t,gt_x,gt_y,gt_z,est_x,est_y,est_z,err_norm,P_xx,P_yy,P_zz,nees_pos,nees_full,nis_dvl,nis_depth,nis_acoustic
0.01,219.97708129882812,-229.97702026367188,-4.976943492889404,219.77627114390987,-228.96496726964935,-3.356808886988211,1.9207842466729228,1.0001000000190625,1.0001000000190625,1.0001000000190625,3.6890432178747576,3.7072218876094998,nan,nan,nan
0.02,219.97544860839844,-229.97518920898438,-4.975301265716553,219.77621176292618,-228.96610593600738,-4.964284531879121,1.028623225880178,1.0004000001826252,1.0004000001826252,0.0008991910516330248,1.1924964884922435,1.3413643664470665,nan,2.5869221981794515,nan
0.03,219.97393798828125,-229.9732666015625,-4.973775386810303,219.7762684599676,-228.96716406547242,-4.964209794366632,1.025381419818709,1.0009000006351882,1.0009000006351882,0.0009995107999378019,1.1419155644697234,1.3432575408247136,nan,nan,nan
0.04,219.9725341796875,-229.9712677001953,-4.97236442565918,219.77644010068025,-228.96814236817417,-4.938054284600216,1.022687882662015,1.0016000015212516,1.0016000015212516,0.0005317765199244777,3.2567295859754624,3.5077827100013392,nan,0.8936448448736423,nan
0.05,219.9712371826172,-229.96920776367188,-4.971066951751709,219.75928780188988,-228.96092627219872,-4.943342003812316,1.030690437898917,1.000136159857599,1.000136159857599,0.00047135043475060633,2.692197808391685,5.048294284751817,0.4310010727111402,nan,nan
0.06,219.97006225585938,-229.96705627441406,-4.969882011413574,219.75619802801575,-228.96012474039537,-4.953105622710766,1.0295292464861272,1.0001960690185168,1.0001960690185168,0.0003207125249314022,1.9370098249543428,4.620594362456568,nan,0.45082242442694415,nan
0.07,219.968994140625,-229.96482849121094,-4.968808650970459,219.7532194745372,-228.95924607171486,-4.954325363928477,1.028574000511599,1.000266870913067,1.000266870913067,0.0003466969814233004,1.662512678815504,4.626968284283297,nan,nan,nan
0.08,219.96803283691406,-229.9625244140625,-4.967845439910889,219.7503508919799,-228.9582910229484,-4.95225045413766,1.0276737500588922,1.0003485656857503,1.0003485656857503,0.00026870186355409443,1.9606078949372956,5.151682333870581,nan,0.10145973856263851,nan
0.09,219.96719360351562,-229.96014404296875,-4.966991424560547,219.74759124818218,-228.9572604111535,-4.953507736929831,1.0267339398612818,1.0004411534810664,1.0004411534810664,0.00030271740266169536,1.6541286029932567,5.173619624650301,nan,nan,nan
0.1,219.96644592285156,-229.9576873779297,-4.966244697570801,219.79972903015403,-228.97196670748997,-4.9663517864612885,0.9997198477127883,1.0002799430390896,1.0002799430390896,0.0002198198410369,0.9992122246742043,12.526295437850663,12.29103357820767,1.682206182522003,nan
0.11,219.9658203125,-229.95516967773438,-4.96560525894165,219.80266307886706,-228.97236848499742,-4.9684313896225,0.9962562192260415,1.0003387291688073,1.0003387291688073,0.00024222993303413308,1.0251552501615409,12.46689758038197,nan,nan,nan
0.12,219.9652862548828,-229.9525604248047,-4.965071678161621,219.80570272026006,-228.97269698021836,-4.951407374834117,0.9928675580079666,1.0004031143902965,1.0004031143902965,0.00020746689984599585,1.885168267303631,13.33418889357048,nan,5.937910424997413,nan
0.13,219.96485900878906,-229.94989013671875,-4.96464204788208,219.8088469604196,-228.97295280874357,-4.952635731236968,0.9893889294241676,1.0004730988480575,1.0004730988480575,0.000232756991578682,1.5976059663534359,13.323917704921126,nan,nan,nan
0.14,219.96453857421875,-229.9471435546875,-4.964316368103027,219.812094788141,-228.9731367938682,-4.954409257469097,0.985914006836562,1.0005486826865908,1.0005486826865908,0.00020331264016074373,1.4541534750678646,13.415415911747882,nan,0.0032666114081637727,nan
0.15,219.9643096923828,-229.9443359375,-4.96409273147583,219.80564466152555,-229.0012948958753,-4.950462342508394,0.9563925897396588,1.000423869832177,1.000423869832177,0.0002033478705987416,1.8277572454612563,21.62323921010901,5.370603048040372,nan,nan
0.16,219.9641876220703,-229.9414520263672,-4.96397066116333,219.80844288007066,-229.00320757142828,-4.959334495012425,0.9510944095728517,1.0004822670248124,1.0004822670248124,0.000180793006185342,1.0230105977081518,21.059694257870643,nan,1.4358189648646877,nan
0.17,219.96417236328125,-229.93849182128906,-4.963948726654053,219.81134153085077,-229.0050507341312,-4.960666489049436,0.9458754144281023,1.00054443243672,1.00054443243672,0.00020170039831695133,0.9475940203745905,21.0915244618314,nan,nan,nan
0.18,219.96424865722656,-229.9354705810547,-4.96402645111084,219.8143396414459,-229.00682504840898,-4.970095373579171,0.9406870202862754,1.0006103662124004,1.0006103662124004,0.00018025314004452552,1.0886493422689956,21.279262262372264,nan,1.4163137594105348,nan
0.19,219.9644317626953,-229.93238830566406,-4.964201927185059,219.8174360294072,-229.00853123675336,-4.972073082997463,0.9355114026429703,1.0006800684963535,1.0006800684963535,0.00020157169349108254,1.181884982405039,21.230404310236942,nan,nan,nan
0.2,219.96470642089844,-229.92922973632812,-4.964474678039551,219.8100386551077,-228.98153875420712,-4.971953622525517,0.960258428746552,1.0005678340570063,1.0005678340570063,0.00016562430288462397,1.259236871835814,17.134736251979128,5.021179385701402,0.16049146543934908,nan
0.21,219.96507263183594,-229.92601013183594,-4.964843273162842,219.81279916213182,-228.98167921117175,-4.974028641243264,0.9565732947793236,1.0006260336518868,1.0006260336518868,0.00018336416277337354,1.3745036743638368,17.139506105392776,nan,nan,nan
0.22,219.9655303955078,-229.9227294921875,-4.965307235717773,219.81565511218415,-228.9817537996693,-4.972857397096217,0.9528666535241492,1.0006870731532063,1.0006870731532063,0.00016562046358189022,1.2514646685154958,16.901270448007402,nan,0.2991691291465592,nan
0.23,219.96609497070312,-229.91937255859375,-4.965865612030029,219.81860558616108,-228.98176334694963,-4.974955289065455,0.9491821608843577,1.0007509527054648,1.0007509527054648,0.00018322045245407794,1.3511325077842429,16.92411934875448,nan,nan,nan
0.24,219.96673583984375,-229.91595458984375,-4.966516971588135,219.82164688564802,-228.98170857734925,-4.968082500695284,0.9454463852450147,1.0008176724531628,1.0008176724531628,0.00016530434522311815,0.9079626025789774,16.42221049564261,nan,2.2095639659846125,nan
0.25,219.96742248535156,-229.9124755859375,-4.967260360717773,219.87467080093944,-228.9468236937086,-4.971618055022924,0.9701058918624197,1.0007118135101392,1.0007118135101392,0.0001701416150091115,1.0520270151352995,25.711142578931373,21.3309573763038,nan,nan
0.26,219.96810913085938,-229.908935546875,-4.968094825744629,219.8797960976678,-228.9452516473354,-4.972478734484555,0.9677319198616907,1.0007698933505491,1.0007698933505491,0.00015459730526529573,1.0600797108457962,25.76959231587891,nan,0.04563777861492835,nan
0.27,219.9687957763672,-229.90533447265625,-4.969000339508057,219.88492636652023,-228.94361766296245,-4.974575465042482,0.9653830234577448,1.0008302519759107,1.0008302519759107,0.00016941993433804899,1.11462164003359,25.773417285951282,nan,nan,nan
0.28,219.969482421875,-229.90167236328125,-4.969931602478027,219.8900522582743,-228.94192228252714,-4.969547709007303,0.9630314199294555,1.000892889530724,1.000892889530724,0.00015375146915452432,0.9275605373612489,25.481017215233983,nan,1.6247514866151342,nan
0.29,219.97015380859375,-229.89794921875,-4.970867156982422,219.89516909749992,-228.94016621350082,-4.97138890311907,0.9607139346657848,1.0009578061594893,1.0009578061594893,0.00016804784254403524,0.9237077007254743,25.520867393390876,nan,nan,nan
0.3,219.9708251953125,-229.8941650390625,-4.971795082092285,219.87774042031702,-228.94448699773054,-4.97208097176453,0.954229133519292,1.0008558006496362,1.0008558006496362,0.00014536977428052428,0.9103368132495552,23.682043675811812,3.5644767483985182,0.017533883928691874,nan
0.31,219.97146606445312,-229.89031982421875,-4.972710132598877,219.8820821482945,-228.94281641926864,-4.973818070830099,0.9517107829519595,1.0009138000273874,1.0009138000273874,0.00015800380722330657,0.9126942379370154,23.837216715001098,nan,nan,nan
0.32,219.97210693359375,-229.88641357421875,-4.973609447479248,219.88641127252487,-228.9410873287896,-4.964808045241188,0.9492433414591734,1.0009737024100318,1.0009737024100318,0.0001440576086840928,1.4378430683382923,24.27360681865983,nan,4.197042557470934,nan
0.33,219.9727325439453,-229.88246154785156,-4.97449254989624,219.89072763971396,-228.93930042115247,-4.966080774764742,0.9467568184043693,1.0010355079420696,1.0010355079420696,0.00015615947696313384,1.3484640322489807,24.238641412251823,nan,nan,nan
0.34,219.9733428955078,-229.87844848632812,-4.975358963012695,219.89503145771354,-228.93745631336662,-4.9740486230840135,0.9442460843736347,1.001099216768001,1.001099216768001,0.00014231320052167967,0.9026848397314426,23.91067323571813,nan,1.6848518444852978,nan
0.35000000000000003,219.97393798828125,-229.87437438964844,-4.976207733154297,219.88893698922251,-228.8767855723146,-4.976877493050551,1.0012038088665312,1.0009997922080285,1.0009997922080285,0.00014806836890546993,1.0044369540613274,19.58198005252449,21.88557266476213,nan,nan
0.36,219.9745330810547,-229.87025451660156,-4.9770402908325195,219.89291922188562,-228.87314780461142,-4.975068412033352,1.0004431545121686,1.0010577337130937,1.0010577337130937,0.00013555602334560014,1.0285091940157451,19.482524286401187,nan,0.4740841575821801,nan
0.37,219.97511291503906,-229.86605834960938,-4.977856159210205,219.8968893889481,-228.86945462623106,-4.9764940326523375,0.9996698239290724,1.0011173090006462,1.0011173090006462,0.00014592245031665502,1.0109374742757296,19.541455964360015,nan,nan,nan
0.38,219.97567749023438,-229.86183166503906,-4.978655815124512,219.90084767432532,-228.8657067876556,-4.973819464786924,0.998943273152082,1.0011785182151862,1.0011785182151862,0.00013359509905498424,1.1717730589357758,19.719070080209775,nan,0.716523862972811,nan
0.39,219.97622680664062,-229.8575439453125,-4.9794392585754395,219.90479444215921,-228.861904874751,-4.975068017624222,0.9982078186787782,1.0012413615012141,1.0012413615012141,0.00014344814323119187,1.128367553082673,19.764843444708397,nan,nan,nan
0.4,219.9767608642578,-229.8531951904297,-4.980207443237305,219.89928081669655,-228.8493812158958,-4.98311525342141,1.0068039077197228,1.0011437865398718,1.0011437865398718,0.00012792940450190527,1.078581536712956,19.657842869129425,1.1572569644312023,1.6950252407876396,nan
0.41000000000000003,219.977294921875,-229.8488006591797,-4.980959892272949,219.90296902356567,-228.84525545601602,-4.9845800485672935,1.0063003624583922,1.0012016843516187,1.0012016843516187,0.00013689469498271757,1.1071463168695597,19.568036691284934,nan,nan,nan
0.42,219.97781372070312,-229.84434509277344,-4.9816975593566895,219.90664646576442,-228.8410772881563,-4.9835238012954735,1.0057904359837697,1.0012610136076117,1.0012610136076117,0.00012585916837681575,1.0368361564024704,19.51711975658562,nan,0.3071264083116275,nan
0.43,219.97833251953125,-229.83984375,-4.982419967651367,219.9103134409152,-228.83684720716033,-4.984877731224821,1.0053032878718176,1.0013217744523508,1.0013217744523508,0.00013437434051055236,1.0542481364053224,19.43255495800053,nan,nan,nan
0.44,219.97882080078125,-229.83529663085938,-4.983128547668457,219.91397006343502,-228.83256596777193,-4.987553913200967,1.0048353022710932,1.0013839670303364,1.0013839670303364,0.00012362220206642706,1.1666959898152158,19.699904366297595,nan,0.09064909235215811,nan
0.45,219.97930908203125,-229.83070373535156,-4.983822822570801,219.8838435821494,-228.83407108414954,-4.9886768511194655,1.0012062048862904,1.0012877827263515,1.0012877827263515,0.0001288269387664247,1.1839944737492387,14.918580669238926,7.37179529620174,nan,nan
0.46,219.97979736328125,-229.8260498046875,-4.984503269195557,219.88672852872415,-228.8298193941125,-4.988691119216839,1.0005770220268249,1.0013456463278285,1.0013456463278285,0.0001189081517056733,1.1472842022406873,14.79463800083885,nan,0.09793949965247317,nan
0.47000000000000003,219.98025512695312,-229.82135009765625,-4.985169887542725,219.88960383835732,-228.82551814468192,-4.989983689906132,0.9999610529325321,1.0014047837665132,1.0014047837665132,0.00012633440687705345,1.1819197167574802,14.964308499432533,nan,nan,nan
0.48,219.98072814941406,-229.8166046142578,-4.985823154449463,219.892469538219,-228.82116778544673,-4.9841254545083755,0.9993432567384604,1.0014651951869058,1.0014651951869058,0.00011670448431741121,1.0219193746028503,14.59106675976578,nan,2.930755202952549,nan
0.49,219.98117065429688,-229.81179809570312,-4.98646354675293,219.89532575266975,-228.81676914960534,-4.985182860837652,0.9987259838735864,1.0015268807335065,1.0015268807335065,0.00012375181162976257,1.0091848775964498,14.770887194939377,nan,nan,nan
0.5,219.9816131591797,-229.8069610595703,-4.987091064453125,219.92206924727196,-228.8187002399754,-4.985704767324481,0.9900539615654215,1.0014317802140504,1.0014317802140504,0.00011261512936082361,0.9958688713192785,19.990909882647365,4.879518428041809,0.06537491732127845,nan
0.51,219.9820556640625,-229.80206298828125,-4.987706184387207,219.92538654515806,-228.81433446799917,-4.986705342486706,0.9893533345072093,1.001489616259765,1.001489616259765,0.00011914323673518338,0.9857705199735385,19.938688164663333,nan,nan,nan
0.52,219.9824676513672,-229.79713439941406,-4.988308906555176,219.92869529109268,-228.8099221296096,-4.989553593023729,0.9886764291851996,1.001548599924324,1.001548599924324,0.00011047991921922999,0.9899910078645595,20.151137773737993,nan,0.22354303955294522,nan
0.53,219.98289489746094,-229.79214477539062,-4.988899230957031,219.93199547846118,-228.8054636773266,-4.99058286778997,0.9879945216266784,1.0016087313522277,1.0016087313522277,0.00011668240912895697,0.9988561069292042,19.956529573322847,nan,nan,nan
0.54,219.98329162597656,-229.78712463378906,-4.98947811126709,219.93528714426685,-228.80095955192658,-4.988589926438418,0.9873331696146654,1.0016700106879763,1.0016700106879763,0.000108311857888154,0.9804840851790375,20.11909702751899,nan,0.6119349378698639,nan
0.55,219.9836883544922,-229.78204345703125,-4.990045547485352,219.927215595147,-228.82455525404652,-4.989404030013313,0.9591523564834015,1.001575778649722,1.001575778649722,0.00011266899507343557,0.922178126455871,20.860089258556258,5.887780830543281,nan,nan
0.56,219.9840850830078,-229.7769317626953,-4.990601539611816,219.93028389582753,-228.82047455115122,-4.988961267477776,0.9579705923197119,1.0016335919888517,1.0016335919888517,0.00010484427823642546,0.9418700526403969,20.7553839841851,nan,0.13289509701361588,nan
0.5700000000000001,219.98446655273438,-229.7717742919922,-4.991146564483643,219.93334423822031,-228.81634986333614,-4.98982882216774,0.9567920705977946,1.0016924496011623,1.0016924496011623,0.0001103430824490797,0.9296393758129399,20.846883853184334,nan,nan,nan
0.58,219.98484802246094,-229.76657104492188,-4.991680145263672,219.936396904195,-228.8121816700968,-4.989097842051022,0.9556219220644165,1.0017523516311537,1.0017523516311537,0.00010279042950036771,0.976481802520453,20.855099411590192,nan,0.19040101142731292,nan
0.59,219.98521423339844,-229.76132202148438,-4.992203712463379,219.93944197639485,-228.80797039769584,-4.9899057952059565,0.9544525648324077,1.0018132982233263,1.0018132982233263,0.0001080226611934212,0.9582080951217613,20.932572250616325,nan,nan,nan
0.6,219.98558044433594,-229.7560272216797,-4.992716312408447,219.91010317288658,-228.78834329003863,-4.993666937777027,0.9706234665153812,1.0017197777972857,1.0017197777972857,9.971819191857399e-05,0.9495539980936943,16.119957137599826,8.755701136888252,0.37591423638646915,nan
0.61,219.98593139648438,-229.75070190429688,-4.993218898773193,219.9125924604321,-228.78379073805692,-4.994535010530571,0.969689401350217,1.001777572072588,1.001777572072588,0.00010462502815119482,0.9551831167797322,16.15037735770207,nan,nan,nan
0.62,219.9862823486328,-229.74533081054688,-4.993711471557617,219.91507468092908,-228.77919679579927,-4.995393768705105,0.9687560562473052,1.0018363244572275,1.0018363244572275,0.00010970050330036742,0.9625639005201378,16.110968469493,nan,nan,nan
0.63,219.9866180419922,-229.7399139404297,-4.994194030761719,219.91754985899945,-228.774561748003,-4.996243520718902,0.9678220237905301,1.001896035095704,1.001896035095704,0.00011494476186629178,0.971445510141329,16.210185711999145,nan,nan,nan
0.64,219.98695373535156,-229.73446655273438,-4.994667053222656,219.9200181051405,-228.76988617865956,-4.998062605341965,0.9669059966802629,1.001956704132518,1.001956704132518,0.00010616093468915001,1.0416764974064738,16.1738883489721,nan,0.06741744652462259,nan
0.65,219.98727416992188,-229.72897338867188,-4.995131015777588,219.93671226615294,-228.74148004820367,-4.99838486986819,0.9887922891832425,1.0018637774929615,1.0018637774929615,0.00011001505979109819,1.072118207380698,18.30726618379967,5.206103038314859,nan,nan
0.66,219.9875946044922,-229.7234344482422,-4.995584964752197,219.93938706256603,-228.7363593891692,-4.998984301993892,0.9882574031274429,1.00192155551035,1.00192155551035,0.00010199295325812881,1.0880650493438362,18.28272218656748,nan,0.004064532620966834,nan
0.67,219.98789978027344,-229.71786499023438,-4.996030330657959,219.94205554896544,-228.73119957410458,-4.999800772935025,0.9877370870660719,1.0019802187074855,1.0019802187074855,0.00010657584714213971,1.1070730092658256,18.362349630617373,nan,nan,nan
0.68,219.98822021484375,-229.71224975585938,-4.996466636657715,219.94471792027403,-228.72600093510607,-4.999163498629347,0.987211456140277,1.0020397672288688,1.0020397672288688,9.904964383071562e-05,1.0460237950150268,18.07467614287904,nan,0.170631674691663,nan
0.6900000000000001,219.98851013183594,-229.70660400390625,-4.996894359588623,219.94737421982657,-228.72076398052826,-4.999932883120396,0.9867025628709034,1.0021002012189995,1.0021002012189995,0.00010337931622836922,1.0608405461572503,18.32626634646242,nan,nan,nan
0.7000000000000001,219.9888153076172,-229.700927734375,-4.997313499450684,219.938249157789,-228.69256077933,-4.995209922906394,1.0096362100130232,1.0020077776195548,1.0020077776195548,9.559842903053735e-05,1.0636060326810857,16.770298079626908,4.391867559203821,2.4129066676151543,nan
0.71,219.98910522460938,-229.69520568847656,-4.9977240562438965,219.9407245793728,-228.6869198633869,-4.995847674728926,1.0094476275259934,1.0020655415862234,1.0020655415862234,9.965502526238036e-05,1.052210538096187,16.8906697239779,nan,nan,nan
0.72,219.9893798828125,-229.68943786621094,-4.998126983642578,219.94319405211357,-228.6812419604878,-4.9982904556306496,1.0092532595921337,1.0021241282129905,1.0021241282129905,9.30899587038389e-05,1.01672014847369,16.9612461047573,nan,0.30580596528318393,nan
0.73,219.98965454101562,-229.6836395263672,-4.998521327972412,219.94565772010924,-228.6755276423232,-4.998950878306251,1.0090715908765193,1.0021835376443564,1.0021835376443564,9.693987578131849e-05,1.017910182608702,16.924890141602106,nan,nan,nan
0.74,219.98992919921875,-229.6778106689453,-4.998908042907715,219.9481157323975,-228.66977742482197,-4.999146222307924,1.0089001159653332,1.0022437700248215,1.0022437700248215,9.072746011882164e-05,1.0162258860032223,16.860934508604576,nan,0.0206375213137193,nan
0.75,219.99020385742188,-229.6719512939453,-4.999286651611328,219.96533361781115,-228.6282271630158,-4.99864323854409,1.0440205957179434,1.0021517780909859,1.0021517780909859,9.379482601453686e-05,1.0920519144718732,20.14893795822988,11.977941548605418,nan,nan
0.76,219.99046325683594,-229.66604614257812,-4.999658107757568,219.96797858006764,-228.6219270073292,-5.0017500426298644,1.0443633014779228,1.002209529774464,1.002209529774464,8.798867723877939e-05,1.1380215779354943,20.286065360964365,nan,0.6593911248781819,nan
0.77,219.99070739746094,-229.6601104736328,-5.000021934509277,219.97061824415593,-228.61559201804295,-5.002391371152947,1.0447143113685962,1.0022680499342875,1.0022680499342875,9.144451897037206e-05,1.1503475111518382,20.427019673637382,nan,nan,nan
0.78,219.990966796875,-229.65414428710938,-5.000378608703613,219.97325277664936,-228.6092225690779,-5.008511501436597,1.0451035007455527,1.0023273387149567,1.0023273387149567,8.59247101418036e-05,1.859428776711562,20.883886414500072,nan,3.3175519760263836,nan
0.79,219.9912109375,-229.64813232421875,-5.000728130340576,219.97588235121725,-228.60281902552737,-5.009244010190495,1.0454603666271172,1.0023873962609717,1.0023873962609717,8.922130857315285e-05,1.9031245167888393,20.99442078039553,nan,nan,nan
0.8,219.991455078125,-229.64210510253906,-5.001070499420166,219.9463324954244,-228.60337593465172,-5.009654096384178,1.0397442040359437,1.0022957788426037,1.0022957788426037,8.354937804266809e-05,1.9603697023211941,16.93035552404103,7.196380030081961,0.0013962402801391278,nan
0.81,219.99168395996094,-229.6360321044922,-5.001406192779541,219.94854833739885,-228.59699333116095,-5.01036741789987,1.0399723832752334,1.0023535196802833,1.0023535196802833,8.667600480910913e-05,2.0054026501433975,17.03178170695997,nan,nan,nan
0.8200000000000001,219.99191284179688,-229.6299285888672,-5.001735210418701,219.95075940845513,-228.59057791979103,-5.010341152655275,1.0402006924755665,1.0024119815890553,1.0024119815890553,8.172215517634443e-05,1.9856088978356128,16.924477132172825,nan,0.06598465009769035,nan
0.8300000000000001,219.9921417236328,-229.62379455566406,-5.0020575523376465,219.95296578326145,-228.58413013912931,-5.011029880633088,1.040440943056145,1.0024711647134195,1.0024711647134195,8.47136726255508e-05,2.0300599730283313,16.892956420623165,nan,nan,nan
0.84,219.99237060546875,-229.61761474609375,-5.002373695373535,219.95516753182494,-228.5776503860742,-5.011436714269846,1.0406690526343811,1.0025310691978764,1.0025310691978764,7.998045898195236e-05,2.1071556855606772,16.854156661119344,nan,0.009798300720492084,nan
0.85,219.99258422851562,-229.61141967773438,-5.002683162689209,219.92339128862548,-228.57755338968337,-5.012494221925752,1.0362255649144834,1.0024397798249027,1.0024397798249027,8.248289107566513e-05,2.238046141491485,13.59326634163521,8.275517740810354,nan,nan
0.86,219.9927978515625,-229.60519409179688,-5.002986431121826,219.92518223858238,-228.5710870071085,-5.014021636457803,1.036374020071021,1.0024975110014611,1.0024975110014611,7.800030909003082e-05,2.632495280314574,13.90869157326707,nan,0.09764558466784408,nan
0.87,219.99301147460938,-229.59893798828125,-5.003283977508545,219.92696889537876,-228.5645898049477,-5.014708477599897,1.036517392926516,1.00255592143017,1.00255592143017,8.073222958453155e-05,2.688191770932521,13.863825881627207,nan,nan,nan
0.88,219.9932098388672,-229.59263610839844,-5.003575325012207,219.92875134197683,-228.558062117668,-5.013593371308945,1.0366284779847106,1.0026150112555297,1.0026150112555297,7.643683963746494e-05,2.384691572392595,13.613341514344881,nan,0.45518583051645034,nan
0.89,219.993408203125,-229.58631896972656,-5.003860950469971,219.93052981763972,-228.55150426994925,-5.0142399945992135,1.0367752306037623,1.0026747806220402,1.0026747806220402,7.906025324701412e-05,2.4344907441443047,13.60201269219523,nan,nan,nan
0.9,219.9936065673828,-229.57997131347656,-5.004140853881836,219.91684402202765,-228.53818887266857,-5.0125161993398315,1.044640267631304,1.0025837809993299,1.0025837809993299,7.467193071123378e-05,2.0277856193820525,12.024996294438548,2.0610957135108974,0.66737212617019,nan
0.91,219.99380493164062,-229.57359313964844,-5.004415512084961,219.91844156779527,-228.53149642618817,-5.013112450428349,1.044854455678554,1.0026415035027145,1.0026415035027145,7.718066358762441e-05,2.0687651437753205,11.982026612920059,nan,nan,nan
0.92,219.99398803710938,-229.5671844482422,-5.004683971405029,219.92003533991908,-228.5247747185881,-5.01337522538429,1.045065827493631,1.0026998680975152,1.0026998680975152,7.325747120834531e-05,2.1202753944109936,12.133395947404921,nan,0.016671911226428752,nan
0.93,219.99417114257812,-229.5607452392578,-5.004947662353516,219.92162529200692,-228.51802425480466,-5.0139573036215594,1.0452804051974924,1.0027588749282326,1.0027588749282326,7.567197134612886e-05,2.162228215745124,12.08342893980416,nan,nan,nan
0.9400000000000001,219.99435424804688,-229.5542755126953,-5.0052056312561035,219.92321139630315,-228.5112453837649,-5.013961199669061,1.0454902272087743,1.0028185241393663,1.0028185241393663,7.189998541466677e-05,2.1561042156144596,12.03045702531584,nan,0.052773915290869444,nan
0.9500000000000001,219.99453735351562,-229.54779052734375,-5.005458831787109,219.94842558195177,-228.54934003695706,-5.014454659092126,0.9995552021469731,1.0027277823354113,1.0027277823354113,7.398678575240962e-05,2.090087121531898,14.565232326539727,17.067768639127152,nan,nan
0.96,219.9947052001953,-229.541259765625,-5.005706787109375,219.95025523026155,-228.54298151710088,-5.0160585360226655,0.9993209794700865,1.0027854969981358,1.0027854969981358,7.038378387435394e-05,2.5182529692397218,15.125630268967566,nan,0.1827835837789415,nan
0.97,219.994873046875,-229.5347137451172,-5.005949974060059,219.95208127649983,-228.53659571649683,-5.01663014528466,0.9990919881203183,1.0028438205164443,1.0028438205164443,7.261655388807166e-05,2.5660400988431196,15.069398685351793,nan,nan,nan
0.98,219.9950408935547,-229.52813720703125,-5.00618839263916,219.953903937613,-228.53018284896763,-5.01668205272454,0.9988569801649851,1.0029027530348373,1.0029027530348373,6.914536113897352e-05,2.5872598785187804,15.028710982744489,nan,0.046254639815344445,nan
0.99,219.99520874023438,-229.52154541015625,-5.0064215660095215,219.95572328628933,-228.52374330598016,-5.0172383772122755,0.9986416492296282,1.0029622946978147,1.0029622946978147,7.130045231954092e-05,2.6352140154861914,15.015632634086142,nan,nan,nan
1.0,219.99537658691406,-229.51490783691406,-5.006650447845459,219.9443334800765,-228.54302984838372,-5.018806980596501,0.973293380555901,1.0028717838087382,1.0028717838087382,6.777044865553301e-05,3.125055462611785,15.061305942506884,5.621385507605604,0.1469754245409319,nan
1.01,219.9955291748047,-229.5082550048828,-5.0068745613098145,219.94601273561238,-228.5367973514359,-5.019372016213524,0.9727990730721062,1.002929491338885,1.002929491338885,6.984405531942611e-05,3.1796339010897747,15.163380263330813,nan,nan,nan
1.02,219.9956817626953,-229.5015869140625,-5.007094383239746,219.94768856366622,-228.53053896214544,-5.016968905325374,0.9722833837219362,1.0029877778266192,1.0029877778266192,6.66351410311498e-05,2.405706486364889,14.268567988082717,nan,1.64950886649606,nan
1.03,219.99583435058594,-229.494873046875,-5.007309913635254,219.94936124446593,-228.52425510974925,-5.017482696975991,0.97178311108168,1.0030466434164407,1.0030466434164407,6.864025536453738e-05,2.4490414284868764,14.29114208242326,nan,nan,nan
1.04,219.99598693847656,-229.48814392089844,-5.00752067565918,219.95103102094998,-228.51794614153678,-5.018979364612105,0.9713063714150458,1.0031060882528502,1.0031060882528502,6.554106253604132e-05,2.943731788886611,14.695890883184372,nan,0.18905124094350378,nan
1.05,219.99612426757812,-229.4813995361328,-5.00772762298584,219.923401234958,-228.52543717140088,-5.019389262448791,0.9587954297410364,1.0030157853995267,1.0030157853995267,6.731510574892336e-05,2.936646366986648,12.776797409492033,7.055296799318778,nan,nan
1.06,219.99627685546875,-229.474609375,-5.007930278778076,219.9247838231883,-228.51921174416603,-5.019575253379091,0.9581395994849999,1.0030734864043878,1.0030734864043878,6.43367218493639e-05,3.022828851381217,12.762928938179414,nan,0.021932863018261493,nan
1.07,219.9964141845703,-229.4678192138672,-5.008129119873047,219.92616360409014,-228.51296209649288,-5.020083017633464,0.9575124825973975,1.003131739331123,1.003131739331123,6.620943576885572e-05,3.0720626621675837,12.76501469931667,nan,nan,nan
1.08,219.99655151367188,-229.4609832763672,-5.008323669433594,219.9275405102093,-228.5066883755088,-5.024478224078843,0.9569233229674373,1.0031905443242328,1.0031905443242328,6.332842670300977e-05,5.033422264580936,14.767728503273293,nan,3.1576340858093026,nan
1.09,219.99667358398438,-229.45413208007812,-5.008514404296875,219.9289145754962,-228.5003910005205,-5.025035197210366,0.9562877530667978,1.0032499015282175,1.0032499015282175,6.514368317467635e-05,5.10101492867312,14.845239459872024,nan,nan,nan
1.1,219.99681091308594,-229.447265625,-5.008701324462891,219.93270645136386,-228.52316969348323,-5.025946588812805,0.926477237605453,1.0031597870915698,1.0031597870915698,6.222378907162425e-05,5.634868638062096,17.09965607754149,5.7058947486957585,0.019301118380654094,nan
1.11,219.9969482421875,-229.44036865234375,-5.008884906768799,219.93409741384642,-228.51709305104202,-5.026503526919978,0.9255800766861039,1.003217482095928,1.003217482095928,6.397906874470279e-05,5.705474783147885,17.112634302859796,nan,nan,nan
1.12,219.9970703125,-229.43344116210938,-5.009064197540283,219.93548550046188,-228.51099347599092,-5.022559629086792,0.9245996697877941,1.003275704459417,1.003275704459417,6.129162795462411e-05,3.8233889723603154,15.362815358793384,nan,4.517317007506825,nan
1.1300000000000001,219.9971923828125,-229.426513671875,-5.00924015045166,219.93687093064324,-228.50487142415787,-5.023049357850204,0.9237173834988002,1.0033344543265368,1.0033344543265368,6.29957169075252e-05,3.877326068750001,15.1933954396608,nan,nan,nan
1.1400000000000001,219.997314453125,-229.41954040527344,-5.00941276550293,219.9382539955126,-228.4987272588586,-5.018263459900785,0.9227477028175759,1.0033937318417878,1.0033937318417878,6.0391007877448895e-05,2.145632131006609,13.538247855522174,nan,6.401192292418709,nan
1.1500000000000001,219.9974365234375,-229.4125518798828,-5.009582042694092,219.93949550280857,-228.50911145273813,-5.018584330458496,0.9053412662945894,1.003303788871462,1.003303788871462,6.192549721830543e-05,2.1255515069705577,14.816689926710636,1.8995120524413034,nan,nan
1.16,219.99754333496094,-229.40554809570312,-5.009747505187988,219.94087255766382,-228.50306891520233,-5.017264340630236,0.9042879801544991,1.003361478331909,1.003361478331909,5.9410758780672885e-05,1.765994426242242,14.520886654522641,nan,0.7116030182986262,nan
1.17,219.99766540527344,-229.39852905273438,-5.0099101066589355,219.94224727141477,-228.49700473316963,-5.0176474015248305,0.903259173249235,1.0034196727399347,1.0034196727399347,6.1015695838079815e-05,1.7941899287521825,14.282821587621699,nan,nan,nan
1.18,219.99777221679688,-229.3914794921875,-5.010068893432617,219.943619789277,-228.49091934334686,-5.0161017207221095,0.9022069951464997,1.0034783722400396,1.0034783722400396,5.857530394435267e-05,1.4324567161020731,14.137604705312544,nan,0.9102195295926525,nan
1.19,219.9978790283203,-229.3843994140625,-5.010225296020508,219.94499023811855,-228.48481302401095,-5.016455012069134,0.9011613100089447,1.0035375769767236,1.0035375769767236,6.013677320914658e-05,1.4545419115489147,14.16066945683652,nan,nan,nan
1.2,219.99798583984375,-229.3773193359375,-5.010377883911133,219.94866295938675,-228.46975629863059,-5.017847316071868,0.9089330039332554,1.0034477907280157,1.0034477907280157,5.766923816886547e-05,1.7907203839125116,14.385825765761435,0.5841778278751516,0.2967522187926902,nan
1.21,219.9980926513672,-229.3701934814453,-5.010527610778809,219.95004845813045,-228.46353345087803,-5.018209836673514,0.9079645764713117,1.0035054750442935,1.0035054750442935,5.9185446589804074e-05,1.8186081150782432,14.551144028342978,nan,nan,nan
1.22,219.99819946289062,-229.36306762695312,-5.010674476623535,219.95143191842809,-228.4572904320591,-5.0199981776366815,0.907031676076273,1.0035636437795126,1.0035636437795126,5.689264771966046e-05,2.3476884835170546,14.87911021173145,nan,0.531067029622165,nan
1.23,219.998291015625,-229.3559112548828,-5.0108184814453125,219.95281334746275,-228.45102751130142,-5.020375052306507,0.9060762306483809,1.003622297078173,1.003622297078173,5.836984902712493e-05,2.3825642735074704,15.1051535951687,nan,nan,nan
1.24,219.99839782714844,-229.3487548828125,-5.010959148406982,219.95419277349416,-228.4447447983878,-5.020750042521605,0.9051431826610037,1.0036814350847751,1.0036814350847751,5.987616314922723e-05,2.417181427492161,14.800002325940799,nan,nan,nan
1.25,219.9984893798828,-229.341552734375,-5.011097431182861,219.9124675429055,-228.4209735438445,-5.020959232379391,0.9246421240661654,1.0035917926518205,1.0035917926518205,6.130769087565588e-05,2.438150866118466,11.129074365640843,14.749237709762633,nan,nan
1.26,219.9985809326172,-229.3343505859375,-5.011232852935791,219.9134937732834,-228.41451062636716,-5.020954360496357,0.9238181009349775,1.0036494721759006,1.0036494721759006,5.876378919179383e-05,2.4585068241891217,10.994282266548908,nan,0.033919582833044595,nan
1.27,219.99868774414062,-229.32711791992188,-5.01136589050293,219.91451804314678,-228.40802853459564,-5.021316287594386,0.9229890829186547,1.0037076172477457,1.0037076172477457,6.025072256375502e-05,2.4919697891325523,10.921183995384473,nan,nan,nan
1.28,219.998779296875,-229.3198699951172,-5.011495590209961,219.91554016350017,-228.40152756267813,-5.0183835728482835,0.922132865073093,1.003766228011856,1.003766228011856,5.779928314042936e-05,1.6679371418963593,10.191274182775555,nan,2.7337797527657446,nan
1.29,219.9988555908203,-229.31260681152344,-5.011623382568359,219.91656037883993,-228.3950078169694,-5.018701581127838,0.9213091324937052,1.0038253046127317,1.0038253046127317,5.924418110947984e-05,1.6911937975821956,10.253371673873335,nan,nan,nan
1.3,219.9989471435547,-229.30532836914062,-5.011748313903809,219.92096650270744,-228.3883247708896,-5.020384069234473,0.9203538209962577,1.003735794634901,1.003735794634901,5.679532407118571e-05,2.156894823350148,10.925809485647804,1.4203603364790838,0.7773242369246135,nan
1.31,219.99903869628906,-229.2980194091797,-5.011870384216309,219.92200968650778,-228.3817673109801,-5.020713341466795,0.9195268205419289,1.0037934696783202,1.0037934696783202,5.819746123316549e-05,2.185921322439868,11.009419257142284,nan,nan,nan
1.32,219.99911499023438,-229.29071044921875,-5.011990547180176,219.9230511960431,-228.37519198137312,-5.022670724746303,0.9187349084181056,1.0038515928649445,1.0038515928649445,5.5921228906549195e-05,2.880487137572409,11.662791649677004,nan,0.7168112608703207,nan
1.33,219.99920654296875,-229.2833709716797,-5.012108325958252,219.92409096388337,-228.368598971554,-5.023017002831296,0.9179156615214653,1.0039101643392743,1.0039101643392743,5.728633408915406e-05,2.9164397105034237,11.624205795570276,nan,nan,nan
1.34,219.99928283691406,-229.27601623535156,-5.012223243713379,219.92512896364647,-228.36198842619964,-5.02358922270245,0.9171013129976539,1.0039691842458098,1.0039691842458098,5.508571149611379e-05,3.182793145690678,11.990436554748236,nan,0.014359717728992553,nan
1.35,219.99935913085938,-229.26864624023438,-5.012336254119873,219.89195742854136,-228.3500280128731,-5.02399915541566,0.9249489697101103,1.0038797966704522,1.0038797966704522,5.633782919601694e-05,3.2665101525816596,10.023053141390541,8.103535108918349,nan,nan
1.36,219.9994354248047,-229.26126098632812,-5.012446880340576,219.89273485085272,-228.34334336325816,-5.022804130578187,0.9241563979417035,1.0039374675102937,1.0039374675102937,5.4214862657695894e-05,2.829265808126026,9.538518941909668,nan,0.6838434973902805,nan
1.37,219.99951171875,-229.2538604736328,-5.0125555992126465,219.89351048225274,-228.33664191776063,-5.023131118969399,0.923383984587845,1.0039955703927643,1.0039955703927643,5.550941318437685e-05,2.863955931913791,9.503932150051558,nan,nan,nan
1.3800000000000001,219.9995880126953,-229.24642944335938,-5.012661933898926,219.8942845514094,-228.3299238064319,-5.019041389683922,0.9225573689124852,1.0040541054623642,1.0040541054623642,5.345301971174426e-05,1.6090036994912467,8.329421800946413,nan,5.77671604858824,nan
1.3900000000000001,219.99966430664062,-229.23899841308594,-5.012765884399414,219.8950571348425,-228.32318918923144,-5.019314454569509,0.9217874368095123,1.0041130728635934,1.0041130728635934,5.471662316880064e-05,1.6299118568829298,8.221345530186433,nan,nan,nan
1.4000000000000001,219.99974060058594,-229.23153686523438,-5.0128679275512695,219.88632358875662,-228.3000432794087,-5.02116817878364,0.9384096190775059,1.0040237987526313,1.0040237987526313,5.265825037017682e-05,2.1853410243632836,7.816528929908846,2.432455516321719,0.7311522132040955,nan
1.41,219.9998016357422,-229.2240753173828,-5.012968063354492,219.88702427467595,-228.29315747339348,-5.021457366747768,0.9377626745072113,1.00408146563644,1.00408146563644,5.389016164090345e-05,2.2130702064066794,7.811677928002653,nan,nan,nan
1.42,219.9998779296875,-229.21658325195312,-5.013066291809082,219.88772350887274,-228.28625604057524,-5.020450521277713,0.9370922372868605,1.004139549626837,1.004139549626837,5.196122609854815e-05,1.9238430720988686,7.48250794614407,nan,0.5267200619649227,nan
1.43,219.99993896484375,-229.20909118652344,-5.013162612915039,219.88842125945737,-228.27933907204996,-5.0207228571063895,0.936446661735077,1.0041980508683226,1.0041980508683226,5.316561563539985e-05,1.948289456357945,7.489328339561388,nan,nan,nan
1.44,220.0,-229.20156860351562,-5.013256549835205,219.88911747358588,-228.27240672816015,-5.019918674513217,0.9357783440448424,1.004256969505397,1.004256969505397,5.129247658587825e-05,1.7372352072942356,7.365176219700469,nan,0.3732842458598872,nan
1.45,220.0000762939453,-229.1940460205078,-5.0133490562438965,219.88990544728244,-228.25657844616882,-5.020314514393251,0.9439446943537975,1.0041678008763908,1.0041678008763908,5.24095485759807e-05,1.8130248832561757,7.049109686400761,0.8392199389936734,nan,nan
1.46,220.00013732910156,-229.18649291992188,-5.013439655303955,219.8905996524006,-228.24955390781125,-5.020574761659617,0.9433472980692695,1.0042254640262422,1.0042254640262422,5.3607485029421226e-05,1.8357850074187219,7.237134660243223,nan,nan,nan
1.47,220.0001983642578,-229.17893981933594,-5.013528347015381,219.8912924773447,-228.2425143631901,-5.020834198642323,0.9427653486367883,1.004283530390924,1.004283530390924,5.482739342890962e-05,1.858480611970152,7.155011195972457,nan,nan,nan
1.48,220.00025939941406,-229.17135620117188,-5.013615131378174,219.89198414376042,-228.23546011310623,-5.0194613459539585,0.9421566732069075,1.0043420001149361,1.0043420001149361,5.2781184590390446e-05,1.5313332320869981,6.898114879668615,nan,0.8094024879752652,nan
1.49,220.0003204345703,-229.1637725830078,-5.013700008392334,219.89267465320864,-228.22839142373604,-5.019700965753226,0.9415739688706419,1.004400873342779,1.004400873342779,5.397156862692322e-05,1.5498718676157854,6.8330894757135905,nan,nan,nan
1.5,220.00038146972656,-229.1561737060547,-5.0137834548950195,219.9360949694303,-228.2367132636385,-5.018881780679712,0.9217191829479895,1.004311803037348,1.004311803037348,5.1937922393934285e-05,1.346354344272086,9.644365752833263,13.908691671081563,0.348377362627386,nan
1.51,220.00042724609375,-229.14854431152344,-5.0138654708862305,219.93707327789008,-228.22972040841162,-5.019107966378978,0.9210203982408707,1.004369462653241,1.004369462653241,5.309847260567851e-05,1.3621606168718605,9.880035697577178,nan,nan,nan
1.52,220.00048828125,-229.1409149169922,-5.013945579528809,219.93805046585555,-228.22271348025092,-5.017785922376256,0.9203298905599829,1.0044275125322382,1.0044275125322382,5.119258907115129e-05,1.13135194959816,9.410874604566493,nan,0.7757433486386315,nan
1.53,220.00054931640625,-229.13327026367188,-5.014024257659912,219.93902635401267,-228.21569267773825,-5.0179938739166525,0.9196463771269331,1.00448595281884,1.00448595281884,5.232720426355374e-05,1.1430974670207779,9.398546434180538,nan,nan,nan
1.54,220.00059509277344,-229.1256103515625,-5.014101028442383,219.9400010524758,-228.2086582974529,-5.017136231664969,0.9189569738099879,1.004544783657546,1.004544783657546,5.04824984517823e-05,1.0231402921031356,9.450735163531437,nan,0.3781374645637981,nan
1.55,220.0006561279297,-229.11793518066406,-5.014176845550537,219.92174279270094,-228.21914401044904,-5.017197345684323,0.9022538476251947,1.0044558052316765,1.0044558052316765,5.153834002124939e-05,0.9874637317181472,9.148589990109896,4.9025913597579995,nan,nan
1.56,220.00070190429688,-229.11026000976562,-5.014250755310059,219.9225888664745,-228.21219807829476,-5.018145822524328,0.9014610645965909,1.0045134614943791,1.0045134614943791,4.975515320740223e-05,1.1138898103048134,9.30737950643574,nan,0.19612821028267852,nan
1.57,220.00074768066406,-229.10255432128906,-5.0143232345581055,219.92343395172648,-228.20523893492148,-5.018346301873818,0.9006489329171833,1.0045714959176673,1.0045714959176673,5.084056923062354e-05,1.1258105269547698,9.441307367608498,nan,nan,nan
1.58,220.0008087158203,-229.0948486328125,-5.014394283294678,219.92427819548416,-228.19826685382284,-5.0179375587439905,0.8998490772124447,1.004629908646041,1.004629908646041,4.911115963619129e-05,1.0616246637792952,9.122274185965065,nan,0.13066351204737026,nan
1.59,220.0008544921875,-229.08712768554688,-5.014463901519775,219.9251214018681,-228.19128207070472,-5.018130244658962,0.8990485574613125,1.0046886998240012,1.0046886998240012,5.017503898011772e-05,1.0724063634259653,9.263638343803406,nan,nan,nan
1.6,220.0009002685547,-229.0793914794922,-5.014532089233398,219.89828477550464,-228.1765309528204,-5.0185335719328785,0.9086820576525967,1.0045998074560205,1.0045998074560205,4.844992283832868e-05,1.152389209763122,7.819389017156635,5.733610521810258,0.005407662188147591,nan
1.61,220.00094604492188,-229.07164001464844,-5.014598846435547,219.8989494250642,-228.1694715074072,-5.018728244366073,0.9079253151264997,1.0046574605294718,1.0046574605294718,4.949179245360028e-05,1.16503043356035,7.849554718395408,nan,nan,nan
1.62,220.00099182128906,-229.06387329101562,-5.014664173126221,219.89961309597803,-228.16239963427208,-5.02001175601978,0.9071719772959689,1.0047154804307055,1.0047154804307055,4.786416214295672e-05,1.4165242511037712,8.11260686569768,nan,0.44124463443676065,nan
1.6300000000000001,220.00103759765625,-229.0561065673828,-5.014728546142578,219.90027595020152,-228.15531565526447,-5.020217167242405,0.9064255633610285,1.0047738673042212,1.0047738673042212,4.8886971757983684e-05,1.4338902714019526,8.00019587538086,nan,nan,nan
1.6400000000000001,220.00108337402344,-229.04832458496094,-5.014791488647461,219.90093794651784,-228.14821975079647,-5.020352838415405,0.905675851366128,1.0048326212945198,1.0048326212945198,4.730422689788951e-05,1.4700964968840662,8.05021603117072,nan,0.0018318027986242648,nan
1.6500000000000001,220.00112915039062,-229.04052734375,-5.014853477478027,219.8831499928731,-228.16295245249495,-5.020684271193996,0.8854890002282475,1.0047438097074235,1.0047438097074235,4.826449605303041e-05,1.4847682662968742,8.71233672809552,5.890013581394311,nan,nan
1.6600000000000001,220.00115966796875,-229.03271484375,-5.014913558959961,219.4589588922883,-228.9901372532858,-5.017967160965682,0.5438785313316004,0.7999701116923107,0.2147339356145247,4.6727205046684806e-05,4.821672585803674,12.177488296788502,nan,3.3379070857927307,0.8807320577167522
1.67,220.00120544433594,-229.02490234375,-5.014973163604736,219.4594917535879,-228.98316566678807,-5.018142237739822,0.5433283684647303,0.8000163293423637,0.21474647139681766,4.7713526483640527e-05,4.853637967760282,11.956742426032559,nan,nan,nan
1.68,220.00125122070312,-229.01705932617188,-5.015030860900879,219.46003825731376,-228.9761544311486,-5.01525610222766,0.542756605589674,0.8000629029370102,0.21475936199590953,4.621622149545444e-05,4.66590569348253,11.958653148549576,nan,3.7455913488119803,nan
1.69,220.00128173828125,-229.00921630859375,-5.015088081359863,219.46056949883578,-228.96916022675336,-5.015399275270836,0.5421939804352206,0.8001098327317548,0.2147726079844615,4.718658368659952e-05,4.687703842574481,11.92363866465101,nan,nan,nan
1.7,220.00132751464844,-229.00137329101562,-5.015143871307373,219.4781632953255,-228.97064899455808,-5.016273782584681,0.5240668463775381,0.8000397047959484,0.2147556451572088,4.5688311627640915e-05,4.708122943891712,12.85168149244755,3.1046940651995216,0.3103228750968745,nan
1.71,220.00137329101562,-228.99349975585938,-5.015198230743408,219.4788096544996,-228.9636559497593,-5.0164235127321195,0.5234165724232885,0.8000859162145761,0.21476918290710018,4.6642152344995314e-05,4.732212955281233,13.068856515142276,nan,nan,nan
1.72,220.00140380859375,-228.98562622070312,-5.015252113342285,219.4794541305202,-228.95665435616573,-5.016850879712785,0.5227555752259054,0.8001324734652937,0.2147830654378233,4.522120366420571e-05,4.775576232064098,13.08427694979503,nan,0.03217549505275062,nan
1.73,220.00143432617188,-228.9777374267578,-5.0153045654296875,219.48009922305042,-228.94963955349837,-5.017003888701609,0.5220945009554764,0.8001793767900902,0.21479729326990865,4.6160865162320784e-05,4.800705109001867,13.158314890537593,nan,nan,nan
1.74,220.00148010253906,-228.9698486328125,-5.015356063842773,219.48074802790143,-228.94260554451694,-5.016147607427498,0.5214448254202377,0.8002266262389858,0.21481186618343184,4.477384589717365e-05,4.771050182660944,12.88384348437837,nan,0.43459817651056404,nan
1.75,220.0015106201172,-228.96194458007812,-5.015406131744385,219.50779899186543,-228.9482620878043,-5.016248788200366,0.49390190578264587,0.8001568174584153,0.21479592979698933,4.5662234895211013e-05,4.736006261386268,14.975662913388703,6.655538933782938,nan,nan
1.76,220.0015411376953,-228.9540252685547,-5.015455722808838,219.50862605579204,-228.94123220375604,-5.015763114559072,0.4930811646821897,0.8002033587864597,0.21481074800204225,4.430979174662811e-05,4.7385417690502365,14.985708665954581,nan,0.17157542116030938,nan
1.77,220.0015869140625,-228.9460906982422,-5.015504360198975,219.50944979251705,-228.93419754780538,-5.015898428156085,0.4922809652220086,0.8002502366452833,0.21482590200073762,4.522206863921067e-05,4.7561873485515935,14.886807576653842,nan,nan,nan
1.78,220.00161743164062,-228.9381561279297,-5.015551567077637,219.51027289465154,-228.92715288912567,-5.016029499739944,0.4914679579716573,0.8002974510963116,0.21484139161714239,4.390013756974443e-05,4.773502092152634,14.953412943886827,nan,7.976273596509236e-06,nan
1.79,220.00164794921875,-228.93020629882812,-5.015598297119141,219.51109520276825,-228.92009837605877,-5.016164725379258,0.49065720008353864,0.800345002364487,0.21485721730603619,4.480049847928462e-05,4.791096424959421,14.977265122769449,nan,nan,nan
1.8,220.00167846679688,-228.92225646972656,-5.01564359664917,219.48663442788242,-228.9028505517412,-5.0158310682500655,0.5154095331091272,0.8002754504715398,0.2148420786170321,4.3473942869669e-05,4.928939104934142,14.167412958849951,10.104510440044052,0.12763336896518157,nan
1.81,220.001708984375,-228.91429138183594,-5.015688419342041,219.4872476339319,-228.89584377511025,-5.0159621317460354,0.514792065024436,0.8003223037516342,0.21485810768630983,4.436177054449915e-05,4.9520940169373935,14.221694748448817,nan,nan,nan
1.82,220.00173950195312,-228.90631103515625,-5.015732288360596,219.4878605504587,-228.88882730930692,-5.016093246698457,0.51417641695192,0.80036948466021,0.21487446357261283,4.5266192104863304e-05,4.975670146265567,14.277753622844932,nan,nan,nan
1.83,220.00177001953125,-228.89833068847656,-5.015775203704834,219.4884730648741,-228.88180126202639,-5.016224309204513,0.5135632261901271,0.8004169933417674,0.21489114642044133,4.618735205096146e-05,4.999073822433524,14.174808870534127,nan,nan,nan
1.84,220.00180053710938,-228.8903350830078,-5.015817165374756,219.48908614858897,-228.8747637051836,-5.016066844530528,0.5129508498315223,0.8004648299042395,0.21490815623325044,4.478061260297415e-05,5.01814426882487,14.24245903296686,nan,0.03552625223209385,nan
1.85,220.0018310546875,-228.88232421875,-5.015858173370361,219.4411028050281,-228.8405300397397,-5.016113920532077,0.562283726220008,0.8003954813340776,0.21489361911559207,4.565198014572271e-05,5.000230286099153,10.68476117097736,23.67105898878653,nan,nan
1.86,220.00186157226562,-228.8743133544922,-5.015898704528809,219.44148301999454,-228.83324754330778,-5.017066344007302,0.561882448627493,0.8004426298999278,0.21491079446421146,4.4283408340367795e-05,5.046776433516406,10.629817742932078,nan,0.2972390999521747,nan
1.87,220.0018768310547,-228.8662872314453,-5.0159382820129395,219.4418658717049,-228.82594974793028,-5.0172020842460325,0.561463252906447,0.8004900977592321,0.21492828843661144,4.517726407680132e-05,5.068340327796233,10.785327200328945,nan,nan,nan
1.8800000000000001,220.0019073486328,-228.85826110839844,-5.015977382659912,219.4422440297639,-228.81865156176198,-5.018466554835993,0.5610687503775447,0.8005378849904659,0.21494610092262365,4.384251691159624e-05,5.191167083411172,10.725655860287208,nan,0.567143310640407,nan
1.8900000000000001,220.00193786621094,-228.8502197265625,-5.01601505279541,219.44262591919556,-228.8113365868383,-5.018614163399707,0.5606679124088275,0.8005859918019267,0.21496423231282527,4.472455311413431e-05,5.217888461799908,10.825640861610966,nan,nan,nan
1.9000000000000001,220.00196838378906,-228.84217834472656,-5.01605224609375,219.4501564631988,-228.81201243218985,-5.019458879009495,0.5526463454439154,0.8005168001220696,0.2149501273030012,4.338952310318659e-05,5.513893619680663,12.478032891476083,6.261087941082346,0.27418419041583403,nan
1.9100000000000001,220.00198364257812,-228.83412170410156,-5.016088962554932,219.45051670863364,-228.804840653886,-5.019613241363327,0.5522549951580097,0.800564228754204,0.21496838995012896,4.425923020182601e-05,5.55054505566182,12.619464726667747,nan,nan,nan
1.92,220.00201416015625,-228.8260498046875,-5.016124725341797,219.4508820711933,-228.7976495825175,-5.018245269277883,0.55186741959511,0.8006119687003239,0.21498696310534998,4.298874871643218e-05,5.398482359277551,12.44273389435268,nan,1.0751977127415018,nan
1.93,220.00204467773438,-228.81797790527344,-5.016160011291504,219.451241418796,-228.79046072522974,-5.018385251214062,0.551494675357254,0.800660020160619,0.2150058471279673,4.3848046141341986e-05,5.430334789489032,12.349134973538607,nan,nan,nan
1.94,220.00205993652344,-228.8098907470703,-5.0161943435668945,219.45159740408687,-228.78326939484862,-5.019379804122721,0.5511150906748473,0.800708383225712,0.21502504195466746,4.260617612433235e-05,5.578933012318044,12.637081819984425,nan,0.3446361680701741,nan
1.95,220.00209045410156,-228.8018035888672,-5.016227722167969,219.47287195893526,-228.7883904384205,-5.019593270864155,0.529399145398838,0.8006393083515944,0.21501122331518746,4.3423816895615735e-05,5.670865591650032,14.382035517851653,4.706970916384361,nan,nan
1.96,220.00210571289062,-228.793701171875,-5.016261100769043,219.473322510408,-228.7812777756475,-5.019556992757654,0.5289393905785524,0.8006870028726827,0.2150305183207152,4.221089840060974e-05,5.692893434700269,14.529609846590791,nan,0.016841617612726366,nan
1.97,220.00213623046875,-228.7855987548828,-5.016293525695801,219.47377214576196,-228.77415843479696,-5.019706288374421,0.5284989440678343,0.8007350012593843,0.2150501165727297,4.305006854816434e-05,5.73151871348089,14.352484323079212,nan,nan,nan
1.98,220.0021514892578,-228.77748107910156,-5.016324996948242,219.47422286481708,-228.76702857142868,-5.019464318223673,0.5280414214421124,0.8007833036091623,0.2150700180343009,4.1862816513622035e-05,5.72167985320426,14.498541226220466,nan,0.07505582581932621,nan
1.99,220.00218200683594,-228.7693634033203,-5.016355991363525,219.4746717722748,-228.75989342649564,-5.019610316450935,0.52760526784669,0.8008319101119696,0.21509022302524877,4.269337011608581e-05,5.759516477100378,14.305086278049133,nan,nan,nan
2.0,220.002197265625,-228.76124572753906,-5.01638650894165,219.46819949387262,-228.76039089592234,-5.021043375596044,0.5340187612627848,0.800762917184752,0.21507656449392987,4.1501700845276536e-05,6.529700897932647,17.745329185515164,20.742145165126733,0.6937159284423967,nan
2.0100000000000002,220.00221252441406,-228.7530975341797,-5.016416549682617,219.4685073426175,-228.75348487205727,-5.021203802733577,0.5337267923750013,0.800810864577092,0.21509684140953242,4.2323053760680215e-05,6.588463259977809,18.092636619602622,nan,nan,nan
2.02,220.0022430419922,-228.74496459960938,-5.016445636749268,219.4688115932268,-228.74657745514162,-5.022353576181857,0.5334666021254223,0.8008591086761201,0.21511741432153353,4.118492514364449e-05,6.93358387704664,17.964158124947787,nan,0.4953317281871859,nan
2.0300000000000002,220.00225830078125,-228.73680114746094,-5.01647424697876,219.46911864524674,-228.73965651007902,-5.022524333164112,0.5331816284738149,0.8009076496660008,0.21513828352742626,4.1998702843419634e-05,6.997337941833683,18.40131288258142,nan,nan,nan
2.04,220.0022735595703,-228.72865295410156,-5.016502380371094,219.46942626268358,-228.7327265922254,-5.02241271989631,0.5328956449816051,0.8009564876528722,0.21515944902374096,4.088249471479661e-05,7.018923416686311,18.01205324210433,nan,0.04113421342194302,nan
2.05,220.00230407714844,-228.72048950195312,-5.0165300369262695,219.43477322985598,-228.70530328257465,-5.02246003600708,0.567764959095405,0.8008875464986385,0.215145841795784,4.166041203576961e-05,6.975251465662471,15.51401876045222,12.587968445479143,nan,nan
2.06,220.0023193359375,-228.71231079101562,-5.016557216644287,219.43492432534867,-228.698215153699,-5.0226600498307,0.5676028801947325,0.8009357346047148,0.2151670535080799,4.0566564233850374e-05,7.085634269493966,15.721745051160656,nan,0.0005650471291333329,nan
2.07,220.00233459472656,-228.70413208007812,-5.016583442687988,219.4350751772435,-228.6911197778868,-5.022827923142555,0.5674430017787548,0.8009842126973821,0.21518855463519118,4.136550036811086e-05,7.146155965230362,15.645159025199453,nan,nan,nan
2.08,220.00234985351562,-228.69595336914062,-5.016609191894531,219.43522909081784,-228.68401092568624,-5.021871978502608,0.5672709038558726,0.801032980887699,0.21521034519262874,4.02914193135492e-05,6.926496021420364,15.277308714723231,nan,0.6693614053085603,nan
2.09,220.0023651123047,-228.68775939941406,-5.016634941101074,219.4353794001622,-228.6769016256832,-5.02202986817551,0.567115327126911,0.8010820393524625,0.21523242544946677,4.108411487226427e-05,6.983360075881585,15.374754769641681,nan,nan,nan
2.1,220.00238037109375,-228.67955017089844,-5.016659736633301,219.39177060884325,-228.65048475876438,-5.022717449237427,0.6113311507032295,0.8010131236801444,0.21521877514347784,4.0002500759670046e-05,7.413372283478607,14.976584417899067,17.463833285674443,0.2616582086852784,nan
2.11,220.00241088867188,-228.6713409423828,-5.016684055328369,219.39168363906933,-228.6433076108245,-5.022879945729262,0.6114016929508863,0.8010615412789855,0.21524087816692294,4.0788317080014585e-05,7.476937723327202,14.912188937752383,nan,nan,nan
2.12,220.00242614746094,-228.6631317138672,-5.016707897186279,219.39160183600285,-228.63611272350943,-5.020997534351575,0.6114366412762738,0.8011102424079006,0.2152632640892588,3.975230917121698e-05,7.037653863823083,14.330012177078435,nan,2.27788078830834,nan
2.13,220.00244140625,-228.65492248535156,-5.0167317390441895,219.39151389240533,-228.6289225371854,-5.021141436249112,0.6114964185557547,0.8011592272394977,0.21528593316340275,4.0532666218999074e-05,7.0931464175767855,14.241568097822306,nan,nan,nan
2.14,220.00245666503906,-228.6466827392578,-5.016754627227783,219.3914248684086,-228.62172718884054,-5.021509515118366,0.6115596822460928,0.8012084958911154,0.21530888542908808,3.9513636344519544e-05,7.225188951153599,14.655089561593787,nan,0.027552203304094056,nan
2.15,220.00247192382812,-228.63845825195312,-5.016777038574219,219.41233822886593,-228.61691086017518,-5.021678367156751,0.5905472809555845,0.8011395829032871,0.21529511063849793,4.026232072762497e-05,6.907787062013552,13.266722416879219,9.13126475325875,nan,nan
2.16,220.0024871826172,-228.63021850585938,-5.016798973083496,219.4124069472245,-228.60960233308893,-5.019722114521331,0.5904475044715318,0.8011882194905465,0.21531806426568148,3.9260767701087624e-05,6.559697853625004,12.990634554068274,nan,2.4728110187680694,nan
2.17,220.00250244140625,-228.62197875976562,-5.016820907592773,219.4124700241228,-228.60229840747053,-5.019850513077835,0.5903683157328221,0.8012371335178867,0.2153412948048857,4.003023787658261e-05,6.60189525886851,12.914227273949255,nan,nan,nan
2.18,220.0025177001953,-228.6137237548828,-5.016841888427734,219.41253864487223,-228.59497696746297,-5.017677365161867,0.5902774142552442,0.8012863251062209,0.21536480230963229,3.904403775219219e-05,6.421313297969952,12.833007607691092,nan,2.9934634096845354,nan
2.19,220.00253295898438,-228.60546875,-5.016862869262695,219.41260129410554,-228.5876609423044,-5.017784772161141,0.5902010989032372,0.8013357944228023,0.21538858701218344,3.9809053474543015e-05,6.45523220746018,12.753353094891175,nan,nan,nan
2.2,220.00254821777344,-228.5972137451172,-5.01688289642334,219.4099507690876,-228.57223419546034,-5.018501190449587,0.5931258997595511,0.8012668642384477,0.21537461712530456,3.881285281922227e-05,6.253668644921674,11.478695298437243,4.004558624044575,0.24659439753525347,nan
2.21,220.0025634765625,-228.5889434814453,-5.016902923583984,219.41003693259728,-228.56479592806426,-5.018615121766283,0.5930208607294308,0.8013157100737834,0.2153983836084254,3.957273235435583e-05,6.28513014523162,11.56853507535298,nan,nan,nan
2.22,220.0025634765625,-228.58065795898438,-5.016922473907471,219.41012382688012,-228.5573505785706,-5.018429205697883,0.5928998589460254,0.8013648274987515,0.2154224211162759,3.8616282501447885e-05,6.294618781241297,11.686925577697805,nan,0.052113284528939534,nan
2.23,220.00257873535156,-228.5723876953125,-5.016941547393799,219.4102099842995,-228.54990106437916,-5.018541267902682,0.592797558108503,0.8014142166775555,0.21544672986935512,3.937229863141228e-05,6.324940773181635,11.450199926455234,nan,nan,nan
2.24,220.00259399414062,-228.56410217285156,-5.016960620880127,219.4102960271178,-228.5424460006607,-5.018620269333361,0.5926960654216679,0.8014638777356828,0.21547130993882757,3.842906683505025e-05,6.356019825463949,11.540148907464433,nan,0.0006609305568571345,nan
2.25,220.0026092529297,-228.55581665039062,-5.016978740692139,219.43370217547107,-228.55586341411401,-5.018838913612827,0.5689101205046779,0.8013949131041732,0.21545708407687278,3.915645519039013e-05,6.7647507608656605,14.316120938634509,12.458029535307988,nan,nan
2.2600000000000002,220.00262451171875,-228.54751586914062,-5.01699686050415,219.4338547309815,-228.54857397947794,-5.017405992921453,0.5687709121137674,0.8014439590493597,0.21548162800217607,3.822697999425799e-05,6.712397037771736,14.340377226762158,nan,1.414358283593998,nan
2.27,220.0026397705078,-228.53921508789062,-5.017014503479004,219.43400354194392,-228.54128593275183,-5.0175073441704106,0.5686402128989385,0.8014932710428487,0.2155064374878062,3.897509225531808e-05,6.7455270441146515,14.28211454825179,nan,nan,nan
2.2800000000000002,220.0026397705078,-228.53089904785156,-5.017031669616699,219.43414961742698,-228.5339974692967,-5.01876166919634,0.5685012289026852,0.8015428492127314,0.2155315126149712,3.8057578750566424e-05,6.849168834746946,14.539695189888652,nan,0.790327141135648,nan
2.29,220.00265502929688,-228.52259826660156,-5.0170488357543945,219.43429800385022,-228.52669881474125,-5.0188753844294505,0.5683747523858552,0.801592693719309,0.2155568535891173,3.8802587363256176e-05,6.887070480702476,14.216484914036773,nan,nan,nan
2.3000000000000003,220.00267028808594,-228.5142822265625,-5.017065525054932,219.44211219481238,-228.52954606478062,-5.018899593295743,0.5607688690520773,0.801523679601467,0.21554231902697046,3.7873046295493224e-05,7.199928310693314,16.167018483636063,3.445218860136088,0.001328429378476164,nan
2.31,220.002685546875,-228.50595092773438,-5.0170817375183105,219.4422674003124,-228.52233736678852,-5.019013333326745,0.5606609897646696,0.801572917147244,0.2155676074172967,3.861423359263031e-05,7.244038410612461,16.322201774164114,nan,nan,nan
2.32,220.002685546875,-228.49761962890625,-5.0170979499816895,219.44241801635278,-228.51513216452778,-5.021278360640541,0.5605567504674654,0.8016224154175186,0.2155931560233243,3.7720046226319604e-05,7.646304712664893,16.66123024648898,nan,2.8030215587249723,nan
2.33,220.00270080566406,-228.48928833007812,-5.01711368560791,219.44257271801285,-228.50791341798308,-5.021414393686224,0.5604541592005908,0.8016721745703729,0.21561896504194114,3.8458577741538255e-05,7.699550488695705,16.543309827972042,nan,nan,nan
2.34,220.00271606445312,-228.48095703125,-5.017128944396973,219.44272978510557,-228.50068468200266,-5.020218056380207,0.5603421774903098,0.8017221947372276,0.21564503456719752,3.757468271584204e-05,7.507848791430434,16.23222436559223,nan,1.085339228697384,nan
2.35,220.0027313232422,-228.4726104736328,-5.017143726348877,219.42478781554814,-228.48354160689274,-5.020341130822223,0.5780557163071813,0.8016531180908519,0.21563014593883748,3.828679913502418e-05,7.554025502192592,15.638759161922938,2.9276705439835933,nan,nan
2.36,220.0027313232422,-228.46426391601562,-5.017158508300781,219.4248675930171,-228.47625152517531,-5.018590834679094,0.5779898312616538,0.8017025392377515,0.21565614779304995,3.7413766125564745e-05,7.376577181793002,15.381702802831144,nan,2.1667815735222247,nan
2.37,220.00274658203125,-228.45591735839844,-5.0171732902526855,219.42494361473766,-228.46896361972227,-5.0186982033360525,0.5779522465634358,0.8017522160484106,0.2156824048596948,3.814664699462538e-05,7.417463722243401,15.262985545952477,nan,nan,nan
2.38,220.0027618408203,-228.4475555419922,-5.017187118530273,219.4250180983523,-228.46167358194606,-5.019523235986857,0.5779209361650252,0.8018021486561391,0.2157089172401091,3.728291758989084e-05,7.538002868805035,15.519925225665553,nan,0.3191357997469096,nan
2.39,220.0027618408203,-228.43919372558594,-5.017200946807861,219.42509360901715,-228.45437633512194,-5.019638741427633,0.5778728584295328,0.8018523372161864,0.21573568512025396,3.8013715870140276e-05,7.582364194548237,15.483565541471837,nan,nan,nan
2.4,220.00277709960938,-228.4308319091797,-5.017214775085449,219.43050423799298,-228.4542004363298,-5.019500890671328,0.5727543474546997,0.8017831866899644,0.21572040326735048,3.713625230989517e-05,7.8101617066404305,16.678914538936542,1.7517344834466786,0.072475950392215,nan
2.41,220.00277709960938,-228.42245483398438,-5.017228126525879,219.43058639016968,-228.44695685791027,-5.019616199661885,0.5727200538123925,0.8018327839607092,0.2157470896073466,3.7864219401973954e-05,7.857868272919158,16.908240327237845,nan,nan,nan
2.42,220.00279235839844,-228.41407775878906,-5.01724100112915,219.43066614176573,-228.43971310993425,-5.021038901573699,0.57271284518036,0.8018826320319483,0.2157740262869511,3.701876719543308e-05,8.134762759478381,17.03881689015088,nan,1.0750219243482957,nan
2.43,220.0028076171875,-228.40570068359375,-5.017253875732422,219.4307479530396,-228.43246061135588,-5.021168529371437,0.5726985922734197,0.8019327310573281,0.21580121348594314,3.7744989609886967e-05,8.188656160842129,16.9722572935666,nan,nan,nan
2.44,220.0028076171875,-228.39732360839844,-5.017266273498535,219.43082682735772,-228.42520893950237,-5.022951673767224,0.5726883440417574,0.8019830811725649,0.21582865131494106,3.690751587503502e-05,8.695269833421568,17.419358659330392,nan,1.730562520620876,nan
2.45,220.00282287597656,-228.38893127441406,-5.017278671264648,219.4562659374347,-228.42277888751266,-5.023052749697691,0.547634447384826,0.801913846942208,0.21581294268097456,3.760891948225471e-05,8.35166797827155,17.407887309329706,7.398900154187289,nan,nan
2.46,220.00282287597656,-228.3805389404297,-5.017291069030762,219.45647907422907,-228.4154874548913,-5.0256156092568105,0.5475237404359344,0.8019636132940959,0.21584028621301493,3.678002167864548e-05,9.381052389152526,18.39251323325785,nan,3.7242782233395397,nan
2.47,220.00283813476562,-228.3721466064453,-5.017302513122559,219.45669560865545,-228.40818424522868,-5.025786954192138,0.5473959773101603,0.8020136258090206,0.21586787549024197,3.7502287293421116e-05,9.448239858693707,18.288516882831615,nan,nan,nan
2.48,220.00283813476562,-228.36373901367188,-5.017314434051514,219.4569080957926,-228.4008842410513,-5.028453094847393,0.5473056231526121,0.8020638846240545,0.21589571062850568,3.668058061736045e-05,10.942980423784881,19.937439975005038,nan,3.990997894103418,nan
2.49,220.0028533935547,-228.3553466796875,-5.017325401306152,219.45712428271818,-228.39357278469282,-5.028650346410414,0.5471834718811358,0.8021143898908092,0.215923791799736,3.7401530369712595e-05,11.020816194792541,19.61380762995674,nan,nan,nan
2.5,220.0028533935547,-228.34693908691406,-5.017336845397949,219.47294596416478,-228.3944292190661,-5.027556195964369,0.532129337192038,0.8020450634342035,0.21590762758622856,3.6564632752315067e-05,10.4861914515925,20.31487635278843,2.560896428086093,0.9137087002914627,nan
2.5100000000000002,220.00286865234375,-228.33851623535156,-5.017347812652588,219.47322651077317,-228.38714568310684,-5.02774128326746,0.5319714706146109,0.802094992261538,0.21593560270965373,3.728349109284237e-05,10.559738871210971,20.402039900045803,nan,nan,nan
2.52,220.00286865234375,-228.33010864257812,-5.017358303070068,219.47350625084152,-228.37985921052453,-5.028352691550794,0.5318087510687078,0.8021451627937052,0.2159638191182544,3.6476045315809205e-05,11.007164042145074,20.581148362294623,nan,0.11761812468346364,nan
2.5300000000000002,220.0028839111328,-228.32168579101562,-5.017368793487549,219.47378640366355,-228.37256749070357,-5.028543209632876,0.5316558918600516,0.8021955751811748,0.21599227697955653,3.719384020805403e-05,11.08220878896732,20.651787791790483,nan,nan,nan
2.54,220.0028839111328,-228.31326293945312,-5.017378807067871,219.4740653447522,-228.36527374109033,-5.029495462203916,0.5315082435555181,0.8022462295627344,0.2160209764160257,3.6392523891155365e-05,11.79014900990876,21.339759025904424,nan,0.37757538612106906,nan
2.5500000000000003,220.00289916992188,-228.30482482910156,-5.017389297485352,219.46153696102635,-228.3443757961942,-5.029723362781252,0.5429451624104639,0.802176803532652,0.2160043321127318,3.7086635381700165e-05,11.588984019277978,19.760138218609526,4.19356525374218,nan,nan
2.56,220.00289916992188,-228.29640197753906,-5.017398834228516,219.46178573005042,-228.33697297337008,-5.028713518332296,0.5427502027531678,0.8022268886024274,0.21603291467130198,3.6292072841514624e-05,11.041201453661904,19.007340821024513,nan,0.9612672497310651,nan
2.57,220.00291442871094,-228.2879638671875,-5.01740837097168,219.46203274549822,-228.32956934803562,-5.02890356346925,0.5426012815338548,0.8022772111142719,0.2160617342846731,3.70071705892225e-05,11.11171136304354,19.074824406828807,nan,nan,nan
2.58,220.00291442871094,-228.27952575683594,-5.017417907714844,219.46227925404966,-228.32216296862063,-5.0294953718544075,0.542448328460733,0.8023277712079298,0.2160907910790018,3.6218106682530293e-05,11.595202978700677,19.54172838519776,nan,0.10580579884157681,nan
2.59,220.00291442871094,-228.2710723876953,-5.017427444458008,219.46252623579394,-228.31475201651608,-5.029691246927275,0.5422893230269413,0.8023785690324344,0.21612008521627327,3.693245708325833e-05,11.667231199296111,19.710829219132982,nan,nan,nan
2.6,220.0029296875,-228.26263427734375,-5.017436504364014,219.4857002302485,-228.30176003930066,-5.027703762649815,0.5188087829731545,0.8023090370905844,0.21610293998017382,3.612695272726854e-05,9.758037177322317,17.194007973453864,13.534155780263532,3.1586330407497307,nan
2.61,220.0029296875,-228.25418090820312,-5.0174455642700195,219.48608634076348,-228.29422810651658,-5.027879782419834,0.5184975371850516,0.8023592725382934,0.21613210724536255,3.6839756804031794e-05,9.81333142215991,17.463317084034887,nan,nan,nan
2.62,220.00294494628906,-228.2457275390625,-5.017454147338867,219.48646975272078,-228.2866975865058,-5.030282807944818,0.5182564470335549,0.8024097413280182,0.21616150746864118,3.606173822615797e-05,11.43971190083586,18.88075486082224,nan,3.292607207866303,nan
2.63,220.00294494628906,-228.23727416992188,-5.017462730407715,219.48685549053786,-228.27915886045238,-5.030482173336693,0.5179499585216575,0.8024604436079961,0.216191140808924,3.677398055779841e-05,11.50279401809719,18.973176756684705,nan,nan,nan
2.64,220.00294494628906,-228.2288055419922,-5.017470836639404,219.4872406388376,-228.27161811390454,-5.031252554312125,0.5176618440447034,0.8025113795191681,0.21622100739698372,3.600060673011632e-05,12.187059102863797,19.761983453964394,nan,0.21676029842009917,nan
2.65,220.00296020507812,-228.22035217285156,-5.017479419708252,219.47181421324953,-228.24407553477727,-5.031424389012695,0.5318583690283922,0.8024417362359544,0.21620334368288766,3.668995571684059e-05,11.746158375793788,17.29024544653018,8.825164621237352,nan,nan
2.66,220.00296020507812,-228.21188354492188,-5.017487525939941,219.46629755911238,-228.22988560176833,-5.029068736728186,0.5370893725153969,0.7828236405096869,0.19215028933124736,3.59218733216151e-05,16.094647387871184,21.841909719977416,nan,4.396406411654857,0.0017530283177874257
2.67,220.0029754638672,-228.2034149169922,-5.017495155334473,219.46665118401435,-228.2221920178754,-5.029251135185131,0.5367816276098584,0.7828825801164881,0.1921583113220077,3.6632339287227515e-05,16.1597123678109,21.70817494713862,nan,nan,nan
2.68,220.0029754638672,-228.1949462890625,-5.017502784729004,219.46698776137038,-228.21446947889973,-5.027081112254416,0.5364286686293108,0.7829417474380677,0.1921665523408987,3.58684004678364e-05,14.969516908457894,20.54912783643266,nan,3.719725731006334,nan
2.69,220.0029754638672,-228.18646240234375,-5.017510414123535,219.46734122741412,-228.20676924119635,-5.027242037756145,0.5361073656119346,0.783001142771728,0.192175012885272,3.657853266930108e-05,15.026016429189053,20.66835009790477,nan,nan,nan
2.7,220.00299072265625,-228.177978515625,-5.017518043518066,219.46424125970773,-228.1958059339244,-5.029047163232594,0.5391676189015137,0.7829075385678608,0.19215704380425158,3.5797084384985195e-05,16.05765676319016,21.10461470170783,0.8547036521466665,1.7895101875615511,nan
2.71,220.00299072265625,-228.16949462890625,-5.0175251960754395,219.4645768517679,-228.18806068295288,-5.0292260070017045,0.538860931692185,0.7829662296013876,0.1921657682716382,3.650606373113896e-05,16.116459348229746,21.216562543890586,nan,nan,nan
2.72,220.00299072265625,-228.1610107421875,-5.0175323486328125,219.46489382714063,-228.18028491723518,-5.02678862343079,0.538521532912524,0.7830251444952024,0.19217470824809316,3.575059248361251e-05,14.783640116995969,19.80240019423683,nan,4.631035118885927,nan
2.73,220.0030059814453,-228.15252685546875,-5.0175395011901855,219.46522909846297,-228.17253364398553,-5.026943467855451,0.5382310675221198,0.7830842835412208,0.19218386420339728,3.6459371562557073e-05,14.833487826190746,19.662143980747352,nan,nan,nan
2.74,220.0030059814453,-228.14402770996094,-5.0175461769104,219.46555555378256,-228.16476682264644,-5.0258553706953535,0.5379145988827672,0.7831436467379719,0.19219323596331697,3.5707353170731926e-05,14.36227479913114,19.39799768868513,nan,1.0487448531372614,nan
2.75,220.0030059814453,-228.1355438232422,-5.017552852630615,219.47556769645476,-228.16489054139817,-5.026074982597393,0.5283228189653291,0.7830501997002824,0.19217631698829696,3.6393771503768696e-05,14.718349158274787,20.798572364495318,4.043364492593663,nan,nan
2.7600000000000002,220.0030059814453,-228.12704467773438,-5.01755952835083,219.4759431635551,-228.1572005815952,-5.025538939717497,0.5279850978444434,0.7831088703653268,0.19218593223466243,3.564588385452721e-05,14.53344530622655,20.697210240406957,nan,0.31727364439142547,nan
2.77,220.00302124023438,-228.11854553222656,-5.017566204071045,219.47632323963506,-228.14951471213053,-5.0256800078865815,0.5276700747167611,0.7831677614643753,0.19219576003870673,3.635354381646284e-05,14.58257444901902,20.533607990980613,nan,nan,nan
2.7800000000000002,220.00302124023438,-228.1100311279297,-5.017572402954102,219.47672128083983,-228.14185188082163,-5.028443632866616,0.5273731043702603,0.783226873001726,0.19220580025205855,3.560870501897711e-05,16.114923616327196,22.298637636849083,nan,4.685970835286309,nan
2.79,220.00302124023438,-228.10153198242188,-5.017578601837158,219.47710111924678,-228.13416022425025,-5.028612042037405,0.5270467840970737,0.7832862052605716,0.19221605330588282,3.6316324155239735e-05,16.170377981118648,22.12073752063225,nan,nan,nan
2.8000000000000003,220.00303649902344,-228.093017578125,-5.017584800720215,219.467392246968,-228.12106873156824,-5.028472248013828,0.536488740308786,0.7831929092840224,0.19220006714291288,3.55530689193306e-05,16.166025033210964,21.572103345409605,1.8244168853466045,0.1296847771206151,nan
2.81,220.00303649902344,-228.0845184326172,-5.017590522766113,219.4677312805341,-228.1133442135084,-5.028640611496093,0.5361946540640214,0.7832515603219746,0.19221054439660112,3.6259811208184786e-05,16.22022629375119,21.55228738597945,nan,nan,nan
2.82,220.00303649902344,-228.0760040283203,-5.017596244812012,219.46807814647153,-228.10562791128098,-5.029953851438057,0.5359204454471258,0.7833104282201915,0.19222123078199782,3.552138076104042e-05,17.173246490009674,22.575730106548455,nan,0.8968313526466821,nan
2.83,220.00303649902344,-228.06747436523438,-5.01760196685791,219.4684173236592,-228.09789816697207,-5.030134862889896,0.5356307906219218,0.7833695132558096,0.1922321267061105,3.622817543761754e-05,17.231818620406223,22.69559648428629,nan,nan,nan
2.84,220.0030517578125,-228.0589599609375,-5.017607688903809,219.46873620266908,-228.09013764691008,-5.027282412331323,0.5353118351430567,0.7834288154422698,0.1922432320566443,3.549224570087218e-05,15.554011275697047,20.65390205335447,nan,6.317444924707324,nan
2.85,220.0030517578125,-228.05044555664062,-5.017613410949707,219.51141777417035,-228.09610539717247,-5.027279007938008,0.49384432635637204,0.7833356650349539,0.1922280716568329,3.6177022641488696e-05,14.894996612564206,21.482562804515783,13.027994239264824,nan,nan
2.86,220.0030517578125,-228.0419158935547,-5.017618656158447,219.5119015632292,-228.08832951379293,-5.026435540893398,0.4934171412094037,0.7833942968839256,0.19223938301351642,3.544429780670029e-05,14.517827356420101,21.203985625122044,nan,0.6795060992635148,nan
2.87,220.0030517578125,-228.03338623046875,-5.0176239013671875,219.51239169908175,-228.0805601061566,-5.026577008580139,0.4930038802178407,0.7834531424133756,0.19225090072027642,3.615042682404269e-05,14.553314046888147,21.188569732175072,nan,nan,nan
2.88,220.00306701660156,-228.0248565673828,-5.017629146575928,219.51286730966888,-228.0727688482203,-5.024536515266857,0.4925840548314307,0.7835122016429911,0.19226262468728458,3.5419882789665615e-05,13.694380073281108,20.095386527955803,nan,3.283956323473994,nan
2.89,220.00306701660156,-228.01632690429688,-5.01763391494751,219.51335712796748,-228.0649944332262,-5.024658334622716,0.4921723741433112,0.7835714748404801,0.19227455528799176,3.612617096658231e-05,13.723275095802943,20.277500645952525,nan,nan,nan
2.9,220.00306701660156,-228.00778198242188,-5.01763916015625,219.49140255883754,-228.0527775940952,-5.023843114486055,0.513676563080446,0.7834784645571379,0.19226012186659228,3.537645097633026e-05,14.057815564054179,20.415508903236436,4.949577433989793,0.49541064275412905,nan
2.91,220.00306701660156,-227.99925231933594,-5.017643928527832,219.49181768821688,-228.04505203896093,-5.0239564909752,0.5133355028986065,0.7835370778898728,0.1922722412734885,3.608204840308561e-05,14.09082909255572,20.260766938526107,nan,nan,nan
2.92,220.00308227539062,-227.99070739746094,-5.017648696899414,219.49222918428467,-228.03731942749764,-5.023521659384311,0.5130088242174814,0.7835959015928401,0.19228456388066362,3.5356280590560455e-05,13.97992338572134,20.077838555955747,nan,0.20852240044732592,nan
2.93,220.00308227539062,-227.982177734375,-5.017653465270996,219.4926440812838,-228.0295891698115,-5.023631303592181,0.5126701949247485,0.7836549359273934,0.19229709004076928,3.6062099713690824e-05,14.010614058797703,20.08309874560518,nan,nan,nan
2.94,220.00308227539062,-227.9736328125,-5.01765775680542,219.49306352978365,-228.02186272286215,-5.024478476559213,0.5123395039834511,0.7837141809228011,0.19230981969505048,3.533807891322633e-05,14.352174328465786,20.53190088772958,nan,0.37572965219088594,nan
2.95,220.00308227539062,-227.965087890625,-5.017662525177002,219.49030589926053,-228.00861210664777,-5.02460102519483,0.5146669914420423,0.7836213058540878,0.19229602292844575,3.6022086515387195e-05,14.077593538735968,19.593042433838317,2.1760686609790056,nan,nan
2.96,220.00308227539062,-227.95652770996094,-5.017666816711426,219.49070668768383,-228.00081985958937,-5.025362846744772,0.5143440154943669,0.7836799010741503,0.1923089251354156,3.53005421491476e-05,14.43144989605466,20.04744720050737,nan,0.28599384248545623,nan
2.97,220.0030975341797,-227.94798278808594,-5.01767110824585,219.4911034810094,-227.99302030976594,-5.025489823083521,0.514030564405016,0.7837387037040913,0.19232202791687145,3.6005994183622524e-05,14.462689558911316,19.7395448894657,nan,nan,nan
2.98,220.0030975341797,-227.93942260742188,-5.017675399780273,219.49150200045335,-227.98522079634535,-5.02589739944618,0.5137071787661824,0.7837977137795599,0.19233533123322552,3.528594674342988e-05,14.691953292892666,20.219988993057502,nan,0.05435978495060604,nan
2.99,220.0030975341797,-227.93087768554688,-5.017679691314697,219.49189886000283,-227.97741679673504,-5.026028778623261,0.5133806391063488,0.7838569315522883,0.1923488354084906,3.5991687504356025e-05,14.722288810597439,20.07936743094463,nan,nan,nan
3.0,220.0030975341797,-227.9223175048828,-5.017683506011963,219.4757544535587,-227.95678510239793,-5.025795655622314,0.5285305543945454,0.7837641868245442,0.19233559184788473,3.525183877065178e-05,14.309922356410414,18.503058889779947,7.3549711130302615,0.14022540285995225,nan
3.0100000000000002,220.0030975341797,-227.91375732421875,-5.017687797546387,219.4760839082556,-227.9488856085536,-5.025926025001486,0.5282473158110492,0.7838227645415151,0.19234925318503956,3.59570073101165e-05,14.336283211514612,18.490280528662268,nan,nan,nan
3.02,220.0030975341797,-227.9051971435547,-5.017691612243652,219.4764006714165,-227.94096800526086,-5.023914071877852,0.527946833303952,0.7838815465975587,0.19236311219397217,3.524045775871295e-05,13.55259228312783,17.697038583655544,nan,3.199238260915205,nan
3.0300000000000002,220.00311279296875,-227.89663696289062,-5.017695426940918,219.47673019337614,-227.93306448745318,-5.024025441509583,0.5276795190113667,0.7839405332380665,0.19237716918111772,3.594595470524435e-05,13.573753148750713,17.544807375689814,nan,nan,nan
3.04,220.00311279296875,-227.8880615234375,-5.017699241638184,219.4770526570915,-227.9251499997797,-5.022907174180787,0.5273916421388899,0.7839997245082407,0.19239142413315974,3.5230563319474055e-05,13.234153566246853,17.432880719727272,nan,1.0551234672460184,nan
3.0500000000000003,220.00311279296875,-227.87950134277344,-5.017702579498291,219.4550442094254,-227.90824634035732,-5.023134448308706,0.5488487517996873,0.7839071057131525,0.19237865734468856,3.591435912882263e-05,13.502070614127554,16.856982929690112,4.278572624516165,nan,nan
3.06,220.00311279296875,-227.8709259033203,-5.017706394195557,219.45530212798562,-227.90032871405515,-5.024374239709428,0.5486396906095716,0.78396566630202,0.19239305489072991,3.520087886358608e-05,13.949938254733892,17.36711326304658,nan,0.8995812066974357,nan
3.0700000000000003,220.00311279296875,-227.8623504638672,-5.017709732055664,219.45555350928686,-227.89240098680665,-5.024490975276508,0.5484251893693267,0.7840244284661503,0.19240764762712897,3.5906192031193496e-05,13.973427979353316,17.37561481089491,nan,nan,nan
3.08,220.00311279296875,-227.85379028320312,-5.0177130699157715,219.45579616246638,-227.88446079886305,-5.02309195176037,0.5482017027748147,0.7840833922569822,0.19242243555661198,3.5193677744993855e-05,13.518839075689945,16.807443421553558,nan,1.6060563795513936,nan
3.09,220.0031280517578,-227.84521484375,-5.017716884613037,219.45604727560223,-227.8765292424229,-5.023195389072594,0.5480036324828075,0.784142557910511,0.19243741896163466,3.589935711542019e-05,13.538209419627702,16.7473894148272,nan,nan,nan
3.1,220.0031280517578,-227.8366241455078,-5.0177202224731445,219.43606130514382,-227.85331155915927,-5.02362142677079,0.5673429202007471,0.7840500606717555,0.19242505826531672,3.516653711109528e-05,13.308379559328866,15.658653092553626,9.133056342883393,0.06993219289464604,nan
3.11,220.0031280517578,-227.8280487060547,-5.017723083496094,219.43623372695504,-227.84527822708432,-5.023729976756015,0.5671879006600372,0.7841086046843353,0.19244017044861367,3.5871713294621986e-05,13.324044137795882,15.61389931433461,nan,nan,nan
3.12,220.0031280517578,-227.81947326660156,-5.017726421356201,219.43640298133238,-227.8372391359961,-5.0232497305269375,0.5670303682416425,0.7841673474191518,0.19245547514052933,3.5161711302787745e-05,13.185330378240975,15.453974739669578,nan,0.24329318413897147,nan
3.13,220.0031280517578,-227.81088256835938,-5.017729759216309,219.43657556747726,-227.82920216196334,-5.023354277775963,0.5668764946293898,0.784226289106119,0.19247097260895335,3.586727683679454e-05,13.200024235304758,15.513508980797072,nan,nan,nan
3.14,220.0031280517578,-227.80230712890625,-5.017732620239258,219.43674804680919,-227.82116350876632,-5.023459642424968,0.5667227468967074,0.7842854298470222,0.19248666293671376,3.658724010733563e-05,13.213070735813956,15.469944036245577,nan,nan,nan
3.15,220.0031280517578,-227.79371643066406,-5.017735481262207,219.457692936964,-227.8248665849889,-5.023581647437145,0.5463551722309739,0.7841930501897102,0.1924746434896793,3.729789097862278e-05,13.367489852158771,16.5465568991557,4.962769974153491,nan,nan
3.16,220.00314331054688,-227.78512573242188,-5.017738342285156,219.45795188260868,-227.81689176700488,-5.025961512912563,0.54617798800902,0.7842515779736935,0.19249044943533217,3.650301975805139e-05,14.304789834023596,17.33256873907569,nan,3.3461170073105837,nan
3.17,220.00314331054688,-227.7765350341797,-5.017741680145264,219.458198749492,-227.80890106662744,-5.026092590505566,0.5459687467095042,0.7843103018964653,0.19250644554744584,3.7235271122239356e-05,14.325305294377829,17.460448479007766,nan,nan,nan
3.18,220.00314331054688,-227.7679443359375,-5.017744064331055,219.45845095684226,-227.8009150885175,-5.027262223120754,0.5457723207132403,0.7843692220183146,0.19252263185506094,3.64441442168575e-05,14.937912259149758,18.0807509598338,nan,0.6999902298442584,nan
3.19,220.00314331054688,-227.7593536376953,-5.017746925354004,219.45869762794547,-227.79292139495,-5.027405444452915,0.5455650122777355,0.7844283385662348,0.19253900861462522,3.717515025722584e-05,14.960632767353346,18.066631898042285,nan,nan,nan
3.2,220.00314331054688,-227.75076293945312,-5.017749786376953,219.43971831001267,-227.77677640932512,-5.0277108517141835,0.5641131576770817,0.7843360725456412,0.1925272704126327,3.636499784175366e-05,15.335165794386052,17.810218376608262,2.821353713792511,0.02193201835527561,nan
3.21,220.00314331054688,-227.74215698242188,-5.017752647399902,219.43989925633667,-227.7687595958289,-5.027857301714949,0.563962470100675,0.7843945846068171,0.1925437504137211,3.709391285403599e-05,15.360154407861437,17.87996854636665,nan,nan,nan
3.22,220.00314331054688,-227.7335662841797,-5.017755031585693,219.44007706950265,-227.76073760200077,-5.02737828488532,0.5638035822162513,0.7844532901462208,0.19256041808919827,3.631086804074559e-05,15.157202744679811,17.598454174353332,nan,0.2569146015465654,nan
3.23,220.00314331054688,-227.72496032714844,-5.017757415771484,219.44025798574307,-227.75271760967883,-5.027520119935942,0.5636538530033794,0.7845121893842992,0.19257727368230948,3.703869666081688e-05,15.180103110735608,17.66601076039691,nan,nan,nan
3.24,220.00315856933594,-227.71636962890625,-5.017760276794434,219.4404417967642,-227.74469944260844,-5.028266506459082,0.5635273953764184,0.7845712823911939,0.19259431724185042,3.62590031179994e-05,15.650047907798205,17.92605926817509,nan,0.23935465865547303,nan
3.25,220.00315856933594,-227.707763671875,-5.017762660980225,219.45763476406722,-227.73591451111972,-5.028398375968995,0.5463531918991259,0.7844791264149054,0.19258280516600923,3.696245126744791e-05,14.955961813388726,17.637469617886417,4.2190456470229405,nan,nan
3.2600000000000002,220.00315856933594,-227.69915771484375,-5.017765045166016,219.45786832918228,-227.72783136501255,-5.029245354945654,0.546164280902255,0.7845376230781338,0.1925999401570779,3.6186957428134944e-05,15.531340927601123,18.2020716274374,nan,0.3203677605735375,nan
3.27,220.00315856933594,-227.6905517578125,-5.017767429351807,219.45809855484933,-227.71974286435298,-5.029403395857116,0.5459651415701486,0.7845963107981873,0.19261726060864748,3.6911906496501214e-05,15.550507167508133,18.212806141106967,nan,nan,nan
3.2800000000000002,220.00315856933594,-227.68194580078125,-5.017769813537598,219.4583188811558,-227.7116417969571,-5.0274691204941915,0.5457345641981453,0.7846551896513283,0.19263476658118384,3.613951930448265e-05,14.478397147145245,17.130613153731126,nan,2.8986420959907497,nan
3.29,220.00315856933594,-227.67333984375,-5.0177717208862305,219.45854886450292,-227.7035498928515,-5.027608509149683,0.5455356450942193,0.7847142598487924,0.19265245830047312,3.686358891108801e-05,14.492550435776815,17.145286525365886,nan,nan,nan
3.3000000000000003,220.00315856933594,-227.6647186279297,-5.0177741050720215,219.4432070409353,-227.68143408972946,-5.028105126794575,0.5602962170416779,0.7846222103509172,0.19264112131357614,3.607195903150224e-05,14.377184248047666,16.368149617555634,7.773778651476349,0.15247151182464674,nan
3.31,220.00315856933594,-227.65611267089844,-5.0177764892578125,219.44337838642542,-227.67325178999275,-5.028248693567436,0.5601404017259969,0.78468069207241,0.1926588932324051,3.679430338874602e-05,14.387594287509613,16.364028912159217,nan,nan,nan
3.3200000000000003,220.00315856933594,-227.64749145507812,-5.017778396606445,219.44354429494916,-227.66506240460103,-5.027215938905888,0.5599695898611159,0.7847393623725971,0.1926768482993855,3.6028725904329296e-05,13.868673529655943,15.858876511316915,nan,0.9222621201459841,nan
3.33,220.00315856933594,-227.63888549804688,-5.017780303955078,219.443715568705,-227.6568775417562,-5.027349590017836,0.5598140368261135,0.7847982214570169,0.19269498673003796,3.675032183989448e-05,13.876295108649764,15.867063600548477,nan,nan,nan
3.34,220.003173828125,-227.63026428222656,-5.017782688140869,219.4438841989778,-227.64868843621596,-5.0268586573592495,0.5596666078471114,0.784857269410505,0.19271330860019642,3.598749768244055e-05,13.662961963396768,15.526641526608943,nan,0.2611320668345118,nan
3.35,220.003173828125,-227.6216583251953,-5.017784595489502,219.43784068065276,-227.64468027744584,-5.026845472520534,0.5658742593623359,0.7847653231265586,0.1927020997598483,3.668541476758057e-05,14.194573384207569,16.116314451164758,3.245956423910517,nan,nan
3.36,220.003173828125,-227.613037109375,-5.017786502838135,219.43799135876645,-227.6365406390153,-5.02547417504614,0.5657232007614277,0.784823790214723,0.19272049115054837,3.592617343395277e-05,13.594029109704286,15.53006069592869,nan,1.5040365694401328,nan
3.37,220.003173828125,-227.6044158935547,-5.017788410186768,219.43814849760358,-227.6284064465483,-5.025587693227028,0.5655881890383883,0.7848824436050583,0.19273906359239704,3.6645538297903294e-05,13.600891151646842,15.536677629976158,nan,nan,nan
3.38,220.003173828125,-227.59579467773438,-5.0177903175354,219.43830332749013,-227.6202687790019,-5.025209699211032,0.5654491235688561,0.7849412833876779,0.19275781717021942,3.588883261956756e-05,13.466445496311858,15.403547972086422,nan,0.16271863846191917,nan
3.39,220.003173828125,-227.58717346191406,-5.017792224884033,219.43846010389305,-227.61213189184124,-5.025320417547315,0.5653151220736312,0.7850003097601788,0.192776752086079,3.660761708385105e-05,13.472070738017175,15.41714157961186,nan,nan,nan
3.4,220.003173828125,-227.5785369873047,-5.017794132232666,219.43428561573674,-227.5938419110427,-5.025642392122836,0.569148165303411,0.784908463460351,0.19276562791989493,3.5831417698707324e-05,13.06647285214237,14.777366171866229,4.751896968868265,0.0528599731468216,nan
3.41,220.003173828125,-227.56991577148438,-5.017795562744141,219.43442146618605,-227.58562401150675,-5.0257565847067,0.5690249343275048,0.7849669163274305,0.19278462218710724,3.654877389813616e-05,13.068772256517777,14.802210925479361,nan,nan,nan
3.42,220.003173828125,-227.56129455566406,-5.017797470092773,219.43455648550525,-227.57740423527648,-5.02570309389345,0.568900433285855,0.7850255531842769,0.19280379535335623,3.579774695460564e-05,13.067580396102045,14.796514360231495,nan,0.019144889537504258,nan
3.43,220.003173828125,-227.5526580810547,-5.017799377441406,219.434692126442,-227.56918382454174,-5.025817205164257,0.5687783671234257,0.7850843742236204,0.19282314761287445,3.651462923465453e-05,13.07006164440916,14.794962318892905,nan,nan,nan
3.44,220.003173828125,-227.54403686523438,-5.017800807952881,219.43483117619556,-227.56096558833661,-5.026823678637408,0.5686663027325007,0.7851433795428976,0.19284267906221658,3.576582412511642e-05,13.572174548836715,15.327894332513388,nan,0.536882775086233,nan
3.45,220.003173828125,-227.535400390625,-5.017802715301514,219.431447817249,-227.5489927073736,-5.027058240938401,0.5719624527375902,0.7850516302514667,0.19283159953819942,3.645957225899563e-05,13.523151615841835,15.184240023448847,1.0152877045563085,nan,nan
3.46,220.00318908691406,-227.5267791748047,-5.017804145812988,219.43157186398116,-227.54074712857422,-5.027626590324505,0.5718722179842372,0.785110069190557,0.19285118065698098,3.571380669277788e-05,13.861018681568078,15.443668224743343,nan,0.13138740843525862,nan
3.47,220.00318908691406,-227.5181427001953,-5.017805576324463,219.4316943380522,-227.5324985563143,-5.02775985522045,0.5717616865879693,0.7851686899761166,0.1928709386889228,3.642898110975529e-05,13.86579177996552,15.550775875822705,nan,nan,nan
3.48,220.00318908691406,-227.50950622558594,-5.017807483673096,219.43181488322566,-227.52424685065768,-5.027370613753432,0.5716443125974405,0.7852274927100499,0.19289087373736616,3.5685246171782674e-05,13.694518211196712,15.38095621086977,nan,0.18598729783716877,nan
3.49,220.00318908691406,-227.50086975097656,-5.01780891418457,219.43193741761118,-227.51599595078147,-5.027500707609839,0.571534078128037,0.7852864775783656,0.19291098598638132,3.640008066556562e-05,13.697960681407618,15.403255963737573,nan,nan,nan
3.5,220.00318908691406,-227.4922332763672,-5.017810344696045,219.4137126464394,-227.4973577318842,-5.027601189158717,0.5895800153959805,0.7851948223613825,0.1928999140330326,3.563658690585651e-05,13.749012247686801,15.030484461943168,6.830000350184273,0.04002486972005513,nan
3.5100000000000002,220.00318908691406,-227.4835968017578,-5.0178117752075195,219.41377497269175,-227.48906383683678,-5.0277298029835205,0.5895229035347039,0.7852532477458583,0.19292006672066392,3.63502303564032e-05,13.750230080219815,15.03833961170188,nan,nan,nan
3.52,220.00318908691406,-227.47496032714844,-5.017813205718994,219.41383618186111,-227.4807679440847,-5.027596585335818,0.5894627126676923,0.7853118528151415,0.19294039431267124,3.5611180876741314e-05,13.716731791991075,15.01307401599893,nan,0.04700176331895433,nan
3.5300000000000002,220.00318908691406,-227.46632385253906,-5.017814636230469,219.41389814166914,-227.4724718541052,-5.027724323691694,0.5894063267190935,0.785370637751158,0.19296089698728194,3.632456961256643e-05,13.71702491930322,15.027129146438437,nan,nan,nan
3.54,220.00318908691406,-227.4576873779297,-5.017816066741943,219.41395609945116,-227.46417096601579,-5.026730613575794,0.5893360837197952,0.7854296026619549,0.19298157485659434,3.558727548370362e-05,13.231012027814408,14.552934060999135,nan,0.8599321513783511,nan
3.5500000000000003,220.00318908691406,-227.44903564453125,-5.01781702041626,219.41943927500782,-227.45773711958614,-5.026844888026303,0.58388445857232,0.7853380387991854,0.19297047630330966,3.627794604654946e-05,13.204561684607373,14.59936661714292,0.2035148899445368,nan,nan
3.56,220.00318908691406,-227.44039916992188,-5.017818450927734,219.41952415273934,-227.4494459791974,-5.028903997920374,0.5838402945115853,0.7853964509076582,0.19299118581110572,3.554321868896928e-05,14.399406012621462,15.843776016780359,nan,2.5735304538029737,nan
3.5700000000000003,220.00318908691406,-227.43174743652344,-5.017819881439209,219.41960241875555,-227.44114768658005,-5.029044025465396,0.58377028475472,0.7854550406806301,0.19301206834292797,3.6255314492412165e-05,14.401650490036895,15.812975241468985,nan,nan,nan
3.58,220.00318908691406,-227.42311096191406,-5.017821311950684,219.41968073250914,-227.43284828729134,-5.029222639402753,0.5837009554844997,0.7855138082298618,0.1930331240158757,3.552217680893852e-05,14.569763734595366,16.0374532742883,nan,0.0009702817440976593,nan
3.59,220.00318908691406,-227.41445922851562,-5.017822265625,219.41975890844182,-227.4245475599281,-5.029364924951029,0.583631545212522,0.785572753731693,0.1930543530006838,3.623412263569529e-05,14.571759619062885,16.01083914794776,nan,nan,nan
3.6,220.00318908691406,-227.40582275390625,-5.017823696136475,219.43698025706897,-227.42277250136624,-5.029672311838453,0.5665863770225708,0.7854812785654531,0.1930431962224086,3.693714596156837e-05,14.56500146742709,16.43542344799764,3.2836235110226566,nan,nan
3.61,220.00318908691406,-227.3971710205078,-5.017824649810791,219.43711108221288,-227.4144820942468,-5.0298199003187465,0.5664696520690387,0.7855396777370337,0.1930644484458965,3.767711490443206e-05,14.566845512261729,16.4125218195026,nan,nan,nan
3.62,220.00320434570312,-227.38851928710938,-5.017826080322266,219.43723981247297,-227.40618890785123,-5.029293607895561,0.5663564006526596,0.7855982525475826,0.19308587181237338,3.685785844239125e-05,14.29983386497378,16.017527936679244,nan,0.28941697617380746,nan
3.63,220.00320434570312,-227.37986755371094,-5.017827033996582,219.43737069297583,-227.3978965087989,-5.02943653055001,0.5662398309819772,0.7856570031724324,0.19310746649017752,3.759596385547717e-05,14.300214176715247,16.169845423906075,nan,nan,nan
3.64,220.00320434570312,-227.3712158203125,-5.017827987670898,219.4500133438188,-227.38316712743693,-5.029845399398579,0.5534505727636416,0.7823904993091826,0.1922490828341702,3.678147045687032e-05,20.310388766419774,22.195207238065002,nan,0.04456261278584888,0.047068853681529785
3.65,220.00320434570312,-227.36256408691406,-5.017829418182373,219.4934915965091,-227.38910295159334,-5.029952092095621,0.5105471156046236,0.7823172948530521,0.19223722359579376,3.7493842627132106e-05,19.476234654517476,22.762034179120583,15.479678604871909,nan,nan
3.66,220.00320434570312,-227.35391235351562,-5.0178303718566895,219.49376945708315,-227.38078542286885,-5.030668677824505,0.5103047028000391,0.7823708965169952,0.1922541608990524,3.668500827964947e-05,20.015855213186487,23.334814390595323,nan,0.20744584292983206,nan
3.67,220.00320434570312,-227.3452606201172,-5.017831325531006,219.49404807871196,-227.3724643918389,-5.030823234302561,0.5100479772588046,0.7824246684463384,0.19227125430844788,3.7418775897694814e-05,19.99965857870235,23.345271551655806,nan,nan,nan
3.68,220.00320434570312,-227.33660888671875,-5.017832279205322,219.49432340696362,-227.3641533303991,-5.033300580215177,0.5098605441943852,0.7824786107791984,0.19228850389931038,3.6614404732912785e-05,21.989113341939703,25.366364259560505,nan,3.4714798658578867,nan
3.69,220.00320434570312,-227.3279571533203,-5.017833232879639,219.49460219480707,-227.35583045503466,-5.033480357981696,0.5096056331797264,0.7825327236665496,0.19230590988318028,3.7346625164512224e-05,21.975030024785347,25.38134693218712,nan,nan,nan
3.7,220.00320434570312,-227.31930541992188,-5.017834186553955,219.46654058216873,-227.33868791014513,-5.035069065452552,0.537290160964075,0.7824593648253975,0.1922942140237257,3.6523869024923314e-05,24.1452475609221,26.594780208571628,6.861500894652931,1.1661589854839365,nan
3.71,220.00320434570312,-227.31063842773438,-5.0178351402282715,219.46672971132406,-227.33037084222306,-5.035265582853312,0.5371203048142993,0.7825130194229272,0.19231168072040514,3.7253718754564523e-05,24.138462597230784,26.55117434868034,nan,nan,nan
3.72,220.00320434570312,-227.30198669433594,-5.017836093902588,219.46692311648522,-227.32204006393778,-5.032521176441887,0.5368569139845756,0.7825668424985699,0.19232930207226942,3.645882693814653e-05,21.86642490156339,24.350287276450537,nan,5.621879257299701,nan
3.73,220.00320434570312,-227.29331970214844,-5.017837047576904,219.46711219772018,-227.31372140904344,-5.032690134391464,0.5366857879254064,0.7826208342034814,0.192347078282778,3.7187328157681796e-05,21.853734127270727,24.30077386608176,nan,nan,nan
3.74,220.00320434570312,-227.28466796875,-5.017838001251221,219.46730207409834,-227.30539971210766,-5.032300146115649,0.5364980927532681,0.7826749946754373,0.19236500943931018,3.6396449100253854e-05,21.63543110606655,24.16291116230869,nan,0.2042435692080917,nan
3.75,220.00320434570312,-227.2760009765625,-5.017838954925537,219.44135634408192,-227.29194638534972,-5.032486259048438,0.5622650411551448,0.7826014843626173,0.19235344429717982,3.710030046079304e-05,22.567745179616047,24.213285662107932,7.382797552774963,nan,nan
3.7600000000000002,220.00320434570312,-227.26734924316406,-5.0178399085998535,219.44146111590084,-227.28366232335318,-5.033325425727077,0.5621933600236324,0.7826551906844693,0.19237142911711938,3.631427462989535e-05,23.361856901381074,25.077865766605875,nan,0.2969004947392776,nan
3.77,220.00320434570312,-227.25868225097656,-5.01784086227417,219.44156706513493,-227.27537461576094,-5.033498937515948,0.5621034115591239,0.7827090637621157,0.1923895672988739,3.703942980906102e-05,23.352326932842157,25.038763817346382,nan,nan,nan
3.7800000000000002,220.00320434570312,-227.25001525878906,-5.017841815948486,219.44167757373413,-227.2670744974438,-5.030764786002556,0.5619344591822271,0.7827631037332152,0.19240785893694404,3.6257131895290834e-05,21.313303064385217,23.02156092843496,nan,5.558852653877848,nan
3.79,220.00320434570312,-227.24136352539062,-5.0178422927856445,219.44178388717572,-227.25878523149075,-5.030911592944671,0.5618427303998966,0.7828173107491646,0.1924263042241757,3.698119891117139e-05,21.298023031332825,23.091282851374917,nan,nan,nan
3.8000000000000003,220.00320434570312,-227.23269653320312,-5.017843246459961,219.4505505190595,-227.25256586161274,-5.029528637885013,0.5531343333115769,0.7827436517791582,0.19241483896887074,3.6180270289968476e-05,20.218575360478564,22.193026820012083,1.7976879610644878,1.2348740218137662,nan
3.81,220.00320434570312,-227.22402954101562,-5.017844200134277,219.45068386871912,-227.24426825869295,-5.029660843120639,0.5530172838450141,0.7827974086714123,0.19243333112114241,3.6902423114397983e-05,20.20020731206602,22.202655825223072,nan,nan,nan
3.8200000000000003,220.00320434570312,-227.21536254882812,-5.0178446769714355,219.45082201379148,-227.2359581381441,-5.026649599374328,0.5528362737429043,0.7828513306333031,0.1924519752755021,3.612812580705212e-05,18.533738263838444,20.56841682542265,nan,6.54469742543026,nan
3.83,220.00320434570312,-227.20669555664062,-5.017845630645752,219.45095540991858,-227.2276589338143,-5.026753056286022,0.5527184568016773,0.782905417816283,0.19247077161854892,3.6849353387531686e-05,18.512096549136878,20.57473126466986,nan,nan,nan
3.84,220.00320434570312,-227.19802856445312,-5.017846584320068,219.4510910337747,-227.21935403121617,-5.025458948112017,0.5525774450913961,0.7829596703578648,0.19248972025409777,3.6078370309776335e-05,17.935825923213795,20.028675835400108,nan,1.2983783140333829,nan
3.85,220.00320434570312,-227.18936157226562,-5.017847061157227,219.45485816262587,-227.20692945694657,-5.025497819391999,0.5486808737044935,0.7828858654767047,0.19247832598049402,3.6775791974388176e-05,17.292258717007286,19.667575086287048,2.5477851335078356,nan,nan
3.86,220.0032196044922,-227.18069458007812,-5.017848014831543,219.45500687616175,-227.19857835508034,-5.024527403351535,0.5485450201604574,0.7829396718118257,0.1924973149285063,3.600893809050812e-05,16.907059043960892,19.15666897499214,nan,0.7510454627898534,nan
3.87,220.0032196044922,-227.17202758789062,-5.017848491668701,219.4551539750972,-227.1902302734081,-5.024609162258512,0.5484094989613069,0.7829936415920848,0.19251645463962402,3.6727628583587785e-05,16.87888741648415,19.326188328286218,nan,nan,nan
3.88,220.0032196044922,-227.16336059570312,-5.017848968505859,219.45530050413282,-227.1818824777489,-5.024969576621855,0.5482783086289988,0.7830477749549961,0.19253574522311923,3.596383081425225e-05,17.010272325852743,19.49108402846476,nan,0.0515043416678805,nan
3.89,220.0032196044922,-227.15469360351562,-5.017849922180176,219.45544741386303,-227.17353304956887,-5.025055982481462,0.5481434345673845,0.7831020720520692,0.19255518685745782,3.668180641191619e-05,16.98177413241664,19.49664260054099,nan,nan,nan
3.9,220.0032196044922,-227.14601135253906,-5.017850399017334,219.45913694977787,-227.16717462053265,-5.022479219871733,0.544513769390314,0.7830281239130104,0.192543836289944,3.589907154641405e-05,16.198661552178585,18.712935199522526,0.22594327970863953,4.593127566196491,nan
3.91,220.0032196044922,-227.13734436035156,-5.01785135269165,219.4592940346905,-227.15883076743842,-5.022540696874077,0.5443699855084482,0.7830819786154911,0.19256331191257928,3.661550138107553e-05,16.168107743312962,18.80293107067206,nan,nan,nan
3.92,220.0032196044922,-227.12867736816406,-5.017851829528809,219.45944874842695,-227.15049076865452,-5.024035515273696,0.5442433337361783,0.7831359951707035,0.19258293702055682,3.5858367236523385e-05,16.599347742958106,19.272217035438548,nan,1.3788685241239338,nan
3.93,220.0032196044922,-227.1199951171875,-5.017852306365967,219.45960545015097,-227.14214569296396,-5.024113136446551,0.5441012725592906,0.7831901737301045,0.1926027117876014,3.657421352505685e-05,16.57150851049453,19.190374718292315,nan,nan,nan
3.94,220.0032196044922,-227.111328125,-5.017853260040283,219.45976447848466,-227.13379499846224,-5.022571415460817,0.5439397902135862,0.7832445144312317,0.19262263633005514,3.5819762696325045e-05,16.08614108009432,18.82749186742132,nan,1.7682260735998847,nan
3.95,220.0032196044922,-227.10264587402344,-5.017853736877441,219.4437726284697,-227.1180171423877,-5.022605061740608,0.559678273617786,0.7831704256256752,0.19261130387052477,3.6512449174417975e-05,16.166814644754588,18.45794142702645,2.238538511010355,nan,nan
3.96,220.0032196044922,-227.09397888183594,-5.0178542137146,219.44388353999557,-227.1096477481127,-5.021572365556819,0.5595678431344029,0.7832243276425701,0.1926312562999796,3.576148134857385e-05,15.900232125651222,18.331709279899048,nan,0.8124773537811362,nan
3.97,220.0032196044922,-227.08529663085938,-5.017854690551758,219.44399261188065,-227.10128091210666,-5.021626164318624,0.5594680960758318,0.7832783899779401,0.19265135702921582,3.647543870115596e-05,15.87007056026895,18.231781563055204,nan,nan,nan
3.98,220.0032196044922,-227.0766143798828,-5.017855167388916,219.444101370885,-227.092913777493,-5.0218036509912,0.5593696988908511,0.7833326127694215,0.19267160617867374,3.5726924599409395e-05,15.882682758046236,18.28866640007457,nan,0.010176309972112644,nan
3.99,220.0032196044922,-227.0679473876953,-5.017856121063232,219.4442103416848,-227.08454571356185,-5.021860928514438,0.5592699695216599,0.7833869961683743,0.19269200391596955,3.644046496327426e-05,15.850784782163537,18.39989317812448,nan,nan,nan
4.0,220.0032196044922,-227.05926513671875,-5.017856597900391,219.44506806944466,-227.08014459327293,-5.02218822971081,0.5585587263807196,0.7833127692009738,0.19268066541795156,3.567267867885919e-05,16.324789406625715,18.668347101769562,0.926603107275693,0.03991498514227482,nan
4.01,220.0032196044922,-227.0505828857422,-5.017857074737549,219.4451778376137,-227.07180434887545,-5.022250579591815,0.5584624132054784,0.7833667175279115,0.19270108514914422,3.638496509485268e-05,16.29705491839572,18.67982705899352,nan,nan,nan
4.0200000000000005,220.0032196044922,-227.0419158935547,-5.017857551574707,219.4452886284708,-227.06346150805027,-5.021593932539961,0.5583593359574971,0.7834208246679918,0.1927216519762775,3.5641926792332555e-05,16.12408131838903,18.644012147893275,nan,0.3526814087831522,nan
4.03,220.0032196044922,-227.03323364257812,-5.017858028411865,219.44539821302004,-227.05511992867852,-5.021651050286203,0.5582634694462183,0.7834750907724352,0.19274236606344855,3.635390021315294e-05,16.095336031646745,18.549870603408166,nan,nan,nan
4.04,220.0032196044922,-227.02455139160156,-5.017858505249023,219.44550888716066,-227.0467760719703,-5.020946166449558,0.558161906883328,0.7835295159790394,0.1927632275363466,3.561298549321209e-05,15.93425234486466,18.427382565874577,nan,0.396884438897284,nan
4.05,220.0032196044922,-227.015869140625,-5.017858982086182,219.4586358490011,-227.03998730655945,-5.021003915998082,0.5451266305016943,0.7834551532980588,0.19275186031930575,3.630228369664482e-05,15.444052395294708,18.40950020703769,1.8966503051463555,nan,nan
4.0600000000000005,220.0032196044922,-227.00718688964844,-5.01785945892334,219.45878446299358,-227.03162577258865,-5.020863212617724,0.5449916557473461,0.7835091469503226,0.19277273809548665,3.5564284656949407e-05,15.389974603312256,18.395934234675117,nan,0.02561501638332627,nan
4.07,220.0032196044922,-226.99850463867188,-5.017859935760498,219.4589327831394,-227.0232641165056,-5.020915049765341,0.5448582470354094,0.783563297964891,0.19279376183420632,3.627487825126635e-05,15.358046328764171,18.403807266902113,nan,nan,nan
4.08,220.0032196044922,-226.9898223876953,-5.017860412597656,219.4590786933086,-227.01490575296546,-5.022627700439301,0.5447396015256578,0.7836176064797361,0.1928149316641569,3.553880217023901e-05,15.70450003524451,18.790892591941677,nan,1.8860313917724447,nan
4.09,220.0032196044922,-226.98114013671875,-5.0178608894348145,219.4592271410037,-227.00654324416337,-5.02269779877789,0.544606751603485,0.7836720726458609,0.19283624774495858,3.62492116863809e-05,15.674491928461853,18.801491957396657,nan,nan,nan
4.1,220.0032196044922,-226.9724578857422,-5.017861366271973,219.47308184786618,-226.9958023172358,-5.02535351506458,0.5307043770082774,0.7835975766187547,0.1928248304225613,3.549352352457185e-05,15.70614525928929,19.5777945539006,5.7195373967084056,4.0068687937592085,nan
4.11,220.0032196044922,-226.96377563476562,-5.017861843109131,219.4732722426254,-226.9873912787326,-5.0254531677618886,0.5305275989046444,0.7836516146566562,0.19284615730610985,3.6202905446057923e-05,15.676869736280748,19.59050182654098,nan,nan,nan
4.12,220.0032196044922,-226.95509338378906,-5.017862319946289,219.4734642622624,-226.9789773022272,-5.024445538584528,0.5303343312935592,0.7837058086325319,0.192867629015302,3.547126738927312e-05,15.267102391219582,19.221333467770233,nan,0.844035540603979,nan
4.13,220.0032196044922,-226.9464111328125,-5.017862796783447,219.47365456668723,-226.9705649278312,-5.024536193455707,0.5301575891207406,0.7837601586971816,0.19288924570721658,3.618054596097234e-05,15.236289520698461,19.230090564154413,nan,nan,nan
4.14,220.0032196044922,-226.93772888183594,-5.017862796783447,219.47384598985184,-226.96215030954812,-5.023829068413406,0.5299702127535589,0.7838146649888419,0.19291100751433785,3.545054336278875e-05,14.969474639310159,19.01195588893249,nan,0.43885090028879103,nan
4.15,220.0032196044922,-226.9290313720703,-5.0178632736206055,219.46357011654928,-226.95265613195028,-5.023871243538702,0.540199773064528,0.783740037931185,0.1928995199852285,3.613750139248881e-05,15.378589223836075,18.861183981857184,1.2938276458161855,nan,nan
4.16,220.0032196044922,-226.92034912109375,-5.017863750457764,219.46372931756747,-226.94425741412442,-5.024510588811342,0.5400606971645439,0.7837941194325397,0.19292128727889063,3.5409924394135564e-05,15.588976520125867,19.25172965578495,nan,0.2120913073433392,nan
4.17,220.0032196044922,-226.9116668701172,-5.017864227294922,219.46388948994473,-226.93585717009998,-5.024601957709708,0.5399143821775536,0.7838483554983033,0.1929431983154479,3.611821421140778e-05,15.559595883258856,19.26759368673545,nan,nan,nan
4.18,220.0032196044922,-226.90296936035156,-5.01786470413208,219.46404642213173,-226.92746050078074,-5.026950563645548,0.5398056033233845,0.7839027462669389,0.19296525322951844,3.539210044084663e-05,16.597963116634915,20.20445456361276,nan,3.5130403931219387,nan
4.19,220.0032196044922,-226.894287109375,-5.01786470413208,219.46420663409398,-226.91905926182048,-5.027066625007347,0.5396603720323292,0.7839572918889427,0.19298745217499874,3.610038408348002e-05,16.572138139340495,20.367696675349087,nan,nan,nan
4.2,220.0032196044922,-226.88560485839844,-5.017865180969238,219.4580334109061,-226.9075023123589,-5.02721770769627,0.5457059225654607,0.7838825360412978,0.1929758754923469,3.535433082922348e-05,16.715131765850206,20.370595632294034,0.3671637011244764,0.0014341628870578325,nan
4.21,220.0032196044922,-226.8769073486328,-5.0178656578063965,219.4581762233854,-226.8990913306041,-5.027335951867896,0.545576853260862,0.7839366601253761,0.19299807478197423,3.606175831584746e-05,16.69079679233245,20.234320528028988,nan,nan,nan
4.22,220.0032196044922,-226.86822509765625,-5.017866134643555,219.45831915923767,-226.89067979552132,-5.027455158350313,0.5454472092424952,0.7839909374278674,0.19302041674231768,3.678352417817342e-05,16.664648418045193,20.396771522717774,nan,nan,nan
4.23,220.0032196044922,-226.85952758789062,-5.017866134643555,219.458462225892,-226.88226783407552,-5.027575299391598,0.5453182448955939,0.7840453680932717,0.19304290151787745,3.751977291640136e-05,16.639862773350284,20.259977255651474,nan,nan,nan
4.24,220.0032196044922,-226.85084533691406,-5.017866611480713,219.4586084121681,-226.87385201844737,-5.02549149130339,0.5451502517583064,0.7840999522630301,0.1930655292494314,3.670964679886307e-05,15.672032639707407,19.47553338164246,nan,3.114226709523683,nan
4.25,220.0032196044922,-226.84214782714844,-5.017867088317871,219.46280811917458,-226.86923777962767,-5.025551543553841,0.5411446108396359,0.7840250698177873,0.19305384559624708,3.742035771190393e-05,15.84758953394722,19.510120413743987,0.4949213232819645,nan,nan
4.26,220.0032196044922,-226.83346557617188,-5.017867088317871,219.4629617819613,-226.8608419786255,-5.025787669542745,0.5410089812785565,0.7840792356196064,0.19307646869770137,3.6615729761968344e-05,15.944483152407829,19.800164289528546,nan,0.011883116505892759,nan
4.2700000000000005,220.0032196044922,-226.82476806640625,-5.017867565155029,219.46311572600138,-226.85244558298376,-5.025890151348166,0.5408720794919456,0.7841335533353347,0.19309923343251656,3.734780191724153e-05,15.91737135085424,19.65046092746291,nan,nan,nan
4.28,220.0032196044922,-226.8160858154297,-5.0178680419921875,219.46326913624804,-226.84404929699141,-5.026382418289994,0.5407411201877135,0.7841880231036217,0.1931221399389251,3.6547498242200665e-05,16.139009559359387,20.06138615794808,nan,0.09777385308576254,nan
4.29,220.0032196044922,-226.80738830566406,-5.0178680419921875,219.46342302740254,-226.83565190964282,-5.026490593868791,0.5406047764757829,0.7842426450747523,0.1931451883673385,3.727809759318225e-05,16.112574767131257,19.924124045298022,nan,nan,nan
4.3,220.0032196044922,-226.79869079589844,-5.017868518829346,219.48511042682827,-226.82848037378326,-5.0279810372231735,0.5190633891524246,0.7841676381547583,0.193133380956803,3.6459370156726015e-05,16.047858824435558,20.797993018976772,5.801685035096948,1.057515301436576,nan
4.3100000000000005,220.0032196044922,-226.79000854492188,-5.017868995666504,219.48532593014352,-226.82005034589454,-5.028106139271777,0.5188652684900414,0.7842218448478772,0.19315641993998103,3.7187674063672366e-05,16.019861035767274,20.977182902530952,nan,nan,nan
4.32,220.0032196044922,-226.78131103515625,-5.017868995666504,219.48554135187135,-226.81161994964089,-5.028298954050236,0.5186696323920357,0.7842762021760259,0.19317959953573346,3.6396575327158956e-05,16.150670982568716,20.978786698717368,nan,0.0028981717269597144,nan
4.33,220.0032196044922,-226.77261352539062,-5.017869472503662,219.48575689604715,-226.80318903159593,-5.028426795395523,0.5184727314696773,0.784330710289165,0.193202919893195,3.712359983170472e-05,16.124157409898807,20.979882739096627,nan,nan,nan
4.34,220.00323486328125,-226.763916015625,-5.017869472503662,219.48597531716698,-226.79475503299076,-5.026167587636829,0.5182444806779855,0.7843853693264025,0.19322638115250587,3.63363863867335e-05,14.9775474666161,19.637154226422894,nan,3.730335508316355,nan
4.3500000000000005,220.00323486328125,-226.75523376464844,-5.01786994934082,219.48079971836032,-226.76931021826334,-5.026106046599099,0.5226896406979742,0.7843102400099758,0.19321443419490444,3.7038918054068815e-05,13.669067259580684,19.374017404791864,12.366235844501816,nan,nan
4.36,220.00323486328125,-226.7465362548828,-5.01786994934082,219.48100454335,-226.76078038172102,-5.025980233508686,0.522487491634169,0.7843644867820403,0.19323788134750755,3.625642663128936e-05,13.608754074941473,19.13460240936553,nan,0.03469579616883536,nan
4.37,220.00323486328125,-226.7378387451172,-5.0178704261779785,219.48120899379708,-226.75225046955498,-5.026082928472582,0.5222893368679,0.7844188829543337,0.19326146812632733,3.698023900429924e-05,13.575273498586556,19.13436025648262,nan,nan,nan
4.38,220.00323486328125,-226.72914123535156,-5.017870903015137,219.4814113934761,-226.74372170008348,-5.027730609700525,0.522120232711981,0.7844734286662843,0.19328519467252064,3.620135518595896e-05,14.393750523961732,19.9927149465306,nan,1.571370612904553,nan
4.39,220.00323486328125,-226.72044372558594,-5.017870903015137,219.4816157820595,-226.73519085654155,-5.02785045516,0.5219229207718938,0.7845281240673966,0.1933090611337046,3.692414120934833e-05,14.362523612946411,20.00851253210224,nan,nan,nan
4.4,220.00323486328125,-226.7117462158203,-5.017871379852295,219.45744011908798,-226.7276544287412,-5.0312049260208855,0.5461893055349645,0.7844528743681303,0.1932969597584894,3.612658481197865e-05,17.731644197964062,22.19590223443017,8.761898256066681,6.454871548171509,nan
4.41,220.00323486328125,-226.7030487060547,-5.017871379852295,219.4575755690605,-226.71917057025072,-5.0313599624921,0.5460640271399163,0.7845071604419221,0.19332080759742717,3.6847518857895344e-05,17.70821167658735,22.206219290938474,nan,nan,nan
4.42,220.00323486328125,-226.69435119628906,-5.017871856689453,219.4577118641422,-226.71068581248994,-5.030785762524709,0.5459202608806698,0.7845615947028913,0.19334479409309935,3.607639849411589e-05,17.353165726736197,21.875199084238144,nan,0.353913144991995,nan
4.43,220.00323486328125,-226.68565368652344,-5.017871856689453,219.45784738371887,-226.70220146947148,-5.030935369062902,0.5457948216495196,0.784616177300228,0.19336891939232875,3.679646451181455e-05,17.328302483116616,21.886514020491813,nan,nan,nan
4.44,220.00323486328125,-226.6769561767578,-5.017871856689453,219.45798386048688,-226.6937163404235,-5.030448896071218,0.5456534990760898,0.7846709083738098,0.1933931836374602,3.602854791470077e-05,17.040909378453936,21.637084929734602,nan,0.2701960692881998,nan
4.45,220.00323486328125,-226.6682586669922,-5.017872333526611,219.44189702046063,-226.68415172015824,-5.030663269539417,0.5617084394643989,0.7845955402634235,0.19338091385614076,3.672493333213588e-05,17.739631803649978,21.706819494615818,2.999046120397574,nan,nan
4.46,220.00323486328125,-226.65956115722656,-5.017872333526611,219.44198675939703,-226.67568771002527,-5.0319869333592955,0.5616571211577789,0.7846498648752884,0.19340515510413075,3.5961032788970625e-05,18.786337400600537,22.789322893057516,nan,0.9238910897384341,nan
4.47,220.00323486328125,-226.65086364746094,-5.0178728103637695,219.44207801986838,-226.66722276093984,-5.032147249592747,0.5615766938880372,0.7847043365016192,0.19342953406750366,3.6678672071030145e-05,18.76337741169779,22.78622275297131,nan,nan,nan
4.48,220.00323486328125,-226.6421661376953,-5.0178728103637695,219.44216751711662,-226.65875868781893,-5.033738627870141,0.5615368232066138,0.7847589552825984,0.193454050889212,3.591772339322685e-05,20.178182532563564,24.234429331179157,nan,1.3697247581700376,nan
4.49,220.00323486328125,-226.6334686279297,-5.017873287200928,219.44225873869172,-226.6502933663442,-5.03391516356595,0.5614575905440363,0.7848137213669778,0.19347870571517067,3.663469864284776e-05,20.156059664940347,24.237956253999243,nan,nan,nan
4.5,220.00323486328125,-226.62477111816406,-5.017873287200928,219.42568552633603,-226.63024479032035,-5.033785412616152,0.5777944214233754,0.784738236757742,0.19346625436036619,3.585476959989953e-05,19.931923494019564,23.97735980112101,5.267316321727,0.16561152989729475,nan
4.51,220.00323486328125,-226.61607360839844,-5.017873764038086,219.42573368824625,-226.62173757837695,-5.033963030099747,0.5777530200744274,0.7847925991756848,0.19349088194830918,3.65702500125755e-05,19.91003681214508,23.975554797877535,nan,nan,nan
4.5200000000000005,220.00323486328125,-226.6073760986328,-5.017873764038086,219.42578322537204,-226.61322943009978,-5.03292080481569,0.5776773052920204,0.7848471074565341,0.19351564632943016,3.581576006627312e-05,19.11436024150056,23.21363382921349,nan,1.0040570445184522,nan
4.53,220.00323486328125,-226.59866333007812,-5.017873764038086,219.42583134214865,-226.6047216083135,-5.033088267186103,0.5776357070486012,0.784901761748747,0.19354054764919343,3.653070380740619e-05,19.09192279130371,22.996800270086077,nan,nan,nan
4.54,220.00323486328125,-226.5899658203125,-5.017874240875244,219.4258804106347,-226.59621315870808,-5.0326030665446755,0.5775760828959435,0.7849565621929314,0.19356558605122645,3.577880156175944e-05,18.779861750317814,22.938166696021952,nan,0.28836601023856406,nan
4.55,220.00323486328125,-226.58126831054688,-5.017874240875244,219.3848478430591,-226.57329755481487,-5.032769721069066,0.6186177455071641,0.7848809629573171,0.19355294073789547,3.647068456298176e-05,19.36301955592103,22.900341033735998,12.998511016296282,nan,nan
4.5600000000000005,220.00323486328125,-226.57257080078125,-5.017874240875244,219.3847882401132,-226.56476871410285,-5.03241752434788,0.6186667967158531,0.7849353624625411,0.19357794778999596,3.572216790082012e-05,19.162891615243907,22.729740354866372,nan,0.18045694138482588,nan
4.57,220.00323486328125,-226.56385803222656,-5.017874717712402,219.38472799711232,-226.55623977091025,-5.032577327390795,0.6187284930686057,0.7849899067159722,0.19360309073697096,3.6435312668616285e-05,19.13883661360593,22.495393668580867,nan,nan,nan
4.58,220.00323486328125,-226.55516052246094,-5.017874717712402,219.38467019446804,-226.54770964729965,-5.030612656347478,0.6187406727582502,0.7850445958585003,0.19362836972276914,3.568915959675501e-05,17.71488849412273,21.347305244245355,nan,3.065622546223642,nan
4.59,220.00323486328125,-226.5464630126953,-5.017874717712402,219.3846101732343,-226.5391800631871,-5.030753481107779,0.6188015926254629,0.7850994300381734,0.19365378489237445,3.640192875289181e-05,17.687551016537935,21.352546063532195,nan,nan,nan
4.6000000000000005,220.00323486328125,-226.53775024414062,-5.0178751945495605,219.40558835713455,-226.5199048318454,-5.030498677797929,0.5980461164313912,0.7850237179940857,0.19364093396913798,3.5636460349812085e-05,15.84835917075122,20.600316647025995,15.31202311321573,0.12208737245450754,nan
4.61,220.00323486328125,-226.529052734375,-5.0178751945495605,219.40558793578543,-226.51128394254783,-5.030638046905037,0.5980472141130952,0.7850781538962468,0.19366631380012794,3.634801677184165e-05,15.81754008476393,20.887802331102485,nan,nan,nan
4.62,220.00323486328125,-226.52035522460938,-5.0178751945495605,219.4055857303827,-226.50266348332997,-5.032539514235738,0.5980907339490651,0.7851327334525574,0.19369182864758305,3.560716296724868e-05,17.33487479647533,22.439175939078098,nan,2.114246879476963,nan
4.63,220.00323486328125,-226.5116424560547,-5.017875671386719,219.40558550116526,-226.494042247976,-5.032698517552792,0.5980921702635159,0.7851874568107963,0.1937174786562728,3.631844433771791e-05,17.30601911375988,22.154959712787836,nan,nan,nan
4.64,220.00323486328125,-226.50294494628906,-5.017875671386719,219.40558685511633,-226.4854203878228,-5.031415410862294,0.5980581713830225,0.7852423241122445,0.1937432639704679,3.5579631651046354e-05,16.368367334765043,21.540384490843522,nan,1.4221809467681594,nan
4.65,220.00323486328125,-226.49424743652344,-5.017875671386719,219.3810232346957,-226.46433448271773,-5.031551932661086,0.62308036052736,0.7851665010396544,0.19373019648177456,3.626831527180006e-05,16.380715217689037,21.54227618978394,5.492934878017771,nan,nan
4.66,220.00323486328125,-226.48553466796875,-5.017876148223877,219.39818819037154,-226.45900781482516,-5.032431686498026,0.6058027847668409,0.757517419310785,0.19272193882482427,3.5532325090690476e-05,23.22287967488869,28.107200782355964,nan,0.367651353057042,0.010714435953052742
4.67,220.00323486328125,-226.47683715820312,-5.017876148223877,219.39812987193028,-226.45034379416808,-5.032587106991182,0.6058633189124462,0.7575567095947687,0.1927531338047483,3.6242298923209884e-05,23.168874921898706,28.41251349061624,nan,nan,nan
4.68,220.00323486328125,-226.46812438964844,-5.017876148223877,219.39808381065487,-226.44168234768108,-5.033688258991139,0.6059348157393982,0.7575961381246762,0.19278444938226658,3.5508164344231955e-05,24.178025239309328,29.1643851485479,nan,0.6119735728439726,nan
4.69,220.00323486328125,-226.4594268798828,-5.017876625061035,219.39802518347767,-226.433017766658,-5.033855131986782,0.6059962957583552,0.7576357055525793,0.1928158857262688,3.621798733822987e-05,24.12333073591658,29.480979542145406,nan,nan,nan
4.7,220.00323486328125,-226.45071411132812,-5.017876625061035,219.42196480232494,-226.43539912358727,-5.034894884820484,0.5817207695956017,0.7575642718588751,0.19279816596155583,3.546419891932248e-05,25.079263710196557,30.27857799818985,5.797435683268012,0.49759757500512874,nan
4.71,220.00323486328125,-226.4420166015625,-5.017876625061035,219.42197330808474,-226.42676022324915,-5.035072483060433,0.5817159531601618,0.7576036071871557,0.19282950144657998,3.617302725570862e-05,25.0241970072075,30.580572876693925,nan,nan,nan
4.72,220.00323486328125,-226.4333038330078,-5.017876625061035,219.4219950575997,-226.41812386431846,-5.036296782546836,0.5817297012874066,0.7576430796934693,0.19286095683630872,3.544317931459882e-05,26.361585004961103,31.66965396327762,nan,0.7523375705957255,nan
4.73,220.00323486328125,-226.4246063232422,-5.017877101898193,219.42200370968536,-226.4094844951543,-5.036486977273149,0.5817255805417234,0.7576826899821963,0.19289253229585365,3.6151934613315844e-05,26.305197562569212,31.970728093310623,nan,nan,nan
4.74,220.00323486328125,-226.4158935546875,-5.017877101898193,219.4219985911915,-226.40084210973188,-5.035542951678182,0.5816994346193566,0.7577224377492575,0.19292422795000078,3.542365139437017e-05,25.474195718655096,30.886996382816353,nan,0.8878987135963795,nan
4.75,220.00323486328125,-226.4071807861328,-5.017877101898193,219.38916159231533,-226.3758238546971,-5.035754950963292,0.6151332024456487,0.757651405368533,0.19290617997638326,3.61101459870718e-05,25.552732654933273,30.949645557155936,10.238448956848794,nan,nan
4.76,220.00323486328125,-226.3984832763672,-5.017877101898193,219.38907584161936,-226.36713948340713,-5.035159190381472,0.6152011116928819,0.7576909213436022,0.1929377729020916,3.5384217087705226e-05,25.079758908913117,30.867526569773524,nan,0.41814031347438047,nan
4.7700000000000005,220.00323486328125,-226.3897705078125,-5.017877578735352,219.3889993869967,-226.35845672408132,-5.035334654624165,0.6152808487810054,0.7577305740100863,0.192969485213161,3.609204118867452e-05,25.021869281521553,30.526481056848983,nan,nan,nan
4.78,220.00323486328125,-226.38107299804688,-5.017877578735352,219.3889338934279,-226.3497757566705,-5.036448900548068,0.6153780081173044,0.7577703631076181,0.19300131703757364,3.5367509161301556e-05,26.26734298267374,32.17482889707966,nan,0.6078093369923805,nan
4.79,220.00323486328125,-226.3723602294922,-5.017877578735352,219.38885755868776,-226.34109232012912,-5.036635753762715,0.6154583850154738,0.7578102891750483,0.1930332685355614,3.6075353398822456e-05,26.20856963466773,31.82648744666005,nan,nan,nan
4.8,220.00323486328125,-226.3636474609375,-5.017877578735352,219.39097133472197,-226.32429555228035,-5.036958448123169,0.6138234931113493,0.7577396419161967,0.19301489006966363,3.533084258867998e-05,25.694578592341255,32.27824247930064,6.327873907473242,0.010511632544469495,nan
4.8100000000000005,220.00323486328125,-226.35494995117188,-5.01787805557251,219.39093837861614,-226.31557038833068,-5.0371486509225845,0.6138640655291359,0.7577793364625802,0.19304673700421357,3.603785660758365e-05,25.629302345885417,32.62719636846342,nan,nan,nan
4.82,220.00323486328125,-226.3462371826172,-5.01787805557251,219.39090284644402,-226.30684467819202,-5.0371172069488885,0.6138993510295626,0.7578191664134581,0.19307870278229788,3.5316742026854836e-05,25.742214580370472,32.42814619459433,nan,0.034308343211727356,nan
4.83,220.00323486328125,-226.3375244140625,-5.01787805557251,219.3908697355161,-226.29811907464403,-5.037307112103194,0.6139391816093668,0.7578591322678134,0.19311078756146874,3.6023835039147066e-05,25.677201961453665,32.42590646427635,nan,nan,nan
4.84,220.00323486328125,-226.32882690429688,-5.01787805557251,219.39082243498285,-226.28939057849544,-5.036180929212444,0.6139537452532863,0.7578992338250641,0.19314299147380598,3.530387726874595e-05,24.62252680135915,31.795798316086053,nan,1.2038299720926573,nan
4.8500000000000005,220.00323486328125,-226.3201141357422,-5.01787805557251,219.38874427946664,-226.28021485702521,-5.036397824833699,0.6160629934450276,0.7578289568104303,0.19312428043585708,3.598894726716632e-05,24.71245316065785,31.465531295298934,0.13816244348503487,nan,nan
4.86,220.00323486328125,-226.3114013671875,-5.017878532409668,219.3886831721349,-226.27148518518092,-5.034606427820581,0.6160737822385356,0.7578688271233008,0.19315637798591903,3.527093833417524e-05,23.05330678392137,29.856761086334597,nan,2.703876876276521,nan
4.87,220.00323486328125,-226.3026885986328,-5.017878532409668,219.38864279578348,-226.26275916550725,-5.0347688902151555,0.616119349840359,0.7579088322962857,0.19318859387609638,3.597738037761994e-05,22.986969702415575,29.849774321958737,nan,nan,nan
4.88,220.00323486328125,-226.2939910888672,-5.017878532409668,219.38859147667355,-226.25403105638782,-5.0338687313000365,0.6161485075506421,0.7579489721649919,0.19322092824069848,3.5260386997447615e-05,22.244885899981128,29.53436371404016,nan,0.7868483730704361,nan
4.89,220.00323486328125,-226.2852783203125,-5.017878532409668,219.38855086910718,-226.24530491051752,-5.034022640011732,0.616193896752228,0.7579892471741326,0.19325338123387037,3.5966975623904284e-05,22.177814117049756,29.13710441951743,nan,nan,nan
4.9,220.00323486328125,-226.2765655517578,-5.017878532409668,219.36283802691506,-226.22406331849592,-5.034782692402338,0.6427677209928735,0.7579193253154192,0.1932343356815624,3.522970368450569e-05,23.099824965928256,30.162400304774778,6.293223650724,0.24334731818513652,nan
4.91,220.00323486328125,-226.26785278320312,-5.017879009246826,219.36273085622486,-226.2153057952565,-5.034945026077987,0.6428824293197307,0.7579593693249445,0.19326668054639626,3.593558252107707e-05,23.032016720623083,30.15108495089326,nan,nan,nan
4.92,220.00323486328125,-226.2591552734375,-5.017879009246826,219.36261832633372,-226.2065472379154,-5.034549765218619,0.6429891654738947,0.7579995470425365,0.1932991432377915,3.5221273422838346e-05,22.754768520246913,30.32324785347342,nan,0.21767511038046827,nan
4.93,220.00323486328125,-226.2504425048828,-5.017879009246826,219.36251110341686,-226.19778950410816,-5.03470883943952,0.6431038159812504,0.7580398588802283,0.19333172390805872,3.59273422611666e-05,22.686779284031736,29.906014344245257,nan,nan,nan
4.94,220.00323486328125,-226.24172973632812,-5.017879009246826,219.36239363718042,-226.1890299106207,-5.033771161184089,0.6432008311509004,0.758080304722653,0.19336442269431559,3.521384689582176e-05,21.914056747960142,29.18995469555751,nan,0.84033964215362,nan
4.95,220.00323486328125,-226.23301696777344,-5.017879009246826,219.36659336897142,-226.17541882506688,-5.033944101162445,0.6394435279980181,0.7580107240182969,0.19334504086167817,3.5898053683786055e-05,21.175107012986473,29.154396263663468,3.4918200852557093,nan,nan
4.96,220.00323486328125,-226.22430419921875,-5.017879009246826,219.36650856785104,-226.1666319280467,-5.032540447913443,0.6395009178556292,0.7580509391089377,0.19337762978722423,3.518616900854217e-05,20.032617791786173,28.066207996994603,nan,1.6897502891027012,nan
4.97,220.00323486328125,-226.21559143066406,-5.017879486083984,219.36643786051306,-226.15784721190101,-5.032677867767801,0.6395809640972483,0.7580912873209599,0.1934103360528199,3.589178903798739e-05,19.96287914066735,28.045012489968773,nan,nan,nan
4.98,220.00323486328125,-226.20689392089844,-5.017879486083984,219.36637537887714,-226.149063726622,-5.033765818073549,0.6396770355340315,0.7581317685683628,0.19344315979707694,3.5180601544525426e-05,20.971714069623665,29.53111226615292,nan,0.6302007247225805,nan
4.99,220.00323486328125,-226.19818115234375,-5.017879486083984,219.36630422627397,-226.1402787694667,-5.033914322931751,0.6397581092054063,0.758172383219127,0.19347610117002054,3.588645853004299e-05,20.90102370882787,29.08026524287905,nan,nan,nan
5.0,220.00323486328125,-226.18946838378906,-5.017879486083984,219.36685617787532,-226.13753649954256,-5.033210274939767,0.638678154415283,0.7581031295946404,0.19345638142486882,3.5154725063074944e-05,20.992338198921303,28.595347374556464,2.2902919212796378,0.4038486714142247,nan
5.01,220.00323486328125,-226.18075561523438,-5.017879486083984,219.36676652454588,-226.12877764396504,-5.033351284567092,0.6387746333865637,0.7581435137138897,0.1934892112358632,3.585995734791566e-05,20.921828911559412,28.572992935376014,nan,nan,nan
5.0200000000000005,220.00323486328125,-226.1720428466797,-5.017879486083984,219.36666939484104,-226.1200175184205,-5.03260321655461,0.6388575886924663,0.7581840299175969,0.19352215789853097,3.515084683870351e-05,20.353869964927426,28.06091127275629,nan,0.5544691122913147,nan
5.03,220.00323486328125,-226.163330078125,-5.017879486083984,219.36657956694,-226.11125821866568,-5.032737296005821,0.6389539885019766,0.7582246785475003,0.19355522156169808,3.5856347205487163e-05,20.283257811903226,28.042470088904537,nan,nan,nan
5.04,220.00323486328125,-226.1546173095703,-5.017879962921143,219.3664925097926,-226.1024990005697,-5.033210552420831,0.6390556860194158,0.7582654595569835,0.1935884023658146,3.514776720768752e-05,20.753688540826808,28.579073221903393,nan,0.08015997366110011,nan
5.05,220.00323486328125,-226.14590454101562,-5.017879962921143,219.3552327965651,-226.091174916458,-5.033317535005035,0.6504923742093071,0.7581965198358201,0.19356834323038513,3.58315086691101e-05,21.031803557350344,28.664555189094774,1.9942449264695787,nan,nan
5.0600000000000005,220.00323486328125,-226.13719177246094,-5.017879962921143,219.35509010327763,-226.0824119600127,-5.031534520435017,0.6505988815798182,0.7582370705347667,0.19360141080278523,3.5124262515032334e-05,19.6301672066494,27.313617207310404,nan,2.5903502117043415,nan
5.07,220.00323486328125,-226.12847900390625,-5.017879962921143,219.35496239220817,-226.0736509469458,-5.031655660028363,0.6507327273251681,0.7582777527030036,0.1936345947577791,3.582945414770182e-05,19.559813314514457,27.29178733197998,nan,nan,nan
5.08,220.00323486328125,-226.11976623535156,-5.017879962921143,219.35482454873616,-226.06488849467559,-5.030439756378927,0.6508496376597769,0.7583185663172439,0.19366789523676614,3.512264436323304e-05,18.696219307448203,26.47025101215031,nan,1.2556755716531947,nan
5.09,220.00323486328125,-226.11105346679688,-5.017879962921143,219.3546966967577,-226.05612727626584,-5.030549921106045,0.6509832314924626,0.7583595116842176,0.19370131238711877,3.582813479041971e-05,18.627026164479318,26.450212591828947,nan,nan,nan
5.1000000000000005,220.00323486328125,-226.1023406982422,-5.017879962921143,219.34511321158055,-226.04087884490193,-5.0306653216856825,0.6611090176756106,0.7582908727243775,0.19368091251154673,3.5100547606392495e-05,18.63075046806542,26.724349907145353,0.8960645366798198,0.000348979259330689,nan
5.11,220.00323486328125,-226.0936279296875,-5.017880439758301,219.34496773836506,-226.03209809912633,-5.0307772388936565,0.661262319523996,0.758331587978094,0.19371421478996326,3.5805470725535415e-05,18.560862477036444,26.707927941043565,nan,nan,nan
5.12,220.00323486328125,-226.0849151611328,-5.017880439758301,219.34482388417447,-226.02331753089194,-5.031110253612889,0.6614184102625669,0.7583724337616806,0.1937476329852503,3.510024441889779e-05,18.8440956024101,27.02358743029255,nan,0.0339800680282621,nan
5.13,220.00323486328125,-226.07620239257812,-5.017880439758301,219.34467867640234,-226.01453691594625,-5.031226528146172,0.6615716139315415,0.7584134103612525,0.1937811672440444,3.5805487920243244e-05,18.774372971106725,26.996621824029347,nan,nan,nan
5.14,220.00323486328125,-226.06748962402344,-5.017880439758301,219.34453360529093,-226.00575626783868,-5.031343454210628,0.6617247216947564,0.7584545177844745,0.19381481770887476,3.5100562865523395e-05,18.905931689542548,27.17211299942531,nan,1.91472242506123e-07,nan
5.15,220.00323486328125,-226.05877685546875,-5.017880439758301,219.32725408336998,-225.98325200600883,-5.03131916192559,0.6803194962287085,0.7583861671869531,0.19379407588000522,3.578410831870126e-05,18.3024543223621,27.295118786078802,4.440700323934416,nan,nan
5.16,220.00323486328125,-226.05006408691406,-5.017880439758301,219.32709379016438,-225.97442974665944,-5.0330271176752674,0.6805268003784278,0.758427044692884,0.19382760986215333,3.508029485280641e-05,19.73764698210952,28.770485475692304,nan,1.779427354950179,nan
5.17,220.00323486328125,-226.04135131835938,-5.017880439758301,219.32692318587604,-225.9656061970007,-5.03316085165398,0.6807116124997343,0.7584680520970396,0.19386125930968212,3.5785321579053524e-05,19.664876115421336,28.748904945643634,nan,nan,nan
5.18,220.00323486328125,-226.0326385498047,-5.017880439758301,219.32675024690204,-225.9567821809528,-5.032914400623363,0.6808903324856467,0.7585091894251985,0.19389502436567913,3.508173508665588e-05,19.525304834419295,28.656250027537972,nan,0.10215240002991606,nan
5.19,220.00323486328125,-226.02392578125,-5.017880439758301,219.32657953567943,-225.94795821263986,-5.033046343719262,0.6810752590539592,0.7585504569362849,0.19392890517592504,3.578710047259185e-05,19.452373272387415,28.631521851289957,nan,nan,nan
5.2,220.00323486328125,-226.0152130126953,-5.017880916595459,219.29723054547853,-225.91059838169096,-5.0305563866744745,0.7138255986709843,0.7584823824175394,0.193907820301195,3.506254197654038e-05,16.35521917180811,27.399630253663297,15.084905785784919,5.011443684456228,nan
5.21,220.00323486328125,-226.00650024414062,-5.017880916595459,219.2970313978589,-225.9016813285105,-5.03066432720739,0.7140544483688208,0.758523420186982,0.19394158304603257,3.576737633213534e-05,16.283775610387572,27.36244296389257,nan,nan,nan
5.22,220.00323486328125,-225.99778747558594,-5.017880916595459,219.2968386168354,-225.8927648107362,-5.031823084064143,0.7142967178691567,0.7585645869973239,0.19397546081112607,3.5064980401206137e-05,17.200718982003274,28.317322365856892,nan,0.7751876339082214,nan
5.23,220.00323486328125,-225.9890594482422,-5.017880916595459,219.2966397614436,-225.88384760432604,-5.031943590498833,0.7145235677278305,0.7586058830916793,0.19400945374184655,3.577016782060808e-05,17.129603663334144,27.768455537998697,nan,nan,nan
5.24,220.00323486328125,-225.9803466796875,-5.017880916595459,219.2964403307955,-225.8749301102479,-5.031932536229206,0.7147507343672391,0.7586473085195751,0.19404356198191178,3.50678914273249e-05,17.17413820277876,28.386097766062363,nan,0.012339982815869956,nan
5.25,220.00323486328125,-225.9716339111328,-5.017880916595459,219.27094360318495,-225.84672746094344,-5.032038400485021,0.7430023857716914,0.7585794984136582,0.19402213309101848,3.575141185895594e-05,16.601497408636316,29.050750137165085,7.069734687535956,nan,nan
5.26,220.00323486328125,-225.96292114257812,-5.017880916595459,219.2707020912502,-225.83775227263345,-5.031924582204278,0.743282404370272,0.7586206942725701,0.19405612171061795,3.505007236844862e-05,16.565061260844693,29.053764945572077,nan,0.039156470081774725,nan
5.2700000000000005,220.00323486328125,-225.95420837402344,-5.017880916595459,219.2704620655335,-225.8287771370868,-5.0320452978484935,0.7435654631670228,0.7586620185343816,0.1940902249164453,3.575509877502978e-05,16.492550796476987,29.0152280257338,nan,nan,nan
5.28,220.00323486328125,-225.94549560546875,-5.017880916595459,219.27021001559922,-225.8198009857283,-5.029824535594805,0.7438193428419039,0.7587034712623333,0.1941244428525071,3.505382175586312e-05,14.894236182884121,27.464581507645413,nan,3.8621134120294798,nan
5.29,220.00323486328125,-225.93678283691406,-5.017880916595459,219.2699701673087,-225.81082547876133,-5.029923784071381,0.7441017410875712,0.7587450526789461,0.1941587756637312,3.5759210285859575e-05,14.824225424642858,27.429673673919723,nan,nan,nan
5.3,220.00323486328125,-225.9280548095703,-5.017880916595459,219.29492182412284,-225.81117292548208,-5.027909489324513,0.7179619130154624,0.7586774954935821,0.1941370018988604,3.503680222559314e-05,13.304892061021562,25.143424540351962,6.980276570177885,3.0214027385936504,nan
5.3100000000000005,220.00323486328125,-225.91934204101562,-5.017881393432617,219.29475172589002,-225.80221412300028,-5.0279894351769805,0.7181709250966863,0.7587188474964595,0.19417121356111797,3.5741680420263246e-05,13.23701597255781,25.676541848152663,nan,nan,nan
5.32,220.00323486328125,-225.91062927246094,-5.017881393432617,219.29457530636049,-225.79325479544914,-5.026787069170472,0.7183692967612648,0.7587603271137897,0.1942055393834043,3.504128800966789e-05,12.58596215331132,25.044658999194276,nan,1.1601301812017533,nan
5.33,220.00323486328125,-225.90191650390625,-5.017881393432617,219.2944049910546,-225.78429581408204,-5.026856379447805,0.7185784333039479,0.7588019345562902,0.19423997951045718,3.5746537510797556e-05,12.520472577658367,25.00432779470072,nan,nan,nan
5.34,220.00323486328125,-225.89320373535156,-5.017881393432617,219.2942368025178,-225.77533678234263,-5.027391302061662,0.7187915602871897,0.7588436699049412,0.19427453408657652,3.504612387466351e-05,12.792402089469947,25.31196319431557,nan,0.15197447279898027,nan
5.3500000000000005,220.00323486328125,-225.8844757080078,-5.017881393432617,219.29663250571593,-225.77259907748626,-5.02759127297561,0.7154701628540899,0.7587763546653014,0.19425241470022644,3.5729717458814794e-05,13.233710252952568,24.66280497337847,1.777830561097895,nan,nan
5.36,220.00323486328125,-225.87576293945312,-5.017881393432617,219.29645525638054,-225.76366211948613,-5.027800381276088,0.7156831651560867,0.7588178607511465,0.19428684662491008,3.503010658894521e-05,13.348978259994148,25.354955055394203,nan,0.011882664507060839,nan
5.37,220.00323486328125,-225.86705017089844,-5.017881393432617,219.29627734114217,-225.7547251673012,-5.027882024207663,0.7158951439687556,0.7588594938153672,0.19432139229271464,3.573522456109756e-05,13.284724830631548,25.313452468755372,nan,nan,nan
5.38,220.00323486328125,-225.85833740234375,-5.017881393432617,219.2961015717224,-225.74578822006583,-5.028471777004387,0.7161123980818056,0.7589012539490323,0.19435605184805244,3.503554997816695e-05,13.633129422424929,25.69766872086199,nan,0.18123576514600395,nan
5.39,220.00323486328125,-225.84962463378906,-5.017881393432617,219.2959236398201,-225.7368510393585,-5.0285603506154,0.7163247102825687,0.7589431413477029,0.19439082543548844,3.574104174786737e-05,13.568797354720857,25.663239352663382,nan,nan,nan
5.4,220.00323486328125,-225.8408966064453,-5.017881393432617,219.31880150611346,-225.74569501720933,-5.026525559177364,0.6910767573854965,0.758876057291934,0.1943683597842229,3.502010993558894e-05,12.971387858812577,23.53132171610413,6.186660177358526,3.42844973774423,nan
5.41,220.00323486328125,-225.83218383789062,-5.017881393432617,219.31866131230169,-225.73680921860225,-5.026595831551536,0.6912403389103547,0.7589177155637787,0.1944030092429152,3.572510101514229e-05,12.910168958887477,24.03965946850722,nan,nan,nan
5.42,220.00323486328125,-225.82347106933594,-5.017881393432617,219.3185355143194,-225.72792334050723,-5.030402847455026,0.6914472892158519,0.7589595000833047,0.1944377720360858,3.502607859981238e-05,15.207694564842996,26.37368554984087,nan,9.839468713449593,nan
5.43,220.00323486328125,-225.81475830078125,-5.017881393432617,219.31839506849772,-225.71903693326541,-5.030512451789108,0.6916123685659848,0.7590014110375283,0.19447264830824865,3.573144903144355e-05,15.143657224044944,26.340568855941278,nan,nan,nan
5.44,220.00323486328125,-225.8060302734375,-5.017881393432617,219.31825811064635,-225.71015041405911,-5.031563967559875,0.6917899333753085,0.7590434485303675,0.1945076382038958,3.5032299099792527e-05,15.971232465538034,26.668280426574196,nan,0.6240229047859251,nan
5.45,220.00323486328125,-225.7973175048828,-5.017881393432617,219.27089179281305,-225.680173593333,-5.031704501928213,0.7417817382522093,0.7589765853350483,0.19448482574454296,3.571601218305354e-05,16.253104439276456,28.189009621969262,21.599960986880973,nan,nan
5.46,220.00323486328125,-225.78860473632812,-5.017881870269775,219.27062998813892,-225.6712409833528,-5.030852010199504,0.7420595516025378,0.7590183938317141,0.19451969005867872,3.5017564678797916e-05,15.655378293167619,27.629137853966142,nan,0.6701952537132749,nan
5.47,220.00323486328125,-225.77989196777344,-5.017881870269775,219.27037172318143,-225.66230823259286,-5.030965350242198,0.7423513281083138,0.7590603279484431,0.19455466730701124,3.5722814823958e-05,15.591616761645586,27.59719752938138,nan,nan,nan
5.48,220.00323486328125,-225.7711639404297,-5.017881870269775,219.27010828685397,-225.65337552309293,-5.02956024492522,0.7426204096018887,0.7591023877963295,0.19458975763403785,3.50242093796878e-05,14.643685345293255,26.107541613955053,nan,1.6275516280132034,nan
5.49,220.00323486328125,-225.762451171875,-5.017881870269775,219.26984991166196,-225.64444281563533,-5.02966016776182,0.7429119649701585,0.7591445735516046,0.1946249611842642,3.572983692152409e-05,14.581263843757826,26.635587666218083,nan,nan,nan
5.5,220.00323486328125,-225.7537384033203,-5.017881870269775,219.2872389487919,-225.6425393014032,-5.03074430656352,0.7246936125701902,0.7590779211302879,0.19460180146932707,3.500987727193913e-05,15.23842500129701,27.067639639660428,3.5862390701772697,0.8260022649698887,nan
5.51,220.00323486328125,-225.74501037597656,-5.017881870269775,219.28702629411256,-225.6336202684439,-5.030854670356356,0.724935006844668,0.7591198780071468,0.1946368780091103,3.571500633205339e-05,15.175395583191719,26.471114106998343,nan,nan,nan
5.5200000000000005,220.00323486328125,-225.73629760742188,-5.017881870269775,219.28681984950538,-225.6247007721025,-5.0330372425564995,0.725213079671025,0.7591619598219262,0.19467206709087304,3.5016881337497637e-05,16.971972791209016,28.869107807487,nan,3.0261507074673677,nan
5.53,220.00323486328125,-225.7275848388672,-5.017881870269775,219.28660710698182,-225.61578140467222,-5.0331702786454615,0.7254578446934095,0.759204166744898,0.19470736885914966,3.5722390975754926e-05,16.905458663956697,28.822200180485304,nan,nan,nan
5.54,220.00323486328125,-225.71885681152344,-5.017881870269775,219.28638830820793,-225.60686245665474,-5.031161388824236,0.7256638785663629,0.7592464988961242,0.1947427834583942,3.5024060517384305e-05,15.348426869263509,26.729520813774414,nan,3.2378028206239615,nan
5.55,220.00323486328125,-225.71014404296875,-5.017881870269775,219.2700375348183,-225.6011224867642,-5.031290029492542,0.7413796604414025,0.7591800475390968,0.1947192761320257,3.5707904402710703e-05,16.270253102920194,27.620181967701235,8.094330454891724,nan,nan
5.5600000000000005,220.00323486328125,-225.70143127441406,-5.017881870269775,219.2697577959725,-225.59222639991066,-5.030546507240637,0.7416702137154618,0.7592221509236187,0.19475456231507118,3.501020355165937e-05,15.767586203257508,27.142791767462466,nan,0.5199416905371784,nan
5.57,220.00323486328125,-225.6927032470703,-5.017881870269775,219.26948042519217,-225.58333007485334,-5.030653816579745,0.7419711509410384,0.7592643786318649,0.1947899606558458,3.5715592231873215e-05,15.705683569194814,26.55873686396439,nan,nan,nan
5.58,220.00323486328125,-225.68399047851562,-5.017881870269775,219.26920155254342,-225.57443365406203,-5.030158833450343,0.7422656686672431,0.7593067307887952,0.19482547129875144,3.501766523640624e-05,15.393733385440488,26.83446860690571,nan,0.2567807381745201,nan
5.59,220.00323486328125,-225.67527770996094,-5.017881870269775,219.26892417323762,-225.56553708308218,-5.030262204428746,0.7425688300581843,0.759349207557317,0.19486109438840254,3.572342974148135e-05,15.33134683027441,26.7882764844219,nan,nan,nan
5.6000000000000005,220.00323486328125,-225.6665496826172,-5.017881870269775,219.27969625713624,-225.54470088465442,-5.0292633509024185,0.7338152235056392,0.7592829478038176,0.19483723918231796,3.500407667202054e-05,13.357185215736608,25.470730005983224,13.583615755220206,0.7521683869028514,nan
5.61,220.00323486328125,-225.6578369140625,-5.017881870269775,219.27948579839958,-225.53575326780188,-5.0293572795893295,0.7340632197709104,0.7593251959061439,0.19487273247259637,3.570934026043309e-05,13.29568235454982,26.012014910793855,nan,nan,nan
5.62,220.00323486328125,-225.6491241455078,-5.017881870269775,219.27927466865864,-225.52680567159658,-5.029205882761477,0.7343081136123224,0.7593675676911259,0.1949083375438638,3.5011770959785766e-05,13.222271311726807,25.96210847488152,nan,0.04284021106422061,nan
5.63,220.00323486328125,-225.64039611816406,-5.017881870269775,219.2790640134748,-225.5178579383508,-5.029299403659826,0.7345538682016888,0.7594100633177056,0.19494405454080202,3.5717412139570014e-05,13.162529211020738,25.328370482078068,nan,nan,nan
5.64,220.00323486328125,-225.63168334960938,-5.017881870269775,219.27885577917866,-225.50890976417134,-5.030560480810907,0.7348191328019967,0.7594526829168146,0.1949798836077098,3.501958216352701e-05,14.055142833661012,26.840579376871126,nan,0.9598980356773349,nan
5.65,220.00323486328125,-225.6229705810547,-5.017881870269775,219.30916263075326,-225.52284288768863,-5.030688822322869,0.7013742488615344,0.7593866056350086,0.1949556803377405,3.5703546130390186e-05,14.565653096649363,26.11945924533177,9.95324465313003,nan,nan
5.66,220.00323486328125,-225.61424255371094,-5.017882347106934,219.3016283441504,-225.51991479885166,-5.031269412800363,0.7080456528724529,0.7581329863014578,0.19414604239576289,3.500628350482959e-05,21.17386072148845,32.1965893014108,nan,0.15762617589739383,0.04199306540786418
5.67,220.00323486328125,-225.60552978515625,-5.017882347106934,219.30146181444016,-225.51104533100641,-5.031383839091059,0.7082337286810826,0.758172539420153,0.1941771058433112,3.571179575514023e-05,21.08376053138945,32.71978959345119,nan,nan,nan
5.68,220.00323486328125,-225.5968017578125,-5.017882347106934,219.30129639061172,-225.5021738003743,-5.030699988608949,0.7084040949036268,0.7582122123812493,0.19420826755420287,3.501427141941852e-05,20.598359319796913,31.716628164972466,nan,0.45078977343206733,nan
5.69,220.00323486328125,-225.5880889892578,-5.017882347106934,219.30112974868138,-225.49330420501636,-5.030808386332337,0.7085921462739042,0.7582520053359671,0.1942395276895209,3.5720154960203784e-05,20.509128794826726,32.244821497657576,nan,nan,nan
5.7,220.00323486328125,-225.57937622070312,-5.017882347106934,219.31710465187507,-225.4905901820347,-5.028674522137832,0.6919350393704718,0.7581789131154826,0.19422173947025123,3.500115354862341e-05,18.872582949240346,30.657497690441538,3.4573793850586387,3.277494156550624,nan
5.71,220.00323486328125,-225.57064819335938,-5.017882347106934,219.31698258352247,-225.48173073603647,-5.028761486494723,0.6920743178046033,0.7582184913146679,0.19425291348603202,3.570653119242003e-05,18.78694012102537,30.05791630861021,nan,nan,nan
5.72,220.00323486328125,-225.5619354248047,-5.017882347106934,219.31686011156154,-225.47287159062665,-5.029055172174888,0.6922192559997061,0.7582581886714271,0.19428418548616336,3.500928022272029e-05,18.963717617076515,30.848858456298277,nan,0.02986991466543269,nan
5.73,220.00323486328125,-225.55320739746094,-5.017882347106934,219.31673792174718,-225.46401182235257,-5.029146281834407,0.6923588502937577,0.7582980053381347,0.19431555562976993,3.5715030211367885e-05,18.878282364141043,30.242487780306824,nan,nan,nan
5.74,220.00323486328125,-225.54449462890625,-5.017882347106934,219.3166169274026,-225.45515022927756,-5.028541492169247,0.6924884323862165,0.7583379414511457,0.19434702404714127,3.501748109229905e-05,18.496663401731368,30.492743369340392,nan,0.3425464904161654,nan
5.75,220.00323486328125,-225.53578186035156,-5.017882347106934,219.3230172726429,-225.4402063362078,-5.0286543393175105,0.6869837605397954,0.758265185567682,0.19432898038500618,3.570154199265375e-05,17.405017948450357,30.52233992925637,8.167947337974326,nan,nan
5.76,220.00323486328125,-225.5270538330078,-5.017882347106934,219.32294609156926,-225.43131424540647,-5.027797811298381,0.6870641876721633,0.7583049073130602,0.19436036143358973,3.500453743252956e-05,16.890937085235286,29.45729219686214,nan,0.629307944092596,nan
5.7700000000000005,220.00323486328125,-225.51834106445312,-5.017882347106934,219.32287331812304,-225.42242407552735,-5.027877048673642,0.6871621314901291,0.7583447476964733,0.19439184034779555,3.571014740542195e-05,16.8056318221661,30.011838189776796,nan,nan,nan
5.78,220.00323486328125,-225.50961303710938,-5.017882347106934,219.32280173155883,-225.41353252125074,-5.0273266975127795,0.6872480687698107,0.7583847068532036,0.19442341725965925,3.501283754966183e-05,16.483769048781934,29.129394787873213,nan,0.2807034769938723,nan
5.79,220.00323486328125,-225.5009002685547,-5.017882347106934,219.3227289968944,-225.40464212466074,-5.027401869710515,0.687345972391945,0.7584247849372207,0.1944550923257707,3.571881288113812e-05,16.39993347121991,29.692626876061453,nan,nan,nan
5.8,220.00323486328125,-225.49217224121094,-5.017882347106934,219.29897354208114,-225.37806238593996,-5.026740928421436,0.7135009054453896,0.7583523561198912,0.19443679088014884,3.499999180416954e-05,15.49154648145487,29.190143434919953,6.714483397416164,0.49535834031346176,nan
5.8100000000000005,220.00323486328125,-225.48345947265625,-5.017882347106934,219.29886755809363,-225.36912202636313,-5.026811753853124,0.713642828414142,0.7583922202022139,0.194468377331985,3.5705455176835627e-05,15.409472646956678,29.784355458135117,nan,nan,nan
5.82,220.00323486328125,-225.47474670410156,-5.017882347106934,219.29876306851145,-225.36017999240516,-5.0260315330227945,0.7137733886088795,0.7584322023963856,0.19450006150821958,3.500836380361037e-05,15.000596299862341,29.40415406448081,nan,0.5123557566979439,nan
5.83,220.00323486328125,-225.4660186767578,-5.017882347106934,219.29865694920076,-225.3512396817925,-5.02609588813367,0.7139129617477601,0.7584723028573395,0.19453184356389483,3.571419337191558e-05,14.921808275620187,28.71315550322379,nan,nan,nan
5.84,220.00323486328125,-225.45730590820312,-5.017882347106934,219.29854984848654,-225.34230044746394,-5.02672753606447,0.7140626467220791,0.7585125217189265,0.19456372363329485,3.50167798774907e-05,15.19509555409626,29.667811690906692,nan,0.22627252652211552,nan
5.8500000000000005,220.00323486328125,-225.44857788085938,-5.017882347106934,219.30903688491514,-225.33304995521303,-5.026736789732143,0.7038010627485148,0.7584404108817274,0.19454516217023482,3.5700909670967e-05,14.531140229164986,28.9662115685144,4.17169718692185,nan,nan
5.86,220.00323486328125,-225.4398651123047,-5.017882347106934,219.30897717436756,-225.32409727713716,-5.025408574706471,0.7038839210956881,0.7584804160852812,0.1945769523855438,3.5004019355593136e-05,13.881631419021927,29.002492586833903,nan,1.3838990131056559,nan
5.87,220.00323486328125,-225.43113708496094,-5.017882347106934,219.30891484485707,-225.31514701015783,-5.025467675324296,0.7039826152978125,0.7585205389062262,0.19460884020841035,3.5709696509310466e-05,13.804854332787512,28.30834319023015,nan,nan,nan
5.88,220.00323486328125,-225.42242431640625,-5.017882347106934,219.3088544818106,-225.30619506608724,-5.024618626038026,0.7040729580482862,0.7585607794775807,0.19464082577448244,3.50124812719454e-05,13.41864361204874,28.60464256491786,nan,0.583584908140412,nan
5.89,220.00323486328125,-225.4136962890625,-5.017882347106934,219.30879216374043,-225.29724470645914,-5.024671142513726,0.7041716564726511,0.7586011379555162,0.1946729092368201,3.5718517572161384e-05,13.343784731371414,27.893692644628704,nan,nan,nan
5.9,220.00323486328125,-225.4049835205078,-5.017882347106934,219.33474690371608,-225.30451533101498,-5.026287927092598,0.6760478259401964,0.7585293361553989,0.19465408558191968,3.4999770076666214e-05,14.307681504146299,28.88180161892791,6.194801001518734,1.6572129650858964,nan
5.91,220.00323486328125,-225.39625549316406,-5.017882347106934,219.33473210982518,-225.29560585500585,-5.026358356102233,0.676090322196829,0.7585694812982999,0.19468607795452011,3.570528830126684e-05,14.232640495906999,28.19505229726894,nan,nan,nan
5.92,220.00323486328125,-225.38754272460938,-5.017882347106934,219.33472252832317,-225.28669225877752,-5.023880157458802,0.6761031963972837,0.7586097435523135,0.19471816780250914,3.5008258405411036e-05,13.178488686206732,27.808576184858637,nan,4.587840221997823,nan
5.93,220.00323486328125,-225.37881469726562,-5.017882347106934,219.33470774027614,-225.2777828357699,-5.023927087500363,0.6761453173077512,0.7586501230743018,0.1947503552777528,3.5714136721036975e-05,13.106223984785736,27.121318298214725,nan,nan,nan
5.94,220.00323486328125,-225.37010192871094,-5.017882347106934,219.33469408606896,-225.2688726548676,-5.023524322333487,0.6761848627135276,0.7586906199962562,0.19478264051763602,3.501677061980494e-05,12.92321845504311,27.619177009110224,nan,0.1432717019066082,nan
5.95,220.00323486328125,-225.3613739013672,-5.017882347106934,219.3598545840938,-225.2743850196075,-5.02351532428344,0.649258792492637,0.7586191184747628,0.1947635525930827,3.570094056157949e-05,13.007116329485955,26.747886348087885,5.782385513317795,nan,nan
5.96,220.00323486328125,-225.3526611328125,-5.017882347106934,219.35989168956255,-225.26550881289558,-5.0228007823325775,0.6492381358503416,0.7586594023639137,0.19479574551324297,3.500408544524583e-05,12.741061218891288,27.130910585548346,nan,0.40670353641408874,nan
5.97,220.00323486328125,-225.34393310546875,-5.017882347106934,219.35992704698302,-225.2566337871384,-5.02283866855455,0.6492231377682364,0.7586998028929562,0.19482803579440772,3.570979949807765e-05,12.671353990188523,26.453191027138242,nan,nan,nan
5.98,220.00323486328125,-225.33522033691406,-5.017882347106934,219.35996603009255,-225.2477563945249,-5.021121793814038,0.6491958309979904,0.7587403201933383,0.19486042357500052,3.501260847415484e-05,12.215503894958031,26.636719444733682,nan,2.175224042112729,nan
5.99,220.00323486328125,-225.3264923095703,-5.017882347106934,219.3600010927362,-225.23888164849188,-5.021144320081077,0.6491809855285889,0.7587809544227301,0.19489290900537592,3.5718675890170633e-05,12.14784543610655,25.960092106860753,nan,nan,nan
6.0,220.00323486328125,-225.31777954101562,-5.017882347106934,219.3943608836868,-225.25345264956246,-5.022378649441151,0.6122790938174268,0.7587097445558939,0.19487355479633048,3.4999941403080085e-05,12.95173355396802,26.63803495101779,11.781836344542024,0.8968541304025223,nan
6.01,220.00323486328125,-225.30905151367188,-5.017882347106934,219.39445203322805,-225.24463882813086,-5.0224162018555285,0.6121977491506088,0.7587501660352299,0.19490594668152111,3.57054852044305e-05,12.884692934555614,25.994874719189454,nan,nan,nan
6.0200000000000005,220.00323486328125,-225.3003387451172,-5.017882347106934,219.394541037145,-225.23582598606117,-5.02341583968936,0.6121280009912791,0.7587907036676429,0.19493843580349576,3.500846186155921e-05,13.117274504791935,26.88042375307991,nan,0.6520510870539857,nan
6.03,220.00323486328125,-225.29161071777344,-5.017882823944092,219.39463214840387,-225.2270114931373,-5.023464987385634,0.6120469630088803,0.7588313576111992,0.19497102231171212,3.5714360272219024e-05,13.05055399280076,26.24357468866481,nan,nan,nan
6.04,220.00323486328125,-225.28289794921875,-5.017882823944092,219.39472292195586,-225.218196991344,-5.0236345571058525,0.6119690181045672,0.7588721279967581,0.19500370634590014,3.50169936073346e-05,13.05704136718723,26.882135814838666,nan,0.010015871829553099,nan
6.05,220.00323486328125,-225.274169921875,-5.017882823944092,219.39686395995932,-225.2099997915692,-5.023719769148774,0.6097848374207415,0.7588012013436162,0.19498408392576208,3.570117748115295e-05,12.997868703310727,26.280723071519503,0.10505897180495173,nan,nan
6.0600000000000005,220.00323486328125,-225.2654571533203,-5.017882823944092,219.39696199320016,-225.20118504666905,-5.023268353426488,0.6096939401187722,0.75884175924253,0.19501667319496535,3.500431598121283e-05,12.806962728690166,26.718798921948462,nan,0.18040079372614395,nan
6.07,220.00323486328125,-225.25672912597656,-5.017882823944092,219.39705895372236,-225.19237094059628,-5.0233184266978546,0.6096070497724595,0.7588824328447001,0.19504935958947767,3.5710039801058434e-05,12.742355968184134,26.07480948401725,nan,nan,nan
6.08,220.00323486328125,-225.24801635742188,-5.017882823944092,219.3971540468224,-225.18355778924587,-5.024249065156868,0.6095321091771106,0.758923222280732,0.19508214324979742,3.50128373825476e-05,13.007953961081624,26.980227636379887,nan,0.5457260354915092,nan
6.09,220.00323486328125,-225.23928833007812,-5.017882823944092,219.39725108722948,-225.17474375087576,-5.024310100288956,0.609445362131494,0.7589641277090686,0.19511502432426261,3.57189096194717e-05,12.944135925431466,26.314351299206287,nan,nan,nan
6.1000000000000005,220.00323486328125,-225.23057556152344,-5.017882823944092,219.3967470281608,-225.16503816977942,-5.025580506462077,0.6100671259638917,0.7588934759561957,0.1950951318313717,3.500015958625383e-05,13.399208521788086,27.45417000681108,0.021622105892627145,1.0332722426902339,nan
6.11,220.00323486328125,-225.2218475341797,-5.017882823944092,219.39684465246575,-225.156221379734,-5.025655347653352,0.6099805669404655,0.7589341691429068,0.19512791692588108,3.57057035940222e-05,13.33599224767312,26.7941465843895,nan,nan,nan
6.12,220.00323486328125,-225.213134765625,-5.017882823944092,219.3969443395376,-225.1474037843337,-5.024883183031957,0.609883403701241,0.7589749775651703,0.19516079902847497,3.500866169878564e-05,12.98052751263229,27.084150816846776,nan,0.5075334608697485,nan
6.13,220.00323486328125,-225.20440673828125,-5.017882823944092,219.39704242394913,-225.13858720488727,-5.02495155103524,0.609796237592784,0.7590159013815476,0.19519377828683873,3.571455576821138e-05,12.91820396389581,26.425360738428246,nan,nan,nan
6.140000000000001,220.00323486328125,-225.1956787109375,-5.017882823944092,219.39713918406085,-225.12977139970232,-5.025688843042126,0.6097185252049101,0.7590569407224685,0.19522685484242286,3.5017168095532e-05,13.197966838971851,26.729137890712348,nan,0.31477493759711767,nan
6.15,220.00323486328125,-225.1869659423828,-5.017882823944092,219.356911126001,-225.11131043217475,-5.025742597864785,0.650784069905559,0.7589865557364998,0.19520669049646683,3.570134388810447e-05,14.22362456769377,27.109940727769295,24.89217719381626,nan,nan
6.16,220.00323486328125,-225.17823791503906,-5.017882823944092,219.35689264062535,-225.10248679322544,-5.02491190183628,0.6508040482202075,0.759027383062817,0.19523966986279936,3.500445973962163e-05,13.844440967976249,26.139754118797267,nan,0.5823674364243364,nan
6.17,220.00323486328125,-225.16952514648438,-5.017882823944092,219.3568720526655,-225.09366395266323,-5.024981577923001,0.6508380720141693,0.7590683251945336,0.19527274612899181,3.5710170891452026e-05,13.782615682616076,26.722666563856713,nan,nan,nan
6.18,220.00323486328125,-225.16079711914062,-5.017882823944092,219.35685547314745,-225.08483937500955,-5.023266183455215,0.650849349268211,0.7591093822620849,0.1953059194370441,3.50129447083455e-05,13.139401098850929,25.49153588649369,nan,2.251010805083578,nan
6.19,220.00323486328125,-225.15208435058594,-5.017882823944092,219.3568347782109,-225.07601641412978,-5.023320081507477,0.6508832189459715,0.7591505544240222,0.19533918993383992,3.571900035568918e-05,13.078417589638951,26.064127235108103,nan,nan,nan
6.2,220.00323486328125,-225.1433563232422,-5.017882823944092,219.35994213039336,-225.0758682677626,-5.024813418489004,0.6468602715884851,0.759080428193661,0.1953187520202202,3.500022718538139e-05,14.279840032407826,25.854187784770307,3.059320487600251,1.295401731264761,nan
6.21,220.00323486328125,-225.1346435546875,-5.017882823944092,219.35990814727248,-225.0670740707796,-5.02488441555065,0.6469033320143258,0.7591213885506523,0.19535192412355706,3.5705751053305944e-05,14.22024778840036,26.43498290370408,nan,nan,nan
6.22,220.00323486328125,-225.12591552734375,-5.017882823944092,219.35986940695594,-225.05828150887376,-5.027105145913054,0.6469764463020087,0.7591624632640984,0.19538519301571627,3.500868490322777e-05,15.218264583822997,26.85323362520799,nan,3.258855532569737,nan
6.23,220.00323486328125,-225.1171875,-5.017882823944092,219.3598353616186,-225.04948712157696,-5.027199356972092,0.6470185915149888,0.7592036524924314,0.19541855884312426,3.57145553374907e-05,15.16093445581847,26.822068623591196,nan,nan,nan
6.24,220.00323486328125,-225.1084747314453,-5.017882823944092,219.35980129654388,-225.04069264688738,-5.02727960463603,0.6470621803805001,0.7592449563662648,0.19545202174844906,3.5017143851818356e-05,15.1927898406571,27.488054323966608,nan,0.0001584857961908727,nan
6.25,220.00323486328125,-225.09974670410156,-5.017882823944092,219.34736488093037,-225.03214915450278,-5.0274297568311335,0.6594133805044089,0.7591750810560861,0.19543130862823072,3.570129445368371e-05,15.853298688518258,26.92124441958892,4.386489809453832,nan,nan
6.26,220.00323486328125,-225.09103393554688,-5.017882823944092,219.34728658743214,-225.0233639229801,-5.02740391459288,0.6594983111103109,0.7592161733178756,0.19546467194158879,3.5004387372807245e-05,15.831425534325021,27.536601394070992,nan,0.010892230277686772,nan
6.2700000000000005,220.00323486328125,-225.08230590820312,-5.017882823944092,219.34720816957832,-225.0145786753109,-5.02750199991294,0.659583603095431,0.759257379524061,0.19549813193903354,3.571006869876478e-05,15.775900196974801,26.90535248202,nan,nan,nan
6.28,220.00323486328125,-225.07359313964844,-5.017882823944092,219.34712560469572,-225.00579478246354,-5.0295224717459615,0.6597055842113035,0.7592986998054745,0.19553168876360938,3.5012820793471706e-05,16.996107650015094,28.751877115659354,nan,2.605078411973662,nan
6.29,220.00323486328125,-225.0648651123047,-5.017882823944092,219.34704724653074,-224.99700958426143,-5.029641660269847,0.6597915059278083,0.7593401343202208,0.19556534256119282,3.5718843750591414e-05,16.941244410798692,28.114960758980402,nan,nan,nan
6.3,220.00323486328125,-225.05613708496094,-5.017882823944092,219.33459233782432,-224.98515956946838,-5.031398034060632,0.6725349771271483,0.759270502212718,0.19554435266097875,3.5000052467769696e-05,18.600378582630015,29.543129873717195,2.194423360887662,1.9176417556669179,nan
6.3100000000000005,220.00323486328125,-225.04742431640625,-5.017882823944092,219.3344789435101,-224.97637194321206,-5.03153543480244,0.672658393056033,0.7593117252919347,0.1955779056733945,3.5705541157055654e-05,18.544556617746583,30.119804164579044,nan,nan,nan
6.32,220.00323486328125,-225.0386962890625,-5.017882823944092,219.33436873483555,-224.9675833682326,-5.030199535114696,0.6727485761151485,0.7593530618849624,0.1956115552643674,3.5008456609192e-05,17.60197620505969,28.59313631275694,nan,1.5343174115938802,nan
6.33,220.00323486328125,-225.0299835205078,-5.017882823944092,219.33425526005055,-224.95879568747475,-5.030324333438357,0.6728716135111799,0.7593945121496007,0.19564530157946886,3.571428940843392e-05,17.54605520947903,29.166618941358347,nan,nan,nan
6.34,220.00323486328125,-225.02125549316406,-5.017882823944092,219.3341438470663,-224.95000746016396,-5.029454466706087,0.6729732335703758,0.7594360762171375,0.1956791447621898,3.501686156326052e-05,16.980757841875807,28.011352855059023,nan,0.699283065210909,nan
6.3500000000000005,220.00323486328125,-225.0125274658203,-5.017882823944092,219.3663092150325,-224.9490449754086,-5.02955772149332,0.6401879499168689,0.7593666797654574,0.19565787657953798,3.570097479817706e-05,16.128560366212437,27.757859834964513,14.873995220741067,nan,nan
6.36,220.00323486328125,-225.00381469726562,-5.017882823944092,219.36628409238156,-224.94026412731682,-5.030669183664728,0.640240931591717,0.759408032558368,0.1956916177896231,3.500405355454948e-05,16.924900195285595,29.17710663913603,nan,0.6974724954374113,nan
6.37,220.00323486328125,-224.99508666992188,-5.017882823944092,219.36626120632832,-224.93148282911156,-5.03079754029612,0.6402715659126752,0.7594494984697374,0.19572545547716655,3.5709693095242576e-05,16.870257823191768,28.536162636505566,nan,nan,nan
6.38,220.00323486328125,-224.9863739013672,-5.017882823944092,219.366242553428,-224.92270032616108,-5.028989772515986,0.6402631422300321,0.7594910776312318,0.1957593897859028,3.501243342557263e-05,15.667072548529294,27.982859483054014,nan,2.647751574843828,nan
6.390000000000001,220.00323486328125,-224.97764587402344,-5.017882823944092,219.36621980537052,-224.91391860622767,-5.029100803001082,0.6402930514380489,0.7595327702000856,0.19579342086104684,3.571841272194286e-05,15.61253028733369,27.33131126503604,nan,nan,nan
6.4,220.00323486328125,-224.9689178466797,-5.017882823944092,219.38896978839946,-224.91969788023786,-5.029902109745601,0.6163510773473496,0.7594636019722233,0.19577187295814516,3.4999614900197656e-05,16.45586417593104,27.86132843679819,4.852762555022048,0.3630857744027927,nan
6.41,220.00323486328125,-224.960205078125,-5.017882823944092,219.38898773142589,-224.91095080759328,-5.0300218718323935,0.6163382826352651,0.7595050834119014,0.1958058008786737,3.570505840961669e-05,16.4000839950943,28.418537305635198,nan,nan,nan
6.42,220.00323486328125,-224.95147705078125,-5.017882823944092,219.38901114061278,-224.90220269861348,-5.0275779994621885,0.6162732670646957,0.7595466775573412,0.1958398251760751,3.500796720061158e-05,14.904402138573971,26.34690027469852,nan,4.642378003706202,nan
6.43,220.00323486328125,-224.94276428222656,-5.017882823944092,219.3890292938373,-224.8934556528953,-5.02767411326138,0.6162594354725878,0.7595883845653394,0.1958739459953743,3.5713753306184895e-05,14.848985446251243,26.912524714266794,nan,nan,nan
6.44,220.00323486328125,-224.9340362548828,-5.017882823944092,219.3890467785545,-224.88470869742295,-5.0280853745585405,0.6162501954436268,0.7596302045682156,0.19590816348058457,3.5016321516365985e-05,15.084089419008844,26.5645102802559,nan,0.0696324462037319,nan
6.45,220.00323486328125,-224.92530822753906,-5.017882823944092,219.37836438251142,-224.86790209940688,-5.028158689375618,0.6275859898810783,0.7595612572968318,0.19588633448663995,3.5700389740842125e-05,14.834432142775237,26.543381215861086,1.2656821177621298,nan,nan
6.46,220.00323486328125,-224.91659545898438,-5.017882823944092,219.3783668122746,-224.85913454723246,-5.02815903838137,0.6275885898670911,0.7596028663014229,0.19592044764102776,3.500346722964905e-05,14.83944304077226,27.177261426380213,nan,0.00725278567960751,nan
6.47,220.00323486328125,-224.90786743164062,-5.017882823944092,219.3783689820102,-224.8503668776763,-5.028260843922414,0.6275917355905332,0.7596445876319321,0.19595465707489682,3.5709057731679415e-05,14.786210304674553,26.53762840455346,nan,nan,nan
6.48,220.00323486328125,-224.89915466308594,-5.017882823944092,219.37837329468914,-224.84159881374885,-5.027283280958539,0.6275771062494122,0.7596864214211636,0.19598896293240511,3.5011799594070975e-05,14.240424655854728,26.61256225505019,nan,0.823873917612277,nan
6.49,220.00323486328125,-224.8904266357422,-5.017882823944092,219.37837541627593,-224.83283115024636,-5.027376567526928,0.6275800344406371,0.75972836782519,0.19602336535836537,3.571772883749576e-05,14.187849538305455,25.96651784425201,nan,nan,nan
6.5,220.00323486328125,-224.88169860839844,-5.017882823944092,219.37211086421567,-224.80926302084703,-5.025590095419455,0.6353139527619729,0.7596596343555421,0.19600125396576393,3.499893839472554e-05,12.366149130108793,25.223568642663377,6.497558459181685,2.2876384876050704,nan
6.51,220.00323486328125,-224.87298583984375,-5.017882823944092,219.3721274400929,-224.80045049791894,-5.025665964090377,0.6353097927012686,0.7597013698776189,0.19603555089033275,3.57043311584444e-05,12.312787958947073,25.820275416989716,nan,nan,nan
6.5200000000000005,220.00323486328125,-224.8642578125,-5.017882823944092,219.37214047169863,-224.7916384941995,-5.027473426588595,0.6353311547032404,0.7597432173302557,0.1960699439982766,3.500724698574797e-05,13.192381649456904,26.06205660522459,nan,2.1138815069536254,nan
6.53,220.00323486328125,-224.85552978515625,-5.017882823944092,219.37215684613815,-224.78282602780178,-5.027568606773477,0.6353259906880392,0.7597851768690047,0.19610443343430187,3.5712981632364166e-05,13.140869861210385,26.017913820460134,nan,nan,nan
6.54,220.00323486328125,-224.84681701660156,-5.017882823944092,219.3721708441437,-224.7740138662721,-5.028776402607884,0.6353430293975246,0.7598272486274464,0.1961390193427228,3.501555966131292e-05,13.851082271115118,27.38124484428558,nan,0.8715008439741108,nan
6.55,220.00323486328125,-224.8380889892578,-5.017882823944092,219.37136012237676,-224.76194831995716,-5.028856981730812,0.6365402751231065,0.7597587219629629,0.19611662430753085,3.5699579120363086e-05,13.593224679669559,26.731184675056287,0.3890762487425311,nan,nan
6.5600000000000005,220.00323486328125,-224.82937622070312,-5.017882823944092,219.37138277649893,-224.75312536525786,-5.028068516038683,0.6365178715878677,0.7598005829421949,0.19615110354980847,3.5002669041224875e-05,13.132341079251779,26.93634026526789,nan,0.5686378096725905,nan
6.57,220.00323486328125,-224.82064819335938,-5.017882823944092,219.37140367808934,-224.74430253195422,-5.028169622336285,0.6365101136805058,0.7598425554866316,0.19618567888178295,3.570820723817698e-05,13.081812870992037,26.24139120926607,nan,nan,nan
6.58,220.00323486328125,-224.81192016601562,-5.017882823944092,219.3714259462425,-224.73547946213517,-5.027575568778255,0.6364900927444384,0.7598846397303973,0.19622035044784286,3.501096422369719e-05,12.75212895052659,25.924535205776134,nan,0.3419427920738283,nan
6.59,220.00323486328125,-224.80320739746094,-5.017882823944092,219.37144703391394,-224.7266563786335,-5.0276716064376386,0.6364838883136676,0.7599268358282322,0.19625511839258541,3.5716840853104045e-05,12.7008040139758,26.556833600551563,nan,nan,nan
6.6000000000000005,220.00323486328125,-224.7944793701172,-5.017882823944092,219.36818093568667,-224.71384318260218,-5.031216454634143,0.6402917080500429,0.7598585090832527,0.19623243853221511,3.499807131706728e-05,14.905280243516145,28.306904835961575,0.32985454331300584,8.267094860802347,nan
6.61,220.00323486328125,-224.78575134277344,-5.017882823944092,219.36820058703327,-224.70500879454477,-5.031349135703289,0.6402883980337679,0.759900494490925,0.19626709865182215,3.570341143629227e-05,14.855575910300377,28.261945713392514,nan,nan,nan
6.62,220.00323486328125,-224.77703857421875,-5.017882823944092,219.36822269915632,-224.69617407944128,-5.030115950012298,0.6402571081023964,0.7599425910851643,0.19630185476911788,3.500634742653985e-05,14.001497323214119,28.09765522952845,nan,1.3188492562039702,nan
6.63,220.00323486328125,-224.768310546875,-5.017882823944092,219.36824239987254,-224.68733943315752,-5.030236906250559,0.6402533664043812,0.7599847990201525,0.19633670702865172,3.571202935554451e-05,13.951833320592089,27.384627804733615,nan,nan,nan
6.640000000000001,220.00323486328125,-224.75958251953125,-5.017882823944092,219.3682618563629,-224.67850480543223,-5.030557039319215,0.6402538176175439,0.7600271184308471,0.1963716555748828,3.501463002006618e-05,14.217558157366966,27.659206478220874,nan,0.027715567136845323,nan
6.65,220.00323486328125,-224.75086975097656,-5.017882823944092,219.38233357010094,-224.68583284978567,-5.030734693100633,0.62443044843306,0.7599589848711257,0.19634868976753875,3.569860009654308e-05,14.934881614283361,28.15061894733111,4.8407716190716,nan,nan
6.66,220.00323486328125,-224.7421417236328,-5.017882823944092,219.44641614799158,-224.72601101531987,-5.0314757380712365,0.5572181339134422,0.7313717132570503,0.17965141172375632,3.500170707066515e-05,21.753720189157246,34.33099818536438,nan,0.26695911404941247,0.1433149696495747
6.67,220.00323486328125,-224.73341369628906,-5.017882823944092,219.44643247966542,-224.71725025368252,-5.031610289354463,0.5572060611513121,0.731425072464808,0.17966575533999046,3.570719270273843e-05,21.677630267500376,34.286527201112136,nan,nan,nan
6.68,220.00323486328125,-224.72470092773438,-5.017882823944092,219.44642846661046,-224.70847168804067,-5.0299788295762475,0.5571741782843156,0.731478540292564,0.17968018219738202,3.500997728395474e-05,20.503029100833743,33.77561088094972,nan,2.2039366654478227,nan
6.69,220.00323486328125,-224.71597290039062,-5.017882823944092,219.44644470622788,-224.69971133668417,-5.030098044223283,0.5571614927937548,0.7315321172592857,0.17969469273585853,3.571580159214455e-05,20.427452295538252,33.08596657006391,nan,nan,nan
6.7,220.00323486328125,-224.70726013183594,-5.017882823944092,219.41954795746176,-224.67550002717223,-5.030606086917508,0.5846887973050887,0.7314616192027336,0.1796841154316139,3.499706491850052e-05,20.60646373664713,34.28765684184181,9.518903586523502,0.11858979354769085,nan
6.71,220.00323486328125,-224.6985321044922,-5.017882823944092,219.4195037042531,-224.66669808603413,-5.030731076563024,0.5847397270127185,0.7315149084653071,0.1796986615686639,3.5702353192394444e-05,20.530903026311517,33.56431105173544,nan,nan,nan
6.72,220.00323486328125,-224.68980407714844,-5.017882823944092,219.41944022482357,-224.6578790134833,-5.029123274174605,0.5847749458580932,0.7315683058925918,0.17971329090973515,3.50053208467724e-05,19.443133557544595,32.52049909196581,nan,2.12189353183584,nan
6.73,220.00323486328125,-224.68109130859375,-5.017882823944092,219.41939592500296,-224.64907669017367,-5.0292329957723565,0.5848261861810191,0.7316218119759257,0.17972800387207563,3.5710951346209976e-05,19.36619565172567,33.16450834128857,nan,nan,nan
6.74,220.00323486328125,-224.67236328125,-5.017882823944092,219.41935195008173,-224.64027465231985,-5.029368801571534,0.5848767939617966,0.7316754265197949,0.17974280033281703,3.501358562477728e-05,19.45372158893048,32.5901374576677,nan,0.00044161873205206227,nan
6.75,220.00323486328125,-224.66363525390625,-5.017882823944092,219.4223568191121,-224.6325223533196,-5.029453325588708,0.5818257396239777,0.731604790270451,0.1797323480717379,3.569750793818403e-05,19.348219059045057,32.53601642533723,0.10935557869707334,nan,nan
6.76,220.00323486328125,-224.65492248535156,-5.017882823944092,219.4222920843701,-224.62369698193632,-5.027048253101144,0.5818535464566481,0.7316581176166638,0.17974717872870422,3.500065800708656e-05,17.923869194003494,31.82283321813946,nan,4.475287519450443,nan
6.7700000000000005,220.00323486328125,-224.6461944580078,-5.017882823944092,219.42225408288792,-224.6148954709858,-5.027136525152815,0.5818968334345102,0.7317115531432661,0.17976209294688325,3.5706093575730315e-05,17.8499658477526,31.079200745111397,nan,nan,nan
6.78,220.00323486328125,-224.63746643066406,-5.017882823944092,219.4222179279457,-224.6060957663602,-5.027402818049161,0.5819410863767454,0.731765096681075,0.17977709062495023,3.500891471230449e-05,17.96880754279674,31.226043399659755,nan,0.022123706456709538,nan
6.79,220.00323486328125,-224.62875366210938,-5.017882823944092,219.4221798584027,-224.59729433286284,-5.0274948062311,0.5819853935405418,0.7318187486817251,0.17979217214808604,3.5714689580018566e-05,17.893694198770906,31.871964306710748,nan,nan,nan
6.8,220.00323486328125,-224.62002563476562,-5.017882823944092,219.42660445308346,-224.59580555260774,-5.0273325026389,0.5772161976002107,0.731747975467467,0.1797818360866031,3.499599400154149e-05,18.429365660655037,31.005955365789017,3.657630387533954,0.029325695304455574,nan
6.8100000000000005,220.00323486328125,-224.61129760742188,-5.017882823944092,219.4265805076173,-224.58703739451184,-5.027423395712825,0.5772432990917411,0.7318013407528595,0.17979695038213567,3.5701233645289154e-05,18.356880081546063,30.960267104099486,nan,nan,nan
6.82,220.00323486328125,-224.6025848388672,-5.017882823944092,219.42655167924264,-224.57826490973858,-5.027040177741194,0.5772684045002814,0.7318548136061411,0.17981214809783555,3.500424080059989e-05,18.130965329653097,31.438131407642633,nan,0.15929760898626738,nan
6.83,220.00323486328125,-224.59385681152344,-5.017882823944092,219.4265274397647,-224.56949646776192,-5.02712827040187,0.5772957274807107,0.7319083944540334,0.17982742959856207,3.570982340883604e-05,18.05911971650527,30.724504793394733,nan,nan,nan
6.84,220.00323486328125,-224.5851287841797,-5.017882823944092,219.42649963867646,-224.56072496393375,-5.026866923911404,0.577321210241539,0.7319620831649082,0.17984279481324933,3.501249856732568e-05,17.9010811682258,30.594904245340537,nan,0.08661247051558434,nan
6.8500000000000005,220.00323486328125,-224.576416015625,-5.017882823944092,219.39671232364964,-224.54423879191467,-5.026808939650899,0.6074410591559456,0.7318911748081574,0.17983256667778175,3.5696376724162145e-05,18.66290435894273,31.231018828585025,8.838285441691761,nan,nan
6.86,220.00323486328125,-224.56768798828125,-5.017882823944092,219.3966342278165,-224.5354803074335,-5.027295348013579,0.6075279921626646,0.7319445772875176,0.17984796324140934,3.499956876798086e-05,18.893750736493722,30.83790570114552,nan,0.11402456079994945,nan
6.87,220.00323486328125,-224.5589599609375,-5.017882823944092,219.39655234474262,-224.52671833180102,-5.027384964616011,0.6076129455723459,0.7319980873002747,0.17986344352981432,3.5704958189587816e-05,18.822988569014033,30.799702585859528,nan,nan,nan
6.88,220.00323486328125,-224.5502471923828,-5.017882823944092,219.39647065267005,-224.51795651634984,-5.027497911888607,0.6076988933291583,0.7320517047382055,0.17987900749096533,3.50078224454103e-05,18.865225148966076,31.529706120696414,nan,0.00034926888716578627,nan
6.890000000000001,220.00323486328125,-224.54151916503906,-5.017882823944092,219.39638882415414,-224.5091945343045,-5.027589802109295,0.607783861567155,0.7321054299927503,0.17989465546136113,3.5713552043449604e-05,18.795016387822272,30.828359059575646,nan,nan,nan
6.9,220.00323486328125,-224.5327911376953,-5.017882823944092,219.38611980567532,-224.50093788983088,-5.0293706509899545,0.6180433592343807,0.732034387729438,0.17988452662526763,3.499490327611707e-05,20.578387254613034,31.965855057864164,2.4306410312855187,2.03766918992351,nan
6.91,220.00323486328125,-224.52407836914062,-5.017882823944092,219.38602087792097,-224.49219494533025,-5.029481196237832,0.6181457584405606,0.7320878272140133,0.1799002045019034,3.5700098673199826e-05,20.50685388469931,32.56945549639857,nan,nan,nan
6.92,220.00323486328125,-224.51535034179688,-5.017882823944092,219.38591334145954,-224.4834444948179,-5.028629122632258,0.6182388917814953,0.732141373691593,0.17991596600879986,3.50031507286455e-05,19.971493523869505,31.41005382324083,nan,0.6557493901475729,nan
6.93,220.00323486328125,-224.50662231445312,-5.017882823944092,219.38581450021294,-224.4747015804735,-5.028732203961619,0.6183401547982802,0.7321950275317721,0.17993181146474213,3.570869003533005e-05,19.90240653203121,31.37713574445154,nan,nan,nan
6.94,220.00323486328125,-224.49790954589844,-5.017882823944092,219.38569799060377,-224.4659428391948,-5.026790386985066,0.6184278487690236,0.7322487886592521,0.1799477408441014,3.501141089813986e-05,18.804436477643,30.971584591689854,nan,2.9535039024995102,nan
6.95,220.00323486328125,-224.4891815185547,-5.017882823944092,219.40086470200274,-224.459262352823,-5.026876632131654,0.6031797876773544,0.7321776142003218,0.17993770315602017,3.5695249370268375e-05,18.12735628089323,30.208225517193128,2.8483891013673617,nan,nan
6.96,220.00323486328125,-224.48045349121094,-5.017882823944092,219.40078450771122,-224.45049790636494,-5.025899517981144,0.6032479054030789,0.7322310900196922,0.1799536609988543,3.499848765404684e-05,17.631568617074553,29.738766721662817,nan,0.7973838429901503,nan
6.97,220.00323486328125,-224.47174072265625,-5.017882823944092,219.40071320266955,-224.44174121275339,-5.025975418061342,0.6033223120192382,0.7322846727543888,0.17996970273032456,3.570383584613233e-05,17.562020783475738,30.3716420331553,nan,nan,nan
6.98,220.00323486328125,-224.4630126953125,-5.017882823944092,219.40063650183006,-224.4329796452266,-5.025402419412466,0.6033931667139797,0.7323383623493739,0.17998582834118013,3.50067469313422e-05,17.277474623796913,29.444797106504815,nan,0.29809975589948184,nan
6.99,220.00323486328125,-224.45428466796875,-5.017882823944092,219.40056506352994,-224.42422271856495,-5.025473627086104,0.6034668413646129,0.7323921591437094,0.18000203812578217,3.5712436317927094e-05,17.210397500586087,29.401157737762414,nan,nan,nan
7.0,220.00323486328125,-224.44557189941406,-5.017882823944092,219.3708107200884,-224.40506300546545,-5.025954056027017,0.6337715772811895,0.7323208537284402,0.17999208317575088,3.499383721976767e-05,17.961066740864467,30.515665154650733,7.042907786489435,0.12281389740679462,nan
7.01,220.00323486328125,-224.4368438720703,-5.017882823944092,219.3706797974771,-224.39629685643658,-5.026031295993131,0.6339056470390804,0.7323743656563145,0.18000831996408645,3.569899353224235e-05,17.894940493131635,29.801801713054644,nan,nan,nan
7.0200000000000005,220.00323486328125,-224.42811584472656,-5.017882823944092,219.3705310309437,-224.38751513246726,-5.023856258896906,0.6340333108092263,0.7324279840227967,0.18002464058648163,3.500209313567671e-05,16.990217881682444,28.917136831795414,nan,3.585157079568868,nan
7.03,220.00323486328125,-224.41940307617188,-5.017882823944092,219.3703998478832,-224.3787489825895,-5.0239133323046845,0.6341681788531737,0.7324817091482737,0.1800410453222491,3.570759440467572e-05,16.923543999879985,29.544500323184167,nan,nan,nan
7.04,220.00323486328125,-224.41067504882812,-5.017882823944092,219.37026390128102,-224.36997874410972,-5.023362618642518,0.6343015498193001,0.73253554100585,0.18005753418458895,3.5010363105652044e-05,16.699036081011155,28.667616303960543,nan,0.2617035162653333,nan
7.05,220.00323486328125,-224.40194702148438,-5.017882823944092,219.33411972049996,-224.34561305152883,-5.023462216018751,0.6715055622153152,0.7324641062443805,0.18004765395582828,3.569416690463732e-05,16.991892888296658,29.144276926515737,11.327628735171524,nan,nan
7.0600000000000005,220.00323486328125,-224.39321899414062,-5.017882823944092,219.33391884884867,-224.3368242168657,-5.0240898360612185,0.6717163278343226,0.732517653676351,0.18006416836160316,3.4997453076177864e-05,17.1575930403523,29.328200725903347,nan,0.23139634082944055,nan
7.07,220.00323486328125,-224.38450622558594,-5.017882823944092,219.33371395839114,-224.3280317066987,-5.024151824675817,0.6719277593153783,0.7325713074334049,0.18008076682013405,3.5702765436341146e-05,17.09296104046935,29.98553051733465,nan,nan,nan
7.08,220.00323486328125,-224.3757781982422,-5.017882823944092,219.33350174333683,-224.31923286001137,-5.023217183488426,0.6721371010574253,0.7326250675057594,0.18009744935836286,3.500572451806817e-05,16.74249463681277,28.95482001946151,nan,0.702517272624841,nan
7.09,220.00323486328125,-224.36705017089844,-5.017882823944092,219.33329668736246,-224.31044039705037,-5.023271105355742,0.6723472760598441,0.7326789341880179,0.18011421623509283,3.571137914110608e-05,16.680277461787025,28.916138501222346,nan,nan,nan
7.1000000000000005,220.00323486328125,-224.35833740234375,-5.017882823944092,219.32148298960027,-224.2904417392927,-5.023124551452723,0.6851444475699583,0.7326073713177916,0.18010440253318735,3.499283008797788e-05,16.04336117996149,29.919947509528264,5.533595430741742,0.04353687733594247,nan
7.11,220.00323486328125,-224.349609375,-5.017882823944092,219.32124944128574,-224.28160932639346,-5.023178872521593,0.6853876060707657,0.7326609539970614,0.18012119347829378,3.5697952782750646e-05,15.981778173117007,29.15384185974832,nan,nan,nan
7.12,220.00323486328125,-224.34088134765625,-5.017882823944092,219.3210006852863,-224.2727636994423,-5.021039584564419,0.6856336140828195,0.7327146425799077,0.18013806845493627,3.5001100207435204e-05,15.418907873458782,28.613021481364754,nan,3.400338146067986,nan
7.13,220.00323486328125,-224.33216857910156,-5.017882823944092,219.32076688804958,-224.2639311830434,-5.02107373061598,0.6858783137867872,0.7327684373453474,0.18015502770944708,3.570656892626509e-05,15.356059192853417,29.2901848687021,nan,nan,nan
7.140000000000001,220.00323486328125,-224.3234405517578,-5.017882823944092,219.32053235627862,-224.2550982994515,-5.021035557966458,0.6861219397816923,0.7328223383070835,0.18017207128739005,3.500938531299362e-05,15.293450548025895,28.51204877435734,nan,0.00377929708085561,nan
7.15,220.00323486328125,-224.31471252441406,-5.017882823944092,219.3314898636204,-224.24729264425488,-5.021096852901472,0.6751274804006905,0.7327506488479275,0.1801623162417702,3.569315958901237e-05,14.786652919176001,28.375490503211566,1.6463234981353967,nan,nan
7.16,220.00323486328125,-224.30599975585938,-5.017882823944092,219.33127564829223,-224.23844919204862,-5.021109088907855,0.675353739950718,0.7328042662274058,0.18017938241199818,3.499649310472157e-05,14.73201323970513,29.074944405000164,nan,0.0004293013825016359,nan
7.17,220.00323486328125,-224.29727172851562,-5.017882823944092,219.3310616707132,-224.22960608782867,-5.021146883460881,0.6755783402546406,0.7328579893683016,0.18019653279916886,3.5701775106418024e-05,14.672242490032847,28.278035617128097,nan,nan,nan
7.18,220.00323486328125,-224.28854370117188,-5.017882823944092,219.33083885722732,-224.2207554431555,-5.019771209501976,0.6758070751939392,0.7329118182984351,0.18021376746009515,3.5004781254447385e-05,14.415191848340648,28.03878500258358,nan,1.4126415014316207,nan
7.19,220.00323486328125,-224.27981567382812,-5.017882823944092,219.33062508394016,-224.21191253119613,-5.019797115719937,0.6760313724654867,0.7329657532755568,0.18023108662430723,3.57104065697515e-05,14.355670633774325,28.001622281772583,nan,nan,nan
7.2,220.00323486328125,-224.27110290527344,-5.017882823944092,219.34279708377693,-224.20224679561554,-5.019835177432121,0.6640203582104698,0.7328939384578993,0.18022138225448586,3.49919059391056e-05,13.613917447842574,28.688437406889676,3.8488482935841875,0.009151246905849886,nan
7.21,220.00323486328125,-224.2623748779297,-5.017882823944092,219.3426040013763,-224.19338248333014,-5.019864511284607,0.6642266279656284,0.7329475902571375,0.18023872252223574,3.5697000428720496e-05,13.555105249404566,27.899619221234154,nan,nan,nan
7.22,220.00323486328125,-224.25364685058594,-5.017882823944092,219.34241409173194,-224.1845205986005,-5.0204102530323,0.6644312746419878,0.733001347443411,0.18025614701280487,3.500019404659545e-05,13.567941915712117,27.939309121879813,nan,0.1876512544963743,nan
7.23,220.00323486328125,-224.24493408203125,-5.017882823944092,219.34222131916505,-224.17565610781546,-5.020446431881812,0.6646389360413397,0.7330552102617618,0.18027365594564101,3.570563558888487e-05,13.508556535998123,28.64252916411934,nan,nan,nan
7.24,220.00323486328125,-224.2362060546875,-5.017882823944092,219.34202569898554,-224.16678928080208,-5.019990068287812,0.6648463641504092,0.7331091787591583,0.1802912493926252,3.5008497706047925e-05,13.392203375471519,27.779486950637654,nan,0.1718822207451527,nan
7.25,220.00323486328125,-224.22747802734375,-5.017882823944092,219.3437062085842,-224.16169616364078,-5.020026511527957,0.6628045679951223,0.7330372400224511,0.1802815879848585,3.5692247451131806e-05,13.660217959004537,27.628010493615385,0.7756989823932298,nan,nan
7.26,220.00323486328125,-224.21876525878906,-5.017882823944092,219.34351919977635,-224.15284745803294,-5.0200613781566625,0.6630042678812019,0.7330909257434393,0.1802992010451923,3.4995626065037153e-05,13.60696058091879,28.34200742058532,nan,4.25649780876186e-07,nan
7.2700000000000005,220.00323486328125,-224.2100372314453,-5.017882823944092,219.34333227394862,-224.14399860780162,-5.020096325574791,0.6632024025967742,0.7331447166874157,0.18031689848641927,3.570088296239299e-05,13.550224154833002,27.56261096832095,nan,nan,nan
7.28,220.00323486328125,-224.20130920410156,-5.017882823944092,219.34314326745127,-224.1351479325453,-5.019760715123712,0.6634016545160235,0.7331986129127264,0.1803346803894018,3.500393364293044e-05,13.455616239684455,27.47808349810353,nan,0.09748964370899646,nan
7.29,220.00323486328125,-224.19259643554688,-5.017882823944092,219.34295614741708,-224.12629903309437,-5.019794141217493,0.6636015230007397,0.733252614647276,0.18035254696016267,3.570953483926487e-05,13.397807638179671,28.18694557707512,nan,nan,nan
7.3,220.00323486328125,-224.18386840820312,-5.017882823944092,219.36318135059767,-224.11963788385677,-5.0192274444494345,0.6432696692373269,0.7331805532100958,0.18034292074607508,3.499107952175334e-05,12.537106305341503,27.2346713667171,5.671216967615134,0.38523758746764664,nan
7.3100000000000005,220.00323486328125,-224.17514038085938,-5.017882823944092,219.36303138275656,-224.110772274207,-5.019258518516151,0.6434327021262557,0.7332342725550954,0.18036080542929447,3.5696150909394205e-05,12.481069571121335,27.210926263274445,nan,nan,nan
7.32,220.00323486328125,-224.16641235351562,-5.017882823944092,219.36289064598844,-224.10191436335242,-5.021049831615478,0.6435920581338932,0.733288096788385,0.18037877452065826,3.4999387685956595e-05,12.65749498914253,27.386520949240406,nan,2.18561399737745,nan
7.33,220.00323486328125,-224.15769958496094,-5.017882823944092,219.3627409968647,-224.0930489133424,-5.021100231362376,0.6437565176124143,0.7333420261277465,0.18039682821824274,3.5704807075550335e-05,12.60254337841583,28.1139403380413,nan,nan,nan
7.34,220.00323486328125,-224.1489715576172,-5.017882823944092,219.3626015910496,-224.08419209982824,-5.023224400596728,0.6439222779829745,0.7333960606467773,0.18041496661479647,3.5007711658023797e-05,13.071052972735977,27.826530348741137,nan,3.0328360377767036,nan
7.3500000000000005,220.00323486328125,-224.14024353027344,-5.017882823944092,219.3876138409791,-224.09160654053542,-5.023344727309065,0.6175634641552953,0.7333238778773349,0.18040536804690127,3.5691441502071773e-05,13.410120192559384,27.368513529723696,9.637406982107489,nan,nan
7.36,220.00323486328125,-224.13153076171875,-5.017882823944092,219.3875137489478,-224.08278103630215,-5.022432342239849,0.6176647346910211,0.7333776303898847,0.18042352305327278,3.499486175403874e-05,13.108129418507804,27.810569061887012,nan,0.6884488447762235,nan
7.37,220.00323486328125,-224.122802734375,-5.017882823944092,219.38741829720934,-224.073959442565,-5.0224983914367645,0.6177677667754432,0.7334314876108529,0.18044176260388484,3.570009838256272e-05,13.057493490303282,27.04192085205194,nan,nan,nan
7.38,220.00323486328125,-224.11407470703125,-5.017882823944092,219.38732943525392,-224.065143208104,-5.023994175816273,0.6178763116372933,0.7334854496227914,0.1804600867984717,3.5003189941236266e-05,13.472085446139413,27.47045878084061,nan,1.441315256241345,nan
7.390000000000001,220.00323486328125,-224.1053466796875,-5.017882823944092,219.38723411119935,-224.05632137257118,-5.02407638288643,0.6179795849991254,0.7335395166299963,0.18047849582465977,3.570877175831169e-05,13.423894547767647,27.433831381157866,nan,nan,nan
7.4,220.00323486328125,-224.0966339111328,-5.017882823944092,219.4220643966673,-224.06682310336015,-5.022957839314118,0.5819566575831313,0.7334672137307435,0.1804689173448731,3.499035764412641e-05,13.225842125588532,27.509464852278,13.958677671669868,0.9814949347848219,nan
7.41,220.00323486328125,-224.08790588378906,-5.017882823944092,219.42204177711008,-224.05804593362356,-5.023029997742759,0.5819823995922622,0.7335209991014876,0.1804873414693147,3.569541055837213e-05,13.176905396711703,26.74951209148934,nan,nan,nan
7.42,220.00323486328125,-224.0791778564453,-5.017882823944092,219.42201768117243,-224.04926749157906,-5.022769988434407,0.5820068101678021,0.7335748888790007,0.18050585018156676,3.499868651981895e-05,13.062311245182709,26.645911458369486,nan,0.07833617020989599,nan
7.43,220.00323486328125,-224.07046508789062,-5.017882823944092,219.4219950358643,-224.04049011805887,-5.022840586223787,0.5820333454355576,0.7336288832597094,0.18052444366315992,3.570408828153574e-05,13.012274384019385,27.336620266779402,nan,nan,nan
7.44,220.00323486328125,-224.06173706054688,-5.017882823944092,219.42197333042935,-224.03171342439245,-5.023132596565889,0.5820600900369748,0.7336829823380223,0.18054312202295442,3.5007031212308385e-05,13.056771832567907,26.66805812855975,nan,0.034284074450018395,nan
7.45,220.00323486328125,-224.05300903320312,-5.017882823944092,219.43343164630699,-224.0404513432413,-5.023214907718686,0.5699665189892976,0.7336105606141218,0.18053355625820533,3.5690745297413193e-05,14.167299622323286,26.5801232022476,13.764194992048003,nan,nan
7.46,220.00323486328125,-224.04429626464844,-5.017882823944092,219.4334396687655,-224.03173976172536,-5.023323596771966,0.5699594998487854,0.7336643784214592,0.1805522482027464,3.4994202959833616e-05,14.161226377061137,27.26416233359746,nan,0.000745314400037561,nan
7.47,220.00323486328125,-224.0355682373047,-5.017882823944092,219.43344754777092,-224.02302811878545,-5.023401211774498,0.5699520085877287,0.7337183004451354,0.1805710248538783,3.569942361729275e-05,14.11466171466617,26.548258443711372,nan,nan,nan
7.48,220.00323486328125,-224.02684020996094,-5.017882823944092,219.43345257479896,-224.01431412142455,-5.022715666482219,0.5699404491077397,0.7337723267864333,0.18058988632574324,3.5002551714651905e-05,13.875452363402466,26.322151177855396,nan,0.41241983541756166,nan
7.49,220.00323486328125,-224.0181121826172,-5.017882823944092,219.43346055321786,-224.00560262838786,-5.022788000979095,0.5699327277117696,0.7338264576314278,0.18060883279196446,3.570811833806837e-05,13.828756645956108,26.288387142628185,nan,nan,nan
7.5,220.00323486328125,-224.0093994140625,-5.017882823944092,219.4401381618912,-223.99988876927065,-5.023035994832274,0.56320058829062,0.733753918265613,0.18059927239275406,3.4989740746027674e-05,13.868755615142737,27.008543178813518,0.43123989702834276,0.029007645084713096,nan
7.51,220.00323486328125,-224.00067138671875,-5.017882823944092,219.44015955963877,-223.99118284023155,-5.023111700362818,0.5631795195451542,0.7338077681934523,0.18061823092288873,3.569477924920212e-05,13.822996945378664,26.29283566668235,nan,nan,nan
7.5200000000000005,220.00323486328125,-223.991943359375,-5.017882823944092,219.44017852991345,-223.9824749595462,-5.022518016745936,0.5631550143195173,0.7338617220632728,0.1806372742151698,3.4998089892428244e-05,13.61834948886114,26.097635438399482,nan,0.3173403841465835,nan
7.53,220.00323486328125,-223.9832305908203,-5.017882823944092,219.4402000399475,-223.97376900637005,-5.02258905694182,0.563133982721511,0.7339157800551882,0.18065640243868214,3.570347797318687e-05,13.571002445118411,26.754273479326784,nan,nan,nan
7.54,220.00323486328125,-223.97450256347656,-5.017882823944092,219.44022323584713,-223.96506411391258,-5.023098245014761,0.5631148884314238,0.7339699422794631,0.18067561571436863,3.5006454680069674e-05,13.67549873511791,26.20443137318236,nan,0.13480002258174,nan
7.55,220.00323486328125,-223.9657745361328,-5.017882823944092,219.4563302103607,-223.96252893295167,-5.023242194892352,0.5469405417256185,0.733897286521047,0.18066605348890913,3.569015659783223e-05,13.513543322513208,26.262178882129362,2.3023809610124584,nan,nan
7.5600000000000005,220.00323486328125,-223.95704650878906,-5.017882823944092,219.45637680922837,-223.9538252686768,-5.021241644524072,0.546877855966072,0.7339511681768593,0.1806852773056603,3.4993647057899064e-05,12.979366401947988,25.732345641167957,nan,3.0579707011462065,nan
7.57,220.00323486328125,-223.94833374023438,-5.017882823944092,219.45643018447717,-223.94512725906011,-5.021301844670291,0.5468247689948578,0.734005153578093,0.1807045859899633,3.569885544904489e-05,12.931448471660842,26.366966300743634,nan,nan,nan
7.58,220.00323486328125,-223.93960571289062,-5.017882823944092,219.4564861238628,-223.93643150119755,-5.022176851173703,0.5467748150247942,0.7340592428401483,0.1807239796666296,3.5002015428668415e-05,13.079450383154754,25.83826003289593,nan,0.46770792699228975,nan
7.59,220.00323486328125,-223.93087768554688,-5.017882823944092,219.45653945241074,-223.9277337618782,-5.022247038682923,0.5467218697776773,0.7341134361354058,0.18074345849894793,3.570757044554242e-05,13.034955148647256,25.800789109306237,nan,nan,nan
7.6000000000000005,220.00323486328125,-223.9221649169922,-5.017882823944092,219.441595346055,-223.91844499992283,-5.022760958547342,0.5616730199060076,0.7340406651445363,0.18073388730478723,3.498922447882505e-05,13.819897624089093,26.526193516727677,4.08865305358372,0.2640886793937838,nan
7.61,220.00323486328125,-223.91343688964844,-5.017882823944092,219.4416219158848,-223.9097622981391,-5.022835767479004,0.561646808017047,0.7340945782095591,0.18075337514941311,3.5694252032815496e-05,13.776434050505326,25.81895477251886,nan,nan,nan
7.62,220.00323486328125,-223.9047088623047,-5.017882823944092,219.44164446180736,-223.9010764304783,-5.0215380451534575,0.5616140438331926,0.7341485947680618,0.18077294792552406,3.4997592663788194e-05,13.42049498581753,25.47428310741144,nan,1.3322318668779376,nan
7.63,220.00323486328125,-223.89598083496094,-5.017882823944092,219.44167104412548,-223.89239369647098,-5.021601069363378,0.5615875852405865,0.7342027149880366,0.1807926057931441,3.570297040812132e-05,13.375729024115968,25.450917434410812,nan,nan,nan
7.640000000000001,220.00323486328125,-223.88726806640625,-5.017882823944092,219.44169601044177,-223.8837095794215,-5.021045826958761,0.5615590357798245,0.7342569389914959,0.18081234888198178,3.500597618723733e-05,13.222838063825945,25.96855893639005,nan,0.27067460430429335,nan
7.65,220.00323486328125,-223.8785400390625,-5.017882823944092,219.40675537403612,-223.86521367298212,-5.020988898741953,0.596636422642538,0.7341840539678502,0.18080276171422405,3.568966896426048e-05,13.937373554840015,25.252031695837754,10.312725170732623,nan,nan
7.66,220.00323486328125,-223.86981201171875,-5.017882823944092,219.4068636059657,-223.8562323251183,-5.020119578102843,0.5965300390671597,0.7339217811298717,0.17961275068683222,3.499317892685735e-05,20.01505753114385,31.35476193639825,nan,0.6068298995192405,7.155089862335209e-05
7.67,220.00323486328125,-223.86109924316406,-5.017882823944092,219.40682415448813,-223.8475465935331,-5.0201688072105535,0.5965690518243636,0.7339745532323438,0.1796275611172612,3.569837795589737e-05,19.94366441919346,31.96807546467437,nan,nan,nan
7.68,220.00323486328125,-223.8523712158203,-5.017882823944092,219.40678416093922,-223.83885907603093,-5.019869702418144,0.5966070448226821,0.7340274261959023,0.17964244626349107,3.5001565621705464e-05,19.837586999210945,31.256645920071314,nan,0.08622782366107247,nan
7.69,220.00323486328125,-223.84364318847656,-5.017882823944092,219.40674442099476,-223.83017308681724,-5.019917668635893,0.5966459854643877,0.734080400168129,0.17965740633760177,3.570711183124501e-05,19.768465784684363,31.220202073031558,nan,nan,nan
7.7,220.00323486328125,-223.8349151611328,-5.017882823944092,219.38873826795842,-223.8147288414848,-5.018810859668558,0.6148287683693666,0.7340116311305402,0.17964649066766208,3.498879312558451e-05,19.963134032177063,31.185812660090303,3.512968169846034,1.1875906618983934,nan
7.71,220.00323486328125,-223.82620239257812,-5.017882823944092,219.3886640539619,-223.80603640886022,-5.018850698679056,0.614902336430971,0.7340643396655473,0.1796614756853261,3.569381241965805e-05,19.89120284834046,31.827922110628762,nan,nan,nan
7.72,220.00323486328125,-223.81747436523438,-5.017882823944092,219.3885899802981,-223.7973447575278,-5.019094204333572,0.6149756098629009,0.734117148734182,0.17967653549012552,3.499717887477081e-05,19.83561625508686,31.150202409444272,nan,0.029005320061080225,nan
7.73,220.00323486328125,-223.80874633789062,-5.017882823944092,219.3885157322931,-223.78865204621786,-5.019138021120592,0.6150487509788349,0.7341700584830593,0.17969167028640057,3.570254886903648e-05,19.766720317555173,31.124727645926708,nan,nan,nan
7.74,220.00323486328125,-223.80003356933594,-5.017882823944092,219.3884416693914,-223.77995988388201,-5.019308621009463,0.6151224731695796,0.7342230690547783,0.17970688016059955,3.500557957850823e-05,19.70767687501028,31.780369578791834,nan,0.011149976190274928,nan
7.75,220.00323486328125,-223.7913055419922,-5.017882823944092,219.41266685727706,-223.77728902362523,-5.019156286214176,0.5907356889583105,0.7341541719273048,0.17969606814860165,3.5689265534057887e-05,18.84305801726026,30.902429490368707,7.806858960735562,nan,nan
7.76,220.00323486328125,-223.78257751464844,-5.017882823944092,219.41263657004606,-223.7685878617083,-5.018920968786349,0.5907648704065069,0.7342069172966511,0.179711302055543,3.499280810844744e-05,18.757254698752263,30.85342433717955,nan,0.05523643796427321,nan
7.7700000000000005,220.00323486328125,-223.7738494873047,-5.017882823944092,219.41260637496796,-223.75988807909727,-5.018963659274552,0.5907944653865528,0.7342597630217995,0.17972661101583087,3.56980005558309e-05,18.688263766218338,30.807439428515163,nan,nan,nan
7.78,220.00323486328125,-223.76513671875,-5.017882823944092,219.41257527185525,-223.7511841801919,-5.018027036913134,0.5908243792135945,0.7343127092460366,0.17974199512284492,3.50012108737971e-05,18.58344229886305,31.430729670340085,nan,0.6787062009973509,nan
7.79,220.00323486328125,-223.75640869140625,-5.017882823944092,219.41254453423798,-223.7424842667392,-5.018062183272194,0.5908544546648714,0.7343657561149156,0.17975745457057674,3.57067509376128e-05,18.51329377730877,30.70979385028027,nan,nan,nan
7.8,220.00323486328125,-223.7476806640625,-5.017882823944092,219.4215073511616,-223.73269793396122,-5.017816036897569,0.5819204284253177,0.7342967319007687,0.17974673985345643,3.4988454387671204e-05,17.763180644993504,30.63707659977254,2.9675964309673173,0.07421448829512378,nan
7.8100000000000005,220.00323486328125,-223.73895263671875,-5.017882823944092,219.42149042244216,-223.72397855217548,-5.01785092327701,0.581937126047776,0.7343495137943159,0.17976222240024625,3.569346796213722e-05,17.692628641888803,30.595670756203482,nan,nan,nan
7.82,220.00323486328125,-223.73023986816406,-5.017882823944092,219.42147385204436,-223.71526446521983,-5.019221608666332,0.5819552639449586,0.7344023958668899,0.17977778016020782,3.499685535910313e-05,17.671678798527992,31.307061569954595,nan,1.2582764741250092,nan
7.83,220.00323486328125,-223.7215118408203,-5.017882823944092,219.4214565662553,-223.70654510874866,-5.019271916202719,0.581972438811857,0.734455378263586,0.17979341332116444,3.570222002972755e-05,17.60456522110636,30.578293647755864,nan,nan,nan
7.84,220.00323486328125,-223.71278381347656,-5.017882823944092,219.42143969742952,-223.697829360245,-5.02032753650317,0.5819924632668309,0.7345084611284016,0.1798091219857096,3.5005270865845705e-05,17.65151820753973,30.664919343280072,nan,0.7119548814469661,nan
7.8500000000000005,220.00323486328125,-223.70407104492188,-5.017882823944092,219.40745845698146,-223.67851767881103,-5.020412469265721,0.5963295229389046,0.7344393108202342,0.1797984983053144,3.5688952184444194e-05,17.184135730015395,31.415498423615837,4.719812615392768,nan,nan
7.86,220.00323486328125,-223.69534301757812,-5.017882823944092,219.40741101568966,-223.66976416107624,-5.020074354485098,0.5963766746485825,0.7344921289296532,0.17981422911950473,3.49925140553946e-05,17.072629590835177,30.597420302325112,nan,0.1143464957349446,nan
7.87,220.00323486328125,-223.68661499023438,-5.017882823944092,219.40736369324253,-223.6610120150448,-5.020135578104254,0.5964252162033199,0.7345450470464367,0.17983003539320258,3.569770192281984e-05,17.00831983015428,30.571595636412834,nan,nan,nan
7.88,220.00323486328125,-223.67788696289062,-5.017882823944092,219.40731606463697,-223.6522554291333,-5.0189868243680875,0.5964707946893354,0.7345980653148575,0.17984591723445717,3.500093075486927e-05,16.83198636652328,30.42765482376073,nan,1.0354321451035868,nan
7.890000000000001,220.00323486328125,-223.66917419433594,-5.017882823944092,219.40726867811,-223.6435029614045,-5.019037927820776,0.5965199412699953,0.7346511838795851,0.17986187482294225,3.570646657893835e-05,16.763904348405582,31.13035377979955,nan,nan,nan
7.9,220.00323486328125,-223.6604461669922,-5.017882823944092,219.4074306178087,-223.63080900368797,-5.02081442947373,0.5965481159829581,0.7345819084561134,0.1798513358418839,3.498818801587636e-05,16.456081200726334,30.606265263022166,1.6842884396289888,2.102156102808364,nan
7.91,220.00323486328125,-223.65171813964844,-5.017882823944092,219.40738087651974,-223.6220361774878,-5.0208850044226585,0.5966003733697456,0.7346347624780944,0.17986731460946137,3.569319768000503e-05,16.39449961743019,30.572459717043554,nan,nan,nan
7.92,220.00323486328125,-223.6429901123047,-5.017882823944092,219.4073308965804,-223.61326132965564,-5.020345644434523,0.5966501517073314,0.7346877163387749,0.17988336900624644,3.4996602051094974e-05,16.24710500559404,30.436974087591132,nan,0.26359290382869344,nan
7.930000000000001,220.00323486328125,-223.63427734375,-5.017882823944092,219.40728094897528,-223.60448858161374,-5.020412088783487,0.5967033060967913,0.7347407701826949,0.17989949920712073,3.570196311679533e-05,16.183237045676186,31.14934846055647,nan,nan,nan
7.94,220.00323486328125,-223.62554931640625,-5.017882823944092,219.40723086986887,-223.59571314938304,-5.019654765713727,0.5967529612861402,0.7347939241543303,0.17991570532729612,3.500503019708787e-05,16.026089109155212,30.267825542256073,nan,0.4802612612600021,nan
7.95,220.00323486328125,-223.6168212890625,-5.017882823944092,219.39127128601044,-223.58584280689126,-5.019689461872425,0.6127498267680936,0.7347245245824723,0.1799052447899862,3.568870840763149e-05,16.826946734314316,30.25642302369332,4.395125365813107,nan,nan
7.96,220.00323486328125,-223.6081085205078,-5.017882823944092,219.3911938960641,-223.57708214724337,-5.017884928505247,0.612826877180239,0.7347774142170785,0.17992147110324677,3.4992285788767414e-05,16.666935986537776,30.85489689787332,nan,2.457971622764444,nan
7.97,220.00323486328125,-223.59938049316406,-5.017882823944092,219.3911165600976,-223.56832736110536,-5.017928127060195,0.6129054708154086,0.7348304035254161,0.17993777327565036,3.569747061867148e-05,16.60054294399754,30.068977779908842,nan,nan,nan
7.98,220.00323486328125,-223.5906524658203,-5.017882823944092,219.39103934766698,-223.55957203179946,-5.017740599655039,0.61298398261692,0.7348834926519799,0.17995415142659013,3.500071426841921e-05,16.53486110881617,30.043741857741438,nan,0.03796379424655836,nan
7.99,220.00323486328125,-223.58192443847656,-5.017882823944092,219.39096229259923,-223.55081735982273,-5.017783639971592,0.6130622814930058,0.7349366817412801,0.17997060572469853,3.5706247312557044e-05,16.468582291245163,30.007307798707952,nan,nan,nan
8.0,220.00323486328125,-223.57321166992188,-5.017882823944092,219.3976709484144,-223.54410593386686,-5.018098898561612,0.6062630168073994,0.7348671589757969,0.17996021732777295,3.4987983048285694e-05,16.284020897482005,30.681869700738083,0.39502057202494,0.05281478510549023,nan
8.01,220.00323486328125,-223.56448364257812,-5.017882823944092,219.39760676845205,-223.53535127934236,-5.018146387428257,0.6063284203299865,0.7349200839269356,0.17997669081343515,3.569299017940018e-05,16.219058740103225,29.922126015625366,nan,nan,nan
8.02,220.00323486328125,-223.55575561523438,-5.017882823944092,219.39754277731507,-223.52659434626528,-5.017382218243749,0.6063938763015511,0.7349731083902112,0.1799932403345946,3.499640802096679e-05,16.15892683278278,29.88637010602562,nan,0.46653877248000386,nan
8.03,220.00323486328125,-223.54702758789062,-5.017882823944092,219.3974786539407,-223.51783962594942,-5.017423834821809,0.606459176654057,0.7350262325101974,0.1800098660562641,3.570176678189348e-05,16.09256295895937,29.858245854031306,nan,nan,nan
8.040000000000001,220.00323486328125,-223.53831481933594,-5.017882823944092,219.39741404843636,-223.50908951224108,-5.019316483950234,0.6065270263188017,0.7350794564312926,0.18002656810325063,3.500484669737474e-05,16.07872587357362,30.617970813879428,nan,2.4163452008922177,nan
8.05,220.00323486328125,-223.5295867919922,-5.017882823944092,219.39340090361208,-223.502435831237,-5.019312682381339,0.6104397411136212,0.7350098114153649,0.18001624560831989,3.5688522948940866e-05,16.534796740837095,29.81564633523781,1.5030057512274753,nan,nan
8.06,220.00323486328125,-223.52085876464844,-5.017882823944092,219.39333128214963,-223.49369537844552,-5.018901224558042,0.6105090212003357,0.735062771390456,0.18003296582223774,3.499211253345823e-05,16.443003306371473,29.763191010404444,nan,0.1581892081887275,nan
8.07,220.00323486328125,-223.51214599609375,-5.017882823944092,219.3932615162252,-223.48495605362822,-5.01895939634445,0.6105799997528261,0.7351158307196053,0.18004976228816527,3.569729547752978e-05,16.380125826513506,30.45536460225144,nan,nan,nan
8.08,220.00323486328125,-223.50341796875,-5.017882823944092,219.39319172152622,-223.47621668975037,-5.019018626905806,0.6106503372879842,0.7351689895472214,0.18006663514196294,3.6416781175580465e-05,16.319396203617448,29.69567020935501,nan,nan,nan
8.09,220.00323486328125,-223.49468994140625,-5.017882823944092,219.39312187070306,-223.46747712503705,-5.019078959395873,0.6107207478279113,0.7352222480178046,0.180083584528131,3.7150714127810294e-05,16.259006529722377,29.67369538762078,nan,nan,nan
8.1,220.00323486328125,-223.4859619140625,-5.017882823944092,219.4199385618248,-223.47142972153276,-5.018794469206244,0.5834780124474022,0.7351524816830083,0.18007332167348777,3.6344976100384314e-05,16.13037263517833,29.543955749933687,6.696202001299607,0.06275238876087369,nan
8.11,220.00323486328125,-223.4772491455078,-5.017882823944092,219.41992092579744,-223.46271304333027,-5.018853161561237,0.5834958350189584,0.735205476393264,0.1800902881879345,3.707662438396e-05,16.068044944774975,30.22926658134746,nan,nan,nan
8.120000000000001,220.00323486328125,-223.46852111816406,-5.017882823944092,219.41990323429846,-223.4539965495587,-5.018993558168049,0.5835134841590247,0.7352585703023246,0.18010733113414382,3.629741842810266e-05,16.013781892225136,29.475528277186267,nan,0.004266206198887275,nan
8.13,220.00323486328125,-223.4597930908203,-5.017882823944092,219.41988576960964,-223.44527979369255,-5.019054987558936,0.5835307831199249,0.7353117635551373,0.18012445067091806,3.702778550252617e-05,15.95424983690099,29.452184077067106,nan,nan,nan
8.14,220.00323486328125,-223.45106506347656,-5.017882823944092,219.41986807268825,-223.43656452058198,-5.019910908466608,0.5835505044448596,0.7353650562957059,0.18014164692910234,3.62512444320536e-05,15.968161904508367,29.495629430898283,nan,0.4138630200344158,nan
8.15,220.00323486328125,-223.44235229492188,-5.017882823944092,219.4334750525758,-223.43232079736472,-5.020058095739384,0.5698522656318316,0.7352951695631269,0.18013143750825447,3.695688762254679e-05,15.694985706904736,30.21619393196618,1.7685960572038544,nan,nan
8.16,220.00323486328125,-223.43362426757812,-5.017882823944092,219.43348330169644,-223.4236048232144,-5.0194442810792275,0.5698417932567523,0.73534819872259,0.18014864984147444,3.61839420593333e-05,15.572253916406007,29.40517129028009,nan,0.31211117648124054,nan
8.17,220.00323486328125,-223.42489624023438,-5.017882823944092,219.43349111803516,-223.41489005384838,-5.019512649504832,0.5698339366380232,0.7354013269296512,0.18016593881301682,3.691103923954251e-05,15.514981781389647,29.37001301568986,nan,nan,nan
8.18,220.00323486328125,-223.4161834716797,-5.017882823944092,219.4334994613431,-223.40617252127237,-5.018066692290408,0.5698233771593159,0.735454554328132,0.1801833045561546,3.614064902409068e-05,15.380651106482485,29.967369732118076,nan,1.5188666720539454,nan
8.19,220.00323486328125,-223.40745544433594,-5.017882823944092,219.43350695477662,-223.39745789123734,-5.018122115094334,0.5698156702454541,0.7355078810632636,0.18020074722605714,3.6866672745775567e-05,15.319917688244375,29.20794813616151,nan,nan,nan
8.2,220.00323486328125,-223.3987274169922,-5.017882823944092,219.45969801120754,-223.40417997935012,-5.020015239396834,0.5435683831811164,0.7354378748422493,0.18019058502727006,3.607643768505853e-05,15.682107012230086,29.39494752350442,8.75465065498197,2.3668216312141412,nan
8.21,220.00323486328125,-223.38999938964844,-5.017882823944092,219.45975744197406,-223.39550218589943,-5.020090388425462,0.5435097621738083,0.7354909381693358,0.18020804270221868,3.680054548214371e-05,15.627693661979217,29.341223905364956,nan,nan,nan
8.22,220.00323486328125,-223.38128662109375,-5.017882823944092,219.45981698998946,-223.38682397921832,-5.01986856682528,0.5434497129659365,0.7355441003946225,0.18022557719674687,3.603605014778041e-05,15.54243962312513,29.972055631287205,nan,0.058988813182667216,nan
8.23,220.00323486328125,-223.37255859375,-5.017882823944092,219.4598763984383,-223.37814620835576,-5.0199424752105175,0.5433910975686043,0.7355973616635297,0.1802431886640106,3.6759220405430735e-05,15.488085289386687,29.23901397762502,nan,nan,nan
8.24,220.00323486328125,-223.36383056640625,-5.017882823944092,219.459936268553,-223.36946721412136,-5.019315071123837,0.5433297214060082,0.7356507221195842,0.18026087724029924,3.599709533412815e-05,15.369543888593386,29.14179305545948,nan,0.3289036416848106,nan
8.25,220.00323486328125,-223.3551025390625,-5.017882823944092,219.49245614665278,-223.36512798655824,-5.019460498470617,0.5108795318027757,0.7355805973104073,0.18025075609970595,3.669631493210649e-05,14.079425701283807,29.27714656472038,13.138356118816265,nan,nan
8.26,220.00323486328125,-223.3463897705078,-5.017882823944092,219.49257254506895,-223.35642792458995,-5.0193098245418835,0.5107629627430327,0.7356336945252967,0.18026845859701549,3.593744699327407e-05,14.00680416197507,29.944661082370665,nan,0.03302444576812463,nan
8.27,220.00323486328125,-223.33766174316406,-5.017882823944092,219.49268865930836,-223.34772806926108,-5.019380055695217,0.5106476270532737,0.7356868904938219,0.1802862381111456,3.6658020641954746e-05,13.951683675775364,29.174400081602368,nan,nan,nan
8.28,220.00323486328125,-223.3289337158203,-5.017882823944092,219.4928055479306,-223.3390260913491,-5.018169931793968,0.5105291612083132,0.7357401853593232,0.18030409478003848,3.590139719052054e-05,13.833438740383897,29.090273557252047,nan,1.100723084996468,nan
8.290000000000001,220.00323486328125,-223.32020568847656,-5.017882823944092,219.49292168682692,-223.3303257915969,-5.018229588213291,0.5104136310831977,0.7357935792675128,0.18032202875437528,3.662121307168997e-05,13.775260088646874,29.05560451012707,nan,nan,nan
8.3,220.00323486328125,-223.31149291992188,-5.017882823944092,219.4962946765418,-223.31276473189797,-5.018402963898732,0.5069420489392348,0.735723336758333,0.1803119425189112,3.584479060071158e-05,12.696105524053863,29.82949694836589,8.449626970883608,0.00043324009180887235,nan
8.31,220.00323486328125,-223.30276489257812,-5.017882823944092,219.49641183548007,-223.30402058489045,-5.018466578886771,0.5068249195161653,0.735776467586358,0.18032988931480676,3.656300845450064e-05,12.639301530667122,28.994130960067867,nan,nan,nan
8.32,220.00323486328125,-223.29403686523438,-5.017882823944092,219.4965282553099,-223.2952778382491,-5.019537147503158,0.5067108281478653,0.7358296970241676,0.18034791330905187,3.5811608316782966e-05,12.648103952917621,29.01558734006472,nan,0.6819708192602043,nan
8.33,220.00323486328125,-223.2853240966797,-5.017882823944092,219.49664533499424,-223.28653383393626,-5.019612713900732,0.506593926289633,0.7358830252176501,0.18036601465098956,3.6529185073511206e-05,12.594078768087913,29.728264427934487,nan,nan,nan
8.34,220.00323486328125,-223.27659606933594,-5.017882823944092,219.49676292619066,-223.27778908340508,-5.018936918058132,0.5064744390956664,0.7359364523098696,0.1803841934805688,3.577982805240987e-05,12.485465825407859,28.847534152678428,nan,0.3821466402331423,nan
8.35,220.00323486328125,-223.2678680419922,-5.017882823944092,219.4738786078934,-223.25911475420023,-5.0190859834668755,0.5294299885331922,0.7358660929812479,0.18037413604050448,3.647407738018832e-05,12.632242449155472,28.705164031068872,4.798148922553394,nan,nan
8.36,220.00323486328125,-223.25914001464844,-5.017882823944092,219.47395233252868,-223.25035549269822,-5.019430148110026,0.529357685688808,0.7359192571484052,0.18039232657870938,3.572761914175047e-05,12.602299155254329,28.68477488264761,nan,0.049905485395695705,nan
8.370000000000001,220.00323486328125,-223.25042724609375,-5.017882823944092,219.47402628588387,-223.24159589757846,-5.019506559356254,0.529284750984052,0.7359725197871205,0.18041059450494484,3.644317384891223e-05,12.549136813883052,29.416801633849374,nan,nan,nan
8.38,220.00323486328125,-223.24169921875,-5.017882823944092,219.47409949357902,-223.23283693787266,-5.020298145618423,0.5292150916886788,0.7360258810402972,0.1804289399602278,3.5698627487430616e-05,12.58345451350417,28.676081494855083,nan,0.3458975026550215,nan
8.39,220.00323486328125,-223.23297119140625,-5.017882823944092,219.47417304792893,-223.22407712067934,-5.020383741802651,0.5291424794402015,0.736079341054077,0.18044736309230072,3.641369247022845e-05,12.535303175779594,28.640667871474896,nan,nan,nan
8.4,220.00323486328125,-223.2242431640625,-5.017882823944092,219.45629425565255,-223.21192344508927,-5.020584757858965,0.5470860116980782,0.7360088657749054,0.18043732836222848,3.7119606975054265e-05,13.088005757886341,28.55487106902747,3.7928083830833055,nan,nan
8.41,220.00323486328125,-223.2155303955078,-5.017882823944092,219.45633566506754,-223.20317039298985,-5.020674820889858,0.5470459742251892,0.7360620630131051,0.18045576207575692,3.78626289108631e-05,13.039651655520508,29.292083606702963,nan,nan,nan
8.42,220.00323486328125,-223.20680236816406,-5.017882823944092,219.45637708535367,-223.19441734718293,-5.020765998390278,0.547005603919636,0.7361153585852301,0.18047427335883914,3.862029601032187e-05,12.993187423096481,28.47175155220295,nan,nan,nan
8.43,220.00323486328125,-223.1980743408203,-5.017882823944092,219.45641843096084,-223.18566447809206,-5.020858210490003,0.546965326390673,0.7361687526357809,0.18049286235597536,3.939275277363058e-05,12.947119964060818,28.417562454208117,nan,nan,nan
8.44,220.00323486328125,-223.18934631347656,-5.017882823944092,219.45646042804213,-223.17691090226725,-5.019975082808702,0.546919829618706,0.7362222453081769,0.18051152921044308,3.846297922070469e-05,12.780894902504604,28.241956023233556,nan,0.5550718512489551,nan
8.45,220.00323486328125,-223.18063354492188,-5.017882823944092,219.46758645894235,-223.16406898799497,-5.019942784897151,0.5359084259984376,0.7361516549385251,0.1805015111424085,3.9205223104708185e-05,11.84332293365522,29.049634997375026,6.157400162890581,nan,nan
8.46,220.00323486328125,-223.17190551757812,-5.017882823944092,219.46764599437876,-223.15528357597765,-5.018181531367614,0.5358468201463429,0.7362048849792104,0.18052018743833778,3.828634843285753e-05,11.682768370725208,28.098878987486525,nan,1.999259680225994,nan
8.47,220.00323486328125,-223.16317749023438,-5.017882823944092,219.4677039375959,-223.14649952970245,-5.01824731610347,0.5357906863575054,0.7362582132208303,0.18053894148622893,3.904980717392555e-05,11.629441046629479,28.05498841973794,nan,nan,nan
8.48,220.00323486328125,-223.1544647216797,-5.017882823944092,219.46776179838886,-223.13771536719563,-5.018265716576873,0.5357350937801691,0.7363116398056706,0.18055777342867643,3.814025387829167e-05,11.574339108847104,28.791622524759642,nan,0.001384674570483674,nan
8.49,220.00323486328125,-223.14573669433594,-5.017882823944092,219.4678196545784,-223.12893120023097,-5.018332936566913,0.5356790764476531,0.7363651648804721,0.1805766834119226,3.8900044723242034e-05,11.521808972956817,27.957818281288258,nan,nan,nan
8.5,220.00323486328125,-223.1370086669922,-5.017882823944092,219.44965855722157,-223.12727846648093,-5.018988885665289,0.5536629180333492,0.7362944602700607,0.18056667599403906,3.797517451624838e-05,13.061945037659228,27.75540911728036,15.843415133412128,0.26963200414415267,nan
8.51,220.00323486328125,-223.12828063964844,-5.017882823944092,219.44968795114227,-223.11854627501478,-5.01906320127902,0.5536337553690865,0.7363477228516221,0.1805855942655615,3.873054270239166e-05,13.012033427524207,27.697043735258745,nan,nan,nan
8.52,220.00323486328125,-223.11956787109375,-5.017882823944092,219.44971646996657,-223.10981462361838,-5.02001569878953,0.553608423643537,0.7364010835004977,0.18060459046679023,3.7839865098465636e-05,13.041375226378841,28.490296796040987,nan,0.46330953099372113,nan
8.53,220.00323486328125,-223.11083984375,-5.017882823944092,219.44974570420047,-223.10108235083106,-5.020100642278412,0.55357960277288,0.7364545423634933,0.18062366474342095,3.859198839006944e-05,12.995391558121323,27.700109839388592,nan,nan,nan
8.540000000000001,220.00323486328125,-223.10211181640625,-5.017882823944092,219.44977495698353,-223.09234996841988,-5.020081677691252,0.553550355896362,0.7365080995827846,0.18064281723887043,3.770968923662016e-05,12.943156293620222,27.646947889657028,nan,0.0066617566656986095,nan
8.55,220.00323486328125,-223.0933837890625,-5.017882823944092,219.407312043276,-223.0675582174344,-5.0202108950415,0.596486703513138,0.7364372815757197,0.18063281450025562,3.8433954386572006e-05,13.457290297563137,27.680415899501266,14.71723833711711,nan,nan
8.56,220.00323486328125,-223.0846710205078,-5.017882823944092,219.40726293550992,-223.05880637480607,-5.019642840680751,0.596535511304789,0.736490576434916,0.1806519741186829,3.756086855402506e-05,13.344752200939725,28.31305226336751,nan,0.262977814178787,nan
8.57,220.00323486328125,-223.07594299316406,-5.017882823944092,219.40721345358153,-223.050054973609,-5.0197250607409805,0.5965862085343037,0.7365439692350308,0.18067121184518894,3.8306124936495566e-05,13.298583075232747,27.515897120590434,nan,nan,nan
8.58,220.00323486328125,-223.0672149658203,-5.017882823944092,219.4071640919278,-223.04130371356393,-5.019864255684569,0.5966369780085178,0.7365974601181966,0.1806905278235801,3.744082248047485e-05,13.26276426394385,27.480522273533495,nan,0.001931128343130887,nan
8.59,220.00323486328125,-223.05848693847656,-5.017882823944092,219.40711495224042,-223.03255253821257,-5.019948871049494,0.5966873637065075,0.7366510492312958,0.18070992219896698,3.818339387062835e-05,13.21782595921505,27.436207108053285,nan,nan,nan
8.6,220.00323486328125,-223.04977416992188,-5.017882823944092,219.40421821768268,-223.01224992218383,-5.018522625256253,0.6001911530655755,0.7365801186582793,0.18069991820709128,3.730230748498618e-05,12.159847736437168,28.189184402016657,7.761883072745803,1.3021639684423039,nan
8.61,220.00323486328125,-223.04104614257812,-5.017882823944092,219.40415993336435,-223.00345315426725,-5.018593747698974,0.6002537045597137,0.7366334455392562,0.18071931852799494,3.8041431326557455e-05,12.110804239352086,27.3502878275232,nan,nan,nan
8.620000000000001,220.00323486328125,-223.03231811523438,-5.017882823944092,219.40410176155706,-222.9946564236168,-5.018440546744087,0.6003159065457708,0.7366868702326349,0.18073879713181804,3.719192959852172e-05,12.054764241473116,27.304092443835007,nan,0.03173412795563239,nan
8.63,220.00323486328125,-223.02359008789062,-5.017882823944092,219.40404340126537,-222.9858599769939,-5.018511799617406,0.6003785181295256,0.7367403928853209,0.18075835416340943,3.792871107978519e-05,12.005955083415689,27.242156726358083,nan,nan,nan
8.64,220.00323486328125,-223.01487731933594,-5.017882823944092,219.4039848861817,-222.97706362866836,-5.018878645672732,0.6004426716320571,0.7367940136394011,0.18077798976697024,3.708614943520186e-05,11.970232750964671,28.016218237694872,nan,0.05447617158298422,nan
8.65,220.00323486328125,-223.0061492919922,-5.017882823944092,219.4022349535161,-222.96995744003732,-5.018859329598101,0.6020894412368623,0.7367229713272836,0.18076797863336488,3.7796882795697846e-05,12.186087107111991,27.148309943272935,0.7427910907527985,nan,nan
8.66,220.00323486328125,-222.99742126464844,-5.017882823944092,219.39595468229354,-222.95996194383807,-5.020140744615866,0.6084385894581359,0.7168950499739124,0.18003776026366458,3.696203366113511e-05,18.388283920764056,33.36119399630974,nan,0.9186532811521402,0.0019453555713034674
8.67,220.00323486328125,-222.98870849609375,-5.017882823944092,219.39589286251962,-222.95117677034645,-5.020228945510201,0.6085050867602648,0.7169379629237705,0.180061112874571,3.769366833461614e-05,18.31974266664366,34.10784291429766,nan,nan,nan
8.68,220.00323486328125,-222.97998046875,-5.017882823944092,219.39583507396577,-222.9423925505914,-5.020674485826973,0.6085681137128822,0.716980970703852,0.180084535249974,3.6865243609821355e-05,18.310795287311453,33.32679844077924,nan,0.08061447768233926,nan
8.69,220.00323486328125,-222.97125244140625,-5.017882823944092,219.39577306252525,-222.93360753579205,-5.020768203295906,0.6086339652947633,0.717024073877244,0.18010802755541094,3.75949855504413e-05,18.24679858682016,33.27323733956858,nan,nan,nan
8.700000000000001,220.00323486328125,-222.9625244140625,-5.017882823944092,219.355570085113,-222.9024569786532,-5.020041946170291,0.6504478637717126,0.7169667069330821,0.1800976642135745,3.67501943968416e-05,17.860947696619817,33.55961621132062,16.70261658147212,0.3858236753424307,nan
8.71,220.00323486328125,-222.9538116455078,-5.017882823944092,219.3554352826087,-222.89362401687416,-5.020129302008147,0.6505934936838472,0.7170096134870305,0.18012113142666525,3.747726947105493e-05,17.793168990686507,34.34973496779857,nan,nan,nan
8.72,220.00323486328125,-222.94508361816406,-5.017882823944092,219.35530611526585,-222.88479218445283,-5.020732379554536,0.6507340773702726,0.7170526146614321,0.18014466853384722,3.6661928377809714e-05,17.806659237456547,33.555929597595814,nan,0.17015460449877595,nan
8.73,220.00323486328125,-222.9363555908203,-5.017882823944092,219.35517140424267,-222.87595920495517,-5.0208267072568695,0.6508783579253367,0.7170957109758095,0.18016827569713126,3.738738481601804e-05,17.743908918313238,33.50822746382966,nan,nan,nan
8.74,220.00323486328125,-222.92762756347656,-5.017882823944092,219.35502555064733,-222.8671238982482,-5.019871590472653,0.6510299238005234,0.7171389022097383,0.18019195304431726,3.6577710869417834e-05,17.547428983625476,33.319807121872444,nan,0.7119002376109381,nan
8.75,220.00323486328125,-222.91891479492188,-5.017882823944092,219.34544356629863,-222.85166708221448,-5.020003223881366,0.6612232159765355,0.7170814977135622,0.1801814940841644,3.727849293416153e-05,17.291180852597044,34.29648750710895,1.3758317848089194,nan,nan
8.76,220.00323486328125,-222.91018676757812,-5.017882823944092,219.34528100918178,-222.84281514491948,-5.018788237156818,0.6613947606665002,0.7171244923696384,0.18020514562843484,3.647523870448509e-05,17.120713597830655,33.29792259983396,nan,1.1015458470025754,nan
8.77,220.00323486328125,-222.90145874023438,-5.017882823944092,219.34513208373428,-222.8339661908052,-5.018864324022374,0.6615553461489786,0.7171675819163269,0.18022886735252538,3.7196919415225784e-05,17.052084346603756,33.254673927248135,nan,nan,nan
8.78,220.00323486328125,-222.89273071289062,-5.017882823944092,219.34498147679344,-222.82511691629622,-5.018774935794637,0.6617174186736653,0.7172107661722158,0.18025265938716623,3.6398869965701216e-05,16.976265476575964,33.201238617850045,nan,0.018084869194119942,nan
8.790000000000001,220.00323486328125,-222.88401794433594,-5.017882823944092,219.34483264158374,-222.8162679008984,-5.018851488729661,0.6618795148918558,0.7172540455984842,0.18027652188992774,3.7119287788192794e-05,16.90622138782595,33.996558385433914,nan,nan,nan
8.8,220.00323486328125,-222.8752899169922,-5.017882823944092,219.37367292115212,-222.81369292981594,-5.0202934704864175,0.6325727144157764,0.7171966026040008,0.18026596407920378,3.6304234076445594e-05,15.95465958951244,33.01859788753904,15.320839566413941,1.2387131334437944,nan
8.81,220.00323486328125,-222.86656188964844,-5.017882823944092,219.37359471237414,-222.80484054863138,-5.02038552689179,0.6326630280752258,0.7172396854637737,0.18028980005110526,3.702260132631411e-05,15.892242341437917,32.97103535048943,nan,nan,nan
8.82,220.00323486328125,-222.8578338623047,-5.017882823944092,219.373514161852,-222.7959875904284,-5.020218147358269,0.6327547525613612,0.7172828628228057,0.18031370645741102,3.623525932492866e-05,15.802309846148397,32.915477001645385,nan,0.0446685727414751,nan
8.83,220.00323486328125,-222.84912109375,-5.017882823944092,219.37343619988906,-222.78713503361237,-5.020309910609687,0.6328463627229453,0.7173261351074451,0.1803376834532785,3.695257974065541e-05,15.73839422204908,33.70858354874146,nan,nan,nan
8.84,220.00323486328125,-222.84039306640625,-5.017882823944092,219.37335333914953,-222.7782815306743,-5.0198836788376076,0.6329396343521111,0.7173695021884046,0.18036173117310142,3.616979064593933e-05,15.618973665514083,32.74286593024078,nan,0.17777093111503323,nan
8.85,220.00323486328125,-222.8316650390625,-5.017882823944092,219.38975983712334,-222.77824387390012,-5.019946699284391,0.6158000391264845,0.7173120203694815,0.1803510713038965,3.686346196501124e-05,15.637133664565741,32.51348015441107,2.7598831081248294,nan,nan
8.86,220.00323486328125,-222.82293701171875,-5.017882823944092,219.3897222734284,-222.7694112221375,-5.021145821803438,0.6158517315176513,0.7173551909025935,0.18037509175048155,3.608596234544991e-05,15.746519970837209,32.624067914314395,nan,0.8179527092638044,nan
8.870000000000001,220.00323486328125,-222.81422424316406,-5.017882823944092,219.38967466974958,-222.7605766411084,-5.021246504068927,0.6159102943099128,0.7173984561201039,0.18039918290565676,3.680058263666585e-05,15.687271693026025,33.43150147395876,nan,nan,nan
8.88,220.00323486328125,-222.8054962158203,-5.017882823944092,219.38961492880122,-222.75173972689495,-5.019966593605625,0.6159736408230938,0.7174418159237421,0.1804233449057876,3.602723507030197e-05,15.430777514211426,32.34738559101211,nan,1.2708214145595966,nan
8.89,220.00323486328125,-222.79676818847656,-5.017882823944092,219.38956750085606,-222.742905007204,-5.02005585394429,0.6160305155283071,0.7174852706934437,0.18044757790303992,3.674108501452779e-05,15.369488154295532,32.29456134594327,nan,nan,nan
8.9,220.00323486328125,-222.78805541992188,-5.017882823944092,219.39214474545201,-222.73816699479536,-5.019803614204751,0.6131261505639581,0.7174277491399821,0.18043681274514003,3.595008304674206e-05,15.633373071632823,32.930539117098334,1.2456844247361554,0.039800056177021134,nan
8.91,220.00323486328125,-222.77932739257812,-5.017882823944092,219.39209738956842,-222.72934520396035,-5.019890363349302,0.6131812628983264,0.7174710073546937,0.18046101771054232,3.66623607378111e-05,15.572071722861171,32.03302176491114,nan,nan,nan
8.92,220.00323486328125,-222.77059936523438,-5.017882823944092,219.39204744859808,-222.72052311702282,-5.0196786737507795,0.6132380545747087,0.7175143599459175,0.1804852936391621,3.589766388857374e-05,15.483677271557983,31.943244729358387,nan,0.060053902743246214,nan
8.93,220.00323486328125,-222.76187133789062,-5.017882823944092,219.39199995987832,-222.7117014607502,-5.01976411678124,0.6132932927833268,0.7175578072660704,0.18050964068157346,3.6609338559858155e-05,15.42248278862415,31.889195815966783,nan,nan,nan
8.94,220.00323486328125,-222.75315856933594,-5.017882823944092,219.391945351681,-222.70287837059655,-5.0189576116658765,0.6133548080405059,0.7176013492580883,0.18053405897656224,3.584822999538123e-05,15.288459448894308,32.617077089605736,nan,0.5359674707732235,nan
8.950000000000001,220.00323486328125,-222.7444305419922,-5.017882823944092,219.4014573221089,-222.69521602763928,-5.019000848786175,0.6037876509684235,0.7175437875177232,0.18052318531653824,3.653700425873074e-05,14.828996649327149,31.73285556267442,2.165728559910401,nan,nan
8.96,220.00323486328125,-222.73570251464844,-5.017882823944092,219.40142404635336,-222.686387969731,-5.017778069953279,0.6038279512288527,0.7175871329515587,0.18054757480690065,3.578021537543904e-05,14.727717687319824,31.648632559184403,nan,1.1435278725092337,nan
8.97,220.00323486328125,-222.7269744873047,-5.017882823944092,219.4014008788267,-222.67756154185724,-5.017845051358177,0.6038590774750283,0.7176305728803929,0.18057203552526704,3.649001814341599e-05,14.66036225060772,31.5879980522987,nan,nan,nan
8.98,220.00323486328125,-222.71826171875,-5.017882823944092,219.40138208093583,-222.6687360277864,-5.018486769876181,0.6038873491248449,0.717674107271498,0.18059656761169401,3.5736474135528193e-05,14.602021644253375,32.35407954248451,nan,0.2228651405813751,nan
8.99,220.00323486328125,-222.70953369140625,-5.017882823944092,219.40135890278728,-222.65991010521773,-5.018561321144782,0.6039185644482208,0.7177177364408549,0.18062117121482524,3.6445884116427646e-05,14.537986571649563,31.465603722651274,nan,nan,nan
9.0,220.00323486328125,-222.7008056640625,-5.017882823944092,219.36319553264474,-222.62245616578417,-5.017934303582111,0.6448170215590256,0.71766013362651,0.1806101858295617,3.5674054187491575e-05,13.485761313395521,32.034832791463515,23.88324950025273,0.4748915083375876,nan
9.01,220.00323486328125,-222.69207763671875,-5.017882823944092,219.36311619069522,-222.61355885309362,-5.018005251148688,0.6449163739305178,0.7177035662124663,0.1806347598400707,3.6382255521098236e-05,13.42027708853876,31.978241530200417,nan,nan,nan
9.02,220.00323486328125,-222.68336486816406,-5.017882823944092,219.36304354417436,-222.60466239219846,-5.019003685954097,0.6450118302128892,0.7177470930518101,0.18065940533143224,3.5635601877103577e-05,13.387948974974996,32.84591836791709,nan,0.5844613554017166,nan
9.03,220.00323486328125,-222.6746368408203,-5.017882823944092,219.36296435265257,-222.59576483929774,-5.019085478085868,0.6451112817040745,0.717790714439096,0.18068412245129273,3.6343537308130606e-05,13.327246123216334,31.903117887576148,nan,nan,nan
9.040000000000001,220.00323486328125,-222.66590881347656,-5.017882823944092,219.36288037837377,-222.58686642179126,-5.018482312406687,0.6452146351493193,0.7178344303736991,0.1807089113412275,3.559964681232905e-05,13.232579442405472,31.80957479319346,nan,0.3207592206647251,nan
9.05,220.00323486328125,-222.6571807861328,-5.017882823944092,219.35307004622416,-222.56828888955513,-5.01853137622216,0.6562137450831945,0.7177767859284941,0.1806978110205477,3.628521316285958e-05,12.709002393047566,32.01330743255074,3.0765608362782655,nan,nan
9.06,220.00323486328125,-222.64846801757812,-5.017882823944092,219.35297963568638,-222.559364394534,-5.018527228445617,0.6563320287104752,0.7178203052557123,0.18072256951608243,3.554481976233645e-05,12.64326991090124,32.870191988650646,nan,0.004513409538198905,nan
9.07,220.00323486328125,-222.63973999023438,-5.017882823944092,219.3528896822736,-222.5504399131617,-5.018604519135546,0.6564479256338677,0.7178639189034484,0.18074739974942236,3.6251506551074946e-05,12.582022735626174,31.88983270435806,nan,nan,nan
9.08,220.00323486328125,-222.63101196289062,-5.017882823944092,219.35280126482567,-222.541515687344,-5.0189295795439826,0.6565626741095438,0.7179076268898673,0.18077230186291196,3.551358599847807e-05,12.53489215584594,31.836731507223504,nan,0.041741787438754306,nan
9.09,220.00323486328125,-222.62228393554688,-5.017882823944092,219.3527113296045,-222.5325913068382,-5.0190113089076265,0.6566786953985053,0.7179514294813762,0.18079727600302767,3.622016244445216e-05,12.475890209842738,31.78002651557937,nan,nan,nan
9.1,220.00323486328125,-222.6135711669922,-5.017882823944092,219.35512546526672,-222.5185037084275,-5.017547602657054,0.6550448273561233,0.7178937425309567,0.18078605753625962,3.5463364843093e-05,11.7625323310476,32.87814987454348,3.673665166955724,1.7518059684794673,nan
9.11,220.00323486328125,-222.60484313964844,-5.017882823944092,219.35505104187916,-222.5095583980195,-5.017616847344987,0.6551499973733165,0.7179373484722498,0.1808110004658944,3.616900205746096e-05,11.69876567883201,31.889151761258795,nan,nan,nan
9.120000000000001,220.00323486328125,-222.5961151123047,-5.017882823944092,219.35497432661074,-222.5006127199537,-5.017315232987607,0.6552577756185648,0.7179810485444115,0.1808360153831034,3.543648406433279e-05,11.643655878037185,31.82855840479434,nan,0.0951870336019703,nan
9.13,220.00323486328125,-222.58738708496094,-5.017882823944092,219.3548997855888,-222.49166729931997,-5.017382771027789,0.6553631820468313,0.7180248429974576,0.1808611024337854,3.61421047319579e-05,11.579557719023287,31.76326518589731,nan,nan,nan
9.14,220.00323486328125,-222.57867431640625,-5.017882823944092,219.35481576882356,-222.48272092905762,-5.01582272938196,0.6554834998614508,0.7180687318741267,0.18088626176116643,3.5411653453825606e-05,11.629403529399944,32.730106255975215,nan,1.828534750619097,nan
9.15,220.00323486328125,-222.5699462890625,-5.017882823944092,219.3279953516375,-222.45798219277856,-5.0160640856301715,0.6844615874909473,0.7180110017758079,0.1808749219493643,3.6095267974374135e-05,11.372863893759313,32.3195169398799,9.226464040583124,nan,nan
9.16,220.00323486328125,-222.56121826171875,-5.017882823944092,219.32787803301636,-222.4490034674025,-5.016800974993517,0.6846168115420698,0.7180546939584856,0.18090004923686914,3.536762519700499e-05,11.253553256381846,32.20281021988826,nan,0.3184836827729881,nan
9.17,220.00323486328125,-222.55250549316406,-5.017882823944092,219.32775708210923,-222.44002449655696,-5.016866888066282,0.6847797014956788,0.7180984803004428,0.1809252487621863,3.6072453063084915e-05,11.18718669079856,33.08561013608795,nan,nan,nan
9.18,220.00323486328125,-222.5437774658203,-5.017882823944092,219.32765113396786,-222.4310471749057,-5.01969314917132,0.6849268362972111,0.7181423608586485,0.18095052066896264,3.534663528203373e-05,11.191190244316052,32.117444852442496,nan,5.268910179267717,nan
9.19,220.00323486328125,-222.53504943847656,-5.017882823944092,219.3275304226476,-222.4220686139605,-5.019788404803124,0.6850874316747868,0.7181863358617896,0.18097586510245578,3.605155776054031e-05,11.139415996151557,32.04433325308921,nan,nan,nan
9.200000000000001,220.00323486328125,-222.5263214111328,-5.017882823944092,219.31023531683982,-222.40533610035104,-5.019990132534724,0.7034843690818464,0.7181285617460974,0.1809644007528822,3.530632671692651e-05,11.235824578235942,32.356290224708,3.382358733549661,1.0692758304553897e-05,nan
9.21,220.00323486328125,-222.51760864257812,-5.017882823944092,219.31008113420248,-222.3963443847543,-5.020089365671168,0.7036845750673869,0.7181723399952972,0.1809897123036402,3.601050324680307e-05,11.184676134801638,33.235272016051766,nan,nan,nan
9.22,220.00323486328125,-222.50888061523438,-5.017882823944092,219.30991938307238,-222.38735225484695,-5.018685583137083,0.7038864552596749,0.7182162122542785,0.18101509633800222,3.528884842549839e-05,11.008915796506878,32.0715400773503,nan,1.5708832972986955,nan
9.23,220.00323486328125,-222.50015258789062,-5.017882823944092,219.30976512358018,-222.37836077401576,-5.018772012883959,0.7040840265657028,0.7182601787394508,0.18104055300093405,3.599318676514275e-05,10.95411701735642,32.00330793245515,nan,nan,nan
9.24,220.00323486328125,-222.49142456054688,-5.017882823944092,219.30960741289138,-222.36936886117587,-5.018149326273964,0.7042845339113918,0.718304239526201,0.18106608243652939,3.5273019649102663e-05,10.875949186006554,31.934038746708215,nan,0.3504762318227826,nan
9.25,220.00323486328125,-222.4827117919922,-5.017882823944092,219.31534668149726,-222.3583196398494,-5.018284925086685,0.6990448625361061,0.7182464206807143,0.1810544903687604,3.595558679169616e-05,10.382729036706573,32.96548074052205,2.3704417247857528,nan,nan
9.26,220.00323486328125,-222.47398376464844,-5.017882823944092,219.31521090718363,-222.34931586081427,-5.018368228564119,0.6992276353436515,0.71829028468145,0.18107998606610565,3.667353776281556e-05,10.327277521858713,31.911988860424604,nan,nan,nan
9.27,220.00323486328125,-222.4652557373047,-5.017882823944092,219.3150751477482,-222.34031207920341,-5.018452523153308,0.6994104920141392,0.7183342426614624,0.1811055544912268,3.7405937113097704e-05,10.272458874611413,31.850531998155862,nan,nan,nan
9.28,220.00323486328125,-222.45652770996094,-5.017882823944092,219.3149397417467,-222.33130824467756,-5.018649430421623,0.6995932221652738,0.7183782947348456,0.1811311957885282,3.660132088754957e-05,10.22307608367903,31.789184594069955,nan,0.008013570873072888,nan
9.290000000000001,220.00323486328125,-222.44781494140625,-5.017882823944092,219.31480359969314,-222.32230430602073,-5.018736762316881,0.6997794320292291,0.7184224411068938,0.1811569101027037,3.733222118463729e-05,10.168757927380039,32.667233843262856,nan,nan,nan
9.3,220.00323486328125,-222.4390869140625,-5.017882823944092,219.35339742283776,-222.32096304124767,-5.017729561493058,0.660486163231526,0.7183645766591958,0.18114518714745698,3.650946714397162e-05,9.06175314218865,31.559114152083595,24.353443350349345,0.8706169801214874,nan
9.31,220.00323486328125,-222.43035888671875,-5.017882823944092,219.35335133114322,-222.31195493065152,-5.017808421011849,0.6605816434721549,0.7184085261381418,0.18117086685492784,3.723804816161881e-05,9.006101979995382,31.496120976929816,nan,nan,nan
9.32,220.00323486328125,-222.421630859375,-5.017882823944092,219.3533015896571,-222.30294667052394,-5.016971844583651,0.6606814865958053,0.7184525695060063,0.18119661953152436,3.64432249425065e-05,8.97388716708764,31.436160924161133,nan,0.5461145424327888,nan
9.33,220.00323486328125,-222.4129180908203,-5.017882823944092,219.35325560453734,-222.2939385741721,-5.017043742014248,0.6607797410920008,0.7184967069582406,0.18122244532182616,3.717050756351679e-05,8.914290567891637,32.35423221124403,nan,nan,nan
9.34,220.00323486328125,-222.40419006347656,-5.017882823944092,219.35320990063664,-222.28493053486636,-5.017205646294016,0.6608749849971783,0.7185409385906085,0.18124834437027285,3.6379833025072186e-05,8.853769966777287,31.274178791201535,nan,0.0051625107432710735,nan
9.35,220.00323486328125,-222.3954620361328,-5.017882823944092,219.35614933361384,-222.27723650890857,-5.017238142125624,0.6577973651566611,0.7184830277764831,0.18123648737234613,3.7082591045244724e-05,8.802378205340347,31.166077077123,0.16549422886058987,nan,nan
9.36,220.00323486328125,-222.38673400878906,-5.017882823944092,219.35610837624404,-222.26823073683735,-5.0171099573122335,0.6578877662726486,0.7185270624353998,0.1812623509335546,3.629688617416434e-05,8.754041226116586,31.101803377583057,nan,0.027074022272558642,nan
9.370000000000001,220.00323486328125,-222.37802124023438,-5.017882823944092,219.35606816014624,-222.25922497516743,-5.0171839806611205,0.6579800776789777,0.7185711909665901,0.18128828770278224,3.702092639539235e-05,8.696280250397958,32.00024048732647,nan,nan,nan
9.38,220.00323486328125,-222.36929321289062,-5.017882823944092,219.35602475992528,-222.25021915071466,-5.016372584424513,0.658074335461081,0.7186154134740755,0.18131429782451786,3.6239057664071566e-05,8.693073536848283,30.990382813110983,nan,0.5166415473217297,nan
9.39,220.00323486328125,-222.36056518554688,-5.017882823944092,219.3559845249737,-222.24121334961092,-5.016439596296996,0.6581640707958425,0.7186597301409169,0.18134038144326567,3.6962060959789635e-05,8.633845852372733,30.909899210454224,nan,nan,nan
9.4,220.00323486328125,-222.35183715820312,-5.017882823944092,219.3492943302558,-222.23103184857186,-5.016053693751609,0.6650078866344314,0.7186017720819226,0.18132838726230316,3.6161719954286815e-05,8.82063797682165,30.831975828937846,0.8897774034715837,0.10141581332116327,nan
9.41,220.00323486328125,-222.34312438964844,-5.017882823944092,219.34923871889148,-222.22202729945414,-5.016117416842418,0.6651154627524751,0.7186458916825237,0.1813544345013246,3.688286173497118e-05,8.759178309981223,31.728597976160927,nan,nan,nan
9.42,220.00323486328125,-222.3343963623047,-5.017882823944092,219.34918031680783,-222.21302271225204,-5.015326930453965,0.6652258603520941,0.71869010505655,0.18138055518466284,3.610916874666609e-05,8.803669573242711,30.787152432993967,nan,0.48452412690231683,nan
9.43,220.00323486328125,-222.32566833496094,-5.017882823944092,219.34912461363436,-222.2040179909843,-5.015384196744308,0.6653309462370083,0.7187344123801918,0.18140674945682228,3.682943618545792e-05,8.740650479525202,30.719966131382915,nan,nan,nan
9.44,220.00323486328125,-222.3169403076172,-5.017882823944092,219.3490720186325,-222.19501307825456,-5.016461899993256,0.6654301583215547,0.7187788137677927,0.1814330174622927,3.605913082528528e-05,8.575799344048647,30.559795265545862,nan,0.6903441843964435,nan
9.450000000000001,220.00323486328125,-222.3082275390625,-5.017882823944092,219.3464859324336,-222.19047495216208,-5.0165238333384465,0.6672231086725995,0.7187208076537015,0.18142088297444803,3.6755700285923226e-05,8.998702099435791,31.20987325879729,2.299805082300186,nan,nan
9.46,220.00323486328125,-222.29949951171875,-5.017882823944092,219.34642202278403,-222.1814869499688,-5.01810513983838,0.667330593931657,0.7187650118776145,0.1814471136961048,3.598958312046791e-05,8.898590221110355,30.133721490184595,nan,1.5230891763915886,nan
9.47,220.00323486328125,-222.290771484375,-5.017882823944092,219.34635378987974,-222.17249904917483,-5.018191215679436,0.6674437868665473,0.7188093098433661,0.18147341809587972,3.6707415159264123e-05,8.848847908299161,30.067784196947237,nan,nan,nan
9.48,220.00323486328125,-222.28204345703125,-5.017882823944092,219.3462794398124,-222.16351122301222,-5.0160633974301385,0.6675654494051572,0.718853701670972,0.1814997963182273,3.5944408278850195e-05,8.887658990384343,30.108940637700144,nan,3.2808108251066,nan
9.49,220.00323486328125,-222.27333068847656,-5.017882823944092,219.34621122718752,-222.1545229414904,-5.016129714675688,0.6676813705068129,0.7188981875281066,0.18152624850770563,3.666157469640538e-05,8.827775533530842,30.99447804170394,nan,nan,nan
9.5,220.00323486328125,-222.2646026611328,-5.017882823944092,219.369973218736,-222.15508847384064,-5.017953366698931,0.6426613981302363,0.71884013247471,0.18151397060690208,3.587972309796229e-05,8.498807792268456,29.690064837417868,5.829798386871989,2.149132511027686,nan
9.51,220.00323486328125,-222.25587463378906,-5.017882823944092,219.369952564033,-222.14611467667976,-5.018038945653564,0.6427236910988712,0.7188844210599213,0.18154038459722177,3.6595393169392935e-05,8.449559943833517,29.62615151785109,nan,nan,nan
9.52,220.00323486328125,-222.24716186523438,-5.017882823944092,219.369931172159,-222.1371409311739,-5.017749882299986,0.6427893813638257,0.7189288033059114,0.18156687249684986,3.583912914736872e-05,8.398711482602286,30.50843597907464,nan,0.09496652538522571,nan
9.53,220.00323486328125,-222.23843383789062,-5.017882823944092,219.36991078437072,-222.12816709428563,-5.017833805816731,0.6428515739079294,0.7189732793757229,0.18159343445040385,3.655426320105715e-05,8.34906988486065,29.482070655455544,nan,nan,nan
9.540000000000001,220.00323486328125,-222.22970581054688,-5.017882823944092,219.36989158122603,-222.11919317694662,-5.018384704795661,0.6429129077831094,0.7190178493963361,0.18162007060224797,3.580071283177249e-05,8.307106728826938,29.422820098205573,nan,0.14640738965254874,nan
9.55,220.00323486328125,-222.22097778320312,-5.017882823944092,219.36830938240396,-222.13199745686563,-5.018364226434291,0.6411303272274181,0.7189597445579676,0.1816076462016769,3.649277527283622e-05,10.093732042578505,28.468295891551726,33.649428173710554,nan,nan
9.56,220.00323486328125,-222.21226501464844,-5.017882823944092,219.3682506936519,-222.12309774499266,-5.01643199664067,0.6412158782793848,0.7190041171929842,0.18163424322804306,3.57427279293712e-05,10.095110672546,29.333888950928177,nan,2.7643883685733464,nan
9.57,220.00323486328125,-222.2035369873047,-5.017882823944092,219.3681965614244,-222.11419750141377,-5.016502057966181,0.6412932987948304,0.7190485834478785,0.18166091439262957,3.64560657480717e-05,10.038890405205954,28.380623273071894,nan,nan,nan
9.58,220.00323486328125,-222.19480895996094,-5.017882823944092,219.3681427086321,-222.1052970889371,-5.0166895034909595,0.641370286156757,0.719093143453373,0.18168765983972637,3.57084895760623e-05,9.977081176579187,28.330384132040813,nan,0.009202947185913616,nan
9.59,220.00323486328125,-222.1860809326172,-5.017882823944092,219.36808855470142,-222.09639664292408,-5.016762428120162,0.6414478625789863,0.7191377973668884,0.18171447971406493,3.642145470026042e-05,9.9225194139555,28.243774693018647,nan,nan,nan
9.6,220.00323486328125,-222.1773681640625,-5.017882823944092,219.3736465667574,-222.087392962556,-5.017546768329266,0.6359851200612416,0.7190796418519382,0.1817019057470803,3.565465073010816e-05,9.62128231360052,29.076253781692103,0.8231591332605942,0.32174565472942573,nan
9.61,220.00323486328125,-222.16864013671875,-5.017882823944092,219.37360665678005,-222.07848839564878,-5.017628790484257,0.6360495887687201,0.7191240982567119,0.1817286855590315,3.636640547731739e-05,9.571358767898069,28.12720245600513,nan,nan,nan
9.620000000000001,220.00323486328125,-222.159912109375,-5.017882823944092,219.37356407806203,-222.06958426434082,-5.016367549515573,0.636118474345542,0.71916864821295,0.18175553973521405,3.562432025297698e-05,9.58575981619368,28.12873688940428,nan,1.2308818700560935,nan
9.63,220.00323486328125,-222.15118408203125,-5.017882823944092,219.37352372107344,-222.06067957459413,-5.016438412547614,0.636183365714149,0.7192132918750959,0.1817824684204416,3.6335803786352605e-05,9.530696683643455,28.075224225283073,nan,nan,nan
9.64,220.00323486328125,-222.14247131347656,-5.017882823944092,219.37348160912413,-222.05177515263844,-5.015546421981907,0.6362549909324005,0.7192580293783534,0.18180947175887827,3.559584396790502e-05,9.577622224002086,28.99252901135731,nan,0.6338372033169661,nan
9.65,220.00323486328125,-222.1337432861328,-5.017882823944092,219.39493230391025,-222.05203530809504,-5.015586601230681,0.6137698836299125,0.7191998223144707,0.18179674518095854,3.6284720671494574e-05,9.393444825028316,27.924122379331315,4.583448681791421,nan,nan
9.66,220.00323486328125,-222.12501525878906,-5.017882823944092,219.39493438299039,-222.04314530450918,-5.016116698043942,0.6137876529685015,0.7192443621799145,0.1818237075097588,3.5547671288918506e-05,9.28858109398432,27.817268675129384,nan,0.1486111681893095,nan
9.67,220.00323486328125,-222.1162872314453,-5.017882823944092,219.3949356234865,-222.03425543263657,-5.016186543179945,0.6138078351724546,0.719288995550747,0.18185074442692298,3.625785491021876e-05,9.233137895675949,27.773098587963055,nan,nan,nan
9.68,220.00323486328125,-222.10757446289062,-5.017882823944092,219.37983658012516,-222.03784506769048,-5.015885987337895,0.6272890843569436,0.7183498298682665,0.18120580860183166,3.552271043032133e-05,15.584678299162713,34.98305877567253,nan,0.09366265677733576,0.23173577890821656
9.69,220.00323486328125,-222.09884643554688,-5.017882823944092,219.379822320656,-222.02898629239874,-5.015954047419417,0.6273175894888107,0.718392602079035,0.18122963086293706,3.6232747508398836e-05,15.501311136132097,34.04838933528123,nan,nan,nan
9.700000000000001,220.00323486328125,-222.09011840820312,-5.017882823944092,219.40167746715954,-222.04240827618878,-5.016262466219025,0.6034485753440058,0.7183325350043528,0.1812186998298969,3.547801407481295e-05,16.836344882290696,33.53454624613197,20.97900707240589,0.10046091086613651,nan
9.71,220.00323486328125,-222.08139038085938,-5.017882823944092,219.40167951324338,-222.03361163715957,-5.016333315253996,0.6034517780949005,0.7183751166705318,0.18124249506458398,3.6187060065045844e-05,16.75610901608296,33.47746172192016,nan,nan,nan
9.72,220.00323486328125,-222.0726776123047,-5.017882823944092,219.4016854969818,-222.02481016047028,-5.014009868097578,0.6034632820871374,0.7184177896736907,0.18126635679506986,3.5456340670157103e-05,17.038522914095992,34.60835768305887,nan,3.9455787679497547,nan
9.73,220.00323486328125,-222.06394958496094,-5.017882823944092,219.4016875755827,-222.01601335704885,-5.014058998565865,0.6034663560832778,0.7184605541661463,0.18129028517723955,3.616531824562733e-05,16.947711149799773,33.73486033404774,nan,nan,nan
9.74,220.00323486328125,-222.0552215576172,-5.017882823944092,219.40168822156767,-222.00721811505056,-5.014980259047085,0.6034659207760765,0.7185034102843522,0.18131428034454677,3.543621838240583e-05,16.70934423014247,33.53932744358878,nan,0.5225738427551019,nan
9.75,220.00323486328125,-222.04649353027344,-5.017882823944092,219.38051685146587,-221.99014718911167,-5.015168551951547,0.625267942304791,0.718443345145651,0.18130325921443036,3.612292540204742e-05,16.960049343341456,33.59285386491323,5.858907091443493,nan,nan
9.76,220.00323486328125,-222.03778076171875,-5.017882823944092,219.38047540612072,-221.98133890011263,-5.015109658604803,0.6253180915905416,0.7184860107349991,0.1813272267434437,3.539623068656971e-05,16.900389040979395,34.38134584454571,nan,0.010332746671454432,nan
9.77,220.00323486328125,-222.029052734375,-5.017882823944092,219.38043357509977,-221.97253081153028,-5.015172991819239,0.6253667048322271,0.7185287676404849,0.18135126108908486,3.610428512085578e-05,16.81575223908249,33.50632980456049,nan,nan,nan
9.78,220.00323486328125,-222.02032470703125,-5.017882823944092,219.3803946951278,-221.96371957530522,-5.013461351703972,0.6254227093893543,0.7185716159977068,0.1813753623861698,3.537903299203891e-05,17.094452976743607,33.796119908186945,nan,2.17872492499244,nan
9.790000000000001,220.00323486328125,-222.0115966796875,-5.017882823944092,219.38035255338158,-221.95491146279124,-5.01350903496643,0.6254715947431504,0.7186145559602772,0.18139953078857768,3.6087111921079936e-05,17.001763415565033,33.75385887998268,nan,nan,nan
9.8,220.00323486328125,-222.0028839111328,-5.017882823944092,219.38625007637154,-221.95060517596224,-5.014053144747339,0.6192075256905449,0.7185544920038628,0.18138841657949356,3.5341908517465685e-05,17.034022881304285,34.35175784798307,0.608048989110433,0.18188131834260263,nan
9.81,220.00323486328125,-221.99415588378906,-5.017882823944092,219.38621561434528,-221.9418082947737,-5.0141077721802665,0.6192473452902775,0.718597241443315,0.18141255671409576,3.604916041687135e-05,16.944800957825887,33.46704404218297,nan,nan,nan
9.82,220.00323486328125,-221.9854278564453,-5.017882823944092,219.3861834288651,-221.93300946352588,-5.012923239582998,0.619293757524091,0.7186400821616422,0.18143676396344746,3.532740603284484e-05,17.17646345734096,33.72700997627082,nan,1.0654666407772384,nan
9.83,220.00323486328125,-221.97669982910156,-5.017882823944092,219.3861490793969,-221.9242127341368,-5.012967609424021,0.6193334474608949,0.7186830143132061,0.1814610384802268,3.6034740909728054e-05,17.081594102990902,33.68898206369513,nan,nan,nan
9.84,220.00323486328125,-221.96798706054688,-5.017882823944092,219.38611243194967,-221.91541794444944,-5.014273348855151,0.6193679322747375,0.7187260380324685,0.18148538040101936,3.531417776719723e-05,16.709362714848513,34.18414643470799,nan,1.1010475928616388,nan
9.85,220.00323486328125,-221.95925903320312,-5.017882823944092,219.36744714867632,-221.9014852021977,-5.01439456654423,0.6384167929584019,0.7186659744897159,0.1814741701394239,3.599947784448367e-05,17.19277801996923,33.421267585252785,5.642587466768181,nan,nan
9.86,220.00323486328125,-221.95053100585938,-5.017882823944092,219.36737176087536,-221.8926854657588,-5.013798874206046,0.6385018951860958,0.7187088076810011,0.18149848314691916,3.528089551861161e-05,17.259599785700185,33.497774338016626,nan,0.29994303641861775,nan
9.870000000000001,220.00323486328125,-221.94180297851562,-5.017882823944092,219.36729518321079,-221.88388698238393,-5.013854782496553,0.6385841874130259,0.7187517321344394,0.18152286358107209,3.598758568966224e-05,17.170060916008822,33.446453520615556,nan,nan,nan
9.88,220.00323486328125,-221.93309020996094,-5.017882823944092,219.36721882048155,-221.87508855931267,-5.013875618023202,0.6386678760324496,0.718794747983862,0.18154731157952253,3.527004719606507e-05,17.105171654383877,34.21697552779947,nan,0.0009079920093218306,nan
9.89,220.00323486328125,-221.9243621826172,-5.017882823944092,219.3671424190624,-221.8662900944275,-5.013933143548101,0.6387500019524571,0.7188378553845908,0.1815718272933954,3.5976887161307784e-05,17.016322781461504,33.35859708617261,nan,nan,nan
9.9,220.00323486328125,-221.91563415527344,-5.017882823944092,219.37552561427367,-221.85990621747177,-5.011186798772805,0.6302137265201234,0.7187777914355885,0.1815605179804369,3.523908057495838e-05,17.588703170781784,34.02578167918622,2.5433690789206365,4.7833157582221615,nan
9.91,220.00323486328125,-221.90692138671875,-5.017882823944092,219.37546826770958,-221.85110886036585,-5.011216634176947,0.6302780138157689,0.7188207082937084,0.1815850041186519,3.5945212714450846e-05,17.483912281859645,34.76915171463297,nan,nan,nan
9.92,220.00323486328125,-221.898193359375,-5.017882823944092,219.37540933934125,-221.84231249661528,-5.011970447732353,0.630335240586928,0.7188637163771907,0.18160955797846215,3.523040790061514e-05,17.1732762432003,33.685335797571845,nan,0.36428619971787585,nan
9.93,220.00323486328125,-221.88946533203125,-5.017882823944092,219.37535169822985,-221.8335150774818,-5.012009273012434,0.6303984442712882,0.7189068158418638,0.18163417971007276,3.593673265213349e-05,17.074706863922305,33.62563866958404,nan,nan,nan
9.94,220.00323486328125,-221.8807373046875,-5.017882823944092,219.37529324135087,-221.8247179832875,-5.012440976856352,0.6304589269908009,0.7189500068207842,0.18165886945247972,3.522276235081378e-05,16.889362719855654,33.492840816371306,nan,0.10709784001516869,nan
9.950000000000001,220.00323486328125,-221.8720245361328,-5.017882823944092,219.39061651311968,-221.82810582635543,-5.012506978831595,0.6142141285690732,0.7188899416368507,0.18164745809558325,3.5907211077831294e-05,17.34845046382808,34.118701323616044,4.314444887531787,nan,nan
9.96,220.00323486328125,-221.86329650878906,-5.017882823944092,219.39057746524057,-221.8193386983772,-5.012964430874129,0.6142520387109622,0.7189329420483862,0.18167211758445087,3.519487094392882e-05,17.16554344614926,33.1884999737568,nan,0.11805059346755681,nan
9.97,220.00323486328125,-221.8545684814453,-5.017882823944092,219.39053907569485,-221.8105710552607,-5.013015795603594,0.6142927556156431,0.7189760336719568,0.1816968450986166,3.5900750213534624e-05,17.072873732708736,33.12630901913659,nan,nan,nan
9.98,220.00323486328125,-221.84584045410156,-5.017882823944092,219.3905040038853,-221.80180138534007,-5.011429039235179,0.6143453401553162,0.7190192166402377,0.18172164077787467,3.5189124042442006e-05,17.53177648359994,33.616143014079356,nan,1.8762921055328141,nan
9.99,220.00323486328125,-221.83712768554688,-5.017882823944092,219.39046563896892,-221.793033901493,-5.011466121618157,0.6143871402668389,0.7190624911096445,0.1817465047712534,3.589524189866586e-05,17.428666458824363,34.3400610369846,nan,nan,nan
10.0,220.00323486328125,-221.82839965820312,-5.017882823944092,219.40433640807626,-221.79468031861384,-5.011214043155408,0.5998840105774337,0.7190024238106206,0.1817349883609262,3.5163069196713005e-05,17.921180954968786,33.54966477909171,3.5458480179437366,0.022678199340572185,nan
10.01,220.00323486328125,-221.81967163085938,-5.017882823944092,219.40431673446892,-221.78593789906344,-5.011249647364424,0.5999040662576631,0.7190455076783036,0.18175982140676328,3.586856275399876e-05,17.819112094317674,33.50497183437053,nan,nan,nan
10.02,220.00323486328125,-221.81094360351562,-5.017882823944092,219.40428884949998,-221.77720022384304,-5.015288969964035,0.5999013845413884,0.719088682722187,0.18178472276901828,3.515904287460731e-05,16.720035780979256,32.451522485261336,nan,11.208245795635685,nan
10.03,220.00323486328125,-221.80223083496094,-5.017882823944092,219.4042693379126,-221.76845794464035,-5.015366488091725,0.5999221954944328,0.7191319490989453,0.18180969259603152,3.586480548005884e-05,16.639828205699956,33.15886075201525,nan,nan,nan
10.040000000000001,220.00323486328125,-221.7935028076172,-5.017882823944092,219.4042470435455,-221.7597170579357,-5.016772747894823,0.5999409282105767,0.7191753069408502,0.1818347310286123,3.515582813800487e-05,16.434995043825282,32.19837167528416,nan,1.2338779284772423,nan
10.05,220.00323486328125,-221.78477478027344,-5.017882823944092,219.38172828903635,-221.73605629707188,-5.016834447962367,0.6234139968971629,0.7191152366427047,0.18182310656079986,3.583981595960674e-05,15.995565122906351,32.23353134335398,6.155431995802854,nan,nan
10.06,220.00323486328125,-221.7760467529297,-5.017882823944092,219.38167144809913,-221.72728194078837,-5.018419072975369,0.6234736350151994,0.7191584038388598,0.18184811333680873,3.5132184021600694e-05,15.91006505690967,32.17751841218658,nan,1.5590738758094054,nan
10.07,220.00323486328125,-221.767333984375,-5.017882823944092,219.38161780052735,-221.71850594290353,-5.018527738976511,0.6235321693835232,0.7192016622005394,0.18187318872533212,3.5837637963186e-05,15.848884194834207,32.882505932453306,nan,nan,nan
10.08,220.00323486328125,-221.75860595703125,-5.017882823944092,219.38156776617512,-221.70972823227072,-5.016918138056362,0.6235863550631827,0.7192450118598734,0.1818983328677681,3.513045196572053e-05,15.801199943589417,32.02713079310455,nan,2.0705991375746593,nan
10.09,220.00323486328125,-221.7498779296875,-5.017882823944092,219.38151415624944,-221.70095225295867,-5.0170112592770595,0.6236434229754045,0.7192884529737642,0.1819235459115883,3.583620467846154e-05,15.73355923275435,31.976108691414012,nan,nan,nan
10.1,220.00323486328125,-221.74114990234375,-5.017882823944092,219.3815260897468,-221.68356178280922,-5.015740532064597,0.6243739104220429,0.7192283787419667,0.18191181037239892,3.510823419465444e-05,14.82586227959596,32.109488569304716,7.033320865254455,1.2936005567661955,nan
10.11,220.00323486328125,-221.73243713378906,-5.017882823944092,219.38148837617257,-221.6747559988646,-5.015822147642251,0.6244197738260522,0.7192716291567336,0.18193699103522587,3.5813418429926664e-05,14.74982990858659,32.85663226473337,nan,nan,nan
10.120000000000001,220.00323486328125,-221.7237091064453,-5.017882823944092,219.3814520156431,-221.665949868075,-5.015280733271151,0.6244652192956703,0.7193149707026242,0.18196224059735813,3.510783286662205e-05,14.762226448857179,32.02723057291957,nan,0.2731198561758038,nan
10.13,220.00323486328125,-221.71498107910156,-5.017882823944092,219.3814144032692,-221.65714438466043,-5.0153578187956045,0.6245095222368408,0.7193584035365732,0.18198755920576742,3.581333683621862e-05,14.685746045875877,31.97168945851636,nan,nan,nan
10.14,220.00323486328125,-221.7062530517578,-5.017882823944092,219.38137685644216,-221.64833884997765,-5.015435870540914,0.6245537791244862,0.7194019277968681,0.18201294700372214,3.6533180468490315e-05,14.610204084583275,31.90696991739991,nan,nan,nan
10.15,220.00323486328125,-221.69754028320312,-5.017882823944092,219.3902914411883,-221.650364238633,-5.015443072266853,0.6147610676161379,0.7193418486966409,0.18200109738484793,3.724366680142297e-05,15.276856376473345,32.50437193451285,4.626974304346831,nan,nan
10.16,220.00323486328125,-221.68881225585938,-5.017882823944092,219.39025739203686,-221.64158957217836,-5.016277170720017,0.614795852482336,0.7193851821884915,0.18202645206167173,3.645288871317048e-05,15.127015241593686,31.58022404692166,nan,0.37068914971046873,nan
10.17,220.00323486328125,-221.68008422851562,-5.017882823944092,219.39022503064797,-221.63281443523354,-5.016364586975948,0.6148315161940757,0.7194286068032437,0.1820518759268719,3.718490317499643e-05,15.057775169620069,31.511374966298437,nan,nan,nan
10.18,220.00323486328125,-221.67135620117188,-5.017882823944092,219.39019221964105,-221.62403962157873,-5.016638005769633,0.6148672142812998,0.719472122672075,0.18207736912284292,3.639749905118473e-05,14.978105361047664,31.43174411676272,nan,0.022306610106667898,nan
10.19,220.00323486328125,-221.6626434326172,-5.017882823944092,219.39015976583892,-221.6152648595577,-5.016729370148188,0.6149041671226009,0.7195157299527589,0.18210293179608966,3.7128205018928376e-05,14.909657583314587,32.159298269237894,nan,nan,nan
10.200000000000001,220.00323486328125,-221.65391540527344,-5.017882823944092,219.3672416490938,-221.59235553357857,-5.0169997175163,0.6389661698184953,0.7194556450004774,0.18209096508530936,3.6321461313432685e-05,14.603569697545243,31.513595312484657,6.0710454666264235,0.0038577476981953747,nan
10.21,220.00323486328125,-221.6451873779297,-5.017882823944092,219.36717280864684,-221.5835510749097,-5.0170958170517235,0.6390419317819169,0.7194990614476913,0.1821164938850294,3.705001753174757e-05,14.539298944108891,31.445219500716448,nan,nan,nan
10.22,220.00323486328125,-221.63645935058594,-5.017882823944092,219.3671050085662,-221.57474622743433,-5.016657306200025,0.6391175193363567,0.719542568984357,0.18214209215503763,3.6270058320874236e-05,14.504707017372343,31.415694259342352,nan,0.18835370149408892,nan
10.23,220.00323486328125,-221.62774658203125,-5.017882823944092,219.36703619620198,-221.56594177038977,-5.016750154847776,0.6391946977836728,0.7195861677679737,0.18216776004145876,3.699746616937644e-05,14.43725332187965,32.17418120605748,nan,nan,nan
10.24,220.00323486328125,-221.6190185546875,-5.017882823944092,219.3669662393117,-221.55713764209838,-5.017425345390649,0.6392708490754146,0.7196298579301145,0.18219349768724927,3.622058638264453e-05,14.349519954074204,31.29487859450901,nan,0.22239237156180355,nan
10.25,220.00323486328125,-221.61029052734375,-5.017882823944092,219.37047796016037,-221.56350591510528,-5.017521200282813,0.6344842229410441,0.7195697661456824,0.1821814108790509,3.692358521467037e-05,15.805348232055124,31.165642828395505,15.393937979398686,nan,nan
10.26,220.00323486328125,-221.6015625,-5.017882823944092,219.37038849024663,-221.55475138635973,-5.01972278934388,0.6345779681772713,0.7196132653938354,0.18220711388375566,3.6150660837875176e-05,15.837514395993798,31.194690523592822,nan,2.9148547357080066,nan
10.27,220.00323486328125,-221.5928497314453,-5.017882823944092,219.37030323863732,-221.54599560422605,-5.019846171357767,0.6346665309002445,0.7196568557248452,0.18223288664114126,3.68750730056498e-05,15.788951184437485,31.884392250941097,nan,nan,nan
10.28,220.00323486328125,-221.58412170410156,-5.017882823944092,219.37021704471104,-221.53724026557387,-5.020380781905564,0.6347563845285762,0.7197005372706243,0.18225872929447598,3.6105037141819426e-05,15.799748641333858,31.09845855499744,nan,0.11160747316405929,nan
10.290000000000001,220.00323486328125,-221.5753936767578,-5.017882823944092,219.3701316068155,-221.52848485338592,-5.020510005087105,0.6348441329479421,0.7197443101881766,0.1822846419894238,3.6828512111036534e-05,15.75706870915033,31.034329911692325,nan,nan,nan
10.3,220.00323486328125,-221.56666564941406,-5.017882823944092,219.37844498929704,-221.51673564685854,-5.0212252206439105,0.6267906854796922,0.7196842105444695,0.1822724320792772,3.60390777882367e-05,15.053336730366722,31.021800853554982,4.997706714501217,0.2482262727603945,nan
10.31,220.00323486328125,-221.55795288085938,-5.017882823944092,219.3783865846232,-221.5079636692949,-5.0213619862531935,0.6268543668071069,0.7197277924585966,0.18229830935158606,3.676077591980009e-05,15.013870374875484,31.73602453646304,nan,nan,nan
10.32,220.00323486328125,-221.54922485351562,-5.017882823944092,219.3783270966067,-221.49919203215995,-5.022017575173374,0.6269211244093607,0.7197714654245667,0.18232425665351074,3.599718205716929e-05,15.102645479697673,31.019058802673783,nan,0.1788135405705153,nan
10.33,220.00323486328125,-221.54049682617188,-5.017882823944092,219.37826867729365,-221.49042013037115,-5.02216142533838,0.6269838239700452,0.7198152295989894,0.1823502741304629,3.671807806274209e-05,15.069617507543668,30.960683606691767,nan,nan,nan
10.34,220.00323486328125,-221.53176879882812,-5.017882823944092,219.3782105246329,-221.48164820846105,-5.022242725245402,0.6270458565535055,0.7198590851143546,0.1823763619260842,3.5957085017726076e-05,15.043240559235828,30.912302039803944,nan,0.0026952981072621784,nan
10.35,220.00323486328125,-221.52305603027344,-5.017882823944092,219.37839793733136,-221.46696557456326,-5.022482463609568,0.6273663044325376,0.719798976589343,0.182364025917652,3.665429972563578e-05,14.429975685992916,31.772131514159838,3.3099124156220343,nan,nan
10.36,220.00323486328125,-221.5143280029297,-5.017882823944092,219.3783518463488,-221.4581733535136,-5.021811247782934,0.6274133900511649,0.7198426410034834,0.1823900774956978,3.589675416010922e-05,14.226557928696325,30.738137172737602,nan,0.45011672000322067,nan
10.370000000000001,220.00323486328125,-221.50559997558594,-5.017882823944092,219.37830410035576,-221.4493813999959,-5.021952097493314,0.6274675654400176,0.7198863964635194,0.18241619937932552,3.661532292056714e-05,14.192957607696169,30.67695218445422,nan,nan,nan
10.38,220.00323486328125,-221.4968719482422,-5.017882823944092,219.37825331569988,-221.44059009283444,-5.023563169831914,0.6275363323304465,0.7199302431023784,0.18244239171237822,3.586019560671221e-05,14.584794100924395,31.040959737310118,nan,1.4505442112218916,nan
10.39,220.00323486328125,-221.4881591796875,-5.017882823944092,219.3782052938201,-221.43179810479242,-5.023720443116702,0.6275927112879331,0.7199741810760262,0.18246865463996967,3.657813747224648e-05,14.559607472034102,31.76547484815239,nan,nan,nan
10.4,220.00323486328125,-221.47943115234375,-5.017882823944092,219.38253960587124,-221.43047470496495,-5.023113512697349,0.6226449200114459,0.7199140626048507,0.18245618954234194,3.580346739033949e-05,14.913577671880711,30.577333857526202,3.214075012532673,0.26112390764488475,nan
10.41,220.00323486328125,-221.470703125,-5.017882823944092,219.3824905939184,-221.42170430891466,-5.02326375157912,0.6226983911227079,0.7199578093708389,0.1824824154441133,3.6519941397954796e-05,14.887302709174934,30.50802087190264,nan,nan,nan
10.42,220.00323486328125,-221.4619903564453,-5.017882823944092,219.38244283719771,-221.41293386588532,-5.022765505470963,0.6227464327427784,0.7200016471542996,0.18250871192317644,3.577030106922015e-05,14.70465684252031,31.05474485003433,nan,0.28477085543380803,nan
10.43,220.00323486328125,-221.45326232910156,-5.017882823944092,219.38239393180928,-221.40416366860896,-5.022911050985352,0.6227996657997943,0.7200455761107275,0.18253507912448738,3.6486259946850973e-05,14.67661049549203,30.238069293377865,nan,nan,nan
10.44,220.00323486328125,-221.4445343017578,-5.017882823944092,219.38234811250953,-221.3953928172247,-5.021545591806821,0.6228391916493342,0.7200895963737449,0.18256151719212288,3.5738766052538856e-05,14.30473181401954,29.846886154458964,nan,1.5470664952803646,nan
10.450000000000001,220.00323486328125,-221.43580627441406,-5.017882823944092,219.39768430422046,-221.40027032900713,-5.0217299239217486,0.6066045525488871,0.720029466896983,0.18254892002441164,3.643161407038335e-05,14.917977996875555,29.766292287766593,5.092746122060048,nan,nan
10.46,220.00323486328125,-221.42709350585938,-5.017882823944092,219.39765236777652,-221.39153362720063,-5.022492561442294,0.6066431517059832,0.7200732958379116,0.18257532024517734,3.568709379780162e-05,15.05174990776891,30.634935369753187,nan,0.2676456202724315,nan
10.47,220.00323486328125,-221.41836547851562,-5.017882823944092,219.39762144459573,-221.38279690566506,-5.022634454290118,0.6066756252376853,0.7201172157907075,0.18260179131305304,3.6401274874141575e-05,15.022966087431334,29.807680757440586,nan,nan,nan
10.48,220.00323486328125,-221.40963745117188,-5.017882823944092,219.39759311524563,-221.37405988654496,-5.021443660736124,0.6066962746111824,0.7201612268894885,0.1826283333722364,3.5658731670905134e-05,14.704901186387623,29.458340746141474,nan,1.2086606947708558,nan
10.49,220.00323486328125,-221.40090942382812,-5.017882823944092,219.39756248874252,-221.3653232382219,-5.021573894552549,0.6067281317753599,0.7202053292890164,0.18265494656750453,3.6372539864398394e-05,14.67067350770488,29.409582025802262,nan,nan,nan
10.5,220.00323486328125,-221.39219665527344,-5.017882823944092,219.43024112208428,-221.37719338564074,-5.021793948632355,0.5732034738615038,0.7201451877089805,0.18264221435805597,3.5610256922850216e-05,15.11152033414882,30.112033370171893,11.793474867073211,0.0150132211005905,nan
10.51,220.00323486328125,-221.3834686279297,-5.017882823944092,219.43026240530003,-221.3685000009878,-5.021926528992298,0.5731822126933861,0.7201890986636578,0.18266878887276666,3.632284811005884e-05,15.079337470849977,29.334196464152704,nan,nan,nan
10.52,220.00323486328125,-221.37474060058594,-5.017882823944092,219.43028291428215,-221.3598067412888,-5.022537685204404,0.5731654418653767,0.7202331006044296,0.18269543450090406,3.5584908010930656e-05,15.18545462335601,29.427417523660168,nan,0.15575664230304734,nan
10.53,220.00323486328125,-221.3660125732422,-5.017882823944092,219.43030434000778,-221.3511134761835,-5.022676944942615,0.573144267342634,0.7202771936855464,0.18272215138715567,3.629721703471908e-05,15.157338526916314,29.3738706138655,nan,nan,nan
10.540000000000001,220.00323486328125,-221.3572998046875,-5.017882823944092,219.4303247696446,-221.34242033465387,-5.0233322530440585,0.5731291916284992,0.7203213780418831,0.1827489396758521,3.5561004016457706e-05,15.305394169147657,30.238480988430023,nan,0.1812542646117559,nan
10.55,220.00323486328125,-221.34857177734375,-5.017882823944092,219.45613168632428,-221.3387860334233,-5.023304070798036,0.5472175407805688,0.7202612232662403,0.18273606946516888,3.6250640405232194e-05,14.434077514631799,29.438524652278115,11.977115575602205,nan,nan
10.56,220.00323486328125,-221.33984375,-5.017882823944092,219.45621020529896,-221.33009059981248,-5.0240045955018005,0.5471458456995062,0.7203052160473171,0.1827628182274064,3.551696982497173e-05,14.626445217718297,29.60785903201313,nan,0.2121645525021075,nan
10.57,220.00323486328125,-221.33111572265625,-5.017882823944092,219.45628982362518,-221.3213951389534,-5.024155248719411,0.5470673719611342,0.7203492998090189,0.18278963836695744,3.6227943334201285e-05,14.605426372389767,29.55845807993145,nan,nan,nan
10.58,220.00323486328125,-221.32240295410156,-5.017882823944092,219.45636612021013,-221.31270003573266,-5.026249834893395,0.5470188073963099,0.7203934746867394,0.18281653002821638,3.549584671308838e-05,15.438504841792856,31.091445688520903,nan,2.590337134674642,nan
10.59,220.00323486328125,-221.3136749267578,-5.017882823944092,219.45644602314795,-221.30400467823708,-5.026421664062123,0.5469410033918983,0.7204377408339593,0.1828434933557762,3.620665087081256e-05,15.42855625958301,30.314508086995115,nan,nan,nan
10.6,220.00323486328125,-221.30494689941406,-5.017882823944092,219.4739816565448,-221.3119685590129,-5.025338424950972,0.5293522896245163,0.7203775717368494,0.18283048219689804,3.5454590292670846e-05,15.745991988223782,30.00230256713653,7.723597756413918,1.2482720046122897,nan
10.61,220.00323486328125,-221.2962188720703,-5.017882823944092,219.47408062508768,-221.30331436405945,-5.025500756172518,0.5292566359491603,0.7204216461703842,0.1828574051401155,3.616437680745787e-05,15.731904471900048,29.941055628042264,nan,nan,nan
10.620000000000001,220.00323486328125,-221.28750610351562,-5.017882823944092,219.47417723569083,-221.29466045617386,-5.026904417728997,0.5291829052680938,0.7204658115613998,0.1828843997214661,3.543608483551968e-05,16.37167238948388,31.22746251006486,nan,1.0593604628453355,nan
10.63,220.00323486328125,-221.27877807617188,-5.017882823944092,219.47427583421458,-221.28600635353777,-5.027080869199107,0.5290883730165928,0.7205100680628556,0.18291146608550057,3.614577420166266e-05,16.364934451639677,30.491927586411343,nan,nan,nan
10.64,220.00323486328125,-221.27005004882812,-5.017882823944092,219.47437949064638,-221.27735180181924,-5.024271058183981,0.5289443546330834,0.7205544158109187,0.18293860437667622,3.541883155963309e-05,15.126078785374327,29.21358079539234,nan,6.149675311868667,nan
10.65,220.00323486328125,-221.26132202148438,-5.017882823944092,219.47528969148055,-221.26221663449545,-5.024444894104877,0.5279867096101003,0.720494231271504,0.18292544933711197,3.610617733650097e-05,14.469022416842916,29.194941396006108,3.2182508421317007,nan,nan
10.66,220.00323486328125,-221.2526092529297,-5.017882823944092,219.51374884942283,-221.2820144104425,-5.024694260097146,0.49041575903903356,0.6942477894607146,0.16845912704653662,3.5381385050548174e-05,20.864399873000515,36.27173328188409,nan,0.006877478896778156,0.05593811129085887
10.67,220.00323486328125,-221.24388122558594,-5.017882823944092,219.51385324588588,-221.27335389540306,-5.024846618459394,0.4903177542621781,0.6943001734776225,0.1684708622646884,3.609008693190767e-05,20.823991203178654,35.53078644044777,nan,nan,nan
10.68,220.00323486328125,-221.2351531982422,-5.017882823944092,219.5139550023367,-221.26469096463214,-5.024755926710483,0.49021883022876844,0.6943526471420348,0.16848266117426963,3.5366517504761035e-05,20.743375868583836,35.44120741747702,nan,0.04119411356734303,nan
10.69,220.00323486328125,-221.22642517089844,-5.017882823944092,219.5140594134713,-221.25603041008765,-5.02490815367903,0.4901208485078966,0.6944052109697183,0.1684945241919669,3.60752094398693e-05,20.703373296064747,35.41140517385287,nan,nan,nan
10.700000000000001,220.00323486328125,-221.21771240234375,-5.017882823944092,219.4988758433621,-221.23797995478418,-5.023947627779101,0.5048025123761649,0.6943382600581122,0.16848319900768408,3.5331443776458856e-05,20.088642954131444,35.625836711693545,4.324973727023341,0.9793685759165331,nan
10.71,220.00323486328125,-221.208984375,-5.017882823944092,219.49894971969798,-221.2292948963543,-5.024091778583695,0.5047321808981512,0.6943905937717427,0.16849509640650862,3.6039272906542015e-05,20.0450532426173,34.8549858741387,nan,nan,nan
10.72,220.00323486328125,-221.20025634765625,-5.017882823944092,219.49902880611828,-221.22061427257842,-5.024717741783312,0.5046631641885887,0.6944430170012691,0.16850705770699242,3.53188023756922e-05,20.22602544651487,35.03677834930394,nan,0.16014336769540002,nan
10.73,220.00323486328125,-221.1915283203125,-5.017882823944092,219.49910266761177,-221.21192916760995,-5.024868857231305,0.504593172706567,0.694495530234003,0.16851908330426119,3.602667785632148e-05,20.186193016822962,34.98956015511498,nan,nan,nan
10.74,220.00323486328125,-221.1828155517578,-5.017882823944092,219.4991659051541,-221.20323508892406,-5.024032048026688,0.5045198559049049,0.6945481332785782,0.16853117309730486,3.5307223751583375e-05,19.828780274616612,35.36659202429246,nan,0.678583570865035,nan
10.75,220.00323486328125,-221.17408752441406,-5.017882823944092,219.52815943779777,-221.204593753692,-5.024222950942289,0.47609609023118665,0.6944810429543312,0.16851999601281062,3.599299621854778e-05,19.24691742514457,34.84839031049471,7.204882193609443,nan,nan
10.76,220.00323486328125,-221.1653594970703,-5.017882823944092,219.5282905411599,-221.19592047410262,-5.025195768398224,0.47598273244843275,0.6945334155869771,0.16853211974786217,3.5275366095461106e-05,19.574612916507128,35.16255065159044,nan,0.4752689507445592,nan
10.77,220.00323486328125,-221.15663146972656,-5.017882823944092,219.528412925352,-221.1872399658607,-5.025350662728612,0.47586607505746076,0.6945858780639944,0.16854430796563627,3.5982521832692816e-05,19.5371535510106,35.0877019314879,nan,nan,nan
10.78,220.00323486328125,-221.14791870117188,-5.017882823944092,219.52852823591465,-221.1785535451099,-5.024824729547483,0.4757447485598624,0.6946384302208969,0.16855656058543564,3.526579126320253e-05,19.2806521408129,35.571998918950875,nan,0.32321171526517656,nan
10.790000000000001,220.00323486328125,-221.13919067382812,-5.017882823944092,219.52865057747513,-221.16987298396626,-5.024974843278733,0.47562794832490374,0.6946910725045484,0.16856887797209585,3.5973058766655295e-05,19.241515562620975,34.782379132387135,nan,nan,nan
10.8,220.00323486328125,-221.13046264648438,-5.017882823944092,219.5606397887974,-221.1737708108514,-5.0243358584875395,0.444755706779602,0.6946238434035625,0.16855784425465536,3.523590563432341e-05,18.559531810458367,34.91076049978453,9.04224981930036,0.5626455733649474,nan
10.81,220.00323486328125,-221.12173461914062,-5.017882823944092,219.56081726609355,-221.16510324752795,-5.024481142248008,0.44458711861003697,0.6946762549653543,0.16857019510738244,3.594242750950899e-05,18.51847754080347,34.844203347156345,nan,nan,nan
10.82,220.00323486328125,-221.11302185058594,-5.017882823944092,219.5609853668062,-221.15642784985542,-5.023689692019547,0.44441244089456966,0.6947287560749971,0.16858261056463403,3.522818474222609e-05,18.19200784410344,35.25909869240182,nan,0.6129246532845453,nan
10.83,220.00323486328125,-221.1042938232422,-5.017882823944092,219.56116279800958,-221.14776018419363,-5.023827903812506,0.44424360367096555,0.694781347154115,0.16859509097222086,3.593486133372541e-05,18.148275879977994,34.48179101881869,nan,nan,nan
10.84,220.00323486328125,-221.09556579589844,-5.017882823944092,219.56134317660633,-221.13909485111753,-5.024251034727284,0.4440761145448528,0.6948340280761992,0.1686076362778249,3.5221347655972905e-05,18.246241297301843,34.57707587004594,nan,0.05616761619782113,nan
10.85,220.00323486328125,-221.0868377685547,-5.017882823944092,219.58094274410303,-221.13446900368436,-5.024253985692746,0.42501759984974785,0.6947666614397308,0.16859674156851692,3.590609154320139e-05,17.472490059021467,34.65604517753372,5.558560486867347,nan,nan
10.86,220.00323486328125,-221.078125,-5.017882823944092,219.5811428042515,-221.12578432116072,-5.023644082172635,0.4248132640182644,0.6948191113437842,0.1686093198478055,3.519411573796134e-05,17.213401117698147,35.15328686565151,nan,0.3941215640466653,nan
10.870000000000001,220.00323486328125,-221.06939697265625,-5.017882823944092,219.58134980291433,-221.1171056323283,-5.023779188769016,0.424614987355193,0.6948716510612651,0.16862196325820322,3.590027254334547e-05,17.169211370010174,34.33417791376831,nan,nan,nan
10.88,220.00323486328125,-221.0606689453125,-5.017882823944092,219.58155089137364,-221.10842206121984,-5.02329348896363,0.42441372213748374,0.694924280489224,0.16863467176510566,3.5188927009618295e-05,16.963473044415217,34.124910945360604,nan,0.2701363655251433,nan
10.89,220.00323486328125,-221.05194091796875,-5.017882823944092,219.58175767768623,-221.09974333612985,-5.023424645221758,0.4242155123781115,0.694977000013834,0.16864744568788764,3.5895285868870596e-05,16.91812342209538,34.07322016167917,nan,nan,nan
10.9,220.00323486328125,-221.04322814941406,-5.017882823944092,219.60779724942861,-221.09863076242277,-5.023132965216482,0.3993343460823763,0.6949094965261585,0.16863668515927868,3.516330701668362e-05,16.161692093185778,35.132673440771356,6.141005258911483,0.12089020416429257,nan
10.91,220.00323486328125,-221.0345001220703,-5.017882823944092,219.60804602303313,-221.08994895746682,-5.023261946890964,0.3990961385019452,0.6949619847261812,0.16864949152865244,3.586900631868094e-05,16.115741769133965,34.31454948222966,nan,nan,nan
10.92,220.00323486328125,-221.02577209472656,-5.017882823944092,219.60829215232013,-221.08126484008116,-5.0230780050553445,0.398856088878039,0.6950145625040516,0.16866236318926514,3.515962988755274e-05,16.00820933243895,34.195010640941504,nan,0.06894726258286217,nan
10.93,220.00323486328125,-221.01705932617188,-5.017882823944092,219.60854111711825,-221.07258307567557,-5.023205904364185,0.39861557320843627,0.695067230224077,0.16867530044409246,3.58655632562338e-05,15.96054186113445,34.906540384157225,nan,nan,nan
10.94,220.00323486328125,-221.00833129882812,-5.017882823944092,219.6087946816856,-221.06390506035416,-5.023860686519573,0.39838076593673216,0.6951199878162112,0.16868830328301307,3.515667286367642e-05,16.118982755865282,34.30319693874548,nan,0.1934312594914092,nan
10.950000000000001,220.00323486328125,-220.99960327148438,-5.017882823944092,219.61209837328735,-221.06788672714166,-5.023973815777512,0.39709883442634364,0.6950523486450375,0.16867767239727444,3.584078930888171e-05,17.471032076113037,34.57311618030654,18.471457683152654,nan,nan
10.96,220.00323486328125,-220.99087524414062,-5.017882823944092,219.61234813497188,-221.05924950142156,-5.022014377167477,0.3968432223928731,0.6951048746181518,0.16869070713868575,3.513319693560763e-05,16.854921553663914,33.95233579233351,nan,3.076271408629921,nan
10.97,220.00323486328125,-220.98216247558594,-5.017882823944092,219.61261536119866,-221.05062697786929,-5.022130437296457,0.3965968049535262,0.6951574903801119,0.1687038076499515,3.5838755168443564e-05,16.80397920140009,34.61066212075349,nan,nan,nan
10.98,220.00323486328125,-220.9734344482422,-5.017882823944092,219.61286801122068,-221.04199200715502,-5.020447115784212,0.3963495851699651,0.6952101958810519,0.1687169739360464,3.5131567114440254e-05,16.421340796046685,33.528362761376506,nan,2.2716056203376014,nan
10.99,220.00323486328125,-220.96470642089844,-5.017882823944092,219.613135279602,-221.0333694005787,-5.02054762153816,0.3961052778132456,0.6952629914549124,0.1687302062774001,3.5837392102964615e-05,16.366163978783014,33.4836433839509,nan,nan,nan
11.0,220.00323486328125,-220.9559783935547,-5.017882823944092,219.62307757933957,-221.02966661034057,-5.020013491924958,0.38723901349560164,0.6951952173249907,0.16871970012050327,3.510938160738114e-05,16.283059565014245,33.59697711382188,1.2976641889772373,0.2175898490848185,nan
11.01,220.00323486328125,-220.947265625,-5.017882823944092,219.62336249846658,-221.02105349334522,-5.02010917355167,0.3869788362396568,0.6952477809767088,0.16873296378766858,3.5814608017396094e-05,16.22464504301414,34.22828050745053,nan,nan,nan
11.02,220.00323486328125,-220.93853759765625,-5.017882823944092,219.62365051486086,-221.0124432360187,-5.020623706241557,0.38672190703820314,0.6953004342341095,0.16874629341667127,3.5108957489995795e-05,16.234850426009768,33.52857238947585,nan,0.12255256779635881,nan
11.03,220.00323486328125,-220.9298095703125,-5.017882823944092,219.6239352561438,-221.00383027111073,-5.020725435051383,0.3864651815612833,0.6953531774126115,0.16875968927412327,3.581447392627121e-05,16.181359600956704,33.47731772356304,nan,nan,nan
11.040000000000001,220.00323486328125,-220.92108154296875,-5.017882823944092,219.62422409243672,-220.99522074554028,-5.021383002260525,0.3862098354811208,0.6954060104902228,0.16877315138564464,3.510910797539012e-05,16.239777214183373,33.5410287730722,nan,0.21597816341627843,nan
11.05,220.00323486328125,-220.91236877441406,-5.017882823944092,219.63044066592425,-220.98820401751482,-5.021544620858814,0.3804469824244132,0.6953381025046298,0.16876276526183018,3.579288203265157e-05,16.072624846271985,34.32652628849757,0.4581515911080427,nan,nan
11.06,220.00323486328125,-220.9036407470703,-5.017882823944092,219.6307419596167,-220.9795963287398,-5.022652267917356,0.3801880603898718,0.6953907033674759,0.1687762581049545,3.5088616992327455e-05,16.281873023753406,33.8176269784033,nan,0.6975864836307372,nan
11.07,220.00323486328125,-220.89491271972656,-5.017882823944092,219.63103599404008,-220.97098251655615,-5.022774423261521,0.37992438721143634,0.6954433940007221,0.1687898173470099,3.579385879058403e-05,16.237886005743167,33.78095569171754,nan,nan,nan
11.08,220.00323486328125,-220.8861846923828,-5.017882823944092,219.63133444057155,-220.96237243182097,-5.0234981258368085,0.3796656788118939,0.6954961743992847,0.1688034430261931,3.508981231170743e-05,16.404049447264015,33.92371299094439,nan,0.25331715196633775,nan
11.09,220.00323486328125,-220.87747192382812,-5.017882823944092,219.63162853588682,-220.95375873019606,-5.023628031956241,0.3793994554562494,0.6955490448531401,0.16881713539031976,3.579536525900604e-05,16.362046540374234,34.565027141819186,nan,nan,nan
11.1,220.00323486328125,-220.86874389648438,-5.017882823944092,219.6561198159619,-220.95689341959715,-5.0250761636052435,0.358205162771301,0.6954810037692312,0.16880686430695155,3.5070332045182536e-05,16.859774753694573,34.99375191573323,6.489649873666331,1.4422412121517802,nan
11.11,220.00323486328125,-220.86001586914062,-5.017882823944092,219.65645789739074,-220.94830094412143,-5.025219984307669,0.35791388972600185,0.695533641708651,0.1688205867779876,3.5775327664826304e-05,16.825938422869854,34.941072099942154,nan,nan,nan
11.120000000000001,220.00323486328125,-220.85128784179688,-5.017882823944092,219.65679345378265,-220.93970617259032,-5.024977987448405,0.3576168239622201,0.6955863692794264,0.16883437586552902,3.507246688333012e-05,16.693551139838778,34.805252530656794,nan,0.10521198143185911,nan
11.13,220.00323486328125,-220.8425750732422,-5.017882823944092,219.65713176196195,-220.93111347240773,-5.02511996018627,0.35732167721903335,0.6956391867561854,0.16884823180601077,3.577779012153791e-05,16.657588258608417,35.4491613589633,nan,nan,nan
11.14,220.00323486328125,-220.83384704589844,-5.017882823944092,219.65745584993866,-220.92250874932364,-5.023076490009035,0.35700279815378183,0.6956920941569439,0.16886215465464652,3.507505036728281e-05,15.900180843592263,33.99348574160844,nan,3.3614368950179934,nan
11.15,220.00323486328125,-220.8251190185547,-5.017882823944092,219.67314857432473,-220.91751476930435,-5.023255184592944,0.3428159785841718,0.6956239210217897,0.16885199377854618,3.575867552801975e-05,15.4499536889779,34.35282346178519,2.547969254821141,nan,nan
11.16,220.00323486328125,-220.81639099121094,-5.017882823944092,219.67352205728073,-220.9089258483949,-5.025056129202394,0.34252691944300656,0.6956765956173977,0.1688659460914395,3.5056878016703625e-05,16.04843438375948,34.944296611416995,nan,1.9769517234227327,nan
11.17,220.00323486328125,-220.80767822265625,-5.017882823944092,219.6738846767774,-220.9003279309029,-5.025198762782072,0.342211976338348,0.695729359970711,0.16887996542253517,3.5761992805789774e-05,16.013622139381944,35.570252633570846,nan,nan,nan
11.18,220.00323486328125,-220.7989501953125,-5.017882823944092,219.67424243197542,-220.8917263381463,-5.024603682446254,0.3418897519298408,0.6957822141136042,0.16889405183728684,3.506026433982977e-05,15.743681432875732,34.554126810927315,nan,0.383956973575853,nan
11.19,220.00323486328125,-220.79022216796875,-5.017882823944092,219.67460458302796,-220.88312857592555,-5.024740912579519,0.3415794126093159,0.6958351582998515,0.16890820555681535,3.5765718995243416e-05,15.70896835891979,34.5051707564205,nan,nan,nan
11.200000000000001,220.00323486328125,-220.781494140625,-5.017882823944092,219.68432882192423,-220.87811005289512,-5.024848790318926,0.3332929978342359,0.695766853895927,0.16889814982481746,3.504286530560465e-05,15.63373450117791,34.78294561560356,0.7456373454642441,6.963660486392317e-05,nan
11.21,220.00323486328125,-220.7727813720703,-5.017882823944092,219.6847072467714,-220.869515831534,-5.02498729512608,0.3329682742213513,0.6958195649807923,0.1689123323374762,3.5747788810580916e-05,15.598300786904733,35.420437992976595,nan,nan,nan
11.22,220.00323486328125,-220.76405334472656,-5.017882823944092,219.68509284262353,-220.86092744444824,-5.0263447195613375,0.33267182054165245,0.6958723657206702,0.16892658210567382,3.5046965277885756e-05,16.168733533205778,35.27970833724293,nan,1.0447093409040742,nan
11.23,220.00323486328125,-220.7553253173828,-5.017882823944092,219.6854713979094,-220.85233308036211,-5.026497237854866,0.33235272547461414,0.6959252563568933,0.16894089934137366,3.5752239986862975e-05,16.14079715936676,35.22204156381116,nan,nan,nan
11.24,220.00323486328125,-220.74659729003906,-5.017882823944092,219.68584571730108,-220.84373522404047,-5.025898716514836,0.33201792533203844,0.6959782369400627,0.1689552841237321,3.5051407576842035e-05,15.83808805919677,34.89513446607436,nan,0.39822638521774284,nan
11.25,220.00323486328125,-220.73788452148438,-5.017882823944092,219.65425404801107,-220.81538198467447,-5.02613466418844,0.35757734701034866,0.695909802266476,0.16894532858503056,3.5735007148611383e-05,15.452245384956443,34.5911716649033,16.586175017935176,nan,nan
11.26,220.00323486328125,-220.72915649414062,-5.017882823944092,219.6545688865637,-220.80673813433202,-5.025934641282507,0.35728378913356185,0.6959625494595715,0.16895974147112894,3.5034992023415024e-05,15.337376793034823,33.71662585303935,nan,0.086346399183999,nan
11.27,220.00323486328125,-220.72042846679688,-5.017882823944092,219.6548856940317,-220.79809593454155,-5.026082042055979,0.35699664765985456,0.6960153864029353,0.1689742219846869,3.5740098612301064e-05,15.308278647857515,33.64804768140067,nan,nan,nan
11.28,220.00323486328125,-220.71170043945312,-5.017882823944092,219.65519955504377,-220.7894514408389,-5.025688801266042,0.35669977190685287,0.6960683131582778,0.1689887702130021,3.504003485092572e-05,15.106882091724126,33.42238552323574,nan,0.20671504525483506,nan
11.290000000000001,220.00323486328125,-220.70298767089844,-5.017882823944092,219.65551633627754,-220.78080937454257,-5.0258329633651915,0.356409310058699,0.6961213299502148,0.16900338635585463,3.574549830169868e-05,15.07536942374608,34.102913626975756,nan,nan,nan
11.3,220.00323486328125,-220.6942596435547,-5.017882823944092,219.63810261835883,-220.7676001270952,-5.024398008569485,0.3724819867305599,0.6960527658077018,0.16899352588505873,3.5024195960502364e-05,14.94490475640007,32.36092413633218,3.0337784242423695,1.645222351190184,nan
11.31,220.00323486328125,-220.68553161621094,-5.017882823944092,219.63839080495265,-220.75896143772783,-5.024527902457859,0.3722194012328488,0.6961055489167376,0.16900816941568156,3.5729143294579954e-05,14.910244984352396,32.314015035045976,nan,nan,nan
11.32,220.00323486328125,-220.6768035888672,-5.017882823944092,219.63867887874082,-220.75032254208506,-5.024633516087163,0.3719565487942171,0.6961584217026682,0.16902288082561237,3.502976545831089e-05,14.91693517157342,32.304076173592435,nan,0.0004485147027994691,nan
11.33,220.00323486328125,-220.6680908203125,-5.017882823944092,219.63896706346912,-220.7416836497353,-5.024764960855932,0.37169113297319145,0.6962113843802502,0.16903766030744102,3.573507725630338e-05,14.881625053258631,32.97131548649894,nan,nan,nan
11.34,220.00323486328125,-220.65936279296875,-5.017882823944092,219.63924898499155,-220.73303949235543,-5.023582245707742,0.3714114417129299,0.6962644370260356,0.16905250795923227,3.503558974881733e-05,14.42544361698175,31.77737642979584,nan,1.2186813439282218,nan
11.35,220.00323486328125,-220.650634765625,-5.017882823944092,219.66192500460386,-220.7268746562905,-5.0236441002157015,0.3497686847951754,0.6961957443730145,0.16904273750680107,3.571923498174219e-05,13.504223237631043,32.1130429742093,7.402257403924754,nan,nan
11.36,220.00323486328125,-220.64190673828125,-5.017882823944092,219.6622488170331,-220.71821819170773,-5.02422989130811,0.3494784784849267,0.6962485630493522,0.16905761181196693,3.502046865290893e-05,13.667824188011405,32.24210792773378,nan,0.15304581458026126,nan
11.370000000000001,220.00323486328125,-220.63319396972656,-5.017882823944092,219.66257035521338,-220.7095600303523,-5.024355382290215,0.34917900321205386,0.6963014714732265,0.16907255434358767,3.572563385612808e-05,13.631380279250884,32.91939891143214,nan,nan,nan
11.38,220.00323486328125,-220.6244659423828,-5.017882823944092,219.6628932137005,-220.7009029410214,-5.024785745920888,0.3488878093772284,0.6963544697298902,0.1690875652060385,3.502672848382559e-05,13.762149956786851,32.289485920179665,nan,0.06512093809004114,nan
11.39,220.00323486328125,-220.61573791503906,-5.017882823944092,219.66321473536223,-220.69224463246883,-5.024916158068531,0.34859207247275387,0.6964075580210068,0.16910264458245966,3.5732259105958514e-05,13.729415849087099,32.2331002463917,nan,nan,nan
11.4,220.00323486328125,-220.6070098876953,-5.017882823944092,219.63903013642317,-220.66908231644513,-5.025542351793699,0.3695358410811407,0.696338737670393,0.16909295896937723,3.5012025115240775e-05,13.759606689197295,31.88892473186278,9.655313308012872,0.07714107708520573,nan
11.41,220.00323486328125,-220.59829711914062,-5.017882823944092,219.63930493377697,-220.66039053680893,-5.025681244248451,0.3692714468598471,0.6963915917025919,0.16910806423996436,3.5717046739928724e-05,13.728870956821208,32.595476054737404,nan,nan,nan
11.42,220.00323486328125,-220.58956909179688,-5.017882823944092,219.63957006386678,-220.65169079845546,-5.023519082792894,0.36897555499673623,0.6964445354320877,0.1691232379987775,3.501866065833036e-05,12.877316738552214,30.950813501803488,nan,3.737786285866239,nan
11.43,220.00323486328125,-220.58084106445312,-5.017882823944092,219.63984489627384,-220.6429990267846,-5.02363678389462,0.3687126095727634,0.6964975690529152,0.16913848042345905,3.5724052703685016e-05,12.841167096521046,30.874962844577485,nan,nan,nan
11.44,220.00323486328125,-220.57211303710938,-5.017882823944092,219.64011939743094,-220.63430699101167,-5.023653235109018,0.36844840491811504,0.6965506926618121,0.16915379162662345,3.502548073212832e-05,12.809546858011808,30.82552818258957,nan,0.007337847322181618,nan
11.450000000000001,220.00323486328125,-220.5634002685547,-5.017882823944092,219.6143058283955,-220.61326967636387,-5.023857598730535,0.3921587050495733,0.6964817455377291,0.16914418572249604,3.570920576514852e-05,12.891785248518543,31.10734358748845,6.941420553301221,nan,nan
11.46,220.00323486328125,-220.55467224121094,-5.017882823944092,219.61453624210372,-220.60455839894462,-5.024608457274637,0.39194448711831104,0.696534634603432,0.1691595220421766,3.5011282975352935e-05,13.129009670522098,30.54932818962164,nan,0.27996620679398454,nan
11.47,220.00323486328125,-220.5459442138672,-5.017882823944092,219.6147642409175,-220.59584511547263,-5.024736795930411,0.39172248001958887,0.6965876134180704,0.16917492717678617,3.5716536877390196e-05,13.097453830118775,30.496842466222756,nan,nan,nan
11.48,220.00323486328125,-220.53721618652344,-5.017882823944092,219.61498828865325,-220.587128534798,-5.023776734653383,0.3914861215983345,0.6966406820850302,0.16919040124369597,3.501840743759182e-05,12.719576328262907,30.10837509111962,nan,0.8373038978811624,nan
11.49,220.00323486328125,-220.52850341796875,-5.017882823944092,219.61521650171025,-220.5784152681345,-5.02389630559047,0.39126155403351753,0.6966938407883417,0.16920594441342054,3.5724029526201185e-05,12.684001469944706,30.82063839017665,nan,nan,nan
11.5,220.00323486328125,-220.519775390625,-5.017882823944092,219.6276554632742,-220.56503714830885,-5.023415033664086,0.3783373068607775,0.6966247677106522,0.16919641299452048,3.500450221635065e-05,11.514520298625486,30.090510847166012,8.895661637763576,0.2725091042721356,nan
11.51,220.00323486328125,-220.51104736328125,-5.017882823944092,219.6278973082625,-220.55628718124444,-5.023530928792477,0.37809631368894764,0.6966776915846034,0.16921198047992864,3.570961709015283e-05,11.47994624555023,30.008494635015893,nan,nan,nan
11.52,220.00323486328125,-220.50233459472656,-5.017882823944092,219.62813291520777,-220.54753229115653,-5.021924849024468,0.3778367917207695,0.6967307051750875,0.16922761704806086,3.50118836573594e-05,10.998513248410367,30.33197735869232,nan,2.094968558248487,nan
11.53,220.00323486328125,-220.4936065673828,-5.017882823944092,219.628374468819,-220.53878195112,-5.022025853032482,0.37759541221023873,0.6967838086603836,0.16924332286535046,3.57173700153204e-05,10.95933875397637,29.478839189756766,nan,nan,nan
11.540000000000001,220.00323486328125,-220.48487854003906,-5.017882823944092,219.6286207163684,-220.53003523675704,-5.023515167381845,0.377368002907402,0.6968370021525382,0.16925909805528988,3.501939471559166e-05,11.331785676179964,29.821932766098985,nan,1.3575568716724569,nan
11.55,220.00323486328125,-220.4761505126953,-5.017882823944092,219.65668568459108,-220.53483841742246,-5.023654785951127,0.3515308222012741,0.6967678040165575,0.1692496359271869,3.5703208549345646e-05,11.309037956245449,30.34585659514165,7.796056985160144,nan,nan
11.56,220.00323486328125,-220.46743774414062,-5.017882823944092,219.65697421004654,-220.52610950213574,-5.022631167399173,0.35122836151189646,0.6968207623974647,0.16926543461366672,3.500583009662795e-05,10.966255107986678,30.78189162171381,nan,0.9204258914776121,nan
11.57,220.00323486328125,-220.45870971679688,-5.017882823944092,219.65726651664534,-220.51738330900398,-5.022739156275641,0.3509419770563039,0.6968738105322697,0.1692813026927793,3.571117820524473e-05,10.930431135011041,29.949155024309857,nan,nan,nan
11.58,220.00323486328125,-220.44998168945312,-5.017882823944092,219.65756467949961,-220.50866167687002,-5.024769587216568,0.350683111066455,0.6969269485379616,0.16929724029149085,3.5013544089980486e-05,11.572663454680121,30.55394534885272,nan,2.6048985297832625,nan
11.59,220.00323486328125,-220.44125366210938,-5.017882823944092,219.65785704573725,-220.49993557278714,-5.024898697047648,0.350397811020072,0.6969801765853809,0.16931324757102578,3.5719259436727175e-05,11.54451270912821,30.48726615172423,nan,nan,nan
11.6,220.00323486328125,-220.4325408935547,-5.017882823944092,219.69449012448865,-220.5100169160147,-5.025503745518795,0.3184084267634612,0.6969108542135444,0.16930384947448124,3.500017608919418e-05,11.869197483256274,32.40040667487771,14.405836124729122,0.15130340732993885,nan
11.61,220.00323486328125,-220.42381286621094,-5.017882823944092,219.6948489332206,-220.50132744705152,-5.025639626228525,0.3180731992544106,0.6969638468668004,0.16931987940972626,3.5705382662108954e-05,11.84375830273354,31.567041489567007,nan,nan,nan
11.620000000000001,220.00323486328125,-220.4150848388672,-5.017882823944092,219.6952093305814,-220.49263928956316,-5.026320400963094,0.3177508683288339,0.6970169292549678,0.16933597900820274,3.5008056271112635e-05,12.141306985601204,31.817150642913646,nan,0.20890687525252993,nan
11.63,220.00323486328125,-220.40635681152344,-5.017882823944092,219.695568203757,-220.48395005242926,-5.026463541405386,0.31741630885829974,0.6970701015446753,0.16935214842820787,3.571363235996023e-05,12.118656731759248,31.75507088578004,nan,nan,nan
11.64,220.00323486328125,-220.39764404296875,-5.017882823944092,219.69592630341737,-220.47526027350025,-5.026325640915584,0.3170711455903045,0.6971233638592556,0.1693683878011021,3.501602438102573e-05,12.040923084872361,32.40125216993868,nan,0.05613873588552492,nan
11.65,220.00323486328125,-220.388916015625,-5.017882823944092,219.67795053175095,-220.46581111543765,-5.0264953677193285,0.3343604770671768,0.6970539181226663,0.16935904849338698,3.569992017479055e-05,12.796106736692323,31.20089046234754,5.449036704829752,nan,nan
11.66,220.00323486328125,-220.38018798828125,-5.017882823944092,219.67328169465824,-220.46764869982175,-5.025162900601754,0.34142564207111714,0.6968749375461323,0.16834885216529516,3.500286341598788e-05,18.36225501420424,36.73932886410255,nan,1.53653616718653,0.1076194628107075
11.67,220.00323486328125,-220.3714599609375,-5.017882823944092,219.67360368687423,-220.45899885210662,-5.025293062232526,0.34113733533297946,0.6969271437898585,0.16836129303646638,3.570829583106868e-05,18.3108117935763,36.681231604886975,nan,nan,nan
11.68,220.00323486328125,-220.3627471923828,-5.017882823944092,219.67392444840505,-220.45034424024888,-5.024343497052981,0.34082302216518173,0.6969794381471023,0.16837379661793597,3.501095860561824e-05,17.888411849688612,36.986990453889405,nan,0.8243684286690968,nan
11.69,220.00323486328125,-220.35401916503906,-5.017882823944092,219.6742464598902,-220.44169465998365,-5.024464956641912,0.3405344130193222,0.6970318207661164,0.1683863631138162,3.571675517302117e-05,17.834708100571635,36.188011864475776,nan,nan,nan
11.700000000000001,220.00323486328125,-220.3452911376953,-5.017882823944092,219.67225924783463,-220.43446843181306,-5.024047747899731,0.34283444123047174,0.696965291404497,0.16837494724648344,3.499793223810191e-05,18.007487246761716,36.04644415431856,1.4673805851127177,0.2974251952712832,nan
11.71,220.00323486328125,-220.33656311035156,-5.017882823944092,219.6725794642083,-220.4258301375635,-5.02416695997853,0.3425508508952374,0.6970174470113784,0.16838754358101565,3.570321663162235e-05,17.953890813537573,35.97933877763437,nan,nan,nan
11.72,220.00323486328125,-220.32785034179688,-5.017882823944092,219.67290038973118,-220.41719557803845,-5.025142920557649,0.3422807979678385,0.6970696906134397,0.16840020284128446,3.5006126349792936e-05,18.278057136679912,37.0313744317511,nan,0.5169228744333355,nan
11.73,220.00323486328125,-220.31912231445312,-5.017882823944092,219.6732203638713,-220.40855718619486,-5.025272938306058,0.3419982162154311,0.6971220223578438,0.1684129252244742,3.57117766561379e-05,18.22846157608996,36.26824711009275,nan,nan,nan
11.74,220.00323486328125,-220.31039428710938,-5.017882823944092,219.6735401528371,-220.39991890660485,-5.025449812572754,0.3417170158297271,0.6971744423866704,0.16842571082400845,3.5014377761882025e-05,18.26155907775557,36.27418232151132,nan,0.0014725898910468887,nan
11.75,220.00323486328125,-220.30166625976562,-5.017882823944092,219.67819619636325,-220.39539549124123,-5.025544121112395,0.33836961935011595,0.6971077821712784,0.1684144287139079,3.569833964071938e-05,18.491712400862585,36.385650634322886,1.1775539280844112,nan,nan
11.76,220.00323486328125,-220.29295349121094,-5.017882823944092,219.67852540071436,-220.38677150827954,-5.02567715691174,0.3380810657720584,0.6971599748856823,0.1684272437728476,3.6417783135759285e-05,18.44154461676853,37.044272407758385,nan,nan,nan
11.77,220.00323486328125,-220.2842254638672,-5.017882823944092,219.67885450851506,-220.37814741965784,-5.025811181200237,0.33779699108571354,0.697212255622379,0.16844012213704007,3.7151683065911576e-05,18.39343240426302,36.27696975841243,nan,nan,nan
11.78,220.00323486328125,-220.27549743652344,-5.017882823944092,219.67918304920818,-220.36952049832135,-5.025246859358456,0.3374968790544402,0.6972646245250899,0.168453063927457,3.636865214724639e-05,18.120938841337402,35.99617507128198,nan,0.3193239448423435,nan
11.790000000000001,220.00323486328125,-220.2667694091797,-5.017882823944092,219.67951201613153,-220.36089625195672,-5.02537592292311,0.33721282720294765,0.6973170817398786,0.1684660693355933,3.710120237324006e-05,18.07179431366881,35.948087250513,nan,nan,nan
11.8,220.00323486328125,-220.258056640625,-5.017882823944092,219.71138747116248,-220.35516177067285,-5.024458852024358,0.30764842062563647,0.6972502913812407,0.1684549167290692,3.629818470022605e-05,16.102380964226725,36.947254493250334,22.07262005127211,0.5895485968861132,nan
11.81,220.00323486328125,-220.24932861328125,-5.017882823944092,219.71176124554503,-220.3465006267316,-5.024578784686002,0.30731759781126966,0.697302520977942,0.1684679511415089,3.702853554472101e-05,16.050296864656175,36.13099455438432,nan,nan,nan
11.82,220.00323486328125,-220.2406005859375,-5.017882823944092,219.7121365869901,-220.33784990872377,-5.027545163443105,0.30706513648842226,0.6973548386223891,0.1684810491885352,3.6251928112021463e-05,17.343501280572546,37.41735240233809,nan,5.320448924753548,nan
11.83,220.00323486328125,-220.23187255859375,-5.017882823944092,219.71251010282785,-220.32918890259225,-5.027695860111339,0.3067371070293604,0.6974072444600535,0.1684942110555477,3.6981078384673884e-05,17.301128313029512,37.3315170575097,nan,nan,nan
11.84,220.00323486328125,-220.22315979003906,-5.017882823944092,219.71288324215436,-220.32052644928118,-5.02740488283321,0.30639027371714883,0.6974597386345879,0.16850743684754427,3.620709726839447e-05,17.128905104287824,37.906253139648044,nan,0.1291824977272499,nan
11.85,220.00323486328125,-220.2144317626953,-5.017882823944092,219.7207685445169,-220.30600925852573,-5.0275948764568765,0.2970992812897281,0.6973928188432037,0.16849640951087544,3.6911674500934184e-05,16.002394780864634,37.28173360288996,11.955448053687228,nan,nan
11.86,220.00323486328125,-220.20570373535156,-5.017882823944092,219.7211462397478,-220.2973033750855,-5.02690764965705,0.29672534944882645,0.6974450850979756,0.1685096638522257,3.6141238804064466e-05,15.630310192238804,36.87926177875823,nan,0.46384250291425466,nan
11.870000000000001,220.00323486328125,-220.1969757080078,-5.017882823944092,219.7215242525086,-220.2886003249121,-5.027050509291642,0.29637811170764156,0.6974974394273238,0.16852298221281425,3.6867274291659364e-05,15.586461553758996,36.813230297867506,nan,nan,nan
11.88,220.00323486328125,-220.18826293945312,-5.017882823944092,219.72190190852427,-220.2798939893932,-5.026172327206882,0.2959952645056262,0.697549881975287,0.1685363647029652,3.609934608369503e-05,15.138886037805369,37.13409268429886,nan,0.6924930403278237,nan
11.89,220.00323486328125,-220.17953491210938,-5.017882823944092,219.72227987149353,-220.271191070261,-5.026307071105991,0.29564763939156063,0.6976024128867415,0.16854981150010628,3.682438088801584e-05,15.093254814424213,36.26509761304912,nan,nan,nan
11.9,220.00323486328125,-220.17080688476562,-5.017882823944092,219.7292876691898,-220.26429153322152,-5.0248921018761585,0.28954373525363947,0.6975353643677804,0.16853890504819638,3.603661310042106e-05,14.321766260205115,35.81799768924436,0.48129352442188883,1.537490989015943,nan
11.91,220.00323486328125,-220.16207885742188,-5.017882823944092,219.72967610692913,-220.25558713688105,-5.025013029938347,0.28918684503595904,0.6975876670584555,0.1685523799114628,3.6759803342245175e-05,14.272777977839207,35.74287648399709,nan,nan,nan
11.92,220.00323486328125,-220.1533660888672,-5.017882823944092,219.73006386806262,-220.2468750414172,-5.022654626959663,0.28877168652719687,0.6976400578495491,0.16856591910526955,3.599765737448248e-05,13.452209960742996,35.71207900854304,nan,4.101944750372161,nan
11.93,220.00323486328125,-220.14463806152344,-5.017882823944092,219.73045215857147,-220.23817029660907,-5.022752980401964,0.2884135943620255,0.6976925368857158,0.16857952280241806,3.671997748726296e-05,13.397514608071258,34.85912729972582,nan,nan,nan
11.94,220.00323486328125,-220.1359100341797,-5.017882823944092,219.73084012732525,-220.22945838590738,-5.020528202081199,0.28802288852276,0.6977451043113388,0.16859319112016177,3.596014370340815e-05,12.878393359836048,34.34689895744766,nan,3.609725440158067,nan
11.950000000000001,220.00323486328125,-220.12718200683594,-5.017882823944092,219.73106748884504,-220.21834170306647,-5.020591355628407,0.2870409484171677,0.6976779277676796,0.16858240116880105,3.6658627586720934e-05,12.585428360257762,34.314875569656415,0.7766522747392824,nan,nan
11.96,220.00323486328125,-220.11846923828125,-5.017882823944092,219.7314533974119,-220.20962593311705,-5.0211950774646,0.2866804479326384,0.6977302666724697,0.1685960970465574,3.5901985426222475e-05,12.622016760598795,35.14710678517354,nan,0.18492125429596593,nan
11.97,220.00323486328125,-220.1097412109375,-5.017882823944092,219.73183915532857,-220.2009086729939,-5.021279932406928,0.2863191868856319,0.6977826937040733,0.1686098576209438,3.6621836766268384e-05,12.56468428763115,34.26793123273328,nan,nan,nan
11.98,220.00323486328125,-220.10101318359375,-5.017882823944092,219.73222484678976,-220.1921904030391,-5.021044803988043,0.28595403914317913,0.6978352090069686,0.16862368301321032,3.5867376483134904e-05,12.461748038860962,34.153275765731465,nan,0.06920899694517654,nan
11.99,220.00323486328125,-220.09228515625,-5.017882823944092,219.73261041603797,-220.18347291953654,-5.021128427795678,0.2855929508291369,0.6978878127256634,0.16863757339017393,3.65865295686235e-05,12.40466068300109,34.07696698408222,nan,nan,nan
12.0,220.00323486328125,-220.0835723876953,-5.017882823944092,219.70948992250132,-220.160543977585,-5.020321667973372,0.3036719674980743,0.6978205088565894,0.16862689543564663,3.581224327806081e-05,11.961167116868543,34.103782994940715,8.518519514236566,0.4719687895836593,nan
12.01,220.00323486328125,-220.07484436035156,-5.017882823944092,219.70983125248765,-220.15179267549956,-5.020397689950087,0.30333652365297,0.6978728837552264,0.1686408128396455,3.652985590761786e-05,11.902628774517442,33.18336426195743,nan,nan,nan
12.02,220.00323486328125,-220.0661163330078,-5.017882823944092,219.71017252543461,-220.14303911423713,-5.019585701194448,0.3029943034565467,0.6979253468070468,0.16865479525527077,3.578048458161168e-05,11.745277726395358,33.02084679583545,nan,0.5336527250869795,nan
12.030000000000001,220.00323486328125,-220.05738830566406,-5.017882823944092,219.71051370569728,-220.13428778044266,-5.019655114308303,0.30265879523261585,0.6979778981565599,0.16866884284591133,3.6497510447738256e-05,11.685351180003504,32.94712285882184,nan,nan,nan
12.040000000000001,220.00323486328125,-220.04867553710938,-5.017882823944092,219.71085462492022,-220.12554159441896,-5.02181043757265,0.3023409014658633,0.6980305379482437,0.1686829557379548,3.575011540142455e-05,11.964583498889008,34.04961786504985,nan,2.939135285333614,nan
12.05,220.00323486328125,-220.03994750976562,-5.017882823944092,219.73399078313605,-220.13429708491893,-5.022058073053691,0.2853272677645275,0.6979631074500123,0.1686723852626689,3.644389691634745e-05,12.634105971504185,33.82970832660685,15.70671905357425,nan,nan
12.06,220.00323486328125,-220.03121948242188,-5.017882823944092,219.73437787593932,-220.1255940959789,-5.0209541720885635,0.28495627823587727,0.6980155181233088,0.16868652462603087,3.569932947560162e-05,12.355933183214303,33.54769110233466,nan,0.9769704496748953,nan
12.07,220.00323486328125,-220.02249145507812,-5.017882823944092,219.7347648608593,-220.1168939017166,-5.0210396447858665,0.284601352157022,0.6980680169762994,0.1687007293516241,3.6414434883356804e-05,12.301587854689897,33.47580367440716,nan,nan,nan
12.08,220.00323486328125,-220.01377868652344,-5.017882823944092,219.73515152759114,-220.10819762195294,-5.022907022176111,0.2842689796834153,0.698120604153391,0.16871499956875777,3.5671711250795515e-05,12.670457861719758,34.63688759625718,nan,2.154393102451704,nan
12.09,220.00323486328125,-220.0050506591797,-5.017882823944092,219.73553858775253,-220.09949737380435,-5.023012086244618,0.28391510556342286,0.6981732797992027,0.16872933543644397,3.638637385161993e-05,12.622697477788325,33.76514875626816,nan,nan,nan
12.1,220.00323486328125,-219.99632263183594,-5.017882823944092,219.7287837821648,-220.08369413695812,-5.0233994761006056,0.2880757006141144,0.6981057233648974,0.16871886782880852,3.562374526098592e-05,12.344618246933745,33.639255330503346,3.0082594331327868,0.03494420255295225,nan
12.11,220.00323486328125,-219.98760986328125,-5.017882823944092,219.72915489346397,-220.07497031146985,-5.0235095995776495,0.2877209383530942,0.6981581695949326,0.168733229586536,3.6337121756279566e-05,12.297543968777989,34.36154474526847,nan,nan,nan
12.120000000000001,220.00323486328125,-219.9788818359375,-5.017882823944092,219.72952593684357,-220.06624635499932,-5.023527929324356,0.2873691055373278,0.6982107040310471,0.16874765702246108,3.5598787621796004e-05,12.259232544327975,33.479222568172425,nan,0.0058468591495184795,nan
12.13,220.00323486328125,-219.97015380859375,-5.017882823944092,219.7298969972831,-220.05752267434661,-5.023638618785671,0.287019227344824,0.6982633268179814,0.16876215029312766,3.631181436896007e-05,12.214529695883847,33.39313581517236,nan,nan,nan
12.14,220.00323486328125,-219.96142578125,-5.017882823944092,219.73026839187833,-220.04879648194938,-5.022386034179112,0.2866437034949224,0.6983160380999563,0.16877670953154625,3.557512010229567e-05,11.810648061795895,32.94219698462476,nan,1.2707027618311562,nan
12.15,220.00323486328125,-219.9527130126953,-5.017882823944092,219.72793814871608,-220.0437179842356,-5.0224761623319285,0.28998497315028493,0.6982483564198989,0.1687663401569274,3.626536776676141e-05,12.29364304299619,33.58612563247274,2.6837596069262024,nan,nan
12.16,220.00323486328125,-219.94398498535156,-5.017882823944092,219.7283073524479,-220.03501800248424,-5.02374813033542,0.28966627045682053,0.6983008379895826,0.1687809246816548,3.5531145804069646e-05,12.619010215522234,33.11036851799657,nan,0.9414416923740829,nan
12.17,220.00323486328125,-219.9352569580078,-5.017882823944092,219.72867700109163,-220.02631586468235,-5.023860380315539,0.2893258981755209,0.6983534077922526,0.16879557522218125,3.624270632232507e-05,12.575906778053366,33.05160900410241,nan,nan,nan
12.18,220.00323486328125,-219.92652893066406,-5.017882823944092,219.72904680595957,-220.01761280728513,-5.023506258234494,0.28897575395070413,0.6984060659719779,0.1688102919135855,3.5509996244970635e-05,12.420061190943102,32.876864666235335,nan,0.14977434880494064,nan
12.19,220.00323486328125,-219.91781616210938,-5.017882823944092,219.72941635582114,-220.00891047809762,-5.023615755782903,0.28863058732662883,0.6984588126737339,0.16882507490931137,3.622132452195432e-05,12.375134434436852,33.59047715545198,nan,nan,nan
12.200000000000001,220.00323486328125,-219.90908813476562,-5.017882823944092,219.74192899469583,-220.00194211316617,-5.024102800271608,0.2773829597641246,0.698391006434737,0.16881479905938726,3.54685708651627e-05,12.098671294989279,33.26787486544382,2.1295424687261004,0.09032187139605072,nan
12.21,220.00323486328125,-219.90036010742188,-5.017882823944092,219.74231701698352,-219.9932307136163,-5.024217978629456,0.2770256417670628,0.6984435231286988,0.1688296067133373,3.617882076239156e-05,12.057703545997985,33.20729597437589,nan,nan,nan
12.22,220.00323486328125,-219.89163208007812,-5.017882823944092,219.74270568426013,-219.98451754658285,-5.023136404142953,0.27664194026597805,0.6984961280817664,0.16884448069786528,3.5449827122057984e-05,11.667716424128649,32.78494940858591,nan,0.9871490721856127,nan
12.23,220.00323486328125,-219.88291931152344,-5.017882823944092,219.7430939116232,-219.97580643100667,-5.023241933586647,0.27627893830622435,0.6985488214390849,0.1688594211647011,3.6159920758152215e-05,11.62297382512326,33.51882950862105,nan,nan,nan
12.24,220.00323486328125,-219.8741912841797,-5.017882823944092,219.74348250068422,-219.9670941026476,-5.022539014308122,0.27590560643583156,0.6986016033444613,0.16887442825149565,3.5432245089076694e-05,11.381963517551107,32.44675541880706,nan,0.45122983007712464,nan
12.25,220.00323486328125,-219.86546325683594,-5.017882823944092,219.72261410321124,-219.9521591141298,-5.022651744601852,0.29374636211948035,0.6985336732313545,0.1688642411901629,3.611991687628294e-05,11.784408573132028,31.81228742686255,4.044786509627315,nan,nan
12.26,220.00323486328125,-219.8567352294922,-5.017882823944092,219.72296703503318,-219.94345018102172,-5.0234359662646275,0.2934286553138448,0.69858622483432,0.1688792722850455,3.5394379936807005e-05,11.967830409734484,31.9555695150011,nan,0.3221908635043352,nan
12.27,220.00323486328125,-219.8480224609375,-5.017882823944092,219.7233203943693,-219.9347404708086,-5.02354478621014,0.2930941503322249,0.6986388647237896,0.16889437003707067,3.610337465504208e-05,11.925130326981837,32.68985961285626,nan,nan,nan
12.280000000000001,220.00323486328125,-219.83929443359375,-5.017882823944092,219.72367375760848,-219.9260310923532,-5.023965096548646,0.2927706505402702,0.6986915930433951,0.16890953458529426,3.537903671362554e-05,12.025202630846932,31.98340338162823,nan,0.06663791868890258,nan
12.290000000000001,220.00323486328125,-219.83056640625,-5.017882823944092,219.72402736840968,-219.917321098616,-5.024078692891772,0.29244074721555463,0.6987444099385539,0.16892476607933887,3.608796855863093e-05,11.985930313283403,31.9294601059489,nan,nan,nan
12.3,220.00323486328125,-219.82183837890625,-5.017882823944092,219.7462402256244,-219.9137538613131,-5.023023746196994,0.2729855834509709,0.6986763566319711,0.16891466301296665,3.5343414439289694e-05,11.098604524295885,32.17996770995294,4.863836039392184,0.9629375813602812,nan
12.31,220.00323486328125,-219.81312561035156,-5.017882823944092,219.74662859502672,-219.90503719564333,-5.023127645711525,0.27262066057753886,0.6987289429311571,0.16892991784173703,3.605143346871042e-05,11.055760145338633,32.886580689403935,nan,nan,nan
12.32,220.00323486328125,-219.8043975830078,-5.017882823944092,219.7470181733253,-219.89631782488826,-5.021042936354434,0.27222474059090984,0.6987816175425778,0.16894523963957134,3.5330187246864744e-05,10.519021850238689,31.539806466501535,nan,3.320711292168647,nan
12.33,220.00323486328125,-219.79566955566406,-5.017882823944092,219.74740642430328,-219.88760088873767,-5.0211271139052345,0.2718640940027708,0.6988343806118231,0.16896062855495758,3.603820408832663e-05,10.472321456717593,31.481969110863933,nan,nan,nan
12.34,220.00323486328125,-219.7869415283203,-5.017882823944092,219.74779480217313,-219.8788839186291,-5.021200690298515,0.27150328946765667,0.6988872322822567,0.168976084728656,3.5317978487015006e-05,10.436113477976564,31.44247445344826,nan,9.722791994233379e-05,nan
12.35,220.00323486328125,-219.77822875976562,-5.017882823944092,219.73134341595292,-219.86935474551484,-5.021242545137684,0.2867755082561244,0.6988190564618125,0.1689660608345134,3.600384056860052e-05,11.111738834867774,31.673421594313663,5.459878118282042,nan,nan
12.36,220.00323486328125,-219.76950073242188,-5.017882823944092,219.73170810505857,-219.8606553013615,-5.019645776441875,0.286424586708256,0.6988716772436295,0.16898153964802892,3.52854501666875e-05,10.83074021303276,30.588978261904,nan,1.9676216678404994,nan
12.370000000000001,220.00323486328125,-219.76077270507812,-5.017882823944092,219.7320714688624,-219.85195780511194,-5.0197164592040115,0.28609031993271417,0.6989243863655471,0.16899708574766434,3.5992657740564166e-05,10.780797089685032,30.497026491571994,nan,nan,nan
12.38,220.00323486328125,-219.75204467773438,-5.017882823944092,219.73243524552242,-219.84325952722807,-5.01885022062949,0.2857507963293026,0.6989771839707665,0.16901269927508178,3.5275180823509774e-05,10.658920728393515,30.357024113619502,nan,0.6112045352685246,nan
12.39,220.00323486328125,-219.7433319091797,-5.017882823944092,219.73279810579177,-219.8345621407726,-5.0189133160076205,0.28541208256100525,0.6990300702051313,0.1690283803774154,3.598245829121191e-05,10.605743808183865,31.037399742577556,nan,nan,nan
12.4,220.00323486328125,-219.73460388183594,-5.017882823944092,219.73379371298373,-219.82918563691393,-5.0180591825957315,0.28555957866907766,0.6989617725454699,0.1690184307881459,3.5244578181401136e-05,10.833407582712384,30.195728404498926,1.3805826803063068,0.47179760729985826,nan
12.41,220.00323486328125,-219.7258758544922,-5.017882823944092,219.7341592182724,-219.82050230391022,-5.018114053350159,0.28522959371957207,0.6990144275996549,0.16903413381321805,3.5951071405164044e-05,10.779728679215122,30.13977024184118,nan,nan,nan
12.42,220.00323486328125,-219.71714782714844,-5.017882823944092,219.73452405347086,-219.81181965358738,-5.019052305730628,0.2849028285536798,0.6990671710192591,0.16904990443221632,3.5236123376297344e-05,10.763021770893026,30.09804272164419,nan,0.5426226107611555,nan
12.43,220.00323486328125,-219.70843505859375,-5.017882823944092,219.73488959059165,-219.80313637268182,-5.019117668676903,0.28456818006653095,0.6991200029502743,0.16906574279157352,3.5942733880531726e-05,10.711419863131972,30.807468665160368,nan,nan,nan
12.44,220.00323486328125,-219.69970703125,-5.017882823944092,219.73525467136673,-219.79445392642114,-5.020075484391816,0.28424490349512344,0.6991729235356698,0.1690816490340066,3.5228539749358796e-05,10.751954477577955,30.074949267073006,nan,0.5535716331114089,nan
12.450000000000001,220.00323486328125,-219.69097900390625,-5.017882823944092,219.69055773978963,-219.76854134528972,-5.020183744745654,0.3221617522183813,0.6991045047113574,0.16907176885440037,3.5913189038144404e-05,11.208802896201199,28.93403852078341,16.85857554956335,nan,nan
12.46,220.00323486328125,-219.6822509765625,-5.017882823944092,219.6908475453241,-219.75984044277916,-5.019818167643848,0.32188461790444595,0.6991571938259717,0.16908769628153625,3.520056126226167e-05,11.114613662700739,28.826250532944954,nan,0.13739350817004967,nan
12.47,220.00323486328125,-219.6735382080078,-5.017882823944092,219.6911370349744,-219.75113993304132,-5.0198927441111945,0.32160709249192937,0.6992099713342435,0.16910369161130726,3.590658475228431e-05,11.06634103415191,29.51802028599281,nan,nan,nan
12.48,220.00323486328125,-219.66481018066406,-5.017882823944092,219.69142725903552,-219.74243881813794,-5.019091489173919,0.32132794508593526,0.6992628373790117,0.16911975498696208,3.51946170789594e-05,10.942645291257271,28.632462615635923,nan,0.5365302050815719,nan
12.49,220.00323486328125,-219.6560821533203,-5.017882823944092,219.69171681353376,-219.7337380968752,-5.019159134566159,0.3210538426131697,0.6993157921064732,0.16913588655413467,3.590081163793211e-05,10.894035881718123,28.584128417811062,nan,nan,nan
12.5,220.00323486328125,-219.64735412597656,-5.017882823944092,219.67055043450304,-219.72091841905768,-5.020243452831643,0.3407289346925972,0.6992472527864061,0.16912607085474737,3.5168253711288306e-05,11.597161865864408,28.234590345140795,5.038302224734659,0.7287506468617112,nan
12.51,220.00323486328125,-219.63864135742188,-5.017882823944092,219.6708058639927,-219.71222690616275,-5.020323124661787,0.34048469513190777,0.699299975753581,0.16914222284741495,3.5873761019696384e-05,11.551097860310255,28.91905646366421,nan,nan,nan
12.52,220.00323486328125,-219.62991333007812,-5.017882823944092,219.6710615560341,-219.70353520200672,-5.020004193502439,0.3402407769250913,0.6993527871393549,0.16915844304549418,3.516382827153384e-05,11.46115931079147,28.068170272759495,nan,0.11159899421981911,nan
12.530000000000001,220.00323486328125,-219.62118530273438,-5.017882823944092,219.6713170260437,-219.6948437895052,-5.020081793794853,0.33999979237966993,0.6994056870900346,0.169174731594231,3.586954278522323e-05,11.416298446384234,28.0257341665595,nan,nan,nan
12.540000000000001,220.00323486328125,-219.61245727539062,-5.017882823944092,219.67157271600541,-219.6861522179493,-5.019988884799031,0.3397575017371525,0.6994586757482847,0.16919108863745866,3.5160130841377414e-05,11.356164237308796,27.959487180230507,nan,0.020562475777471275,nan
12.55,220.00323486328125,-219.60374450683594,-5.017882823944092,219.65969371129495,-219.66905571691385,-5.020027906496053,0.34970084164764337,0.6993900166020767,0.16918133246409145,3.5844019083031126e-05,11.109175450302743,28.421746775434332,2.8346652502896257,nan,nan
12.56,220.00323486328125,-219.5950164794922,-5.017882823944092,219.6599278032302,-219.66034216254627,-5.01821996145468,0.34946716012964124,0.6994427732115454,0.16919770915330665,3.5135941145487696e-05,10.93303844693625,27.470222397128705,nan,2.492083786103927,nan
12.57,220.00323486328125,-219.58628845214844,-5.017882823944092,219.66016031335403,-219.65162933748198,-5.018280280536312,0.3492416585627787,0.699495618268093,0.16921415434915646,3.584123397450319e-05,10.883432583619081,27.41947708500752,nan,nan,nan
12.58,220.00323486328125,-219.5775604248047,-5.017882823944092,219.6603924601639,-219.6429167546765,-5.018954017566148,0.3490179231577714,0.6995485519142951,0.16923066819574342,3.513359687051439e-05,10.86112629687759,27.400825540706673,nan,0.26278010245270306,nan
12.59,220.00323486328125,-219.56884765625,-5.017882823944092,219.66062531851284,-219.63420404389532,-5.019022559944649,0.3487894157949926,0.699601574296601,0.16924725083790843,3.583913540648753e-05,10.812976112330619,28.11341945900627,nan,nan,nan
12.6,220.00323486328125,-219.56011962890625,-5.017882823944092,219.65786057033594,-219.61504411083936,-5.018472960886019,0.34971481124582493,0.6995327959876607,0.16923754921062437,3.5110730980814853e-05,9.959755276352524,27.27732276457128,8.174886166574083,0.30168508646596975,nan
12.61,220.00323486328125,-219.5513916015625,-5.017882823944092,219.65808362482673,-219.60629010318263,-5.018537764102913,0.3494905604353796,0.699585586033797,0.1692541506990472,3.5815653006837075e-05,9.912142276669554,27.25389300545469,nan,nan,nan
12.620000000000001,220.00323486328125,-219.54266357421875,-5.017882823944092,219.65830655113888,-219.59753603848068,-5.019005115821589,0.3492675011944584,0.6996384645516398,0.16927082099121685,3.5109627689262545e-05,9.886581405085611,27.208966233768226,nan,0.11320698547710821,nan
12.63,220.00323486328125,-219.53395080566406,-5.017882823944092,219.65852967777275,-219.58878187444446,-5.019075654729414,0.3490408770693405,0.6996914316877063,0.16928756023180316,3.581482229318366e-05,9.839891136897336,27.936801354135525,nan,nan,nan
12.64,220.00323486328125,-219.5252227783203,-5.017882823944092,219.65875396220667,-219.58002736133363,-5.0176194209138245,0.3488132779949354,0.6997444875844625,0.16930436856516728,3.5109118963659364e-05,9.753161314198266,27.049317893121682,nan,1.6377503653027385,nan
12.65,220.00323486328125,-219.51649475097656,-5.017882823944092,219.65815110647625,-219.57282604918294,-5.017701325277916,0.34965132247716585,0.6996755907775086,0.16929471648364164,3.579257673258929e-05,9.898934889392896,26.989560033730697,0.3350448940734817,nan,nan
12.66,220.00323486328125,-219.5077667236328,-5.017882823944092,219.61185004796312,-219.55474584618636,-5.018327488048022,0.3941945069932816,0.6816311026860363,0.1685831140237755,3.508800125137803e-05,15.910583737634953,32.97317057683807,nan,0.22529681262579032,0.11959863505976899
12.67,220.00323486328125,-219.49905395507812,-5.017882823944092,219.61206108978217,-219.54601950080885,-5.018392717443459,0.3939834305534595,0.6816750909761153,0.1686031609151749,3.579289251587311e-05,15.83687495918595,33.701359258144834,nan,nan,nan
12.68,220.00323486328125,-219.49032592773438,-5.017882823944092,219.61227137255983,-219.5372929120913,-5.018392955769989,0.39377482008266973,0.6817191655386279,0.1686232702085933,3.508858319808892e-05,15.763952298752997,32.86902096388381,nan,0.003065527363366806,nan
12.69,220.00323486328125,-219.48159790039062,-5.017882823944092,219.61248237921927,-219.5285665913147,-5.018459631050645,0.3935656164277631,0.6817633268616959,0.16864344206591375,3.5793773121088736e-05,15.693041589148924,32.79740907902387,nan,nan,nan
12.700000000000001,220.00323486328125,-219.47286987304688,-5.017882823944092,219.61082964960758,-219.52420346511258,-5.019327923526318,0.39575128263272685,0.6817093280843564,0.1686345442490829,3.506853587076114e-05,16.390825404531125,32.6222450530205,4.292473326587958,0.5474005529183485,nan
12.71,220.00323486328125,-219.4641571044922,-5.017882823944092,219.61103012026922,-219.51549736133686,-5.019403365419554,0.39555365560235656,0.6817533066728778,0.16865470918224296,3.5773158786211127e-05,16.322125211378797,33.34241337763118,nan,nan,nan
12.72,220.00323486328125,-219.45542907714844,-5.017882823944092,219.61123053383892,-219.5067910496795,-5.019479754507843,0.3953580613962951,0.6817973716115812,0.1686749367412637,3.649208642035836e-05,16.255836972569856,32.529518226529106,nan,nan,nan
12.73,220.00323486328125,-219.4467010498047,-5.017882823944092,219.6114308238941,-219.4980846940662,-5.019557078727206,0.395162608690096,0.6818415230449666,0.16869522707064524,3.722546327340283e-05,16.189969789800696,32.46969067580747,nan,nan,nan
12.74,220.00323486328125,-219.43798828125,-5.017882823944092,219.61163102296493,-219.48937832319191,-5.019641920198697,0.39496531313637606,0.6818857609581681,0.16871558030773107,3.643609640506924e-05,16.126591949926116,33.175608231359696,nan,2.8483540535511497e-05,nan
12.75,220.00323486328125,-219.42926025390625,-5.017882823944092,219.5924357389255,-219.4614692639053,-5.019701953217384,0.41206389083233214,0.6818316666167452,0.16870664387290968,3.714438520415747e-05,14.887955389255694,32.32904522396385,17.70683371940735,nan,nan
12.76,220.00323486328125,-219.4205322265625,-5.017882823944092,219.59260752666202,-219.45270474322604,-5.019061942401567,0.41188744910206154,0.6818757215604391,0.16872698966939145,3.635927285631043e-05,14.76597355718418,32.23472840575735,nan,0.33849316093936094,nan
12.77,220.00323486328125,-219.41180419921875,-5.017882823944092,219.5927866000554,-219.44394153307903,-5.019135587155216,0.4117063934752809,0.681919863055057,0.16874739845460024,3.7089020959753915e-05,14.699173602560684,32.185269861323235,nan,nan,nan
12.780000000000001,220.00323486328125,-219.40309143066406,-5.017882823944092,219.59298493476942,-219.43518213863703,-5.021205765868362,0.41151653590736925,0.6819640909521391,0.16876787036059515,3.6307074852084203e-05,14.88851032263643,33.1887681781581,nan,2.609579527921405,nan
12.790000000000001,220.00323486328125,-219.3943634033203,-5.017882823944092,219.59316403280855,-219.4264187574687,-5.021300939633668,0.41133601258462593,0.6820084056809633,0.16878840554369628,3.7035589422888055e-05,14.82953245960817,32.32473759698735,nan,nan,nan
12.8,220.00323486328125,-219.38563537597656,-5.017882823944092,219.59011220308582,-219.41494200399467,-5.022638464140662,0.41418815401507664,0.6819542154117043,0.168779427400302,3.623423640379389e-05,14.963930482536188,32.551907602599606,0.29299660727293275,1.0105290081007996,nan
12.81,220.00323486328125,-219.3769073486328,-5.017882823944092,219.59028688248515,-219.40617138449971,-5.022748037680623,0.4140121845350708,0.6819983469135852,0.16879995460527994,3.696067932880581e-05,14.910437677260255,32.49874459274564,nan,nan,nan
12.82,220.00323486328125,-219.36819458007812,-5.017882823944092,219.59047026689444,-219.39740260400734,-5.023807930853193,0.41383913249485976,0.6820425647389584,0.1688205451406072,3.6185780290149984e-05,15.168925697013218,33.55508284966995,nan,0.5944954741283764,nan
12.83,220.00323486328125,-219.35946655273438,-5.017882823944092,219.59064475054876,-219.38863234348898,-5.0239289232455,0.41366387295932794,0.6820868692860548,0.16884119916043788,3.6911145040964203e-05,15.119988842518977,32.654084181803725,nan,nan,nan
12.84,220.00323486328125,-219.35073852539062,-5.017882823944092,219.59081760155405,-219.37986181560925,-5.023888206657622,0.41348788183604046,0.6821312604528258,0.16886191680010945,3.613914459576251e-05,15.05875153808018,32.58224404014133,nan,0.01747939430389675,nan
12.85,220.00323486328125,-219.34201049804688,-5.017882823944092,219.60453802152563,-219.37107580408983,-5.023969182233267,0.39980120985122436,0.6820769744396576,0.16885289384826033,3.684029506613759e-05,14.227499860106503,32.903691006021845,7.220790024567413,nan,nan
12.86,220.00323486328125,-219.3332977294922,-5.017882823944092,219.60474179544036,-219.36229006384883,-5.023694968308567,0.3995886154419368,0.6821211821329172,0.16887360295384773,3.607206777095146e-05,14.088324705681458,33.585927589560754,nan,0.1039201907764914,nan
12.870000000000001,220.00323486328125,-219.32456970214844,-5.017882823944092,219.60494895429778,-219.35350504568285,-5.023813595244745,0.399379635745818,0.6821654764390013,0.1688943757481555,3.679457580309029e-05,14.039730136820582,32.68432332630708,nan,nan,nan
12.88,220.00323486328125,-219.3158416748047,-5.017882823944092,219.60516459934806,-219.34472153565312,-5.024938976759025,0.39917887053677337,0.682209857283615,0.16891521236829696,3.6029071708874546e-05,14.397924854856859,33.0388909160821,nan,0.6731029476321284,nan
12.89,220.00323486328125,-219.30711364746094,-5.017882823944092,219.6053718120778,-219.3359364924687,-5.0250697309743355,0.3989704444440936,0.6822543250235,0.16893611296574002,3.675070642153192e-05,14.35399733032507,32.970970161689195,nan,nan,nan
12.9,220.00323486328125,-219.29840087890625,-5.017882823944092,219.60120293141557,-219.3324623761716,-5.024307669219092,0.4035234051110485,0.6821999429290599,0.16892704205526848,3.596575448422174e-05,14.915534804641855,33.187342828164205,7.5123489362999365,0.6830908374219681,nan
12.91,220.00323486328125,-219.2896728515625,-5.017882823944092,219.60139255845414,-219.3237029435893,-5.02443278775953,0.40333384080449075,0.6822442269300248,0.16894793354256776,3.668567883720779e-05,14.870524770899527,32.32222087048257,nan,nan,nan
12.92,220.00323486328125,-219.28094482421875,-5.017882823944092,219.60158986348912,-219.31494490305204,-5.025531987383308,0.40315409078912523,0.6822885973869354,0.168968889058226,3.592629830333424e-05,15.263228746304621,32.69072379582937,nan,0.6338815154296292,nan
12.93,220.00323486328125,-219.272216796875,-5.017882823944092,219.60177950808793,-219.30618578315912,-5.025668697649374,0.4029651524287436,0.6823330546318364,0.16898990875227324,3.664548051929059e-05,15.222701188014266,32.618793957880534,nan,nan,nan
12.94,220.00323486328125,-219.2635040283203,-5.017882823944092,219.6019712481016,-219.29742725682198,-5.026077228895828,0.4027783789772462,0.6823775986273773,0.1690109927640022,3.5888555472846565e-05,15.371904930623135,33.543094069943955,nan,0.04924341469084875,nan
12.950000000000001,220.00323486328125,-219.25477600097656,-5.017882823944092,219.56765460920207,-219.2644490974452,-5.026233214763042,0.4357676623681565,0.6823231205307638,0.16900187073043615,3.6584219901244255e-05,14.594138461400759,32.596481657297446,19.67064674621971,nan,nan
12.96,220.00323486328125,-219.2460479736328,-5.017882823944092,219.5677816137305,-219.2556301928403,-5.024957068271401,0.43561611127466393,0.6823674805297562,0.16902294503772702,3.583059516445439e-05,14.01956950532826,31.987693807611258,nan,1.3549255208999396,nan
12.97,220.00323486328125,-219.23731994628906,-5.017882823944092,219.56791901422864,-219.24681304673905,-5.0250867625428794,0.43547893648704405,0.6824119272103637,0.16904408372127955,3.654756890918399e-05,13.977853356869128,31.93078570554215,nan,nan,nan
12.98,220.00323486328125,-219.22860717773438,-5.017882823944092,219.56804939290416,-219.23799469580513,-5.024275286185929,0.4353336452611644,0.6824564605571242,0.1690652869215373,3.57962286957699e-05,13.633072239641475,32.42350073370779,nan,0.5987327026506515,nan
12.99,220.00323486328125,-219.21987915039062,-5.017882823944092,219.56818652528304,-219.22917729922648,-5.024397672901984,0.4351964558951777,0.682501080869341,0.16908655478678752,3.6512630299430845e-05,13.589532752468612,31.513699039500253,nan,nan,nan
13.0,220.00323486328125,-219.21115112304688,-5.017882823944092,219.56609471075768,-219.2133619685245,-5.023762483601626,0.43718528244183036,0.6824465064611164,0.1690773784278361,3.574170931402073e-05,12.726193716110362,31.48209723388067,4.150257929715911,0.39807346584660513,nan
13.01,220.00323486328125,-219.20242309570312,-5.017882823944092,219.56623545265722,-219.20451942504985,-5.0238795152197975,0.4370455809051635,0.6824909425034525,0.1690986359751393,3.645669990793916e-05,12.681562175884846,31.434009579346174,nan,nan,nan
13.02,220.00323486328125,-219.19371032714844,-5.017882823944092,219.5663660258074,-219.1956752080816,-5.022493525063279,0.4368975857997329,0.6825354651261862,0.1691199582347489,3.5710587693473295e-05,12.225377659269734,31.84823376717615,nan,1.533206172336081,nan
13.030000000000001,220.00323486328125,-219.1849822998047,-5.017882823944092,219.56650678976766,-219.18683252441846,-5.022597612186299,0.43675744155558904,0.6825800746093189,0.1691413453540469,3.642511464060622e-05,12.17716036188245,30.88139338164507,nan,nan,nan
13.040000000000001,220.00323486328125,-219.17625427246094,-5.017882823944092,219.56665513741464,-219.1779908673078,-5.0238875660507905,0.43662447220373773,0.6826247709662822,0.16916279747485125,3.568103016475583e-05,12.514542139069253,31.211894041469098,nan,0.9532743292241683,nan
13.05,220.00323486328125,-219.1675262451172,-5.017882823944092,219.6074545464836,-219.1933580405604,-5.024176953224995,0.3966723545744853,0.6825701002381991,0.16915356357159242,3.637258355099748e-05,12.946389444139683,31.511044039855072,20.92187217059767,nan,nan
13.06,220.00323486328125,-219.1588134765625,-5.017882823944092,219.60765656270013,-219.1845656709409,-5.023438354484707,0.3964545766232737,0.6826146120571407,0.16917500474302857,3.563135203610319e-05,12.659352689742855,32.05593675196513,nan,0.504367702809069,nan
13.07,220.00323486328125,-219.15008544921875,-5.017882823944092,219.60786406705537,-219.17577406795897,-5.023552937396174,0.3962450275115425,0.6826592106321298,0.16919651096561153,3.634420300098412e-05,12.615591815526747,31.139090407721724,nan,nan,nan
13.08,220.00323486328125,-219.141357421875,-5.017882823944092,219.608069888313,-219.16698226550486,-5.023408964188139,0.3960334938849384,0.682703895993543,0.1692180823818593,3.560483866289462e-05,12.526820064165584,31.043017428286987,nan,0.0459588978689322,nan
13.09,220.00323486328125,-219.13262939453125,-5.017882823944092,219.60827739693525,-219.15819068279524,-5.02352313217588,0.3958239416168706,0.682748668396019,0.16923971913809238,3.631736376929124e-05,12.483513397827233,30.981586227526318,nan,nan,nan
13.1,220.00323486328125,-219.12391662597656,-5.017882823944092,219.60306342685703,-219.15109541175693,-5.025579621731364,0.4011671791441737,0.6826939010559395,0.16923042444326894,3.555822871018765e-05,13.69755035661092,32.271034083636415,2.7704219138539496,2.883663839397032,nan
13.11,220.00323486328125,-219.1151885986328,-5.017882823944092,219.603255774361,-219.14231570911193,-5.025713946317959,0.40097441087188046,0.6827384886392148,0.16925204960031218,3.6269585478092305e-05,13.661323607415252,31.381098656681814,nan,nan,nan
13.120000000000001,220.00323486328125,-219.10646057128906,-5.017882823944092,219.60345409403985,-219.13353679956936,-5.026904426141864,0.40079817227545983,0.6827831629203968,0.16927374013979693,3.553461044320535e-05,14.200125143924605,31.887087501412502,nan,0.7622741266226597,nan
13.13,220.00323486328125,-219.0977325439453,-5.017882823944092,219.60364637423612,-219.12475728930406,-5.027051241476325,0.40060623724440414,0.682827924139331,0.1692954962075164,3.6245729256700995e-05,14.168383367120372,31.832443628829644,nan,nan,nan
13.14,220.00323486328125,-219.08901977539062,-5.017882823944092,219.60382940828512,-219.1159768911292,-5.02553917772595,0.4003873416116449,0.6828727723485535,0.16931731794679056,3.551238291324387e-05,13.438128971528013,31.879497475455057,nan,1.8888374499342189,nan
13.15,220.00323486328125,-219.08029174804688,-5.017882823944092,219.60154348331852,-219.1002773831236,-5.025656755223157,0.40226337684819363,0.6828179083160377,0.16930795919660982,3.620094413874172e-05,12.844492340367562,31.151144046679356,3.5411324827599664,nan,nan
13.16,220.00323486328125,-219.07156372070312,-5.017882823944092,219.60173319047516,-219.0914739684824,-5.0249448566441695,0.4020570650275641,0.682862571427942,0.16932976866937502,3.5470039944715956e-05,12.521633521988905,30.790062155296635,nan,0.4906705694005508,nan
13.17,220.00323486328125,-219.06283569335938,-5.017882823944092,219.60192720224185,-219.0826711947716,-5.025070631804411,0.4018618550037092,0.6829073213748112,0.16935164385537457,3.6179910492386415e-05,12.484399254944146,30.711336459281675,nan,nan,nan
13.18,220.00323486328125,-219.0541229248047,-5.017882823944092,219.6021176243924,-219.07386824235545,-5.024506851731368,0.4016575589269008,0.6829521582220299,0.16937358489831397,3.545048867742806e-05,12.233729804197335,31.27744686841922,nan,0.32810004367965184,nan
13.19,220.00323486328125,-219.04539489746094,-5.017882823944092,219.60231177285615,-219.06506558258488,-5.024627869786609,0.40146202302667716,0.6829970821902012,0.169395591943401,3.6160230206986136e-05,12.195569190330637,30.394845611598182,nan,nan,nan
13.200000000000001,220.00323486328125,-219.0366668701172,-5.017882823944092,219.60943110739987,-219.05512692788025,-5.0235206122846146,0.394276497570257,0.6829421211819398,0.16938616585304703,3.541081770496209e-05,11.350137766949954,30.225639311622427,2.4343360190569983,0.9928403922203002,nan
13.21,220.00323486328125,-219.02793884277344,-5.017882823944092,219.60964294486732,-219.04631278905393,-5.023631131837944,0.3940624863981858,0.6829868597638729,0.16940815994666653,3.6119583178524756e-05,11.309405190179994,30.166969948247317,nan,nan,nan
13.22,220.00323486328125,-219.01922607421875,-5.017882823944092,219.60985124401728,-219.03749830964435,-5.022928111951061,0.39384007087108747,0.6830316851552464,0.169430220079266,3.539378721400454e-05,11.054627680506638,30.754960285235835,nan,0.45776919933834836,nan
13.23,220.00323486328125,-219.010498046875,-5.017882823944092,219.61006368179812,-219.02868415802718,-5.023032311116874,0.39362524030582585,0.683076597565576,0.1694523463957845,3.6102493409251446e-05,11.012527632568755,29.835484875145397,nan,nan,nan
13.24,220.00323486328125,-219.00177001953125,-5.017882823944092,219.61028194750875,-219.01987040574866,-5.024438719501669,0.39342419569961457,0.6831215970768663,0.1694745390403375,3.5377964185083286e-05,11.43578471663809,30.23399024250234,nan,1.169674842090546,nan
13.25,220.00323486328125,-218.9930419921875,-5.017882823944092,219.62100595117053,-219.01663829080036,-5.024523763929289,0.3830141363519862,0.6830665389532287,0.16946504231023082,3.606442281837098e-05,11.437402832914827,30.277016711500256,1.2046200512393073,nan,nan
13.26,220.00323486328125,-218.9843292236328,-5.017882823944092,219.62124028097517,-219.0078349450359,-5.025638812286353,0.382795683367825,0.6831113527907077,0.16948722130134725,3.534196794521218e-05,11.858610221346673,31.517483186884874,nan,0.6861298466522502,nan
13.27,220.00323486328125,-218.97560119628906,-5.017882823944092,219.62147015078597,-218.99903133804452,-5.025769233157341,0.3825643249174777,0.6831562535455061,0.16950946665490077,3.604976136232918e-05,11.825498341082593,30.600274416788437,nan,nan,nan
13.280000000000001,220.00323486328125,-218.9668731689453,-5.017882823944092,219.6216940109008,-218.9902275351141,-5.0245131349426035,0.3823124500696848,0.6832012413091397,0.1695317785151825,3.532844336190005e-05,11.288602742533763,30.023826530931867,nan,1.334135370865347,nan
13.290000000000001,220.00323486328125,-218.95814514160156,-5.017882823944092,219.62192364474058,-218.98142429429612,-5.024632122458764,0.3820807733524288,0.683246316276871,0.1695541570268643,3.603626128126008e-05,11.252661593022138,29.951181587321322,nan,nan,nan
13.3,220.00323486328125,-218.94943237304688,-5.017882823944092,219.64719444756852,-218.9796640564889,-5.022323366574032,0.3573491999759875,0.6831911607568503,0.16954458634217387,3.529472293122093e-05,10.00484070309394,30.663425930112375,8.214965484981589,4.049338561053197,nan
13.31,220.00323486328125,-218.94070434570312,-5.017882823944092,219.64747460644273,-218.97086279545516,-5.022420022171054,0.357065090151653,0.6832360497542462,0.1695669504815322,3.600171342071608e-05,9.96305277295903,29.74904708776802,nan,nan,nan
13.32,220.00323486328125,-218.93197631835938,-5.017882823944092,219.64775866449025,-218.96206181641935,-5.023477990143405,0.356790934561418,0.6832810256675063,0.1695893813030015,3.528334327737975e-05,10.22388255976906,29.981525609249484,nan,0.6406460799014733,nan
13.33,220.00323486328125,-218.9232635498047,-5.017882823944092,219.64803923195737,-218.95326088047602,-5.023586155743095,0.35650568628366214,0.683326088683796,0.16961187895115262,3.5990412392358014e-05,10.184713335400271,30.758465141568056,nan,nan,nan
13.34,220.00323486328125,-218.91453552246094,-5.017882823944092,219.64831395366477,-218.94445991849494,-5.02207828244136,0.3562048896814767,0.6833712389067772,0.16963444357043173,3.527298868655868e-05,9.72589855576094,29.416029683381794,nan,1.817332240479819,nan
13.35,220.00323486328125,-218.9058074951172,-5.017882823944092,219.65940932591346,-218.94774809973225,-5.022164483617258,0.3464005587052146,0.6833159858026085,0.16962479560443383,3.5958034505074095e-05,10.301459316914194,29.291354631620347,5.791037586248157,nan,nan
13.36,220.00323486328125,-218.89707946777344,-5.017882823944092,219.65969643091927,-218.93898150070373,-5.020890249818054,0.34609749996757655,0.6833609497587302,0.1696473451160349,3.524236332675125e-05,9.994439556632416,28.960699464824618,nan,1.3042890416565145,nan
13.370000000000001,220.00323486328125,-218.88836669921875,-5.017882823944092,219.65998826743603,-218.93021503047407,-5.0209720770500486,0.34580204145281834,0.6834060007170292,0.1696699616263506,3.594877600186748e-05,9.948343624873575,29.698719435433816,nan,nan,nan
13.38,220.00323486328125,-218.879638671875,-5.017882823944092,219.66028546218013,-218.9214486062864,-5.022671450290609,0.3455217696085012,0.6834511387880114,0.16969264527987082,3.5233938758255335e-05,10.28041372932867,29.205056737976097,nan,1.8203558358705045,nan
13.39,220.00323486328125,-218.87091064453125,-5.017882823944092,219.66057721616767,-218.91268214078167,-5.022771308500177,0.34522893607817806,0.6834963641485801,0.16971539622109952,3.594049245435363e-05,10.241499141335991,29.136048508879234,nan,nan,nan
13.4,220.00323486328125,-218.8621826171875,-5.017882823944092,219.67806834390197,-218.9123778354829,-5.022516144719243,0.3290505932624429,0.6834410131767527,0.1697056676365298,3.5205210245439174e-05,10.140509307909971,29.37908603705511,3.3403937237195227,0.048342852420415104,nan
13.41,220.00323486328125,-218.8534698486328,-5.017882823944092,219.67839022969062,-218.9036262163171,-5.022613491427485,0.328727967180691,0.6834860519664991,0.1697284027185013,3.591104822822708e-05,10.100051342559691,30.090688202975755,nan,nan,nan
13.42,220.00323486328125,-218.84474182128906,-5.017882823944092,219.67871146805211,-218.89487471706076,-5.0225508971502375,0.32840604774723553,0.6835311777741823,0.16975120511247527,3.5198570247530996e-05,10.04373832571494,29.209030370573505,nan,0.01807617993524518,nan
13.43,220.00323486328125,-218.8360137939453,-5.017882823944092,219.67903310379907,-218.88612320230393,-5.0226486482905095,0.32808603557465327,0.683576390770974,0.16977407496295555,3.590459027751892e-05,10.00530075603167,29.1442644488329,nan,nan,nan
13.44,220.00323486328125,-218.82728576660156,-5.017882823944092,219.6793494505616,-218.87737192741446,-5.020924708143577,0.3277493510856044,0.6836216910759843,0.16979701241443326,3.519278167381364e-05,9.583952926621365,28.695503699054928,nan,2.3199491711064093,nan
13.450000000000001,220.00323486328125,-218.81857299804688,-5.017882823944092,219.68826566174016,-218.87124834204496,-5.0211176856797515,0.3193599131312463,0.6835662420099247,0.16978719986566673,3.587693476016695e-05,9.435506662617007,29.745206728562408,1.4424684760062787,nan,nan
13.46,220.00323486328125,-218.80984497070312,-5.017882823944092,219.68860393667143,-218.86249868974434,-5.021202626892115,0.3190235966191856,0.6836113554499942,0.1698101206904397,3.6596577937666243e-05,9.393906497190768,28.883144534901252,nan,nan,nan
13.47,220.00323486328125,-218.80111694335938,-5.017882823944092,219.68894195244457,-218.85374895164716,-5.021288494890901,0.31868755967749923,0.6836565559679227,0.16983310913726432,3.7330673561727745e-05,9.352640147595306,28.806220952269708,nan,nan,nan
13.48,220.00323486328125,-218.79238891601562,-5.017882823944092,219.6892773965319,-218.84499928596324,-5.020434551488518,0.3183451794313069,0.6837018436976176,0.16985616535061343,3.6533614059318026e-05,9.169614425812549,28.604572530590925,nan,0.5724520994959048,nan
13.49,220.00323486328125,-218.78367614746094,-5.017882823944092,219.6896153726506,-218.83624940266904,-5.02051296458029,0.3180063673991061,0.6837472188047576,0.16987928947504136,3.72662057125045e-05,9.125407866605604,29.34733969805123,nan,nan,nan
13.5,220.00323486328125,-218.7749481201172,-5.017882823944092,219.71811994272454,-218.84067165990265,-5.020606100648224,0.2926047126107116,0.6836916713544096,0.16986938960991632,3.645015235354396e-05,9.033994917683891,29.310635492886867,7.894717123260922,0.00014776159418526192,nan
13.51,220.00323486328125,-218.76622009277344,-5.017882823944092,219.71850819785868,-218.83194330679768,-5.020686783280872,0.2922270984222612,0.6837368592745318,0.1698924963246107,3.718040802560873e-05,8.992188138796783,29.251518200830315,nan,nan,nan
13.52,220.00323486328125,-218.7574920654297,-5.017882823944092,219.7188944182512,-218.82321497190256,-5.019929807457864,0.29184444359389206,0.683782134310311,0.16991567096811028,3.6391698169641015e-05,8.846309975155163,29.076429541679516,nan,0.45845414709436105,nan
13.530000000000001,220.00323486328125,-218.748779296875,-5.017882823944092,219.7192825691835,-218.8144864206926,-5.020003907774433,0.2914632574448714,0.683827496623189,0.16993891368502326,3.712063251062687e-05,8.801790626068781,29.793288967572632,nan,nan,nan
13.540000000000001,220.00323486328125,-218.74005126953125,-5.017882823944092,219.71966810964423,-218.8057580504975,-5.018893299134394,0.29108161380151537,0.6838729463416573,0.16996222461972524,3.633542711755969e-05,8.659640463985598,28.863825845026156,nan,0.9198848239104329,nan
13.55,220.00323486328125,-218.7313232421875,-5.017882823944092,219.7234246123838,-218.8029780058556,-5.019136511377542,0.2888420907620666,0.6838173002509084,0.16995223408159532,3.7039703185896565e-05,9.003456601618216,28.870072706581603,3.058433193047109,nan,nan
13.56,220.00323486328125,-218.72259521484375,-5.017882823944092,219.72381448399696,-218.7942673048456,-5.019314717381024,0.28846956020249814,0.6838625624694374,0.16997552680828137,3.625887617435625e-05,8.968750327795107,28.80718877281694,nan,0.007870997411958694,nan
13.57,220.00323486328125,-218.71388244628906,-5.017882823944092,219.72420412128548,-218.78555654944222,-5.019385399970949,0.2880930227829806,0.6839079118647372,0.1699988877674937,3.6984498562285826e-05,8.923388906199154,29.51297224283286,nan,nan,nan
13.58,220.00323486328125,-218.7051544189453,-5.017882823944092,219.72459977353114,-218.77684496156917,-5.022452073529033,0.28774628613333075,0.6839533485687165,0.1700223171035413,3.620695797829342e-05,9.390634908589465,29.205155346307485,nan,5.91042087372528,nan
13.59,220.00323486328125,-218.69642639160156,-5.017882823944092,219.72498965573496,-218.76813410894968,-5.022554463287072,0.2873746969792353,0.6839988727376861,0.1700458149611341,3.6931500503398264e-05,9.356833999620108,29.159807233576654,nan,nan,nan
13.6,220.00323486328125,-218.6876983642578,-5.017882823944092,219.71205267288266,-218.75153925610155,-5.023110818904281,0.2981443600137802,0.6839431277081931,0.17003573039036662,3.613488819809969e-05,9.397109386876652,28.942288497245507,2.0342808077209074,0.12285895169821552,nan
13.61,220.00323486328125,-218.67898559570312,-5.017882823944092,219.71242083948295,-218.7428122051933,-5.023219956910457,0.29778367568601427,0.6839884640589301,0.17005920922676948,3.685751964270093e-05,9.36471328649284,29.656766014011943,nan,nan,nan
13.620000000000001,220.00323486328125,-218.67025756835938,-5.017882823944092,219.71278902330246,-218.73408500690127,-5.023381639231208,0.2974272429374351,0.6840338876208394,0.17008275659583735,3.608718656045516e-05,9.382399173056925,28.872363113793963,nan,0.0017629851605784062,nan
13.63,220.00323486328125,-218.66152954101562,-5.017882823944092,219.71315696130196,-218.7253577820695,-5.023493212509073,0.2970702106112059,0.6840793985475174,0.1701063726423534,3.6808891414368905e-05,9.352528270075053,28.800461644049,nan,nan,nan
13.64,220.00323486328125,-218.65280151367188,-5.017882823944092,219.71352502380643,-218.71663059138345,-5.023696091093532,0.29671490748694995,0.6841249969749563,0.17013005751051488,3.604151766307212e-05,9.388169150067679,28.809189399049387,nan,0.0054213736459438906,nan
13.65,220.00323486328125,-218.6440887451172,-5.017882823944092,219.724893140799,-218.7094528742329,-5.023801995725694,0.28597485981118037,0.6840691527254787,0.1701198755469709,3.6739381671851996e-05,9.060960170819165,29.968199234901952,2.101315877127894,nan,nan
13.66,220.00323486328125,-218.63536071777344,-5.017882823944092,219.72528416478627,-218.7007217372265,-5.023760920327653,0.28559272692924703,0.6841145630141906,0.17014354056613543,3.597580839853008e-05,9.021537090133036,29.131435619263762,nan,0.016370681881986166,nan
13.67,220.00323486328125,-218.6266326904297,-5.017882823944092,219.72567543104992,-218.69199056543297,-5.023876061339391,0.2852136201866925,0.6841600605673651,0.17016727441545088,3.6694961693217924e-05,8.9940131036099,29.066274970500924,nan,nan,nan
13.68,220.00323486328125,-218.61790466308594,-5.017882823944092,219.70390583471507,-218.69707575984128,-5.0247075086572695,0.3096974430395735,0.6829901129032405,0.16971862033280669,3.593412747373341e-05,15.498645146431642,35.54405582446337,nan,0.3443768283945491,0.4040582500346195
13.69,220.00323486328125,-218.60919189453125,-5.017882823944092,219.70427815414305,-218.68838216489652,-5.024832009151962,0.3093452828706431,0.6830337061519266,0.1697399130307913,3.665255344460931e-05,15.445798861111719,36.26020882086679,nan,nan,nan
13.700000000000001,220.00323486328125,-218.6004638671875,-5.017882823944092,219.71575836530846,-218.68491051620038,-5.024152605550524,0.2996886443921351,0.6829771792410733,0.1697303707430765,3.587248538634882e-05,15.137255503635215,35.53380976727331,1.435641292995258,0.3643518853813279,nan
13.71,220.00323486328125,-218.59173583984375,-5.017882823944092,219.7161507921712,-218.6762257618621,-5.024270770507971,0.29932693943094196,0.68302059236557,0.16975165089005115,3.6589350681913824e-05,15.08496179900116,35.4640948209853,nan,nan,nan
13.72,220.00323486328125,-218.5830078125,-5.017882823944092,219.7165413108159,-218.66754251970454,-5.0253043611774695,0.29898894454856834,0.6830640910311728,0.1697729932070382,3.583465047144057e-05,15.435365137451136,35.80622890269572,nan,0.5626438993894392,nan
13.73,220.00323486328125,-218.5742950439453,-5.017882823944092,219.716933506175,-218.6588577186757,-5.025433616574663,0.29862405714843326,0.6831076753946248,0.1697943978463691,3.655091484240729e-05,15.385243300183994,36.49340271341406,nan,nan,nan
13.74,220.00323486328125,-218.56556701660156,-5.017882823944092,219.71732480118374,-218.65017347299963,-5.025912349273136,0.29827384959102854,0.6831513455879884,0.16981586494495585,3.579865712739003e-05,15.555600367046646,35.86992407168159,nan,0.0819611448440592,nan
13.75,220.00323486328125,-218.5568389892578,-5.017882823944092,219.6873832106095,-218.62972157821892,-5.026045680113594,0.3242541757479565,0.6830947644776922,0.169806270981229,3.6491717550381716e-05,15.949862712347699,34.86548000712029,10.507209527884642,nan,nan
13.76,220.00323486328125,-218.54811096191406,-5.017882823944092,219.68771896828557,-218.62102197174727,-5.025219492545995,0.32391375712680004,0.6831382543387176,0.16982772501235527,3.574272206297109e-05,15.559837461943044,34.44817915458586,nan,0.6254731376471722,nan
13.77,220.00323486328125,-218.53939819335938,-5.017882823944092,219.68805264693333,-218.61232389169268,-5.025346140596969,0.32359494445193254,0.6831818298160992,0.16984924158257997,3.6457056976178434e-05,15.510174007884663,35.142570700597446,nan,nan,nan
13.780000000000001,220.00323486328125,-218.53067016601562,-5.017882823944092,219.68838812935584,-218.6036245276229,-5.024615865168943,0.32325862491998314,0.6832254910412271,0.16987082082978383,3.571031109880374e-05,15.182381262054614,34.04271170126164,nan,0.4987716997789621,nan
13.790000000000001,220.00323486328125,-218.52194213867188,-5.017882823944092,219.68872175762263,-218.59492636672834,-5.024735963326992,0.3229429619846671,0.6832692381718778,0.1698924629048685,3.6424206322311865e-05,15.13315126949098,33.980278909133425,nan,nan,nan
13.8,220.00323486328125,-218.51321411132812,-5.017882823944092,219.67030761442962,-218.57324976643457,-5.023083839781018,0.33833693779679586,0.6832126025393528,0.1698828142959984,3.56579801774987e-05,14.134248849912336,33.08681603559239,5.879082625406992,2.378381440597707,nan
13.81,220.00323486328125,-218.50450134277344,-5.017882823944092,219.67061474944046,-218.56452109148827,-5.02318894823485,0.3380335269203943,0.6832561691238599,0.16990444276757072,3.6370597823256894e-05,14.07930474896307,33.806872437580054,nan,nan,nan
13.82,220.00323486328125,-218.4957733154297,-5.017882823944092,219.67092295250993,-218.55579177795317,-5.02277902820289,0.3377238438433323,0.6832998213736079,0.16992613413040672,3.5628969712763814e-05,13.909698150902996,32.829681726511765,nan,0.18127356708900969,nan
13.83,220.00323486328125,-218.48704528808594,-5.017882823944092,219.67123000816798,-218.54706320763114,-5.022881164558849,0.3374231140485459,0.6833435594469,0.16994788853455986,3.634124950511885e-05,13.856280024559052,32.78135889614484,nan,nan,nan
13.84,220.00323486328125,-218.4783172607422,-5.017882823944092,219.67154069866095,-218.53833243058304,-5.021317723560318,0.33709737167406084,0.683387383474311,0.16996970611916354,3.5601587831654094e-05,13.432475692174505,32.348955960336575,nan,1.8947418380908172,nan
13.85,220.00323486328125,-218.4696044921875,-5.017882823944092,219.67285727106594,-218.5338058222492,-5.021203637213787,0.336574199873449,0.6833306929981942,0.16995999987998464,3.62911496380326e-05,13.791601921267521,32.87429674993065,3.6354119080141523,nan,nan
13.86,220.00323486328125,-218.46087646484375,-5.017882823944092,219.67315910102718,-218.52509294248392,-5.021692611491783,0.3362860081972989,0.683374336259531,0.16998180330664212,3.555426143718636e-05,13.828920215256208,32.141357640651194,nan,0.11158938465456089,nan
13.870000000000001,220.00323486328125,-218.4521484375,-5.017882823944092,219.67346191271253,-218.51637936885146,-5.021782425454535,0.33599258676497396,0.6834180652619698,0.17000366998470956,3.6265110054531e-05,13.773220378406027,32.09061832985094,nan,nan,nan
13.88,220.00323486328125,-218.44342041015625,-5.017882823944092,219.67376466727376,-218.50766569681696,-5.0219096837865855,0.335699690967273,0.6834618801357035,0.1700256000540599,3.5530014221395465e-05,13.743758595669075,32.069783500420016,nan,0.0009070755413871738,nan
13.89,220.00323486328125,-218.43470764160156,-5.017882823944092,219.6740673941385,-218.49895194889356,-5.0220020406608725,0.33540352071443547,0.6835057810396332,0.1700475936636547,3.6240652279557595e-05,13.687565282368276,32.774207967169,nan,nan,nan
13.9,220.00323486328125,-218.4259796142578,-5.017882823944092,219.6756960031302,-218.49078419161336,-5.02256664759145,0.33392106306615504,0.6834490353470253,0.17003782677082632,3.5485813068092606e-05,13.78410999572576,32.18372757317652,1.7247006874482005,0.05085450133155632,nan
13.91,220.00323486328125,-218.41725158691406,-5.017882823944092,219.67600106843753,-218.48207124295078,-5.022667711084736,0.3336261971750566,0.6834927552593126,0.17005980564909387,3.619539737530123e-05,13.732777831528628,32.128906115002216,nan,nan,nan
13.92,220.00323486328125,-218.4085235595703,-5.017882823944092,219.6763047232102,-218.47335889758247,-5.023404666386497,0.3333428089609704,0.6835365609597146,0.1700818481260527,3.546451471711703e-05,13.894601800432413,32.292305590596996,nan,0.27709188404889395,nan
13.93,220.00323486328125,-218.39981079101562,-5.017882823944092,219.67660981521368,-218.46464569795603,-5.023513959074626,0.3330453375532697,0.6835804526073745,0.17010395435002354,3.6173969012093054e-05,13.8445822820844,33.00767950470891,nan,nan,nan
13.94,220.00323486328125,-218.39108276367188,-5.017882823944092,219.67691693946378,-218.4559315460922,-5.0227836848008165,0.3327352858100239,0.6836244303320974,0.17012612446182623,3.5444624855082466e-05,13.580779416204003,31.972225488982772,nan,0.4862742257441458,nan
13.950000000000001,220.00323486328125,-218.38235473632812,-5.017882823944092,219.69365021163946,-218.45347646009216,-5.022876320653581,0.31768835536217105,0.6835676290556353,0.1701162938760255,3.613172315442593e-05,13.333021709868175,32.386283578748944,3.0438103781789856,nan,nan
13.96,220.00323486328125,-218.37364196777344,-5.017882823944092,219.6939890241991,-218.44476924197366,-5.022095399947805,0.3173481115767921,0.6836114255573299,0.17013844866517192,3.540471838948087e-05,13.07810620165052,32.88910998903157,nan,0.5396026882001718,nan
13.97,220.00323486328125,-218.3649139404297,-5.017882823944092,219.6943258899174,-218.43606288371177,-5.022191147966563,0.31702600462856523,0.6836553079228733,0.17016066740475375,3.6113131680978714e-05,13.026813009950324,32.067074866738004,nan,nan,nan
13.98,220.00323486328125,-218.35618591308594,-5.017882823944092,219.69466395145702,-218.42735575491432,-5.021743721069685,0.316695532864816,0.68369927628196,0.17018295023614347,3.538751194211235e-05,12.870270339484707,31.91000373925264,nan,0.20445333104977836,nan
13.99,220.00323486328125,-218.3474578857422,-5.017882823944092,219.6950007668596,-218.41864910260506,-5.021835998082764,0.31637331610149055,0.6837433307939226,0.1702052973068455,3.609589311925411e-05,12.818459747350667,31.843483837362072,nan,nan,nan
14.0,220.00323486328125,-218.3387451171875,-5.017882823944092,219.66870116006538,-218.39780201780832,-5.020609757458531,0.33971745946396664,0.6836864735148677,0.17019539995799582,3.535025932400638e-05,12.690460208263929,31.655930119070632,7.114360525009038,1.1709882903293602,nan
14.01,220.00323486328125,-218.33001708984375,-5.017882823944092,219.6689900264067,-218.38907666686333,-5.020690635995245,0.339434129727019,0.6837303465668155,0.17021773109641605,3.605775955581608e-05,12.635853311833944,30.82318400510283,nan,nan,nan
14.02,220.00323486328125,-218.3212890625,-5.017882823944092,219.66928181830542,-218.38035005024625,-5.019460140924893,0.3391390930739899,0.6837743055284118,0.17024012652721324,3.5335555217129006e-05,12.424998068020079,30.603759036179184,nan,1.1927959318817776,nan
14.030000000000001,220.00323486328125,-218.31256103515625,-5.017882823944092,219.66957049059923,-218.37162471288738,-5.019530004030158,0.33885564009862773,0.683818350558977,0.17026258639741873,3.604308567811353e-05,12.367534146203543,30.53102305740688,nan,nan,nan
14.040000000000001,220.00323486328125,-218.30384826660156,-5.017882823944092,219.66986351629745,-218.36289763770094,-5.017617325965203,0.3385607090407852,0.6838624817882002,0.17028511084910433,3.5322043560069856e-05,12.230559361351403,31.179551644081517,nan,2.7271392391382667,nan
14.05,220.00323486328125,-218.2951202392578,-5.017882823944092,219.68201244610844,-218.351401590154,-5.017637079178129,0.32611576494173183,0.6838055680960707,0.17027514365213198,3.6007480049403355e-05,11.271981480209098,30.919444402687915,9.65726123550406,nan,nan
14.06,220.00323486328125,-218.28639221191406,-5.017882823944092,219.682333174721,-218.34265504496182,-5.018443709857588,0.3257970452542215,0.6838495176227729,0.17029765154443485,3.52883996736647e-05,11.217802544978143,30.87379313352689,nan,0.3945821084922831,nan
14.07,220.00323486328125,-218.2776641845703,-5.017882823944092,219.68265571718396,-218.33390780148625,-5.018504979044708,0.325476144184519,0.6838935531340633,0.17032022407290162,3.59951870275173e-05,11.158505939787418,30.81300729345925,nan,nan,nan
14.08,220.00323486328125,-218.26895141601562,-5.017882823944092,219.68297827179745,-218.32516057596058,-5.018567128908097,0.3251526138966461,0.6839376747670876,0.17034286138097818,3.67162985914324e-05,11.09810480155714,31.540232567782578,nan,nan,nan
14.09,220.00323486328125,-218.26022338867188,-5.017882823944092,219.6833007974679,-218.316413446201,-5.0186301680785075,0.3248317834760755,0.6839818826663457,0.17036556361316468,3.745187886561001e-05,11.039731299653031,30.663601252921303,nan,nan,nan
14.1,220.00323486328125,-218.25149536132812,-5.017882823944092,219.68846945566486,-218.31274061607397,-5.0186742228220655,0.3206694082275083,0.6839249121080008,0.1703555234596093,3.8177195927114306e-05,11.274186042566416,30.620871450041896,1.064714695725362,nan,nan
14.11,220.00323486328125,-218.24276733398438,-5.017882823944092,219.6887960879566,-218.3040075481703,-5.018738933021106,0.32034799856398644,0.683968938056702,0.17037820848766994,3.894116845880846e-05,11.216595717357459,30.55336237158818,nan,nan,nan
14.120000000000001,220.00323486328125,-218.2340545654297,-5.017882823944092,219.68912777376164,-218.29527253447736,-5.016521933100122,0.32001992976171223,0.6840130500339555,0.17040095848799514,3.804114093877384e-05,11.185160740055213,31.323211704455176,nan,3.1033654877074492,nan
14.13,220.00323486328125,-218.22532653808594,-5.017882823944092,219.6894546337371,-218.28653915180138,-5.016565839102982,0.3196979058106546,0.6840572482010843,0.1704237736069682,3.880162270652973e-05,11.12169600367143,30.4784451060098,nan,nan,nan
14.14,220.00323486328125,-218.2165985107422,-5.017882823944092,219.68978361440077,-218.27780523719997,-5.015750629228571,0.3193782945704315,0.6841015326859057,0.17044665398729322,3.7909883912967945e-05,11.137716485643697,30.498322972511257,nan,0.4438230144718999,nan
14.15,220.00323486328125,-218.20787048339844,-5.017882823944092,219.70927443219222,-218.28179230800097,-5.015805810984953,0.30311958891079727,0.6840445047961475,0.17043653775277512,3.864172194527115e-05,11.409435686689793,30.842519815675963,4.910226931925323,nan,nan
14.16,220.00323486328125,-218.19915771484375,-5.017882823944092,219.70962987053653,-218.27308732008524,-5.015889546572179,0.30277623990410807,0.6840886070771983,0.1704594002672615,3.775916809296694e-05,11.342743539141946,31.547528735897988,nan,0.0012180567835844423,nan
14.17,220.00323486328125,-218.1904296875,-5.017882823944092,219.7099854601743,-218.26438225545368,-5.015929914517483,0.3024367844438869,0.6841327954626141,0.1704823280904664,3.851227147204373e-05,11.27809535877685,30.730916279928422,nan,nan,nan
14.18,220.00323486328125,-218.18170166015625,-5.017882823944092,219.7103405151282,-218.25567741408958,-5.016182929267387,0.30209667491039843,0.6841770700808333,0.17050532136542945,3.7637457265862266e-05,11.197668977936502,30.62530135779742,nan,0.027286199627426594,nan
14.19,220.00323486328125,-218.1729736328125,-5.017882823944092,219.7106957449781,-218.24697251813285,-5.016227279881316,0.30175770345160136,0.6842214310922703,0.1705283802380376,3.838763053061449e-05,11.134411426892983,30.558899470159055,nan,nan,nan
14.200000000000001,220.00323486328125,-218.1642608642578,-5.017882823944092,219.71897073465306,-218.2379650556893,-5.016710808745467,0.2936660965772898,0.6841643453794574,0.17051818478217526,3.749654398252601e-05,10.641626040121604,31.606728485756573,2.3602198322942227,0.12550031148335933,nan
14.21,220.00323486328125,-218.15553283691406,-5.017882823944092,219.71934530298236,-218.22925171643956,-5.016761148817732,0.29330702991964,0.6842085239283128,0.17054122511020953,3.824300867872132e-05,10.580677414332273,30.73554281996216,nan,nan,nan
14.22,220.00323486328125,-218.1468048095703,-5.017882823944092,219.71972532223913,-218.22053704800157,-5.014257024295636,0.29296288036044726,0.6842527886246502,0.17056433107703622,3.73840033801289e-05,10.84251890242663,30.993021782427093,nan,4.030324795798503,nan
14.23,220.00323486328125,-218.13807678222656,-5.017882823944092,219.7200996964606,-218.211823901771,-5.01428390378884,0.2926040200645544,0.6842971396282316,0.1705875028282681,3.812788389334641e-05,10.773925736567618,30.909806555128792,nan,nan,nan
14.24,220.00323486328125,-218.12936401367188,-5.017882823944092,219.7204716247781,-218.20311131652244,-5.01542800133249,0.29223233886853933,0.6843415770684524,0.17061074050735087,3.727583306564591e-05,10.538045128973529,31.468258269714447,nan,0.7736854574374598,nan
14.25,220.00323486328125,-218.12063598632812,-5.017882823944092,219.72689643668508,-218.18734112168704,-5.015445979636658,0.28428584084874203,0.6842844330465485,0.17060046267815296,3.7992979064082165e-05,9.553388621616605,31.2278901907596,10.20964242694416,nan,nan
14.26,220.00323486328125,-218.11190795898438,-5.017882823944092,219.7272972159788,-218.17859616608678,-5.014705004979278,0.2838996313817838,0.6843286877605395,0.17062368111751305,3.7148714706558046e-05,9.61349486597571,31.28553251324863,nan,0.38170985205823216,nan
14.27,220.00323486328125,-218.10317993164062,-5.017882823944092,219.7276962958545,-218.169851418449,-5.014738527385455,0.2835074529772854,0.6843730286953431,0.1706469655247209,3.788695621024592e-05,9.5474393853546,31.219288185944944,nan,nan,nan
14.280000000000001,220.00323486328125,-218.09446716308594,-5.017882823944092,219.72809622236045,-218.1611063840384,-5.0143188011977555,0.28311615947351315,0.6844174559810295,0.17067031604344424,3.704915074125533e-05,9.573085574554586,32.03774347803985,nan,0.12973497832728428,nan
14.290000000000001,220.00323486328125,-218.0857391357422,-5.017882823944092,219.72849511270843,-218.1523615682295,-5.0143498623446705,0.2827241780835274,0.6844619697763684,0.17069373281896727,3.7785265094655196e-05,9.505992828907793,31.163068003994585,nan,nan,nan
14.3,220.00323486328125,-218.07701110839844,-5.017882823944092,219.73362312580218,-218.1476390939425,-5.014849190435379,0.27872567922737096,0.6844047669120711,0.17068336945063875,3.693077171192635e-05,9.539803618212835,31.087546394788312,0.5666045520539305,0.16037554134714316,nan
14.31,220.00323486328125,-218.0682830810547,-5.017882823944092,219.73402779838605,-218.13890462243052,-5.0148861747156745,0.27833222199807117,0.6844490977120862,0.1707067662749151,3.766397432329088e-05,9.474933931742958,31.00262462333641,nan,nan,nan
14.32,220.00323486328125,-218.0595703125,-5.017882823944092,219.73443765129875,-218.13016906451807,-5.0124364285081375,0.2779672429969402,0.6844935147767798,0.17073022939102436,3.6839416291440824e-05,9.986535308198839,32.30545091375161,nan,3.935672868335668,nan
14.33,220.00323486328125,-218.05084228515625,-5.017882823944092,219.7348422671769,-218.121434442408,-5.012450661847956,0.2775740382206643,0.6845380182642339,0.1707537589440732,3.7570772639109445e-05,9.913197580965111,31.438665091191215,nan,nan,nan
14.34,220.00323486328125,-218.0421142578125,-5.017882823944092,219.73524663601276,-218.11269976801051,-5.01256266839106,0.2771791988218632,0.6845826083055317,0.17077735507799247,3.675196778968973e-05,9.844657031075737,31.38549387175066,nan,0.005985862672670444,nan
14.35,220.00323486328125,-218.03338623046875,-5.017882823944092,219.73846246242888,-218.09101716236907,-5.012674086442074,0.2710219170310584,0.6845253460781554,0.17076690299666492,3.745806198872792e-05,8.543791044434561,32.147329196987734,19.416496430347657,nan,nan
14.36,220.00323486328125,-218.02467346191406,-5.017882823944092,219.73889115174245,-218.0822338492917,-5.013003962896715,0.27058196412601315,0.6845697528504002,0.1707904784519496,3.66458008150268e-05,8.416023403392597,32.834458342587105,nan,0.06173650210211533,nan
14.370000000000001,220.00323486328125,-218.0159454345703,-5.017882823944092,219.73932018205036,-218.07345039831372,-5.013027901541554,0.2701506063214855,0.6846142459580554,0.17081412052100964,3.7372925201221036e-05,8.345697356326111,31.90223305063848,nan,nan,nan
14.38,220.00323486328125,-218.00721740722656,-5.017882823944092,219.73974738040548,-218.06466724675587,-5.01389689312022,0.26970729567197094,0.6846588255328971,0.17083782934791583,3.6565976093959884e-05,8.098362106963242,31.65668061529926,nan,0.4599822117360658,nan
14.39,220.00323486328125,-217.9984893798828,-5.017882823944092,219.7401763334391,-218.0558838712724,-5.013931451552564,0.26927593859896964,0.684703491731984,0.17086160507756754,3.729162155384115e-05,8.031703486038507,31.58660831917695,nan,nan,nan
14.4,220.00323486328125,-217.98977661132812,-5.017882823944092,219.78065961235092,-218.07180340455128,-5.01610444541014,0.23721572410652783,0.6846461695786192,0.1708510611002691,3.64674765930455e-05,8.04055330731654,33.072754470849105,18.680437329182308,3.142395794491219,nan
14.41,220.00323486328125,-217.98104858398438,-5.017882823944092,219.78115078836205,-218.06307128485935,-5.016161820494383,0.2367530815943348,0.6846906522296616,0.1708748154081716,3.719084911220498e-05,7.9827926082645915,32.2095975989629,nan,nan,nan
14.42,220.00323486328125,-217.97232055664062,-5.017882823944092,219.78164187619322,-218.05433906380102,-5.016342998612368,0.23628977655723601,0.6847352212607725,0.1708986366475744,3.639487391592461e-05,7.917893874899887,32.146529426331824,nan,0.00982653599067108,nan
14.43,220.00323486328125,-217.96359252929688,-5.017882823944092,219.78213335205925,-218.0456066867874,-5.016403626614928,0.2358270305081119,0.6847798768283191,0.17092252496326885,3.71169924353797e-05,7.861556128080929,32.07478355256986,nan,nan,nan
14.44,220.00323486328125,-217.9548797607422,-5.017882823944092,219.78262730252206,-218.03687394265128,-5.015270115227718,0.2353668795261958,0.6848246190651001,0.17094648049948608,3.632570324001341e-05,7.939431387689971,32.92720855195472,nan,0.9347374083240297,nan
14.450000000000001,220.00323486328125,-217.94615173339844,-5.017882823944092,219.7918630007338,-218.0277326539613,-5.01520444981799,0.22658482862853246,0.6847672364337231,0.17093584143801918,3.7023678938805676e-05,7.534515351500917,32.62530427831644,3.159932582173902,nan,nan
14.46,220.00323486328125,-217.9374237060547,-5.017882823944092,219.79237332908855,-218.01899136493773,-5.016681186633334,0.22609138309539253,0.6848117948390225,0.1709597747940818,3.6237841461957376e-05,7.331649713137581,32.400362013358276,nan,1.3402784207361336,nan
14.47,220.00323486328125,-217.92869567871094,-5.017882823944092,219.79288660783834,-218.0102496497746,-5.016745431597649,0.22560747422343758,0.6848564396924889,0.17098377539669546,3.695684987948311e-05,7.278130956269981,32.3439376426671,nan,nan,nan
14.48,220.00323486328125,-217.91998291015625,-5.017882823944092,219.79339956776235,-218.00150791197035,-5.017130980793843,0.2251171748987973,0.6849011711276041,0.17100784339017275,3.6175310715766354e-05,7.2091647303880615,33.040294483210964,nan,0.06783697042262879,nan
14.49,220.00323486328125,-217.9112548828125,-5.017882823944092,219.79391313383937,-217.99276603130207,-5.017199841757794,0.22463330164803194,0.684945989299723,0.17103197891918426,3.689335557603822e-05,7.15805762682,32.15192146109911,nan,nan,nan
14.5,220.00323486328125,-217.90252685546875,-5.017882823944092,219.78352586018846,-217.98864645527127,-5.019454885785462,0.23598962453592168,0.6848885456011575,0.1710212415804684,3.6094069815806684e-05,7.9750805162519685,31.296431188575397,9.281437714019392,3.151259686834425,nan
14.51,220.00323486328125,-217.893798828125,-5.017882823944092,219.78400733130243,-217.9799301416421,-5.019547087872793,0.23554635153218995,0.6849331796532956,0.17104535415583721,3.6810345968424165e-05,7.933477368236638,31.225440969405675,nan,nan,nan
14.52,220.00323486328125,-217.8850860595703,-5.017882823944092,219.78449061209335,-217.97121366667923,-5.018644880782712,0.23509060564958553,0.6849779001990255,0.17106953428911587,3.603778654406564e-05,7.825020718869551,31.855447847675403,nan,0.6592855205210745,nan
14.530000000000001,220.00323486328125,-217.87635803222656,-5.017882823944092,219.78497204901808,-217.96249741202755,-5.018729492300934,0.2346473219320508,0.685022707393032,0.1710937821249158,3.675327640099411e-05,7.780574518553729,31.01380451709883,nan,nan,nan
14.540000000000001,220.00323486328125,-217.8676300048828,-5.017882823944092,219.78545690990126,-217.95378082714302,-5.016929611929074,0.23420100291765236,0.6850676013697906,0.17111809780763756,3.598446667731981e-05,7.73874687768642,30.94596592292011,nan,2.3722614450291974,nan
14.55,220.00323486328125,-217.85890197753906,-5.017882823944092,219.7690183995358,-217.94700235087888,-5.016974321490282,0.2502395912895123,0.6850100960239806,0.1711072589964288,3.667664938356334e-05,8.550279746784796,29.930768958605572,10.954165319084021,nan,nan
14.56,220.00323486328125,-217.85018920898438,-5.017882823944092,219.76945418911652,-217.93830773361344,-5.018756666190863,0.24983803072389382,0.6850548055879938,0.17113155093732005,3.591234262998875e-05,8.500078056829093,30.589651953848183,nan,1.9671485358187253,nan
14.57,220.00323486328125,-217.84146118164062,-5.017882823944092,219.76989293337235,-217.9296129050272,-5.018843511062203,0.24943958288405893,0.6850996017110951,0.17115591074445388,3.662560186007429e-05,8.456573408034396,29.797206660250243,nan,nan,nan
14.58,220.00323486328125,-217.83273315429688,-5.017882823944092,219.77033560836443,-217.9209178239736,-5.016803346739718,0.2490376762215667,0.6851444845284125,0.17118033856227163,3.586470836982657e-05,8.416662225281112,29.724202197762263,nan,3.041967005272082,nan
14.59,220.00323486328125,-217.8240203857422,-5.017882823944092,219.7707746037215,-217.9122232206019,-5.016870998369964,0.2486333367488614,0.685189454193662,0.1712048345353241,3.657740653838377e-05,8.363969245120353,30.3768847263174,nan,nan,nan
14.6,220.00323486328125,-217.81529235839844,-5.017882823944092,219.77756466764166,-217.90819482657062,-5.01857881267985,0.24404587722970608,0.6851318865883639,0.17119389105533755,3.579820901946071e-05,8.444767410853,29.762874186487075,0.6242870310451496,1.7766348023830587,nan
14.61,220.00323486328125,-217.8065643310547,-5.017882823944092,219.77801237570503,-217.89951097686813,-5.0186645254329605,0.24364904870572907,0.6851766715432537,0.1712183624839297,3.650952926791797e-05,8.40142899485499,29.680227542159184,nan,nan,nan
14.620000000000001,220.00323486328125,-217.79783630371094,-5.017882823944092,219.7784587544806,-217.89082729272462,-5.019431845801607,0.24325711211395637,0.6852215431033436,0.1712429020837016,3.575588712009259e-05,8.405506452055807,29.661632080787438,nan,0.31306014168757584,nan
14.63,220.00323486328125,-217.78912353515625,-5.017882823944092,219.77890621012486,-217.88214364853835,-5.0195263737856655,0.24285548661016515,0.6852665014217187,0.17126750999917828,3.6466783438648475e-05,8.365196135155594,30.30704148772341,nan,nan,nan
14.64,220.00323486328125,-217.7803955078125,-5.017882823944092,219.779354784564,-217.8734601364389,-5.019004342126684,0.24245530010879954,0.6853115466344445,0.17129218637483956,3.571607981051958e-05,8.280543835705659,29.464524215069126,nan,0.25831104924959086,nan
14.65,220.00323486328125,-217.77166748046875,-5.017882823944092,219.79874434133592,-217.87239663811172,-5.018948986893592,0.22795585859629033,0.685253916164849,0.17128113503079878,3.6404278742245484e-05,8.103542398220116,30.101277577473432,4.575979205552148,nan,nan
14.66,220.00323486328125,-217.762939453125,-5.017882823944092,219.89368354768942,-217.93416745101095,-5.0192902547060525,0.2032793616412676,0.6626838952767286,0.15872785649947704,3.565725491484691e-05,14.101659194560888,36.069957901043466,nan,0.044065064282066455,0.39452482910953385
14.67,220.00323486328125,-217.7542266845703,-5.017882823944092,219.89415169468265,-217.92553269114623,-5.019382158989992,0.2030939033208021,0.6627358272123662,0.15873901453495778,3.636659622236023e-05,14.035918222570977,36.7188024146845,nan,nan,nan
14.68,220.00323486328125,-217.74549865722656,-5.017882823944092,219.89463865708646,-217.91691408696818,-5.021272751837141,0.20294796664298875,0.6627878447169001,0.15875023376022823,3.562223188200427e-05,14.226873668655003,36.19301839165708,nan,2.201580329138593,nan
14.69,220.00323486328125,-217.7367706298828,-5.017882823944092,219.89510669823443,-217.9082791021196,-5.021384214615363,0.2027784896433052,0.6628399482566785,0.15876151456090662,3.6331319907933506e-05,14.172174869460077,36.1160421885115,nan,nan,nan
14.700000000000001,220.00323486328125,-217.72804260253906,-5.017882823944092,219.91643016000882,-217.91095084498278,-5.021275239312185,0.20248948156902954,0.6627746001893112,0.15875029197647253,3.556811345737954e-05,14.258914524920066,36.97201316394964,5.894643339417609,0.05260110564281758,nan
14.71,220.00323486328125,-217.71932983398438,-5.017882823944092,219.91693682125603,-217.90234058858013,-5.0213869655152745,0.2023674068698948,0.6628264874686038,0.1587616098594977,3.627611988084994e-05,14.20316922755328,37.61537775632141,nan,nan,nan
14.72,220.00323486328125,-217.71060180664062,-5.017882823944092,219.91743616650612,-217.89372412941515,-5.020774722352674,0.20224629673507624,0.6628784602485471,0.15877298917176513,3.553752769854051e-05,14.031525375049869,36.700734205391555,nan,0.3597041757580942,nan
14.73,220.00323486328125,-217.70187377929688,-5.017882823944092,219.9179425451245,-217.88511420619312,-5.020881063824357,0.20214060212646628,0.6629305189705594,0.15878443027951553,3.6245384648875545e-05,13.976045737782147,36.60215904517493,nan,nan,nan
14.74,220.00323486328125,-217.69314575195312,-5.017882823944092,219.9184672812747,-217.87652037278582,-5.022861590769784,0.20208063401492984,0.6629826634882898,0.15879593311009554,3.5509037534909075e-05,14.358242729198325,36.97356303632584,nan,2.4059859680752025,nan
14.75,220.00323486328125,-217.68443298339844,-5.017882823944092,219.8607453614281,-217.8415972831819,-5.023036860679153,0.21220376848551536,0.6629171717070518,0.1587848633051542,3.6194629165965284e-05,14.595853604150795,35.518422517846744,32.03506799127027,nan,nan
14.76,220.00323486328125,-217.6757049560547,-5.017882823944092,219.86117063373328,-217.8329655029819,-5.025256882579581,0.21205542124091376,0.6629690995031681,0.15879640284587185,3.546127984244802e-05,15.328027129651476,35.51837373138903,nan,3.006725392474294,nan
14.77,220.00323486328125,-217.66697692871094,-5.017882823944092,219.8615757859233,-217.8243162572069,-5.025407217262839,0.21184799971744853,0.6630211131483064,0.15880800439912482,3.616808894220742e-05,15.292938621205042,35.45787203919118,nan,nan,nan
14.780000000000001,220.00323486328125,-217.6582489013672,-5.017882823944092,219.86197043587438,-217.8156580749005,-5.024458485589561,0.21160464477206017,0.6630732125195627,0.1588196679104283,3.543674163912222e-05,14.880985319063708,35.01829652355299,nan,0.8333726895504211,nan
14.790000000000001,220.00323486328125,-217.6495361328125,-5.017882823944092,219.86237547835273,-217.80700899109596,-5.0246001637233775,0.2113863526155651,0.6631253980230738,0.158831393718923,3.6143526877571116e-05,14.840915227167066,35.66787765109802,nan,nan,nan
14.8,220.00323486328125,-217.64080810546875,-5.017882823944092,219.8828479773921,-217.80005215142037,-5.0221317146610085,0.1996740382159311,0.6630597630745007,0.15882047235419164,3.5392836960689464e-05,13.111700381914396,34.577159265041935,10.470434142816595,4.125342089827525,nan
14.81,220.00323486328125,-217.632080078125,-5.017882823944092,219.88327893567617,-217.7913777125752,-5.0222478633405885,0.19945980667282479,0.6631117313867952,0.1588322344642332,3.609875936568061e-05,13.063323434615652,34.51421138363427,nan,nan,nan
14.82,220.00323486328125,-217.62335205078125,-5.017882823944092,219.8837038970854,-217.78269798338422,-5.021691717104949,0.19923173889702744,0.6631637853545392,0.15884405876354918,3.537193581502349e-05,12.879817915955101,34.33101900781632,nan,0.3133814314262477,nan
14.83,220.00323486328125,-217.61463928222656,-5.017882823944092,219.88413500956233,-217.77402355309368,-5.021803347374546,0.19900625985049145,0.6632159253619285,0.1588559455743301,3.607791094681942e-05,12.828425683350432,34.99367764408315,nan,nan,nan
14.84,220.00323486328125,-217.6059112548828,-5.017882823944092,219.88456721241926,-217.76535028303127,-5.022072981133299,0.19879731506058673,0.6632681513190738,0.15886789486738287,3.5352748259970725e-05,12.833795422505403,34.240170187756235,nan,0.017018077639852754,nan
14.85,220.00323486328125,-217.59718322753906,-5.017882823944092,219.90628376103146,-217.7654474294335,-5.022258505119631,0.19424598953998742,0.6632023742770651,0.15885711791429905,3.603675259167031e-05,12.64925440298403,35.008203015522284,4.157746842439264,nan,nan
14.86,220.00323486328125,-217.5884552001953,-5.017882823944092,219.90676479707858,-217.75679536324046,-5.024011724570558,0.19411967337212985,0.6632543825873864,0.15886910308211794,3.5314010713862585e-05,13.117042941157694,35.43447171777289,nan,1.854429689289084,nan
14.870000000000001,220.00323486328125,-217.57974243164062,-5.017882823944092,219.90723158201146,-217.74813129381903,-5.024146780932262,0.19393472117558774,0.6633064768448775,0.1588811509726633,3.601930724311902e-05,13.076701933567279,36.10908453080894,nan,nan,nan
14.88,220.00323486328125,-217.57101440429688,-5.017882823944092,219.90769854390118,-217.73946738006532,-5.024305420499641,0.19376491713530442,0.6633586569800751,0.15889326157247533,3.529802447643368e-05,13.092000029257768,35.34554937578142,nan,0.00035494860510501373,nan
14.89,220.00323486328125,-217.56228637695312,-5.017882823944092,219.908165227666,-217.7308031121532,-5.024442540026141,0.19359533964843115,0.6634109233464393,0.15890543518025918,3.600346286767467e-05,13.05484394503519,35.28283914397345,nan,nan,nan
14.9,220.00323486328125,-217.55355834960938,-5.017882823944092,219.89954064048356,-217.71761960271377,-5.024503704995363,0.19419686577721762,0.6633450048064373,0.15889479817738936,3.5262386397941884e-05,13.05222216915562,34.90653879518051,0.9104296777931077,0.002409233729619398,nan
14.91,220.00323486328125,-217.5448455810547,-5.017882823944092,219.89999092145473,-217.70894691140137,-5.02464142505971,0.1939954557057168,0.6633970530633768,0.15890700719872938,3.596711819875023e-05,13.014282999476949,35.58127689359412,nan,nan,nan
14.92,220.00323486328125,-217.53611755371094,-5.017882823944092,219.9004417363752,-217.7002745983338,-5.024830170100226,0.19380977234662577,0.6634491871248976,0.15891927915234985,3.524932154834875e-05,13.050689077772052,34.850863958069965,nan,0.0017412056340408255,nan
14.93,220.00323486328125,-217.5273895263672,-5.017882823944092,219.90089216990614,-217.6916019267186,-5.024970488126886,0.19362327933388734,0.6635014073255399,0.15893161432242633,3.59542499878813e-05,13.016059558008202,34.78224206713165,nan,nan,nan
14.94,220.00323486328125,-217.51866149902344,-5.017882823944092,219.90133331270545,-217.6829214826669,-5.023952764109206,0.19339625748682743,0.6635537136243111,0.15894401271719585,3.523762984085304e-05,12.602208065422836,34.336268160488835,nan,0.9359390390310065,nan
14.950000000000001,220.00323486328125,-217.50994873046875,-5.017882823944092,219.92017233635755,-217.67481468809433,-5.023923689432808,0.18470695552307206,0.6634876546030452,0.15893351143955942,3.592077774810417e-05,11.647649800230221,35.51921646223122,9.97847567702554,nan,nan
14.96,220.00323486328125,-217.501220703125,-5.017882823944092,219.92064549784197,-217.66611464416997,-5.023995586495225,0.18452203376022439,0.6635397423422825,0.1589459447679556,3.5206103926308234e-05,11.631574849523616,34.694795490215,nan,0.002254685916936855,nan
14.97,220.00323486328125,-217.49249267578125,-5.017882823944092,219.92111899084628,-217.65741484352392,-5.0241247167223015,0.1843401723557655,0.6635919161287106,0.15895844151827546,3.5910612822856764e-05,11.593960896894327,34.619652186550766,nan,nan,nan
14.98,220.00323486328125,-217.4837646484375,-5.017882823944092,219.92158755436336,-217.6487107807633,-5.023608453372894,0.18413661356485694,0.6636441759387741,0.15897100171210554,3.519695105444496e-05,11.379504455809863,34.373327008235016,nan,0.29161047613925234,nan
14.99,220.00323486328125,-217.4750518798828,-5.017882823944092,219.92206105596898,-217.64001085357756,-5.02373314268633,0.18394258948210143,0.6636965220807751,0.15898362561368046,3.590171678471926e-05,11.339254885797526,35.08456530752924,nan,nan,nan
15.0,220.00323486328125,-217.46632385253906,-5.017882823944092,219.93194129467065,-217.64613392854528,-5.022744027698882,0.19348919261949066,0.6636303232151338,0.15897325548609145,3.5167866298894515e-05,12.085381127820476,34.417668874589864,22.506215757328164,0.5129750721642073,nan
15.01,220.00323486328125,-217.4575958251953,-5.017882823944092,219.93244221227832,-217.637494249444,-5.0228572093437505,0.19339024534159993,0.6636824503419629,0.1589859138088801,3.5872032296058505e-05,12.043112422906754,34.36590767911804,nan,nan,nan
15.02,220.00323486328125,-217.44886779785156,-5.017882823944092,219.93293248572368,-217.6288451516454,-5.021465838447401,0.19325400425815892,0.6637346634168748,0.15899863579005008,3.516100872096673e-05,11.658570543864633,33.97717953026495,nan,1.585627256371387,nan
15.030000000000001,220.00323486328125,-217.44015502929688,-5.017882823944092,219.93343371899388,-217.62020522325264,-5.021566028528641,0.19314201532381844,0.6637869627321832,0.15901142168163532,3.5865469242925884e-05,11.610493363525697,34.622922335009925,nan,nan,nan
15.040000000000001,220.00323486328125,-217.43142700195312,-5.017882823944092,219.93393523404606,-217.61156554473357,-5.021700043734871,0.19304637881640363,0.6638393482883934,0.15902427152345486,3.515522763202593e-05,11.587412720967768,33.873734548263556,nan,0.0007488547756724957,nan
15.05,220.00323486328125,-217.42269897460938,-5.017882823944092,219.9214497045269,-217.59913864902782,-5.021813646082789,0.1945127817498033,0.6637730105454687,0.15901402814477783,3.5838020926738835e-05,11.832519024847018,33.40380941484179,1.5631851132769243,nan,nan
15.06,220.00323486328125,-217.41397094726562,-5.017882823944092,219.9219221906756,-217.59049295002126,-5.020658546047788,0.1943694235633066,0.6638251766418984,0.15902691187622484,3.512934232394476e-05,11.561878383995957,33.11890101373459,nan,1.1109915425266688,nan
15.07,220.00323486328125,-217.40525817871094,-5.017882823944092,219.92240330112838,-217.58185453169662,-5.020751035965958,0.19423758639387778,0.6638774288872601,0.15903985971772563,3.583355616199781e-05,11.51198326289276,33.76804420038491,nan,nan,nan
15.08,220.00323486328125,-217.3965301513672,-5.017882823944092,219.9228857334792,-217.5732171004232,-5.021043097195536,0.19412431056848362,0.663929767296645,0.15905287172019178,3.512552820502204e-05,11.508439191991618,33.04371811320143,nan,0.02764996383329776,nan
15.09,220.00323486328125,-217.38780212402344,-5.017882823944092,219.923366877504,-217.5645783976601,-5.0211395909226475,0.19400864053988748,0.6639821921404193,0.15906594811907676,3.5830074360050704e-05,11.462082322523933,32.993633613526136,nan,nan,nan
15.1,220.00323486328125,-217.3790740966797,-5.017882823944092,219.9142158066832,-217.5501392014359,-5.022051863232103,0.1928860891600317,0.6639157161912904,0.15905582680889183,3.510152119062979e-05,11.511416494401823,32.73016332795963,1.6311590871859112,0.5335345354197552,nan
15.11,220.00323486328125,-217.370361328125,-5.017882823944092,219.9146787561519,-217.5414867169947,-5.0221579177108016,0.1927287193244211,0.6639679211265422,0.15906893653523377,3.5805536411067915e-05,11.46760007609221,33.380442151640395,nan,nan,nan
15.120000000000001,220.00323486328125,-217.36163330078125,-5.017882823944092,219.91514169904775,-217.53283431656027,-5.022264792545869,0.19258607176341958,0.6640202122042174,0.15908211066986136,3.652387624882435e-05,11.425645360345108,32.579975285367034,nan,nan,nan
15.13,220.00323486328125,-217.3529052734375,-5.017882823944092,219.91560449299106,-217.52418194380542,-5.022372551776535,0.19244463428613512,0.6640725895688158,0.1590953493572748,3.72566852040991e-05,11.383992865174328,32.507489635011986,nan,nan,nan
15.14,220.00323486328125,-217.34417724609375,-5.017882823944092,219.91607749198113,-217.51553828970538,-5.024175196618931,0.1923554225736616,0.6641250533073273,0.1591086527006937,3.646433604692821e-05,11.872066649407405,32.97884479563559,nan,1.8633256750967022,nan
15.15,220.00323486328125,-217.33546447753906,-5.017882823944092,219.9197611763559,-217.5113680039963,-5.0241794171895435,0.1948064529616504,0.6640584400766681,0.15909864890154582,3.7172128401299144e-05,12.11453058177973,33.77587678384688,2.16295557833946,nan,nan
15.16,220.00323486328125,-217.3267364501953,-5.017882823944092,219.92023106103838,-217.50273127859705,-5.024082007084171,0.1946849780608052,0.6641106834679499,0.15911198499100157,3.638434927496612e-05,12.047953865338219,32.9824113530443,nan,0.03227325371708039,nan
15.17,220.00323486328125,-217.31800842285156,-5.017882823944092,219.92070230081328,-217.49409560832572,-5.02420576953781,0.19457209562710254,0.6641630131153363,0.1591253858702821,3.7113606998857626e-05,12.012989607087249,32.92183318362591,nan,nan,nan
15.18,220.00323486328125,-217.3092803955078,-5.017882823944092,219.92116071020763,-217.48544922786934,-5.022114103162221,0.19439528755141477,0.6642154290581979,0.15913885160886232,3.632928412252037e-05,11.37288338968953,32.24508082862739,nan,3.21479276204376,nan
15.19,220.00323486328125,-217.30056762695312,-5.017882823944092,219.92163190939422,-217.4768137350379,-5.0222177989569285,0.19426920678913143,0.664267931542926,0.15915238242388288,3.7057349895636486e-05,11.330200577093516,32.88123519009081,nan,nan,nan
15.200000000000001,220.00323486328125,-217.29183959960938,-5.017882823944092,219.91145115323238,-217.45457511359075,-5.023050416857059,0.18690586121797187,0.6642011817258409,0.15914249135649547,3.625391059527266e-05,10.70133771847868,31.79171773672935,13.213080393021425,0.41125843107277044,nan
15.21,220.00323486328125,-217.28311157226562,-5.017882823944092,219.91189561052144,-217.44588941045728,-5.023162449364089,0.18672803256513346,0.6642534634210273,0.15915605430682286,3.6979946637050865e-05,10.663699174652185,31.732272454266063,nan,nan,nan
15.22,220.00323486328125,-217.27439880371094,-5.017882823944092,219.9123326292911,-217.4371974350973,-5.021916156858754,0.18650168444298892,0.6643058313321543,0.159169682315823,3.6203173913233334e-05,10.303260626240366,32.08803438675272,nan,1.2177834410437924,nan
15.23,220.00323486328125,-217.2656707763672,-5.017882823944092,219.91277702060825,-217.4285115465629,-5.022016673850829,0.18632451919712245,0.664358285693665,0.1591833755916979,3.692817527682965e-05,10.262371342114424,31.287180527863697,nan,nan,nan
15.24,220.00323486328125,-217.25694274902344,-5.017882823944092,219.91321508934118,-217.4198201700285,-5.020938383725909,0.1861234816433914,0.6644108265629133,0.15919713421730194,3.615451950577747e-05,10.003803840129954,31.009396358425356,nan,0.919874327135352,nan
15.25,220.00323486328125,-217.2482147216797,-5.017882823944092,219.91489479793688,-217.40420671277792,-5.020898844191252,0.17929463129154152,0.66434394105483,0.1591873511918519,3.685537019229802e-05,9.265185277653615,30.922977807566767,7.43426519737438,nan,nan
15.26,220.00323486328125,-217.239501953125,-5.017882823944092,219.91533216309745,-217.39548346625318,-5.020482087848865,0.1790638805292896,0.6643962607012441,0.1592011413227385,3.608568344157181e-05,9.150981713706901,31.56129836384784,nan,0.16986725554319945,nan
15.27,220.00323486328125,-217.23077392578125,-5.017882823944092,219.91577221632193,-217.3867626131712,-5.020567242524342,0.17885578355166615,0.6644486667066234,0.15921499690792507,3.6807915247289844e-05,9.106593753963791,30.696338273818245,nan,nan,nan
15.280000000000001,220.00323486328125,-217.2220458984375,-5.017882823944092,219.91620898262312,-217.3780391896466,-5.019989500302471,0.17863887844434614,0.6645011591388797,0.1592289180381318,3.604113017184586e-05,8.981314566578794,30.541581500987846,nan,0.2930799379858293,nan
15.290000000000001,220.00323486328125,-217.21331787109375,-5.017882823944092,219.9166490746062,-217.36931850806474,-5.020069901607884,0.1784322864409404,0.6645537382165715,0.1592429049097882,3.67625327483789e-05,8.93592007857004,30.47877668638576,nan,nan,nan
15.3,220.00323486328125,-217.20460510253906,-5.017882823944092,219.9224965093548,-217.35491869047772,-5.0211518938972235,0.1706562138690026,0.6644867177316949,0.15923322505807516,3.597647281333524e-05,8.348454290869658,31.658432481529616,8.248695140893561,0.4699128822070665,nan
15.31,220.00323486328125,-217.1958770751953,-5.017882823944092,219.92293887571796,-217.34616341241582,-5.021245264943961,0.17042515889209983,0.6645390751510853,0.15924724277759983,3.669620767009666e-05,8.308182208156376,30.76787480744142,nan,nan,nan
15.32,220.00323486328125,-217.18714904785156,-5.017882823944092,219.92337738263944,-217.33740488458997,-5.020485027540263,0.1701787447126461,0.6645915189154903,0.15926132623361272,3.593584921971881e-05,8.137487082765627,30.5671909736436,nan,0.48850713729157613,nan
15.33,220.00323486328125,-217.1784210205078,-5.017882823944092,219.92382007842454,-217.32864971455407,-5.020571657357134,0.16994881109853655,0.6646440492341836,0.15927547561565922,3.665488519132185e-05,8.095547492865917,30.499543989573567,nan,nan,nan
15.34,220.00323486328125,-217.16970825195312,-5.017882823944092,219.92426323057038,-217.31989485642066,-5.020729221013942,0.16970750399080317,0.6646966661890538,0.15928969102477075,3.5897110938420985e-05,8.072273731875,31.251419611247474,nan,0.0032838365122138478,nan
15.35,220.00323486328125,-217.16098022460938,-5.017882823944092,219.9178601183597,-217.30802852980713,-5.020794195081292,0.1700603634414885,0.6646295115905039,0.1592801095365486,3.659267755510779e-05,8.064047898967779,30.18034385735685,0.46962599543060385,nan,nan
15.36,220.00323486328125,-217.15225219726562,-5.017882823944092,219.91828481684624,-217.29926343387444,-5.019411878988221,0.16979738539769296,0.6646819064592824,0.15929435511656634,3.583831678613746e-05,7.847715148522783,29.935053627476556,nan,1.4586931815939839,nan
15.370000000000001,220.00323486328125,-217.14352416992188,-5.017882823944092,219.9187160089146,-217.2905038192722,-5.019488394071936,0.1695553948479132,0.6647343877911671,0.15930866680413955,3.65552272594319e-05,7.803349743345096,29.852327699321677,nan,nan,nan
15.38,220.00323486328125,-217.1348114013672,-5.017882823944092,219.9191551430229,-217.2817508788705,-5.021451286579927,0.16933205051983755,0.6647869556761773,0.1593230447062952,3.580325243831594e-05,8.037886912546792,30.866578654482023,nan,2.3964296012582196,nan
15.39,220.00323486328125,-217.12608337402344,-5.017882823944092,219.91958644616253,-217.27299139276855,-5.021548453536381,0.1690930527797904,0.6648396103113529,0.15933748900359976,3.65196314608576e-05,8.001085838162993,29.993080079709078,nan,nan,nan
15.4,220.00323486328125,-217.1173553466797,-5.017882823944092,219.92409948390204,-217.26907739672274,-5.021913304079294,0.17116726763279527,0.6647723223309531,0.1593280009340609,3.574816484183945e-05,8.291216144839954,30.147800365318748,1.4792389162564885,0.06121208970016954,nan
15.41,220.00323486328125,-217.10862731933594,-5.017882823944092,219.92454046319307,-217.26033449167022,-5.022015084630482,0.1709530646735623,0.6648247544512577,0.15934247469966395,3.6463171004758496e-05,8.256332533288454,30.089696847278443,nan,nan,nan
15.42,220.00323486328125,-217.09991455078125,-5.017882823944092,219.92497900502067,-217.25158949463872,-5.0215076701731665,0.17071147429640188,0.6648772730407194,0.15935701486363663,3.571659061123697e-05,8.106178639374722,30.69591900789731,nan,0.2523424724504685,nan
15.43,220.00323486328125,-217.0911865234375,-5.017882823944092,219.92541978776248,-217.2428464825729,-5.021605422698411,0.17049864200171552,0.6649298782892973,0.15937162160135654,3.643117143363427e-05,8.070465717515209,29.814590822539934,nan,nan,nan
15.44,220.00323486328125,-217.08245849609375,-5.017882823944092,219.92586308852896,-217.2341054670609,-5.022374411528803,0.17030375712492862,0.6649825702976717,0.15938629502762827,3.568668668855634e-05,8.2074537842665,29.944790248958117,nan,0.3049389190757012,nan
15.450000000000001,220.00323486328125,-217.07373046875,-5.017882823944092,219.8961263362963,-217.2108559774845,-5.022473928750344,0.17405952987964154,0.6649151497723435,0.15937689546433859,3.6378324599097685e-05,8.204625887601878,28.977118938587004,9.209334470262322,nan,nan
15.46,220.00323486328125,-217.0650177001953,-5.017882823944092,219.89651786244158,-217.2020908800003,-5.023597216882934,0.17381090062686735,0.6649676188436302,0.15939159763669689,3.5636750591299125e-05,8.492785893391277,30.016579426043457,nan,0.7027877375186914,nan
15.47,220.00323486328125,-217.05628967285156,-5.017882823944092,219.89690567110927,-217.1933228079344,-5.0237153020753595,0.17354536876486112,0.6650201744828607,0.15940636655829613,3.634972647068943e-05,8.4650941153441,29.14782556200815,nan,nan,nan
15.48,220.00323486328125,-217.0475616455078,-5.017882823944092,219.89729872125898,-217.18455896266326,-5.025352492336601,0.17333934071712498,0.665072816796853,0.15942120234840593,3.5610069557665806e-05,9.049132015286807,29.69706639754609,nan,1.5710385844392183,nan
15.49,220.00323486328125,-217.03883361816406,-5.017882823944092,219.89768625961963,-217.17579044459902,-5.0254875402762424,0.17307660660107632,0.6651255459663306,0.15943610517571286,3.6322753671691505e-05,9.027709149916078,29.641671021208342,nan,nan,nan
15.5,220.00323486328125,-217.03012084960938,-5.017882823944092,219.8902147323209,-217.16419140763585,-5.023739384811196,0.175450174799039,0.6650579936400016,0.15942678910643762,3.5563357036404597e-05,8.44907240794118,29.468899286537713,1.386331266897678,2.072392063131066,nan
15.51,220.00323486328125,-217.02139282226562,-5.017882823944092,219.89058954598127,-217.1554207077562,-5.023856277889237,0.17518026073369172,0.6651104994501548,0.15944171993355585,3.627490378922371e-05,8.421952876758565,28.620550983925845,nan,nan,nan
15.52,220.00323486328125,-217.01266479492188,-5.017882823944092,219.89096286439096,-217.1466486905961,-5.023467702650072,0.1748939018520162,0.665163091849194,0.15945671780550022,3.553971264448509e-05,8.269858485828884,28.423364497720552,nan,0.17554556499437962,nan
15.530000000000001,220.00323486328125,-217.00393676757812,-5.017882823944092,219.89133782467036,-217.13787808808723,-5.0235816123714745,0.17462445641762572,0.6652157710125565,0.15947178288714414,3.6251052434830894e-05,8.242286446120378,28.36072304263812,nan,nan,nan
15.540000000000001,220.00323486328125,-216.99522399902344,-5.017882823944092,219.89171913998098,-217.1291126535054,-5.025706362182511,0.174422292419111,0.6652685370550202,0.1594869153034772,3.551751830200944e-05,9.022997761482097,29.897866938566626,nan,2.76800827560373,nan
15.55,220.00323486328125,-216.9864959716797,-5.017882823944092,219.86606950779606,-217.10594732084115,-5.025839038562703,0.1820611460826598,0.6652008537434289,0.1594776777306857,3.620631368522151e-05,8.88833240426681,28.44696425583376,8.515092291005336,nan,nan
15.56,220.00323486328125,-216.97776794433594,-5.017882823944092,219.86639600905957,-217.09714584780332,-5.025498542195082,0.18175245534915827,0.6652533960099821,0.15949283738106756,3.5475244001860636e-05,8.729947649089816,28.22008788075965,nan,0.15648363350023403,nan
15.57,220.00323486328125,-216.9690399169922,-5.017882823944092,219.866723786251,-217.08834563744745,-5.025631543565729,0.18146396816196222,0.6653060249494971,0.15950806441051488,3.6185391055710065e-05,8.709649687421125,28.15360817491304,nan,nan,nan
15.58,220.00323486328125,-216.9603271484375,-5.017882823944092,219.86704844543792,-217.07954296203977,-5.024770336125322,0.18112589114175842,0.6653587406812789,0.15952335894725095,3.545582083858591e-05,8.342697604324165,28.564818251953753,nan,0.681329440383223,nan
15.59,220.00323486328125,-216.95159912109375,-5.017882823944092,219.86737583209106,-217.07074239628008,-5.024895699959763,0.1808368790044639,0.6654115433739521,0.15953872115129994,3.6165865022277254e-05,8.320425603328223,27.693218513588274,nan,nan,nan
15.6,220.00323486328125,-216.94287109375,-5.017882823944092,219.89998420118712,-217.0782032444783,-5.024514158557607,0.17035100481762955,0.6653437298286335,0.15952955700498883,3.541629708857972e-05,8.216849832274864,28.31951820828746,11.323851788020164,0.21894885727398367,nan
15.610000000000001,220.00323486328125,-216.93414306640625,-5.017882823944092,219.90036840658016,-217.06943249904307,-5.024636950162456,0.17008926103198105,0.6653963083295691,0.15954494565469982,3.612538804558219e-05,8.194242147874068,28.257316333811062,nan,nan,nan
15.620000000000001,220.00323486328125,-216.92543029785156,-5.017882823944092,219.90075369969938,-217.0606625018733,-5.025159496038355,0.16983252883485267,0.6654489735351619,0.15956040198073754,3.539946406144435e-05,8.382621677085002,29.20566545875516,nan,0.10968608401538704,nan
15.63,220.00323486328125,-216.9167022705078,-5.017882823944092,219.90113801678862,-217.05189176709496,-5.02528827160027,0.16957242318907123,0.6655017256101889,0.159575926140409,3.610851862212111e-05,8.362374008484778,28.334380896451147,nan,nan,nan
15.64,220.00323486328125,-216.90797424316406,-5.017882823944092,219.9015150964728,-217.04311543810775,-5.022589635857603,0.16921054225066268,0.6655545646797504,0.1595915182660169,3.538386546393979e-05,7.426723551480373,27.359304915880106,nan,5.524649708756232,nan
15.65,220.00323486328125,-216.8992462158203,-5.017882823944092,219.94304200347113,-217.0453069641906,-5.022682146573813,0.15805048587179035,0.6654866216993132,0.15958242247957016,3.607067019092182e-05,6.767792193667993,28.65356516511491,14.988047475050024,nan,nan
15.66,220.00323486328125,-216.89053344726562,-5.017882823944092,219.93162877313938,-217.0609518418178,-5.022891854218832,0.18491877063034637,0.665314248372546,0.15864470355579138,3.534808340362343e-05,12.481151766767297,35.12317077107848,nan,0.008168147848226873,0.6255255068931261
15.67,220.00323486328125,-216.88180541992188,-5.017882823944092,219.93205604345243,-217.05222298460166,-5.02299736581075,0.1847558639992683,0.6653660900578677,0.1586567612709703,3.6056264195914984e-05,12.428338096440353,34.266109186080556,nan,nan,nan
15.68,220.00323486328125,-216.87307739257812,-5.017882823944092,219.93248330317164,-217.04349392129504,-5.023070218671099,0.18459275603858497,0.6654180170165332,0.15866888020380687,3.533482157290323e-05,12.396215431467912,34.218328829384006,nan,0.000788615350923864,nan
15.69,220.00323486328125,-216.86434936523438,-5.017882823944092,219.9329105941698,-217.03476490086115,-5.023177615362172,0.18443153858594533,0.6654700293962065,0.1586810605547686,3.604304495281935e-05,12.344626632769089,34.16614088377025,nan,nan,nan
15.700000000000001,220.00323486328125,-216.8556365966797,-5.017882823944092,219.92759794812187,-217.02181896619396,-5.022988940953421,0.18265704285112808,0.6654048084808671,0.1586699150151887,3.53013519160033e-05,12.096311655781781,34.68679542209176,1.1893983347440504,0.03578837199819186,nan
15.71,220.00323486328125,-216.84690856933594,-5.017882823944092,219.92801364301377,-217.01307732109885,-5.02309460083929,0.18247588514479876,0.6654566040536957,0.15868212782656746,3.6008762690836056e-05,12.044863663498658,33.79069079790183,nan,nan,nan
15.72,220.00323486328125,-216.8381805419922,-5.017882823944092,219.92842800806872,-217.00432966909943,-5.021723766720656,0.18225353457944518,0.6655084848265785,0.15869440208956084,3.529025630524821e-05,11.641704222034852,33.37156059390859,nan,1.5157530733163536,nan
15.73,220.00323486328125,-216.82945251464844,-5.017882823944092,219.9288437203601,-216.99558818350508,-5.0218169109412,0.18207300637946852,0.6655604509462482,0.1587067379981058,3.599776071014214e-05,11.58706793294298,33.304698559542835,nan,nan,nan
15.74,220.00323486328125,-216.82073974609375,-5.017882823944092,219.92926016072408,-216.9868498414492,-5.022718500915484,0.181901633222998,0.6656125025551792,0.158719135648779,3.528019147266904e-05,11.752024643028719,34.284838428726495,nan,0.452766318835948,nan
15.75,220.00323486328125,-216.81201171875,-5.017882823944092,219.90969595870524,-216.97256445469708,-5.022867232111212,0.1858804777650095,0.6655471455742504,0.15870812604343076,3.5965657741917117e-05,12.193419140294925,32.82408969479399,4.306696534619999,nan,nan
15.76,220.00323486328125,-216.80328369140625,-5.017882823944092,219.91007918172238,-216.96381926054815,-5.020838299367329,0.18562969805876514,0.6655989799505375,0.15872055577373054,3.5249830964476604e-05,11.684795677904985,32.3157520571306,nan,3.17037198561259,nan
15.77,220.00323486328125,-216.7945556640625,-5.017882823944092,219.9104639528278,-216.9550821244235,-5.020923576352815,0.18543039793305036,0.6656508995989255,0.15873304737377417,3.595670280893127e-05,11.62878710989392,32.26045546762052,nan,nan,nan
15.780000000000001,220.00323486328125,-216.7858428955078,-5.017882823944092,219.9108486211088,-216.94634421424956,-5.020877373370753,0.18521570772171103,0.6657029046625671,0.158745600945956,3.524169760151093e-05,11.559337241971399,32.99527313743133,nan,0.012229745394691785,nan
15.790000000000001,220.00323486328125,-216.77711486816406,-5.017882823944092,219.91123341633372,-216.9376066761947,-5.020963394640155,0.18501723325461697,0.6657549952871512,0.1587582166755086,3.5948721109087856e-05,11.504100730573656,32.12986951751971,nan,nan,nan
15.8,220.00323486328125,-216.7683868408203,-5.017882823944092,219.92359164937142,-216.93292878515274,-5.020305597748749,0.18281948145504487,0.6656895028921689,0.15874733891959833,3.5213228862368886e-05,11.174238654704952,32.33533518136033,1.2712632437484923,0.37802478012693375,nan
15.81,220.00323486328125,-216.75967407226562,-5.017882823944092,219.92399562742284,-216.92419258971032,-5.020386295172742,0.1826238386679471,0.6657413758603005,0.1587599863185288,3.5919544269120956e-05,11.11630861213471,33.06139080195835,nan,nan,nan
15.82,220.00323486328125,-216.75094604492188,-5.017882823944092,219.9243992416416,-216.91545438410242,-5.019913946259184,0.18243402741021272,0.6657933341690266,0.15877269591582396,3.5206871409708296e-05,10.995249933086335,32.13248408804815,nan,0.21419738737088814,nan
15.83,220.00323486328125,-216.74221801757812,-5.017882823944092,219.92480300692085,-216.90671801282707,-5.019990901275392,0.18225325379557886,0.6658453779635688,0.15878546789156367,3.591337681504165e-05,10.93836906611543,32.046891759461396,nan,nan,nan
15.84,220.00323486328125,-216.73348999023438,-5.017882823944092,219.92520630108208,-216.89797786457703,-5.018929800757644,0.1820599172939558,0.6658975073878031,0.1587983023558557,3.520135814710111e-05,10.782645377801362,31.87262950151558,nan,0.9050698045094152,nan
15.85,220.00323486328125,-216.7247772216797,-5.017882823944092,219.9119371005987,-216.87688802570656,-5.019004471232582,0.17740979754563452,0.6658318802321118,0.1587875523689689,3.58859723464966e-05,10.145303451833884,32.35216444091196,9.581028908044528,nan,nan
15.860000000000001,220.00323486328125,-216.71604919433594,-5.017882823944092,219.91231169507174,-216.86810725960848,-5.017852847496708,0.17716850349390953,0.6658837915786139,0.15880041806880824,3.517541617944751e-05,10.047916401164807,31.386449526842302,nan,1.0399978712222595,nan
15.870000000000001,220.00323486328125,-216.7073211669922,-5.017882823944092,219.9126868519889,-216.85933073853144,-5.01790985578415,0.1769346006841742,0.6659357883353002,0.15881334636489922,3.58814656992862e-05,9.985898993470746,31.32049153007578,nan,nan,nan
15.88,220.00323486328125,-216.69859313964844,-5.017882823944092,219.9130619875579,-216.85055398781415,-5.01790207103402,0.17670101092498228,0.6659878706463466,0.15882633737188828,3.517146767982871e-05,9.924199347740162,31.245240965727543,nan,0.0030220583628007168,nan
15.89,220.00323486328125,-216.68988037109375,-5.017882823944092,219.9134370890006,-216.84177732186356,-5.017960394660124,0.17645489490557917,0.6660400386565121,0.15883939126306176,3.587774816791032e-05,9.861440576096083,32.01671741968661,nan,nan,nan
15.9,220.00323486328125,-216.68115234375,-5.017882823944092,219.918191713081,-216.82819848922344,-5.017705210116602,0.16986741253474633,0.6659742773910533,0.15882876481865785,3.514704946842172e-05,9.136535508795216,31.458310248125684,6.709588334223942,0.09942178526945016,nan
15.91,220.00323486328125,-216.67242431640625,-5.017882823944092,219.91856851991125,-216.8193904269458,-5.01776319953686,0.16960967441973873,0.6660262269043755,0.15884184948341887,3.585269706841331e-05,9.075631066922902,31.37408362810231,nan,nan,nan
15.92,220.00323486328125,-216.6636962890625,-5.017882823944092,219.9189454508164,-216.81058445671448,-5.018533398412961,0.16935543125912383,0.6660782618960981,0.1588549970776883,3.5144527149921046e-05,9.027206254754123,31.326443658198436,nan,0.3540954979273918,nan
15.93,220.00323486328125,-216.6549835205078,-5.017882823944092,219.91932231028468,-216.8017763223851,-5.018600651908851,0.16908565436007775,0.6661303825108159,0.158868207770781,3.585043383026776e-05,8.968338220401812,32.11294001045269,nan,nan,nan
15.94,220.00323486328125,-216.64625549316406,-5.017882823944092,219.91969886474516,-216.7929612319634,-5.016192959675175,0.16883036601669074,0.6661825888929607,0.1588814816832917,3.514268263409541e-05,8.975833961942856,31.230599127949482,nan,4.293020222705933,nan
15.950000000000001,220.00323486328125,-216.6375274658203,-5.017882823944092,219.92725994369022,-216.79006185685714,-5.016329558511196,0.17041520322243425,0.6661166941684838,0.1588709745418278,3.582679563393926e-05,9.152286122731025,31.31708625355767,2.305935042742067,nan,nan
15.96,220.00323486328125,-216.62879943847656,-5.017882823944092,219.92765115505583,-216.78127056003456,-5.015824124869604,0.1701898296025289,0.666168681637063,0.15888427874248146,3.5120275886647934e-05,9.146758046850579,31.301230202382335,nan,0.21417628456519947,nan
15.97,220.00323486328125,-216.62008666992188,-5.017882823944092,219.92804217307986,-216.77248068485633,-5.0158668160820925,0.16994687621508622,0.6662207546519774,0.15889764625330235,3.582585168703779e-05,9.079539046377063,32.05286490538398,nan,nan,nan
15.98,220.00323486328125,-216.61135864257812,-5.017882823944092,219.92843300646402,-216.76368688337104,-5.014427119019923,0.16973848303461347,0.6662729133577194,0.15891107719833875,3.511967254904723e-05,9.247926226305188,31.377330772646882,nan,1.5430767604808784,nan
15.99,220.00323486328125,-216.60263061523438,-5.017882823944092,219.92882387487967,-216.75489704583663,-5.0144570944956435,0.1695104619352596,0.6663251578987901,0.15892457174173394,3.582553482666391e-05,9.17759403491234,31.29268391888531,nan,nan,nan
16.0,220.00323486328125,-216.59390258789062,-5.017882823944092,219.96635612895867,-216.76132295723028,-5.016100443625788,0.17144327923444647,0.6662591303648985,0.15891417954576717,3.5098468174541014e-05,8.644319650746834,32.173536977858085,12.027536048112509,1.97155329783682,nan
16.01,220.00323486328125,-216.58518981933594,-5.017882823944092,219.96680934090642,-216.75255065778327,-5.016147860257303,0.17128770833036766,0.6663111555779611,0.1589277038649872,3.580374957493014e-05,8.579480423078184,32.92227266083821,nan,nan,nan
16.02,220.00323486328125,-216.5764617919922,-5.017882823944092,219.9672624814642,-216.74377877108867,-5.016353719720437,0.1711470768295278,0.6663632664046417,0.15894129182953431,3.509898543796805e-05,8.505365805560729,32.00082222540665,nan,0.017392295597824747,nan
16.03,220.00323486328125,-216.56773376464844,-5.017882823944092,219.96771556438483,-216.73500664373884,-5.0164048869389966,0.17100883302062847,0.6664154629894602,0.15895494360057172,3.580457340765358e-05,8.443436790930004,31.91608934006135,nan,nan,nan
16.04,220.00323486328125,-216.5590057373047,-5.017882823944092,219.9681688305285,-216.7262312085612,-5.0150066629843675,0.17088667938678562,0.6664677454768818,0.1589686593066137,3.510003582000825e-05,8.562117615942862,32.03240624417445,nan,1.4771112939560904,nan
16.05,220.00323486328125,-216.55029296875,-5.017882823944092,219.94318967281328,-216.71235241798348,-5.0150876360435435,0.1728482081469002,0.6664015857823765,0.15895837767393436,3.578389096846673e-05,9.166213302909073,31.88253644760252,8.247971144410716,nan,nan
16.06,220.00323486328125,-216.54156494140625,-5.017882823944092,219.9436037619042,-216.703596307473,-5.016091164896391,0.1726651148409482,0.6664536485296518,0.1589721226202159,3.5080397785978456e-05,8.983521654448195,30.889563885882527,nan,0.6512926603726339,nan
16.07,220.00323486328125,-216.5328369140625,-5.017882823944092,219.94401812435288,-216.69483813013576,-5.0161427819963045,0.17249360545975975,0.6665057969573157,0.15898593157780125,3.578573939386586e-05,8.921072939686756,30.830309031202027,nan,nan,nan
16.080000000000002,220.00323486328125,-216.52410888671875,-5.017882823944092,219.94443225148225,-216.68608379482527,-5.017968184666719,0.17231838351421,0.6665580312097572,0.1589998046777577,3.508241069770519e-05,8.781423226084195,30.67749845816632,nan,2.2084958784869912,nan
16.09,220.00323486328125,-216.51539611816406,-5.017882823944092,219.9448468233415,-216.67732555376048,-5.018039506601493,0.17213462716733363,0.6666103514316133,0.15901374207742353,3.578807575896522e-05,8.725539186124436,31.43564854191668,nan,nan,nan
16.1,220.00323486328125,-216.5066680908203,-5.017882823944092,219.95660037649918,-216.6695846917036,-5.017676928158101,0.16945983770163056,0.6665440602243112,0.1590035665309095,3.506370090258812e-05,8.286349197554523,30.974120898690686,2.784721977296882,0.08517477057832519,nan
16.11,220.00323486328125,-216.49794006347656,-5.017882823944092,219.95703146633429,-216.66081432997314,-5.017745147597933,0.1693009141470053,0.6665961602962268,0.15901753260954055,3.576881919972069e-05,8.23157037836239,30.898714799290474,nan,nan,nan
16.12,220.00323486328125,-216.4892120361328,-5.017882823944092,219.95746222819258,-216.65204574819418,-5.018709021513472,0.16914678391583257,0.6666483461144961,0.15903156303427318,3.506657376079302e-05,8.19671924982102,30.842564070857435,nan,0.5628843335821234,nan
16.13,220.00323486328125,-216.48049926757812,-5.017882823944092,219.95789314968354,-216.64327545090103,-5.018788382433268,0.16897566950696086,0.6667006178238718,0.15904565796027884,3.577202948704573e-05,8.145360296175994,31.584346921243522,nan,nan,nan
16.14,220.00323486328125,-216.47177124023438,-5.017882823944092,219.95832345994714,-216.63450829690967,-5.020572950136416,0.16884199875537131,0.666752975568565,0.15905981752187423,3.506985693166492e-05,8.27562621572795,30.873985555659907,nan,2.042343831061038,nan
16.15,220.00323486328125,-216.46304321289062,-5.017882823944092,219.9756669981151,-216.62388964008917,-5.020763557992471,0.1632172140462382,0.6666865534956936,0.1590497435525329,3.5753614377061454e-05,7.415788792730443,31.637768624687926,11.255145188869873,nan,nan
16.16,220.00323486328125,-216.45431518554688,-5.017882823944092,219.97612020125004,-216.61508370980624,-5.019864366539034,0.16305106500926977,0.6667386906829128,0.1590639312088811,3.505233787157331e-05,7.243950951242559,31.42260671030991,nan,0.7044218042969046,nan
16.17,220.00323486328125,-216.4456024169922,-5.017882823944092,219.97657307945084,-216.60627965531455,-5.019956607160553,0.16288746486071295,0.6667909136823553,0.159078183564731,3.575760091034527e-05,7.199532754310327,32.18877968207409,nan,nan,nan
16.18,220.00323486328125,-216.43687438964844,-5.017882823944092,219.97702606208546,-216.59747622917035,-5.0203310748375,0.162744726643849,0.6668432226380919,0.15909250075622208,3.505634925258015e-05,7.19914586897483,31.30665466162056,nan,0.055648979607818824,nan
16.19,220.00323486328125,-216.4281463623047,-5.017882823944092,219.9774791900914,-216.588672342396,-5.02042817361744,0.16259896614276723,0.6668956176950929,0.15910688293579334,3.576195870448653e-05,7.158550135862828,31.224687013818752,nan,nan,nan
16.2,220.00323486328125,-216.41941833496094,-5.017882823944092,219.9909044897484,-216.5798867895142,-5.018834780700783,0.16094430477603214,0.666829065402445,0.15909690595834583,3.503952996939293e-05,6.475685594687432,31.58237632349873,4.369278407535172,1.884725721687386,nan
16.21,220.00323486328125,-216.41070556640625,-5.017882823944092,219.99137545624058,-216.5710640092094,-5.0189160763879235,0.16079969939095914,0.6668812394968117,0.15911131562388603,3.574461337593319e-05,6.428977067682357,32.355753090930186,nan,nan,nan
16.22,220.00323486328125,-216.4019775390625,-5.017882823944092,219.99184658001764,-216.56224039802328,-5.018435913365522,0.16066792730934967,0.6669334994678581,0.1591257903215323,3.5044184166209564e-05,6.358635324641622,31.383733520770658,nan,0.22290837858880427,nan
16.23,220.00323486328125,-216.39324951171875,-5.017882823944092,219.99231736491356,-216.55341762540306,-5.018513774848155,0.16054100569898305,0.6669858454607078,0.15914033020220789,3.574962344762586e-05,6.312160913553557,31.29371912586677,nan,nan,nan
16.240000000000002,220.00323486328125,-216.384521484375,-5.017882823944092,219.9927872261433,-216.5445973246407,-5.020336399575403,0.16043518252526937,0.6670382776191942,0.159154935404327,3.504914690030546e-05,6.424224240828431,31.36070892055587,nan,2.1412957431923756,nan
16.25,220.00323486328125,-216.3758087158203,-5.017882823944092,220.03029041764938,-216.55035305836444,-5.020474557591732,0.176647806721815,0.666971595752605,0.15914505079829128,3.5732904329922866e-05,6.162436449243367,33.582918868629505,11.686858786425864,nan,nan
16.26,220.00323486328125,-216.36708068847656,-5.017882823944092,220.03082305957784,-216.54154551241223,-5.020529939766577,0.17665245706748456,0.6670238065455414,0.15915968285508691,3.503320872470625e-05,6.126973734847249,32.63495383535754,nan,0.0013300738883751115,nan
16.27,220.00323486328125,-216.3583526611328,-5.017882823944092,220.03135558448545,-216.532738173266,-5.020629373020469,0.17665963131069748,0.6670761032802341,0.15917438028651537,3.5738486252758926e-05,6.090867925749633,32.52988443498295,nan,nan,nan
16.28,220.00323486328125,-216.34962463378906,-5.017882823944092,220.03188856772695,-216.52392951312544,-5.019686048626668,0.17665355178480258,0.6671284861003604,0.15918914323223668,3.503870725064352e-05,5.925749908850759,32.30609795634155,nan,0.7672896969216069,nan
16.29,220.00323486328125,-216.34091186523438,-5.017882823944092,220.03242104515303,-216.5151220570851,-5.019776536975334,0.17664826720340757,0.6671809551512867,0.1592039718413054,3.574434390997241e-05,5.885635824087477,33.06678786978676,nan,nan,nan
16.3,220.00323486328125,-216.33218383789062,-5.017882823944092,220.02441481563227,-216.505509535619,-5.019984722604959,0.174627620531817,0.6671141443544301,0.15919417492498253,3.502328287647584e-05,6.118262129665604,31.790568237202223,1.2685955274499372,0.014754727337258758,nan
16.31,220.00323486328125,-216.32345581054688,-5.017882823944092,220.0249351826232,-216.49671042002822,-5.020078060811014,0.17462211380858683,0.6671663916392713,0.15920902973392073,3.572840454035665e-05,6.080640155468413,31.723878395075545,nan,nan,nan
16.32,220.00323486328125,-216.31472778320312,-5.017882823944092,220.02545610234358,-216.48791090840223,-5.019689183199815,0.17461225974413735,0.6672187249287564,0.1592239502464628,3.502924761927155e-05,5.9928575154631325,31.583391844983748,nan,0.16461124843785552,nan
16.330000000000002,220.00323486328125,-216.30601501464844,-5.017882823944092,220.0259767864777,-216.47911205663726,-5.019779683641197,0.17459489996178418,0.6672711443684045,0.15923893661065497,3.573473467507545e-05,5.953555583990852,32.33100716382807,nan,nan,nan
16.34,220.00323486328125,-216.2972869873047,-5.017882823944092,220.0264974487449,-216.4703132089754,-5.0198975377848205,0.17459461715630017,0.6673236501016556,0.15925398896767196,3.503543857360904e-05,5.923291146620624,31.42722117958535,nan,0.0004875209688072711,nan
16.35,220.00323486328125,-216.28855895996094,-5.017882823944092,220.03986298193564,-216.46827972389346,-5.020021717204769,0.18342777033216684,0.6672567110190227,0.15924427502379124,3.571924843347239e-05,5.946553951665448,31.866653675358908,1.909726192359628,nan,nan
16.36,220.00323486328125,-216.2798309326172,-5.017882823944092,220.04040582180482,-216.4594942450235,-5.020467766365498,0.183486424319877,0.667308994587899,0.15925935290387983,3.50206460975564e-05,5.964365717148498,31.8586393285805,nan,0.0871672838130159,nan
16.37,220.00323486328125,-216.2711181640625,-5.017882823944092,220.04094883238946,-216.45070834092854,-5.0205667594760355,0.1835270514191607,0.6673613642257086,0.15927449682057146,3.572598622436421e-05,5.929500292145555,32.579812623276204,nan,nan,nan
16.38,220.00323486328125,-216.26239013671875,-5.017882823944092,220.0414919122023,-216.44192226228114,-5.020460756806398,0.18358113094471293,0.667413820075749,0.15928970691584368,3.5027218638817644e-05,5.873288642273688,31.650906797726943,nan,0.029889757094214223,nan
16.39,220.00323486328125,-216.253662109375,-5.017882823944092,220.0420348820157,-216.4331364062181,-5.02055966109701,0.1836399470111607,0.667466362283762,0.15930498333653753,3.573292344365802e-05,5.840071933794533,31.5680259672213,nan,nan,nan
16.4,220.00323486328125,-216.24493408203125,-5.017882823944092,220.0504619080891,-216.4274166974823,-5.021587702059225,0.1885312303704235,0.6673992955569032,0.1592953475988431,3.501279222338169e-05,5.951168946522214,32.01202698593413,0.914439718701503,0.737918890175772,nan
16.41,220.00323486328125,-216.23622131347656,-5.017882823944092,220.05101796447934,-216.41863398547542,-5.021697130373923,0.1886058233443812,0.6674516152046256,0.1593106488432994,3.571798641304993e-05,5.922041863774327,32.74960696649726,nan,nan,nan
16.42,220.00323486328125,-216.2274932861328,-5.017882823944092,220.05157441857438,-216.40985082683477,-5.0212529398908305,0.1886858313130525,0.6675040209826231,0.15932601644860062,3.5019690869246744e-05,5.795963781122564,31.747970279896432,nan,0.21696740381405666,nan
16.43,220.00323486328125,-216.21876525878906,-5.017882823944092,220.05213043315194,-216.40106802941455,-5.021358766013715,0.188778068387138,0.6675565130367659,0.1593414505609629,3.5725253842221326e-05,5.767050795272058,31.659486032138297,nan,nan,nan
16.44,220.00323486328125,-216.21005249023438,-5.017882823944092,220.052686764113,-216.3922845549967,-5.020730740619332,0.18884418591210064,0.6676090915101502,0.15935695132330366,3.502675079749266e-05,5.616869308585874,32.25819275076979,nan,0.3805310331502119,nan
16.45,220.00323486328125,-216.20132446289062,-5.017882823944092,220.08237682770277,-216.39302847526994,-5.020902806799749,0.2074198620944391,0.6675418977821742,0.1593473889918515,3.5710634202130836e-05,5.316777012649441,32.766111212821286,7.417557326297667,nan,nan
16.46,220.00323486328125,-216.19259643554688,-5.017882823944092,220.08297980271115,-216.38424956548647,-5.021418987881628,0.20761185427550902,0.6675942533016088,0.15936291385724796,3.501276067610189e-05,5.377167078133078,32.76403639134639,nan,0.12058504484259354,nan
16.47,220.00323486328125,-216.18386840820312,-5.017882823944092,220.08358301966183,-216.37547017365358,-5.021526824295655,0.20779880051639465,0.6676466950147657,0.15937850540799756,3.5718180708800116e-05,5.3507133984906465,32.69279688036396,nan,nan,nan
16.48,220.00323486328125,-216.17515563964844,-5.017882823944092,220.0841860345041,-216.36669076251272,-5.021877419390004,0.20797776853732472,0.6676992230646291,0.15939416378749155,3.502008174961422e-05,5.392810398950224,33.49333552983706,nan,0.0412025236823747,nan
16.490000000000002,220.00323486328125,-216.1664276123047,-5.017882823944092,220.08478932826665,-216.3579112771468,-5.021989746429225,0.2081681807402841,0.6677518375972457,0.15940988914123408,3.572586726166444e-05,5.368774863909629,32.59109304904456,nan,nan,nan
16.5,220.00323486328125,-216.15769958496094,-5.017882823944092,220.05764621355908,-216.33222338310046,-5.021085653598752,0.18283711131468036,0.6676845175076251,0.15940039537711292,3.50063433387824e-05,4.930862250889938,31.300820085360822,11.355733448654524,0.6956276008766387,nan
16.51,220.00323486328125,-216.1489715576172,-5.017882823944092,220.05819977955602,-216.32340563261428,-5.021189237438204,0.18291889161969713,0.6677369086949916,0.15941614409165028,3.5711618290873535e-05,4.904344840093741,31.21114827138669,nan,nan,nan
16.52,220.00323486328125,-216.1402587890625,-5.017882823944092,220.0587529216462,-216.31458812593962,-5.021647454791709,0.18299493147639426,0.6677893861359476,0.15943195981025185,3.5013882261603176e-05,4.962724361455533,32.039343598190115,nan,0.08817485275032357,nan
16.53,220.00323486328125,-216.13153076171875,-5.017882823944092,220.05930631524933,-216.3057705507252,-5.021756722578414,0.1830806349384192,0.667841949976633,0.15944784267807616,3.5719525450467664e-05,4.939075239885074,31.113478208150543,nan,nan,nan
16.54,220.00323486328125,-216.122802734375,-5.017882823944092,220.05986030934955,-216.29695290855383,-5.021279841679355,0.18315639229479647,0.667894600359884,0.15946379283903522,3.5021532633426516e-05,4.809711495093659,30.914890854959417,nan,0.2431073416392285,nan
16.55,220.00323486328125,-216.11407470703125,-5.017882823944092,220.05571505412004,-216.28652338708812,-5.021338674666923,0.1802904894553585,0.6678271545502553,0.15945436277316996,3.57054902755736e-05,4.825877808161914,30.671319736085458,0.2818740226562685,nan,nan
16.56,220.00323486328125,-216.10536193847656,-5.017882823944092,220.05626077582647,-216.2777053681895,-5.022032064849759,0.18036413547754074,0.6678795811992287,0.15947033553192158,3.5008081107857546e-05,4.9439302869281585,31.557734472805144,nan,0.2441174230375623,nan
16.57,220.00323486328125,-216.0966339111328,-5.017882823944092,220.05680702839197,-216.26888716161162,-5.02214420691761,0.18044200885606126,0.6679320941643112,0.1594863756115314,3.5713578577079565e-05,4.922590582045068,30.648386668569916,nan,nan,nan
16.580000000000002,220.00323486328125,-216.08790588378906,-5.017882823944092,220.05735397388793,-216.26006860327982,-5.021262206496059,0.18050013945075885,0.6679846935882644,0.15950248315615081,3.501590115412603e-05,4.702502547111726,30.346692673144023,nan,0.6985662117036667,nan
16.59,220.00323486328125,-216.0791778564453,-5.017882823944092,220.0579000505271,-216.2512503598524,-5.021366432017751,0.18058063199197213,0.6680373796173473,0.15951865831057824,3.5721762015179986e-05,4.678597063486537,30.280330407874388,nan,nan,nan
16.6,220.00323486328125,-216.07046508789062,-5.017882823944092,220.02700338269418,-216.22915195022895,-5.022188295788784,0.16051479645712283,0.6679698087251726,0.15950928704325795,3.500261533710966e-05,4.947428150640736,30.15053694801547,9.45561028495401,0.23750230589935928,nan
16.61,220.00323486328125,-216.06173706054688,-5.017882823944092,220.02749658258534,-216.2203161845625,-5.022303287918759,0.16048523327367797,0.668022270633291,0.15952548401184,3.570796314182496e-05,4.927775676393178,29.23040740003424,nan,nan,nan
16.62,220.00323486328125,-216.05300903320312,-5.017882823944092,220.02798997613894,-216.2114804475195,-5.022233106431046,0.16045226619075,0.6680748189160038,0.15954174861390422,3.501057200598217e-05,4.884071568762276,29.12429994295087,nan,0.02446934269482107,nan
16.63,220.00323486328125,-216.04428100585938,-5.017882823944092,220.02848310792925,-216.2026448196187,-5.0223482119374285,0.16042602985843066,0.6681274537196252,0.15955808099409763,3.5716285214073186e-05,4.865050426504918,29.023844888135272,nan,nan,nan
16.64,220.00323486328125,-216.0355682373047,-5.017882823944092,220.02897710332024,-216.1938089349624,-5.0211294607227215,0.16035374011164882,0.6681801751868273,0.15957448129680057,3.5018603020244384e-05,4.570395325294948,29.4932769976185,nan,1.256538263677978,nan
16.65,220.00323486328125,-216.02684020996094,-5.017882823944092,220.0435970482129,-216.18808717513255,-5.021217009116134,0.16625524515116177,0.6681124798521549,0.15956516390280276,3.570262345148611e-05,4.344747241854036,29.212184130732542,1.9951652148620058,nan,nan
16.66,220.00323486328125,-216.0181121826172,-5.017882823944092,219.90924921733867,-216.15290347779177,-5.020436666143377,0.16434268163828827,0.6511197540326583,0.15893120545063388,3.500548357273724e-05,9.315599263866044,34.11542263528371,nan,0.5566986560271454,1.067052514411407
16.67,220.00323486328125,-216.00938415527344,-5.017882823944092,219.90973051575523,-216.14412300618307,-5.0205334628015885,0.16402636018965597,0.6511638581899665,0.15895062181293443,3.5711044372578336e-05,9.26230042628071,34.041054281373086,nan,nan,nan
16.68,220.00323486328125,-216.00067138671875,-5.017882823944092,219.91019143393885,-216.13533819042257,-5.018711377605321,0.16368541249838947,0.6512080466586924,0.1589700996534885,3.501361739581294e-05,9.020289425092683,34.58659812275467,nan,2.600566827550907,nan
16.69,220.00323486328125,-215.991943359375,-5.017882823944092,219.9106726334253,-216.12655809676184,-5.0187908993311385,0.16336988253207407,0.6512523199027596,0.15898963913202488,3.571953799199136e-05,8.96081484468634,33.643785882756134,nan,nan,nan
16.7,220.00323486328125,-215.98321533203125,-5.017882823944092,219.88035380368495,-216.1049288451568,-5.0188917987071715,0.17295939441077576,0.6511992398800955,0.15898114633370564,3.500061131712816e-05,9.149256921499735,32.43711202862506,10.15464794585353,0.001993703766992879,nan
16.71,220.00323486328125,-215.9744873046875,-5.017882823944092,219.8807778802233,-216.0961320987792,-5.018973240098702,0.17261042157604883,0.6512433354984963,0.15900068317276064,3.570601511059627e-05,9.091110898841226,32.338330715838836,nan,nan,nan
16.72,220.00323486328125,-215.9657745361328,-5.017882823944092,219.8811967796231,-216.08733422702056,-5.018539220696538,0.17225122109399724,0.6512875153808926,0.15902028171866506,3.50088228129446e-05,9.006591688782988,33.087090114725655,nan,0.18810241986067247,nan
16.73,220.00323486328125,-215.95704650878906,-5.017882823944092,219.88162095781902,-216.07853712871233,-5.018617152930353,0.17190244899411528,0.6513317799605293,0.15903994212864914,3.571458809747191e-05,8.947689441661387,32.1839447003552,nan,nan,nan
16.740000000000002,220.00323486328125,-215.9483184814453,-5.017882823944092,219.88202671620306,-216.06973593759204,-5.0168166510527,0.17156558600111577,0.6513761291003468,0.15905966453505738,3.501708197636841e-05,8.90367459706937,32.139194641422634,nan,2.4915900812779417,nan
16.75,220.00323486328125,-215.93959045410156,-5.017882823944092,219.89655088989682,-216.0665064536589,-5.016813234224487,0.16580194553410482,0.6513229424067055,0.1590511413339885,3.570114753255331e-05,8.725747687600311,32.60287310595005,2.376651964455101,nan,nan
16.76,220.00323486328125,-215.93087768554688,-5.017882823944092,219.89701559909906,-216.05771842076032,-5.0183427491445105,0.16544278686024175,0.6513671135973719,0.15907086058788947,3.500417292162822e-05,8.637663293165355,33.334455541045415,nan,1.5221819616328842,nan
16.77,220.00323486328125,-215.92214965820312,-5.017882823944092,219.89746620340932,-216.04892773525756,-5.018419653647745,0.16510596118509907,0.6514113694075078,0.15909064192864375,3.5709777888654695e-05,8.57945515908835,32.40848173717979,nan,nan,nan
16.78,220.00323486328125,-215.91342163085938,-5.017882823944092,219.8979263292207,-216.04013904062833,-5.019531401229928,0.16477228860340665,0.6514557097281761,0.15911048549069934,3.5012486743662556e-05,8.58913527120424,32.38126194231316,nan,0.7542297089721962,nan
16.79,220.00323486328125,-215.90469360351562,-5.017882823944092,219.89837692564703,-216.03134871512475,-5.019620504762505,0.16443759885211456,0.6515001349506273,0.15913039142810811,3.571844734370318e-05,8.536541166985844,32.293619357720026,nan,nan,nan
16.8,220.00323486328125,-215.89598083496094,-5.017882823944092,219.89037871812357,-216.0146173507843,-5.0176090817339585,0.16374128166518356,0.6514468412719486,0.15912183471325317,3.499963700091244e-05,8.055425985194407,33.02233080289221,2.942214268562852,3.112152588002245,nan
16.81,220.00323486328125,-215.8872528076172,-5.017882823944092,219.89081935947567,-216.00580417116507,-5.017679027717627,0.16337598608065274,0.6514910882038567,0.15914173696397269,3.570507667211591e-05,7.995879865968682,32.07226513239055,nan,nan,nan
16.82,220.00323486328125,-215.87852478027344,-5.017882823944092,219.89125525717873,-215.99699002869465,-5.017227126543,0.16301496006642605,0.6515354195949478,0.15916170165725183,3.500798745934116e-05,7.94877713683,32.00490080437307,nan,0.19284781336648685,nan
16.830000000000002,220.00323486328125,-215.8697967529297,-5.017882823944092,219.8916957864614,-215.98817670841603,-5.017293485345517,0.16265032074593336,0.6515798358108428,0.1591817289453911,3.571378443362654e-05,7.88834484856587,31.90988983151579,nan,nan,nan
16.84,220.00323486328125,-215.861083984375,-5.017882823944092,219.89212663666717,-215.9793615262576,-5.016217335736406,0.1622879810278223,0.6516243367808945,0.15920181896548896,3.501636723751385e-05,7.898915490442616,32.76615638494666,nan,0.9220312259818648,nan
16.85,220.00323486328125,-215.85235595703125,-5.017882823944092,219.91677576957773,-215.98554590732397,-5.0162695137548345,0.15879968675277062,0.6515709362901079,0.15919322560915017,3.5700458664224155e-05,8.132288519270501,32.439136932317865,7.832345533508566,nan,nan
16.86,220.00323486328125,-215.8436279296875,-5.017882823944092,219.91724300328656,-215.97676351600305,-5.014918406069266,0.15851962686767748,0.6516152586376227,0.1592133113893874,3.5003560402788556e-05,8.25331738590501,32.568089242612295,nan,1.4011754633840054,nan
16.87,220.00323486328125,-215.83489990234375,-5.017882823944092,219.91772198706676,-215.96798298454814,-5.014962885286476,0.15821531155125615,0.6516596657332294,0.1592334599806399,3.570918883729995e-05,8.184222339556644,32.476593153293074,nan,nan,nan
16.88,220.00323486328125,-215.82618713378906,-5.017882823944092,219.91819681804074,-215.95920161484074,-5.014479285829934,0.15791106794480111,0.651704157529506,0.15925367152144917,3.50119626069376e-05,8.218458822835558,33.3524161329983,nan,0.1974663570912541,nan
16.89,220.00323486328125,-215.8174591064453,-5.017882823944092,219.91867601709686,-215.95042094006007,-5.014520474352165,0.15760822650170472,0.6517487343573667,0.15927394616193286,3.571794259899124e-05,8.147967902507592,32.43665136931732,nan,nan,nan
16.9,220.00323486328125,-215.80873107910156,-5.017882823944092,219.90281078116752,-215.93946058450092,-5.012960221508102,0.16492250260376687,0.651695226774153,0.1592653129865626,3.499918597607111e-05,9.015517936284871,31.882132179006273,6.475445094413147,1.8401726798681115,nan
16.91,220.00323486328125,-215.8000030517578,-5.017882823944092,219.90325402786544,-215.93068959754075,-5.0129876233858575,0.16461805395406456,0.6517396246321991,0.1592855828137337,3.570464112816187e-05,8.938397851507624,31.798648989512618,nan,nan,nan
16.92,220.00323486328125,-215.79129028320312,-5.017882823944092,219.9037014023558,-215.9219192383012,-5.013585753151432,0.16428420061347557,0.6517841071358033,0.15930591580448167,3.500759771461169e-05,8.737722319848823,32.39668460742873,nan,0.22915306210580608,nan
16.93,220.00323486328125,-215.78256225585938,-5.017882823944092,219.90414447798577,-215.91314811223506,-5.013620804281735,0.16398089875037747,0.6518286745949572,0.15932631210775175,3.571340625161335e-05,8.663626649201547,31.536084083242855,nan,nan,nan
16.94,220.00323486328125,-215.77383422851562,-5.017882823944092,219.90457958976734,-215.90437566112612,-5.012554609130173,0.16371413650998431,0.6518733269935217,0.15934677186386226,3.501602685715685e-05,8.910798352184845,31.794037495271947,nan,0.8573143067935954,nan
16.95,220.00323486328125,-215.76510620117188,-5.017882823944092,219.88874531076834,-215.8799766496989,-5.012510365373149,0.16227119550463348,0.6518197124037675,0.15933809567156734,3.570012560001058e-05,8.197883736547373,31.724585032118597,11.010274314575337,nan,nan
16.96,220.00323486328125,-215.7563934326172,-5.017882823944092,219.8891708722312,-215.87116111472903,-5.012728631081323,0.1618912617025926,0.651864185492361,0.15935855002219834,3.500325825263189e-05,8.093214137373,32.46615851115498,nan,0.026150223179257977,nan
16.97,220.00323486328125,-215.74766540527344,-5.017882823944092,219.88959503542674,-215.8623453805481,-5.012757436308777,0.16152949205087666,0.6519087434606449,0.15937906789482686,3.570889081943445e-05,8.016445167954297,31.54024327934922,nan,nan,nan
16.98,220.00323486328125,-215.7389373779297,-5.017882823944092,219.8900260967111,-215.85353057567602,-5.0137767919552125,0.16113561151017733,0.6519533863112225,0.15939964943071092,3.501168940220699e-05,7.709163359042739,31.240082287453742,nan,0.6909651196107638,nan
16.990000000000002,220.00323486328125,-215.73020935058594,-5.017882823944092,219.8904502098026,-215.84471466338655,-5.013817333650943,0.1607742918852116,0.6519981143260583,0.15942029477737268,3.571766992871583e-05,7.637529643206788,31.14061033075974,nan,nan,nan
17.0,220.00323486328125,-215.72149658203125,-5.017882823944092,219.88273650887706,-215.83426367342892,-5.013977599775694,0.16508034738337032,0.65194439247397,0.15941157233145165,3.499893298411384e-05,7.772554261586371,31.511313173924414,1.2219087625253622,0.007707192163174918,nan
17.01,220.00323486328125,-215.7127685546875,-5.017882823944092,219.88314347316052,-215.82545051639354,-5.014021162200824,0.16472425111826244,0.6519889408258025,0.15943221166100374,3.57043853147325e-05,7.702080227326246,30.59374129731269,nan,nan,nan
17.02,220.00323486328125,-215.70404052734375,-5.017882823944092,219.8835525272106,-215.81663754096374,-5.014355973864999,0.1643605418430649,0.6520335740012861,0.15945291486068752,3.500735707366126e-05,7.5876444452706036,30.492647171483558,nan,0.05948621702800377,nan
17.03,220.00323486328125,-215.6953125,-5.017882823944092,219.8839598966925,-215.80782420812707,-5.014404298052446,0.16400458000556192,0.6520782922656977,0.1594736820772863,3.571315944832794e-05,7.51935249049292,30.414572877697626,nan,nan,nan
17.04,220.00323486328125,-215.6865997314453,-5.017882823944092,219.88437782232378,-215.79901227584418,-5.016116078470132,0.16360531077248386,0.6521230956466102,0.15949451345317975,3.5015791461587304e-05,7.216929382745495,30.944008497114357,nan,1.9495814997902827,nan
17.05,220.00323486328125,-215.67787170410156,-5.017882823944092,219.9009711803384,-215.78756480126918,-5.016029053792213,0.1499795748728455,0.6520692665446262,0.15948574149558567,3.5699881470928765e-05,6.33401019300492,31.20910947750757,15.49971717252088,nan,nan
17.06,220.00323486328125,-215.6691436767578,-5.017882823944092,219.90142355534425,-215.7787240895168,-5.016771063631287,0.14958156736465028,0.6521138899145978,0.15950656622439008,3.500302248637152e-05,6.223211679002084,31.092881551389052,nan,0.3235246765486077,nan
17.07,220.00323486328125,-215.66043090820312,-5.017882823944092,219.90187189717406,-215.76988282988836,-5.016843937432563,0.1491819471109749,0.6521585982982344,0.15952745517286196,3.5708642749373295e-05,6.167422941809144,31.865201629687792,nan,nan,nan
17.080000000000002,220.00323486328125,-215.65170288085938,-5.017882823944092,219.90233042299042,-215.76104277794911,-5.018644905931074,0.14878675994508392,0.6522033917378816,0.15954840848395052,3.501144718041563e-05,6.104594160518467,30.90207398762626,nan,2.1050730623073592,nan
17.09,220.00323486328125,-215.64297485351562,-5.017882823944092,219.9027787529171,-215.75220150425858,-5.018736939558185,0.14840020503860388,0.6522482704767114,0.15956942630357537,3.571741248487724e-05,6.059565663144799,30.819002449663532,nan,nan,nan
17.1,220.00323486328125,-215.63424682617188,-5.017882823944092,219.8866404411703,-215.72692484293475,-5.019605910825397,0.14895114328828296,0.6521943338854693,0.15956060154608173,3.499868045636567e-05,5.478393107798541,31.019719160598058,11.493639698343223,0.38119727933422043,nan
17.11,220.00323486328125,-215.6255340576172,-5.017882823944092,219.8870695359831,-215.71803711101813,-5.019707770627037,0.1485076718058022,0.6522390322546895,0.1595816120699442,3.570411492728858e-05,5.438512900874684,31.824220733666678,nan,nan,nan
17.12,220.00323486328125,-215.61680603027344,-5.017882823944092,219.88749879294622,-215.7091493542742,-5.019820467077655,0.14807390696883854,0.6522838156180137,0.15960268715624365,3.500708913008212e-05,5.405582917298188,30.839049915251252,nan,7.065961355640572e-05,nan
17.13,220.00323486328125,-215.6080780029297,-5.017882823944092,219.88792816620006,-215.70026156008106,-5.019924327837635,0.14764013796729583,0.6523286842056224,0.1596238269504734,3.5712871023979586e-05,5.368462109847538,30.769769309594142,nan,nan,nan
17.14,220.00323486328125,-215.59934997558594,-5.017882823944092,219.8883567960471,-215.69137365625744,-5.0198794309009465,0.1472050086618096,0.652373638079315,0.15964503159623125,3.501550445611704e-05,5.319364334612136,30.674857309211347,nan,0.01586657361415966,nan
17.150000000000002,220.00323486328125,-215.59063720703125,-5.017882823944092,219.87470232206522,-215.67566400249916,-5.019884927652114,0.15412390638136123,0.6523195939501084,0.1596361507302376,3.5699572985019517e-05,5.29109836413617,31.121458109700914,2.463194120297058,nan,nan
17.16,220.00323486328125,-215.5819091796875,-5.017882823944092,219.8751124433551,-215.66676477228387,-5.020992806098599,0.15370588170793373,0.6523643670988728,0.15965734741365303,3.500271480604609e-05,5.409477608754982,30.31619170974567,nan,0.7115103928944987,nan
17.17,220.00323486328125,-215.57318115234375,-5.017882823944092,219.8755174082872,-215.65786478805208,-5.021107945206168,0.15327579024128782,0.6524092253969774,0.15967860900100303,3.570830993443445e-05,5.379094601316018,30.231341491943876,nan,nan,nan
17.18,220.00323486328125,-215.564453125,-5.017882823944092,219.87591939290678,-215.64896457340876,-5.02063566174799,0.15283648787116827,0.6524541689175786,0.15969993563619397,3.501111490802727e-05,5.25923568893048,30.049856077630793,nan,0.24441809852305524,nan
17.19,220.00323486328125,-215.5557403564453,-5.017882823944092,219.8763242957118,-215.64006463967516,-5.020747062407025,0.1523977715224117,0.6524991978738526,0.15972132746425055,3.57170529072151e-05,5.226745597784407,30.868917885498973,nan,nan,nan
17.2,220.00323486328125,-215.54701232910156,-5.017882823944092,219.85104920524105,-215.61142612936757,-5.020582391143085,0.1652782497514381,0.6524450459769441,0.15971238715781405,3.499832320764844e-05,4.707137455431814,29.950548445501326,13.50182804786319,0.08543537615277164,nan
17.21,220.00323486328125,-215.5382843017578,-5.017882823944092,219.8514173740792,-215.60247719212185,-5.0206939301982745,0.16485502576286598,0.6524898938441027,0.15973377033898498,3.5703728492884974e-05,4.677194433084593,29.847611535717846,nan,nan,nan
17.22,220.00323486328125,-215.52955627441406,-5.017882823944092,219.85178877133163,-215.59352846823046,-5.021566688548331,0.16444431035131235,0.6525348268688667,0.15975521876084345,3.500670362800217e-05,4.800818759112099,29.917524759255432,nan,0.4077946630787682,nan
17.23,220.00323486328125,-215.52084350585938,-5.017882823944092,219.8521566984165,-215.58457939332,-5.021688119837635,0.1640163270108521,0.6525798452545566,0.15977673256820285,3.57124544622385e-05,4.77527205438253,30.78555210177127,nan,nan,nan
17.240000000000002,220.00323486328125,-215.51211547851562,-5.017882823944092,219.85252440572393,-215.57563027720434,-5.0217384601685735,0.1635929020474341,0.6526249490890976,0.15979831190529203,3.501508942451e-05,4.752301158147525,29.739246312924422,nan,0.003660844010454922,nan
17.25,220.00323486328125,-215.50338745117188,-5.017882823944092,219.8736024970735,-215.5745134937555,-5.021728168939505,0.14791298448871404,0.6525706893255319,0.1597893088084473,3.5699127241656825e-05,4.560436829003084,30.241368762705953,5.379927244535486,nan,nan
17.26,220.00323486328125,-215.49465942382812,-5.017882823944092,219.87400999018826,-215.56557321994254,-5.022077911385809,0.1474633278612019,0.6526156117086663,0.15981087879670608,3.500227136915765e-05,4.607926709220766,30.224533989118925,nan,0.03699419691436012,nan
17.27,220.00323486328125,-215.48594665527344,-5.017882823944092,219.8744166639898,-215.55663279496636,-5.022201977174253,0.14700106767641924,0.6526606193778227,0.15983251435971385,3.570783226653925e-05,4.585868695623587,31.079676871492786,nan,nan,nan
17.28,220.00323486328125,-215.4772186279297,-5.017882823944092,219.87482402036946,-215.5476924491056,-5.022483215472453,0.14655056346075523,0.652705712429423,0.15985421564183325,3.5010640551178375e-05,4.627469066285219,30.104020609428602,nan,0.017200818839519568,nan
17.29,220.00323486328125,-215.46849060058594,-5.017882823944092,219.87523068586702,-215.5387521576803,-5.022610791286104,0.14609623375024128,0.6527508910540578,0.1598759827876741,3.5716542874273904e-05,4.608715121692313,30.000192755290744,nan,nan,nan
17.3,220.00323486328125,-215.4597625732422,-5.017882823944092,219.84867811486896,-215.51573432944247,-5.023821983258315,0.16448677632345715,0.6526965231982548,0.15986691353266339,3.4997819847453676e-05,4.917253225268047,29.735395719093493,8.627568865099802,1.0776696323036399,nan
17.31,220.00323486328125,-215.4510498046875,-5.017882823944092,219.84903867650962,-215.50676812979523,-5.023960570049103,0.16406686065576703,0.6527415200019049,0.15988867061046755,3.570318829094959e-05,4.903702265998925,30.578920157566355,nan,nan,nan
17.32,220.00323486328125,-215.44232177734375,-5.017882823944092,219.84939670277558,-215.4978019105609,-5.023406421579753,0.16362987178507946,0.6527866021203963,0.15991049359333287,3.5006169147621626e-05,4.701585824157207,29.35889279324617,nan,0.3397007795522194,nan
17.330000000000002,220.00323486328125,-215.43359375,-5.017882823944092,219.84975737428854,-215.4888358084612,-5.023540029692039,0.1632146703804899,0.652831769737055,0.1599323826257973,3.571188196547098e-05,4.687438528825127,29.261878644376953,nan,nan,nan
17.34,220.00323486328125,-215.42486572265625,-5.017882823944092,219.8501171557307,-215.4798697413441,-5.023426454638708,0.16279191097419565,0.6528770229591978,0.15995433785233393,3.501452406656517e-05,4.6305150796842325,29.117233985676236,nan,0.04339692445424393,nan
17.35,220.00323486328125,-215.41615295410156,-5.017882823944092,219.8533636142908,-215.46706609746482,-5.02370283657323,0.15839006278200937,0.6528225468714254,0.1599451990566323,3.569852528259183e-05,4.37698094623138,30.670240729415365,3.5244435544515724,nan,nan
17.36,220.00323486328125,-215.4074249267578,-5.017882823944092,219.85373969642617,-215.45808295964943,-5.025205288036731,0.15801474516595965,0.652867617903727,0.1599671434790791,3.5001677977037344e-05,4.923011112823263,30.17323111633336,nan,1.3172024888710356,nan
17.37,220.00323486328125,-215.39869689941406,-5.017882823944092,219.85411117765213,-215.44909968411773,-5.025356481125153,0.157588609592054,0.6529127743590681,0.15998915413362452,3.5707199035392716e-05,4.918697103461125,30.094163414495135,nan,nan,nan
17.38,220.00323486328125,-215.3899688720703,-5.017882823944092,219.8544838589072,-215.44011633862536,-5.025907923433799,0.15718152539658523,0.65295801635093,0.16001123116476637,3.501001746424929e-05,5.1575799830964915,30.222367935442477,nan,0.11258126304748006,nan
17.39,220.00323486328125,-215.38125610351562,-5.017882823944092,219.85485521241733,-215.43113299646484,-5.0260647400568335,0.15675193457192454,0.6530033440533969,0.16003337471700482,3.5715879151372815e-05,5.155494605770217,31.08824156656329,nan,nan,nan
17.400000000000002,220.00323486328125,-215.37252807617188,-5.017882823944092,219.8611818379498,-215.4189180671044,-5.02698439673046,0.14971283141976868,0.6529487595080653,0.16002416298495228,3.4997170360464854e-05,5.30138311655681,31.13913995732893,5.445072470179581,0.6630383545668483,nan
17.41,220.00323486328125,-215.36380004882812,-5.017882823944092,219.86156967485894,-215.40991704005992,-5.027148691716361,0.14927042170696492,0.6529939046458635,0.16004629498046688,3.5702497626367127e-05,5.304723999261609,31.039151050812272,nan,nan,nan
17.42,220.00323486328125,-215.35507202148438,-5.017882823944092,219.86194758903903,-215.40091633307236,-5.023929082510056,0.14866187140762777,0.6530391352501237,0.1600684935317026,3.5005491828901845e-05,3.910175996534897,29.55037415264593,nan,8.088257252650203,nan
17.43,220.00323486328125,-215.3463592529297,-5.017882823944092,219.86233548574705,-215.39191558828296,-5.024061781564089,0.14820996524395147,0.6530844514897506,0.1600907587831708,3.571116290206742e-05,3.9004276765717814,30.412605226694716,nan,nan,nan
17.44,220.00323486328125,-215.33763122558594,-5.017882823944092,219.86272587655714,-215.38291476947242,-5.025072149869243,0.1478007479832715,0.653129853486,0.16011309087935321,3.501382003580531e-05,4.2739975107342385,29.749007743638785,nan,0.5422556181540598,nan
17.45,220.00323486328125,-215.3289031982422,-5.017882823944092,219.87577398450279,-215.37283410957053,-5.025100937237799,0.13501222814485414,0.6530751603107136,0.16010380280431372,3.5697781697946784e-05,3.8859946395322,30.591345303568275,6.3021467063606185,nan,nan
17.46,220.00323486328125,-215.32017517089844,-5.017882823944092,219.8761847424649,-215.36381734315577,-5.022731145758572,0.13442424864290048,0.6531203793672746,0.1601261225748836,3.5000951009812475e-05,3.0665054198158748,29.688571520898734,nan,4.454690565276452,nan
17.47,220.00323486328125,-215.31146240234375,-5.017882823944092,219.8766021472596,-215.3548001765412,-5.022849004507805,0.13393532166235989,0.653165683983611,0.16014850922145857,3.570642964447526e-05,3.0536853283917704,30.568709985706448,nan,nan,nan
17.48,220.00323486328125,-215.302734375,-5.017882823944092,219.87701742231553,-215.34578329586748,-5.022155187315509,0.13342527901625753,0.6532110742852909,0.16017096288848415,3.500926637633285e-05,2.853400858197348,29.284277136781252,nan,0.46618346719898995,nan
17.490000000000002,220.00323486328125,-215.29400634765625,-5.017882823944092,219.8774347769081,-215.33676626168426,-5.022267144952393,0.13294094271471785,0.6532565504347493,0.1601934837205268,3.571508538427286e-05,2.8395847460515333,29.22541906520378,nan,nan,nan
17.5,220.00323486328125,-215.2852783203125,-5.017882823944092,219.86923635077946,-215.3327637453792,-5.023489884526758,0.14227405271107946,0.6532017484009424,0.1601841158867902,3.499639912341933e-05,3.596922358703675,28.426012204014146,7.823300642176868,0.9954953834096404,nan
17.51,220.00323486328125,-215.2765655517578,-5.017882823944092,219.86962947230992,-215.32377291099377,-5.023614378265033,0.1418160286341682,0.6532470412307952,0.160206623608417,3.5701683678277405e-05,3.5861742179311906,29.281299790434055,nan,nan,nan
17.52,220.00323486328125,-215.26783752441406,-5.017882823944092,219.87002290082265,-215.31478215462022,-5.023767846237636,0.14136427672739815,0.653292419673707,0.16022919852286363,3.5004699375295624e-05,3.6238927825690985,28.308929181328228,nan,0.0005505436787887289,nan
17.53,220.00323486328125,-215.2591094970703,-5.017882823944092,219.87041645988896,-215.30579153486931,-5.023894677799717,0.14091161527541485,0.6533378838885655,0.16025184077475,3.5710327665231464e-05,3.6153509528661454,28.20623592514275,nan,nan,nan
17.54,220.00323486328125,-215.25038146972656,-5.017882823944092,219.87080853319827,-215.29680120778343,-5.023428534247204,0.1404360348460478,0.6533834340062677,0.16027455050844053,3.50130078979283e-05,3.4506869298801766,27.954811811471853,nan,0.2490910146607717,nan
17.55,220.00323486328125,-215.24166870117188,-5.017882823944092,219.8653412410526,-215.29000001345992,-5.0236016166913045,0.1462301999906658,0.6533285229157406,0.1602650994933717,3.569692946897841e-05,3.701296186888576,28.30586990068377,2.398207282120966,nan,nan
17.56,220.00323486328125,-215.23294067382812,-5.017882823944092,219.86571910310718,-215.2810228416574,-5.02372688781173,0.14579654399849049,0.653373889338739,0.1602877953162999,3.6416318465626e-05,3.6916800846888815,27.29510967150474,nan,nan,nan
17.57,220.00323486328125,-215.22421264648438,-5.017882823944092,219.8660970524962,-215.27204564403087,-5.023853344116634,0.14536306928628545,0.653419341451731,0.1603105586456571,3.7150151955347626e-05,3.6823464665591463,27.235366619927778,nan,nan,nan
17.580000000000002,220.00323486328125,-215.21548461914062,-5.017882823944092,219.8664768061947,-215.26306811049204,-5.024876196396624,0.1449684865256553,0.6534648793937599,0.1603333896258266,3.6367170101452413e-05,4.036863997019242,27.528197130520116,nan,0.5232947789222387,nan
17.59,220.00323486328125,-215.20677185058594,-5.017882823944092,219.86685495462314,-215.2540906875663,-5.025013909120774,0.1445316719427513,0.653510503320236,0.16035628840154123,3.709963468989767e-05,4.031537542219711,28.387008188755257,nan,nan,nan
17.6,220.00323486328125,-215.1980438232422,-5.017882823944092,219.90267620148535,-215.27210603738916,-5.023251085600121,0.12500429696511522,0.6534554829391774,0.16034675077710023,3.62966573271304e-05,3.8840388743159164,26.880795570579757,22.8912703262845,2.6150432897408216,nan
17.61,220.00323486328125,-215.18931579589844,-5.017882823944092,219.9031059806194,-215.26319276690353,-5.023372935264163,0.1245541701843304,0.6535009227804293,0.1603696348262653,3.702690516304834e-05,3.872602310045863,26.811221651692964,nan,nan,nan
17.62,220.00323486328125,-215.1805877685547,-5.017882823944092,219.90353736919894,-215.25427912184244,-5.02448894939961,0.12415170868420035,0.6535464483765003,0.16039258669192372,3.625032071410249e-05,4.231182455376079,27.11371226496492,nan,0.6480819576791668,nan
17.63,220.00323486328125,-215.171875,-5.017882823944092,219.90396688719414,-215.24536574748177,-5.02462290996744,0.12369498696981066,0.6535920598803109,0.16041560651887668,3.6979350704540786e-05,4.224049472042839,27.876597042186983,nan,nan,nan
17.64,220.00323486328125,-215.16314697265625,-5.017882823944092,219.90439587155623,-215.23645238765513,-5.024507499805972,0.12323439651189814,0.6536377574284808,0.16043869445130504,3.620538425280321e-05,4.17696593195079,26.89682953413862,nan,0.04124078081694506,nan
17.650000000000002,220.00323486328125,-215.1544189453125,-5.017882823944092,219.8889959592177,-215.2220520035086,-5.024707495420521,0.1329335695125813,0.65358262753938,0.16042906678666585,3.690983395432693e-05,4.317766662004521,26.36872326802218,2.869951997893232,nan,nan
17.66,220.00323486328125,-215.14569091796875,-5.017882823944092,219.88939992945882,-215.21313225611385,-5.027585608070469,0.13266827152323352,0.6536281406161775,0.16045213916185413,3.6139407478325605e-05,5.630266669289147,27.61363068914243,nan,4.974566782700531,nan
17.67,220.00323486328125,-215.13697814941406,-5.017882823944092,219.88979992988766,-215.2042134547238,-5.027749690356628,0.13223246744617942,0.6536737395235266,0.16047527966076738,3.6865291951397276e-05,5.63494391105947,28.409780847921496,nan,nan,nan
17.68,220.00323486328125,-215.1282501220703,-5.017882823944092,219.8487188274571,-215.22276124927228,-5.027423057588016,0.18137964204886867,0.6526114490733377,0.160012694781817,3.609735793271853e-05,10.593589208424628,32.415721708461675,nan,0.15743267215989107,1.5529430336328456
17.69,220.00323486328125,-215.11952209472656,-5.017882823944092,219.84908219843004,-215.21391564629852,-5.027583941835443,0.18101739791367769,0.65265526675115,0.16003337582682553,3.6822227138301475e-05,10.569349217659152,32.33609119711746,nan,nan,nan
17.7,220.00323486328125,-215.11080932617188,-5.017882823944092,219.84179021171798,-215.20422332550785,-5.0272513802226095,0.18675738442447848,0.6525997367558991,0.16002427509469427,3.603447624108479e-05,10.681790147263452,32.61055322062901,2.1451680429054,0.22841136163433642,nan
17.71,220.00323486328125,-215.10208129882812,-5.017882823944092,219.84213571125773,-215.19538304426962,-5.027410069703803,0.18641062442064268,0.6526433775059953,0.1600449476434922,3.675748842148127e-05,10.657274240529556,31.690753918090504,nan,nan,nan
17.72,220.00323486328125,-215.09335327148438,-5.017882823944092,219.8424851572796,-215.18653948667628,-5.025567148650705,0.18596555468043577,0.652687102442695,0.16006568176662841,3.599534959155503e-05,9.770495468762844,30.77053396728958,nan,2.6746002211229465,nan
17.73,220.00323486328125,-215.08462524414062,-5.017882823944092,219.84283081587446,-215.17769922466888,-5.025708243373306,0.1856164364087847,0.6527309117214716,0.16008647761669353,3.671747921306947e-05,9.740315266505052,30.703740663062018,nan,nan,nan
17.740000000000002,220.00323486328125,-215.07591247558594,-5.017882823944092,219.843179869195,-215.16885631335458,-5.024120148425216,0.1851892608327828,0.6527748054756765,0.16010733533033986,3.5957655410424834e-05,9.095871945117954,30.85463148754314,nan,2.000619907668272,nan
17.75,220.00323486328125,-215.0671844482422,-5.017882823944092,219.87230150588599,-215.17277369053716,-5.024087781612958,0.16831854819625178,0.6527192065223516,0.16009819020975993,3.665595038868009e-05,8.886850031689985,30.655584628780776,9.576479076020096,nan,nan
17.76,220.00323486328125,-215.05845642089844,-5.017882823944092,219.87269984216823,-215.16395177786472,-5.023796478416838,0.1679393741433011,0.6527629230690495,0.1601190389092063,3.589932230057542e-05,8.754233101306694,30.47716727892461,nan,0.1154218790042619,nan
17.77,220.00323486328125,-215.0497283935547,-5.017882823944092,219.87309721368968,-215.15513049643297,-5.023916914771697,0.1675763151059847,0.6528067238979136,0.1601399495604845,3.661896201423478e-05,8.718304327471536,30.400256511095655,nan,nan,nan
17.78,220.00323486328125,-215.041015625,-5.017882823944092,219.87349327454305,-215.14631000992372,-5.024587128995055,0.16722659791729777,0.6528506091416939,0.16016092230121462,3.5864521434117714e-05,8.920145158845012,31.387579952470688,nan,0.2023443469070458,nan
17.79,220.00323486328125,-215.03228759765625,-5.017882823944092,219.8738903151815,-215.13748875294266,-5.024714914361815,0.16686513313510523,0.6528945789567902,0.16018195728255857,3.658345322721534e-05,8.887405484585793,30.473654268450883,nan,nan,nan
17.8,220.00323486328125,-215.0235595703125,-5.017882823944092,219.88956316133928,-215.13948672648297,-5.025386942717097,0.16253206809339435,0.6528389107788024,0.16017276476199058,3.580920725721759e-05,9.440544227882748,30.890477107983067,4.259666625678165,0.2596221232594031,nan
17.81,220.00323486328125,-215.01483154296875,-5.017882823944092,219.8899815179641,-215.13069129405983,-5.025521388587583,0.16219787242201417,0.6528827031021016,0.16019379019124275,3.652659073420864e-05,9.41038825894089,30.82114092785841,nan,nan,nan
17.82,220.00323486328125,-215.00611877441406,-5.017882823944092,219.89039958769305,-215.12189618061723,-5.02582086036115,0.16186172996219764,0.6529265797791077,0.160214877932279,3.577725316022972e-05,9.518163823794648,31.69708228866576,nan,0.01814973202944685,nan
17.830000000000002,220.00323486328125,-214.9973907470703,-5.017882823944092,219.89081807415297,-215.1131008779384,-5.025959060372429,0.16152892762061502,0.652970540966691,0.16023602813540952,3.6494041948326804e-05,9.489856763902953,30.825808322928545,nan,nan,nan
17.84,220.00323486328125,-214.98866271972656,-5.017882823944092,219.89123437307302,-215.1043070391828,-5.027175732432394,0.16125779540088075,0.6530145867968716,0.1602572409395125,3.5746689126209736e-05,10.06435453631477,31.352888814217362,nan,0.7852626224037293,nan
17.85,220.00323486328125,-214.9799346923828,-5.017882823944092,219.8748829007037,-215.09195504153953,-5.027385683613857,0.17062558209308307,0.6529588491298793,0.16024799798929362,3.6440242080317404e-05,10.514704567621555,30.577840272104314,5.654435543936687,nan,nan
17.86,220.00323486328125,-214.97122192382812,-5.017882823944092,219.87526602158593,-215.08316337144277,-5.027033526967621,0.1702664015733231,0.6530027171790529,0.16026920068472975,3.569572546023918e-05,10.327263481974796,31.147900793675944,nan,0.17309964615785028,nan
17.87,220.00323486328125,-214.96249389648438,-5.017882823944092,219.87564791908378,-215.07437232913625,-5.027182589962792,0.16994616109313235,0.6530466696772624,0.16029046606029523,3.6410581333637884e-05,10.303345221169488,30.276615197194175,nan,nan,nan
17.88,220.00323486328125,-214.95376586914062,-5.017882823944092,219.8760313815483,-215.0655802543248,-5.0265326518169795,0.16958184461,0.6530907067561875,0.16031179425561484,3.566791812096204e-05,9.972631302442505,29.904329024175688,nan,0.43473385708536494,nan
17.89,220.00323486328125,-214.94503784179688,-5.017882823944092,219.87641320900244,-215.05678915594817,-5.026675482175366,0.16926133358604867,0.6531348285732331,0.16033318541989625,3.638232569193961e-05,9.94711596201748,29.83436622682395,nan,nan,nan
17.900000000000002,220.00323486328125,-214.9363250732422,-5.017882823944092,219.88064650470915,-215.04254202291958,-5.025659033683775,0.162389702549413,0.6530790211076611,0.16032388896913033,3.56197831436041e-05,8.83768678494523,30.743106498045965,7.36914960492878,0.772025243320668,nan
17.91,220.00323486328125,-214.92759704589844,-5.017882823944092,219.88104630125744,-215.03372554775387,-5.025791479089196,0.16203657124775808,0.6531229648499964,0.160345269448916,3.633290076173417e-05,8.809819775119188,29.846871271110302,nan,nan,nan
17.92,220.00323486328125,-214.9188690185547,-5.017882823944092,219.88144665615374,-215.02490874492014,-5.025698094359204,0.16167210462740386,0.6531669931104642,0.16036671296371538,3.5594646683420225e-05,8.752851774814227,29.764447788593692,nan,0.03509519123552575,nan
17.93,220.00323486328125,-214.91014099121094,-5.017882823944092,219.88184661149282,-215.01609216225748,-5.025830290084124,0.16131931234800156,0.6532111060466846,0.16038821966208552,3.630741053728351e-05,8.725441104379971,29.693236353513406,nan,nan,nan
17.94,220.00323486328125,-214.90142822265625,-5.017882823944092,219.88224626031413,-215.0072759463049,-5.026115392373592,0.16096508264987852,0.6532553037899906,0.1604097896846127,3.5570806758017094e-05,8.839080462827955,30.566348076409767,nan,0.015766053573179332,nan
17.95,220.00323486328125,-214.8927001953125,-5.017882823944092,219.87087746356713,-215.0026564949601,-5.026265742274616,0.17227635476469702,0.6531994262221599,0.1604004366444216,3.626080508222199e-05,9.695944985692767,28.771131486528386,13.3306779569761,nan,nan
17.96,220.00323486328125,-214.88397216796875,-5.017882823944092,219.87124110934639,-214.99386943757338,-5.0269622348503935,0.17199475761422436,0.6532434455923972,0.1604219953883774,3.5526683426330324e-05,10.027458422271593,29.08424879713735,nan,0.21444967756206568,nan
17.97,220.00323486328125,-214.875244140625,-5.017882823944092,219.87160598905052,-214.9850817051573,-5.027105669564665,0.171684338234388,0.6532875495752204,0.16044361752706995,3.6237975955069634e-05,10.003753154074172,29.014055155207185,nan,nan,nan
17.98,220.00323486328125,-214.8665313720703,-5.017882823944092,219.871971082123,-214.97629358758422,-5.027061354812033,0.17135393087810308,0.6533317383018652,0.16046530320164973,3.5505376687086674e-05,9.977561038919134,29.752792160911586,nan,0.024465946949044245,nan
17.990000000000002,220.00323486328125,-214.85780334472656,-5.017882823944092,219.8723355789948,-214.9675055832549,-5.027205249505908,0.17104417962382665,0.6533760119301206,0.16048705255984008,3.621643496686846e-05,9.954444059565837,28.893188715199507,nan,nan,nan
18.0,220.00323486328125,-214.8490753173828,-5.017882823944092,219.8705096385547,-214.96137257547576,-5.0270108716101545,0.17409761832978557,0.6533200639112362,0.16047763980769095,3.546381886063815e-05,10.196518778107242,28.50622498696654,1.7234926274278364,0.0653973266277774,nan
18.01,220.00323486328125,-214.84034729003906,-5.017882823944092,219.87086469965027,-214.9525970433767,-5.02715293197602,0.17380391896322808,0.6533641588635934,0.16049937727462837,3.6173798198735204e-05,10.172966394308066,28.45151470925543,nan,nan,nan
18.02,220.00323486328125,-214.83163452148438,-5.017882823944092,219.87122141030505,-214.94382069289554,-5.026508266492569,0.17345802685880862,0.6534083384957996,0.1605211784856799,3.544493533749044e-05,9.845577569629047,28.851233137230146,nan,0.42695513731735807,nan
18.03,220.00323486328125,-214.82290649414062,-5.017882823944092,219.87157648847955,-214.93504523999385,-5.0266445475897585,0.17316406607089074,0.6534526029656317,0.16054304358808275,3.615475759137256e-05,9.820766814587131,28.02531741392251,nan,nan,nan
18.04,220.00323486328125,-214.81417846679688,-5.017882823944092,219.87192951376085,-214.92627071433412,-5.027705387903852,0.1729226692292555,0.6534969524043208,0.1605649727237062,3.542722279646356e-05,10.371999228124363,28.53230958693427,nan,0.5875780333454445,nan
18.05,220.00323486328125,-214.80545043945312,-5.017882823944092,219.8616521769637,-214.9012991937245,-5.027743025504166,0.1712596401230381,0.6534409335938871,0.16055549712013611,3.6114640041498466e-05,9.394656176438241,28.79907981601508,15.941942878541465,nan,nan
18.06,220.00323486328125,-214.79673767089844,-5.017882823944092,219.86200258432902,-214.89247404376658,-5.0289181820332,0.1709789134254402,0.6534851040494505,0.1605774137340527,3.5389253015998136e-05,10.094849679220342,30.262664858977697,nan,0.7312308041294805,nan
18.07,220.00323486328125,-214.7880096435547,-5.017882823944092,219.86235522052388,-214.88364792899284,-5.029075198756027,0.1706429741856516,0.6535293592778636,0.16059939444362467,3.609797713226091e-05,10.07663075566254,29.389999074125907,nan,nan,nan
18.080000000000002,220.00323486328125,-214.77928161621094,-5.017882823944092,219.86270663537385,-214.87482241447412,-5.029830893766954,0.17034959155821874,0.6535736994104682,0.16062143939113754,3.537379864866097e-05,10.594974168270074,29.845702612555066,nan,0.24694771198128998,nan
18.09,220.00323486328125,-214.7705535888672,-5.017882823944092,219.8630594324662,-214.86599660109934,-5.029995615965564,0.1700154102388568,0.6536181246048965,0.16064354872321324,3.608246063293707e-05,10.57879967403159,29.78156595392015,nan,nan,nan
18.1,220.00323486328125,-214.7618408203125,-5.017882823944092,219.86858839813,-214.858869128482,-5.031384274334629,0.166512619121244,0.6535620346185805,0.16063400710177425,3.5338091306832076e-05,11.56937898886168,31.800945437795036,0.36153484618603876,0.9916296596574283,nan
18.11,220.00323486328125,-214.75311279296875,-5.017882823944092,219.8689515084375,-214.85004447681098,-5.031563334846648,0.16617739647477933,0.6536062805182308,0.16065610326373042,3.604584244177397e-05,11.556972117481969,30.93043218243517,nan,nan,nan
18.12,220.00323486328125,-214.744384765625,-5.017882823944092,219.86931736244807,-214.84121891144895,-5.030466129238961,0.16573801132812502,0.6536506112566901,0.16067826386486517,3.532477289390142e-05,10.801326229915798,30.116407431269046,nan,1.1306082633871974,nan
18.13,220.00323486328125,-214.73565673828125,-5.017882823944092,219.86968055909475,-214.83239429504283,-5.030634650267658,0.16540107656701583,0.6536950269913918,0.1607004890514468,3.603252347314617e-05,10.786183925807293,30.07027004236971,nan,nan,nan
18.14,220.00323486328125,-214.72694396972656,-5.017882823944092,219.87004500787862,-214.82356913552292,-5.030274047508944,0.16501364388674514,0.653739527853955,0.16072277896628404,3.531248299020661e-05,10.574952275499856,30.623709795119712,nan,0.194863259696799,nan
18.150000000000002,220.00323486328125,-214.7182159423828,-5.017882823944092,219.86477014630614,-214.8169091933106,-5.030408797999542,0.17049849164063352,0.653683366317026,0.16071316814537018,3.599809742258187e-05,10.938150736231353,29.32687531735149,2.876937925702509,nan,nan
18.16,220.00323486328125,-214.70948791503906,-5.017882823944092,219.86511490473882,-214.80809863229044,-5.031588852395583,0.1702617153693311,0.6537276875690029,0.1607354442244105,3.527989930149226e-05,11.859076409788997,30.2165088379626,nan,0.7150935219460699,nan
18.17,220.00323486328125,-214.7007598876953,-5.017882823944092,219.86546178807347,-214.79928740975063,-5.031765403631607,0.16994651768526825,0.6537720937508592,0.16075778508635524,3.598684579526878e-05,11.844876839735328,30.13594522092532,nan,nan,nan
18.18,220.00323486328125,-214.69204711914062,-5.017882823944092,219.86580907112744,-214.79047615374154,-5.031722808073367,0.16960444676442643,0.6538165849944888,0.16078019087431109,3.52695687342417e-05,11.874457375123978,30.90706602712857,nan,0.03366749511313737,nan
18.19,220.00323486328125,-214.68331909179688,-5.017882823944092,219.86615592621897,-214.78166499325587,-5.031898952474356,0.16928970192804296,0.6538611614569316,0.1608026617341056,3.597658789326079e-05,11.859709279539054,30.05884260763834,nan,nan,nan
18.2,220.00323486328125,-214.67459106445312,-5.017882823944092,219.86770237176157,-214.77357483336152,-5.032217095541147,0.168440832659608,0.6538049279530714,0.16079297851103622,3.5238930062143766e-05,12.209824232887641,30.37783458567426,0.1866503782487649,0.028866139647588093,nan
18.21,220.00323486328125,-214.66586303710938,-5.017882823944092,219.8680510749402,-214.76476503275887,-5.032395903224313,0.16812760286128525,0.6538493244847686,0.16081543485204441,3.59451687531424e-05,12.194835183781919,30.30959904833382,nan,nan,nan
18.22,220.00323486328125,-214.6571502685547,-5.017882823944092,219.8684004719495,-214.75595495043535,-5.032243520824478,0.16777636264453236,0.6538938060114258,0.16083795631335926,3.5230433476548696e-05,12.14399332670068,31.00771329355983,nan,0.07681644838002262,nan
18.23,220.00323486328125,-214.64842224121094,-5.017882823944092,219.86874936005896,-214.74714503391084,-5.032420902595879,0.16746311864499328,0.6539383726897425,0.16086054304055977,3.593679283960071e-05,12.128160569039483,30.168914397786654,nan,nan,nan
18.240000000000002,220.00323486328125,-214.6396942138672,-5.017882823944092,219.86910233774992,-214.73833402220583,-5.030621715940635,0.16698390809834573,0.6539830246521051,0.1608831951771207,3.522281762537529e-05,10.810909460110727,28.799824675248054,nan,2.7261935043330587,nan
18.25,220.00323486328125,-214.63096618652344,-5.017882823944092,219.85898377837975,-214.72313432321295,-5.030802630617,0.17166904881352504,0.6539267187750023,0.16087343633638243,3.590723491810854e-05,10.733144552868076,28.618874309507433,1.314762285576177,nan,nan
18.26,220.00323486328125,-214.62225341796875,-5.017882823944092,219.85932176080632,-214.71430981415557,-5.028318311233803,0.17115566171715424,0.6539711904825286,0.1608960732544391,3.519483087148031e-05,9.134961312153749,27.765414612072973,nan,4.8873517904921,nan
18.27,220.00323486328125,-214.613525390625,-5.017882823944092,219.85965442541988,-214.705486947796,-5.028454502898233,0.17083334138770778,0.6540157472737894,0.16091877562901571,3.590061144659836e-05,9.11154062827337,26.899794244884387,nan,nan,nan
18.28,220.00323486328125,-214.60479736328125,-5.017882823944092,219.8599892732493,-214.6966636889858,-5.027568810068816,0.17044805422551004,0.654060389281565,0.1609415436037921,3.5188872688509865e-05,8.622604471345467,26.378350807148394,nan,0.7306679268372663,nan
18.29,220.00323486328125,-214.59608459472656,-5.017882823944092,219.86032216054392,-214.6878409208091,-5.027696760810593,0.17011636410608233,0.6541051166619801,0.16096437732404356,3.5894828482087356e-05,8.596792242681747,27.109955920262585,nan,nan,nan
18.3,220.00323486328125,-214.5873565673828,-5.017882823944092,219.84537685440787,-214.6708782048626,-5.026023634494217,0.17877720125671248,0.6540487379667339,0.16095453963432774,3.5162518219532146e-05,7.729347105166065,25.198696709877694,2.3935126147664114,2.2740731151634916,nan
18.31,220.00323486328125,-214.57862854003906,-5.017882823944092,219.8456843277959,-214.6620402583459,-5.026135953292537,0.17845951957421946,0.654093284763972,0.16097735741969127,3.5867791708843524e-05,7.702379102591086,25.12698238261146,nan,nan,nan
18.32,220.00323486328125,-214.5699005126953,-5.017882823944092,219.8459924623261,-214.65320221752245,-5.025831909083118,0.1781222463360266,0.6541379167094616,0.16100024099265867,3.515809592381369e-05,7.55961642150116,24.945230459862703,nan,0.12197540410479125,nan
18.330000000000002,220.00323486328125,-214.56118774414062,-5.017882823944092,219.84629970289586,-214.6443645843004,-5.025942349458311,0.17779760194014768,0.6541826339588903,0.1610231904983382,3.586358115222164e-05,7.531761976368747,25.660243446358916,nan,nan,nan
18.34,220.00323486328125,-214.55245971679688,-5.017882823944092,219.84660842149333,-214.63552683489348,-5.025247226996723,0.1774435764076638,0.6542274366456786,0.1610462060806574,3.5154409891959434e-05,7.2228768392017635,24.502258729963387,nan,0.455047356327377,nan
18.35,220.00323486328125,-214.54373168945312,-5.017882823944092,219.85030620421696,-214.63004505464343,-5.025464557745914,0.17576875280071222,0.6541709846971172,0.16103628630055708,3.58380875635296e-05,7.375701737610744,24.51591906701457,0.9869933279945529,nan,nan
18.36,220.00323486328125,-214.53500366210938,-5.017882823944092,219.85061702866994,-214.62121637975628,-5.025440541787639,0.17544787039035525,0.6542156064686626,0.16105928521543655,3.513025271546522e-05,7.357542170270545,24.467050796504086,nan,0.012137462122332514,nan
18.37,220.00323486328125,-214.5262908935547,-5.017882823944092,219.8509274599231,-214.61238787054177,-5.025547804125968,0.17512563057760752,0.6542603134746856,0.16108235024686957,3.5835326349716116e-05,7.330168517613595,25.16709977950139,nan,nan,nan
18.38,220.00323486328125,-214.51756286621094,-5.017882823944092,219.85124031824745,-214.6035588214802,-5.02423693988092,0.1747513113886203,0.6543051058490771,0.16110548153891763,3.512793510404291e-05,6.8004194362890535,23.823868747675874,nan,1.411621627572797,nan
18.39,220.00323486328125,-214.5088348388672,-5.017882823944092,219.8515504091991,-214.5947301511367,-5.024332284139339,0.17443558644063922,0.6543499837468331,0.16112867923649044,3.58332594129072e-05,6.772477150895307,23.779326910244286,nan,nan,nan
18.400000000000002,220.00323486328125,-214.50010681152344,-5.017882823944092,219.83454745967913,-214.57886844710478,-5.023986676299919,0.18626887122397828,0.6542934580747136,0.16111867411356084,3.5105115690788814e-05,6.755688111025364,23.23609576653222,3.0949256867443897,0.1546057468884137,nan
18.41,220.00323486328125,-214.49139404296875,-5.017882823944092,219.83482617455806,-214.57003057715738,-5.024079763397109,0.18596664487280665,0.6543381547210365,0.16114185439512205,3.580982906711958e-05,6.7266490324638335,23.96265262720954,nan,nan,nan
18.42,220.00323486328125,-214.482666015625,-5.017882823944092,219.8351061069525,-214.5611925095948,-5.023539684552231,0.18564937121299066,0.6543829366659996,0.1611651011178649,3.5104052956709345e-05,6.527011838530135,22.948002556078418,nan,0.2822308773378276,nan
18.43,220.00323486328125,-214.47393798828125,-5.017882823944092,219.83538483587236,-214.55235468469272,-5.023628437843082,0.1853532358938713,0.6544278040641045,0.16118841442659365,3.5809044067693365e-05,6.498735986478719,22.88694760629457,nan,nan,nan
18.44,220.00323486328125,-214.4652099609375,-5.017882823944092,219.83566534553495,-214.54351661631128,-5.022741251592822,0.1850272408938041,0.6544727570499699,0.16121179446552625,3.5103591356529546e-05,6.2109087717827896,22.57109377180864,nan,0.6699833530074242,nan
18.45,220.00323486328125,-214.4564971923828,-5.017882823944092,219.83377213010056,-214.53547975195633,-5.022898922862749,0.1870321467080385,0.6544161571930329,0.16120170074024465,3.578686321896784e-05,6.344917847980781,23.208512807368166,0.604731366541527,nan,nan
18.46,220.00323486328125,-214.44776916503906,-5.017882823944092,219.8340479809875,-214.52664645485137,-5.0211547767149165,0.18669904569480733,0.6544609285877403,0.1612250625990064,3.508254854329784e-05,5.908932905587495,21.957628034327264,nan,2.348113295938807,nan
18.47,220.00323486328125,-214.4390411376953,-5.017882823944092,219.83432048948092,-214.51781382300965,-5.0212214304784615,0.1864090875509596,0.6545057853646165,0.16124849122084,3.578724746621997e-05,5.877416415221598,21.899300295393978,nan,nan,nan
18.48,220.00323486328125,-214.43031311035156,-5.017882823944092,219.8345951509686,-214.50898098595104,-5.020120210744219,0.18609941730140667,0.6545507276587885,0.16127198675004434,3.508318892434081e-05,5.671052587221531,21.670938138096098,nan,0.9602264299845483,nan
18.490000000000002,220.00323486328125,-214.42160034179688,-5.017882823944092,219.83486781954662,-214.5001485717496,-5.020177440108486,0.18580245183524605,0.6545957556240073,0.1612955493313036,3.578819182266937e-05,5.637092832991281,22.38636113151791,nan,nan,nan
18.5,220.00323486328125,-214.41287231445312,-5.017882823944092,219.85201348631486,-214.48255870528314,-5.018203987606274,0.1665058589498355,0.6545390810897489,0.16128536373743663,3.5063216442374074e-05,4.373448430517713,22.653773003210816,27.87212381671198,2.42928506259462,nan
18.51,220.00323486328125,-214.40414428710938,-5.017882823944092,219.85233637563994,-214.47368033423115,-5.018241617055356,0.16614976423171288,0.6545839271201085,0.1613089073589905,3.576765809819496e-05,4.338786951793655,22.588110985362764,nan,nan,nan
18.52,220.00323486328125,-214.39541625976562,-5.017882823944092,219.8526608923871,-214.46480187298752,-5.0173553179775325,0.16579252786406884,0.6546288585965588,0.1613325180617013,3.5064856455545185e-05,4.30805143036919,22.520416450997978,nan,0.6018126894431352,nan
18.53,220.00323486328125,-214.38670349121094,-5.017882823944092,219.85298370419181,-214.45592355289327,-5.017385769949967,0.16542996950280073,0.6546738756723348,0.16135619599019313,3.576962156998607e-05,4.271284601810216,23.28206992170223,nan,nan,nan
18.54,220.00323486328125,-214.3779754638672,-5.017882823944092,219.85330836009626,-214.44704506657357,-5.016410940468618,0.1650779598137191,0.6547189784833263,0.16137994128885427,3.506697569712426e-05,4.291566080791145,22.456588358403742,nan,0.7123387218437834,nan
18.55,220.00323486328125,-214.36924743652344,-5.017882823944092,219.88004321304527,-214.4470809128059,-5.016408251669146,0.1457271665869785,0.6546622287872018,0.16136966055629196,3.575007508566639e-05,4.024013821951263,23.21999865443497,7.825626150793097,nan,nan
18.56,220.00323486328125,-214.3605194091797,-5.017882823944092,219.88041663953592,-214.43821045269667,-5.016108774435739,0.1453387820864488,0.6547071493162734,0.1613933861007228,3.5048403535445104e-05,4.019308085193065,23.177733241793625,nan,0.0732827546019529,nan
18.57,220.00323486328125,-214.351806640625,-5.017882823944092,219.88078954346213,-214.42934015614853,-5.016129653441821,0.14493921478279753,0.6547521553722084,0.16141717904130895,3.5752957646937565e-05,3.981180839901538,23.92189589974948,nan,nan,nan
18.580000000000002,220.00323486328125,-214.34307861328125,-5.017882823944092,219.88116351613718,-214.42046985025993,-5.015625605273404,0.1445541849646237,0.6547972470914126,0.16144103952248134,3.505138748086511e-05,4.0073754378757656,23.108601965947024,nan,0.1945896728930746,nan
18.59,220.00323486328125,-214.3343505859375,-5.017882823944092,219.88153687224164,-214.41159965897486,-5.015643028787653,0.14416253670961832,0.6548424246263567,0.16146496768880067,3.5756281262383766e-05,3.969352583830942,23.057934339314418,nan,nan,nan
18.6,220.00323486328125,-214.32562255859375,-5.017882823944092,219.9068262106801,-214.4150836632327,-5.015744674391188,0.1315389266457018,0.6547855992565279,0.1614545885446946,3.5033650378642504e-05,3.93761454716008,23.640932155765785,6.292908427360193,0.00034705605994496354,nan
18.61,220.00323486328125,-214.31690979003906,-5.017882823944092,219.90724206676148,-214.40623486331683,-5.015765809424332,0.13114140250218426,0.6548305941586815,0.1614784961475272,3.573801555906705e-05,3.8991489671400443,24.35776135630187,nan,nan,nan
18.62,220.00323486328125,-214.3081817626953,-5.017882823944092,219.90766077328647,-214.3973858548312,-5.013909139031119,0.13079589788639792,0.6548756746514158,0.16150247145801222,3.5037409439831794e-05,4.192116263539416,23.825060800834187,nan,2.48717221289182,nan
18.63,220.00323486328125,-214.29945373535156,-5.017882823944092,219.9080764617541,-214.38853695551893,-5.013913583163646,0.130409724978487,0.654920840886692,0.16152651462068218,3.57421278852393e-05,4.150173856213522,23.775789611956245,nan,nan,nan
18.64,220.00323486328125,-214.2907257080078,-5.017882823944092,219.9084943138554,-214.37968777463655,-5.012591391141247,0.13006929024743868,0.6549660930016716,0.16155062578001,3.504154117546809e-05,4.476561696995944,24.08964411492686,nan,1.241762075793637,nan
18.650000000000002,220.00323486328125,-214.28201293945312,-5.017882823944092,219.92713274394072,-214.37100375805656,-5.012519168821126,0.11721632633770868,0.654909191453119,0.16154014495093139,3.572462214438434e-05,3.9984163948386904,25.952460797705587,8.821546644792639,nan,nan
18.66,220.00323486328125,-214.27328491210938,-5.017882823944092,219.92759094358368,-214.36213935924073,-5.011867103960389,0.11684735448076322,0.6549542605812415,0.16156423472313552,3.502487786700919e-05,4.1960347442375845,25.32221434867222,nan,0.2934571201820137,nan
18.67,220.00323486328125,-214.26455688476562,-5.017882823944092,219.92804824227125,-214.35327510693827,-5.0118547554185415,0.11644865192231972,0.6549994153779755,0.1615883925112369,3.5729436829797035e-05,4.149736228894081,25.24486932084673,nan,nan,nan
18.68,220.00323486328125,-214.25582885742188,-5.017882823944092,220.1053888996359,-214.47793313192662,-5.011268651017419,0.24455981513799313,0.6346371969736807,0.1499840101849808,3.5029661101750945e-05,9.657481510373898,30.75468913187019,nan,0.2300273658581256,1.5331326710456044
18.69,220.00323486328125,-214.2471160888672,-5.017882823944092,220.1058179118204,-214.46914380435194,-5.0112526930548045,0.24467028206664926,0.6346891266282405,0.14999521820775588,3.5734581687520106e-05,9.579976321379778,31.503480563230312,nan,nan,nan
18.7,220.00323486328125,-214.23838806152344,-5.017882823944092,220.06034587175105,-214.4410135307024,-5.01266938832438,0.2105847286946423,0.6346243817372457,0.1499843085047239,3.501363207950812e-05,9.33400987350621,28.89085014193296,18.93608104503391,1.3192939371630117,nan
18.71,220.00323486328125,-214.2296600341797,-5.017882823944092,220.06069702311117,-214.43220060415942,-5.012670355735648,0.21059855679671327,0.6346760988808352,0.14999555454686184,3.571804372937104e-05,9.261514953093478,28.829344225449677,nan,nan,nan
18.72,220.00323486328125,-214.22093200683594,-5.017882823944092,220.0610367167032,-214.4233776606832,-5.011499562921255,0.21063248334942122,0.6347279005656669,0.1500068615236345,3.5019007134121566e-05,9.607788431514663,29.17707513822866,nan,0.9699725162767271,nan
18.73,220.00323486328125,-214.21221923828125,-5.017882823944092,220.06138783790755,-214.41456473104125,-5.01149079424983,0.2106331525230235,0.6347797872063531,0.15001822978540003,3.57237897646382e-05,9.530225920060182,29.928410334064335,nan,nan,nan
18.740000000000002,220.00323486328125,-214.2034912109375,-5.017882823944092,220.06173436695735,-214.40574788980697,-5.010999533938531,0.21065928832824063,0.6348317586824905,0.15002965927482345,3.5024664398002796e-05,9.68330984433119,29.262203902110382,nan,0.1648141569860092,nan
18.75,220.00323486328125,-214.19476318359375,-5.017882823944092,220.05224237655,-214.39222496974466,-5.010859832076948,0.2035736126354796,0.6347668678364362,0.15001890035775914,3.5707820252716934e-05,9.671533305199459,29.00450108359218,1.7508213637863717,nan,nan
18.76,220.00323486328125,-214.18603515625,-5.017882823944092,220.0525729540288,-214.3834012798463,-5.01050205720279,0.20357335203738275,0.6348186262989328,0.15003036749374976,3.500943370735783e-05,9.790923594771149,29.131907354251897,nan,0.08375779112603221,nan
18.77,220.00323486328125,-214.1773223876953,-5.017882823944092,220.05290671366728,-214.374580397216,-5.01048629468456,0.2035502976807468,0.6348704696414129,0.1500418961394349,3.571408613638844e-05,9.710252955550358,29.882397159229214,nan,nan,nan
18.78,220.00323486328125,-214.16859436035156,-5.017882823944092,220.05322704375638,-214.36574794684478,-5.009020614949181,0.20358608381730076,0.6349223977636977,0.15005348625352377,3.501557847399811e-05,10.36663904360501,29.72343880557608,nan,1.4851494583664897,nan
18.79,220.00323486328125,-214.1598663330078,-5.017882823944092,220.05356051671563,-214.35692726930122,-5.008992407992453,0.20357977183950976,0.63497441104996,0.15006513816245692,3.57206047530656e-05,10.28198573145993,29.642102000470725,nan,nan,nan
18.8,220.00323486328125,-214.15113830566406,-5.017882823944092,220.0647209249204,-214.35506191488858,-5.009251817475697,0.21316629294451217,0.6349093747888453,0.1500545257435938,3.500081461769388e-05,10.324799496517372,29.81692746946229,3.1358464389930654,0.018001818489714,nan
18.81,220.00323486328125,-214.14242553710938,-5.017882823944092,220.06507544924065,-214.34625957071427,-5.009230077532122,0.21318405509773056,0.6349611745523512,0.15006621489099398,3.570534208170939e-05,10.238035618721256,30.542150626397195,nan,nan,nan
18.82,220.00323486328125,-214.13369750976562,-5.017882823944092,220.06543896562673,-214.33746501719634,-5.010230241188864,0.2131879674277072,0.635013059038873,0.15007796574360255,3.5007383434355636e-05,9.760433141570918,29.30201080129835,nan,0.7355574832875758,nan
18.830000000000002,220.00323486328125,-214.12496948242188,-5.017882823944092,220.06579342089086,-214.32866243084007,-5.010220938198265,0.21322076554283703,0.6350650286134119,0.15008977861270745,3.571229072708543e-05,9.678119320346596,29.254680520048304,nan,nan,nan
18.84,220.00323486328125,-214.11624145507812,-5.017882823944092,220.0661362009347,-214.31984952431168,-5.008852727829879,0.21329408517687437,0.6351170832046388,0.150101653479613,3.501415979222533e-05,10.310148372876789,29.92191836795948,nan,1.3052222105170261,nan
18.85,220.00323486328125,-214.10752868652344,-5.017882823944092,220.07106737803645,-214.31515663166306,-5.008881133744671,0.21861300072813927,0.6350519025518881,0.15009118355526851,3.569743951476814e-05,10.389712264409706,30.735030392324116,1.2403647243253073,nan,nan
18.86,220.00323486328125,-214.0988006591797,-5.017882823944092,220.07142446566007,-214.30636074856213,-5.007920842610016,0.2187012886316149,0.6351037431242669,0.15010309523344298,3.499996823851164e-05,10.902727414620983,30.49526805815174,nan,0.626067056433171,nan
18.87,220.00323486328125,-214.09007263183594,-5.017882823944092,220.0717895305649,-214.29757189909077,-5.007893944968757,0.2187589221514129,0.6351556687084311,0.15011506914656864,3.570475855164093e-05,10.809560490661294,30.424611263739592,nan,nan,nan
18.88,220.00323486328125,-214.0813446044922,-5.017882823944092,220.07217306822022,-214.28879897977225,-5.010096172878362,0.21874740194541603,0.6352076792510968,0.150127105290162,3.5007091480556805e-05,9.695083031728528,29.36395306737876,nan,3.5038380914634777,nan
18.89,220.00323486328125,-214.0726318359375,-5.017882823944092,220.07253815308184,-214.28000992785746,-5.010093579424723,0.2187905192546776,0.6352597750901069,0.15013920395430586,3.571226049499788e-05,9.608958482657886,30.06960846536677,nan,nan,nan
18.900000000000002,220.00323486328125,-214.06390380859375,-5.017882823944092,220.07674040811685,-214.27281777870928,-5.010128183340421,0.2216038052062814,0.6351944506299273,0.15012887210910367,3.4993231614987906e-05,9.571389544777634,29.39452403023802,0.31789305709391635,0.007324332719604321,nan
18.91,220.00323486328125,-214.05517578125,-5.017882823944092,220.077112105059,-214.26403041055033,-5.0101272222917785,0.22167149656610632,0.6352463319486077,0.15014100712365272,3.569790524998541e-05,9.486768032934274,29.32969889331932,nan,nan,nan
18.92,220.00323486328125,-214.0464630126953,-5.017882823944092,220.07750377421502,-214.25526039538158,-5.012671939391006,0.2216740207280738,0.6352982981664161,0.15015320459737697,3.500065027674759e-05,8.5254114982524,29.157754407999533,nan,4.572511801399705,nan
18.93,220.00323486328125,-214.03773498535156,-5.017882823944092,220.07787547218,-214.24647300890635,-5.012698307943913,0.22174233285616146,0.6353503496043201,0.1501654648071139,3.570570640373504e-05,8.451872583072964,28.331255091508478,nan,nan,nan
18.94,220.00323486328125,-214.0290069580078,-5.017882823944092,220.07823660162865,-214.23767640916472,-5.011336986938653,0.22183563416042557,0.6354024862344317,0.15017778776814908,3.500821656907255e-05,8.872753246961453,28.757357395881247,nan,1.3613678942152914,nan
18.95,220.00323486328125,-214.02027893066406,-5.017882823944092,220.06466127954735,-214.21129974879352,-5.0114087991304626,0.2007587372231451,0.6353370189413275,0.15016758980485953,3.5691637486406946e-05,7.8546809876776855,28.735780152663196,25.53232339042977,nan,nan
18.96,220.00323486328125,-214.01156616210938,-5.017882823944092,220.06499868352864,-214.20244638158658,-5.011613757342985,0.20072201890990535,0.6353889405615062,0.15017994863606196,3.4994748669791544e-05,7.753162872001846,29.491497748611952,nan,0.02489672371691502,nan
18.97,220.00323486328125,-214.00283813476562,-5.017882823944092,220.065334825386,-214.193591867726,-5.011633835975695,0.20070486237847873,0.6354409473252896,0.15019237041556988,3.5699690063214264e-05,7.675239763029029,28.5692603307437,nan,nan,nan
18.98,220.00323486328125,-213.99411010742188,-5.017882823944092,220.0656626594019,-214.18473028234197,-5.010520310550274,0.2007174317754334,0.6354930392204708,0.15020485517093485,3.500255023462241e-05,8.081648765145701,28.96630911853184,nan,0.9086912423480693,nan
18.990000000000002,220.00323486328125,-213.98538208007812,-5.017882823944092,220.0659989309439,-214.17587596696305,-5.010530876777205,0.20070201856790354,0.6355452165444183,0.1502174031606788,3.5707870335530495e-05,7.9986100575861965,28.900301039335965,nan,nan,nan
19.0,220.00323486328125,-213.97666931152344,-5.017882823944092,220.01889681775654,-214.15126798423873,-5.0108557649528045,0.1754405109716523,0.6354796070410779,0.15020733454591997,3.498930784743966e-05,8.4303027366998,28.460990896155465,19.511812008600693,0.06848937649484323,nan
19.01,220.00323486328125,-213.9679412841797,-5.017882823944092,220.01915730425748,-214.14240978970417,-5.010871589842723,0.17533379865335044,0.6355315688612453,0.15021991789364456,3.569413159475023e-05,8.348047576196144,27.558712248790467,nan,nan,nan
19.02,220.00323486328125,-213.95921325683594,-5.017882823944092,220.01942782377225,-214.13356011148218,-5.012306538158028,0.1751859944677936,0.6355836157508054,0.150232564437836,3.4997303936670994e-05,7.811469208567984,27.047153420365774,nan,1.4203897136858423,nan
19.03,220.00323486328125,-213.9504852294922,-5.017882823944092,220.0196884536213,-214.1247018177509,-5.012338287123502,0.17507964515652724,0.6356357479926431,0.1502452744257272,3.5702508786573614e-05,7.736414600621385,26.962400485447564,nan,nan,nan
19.04,220.00323486328125,-213.9417724609375,-5.017882823944092,220.01994512491157,-214.1158402386259,-5.011799006111492,0.17497381779156207,0.6356879655963482,0.15025804790173283,3.500540099453026e-05,7.884121963669886,27.945991488910625,nan,0.2309674898466303,nan
19.05,220.00323486328125,-213.93304443359375,-5.017882823944092,220.02516458848788,-214.10913254590022,-5.011797443955875,0.17755271891158586,0.635622214814218,0.15024810426380603,3.5688959556775794e-05,7.813290948509529,27.142126408228943,0.2648861997403186,nan,nan
19.06,220.00323486328125,-213.92431640625,-5.017882823944092,220.0254312378113,-214.10027554669477,-5.011488125729349,0.1774688432193082,0.6356742164309771,0.15026091256595953,3.499241091077795e-05,7.897518071299689,27.246980959770273,nan,0.08074265376280515,nan
19.07,220.00323486328125,-213.91558837890625,-5.017882823944092,220.0257002187883,-214.09142046588812,-5.011514517959907,0.17737578845932286,0.6357263033232831,0.15027378451797224,3.569749628704223e-05,7.818524700494926,27.174100524833776,nan,nan,nan
19.080000000000002,220.00323486328125,-213.90687561035156,-5.017882823944092,220.0259727550819,-214.0825685226734,-5.012084148988899,0.17725302760433367,0.635778475514022,0.15028672017458594,3.500065731051469e-05,7.595706224832688,27.789386223987442,nan,0.20750813125241885,nan
19.09,220.00323486328125,-213.8981475830078,-5.017882823944092,220.02624169361502,-214.07371356027693,-5.0121183036021675,0.177160820474616,0.635830733266069,0.15029971976760226,3.570611838836007e-05,7.5197554136567275,26.907449510248227,nan,nan,nan
19.1,220.00323486328125,-213.88941955566406,-5.017882823944092,220.03387594953372,-214.07700751240634,-5.011932394886659,0.1901670983304984,0.6357648418603289,0.15028989646450036,3.498781188262067e-05,8.275991124348138,26.887206897765523,13.321314414109889,0.07591219061765644,nan
19.11,220.00323486328125,-213.8806915283203,-5.017882823944092,220.0341658790975,-214.06820090623822,-5.011967708554972,0.1901354336693997,0.6358168831391771,0.1503029303216145,3.569277298113616e-05,8.198324658921873,26.833856916594144,nan,nan,nan
19.12,220.00323486328125,-213.87197875976562,-5.017882823944092,220.0344480032878,-214.0593876552482,-5.010753660647805,0.19012411520996605,0.6358690096518453,0.15031602809589997,3.49961761324688e-05,8.623398653173286,28.056533541169348,nan,1.1046416676282254,nan
19.13,220.00323486328125,-213.86325073242188,-5.017882823944092,220.03473773096238,-214.05058098356997,-5.010778984329391,0.19009344598016825,0.6359212216490735,0.15032919000976938,3.570151453576498e-05,8.539184633524776,27.221284833038716,nan,nan,nan
19.14,220.00323486328125,-213.85452270507812,-5.017882823944092,220.03503467614107,-214.04178056902472,-5.012018486653417,0.19002927711176748,0.6359735191720125,0.15034241613200033,3.5004606175231e-05,8.062959244890981,26.748755970987197,nan,1.0389750316364186,nan
19.150000000000002,220.00323486328125,-213.84579467773438,-5.017882823944092,220.01726198619627,-214.02793974559972,-5.012114023975821,0.18277544960420633,0.6359074880369631,0.15033270863651405,3.568828616287842e-05,8.282659683787946,26.308259782897608,3.1965217435110125,nan,nan
19.16,220.00323486328125,-213.8370819091797,-5.017882823944092,220.01752341888084,-214.01913584613655,-5.0121493191353,0.18270378173428206,0.6359595686099525,0.15034596844092835,3.499190839483063e-05,8.243431891662993,27.03849136087394,nan,2.8619766832489883e-05,nan
19.17,220.00323486328125,-213.82835388183594,-5.017882823944092,220.01778475370216,-214.01033197519476,-5.01219177714861,0.18264751240408655,0.6360117345904882,0.15035929258494102,3.569711863325398e-05,8.166625675214464,26.19027192040761,nan,nan,nan
19.18,220.00323486328125,-213.8196258544922,-5.017882823944092,220.01804273631967,-214.0015253637915,-5.011649648792045,0.18260765882002078,0.6360639860307339,0.15037268114581498,3.500042383640857e-05,8.324972238881525,26.35213858872405,nan,0.24203175997108078,nan
19.19,220.00323486328125,-213.81089782714844,-5.017882823944092,220.01830400227624,-213.99272148745388,-5.011688079123544,0.18255217681613684,0.6361163231648571,0.15038613433327497,3.570600514039706e-05,8.245483215172134,26.293668938443208,nan,nan,nan
19.2,220.00323486328125,-213.80218505859375,-5.017882823944092,220.01158938884083,-213.98057558021677,-5.011114322962252,0.17871426610038263,0.6360501529822755,0.15037653790414063,3.4987811282188675e-05,8.450708567651487,27.190163025364416,0.5848083090060716,0.305462074821711,nan
19.21,220.00323486328125,-213.79345703125,-5.017882823944092,220.01183833683524,-213.9717653789439,-5.011148832470115,0.1786427531575083,0.6361022726877177,0.1503900241633508,3.5692887637043345e-05,8.3680174093224,26.35705210618153,nan,nan,nan
19.22,220.00323486328125,-213.78472900390625,-5.017882823944092,220.01209075451192,-213.9629579014519,-5.011824238205722,0.17855159811934382,0.6361544777857264,0.15040357504405485,3.49963883747058e-05,8.102864592779543,26.123745998936656,nan,0.28922345079112516,nan
19.23,220.00323486328125,-213.7760009765625,-5.017882823944092,220.01234000095067,-213.95414743944102,-5.011867119444625,0.1784804035986317,0.6362067685005348,0.15041719074835705,3.57018370477254e-05,8.024307409156926,26.068203318093673,nan,nan,nan
19.240000000000002,220.00323486328125,-213.7672882080078,-5.017882823944092,220.01258791455408,-213.94533582373683,-5.011648819976837,0.178402062320934,0.6362591448992597,0.15043087136492092,3.500500572633526e-05,8.076557222240801,26.88684098406943,nan,0.04852124501688514,nan
19.25,220.00323486328125,-213.75856018066406,-5.017882823944092,219.98854994361267,-213.92780473830646,-5.011659399753893,0.169994406278253,0.6361928365319601,0.15042138133798075,3.5688784378243314e-05,8.260076870308934,25.623520960101015,5.012015228527907,nan,nan
19.26,220.00323486328125,-213.7498321533203,-5.017882823944092,219.98875682362655,-213.9189862600625,-5.0112582968304675,0.16990176520409803,0.6362449950316654,0.150435094395867,3.499246535730291e-05,8.386124101630546,25.774912048727543,nan,0.1391164056846025,nan
19.27,220.00323486328125,-213.74110412597656,-5.017882823944092,219.98896612206892,-213.91016973956314,-5.011297711299752,0.1697944121039639,0.6362972390707906,0.15044887247118255,3.569777543824403e-05,8.304167287236831,25.72391116982461,nan,nan,nan
19.28,220.00323486328125,-213.73239135742188,-5.017882823944092,219.98918443073745,-213.90136074446033,-5.0131468193806095,0.16961868455463744,0.6363495687253636,0.1504627156593934,3.5001122404050714e-05,7.686660235442407,25.88981892204847,nan,2.309511156333367,nan
19.29,220.00323486328125,-213.72366333007812,-5.017882823944092,219.98939411689938,-213.89254443193104,-5.013206478927421,0.16951183152269322,0.6364019842062074,0.15047662415242563,3.570679828206122e-05,7.616137374294486,25.062944502806207,nan,nan,nan
19.3,220.00323486328125,-213.71493530273438,-5.017882823944092,219.99475459953217,-213.88100472583338,-5.015045895502892,0.16631000067545593,0.6363355383570186,0.1504672356966578,3.4988625408674106e-05,6.800348019113464,24.810482660155508,3.1019506818730025,2.4749728625503096,nan
19.31,220.00323486328125,-213.70620727539062,-5.017882823944092,219.99496872777502,-213.8721681492799,-5.015124415339974,0.16618949869449257,0.6363877354675397,0.1504811759736983,3.5693790952009996e-05,6.742088279569209,24.73853569034914,nan,nan,nan
19.32,220.00323486328125,-213.69749450683594,-5.017882823944092,219.9951872337242,-213.8633352045691,-5.016175729568943,0.16604461911580928,0.6364400181239456,0.1504951815604604,3.499730468180529e-05,6.569840104829976,25.3405675470916,nan,0.6670159581643855,nan
19.330000000000002,220.00323486328125,-213.6887664794922,-5.017882823944092,219.99540137642308,-213.85449845969256,-5.016265793258493,0.16592488531179853,0.6364923865291142,0.15050925264283835,3.570283723064572e-05,6.518857312443921,24.484247534997472,nan,nan,nan
19.34,220.00323486328125,-213.68003845214844,-5.017882823944092,219.9956161826216,-213.845662157768,-5.016504589211581,0.1658045707727274,0.6365448407710332,0.15052338932532874,3.500600652374002e-05,6.459151975324131,24.414979708122722,nan,0.01542101399609925,nan
19.35,220.00323486328125,-213.6713104248047,-5.017882823944092,219.98929958724088,-213.83705887056138,-5.016523845311276,0.16633876881835002,0.6364782582764855,0.15051409765759244,3.568985890904178e-05,6.687429605527436,24.141828674645435,1.3625816421392885,nan,nan
19.36,220.00323486328125,-213.66259765625,-5.017882823944092,219.9895149983941,-213.8282403184526,-5.018890534675498,0.16621294087707078,0.6365304936841638,0.15052826544676143,3.49935298519343e-05,6.623010555957373,24.818332475876545,nan,3.6523853998520814,nan
19.37,220.00323486328125,-213.65386962890625,-5.017882823944092,219.9897207513036,-213.81941376237359,-5.0190069220288205,0.1660986301704494,0.6365828147627498,0.15054249891914206,3.5698913180810526e-05,6.589100989018139,23.970429768053457,nan,nan,nan
19.38,220.00323486328125,-213.6451416015625,-5.017882823944092,219.98993141733638,-213.8105914074824,-5.0203227828750805,0.1660017269564611,0.6366352216072743,0.1505567981845457,3.500224034827407e-05,6.683731667568342,24.044934842859647,nan,1.0139925545253543,nan
19.39,220.00323486328125,-213.63641357421875,-5.017882823944092,219.99013720594334,-213.80176498411015,-5.020453309389939,0.16588925455327846,0.6366877144100165,0.15057116342090932,3.570798425453796e-05,6.658848377565757,23.979657328723803,nan,nan,nan
19.400000000000002,220.00323486328125,-213.62770080566406,-5.017882823944092,219.97023544011157,-213.79850422233093,-5.020839185004159,0.17398709476661237,0.6366209959889604,0.1505619636301311,3.498977917127644e-05,7.8934028501474405,24.079406094302424,21.559679699419963,0.06816944894739371,nan
19.41,220.00323486328125,-213.6189727783203,-5.017882823944092,219.97041827926446,-213.78973126073282,-5.020973477645425,0.17391072319628695,0.6366732694934792,0.15057635927050322,3.569500756166251e-05,7.8711312966607885,23.32761981892868,nan,nan,nan
19.42,220.00323486328125,-213.61024475097656,-5.017882823944092,219.9705989620054,-213.78095629862761,-5.020522528869464,0.1738231934915412,0.6367256286920836,0.1505908208930681,3.4998485783665206e-05,7.762714398177166,23.1852093135631,nan,0.24269814107095908,nan
19.43,220.00323486328125,-213.6015167236328,-5.017882823944092,219.97078193318833,-213.77218339522472,-5.020652987356194,0.1737468827611126,0.6367780737708502,0.15060534867111347,3.5704076113935666e-05,7.738844206462165,23.11643020202746,nan,nan,nan
19.44,220.00323486328125,-213.59280395507812,-5.017882823944092,219.97096499509323,-213.7634107962061,-5.0208113073227185,0.17365659978082673,0.6368306048341478,0.15061994272141654,3.500720345342604e-05,7.72817469852689,23.77489132055771,nan,0.0005089907133198266,nan
19.45,220.00323486328125,-213.58407592773438,-5.017882823944092,219.96604207921862,-213.75752163808585,-5.020913530576018,0.17741449435811302,0.6367637513014469,0.1506108299227047,3.5691105410520584e-05,8.153474955603714,22.868111919885614,2.6450614514372837,nan,nan
19.46,220.00323486328125,-213.57534790039062,-5.017882823944092,219.9662185432098,-213.74876820033626,-5.020671069488957,0.17734876006920194,0.6368160626090363,0.15062545365442848,3.499472921447569e-05,8.079062696376694,22.772898468129988,nan,0.09974047968413755,nan
19.47,220.00323486328125,-213.56661987304688,-5.017882823944092,219.9663962878937,-213.74001606098957,-5.020801773080658,0.17729026734061315,0.6368684597183374,0.15064014372293694,3.570016048684336e-05,8.05654895825548,22.706381342329035,nan,nan,nan
19.48,220.00323486328125,-213.5579071044922,-5.017882823944092,219.96656790607162,-213.73125887078123,-5.01912382566445,0.1771915367951151,0.6369209427391491,0.15065490024904624,3.500343590668193e-05,7.821806043013583,23.14635650715252,nan,2.3121025815337535,nan
19.490000000000002,220.00323486328125,-213.54917907714844,-5.017882823944092,219.96674593429924,-213.72250671811332,-5.019238538371632,0.17713201580266438,0.6369735118493766,0.15066972339999302,3.5709223015480635e-05,7.79060963393358,22.41004851612509,nan,nan,nan
19.5,220.00323486328125,-213.5404510498047,-5.017882823944092,219.94511494684713,-213.70891937481045,-5.018981247494021,0.17821534095259986,0.636906523935483,0.15066069261216314,3.4990960028452956e-05,8.21757725522624,22.099088495412754,5.015139133572363,0.14090214857136568,nan
19.51,220.00323486328125,-213.53172302246094,-5.017882823944092,219.9452593066815,-213.70017442133422,-5.019094826471567,0.1781530462707434,0.6369588728332258,0.1506755446980517,3.569622702271937e-05,8.18579236928069,22.048309531697193,nan,nan,nan
19.52,220.00323486328125,-213.52301025390625,-5.017882823944092,219.9454001260683,-213.6914265678172,-5.018114425931758,0.17807011332427092,0.6370113075684742,0.1506904634232127,3.499964694358194e-05,8.106625326989313,22.625131286571346,nan,0.8466067330761601,nan
19.53,220.00323486328125,-213.5142822265625,-5.017882823944092,219.94554427140733,-213.68268149910887,-5.0182189320682395,0.17800739409805427,0.6370638283144128,0.1507054489514027,3.570527140538246e-05,8.070141942065897,21.885160433181564,nan,nan,nan
19.54,220.00323486328125,-213.50555419921875,-5.017882823944092,219.94568669987603,-213.67393505247063,-5.017819778650008,0.1779435495539303,0.6371164351879479,0.15072050140865634,3.5008338106672645e-05,8.029141985553927,21.83103603513611,nan,0.17963821017592987,nan
19.55,220.00323486328125,-213.49684143066406,-5.017882823944092,219.92965521582818,-213.6461513489219,-5.018029688744498,0.16645551291186345,0.6370493136900341,0.15071154766148417,3.5692268053720825e-05,7.116836054623302,22.599903734749734,21.287591116016642,nan,nan
19.56,220.00323486328125,-213.4881134033203,-5.017882823944092,219.92976738970148,-213.6373461473336,-5.019609473813222,0.16634561274557427,0.637101699900046,0.15072662828750064,3.499582974803453e-05,7.164052283374086,21.88207107419391,nan,1.5374269462045045,nan
19.57,220.00323486328125,-213.47938537597656,-5.017882823944092,219.9298752802328,-213.6285375148652,-5.019729449546867,0.16622695024036843,0.6371541720415799,0.1507417758915062,3.5701286674006415e-05,7.137195992091171,21.824630185784244,nan,nan,nan
19.580000000000002,220.00323486328125,-213.4706573486328,-5.017882823944092,219.9299831884831,-213.6197287403106,-5.01982454950512,0.16610797083715523,0.6372067302356191,0.15075699060251116,3.50044988648345e-05,7.1123800704662905,21.78770666624124,nan,0.00047205937601099793,nan
19.59,220.00323486328125,-213.46194458007812,-5.017882823944092,219.93009119507127,-213.61092007625763,-5.019946417324651,0.16597576051574814,0.6372593746492136,0.150772272579811,3.5710307602549466e-05,7.08594021791322,22.4587605769044,nan,nan,nan
19.6,220.00323486328125,-213.45321655273438,-5.017882823944092,219.9376224658332,-213.60137030021605,-5.01913682041594,0.1620373169948733,0.6371921203055537,0.15076339083216106,3.499197969144485e-05,6.670605957886926,21.781027887094154,1.8744103681613118,0.7349380378049675,nan
19.61,220.00323486328125,-213.44448852539062,-5.017882823944092,219.9377403503521,-213.59254887367342,-5.019252203084954,0.16190513628875755,0.6372445436059382,0.15077870018950376,3.5697264494224225e-05,6.641902050268702,21.723475362745237,nan,nan,nan
19.62,220.00323486328125,-213.43576049804688,-5.017882823944092,219.93785251740584,-213.5837228963144,-5.017153766026635,0.16176604705159767,0.6372970528828062,0.15079407682818,3.5000620686408185e-05,6.56844960987261,21.60803280981525,nan,3.463339591102871,nan
19.63,220.00323486328125,-213.4270477294922,-5.017882823944092,219.9379703200376,-213.57490161626433,-5.017248886076616,0.16161879320069766,0.6373496482997154,0.1508095209049656,3.570625925309468e-05,6.527492111206183,22.28334581494609,nan,nan,nan
19.64,220.00323486328125,-213.41831970214844,-5.017882823944092,219.93809133081473,-213.56608284516915,-5.018671912147705,0.16148761227341543,0.6374023299829081,0.15082503255265237,3.50092625593629e-05,6.498287298268998,21.530686115965686,nan,1.2422975841130721,nan
19.650000000000002,220.00323486328125,-213.4095916748047,-5.017882823944092,219.93547256053617,-213.5534431714399,-5.018770366592953,0.15901500083156517,0.6373349435763104,0.15081621776453372,3.5693202449710566e-05,6.304141608687535,21.512025890959755,0.8726697779883431,nan,nan
19.66,220.00323486328125,-213.40086364746094,-5.017882823944092,219.92561717548287,-213.569419349875,-5.017135407669315,0.1855696335787577,0.6372253233822259,0.149826210021641,3.499669285812104e-05,11.979629138567962,27.150103988606656,nan,2.1473830133256793,0.6123509870799754
19.67,220.00323486328125,-213.39215087890625,-5.017882823944092,219.92570627546823,-213.56063040815886,-5.017229914528072,0.18546282645362389,0.6372771494172698,0.14983809844040918,3.570215682857608e-05,11.916201838779951,27.83456776121599,nan,nan,nan
19.68,220.00323486328125,-213.3834228515625,-5.017882823944092,219.92579557852414,-213.55184277342568,-5.0176072415339785,0.18537040985485012,0.6373290600504701,0.1498500477186184,3.5005308073865275e-05,11.849037438437545,27.031484021532897,nan,0.05601570178527346,nan
19.69,220.00323486328125,-213.37469482421875,-5.017882823944092,219.92588448919574,-213.54305391780932,-5.017706784713781,0.18527788792950048,0.6373810554304535,0.14986205805654276,3.571112065452975e-05,11.790572581144112,26.97743441762387,nan,nan,nan
19.7,220.00323486328125,-213.365966796875,-5.017882823944092,219.89069517792947,-213.5181617444847,-5.017933038778562,0.18928413926826018,0.6373159375222515,0.14985115535921079,3.499273308320758e-05,11.856434824983612,26.881601342172758,11.857568754604223,0.004113062730923015,nan
19.71,220.00323486328125,-213.3572540283203,-5.017882823944092,219.89072383544672,-213.50934820112803,-5.018036691081416,0.18918613178968285,0.6373677183038801,0.14986319958140137,3.569801876113817e-05,11.79859291696696,27.602510474606277,nan,nan,nan
19.72,220.00323486328125,-213.34852600097656,-5.017882823944092,219.89075131323636,-213.5005297330576,-5.01699582478793,0.1890991019671009,0.637419583621337,0.14987530490167686,3.500131715264565e-05,11.76393213058211,26.82509341148804,nan,0.9268353842867941,nan
19.73,220.00323486328125,-213.3397979736328,-5.017882823944092,219.89077991819113,-213.49171595257602,-5.017090346573769,0.18901273772365756,0.6374715336221936,0.1498874715140212,3.5706953721967876e-05,11.702777862646503,26.76935746987596,nan,nan,nan
19.740000000000002,220.00323486328125,-213.33106994628906,-5.017882823944092,219.89080781380488,-213.48289909511377,-5.016449954360043,0.1889285182338549,0.6375235684481191,0.14989969951491403,3.500990112289737e-05,11.687780054504199,26.76003552402452,nan,0.3821162969964932,nan
19.75,220.00323486328125,-213.32235717773438,-5.017882823944092,219.8926644343464,-213.472753123571,-5.0165306318881315,0.1866724101261139,0.6374583135113365,0.1498889335479342,3.569383662239492e-05,11.39692036865833,27.541247650989067,0.7431331732733697,nan,nan
19.76,220.00323486328125,-213.31362915039062,-5.017882823944092,219.89269403517568,-213.46392928028357,-5.016696707260493,0.18657655425290476,0.6375101332796652,0.14990119504996086,3.499728208351389e-05,11.330190915685074,26.726063264423146,nan,0.004083555797563312,nan
19.77,220.00323486328125,-213.30490112304688,-5.017882823944092,219.89272353220406,-213.45510487078724,-5.016788551740862,0.18648087720556772,0.6375620376673645,0.1499135180730916,3.570273907440341e-05,11.268025284266319,26.682492784808925,nan,nan,nan
19.78,220.00323486328125,-213.29617309570312,-5.017882823944092,219.89275360557798,-213.44628296513898,-5.01757262898646,0.1863844881599771,0.6376140268169072,0.14992590271945072,3.5005838390590595e-05,11.181941178808698,26.615610092078285,nan,0.3371484504939037,nan
19.79,220.00323486328125,-213.28746032714844,-5.017882823944092,219.89278316754326,-213.4374584232173,-5.017673558357437,0.18627680936650615,0.6376661008746288,0.14993834917457863,3.5711641589640605e-05,11.123678929720883,27.322543277836775,nan,nan,nan
19.8,220.00323486328125,-213.2787322998047,-5.017882823944092,219.89455037466277,-213.4339195509703,-5.014343459374672,0.18949387349504218,0.6376007095579003,0.14992771585355247,3.4993205214037815e-05,11.939355220959092,26.73721145904824,3.6036864620043945,8.421132589226152,nan
19.81,220.00323486328125,-213.27000427246094,-5.017882823944092,219.89458704491415,-213.42511960171043,-5.014412212965327,0.1894126683848706,0.6376525681011759,0.1499401953972546,3.569847934777739e-05,11.864387061389769,26.670724800080983,nan,nan,nan
19.82,220.00323486328125,-213.2612762451172,-5.017882823944092,219.89462432573177,-213.4163226739837,-5.015308034243584,0.18932055755529456,0.63770451134224,0.14995273679504628,3.5001730894563086e-05,11.6622021495341,26.495333895720005,nan,0.4818043244477034,nan
19.830000000000002,220.00323486328125,-213.2525634765625,-5.017882823944092,219.8946613490174,-213.4075228354536,-5.015387122040145,0.1892269521910957,0.6377565394268384,0.14996534022743427,3.570735382709512e-05,11.591571324884082,27.19959921889381,nan,nan,nan
19.84,220.00323486328125,-213.24383544921875,-5.017882823944092,219.89469930057393,-213.39872660848377,-5.016506624406519,0.18913786906863186,0.6378086524983548,0.1499780058040759,3.501025706573479e-05,11.417464036971369,26.31311418184795,nan,0.7621169030119043,nan
19.85,220.00323486328125,-213.235107421875,-5.017882823944092,219.90998828959962,-213.39858277444858,-5.016562639896728,0.18820429667874086,0.6377431254539432,0.14996750104886683,3.569417798241752e-05,11.524863508977571,26.241551853441564,3.3449890592918847,nan,nan
19.86,220.00323486328125,-213.22637939453125,-5.017882823944092,219.9100539004753,-213.38980459181707,-5.017287618875512,0.1881245364284659,0.6377950225572049,0.1499801992778241,3.499758207090991e-05,11.432901600804922,26.153063632840908,nan,0.2828672723900681,nan
19.87,220.00323486328125,-213.21766662597656,-5.017882823944092,219.91011925118863,-213.38102427913094,-5.017386928595898,0.18803320443923005,0.6378470044386794,0.1499929597638655,3.570302177243508e-05,11.374945773747868,26.82507211002294,nan,nan,nan
19.88,220.00323486328125,-213.2089385986328,-5.017882823944092,219.9101847757548,-213.37224384485216,-5.017486953577744,0.18795499180599082,0.6378990712424674,0.15000578263579467,3.642276974165629e-05,11.31949847943242,26.02830291639114,nan,nan,nan
19.89,220.00323486328125,-213.20021057128906,-5.017882823944092,219.9102502938203,-213.3634633615595,-5.017587871347523,0.1878767965608186,0.6379512231130691,0.1500186680381118,3.7156970478773544e-05,11.264877496323976,25.975499024770237,nan,nan,nan
19.900000000000002,220.00323486328125,-213.1914825439453,-5.017882823944092,219.9031740701261,-213.3580491499257,-5.017432443152314,0.1943110892294109,0.6378855609902728,0.15000828761987356,3.635097232752434e-05,11.98556676188261,25.804304761938006,6.090157764997748,0.04428414087114815,nan
19.91,220.00323486328125,-213.18276977539062,-5.017882823944092,219.90323310678744,-213.3492973519631,-5.017532840682798,0.19424702713099132,0.6379374964413765,0.1500212052100953,3.708288244230547e-05,11.929725954667596,26.470732948871554,nan,nan,nan
19.92,220.00323486328125,-213.17404174804688,-5.017882823944092,219.9032921443417,-213.34054415872046,-5.017156190044396,0.19419610661898376,0.6379895167487696,0.15003418539366828,3.6303427843161786e-05,11.889288803613127,25.749524355063798,nan,0.14993633669383152,nan
19.93,220.00323486328125,-213.16531372070312,-5.017882823944092,219.90335138827592,-213.33179243069887,-5.0172541465611715,0.1941449579469903,0.6380416220573172,0.15004722834253992,3.703405128913962e-05,11.833927314102054,25.68487987421926,nan,nan,nan
19.94,220.00323486328125,-213.15658569335938,-5.017882823944092,219.90341075374965,-213.32304204466448,-5.017817681427654,0.19409423993805344,0.6380938125112122,0.15006033417475756,3.62572563814459e-05,11.77207064760042,25.637528311170122,nan,0.1418294572153869,nan
19.95,220.00323486328125,-213.1478729248047,-5.017882823944092,219.88140000011848,-213.3179321426687,-5.0179544105891605,0.20919817539132105,0.6380280159603622,0.15005007385536737,3.6963134153454464e-05,13.358336931447338,26.183144190869058,25.302634864170233,nan,nan
19.96,220.00323486328125,-213.13914489746094,-5.017882823944092,219.881432523156,-213.30922978124218,-5.016731041213806,0.20920326085967672,0.638079989546403,0.15006321138760176,3.618993124020195e-05,13.345000049523845,25.520996492994573,nan,1.1660829593747062,nan
19.97,220.00323486328125,-213.1304168701172,-5.017882823944092,219.88146511994157,-213.30053112043743,-5.016824993433668,0.20920766611292752,0.6381320480669124,0.15007641190084148,3.691727278037963e-05,13.288959318335312,25.462923343164142,nan,nan,nan
19.98,220.00323486328125,-213.12168884277344,-5.017882823944092,219.88149793529573,-213.29183627322965,-5.018341483002541,0.20921337933874026,0.6381841916662547,0.1500896755169092,3.6146621347161544e-05,13.214923724001192,25.40946022556234,nan,1.336124697408148,nan
19.990000000000002,220.00323486328125,-213.11297607421875,-5.017882823944092,219.8815305316828,-213.2831375880873,-5.018451526237804,0.209206138901701,0.6382364204890304,0.15010300240209998,3.687288354541241e-05,13.16672298726601,26.003514464786633,nan,nan,nan
20.0,220.00323486328125,-213.104248046875,-5.017882823944092,219.87503137037348,-213.26852514041443,-5.019001375666463,0.20838510074731825,0.6381704901592384,0.15009285781969886,3.6082369698693816e-05,12.85512088430022,25.262803190753143,2.328530645021694,0.17653932026170402,nan
20.01,220.00323486328125,-213.09552001953125,-5.017882823944092,219.87505022412978,-213.2598070999465,-5.019116898356859,0.20838202764493768,0.6382225016684742,0.15010621588992207,3.680670942688035e-05,12.812522940272121,25.216376935575763,nan,nan,nan
20.02,220.00323486328125,-213.0867919921875,-5.017882823944092,219.87506908420355,-213.25108989973853,-5.0195632721579075,0.20838208478283704,0.6382745981892479,0.15011963727869512,3.6041947959234055e-05,12.800357231853273,25.213396273398132,nan,0.07231880836678005,nan
20.03,220.00323486328125,-213.0780792236328,-5.017882823944092,219.87508783116127,-213.2423720102106,-5.019684423577201,0.20836752943751352,0.6383267798660814,0.1501331221490627,3.6765344097769204e-05,12.759616067221012,25.832675823293908,nan,nan,nan
20.04,220.00323486328125,-213.06935119628906,-5.017882823944092,219.87510638110336,-213.2336490153691,-5.017675128169797,0.2083524044430576,0.6383790468434623,0.15014667062771797,3.600295083237693e-05,12.623736037943903,25.026650321674083,nan,3.0283367250383284,nan
20.05,220.00323486328125,-213.0606231689453,-5.017882823944092,219.8732556588311,-213.21898033158195,-5.017764104023083,0.2048697113831995,0.6383129833836988,0.15013663739948108,3.67023761768574e-05,12.044527535623462,24.976092756173887,3.849795507261029,nan,nan
20.06,220.00323486328125,-213.05189514160156,-5.017882823944092,219.8732669910683,-213.21023638091566,-5.017994759706736,0.20485020967697215,0.6383650326046397,0.15015021652499533,3.594323944804972e-05,11.995702194938541,24.93201458953505,nan,0.010955211819631057,nan
20.07,220.00323486328125,-213.04318237304688,-5.017882823944092,219.87327846816484,-213.201492103356,-5.018099753769683,0.20481865735511062,0.6384171669135513,0.15016385934122117,3.666402619930492e-05,11.94635489902706,25.584623332357825,nan,nan,nan
20.080000000000002,220.00323486328125,-213.03445434570312,-5.017882823944092,219.873289995606,-213.1927489001309,-5.018648898765871,0.20480093131443772,0.6384693864549296,0.15017756597763338,3.590713297071748e-05,11.912965306257115,24.84056098708448,nan,0.13163545974211757,nan
20.09,220.00323486328125,-213.02572631835938,-5.017882823944092,219.87330145600347,-213.1840047245279,-5.018760079409541,0.20478162457411916,0.6385216913732826,0.15019133659310993,3.6627155777745047e-05,11.869356211390398,24.79394778350178,nan,nan,nan
20.1,220.00323486328125,-213.01699829101562,-5.017882823944092,219.89889952659507,-213.18456939030258,-5.018128858106078,0.19739806567052975,0.638455495431948,0.15018141023694248,3.5850450764814286e-05,11.506817316265812,24.776403465781463,5.5259337084133415,0.36515151247250616,nan
20.11,220.00323486328125,-213.00828552246094,-5.017882823944092,219.89895278418288,-213.1758318533014,-5.018234467826061,0.1973490528292349,0.6385075821536988,0.1501952109352378,3.65688688932192e-05,11.458864074702145,25.416267454329933,nan,nan,nan
20.12,220.00323486328125,-212.9995574951172,-5.017882823944092,219.89900592946023,-213.16709576545358,-5.0190740288650035,0.1973174134280617,0.638559754039073,0.15020907566191577,3.5817199345430557e-05,11.447237920011142,24.714423752050614,nan,0.36188846900790195,nan
20.13,220.00323486328125,-212.99082946777344,-5.017882823944092,219.89905898822101,-213.15835820556117,-5.019188836165154,0.19728202299560563,0.6386120112326219,0.15022300457349302,3.653497020198623e-05,11.406630217136092,24.651510707762082,nan,nan,nan
20.14,220.00323486328125,-212.9821014404297,-5.017882823944092,219.89911170571906,-213.14962475391766,-5.0213684919661485,0.1972760562873009,0.638664353878776,0.15023699780298494,3.578534421067439e-05,11.651976514359367,24.88309248204285,nan,2.874808812823937,nan
20.150000000000002,220.00323486328125,-212.973388671875,-5.017882823944092,219.89522341668135,-213.12821098138247,-5.021438848032434,0.1888096009877311,0.6385980261038449,0.15022717380747375,3.647976958334429e-05,10.544504183354183,25.6399002071738,16.558198998498135,nan,nan
20.16,220.00323486328125,-212.96466064453125,-5.017882823944092,219.89526232938167,-213.119416598032,-5.020498977433394,0.18871756007245188,0.6386501501159552,0.15024119653284287,3.5733044049574425e-05,10.34194332386892,24.6947741362448,nan,0.7844487886257212,nan
20.17,220.00323486328125,-212.9559326171875,-5.017882823944092,219.89530114343242,-213.11062393414733,-5.020625852010693,0.18864415078699262,0.6387023593667134,0.15025528364556998,3.644878014966772e-05,10.309540513634024,24.640726347474732,nan,nan,nan
20.18,220.00323486328125,-212.9472198486328,-5.017882823944092,219.89533997393104,-213.10183156764356,-5.020919757539973,0.18856116718194282,0.63875465400047,0.15026943528066025,3.5703967755435094e-05,10.31283862472854,25.36144776680778,nan,0.01870014495121355,nan
20.19,220.00323486328125,-212.93849182128906,-5.017882823944092,219.89537890714706,-213.09303909024595,-5.021050309750954,0.18848819215534343,0.6388070341618997,0.15028365159164814,3.641920804533691e-05,10.283122224375486,24.566878334415556,nan,nan,nan
20.2,220.00323486328125,-212.9297637939453,-5.017882823944092,219.87655601038313,-213.08004974274925,-5.019666424076887,0.19656189714417902,0.638740575200696,0.1502739253658185,3.565452837361819e-05,10.551637766481127,24.29642832241066,4.242580027854301,1.748352110153054,nan
20.21,220.00323486328125,-212.92103576660156,-5.017882823944092,219.87656613075495,-213.07126460432153,-5.019784726278647,0.1965128207395143,0.6387927362934097,0.15028817056102234,3.636843140057423e-05,10.515427301966165,24.238276626157266,nan,nan,nan
20.22,220.00323486328125,-212.91232299804688,-5.017882823944092,219.87657610024894,-213.06248047426195,-5.020580678674486,0.19646116241206768,0.6388449826987661,0.15030248047939032,3.56281526131373e-05,10.57248470996304,25.02359742816611,nan,0.31179411540561164,nan
20.23,220.00323486328125,-212.90359497070312,-5.017882823944092,219.87658649337266,-213.05369532191662,-5.020707695867192,0.19641258853826227,0.638897314561543,0.150316855272797,3.634165774016558e-05,10.541690590831484,24.240893747070757,nan,nan,nan
20.240000000000002,220.00323486328125,-212.89486694335938,-5.017882823944092,219.87659722496363,-213.04491013411803,-5.020711097557888,0.1963620372254664,0.6389497320259319,0.15033129507873813,3.560308935704335e-05,10.500885097656754,24.18787414536302,nan,0.010587589403809577,nan
20.25,220.00323486328125,-212.88613891601562,-5.017882823944092,219.8907278153306,-213.04171883230907,-5.020881369267606,0.19202066937313003,0.6388831425256143,0.15032166199806601,3.629374262667185e-05,10.384330796315467,24.188721403168714,1.7780410467368573,nan,nan
20.26,220.00323486328125,-212.87742614746094,-5.017882823944092,219.89076285953985,-213.03293621622439,-5.018507562383294,0.19192113851927747,0.6389353404892996,0.15033613005406227,3.555772015841345e-05,10.100560442812823,24.590262114949482,nan,4.284270260583601,nan
20.27,220.00323486328125,-212.8686981201172,-5.017882823944092,219.89079684715816,-213.02415695034915,-5.018612932244781,0.19186007511965172,0.6389876238394195,0.15035066318084886,3.62696693310125e-05,10.058911296866624,23.820549775920703,nan,nan,nan
20.28,220.00323486328125,-212.85997009277344,-5.017882823944092,219.8908316644416,-213.01537463937768,-5.016518447851224,0.1917991494683393,0.6390399927200493,0.15036526151729268,3.553522891266596e-05,10.051409267708548,23.817394947174773,nan,3.316207924991432,nan
20.29,220.00323486328125,-212.8512420654297,-5.017882823944092,219.89086572879063,-213.00659528790837,-5.016604203532652,0.19173700996635518,0.6390924472761472,0.15037992521321208,3.624690456359347e-05,9.999111844314514,23.777843373907427,nan,nan,nan
20.3,220.00323486328125,-212.842529296875,-5.017882823944092,219.90539729570386,-212.99366976999994,-5.016340751288342,0.18005002147727145,0.6390257278827514,0.1503703805894821,3.549247144186846e-05,8.970383664164098,24.785399023386283,12.091863557660526,0.09398977780717224,nan
20.31,220.00323486328125,-212.83380126953125,-5.017882823944092,219.90544926991467,-212.98485083911024,-5.016425355887998,0.17994476639565285,0.6390779625089349,0.1503850718776527,3.6203029415165994e-05,8.917412717671157,23.97349769327088,nan,nan,nan
20.32,220.00323486328125,-212.8250732421875,-5.017882823944092,219.9055015139427,-212.97603131099365,-5.015939293508714,0.17984416426774588,0.6391302825937871,0.15039982856900777,3.547244694041212e-05,8.920788201014224,23.988032543031668,nan,0.2247254672614549,nan
20.330000000000002,220.00323486328125,-212.81634521484375,-5.017882823944092,219.90555354907443,-212.96721255068337,-5.016020474976468,0.17973886756123286,0.6391826882823882,0.15041465081224792,3.618281171062112e-05,8.865930419413935,23.914995271961466,nan,nan,nan
20.34,220.00323486328125,-212.80763244628906,-5.017882823944092,219.90560499433016,-212.9583953585314,-5.0175554258513,0.17961390316093517,0.6392351797186243,0.15042953874791862,3.545361559977036e-05,8.727714824005815,24.555013199334496,nan,1.4518604549128158,nan
20.35,220.00323486328125,-212.7989044189453,-5.017882823944092,219.8915323397502,-212.93546316293737,-5.017830786052235,0.1764249047947444,0.6391683310785353,0.1504200778583358,3.614150904686845e-05,8.069692975814375,24.097976824319794,12.262852734713064,nan,nan
20.36,220.00323486328125,-212.79017639160156,-5.017882823944092,219.89155510147157,-212.92660036242353,-5.019061633713411,0.17631012054097236,0.6392206021583138,0.15043499270645264,3.541452130176607e-05,8.065376321309435,24.089303527689243,nan,0.8781026651895969,nan
20.37,220.00323486328125,-212.7814483642578,-5.017882823944092,219.89157840961528,-212.91773631774456,-5.019176148805552,0.17619092655430177,0.6392729587693864,0.15044997329546927,3.612371935412861e-05,8.02917401520174,24.035421031434687,nan,nan,nan
20.38,220.00323486328125,-212.77273559570312,-5.017882823944092,219.89160218944372,-212.90887167154077,-5.018690215176713,0.17605549378872418,0.6393254010555187,0.15046501976682994,3.539799705493562e-05,7.956946210478318,24.728575448418063,nan,0.24952625031012837,nan
20.39,220.00323486328125,-212.76400756835938,-5.017882823944092,219.89162568600884,-212.90000767608794,-5.018800441991513,0.1759360104597313,0.6393779291619788,0.15048013226788642,3.610710132647346e-05,7.919007267066922,23.84943941703157,nan,nan,nan
20.400000000000002,220.00323486328125,-212.75527954101562,-5.017882823944092,219.88095722163382,-212.88712431379793,-5.019464476351474,0.17982593634181776,0.6393109519198333,0.15047075033880528,3.536121937621077e-05,8.037119949506634,23.748193372158983,1.933326459473744,0.341737585287106,nan
20.41,220.00323486328125,-212.74655151367188,-5.017882823944092,219.88096277671113,-212.87825674145031,-5.019580618117677,0.17972093000938327,0.6393632592460616,0.15048588904987692,3.6069381875620545e-05,8.003835756773164,23.688950447236273,nan,nan,nan
20.42,220.00323486328125,-212.7378387451172,-5.017882823944092,219.88096728011305,-212.8693907578017,-5.021491150039533,0.17963383298352092,0.6394156521740437,0.15050109382966,3.5346882477918394e-05,8.248765542059719,24.70230009162002,nan,2.2257757160277127,nan
20.43,220.00323486328125,-212.72911071777344,-5.017882823944092,219.88097264644477,-212.8605231988893,-5.021627049634529,0.17953080260728588,0.6394681308491621,0.15051636482479727,3.6055015616325635e-05,8.22721947875533,23.8448859694026,nan,nan,nan
20.44,220.00323486328125,-212.7203826904297,-5.017882823944092,219.88097893080496,-212.85165421114888,-5.020042894589889,0.17939729954147268,0.639520695415004,0.15053170217779896,3.533359965140485e-05,7.928622232616479,23.51286904531574,nan,2.051347271856184,nan
20.45,220.00323486328125,-212.71165466308594,-5.017882823944092,219.90899243866085,-212.85365502139854,-5.020170828817832,0.1704434549213953,0.639453590216365,0.15052239440238102,3.601954709955964e-05,7.705786429290086,23.476451944022106,6.632419993588099,nan,nan
20.46,220.00323486328125,-212.70294189453125,-5.017882823944092,219.90904479811786,-212.84479770315878,-5.018998894387929,0.17028236676205827,0.6395059335808628,0.15053775724154503,3.530002909996063e-05,7.553182839105874,24.09410925677228,nan,1.1614212917721447,nan
20.47,220.00323486328125,-212.6942138671875,-5.017882823944092,219.90909663554334,-212.8359412190836,-5.0191087357937185,0.17014743917255357,0.6395583626185709,0.15055318647832883,3.600730400844105e-05,7.518498656044847,23.2493938111271,nan,nan,nan
20.48,220.00323486328125,-212.68548583984375,-5.017882823944092,219.90914872414112,-212.82708445536477,-5.018808392109243,0.17000948847694913,0.6396108774729715,0.15056868225579045,3.5288759429730824e-05,7.460107836484154,23.15745613652727,nan,0.11735618345152196,nan
20.490000000000002,220.00323486328125,-212.6767578125,-5.017882823944092,219.9092004564201,-212.81822803200478,-5.018915886804522,0.16987454164568477,0.6396634782896113,0.15058424471974982,3.599608216986308e-05,7.424764567432185,23.08011536334003,nan,nan,nan
20.5,220.00323486328125,-212.6680450439453,-5.017882823944092,219.8949852657587,-212.8101205874684,-5.020093680827819,0.17862901029601563,0.6395962457776668,0.15057500625079728,3.525719122202676e-05,8.124350958008987,23.644893411057918,5.33954599437955,0.8907714823747851,nan
20.51,220.00323486328125,-212.65931701660156,-5.017882823944092,219.8950169400086,-212.80128603094346,-5.020213022178378,0.17852660802935866,0.6396486249746023,0.15059059345540782,3.5963709465136265e-05,8.096105314336722,22.82463198370274,nan,nan,nan
20.52,220.00323486328125,-212.6505889892578,-5.017882823944092,219.89504909573463,-212.79245120827414,-5.019712183354452,0.17841635586386212,0.6397010899134757,0.1506062473800108,3.5247810105710775e-05,7.999671903040111,22.693525508413956,nan,0.2684962622423254,nan
20.53,220.00323486328125,-212.64186096191406,-5.017882823944092,219.89508076708415,-212.78361691969445,-5.019827279631691,0.178313883358441,0.6397536407399266,0.1506219681700158,3.5954426671875547e-05,7.96969883254568,22.63090120677916,nan,nan,nan
20.54,220.00323486328125,-212.63314819335938,-5.017882823944092,219.89511243116434,-212.7747827614708,-5.019936950776826,0.17819941259170424,0.6398062775972915,0.1506377559690987,3.523933647885609e-05,7.94305798541883,23.334759524347618,nan,2.825563472371094e-05,nan
20.55,220.00323486328125,-212.62442016601562,-5.017882823944092,219.8978950016167,-212.76330680998362,-5.0201234534264225,0.17433016591708378,0.6397389184166777,0.1506285819293691,3.5923975156227064e-05,7.626246769425419,22.679948501130216,1.5838845123649448,nan,nan
20.56,220.00323486328125,-212.61569213867188,-5.017882823944092,219.89792871961146,-212.75445774474346,-5.020928914247408,0.17422558936377258,0.6397913332386402,0.1506443937028158,3.521050568206582e-05,7.710518342786742,22.750123579065153,nan,0.3285532768940534,nan
20.57,220.00323486328125,-212.60696411132812,-5.017882823944092,219.89796295072992,-212.74560820048893,-5.021055720490323,0.1741103853994288,0.6398438338727866,0.1506602725171849,3.591650190502e-05,7.687976838800423,22.68864883353387,nan,nan,nan
20.580000000000002,220.00323486328125,-212.59825134277344,-5.017882823944092,219.897997420008,-212.73675868089558,-5.02090606037257,0.17397799326027197,0.6398964204623747,0.150676218516448,3.520374446936462e-05,7.627005147196673,23.35687086139258,nan,0.05368356888478054,nan
20.59,220.00323486328125,-212.5895233154297,-5.017882823944092,219.89803159056183,-212.7279094248755,-5.021032036088287,0.17386305362425974,0.6399490931531687,0.1506922318455701,3.590989698632e-05,7.6046495360007444,22.52548238844262,nan,nan,nan
20.6,220.00323486328125,-212.58079528808594,-5.017882823944092,219.8989988299638,-212.72364950444774,-5.02188177683843,0.1768854697208074,0.6398816079456079,0.1506831173261637,3.5176602811006966e-05,8.086655213378226,22.58616951465329,2.3852453369006503,0.25425304375057284,nan
20.61,220.00323486328125,-212.5720672607422,-5.017882823944092,219.89903646954096,-212.71481888041748,-5.022018217768446,0.17678357293611607,0.6399340581880314,0.15069915384263072,3.588205490362302e-05,8.069975408691272,22.53148104453383,nan,nan,nan
20.62,220.00323486328125,-212.5633544921875,-5.017882823944092,219.89907519086995,-212.70598774190628,-5.020447799539023,0.17663538824927708,0.6399865943097066,0.15071525771635455,3.5171431706454736e-05,7.740749226969705,22.91237414856112,nan,2.0389585062031528,nan
20.63,220.00323486328125,-212.55462646484375,-5.017882823944092,219.8991127409881,-212.69715708798665,-5.020569065062707,0.1765321805668332,0.6400392164564621,0.15073142909209997,3.587707872310224e-05,7.716517263473292,22.106539331746696,nan,nan,nan
20.64,220.00323486328125,-212.5458984375,-5.017882823944092,219.89915007306246,-212.68832632508193,-5.020939561112938,0.17643324618126982,0.640091924771453,0.15074766811414067,3.5167023177526166e-05,7.7429508675166705,22.113233360891652,nan,0.04311940412357897,nan
20.650000000000002,220.00323486328125,-212.53717041015625,-5.017882823944092,219.90220909944003,-212.6853644718882,-5.021020466412752,0.17938096245860125,0.6400243141805185,0.1507386081804843,3.5850837777227356e-05,8.079201365223033,21.931335852131966,2.3402898246274026,nan,nan
20.66,220.00323486328125,-212.52845764160156,-5.017882823944092,219.90225362805165,-212.67655509289997,-5.021926076042518,0.17929420748343222,0.6400767996368363,0.1507548695827734,3.5142161658530675e-05,8.230661830667835,22.791926866030344,nan,0.426018381516279,nan
20.67,220.00323486328125,-212.5197296142578,-5.017882823944092,219.9022986718455,-212.6677453460557,-5.022060537797267,0.1792044220834424,0.6401293710413821,0.15077119865587774,3.584736619622966e-05,8.214589178441358,22.032891854785227,nan,nan,nan
20.68,220.00323486328125,-212.51100158691406,-5.017882823944092,219.82090054641307,-212.64494473275474,-5.023780393284507,0.22632134399920564,0.6251992890028764,0.1503454225238853,3.513916457795207e-05,14.851730234787972,28.655449478752438,nan,1.75313520522873,0.44269781411130543
20.69,220.00323486328125,-212.5022735595703,-5.017882823944092,219.8209242540441,-212.6361735559777,-5.023933037629857,0.2262807379428682,0.6252441113814472,0.15036432111347275,3.584460567804973e-05,14.823557415859813,28.6061360956638,nan,nan,nan
20.7,220.00323486328125,-212.49356079101562,-5.017882823944092,219.82643605015585,-212.63502079525162,-5.024830008509882,0.22653259477256144,0.6251909869613481,0.15035602054476968,3.511569504899657e-05,15.757087027550822,29.614642829756956,5.37086902679102,0.23856060961195324,nan
20.71,220.00323486328125,-212.48483276367188,-5.017882823944092,219.82646349320873,-212.6262756600994,-5.0249935950897155,0.22650557011562833,0.6252356303443214,0.1503749199559585,3.582051203466432e-05,15.735658450832007,28.845408183276405,nan,nan,nan
20.72,220.00323486328125,-212.47610473632812,-5.017882823944092,219.8264744887467,-212.61752754736503,-5.023464908621341,0.226441606504898,0.6252803575372243,0.15039388069346696,3.5114014343888324e-05,15.153096870452265,28.240998923938175,nan,2.0111973599122597,nan
20.73,220.00323486328125,-212.46737670898438,-5.017882823944092,219.8265018068825,-212.6087829286486,-5.023613760854448,0.2264136387712501,0.6253251689514251,0.15041290291159318,3.581909687181393e-05,15.124490598207295,28.17173751361118,nan,nan,nan
20.740000000000002,220.00323486328125,-212.4586639404297,-5.017882823944092,219.82653401096144,-212.60003950831458,-5.0242975895889,0.2263877020149319,0.6253700644711371,0.15043198674550792,3.5112959472272587e-05,15.31964635811385,29.051021108621338,nan,0.20003385830626572,nan
20.75,220.00323486328125,-212.44993591308594,-5.017882823944092,219.79628630004592,-212.57929918295167,-5.024439352312324,0.2441424819234977,0.625316823756069,0.15042366628747283,3.579630642339423e-05,15.66913502358083,28.322507438979898,9.852620607269822,nan,nan
20.76,220.00323486328125,-212.4412078857422,-5.017882823944092,219.79624844425945,-212.57053894132872,-5.023590086191603,0.24413617601854523,0.6253615399291673,0.1504427504411543,3.50913434669532e-05,15.339233292555354,27.9536468604635,nan,0.7108477057064744,nan
20.77,220.00323486328125,-212.4324951171875,-5.017882823944092,219.79621987158487,-212.56178040916046,-5.02373779985367,0.24413966136310047,0.6254063402544273,0.1504618963032016,3.579611173888579e-05,15.309719865786468,28.640651180770654,nan,nan,nan
20.78,220.00323486328125,-212.42376708984375,-5.017882823944092,219.7961815015452,-212.55302007415693,-5.022785722565614,0.2441341167779707,0.6254512246418591,0.1504811040104924,3.509143933089299e-05,14.980195242273151,27.597830406748287,nan,0.8514601112750001,nan
20.79,220.00323486328125,-212.4150390625,-5.017882823944092,219.79615302277625,-212.5442614992984,-5.022924831457936,0.24414493375620125,0.6254961934643286,0.1505003737147444,3.57965017234701e-05,14.948641898643631,27.55629361731789,nan,nan,nan
20.8,220.00323486328125,-212.40631103515625,-5.017882823944092,219.80082046792126,-212.54382543509288,-5.023689880349474,0.24477646852379445,0.625442836213251,0.15049203020440663,3.507094263312302e-05,15.922941280864226,27.737495837827,5.590825273195756,0.26482920587018827,nan
20.81,220.00323486328125,-212.39759826660156,-5.017882823944092,219.80079366301732,-212.5350960329811,-5.023837407811773,0.24479283566457108,0.6254876253220488,0.1505112997051117,3.577543459405376e-05,15.894904545514587,28.395753611658183,nan,nan,nan
20.82,220.00323486328125,-212.3888702392578,-5.017882823944092,219.80077581654913,-212.52636800646212,-5.025030108686684,0.24483950920764228,0.6255324984479392,0.15053063127686922,3.507208488874455e-05,16.30479860870303,28.11275990813281,nan,0.7666213008726823,nan
20.830000000000002,220.00323486328125,-212.38014221191406,-5.017882823944092,219.80074926013745,-212.5176384204426,-5.025189889941826,0.24486531002518258,0.6255774559402774,0.150550025069992,3.5776891850023165e-05,16.28525980755126,28.070401586349945,nan,nan,nan
20.84,220.00323486328125,-212.3714141845703,-5.017882823944092,219.80070752561724,-212.50890618522615,-5.023507323743426,0.24485303294754088,0.6256224977441813,0.15056948122348537,3.507372872046838e-05,15.639557788454763,27.419453324551895,nan,2.3887937201058227,nan
20.85,220.00323486328125,-212.36270141601562,-5.017882823944092,219.7957880679993,-212.49596384975123,-5.023727917754875,0.24663173810267638,0.6255690241685906,0.15056111147313778,3.575686004734113e-05,15.440074376725335,28.14797362103621,1.0455817845301383,nan,nan
20.86,220.00323486328125,-212.35397338867188,-5.017882823944092,219.7957539451499,-212.48722227468912,-5.023736512889845,0.24665332490712258,0.6256138859008062,0.1505805668800937,3.505470133921531e-05,15.407008287218417,27.384593618759887,nan,0.013236951951364625,nan
20.87,220.00323486328125,-212.34524536132812,-5.017882823944092,219.7957208132791,-212.47848094006963,-5.023881884420956,0.24667750022546073,0.6256588319309432,0.15060008472940148,3.5759282274042764e-05,15.381037167702925,27.360697128768415,nan,nan,nan
20.88,220.00323486328125,-212.33651733398438,-5.017882823944092,219.79569314200228,-212.4697404312182,-5.024718956163351,0.24671581305569812,0.6257038622254344,0.15061966516120973,3.505725340731578e-05,15.652923054801231,27.620795429406048,nan,0.3356462918355672,nan
20.89,220.00323486328125,-212.3278045654297,-5.017882823944092,219.79566014673742,-212.46099925330594,-5.0248732538117915,0.24673255548557077,0.6257489771017987,0.15063930832410083,3.576216740387393e-05,15.62989164859841,28.261302052362034,nan,nan,nan
20.900000000000002,220.00323486328125,-212.31907653808594,-5.017882823944092,219.7748696759063,-212.44808366675184,-5.024538998707626,0.26236959182401237,0.6256953869951299,0.1506309090969334,3.503910427601811e-05,16.238052224923525,27.463214789253108,8.202283518541087,0.12296367673179064,nan
20.91,220.00323486328125,-212.3103485107422,-5.017882823944092,219.77479428978995,-212.4393495676394,-5.024689326463217,0.26243608131157004,0.6257403214281464,0.15065055094964913,3.574348362720178e-05,16.216239770320314,27.418121396993136,nan,nan,nan
20.92,220.00323486328125,-212.30162048339844,-5.017882823944092,219.7747224741541,-212.43061598254482,-5.025310786994071,0.26251271477720806,0.6257853400766442,0.15067025560338734,3.5042472686390024e-05,16.44123536815777,27.642181832915796,nan,0.15571505589051388,nan
20.93,220.00323486328125,-212.29290771484375,-5.017882823944092,219.77464730917055,-212.4218817795677,-5.025467708696713,0.26257210389233104,0.6258304432389266,0.15069002320581515,3.5747199781220784e-05,16.42097357165041,28.29063275527473,nan,nan,nan
20.94,220.00323486328125,-212.2841796875,-5.017882823944092,219.7745515034311,-212.41314471877394,-5.022741715710852,0.26258649468897327,0.6258756309101434,0.15070985389846966,3.504623334717961e-05,15.432155673453465,26.59300990701073,nan,5.856511752249147,nan
20.95,220.00323486328125,-212.27545166015625,-5.017882823944092,219.7631228132541,-212.4014168986538,-5.02274774675143,0.2711912707885304,0.625821924407478,0.15070142193103345,3.572931772813968e-05,15.714281435462295,26.56086303491541,2.5871992529525807,nan,nan
20.96,220.00323486328125,-212.2667236328125,-5.017882823944092,219.763035268853,-212.39268504465127,-5.024341394426358,0.2713002682796057,0.6258669312706412,0.1507212507305209,3.50292180088956e-05,16.19025570972624,27.043340641672415,nan,1.5129556677915588,nan
20.97,220.00323486328125,-212.2580108642578,-5.017882823944092,219.76293749052365,-212.38395180990744,-5.024485590529761,0.2713808130135788,0.625912022579481,0.15074114269287037,3.5733776073569224e-05,16.165328786882753,27.680460604009614,nan,nan,nan
20.98,220.00323486328125,-212.24928283691406,-5.017882823944092,219.7628395530282,-212.37521866620935,-5.024632627645384,0.27146877931350466,0.6259571983463784,0.1507610979603404,3.503367604631527e-05,16.193634860694164,27.01792576740802,nan,2.3542397539279576e-06,nan
20.990000000000002,220.00323486328125,-212.2405548095703,-5.017882823944092,219.76274155284588,-212.3664854367373,-5.0247788829689215,0.2715568280358745,0.6260024588438817,0.15078111667950467,3.5738591807648354e-05,16.171845301005025,26.999605804278463,nan,nan,nan
21.0,220.00323486328125,-212.23182678222656,-5.017882823944092,219.78661766558767,-212.370693560509,-5.022017420651129,0.25734041139528796,0.6259486357645552,0.15077264866903972,3.501733167542825e-05,15.452274122468284,25.944116882630674,6.654986038907449,5.620504636923743,nan
21.01,220.00323486328125,-212.22311401367188,-5.017882823944092,219.7865600806674,-212.36198552448377,-5.0221358669131275,0.2573933688159587,0.6259937150778492,0.15079266489217982,3.572173484564292e-05,15.417037381687415,26.571487602136457,nan,nan,nan
21.02,220.00323486328125,-212.21438598632812,-5.017882823944092,219.78650205148637,-212.35327752037534,-5.022166951866767,0.2574535369548534,0.6260388787967579,0.15081274463176303,3.502240832866267e-05,15.383309834177844,25.89088537083578,nan,0.005524756110449555,nan
21.03,220.00323486328125,-212.20565795898438,-5.017882823944092,219.7864447698567,-212.34456959921025,-5.022286789907273,0.2575146273776919,0.6260841271784687,0.15083288803380754,3.572717918460168e-05,15.350826417340343,25.86683664994175,nan,nan,nan
21.04,220.00323486328125,-212.19692993164062,-5.017882823944092,219.78636838144772,-212.3358594620717,-5.019264822191245,0.2575546452460363,0.6261294602583364,0.15085309524141619,3.502778384287836e-05,14.811322989344102,25.349448605400834,nan,6.963872098641725,nan
21.05,220.00323486328125,-212.18821716308594,-5.017882823944092,219.7970357418089,-212.33074724098188,-5.019452744159443,0.2506698335469777,0.6260755206732413,0.15084458785888166,3.571092592484576e-05,14.605677113277899,25.99276636288794,1.7685144128117436,nan,nan
21.06,220.00323486328125,-212.1794891357422,-5.017882823944092,219.79700567102822,-212.3220421344991,-5.020698393556369,0.25071849677311087,0.6261206721978445,0.150864791948663,3.501228851388477e-05,14.712036559218477,25.447826115159508,nan,0.9364712309499689,nan
21.07,220.00323486328125,-212.17076110839844,-5.017882823944092,219.79696880907392,-212.31333635692576,-5.0208044560454,0.25076268172322924,0.6261659083173319,0.15088505990822945,3.5716923717167116e-05,14.673710942124934,25.412331215299684,nan,nan,nan
21.080000000000002,220.00323486328125,-212.1620330810547,-5.017882823944092,219.79693583882738,-212.304631003104,-5.021589608460877,0.2508130680703296,0.6262112290806765,0.1509053918811011,3.5018183240666065e-05,14.776348752173703,25.53923307406034,nan,0.32417212875406637,nan
21.09,220.00323486328125,-212.1533203125,-5.017882823944092,219.7968989897066,-212.29592519603602,-5.021704709744377,0.25084906287090425,0.6262566347246975,0.15092578801266276,3.572319004782901e-05,14.74045449268074,26.169275157612216,nan,nan,nan
21.1,220.00323486328125,-212.14459228515625,-5.017882823944092,219.79058402501158,-212.27781611220192,-5.020630998837491,0.2509512294744359,0.6262025784715456,0.1509172378974788,3.5003185540607824e-05,13.794052921202757,25.233603758652762,5.342446818508245,0.9479502609716606,nan
21.11,220.00323486328125,-212.1358642578125,-5.017882823944092,219.79054273532503,-212.26908002253376,-5.020736135595874,0.25098311228486103,0.6262478021797476,0.15093763027028712,3.5707691642515134e-05,13.755526546360542,25.205073938210198,nan,nan,nan
21.12,220.00323486328125,-212.12713623046875,-5.017882823944092,219.79050275754022,-212.26034404730245,-5.021088741522862,0.2510170296735547,0.6262931104760443,0.1509580868606052,3.5009533668398037e-05,13.770496999741939,25.227933920105883,nan,0.042836933111499,nan
21.13,220.00323486328125,-212.11842346191406,-5.017882823944092,219.7904613799606,-212.25160792135438,-5.021198545854274,0.25104113099769504,0.6263385035852581,0.15097860781351624,3.571441794432354e-05,13.732584694385144,25.892026742192204,nan,nan,nan
21.14,220.00323486328125,-212.1096954345703,-5.017882823944092,219.79042387497387,-212.24287208461422,-5.022064474356313,0.25108170594739077,0.626383981574318,0.15099919327299996,3.501610310175758e-05,13.873850296688175,25.327138278030795,nan,0.40237269852586405,nan
21.150000000000002,220.00323486328125,-212.10096740722656,-5.017882823944092,219.81405985368554,-212.24646425837005,-5.022372349004698,0.23869787134258222,0.6263298086708532,0.15099059704028756,3.5699359939938753e-05,14.000657777989181,25.38378054402725,7.554769628667471,nan,nan
21.16,220.00323486328125,-212.0922393798828,-5.017882823944092,219.8140567227168,-212.23775133566775,-5.022136744835848,0.23870524499209222,0.6263751043470449,0.15101117808162368,3.500171937484951e-05,13.903207988250399,25.267549655470525,nan,0.09122409383431437,nan
21.17,220.00323486328125,-212.08352661132812,-5.017882823944092,219.81405530078882,-212.22903866929104,-5.022257890621826,0.23870862381963573,0.6264204847681815,0.15103182368601095,3.570648419171632e-05,13.870896440300998,25.89921102847931,nan,nan,nan
21.18,220.00323486328125,-212.07479858398438,-5.017882823944092,219.81404690465595,-212.220325564113,-5.020935032681376,0.2387037947171002,0.626465950011699,0.15105253399763688,3.500866162505451e-05,13.551422667434073,24.897641381601005,nan,1.473477332758557,nan
21.19,220.00323486328125,-212.06607055664062,-5.017882823944092,219.8140453997477,-212.21161300015427,-5.021043818053307,0.23871583076912808,0.6265115002866949,0.15107330916126874,3.571380422971686e-05,13.515754122500718,24.870177062707203,nan,nan,nan
21.2,220.00323486328125,-212.05734252929688,-5.017882823944092,219.8069980749566,-212.1982969200501,-5.019648150535799,0.24161981239658864,0.6264572105826581,0.1510646634009062,3.499463451765062e-05,13.177325320764563,24.607301376406074,0.8307068084488327,1.4953085208360062,nan
21.21,220.00323486328125,-212.0486297607422,-5.017882823944092,219.80698545083027,-212.1895738643971,-5.019743578945754,0.24162478070681342,0.6265025781599324,0.15108543346858533,3.569928109245608e-05,13.134526196053905,25.26440338602145,nan,nan,nan
21.22,220.00323486328125,-212.03990173339844,-5.017882823944092,219.8069716929414,-212.18085072793662,-5.019588135819103,0.24163766093422237,0.6265480305007644,0.1511062684406658,3.500189592083056e-05,13.071728486897879,24.52758038752129,nan,0.04483644938795897,nan
21.23,220.00323486328125,-212.0311737060547,-5.017882823944092,219.80695908200255,-212.1721276001387,-5.019683213647665,0.2416514514276674,0.6265935678051141,0.1511271684617836,3.57069244802348e-05,13.030680906529383,24.49816366142031,nan,nan,nan
21.240000000000002,220.00323486328125,-212.02244567871094,-5.017882823944092,219.8069536984288,-212.16340461765543,-5.021453068350708,0.2416784326110116,0.6266391901641041,0.1511481336763272,3.500931601203355e-05,13.255390806572244,24.725731158163008,nan,1.9776257269645878,nan
21.25,220.00323486328125,-212.01373291015625,-5.017882823944092,219.81120460428787,-212.15164210615532,-5.0215659627276406,0.23644900554131199,0.6265847836338593,0.151139434956981,3.569271076748914e-05,12.699838780999508,25.407626278189664,2.6869353934772775,nan,nan
21.26,220.00323486328125,-212.0050048828125,-5.017882823944092,219.81119206120908,-212.14290189545272,-5.018615735520293,0.23642453570263305,0.6266302229124469,0.1511603943798329,3.499571415748706e-05,12.286566571370784,24.270677437826304,nan,6.6327104810454625,nan
21.27,220.00323486328125,-211.99627685546875,-5.017882823944092,219.81119216628196,-212.13416213508393,-5.018700147083327,0.23641788388874496,0.6266757470862824,0.15118141904531415,3.570062754111785e-05,12.241538092594576,24.233113801495755,nan,nan,nan
21.28,220.00323486328125,-211.987548828125,-5.017882823944092,219.8111921640919,-212.12542240055413,-5.018728091328914,0.2364111561734265,0.6267213562543842,0.15120250909788488,3.500339012843954e-05,12.195013513833818,24.19838001674651,nan,0.002330635164783788,nan
21.29,220.00323486328125,-211.9788360595703,-5.017882823944092,219.81119242658113,-212.11668257911975,-5.018813981760788,0.23639548959422607,0.626767050604888,0.1512236646820719,3.5708682205854366e-05,12.149220402825682,24.875304602634163,nan,nan,nan
21.3,220.00323486328125,-211.97010803222656,-5.017882823944092,219.80947134286174,-212.11615468687398,-5.018169086498583,0.2426396693150454,0.6267125271050668,0.15121490955241887,3.499003339503304e-05,13.070990954246563,24.141323382387853,8.07351556516691,0.4119794069837688,nan
21.31,220.00323486328125,-211.9613800048828,-5.017882823944092,219.80945969381415,-212.1074479438826,-5.018250056799785,0.2426618922814567,0.6267580379861245,0.1512360586314545,3.569482928782349e-05,13.025175844100652,24.100712087507272,nan,nan,nan
21.32,220.00323486328125,-211.95265197753906,-5.017882823944092,219.80944548435102,-212.09874123690653,-5.017669487478773,0.24268588875571123,0.6268036337998175,0.15125727328777225,3.4997922527067e-05,12.975610075012778,24.06534892348549,nan,0.31003783216256114,nan
21.330000000000002,220.00323486328125,-211.94393920898438,-5.017882823944092,219.8094337463041,-212.09003454623576,-5.017745973407539,0.24269886533779236,0.6268493147275134,0.15127855366587395,3.570309976837103e-05,12.9262540559539,24.709487811143514,nan,nan,nan
21.34,220.00323486328125,-211.93521118164062,-5.017882823944092,219.8094209395641,-212.08132780907337,-5.01748855692901,0.24272218952011737,0.6268950808783756,0.1512998999102587,3.500592124931154e-05,12.883371678053104,24.016141047478232,nan,0.07920170466864566,nan
21.35,220.00323486328125,-211.92648315429688,-5.017882823944092,219.8263866493483,-212.08282465193503,-5.017652857721101,0.23604662153794062,0.6268404403484527,0.1512910849015464,3.56894542511067e-05,13.066894198258893,24.066473081083174,3.910395921782032,nan,nan
21.36,220.00323486328125,-211.91775512695312,-5.017882823944092,219.82639736140297,-212.0741393079268,-5.01623752776931,0.23607249125821725,0.6268860226419185,0.15131242390996494,3.4992842626086574e-05,13.096381466039647,24.11750911511628,nan,1.575512748494178,nan
21.37,220.00323486328125,-211.90904235839844,-5.017882823944092,219.8264130458509,-212.06545388258465,-5.016301875479531,0.2360784179370783,0.6269316899805897,0.1513338288269074,3.5697901251177075e-05,13.04115975449563,24.746958878812297,nan,nan,nan
21.38,220.00323486328125,-211.9003143310547,-5.017882823944092,219.82643447097178,-212.05676836591286,-5.018197872572414,0.23608545698501643,0.6269774424793888,0.15135529979686338,3.5001006572718484e-05,12.927889117570176,23.995826648220504,nan,2.3659381884486756,nan
21.39,220.00323486328125,-211.89158630371094,-5.017882823944092,219.82645005934504,-212.04808316313108,-5.01828255360249,0.23610229498023577,0.6270232803110534,0.15137683696434906,3.570644144648986e-05,12.883602039617585,23.946225077368563,nan,nan,nan
21.400000000000002,220.00323486328125,-211.88287353515625,-5.017882823944092,219.82928923210386,-212.0433370665681,-5.016915948254071,0.23665705644976343,0.6269685226105836,0.15136795859237814,3.498808755377392e-05,13.161049529079,24.670659637982773,1.850077199613013,1.8334148222263376,nan
21.41,220.00323486328125,-211.8741455078125,-5.017882823944092,219.82930727465703,-212.03466405992825,-5.01698967693136,0.23668081749385456,0.6270141761917404,0.1513894877760372,3.5693023111282235e-05,13.111243967647871,24.016506156578917,nan,nan,nan
21.42,220.00323486328125,-211.86541748046875,-5.017882823944092,219.829329917708,-212.02599069672414,-5.018669413303933,0.23670088000734624,0.6270599148688234,0.15141108319600075,3.499638352803507e-05,13.061262126765307,23.99285665335603,nan,1.8189759024880348,nan
21.43,220.00323486328125,-211.856689453125,-5.017882823944092,219.8293478618916,-212.01731751810533,-5.018761449681515,0.23672523417413407,0.6271057388097158,0.1514327449968196,3.5701697085288956e-05,13.020031894018784,23.960914288185904,nan,nan,nan
21.44,220.00323486328125,-211.8479766845703,-5.017882823944092,219.82936752823986,-212.00864419804816,-5.01953251877904,0.23674167688558495,0.6271516481366228,0.15145447332293122,3.500475180128812e-05,13.029514339712705,24.617531386519186,nan,0.32451851649064895,nan
21.45,220.00323486328125,-211.83924865722656,-5.017882823944092,219.83156664863918,-211.99907047077713,-5.019566902619096,0.2345545227148055,0.6270967731774595,0.15144552809023762,3.568840919051457e-05,12.811259615327119,23.891792384266708,0.5610416398510791,nan,nan
21.46,220.00323486328125,-211.8305206298828,-5.017882823944092,219.8315921926638,-211.9903914932797,-5.020547608622202,0.23457834601117006,0.6271424978609956,0.1514672476679193,3.499199978800512e-05,12.889897792671032,23.97264888273593,nan,0.5475232972331782,nan
21.47,220.00323486328125,-211.82179260253906,-5.017882823944092,219.831615547838,-211.98171269642756,-5.0206576489152726,0.23459609015526728,0.6271883077388068,0.1514890338063713,3.5697186775574804e-05,12.85796667285882,23.937077302761047,nan,nan,nan
21.48,220.00323486328125,-211.81307983398438,-5.017882823944092,219.83163553871455,-211.97303409923416,-5.019412878553767,0.23459334225517373,0.6272342029371537,0.15151088664997991,3.500046529093268e-05,12.66302552041189,24.40209279465135,nan,1.2980705419230298,nan
21.490000000000002,220.00323486328125,-211.80435180664062,-5.017882823944092,219.83165869008192,-211.96435511592375,-5.019511534722325,0.23461051743277933,0.627280183617838,0.15153280634337404,3.570602419602668e-05,12.626020666748389,23.715552148634625,nan,nan,nan
21.5,220.00323486328125,-211.79562377929688,-5.017882823944092,219.81528880809793,-211.94441223814215,-5.018593007785236,0.2397128063028982,0.6272251912595762,0.1515237907411232,3.498780950242215e-05,12.221559187707767,23.545009904051252,4.104052841418641,0.7109093499041822,nan
21.51,220.00323486328125,-211.78689575195312,-5.017882823944092,219.8152868189055,-211.93570760109253,-5.0186832676187425,0.23972916914517892,0.6272709868998495,0.15154570090510397,3.569286437330013e-05,12.180876712054651,23.50670210994831,nan,nan,nan
21.52,220.00323486328125,-211.77818298339844,-5.017882823944092,219.81528603514639,-211.9270030050069,-5.019288094568255,0.23973763912731297,0.6273168677941007,0.15156767795069714,3.4996347058818514e-05,12.173761543007942,24.16429575050102,nan,0.1862811089829932,nan
21.53,220.00323486328125,-211.7694549560547,-5.017882823944092,219.81528416237958,-211.91829867541946,-5.019385482562238,0.23975440923305413,0.6273628341007826,0.15158972202259285,3.570177516587062e-05,12.136683413009385,23.462096187810268,nan,nan,nan
21.54,220.00323486328125,-211.76072692871094,-5.017882823944092,219.81528095235012,-211.90959475050286,-5.0187674783793526,0.23976881284447407,0.6274088859511847,0.1516118332650841,3.5004929602145057e-05,12.05205724574101,23.373527802608002,nan,0.36231710033899933,nan
21.55,220.00323486328125,-211.7519989013672,-5.017882823944092,219.78677523111654,-211.8828121470214,-5.018755692545035,0.2529182466629683,0.6273537760841991,0.15160274377549363,3.5688689843014764e-05,11.631549678401491,23.336474860042014,11.152047420684452,nan,nan
21.56,220.00323486328125,-211.7432861328125,-5.017882823944092,219.78672724290843,-211.8740688824777,-5.0182009822248625,0.2529422434355022,0.6273996424967633,0.15162484469148216,3.499235997207207e-05,11.568043177278588,23.984401076895804,nan,0.2948020277949825,nan
21.57,220.00323486328125,-211.73455810546875,-5.017882823944092,219.78668053412892,-211.86532527202291,-5.018286999572208,0.2529742925302075,0.6274455942513044,0.15164701280690157,3.5697651409314646e-05,11.526307899016011,23.270332525733828,nan,nan,nan
21.580000000000002,220.00323486328125,-211.725830078125,-5.017882823944092,219.786633933958,-211.85658165246664,-5.018345904863084,0.25300622763175473,0.6274916314818458,0.15166924826597897,3.500099067609291e-05,11.484582257937024,23.237884058930195,nan,0.0005642731537162082,nan
21.59,220.00323486328125,-211.71710205078125,-5.017882823944092,219.78658743632457,-211.8478380465805,-5.018433927174834,0.25303816297022363,0.6275377543427376,0.1516915512135054,3.570664888219319e-05,11.443836594458316,23.210600899790595,nan,nan,nan
21.6,220.00323486328125,-211.70838928222656,-5.017882823944092,219.79963503301357,-211.84120527134039,-5.018917864260383,0.24309267606772209,0.6274825268247436,0.1516823843112044,3.4988472174096186e-05,11.03835550539154,23.849072930693943,2.834910376315105,0.13264977216447932,nan
21.61,220.00323486328125,-211.6996612548828,-5.017882823944092,219.79961503349986,-211.83245715307973,-5.019011579582464,0.24309886825614546,0.6275284638469852,0.1517046761194187,3.569362104003767e-05,11.000522671467415,23.10684978942961,nan,nan,nan
21.62,220.00323486328125,-211.69093322753906,-5.017882823944092,219.79959240659224,-211.82370971257077,-5.017372289475508,0.24310513320198662,0.6275744862765023,0.15172703544097696,3.4997132410583803e-05,10.929518849752327,23.02229350954938,nan,2.123026051301689,nan
21.63,220.00323486328125,-211.6822052001953,-5.017882823944092,219.7995726114182,-211.81496165118142,-5.017450440291128,0.24311062310803888,0.6276205942654467,0.1517494624207366,3.570264926296385e-05,10.884710103011006,22.99239408768775,nan,nan,nan
21.64,220.00323486328125,-211.67349243164062,-5.017882823944092,219.7995511924306,-211.80621391137197,-5.016489616819655,0.2431130806422393,0.6276667879511459,0.15177195720282308,3.50058184954361e-05,10.891055292722623,23.719916063677616,nan,0.7636744826423806,nan
21.650000000000002,220.00323486328125,-211.66476440429688,-5.017882823944092,219.81781037819036,-211.80119502647105,-5.016399237568909,0.23021241358056058,0.6276114426561771,0.1517627093577991,3.568965707129395e-05,10.401021556712356,22.939849981777538,5.900254075077196,nan,nan
21.66,220.00323486328125,-211.65603637695312,-5.017882823944092,219.81782485951243,-211.79244390517405,-5.015320981355058,0.23019653839784218,0.6276574501015737,0.15178519217231187,3.499332993202006e-05,10.484711722668138,23.03110941280284,nan,0.9282820649117756,nan
21.67,220.00323486328125,-211.64730834960938,-5.017882823944092,219.81784095543526,-211.78369235304874,-5.015378651201534,0.23016899952356765,0.6277035430348707,0.15180774281141557,3.569869952868027e-05,10.43079908428551,22.9932349259208,nan,nan,nan
21.68,220.00323486328125,-211.6385955810547,-5.017882823944092,219.80298185350244,-211.78518302418607,-5.01373173937089,0.24820632125794048,0.6266961344631445,0.15133078324121166,3.500201927745592e-05,17.17296011123944,30.455976748286812,nan,2.050038941138558,0.209955835453757
21.69,220.00323486328125,-211.62986755371094,-5.017882823944092,219.80298478556438,-211.7764584015771,-5.013774189276239,0.24820526018310848,0.6267405118307702,0.15135084094427814,3.57077502075142e-05,17.090109561218355,29.695803742992222,nan,nan,nan
21.7,220.00323486328125,-211.6211395263672,-5.017882823944092,219.79620625405926,-211.76620138907015,-5.014544576234078,0.2528140283786058,0.6266851422744059,0.15134199551592675,3.498955185116309e-05,17.146824100389296,29.51441522833994,0.9190561953691293,0.403870841477212,nan
21.71,220.00323486328125,-211.61241149902344,-5.017882823944092,219.79619526624714,-211.75747849909058,-5.01459601962433,0.25282530002190073,0.6267293409467706,0.15136204809704498,3.569476823749329e-05,17.06834004340216,29.49321543077523,nan,nan,nan
21.72,220.00323486328125,-211.60369873046875,-5.017882823944092,219.79618518922817,-211.7487547818422,-5.014198898236856,0.25283274486141827,0.6267736235012343,0.15138216197631013,3.499825376070613e-05,17.088898421657895,30.245990023297708,nan,0.14268217449919246,nan
21.73,220.00323486328125,-211.594970703125,-5.017882823944092,219.79617435197542,-211.74003181024628,-5.014247595787652,0.25284381547752127,0.6268179900917898,0.15140233730573965,3.570383303670458e-05,17.008933320477098,29.49560909365132,nan,nan,nan
21.740000000000002,220.00323486328125,-211.58624267578125,-5.017882823944092,219.79616318494223,-211.73130907979834,-5.014507949604772,0.25285239038101487,0.6268624408532742,0.1514225742225283,3.5006968854075096e-05,16.901999480111417,29.43735482573305,nan,0.031343174438612224,nan
21.75,220.00323486328125,-211.5775146484375,-5.017882823944092,219.79468561728606,-211.71954298968325,-5.0146891102520765,0.25233913198179553,0.6268069903204004,0.15141369390353174,3.5690861306030037e-05,16.521246791350784,29.431192411204016,1.5729436587750671,nan,nan
21.76,220.00323486328125,-211.5688018798828,-5.017882823944092,219.79467682228358,-211.71080826971004,-5.014314198713836,0.2523390701072355,0.626851262083525,0.15143392518877175,3.4994494530065136e-05,16.53524359860341,30.21854099825018,nan,0.13123362264071578,nan
21.77,220.00323486328125,-211.56007385253906,-5.017882823944092,219.79466725020396,-211.7020740447377,-5.014367067326536,0.25234275173621873,0.6268956178278402,0.15145421815267615,3.5699916593539605e-05,16.455605752683212,29.45870531348663,nan,nan,nan
21.78,220.00323486328125,-211.5513458251953,-5.017882823944092,219.7946590138554,-211.69333871540803,-5.01365640318668,0.252356352143336,0.6269400576875941,0.15147457293329028,3.500320227039135e-05,16.557921982631687,29.59161068873768,nan,0.41271897861850004,nan
21.79,220.00323486328125,-211.54261779785156,-5.017882823944092,219.79464936100294,-211.6846045309404,-5.013703754661849,0.2523600775756717,0.626984581817686,0.1514949896813763,3.570898105936595e-05,16.475104544542663,29.56186465940538,nan,nan,nan
21.8,220.00323486328125,-211.53390502929688,-5.017882823944092,219.77275740590756,-211.66245439257114,-5.0171883606694365,0.26390392084033326,0.6269290501055398,0.15148607140075765,3.499072946797302e-05,15.618715900568885,29.864571033531078,6.188481309086055,8.51849437534945,nan
21.81,220.00323486328125,-211.52517700195312,-5.017882823944092,219.77271426684788,-211.65369080511178,-5.0172718596124986,0.26392407290679304,0.6269733949303417,0.15150648198736916,3.569598900556022e-05,15.553934606327175,29.0754043672733,nan,nan,nan
21.82,220.00323486328125,-211.51644897460938,-5.017882823944092,219.77266676253365,-211.64493028278153,-5.01951969178528,0.2639541152706566,0.6270178238143056,0.1515269546164751,3.4999420363455994e-05,15.558778562319448,29.102904524230766,nan,3.3043349879603414,nan
21.830000000000002,220.00323486328125,-211.50772094726562,-5.017882823944092,219.77262344455,-211.63616671444984,-5.019627011888853,0.26397534685718704,0.6270623369128009,0.15154748943807902,3.570503820747112e-05,15.506363134472727,29.0650409686475,nan,nan,nan
21.84,220.00323486328125,-211.49900817871094,-5.017882823944092,219.77257797274433,-211.62740458555638,-5.020848575000478,0.264001958557714,0.6271069343593476,0.15156808659134638,3.500811676269929e-05,15.60958062619604,29.924538252403487,nan,0.8746401073397726,nan
21.85,220.00323486328125,-211.4902801513672,-5.017882823944092,219.77795294221062,-211.62250568885807,-5.020993509509201,0.26123784773786535,0.6270513212678326,0.1515591272563047,3.5692041254196324e-05,15.75182723979704,29.125991417819694,0.5528262090534914,nan,nan
21.86,220.00323486328125,-211.48155212402344,-5.017882823944092,219.77792282976785,-211.61374770793117,-5.018245570577157,0.26123038957167866,0.6270957390979051,0.15157971769895773,3.4995615058165266e-05,15.424151306552,28.80538595484017,nan,5.817930998711062,nan
21.87,220.00323486328125,-211.4728240966797,-5.017882823944092,219.77788704663925,-211.60499337967224,-5.018340017162184,0.2612480944575856,0.6271402410858202,0.1516003705556448,3.57010669576256e-05,15.366089861509586,28.76172427185215,nan,nan,nan
21.88,220.00323486328125,-211.464111328125,-5.017882823944092,219.7778515473274,-211.59623898421287,-5.0183401093877915,0.2612576615596278,0.6271848273647481,0.15162108596620433,3.500429144993668e-05,15.304317022500735,29.45295718987154,nan,0.00642514067774854,nan
21.89,220.00323486328125,-211.45538330078125,-5.017882823944092,219.77781585631192,-211.58748478294066,-5.018435722160512,0.2612754025701451,0.6272294980906062,0.15164186407964614,3.571009591646828e-05,15.24713804490503,28.667322677824075,nan,nan,nan
21.900000000000002,220.00323486328125,-211.4466552734375,-5.017882823944092,219.77601629835698,-211.5798188740135,-5.018136523354389,0.2633645479710657,0.6271738033806917,0.15163286055398112,3.499178061784781e-05,15.457217837550745,28.596252110735836,0.5607063737126039,0.09190917300983606,nan
21.91,220.00323486328125,-211.43792724609375,-5.017882823944092,219.7759750945802,-211.57107097906876,-5.018229727112492,0.26339016010927513,0.6272182941750627,0.15165363138797547,3.569706186723852e-05,15.399587517086998,28.558503450730704,nan,nan,nan
21.92,220.00323486328125,-211.42921447753906,-5.017882823944092,219.7759310346212,-211.5623246539634,-5.019657707675432,0.26341696946759446,0.6272628692026214,0.15167446499449933,3.5000430422111104e-05,15.425336431887011,29.33681085616641,nan,1.2557526144997693,nan
21.93,220.00323486328125,-211.4204864501953,-5.017882823944092,219.77588954332657,-211.5535766879469,-5.019766614733882,0.2634434560922126,0.6273075286195186,0.151695361521969,3.5706066130814576e-05,15.375931335919038,28.574059132512826,nan,nan,nan
21.94,220.00323486328125,-211.41175842285156,-5.017882823944092,219.77584399067496,-211.54483104307386,-5.021940492588807,0.2634983792593577,0.6273522725585514,0.15171632111109984,3.5009081723132544e-05,15.688226312154152,28.882990425680127,nan,3.0066137605806267,nan
21.95,220.00323486328125,-211.4030303955078,-5.017882823944092,219.77960596216667,-211.53872032591494,-5.022114504828347,0.26160953681146865,0.6272964959973388,0.15170727023750125,3.5693019547403456e-05,15.787779394630231,28.845156817929993,0.3178984973842042,nan,nan
21.96,220.00323486328125,-211.39431762695312,-5.017882823944092,219.77956790360756,-211.5299800103724,-5.023309057549944,0.26164983305139045,0.6273410596858586,0.15172822195959965,3.499653083276803e-05,16.067421798703084,29.840922400478973,nan,0.7957075047010924,nan
21.97,220.00323486328125,-211.38558959960938,-5.017882823944092,219.77953187353222,-211.52123853974788,-5.02345373235311,0.2616767043583677,0.6273857077052482,0.15174923681722277,3.570199343540204e-05,16.037447783851974,29.06493930010155,nan,nan,nan
21.98,220.00323486328125,-211.37686157226562,-5.017882823944092,219.77949773856503,-211.5124960282563,-5.022564833626592,0.2616809657633402,0.6274304401881827,0.15177031495160626,3.500515607864521e-05,15.736681604179527,28.75069019741204,nan,0.7556659214629504,nan
21.990000000000002,220.00323486328125,-211.36813354492188,-5.017882823944092,219.7794612752063,-211.5037546308871,-5.022701297531633,0.26170769068951305,0.6274752572910182,0.1517914565103976,3.5710967884808334e-05,15.703088992557369,28.702395438572328,nan,nan,nan
22.0,220.00323486328125,-211.3594207763672,-5.017882823944092,219.76569343529948,-211.49187211708266,-5.022477523028782,0.27201176247475667,0.6274193986065274,0.15178235509555765,3.49925914778924e-05,16.072781901240685,29.41520461845571,3.4243332317464183,0.13566012872942707,nan
22.01,220.00323486328125,-211.35069274902344,-5.017882823944092,219.7656284945822,-211.48313336361423,-5.022613270820405,0.2720655802691527,0.6274640351360101,0.15180348818067765,3.569787693164732e-05,16.039592973381207,28.64230737634022,nan,nan,nan
22.02,220.00323486328125,-211.3419647216797,-5.017882823944092,219.7655615868315,-211.474395556862,-5.023741338878311,0.27214120350046,0.6275087560696574,0.1518246847541222,3.5001186132006156e-05,16.33677768003223,28.936353533895236,nan,0.6940552977235535,nan
22.03,220.00323486328125,-211.333251953125,-5.017882823944092,219.76549687264458,-211.4656566639397,-5.023888720460094,0.27218822610622156,0.6275535615638435,0.1518459449630857,3.570682300962333e-05,16.308071973527134,29.613914384211462,nan,nan,nan
22.04,220.00323486328125,-211.32452392578125,-5.017882823944092,219.76543349119066,-211.4569169861878,-5.023392150895543,0.2722274190735278,0.627598451751194,0.15186726894947375,3.500978086565865e-05,16.108584322062494,28.684253613785074,nan,0.29343048493924523,nan
22.05,220.00323486328125,-211.3157958984375,-5.017882823944092,219.76306053157862,-211.44231351927735,-5.023507782200179,0.2715180622853014,0.6275425106798829,0.15185811378043637,3.569371712469621e-05,15.53220854858965,28.642118012257235,2.7544056660164506,nan,nan
22.06,220.00323486328125,-211.30706787109375,-5.017882823944092,219.76299764021,-211.43355424128453,-5.023926497658316,0.2715681335963279,0.6275872199672642,0.15187942866825674,3.499717263256396e-05,15.633153266247165,28.723506671033824,nan,0.05362802292497915,nan
22.07,220.00323486328125,-211.29835510253906,-5.017882823944092,219.7629352722746,-211.42479468058568,-5.024073232431483,0.2716048259729718,0.6276320137549548,0.15190080739923112,3.570263089300329e-05,15.604873889647532,29.412346203650003,nan,nan,nan
22.080000000000002,220.00323486328125,-211.2896270751953,-5.017882823944092,219.76287292600284,-211.4160350721206,-5.02419327090807,0.2716480523025633,0.6276768921756561,0.151922250115657,3.500573983067652e-05,15.613171639634013,28.6736782754718,nan,0.0005420203043293594,nan
22.09,220.00323486328125,-211.28089904785156,-5.017882823944092,219.76281048246435,-211.40727543749296,-5.024341897948649,0.27169209481871465,0.6277218553856497,0.15194375696414933,3.5711544742833264e-05,15.588074854424512,28.64012436695234,nan,nan,nan
22.1,220.00323486328125,-211.2721710205078,-5.017882823944092,219.76721875780729,-211.39777523373172,-5.022533062168506,0.2673979153588125,0.6276658316258399,0.15193454479859067,3.499311741632572e-05,14.669751139831604,28.01118346060213,1.1312391110697106,2.7946302303179094,nan
22.11,220.00323486328125,-211.26345825195312,-5.017882823944092,219.7671675970667,-211.3890080963463,-5.022664338575956,0.2674198580646774,0.6277106136054699,0.15195604190520973,3.569839366264981e-05,14.634904699770603,28.713812053418778,nan,nan,nan
22.12,220.00323486328125,-211.25473022460938,-5.017882823944092,219.76711597852247,-211.3802413322117,-5.0231139353059335,0.26745566061942977,0.6277554801571619,0.15197760320179185,3.5001653889825796e-05,14.720910292301895,28.048466890104184,nan,0.07104041892325266,nan
22.13,220.00323486328125,-211.24600219726562,-5.017882823944092,219.7670651029909,-211.37147438250543,-5.023250581778275,0.2674850234473316,0.6278004314370375,0.15199922883461572,3.570727932139188e-05,14.69085593855982,28.002450109315316,nan,nan,nan
22.14,220.00323486328125,-211.23727416992188,-5.017882823944092,219.767010447571,-211.36270894831642,-5.0252219833439105,0.26756255617935343,0.6278454675780177,0.15202091894647646,3.501019074429807e-05,15.367482506602709,28.66097255009024,nan,2.3728698972924307,nan
22.150000000000002,220.00323486328125,-211.2285614013672,-5.017882823944092,219.76653992819428,-211.3508951025867,-5.025319233585348,0.26654329280295475,0.627789360837735,0.15201164652449728,3.569411433997651e-05,15.029293312756533,29.34719377615555,1.048166316997467,nan,nan
22.16,220.00323486328125,-211.21983337402344,-5.017882823944092,219.76649318850676,-211.34211669871996,-5.02478324183719,0.2665472713065486,0.6278342154144032,0.15203332623344554,3.4997526096562165e-05,14.785876964048386,28.32797572589572,nan,0.3390627031702744,nan
22.17,220.00323486328125,-211.2111053466797,-5.017882823944092,219.76644499373708,-211.33333867213355,-5.024934281184504,0.2665710997453914,0.6278791546572909,0.1520550704793467,3.5702968971831556e-05,14.76351768883219,28.29009559878943,nan,nan,nan
22.18,220.00323486328125,-211.20237731933594,-5.017882823944092,219.76639828218396,-211.32456000365792,-5.024256077508794,0.2665723032405663,0.6279241786995521,0.15207687940528217,3.500603688327172e-05,14.476852210051543,27.99101027119578,nan,0.48674750997187227,nan
22.19,220.00323486328125,-211.19366455078125,-5.017882823944092,219.76634981409637,-211.31578181448958,-5.024401120577198,0.26658889851966733,0.6279692876969772,0.15209875315710697,3.571182461742099e-05,14.450468523719584,28.71505348057066,nan,nan,nan
22.2,220.00323486328125,-211.1849365234375,-5.017882823944092,219.74676844813263,-211.30182437494182,-5.027322382163663,0.28200513681112516,0.6279130976479803,0.15208941719540078,3.499336016270156e-05,16.278575014239383,29.330472661754307,5.499546626872547,5.686262057688458,nan
22.21,220.00323486328125,-211.17620849609375,-5.017882823944092,219.74668116245792,-211.2930459445112,-5.027496606304679,0.2820695225828607,0.6279580247434291,0.152111279865513,3.569861766872913e-05,16.267763250507947,29.316581211224996,nan,nan,nan
22.22,220.00323486328125,-211.16748046875,-5.017882823944092,219.74659201555443,-211.28426798821062,-5.028616243931537,0.2821703072538354,0.6280030365757202,0.1521332074131637,3.50018425018711e-05,16.91684277680302,29.93777740446283,nan,0.629489949184245,nan
22.23,220.00323486328125,-211.1587677001953,-5.017882823944092,219.74650479550567,-211.2754894553779,-5.028801916485103,0.2822295562390267,0.6280481333003486,0.1521551999839666,3.5707447679208336e-05,16.909543769359786,30.63699891952425,nan,nan,nan
22.240000000000002,220.00323486328125,-211.15003967285156,-5.017882823944092,219.7464166987811,-211.26671113778175,-5.029423018985225,0.2823136136422906,0.6280933150508938,0.15217725772136054,3.501032656584296e-05,17.321511456045016,30.263399002024578,nan,0.13328090691830122,nan
22.25,220.00323486328125,-211.1413116455078,-5.017882823944092,219.75380521381274,-211.2637408904127,-5.029723588764395,0.27810838490324674,0.628037041375054,0.1521678549216012,3.5694229894821523e-05,17.66047433056876,30.294984833192167,1.6490234753803996,nan,nan
22.26,220.00323486328125,-211.13258361816406,-5.017882823944092,219.75372690142075,-211.2549768035576,-5.030446097765944,0.278194447665089,0.6280820408826108,0.1521899008812989,3.499761197240213e-05,18.189999805623785,30.76764698261998,nan,0.19652245846130498,nan
22.27,220.00323486328125,-211.12387084960938,-5.017882823944092,219.75364974837584,-211.24621260787706,-5.030647258691731,0.278250186330222,0.6281271252188348,0.15221201205796261,3.570303205138599e-05,18.18962325745749,31.469980156553838,nan,nan,nan
22.28,220.00323486328125,-211.11514282226562,-5.017882823944092,219.75356974161807,-211.2374493461724,-5.032457685520174,0.2783953759587542,0.6281722945176534,0.15223418859523258,3.5006073144882766e-05,19.64230156967404,32.15103303510317,nan,1.825557648359662,nan
22.29,220.00323486328125,-211.10641479492188,-5.017882823944092,219.7534929922808,-211.22868522699486,-5.032677144210677,0.27845992997605634,0.6282175489340561,0.15225643063842428,3.57118369549704e-05,19.65092704436493,32.12327284771992,nan,nan,nan
22.3,220.00323486328125,-211.09768676757812,-5.017882823944092,219.7327695573612,-211.2109969181591,-5.0326329188529355,0.2936123928429022,0.6281611912795659,0.15224695768426513,3.4993350008342244e-05,19.856342335818326,32.30315271315199,4.3601166358044186,0.07231261423198862,nan
22.31,220.00323486328125,-211.08897399902344,-5.017882823944092,219.73265642815883,-211.2022202343206,-5.032852143025111,0.29370304710034406,0.6282062631083395,0.1522691872366668,3.569858267355667e-05,19.862904919855588,33.00509815676439,nan,nan,nan
22.32,220.00323486328125,-211.0802459716797,-5.017882823944092,219.7325429233183,-211.19344371801483,-5.033267085389139,0.2938103667954346,0.6282514198355814,0.15229148234022105,3.500178631856159e-05,20.296452757133377,32.64316943802451,nan,0.026781813714561675,nan
22.330000000000002,220.00323486328125,-211.07151794433594,-5.017882823944092,219.73242992571943,-211.1846669808614,-5.033490214176577,0.2939074842605624,0.6282966616158918,0.15231384314007743,3.570736576189261e-05,20.305401940293,32.62736740715905,nan,nan,nan
22.34,220.00323486328125,-211.0627899169922,-5.017882823944092,219.73231890640025,-211.17588979774942,-5.032743765381496,0.293952183697371,0.6283419885837668,0.15233626978012219,3.5010226234854884e-05,19.740695417103368,32.00461138930674,nan,0.664766638420227,nan
22.35,220.00323486328125,-211.0540771484375,-5.017882823944092,219.7445530719476,-211.16347671660685,-5.033020383278812,0.28127154208316674,0.6282855466086862,0.15232672334311628,3.5694104714345404e-05,18.794533617738225,32.781035313616414,9.938585701868481,nan,nan
22.36,220.00323486328125,-211.04534912109375,-5.017882823944092,219.7444750712546,-211.15467419114657,-5.0318518333901405,0.28125386066083835,0.6283306906411327,0.15234913676266654,3.49974710570666e-05,17.899562449882573,31.06019587196581,nan,1.3577497748942924,nan
22.37,220.00323486328125,-211.03662109375,-5.017882823944092,219.744394533314,-211.1458723332303,-5.032056897850468,0.2813095343507639,0.6283759196613017,0.1523716160654684,3.570286403254e-05,17.900342684739897,31.008424588606225,nan,nan,nan
22.38,220.00323486328125,-211.02789306640625,-5.017882823944092,219.74431397053402,-211.1370704553129,-5.03233375518873,0.2813690821027323,0.6284212338041104,0.15239416139554318,3.500589205554003e-05,18.188248037912654,31.263541064569523,nan,0.003558229670651121,nan
22.39,220.00323486328125,-211.01918029785156,-5.017882823944092,219.74423357337466,-211.12826843276892,-5.03254131470903,0.281419190362939,0.6284666332235408,0.15241677289784034,3.5711628185720283e-05,18.187629005288628,32.004633717810385,nan,nan,nan
22.400000000000002,220.00323486328125,-211.0104522705078,-5.017882823944092,219.7481949023592,-211.1280293500295,-5.032507570607316,0.2812181262133328,0.6284101065553419,0.1524071496364209,3.49931324478335e-05,18.945500575707335,31.150130903972688,4.358315185657662,0.03164012066544766,nan
22.41,220.00323486328125,-211.00172424316406,-5.017882823944092,219.7481135314294,-211.11925467140324,-5.032714425719186,0.28128325925863956,0.6284553226880277,0.15242974717206131,3.569833704155393e-05,18.945683387784864,31.108355066613303,nan,nan,nan
22.42,220.00323486328125,-210.9929962158203,-5.017882823944092,219.7480339964218,-211.11047954567732,-5.0318536627004855,0.28129166282642903,0.6285006238776223,0.15245241091861672,3.500153268268987e-05,18.310455164522576,30.438257805919537,nan,0.8060312695104721,nan
22.43,220.00323486328125,-210.98428344726562,-5.017882823944092,219.7479525870824,-211.10170470516107,-5.032051746802635,0.28134951701039224,0.6285460102776632,0.15247514102092877,3.570708366514666e-05,18.30535791266947,31.163865186849637,nan,nan,nan
22.44,220.00323486328125,-210.97555541992188,-5.017882823944092,219.74787170214626,-211.0929297771296,-5.031884294908231,0.28139496261294866,0.6285914820237212,0.15249793762317876,3.500993858227558e-05,18.23334523735092,30.295837230014687,nan,0.09486561823386705,nan
22.45,220.00323486328125,-210.96682739257812,-5.017882823944092,219.76808923172342,-211.0707937078619,-5.032071741837615,0.25749521965543953,0.6285348702990479,0.15248823418685598,3.569379010119088e-05,15.947899558418829,30.465298071403563,49.967223793071255,nan,nan
22.46,220.00323486328125,-210.95809936523438,-5.017882823944092,219.76807029536963,-211.06195112133742,-5.031411594693656,0.2574307458031008,0.6285801584040595,0.15251101606026837,3.499715318308992e-05,15.488246980570093,29.95130498286038,nan,0.5190976033239171,nan
22.47,220.00323486328125,-210.9493865966797,-5.017882823944092,219.76804984900468,-211.0531089596984,-5.031601068678743,0.2574072838306109,0.6286255316525239,0.1525338644695621,3.570251726066799e-05,15.479248344561428,30.708171142207814,nan,nan,nan
22.48,220.00323486328125,-210.94065856933594,-5.017882823944092,219.76803126432395,-211.04426653318654,-5.030744500947618,0.2573339578661884,0.6286709901804709,0.15255677955900282,3.500554429899737e-05,14.885164900652057,29.264926485355325,nan,0.7737285989807231,nan
22.490000000000002,220.00323486328125,-210.9319305419922,-5.017882823944092,219.7680109158153,-211.03542433662417,-5.030925428829313,0.25731572149984516,0.6287165341407608,0.152579761473307,3.5711251388130504e-05,14.874595184516602,29.217197517836038,nan,nan,nan
22.5,220.00323486328125,-210.92320251464844,-5.017882823944092,219.76949726586585,-211.03179164687472,-5.031603346970813,0.25809517011231997,0.6286598369690621,0.152569974502961,3.4992758592385895e-05,15.882264598832224,29.663423922589104,1.9252662143551924,0.1378568930624708,nan
22.51,220.00323486328125,-210.91448974609375,-5.017882823944092,219.76947427797506,-211.0229666361558,-5.031791630556931,0.2580788674448473,0.62870519693062,0.15259294091044226,3.569793415762225e-05,15.872226062641762,30.419518834558584,nan,nan,nan
22.52,220.00323486328125,-210.90576171875,-5.017882823944092,219.76945416792452,-211.01414131109973,-5.030231003981223,0.2579767956805406,0.6287506421043189,0.15261597417486555,3.5001133014259294e-05,14.761523112738447,28.457214361554836,nan,2.16198723289115,nan
22.53,220.00323486328125,-210.89703369140625,-5.017882823944092,219.76943107608503,-211.00531635718892,-5.03040387837506,0.25796535313944924,0.628796172642553,0.15263907444088307,3.5706654965941285e-05,14.748210637602945,28.434998413764433,nan,nan,nan
22.54,220.00323486328125,-210.8883056640625,-5.017882823944092,219.76940772807683,-210.9964913286795,-5.030825903903682,0.25796664611024533,0.6288417886820409,0.15266224185285604,3.5009515095061395e-05,15.095147254846713,28.75780886182658,nan,0.04341395255501107,nan
22.55,220.00323486328125,-210.8795928955078,-5.017882823944092,219.740615613764,-210.96294723458126,-5.030947872896064,0.27583964828047647,0.628785005680973,0.15265236798378612,3.569333945733885e-05,14.123965060472521,30.022995007437512,19.594165698861644,nan,nan
22.56,220.00323486328125,-210.87086486816406,-5.017882823944092,219.74055899467228,-210.95405977118463,-5.029267391823582,0.2757709415871791,0.6288304373612167,0.15267551909554014,3.499670956636435e-05,12.998322954357636,28.005559681670277,nan,2.437375293433337,nan
22.57,220.00323486328125,-210.8621368408203,-5.017882823944092,219.7404993089931,-210.94517268147047,-5.029427050634363,0.2757864962057765,0.6288759543373816,0.1526987373822336,3.5702044876261525e-05,12.981109782517155,27.95048282495271,nan,nan,nan
22.580000000000002,220.00323486328125,-210.85340881347656,-5.017882823944092,219.7404408331074,-210.93628539501879,-5.0289437181397325,0.2757744974495268,0.6289215567466527,0.15272202298827509,3.5005080741884344e-05,12.696931076167138,27.654861208487926,nan,0.29270005672872695,nan
22.59,220.00323486328125,-210.84469604492188,-5.017882823944092,219.7403815488357,-210.92739797522776,-5.02909871002968,0.2757848260728209,0.6289672447407333,0.15274537605824648,3.571075924114522e-05,12.67704660680473,28.46249690600276,nan,nan,nan
22.6,220.00323486328125,-210.83596801757812,-5.017882823944092,219.74019620470017,-210.92753768111345,-5.0264644351826515,0.2786538771299564,0.6289103755042758,0.15273541192126652,3.4992278673075426e-05,12.033897963072208,25.851003709087916,6.850641698767915,5.312651638248252,nan
22.61,220.00323486328125,-210.82723999023438,-5.017882823944092,219.74012645781806,-210.91868237613113,-5.026592807564858,0.2786819096722017,0.6289558787753662,0.15275874788247173,3.569742595274612e-05,12.008529930287821,25.80300728996052,nan,nan,nan
22.62,220.00323486328125,-210.81851196289062,-5.017882823944092,219.74006042957646,-210.90982651064064,-5.024203402559948,0.27863789925397164,0.6290014674106098,0.1527821513330336,3.5000636852951305e-05,10.97895057758323,24.775634305467555,nan,4.4796729046803225,nan
22.63,220.00323486328125,-210.80979919433594,-5.017882823944092,219.7399906317571,-210.90097074921854,-5.024308807310308,0.27865941777135467,0.6290471415612483,0.1528056224175011,3.5706130795929866e-05,10.947062225627729,25.5626573856227,nan,nan,nan
22.64,220.00323486328125,-210.8010711669922,-5.017882823944092,219.7399202403034,-210.89211485504373,-5.024805983821971,0.278696024282166,0.629092901365151,0.15282916128033186,3.500900447268097e-05,11.114244870768173,24.90296088374207,nan,0.10773768782325141,nan
22.650000000000002,220.00323486328125,-210.79234313964844,-5.017882823944092,219.71089112074523,-210.86300529348566,-5.024970846931138,0.30084588056801764,0.6290359454944121,0.15281910350410274,3.569280287687351e-05,10.618921145185295,25.42478448634851,12.338420278617807,nan,nan
22.66,220.00323486328125,-210.78363037109375,-5.017882823944092,219.71078119358157,-210.8541035975129,-5.023477405262865,0.3008769248428144,0.6290815202089007,0.15284262443482993,3.499618784919379e-05,10.05957224427564,25.7045749481316,nan,1.8245024377615109,nan
22.67,220.00323486328125,-210.77490234375,-5.017882823944092,219.71066880589328,-210.8452020727217,-5.023576352770663,0.30094744740491575,0.6291271803685736,0.1528662131660797,3.570149590355446e-05,10.02855978797343,24.79990633008839,nan,nan,nan
22.68,220.00323486328125,-210.76617431640625,-5.017882823944092,219.79786316269977,-210.9026652710112,-5.02335880115075,0.24665218915522358,0.6102702455853248,0.14196775855700464,3.500453979424854e-05,16.386892395715435,31.135388150958182,nan,0.07034398988717747,0.4032435598454187
22.69,220.00323486328125,-210.7574462890625,-5.017882823944092,219.79773628515647,-210.89380225999656,-5.023456535548623,0.2466853921125561,0.6103223460753575,0.14197881495387693,3.571019126063595e-05,16.331059371088426,31.094905394143822,nan,nan,nan
22.7,220.00323486328125,-210.7487335205078,-5.017882823944092,219.81160911963036,-210.89288191898845,-5.020987519357746,0.23980997799904094,0.6102570065768379,0.14196802662040775,3.499173013549648e-05,15.854240568658073,30.999840544488453,3.8256154634988184,4.1828655111887505,nan
22.71,220.00323486328125,-210.74000549316406,-5.017882823944092,219.81150827445578,-210.88403743377705,-5.021060176302549,0.23982155938823838,0.6103088941449076,0.14197912208148314,3.569685088974845e-05,15.793106017504797,30.112587226549174,nan,nan,nan
22.72,220.00323486328125,-210.7312774658203,-5.017882823944092,219.81142180704765,-210.87520551817727,-5.022664340929173,0.23985494721105666,0.6103608660734169,0.14199027828704808,3.5000080660130224e-05,16.095263038690977,30.431404668960997,nan,1.654468481297433,nan
22.73,220.00323486328125,-210.72254943847656,-5.017882823944092,219.81132118605288,-210.86636100341508,-5.022753981378946,0.23986736729312644,0.6104129227565293,0.14200149557519445,3.570554854879048e-05,16.03857023117747,30.3812305529477,nan,nan,nan
22.740000000000002,220.00323486328125,-210.71383666992188,-5.017882823944092,219.81120339159733,-210.85750134053913,-5.020976330703489,0.23984410245975726,0.6104650640938949,0.1420127739006034,3.500844210908371e-05,15.577613786835363,30.771674335387406,nan,2.463416432274581,nan
22.75,220.00323486328125,-210.70510864257812,-5.017882823944092,219.78763252991428,-210.83758532392508,-5.021040138776822,0.25306996244307634,0.6103995816263558,0.14200213833511086,3.5692216544193204e-05,15.573992462573715,30.224189415278897,5.6407008563485315,nan,nan
22.76,220.00323486328125,-210.69638061523438,-5.017882823944092,219.7874972367241,-210.82872735173908,-5.021824024324992,0.2531282584706741,0.6104515095311753,0.14201345535238608,3.499562223240048e-05,15.671265821418544,30.341418443709046,nan,0.3559096053901776,nan
22.77,220.00323486328125,-210.68765258789062,-5.017882823944092,219.7873554922481,-210.81986363377436,-5.021906314210303,0.253179485672235,0.610503522118807,0.14202483368002922,3.5700905313560344e-05,15.613793390730136,30.30715464048604,nan,nan,nan
22.78,220.00323486328125,-210.67893981933594,-5.017882823944092,219.78721081239914,-210.81099730376903,-5.021657576567109,0.2532189142060249,0.6105556193075756,0.1420362732877753,3.5003978902871784e-05,15.498628737750387,31.0447539411191,nan,0.07783017383763714,nan
22.79,220.00323486328125,-210.6702117919922,-5.017882823944092,219.78706909076692,-210.80213372322288,-5.021738603597239,0.2532704171100255,0.6106078014635277,0.14204777449127606,3.570960611504617e-05,15.441338570576757,30.137993884347132,nan,nan,nan
22.8,220.00323486328125,-210.66148376464844,-5.017882823944092,219.78349064373836,-210.79158411354527,-5.022439148845997,0.25541022474091085,0.6105421765828262,0.14203728740065058,3.499116824562996e-05,15.576858313588168,30.35693181907917,0.5922554610240814,0.18777709903405815,nan
22.81,220.00323486328125,-210.6527557373047,-5.017882823944092,219.7833427120211,-210.7827171721764,-5.02252930578955,0.255468437450254,0.6105941447901739,0.1420488268887654,3.56962653531674e-05,15.52230614374362,30.3223244744608,nan,nan,nan
22.82,220.00323486328125,-210.64404296875,-5.017882823944092,219.78319478699444,-210.77385008453822,-5.022622195237286,0.2555190484520014,0.6106461975443769,0.1420604278958801,3.4999517547753895e-05,15.491477002007048,31.15716078847523,nan,2.168042697667392e-06,nan
22.830000000000002,220.00323486328125,-210.63531494140625,-5.017882823944092,219.7830467589884,-210.76498287776374,-5.022714422218793,0.25557761899895604,0.6106983351937696,0.14207209072341848,3.5704962356738734e-05,15.437900211701027,30.262522902588106,nan,nan,nan
22.84,220.00323486328125,-210.6265869140625,-5.017882823944092,219.78290048303774,-210.75611735085124,-5.02304046037813,0.25564032229983064,0.610750557683339,0.1420838153623307,3.500787894313966e-05,15.478580031827882,30.29583576461043,nan,0.03826111840773373,nan
22.85,220.00323486328125,-210.61785888671875,-5.017882823944092,219.7985534807978,-210.75317362470838,-5.022984213910575,0.24541917372553884,0.6106847913920039,0.1420734727151501,3.569163228357667e-05,15.20251786220545,30.015972161982518,3.174811090662075,nan,nan
22.86,220.00323486328125,-210.60914611816406,-5.017882823944092,219.79843037862884,-210.7443101147052,-5.022957717948917,0.24543825586870857,0.610736799429395,0.14208523521174318,3.499506143622796e-05,15.14246088721745,30.824028889062753,nan,0.010339733279544813,nan
22.87,220.00323486328125,-210.6004180908203,-5.017882823944092,219.7983082041824,-210.73544729513614,-5.023051936140932,0.24546800473479913,0.6107888922896155,0.14209705975017706,3.5700322661783346e-05,15.090206025182056,29.924729858337045,nan,nan,nan
22.88,220.00323486328125,-210.59169006347656,-5.017882823944092,219.7981863896001,-210.72658470267356,-5.023190203907805,0.2454986935304165,0.6108410699343301,0.14210894633475463,3.500342016609238e-05,15.081971861183368,29.921586272245616,nan,0.0013125993374697713,nan
22.89,220.00323486328125,-210.5829620361328,-5.017882823944092,219.79806420633182,-210.7177217824521,-5.0232867285971485,0.24552879645083847,0.6108933326867657,0.1421208952469778,3.57090261237234e-05,15.03074655501852,29.872330348183,nan,nan,nan
22.900000000000002,220.00323486328125,-210.57424926757812,-5.017882823944092,219.82865915864053,-210.7192029169553,-5.0217426068823094,0.22694302157787744,0.6108274255811245,0.14211069261918516,3.4990613790077e-05,14.068881268299158,30.052938660115917,9.8338437426338,1.4726439819598707,nan
22.91,220.00323486328125,-210.56552124023438,-5.017882823944092,219.82858613951538,-210.71034304500952,-5.021822696870122,0.2269164041008307,0.6108794733732917,0.14212267892881317,3.569569029753334e-05,14.013994279322961,29.137282711781328,nan,nan,nan
22.92,220.00323486328125,-210.55679321289062,-5.017882823944092,219.82852805026494,-210.70149630764985,-5.023851654003721,0.22692968752345882,0.6109316058930632,0.1421347275153928,3.499896701391769e-05,14.533371240057656,29.643354772336814,nan,2.6795951251008305,nan
22.93,220.00323486328125,-210.54806518554688,-5.017882823944092,219.82845507284276,-210.69263681690563,-5.023953067083712,0.2269047808910824,0.610983823448066,0.14214683864797592,3.570439183516455e-05,14.48402988815058,29.588122484387334,nan,nan,nan
22.94,220.00323486328125,-210.5393524169922,-5.017882823944092,219.82839079742945,-210.68378508502613,-5.0252521957947,0.22690427629391322,0.6110361260234478,0.14215901234944656,3.5007333188730734e-05,14.938376862185622,30.890125399817176,nan,1.0110382136834724,nan
22.95,220.00323486328125,-210.53062438964844,-5.017882823944092,219.83144658009283,-210.68341222167072,-5.025319080275616,0.2300231157147526,0.6109700790604242,0.14214894551720936,3.5691068365134064e-05,15.73013726508104,29.665258006822615,8.520807453220803,nan,nan
22.96,220.00323486328125,-210.5218963623047,-5.017882823944092,219.83138411046878,-210.67458913697587,-5.025077882134302,0.22999898595724003,0.6110221661788753,0.14216115613591915,3.499452238881075e-05,15.597844212647152,29.531811453428862,nan,0.0895952458652746,nan
22.97,220.00323486328125,-210.51316833496094,-5.017882823944092,219.83132435125276,-210.66576836498155,-5.02519021341131,0.22998563270129163,0.6110743382597328,0.1421734295157677,3.569976490148939e-05,15.552198206328127,29.482786171114913,nan,nan,nan
22.98,220.00323486328125,-210.50445556640625,-5.017882823944092,219.83127042883845,-210.65695280088843,-5.026157856278237,0.22999054197526667,0.6111265953026424,0.14218576569117242,3.50028874008384e-05,15.949113316916144,30.69706363320758,nan,0.5153723571599136,nan
22.990000000000002,220.00323486328125,-210.4957275390625,-5.017882823944092,219.83121035524456,-210.64813194461036,-5.026280799226758,0.22997839069031473,0.6111789375934066,0.14219816491396425,3.5708475262438926e-05,15.90628705599837,29.83855236627197,nan,nan,nan
23.0,220.00323486328125,-210.48699951171875,-5.017882823944092,219.83103183361393,-210.6417055596983,-5.023717335691757,0.23156400030096466,0.6111127514045089,0.1421882293322543,3.499008904335995e-05,15.164270558848154,28.709781698114988,1.0314460873883302,5.319958720996237,nan
23.01,220.00323486328125,-210.478271484375,-5.017882823944092,219.8309740681248,-210.63289718673278,-5.023816234828334,0.23155581344957257,0.6111648777382139,0.14220066496042988,3.569514810765873e-05,15.116717439826452,28.671300027183545,nan,nan,nan
23.02,220.00323486328125,-210.4695587158203,-5.017882823944092,219.8309098491242,-210.62408329253014,-5.022955856150383,0.2315156387101041,0.6112170889744295,0.1422131636068782,3.499844982629598e-05,14.803258902608773,29.15690850057991,nan,0.6512973803538785,nan
23.03,220.00323486328125,-210.46083068847656,-5.017882823944092,219.83085200072793,-210.61527517881004,-5.023047221116555,0.23150728475492655,0.6112693853855675,0.1422257255128123,3.57038578158291e-05,14.754474287220706,28.293148039533403,nan,nan,nan
23.04,220.00323486328125,-210.4521026611328,-5.017882823944092,219.83080625606502,-210.60647770166338,-5.024985199607528,0.2315463700112977,0.6113217669914316,0.1422383507285094,3.500682413582483e-05,15.388220164651111,28.92815014884666,nan,2.4043612580464497,nan
23.05,220.00323486328125,-210.44337463378906,-5.017882823944092,219.826664519973,-210.60269838929256,-5.025119711080507,0.237935953019195,0.611255442493363,0.14222854199989907,3.5690544098735995e-05,16.216915766411983,28.784772215421043,6.250738711059257,nan,nan
23.06,220.00323486328125,-210.43466186523438,-5.017882823944092,219.8265983415818,-210.59391482139395,-5.0239175707212835,0.23790414669001506,0.6113076076523575,0.1422412030890278,3.499402293555575e-05,15.72904885780562,29.08247045581716,nan,1.2222130896378527,nan
23.07,220.00323486328125,-210.42593383789062,-5.017882823944092,219.82654055345367,-210.58513852862006,-5.024018616981976,0.2379173399143187,0.6113598579130095,0.14225392764652836,3.569924985914895e-05,15.683825367985287,28.25488908307942,nan,nan,nan
23.080000000000002,220.00323486328125,-210.41720581054688,-5.017882823944092,219.82649661503106,-210.5763743592187,-5.026362349495645,0.2379977681290755,0.611412193307417,0.14226671573239297,3.500239704454664e-05,16.624549513660675,29.20374571423479,nan,3.5478617249878504,nan
23.09,220.00323486328125,-210.40847778320312,-5.017882823944092,219.82643873437988,-210.56759813996524,-5.026487779667236,0.23801303408345362,0.6114646140894856,0.14227956757331844,3.570796991195152e-05,16.58527966076277,29.158972908286525,nan,nan,nan
23.1,220.00323486328125,-210.39976501464844,-5.017882823944092,219.7971717760952,-210.55208698114313,-5.025980411736614,0.25637774533978147,0.6113981519433839,0.14226988104155008,3.498960907755378e-05,17.23669794647192,29.807299422713253,9.487094830134387,0.3681231215777997,nan
23.11,220.00323486328125,-210.3910369873047,-5.017882823944092,219.79706989437724,-210.54332231367192,-5.026102403017306,0.25644176046444817,0.611450355786368,0.14228276819393673,3.569465376475497e-05,17.19770725538883,29.010322907478034,nan,nan,nan
23.12,220.00323486328125,-210.38230895996094,-5.017882823944092,219.79697512469244,-210.5345639059978,-5.027422221448744,0.25654560697888573,0.6115026447009402,0.14229571908936786,3.4997979727919964e-05,17.84755565651162,29.650386962157324,nan,1.011585748700343,nan
23.13,220.00323486328125,-210.3735809326172,-5.017882823944092,219.79687329647237,-210.52579957548159,-5.0275580382585225,0.25661103106321265,0.611555018929786,0.142308733945706,3.570337391841625e-05,17.81194013596126,29.60562877327734,nan,nan,nan
23.14,220.00323486328125,-210.3648681640625,-5.017882823944092,219.79676148645174,-210.51702664548284,-5.025941960584939,0.25660944739218106,0.6116074785218943,0.14232181283614936,3.500636423960244e-05,16.98644703416668,29.545444719607314,nan,2.1691209231637356,nan
23.150000000000002,220.00323486328125,-210.35614013671875,-5.017882823944092,219.80048255375888,-210.5043902595735,-5.026061807710005,0.2513035887498402,0.6115408796096863,0.142312243948913,3.5690071796114374e-05,16.303420387492505,28.7992071600044,3.8052751284332187,nan,nan
23.16,220.00323486328125,-210.347412109375,-5.017882823944092,219.80037787646123,-210.4955977966893,-5.02544964402659,0.251330881096364,0.6115931217797193,0.14232535756859302,3.4993574297118706e-05,16.00816380208069,28.506708022184984,nan,0.38038158992333576,nan
23.17,220.00323486328125,-210.33868408203125,-5.017882823944092,219.8002774192468,-210.48680898522935,-5.025565107905199,0.25137965017736935,0.6116454491902874,0.14233853535181012,3.569878857546791e-05,15.968253207546706,28.462088659137176,nan,nan,nan
23.18,220.00323486328125,-210.32997131347656,-5.017882823944092,219.80018786741547,-210.47802949959905,-5.027669584458662,0.25148576438710407,0.6116978619005607,0.14235177737974766,3.500195911823467e-05,16.99299796813544,30.275124588300912,nan,2.7902924449712048,nan
23.19,220.00323486328125,-210.3212432861328,-5.017882823944092,219.80008750663856,-210.46924077498886,-5.02780704738644,0.2515364693827549,0.6117503601379002,0.14236508385832872,3.570751988807115e-05,16.958305099800913,29.44843406751622,nan,nan,nan
23.2,220.00323486328125,-210.31251525878906,-5.017882823944092,219.81350122659825,-210.46824264263748,-5.028403123059367,0.24568383679579692,0.6116836251448816,0.14235562785785036,3.49891827723366e-05,17.488380703475784,29.66356496718112,2.6828810279604522,0.15209162694100742,nan
23.21,220.00323486328125,-210.3037872314453,-5.017882823944092,219.81342552862372,-210.459471472813,-5.028547055474566,0.2457211679271815,0.6117359054757671,0.14236896845506855,3.5694215921289306e-05,17.455320460307302,29.62163239960666,nan,nan,nan
23.22,220.00323486328125,-210.29507446289062,-5.017882823944092,219.81334526022437,-210.4506963020957,-5.027786618307608,0.2457118298525085,0.6117882710416391,0.142382373503749,3.4997564490486835e-05,17.014256137399155,29.949816559571925,nan,0.5788226563085936,nan
23.23,220.00323486328125,-210.28634643554688,-5.017882823944092,219.81326972326445,-210.44192514698997,-5.027923414208322,0.2457484553944332,0.611840722060675,0.14239584320264254,3.570294766653403e-05,16.9796772577621,29.132306805629028,nan,nan,nan
23.240000000000002,220.00323486328125,-210.27761840820312,-5.017882823944092,219.81319895273495,-210.4331581350113,-5.029029071099274,0.24582614331752103,0.6118932586058707,0.14240937764366207,3.500596020975386e-05,17.649652685635857,29.80330643410892,nan,0.6612510410487717,nan
23.25,220.00323486328125,-210.26890563964844,-5.017882823944092,219.81913291617994,-210.4288535324964,-5.029045218675059,0.2441340910424517,0.6118263883844106,0.14240002984108943,3.568965791693005e-05,17.74765560125099,30.337644953587755,1.7830646426740109,nan,nan
23.26,220.00323486328125,-210.2601776123047,-5.017882823944092,219.81905945182407,-210.42008702579764,-5.027164487992014,0.2440855423751663,0.6118787065469664,0.14241359776981824,3.4993182184367366e-05,16.663484065925402,28.488027011839087,nan,2.9036975292214904,nan
23.27,220.00323486328125,-210.25144958496094,-5.017882823944092,219.81899573735578,-210.41132877914677,-5.027291857448355,0.24411870507353178,0.6119311100884005,0.14242723054510234,3.569838647858679e-05,16.626834417522755,28.455040334039424,nan,nan,nan
23.28,220.00323486328125,-210.2427215576172,-5.017882823944092,219.81893672875034,-210.40257447103403,-5.028436702764993,0.24419283502508893,0.6119835990899466,0.14244092826525764,3.5001578364442905e-05,17.27463159731466,29.0996291067396,nan,0.7297318924716436,nan
23.29,220.00323486328125,-210.2340087890625,-5.017882823944092,219.8188728741576,-210.39381622403496,-5.028576034374776,0.24421732955592076,0.6120361737573833,0.1424546911194548,3.5707129635624916e-05,17.238612040712628,29.801772910973792,nan,nan,nan
23.3,220.00323486328125,-210.22528076171875,-5.017882823944092,219.81258997568946,-210.3755292440737,-5.028120100903079,0.24295036829440517,0.6119691690117863,0.1424454466653171,3.4988813966760216e-05,16.281666467385218,28.91758590363497,7.113199046964964,0.1902355412903015,nan
23.31,220.00323486328125,-210.216552734375,-5.017882823944092,219.81250951260344,-210.3667347697819,-5.028254670832744,0.2429781437866756,0.6120215248199421,0.1424592423495039,3.5693838106458995e-05,16.245994106635084,28.868458817699366,nan,nan,nan
23.32,220.00323486328125,-210.20782470703125,-5.017882823944092,219.8124188134155,-210.3579316837312,-5.026066480439017,0.24291941374456055,0.6120739660210467,0.14247310317749154,3.499720707786261e-05,15.091804949934863,27.71135033615918,nan,3.813696882355884,nan
23.330000000000002,220.00323486328125,-210.19911193847656,-5.017882823944092,219.81233811922985,-210.349137247268,-5.026179945108494,0.24293621053068654,0.6121264928135356,0.14248702933277232,3.5702581702691934e-05,15.050919937383302,28.444899431392095,nan,nan,nan
23.34,220.00323486328125,-210.1903839111328,-5.017882823944092,219.8122678669954,-210.34035175762082,-5.028743378252481,0.2430569897998768,0.6121791052896987,0.14250102092216335,3.500561418064273e-05,16.438632503634214,29.04297297671827,nan,4.233069375324997,nan
23.35,220.00323486328125,-210.18165588378906,-5.017882823944092,219.80743996333288,-210.32995744164853,-5.028866002717958,0.24586505470545297,0.6121119668475707,0.1424918750088373,3.568930428512581e-05,16.500208195423152,29.034818949570916,0.20263758959457032,nan,nan
23.36,220.00323486328125,-210.1729278564453,-5.017882823944092,219.80734978170784,-210.32116047968645,-5.028484331278309,0.24587856298125849,0.6121643599950675,0.14250589875019887,3.4992847967680854e-05,16.27888904650593,28.80860411898757,nan,0.19300209305789615,nan
23.37,220.00323486328125,-210.16421508789062,-5.017882823944092,219.80726177078867,-210.31236540121145,-5.028621067407748,0.24590501863697056,0.6122168386590192,0.14251998800886262,3.5698044600328784e-05,16.242578186261472,29.54007192066578,nan,nan,nan
23.38,220.00323486328125,-210.15548706054688,-5.017882823944092,219.8071697507601,-210.30356708255025,-5.02775494269019,0.24589973565050538,0.6122694029382252,0.14253414289664953,3.500125541433589e-05,15.744121021163846,28.240794415372466,nan,0.711329746371449,nan
23.39,220.00323486328125,-210.14675903320312,-5.017882823944092,219.80708165630912,-210.2947721642709,-5.027883610850769,0.2459349168229111,0.6123220530213236,0.14254836358956027,3.5706799440305547e-05,15.708167866351127,28.201245036753654,nan,nan,nan
23.400000000000002,220.00323486328125,-210.13803100585938,-5.017882823944092,219.79951888545037,-210.2860220201711,-5.0272098044774705,0.2519693086597498,0.6122547816013083,0.14253931128587827,3.498850261762732e-05,15.761994888715341,27.85740258381447,1.5373159218457784,0.5510430495766859,nan
23.41,220.00323486328125,-210.1293182373047,-5.017882823944092,219.79942068043607,-210.2772375406045,-5.02733357383297,0.2520112261209976,0.6123072118867261,0.14255356342745196,3.5693519927068215e-05,15.724321888960986,28.595371383242004,nan,nan,nan
23.42,220.00323486328125,-210.12059020996094,-5.017882823944092,219.79930857974807,-210.26844146254265,-5.0237109680254965,0.25195215670652715,0.6123597277179149,0.14256788138941043,3.499690679482593e-05,14.14074082042256,26.22303201805378,nan,9.917702065204235,nan
23.43,220.00323486328125,-210.1118621826172,-5.017882823944092,219.79921024069859,-210.25965699825767,-5.023799225799203,0.2520007102393041,0.6124123292777811,0.14258226534337662,3.570227497739435e-05,14.09894355382258,26.184976191376904,nan,nan,nan
23.44,220.00323486328125,-210.10313415527344,-5.017882823944092,219.79910729736065,-210.25086849353713,-5.022611776223455,0.2520235323546985,0.612465016673755,0.1425967154077304,3.500532484712916e-05,13.705861372044845,25.811998525726352,nan,1.1505591954506917,nan
23.45,220.00323486328125,-210.09442138671875,-5.017882823944092,219.80248245836154,-210.2468095471064,-5.0228497411661035,0.2520879802253035,0.6123976130829514,0.14258775180436736,3.5689009260610504e-05,14.063247772557324,26.531031400308112,2.6351090382475486,nan,nan
23.46,220.00323486328125,-210.085693359375,-5.017882823944092,219.80239526326986,-210.2380438781676,-5.023736543904762,0.2521537061922439,0.6124500802186594,0.14260223259391855,3.499256979468672e-05,14.300219997468668,26.020737337280067,nan,0.45762538744254666,nan
23.47,220.00323486328125,-210.07696533203125,-5.017882823944092,219.80230535461817,-210.22927578828077,-5.023827686889247,0.25220325915808744,0.6125026330073645,0.14261677955910446,3.569776073002951e-05,14.260155730822627,25.993451892659856,nan,nan,nan
23.48,220.00323486328125,-210.0682373046875,-5.017882823944092,219.80221441612454,-210.22050682677997,-5.023593935551362,0.25224560319090183,0.6125552715615151,0.1426313928221086,3.500098788697914e-05,14.151354900210091,25.878744944413718,nan,0.0750316534319789,nan
23.490000000000002,220.00323486328125,-210.0595245361328,-5.017882823944092,219.80212447432325,-210.21173897197653,-5.0236839152083945,0.25228609887569303,0.6126079960564648,0.14264607254885553,3.570652656200019e-05,14.109875402975806,26.581679173512644,nan,nan,nan
23.5,220.00323486328125,-210.05079650878906,-5.017882823944092,219.76537220622345,-210.1888927861982,-5.027555649763778,0.27521407852106766,0.6125404610237504,0.1426371926431507,3.49882458759614e-05,16.202610944958973,27.86965464300081,11.451096434638613,10.273041937600457,nan
23.51,220.00323486328125,-210.0420684814453,-5.017882823944092,219.76522137072865,-210.1801101716624,-5.0276849039549925,0.2753216512510651,0.6125929647969279,0.14265190234775424,3.56932581760069e-05,16.17035363712649,27.82691485123441,nan,nan,nan
23.52,220.00323486328125,-210.03334045410156,-5.017882823944092,219.76506784679495,-210.17132541195832,-5.026924710349407,0.2753999492492402,0.6126455542638791,0.1426666785339225,3.499666034064576e-05,15.764825462148394,27.408185440106795,nan,0.5597990039199007,nan
23.53,220.00323486328125,-210.02462768554688,-5.017882823944092,219.7649170901393,-210.16254299173755,-5.027046890532811,0.2754994969023461,0.6126982295955965,0.14268152136430223,3.5702023832778915e-05,15.729753875505697,28.133628529355203,nan,nan,nan
23.54,220.00323486328125,-210.01589965820312,-5.017882823944092,219.76476482459853,-210.15375932418794,-5.026580524572886,0.2755882741536956,0.6127509909110962,0.14269643096599186,3.5005088493360834e-05,15.489193573146355,27.11802284038448,nan,0.24544796486628587,nan
23.55,220.00323486328125,-210.00717163085938,-5.017882823944092,219.75053526093114,-210.14129006853165,-5.0266172465161,0.2862186829842152,0.6126833252267249,0.1426876297632068,3.5688768794468754e-05,15.77813321314979,27.189983941206595,2.081170457420396,nan,nan
23.56,220.00323486328125,-209.99844360351562,-5.017882823944092,219.75036502359123,-210.13251178916528,-5.027493917202945,0.2863735451152518,0.6127358653646667,0.14270256857550928,3.499234359101253e-05,16.231352309092415,27.648619044976737,nan,0.40658160796191567,nan
23.57,220.00323486328125,-209.98973083496094,-5.017882823944092,219.75019269010875,-210.12373165386845,-5.02762058974881,0.28649849031821006,0.6127884912908348,0.1427175742092231,3.5697530441566756e-05,16.19746141000885,28.375732024839895,nan,nan,nan
23.580000000000002,220.00323486328125,-209.9810028076172,-5.017882823944092,219.75002048158657,-210.11495170165236,-5.027817664162263,0.2866330936239273,0.6128412031280117,0.14273264679424952,3.500077136231805e-05,16.31249488942383,27.72122211358439,nan,0.0033880109364912217,nan
23.59,220.00323486328125,-209.97227478027344,-5.017882823944092,219.7498480475223,-210.10617171784946,-5.027947221681433,0.286765689011971,0.612894001041521,0.14274778648903333,3.5706306232254724e-05,16.280903001909152,27.681219838871183,nan,nan,nan
23.6,220.00323486328125,-209.9635467529297,-5.017882823944092,219.71741002513605,-210.0829120525097,-5.027321828322474,0.3098919289820441,0.612826205441095,0.14273905892540467,3.4988039029604504e-05,16.09145642267985,27.887523456422375,9.946012978008804,0.356609484816953,nan
23.61,220.00323486328125,-209.954833984375,-5.017882823944092,219.71718262953246,-210.07410968220415,-5.027445197741793,0.31007097819362445,0.6128787817229283,0.14275422704100324,3.5693047797569144e-05,16.057188527265367,28.618403359987067,nan,nan,nan
23.62,220.00323486328125,-209.94610595703125,-5.017882823944092,219.71695328421606,-210.0653056102106,-5.026738108861452,0.3102323579208065,0.6129314438420401,0.14276946228430082,3.499646272174566e-05,15.688167589997551,27.48197404579948,nan,0.4883087906356613,nan
23.63,220.00323486328125,-209.9373779296875,-5.017882823944092,219.7167259883082,-210.056503174802,-5.026855318105768,0.3104169214353294,0.6129841919605277,0.14278476481136856,3.570182293632228e-05,15.654690246705877,27.443377313637264,nan,nan,nan
23.64,220.00323486328125,-209.92864990234375,-5.017882823944092,219.71650077926392,-210.0477023831471,-5.027792632363479,0.3106253892160112,0.613037026206033,0.14280013475567013,3.500489987465261e-05,16.157611545914442,27.94236014642633,nan,0.4736236014558348,nan
23.650000000000002,220.00323486328125,-209.91993713378906,-5.017882823944092,219.7294634475682,-210.04358615791432,-5.027953474232851,0.3005682738179305,0.6129691014660233,0.1427914757665142,3.568857732906119e-05,16.005135849823585,28.481639306223986,1.4958687439567273,nan,nan
23.66,220.00323486328125,-209.9112091064453,-5.017882823944092,219.72705787781996,-210.04093443856644,-5.029135401155394,0.30533425878259834,0.6128884470184327,0.14176940264285462,3.499215521470754e-05,23.044622949503477,34.75268756718481,nan,0.7842932548860024,0.036396605841675214
23.67,220.00323486328125,-209.90248107910156,-5.017882823944092,219.72684708984218,-210.03214695553723,-5.029275877583895,0.30550489765251726,0.61294049820744,0.14178108767216177,3.569733906649934e-05,22.994147189522934,34.723236695564516,nan,nan,nan
23.68,220.00323486328125,-209.8937530517578,-5.017882823944092,219.72663806003774,-210.0233654330427,-5.030775453718942,0.3057308961315119,0.6129926338870586,0.14179283339449247,3.5000591796890284e-05,24.039074914094456,35.78695179037167,nan,1.301968954690508,nan
23.69,220.00323486328125,-209.88504028320312,-5.017882823944092,219.72642746398853,-210.01457787901043,-5.030931620721016,0.3058963813582349,0.6130448542060115,0.14180464000956938,3.570612389742737e-05,23.98865598509814,36.51816595675371,nan,nan,nan
23.7,220.00323486328125,-209.87631225585938,-5.017882823944092,219.77444935156655,-210.02383006832287,-5.0314084551707,0.27255688959307395,0.6129790052174433,0.14179384335920406,3.4987868178720574e-05,23.673036088851642,35.534378226287394,20.573873477261337,0.0227036066839579,nan
23.71,220.00323486328125,-209.86758422851562,-5.017882823944092,219.7743171957469,-210.01505561788107,-5.031570866479677,0.2726508237640184,0.6130310100794275,0.14180568515855196,3.5692874399050104e-05,23.62540993750122,35.49718875437924,nan,nan,nan
23.72,220.00323486328125,-209.85885620117188,-5.017882823944092,219.77418436410267,-210.00627846865683,-5.0310650182153065,0.2727108842165422,0.6130830993717075,0.1418175878917117,3.4996300181049046e-05,23.27351778977941,35.14244197912984,nan,0.3163059834249699,nan
23.73,220.00323486328125,-209.8501434326172,-5.017882823944092,219.7740522292566,-209.997504192347,-5.031222790173887,0.27279631219215594,0.6131352732419642,0.1418295517522462,3.570165805444575e-05,23.222672163230357,35.876819808341615,nan,nan,nan
23.740000000000002,220.00323486328125,-209.84141540527344,-5.017882823944092,219.77391798563687,-209.98872079934176,-5.029140332176691,0.272785338656239,0.6131875318317558,0.14184157683702697,3.500474539665595e-05,21.79097757167879,33.690825549950475,nan,3.5466230468135107,nan
23.75,220.00323486328125,-209.8326873779297,-5.017882823944092,219.7436828447766,-209.9651263212426,-5.0292462997803495,0.2916101037322922,0.6131215488807844,0.14183092004174222,3.5688420831382065e-05,21.705577973544866,34.074899434235924,9.729193282742845,nan,nan
23.76,220.00323486328125,-209.82395935058594,-5.017882823944092,219.7434965447139,-209.95631694183697,-5.027443378153543,0.2916743565875464,0.613173591547895,0.14184297992830414,3.499201735728854e-05,20.632213495127008,33.02091856145247,nan,2.661423771904869,nan
23.77,220.00323486328125,-209.81524658203125,-5.017882823944092,219.74331201483986,-209.94751504787033,-5.02756307364753,0.29180222999769917,0.6132257187309349,0.14185510117351707,3.5697199450669895e-05,20.575877300831333,33.77395217658537,nan,nan,nan
23.78,220.00323486328125,-209.8065185546875,-5.017882823944092,219.74312478436315,-209.93870097884647,-5.024481762614916,0.2918441234681708,0.6132779305722631,0.14186728387978925,3.50004612000223e-05,19.128049083563557,31.543960193875584,nan,7.240136288358173,nan
23.79,220.00323486328125,-209.79779052734375,-5.017882823944092,219.74294019977825,-209.92989890837885,-5.024571719046099,0.29197718661830685,0.6133302272183283,0.141879528232402,3.570599170665092e-05,19.070180476818933,31.518436992584352,nan,nan,nan
23.8,220.00323486328125,-209.7890625,-5.017882823944092,219.7407403375281,-209.9112595630404,-5.023397263939462,0.2895961106688573,0.6132641109600819,0.14186900718146553,3.498774468522633e-05,17.450017391942158,31.422175874111733,13.982992134639513,1.2552553287152803,nan
23.81,220.00323486328125,-209.7803497314453,-5.017882823944092,219.74054349186162,-209.90240918765866,-5.023477378659646,0.2897180810924519,0.6133161912203733,0.14188128592384547,3.5692749468638866e-05,17.38836192599773,32.22427975484719,nan,nan,nan
23.82,220.00323486328125,-209.77162170410156,-5.017882823944092,219.740346639748,-209.89355870674868,-5.023558456644294,0.28984662063508626,0.6133683560775153,0.1418936263782037,3.6412053334652615e-05,17.32895236838653,31.334052465114755,nan,nan,nan
23.830000000000002,220.00323486328125,-209.7628936767578,-5.017882823944092,219.74014982362158,-209.88470826163115,-5.023640572899893,0.28997531421421313,0.613420605676008,0.1419060286890405,3.714580078346758e-05,17.269791782681942,31.283543652346907,nan,nan,nan
23.84,220.00323486328125,-209.75416564941406,-5.017882823944092,219.73995257117443,-209.8758558106723,-5.023164499501307,0.29009301401580007,0.6134729401597618,0.14191849298267886,3.636308338352879e-05,17.077725535156954,31.11164513813495,nan,0.20422336586549197,nan
23.85,220.00323486328125,-209.74545288085938,-5.017882823944092,219.74371943952488,-209.86937610709955,-5.02304415002107,0.28763146638727743,0.6134066912530615,0.14190810356833086,3.707175215441064e-05,17.053974359886265,31.716135477700544,1.9243168051119965,nan,nan
23.86,220.00323486328125,-209.73672485351562,-5.017882823944092,219.74353030285724,-209.86053577820357,-5.024401032207451,0.2877813246478615,0.6134588088912212,0.14192060181594932,3.629275286201055e-05,17.439896231461823,31.268410744595993,nan,1.0767801956282446,nan
23.87,220.00323486328125,-209.72799682617188,-5.017882823944092,219.74334050015048,-209.85169124698467,-5.024490330658485,0.2879045829304251,0.6135110112080259,0.14193316216385435,3.702293424251831e-05,17.38252419845921,31.224699629715065,nan,nan,nan
23.88,220.00323486328125,-209.7192840576172,-5.017882823944092,219.74315024375997,-209.8428430904368,-5.023493933563331,0.28799709799580064,0.6135632983471081,0.14194578472384756,3.6246601625324915e-05,17.004171540825315,31.712004784651107,nan,0.7766253555712322,nan
23.89,220.00323486328125,-209.71055603027344,-5.017882823944092,219.7429604846658,-209.8339983602543,-5.023574723086719,0.2881200421883546,0.6136156704537288,0.14195846967198153,3.69755701648631e-05,16.94621334313206,30.817554825022945,nan,nan,nan
23.900000000000002,220.00323486328125,-209.7018280029297,-5.017882823944092,219.78194648037143,-209.84734379438342,-5.023084970003656,0.2648970673617845,0.6135492895539999,0.14194820763736202,3.617933456132392e-05,17.222892639423243,29.947651390403507,22.184055331435854,0.1482304277072713,nan
23.91,220.00323486328125,-209.69309997558594,-5.017882823944092,219.7818275767288,-209.83854887173698,-5.0231609016310035,0.2649611783528722,0.6136014443579726,0.1419609260751845,3.6906245733162316e-05,17.164974743446262,29.90923207938577,nan,nan,nan
23.92,220.00323486328125,-209.68438720703125,-5.017882823944092,219.78170910741267,-209.8297571084102,-5.024319808134369,0.2650424560434432,0.6136536839203988,0.1419737069505472,3.613605790174599e-05,17.490235643413612,31.046429578912655,nan,0.7747918233498212,nan
23.93,220.00323486328125,-209.6756591796875,-5.017882823944092,219.78159026838327,-209.8209621156866,-5.024408279595318,0.2651072447687995,0.6137060083862289,0.1419865504352392,3.686189967120286e-05,17.43442928676021,30.20213927486492,nan,nan,nan
23.94,220.00323486328125,-209.66693115234375,-5.017882823944092,219.7814719177771,-209.8121702103511,-5.025571481154944,0.2652023820014436,0.6137584178995766,0.14199945664744648,3.609420502093919e-05,17.852929555669412,30.638555824328193,nan,0.764480107179075,nan
23.95,220.00323486328125,-209.658203125,-5.017882823944092,219.77528448321476,-209.80269287261999,-5.025561129520373,0.2699955912904253,0.6136919056633365,0.14198931772538445,3.679580590951182e-05,18.075113702015305,30.588128479324126,1.2153123591106159,nan,nan
23.96,220.00323486328125,-209.6494903564453,-5.017882823944092,219.7751574950069,-209.79390329476504,-5.025534653200587,0.27006098045452426,0.6137440974201019,0.14200225693944957,3.603150717809408e-05,18.032319338401802,31.350071726978072,nan,0.01067557955733582,nan
23.97,220.00323486328125,-209.64076232910156,-5.017882823944092,219.7750305040511,-209.785114120547,-5.025634620391427,0.27013840825271845,0.6137963740154011,0.14201525898067574,3.675449489855465e-05,17.97892240028922,30.50545511319195,nan,nan,nan
23.98,220.00323486328125,-209.6320343017578,-5.017882823944092,219.77490333384816,-209.77632103931415,-5.0242670575999675,0.2701753290129958,0.6138487355935418,0.14202832397095386,3.59925686450513e-05,17.41329233655417,29.95562722936792,nan,1.4383371258010065,nan
23.990000000000002,220.00323486328125,-209.62330627441406,-5.017882823944092,219.77477672799068,-209.76753200710854,-5.024354575176398,0.27025185497182996,0.6139011822991748,0.14204145207652638,3.67146780746501e-05,17.358729414729794,29.908063901391724,nan,nan,nan
24.0,220.00323486328125,-209.61459350585938,-5.017882823944092,219.7605124095943,-209.75297168991779,-5.024482808145377,0.2794749919734769,0.6138345393813638,0.14203143187571887,3.59329491010151e-05,17.529714732494334,30.882988120942358,1.8579057844943334,0.00629702529148421,nan
24.01,220.00323486328125,-209.60586547851562,-5.017882823944092,219.76036246657756,-209.74417601928135,-5.024572417603796,0.2795738854593442,0.6138867678793561,0.1420445924681123,3.665333953979404e-05,17.475983074290138,30.046406066089784,nan,nan,nan
24.02,220.00323486328125,-209.59713745117188,-5.017882823944092,219.76021230405573,-209.73537785809725,-5.023641546849876,0.27964895367035075,0.6139390812946975,0.14205781622731756,3.589690976035203e-05,17.116716976471004,29.685810807136985,nan,0.699843894733291,nan
24.03,220.00323486328125,-209.58840942382812,-5.017882823944092,219.76006208310017,-209.7265822073708,-5.023723241804467,0.2797477964412078,0.6139914797719368,0.1420711033163788,3.661654628716323e-05,17.06245484788202,29.65487973368662,nan,nan,nan
24.04,220.00323486328125,-209.57969665527344,-5.017882823944092,219.75991194237082,-209.71778925929218,-5.025010008542404,0.2798685546562127,0.6140439634555407,0.142084453861979,3.586229228749273e-05,17.483601927948577,30.896771047834434,nan,0.9737943642319693,nan
24.05,220.00323486328125,-209.5709686279297,-5.017882823944092,219.74962574147366,-209.69829574819101,-5.0250403798407,0.2838679496252971,0.6139771905108765,0.14207454796935912,3.6558369042746196e-05,16.716915668092263,30.32983620730746,7.808826202173319,nan,nan
24.060000000000002,220.00323486328125,-209.56224060058594,-5.017882823944092,219.7494534257288,-209.6894651333406,-5.026099774900644,0.284004609229943,0.6140294555387905,0.14208793046338397,3.580715765126246e-05,17.139391528538724,30.74311541277188,nan,0.6263332707659417,nan
24.07,220.00323486328125,-209.5535125732422,-5.017882823944092,219.7492810884765,-209.6806323273017,-5.026205704360607,0.28411480416931056,0.6140818055622573,0.14210137649844215,3.6524554163311754e-05,17.088746771058965,30.707536919745312,nan,nan,nan
24.080000000000002,220.00323486328125,-209.5447998046875,-5.017882823944092,219.74910868443018,-209.67179872253703,-5.025968700758036,0.28420805990725745,0.6141342407257746,0.14211488620396123,3.577538845767324e-05,16.956539080407264,31.40069697983467,nan,0.0798775740437503,nan
24.09,220.00323486328125,-209.53607177734375,-5.017882823944092,219.74893622587197,-209.66296609352193,-5.0260731736656,0.28431856480909573,0.6141867611738426,0.1421284597388744,3.6492193715651303e-05,16.90612159606784,30.504246993899677,nan,nan,nan
24.1,220.00323486328125,-209.52734375,-5.017882823944092,219.73532490365238,-209.66169621562082,-5.0250977467203795,0.2997972424779834,0.6141198588562321,0.14211866364147258,3.572320314407991e-05,18.238221244451235,29.98136384307429,22.5379534601103,0.7230097508561495,nan
24.11,220.00323486328125,-209.51861572265625,-5.017882823944092,219.7351402982731,-209.6529205573777,-5.025192893919573,0.29994319718825113,0.614172160203499,0.14213226856042388,3.643857665785779e-05,18.187990965098084,29.934564310979265,nan,nan,nan
24.12,220.00323486328125,-209.50990295410156,-5.017882823944092,219.73495553136362,-209.64414517009047,-5.0253752450758755,0.30008483610838355,0.6142245466237044,0.14214593736003706,3.569421722562684e-05,18.232908344847026,30.759475307046944,nan,0.0050267218730944705,nan
24.13,220.00323486328125,-209.5011749267578,-5.017882823944092,219.7347706687627,-209.63536976451763,-5.025473426376233,0.3002314031961978,0.6142770182613706,0.1421596701969085,3.6409104716454884e-05,18.183554330002977,29.93261272842025,nan,nan,nan
24.14,220.00323486328125,-209.49244689941406,-5.017882823944092,219.73458586630437,-209.62659282147547,-5.024678366194104,0.3003557746687413,0.6143295752609629,0.14217346720396912,3.566658681706783e-05,17.8368652403763,29.587636531983915,nan,0.5432960443715541,nan
24.150000000000002,220.00323486328125,-209.4837188720703,-5.017882823944092,219.7636896006229,-209.63500911280417,-5.024791659247082,0.28340501373229976,0.6142625442236834,0.14216377635897542,3.6358456375560925e-05,18.226368063602713,29.156975612388607,12.729757461590571,nan,nan
24.16,220.00323486328125,-209.47500610351562,-5.017882823944092,219.76355741962544,-209.62627399249712,-5.025063966890564,0.2835115871500104,0.6143148816803014,0.1421776041626333,3.561862193114243e-05,18.30122568487581,29.96620221226659,nan,0.02202808779428348,nan
24.17,220.00323486328125,-209.46627807617188,-5.017882823944092,219.7634251189889,-209.61753867144813,-5.025159194077215,0.2836219785263614,0.6143673042865293,0.14219149620801028,3.633178550969755e-05,18.252698751111218,29.18724149206689,nan,nan,nan
24.18,220.00323486328125,-209.45755004882812,-5.017882823944092,219.76329260624203,-209.60880488983784,-5.026153229653564,0.28375819504033345,0.6144198121867736,0.142205452630012,3.559366200378615e-05,18.659257422297873,29.60971037664606,nan,0.5499269622971089,nan
24.19,220.00323486328125,-209.44882202148438,-5.017882823944092,219.76316023974715,-209.60006951089565,-5.026259489468752,0.2838693298747952,0.6144724055256477,0.14221947358227538,3.630647437304371e-05,18.612576025505017,29.571599618581587,nan,nan,nan
24.2,220.00323486328125,-209.4401092529297,-5.017882823944092,219.73891943541744,-209.5855080371583,-5.0268065983186885,0.30179974421969263,0.6144052464211904,0.1422098833665739,3.554842113525978e-05,19.62504776495325,30.850220156368717,6.677921026193441,0.06380913769184361,nan
24.21,220.00323486328125,-209.43138122558594,-5.017882823944092,219.73874981490266,-209.57678014467035,-5.026920418688804,0.301951758738892,0.6144576197778825,0.1422239345031428,3.62600396487942e-05,19.58076214705938,30.0732052883431,nan,nan,nan
24.22,220.00323486328125,-209.4226531982422,-5.017882823944092,219.7385796649242,-209.5680549936863,-5.028712396541712,0.30216110897735954,0.6145100783598973,0.1422380502191044,3.5526034083793125e-05,20.57288605169608,31.075085904441753,nan,1.9271382068953575,nan
24.23,220.00323486328125,-209.41392517089844,-5.017882823944092,219.73840988070816,-209.5593270825821,-5.028844461852997,0.3023146453973779,0.6145626223119343,0.142252230666443,3.62373883891592e-05,20.531105602583587,31.041918614112937,nan,nan,nan
24.240000000000002,220.00323486328125,-209.40521240234375,-5.017882823944092,219.7382403643112,-209.55059768510952,-5.028075115782916,0.30242825222224456,0.614615251778268,0.14226647598254366,3.55048934779445e-05,20.08295764396778,31.337910537410394,nan,0.5583228852226862,nan
24.25,220.00323486328125,-209.396484375,-5.017882823944092,219.72507568058072,-209.53534647103154,-5.028332539037804,0.31106978185038003,0.6145479652586424,0.14225698173909915,3.619365106994585e-05,20.12273586965095,30.860903433521397,2.6038457310666314,nan,nan
24.26,220.00323486328125,-209.38775634765625,-5.017882823944092,219.72488330781093,-209.52660556621535,-5.0280934420078065,0.31122813280367917,0.6146003743064816,0.14227125660457324,3.546349252429216e-05,19.989620158585943,30.726426248542378,nan,0.09287801666954278,nan
24.27,220.00323486328125,-209.3790283203125,-5.017882823944092,219.72469084804507,-209.517865314619,-5.0282191116257495,0.3113989695792105,0.6146528686549696,0.1422855963991248,3.6173546112473684e-05,19.947519553519253,30.68507607453494,nan,nan,nan
24.28,220.00323486328125,-209.3703155517578,-5.017882823944092,219.72449895387987,-209.50912263369193,-5.026524301017649,0.31150567941995894,0.6147054484482807,0.14230000126150882,3.544477337342134e-05,19.043306492890682,30.526746084657017,nan,2.28328510116947,nan
24.29,220.00323486328125,-209.36158752441406,-5.017882823944092,219.72430633354486,-209.50038241256092,-5.026634062699054,0.31167568056611444,0.6147581138312699,0.1423144713416554,3.6154671556508726e-05,18.999284473549267,29.754774205643287,nan,nan,nan
24.3,220.00323486328125,-209.3528594970703,-5.017882823944092,219.7314099399453,-209.4942958178644,-5.026577920699976,0.3065430255183701,0.6146907005473177,0.14230506834898482,3.540581288348421e-05,18.894925551152806,29.628152993702148,0.45259481276224156,0.02276957807193441,nan
24.310000000000002,220.00323486328125,-209.34413146972656,-5.017882823944092,219.73122922375939,-209.4855576757871,-5.0266882071200065,0.3067017679526037,0.6147431450784698,0.14231956731979511,3.6114709444272365e-05,18.851277531305602,29.598939111311484,nan,nan,nan
24.32,220.00323486328125,-209.33541870117188,-5.017882823944092,219.73104908441536,-209.47681790933908,-5.025478798339736,0.3068167744993117,0.6147956749841996,0.14233413155389166,3.5389398742862225e-05,18.277879822247517,29.764301173305444,nan,1.2037712895139958,nan
24.330000000000002,220.00323486328125,-209.32669067382812,-5.017882823944092,219.7308684945842,-209.46807986664342,-5.025577610339238,0.30697483997853175,0.6148482904094704,0.1423487612000836,3.60982102221752e-05,18.232860408257174,28.984202338263398,nan,nan,nan
24.34,220.00323486328125,-209.31796264648438,-5.017882823944092,219.7306885904852,-209.4593399212034,-5.023991194810755,0.3070933356760578,0.6149009914982887,0.14236345639880915,3.5374096693849105e-05,17.592706563029644,28.352602944712267,nan,1.9645491357368927,nan
24.35,220.00323486328125,-209.30923461914062,-5.017882823944092,219.73030878214678,-209.45105550033466,-5.0239723644785155,0.3076343456280417,0.6148334521007914,0.14235413990055182,3.606063064649355e-05,17.617497570043586,28.284626927967423,0.5073679197478469,nan,nan
24.36,220.00323486328125,-209.30052185058594,-5.017882823944092,219.7301286315004,-209.44231882948168,-5.023241208663633,0.30776957183629067,0.6148859319073006,0.1423688633090983,3.533853051354217e-05,17.345481500628235,28.763137675371706,nan,0.45885116034004125,nan
24.37,220.00323486328125,-209.2917938232422,-5.017882823944092,219.72994827971098,-209.43358306986744,-5.023317036093533,0.30792739059679414,0.6149384971624479,0.1423836523206544,3.604637970147079e-05,17.298057304278345,27.98873721420044,nan,nan,nan
24.38,220.00323486328125,-209.28306579589844,-5.017882823944092,219.729768055429,-209.42484733162652,-5.0233937541656,0.3080851655341832,0.6149911480104476,0.14239850707804122,3.676854183802137e-05,17.250777860558408,27.95310372941435,nan,nan,nan
24.39,220.00323486328125,-209.2743377685547,-5.017882823944092,219.72958783559696,-209.41611166545744,-5.023471312192043,0.3082430288008726,0.6150438845958,0.14241342772575902,3.750516142339389e-05,17.203641629989384,27.907390897023284,nan,nan,nan
24.400000000000002,220.00323486328125,-209.265625,-5.017882823944092,219.7342129569121,-209.40509757469633,-5.020794228641472,0.3030410227613166,0.6149762197337845,0.142404192913891,3.6673568956257866e-05,16.041778134975992,27.96389609937127,2.623306240105477,4.421590053962809,nan
24.41,220.00323486328125,-209.25689697265625,-5.017882823944092,219.7340378473489,-209.3963449718085,-5.020845221529132,0.30318567521223677,0.6150287346093147,0.14241914106782586,3.740753354779342e-05,15.99140164144688,27.1694156610815,nan,nan,nan
24.42,220.00323486328125,-209.2481689453125,-5.017882823944092,219.73386259176553,-209.38759235033237,-5.021053631316962,0.30333209613931306,0.6150813350055803,0.14243415515426772,3.660420608901241e-05,15.977768055279695,27.18154037295207,nan,0.015777920568764463,nan
24.43,220.00323486328125,-209.23944091796875,-5.017882823944092,219.73368736253738,-209.37883943937268,-5.021108153130152,0.3034768618448979,0.6151340210678712,0.14244923532014483,3.733655324316241e-05,15.928165549352999,27.145192469944806,nan,nan,nan
24.44,220.00323486328125,-209.23072814941406,-5.017882823944092,219.7335117311009,-209.37008720292985,-5.022004373414194,0.3036255934535743,0.6151867929398699,0.14246438170769604,3.65373741174869e-05,16.059303824848797,28.044297873473575,nan,0.457162240456683,nan
24.45,220.00323486328125,-209.2220001220703,-5.017882823944092,219.7344935867464,-209.3629809412103,-5.02222857322133,0.30350675546970646,0.6151190032629014,0.14245522374104957,3.724458238769653e-05,16.212633920658085,27.289757163327867,1.251875914187866,nan,nan
24.46,220.00323486328125,-209.21327209472656,-5.017882823944092,219.73432135098662,-209.35423356104346,-5.021707519671184,0.3036432781706994,0.6151715530004239,0.14247039690967764,3.6450429012788156e-05,16.053948150785544,27.128141139143672,nan,0.22608728557707097,nan
24.47,220.00323486328125,-209.2045440673828,-5.017882823944092,219.73414874251904,-209.34548683695834,-5.021771279381723,0.30378828938615576,0.6152241883315374,0.14248563634183728,3.717891491270593e-05,16.006558229909547,27.080440840198225,nan,nan,nan
24.48,220.00323486328125,-209.19583129882812,-5.017882823944092,219.7339749665839,-209.336741326229,-5.023588226073943,0.30395571948072736,0.61527690939983,0.14250094218036724,3.638865438395817e-05,16.440085159558365,28.282750645045606,nan,2.002320275855171,nan
24.490000000000002,220.00323486328125,-209.18710327148438,-5.017882823944092,219.73380198480461,-209.32799440717346,-5.0236712890065425,0.30410178303940566,0.6153297163507397,0.14251631457129482,3.7115810744864824e-05,16.39585187856708,27.497776675854475,nan,nan,nan
24.5,220.00323486328125,-209.17837524414062,-5.017882823944092,219.71872401180346,-209.30912225204005,-5.024649182790829,0.31318842299055977,0.6152618025059732,0.14250722856733436,3.630691921006059e-05,16.40401114450128,28.066219656206574,4.351223805447036,0.4925287961855831,nan
24.51,220.00323486328125,-209.16966247558594,-5.017882823944092,219.71852370620607,-209.30034980678917,-5.0247433012358975,0.313347550890034,0.6153143869006885,0.14252262699238635,3.703192568763146e-05,16.359996465792953,28.801323653107772,nan,nan,nan
24.52,220.00323486328125,-209.1609344482422,-5.017882823944092,219.7183231184111,-209.29157753545692,-5.025200361993145,0.313521713705852,0.615367056959301,0.1425380920049803,3.6250049075245366e-05,16.514102687560875,28.18851777791885,nan,0.08607828640417796,nan
24.53,220.00323486328125,-209.15220642089844,-5.017882823944092,219.7181227548306,-209.2828050634105,-5.025300213577153,0.31368764317412573,0.6154198128273316,0.14255362375069083,3.697390749146433e-05,16.47307078450693,28.1539244450214,nan,nan,nan
24.54,220.00323486328125,-209.1434783935547,-5.017882823944092,219.71792303576584,-209.2740318799142,-5.0242860888712215,0.3138280636312399,0.6154726546482376,0.1425692223730382,3.6195541899859195e-05,16.066089132895854,27.761515795794352,nan,0.8198366063893577,nan
24.55,220.00323486328125,-209.134765625,-5.017882823944092,219.74260114899948,-209.2758028362782,-5.024334983078715,0.29641703450196044,0.615404617283844,0.14256020341919592,3.689522805844857e-05,15.887209477210192,28.116460723963623,5.542533929023386,nan,nan
24.560000000000002,220.00323486328125,-209.12603759765625,-5.017882823944092,219.74244403800046,-209.2670431923314,-5.02180846060669,0.29649594078762787,0.6154572361296909,0.14257582730783486,3.61212118325891e-05,15.134024143942256,26.60729544159584,nan,4.536787082099916,nan
24.57,220.00323486328125,-209.1173095703125,-5.017882823944092,219.74228528928123,-209.25828466593765,-5.021874491194347,0.2966219667603036,0.6155099407109972,0.14259151810690662,3.684211221460629e-05,15.088530011392033,26.57505086474801,nan,nan,nan
24.580000000000002,220.00323486328125,-209.10858154296875,-5.017882823944092,219.74212585302175,-209.24952648439674,-5.022985292632096,0.2967649354953319,0.6155627311711492,0.1426072759602622,3.607136270379261e-05,15.326639816146875,26.819476137565385,nan,0.7236476885203248,nan
24.59,220.00323486328125,-209.09986877441406,-5.017882823944092,219.74196703807027,-209.24076785223207,-5.023063238889372,0.29688425913046357,0.6156156076557805,0.14262310101297898,3.679135246176339e-05,15.281621922518838,27.535450397942405,nan,nan,nan
24.6,220.00323486328125,-209.0911407470703,-5.017882823944092,219.73313147502017,-209.2144500860048,-5.023436862704459,0.2969711783408061,0.6155474474170346,0.14261414416430243,3.6001768934000473e-05,13.972372190327334,27.199188120232535,21.360319213925674,0.08183622291224416,nan
24.61,220.00323486328125,-209.08241271972656,-5.017882823944092,219.73295004569016,-209.20562579253547,-5.023518958576575,0.2970978120835928,0.6156001005106518,0.14262999369460497,3.6720024408893385e-05,13.92954945225655,27.153718341883355,nan,nan,nan
24.62,220.00323486328125,-209.0736846923828,-5.017882823944092,219.73276830173143,-209.19680174448547,-5.02418487458145,0.2972367495402765,0.6156528394083387,0.14264591045336114,3.5956387742180404e-05,14.11812791561444,27.33754107736697,nan,0.22704927019363866,nan
24.63,220.00323486328125,-209.06497192382812,-5.017882823944092,219.7325871170992,-209.18797742065013,-5.024274571318151,0.29735737622656155,0.6157056642557865,0.1426618945854188,3.6673881569502015e-05,14.07528479669954,28.124394941027347,nan,nan,nan
24.64,220.00323486328125,-209.05624389648438,-5.017882823944092,219.7324044458829,-209.17915371561327,-5.026908107550624,0.29755233887609833,0.6157585751962892,0.14267794623497532,3.591315127828767e-05,15.17887883365113,28.408820803216933,nan,4.332059137295745,nan
24.650000000000002,220.00323486328125,-209.04751586914062,-5.017882823944092,219.79878311106125,-209.19322636920285,-5.0269973245601225,0.2512272734710322,0.6156902927298363,0.14266904652069906,3.6607223401578334e-05,14.252643644651506,27.71490063554223,36.56283962677612,nan,nan
24.66,220.00323486328125,-209.03878784179688,-5.017882823944092,219.7987116830224,-209.18441755078248,-5.025656186541702,0.25119348830832666,0.6157429798662196,0.1426851218389506,3.5850212458848465e-05,13.6185547912104,27.055307928412887,nan,1.4308813668365326,nan
24.67,220.00323486328125,-209.0300750732422,-5.017882823944092,219.79863927571063,-209.17560937499292,-5.025760554024352,0.2512004101721531,0.6157957528768921,0.14270126470105535,3.6565485668560943e-05,13.578754725453862,27.80872986210217,nan,nan,nan
24.68,220.00323486328125,-209.02134704589844,-5.017882823944092,219.76293312808775,-209.16118422745092,-5.025014890576052,0.27811908898166227,0.6018501202678369,0.14236965869677012,3.581114471258461e-05,19.79674743149687,33.189157176398844,nan,0.4888859532070894,0.09070999283212643
24.69,220.00323486328125,-209.0126190185547,-5.017882823944092,219.7628510530057,-209.1523938403108,-5.02511267388545,0.27816119026513264,0.6018954512480807,0.14238810032298288,3.652584776986928e-05,19.734159128848095,33.14577317669609,nan,nan,nan
24.7,220.00323486328125,-209.00389099121094,-5.017882823944092,219.76315690518865,-209.1404966145715,-5.024272859519254,0.27629577421721846,0.601841936702986,0.14237993190352333,3.5752409390546785e-05,18.93937719755659,32.84490795478675,1.6861279382157404,0.6343567295184563,nan
24.71,220.00323486328125,-208.99517822265625,-5.017882823944092,219.76307905576215,-209.13169248398964,-5.024363763110403,0.27632039013621507,0.601887086307852,0.14239837679352998,3.646571331045208e-05,18.873856436708156,33.60339433138736,nan,nan,nan
24.72,220.00323486328125,-208.9864501953125,-5.017882823944092,219.7629961048818,-209.12288759478025,-5.023910584262863,0.27634427604944023,0.6019323196780024,0.14241688285370818,3.5717321428887484e-05,18.666415025330128,32.58466977008071,nan,0.2013637021109039,nan
24.73,220.00323486328125,-208.97772216796875,-5.017882823944092,219.7629181604778,-209.11408359232666,-5.023998345529028,0.2763764738603832,0.6019776372150091,0.14243545023692983,3.64301753065576e-05,18.603129234834775,32.535311764240326,nan,nan,nan
24.740000000000002,220.00323486328125,-208.968994140625,-5.017882823944092,219.76283410530178,-209.10527846692466,-5.023430192564845,0.27639955739955746,0.6020230388128193,0.1424540790797445,3.568413266752119e-05,18.366496544268685,32.31607055958453,nan,0.2929177067888924,nan
24.75,220.00323486328125,-208.9602813720703,-5.017882823944092,219.75470056260406,-209.09344999263007,-5.02363113848122,0.2820216715695936,0.6019694025723412,0.1424458983959205,3.6374135573010325e-05,18.49443664864632,33.21571757964116,1.3250453160266717,nan,nan
24.76,220.00323486328125,-208.95155334472656,-5.017882823944092,219.7545993726337,-209.08464149692438,-5.022799149554012,0.2820571461999915,0.6020146224351737,0.14246453000677697,3.563124019599437e-05,18.192595063181894,32.0941062110861,nan,0.5745294181879465,nan
24.77,220.00323486328125,-208.9428253173828,-5.017882823944092,219.75450631670589,-209.07583452877577,-5.022877718468643,0.28210333065772475,0.6020599263969519,0.14248322317055456,3.6342463083957816e-05,18.12923154372041,32.03424643132446,nan,nan,nan
24.78,220.00323486328125,-208.93409729003906,-5.017882823944092,219.75441544267827,-209.06702796022427,-5.023195675794201,0.2821522524097113,0.602105314377106,0.1425019780253299,3.5601712569669794e-05,18.164287261193138,32.093257170681724,nan,0.03877442531881267,nan
24.79,220.00323486328125,-208.92538452148438,-5.017882823944092,219.7543226032127,-209.05822095286186,-5.023278471326997,0.28219132467923147,0.6021507867391792,0.14252079472166607,3.6312636600481016e-05,18.10002716452193,32.87672694872233,nan,nan,nan
24.8,220.00323486328125,-208.91665649414062,-5.017882823944092,219.74069189843235,-209.04455267819841,-5.023060291147704,0.29208397500520555,0.602097028612053,0.14251259855858403,3.5552468085382074e-05,18.249674689445527,32.08864293093197,2.2267876558948814,0.09132942608624672,nan
24.810000000000002,220.00323486328125,-208.90792846679688,-5.017882823944092,219.7405740686106,-209.03574144447023,-5.023142656207473,0.29215495230130845,0.602142318864082,0.1425314175054434,3.626225745896386e-05,18.188247426834373,32.0304135945587,nan,nan,nan
24.82,220.00323486328125,-208.89920043945312,-5.017882823944092,219.74044784038574,-209.0269290675668,-5.0221995229757255,0.2922161113501768,0.6021876930902386,0.14255029837104424,3.5526386630769336e-05,17.879689485201272,31.729721662579475,nan,0.7217420497297752,nan
24.830000000000002,220.00323486328125,-208.89048767089844,-5.017882823944092,219.74033008112,-209.01811807878184,-5.022273905357052,0.29228022015818467,0.6022331516310157,0.14256924130470816,3.6235971715648255e-05,17.81532907175958,32.518347242965575,nan,nan,nan
24.84,220.00323486328125,-208.8817596435547,-5.017882823944092,219.74020333129965,-209.00930561844618,-5.0212234423953825,0.2923435004566429,0.6022786944402618,0.14258824644639256,3.550194926337999e-05,17.527877125211013,31.41648863316352,nan,0.8693059178221936,nan
24.85,220.00323486328125,-208.87303161621094,-5.017882823944092,219.7639388357519,-209.0182612831182,-5.021372156776691,0.27994002997952244,0.602224814671194,0.14258003156000748,3.618910682337402e-05,18.354058631101516,31.12116561424185,12.881304149914753,nan,nan
24.86,220.00323486328125,-208.8643035888672,-5.017882823944092,219.76386162279238,-209.00949713646264,-5.022164762962706,0.2799983027221,0.6022701750045736,0.1425990384145678,3.5457723596345e-05,18.466168864760018,31.248562614060504,nan,0.36139202966925976,nan
24.87,220.00323486328125,-208.8555908203125,-5.017882823944092,219.76377870585617,-209.0007320265106,-5.022240422019108,0.2800432283173609,0.6023156195853533,0.14261810756024765,3.6166138540627035e-05,18.40367355907252,32.00419514193835,nan,nan,nan
24.88,220.00323486328125,-208.84686279296875,-5.017882823944092,219.7636789448619,-208.9919642985764,-5.020097926494409,0.28008282999614076,0.6023611483881448,0.14263723913800155,3.54364233801251e-05,17.948929805573027,30.786749792928557,nan,3.3905857937872725,nan
24.89,220.00323486328125,-208.838134765625,-5.017882823944092,219.76359572593083,-208.9831987799372,-5.020153821471996,0.2801350421282493,0.6024067617224337,0.1426564332956415,3.614475023473771e-05,17.885178747139424,30.74805887393162,nan,nan,nan
24.900000000000002,220.00323486328125,-208.82940673828125,-5.017882823944092,219.7461320543415,-208.96901789079527,-5.020471823218464,0.2925744882730634,0.6023527601575569,0.1426481963927777,3.53952974859939e-05,18.31285401296077,30.880391769529396,4.501006946438069,0.1062938314262329,nan
24.91,220.00323486328125,-208.82069396972656,-5.017882823944092,219.74601580886142,-208.96025030162534,-5.0205308815424905,0.29265102757161,0.6023981906372012,0.14266739170470152,3.610269347603265e-05,18.248478870746474,31.61100523434172,nan,nan,nan
24.92,220.00323486328125,-208.8119659423828,-5.017882823944092,219.74590950337824,-208.95148420709415,-5.021967713412914,0.29274284510342596,0.6024437052906962,0.14268664966913086,3.537692421383775e-05,18.458994076036028,31.05228274499315,nan,1.3094730216371013,nan
24.93,220.00323486328125,-208.80323791503906,-5.017882823944092,219.74579364368125,-208.94271677199467,-5.022042435674788,0.292826971873368,0.6024893044089147,0.14270597043309072,3.6084305036477206e-05,18.400065802593705,31.025789106879966,nan,nan,nan
24.94,220.00323486328125,-208.7945098876953,-5.017882823944092,219.7456887174564,-208.9339505281085,-5.023685829198754,0.2929289748353035,0.6025349879942815,0.14272535413873014,3.535994364624529e-05,18.80632437364455,31.45052162458393,nan,1.6998416162398104,nan
24.95,220.00323486328125,-208.78579711914062,-5.017882823944092,219.741598048753,-208.91955745573742,-5.023837234820001,0.29390662696145764,0.6024808648071224,0.14271709189605433,3.6045201927993116e-05,18.31201016752061,32.31559904448257,2.2003970486985622,nan,nan
24.96,220.00323486328125,-208.77706909179688,-5.017882823944092,219.7414674862281,-208.91076963560332,-5.022239119362806,0.29396763837743245,0.6025263651661374,0.14273647617760404,3.53230377449542e-05,17.799116323478312,31.003879426864795,nan,1.985244626039363,nan
24.97,220.00323486328125,-208.76834106445312,-5.017882823944092,219.74134827410157,-208.90198315519422,-5.022317755779411,0.29404840184942554,0.6025719499230678,0.14275592347486613,3.602959956847356e-05,17.741451958854757,30.963843607110093,nan,nan,nan
24.98,220.00323486328125,-208.75961303710938,-5.017882823944092,219.7412126165672,-208.89319477356898,-5.019862995103257,0.29411504410088074,0.602617619096949,0.1427754339306002,3.530868761651643e-05,17.24049053647104,30.473763018906077,nan,4.45477346337742,nan
24.990000000000002,220.00323486328125,-208.7509002685547,-5.017882823944092,219.74109339766534,-208.88440836917817,-5.01991856942196,0.2941882138818619,0.602663372953831,0.14279500769090564,3.6015320902582014e-05,17.17662294937957,31.235374095343914,nan,nan,nan
25.0,220.00323486328125,-208.74217224121094,-5.017882823944092,219.7044714944288,-208.86815496966332,-5.019845433133306,0.3242453550495512,0.6026091280187076,0.14278671674517754,3.527436093411919e-05,18.51144609590581,30.863649153715112,22.922057940880567,0.0021475970505075966,nan
25.01,220.00323486328125,-208.7334442138672,-5.017882823944092,219.70427965106245,-208.8593797359193,-5.019901344128912,0.3244041446268276,0.6026546982667935,0.14280629048284682,3.598021613397072e-05,18.451160439127843,30.833426714279852,nan,nan,nan
25.02,220.00323486328125,-208.72471618652344,-5.017882823944092,219.70408140291767,-208.8506039038705,-5.018884268074401,0.3245635733053053,0.6027003528800471,0.14282592759219456,3.5262443243871466e-05,18.302208578983286,30.70141785473164,nan,0.802383082405938,nan
25.03,220.00323486328125,-208.71600341796875,-5.017882823944092,219.70388989383056,-208.84182879061473,-5.018931777304916,0.32471608435691107,0.6027460921097726,0.14284562821885907,3.5968424759160724e-05,18.23833195389267,31.458934163465468,nan,nan,nan
25.04,220.00323486328125,-208.707275390625,-5.017882823944092,219.70370462347287,-208.83305426974894,-5.020043172611492,0.324874372796168,0.6027919159970564,0.14286539250630123,3.5251680309541094e-05,18.27633940463875,30.718233962605073,nan,0.7862808223790989,nan
25.05,220.00323486328125,-208.69854736328125,-5.017882823944092,219.70720730469773,-208.82159494371803,-5.020087453228581,0.32058989828524664,0.6027375494284715,0.14285706946520438,3.593575087050962e-05,17.661017612491104,30.617172451258604,2.3537392400952544,nan,nan
25.060000000000002,220.00323486328125,-208.6898193359375,-5.017882823944092,219.70703214904628,-208.81280538170972,-5.021205615716538,0.32073767524257396,0.6027831893297134,0.14287683311211413,3.522082662030566e-05,17.775428450580787,30.739010251025608,nan,0.7799729729438757,nan
25.07,220.00323486328125,-208.6811065673828,-5.017882823944092,219.70685098641746,-208.80401527693633,-5.02127748136617,0.3208761085651764,0.6028289137807533,0.14289666048561558,3.5926248843721434e-05,17.717100276825132,31.511276601923882,nan,nan,nan
25.080000000000002,220.00323486328125,-208.67237854003906,-5.017882823944092,219.7066670745271,-208.79522491629302,-5.020849445052572,0.32101789097502753,0.6028747228357043,0.14291655172950773,3.52122215558372e-05,17.582847289274707,30.583698131120066,nan,0.17505977780978482,nan
25.09,220.00323486328125,-208.6636505126953,-5.017882823944092,219.70648590972644,-208.7864348916417,-5.020918487100754,0.3211622026327621,0.6029206167263909,0.1429365069889155,3.591783229741369e-05,17.52625029032268,30.53831569531444,nan,nan,nan
25.1,220.00323486328125,-208.65492248535156,-5.017882823944092,219.74657590971543,-208.80362065382997,-5.021177102871923,0.2966408873166122,0.6028661284597362,0.14292814842785104,3.6614843278982923e-05,18.371685831253803,30.104880464032213,25.33556529054382,nan,nan
25.11,220.00323486328125,-208.64620971679688,-5.017882823944092,219.7464579866757,-208.7948903347369,-5.021251892598719,0.2967349678314469,0.6029118379783486,0.14294810240938835,3.7348317967681125e-05,18.314989875347486,30.817380617743662,nan,nan,nan
25.12,220.00323486328125,-208.63748168945312,-5.017882823944092,219.74632689270302,-208.78615908389096,-5.018768846503713,0.29682900464648615,0.6029576320426193,0.14296812046736024,3.654927780824189e-05,17.970526728885194,29.748017452324298,nan,4.232778304531768,nan
25.13,220.00323486328125,-208.62875366210938,-5.017882823944092,219.7462089965354,-208.77742881278925,-5.018820541173353,0.29693008591206915,0.6030035108792018,0.1429882027466901,3.728124941353782e-05,17.91078049984136,29.701605476320047,nan,nan,nan
25.14,220.00323486328125,-208.6200408935547,-5.017882823944092,219.74608191100987,-208.76869803288923,-5.017017267644719,0.2970308656094955,0.6030494745533496,0.1430083493915059,3.648614394984609e-05,17.844068818089827,30.414998291697312,nan,2.234190698868681,nan
25.150000000000002,220.00323486328125,-208.61131286621094,-5.017882823944092,219.75351019452017,-208.76416569908002,-5.017029821549914,0.29279195056732404,0.6029948645733839,0.14299995185859452,3.7193100192600847e-05,17.889499640783765,29.55608064554053,0.6715646591797529,nan,nan
25.16,220.00323486328125,-208.6025848388672,-5.017882823944092,219.75341425517016,-208.75544481478187,-5.0189900242374215,0.2928783610411031,0.6030406434932644,0.1430200965693614,3.640280490335682e-05,17.842424753785362,29.531524877881274,nan,2.4133266117135888,nan
25.17,220.00323486328125,-208.59385681152344,-5.017882823944092,219.7533091847982,-208.74672346163447,-5.019045734007038,0.2929716877809038,0.603086507118092,0.14304030570383466,3.713112106416869e-05,17.784155429014238,29.489714677332845,nan,nan,nan
25.18,220.00323486328125,-208.58514404296875,-5.017882823944092,219.75320679019538,-208.7380022938934,-5.019694284570319,0.2930579526243544,0.6031324555241759,0.14306057940630798,3.634451215858654e-05,17.77521961235055,30.249773649249185,nan,0.2290646341214561,nan
25.19,220.00323486328125,-208.576416015625,-5.017882823944092,219.75310165675137,-208.72928100063174,-5.019757693023283,0.29315156452609337,0.6031784889216264,0.14308091782145252,3.707159200747587e-05,17.719100564013544,29.460547594427553,nan,nan,nan
25.2,220.00323486328125,-208.56768798828125,-5.017882823944092,219.7407636345622,-208.70790310941672,-5.0194938165411465,0.2975802772319936,0.6031237571755462,0.14307247783907387,3.626614970757567e-05,16.825398256995502,29.4445820112811,7.2378946021017025,0.05163655393310494,nan
25.21,220.00323486328125,-208.5589599609375,-5.017882823944092,219.74064333040027,-208.6991452599396,-5.019555572787711,0.2976726881757578,0.6031696054288638,0.14309281364525103,3.699116477339592e-05,16.768708443790178,29.407489968514348,nan,nan,nan
25.22,220.00323486328125,-208.5502471923828,-5.017882823944092,219.7405234838957,-208.69038737616052,-5.019727618482448,0.29775819591539043,0.6032155384056803,0.14311321421842157,3.621253539870781e-05,16.724566166780903,30.167869831792654,nan,0.00786505941238814,nan
25.23,220.00323486328125,-208.54151916503906,-5.017882823944092,219.7404030939853,-208.68162937076576,-5.0197922628387905,0.29785072545977426,0.6032615563066006,0.1431336797031597,3.693648277433394e-05,16.668894634430636,29.337961010512466,nan,nan,nan
25.240000000000002,220.00323486328125,-208.5327911376953,-5.017882823944092,219.7402868605822,-208.67287139693033,-5.020874916807755,0.297948122616138,0.6033076592221713,0.14315421024390795,3.6161170988265574e-05,16.757542381683912,29.4497885843366,nan,0.6834666375666126,nan
25.25,220.00323486328125,-208.52406311035156,-5.017882823944092,219.72394233874093,-208.653345786416,-5.02109776731741,0.30778021452878124,0.603252805741453,0.14314572431118974,3.686100937757092e-05,16.417344090982475,29.678047516070574,4.913115357615933,nan,nan
25.26,220.00323486328125,-208.51535034179688,-5.017882823944092,219.72379255757303,-208.6445624993666,-5.020133900004449,0.30787798106843695,0.6032987231257788,0.14316625154975995,3.60898557864461e-05,16.21550147348996,30.290467535648858,nan,0.7234838096183484,nan
25.27,220.00323486328125,-208.50662231445312,-5.017882823944092,219.72364682937388,-208.63577936279088,-5.020205183903602,0.30798767052480275,0.6033447253666706,0.14318684389533137,3.681098622108372e-05,16.16182120718498,29.439577420001605,nan,nan,nan
25.28,220.00323486328125,-208.49789428710938,-5.017882823944092,219.72350279008245,-208.62699624911323,-5.0206691999854005,0.3080991938658531,0.6033908125628085,0.143207501492391,3.6042915976890336e-05,16.171111727096072,29.474705641369745,nan,0.10203837319533636,nan
25.29,220.00323486328125,-208.48916625976562,-5.017882823944092,219.7233573245477,-208.6182130618665,-5.020746436737661,0.30820888062845925,0.6034369849026192,0.14322822448544506,3.67631987895728e-05,16.119344229443477,29.432037871219222,nan,nan,nan
25.3,220.00323486328125,-208.48045349121094,-5.017882823944092,219.7334705771404,-208.6163027244388,-5.022485281219158,0.30207443926730226,0.6033820096011556,0.1432196890801468,3.5976095393144544e-05,16.685939205051536,30.434029208065887,1.6233097541613082,1.8034607191237093,nan
25.310000000000002,220.00323486328125,-208.4717254638672,-5.017882823944092,219.73334103439294,-208.60753527919047,-5.022581385908305,0.3021738924769491,0.6034279960165008,0.14324040805976695,3.669469965972397e-05,16.639861198603313,29.61458299591602,nan,nan,nan
25.32,220.00323486328125,-208.46299743652344,-5.017882823944092,219.7332049042305,-208.5987677744686,-5.020805806571315,0.3022553676581066,0.6034740673263751,0.14326119248286476,3.593338966557324e-05,16.21727369777705,29.206175874250793,nan,2.3472510132528104,nan
25.330000000000002,220.00323486328125,-208.4542694091797,-5.017882823944092,219.7330754763602,-208.5900001587696,-5.020885482211971,0.30235400887448943,0.603520223712293,0.14328204249394177,3.6651284895629195e-05,16.16694370232058,29.166169771528935,nan,nan,nan
25.34,220.00323486328125,-208.445556640625,-5.017882823944092,219.7329499731055,-208.58123238723425,-5.02205619056157,0.30245536375509013,0.6035664652832958,0.143302958237493,3.589271393667239e-05,16.346001434483906,30.168071661876066,nan,0.7969223091379808,nan
25.35,220.00323486328125,-208.43682861328125,-5.017882823944092,219.78046734623135,-208.5874862624367,-5.022037526219572,0.2689616244980363,0.6035113681599599,0.14329436981845026,3.658720633572793e-05,15.358507389144018,28.941758168544222,26.113660168056064,nan,nan
25.36,220.00323486328125,-208.4281005859375,-5.017882823944092,219.78043597649588,-208.57872708404003,-5.024818090590697,0.2690274777915623,0.6035574234148222,0.1433152808196133,3.5832192220712504e-05,16.170588314082607,29.75251264835687,nan,4.867086199639263,nan
25.37,220.00323486328125,-208.41937255859375,-5.017882823944092,219.78039605169016,-208.56996812150336,-5.02493709679339,0.2690463199614983,0.6036035636777076,0.14333625759729007,3.654795572215748e-05,16.131612792509124,29.71889827479735,nan,nan,nan
25.38,220.00323486328125,-208.41065979003906,-5.017882823944092,219.78035876820005,-208.56120912189303,-5.0259261847907855,0.2690790789601301,0.6036497890634974,0.1433573002959516,3.5795465516344546e-05,16.51765091903452,30.880732761459587,nan,0.5093613965632098,nan
25.39,220.00323486328125,-208.4019317626953,-5.017882823944092,219.7803188511795,-208.5524503702676,-5.026055782392572,0.2690988608795139,0.6036960997449561,0.14337840906013583,3.651069780972271e-05,16.48200994409937,30.03987428535937,nan,nan,nan
25.400000000000002,220.00323486328125,-208.39320373535156,-5.017882823944092,219.7640848310512,-208.53079021813778,-5.023490683590506,0.2759605519832989,0.6036408807197371,0.14336976406935772,3.573891514235736e-05,14.946904484208876,29.137506281416467,5.984184011662453,4.689146060051352,nan
25.41,220.00323486328125,-208.3844757080078,-5.017882823944092,219.76402174547098,-208.52199879180748,-5.023594684794578,0.2759857598946961,0.603687004688543,0.14339086734483167,3.645278078907957e-05,14.904462853406336,29.087984275769635,nan,nan,nan
25.42,220.00323486328125,-208.37576293945312,-5.017882823944092,219.76395312627525,-208.51320775691036,-5.021666992974561,0.2759730918870729,0.6037332137168747,0.14341203672634334,3.5705933734150455e-05,14.351541163791117,29.34677095724713,nan,2.800393100730567,nan
25.43,220.00323486328125,-208.36703491210938,-5.017882823944092,219.76389010254405,-208.5044163409812,-5.021752404752028,0.27599736438386835,0.603779507972604,0.14343327235847464,3.641937996951428e-05,14.304565842252671,28.471317819863348,nan,nan,nan
25.44,220.00323486328125,-208.35830688476562,-5.017882823944092,219.7638251757928,-208.4956249679056,-5.021179228036217,0.27601471102189074,0.6038258875779522,0.14345457438563014,3.567474303134165e-05,14.141158188609763,28.316559388139655,nan,0.2954196097876862,nan
25.45,220.00323486328125,-208.34957885742188,-5.017882823944092,219.76128642399064,-208.48743010859977,-5.021258297718051,0.2784841262077086,0.6037705466245445,0.14344586925057531,3.636532589170925e-05,14.323362970244965,28.279971936651503,0.31375620183174235,nan,nan
25.46,220.00323486328125,-208.3408660888672,-5.017882823944092,219.76121760609578,-208.47864323744315,-5.0213255080970765,0.27850807442420156,0.6038167391213616,0.14346716502562634,3.5623703331500395e-05,14.284698065687468,29.060895830859486,nan,0.00014789899543750444,nan
25.47,220.00323486328125,-208.33213806152344,-5.017882823944092,219.7611489289312,-208.46985643782605,-5.021408259269187,0.27853972692562334,0.6038630167768189,0.14348852723296157,3.6335566683282565e-05,14.237882802204089,28.191916250455847,nan,nan,nan
25.48,220.00323486328125,-208.3234100341797,-5.017882823944092,219.76107857321637,-208.46106974473835,-5.020744913173404,0.2785642767546481,0.6039093797172058,0.1435099560169294,3.5595961179013863e-05,14.069983624531574,28.037366777106772,nan,0.380595926154545,nan
25.490000000000002,220.00323486328125,-208.31468200683594,-5.017882823944092,219.7610102879406,-208.45228250073976,-5.020822033524279,0.27859518979065784,0.6039558281042948,0.14353145152219765,3.630754565111687e-05,14.021979889059086,28.028369413574634,nan,nan,nan
25.5,220.00323486328125,-208.30596923828125,-5.017882823944092,219.7738263131052,-208.45502627009012,-5.020628288443218,0.2735942601752955,0.6039003651453793,0.14352268265763193,3.554835915436166e-05,14.545171492093122,28.649352513565006,4.882166329093577,0.07100833095824116,nan
25.51,220.00323486328125,-208.2972412109375,-5.017882823944092,219.77377601573107,-208.44626938401586,-5.0207051723075065,0.27362149904642813,0.60394662602423,0.14354417113070342,3.6258823707790904e-05,14.497532171328661,27.79426964826955,nan,nan,nan
25.52,220.00323486328125,-208.28851318359375,-5.017882823944092,219.7737261112498,-208.43751256718278,-5.020886435505948,0.27364960305353725,0.6039929721222188,0.14356572635858927,3.5523859942920385e-05,14.476713427711557,27.788695821470114,nan,0.007346360307282924,nan
25.53,220.00323486328125,-208.27978515625,-5.017882823944092,219.77367624617975,-208.42875579816686,-5.020966130266265,0.2736766661894152,0.6040394035977719,0.14358734848602034,3.62341340555067e-05,14.430216750671368,27.744993805156962,nan,nan,nan
25.54,220.00323486328125,-208.2710723876953,-5.017882823944092,219.77362557926125,-208.41999924767498,-5.020657445704342,0.2736920376216544,0.6040859205822028,0.14360903765724878,3.55009073607511e-05,14.328349528594037,28.432510970593516,nan,0.10404869286829127,nan
25.55,220.00323486328125,-208.26234436035156,-5.017882823944092,219.77037971862234,-208.4049383641034,-5.020676730259603,0.2730611180900763,0.6040303355723763,0.14360020146786068,3.61887209280283e-05,13.798797389508202,27.605950856127695,2.3354254427490297,nan,nan
25.560000000000002,220.00323486328125,-208.2536163330078,-5.017882823944092,219.77032946854396,-208.39616109614747,-5.02146474339346,0.27308746317473676,0.6040766646488273,0.14362188281037744,3.545802896720963e-05,13.89055782669142,27.72019288619424,nan,0.34707013432489187,nan
25.57,220.00323486328125,-208.24488830566406,-5.017882823944092,219.7702778300467,-208.38738393629458,-5.021550397698251,0.2731070031681313,0.6041230790331431,0.14364363122727472,3.616715038912919e-05,13.84644368000089,27.671536756539126,nan,nan,nan
25.580000000000002,220.00323486328125,-208.23617553710938,-5.017882823944092,219.77022841287447,-208.37860626635842,-5.022782739512876,0.27313463298922896,0.604169578859362,0.14366544686273974,3.5438025871624045e-05,14.096422553912499,28.749006928694627,nan,0.9036661301233829,nan
25.59,220.00323486328125,-208.22744750976562,-5.017882823944092,219.77017702601933,-208.36982883946374,-5.022881629674519,0.2731545105147237,0.604216164281822,0.14368732986160307,3.614706517486428e-05,14.056397917342018,27.892159904384542,nan,nan,nan
25.6,220.00323486328125,-208.21871948242188,-5.017882823944092,219.7747780523324,-208.35778873242614,-5.022220324753729,0.26749127963157665,0.6041604571441909,0.14367842274326836,3.539806457977322e-05,13.306000906321191,27.707373809984123,2.599624700800075,0.4484637059949757,nan
25.61,220.00323486328125,-208.20999145507812,-5.017882823944092,219.77473927533953,-208.3489950425057,-5.022313826816807,0.26749180326324895,0.6042068542558935,0.1437002971008731,3.6106174749978685e-05,13.264837767299769,27.663511307692225,nan,nan,nan
25.62,220.00323486328125,-208.20127868652344,-5.017882823944092,219.77470005962056,-208.34020160041638,-5.0220495452376515,0.26747914695369307,0.6042533367415008,0.14372223884842053,3.538081202944493e-05,13.156988641108752,28.360843189007916,nan,0.08889028379052946,nan
25.63,220.00323486328125,-208.1925506591797,-5.017882823944092,219.77466147047733,-208.33140815816782,-5.022141336079297,0.26747959893932305,0.6042999047531655,0.14374424813080486,3.608890858943694e-05,13.115788193258236,27.483787738373692,nan,nan,nan
25.64,220.00323486328125,-208.18382263183594,-5.017882823944092,219.77462171077312,-208.3226149841599,-5.021482046061722,0.2674700823703105,0.6043465584282113,0.14376632509211565,3.536486833622531e-05,12.92679660698581,27.29994894472807,nan,0.39106733233977586,nan
25.650000000000002,220.00323486328125,-208.1750946044922,-5.017882823944092,219.77316605872636,-208.3116320296549,-5.021608525606842,0.26755934697232997,0.6042907291032397,0.14375734343505905,3.605079711671621e-05,12.774959926257061,27.288564342219864,0.2944765659902207,nan,nan
25.66,220.00323486328125,-208.1663818359375,-5.017882823944092,219.77312775468297,-208.30283160424855,-5.022827578709363,0.2675673210601161,0.604337194064246,0.14377941092680682,3.5328875470198904e-05,13.028144088078998,28.359144357374646,nan,0.8860337112740913,nan
25.67,220.00323486328125,-208.15765380859375,-5.017882823944092,219.7730877856134,-208.29403168032226,-5.022927861164675,0.2675669143537889,0.6043837444805042,0.14380154612144735,3.603614847227207e-05,12.990234252772016,27.47651515764069,nan,nan,nan
25.68,220.00323486328125,-208.14892578125,-5.017882823944092,219.76301348718042,-208.2918149295676,-5.0233993242937505,0.27956045861104417,0.6033124399240896,0.14334259609027616,3.531539200500999e-05,19.70237688566679,34.17726110525446,nan,0.09552694195495569,0.09007337675213535
25.69,220.00323486328125,-208.14019775390625,-5.017882823944092,219.76296467013358,-208.2830327728832,-5.0235052844787775,0.2795768596000448,0.6033572277753867,0.14336228355171488,3.602273229080761e-05,19.642048410182277,34.12433621940925,nan,nan,nan
25.7,220.00323486328125,-208.13148498535156,-5.017882823944092,219.76238592158558,-208.27296003592005,-5.0229029113435315,0.2793718023115082,0.6033016369194251,0.14335361688821197,3.528182644002598e-05,19.286843215293306,34.718219369225785,0.9189212418402896,0.23175235317197299,nan
25.71,220.00323486328125,-208.1227569580078,-5.017882823944092,219.76233767589704,-208.26417290077237,-5.0230023295934565,0.2793852771634586,0.6033462440889196,0.1433733012471483,3.598838136861798e-05,19.225032484139014,33.83868097057842,nan,nan,nan
25.72,220.00323486328125,-208.11402893066406,-5.017882823944092,219.76228513762217,-208.2553893124857,-5.02531706571073,0.2794544610389861,0.6033909351248765,0.143393046766185,3.5270640094035616e-05,19.988178758459384,34.61024564611552,nan,3.4081636480063993,nan
25.73,220.00323486328125,-208.10531616210938,-5.017882823944092,219.76223683797733,-208.24660230647663,-5.025440462804847,0.2794618769988235,0.6034357101823344,0.14341285359697845,3.597731439698109e-05,19.931353029417338,35.38826897946939,nan,nan,nan
25.740000000000002,220.00323486328125,-208.09658813476562,-5.017882823944092,219.76219053419467,-208.2378138401846,-5.024521595942509,0.2794479231440667,0.6034805693950999,0.1434327218770741,3.526053919504274e-05,19.518644153994025,34.13189016036392,nan,0.7568657761586818,nan
25.75,220.00323486328125,-208.08786010742188,-5.017882823944092,219.75699034001426,-208.2255299471421,-5.024640669754125,0.28219677263847687,0.6034248923034778,0.1434240258003513,3.5945251538159566e-05,19.359700977082124,34.12916806137331,0.44129311071841276,nan,nan
25.76,220.00323486328125,-208.07913208007812,-5.017882823944092,219.7569350234324,-208.2167345522079,-5.0245106268118604,0.2822091054814713,0.6034695705252416,0.14344389047268633,3.523024056811946e-05,19.261510684373505,34.03296452692305,nan,0.04213795771894678,nan
25.77,220.00323486328125,-208.07041931152344,-5.017882823944092,219.7568791255394,-208.2079394298908,-5.024625077328248,0.28222046427359787,0.6035143327140967,0.1434638166870776,3.593633622415833e-05,19.20313643031706,34.83275167226778,nan,nan,nan
25.78,220.00323486328125,-208.0616912841797,-5.017882823944092,219.75682279780008,-208.19914458099592,-5.025011168000831,0.2822465732464034,0.6035591790033298,0.1434838045818788,3.522216817019771e-05,19.30672573512596,34.10723284563505,nan,0.05107669434694677,nan
25.79,220.00323486328125,-208.05296325683594,-5.017882823944092,219.75676708990952,-208.1903493400234,-5.025130168770942,0.28226551892048857,0.6036041095487852,0.14350385430755352,3.592844180624143e-05,19.25211529049667,34.05569838189761,nan,nan,nan
25.8,220.00323486328125,-208.0442352294922,-5.017882823944092,219.75107123228824,-208.17667230469627,-5.023943416616473,0.2848908676453685,0.6035483460518833,0.14349512570520928,3.519384814658045e-05,18.501774688974006,33.64397310076066,1.0444278060492325,1.222108381552585,nan
25.810000000000002,220.00323486328125,-208.0355224609375,-5.017882823944092,219.7510086096065,-208.16786362077212,-5.0240516546319025,0.2849040542028744,0.603593095293605,0.1435151712972656,3.589944150616264e-05,18.442538168627586,34.44883067574336,nan,nan,nan
25.82,220.00323486328125,-208.02679443359375,-5.017882823944092,219.75095288644212,-208.1590503594942,-5.020860689580117,0.28486258697376704,0.6036379285799746,0.14353527879725675,3.518763511767058e-05,17.561232453628293,32.72999517722963,nan,7.606524273564389,nan
25.830000000000002,220.00323486328125,-208.01806640625,-5.017882823944092,219.75089061133858,-208.15024139230567,-5.020937956194052,0.28488099666420336,0.6036828460672327,0.14355544835492662,3.589344474214269e-05,17.49619681640836,32.69213940910672,nan,nan,nan
25.84,220.00323486328125,-208.00933837890625,-5.017882823944092,219.75082886237868,-208.14143214487316,-5.020785524318953,0.28489643375868184,0.6037278478880455,0.14357568010969154,3.5182303990450735e-05,17.402823019187487,32.603081492401536,nan,0.037196405868087284,nan
25.85,220.00323486328125,-208.00062561035156,-5.017882823944092,219.77588615851596,-208.1427772803107,-5.020706291000247,0.2681464204438369,0.6036719978226338,0.14356691584537642,3.586629024551444e-05,17.065993413358626,33.23966858506136,7.656114144571216,nan,nan
25.86,220.00323486328125,-207.9918975830078,-5.017882823944092,219.77587035103187,-208.13398059144185,-5.020441428949177,0.2681207734876931,0.6037168180230972,0.14358714292113742,3.5156617622495255e-05,16.95746822854773,32.29262380770193,nan,0.08090031524605265,nan
25.87,220.00323486328125,-207.98316955566406,-5.017882823944092,219.77585366002054,-208.12518438382133,-5.020514162381603,0.26809950942662786,0.6037617223682181,0.1436074322778725,3.586202481340351e-05,16.892142011305477,32.22788595348057,nan,nan,nan
25.88,220.00323486328125,-207.9744415283203,-5.017882823944092,219.77583751616507,-208.11638770292817,-5.0201962725374,0.26807391146039133,0.6038067109903872,0.14362778405563592,3.515291613341753e-05,16.77940544364035,32.13380009333451,nan,0.10738943633433112,nan
25.89,220.00323486328125,-207.96572875976562,-5.017882823944092,219.77582027449748,-208.10759156947367,-5.020267263882057,0.26804502891076204,0.6038517840462838,0.14364819840322968,3.585858003215177e-05,16.712078451565283,32.90311713879503,nan,nan,nan
25.900000000000002,220.00323486328125,-207.95700073242188,-5.017882823944092,219.82138617938202,-208.11539456598658,-5.019635040103631,0.24116513141139484,0.6037958472102374,0.1436393952962401,3.5128809496362276e-05,15.881585559011729,32.04214406995833,23.229592925296167,0.3899990253789998,nan
25.91,220.00323486328125,-207.94827270507812,-5.017882823944092,219.82145383039776,-208.1066143928717,-5.019701773029915,0.24108036540806432,0.6038407383256287,0.14365980439947854,3.583386711160366e-05,15.815084350923861,31.976819944229618,nan,nan,nan
25.92,220.00323486328125,-207.93954467773438,-5.017882823944092,219.82152160657236,-208.09783422801215,-5.019667617137785,0.2409947610999751,0.6038857136607602,0.14368027614411003,3.512658787950222e-05,15.742300282298265,31.906694048257382,nan,0.007273714548229478,nan
25.93,220.00323486328125,-207.9308319091797,-5.017882823944092,219.82158912360748,-208.08905413930356,-5.019735279788406,0.2409001462009856,0.6039307733724701,0.14370081067837417,3.583192966749078e-05,15.674585006481847,32.70249741335394,nan,nan,nan
25.94,220.00323486328125,-207.92210388183594,-5.017882823944092,219.82165590812673,-208.08027432357116,-5.020137849636515,0.24081920756990394,0.6039759175928857,0.14372140814315607,3.512506774393994e-05,15.652988364350637,31.84371290375617,nan,0.07818197540811452,nan
25.95,220.00323486328125,-207.9133758544922,-5.017882823944092,219.82237183676446,-208.0818105408939,-5.020209026922955,0.2471580246812935,0.6039198937934666,0.1437125629898287,3.5808674145426535e-05,16.90244163077141,31.630174574832807,12.605667609940149,nan,nan
25.96,220.00323486328125,-207.90464782714844,-5.017882823944092,219.82242607363088,-208.07307167660557,-5.0210341306501265,0.24712009674396102,0.6039648557495716,0.14373315462584785,3.5103037691263494e-05,16.964847730973943,31.71142068181548,nan,0.39615912379435037,nan
25.97,220.00323486328125,-207.89593505859375,-5.017882823944092,219.82248201601843,-208.0643318690757,-5.021116295354642,0.24706179978189644,0.6040099020242158,0.1437538092677977,3.5808098625477624e-05,16.902779680621197,32.473437672318205,nan,nan,nan
25.98,220.00323486328125,-207.88720703125,-5.017882823944092,219.8225386852825,-208.0555914876186,-5.020863506406224,0.247008741460401,0.6040550327494764,0.14377452705705643,3.5102797381645796e-05,16.79494309845573,31.593558096711774,nan,0.07926335521980522,nan
25.990000000000002,220.00323486328125,-207.87847900390625,-5.017882823944092,219.82259463660117,-208.04685126977054,-5.020944334483335,0.24696049128168163,0.6041002480822903,0.14379530814113517,3.5808168636334775e-05,16.734861254079114,31.539360740208323,nan,nan,nan
26.0,220.00323486328125,-207.8697509765625,-5.017882823944092,219.8321518144419,-208.04210032711046,-5.020280988103382,0.24285687024626468,0.6040441370879764,0.1437864177007819,3.508200086806388e-05,16.522810284271824,31.444062736588652,1.1121804235064314,0.46506138864772145,nan
26.01,220.00323486328125,-207.8610382080078,-5.017882823944092,219.83222476535832,-208.03336586704788,-5.020356980429492,0.24279085055280272,0.604089169829144,0.1438071923523657,3.5786815470042694e-05,16.45975565326992,32.17906762029164,nan,nan,nan
26.02,220.00323486328125,-207.85231018066406,-5.017882823944092,219.83229665698414,-208.02463196281988,-5.020940265595405,0.24274269283931446,0.6041342869620334,0.14382803036449793,3.508291094277342e-05,16.487187793186287,31.423193050941002,nan,0.1801391498507208,nan
26.03,220.00323486328125,-207.8435821533203,-5.017882823944092,219.83236965511034,-208.01589747152426,-5.02102330398458,0.2426877641454112,0.6041794886435315,0.14384893188426012,3.5788054939218915e-05,16.42857519574307,31.385159506106017,nan,nan,nan
26.04,220.00323486328125,-207.83485412597656,-5.017882823944092,219.83244071764298,-208.0071637507575,-5.022051222308573,0.24264917581022838,0.6042247750057674,0.1438698970536656,3.5084366641563204e-05,16.580724648293295,31.537410485685548,nan,0.6262570698456202,nan
26.05,220.00323486328125,-207.82614135742188,-5.017882823944092,219.8296510188203,-207.99727864711966,-5.0221853728415145,0.24379875904105938,0.6041685765962627,0.14386095806433696,3.576782629192156e-05,16.59800607406972,32.29058353993276,0.15680730438102325,nan,nan
26.060000000000002,220.00323486328125,-207.81741333007812,-5.017882823944092,219.82971819649833,-207.98854276609958,-5.02250510921432,0.24375127291071885,0.6042136800360922,0.14388191617896343,3.50651686387271e-05,16.62278461961731,31.515715224838928,nan,0.03527169199615324,nan
26.07,220.00323486328125,-207.80868530273438,-5.017882823944092,219.82978585993664,-207.97980667237823,-5.022604190016464,0.2436993459318652,0.6042588679647064,0.14390293801053453,3.5770111042956166e-05,16.569921092342128,31.477118093692948,nan,nan,nan
26.080000000000002,220.00323486328125,-207.79995727539062,-5.017882823944092,219.82985281087136,-207.97107084013982,-5.023028515661449,0.24365480968429956,0.6043041405143746,0.1439240237014355,3.506760496128828e-05,16.635301517301894,31.538248267456243,nan,0.07392796061437776,nan
26.09,220.00323486328125,-207.79124450683594,-5.017882823944092,219.82992045971287,-207.96233486356414,-5.02313277839034,0.24359259978770914,0.6043494978417954,0.143945173398198,3.577289197358664e-05,16.582579426403168,32.278126644453856,nan,nan,nan
26.1,220.00323486328125,-207.7825164794922,-5.017882823944092,219.8755466824662,-207.97259516109145,-5.0229622323993075,0.2290414309871173,0.604293211759205,0.1439361825675155,3.504934723352731e-05,16.134825735516735,31.75690610064657,21.696232736232613,0.012371831699044945,nan
26.11,220.00323486328125,-207.77378845214844,-5.017882823944092,219.8756956864401,-207.96388481575548,-5.023064264559813,0.22897536202130941,0.6043383858299617,0.14395732456853697,3.5754108670533086e-05,16.08369094166674,31.698956494374563,nan,nan,nan
26.12,220.00323486328125,-207.7650604248047,-5.017882823944092,219.8758446055646,-207.9551745604167,-5.023182077301319,0.228909904562397,0.6043836444612785,0.14397853063504296,3.50526548744638e-05,16.068294728019517,31.682951959156323,nan,0.0001525011306872325,nan
26.13,220.00323486328125,-207.75634765625,-5.017882823944092,219.8759934736471,-207.94646433352705,-5.023286514939322,0.22883164573822895,0.6044289878096339,0.14399980091324563,3.5757773683319074e-05,16.016520705291576,32.41833572443215,nan,nan,nan
26.14,220.00323486328125,-207.74761962890625,-5.017882823944092,219.8761380875634,-207.93775560386814,-5.025488711573,0.2288299125971256,0.604474416007606,0.14402113554600302,3.505637681594174e-05,16.784953287607784,32.409408090901486,nan,3.0939847524170188,nan
26.150000000000002,220.00323486328125,-207.7388916015625,-5.017882823944092,219.85874129682009,-207.92273790831572,-5.025764246057159,0.23396574977973197,0.6044180420060896,0.14401208956259995,3.573983637858213e-05,17.105878821134784,32.25813555213726,4.340018106885479,nan,nan
26.16,220.00323486328125,-207.73016357421875,-5.017882823944092,219.85886051667504,-207.91402072102264,-5.024505478500574,0.23386162990583087,0.6044632866099265,0.14403341584063611,3.503931713811111e-05,16.555052504747135,31.69242763319559,nan,1.3612400984693311,nan
26.17,220.00323486328125,-207.72145080566406,-5.017882823944092,219.85897685655783,-207.90530462424164,-5.0246239911107375,0.2337905952859062,0.6045086158692221,0.14405480653272096,3.574428182839324e-05,16.508571798238204,32.42539251561028,nan,nan,nan
26.18,220.00323486328125,-207.7127227783203,-5.017882823944092,219.85909327213568,-207.89658841859585,-5.024713905753301,0.23373069043366024,0.6045540299168419,0.1440762617819851,3.504377000605134e-05,16.504771849278708,31.642597524769986,nan,0.0006176274630700675,nan
26.19,220.00323486328125,-207.70399475097656,-5.017882823944092,219.85920966814513,-207.88787208753416,-5.024834262606519,0.233671680425748,0.604599528908852,0.14409778173423748,3.5749099192385506e-05,16.461081963584228,31.605521497034488,nan,nan,nan
26.2,220.00323486328125,-207.6952667236328,-5.017882823944092,219.86214894728482,-207.88306782660624,-5.026093685629094,0.23503597218339964,0.6045430667070428,0.1440886772622788,3.502740810751374e-05,17.307878796932343,32.06198706981687,2.1577604155839083,1.2173464618717575,nan
26.21,220.00323486328125,-207.68655395507812,-5.017882823944092,219.8622669429378,-207.87436360586196,-5.026225508086795,0.23497663686462428,0.6045883817640081,0.1441101881828031,3.5732229132034e-05,17.265967786377384,32.77140928660852,nan,nan,nan
26.22,220.00323486328125,-207.67782592773438,-5.017882823944092,219.862387186394,-207.86565871122266,-5.025174784946216,0.23488804850982448,0.6046337815471909,0.14413176385962145,3.503250167984189e-05,16.773005889770147,31.497505887848273,nan,0.9872138132955707,nan
26.23,220.00323486328125,-207.66909790039062,-5.017882823944092,219.86250511642427,-207.8569545569469,-5.0252967993820965,0.2348402693209309,0.6046792662123119,0.14415340443831262,3.573769538958532e-05,16.730551155896052,31.450252496767835,nan,nan,nan
26.240000000000002,220.00323486328125,-207.66036987304688,-5.017882823944092,219.86262296768155,-207.84825040539585,-5.025470026110088,0.23479430413999028,0.6047248358927364,0.14417511006234807,3.503790161899518e-05,16.772946860551194,31.49039498166777,nan,0.0017776710950108063,nan
26.25,220.00323486328125,-207.6516571044922,-5.017882823944092,219.8618007698305,-207.8392652839326,-5.025593534588231,0.23507421560397113,0.604668285221339,0.14416594374973427,3.5721443878919615e-05,16.78526660445922,32.209087977424396,0.010887845365000284,nan,nan
26.26,220.00323486328125,-207.64292907714844,-5.017882823944092,219.8619162445348,-207.83056120651568,-5.026090591865863,0.23504071015368705,0.6047136706227884,0.14418763964757597,3.502241041291322e-05,16.982415675417265,31.606010287701416,nan,0.09755086173368203,nan
26.27,220.00323486328125,-207.6342010498047,-5.017882823944092,219.86203224776997,-207.82185696067117,-5.026220298605107,0.23499453822180058,0.6047591408428705,0.14420940064270757,3.572747445964124e-05,16.942768883678035,31.556365025135268,nan,nan,nan
26.28,220.00323486328125,-207.62547302246094,-5.017882823944092,219.86214647705395,-207.81315318429793,-5.027263787856828,0.23498463430470246,0.6048046960153428,0.14423122687879303,3.502833800860174e-05,17.447904021444423,32.052158594297346,nan,0.587483580249509,nan
26.29,220.00323486328125,-207.61676025390625,-5.017882823944092,219.86226252290544,-207.80444899308736,-5.027404332566246,0.23492748390273718,0.6048503362953545,0.1442531185011261,3.573377611866319e-05,17.40958317186405,32.764752273016505,nan,nan,nan
26.3,220.00323486328125,-207.6080322265625,-5.017882823944092,219.8793362216624,-207.79945425717696,-5.024880619070496,0.22812767551568108,0.6047936968522886,0.14424388697670532,3.501334896333404e-05,15.726265980452341,30.977291728651235,4.3842675989674555,4.96315222132447,nan
26.310000000000002,220.00323486328125,-207.59930419921875,-5.017882823944092,219.87948612744597,-207.79074744949946,-5.024996158863811,0.22806768125394983,0.6048391525060415,0.14426576816100717,3.5718286668307066e-05,15.683386691482925,30.919203953493145,nan,nan,nan
26.32,220.00323486328125,-207.590576171875,-5.017882823944092,219.87963890668237,-207.7820400375173,-5.023696272811869,0.2279652792028301,0.6048846930484535,0.1442877147783871,3.5019731421598504e-05,15.171128514836685,30.402300716512933,nan,1.4146111203102132,nan
26.330000000000002,220.00323486328125,-207.5818634033203,-5.017882823944092,219.87978908767934,-207.77333333864533,-5.023799396544422,0.22789164416155738,0.6049303186342448,0.14430972697397962,3.572504821265237e-05,15.123759096532977,31.123178898163744,nan,nan,nan
26.34,220.00323486328125,-207.57313537597656,-5.017882823944092,219.87993924858904,-207.76462664232974,-5.023903328712414,0.22783099036246332,0.6049760294028085,0.1443318048919691,3.644469378451154e-05,15.078235911314922,30.288446350206627,nan,nan,nan
26.35,220.00323486328125,-207.5644073486328,-5.017882823944092,219.86343422897247,-207.74204243823223,-5.023995659450717,0.22613228245445946,0.6049193008974711,0.14432250477138572,3.715498493596529e-05,14.420260593979059,30.106432030174336,6.561870559691104,nan,nan
26.36,220.00323486328125,-207.55569458007812,-5.017882823944092,219.86356382098015,-207.73330041023323,-5.023397037028482,0.2260137993762757,0.6049648266842528,0.14434457152232602,3.637103593533008e-05,14.189115051207564,30.68677989564371,nan,0.32377142793334496,nan
26.37,220.00323486328125,-207.54696655273438,-5.017882823944092,219.86369224093616,-207.72455870841162,-5.023496516336255,0.22592616216655684,0.6050104374498054,0.14436670404001625,3.710289854056322e-05,14.142912042363358,29.813691940739023,nan,nan,nan
26.38,220.00323486328125,-207.53823852539062,-5.017882823944092,219.86382338952262,-207.71581646944733,-5.022136532818938,0.22580429418005266,0.605056133328214,0.14438890246844593,3.6321836798819276e-05,13.732412266389318,29.3999009326187,nan,1.3960776034829243,nan
26.39,220.00323486328125,-207.52951049804688,-5.017882823944092,219.86395179851354,-207.7070747800507,-5.022223400423496,0.22571594312054,0.605101914474257,0.1444111669525952,3.70524397203753e-05,13.683677130102827,29.347306578101815,nan,nan,nan
26.400000000000002,220.00323486328125,-207.5207977294922,-5.017882823944092,219.88244824347376,-207.7087106659672,-5.022240983874218,0.22342710842052907,0.6050450965861396,0.14440179483737625,3.625158478400424e-05,13.828569837998016,30.26136613514714,3.6990112878975774,0.001974464795676788,nan
26.41,220.00323486328125,-207.51206970214844,-5.017882823944092,219.88260612529376,-207.69998960631403,-5.022329246854912,0.22334939777568885,0.6050906924024221,0.1444240474093504,3.698008077558762e-05,13.780716284550534,29.422119430072964,nan,nan,nan
26.42,220.00323486328125,-207.5033416748047,-5.017882823944092,219.8827594603002,-207.69126952408604,-5.024994183644387,0.22334227252301783,0.6051363732662488,0.14444636607725486,3.6205574940531005e-05,14.5845674076289,30.2172720811036,nan,4.371353247991735,nan
26.43,220.00323486328125,-207.49461364746094,-5.017882823944092,219.88291735142298,-207.68254859053766,-5.02511024071155,0.22326684044467734,0.6051821393318209,0.14446875098595785,3.693295841137296e-05,14.544057240593075,30.167964144486973,nan,nan,nan
26.44,220.00323486328125,-207.48590087890625,-5.017882823944092,219.88307975568082,-207.6738267191635,-5.022664131379636,0.2231058767035309,0.6052279907340751,0.1444912022796151,3.6161130204541825e-05,13.70246488392976,30.114698955387492,nan,4.340365405381363,nan
26.45,220.00323486328125,-207.4771728515625,-5.017882823944092,219.88695492628122,-207.66434495938375,-5.022588428769484,0.22040091744762547,0.6051710831541722,0.14448175476143268,3.68641347981174e-05,13.374675947093756,29.264405481441624,1.8818540214697337,nan,nan
26.46,220.00323486328125,-207.46844482421875,-5.017882823944092,219.8871214551565,-207.65561764361192,-5.022929277904351,0.2203212530908176,0.6052167488706305,0.14450419338121062,3.609588332651968e-05,13.422182455119714,29.311470205924977,nan,0.04165080719395643,nan
26.47,220.00323486328125,-207.459716796875,-5.017882823944092,219.88728852128125,-207.64689030650104,-5.023022830066582,0.22023600203383617,0.6052624997221239,0.14452669842343954,3.682032696296437e-05,13.377057012189358,29.24596482633781,nan,nan,nan
26.48,220.00323486328125,-207.4510040283203,-5.017882823944092,219.8874549257611,-207.63816315290785,-5.023500795350176,0.22014788995415122,0.6053083358441613,0.1445492700323632,3.605461189485489e-05,13.476450559267825,30.12839383304249,nan,0.09778097931131693,nan
26.490000000000002,220.00323486328125,-207.44227600097656,-5.017882823944092,219.88762186247575,-207.62943595445577,-5.023600049743092,0.22006340180145417,0.6053542573900982,0.14457190835271921,3.67781386285024e-05,13.433198139824183,29.270933539117525,nan,nan,nan
26.5,220.00323486328125,-207.4335479736328,-5.017882823944092,219.8976334032989,-207.63205659533432,-5.021511237806436,0.22487887101146867,0.6052972597820252,0.14456238201364174,3.599269118937794e-05,13.571891388272162,28.752407423636555,5.132020598263054,3.1792416537598687,nan
26.51,220.00323486328125,-207.42481994628906,-5.017882823944092,219.89780982975188,-207.6233612965459,-5.021590910701729,0.2248262781880334,0.6053429952829703,0.14458500688235537,3.671445767621811e-05,13.524494281545719,28.71426613792335,nan,nan,nan
26.52,220.00323486328125,-207.41610717773438,-5.017882823944092,219.89798289187817,-207.61466646589764,-5.023698974546119,0.22480568499920792,0.6053888159874969,0.14460769849607308,3.59545461191393e-05,14.033320166265218,29.979905798382575,nan,2.747036251632264,nan
26.53,220.00323486328125,-207.40737915039062,-5.017882823944092,219.89815942257658,-207.6059712032556,-5.023800862118229,0.22475469934182113,0.6054347220483988,0.14463045699946492,3.667552260755698e-05,13.991747026519356,29.171217261016324,nan,nan,nan
26.54,220.00323486328125,-207.39865112304688,-5.017882823944092,219.8983367302038,-207.59727590422597,-5.023481147120789,0.2246925972166603,0.6054807136020158,0.14465328253687498,3.591792470784481e-05,13.853925873426038,29.016710908970776,nan,0.11958016297553944,nan
26.55,220.00323486328125,-207.38992309570312,-5.017882823944092,219.89060569492256,-207.58638628977357,-5.023500119516342,0.22652741599876822,0.6054236256397071,0.14464367395255723,3.661522321912019e-05,13.990407615735936,28.785702999783712,1.0425297779611116,nan,nan
26.560000000000002,220.00323486328125,-207.38121032714844,-5.017882823944092,219.89076690295954,-207.57769118116676,-5.02379082088625,0.2264700256602666,0.605469430786637,0.1446664852449038,3.5860804049261523e-05,14.045446618960211,29.582503684289783,nan,0.024736861270030736,nan
26.57,220.00323486328125,-207.3724822998047,-5.017882823944092,219.89092850234542,-207.56899612157486,-5.023892503759918,0.22642110569656607,0.6055153212216072,0.1446893636017641,3.6579467939543806e-05,14.004750568678759,28.77918428277997,nan,nan,nan
26.580000000000002,220.00323486328125,-207.36375427246094,-5.017882823944092,219.89108954175882,-207.56030105755687,-5.024387716825018,0.22638358046092721,0.6055612970815044,0.14471230916753244,3.582721758904134e-05,14.143963283896811,28.9166335891502,nan,0.10373709959740932,nan
26.59,220.00323486328125,-207.3550262451172,-5.017882823944092,219.89125110426673,-207.5516058816173,-5.024495227200224,0.2263352373059861,0.6056073585183124,0.1447353220868043,3.654525723055672e-05,14.105065466212722,28.858124561202423,nan,nan,nan
26.6,220.00323486328125,-207.3463134765625,-5.017882823944092,219.90237147158723,-207.5485822931753,-5.023771778768544,0.22609904410873283,0.6055501798522636,0.14472562782754775,3.577322553195224e-05,13.892763711500496,29.48319134960049,1.4522083165475086,0.5559353795780573,nan
26.61,220.00323486328125,-207.33758544921875,-5.017882823944092,219.90255106364387,-207.53989747882946,-5.0238736989972494,0.2260603357922997,0.6055960545176873,0.1447486256929369,3.648979798809902e-05,13.853083589276872,28.692697562354365,nan,nan,nan
26.62,220.00323486328125,-207.328857421875,-5.017882823944092,219.9027335609322,-207.53121240943398,-5.02204388164591,0.2259764748044485,0.6056420145394285,0.14477169093872314,3.574258609105748e-05,13.30031664566161,28.131380595188176,nan,2.527879285857152,nan
26.63,220.00323486328125,-207.32012939453125,-5.017882823944092,219.90291298518773,-207.52252772061308,-5.022128997794804,0.22593714085406771,0.6056880600689437,0.1447948237094662,3.645864130812303e-05,13.25704844865968,28.06940574584105,nan,nan,nan
26.64,220.00323486328125,-207.31141662597656,-5.017882823944092,219.9030934911546,-207.513843051566,-5.02153811704721,0.22587189589674989,0.6057341912439015,0.14481802414961367,3.5713375417706784e-05,13.081928791597992,28.638740842109893,nan,0.3104228670503174,nan
26.650000000000002,220.00323486328125,-207.3026885986328,-5.017882823944092,219.91681413194448,-207.50558139884365,-5.021617421764044,0.22056286723529067,0.605676921533309,0.14480824078280582,3.6406310229440454e-05,12.45815195133837,28.115121787043922,4.281824385913522,nan,nan
26.66,220.00323486328125,-207.29396057128906,-5.017882823944092,219.91702138253495,-207.4968864666137,-5.022953073367954,0.22053886434121509,0.6057228655698106,0.14483142534522075,3.566383181768435e-05,12.743151594218306,28.38245538980569,nan,1.069297321633999,nan
26.67,220.00323486328125,-207.2852325439453,-5.017882823944092,219.9172305119256,-207.48819158246425,-5.023047802450795,0.2204899017452149,0.6057688950441489,0.14485467760067056,3.637809990116436e-05,12.703160121309592,28.32838379298688,nan,nan,nan
26.68,220.00323486328125,-207.27651977539062,-5.017882823944092,219.9615251761775,-207.51385759352348,-5.02209244774796,0.2410117400603713,0.5897919192349254,0.13514353710495544,3.563741800738465e-05,19.1689134937968,35.537346914271346,nan,0.7506281953782891,0.12128692084831838
26.69,220.00323486328125,-207.26779174804688,-5.017882823944092,219.96172665584035,-207.5051841321174,-5.022178885863976,0.24103222076656103,0.5898438885430932,0.13515495543193812,3.635130571451994e-05,19.10235205266769,34.73648594287234,nan,nan,nan
26.7,220.00323486328125,-207.25906372070312,-5.017882823944092,219.96925708875582,-207.50069989025337,-5.020436618363721,0.2440267392368186,0.5897789845088011,0.13514453395882506,3.559072887942379e-05,18.84045312385954,34.487209034330114,0.8903024985198069,2.2058284223383025,nan
26.71,220.00323486328125,-207.25033569335938,-5.017882823944092,219.96947239457364,-207.49203663233956,-5.0205066527507265,0.2440617394733207,0.5898307409523986,0.13515598973845946,3.6303391574244886e-05,18.770510789131176,34.440193216055356,nan,nan,nan
26.72,220.00323486328125,-207.2416229248047,-5.017882823944092,219.96969789058298,-207.48338258398473,-5.021775380049838,0.24410574212347758,0.5898825817697698,0.13516750615277043,3.556701503810058e-05,18.928583941024705,35.38164597171484,nan,0.9801460840738105,nan
26.73,220.00323486328125,-207.23289489746094,-5.017882823944092,219.9699134080193,-207.4747192185676,-5.021859334310477,0.24414162753239485,0.5899345073165015,0.13517908352348842,3.6279385877497384e-05,18.86255723409364,34.579124642803684,nan,nan,nan
26.740000000000002,220.00323486328125,-207.2241668701172,-5.017882823944092,219.97012141868552,-207.46604901006256,-5.021050717122193,0.24415877085359036,0.5899865175302206,0.13519072182146058,3.554460059820722e-05,18.633408750499953,34.3642076224671,nan,0.546386059445589,nan
26.75,220.00323486328125,-207.21543884277344,-5.017882823944092,219.9433508766461,-207.45574498590423,-5.021274961745439,0.24767850306512462,0.5899214706114234,0.1351804433019959,3.623428530938903e-05,20.244879692980327,34.21579830821078,19.78226133408058,nan,nan
26.76,220.00323486328125,-207.20672607421875,-5.017882823944092,219.94353466689293,-207.44712185488,-5.021755290941083,0.24772815909618187,0.5899732674655189,0.13519211867520434,3.550191740926056e-05,20.273840020079795,34.97624120105068,nan,0.10923907972415552,nan
26.77,220.00323486328125,-207.197998046875,-5.017882823944092,219.9437153562329,-207.43849566091868,-5.0218413753540325,0.24778487485971495,0.5900251489786894,0.13520385523447775,3.621293137265413e-05,20.2107255409793,34.23406198251561,nan,nan,nan
26.78,220.00323486328125,-207.18927001953125,-5.017882823944092,219.9438924632674,-207.42986606041285,-5.021469065956154,0.24783227485352677,0.5900771151048282,0.1352156529648868,3.548202236415404e-05,20.06722461988732,34.10837571484607,nan,0.1448980184047557,nan
26.79,220.00323486328125,-207.1805419921875,-5.017882823944092,219.9440731461444,-207.42123984463996,-5.021552564324306,0.24788915253447988,0.5901291661750212,0.13522751216696133,3.6192854998583565e-05,20.003810024488935,34.059296286175666,nan,nan,nan
26.8,220.00323486328125,-207.1718292236328,-5.017882823944092,219.92451180523915,-207.41338402036993,-5.020787595672634,0.2540757316097036,0.590063976916439,0.13521737236174214,3.544187503380778e-05,21.336822218673916,34.61600780656331,14.628387324856602,0.5547486887931347,nan
26.810000000000002,220.00323486328125,-207.16310119628906,-5.017882823944092,219.9246684743779,-207.40479495469316,-5.020865098920409,0.2541602728217828,0.5901158141273468,0.13522926822741155,3.615167824205303e-05,21.273814218689566,33.91713283941384,nan,nan,nan
26.82,220.00323486328125,-207.1543731689453,-5.017882823944092,219.9248077371004,-207.3961901974053,-5.018688329128038,0.2542182885097162,0.5901677358960256,0.1352412255041137,3.542437151270533e-05,20.97534791307695,33.621341213518164,nan,3.504222239293087,nan
26.830000000000002,220.00323486328125,-207.14564514160156,-5.017882823944092,219.92496416893607,-207.38760143424116,-5.018745431012396,0.2543027589943339,0.5902197425382706,0.13525324447905349,3.613406478982008e-05,20.907061576819327,33.58105886279226,nan,nan,nan
26.84,220.00323486328125,-207.13693237304688,-5.017882823944092,219.92512902028008,-207.37902050469768,-5.019939224549868,0.25438438430955446,0.5902718340310038,0.13526532515716985,3.540801882375876e-05,20.933241304858385,34.30280931666455,nan,0.8893943512910292,nan
26.85,220.00323486328125,-207.12820434570312,-5.017882823944092,219.90643125467608,-207.37345393370674,-5.019915304888769,0.26367106408120966,0.590206503354258,0.13525532006082425,3.609535638182467e-05,22.717662504573187,33.897139844516346,19.815500378845652,nan,nan
26.86,220.00323486328125,-207.11947631835938,-5.017882823944092,219.90656221120128,-207.36490754576587,-5.019309133842727,0.26378802741285134,0.5902583804990036,0.13526743697103027,3.5371388334168984e-05,22.592924072766913,33.7996097675757,nan,0.31547923010781614,nan
26.87,220.00323486328125,-207.11074829101562,-5.017882823944092,219.90669818218225,-207.3563657438929,-5.019372812983247,0.2639118868540477,0.5903103424464389,0.13527961580279677,3.6080068860180375e-05,22.529263541329264,33.766599240702874,nan,nan,nan
26.88,220.00323486328125,-207.10203552246094,-5.017882823944092,219.90683233757437,-207.3478223490367,-5.019183247999091,0.26401951099033233,0.590362389187777,0.13529185657347534,3.535724125038115e-05,22.445672959103483,34.32852718374073,nan,0.044675699617636365,nan
26.89,220.00323486328125,-207.0933074951172,-5.017882823944092,219.9069681895396,-207.33928052209833,-5.019246296268758,0.26414363806900104,0.59041452101729,0.13530415955175387,3.6065898660077825e-05,22.38197540394812,33.683433829707774,nan,nan,nan
26.900000000000002,220.00323486328125,-207.08457946777344,-5.017882823944092,219.89343163234713,-207.32995253671362,-5.01894648098354,0.26882303445016115,0.5903490495030483,0.13529428479710792,3.53228104727706e-05,23.219777002186863,33.77876630380743,4.457580142288982,0.10365987301859211,nan
26.91,220.00323486328125,-207.0758514404297,-5.017882823944092,219.89354921951914,-207.32142885764142,-5.019008279208782,0.26896184662781936,0.5904009664922162,0.13530662354336553,3.6030592697265737e-05,23.15696470843546,33.74244947151177,nan,nan,nan
26.92,220.00323486328125,-207.067138671875,-5.017882823944092,219.8936608429941,-207.3128998988979,-5.018212402393118,0.2690820604418798,0.5904529682175145,0.13531902446029245,3.5310736540290034e-05,23.056709930088882,34.26968925941223,nan,0.5111913337439836,nan
26.93,220.00323486328125,-207.05841064453125,-5.017882823944092,219.89377842878272,-207.3043764035557,-5.018267549397475,0.2692211241327007,0.5905050549599316,0.13533148780507637,3.6018552141915325e-05,22.99205536555153,33.64331467864837,nan,nan,nan
26.94,220.00323486328125,-207.0496826171875,-5.017882823944092,219.8939055281452,-207.29586145672178,-5.019722765250876,0.26937020982236665,0.5905572267306861,0.13534401361223117,3.529965761915957e-05,23.018264249243096,33.71198988044607,nan,1.358232858883879,nan
26.95,220.00323486328125,-207.04095458984375,-5.017882823944092,219.90118966802768,-207.2952861458341,-5.019736558114038,0.2740459789472976,0.5904916152623859,0.13533426500906476,3.5985362258403025e-05,23.703591228947573,34.12448764720372,4.909217677906818,nan,nan
26.96,220.00323486328125,-207.03224182128906,-5.017882823944092,219.901327419301,-207.28679425116266,-5.020251861702675,0.27420371812403105,0.5905435717103946,0.1353468260999841,3.526824236017355e-05,23.700517980715738,34.730384069553836,nan,0.13733283691106368,nan
26.97,220.00323486328125,-207.0235137939453,-5.017882823944092,219.90146220309703,-207.27829960006054,-5.020328178758489,0.27437102820619685,0.5905956131040828,0.13535944983577677,3.597531370007196e-05,23.643351803183364,34.136095412325005,nan,nan,nan
26.98,220.00323486328125,-207.01478576660156,-5.017882823944092,219.90159872513775,-207.26980646814667,-5.020672132038359,0.274541878468347,0.5906477394669507,0.13537213626155345,3.5259049004793695e-05,23.63363052231212,34.151487326052624,nan,0.04945470176706427,nan
26.990000000000002,220.00323486328125,-207.00607299804688,-5.017882823944092,219.90173353411865,-207.26131194081287,-5.020753115111748,0.2746956066220697,0.5906999510614919,0.13538488561868173,3.5966219922125826e-05,23.575646060954124,34.69723755873998,nan,nan,nan
27.0,220.00323486328125,-206.99734497070312,-5.017882823944092,219.9118475171262,-207.26035684526113,-5.021247046868437,0.27845683901039614,0.5906342002506886,0.13537525868159161,3.522949922761656e-05,24.086446407829445,34.59193550263544,3.2642713757380313,0.15778108917896977,nan
27.01,220.00323486328125,-206.98861694335938,-5.017882823944092,219.9120022677692,-207.25188453691138,-5.021333497804298,0.2786487384658636,0.5906861960373982,0.1353880428073087,3.5935913476655165e-05,24.033396570930638,34.563020816293395,nan,nan,nan
27.02,220.00323486328125,-206.97988891601562,-5.017882823944092,219.91215515996942,-207.24341066409212,-5.021125050273394,0.27883639664906756,0.5907382767329545,0.1354008898466701,3.5222061459788196e-05,23.937477211197358,34.48394432912626,nan,0.060990270865911675,nan
27.03,220.00323486328125,-206.97117614746094,-5.017882823944092,219.91230990004013,-207.2349384010501,-5.021210421828189,0.27901424384162166,0.5907904425885576,0.13541380003133202,3.59286190093768e-05,23.881932355952873,35.03012245560223,nan,nan,nan
27.04,220.00323486328125,-206.9624481201172,-5.017882823944092,219.9124576975819,-207.22645985772877,-5.020129136176779,0.27919122000474605,0.5908426936447156,0.13542677342090934,3.521546468523131e-05,23.654183710447988,34.25362822699131,nan,0.9507272922869959,nan
27.05,220.00323486328125,-206.95372009277344,-5.017882823944092,219.94857234269293,-207.23961095327573,-5.020239127177778,0.29107924598077894,0.5907768043416206,0.13541726379334051,3.590008690785015e-05,24.362638596157236,35.52544173065313,21.49262909056299,nan,nan
27.060000000000002,220.00323486328125,-206.9449920654297,-5.017882823944092,219.94879335364223,-207.23119120133768,-5.020316418303502,0.291341287406648,0.5908288391618987,0.135430271455129,3.662023021689794e-05,24.3082735478279,35.496930718221265,nan,nan,nan
27.07,220.00323486328125,-206.936279296875,-5.017882823944092,219.9490143260952,-207.2227714243615,-5.020394733490431,0.2915886065230447,0.5908809590221024,0.1354433424338805,3.7354826668878826e-05,24.25174983589116,35.99450368142223,nan,nan,nan
27.080000000000002,220.00323486328125,-206.92755126953125,-5.017882823944092,219.94922573986892,-207.21434297261885,-5.01878795215395,0.29183434621156457,0.5909331640174428,0.13545647683406964,3.655630711364479e-05,24.043965396226795,35.29179158433245,nan,1.8368272896836075,nan
27.09,220.00323486328125,-206.9188232421875,-5.017882823944092,219.94944670676028,-207.205923003205,-5.018851481357272,0.2920965197591475,0.5909854543910216,0.13546967488019515,3.728936134079542e-05,23.985494858084138,35.272677956716215,nan,nan,nan
27.1,220.00323486328125,-206.91009521484375,-5.017882823944092,219.96054255436826,-207.20229890195185,-5.019555297840264,0.2953107264709892,0.5909194272296712,0.13546027796527993,3.64718680493767e-05,23.97457949630128,35.60857777935572,1.1049775601924932,0.27014253591868903,nan
27.11,220.00323486328125,-206.90138244628906,-5.017882823944092,219.96078224544516,-207.19388589327747,-5.019627128825917,0.2955732292694262,0.5909715008414249,0.13547350967971142,3.7202549180728346e-05,23.916339291012314,36.09899055645679,nan,nan,nan
27.12,220.00323486328125,-206.8926544189453,-5.017882823944092,219.96100926894002,-207.18546170847844,-5.017320582235011,0.2958368228212097,0.5910236595260917,0.1354868050317254,3.6412476148828004e-05,23.782358646193437,35.46159206376527,nan,3.6875694609966634,nan
27.13,220.00323486328125,-206.88392639160156,-5.017882823944092,219.96124893002235,-207.1770492519408,-5.017370895796733,0.296114997788861,0.5910759035161446,0.13550016423679787,3.7141801078556675e-05,23.71998583125518,35.42337654928594,nan,nan,nan
27.14,220.00323486328125,-206.8751983642578,-5.017882823944092,219.96149847302075,-207.1686457162793,-5.019333615645017,0.2964040814107502,0.5911282328706203,0.13551358737053748,3.63552797883826e-05,23.710165641452846,35.457422431406535,nan,2.3872735238137825,nan
27.150000000000002,220.00323486328125,-206.86648559570312,-5.017882823944092,219.97878630901945,-207.158248064597,-5.019357960880772,0.29278873969044156,0.5910620686795875,0.13550429866916913,3.7059890426523203e-05,22.209837180183044,35.5995561876143,11.212770650408613,nan,nan
27.16,220.00323486328125,-206.85775756835938,-5.017882823944092,219.97904989624664,-207.14980345900983,-5.019995848648033,0.29305320293367065,0.591114180802622,0.13551775488619833,3.627779726496679e-05,22.212150596538017,35.0652117515829,nan,0.21078351195619602,nan
27.17,220.00323486328125,-206.84902954101562,-5.017882823944092,219.9793106034119,-207.14135633719724,-5.0200737373765,0.29331233536585233,0.5911663781578692,0.13553127516023533,3.700374494458298e-05,22.156877592187445,35.03901167666577,nan,nan,nan
27.18,220.00323486328125,-206.84030151367188,-5.017882823944092,219.97956704649152,-207.13290550389686,-5.019295035928216,0.2935630340997756,0.5912186608138654,0.13554485957492562,3.622498531391821e-05,22.02042515673174,34.9340006100086,nan,0.48449242651196306,nan
27.19,220.00323486328125,-206.8315887451172,-5.017882823944092,219.97982784446282,-207.12445859905452,-5.019366913175151,0.29380749206935974,0.5912710289887836,0.13555850833372954,3.6949823039634846e-05,21.961122152347922,35.46027857193053,nan,nan,nan
27.2,220.00323486328125,-206.82286071777344,-5.017882823944092,219.97503576458507,-207.110381029249,-5.019375822488509,0.2889036997390892,0.5912047284209593,0.13554932314822596,3.6152021977869444e-05,21.485412775505484,34.498800752409274,2.1299234837275214,0.0058963615683525145,nan
27.21,220.00323486328125,-206.8141326904297,-5.017882823944092,219.9752852350841,-207.10191436107291,-5.0194493784514345,0.2891399760800816,0.5912568788934621,0.13556300437714422,3.687491979241168e-05,21.4284686237949,34.473839586660475,nan,nan,nan
27.22,220.00323486328125,-206.80540466308594,-5.017882823944092,219.9755389779783,-207.09345151367344,-5.020445935067177,0.28938662673787285,0.5913091146018531,0.1355767499547772,3.610346309091727e-05,21.482171926818435,34.540275460570804,nan,0.5634485817141879,nan
27.23,220.00323486328125,-206.79669189453125,-5.017882823944092,219.9757883994608,-207.08498495191083,-5.020530550811509,0.28960871148339906,0.5913614357558518,0.13559056007746015,3.682540724069203e-05,21.426866131874814,35.082799923765,nan,nan,nan
27.240000000000002,220.00323486328125,-206.7879638671875,-5.017882823944092,219.9760413550347,-207.07652153061602,-5.021407828524467,0.2898576162038413,0.5914138424367253,0.1356044348394982,3.605695589388391e-05,21.519681738364575,34.61867864818922,nan,0.41644007951053086,nan
27.25,220.00323486328125,-206.77923583984375,-5.017882823944092,219.98118490935497,-207.07365760211994,-5.021578644045767,0.2952694255357143,0.5913474062942933,0.13559534853840602,3.6755020113073814e-05,21.99799504659892,35.047980927011494,2.3046964002192634,nan,nan
27.26,220.00323486328125,-206.7705078125,-5.017882823944092,219.98144442632903,-207.06520989147882,-5.021535311349476,0.2955291511192272,0.5913995948093097,0.1356092551372807,3.599041641680343e-05,21.936461104395434,35.00707502489207,nan,0.013194376932552779,nan
27.27,220.00323486328125,-206.7617950439453,-5.017882823944092,219.98170447885258,-207.05676275511826,-5.021632400110417,0.295776211703509,0.591451868696235,0.13562322647892858,3.670975898111018e-05,21.88617229348487,35.53518061471834,nan,nan,nan
27.28,220.00323486328125,-206.75306701660156,-5.017882823944092,219.98196293005208,-207.04831433671345,-5.021376750611684,0.29603324593719854,0.5915042280438314,0.13563726266394457,3.594795113656585e-05,21.782466581516598,34.87273513407297,nan,0.08366928589138146,nan
27.29,220.00323486328125,-206.7443389892578,-5.017882823944092,219.98222274550986,-207.03986723587258,-5.021472273554484,0.2962960306668683,0.5915566730505352,0.13565136387925433,3.6666543719887166e-05,21.734085263724655,34.83647850960277,nan,nan,nan
27.3,220.00323486328125,-206.73561096191406,-5.017882823944092,219.95022187091402,-207.01276822687458,-5.022290653758998,0.2822161509265584,0.5914901020050555,0.13564237167731638,3.588552438924762e-05,21.436554448982807,33.96645035483111,17.04075765666533,0.17193422310285555,nan
27.310000000000002,220.00323486328125,-206.72689819335938,-5.017882823944092,219.9504229835321,-207.00427891443704,-5.022397375685442,0.2823996109162134,0.5915423283820721,0.1356565040696862,3.660253466623529e-05,21.389475155335447,34.51294635656812,nan,nan,nan
27.32,220.00323486328125,-206.71817016601562,-5.017882823944092,219.95062273659045,-206.99578862561302,-5.022201164001472,0.2825928043050794,0.5915946401524393,0.13567070150559246,3.584693689066685e-05,21.292640439404504,33.82152998102689,nan,0.062078916068156756,nan
27.330000000000002,220.00323486328125,-206.70944213867188,-5.017882823944092,219.95082373907286,-206.98729945345843,-5.022306628636719,0.28279176679872164,0.59164703750798,0.13568496416643774,3.656332594884402e-05,21.24757600960922,33.785876979475645,nan,nan,nan
27.34,220.00323486328125,-206.70071411132812,-5.017882823944092,219.95103121137916,-206.97881598171026,-5.0240847840428815,0.2830270939168559,0.5916995205474173,0.13569929216108556,3.581021316309937e-05,21.72649959504864,34.27471758407452,nan,1.8834290303733683,nan
27.35,220.00323486328125,-206.69200134277344,-5.017882823944092,219.96516620019284,-206.9843426449668,-5.024117556130779,0.29487545161116824,0.5916328153795887,0.13569038931239905,3.650337265586785e-05,22.72966397420675,35.65521265376022,11.653316614967995,nan,nan
27.36,220.00323486328125,-206.6832733154297,-5.017882823944092,219.96540005947966,-206.97590250182049,-5.025163510775557,0.295154741630865,0.5916850793321067,0.1357047478041924,3.575356481862709e-05,23.08886292643221,35.46522607299829,nan,0.5752013309227667,nan
27.37,220.00323486328125,-206.67454528808594,-5.017882823944092,219.96563060200816,-206.96745934721747,-5.025297324461699,0.2954110717639601,0.5917374287954217,0.1357191717123243,3.64679875000136e-05,23.055328489024458,35.44812208640591,nan,nan,nan
27.38,220.00323486328125,-206.6658172607422,-5.017882823944092,219.96585559926032,-206.95901130872022,-5.02386736367537,0.29562776233683974,0.591789863874069,0.13573366115048424,3.572046991575892e-05,22.492191459790426,34.87778610935557,nan,1.6585643045028684,nan
27.39,220.00323486328125,-206.6571044921875,-5.017882823944092,219.96608619654472,-206.950568356731,-5.023987651127376,0.2958687752163845,0.5918423847511217,0.13574821629285055,3.643443617860065e-05,22.45219244409642,35.398451714371596,nan,nan,nan
27.400000000000002,220.00323486328125,-206.64837646484375,-5.017882823944092,219.97584996875682,-206.94493954294185,-5.0238805549127665,0.2978851532317587,0.5917755461464692,0.13573939793400283,3.566747455526068e-05,22.199512334453463,34.90571210637156,1.0524564462770207,0.015259162658971098,nan
27.41,220.00323486328125,-206.6396484375,-5.017882823944092,219.97609572177424,-206.93649672430945,-5.023999711949499,0.2981490477970932,0.591827847479792,0.1357539828686305,3.638014770293976e-05,22.161438163748,34.864541171939926,nan,nan,nan
27.42,220.00323486328125,-206.63092041015625,-5.017882823944092,219.97634171080037,-206.92805426932762,-5.0242253925814815,0.2984158174315663,0.591880234358831,0.13576863352574411,3.5637827116425295e-05,22.20389919246873,34.90866805372367,nan,0.007584719791886997,nan
27.43,220.00323486328125,-206.62220764160156,-5.017882823944092,219.97658734710805,-206.91961142600124,-5.024347572124573,0.29866518722892266,0.5919327069615793,0.13578335007533113,3.635014785627958e-05,22.16500405793763,35.45004478603905,nan,nan,nan
27.44,220.00323486328125,-206.6134796142578,-5.017882823944092,219.97682748940565,-206.91116375413216,-5.022777682139864,0.2988932186659532,0.5919852654002242,0.13579813263735996,3.5609831345809045e-05,21.63047664583613,34.347997039146755,nan,1.953963867121605,nan
27.45,220.00323486328125,-206.60475158691406,-5.017882823944092,219.95687438966883,-206.88628871704552,-5.023017196993818,0.2853748603903949,0.591918294122095,0.13578939392494435,3.6299418933191766e-05,20.754705253028725,33.40992132725465,13.84898519956828,nan,nan
27.46,220.00323486328125,-206.5960235595703,-5.017882823944092,219.95707372715046,-206.87779259834244,-5.021067431638312,0.2855429624865919,0.5919706325660141,0.13580420555432912,3.556191314122628e-05,20.25549808234707,32.920486700981726,nan,2.903592717888151,nan
27.47,220.00323486328125,-206.58731079101562,-5.017882823944092,219.95727946367393,-206.8693020716462,-5.021159392780549,0.2857301471809968,0.5920230566584528,0.13581908326118367,3.627277675014248e-05,20.206262675790978,33.48836331988577,nan,nan,nan
27.48,220.00323486328125,-206.57858276367188,-5.017882823944092,219.9574777520462,-206.86080512887366,-5.01878599844791,0.28590906311772146,0.5920755665160184,0.1358340271690954,3.553709881274009e-05,19.875362262380744,32.55553842299419,nan,4.163374796992927,nan
27.490000000000002,220.00323486328125,-206.56985473632812,-5.017882823944092,219.95768346448045,-206.8523147906948,-5.0188551643861015,0.2861110932688078,0.5921281623100503,0.13584903744263074,3.6247740248138964e-05,19.820767672646756,32.50277497852805,nan,nan,nan
27.5,220.00323486328125,-206.56112670898438,-5.017882823944092,219.94612979206806,-206.84798601920613,-5.01912722651431,0.2924906862738065,0.5920610590539938,0.13584037344490468,3.549235371909286e-05,21.11286561716645,32.8850978943399,8.305340853331838,0.020470801873807468,nan
27.51,220.00323486328125,-206.5524139404297,-5.017882823944092,219.94632161166422,-206.8395295047746,-5.019200347064275,0.2927049732510317,0.5921134344033907,0.13585541203733095,3.620193086053231e-05,21.05881249010639,33.42964487992746,nan,nan,nan
27.52,220.00323486328125,-206.54368591308594,-5.017882823944092,219.9465090149833,-206.8310690486821,-5.017715929256847,0.2929281760842541,0.5921658954461521,0.13587051701573627,3.547053429401541e-05,20.95541701826986,32.79084792339446,nan,1.6693599041191385,nan
27.53,220.00323486328125,-206.5349578857422,-5.017882823944092,219.94670095671367,-206.8226122735303,-5.017775849884026,0.29315719477610164,0.5922184423497956,0.1358856885415851,3.6179971572897995e-05,20.898807978604623,32.77076774704333,nan,nan,nan
27.54,220.00323486328125,-206.52622985839844,-5.017882823944092,219.94689200471052,-206.81415466710848,-5.017494556489853,0.2933860322753169,0.5922710752366855,0.13590092674311596,3.545014570660967e-05,20.846712502173258,32.758503766332474,nan,0.08068769794823764,nan
27.55,220.00323486328125,-206.51751708984375,-5.017882823944092,219.9144776094049,-206.7822373309749,-5.017522994186425,0.27920384248369823,0.5922038407521009,0.1358923325351922,3.613721965672703e-05,19.786653517787034,32.15540404876433,24.304011242284236,nan,nan
27.560000000000002,220.00323486328125,-206.5087890625,-5.017882823944092,219.9146080831232,-206.77371866502355,-5.0176605111181285,0.27936078800981207,0.5922562527496135,0.1359075982873799,3.540976459922956e-05,19.727835517071263,31.504788261816806,nan,0.004225068729033519,nan
27.57,220.00323486328125,-206.50006103515625,-5.017882823944092,219.91473845553938,-206.76519973894992,-5.017721524034237,0.2795177497946463,0.5923087505318867,0.13592293076554365,3.6118143796768765e-05,19.670645843103955,31.48118754255292,nan,nan,nan
27.580000000000002,220.00323486328125,-206.4913330078125,-5.017882823944092,219.91487586118703,-206.75668661808947,-5.020569186846202,0.27969102288731623,0.5923613342245714,0.13593833010056292,3.539210372991423e-05,19.81743093918032,31.649914747701676,nan,5.356639450373823,nan
27.59,220.00323486328125,-206.4826202392578,-5.017882823944092,219.91500638670854,-206.7481675376359,-5.020659561822593,0.279834490417983,0.5924140039902377,0.13595379644994346,3.6100443314435986e-05,19.76889521978614,32.242867554106226,nan,nan,nan
27.6,220.00323486328125,-206.47389221191406,-5.017882823944092,219.90032228837038,-206.7340969007698,-5.021679840036985,0.27984262632505935,0.5923466389794445,0.1359452670418772,3.535442092881644e-05,20.14156669132482,31.642304334531577,1.9708515131104414,0.5314465702231665,nan
27.61,220.00323486328125,-206.4651641845703,-5.017882823944092,219.90042830733472,-206.72557219631324,-5.0217821094080985,0.2799941516400296,0.5923990874126147,0.13596076015142358,3.6061872995630917e-05,20.09957477969101,31.614843295403364,nan,nan,nan
27.62,220.00323486328125,-206.45645141601562,-5.017882823944092,219.90053846337457,-206.71705084415336,-5.023681477435891,0.2801646603014483,0.5924516216824218,0.1359763202953763,3.533930515159722e-05,20.57178760425611,32.7352994340925,nan,2.2333374444788086,nan
27.63,220.00323486328125,-206.44772338867188,-5.017882823944092,219.90064455841164,-206.70852586178384,-5.0238036567696795,0.2803172433081939,0.5925042419486303,0.1359919476290129,3.6046781335417366e-05,20.537250851573063,32.084966747794184,nan,nan,nan
27.64,220.00323486328125,-206.43899536132812,-5.017882823944092,219.90074659305895,-206.6999974229553,-5.022050353266513,0.2804341099214757,0.5925569483411177,0.13600764228655668,3.5325402378793965e-05,20.00093786636989,31.535312614356016,nan,2.4394046019729223,nan
27.650000000000002,220.00323486328125,-206.43026733398438,-5.017882823944092,219.89759901964544,-206.6938287810559,-5.02220804726347,0.2839758359435797,0.5924894535423207,0.13599917268711387,3.6010782894587716e-05,20.51697950446996,31.70417263847857,1.3633943144490654,nan,nan
27.66,220.00323486328125,-206.4215545654297,-5.017882823944092,219.89770112666656,-206.68531772794722,-5.021965427861273,0.2841215287862826,0.5925419381638316,0.1360148932949338,3.52913913492314e-05,20.41310478859839,32.209602146324485,nan,0.08504236052458658,nan
27.67,220.00323486328125,-206.41282653808594,-5.017882823944092,219.89780379327016,-206.67680729903574,-5.022070257271891,0.2842869804848573,0.5925945087045891,0.13603068126446405,3.599811431349655e-05,20.373334096527074,31.5635049263188,nan,nan,nan
27.68,220.00323486328125,-206.4040985107422,-5.017882823944092,219.90075089705502,-206.66209844572035,-5.022511243801374,0.2776478922170465,0.592443045388213,0.13507674534528236,3.527976839387685e-05,27.169058320674008,38.37570296254625,nan,0.07777812833069153,0.03962238419748328
27.69,220.00323486328125,-206.39537048339844,-5.017882823944092,219.90085907550022,-206.65357599906937,-5.022621367532952,0.2778009072015862,0.5924949849017221,0.13508898294936264,3.5986590117070014e-05,27.11111102648347,38.34943143678585,nan,nan,nan
27.7,220.00323486328125,-206.38665771484375,-5.017882823944092,219.90608947144293,-206.65146793041984,-5.022016068580648,0.2820970775107446,0.5924299492119517,0.13507859779027656,3.524800471860582e-05,27.63677824546088,39.160041199020476,3.885345226874005,0.4081501297520464,nan
27.71,220.00323486328125,-206.3779296875,-5.017882823944092,219.90621024703051,-206.64297087874897,-5.022121514171218,0.28227393735893574,0.592481674128136,0.13509086847304086,3.595407184681844e-05,27.578581408569224,38.542491962275996,nan,nan,nan
27.72,220.00323486328125,-206.36920166015625,-5.017882823944092,219.90633014234072,-206.63446893104222,-5.02104215517828,0.2824309319421304,0.5925334834629132,0.1351031998844198,3.523850719663159e-05,27.288957904583164,38.27161421929291,nan,0.9789033538196381,nan
27.73,220.00323486328125,-206.3604736328125,-5.017882823944092,219.90645083883774,-206.6259715734668,-5.021137544153628,0.28260731958462304,0.5925853773621191,0.13511559221557864,3.5944721477223417e-05,27.22729092787756,38.26174736889227,nan,nan,nan
27.740000000000002,220.00323486328125,-206.3517608642578,-5.017882823944092,219.9065721202766,-206.61747756195516,-5.02211688682637,0.28278432878937365,0.5926373559690506,0.1351280455657062,3.523001638720206e-05,27.36574931380952,39.02499972730824,nan,0.5431231350868945,nan
27.75,220.00323486328125,-206.34303283691406,-5.017882823944092,219.8900172676099,-206.59959623742836,-5.022339669123786,0.2804690106268742,0.5925721854843974,0.13511778830645516,3.591432190844667e-05,27.13073997327852,38.10539978735956,4.5796433342437215,nan,nan
27.76,220.00323486328125,-206.3343048095703,-5.017882823944092,219.89010899607152,-206.59108343193856,-5.023968299973223,0.2806595014528968,0.5926239490449657,0.1351302743522021,3.5201276772613214e-05,27.556551300021255,38.57414377392844,nan,1.6101211919929337,nan
27.77,220.00323486328125,-206.32557678222656,-5.017882823944092,219.89019999216242,-206.5825650106818,-5.024094173954468,0.280817400675893,0.592675797108364,0.13514282155141366,3.590696403802674e-05,27.505947503848855,38.52984133732081,nan,nan,nan
27.78,220.00323486328125,-206.31686401367188,-5.017882823944092,219.89029078945967,-206.5740448311482,-5.023722731351007,0.2809491790479671,0.5927277298183156,0.13515543000851157,3.519466476030139e-05,27.32498221641735,38.99668491241923,nan,0.1733739743909092,nan
27.79,220.00323486328125,-206.30813598632812,-5.017882823944092,219.89038196197635,-206.5655262885342,-5.02384593132171,0.2811069256568743,0.5927797473199973,0.13516809990683826,3.590055298675316e-05,27.27355737378331,38.38172531575954,nan,nan,nan
27.8,220.00323486328125,-206.29940795898438,-5.017882823944092,219.8561482150801,-206.54020874855283,-5.025269199100591,0.2822659399817638,0.5927144426400868,0.13515796651408907,3.516775725461166e-05,27.719777219759393,38.44411839104137,12.784355164831823,1.3472873668153187,nan
27.810000000000002,220.00323486328125,-206.29067993164062,-5.017882823944092,219.85618009016397,-206.5316592264786,-5.025406479657363,0.2824052624022392,0.5927662446487342,0.1351706686958911,3.587298766739795e-05,27.673526131973855,38.41103938257165,nan,nan,nan
27.82,220.00323486328125,-206.28196716308594,-5.017882823944092,219.8562114384199,-206.5231069925293,-5.024746918401,0.2825091513467312,0.5928181312419165,0.13518343237066072,3.51628668317623e-05,27.360277140749325,38.754815835680276,nan,0.4454292486654623,nan
27.830000000000002,220.00323486328125,-206.2732391357422,-5.017882823944092,219.85624294760794,-206.51455745199536,-5.024878468023919,0.28264835408802025,0.5928701025645247,0.1351962577170688,3.586833369017424e-05,27.3121775585881,38.08520061584207,nan,nan,nan
27.84,220.00323486328125,-206.26451110839844,-5.017882823944092,219.85627417080062,-206.50600487484513,-5.024129013599828,0.28276438823199307,0.5929221587607267,0.135209144846524,3.515879421950892e-05,26.98495854726219,37.77206487199629,nan,0.5440749978835193,nan
27.85,220.00323486328125,-206.2557830810547,-5.017882823944092,219.83095629312544,-206.49026134184462,-5.024189569908499,0.291032189908023,0.592856720486897,0.13519913128854813,3.584247684108014e-05,27.770987236621295,37.79627811126028,6.536886372968646,nan,nan
27.86,220.00323486328125,-206.2470703125,-5.017882823944092,219.83094750966183,-206.48171113943053,-5.0228708825572586,0.29114280105912954,0.592908560746089,0.13521205026559763,3.513432325137201e-05,27.29586365182476,37.97689486195425,nan,1.4587610873267687,nan
27.87,220.00323486328125,-206.23834228515625,-5.017882823944092,219.83093896751004,-206.47316544439644,-5.022981695666725,0.2912967392676991,0.5929604856716562,0.1352250311412988,3.583942509361852e-05,27.242193170970165,37.31613434162683,nan,nan,nan
27.88,220.00323486328125,-206.2296142578125,-5.017882823944092,219.8309305018428,-206.46461964203914,-5.023088685725411,0.2914505525524154,0.5930124954079419,0.13523807403120824,3.513175891551767e-05,27.217326396538155,37.329715487480385,nan,1.6232490467205773e-05,nan
27.89,220.00323486328125,-206.22088623046875,-5.017882823944092,219.8309223223468,-206.45607390732263,-5.023201467845855,0.29160442911617246,0.5930645900995654,0.1352511791077931,3.5837134026428454e-05,27.164478685345642,37.30241212618172,nan,nan,nan
27.900000000000002,220.00323486328125,-206.21217346191406,-5.017882823944092,219.83507369045068,-206.4446877374892,-5.023855746051889,0.28701349130744697,0.5929990188324558,0.13524128121069454,3.5108749413828354e-05,26.57662293823502,37.899748196960346,3.2459960341981855,0.2474006842199197,nan
27.91,220.00323486328125,-206.2034454345703,-5.017882823944092,219.83506932247053,-206.43612105031872,-5.023975443562438,0.28714928398635287,0.5930508971455712,0.1352544176711338,3.581353444644672e-05,26.52537703056406,37.21131562604623,nan,nan,nan
27.92,220.00323486328125,-206.19471740722656,-5.017882823944092,219.83506490209584,-206.42755176787955,-5.023195273218906,0.2872650300038032,0.5931028602057064,0.1352676163731457,3.5107553714960244e-05,26.221310636367367,36.92740439905809,nan,0.5694668080461824,nan
27.93,220.00323486328125,-206.1859893798828,-5.017882823944092,219.83506043103768,-206.41898515505915,-5.023307988355662,0.28740059728428247,0.5931549081573939,0.13528087748553705,3.581263738611127e-05,26.16794389373556,36.88852732158765,nan,nan,nan
27.94,220.00323486328125,-206.17727661132812,-5.017882823944092,219.8350557129252,-206.41041408109075,-5.021851203610862,0.28749444248364564,0.5932070411451132,0.13529420112934193,3.510700786949804e-05,25.720991243624383,37.1309028784696,nan,1.7308162833689342,nan
27.95,220.00323486328125,-206.16854858398438,-5.017882823944092,219.8472734605417,-206.41233023697484,-5.02191069809307,0.28942991768201043,0.5931413374858343,0.1352844147055214,3.579038495400792e-05,26.46852393847389,36.77803696158767,6.5321275792334985,nan,nan
27.96,220.00323486328125,-206.15982055664062,-5.017882823944092,219.84729307777565,-206.40379740235718,-5.02222076087734,0.2895882584106523,0.5931932536561456,0.13529776924587425,3.508591658977859e-05,26.48174637741658,36.814532840757096,nan,0.03114004897419809,nan
27.97,220.00323486328125,-206.15109252929688,-5.017882823944092,219.84731253257667,-206.39526410100993,-5.022323434095963,0.28974341867192327,0.593245254653463,0.13531118641689588,3.579074618980605e-05,26.42668446254419,36.77952514739821,nan,nan,nan
27.98,220.00323486328125,-206.1423797607422,-5.017882823944092,219.84733191253403,-206.38673057610106,-5.022356912158924,0.28988457786434396,0.5932973406222849,0.13532466634283094,3.5086553234073694e-05,26.374187718177392,37.389875468867885,nan,0.0034541878051917657,nan
27.990000000000002,220.00323486328125,-206.13365173339844,-5.017882823944092,219.84735130579156,-206.3781971750708,-5.022460647475105,0.29003984727387094,0.593349511707114,0.13533820918768216,3.579170493597226e-05,26.319693829761015,36.7206296011101,nan,nan,nan
28.0,220.00323486328125,-206.1249237060547,-5.017882823944092,219.85079209411577,-206.3621008477453,-5.022520510418287,0.2819810322472032,0.5932836762567674,0.1353285299336839,3.5066601037751225e-05,24.870313962760253,36.20839348829906,11.656709592934218,0.0019335624098247926,nan
28.01,220.00323486328125,-206.11619567871094,-5.017882823944092,219.85081080548292,-206.35352505314586,-5.022624583794116,0.2821007083505008,0.5933356300878323,0.13534210316108905,3.577120765271383e-05,24.814558934245994,36.17888627549907,nan,nan,nan
28.02,220.00323486328125,-206.10748291015625,-5.017882823944092,219.85082974399242,-206.34494957309016,-5.022886009586169,0.2822105034490734,0.5933876688250687,0.13535573936315326,3.506829926060419e-05,24.82657072747034,36.90004523573657,nan,0.017220171219854898,nan
28.03,220.00323486328125,-206.0987548828125,-5.017882823944092,219.8508488564247,-206.33637358587788,-5.022993504659276,0.282330058954991,0.5934397926130112,0.13536943870108292,3.577324551290267e-05,24.772151067100253,36.19875109595117,nan,nan,nan
28.04,220.00323486328125,-206.09002685546875,-5.017882823944092,219.85086833219523,-206.32779382470747,-5.021495375240443,0.28242121376238954,0.59349200159611,0.13538320130330966,3.5070502000494065e-05,24.343523603980646,35.78789763678409,nan,1.8151393872548174,nan
28.05,220.00323486328125,-206.081298828125,-5.017882823944092,219.8409183714648,-206.31956179486386,-5.0216693180552205,0.2883231214669702,0.5934260349559417,0.13537362489149124,3.5753785225181495e-05,25.1420593378528,36.003184124752245,3.3700871203752922,nan,nan
28.060000000000002,220.00323486328125,-206.0725860595703,-5.017882823944092,219.84092472144272,-206.31099790891017,-5.019743472549067,0.28842374046275215,0.5934780262514591,0.1353874173389816,3.5052022520090836e-05,24.768088932593194,36.31376983476886,nan,2.87897227315181,nan
28.07,220.00323486328125,-206.06385803222656,-5.017882823944092,219.84093073114278,-206.30243868023157,-5.019820726605552,0.2885604137411086,0.5935301025316111,0.13540127313585748,3.575678615041608e-05,24.70514780596692,35.61218416130879,nan,nan,nan
28.080000000000002,220.00323486328125,-206.0551300048828,-5.017882823944092,219.84093703967287,-206.2938763988492,-5.018411873246199,0.2886879008083509,0.5935822639407805,0.13541519241296943,3.5055128735649625e-05,24.53904794403497,35.46141677395,nan,1.5561867981415212,nan
28.09,220.00323486328125,-206.04640197753906,-5.017882823944092,219.84094304830396,-206.28531744568102,-5.018475996645602,0.2888244899241877,0.5936345106236068,0.1354291753279026,3.57602452658133e-05,24.471984240957713,35.42855198728843,nan,nan,nan
28.1,220.00323486328125,-206.03768920898438,-5.017882823944092,219.83261360054973,-206.26998630963197,-5.0183084754213905,0.28822515408020505,0.5935684133948289,0.13541969733653647,3.5037514974864784e-05,24.01460657018525,35.880204310804075,2.576809556231913,0.02082041278844923,nan
28.11,220.00323486328125,-206.02896118164062,-5.017882823944092,219.83260352432723,-206.2614069410575,-5.018371691739626,0.28835104282080604,0.593620441958834,0.13543370953387548,3.574211412121654e-05,23.947048955064727,35.17125559221401,nan,nan,nan
28.12,220.00323486328125,-206.02023315429688,-5.017882823944092,219.83259369521053,-206.25282538184047,-5.01729566120421,0.28847512425564764,0.5936725555849256,0.13544778542367936,3.504142247258654e-05,23.881274536850693,35.140515494680926,nan,0.9161951673294232,nan
28.13,220.00323486328125,-206.01150512695312,-5.017882823944092,219.83258357249292,-206.24424611636084,-5.017349885054232,0.2886009619215874,0.5937247544178351,0.1354619251614584,3.574638617653609e-05,23.81059027172047,35.11628191257746,nan,nan,nan
28.14,220.00323486328125,-206.00279235839844,-5.017882823944092,219.83257363091215,-206.2356654158154,-5.0167388335429175,0.28871512918185793,0.5937770386018031,0.135476128881172,3.5045711952471506e-05,23.768997894991006,35.8123278518534,nan,0.31275617769598807,nan
28.150000000000002,220.00323486328125,-205.9940643310547,-5.017882823944092,219.84592608806747,-206.22560571989757,-5.016651209465263,0.27992674466862844,0.5937108113859764,0.13546674485793359,3.572903239127087e-05,22.591821666210738,34.793554933589796,7.582155915334304,nan,nan
28.16,220.00323486328125,-205.98533630371094,-5.017882823944092,219.84593396743577,-206.21699942720102,-5.016211817294228,0.28002529686118455,0.59376287702239,0.13548097727426367,3.502919753898196e-05,22.559660092175555,34.804070161712815,nan,0.16755063692063302,nan
28.17,220.00323486328125,-205.9766082763672,-5.017882823944092,219.8459417518203,-206.2083941821672,-5.016256286734345,0.28012224949813846,0.5938150277980075,0.13549527374528375,3.5734020474071935e-05,22.484742732981076,34.76275586047746,nan,nan,nan
28.18,220.00323486328125,-205.9678955078125,-5.017882823944092,219.8459488908302,-206.19979206128056,-5.018050866783048,0.28020513356938687,0.5938672638569638,0.13550963440671868,3.503415757618649e-05,22.340222306283437,35.35703404525295,nan,2.156236655011377,nan
28.19,220.00323486328125,-205.95916748046875,-5.017882823944092,219.84595673855756,-206.1911869957781,-5.018114658822378,0.28030254681040934,0.5939195853441551,0.13552405941143414,3.57393508071752e-05,22.27203205878286,34.61551275288325,nan,nan,nan
28.2,220.00323486328125,-205.950439453125,-5.017882823944092,219.8103555338117,-206.17539451042728,-5.01878865531439,0.29632420433195583,0.5938532287423932,0.13551476482783667,3.5018282836710455e-05,23.704241194466466,34.88954845029122,15.073773997770598,0.2010294384494444,nan
28.21,220.00323486328125,-205.9417266845703,-5.017882823944092,219.81030851214038,-206.1668060341758,-5.018861275925962,0.29644940200925174,0.5939053312558865,0.1355292179188819,3.5722973695997204e-05,23.63820839375939,35.539191898455115,nan,nan,nan
28.22,220.00323486328125,-205.93299865722656,-5.017882823944092,219.8102614127664,-206.15821782560093,-5.019097435932278,0.2965870895523387,0.5939575189842179,0.13554373540515724,3.502382906622777e-05,23.586547414498906,34.833313439985204,nan,0.018626470382305426,nan
28.23,220.00323486328125,-205.9242706298828,-5.017882823944092,219.81021441609641,-206.1496293282816,-5.019173716137231,0.29672394978849675,0.5940097920723962,0.1355583174380415,3.572889763459135e-05,23.524207161017962,34.80340649457853,nan,nan,nan
28.240000000000002,220.00323486328125,-205.91554260253906,-5.017882823944092,219.81016739407286,-206.1410407956836,-5.019260318200202,0.2968608769582342,0.5940621506643811,0.1355729641554891,3.5029656595642256e-05,23.465004401952086,34.78306766705371,nan,5.9856708772661795e-05,nan
28.25,220.00323486328125,-205.90682983398438,-5.017882823944092,219.82390662328467,-206.13751822911922,-5.0194123944835844,0.2921952992369962,0.5939956652786073,0.13556375444938967,3.5713085941057244e-05,23.243847605275086,35.441121785700055,1.8448223886747828,nan,nan
28.26,220.00323486328125,-205.89810180664062,-5.017882823944092,219.82388247738703,-206.12893338433938,-5.019008234292263,0.2923213337019647,0.5940478044732426,0.13557842862040018,3.501457611409797e-05,23.147971392070318,34.68480105653731,nan,0.16605808489723187,nan
28.27,220.00323486328125,-205.88937377929688,-5.017882823944092,219.82385803310632,-206.1203491314543,-5.019085480836356,0.29245017847738625,0.5941000289585606,0.13559316753790399,3.5719524420304255e-05,23.08588328674398,34.66008114810837,nan,nan,nan
28.28,220.00323486328125,-205.88064575195312,-5.017882823944092,219.82383319962923,-206.11176565880191,-5.019780489810359,0.2925832691707508,0.5941523388784089,0.1356079713410954,3.502088469988557e-05,23.081948619042677,34.67068844436938,nan,0.2683395027224791,nan
28.29,220.00323486328125,-205.87193298339844,-5.017882823944092,219.8238086578916,-206.10318139236384,-5.019865773512154,0.29270039617081245,0.5942047343779719,0.13562284017949483,3.572621113441649e-05,23.020847606533867,35.334896909324485,nan,nan,nan
28.3,220.00323486328125,-205.8632049560547,-5.017882823944092,219.82928867755902,-206.08849928444621,-5.019642930125833,0.28463644866122234,0.5941381208090868,0.13561371072731526,3.5006261698886164e-05,21.743555917588253,34.28838896892377,7.861376232619203,0.0630076290343969,nan
28.310000000000002,220.00323486328125,-205.85447692871094,-5.017882823944092,219.8292684746948,-206.07987929185117,-5.019727276106015,0.2847348444971058,0.5941902964902351,0.13562860636303595,3.571109185077737e-05,21.683453386608218,34.270868839420956,nan,nan,nan
28.32,220.00323486328125,-205.8457489013672,-5.017882823944092,219.82924727462637,-206.071261408962,-5.021721441311841,0.2848548877427436,0.594242557535866,0.1356435670819487,3.501298330442039e-05,21.942303821529535,34.55309334405851,nan,2.570648453298465,nan
28.330000000000002,220.00323486328125,-205.8370361328125,-5.017882823944092,219.82922710705893,-206.06264128999072,-5.021826839664607,0.28494199660797914,0.594294904091271,0.13565859303255362,3.5718196077845156e-05,21.888279308716356,35.233431076716045,nan,nan,nan
28.34,220.00323486328125,-205.82830810546875,-5.017882823944092,219.82920711037934,-206.05402086173007,-5.021649854788817,0.28503701100129547,0.5943473363001293,0.13567368435557622,3.501990563808498e-05,21.791609842544684,34.43441860527107,nan,0.05667164408945223,nan
28.35,220.00323486328125,-205.819580078125,-5.017882823944092,219.86161163585732,-206.0595447484926,-5.021860949053989,0.27866827420788065,0.5942805951503769,0.13566463049970415,3.570347365848326e-05,21.64514139332981,34.5542254481865,10.04325307724497,nan,nan
28.36,220.00323486328125,-205.81085205078125,-5.017882823944092,219.86164691880973,-206.0509441814733,-5.02064349226283,0.2787454009118211,0.5943328071222452,0.1356797479418554,3.50058340361382e-05,21.35358473112284,34.28491592423585,nan,1.2397416260613972,nan
28.37,220.00323486328125,-205.80213928222656,-5.017882823944092,219.86168144099497,-206.04234484874874,-5.02073910527208,0.27882654804057433,0.5943851045331731,0.1356949308087398,3.5710932389206e-05,21.296352344646113,34.96528687697405,nan,nan,nan
28.38,220.00323486328125,-205.7934112548828,-5.017882823944092,219.86171599349186,-206.03374535538217,-5.020776164430073,0.27892013514350056,0.5944374875267407,0.13571017924191112,3.501308731036098e-05,21.241273700990103,34.211240882093016,nan,0.0025013678907015017,nan
28.39,220.00323486328125,-205.78468322753906,-5.017882823944092,219.86175047976252,-206.02514592600107,-5.020873130580801,0.27901448361167297,0.5944899562483958,0.13572549338862713,3.5718565149103404e-05,21.18697814704825,34.164183816623186,nan,nan,nan
28.400000000000002,220.00323486328125,-205.7759552001953,-5.017882823944092,219.8736529003297,-206.01705243740892,-5.02101384467243,0.2737319239789476,0.594423088118409,0.13571651042214394,3.499933024050576e-05,20.511648483297034,34.06479305708732,2.7496685817079483,4.631845006882895e-05,nan
28.41,220.00323486328125,-205.76724243164062,-5.017882823944092,219.87370460277174,-206.0084398004404,-5.021113190109714,0.27379681219686836,0.5944753361870728,0.13573184998730067,3.5704311961745955e-05,20.456215254852147,34.7346693862026,nan,nan,nan
28.42,220.00323486328125,-205.75851440429688,-5.017882823944092,219.87375614346735,-205.99982734046256,-5.021451783650897,0.2738784575663806,0.5945276697667993,0.13574725530903864,3.5006860871697926e-05,20.46241983021415,34.03239218834053,nan,0.040094608816766526,nan
28.43,220.00323486328125,-205.74978637695312,-5.017882823944092,219.8738078890777,-205.9912145630868,-5.02155567241678,0.2739569318837969,0.5945800890031239,0.13576272653395524,3.571222469385281e-05,20.41108056285727,34.01106393569906,nan,nan,nan
28.44,220.00323486328125,-205.74105834960938,-5.017882823944092,219.87385931956453,-205.9826022374931,-5.022236451196196,0.2740445860735642,0.594632594039488,0.13577826380459637,3.5014529531340584e-05,20.509622593487578,34.123921426589824,nan,0.23374390493116143,nan
28.45,220.00323486328125,-205.7323455810547,-5.017882823944092,219.88543365088506,-205.98774063735414,-5.022301622916363,0.2812886172751533,0.5945655995317332,0.13576934698824603,3.5698238014125644e-05,21.605681497302275,35.163301514991566,11.083363274661576,nan,nan
28.46,220.00323486328125,-205.72361755371094,-5.017882823944092,219.88550968173317,-205.97917388005874,-5.022073378203525,0.2813997424517542,0.5946178835015978,0.13578490895528572,3.5001135866267265e-05,21.49663932843253,34.373264239262134,nan,0.0818704010761106,nan
28.47,220.00323486328125,-205.7148895263672,-5.017882823944092,219.88558547063585,-205.9706074114744,-5.022183293103908,0.2815164478117174,0.5946702530558011,0.13580053701170097,3.5706381693702164e-05,21.449240521548962,34.33116339149002,nan,nan,nan
28.48,220.00323486328125,-205.70616149902344,-5.017882823944092,219.88566167483472,-205.96204059603443,-5.021730445184355,0.2816245215137537,0.5947227083377095,0.1358162313005538,3.500901991219038e-05,21.290695939443,34.19009628318906,nan,0.22435810826098532,nan
28.490000000000002,220.00323486328125,-205.69744873046875,-5.017882823944092,219.88573763267476,-205.95347396171405,-5.0218367473877406,0.2817270873469634,0.5947752494929777,0.13583199196766682,3.571464251604289e-05,21.240185135331252,34.85468804768103,nan,nan,nan
28.5,220.00323486328125,-205.688720703125,-5.017882823944092,219.85548973907217,-205.93730872731888,-5.018509156313718,0.2891799090400479,0.5947081292077961,0.13582313652294967,3.4995831861684936e-05,21.710871861979076,33.645598295319154,9.11502732548828,7.852229410186296,nan
28.51,220.00323486328125,-205.67999267578125,-5.017882823944092,219.85551741725246,-205.92874740932047,-5.018582269971898,0.289309264532232,0.594760448885614,0.13583892114286517,3.570095490086934e-05,21.651065961381004,33.60643097882493,nan,nan,nan
28.52,220.00323486328125,-205.6712646484375,-5.017882823944092,219.85554467043437,-205.92018647054502,-5.019114329483418,0.28944081120389636,0.5948128542180455,0.13585477217840045,3.5003890110434067e-05,21.61855789746893,33.59679547294137,nan,0.14796231786683733,nan
28.53,220.00323486328125,-205.6625518798828,-5.017882823944092,219.85557216891686,-205.91162535925477,-5.019194155799251,0.28955757462832404,0.5948653453508074,0.13587068977498612,3.5709391455527356e-05,21.559358034130437,34.2331887016785,nan,nan,nan
28.54,220.00323486328125,-205.65382385253906,-5.017882823944092,219.85559986638623,-205.90306406760786,-5.018953830815217,0.289685906062843,0.5949179224271669,0.13588667407627403,3.50120390752425e-05,21.482145801276666,33.512451696066876,nan,0.07282845023903754,nan
28.55,220.00323486328125,-205.6450958251953,-5.017882823944092,219.84359053924885,-205.88682172269472,-5.018973698539226,0.289687607130574,0.5948506769671159,0.13587787519559308,3.5695872611445114e-05,21.20876660247327,33.29750529812624,2.5529401560829075,nan,nan
28.560000000000002,220.00323486328125,-205.63636779785156,-5.017882823944092,219.84359701854368,-205.8782422698383,-5.018876145072628,0.2898076747744671,0.5949030321575737,0.13589388268538716,3.499907334666296e-05,21.141942356050855,33.27106571825956,nan,0.0220079504252101,nan
28.57,220.00323486328125,-205.62765502929688,-5.017882823944092,219.84360344148723,-205.86966264563716,-5.018954462077039,0.2899155490810654,0.5949554730745676,0.13590995691559654,3.570444769155484e-05,21.082324997151566,33.94466087249696,nan,nan,nan
28.580000000000002,220.00323486328125,-205.61892700195312,-5.017882823944092,219.84360970365367,-205.86108283773956,-5.0192136170573765,0.2900369138607488,0.5950079998613175,0.1359260980301608,3.500735155495491e-05,21.039308373018446,33.22122292441278,nan,0.022862840628388986,nan
28.59,220.00323486328125,-205.61019897460938,-5.017882823944092,219.843616009935,-205.85250296844646,-5.019295484960713,0.29015754235263197,0.5950606126636174,0.13594230617407813,3.571309771322069e-05,20.983313517952816,33.17591757358498,nan,nan,nan
28.6,220.00323486328125,-205.60147094726562,-5.017882823944092,219.82454570187053,-205.82450711796716,-5.019950261081922,0.2857957734872708,0.594993242628736,0.1359335590190471,3.4994511166971995e-05,19.698410942394837,32.841764405071004,18.88831621045942,0.18360802394477696,nan
28.61,220.00323486328125,-205.59275817871094,-5.017882823944092,219.8245144591191,-205.8158672395626,-5.02004035146597,0.28587285779347554,0.5950456331392212,0.1359497895665289,3.569975241827674e-05,19.642944914144646,33.54920449932174,nan,nan,nan
28.62,220.00323486328125,-205.5840301513672,-5.017882823944092,219.8244834567585,-205.8072271413496,-5.019634417254308,0.28595809089831015,0.5950981094448704,0.13596608717453085,3.500288776172503e-05,19.538603783497706,32.70121678406107,nan,0.17435201118849905,nan
28.63,220.00323486328125,-205.57530212402344,-5.017882823944092,219.82445214616587,-205.79858717950725,-5.019721601461944,0.2860469490211855,0.5951506716915116,0.13598245198785117,3.570850184889654e-05,19.4842027650063,32.68100269382385,nan,nan,nan
28.64,220.00323486328125,-205.5665740966797,-5.017882823944092,219.82442038421064,-205.78994743289334,-5.020568983647491,0.2861424133372475,0.595203320022308,0.13599888415073103,3.5011320615418296e-05,19.534340173598462,32.74205737755539,nan,0.406521022401748,nan
28.650000000000002,220.00323486328125,-205.557861328125,-5.017882823944092,219.7956585666147,-205.77131616528794,-5.020538312282545,0.2977548287843158,0.5951358260150955,0.13599018385819597,3.569525464167085e-05,19.970987540787952,33.50277960638984,7.605973967798897,nan,nan
28.66,220.00323486328125,-205.54913330078125,-5.017882823944092,219.7955801410145,-205.7626685192722,-5.020884212146847,0.297870410660076,0.5951882516506701,0.1360066376196994,3.499860041340827e-05,19.97019176536161,32.76643884644042,nan,0.0443046096525571,nan
28.67,220.00323486328125,-205.5404052734375,-5.017882823944092,219.79550199946377,-205.75402065353683,-5.020982996621377,0.2979833626151333,0.5952407631519214,0.1360231587590781,3.570407597073413e-05,19.921489741852824,32.733451359112934,nan,nan,nan
28.68,220.00323486328125,-205.53167724609375,-5.017882823944092,219.8198709555955,-205.74885507869985,-5.019904335463778,0.284240426621721,0.5823399544552877,0.1357768446510013,3.5007091164886646e-05,26.31959314608335,39.15676121451312,nan,0.9791614454418668,0.04613621442209886
28.69,220.00323486328125,-205.52296447753906,-5.017882823944092,219.8197995649529,-205.7401944349917,-5.0199933585579,0.2843269551837272,0.5823853835548252,0.1357953777757585,3.571293246296836e-05,26.24243094096666,39.85690943328818,nan,nan,nan
28.7,220.00323486328125,-205.5142364501953,-5.017882823944092,219.80611990446047,-205.72405389913655,-5.019287554975893,0.2878882459226094,0.5823311067275874,0.13578724565513414,3.499443986797255e-05,25.978540758679166,39.05252373587213,2.3418488529728854,0.5278713004245799,nan
28.71,220.00323486328125,-205.50550842285156,-5.017882823944092,219.8060261879573,-205.71537803167797,-5.01937134569482,0.2879908505994329,0.5823763533073225,0.13580578167301188,3.569977025251291e-05,25.90192318407818,39.002491434424655,nan,nan,nan
28.72,220.00323486328125,-205.4967803955078,-5.017882823944092,219.80592036390098,-205.70670019868885,-5.0180772022327105,0.2880961180164891,0.5824216836996254,0.1358243787230313,3.500298541760858e-05,25.75879620112853,38.89363992640716,nan,1.3421048769904707,nan
28.73,220.00323486328125,-205.48806762695312,-5.017882823944092,219.8058268135307,-205.69802447513865,-5.018148949822616,0.28818724300235643,0.5824670982722819,0.13584303695574787,3.570868263513923e-05,25.675155385586883,39.60189453149292,nan,nan,nan
28.740000000000002,220.00323486328125,-205.47933959960938,-5.017882823944092,219.8057319785368,-205.6893485341548,-5.018072421770884,0.2882900935145196,0.5825125969519221,0.13586175650992582,3.501156318235047e-05,25.592389569777815,38.80456186404914,nan,0.015713407454059622,nan
28.75,220.00323486328125,-205.47061157226562,-5.017882823944092,219.78120322778506,-205.66684684250356,-5.018026881752247,0.2963213613614821,0.5824582054617726,0.1358536105950756,3.5695569589958596e-05,25.211342498899544,38.849242792601366,7.804611019397543,nan,nan
28.76,220.00323486328125,-205.46188354492188,-5.017882823944092,219.7810636003223,-205.65814085135491,-5.017354453317916,0.2964410221083448,0.5825035212747575,0.1358723325478099,3.4998961294631556e-05,25.136936659737728,38.81295075425129,nan,0.39018882429306107,nan
28.77,220.00323486328125,-205.4531707763672,-5.017882823944092,219.78093001346372,-205.64943578984074,-5.017419010059081,0.2965461463069256,0.5825489212020588,0.1358911159149428,3.570450796494955e-05,25.05084261185192,39.5619293902996,nan,nan,nan
28.78,220.00323486328125,-205.44444274902344,-5.017882823944092,219.78079336323634,-205.6407302837688,-5.017119506659468,0.29666411965708583,0.5825944051915913,0.13590996083639134,3.500756407059556e-05,24.98002504732102,38.724337537394305,nan,0.0939984012466155,nan
28.79,220.00323486328125,-205.4357147216797,-5.017882823944092,219.78065983115468,-205.63202534839044,-5.0171821483168975,0.2967793760220677,0.5826399735793871,0.1359288674609663,3.5713470695119954e-05,24.895874028446226,38.67730607391839,nan,nan,nan
28.8,220.00323486328125,-205.42698669433594,-5.017882823944092,219.74535077104616,-205.6056788526188,-5.017069869594084,0.3137447264170047,0.582585467233302,0.13592070454488817,3.499499235278763e-05,24.752171690196256,39.05873369780663,12.86340161595202,0.019103883515636202,nan
28.810000000000002,220.00323486328125,-205.41827392578125,-5.017882823944092,219.7451575386946,-205.5969417178228,-5.017132654460707,0.31388954766455746,0.5826308523940895,0.1359396130518998,3.570038218465105e-05,24.66568416442331,39.81795431847583,nan,nan,nan
28.82,220.00323486328125,-205.4095458984375,-5.017882823944092,219.74497350178976,-205.58820578635243,-5.018378666895673,0.3140358773284478,0.5826763215707756,0.13595858334243283,3.5003604175463304e-05,24.576235136744252,38.963013380275235,nan,0.9868519638318918,nan
28.830000000000002,220.00323486328125,-205.40081787109375,-5.017882823944092,219.74478025922573,-205.57946836530638,-5.018455182942026,0.31418960682163516,0.5827218750799292,0.1359776155643667,3.5709355034573185e-05,24.497822394931518,38.92847725264275,nan,nan,nan
28.84,220.00323486328125,-205.39210510253906,-5.017882823944092,219.74458383885263,-205.57073040549307,-5.018113106423555,0.31433645083477413,0.5827675128985154,0.13599670985903087,3.501223237848109e-05,24.407305245929898,39.69152586498869,nan,0.12422438021768122,nan
28.85,220.00323486328125,-205.3833770751953,-5.017882823944092,219.7686004815333,-205.57183838362914,-5.0180983349835655,0.30095016916400463,0.5827128918821887,0.13598852670246506,3.5696283806273647e-05,24.083788905604642,38.44903860672274,6.3306568040705855,nan,nan
28.86,220.00323486328125,-205.37464904785156,-5.017882823944092,219.7684350106827,-205.5631111685047,-5.016018398352358,0.30108539948685353,0.5827583461206689,0.13600762234318808,3.4999663871461135e-05,24.10149378696323,38.52059883156561,nan,3.2743301370291533,nan
28.87,220.00323486328125,-205.3659210205078,-5.017882823944092,219.76828541406297,-205.55438593573896,-5.016071366283287,0.3012035015399283,0.5828038846256867,0.13602678014010586,3.5705252940310215e-05,24.013938993150326,38.46715266972078,nan,nan,nan
28.88,220.00323486328125,-205.35720825195312,-5.017882823944092,219.76813918388973,-205.54566098328672,-5.016602015943556,0.3013072366950186,0.5828495073919029,0.136046000235289,3.500828986180031e-05,23.886515522607993,39.20963986957389,nan,0.16044819500089436,nan
28.89,220.00323486328125,-205.34848022460938,-5.017882823944092,219.7679896020708,-205.5369354040764,-5.016661583274974,0.30142524615348587,0.5828952147094657,0.13606528277549365,3.571423343898388e-05,23.801609460042876,38.35441858162104,nan,nan,nan
28.900000000000002,220.00323486328125,-205.33975219726562,-5.017882823944092,219.7932381327006,-205.53855902323625,-5.01916981904422,0.28917890182975853,0.5828404788568423,0.13605707609343917,3.49957275109747e-05,23.48248989380006,38.082948858869315,6.624040335586356,4.073977271961303,nan
28.91,220.00323486328125,-205.33102416992188,-5.017882823944092,219.79313428355763,-205.5298466612869,-5.019256285123169,0.28926548889974657,0.5828860022296402,0.13607635942253019,3.570114905928122e-05,23.408321585377195,38.04186054361618,nan,nan,nan
28.92,220.00323486328125,-205.3223114013672,-5.017882823944092,219.79303265448473,-205.52113448662334,-5.01968639924245,0.28934208248639903,0.5829316098138754,0.136095705271805,3.500434028586395e-05,23.36655953838917,38.84077714551876,nan,0.08286085889088589,nan
28.93,220.00323486328125,-205.31358337402344,-5.017882823944092,219.79292867316377,-205.5124219353807,-5.0197782384995735,0.2894288508091275,0.5829773018837013,0.13611511378744234,3.571011772407596e-05,23.294945155224536,37.98131155654689,nan,nan,nan
28.94,220.00323486328125,-205.3048553466797,-5.017882823944092,219.79280473894434,-205.50370715837323,-5.016815190815495,0.2895237815495456,0.5830230784576729,0.13613458511239027,3.5012959842274634e-05,23.14778556741798,37.860597991467735,nan,6.588654255396719,nan
28.95,220.00323486328125,-205.29612731933594,-5.017882823944092,219.80210491137728,-205.4970204058082,-5.016728267718115,0.28427561053548445,0.5829682278896389,0.13612635158798286,3.569703159172066e-05,22.738298819961223,37.65522820750523,2.491776820520231,nan,nan
28.96,220.00323486328125,-205.28741455078125,-5.017882823944092,219.80201879025483,-205.48830546502464,-5.016635981189029,0.28433540420878284,0.5830138201597679,0.13614582312478218,3.500037305613787e-05,22.664102569803195,38.42481124596534,nan,0.016609978026428256,nan
28.97,220.00323486328125,-205.2786865234375,-5.017882823944092,219.8019337138068,-205.47959086489328,-5.016696710656358,0.2844048418368645,0.5830594968495406,0.13616535754579384,3.5705979018858046e-05,22.580383531599065,37.55790244921723,nan,nan,nan
28.98,220.00323486328125,-205.26995849609375,-5.017882823944092,219.80185868288422,-205.47087739515115,-5.018383021257044,0.2844662022579974,0.5831052579918887,0.13618495499440586,3.500897454125226e-05,22.469658894482933,37.46193033623483,nan,1.862715501088133,nan
28.990000000000002,220.00323486328125,-205.26123046875,-5.017882823944092,219.80177348479245,-205.46216305437997,-5.01846198797799,0.2845363358545475,0.5831511038394849,0.13620461561612926,3.5714930399405736e-05,22.393669208529843,37.42024233417257,nan,nan,nan
29.0,220.00323486328125,-205.2525177001953,-5.017882823944092,219.8107475810123,-205.46097258779736,-5.019503227231488,0.2837382943969388,0.5830961384102732,0.1361963518947689,3.499638047732369e-05,22.904019943653967,38.22952589233875,2.32462395850167,0.6526795235012777,nan
29.01,220.00323486328125,-205.24378967285156,-5.017882823944092,219.81067504420724,-205.4522788728849,-5.019594065841734,0.28381324634553046,0.5831417995851862,0.1362160121312416,3.57018099771552e-05,22.833724212859916,37.39627355230993,nan,nan,nan
29.02,220.00323486328125,-205.2350616455078,-5.017882823944092,219.8106087919254,-205.4435856974467,-5.020755757389855,0.28389317947000103,0.5831875451596497,0.13623573561001864,3.5004956508102126e-05,22.910394553250555,37.493459944874004,nan,0.8077835591732929,nan
29.03,220.00323486328125,-205.22633361816406,-5.017882823944092,219.81053631760847,-205.43489201255917,-5.0208593987727035,0.2839686485772387,0.5832333753734925,0.13625552247628733,3.5710737664935234e-05,22.845819498037798,37.44563109976879,nan,nan,nan
29.04,220.00323486328125,-205.21762084960938,-5.017882823944092,219.81045720159344,-205.4261978754134,-5.0197537372448515,0.28402658828999816,0.5832792902788482,0.13627537287392896,3.5013534287956574e-05,22.618712622892723,38.03885492604082,nan,1.0335782958391857,nan
29.05,220.00323486328125,-205.20889282226562,-5.017882823944092,219.80590667166473,-205.4099259760423,-5.019844714641579,0.2817030229499719,0.5832242100546846,0.13626707557116563,3.569760578716804e-05,21.795104676036374,37.152118741370856,3.9175933765147697,nan,nan
29.060000000000002,220.00323486328125,-205.20016479492188,-5.017882823944092,219.805822125626,-205.4012060845317,-5.018127363433803,0.2817613332522475,0.5832699399225946,0.1362869249670579,3.500090163314955e-05,21.612133893837832,36.98205772418434,nan,2.3186712809305874,nan
29.07,220.00323486328125,-205.19143676757812,-5.017882823944092,219.80574743454926,-205.39248698715198,-5.018204909455563,0.2818201182260518,0.5833157543637543,0.13630683796132737,3.5706503540650074e-05,21.53670239159089,36.91592606683232,nan,nan,nan
29.080000000000002,220.00323486328125,-205.18272399902344,-5.017882823944092,219.80567816629784,-205.38376839847473,-5.019317884669001,0.28186798057425777,0.5833616534417067,0.13632681469808422,3.500945367713574e-05,21.51402225615929,37.74408700321566,nan,0.7551503652980922,nan
29.09,220.00323486328125,-205.1739959716797,-5.017882823944092,219.80560343027682,-205.3750494260884,-5.0194078293119695,0.2819272964479169,0.583407637379222,0.13634685532216761,3.571540183376936e-05,21.444152271956735,36.871994955389724,nan,nan,nan
29.1,220.00323486328125,-205.16526794433594,-5.017882823944092,219.77487572626816,-205.34429230782368,-5.018217673530506,0.2901684515997527,0.583352442228691,0.13633852102237204,3.499680782433886e-05,20.314612527176063,37.050090399506736,18.9612233456906,1.5028583831607427,nan
29.11,220.00323486328125,-205.1565399169922,-5.017882823944092,219.7747554048079,-205.33551866132746,-5.0182986345807,0.2902351232476655,0.5833982407558519,0.13635856000884253,3.5702226292878273e-05,20.239896132392765,36.994024367826626,nan,nan,nan
29.12,220.00323486328125,-205.1478271484375,-5.017882823944092,219.77463777595617,-205.32674513245104,-5.018943418466995,0.2902919189328612,0.583444123863713,0.1363786629453594,3.500532926849692e-05,20.18894529969759,37.83475128796011,nan,0.2236163148062725,nan
29.13,220.00323486328125,-205.13909912109375,-5.017882823944092,219.77451738363942,-205.31797139258134,-5.019031968009023,0.2903589081342667,0.5834900917649745,0.13639882997661087,3.571109614234046e-05,20.117915720897212,36.90906724722575,nan,nan,nan
29.14,220.00323486328125,-205.13037109375,-5.017882823944092,219.77439779479784,-205.3091976010547,-5.019269719646892,0.2904259752614658,0.583536144538246,0.13641906124693803,3.501385062170804e-05,20.060221430020295,36.87563561556386,nan,0.015490092766930998,nan
29.150000000000002,220.00323486328125,-205.12164306640625,-5.017882823944092,219.78909623519908,-205.300694593244,-5.0194105247634875,0.2791364096094188,0.5834808344821734,0.13641068650776722,3.5697905903129496e-05,19.101414016540993,36.76166089609627,6.603172200698188,nan,nan
29.16,220.00323486328125,-205.11293029785156,-5.017882823944092,219.78900232408233,-205.29190509855366,-5.018265289849508,0.2791553445989142,0.5835267014749558,0.13643091548574507,3.5001161374606446e-05,18.96244736384593,37.54154355291536,nan,1.0845317621580044,nan
29.17,220.00323486328125,-205.1042022705078,-5.017882823944092,219.78891412946444,-205.28311561062355,-5.01834813956829,0.2791837687505759,0.5835726531946389,0.13645120876237396,3.570674320537326e-05,18.88885207179004,36.60404118444128,nan,nan,nan
29.18,220.00323486328125,-205.09547424316406,-5.017882823944092,219.78882677970287,-205.27432600510772,-5.01863714912113,0.2792120127440387,0.583618689728668,0.13647156648208447,3.500965494360597e-05,18.823806668600156,36.525611306674975,nan,0.029770132870345644,nan
29.19,220.00323486328125,-205.0867462158203,-5.017882823944092,219.7887385145698,-205.26553646513375,-5.018723422600416,0.2792406551099101,0.5836648112765241,0.13649198878942845,3.571558035041035e-05,18.752377602289343,36.444607361707405,nan,nan,nan
29.2,220.00323486328125,-205.07803344726562,-5.017882823944092,219.7803979211267,-205.24666723128925,-5.018110870640164,0.2794525145855912,0.5836093861928049,0.13648357014288082,3.499695162855448e-05,17.898448911214768,37.42584938920193,5.1536991378777515,0.33026541849842234,nan
29.21,220.00323486328125,-205.06930541992188,-5.017882823944092,219.7803011005895,-205.23784706545598,-5.018191957337906,0.2794742284911114,0.583655321583308,0.136503989484458,3.5702344993921294e-05,17.82497722688242,36.43704997910675,nan,nan,nan
29.22,220.00323486328125,-205.06057739257812,-5.017882823944092,219.7802061661525,-205.22902689803675,-5.018765267811707,0.27949564279140027,0.5837013417292066,0.13652447346959679,3.500541419517289e-05,17.770162667764186,36.38718809664941,nan,0.17034136392855428,nan
29.23,220.00323486328125,-205.05184936523438,-5.017882823944092,219.7801090471136,-205.22020668945063,-5.018853243555651,0.2795179067107546,0.583747446822284,0.13654502224280823,3.571115366444544e-05,17.700189367604594,36.31918153398646,nan,nan,nan
29.240000000000002,220.00323486328125,-205.0431365966797,-5.017882823944092,219.78001457893643,-205.2113865621505,-5.019688341466693,0.2795328354906343,0.5837936369615117,0.13656563594858603,3.5013876929424494e-05,17.691177213767975,37.21826542838854,nan,0.3928053053540169,nan
29.25,220.00323486328125,-205.03440856933594,-5.017882823944092,219.7914638643183,-205.21962129010666,-5.0198542965012445,0.28134426356530085,0.5837380968338283,0.13655716990380726,3.5697904557596273e-05,19.16794849268874,36.06195856153004,16.465118384431136,nan,nan
29.26,220.00323486328125,-205.0256805419922,-5.017882823944092,219.79137818286804,-205.21085565395433,-5.020616492373335,0.2813903837535582,0.5837841004405185,0.13657777995209822,3.500113149537866e-05,19.199961499013636,36.09284561502359,nan,0.30995739265314187,nan
29.27,220.00323486328125,-205.01695251464844,-5.017882823944092,219.79129015481777,-205.20209008335863,-5.020723885640176,0.28143303008913034,0.5838301889273263,0.1365984549854188,3.5706681989178536e-05,19.140134453807757,36.055668304418376,nan,nan,nan
29.28,220.00323486328125,-205.00823974609375,-5.017882823944092,219.79119613520214,-205.19332467843398,-5.019152960168563,0.2814577546112784,0.583876362399887,0.13661919514826698,3.50095679868576e-05,18.88603212011948,36.660320315328974,nan,1.9905985922988119,nan
29.29,220.00323486328125,-204.99951171875,-5.017882823944092,219.7911083611246,-205.1845592985481,-5.019245781615697,0.2814997644048075,0.5839226210400076,0.1366400005851472,3.571546028148367e-05,18.82009056515318,35.744424478036315,nan,nan,nan
29.3,220.00323486328125,-204.99078369140625,-5.017882823944092,219.80084606618325,-205.18184802044902,-5.01991194482636,0.2783359846568424,0.5838669657514808,0.13663148363043096,3.499681075166793e-05,19.030679006712628,35.686926712344636,1.2595997810069277,0.2302071500900724,nan
29.310000000000002,220.00323486328125,-204.9820556640625,-5.017882823944092,219.80077439131588,-205.17309593689063,-5.020012728939696,0.2783723496433808,0.5839130374783629,0.1366522847000948,3.5702169532097946e-05,18.968790214742807,35.63818552027059,nan,nan,nan
29.32,220.00323486328125,-204.9733428955078,-5.017882823944092,219.80070723978932,-205.1643437475639,-5.021414924742851,0.2784084041466601,0.5839591941293983,0.13667315109275072,3.500521875902212e-05,19.12505978853579,36.65786797519354,nan,1.1937137001067308,nan
29.330000000000002,220.00323486328125,-204.96461486816406,-5.017882823944092,219.80063575735787,-205.1555917603908,-5.021530680178005,0.27844546672667736,0.584005435880671,0.13669408295292604,3.5710922194574775e-05,19.07046711962732,35.73120913296516,nan,nan,nan
29.34,220.00323486328125,-204.9558868408203,-5.017882823944092,219.80057075971058,-205.146839548106,-5.023693568199707,0.2785129082190546,0.5840517628463924,0.13671508042508443,3.5013628450295254e-05,19.59159399512582,36.25069371522615,nan,2.9539836346110144,nan
29.35,220.00323486328125,-204.94715881347656,-5.017882823944092,219.7824072702648,-205.13054989902676,-5.023825267928196,0.28711048176133186,0.5839959923507881,0.13670650903014775,3.569762110264932e-05,19.741241549031876,36.31489672080468,3.2160059389530002,nan,nan
29.36,220.00323486328125,-204.93844604492188,-5.017882823944092,219.78230753062277,-205.12178733237468,-5.02532978560243,0.2871904790176408,0.5840421320233616,0.13672750140766404,3.500083395065311e-05,20.264563642545337,37.69522299418294,nan,1.3166024700576384,nan
29.37,220.00323486328125,-204.92971801757812,-5.017882823944092,219.78220357151065,-205.11302487531026,-5.0254834989257455,0.28725251311970446,0.5840883567283656,0.1367485594427197,3.570634610962148e-05,20.22831450555968,36.785843611602665,nan,nan,nan
29.38,220.00323486328125,-204.92098999023438,-5.017882823944092,219.7820916280611,-205.10426279560363,-5.022925086023825,0.2872606413667463,0.5841346665848909,0.136769683279737,3.5009220993814526e-05,19.26710719811156,35.80637251173247,nan,5.195133683851235,nan
29.39,220.00323486328125,-204.91226196289062,-5.017882823944092,219.7819876830411,-205.09550019370238,-5.0230537559975454,0.2873209051453377,0.5841810617617116,0.13679087306330648,3.571507395397678e-05,19.220274064520808,35.75710121776851,nan,nan,nan
29.400000000000002,220.00323486328125,-204.90354919433594,-5.017882823944092,219.8262270242742,-205.10070009655436,-5.0215067291518745,0.2649780858947368,0.5841251759442331,0.1367822436813471,3.499641866485286e-05,17.89202600440441,35.91171085183536,21.993213210764146,1.8485039913557995,nan
29.41,220.00323486328125,-204.8948211669922,-5.017882823944092,219.82620558890414,-205.09194614501757,-5.021619991124168,0.2649746919358998,0.5841713834434968,0.1368034276255039,3.5701737383468e-05,17.83881926929261,34.97264768140279,nan,nan,nan
29.42,220.00323486328125,-204.88609313964844,-5.017882823944092,219.82618354594285,-205.08319231931688,-5.021501598033987,0.26496858516274674,0.5842176760302313,0.1368246775581334,3.5004781302817154e-05,17.75283941319028,34.87882861497153,nan,0.0381878657396874,nan
29.43,220.00323486328125,-204.8773651123047,-5.017882823944092,219.826162155282,-205.07443837881561,-5.021614423626759,0.2649651696500297,0.5842640538690891,0.13684599362387967,3.5710443947102714e-05,17.700018868148316,34.82714429338765,nan,nan,nan
29.44,220.00323486328125,-204.86865234375,-5.017882823944092,219.82614055902178,-205.06568444991942,-5.021668740358845,0.2649497624565858,0.5843105170853422,0.13686737596708348,3.501314777706284e-05,17.649181507982036,35.63779599460981,nan,0.002509267993843128,nan
29.45,220.00323486328125,-204.85992431640625,-5.017882823944092,219.8454227798726,-205.06901341196883,-5.021737820879792,0.26198810002427797,0.5842545158760635,0.13685868503718274,3.569710163344797e-05,17.973934975348026,34.641472250776744,4.998468039701881,nan,nan
29.46,220.00323486328125,-204.8511962890625,-5.017882823944092,219.84543598780542,-205.0602855711066,-5.02365561078304,0.2620155301409415,0.5843007910304471,0.1368800607791405,3.500031478367475e-05,18.442010319863236,35.09126169453804,nan,2.2969340462111085,nan
29.47,220.00323486328125,-204.8424835205078,-5.017882823944092,219.84544474085723,-205.05155832779351,-5.023788794997639,0.2620016760828555,0.5843471513682338,0.1369015028373318,3.570578519729603e-05,18.39739840488997,35.87198466939078,nan,nan,nan
29.48,220.00323486328125,-204.83375549316406,-5.017882823944092,219.84545155482874,-205.0428313909434,-5.023160935352784,0.26198504140217643,0.5843935970181471,0.13692301135603765,3.500866313989585e-05,18.149042572477338,34.74976502583795,nan,0.4098403826094929,nan
29.490000000000002,220.00323486328125,-204.8250274658203,-5.017882823944092,219.8454601197993,-205.0341042857207,-5.023288641703915,0.26198322306229394,0.5844401281396654,0.1369445864799938,3.571447398731394e-05,18.104535683116108,34.71373875808953,nan,nan,nan
29.5,220.00323486328125,-204.81629943847656,-5.017882823944092,219.82206704273284,-205.01808452675488,-5.0241068797103985,0.271252170358008,0.5843840114236115,0.1369358304287437,3.499582696878504e-05,18.85097816892976,34.932822917384925,6.059636374483867,0.3628005045662177,nan
29.51,220.00323486328125,-204.80758666992188,-5.017882823944092,219.82203223623358,-205.0093529482068,-5.024243245814203,0.27126459051689017,0.5844303540952858,0.13695739817293695,3.570110344251157e-05,18.808992517144485,35.721503988056085,nan,nan,nan
29.52,220.00323486328125,-204.79885864257812,-5.017882823944092,219.82199558353415,-205.00062159372678,-5.023566197532207,0.2712715718884015,0.5844767820127661,0.13697903255726399,3.5004155588529696e-05,18.532523778447032,34.59520277665592,nan,0.4684217797615963,nan
29.53,220.00323486328125,-204.79013061523438,-5.017882823944092,219.8219604550791,-204.99188990943057,-5.023696812090445,0.27129509085449577,0.5845232953326739,0.13700073372652236,3.57097758316366e-05,18.490492361106245,34.55175825630988,nan,nan,nan
29.54,220.00323486328125,-204.78140258789062,-5.017882823944092,219.8219243625984,-204.98315830197913,-5.023328119691751,0.271308896041044,0.5845698941880217,0.1370225018248983,3.501249039463448e-05,18.32514363593483,34.37975083508689,nan,0.1766531558323303,nan
29.55,220.00323486328125,-204.77268981933594,-5.017882823944092,219.82951837681813,-204.97779920686003,-5.023354867766956,0.2688442333084312,0.5845136618768676,0.1370136770692531,3.569640444989879e-05,18.257564122810454,35.0524241611445,1.0273946934154736,nan,nan
29.560000000000002,220.00323486328125,-204.7639617919922,-5.017882823944092,219.82949552292277,-204.96907296761074,-5.0230491873719565,0.26885431754557026,0.5845600718939719,0.1370354369929396,3.4999630623407235e-05,18.11622160795773,34.0594342963598,nan,0.1318883182945104,nan
29.57,220.00323486328125,-204.75523376464844,-5.017882823944092,219.8294733795232,-204.9603465767355,-5.023172371964604,0.2688722712336224,0.5846065672437225,0.13705726387781458,3.570505873120079e-05,18.072330764434053,34.00522462144403,nan,nan,nan
29.580000000000002,220.00323486328125,-204.7465057373047,-5.017882823944092,219.8294444197629,-204.95162164621186,-5.019376092474202,0.2688454652695977,0.5846531480614722,0.13707915786800393,3.500795200462848e-05,17.2877300052861,33.20821822352445,nan,10.847725310357648,nan
29.59,220.00323486328125,-204.73779296875,-5.017882823944092,219.8294221396736,-204.94289539419773,-5.019462058965334,0.26885007308108777,0.5846998145003317,0.1371011191083982,3.571372066498503e-05,17.22763255754414,33.96845620757651,nan,nan,nan
29.6,220.00323486328125,-204.72906494140625,-5.017882823944092,219.85332979857336,-204.9534364497441,-5.01792908038176,0.26984088703999815,0.5846434664774548,0.13709222205666383,3.4995093693008775e-05,18.07248666043327,32.9779292256571,14.54309963897283,1.373694494067952,nan
29.61,220.00323486328125,-204.7203369140625,-5.017882823944092,219.85334146288744,-204.94475855958643,-5.0179987956522965,0.2698761195636343,0.584689943686688,0.13711417431141926,3.570032829432216e-05,18.009211205792468,32.92664558571734,nan,nan,nan
29.62,220.00323486328125,-204.71160888671875,-5.017882823944092,219.85335265947023,-204.93608090349943,-5.01773487756397,0.2699118063830571,0.5847365062954908,0.13713619384427844,3.500339994203171e-05,17.94608435734815,32.87706328285105,nan,0.07907898147708109,nan
29.63,220.00323486328125,-204.70289611816406,-5.017882823944092,219.85336436485773,-204.9274031936278,-5.017803246134674,0.26993443567582953,0.5847831544550864,0.13715828080018844,3.570897858619028e-05,17.880636259993818,33.60901296956788,nan,nan,nan
29.64,220.00323486328125,-204.6941680908203,-5.017882823944092,219.85337571590497,-204.9187256416634,-5.0176733166115755,0.2699701864767896,0.5848298883036642,0.1371804353231879,3.501171463474247e-05,17.81877905077032,32.76365301216275,nan,0.028015277320545366,nan
29.650000000000002,220.00323486328125,-204.68544006347656,-5.017882823944092,219.83726282072553,-204.89588561264654,-5.017758189850664,0.2680187747327196,0.5847734244667967,0.1371714623784171,3.569559001392288e-05,17.038111100494028,32.67686750075322,6.816412815312073,nan,nan
29.66,220.00323486328125,-204.6767120361328,-5.017882823944092,219.83725257397546,-204.88717090871555,-5.018101336160494,0.2680356415844253,0.5848199686935701,0.13719360708908512,3.4998839413253403e-05,16.976275282953395,32.634722616802904,nan,0.05276246260053414,nan
29.67,220.00323486328125,-204.66799926757812,-5.017882823944092,219.8372419175485,-204.8784562543544,-5.018174957489633,0.26804083020687636,0.5848665984001707,0.1372158193922534,3.570422678335521e-05,16.91296965223152,33.409639856857055,nan,nan,nan
29.68,220.00323486328125,-204.65927124023438,-5.017882823944092,219.8372304176085,-204.8697418014918,-5.017634918566092,0.2680585656087326,0.5849133137262876,0.13723809943190995,3.5007145040006066e-05,16.8500020012799,32.531141741902566,nan,0.2666882811822984,nan
29.69,220.00323486328125,-204.65054321289062,-5.017882823944092,219.8372196040029,-204.86102707816923,-5.017704485441709,0.26807565286780005,0.584960114820892,0.13726044735308054,3.571287343087432e-05,16.78702545724275,32.47877429947399,nan,nan,nan
29.7,220.00323486328125,-204.64181518554688,-5.017882823944092,219.87252951481995,-204.86010625346685,-5.017256435727548,0.2544312693287391,0.5837645680244188,0.13676918787873515,3.499426465486029e-05,22.158468741447983,39.61597750845721,30.510715090104913,0.10335802885016633,0.02636221028430669
29.71,220.00323486328125,-204.6331024169922,-5.017882823944092,219.8725960823094,-204.85137880997289,-5.017321506093531,0.25438433502125196,0.5838092362237107,0.13678893492319041,3.5699459409603924e-05,22.064421442508067,40.418744938510194,nan,nan,nan
29.72,220.00323486328125,-204.62437438964844,-5.017882823944092,219.87266529743042,-204.8426494893262,-5.016111282501971,0.2543532367100722,0.583853988312247,0.13680874292870407,3.5002559732162165e-05,22.056289740144994,39.56353036510337,nan,1.1500504291257028,nan
29.73,220.00323486328125,-204.6156463623047,-5.017882823944092,219.87273202295074,-204.83392243124374,-5.016165634887935,0.2543194494018662,0.5838988244461782,0.13682861204684385,3.5708099114957335e-05,21.960546384589264,39.505669547779426,nan,nan,nan
29.740000000000002,220.00323486328125,-204.60691833496094,-5.017882823944092,219.8727987063864,-204.8251956987377,-5.016333191229921,0.25428527272412554,0.5839437447582192,0.13684854241522545,3.501086523193365e-05,21.858177707746215,39.432200477556265,nan,0.008881832607792392,nan
29.75,220.00323486328125,-204.59820556640625,-5.017882823944092,219.8955073635611,-204.813951846441,-5.0164604019188435,0.24115077198550258,0.5838873075457206,0.1368398877884349,3.569470438791598e-05,19.772820541925345,40.67080751073465,30.285246752713427,nan,nan
29.76,220.00323486328125,-204.5894775390625,-5.017882823944092,219.89563157278383,-204.80518865794585,-5.016833259856231,0.24106193503030146,0.5839320459372429,0.1368598142721433,3.4997985002833134e-05,19.65832734044667,39.691880956339865,nan,0.06917305659611768,nan
29.77,220.00323486328125,-204.58074951171875,-5.017882823944092,219.89575641003904,-204.79642494589172,-5.0168972512909145,0.240974027999885,0.5839768683194246,0.13687980210097853,3.5703334509985805e-05,19.565091158400843,39.60928847747576,nan,nan,nan
29.78,220.00323486328125,-204.572021484375,-5.017882823944092,219.89588220476944,-204.78766063873917,-5.016455827369177,0.24088768026545682,0.5840217748245444,0.13689985141329988,3.500628515317124e-05,19.50744227721983,39.55760298213384,nan,0.1809814567865519,nan
29.79,220.00323486328125,-204.5633087158203,-5.017882823944092,219.89600687829193,-204.77889724159783,-5.016516672617948,0.24078646054386127,0.5840667656094333,0.13691996235958026,3.5711976389581834e-05,19.411065817937775,40.37509942580797,nan,nan,nan
29.8,220.00323486328125,-204.55458068847656,-5.017882823944092,219.87433789349672,-204.7560999787247,-5.016784628493457,0.23921885208945876,0.584010249483924,0.13691127412075468,3.49934140552835e-05,18.83030957363604,39.39804163727572,7.567960998650986,0.00451634578535525,nan
29.810000000000002,220.00323486328125,-204.5458526611328,-5.017882823944092,219.87443022004106,-204.7473043777008,-5.016850708585506,0.23911188906144779,0.5840550580490572,0.13693138066069135,3.569857268822492e-05,18.737909933351954,39.31102402444624,nan,nan,nan
29.82,220.00323486328125,-204.53712463378906,-5.017882823944092,219.87452376240373,-204.7385078999766,-5.016277200578759,0.23900699867547903,0.5840999506811603,0.13695154891376948,3.500170663131542e-05,18.694295312694152,39.28171457987977,nan,0.28964370597766304,nan
29.830000000000002,220.00323486328125,-204.52841186523438,-5.017882823944092,219.87461575996335,-204.7297123392681,-5.016338745535273,0.2388872930120771,0.5841449275373712,0.13697177902979132,3.57072106488549e-05,18.598190116095246,40.117134116547206,nan,nan,nan
29.84,220.00323486328125,-204.51968383789062,-5.017882823944092,219.8747075129433,-204.7209170178696,-5.016532337571961,0.23878001659013154,0.5841899887494819,0.13699207114810413,3.501001126106173e-05,18.49679537764186,39.099745825460495,nan,0.01215540139501912,nan
29.85,220.00323486328125,-204.51095581054688,-5.017882823944092,219.83838705606323,-204.70293026457688,-5.016614773781205,0.25304268117439027,0.584133393518883,0.13698334617396274,3.56938179925972e-05,19.622704363552998,38.74787207191291,21.0372249148045,nan,nan
29.86,220.00323486328125,-204.50222778320312,-5.017882823944092,219.83840726802288,-204.69413773734192,-5.015910599089392,0.2529850911162344,0.5841782722079999,0.1370036333446997,3.4997133746356455e-05,19.603434613364136,38.755983501822875,nan,0.4187455225473842,nan
29.87,220.00323486328125,-204.49351501464844,-5.017882823944092,219.83842577798126,-204.68534617511855,-5.015969854466151,0.25291280745932027,0.5842232350646669,0.1370239826038374,3.570244955769563e-05,19.507549345658393,39.60178085070235,nan,nan,nan
29.88,220.00323486328125,-204.4847869873047,-5.017882823944092,219.83844436506857,-204.67655457849307,-5.016030113924636,0.25285203156350927,0.584268282226967,0.13704439409353933,3.642206983017009e-05,19.414540556438766,38.62494301124477,nan,nan,nan
29.89,220.00323486328125,-204.47605895996094,-5.017882823944092,219.83846293842217,-204.6677629810645,-5.016091316525057,0.2527912744298624,0.5843134138394006,0.13706486795830558,3.715613906397983e-05,19.322229077384577,38.54589202690675,nan,nan,nan
29.900000000000002,220.00323486328125,-204.4673309326172,-5.017882823944092,219.82331947209826,-204.64302367494025,-5.014499487080578,0.25149340877617127,0.5842567392694844,0.13705610308109817,3.635009039268853e-05,18.300911755715845,38.98954969893197,12.844799351596116,1.865059235596508,nan
29.91,220.00323486328125,-204.4586181640625,-5.017882823944092,219.8233240961389,-204.63418514018127,-5.014546651346278,0.25140162546181904,0.5843016880519386,0.1370765714370946,3.7081868140109536e-05,18.199750648038517,39.87270758760513,nan,nan,nan
29.92,220.00323486328125,-204.44989013671875,-5.017882823944092,219.82332791509882,-204.6253470551206,-5.015028546327292,0.25131610994942044,0.5843467210755279,0.13709710224376698,3.6302368417754514e-05,18.040029335310468,38.78345413737943,nan,0.1233240121476028,nan
29.93,220.00323486328125,-204.441162109375,-5.017882823944092,219.82333275180815,-204.6165084666818,-5.01508197868029,0.25123486913133136,0.5843918384987221,0.13711769564980475,3.703285862714953e-05,17.94378015461,38.70670885126,nan,nan,nan
29.94,220.00323486328125,-204.43243408203125,-5.017882823944092,219.82333465302614,-204.6076714770885,-5.01651239776366,0.25114559192667746,0.5844370404520691,0.13713835179565073,3.625603186495401e-05,17.700422850717136,38.482043836014995,nan,1.2440846195871744,nan
29.95,220.00323486328125,-204.42372131347656,-5.017882823944092,219.8399166138878,-204.6018992080892,-5.0164174707679345,0.24170717815875611,0.5843802863201665,0.13712954382554568,3.696178455410968e-05,17.001869514470318,39.43919785540617,6.4864733626148725,nan,nan
29.96,220.00323486328125,-204.4149932861328,-5.017882823944092,219.83995527218926,-204.59305517274726,-5.016783545093943,0.24159360245224548,0.5844253051328153,0.1371501938823598,3.618856197764819e-05,16.89437714058777,38.34004882746422,nan,0.059069790820983764,nan
29.97,220.00323486328125,-204.40626525878906,-5.017882823944092,219.8399944593768,-204.5842107543882,-5.016854355506915,0.24148102744985286,0.5844704082866486,0.13717090675693785,3.6915770030822534e-05,16.807193814898515,38.29531981693015,nan,nan,nan
29.98,220.00323486328125,-204.3975372314453,-5.017882823944092,219.8400281838972,-204.5753689137442,-5.019555788121944,0.2413779737962013,0.5845155959123707,0.13719168259024866,3.614511081739791e-05,16.773837476298915,38.29637602134797,nan,4.5713186689546355,nan
29.990000000000002,220.00323486328125,-204.38882446289062,-5.017882823944092,219.84006762278685,-204.56652437513432,-5.019655203325885,0.24125494504910894,0.584560868168242,0.1372125215302057,3.687123971029183e-05,16.697839844202832,39.16878462312816,nan,nan,nan
30.0,220.00323486328125,-204.38009643554688,-5.017882823944092,219.85235740104307,-204.56533973051248,-5.018807129184329,0.23891408765772917,0.584504034208747,0.13720366723958916,3.6080737462644045e-05,16.8178548715129,37.9459121774321,2.0726528362070566,0.5366206012045134,nan
30.01,220.00323486328125,-204.37136840820312,-5.017882823944092,219.85241512310893,-204.55651234545212,-5.0188983743231,0.23880096915272203,0.5845491230094064,0.13722449949089321,3.680494473432829e-05,16.741196267233097,37.873101345721324,nan,nan,nan
30.02,220.00323486328125,-204.36264038085938,-5.017882823944092,219.8524733947871,-204.54768458949184,-5.018689921206412,0.23868605098940832,0.5845942962228813,0.13724539491628904,3.6040196838563265e-05,16.650580605083473,37.78197027454735,nan,0.06014681978663632,nan
30.03,220.00323486328125,-204.3539276123047,-5.017882823944092,219.85253100894425,-204.53885709425253,-5.018780197484544,0.2385610410037581,0.5846395540071903,0.13726635366322998,3.6763461279777884e-05,16.572114227774485,38.65864524402907,nan,nan,nan
30.04,220.00323486328125,-204.34519958496094,-5.017882823944092,219.85259137563736,-204.53002840621545,-5.01762957445611,0.2384433217164002,0.5846848964933755,0.1372873758733641,3.600109148917517e-05,16.47199395857965,37.60796142176263,nan,1.0281466873244942,nan
30.05,220.00323486328125,-204.3364715576172,-5.017882823944092,219.86854180758655,-204.53002408297368,-5.017781703336728,0.2358067207473709,0.5846279824537247,0.13727847201429802,3.6700394509822594e-05,16.575846837166576,37.59862640355588,2.9717799708457466,nan,nan
30.060000000000002,220.00323486328125,-204.32774353027344,-5.017882823944092,219.86862412067978,-204.52121410424886,-5.018422117917087,0.2356930331089261,0.5846731411666979,0.13729948691760563,3.594129010115011e-05,16.504271262167833,37.542854967161134,nan,0.20827138035328285,nan
30.07,220.00323486328125,-204.31903076171875,-5.017882823944092,219.8687078156461,-204.51240366834685,-5.018511157692072,0.23556528260023193,0.5847183843903198,0.13732056535384957,3.666194777083917e-05,16.42594367482179,38.40430545006785,nan,nan,nan
30.080000000000002,220.00323486328125,-204.310302734375,-5.017882823944092,219.86879365661306,-204.50359246869144,-5.01763132042744,0.23544728220248257,0.5847637122559469,0.13734170746507832,3.590509551583151e-05,16.338218355356705,37.38442441164089,nan,0.6307191097147088,nan
30.09,220.00323486328125,-204.30157470703125,-5.017882823944092,219.86887757876949,-204.4947820798998,-5.017712977344216,0.23533167589598364,0.5848091249211491,0.1373629133981541,3.662499071192961e-05,16.258842803776595,37.31842636594253,nan,nan,nan
30.1,220.00323486328125,-204.29286193847656,-5.017882823944092,219.90138818382775,-204.50714677758273,-5.01981111709675,0.23726452895648825,0.5847521305080778,0.13735395669164013,3.5848342420421797e-05,17.027525381605187,38.34892459113719,15.824849115717688,2.3313476214213122,nan
30.11,220.00323486328125,-204.2841339111328,-5.017882823944092,219.9015200597029,-204.49838478120986,-5.019916100595623,0.23717814150907132,0.584797359078324,0.1373751546810026,3.656663492712291e-05,16.95930738682772,37.335407434354195,nan,nan,nan
30.12,220.00323486328125,-204.27540588378906,-5.017882823944092,219.9016507016652,-204.48962329973423,-5.0205313045901985,0.23709799163045273,0.5848426722298894,0.13739641655359566,3.581502144947092e-05,16.96487999002307,37.337919065045206,nan,0.17480567804999617,nan
30.13,220.00323486328125,-204.2666778564453,-5.017882823944092,219.90178232850488,-204.48086138048433,-5.020643332574798,0.23701227645466444,0.5848880701199676,0.13741774245593505,3.653266852882295e-05,16.900712399971713,37.27331562000626,nan,nan,nan
30.14,220.00323486328125,-204.25796508789062,-5.017882823944092,219.9019138899466,-204.47209949313637,-5.020756460437708,0.23691293956668374,0.5849335528867162,0.1374391325315166,3.726471349047211e-05,16.835200699076804,38.08608246013683,nan,nan,nan
30.150000000000002,220.00323486328125,-204.24923706054688,-5.017882823944092,219.90881841952094,-204.45854368965615,-5.0206929933379,0.2296336797890381,0.5848764778199569,0.13743011968032873,3.798666284737866e-05,15.781774729942367,37.28247202828485,8.591595899169354,nan,nan
30.16,220.00323486328125,-204.24050903320312,-5.017882823944092,219.90896709504312,-204.4497582006742,-5.022881633278344,0.2295574313994206,0.5849217761599611,0.13745150115628352,3.714767898258163e-05,16.170510567423122,37.64895081851251,nan,2.697042446024441,nan
30.17,220.00323486328125,-204.23178100585938,-5.017882823944092,219.90912000473307,-204.44097117748305,-5.023014946490129,0.22944383448965072,0.5849671591770595,0.1374729468664603,3.789095300059676e-05,16.117251927386352,37.57005104273162,nan,nan,nan
30.18,220.00323486328125,-204.2230682373047,-5.017882823944092,219.9092732744701,-204.43218413380777,-5.022978471234402,0.22931245924176769,0.5850126270026104,0.137494456953579,3.7057502937348765e-05,16.045609284396555,38.37301864401864,nan,0.018302123091797944,nan
30.19,220.00323486328125,-204.21434020996094,-5.017882823944092,219.90942602787476,-204.4233973367216,-5.023111794447354,0.2291993062429875,0.5850581797941194,0.1375160315638469,3.779854112057408e-05,15.993282984265457,37.35250099886721,nan,nan,nan
30.2,220.00323486328125,-204.2056121826172,-5.017882823944092,219.92700352359225,-204.42727711717174,-5.024082132024203,0.23448878818085656,0.5850010237552391,0.13750695924570858,3.6947252406929705e-05,16.790195847696864,37.672849630085466,5.6070390917375725,0.35922779232114493,nan
30.21,220.00323486328125,-204.19688415527344,-5.017882823944092,219.92718034564052,-204.41852066143315,-5.024226056362563,0.23440833413887485,0.5850463917980544,0.1375285245843763,3.768525101288814e-05,16.743394932515287,37.60318085971038,nan,nan,nan
30.22,220.00323486328125,-204.18817138671875,-5.017882823944092,219.92735939539944,-204.40976344485267,-5.023258146025668,0.23428406036645438,0.5850918445870752,0.13755015450117528,3.686344098122137e-05,16.38364082701725,38.1155927962787,nan,0.7867250925882117,nan
30.23,220.00323486328125,-204.179443359375,-5.017882823944092,219.9275361641465,-204.40100682224116,-5.023393199659942,0.2342029576424435,0.5851373822792102,0.13757184914203446,3.759946631933636e-05,16.333682327087683,37.155699566478425,nan,nan,nan
30.240000000000002,220.00323486328125,-204.17071533203125,-5.017882823944092,219.92771613754243,-204.39224895159185,-5.021857082826069,0.23408549136265916,0.5851830050066934,0.1375936086500855,3.6782700078100066e-05,15.882099960666412,36.6704173149115,nan,1.7836957100759723,nan
30.25,220.00323486328125,-204.1619873046875,-5.017882823944092,219.947708567548,-204.40401801544326,-5.0219566105243265,0.24835182746235945,0.5851257676908782,0.1375844735272374,3.7493037026758506e-05,17.205642792691975,36.66537663634658,17.52803681629736,nan,nan
30.26,220.00323486328125,-204.1532745361328,-5.017882823944092,219.94790333747625,-204.39531945519082,-5.023262574515629,0.24834706019181457,0.5851712053378798,0.13760622307324802,3.668218557282338e-05,17.477491917248933,37.77960789189518,nan,0.9014122529652232,nan
30.27,220.00323486328125,-204.14454650878906,-5.017882823944092,219.94810032672663,-204.38661997663544,-5.023395891115424,0.24833399861054328,0.585216727824315,0.13762803754075112,3.7413696002245125e-05,17.42854787789035,36.867308905705244,nan,nan,nan
30.28,220.00323486328125,-204.1358184814453,-5.017882823944092,219.9482980020247,-204.37792023665384,-5.02319466117104,0.2483133790485215,0.585262335283026,0.13764991707311275,3.6607569027692306e-05,17.314872219733008,36.7339893428586,nan,0.07246999403762774,nan
30.29,220.00323486328125,-204.12709045410156,-5.017882823944092,219.94849515766361,-204.36922064662284,-5.02332632583911,0.24830041726580968,0.5853080278700268,0.13767186181591526,3.73374550482402e-05,17.265939405317052,36.66708578250096,nan,nan,nan
30.3,220.00323486328125,-204.11837768554688,-5.017882823944092,219.9618836821358,-204.3637347397186,-5.022206337160785,0.24885477086141927,0.5852507089365521,0.1376626605309013,3.6513345616035066e-05,16.57121830345745,37.44535341037033,3.0280290441980267,1.2178824749156334,nan
30.310000000000002,220.00323486328125,-204.10964965820312,-5.017882823944092,219.96210706924154,-204.35503432308528,-5.0223285869822405,0.24884712980239587,0.5852962161076658,0.13768459460380314,3.724080208767136e-05,16.518740116422656,36.53504302433007,nan,nan,nan
30.32,220.00323486328125,-204.10092163085938,-5.017882823944092,219.96232712584697,-204.34633474149865,-5.024216110558725,0.24887978699561156,0.5853418081871543,0.13770659393572862,3.644465241109472e-05,17.017606017643843,37.02107119596323,nan,2.0238260076245127,nan
30.330000000000002,220.00323486328125,-204.09219360351562,-5.017882823944092,219.96255050356248,-204.33763414841502,-5.02435785211374,0.2488738720638144,0.5853874853304198,0.13772865867206446,3.717070235269489e-05,16.97423821423933,36.967006825913806,nan,nan,nan
30.34,220.00323486328125,-204.08348083496094,-5.017882823944092,219.96277361445107,-204.32893370093834,-5.0247495191662725,0.2488601486310958,0.585433247671206,0.13775078895646634,3.637880562426158e-05,17.070180025874585,37.895250256837826,nan,0.040374155683230474,nan
30.35,220.00323486328125,-204.0747528076172,-5.017882823944092,219.96900653920144,-204.3190319233249,-5.02494989829273,0.2467667078033488,0.5853758467918929,0.13774151813925609,3.708031804750509e-05,16.606597511433193,37.217399446407214,1.9616745796758035,nan,nan
30.36,220.00323486328125,-204.06602478027344,-5.017882823944092,219.96924790416156,-204.31032056180516,-5.023715468558498,0.2467175753925821,0.5854214233784806,0.1377636370290119,3.629350101974951e-05,16.12716711657447,36.69068621458985,nan,1.2541467224187282,nan
30.37,220.00323486328125,-204.0572967529297,-5.017882823944092,219.96948670967507,-204.30161014268796,-5.023851493963208,0.246705482932185,0.5854670849635067,0.13778582151368635,3.701612346907186e-05,16.08268022118723,36.61265542157615,nan,nan,nan
30.38,220.00323486328125,-204.048583984375,-5.017882823944092,219.96972600583211,-204.29289958288643,-5.023635005307237,0.24666990654309945,0.585512831681324,0.13780807173709717,3.6233258281838256e-05,15.962427496274344,37.32379513370912,nan,0.08228449056494717,nan
30.39,220.00323486328125,-204.03985595703125,-5.017882823944092,219.96996455049234,-204.28418911828823,-5.023769799398977,0.24665819240987233,0.5855586636864355,0.1378303878443913,3.695475990382149e-05,15.918097354089031,36.40358311220745,nan,nan,nan
30.400000000000002,220.00323486328125,-204.0311279296875,-5.017882823944092,219.9448963154538,-204.26062556391722,-5.024471345317064,0.2368880725016225,0.5855011805014385,0.1378210441103791,3.615363761477448e-05,15.833976214409319,36.160814220752016,8.070166193037831,0.32536697614406906,nan
30.41,220.00323486328125,-204.02239990234375,-5.017882823944092,219.94509498974804,-204.25188467187917,-5.024612424826942,0.236830724086263,0.5855468264105653,0.1378433480815213,3.6873207957577534e-05,15.793130689161817,36.081410002432555,nan,nan,nan
30.42,220.00323486328125,-204.01368713378906,-5.017882823944092,219.9452973807579,-204.243142901117,-5.022635572912263,0.23670506894436458,0.585592557386926,0.13786571797859537,3.609875899841855e-05,15.12088385024187,36.269195508727925,nan,2.9768229715550705,nan
30.43,220.00323486328125,-204.0049591064453,-5.017882823944092,219.94549604360054,-204.23440202483022,-5.022757958151409,0.23664655296167467,0.585638373584423,0.1378881539466157,3.681738605884955e-05,15.072899107919923,35.313188557215994,nan,nan,nan
30.44,220.00323486328125,-203.99623107910156,-5.017882823944092,219.94569838339532,-204.2256603829451,-5.020773988188633,0.23655149716390797,0.5856842751382969,0.13791065612959647,3.6046449332804796e-05,14.591777425248857,34.80429218829,nan,2.952563599725921,nan
30.45,220.00323486328125,-203.9875030517578,-5.017882823944092,219.979980332858,-204.24085193527736,-5.02089728036376,0.2544317529580669,0.5856267092985346,0.13790123608470461,3.6741425776670214e-05,15.43832141282573,35.20999327975071,17.939836632844674,nan,nan
30.46,220.00323486328125,-203.97879028320312,-5.017882823944092,219.98022777545862,-204.23216633388577,-5.021089886458523,0.2544386652998814,0.5856724244118645,0.13792372537373584,3.597479992048963e-05,15.408271858903568,35.99909499402503,nan,0.005151140384953436,nan
30.47,220.00323486328125,-203.97006225585938,-5.017882823944092,219.98047534096997,-204.22348073170335,-5.021196406713691,0.25446001569144483,0.5857182246793577,0.13794628091733602,3.669088124710742e-05,15.35502440887566,35.085225757653326,nan,nan,nan
30.48,220.00323486328125,-203.96133422851562,-5.017882823944092,219.98072318910977,-204.21479503481007,-5.021071591024445,0.25447853354836064,0.5857641102368418,0.13796890285962662,3.5927491523092386e-05,15.272471707552496,34.98972404889306,nan,0.03609128763646858,nan
30.490000000000002,220.00323486328125,-203.95260620117188,-5.017882823944092,219.98097062900814,-204.20610934774655,-5.021177572132,0.2545002884411913,0.5858100812373498,0.13799159134546307,3.664285882773669e-05,15.21964184406724,34.92050905580459,nan,nan,nan
30.5,220.00323486328125,-203.9438934326172,-5.017882823944092,220.00340384086041,-204.204001020311,-5.020361988036654,0.2601194571421377,0.5857524323662753,0.1379820915857235,3.586086090944721e-05,14.614387960623343,36.086418567434976,5.799819037778246,0.6135334576418897,nan
30.51,220.00323486328125,-203.93516540527344,-5.017882823944092,220.0036932907987,-204.19531866982518,-5.020460942952729,0.26016644270609246,0.5857982165783618,0.13800476640371218,3.6574696157711785e-05,14.559259494829211,35.176672103116644,nan,nan,nan
30.52,220.00323486328125,-203.9264373779297,-5.017882823944092,220.00398527751707,-204.1866358745636,-5.019067069409523,0.2602022736437785,0.5858440860132285,0.138027507800675,3.581829527433167e-05,14.351491566335376,34.96315915214723,nan,1.502907120681068,nan
30.53,220.00323486328125,-203.91770935058594,-5.017882823944092,220.00427471619906,-204.17795338921374,-5.019153164916573,0.26024921652444344,0.5858900408233381,0.13805031592138203,3.653155844907252e-05,14.291584892609068,34.890640820345574,nan,nan,nan
30.54,220.00323486328125,-203.90899658203125,-5.017882823944092,220.0045638400519,-204.16927087939445,-5.0192402112426375,0.2602812297255425,0.5859360811492114,0.1380731909101992,3.7259169925963874e-05,14.230557333437963,35.623558228932666,nan,nan,nan
30.55,220.00323486328125,-203.9002685546875,-5.017882823944092,219.99650759244898,-204.15842128715678,-5.01932713695368,0.25824441038341617,0.5858783488793,0.13806360802546241,3.79769298692513e-05,14.405188760170837,34.54050159029713,0.8811247655793223,nan,nan
30.560000000000002,220.00323486328125,-203.89154052734375,-5.017882823944092,219.99677921273658,-204.14973889096458,-5.020224880053387,0.25828967386879953,0.5859242020620774,0.13808646855672677,3.713457478040104e-05,14.433876073911408,34.55325821285302,nan,0.4092150793225271,nan
30.57,220.00323486328125,-203.8828125,-5.017882823944092,219.99705218111205,-204.14105630904587,-5.0203226021052565,0.25832933048107076,0.5859701405518164,0.1381093959885262,3.787347641668028e-05,14.379505939855612,34.4711970118688,nan,nan,nan
30.580000000000002,220.00323486328125,-203.8740997314453,-5.017882823944092,219.99732674281154,-204.13237356725756,-5.019400705226085,0.2583458614265813,0.5860161644851518,0.138132390465159,3.7037373661946475e-05,14.219340557215716,35.12284509295908,nan,0.6552597336320675,nan
30.59,220.00323486328125,-203.86537170410156,-5.017882823944092,219.997599833572,-204.1236910859341,-5.019490286355177,0.2583858365421188,0.5860622740142944,0.13815545213131183,3.7774149639888074e-05,14.162259884736912,34.23191471484873,nan,nan,nan
30.6,220.00323486328125,-203.8566436767578,-5.017882823944092,219.98176032622902,-204.11101874234762,-5.018225409828541,0.2552801345591095,0.5860044579543603,0.13814578270585195,3.6921125780482046e-05,14.471353725169571,33.81000127167148,4.561415999825783,1.4807099172214044,nan
30.61,220.00323486328125,-203.84791564941406,-5.017882823944092,219.98200256577945,-204.10233662131833,-5.01830520040883,0.25530573789829825,0.5860503799908816,0.13816882910955705,3.7654987214108105e-05,14.41011138049392,33.7471735771553,nan,nan,nan
30.62,220.00323486328125,-203.83920288085938,-5.017882823944092,219.98224426897664,-204.0936543957707,-5.018675688688297,0.25531707174497914,0.586096387402185,0.1381919427315301,3.683176375905219e-05,14.35823031720621,34.51279244121453,nan,0.05340949614332571,nan
30.63,220.00323486328125,-203.83047485351562,-5.017882823944092,219.98248630616473,-204.0849719946276,-5.018760151584492,0.25534303820621146,0.5861424803398684,0.1382151237164034,3.756377493021357e-05,14.299354062035295,33.61677085566547,nan,nan,nan
30.64,220.00323486328125,-203.82174682617188,-5.017882823944092,219.98273199441502,-204.07628925147847,-5.0163437205289645,0.2553714603318709,0.5861886589414773,0.13823837220855614,3.674613979757646e-05,14.281302137969586,33.5678875159106,nan,4.000951529955514,nan
30.650000000000002,220.00323486328125,-203.81301879882812,-5.017882823944092,219.97108355907736,-204.0625159159155,-5.016414126678503,0.251564454700141,0.5861307587085273,0.1382286128238809,3.7452840784457945e-05,14.31206212755164,33.3056008857062,1.3640417296622247,nan,nan
30.66,220.00323486328125,-203.80430603027344,-5.017882823944092,219.97130529309842,-204.0538262645564,-5.016334886118784,0.25155961695031936,0.5861767494613332,0.13825184523350856,3.6641598626304936e-05,14.256688189202022,34.06199276894516,nan,0.012940551033032805,nan
30.67,220.00323486328125,-203.7955780029297,-5.017882823944092,219.97152668546994,-204.0451366558183,-5.016397138658016,0.2515693483564074,0.5862228256703014,0.13827514517602754,3.7369361751281614e-05,14.189091916918352,33.17880319891407,nan,nan,nan
30.68,220.00323486328125,-203.78684997558594,-5.017882823944092,219.99393211775953,-204.05391541035925,-5.015831957333814,0.2672352775715713,0.571540468269827,0.1291654274118089,3.6563282082983107e-05,21.045636925590966,40.03625667100084,nan,0.2547032638322672,0.033410985347859586
30.69,220.00323486328125,-203.77813720703125,-5.017882823944092,219.99414924816918,-204.0452370762464,-5.01589021032895,0.26726177999431777,0.5715921911450569,0.1291772789268556,3.728955578420537e-05,20.947122411572895,40.774707529599475,nan,nan,nan
30.7,220.00323486328125,-203.7694091796875,-5.017882823944092,220.0228678398849,-204.0484227839025,-5.01434991577517,0.2797258060092049,0.5715280395979666,0.12916725262434928,3.6466121132643846e-05,20.906032056258336,40.718542189254705,7.391901845174543,1.786741487551961,nan
30.71,220.00323486328125,-203.76068115234375,-5.017882823944092,220.02313295207432,-204.039759633056,-5.014395020443828,0.27980867947141197,0.5715795501207633,0.1291791395372596,3.7190108769604544e-05,20.803811044796042,40.64936917293717,nan,nan,nan
30.72,220.00323486328125,-203.751953125,-5.017882823944092,220.023420175325,-204.03111730216017,-5.017199255857313,0.27989382254195333,0.571631145062755,0.1291910869412132,3.6394764138195886e-05,20.402808391333565,40.27774660648901,nan,4.959890212062353,nan
30.73,220.00323486328125,-203.7432403564453,-5.017882823944092,220.0236853234536,-204.02245422945524,-5.0172733952624995,0.2799624610653724,0.5716828247656333,0.12920309515429673,3.711748437868535e-05,20.31122268462917,41.021486771246174,nan,nan,nan
30.740000000000002,220.00323486328125,-203.73451232910156,-5.017882823944092,220.02395638669896,-204.01379667024432,-5.018091481124032,0.28005208136722043,0.5717345891808195,0.12921516415109524,3.632671546818516e-05,20.21625866737078,40.14129437674097,nan,0.36119552790384674,nan
30.75,220.00323486328125,-203.7257843017578,-5.017882823944092,220.05889757441045,-204.0267717864193,-5.01823505139736,0.30609137099447004,0.5716702938837074,0.1292052692330862,3.7025240966671135e-05,20.988534327536204,41.18235861891761,23.58696369947401,nan,nan
30.76,220.00323486328125,-203.71705627441406,-5.017882823944092,220.05922184202043,-204.01815894493905,-5.01747874563576,0.306263813182194,0.5717218454703769,0.1292173732472487,3.6239824584632356e-05,20.904957112028512,41.11509777127644,nan,0.4663331844211392,nan
30.77,220.00323486328125,-203.70834350585938,-5.017882823944092,220.0595525541129,-204.00955206302962,-5.017557248777476,0.3064284308160364,0.5717734817473987,0.12922953830166528,3.6959403230776856e-05,20.816529626906345,41.82292543895642,nan,nan,nan
30.78,220.00323486328125,-203.69961547851562,-5.017882823944092,220.0598883574849,-204.00094979149333,-5.018309103568081,0.30661403799817294,0.5718252026820043,0.1292417643854456,3.6178192410056304e-05,20.73446021085893,40.99164954301308,nan,0.29842055932277767,nan
30.79,220.00323486328125,-203.69088745117188,-5.017882823944092,220.06021894250688,-203.99234259491627,-5.018396090051379,0.30679415316664893,0.5718770085920778,0.12925405179502772,3.689679078070835e-05,20.65260857220871,40.93156500592031,nan,nan,nan
30.8,220.00323486328125,-203.68215942382812,-5.017882823944092,220.05565240105773,-203.97872409530032,-5.018886616167,0.30116309573184324,0.5718125700493086,0.12924428408392305,3.6097715683199604e-05,20.22235039855655,40.69349755549606,1.97904925580433,0.08803401293183244,nan
30.810000000000002,220.00323486328125,-203.67344665527344,-5.017882823944092,220.0559719301866,-203.97009865158242,-5.018979871560863,0.3013051752847187,0.5718641626499557,0.1292566060962962,3.681452692034463e-05,20.14114408160308,41.39846238999449,nan,nan,nan
30.82,220.00323486328125,-203.6647186279297,-5.017882823944092,220.0562861668392,-203.96146813164543,-5.018339632868091,0.30145466896223416,0.5719158398522292,0.12926898937961606,3.604213578984332e-05,20.030787277982935,40.51112489783973,nan,0.3585383845355438,nan
30.830000000000002,220.00323486328125,-203.65599060058594,-5.017882823944092,220.0566057650641,-203.95284253360154,-5.018427192481966,0.30161203495437416,0.5719676019593312,0.12928143421687685,3.675814257426734e-05,19.94987337098057,40.43764786803353,nan,nan,nan
30.84,220.00323486328125,-203.6472625732422,-5.017882823944092,220.0569266872183,-203.94421800757192,-5.0186793122378965,0.30177139746710313,0.5720194489606039,0.12929394061723481,3.5989430851016855e-05,19.87652082830442,40.387084857800055,nan,0.017870772464381377,nan
30.85,220.00323486328125,-203.6385498046875,-5.017882823944092,220.03144461720444,-203.9335707620897,-5.018739779855589,0.2963678287134829,0.5719548680278008,0.12928429616444964,3.668208048838882e-05,21.323591704372472,40.72035376286155,15.01988611470737,nan,nan
30.86,220.00323486328125,-203.62982177734375,-5.017882823944092,220.03172293205267,-203.92497106786487,-5.018031804080388,0.2965209873727814,0.57200650124898,0.12929683673353842,3.5917810006810854e-05,21.22302947309631,39.88972701940338,nan,0.4280494976750608,nan
30.87,220.00323486328125,-203.62109375,-5.017882823944092,220.0320066957643,-203.9163765932734,-5.018116375977949,0.29668136177154014,0.5720582193040047,0.12930943908150289,3.663154756111552e-05,21.14299538072694,39.81716526396733,nan,nan,nan
30.88,220.00323486328125,-203.61236572265625,-5.017882823944092,220.03227830590558,-203.90777112088185,-5.0164471892615525,0.29683317184445196,0.5721100221958015,0.12932210322989615,3.587063277966288e-05,21.11833819519006,39.790533470204146,nan,2.067814641393815,nan
30.89,220.00323486328125,-203.60365295410156,-5.017882823944092,220.03256173777424,-203.89917695896216,-5.016516324620303,0.2969787371795753,0.572161910207117,0.129334829443221,3.6583789843621624e-05,21.0293015672569,40.455855276336216,nan,nan,nan
30.900000000000002,220.00323486328125,-203.5949249267578,-5.017882823944092,220.02054723594847,-203.8856535116759,-5.0192900205218764,0.29124698889097167,0.5720971874246338,0.1293253039495251,3.580449243633834e-05,21.116416511991954,39.426440597501326,1.6714207874129856,4.604489855713152,nan
30.91,220.00323486328125,-203.58619689941406,-5.017882823944092,220.0208098077148,-203.87705393130264,-5.019388517927431,0.29139141851682504,0.5721488611814494,0.12933806386521926,3.6516251271753344e-05,21.043533183877205,39.35404558050807,nan,nan,nan
30.92,220.00323486328125,-203.5774688720703,-5.017882823944092,220.02107592026945,-203.8684577767168,-5.020049535148398,0.2915433768399948,0.5722006197164331,0.12935088581464674,3.5762491532409183e-05,21.03330990615261,39.36672643608895,nan,0.21299311125446593,nan
30.93,220.00323486328125,-203.56875610351562,-5.017882823944092,220.02133839020934,-203.8598582530622,-5.020155668489901,0.29167338750768806,0.5722524632998132,0.1293637700509245,3.647380668593361e-05,20.962254077836985,40.04181020166411,nan,nan,nan
30.94,220.00323486328125,-203.56002807617188,-5.017882823944092,220.02160117150703,-203.85125912689196,-5.020329779461801,0.2918198652810927,0.5723043919533689,0.12937671661259664,3.5722944104111215e-05,20.909326643905565,39.24111201137298,nan,0.003047218360925267,nan
30.95,220.00323486328125,-203.55130004882812,-5.017882823944092,220.01390287790022,-203.83793835421955,-5.02051901351266,0.28684886987578895,0.5722395281419023,0.1293673059501748,3.641151718895653e-05,20.75006304035858,39.01596329130096,1.3172581761231728,nan,nan
30.96,220.00323486328125,-203.54257202148438,-5.017882823944092,220.01413906188486,-203.82931734750076,-5.01884042815469,0.2869541784767304,0.5722912420757157,0.12938028572799654,3.566430805736155e-05,20.50647299867747,38.78176587357973,nan,2.177947321565586,nan
30.970000000000002,220.00323486328125,-203.5338592529297,-5.017882823944092,220.01438626578172,-203.82070677542646,-5.0189353969075485,0.2870661297508059,0.5723430409864341,0.12939332801136372,3.6374028263760284e-05,20.43083066340887,39.445321127219074,nan,nan,nan
30.98,220.00323486328125,-203.52513122558594,-5.017882823944092,220.01462695677816,-203.81209048304288,-5.017978523796263,0.2871853136790664,0.5723949249073291,0.12940643284923545,3.562943731011228e-05,20.322740452487707,38.57760144366802,nan,0.7545148403688293,nan
30.990000000000002,220.00323486328125,-203.5164031982422,-5.017882823944092,220.01487409324614,-203.80348009641236,-5.018064765965084,0.2873128090428283,0.5724468940913245,0.1294196004791823,3.633888456042709e-05,20.24574171725753,38.52077273603909,nan,nan,nan
31.0,220.00323486328125,-203.50767517089844,-5.017882823944092,219.96852275039285,-203.77479855740177,-5.017604122828836,0.26936947130752475,0.5723818898217481,0.12941030023574293,3.5575402675844035e-05,20.46486314659265,37.641676801985014,19.89149187117423,0.21657635326545127,nan
31.01,220.00323486328125,-203.49896240234375,-5.017882823944092,219.96869074339213,-203.76615978512703,-5.017687379088033,0.26942118659051356,0.5724336438180399,0.12942350056503743,3.628374837075308e-05,20.384519263647395,38.33863490898168,nan,nan,nan
31.02,220.00323486328125,-203.490234375,-5.017882823944092,219.9688515509429,-203.7575144877401,-5.016533962920311,0.26948597414296704,0.5724854827633392,0.12943676367396595,3.554487868932828e-05,20.35789514870816,37.55887357960157,nan,1.048036008580594,nan
31.03,220.00323486328125,-203.48150634765625,-5.017882823944092,219.96901952131827,-203.74887578083923,-5.016607013094374,0.2695528354878772,0.5725374069000645,0.12945008979061365,3.625305563511146e-05,20.27507926265464,37.50506908145108,nan,nan,nan
31.04,220.00323486328125,-203.4727783203125,-5.017882823944092,219.9691853706633,-203.7402349421224,-5.016300649609828,0.26961994691256597,0.5725894162773081,0.12946347897810526,3.55164101924019e-05,20.224350439586,37.497337836268535,nan,0.0992130136193562,nan
31.05,220.00323486328125,-203.4640655517578,-5.017882823944092,219.98078659040704,-203.7316208711181,-5.016615356657482,0.2684983805283541,0.5725242723405686,0.12945428486517663,3.6202284155122626e-05,19.41195737003469,38.38579138221258,6.18552309248759,nan,nan
31.060000000000002,220.00323486328125,-203.45533752441406,-5.017882823944092,219.98096236330818,-203.7229580437445,-5.015301933754458,0.26855812707106996,0.572576066070306,0.1294677062150945,3.54686204524061e-05,19.479151714515133,37.66416793420131,nan,1.3289885319456154,nan
31.07,220.00323486328125,-203.4466094970703,-5.017882823944092,219.9811457558156,-203.7143023003701,-5.0153662484606025,0.2686144053458204,0.5726279449193958,0.12948119078513173,3.6175711500541005e-05,19.390445786071492,37.59177378584297,nan,nan,nan
31.080000000000002,220.00323486328125,-203.43788146972656,-5.017882823944092,219.9813236883168,-203.70564177627622,-5.014446149607149,0.2686773010181356,0.5726799089464952,0.12949473864701444,3.544403529218149e-05,19.472904910293863,37.674490531914316,nan,0.6680691849678703,nan
31.09,220.00323486328125,-203.42916870117188,-5.017882823944092,219.98150670044015,-203.69698615862015,-5.014502604377611,0.2687186808891875,0.5727319583796213,0.1295083500159797,3.6151084144498145e-05,19.37822394493106,38.408466063529005,nan,nan,nan
31.1,220.00323486328125,-203.42044067382812,-5.017882823944092,219.99168616625118,-203.69182391686743,-5.014338141916589,0.2716519865127096,0.5726666753720099,0.1294992575170939,3.5400038689781406e-05,19.220277456153084,37.764762655266026,0.8534265103219568,0.034400850966615805,nan
31.11,220.00323486328125,-203.41171264648438,-5.017882823944092,219.9918857901968,-203.68317040438575,-5.014394339228376,0.27171728931065264,0.5727185086960472,0.12951290048263492,3.610620651488349e-05,19.127421331884495,37.708272769689835,nan,nan,nan
31.12,220.00323486328125,-203.40298461914062,-5.017882823944092,219.99208815716668,-203.67451929596314,-5.014969129835642,0.2717789899673413,0.5727704271344556,0.12952660695709517,3.537903457607141e-05,18.955614777271627,37.55137860441809,nan,0.18515477163359548,nan
31.13,220.00323486328125,-203.39427185058594,-5.017882823944092,219.99228785677224,-203.66586565252854,-5.015032156890016,0.2718292782387469,0.5728224309065835,0.12954037714794958,3.608523762315546e-05,18.86431734074896,38.284928198325716,nan,nan,nan
31.14,220.00323486328125,-203.3855438232422,-5.017882823944092,219.99248692785056,-203.65721133663322,-5.014997337417712,0.27189535115662694,0.572874520084143,0.12955421113852486,3.5359719814672174e-05,18.800351808829063,37.445476670587425,nan,0.00674279561220906,nan
31.150000000000002,220.00323486328125,-203.37681579589844,-5.017882823944092,219.98680598773663,-203.65245159390207,-5.015019986511798,0.2761398140995328,0.5728090987716166,0.12954521582260964,3.6043922000824945e-05,19.6598142065303,37.44540283763244,5.102363365638708,nan,nan
31.16,220.00323486328125,-203.3680877685547,-5.017882823944092,219.9869932040154,-203.64381829144287,-5.013614408095041,0.27624143809674695,0.5728609713857443,0.129559080823645,3.532082165606818e-05,19.875061965596288,37.69050013083811,nan,1.4974328797039944,nan
31.17,220.00323486328125,-203.359375,-5.017882823944092,219.9871874730001,-203.63519143525323,-5.013665431663907,0.27631505765752584,0.572912929260852,0.12957300974712202,3.602631229266756e-05,19.777903633279333,38.41706056667006,nan,nan,nan
31.18,220.00323486328125,-203.35064697265625,-5.017882823944092,219.987387577276,-203.62656972305066,-5.014949901856158,0.27639302214586503,0.5729649724764744,0.12958700268333945,3.530466851355135e-05,19.455110523844063,37.3653359417662,nan,1.0535140930732654,nan
31.19,220.00323486328125,-203.3419189453125,-5.017882823944092,219.98758198182628,-203.61794285091935,-5.015015162625245,0.27648224652903364,0.573017101240182,0.12960105982935108,3.601028493007303e-05,19.36733300221245,37.28249547597641,nan,nan,nan
31.2,220.00323486328125,-203.33319091796875,-5.017882823944092,219.94543061760294,-203.5957520101286,-5.015938275199602,0.26885579630059603,0.5729515422397808,0.12959215708495436,3.526883686391482e-05,20.073104648785794,36.583985133182324,16.146114739927352,0.6584588465914911,nan
31.21,220.00323486328125,-203.32447814941406,-5.017882823944092,219.94555654289078,-203.58712099991848,-5.016012974485913,0.2689080733283192,0.5730034539847813,0.12960624462795794,3.5973731023197944e-05,19.989452028983948,37.30925672727174,nan,nan,nan
31.220000000000002,220.00323486328125,-203.3157501220703,-5.017882823944092,219.94567557595028,-203.57848373047918,-5.014505324025243,0.2689859253776943,0.5730554510042937,0.12962039639285158,3.525557467108578e-05,20.144522790694246,36.71246711254914,nan,1.7444767523332187,nan
31.23,220.00323486328125,-203.30702209472656,-5.017882823944092,219.94580160818458,-203.56985307974716,-5.014566585006657,0.26905334586023594,0.5731075334988635,0.12963461257046013,3.596065043712609e-05,20.055720677529433,36.65157577058417,nan,nan,nan
31.240000000000002,220.00323486328125,-203.2982940673828,-5.017882823944092,219.94592717854937,-203.56122215628056,-5.014530645316944,0.2691218827265839,0.5731597015586052,0.12964889326039816,3.524367307482147e-05,19.99792195175591,36.62552544353981,nan,0.006729316672414713,nan
31.25,220.00323486328125,-203.28958129882812,-5.017882823944092,219.95178452321372,-203.54947956706894,-5.014668863328453,0.26496146299128037,0.5730940056155849,0.1296400785312965,3.5926945664484967e-05,19.159581196899488,37.325976154474496,3.790525445599084,nan,nan
31.26,220.00323486328125,-203.28085327148438,-5.017882823944092,219.95191882490803,-203.54082853295668,-5.015331031202714,0.26500374340395666,0.5731459562077589,0.12965438898446596,3.5211919383980844e-05,18.986198631827843,36.39918011582686,nan,0.24866777460605557,nan
31.27,220.00323486328125,-203.27212524414062,-5.017882823944092,219.95205064747236,-203.53217509916988,-5.015403071957596,0.2650507502698682,0.5731979922014947,0.12966876404998814,3.591654712533694e-05,18.90189632443259,36.353093159774446,nan,nan,nan
31.28,220.00323486328125,-203.26339721679688,-5.017882823944092,219.95218857721605,-203.523527102534,-5.016968577528759,0.2650926566715169,0.5732501136931868,0.1296832038330139,3.520253797785453e-05,18.68407725231939,36.1531808806712,nan,1.5543010885090638,nan
31.29,220.00323486328125,-203.2546844482422,-5.017882823944092,219.95232049147558,-203.5148737257345,-5.017057437285554,0.2651252810304515,0.5733023208739263,0.12969770851608756,3.59074091568869e-05,18.607195698240577,36.865282494960645,nan,nan,nan
31.3,220.00323486328125,-203.24595642089844,-5.017882823944092,219.9247242057891,-203.50098977397568,-5.017177448012761,0.2668453336239454,0.5732364886218839,0.12968897710532912,3.517321182055946e-05,19.60587830737757,35.80565674432746,9.574297979091366,0.014370948103730238,nan
31.310000000000002,220.00323486328125,-203.2372283935547,-5.017882823944092,219.92481327749442,-203.49235011302764,-5.017267254777157,0.26690338287394605,0.5732884778860116,0.1297035108920147,3.587747044679814e-05,19.53322885925612,35.76175566880159,nan,nan,nan
31.32,220.00323486328125,-203.228515625,-5.017882823944092,219.92490111997014,-203.48370930520818,-5.017021013779189,0.26694705931342505,0.5733405525798395,0.1297181095975695,3.516611361819768e-05,19.472896439149963,36.488563067180685,nan,0.07953149632201165,nan
31.330000000000002,220.00323486328125,-203.21978759765625,-5.017882823944092,219.9249902892722,-203.47506967817276,-5.017109728737713,0.2670051528920272,0.5733927128888751,0.12973277339964634,3.587065449357586e-05,19.399798654966084,35.663708441454766,nan,nan,nan
31.34,220.00323486328125,-203.2110595703125,-5.017882823944092,219.92507492206528,-203.46642592279426,-5.015939755300885,0.26706689406677475,0.5734449589179219,0.12974750241071709,3.5160087673977584e-05,19.422085480494317,35.69364601919457,nan,1.1099025916278666,nan
31.35,220.00323486328125,-203.20233154296875,-5.017882823944092,219.94583104859677,-203.4674042227593,-5.015977756360359,0.2712238057291043,0.5733789910851992,0.12973884965369956,3.5842945433203466e-05,19.382060915249507,35.88029742109437,4.304911863561214,nan,nan
31.36,220.00323486328125,-203.19361877441406,-5.017882823944092,219.94595223707046,-203.45877727591866,-5.014996612218165,0.2712907304054042,0.5734310187542795,0.12975360708856065,3.513395105610806e-05,19.44793797282357,36.71778089525822,nan,0.7865405745269449,nan
31.37,220.00323486328125,-203.1848907470703,-5.017882823944092,219.94607710669044,-203.45015357231756,-5.015065273110489,0.27136564666395513,0.5734831319642245,0.12976842981311865,3.58382224269939e-05,19.364596239485422,35.89013163886733,nan,nan,nan
31.38,220.00323486328125,-203.17616271972656,-5.017882823944092,219.9462019354593,-203.44153007563736,-5.015167775376887,0.2714405274231425,0.5735353308247785,0.12978331794414227,3.512988815318533e-05,19.285398100723057,35.828887237872095,nan,0.0007560911747563203,nan
31.39,220.00323486328125,-203.1674346923828,-5.017882823944092,219.94632645295724,-203.43290652274206,-5.015238786574111,0.27151583897354564,0.5735876155140113,0.12979827165285318,3.583448122642559e-05,19.203358654464193,35.76317224967318,nan,nan,nan
31.400000000000002,220.00323486328125,-203.15872192382812,-5.017882823944092,219.93623949099702,-203.41887932816715,-5.01404956120671,0.2686725680882495,0.5735215127470681,0.12978969277687427,3.510562947406365e-05,19.32323084149889,36.61781251715115,1.549098208599422,1.2683744566021729,nan
31.41,220.00323486328125,-203.14999389648438,-5.017882823944092,219.93634602315248,-203.4102447211536,-5.014110847413395,0.26873562562809944,0.573573578633444,0.12980467420510214,3.580968164900534e-05,19.2350872588241,35.793507477993074,nan,nan,nan
31.42,220.00323486328125,-203.14126586914062,-5.017882823944092,219.93644940605267,-203.40160737111572,-5.0131984467611,0.2688120874095303,0.573625730100032,0.12981972123352226,3.510332668695979e-05,19.396195249059065,35.98267562393054,nan,0.6668358745401378,nan
31.43,220.00323486328125,-203.13253784179688,-5.017882823944092,219.9365559983381,-203.39297254525556,-5.013252096372511,0.2688749698903994,0.5736779673205569,0.12983483402960724,3.5807726314142555e-05,19.303429934927912,35.953896176120075,nan,nan,nan
31.44,220.00323486328125,-203.1238250732422,-5.017882823944092,219.93666313150055,-203.38433803250538,-5.013501654882741,0.26892004770692096,0.5737302904113067,0.12985001271574143,3.510184909709379e-05,19.183126896540177,36.61559402572756,nan,0.026663580098324435,nan
31.45,220.00323486328125,-203.11509704589844,-5.017882823944092,219.9239814277224,-203.36863150049797,-5.01349635511553,0.26566909460030785,0.5736640534248442,0.12984150296386676,3.578462981677628e-05,19.016333832736777,35.62372201115323,2.290157081069622,nan,nan
31.46,220.00323486328125,-203.1063690185547,-5.017882823944092,219.92406636774217,-203.35998252133547,-5.013987644846274,0.2657115577065892,0.5737161572749099,0.12985670864524668,3.508002366304717e-05,18.845215185090034,35.48665509191755,nan,0.1323028713026022,nan
31.470000000000002,220.00323486328125,-203.09764099121094,-5.017882823944092,219.92415001659217,-203.3513322555041,-5.014050297698146,0.2657599646521788,0.5737683468036334,0.12987198028095687,3.578426647699893e-05,18.757431227825496,35.42732373941275,nan,nan,nan
31.48,220.00323486328125,-203.08892822265625,-5.017882823944092,219.9242360520164,-203.34268394712683,-5.0149131460928,0.2657848732892618,0.5738206221311041,0.1298873179966315,3.5080036203131635e-05,18.53089947254388,36.018131755258096,nan,0.44883019492072496,nan
31.490000000000002,220.00323486328125,-203.0802001953125,-5.017882823944092,219.92431993878867,-203.33403356585941,-5.014985937185346,0.2658332884793957,0.573872983425325,0.1299027219548758,3.57846489822515e-05,18.44867748315554,35.191626737657764,nan,nan,nan
31.5,220.00323486328125,-203.07147216796875,-5.017882823944092,219.96825847828094,-203.33435515583813,-5.013851081245666,0.2652302165440542,0.5738066128754743,0.12989427648862575,3.505962655532115e-05,17.23657253029745,35.67270837838414,20.306110122634262,1.0836844546183528,nan
31.51,220.00323486328125,-203.062744140625,-5.017882823944092,219.96841069336043,-203.32568835426272,-5.013914082410784,0.26526992518111336,0.5738587544921974,0.1299097066947132,3.5763741419179445e-05,17.148034692450487,35.60523972221022,nan,nan,nan
31.52,220.00323486328125,-203.0540313720703,-5.017882823944092,219.96855637628983,-203.31701593463293,-5.011567929260588,0.2653363064134489,0.5739109818352398,0.12992520316699924,3.506095933060753e-05,17.77811108899037,37.04164868472138,nan,4.087105832869635,nan
31.53,220.00323486328125,-203.04530334472656,-5.017882823944092,219.96870840527532,-203.3083490768428,-5.011608826833691,0.26537614159291883,0.5739632950693019,0.12994076606529434,3.576546019348829e-05,17.676473851035876,36.17024817508334,nan,nan,nan
31.54,220.00323486328125,-203.0365753173828,-5.017882823944092,219.96886333309294,-203.29968469978974,-5.012815354782961,0.265393346641806,0.5740156943194474,0.1299563955194223,3.506291055800691e-05,17.243651746944085,35.77314106803009,nan,0.9543380613329843,nan
31.55,220.00323486328125,-203.02784729003906,-5.017882823944092,219.95669917140302,-203.27879884577072,-5.012839875790815,0.25527962172645735,0.5739491909100352,0.1299480095048226,3.574581821167158e-05,16.445892559597997,35.489655423839295,7.728455090386478,nan,nan
31.560000000000002,220.00323486328125,-203.01913452148438,-5.017882823944092,219.95682990187066,-203.2700967810554,-5.01430417274564,0.25524161674169255,0.5740013700504019,0.129963664439705,3.5044305002724694e-05,16.033829201851347,35.940001878280384,nan,1.3988553462044204,nan
31.57,220.00323486328125,-203.01040649414062,-5.017882823944092,219.9569569938525,-203.2613916248554,-5.014374116148139,0.25524005968730473,0.5740536350054892,0.12997938598071548,3.5748712838291945e-05,15.948710470065212,35.01656126373859,nan,nan,nan
31.580000000000002,220.00323486328125,-203.00167846679688,-5.017882823944092,219.957084876383,-203.25268714284817,-5.014819332965947,0.25523432708142624,0.574105985903214,0.1299951742600632,3.504735432613016e-05,15.808303934868507,34.899233684486,nan,0.09869684684049881,nan
31.59,220.00323486328125,-202.99295043945312,-5.017882823944092,219.95721196859887,-203.24398171469582,-5.014894886405084,0.2552327090238562,0.5741584229039823,0.1300110294339835,3.5752158287158194e-05,15.72664771197733,34.83911461735828,nan,nan,nan
31.6,220.00323486328125,-202.98423767089844,-5.017882823944092,219.9481193159844,-203.23076971153964,-5.014838166560583,0.25263618219710354,0.5740917872981043,0.13000269797692163,3.502978494554627e-05,15.69400668258073,35.59408196690027,1.062867613148512,0.02711284328839194,nan
31.61,220.00323486328125,-202.9755096435547,-5.017882823944092,219.94823103475844,-203.22205581333208,-5.014914776112854,0.25262471037488937,0.5741440037582809,0.13001857784261292,3.573411311521212e-05,15.612732938476707,34.68634228920896,nan,nan,nan
31.62,220.00323486328125,-202.96678161621094,-5.017882823944092,219.94834249925066,-203.21334182062844,-5.014915434809453,0.25261415524381386,0.5741963060867414,0.13003452462552828,3.503379336684995e-05,15.554636557924457,34.633633810614086,nan,0.004182680872233279,nan
31.63,220.00323486328125,-202.9580535888672,-5.017882823944092,219.948454025926,-203.20462802071384,-5.014993484711711,0.2526029272653869,0.574248694441447,0.13005053847988668,3.5738526744958085e-05,15.474231914290087,34.56329544413808,nan,nan,nan
31.64,220.00323486328125,-202.9493408203125,-5.017882823944092,219.94856693343746,-203.19591545800841,-5.015745996625084,0.2525711791540518,0.5743011689539972,0.13006661954092275,3.503825141388317e-05,15.30684516690062,35.230953983589295,nan,0.3194877037723313,nan
31.650000000000002,220.00323486328125,-202.94061279296875,-5.017882823944092,219.9441804419241,-203.18739181057092,-5.015737605127851,0.253755611118825,0.5742344018468915,0.1300583377449119,3.572139225699917e-05,15.538638550247137,34.24489600345861,0.8657387373918026,nan,nan
31.66,220.00323486328125,-202.931884765625,-5.017882823944092,219.94428740197634,-203.17868610222388,-5.016797223705639,0.253745702365901,0.5742866553921299,0.13007444268945936,3.5021975201961457e-05,15.381584372701315,34.10637860061481,nan,0.6684560988511309,nan
31.67,220.00323486328125,-202.92315673828125,-5.017882823944092,219.94439243864565,-203.16997854829333,-5.016894052679988,0.2537408412204231,0.5743389948862189,0.1300906148789971,3.5726644398360474e-05,15.313635568583601,34.05391717122555,nan,nan,nan
31.68,220.00323486328125,-202.91444396972656,-5.017882823944092,219.94312699917862,-203.16451940543578,-5.018084037042054,0.25719782145043124,0.5742139204417737,0.12911367583410235,3.502720578744234e-05,22.003521701649394,41.56897545782592,nan,0.8413814601860302,0.010614571006931915
31.69,220.00323486328125,-202.9057159423828,-5.017882823944092,219.9432292453222,-203.15581774074434,-5.018193694024776,0.25719968967812945,0.574265689906053,0.12912625445158277,3.5732281457620275e-05,21.917738696706675,40.65902138675358,nan,nan,nan
31.7,220.00323486328125,-202.89698791503906,-5.017882823944092,219.96103835704756,-203.14850214270928,-5.018100176814032,0.2550294083064623,0.5742010558560189,0.12911619872465452,3.501166186622468e-05,20.796057133067315,40.67940594791806,8.588240643215407,0.0037001078465159648,nan
31.71,220.00323486328125,-202.8882598876953,-5.017882823944092,219.96116584779995,-203.13977820889875,-5.01820843707789,0.25501249771035345,0.5742526108915157,0.12912880889179054,3.571626936985915e-05,20.709961544370913,40.59060205679316,nan,nan,nan
31.720000000000002,220.00323486328125,-202.87954711914062,-5.017882823944092,219.9612924377315,-203.13104912343024,-5.017048371036538,0.2549767078271037,0.5743042504036866,0.1291414796778415,3.501757124847431e-05,20.637119944586228,41.401182042883235,nan,1.136555889439736,nan
31.73,220.00323486328125,-202.87081909179688,-5.017882823944092,219.96141983479018,-203.1223250915427,-5.0171460223021995,0.2549594230314278,0.5743559745383012,0.1291542112721419,3.5722589788823534e-05,20.54529610891115,40.44736844460756,nan,nan,nan
31.740000000000002,220.00323486328125,-202.86209106445312,-5.017882823944092,219.96154761095738,-203.1136024847278,-5.017578657111536,0.2549429623511176,0.5744077834387125,0.12916700377563534,3.5023795913047715e-05,20.445902095491554,40.35215848080234,nan,0.0787724799940279,nan
31.75,220.00323486328125,-202.85336303710938,-5.017882823944092,219.9657004941969,-203.10724437453692,-5.017581859218843,0.25664109752010406,0.5743430154370242,0.12915706684535735,3.570720776847221e-05,20.469875033269382,40.25388601363184,0.7063378113810468,nan,nan
31.76,220.00323486328125,-202.8446502685547,-5.017882823944092,219.9658354088876,-203.09852416289365,-5.017027950464592,0.2566152844715998,0.5743946094761838,0.1291698905110375,3.500914077099846e-05,20.399826898651472,41.05158646703179,nan,0.30337236549730756,nan
31.77,220.00323486328125,-202.83592224121094,-5.017882823944092,219.96597073548173,-203.0898064813689,-5.017124178052697,0.2566055302693831,0.574446288075507,0.12918277522011268,3.571410028040814e-05,20.30927538333111,40.1174009799129,nan,nan,nan
31.78,220.00323486328125,-202.8271942138672,-5.017882823944092,219.9661066418758,-203.08109309475378,-5.018429277555878,0.2565997762114138,0.5744980513787421,0.12919572107848057,3.5015896726837895e-05,20.216169016085598,40.059279668379766,nan,1.029214893670173,nan
31.79,220.00323486328125,-202.81846618652344,-5.017882823944092,219.96624202809622,-203.07237522528348,-5.018539691667292,0.25659053235511525,0.574549899531048,0.12920872826807314,3.5721263021881136e-05,20.134472749398512,39.99154851999051,nan,nan,nan
31.8,220.00323486328125,-202.80975341796875,-5.017882823944092,219.9511009155816,-203.05695341435842,-5.017398824308805,0.2526381225655543,0.574484998131175,0.12919890613938184,3.500173629928656e-05,20.148079848288024,40.69943633271339,2.780475135302883,1.3335269697470804,nan
31.810000000000002,220.00323486328125,-202.801025390625,-5.017882823944092,219.95121024697445,-203.04822569280046,-5.017500307998845,0.2526157089651297,0.5745366309917924,0.12921194407500133,3.5706632551546055e-05,20.06090340568642,39.77158221361408,nan,nan,nan
31.82,220.00323486328125,-202.79229736328125,-5.017882823944092,219.9513190141469,-203.03949460650787,-5.016627147315241,0.25259316929398545,0.5745883484936021,0.12922504339618468,3.5008937092475395e-05,20.017556497719468,39.74624844008546,nan,0.6720560342243233,nan
31.830000000000002,220.00323486328125,-202.7835693359375,-5.017882823944092,219.95142796178524,-203.03076677126487,-5.016721306920076,0.2525705370720049,0.5746401507814934,0.12923820428042387,3.571424150389418e-05,19.926292306127785,39.68432988374042,nan,nan,nan
31.84,220.00323486328125,-202.7748565673828,-5.017882823944092,219.9515365149489,-203.0220364768848,-5.016101902729963,0.2525347472370424,0.5746920379996331,0.1292514268402539,3.501634923248897e-05,19.893149170410556,40.52760961220123,nan,0.36038985848884963,nan
31.85,220.00323486328125,-202.76612854003906,-5.017882823944092,219.95638754357253,-203.02340682146985,-5.0161985782141905,0.2615140954968739,0.5746270037570849,0.1292417155192704,3.5700025381271954e-05,21.00088105236354,39.67523357177332,11.097711265228517,nan,nan
31.86,220.00323486328125,-202.7574005126953,-5.017882823944092,219.95650991528635,-203.01472594260187,-5.017425008407373,0.26153356808789774,0.5746786752554396,0.12925496838536307,3.5002766416643747e-05,20.845223490720606,39.51868598420682,nan,0.9114884655178942,nan
31.87,220.00323486328125,-202.74867248535156,-5.017882823944092,219.95663184437444,-203.00604153652696,-5.0175274685790825,0.2615545758567236,0.5747304314761424,0.12926828304291937,3.5708001976020826e-05,20.76086889872889,39.44199265887653,nan,nan,nan
31.88,220.00323486328125,-202.73995971679688,-5.017882823944092,219.95675343492516,-202.9973555703775,-5.01712011646443,0.26156018493879546,0.5747822725635283,0.12928165960843044,3.5010518765305986e-05,20.690060718375218,40.20240754293985,nan,0.18424022099475124,nan
31.89,220.00323486328125,-202.73123168945312,-5.017882823944092,219.95687491022852,-202.98867115489887,-5.0172197009972,0.2615812748422245,0.5748341986622261,0.12929509825347396,3.5716154798246875e-05,20.60440541600124,39.30763374725592,nan,nan,nan
31.900000000000002,220.00323486328125,-202.72250366210938,-5.017882823944092,219.97300706965012,-202.99678961748052,-5.0177928073043185,0.2759465762147831,0.5747690321322094,0.12928549360893288,3.499725101536603e-05,21.94542897189006,39.65381324530724,19.947088090849682,0.1359715134788824,nan
31.91,220.00323486328125,-202.71377563476562,-5.017882823944092,219.97316171334046,-202.98816393818447,-5.0178993568671215,0.276031403419559,0.5748207420851632,0.12929896209295558,3.5702409485120316e-05,21.865634386324498,39.591186391987264,nan,nan,nan
31.92,220.00323486328125,-202.70506286621094,-5.017882823944092,219.97331602351844,-202.97953408740335,-5.0166045939835895,0.27610002192582284,0.57487253684042,0.12931249271350256,3.500527807790049e-05,21.830642702687893,40.31624712732534,nan,1.387974711627519,nan
31.93,220.00323486328125,-202.6963348388672,-5.017882823944092,219.9734703939546,-202.97090829588493,-5.016698937269151,0.27618455518118096,0.5749244165425207,0.12932608563864953,3.57108367251963e-05,21.744100808507074,39.47679325053906,nan,nan,nan
31.94,220.00323486328125,-202.68760681152344,-5.017882823944092,219.97362474266572,-202.96228431457766,-5.0174392289935055,0.2762692286582927,0.5749763813359378,0.12933974099012588,3.501343857709283e-05,21.631588592685763,39.386365530659795,nan,0.29350884135622757,nan
31.95,220.00323486328125,-202.67889404296875,-5.017882823944092,219.96226383401284,-202.94606448560762,-5.017544306653162,0.27029388682158406,0.574911083074538,0.12933023887757525,3.569734513547604e-05,21.263408929900013,39.88513262617775,2.7170994542864197,nan,nan
31.96,220.00323486328125,-202.670166015625,-5.017882823944092,219.96239692483545,-202.9374157947167,-5.016577651517186,0.2703551092843205,0.5749628312985098,0.12934392357734423,3.50005165154039e-05,21.23020682367047,39.08861099855731,nan,0.8091740297559858,nan
31.970000000000002,220.00323486328125,-202.66143798828125,-5.017882823944092,219.96253014973712,-202.9287699108003,-5.016671768245447,0.2704157857048019,0.5750146644041001,0.12935767080334368,3.570598815024624e-05,21.144163692278497,39.02471967332654,nan,nan,nan
31.98,220.00323486328125,-202.6527099609375,-5.017882823944092,219.96266358816106,-202.92012431820996,-5.016856909474567,0.2704764672588322,0.5750665825358072,0.12937148068038365,3.5008875785760354e-05,21.05492884074645,38.946043857372345,nan,0.005731509632249987,nan
31.990000000000002,220.00323486328125,-202.6439971923828,-5.017882823944092,219.96279708167086,-202.91147872068552,-5.016953870893672,0.27052254086950545,0.5751185858381318,0.129385353371932,3.57147381662479e-05,20.968835685701883,39.6463389653451,nan,nan,nan
32.0,220.00323486328125,-202.63526916503906,-5.017882823944092,219.98589935506934,-202.91002024274312,-5.017710663551953,0.27529748306823404,0.5750531564018155,0.12937594953481696,3.4996137395528475e-05,20.394760388106498,39.10498744745709,5.016209798807906,0.23837481499388322,nan
32.01,220.00323486328125,-202.6265411376953,-5.017882823944092,219.98607007394318,-202.90137523750207,-5.017817073234126,0.27536960023351265,0.575104942713197,0.12938985105758707,3.5701511884461165e-05,20.31622650911808,39.040054417377036,nan,nan,nan
32.02,220.00323486328125,-202.61781311035156,-5.017882823944092,219.98624090551755,-202.89273006583096,-5.0177970697587995,0.27544170774288357,0.5751568139846972,0.12940381545235308,3.500464731036143e-05,20.238765113595917,38.963328412957125,nan,0.011471617073791391,nan
32.03,220.00323486328125,-202.60910034179688,-5.017882823944092,219.98641180820624,-202.88408524548385,-5.017904412303751,0.27549902523211667,0.5752087703608376,0.12941784287989264,3.571041153254013e-05,20.15908811044868,39.69788852847989,nan,nan,nan
32.04,220.00323486328125,-202.60037231445312,-5.017882823944092,219.98658276141904,-202.8754402639994,-5.017976123184883,0.2755715480029941,0.5752608119860851,0.12943193346904225,3.50132343867567e-05,20.082258314650975,38.82987035844659,nan,0.0009476028357088216,nan
32.05,220.00323486328125,-202.59164428710938,-5.017882823944092,219.990677729143,-202.86218122662464,-5.018093036838336,0.270828287757233,0.575195251931866,0.12942262362773216,3.569732381475497e-05,19.145065549831074,38.680699669313654,5.164810113121628,nan,nan
32.06,220.00323486328125,-202.58291625976562,-5.017882823944092,219.99085135585565,-202.85351045151688,-5.018916651556241,0.2708793765963141,0.575247076146882,0.12943674250792,3.500067522600538e-05,19.097348165150333,38.6396254024188,nan,0.35962006278417263,nan
32.07,220.00323486328125,-202.57420349121094,-5.017882823944092,219.9910250207033,-202.8448382265091,-5.0190348704990795,0.2709124718741245,0.5752989853997953,0.12945092463569843,3.5706330721313725e-05,19.025156843864885,39.36648469639821,nan,nan,nan
32.08,220.00323486328125,-202.5654754638672,-5.017882823944092,219.99119857042047,-202.83616633757802,-5.019231461371541,0.27096169522476,0.5753509798350187,0.12946517014223674,3.500936045028769e-05,18.96351320384085,38.467930430513924,nan,0.004226229122292514,nan
32.09,220.00323486328125,-202.55674743652344,-5.017882823944092,219.99137195514302,-202.82749427451935,-5.019352316298356,0.2710105870294768,0.5754030595971578,0.1294794791848214,3.571539569690161e-05,18.89587053806322,38.38651028278602,nan,nan,nan
32.1,220.00323486328125,-202.5480194091797,-5.017882823944092,219.99686471149485,-202.8369497286678,-5.017662523895068,0.28900061744812666,0.57533736948246,0.12947025896861603,3.4996892820067764e-05,20.99107507948695,38.74938069290836,34.74686375489827,2.3219283973597835,nan
32.11,220.00323486328125,-202.539306640625,-5.017882823944092,219.997055882672,-202.82835579964822,-5.017767219834968,0.2891152183779182,0.5753892314173198,0.1294845957367635,3.570242903511938e-05,20.91371711647221,39.42069923188307,nan,nan,nan
32.12,220.00323486328125,-202.53057861328125,-5.017882823944092,219.99724670318392,-202.81976451876324,-5.019259111006302,0.28925117140102485,0.5754411784669069,0.1294989960971064,3.500564203896325e-05,20.893508233452813,38.67958916871079,nan,1.356311363712884,nan
32.13,220.00323486328125,-202.5218505859375,-5.017882823944092,219.9974378612131,-202.8111704723008,-5.019379681752573,0.28938182814674274,0.5754932107759042,0.1295134602049254,3.571155693216025e-05,20.828404865602085,38.61063343435843,nan,nan,nan
32.14,220.00323486328125,-202.51312255859375,-5.017882823944092,219.99762940893095,-202.8025733494155,-5.017838353441079,0.28950506628284295,0.5755453284886051,0.12952798819439412,3.5014429604921204e-05,20.692211602463118,38.469137907704976,nan,1.9509643325576482,nan
32.15,220.00323486328125,-202.50440979003906,-5.017882823944092,220.0239599616234,-202.79895817049095,-5.017968121217155,0.29527662522412035,0.575479508871556,0.12951885320345802,3.5698650109886744e-05,19.653485277439213,39.45681274485847,8.526036186114755,nan,nan
32.160000000000004,220.00323486328125,-202.4956817626953,-5.017882823944092,220.02419161007046,-202.7903506430619,-5.017929821570998,0.29541316236970555,0.5755314083421151,0.12953340833027852,3.500202726119114e-05,19.579737074400057,38.63072248830693,nan,0.014997835756564168,nan
32.17,220.00323486328125,-202.48695373535156,-5.017882823944092,220.02442321959361,-202.78174327249718,-5.018036829889699,0.29555006576141873,0.5755833930038095,0.12954802741254906,3.570781144445418e-05,19.506952101544954,38.57047902222369,nan,nan,nan
32.18,220.00323486328125,-202.4782257080078,-5.017882823944092,220.02465487231234,-202.77313540173466,-5.017894536692285,0.2956865644193955,0.5756354630008416,0.12956271058615398,3.5010844917822615e-05,19.433134865193782,38.49678059967418,nan,0.04422289830993845,nan
32.19,220.00323486328125,-202.46951293945312,-5.017882823944092,220.02488643377734,-202.76452811316474,-5.018000930255754,0.2958086495931864,0.5756876184780356,0.12957745800381223,3.571699804469996e-05,19.358548958494346,39.1496945068884,nan,nan,nan
32.2,220.00323486328125,-202.46078491210938,-5.017882823944092,220.01760132221227,-202.74203072565004,-5.018360298285783,0.28161290943086015,0.5756216699168412,0.129568403764631,3.499847294723596e-05,17.95140491328848,37.935568553790304,15.856234776188751,0.05944862372072247,nan
32.21,220.00323486328125,-202.45205688476562,-5.017882823944092,220.01781476503942,-202.73336950303863,-5.018470850079828,0.28169080302634675,0.5756736067392892,0.12958317770718658,3.5704116410096354e-05,17.881495369727002,37.86816218050984,nan,nan,nan
32.22,220.00323486328125,-202.44332885742188,-5.017882823944092,220.018028849705,-202.72470635854188,-5.01730162785342,0.2817667438853281,0.5757256288279344,0.12959801594709014,3.500729743774822e-05,17.80864290761339,37.795980143409416,nan,1.1579756441495426,nan
32.230000000000004,220.00323486328125,-202.4346160888672,-5.017882823944092,220.0182426156074,-202.71604537581675,-5.017401672329573,0.2818295720638572,0.5757777363276981,0.1296129186356163,3.571330912905491e-05,17.730961929498505,38.533614112542864,nan,nan,nan
32.24,220.00323486328125,-202.42588806152344,-5.017882823944092,220.01845628682352,-202.70738544040117,-5.018138349128881,0.28190872874532646,0.5758299293826316,0.12962788591081428,3.5016135119989495e-05,17.65407692375601,37.6395027265503,nan,0.28503129969813584,nan
32.25,220.00323486328125,-202.4171600341797,-5.017882823944092,220.0159858635426,-202.70470975129135,-5.018196663500907,0.2878324622309435,0.5757638524365963,0.12961890791785827,3.570043691069338e-05,18.564377321917302,37.654212080424855,5.950967752243738,nan,nan
32.26,220.00323486328125,-202.40843200683594,-5.017882823944092,220.01619879939662,-202.69608060913748,-5.018802754398193,0.2879420572227612,0.5758158264263574,0.1296339010832219,3.5003755325995153e-05,18.51447501858141,37.59646442604757,nan,0.17491329367032646,nan
32.27,220.00323486328125,-202.39971923828125,-5.017882823944092,220.01641183354,-202.68745063768057,-5.01891703315154,0.2880348248635491,0.5758678857574236,0.1296489588983186,3.5709616148833526e-05,18.447167856080927,38.30885532178018,nan,nan,nan
32.28,220.00323486328125,-202.3909912109375,-5.017882823944092,220.0166247371157,-202.6788207957141,-5.019184625317998,0.28814380659800964,0.5759200305737482,0.12966408150240474,3.501258020927215e-05,18.39477535284034,37.452502892996385,nan,0.016396696666717482,nan
32.29,220.00323486328125,-202.38226318359375,-5.017882823944092,220.01683771558154,-202.67019084722787,-5.019302273585456,0.28825230599908813,0.5759722610204058,0.12967926904494612,3.571880025863699e-05,18.332194110271942,37.39128758419053,nan,nan,nan
32.3,220.00323486328125,-202.37353515625,-5.017882823944092,220.03418186444964,-202.6658347747778,-5.017431596704794,0.29393364468675376,0.5759060562484252,0.1296703627333485,3.500019329915412e-05,17.776065665552608,37.546946244456194,2.957067951825204,2.693856515002477,nan
32.31,220.00323486328125,-202.3648223876953,-5.017882823944092,220.0344223846316,-202.65720111994602,-5.017531284924685,0.2940375964739772,0.5759580672217465,0.12968557550808596,3.5705894351543566e-05,17.701488939328183,38.24780894070395,nan,nan,nan
32.32,220.00323486328125,-202.35609436035156,-5.017882823944092,220.03466280731166,-202.64856794381393,-5.018049939571981,0.2941573398998064,0.5760101636096486,0.12970085327050304,3.500899033568484e-05,17.628798930046642,37.39718511321737,nan,0.12334085961974121,nan
32.33,220.00323486328125,-202.3473663330078,-5.017882823944092,220.0349033959851,-202.63993437087962,-5.018155819539686,0.29427712665847366,0.5760623455573006,0.12971619616906965,3.5715050494406236e-05,17.560327259074437,37.31708985120041,nan,nan,nan
32.34,220.00323486328125,-202.33863830566406,-5.017882823944092,220.03514439575315,-202.63129960011852,-5.017112803355932,0.2943967466974499,0.5761146132085079,0.1297316043445364,3.501778573429928e-05,17.505683346804588,37.25737883929443,nan,0.9328979321330328,nan
32.35,220.00323486328125,-202.32992553710938,-5.017882823944092,220.0258484028946,-202.61816411585835,-5.017292266991157,0.28912488514582774,0.5760482811710455,0.12972276511709457,3.5702124813831516e-05,17.460132264482752,37.82600119043615,1.2067602282834844,nan,nan
32.36,220.00323486328125,-202.32119750976562,-5.017882823944092,220.02607319616635,-202.60952180939594,-5.016456968228122,0.2892309185941346,0.5761003289429334,0.1297381978450425,3.5005348559241536e-05,17.439433442175925,37.02650557397769,nan,0.6161442436971505,nan
32.37,220.00323486328125,-202.31246948242188,-5.017882823944092,220.02629763168608,-202.60088039942892,-5.0165476581463455,0.2893346349869729,0.5761524622032201,0.1297536959033773,3.5711240695173615e-05,17.36249323627082,36.96747866699057,nan,nan,nan
32.38,220.00323486328125,-202.30374145507812,-5.017882823944092,220.02652218904078,-202.5922389716982,-5.016643894030717,0.2894385108867092,0.5762046810956237,0.12976925943366055,3.5014107035936416e-05,17.287870209902746,36.903334689767384,nan,1.405394584939388e-05,nan
32.39,220.00323486328125,-202.29502868652344,-5.017882823944092,220.0267467922806,-202.5835975053697,-5.0167366886930775,0.2895273521476276,0.5762569857654509,0.12978488858314602,3.572035025893904e-05,17.210619041170993,37.61219146158148,nan,nan,nan
32.4,220.00323486328125,-202.2863006591797,-5.017882823944092,220.05705924096767,-202.58514436641264,-5.016756015949782,0.3036542354098138,0.5761905270224705,0.12977611179637763,3.641796327023779e-05,16.71388649535109,37.26964732186519,7.893762907831518,nan,nan
32.410000000000004,220.00323486328125,-202.27757263183594,-5.017882823944092,220.057333023581,-202.57650939400312,-5.016849033883267,0.3037941201615164,0.5762426114092551,0.12979176479636131,3.715208975890088e-05,16.639974226151537,37.20010441671294,nan,nan,nan
32.42,220.00323486328125,-202.2688446044922,-5.017882823944092,220.05760732359445,-202.56787344718398,-5.015834564384982,0.3039388237282758,0.5762947813559254,0.12980748345966828,3.636923570673073e-05,16.659007917626106,37.2294913329218,nan,0.8025770176949234,nan
32.43,220.00323486328125,-202.2601318359375,-5.017882823944092,220.05788088960998,-202.55923838877817,-5.015918920366091,0.3040637680865834,0.5763470370079345,0.12982326793308305,3.710200370889693e-05,16.578466273804572,37.94484604529153,nan,nan,nan
32.44,220.00323486328125,-202.25140380859375,-5.017882823944092,220.05815504179972,-202.55060256244062,-5.0150512687560935,0.3042106803134979,0.5763993785088101,0.1298391183589728,3.632184782925731e-05,16.62820748188296,37.19449903087164,nan,0.5944552244925309,nan
32.45,220.00323486328125,-202.24267578125,-5.017882823944092,220.06471432692564,-202.54061102743805,-5.015005491120602,0.3042259265994778,0.5763327936210141,0.12983039933510654,3.702966536435579e-05,16.09546159046495,37.152825148571665,2.319438265395486,nan,nan
32.46,220.00323486328125,-202.23394775390625,-5.017882823944092,220.06499822320157,-202.53196002295002,-5.012675135410906,0.3043897914666655,0.576384914437313,0.12984627288836367,3.625315209303883e-05,16.553321131687813,37.61091854305789,nan,3.8021591211126013,nan
32.47,220.00323486328125,-202.22523498535156,-5.017882823944092,220.06528073898082,-202.52331071978335,-5.012727054836011,0.30450848281037013,0.5764371208860652,0.12986221243907467,3.698249208129434e-05,16.455844918573447,38.33986584047112,nan,nan,nan
32.480000000000004,220.00323486328125,-202.2165069580078,-5.017882823944092,220.06556336569304,-202.51466135038925,-5.012730890541137,0.30464311304709807,0.5764894131107376,0.12987821813015404,3.620857390427075e-05,16.40398598814841,37.4981424675084,nan,0.0015833947081590168,nan
32.49,220.00323486328125,-202.20777893066406,-5.017882823944092,220.06584595838174,-202.50601214144567,-5.012784193968552,0.30477728470214904,0.5765417912568809,0.1298942901075648,3.6936765241626813e-05,16.308887528190887,37.405563784754754,nan,nan,nan
32.5,220.00323486328125,-202.1990509033203,-5.017882823944092,220.08466071459964,-202.49751715773382,-5.011929704046715,0.3094312749595097,0.5764750807848454,0.12988562413476185,3.614291565752081e-05,15.595847684417814,37.907667645676696,7.86815025760353,0.3905529479900677,nan
32.51,220.00323486328125,-202.19033813476562,-5.017882823944092,220.0849711320101,-202.48884539088667,-5.011974603906409,0.30955178346545403,0.576527237847126,0.12990171849505225,3.686911196793617e-05,15.495044751279796,38.6674820711037,nan,nan,nan
32.52,220.00323486328125,-202.18161010742188,-5.017882823944092,220.0852813097314,-202.48017378616268,-5.012494262753972,0.30967874681682983,0.5765794806116288,0.12991787918006056,3.610118651598199e-05,15.287499414005332,37.666001088565366,nan,0.1486663173030037,nan
32.53,220.00323486328125,-202.17288208007812,-5.017882823944092,220.08559173143038,-202.4715018750165,-5.0125461749108435,0.3098143242060744,0.5766318092239532,0.1299341063353323,3.682637208479001e-05,15.191744131896483,37.58250536421071,nan,nan,nan
32.54,220.00323486328125,-202.16415405273438,-5.017882823944092,220.0859026372852,-202.46282942143938,-5.011653005201627,0.30996733274879296,0.5766842238274871,0.12995040010441009,3.606086487306706e-05,15.430122108817883,37.84258024066053,nan,0.5948091488742642,nan
32.55,220.00323486328125,-202.1554412841797,-5.017882823944092,220.09797089716682,-202.45748494368783,-5.011642675663288,0.316613688611224,0.576617388333794,0.12994178244227939,3.676190362115626e-05,15.150025766887143,38.86604635533754,1.355137061126749,nan,nan
32.56,220.00323486328125,-202.14671325683594,-5.017882823944092,220.09829859157858,-202.44881416310363,-5.014359711880708,0.3167246159113055,0.5766695814563845,0.12995809782926707,3.59997127790637e-05,14.371656400356558,37.276319017847875,nan,4.761302388122158,nan
32.57,220.00323486328125,-202.1379852294922,-5.017882823944092,220.09862788853277,-202.4401419631449,-5.014431954563886,0.3168760474661837,0.5767218603523895,0.12997447986701566,3.6722154303895634e-05,14.287498873801242,37.210091043787365,nan,nan,nan
32.58,220.00323486328125,-202.1292724609375,-5.017882823944092,220.09895772747132,-202.43146908610973,-5.013413133624785,0.31702625305451426,0.5767742251651602,0.12999092869937712,3.596226033501568e-05,14.453704841384779,38.18117195266817,nan,0.7967131766448806,nan
32.59,220.00323486328125,-202.12054443359375,-5.017882823944092,220.0992869582671,-202.4227966784902,-5.013476347240449,0.3171779335531495,0.5768266760403566,0.13000744447143223,3.668387434731899e-05,14.364363148700797,37.27689254983437,nan,nan,nan
32.6,220.00323486328125,-202.11181640625,-5.017882823944092,220.11398704627834,-202.42445331738378,-5.014152441414418,0.3316953421374939,0.5767597160857661,0.1299988703500593,3.5904129739646774e-05,14.59121024072527,37.54919434778013,4.520638809911434,0.20942124219133587,nan
32.61,220.00323486328125,-202.10308837890625,-5.017882823944092,220.11434204874521,-202.4158076228102,-5.014223992769673,0.3318908242406661,0.5768119450851751,0.13001540695459995,3.662407343616122e-05,14.50659474952028,37.47299198350352,nan,nan,nan
32.62,220.00323486328125,-202.09437561035156,-5.017882823944092,220.11469822872292,-202.40716116657498,-5.012558298705618,0.33209522216766374,0.576864259926161,0.130032010531061,3.586952147198373e-05,14.867488744589377,38.64841533187558,nan,2.0293836395333154,nan
32.63,220.00323486328125,-202.0856475830078,-5.017882823944092,220.11505321528634,-202.3985150763473,-5.012614660437129,0.33229078497666686,0.5769166607544085,0.13004868122430452,3.658875702061546e-05,14.773565769358173,37.76668612123346,nan,nan,nan
32.64,220.00323486328125,-202.07691955566406,-5.017882823944092,220.1154071288489,-202.38986932892848,-5.014013950664712,0.33246826304067106,0.5769691477132266,0.1300654191785121,3.583630588233527e-05,14.370919864575033,37.34029223185286,nan,1.2119785710485032,nan
32.65,220.00323486328125,-202.0681915283203,-5.017882823944092,220.1214514116157,-202.3883622855615,-5.014129035706972,0.34131884949213875,0.5769020638611586,0.13005688380481734,3.653204746076748e-05,14.797726940952664,37.54181785446464,2.820811648872697,nan,nan
32.660000000000004,220.00323486328125,-202.05947875976562,-5.017882823944092,220.12181692723442,-202.3797395136962,-5.014524071507022,0.3415258959691103,0.5769543285515621,0.130073641786295,3.5782561734941505e-05,14.664363456096826,38.184992581844455,nan,0.06990943005842154,nan
32.67,220.00323486328125,-202.05075073242188,-5.017882823944092,220.12218259424523,-202.3711167346013,-5.014601447537674,0.3417509407229472,0.5770066791533126,0.13009046705822563,3.649964190008175e-05,14.583092295091015,37.30797595627789,nan,nan,nan
32.68,220.00323486328125,-202.04202270507812,-5.017882823944092,220.10045204229797,-202.35947604294645,-5.014637991046254,0.33202158146760313,0.5643646075086215,0.12987055669676306,3.575211855364614e-05,21.157109364280572,43.89067771826822,nan,0.0012170362517253677,0.038460971750858775
32.69,220.00323486328125,-202.03329467773438,-5.017882823944092,220.10081155627998,-202.35086461527436,-5.014716817217039,0.3322377158666885,0.5644099734283637,0.12988929665584192,3.646864604818449e-05,21.05006322764729,43.78882657743803,nan,nan,nan
32.7,220.00323486328125,-202.0245819091797,-5.017882823944092,220.12657646492207,-202.356053440712,-5.0134116585305515,0.35370399804335845,0.5643551240095246,0.12988123692788742,3.5701250588209785e-05,21.565859834734464,45.60789292107547,7.402235348550192,1.2064269910791592,nan
32.71,220.00323486328125,-202.01585388183594,-5.017882823944092,220.12697745419422,-202.34747007430195,-5.013478141147574,0.3539787128374379,0.5644003071426485,0.12989997892467706,3.64163829636522e-05,21.45218602136958,44.75225959752144,nan,nan,nan
32.72,220.00323486328125,-202.0071258544922,-5.017882823944092,220.12740343572432,-202.33889068109826,-5.0164014126282375,0.3542427545271684,0.5644455741451649,0.12991878187747385,3.5673529861550546e-05,20.894747161681476,44.22628300174822,nan,5.539384486083061,nan
32.730000000000004,220.00323486328125,-201.99839782714844,-5.017882823944092,220.1278044563571,-202.3303071713126,-5.016498338906735,0.35451842414941365,0.5644909253892559,0.1299376459366901,3.6388210608520354e-05,20.79997194621282,44.182653481865756,nan,nan,nan
32.74,220.00323486328125,-201.98968505859375,-5.017882823944092,220.12819850046364,-202.321722463589,-5.015767256554645,0.3547805301298386,0.5645363607974071,0.12995657124122917,3.564712869720656e-05,20.784865549689904,44.928053747092626,nan,0.4676257134970921,nan
32.75,220.00323486328125,-201.98095703125,-5.017882823944092,220.1071115304343,-202.30227047752848,-5.015944406870706,0.33769283409473183,0.5644814044664298,0.1299484935513221,3.6338834631010304e-05,20.60140232466418,43.44631166650453,5.1422105496544255,nan,nan
32.76,220.00323486328125,-201.97222900390625,-5.017882823944092,220.10747582095505,-202.2936661550372,-5.015962961012409,0.3379226320588768,0.5645266567542718,0.1299674203952369,3.560036526181039e-05,20.516315401597115,43.37878209415393,nan,0.0038278864714190964,nan
32.77,220.00323486328125,-201.9635009765625,-5.017882823944092,220.10784069680648,-202.28506191028725,-5.016056493312401,0.33815255431390656,0.5645719932164729,0.12998640857824376,3.631338468535958e-05,20.419694726544567,43.26274967563665,nan,nan,nan
32.78,220.00323486328125,-201.9547882080078,-5.017882823944092,220.10819385347128,-202.27645614344416,-5.014729867744317,0.33837344967120747,0.5646174137977045,0.13000545824038104,3.5576558653416726e-05,20.52038199262916,44.13448165322534,nan,1.379176972019755,nan
32.79,220.00323486328125,-201.94606018066406,-5.017882823944092,220.10855866083708,-202.26785211479137,-5.014811099798715,0.3386038787288141,0.5646629188370409,0.1300245695303427,3.62892552489544e-05,20.41663051663959,43.27762289640619,nan,nan,nan
32.8,220.00323486328125,-201.9373321533203,-5.017882823944092,220.1063963102792,-202.26044461847175,-5.01645592607457,0.3391842940356758,0.5646078553591655,0.1300164706861011,3.5532438912173226e-05,20.52314673534221,42.958541545103586,0.8494055007181669,1.6392922338281948,nan
32.81,220.00323486328125,-201.92860412597656,-5.017882823944092,220.10675393258,-202.25184846827474,-5.016554470361326,0.3394184247496082,0.5646531769303228,0.130035582995712,3.6243968001890164e-05,20.43106837157674,42.8573613305271,nan,nan,nan
32.82,220.00323486328125,-201.91989135742188,-5.017882823944092,220.10710407037175,-202.2432512745002,-5.015703220955554,0.33963980747801625,0.5646985825738173,0.13005475701460278,3.551112771727453e-05,20.430721389624736,43.637216091873796,nan,0.6197249065226474,nan
32.83,220.00323486328125,-201.91116333007812,-5.017882823944092,220.10746144097808,-202.23465492925877,-5.015794298326861,0.33987402986709236,0.5647440726085877,0.13007399289055507,3.622241730101048e-05,20.334443154680525,42.78220963158288,nan,nan,nan
32.84,220.00323486328125,-201.90243530273438,-5.017882823944092,220.10781970861885,-202.22605869820933,-5.0160221159870275,0.34010815075080025,0.5647896470093704,0.13009329076499163,3.549102470123416e-05,20.22893478667635,42.686639149163895,nan,0.01264989961631381,nan
32.85,220.00323486328125,-201.89370727539062,-5.017882823944092,220.14105775340008,-202.2383335794251,-5.016026263977245,0.3711682708531007,0.5647344765338256,0.13008516754289356,3.617974301277592e-05,20.984106241748,43.76503801150175,16.285384641131397,nan,nan
32.86,220.00323486328125,-201.88499450683594,-5.017882823944092,220.1414703371047,-202.22978639212198,-5.016762172423247,0.3714724030693618,0.5647798671259328,0.1301044658971389,3.545062436923851e-05,20.84061847989974,44.35888919023389,nan,0.2836705457310537,nan
32.87,220.00323486328125,-201.8762664794922,-5.017882823944092,220.14187806430465,-202.22123856771228,-5.016863220568993,0.371791229632957,0.5648253420424303,0.1301238263341927,3.616065727942695e-05,20.752835542199556,43.53081877893091,nan,nan,nan
32.88,220.00323486328125,-201.86753845214844,-5.017882823944092,220.14229630384057,-202.21269215599048,-5.0184586278583145,0.3721148949940885,0.5648709012762474,0.13014324899620097,3.5432864890200015e-05,20.652617953051863,43.44109263874688,nan,1.5356909621832275,nan
32.89,220.00323486328125,-201.8588104248047,-5.017882823944092,220.1427039676141,-202.20414441233154,-5.018576580223201,0.37243479335634117,0.5649165451191537,0.1301627340298488,3.6142762110278735e-05,20.575999043207887,43.373066084419165,nan,nan,nan
32.9,220.00323486328125,-201.85009765625,-5.017882823944092,220.14569378938234,-202.20205668777047,-5.021390576777485,0.3797130624888199,0.5648612674374751,0.13015458316214276,3.539482504191454e-05,21.6465423048358,44.56787170776008,3.9919218683782742,4.7651340572853425,nan
32.910000000000004,220.00323486328125,-201.84136962890625,-5.017882823944092,220.14610014282675,-202.19353270446948,-5.02153800282421,0.38005615403833537,0.5649067271191758,0.13017406811512552,3.610373852000387e-05,21.589597775166464,43.792832791437014,nan,nan,nan
32.92,220.00323486328125,-201.8326416015625,-5.017882823944092,220.14650178992798,-202.1850081433108,-5.02098827849972,0.3803908987639565,0.5649522710679292,0.13019361551590786,3.5379293508353053e-05,21.412988574246956,43.61257528624448,nan,0.33680609919287985,nan
32.93,220.00323486328125,-201.82391357421875,-5.017882823944092,220.1469080203463,-202.17648402411416,-5.021131120817507,0.3807340930794992,0.5649978995591494,0.13021322551061348,3.60881386217514e-05,21.353875446442103,43.541542120143674,nan,nan,nan
32.94,220.00323486328125,-201.81520080566406,-5.017882823944092,220.147303821157,-202.16795884301717,-5.019701509231661,0.3810477728012624,0.5650436126102054,0.13023289824224193,3.536483654686424e-05,21.074121141617546,43.94347341418403,nan,1.7120021297887438,nan
32.95,220.00323486328125,-201.8064727783203,-5.017882823944092,220.12787621227776,-202.153056654551,-5.019757700589898,0.3683196496322047,0.5649882278031905,0.13022471643045047,3.60514162807265e-05,21.475991683901935,42.48658902126834,4.896740577431682,nan,nan
32.96,220.00323486328125,-201.79774475097656,-5.017882823944092,220.12823178852827,-202.14452781029604,-5.017784607101771,0.3686227491606196,0.5650337563460534,0.13024438850122036,3.53300746394013e-05,21.300991494870217,42.30277724687611,nan,3.061036525681017,nan
32.97,220.00323486328125,-201.7890167236328,-5.017882823944092,220.1286006456738,-202.13600051155495,-5.017893704601203,0.36893675419248007,0.5650793693646173,0.13026412338469592,3.603798641855417e-05,21.223210167914793,42.20159797506832,nan,nan,nan
32.980000000000004,220.00323486328125,-201.78030395507812,-5.017882823944092,220.128970482111,-202.1274732092151,-5.018162245640206,0.36923707145547063,0.5651250668908867,0.13028392122430307,3.5317676427352486e-05,21.145877950872467,42.84038249442342,nan,0.017440551838182758,nan
32.99,220.00323486328125,-201.77157592773438,-5.017882823944092,220.1293393958843,-202.11894562764473,-5.018274658132962,0.36955137003247435,0.5651708491784044,0.130303782165518,3.6025601208244546e-05,21.070833488110914,42.0635922049123,nan,nan,nan
33.0,220.00323486328125,-201.76284790039062,-5.017882823944092,220.13637034730414,-202.11364799250904,-5.019054707923957,0.37521611778861785,0.5651153570565347,0.13029556607478643,3.5284968082010276e-05,21.087140020221195,42.31539279284123,0.48958071737677195,0.28017593954988035,nan
33.01,220.00323486328125,-201.75411987304688,-5.017882823944092,220.13675072599736,-202.10512613482587,-5.0191760622650055,0.37554434341398807,0.5651609544787589,0.1303154257550384,3.599205378141167e-05,21.018138851773795,42.24719897665986,nan,nan,nan
33.02,220.00323486328125,-201.7454071044922,-5.017882823944092,220.13712561681916,-202.09660402186682,-5.018333296918296,0.3758539764087879,0.5652066363550796,0.13033534860703708,3.5274506458733954e-05,20.898914572427984,42.80347459339645,nan,0.6473704368781362,nan
33.03,220.00323486328125,-201.73667907714844,-5.017882823944092,220.13750611936942,-202.08808253466907,-5.0184471057219735,0.37618277284170587,0.5652524029260138,0.13035533477594538,3.598165835495273e-05,20.825968685535056,42.03552516407404,nan,nan,nan
33.04,220.00323486328125,-201.7279510498047,-5.017882823944092,220.13787867620462,-202.07956063245237,-5.017129623941173,0.37650872802428637,0.5652982542430444,0.13037538440566668,3.526497614439096e-05,20.757414744159032,41.95073417357739,nan,1.4264055767853376,nan
33.05,220.00323486328125,-201.71922302246094,-5.017882823944092,220.12945178488428,-202.06165813162983,-5.01729255742969,0.3649559750230331,0.5652426548295726,0.13036713067243016,3.595008791167089e-05,19.972692024505708,41.550302640156,4.496345327460851,nan,nan
33.06,220.00323486328125,-201.71051025390625,-5.017882823944092,220.12981886548076,-202.05310888479974,-5.016661761658932,0.36523803539067995,0.5652883209281603,0.13038717842183017,3.523508427382753e-05,19.927396212927412,42.216320971016366,nan,0.3759300893620564,nan
33.07,220.00323486328125,-201.7017822265625,-5.017882823944092,220.13018989048956,-202.04455992533505,-5.016759281383411,0.36553439244092234,0.5653340716544941,0.1304072896999368,3.594155450086663e-05,19.844679530491145,41.421555541071584,nan,nan,nan
33.08,220.00323486328125,-201.69305419921875,-5.017882823944092,220.1305504590125,-202.03601023803273,-5.014848214103278,0.36583782517977603,0.5653799070715934,0.1304274646508744,3.522731703665065e-05,19.99567676161972,41.58746316897003,nan,2.8142175136940293,nan
33.09,220.00323486328125,-201.684326171875,-5.017882823944092,220.13092165645665,-202.02746129430284,-5.0149278352775655,0.3661343487751518,0.5654258274027237,0.1304477034194697,3.5933915257352305e-05,19.902217031939323,41.51052825675639,nan,nan,nan
33.1,220.00323486328125,-201.6756134033203,-5.017882823944092,220.12895711161775,-202.0152552422859,-5.0147011807306985,0.36217783664415576,0.565370120520815,0.13043940865021314,3.519916903070383e-05,19.558656693725755,42.10569738596994,0.9822200943576059,0.04396045193936872,nan
33.11,220.00323486328125,-201.66688537597656,-5.017882823944092,220.12932702391268,-202.00669438403352,-5.014779108674252,0.3624624504384334,0.5654158552719267,0.1304596448999144,3.590503895666503e-05,19.464654136458254,41.28786260370328,nan,nan,nan
33.12,220.00323486328125,-201.6581573486328,-5.017882823944092,220.12968540772565,-201.99813291732465,-5.012513640083092,0.3627698383727044,0.5654616746570911,0.13047994503090093,3.519304357881362e-05,19.941047435473745,41.78818807211497,nan,3.837754072338401,nan
33.13,220.00323486328125,-201.64942932128906,-5.017882823944092,220.13005536386927,-201.9895720049288,-5.012570368510401,0.3630546884227872,0.5655075788894164,0.130500309187854,3.589908256412964e-05,19.83383888636166,41.720033157599545,nan,nan,nan
33.14,220.00323486328125,-201.64071655273438,-5.017882823944092,220.13041872873254,-201.9810107833088,-5.0112306125647,0.3633457732100374,0.5655535680471223,0.13052073751512058,3.5187706029199914e-05,20.22924551982348,42.87281259255232,nan,1.364145995101878,nan
33.15,220.00323486328125,-201.63198852539062,-5.017882823944092,220.12849178182486,-201.9704628168717,-5.011264246299426,0.36096806951127547,0.5654977536722163,0.13051239829073175,3.587186506512694e-05,20.03797825520518,42.01021637819379,0.16289381030196667,nan,nan
33.160000000000004,220.00323486328125,-201.62326049804688,-5.017882823944092,220.1288494049241,-201.96189619098143,-5.009322885244983,0.36128440064849776,0.5655435568909295,0.13053282344180106,3.51619202272788e-05,20.827202434424578,42.82258269398092,nan,2.7625379423258676,nan
33.17,220.00323486328125,-201.61453247070312,-5.017882823944092,220.12921592534815,-201.9533300882799,-5.009349876138331,0.3615630856067266,0.5655894448896136,0.13055331282364416,3.5867467791541466e-05,20.70016520448434,42.69942702069909,nan,nan,nan
33.18,220.00323486328125,-201.60581970214844,-5.017882823944092,220.12958052267234,-201.94476414523925,-5.008959846111538,0.3618372295418332,0.5656354177553835,0.1305738665806942,3.515805623135356e-05,20.85984766726479,43.62086162590698,nan,0.12209683414661401,nan
33.19,220.00323486328125,-201.5970916748047,-5.017882823944092,220.12994698812096,-201.93619822816834,-5.00898426715235,0.3621165577939573,0.5656814756880372,0.13059448485750108,3.586381806218157e-05,20.73050133664545,42.81066467922953,nan,nan,nan
33.2,220.00323486328125,-201.58836364746094,-5.017882823944092,220.1583067653509,-201.93957033717038,-5.010398063542613,0.38399147822110224,0.565625553650831,0.13058609773433436,3.513371709859173e-05,19.929464603061543,43.213573833573726,7.6903528115251225,1.3607064483179838,nan
33.21,220.00323486328125,-201.57965087890625,-5.017882823944092,220.1587227685276,-201.93102147146854,-5.0104385068210275,0.38430872986819437,0.5656714252785452,0.13060671215910483,3.5838832862300093e-05,19.807068724290023,43.859502570404445,nan,nan,nan
33.22,220.00323486328125,-201.5709228515625,-5.017882823944092,220.15914054959333,-201.92247261409074,-5.01091062368344,0.3846328510860393,0.5657173817137626,0.13062739116044128,3.5131211569225246e-05,19.57255740872262,42.92961488781538,nan,0.12997355420487872,nan
33.230000000000004,220.00323486328125,-201.56219482421875,-5.017882823944092,220.1595567081165,-201.91392367153748,-5.0109572054957,0.38496449888236034,0.5657634231485422,0.13064813488285446,3.583657253321053e-05,19.45557589132047,42.8471362823292,nan,nan,nan
33.24,220.00323486328125,-201.553466796875,-5.017882823944092,220.15998035282692,-201.90537484594563,-5.0128811939477504,0.3852706059333222,0.5658095496815888,0.1306689434708382,3.512935726775514e-05,18.757855162533353,42.162791294175385,nan,2.4679173298004087,nan
33.25,220.00323486328125,-201.5447540283203,-5.017882823944092,220.1210706089832,-201.87320087488666,-5.012928837024112,0.3489801369289022,0.565753519918277,0.13066050498346468,3.58129472400432e-05,18.033327043764693,41.47460209457239,19.35929175426934,nan,nan
33.26,220.00323486328125,-201.53602600097656,-5.017882823944092,220.12141757140435,-201.86460111785502,-5.011137683316528,0.3492481307796586,0.565799459781925,0.1306813090254115,3.5106952604821284e-05,18.572784436687357,41.28553999380107,nan,2.424602840476195,nan
33.27,220.00323486328125,-201.5272979736328,-5.017882823944092,220.12177176222502,-201.8560012493399,-5.011187786391369,0.3494877156633784,0.5658454845774116,0.13070217798626296,3.5811961170985156e-05,18.457495665311114,41.196975374853245,nan,nan,nan
33.28,220.00323486328125,-201.51856994628906,-5.017882823944092,220.12212555531352,-201.84740130907477,-5.011127964402596,0.34972945247840004,0.5658915944101339,0.13072311201051717,3.510630050034454e-05,18.43485494122598,41.21164531981524,nan,0.008634620152805075,nan
33.29,220.00323486328125,-201.50985717773438,-5.017882823944092,220.12247972944698,-201.83880125003284,-5.011179152686392,0.3499549685538336,0.5659377894621304,0.13074411124267832,3.581158578777398e-05,18.317645651462065,41.91235464876231,nan,nan,nan
33.3,220.00323486328125,-201.50112915039062,-5.017882823944092,220.14944903482706,-201.843494673926,-5.0115417627280054,0.37233445277574906,0.5658816518068713,0.1307356179058599,3.5085068281767475e-05,18.27977859359142,41.932552497508624,7.329588329447604,0.045232128956885956,nan
33.31,220.00323486328125,-201.49240112304688,-5.017882823944092,220.14984784981093,-201.8349185563708,-5.011598691350666,0.372629910598194,0.5659276598192693,0.13075661188011467,3.5789766285520943e-05,18.16731243709887,41.84159534602867,nan,nan,nan
33.32,220.00323486328125,-201.48367309570312,-5.017882823944092,220.15025601435175,-201.82634209100655,-5.0145162705719954,0.37289220008732177,0.5659737528066727,0.13077767111209893,3.508551304905665e-05,17.317390602674795,41.009837177137584,nan,5.745508089579567,nan
33.33,220.00323486328125,-201.47496032714844,-5.017882823944092,220.150654481435,-201.81776592773795,-5.014603908402527,0.37317418841509287,0.5660199309453757,0.13079879574633885,3.579051047191421e-05,17.223584302270027,41.68240776431687,nan,nan,nan
33.34,220.00323486328125,-201.4662322998047,-5.017882823944092,220.1510546272858,-201.809189628783,-5.015250419395542,0.37346665404558504,0.5660661943493844,0.13081998592729963,3.508648373953414e-05,17.05166935774115,40.7563895239171,nan,0.21857169917283262,nan
33.35,220.00323486328125,-201.45750427246094,-5.017882823944092,220.1475401322789,-201.79508988974925,-5.015335581680452,0.3671437703455716,0.5660099487065714,0.13081143423822666,3.576977990169229e-05,16.555212956547383,40.559106342411326,1.570623061394271,nan,nan
33.36,220.00323486328125,-201.4487762451172,-5.017882823944092,220.14793878898163,-201.78649662305014,-5.016500868845868,0.36741827606172855,0.5660560247013752,0.13083261843185462,3.5066797515034344e-05,16.359698550426682,40.34684589958859,nan,0.8038576150872162,nan
33.37,220.00323486328125,-201.4400634765625,-5.017882823944092,220.1483342662908,-201.77790388458646,-5.016608771969656,0.3676841052533507,0.5661021857790274,0.13085386821861025,3.5771539981970176e-05,16.28050069219173,40.99915247278409,nan,nan,nan
33.38,220.00323486328125,-201.43133544921875,-5.017882823944092,220.14873085859918,-201.7693111634206,-5.017093465670273,0.3679637089854068,0.5661484320584302,0.130875183742919,3.5068725010737214e-05,16.184895505071683,40.13287647397307,nan,0.0993196353951266,nan
33.39,220.00323486328125,-201.422607421875,-5.017882823944092,220.14912635449093,-201.76071847236096,-5.017207170353334,0.3682443022992766,0.5661947637085423,0.1308965651493678,3.577378743630522e-05,16.112153139778275,40.04574877763466,nan,nan,nan
33.4,220.00323486328125,-201.41387939453125,-5.017882823944092,220.15856672472975,-201.7393873173382,-5.018012626420422,0.36067078040762257,0.5661384099127343,0.13088795158968664,3.504996643831692e-05,14.112586008224467,40.27061701256412,28.287008400392068,0.5240917812754148,nan
33.410000000000004,220.00323486328125,-201.40516662597656,-5.017882823944092,220.15899365172666,-201.73073796787938,-5.018133493385147,0.3609121245975963,0.5661845537793211,0.13090932626216775,3.5754481640992934e-05,14.044967559315609,40.97297337318631,nan,nan,nan
33.42,220.00323486328125,-201.3964385986328,-5.017882823944092,220.15942252301065,-201.7220883976169,-5.019019542699426,0.36116986136670165,0.5662307827829851,0.13093076685955807,3.505275726288902e-05,14.013179287329963,40.08126249394064,nan,0.4112143971877158,nan
33.43,220.00323486328125,-201.38771057128906,-5.017882823944092,220.1598492195959,-201.71343895206232,-5.0191496971496194,0.3614258424805044,0.5662770970885492,0.13095227352649566,3.575760861590452e-05,13.954608441792207,39.95297341032971,nan,nan,nan
33.44,220.00323486328125,-201.3789825439453,-5.017882823944092,220.1602692859365,-201.7047902146386,-5.016734301458535,0.3616790943435163,0.5663234968211189,0.13097384640732795,3.5055962856853685e-05,13.881073849441204,39.8346912298063,nan,4.563957438495095,nan
33.45,220.00323486328125,-201.37026977539062,-5.017882823944092,220.16212993641173,-201.69200747573234,-5.016782003701944,0.3588370157766906,0.566267034751303,0.13096516744549885,3.5739153578974195e-05,13.321952213987618,40.67517917998761,2.2450692403414387,nan,nan
33.46,220.00323486328125,-201.36154174804688,-5.017882823944092,220.16256045092499,-201.68334204050416,-5.01569456405887,0.35908892991143526,0.5663132463259262,0.13098673282880252,3.5038408333892644e-05,13.359181797492527,39.86190936720861,nan,1.0047452547899922,nan
33.47,220.00323486328125,-201.35281372070312,-5.017882823944092,220.16299385604177,-201.67467637534946,-5.015790527936482,0.3593367249898429,0.5663595431330984,0.131008364465604,3.57430693669911e-05,13.279781375203303,39.752535917091876,nan,nan,nan
33.480000000000004,220.00323486328125,-201.34408569335938,-5.017882823944092,220.16342862250272,-201.66601047150937,-5.016429703550977,0.35958269541136834,0.5664059253013896,0.13103006250019344,3.504235564425952e-05,13.152636515560758,39.627063748740035,nan,0.20710047670354026,nan
33.49,220.00323486328125,-201.3353729248047,-5.017882823944092,220.16386226732186,-201.6573446343918,-5.01653296376785,0.35981768553777754,0.5664523929904284,0.1310518270772968,3.5747364813953306e-05,13.077102812959346,40.339782035202404,nan,nan,nan
33.5,220.00323486328125,-201.32664489746094,-5.017882823944092,220.16209570431343,-201.65279830818912,-5.0151996132264385,0.362794726757202,0.5663958224794206,0.13104307917020694,3.502551662949012e-05,13.746278696499814,39.54396772529539,2.9837425041998076,1.7170551440468285,nan
33.51,220.00323486328125,-201.3179168701172,-5.017882823944092,220.16252081252205,-201.64414987114668,-5.015291998049923,0.36305192048116874,0.5664421016322214,0.13106483546966985,3.573000412216294e-05,13.664415892988943,39.45084322127269,nan,nan,nan
33.52,220.00323486328125,-201.30918884277344,-5.017882823944092,220.16294565007541,-201.6355014694544,-5.015230908505332,0.3633104710923324,0.5664884660792086,0.13108665834736735,3.503012493858749e-05,13.613423405887998,39.38802459685447,nan,0.01683004592246267,nan
33.53,220.00323486328125,-201.30047607421875,-5.017882823944092,220.16337081082233,-201.62685300644358,-5.015323740858376,0.3635546348069455,0.5665349159771408,0.1311085479480846,3.5734971778200736e-05,13.530704958307622,40.08473279748902,nan,nan,nan
33.54,220.00323486328125,-201.291748046875,-5.017882823944092,220.16379687674083,-201.6182043648226,-5.015892572964408,0.3638101823658243,0.5665814514588965,0.1311305044160209,3.5035052303396185e-05,13.397193610932463,39.12959172754683,nan,0.15901216177764863,nan
33.55,220.00323486328125,-201.28302001953125,-5.017882823944092,220.15868527926088,-201.61621672960348,-5.015927244092159,0.36768016498548645,0.566524772365716,0.13112168401177082,3.571825836806046e-05,14.35397547749648,38.7563286725793,7.525658663246571,nan,nan
33.56,220.00323486328125,-201.2742919921875,-5.017882823944092,220.15909257601564,-201.6075976489277,-5.016041429437645,0.3679506463746801,0.5665711189323234,0.13114363140567872,3.501912485372867e-05,14.280804443795232,38.674977638287956,nan,0.0001597979165407096,nan
33.57,220.00323486328125,-201.2655792236328,-5.017882823944092,220.15949964022127,-201.59897836336265,-5.01614160238089,0.36820741265927864,0.5666175508794763,0.13116564569967953,3.572382092342277e-05,14.204519046455442,39.33896068431471,nan,nan,nan
33.58,220.00323486328125,-201.25685119628906,-5.017882823944092,220.1599091998153,-201.5903583476095,-5.017776379557491,0.36847507248207784,0.5666640683424048,0.13118772703791468,3.502461074542054e-05,14.05756218130635,38.39038541538639,nan,1.6587640538281951,nan
33.59,220.00323486328125,-201.2481231689453,-5.017882823944092,220.16031622421895,-201.58173890138522,-5.017893640892383,0.36874654032609216,0.566710671474339,0.13120987556525854,3.572967170438308e-05,13.995088067700852,38.31153418784845,nan,nan,nan
33.6,220.00323486328125,-201.23939514160156,-5.017882823944092,220.16950633060677,-201.5742347903821,-5.018592466179662,0.37385063171559746,0.5666538836287175,0.13120097910416192,3.500921999133607e-05,13.663829461814862,38.610971670846745,1.3404477121093685,0.24630729762995016,nan
33.61,220.00323486328125,-201.23068237304688,-5.017882823944092,220.16993115831,-201.5656110749496,-5.018717733763869,0.3741197498247878,0.5667002974634062,0.1312231177451959,3.571377393682097e-05,13.605749583103396,39.30431599266261,nan,nan,nan
33.62,220.00323486328125,-201.22195434570312,-5.017882823944092,220.17035727833414,-201.5569871376071,-5.019631708914206,0.3744061055361231,0.5667467967448403,0.13124532360406327,3.501519645688949e-05,13.612260538300816,38.50421606747099,nan,0.4375385420271283,nan
33.63,220.00323486328125,-201.21322631835938,-5.017882823944092,220.17078220076607,-201.54836364435164,-5.019767281250202,0.3746901236366333,0.56679338162435,0.13126759682569258,3.5720122822952076e-05,13.563285045775944,38.4177728657298,nan,nan,nan
33.64,220.00323486328125,-201.20449829101562,-5.017882823944092,220.17120711053138,-201.53974016276408,-5.019903906972885,0.3749744967278099,0.5668400522430218,0.13128993755437052,3.6439365193180534e-05,13.51519248493962,38.32206239136169,nan,nan,nan
33.65,220.00323486328125,-201.19578552246094,-5.017882823944092,220.15597548737102,-201.5299717642785,-5.02001731610604,0.36744346303108805,0.5667831554886064,0.13128096147225807,3.71492674813058e-05,14.147378493691246,38.45643287473668,4.899804542744329,nan,nan
33.660000000000004,220.00323486328125,-201.1870574951172,-5.017882823944092,220.15636979886813,-201.5213579829603,-5.0214575481561985,0.36772259017162673,0.5668296364237291,0.13130329148648523,3.636537767806259e-05,14.3157874979131,37.81807342647077,nan,1.106638707349481,nan
33.67,220.00323486328125,-201.17832946777344,-5.017882823944092,220.15676227475598,-201.51274478152754,-5.021610140257729,0.36799206653716027,0.5668762028855773,0.13132568903374084,3.709682260271121e-05,14.27880783001101,37.7352572284134,nan,nan,nan
33.68,220.00323486328125,-201.1696014404297,-5.017882823944092,220.15715311286874,-201.50413203579492,-5.020533631013086,0.3682506939159983,0.566922855013329,0.1313481542579978,3.6315845279395104e-05,14.037955814595184,37.455765802978384,nan,0.9911601522505337,nan
33.69,220.00323486328125,-201.160888671875,-5.017882823944092,220.15754545680554,-201.49551884742527,-5.020676265141079,0.36850633234226177,0.5669695929564367,0.13137068730429588,3.704602852263674e-05,13.993923870262998,38.124710884047914,nan,nan,nan
33.7,220.00323486328125,-201.15216064453125,-5.017882823944092,220.1557533558836,-201.50078968542596,-5.021836534874272,0.3805518763204001,0.5657117559209466,0.13089674504394097,3.624529676320271e-05,21.957964370186506,44.81609434335783,3.707215688189993,0.646561325140733,0.051816671094126195
33.71,220.00323486328125,-201.1434326171875,-5.017882823944092,220.15614333450912,-201.49221706243264,-5.021991321435709,0.38085229363868517,0.5657563160937333,0.13091672223387957,3.6973373112846303e-05,21.897144696920297,44.71341439915448,nan,nan,nan
33.72,220.00323486328125,-201.13470458984375,-5.017882823944092,220.15653083637045,-201.48364656075574,-5.023408880588618,0.3811701611240712,0.565800960213058,0.13093676032082477,3.619899873957678e-05,22.1984039406317,45.00949911365433,nan,1.0494540107968136,nan
33.730000000000004,220.00323486328125,-201.12599182128906,-5.017882823944092,220.15692108108922,-201.4750739590178,-5.0235783743969735,0.3814580340225518,0.565845688436462,0.13095685945651567,3.692596246262775e-05,22.14539237956954,45.68916672290267,nan,nan,nan
33.74,220.00323486328125,-201.1172637939453,-5.017882823944092,220.15731222677084,-201.46650053110045,-5.023269972424942,0.38175273920094593,0.5658905008952962,0.1309770197784076,3.615428795996868e-05,21.98430658714727,44.73787962817017,nan,0.15160534461625796,nan
33.75,220.00323486328125,-201.10853576660156,-5.017882823944092,220.1573195471911,-201.45646271860667,-5.023409583141543,0.3805598491885205,0.5658334182810612,0.1309684143402019,3.685690053025882e-05,21.768976208718843,44.65390243285731,0.27756153883729845,nan,nan
33.76,220.00323486328125,-201.0998077392578,-5.017882823944092,220.1577122684128,-201.44788352391322,-5.022900403530951,0.38084799679736714,0.5658780488360072,0.13098856981751755,3.6088822628287786e-05,21.552999351552344,44.40342104507491,nan,0.303473084619046,nan
33.77,220.00323486328125,-201.09109497070312,-5.017882823944092,220.1581034503258,-201.43930512275773,-5.023061898158736,0.3811317515725848,0.5659227634395468,0.13100878657688148,3.681285004003181e-05,21.49711454548178,45.07777170103229,nan,nan,nan
33.78,220.00323486328125,-201.08236694335938,-5.017882823944092,220.15849444930376,-201.43072674807334,-5.023224658985634,0.38142971540487514,0.5659675622294897,0.13102906475958448,3.755135768908906e-05,21.444090675528496,44.24941081238876,nan,nan,nan
33.79,220.00323486328125,-201.07363891601562,-5.017882823944092,220.15888551893897,-201.4221485697597,-5.023388522790285,0.3817281992194031,0.5660124453503361,0.13104940451012673,3.8304490075659536e-05,21.39155603099544,44.164853182714815,nan,nan,nan
33.8,220.00323486328125,-201.06492614746094,-5.017882823944092,220.16506628035094,-201.41758157615442,-5.020736412760479,0.38802500165182724,0.5659552929887535,0.13104076096737496,3.742275450250862e-05,20.964639840019498,44.40569618605729,0.9438423525322505,4.554904614971734,nan
33.81,220.00323486328125,-201.0561981201172,-5.017882823944092,220.1654657568629,-201.40901316275662,-5.020873331167869,0.3883378172138503,0.5659999939184895,0.13106109534693408,3.817220056030543e-05,20.898081085876225,43.590622814273694,nan,nan,nan
33.82,220.00323486328125,-201.04747009277344,-5.017882823944092,220.16586569585908,-201.40044449481167,-5.020793487287771,0.38864918391822717,0.5660447789707185,0.13108149137704642,3.732173014138294e-05,20.80781972575015,43.465563130381184,nan,0.029341822529969804,nan
33.83,220.00323486328125,-201.0387420654297,-5.017882823944092,220.16626508512738,-201.3918761678444,-5.020930046847531,0.3889625085928805,0.5660896483047387,0.13110194920803597,3.8068605296648486e-05,20.742043617075222,43.38320344458231,nan,nan,nan
33.84,220.00323486328125,-201.030029296875,-5.017882823944092,220.1666660383068,-201.38330678800725,-5.020290896032728,0.3892563853324831,0.5661346020502402,0.1311224689787525,3.722414974392427e-05,20.56922892019635,43.94345360207685,nan,0.3757182665012763,nan
33.85,220.00323486328125,-201.02130126953125,-5.017882823944092,220.16566170565116,-201.37596739736512,-5.020370264007362,0.3900983577419885,0.5660773797090252,0.13111378422743547,3.7944093469690126e-05,20.81355644437641,43.06887973516863,0.611564656454654,nan,nan
33.86,220.00323486328125,-201.0125732421875,-5.017882823944092,220.16605871428234,-201.36740367558656,-5.019064298102771,0.3904070168454681,0.5661221509720383,0.13113429808142113,3.710656080106452e-05,20.606513922520172,42.8483793891137,nan,1.2941370186452903,nan
33.87,220.00323486328125,-201.00384521484375,-5.017882823944092,220.16645262736196,-201.35884175716038,-5.0191821189279855,0.3907227555898468,0.5661670064594835,0.13115487396250003,3.784777598647459e-05,20.532163177063648,42.77332363232648,nan,nan,nan
33.88,220.00323486328125,-200.99513244628906,-5.017882823944092,220.16684450882445,-201.3502810346489,-5.0202460821908,0.3910296931414541,0.5662119463010987,0.13117551201021602,3.701589580846933e-05,20.55512959846914,43.52712668677735,nan,0.5625610092365116,nan
33.89,220.00332641601562,-200.9864044189453,-5.017982006072998,220.16728789435123,-201.341719118941,-5.020424861820876,0.39132834034251696,0.5662569706561374,0.13119621237387014,3.7754958621518555e-05,20.484410587082525,43.06036118158337,nan,nan,nan
33.9,220.00350952148438,-200.97767639160156,-5.018178939819336,220.18519656116555,-201.33704672312433,-5.021894332210636,0.4027046308493563,0.5661996780554698,0.13118748326603888,3.6905461626039504e-05,20.043594806511347,43.602073741191475,5.2854899029797835,0.8374651312269203,nan
33.910000000000004,220.0037384033203,-200.9689483642578,-5.018472194671631,220.18582938170482,-201.3284812399816,-5.0222831451689185,0.4030329223263853,0.5662445196325364,0.13120817714738772,3.764157147119928e-05,19.976471959764172,43.32966706935546,nan,nan,nan
33.92,220.00396728515625,-200.96023559570312,-5.018861770629883,220.18649114228865,-201.31991559787505,-5.022695051554846,0.40336008283856556,0.5662894455056606,0.13122893341869038,3.6821512395487814e-05,19.906938201418516,44.76948110454778,nan,0.0035112096294703642,nan
33.93,220.0042266845703,-200.95150756835938,-5.019345760345459,220.1871646467799,-201.31135002009918,-5.02327665213047,0.40369337374019454,0.5663344558339489,0.1312497522286393,3.7555731438976934e-05,19.840250874156347,42.881765286329056,nan,nan,nan
33.94,220.0044708251953,-200.94277954101562,-5.019922733306885,220.18784316156885,-201.30278353345395,-5.023161438984846,0.40402818903275783,0.5663795507473329,0.13127063371767592,3.674079001488718e-05,19.63427124493255,43.41281072553459,nan,0.4010691927013437,nan
33.95,220.0047149658203,-200.93405151367188,-5.02059268951416,220.18393365678884,-201.30086563027044,-5.023871093461909,0.4082679062342517,0.5663221876195091,0.13126185708497173,3.744951353156729e-05,20.856520413681782,43.06347806861284,10.085406258205124,nan,nan
33.96,220.0049591064453,-200.9253387451172,-5.0213541984558105,220.18458654287778,-201.29233113833354,-5.024747151426727,0.408608547056749,0.5663670994555419,0.1312827315072662,3.664053963754239e-05,20.80315292469076,43.57338990781098,nan,0.0002928264532661645,nan
33.97,220.00518798828125,-200.91661071777344,-5.022205829620361,220.1852354666442,-201.2837966820456,-5.025694092760393,0.4089679630521958,0.5664120956876059,0.13130366868739268,3.737040912635717e-05,20.735716962885267,43.292659997018106,nan,nan,nan
33.980000000000004,220.00543212890625,-200.9078826904297,-5.023146629333496,220.18587903643822,-201.27526288968593,-5.027197961175657,0.4093234790884915,0.566457176445866,0.13132466876632473,3.656620913614377e-05,20.781729935410656,42.49564876000711,nan,0.140260499129635,nan
33.99,220.0056610107422,-200.89915466308594,-5.024175643920898,220.18651933326996,-201.26672889051144,-5.0283301446482636,0.4096801256728358,0.5665023418891038,0.13134573189197019,3.729453373012573e-05,20.717958541578753,42.895861683521325,nan,nan,nan
34.0,220.00587463378906,-200.89044189453125,-5.02529239654541,220.17052638936224,-201.25599771322692,-5.028612555159863,0.4009392480773289,0.5664449079207089,0.13133690452958444,3.647248211413064e-05,21.33108140362788,43.2785484840691,6.357600761130466,0.5807288400512809,nan
34.01,220.006103515625,-200.8817138671875,-5.026495456695557,220.17112127159177,-201.24747266150675,-5.0299119966668115,0.4012755015591589,0.5664898899831465,0.1313579599848677,3.719845783303135e-05,21.266701564057175,41.68815155136271,nan,nan,nan
34.02,220.00631713867188,-200.87298583984375,-5.027783393859863,220.1717144910399,-201.2389461855857,-5.029920314889201,0.40160655529684236,0.5665349565120732,0.13137907855509945,3.640429468919528e-05,21.001891172420954,41.894518455704144,nan,1.2369408528731647,nan
34.03,220.00653076171875,-200.86427307128906,-5.02915620803833,220.17230024151144,-201.2304211056203,-5.031378606757742,0.40193139032855024,0.566580107665961,0.1314002603877244,3.712894053722092e-05,20.93136840247514,42.31435310248929,nan,nan,nan
34.04,220.00672912597656,-200.8555450439453,-5.030611991882324,220.17288091173484,-201.22189655409764,-5.0332356275199555,0.40227692994442665,0.5666253435754146,0.13142150562439953,3.633904978133249e-05,20.91139337853072,42.085727306240095,nan,0.0643963657890436,nan
34.05,220.00694274902344,-200.84681701660156,-5.0321502685546875,220.17166968267247,-201.2088862593581,-5.034902585530882,0.39778973650466487,0.5665678384656618,0.13141262430849218,3.703931770745634e-05,20.375256908871048,41.18172446881469,1.677314908463559,nan,nan
34.06,220.00714111328125,-200.83810424804688,-5.033725738525391,220.17224131043193,-201.20034777639745,-5.038250521582008,0.3981192316288883,0.5666128906871785,0.13143386125281267,3.625451085922951e-05,20.657667959966098,42.60172600852296,nan,1.8027301540870697,nan
34.07,220.00732421875,-200.82937622070312,-5.035303115844727,220.17281230631514,-201.19180788930515,-5.039979269773693,0.3984531188824905,0.5666580274727793,0.13145516167169105,3.697587977113626e-05,20.608203056507623,42.33578112844474,nan,nan,nan
34.08,220.0075225830078,-200.82064819335938,-5.036866664886475,220.17338193341334,-201.1832670140816,-5.040406298766382,0.3987659241546591,0.5667032489534416,0.13147652570718596,3.619502820301709e-05,20.288410644535094,41.150752644287564,nan,1.1093197789994371,nan
34.09,220.00770568847656,-200.8119354248047,-5.038407325744629,220.17394500679796,-201.1747274013116,-5.042100204834281,0.39908290683732284,0.5667485552871,0.13149795350614948,3.691534789961785e-05,20.234474968030632,42.27267534314856,nan,nan,nan
34.1,220.0078887939453,-200.80320739746094,-5.039921760559082,220.17685503487087,-201.1576067323677,-5.043519365833787,0.392633954108122,0.566690978692163,0.13148901498309937,3.611630417052506e-05,18.864813484167897,41.35256485147704,10.90814343155634,0.0671915707638827,nan
34.11,220.00807189941406,-200.7944793701172,-5.041408061981201,220.17742767105204,-201.1490319925584,-5.045161291516109,0.39294150480571927,0.5667361010267427,0.13151043384917774,3.6834764006374834e-05,18.814101282337468,41.11961105613139,nan,nan,nan
34.12,220.00823974609375,-200.7857666015625,-5.042865753173828,220.17799612528276,-201.1404575744138,-5.04708829632815,0.39324387391065085,0.566781307995067,0.13153191654088442,3.6062308996058525e-05,18.848810774978606,42.37252358193033,nan,0.06483631431587082,nan
34.13,220.0084228515625,-200.77703857421875,-5.044295310974121,220.17856159556248,-201.13188319501322,-5.0486784518752845,0.3935493730662273,0.5668265997546439,0.1315534632047252,3.677989332330589e-05,18.802997029024926,40.68334021069449,nan,nan,nan
34.14,220.0085906982422,-200.76832580566406,-5.045696258544922,220.1791183716664,-201.12331108969218,-5.052703511184378,0.3938823947189671,0.56687197643707,0.13157507398327015,3.6010934795119197e-05,19.567982458686803,42.656616441549694,nan,4.039723095953416,nan
34.15,220.00875854492188,-200.7595977783203,-5.047069549560547,220.17780393598437,-201.11032701421917,-5.054103859863387,0.3894057301518595,0.5668143280254894,0.13156607498243578,3.6704995768531893e-05,19.054674379127967,41.50095515601222,2.547762675359759,nan,nan
34.160000000000004,220.0089111328125,-200.75086975097656,-5.048415660858154,220.17836102675005,-201.10173812691926,-5.055322195469077,0.3897044829257741,0.5668595203941971,0.13158767616971526,3.594032172648749e-05,18.959532396795225,41.882226851886664,nan,0.06511964502753992,nan
34.17,220.0090789794922,-200.74215698242188,-5.049734592437744,220.17891425391446,-201.09314950933708,-5.056823496352473,0.3899872138251734,0.5669047974915654,0.13160934153429044,3.665549123686546e-05,18.928437298554645,41.77211996552235,nan,nan,nan
34.18,220.0092315673828,-200.73342895507812,-5.051027774810791,220.17946487342846,-201.08456076630318,-5.057998505225005,0.3902838946509689,0.5669501594496604,0.13163107121902864,3.5894027693669595e-05,18.837936676289686,41.37067356460983,nan,0.060695448071423734,nan
34.19,220.00938415527344,-200.72471618652344,-5.052294731140137,220.1800118033367,-201.07597226862322,-5.059446440705262,0.39057109013006996,0.5669956064253047,0.1316528653699968,3.660854489934506e-05,18.806539033378854,41.94921200765325,nan,nan,nan
34.2,220.00953674316406,-200.7159881591797,-5.053536415100098,220.19219561559248,-201.07150619250993,-5.059366260433093,0.3997390683889067,0.5669378858258896,0.1316438025969512,3.582849167812646e-05,18.153202682285905,40.93700675547321,1.4635972028677868,1.5226972478994627,nan
34.21,220.0096893310547,-200.707275390625,-5.054753303527832,220.19275803722516,-201.06292186967787,-5.060751027134325,0.4000431750825042,0.5669831481692621,0.13166558648038307,3.6541537473691755e-05,18.115189318518738,41.46959492033228,nan,nan,nan
34.22,220.00982666015625,-200.69854736328125,-5.055946350097656,220.19331701787794,-201.05433788357405,-5.062357110047028,0.4003707076575223,0.5670284953104228,0.13168743488590462,3.578699448037918e-05,18.20682634087829,41.28574501733502,nan,0.04043234229259041,nan
34.230000000000004,220.0099639892578,-200.68983459472656,-5.057115077972412,220.19387354622245,-201.04575380069983,-5.06369782947993,0.40068009551383765,0.5670739274056912,0.13170934795932948,3.649952569224939e-05,18.171840400923774,41.85693371044629,nan,nan,nan
34.24,220.01010131835938,-200.6811065673828,-5.058260917663574,220.19442785390387,-201.0371694068517,-5.064672988738009,0.4009964239390922,0.5671194445878698,0.13173132584389927,3.574778209663968e-05,18.06333118304961,40.79740584184037,nan,0.07952495101310882,nan
34.25,220.01023864746094,-200.67239379882812,-5.059383869171143,220.1916390501473,-201.02366396782458,-5.065914896193648,0.395397890782865,0.5670616514409769,0.13172219598968818,3.6437429692872e-05,17.631297884974188,41.26394618224569,1.4144293582172969,nan,nan
34.26,220.0103759765625,-200.66366577148438,-5.060483932495117,220.19218504678096,-201.01506473731226,-5.067552422525107,0.3957091542407276,0.567106983669007,0.1317441629131513,3.5689261038920226e-05,17.789970904862265,40.495408732224945,nan,0.09181868089727421,nan
34.27,220.01051330566406,-200.65493774414062,-5.061562538146973,220.1927289457302,-201.00646542836722,-5.068804542674533,0.3960135084716257,0.567152400786867,0.1317661947027023,3.6400056634945564e-05,17.760638360981595,40.26883458314013,nan,nan,nan
34.28,220.01063537597656,-200.64622497558594,-5.062619686126709,220.1932691999821,-200.9978666221754,-5.070453933744214,0.39631847890649935,0.5671979029278866,0.1317882915017971,3.565443459072976e-05,17.968716668095567,41.726379174845775,nan,0.11876949535141346,nan
34.29,220.01075744628906,-200.6374969482422,-5.063655376434326,220.19380750799377,-200.989267741496,-5.071669147263727,0.3966285877233566,0.5672434902476106,0.13181045345593265,3.6364889161614094e-05,17.94317453065887,40.77576639179446,nan,nan,nan
34.300000000000004,220.01087951660156,-200.6287841796875,-5.064670562744141,220.19850331037,-200.9720019164074,-5.074365793662002,0.39127368974893734,0.567185624157596,0.13180125319324779,3.56002589537709e-05,17.51942750011909,42.51796123055734,11.448531994607624,1.653122078441782,nan
34.31,220.01100158691406,-200.62005615234375,-5.0656657218933105,220.19905706053422,-200.9633669804537,-5.075555963505564,0.39156736679043846,0.5672310261974959,0.13182340347546567,3.630954421862597e-05,17.503643361157156,41.49485951705276,nan,nan,nan
34.32,220.01112365722656,-200.61134338378906,-5.066640377044678,220.19960942831153,-200.95473189853408,-5.076227802924727,0.3918347568749982,0.5672765131959868,0.1318456189621184,3.5569539588236456e-05,17.323150711208115,41.9790430893602,nan,0.17026386801883334,nan
34.33,220.01123046875,-200.6026153564453,-5.067596435546875,220.20015850295,-200.9460971864706,-5.077375279733129,0.39213415492382,0.5673220853080704,0.1318678997985231,3.6278590778227276e-05,17.305493269903064,41.63254664024165,nan,nan,nan
34.34,220.0113525390625,-200.59390258789062,-5.068532943725586,220.20070245623725,-200.9374633240398,-5.07998908603875,0.3924520528092007,0.5673677426678763,0.13189024612840164,3.554077126269973e-05,18.292547315602548,42.589157898426066,nan,1.5082024550573045,nan
34.35,220.01145935058594,-200.58517456054688,-5.069450855255127,220.1799079429778,-200.9179902558666,-5.081097917565889,0.37319816370184417,0.5673098032494586,0.13188097211825703,3.622740551217883e-05,18.213421624636165,41.58879917344028,4.534464622916539,nan,nan
34.36,220.01156616210938,-200.5764617919922,-5.070350170135498,220.1804181077015,-200.90933559157477,-5.08040143396609,0.3733858244274817,0.5673552750006016,0.1319033060486808,3.549254229383144e-05,17.245584594741835,41.27809786458038,nan,2.235948549642539,nan
34.37,220.0116729736328,-200.56773376464844,-5.071231842041016,220.1809227711328,-200.90068171018666,-5.081475146209446,0.3736371952472034,0.5674008317994012,0.13192570552009728,3.620038096367376e-05,17.22995400217582,40.30280971156216,nan,nan,nan
34.38,220.01177978515625,-200.55902099609375,-5.072096347808838,220.18142598401357,-200.89202759034077,-5.082134746011851,0.37386360352035136,0.5674464737805383,0.13194817067637782,3.5467483636965096e-05,17.103727528318057,40.79923052330062,nan,0.10853048654266008,nan
34.39,220.0118865966797,-200.55029296875,-5.072942733764648,220.18192626137267,-200.88337375076236,-5.083171377325725,0.3741135122712962,0.5674922010982004,0.13197070166261848,3.617521968614764e-05,17.087926319815686,39.85678376806419,nan,nan,nan
34.4,220.01197814941406,-200.5415802001953,-5.07377290725708,220.1895477624665,-200.86619432436555,-5.08409052869158,0.3701509832520651,0.5674341879340582,0.13196135055263034,3.5422900906034866e-05,15.870331602364018,41.81683557131198,13.46151127116904,0.0110962883039701,nan
34.410000000000004,220.0120849609375,-200.53285217285156,-5.074586391448975,220.190070381994,-200.85750274235818,-5.085094559131918,0.370387937138454,0.5674797293105552,0.13198386839529053,3.612969693199949e-05,15.855634689338993,40.10181356431618,nan,nan,nan
34.42,220.01217651367188,-200.52413940429688,-5.07538366317749,220.19058767873662,-200.84881197051033,-5.088034057263384,0.3706789062543424,0.5675253558031871,0.13200645211072334,3.5401287135846596e-05,17.252207462052652,42.916470326122564,nan,2.624886233066763,nan
34.43,220.01226806640625,-200.51541137695312,-5.076164722442627,220.1911066268463,-200.84012024304175,-5.0890273282201335,0.3709238803908714,0.5675710675655885,0.13202910184390212,3.6108061674136325e-05,17.247977924921592,41.921086530770644,nan,nan,nan
34.44,220.01235961914062,-200.50669860839844,-5.076930522918701,220.1916261057795,-200.83142780369477,-5.088662485907874,0.37111071456538136,0.5676168647332575,0.13205181773888,3.538130559160555e-05,16.4892529803433,41.85120368473903,nan,1.2463616836775249,nan
34.45,220.012451171875,-200.49798583984375,-5.077681064605713,220.222380877658,-200.8269300528506,-5.0896271422566155,0.3904068203964586,0.5675587774150539,0.1320423861680875,3.6065992710910546e-05,15.504505273108556,43.17916459077204,16.940000807981065,nan,nan
34.46,220.01254272460938,-200.4892578125,-5.078416347503662,220.22295736280466,-200.81822512117677,-5.090816102036496,0.39070137452709797,0.567604388306041,0.13206508815922582,3.534166291809975e-05,15.834128378878244,42.48308722971126,nan,0.043955588356038,nan
34.47,220.01263427734375,-200.4805450439453,-5.07924222946167,220.22353754505374,-200.80951998778193,-5.091794397412556,0.3909760336942964,0.5676500843992289,0.132087856352447,3.604761727972498e-05,15.789094761834306,43.66967647784955,nan,nan,nan
34.480000000000004,220.0127410888672,-200.47181701660156,-5.080158233642578,220.22412111399348,-200.80081521933522,-5.094235433041804,0.39130486831534944,0.5676958658306638,0.13211069089190355,3.532475467864838e-05,16.965117677381492,43.30430720085545,nan,1.3036335037562663,nan
34.49,220.01284790039062,-200.46310424804688,-5.081162452697754,220.22470886608514,-200.79211001783474,-5.095408431691193,0.39157734006987877,0.5677417327531689,0.1321335919224216,3.603078399265216e-05,16.923559596001574,44.097671581155865,nan,nan,nan
34.5,220.012939453125,-200.45437622070312,-5.082254409790039,220.20528709440546,-200.7709175783963,-5.094313890350241,0.37059611075641774,0.5676835708445533,0.1321240765210203,3.5288110202648925e-05,15.069927567575906,41.70824100467004,5.0392981411155,3.6783987406227223,nan
34.51,220.01304626464844,-200.44566345214844,-5.083432674407959,220.205843579516,-200.76218583479476,-5.095639969635377,0.3708183401519111,0.5677292511513479,0.13214696287150476,3.599336852484425e-05,15.025360407901822,41.71070284541419,nan,nan,nan
34.52,220.0131378173828,-200.4369354248047,-5.0846967697143555,220.2064008529293,-200.7534537217071,-5.0956598518935605,0.3710183585127819,0.5677750167285526,0.1321699157492075,3.5274031293633315e-05,14.230224780057231,40.59854177108961,nan,1.3489441803742648,nan
34.53,220.0132293701172,-200.42822265625,-5.086045742034912,220.2069541521503,-200.74472217173388,-5.09714521338281,0.37124713162462786,0.5678208677284524,0.13219293529887544,3.5979424475507494e-05,14.183743642950478,41.278843922498226,nan,nan,nan
34.54,220.01332092285156,-200.41949462890625,-5.087478160858154,220.20750378754758,-200.73599117100008,-5.099930057129794,0.3715267094297032,0.5678668042878913,0.13221602166477855,3.526128967577247e-05,15.0953493172682,41.16993766183742,nan,1.0255448802048683,nan
34.550000000000004,220.01341247558594,-200.41078186035156,-5.088993072509766,220.21793998155985,-200.72479828001897,-5.101596577714307,0.37496221258160095,0.5678085673600665,0.13220641905764974,3.59448183770961e-05,14.423558435747752,42.586604481202414,5.011286276845907,nan,nan
34.56,220.0135040283203,-200.4020538330078,-5.090590000152588,220.21851224595105,-200.71604946136418,-5.103933909160014,0.3752328394885478,0.5678543169618911,0.13222948995180026,3.52286638644844e-05,14.998629562102222,42.10177949160622,nan,0.24056161174191512,nan
34.57,220.0135955810547,-200.39334106445312,-5.092267990112305,220.21908368248555,-200.70730039982482,-5.1057716251748735,0.37547060105499147,0.5679001519172335,0.13225262769539506,3.5933521879537886e-05,14.957736760799307,42.79516073422856,nan,nan,nan
34.58,220.01368713378906,-200.38461303710938,-5.094025611877441,220.21965537202607,-200.6985510718123,-5.106388536395966,0.3756765186942551,0.5679460723634607,0.13227583243276594,3.521841421047267e-05,14.163682207780525,40.947333383801805,nan,1.1819999989971546,nan
34.59,220.01376342773438,-200.3759002685547,-5.09586238861084,220.22022321902804,-200.6898022795133,-5.1083749870016595,0.3759211127661863,0.5679920784520807,0.13229910430856825,3.592347502080724e-05,14.12128315349277,42.364794667750864,nan,nan,nan
34.6,220.01385498046875,-200.36717224121094,-5.097777366638184,220.21981585135586,-200.68198022793527,-5.110754725561366,0.37642045731684914,0.5679337660521947,0.13228941111596187,3.518820205741675e-05,14.638507669435961,40.88681359930137,0.329397357636107,0.044388581245644376,nan
34.61,220.01393127441406,-200.35845947265625,-5.099769115447998,220.22037690020974,-200.67323624971095,-5.112903048572905,0.37666525720120003,0.56797958483795,0.13231266671301206,3.5892612090274334e-05,14.59834028912032,42.332441113023705,nan,nan,nan
34.62,220.01400756835938,-200.34974670410156,-5.101837635040283,220.22093886354065,-200.66449215112982,-5.113441086536848,0.3768552738612693,0.5680254890451235,0.13233598947795586,3.5180225519816016e-05,13.559766488321673,41.12289895543559,nan,1.991336107432278,nan
34.63,220.0140838623047,-200.3410186767578,-5.103941440582275,220.221496811838,-200.65574864984782,-5.115707462032089,0.37711208792095496,0.5680714788247178,0.1323593795554017,3.588488119006208e-05,13.532541253782771,40.05848501645299,nan,nan,nan
34.64,220.01416015625,-200.33230590820312,-5.10604190826416,220.22205333156256,-200.64700559327252,-5.117969294643474,0.3773562331142295,0.5681175543148508,0.13238283708975102,3.5173321044195985e-05,13.660414475468123,40.89489746462294,nan,0.0003277641030040677,nan
34.65,220.0142364501953,-200.32359313964844,-5.108119964599609,220.2119784753043,-200.62996494952662,-5.120023473616032,0.364838714926398,0.5680591659962321,0.13237304992995347,3.585625428639451e-05,13.240516001468048,40.3295178941265,4.2386711231177365,nan,nan
34.660000000000004,220.01431274414062,-200.3148651123047,-5.110166549682617,220.2125179010481,-200.6212026958936,-5.12202366619937,0.36505970820662176,0.5681050538355078,0.132396490363647,3.514630609902471e-05,13.232482481471044,39.24865384808934,nan,0.04054274334327682,nan
34.67,220.01438903808594,-200.30615234375,-5.112176895141602,220.21305534654152,-200.61244075533548,-5.124229274775054,0.36527544817816293,0.5681510271764394,0.1324199982805158,3.5850625438332076e-05,13.22672523379513,39.97211114998765,nan,nan,nan
34.68,220.0144500732422,-200.2974395751953,-5.114150047302246,220.2135949612658,-200.60367872115728,-5.123796718680111,0.3654232603627332,0.5681970861576289,0.1324435738249955,3.514137660354752e-05,11.765441756666808,39.06270493837576,nan,4.742656760820721,nan
34.69,220.0145263671875,-200.28871154785156,-5.116084575653076,220.21412939310665,-200.59491729408765,-5.125903735242518,0.3656497543813229,0.5682432309293589,0.13246721714164364,3.58459868529272e-05,11.751782199768133,37.28718245213299,nan,nan,nan
34.7,220.01458740234375,-200.27999877929688,-5.117981433868408,220.29853527759587,-200.648364871989,-5.12926278637737,0.46523890961514897,0.5547233855782366,0.12385054921987268,3.511625299246599e-05,19.58771011041756,47.09122825157198,1.6841422173424125,1.3515717805181378,0.39176887920008957
34.71,220.01466369628906,-200.2712860107422,-5.1198410987854,220.29907303499508,-200.63964674918768,-5.131307926579185,0.46552099169742023,0.5547745778765608,0.12386288297131387,3.582029386612978e-05,19.54619966230969,46.20973660613931,nan,nan,nan
34.72,220.0147247314453,-200.2625732421875,-5.121663570404053,220.29957778580996,-200.63089848127163,-5.129317941441305,0.4656858745154557,0.5548258546381949,0.12387527703376029,3.51131073283148e-05,17.455530619751666,44.742914248566564,nan,11.218365253273697,nan
34.730000000000004,220.01478576660156,-200.25384521484375,-5.123449325561523,220.30011308456,-200.6221807223282,-5.131251628330494,0.465986695492142,0.5548772161880868,0.12388773171517554,3.581746858412744e-05,17.400611538122433,43.6991657438134,nan,nan,nan
34.74,220.0148468017578,-200.24513244628906,-5.125200271606445,220.30064971814943,-200.61346590599777,-5.133480622956605,0.4662846864067298,0.554928662493683,0.12390024699973168,3.511080140097741e-05,17.566380888472352,44.60017268484252,nan,0.07652999292428234,nan
34.75,220.01490783691406,-200.23641967773438,-5.12691593170166,220.3012592193927,-200.61047656636362,-5.135438337579107,0.4711563451555735,0.5548652621988985,0.12389073490003125,3.579352266837716e-05,18.33927582772955,44.53836546922821,5.999696020330638,nan,nan
34.76,220.0149688720703,-200.2277069091797,-5.128597259521484,220.30179320452217,-200.60178751294208,-5.136987213483465,0.4714603770468681,0.5549164966600989,0.12390328299228405,3.508816928574316e-05,18.23001062854482,44.32560011787611,nan,0.05794904355027941,nan
34.77,220.01502990722656,-200.218994140625,-5.130245208740234,220.30232818623358,-200.59310078649855,-5.138787517429154,0.4717722487015227,0.5549678158398889,0.12391589193761908,3.579232559062602e-05,18.176899613940854,44.16752341350337,nan,nan,nan
34.78,220.0150909423828,-200.21026611328125,-5.131860256195068,220.30286902495564,-200.58442091829744,-5.141493906587181,0.47212376570754594,0.5550192197188871,0.12392856173276753,3.508739015077128e-05,18.699983421888277,43.748624580775015,nan,0.6183939539947052,nan
34.79,220.01515197753906,-200.20155334472656,-5.133443355560303,220.30340156271234,-200.57573443593108,-5.143240006378832,0.47243548420374887,0.5550707086022062,0.12394129266699512,3.5791894568532243e-05,18.651640759416548,44.45302992517379,nan,nan,nan
34.800000000000004,220.01519775390625,-200.19284057617188,-5.1349945068359375,220.32443500934855,-200.57230697382565,-5.143429666903554,0.48958510907418534,0.555007163845802,0.12393189576967249,3.506621651186726e-05,17.407544949653584,45.21125774723671,4.666460850295077,1.5818904355429095,nan
34.81,220.0152587890625,-200.1841278076172,-5.136515140533447,220.324997582035,-200.56361487568313,-5.145099127084629,0.48992064615247033,0.5550584404217441,0.12394465909689133,3.577020355400089e-05,17.354609918558328,44.30386340646848,nan,nan,nan
34.82,220.0153045654297,-200.1754150390625,-5.138004779815674,220.32556134411047,-200.55492482771493,-5.147033240005013,0.4902738637677679,0.5551098016393573,0.12395748351667689,3.5066800679791226e-05,17.53492327878599,45.17692130144225,nan,0.06091131931401865,nan
34.83,220.01536560058594,-200.1667022705078,-5.13946533203125,220.3261219743809,-200.54623273565957,-5.148647058788848,0.4906090112694166,0.5551612477912347,0.12397036930641853,3.5771155105865394e-05,17.484279291671605,44.27300877250192,nan,nan,nan
34.84,220.01541137695312,-200.15797424316406,-5.140896320343018,220.3266721728615,-200.5375316550758,-5.148915665587479,0.4909291414296001,0.5552127788768428,0.12398331648053516,3.506802619402055e-05,16.879970915977907,43.491207591875224,nan,1.2198095468926526,nan
34.85,220.01547241210938,-200.14926147460938,-5.142299175262451,220.32524013103708,-200.5270104086185,-5.150536538369194,0.48858791530865864,0.5551490904501833,0.12397403090733573,3.57507806921032e-05,16.773941219280356,43.50437019689965,0.4883919562633007,nan,nan
34.86,220.01551818847656,-200.1405487060547,-5.143673896789551,220.325784897595,-200.5183035603431,-5.150814304908865,0.48889175300240384,0.5552004087741381,0.12398701003975798,3.504872944844198e-05,16.248181733149675,43.64074807867498,nan,1.0846735384693658,nan
34.87,220.01556396484375,-200.1318359375,-5.145020961761475,220.32633722430484,-200.5096049174968,-5.152294221088049,0.48922624760444255,0.5552518119618015,0.12400005076966518,3.5752958956587884e-05,16.191073608619632,43.507877863774404,nan,nan,nan
34.88,220.01560974121094,-200.1231231689453,-5.146341323852539,220.32688560771055,-200.50090362745416,-5.153319551901878,0.4895502380378873,0.5553033000244572,0.12401315312263311,3.5051102816823706e-05,16.019202062818284,43.23795403588355,nan,0.1292802008217291,nan
34.89,220.01565551757812,-200.11441040039062,-5.147635459899902,220.3274357747489,-200.49220512930776,-5.154743551357842,0.48988397700192016,0.5553548732369062,0.12402631735942443,3.575571428333083e-05,15.961912433166795,43.09069502977755,nan,nan,nan
34.9,220.0157012939453,-200.10569763183594,-5.148903846740723,220.32817056608343,-200.48987682914873,-5.154627361565084,0.4952408104148612,0.5552910416377386,0.124017138895242,3.5032895177347965e-05,16.21637083709958,42.48925169190224,7.031401300650433,1.331033666245506,nan
34.910000000000004,220.0157470703125,-200.0969696044922,-5.150146961212158,220.32872377232889,-200.48121004616686,-5.15598537193653,0.495609947502258,0.5553424016309426,0.12403033462426655,3.5737018862984214e-05,16.156868224766814,41.51434996573316,nan,nan,nan
34.92,220.0157928466797,-200.0882568359375,-5.151364803314209,220.32927920733638,-200.47254633404376,-5.157800572389972,0.4959773541162287,0.5553938464393309,0.12404359221110635,3.5036280082564496e-05,16.305475354078364,42.4399196121724,nan,0.16319482964983675,nan
34.93,220.01583862304688,-200.0795440673828,-5.15255880355835,220.3298306375896,-200.46387970694877,-5.159115717105432,0.4963344257176162,0.5554453763266207,0.12405691190610744,3.574079750002252e-05,16.246897215041844,42.29996327860075,nan,nan,nan
34.94,220.015869140625,-200.07083129882812,-5.15372896194458,220.3303868921005,-200.4552184426355,-5.161319645085346,0.4967217639565858,0.5554969913207821,0.12407029375037494,3.504014115054582e-05,16.608575337547904,43.348302970480304,nan,0.5857900795808314,nan
34.95,220.0159149169922,-200.06211853027344,-5.1548752784729,220.34858232519846,-200.4586194366329,-5.162624581181032,0.5176298145576707,0.5554330173111652,0.12406121834604927,3.5723070030324635e-05,17.09824477971095,43.33825969087883,7.3082629975702655,nan,nan
34.96,220.01596069335938,-200.05340576171875,-5.155999183654785,220.34915910438826,-200.4499808110243,-5.163018365407618,0.5180175863388681,0.5554844186364895,0.12407463119642002,3.502330878048287e-05,16.746020522996286,42.90400663855164,nan,0.525567469471724,nan
34.97,220.0159912109375,-200.044677734375,-5.157100677490234,220.34974046322515,-200.4413470746647,-5.164245338081603,0.5184459230270667,0.5555359049693491,0.1240881063759664,3.57277436009496e-05,16.691509251434518,42.77045525586448,nan,nan,nan
34.980000000000004,220.0160369873047,-200.0359649658203,-5.158180236816406,220.35031684303016,-200.43270909579306,-5.1647365999270445,0.51883707703759,0.555587476348045,0.12410164393545875,3.502800528535268e-05,16.41274868040851,42.480575981697406,nan,0.36011352725389467,nan
34.99,220.0160675048828,-200.02725219726562,-5.159238338470459,220.35089679721713,-200.42407511603398,-5.165914787904577,0.51925298154366,0.5556391330207412,0.12411524411082658,3.5732838914849985e-05,16.355348567927688,43.12279680888416,nan,nan,nan
35.0,220.01611328125,-200.01853942871094,-5.160274982452393,220.34126368421698,-200.40184530781679,-5.165465247085483,0.5026660127297844,0.5555750171264414,0.12410626744069651,3.501196037115073e-05,14.747822037537501,41.267184101718456,15.072563033015935,1.654046691771204,nan
35.01,220.01614379882812,-200.00982666015625,-5.161291122436523,220.34181839753384,-200.39316018042257,-5.1665864512780235,0.503027407314391,0.5556264596781222,0.12411989810611268,3.57163198626662e-05,14.686660408451399,41.884698376710716,nan,nan,nan
35.02,220.01617431640625,-200.00111389160156,-5.162286758422852,220.3423680289502,-200.3844710038261,-5.166920931345543,0.5033750978693886,0.5556779872135283,0.12413359137823304,3.501738135976706e-05,14.438448675192912,41.588546684470096,nan,0.41531317700773035,nan
35.03,220.01622009277344,-199.99240112304688,-5.163262844085693,220.34292153844444,-200.3757859810316,-5.167996054754878,0.5037263018929437,0.5557295999712522,0.12414734748407256,3.572214615122389e-05,14.377138182837758,40.70492466311279,nan,nan,nan
35.04,220.01614379882812,-199.98367309570312,-5.1643266677856445,220.34342730010326,-200.36710320378916,-5.169501789789199,0.5041427574423016,0.5557812980040048,0.12416116648770374,3.502314449364293e-05,14.437855159294704,41.01265358075085,nan,0.1103187396479194,nan
35.050000000000004,220.01602172851562,-199.97496032714844,-5.165477752685547,220.3456699338366,-200.35768077721363,-5.17065992668511,0.5051432837292879,0.5557170409614578,0.12415228434866743,3.5706314046631805e-05,14.194878217679449,40.88984092000629,0.39249922277987426,nan,nan
35.06,220.01585388183594,-199.96624755859375,-5.166714668273926,220.34603954011348,-200.3489846967017,-5.170936074362468,0.5054978794105938,0.5557685244282716,0.12416613330616476,3.50080701314654e-05,13.876108506789985,41.2851500854838,nan,0.7241808249210538,nan
35.07,220.01568603515625,-199.95753479003906,-5.168036460876465,220.34639215244636,-200.3402938264954,-5.172301485962323,0.5058549262793365,0.5558200930452514,0.12418004531191211,3.5712768114222915e-05,13.802293508752081,40.49559668630308,nan,nan,nan
35.08,220.0155029296875,-199.94882202148438,-5.1694416999816895,220.34673669278067,-200.33160426589254,-5.174020083240177,0.506220321638979,0.5558717468739252,0.12419402043815483,3.501441777481636e-05,13.81753327259672,41.01887450586326,nan,0.050594031052955145,nan
35.09,220.01531982421875,-199.9401092529297,-5.170930862426758,220.34707685522167,-200.32291333973433,-5.175557880727335,0.5065798118683397,0.5559234861396125,0.12420805889970758,3.571951960904784e-05,13.744712740964664,40.855254088923665,nan,nan,nan
35.1,220.01515197753906,-199.93138122558594,-5.172501564025879,220.35058218661825,-200.3142647114343,-5.175480427434474,0.5090403348709357,0.5558590884988105,0.12419926686507564,3.499989091331865e-05,13.198198711419845,39.02659853541245,0.7546211301031536,1.7876201514194856,nan
35.11,220.0149688720703,-199.92266845703125,-5.1741533279418945,220.35092910122395,-200.30556973327597,-5.1771659124321,0.509403316231958,0.5559106127517924,0.12421333471586857,3.570452136276592e-05,13.126014373643507,40.66625612744675,nan,nan,nan
35.12,220.01480102539062,-199.91395568847656,-5.1758856773376465,220.35127590830714,-200.29687228007816,-5.178393357816258,0.5097516566121727,0.5559622221520693,0.12422746590596642,3.500673497600352e-05,12.97964305135065,39.879037073031625,nan,0.20562737638259243,nan
35.13,220.01461791992188,-199.90524291992188,-5.17769718170166,220.35162834917168,-200.28817747915602,-5.180235936175548,0.5101189580414182,0.5560139169168863,0.12424166064273583,3.571177225612612e-05,12.908135246742066,40.69223631963316,nan,nan,nan
35.14,220.01446533203125,-199.8965301513672,-5.179586887359619,220.35197567256975,-200.2794752682685,-5.180477042868629,0.5104517459131702,0.5560656971199273,0.12425591900954551,3.5013815383128114e-05,12.67970728572701,39.08463799662827,nan,1.994458815989287,nan
35.15,220.01429748535156,-199.8878173828125,-5.181554317474365,220.3335260497339,-200.2579120738386,-5.182500914463846,0.48875131988485143,0.5560011595954281,0.12424721273915038,3.5697240545958526e-05,12.165744242191902,39.2703508688222,7.84957717192314,nan,nan
35.160000000000004,220.01412963867188,-199.8791046142578,-5.183598041534424,220.33384853537132,-200.2491793557426,-5.183544283128806,0.4890557126562425,0.5560527243455123,0.12426149991042071,3.499994131339036e-05,12.06992572003219,39.28653791163856,nan,0.7347346406000335,nan
35.17,220.01397705078125,-199.87037658691406,-5.185718059539795,220.33417908034139,-200.240451561769,-5.18567471787111,0.48937187151164224,0.556104374387186,0.12427585083641238,3.570490996480179e-05,12.001729751093565,37.71936271767153,nan,nan,nan
35.18,220.01382446289062,-199.86166381835938,-5.187912464141846,220.33451802186772,-200.23172881378557,-5.188993299944884,0.4896872755292064,0.5561561098014853,0.12429026560724139,3.5007410240679195e-05,11.965484097540445,38.70561355263892,nan,0.8724256305206729,nan
35.19,220.013671875,-199.8529510498047,-5.190181255340576,220.33485476461883,-200.22300141632638,-5.19128673787243,0.4899968820700474,0.5562079307945882,0.12430474442019454,3.571278009063553e-05,11.897014344870914,38.7506135617944,nan,nan,nan
35.2,220.01351928710938,-199.84423828125,-5.1924662590026855,220.31250366630536,-200.20203820635095,-5.193576490426107,0.46627639659247927,0.5561432539568355,0.12429611939580075,3.4993898146318204e-05,11.650888980533226,38.107491564137106,6.710733444637182,0.010990967932034041,nan
35.21,220.0133819580078,-199.8355255126953,-5.194736480712891,220.3128063897117,-200.19328530458705,-5.195918630910189,0.46652808755176844,0.5561948590556066,0.12431062640145539,3.569879244442538e-05,11.586642546753884,37.44565533704617,nan,nan,nan
35.22,220.0132293701172,-199.82681274414062,-5.196977615356445,220.3131100307174,-200.18453088094213,-5.197797521143883,0.46678833344918735,0.5562465494603644,0.12432519746289064,3.500168746455797e-05,11.498072351973793,38.130221300586754,nan,0.13808100894215428,nan
35.230000000000004,220.01309204101562,-199.81809997558594,-5.19918155670166,220.31341838235565,-200.17577866314107,-5.200082021933719,0.4670447148523191,0.5562983253706303,0.1243398327713186,3.570698380018215e-05,11.43394390604191,37.437652627626534,nan,nan,nan
35.24,220.01295471191406,-199.80938720703125,-5.201345920562744,220.31373617296197,-200.16703268920608,-5.203851711453296,0.4673179401843748,0.5563501868774618,0.12435453242593518,3.500963205456786e-05,11.523210046486136,37.618232402483116,nan,1.636208380244527,nan
35.25,220.0128173828125,-199.80067443847656,-5.2034687995910645,220.31313779692923,-200.156688616969,-5.2061510177013135,0.46577423792743466,0.5562853714227505,0.12434598418687974,3.569329490385583e-05,11.382348181648409,37.7015178821686,0.4678313886164789,nan,nan
35.26,220.0126953125,-199.79196166992188,-5.205550193786621,220.31345874853753,-200.1479370347403,-5.209933569386255,0.46604325850327954,0.5563370165996885,0.12436071140232784,3.499653062451712e-05,11.66370760588467,37.34424446607168,nan,1.804921264328304,nan
35.27,220.01255798339844,-199.7832489013672,-5.2075910568237305,220.31377558244853,-200.13917954965774,-5.212093319487845,0.46630348351597267,0.5563887472083436,0.12437550306632063,3.570174580489488e-05,11.615912374759981,38.06138479026216,nan,nan,nan
35.28,220.01243591308594,-199.7745361328125,-5.209590911865234,220.3140941150514,-200.130421216052,-5.213968195327832,0.4665522734870613,0.5564405633457666,0.12439035928349039,3.5004715312626486e-05,11.529919208387495,37.36711443519124,nan,0.04241576750928195,nan
35.29,220.01231384277344,-199.7658233642578,-5.211551666259766,220.31441624387602,-200.12166376462545,-5.216046541781535,0.46680665718443554,0.5564924652024582,0.12440528023692185,3.571032449910557e-05,11.482961865076215,37.36753514297422,nan,nan,nan
35.300000000000004,220.01219177246094,-199.7571258544922,-5.213472843170166,220.27996135003667,-200.09402341779347,-5.216913564860765,0.4303630483663508,0.5564275117180937,0.12439680418295959,3.499183692169179e-05,10.90755286920966,37.17310623595951,15.516295442199251,0.8406131855830222,nan
35.31,220.01206970214844,-199.7484130859375,-5.21535587310791,220.28022698625134,-200.08522615649105,-5.218903469605726,0.4305391491537813,0.5564791968088743,0.12441175203979377,3.5696962477110386e-05,10.856944023580711,36.218119802311755,nan,nan,nan
35.32,220.011962890625,-199.7397003173828,-5.2172017097473145,220.2804983173019,-200.07643201931813,-5.221705215689465,0.4307200901218432,0.5565309673596157,0.1244267646529893,3.5000210485388285e-05,11.019948629733411,35.77553823215664,nan,0.5085603835178594,nan
35.33,220.0118408203125,-199.73098754882812,-5.219010353088379,220.28076881377942,-200.06763489237923,-5.223630686144933,0.4309002750842853,0.5565828235554557,0.12444184220079767,3.57057297695478e-05,10.974024612662674,36.47529124923484,nan,nan,nan
35.34,220.01173400878906,-199.72227478027344,-5.220783233642578,220.28103697615424,-200.0588335856452,-5.224274816443955,0.43105464717993597,0.5566347655015198,0.12445698479508135,3.500867926388692e-05,10.660987333249311,35.53303059909393,nan,1.0956555426963406,nan
35.35,220.01162719726562,-199.71356201171875,-5.222520351409912,220.28770629166286,-200.05817148839898,-5.226092501625017,0.4415745894389525,0.5565696746688801,0.12444857636115378,3.5692543083409206e-05,11.138388616011397,35.59393916283012,4.277687335618482,nan,nan
35.36,220.0115203857422,-199.70484924316406,-5.2242231369018555,220.28799486444112,-200.0494012106051,-5.227345039872627,0.44177363198532077,0.5566213994181864,0.12446374518142843,3.499603325784126e-05,10.996175387600372,35.49743172026518,nan,0.2184511197843463,nan
35.37,220.01141357421875,-199.69613647460938,-5.225891590118408,220.28828761151073,-200.04063275193084,-5.229115080884209,0.4419811178177471,0.556673209737902,0.12447897913134308,3.570145329861995e-05,10.945770594904344,35.532356362957756,nan,nan,nan
35.38,220.0113067626953,-199.6874237060547,-5.227527141571045,220.28858264175835,-200.03186416005477,-5.230837719888471,0.44219011679452785,0.5567251057379254,0.12449427832703039,3.5004633676004565e-05,10.90509382903116,35.54934420340224,nan,0.00015414916524983743,nan
35.39,220.01119995117188,-199.67872619628906,-5.229130268096924,220.2888800347947,-200.0230956298954,-5.232543047205682,0.44238917561845076,0.5567770875962104,0.12450964294035333,3.571043832097532e-05,10.85419154629179,36.46882304749946,nan,nan,nan
35.4,220.0111083984375,-199.67001342773438,-5.230700969696045,220.26602185345632,-200.00611043169152,-5.233163299683358,0.4218389843145986,0.556711860016171,0.12450129745385145,3.4992110490192624e-05,10.88687400188438,34.10731892729065,4.7053478824994865,0.869431250623562,nan
35.410000000000004,220.01101684570312,-199.6613006591797,-5.232240676879883,220.26628485577754,-199.99733529979963,-5.234796644873499,0.42200422940571464,0.556763624246995,0.12451668759155497,3.569742170143777e-05,10.83503398448025,34.08183603801773,nan,nan,nan
35.42,220.0109100341797,-199.652587890625,-5.2337493896484375,220.26654445695976,-199.98855556318213,-5.234705122247209,0.4221660201133665,0.5568154740872383,0.12453214317058045,3.5000805223860046e-05,10.616139297372307,34.55528736310171,nan,2.028253113444464,nan
35.43,220.0108184814453,-199.6438751220703,-5.235228061676025,220.2668116637939,-199.97978084094962,-5.2362621616236495,0.422334264235666,0.5568674097106338,0.1245476643590451,3.570650037656776e-05,10.55892329184114,33.92138013226881,nan,nan,nan
35.44,220.01072692871094,-199.63516235351562,-5.236677169799805,220.26708237576364,-199.97100732023307,-5.238262564915675,0.42250736133315375,0.5569194312334353,0.12456325127868965,3.5009552446958144e-05,10.539929327763506,33.96208192691397,nan,0.1573351995902108,nan
35.45,220.01063537597656,-199.62644958496094,-5.238097667694092,220.25382660652167,-199.9563277807244,-5.239802756801637,0.40983473008404436,0.5568540675754475,0.12455496408567246,3.5693572005899744e-05,10.536605293775933,33.64175019911279,1.7538539983049846,nan,nan
35.46,220.01055908203125,-199.61773681640625,-5.239489555358887,220.2540740031993,-199.94754176289462,-5.24048352795408,0.40996561751102,0.5569058710446869,0.1245705758083253,3.49971356939096e-05,10.423582363070329,32.976109880575166,nan,0.448866378807788,nan
35.47,220.01046752929688,-199.60903930664062,-5.240853786468506,220.25432548676864,-199.93875765249973,-5.24192659365953,0.4101000389339576,0.5569577602214236,0.1245862533288897,3.570271162034138e-05,10.365912738357538,34.50695988046624,nan,nan,nan
35.480000000000004,220.0103759765625,-199.60032653808594,-5.242190837860107,220.2545828435335,-199.92997717049505,-5.244810920415118,0.41026015911384905,0.5570097352256227,0.1246019967723699,3.500593868284128e-05,10.469795367678024,33.739347469646034,nan,1.520538126891893,nan
35.49,220.0102996826172,-199.59161376953125,-5.24350118637085,220.25483766685227,-199.9211928307373,-5.246216307656569,0.4104004814846363,0.5570617962254314,0.12461780630199709,3.5711889242189795e-05,10.421025957091002,33.1109563019522,nan,nan,nan
35.5,220.01022338867188,-199.58290100097656,-5.244785308837891,220.2746661167222,-199.9166666900946,-5.246961031160638,0.4258335653970303,0.5569962971010153,0.12460957266726495,3.499357576058323e-05,9.887525423336829,33.61344108286027,4.090857169350731,0.2365218653932532,nan
35.51,220.01014709472656,-199.57418823242188,-5.246044158935547,220.27495537745781,-199.90787647338595,-5.248309385201144,0.42600046949599785,0.5570481396218251,0.12462540625561953,3.5699022872320105e-05,9.837760967253011,33.570922780037556,nan,nan,nan
35.52,220.0100555419922,-199.5654754638672,-5.247277736663818,220.27524115582204,-199.89908182955233,-5.247784592265387,0.42616531288992504,0.5571000678972199,0.12464130595493714,3.5002408272681906e-05,9.642772357619851,34.07964419138524,nan,2.413393440991155,nan
35.53,220.00997924804688,-199.5567626953125,-5.248486518859863,220.27553353456742,-199.89029153511197,-5.249066353896074,0.4263342612036748,0.5571520820921062,0.12465727192562841,3.57082294613052e-05,9.587135582064393,33.406735756058914,nan,nan,nan
35.54,220.00991821289062,-199.5480499267578,-5.249671459197998,220.27582461996408,-199.88149874355548,-5.249206567278708,0.4264909692724791,0.5572041823313292,0.12467330429692412,3.501126441155832e-05,9.52706089053517,32.73228653039668,nan,0.8821705294925383,nan
35.550000000000004,220.0098419189453,-199.5393524169922,-5.250832557678223,220.30770621191212,-199.87651359807302,-5.250487208906311,0.4498898957725218,0.5571385484005978,0.12466511949250415,3.5695393103712094e-05,8.577076409697101,35.51155126225241,13.798231655740844,nan,nan
35.56,220.009765625,-199.5306396484375,-5.251970291137695,220.3080530536585,-199.86770148055373,-5.252068402869188,0.45009563249510737,0.5571904297394977,0.12468117515879984,3.499892356939309e-05,8.518094508934652,34.539301487590876,nan,0.10102381559813464,nan
35.57,220.0096893310547,-199.5219268798828,-5.253085613250732,220.30840020624012,-199.85888856777868,-5.253253422847198,0.45030144816971185,0.5572423969211995,0.12469729727835986,3.5704606117395595e-05,8.462985209005735,34.49308401909104,nan,nan,nan
35.58,220.00962829589844,-199.51321411132812,-5.254178524017334,220.30874916130938,-199.8500760893524,-5.254565075131789,0.45049909409940103,0.5572944500733604,0.12471348598283419,3.5007785358188406e-05,8.411707072505253,33.78197705018145,nan,0.015489478296639422,nan
35.59,220.0095672607422,-199.50450134277344,-5.255249977111816,220.30909917415454,-199.8412633925388,-5.2557089501965,0.45069752159394044,0.5573465893566545,0.12472974142900879,3.571383308097254e-05,8.3588633731128,33.73336411410601,nan,nan,nan
35.6,220.00949096679688,-199.49578857421875,-5.25629997253418,220.32937024256995,-199.846939048419,-5.2590815714040104,0.47501278287266396,0.5572808212392416,0.12472160066699844,3.4995453769366435e-05,9.0001211293897,35.070097166844214,9.763103938143194,4.021498508766365,nan
35.61,220.00942993164062,-199.48707580566406,-5.257328987121582,220.32975930437746,-199.8381646086725,-5.260206007032716,0.4752710088775154,0.5573327412019927,0.12473787862275348,3.570098879161803e-05,8.95654020201263,34.32768319498947,nan,nan,nan
35.62,220.00926208496094,-199.47836303710938,-5.2584452629089355,220.33009847556153,-199.82938907847554,-5.260709530354967,0.4755632430685581,0.5573847470604302,0.12475422334410471,3.500430351772375e-05,8.814949735025179,34.55427684411062,nan,0.3031084101845166,nan
35.63,220.00900268554688,-199.4696502685547,-5.259647846221924,220.3303413904562,-199.82061467245478,-5.261949763252947,0.4758569899662779,0.5574368389728063,0.12477063498578257,3.5710203569317004e-05,8.761221702519576,34.235357016020174,nan,nan,nan
35.64,220.00865173339844,-199.4609375,-5.2609357833862305,220.33048721226876,-199.81183951500662,-5.262996500706296,0.4761455094309672,0.5574890170704254,0.12478711368252003,3.501315876426221e-05,8.678975344318692,33.936134815135134,nan,0.055462709458014514,nan
35.65,220.00820922851562,-199.4522247314453,-5.262308120727539,220.3335285378734,-199.80940154424707,-5.264283244991206,0.483127136228239,0.5574231154192806,0.12477901217506136,3.569735323234026e-05,9.051119228299642,34.14004760550341,3.4201400687265453,nan,nan
35.660000000000004,220.0077362060547,-199.44351196289062,-5.263763427734375,220.33353463503408,-199.80065375397305,-5.267737051968466,0.48343630909620394,0.5574750737798392,0.12479551257691908,3.500079691224473e-05,9.339108401063525,34.07836721110516,nan,2.71689864028622,nan
35.67,220.00723266601562,-199.434814453125,-5.265301704406738,220.33351100343884,-199.79190266802283,-5.269332621573275,0.4837207820466068,0.5575271181165455,0.12481208007439286,3.5706540994159755e-05,9.28804184577739,35.623859896233725,nan,nan,nan
35.68,220.00674438476562,-199.4261016845703,-5.266921520233154,220.32436689532005,-199.80228071638408,-5.271009044967253,0.49235295372901966,0.5573640286058575,0.12388029958267426,3.642659736348581e-05,15.548452089270102,40.17296907766078,nan,nan,0.3858287950916022
35.69,220.00625610351562,-199.41738891601562,-5.268621444702148,220.3243189832062,-199.79356611040794,-5.272769432915497,0.4926362581298275,0.5574154322656338,0.12389336418822783,3.716113022380497e-05,15.470659077817132,40.2906043912242,nan,nan,nan
35.7,220.00576782226562,-199.40867614746094,-5.270401477813721,220.34510948783634,-199.79068296672648,-5.274511080579933,0.5109783408253019,0.5573516991334122,0.1238837085786394,3.6355100229686516e-05,14.94687314558046,41.33992547860768,4.769931793480967,0.017609548201831055,nan
35.71,220.0052947998047,-199.39996337890625,-5.2722601890563965,220.34510750152955,-199.78196497031203,-5.276432728932279,0.5112878819013015,0.5574028895936244,0.1238968024534172,3.7087351234413935e-05,14.870602070025518,40.92326824732139,nan,nan,nan
35.72,220.00482177734375,-199.39125061035156,-5.274196624755859,220.3451134732806,-199.77324220668044,-5.277217330172986,0.5115907960965281,0.5574541645735069,0.12390995681919051,3.6307869894958004e-05,14.57124734598089,41.041571249711765,nan,0.9695833079051656,nan
35.730000000000004,220.00436401367188,-199.38253784179688,-5.276210308074951,220.34512901084813,-199.76452458605667,-5.27928493419378,0.5119024413074194,0.5575055242184739,0.12392317187112172,3.703884311605088e-05,14.494707486780898,40.64541392648142,nan,nan,nan
35.74,220.00392150878906,-199.3738250732422,-5.278299808502197,220.34515289403723,-199.75580325880202,-5.280447736984583,0.5122019192845018,0.5575569686722107,0.12393644770451683,3.626200435406979e-05,14.287034832089367,40.121712165552665,nan,0.6339467801208557,nan
35.75,220.00347900390625,-199.3651123046875,-5.2804646492004395,220.34318334374768,-199.73728947565925,-5.282516531704156,0.5039038552357483,0.5574931010870885,0.12392689818252302,3.696821640064946e-05,13.134803878996319,40.543804568005484,14.62707561890582,nan,nan
35.76,220.0030517578125,-199.3563995361328,-5.282703399658203,220.34321726262002,-199.72853099322663,-5.286138246455469,0.5041886454416029,0.5575443319259443,0.12394020289257927,3.6194953128110365e-05,13.267984998280282,40.376344940166824,nan,1.1779303339836065,nan
35.77,220.00262451171875,-199.3477020263672,-5.285015106201172,220.34325919621864,-199.71976755589395,-5.288511116624506,0.5044571028692638,0.557595647367082,0.12395356852494022,3.692265754428629e-05,13.192317428786277,41.58143611042921,nan,nan,nan
35.78,220.00221252441406,-199.3389892578125,-5.287339687347412,220.34330893279053,-199.7109988813678,-5.28947100457705,0.5047201822180472,0.5576470475545012,0.12396699518059558,3.615192828683698e-05,12.908838608583638,40.00794180891867,nan,1.402558943851537,nan
35.79,220.00180053710938,-199.3302764892578,-5.289647102355957,220.34336753441758,-199.70223587894765,-5.291872298667248,0.5050017353704856,0.5576985326331296,0.12398048304621993,3.687855894441124e-05,12.839331502966251,40.30593789611803,nan,nan,nan
35.800000000000004,220.00140380859375,-199.32156372070312,-5.291923999786377,220.37167855607635,-199.69788240321586,-5.295364866580866,0.5279497883281296,0.55763453109332,0.12397103567620796,3.6087926968674375e-05,12.017916093297218,41.39033195904411,13.977042424470568,0.6694749524096862,nan
35.81,220.0010223388672,-199.31285095214844,-5.294162750244141,220.37179697463168,-199.6890980258587,-5.297721764562808,0.5282502793039918,0.5576858021433513,0.12398455199723611,3.681263849562236e-05,11.95791415085397,40.91249257073056,nan,nan,nan
35.82,220.00064086914062,-199.3041534423828,-5.296360492706299,220.3719231657631,-199.6803133222024,-5.299856061624117,0.5285442441018599,0.557737157876352,0.12399812957950694,3.604776539320912e-05,11.875173014339339,42.09714920556343,nan,0.02253155192728179,nan
35.83,220.00025939941406,-199.29544067382812,-5.298516273498535,220.37205701474323,-199.67152961526298,-5.302132223385472,0.528856723250859,0.5577885984370486,0.12401176860464072,3.677153695022558e-05,11.815950702991394,41.398705749515585,nan,nan,nan
35.84,219.99989318847656,-199.28672790527344,-5.300630569458008,220.37219809925153,-199.6627402618806,-5.302661087516777,0.5291506041875211,0.5578401239697545,0.12402546918117931,3.600901494124166e-05,11.499876444684231,40.63604347536728,nan,1.9400177726423493,nan
35.85,219.99952697753906,-199.27801513671875,-5.302702903747559,220.37143164380487,-199.65235007679118,-5.304790438207849,0.527678013517176,0.5577759889753491,0.12401612004169148,3.670879412737366e-05,11.320090956036228,40.940580239933155,0.35449548041457013,nan,nan
35.86,219.99917602539062,-199.26931762695312,-5.304733753204346,220.37158582382807,-199.64355915614252,-5.306585132616251,0.5279670517636104,0.5578273000675861,0.12402984862945758,3.594951294085801e-05,11.221033658848583,41.36393139687162,nan,0.07794608342595145,nan
35.87,219.99884033203125,-199.26060485839844,-5.306724548339844,220.37174715805702,-199.63476940479816,-5.308678299629702,0.5282635950197859,0.5578786959232614,0.12404363888958835,3.667067845345406e-05,11.156580855573594,39.8919180602397,nan,nan,nan
35.88,219.99850463867188,-199.25189208984375,-5.308675765991211,220.37191537807533,-199.62597743488635,-5.310024006756354,0.5285614850049493,0.5579301766868019,0.12405749093509987,3.59136243766741e-05,11.029994527466574,40.062105979349695,nan,0.3363904148556413,nan
35.89,219.9981689453125,-199.24317932128906,-5.310588359832764,220.3720904369131,-199.6171879231139,-5.3120329958605685,0.5288684175605983,0.5579817425027579,0.12407140494092735,3.6634026952177864e-05,10.963362137118764,40.248284385154385,nan,nan,nan
35.9,219.99783325195312,-199.23448181152344,-5.312462329864502,220.39301729368273,-199.62444905984742,-5.315368362755144,0.5552056615618116,0.557917474554216,0.1240621499680293,3.585712202217525e-05,11.807098614876084,42.2108221553307,14.053451403525912,1.3887407188144176,nan
35.910000000000004,219.99752807617188,-199.22576904296875,-5.3142991065979,220.3932442620865,-199.61570739384098,-5.317316092872668,0.5555648652335408,0.5579688255195334,0.12407609151348434,3.6575919009401566e-05,11.74885231635865,39.976500154406686,nan,nan,nan
35.92,219.99720764160156,-199.21705627441406,-5.316099166870117,220.3934778719131,-199.60696843545998,-5.320118623023181,0.555947609753305,0.5580202613277673,0.12409009507446127,3.5824058413948355e-05,11.878725901946796,41.167697187877025,nan,0.5343528416019213,nan
35.93,219.9969024658203,-199.20835876464844,-5.317863464355469,220.39371783442766,-199.59822672781831,-5.322003768924741,0.5563062174658318,0.5580717821234238,0.12410416082195622,3.654220762987955e-05,11.82378370964907,41.517837280859766,nan,nan,nan
35.94,219.99659729003906,-199.19964599609375,-5.319592475891113,220.3939640485582,-199.58947704534276,-5.321129997089013,0.5566605354307207,0.558123388051,0.12411828887487454,3.579237574862021e-05,11.349401358856225,40.409758811464364,nan,5.006600397656925,nan
35.95,219.99630737304688,-199.19093322753906,-5.321287155151367,220.40342615758678,-199.5841681364678,-5.322873410424976,0.5660228922324977,0.5580589876498391,0.12410912400137142,3.648715429365575e-05,11.226781173854492,40.2529161226407,0.8249684011126529,nan,nan
35.96,219.9960174560547,-199.18223571777344,-5.322947978973389,220.40369968342114,-199.57542718348535,-5.32372849794838,0.5663964481077005,0.5581103783183881,0.1241232790994976,3.574020983975483e-05,11.102986767272638,41.28274860093856,nan,0.5487498130490789,nan
35.97,219.99574279785156,-199.17352294921875,-5.324575901031494,220.40397891098004,-199.56668872347694,-5.325442867724611,0.5667775593136533,0.5581618539086107,0.12413749660692593,3.645632018100624e-05,11.037151427786558,39.79767343520565,nan,nan,nan
35.980000000000004,219.99546813964844,-199.16481018066406,-5.326170921325684,220.40426381156828,-199.55794543349788,-5.325370857313029,0.567159473608201,0.5582134145649974,0.12415177664601215,3.571127529691888e-05,10.965172460222979,39.98480254323508,nan,2.086830294568338,nan
35.99,219.9951934814453,-199.15611267089844,-5.327734470367432,220.40455409650426,-199.54920678679733,-5.327005027910752,0.5675382182743858,0.5582650604320646,0.12416611938259432,3.642688737855694e-05,10.89110614136685,41.064865831986026,nan,nan,nan
36.0,219.9949188232422,-199.14739990234375,-5.329266548156738,220.38725345680282,-199.53760247626315,-5.330036503480898,0.5533399553761521,0.5582005280806265,0.1241570404263063,3.5661939978853356e-05,11.376993272110425,39.576495066014445,4.682993955828006,1.3040425453015327,nan
36.01,219.99465942382812,-199.13868713378906,-5.33076810836792,220.38752714990477,-199.52887550172932,-5.3316248806361575,0.5537081783098682,0.5582519582820435,0.12417140968745395,3.637621076107088e-05,11.311957194066359,39.001679292992975,nan,nan,nan
36.02,219.99441528320312,-199.12998962402344,-5.332240104675293,220.38780601842274,-199.5201506295877,-5.334034361477325,0.554062361270839,0.5583034734830796,0.1241858417027073,3.563567562846289e-05,11.312765462334289,39.34025955346032,nan,0.49192454851590744,nan
36.03,219.99415588378906,-199.12127685546875,-5.333682060241699,220.38809003493205,-199.51142359749076,-5.33557349460988,0.5544386109129702,0.5583550738282956,0.12420033663490102,3.634954497781825e-05,11.252518363284512,39.39300155706005,nan,nan,nan
36.04,219.99391174316406,-199.11256408691406,-5.3350958824157715,220.38837849388176,-199.502703260512,-5.339904222633395,0.5548294443638535,0.5584067594621137,0.12421489461088396,3.561070878527259e-05,11.73587403977819,39.306813373738805,nan,5.41965603301602,nan
36.050000000000004,219.99366760253906,-199.10386657714844,-5.336481094360352,220.38912734331527,-199.49614263057768,-5.341275042045504,0.5570385001085759,0.5583420956636891,0.12420589737425725,3.6301699499904306e-05,11.877815398984716,40.27927752444682,1.419607226296732,nan,nan
36.06,219.99343872070312,-199.09515380859375,-5.337839126586914,220.38942752350692,-199.48742345380603,-5.342005137554606,0.5574046664213871,0.5583935652269849,0.12422048133155929,3.5565399728743015e-05,11.666168466241396,38.609109568069776,nan,0.38617624711802007,nan
36.07,219.9932098388672,-199.08644104003906,-5.339169502258301,220.38973225460796,-199.47870589437952,-5.343453292255019,0.5577814025156934,0.5584451198671971,0.12423512842180842,3.627770366667156e-05,11.617590088760375,38.79377204171636,nan,nan,nan
36.08,219.99298095703125,-199.07772827148438,-5.340473651885986,220.39004206684143,-199.46998482202648,-5.3433077725884335,0.5581494052733876,0.558496759728678,0.12424983877445253,3.554297596538145e-05,11.27144497332518,38.61514404658636,nan,1.6822894883045558,nan
36.09,219.9927520751953,-199.06903076171875,-5.341752052307129,220.39035621874936,-199.46126717064365,-5.344689262443815,0.5585222311251699,0.5585484849560973,0.12426461254843882,3.625500149523533e-05,11.215695442352901,39.63584725213415,nan,nan,nan
36.1,219.99253845214844,-199.06031799316406,-5.3430047035217285,220.40594975486712,-199.46220649860777,-5.346913040950419,0.5765748443392188,0.5584836902147098,0.12425569274149281,3.550025104959363e-05,11.652253844779771,38.962587829915364,4.153639008083035,0.5703281222459701,nan
36.11,219.99232482910156,-199.05160522460938,-5.344232082366943,220.40630029388964,-199.45351266734593,-5.34825358708203,0.5769934579124104,0.5585351989685389,0.12427049192846468,3.62111527411408e-05,11.603360778137922,39.11851492409476,nan,nan,nan
36.12,219.9921112060547,-199.04290771484375,-5.345435619354248,220.40665459191663,-199.4448227191655,-5.351522605088334,0.5774244027196693,0.5585867928755259,0.12428535459269854,3.548026649906284e-05,12.13436862677462,40.66730210866952,nan,2.6169062768509943,nan
36.13,219.99191284179688,-199.03419494628906,-5.346614360809326,220.40701377966667,-199.4361286155924,-5.352835800153151,0.5778392245664298,0.5586384720804268,0.12430028089090916,3.619096938799373e-05,12.095354652805137,39.21558934118834,nan,nan,nan
36.14,219.99171447753906,-199.02548217773438,-5.3477702140808105,220.40737676723128,-199.42743655896984,-5.355255599334859,0.5782719902078702,0.5586902367274599,0.12431527095588643,3.5461461776290835e-05,12.541812011949828,39.789545530652106,nan,0.8770611232425954,nan
36.15,219.99151611328125,-199.0167694091797,-5.348902702331543,220.4026330674414,-199.42616590891234,-5.356351516545863,0.5802397166899769,0.558625311548365,0.12430642426555746,3.614966655203256e-05,13.465794344669712,39.59794718163021,12.658003317126903,nan,nan
36.160000000000004,219.99131774902344,-199.00807189941406,-5.35001277923584,220.40300028122607,-199.41751098171096,-5.35657753188864,0.5806599395604033,0.5586768593204823,0.1243214391529044,3.5422361525788324e-05,13.08169653087199,40.180510575488455,nan,0.7272456816226057,nan
36.17,219.9911346435547,-198.99935913085938,-5.351100444793701,220.40337117671393,-199.40885795648794,-5.357799358212127,0.5810964832997277,0.5587284923217231,0.12433651788341163,3.613188475561733e-05,13.043666187132892,38.73567869497751,nan,nan,nan
36.18,219.99095153808594,-198.9906463623047,-5.352166652679443,220.4037466991703,-199.40020186782758,-5.357332173109073,0.581517187811412,0.5587802106962113,0.12435166059177302,3.5405838917620116e-05,12.49203470015878,38.34023167422846,nan,1.9191407261492177,nan
36.19,219.9907684326172,-198.98193359375,-5.353211879730225,220.40412537189383,-199.39154864692455,-5.358496139822965,0.5819590831321961,0.5588320145888506,0.1243668674318537,3.611526192443113e-05,12.448453708693766,38.44005139737947,nan,nan,nan
36.2,219.99049377441406,-198.97323608398438,-5.354343891143799,220.39157190143723,-199.38226364864713,-5.360455226045664,0.5728914042335043,0.5587669594776626,0.12435808947109003,3.53690321020593e-05,13.233056361045776,38.636745709515765,4.043286436474974,0.5298613012499784,nan
36.21,219.9901123046875,-198.9645233154297,-5.35556173324585,220.39178758044747,-199.37362524051235,-5.36174721457632,0.5733634732370744,0.5588185460958859,0.12437332051891307,3.6077505904136624e-05,13.172293213607372,38.30165314875381,nan,nan,nan
36.22,219.98963928222656,-198.955810546875,-5.356865406036377,220.39190806095988,-199.36498579720399,-5.362564794462794,0.5738266627247431,0.5588702180177038,0.1243886157519865,3.535467378865596e-05,12.965775312720291,37.89982701152475,nan,0.21769923022289003,nan
36.230000000000004,219.9890899658203,-198.9470977783203,-5.358253002166748,220.39193405374075,-199.35634716300987,-5.364023482542157,0.5742836550738659,0.5589219753881172,0.12440397532256613,3.606311138398393e-05,12.906709942804493,36.984922403951224,nan,nan,nan
36.24,219.98843383789062,-198.93838500976562,-5.3597235679626465,220.39186722317618,-199.3477071362909,-5.364673175609148,0.5747413315935986,0.5589738183510982,0.12441939936775684,3.534135856986719e-05,12.612624715925893,37.35430560819853,nan,0.5528820800793686,nan
36.25,219.98768615722656,-198.9296875,-5.361276626586914,220.35038960729005,-199.32773955829282,-5.366251735063075,0.538538750233871,0.5589086338151203,0.12441068572229828,3.602758483999646e-05,13.341371588010418,36.4802930185142,16.356534053226877,nan,nan
36.26,219.9868927001953,-198.9209747314453,-5.362910747528076,220.35009425773993,-199.31910319589292,-5.367246834428584,0.5389252705671288,0.5589602591059338,0.12442613333873753,3.530772768103275e-05,13.124261173296645,35.430181774811906,nan,0.34482124955767596,nan
36.27,219.986083984375,-198.91226196289062,-5.364625930786133,220.3497673933018,-199.31046794382314,-5.369021810255935,0.5393078424567465,0.5590119697750217,0.12444164549501179,3.601529216773244e-05,13.066769155257665,35.32524580023251,nan,nan,nan
36.28,219.9852752685547,-198.90354919433594,-5.366419792175293,220.3494330349965,-199.30183288010895,-5.370926627452586,0.539686098372976,0.5590637659662613,0.12445722232957403,3.5296405632379664e-05,13.044814256477778,35.33301271408659,nan,0.0016665005203172086,nan
36.29,219.98446655273438,-198.8948516845703,-5.368292808532715,220.34910307420165,-199.29319801324084,-5.372862831999534,0.5400559929003009,0.5591156478248022,0.12447286399266108,3.600401068061623e-05,12.987047518172242,36.371019013807974,nan,nan,nan
36.300000000000004,219.9836883544922,-198.88613891601562,-5.370243549346924,220.36078915047486,-199.29354312724206,-5.374276051053857,0.5551571513777102,0.5590503343712186,0.12446421018931375,3.526475908291148e-05,13.215943290904276,35.17031789364349,4.656538771982548,0.3960400802045897,nan
36.31,219.98291015625,-198.87742614746094,-5.372270584106445,220.36050406101077,-199.28493324091292,-5.376365111653961,0.5555681355891531,0.5591019981616764,0.12447987476416618,3.597155162201352e-05,13.16110599839111,35.76910392329955,nan,nan,nan
36.32,219.98214721679688,-198.86871337890625,-5.374373912811279,220.36023490828475,-199.2763193302208,-5.3753481282720825,0.5559621058106613,0.5591537474031106,0.12449560421733877,3.5255307707661936e-05,12.662485378555921,35.22599943271138,nan,7.050941852750818,nan
36.33,219.9813995361328,-198.86001586914062,-5.376552104949951,220.35997873016052,-199.26770951183707,-5.3775596126051965,0.5563607889826886,0.5592055822407592,0.12451139869795204,3.596219114358783e-05,12.602998689497594,35.88199659691998,nan,nan,nan
36.34,219.9806671142578,-198.85130310058594,-5.378804683685303,220.3597382932816,-199.25909707250753,-5.377539131899171,0.5567696866060434,0.5592575028183604,0.12452725834613289,3.524675545240396e-05,12.561364507594433,35.03555768375054,nan,3.7061639217352464,nan
36.35,219.97994995117188,-198.84259033203125,-5.381128311157227,220.37659817018172,-199.253825111568,-5.379863467415974,0.5713540525576217,0.5591920609565283,0.12451865988321799,3.593163732564504e-05,12.075020282548877,35.61549753927999,3.3988249213263213,nan,nan
36.36,219.979248046875,-198.83387756347656,-5.383464336395264,220.37641310585462,-199.24520896142997,-5.382174411107217,0.5717825346439315,0.5592437630718947,0.12453454176231285,3.521782303094044e-05,12.019689585772811,35.487766648668995,nan,0.0033225480644810393,nan
36.37,219.9785614013672,-198.82518005371094,-5.3857831954956055,220.3762422075915,-199.2365932250722,-5.3845522951718525,0.572199559877809,0.5592955507116258,0.12455048886430532,3.592407054084743e-05,11.955357250413806,36.097236055535014,nan,nan,nan
36.38,219.97789001464844,-198.81646728515625,-5.388070583343506,220.37608495573485,-199.22797794974653,-5.387115816410313,0.5726265360234767,0.55934742401938,0.12456650133023582,3.521096846142009e-05,11.881742482867033,35.168633562702226,nan,0.03041405809223649,nan
36.39,219.97723388671875,-198.80776977539062,-5.39031982421875,220.37594139579895,-199.21936277988627,-5.389438947044432,0.573042105862459,0.5593993831405215,0.12458257930785568,3.59173647419547e-05,11.818959590002018,35.74710404323191,nan,nan,nan
36.4,219.97657775878906,-198.79905700683594,-5.3925275802612305,220.3806031872469,-199.21447322363235,-5.393036317966942,0.57948894625526,0.5593338133792125,0.12457403163708107,3.518371243140649e-05,11.93337581663344,35.766216114488735,1.3237186018965936,1.4484199451739443,nan
36.410000000000004,219.9759521484375,-198.79034423828125,-5.394693851470947,220.38049481576888,-199.20586913695337,-5.395292058350913,0.5799276411411477,0.5593855536458073,0.12459013114274925,3.5889400232580945e-05,11.879836971714528,34.8268366856928,nan,nan,nan
36.42,219.97532653808594,-198.78164672851562,-5.396817207336426,220.38039948451788,-199.1972646098324,-5.396913525959248,0.5803639586316226,0.5594373795077431,0.12460629620512684,3.517843529437654e-05,11.812129569018577,36.0916880506839,nan,0.24589250525606815,nan
36.43,219.97471618652344,-198.77293395996094,-5.398899078369141,220.3803161936804,-199.18866071349072,-5.3990814142215795,0.5808098937281387,0.5594892911104535,0.12462252697122933,3.588431052843298e-05,11.756742853112232,35.12647771316323,nan,nan,nan
36.44,219.97412109375,-198.7642364501953,-5.40093994140625,220.38024616397652,-199.18005556218523,-5.399602868068511,0.5812442639094969,0.5595412885974864,0.12463882358320172,3.5173914925295936e-05,11.749475069606518,35.66837632141547,nan,1.8027459619241168,nan
36.45,219.97352600097656,-198.75552368164062,-5.402939796447754,220.3935943335674,-199.18113610806742,-5.401721278944483,0.5980006909355962,0.5594755914480716,0.12463032212871744,3.585793652810863e-05,12.080205650770672,36.1708981905734,4.079356458471659,nan,nan
36.46,219.97296142578125,-198.74681091308594,-5.404900074005127,220.39356971857896,-199.17256004876947,-5.405970990870584,0.5984770750566897,0.5595273696900301,0.12464663954507323,3.5148923421495535e-05,12.016669506060603,35.15429990890525,nan,3.4397775444124354,nan
36.47,219.97239685058594,-198.7381134033203,-5.406820774078369,220.3935581181658,-199.1639822418232,-5.407987537643295,0.5989511184182594,0.5595792335993928,0.12466302285373579,3.5854340825548894e-05,11.965447569189227,36.38523696006013,nan,nan,nan
36.480000000000004,219.9718475341797,-198.72940063476562,-5.408703804016113,220.39355771959805,-199.15540440868685,-5.4100637439615165,0.5994335203484785,0.5596311833196487,0.12467947219743285,3.5145814513392514e-05,11.925503732634695,35.37906869379606,nan,0.0066147313696068135,nan
36.49,219.97129821777344,-198.720703125,-5.410549163818359,220.39356834967074,-199.14682645022708,-5.4120067727139425,0.5999127246682188,0.5596832189963254,0.12469598772230574,3.5851461301858236e-05,11.875780102319402,36.557167411888194,nan,nan,nan
36.5,219.9707794189453,-198.7119903564453,-5.412357330322266,220.36057719175344,-199.12349032179222,-5.412666752974368,0.5668109216564684,0.5596173949691984,0.12468752787179886,3.5122206694042626e-05,11.797799323541613,33.40220199105932,10.148080994143612,1.041845230946116,nan
36.51,219.9702606201172,-198.7032928466797,-5.414129734039307,220.3605535155915,-199.1148891900135,-5.414525540995544,0.5672215182507186,0.5596692110121141,0.12470406345631015,3.5827221651929295e-05,11.743806370593267,34.527394356854394,nan,nan,nan
36.52,219.96974182128906,-198.694580078125,-5.415866851806641,220.3605387867501,-199.106289651265,-5.418649514471023,0.5676572769199658,0.5597211127917481,0.12472066526146613,3.512039613577272e-05,11.905590369041612,34.41564691300135,nan,3.708268950898024,nan
36.53,219.96923828125,-198.68588256835938,-5.417569637298584,220.3605357184677,-199.0976886441339,-5.4204627382267505,0.5680724412000148,0.5597731004536741,0.12473733343295759,3.582566944683175e-05,11.863401963674454,34.83066085459229,nan,nan,nan
36.54,219.96875,-198.6771697998047,-5.419238090515137,220.36054183368648,-199.0890887148996,-5.423935840142441,0.5685069062095358,0.5598251741413063,0.12475406811418956,3.5119207941920986e-05,12.204809304972343,34.198618988595825,nan,2.0099966662214195,nan
36.550000000000004,219.96827697753906,-198.66845703125,-5.420873165130615,220.33461655343163,-199.07892104315525,-5.425692969435002,0.5501896222649333,0.5597592237497822,0.12474564523036354,3.580272715527633e-05,13.210023948774566,33.13849311703195,11.430134013136268,nan,nan
36.56,219.96780395507812,-198.65975952148438,-5.422475814819336,220.33460265800352,-199.07034463056797,-5.427333448065247,0.5505860667231721,0.5598110774167725,0.1247623992063179,3.5097444955527115e-05,13.178658518232636,34.16841301522225,nan,0.005887058040485332,nan
36.57,219.96734619140625,-198.6510467529297,-5.424046039581299,220.33459807684196,-199.06176837466623,-5.429033295292087,0.5509909896155301,0.5598630168911739,0.12477921973032473,3.580238953892051e-05,13.148296450668493,33.17050671761883,nan,nan,nan
36.58,219.96690368652344,-198.64234924316406,-5.425585746765137,220.33460329808912,-199.05319188177,-5.429935920861214,0.5513742849071884,0.5599150423163659,0.12479610694612787,3.5097402237872445e-05,12.938956744205202,33.32763110029261,nan,0.41268941157845607,nan
36.59,219.96646118164062,-198.63363647460938,-5.427093982696533,220.33461710799926,-199.04461581681167,-5.431567496539999,0.5517814949381027,0.5599671538379796,0.12481306099890925,3.580263406814564e-05,12.906292267196593,32.987022130007745,nan,nan,nan
36.6,219.9660186767578,-198.62493896484375,-5.428572654724121,220.31464622483088,-199.01629764732522,-5.432335055589852,0.5241344687094561,0.5599010775941115,0.12480467041646477,3.5076754951189895e-05,11.669895303813341,32.92935599517681,19.341026653798757,0.34356671944299993,nan
36.61,219.96560668945312,-198.61622619628906,-5.4300217628479,220.31464057548482,-199.0076617415583,-5.433899061417806,0.5244630331518283,0.5599529687100437,0.12482164297887223,3.5781409254015776e-05,11.635046822503671,31.203186978460014,nan,nan,nan
36.62,219.96517944335938,-198.60752868652344,-5.431441783905029,220.31464382600416,-198.99902570924266,-5.435186471513178,0.5247945276206644,0.5600049457011115,0.12483868241162127,3.507775493569793e-05,11.56097541431377,32.88018317338401,nan,0.04342268294696321,nan
36.63,219.96478271484375,-198.59881591796875,-5.432833671569824,220.31465543060378,-198.9903898332077,-5.43669239602395,0.5251246881296588,0.5600570087129684,0.12485578885964956,3.578271762209958e-05,11.52629307416484,31.11061905213029,nan,nan,nan
36.64,219.96437072753906,-198.59011840820312,-5.434197425842285,220.31467546637072,-198.98175374417926,-5.437640395780165,0.525455517123043,0.5601091578889549,0.12487296246706885,3.5079255010240627e-05,11.394857864156512,32.704125327943416,nan,0.1980898453912299,nan
36.65,219.9639892578125,-198.58140563964844,-5.435534477233887,220.32568984531943,-198.9795498960175,-5.4390915489833525,0.5379208274848207,0.5600429563079157,0.12486459949947389,3.5762526303505125e-05,11.528058529156748,31.372733077176882,1.621520391833496,nan,nan
36.660000000000004,219.96360778808594,-198.57269287109375,-5.436844348907471,220.32574474009476,-198.9709276991909,-5.440035658331514,0.5382790491702651,0.5600948846950096,0.12488179081192861,3.5060074149459637e-05,11.41402746972672,31.587893019481122,nan,0.16046574913733916,nan
36.67,219.96322631835938,-198.56399536132812,-5.438128471374512,220.32580699776096,-198.96230544912265,-5.441427138622264,0.5386339724894943,0.560146899026515,0.12489904931453734,3.576479767851217e-05,11.37552117635768,32.58292329554133,nan,nan,nan
36.68,219.96286010742188,-198.55528259277344,-5.43938684463501,220.27942905841073,-198.94808882472296,-5.444385626478623,0.5045172191397271,0.5485109390051619,0.12474679628905025,3.5062472980146616e-05,17.798877616249033,37.92854509528478,nan,1.7800489524020364,0.18457326502662003
36.69,219.96249389648438,-198.5465850830078,-5.440620422363281,220.27949284451458,-198.93949119322772,-5.445743904416191,0.5048661154887931,0.548556312289164,0.12476569363209253,3.576752324079011e-05,17.74241969542079,38.91067018493559,nan,nan,nan
36.7,219.96214294433594,-198.53787231445312,-5.441828727722168,220.2534468919947,-198.92375696559878,-5.44431018489725,0.48349882268843775,0.5485007901366017,0.12475766805007606,3.504417057708149e-05,17.825405425117694,36.30003028049521,10.031738626595512,5.394907173377997,nan
36.71,219.9617919921875,-198.52915954589844,-5.443013668060303,220.25347395520018,-198.9151605047051,-5.445593732026193,0.4838199711428524,0.5485459799490238,0.12477656675937594,3.5748679887194894e-05,17.761393220021866,36.50714483583984,nan,nan,nan
36.72,219.96145629882812,-198.5204620361328,-5.444174766540527,220.2535109286907,-198.90656439780216,-5.447236907705807,0.4841284098452888,0.5485912537256341,0.12479552633969093,3.504739370992353e-05,17.766864726946327,36.924084686070174,nan,0.1029242317921711,nan
36.730000000000004,219.96112060546875,-198.51174926757812,-5.4453125,220.25355175359172,-198.89796762615575,-5.4484792541466955,0.4844487849367961,0.5486366117768064,0.12481454693934044,3.575224488302834e-05,17.70587444403258,36.429138978768584,nan,nan,nan
36.74,219.96080017089844,-198.5030517578125,-5.446427345275879,220.25359116885204,-198.88936973810644,-5.4486385617528565,0.4847401776821913,0.5486820540852759,0.12483362869923394,3.5051009189506395e-05,17.489643090361728,36.56494356625368,nan,0.7925758241809397,nan
36.75,219.96047973632812,-198.4943389892578,-5.4475202560424805,220.26489341388722,-198.8914501742786,-5.4498633225966655,0.5003703331678813,0.5486264325655181,0.12482558233307438,3.573420456710824e-05,18.226605772707096,36.45402839133207,5.992147822372852,nan,nan
36.76,219.9601593017578,-198.48562622070312,-5.448591232299805,220.26496469289202,-198.88288492811392,-5.4508102996481576,0.5007252054151796,0.548671691080858,0.12484466495930188,3.50338422543507e-05,18.14075304173543,36.65477134699642,nan,0.03441911697710958,nan
36.77,219.95985412597656,-198.4769287109375,-5.449641227722168,220.2650439350993,-198.87431975297426,-5.4519556585145565,0.5010646829235987,0.5487170338058455,0.12486380883873714,3.57385128678518e-05,18.075957602638464,36.92287423546026,nan,nan,nan
36.78,219.95944213867188,-198.4682159423828,-5.450778007507324,220.26508279795024,-198.86575498346292,-5.453726065297069,0.501460061053459,0.5487624607393167,0.12488301411310497,3.5038156431860574e-05,18.09832817005265,36.76667554746648,nan,0.24608549358541734,nan
36.79,219.95895385742188,-198.45950317382812,-5.452000617980957,220.26502245029567,-198.85718945067404,-5.454999141568705,0.5018379713403733,0.5488079721676129,0.12490228092948973,3.574317933321639e-05,18.02748064419486,35.9958547191986,nan,nan,nan
36.800000000000004,219.95835876464844,-198.4508056640625,-5.453309059143066,220.28039549345138,-198.84848232391883,-5.455921347405431,0.5117237580399729,0.5487522510680071,0.12489421059824221,3.502166293374899e-05,16.930393647025827,37.738048012099206,9.778210566273478,0.09728057893440953,nan
36.81,219.95767211914062,-198.4420928955078,-5.454700946807861,220.28018409288356,-198.8398978060062,-5.457361946011665,0.5121228377459461,0.5487975783703369,0.12491347775989953,3.572616779357942e-05,16.85863455637932,36.941667056877066,nan,nan,nan
36.82,219.9569091796875,-198.43338012695312,-5.456176280975342,220.279881027012,-198.8313132927174,-5.4588870537579135,0.512512406550769,0.5488429898945308,0.12493280654849781,3.64449798252536e-05,16.788188499940222,36.24991909838329,nan,nan,nan
36.83,219.95603942871094,-198.4246826171875,-5.457733631134033,220.27948727456888,-198.82272893493266,-5.460495889871013,0.5129005850395865,0.5488884857850891,0.12495219710853726,3.717824352897152e-05,16.715208148365864,37.60898977799448,nan,nan,nan
36.84,219.95509338378906,-198.4159698486328,-5.459372520446777,220.27900546216816,-198.81414483628672,-5.462443805505823,0.5132950302749527,0.5489340661214126,0.12497164958362057,3.639251849428838e-05,16.695739628468854,36.33142462530101,nan,0.04284737221963691,nan
36.85,219.95404052734375,-198.40725708007812,-5.461091995239258,220.28274682269384,-198.80220042206983,-5.464267380968239,0.5138464313984135,0.5488782455047377,0.12496355207284066,3.710074431921735e-05,15.96855084808048,37.35496757478224,4.123627638035841,nan,nan
36.86,219.95294189453125,-198.3985595703125,-5.462890148162842,220.28210844693555,-198.79359650216983,-5.4650561404074365,0.514207631483036,0.5489236413870676,0.12498300435199364,3.631902534674976e-05,15.751421251888088,37.3570699358071,nan,0.7485252411339283,nan
36.87,219.9518280029297,-198.3898468017578,-5.4647674560546875,220.2814389459312,-198.7849934557187,-5.466983417736479,0.5145766826907444,0.5489691216386359,0.12500251863051007,3.704874745913127e-05,15.683863216159498,36.434829708313636,nan,nan,nan
36.88,219.95071411132812,-198.38113403320312,-5.46672248840332,220.28076908805443,-198.7763914768288,-5.470176848835223,0.5149530726282644,0.5490146862849058,0.12502209505146533,3.6269961995466516e-05,15.810159648562262,36.65137390805037,nan,0.9250684646882952,nan
36.89,219.94961547851562,-198.3724365234375,-5.468753814697266,220.280099230742,-198.76778898625423,-5.472273230582632,0.515301335753218,0.5490603355858811,0.1250417337606619,3.699848757770175e-05,15.744628433341948,37.20991552663121,nan,nan,nan
36.9,219.94851684570312,-198.3637237548828,-5.470860958099365,220.2644123921875,-198.75289376711473,-5.472549791593328,0.5012445978440246,0.5490044152463716,0.12503360581522965,3.6200072148027806e-05,15.528311675569405,36.37384733401488,2.250694213399927,2.408060356478627,nan
36.910000000000004,219.9474639892578,-198.35501098632812,-5.473043441772461,220.263748774492,-198.7442828279838,-5.4747811966808815,0.501569189513028,0.5490498797547239,0.1250532437668479,3.6926558864743124e-05,15.46328339697793,35.18312818792903,nan,nan,nan
36.92,219.9464111328125,-198.3463134765625,-5.475299835205078,220.2630965230925,-198.7356713977272,-5.475645090802804,0.5018857901873007,0.5490954286052251,0.12507294408467645,3.615438992419211e-05,15.31401840420459,36.633423269196456,nan,1.3763010106187452,nan
36.93,219.9453887939453,-198.3376007080078,-5.477627277374268,220.2624727573448,-198.72706115295105,-5.478011409299935,0.5022169108839795,0.549141062044532,0.1250927069141228,3.687982769075177e-05,15.246786283521997,35.38104311150572,nan,nan,nan
36.94,219.9443817138672,-198.3289031982422,-5.479966640472412,220.2618779371795,-198.71845197237062,-5.481992865015532,0.5025497038387714,0.5491867801180599,0.1251125323988637,3.611036041894659e-05,15.28667308107897,36.36160812919963,nan,1.6385308707994857,nan
36.95,219.94338989257812,-198.3201904296875,-5.482288837432861,220.28084030683382,-198.72037739437897,-5.484419784364521,0.5234758157977702,0.5491307600678301,0.12510437073193204,3.6811603316967915e-05,15.450717192849934,36.47836166826834,4.178224436153381,nan,nan
36.96,219.9424285888672,-198.31149291992188,-5.484579086303711,220.2803010954433,-198.71178862737125,-5.48546977405565,0.5238275264121635,0.5491762930139262,0.12512419487774026,3.6045722029101165e-05,15.28070090969386,36.51810574812912,nan,1.210532956091619,nan
36.97,219.9414825439453,-198.3027801513672,-5.4868316650390625,220.2797884142921,-198.7032008543805,-5.487821613493026,0.5242028055158819,0.5492219104827097,0.12514408175502306,3.676835103864052e-05,15.218669165190619,35.850063379202005,nan,nan,nan
36.980000000000004,219.9405517578125,-198.29408264160156,-5.48904275894165,220.27929644635796,-198.69461332516926,-5.49048705331285,0.5245711376764802,0.5492676125314301,0.12516403150774122,3.600501754138455e-05,15.181457971977995,36.69029885148372,nan,0.08278372850879863,nan
36.99,219.93963623046875,-198.28536987304688,-5.491211891174316,220.2788211712736,-198.68602576173222,-5.492762834112246,0.5249513983513406,0.5493133993890541,0.12518404428087038,3.672679272093275e-05,15.122503241946832,36.01545384733451,nan,nan,nan
37.0,219.93875122070312,-198.27667236328125,-5.493338108062744,220.31250373439957,-198.6955574102567,-5.49303938811933,0.5613873113169182,0.5492572794259519,0.1251758455715315,3.594383627877643e-05,15.322950804641115,37.41925360790746,12.50705885351049,2.5238358555329485,nan
37.01,219.9378662109375,-198.26795959472656,-5.495422840118408,220.31212069284544,-198.68700586880172,-5.495213053373155,0.5618418292143533,0.5493028808124476,0.12519585640462513,3.666391747886115e-05,15.25568036519439,37.44283938985299,nan,nan,nan
37.02,219.93701171875,-198.25926208496094,-5.497466564178467,220.3117656531007,-198.67845531715943,-5.499409767969449,0.5622875183332179,0.5493485667232123,0.12521593032970146,3.590638564837414e-05,15.292802283776698,37.52695720390354,nan,2.8549360941204354,nan
37.03,219.93617248535156,-198.25054931640625,-5.49946928024292,220.3114176578256,-198.6699043012531,-5.501522805637924,0.5627359591740232,0.5493943373767719,0.12523606749154273,3.662573883396284e-05,15.237972028982325,36.859024396412764,nan,nan,nan
37.04,219.9353485107422,-198.24185180664062,-5.501431941986084,220.31108959796015,-198.66135348507325,-5.504193302921288,0.5631790549600885,0.5494401928459951,0.12525626803440523,3.587051586722881e-05,15.268901614148708,37.656926359086945,nan,0.23917036498695635,nan
37.050000000000004,219.93453979492188,-198.233154296875,-5.503355979919434,220.32569415654132,-198.65832567623767,-5.5061140793978245,0.5777370020656444,0.5493839729297079,0.12524802893286044,3.656635146034012e-05,15.069890277261296,38.287258333344255,2.956816569403224,nan,nan
37.06,219.9337615966797,-198.2244415283203,-5.505241394042969,220.32541948367628,-198.64978053051746,-5.507251348220924,0.5781982420870049,0.5494296425865536,0.12526822691536454,3.581429064350772e-05,14.911256576852477,36.7542471265957,nan,0.5028717491663891,nan
37.07,219.9329833984375,-198.2157440185547,-5.507089138031006,220.3251647333793,-198.64123555510275,-5.509206921860275,0.578665475174656,0.5494753969197715,0.12528848834746562,3.6531456312802044e-05,14.85537075776834,38.109119838052024,nan,nan,nan
37.08,219.93222045898438,-198.20703125,-5.508900165557861,220.3249228242012,-198.63269033758573,-5.510526578729153,0.5791402694606924,0.549521236011403,0.12530881337354152,3.578155055354e-05,14.74273023979391,37.29818659585698,nan,0.24264588510407217,nan
37.09,219.9314727783203,-198.19833374023438,-5.510674953460693,220.3246988306816,-198.62414521528018,-5.512404375677342,0.5796077392836709,0.5495671600662536,0.12532920213818938,3.6498151617289655e-05,14.685396543484638,37.90644244242923,nan,nan,nan
37.1,219.9307403564453,-198.1896209716797,-5.512414455413818,220.31457175654813,-198.60854070044317,-5.513216905737537,0.5681733245926677,0.5495108399990701,0.12532091926629044,3.5728530988213306e-05,14.291352481353702,36.650424493980715,1.9868823281361105,0.6251230095041304,nan
37.11,219.93003845214844,-198.18092346191406,-5.5141191482543945,220.31436332497327,-198.59997832350098,-5.515014980785304,0.5686065312739351,0.5495565778928713,0.12534130483118164,3.644372639027284e-05,14.23130688772394,36.552864842005235,nan,nan,nan
37.12,219.92933654785156,-198.17222595214844,-5.515789985656738,220.31417394449903,-198.59141607300393,-5.517869559456777,0.5690558003468831,0.5496024004865503,0.12536175419943604,3.5698813226259854e-05,14.265882385247382,37.23714882098399,nan,0.8053955928388147,nan
37.13,219.92864990234375,-198.16351318359375,-5.517427444458008,220.31399395749523,-198.58285379685518,-5.519612664243004,0.5695097593163462,0.5496483079768985,0.12538226751558637,3.641354898018593e-05,14.213451745663663,36.394946157842696,nan,nan,nan
37.14,219.927978515625,-198.15481567382812,-5.5190324783325195,220.31382967603002,-198.57429166364562,-5.521858340382639,0.5699554452021679,0.5496943004579543,0.12540284492410972,3.567055689942761e-05,14.24235529788649,37.01160121627077,nan,0.19402069466807387,nan
37.15,219.92730712890625,-198.14610290527344,-5.520605087280273,220.29869025430838,-198.55114308703065,-5.523464752262394,0.5495372165333156,0.5496378801558961,0.1253945148784344,3.636230830396342e-05,13.334614010735578,36.344093103001825,9.525953236905094,nan,nan
37.160000000000004,219.92666625976562,-198.1374053955078,-5.522146701812744,220.29853228392778,-198.54253954656136,-5.524913584629841,0.5499324285006039,0.5496836861285562,0.12541508842912294,3.5622069658326754e-05,13.26143854176795,36.15342385273595,nan,0.028367030087653847,nan
37.17,219.926025390625,-198.1287078857422,-5.523657321929932,220.29838813727136,-198.53393611764247,-5.526534374709204,0.5503382709313828,0.549729576930936,0.12543572613351459,3.6335132615673085e-05,13.21077790732918,36.69150035802279,nan,nan,nan
37.18,219.9254150390625,-198.1199951171875,-5.525137901306152,220.2982614767121,-198.5253327688349,-5.529354184959294,0.5507548047533112,0.5497755526640427,0.1254564281361076,3.5596667974262684e-05,13.421684418688304,35.32348683142195,nan,1.0291760181164282,nan
37.19,219.9248046875,-198.11129760742188,-5.5265889167785645,220.29814280729494,-198.51672952981184,-5.5309292545266215,0.5511580843248232,0.5498216135142376,0.1254771945814022,3.6309404855175386e-05,13.378402234923957,36.56416959900341,nan,nan,nan
37.2,219.92420959472656,-198.1025848388672,-5.528010845184326,220.27161335427962,-198.5041297376579,-5.532638082863707,0.5309887844625251,0.549765092780083,0.12546881393508466,3.555106968893404e-05,14.331112521342625,34.558153939675016,13.183773922101167,0.0315547955337143,nan
37.21,219.9236297607422,-198.09388732910156,-5.529404640197754,220.271464564644,-198.4955381327875,-5.534158182986141,0.5313520632085634,0.5498109667683465,0.1254895758460503,3.626263657094998e-05,14.290055371942943,35.05553399248614,nan,nan,nan
37.22,219.9230499267578,-198.08517456054688,-5.530770778656006,220.2713347894487,-198.48694634599025,-5.537744278494887,0.5317626753148154,0.5498569256261588,0.1255104022575082,3.55283936737683e-05,14.975141743919792,35.50099234140233,nan,3.000327340694854,nan
37.230000000000004,219.9224853515625,-198.07647705078125,-5.532109260559082,220.27120920566637,-198.47835443038142,-5.539231485632483,0.5321320143961894,0.5499029695338605,0.12553129331396998,3.6239720210108955e-05,14.944285337202512,36.02807868003771,nan,nan,nan
37.24,219.92193603515625,-198.06776428222656,-5.533421039581299,220.27109695462244,-198.4697621476042,-5.541277790569261,0.5325198212148884,0.5499490986014788,0.1255522491599173,3.550703062876684e-05,15.223326521880864,35.3902960496316,nan,0.23474715020803788,nan
37.25,219.92140197753906,-198.05906677246094,-5.534707069396973,220.2651829813579,-198.46418289689137,-5.5426247662315244,0.5313822943826643,0.5498924773151821,0.12554381446495155,3.619578352657211e-05,15.824583418757758,35.549181428309375,3.944934032090791,nan,nan
37.26,219.92086791992188,-198.0503692626953,-5.5359673500061035,220.26507145979318,-198.45560794488222,-5.543054892685049,0.5317374348884419,0.5499384191677638,0.12556476508197753,3.546546656272122e-05,15.447801718273444,35.61212617310173,nan,0.6660693307867692,nan
37.27,219.92034912109375,-198.04165649414062,-5.53720235824585,220.2649738760602,-198.44703270718918,-5.544435280482109,0.5321169147897354,0.5499844460025609,0.12558578054280414,3.6175537122129744e-05,15.41852470725495,34.67755772940611,nan,nan,nan
37.28,219.9198455810547,-198.032958984375,-5.538412570953369,220.26489125783667,-198.4384571363869,-5.547177850204859,0.5325054933719895,0.5500305579347743,0.12560686099187865,3.5446637583434093e-05,16.079578944062963,35.82102518394251,nan,1.3218748428347877,nan
37.29,219.91934204101562,-198.0242462158203,-5.5395989418029785,220.26481472576984,-198.42988151405007,-5.548524815335112,0.5328893340080445,0.5500767551369963,0.1256280065737652,3.6156574265339455e-05,16.056704836634882,35.51634082725122,nan,nan,nan
37.300000000000004,219.9188690185547,-198.0155487060547,-5.540761470794678,220.26667962865017,-198.42137856037775,-5.552065067477893,0.5346006569887859,0.5500200330989183,0.1256195143630791,3.5407612312858804e-05,17.343296620087827,36.81636996267913,0.7289086776969498,3.026545402224079,nan
37.31,219.9183807373047,-198.0068359375,-5.541901111602783,220.26662707765624,-198.41280092182637,-5.553390020160942,0.5349907261693602,0.5500660427278368,0.12564065400368765,3.611656722316968e-05,17.330717129368,37.1233264968847,nan,nan,nan
37.32,219.9179229736328,-197.99813842773438,-5.543017387390137,220.26658435868032,-198.40422320444154,-5.554764713798223,0.5353574571949926,0.5501121373905539,0.12566185882779643,3.5391178328281856e-05,17.516201191151396,37.090523595878295,nan,0.003553761552458638,nan
37.33,219.91744995117188,-197.9894256591797,-5.544112205505371,220.26655078976816,-198.39564551620649,-5.556046594257678,0.5357503125397067,0.5501583172552496,0.1256831289800196,3.610006791952397e-05,17.50393891896117,37.33785219194942,nan,nan,nan
37.34,219.91700744628906,-197.98072814941406,-5.54518461227417,220.26652013345563,-198.38706831196538,-5.555010861230398,0.536067161241177,0.5502045824437395,0.1257044646047283,3.5375894451817835e-05,16.229159593773556,35.84737764098374,nan,3.6438067482996392,nan
37.35,219.91656494140625,-197.97201538085938,-5.54623556137085,220.23424271879833,-198.36606926231858,-5.556312481302813,0.5062599885998764,0.5501477595043116,0.12569591139449876,3.606251899881941e-05,16.549813130224777,34.46021791519904,10.680231591899055,nan,nan
37.36,219.91603088378906,-197.9633026123047,-5.547374248504639,220.23412168595647,-198.35747671562015,-5.555428082492516,0.5065765947909133,0.5501938367609663,0.12571724034808768,3.5340373226302197e-05,15.509784705949237,33.29516067761569,nan,3.1621645580800695,nan
37.37,219.9154052734375,-197.95460510253906,-5.548598289489746,220.23391284705062,-198.3488835379385,-5.556747187954912,0.5069210625098672,0.5502399991510301,0.12573863482160438,3.604833642336102e-05,15.45546372476715,33.906062049160475,nan,nan,nan
37.38,219.91468811035156,-197.94589233398438,-5.549907684326172,220.23360949369217,-198.34029039551405,-5.557288990734623,0.5072624206212648,0.5502862468000568,0.12576009495936094,3.5327284110975396e-05,15.096563704027417,32.827783984792596,nan,0.5170506814808039,nan
37.39,219.91387939453125,-197.93719482421875,-5.5513014793396,220.23321693713197,-198.33169671253734,-5.558771651158854,0.5076061558612217,0.5503325798706244,0.12578162090606207,3.6035264556085355e-05,15.042371811153721,33.495774908651235,nan,nan,nan
37.4,219.91297912597656,-197.92848205566406,-5.5527777671813965,220.2234760258045,-198.31660990664696,-5.559180592100976,0.49708404689580826,0.5502756558258032,0.12577300319744208,3.529394264769787e-05,14.38506954047641,32.15915450734036,1.4382370026575915,0.8846735288963482,nan
37.410000000000004,219.9119873046875,-197.91978454589844,-5.554337024688721,220.22289006421485,-198.30800061567578,-5.560819885602828,0.49740754940061044,0.5503218006016892,0.12579452172606623,3.600108799955391e-05,14.330678506941075,32.911085338374406,nan,nan,nan
37.42,219.91090393066406,-197.91107177734375,-5.555976867675781,220.2222104699972,-198.29939192066283,-5.560265222054849,0.49771747520275866,0.5503680305706596,0.12581610610720229,3.528290795908417e-05,13.626005613133744,31.63661467456139,nan,3.60046913435651,nan
37.43,219.9097442626953,-197.90237426757812,-5.557697772979736,220.22144864972404,-198.29078256051102,-5.562046469967522,0.4980356795225522,0.550414345892154,0.12583775648561846,3.5990124199472226e-05,13.57092531978712,31.85950206709857,nan,nan,nan
37.44,219.9084930419922,-197.89366149902344,-5.559497356414795,220.22060063516022,-198.2821731884602,-5.56395157666518,0.49836966462676635,0.5504607466964351,0.12585947300552963,3.527285741824152e-05,13.550244170402125,31.381154588001625,nan,0.0012747526864960894,nan
37.45,219.90716552734375,-197.88494873046875,-5.561376094818115,220.2250075312334,-198.27146597679138,-5.565875153225111,0.5004391697978441,0.550403721372736,0.12585078728737975,3.595803386937215e-05,13.048413019565803,31.175499869681563,2.077685361390731,nan,nan
37.46,219.90576171875,-197.87625122070312,-5.5633320808410645,220.22401306830838,-198.26284381291893,-5.567896561743822,0.5007580137529286,0.550449933524819,0.12587249562557443,3.6678769096455796e-05,12.995139547422966,32.309277059635136,nan,nan,nan
37.47,219.9043426513672,-197.86753845214844,-5.565364837646484,220.22297716566166,-198.25422196621957,-5.5699963791771,0.501072394900206,0.5504962309537033,0.12589427014575166,3.7413959370183856e-05,12.945179538773804,31.404600692692576,nan,nan,nan
37.480000000000004,219.90293884277344,-197.8588409423828,-5.567473411560059,220.22193690466364,-198.24559989054927,-5.573312389942533,0.5013744520267063,0.5505426137979123,0.1259161109922139,3.6611278469572216e-05,13.247504722806307,32.01217313491209,nan,0.835325290119632,nan
37.49,219.9015350341797,-197.85012817382812,-5.569656848907471,220.22090505402934,-198.2369783606305,-5.575577324203604,0.5016824978365665,0.550589082213895,0.1259380183098552,3.7344859613275554e-05,13.200626597431766,31.880715130977197,nan,nan,nan
37.5,219.90016174316406,-197.8414306640625,-5.571914196014404,220.21677248093243,-198.23293254445827,-5.576560845564953,0.5035252456190237,0.5505319554012595,0.12592926105983485,3.6523410845703835e-05,13.446033654111211,31.714943425420703,3.2896898183581658,1.1143818389617357,nan
37.51,219.89881896972656,-197.8327178955078,-5.57424259185791,220.2157721083671,-198.224331571438,-5.578960724478519,0.5038281691659079,0.5505782347916723,0.12595115941532026,3.725455618026073e-05,13.399566145848915,30.693540137331105,nan,nan,nan
37.52,219.89749145507812,-197.8240203857422,-5.576583385467529,220.21479470660273,-198.21573138146246,-5.580297938838436,0.5041157163816672,0.5506245995295205,0.12597312427844184,3.6460785695306816e-05,13.125845508931574,31.479269854178064,nan,0.793081297304848,nan
37.53,219.8961944580078,-197.81532287597656,-5.578906059265137,220.2138448028543,-198.20713110526046,-5.582727366852435,0.5044105792976176,0.5506710497689131,0.12599515579415316,3.719051744886135e-05,13.08592980492647,31.23881388497909,nan,nan,nan
37.54,219.89492797851562,-197.80661010742188,-5.581197738647461,220.21292275773786,-198.1985306487178,-5.58646936995067,0.5047278280408937,0.550717585645257,0.12601725410648548,3.6400512751711896e-05,13.404681397882385,30.617360890086648,nan,1.1632869222000035,nan
37.550000000000004,219.8936767578125,-197.79791259765625,-5.583450794219971,220.22461251357512,-198.18680025470323,-5.588831447566639,0.5106672455485128,0.5506603571518979,0.12600842179440452,3.710545459268731e-05,12.503936538297536,32.15727337806577,7.869442111911966,nan,nan
37.56,219.8924560546875,-197.78919982910156,-5.585662841796875,220.2237707773791,-198.17817685110342,-5.592651834118381,0.511000406194852,0.5507067036342922,0.1260305103481126,3.632008585772938e-05,13.016807743929604,31.65388436705544,nan,1.4223987820157875,nan
37.57,219.89125061035156,-197.78050231933594,-5.587832927703857,220.22295113554853,-198.16955408938978,-5.594972106279554,0.5113095794806739,0.5507531355473824,0.12605266573237792,3.704633795865684e-05,12.99428605549835,32.688931448002464,nan,nan,nan
37.58,219.89007568359375,-197.7718048095703,-5.58996057510376,220.22215551448528,-198.1609314994274,-5.597237689201736,0.5116146511131885,0.5507996530284698,0.1260748880911779,3.626449728327956e-05,13.025892956632603,32.387627722472374,nan,0.00011648839861090469,nan
37.59,219.88893127441406,-197.76309204101562,-5.59204626083374,220.22138351383117,-198.15230918503053,-5.5994752566149435,0.5119274037076823,0.5508462562288208,0.1260971775695498,3.6989594405251386e-05,13.0068145641664,31.31364345564148,nan,nan,nan
37.6,219.88780212402344,-197.75439453125,-5.594090461730957,220.22460206827208,-198.15051585893437,-5.6023326527516994,0.5200136944399989,0.5507889258383056,0.1260882666576918,3.618888419159789e-05,13.858819058363697,32.7762274222792,2.4678122682006984,0.2416111628571719,nan
37.61,219.88668823242188,-197.74569702148438,-5.596094131469727,220.22387798544656,-198.14191505863062,-5.604496826129612,0.5203424524122721,0.550835339273194,0.12611054556515416,3.691199976598303e-05,13.841846616927729,33.008973792658836,nan,nan,nan
37.62,219.88560485839844,-197.73699951171875,-5.598057746887207,220.22317601696298,-198.13331443480257,-5.606537963264043,0.5206646900101265,0.5508818382061785,0.1261328916216412,3.613782678136868e-05,13.867080082447877,32.64797645254244,nan,0.004645833895217379,nan
37.63,219.88455200195312,-197.72828674316406,-5.599982261657715,220.22249601093316,-198.12471394600166,-5.608623550578863,0.5209945798464298,0.5509284227870125,0.12615530497223698,3.685995079965414e-05,13.85307008038028,31.528224540493767,nan,nan,nan
37.64,219.88351440429688,-197.71958923339844,-5.601868629455566,220.22183321079333,-198.1161149381399,-5.607318145440267,0.5212695527022188,0.5509750931552718,0.12617778576084573,3.608895115071482e-05,12.598740955954092,31.180429763116447,nan,7.458620483275182,nan
37.65,219.8824920654297,-197.7108917236328,-5.603716850280762,220.23906962703063,-198.12805857658873,-5.609118679538521,0.5488213920773742,0.5509176606604037,0.12616879270790654,3.678715142578815e-05,13.780536604653578,31.8864552867677,17.86488970272675,nan,nan
37.660000000000004,219.88148498535156,-197.70217895507812,-5.605528831481934,220.23846803480296,-198.1195173269541,-5.608188841787337,0.5491951291577012,0.5509641408903342,0.12619126209778908,3.602016138994613e-05,13.133924267431714,30.754961540390774,nan,5.477157104444039,nan
37.67,219.88050842285156,-197.6934814453125,-5.607304573059082,220.23788983893385,-198.110974959776,-5.61006314258531,0.5495724892003786,0.551010706696038,0.12621379895290255,3.673961744149167e-05,13.093919304280512,30.907371374418375,nan,nan,nan
37.68,219.87954711914062,-197.68478393554688,-5.609044551849365,220.23733025524453,-198.10243316458198,-5.610900857840607,0.549948267445127,0.5510573582182821,0.12623640341711204,3.597557506301076e-05,12.931889381787844,30.924129012383016,nan,0.6701041700683671,nan
37.69,219.87860107421875,-197.67608642578125,-5.610750198364258,220.23679117154234,-198.09389088905814,-5.612696559865575,0.5503312672180891,0.5511040956050304,0.12625907563556332,3.669425241208346e-05,12.888666279291739,31.027278063381615,nan,nan,nan
37.7,219.877685546875,-197.66737365722656,-5.61242151260376,220.23179421147313,-198.09526571579832,-5.614764936849426,0.5554188075402577,0.5500119692886167,0.12573196401751205,3.5911125671276366e-05,19.617498505238267,36.35459481313298,1.8983989263071666,0.02892739471976683,0.04284087517298115
37.71,219.8767852783203,-197.65867614746094,-5.614059925079346,220.23128675219456,-198.08675220657472,-5.616498281167668,0.5558114365014561,0.5500566851672164,0.12575193583662986,3.6628194399721515e-05,19.554264701880264,37.046181664972444,nan,nan,nan
37.72,219.8759002685547,-197.6499786376953,-5.615665435791016,220.23079495253126,-198.07824074804603,-5.619268890712938,0.5562118811786121,0.5501014850651413,0.1257719684713526,3.587064572608106e-05,19.68132935025688,37.29825170885321,nan,0.7677262363933982,nan
37.730000000000004,219.87503051757812,-197.6412811279297,-5.617238998413086,220.23032325811346,-198.0697275520335,-5.620949711193588,0.5566085152005756,0.5501463691427049,0.1257920620759787,3.658706976209125e-05,19.623154768830513,37.32938195197467,nan,nan,nan
37.74,219.87417602539062,-197.632568359375,-5.618781089782715,220.22987007557768,-198.06121354098119,-5.622076232468841,0.5570150868854383,0.5501913375285411,0.1258122167854497,3.58321359431888e-05,19.479609187267997,36.634078626963344,nan,0.18449799316865675,nan
37.75,219.8733367919922,-197.62387084960938,-5.6202921867370605,220.24130225183862,-198.0615650912275,-5.623635749773069,0.5718269040535174,0.5501336076024735,0.12580365696549545,3.6525308447999584e-05,19.938237221609782,37.79161738956928,3.1876893100831163,nan,nan
37.76,219.87252807617188,-197.61517333984375,-5.6217732429504395,220.24089871990435,-198.05307352268898,-5.624481374895389,0.5722419377137543,0.5501783927548527,0.12582380696171083,3.577380387908449e-05,19.766528354486102,37.039543792062695,nan,0.36842745835769575,nan
37.77,219.87171936035156,-197.60646057128906,-5.623225212097168,220.2405099593418,-198.04458326040125,-5.626029439195713,0.5726830365115606,0.5502232620303462,0.12584401816203314,3.648822157038403e-05,19.707698036655138,37.04558419271264,nan,nan,nan
37.78,219.87094116210938,-197.59776306152344,-5.624647617340088,220.24013682880982,-198.0360935115816,-5.627780000811119,0.5731045590333411,0.5502682155574871,0.12586429070238345,3.5739123853981275e-05,19.696343755687845,37.06268215853341,nan,0.03602543734038231,nan
37.79,219.8701629638672,-197.5890655517578,-5.626041889190674,220.239780091163,-198.02760352047036,-5.6292744434608375,0.5735353696155527,0.550313253496769,0.12588462473562045,3.6453068297417755e-05,19.63723414207286,37.66301685063755,nan,nan,nan
37.800000000000004,219.86941528320312,-197.5803680419922,-5.627408504486084,220.22531335494224,-198.01629795570622,-5.628873997323042,0.5627614723909266,0.5502554582321257,0.12587602689409094,3.5684639192986246e-05,19.91752114847759,36.262686466621716,4.829654955237313,2.0097595208199244,nan
37.81,219.86866760253906,-197.5716552734375,-5.628747940063477,220.22495756278676,-198.00781222674823,-5.630294841457357,0.5631854193767113,0.5503003126600883,0.12589635568801555,3.639727571566599e-05,19.85502647121996,36.21159918676994,nan,nan,nan
37.82,219.86795043945312,-197.56295776367188,-5.630060195922852,220.2246132635386,-197.99932894475984,-5.633182565281697,0.5635937605750654,0.5503452512822888,0.12591674605353664,3.5653590649596424e-05,19.99368073630734,36.35773866707404,nan,1.5153868220018742,nan
37.83,219.86724853515625,-197.55426025390625,-5.631346702575684,220.22428708268697,-197.99084320231213,-5.634566607703253,0.56399606652055,0.5503902742591956,0.12593719814262633,3.636586166700693e-05,19.936503991992417,36.2695226684491,nan,nan,nan
37.84,219.86654663085938,-197.54554748535156,-5.632607460021973,220.22397413986243,-197.98235791957057,-5.636312576502793,0.5644213918012594,0.5504353817193517,0.1259577120925096,3.5624279390932275e-05,19.969349018001765,36.26556655648807,nan,0.10198130515898464,nan
37.85,219.86585998535156,-197.53684997558594,-5.633842945098877,220.2387692234715,-197.97454515495986,-5.637527735479969,0.5750234322203894,0.5503775208679434,0.12594907311798312,3.6313809658666016e-05,19.03042866081663,37.27257112920043,8.309343964154538,nan,nan
37.86,219.8651885986328,-197.5281524658203,-5.635054111480713,220.2385259597031,-197.9660415206958,-5.636307498355564,0.5754382508395988,0.5504224445347894,0.1259695812832066,3.5575131850833444e-05,18.63092564439797,36.7927991827179,nan,4.380250492544069,nan
37.87,219.8645477294922,-197.51943969726562,-5.636240482330322,220.23829034101587,-197.95754175543718,-5.637571169550212,0.5758634593123342,0.5504674524980275,0.12599015139914296,3.628592456464681e-05,18.56924226380202,35.429478809950616,nan,nan,nan
37.88,219.8638916015625,-197.5107421875,-5.637403964996338,220.23806267250947,-197.94904525222296,-5.6410882503517765,0.5763047291474556,0.5505125448863414,0.12601078360381676,3.554916256417772e-05,18.832186304856094,37.496183914098744,nan,3.5447508573352495,nan
37.89,219.86326599121094,-197.5020294189453,-5.638543605804443,220.2378532776491,-197.94054526465294,-5.642329094098264,0.5767374723558369,0.550557721860015,0.12603147804802384,3.625972467337646e-05,18.77888917189796,36.11144010465874,nan,nan,nan
37.9,219.86265563964844,-197.4933319091797,-5.639660835266113,220.24244889169026,-197.93666279947556,-5.642670339767992,0.5837758557052328,0.5504997951236225,0.12602279478207531,3.550334228560155e-05,18.940668930844822,36.63323499899733,1.4809122631056724,0.40788417273495986,nan
37.910000000000004,219.86204528808594,-197.48463439941406,-5.640755653381348,220.2422692765262,-197.9281756405624,-5.643857957917837,0.5842163454391317,0.5505447880177936,0.1260434828763622,3.621283314694104e-05,18.882642723465782,37.100299768636106,nan,nan,nan
37.92,219.8614501953125,-197.47592163085938,-5.641828536987305,220.24210101281838,-197.91968879644818,-5.645310874963749,0.5846678277452964,0.5505898652780755,0.12606423328372898,3.5480513862813634e-05,18.89248065280384,36.367170163143,nan,0.056300712102557875,nan
37.93,219.86087036132812,-197.46722412109375,-5.642880439758301,220.24194526902335,-197.91120134600146,-5.646459486752358,0.585103983142365,0.5506350270645092,0.12608504615425364,3.618985899653636e-05,18.836750972470387,36.778548265221076,nan,nan,nan
37.94,219.86019897460938,-197.45851135253906,-5.64401912689209,220.2417521386843,-197.90271192272266,-5.646378273842893,0.5855787984049179,0.5506802735061165,0.1261059216270176,3.545918393217707e-05,18.570889819568112,35.894946655067415,nan,1.0975210427017683,nan
37.95,219.85943603515625,-197.44981384277344,-5.6452436447143555,220.21225193826643,-197.88280643471433,-5.647690046458894,0.558540626136218,0.5506222806005249,0.12609719089400998,3.614616703481628e-05,18.829458616470472,35.48676686216977,8.905820001775414,nan,nan
37.96,219.85858154296875,-197.4411163330078,-5.6465535163879395,220.2118215532531,-197.87430384815713,-5.648483904599752,0.5589576500465527,0.5506673426725381,0.12611805943276075,3.541793200024882e-05,18.6987044054651,35.433463301486775,nan,0.20923134107361077,nan
37.97,219.85763549804688,-197.43240356445312,-5.647947788238525,220.2113000113553,-197.86580169846007,-5.649909019267458,0.5593892892803133,0.550712489210629,0.1261389906547622,3.612621078580507e-05,18.63174510338747,34.86021968808793,nan,nan,nan
37.980000000000004,219.8566131591797,-197.4237060546875,-5.6494245529174805,220.2106910995231,-197.85729878012282,-5.650833313519731,0.5597998070691853,0.5507577203441514,0.12615998469973755,3.539945564076486e-05,18.51201993517187,34.94608625052733,nan,0.23664180808263385,nan
37.99,219.85549926757812,-197.4149932861328,-5.650983810424805,220.20999307819022,-197.84879661598274,-5.652421143662294,0.5602260763995215,0.5508030362326726,0.12618104171681963,3.610769208545041e-05,18.445916661744935,34.43549315754983,nan,nan,nan
38.0,219.8542938232422,-197.4062957763672,-5.652624607086182,220.2447290909542,-197.85078977829585,-5.651625150667647,0.5916211751932443,0.550744976825923,0.1261722603021059,3.5361021899482975e-05,17.595778791675805,36.514881025649565,16.33493626220601,4.280196208042464,nan
38.01,219.85299682617188,-197.3975830078125,-5.654345512390137,220.24392717080664,-197.84229114743388,-5.653353386222078,0.592108814421896,0.5507901080505899,0.12619330978181173,3.6068369119643645e-05,17.52693564801756,36.107274129930275,nan,nan,nan
38.02,219.85162353515625,-197.38888549804688,-5.6561455726623535,220.24303969947132,-197.83379290167977,-5.65544118717935,0.5925788619697799,0.5508353238101475,0.12621442230164098,3.5345204117127505e-05,17.44454844728918,36.338821588223595,nan,0.05379774327716665,nan
38.03,219.85015869140625,-197.38018798828125,-5.658024311065674,220.242068968243,-197.82529427620514,-5.65733275691432,0.5930545935129249,0.5508806242637545,0.1262355980101556,3.605257439977327e-05,17.374413539958375,36.645211698360036,nan,nan,nan
38.04,219.84861755371094,-197.37147521972656,-5.659980773925781,220.24101499907863,-197.81679584662334,-5.659494429384162,0.5935372375865218,0.5509260095413541,0.12625683704792012,3.533065169439266e-05,17.30110743928965,35.69613564530624,nan,0.0253162716258611,nan
38.050000000000004,219.8470001220703,-197.36277770996094,-5.662014007568359,220.25137447136032,-197.82156087086753,-5.661479298576495,0.6115561208988655,0.5508678833155273,0.1262480017204827,3.60159325631526e-05,18.325549209787106,36.628777026252976,9.06810279193199,nan,nan
38.06,219.84530639648438,-197.35406494140625,-5.664123058319092,220.2501741867273,-197.81310157084283,-5.662930717313875,0.6120735057309326,0.5509130836313223,0.12626923259916495,3.529604706010158e-05,18.292741806714666,36.347247599766675,nan,0.3164961703158669,nan
38.07,219.84359741210938,-197.34536743164062,-5.666306972503662,220.24892954008786,-197.80464342011476,-5.665127146230846,0.6125601681063588,0.550958368579365,0.12629052687958847,3.600266425919319e-05,18.22589008919729,36.81633597081883,nan,nan,nan
38.08,219.84190368652344,-197.336669921875,-5.668564796447754,220.24767945308523,-197.79618623317606,-5.667942691430486,0.6130331150070042,0.5510037382900703,0.12631188470282323,3.5283879715228616e-05,18.134401673568927,36.45829692346069,nan,0.20529136651751856,nan
38.09,219.84022521972656,-197.3279571533203,-5.67089319229126,220.24644535165916,-197.78772871656332,-5.670293414526091,0.613518578111231,0.5510491929219106,0.12633330621668615,3.599059679431991e-05,18.07190821802209,36.08577334603391,nan,nan,nan
38.1,219.8385772705078,-197.3192596435547,-5.673233985900879,220.22773640601133,-197.7664729574521,-5.672177886792202,0.5928285555017356,0.5509909995145187,0.12632441371369485,3.525161328076735e-05,17.44662661905525,35.75535452243766,5.610449888864568,0.19323411987824493,nan
38.11,219.83694458007812,-197.31056213378906,-5.6755571365356445,220.2265312229817,-197.7579847671047,-5.674564353461621,0.5932670147161323,0.5510362688825003,0.12634582642814915,3.595757732731615e-05,17.378484820082086,36.315497192594826,nan,nan,nan
38.12,219.83535766601562,-197.30186462402344,-5.677849292755127,220.22536139768653,-197.74949449074242,-5.674567118203476,0.5937054665116966,0.5510816229510094,0.12636730289541,3.524164854608233e-05,17.594003113426293,35.87495754389992,nan,3.878852399669509,nan
38.13,219.83380126953125,-197.29315185546875,-5.680102825164795,220.22421733105406,-197.74100692943944,-5.676872888957563,0.5941458582403625,0.5511270618779954,0.12638884326284963,3.5947761661597596e-05,17.51796614361908,35.217820077185046,nan,nan,nan
38.14,219.832275390625,-197.28445434570312,-5.682314872741699,220.2231089619789,-197.73251751137136,-5.676878647546399,0.5945931663501197,0.5511725857946371,0.12641044767219406,3.5232730063813356e-05,18.004219937099705,36.348238795050015,nan,3.562214814355082,nan
38.15,219.83078002929688,-197.2757568359375,-5.684484958648682,220.2098354409709,-197.71487716494144,-5.67911021537912,0.5801194328145729,0.5511143248564875,0.12640149471593662,3.591694286972393e-05,17.494412649733096,35.80542773899198,2.8970973209247557,nan,nan
38.160000000000004,219.8292999267578,-197.26705932617188,-5.686613082885742,220.20876814457748,-197.70636716964202,-5.68062901215045,0.5805370950871163,0.5511596632037158,0.12642308966772137,3.5203605889131186e-05,17.644335671266788,36.56323541588928,nan,0.28963680436338296,nan
38.17,219.82786560058594,-197.25836181640625,-5.688698768615723,220.20772888674844,-197.69785802210745,-5.682744591364385,0.5809375897862621,0.5512050863459247,0.12644474872572511,3.590919713937258e-05,17.552616182286975,35.80969153918116,nan,nan,nan
38.18,219.82644653320312,-197.24964904785156,-5.690743446350098,220.2067206783705,-197.68934815834797,-5.683826885769067,0.5813704258597697,0.5512505944148545,0.12646647203206307,3.5196638366173636e-05,17.86407910388687,36.05598097068528,nan,0.6878801068020944,nan
38.19,219.8250732421875,-197.24095153808594,-5.692747116088867,220.20573887791517,-197.68083930292,-5.685851885129447,0.5817689542117495,0.5512961875676304,0.12648825973353314,3.59024336127109e-05,17.76800796685273,35.89909062794554,nan,nan,nan
38.2,219.82371520996094,-197.2322540283203,-5.694711208343506,220.20990408313287,-197.66671070863447,-5.688108196556913,0.5813243953216286,0.5512378587087653,0.12647924302097363,3.516941376418306e-05,16.684428941728573,36.43741435861735,7.236927357000123,0.08168499121546159,nan
38.21,219.8223876953125,-197.2235565185547,-5.696636199951172,220.2089962729561,-197.658176094367,-5.690057252497113,0.5817247205822548,0.5512832659825638,0.1265010205887677,3.5874554591941695e-05,16.58964440215755,36.20270424695499,nan,nan,nan
38.22,219.8210906982422,-197.21485900878906,-5.698522567749023,220.20811340397867,-197.64964232451226,-5.692832190469181,0.5821129501913107,0.5513287581193386,0.12652286260778106,3.516423151808141e-05,16.242856429368537,35.723167774524505,nan,0.5215535340956049,nan
38.230000000000004,219.81980895996094,-197.20616149902344,-5.700371265411377,220.20725853347193,-197.64110796470396,-5.694715167977127,0.5825183185617561,0.5513743352756252,0.12654476922447352,3.586961234439495e-05,16.152423267667206,36.09777166568647,nan,nan,nan
38.24,219.8185577392578,-197.1974639892578,-5.702183246612549,220.20642945040964,-197.6325735891105,-5.696520439771142,0.5829210028615752,0.5514199975840313,0.12656674058145975,3.515989607666146e-05,16.11159849606615,35.85704619353959,nan,0.0011952914360282656,nan
38.25,219.8173370361328,-197.1887664794922,-5.703958988189697,220.23495626256673,-197.65138440189563,-5.698341719996373,0.6232597485142853,0.5513616004265087,0.1265576567967005,3.584350149261935e-05,17.736137490556157,36.84980802905734,28.64866773629221,nan,nan
38.26,219.81613159179688,-197.1800537109375,-5.705699443817139,220.23420445024186,-197.6429254071529,-5.70240624981997,0.6237354946228206,0.5514070765430423,0.12657961732661352,3.5135194198051975e-05,17.106494757809994,36.02912873090734,nan,3.6697156737860444,nan
38.27,219.81495666503906,-197.17135620117188,-5.707405090332031,220.23348132827422,-197.6344646061091,-5.7041707722306665,0.624213704810453,0.5514526376139283,0.12660164265325766,3.5840217743941756e-05,17.030361297224776,36.294844628203116,nan,nan,nan
38.28,219.8137969970703,-197.16265869140625,-5.709076881408691,220.23278115928633,-197.62600413857828,-5.706397138836104,0.6246950557057142,0.5514982837723816,0.12662373291953938,3.513241930225568e-05,16.883247623693986,36.519220297945985,nan,0.17187479388450452,nan
38.29,219.8126678466797,-197.15396118164062,-5.710715293884277,220.23210536727188,-197.61754351255618,-5.708100501275885,0.625174574305462,0.5515440151740418,0.1266458882714874,3.5837720172823675e-05,16.810612463824178,36.125949377936855,nan,nan,nan
38.300000000000004,219.81155395507812,-197.145263671875,-5.712320804595947,220.22038326006268,-197.60170384612334,-5.710481286241803,0.6127662010177969,0.5514855493033421,0.126636734079171,3.510922718291087e-05,16.41345610319965,35.84215209541331,1.7926968119729745,0.3898906876737784,nan
38.31,219.8104705810547,-197.13656616210938,-5.713894844055176,220.21973671028326,-197.59322674761728,-5.7121280333110125,0.6132216373468604,0.5515310941963469,0.126658877893342,3.5813942170216896e-05,16.345533792267112,35.40663745946729,nan,nan,nan
38.32,219.80941772460938,-197.12786865234375,-5.715436935424805,220.21911083733292,-197.58475023938516,-5.71445052275635,0.6136694584224768,0.5515767241115547,0.1266810868429743,3.510786638328687e-05,16.228061057525398,34.936247754648406,nan,0.35019360658524223,nan
38.33,219.80836486816406,-197.11917114257812,-5.716948509216309,220.21850767717405,-197.57627330991997,-5.716043699702136,0.614133807774387,0.5516224392039885,0.12670336107384694,3.581288424131606e-05,16.164205591612,35.78798378152397,nan,nan,nan
38.34,219.80734252929688,-197.1104736328125,-5.718430042266846,220.21793114000806,-197.56779425283145,-5.714627180076813,0.6146052542088244,0.5516682396077739,0.1267257007292357,3.5107175932966086e-05,16.494976193862804,35.71030999919492,nan,6.233120218628227,nan
38.35,219.80633544921875,-197.1017608642578,-5.719881534576416,220.2009277418271,-197.5533650508559,-5.7161176366760795,0.5997195891966651,0.5516097046198007,0.12671647278358747,3.5790495264913256e-05,16.649245482232224,34.70106907227869,2.811249676915746,nan,nan
38.36,219.80535888671875,-197.0930633544922,-5.721304416656494,220.2003536614733,-197.54488214506992,-5.719185507381506,0.6001379686197397,0.5516553181949707,0.12673880017378075,3.5085962572436635e-05,16.323749706705687,34.54611292969486,nan,1.778771222629837,nan
38.37,219.8043975830078,-197.08436584472656,-5.722699165344238,220.19980229544686,-197.53639829153298,-5.720650409439822,0.6005684115781923,0.5517010168805728,0.12676119303731193,3.5790734966498795e-05,16.255378621592737,34.66045772533804,nan,nan,nan
38.38,219.80345153808594,-197.07566833496094,-5.724065780639648,220.19927265035184,-197.52791362157367,-5.720724499698462,0.6010085825819658,0.5517468008113496,0.12678365151766866,3.5086490993229136e-05,16.398584399344035,34.98284045863569,nan,1.3067881628445157,nan
38.39,219.8025360107422,-197.0669708251953,-5.725405216217041,220.1987593673924,-197.51942960946388,-5.7221222851987665,0.6014338512696346,0.5517926701414113,0.1268061757603165,3.5791589802972585e-05,16.324618599821655,34.441766524549664,nan,nan,nan
38.4,219.80162048339844,-197.0582733154297,-5.726717948913574,220.22064194710146,-197.52483708986702,-5.724760654502508,0.6271081036491568,0.5517340655998462,0.12679687070141907,3.5066449835659776e-05,16.544224431792355,36.00261471397941,6.346933464820239,1.0110889524200104,nan
38.410000000000004,219.8007354736328,-197.04957580566406,-5.728004455566406,220.22019894884286,-197.51638285465143,-5.726120381215787,0.6275842395692726,0.551779747777587,0.1268193819348073,3.577100785191737e-05,16.477673733850043,35.403374478461714,nan,nan,nan
38.42,219.79986572265625,-197.04086303710938,-5.729265213012695,220.21977210545833,-197.50792890674603,-5.728442455547374,0.6280705166040048,0.551825515133513,0.1268419589738369,3.5068070872608757e-05,16.343030679446873,34.83464217349217,nan,0.6853469340390506,nan
38.43,219.79901123046875,-197.03216552734375,-5.730501174926758,220.21936472751182,-197.49947427493376,-5.729763016006394,0.6285499764768679,0.5518713678211238,0.12686460196379554,3.577297278967862e-05,16.28246139479977,35.449697341562945,nan,nan,nan
38.44,219.7981719970703,-197.02346801757812,-5.731712341308594,220.21897626883444,-197.49101914617611,-5.73008237009476,0.629033345534518,0.551917305976066,0.1268873110484343,3.507021023484918e-05,16.286569089961485,35.54079785009427,nan,0.6718390844342432,nan
38.45,219.79736328125,-197.0147705078125,-5.732899188995361,220.17850645594794,-197.47404910468228,-5.7313061593383114,0.5968328802143744,0.5518586314532976,0.126877925508721,3.5753455787477254e-05,17.449851919462894,33.61512913191021,23.684329626557382,nan,nan
38.46,219.7965545654297,-197.00607299804688,-5.734062194824219,220.17807052764144,-197.46560028689333,-5.731898963085792,0.5972641276591867,0.5519043821291778,0.12690062082390735,3.505168226141749e-05,17.456729613622592,34.275164772152294,nan,0.2949481141958045,nan
38.47,219.7957763671875,-196.9973602294922,-5.735202312469482,220.1776496310538,-197.4571516673051,-5.733110180713571,0.5976953512930058,0.5519502180683412,0.12692338227520547,3.575640990029616e-05,17.39279321488649,33.09022070211762,nan,nan,nan
38.480000000000004,219.7949981689453,-196.98866271972656,-5.7363200187683105,220.17724387024347,-197.44870306690606,-5.734610380466563,0.598123582595671,0.551996139407032,0.12694621000651427,3.505474910192438e-05,17.298330357172524,34.17516668020451,nan,0.06798259323539708,nan
38.49,219.7942352294922,-196.97996520996094,-5.737414836883545,220.1768541337857,-197.44025425730086,-5.735781563902192,0.5985531727461597,0.5520421462978634,0.12696910416290252,3.575983371579819e-05,17.234259525889957,34.175272541894294,nan,nan,nan
38.5,219.7935028076172,-196.9712677001953,-5.73848819732666,220.17317303202407,-197.42772563419476,-5.737368176238267,0.5937209607715148,0.5519834013384034,0.12695963476550667,3.503710826220057e-05,16.874974813262494,33.36807359228495,0.9396477964359556,0.09256208040850869,nan
38.51,219.79266357421875,-196.9625701904297,-5.73964786529541,220.17275857597,-197.41926485506352,-5.738556625450205,0.5941745685113791,0.5520292204198466,0.12698251437626593,3.57416794391364e-05,16.81440807018003,34.00047296176583,nan,nan,nan
38.52,219.791748046875,-196.953857421875,-5.740893840789795,220.1722579066319,-197.41080314155747,-5.737568027998341,0.5946412406981751,0.5520751248322019,0.1270054604489013,3.504099630876977e-05,17.04140635687445,33.150113343111904,nan,3.612019252114776,nan
38.53,219.79074096679688,-196.94515991210938,-5.74222469329834,220.171664578612,-197.40234227712932,-5.738907804501201,0.595087820976703,0.5521211147275032,0.12702847312836058,3.5745935930145665e-05,16.97640091471203,33.8354373030992,nan,nan,nan
38.54,219.78964233398438,-196.93646240234375,-5.74363899230957,220.17098423067287,-197.39388098144778,-5.739688992944224,0.5955409315693719,0.5521671902428549,0.1270515525587221,3.5045275025680575e-05,17.05668742841335,34.14254266768971,nan,0.29211527275894533,nan
38.550000000000004,219.78846740722656,-196.92774963378906,-5.745136260986328,220.18895403639505,-197.3995811008669,-5.741188890472705,0.6188942197189495,0.552108374398232,0.1270419959221286,3.572857638178269e-05,17.693489264711005,34.02165720278207,6.201809613205868,nan,nan
38.56,219.7871856689453,-196.91905212402344,-5.746716022491455,220.18812370880957,-197.3911536119479,-5.743381797667585,0.6193886048078973,0.5521542617709649,0.12706506001515816,3.5028758728566896e-05,17.517782486910683,35.257320859770175,nan,0.2593161014329822,nan
38.57,219.7858428955078,-196.9103546142578,-5.748376369476318,220.18720933546467,-197.38272585739273,-5.745056541829363,0.6198714638697885,0.5522002345566581,0.12708819089332504,3.5733564972252736e-05,17.453360113418647,34.314001133960424,nan,nan,nan
38.58,219.78440856933594,-196.9016571044922,-5.75011682510376,220.18621055852444,-197.37429816330402,-5.747041104286888,0.6203578556358798,0.5522462928929729,0.12711138870080513,3.503372263625848e-05,17.35923865955903,34.580832262402225,nan,0.03669671048645382,nan
38.59,219.7828826904297,-196.8929443359375,-5.751936435699463,220.18512899542202,-197.36587039879637,-5.7488803940599436,0.6208626983493877,0.5522924369311152,0.12713465358240153,3.573890271955247e-05,17.29633468545384,34.34768798467974,nan,nan,nan
38.6,219.78128051757812,-196.88424682617188,-5.7538347244262695,220.22309788877993,-197.38045193982455,-5.7500921316859,0.6644065858427076,0.5522335497291788,0.12712500632022777,3.5017858666753125e-05,18.027163463724765,36.60051424164649,17.1534377978895,0.3251864632195979,nan
38.61,219.77960205078125,-196.87554931640625,-5.755809783935547,220.2219136641311,-197.37207145152374,-5.752082813334264,0.6649719424724969,0.5522795052880595,0.12714825505746738,3.572253972763487e-05,17.961454101580244,36.40422219321953,nan,nan,nan
38.62,219.77783203125,-196.86685180664062,-5.757861614227295,220.2206457112957,-197.36369197731113,-5.756563306606812,0.6655342185268884,0.5523255463273256,0.12717157089899664,3.502342038828061e-05,17.565773620247676,36.550703945019045,nan,4.101365755164331,nan
38.63,219.7760009765625,-196.85813903808594,-5.759989261627197,220.21930206378798,-197.35531201193754,-5.758733402118159,0.6661068961111617,0.5523716729976519,0.12719495398954156,3.572848244174178e-05,17.509808344107018,35.23822781051231,nan,nan,nan
38.64,219.77407836914062,-196.8494415283203,-5.762191295623779,220.21787761559972,-197.34693280155628,-5.762562806640041,0.66667494037502,0.5524178854374896,0.1272184044733926,3.50292683039723e-05,17.41530361252934,36.25383799193173,nan,1.766575438638849,nan
38.65,219.7720947265625,-196.8407440185547,-5.764467239379883,220.1912647758592,-197.3401825205803,-5.764915674615567,0.6520295611604907,0.5523589264115546,0.12720866319776053,3.571269445451185e-05,18.99209265866016,35.48046575171909,19.258260418303603,nan,nan
38.660000000000004,219.7700958251953,-196.83204650878906,-5.766812324523926,220.1896731351035,-197.33183084810494,-5.767041308103983,0.6525561717190987,0.5524049500327095,0.12723209671531924,3.501421254463861e-05,18.93697107328009,35.536974141245,nan,0.057260829249773576,nan
38.67,219.7681121826172,-196.82334899902344,-5.769168376922607,220.1880810403448,-197.32347935903317,-5.769490178503776,0.6530729836861714,0.5524510592133757,0.12725559765338856,3.57191604173088e-05,18.8883775427175,35.40798986689447,nan,nan,nan
38.68,219.76614379882812,-196.8146514892578,-5.7715067863464355,220.1865115217468,-197.3151276221122,-5.769840329476559,0.6535963273360761,0.5524972540925068,0.12727916615631854,3.50205493022298e-05,18.914674673814698,35.84332576327639,nan,3.0991568681804442,nan
38.69,219.76422119140625,-196.8059539794922,-5.773812770843506,220.18496829912817,-197.30677663510326,-5.772241824632305,0.6541054417306816,0.5525435348200295,0.12730280236874672,3.572587817323919e-05,18.85542788742059,35.26090917273893,nan,nan,nan
38.7,219.7623291015625,-196.79725646972656,-5.77608060836792,220.1236512120709,-197.2667569859138,-5.77382043645926,0.5924436771705638,0.5395363611409117,0.11895747744730145,3.5005947088946305e-05,26.41313404741948,41.43849006345154,10.412388967707216,0.4388514213005466,0.12450378671302753
38.71,219.76046752929688,-196.78855895996094,-5.778306484222412,220.12214072846587,-197.2584038884972,-5.7761404000645555,0.5929303937132663,0.5395875412136264,0.11896996683298189,3.571078209687355e-05,26.33291745105771,41.60139439906248,nan,nan,nan
38.72,219.75865173339844,-196.7798614501953,-5.780490398406982,220.12068117237322,-197.25006502033364,-5.780075077597993,0.5934280786637913,0.5396388058031243,0.1189825164273549,3.501270288724392e-05,26.14163540539898,41.04420105897381,nan,1.9345204334739325,nan
38.730000000000004,219.75686645507812,-196.7711639404297,-5.782630920410156,220.11924292535318,-197.2417126507382,-5.782328916480722,0.5939131975199666,0.5396901552784609,0.1189951265746292,3.571792311410138e-05,26.074127971137607,41.21971157538781,nan,nan,nan
38.74,219.755126953125,-196.76246643066406,-5.784729957580566,220.1178371311468,-197.23335755675564,-5.784178937086086,0.5943882817620069,0.5397415895636767,0.11900779722337204,3.501966160240981e-05,26.015992274450063,40.768083795783596,nan,0.09270402406704369,nan
38.75,219.75340270996094,-196.75376892089844,-5.786787033081055,220.08047770753697,-197.21025210418404,-5.786322733982757,0.5615649261087882,0.5396781392637678,0.11899848717426909,3.5703238872537324e-05,26.270474896079,40.336775963538194,11.552280873555892,nan,nan
38.76,219.75172424316406,-196.7450714111328,-5.7888031005859375,220.07909327969898,-197.20189056891786,-5.78954638946149,0.5620095919818399,0.5397293611993623,0.11901119000711859,3.5005627431342146e-05,26.21596055149599,39.89795045135467,nan,0.8482993104795519,nan
38.77,219.7500762939453,-196.7363739013672,-5.7907795906066895,220.07773316508303,-197.19352045489694,-5.791645077934321,0.5624435488795352,0.539780667948788,0.119023953626719,3.571073791292678e-05,26.15674058638496,39.893688127021576,nan,nan,nan
38.78,219.74847412109375,-196.72767639160156,-5.792716026306152,220.07642339812236,-197.18516675306623,-5.795745809871217,0.5629008249461954,0.5398320594520396,0.11903677799679874,3.501292007034568e-05,26.33459328912486,39.6844918038803,nan,2.9389583357461646,nan
38.79,219.74688720703125,-196.71897888183594,-5.794614315032959,220.07512892566828,-197.17679700211156,-5.797787959258142,0.5633383788844503,0.539883536054159,0.11904966343900242,3.571841220900281e-05,26.28979253863163,40.179984231109586,nan,nan,nan
38.800000000000004,219.74533081054688,-196.7102813720703,-5.796474456787109,220.05007840694202,-197.1611926105977,-5.79841000600353,0.5442387241732238,0.5398199430172298,0.1190404641347364,3.499920240923948e-05,26.709115649805593,39.53486036207009,7.268309250396505,0.9743562441192135,nan
38.81,219.7438201904297,-196.7015838623047,-5.798297882080078,220.0488085750555,-197.1528237128927,-5.800362724917907,0.5446462898903315,0.5398712068175807,0.1190533813432526,3.5704200364599494e-05,26.65915127404764,38.98470084106918,nan,nan,nan
38.82,219.74232482910156,-196.69288635253906,-5.800084590911865,220.04757762248178,-197.144462978783,-5.803322918592354,0.5450790805034138,0.5399225553146496,0.1190663595472902,3.500677395413267e-05,26.775868154401447,39.61369489113942,nan,0.7680028239016763,nan
38.83,219.74087524414062,-196.68418884277344,-5.801835536956787,220.04636810102477,-197.13609460788777,-5.805215386528512,0.5454870571644516,0.5399739888382284,0.11907939905411057,3.571215590386688e-05,26.734059155232703,39.039822310620686,nan,nan,nan
38.84,219.73944091796875,-196.6754913330078,-5.803552150726318,220.04517981361522,-197.12771892691495,-5.80605720798163,0.5458867504473948,0.540025507351259,0.1190924998488562,3.5014483892420254e-05,26.530286854912273,39.25896037412565,nan,0.7287894871050707,nan
38.85,219.738037109375,-196.66680908203125,-5.805233955383301,220.07050961367977,-197.12448024907346,-5.807856914224464,0.56569226897099,0.5399617723827884,0.11908340745382741,3.569821098897923e-05,25.376793034769182,39.8646600237586,9.676540340075135,nan,nan
38.86,219.73666381835938,-196.65811157226562,-5.806882381439209,220.0694270116109,-197.11609694889043,-5.8096101122188655,0.566117822100957,0.5400130776517821,0.11909653957849885,3.5001130319572685e-05,25.33239021165179,39.212745907591945,nan,0.0005499727070503288,nan
38.87,219.73532104492188,-196.6494140625,-5.808498382568359,220.06837226988364,-197.10771385852215,-5.811358686786119,0.5665421456720502,0.54006446787447,0.11910973323330064,3.5706397557235545e-05,25.28496825742797,39.03156675910618,nan,nan,nan
38.88,219.7340087890625,-196.64071655273438,-5.810081481933594,220.06733959646567,-197.09932599699846,-5.812406260007649,0.5669545432619412,0.5401159430282582,0.11912298841692258,3.500905546796519e-05,25.146563514979857,38.802674553626325,nan,0.3161346478811414,nan
38.89,219.7327117919922,-196.63201904296875,-5.811633586883545,220.06633855919765,-197.09094283074046,-5.814085487785388,0.5673833577015907,0.54016750342117,0.11913630541644231,3.571470097714721e-05,25.09609186736201,39.11939117790857,nan,nan,nan
38.9,219.7314453125,-196.62332153320312,-5.813154220581055,220.05979726437607,-197.07897599367354,-5.815054573999622,0.561640100945904,0.5401036269593222,0.11912731570028792,3.49959066896702e-05,24.84473965472531,38.55402662732744,1.2781905743567372,0.2193344022401563,nan
38.910000000000004,219.73019409179688,-196.6146240234375,-5.814644813537598,220.05883722739512,-197.070583138868,-5.816665881193216,0.5620579242697911,0.5401549736611191,0.11914066356084173,3.5701053900271266e-05,24.79111860834703,38.842380956119094,nan,nan,nan
38.92,219.72898864746094,-196.60592651367188,-5.816105842590332,220.0579033146776,-197.0621913882395,-5.818417269619294,0.5624658538697012,0.5402064052345603,0.11915407318711638,3.5004004974952185e-05,24.766095980521403,38.09167496787673,nan,0.020197053395297076,nan
38.93,219.727783203125,-196.59722900390625,-5.817537307739258,220.0569926090421,-197.05379854412834,-5.819972796395888,0.5628858761844234,0.5402579219740447,0.11916754485351291,3.570953173639969e-05,24.714642470262618,38.9103122665396,nan,nan,nan
38.94,219.72662353515625,-196.5885467529297,-5.81894063949585,220.05611213451616,-197.0454113255626,-5.82237005810665,0.563293649659948,0.5403095238774809,0.11918107857761459,3.501219320104537e-05,24.818727098321396,38.77239394988915,nan,0.5337185999936309,nan
38.95,219.72547912597656,-196.57984924316406,-5.820315837860107,220.05951985680858,-197.03152330480515,-5.823687269855795,0.561786466878514,0.5402455066920343,0.11917218753054479,3.5696051599514455e-05,23.61605299384349,37.89393640684903,9.250353893779199,nan,nan
38.96,219.72434997558594,-196.57115173339844,-5.8216633796691895,220.05867974928674,-197.0230940023456,-5.824755268025519,0.5621723684223086,0.5402968944663624,0.11918575162798851,3.499926415477634e-05,23.505039818323578,38.068014667079474,nan,0.1189116418756842,nan
38.97,219.72325134277344,-196.5624542236328,-5.822984218597412,220.0578649981059,-197.01466720929278,-5.826203229687261,0.5625595477519341,0.5403483673332359,0.11919937798650179,3.570466594792764e-05,23.457040401013632,37.71911616970684,nan,nan,nan
38.980000000000004,219.72216796875,-196.5537567138672,-5.824278831481934,220.05707230012956,-197.00624023367618,-5.82762548434827,0.5629506612136935,0.5403999253686519,0.11921306669165634,3.642439037043911e-05,23.408853786078822,37.91717328509841,nan,nan,nan
38.99,219.7211151123047,-196.54505920410156,-5.825547695159912,220.05630132123045,-196.9978130172255,-5.829022759518999,0.5633363879819824,0.5404515687171106,0.11922681788795236,3.715858192251076e-05,23.361586620307293,37.57329972846983,nan,nan,nan
39.0,219.72007751464844,-196.53636169433594,-5.826790809631348,220.0751309118787,-197.00507705920225,-5.827809009669436,0.588011942802032,0.5403874112757778,0.1192180211728907,3.635246027434821e-05,24.10084314521824,38.74521150823076,13.864386112442494,4.596024359187481,nan
39.01,219.7190704345703,-196.5276641845703,-5.828009605407715,220.0744395904376,-196.9966972922598,-5.829132612680929,0.5884560766922399,0.5404388400531753,0.11923180222392794,3.708438723961495e-05,24.04356462028001,38.32135909594574,nan,nan,nan
39.02,219.71807861328125,-196.5189666748047,-5.8292036056518555,220.07376032930833,-196.98830964482232,-5.829148337020411,0.5888907451094503,0.5404903538672655,0.11924564579015473,3.6304842391284044e-05,23.946575709699875,38.44681960257693,nan,1.080764521562353,nan
39.03,219.71710205078125,-196.51026916503906,-5.830374240875244,220.07310937427397,-196.9799294783474,-5.830412378575974,0.5893403309903542,0.5405419529906891,0.11925955212548395,3.703550857444569e-05,23.883194637832784,38.553570812099835,nan,nan,nan
39.04,219.7161407470703,-196.50157165527344,-5.831521511077881,220.07249935908206,-196.97156883515166,-5.835033134832643,0.5898314513060603,0.5405936374430473,0.11927352126788116,3.625865113494341e-05,24.159682882057666,39.00450724752235,nan,7.503144662186457,nan
39.050000000000004,219.7152099609375,-196.4928741455078,-5.832645416259766,220.05678256224968,-196.9551702176218,-5.8363324080868555,0.5748070060184742,0.5405293404942697,0.11926481472705751,3.696459170049874e-05,23.992887809632464,38.025736481839395,2.920099770233022,nan,nan
39.06,219.7142791748047,-196.4841766357422,-5.833747386932373,220.05615310733828,-196.94676379155604,-5.836020513035143,0.5752128558822432,0.5405808099421808,0.11927881318689226,3.6191348306744035e-05,23.703791250962173,38.3835914988404,nan,1.5717345561289398,nan
39.07,219.71339416503906,-196.47547912597656,-5.834827423095703,220.05555153079447,-196.93836597281606,-5.837215799995857,0.5756227933828807,0.5406323646245561,0.11929287462978466,3.691878004453335e-05,23.653398797539243,37.3687386982331,nan,nan,nan
39.08,219.71250915527344,-196.46678161621094,-5.835885524749756,220.05496221603735,-196.92996241534695,-5.8373966165164255,0.5760319738635834,0.5406840045733755,0.11930699910492053,3.614810608289773e-05,23.498728145362442,37.89832210254286,nan,0.6528212317120976,nan
39.09,219.71153259277344,-196.4580841064453,-5.83703088760376,220.05434351629958,-196.92156418260976,-5.838594956038482,0.5764855215877633,0.5407357300426565,0.11932118684946391,3.687448098326226e-05,23.434811721265795,37.95212835092073,nan,nan,nan
39.1,219.71047973632812,-196.4493865966797,-5.83826208114624,220.0688004709345,-196.92206114693784,-5.840263698129034,0.5931433096488015,0.5406712940810173,0.11931256604933409,3.608395043086625e-05,23.768866991686327,38.2242452629784,3.9481075411311104,0.1574680225775807,nan
39.11,219.70933532714844,-196.44068908691406,-5.839578151702881,220.06803275706088,-196.91368364998672,-5.841638653077854,0.5936261016734377,0.5407228041086787,0.11932678254412268,3.680842316107016e-05,23.707425194110908,38.37286785906279,nan,nan,nan
39.12,219.70809936523438,-196.43197631835938,-5.840978622436523,220.06718128061317,-196.90530855522036,-5.843577483596337,0.5941296007465492,0.5407743993390723,0.11934106229227415,3.604366255164987e-05,23.715785863820702,38.09814174270061,nan,0.1521438326933001,nan
39.13,219.706787109375,-196.42327880859375,-5.842462062835693,220.0662416232361,-196.8969308586742,-5.8451274970976925,0.5946098860768665,0.5408260800149999,0.11935540552084135,3.676721184832083e-05,23.65637271201207,38.28590932709982,nan,nan,nan
39.14,219.70538330078125,-196.41458129882812,-5.844027519226074,220.06521715203752,-196.88855279283683,-5.846699862544231,0.5950937061182683,0.5408778461853195,0.11936981229411209,3.6004825982872745e-05,23.595866289571653,38.53397781754171,nan,0.002508357204009892,nan
39.15,219.7039031982422,-196.4058837890625,-5.84567403793335,220.06915776127934,-196.8967001580819,-5.848574124745666,0.6118169778784898,0.5408132719287344,0.11936127293459907,3.6704412170660374e-05,25.799654375534512,40.017220687684485,29.178862162486674,nan,nan
39.160000000000004,219.70233154296875,-196.39718627929688,-5.847401142120361,220.06798179289044,-196.88839108145615,-5.849935027832403,0.6123631957498133,0.5408648222281826,0.11937570787223119,3.594528628171745e-05,25.686392503703942,40.26056502463864,nan,0.12924526001558706,nan
39.17,219.70068359375,-196.38848876953125,-5.849207401275635,220.06672661063553,-196.88008436036097,-5.851811983488671,0.6129114935962467,0.54091645789792,0.1193902064981043,3.66662619021407e-05,25.630535193015017,40.0618513925459,nan,nan,nan
39.18,219.69895935058594,-196.37979125976562,-5.8510918617248535,220.06538950082032,-196.87177666640937,-5.853528583419566,0.6134546706675421,0.5409681789969246,0.1194047688855769,3.590938033384745e-05,25.549037392749334,39.861570411253865,nan,0.03866076024356717,nan
39.19,219.69715881347656,-196.37109375,-5.853054046630859,220.06397400559314,-196.8634703055752,-5.855561887745627,0.6139986538378296,0.5410199857527724,0.11941939524815182,3.6629608643089675e-05,25.493902104284896,39.71886623436685,nan,nan,nan
39.2,219.6952667236328,-196.36239624023438,-5.855093002319336,220.04924056406725,-196.8481580512569,-5.856442439069136,0.6010522753798677,0.5409552737244693,0.11941093281319284,3.5852900468972304e-05,25.208929746425028,39.43274729544968,2.5332811794003223,0.8613346431655545,nan
39.21,219.69329833984375,-196.35369873046875,-5.857207775115967,220.04764525022273,-196.83983766597123,-5.858617677056797,0.6015769155561876,0.5410068641775262,0.1194255867261884,3.657153848523688e-05,25.150350553057045,39.330862881621776,nan,nan,nan
39.22,219.69126892089844,-196.34500122070312,-5.859396934509277,220.04597386121375,-196.83151868554523,-5.861092259113218,0.6020944381124914,0.5410585399935613,0.11944030461369641,3.581987546873808e-05,25.115366702588858,38.78644567947089,nan,0.03350517074332217,nan
39.230000000000004,219.68914794921875,-196.3363037109375,-5.861660480499268,220.04422515850905,-196.82319910616914,-5.863421611847664,0.6026193259751886,0.5411103013910622,0.11945508668112388,3.653788054683187e-05,25.058230212329473,39.30625070574949,nan,nan,nan
39.24,219.6869659423828,-196.32760620117188,-5.863994121551514,220.0423923506637,-196.8148721384142,-5.86403728647537,0.6031219007491728,0.5411621484426852,0.11946993301393073,3.5788255560743754e-05,24.91276847079891,38.67736934789068,nan,2.1544470119720436,nan
39.25,219.68470764160156,-196.31890869140625,-5.866339683532715,220.06302838071463,-196.8107712559533,-5.866508940144356,0.6205283173987062,0.541097299335649,0.11946154307940135,3.648291245023444e-05,24.00371148968933,39.42568915665365,6.231726219388015,nan,nan
39.26,219.6824493408203,-196.31021118164062,-5.8686676025390625,220.06112488655793,-196.80243299126067,-5.866761382130058,0.6210322958442405,0.5411489296594272,0.11947641632970767,3.573618113245499e-05,24.045346225210544,39.149195085167975,nan,3.196543283266043,nan
39.27,219.68020629882812,-196.301513671875,-5.8709635734558105,220.0592364111473,-196.7941042841809,-5.869141996575042,0.6215405501806924,0.5412006454889273,0.1194913539615328,3.645217567839279e-05,23.976266699407894,39.21652679475245,nan,nan,nan
39.28,219.67799377441406,-196.29281616210938,-5.873221397399902,220.05737429158168,-196.78577753706435,-5.871887237448371,0.6220468422768847,0.5412524469049337,0.11950635606752819,3.57073490381992e-05,23.877197068810556,39.12510213394593,nan,0.10775929094163411,nan
39.29,219.6758270263672,-196.28411865234375,-5.8754377365112305,220.0555444783569,-196.77744955968546,-5.874198758651588,0.6225449883745678,0.5413043341137047,0.11952142284235039,3.6422858807323357e-05,23.81252695562763,38.7462454219147,nan,nan,nan
39.300000000000004,219.67369079589844,-196.2754364013672,-5.877612113952637,220.06408358529077,-196.76874921081557,-5.875946398988331,0.6291000179476461,0.5412393484744455,0.11951310081745856,3.5658138488934604e-05,23.103329394732192,39.51667140869942,2.9907656510143585,0.14517274864961116,nan
39.31,219.6715850830078,-196.26673889160156,-5.879744052886963,220.06234801761218,-196.76040674773944,-5.878169908395004,0.6296078947847343,0.5412910185286361,0.11952819385051032,3.637231988672326e-05,23.035102399846032,39.352796247646275,nan,nan,nan
39.32,219.66954040527344,-196.25804138183594,-5.881834030151367,220.06065456913456,-196.752065612479,-5.880591581264469,0.6301045733165844,0.5413427741006124,0.11954335156261642,3.5632007129434074e-05,22.953216360611815,38.50238970937602,nan,0.03897700859074259,nan
39.33,219.6675262451172,-196.2493438720703,-5.88388204574585,220.0590010657122,-196.74372395696426,-5.882735422985012,0.6306072614895953,0.5413946153893995,0.11955857414208097,3.634579959264384e-05,22.888459415069313,38.835749731652236,nan,nan,nan
39.34,219.66555786132812,-196.24066162109375,-5.885890007019043,220.05739446151,-196.73538854339546,-5.886418596292732,0.6311029458803311,0.5414465424866689,0.11957386169105834,3.5607185868295716e-05,22.80084145112288,39.02309973928553,nan,1.7008460866719557,nan
39.35,219.6636199951172,-196.23196411132812,-5.887857437133789,220.07415754770403,-196.7308917846962,-5.888515336913079,0.6461194457440579,0.5413814209881846,0.11956560304501421,3.6298115662241304e-05,22.169398547571763,39.24086861066664,3.6850225154769087,nan,nan
39.36,219.66172790527344,-196.2232666015625,-5.889786243438721,220.07265080346738,-196.72254303401675,-5.8901862972738925,0.6466333925087907,0.541433130510083,0.11958091617383917,3.556203648613504e-05,22.104496045898166,38.85623576529422,nan,0.09412601462962239,nan
39.37,219.6598663330078,-196.21458435058594,-5.89167594909668,220.0711836925734,-196.71419584734926,-5.892186917706077,0.6471428583141625,0.5414849256724231,0.11959629436530514,3.627428690721856e-05,22.047236308344605,39.64747267956154,nan,nan,nan
39.38,219.65805053710938,-196.2058868408203,-5.893528461456299,220.0697609282753,-196.70585499229634,-5.89591045691265,0.6476721953169642,0.5415368065732847,0.11961173772714875,3.55397773271144e-05,22.142544796957047,38.838263585891816,nan,2.1200239246296158,nan
39.39,219.65626525878906,-196.1971893310547,-5.895343780517578,220.06836796547051,-196.6975081443324,-5.897855217570533,0.6481927669219021,0.541588773402051,0.11962724643932333,3.625176031660773e-05,22.099486456460976,39.039921963439255,nan,nan,nan
39.4,219.65451049804688,-196.18850708007812,-5.897123336791992,220.07568426499475,-196.69334711557275,-5.901065580332164,0.6574696530543481,0.5415235166094378,0.11961904651485505,3.549722647864668e-05,22.39202340198631,40.368783012394445,0.9125024253263979,1.2636730201933455,nan
39.410000000000004,219.65280151367188,-196.1798095703125,-5.898867130279541,220.07437741707557,-196.6850078555655,-5.902952342923686,0.6580032209005864,0.5415752654412115,0.1196345801037297,3.6208095935922905e-05,22.358463989164147,39.37133650484732,nan,nan,nan
39.42,219.651123046875,-196.17111206054688,-5.900576114654541,220.07311052690872,-196.67667329629253,-5.9062862427869725,0.6585576679055352,0.5416270999404996,0.11965017906001701,3.5477419222880686e-05,22.759785706305703,39.91418158800798,nan,1.5069874172963218,nan
39.43,219.64947509765625,-196.1624298095703,-5.90225076675415,220.07187186067154,-196.66833396982238,-5.908120233244775,0.6590845889588303,0.5416790202910388,0.11966584355879557,3.618809982393359e-05,22.733735059752625,40.510282925601146,nan,nan,nan
39.44,219.6478729248047,-196.1537322998047,-5.903892517089844,220.0706633910783,-196.65999214153575,-5.909101152392986,0.6596043780958051,0.5417310265994089,0.11968157371510023,3.545879635090736e-05,22.49088868404506,39.185223964227184,nan,0.46281126470701245,nan
39.45,219.6462860107422,-196.14503479003906,-5.905500888824463,220.067976740698,-196.65417349666902,-5.910863428977767,0.661115762296115,0.5416656351699328,0.11967342789123658,3.6146988984282336e-05,22.955998198152034,40.16743543477459,1.0075255403040408,nan,nan
39.46,219.6447296142578,-196.1363525390625,-5.907077789306641,220.06683358585911,-196.64584613138604,-5.9123061855655425,0.6616515847391099,0.5417174230648456,0.1196891822020007,3.5419881584773384e-05,22.87368793588925,40.61740257839446,nan,0.05691202988269473,nan
39.47,219.64321899414062,-196.12765502929688,-5.908623218536377,220.06572277285028,-196.637519454079,-5.914002732610632,0.6621934112130916,0.5417692967338936,0.11970500224414113,3.612940070798657e-05,22.847467859910942,39.45510234331796,nan,nan,nan
39.480000000000004,219.6417236328125,-196.11895751953125,-5.91013765335083,220.06464230448307,-196.62919255378583,-5.91559205391655,0.6627441010781634,0.541821256288609,0.11972088813692476,3.5403545720250754e-05,22.830531093616457,40.04364473038045,nan,0.004100497612413245,nan
39.49,219.64027404785156,-196.1102752685547,-5.911621570587158,220.0635920790569,-196.6208658920332,-5.917228238362676,0.663273981889297,0.5418733019052772,0.11973684004909477,3.6112973051703885e-05,22.803383960214973,39.86883989504997,nan,nan,nan
39.5,219.6388397216797,-196.10157775878906,-5.913076400756836,220.05825733754116,-196.6155710777792,-5.916784525365032,0.6634108972948368,0.5418077764185874,0.1197287436107419,3.5366926091508845e-05,23.002822315769752,39.71241102152194,2.36863229664218,3.0383118696683824,nan
39.51,219.63743591308594,-196.09288024902344,-5.914502143859863,220.05726011888316,-196.6072629053055,-5.918343754060967,0.6639703599002019,0.5418596032052229,0.1197447189318273,3.6075411941902806e-05,22.96812558532022,39.60248303513968,nan,nan,nan
39.52,219.6360626220703,-196.0841827392578,-5.915899276733398,220.05628764021355,-196.5989515071631,-5.918720143607682,0.6645178007955327,0.541911515804372,0.11976076029291896,3.535275525615559e-05,22.72934248341749,39.26346022630915,nan,0.9230930501340284,nan
39.53,219.6347198486328,-196.07550048828125,-5.9172682762146,220.05534651521762,-196.59064297938914,-5.920213182160102,0.6650618401758768,0.5419635143880036,0.1197768678591128,3.606121234983659e-05,22.68810896958011,39.63128043011599,nan,nan,nan
39.54,219.63340759277344,-196.06680297851562,-5.918610572814941,220.05443208014444,-196.58233375978548,-5.921486984958713,0.665613911475373,0.5420155990741486,0.11979304175514079,3.533962676242241e-05,22.627473708275094,38.90441522704115,nan,0.025743195004648205,nan
39.550000000000004,219.63211059570312,-196.05810546875,-5.919925689697266,220.05579372457237,-196.575502797615,-5.922983099882348,0.6687426540621662,0.5419499401753678,0.11978499000672226,3.60258777713517e-05,22.714832110824183,39.555826941901245,0.23949287617998427,nan,nan
39.56,219.63084411621094,-196.04942321777344,-5.921214580535889,220.05493746402553,-196.56719873438615,-5.924864219222614,0.6692981197692814,0.5420018056193999,0.1198011865471871,3.530617913848392e-05,22.77622958435066,39.90889448703087,nan,0.1511347629797459,nan
39.57,219.62960815429688,-196.0407257080078,-5.922478199005127,220.05410531069467,-196.55889335545947,-5.926258059844328,0.6698580700442182,0.54205375696994,0.11981744947517507,3.601377637408328e-05,22.74177034344713,39.13139903093102,nan,nan,nan
39.58,219.62838745117188,-196.0320281982422,-5.923716068267822,220.0533047332192,-196.55059354089403,-5.93001960405897,0.6704509271718327,0.5421057943487615,0.11983377891854011,3.529503959934567e-05,23.416419107365247,40.21417930374767,nan,3.9723764226568345,nan
39.59,219.627197265625,-196.02333068847656,-5.924929618835449,220.05252213503263,-196.5422881332411,-5.931388803878683,0.6710140051329636,0.5421579179222017,0.11985017503770098,3.6002683449779076e-05,23.39552869298838,39.91149761131236,nan,nan,nan
39.6,219.6260223388672,-196.0146484375,-5.926118850708008,220.0495689543934,-196.53014758288313,-5.931621564123854,0.6672041548652043,0.5420921262021295,0.11984216321529563,3.5263570049779554e-05,22.707709292168094,40.15092862965126,1.3794827071086246,1.0215953774105646,nan
39.61,219.6248779296875,-196.00595092773438,-5.927284240722656,220.04882916223403,-196.52182824197726,-5.932934440031465,0.667754427675626,0.5421440301218637,0.11985858119246004,3.597040675424578e-05,22.68242883233182,39.31382085552026,nan,nan,nan
39.62,219.62376403808594,-195.99725341796875,-5.928426742553711,220.0481117187167,-196.51350813100487,-5.93392234789725,0.6682964046490262,0.54219601999471,0.11987506586686408,3.525429445388175e-05,22.597980778524178,38.90986504506474,nan,0.06374346582169399,nan
39.63,219.62266540527344,-195.98855590820312,-5.929545879364014,220.04741761508944,-196.50518850060908,-5.935188087440804,0.6688464022416954,0.5422480959837824,0.11989161739627743,3.5961227232672366e-05,22.57259109993437,39.183590378665215,nan,nan,nan
39.64,219.62158203125,-195.9798583984375,-5.930643081665039,220.04674336752836,-196.49686681378057,-5.9355182857414475,0.6693904921765353,0.5423002582157076,0.11990823591252704,3.5245913984205796e-05,22.307406997331654,39.159467454433155,nan,0.5814167098117294,nan
39.65,219.6205291748047,-195.97117614746094,-5.931718349456787,220.03206893389032,-196.4772063168202,-5.93667301442746,0.6522699244292909,0.5422343343102884,0.119900259260633,3.5930846522062554e-05,21.64931346980685,38.281649380111055,5.802386328059293,nan,nan
39.660000000000004,219.619384765625,-195.9624786376953,-5.932880401611328,220.0313615108755,-196.46885560418593,-5.938363878869294,0.6528189177270275,0.5422862764808647,0.11991689882980291,3.521714544475021e-05,21.762346390174805,38.08400415594661,nan,0.1379569415315585,nan
39.67,219.61814880371094,-195.9537811279297,-5.934128284454346,220.0305667955754,-196.4605039248006,-5.939701731352571,0.6533664027117749,0.5423383046887332,0.11993360542988818,3.5923451156156136e-05,21.715524471281885,38.26535748254859,nan,nan,nan
39.68,219.61683654785156,-195.94508361816406,-5.935461044311523,220.03372257054394,-196.43959706021775,-5.94322302419725,0.6468367248539655,0.5422801166454229,0.1188798616825168,3.5210441487980624e-05,28.167181139966388,44.38025479132435,nan,3.0638857819149297,0.14733673728258453
39.69,219.61544799804688,-195.93638610839844,-5.936877727508545,220.03276830513914,-196.43122244878327,-5.944753424784349,0.6473648655006098,0.5423317419085242,0.11889283216503904,3.591689966806268e-05,28.107014360176088,44.03035524951888,nan,nan,nan
39.7,219.61395263671875,-195.9276885986328,-5.9383769035339355,220.0023341566778,-196.41393317230163,-5.945141224021056,0.6223501799627863,0.542267305966112,0.11888325361366099,3.5183339025692684e-05,28.412039402128073,43.82211966094489,8.68159204521875,0.9135282627649622,nan
39.71,219.61239624023438,-195.91900634765625,-5.939958095550537,220.00116684387578,-196.4055597068016,-5.9468265648329615,0.6228353951258765,0.5423187164077031,0.11889625396913842,3.588909206598963e-05,28.348618015108293,43.51228100400946,nan,nan,nan
39.72,219.61074829101562,-195.91030883789062,-5.941620349884033,219.99991655907363,-196.39717996499536,-5.94727367860769,0.6233196574769289,0.5423702114614214,0.11890931472124436,3.517821366526338e-05,27.8672202889307,42.90444719825199,nan,1.2188227461451016,nan
39.730000000000004,219.60902404785156,-195.901611328125,-5.943362712860107,219.998586976057,-196.3888065336982,-5.949109723182594,0.623820063394197,0.542421791275085,0.1189224360791942,3.588415737285548e-05,27.804139236348668,42.70889731161097,nan,nan,nan
39.74,219.6072235107422,-195.89291381835938,-5.945184230804443,219.9971773451432,-196.38043186465367,-5.950731397818137,0.624314511675437,0.5424734559901124,0.11893561812456371,3.517383936195331e-05,27.683985228453846,42.496201367644375,nan,0.06080130094822611,nan
39.75,219.60533142089844,-195.88421630859375,-5.947083950042725,219.97376129366552,-196.36943528381192,-5.9527265995069,0.6092699439098552,0.5424088890300844,0.11892614716643053,3.5857927819343835e-05,28.944564943382872,42.961126679447865,9.63936622345825,nan,nan
39.76,219.60337829589844,-195.87551879882812,-5.949061393737793,219.97216212011347,-196.36108320236883,-5.954772391493857,0.6097597186465121,0.542460338515482,0.11893935869355676,3.5148983603495103e-05,28.912606603827594,42.33040331211794,nan,0.00048115562578050726,nan
39.77,219.60133361816406,-195.8668212890625,-5.951114654541016,219.97048590646403,-196.35273141382112,-5.956921878904492,0.6102587853975142,0.5425118726966052,0.11895263106314612,3.585447465563251e-05,28.85226753829479,42.852539005606026,nan,nan,nan
39.78,219.59922790527344,-195.85813903808594,-5.953243732452393,219.96873190803288,-196.3443717242644,-5.957259924284195,0.6107139780293178,0.5425634917156666,0.11896596436374048,3.514600862009998e-05,28.296308536530365,42.273324388819105,nan,2.4968522701782763,nan
39.79,219.5970458984375,-195.8494415283203,-5.955447673797607,219.96690403538585,-196.33602060393588,-5.959543626127194,0.611204560780833,0.5426151957192619,0.11897935879415383,3.585173128465271e-05,28.233742416433724,41.74911220424261,nan,nan,nan
39.800000000000004,219.5947723388672,-195.8407440185547,-5.9577250480651855,219.95450894522557,-196.32613623954464,-5.961345481593163,0.604176416033209,0.542550498233543,0.11896999145912772,3.512252389297582e-05,28.68132998970688,42.22115141916835,2.49924256317253,0.13632410834819858,nan
39.81,219.59243774414062,-195.83204650878906,-5.960072040557861,219.95251696593513,-196.3177943008265,-5.96377007623925,0.6046665518327354,0.542601986600794,0.11898341495065645,3.582761639219926e-05,28.619181589880302,41.742452714821056,nan,nan,nan
39.82,219.5900421142578,-195.8233642578125,-5.962429523468018,219.95045118489753,-196.30944638481125,-5.964691391737079,0.6051244900308396,0.5426535597417135,0.11899689961285141,3.512083467496889e-05,28.31086218054956,41.56702307746721,nan,1.6725194295476726,nan
39.83,219.58755493164062,-195.81466674804688,-5.964768886566162,219.9483147015543,-196.30110525931957,-5.967139273157527,0.6056200587579252,0.542705217802296,0.11901044563826498,3.5826187157362815e-05,28.250980858724578,41.72887480102527,nan,nan,nan
39.84,219.58502197265625,-195.80596923828125,-5.967076778411865,219.94611628794897,-196.292765730664,-5.969849251429989,0.6061085844463046,0.5427569609256819,0.11902405312479276,3.5119761489824004e-05,28.24340501321391,41.45136930420419,nan,0.057419159521879815,nan
39.85,219.58248901367188,-195.7972869873047,-5.969345569610596,219.94033867200105,-196.28213300712275,-5.972266228206154,0.6026114595212709,0.5426921334115353,0.11901478548139603,3.580335617061331e-05,28.127639938831567,41.7527202553841,0.27834878511374267,nan,nan
39.86,219.57998657226562,-195.78858947753906,-5.9715728759765625,219.9381187587095,-196.27378786063744,-5.974776574008882,0.6030641737074325,0.5427436604939218,0.11902842158599314,3.5098102274612595e-05,28.116019425813235,41.03378358764112,nan,0.017190135087172626,nan
39.87,219.5775146484375,-195.7799072265625,-5.973757743835449,219.93592949756973,-196.2654424184951,-5.9770911240926194,0.6035037183874212,0.5427952724303962,0.11904211928383845,3.580312821831024e-05,28.065602275137298,41.72419229733766,nan,nan,nan
39.88,219.57508850097656,-195.77120971679688,-5.975899696350098,219.93377978350227,-196.2570958298151,-5.97899440211707,0.603948945017455,0.54284696936454,0.11905587867842539,3.509816178066064e-05,27.962972446255254,41.025706970611026,nan,0.09604607749944004,nan
39.89,219.5727081298828,-195.76251220703125,-5.977999687194824,219.9316742230661,-196.2487509880689,-5.981222374127065,0.6043965535567843,0.542898751441668,0.11906969995394351,3.580347580902754e-05,27.915276870479413,40.94119565969025,nan,nan,nan
39.9,219.57037353515625,-195.7538299560547,-5.980058193206787,219.93071165169968,-196.23554898907017,-5.982825225290348,0.6015849411928362,0.5428337943941504,0.11906052790643001,3.5077605438775445e-05,26.924094909581985,40.80768919502138,4.7076086493371125,0.15909794413697434,nan
39.910000000000004,219.5680694580078,-195.74514770507812,-5.9820756912231445,219.92869655620174,-196.2271794406386,-5.98496490995431,0.6020090079260348,0.5428853600272007,0.11907437732888355,3.578234229898624e-05,26.869531785522444,41.31153953458859,nan,nan,nan
39.92,219.56582641601562,-195.7364501953125,-5.984052658081055,219.9267262671237,-196.21880361443758,-5.985187886848343,0.6024241132423606,0.5429370105919679,0.1190882886798243,3.5078695001206175e-05,26.607249790200246,39.98192337682613,nan,2.476979640668004,nan
39.93,219.56362915039062,-195.72776794433594,-5.985990524291992,219.92480184744275,-196.21043451998636,-5.987230721712904,0.6028385177107207,0.5429887462334586,0.11910226213846788,3.5783740625341796e-05,26.545372452176967,40.42441330977042,nan,nan,nan
39.94,219.56146240234375,-195.7190704345703,-5.987889766693115,219.92292157190894,-196.20206435376025,-5.9888567060223625,0.6032717399388782,0.5430405670957316,0.11911629781574251,3.508027844464268e-05,26.462535074652706,40.290599990311996,nan,0.10087437987070698,nan
39.95,219.55935668945312,-195.71038818359375,-5.98975133895874,219.9024835734241,-196.1880813096449,-5.990954833704894,0.5881566369427025,0.5429754810125531,0.1191072172838353,3.576362764399647e-05,26.92766044713469,39.916820675427736,4.034506183745398,nan,nan
39.96,219.55728149414062,-195.70169067382812,-5.991575717926025,219.90065924746273,-196.17971147984935,-5.992463336326867,0.5885685689298544,0.5430270850296005,0.11912128061452151,3.506116985604092e-05,26.84453084946969,39.73885395732791,nan,0.1250274034735646,nan
39.97,219.5552520751953,-195.69300842285156,-5.993363380432129,219.8988768395304,-196.17134312733916,-5.994353590484766,0.5889677823935091,0.5430787740563878,0.11913540627628995,3.5765976234605396e-05,26.782222071293457,40.09079924518201,nan,nan,nan
39.980000000000004,219.55325317382812,-195.684326171875,-5.995115756988525,219.89713565921056,-196.16297908618057,-5.997582303677382,0.5893809124654326,0.5431305482371753,0.11914959438446247,3.50636478336839e-05,26.86036609272868,40.516423509872524,nan,1.3272750344461217,nan
39.99,219.5513153076172,-195.67562866210938,-5.996832847595215,219.89543407777757,-196.1546105800238,-5.999416791830141,0.5897864718976644,0.5431824077166583,0.1191638451116872,3.576878086730584e-05,26.809726423565333,39.244492317908005,nan,nan,nan
40.0,219.5493927001953,-195.6669464111328,-5.998516082763672,219.93863372801167,-196.1599056515588,-5.99905041906598,0.628106420897115,0.5431171930952916,0.11915485188372939,3.5045405474527666e-05,25.53804357863279,41.24236878710758,18.68085175821522,3.086836284183796,nan
40.01,219.54751586914062,-195.6582489013672,-6.0001654624938965,219.93708254116325,-196.15153812885683,-6.000796209676453,0.6285673008915732,0.5431688353300976,0.11916912974404996,3.5749996945977194e-05,25.474946564423224,40.3739369065805,nan,nan,nan
40.02,219.54568481445312,-195.64956665039062,-6.001781940460205,219.9355692252944,-196.14317439927245,-6.00381814278212,0.6290171775819161,0.5432205626513246,0.11918347027471293,3.504868784812329e-05,25.51427163215346,40.65449060258007,nan,1.2054273579068981,nan
40.03,219.54388427734375,-195.64088439941406,-6.003366470336914,219.9340927274072,-196.13480690122302,-6.00551313012234,0.6294653925692604,0.5432723752035521,0.11919787364451172,3.575362063491464e-05,25.45667214336276,40.83895236839762,nan,nan,nan
40.04,219.5421142578125,-195.63218688964844,-6.004919052124023,219.93265243993588,-196.1264352527254,-6.005718339748193,0.6299223404207832,0.5433242731312206,0.11921233997453388,3.505235696084504e-05,25.279933371180814,40.357248493141476,nan,1.4983468895428491,nan
40.050000000000004,219.54039001464844,-195.62350463867188,-6.006441116333008,219.9275729751042,-196.1152121672727,-6.007263896224097,0.6258495150727171,0.5432589304704651,0.11920342983731594,3.573562820512898e-05,25.074790782951627,40.20757976338261,0.66522507629773,nan,nan
40.06,219.5386962890625,-195.6148223876953,-6.007932662963867,219.92619647216148,-196.10683835228224,-6.009656790415702,0.6262899280090777,0.5433106107558545,0.11921792275785399,3.5035233407631526e-05,25.072697770443607,40.387131416835146,nan,0.4564287362988439,nan
40.07,219.5370330810547,-195.6061248779297,-6.00939416885376,219.92485402981944,-196.09846223264424,-6.01122392623449,0.6267411803609111,0.543362376203814,0.11923247873419919,3.573998389858312e-05,25.01577566160604,39.93755989546456,nan,nan,nan
40.08,219.535400390625,-195.59744262695312,-6.010826587677002,219.92354505767565,-196.0900865894656,-6.013006758772197,0.6271834735592713,0.543414226958833,0.11924709789079897,3.503959052045046e-05,24.989480396325508,40.6077620532467,nan,0.04188502543247939,nan
40.09,219.5338134765625,-195.5887451171875,-6.01223087310791,219.92226884547128,-196.08170998770404,-6.014520584121619,0.6276282179554836,0.5434661631654151,0.11926178039142155,3.5744692342543744e-05,24.9356064521079,39.51061961203501,nan,nan,nan
40.1,219.53224182128906,-195.58006286621094,-6.013606548309326,219.91464576832547,-196.06692929213725,-6.015881571992402,0.6190935883499686,0.5434006929646894,0.1192529490274112,3.502313017604774e-05,24.373152627842757,40.195762825358656,2.4999906509197993,0.009749454649800541,nan
40.11,219.5307159423828,-195.5713653564453,-6.014955520629883,219.913420596588,-196.05853129852844,-6.017340393702781,0.619515290445378,0.5434524111331654,0.11926765755040913,3.5727712689682e-05,24.319132136756128,39.007297702911536,nan,nan,nan
40.12,219.5292205810547,-195.56268310546875,-6.016276836395264,219.91222617939417,-196.0501302964845,-6.017482224579021,0.619918950629192,0.5435042145395396,0.11928242946990816,3.502809816467721e-05,24.133766476975065,39.42503018680399,nan,1.1748041209073372,nan
40.13,219.52774047851562,-195.5540008544922,-6.017572402954102,219.91106190493502,-196.04173245740895,-6.018876412758008,0.6203379182973835,0.5435561033283173,0.11929726494677077,3.573304210827351e-05,24.071332896913102,39.90922953362576,nan,nan,nan
40.14,219.52630615234375,-195.54530334472656,-6.018841743469238,219.90992729429317,-196.03333189456293,-6.019088682740872,0.6207552714113449,0.5436080776439861,0.1193121641097937,3.5033361552545743e-05,23.9605111707619,38.631109717153706,nan,0.9430181822879163,nan
40.15,219.52488708496094,-195.53662109375,-6.02008581161499,219.89897781216155,-196.01970512725345,-6.020350581666425,0.6109943745294378,0.5435424804035899,0.11930340718819153,3.571666014694541e-05,23.82352102056609,39.29468644012676,1.384637274214115,nan,nan
40.160000000000004,219.52349853515625,-195.52792358398438,-6.021305084228516,219.89788334802097,-196.01129663286736,-6.021886743185643,0.6114031655277246,0.5435942362871299,0.11931833178341951,3.501774135640122e-05,23.765605424611255,38.58533534307045,nan,0.03688833945476182,nan
40.17,219.5221405029297,-195.5192413330078,-6.022500038146973,219.89681682442216,-196.0028874417353,-6.023172901292102,0.6117976439307313,0.5436460774831704,0.11933332014592346,3.5722536986446006e-05,23.700980959897155,39.03346520208071,nan,nan,nan
40.18,219.52081298828125,-195.5105438232422,-6.023671627044678,219.8957777569903,-195.9944770786195,-6.02398327583533,0.6122010050286416,0.5436980041361601,0.11934837240699415,3.502351852653817e-05,23.626055445262523,38.25067347135963,nan,0.14448428303672986,nan
40.19,219.51951599121094,-195.50186157226562,-6.024819374084473,219.8947653857232,-195.9860674357903,-6.025219268094663,0.6125908800077727,0.5437500163906647,0.11936348872376158,3.572867973324315e-05,23.560793896867946,38.685025842809374,nan,nan,nan
40.2,219.5182342529297,-195.4931640625,-6.025944232940674,219.8534704901289,-195.95380660496227,-6.024272919691509,0.5697171929524019,0.5436842926116704,0.11935480183149036,3.5008391996256365e-05,22.784354852802068,36.98700655519113,24.02162280166716,3.22427042441319,nan
40.21,219.51698303222656,-195.48448181152344,-6.0270466804504395,219.85243932005415,-195.94534137801625,-6.025443330637724,0.5700219572978124,0.5437360860418479,0.11936994296589727,3.5713046245674264e-05,22.708543835034387,37.402472724896235,nan,nan,nan
40.22,219.5157470703125,-195.4757843017578,-6.028127193450928,219.85143365633763,-195.9368729388656,-6.0250196132308025,0.5703489040595723,0.5437879648582664,0.1193851482075439,3.5014618555748736e-05,22.846062540248308,37.2626383098399,nan,1.7452355438781926,nan
40.230000000000004,219.51443481445312,-195.46710205078125,-6.029294490814209,219.85039743978865,-195.92840732211383,-6.026186218121397,0.5706865166978229,0.5438399292055568,0.11940041771143942,3.5719645150988663e-05,22.769327130390987,37.566825478781055,nan,nan,nan
40.24,219.51304626464844,-195.45840454101562,-6.030547618865967,219.84927600754375,-195.9199455728892,-6.029570038342416,0.5710267242205427,0.5438919792280674,0.11941575161205156,3.502106474678758e-05,22.45766555150621,36.40749225373348,nan,3.199974866091294,nan
40.25,219.51156616210938,-195.44970703125,-6.031885147094727,219.83440400272787,-195.90927410779656,-6.030852203945764,0.5616290912624745,0.5438261294125126,0.11940713031550008,3.5704449685131284e-05,23.01863381508198,36.586567508984146,2.7661061536310467,nan,nan
40.26,219.50999450683594,-195.44102478027344,-6.03330659866333,219.83309530243693,-195.9008173155986,-6.032740695684883,0.5619640735001821,0.5438779602202819,0.11942248839749331,3.500654854847585e-05,22.926991470833066,37.47087150377037,nan,0.1389907993539093,nan
40.27,219.50836181640625,-195.4323272705078,-6.034811019897461,219.8317049886251,-195.89235973297798,-6.034274115419892,0.562299708174677,0.5439298764875328,0.11943791094484797,3.571144406852755e-05,22.858769687508417,36.152146598227255,nan,nan,nan
40.28,219.5066375732422,-195.42364501953125,-6.0363969802856445,219.83023397398412,-195.88390163298146,-6.0355687778399805,0.5626290667189919,0.5439818783585322,0.11945339809381887,3.5013365486318515e-05,22.800379843089548,37.14050753555206,nan,0.07320593977413639,nan
40.29,219.50482177734375,-195.41494750976562,-6.038064002990723,219.82868301004876,-195.87544396990157,-6.037264727970631,0.5629775543372066,0.5440339659780377,0.11946894999673886,3.5718633301916794e-05,22.73036891033909,36.888785721628274,nan,nan,nan
40.300000000000004,219.50294494628906,-195.40625,-6.039811134338379,219.81020758938487,-195.8578848269819,-6.039877607859704,0.5462456894144909,0.5439679906284866,0.11946038979785226,3.499920510513674e-05,22.481657794367905,35.87942114390193,3.637521824501105,0.4168109922740076,nan
40.31,219.50099182128906,-195.39756774902344,-6.041637420654297,219.80847053341074,-195.8494080332219,-6.041744750065906,0.5465371097667096,0.5440198586446895,0.11947596522260115,3.570397127196133e-05,22.412791775093964,36.43207386174789,nan,nan,nan
40.32,219.4989471435547,-195.3888702392578,-6.04354190826416,219.8066564774771,-195.84093071811955,-6.043166504773236,0.5468490209001602,0.5440718121924144,0.11949160545018388,3.5006340279184384e-05,22.348896893229558,36.21875062944864,nan,0.19452880023341168,nan
40.33,219.49684143066406,-195.38018798828125,-6.045523643493652,219.80476609810648,-195.83245450054773,-6.04518660414639,0.5471404870165705,0.5441238514165094,0.1195073106314448,3.571148319106496e-05,22.279464240893155,36.352668712536804,nan,nan,nan
40.34,219.49465942382812,-195.37149047851562,-6.047581672668457,219.8028005238407,-195.82397804216905,-6.046826668058201,0.547445433636926,0.5441759764611008,0.11952308090487053,3.50136339300119e-05,22.22631364081039,35.72523120851672,nan,0.14789283275187276,nan
40.35,219.49240112304688,-195.36280822753906,-6.049715042114258,219.82504557598398,-195.82256837817093,-6.048916320259693,0.5674789565573873,0.544109876081439,0.1195145772814186,3.5697131133954966e-05,21.660780679422157,36.70091473403794,5.589033919917544,nan,nan
40.36,219.4900665283203,-195.35411071777344,-6.0519232749938965,219.82297116833627,-195.81409454176648,-6.051697503191368,0.5678121772666739,0.5441617811359488,0.11953037039585887,3.499989940364755e-05,21.5779973915242,36.070270317864455,nan,0.20327241989435524,nan
40.37,219.48765563964844,-195.34542846679688,-6.054204940795898,219.82082424798807,-195.8056206437153,-6.054022551464893,0.5681357184209974,0.5442137717939454,0.11954622866026124,3.570491683013782e-05,21.50902791953895,36.80057475788499,nan,nan,nan
40.38,219.4851837158203,-195.33673095703125,-6.05655574798584,219.81860567081984,-195.7971463793482,-6.055796955093555,0.5684655987389604,0.5442658481994614,0.11956215221433768,3.500744954878272e-05,21.45913471136721,35.766739122344816,nan,0.2738287516692493,nan
40.39,219.48263549804688,-195.3280487060547,-6.058917045593262,219.8163157488083,-195.78867325348332,-6.058228710134696,0.5687863898228862,0.5443180104974908,0.11957814120709599,3.5712840824655615e-05,21.38832966278006,36.53492611704987,nan,nan,nan
40.4,219.48001098632812,-195.31935119628906,-6.061260223388672,219.75242306052107,-195.7562364265914,-6.060609081848421,0.5148567437722317,0.5442517855919662,0.11956968958877864,3.64096482974538e-05,21.902311657364166,35.01456959114527,32.463999460472074,nan,nan
40.410000000000004,219.47732543945312,-195.3106689453125,-6.063571453094482,219.74989099551414,-195.74773622476695,-6.06301297047263,0.5150923228154386,0.5443037275150038,0.11958570071949197,3.714290831864914e-05,21.832334354095185,35.351387411995056,nan,nan,nan
40.42,219.4745635986328,-195.30197143554688,-6.06584358215332,219.7472901109039,-195.73923651477318,-6.065382217026069,0.5153452365784665,0.544355755112132,0.11960177733551743,3.789076172648408e-05,21.76471134066998,34.846669205856315,nan,nan,nan
40.43,219.47177124023438,-195.2932891845703,-6.0680742263793945,219.74463553821454,-195.73073736305514,-6.067712168531748,0.51557343323506,0.544407868527851,0.1196179195813552,3.8653353021158615e-05,21.697219975109967,35.180196050297,nan,nan,nan
40.44,219.468994140625,-195.28460693359375,-6.070262432098389,219.7419667987843,-195.72223632565962,-6.067706405893223,0.5157907426199652,0.5444600679062938,0.11963412759968207,3.777579255849743e-05,21.803650399330607,35.0836874595402,nan,3.1816027799787654,nan
40.45,219.4662322998047,-195.2759246826172,-6.0724077224731445,219.7281836717083,-195.7140262205509,-6.069813900130689,0.5104490245817012,0.5443937189801178,0.11962572338526671,3.85096949348243e-05,22.532239624723065,35.57366504757044,3.4656499478829668,nan,nan
40.46,219.46353149414062,-195.26722717285156,-6.0745110511779785,219.72555420181908,-195.70554277061805,-6.071433990331781,0.5106720384826208,0.5444456976004499,0.11964195281775991,3.764003033507888e-05,22.55036771180464,34.45159709594807,nan,0.19151345405493994,nan
40.47,219.4608612060547,-195.258544921875,-6.076572418212891,219.72296987687696,-195.6970603589641,-6.073568558433755,0.5108872351696045,0.5444977619653356,0.11965824807150606,3.839542244657542e-05,22.472231951955017,35.5157098254479,nan,nan,nan
40.480000000000004,219.458251953125,-195.24986267089844,-6.078592777252197,219.72043444232946,-195.6885786767917,-6.075937567431018,0.511095335149506,0.5445499122184873,0.11967460928803557,3.753229778937193e-05,22.364428247621973,35.124224876218946,nan,0.04616078409774057,nan
40.49,219.4556884765625,-195.24118041992188,-6.080572605133057,219.71794948708984,-195.6800972102128,-6.077995420503291,0.5113075672457149,0.5446021485052148,0.11969103661461022,3.828482211013148e-05,22.28934232140441,35.218251089978956,nan,nan,nan
40.5,219.4531707763672,-195.2324981689453,-6.082513332366943,219.75620801138396,-195.68755188685572,-6.079729639270005,0.5467295500866489,0.5445356760639961,0.11968267517017984,3.740415573304516e-05,21.97635668065981,35.945311901718824,14.648932721707354,0.09703077679155031,nan
40.51,219.45071411132812,-195.22381591796875,-6.084415435791016,219.75389123805707,-195.67909010526634,-6.081708769372841,0.5469902026857485,0.5445876912113644,0.11969912316581073,3.815301115755947e-05,21.90112697181658,35.51925097908577,nan,nan,nan
40.52,219.44830322265625,-195.21511840820312,-6.086279392242432,219.75162355758422,-195.67062883105123,-6.084062754130924,0.54726399880551,0.5446397921718044,0.11971563731092469,3.7303544499727524e-05,21.782763367289245,34.897145836693404,nan,0.10541017423671825,nan
40.53,219.44593811035156,-195.20643615722656,-6.088106632232666,219.7494043806255,-195.66216728981954,-6.0859718544784736,0.5475282638225205,0.544691979090695,0.11973221775206735,3.804984464663459e-05,21.710667403333687,35.5073950089858,nan,nan,nan
40.54,219.44361877441406,-195.19775390625,-6.089897155761719,219.747233539249,-195.65370450704611,-6.086251441389732,0.547801211230315,0.5447442521116389,0.11974886463184575,3.7206368837890944e-05,21.888000715245468,35.77036464630318,nan,1.582976869118545,nan
40.550000000000004,219.44134521484375,-195.18907165527344,-6.091651916503906,219.73321092635922,-195.63981433308436,-6.087931620519232,0.5369994373933793,0.5446776566630492,0.11974054129853608,3.792578983627519e-05,21.879648255519893,35.482615681084006,2.164498651585875,nan,nan
40.56,219.43911743164062,-195.18038940429688,-6.093371868133545,219.73111230749174,-195.63134269831232,-6.088525865210012,0.5372553998342201,0.544729708165198,0.11975720808214925,3.708921120891016e-05,22.08796844666311,35.703504842995095,nan,0.8896193351076856,nan
40.57,219.4369354248047,-195.1717071533203,-6.095057487487793,219.72905792939966,-195.62287199963546,-6.090265467679392,0.5375018508761225,0.544781845549931,0.1197739413443464,3.782988355402443e-05,22.002115187747325,35.58764734200888,nan,nan,nan
40.58,219.43479919433594,-195.16302490234375,-6.096709251403809,219.72704758367055,-195.61440133691673,-6.091803630051493,0.5377488929578045,0.5448340689607923,0.11979074122827818,3.69989350900257e-05,21.98608960944469,35.55556215396192,nan,0.017885265662257625,nan
40.59,219.4326934814453,-195.1543426513672,-6.098328590393066,219.72508027492805,-195.6059308533006,-6.093476368678795,0.5380013802808851,0.544886378543255,0.11980760787967396,3.773747012847982e-05,21.899508642689096,35.84354337735439,nan,nan,nan
40.6,219.43064880371094,-195.14566040039062,-6.099915027618408,219.74425217924224,-195.60161863995108,-6.09418192441856,0.5534237633495687,0.5448196605939939,0.11979931796891287,3.688891532061254e-05,21.45327225429945,35.7010024973797,5.127619650768176,0.6787022035555415,nan
40.61,219.4286346435547,-195.13697814941406,-6.101469993591309,219.74240231476344,-195.59314076816227,-6.095783551762601,0.5536847675886146,0.5448717482800943,0.11981620373856405,3.762451358856283e-05,21.36201804916404,35.96279121888736,nan,nan,nan
40.62,219.42665100097656,-195.1282958984375,-6.102994441986084,219.7405910651551,-195.5846644618474,-6.100539582219593,0.5539283851742157,0.5449239219156684,0.11983315630950848,3.680534131957498e-05,20.606215726643224,35.52373599755593,nan,6.463139336762255,nan
40.63,219.4247283935547,-195.11961364746094,-6.104487895965576,219.7388213757291,-195.57618650853297,-6.1021126166104045,0.5541830210956714,0.5449761816462368,0.1198501758270759,3.753906343929964e-05,20.534071688978244,34.82045654636698,nan,nan,nan
40.64,219.42283630371094,-195.11093139648438,-6.10595178604126,219.73709086290117,-195.56770829812803,-6.103261797354654,0.554444137750733,0.5450285276152665,0.1198672624350187,3.6724988496098095e-05,20.521754737351735,35.070968173236565,nan,0.09976920526329844,nan
40.65,219.4209747314453,-195.10223388671875,-6.107386589050293,219.7304416426559,-195.5555596167764,-6.104801556109227,0.54889039804121,0.5449616876747386,0.1198590012381971,3.7433260778124564e-05,20.311005216119035,34.46335824131972,0.5856504479425234,nan,nan
40.660000000000004,219.4191436767578,-195.0935516357422,-6.108792781829834,219.72877752859858,-195.54707170758337,-6.106718835139125,0.5491428584835286,0.5450138113716713,0.11987610615932752,3.6625131415489773e-05,20.19020164426581,35.239617209709685,nan,0.12065522758873642,nan
40.67,219.41737365722656,-195.08486938476562,-6.110170841217041,219.7271502797504,-195.53858348475924,-6.10818016444201,0.5493832935112896,0.5450660210862566,0.1198932782028195,3.735453389071595e-05,20.120664859577538,34.41689540853599,nan,nan,nan
40.68,219.41561889648438,-195.07618713378906,-6.111521244049072,219.72555871421466,-195.5300954433273,-6.110129248130647,0.5496338615252663,0.5451183169619249,0.11991051751270737,3.6551159193261386e-05,20.00837339269109,34.95740334747915,nan,0.17115408498197618,nan
40.69,219.41390991210938,-195.0675048828125,-6.112844944000244,219.7240027674777,-195.5216073555645,-6.111542475060324,0.5498802880039512,0.5451706991442565,0.11992782423389699,3.7279030808459116e-05,19.942424702396227,34.538132690023815,nan,nan,nan
40.7,219.4122314453125,-195.05882263183594,-6.114142417907715,219.78057212700816,-195.5246507393547,-6.1129250468893455,0.5938620761917198,0.5351882839084944,0.11984654460365451,3.645780648309703e-05,24.841320708092333,40.27247967687715,5.330907265986658,8.043394885888041e-07,0.10891100040641713
40.71,219.41058349609375,-195.05014038085938,-6.115413665771484,219.779136663633,-195.51615067416088,-6.114287684966973,0.5941365992757494,0.5352342349387955,0.11986486032573108,3.718334403277256e-05,24.756097228748594,40.34617410186068,nan,nan,nan
40.72,219.40896606445312,-195.0414581298828,-6.116659641265869,219.77773238394047,-195.50765012643242,-6.11531277095961,0.5944118017795241,0.535280270052165,0.1198832367100768,3.638996747291751e-05,24.693104772975598,40.40688330986321,nan,0.06393628521542397,nan
40.730000000000004,219.40737915039062,-195.0327606201172,-6.117880821228027,219.77636248888726,-195.49914972427737,-6.116623906948867,0.5947008326889807,0.5353263895077996,0.11990167390334681,3.711418874288031e-05,24.60958755856334,39.75114125808994,nan,nan,nan
40.74,219.4058380126953,-195.02407836914062,-6.119077682495117,219.7750174063974,-195.4906483634998,-6.116720346259567,0.5949676809749284,0.5353725933386778,0.11992017204805364,3.632506661632607e-05,24.642439537845547,40.00289676052488,nan,0.9286148857547754,nan
40.75,219.40431213378906,-195.01539611816406,-6.120250701904297,219.80789611474913,-195.4922899501199,-6.117994733434173,0.6247502269217928,0.5353161113116851,0.1199121564473526,3.702494961413952e-05,23.699980575389798,41.22804594605942,15.017023036232002,nan,nan
40.76,219.40283203125,-195.0067138671875,-6.121400356292725,219.80668501275136,-195.48379142961673,-6.1193162111399655,0.625063656679838,0.5353621269198497,0.11993065824300363,3.624089195584026e-05,23.604135992445936,40.60225768909921,nan,0.005420412567742793,nan
40.77,219.4013671875,-194.99803161621094,-6.1225266456604,219.8055032981405,-195.47529263806064,-6.120525609734214,0.625386347025128,0.5354082268060204,0.11994922108389765,3.696186379344592e-05,23.513449613980537,41.09259475539873,nan,nan,nan
40.78,219.39993286132812,-194.9893341064453,-6.123631000518799,219.80434674945363,-195.4667931666874,-6.12098461762926,0.6257193863533813,0.5354544110154871,0.11996784511312997,3.6181744191824556e-05,23.522194650127588,40.38927468468742,nan,0.35036915071322583,nan
40.79,219.39854431152344,-194.98065185546875,-6.124712944030762,219.80322318913844,-195.45829421075564,-6.122144005662893,0.6260302013450145,0.5355006797890627,0.11998653047647309,3.6901679724122716e-05,23.4299714745678,40.396146233110834,nan,nan,nan
40.800000000000004,219.3970489501953,-194.9719696044922,-6.125882148742676,219.80844684570138,-195.454344547864,-6.12279447392867,0.6339900221261662,0.5354440935930648,0.11997850221735129,3.6103373755786116e-05,23.735965149032744,41.58718815922467,1.045922414310599,0.24883015664389554,nan
40.81,219.39549255371094,-194.96328735351562,-6.127136707305908,219.80722264297017,-195.4458571898554,-6.124069712152336,0.6343537812653735,0.5354901738159674,0.11999719072634588,3.6821462993419894e-05,23.64641230441053,40.78545985423291,nan,nan,nan
40.82,219.3938446044922,-194.95458984375,-6.128475666046143,219.80591569133838,-195.43736975509128,-6.125218948676553,0.6347358739013637,0.5355363383088597,0.12001594065692427,3.6049704728839155e-05,23.606127142185716,40.54314914040255,nan,0.029924298713337877,nan
40.83,219.39210510253906,-194.94590759277344,-6.129898548126221,219.8045292928195,-195.4288822883926,-6.126663445802452,0.6351131672575674,0.5355825873015916,0.1200347521544355,3.6766930881146424e-05,23.514517146042373,41.599553001339956,nan,nan,nan
40.84,219.3903045654297,-194.93722534179688,-6.131404399871826,219.80307031532934,-195.42039526765694,-6.129619434601408,0.6354777160899185,0.5356289208558345,0.12005362536261874,3.599865277897074e-05,23.237857501077645,40.69170472766566,nan,1.3578560791983436,nan
40.85,219.38841247558594,-194.9285430908203,-6.132992267608643,219.81578999155147,-195.4166782527484,-6.13101917136337,0.6487922399136868,0.535572230553884,0.1200455811651705,3.669238966303618e-05,22.94736184174665,41.46184565147688,4.543820213730898,nan,nan
40.86,219.38645935058594,-194.9198455810547,-6.134660720825195,219.81419752134434,-195.40819404380863,-6.133586120750043,0.6491881996487687,0.5356183752323977,0.12006445699288962,3.592837842276534e-05,22.795817110373815,40.09210468127843,nan,0.49817345016356385,nan
40.87,219.38441467285156,-194.91116333007812,-6.136409282684326,219.81252369054252,-195.39970948829733,-6.135380346805585,0.6495812023512582,0.5356646043461607,0.12008339461682606,3.664321469040493e-05,22.71180704842163,41.272344694551,nan,nan,nan
40.88,219.38230895996094,-194.90248107910156,-6.138236999511719,219.8107720673034,-195.3912248282241,-6.136939427004647,0.6499636684879481,0.5357109179665739,0.12010239418101361,3.58823981618987e-05,22.650372290842192,40.688923859585024,nan,0.06691354766118877,nan
40.89,219.38011169433594,-194.89378356933594,-6.140142917633057,219.80894669159716,-195.38274030237173,-6.138890887895559,0.6503689024204098,0.5357573163089497,0.12012145583035425,3.659659381899337e-05,22.56824527355375,40.630043485709216,nan,nan,nan
40.9,219.3778533935547,-194.88510131835938,-6.142125606536865,219.8114065059871,-195.37478067934242,-6.14098529427011,0.6540301814019422,0.5357005217845615,0.12011339237308459,3.5817190877935155e-05,22.30308343997424,40.97159667740374,1.1235511398059583,0.0026282785509849516,nan
40.910000000000004,219.37550354003906,-194.8764190673828,-6.1441850662231445,219.80944222264807,-195.36629348111626,-6.143095052860925,0.6544317455810507,0.5357467309185997,0.12013245609495159,3.6529927292205236e-05,22.21896962446566,41.59585257707015,nan,nan,nan
40.92,219.37310791015625,-194.86773681640625,-6.14631986618042,219.8074055692233,-195.35780651585824,-6.145355791170505,0.654815772895489,0.5357930245031581,0.12015158198302281,3.5775999001886656e-05,22.13421286318403,40.521746545885826,nan,0.0037171923107754165,nan
40.93,219.37062072753906,-194.85903930664062,-6.148529529571533,219.8052967750387,-195.34931990709083,-6.147619093909711,0.6552245129272973,0.5358394027449507,0.12017077018201056,3.6488232016631677e-05,22.05396206968908,40.548888190927016,nan,nan,nan
40.94,219.36807250976562,-194.85035705566406,-6.15081262588501,219.80312043906986,-195.34083378199895,-6.150739455590412,0.6556173618979163,0.5358858657282347,0.12019002083623824,3.573708802927476e-05,21.95306119296387,40.79265834516263,nan,0.41373470955523756,nan
40.95,219.36544799804688,-194.8416748046875,-6.153164386749268,219.79624390165446,-195.32919790130777,-6.153122148814336,0.6505873362488191,0.5358289670000637,0.12018193476109597,3.6426466420751665e-05,21.761717532355966,40.81343882397453,0.42987690621874375,nan,nan
40.96,219.36276245117188,-194.83299255371094,-6.155527114868164,219.7939079826331,-195.32070420682908,-6.15339929491626,0.6509636345480135,0.5358752404441914,0.12020118692047438,3.5678881173931165e-05,21.81090761849144,40.51670080356739,nan,3.2303058659660002,nan
40.97,219.36000061035156,-194.82431030273438,-6.157871246337891,219.79151271424348,-195.3122113797458,-6.155833265323876,0.6513480714032674,0.535921598480424,0.12022050161298657,3.638940083926838e-05,21.72027641953321,40.74687855236499,nan,nan,nan
40.980000000000004,219.357177734375,-194.8156280517578,-6.160183429718018,219.78905437142993,-195.30371910782117,-6.159375415167651,0.6517292087442658,0.5359680412005879,0.12023987898306336,3.564434754255411e-05,21.547335815862954,40.3190769654719,nan,0.8723777866496555,nan
40.99,219.35427856445312,-194.8069305419922,-6.16245698928833,219.78652443058417,-195.29522723856016,-6.16176192719147,0.652127775652813,0.536014568800081,0.12025931917525359,3.635453661018691e-05,21.467113765840917,39.91035158884612,nan,nan,nan
41.0,219.351318359375,-194.79824829101562,-6.164688587188721,219.7997436455642,-195.28484284957779,-6.166225104043646,0.6617113136407903,0.5359575657540673,0.12025120708854074,3.559047610763318e-05,20.174796481483213,40.79928843325064,12.347081083946017,2.8130452211063597,nan
41.01,219.34829711914062,-194.78956604003906,-6.166877746582031,219.7971179514585,-195.27632626797853,-6.168553110455019,0.6621015525357814,0.5360039034772297,0.12027064819828633,3.629950662058451e-05,20.108754472100316,40.503378055773176,nan,nan,nan
41.02,219.34524536132812,-194.7808837890625,-6.1690239906311035,219.79445788382202,-195.2678104408187,-6.173118619546806,0.6624999777673818,0.5360503258255739,0.12029015220432276,3.5560040811504185e-05,20.427045748591436,41.16102936382988,nan,3.5511769288818056,nan
41.03,219.34222412109375,-194.772216796875,-6.171127796173096,219.79178810644476,-195.25929508081623,-6.17538601312126,0.662850785639868,0.5360968329878675,0.12030971925115624,3.626884715821047e-05,20.379826647351724,41.356887534489445,nan,nan,nan
41.04,219.3392333984375,-194.76353454589844,-6.173190116882324,219.78914728072,-195.25078019482117,-6.177466343872725,0.6632112106877515,0.536143425065857,0.12032934948328378,3.5531552404331095e-05,20.321363015596923,40.868193609070254,nan,0.014617545195476946,nan
41.050000000000004,219.3363037109375,-194.75485229492188,-6.175211429595947,219.794430494015,-195.24692567370892,-6.179770240211893,0.6723370748650226,0.536086317683482,0.12032120795862034,3.621796617901714e-05,20.501107764678384,40.687583674848455,1.4256557161326893,nan,nan
41.06,219.3334197998047,-194.7461700439453,-6.177192687988281,219.79189795198766,-195.23842173954944,-6.1819173953749855,0.6727081616229603,0.536132719568022,0.12034083850086437,3.694001866454282e-05,20.459901458396253,40.892789870643476,nan,nan,nan
41.07,219.33059692382812,-194.73748779296875,-6.179134368896484,219.78941952915986,-195.22991815451002,-6.184025566006676,0.6730748605766171,0.5361792061815045,0.12036053229904105,3.767652598047432e-05,20.419605347067296,40.554174518350635,nan,nan,nan
41.08,219.32781982421875,-194.7288055419922,-6.181036949157715,219.7869948139181,-195.22141495576338,-6.185733111443639,0.6734446967952328,0.5362257776491273,0.12038028949764289,3.685406115705952e-05,20.31175393883003,40.803907002363495,nan,0.0835062037353677,nan
41.09,219.32510375976562,-194.72012329101562,-6.1829023361206055,219.78462631179843,-195.2129119755004,-6.18776223853355,0.6738139817742236,0.5362724341539821,0.12040011024118498,3.758870025785134e-05,20.271038354865503,40.43034548969147,nan,nan,nan
41.1,219.3224334716797,-194.71145629882812,-6.184730052947998,219.80388240342634,-195.21324506083246,-6.18985424189599,0.6954216655139647,0.5362152223191664,0.1203919358215908,3.674871239859189e-05,20.19620514861777,42.2000221995211,5.979504871310782,0.053972598604534135,nan
41.11,219.31982421875,-194.70277404785156,-6.186521530151367,219.8016596868431,-195.2047543627105,-6.191810377825656,0.6958287337614729,0.5362616882697665,0.12041175624824482,3.7480679687050044e-05,20.157808926599877,41.06025197623836,nan,nan,nan
41.12,219.3172607421875,-194.694091796875,-6.188276767730713,219.79948448411727,-195.19626391637124,-6.192231568502203,0.6962271291247105,0.5363082390135888,0.12043164028688298,3.6669663260506803e-05,19.767662343198438,40.92490470380641,nan,1.4443022673991461,nan
41.13,219.31475830078125,-194.68540954589844,-6.189997673034668,219.7973656191058,-195.18777314680952,-6.194103412685548,0.6966318025462468,0.5363548747281758,0.12045158808206222,3.740000461892321e-05,19.722294399504815,40.404167388977115,nan,nan,nan
41.14,219.31228637695312,-194.67674255371094,-6.191683769226074,219.79528904910268,-195.1792825959707,-6.193350926752143,0.6970228509828594,0.5364015955262388,0.12047159977821068,3.659391280456665e-05,19.27486524958687,41.502285388340574,nan,4.327144589837013,nan
41.15,219.30987548828125,-194.66806030273438,-6.193336486816406,219.79324192922783,-195.16973097024484,-6.194954727152232,0.6966485437977663,0.5363442791922719,0.12046338897851293,3.729924622252469e-05,19.098776711766384,40.0819674287891,1.4398045727307238,nan,nan
41.160000000000004,219.30752563476562,-194.6593780517578,-6.194956302642822,219.79127169364403,-195.1612361347784,-6.196529991248615,0.6970468144029585,0.5363908090947173,0.12048339971149606,3.649889695236795e-05,19.027773729329134,39.43621128094644,nan,0.018408617724983135,nan
41.17,219.30520629882812,-194.6507110595703,-6.1965436935424805,219.7893494630238,-195.1527411095702,-6.19824043577293,0.6974465237381888,0.5364374239009776,0.12050347440908094,3.722539520087687e-05,18.965754442522968,40.801046967360115,nan,nan,nan
41.18,219.3029327392578,-194.64202880859375,-6.198099613189697,219.78747042196488,-195.14424618296724,-6.198764133420658,0.697853493702564,0.5364841237285061,0.12052361321563008,3.642960759141479e-05,18.831238669072516,39.954756242646916,nan,0.869386680118501,nan
41.19,219.30072021484375,-194.6333465576172,-6.199624538421631,219.78564033426738,-195.13575094366243,-6.200402075072731,0.6982537460712778,0.5365309087477474,0.1205438162758005,3.71547973439724e-05,18.76723732326948,39.211565558899146,nan,nan,nan
41.2,219.2985382080078,-194.62466430664062,-6.2011189460754395,219.79590622576282,-195.12789666625372,-6.200884854172815,0.7075435022995595,0.5364734877948312,0.12053556558470617,3.634111882847549e-05,18.09440008424652,40.176789739929326,3.733483496259819,0.8957421051562026,nan
41.21,219.29640197753906,-194.61599731445312,-6.202583312988281,219.79418985376353,-195.11939117543304,-6.20245338436075,0.7079535054435242,0.53652008157238,0.12055576701652017,3.706419070124819e-05,18.022712535531756,40.73485745303879,nan,nan,nan
41.22,219.2943115234375,-194.60731506347656,-6.204019069671631,219.79251198674586,-195.1108861776216,-6.202308383933168,0.7083717209824574,0.5365667603078987,0.12057603276174723,3.6277975095801777e-05,18.03467517377547,39.840513422770904,nan,1.8633441490122713,nan
41.230000000000004,219.29225158691406,-194.5986328125,-6.20542573928833,219.79088071397564,-195.10238071594287,-6.203803868111569,0.7087986928905783,0.5366135241678042,0.120596362965125,3.699993469492138e-05,17.956424832643496,40.27911638901702,nan,nan,nan
41.24,219.2902374267578,-194.58995056152344,-6.206804275512695,219.78929040331852,-195.09387529587914,-6.205094781747683,0.7092227673153912,0.5366603732755852,0.12061675777089324,3.62177600169411e-05,17.89783915492468,40.03774983232502,nan,0.02071916716502845,nan
41.25,219.28826904296875,-194.58128356933594,-6.208155632019043,219.78177006844123,-195.08106596516635,-6.206514505422522,0.7023734039817289,0.536602847630481,0.12060846365370861,3.691570692468626e-05,17.654350963129442,40.24257645725218,0.6780815367094497,nan,nan
41.26,219.28634643554688,-194.57260131835938,-6.209479808807373,219.7802518909978,-195.07254946851535,-6.207927929389519,0.702775326899203,0.5366495051594727,0.12062885614742715,3.765015941480043e-05,17.578182503396267,39.16259152965474,nan,nan,nan
41.27,219.28445434570312,-194.5639190673828,-6.210777759552002,219.77877246345483,-195.06403284609408,-6.209315647357141,0.7031829996284887,0.5366962477357781,0.12064931330013688,3.8399182434665725e-05,17.50247083791847,39.42204370345451,nan,nan,nan
41.28,219.2825927734375,-194.55523681640625,-6.212049961090088,219.77732970323538,-195.05551626958965,-6.210115346186009,0.703596406839985,0.5367430754947634,0.12066983525613646,3.75298339268456e-05,17.47891093348514,39.710825688983405,nan,0.19398216562267023,nan
41.29,219.28077697753906,-194.54656982421875,-6.213296413421631,219.77592559993735,-195.04699937995952,-6.211447789328567,0.7039924118432399,0.5367899885991892,0.12069042216032715,3.8276116448150484e-05,17.399657268619205,40.01111796396547,nan,nan,nan
41.300000000000004,219.27899169921875,-194.5378875732422,-6.214518070220947,219.80998917596517,-195.0404265193722,-6.213028281981762,0.7310991260817724,0.536732358137884,0.12068208106036996,3.7390751434674005e-05,15.643144927269734,40.90718753457946,29.884918785170008,0.03823755317390055,nan
41.31,219.27725219726562,-194.52920532226562,-6.215715408325195,219.808730855308,-195.03188064459314,-6.214316155564555,0.7315422076270696,0.5367790793040927,0.1207026649502225,3.8133518044617975e-05,15.568697791449358,40.3356018919723,nan,nan,nan
41.32,219.27554321289062,-194.52052307128906,-6.216888904571533,219.8075087878101,-195.0233343758937,-6.216095870803959,0.7319885312217571,0.5368258855876283,0.12072331384075842,3.727998061579522e-05,15.467804548416018,40.439979651849676,nan,0.1645912424013652,nan
41.33,219.27386474609375,-194.5118408203125,-6.218039035797119,219.80632025540226,-195.0147879861679,-6.217343088174815,0.7324378508638497,0.5368727771481139,0.12074402787696825,3.8020344495194346e-05,15.397280244544898,40.55634734530789,nan,nan,nan
41.34,219.272216796875,-194.50315856933594,-6.219166278839111,219.80516294897532,-195.00624179068086,-6.217287408389019,0.7328900727882,0.5369197541156236,0.12076480720283807,3.7173747139679665e-05,15.413178853663114,40.700630548096996,nan,1.0241427664544311,nan
41.35,219.27059936523438,-194.49447631835938,-6.220271110534668,219.8153001171156,-195.0096080594921,-6.218591360516242,0.7497082375047985,0.5368620187447627,0.12075641554494256,3.78877709129714e-05,16.165740091997076,41.2878419545061,6.731989621823383,nan,nan
41.36,219.26902770996094,-194.48580932617188,-6.221353530883789,219.81422787473522,-195.00109475982538,-6.2216445697113025,0.7501749012790193,0.5369088034231745,0.12077719113632164,3.704891312224178e-05,16.026681890375713,41.24265459715059,nan,2.226330313430016,nan
41.37,219.26736450195312,-194.4771270751953,-6.222523212432861,219.8131273329716,-194.99258192958706,-6.222867733692594,0.7507002686373612,0.5369556733094664,0.12079803206734718,3.7783993805099636e-05,15.959151696320019,40.929260655396845,nan,nan,nan
41.38,219.265625,-194.46844482421875,-6.223778247833252,219.81194879911888,-194.98406824456546,-6.225555403644684,0.7512259070189929,0.5370026285363071,0.12081893848191981,3.6951552420827506e-05,15.973584200011931,40.7898598674018,nan,1.1990484875379344,nan
41.39,219.26380920410156,-194.4597625732422,-6.2251176834106445,219.8106880934906,-194.97555504425867,-6.226965666388027,0.7517458399337887,0.5370496692594318,0.12083991052516203,3.768467411077537e-05,15.91128359566559,40.63300072424809,nan,nan,nan
41.4,219.2619171142578,-194.45108032226562,-6.226541519165039,219.80957271183425,-194.96145801642848,-6.227416620604653,0.7486072468646874,0.5369918288498493,0.12083146471610202,3.683566729528528e-05,15.154043141156466,40.41168015793837,3.2379648522195033,0.6163915890831387,nan
41.410000000000004,219.2599334716797,-194.44239807128906,-6.228047847747803,219.8081609533813,-194.95292296310572,-6.228985850013167,0.7491261020052339,0.5370386769295893,0.12085243228707775,3.7566045566837574e-05,15.08918719451929,41.058017192393784,nan,nan,nan
41.42,219.2578887939453,-194.4337158203125,-6.229635715484619,219.80667538223128,-194.94438695780576,-6.232446015731714,0.7496396653984421,0.537085610282421,0.12087346553199352,3.6746715708681736e-05,15.214297778126252,40.46134614213108,nan,2.0885935028839553,nan
41.43,219.25575256347656,-194.42503356933594,-6.23130464553833,219.80511084450848,-194.93585179672704,-6.234198908163537,0.7501587559506767,0.5371326290619526,0.1208945645960507,3.747540628907009e-05,15.156009904974722,41.16426769951765,nan,nan,nan
41.44,219.25355529785156,-194.41635131835938,-6.233053684234619,219.8034748588297,-194.92731537751388,-6.238366742500297,0.7506823708348096,0.5371797334040451,0.12091572962302785,3.666175432099419e-05,15.636566982900899,40.96074266313077,nan,3.497364498728484,nan
41.45,219.25128173828125,-194.4076690673828,-6.23488187789917,219.8150244240735,-194.9240573654218,-6.2403655113587595,0.76452126221039,0.5371217878447148,0.12090722605590243,3.736549724626901e-05,15.566884428250445,41.698363656052074,1.8435878542423914,nan,nan
41.46,219.24893188476562,-194.39898681640625,-6.236787796020508,219.81326117508561,-194.91552882648017,-6.243037227004766,0.7650635604130517,0.5371686991881713,0.12092838585546802,3.6558291128154066e-05,15.764980527269927,42.03109812094547,nan,0.27560202123058275,nan
41.47,219.2465057373047,-194.3903045654297,-6.238771438598633,219.81142427683378,-194.90700066479687,-6.245140743490819,0.7656032807203399,0.5372156958881108,0.12094961166115908,3.728305642061111e-05,15.719456946339474,42.118079083486,nan,nan,nan
41.480000000000004,219.2440185546875,-194.38162231445312,-6.24083137512207,219.80951545685048,-194.898472626028,-6.247245078644609,0.7661345355248248,0.5372627780821246,0.12097090361668406,3.648107083226227e-05,15.694441330501153,41.536765800593045,nan,0.003833308555875825,nan
41.49,219.241455078125,-194.37294006347656,-6.242966175079346,219.80753583366226,-194.8899447837192,-6.249502394528564,0.7666707407404268,0.537309945921226,0.12099226186735351,3.72045011761853e-05,15.650720001414658,41.761485110152044,nan,nan,nan
41.5,219.23883056640625,-194.3642578125,-6.245176315307617,219.79367273792812,-194.89079001484933,-6.2504660551268705,0.7649274323472093,0.5372518950780868,0.12098369692109585,3.638534977276732e-05,16.892067451967804,40.39851375648413,20.101225901444316,1.3451091712796273,nan
41.51,219.23611450195312,-194.35557556152344,-6.247459411621094,219.7915206806391,-194.8823095003186,-6.252861525135555,0.7654762232960964,0.5372988695604446,0.12100504917223556,3.710664945098616e-05,16.844961689372802,41.42818512486277,nan,nan,nan
41.52,219.2333526611328,-194.34689331054688,-6.24981164932251,219.78930062654064,-194.87382926577638,-6.2556465416912514,0.7660115450328961,0.5373459294674653,0.121026467756656,3.6315422843100724e-05,16.93295387923233,40.40255595368902,nan,0.06590625760488351,nan
41.53,219.2305145263672,-194.33822631835938,-6.2521748542785645,219.7870126198649,-194.86534963370735,-6.258158331517308,0.7665408793077478,0.5373930749487709,0.12104795281972786,3.703560256266346e-05,16.897191656578002,41.436991008477314,nan,nan,nan
41.54,219.2276153564453,-194.3295440673828,-6.254519462585449,219.7846589539874,-194.85686967881873,-6.261766765615095,0.767086952985176,0.5374403061440428,0.12106950450506539,3.624895241615257e-05,17.316864386468133,40.84900572926685,nan,0.7942546876463995,nan
41.550000000000004,219.22463989257812,-194.32086181640625,-6.256831645965576,219.78878003272314,-194.85685140326413,-6.264221947930048,0.7781989151277733,0.5373821498922414,0.12106087454956188,3.694523280810451e-05,17.957331282992484,41.66808835420696,3.3140524641245217,nan,nan
41.56,219.2216033935547,-194.3121795654297,-6.259105682373047,219.78630042122572,-194.84839802419745,-6.266912884838568,0.7787643552411151,0.5374291873714385,0.12108241944655364,3.6163909815311244e-05,18.10230269848224,41.51702623373146,nan,0.03503506152661876,nan
41.57,219.218505859375,-194.3035125732422,-6.261337757110596,219.7837559907172,-194.83994526869182,-6.269336635258742,0.7793149105344761,0.537476310353446,0.12110403100224205,3.688123544354986e-05,18.088222188873985,41.96368553597733,nan,nan,nan
41.58,219.21534729003906,-194.29483032226562,-6.263526916503906,219.78114874744247,-194.83149245713946,-6.272848707738731,0.7798874482891694,0.537523518979051,0.12112570936019204,3.6104093145520985e-05,18.69900067196788,41.68689764639734,nan,0.8454524911225388,nan
41.59,219.21212768554688,-194.28614807128906,-6.265673637390137,219.77847698893532,-194.8230409435746,-6.275200553817139,0.7804461877004717,0.5375708133962165,0.12114745466585232,3.682057465345161e-05,18.696378885784526,41.47838322413641,nan,nan,nan
41.6,219.20884704589844,-194.27748107910156,-6.267777919769287,219.7618340208717,-194.8092269982751,-6.277958689598248,0.7672365770230924,0.5375125515965887,0.12113875606068321,3.602565384815382e-05,19.18279092884093,41.86550078099896,1.9691432242583922,0.10392954409028823,nan
41.61,219.20555114746094,-194.268798828125,-6.269840717315674,219.75904438948504,-194.8007695856076,-6.2802330820065,0.7677601559255618,0.5375596519359219,0.1211604937728643,3.6740483247073295e-05,19.185903307004885,41.80785200477219,nan,nan,nan
41.62,219.20230102539062,-194.26011657714844,-6.271862030029297,219.75627128879182,-194.7923123656624,-6.2827679384103075,0.7682671077707397,0.5376068378476038,0.12118229846386414,3.5972067323039335e-05,19.495125580470038,41.43653811978664,nan,0.060453156533327106,nan
41.63,219.1990966796875,-194.25144958496094,-6.273843288421631,219.75353831110579,-194.78385586729902,-6.284965062654228,0.7687559209429958,0.5376541094787339,0.12120417027916978,3.668622025389637e-05,19.501559006801518,42.112174672433014,nan,nan,nan
41.64,219.19595336914062,-194.24276733398438,-6.275785446166992,219.75085683973512,-194.77540024586426,-6.286496712670512,0.7692401521797815,0.5377014669713976,0.12122610936228477,3.592142862680763e-05,19.267476609789743,40.88047310161092,nan,0.26294665311915844,nan
41.65,219.19285583496094,-194.23410034179688,-6.277688503265381,219.77138674284367,-194.7888914729117,-6.2885818700012015,0.8016295129161177,0.5376430994884601,0.12121733846239391,3.661245664062865e-05,20.630060790601377,43.392264199087265,17.416904952653535,nan,nan
41.660000000000004,219.1898193359375,-194.22543334960938,-6.2795538902282715,219.76885069201333,-194.78049625937425,-6.289116561000801,0.8021618226941273,0.5376902625401595,0.12123926913087832,3.585203320753625e-05,19.882048970072116,42.48762804058682,nan,1.5974667719435094,nan
41.67,219.18685913085938,-194.2167510986328,-6.281381607055664,219.76637529116272,-194.77210040484016,-6.291141036979234,0.8027123260733846,0.5377375112384962,0.1212612670968315,3.65641627085226e-05,19.88172815771547,41.04054262787416,nan,nan,nan
41.68,219.18394470214844,-194.2080841064453,-6.283173561096191,219.76395910182816,-194.76370464160985,-6.29356314888106,0.8032675933128995,0.537784845726217,0.12128333250372954,3.5807024666405757e-05,20.23454853969454,42.50019264063542,nan,0.12658526475916632,nan
41.69,219.18109130859375,-194.19940185546875,-6.284929275512695,219.76160065316856,-194.75530944790827,-6.295521097579316,0.8038261859166268,0.5378322661494278,0.12130546549710439,3.6518689135300635e-05,20.23728317550797,41.68624667813563,nan,nan,nan
41.7,219.17828369140625,-194.19073486328125,-6.28665018081665,219.7287686822261,-194.72397404097293,-6.296626625553318,0.7664706616647641,0.536924127520407,0.12071269484664544,3.574315980139671e-05,24.97500420994569,45.89834075275729,13.864245969990568,0.32973108128110906,0.04728534876963885
41.71,219.175537109375,-194.18206787109375,-6.288336753845215,219.72646777043204,-194.7155354660946,-6.29850763095158,0.7669522246853717,0.5369697133553879,0.12073196518437092,3.645353863270415e-05,24.95055747650126,45.60613938060914,nan,nan,nan
41.72,219.1728515625,-194.1733856201172,-6.289989471435547,219.72422569293715,-194.70709407314357,-6.298985012448624,0.7674236537306202,0.5370153833164502,0.12075129617212428,3.57033888990313e-05,24.304584255472417,44.01760349777635,nan,1.2735294141083129,nan
41.730000000000004,219.17022705078125,-194.1647186279297,-6.291609764099121,219.72203425346862,-194.6986555562834,-6.300786975588571,0.7678958611740132,0.537061137568216,0.12077068796721806,3.641343098886619e-05,24.274713145527215,44.25280191003963,nan,nan,nan
41.74,219.16763305664062,-194.1560516357422,-6.2931976318359375,219.7198981779606,-194.69021542612685,-6.301715470063122,0.7683750859786826,0.5371069762351027,0.12079014070163265,3.566609106543852e-05,23.91833011129223,44.86040370890857,nan,0.48162241936310757,nan
41.75,219.1651153564453,-194.14736938476562,-6.294753551483154,219.69453763852476,-194.67629780459626,-6.303448756582971,0.7484175523452631,0.5370486912568649,0.12078169810543617,3.635356656155167e-05,24.722383084580656,42.33507138792225,8.990392103046288,nan,nan
41.76,219.16262817382812,-194.13870239257812,-6.296278476715088,219.69245705567786,-194.66786279129846,-6.304676506918127,0.7488657413230358,0.5370943418192734,0.12080114955710713,3.560978110766723e-05,24.547013914911147,43.6027396223072,nan,0.15261380144219508,nan
41.77,219.1602020263672,-194.13002014160156,-6.2977728843688965,219.6904251839455,-194.65942874348153,-6.306343001718207,0.7493220345673838,0.537140076614267,0.12082066205212426,3.6318430717481416e-05,24.51596918544418,42.43871515012618,nan,nan,nan
41.78,219.15782165527344,-194.12135314941406,-6.2992377281188965,219.68844290106276,-194.65099427924378,-6.3077140152515545,0.7497669506812499,0.5371858957665446,0.12084023572366959,3.557716833303947e-05,24.437939064200457,43.06280095056264,nan,0.04841563197201911,nan
41.79,219.15548706054688,-194.11268615722656,-6.300673484802246,219.68650795510675,-194.6425602042649,-6.309320056205507,0.750216275070717,0.5372317994403442,0.12085987072728983,3.6285639339777526e-05,24.40366669932395,43.09912878745012,nan,nan,nan
41.800000000000004,219.1531982421875,-194.10400390625,-6.3020806312561035,219.6449699630467,-194.6135145175996,-6.313856788244141,0.7082225401581567,0.5371734393944492,0.12085140276839393,3.552544182251398e-05,25.81664399479609,42.837084273616455,16.73448383736703,5.531328421749403,nan
41.81,219.1509552001953,-194.0953369140625,-6.303459644317627,219.6430638795644,-194.6050406327415,-6.315437813053636,0.7085988354999302,0.5372191546856276,0.1208710359778282,3.623290226335883e-05,25.79747429271982,43.43629656558178,nan,nan,nan
41.82,219.1487579345703,-194.086669921875,-6.304811000823975,219.64119947234596,-194.5965692597834,-6.318335844611787,0.7089985361943615,0.5372649542754779,0.12089073059736496,3.549715596014862e-05,26.915619470403826,44.50132492611114,nan,1.2388502095637552,nan
41.83,219.14659118652344,-194.07798767089844,-6.306135177612305,219.63938283686338,-194.58809518653192,-6.319877183540023,0.7093956095701732,0.5373108383278424,0.12091048678145214,3.6204533738462486e-05,26.904874540931775,44.35171934505362,nan,nan,nan
41.84,219.1444854736328,-194.06932067871094,-6.307433605194092,219.6376116145444,-194.57961959392583,-6.320650996574661,0.7097556432708035,0.5373568069679763,0.12093030466488748,3.547090899172812e-05,26.539473655449132,43.88562438215983,nan,0.37811658812134524,nan
41.85,219.1424102783203,-194.06063842773438,-6.308705806732178,219.63869167631634,-194.56837289626236,-6.322152795658494,0.7101199462340662,0.5372983716708485,0.1209218081512821,3.615611012208547e-05,25.976693157972477,43.74596569218001,2.351025286689881,nan,nan
41.86,219.14039611816406,-194.05197143554688,-6.309952259063721,219.63701995501057,-194.55987892819914,-6.320852580555988,0.7104393523905432,0.5373441516467964,0.12094162370927272,3.542535761048852e-05,24.25536165719441,41.900357423221074,nan,5.244563899286515,nan
41.87,219.13839721679688,-194.04330444335938,-6.311174392700195,219.63538203631336,-194.55138979396418,-6.32226013658811,0.7108217273315336,0.5373900160253924,0.12096150106074151,3.613181009813591e-05,24.22689809530924,42.839679501161406,nan,nan,nan
41.88,219.13645935058594,-194.0346221923828,-6.312372207641602,219.63378412258078,-194.54290042242363,-6.32358488993621,0.7111992774303022,0.537435964932385,0.12098144034148724,3.540293987818342e-05,24.305023973795393,41.36681513715481,nan,0.002418717084612458,nan
41.89,219.13455200195312,-194.0259552001953,-6.3135457038879395,219.63222513677104,-194.53441072384354,-6.3249451921005715,0.7115725662076848,0.5374819985309106,0.1210014417044852,3.610942438884198e-05,24.278002331226595,42.36662381494107,nan,nan,nan
41.9,219.13267517089844,-194.01727294921875,-6.314695835113525,219.599009051794,-194.51670441506448,-6.325391945545043,0.6833838484529087,0.5374234877460008,0.12099291338887082,3.536110915298103e-05,24.65077090619262,40.630010766894046,13.267694181749956,0.45247089277111735,nan
41.910000000000004,219.13084411621094,-194.00860595703125,-6.315823554992676,219.59746537882788,-194.50821216840487,-6.326698337886472,0.6837104870281819,0.5374693323948982,0.12101291187451291,3.606678314482823e-05,24.620871698624132,40.9509793516475,nan,nan,nan
41.92,219.12904357910156,-193.9999237060547,-6.316928386688232,219.5959547779152,-194.49972211273683,-6.329523621531463,0.6840783250771549,0.5375152615120341,0.12103297251574016,3.534220062904933e-05,25.759137129991853,41.65067015661089,nan,1.6428141767958055,nan
41.93,219.12716674804688,-193.9912567138672,-6.318119525909424,219.59442704343914,-194.49122933732417,-6.330856609640906,0.6844465217666812,0.5375612752599686,0.12105309546461986,3.604797647591816e-05,25.693669928678126,42.189673728457514,nan,nan,nan
41.94,219.12521362304688,-193.98257446289062,-6.319396495819092,219.59282516643134,-194.4827337708199,-6.330685430579869,0.6847972903441691,0.5376073737652817,0.1210732808582875,3.5324941884756044e-05,24.72612572522082,40.494389245994775,nan,1.7542573920101088,nan
41.95,219.12318420410156,-193.97390747070312,-6.3207573890686035,219.6001237578272,-194.47847418893386,-6.332134720518815,0.6943978360601817,0.5375487872794731,0.12106471747729201,3.600880213229317e-05,24.699894494554584,41.3655624591381,0.8508139891349756,nan,nan
41.96,219.12107849121094,-193.96522521972656,-6.322202205657959,219.59837779779878,-194.46998926429697,-6.334534612771253,0.6948046178786634,0.5375946965464918,0.12108489942233282,3.528807557673858e-05,25.340862400517274,41.34700614830297,nan,0.4734984199177192,nan
41.97,219.118896484375,-193.95654296875,-6.323729515075684,219.5965584764125,-194.46150308397202,-6.336200968471651,0.695198700913683,0.5376406903827315,0.12110514389688469,3.599326130088252e-05,25.27824005141689,41.32977596755161,nan,nan,nan
41.980000000000004,219.11663818359375,-193.9478759765625,-6.325338363647461,219.59467047959296,-194.45301334424184,-6.335528383772187,0.695544730951528,0.5376867689154152,0.12112545103890318,3.5273886171617186e-05,23.824569501276347,40.62056906816805,nan,4.076665711978928,nan
41.99,219.11431884765625,-193.93919372558594,-6.327027797698975,219.59270286789373,-194.44452737123262,-6.337335821011348,0.6959307577523483,0.5377329323061683,0.12114582099924776,3.597925364092372e-05,23.761276181863565,39.4198088649346,nan,nan,nan
42.0,219.11192321777344,-193.93052673339844,-6.328796863555908,219.60572890841902,-194.44296155932722,-6.337878567156526,0.7116993665016937,0.5376742698571364,0.12113721924336544,3.523998210393302e-05,23.12647780558748,40.04962497823922,2.1754962631027173,1.2875498966411267,nan
42.01,219.1094512939453,-193.92184448242188,-6.3306450843811035,219.60364201776954,-194.43448696693346,-6.339834158311744,0.7121174253729752,0.5377202437170961,0.12115758516382656,3.594467955627155e-05,23.062418254959297,39.4918315736159,nan,nan,nan
42.02,219.10690307617188,-193.9131622314453,-6.332571029663086,219.60148297592045,-194.42601299157195,-6.3422711228633615,0.7125442240351637,0.5377663022117708,0.12117801397082825,3.5228581632023796e-05,23.311310872020524,39.95978728062098,nan,0.11271077042242014,nan
42.03,219.1042938232422,-193.9044952392578,-6.334573745727539,219.5992544069685,-194.41753859099902,-6.344388314173234,0.7129486559089042,0.5378124455020897,0.12119850581449296,3.593350998871338e-05,23.24689462550795,40.20433728218559,nan,nan,nan
42.04,219.1016082763672,-193.89581298828125,-6.336652755737305,219.59695731108118,-194.40906366272648,-6.346128126281256,0.7133629536621017,0.5378586737162917,0.12121906083386257,3.5218489315390446e-05,23.04332347238721,39.620763987778005,nan,0.14434083027747396,nan
42.050000000000004,219.09886169433594,-193.88714599609375,-6.338806629180908,219.60275760432958,-194.39138066825666,-6.3485040887386575,0.7129219686904267,0.5377999350633703,0.12121041737764249,3.590166659478708e-05,21.29169109026033,40.21074756434976,20.9970359405653,nan,nan
42.06,219.09603881835938,-193.8784637451172,-6.34103536605835,219.600355052267,-194.38286002565337,-6.349755712062546,0.7133207665811584,0.5378459734512296,0.12123096774700025,3.518849465278869e-05,20.760489176622727,39.285809429734144,nan,0.8351987501129251,nan
42.07,219.09315490722656,-193.8697967529297,-6.343337535858154,219.59788285392315,-194.37434117626793,-6.352165051333369,0.7137179417162945,0.5378920965714797,0.1212515813678255,3.589306366125754e-05,20.69622093976779,39.69379506190697,nan,nan,nan
42.08,219.0902099609375,-193.86111450195312,-6.345706462860107,219.59534374110055,-194.36582294883397,-6.354877396745217,0.7141252398865395,0.5379383045530938,0.12127225837981928,3.5180810504025086e-05,20.84430129484266,38.9231218884165,nan,0.03745794587171211,nan
42.09,219.08718872070312,-193.85244750976562,-6.348085403442383,219.5927395121908,-194.35730484763982,-6.357400025786874,0.7145273238782839,0.5379845975559243,0.12129299893213204,3.5885663039301624e-05,20.797419678383424,39.99256042781918,nan,nan,nan
42.1,219.0841064453125,-193.84376525878906,-6.35044527053833,219.56472927322795,-194.33629609089493,-6.358922823617736,0.688227282367216,0.5379257824136815,0.1212843104122352,3.5153124387157875e-05,20.256970644093737,37.956972587179465,7.351398026193554,0.9309641315280456,nan
42.11,219.08096313476562,-193.83509826660156,-6.3527727127075195,219.56195475178083,-194.3277565761947,-6.361409028387122,0.6885780504769159,0.537971885290866,0.12130504568509692,3.585740094815068e-05,20.219547494796284,38.49836319659357,nan,nan,nan
42.12,219.0777587890625,-193.82643127441406,-6.355061054229736,219.55911754217118,-194.3192173137481,-6.363637067410177,0.6889251612177866,0.5380180729660943,0.121325844561005,3.514760764075814e-05,20.15944467708895,38.31909049320805,nan,0.034903521842505836,nan
42.13,219.07449340820312,-193.8177490234375,-6.357306957244873,219.5562174000205,-194.3106787342238,-6.366046590787466,0.6892851987840769,0.5380643455984578,0.12134670718852371,3.585220090117561e-05,20.12716931907559,37.506500595451165,nan,nan,nan
42.14,219.07115173339844,-193.80908203125,-6.35951042175293,219.55325838057163,-194.30213896688997,-6.367097136368362,0.6896299872177216,0.5381107033180478,0.12136763370821914,3.5143105398743145e-05,19.561816300823715,38.18407560200745,nan,1.2155034432033367,nan
42.15,219.06776428222656,-193.8004150390625,-6.36167049407959,219.5200811113752,-194.27749474194752,-6.369488861722205,0.6574623059221911,0.5380518114203833,0.12135889674625532,3.582604185125721e-05,19.280615520642122,36.81266609557284,9.735317686633843,nan,nan
42.160000000000004,219.06431579589844,-193.79173278808594,-6.36378812789917,219.5169494391545,-194.268926005388,-6.371675984121078,0.6577634832689777,0.5380979787121244,0.1213798173387058,3.5118427779213045e-05,19.276625583603828,36.04226416686606,nan,0.005145414222061916,nan
42.17,219.06080627441406,-193.78306579589844,-6.365863800048828,219.5137580098284,-194.26035806420464,-6.3739065119591345,0.6580561292280502,0.5381442308961045,0.12140080189053833,3.5822811840422027e-05,19.239505582587192,36.76365917187436,nan,nan,nan
42.18,219.0572509765625,-193.77439880371094,-6.367898464202881,219.51051924888512,-194.2517908343969,-6.37629701261289,0.6583508284130828,0.5381905681031902,0.12142185054283727,3.51157704169447e-05,19.371711953594186,37.26984332357769,nan,0.02823257355002913,nan
42.19,219.05372619628906,-193.76573181152344,-6.369892120361328,219.5072725853301,-194.24322384667428,-6.378448970611017,0.6586168767431151,0.538236990491331,0.1214429634434017,3.582050297677608e-05,19.33893765952404,36.73644430701873,nan,nan,nan
42.2,219.0502471923828,-193.75706481933594,-6.3718461990356445,219.52444419541405,-194.24382288359212,-6.380295384467427,0.6796084163227301,0.5381780215322134,0.12143417463050961,3.5092849437525183e-05,19.290093606424385,37.07859083969304,4.164113449988493,0.026786548238679913,nan
42.21,219.04681396484375,-193.74839782714844,-6.3737616539001465,219.52131301352924,-194.23527132323755,-6.382366676900322,0.6799038129164345,0.5382242531866569,0.12145528093740492,3.5797064744192276e-05,19.257450057314728,37.39273903168013,nan,nan,nan
42.22,219.04345703125,-193.73973083496094,-6.375638484954834,219.5182404113739,-194.2267203813866,-6.384605639822511,0.6801900368545376,0.5382705697992793,0.12147645154949234,3.509183451535916e-05,19.41476623895538,36.97570690886374,nan,0.02960225701722416,nan
42.230000000000004,219.04014587402344,-193.73106384277344,-6.377478122711182,219.5152309325298,-194.21816955665662,-6.386604526833559,0.6804859150385352,0.5383169715272508,0.1214976866141156,3.579641947768859e-05,19.383879067607335,37.58728934709537,nan,nan,nan
42.24,219.0369110107422,-193.72239685058594,-6.379281044006348,219.51228705590296,-194.20961817534757,-6.387710269031708,0.6807628481708636,0.5383634585025873,0.12151898627303194,3.509158716197986e-05,19.016528011024576,36.733091730714946,nan,0.516179009314561,nan
42.25,219.0337371826172,-193.71372985839844,-6.38104772567749,219.52098303783177,-194.19399366279058,-6.389694257960643,0.6842050918792713,0.538304412192697,0.1215101421868455,3.5774560322293657e-05,17.55475229167269,37.279366306838725,17.029585604198417,nan,nan
42.26,219.03062438964844,-193.70506286621094,-6.382779598236084,219.51819986309746,-194.18540417941446,-6.390931593350951,0.6844881843417623,0.5383507081257206,0.12153143456785742,3.50709215828358e-05,17.29431852237879,37.061961162971876,nan,0.2961640120577955,nan
42.27,219.02757263183594,-193.69639587402344,-6.384477138519287,219.51547775877452,-194.17681548341687,-6.392777722902919,0.6847797556030765,0.538397089107585,0.12155279160217035,3.5775386972023e-05,17.260068058007413,37.02086244693908,nan,nan,nan
42.28,219.02459716796875,-193.68772888183594,-6.3861403465271,219.51281855303185,-194.16822647381514,-6.393864081506124,0.6850530729897999,0.5384435552710803,0.12157421343193894,3.507204965907604e-05,16.970947925066287,36.095018982683506,nan,0.3713520336926802,nan
42.29,219.02166748046875,-193.67906188964844,-6.387770652770996,219.51021798981847,-194.1596383490597,-6.395637436690499,0.68534459931874,0.5384901067722326,0.12159570020391945,3.577690109287414e-05,16.935120731051992,36.559720258084866,nan,nan,nan
42.300000000000004,219.01878356933594,-193.67039489746094,-6.389368534088135,219.50419352692685,-194.14764064725597,-6.395773362722631,0.6807549885646635,0.5384309827872965,0.12158679739827354,3.50526848254412e-05,16.13067390975008,36.3558445865239,0.5914362900201917,1.6971960389691352,nan
42.31,219.01597595214844,-193.66172790527344,-6.390933990478516,219.50170559393035,-194.13904327445937,-6.397467246421056,0.6810329874535448,0.5384773429340073,0.12160827619016815,3.575705171042564e-05,16.090243741120553,35.525853088441465,nan,nan,nan
42.32,219.01321411132812,-193.65306091308594,-6.3924689292907715,219.49927268698804,-194.13044677261854,-6.399975700692631,0.6813270503004437,0.538523788195807,0.1216298199751414,3.505502179334203e-05,16.439927907640577,36.252685150049125,nan,0.5026367408640849,nan
42.33,219.01051330566406,-193.64439392089844,-6.393972873687744,219.49689675090494,-194.12184955875261,-6.401617462967338,0.6816092587900906,0.5385703187279612,0.12165142889960542,3.5759787160668876e-05,16.403071273704498,35.93977937562884,nan,nan,nan
42.34,219.00787353515625,-193.6357421875,-6.395447254180908,219.49457212237533,-194.11325344033543,-6.404757215419451,0.681893823673284,0.5386169346643852,0.12167310310622409,3.505792339931181e-05,17.176481896681906,37.198389755397315,nan,1.6419300985562244,nan
42.35,219.00526428222656,-193.6270751953125,-6.3968915939331055,219.51851973084592,-194.10852148591746,-6.406245249586658,0.703782052306555,0.5385577326941486,0.12166413812353585,3.574108912993575e-05,16.23412960825318,38.18031679171158,12.823385893926124,nan,nan
42.36,219.0027313232422,-193.618408203125,-6.398307800292969,219.51635619959424,-194.0999132992361,-6.408224429016371,0.704099432405585,0.5386041569613531,0.12168580363064352,3.504019848292696e-05,16.530413468982623,37.38861496669297,nan,0.11859502203882834,nan
42.37,219.00022888183594,-193.6097412109375,-6.39969539642334,219.51424477848028,-194.0913048162682,-6.4097698779916135,0.7044269608419741,0.5386506664308186,0.12170753447103358,3.5744890039179004e-05,16.50034088070273,38.192993987363856,nan,nan,nan
42.38,218.99778747558594,-193.60107421875,-6.401055335998535,219.51218249377558,-194.08269681446274,-6.411958808251721,0.7047563019559139,0.5386972612372005,0.12172933078766565,3.504409326370564e-05,16.991146437559266,38.18734662674885,nan,0.31650032288336616,nan
42.39,218.99539184570312,-193.5924072265625,-6.402388095855713,219.51017086635787,-194.07408821497603,-6.413457673711532,0.7050791092205164,0.5387439415346679,0.12175119272651413,3.574918872760287e-05,16.964199584456004,38.25870686818052,nan,nan,nan
42.4,218.9930419921875,-193.583740234375,-6.4036946296691895,219.49611138566712,-194.05980623349052,-6.412680801408343,0.6926748165281718,0.5386846612388404,0.1217421620914115,3.502730118495683e-05,15.784803906329866,36.75151061336134,1.7425307467780984,3.290376196897495,nan
42.410000000000004,218.99075317382812,-193.5750732421875,-6.404974460601807,219.494175143637,-194.05118793597237,-6.414105095454061,0.6929662688882504,0.5387311495489494,0.12176401459406344,3.573192639244133e-05,15.751464340465951,36.128892047205774,nan,nan,nan
42.42,218.98849487304688,-193.56640625,-6.406229496002197,219.49228352560488,-194.0425699932335,-6.4164857146190215,0.6932821264367584,0.5387777231278145,0.12178593276353201,3.503205524404102e-05,16.35933573943414,37.349775022115885,nan,0.6783488148207487,nan
42.43,218.9862823486328,-193.5577392578125,-6.407459259033203,219.4904389242608,-194.03395121382113,-6.4178708262789295,0.6935849483134701,0.5388243821288903,0.12180791674553994,3.573709074932388e-05,16.328582350829112,37.251434733658144,nan,nan,nan
42.44,218.98411560058594,-193.549072265625,-6.408664226531982,219.4886366917594,-194.02533292800763,-6.420376242997811,0.6939041153514711,0.5388711266878913,0.12182996668341978,3.503721120157108e-05,17.14928152052373,37.98575201389317,nan,0.9224864016625239,nan
42.45,218.98199462890625,-193.5404052734375,-6.409845352172852,219.48215202727576,-194.00472484724932,-6.421749356551666,0.6825626675176413,0.5388117677376056,0.12182086691163241,3.5720638914967994e-05,16.14850200839461,37.97886614205027,9.29837136098729,nan,nan
42.46,218.97991943359375,-193.53173828125,-6.411003112792969,219.4804411521263,-193.99606545264174,-6.42276532048559,0.6828323823203197,0.5388583199885669,0.12184290665997526,3.5021568061977695e-05,16.071814822147907,37.72923048746117,nan,0.06823187499437641,nan
42.47,218.97787475585938,-193.5230712890625,-6.412137508392334,219.47877155489087,-193.9874058597712,-6.424066802654598,0.6831152940000877,0.538904957592084,0.12186501240771393,3.572654513623934e-05,16.044355977274954,38.14466648569394,nan,nan,nan
42.480000000000004,218.9758758544922,-193.514404296875,-6.413249492645264,219.47714779902316,-193.97874439319975,-6.422406325622847,0.6833513993685202,0.5389516806845538,0.12188718429839317,3.50274136012434e-05,14.395053697784006,36.22513492158278,nan,6.093560112019156,nan
42.49,218.9738006591797,-193.5057373046875,-6.414447784423828,219.47550128111035,-193.97008455783578,-6.423689164711775,0.6836719159520837,0.5389984894184174,0.12190942247742122,3.5732798995632856e-05,14.32920429142592,36.13369852069584,nan,nan,nan
42.5,218.97164916992188,-193.4970703125,-6.415731430053711,219.4453891798193,-193.94056641442717,-6.426140721546194,0.6490198323253157,0.5389390514594727,0.12190025007231804,3.501241379936445e-05,14.203657315375974,36.33227599993723,13.977165714822036,0.8108859679859547,nan
42.51,218.96942138671875,-193.48838806152344,-6.4170989990234375,219.44355245529056,-193.93185649513563,-6.427607117715294,0.6492880272682849,0.5389856675614209,0.12192247729189411,3.57173308773766e-05,14.140608399727942,35.452346046205484,nan,nan,nan
42.52,218.96713256835938,-193.47972106933594,-6.418550491333008,219.44164135378986,-193.92314647082736,-6.4293851661598085,0.6495398866252553,0.5390323690825449,0.12194477083799578,3.501884386167774e-05,14.340843151207048,35.99085905524854,nan,0.03629211072276647,nan
42.53,218.96475219726562,-193.47105407714844,-6.420084476470947,219.43965742460472,-193.91443604027725,-6.431022460009947,0.6498016464013125,0.5390791561746379,0.12196713085585456,3.5724171709518795e-05,14.276684530468359,36.66783272137829,nan,nan,nan
42.54,218.96231079101562,-193.46238708496094,-6.421699523925781,219.43760270554233,-193.90572481723592,-6.431791985926311,0.6500404654038237,0.5391260289750598,0.12198955748927748,3.502554872837036e-05,13.775641593941446,35.727902195524166,nan,0.6373796013012926,nan
42.550000000000004,218.95980834960938,-193.45372009277344,-6.42339563369751,219.44822801546727,-193.90167153144756,-6.4335926915390225,0.6628108639691823,0.5390665116623076,0.12198030894817805,3.570924954885468e-05,13.647241878765342,35.60878697914859,1.599941001385621,nan,nan
42.56,218.95721435546875,-193.44505310058594,-6.4251708984375,219.4460486172689,-193.89296670728197,-6.437895541681699,0.6631345648651102,0.5391131915044962,0.12200272383618593,3.5011316437616365e-05,15.300209535554682,38.1244114344077,nan,4.162656270029821,nan
42.57,218.95455932617188,-193.43637084960938,-6.427025318145752,219.44380302983444,-193.88426068468607,-6.439873921268496,0.6634227856658973,0.5391599568464569,0.12202520537591628,3.571658147006313e-05,15.239873567310722,36.794400508009275,nan,nan,nan
42.58,218.95184326171875,-193.42770385742188,-6.428957462310791,219.44148542787627,-193.87555573525245,-6.443978308307249,0.6637366805972463,0.5392068078261606,0.12204775371132144,3.5018476261190834e-05,17.002270762302256,39.05704862043542,nan,2.954614201880868,nan
42.59,218.9490509033203,-193.41903686523438,-6.430966377258301,219.43910282616076,-193.86685024101,-6.446134982102609,0.6640164103214006,0.5392537445944917,0.12207036898741722,3.5724145451710835e-05,16.941353986645304,39.30088185025706,nan,nan,nan
42.6,218.94619750976562,-193.41036987304688,-6.433051109313965,219.43458843805226,-193.85330451126606,-6.447812361124781,0.6594957824899739,0.5391941475618278,0.12206104080020427,3.500466578656185e-05,16.33699528356181,38.82058284456005,1.6049756717586792,0.16264407096678843,nan
42.61,218.94326782226562,-193.40170288085938,-6.435211181640625,219.4320720524604,-193.84458406666224,-6.450116742075498,0.6597692747668165,0.5392408910425885,0.12208364352903227,3.5709860936907174e-05,16.27626150454687,39.09315105267042,nan,nan,nan
42.62,218.94027709960938,-193.39303588867188,-6.437445640563965,219.429491115424,-193.83586347449943,-6.451366472731085,0.6600154646730442,0.5392877200897069,0.1221063132301932,3.501220028105335e-05,15.532341149110838,38.08503525815466,nan,0.9013722202603451,nan
42.63,218.93722534179688,-193.38436889648438,-6.439753532409668,219.42684339892767,-193.82714364929427,-6.453809892522972,0.6602824432423119,0.5393346348534955,0.12212905004858528,3.571779970874915e-05,15.472524594314919,37.80384561744865,nan,nan,nan
42.64,218.93411254882812,-193.37570190429688,-6.442127704620361,219.42413126090617,-193.81842420450806,-6.456347113756347,0.6605479277744215,0.5393816354727762,0.12215185412833568,3.5019913212235315e-05,15.6582598774721,37.80118529416869,nan,0.00036771466207327966,nan
42.65,218.93092346191406,-193.36703491210938,-6.444511890411377,219.45021545025202,-193.81986039765778,-6.458760316460335,0.6891430237323782,0.5393219583610824,0.1221424427819265,3.570386184021371e-05,15.304059516674535,39.08155405722334,9.144430945469566,nan,nan
42.660000000000004,218.9276885986328,-193.35836791992188,-6.446876525878906,219.44742841639592,-193.81115230114392,-6.461393724082001,0.6894591525904412,0.5393687653611111,0.12216523349713035,3.500658259927283e-05,15.583254873041383,38.54616037810644,nan,0.0052739239676987335,nan
42.67,218.92437744140625,-193.34970092773438,-6.449208736419678,219.44457920176944,-193.8024446168322,-6.463916665920652,0.689784779980734,0.5394156580050892,0.12218809150268911,3.571210316402334e-05,15.565303770123098,39.068460060779636,nan,nan,nan
42.68,218.9210205078125,-193.34103393554688,-6.451501369476318,219.44166941966773,-193.79373714879318,-6.465711845268264,0.6900850862913968,0.5394626364323697,0.12221101694282334,3.501457466237125e-05,15.220974724543021,37.97953450697353,nan,0.33852774706683086,nan
42.69,218.91758728027344,-193.33236694335938,-6.453752040863037,219.43869812811297,-193.78503033734128,-6.4681531035664905,0.6904115110528287,0.5395097007924738,0.12223400996229239,3.572049033916047e-05,15.205259409806759,38.583887554879624,nan,nan,nan
42.7,218.9141082763672,-193.32369995117188,-6.455959796905518,219.44285816092213,-193.78764355573287,-6.471626363042864,0.703608946734227,0.5264119913054851,0.11396719231477412,3.500148894897031e-05,21.591779649009855,43.94564933313702,6.0258157921401025,0.8184754813312205,0.07353831768039482
42.71,218.91055297851562,-193.31503295898438,-6.45812463760376,219.4397239145589,-193.77892801333505,-6.473994528115629,0.703897971604397,0.5264638597833128,0.11397911102611888,3.570692042443753e-05,21.551528455387547,44.56187192424242,nan,nan,nan
42.72,218.90695190429688,-193.30636596679688,-6.4602460861206055,219.43653316204188,-193.77021502753226,-6.476548820772567,0.7041860825499288,0.5265158128692261,0.1139910898154504,3.500970100820494e-05,22.009651439199025,44.44353889170738,nan,0.036710807925970035,nan
42.730000000000004,218.90328979492188,-193.29771423339844,-6.4623260498046875,219.4332820205166,-193.76150026225562,-6.4788358380666615,0.704458524586383,0.5265678510004376,0.11400312907569346,3.571552658418418e-05,21.96810433403051,45.37924650273567,nan,nan,nan
42.74,218.8995819091797,-193.28904724121094,-6.464364528656006,219.42998517157534,-193.75279655487324,-6.48223122382196,0.7047767486788724,0.5266199740339549,0.11401522870759473,3.501802087908599e-05,23.37342141208581,45.36581693775661,nan,0.9315730533842135,nan
42.75,218.8957977294922,-193.28038024902344,-6.466362476348877,219.42383504950845,-193.73655186234302,-6.4844463598870865,0.6980279213415295,0.52655439151154,0.11400573453753168,3.570217174731943e-05,22.5921956861838,46.218674372504815,7.534078020622152,nan,nan
42.76,218.89202880859375,-193.27171325683594,-6.468320369720459,219.42043718230238,-193.72781080911832,-6.487402200515657,0.6982868342378219,0.5266062982484147,0.11401786927815437,3.500521865607311e-05,23.75765569775195,46.5148608627894,nan,0.42685749461142863,nan
42.77,218.88827514648438,-193.2630615234375,-6.470239162445068,219.41704763667488,-193.71906342955322,-6.489549594598574,0.698506247325956,0.5266582899548109,0.11403006472311959,3.5710943638851454e-05,23.720023119411728,48.19032963088392,nan,nan,nan
42.78,218.8845977783203,-193.25439453125,-6.4721198081970215,219.4136982747009,-193.7103121618882,-6.491148990731209,0.6986918712743423,0.5267103665080883,0.11404232079192812,3.5013690562820995e-05,23.54608295203576,46.1029606123612,nan,0.18354010225070166,nan
42.79,218.88096618652344,-193.24574279785156,-6.473963260650635,219.41041283985962,-193.70156595320415,-6.493216209392304,0.6988985503774648,0.5267625283148202,0.11405463784958757,3.57197994249973e-05,23.5054927548275,47.66363375067463,nan,nan,nan
42.800000000000004,218.87741088867188,-193.23707580566406,-6.475769519805908,219.3941762398962,-193.68487922769825,-6.494206929081196,0.6840425944868649,0.5266968112528523,0.11404526748662443,3.500102883222433e-05,22.532385947938355,45.34639783831994,3.518295874216227,0.632236447998926,nan
42.81,218.87391662597656,-193.22842407226562,-6.477540016174316,219.39099987429051,-193.67611352409156,-6.496191570239869,0.6842140099648476,0.5267487563105093,0.11405761924281764,3.570664225049979e-05,22.487961644999096,46.491618178740765,nan,nan,nan
42.82,218.87049865722656,-193.21975708007812,-6.479275226593018,219.38787308475648,-193.6673311133063,-6.496131891517589,0.6843120345532536,0.5268007861585315,0.1140700318709884,3.500960998212199e-05,20.789156327041635,43.47063471484106,nan,2.850836374417704,nan
42.83,218.86715698242188,-193.2111053466797,-6.48097562789917,219.38483269047768,-193.65856598909426,-6.498028296173247,0.6844705681885842,0.5268529011839678,0.11408250571833262,3.5715605937659694e-05,20.741561037569184,43.96094708469644,nan,nan,nan
42.84,218.86386108398438,-193.2024383544922,-6.482642650604248,219.38184986783386,-193.64979258116145,-6.498853940979021,0.684617404283839,0.5269051012935624,0.11409504073087458,3.5018249292417014e-05,20.03231510597402,43.10815071945669,nan,0.7595907992587853,nan
42.85,218.8606414794922,-193.19378662109375,-6.484275817871094,219.3635100476007,-193.63936255796511,-6.500654766746611,0.672073643491965,0.5268392505886077,0.11408579029775409,3.570254916142343e-05,20.584216969819714,42.96747038907664,4.605383931999908,nan,nan
42.86,218.85748291015625,-193.18511962890625,-6.48587703704834,219.36063426973226,-193.63060382590072,-6.501206468562612,0.6721997113102217,0.5268912335090722,0.11409835958129405,3.500571150131467e-05,19.711947810382327,41.27542091618955,nan,1.0792105387450814,nan
42.87,218.85438537597656,-193.1764678955078,-6.487445831298828,219.35783291826834,-193.6218551610802,-6.502951098566167,0.6723612551944873,0.5269433015305279,0.11411099031107712,3.571158355757071e-05,19.658361683538367,42.18176184101831,nan,nan,nan
42.88,218.8513641357422,-193.1678009033203,-6.488983631134033,219.35510433324544,-193.61311609073854,-6.505869018894072,0.6725659217100971,0.5269954545783003,0.11412368244992081,3.501441502252985e-05,20.999230308824266,42.01902621262247,nan,1.0224401384590176,nan
42.89,218.848388671875,-193.15914916992188,-6.490490913391113,219.35242638467292,-193.6043675210755,-6.507565077349346,0.6727294576584093,0.527047693011469,0.11413643631999665,3.572065936443097e-05,20.945651151626393,43.42782129554205,nan,nan,nan
42.9,218.84547424316406,-193.15048217773438,-6.491967678070068,219.29777756293626,-193.57814462915724,-6.507502777030676,0.6226674913095103,0.5269817090784636,0.11412730146239346,3.500193808779063e-05,20.274797728121527,39.91289403991874,24.269751503824033,1.7439050508825067,nan
42.910000000000004,218.84262084960938,-193.14183044433594,-6.493415355682373,219.29513371006803,-193.56938821808805,-6.509121696930669,0.6227521400458971,0.5270337298759972,0.11414008914128328,3.5707675500472536e-05,20.21689030288975,40.63736691082087,nan,nan,nan
42.92,218.83982849121094,-193.13316345214844,-6.494833946228027,219.2925595788175,-193.5606429280205,-6.512189866570506,0.6229007689417496,0.5270858356408414,0.11415293846900881,3.5010676265346773e-05,21.843052704249622,41.20581256377993,nan,1.540029400875925,nan
42.93,218.8370819091797,-193.12451171875,-6.496224403381348,219.29002937333354,-193.5518862647745,-6.513767931027354,0.6229913187479632,0.5271380267145181,0.11416584975201388,3.5716784854128176e-05,21.78511107885148,42.40653816537018,nan,nan,nan
42.94,218.8343963623047,-193.11585998535156,-6.497587203979492,219.28753094596942,-193.54310823323036,-6.512434459832742,0.622970671247759,0.5271903030487769,0.11417882297656097,3.50194395257585e-05,19.392293023476178,39.774988968958795,nan,5.868980246887465,nan
42.95,218.83175659179688,-193.10719299316406,-6.498922824859619,219.28648424674046,-193.5418543720838,-6.5139201029315865,0.6292318116914218,0.5271241867368494,0.11416979962887232,3.5703834648000806e-05,20.159952982580307,38.93547210591861,7.473507046282285,nan,nan
42.96,218.8291778564453,-193.09854125976562,-6.500231742858887,219.28412226229173,-193.5331307477528,-6.515093897598003,0.629335617237259,0.5271762450003796,0.11418280618231073,3.500698985503242e-05,20.10020565491511,39.44095183036909,nan,0.06188128690492046,nan
42.97,218.82664489746094,-193.08987426757812,-6.501514434814453,219.28181471038752,-193.5244090720107,-6.516535353480889,0.6294646001646738,0.527228388495857,0.11419587491186678,3.571295243511683e-05,20.040200116409764,38.72351204440417,nan,nan,nan
42.980000000000004,218.8241729736328,-193.0812225341797,-6.502771854400635,219.2795481991008,-193.51567809313104,-6.516663409201695,0.6295325281258588,0.5272806171915064,0.11420900581843448,3.5015760171878355e-05,19.164358313808975,38.350155351107595,nan,1.1715849281502762,nan
42.99,218.82174682617188,-193.0725555419922,-6.504004001617432,219.2773416040491,-193.5069558555538,-6.5180430166747065,0.629656515884018,0.5273329314040532,0.11422219918663454,3.572208429290074e-05,19.103413347407383,37.555631952272996,nan,nan,nan
43.0,218.81936645507812,-193.06390380859375,-6.505211353302002,219.26736692740542,-193.5029254218431,-6.518070917896565,0.6273832708218251,0.5272666831711025,0.11421328289388835,3.500332069184262e-05,19.23519006820653,37.358522976030656,8.996413440259,1.3847302951888765,nan
43.01,218.81703186035156,-193.05523681640625,-6.506394863128662,219.2652497813523,-193.49423766300023,-6.519390750986012,0.6275268449378624,0.527318778872406,0.11422650907822898,3.57091275121512e-05,19.17371871206023,36.52032017422093,nan,nan,nan
43.02,218.8147430419922,-193.04656982421875,-6.50755500793457,219.26317421200218,-193.48554483389495,-6.519975142676032,0.6276494508113181,0.527370959712276,0.11423979767096219,3.5012078605688625e-05,18.783315365626137,36.170518580067046,nan,0.35830380165525966,nan
43.03,218.8125,-193.0379180908203,-6.508691787719727,219.2611500249618,-193.47685637969872,-6.521242650280027,0.6277827574031796,0.5274232259920778,0.11425314894318282,3.571824641626902e-05,18.71938525713758,36.95769311337802,nan,nan,nan
43.04,218.8101806640625,-193.0292510986328,-6.509914398193359,219.25911390519823,-193.4681692894414,-6.5228139137437875,0.6279782087944985,0.5274755777031521,0.11426656291596675,3.5020841204940645e-05,18.991166012547556,36.498076851052666,nan,0.05190338554107089,nan
43.050000000000004,218.80780029296875,-193.02059936523438,-6.5112223625183105,219.27791720107473,-193.4567247956874,-6.5242907356349855,0.6413938577433308,0.5274091983560892,0.11425774944308202,3.5705282712798814e-05,17.596777850482688,37.50752104564102,18.841237142426788,nan,nan
43.06,218.80532836914062,-193.01193237304688,-6.5126142501831055,219.27574357451576,-193.44797628569046,-6.523345293244207,0.6415137679635822,0.5274613311257328,0.114271195701098,3.5008370079968645e-05,16.03399026299155,35.77522474192154,nan,4.14078198015327,nan
43.07,218.80279541015625,-193.00326538085938,-6.514089584350586,219.27351579940233,-193.43924288688493,-6.524882535369531,0.6416935081516257,0.5275135492580457,0.1142847048532642,3.571437259703634e-05,15.938052902139479,35.31259565106883,nan,nan,nan
43.08,218.80020141601562,-192.99461364746094,-6.515646934509277,219.2712041010979,-193.43049726521653,-6.524547615378018,0.6418078214717792,0.5275658527585982,0.1142982769330817,3.5017105746025746e-05,14.869654558286303,34.790003198220006,nan,2.6984015112362365,nan
43.09,218.7975311279297,-192.98594665527344,-6.517285346984863,219.26883620019234,-193.4217635437872,-6.52623168664417,0.6419850998641751,0.5276182419073416,0.11431191219309782,3.572346059412154e-05,14.780286209258001,34.056269379243595,nan,nan,nan
43.1,218.7947998046875,-192.97727966308594,-6.519003868103027,219.23472395158393,-193.40833927149194,-6.527453567810875,0.6159683745508702,0.5275517319415401,0.11430319699251554,3.5004615759143685e-05,15.581349290665074,32.809832367380906,14.518532077771697,0.2593076811063687,nan
43.11,218.7919921875,-192.9686279296875,-6.520802021026611,219.23217168705634,-193.3996283187794,-6.529295388541199,0.6161099451549044,0.5276039017143427,0.11431686397588636,3.5710444628187474e-05,15.492920880090153,33.85181488215243,nan,nan,nan
43.12,218.7891082763672,-192.9599609375,-6.522678852081299,219.2295437498258,-193.39090987718416,-6.529951689173486,0.6162412588061498,0.5276561567911565,0.11433059410993511,3.501331244885735e-05,14.916310215426236,32.73109515745652,nan,1.1297234543168868,nan
43.13,218.7861785888672,-192.9512939453125,-6.524632930755615,219.2268576594532,-193.38219882988267,-6.531939571141829,0.6163849850480762,0.5277084974388313,0.11434438763586567,3.571949381857263e-05,14.834348862674526,31.948531047570388,nan,nan,nan
43.14,218.78317260742188,-192.94264221191406,-6.526663780212402,219.22411871697207,-193.37349949385867,-6.536019587942143,0.6165703528961056,0.5277609236826544,0.11435824460411935,3.502200277589704e-05,15.7712448441111,34.06473405201117,nan,2.860766055899717,nan
43.15,218.7801055908203,-192.93397521972656,-6.5287699699401855,219.2344669941175,-193.36546350970116,-6.538102762289586,0.6266685967913378,0.5276942838683774,0.11434962329017129,3.570644948469106e-05,15.10180282662234,33.2497981087836,3.841413831167298,nan,nan
43.160000000000004,218.77696228027344,-192.92530822753906,-6.530951499938965,219.23158274204323,-193.35671856074265,-6.5368395489196764,0.6267609663782585,0.5277464903109585,0.11436351140136226,3.500944989162978e-05,13.58704242887368,32.12744109751749,nan,8.651666787051134,nan
43.17,218.77377319335938,-192.91665649414062,-6.533206939697266,219.2286566422129,-193.34799315435623,-6.539118171398419,0.626901275439017,0.5277987822467711,0.11437746311292399,3.5715450307835473e-05,13.508987494341218,32.28039871395832,nan,nan,nan
43.18,218.7705078125,-192.90798950195312,-6.5355353355407715,219.22566747888757,-193.33926795117247,-6.541437694457075,0.6270616082235219,0.5278511597130946,0.11439147848559035,3.501809612077304e-05,13.46071377334086,31.795849343611575,nan,0.0008042372663779233,nan
43.19,218.76719665527344,-192.89932250976562,-6.537928581237793,219.22261633413078,-193.3305433422463,-6.543860787359841,0.6272110341227455,0.5279036229587332,0.11440555774518936,3.572444150361537e-05,13.38730423807015,31.137738671388604,nan,nan,nan
43.2,218.76380920410156,-192.8906707763672,-6.540330410003662,219.2419452220497,-193.3217700033681,-6.545773731452524,0.643809152566574,0.5278368538231678,0.11439702568569357,3.500551079336128e-05,12.166951878554288,32.97354428947671,12.473819088985199,0.16379552752581292,nan
43.21,218.7603759765625,-192.8820037841797,-6.542712688446045,219.23880366009814,-193.3130146650766,-6.548223843528697,0.6439672357000414,0.5278890968390362,0.11441113547868047,3.5711323439982944e-05,12.108484656362013,31.45551620859047,nan,nan,nan
43.22,218.75686645507812,-192.87335205078125,-6.545061111450195,219.23559832963034,-193.30425612076212,-6.549944625466247,0.6441167393784264,0.5279414253186067,0.11442530914754027,3.5014106088275636e-05,11.874619062393439,32.68494759820723,nan,0.34949999671631216,nan
43.230000000000004,218.75331115722656,-192.86468505859375,-6.547370433807373,219.2323379314815,-193.2955015779745,-6.552326788501042,0.6442779596387717,0.5279938394997725,0.11443954690882047,3.572026463558005e-05,11.819269063228885,31.20119872916554,nan,nan,nan
43.24,218.74969482421875,-192.8560333251953,-6.5496368408203125,219.22900749833207,-193.286737414945,-6.552608122189617,0.6444031975446337,0.528046339436234,0.11445384883712612,3.502269056531359e-05,11.32040809531289,31.646140767187163,nan,2.994852583643422,nan
43.25,218.7460174560547,-192.84738159179688,-6.551860332489014,219.20684435856057,-193.27304689914607,-6.55499730164203,0.627345382169438,0.527979441718538,0.1144454015143965,3.5707110124912236e-05,11.638611502295664,31.283473032283297,3.831744410367815,nan,nan
43.26,218.74229431152344,-192.83871459960938,-6.55403995513916,219.20337449994642,-193.2642908533708,-6.556106545553996,0.6274666196043586,0.5280317210048212,0.11445973334770189,3.5010030432619375e-05,11.424148441418568,29.76022756183947,nan,0.9015501618123366,nan
43.27,218.73849487304688,-192.83006286621094,-6.556176662445068,219.19985422273874,-193.25554064752006,-6.558292580058543,0.6276051856407665,0.5280840859146582,0.11447412947570668,3.5715996203416796e-05,11.36459390890962,31.22520334857254,nan,nan,nan
43.28,218.73464965820312,-192.8214111328125,-6.558271408081055,219.19628253908866,-193.2467949169701,-6.561288675757874,0.6277462739380767,0.5281365365116204,0.1144885899813329,3.501856528921633e-05,11.437129380491651,30.897523869064823,nan,0.5117642912521904,nan
43.29,218.7307586669922,-192.812744140625,-6.560324192047119,219.1926512975616,-193.2380457335789,-6.56340035787093,0.6278819235649664,0.5281890730187478,0.11450311506869441,3.572487055556026e-05,11.382256170908812,29.614256387109553,nan,nan,nan
43.300000000000004,218.726806640625,-192.80409240722656,-6.562335968017578,219.2001473015121,-193.2327393096998,-6.565843409500854,0.6385936504497163,0.5281220472724106,0.11449474777399993,3.5005869640528325e-05,11.28510063895982,30.9435522466472,1.2914676772957294,0.1387197595123655,nan
43.31,218.72279357910156,-192.79544067382812,-6.564307689666748,219.19642599622443,-193.22399197216538,-6.567878115031507,0.6387461387699227,0.5281743627067632,0.11450930211061149,3.571163732125983e-05,11.229570170076597,31.092954388738818,nan,nan,nan
43.32,218.71876525878906,-192.7867889404297,-6.566240310668945,219.19266452787303,-193.21524670181756,-6.570218814981754,0.6388837132283148,0.5282267637589396,0.11452392103148963,3.501435148395649e-05,11.265116447831636,30.543142122308815,nan,0.08365564640393665,nan
43.33,218.71475219726562,-192.77813720703125,-6.56813383102417,219.18889861316947,-193.20650054115833,-6.57218071807353,0.6390041838937559,0.5282792506431029,0.11453860473334379,3.5720460324349334e-05,11.213140626612233,30.765211454951455,nan,nan,nan
43.34,218.71080017089844,-192.7694854736328,-6.569990158081055,219.18516190046125,-193.19774708021643,-6.572183096006206,0.6390867414711018,0.5283318234361847,0.11455335331017218,3.5022822440012027e-05,10.834891096293752,30.00819619645873,nan,2.6055814132203805,nan
43.35,218.70689392089844,-192.76083374023438,-6.5718092918396,219.14982446710866,-193.18214461023175,-6.574159622205654,0.6113066677183024,0.5282646703745055,0.11454506141180228,3.570719134501322e-05,11.512308210137075,29.917902480940608,10.863468810760194,nan,nan
43.36,218.7030792236328,-192.75218200683594,-6.573592185974121,219.14617379708145,-193.1734108282797,-6.576068487789748,0.6113694898383634,0.5283170216793218,0.11455983856310764,3.5010052810059065e-05,11.476440044090559,29.13606617619527,nan,0.003809373082981204,nan
43.37,218.69932556152344,-192.7435302734375,-6.5753397941589355,219.14259432720797,-193.1646773290631,-6.577869655632239,0.6114396464841605,0.5283694587375899,0.11457468069140006,3.571596070801722e-05,11.424035447479623,29.41259145508957,nan,nan,nan
43.38,218.69564819335938,-192.73487854003906,-6.577052116394043,219.1390900094573,-193.15594631308898,-6.58016733384968,0.6115132200903262,0.5284219816341801,0.11458958789722835,3.501847616718097e-05,11.465982316480492,29.316313121818446,nan,0.1986027991718304,nan
43.39,218.69204711914062,-192.72622680664062,-6.578730583190918,219.13565604145825,-193.1472136160091,-6.581906224366768,0.6115789845301571,0.5284745905713112,0.11460456036750193,3.572471985861432e-05,11.415619869834655,29.09939906982171,nan,nan,nan
43.4,218.68850708007812,-192.7175750732422,-6.580375671386719,219.15660907805844,-193.14912767493908,-6.585229413076001,0.6366951290475718,0.5284073107689448,0.11459633908848753,3.50056745790037e-05,11.771743676935062,30.107404297860285,7.797242428674263,2.409022624274277,nan
43.410000000000004,218.68504333496094,-192.70892333984375,-6.5819878578186035,219.15335903611296,-193.140412299032,-6.586917181112951,0.6368097173214334,0.5284596978010762,0.11461133943277943,3.5711377576361755e-05,11.724119238705761,29.81861684046861,nan,nan,nan
43.42,218.681640625,-192.7002716064453,-6.5835676193237305,219.1501793132891,-193.1316978184097,-6.58871475453245,0.6369329413638936,0.528512170599852,0.11462640505328936,3.5014049029053055e-05,11.745254583945963,30.07799043689212,nan,0.01405671000415761,nan
43.43,218.67831420898438,-192.69161987304688,-6.585116386413574,219.14706741649707,-193.12298293646157,-6.590341887456965,0.6370486385615302,0.5285647293604363,0.11464153613117266,3.572009013199304e-05,11.69856954748858,29.72709700672504,nan,nan,nan
43.44,218.67506408691406,-192.68296813964844,-6.586634159088135,219.1440219903076,-193.1142674257388,-6.59178893980807,0.637155523480412,0.5286173741783177,0.11465673277559274,3.502241520073291e-05,11.638992845577475,29.30647849199861,nan,0.01581026348128297,nan
43.45,218.67185974121094,-192.67431640625,-6.58812141418457,219.14462341305224,-193.10569912116128,-6.593348063604759,0.6400186356671675,0.5285499683274777,0.11464857738744257,3.5706718068802546e-05,11.478565516184325,30.006717649256725,0.23549649225874464,nan,nan
43.46,218.66873168945312,-192.66566467285156,-6.589579105377197,219.14171394455465,-193.09698024301923,-6.594884577634871,0.6401355190472287,0.5286023908519505,0.1146638012021017,3.642652150324595e-05,11.43262724183203,29.505895736550283,nan,nan,nan
43.47,218.66566467285156,-192.65701293945312,-6.591007709503174,219.1388675893501,-193.08826131618318,-6.596392725009634,0.6402539816409044,0.5286548992369623,0.1146790906480718,3.716077820715468e-05,11.386803128694176,29.48998272000112,nan,nan,nan
43.480000000000004,218.6626434326172,-192.6483612060547,-6.592408180236816,219.13608070693422,-193.07954047590047,-6.597288757970179,0.6403766356578756,0.52870749360468,0.11469444585407058,3.6377352597539735e-05,11.207421726198849,29.82414793645493,nan,0.2228754521484939,nan
43.49,218.65969848632812,-192.6397247314453,-6.593780517578125,219.13335654796842,-193.07082140373637,-6.598736210723746,0.6404848625157512,0.5287601741442787,0.11470986699614412,3.7110231590068854e-05,11.160038460490084,30.05645025945251,nan,nan,nan
43.5,218.6568145751953,-192.63107299804688,-6.595125198364258,219.12645088028162,-193.06550210649982,-6.60011571664539,0.6397748155398574,0.5286926428346418,0.11470177266117519,3.6306780308230426e-05,11.65251595557737,28.916042380222382,2.622499307693961,0.00047615107326231225,nan
43.51,218.6539764404297,-192.62242126464844,-6.5964436531066895,219.1238399435592,-193.05680306817675,-6.6015099632311385,0.6399100954883635,0.5287451006477508,0.11471722021407316,3.703743247143267e-05,11.606482779357801,29.27590552274299,nan,nan,nan
43.52,218.6511993408203,-192.61376953125,-6.597735404968262,219.12129851080127,-193.04811418489726,-6.6063854877738475,0.6400963456396881,0.5287976443699415,0.1147327337181106,3.626039678631561e-05,12.924300742994873,30.426047874319792,nan,8.078554142817683,nan
43.53,218.6484832763672,-192.60511779785156,-6.599001407623291,219.11880037592152,-193.0394147406884,-6.607764202026214,0.6402255815385404,0.5288502741843202,0.11474831334455157,3.698982187673114e-05,12.884443887760249,30.17582672459884,nan,nan,nan
43.54,218.64581298828125,-192.59646606445312,-6.6002421379089355,219.1163543020569,-193.03071292228177,-6.608328107347154,0.6403474403833509,0.528902990198182,0.11476395921221441,3.621540085999614e-05,12.561592065615411,30.130003497214858,nan,0.411359438374673,nan
43.550000000000004,218.64320373535156,-192.5878143310547,-6.601458549499512,219.11832811057283,-193.01241067125878,-6.609630685831253,0.6372534879122548,0.5288353341081334,0.114755921123716,3.692021144390312e-05,11.484501777152472,30.1389086582436,12.665305179530721,nan,nan
43.56,218.64064025878906,-192.57916259765625,-6.602650165557861,219.1159879020597,-193.00365937095003,-6.609609981727106,0.6373392593751609,0.5288878269900706,0.11477159263963634,3.614932944751356e-05,10.964175633192475,29.84163139846385,nan,1.150810667457375,nan
43.57,218.63812255859375,-192.5705108642578,-6.603818416595459,219.11370354676674,-192.9949114086549,-6.610872644298703,0.6374502808255984,0.5289404058841134,0.11478733046105459,3.687558914188595e-05,10.922261061529781,29.951566641129627,nan,nan,nan
43.58,218.6356658935547,-192.56185913085938,-6.604963302612305,219.1114617985699,-192.98615683039512,-6.609654091110968,0.6375204189336313,0.5289930709028025,0.11480313471086422,3.6107209815089685e-05,10.131449635990379,28.7684453640104,nan,4.005978276840546,nan
43.59,218.6331329345703,-192.55320739746094,-6.606194019317627,219.10921748528273,-192.9774082839646,-6.610902244161583,0.6376715917450846,0.5290458222213532,0.11481900555422384,3.683244482744395e-05,10.070880919771508,28.900877782138338,nan,nan,nan
43.6,218.6305389404297,-192.54454040527344,-6.607509613037109,219.08574097011103,-192.95621226941867,-6.610967794072037,0.6137544872103978,0.5289780419521136,0.11481101882313258,3.604421293720305e-05,9.492151743257603,27.193620581564954,7.174277615310125,0.8624699708835124,nan
43.61,218.62786865234375,-192.535888671875,-6.608909606933594,219.08331891057145,-192.94743472989742,-6.612374117565545,0.613854297392625,0.5290305697333708,0.11482691452934254,3.6767580327768535e-05,9.434459936078772,28.230726881355253,nan,nan,nan
43.62,218.6251220703125,-192.52723693847656,-6.610392093658447,219.08081842294095,-192.93864910845068,-6.61062103048882,0.6139374494309288,0.529083183563427,0.11484287684735743,3.600498361244287e-05,9.057095595704814,28.121376738207942,nan,7.0138620583711635,nan
43.63,218.622314453125,-192.51858520507812,-6.61195707321167,219.07825947378853,-192.9298710007506,-6.612163392451197,0.6140373849835592,0.5291358836129922,0.1148589059388915,3.6727458668646564e-05,9.004954986659628,27.82631873563037,nan,nan,nan
43.64,218.61944580078125,-192.5099334716797,-6.613602638244629,219.07563123544614,-192.92109120074065,-6.613082375958021,0.6141303604608765,0.5291886700013898,0.11487500193200462,3.59671773555352e-05,8.959989210041446,27.579005169874566,nan,0.3329851160447248,nan
43.65,218.6165008544922,-192.50128173828125,-6.615328788757324,219.05884143538037,-192.90805447734698,-6.6149246735698135,0.6009404413555623,0.5291207662168701,0.11486706168584031,3.6665786577375935e-05,9.085490586995475,27.616884758471073,2.550905976275396,nan,nan
43.660000000000004,218.61349487304688,-192.4926300048828,-6.617134094238281,219.05605911993243,-192.89927423171963,-6.61629836015675,0.6010185839826793,0.5291733286675183,0.11488318173774985,3.590870342005081e-05,9.049297979454037,27.4162380660133,nan,0.11230869441032093,nan
43.67,218.6104278564453,-192.4839630126953,-6.619018077850342,219.05321291384644,-192.89049487740795,-6.618157187734422,0.6011052363906336,0.5292259772568734,0.1148993687398821,3.6628668158194383e-05,9.000601170761998,26.368259640941368,nan,nan,nan
43.68,218.6072998046875,-192.47531127929688,-6.620979309082031,219.05030378640183,-192.8817165230683,-6.620587772308459,0.6011804248981311,0.5292787121081071,0.11491562282318629,3.587377414093132e-05,8.934262895347663,27.075501816220747,nan,0.16299782323177447,nan
43.69,218.60409545898438,-192.46665954589844,-6.623016834259033,219.04542894209223,-192.88481531992093,-6.622607303306874,0.6079717611666376,0.529300093456988,0.11370448810917722,3.6593005737237786e-05,13.846050543496942,32.40186628773418,nan,nan,0.11494570972587798
43.7,218.60084533691406,-192.4580078125,-6.6251301765441895,219.0347755541378,-192.87792524002575,-6.624896893010503,0.6038428055221785,0.5292330075212088,0.11369462536713383,3.581829078128852e-05,14.449477396033867,31.528589188912697,4.511015520748744,0.018415979317308248,nan
43.71,218.59751892089844,-192.44935607910156,-6.627318382263184,219.0316598635634,-192.86918893187237,-6.62707321009582,0.6039354621754568,0.5292853072504156,0.11370682242820555,3.6535978677945103e-05,14.374922584862574,31.91078646940055,nan,nan,nan
43.72,218.59414672851562,-192.44070434570312,-6.629580020904541,219.02848249492584,-192.86045137986238,-6.629051623085386,0.6040160675618627,0.5293376917261249,0.11371907972172005,3.578619485078989e-05,14.307622506270455,31.38019536461358,nan,0.050379916234371616,nan
43.730000000000004,218.5906982421875,-192.4320526123047,-6.631915092468262,219.0252451969,-192.85171582376748,-6.631374950410213,0.6041097240225507,0.5293901611027001,0.11373139748368058,3.650327836923889e-05,14.233856399027799,31.779626352518992,nan,nan,nan
43.74,218.5872039794922,-192.42340087890625,-6.63431453704834,219.0219485714619,-192.84298194854125,-6.633986712971234,0.6041947051336958,0.5294427155153091,0.1137437757696025,3.575548256789414e-05,14.156071193056212,31.272119287276713,nan,0.032377289099366234,nan
43.75,218.58363342285156,-192.4147491455078,-6.636722087860107,219.0434704573705,-192.84063060681152,-6.636403479736715,0.6267577035094778,0.5293755076830072,0.11373403892764629,3.644930258976758e-05,13.538395104248593,32.199386804090956,6.5697932273030455,nan,nan
43.76,218.58001708984375,-192.40609741210938,-6.6391096115112305,219.0400911106106,-192.83188038628853,-6.637021183409515,0.6268680939538747,0.5294278419723744,0.1137464507252016,3.570434800408712e-05,13.585503266296172,31.794607142891405,nan,2.220575053216622,nan
43.77,218.5763397216797,-192.39744567871094,-6.641463756561279,219.03665701085967,-192.82314028030126,-6.639404956807739,0.6269865542398629,0.5294802610961165,0.11375892322825179,3.6419478803389526e-05,13.50769433046856,31.813641846970924,nan,nan,nan
43.78,218.57261657714844,-192.3887939453125,-6.643778324127197,219.03316635602462,-192.81440210138857,-6.642034144810694,0.6270976347450693,0.5295327651912346,0.11377145650208863,3.5676381852814216e-05,13.405533529600056,31.321616570839232,nan,0.05368753804456207,nan
43.79,218.56881713867188,-192.38014221191406,-6.646049976348877,219.02961871257017,-192.80566304433282,-6.644344879460086,0.627223227156724,0.529585354409276,0.11378405076811206,3.6391054907291446e-05,13.328464251516733,31.88152906641112,nan,nan,nan
43.800000000000004,218.56497192382812,-192.37149047851562,-6.64827823638916,219.02209659279862,-192.79901612998174,-6.646978986333854,0.6258936280979487,0.5295180252175703,0.11377443573139229,3.5628067715072324e-05,13.707203209020447,31.28250525596959,2.3580767010811203,0.06491146212058016,nan
43.81,218.5610809326172,-192.3628387451172,-6.650463104248047,219.01843461929343,-192.79029505040424,-6.649209346446014,0.6260134659531167,0.5295703939021787,0.11378706310127018,3.634144091462288e-05,13.633248130292843,30.899479301104964,nan,nan,nan
43.82,218.55712890625,-192.35418701171875,-6.652604579925537,219.01471788239954,-192.7815732849106,-6.651156877932577,0.6261379987250852,0.5296228474926155,0.11379975148469954,3.5602763995291715e-05,13.579053892965351,31.05207289302002,nan,0.03949834877712716,nan
43.83,218.55311584472656,-192.3455352783203,-6.654703617095947,219.01094774142322,-192.772853119296,-6.653301017782628,0.6262687523210942,0.5296753861389478,0.11381250109430882,3.631577423226604e-05,13.504534534286453,31.21384007689327,nan,nan,nan
43.84,218.54905700683594,-192.33689880371094,-6.656761169433594,219.00712694407656,-192.7641421783547,-6.657295568375932,0.6263906561905587,0.5297280099804548,0.11382531200849823,3.5578753063354734e-05,13.387499887005005,31.689824556091736,nan,2.4434821915573663,nan
43.85,218.54495239257812,-192.3282470703125,-6.658777713775635,218.99228404399165,-192.75051605846326,-6.6593511184200676,0.6151561049872643,0.5296605599813647,0.11381581476222621,3.626897377895493e-05,13.336721562261804,30.406222123670233,1.1568140788656374,nan,nan
43.86,218.54078674316406,-192.31959533691406,-6.6607537269592285,218.9883406709914,-192.7417999819234,-6.663688779394318,0.6152803386375458,0.5297129628822993,0.11382865835066046,3.5534441605327876e-05,13.501609453636283,30.84181002036403,nan,3.608994619718327,nan
43.87,218.5365753173828,-192.3109588623047,-6.66269063949585,218.98434321487136,-192.73307404253458,-6.66571457445862,0.6153750560304577,0.5297654507714701,0.11384156339599238,3.6245962019251434e-05,13.441863184573586,31.439456617614983,nan,nan,nan
43.88,218.5323028564453,-192.30230712890625,-6.664588928222656,218.9802935049154,-192.72434251651802,-6.66633954392619,0.6154775009442804,0.5298180237893361,0.11385452998445493,3.551295835128939e-05,13.207904389477925,30.65578842275769,nan,1.2731497103618243,nan
43.89,218.52806091308594,-192.29367065429688,-6.666449069976807,218.97622519834974,-192.71561744355355,-6.668276456932216,0.6155433850616208,0.5298706820841506,0.11386755831697072,3.622423575035684e-05,13.147010414302239,30.77368315917713,nan,nan,nan
43.9,218.5238494873047,-192.28501892089844,-6.668272495269775,218.96207534414907,-192.71118558744092,-6.671193942840505,0.611284274404991,0.5298031118186667,0.11385817463769735,3.5471208913984426e-05,14.293065768662702,30.16025509461759,11.400111326283033,0.8919653376764459,nan
43.910000000000004,218.5196990966797,-192.2763671875,-6.6700592041015625,218.9580809234415,-192.70249862146852,-6.673067621551554,0.6113719617603165,0.5298555487675756,0.11387123518494136,3.618139831538026e-05,14.238972705096776,30.197914094137822,nan,nan,nan
43.92,218.51564025878906,-192.26773071289062,-6.671810626983643,218.95415484164167,-192.69380930698972,-6.674208991098638,0.6114276407509592,0.5299080707778501,0.11388435750986753,3.545214514419394e-05,14.087138037693451,30.26989463199463,nan,0.3345254206772562,nan
43.93,218.5116424560547,-192.25909423828125,-6.673526763916016,218.9503042012295,-192.68512334034028,-6.676006679043016,0.6114990371701946,0.5299606779968203,0.113897541806442,3.616216903590221e-05,14.03060199415471,30.667048408344673,nan,nan,nan
43.94,218.50772094726562,-192.2504425048828,-6.675209045410156,218.94653074495082,-192.67643983263912,-6.678265668213719,0.6115857296757332,0.5300133705663678,0.1139107881712998,3.5434250863126814e-05,14.061966921935221,29.89076237661058,nan,0.16852205818376695,nan
43.95,218.50389099121094,-192.24180603027344,-6.6768574714660645,218.98496356386585,-192.66897094883436,-6.680163459160997,0.6433596329927833,0.5299456805835326,0.11390151388082469,3.612184938608935e-05,12.08821208330929,31.272732780338313,45.69935972112939,nan,nan
43.96,218.5001220703125,-192.233154296875,-6.678473472595215,218.98140046063182,-192.66022391867452,-6.680514494253007,0.6434450377629348,0.5299981514046275,0.11391479197882379,3.539608703824787e-05,11.841478625107863,30.623585456356903,nan,1.2695410949712627,nan
43.97,218.49642944335938,-192.22451782226562,-6.680057048797607,218.97791367210073,-192.6514823286739,-6.68217692202237,0.643529522338796,0.5300507073655023,0.1139281322727501,3.610499607111739e-05,11.785125419116943,31.364036380366358,nan,nan,nan
43.980000000000004,218.49281311035156,-192.21588134765625,-6.681609153747559,218.9745004830275,-192.64273908629448,-6.68333392772398,0.6436095313744674,0.5301033486087471,0.11394153486538514,3.538044960755281e-05,11.682044286048292,31.146204273328497,nan,0.1555159300734791,nan
43.99,218.48927307128906,-192.2072296142578,-6.683130264282227,218.971160432239,-192.6339976931674,-6.68493048672235,0.6436999787325719,0.5301560752806019,0.11395499994150451,3.608928862774634e-05,11.627182912793122,30.062811200296156,nan,nan,nan
44.0,218.4857940673828,-192.19859313964844,-6.6846208572387695,218.986174894926,-192.64353958071314,-6.684834328959943,0.6695956642326166,0.5300882661238353,0.11394583069668794,3.5344548614553565e-05,12.621513752899501,31.136046185642584,22.900755831427535,1.6953096527629121,nan
44.01,218.48239135742188,-192.18995666503906,-6.686081886291504,218.9830139974569,-192.63486100047638,-6.6863548594972295,0.6697484377890968,0.530140770646712,0.11395932699600896,3.605246874410165e-05,12.560574770740695,30.82428161611904,nan,nan,nan
44.02,218.47906494140625,-192.18130493164062,-6.687513828277588,218.97992193391676,-192.62618325761474,-6.68805595241394,0.6699065201703748,0.5301933603829336,0.11397288582052915,3.5331047229652885e-05,12.507464987083049,29.65398356352051,nan,0.030264575692318055,nan
44.03,218.4757843017578,-192.17266845703125,-6.68891716003418,218.9768968537185,-192.61750489969134,-6.689522247031407,0.6700698594783316,0.5302460354782127,0.1139865073496267,3.603895931611777e-05,12.447496853428312,31.13257918401773,nan,nan,nan
44.04,218.4725799560547,-192.16403198242188,-6.690292835235596,218.97393684061845,-192.6088232390316,-6.690022064328933,0.6702223966511645,0.5302987960759538,0.11400019169415887,3.5318574666831004e-05,12.378387254401517,30.6653603271234,nan,0.6115490096369354,nan
44.050000000000004,218.46945190429688,-192.15538024902344,-6.691640853881836,218.92079023454443,-192.5805576536885,-6.691366569998813,0.620066277925194,0.5302308682925003,0.11399112317098897,3.6004333690414164e-05,12.619031705455457,28.561732134325577,21.37705345123275,nan,nan
44.06,218.46636962890625,-192.14674377441406,-6.692961692810059,218.91787575535446,-192.57185813683253,-6.693203354927134,0.6201451940919208,0.5302834063433349,0.11400483820662947,3.5285800060513484e-05,12.557578999546857,29.839493078507495,nan,0.14763463966194687,nan
44.07,218.46334838867188,-192.13809204101562,-6.69425630569458,218.9150225916227,-192.56315711765524,-6.694558052103818,0.6202338236832834,0.5303360296829875,0.11401861616458837,3.5992893370274625e-05,12.499365980355359,28.96000410505694,nan,nan,nan
44.08,218.4604034423828,-192.12945556640625,-6.695525646209717,218.9122294994401,-192.55445305896382,-6.694984147975749,0.6202982732012716,0.5303887384552426,0.1140324571604351,3.5275288793474164e-05,12.445378799856984,29.229899400125312,nan,0.5674103427212593,nan
44.09,218.45750427246094,-192.12081909179688,-6.6967692375183105,218.90949631495377,-192.54575151354976,-6.696280484390114,0.6203745710562572,0.5304415328052278,0.11404636136649814,3.5982447880342604e-05,12.38350407281751,29.612704830335137,nan,nan,nan
44.1,218.4546661376953,-192.11216735839844,-6.697988033294678,218.93545082658358,-192.5510800037001,-6.69927815470629,0.6509991487616081,0.530373486939895,0.11403738911160981,3.524446256849057e-05,12.54867098894503,29.11952503329749,8.826106420624907,1.9410628868825952,nan
44.11,218.45187377929688,-192.10353088378906,-6.699182510375977,218.932882166733,-192.5424043025712,-6.700544654373888,0.6511380820791505,0.5304260583472148,0.11405132344978368,3.595083423387151e-05,12.493062267284607,30.25409334497448,nan,nan,nan
44.12,218.4491424560547,-192.09487915039062,-6.700353145599365,218.9303697010342,-192.53372832437066,-6.7017717222015065,0.6512835566580141,0.5304787151164866,0.11406532104442835,3.523578830343284e-05,12.440703626404735,29.222897457159466,nan,0.00018861633734674108,nan
44.13,218.44647216796875,-192.08624267578125,-6.70150089263916,218.92791219924945,-192.52505218960454,-6.70299244093732,0.6514142444387556,0.5305314573925798,0.11407938206378757,3.594227416509814e-05,12.386496804366846,29.736983651694974,nan,nan,nan
44.14,218.44374084472656,-192.0775909423828,-6.702733993530273,218.92544845481115,-192.51638407311313,-6.7072557146409135,0.6516149776910576,0.5305842853196779,0.1140935066295464,3.522799645148239e-05,12.845341504516286,29.182999050485215,nan,6.315424680287458,nan
44.15,218.44091796875,-192.06895446777344,-6.704052448272705,218.9378684235718,-192.52079530040572,-6.708668117156555,0.6716704526631273,0.530516121918721,0.11408462618999014,3.5912526483372446e-05,13.533046957943872,31.01158075000122,9.764508755459929,nan,nan
44.160000000000004,218.43804931640625,-192.060302734375,-6.705454349517822,218.93529723021283,-192.51215475756243,-6.708437212320667,0.671888856965245,0.5305687265098618,0.11409878030677352,3.5199828718408126e-05,13.133454705814783,29.141168202075765,nan,1.9850395983360178,nan
44.17,218.4351043701172,-192.05165100097656,-6.706939697265625,218.9326598628605,-192.50351849239377,-6.70996048113687,0.6721270886476144,0.5306214165362125,0.1141129980593878,3.5905723215784795e-05,13.075460497815778,29.421777169099666,nan,nan,nan
44.18,218.43209838867188,-192.0430145263672,-6.708507061004639,218.9299570676286,-192.49488737678809,-6.713644546153553,0.6723680025950852,0.5306741921421176,0.1141272795730349,3.519369891021412e-05,13.510721072010819,30.50053781466103,nan,3.012401322804072,nan
44.19,218.4290313720703,-192.03436279296875,-6.710155010223389,218.92718893814026,-192.4862507748123,-6.715354753483809,0.6725999896649948,0.5307270534721985,0.11414162501069408,3.5899762759661174e-05,13.455441400689788,29.58351911730235,nan,nan,nan
44.2,218.42588806152344,-192.02572631835938,-6.711883544921875,218.9260191573616,-192.47019426123708,-6.717866123725856,0.6691178196097923,0.530658773081084,0.1141328318328299,3.516716894602559e-05,12.817576542634397,31.082453742115693,8.166289853233058,0.403372971913778,nan
44.21,218.42269897460938,-192.01707458496094,-6.713691234588623,218.9231209549929,-192.46152045275957,-6.719745222553428,0.6693212521835272,0.5307114106841821,0.11414720621487005,3.5872544626342646e-05,12.763855375748353,29.603998426371454,nan,nan,nan
44.22,218.41943359375,-192.0084228515625,-6.715577125549316,218.92015995295066,-192.45284651401337,-6.72165033951536,0.669534287749678,0.5307641337946142,0.11416164456877005,3.516258013595177e-05,12.733104476483888,30.048187445341974,nan,0.0020077508427525574,nan
44.230000000000004,218.41610717773438,-191.99978637695312,-6.717540740966797,218.91713685434493,-192.44417255693818,-6.723687314729646,0.6697369589437445,0.5308169425569181,0.11417614705450684,3.586816209509464e-05,12.678187880838449,30.761402475265115,nan,nan,nan
44.24,218.4127197265625,-191.9911346435547,-6.719580173492432,218.91405247627503,-192.43549711358176,-6.7251395663016185,0.6699428614078191,0.5308698371155685,0.11419071380178071,3.515873022665994e-05,12.44652959656083,29.74057358033697,nan,0.30723606513261653,nan
44.25,218.40927124023438,-191.9824981689453,-6.721695899963379,218.92582189672152,-192.43291344714768,-6.72735029544301,0.6853688610840555,0.530801440280085,0.11418200331985266,3.584249367941691e-05,12.381732246274979,30.82023252438648,1.9447746382892714,nan,nan
44.26,218.40577697753906,-191.97384643554688,-6.723886013031006,218.9226420170822,-192.42424330219046,-6.727408933049182,0.6855794757354947,0.5308541107231081,0.11419659838297674,3.513440675312816e-05,11.786823238554474,28.926500118429924,nan,3.4016332731584757,nan
44.27,218.40220642089844,-191.96519470214844,-6.726150035858154,218.9194029445896,-192.41557809523542,-6.7297244264622,0.6858208375041887,0.5309068667449854,0.11421125778235722,3.5839566615897485e-05,11.733471335857672,29.4689854860755,nan,nan,nan
44.28,218.39859008789062,-191.95655822753906,-6.728487014770508,218.9161054366841,-192.40691201037987,-6.731493875136014,0.6860391440472663,0.5309597084902157,0.11422598165023654,3.5131931269645234e-05,11.577072386219939,29.64188964230075,nan,0.2697286400633119,nan
44.29,218.39491271972656,-191.94790649414062,-6.730888366699219,218.91275023215803,-192.39824760247,-6.733947299805207,0.6862741144792629,0.5310126361032993,0.11424077014278382,3.583733693380089e-05,11.525260705454665,28.907376780691816,nan,nan,nan
44.300000000000004,218.39117431640625,-191.93927001953125,-6.733297824859619,218.9162518464423,-192.39527570941593,-6.734079268544779,0.695448209725343,0.5309441233690807,0.11423213771322763,3.5108952402497454e-05,11.518074483569196,29.660813750694984,1.6920126173832848,4.005929626462225,nan
44.31,218.38739013671875,-191.9306182861328,-6.735686779022217,218.91279638511116,-192.38662928078628,-6.736541781526307,0.695699995776857,0.5309968264802177,0.11424695386878926,3.5813742306237336e-05,11.466442063965301,28.4438565301495,nan,nan,nan
44.32,218.383544921875,-191.92198181152344,-6.738042831420898,218.9092851741698,-192.3779828989678,-6.738671437667464,0.6959455436880478,0.5310496152409617,0.11426183469606782,3.5107738251791216e-05,11.40119031623556,29.289410963355337,nan,0.06621364631506733,nan
44.33,218.379638671875,-191.913330078125,-6.740358829498291,218.90571880741356,-192.36933757657403,-6.741069527382294,0.6962066164160565,0.5311024897958342,0.1142767803491025,3.581280139887778e-05,11.349529650494903,28.66318783754039,nan,nan,nan
44.34,218.3756866455078,-191.90469360351562,-6.7426323890686035,218.9020979483571,-192.36069226039777,-6.743215381331244,0.6964509851567283,0.5311554502893027,0.11429179096332961,3.5107128471420135e-05,11.289755010794257,29.03457197021114,nan,0.03153654944751706,nan
44.35,218.37167358398438,-191.89605712890625,-6.744862079620361,218.89136632484082,-192.35331501194597,-6.745558771555213,0.6922180305947656,0.5310868222019761,0.11428323192297211,3.57904638562871e-05,11.696654169043372,29.066580893382046,2.0375794568007763,nan,nan
44.36,218.36761474609375,-191.8874053955078,-6.747048377990723,218.88762887946103,-192.34468815259174,-6.749090741551089,0.6924784401531362,0.5311395578095062,0.11429826952581566,3.508593696710547e-05,11.74867665396017,28.08007113662826,nan,1.116128216146796,nan
44.37,218.36349487304688,-191.87876892089844,-6.749191761016846,218.88383907440615,-192.3360596537001,-6.751332630282197,0.6927319001718557,0.5311923791367197,0.11431337215208255,3.579069936860646e-05,11.702933311016652,29.059854284924835,nan,nan,nan
44.38,218.3593292236328,-191.87013244628906,-6.7512922286987305,218.87999712748314,-192.3274330571375,-6.754491439585226,0.692985677869717,0.5312452863280316,0.11432853993897506,3.5086436123253684e-05,11.812232417057714,28.93369417752681,nan,0.6457450171247583,nan
44.39,218.35511779785156,-191.8614959716797,-6.753351211547852,218.87610394617792,-192.31880535562783,-6.756659878636695,0.6932311206753984,0.5312982795280445,0.1143437730378853,3.579149855127613e-05,11.772578274746293,28.655338236093424,nan,nan,nan
44.4,218.35086059570312,-191.85284423828125,-6.755369186401367,218.8862721333738,-192.30393284497782,-6.7593313285527366,0.7001158078009436,0.5312295366330919,0.11433528266389602,3.506632250625166e-05,10.694470551110076,28.179785215088845,15.378992304434558,0.1920625004313301,nan
44.410000000000004,218.34654235839844,-191.84420776367188,-6.757347106933594,218.88229513345857,-192.29525984136774,-6.76142549035765,0.7003539433670241,0.5312823045655303,0.1143505420538858,3.577081981394548e-05,10.658725239904152,29.28402440213159,nan,nan,nan
44.42,218.34217834472656,-191.8355712890625,-6.759284973144531,218.87826870559635,-192.2865869515979,-6.763189458881179,0.700587787417557,0.5313351582868315,0.11436586680025106,3.5067828461541836e-05,10.57587461543352,29.036635639073797,nan,0.059711717697492055,nan
44.43,218.33775329589844,-191.82693481445312,-6.7611846923828125,218.8741932941014,-192.27791507404982,-6.765203934585821,0.7008332330346262,0.5313880979416724,0.11438125705293974,3.577264562497224e-05,10.539984870815683,29.381292705218073,nan,nan,nan
44.44,218.3332977294922,-191.81829833984375,-6.7630462646484375,218.87006958154123,-192.26924412465593,-6.767409795709884,0.701067159689679,0.5314411236743536,0.11439671295132184,3.5069817180029305e-05,10.57962330041929,28.738252692037314,nan,0.036727804859621814,nan
44.45,218.3288116455078,-191.80966186523438,-6.764871120452881,218.8844122063808,-192.2666146698083,-6.769330832056142,0.719387057068677,0.5313722665173878,0.11438828649777069,3.5752962163079935e-05,10.38533327269902,29.67443153010584,2.841431046975404,nan,nan
44.46,218.32437133789062,-191.801025390625,-6.766659259796143,218.88029728554014,-192.25795229924825,-6.774531446155821,0.7196511866259139,0.531425066603156,0.11440376796856713,3.50511153295943e-05,11.547590498775971,30.471080341312504,nan,7.636098678051745,nan
44.47,218.3199920654297,-191.79238891601562,-6.768411636352539,218.87623292904087,-192.24928647175815,-6.776436567403907,0.7198775411921028,0.5314779525465806,0.11441931513656328,3.5755714690296736e-05,11.53193458139535,30.42100171965574,nan,nan,nan
44.480000000000004,218.31568908691406,-191.78375244140625,-6.770129203796387,218.87223714067903,-192.24061968004645,-6.776890246478693,0.7200827185750606,0.531530924491875,0.1144349281422934,3.505397609649748e-05,10.986769007689299,29.722515032231218,nan,1.4137897629443716,nan
44.49,218.31146240234375,-191.77511596679688,-6.771812915802002,218.8683175284038,-192.23195500116438,-6.778713478759684,0.7203035141593532,0.531583982583851,0.1144506071339589,3.57589120083649e-05,10.96652965878971,29.741292392382125,nan,nan,nan
44.5,218.3073272705078,-191.76649475097656,-6.773462772369385,218.88966725961438,-192.2298127916477,-6.77852707519389,0.7441835236600478,0.5315150117100059,0.11444223980961843,3.503611705097253e-05,9.961531815127481,30.143485689009395,6.010261040274295,2.5138336981802523,nan
44.51,218.30325317382812,-191.7578582763672,-6.775079727172852,218.88594843287763,-192.22114647978452,-6.780264629634448,0.7444438243131334,0.531567843778097,0.114457943632984,3.574052132596146e-05,9.934448745416848,30.020489199535238,nan,nan,nan
44.52,218.2992706298828,-191.7492218017578,-6.7766642570495605,218.88231034385922,-192.21248005494408,-6.7813446524441945,0.7446914953992225,0.5316207617713606,0.1144737134824986,3.5039760300456315e-05,9.760908520251046,29.348160037664417,nan,0.2760119575461365,nan
44.53,218.2953643798828,-191.74058532714844,-6.778217315673828,218.8787515992698,-192.20381462733664,-6.783013515564679,0.7449463308388948,0.5316737658347028,0.11448954950544317,3.574451502504981e-05,9.732897679352567,29.371384065401347,nan,nan,nan
44.54,218.2915496826172,-191.73194885253906,-6.7797393798828125,218.8752715569069,-192.19514833661236,-6.783591532181071,0.7451844252582085,0.5317268561121921,0.11450545184373521,3.5043779816777426e-05,9.467136764996802,28.53993612325485,nan,0.7923466936877469,nan
44.550000000000004,218.2877960205078,-191.72332763671875,-6.78123140335083,218.90870726440806,-192.20359846334765,-6.785215413979964,0.7849883515398524,0.5316577720671,0.11449713883387252,3.572689230862787e-05,9.575121941467414,30.997125844361793,13.167074277894072,nan,nan
44.56,218.28411865234375,-191.71469116210938,-6.782693386077881,218.9054411524096,-192.19496295811214,-6.787090637095083,0.7853164858452312,0.5317106359460155,0.11451306524254931,3.502700599823801e-05,9.637375599703452,30.178219809451843,nan,0.06571622152906628,nan
44.57,218.280517578125,-191.7060546875,-6.7841267585754395,218.90224917151502,-192.186327232549,-6.788635145521217,0.7856412777470294,0.5317635858176852,0.11452905800872036,3.573159597932636e-05,9.60901203921066,29.97334803031236,nan,nan,nan
44.58,218.2769775390625,-191.69741821289062,-6.785531044006348,218.89912980547007,-192.17769184225796,-6.790490775225724,0.7859776082023654,0.5318166218260834,0.11454511727501519,3.503169249802405e-05,9.69701116662471,30.50174375080231,nan,0.08105385290244513,nan
44.59,218.27352905273438,-191.68878173828125,-6.786907196044922,218.89608185363372,-192.16905623170865,-6.791983234099949,0.7862959653380521,0.5318697441162619,0.1145612431876456,3.573664188245079e-05,9.671436109984946,29.55486912091295,nan,nan,nan
44.6,218.27012634277344,-191.68016052246094,-6.7882561683654785,218.90621876429685,-192.164739858271,-6.792420768120065,0.7996549539049642,0.5318005474445947,0.1145529796436198,3.5015560200622425e-05,9.314066868134184,31.480705752610742,1.9608408985683456,0.5914359231713807,nan
44.61,218.26681518554688,-191.67152404785156,-6.789578437805176,218.90332997486837,-192.15610669241448,-6.793848910073317,0.7999935333300975,0.5318534429638752,0.11456912884429449,3.571999832785105e-05,9.285478266122434,29.600652464401787,nan,nan,nan
44.62,218.2635498046875,-191.6628875732422,-6.790874004364014,218.9005084397802,-192.14747273229452,-6.7944870312890435,0.8003450088283699,0.5319064245417489,0.11458534472629892,3.502083721359211e-05,9.10332909116807,30.291598096996477,nan,0.4120717275847854,nan
44.63,218.26036071777344,-191.6542510986328,-6.792144298553467,218.8977522383709,-192.13883900178834,-6.795856646102794,0.8006916809475172,0.5319594923233589,0.11460162743531117,3.572564417395665e-05,9.072579450183667,29.728230519017316,nan,nan,nan
44.64,218.25723266601562,-191.64561462402344,-6.793388843536377,218.89506103467002,-192.1302043201667,-6.795951637311759,0.8010360599751392,0.5320126464525384,0.11461797711476417,3.502639990877375e-05,8.830674454632938,29.587411237754797,nan,1.1012239591382915,nan
44.65,218.25416564941406,-191.63697814941406,-6.7946085929870605,218.87588146220972,-192.11974883707234,-6.797355792339314,0.7871503260791343,0.5319433376999042,0.11460975816631513,3.5709576692125036e-05,9.256896316124092,29.09559020223273,4.011282127458211,nan,nan
44.660000000000004,218.25115966796875,-191.6283416748047,-6.795804023742676,218.87328868764965,-192.11112622478876,-6.799317283195406,0.7874882740869371,0.53199626468814,0.11462613033147619,3.5011076859706866e-05,9.35433382214127,29.20481569093578,nan,0.3214033360371039,nan
44.67,218.2482147216797,-191.61972045898438,-6.796975612640381,218.8707568022239,-192.10250281298215,-6.800587607660828,0.7878137406062251,0.5320492778013507,0.11464256950089323,3.5715749648381287e-05,9.322268031807058,29.878392859834214,nan,nan,nan
44.68,218.2451934814453,-191.611083984375,-6.7982330322265625,218.8682218570204,-192.09387958160232,-6.802775749554301,0.7882110007824831,0.532102377183285,0.11465907581838378,3.501713398947791e-05,9.500396124942068,29.73036806510022,nan,0.5538844760538085,nan
44.69,218.24212646484375,-191.60244750976562,-6.799574851989746,218.86562246307489,-192.08525578180658,-6.804172636021532,0.788588756564165,0.5321555629792172,0.11467564942904769,3.572217883360356e-05,9.457855050397084,28.8996020132793,nan,nan,nan
44.7,218.23898315429688,-191.59381103515625,-6.801000118255615,218.82677644788635,-192.07746627595367,-6.804790299809022,0.7612080618436551,0.5229588077088753,0.11462767400721184,3.5002280734820144e-05,13.980006516777742,33.27426984977452,2.696207113348673,0.5431892590079717,0.0954168012488231
44.71,218.23577880859375,-191.58517456054688,-6.80250883102417,218.82403151594622,-192.0688797229593,-6.806347989996122,0.7615948207502191,0.523005865567816,0.11464500254245279,3.570682499019331e-05,13.915574106652807,33.13059495955155,nan,nan,nan
44.72,218.23251342773438,-191.5765380859375,-6.804098606109619,218.8212079112627,-192.06029050533866,-6.804681733041473,0.7619566511620987,0.5230530076766704,0.11466239158108303,3.500876882904944e-05,13.446046351936031,32.64051346188633,nan,7.718568614200291,nan
44.730000000000004,218.22918701171875,-191.56790161132812,-6.805769443511963,218.81833829065096,-192.0517034121766,-6.806371645032589,0.7623409831685297,0.5231002342461433,0.11467984126897725,3.5713691337756196e-05,13.380348879004073,32.554785048561065,nan,nan,nan
44.74,218.22579956054688,-191.55926513671875,-6.807519912719727,218.8154054347351,-192.0431159888283,-6.807755755820742,0.762723271958045,0.5231475453564879,0.1146973517493918,3.5015467679701175e-05,13.305949818428276,32.49578958569651,nan,0.10564685350722011,nan
44.75,218.22235107421875,-191.55062866210938,-6.809349536895752,218.79909721914711,-192.0309058395068,-6.809612326218334,0.7505347106408845,0.5230901023014588,0.11468940973623615,3.569876029521759e-05,13.534883213709001,32.02924438638454,2.3334973264930055,nan,nan
44.76,218.21884155273438,-191.5419921875,-6.811257362365723,218.79602119885988,-192.02231945846296,-6.811540756868417,0.7508999343752314,0.5231372193068937,0.11470692876619444,3.5001201032461524e-05,13.469916930691317,32.038955237739835,nan,9.050757582423373e-07,nan
44.77,218.2152862548828,-191.53334045410156,-6.813241958618164,218.79288594082567,-192.01373325083745,-6.813546797539767,0.7512647531222136,0.5231844207093089,0.11472450868376222,3.5706003684809267e-05,13.407734174669654,30.76441219456406,nan,nan,nan
44.78,218.21165466308594,-191.5247039794922,-6.815302848815918,218.78969022640567,-192.00514703897443,-6.815180410042489,0.7516319982932252,0.5232317065965367,0.11474214963264309,3.500825309459007e-05,13.340611598562422,32.13526848110263,nan,0.14296542553461616,nan
44.79,218.20797729492188,-191.5160675048828,-6.817439079284668,218.786438654173,-191.99656123795614,-6.817336422283126,0.7519918764241148,0.5232790771679604,0.11475985175803531,3.571343316057604e-05,13.276469144917778,31.61292861751584,nan,nan,nan
44.800000000000004,218.20423889160156,-191.50743103027344,-6.819650173187256,218.80219562459158,-191.99283589267674,-6.819574090332464,0.7701753961023797,0.5232215190499122,0.1147519154418333,3.499432448161746e-05,12.820525448534475,32.45949657526642,5.063714123971616,0.0007726221755456752,nan
44.81,218.200439453125,-191.49880981445312,-6.821934223175049,218.79886591913314,-191.98424790534193,-6.821881327851133,0.770561080059634,0.5232686951815207,0.11476962562843755,3.569900795225091e-05,12.75486800774497,33.383009329177625,nan,nan,nan
44.82,218.19659423828125,-191.49017333984375,-6.824291229248047,218.79549002833548,-191.97566091857928,-6.826529949428088,0.7709600302993733,0.5233159557407405,0.11478739708147932,3.500167801128625e-05,12.834979540265287,32.32030078224837,nan,3.629365346284465,nan
44.83,218.19268798828125,-191.48153686523438,-6.826711177825928,218.79204980271876,-191.96707338991,-6.829002624980795,0.7713530658070853,0.5233633009202217,0.11480522994585597,3.5706742858486726e-05,12.775867013564802,32.48937640121993,nan,nan,nan
44.84,218.18873596191406,-191.472900390625,-6.829137802124023,218.78856528060183,-191.95848703023202,-6.834049761918174,0.7717601463351743,0.52341073081786,0.11482312436572835,3.500918205469201e-05,13.255784115309272,32.61972986598339,nan,4.548310750527938,nan
44.85,218.18472290039062,-191.46426391601562,-6.831543922424316,218.7738340348639,-191.93950654882218,-6.836578531832476,0.7569232696179976,0.5233530577555257,0.11481519034816189,3.569261018322969e-05,12.625614189002311,32.656029669050376,5.734674318169474,nan,nan
44.86,218.18064880371094,-191.45562744140625,-6.833916187286377,218.7702153056847,-191.93088842917672,-6.838429248444309,0.7572859661100002,0.5234002928799657,0.1148330923191807,3.499565431531234e-05,12.43508395638816,32.7572303494505,nan,0.299262707326896,nan
44.87,218.17652893066406,-191.44699096679688,-6.83624792098999,218.76654672989636,-191.92227091841696,-6.840888268576702,0.7576500304551159,0.523447612560247,0.1148510559327984,3.570060242209459e-05,12.394515695672975,32.41863124277495,nan,nan,nan
44.88,218.17236328125,-191.4383544921875,-6.838537216186523,218.7628268347572,-191.91365390907245,-6.84340641075618,0.7580108526711687,0.5234950169002123,0.11486908133335923,3.500339923701955e-05,12.407627773729828,32.14217251988564,nan,0.00700305522873626,nan
44.89,218.16815185546875,-191.4297332763672,-6.840782165527344,218.75905541334174,-191.9050373224764,-6.845783614505464,0.758357412732698,0.5235425060836232,0.11488716866548256,3.570872516427908e-05,12.368682761216034,32.62544190891377,nan,nan,nan
44.9,218.16387939453125,-191.4210968017578,-6.842983245849609,218.74183252121247,-191.89435752573175,-6.8460136281167365,0.7470038237610441,0.5234847180939391,0.11487923350265423,3.4990102568955555e-05,12.309823119797857,31.24603518523509,3.4995719498432303,3.2133334798070083,nan
44.910000000000004,218.15956115722656,-191.41246032714844,-6.8451409339904785,218.73793445197427,-191.88574929961007,-6.8482844584785,0.7473473096742309,0.5235320121659032,0.11489732785417395,3.5694931316436805e-05,12.264069875205504,30.986090476288837,nan,nan,nan
44.92,218.1551971435547,-191.40383911132812,-6.847255706787109,218.73398621085414,-191.8771415429495,-6.850321615237115,0.7476773207732665,0.5235793908379857,0.11491548422044497,3.4998047310893145e-05,12.194519872133807,31.500421874319915,nan,0.025891414235101176,nan
44.93,218.15077209472656,-191.39520263671875,-6.849328994750977,218.72998979245244,-191.86853419987528,-6.852506825219488,0.7480280801183634,0.5236268542887289,0.11493370274599755,3.5703256408540207e-05,12.148908951616175,31.136039469807955,nan,nan,nan
44.94,218.14630126953125,-191.38656616210938,-6.851360321044922,218.72594572657562,-191.8599273964553,-6.854847443312616,0.7483787241667624,0.5236744026297825,0.11495198357531271,3.500609553078856e-05,12.154012861309592,31.016669318090038,nan,0.02717131197487672,nan
44.95,218.1417999267578,-191.37794494628906,-6.853351593017578,218.73404370835706,-191.85068981979126,-6.856877941023881,0.7577947264238831,0.5236164998042638,0.11494404378143686,3.5689657431593814e-05,11.480518299417058,31.546003771829458,6.049781009044248,nan,nan
44.96,218.13723754882812,-191.3693084716797,-6.855302810668945,218.72992043528527,-191.84206668436195,-6.856136006818966,0.7581385267703535,0.5236638526964533,0.11496233107714814,3.499305886789763e-05,11.093474838882985,30.945139008505002,nan,5.569837294087716,nan
44.97,218.13262939453125,-191.36068725585938,-6.857215404510498,218.72575946923968,-191.83344404796043,-6.8581358430097525,0.7584873876395912,0.523711290301987,0.1149806807562924,3.569814716398778e-05,11.037712762224302,31.570262571205344,nan,nan,nan
44.980000000000004,218.1279754638672,-191.35205078125,-6.8590898513793945,218.72155594147324,-191.82482192971793,-6.861222167634259,0.758851032147499,0.5237588127370684,0.1149990929633676,3.500126125604089e-05,11.086179487346278,30.815370839152504,nan,0.8921215955787797,nan
44.99,218.12327575683594,-191.3434295654297,-6.860926628112793,218.71730341255855,-191.81620039926864,-6.863158941521988,0.7592009617454633,0.5238064201734295,0.11501756784287795,3.5706724677142553e-05,11.036902036659132,31.510267353420424,nan,nan,nan
45.0,218.11854553222656,-191.33480834960938,-6.862727165222168,218.737121326727,-191.81138639066904,-6.865422512561243,0.7808776521705474,0.5237484025304401,0.11500961989228607,3.498837398695377e-05,10.389782043745065,32.60094803871194,10.640506365618055,0.07315394338080647,nan
45.01,218.11386108398438,-191.326171875,-6.8644914627075195,218.73287874946521,-191.80275383650226,-6.867291840039862,0.7812304898811208,0.5237958141764438,0.11502810066418878,3.569333690135749e-05,10.347780814029758,31.14159976015965,nan,nan,nan
45.02,218.10922241210938,-191.3175506591797,-6.866220474243164,218.72867731162108,-191.79412218371283,-6.8670318764155995,0.7815660233776734,0.5238433105901906,0.11504664418457893,3.499669873549197e-05,10.091608445007687,32.312198309851766,nan,3.098868605700283,nan
45.03,218.1046600341797,-191.30892944335938,-6.867915630340576,218.72455124862003,-191.78549085491133,-6.868811877799997,0.7819058127295287,0.5238908919394686,0.11506525059799855,3.570203847991898e-05,10.040661077785057,32.21245683654236,nan,nan,nan
45.04,218.10018920898438,-191.30030822753906,-6.869576454162598,218.72050068696993,-191.7768603225613,-6.868992411452692,0.7822330663533701,0.5239385583463843,0.11508392004888947,3.500509140153018e-05,9.974110273591661,31.742302445427693,nan,1.7320578113891192,nan
45.050000000000004,218.09580993652344,-191.2916717529297,-6.871204376220703,218.71851254676648,-191.7685281439817,-6.870862179632223,0.7843154184313604,0.5238804259550409,0.11507596037866999,3.568877224635061e-05,9.880796402768828,30.785214209115452,1.3953568720269927,nan,nan
45.06,218.0915069580078,-191.28305053710938,-6.872799873352051,218.71464465317968,-191.75989679953665,-6.87450428000277,0.7846565172972135,0.5239278962303724,0.11509463512724709,3.4992358263314583e-05,9.9073341920526,31.937689817823134,nan,2.7457508405572737,nan
45.07,218.0872802734375,-191.27442932128906,-6.874363422393799,218.71085643511395,-191.7512660802483,-6.87616341778169,0.7849992127953367,0.5239754513749117,0.11511337298588016,3.56975690280457e-05,9.861828527443652,32.22859016951646,nan,nan,nan
45.08,218.08314514160156,-191.26580810546875,-6.875895977020264,218.70714775144083,-191.74263600444877,-6.8759675721118105,0.7853305720890867,0.5240230915141593,0.11513217409893452,3.5000840373403885e-05,9.718573420897208,31.69204171687738,nan,2.3502453692914873,nan
45.09,218.0791015625,-191.25718688964844,-6.8773980140686035,218.7035268245864,-191.73400573237433,-6.877548074719388,0.7856609569199132,0.5240708168108248,0.11515103861106825,3.5706421859770986e-05,9.66706539318593,31.225341936818904,nan,nan,nan
45.1,218.0751190185547,-191.24856567382812,-6.878870010375977,218.6648742839147,-191.70581567393447,-6.877192574216845,0.7462517332704776,0.5240125696890727,0.11514306362333225,3.49881963951241e-05,9.315453461524188,31.10374387794795,14.485149303462284,2.600833352393732,nan
45.11,218.07122802734375,-191.23992919921875,-6.880312919616699,218.66135753776788,-191.697144495703,-6.878696300378727,0.7465261414514274,0.5240600985095241,0.1151619328181078,3.5693272626351926e-05,9.257828477544866,29.69850181007876,nan,nan,nan
45.12,218.06741333007812,-191.23130798339844,-6.8817267417907715,218.6579183007438,-191.68847342761455,-6.879694299965349,0.746793475189737,0.5241077122607608,0.11518086548066885,3.499674389716437e-05,9.250998717549681,30.572148055933393,nan,0.16107806024822066,nan
45.13,218.0636749267578,-191.22268676757812,-6.88311243057251,218.65455733099526,-191.67980206263542,-6.881137501398849,0.7470611146070868,0.5241554111025967,0.11519986175577622,3.570219217684808e-05,9.190802633143756,30.49983867604411,nan,nan,nan
45.14,218.0600128173828,-191.2140655517578,-6.884470462799072,218.65127446112635,-191.67113023256047,-6.883799763586143,0.7473278421395656,0.52420319516487,0.11521892178763973,3.500533341021768e-05,9.04331595949881,30.260095514070244,nan,1.095962852366118,nan
45.15,218.05641174316406,-191.2054443359375,-6.885801792144775,218.6417174294044,-191.66192506707708,-6.88526443877933,0.7422652443672877,0.5241448333636459,0.11521092785241438,3.568911147185093e-05,9.207675210839621,30.446494243740613,1.0643927295235494,nan,nan
45.160000000000004,218.0529022216797,-191.1968231201172,-6.887106418609619,218.63856608230506,-191.6532580694776,-6.886963270754793,0.7425193877142667,0.5241924206048958,0.11522999193177076,3.499276693519192e-05,9.149689394591551,29.581677017633908,nan,0.07281054032783271,nan
45.17,218.04945373535156,-191.1881866455078,-6.888384819030762,218.63548504576684,-191.64459096121027,-6.888318810322646,0.7427904149462534,0.5242400928693121,0.11524911983357942,3.5698076181642906e-05,9.099985504319939,29.099828468086336,nan,nan,nan
45.18,218.0460662841797,-191.1795654296875,-6.8896379470825195,218.63247484913796,-191.6359233595867,-6.890251342837647,0.7430598505454805,0.524287850289186,0.11526831170193229,3.5001399446451474e-05,9.059900844466547,30.164266533983927,nan,0.2557902941563639,nan
45.19,218.04275512695312,-191.1709442138672,-6.890865802764893,218.629531523559,-191.627255680668,-6.891563899450499,0.7433217215221469,0.5243356930206585,0.11528756768176975,3.57070743137287e-05,9.012658050700969,29.771458240212958,nan,nan,nan
45.2,218.0395050048828,-191.16232299804688,-6.892069339752197,218.62676784232033,-191.62599309282308,-6.894777248028945,0.7482479066406926,0.5242772165561841,0.1152795511385411,3.4988879527945216e-05,9.847164474201394,29.85451524344753,6.017232170831328,2.655871595662862,nan
45.21,218.03631591796875,-191.15370178222656,-6.893249034881592,218.62395182728207,-191.61735476265986,-6.896061776838282,0.7485305335766106,0.5243248621189845,0.11529881051104203,3.5694043911966566e-05,9.808821231283723,29.957433456988007,nan,nan,nan
45.22,218.0330810546875,-191.1450653076172,-6.894514083862305,218.62113698939086,-191.60871596681002,-6.897378125616796,0.7488590780947834,0.5243725927761086,0.11531813405659833,3.6413518940728956e-05,9.761755608342849,28.51284012904695,nan,nan,nan
45.230000000000004,218.02976989746094,-191.13644409179688,-6.895864009857178,218.61825975359642,-191.60007674317916,-6.898780428685701,0.749188929243425,0.5244204086720565,0.1153375219197102,3.714744911443238e-05,9.713048327228826,29.767696652092766,nan,nan,nan
45.24,218.02639770507812,-191.12782287597656,-6.897296905517578,218.61532131560205,-191.59143703544692,-6.900510585894664,0.7495194698174948,0.5244683099466306,0.11535697424453731,3.636478010998651e-05,9.715955995195861,29.801161362878823,nan,0.03857430202608228,nan
45.25,218.02296447753906,-191.1191864013672,-6.898812770843506,218.65172016216795,-191.59837273296262,-6.902166226182067,0.7905469606568164,0.5244097188553125,0.11534893140607366,3.707363221742998e-05,9.564531608621973,30.437168567732645,14.904050390273031,nan,nan
45.26,218.0194854736328,-191.11056518554688,-6.900410175323486,218.64872701756008,-191.58975337561068,-6.902543125637894,0.7909303329482568,0.5244574226130888,0.11536838644926643,3.629467468050679e-05,9.335838812385068,30.371408064053448,nan,1.0764389700373178,nan
45.27,218.01593017578125,-191.1019287109375,-6.902088642120361,218.645676652888,-191.58113310383987,-6.904270682579457,0.791342047982957,0.5245052115461691,0.11538790601312365,3.702506383866796e-05,9.289339380989636,30.294087760844757,nan,nan,nan
45.28,218.0123291015625,-191.0933074951172,-6.903846263885498,218.64257039523184,-191.57251177684324,-6.907757539128626,0.791742464406589,0.5245530857910243,0.11540749024137713,3.624876483272187e-05,9.532424389208757,30.78859199066211,nan,1.8509890401159064,nan
45.29,218.0086669921875,-191.08468627929688,-6.9056830406188965,218.63940370428102,-191.5638911948634,-6.909663341537929,0.7921376104447226,0.524601045499757,0.11542713927932764,3.697795261286166e-05,9.488634083375125,30.86657402103814,nan,nan,nan
45.300000000000004,218.00494384765625,-191.0760498046875,-6.90759801864624,218.62898909149862,-191.55160954970026,-6.90908224897182,0.7845965462443414,0.5245423397950193,0.11541906643202811,3.618172731614518e-05,9.042636543655815,29.581978737763254,1.247986393856365,3.9097747036341564,nan
45.31,218.00115966796875,-191.0674285888672,-6.9095892906188965,218.62569644152964,-191.54298203938978,-6.911119213121367,0.7849838256274194,0.5245901016363791,0.1154387174950213,3.69088672198591e-05,8.995177910203745,30.516249302093346,nan,nan,nan
45.32,217.99732971191406,-191.05880737304688,-6.911657333374023,218.62234953167606,-191.53435390642628,-6.914433302349994,0.7853674213438235,0.5246379487217407,0.11545843342155741,3.6138693785833734e-05,9.095673537727103,30.166681574312676,nan,0.9516013252825942,nan
45.33,217.99343872070312,-191.0501708984375,-6.913800239562988,218.6189457091152,-191.525726439215,-6.916636539606435,0.7857608475321527,0.5246858812016876,0.11547821435705283,3.686477377837228e-05,9.052715285135877,29.618227306266352,nan,nan,nan
45.34,217.989501953125,-191.0415496826172,-6.916017532348633,218.61548590180115,-191.5170995027521,-6.917948890760816,0.786134381372455,0.5247338992149698,0.11549806044506189,3.60970824889474e-05,8.889176932526611,29.83911802838814,nan,0.6196167222354448,nan
45.35,217.98550415039062,-191.0329132080078,-6.918308734893799,218.64985338542948,-191.52482899885925,-6.920325440356244,0.8266469128271327,0.5246750789223384,0.11548995385403558,3.679891417394383e-05,8.868783110134142,30.818109130154216,13.525768225116005,nan,nan
45.36,217.98146057128906,-191.0242919921875,-6.9206719398498535,218.64635258085067,-191.5162265782975,-6.922867430409622,0.827094820180189,0.5247228987169785,0.11550980125496102,3.6034607620862914e-05,8.844236861572169,31.192578908391795,nan,0.010050364072964313,nan
45.37,217.97735595703125,-191.0156707763672,-6.923098087310791,218.64279889591617,-191.50762452480276,-6.925355994160282,0.8275493300432057,0.5247708038362467,0.11552971386057773,3.675784877844097e-05,8.801376960173853,31.471181520840368,nan,nan,nan
45.38,217.97320556640625,-191.00704956054688,-6.925530433654785,218.63919330749013,-191.49902267166442,-6.928030919471811,0.8279996773948701,0.52481879442012,0.11554969181433516,3.5995902573900266e-05,8.789120731160732,31.150301904557082,nan,0.01522469409575802,nan
45.39,217.968994140625,-190.9984130859375,-6.927941799163818,218.63553603250944,-191.4904212413885,-6.930550233575595,0.8284666092228832,0.5248668706173425,0.11556973526181157,3.6718272186815645e-05,8.754696452628828,30.78240419924904,nan,nan,nan
45.4,217.96475219726562,-190.9897918701172,-6.930319309234619,218.63094012088413,-191.48214177109858,-6.935141854839111,0.8283948524210161,0.524807935747169,0.11556159116982345,3.5936494608270196e-05,9.246792881559093,30.929879337484486,0.27199139669844313,3.1536365761291756,nan
45.410000000000004,217.96043395996094,-190.98117065429688,-6.932656288146973,218.6271798752952,-191.47354354029332,-6.937618711503929,0.8288581302762146,0.524855813372444,0.11558163519972217,3.665715017997106e-05,9.224436186393197,32.02559892983005,nan,nan,nan
45.42,217.95608520507812,-190.97254943847656,-6.934950351715088,218.6233689110373,-191.46494645165518,-6.938867038923195,0.8292995256627766,0.5249037763927137,0.11560174476987985,3.5900675837921256e-05,8.93396171926731,30.819633523220677,nan,0.9457944025707165,nan
45.43,217.95169067382812,-190.96392822265625,-6.937200546264648,218.61951018683675,-191.456348932333,-6.941248934839988,0.8297454107879554,0.524951824955747,0.11562192002596663,3.662058257514618e-05,8.90861636933879,30.60526951875307,nan,nan,nan
45.44,217.94723510742188,-190.95530700683594,-6.939406871795654,218.61560350051104,-191.44775153616186,-6.944041942896707,0.8302044370079801,0.5249999592029858,0.11564216111128958,3.5866271166134115e-05,9.014329850238674,31.205425856607892,nan,0.13849772858945583,nan
45.45,217.94273376464844,-190.94668579101562,-6.9415693283081055,218.6193958132566,-191.43587719062262,-6.946284453080162,0.8349862189746995,0.5249409097718414,0.11563397574503895,3.656260486190343e-05,8.46771486387816,31.5604960486132,4.627705868456318,nan,nan
45.46,217.9381866455078,-190.9380645751953,-6.943688869476318,218.61541102083436,-191.4272609643719,-6.948412844374112,0.8354449578869172,0.524988845092951,0.11565421666417118,3.5811323879730333e-05,8.438371323950474,31.38972106192796,nan,0.011215296692676234,nan
45.47,217.93359375,-190.929443359375,-6.945766448974609,218.6113796363911,-191.4186451546599,-6.950627360430835,0.8359041408924385,0.5250368658855465,0.1156745234579354,3.6528997507604626e-05,8.417966378916645,31.253623306307446,nan,nan,nan
45.480000000000004,217.928955078125,-190.9208221435547,-6.947802543640137,218.60730238365502,-191.41002960578862,-6.95312566616865,0.8363655562364255,0.5250849722918337,0.1156948962695612,3.5779749402923313e-05,8.519295150631102,31.265447296601085,nan,0.07118258869185495,nan
45.49,217.9242706298828,-190.91220092773438,-6.949798107147217,218.60317914944838,-191.4014147228896,-6.955262564156268,0.8368254152445959,0.5251331644584358,0.11571533524483958,3.6496834592066854e-05,8.502032768070848,31.196835793869184,nan,nan,nan
45.5,217.91954040527344,-190.90357971191406,-6.951753616333008,218.5927893018443,-191.38979202654235,-6.956226292851142,0.8304736578997113,0.5250740004739003,0.11570710481277299,3.572773187147302e-05,8.189339103956822,30.675230428068584,0.43711937073337326,0.9276785754389257,nan
45.51,217.91477966308594,-190.89495849609375,-6.953670501708984,218.58856600539875,-191.38117299745767,-6.9582748574198146,0.8309114131574731,0.5251219933584831,0.11572754285554375,3.644338655768457e-05,8.168652933658155,29.95685929001627,nan,nan,nan
45.52,217.9099578857422,-190.88633728027344,-6.9555487632751465,218.58429739512997,-191.37255577475335,-6.958494915404517,0.831354844881554,0.5251700717853981,0.1157480471013193,3.56989203432565e-05,7.787328353812833,30.28071810694653,nan,2.1755117001052255,nan
45.53,217.90509033203125,-190.87771606445312,-6.957389831542969,218.5799863789923,-191.3639379435037,-6.960451546247195,0.8318087303990166,0.5252182359006843,0.11576861769595286,3.6414090487489796e-05,7.759121947979603,30.27619693686677,nan,nan,nan
45.54,217.9001922607422,-190.86911010742188,-6.959194183349609,218.57563199884632,-191.3553210126176,-6.961999801335315,0.8322426062355256,0.5252664858474261,0.11578925478257607,3.567145359570633e-05,7.679425871363388,30.324813342479654,nan,0.09418604467036225,nan
45.550000000000004,217.89524841308594,-190.86048889160156,-6.960962772369385,218.58629441546768,-191.35220531144307,-6.963933196690787,0.848138218906673,0.5252072073194798,0.11578097548203568,3.636358868563121e-05,7.6085428009082445,30.359785193120036,2.25943335876955,nan,nan
45.56,217.89031982421875,-190.85186767578125,-6.962696075439453,218.5819154285128,-191.34359450869135,-6.966954757302484,0.8485976045534449,0.5252552576273333,0.11580161085241221,3.562362418664799e-05,7.834670426626876,30.87510234023723,nan,0.938031043396429,nan
45.57,217.88546752929688,-190.84326171875,-6.964394569396973,218.5775774182701,-191.33498508152712,-6.968780584988377,0.8490154303946034,0.5253033935509029,0.11582231275337151,3.6337070698721814e-05,7.8148719378175375,30.8065029198102,nan,nan,nan
45.58,217.88067626953125,-190.8346405029297,-6.96605920791626,218.57330864451566,-191.3263757134448,-6.9710676566730445,0.8494517106321253,0.5253516152337091,0.11584308132799834,3.559880561920125e-05,7.9511564524552165,30.890177024766636,nan,0.16674421702704403,nan
45.59,217.8759765625,-190.82601928710938,-6.967690467834473,218.5691213206023,-191.31776715647433,-6.972832696406105,0.8498776766243261,0.525399922821136,0.11586391672222084,3.631190064068781e-05,7.936331173040817,30.537425367108046,nan,nan,nan
45.6,217.87136840820312,-190.81741333007812,-6.969289779663086,218.56903784224465,-191.2966499752804,-6.97441629167151,0.8464258280711431,0.5253405297547823,0.11585558473640774,3.55536777090407e-05,6.935666902994296,31.852173753416704,17.377062568394578,0.01616336500747508,nan
45.61,217.86685180664062,-190.8087921142578,-6.970856666564941,218.56504285059822,-191.28799081632587,-6.9761167891629885,0.8468351662608572,0.5253886373450052,0.11587641761361171,3.626557726027738e-05,6.92295424901314,30.876746594462183,nan,nan,nan
45.62,217.8624267578125,-190.80018615722656,-6.972392559051514,218.56113641899384,-191.27933267582466,-6.97661585629833,0.8472274860699792,0.5254368306214285,0.11589731734270686,3.5531409200498575e-05,6.62483557967357,31.177433094048766,nan,0.9387793098487437,nan
45.63,217.8580780029297,-190.79156494140625,-6.973897933959961,218.55731883646524,-191.27067386519494,-6.97824433548574,0.8476449701046272,0.5254851097291243,0.11591828406965328,3.624304325632861e-05,6.607863004864122,30.833019137485223,nan,nan,nan
45.64,217.85382080078125,-190.782958984375,-6.975373268127441,218.5535881932976,-191.26201485927723,-6.980239124914168,0.8480522457194136,0.5255334748120836,0.11593931793748335,3.55103756459784e-05,6.716536029348278,31.40678454540996,nan,0.10733717397706201,nan
45.65,217.84963989257812,-190.7743377685547,-6.976819038391113,218.52900244046512,-191.24514716369595,-6.981647354903211,0.8265701849601943,0.5254739672126978,0.11593092944318147,3.619939371797702e-05,6.7079909344154185,30.000529467473697,5.296664193130017,nan,nan
45.660000000000004,217.84555053710938,-190.76573181152344,-6.978236198425293,218.5254045337184,-191.23647837826445,-6.982342247616034,0.8269344873952557,0.5255221319391177,0.11595195997650345,3.546905366061379e-05,6.502606203317713,30.128458296654543,nan,0.4937842147940731,nan
45.67,217.841552734375,-190.75711059570312,-6.979625225067139,218.5218890589466,-191.22780912539477,-6.983848849913173,0.8273043329950158,0.5255703824227373,0.11597305768248134,3.61793823040901e-05,6.485128469713096,28.793249307300613,nan,nan,nan
45.68,217.83761596679688,-190.74850463867188,-6.98098611831665,218.51845410092744,-191.2191402885351,-6.984745842657437,0.8276790533387277,0.5256187188077603,0.11599422270412987,3.545041886321105e-05,6.354299358572155,30.28985671063948,nan,0.23357843573763107,nan
45.69,217.83377075195312,-190.73988342285156,-6.982320308685303,218.51509852777897,-191.21047089764411,-6.986193446603323,0.8280550167354592,0.5256671412389391,0.11601545518743984,3.616058952534664e-05,6.335454102591975,28.821990359235404,nan,nan,nan
45.7,217.8300018310547,-190.7312774658203,-6.983627796173096,218.53799267588198,-191.24520275069483,-6.988684702469151,0.8748690228222195,0.5249260246265763,0.11535081620252502,3.541149629932962e-05,11.66446779580303,34.722540723440645,38.35905140429225,0.8892032533520478,0.17759826384673427
45.71,217.8262939453125,-190.72265625,-6.9849090576171875,218.53483171221495,-191.23664459458345,-6.990091490360597,0.8753494405686749,0.524972797770714,0.11536901213460654,3.6120661297095656e-05,11.629893060697848,34.610653612384596,nan,nan,nan
45.72,217.8226776123047,-190.71405029296875,-6.9861650466918945,218.53174219987832,-191.22808883528995,-6.992501826701846,0.8758129749687265,0.5250196551911749,0.11538726855576949,3.539514516770564e-05,11.964277044551274,34.800515485904384,nan,0.7297010025859402,nan
45.730000000000004,217.81912231445312,-190.70542907714844,-6.987395763397217,218.52872877951708,-191.2195303210594,-6.993869621458702,0.8762895269769987,0.5250665970576278,0.11540558562692256,3.61042218246962e-05,11.9354056364058,34.56316281111314,nan,nan,nan
45.74,217.81564331054688,-190.6968231201172,-6.988602161407471,218.52579080030256,-191.21096840299592,-6.993898652587325,0.8767456198530829,0.525113623489543,0.11542396347650968,3.5379895260244825e-05,11.511106194181096,34.581254473961884,nan,1.194227418571576,nan
45.75,217.81210327148438,-190.68820190429688,-6.989893913269043,218.54477410163068,-191.21194765860966,-6.9952360267242515,0.9006357191917889,0.5250547283341941,0.11541569532779417,3.60666743897851e-05,11.469855602263651,34.976568607647394,4.559698152878379,nan,nan
45.76,217.80850219726562,-190.67958068847656,-6.991269588470459,218.54181549767313,-191.20340371667515,-6.997210298198477,0.9012071090807924,0.5251015604208643,0.11543407724706826,3.534435507814311e-05,11.61988915182558,35.2631464582622,nan,0.19221870619124656,nan
45.77,217.80484008789062,-190.6709747314453,-6.992728233337402,218.53880034453866,-191.19485818600373,-6.998747487494859,0.9017692408368767,0.5251484768932742,0.11545252005419498,3.6052461322006325e-05,11.567668727212032,36.08916712145212,nan,nan,nan
45.78,217.80113220214844,-190.662353515625,-6.994269371032715,218.53572556779406,-191.18631403021985,-7.001163741035838,0.9023356171862,0.5251954778716044,0.11547102387906978,3.5331217741503895e-05,11.85173485981687,35.11340738442686,nan,0.4381091412926588,nan
45.79,217.79736328125,-190.6537322998047,-6.99589204788208,218.532596437846,-191.1777679533674,-7.00287563285455,0.9029008424085597,0.525242563524513,0.11548958888046722,3.603932014394106e-05,11.803441139893582,35.26636619020397,nan,nan,nan
45.800000000000004,217.7935333251953,-190.64512634277344,-6.997594833374023,218.51911259008043,-191.16117076836227,-7.003139654690334,0.890391972030272,0.5251835774697411,0.11548131437227355,3.5297786458636595e-05,10.920671424259897,35.41627760943041,2.8868352843220872,1.5713802388774705,nan
45.81,217.78965759277344,-190.63650512695312,-6.999377250671387,218.5158580782142,-191.15260233658,-7.004999027719605,0.8909293345805939,0.5252304684887581,0.11549988294935269,3.600503365700356e-05,10.87201317415592,34.1742426775851,nan,nan,nan
45.82,217.7857208251953,-190.6278839111328,-7.0012383460998535,218.51254793956713,-191.14403450457732,-7.007290556387083,0.8914739023373246,0.52527744395339,0.11551851277984007,3.5286638339208986e-05,10.976885981463607,34.57686387746518,nan,0.08614969000351186,nan
45.83,217.78172302246094,-190.61927795410156,-7.003176689147949,218.50918487003926,-191.13546598280354,-7.009312233396872,0.8920137137738036,0.5253245040314847,0.11553720402116718,3.599393680705212e-05,10.927816306933742,35.58892337213257,nan,nan,nan
45.84,217.77767944335938,-190.61065673828125,-7.005191802978516,218.505774336715,-191.12689327683208,-7.009336527370241,0.8925466465153363,0.5253716488443859,0.11555595680520542,3.527644688463125e-05,10.314184988270133,33.8589019313184,nan,2.9929753200137963,nan
45.85,217.77359008789062,-190.60203552246094,-7.0072832107543945,218.5136866535259,-191.1258610113344,-7.011598794177779,0.9067274637502276,0.5253125718196648,0.1155476726216118,3.5961682958242047e-05,10.563860228955086,34.00155366706823,2.6773738093268555,nan,nan
45.86,217.76943969726562,-190.5934295654297,-7.009449005126953,218.51018002484457,-191.11731265139358,-7.014497483637109,0.9072900351023816,0.5253595217076875,0.11556642846672303,3.5245911641439075e-05,10.713400249665735,35.29312392848297,nan,0.306919852436374,nan
45.87,217.76524353027344,-190.58480834960938,-7.011689186096191,218.50662365125592,-191.10876312182629,-7.016814237241549,0.9078542577231875,0.525406556147224,0.11558524595342855,3.595250105419092e-05,10.667233251412627,34.22982140672235,nan,nan,nan
45.88,217.76100158691406,-190.57618713378906,-7.014002323150635,218.50302066223136,-191.10021065068682,-7.017634194586081,0.908408578166653,0.5254536752605083,0.11560412521483635,3.523753365355972e-05,10.257889561455741,33.54789067892254,nan,1.7194184104644519,nan
45.89,217.75669860839844,-190.5675811767578,-7.016387939453125,218.49936291178278,-191.09166166019074,-7.020083449670791,0.9089687989322911,0.525500879214101,0.1156230664065573,3.594423872328476e-05,10.208814613175074,34.69177305858636,nan,nan,nan
45.9,217.75234985351562,-190.5589599609375,-7.018833637237549,218.46259548507211,-191.07105414204952,-7.0235173986107515,0.8756204914770249,0.5254417110930949,0.11561476916534703,3.52087932972282e-05,10.635663706321745,32.43031577892384,11.126768659431479,0.5067183974057787,nan
45.910000000000004,217.74795532226562,-190.55035400390625,-7.021285533905029,218.4587799887974,-191.06249417943454,-7.026077941150085,0.8761177050530145,0.5254887198275844,0.11563371288185102,3.5914758396121926e-05,10.598015638261591,32.8911801437653,nan,nan,nan
45.92,217.74349975585938,-190.54173278808594,-7.023715496063232,218.4549179903243,-191.05393329924362,-7.027881217859615,0.8766314055505185,0.525535813173986,0.11565271860140519,3.520210568096125e-05,10.39871227640485,32.53200363226395,nan,0.39296391188998236,nan
45.93,217.739013671875,-190.53311157226562,-7.026111125946045,218.45100602575664,-191.04537420864557,-7.030400352057455,0.8771342645669963,0.5255829912979099,0.11567178647848748,3.590822906516614e-05,10.366376277660065,31.656161667042028,nan,nan,nan
45.94,217.73446655273438,-190.52450561523438,-7.028465270996094,218.44704784986388,-191.03681476776896,-7.032435599472612,0.8776380440122686,0.5256302543229706,0.11569091664787502,3.5196229227089526e-05,10.248464122987816,32.834817023890075,nan,0.13956106346116717,nan
45.95,217.72988891601562,-190.51589965820312,-7.030776500701904,218.4426310670527,-191.0280983340344,-7.0348058686522945,0.8777044452401738,0.5255709950146807,0.11568260295116005,3.5880458006299447e-05,10.220156761354591,31.98202183953247,0.2017005856780358,nan,nan
45.96,217.72525024414062,-190.5072784423828,-7.033043384552002,218.4385823912175,-191.0195373143472,-7.035401686816006,0.8782126539449776,0.5256180625242315,0.11570173508890119,3.516992336553427e-05,9.874543439934065,31.54637549633559,nan,2.2566773933809903,nan
45.97,217.7205810546875,-190.49867248535156,-7.035265922546387,218.43448322627125,-191.01097995350304,-7.037732914768329,0.87870435219498,0.525665214747703,0.11572092960783054,3.587553583784559e-05,9.83429778537999,31.492990973737182,nan,nan,nan
45.980000000000004,217.71585083007812,-190.49005126953125,-7.037444114685059,218.43033733347477,-191.0024239600935,-7.0406722157079304,0.8792196302438704,0.5257124518097027,0.11574018664375786,3.5165566083856886e-05,9.910324259821719,31.585212245428536,nan,0.2965531954049892,nan
45.99,217.71109008789062,-190.4814453125,-7.03957986831665,218.42614853066505,-190.99386717285378,-7.042924151623521,0.8797135464355699,0.5257597738743919,0.11575950634963876,3.587138413673674e-05,9.874563029963419,31.52787536019216,nan,nan,nan
46.0,217.70626831054688,-190.47283935546875,-7.041672706604004,218.41375857896043,-190.97292125512692,-7.044524547555362,0.8663905119877607,0.5257004232373695,0.11575117274383584,3.514075250045901e-05,8.94783830186921,32.21236557922088,10.565225466471565,0.24599033110324833,nan
46.01,217.701416015625,-190.4642333984375,-7.0437235832214355,218.40947648273703,-190.96432348627496,-7.046687284285933,0.8668612948818246,0.5257475494869575,0.11577049384065725,3.5845916377379814e-05,8.911109852047128,31.522348978942823,nan,nan,nan
46.02,217.69651794433594,-190.4556121826172,-7.04573392868042,218.40514746612158,-190.95572867094813,-7.05030275545572,0.8673483586337861,0.5257947605116775,0.1157898776755409,3.5137797142036827e-05,9.211410423333625,31.14994776612094,nan,1.5614362705572882,nan
46.03,217.6915740966797,-190.44700622558594,-7.047704219818115,218.40077955385334,-190.94713184530795,-7.052400560469193,0.867824908378832,0.5258420564746719,0.11580932440050622,3.584319877469641e-05,9.182812682661197,31.942582967196348,nan,nan,nan
46.04,217.6865997314453,-190.4384002685547,-7.049635410308838,218.39637336527235,-190.9385330764728,-7.052886060357269,0.8682868210204674,0.5258894375020389,0.11582883415274409,3.513551369494783e-05,8.819138492952833,30.966080062972317,nan,1.734579030366234,nan
46.050000000000004,217.68157958984375,-190.42979431152344,-7.051527976989746,218.40894076375918,-190.93824028634333,-7.054826588437174,0.8874584314026538,0.5258299954263109,0.11582047716795094,3.5819135375304395e-05,8.87501385781354,31.78211831429472,3.021400064434018,nan,nan
46.06,217.676513671875,-190.4211883544922,-7.053382396697998,218.40447017707643,-190.92966384939123,-7.059132795912547,0.887975827074724,0.5258771803369309,0.11583998771406981,3.5112698359299567e-05,9.464339608407984,32.55831491544406,nan,3.8380667154340276,nan
46.07,217.67140197753906,-190.41258239746094,-7.055200099945068,218.39996467385058,-190.92108429327837,-7.061086727988343,0.888488847930206,0.5259244501206104,0.11585956136685353,3.5817734367521654e-05,9.441562110890475,32.69213017509256,nan,nan,nan
46.08,217.666259765625,-190.4039764404297,-7.056981563568115,218.39541874343146,-190.9125053796884,-7.063061232290375,0.8889946340395661,0.5259718049044783,0.11587919826433712,3.511165720915065e-05,9.479006717576,32.203289479275305,nan,0.002227756431748273,nan
46.09,217.66107177734375,-190.39537048339844,-7.058727741241455,218.390833162721,-190.90392696444198,-7.064944958877156,0.8895054962136298,0.5260192448501644,0.11589889855729396,3.581696413157046e-05,9.4578161907688,32.38726528527506,nan,nan,nan
46.1,217.65591430664062,-190.3867645263672,-7.060438632965088,218.38547386408564,-190.8917174969982,-7.066744863491251,0.8872848578398655,0.525959711181105,0.11589051467748487,3.509005396720367e-05,9.202051748622463,31.851098000011483,2.2870223050605643,0.007270347321140576,nan
46.11,217.6508026123047,-190.37815856933594,-7.062115669250488,218.38091779286435,-190.88312620331297,-7.068558744047796,0.8877510920640292,0.5260069547053035,0.11591021514698817,3.579476828194678e-05,9.183384367608165,32.41955157262796,nan,nan,nan
46.12,217.64578247070312,-190.3695526123047,-7.0637593269348145,218.37643755339897,-190.87453184893906,-7.067819837969087,0.8881876868381846,0.5260542831647111,0.11592997907500878,3.509014746918914e-05,8.44947689545788,31.068788337350906,nan,4.461095842880634,nan
46.13,217.64083862304688,-190.36094665527344,-7.065370082855225,218.3720358131169,-190.86594154330615,-7.069544002641058,0.8886431169551943,0.5261016967199291,0.11594980661156339,3.579515635426428e-05,8.422304943903042,31.583328830957868,nan,nan,nan
46.14,217.635986328125,-190.3523406982422,-7.066948890686035,218.36772758407224,-190.85735010327892,-7.07010426176457,0.8890948887477885,0.5261491954995987,0.11596969789580484,3.509078477548997e-05,8.175644624346296,31.3283640402772,nan,0.9007828022974179,nan
46.15,217.63124084472656,-190.34375,-7.068496227264404,218.36290583984407,-190.84853752206197,-7.071906199422317,0.8889070454327017,0.5260895701098993,0.11596128358888345,3.577408755791368e-05,8.19030908096945,31.496199098792495,1.044405818676507,nan,nan
46.160000000000004,217.6265869140625,-190.33514404296875,-7.07001256942749,218.3587826351536,-190.83994687556324,-7.072715629989457,0.8893502011670905,0.5261368721613884,0.1159811744132119,3.507078229295626e-05,8.030854049589898,30.61434556880677,nan,0.46594949269557967,nan
46.17,217.6220245361328,-190.3265380859375,-7.071498870849609,218.35475017040292,-190.83135780363594,-7.074301260619153,0.8897964126035166,0.5261842592418942,0.11600112905560261,3.5775527824944934e-05,7.999536823916416,30.52937491702032,nan,nan,nan
46.18,217.61753845214844,-190.31793212890625,-7.07295560836792,218.35081033548232,-190.82276831957424,-7.0752258047821375,0.8902541143336241,0.5262317314810733,0.11602114765588271,3.507241070671516e-05,7.8842360850226045,31.02690979069859,nan,0.2808552682663144,nan
46.19,217.6131591796875,-190.30934143066406,-7.07438325881958,218.3469588943647,-190.8141799398133,-7.076747634064971,0.8906904803862289,0.5262792890380307,0.11604123036307229,3.5777472594035974e-05,7.850447162921535,30.85299350511257,nan,nan,nan
46.2,217.60885620117188,-190.3007354736328,-7.075782299041748,218.37536887238946,-190.82346829629796,-7.0762068375743885,0.927788477650781,0.5262195717616545,0.11603278205942416,3.5053369450795096e-05,8.009239770683275,31.822290892846983,11.607365556996822,2.8129640668620794,nan
46.21,217.60464477539062,-190.29212951660156,-7.07715368270874,218.37174367394027,-190.8149168935418,-7.077653138477779,0.9283036201050864,0.5262669322807629,0.11605286365068185,3.57578808996196e-05,7.969493713375052,31.478581403450086,nan,nan,nan
46.22,217.6005096435547,-190.28353881835938,-7.078497409820557,218.36820680244378,-190.80636369979544,-7.077528815043433,0.9288195317664579,0.5263143778919678,0.11607300940644358,3.5055893173292294e-05,7.946418130557032,32.51796710543334,nan,1.678027422891851,nan
46.230000000000004,217.59646606445312,-190.27493286132812,-7.079814910888672,218.36474975508003,-190.79781226484772,-7.0789070999332475,0.9293349902102213,0.5263619087533812,0.11609321947513243,3.576073788493088e-05,7.901597555102383,31.282385174034694,nan,nan,nan
46.24,217.59249877929688,-190.26632690429688,-7.081105709075928,218.36137298344562,-190.78926128890708,-7.0808046590425615,0.9298537535785649,0.5264095249961241,0.11611349399745866,3.505884671625831e-05,7.840086594627756,31.41963876153685,nan,0.2088632568730771,nan
46.25,217.58860778808594,-190.25772094726562,-7.082370758056641,218.35854432882832,-190.7889443307924,-7.082148431856215,0.9354146724340514,0.526349715690172,0.11610500811243993,3.574202880737028e-05,8.46676358770517,31.33940909976933,6.866473389317157,nan,nan
46.26,217.58480834960938,-190.24911499023438,-7.083611011505127,218.3553214482419,-190.78042348959252,-7.0828529499954325,0.9359378885971911,0.526397134583529,0.11612528084423906,3.5041055329916706e-05,8.44107634302386,30.604794720904586,nan,0.2574054331463465,nan
46.27,217.58106994628906,-190.2405242919922,-7.0848259925842285,218.35217386839247,-190.77190293598383,-7.084131876350348,0.9364640963598134,0.5264446386587514,0.11614561809146547,3.574570492726398e-05,8.395838159912518,31.961507810577693,nan,nan,nan
46.28,217.57728576660156,-190.23191833496094,-7.086126327514648,218.34903705688174,-190.7633813192454,-7.085021931747927,0.9370454510874533,0.5264922280479207,0.11616601999535434,3.5044779171858414e-05,8.374352941602309,30.786361447692265,nan,0.12422878994632042,nan
46.29,217.5734405517578,-190.2233123779297,-7.08751106262207,218.3458434632609,-190.75485953041874,-7.086413431575627,0.9376299044994196,0.5265399029077296,0.11618648670355179,3.574977493233793e-05,8.33045862663079,31.002751672186324,nan,nan,nan
46.300000000000004,217.5695343017578,-190.21470642089844,-7.088978290557861,218.35249625091697,-190.75113667971428,-7.087229189741045,0.9490995183635942,0.5264800013963724,0.11617795962271658,3.502773100115351e-05,8.405918152232708,31.93128005934695,1.8985477969496465,0.4600383924026231,nan
46.31,217.56558227539062,-190.2061004638672,-7.0905280113220215,218.34920907281762,-190.74262291558173,-7.088783591802607,0.9497001325886654,0.5265274785924241,0.11619842384695181,3.57322034086856e-05,8.36155180750256,31.459868465109675,nan,nan,nan
46.32,217.5615692138672,-190.19749450683594,-7.092158794403076,218.34586797339546,-190.73410878273546,-7.090420494929829,0.9503065015992529,0.5265750410342405,0.11621895292731166,3.5032142213105915e-05,8.32043069074891,31.80621855560819,nan,5.374767244469258e-09,nan
46.33,217.55751037597656,-190.1888885498047,-7.093870162963867,218.34247372621812,-190.72559445375407,-7.092139307725687,0.9509067695712469,0.526622688877591,0.11623954701098392,3.573697250798965e-05,8.276274925523317,31.40954900140492,nan,nan,nan
46.34,217.5533905029297,-190.18028259277344,-7.09566068649292,218.33902685465128,-190.71708004750568,-7.093939064826966,0.9515140296047049,0.5266704222613451,0.11626020624112879,3.6456116781111614e-05,8.231967920372076,31.798398673449803,nan,nan,nan
46.35,217.54922485351562,-190.1716766357422,-7.097529411315918,218.30721213783866,-190.70356112654818,-7.095847203618634,0.9259852399353342,0.526610428387896,0.11625163433672168,3.7165925436983557e-05,8.77428756618065,29.978887517636213,12.293429353865642,nan,nan
46.36,217.54501342773438,-190.16307067871094,-7.099475860595703,218.30360817900848,-190.69505576422338,-7.097256448126016,0.9265414473513923,0.5266579637858874,0.11627229037013279,3.638062257829852e-05,8.791997547855582,29.743478676850224,nan,0.1973075298877511,nan
46.37,217.54074096679688,-190.1544647216797,-7.101499080657959,218.29995227073056,-190.68655089783624,-7.099288367221026,0.9271043038037767,0.5267055845159642,0.11629301160245463,3.711195501349034e-05,8.746613974544266,30.189196314605738,nan,nan,nan
46.38,217.5364227294922,-190.14585876464844,-7.103597640991211,218.29624607175708,-190.6780461558341,-7.101507352658572,0.9276633549369652,0.5267532907116443,0.11631379817581763,3.632967551896958e-05,8.693897443725835,29.971304989960533,nan,0.00789051368780508,nan
46.39,217.5320587158203,-190.1372528076172,-7.105771064758301,218.29249042078132,-190.66954146352967,-7.10369391347011,0.9282197507489778,0.5268010825281704,0.11633465023699334,3.7059735537257965e-05,8.64912880617347,29.74468789456795,nan,nan,nan
46.4,217.52764892578125,-190.128662109375,-7.10801887512207,218.322270815307,-190.66927914895263,-7.1041329634705015,0.9610961612162046,0.526740996108164,0.11632602985829395,3.625782564574286e-05,8.445550504935241,32.34421346285417,13.811982708838192,2.200352163410963,nan
46.410000000000004,217.523193359375,-190.12005615234375,-7.110339164733887,218.31848021387506,-190.6607728689838,-7.106451300013847,0.961702066175736,0.5267885896259168,0.11634687799451239,3.69857702672337e-05,8.398154605171221,31.54528766657345,nan,nan,nan
46.42,217.5186767578125,-190.1114501953125,-7.11273193359375,218.31464075289477,-190.65226735999968,-7.109434821727342,0.9623163502893834,0.5268362685395449,0.11636779166415297,3.6210295614624766e-05,8.249899343221836,32.02836815927216,nan,0.23059162527751176,nan
46.43,217.5141143798828,-190.10284423828125,-7.115184783935547,218.31075506459015,-190.6437617231236,-7.111899581815119,0.9629324475227306,0.5268840330033395,0.11638877101361529,3.693712020917907e-05,8.2023909322526,31.89488416397046,nan,nan,nan
46.44,217.509521484375,-190.09423828125,-7.117642879486084,218.3068192228718,-190.63525795879985,-7.116372903696154,0.963528716825182,0.52693188315223,0.11640981618558169,3.616443748750861e-05,7.916103927940377,30.817217931967026,nan,2.576131561053887,nan
46.45,217.50486755371094,-190.08563232421875,-7.120079040527344,218.28285920984996,-190.61677523502078,-7.118831076758149,0.9420113407654727,0.5268717040177675,0.11640114367107587,3.686691427385055e-05,7.771846622398109,30.558806002238395,4.046089044535045,nan,nan
46.46,217.5001678466797,-190.0770263671875,-7.122480392456055,218.27880657449103,-190.6082509315981,-7.1189895391581635,0.9425974710010816,0.5269193555473284,0.11642218417112897,3.6097914529998744e-05,8.028383633791805,30.800585265688447,nan,3.581161645158962,nan
46.47,217.4954376220703,-190.0684356689453,-7.12484073638916,218.27470492833658,-190.59972893754505,-7.121412352744209,0.9431552500459772,0.52696709255563,0.11644329053953585,3.682179259611367e-05,7.970790553989762,30.67843461325539,nan,nan,nan
46.480000000000004,217.4906463623047,-190.05982971191406,-7.127157688140869,218.27055524685247,-190.59120907418773,-7.125888663511205,0.9437285124814462,0.527014915178481,0.11646446291929335,3.605543024858132e-05,7.657938742645087,30.4491868210719,nan,2.915919751605046,nan
46.49,217.48582458496094,-190.0512237548828,-7.129430294036865,218.26636526303727,-190.58268824348272,-7.128247873208926,0.9442984967125816,0.5270628235688667,0.11648570145633436,3.677839038495868e-05,7.613662570270725,29.725035347026637,nan,nan,nan
46.5,217.48095703125,-190.04263305664062,-7.13165807723999,218.29497103735957,-190.58336420498375,-7.1308711042469115,0.9772459241447496,0.5270025515283496,0.1164769731275405,3.599242514814278e-05,7.2343943356477,32.28607720959422,12.037580179095539,0.09404777369810033,nan
46.51,217.47604370117188,-190.03402709960938,-7.1338419914245605,218.29075518518997,-190.57484671579695,-7.133145817745193,0.9778758326607876,0.527050260976289,0.11649820622829966,3.671362724778077e-05,7.19372678401009,31.668763142729247,nan,nan,nan
46.52,217.47108459472656,-190.02542114257812,-7.135982990264893,218.28649595522234,-190.56633006511973,-7.1359690366277295,0.9785081243941668,0.5270980559674302,0.1165195055257483,3.5953250359774856e-05,7.144032687001492,31.724313874286914,nan,0.23364456699906,nan
46.53,217.46607971191406,-190.01683044433594,-7.138081073760986,218.2821957449792,-190.55781347367886,-7.1381649984371744,0.9791363666550035,0.5271459366539497,0.11654087116555603,3.66736649217587e-05,7.106786023365436,32.51042484336767,nan,nan,nan
46.54,217.46104431152344,-190.0082244873047,-7.140137195587158,218.27785327103214,-190.54929753453757,-7.1408961052784266,0.9797639995016623,0.5271939031728583,0.11656230329111092,3.591568462691619e-05,7.086851960314951,31.259247490821075,nan,0.22246764312133674,nan
46.550000000000004,217.45596313476562,-189.9996337890625,-7.142152309417725,218.25698605077233,-190.53021596753854,-7.143016587658351,0.9608100265198811,0.5271335380480514,0.11655351546146815,3.6612460689939363e-05,6.810973089932447,31.382547938991216,3.6975765651145136,nan,nan
46.56,217.4508514404297,-189.99102783203125,-7.14412784576416,218.2525386407731,-190.5216766474828,-7.144425796654341,0.9614003439303178,0.5271813052997631,0.11657494136959469,3.585773485844244e-05,6.758022634943461,30.084644219461683,nan,0.3030207402965516,nan
46.57,217.44569396972656,-189.98243713378906,-7.146063327789307,218.24805024187432,-190.5131381019561,-7.146460943884465,0.961987142932186,0.5272291581739552,0.1165964338017008,3.657584752692238e-05,6.72388752483049,30.984594682225595,nan,nan,nan
46.58,217.44049072265625,-189.9738311767578,-7.147960662841797,218.2435229510717,-190.50459979284165,-7.148067377923755,0.9625882271675329,0.5272770968083785,0.11661799290139277,3.582336257696202e-05,6.685023536828948,30.50336541053185,nan,0.10277286480462891,nan
46.59,217.4352569580078,-189.96524047851562,-7.149819850921631,218.23895612734617,-190.49606224455522,-7.1500233079722735,0.9631739944014955,0.5273251213541086,0.11663961881401591,3.654085764574184e-05,6.65044585096479,30.683061738200983,nan,nan,nan
46.6,217.4299774169922,-189.95664978027344,-7.151642322540283,218.2258601813696,-190.47643369065088,-7.152162223712112,0.9505813791662029,0.527264662948061,0.11663076778568668,3.5768691098568944e-05,6.136246015802487,30.831345500461765,5.77890875564359,0.05884681904326968,nan
46.61,217.42466735839844,-189.94805908203125,-7.153428077697754,218.22120838674843,-190.46786422279726,-7.154047645207162,0.9511442467236677,0.5273124878994723,0.11665238668304445,3.6484727996747905e-05,6.104938631210743,30.371995685973292,nan,nan,nan
46.62,217.4193115234375,-189.939453125,-7.155178546905518,218.21651891854347,-190.45929540703222,-7.155781846779682,0.9517226449816393,0.5273603985381642,0.11667407242635176,3.573740886192817e-05,6.071372549626272,29.941019646881365,nan,0.009139993843357895,nan
46.63,217.41392517089844,-189.9308624267578,-7.156893730163574,218.2117918108947,-190.4507273005649,-7.157596803354271,0.9522873287770365,0.5274083950145381,0.11669582516077552,3.645293731985854e-05,6.041001763845189,30.215290566321,nan,nan,nan
46.64,217.40855407714844,-189.92227172851562,-7.158575057983398,218.20705264688218,-190.44215911345555,-7.157632183678002,0.9528293382859546,0.5274564774673485,0.11671764503018758,3.570762166320125e-05,6.019639523700169,29.761652644149162,nan,2.0665568659087947,nan
46.65,217.40322875976562,-189.91368103027344,-7.16022253036499,218.19043648078494,-190.43212150085856,-7.159397779758642,0.942590684118247,0.5273959255933882,0.11670872710022955,3.64000720646124e-05,6.212428639919747,29.590740906167458,2.35510418656869,nan,nan
46.660000000000004,217.39797973632812,-189.90509033203125,-7.161837577819824,218.1857699689431,-190.42356236159796,-7.1637765309634585,0.9430962069618779,0.5274438081231699,0.11673053914039208,3.565759514502407e-05,6.267057647548608,29.77607275143544,nan,4.879208727336402,nan
46.67,217.39283752441406,-189.89649963378906,-7.1634202003479,218.1811933757658,-190.41500266961864,-7.165471207387442,0.943586007290735,0.5274917764162717,0.11675241834642616,3.6371357844738936e-05,6.245947044896702,28.985041095357918,nan,nan,nan
46.68,217.38778686523438,-189.88790893554688,-7.164971351623535,218.1767125569035,-190.40644273027232,-7.165787868476826,0.944077173724565,0.527539830612059,0.11677436486234752,3.563073459954377e-05,6.117818539441252,29.031467320473478,nan,1.235794620214918,nan
46.69,217.38282775878906,-189.87930297851562,-7.166491508483887,218.17232689976245,-190.39788348998792,-7.167408212598464,0.9445821726155015,0.5275879708600232,0.11679637883310894,3.6344128345731574e-05,6.092077287144285,28.564369667574407,nan,nan,nan
46.7,217.37796020507812,-189.87071228027344,-7.167981147766113,218.22887628482718,-190.43048924281115,-7.1688979681327005,1.0185328974181596,0.5150283785458567,0.10886411071262873,3.55836594398841e-05,10.215746391462638,34.726636470231234,6.57031881154626,0.028076036537160984,0.10318366412315837
46.71,217.37319946289062,-189.86212158203125,-7.1694416999816895,218.22471842579137,-190.4219730815224,-7.170459840213904,1.0190776625319435,0.5150811150125814,0.10887529869490534,3.629584070741426e-05,10.171679632767104,34.089513590955164,nan,nan,nan
46.72,217.3685302734375,-189.85353088378906,-7.170872688293457,218.22063805344018,-190.41344090178504,-7.170392169247047,1.0196014554186885,0.5151339362093847,0.10888654662832567,3.5559598876043154e-05,10.10073071027282,34.14461945205057,nan,1.7526574447585783,nan
46.730000000000004,217.3639678955078,-189.84494018554688,-7.172275543212891,218.21666906422982,-190.40492507520665,-7.171881816921346,1.020138478250643,0.5151868426404496,0.10889785495951414,3.6271500687323096e-05,10.050435151078878,33.366290340475665,nan,nan,nan
46.74,217.35948181152344,-189.8363494873047,-7.17365026473999,218.21279662699865,-190.39641329397006,-7.173774588139614,1.0206946934819991,0.5152398340971677,0.10890922353673009,3.553688740103487e-05,9.998098062874062,34.0397132083253,nan,0.12683225330480125,nan
46.75,217.35508728027344,-189.8277587890625,-7.174997329711914,218.20460025738922,-190.3945815072929,-7.175213587000319,1.0212542969101488,0.5151713373911632,0.10889947795610014,3.6226144558965135e-05,10.824666463973442,34.00212320776586,12.55085113809849,nan,nan
46.76,217.35076904296875,-189.8191680908203,-7.1763176918029785,218.2009010076256,-190.386105419914,-7.1763593685631495,1.0218328112700905,0.515224107637046,0.10891088543610936,3.549398074360948e-05,10.775034578974756,34.46398012702895,nan,0.049237601019317984,nan
46.77,217.3465576171875,-189.81057739257812,-7.177611827850342,218.19729130156318,-190.37763182385277,-7.177744789747537,1.0223984289104213,0.5152769630368801,0.10892235354631129,3.6204552706218366e-05,10.728166477832675,33.40054679436572,nan,nan,nan
46.78,217.3424072265625,-189.80198669433594,-7.178880214691162,218.19375445505477,-190.3691468131336,-7.17793829985155,1.022968030301834,0.5153299034075461,0.10893388215845498,3.547387833651545e-05,10.70455069839211,34.47257510307755,nan,0.9350990493892907,nan
46.79,217.33836364746094,-189.79339599609375,-7.180123329162598,218.19031326397882,-190.36067282455582,-7.179262131058468,1.0235340203711505,0.5153829292148244,0.10894547168417784,3.618428252244549e-05,10.653110881859305,33.23441237731975,nan,nan,nan
46.800000000000004,217.33424377441406,-189.78480529785156,-7.181451320648193,218.18945633028312,-190.35243925439505,-7.179905732144908,1.0264498103566122,0.5153143102848118,0.108935866757185,3.543358976377908e-05,10.581358407013385,34.554388187014695,1.1199549326716691,0.21562332191908964,nan
46.81,217.33009338378906,-189.77621459960938,-7.182862758636475,218.18598164239796,-190.34396160330664,-7.181337216189801,1.0270753130669399,0.5153671144270612,0.1089474947831349,3.614297914524678e-05,10.528893890325007,33.48526863095979,nan,nan,nan
46.82,217.3258819580078,-189.7676239013672,-7.184357166290283,218.18245807820824,-190.33548616809446,-7.183131782256044,1.0277118785127914,0.5154200034840923,0.10895918356270065,3.541595733647e-05,10.45729194179714,33.91523998125713,nan,0.05349874087717557,nan
46.83,217.32162475585938,-189.759033203125,-7.1859331130981445,218.17888069036886,-190.32700776264753,-7.184734052037936,1.0283405444034373,0.5154729778974176,0.10897093348540503,3.6125250755275536e-05,10.405516468651399,33.667080613408345,nan,nan,nan
46.84,217.3173065185547,-189.7504425048828,-7.1875901222229,218.1752569291332,-190.31853281908315,-7.18682161697961,1.0289830429605733,0.5155260375204708,0.10898274445594783,3.5399511447240656e-05,10.333023079463246,34.13032778172714,nan,0.11194213047634047,nan
46.85,217.3129425048828,-189.74185180664062,-7.189327239990234,218.17212815849265,-190.3063972463251,-7.188612090407609,1.028062280349026,0.5154572973607646,0.10897327623856538,3.6086487339772066e-05,9.919173129329343,33.899818086786894,2.5123106572527503,nan,nan
46.86,217.30853271484375,-189.73324584960938,-7.191143035888672,218.16838830636163,-190.2978893840648,-7.1893877078490664,1.0286773257165807,0.5155101348798243,0.10898512529099579,3.53628434708364e-05,9.945054149528566,33.16433939189835,nan,0.7997658083902548,nan
46.87,217.3040771484375,-189.7246551513672,-7.193037033081055,218.16461041258228,-190.28939093327102,-7.19130763397324,1.0292944150647447,0.5155630576746428,0.10899703571301571,3.6071153144605484e-05,9.892659285352783,33.61937944105493,nan,nan,nan
46.88,217.29957580566406,-189.716064453125,-7.195008277893066,218.16079010986167,-190.2808977331807,-7.193909813884984,1.0299164619697136,0.5156160656216097,0.10900900743002322,3.53486663748863e-05,9.796061262447472,33.40643388790579,nan,0.2521665664704571,nan
46.89,217.29502868652344,-189.7074737548828,-7.197055816650391,218.1569164745026,-190.27239940186064,-7.195991807472842,1.0305302896064967,0.5156691591276599,0.10902104080068367,3.605696713291125e-05,9.745843329275656,33.27254561455911,nan,nan,nan
46.9,217.29042053222656,-189.69888305664062,-7.199178695678711,218.13494015099113,-190.26515246086188,-7.196940680818487,1.0167986198583574,0.5156002981414269,0.10901170478393472,3.531425483237213e-05,10.67252132968428,33.50528706040052,12.11751448235603,1.0440188076299137,nan
46.910000000000004,217.28578186035156,-189.69029235839844,-7.201375961303711,218.13095242825202,-190.25668942574595,-7.199163730730745,1.0174103502073986,0.515653169096449,0.10902377578091083,3.6021695224741626e-05,10.619478307671699,32.745757870614774,nan,nan,nan
46.92,217.2810821533203,-189.6816864013672,-7.203647136688232,218.12690719601264,-190.24821580409994,-7.200155177494979,1.018031316210466,0.5157061251447566,0.10903590831577281,3.530220490404973e-05,10.783066496997638,33.0659816232596,nan,1.185039463120824,nan
46.93,217.27635192871094,-189.673095703125,-7.205990791320801,218.1228288243059,-190.23975284294056,-7.202514642774106,1.0186439674826417,0.5157591666716982,0.10904810272792088,3.6009692782876036e-05,10.726577078921345,32.945321939663785,nan,nan,nan
46.94,217.27157592773438,-189.6645050048828,-7.208406448364258,218.11872135044894,-190.2313039283309,-7.206688182269361,1.0192739275025726,0.515812293586173,0.10906035897148478,3.529117421839572e-05,10.428219466387667,32.705454731810754,nan,2.104232659604775,nan
46.95,217.26675415039062,-189.65591430664062,-7.210880279541016,218.11696203434798,-190.22232152027468,-7.209207088497972,1.0216033365099173,0.5157433127064645,0.10905115100561118,3.597658467830822e-05,10.245105012699533,32.89436393833835,0.33885071522212795,nan,nan
46.96,217.2618865966797,-189.64732360839844,-7.213358402252197,218.1127559107357,-190.2138545807129,-7.211940150467815,1.02222206180059,0.5157962166367812,0.10906344440337803,3.5259847545746736e-05,10.17826026748522,32.912525245253846,nan,0.02376165221260399,nan
46.97,217.25697326660156,-189.63873291015625,-7.215814113616943,218.1085052192245,-190.20538659355637,-7.214481983001739,1.0228415506913702,0.5158492059651086,0.10907579989897503,3.5966619614071606e-05,10.124635027335227,32.96541717645726,nan,nan,nan
46.980000000000004,217.2520294189453,-189.63014221191406,-7.218234062194824,218.10421960987327,-190.19692549987,-7.217854018811336,1.0234605812892517,0.5159022806205256,0.10908821746436294,3.5250744120988057e-05,10.034202113882158,32.33088466609198,nan,0.5124512421677397,nan
46.99,217.2470245361328,-189.62155151367188,-7.220612525939941,218.09988500712012,-190.18845810651925,-7.220339287325192,1.0240869800196926,0.5159554409579908,0.10910069741233736,3.595762948374631e-05,9.986483196987388,33.19505399175357,nan,nan,nan
47.0,217.24200439453125,-189.6129608154297,-7.222947120666504,218.1207945226551,-190.19276631308415,-7.222582992722373,1.0528279237308613,0.5158863406382524,0.1090916128891948,3.5221319192734087e-05,10.172678470273711,33.3723915880189,7.550201920437635,0.026184320875267557,nan
47.01,217.23692321777344,-189.6043701171875,-7.225236892700195,218.11642217740427,-190.18432542076852,-7.224981550390977,1.0535020832172892,0.5159392775517019,0.10910412948422202,3.592746188374635e-05,10.126005873704516,34.27408747369992,nan,nan,nan
47.02,217.2318115234375,-189.59579467773438,-7.227482318878174,218.11201799257825,-190.17589283202562,-7.228419911510746,1.0541717962501542,0.5159922997304985,0.10911670838318563,3.521400576602778e-05,10.103664417256619,34.28810365363404,nan,0.818645093823836,nan
47.03,217.22665405273438,-189.5872039794922,-7.229682922363281,218.10756499901777,-190.16745277797193,-7.230742169466724,1.0548430619876663,0.5160454075108422,0.10912934988246845,3.592030505211157e-05,10.065925141657027,33.94871015791444,nan,nan,nan
47.04,217.22146606445312,-189.57861328125,-7.231840133666992,218.1030786863656,-190.15901855334636,-7.233788004878906,1.0555164087757605,0.5160986008500594,0.10914205397852977,3.520754841568395e-05,10.099051540104103,33.48453639524569,nan,0.4098311608592475,nan
47.050000000000004,217.2162322998047,-189.5700225830078,-7.233953952789307,218.0719028920691,-190.151012688697,-7.236130641350901,1.0342757868904862,0.5160293819689987,0.10913308856375524,3.589194065654322e-05,11.202839025024048,33.075852449278635,19.88049872171761,nan,nan
47.06,217.21095275878906,-189.56143188476562,-7.236026287078857,218.06730544904167,-190.14262161455886,-7.239183587109295,1.03495478194146,0.5160823514568446,0.10914582878244228,3.5180693297180304e-05,11.310672456374233,33.4558456048918,nan,0.5020317757318238,nan
47.07,217.2056427001953,-189.5528564453125,-7.238056659698486,218.0626633252755,-190.13422518299927,-7.24135669026554,1.0356084449125091,0.5161354064655713,0.10915863181608898,3.588647836689927e-05,11.286326641224301,33.60178624293016,nan,nan,nan
47.08,217.20030212402344,-189.5442657470703,-7.240046977996826,218.0579789948433,-190.12582534221977,-7.2428821010177495,1.036257311372175,0.516188546969848,0.10917149767617922,3.517583615941867e-05,11.16897109069631,32.536193759430034,nan,0.25827640473553154,nan
47.09,217.19491577148438,-189.53567504882812,-7.241997718811035,218.05326216696636,-190.11743028479574,-7.244970292533188,1.0369216582785776,0.5162417732797627,0.10918442663666172,3.5881825785744483e-05,11.144226729587505,32.86181204919156,nan,nan,nan
47.1,217.1894989013672,-189.527099609375,-7.2439093589782715,218.05322716879445,-190.11306618537677,-7.247347432093542,1.0437409489384233,0.5161724363340422,0.10917557562987559,3.5150548972280985e-05,11.410500342936233,33.633520668877956,1.296954317902458,0.04115682834938479,nan
47.11,217.1840362548828,-189.5185089111328,-7.245782852172852,218.04844734323535,-190.1046847149156,-7.249364053643555,1.0444239692822073,0.5162254383598767,0.10918854015569945,3.5855882905413305e-05,11.389824069773923,33.49763663086145,nan,nan,nan
47.12,217.1785430908203,-189.5099334716797,-7.247619152069092,218.04364125019688,-190.09631223541606,-7.252687359358556,1.0451127052346383,0.5162785258166527,0.10920156773344832,3.514716400029822e-05,11.719860772070968,34.04568693649537,nan,1.2631499708396199,nan
47.13,217.1730194091797,-189.5013427734375,-7.24941873550415,218.0387898804466,-190.08793186739695,-7.254645229913763,1.04578802360406,0.5163316989985138,0.1092146586233944,3.58527349338445e-05,11.7097612187705,33.24068772257299,nan,nan,nan
47.14,217.16746520996094,-189.49276733398438,-7.251182556152344,218.0339023811818,-190.07955113537037,-7.2564123443925475,1.0464492113462784,0.516384957904137,0.10922781285745217,3.514448236502643e-05,11.683875804733066,33.457409042306104,nan,0.016976174123656033,nan
47.15,217.161865234375,-189.4841766357422,-7.25291109085083,217.97878352722805,-190.04833775780256,-7.258318118499737,0.9928053710523258,0.5163155037251916,0.10921907176057222,3.5828262058796006e-05,11.518255978313839,30.832105322155346,24.698244592419144,nan,nan
47.160000000000004,217.15623474121094,-189.47560119628906,-7.254605293273926,217.9737421041142,-190.03992011867328,-7.260171462169955,0.9933806505051829,0.5163685379925058,0.10923226103636705,3.654750520379903e-05,11.507492394343474,31.12434944782263,nan,nan,nan
47.17,217.15060424804688,-189.46702575683594,-7.256265640258789,217.96868888576046,-190.03150312709556,-7.261991734280267,0.993946660616618,0.5164216578367617,0.10924551378151698,3.728119818626373e-05,11.497487913121986,31.52752308522521,nan,nan,nan
47.18,217.14505004882812,-189.45843505859375,-7.257892608642578,217.96367579665687,-190.0230904550114,-7.264430641502971,0.9944981536360175,0.5164748633334127,0.10925883008785993,3.6487698398173574e-05,11.75105448002889,30.506124163083502,nan,0.27497940495344503,nan
47.19,217.1395721435547,-189.44985961914062,-7.259487628936768,217.9587313708199,-190.01467457974033,-7.266193001613908,0.9950290153325732,0.5165281547650827,0.10927221020514935,3.7219937401186687e-05,11.747985672781507,31.33238876114382,nan,nan,nan
47.2,217.1342010498047,-189.4412841796875,-7.261050224304199,217.97459223774555,-190.01320644303598,-7.269003677808121,1.0165705492020474,0.5164585838810237,0.10926357422899492,3.640724842019608e-05,12.098367159377975,32.21716787320067,5.161811487192218,1.0715101649575993,nan
47.21,217.12892150878906,-189.43270874023438,-7.262582302093506,217.96987023659625,-190.00479586186864,-7.2707132679804145,1.017125631447052,0.5165116501813822,0.10927698873045492,3.713719789270055e-05,12.102463657119372,32.51110861280342,nan,nan,nan
47.22,217.12374877929688,-189.4241180419922,-7.2640838623046875,217.96524135340755,-189.9963788214728,-7.271128988180731,1.0176648691066128,0.5165648020675944,0.10929046701072975,3.635162615216627e-05,11.650829660454114,31.243805183506588,nan,1.0443492733130177,nan
47.230000000000004,217.11868286132812,-189.41554260253906,-7.265554904937744,217.96072202449315,-189.98796907977277,-7.272767188797805,1.0182111967466891,0.5166180398073043,0.10930400930709828,3.708029634622533e-05,11.65046146183327,31.500251941986797,nan,nan,nan
47.24,217.11370849609375,-189.40696716308594,-7.266997337341309,217.9563024853608,-189.97955893385404,-7.2742481909375805,1.0187632411793104,0.5166713634254012,0.1093176156741537,3.629803565293699e-05,11.658097792502112,31.802113841595975,nan,0.010850894946990498,nan
47.25,217.10882568359375,-189.3983917236328,-7.268410682678223,217.95761799161912,-189.9813189220165,-7.275924259352647,1.0297130447910838,0.5166016766367554,0.10930908018454723,3.7002100474844105e-05,12.446340898008355,32.938736947482944,9.240102656277427,nan,nan
47.26,217.1040496826172,-189.3898162841797,-7.269795894622803,217.95341207712082,-189.97295011185773,-7.27747910323766,1.0303012034711014,0.5166547747627331,0.1093227203524006,3.7743153238920354e-05,12.447420165534627,32.44895319402373,nan,nan,nan
47.27,217.099365234375,-189.38124084472656,-7.271153450012207,217.94930228294427,-189.9645811945894,-7.279007035822015,1.0308931220639868,0.5167079586058723,0.1093364246977557,3.849885533230858e-05,12.448172299982728,32.571436094437146,nan,nan,nan
47.28,217.0947723388672,-189.37265014648438,-7.272483825683594,217.9452769905117,-189.9562038361762,-7.278845073860605,1.0314715394523826,0.516761228254828,0.1093501933237104,3.762756240524346e-05,11.885668632003528,31.546850217657468,nan,1.6855515863502704,nan
47.29,217.09027099609375,-189.36407470703125,-7.273787975311279,217.9413537350842,-189.94783466379175,-7.280304395240709,1.0320658794152597,0.5168145839658131,0.1093640264575153,3.838031089451745e-05,11.879472579698305,31.994575927592205,nan,nan,nan
47.300000000000004,217.08587646484375,-189.35549926757812,-7.275066375732422,217.9263751060741,-189.93633995309168,-7.280918451707835,1.0216888541288491,0.5167447818231393,0.10935558658225945,3.749205942233661e-05,11.812008994294736,30.551987167011127,1.1244943788536244,0.3723512953816322,nan
47.31,217.08140563964844,-189.346923828125,-7.276428699493408,217.92254566864375,-189.92797071019007,-7.282374362690859,1.022334279209412,0.5167979115683181,0.10936945282268722,3.82410625663983e-05,11.782896956229095,31.790859236935017,nan,nan,nan
47.32,217.076904296875,-189.33834838867188,-7.27787446975708,217.91866022263395,-189.91959425652297,-7.282471216376382,1.0229471772891086,0.5168511270505494,0.1093833835533141,3.7384580291260525e-05,11.384410008064789,30.60642634846737,nan,1.2867464219018736,nan
47.33,217.07235717773438,-189.3297576904297,-7.279402256011963,217.91473528178057,-189.91122413480693,-7.284081363806162,1.0235848719881102,0.5169044285126292,0.10939737899052769,3.81309613597486e-05,11.35572123895614,30.030580611202442,nan,nan,nan
47.34,217.06776428222656,-189.32118225097656,-7.281011581420898,217.9107676634191,-189.9028571021003,-7.286544012909379,1.0242221150366146,0.5169578160038841,0.10941143920941436,3.728098938707757e-05,11.563622242348451,30.685896653683578,nan,0.3679532612892615,nan
47.35,217.0631103515625,-189.31260681152344,-7.28270149230957,217.88747975508448,-189.88552067976818,-7.288417052888034,1.0039162721676893,0.5168878992781852,0.10940309019371064,3.8000431244358564e-05,11.494757425961833,30.4397883254794,4.069790969356999,nan,nan
47.36,217.0584259033203,-189.30401611328125,-7.284471035003662,217.8833801859817,-189.87713171772344,-7.289759731034038,1.0045093503010407,0.5169410603940395,0.10941718284765702,3.715784633385171e-05,11.350484177528694,29.121176743211784,nan,0.17034820636393078,nan
47.37,217.05369567871094,-189.29544067382812,-7.286319255828857,217.87923820063244,-189.86874488380178,-7.291699442647862,1.0051005517281568,0.516994307407522,0.10943134040392428,3.7898490085072265e-05,11.322890576146879,29.638604859084914,nan,nan,nan
47.38,217.0489044189453,-189.286865234375,-7.288244724273682,217.875056040827,-189.86036167320844,-7.294589706701921,1.0057161261978376,0.5170476403797021,0.10944556294701441,3.706198988882784e-05,11.606252052151387,30.65381934581601,nan,0.4769693311820865,nan
47.39,217.04408264160156,-189.27828979492188,-7.290247440338135,217.87082549190006,-189.85197478597698,-7.2966954203206535,1.0063099850083168,0.5171010595357065,0.10945985067922569,3.780045261300154e-05,11.581471998210953,30.00853767451659,nan,nan,nan
47.4,217.03921508789062,-189.2696990966797,-7.292325496673584,217.87062724309285,-189.84839118483782,-7.297274282230111,1.0129931861534531,0.517031028801144,0.1094515875812766,3.6946778281465975e-05,11.412351419315593,29.58334703236486,1.4901357550123613,1.6309711192705256,nan
47.410000000000004,217.03431701660156,-189.26112365722656,-7.294478893280029,217.86631916574322,-189.840021021273,-7.29951809836582,1.01359514988192,0.5170842211694852,0.10946590704932982,3.768226679824181e-05,11.385784436092585,29.492248422834628,nan,nan,nan
47.42,217.02935791015625,-189.25254821777344,-7.296706199645996,217.8619651596157,-189.83164805738954,-7.3011155131987895,1.0142045642481723,0.517137499424741,0.10948029170526621,3.685836741979164e-05,11.201241243181977,30.1042173493698,nan,0.33104773010692623,nan
47.43,217.0243682861328,-189.2439727783203,-7.299006938934326,217.85757257121625,-189.8232780258427,-7.303502265009161,1.0148123759813499,0.5171908637817976,0.10949474174326111,3.7591948419477176e-05,11.173789652032202,29.57159947263886,nan,nan,nan
47.44,217.0193328857422,-189.23538208007812,-7.301380157470703,217.85314120989733,-189.81491038832706,-7.30654420528952,1.0154388454664123,0.5172443143171433,0.1095092572599833,3.677351719762264e-05,11.325272541327813,29.393411559668714,nan,0.21581535847119662,nan
47.45,217.01426696777344,-189.226806640625,-7.303824424743652,217.87765712898818,-189.81720447016085,-7.309074606307073,1.0459635423902203,0.5171741703113683,0.10950107521585074,3.748163292576625e-05,11.197619127949402,30.82538598307422,6.909641985425023,nan,nan
47.46,217.00914001464844,-189.21823120117188,-7.3063249588012695,217.87319137396224,-189.8088482142724,-7.312185027437999,1.0466363017305642,0.5172273936550371,0.10951562175081185,3.666949487906525e-05,11.361416259442585,31.890031193280514,nan,0.16492841557642596,nan
47.47,217.0039825439453,-189.20965576171875,-7.308827877044678,217.8686834657667,-189.8004904583507,-7.314823854267881,1.047296173336755,0.5172807030183123,0.1095302338576684,3.7398709053863025e-05,11.349506851838832,31.4206480834154,nan,nan,nan
47.480000000000004,216.99879455566406,-189.20108032226562,-7.311307907104492,217.864143617171,-189.79213935478472,-7.319205715941481,1.0479704926942324,0.5173340984865883,0.10954491164006958,3.659164835206231e-05,12.056621090340428,31.64897984688371,nan,1.9802652016348485,nan
47.49,216.99356079101562,-189.1925048828125,-7.313751220703125,217.85955732247064,-189.78378246605564,-7.321823535266885,1.0486297417107597,0.5173875802613501,0.1095596552817385,3.731931502083342e-05,12.061802364321446,31.92883953553539,nan,nan,nan
47.5,216.98829650878906,-189.18392944335938,-7.316153049468994,217.8304809356511,-189.7732161053207,-7.32215241748035,1.027895603274482,0.5173173235804771,0.10955154929110508,3.649472559230988e-05,11.99717503365115,30.003094679664407,8.56506559915301,3.2656482652062246,nan
47.51,216.9829864501953,-189.17535400390625,-7.318510055541992,217.8257823459332,-189.7648815596738,-7.324667592120955,1.028535646508468,0.5173705777582598,0.10956632320779472,3.722004562899673e-05,11.993763694332642,30.277217536695645,nan,nan,nan
47.52,216.97763061523438,-189.16677856445312,-7.320821762084961,217.82104317358514,-189.7565452961313,-7.326457071703696,1.029175057068829,0.5174239179665762,0.10958116299289343,3.642356431398044e-05,11.810997048748812,30.398662750989967,nan,0.3024737099909458,nan
47.53,216.97225952148438,-189.158203125,-7.3230881690979,217.81626947720608,-189.74821169282393,-7.328877163385071,1.0298040725875244,0.5174773443992001,0.10959606882416077,3.714755909820807e-05,11.806318478073795,29.396450234205414,nan,nan,nan
47.54,216.96682739257812,-189.14962768554688,-7.325309753417969,217.81145895802703,-189.7398784484038,-7.331241877108288,1.0304531209605465,0.5175308571531375,0.10961104081418502,3.635559287507234e-05,11.836431305354784,30.43282244699281,nan,8.213963162601566e-05,nan
47.550000000000004,216.9613800048828,-189.14105224609375,-7.327487468719482,217.78086348750085,-189.72161549640288,-7.333541427984628,1.004312459504547,0.5174604885084958,0.10960300592309888,3.705525823803967e-05,11.912428046812286,28.331001246295575,5.611081251009566,nan,nan
47.56,216.9558868408203,-189.13247680664062,-7.3296217918396,217.7759317250415,-189.7132657514029,-7.334076223209969,1.0048926571799757,0.517513773267115,0.10961800742625209,3.626859910873483e-05,11.435348391545032,28.226434150245012,nan,2.020159895676943,nan
47.57,216.9503631591797,-189.1239013671875,-7.331713676452637,217.77097097957866,-189.70492173403574,-7.336305799055637,1.0054864241661436,0.5175671441675868,0.10963307515930204,3.69893359855763e-05,11.423634986917694,27.962851960452543,nan,nan,nan
47.58,216.94479370117188,-189.11532592773438,-7.33376407623291,217.76596620348727,-189.69657118678853,-7.336022482795735,1.0060692968836982,0.5176206013135701,0.10964820923990569,3.620683999433426e-05,10.95947327405059,27.89261992611759,nan,4.025878844621703,nan
47.59,216.939208984375,-189.1067657470703,-7.335773468017578,217.7609355942357,-189.68822843589882,-7.338146454277023,1.006647461088841,0.5176741448888277,0.10966340983822767,3.6926540476295173e-05,10.935712140891956,27.51955250461144,nan,nan,nan
47.6,216.93357849121094,-189.0981903076172,-7.337742805480957,217.76129172535846,-189.67471337015394,-7.339706788927452,1.0087080335016103,0.5176036648920586,0.10965544099531496,3.612608161909577e-05,10.225460831969485,27.314835168554932,5.163164663040224,0.20637678581174101,nan
47.61,216.9279022216797,-189.08961486816406,-7.339672565460205,217.75619693138358,-189.66634250701898,-7.341748099017732,1.0093023349731147,0.5176569800734602,0.10967067032104136,3.6843937987334966e-05,10.201030461782281,27.764175523464043,nan,nan,nan
47.62,216.92221069335938,-189.0810546875,-7.341564178466797,217.75106889471465,-189.6579724562125,-7.343813746784337,1.0098737992282572,0.5177103814234982,0.10968596617928383,3.6070205817180145e-05,10.189366895005254,27.44426951824879,nan,0.0025723302671530465,nan
47.63,216.91648864746094,-189.07247924804688,-7.343418121337891,217.74590769751313,-189.6496026797841,-7.345780646392362,1.010451877911197,0.5177638691202259,0.1097013287359308,3.6787203445223686e-05,10.16733136785386,26.794380607156157,nan,nan,nan
47.64,216.9107208251953,-189.06390380859375,-7.3452348709106445,217.74071662404728,-189.64123562089162,-7.348532739802253,1.0110469442821568,0.5178174432759,0.10971675811505426,3.601713078949413e-05,10.283838993771528,27.42876520627323,nan,0.44953455397175823,nan
47.65,216.90492248535156,-189.0553436279297,-7.347015380859375,217.74524011625581,-189.641396836899,-7.3504493369243145,1.0245017699379584,0.5177468526176164,0.10970885029385505,3.671065910025518e-05,10.674477328481505,28.580142135006785,3.580501221461064,nan,nan
47.660000000000004,216.8990936279297,-189.04676818847656,-7.348760604858398,217.74000066195075,-189.63305343811717,-7.351980892380353,1.0251172635674268,0.5178001979868363,0.10972430759594752,3.5945018872106184e-05,10.608684442980937,27.924148563215304,nan,0.07589245361481703,nan
47.67,216.8932342529297,-189.0382080078125,-7.350471019744873,217.73473064737976,-189.62471155148597,-7.3538118816782205,1.0257259624151454,0.5178536296197992,0.10973983177390646,3.665964047169941e-05,10.59048296953968,28.29824901844516,nan,nan,nan
47.68,216.88735961914062,-189.02963256835938,-7.352147102355957,217.72942353455662,-189.6163656503031,-7.353576942224084,1.0263183675326748,0.5179071476336398,0.10975542295538707,3.589734820471778e-05,10.310885155709382,26.837146065394325,nan,2.7695349181924342,nan
47.69,216.88148498535156,-189.0210723876953,-7.353789806365967,217.72411719401344,-189.60802512924445,-7.355321299521491,1.0269103687068992,0.5179607521990719,0.10977108130090475,3.661133838565459e-05,10.284972165612276,28.101178339687475,nan,nan,nan
47.7,216.8756866455078,-189.01251220703125,-7.3553996086120605,217.67732379491216,-189.58670908308312,-7.3559250060000725,0.9860651336576424,0.5178725054311825,0.10849202190945463,3.58305952766672e-05,14.333335589430728,29.769439774263095,14.25586937735705,0.8803419020699367,0.0009574708586526974
47.71,216.86997985839844,-189.00393676757812,-7.356977939605713,217.67207543029198,-189.5783661882187,-7.357595415977572,0.9865732851774186,0.5179256576909576,0.10850346580884153,3.65431360252449e-05,14.293502886905491,29.211232461078264,nan,nan,nan
47.72,216.86436462402344,-188.99537658691406,-7.358524322509766,217.66692311176132,-189.5700236029637,-7.359211378380853,0.9870763857679027,0.5179788948464232,0.10851496977300851,3.5788004249523324e-05,14.25175994866397,30.03777836316422,nan,0.0003819385484497858,nan
47.730000000000004,216.85887145996094,-188.98681640625,-7.360040187835693,217.66187432135757,-189.56168149287862,-7.360820911049255,0.9875647182663272,0.5180322170569069,0.1085265340625941,3.650005302580295e-05,14.211886340415294,29.340197804751487,nan,nan,nan
47.74,216.8534698486328,-188.97825622558594,-7.361525535583496,217.65693524615767,-189.55335023448177,-7.364126791517929,0.9880771885941386,0.5180856244528299,0.10853815870913067,3.5747825361902455e-05,14.34049433896335,30.06420774044368,nan,2.0141586664634064,nan
47.75,216.8481903076172,-188.9696807861328,-7.36298131942749,217.6124415878238,-189.5325173590966,-7.365645992752033,0.949142838379456,0.5180156022187121,0.10852820589879097,3.64370422972642e-05,14.862718216946169,27.70096658871589,13.42968187974981,nan,nan
47.76,216.84300231933594,-188.96112060546875,-7.364408493041992,217.60764693365527,-189.52416958345128,-7.366311814785377,0.9495836774336432,0.5180687847103329,0.10853986790846147,3.568848284868027e-05,14.726324437523152,28.460107721078888,nan,0.5171928857340681,nan
47.77,216.83792114257812,-188.9525604248047,-7.365806579589844,217.6029578400906,-189.515827085142,-7.367814256650824,0.9500286890170879,0.5181220521881822,0.1085515904812589,3.639884330902252e-05,14.692793259468234,28.321300724806868,nan,nan,nan
47.78,216.8329315185547,-188.94400024414062,-7.367177486419678,217.59836874690012,-189.50747797679105,-7.368139708779535,0.9504747401177344,0.5181754047852706,0.10856337366101068,3.5652916682559263e-05,14.5648058554989,28.532191299607547,nan,0.8991105929443199,nan
47.79,216.8280487060547,-188.9354248046875,-7.368520736694336,217.59388222896405,-189.49913533949825,-7.36957710685221,0.9509319995595361,0.5182288426569447,0.10857521768998292,3.6362960086371646e-05,14.52858653293388,27.793007767910023,nan,nan,nan
47.800000000000004,216.82327270507812,-188.92686462402344,-7.369837284088135,217.58994312622485,-189.49152468816408,-7.371084927915266,0.9521691442762316,0.5181587106337174,0.10856540343270063,3.5598126814195274e-05,14.588789090326447,28.000139480293605,0.06851966073645732,0.004444409349710628,nan
47.81,216.81857299804688,-188.91830444335938,-7.371127605438232,217.58565286111957,-189.4831847653841,-7.372471817790716,0.9526295720001687,0.5182119231891418,0.10857728442792754,3.630702534433373e-05,14.551702211941079,28.676522681784043,nan,nan,nan
47.82,216.8138427734375,-188.9097442626953,-7.372502326965332,217.58138876587654,-189.4748475835074,-7.374455447186841,0.9531382000427201,0.5182652207966874,0.10858922627593222,3.556686222915654e-05,14.563280343717672,28.183967579883657,nan,0.21953519778825942,nan
47.83,216.80906677246094,-188.9011688232422,-7.373959541320801,217.57707891160607,-189.46650696258567,-7.375962473526917,0.9536529082470452,0.5183186036095827,0.10860122920794571,3.627555086932553e-05,14.52258635367379,27.781590704637704,nan,nan,nan
47.84,216.8042449951172,-188.89260864257812,-7.375499725341797,217.5727272448878,-189.4581738360142,-7.379049092575552,0.9541706106596688,0.5183720717641002,0.1086132932842928,3.553763561247758e-05,14.720611544211907,28.523159442664664,nan,1.5316586134272905,nan
47.85,216.79937744140625,-188.88404846191406,-7.377120494842529,217.5753394935734,-189.45746209067295,-7.38071613482119,0.9648488092321813,0.5183018305497047,0.10860361348563442,3.622395234174076e-05,15.265019423149361,29.279005564043945,4.7845701590971075,nan,nan
47.86,216.79446411132812,-188.87547302246094,-7.378821849822998,217.57091736807874,-189.44915675969858,-7.383973788392488,0.9654114318572206,0.5183550729799077,0.10861571411002632,3.548904767920247e-05,15.612668516656079,29.31945134476525,nan,1.5199204642476862,nan
47.870000000000005,216.78952026367188,-188.86691284179688,-7.380602836608887,217.56645012123246,-189.44084373408035,-7.385838943067094,0.9659420735723543,0.5184084005456525,0.1086278760500162,3.61965721038996e-05,15.577737088521822,29.252710245362636,nan,nan,nan
47.88,216.78453063964844,-188.8583526611328,-7.382462024688721,217.5619389322135,-189.43252471508862,-7.386607851376525,0.9664648926741686,0.518461813384926,0.10864009937579122,3.546368296762802e-05,15.260403728445052,29.10676433122394,nan,0.9506704020392907,nan
47.89,216.7794952392578,-188.8497772216797,-7.384398460388184,217.55738787505973,-189.42421131532194,-7.388620168942961,0.9670104981832284,0.5185153116483191,0.10865238430383843,3.6171128528010036e-05,15.225640456965698,28.835016084696104,nan,nan,nan
47.9,216.7744140625,-188.84121704101562,-7.386411666870117,217.53929253952836,-189.40701892312293,-7.388734064961751,0.9514075088784478,0.5184449618221121,0.10864283461963879,3.5418878027219845e-05,14.48978248151404,28.33158024094608,4.207541248571556,2.574851441369141,nan
47.910000000000004,216.76930236816406,-188.83265686035156,-7.388500690460205,217.53463418569032,-189.39868095748295,-7.390881878530984,0.9519042701385899,0.518498233955215,0.1086551556459546,3.612540706567267e-05,14.449846656963363,27.95951457435505,nan,nan,nan
47.92,216.76414489746094,-188.82408142089844,-7.390664577484131,217.5299393747302,-189.39035613365,-7.395893371406213,0.952436649863821,0.5185515912928861,0.108667538295404,3.539708599560527e-05,15.022321057030497,28.30310438356459,nan,5.361035180383352,nan
47.93,216.7589569091797,-188.81552124023438,-7.39290189743042,217.5252013150698,-189.38201837011718,-7.39822047278448,0.9529311491220945,0.518605033984349,0.10867998277570433,3.610361658870536e-05,14.989265933061585,28.42635044031615,nan,nan,nan
47.94,216.75372314453125,-188.8069610595703,-7.395212650299072,217.52042314799667,-189.37367730947818,-7.3998417276305455,0.9534241614205347,0.5186585621696983,0.10869248917016022,3.5376982452579917e-05,14.767132721516962,28.43054204590813,nan,0.4206722614414363,nan
47.95,216.74844360351562,-188.7983856201172,-7.3975958824157715,217.5030326609039,-189.3621968500862,-7.4023564243822095,0.9419715554777198,0.5185881043226832,0.10868306532924776,3.60614617795506e-05,15.030767196283719,27.957527186483826,1.6370820694487023,nan,nan
47.96,216.74313354492188,-188.78982543945312,-7.400050163269043,217.49815950985294,-189.35386224224987,-7.404711599415254,0.9424560741043637,0.5186414059752827,0.10869560735041052,3.53372811407763e-05,14.973443060750352,28.102294253070404,nan,0.023921280250842673,nan
47.97,216.73779296875,-188.78126525878906,-7.402559757232666,217.49324891134415,-189.34552877348355,-7.407315173144364,0.9429366941617507,0.5186947929107326,0.10870821142774925,3.60430362107475e-05,14.94268880545164,27.8235842406033,nan,nan,nan
47.980000000000004,216.73240661621094,-188.772705078125,-7.40507173538208,217.4882997646544,-189.3371898821816,-7.4085480918582745,0.943413817435893,0.5187482652702015,0.10872087765232896,3.5320346980737424e-05,14.613892435464075,27.784487495821672,nan,1.3594783479931467,nan
47.99,216.72698974609375,-188.76412963867188,-7.407559871673584,217.48331547635107,-189.32885740796047,-7.411157864827942,0.9439062502228037,0.5188018232012597,0.10873360622025995,3.602619854195703e-05,14.589792259532778,27.086035556770945,nan,nan,nan
48.0,216.72152709960938,-188.7555694580078,-7.4100117683410645,217.50033477753158,-189.3270219210708,-7.4145896962970985,0.965981508185177,0.5187312579137697,0.10872430375532549,3.528372799092586e-05,14.47573509973607,28.77052290454956,4.630362639834132,0.3864864524258822,nan
48.01,216.71603393554688,-188.74700927734375,-7.412421226501465,217.49531267645875,-189.31869007630797,-7.417141641267192,0.9664970637602238,0.5187845889119894,0.10873706744861271,3.598882937430598e-05,14.457849939124726,28.537830838144686,nan,nan,nan
48.02,216.71051025390625,-188.7384490966797,-7.414786338806152,217.49025553828423,-189.3103605369552,-7.420105238902263,0.9670127686467883,0.5188380052635343,0.10874989351820005,3.5269701118238334e-05,14.59819066899724,28.45296130208927,nan,0.14335508899440588,nan
48.03,216.70494079589844,-188.72988891601562,-7.417105674743652,217.48516289504508,-189.3020296968972,-7.422575127561403,0.9675337265742667,0.5188915071151504,0.10876278215337083,3.597495765982896e-05,14.584645241048142,28.819367075476876,nan,nan,nan
48.04,216.69935607910156,-188.72132873535156,-7.419379711151123,217.48003630748482,-189.29370257843527,-7.425842460591134,0.9680471075135139,0.5189450946092788,0.1087757334554073,3.525704499582764e-05,14.895889783521223,28.380084358670683,nan,0.4931306203557134,nan
48.050000000000004,216.6937255859375,-188.7127685546875,-7.421608924865723,217.4679647786053,-189.2879437088892,-7.428384345145518,0.9645302959439981,0.5188744224669907,0.10876654793767233,3.59404637610832e-05,15.599921112583713,29.07219749516867,5.011357480665435,nan,nan
48.06,216.68804931640625,-188.70420837402344,-7.423793792724609,217.46276301842454,-189.27963722923056,-7.43072236165045,0.9650635691845492,0.5189277826314385,0.10877953384166505,3.5224540483640455e-05,15.643434737721487,29.524451120514648,nan,8.312172922705856e-05,nan
48.07,216.68235778808594,-188.69564819335938,-7.4259352684021,217.45752797056923,-189.27133139862968,-7.433028311048662,0.9655828684765825,0.5189812282237943,0.10879258253017185,3.592930023842204e-05,15.639926815685856,28.823376943794393,nan,nan,nan
48.08,216.6766357421875,-188.6870880126953,-7.42803430557251,217.45226006843706,-189.26302664621375,-7.435481490077745,0.9661024094816307,0.519034759387117,0.10880569411044722,3.521443106319693e-05,15.773893133797836,28.8246063800409,nan,0.025005181460011214,nan
48.09,216.67086791992188,-188.67852783203125,-7.430091381072998,217.44695938491253,-189.25472179896886,-7.437706015643299,0.9666309700326602,0.5190883762672008,0.10881886876283743,3.591941184739513e-05,15.772050510193298,29.27350296482502,nan,nan,nan
48.1,216.66506958007812,-188.6699676513672,-7.432107448577881,217.47738909432277,-189.26033612802956,-7.4398063024546905,1.0042196989754455,0.5190175978505434,0.10880979562744797,3.661583682294217e-05,15.62628002242755,30.56224995366119,10.878645209310662,nan,nan
48.11,216.65924072265625,-188.66140747070312,-7.434082984924316,217.47208295182088,-189.25204883016895,-7.441949177553913,1.0048042505938377,0.5190709870066668,0.10882300433029078,3.734869141989891e-05,15.623747160300741,30.484377229961982,nan,nan,nan
48.120000000000005,216.6533966064453,-188.65286254882812,-7.436019420623779,217.4667451169742,-189.24376112601337,-7.443740790977421,1.0053638881814175,0.5191244616613806,0.10883627614457846,3.654905510266224e-05,15.556963222878682,30.16235542292051,nan,0.06309311770212762,nan
48.13,216.6475067138672,-188.64430236816406,-7.437917232513428,217.46137629096546,-189.23547493539996,-7.445803636206932,1.0059477561690893,0.5191780219601105,0.10884961124801798,3.7280441308704805e-05,15.553981852453012,30.262955612736373,nan,nan,nan
48.14,216.64158630371094,-188.6357421875,-7.439777374267578,217.45597711697704,-189.22719162837586,-7.448624193734645,1.0065401651495458,0.5192316680465336,0.10886300975320427,3.648486590277901e-05,15.990935139946552,30.67390245301143,nan,0.4097070280847909,nan
48.15,216.63563537597656,-188.62718200683594,-7.441600322723389,217.423656631477,-189.2101907469311,-7.450605660800137,0.9802845435187184,0.519160783935935,0.1088540443988453,3.7191306831933305e-05,16.30619674589587,29.768546178223314,5.8618650647273975,nan,nan
48.160000000000004,216.62965393066406,-188.61863708496094,-7.443387031555176,217.418153646714,-189.2018974331016,-7.451050188076435,0.9808074020376576,0.5192142019071826,0.1088674763808642,3.6400652454617186e-05,15.697787489807826,29.55591500024838,nan,1.4992385234808165,nan
48.17,216.62364196777344,-188.61007690429688,-7.445137977600098,217.41262177914035,-189.19360932229148,-7.45296116908409,0.981356422468512,0.5192677054489837,0.10888097186422731,3.7128453787307726e-05,15.693599344297501,29.130405269396984,nan,nan,nan
48.18,216.61761474609375,-188.60153198242188,-7.4468536376953125,217.40706080120788,-189.1853223803309,-7.455029993424509,0.9818875472369686,0.5193212947053413,0.1088945309664459,3.634158743649462e-05,15.844582020695825,29.16249484456208,nan,0.02417157773659143,nan
48.19,216.61154174804688,-188.5929718017578,-7.448535442352295,217.40147090089533,-189.1770356048958,-7.456874719097965,0.9824398893533001,0.5193749698211784,0.10890815385786598,3.7068187632060644e-05,15.842020888528777,29.305088441719217,nan,nan,nan
48.2,216.60545349121094,-188.5844268798828,-7.450183868408203,217.41678246311253,-189.16777131286005,-7.457570086905733,0.9992997470009292,0.5193039805955927,0.10889929161428255,3.6262606432584365e-05,14.393204164345292,28.98916526551998,12.373810730669609,0.7219228962608469,nan
48.21,216.59938049316406,-188.57586669921875,-7.451799392700195,217.41118868199464,-189.1594518448935,-7.459337952757633,0.9998304794275685,0.5193574272077193,0.10891294738210686,3.698717699594083e-05,14.387109260714306,28.788570094708575,nan,nan,nan
48.22,216.5933837890625,-188.56732177734375,-7.45338249206543,217.4056422604205,-189.15113222387,-7.460839002579176,1.000326977200493,0.5194109594604973,0.10892666698198228,3.620845887925184e-05,14.347915173842644,29.009692948822682,nan,0.03648076247912492,nan
48.230000000000004,216.5874786376953,-188.5587615966797,-7.454934120178223,217.40017904560221,-189.1428135130926,-7.46254215240902,1.0008278954106222,0.519464577498644,0.10894045058007902,3.693199641312957e-05,14.343500132508314,28.63030671888883,nan,nan,nan
48.24,216.58168029785156,-188.5502166748047,-7.456454753875732,217.39481564569166,-189.1344922859811,-7.4631166324035005,1.0013048808170995,0.519518281466482,0.10895429830016679,3.615666690500541e-05,13.96638696864673,28.63323732888273,nan,0.7971993050502977,nan
48.25,216.57598876953125,-188.5416717529297,-7.457945346832275,217.34778909900112,-189.10842205380027,-7.464758480625479,0.957563611933315,0.5194471877040108,0.10894553447895089,3.6856153245837604e-05,13.962836142795801,27.07553458920357,15.447467336323825,nan,nan
48.26,216.57040405273438,-188.53311157226562,-7.459405899047852,217.34257304444895,-189.10008079002316,-7.467472339746685,0.9580000590373914,0.5195006627825277,0.10895941445313534,3.608504207832471e-05,14.47080304567506,27.21586182469585,nan,0.8178770180026083,nan
48.27,216.56494140625,-188.52456665039062,-7.4608378410339355,217.33746661534033,-189.09173687549682,-7.469058553304151,0.9584074514721307,0.5195542235716202,0.10897335863121634,3.680583057055e-05,14.46706930569074,27.213202102984937,nan,nan,nan
48.28,216.5595703125,-188.51600646972656,-7.462241172790527,217.33246867184326,-189.08338695099286,-7.468077140341181,0.9588151766188984,0.5196078702157234,0.10898736714048682,3.603785700678832e-05,13.540262365740665,26.378688107952296,nan,4.291068427483019,nan
48.29,216.5543212890625,-188.50746154785156,-7.463616371154785,217.3275782433325,-189.07504285525795,-7.469583074954924,0.959223883876081,0.5196616028593805,0.10900144014183875,3.675783090125953e-05,13.527123646895271,26.28446504064714,nan,nan,nan
48.300000000000004,216.54916381835938,-188.49891662597656,-7.464963912963867,217.31055065989517,-189.0661545781839,-7.470729253094343,0.9494746210589551,0.5195904051363223,0.10899276996128118,3.5970888319779155e-05,13.951216987316352,26.569995987124845,3.267501338557733,0.12888602241214292,nan
48.31,216.5441131591797,-188.4903564453125,-7.46628475189209,217.3058520767615,-189.05782415331498,-7.472180313982324,0.9498950130602212,0.5196439085078124,0.1090068745690436,3.668921580746041e-05,13.939605825439653,25.935983636816562,nan,nan,nan
48.32,216.5390167236328,-188.4818115234375,-7.467689514160156,217.30118449233925,-189.0494935824008,-7.473657774529339,0.9503674278170464,0.5196974976588873,0.10902104371336731,3.592808739211827e-05,13.943866708221448,26.600598826623557,nan,6.765871185553338e-06,nan
48.33,216.5338897705078,-188.4732666015625,-7.46917724609375,217.29647646054292,-189.04116280744043,-7.475222690969985,0.9508317978869866,0.5197511727340502,0.1090352775521988,3.664573730218875e-05,13.910482657746915,26.228303544629412,nan,nan,nan
48.34,216.52871704101562,-188.46470642089844,-7.4707465171813965,217.29172849373072,-189.0328309505028,-7.476385333556521,0.9513063409663044,0.5198049338777996,0.10904957621724888,3.588738159573727e-05,13.761341556302721,25.841905479085792,nan,0.15819452980239562,nan
48.35,216.5235137939453,-188.45616149902344,-7.4723968505859375,217.30809555989046,-189.03427045351478,-7.478072325850713,0.9745823319433615,0.5197336327692926,0.10904099488277785,3.6581672506210267e-05,13.833953066219173,26.820899892872223,4.42958059851633,nan,nan
48.36,216.5182647705078,-188.44760131835938,-7.474126815795898,217.30330519430845,-189.02595439507456,-7.4787594074065815,0.9750908723047514,0.5197871642608581,0.10905532448483078,3.5826899939394895e-05,13.515160947203519,26.315100798740808,nan,0.8438236924743284,nan
48.370000000000005,216.5129852294922,-188.43905639648438,-7.475935935974121,217.2984760768773,-189.01764040987663,-7.480635572273377,0.9755908048255849,0.5198407816003526,0.10906971898043634,3.6542478092224105e-05,13.482147068525391,26.46104585115462,nan,nan,nan
48.38,216.50765991210938,-188.43051147460938,-7.477822780609131,217.2936087627975,-189.00932612737415,-7.4824351568521195,0.9760959338957452,0.5198944849322605,0.10908417850374627,3.579025207407421e-05,13.433533684485079,26.712798797768684,nan,0.01646522869035995,nan
48.39,216.50228881835938,-188.4219512939453,-7.4797868728637695,217.28870363591363,-189.00101213763656,-7.484468003304118,0.9766174475952821,0.5199482744011062,0.10909870320904783,3.650532769283209e-05,13.402129005064044,26.523385096607125,nan,nan,nan
48.4,216.4969024658203,-188.4134063720703,-7.481827735900879,217.25988307292792,-188.9870613398669,-7.4854540938352265,0.9545850299328305,0.5198768704808918,0.10909020585571964,3.573383518927629e-05,13.613048997839977,25.392379961038195,5.253856363854257,0.9014755382410533,nan
48.410000000000004,216.491455078125,-188.40484619140625,-7.483943462371826,217.25486748523952,-188.97875282949656,-7.487630800925757,0.9550816347549083,0.5199304299203411,0.10910476080457317,3.644757143531105e-05,13.581166373981988,25.80654972699033,nan,nan,nan
48.42,216.48599243164062,-188.39630126953125,-7.486133575439453,217.24981624545444,-188.97044022332045,-7.487218127444829,0.9555435798854457,0.5199840752753033,0.10911938097886822,3.5701018428684633e-05,13.203612776582368,25.162581378567722,nan,4.817650290455166,nan
48.43,216.48048400878906,-188.38775634765625,-7.488397598266602,217.2447289653115,-188.9621322281093,-7.489519392369787,0.9560226273672794,0.5200378066903565,0.10913406653089386,3.6414361855775704e-05,13.167453646319915,25.481334808818758,nan,nan,nan
48.44,216.47494506835938,-188.3791961669922,-7.490734100341797,217.23960628118957,-188.95382625383502,-7.493049395297841,0.9565102548863088,0.5200916243099036,0.10914881759780154,3.567002836130636e-05,13.247326766067918,24.978035115629357,nan,0.9058323860871256,nan
48.45,216.46937561035156,-188.3706512451172,-7.493142604827881,217.24795154901204,-188.94436388033694,-7.495796856754576,0.9671265300492632,0.5200201181504449,0.1091403993407916,3.636053850223855e-05,12.587118417895336,25.493747483939647,8.683726560204025,nan,nan
48.46,216.46376037597656,-188.3621063232422,-7.495622158050537,217.24277780199984,-188.9360344001931,-7.498335079421082,0.9676099149465505,0.520073705366227,0.10915517993945067,3.708701370264961e-05,12.554054872770106,25.88517985580133,nan,nan,nan
48.47,216.45811462402344,-188.35354614257812,-7.498154640197754,217.23757006652522,-188.9277052882391,-7.500936358276172,0.9680998137316595,0.5201273785644779,0.10917002610512762,3.78280054989117e-05,12.524223077497895,25.260180902035888,nan,nan,nan
48.480000000000004,216.4524383544922,-188.34500122070312,-7.500688552856445,217.23232863386374,-188.91937670108183,-7.503600206436278,0.9685786070552472,0.5201811378895895,0.1091849379794038,3.699754650706692e-05,12.511650907797119,25.585168972011903,nan,0.0007487735405884968,nan
48.49,216.4467315673828,-188.33645629882812,-7.50319766998291,217.22705400860303,-188.91104857687688,-7.506219304247083,0.9690554826937255,0.5202349834862777,0.10919991571260806,3.773648271144277e-05,12.487580476384199,25.46112637774868,nan,nan,nan
48.5,216.44097900390625,-188.32791137695312,-7.505670070648193,217.219006491032,-188.90141284457306,-7.510461781176026,0.9665679823867512,0.5201633756584639,0.10919157161422811,3.688839175734287e-05,12.839470406694442,26.163609744695528,0.15661637971228487,1.828606216731829,nan
48.51,216.43521118164062,-188.31936645507812,-7.5081000328063965,217.2136619491862,-188.89308302477832,-7.513028382090371,0.9670370150451856,0.5202169904796804,0.10920657813844567,3.762446454036528e-05,12.826207474403052,25.513222672100234,nan,nan,nan
48.52,216.4293975830078,-188.31080627441406,-7.51048469543457,217.20828467008403,-188.8847560273837,-7.517567097076586,0.967539959774788,0.5202706913494184,0.10922165056158553,3.680577647154519e-05,13.508202512098176,26.184009722128003,nan,2.587268088913673,nan
48.53,216.42356872558594,-188.30226135253906,-7.512823104858398,217.202876315168,-188.8764272302079,-7.52006613371991,0.9680078696614564,0.5203244784124912,0.10923678903259013,3.754004536518407e-05,13.506909885370153,26.046600336968215,nan,nan,nan
48.54,216.41769409179688,-188.29371643066406,-7.515116214752197,217.19743730403957,-188.8680970322705,-7.520735389424831,0.9684751559355176,0.5203783518130578,0.10925199369181639,3.6726438355307857e-05,12.93282309435307,25.931124265152285,nan,2.0392054217060274,nan
48.550000000000004,216.4117889404297,-188.28517150878906,-7.517364025115967,217.19596728252804,-188.85413542023002,-7.523052030185615,0.9688591012835651,0.5203066428868259,0.10924371879238093,3.7435284244766264e-05,12.230104151729815,25.64055033546976,5.369314853312484,nan,nan
48.56,216.40586853027344,-188.27662658691406,-7.519567012786865,217.19046819545886,-188.84577858284064,-7.525695732109817,0.9693132570417183,0.5203602851430191,0.10925895148399875,3.662759833355464e-05,12.355663893873343,25.199887518994615,nan,0.05672388261713689,nan
48.57,216.39990234375,-188.26808166503906,-7.521726131439209,217.18493912567396,-188.83742170409772,-7.528002217231656,0.9697784377380858,0.5204140135136044,0.10927425040901093,3.7357674505406215e-05,12.348423767646391,25.731337112636908,nan,nan,nan
48.58,216.3939208984375,-188.25953674316406,-7.5238423347473145,217.17938053506685,-188.82906479414612,-7.52970271203196,0.9702285223859676,0.5204678281426363,0.10928961570885257,3.655471228958787e-05,12.198170978227,25.017462718606975,nan,0.2052618540631539,nan
48.59,216.3878936767578,-188.25099182128906,-7.52591609954834,217.17379215029644,-188.8207090324244,-7.531919785535339,0.9706957070161497,0.5205217291750898,0.10930504753084723,3.7283316142885113e-05,12.189580593733323,25.56752386215374,nan,nan,nan
48.6,216.38185119628906,-188.24246215820312,-7.52794885635376,217.17188563326155,-188.8220690092092,-7.532165955192859,0.9798552430120681,0.5204499197183254,0.10929683683097983,3.646242605310081e-05,12.464617238774803,25.55856799402069,8.268105183144327,2.055140635067921,nan
48.61,216.3757781982422,-188.23391723632812,-7.529941082000732,217.1662508173682,-188.81375245952117,-7.53428219982612,0.9803441706600952,0.5205035892403109,0.10931229590500148,3.718874628260214e-05,12.449027375424464,25.10596673588009,nan,nan,nan
48.620000000000005,216.3696746826172,-188.22537231445312,-7.531893730163574,217.1605879990375,-188.80543569182487,-7.535285625711817,0.980830719754578,0.5205573449409948,0.10932782153684038,3.6395703426450226e-05,12.223877890096588,24.926334796790243,nan,0.7517370759928871,nan
48.63,216.36354064941406,-188.21682739257812,-7.533807277679443,217.15489653148967,-188.79712043259255,-7.537313924651672,0.9813238206411948,0.5206111869654578,0.10934341387300256,3.7120757200314965e-05,12.204600558542133,24.964454849640084,nan,nan,nan
48.64,216.3573760986328,-188.20828247070312,-7.535682678222656,217.1491775851,-188.78880518159232,-7.538561968615339,0.9818169392218521,0.5206651154575909,0.1093590730561537,3.633192264543793e-05,12.067157250855606,24.903221689988186,nan,0.36078622254815973,nan
48.65,216.3511962890625,-188.1997528076172,-7.537520885467529,217.1149822420354,-188.7639539430833,-7.540485530320458,0.9495792185695114,0.5205932060377041,0.10935092153487441,3.703262686646884e-05,11.627418703394008,23.714002589268596,11.476830501173888,nan,nan
48.660000000000004,216.344970703125,-188.1912078857422,-7.5393218994140625,217.1091575092517,-188.7556043462648,-7.544180726467031,0.9500254983467027,0.5206469026559786,0.10936660716931033,3.62488083576818e-05,12.006740582046664,24.22161290815137,nan,2.09456528354029,nan
48.67,216.33872985839844,-188.1826629638672,-7.541087627410889,217.1033067322294,-188.7472542366213,-7.54607315598315,0.9504556574414207,0.5207006855176907,0.10938235968682553,3.697069607023037e-05,11.993767698158537,23.755118299693024,nan,nan,nan
48.68,216.3324737548828,-188.17413330078125,-7.54281759262085,217.09742886044123,-188.73890544567774,-7.549161400538259,0.9508754561296471,0.5207545547666296,0.10939817923068752,3.61907632771734e-05,12.398665465888445,24.275169542277965,nan,0.9985548984360847,nan
48.69,216.326171875,-188.16558837890625,-7.544513702392578,217.09152577575952,-188.7305564738304,-7.550997401720998,0.9513136076221262,0.520808510548034,0.10941406594649768,3.69116522746393e-05,12.391581805999898,24.39446933255554,nan,nan,nan
48.7,216.31985473632812,-188.1570587158203,-7.546175479888916,217.11877110946423,-188.73107087935205,-7.553080599597908,0.9837708146847677,0.5127162630023007,0.10939620704760923,3.6113416081260725e-05,15.33193782435246,28.777486640177564,8.916164445811354,0.01325233561394411,0.000328901083410442
48.71,216.31350708007812,-188.1485137939453,-7.547804355621338,217.1128674030963,-188.72272237637083,-7.554855223100814,0.9842469897739249,0.5127645403321434,0.1094124824061689,3.683248872740952e-05,15.314932470074815,28.42780794450085,nan,nan,nan
48.72,216.3072052001953,-188.13998413085938,-7.549400806427002,217.10696972442673,-188.71437414933868,-7.556288326534238,0.9846799609421306,0.5128129021015226,0.10942881808825368,3.606080846896635e-05,15.23457195702653,28.588087959260015,nan,0.06377885366279666,nan
48.730000000000004,216.3009796142578,-188.13143920898438,-7.550965309143066,217.10113375517142,-188.7060267596211,-7.557997058479082,0.9851126575507092,0.5128613484918259,0.10944521423948876,3.6779048098202404e-05,15.220199408019973,28.24348648738918,nan,nan,nan
48.74,216.29486083984375,-188.12290954589844,-7.5524983406066895,217.09538653389737,-188.69767946083797,-7.558738239581404,0.9855154886143825,0.512909879611988,0.10946167100337263,3.601079067211841e-05,14.912903770754955,28.24610446727758,nan,0.584979028186441,nan
48.75,216.28884887695312,-188.11436462402344,-7.554001331329346,217.0740182083091,-188.68563505623084,-7.560547846429738,0.9710219577725184,0.5128508549316488,0.10945374287857705,3.670550107821985e-05,15.34540818420815,27.522513341689873,4.753176396746042,nan,nan
48.76,216.282958984375,-188.1058349609375,-7.555474281311035,217.06846066548488,-188.67729247241974,-7.560833431877445,0.9713934830699187,0.5128991853326229,0.10947021345406355,3.594145477944261e-05,14.934022924749806,27.319408224996454,nan,1.179146654104327,nan
48.77,216.2771759033203,-188.09730529785156,-7.556917667388916,217.0630218872157,-188.6689507557896,-7.5624051155660865,0.9717831816167761,0.5129476002899631,0.10948674473930017,3.6657350361838044e-05,14.913226749030034,27.571470642248073,nan,nan,nan
48.78,216.27151489257812,-188.08876037597656,-7.558332443237305,217.05769554978832,-188.66060886586797,-7.563391434987457,0.972170928674617,0.5129960999176368,0.10950333687819999,3.589644057715943e-05,14.76395007841484,26.6536959772858,nan,0.20841540618191684,nan
48.79,216.26596069335938,-188.08023071289062,-7.559719085693359,217.05248384087028,-188.65226721636802,-7.5649024851564555,0.9725591449938128,0.5130446843895047,0.10951999001576194,3.661171531149286e-05,14.741978865505505,27.295333931349266,nan,nan,nan
48.800000000000004,216.26051330566406,-188.0717010498047,-7.561078071594238,217.03173495583968,-188.64683560036855,-7.568724446495138,0.9620920184686195,0.5129855378608021,0.10951208786854404,3.5832094986915243e-05,16.794178926356665,28.105224475598977,15.314391625888641,3.7569015171423956,nan
48.81,216.2551727294922,-188.0631561279297,-7.5624098777771,217.02671215845226,-188.63852735913733,-7.570205262031791,0.9624894348288204,0.513033921272999,0.10952875434704595,3.654592345741864e-05,16.785599506769334,27.705435123566037,nan,nan,nan
48.82,216.2498016357422,-188.05462646484375,-7.563825607299805,217.02172205859597,-188.63021848000224,-7.570730330000351,0.9629200290411174,0.5130823892949375,0.10954548191653248,3.5791788820443566e-05,16.4097703947707,27.57965866659127,nan,0.6547621467409486,nan
48.83,216.244384765625,-188.0460968017578,-7.565323829650879,217.01669787166983,-188.62190961723826,-7.572315050991465,0.963367432196029,0.5131309420961595,0.10956227072174506,3.650512749051695e-05,16.37121508045111,27.85627776745769,nan,nan,nan
48.84,216.2389373779297,-188.0375518798828,-7.566903591156006,217.0116337398034,-188.61360036615704,-7.572764666327527,0.9638080090940571,0.5131795797970982,0.10957912090698813,3.575372026198685e-05,15.949941443737487,26.80827154854886,nan,1.003290590426733,nan
48.85,216.23345947265625,-188.02902221679688,-7.568563938140869,217.04673792830985,-188.62464803655374,-7.574628014680203,1.0080817112792082,0.5131203116066202,0.10957124120912731,3.6444144356274945e-05,16.2383989820259,28.742581971151274,16.96518232982055,nan,nan
48.86,216.2279510498047,-188.02047729492188,-7.5703043937683105,217.04167489241658,-188.6163743498334,-7.577137949348066,1.0086062113476926,0.5131687479085183,0.10958810424198376,3.5696242977238554e-05,16.495644899075565,28.39738422324794,nan,0.32147112665346417,nan
48.870000000000005,216.22239685058594,-188.01194763183594,-7.5721235275268555,217.03657479451016,-188.60810062901604,-7.579046511131971,1.0091243967526917,0.5132172689242619,0.1096050287440526,3.6407883465775084e-05,16.459624678390295,29.18028504108475,nan,nan,nan
48.88,216.216796875,-188.00341796875,-7.5740203857421875,217.03144014758615,-188.5998270035721,-7.5810600640676205,1.0096518981600708,0.5132658747779733,0.10962201485977249,3.566245945390032e-05,16.488126049558062,29.637629838525463,nan,0.0004457537212878358,nan
48.89,216.211181640625,-187.994873046875,-7.57599401473999,217.02627110232714,-188.59155359909323,-7.583126707091529,1.01017294918916,0.513314565633674,0.10963906273368156,3.637377470315715e-05,16.455477518898352,28.49296801736374,nan,nan,nan
48.9,216.2055206298828,-187.98634338378906,-7.578044414520264,217.01573946882493,-188.5785209505049,-7.584724531735646,1.003580321381509,0.5132551759153141,0.10963120190639461,3.5609222494024124e-05,15.993064331627066,28.83579167636615,1.2722688107912994,0.1750419897481492,nan
48.910000000000004,216.1998291015625,-187.97779846191406,-7.580169677734375,217.01049471159033,-188.57023355789565,-7.586939462342929,1.0040935734363325,0.5133036650296934,0.10964826211202774,3.631937870745822e-05,15.959566676370075,28.275514581306506,nan,nan,nan
48.92,216.19410705566406,-187.96926879882812,-7.582369327545166,217.0052206551052,-188.5619462898231,-7.590893465522502,1.00461163663315,0.5133522389192879,0.10966538416127192,3.557944077864084e-05,16.69615723528001,29.35875823468618,nan,1.8892090900437244,nan
48.93,216.1883544921875,-187.9607391357422,-7.584641933441162,216.99990991965373,-188.55365925782894,-7.5932753953861605,1.005112441317101,0.5134008977449911,0.10968256819862758,3.6289373398128014e-05,16.664388669737185,29.263260871607123,nan,nan,nan
48.94,216.1825714111328,-187.9521942138672,-7.586987495422363,216.9945633657682,-188.54537263365884,-7.594168313914565,1.0056058553197267,0.5134496416356112,0.10969981436859226,3.5551556833454826e-05,16.01938646234538,28.103695442459156,nan,1.6709949480897837,nan
48.95,216.1767578125,-187.94366455078125,-7.589405059814453,216.9721737984636,-188.53695582073857,-7.596595158782748,0.992337049221265,0.5133901305608718,0.10969196878591336,3.623902450843965e-05,16.838532318176416,28.151270427547082,9.15349988788726,nan,nan
48.96,216.1708984375,-187.9351348876953,-7.591893196105957,216.96673296557816,-188.52869023857517,-7.598186675572153,0.9928243341716021,0.5134386723684595,0.10970922674954552,3.550410492435731e-05,16.484794235194205,28.304536294964645,nan,0.6761625630205103,nan
48.97,216.16502380371094,-187.9265899658203,-7.594433784484863,216.96126336569114,-188.52042492076998,-7.600824202095488,0.9933167829145634,0.5134872990456949,0.10972654692762329,3.621283602807248e-05,16.456967043358585,27.350784150717935,nan,nan,nan
48.980000000000004,216.15911865234375,-187.91806030273438,-7.596975803375244,216.95575934524882,-188.51216034922166,-7.601598560987532,0.99378701375919,0.5135360107240221,0.10974392946460997,3.547982299270056e-05,15.889920111503212,27.163244038827642,nan,2.455910897207824,nan
48.99,216.15316772460938,-187.90953063964844,-7.59949254989624,216.9502288800577,-188.50389601284027,-7.604234417045531,0.9942832431848275,0.5135848075603883,0.10976137450505749,3.6188454962819595e-05,15.86664995462941,27.677585811291284,nan,nan,nan
49.0,216.14720153808594,-187.9010009765625,-7.6019721031188965,216.97857908707917,-188.51426858422943,-7.603025371069701,1.033095783050577,0.5135251752656712,0.1097535404962205,3.543590966133741e-05,15.762812275253978,28.11361735827733,13.905881530916973,9.756837068825785,nan
49.01,216.14120483398438,-187.8924560546875,-7.604409217834473,216.97304480946866,-188.50604483762706,-7.605553815856913,1.0336586716453255,0.513573769674979,0.10977099677041666,3.6143600432224397e-05,15.729067526992976,27.71739194235565,nan,nan,nan
49.02,216.1351776123047,-187.88392639160156,-7.606800556182861,216.9674834757408,-188.49782131714556,-7.609174887741424,1.0342174178426748,0.5136224490206033,0.10978851562619002,3.5414965817316114e-05,15.811528126350556,28.252963801625704,nan,0.8890421441057802,nan
49.03,216.12911987304688,-187.87539672851562,-7.609146595001221,216.9618912290135,-188.4895984248388,-7.6116270050593595,1.0347743751749967,0.5136712134572894,0.10980609720817962,3.6122634580747424e-05,15.782233396599347,28.263327622111866,nan,nan,nan
49.04,216.12303161621094,-187.8668670654297,-7.611445903778076,216.95627042730277,-188.48137582104235,-7.614034147817512,1.0353330990756346,0.513720063124417,0.1098237416608167,3.6844644154813706e-05,15.753316858383252,28.32711593483861,nan,nan,nan
49.050000000000004,216.11691284179688,-187.85833740234375,-7.6137003898620605,216.93770311759857,-188.46069631102134,-7.616309047816271,1.0181059555911673,0.513660309769665,0.10981591551308564,3.755715800738279e-05,14.91803977782985,27.447304584637138,8.477016945590345,nan,nan
49.06,216.1107635498047,-187.8498077392578,-7.615910053253174,216.9320077113974,-188.45243628707976,-7.618866845675327,1.0186323587151274,0.5137089566608882,0.10983357061784577,3.674339519535551e-05,14.93354708357204,27.56616764423118,nan,0.037224538808089735,nan
49.07,216.10459899902344,-187.84127807617188,-7.618075370788574,216.92628441883923,-188.44417669127247,-7.621142457124321,1.019148211128621,0.5137576885759254,0.10985128866799682,3.7477243144572856e-05,14.90613006629106,27.10619515133015,nan,nan,nan
49.08,216.09840393066406,-187.83274841308594,-7.620197772979736,216.92053451022696,-188.43591750703416,-7.623742839587864,1.019668678171493,0.5138065056506769,0.10986906980773063,3.666827452267741e-05,14.957371358006151,27.251596582629205,nan,0.08664891638779591,nan
49.09,216.09217834472656,-187.82421875,-7.622278213500977,216.91475719243618,-188.42765903388496,-7.62593790512894,1.0201909283351165,0.5138554080377863,0.1098869141818907,3.740051078230896e-05,14.932242541118645,27.350117022963165,nan,nan,nan
49.1,216.0859375,-187.81568908691406,-7.624316692352295,216.90763766990796,-188.41412635211256,-7.626712898339135,1.016525489797552,0.5137955337601895,0.10987909214269197,3.657347369912915e-05,14.181525581512819,26.467392625881647,2.9723915281571966,1.099982826452817,nan
49.11,216.07965087890625,-187.80715942382812,-7.626314640045166,216.9018074808897,-188.40584791392828,-7.628813196323539,1.0170425896425557,0.5138442330306792,0.10989694656638203,3.730328158386942e-05,14.150858516225346,27.135644534193393,nan,nan,nan
49.120000000000005,216.07334899902344,-187.7986297607422,-7.628273010253906,216.8959495933944,-188.39757042450555,-7.629616584641637,1.0175477687857577,0.5138930173942655,0.10991486429509326,3.650440702443982e-05,13.992603433614008,26.57011453545141,nan,1.0248911064396136,nan
49.13,216.06703186035156,-187.7901153564453,-7.630192279815674,216.89006772272876,-188.38929284566467,-7.6316267193856,1.018039170151654,0.5139418870019697,0.1099328454738144,3.72328140733832e-05,13.957016185736714,26.608009360179555,nan,nan,nan
49.14,216.0606689453125,-187.78158569335938,-7.632073402404785,216.88416112495165,-188.38101540944115,-7.6341845884332145,1.0185577114504374,0.5139908419921262,0.10995089024651741,3.6438234195437944e-05,13.983576406876553,26.91625238065777,nan,0.2227105409467906,nan
49.15,216.05429077148438,-187.77305603027344,-7.633916854858398,216.8639874116425,-188.36373982839174,-7.636189567117431,1.002258032476595,0.5139308469435404,0.10994306852704731,3.714195377400048e-05,13.661851907571807,25.93172397855531,3.3156409975826353,nan,nan
49.160000000000004,216.0478973388672,-187.7645263671875,-7.63572359085083,216.85800538375292,-188.3554427508232,-7.636482505550374,1.0027251830831772,0.5139795984712753,0.10996112272560156,3.635249605493485e-05,13.4990567506511,25.437404669325925,nan,1.701767380521803,nan
49.17,216.04147338867188,-187.75601196289062,-7.637494087219238,216.85200111557663,-188.34714551299422,-7.638337762840507,1.0031922955884451,0.514028435174243,0.10997924058616541,3.707746923509929e-05,13.461064773300185,26.075474498990946,nan,nan,nan
49.18,216.03501892089844,-187.7474822998047,-7.6392292976379395,216.84597343515654,-188.33884872384414,-7.640720939484227,1.003675095173829,0.5140773571920859,0.10999742225255675,3.629199182816743e-05,13.463396117995352,25.824471923464706,nan,0.2075092810376742,nan
49.19,216.02854919433594,-187.73895263671875,-7.64093017578125,216.83992126236245,-188.3305529577581,-7.642513182792487,1.0041504262503125,0.514126364673865,0.11001566786999877,3.701583995994575e-05,13.430597994507604,25.463576200431838,nan,nan,nan
49.2,216.0220489501953,-187.73043823242188,-7.642597198486328,216.83128463790976,-188.32000413666248,-7.643308594758539,1.0012246799786597,0.5140662489914727,0.11000784264611721,3.621198593146726e-05,13.236031188785368,25.979340542169542,0.23749171318269377,0.62506352665359,nan
49.21,216.01553344726562,-187.72190856933594,-7.644230842590332,216.82518164702353,-188.311702947916,-7.645025544975085,1.0016926913618376,0.5141150526635199,0.11002609704522394,3.6933888243330254e-05,13.20030247328573,25.185112909950675,nan,nan,nan
49.22,216.0089874267578,-187.71339416503906,-7.64583158493042,216.81905571706935,-188.30340224404827,-7.646795272029324,1.0021582195228524,0.5141639415819884,0.11004441545842544,3.6156876755193604e-05,13.16823912690057,25.903030288094964,nan,0.004720766005629836,nan
49.230000000000004,216.0024871826172,-187.70486450195312,-7.647400856018066,216.8129428479,-188.29510204411764,-7.648450216614534,1.0026065243788613,0.5142129158949004,0.1100627980310997,3.687782559068578e-05,13.135035505058381,25.49144929215159,nan,nan,nan
49.24,215.99607849121094,-187.69635009765625,-7.6489386558532715,216.80689701403304,-188.28680321715808,-7.648313726363853,1.0030263973683482,0.5142619757434581,0.110081244906829,3.610434115226965e-05,13.078164842098898,25.79695461359373,nan,2.054685514431854,nan
49.25,215.9897918701172,-187.6878204345703,-7.650445938110352,216.79468195308593,-188.27833730169212,-7.649879708092818,0.9982777853048772,0.5142017395726092,0.11007341232405209,3.680147904795559e-05,13.332155887296514,24.683210984182235,0.95464694487163,nan,nan
49.26,215.9835968017578,-187.67930603027344,-7.651923179626465,216.78883558864575,-188.27004444709002,-7.651940242427,0.9986898323818353,0.5142505952638389,0.11009186731694152,3.6032325079271495e-05,13.286353932210027,25.884737792329265,nan,0.17542648924824986,nan
49.27,215.9775390625,-187.6707763671875,-7.6533708572387695,216.78310520164035,-188.2617521476171,-7.6534636745128255,0.999094182847102,0.5142995362793423,0.11011038667415507,3.6750692538127565e-05,13.252174120715198,24.75168339644554,nan,nan,nan
49.28,215.97158813476562,-187.66226196289062,-7.654789924621582,216.77749163531502,-188.25346073900067,-7.653620320789323,0.9994987809121656,0.514348562761136,0.11012897053912636,3.598478380824013e-05,13.253519164369452,25.59167624869047,nan,1.1960076811075773,nan
49.29,215.96575927734375,-187.65374755859375,-7.6561808586120605,216.77199672207283,-188.24516862253958,-7.655075099893098,0.9998994523773055,0.5143976748560213,0.11014761905746057,3.670241895662902e-05,13.212694891116639,25.391636500171632,nan,nan,nan
49.300000000000004,215.9600372314453,-187.6452178955078,-7.657543659210205,216.76323938663774,-188.22256264282893,-7.657630014376525,0.989171707451369,0.514337318333756,0.11013977523030401,3.591777292926744e-05,11.850623870999335,24.68251703929715,17.976584603300832,0.8745147943183579,nan
49.31,215.9542999267578,-187.63670349121094,-7.658989906311035,216.75790183513766,-188.21421504219214,-7.659097616455527,0.9895936692753835,0.5143862259225285,0.1101584311814568,3.663384882237623e-05,11.811096459419874,24.568408296479355,nan,nan,nan
49.32,215.94851684570312,-187.628173828125,-7.660518169403076,216.75253111107165,-188.20586798774147,-7.659563364483428,0.9900355511917232,0.5144352189073951,0.11017715184151686,3.5874949402512704e-05,11.7976316640327,24.549667153311567,nan,0.7911476905893622,nan
49.33,215.9427032470703,-187.61965942382812,-7.66212797164917,216.74712921439615,-188.19751988955207,-7.661186634773204,0.9904669307301089,0.5144842974345327,0.1101959373562272,3.65904302772367e-05,11.756539655313144,25.010284107627022,nan,nan,nan
49.34,215.93685913085938,-187.61114501953125,-7.663817882537842,216.7416957320074,-188.1891714875469,-7.662988461137179,0.9908971895277601,0.514533461646896,0.11021478786881048,3.583437164434642e-05,11.711795146652324,24.96674649642168,nan,0.006302983207450987,nan
49.35,215.9309844970703,-187.6026153564453,-7.665587425231934,216.74996335793824,-188.18691652306651,-7.664767561252616,1.0060491538888017,0.514472984914126,0.11020692888725764,3.652670748338352e-05,11.726473262258894,24.93409994440106,1.7690901727189536,nan,nan
49.36,215.92507934570312,-187.59410095214844,-7.667435169219971,216.74449099830446,-188.17857794289384,-7.666634161749441,1.0065035771136697,0.5145219442717589,0.11022578612937543,3.7255141360758455e-05,11.686006384073611,25.431363168913105,nan,nan,nan
49.370000000000005,215.9191436767578,-187.5855712890625,-7.669360637664795,216.73898833243425,-188.1702395638928,-7.668579617003575,1.006967159855539,0.514570989099553,0.11024470842319528,3.799810591926752e-05,11.647189487693657,24.894554760492543,nan,nan,nan
49.38,215.91317749023438,-187.57705688476562,-7.671362400054932,216.73345562249213,-188.1619011966616,-7.670693945597125,1.0074222204461807,0.5146201195414762,0.11026369591244313,3.715574712004548e-05,11.60416506860774,25.42062659102213,nan,0.005159468860082211,nan
49.39,215.9071807861328,-187.56854248046875,-7.673439979553223,216.7278930810816,-188.15356298150988,-7.6727956247971285,1.0078780049745868,0.5146693357430923,0.11028274874316531,3.7896467032780055e-05,11.564223844550371,25.433366357970925,nan,nan,nan
49.4,215.90115356445312,-187.5600128173828,-7.675592422485352,216.73294683882082,-188.15273071435516,-7.675309953223344,1.0213690011271832,0.5146087389364444,0.11027487067043149,3.703704718328085e-05,11.83476125919239,25.475354495677003,2.398986222018986,0.04068528468402072,nan
49.410000000000004,215.8950958251953,-187.55149841308594,-7.677818775177002,216.72734255642834,-188.1444116890449,-7.677567240941852,1.021851671098063,0.5146577499325893,0.11029392950687036,3.777472528311607e-05,11.795820675657305,26.008518439636035,nan,nan,nan
49.42,215.88902282714844,-187.54296875,-7.680118083953857,216.72170873481718,-188.13609431065746,-7.677843017722797,1.0223350367965,0.5147068464710107,0.11031305373282699,3.694546288297649e-05,11.897952944168223,25.161536698442905,nan,2.672747119504846,nan
49.43,215.88290405273438,-187.53445434570312,-7.68248987197876,216.7160477225794,-188.12777567403305,-7.680228044543635,1.0228214355973124,0.5147560286969117,0.11033224349444369,3.7681174392834694e-05,11.855300480275934,26.25972836387041,nan,nan,nan
49.44,215.87677001953125,-187.52593994140625,-7.684932708740234,216.71035924010016,-188.11945659582085,-7.683701090860822,1.0232959125291103,0.5148052967541623,0.11035149893455472,3.6857600630325976e-05,11.723045958269728,25.688279253573803,nan,0.6551143808810082,nan
49.45,215.87060546875,-187.5174102783203,-7.687446117401123,216.74231224403545,-188.11465903527224,-7.68614126337927,1.0566837191909375,0.5147445800118581,0.1103435978150994,3.756765513255508e-05,10.582228942504953,26.502438681366623,25.44979814536206,nan,nan
49.46,215.86441040039062,-187.50889587402344,-7.6900105476379395,216.7366377418025,-188.10631624802048,-7.6879194467394765,1.057211431586015,0.5147936425129962,0.11036285851887918,3.6750591420839486e-05,10.618357874688666,27.198647087211633,nan,0.4306367913786632,nan
49.47,215.8582000732422,-187.50038146972656,-7.692574501037598,216.7309366231423,-188.09797317590866,-7.690536668474969,1.0577282664232512,0.5148427906286884,0.11038218494897574,3.7481817879957705e-05,10.573260521204073,26.691375540764305,nan,nan,nan
49.480000000000004,215.85194396972656,-187.4918670654297,-7.695112705230713,216.72520876131236,-188.08963067395467,-7.692709868052944,1.0582620193159633,0.5148920245030538,0.11040157724814584,3.667002635755365e-05,10.582481464486202,27.480163462756728,nan,0.11987924076705021,nan
49.49,215.84567260742188,-187.4833526611328,-7.697613716125488,216.71945501188821,-188.08128828384514,-7.695280192414466,1.0587861656615405,0.5149413442809214,0.11042103556265323,3.739965170258876e-05,10.53379570444546,26.953326504162142,nan,nan,nan
49.5,215.83938598632812,-187.47482299804688,-7.700070858001709,216.68541326005226,-188.05943082782943,-7.698935433748598,1.0283626557379417,0.5148805077392546,0.11041310741833268,3.6570397482989343e-05,10.253275212738533,24.78220194564949,7.910078822158848,0.7524475311254536,nan
49.51,215.8330535888672,-187.46630859375,-7.7024827003479,216.67956101975525,-188.05106537095784,-7.701434015740278,1.0288422710885405,0.5149296216096121,0.11043257023597453,3.729761883262754e-05,10.210489571257975,26.004185733776772,nan,nan,nan
49.52,215.8267059326172,-187.45779418945312,-7.704847812652588,216.67368314572752,-188.0427012810767,-7.702817124844754,1.029315709125562,0.5149788211651759,0.11045209910976814,3.64967718621934e-05,10.257548364929734,25.633875780933376,nan,0.7425400367145554,nan
49.53,215.82034301757812,-187.44927978515625,-7.70716667175293,216.66778038674067,-188.03433696221427,-7.705214487099885,1.0297794939234126,0.5150281065506168,0.1104716941860362,3.722261743302334e-05,10.211066140176857,25.20112172624944,nan,nan,nan
49.54,215.81393432617188,-187.44076538085938,-7.709439277648926,216.66185245106914,-188.0259753912895,-7.704812303442469,1.0302705041527838,0.5150774779102931,0.11049135560744193,3.6426448596282815e-05,10.659979809911675,26.444167489188754,nan,4.937835105535732,nan
49.550000000000004,215.80752563476562,-187.4322509765625,-7.711667537689209,216.6416040113459,-188.01449610102426,-7.707037340203129,1.0172106772773406,0.515016521706044,0.11048339644669551,3.7127800089751625e-05,10.880880208021033,24.97006394201239,2.5242022685749177,nan,nan
49.56,215.8010711669922,-187.42373657226562,-7.713850975036621,216.63560284237576,-188.00613415883652,-7.711769022570248,1.017661240584599,0.5150656868063017,0.11050306159251007,3.6337100374213825e-05,10.386736820597676,25.28117447177626,nan,4.074092535605619,nan
49.57,215.7946014404297,-187.41522216796875,-7.715991020202637,216.6295774688472,-187.99777480948944,-7.713986857176378,1.0181142199400115,0.5151149376620883,0.11052279312443447,3.705958603235318e-05,10.340352778377609,24.90909094494374,nan,nan,nan
49.58,215.78811645507812,-187.40670776367188,-7.718088626861572,216.62352842198518,-187.98941635133306,-7.715691106036637,1.0185618295870529,0.5151642744178504,0.11054259118509112,3.627319486447843e-05,10.355448029857259,24.60614773584118,nan,0.14612200577096604,nan
49.59,215.78160095214844,-187.39820861816406,-7.720144271850586,216.61745624243238,-187.98105789118384,-7.717821302470023,1.0190057593272381,0.5152136972181258,0.11056245592086893,3.699459740148162e-05,10.306453296039825,25.370201887616847,nan,nan,nan
49.6,215.77505493164062,-187.3896942138672,-7.722158908843994,216.59199791189357,-187.96053980838786,-7.723062821366003,0.996624976019605,0.5151526214875785,0.1105544617339549,3.619027994095986e-05,9.818059281283448,24.287418273902624,6.0559857181916215,6.005568332658249,nan
49.61,215.76849365234375,-187.3811798095703,-7.724133491516113,216.58584906246827,-187.9521544169431,-7.725145422362974,0.9970370568481259,0.5152018376759271,0.11057432939761949,3.690978826985262e-05,9.788351382933769,23.962486324972968,nan,nan,nan
49.620000000000005,215.7619171142578,-187.37266540527344,-7.726068496704102,216.5796777782176,-187.94376920571827,-7.72748694773058,0.9974437660368501,0.5152511396892218,0.11059426377013767,3.6132436265664354e-05,9.78185258488691,23.682617066727115,nan,0.058656114600632595,nan
49.63,215.75531005859375,-187.36415100097656,-7.727965354919434,216.57348421082418,-187.93538470001383,-7.729495753881983,0.9978573166614344,0.5153005276719662,0.11061426499792189,3.685104136068942e-05,9.755184156276398,23.90113038016219,nan,nan,nan
49.64,215.74868774414062,-187.35565185546875,-7.729824066162109,216.56726871519587,-187.92700028577806,-7.7320861861481935,0.9982579587348598,0.5153500017686592,0.11063433322355433,3.607747240142228e-05,9.798081166406215,24.262095879083,nan,0.2540175680912766,nan
49.65,215.74203491210938,-187.34713745117188,-7.7316460609436035,216.54925682448334,-187.91170302767782,-7.733993735323263,0.9850619359041108,0.5152888066482993,0.11062629999227887,3.677246539717716e-05,9.624241009687346,23.53969628036883,1.7840405859119186,nan,nan
49.660000000000004,215.73536682128906,-187.338623046875,-7.733431339263916,216.54297906785598,-187.90330462283188,-7.736798454984013,0.9854512471443153,0.5153380737800594,0.11064637033181376,3.6003453005132396e-05,9.755361176217159,23.45148111148741,nan,0.5391719033367984,nan
49.67,215.72866821289062,-187.3301239013672,-7.7351813316345215,216.53668029688285,-187.89490741909265,-7.738677664941854,0.9858378031493811,0.5153874268054777,0.11066650770328801,3.671959188408104e-05,9.738089778500623,24.27629010900958,nan,nan,nan
49.68,215.72195434570312,-187.3216094970703,-7.73689603805542,216.53036062766446,-187.88651002460765,-7.741341098346761,0.9862317584054505,0.5154368658690456,0.11068671224927643,3.595403883363079e-05,9.92107753363133,23.65614029314422,nan,0.4480056893137965,nan
49.69,215.71522521972656,-187.3131103515625,-7.738576889038086,216.5240204308877,-187.87811383134317,-7.743160263448389,0.9866101728050676,0.5154863911152775,0.1107069841162072,3.666950465799175e-05,9.909887088487162,23.97397084583922,nan,nan,nan
49.7,215.70848083496094,-187.30459594726562,-7.740224361419678,216.51497895085225,-187.88009319295185,-7.744430410450635,0.9907845283295054,0.515425076741786,0.11069890780865715,3.588553788748172e-05,10.776434845188911,23.148661052246084,11.008051384668565,0.1414157701846314,nan
49.71,215.7017059326172,-187.2960968017578,-7.741838455200195,216.50858861646125,-187.87174053461922,-7.746178738974448,0.9911832377180618,0.5154743946696035,0.11071918095840806,3.659951014067004e-05,10.76385411032465,23.97924877973332,nan,nan,nan
49.72,215.69493103027344,-187.28758239746094,-7.743420600891113,216.50377818073738,-187.8613494994215,-7.748610291681327,0.9917002233519765,0.5150493936232381,0.10996180780142725,3.584130675738675e-05,14.136183104232453,26.660021701063208,nan,0.3432971611452089,0.0053422080150878634
49.730000000000004,215.68821716308594,-187.27908325195312,-7.74497127532959,216.4974086383252,-187.8529935462367,-7.75030330286433,0.9920646652321451,0.5150976898259827,0.10997888026439745,3.655474668544527e-05,14.11700899565175,27.261982033877576,nan,nan,nan
49.74,215.68161010742188,-187.27056884765625,-7.746491432189941,216.49112361956668,-187.84463574101534,-7.7511447336561,0.9924145190445901,0.5151460707655919,0.10999601321524062,3.579956822201889e-05,13.901840080924176,26.22970486090978,nan,0.4549801408866932,nan
49.75,215.67510986328125,-187.26206970214844,-7.74798059463501,216.47583599153592,-187.8333534015897,-7.752820745743472,0.9836416139935119,0.5150858663391203,0.10998784307238539,3.649005201167118e-05,14.030117739153225,26.78935225807408,0.9957468794003215,nan,nan
49.76,215.66873168945312,-187.25357055664062,-7.749440670013428,216.469754165502,-187.82499902724948,-7.755074016368422,0.9839711574782005,0.5151340456954407,0.11000498620191773,3.573863958071285e-05,14.232730773483835,26.89922389773556,nan,0.2908565266483842,nan
49.77,215.6624755859375,-187.24505615234375,-7.750871658325195,216.46379573000902,-187.81664311592186,-7.756649937826429,0.9843063642694033,0.5151823096088811,0.11002218994060226,3.645031036427175e-05,14.219393567536462,26.364657873730398,nan,nan,nan
49.78,215.65634155273438,-187.23655700683594,-7.7522735595703125,216.45796583757135,-187.80828183955123,-7.756097739832167,0.9846244983436042,0.515230658197586,0.11003945441012264,3.570161860377465e-05,13.670021401060575,26.34584043442973,nan,2.992133697849473,nan
49.79,215.65017700195312,-187.22805786132812,-7.753758907318115,216.45217689493677,-187.79992649957202,-7.757653684985727,0.9850140796180473,0.515279091632175,0.11005677977729557,3.641293481444754e-05,13.630314845913844,26.38818003016285,nan,nan,nan
49.800000000000004,215.6439971923828,-187.21954345703125,-7.7553253173828125,216.4327152835016,-187.79772014997025,-7.757751411717717,0.9779419213070234,0.5152187843107596,0.11004862626875823,3.564534603319468e-05,14.780888336351378,25.22254787978173,23.06642876834204,1.8109654232717238,nan
49.81,215.6377716064453,-187.21104431152344,-7.756972789764404,216.42684026268364,-187.78940927282147,-7.759458389454557,0.978336113470651,0.5152670158643866,0.11006596134525519,3.635547742199831e-05,14.740337856457812,26.257866391852588,nan,nan,nan
49.82,215.63153076171875,-187.20254516601562,-7.758700370788574,216.42094313819402,-187.78109392843552,-7.759606882824988,0.978719261276696,0.5153153320309217,0.11008335739185328,3.561271935539498e-05,14.548813729226874,25.735815241855235,nan,1.8331925054514306,nan
49.83,215.62525939941406,-187.19403076171875,-7.7605061531066895,216.41501468211226,-187.77278278874246,-7.761459851077301,0.9791160425984141,0.5153637329798572,0.11010081457334682,3.632260485098955e-05,14.507855079547376,25.422601702007952,nan,nan,nan
49.84,215.6189727783203,-187.18553161621094,-7.762390613555908,216.40905723418572,-187.76447433728703,-7.764420091082971,0.9794959114085993,0.5154122188309574,0.11011833301440087,3.558217199567273e-05,14.554470635802074,25.61638246414441,nan,0.7211302347085903,nan
49.85,215.61265563964844,-187.17703247070312,-7.7643513679504395,216.39345329638567,-187.75056640177317,-7.766454989965256,0.9688088439318655,0.5153518086593886,0.11011019269789335,3.626957741617586e-05,14.365648832867908,25.489572240120914,1.228203984995075,nan,nan
49.86,215.60630798339844,-187.1685333251953,-7.766388893127441,216.38743224026717,-187.7422430468262,-7.768517653998928,0.9691761867613966,0.5154000923306328,0.11012772035756162,3.5532234534648394e-05,14.326697731082522,25.597906553760957,nan,0.0009141960479966052,nan
49.870000000000005,215.59994506835938,-187.16001892089844,-7.768501281738281,216.38138583982126,-187.73391996948047,-7.770693275817722,0.9695446857698458,0.5154484607199985,0.1101453093858019,3.624088300261341e-05,14.289722781489676,24.825844909742724,nan,nan,nan
49.88,215.5935516357422,-187.15151977539062,-7.770688056945801,216.37531573095922,-187.72559622507293,-7.7725856168066505,0.9699084860870991,0.5154969139484201,0.1101629599091465,3.550562710368069e-05,14.214565418932803,25.412741822299623,nan,0.08836451442827593,nan
49.89,215.58712768554688,-187.1430206298828,-7.772948265075684,216.3692201553299,-187.71727356095278,-7.774908130864266,0.9702777443637908,0.5155454521836994,0.11018067208963522,3.621416280145953e-05,14.17506273871925,25.578036673612505,nan,nan,nan
49.9,215.5806884765625,-187.13450622558594,-7.7752814292907715,216.37702278975047,-187.71222697921158,-7.777785681343433,0.9838271590115194,0.5154849391522371,0.11017254143552825,3.5459550867313286e-05,13.91527473134379,25.25496445024717,3.6496776911381597,0.07423959820811156,nan
49.910000000000004,215.57421875,-187.12600708007812,-7.77768611907959,216.37090447798485,-187.70390192426015,-7.780261413492206,0.984214017502409,0.5155332749063037,0.11019026232082627,3.6167134165617026e-05,13.877840754903113,25.94396994205281,nan,nan,nan
49.92,215.56773376464844,-187.1175079345703,-7.780161380767822,216.3647644199061,-187.69557580929208,-7.78219402002113,0.9845935531111943,0.5155816954355492,0.11020804493308646,3.543658620550183e-05,13.767679448826147,25.603954666617305,nan,0.2608673673421806,nan
49.93,215.56121826171875,-187.1090087890625,-7.7827067375183105,216.35859966139725,-187.68725150128992,-7.784807671759168,0.9849802763111819,0.5156302009065792,0.11022588943263201,3.614413854268553e-05,13.729626983811746,25.82250993527812,nan,nan,nan
49.94,215.55467224121094,-187.1005096435547,-7.7853007316589355,216.35240988673252,-187.67892927252444,-7.788289017339456,0.9853748262012428,0.5156787914420622,0.11024379594852915,3.5415341559955286e-05,13.815847011687358,26.160783841181996,nan,0.4492704195504451,nan
49.95,215.54812622070312,-187.09201049804688,-7.787892818450928,216.3486322583112,-187.67298232594894,-7.79100400795526,0.9891146852428048,0.5156181755832672,0.11023567141831184,3.610074887895918e-05,13.966430178706736,25.536014133908303,0.3101067242593463,nan,nan
49.96,215.54153442382812,-187.08351135253906,-7.790458679199219,216.34240589514937,-187.66466392939014,-7.792548493530652,0.9895139203067569,0.5156665633350592,0.11025358610429946,3.5374471613712036e-05,13.778457843856357,26.063484571020542,nan,0.9118973369965017,nan
49.97,215.53494262695312,-187.07501220703125,-7.792985916137695,216.33615453562072,-187.65634853973472,-7.795198985130801,0.9898976472273603,0.515715035962783,0.11027156290415323,3.608118294653958e-05,13.748671960831986,25.334450951525863,nan,nan,nan
49.980000000000004,215.5283203125,-187.06651306152344,-7.795468807220459,216.3298836296792,-187.64803171543682,-7.79694990617301,0.9902877813800576,0.5157635935903133,0.11028960194851047,3.53564569118617e-05,13.63265329682682,25.480944106807886,nan,0.5107990405275176,nan
49.99,215.52166748046875,-187.05801391601562,-7.797905445098877,216.3235888109422,-187.63971713537822,-7.799507424357018,0.990686136989236,0.5158122363825001,0.11030770339537392,3.606323419608026e-05,13.599185190490621,25.712869546559332,nan,nan,nan
50.0,215.51499938964844,-187.0495147705078,-7.800295352935791,216.31843905029723,-187.63811862069224,-7.800716915472586,0.9959768865141144,0.5157515176807573,0.11029958137716324,3.531873103967471e-05,14.227363873224938,25.613177735605934,5.202739769805759,1.0721645526124037,nan
50.01,215.50831604003906,-187.041015625,-7.802638530731201,216.31209977441424,-187.62983246301735,-7.803169230283004,0.996380370150308,0.5157999573843828,0.11031769043706748,3.6024726055930404e-05,14.18922252201217,25.37552722617742,nan,nan,nan
50.02,215.50160217285156,-187.0325164794922,-7.804934978485107,216.30573722696,-187.62154872144313,-7.806550116193828,0.9967922431347171,0.5158484820223911,0.1103358619659569,3.530367907074616e-05,14.214040388790314,25.72425094621809,nan,0.6584010721549851,nan
50.03,215.494873046875,-187.02401733398438,-7.807186126708984,216.2993566335273,-187.61326328732804,-7.8089215766730415,0.9971999029840635,0.5158970917584292,0.11035409612040342,3.600980003308408e-05,14.182931879052635,25.505107873524405,nan,nan,nan
50.04,215.48812866210938,-187.01553344726562,-7.80939245223999,216.29295198449032,-187.6049811336684,-7.812670750337927,0.9975970641959032,0.5159457867181273,0.11037239303315909,3.5290023081107246e-05,14.361644092888598,25.975453613750922,nan,1.4037424279080029,nan
50.050000000000004,215.48135375976562,-187.0070343017578,-7.811554908752441,216.2868752694134,-187.5986572922681,-7.814993364336407,0.999447091337182,0.515884965194845,0.1103642699031096,3.5974225534763586e-05,14.579046053901983,25.9123763218515,0.4423567242059653,nan,nan
50.06,215.47457885742188,-186.99853515625,-7.813674449920654,216.2804365390882,-187.59037868380568,-7.816134776142009,0.9998456968029191,0.5159334567600622,0.11038257385140729,3.5256494524596365e-05,14.382645581233412,25.077291573848328,nan,0.8638938017071917,nan
50.07,215.46775817871094,-186.9900360107422,-7.815751552581787,216.27397554644529,-187.5821026575491,-7.818337837431657,1.0002679876747984,0.5159820333559169,0.11040094064476087,3.5962060179910486e-05,14.356372510880732,25.865078335681122,nan,nan,nan
50.08,215.4609375,-186.98155212402344,-7.817787170410156,216.26749115031933,-187.5738301388583,-7.822148323618593,1.000670304024999,0.5160306951092258,0.11041937041721914,3.524543458548691e-05,14.668781441438165,26.00597443982541,nan,1.891484907548959,nan
50.09,215.45408630371094,-186.97305297851562,-7.819782257080078,216.26099165158388,-187.56555496830762,-7.824286604777799,1.0010869779802412,0.5160794421818993,0.11043786332343641,3.595119396963093e-05,14.653615946574057,25.854679838113473,nan,nan,nan
50.1,215.4472198486328,-186.96456909179688,-7.821737766265869,216.26258785931432,-187.55778298931452,-7.828067019326055,1.0083490370378185,0.5160185178167895,0.11042973539682636,3.521441654151581e-05,14.879000979865362,26.874175247307036,1.6124137940861298,2.0507672225408733,nan
50.11,215.44033813476562,-186.95606994628906,-7.8236541748046875,216.25606631462222,-187.54950160987423,-7.830144095919001,1.008769409644084,0.5160670611867707,0.11044823473952899,3.591951390138543e-05,14.874572988813043,26.253900882147356,nan,nan,nan
50.120000000000005,215.43344116210938,-186.94757080078125,-7.82553243637085,216.2495282924762,-187.5412194626014,-7.831413196250546,1.0091835915075051,0.5161156896472179,0.11046679727848141,3.5205717485026076e-05,14.645177486104428,25.903072775237884,nan,0.41419811070216195,nan
50.13,215.426513671875,-186.9390869140625,-7.827373027801514,216.2429701623922,-187.53293920042148,-7.833408419974879,1.009602973886336,0.5161644033588808,0.11048542316716901,3.5911051224815936e-05,14.635971572114531,26.727180453919342,nan,nan,nan
50.14,215.41958618164062,-186.93060302734375,-7.829177379608154,216.23639203704593,-187.52466067659847,-7.836157058783177,1.010012382094312,0.5162132024502775,0.11050411254137037,3.519812870625317e-05,14.965472285613373,26.43161848236655,nan,0.43510816489039894,nan
50.15,215.41262817382812,-186.92210388183594,-7.8309454917907715,216.23423157694458,-187.52163131378754,-7.838116580453361,1.0171119496828398,0.5161521752547928,0.11049597611976573,3.5881688768175806e-05,15.374300112337371,26.67160480929711,1.5943862215655682,nan,nan
50.160000000000004,215.40565490722656,-186.9136199951172,-7.832678318023682,216.2276291664781,-187.51336612674638,-7.838274127400488,1.0175305491034972,0.5162007703342891,0.11051467131144478,3.517042507499394e-05,14.79145573986277,26.445281512221076,nan,2.117262202181272,nan
50.17,215.39866638183594,-186.90512084960938,-7.834376335144043,216.2210052901915,-187.50510422197493,-7.840120753871412,1.0179657782347493,0.5162494505960982,0.11053343006529384,3.587540160586822e-05,14.782881180006667,25.890963173082124,nan,nan,nan
50.18,215.3916473388672,-186.89663696289062,-7.83604097366333,216.21435996116622,-187.49684581429835,-7.843777586369656,1.0184137564735216,0.5162982161698627,0.11055225251813948,3.5164878717564394e-05,15.525000033845501,27.468835652530714,nan,2.3767167084628995,nan
50.19,215.38462829589844,-186.88815307617188,-7.837672233581543,216.2077017084872,-187.48858512064442,-7.8455767201041375,1.0188380457399417,0.5163470672146799,0.11057113882191553,3.5870136497863916e-05,15.5255189299019,26.87014243515295,nan,nan,nan
50.2,215.37759399414062,-186.87965393066406,-7.839271068572998,216.1977447462089,-187.47351586978942,-7.846677997985942,1.0126075851302114,0.5162859371649169,0.11056299015712058,3.51391376092608e-05,14.746567547526176,25.855965347992832,3.5241187325511976,0.34275810976621457,nan
50.21,215.37057495117188,-186.8711700439453,-7.8408379554748535,216.19107288876464,-187.46523180135014,-7.848407685059569,1.01300717569565,0.5163345838864571,0.11058188163858598,3.58438145369311e-05,14.745074045254835,26.689081752936502,nan,nan,nan
50.22,215.3636474609375,-186.86268615722656,-7.842373371124268,216.184454252632,-187.4569496784489,-7.851157711338761,1.0133854580466406,0.5163833158513897,0.11060083702890348,3.5135431082405397e-05,15.305613492290906,26.954254630905364,nan,0.7739021872070447,nan
50.230000000000004,215.35682678222656,-186.8542022705078,-7.843878746032715,216.17793429392432,-187.44866610343647,-7.852837260167456,1.0137480206650058,0.5164321332177298,0.11061985647907308,3.584041845132061e-05,15.3121832410972,27.00629746531749,nan,nan,nan
50.24,215.35012817382812,-186.84571838378906,-7.845353603363037,216.17153147667315,-187.44038163416053,-7.853733721867127,1.014099597501755,0.5164810361167123,0.110638940127305,3.5132588518230204e-05,15.035804970599624,26.69430890799389,nan,0.3982195033104309,nan
50.25,215.3435516357422,-186.83721923828125,-7.846799373626709,216.1176650753348,-187.41819016850073,-7.855312451987593,0.9679107973471358,0.5164198032154488,0.11063077545685499,3.581588730117445e-05,15.731817906943913,25.146290123102656,23.782641146376225,nan,nan
50.26,215.3369598388672,-186.8287353515625,-7.848327159881592,216.11135556412222,-187.40990055538538,-7.855117243559139,0.9682395564446349,0.5164685014788188,0.11064986362356713,3.510940563909524e-05,14.983059036550559,24.65459147639855,nan,2.3652143524469906,nan
50.27,215.33033752441406,-186.82025146484375,-7.849936485290527,216.1050199669178,-187.40161369321754,-7.856822510094583,0.968587809463299,0.5165172850732069,0.1106690160555249,3.581416600115546e-05,14.9551147126942,24.861338522752042,nan,nan,nan
50.28,215.32369995117188,-186.811767578125,-7.851625442504883,216.0986573111904,-187.39333018663058,-7.861088028119949,0.9689496983771805,0.5165661541308803,0.11068823289176566,3.5108132545960085e-05,16.14322430583705,25.890234245080645,nan,4.310565770637507,nan
50.29,215.31703186035156,-186.80328369140625,-7.853394031524658,216.09227809866664,-187.38504324063035,-7.862980208279185,0.9693001588361974,0.5166151088083323,0.11070751428206331,3.5813230661122565e-05,16.120109402503413,26.09757089426624,nan,nan,nan
50.300000000000004,215.3103485107422,-186.7947998046875,-7.855240821838379,216.08928965424252,-187.3740098934153,-7.864584915140237,0.9707321690359788,0.5165537730289881,0.11069932980357518,3.508644833896092e-05,15.584083448430256,25.825609727018893,2.367337210781086,0.15532080365621226,nan
50.31,215.30364990234375,-186.78631591796875,-7.8571648597717285,216.08287666116598,-187.36570841248732,-7.866632978246157,0.9710713926568437,0.5166025227564639,0.11071861503314126,3.579101696328708e-05,15.562123315919173,25.638654833881173,nan,nan,nan
50.32,215.2969207763672,-186.77783203125,-7.859165668487549,216.07644731749252,-187.35740452382373,-7.86662725597789,0.9714018621326777,0.5166513578770834,0.11073796486961004,3.508657390878289e-05,14.605767266803863,24.957565054163744,nan,3.1930829684794624,nan
50.33,215.29017639160156,-186.76934814453125,-7.861241817474365,216.069993393127,-187.34910369562826,-7.868809373189324,0.9717449885620236,0.5167002785463612,0.11075737946202788,3.5791499326900896e-05,14.580920528733099,24.78075342751995,nan,nan,nan
50.34,215.28341674804688,-186.76084899902344,-7.8633928298950195,216.06351824274265,-187.34080384169428,-7.871585363171231,0.9720972580793656,0.5167492848980089,0.11077685895051152,3.5087355842855546e-05,14.857614873440786,24.417313886725097,nan,0.18839313904821667,nan
50.35,215.27664184570312,-186.7523651123047,-7.865617752075195,216.0727057177549,-187.3520093684199,-7.873896963865881,0.9966742033512872,0.5166878462360176,0.11076865084781884,3.577063562978565e-05,16.222430935481736,25.614890804303073,20.024193889780282,nan,nan
50.36,215.26983642578125,-186.74388122558594,-7.867915630340576,216.06621424124455,-187.34376839348968,-7.874183316376182,0.9970564292285155,0.5167366473223958,0.11078813347749897,3.506759630046767e-05,15.389922407669433,25.083430170030898,nan,3.178786542429028,nan
50.370000000000005,215.2630157470703,-186.73541259765625,-7.870285511016846,216.05969926905541,-187.33553036754708,-7.876647902597896,0.9974399490535556,0.5167855338855758,0.11080768106150789,3.577237376694182e-05,15.363458877979802,25.376681343847814,nan,nan,nan
50.38,215.25616455078125,-186.7269287109375,-7.8727264404296875,216.053163464589,-187.32729388168647,-7.880174216661256,0.9978482230429534,0.5168345060601902,0.11082729374059794,3.506955270026692e-05,15.776990545342002,25.700387213150375,nan,0.6879393260711804,nan
50.39,215.2493133544922,-186.71844482421875,-7.875237941741943,216.04661078904272,-187.319056816144,-7.882793311502439,0.9982359678941173,0.5168835640003924,0.1108469716628722,3.5774701231787596e-05,15.75537995278065,25.115421831793743,nan,nan,nan
50.4,215.242431640625,-186.7099609375,-7.877819061279297,216.03249171963913,-187.30698307119746,-7.8847945293580555,0.9902923880003305,0.5168220224273433,0.11083873608858506,3.5050907866334774e-05,15.474008152897623,24.95327054554775,1.0543197377864488,0.24062067960465292,nan
50.410000000000004,215.23553466796875,-186.70147705078125,-7.88044548034668,216.02588974108258,-187.29873994602758,-7.887535408866732,0.9906736974005195,0.516870874785105,0.11085841643475695,3.575555622852904e-05,15.455970645172169,24.843997344970465,nan,nan,nan
50.42,215.22862243652344,-186.6929931640625,-7.883069038391113,216.01926957981001,-187.29049742777556,-7.890340151380528,0.9910535401413081,0.5169198126825842,0.11087816207145337,3.505389784860848e-05,15.522902613331537,24.787843364722022,nan,0.0012268960109368852,nan
50.43,215.2216796875,-186.68450927734375,-7.885664463043213,216.0126314715551,-187.28225557341008,-7.893088957168599,0.9914436354498312,0.516968836273073,0.1108979731462267,3.575892892070172e-05,15.520351541911015,25.11801468277476,nan,nan,nan
50.44,215.21473693847656,-186.67604064941406,-7.88822078704834,216.0059791125664,-187.27401213155267,-7.893610020721923,0.9917979206214488,0.5170179456924783,0.1109178498006474,3.505737326039829e-05,14.77078806996443,24.262212986606578,nan,3.391466420908177,nan
50.45,215.207763671875,-186.6675567626953,-7.890732288360596,215.9678421529111,-187.25034322858778,-7.896254296151972,0.9578047059456378,0.5169563011978108,0.11090958289496328,3.5740773336704664e-05,14.572916340883642,23.287682909168286,9.6998326602213,nan,nan
50.46,215.20079040527344,-186.65907287597656,-7.893197059631348,215.96109887822314,-187.24207500730103,-7.8989823794104455,0.958119997230473,0.5170052047167001,0.11092946123771137,3.504013426290338e-05,14.640281983876463,22.878446627907962,nan,0.010066712232087625,nan
50.47,215.19378662109375,-186.65060424804688,-7.895614147186279,215.95433866117708,-187.23380713198304,-7.901546021526987,0.9584363289439548,0.5170541938552912,0.11094940520993511,3.5745059218829456e-05,14.632745669862544,23.67078346965375,nan,nan,nan
50.480000000000004,215.186767578125,-186.64212036132812,-7.897984027862549,215.94755878518495,-187.22554135529333,-7.905752610622608,0.9587719581929729,0.5171032687502917,0.11096941495367824,3.5044461880581936e-05,15.335564680623357,23.83348455662468,nan,2.010006680810198,nan
50.49,215.1797332763672,-186.63363647460938,-7.900306701660156,215.9407649962102,-187.21727447885172,-7.908240549292232,0.9590962123486035,0.5171524295538076,0.11098949061578978,3.5749774498155516e-05,15.33946087021126,23.789664734926067,nan,nan,nan
50.5,215.17266845703125,-186.6251678466797,-7.902583599090576,215.92107468750044,-187.20400929119208,-7.9093349357975455,0.9461579594537161,0.5170906821080582,0.11098118849535799,3.5028027116247904e-05,14.923527317003808,23.82208432513764,1.6969248314167071,1.155995607549401,nan
50.51,215.1656036376953,-186.61668395996094,-7.904815196990967,215.91422590563036,-187.1957369445405,-7.911718809778021,0.9464593593325737,0.5171396366912605,0.11100126509177109,3.57328532137931e-05,14.921746633782984,22.897787641521045,nan,nan,nan
50.52,215.1585235595703,-186.60821533203125,-7.907001972198486,215.9073644082976,-187.18746331211136,-7.91179321588607,0.9467385041106035,0.5171886769575889,0.1110214076480351,3.503309334386815e-05,14.207522404502226,22.608395974160352,nan,3.617516412884079,nan
50.53,215.15142822265625,-186.59974670410156,-7.909145832061768,215.90048347541193,-187.17919209977248,-7.914067567549742,0.9470295463845446,0.51723780305841,0.11104161631059624,3.573831359076118e-05,14.194521374477041,22.53410880551628,nan,nan,nan
50.54,215.14430236816406,-186.5912628173828,-7.911246299743652,215.89358596984874,-187.17092190785644,-7.916868299281027,0.9473448072381446,0.5172870151315277,0.11106189122209753,3.503850765369357e-05,14.384319737114225,22.646455922135562,nan,0.22772301975340797,nan
50.550000000000004,215.13717651367188,-186.58279418945312,-7.913305282592773,215.88694074780275,-187.16152915591954,-7.9189185897653305,0.9471600062345104,0.5172251647194809,0.1110535499932524,3.5722093785775215e-05,14.231462160895267,22.540438059405204,1.107394971931151,nan,nan
50.56,215.13003540039062,-186.57431030273438,-7.915323257446289,215.88001731181666,-187.15325338768974,-7.9190142729879724,0.947450044424304,0.5172741702516086,0.11107382506737243,3.502306400824973e-05,13.704834009748861,21.536458188541754,nan,2.984895540277315,nan
50.57,215.12286376953125,-186.5658416748047,-7.917301177978516,215.8730755736795,-187.14497941699625,-7.921107321619955,0.9477514242898994,0.5173232615434831,0.11109416643224544,3.5728194053610645e-05,13.685646212089686,22.370100265128336,nan,nan,nan
50.58,215.11569213867188,-186.557373046875,-7.919239521026611,215.86612036792468,-187.13670497992607,-7.921984288857214,0.9480377364127591,0.5173724387335863,0.11111457423085387,3.502907405759929e-05,13.460366207290406,21.734031746037907,nan,0.976954002739871,nan
50.59,215.10850524902344,-186.5489044189453,-7.921138763427734,215.8591484840717,-187.12843200475064,-7.923988734440532,0.9483277974244222,0.5174217019722782,0.11113504860913888,3.5734596870785605e-05,13.437849799420892,21.723597936918292,nan,nan,nan
50.6,215.10128784179688,-186.54042053222656,-7.923000812530518,215.83156758471364,-187.1053102255318,-7.926667342200241,0.923267194238423,0.5173597485641467,0.11112666436145224,3.5014189806006314e-05,12.979420907316445,21.155384262604205,7.863391015051372,0.30227725955287954,nan
50.61,215.0940704345703,-186.53195190429688,-7.924825191497803,215.82453542813622,-187.09700186904368,-7.92860550626775,0.923512241535195,0.517408804939607,0.11114713811298262,3.571922916173875e-05,12.96060153496863,21.27634632476786,nan,nan,nan
50.620000000000005,215.0868377685547,-186.5234832763672,-7.926613807678223,215.81748612928618,-187.08869541918696,-7.932576037938975,0.923768012879977,0.517457947138459,0.11116767847953661,3.50207061498421e-05,13.540730629857629,21.848469161840235,nan,3.0160425378905664,nan
50.63,215.07958984375,-186.5150146484375,-7.928366184234619,215.8104255279377,-187.08038817480156,-7.934464311200767,0.9240158054643438,0.5175071753104443,0.11118828560677296,3.5726141373211806e-05,13.531822153670802,21.865225193542106,nan,nan,nan
50.64,215.07232666015625,-186.5065460205078,-7.930084228515625,215.80335062413863,-187.0720814132491,-7.936552720259477,0.9242662807573307,0.5175564895949639,0.11120895963809492,3.502746307193173e-05,13.650796197398137,21.97688881133773,nan,0.03877069179060609,nan
50.65,215.06504821777344,-186.49807739257812,-7.931767463684082,215.77340480627475,-187.04081059348658,-7.9384662593721,0.892397477419807,0.5174944331721866,0.11120052845349476,3.571125112942593e-05,12.447047380609636,21.43536263394536,21.568024343895797,nan,nan
50.660000000000004,215.05776977539062,-186.48960876464844,-7.933417320251465,215.7662741275667,-187.03243843073685,-7.938490491470052,0.8925627151658927,0.5175435402703822,0.11122120105166847,3.5013246993233576e-05,11.890921485665054,20.530280111326427,nan,2.2034659814234128,nan
50.67,215.0504608154297,-186.48114013671875,-7.93503475189209,215.75912783978043,-187.0240676560486,-7.94023193303398,0.8927520671158524,0.517592733265537,0.11124194058808134,3.5718590925995195e-05,11.87692593345263,20.87975613255473,nan,nan,nan
50.68,215.04315185546875,-186.47267150878906,-7.936619281768799,215.75196913653872,-187.0156970675294,-7.941445038634037,0.8929288792048354,0.5176420122976131,0.11126274720636861,3.502040096734473e-05,11.751225757844812,20.443479459496345,nan,0.173962946695958,nan
50.69,215.035888671875,-186.46420288085938,-7.938172340393066,215.74483522206745,-187.00732709269772,-7.943118800867637,0.8930921497729274,0.5176913775155177,0.11128362105184336,3.5726135379947876e-05,11.737561650548358,20.832028163260155,nan,nan,nan
50.7,215.02874755859375,-186.4557342529297,-7.939694881439209,215.6913854433387,-186.9561272626936,-7.94313373976594,0.8303577278898793,0.5044724849621078,0.1032988869148671,3.500653776944032e-05,13.445954638223863,22.632320721747146,6.699925903303196,1.740366142928271,0.12857279212146433
50.71,215.02171325683594,-186.447265625,-7.941186904907227,215.6844509181855,-186.9477004919557,-7.944730643848494,0.8304630165887664,0.5045263688794066,0.1033089494053638,3.5711784732900627e-05,13.415646612825963,22.965049695890634,nan,nan,nan
50.72,215.01467895507812,-186.4387969970703,-7.942760467529297,215.67757739657614,-186.93928146334824,-7.947018049996473,0.8306245672591569,0.5045803376807955,0.10331907165206113,3.501402078461651e-05,13.535117472355699,22.71118048302326,nan,0.31088557987435067,nan
50.730000000000004,215.0076141357422,-186.4303436279297,-7.944414138793945,215.6706789984527,-186.93085535249233,-7.948730466252222,0.8307741144671692,0.5046343919696349,0.10332925416164708,3.5719659316695106e-05,13.490095325769005,23.620587429635798,nan,nan,nan
50.74,215.0005340576172,-186.421875,-7.946147918701172,215.6637774593658,-186.92244122960798,-7.95157822454556,0.8309559846397354,0.5046885314395456,0.10333949672324932,3.502166262318511e-05,13.763650907180045,23.271398046780426,nan,0.783698905850558,nan
50.75,214.99343872070312,-186.4134063720703,-7.947960376739502,215.64989728303067,-186.91058487955763,-7.9535872706873505,0.8235022612573473,0.5046156925420181,0.10332933033356181,3.570563659614044e-05,13.724239287060263,23.217898683542,1.286009304323236,nan,nan
50.76,214.986328125,-186.40493774414062,-7.949850559234619,215.64294707673014,-186.90216044929187,-7.956288392409008,0.8236627416516353,0.504669604622899,0.10333961759938864,3.5008242626288764e-05,13.974879696056682,23.460747903855886,nan,0.3811906900730696,nan
50.77,214.9792022705078,-186.39646911621094,-7.951817035675049,215.6359722507175,-186.89372837927323,-7.958340195216625,0.8238058832129521,0.5047236021056437,0.10334996536082199,3.571377863618168e-05,13.936162230911755,23.433700599194488,nan,nan,nan
50.78,214.97206115722656,-186.3880157470703,-7.953859806060791,215.62900167786847,-186.88531391302106,-7.962103942070059,0.8239807517762694,0.5047776847148875,0.10336037343427959,3.501613212949413e-05,14.637800973947908,24.735593573490448,nan,1.884825903552279,nan
50.79,214.9649200439453,-186.37954711914062,-7.955977916717529,215.6219961625652,-186.87688224228143,-7.964325938662063,0.824112213136325,0.5048318530072213,0.10337084228578934,3.572205206436413e-05,14.602488984445339,23.736956013744564,nan,nan,nan
50.800000000000004,214.95774841308594,-186.37107849121094,-7.958169937133789,215.62457387679288,-186.8730422656808,-7.965468704152653,0.8346718528427803,0.5047589118056302,0.10336084245336291,3.5002943940894654e-05,14.211355111608619,23.771631955871346,1.177647958079173,1.037559467447193,nan
50.81,214.9505615234375,-186.36260986328125,-7.960434913635254,215.61755543116072,-186.86462023869822,-7.967829792432182,0.8348352976477503,0.504812852244757,0.1033713556199321,3.57083695873803e-05,14.175353437463201,23.736083756603442,nan,nan,nan
50.82,214.943359375,-186.35415649414062,-7.962772846221924,215.61051153079083,-186.85618919509807,-7.969349067542342,0.8349683098739935,0.5048668777546379,0.10338192935427042,3.5011029808287444e-05,13.832104672558708,23.984434904896226,nan,0.5914711543504364,nan
50.83,214.93614196777344,-186.34568786621094,-7.965181827545166,215.60346370081558,-186.84776783414654,-7.97184780998095,0.8351329384681325,0.5049209888619769,0.10339256409647905,3.5716839411659195e-05,13.795798791193137,23.387654307761956,nan,nan,nan
50.84,214.92892456054688,-186.3372344970703,-7.967661380767822,215.59640254491575,-186.83934785002268,-7.974498757279616,0.8352792518360324,0.5049751853364562,0.10340325970161546,3.501921436157033e-05,13.84065410387031,23.681393502845417,nan,0.004505372086112561,nan
50.85,214.9216766357422,-186.32876586914062,-7.970211029052734,215.5935700008801,-186.83372170353897,-7.977036306693978,0.840516313478903,0.5049021429836835,0.1033934223782171,3.5703341361002494e-05,13.900294449650811,23.436027495132524,0.9649438654627734,nan,nan
50.86,214.91441345214844,-186.3203125,-7.972829818725586,215.58649303448112,-186.82531416458374,-7.980140244743343,0.84069678752175,0.5049561111595482,0.10340416189445574,3.5006271328383464e-05,14.075910408523303,24.229583717803873,nan,0.10863157345587632,nan
50.870000000000005,214.9071502685547,-186.3118438720703,-7.975491523742676,215.57939795045039,-186.81690329049803,-7.982912897079288,0.8408668376971989,0.5050101648470446,0.10341496264527192,3.571196196795562e-05,14.047810128377831,23.268220235940877,nan,nan,nan
50.88,214.89987182617188,-186.3033905029297,-7.978147983551025,215.57229016100914,-186.8084938209054,-7.9857952183874525,0.8410316635276158,0.5050643038444165,0.10342582451017449,3.501459511066332e-05,14.13042117928902,23.948354306732128,nan,0.005680324859371746,nan
50.89,214.892578125,-186.294921875,-7.980775356292725,215.56516784170762,-186.80008404348501,-7.9885727828917625,0.8412054109139373,0.5051185286353175,0.10343674789280002,3.572066107736317e-05,14.118868914180311,23.380468988002356,nan,nan,nan
50.9,214.88526916503906,-186.28646850585938,-7.983362674713135,215.55742954025496,-186.7901721936853,-7.9906059627196155,0.8399818095417001,0.5050453855209048,0.10342706835864242,3.500178370977666e-05,13.752995142072393,23.69822885941084,0.28672054282625153,0.3600945534868232,nan
50.910000000000004,214.87794494628906,-186.27801513671875,-7.985904693603516,215.5502783059223,-186.78175676938878,-7.993301052350152,0.8401443239607574,0.5050993815577962,0.10343803520835948,3.570734655019537e-05,13.741098965428415,23.7023089229221,nan,nan,nan
50.92,214.87060546875,-186.26954650878906,-7.988399028778076,215.54311925281021,-186.7733464731569,-7.996442627215175,0.8403296337294264,0.5051534628459962,0.10344906341899981,3.501020954612135e-05,14.013804908688337,23.40230251302107,nan,0.17087765465521462,nan
50.93,214.86325073242188,-186.26109313964844,-7.990845203399658,215.535942284942,-186.76493228590368,-7.9990499409720615,0.8404969529092755,0.5052076298420634,0.10346015337129334,3.571614741669947e-05,14.005761992794156,24.00691939019553,nan,nan,nan
50.94,214.85589599609375,-186.2526397705078,-7.993243217468262,215.528757396524,-186.7565227260489,-8.002066151455782,0.8406654157498733,0.5052618823850681,0.1034713049789203,3.501869155508127e-05,14.299863126409868,23.955749536275057,nan,0.1467899837976516,nan
50.95,214.84852600097656,-186.2441864013672,-7.995594024658203,215.51666382594726,-186.74509086880258,-8.004603171399312,0.835101552733745,0.5051886395801869,0.10346177895825978,3.5702930498688935e-05,14.2220400687642,23.935469865882897,0.5076946718034251,nan,nan
50.96,214.8411407470703,-186.23573303222656,-7.997898101806641,215.50942953726076,-186.73666091825328,-8.006020354126644,0.8352272894704489,0.5052426629311819,0.10347297357334492,3.50059997754134e-05,13.789291064181949,23.551018701377345,nan,0.7858038741361075,nan
50.97,214.833740234375,-186.22726440429688,-8.00015640258789,215.502193747925,-186.72824069485762,-8.00843709269409,0.835389677521793,0.505296771904295,0.10348423015096228,3.571180061528889e-05,13.782548694407811,22.99822204533679,nan,nan,nan
50.980000000000004,214.8263397216797,-186.21881103515625,-8.00236988067627,215.4949254840825,-186.71980327933434,-8.008723975833405,0.8354881955716781,0.5053509663641156,0.10349554862610831,3.501454559916048e-05,12.972367211834458,22.45998786477065,nan,3.0686317342089775,nan
50.99,214.81890869140625,-186.21035766601562,-8.004539489746094,215.48766588422757,-186.7113840667009,-8.011031981876316,0.8356469287850898,0.5054052467287516,0.10350692934769787,3.572071272291389e-05,12.955532082337134,22.855941254296205,nan,nan,nan
51.0,214.8114776611328,-186.201904296875,-8.006665229797363,215.50113667542175,-186.70734567383374,-8.01236304898855,0.8550631594657035,0.5053319046806023,0.10349755201854616,3.500191684440476e-05,12.227805531079907,22.5014635490989,4.6516770211830325,0.5261400085408412,nan
51.01,214.80404663085938,-186.19345092773438,-8.008749008178711,215.49388289771156,-186.698917775424,-8.014577086670839,0.8552220622018356,0.5053859554066863,0.10350897525026238,3.570757188628419e-05,12.208957329479349,22.1549216316609,nan,nan,nan
51.02,214.7965850830078,-186.18499755859375,-8.010790824890137,215.48660162136338,-186.69047651424253,-8.015037720064472,0.8553653219102366,0.5054400915578818,0.10352046061737308,3.5010500457244614e-05,11.729694604962607,22.15329606274458,nan,2.0696811412444456,nan
51.03,214.78912353515625,-186.1765594482422,-8.012792587280273,215.4793252640594,-186.68204948229962,-8.01715377729727,0.8555218413872673,0.5054943135284204,0.10353200844908235,3.57165216237569e-05,11.702982515257212,22.4302649563585,nan,nan,nan
51.04,214.78164672851562,-186.16810607910156,-8.014754295349121,215.47204110485882,-186.67362568174292,-8.0195805335941,0.8556972339072848,0.5055486212188595,0.10354361870981581,3.5019111682475454e-05,11.793118750207126,21.979959234927875,nan,0.08644736854986151,nan
51.050000000000004,214.77415466308594,-186.15965270996094,-8.016676902770996,215.49676117748373,-186.67161951733445,-8.021525059909086,0.885603574479007,0.5054751809246006,0.10353438559147339,3.570342060152649e-05,11.071969056231488,22.453735778713433,11.242624448080306,nan,nan
51.06,214.7666473388672,-186.1511993408203,-8.018560409545898,215.48951554818098,-186.66319388236468,-8.025611499495414,0.8858479420742736,0.5055292585457427,0.10354603784849321,3.500651886563192e-05,11.791343691242187,23.296755162298815,nan,3.066972645468093,nan
51.07,214.75914001464844,-186.1427459716797,-8.020407676696777,215.48224052495323,-186.65475267704093,-8.027597395461065,0.8860456570594049,0.5055834219007177,0.1035577527852353,3.571238564597943e-05,11.776664185626219,22.92102614612159,nan,nan,nan
51.08,214.75161743164062,-186.13429260253906,-8.022217750549316,215.47493705096375,-186.64629683556097,-8.027522313049001,0.8862097633819062,0.5056376709122771,0.1035695303842367,3.501514433669591e-05,11.090964702999294,22.33373371366508,nan,2.8926982867243143,nan
51.09,214.7440948486328,-186.1258544921875,-8.023990631103516,215.4676405767607,-186.63785664339426,-8.02941654866459,0.8863938538335107,0.5056920059412213,0.10358137094764958,3.572136893308397e-05,11.068857274757882,22.66005261614493,nan,nan,nan
51.1,214.73655700683594,-186.11740112304688,-8.025729179382324,215.4463566761309,-186.62236634391581,-8.030962504145569,0.871110115029402,0.5056184678978162,0.10357227712280664,3.500257037844351e-05,10.882841243807421,21.80794299047317,2.429071041986519,0.08696544261819869,nan
51.11,214.72900390625,-186.10894775390625,-8.027433395385742,215.43901458077391,-186.61391251214317,-8.03278541253821,0.8712825081951195,0.5056725724197656,0.10358415913337346,3.570827473244981e-05,10.861299613340217,21.878991727393625,nan,nan,nan
51.120000000000005,214.721435546875,-186.1005096435547,-8.02910327911377,215.4316665016388,-186.6054628233547,-8.035082353534996,0.8714593921840494,0.5057267625336038,0.10359610403513742,3.501119259238023e-05,11.03752517536852,22.822513576646216,nan,0.18158444497789566,nan
51.13,214.7138671875,-186.09205627441406,-8.030739784240723,215.42430408374938,-186.59700995662678,-8.03684441743588,0.8716284020608063,0.5057810385796286,0.10360811211371204,3.571725502248186e-05,11.019197208000728,21.86073828362956,nan,nan,nan
51.14,214.70628356933594,-186.0836181640625,-8.032342910766602,215.41692565314435,-186.5885523272282,-8.037822359520051,0.8717801929213839,0.5058354005114725,0.1036201833763472,3.50198245585342e-05,10.79111171542061,22.41381098827884,nan,0.3989834780227536,nan
51.15,214.69871520996094,-186.07516479492188,-8.033915519714355,215.40103699591748,-186.58783211446632,-8.03952296788678,0.8695487996846886,0.5057617656504738,0.10361122418198777,3.570416494187591e-05,11.884025061353803,21.80840176816083,16.305177875068246,nan,nan
51.160000000000004,214.6912384033203,-186.06671142578125,-8.035455703735352,215.39372162368005,-186.579431841217,-8.041186343093845,0.8697112966490981,0.5058158966517375,0.10362333632529044,3.500723475580626e-05,11.903721384378043,21.67422900382981,nan,3.783837260246645e-06,nan
51.17,214.6838836669922,-186.0582733154297,-8.036965370178223,215.3865065842496,-186.57103194188258,-8.042817472483952,0.8698474693637696,0.5058701134999554,0.10363551185476214,3.571312756179557e-05,11.886386918173962,22.059543108615706,nan,nan,nan
51.18,214.676513671875,-186.04981994628906,-8.038557052612305,215.37933865384915,-186.56262835302903,-8.043858158964193,0.8700365044288045,0.5059244161675871,0.10364775079266265,3.5015850970928126e-05,11.69072785215991,21.33628778352291,nan,0.2682862007570445,nan
51.19,214.66912841796875,-186.0413818359375,-8.040228843688965,215.37216309161516,-186.55422882108505,-8.045591113787975,0.8702290138030695,0.5059788049665781,0.10366005340217052,3.572209429521513e-05,11.652397024268188,21.972801145035593,nan,nan,nan
51.2,214.66172790527344,-186.03294372558594,-8.041979789733887,215.36614774516835,-186.54403033929498,-8.04722544383076,0.8703127911487046,0.5059050738264133,0.10365122383244262,3.500325414886317e-05,11.390005938425386,22.015917509573345,0.9564211197254064,0.048339806966230275,nan
51.21,214.65431213378906,-186.0244903564453,-8.043808937072754,215.35894712053474,-186.53562099599384,-8.049118305050333,0.8705131731454054,0.5059592312658988,0.1036635667232072,3.5708970372146485e-05,11.354116982709154,21.458332868330157,nan,nan,nan
51.22,214.6468963623047,-186.01605224609375,-8.04571533203125,215.35172577355038,-186.5272046322639,-8.049893204622089,0.8706771591490053,0.5060134744570388,0.10367597324253287,3.5011843392411974e-05,11.023230867107168,21.42242245196711,nan,1.010760717474273,nan
51.230000000000004,214.63946533203125,-186.00759887695312,-8.047698974609375,215.34450121042428,-186.51879583177183,-8.051930966040697,0.8708707287472829,0.5060678036945944,0.10368844364006129,3.571791095647886e-05,10.987625903312608,20.851494575525372,nan,nan,nan
51.24,214.63201904296875,-185.99916076660156,-8.049757957458496,215.3372620664182,-186.51038510643247,-8.053652592320136,0.8710529352113779,0.5061222189769042,0.10370097795829526,3.502043244330364e-05,10.87942478072368,21.441413686339118,nan,0.10909035979480142,nan
51.25,214.6245574951172,-185.99072265625,-8.051891326904297,215.38877646973316,-186.51882138917165,-8.055915661156266,0.9289430058634972,0.5060483924320369,0.1036922731901045,3.5704771682424764e-05,10.193179576210603,22.6299340735057,27.912690710958607,nan,nan
51.26,214.61709594726562,-185.98226928710938,-8.054099082946777,215.38160541553904,-186.51041079831222,-8.057900701781058,0.929205378396558,0.5061025759383623,0.10370484717209597,3.50077914376711e-05,10.114771183600032,21.57047179665158,nan,0.05489061485018706,nan
51.27,214.609619140625,-185.9738311767578,-8.056379318237305,215.37442516826394,-186.50200225955413,-8.060236243415309,0.9294664213875187,0.5061568454060971,0.10371748523581578,3.571367696797636e-05,10.079493099336501,22.27450489565788,nan,nan,nan
51.28,214.6021270751953,-185.96539306640625,-8.058732986450195,215.3672321660364,-186.49359254169272,-8.062364139788999,0.9297277402543191,0.5062112008491753,0.10373018743590037,3.501634900945338e-05,10.000573459715557,22.282390456472875,nan,0.055749218360237635,nan
51.29,214.59461975097656,-185.95693969726562,-8.061156272888184,215.36003032038346,-186.4851847498573,-8.064843052313966,0.9300052514313567,0.5062656425388778,0.10374295400384347,3.572257920991879e-05,9.96699004939554,21.816738717984485,nan,nan,nan
51.300000000000004,214.5871124267578,-185.94850158691406,-8.063651084899902,215.35477492941612,-186.48286234675248,-8.068968381064867,0.9353477499204358,0.5061917211610193,0.10373436894979315,3.500368825403788e-05,10.849862494639027,22.59647867434671,3.8541230524124357,1.6801577572177517,nan
51.31,214.57958984375,-185.9400634765625,-8.066215515136719,215.34756094963686,-186.47448219114182,-8.071606315661077,0.9356345668582292,0.5062459306544667,0.10374717453333641,3.570938600787204e-05,10.817795413011941,22.70804718498549,nan,nan,nan
51.32,214.5720672607422,-185.93162536621094,-8.06884765625,215.34032872176425,-186.46609585731292,-8.073030060019988,0.9358962927866785,0.5063002260525443,0.10376004446474864,3.501220755881737e-05,10.466028859425322,22.06934677358512,nan,1.164376307339613,nan
51.33,214.56451416015625,-185.92318725585938,-8.07152271270752,215.3330943570957,-186.45771665337722,-8.07578226348193,0.9361919352948174,0.5063546076124652,0.1037729789647194,3.57182514119936e-05,10.436261738597336,22.624053541282596,nan,nan,nan
51.34,214.55697631835938,-185.9147491455078,-8.07419204711914,215.3258467090277,-186.44933550580961,-8.078046764834271,0.9364609511965009,0.506409075369347,0.10378597810405403,3.502072233428594e-05,10.315602684259021,21.709341101521076,nan,0.18146151054429824,nan
51.35,214.54940795898438,-185.90631103515625,-8.07683277130127,215.3061309362848,-186.4377683234088,-8.0808410163623,0.9247121604259538,0.5063350599840541,0.10377750780245269,3.5705034779155756e-05,10.495409324353815,22.04741189748651,1.3814665191890843,nan,nan
51.36,214.54183959960938,-185.8978729248047,-8.079431533813477,215.298845677896,-186.429391140526,-8.083193441061026,0.9249778203571188,0.506389295135282,0.10379054529056402,3.5008005538316944e-05,10.412708844912245,21.67832117844914,nan,0.09400922297653479,nan
51.370000000000005,214.5342559814453,-185.88943481445312,-8.081985473632812,215.2915527423303,-186.42101639100463,-8.085864894015112,0.9252526176555208,0.50644361636346,0.10380364754482423,3.571385799152336e-05,10.39288717427471,21.744096732535382,nan,nan,nan
51.38,214.5266571044922,-185.88099670410156,-8.084491729736328,215.28424839576408,-186.41264098853736,-8.088201007841262,0.9255290209001161,0.5064980237163245,0.10381681464559825,3.501648303483176e-05,10.327442262287502,21.804889119884997,nan,0.05912028238224948,nan
51.39,214.51905822753906,-185.87255859375,-8.086949348449707,215.2769361352941,-186.4042675864338,-8.090776511401574,0.9258012870698819,0.5065525174320934,0.10383004679926809,3.572267581737508e-05,10.308141054326546,21.467446535482658,nan,nan,nan
51.4,214.51145935058594,-185.86412048339844,-8.08935832977295,215.23738352694178,-186.3779465706314,-8.09356153606335,0.889382271400866,0.5064784086366727,0.1038216860885928,3.500374274625336e-05,9.966662471990645,20.573206410999237,14.961999518891101,0.04960492172001621,nan
51.410000000000004,214.5038299560547,-185.85568237304688,-8.091719627380371,215.22999411426437,-186.369532872683,-8.096045228490278,0.8895928458961699,0.5065326693350205,0.10383495589568209,3.570939925655731e-05,9.949159990875103,21.098389361236137,nan,nan,nan
51.42,214.49620056152344,-185.8472442626953,-8.094035148620605,215.22259517119386,-186.3611192959526,-8.098398252470819,0.8897953222166437,0.5065870160845465,0.10384829075237305,3.5012179130121024e-05,9.932661992914563,20.77015904589604,nan,0.005024684143567181,nan
51.43,214.4885711669922,-185.8388214111328,-8.09630298614502,215.21518767283308,-186.35270669701137,-8.10078932163798,0.8899830115283514,0.50664144911222,0.10386169085664955,3.571817798347056e-05,9.915411855136218,21.133051002273422,nan,nan,nan
51.44,214.48092651367188,-185.83038330078125,-8.098526954650879,215.20776294453307,-186.34428804355147,-8.101561871462305,0.8901676766704268,0.5066959684827143,0.10387515630145452,3.502061040615271e-05,9.579186531930343,20.280735604269246,nan,1.747079420959182,nan
51.45,214.4732666015625,-185.8219451904297,-8.100706100463867,215.21121452369047,-186.33055619488758,-8.103943129676678,0.8962492778166019,0.5066217670613599,0.10386690010190121,3.5704877456784406e-05,8.773844270176534,20.63444589116131,10.27052196581175,nan,nan
51.46,214.46560668945312,-185.81350708007812,-8.102842330932617,215.203789147662,-186.3221054240894,-8.106192614517928,0.8964356315644799,0.5066760530121047,0.10388040248570658,3.500781315530397e-05,8.7657252691079,20.347839188423453,nan,1.0092555586508045e-05,nan
51.47,214.4579315185547,-185.80508422851562,-8.104935646057129,215.19635518420208,-186.3136548270053,-8.108396166090635,0.8966189485144643,0.506730425156066,0.10389397030863366,3.571361416875847e-05,8.743865191039552,21.14823537008295,nan,nan,nan
51.480000000000004,214.45025634765625,-185.79664611816406,-8.106986999511719,215.18890497677538,-186.305198305224,-8.108983416442344,0.8967893342048437,0.5067848835678876,0.10390760367095335,3.501620784279663e-05,8.487528819768814,19.984786935597423,nan,1.7500766394014395,nan
51.49,214.44256591796875,-185.78822326660156,-8.10899829864502,215.18145409672235,-186.2967481612719,-8.111089761045703,0.8969713949821659,0.5068394284595322,0.10392130275967457,3.572234626375201e-05,8.460042047243736,20.758245965259185,nan,nan,nan
51.5,214.4348602294922,-185.77978515625,-8.110968589782715,215.1677310344382,-186.28914837007764,-8.11252353541903,0.8924981334428422,0.5067651350281899,0.10391314584353835,3.500338908770314e-05,8.66199448502938,20.12834377778899,1.2867354940553108,0.32227972147192696,nan
51.51,214.42715454101562,-185.77134704589844,-8.112899780273438,215.16025652827625,-186.2807110792022,-8.114545993706077,0.8926886087363417,0.50681944609665,0.10392688113026764,3.570898880715727e-05,8.634277693544979,19.846930429243812,nan,nan,nan
51.52,214.41944885253906,-185.76292419433594,-8.114792823791504,215.1527705557267,-186.27227161454238,-8.115774012943099,0.8928585988660965,0.5068738433568533,0.10394068215129017,3.501174516517646e-05,8.55057912731893,20.149586503497986,nan,0.40400258860993715,nan
51.53,214.41172790527344,-185.75448608398438,-8.11664867401123,215.1452800464547,-186.2638352567349,-8.11771412587199,0.893048967750885,0.506928327011983,0.10395454908727157,3.5717684827374486e-05,8.520743914588031,19.646333879869537,nan,nan,nan
51.54,214.40399169921875,-185.74606323242188,-8.1184663772583,215.13778047462324,-186.25539860504497,-8.119406513655482,0.8932353399699203,0.506982897149902,0.10396848204799086,3.502009788041708e-05,8.478813916943851,20.437200423562494,nan,0.03150450899218594,nan
51.550000000000004,214.39625549316406,-185.73764038085938,-8.120248794555664,215.11133864349867,-186.24186433587585,-8.12125024427022,0.8749781206444244,0.5069085124581293,0.10396041923669973,3.570430745582768e-05,8.673969220289921,19.836908655016448,2.884707679547215,nan,nan
51.56,214.3885040283203,-185.7292022705078,-8.121994972229004,215.10379435487843,-186.2334298236789,-8.122802745794115,0.8751493181981338,0.5069628483776023,0.10397438763516828,3.500722790545636e-05,8.630640691534996,19.360262235975295,nan,0.05462842679578275,nan
51.57,214.38075256347656,-185.7207794189453,-8.123706817626953,215.09624363123902,-186.2249965389083,-8.124596615674907,0.8753074681802944,0.507017270606864,0.10398842213395712,3.5712965893447364e-05,8.599485220813916,19.74259522113834,nan,nan,nan
51.58,214.3730010986328,-185.71234130859375,-8.125384330749512,215.08868571279748,-186.21656386798688,-8.126459696688068,0.8754690244462645,0.5070717792414616,0.10400252284829464,3.5015548583277325e-05,8.577310534390538,18.890392913625703,nan,0.007413969944799749,nan
51.59,214.365234375,-185.70391845703125,-8.127028465270996,215.08111983332034,-186.20813124684503,-8.128188634778965,0.8756277021883264,0.507126374473014,0.10401668995067938,3.572162230077584e-05,8.547633964387636,19.668476120077834,nan,nan,nan
51.6,214.35745239257812,-185.69549560546875,-8.128639221191406,215.11972452320816,-186.2166440335062,-8.130977405537687,0.9233958805881763,0.5070518991493067,0.10400871595884191,3.500266236450418e-05,8.506731912950807,20.762271631514384,17.229589236347504,0.9123666275702979,nan
51.61,214.34967041015625,-185.6870574951172,-8.130218505859375,215.11221869113334,-186.2082305666228,-8.132653266456344,0.9236380131538924,0.507106259767128,0.1040229177139335,3.5708196149797255e-05,8.48414268402678,19.85768289272133,nan,nan,nan
51.620000000000005,214.34193420410156,-185.6786346435547,-8.131766319274902,215.10473044781378,-186.1998172487873,-8.134193067033912,0.9238480971042825,0.507160706711755,0.10403718587152036,3.501094994639159e-05,8.45379296036473,20.354317262739265,nan,0.007851471440019634,nan
51.63,214.3341827392578,-185.6702117919922,-8.133395195007324,215.09726036812123,-186.19140461957267,-8.135863159373358,0.9240863174191336,0.5072152401681285,0.1040515205994628,3.571682243358898e-05,8.422726003205716,20.526978196314687,nan,nan,nan
51.64,214.32643127441406,-185.6617889404297,-8.135103225708008,215.08978309222496,-186.18299262466124,-8.137733951250528,0.9243193165398136,0.5072698602418506,0.10406592201994763,3.5019237165285564e-05,8.416847586597074,20.319989752720886,nan,0.01004261508581734,nan
51.65,214.31866455078125,-185.6533660888672,-8.136890411376953,215.06215304332537,-186.16177191319355,-8.13965744860498,0.9006993267730969,0.5071952950069495,0.10405803158836262,3.570338281434596e-05,8.060294331812178,20.165191423323236,7.862365342736556,nan,nan
51.660000000000004,214.31089782714844,-185.64492797851562,-8.138755798339844,215.05461943452778,-186.15332556458296,-8.140683780421908,0.9008849271227216,0.5072496800787422,0.1040724668572279,3.500630896770139e-05,7.920463073927074,19.16344447955713,nan,0.5565362615940294,nan
51.67,214.30311584472656,-185.63650512695312,-8.140697479248047,215.0470816500649,-186.14488196292157,-8.142667660128662,0.9010749183473759,0.5073041515767653,0.10408696887552411,3.5711978125387635e-05,7.890201894323373,20.001594027897028,nan,nan,nan
51.68,214.2953338623047,-185.62808227539062,-8.142716407775879,215.03953467002376,-186.13643727672098,-8.144102390642246,0.9012555522912505,0.5073587096123866,0.1041015377693509,3.5014570627677374e-05,7.804008884658944,19.674893410106094,nan,0.2771825997661227,nan
51.69,214.28753662109375,-185.61965942382812,-8.14480972290039,215.0319825966914,-186.12799448052812,-8.146234336284543,0.9014468203821029,0.507413354361871,0.10411617370069999,3.572057486318026e-05,7.773541412362099,19.8825277427086,nan,nan,nan
51.7,214.2797393798828,-185.61123657226562,-8.146977424621582,215.06611557766627,-186.13454295899393,-8.149149038293187,0.9445855253691634,0.5073377742590497,0.10267919116632176,3.500161191662135e-05,10.287472373093072,23.017538384378856,14.847190519712715,0.3816148701236088,0.0018779945760647315
51.71,214.2719268798828,-185.60281372070312,-8.149218559265137,215.058619807213,-186.1261211009211,-8.151438388311181,0.9448498842371414,0.5073922326589269,0.10268935711190438,3.5707075477914116e-05,10.246021635761837,23.21699251160515,nan,nan,nan
51.72,214.2641143798828,-185.59439086914062,-8.151532173156738,215.05111423916503,-186.11769332706288,-8.152905896485041,0.945101120565143,0.5074467761799061,0.10269958296462038,3.5009848030742955e-05,10.117732871714095,22.876013414993906,nan,0.5662478334757222,nan
51.730000000000004,214.2563018798828,-185.58596801757812,-8.15391731262207,215.04360458726373,-186.10927245229783,-8.1553333534439,0.9453544782875051,0.5075014049954278,0.10270986901257023,3.571565001246256e-05,10.076313059531264,22.617794095939818,nan,nan,nan
51.74,214.24847412109375,-185.57754516601562,-8.156373023986816,215.0360863047008,-186.1008478596554,-8.157216321837176,0.9456105816287066,0.5075561192222999,0.10272021526040022,3.50180872623942e-05,9.99671180904365,22.813000048658186,nan,0.26834228897621926,nan
51.75,214.2406463623047,-185.56912231445312,-8.158899307250977,215.02697027906058,-186.0974507497187,-8.159801994675663,0.9473315430286644,0.5074811834650998,0.10270979587252972,3.570216669010151e-05,10.546113080812063,22.59991286453006,5.8996216631237886,nan,nan
51.76,214.23280334472656,-185.56069946289062,-8.161495208740234,215.01944883881407,-186.08906706608994,-8.163234816390585,0.9476214875748362,0.5075356657995165,0.10272018613246223,3.500511879467219e-05,10.566661452669162,22.858074051805254,nan,0.44831164763354486,nan
51.77,214.22496032714844,-185.55227661132812,-8.164158821105957,215.01191849856522,-186.080678609754,-8.165948470571898,0.9479003314406569,0.5075902333559024,0.10273063682624244,3.571071755618942e-05,10.527331268709453,22.646129587526772,nan,nan,nan
51.78,214.21710205078125,-185.54385375976562,-8.166861534118652,215.00437564259767,-186.07227622450873,-8.166493211700947,0.9481720019480103,0.507644886255439,0.10274114797309274,3.5013339499363516e-05,10.398804109623141,22.806733246429804,nan,3.490267143686191,nan
51.79,214.20924377441406,-185.5354461669922,-8.16955852508545,214.99683278492006,-186.0638890175567,-8.16925714612958,0.9484452470289689,0.5076996246648465,0.10275171983932158,3.57192735074094e-05,10.353692966278345,23.10403069229983,nan,nan,nan
51.800000000000004,214.20138549804688,-185.5270233154297,-8.172224044799805,215.00740131331855,-186.0634996694899,-8.172410838370677,0.9682295222857178,0.5076246014327546,0.10274146839403214,3.5000368533955486e-05,10.381507579176526,22.80632199852735,3.164474318080389,0.09467543193349276,nan
51.81,214.19351196289062,-185.5186004638672,-8.174849510192871,214.99987673411584,-186.05512666191333,-8.175127009295378,0.9685476665960767,0.5076791075262872,0.10275208388875118,3.5705762842555005e-05,10.340908606086806,22.988844845653666,nan,nan,nan
51.82,214.18563842773438,-185.51019287109375,-8.177428245544434,214.9923527134821,-186.04677038118623,-8.180413044472717,0.9688716489768608,0.5077336988937984,0.10276276008549083,3.5008569963876816e-05,10.550421963928255,23.58649196255239,nan,4.8177039690830865,nan
51.83,214.17774963378906,-185.50177001953125,-8.17995834350586,214.9848159459134,-186.03839851988977,-8.183066139938752,0.9691933955417118,0.5077883756983116,0.10277349723732354,3.571430309136993e-05,10.524954664343953,23.240964151551026,nan,nan,nan
51.84,214.16986083984375,-185.49334716796875,-8.182439804077148,214.97727002629478,-186.03001916507097,-8.184322981596454,0.9694998572443208,0.507843138066694,0.10278429538326675,3.5016777969383526e-05,10.314846324362472,22.787540641540982,nan,1.2827918993345793,nan
51.85,214.16197204589844,-185.4849395751953,-8.184871673583984,214.93346669149875,-186.00673763166415,-8.186844615984663,0.9313866503371879,0.5077680280513622,0.10277420762245676,3.5700793336698994e-05,10.293520983030529,22.339373637432942,11.231705347382555,nan,nan
51.86,214.15406799316406,-185.4765167236328,-8.187256813049316,214.92585299648715,-185.9983469365088,-8.189340893194005,0.9316454292351053,0.5078225576936779,0.10278504904025124,3.642028329594079e-05,10.262884583630141,21.910309331497263,nan,nan,nan
51.870000000000005,214.1461639404297,-185.46810913085938,-8.189594268798828,214.918233575346,-185.98995678710037,-8.19179039783369,0.9318912600012697,0.5078771726919948,0.10279595159754634,3.715421887703305e-05,10.23151836303327,22.288513131755384,nan,nan,nan
51.88,214.1382598876953,-185.45968627929688,-8.19188404083252,214.91060851674837,-185.9815672923266,-8.194193950445102,0.9321413692372379,0.5079318731908133,0.10280691543884227,3.7902744580175786e-05,10.202531331872168,21.514711243411323,nan,nan,nan
51.89,214.13034057617188,-185.45127868652344,-8.194129943847656,214.90297788667138,-185.97317842277508,-8.19655238735293,0.9323913430035567,0.5079866593346336,0.10281794070863923,3.8666004905568985e-05,10.171912704413383,22.260261007393296,nan,nan,nan
51.9,214.12242126464844,-185.44285583496094,-8.196330070495605,214.8787414437067,-185.96333440643244,-8.200020626352053,0.9181131612248391,0.5079114631852072,0.10280801206706311,3.776346020230065e-05,10.890121090978532,21.460430931086073,5.093350390677374,0.7699910278538193,nan
51.910000000000004,214.114501953125,-185.4344482421875,-8.198486328125,214.8710797385005,-185.95496551368186,-8.20230315287861,0.9183478335569927,0.5079660161798869,0.10281908012192331,3.852250470444044e-05,10.867095869491616,21.827107518138654,nan,nan,nan
51.92,214.1065673828125,-185.42604064941406,-8.200600624084473,214.8634131579544,-185.94659835521162,-8.204750287606608,0.9185929850171419,0.5080206545960637,0.10283020964900162,3.7652368540128595e-05,10.90553894379005,22.062746234323022,nan,0.02612231227972222,nan
51.93,214.0986328125,-185.41761779785156,-8.202672004699707,214.8557408626871,-185.93823065887187,-8.206950479980627,0.9188409307756129,0.5080753785913957,0.10284140088611328,3.8408349205467035e-05,10.886038669801701,21.31833328334605,nan,nan,nan
51.94,214.09068298339844,-185.40921020507812,-8.204702377319336,214.8480624997954,-185.92986146255222,-8.208741302822268,0.9190852934773032,0.5081301882979466,0.10285265388751999,3.75447055521813e-05,10.803434084385627,22.05324950030959,nan,0.08313874526572995,nan
51.95,214.08273315429688,-185.4008026123047,-8.20669174194336,214.83638109272508,-185.9209634626691,-8.210870436163955,0.9157346705428947,0.5080549066904372,0.10284287992591154,3.827270975830894e-05,10.912710432400164,21.83965155636576,0.23918058119027832,nan,nan
51.96,214.0747833251953,-185.39239501953125,-8.20864200592041,214.82868707049997,-185.91259834801863,-8.212480512682902,0.9159678456626651,0.5081094828375246,0.10285417525258539,3.7416522220555253e-05,10.810652527434966,21.548428370701867,nan,0.13449061987693123,nan
51.97,214.06683349609375,-185.38397216796875,-8.210553169250488,214.8209887142469,-185.90423597633293,-8.214514953261453,0.9162097025756631,0.5081641444893271,0.10286553251451969,3.8165890109343584e-05,10.79041976655922,20.8157001276724,nan,nan,nan
51.980000000000004,214.05886840820312,-185.3755645751953,-8.21242618560791,214.81328692722582,-185.89587844561237,-8.21743920058019,0.9164600132640167,0.5082188917803904,0.10287695177770743,3.7315844511070834e-05,11.013174136492667,21.868885548987002,nan,0.5326516956356295,nan
51.99,214.0509033203125,-185.36715698242188,-8.214262008666992,214.80557870822852,-185.8875167574096,-8.219408849852691,0.9166982745296659,0.5082737248645598,0.10288843326240814,3.80626164215544e-05,10.99662138489491,21.698440339665527,nan,nan,nan
52.0,214.0429229736328,-185.35874938964844,-8.21606159210205,214.7893678282085,-185.8849400967394,-8.219464513696206,0.913273322191543,0.5081983584442376,0.10287880927924659,3.7194987222085794e-05,11.522746691988853,21.63240283527124,12.524087884526935,2.402360543713118,nan
52.01,214.03494262695312,-185.350341796875,-8.217824935913086,214.7816476968576,-185.87662181970333,-8.221345171438497,0.9135379115873489,0.5082529575612704,0.10289033259663624,3.793836491215934e-05,11.499693157380126,21.474962967149832,nan,nan,nan
52.02,214.02696228027344,-185.34193420410156,-8.219552993774414,214.7739201442524,-185.86829606795368,-8.221482375678619,0.9137869471558574,0.5083076422447101,0.10290191814794744,3.710117217815009e-05,11.235389701394759,21.06672617450073,nan,1.8306008925999744,nan
52.03,214.01898193359375,-185.33351135253906,-8.221246719360352,214.76619036105348,-185.85997833313633,-8.22327768436106,0.9140525370813585,0.5083624126464166,0.10291356614324981,3.784224776297584e-05,11.207960097781099,20.38451769276292,nan,nan,nan
52.04,214.010986328125,-185.32510375976562,-8.222907066345215,214.7584548359512,-185.85165727517673,-8.224226572851592,0.9143136857124808,0.5084172689039916,0.10292527666379744,3.701066938883345e-05,11.108052687874927,21.072831182889985,nan,0.4167048832944214,nan
52.050000000000004,214.00299072265625,-185.3166961669922,-8.224534034729004,214.76884174018969,-185.8459760233323,-8.22597318433237,0.9309495252353845,0.508341818331076,0.10291579803958821,3.7725435645776075e-05,10.616096160344775,21.193551126856953,4.319648185417168,nan,nan
52.06,213.9949951171875,-185.30828857421875,-8.226128578186035,214.76111886619012,-185.8376339999581,-8.225032620146102,0.9312107063715542,0.5083964402185626,0.10292754987892087,3.690035840728451e-05,10.55628222638477,20.989304252888825,nan,4.3877965087493465,nan
52.07,213.9869842529297,-185.2998809814453,-8.227803230285645,214.75339495983127,-185.82930351313507,-8.226721989539879,0.9314906106857588,0.508451147748941,0.10293936438160714,3.763629674689534e-05,10.517092113482203,21.275020779885747,nan,nan,nan
52.08,213.97897338867188,-185.29147338867188,-8.229557037353516,214.7456676397972,-185.82097725377105,-8.229455120518255,0.9317695145531615,0.5085059410613844,0.10295124163772026,3.681648808270966e-05,10.448960692425736,21.094583968766095,nan,0.5906708336291144,nan
52.09,213.97096252441406,-185.28306579589844,-8.231389999389648,214.73793456136934,-185.81264748079778,-8.231314333800231,0.9320423124394293,0.5085608203053379,0.10296318184412613,3.75505162211543e-05,10.411840554560364,20.90086214603266,nan,nan,nan
52.1,213.9629364013672,-185.274658203125,-8.233299255371094,214.72600482243556,-185.80863214558605,-8.233781333916351,0.9313440926203851,0.5084852862206394,0.10295384375935976,3.671301497572171e-05,10.991084519202433,21.37028813777544,5.017660529519509,0.14057951677545977,nan
52.11,213.95492553710938,-185.26625061035156,-8.235284805297852,214.71826328614222,-185.80033109217098,-8.235803046135771,0.931625863065508,0.5085399306945879,0.10296582474009808,3.744433427539886e-05,10.95602593292931,20.81369398330341,nan,nan,nan
52.120000000000005,213.9468994140625,-185.2578582763672,-8.237346649169922,214.7105145060225,-185.79201932885456,-8.234944403167471,0.9319022531625003,0.5085946608759625,0.1029778686982961,3.6635576575895315e-05,11.068671940480435,21.73392972300691,nan,5.6255914340856155,nan
52.13,213.93885803222656,-185.24945068359375,-8.239482879638672,214.70276486788077,-185.78371919175,-8.23708971757582,0.9322028854232344,0.5086494769129861,0.10298997582322701,3.7365230230720473e-05,11.027948009562673,21.505908813096358,nan,nan,nan
52.14,213.9308319091797,-185.2410430908203,-8.241692543029785,214.69501117664961,-185.7754204411956,-8.239559602667468,0.9324878845644959,0.5087043789467144,0.10300214621634136,3.656123008368377e-05,10.963582408756888,20.929798713307775,nan,0.04014565778157876,nan
52.15,213.92279052734375,-185.23263549804688,-8.243975639343262,214.67602055360956,-185.75848525796962,-8.241793620201351,0.918628436140937,0.5086287619968775,0.1029929438930868,3.726588524332325e-05,10.55904114940329,20.822415254854274,4.531065384995431,nan,nan
52.160000000000004,213.9147491455078,-185.22422790527344,-8.246330261230469,214.66823533838868,-185.75015941221872,-8.244004131545037,0.918885631479326,0.5086834288650078,0.10300515449420762,3.64674772622747e-05,10.543868161022289,20.738467305063104,nan,0.016423606091671445,nan
52.17,213.9066925048828,-185.2158203125,-8.248756408691406,214.66044653611596,-185.7418347592598,-8.246444738746957,0.9191526976613663,0.508738181512344,0.10301742847528825,3.7193216746801e-05,10.503119875344732,21.011168894392338,nan,nan,nan
52.18,213.89865112304688,-185.20742797851562,-8.251252174377441,214.65265486007272,-185.73351459044818,-8.250082121517606,0.9193966106786031,0.5087930200808749,0.1030297659442858,3.639923844479122e-05,10.3604916462203,20.9281608704692,nan,0.8249496701967118,nan
52.19,213.89059448242188,-185.1990203857422,-8.25381851196289,214.64485830048042,-185.72519123714295,-8.252676537077,0.9196580757013454,0.5088479447173888,0.10304216708072737,3.7123634450840114e-05,10.322647443014931,20.621888775860167,nan,nan,nan
52.2,213.88253784179688,-185.19061279296875,-8.256452560424805,214.6501038505977,-185.71382448549213,-8.254073913566108,0.9289314888733641,0.5087722455368994,0.10303309558955889,3.6311698473080296e-05,9.652892073511442,20.734215651301344,8.64056426486003,0.9969295739192149,nan
52.21,213.87448120117188,-185.18222045898438,-8.259154319763184,214.6423121647619,-185.70546820532186,-8.25679464934223,0.9291706843951489,0.508826934615515,0.10304553633908273,3.703394734371202e-05,9.611009881362996,21.18513876587367,nan,nan,nan
52.22,213.8664093017578,-185.17381286621094,-8.261893272399902,214.6345174201439,-185.69711467644726,-8.260286523910205,0.9294285597978714,0.5088817095390266,0.10305804079223042,3.6249319802198474e-05,9.49659732364229,20.80225151407659,nan,0.33876739214500523,nan
52.230000000000004,213.85833740234375,-185.16542053222656,-8.264623641967773,214.6267185413164,-185.688759330266,-8.263082477056827,0.9296749149307793,0.5089365704535288,0.10307060912298999,3.697042514891288e-05,9.453288957791166,21.21995860071948,nan,nan,nan
52.24,213.8502655029297,-185.15701293945312,-8.267321586608887,214.61891622586936,-185.68040537300527,-8.266180307823436,0.929927349792756,0.5089915175020797,0.1030832414476235,3.618974856703127e-05,9.39037460337718,20.497658836095393,nan,0.06800474706170793,nan
52.25,213.84219360351562,-185.14862060546875,-8.269978523254395,214.57494733390675,-185.66467304941384,-8.2689650398379,0.8962361192523092,0.5089157367257334,0.103074295872464,3.6886869008325374e-05,10.033083698104011,20.333148915188705,12.67223823473192,nan,nan
52.26,213.83412170410156,-185.1402130126953,-8.272587776184082,214.56708702415412,-185.65633681252058,-8.272471706627535,0.8964496364090737,0.5089704478281211,0.10308696719313211,3.6110944339410704e-05,9.971680317827714,19.648719197402045,nan,0.43012154269268926,nan
52.27,213.82603454589844,-185.13182067871094,-8.275147438049316,214.5592231356926,-185.64799870014477,-8.275133338185338,0.8966634029637378,0.5090252448438916,0.10309970259829265,3.68291310079107e-05,9.93568084124738,20.475922025483122,nan,nan,nan
52.28,213.8179473876953,-185.1234130859375,-8.277658462524414,214.55135733593877,-185.6396673345254,-8.280040130628041,0.8968914503497565,0.5090801279166011,0.1031125022088947,3.605685529281201e-05,10.059054461478665,19.90465221431966,nan,3.4955569929639627,nan
52.29,213.8098602294922,-185.11502075195312,-8.280119895935059,214.54348699648096,-185.63133028651185,-8.282627583311923,0.8971009180770232,0.5091350971915782,0.10312536619190192,3.677415814017806e-05,10.037715940267649,20.32535966054518,nan,nan,nan
52.300000000000004,213.80177307128906,-185.10662841796875,-8.282532691955566,214.55118504098166,-185.6229056746441,-8.284509838029999,0.9100353922707468,0.5090592354462755,0.10311654150266213,3.598356596794373e-05,9.382245516171045,20.242786659402874,5.7014470338607826,0.20204137657853438,nan
52.31,213.79367065429688,-185.0982208251953,-8.284896850585938,214.5433264626076,-185.6145476334155,-8.286994723339188,0.9102645796091121,0.5091139683902784,0.10312944383777704,3.669917356972384e-05,9.359807826209064,19.96996349472796,nan,nan,nan
52.32,213.78558349609375,-185.08982849121094,-8.287215232849121,214.53546401724975,-185.60618684685642,-8.288173142950123,0.9104656308976529,0.5091687873133572,0.10314241058598121,3.5934687596090923e-05,9.231194526062477,19.848162172616426,nan,1.0624963405930359,nan
52.33,213.77748107910156,-185.08143615722656,-8.2894868850708,214.52759900836864,-185.59782975355765,-8.290553671247277,0.9106812791380008,0.5092236923605025,0.10315544191030576,3.664957187316578e-05,9.202239881632686,20.129817845151095,nan,nan,nan
52.34,213.76937866210938,-185.0730438232422,-8.291712760925293,214.51973047705013,-185.58947007746005,-8.291560069081525,0.9108918407501402,0.5092786836757929,0.10316853793759997,3.588829775706911e-05,9.13766562299754,19.977232324252896,nan,1.1857001937241272,nan
52.35,213.76126098632812,-185.06463623046875,-8.29389476776123,214.5220877175635,-185.58688453070909,-8.293937226923404,0.9228220867908374,0.5092027415856938,0.10315982909891022,3.657996563701879e-05,9.260540836247033,19.938688703195655,1.9698623743286836,nan,nan
52.36,213.75315856933594,-185.05624389648438,-8.29603385925293,214.514232207867,-185.5785451239653,-8.297461319826825,0.9230567117673155,0.5092574961890264,0.1031729628122569,3.582268450453441e-05,9.283871196055266,19.997276450746345,nan,1.1139804051819568,nan
52.370000000000005,213.7450408935547,-185.0478515625,-8.29813003540039,214.50637327159112,-185.5702030623471,-8.299669957997615,0.9232986789770297,0.5093123368375855,0.10318616130209736,3.6535444780615464e-05,9.258125858409946,20.29065926764368,nan,nan,nan
52.38,213.73692321777344,-185.03945922851562,-8.30018424987793,214.4985111185607,-185.56185995197723,-8.30119770520318,0.9235365036588812,0.5093672636756618,0.10319942469855391,3.57811038275806e-05,9.188427832041508,20.130257029346364,nan,0.27628059939421235,nan
52.39,213.7288055419922,-185.03106689453125,-8.302197456359863,214.4906460465735,-185.55351857976174,-8.303318597458077,0.9237737681804106,0.5094222768479195,0.10321275315974955,3.6493345692690244e-05,9.16094240878884,19.99471449265978,nan,nan,nan
52.4,213.72068786621094,-185.02267456054688,-8.304170608520508,214.49431287008457,-185.55284570952534,-8.305943261536157,0.9378593903812774,0.5093462550315262,0.1032041550510013,3.572028203734615e-05,9.455466946228434,20.266757754862333,3.087370961328889,0.15126172812779964,nan
52.410000000000004,213.71255493164062,-185.0142822265625,-8.30610466003418,214.48646403661928,-185.54452538795522,-8.307991982421889,0.93813467847554,0.5094010311143881,0.10321752050684413,3.6431184914735214e-05,9.432183267514024,20.55826795463807,nan,nan,nan
52.42,213.70443725585938,-185.00588989257812,-8.307999610900879,214.4786118447298,-185.53619781312676,-8.306046876914111,0.9383904293093323,0.5094558933074135,0.1032309510691239,3.56832322355787e-05,9.408977898669937,20.03472117344788,nan,10.622990893895365,nan
52.43,213.69630432128906,-184.9974822998047,-8.309857368469238,214.4707573571167,-185.52787803232158,-8.307981742921147,0.9386696201251892,0.5095108417551557,0.10324444689327013,3.639374297427623e-05,9.367493283144645,19.79370402874091,nan,nan,nan
52.44,213.68817138671875,-184.9890899658203,-8.311677932739258,214.46290004579438,-185.51955995372586,-8.31078737675833,0.9389375359157807,0.5095658766020784,0.10325800811344961,3.564833993029737e-05,9.260714159441227,20.153234579877388,nan,0.5595274071084557,nan
52.45,213.68003845214844,-184.98069763183594,-8.313462257385254,214.4175232043069,-185.49637476088498,-8.312666551501914,0.8998929348752126,0.5094897756737508,0.10324951559757037,3.6336203330707075e-05,9.271089679493084,19.337514772617904,11.674230412416668,nan,nan
52.46,213.67189025878906,-184.97230529785156,-8.315211296081543,214.4095987744922,-185.48803559242342,-8.314363824540687,0.9001068320416762,0.5095445730575173,0.10326311309906001,3.559412145844123e-05,9.241216632869483,19.599526752832045,nan,0.013337385322787896,nan
52.47,213.66375732421875,-184.9639129638672,-8.316925048828125,214.40167159506802,-185.47969690949148,-8.316165117726847,0.9003061297037008,0.5095994566158829,0.1032767760561638,3.6303129073381345e-05,9.205091451493374,19.109806023223477,nan,nan,nan
52.480000000000004,213.65560913085938,-184.95553588867188,-8.318604469299316,214.39374164308978,-185.471356490004,-8.316770427804583,0.9005075580351479,0.5096544264933452,0.10329050460524038,3.556335753069541e-05,9.250324059139071,20.044037838399934,nan,0.9234410482621636,nan
52.49,213.6474609375,-184.9471435546875,-8.320250511169434,214.38580890481714,-185.46301812443193,-8.318493726113338,0.9007149265134233,0.5097094828344048,0.10330429889843014,3.627213079527534e-05,9.208915511137297,19.34597362024662,nan,nan,nan
52.5,213.63931274414062,-184.93875122070312,-8.321864128112793,214.3842490817302,-185.45125185353004,-8.322680192850289,0.9042055693651727,0.5096333034037619,0.10329590677508478,3.5513216787971516e-05,8.630005072259715,19.19627816163612,3.6498126516817524,4.34653793165092,nan
52.51,213.63116455078125,-184.93035888671875,-8.32355785369873,214.3763155653599,-185.44288976999104,-8.324420339764725,0.904399626668258,0.5096881219114903,0.10330973661227136,3.622092557173899e-05,8.600286432109016,19.092332152418074,nan,nan,nan
52.52,213.6230010986328,-184.92196655273438,-8.325329780578613,214.36837948359414,-185.4345249184854,-8.32414129215432,0.9046029115438782,0.509743026657528,0.10332363223362892,3.548630898602948e-05,8.58778939061315,19.456388807474156,nan,3.0268163669067776,nan
52.53,213.61483764648438,-184.91357421875,-8.327179908752441,214.3604406802725,-185.42616333077595,-8.32602083926738,0.9048054073687132,0.5097980177863999,0.1033375937895422,3.6193880575600105e-05,8.553573295798076,19.357563825000998,nan,nan,nan
52.54,213.606689453125,-184.90518188476562,-8.329108238220215,214.3524993600929,-185.41780159027593,-8.327644725154853,0.904993658364212,0.5098530954425676,0.10335162141900874,3.546123217530627e-05,8.546058817173776,18.862686188480282,nan,0.0767670818808607,nan
52.550000000000004,213.59852600097656,-184.89678955078125,-8.331111907958984,214.35588217579908,-185.41542807521915,-8.329688469244102,0.9179195611548427,0.5097768381147301,0.10334332446588745,3.6146565622343324e-05,8.64097452986513,19.429978595813957,1.6076981153967287,nan,nan
52.56,213.59036254882812,-184.88839721679688,-8.33319091796875,214.34795595865737,-185.4070792175774,-8.330865621368757,0.9181417099525906,0.5098316775709624,0.10335738688046704,3.54166547764247e-05,8.70687214935665,19.447325036051456,nan,0.5991609138563,nan
52.57,213.58218383789062,-184.88002014160156,-8.335344314575195,214.34002720122655,-185.3987318095004,-8.333041735056577,0.9183646659356652,0.509886603328604,0.10337151541664154,3.61231965354472e-05,8.668775237732245,20.34368975314407,nan,nan,nan
52.58,213.5740203857422,-184.8716278076172,-8.337571144104004,214.3320960040919,-185.39038521909623,-8.335630851919921,0.9185813300054111,0.5099416155320511,0.10338571021479133,3.5395047270654705e-05,8.598118337462173,19.244694586107432,nan,0.0788627963854254,nan
52.59,213.5658416748047,-184.8632354736328,-8.33987045288086,214.3241625531691,-185.38203858045233,-8.337959493718406,0.9188094851349012,0.5099967143259292,0.10339997142322437,3.610156988046691e-05,8.56239889017992,19.587892471494794,nan,nan,nan
52.6,213.55767822265625,-184.85484313964844,-8.342241287231445,214.2950142301054,-185.3578228380618,-8.340753248897357,0.8925554207751691,0.5099203797013875,0.10339176437150105,3.5353869275814144e-05,7.940517242483883,18.769392702293022,12.896055785659566,0.051856053682105906,nan
52.61,213.54949951171875,-184.84646606445312,-8.344683647155762,214.28703492264614,-185.3494320577762,-8.34323273445545,0.8927123713486712,0.5099752399323134,0.10340605958343353,3.605953334218938e-05,7.904871761962851,19.63913550721791,nan,nan,nan
52.620000000000005,213.54132080078125,-184.83807373046875,-8.347195625305176,214.27905359323884,-185.3410412491926,-8.345417819227155,0.8928768999996406,0.5100301865268678,0.10342042124209778,3.533547415622537e-05,7.905930560619086,19.024391429506462,nan,0.09277980590554562,nan
52.63,213.53314208984375,-184.82968139648438,-8.349777221679688,214.27107008977194,-185.33265111600636,-8.348035956519553,0.8930393629837378,0.510085219629771,0.10343484949473879,3.6041191950037885e-05,7.870823040909288,18.915608823978783,nan,nan,nan
52.64,213.52496337890625,-184.82130432128906,-8.35242748260498,214.26308433489294,-185.3242614124201,-8.350812828316949,0.8931914622823965,0.5101403393852744,0.10344934448333681,3.5318600229854016e-05,7.829805574865999,19.426624046422713,nan,0.005482634042513193,nan
52.65,213.5167694091797,-184.8129119873047,-8.355144500732422,214.27275910916427,-185.3279005348889,-8.353497140083595,0.9147329361200346,0.5100639280602729,0.10344122204091985,3.600236323442128e-05,8.191353889675534,19.45221325941262,6.922083080880437,nan,nan
52.660000000000004,213.5085906982422,-184.8045196533203,-8.357897758483887,214.26480253887945,-185.31954353783263,-8.356398692336526,0.9149361708542669,0.5101188088933005,0.10345575023032805,3.5282011370137984e-05,8.150689380987108,18.939164277597175,nan,0.005962143696666346,nan
52.67,213.50039672851562,-184.796142578125,-8.360641479492188,214.2568440151797,-185.31118693595144,-8.359222521582984,0.9151421755507892,0.5101737761519296,0.10347034519399183,3.5987049761301124e-05,8.112558323697874,19.793662340501005,nan,nan,nan
52.68,213.49220275878906,-184.78775024414062,-8.36335277557373,214.2488835868429,-185.30283060437472,-8.361759264348883,0.9153557736318492,0.5102288299802991,0.1034850070746857,3.526799054188054e-05,8.099606998046333,19.15810281028083,nan,0.04967013625075734,nan
52.69,213.4840087890625,-184.7793731689453,-8.366022109985352,214.24092128329116,-185.29447491716604,-8.364524367844009,0.9155591614805794,0.510283970523302,0.10349973601846062,3.5973167876424936e-05,8.06002375601951,19.592529342045303,nan,nan,nan
52.7,213.47581481933594,-184.77098083496094,-8.368643760681152,214.2385338253348,-185.28504323768271,-8.36823746417085,0.9197829097568788,0.5033559294522386,0.10349144204033753,3.523417478374659e-05,9.919374804986544,20.87829104700397,0.3978460492815367,0.7936292402791577,0.0036723235661177325
52.71,213.46762084960938,-184.76260375976562,-8.3712158203125,214.2305694867916,-185.27667962356196,-8.370920542608895,0.9199808171397373,0.5034058949824627,0.1035061407181566,3.593864314328408e-05,9.876927893003952,21.359772903780826,nan,nan,nan
52.72,213.4594268798828,-184.7542266845703,-8.373738288879395,214.22259984380997,-185.26831554033262,-8.372034064063572,0.9201756510963502,0.5034559452147718,0.1035208995148286,3.5222771945052384e-05,9.917045601545771,21.318680226794896,nan,1.6125550352688525,nan
52.730000000000004,213.45123291015625,-184.74583435058594,-8.376212120056152,214.2146318526256,-185.2599526961987,-8.37460486128377,0.9203793793537871,0.5035060803080915,0.10353571857577393,3.5927432310837014e-05,9.86835623671169,20.603940481476233,nan,nan,nan
52.74,213.44302368164062,-184.73745727539062,-8.37863540649414,214.20665860596296,-185.25158948068716,-8.375549574284374,0.9205866306482393,0.5035563003931777,0.10355059804468639,3.5212605671233064e-05,10.026866035935704,21.759670013512658,nan,1.7368457669960335,nan
52.75,213.43482971191406,-184.7290802001953,-8.381011962890625,214.2123786936434,-185.24955710442893,-8.37801798233602,0.935674938613022,0.5034945339919146,0.1035425873471416,3.5895497660530896e-05,10.046616670625811,21.449650941922613,1.8486173814621574,nan,nan
52.76,213.42662048339844,-184.72068786621094,-8.383340835571289,214.204423606718,-185.2412055417271,-8.378189646050819,0.9359182036502423,0.5035445445207938,0.10355748859802215,3.518249440111043e-05,10.513229060994906,21.73361421231521,nan,3.510949294356345,nan
52.77,213.4184112548828,-184.71231079101562,-8.38562297821045,214.19647134158512,-185.23285523462442,-8.380534959731387,0.9361463049242063,0.5035946398442713,0.10357245035648589,3.5886725670621556e-05,10.44128084115717,22.2033262574375,nan,nan,nan
52.78,213.4102020263672,-184.7039337158203,-8.387860298156738,214.18851912376894,-185.22450565253942,-8.383723511736363,0.9363705241031788,0.5036448200956393,0.10358747276660293,3.517462210539694e-05,10.167556404598464,21.852387979975365,nan,0.5514355094547196,nan
52.79,213.40199279785156,-184.69554138183594,-8.39005184173584,214.18056355734996,-185.2161560763632,-8.385988506929122,0.9366048250961432,0.5036950854300216,0.10360255597322586,3.5879104085005846e-05,10.104091095811206,21.23771990425336,nan,nan,nan
52.800000000000004,213.39378356933594,-184.68716430664062,-8.392200469970703,214.20361138646982,-185.21636850863726,-8.387268459680648,0.9674205422360119,0.5036331918892725,0.10359460238642212,3.5146725285868716e-05,9.908737395438123,22.633572451452352,10.451867730008749,0.6820139752341345,nan
52.81,213.38555908203125,-184.6787872314453,-8.394307136535645,214.19570489096768,-185.20801746459566,-8.389438982170978,0.9677006615397867,0.5036832473106563,0.1036097069268646,3.5850602586475866e-05,9.838983539029424,22.934991832571693,nan,nan,nan
52.82,213.37734985351562,-184.67041015625,-8.396370887756348,214.18779874418053,-185.19966693045234,-8.39268629289025,0.9679636943906318,0.5037333875951209,0.10362487235892333,3.514093745216334e-05,9.526403656058807,22.18278316792718,nan,0.8754960209834799,nan
52.83,213.36912536621094,-184.66201782226562,-8.398393630981445,214.17988896318704,-185.19131630151387,-8.394786145896338,0.9682497117297614,0.5037836128957065,0.1036400988272363,3.58451027325699e-05,9.4663353755276,21.942915158100895,nan,nan,nan
52.84,213.3609161376953,-184.6536407470703,-8.400376319885254,214.1719808812645,-185.18296624546522,-8.398855692821629,0.96851113252178,0.5038339233488326,0.10365538647619987,3.513613207618371e-05,9.131701104897223,21.682180184011877,nan,2.8284105656147327,nan
52.85,213.35269165039062,-184.645263671875,-8.402318954467773,214.13264803325424,-185.16334354471903,-8.400867190144547,0.9363443925369711,0.503771902983462,0.10364748627292991,3.581864264594695e-05,9.255405890106084,21.329133898280112,8.918077381673227,nan,nan
52.86,213.34446716308594,-184.6368865966797,-8.404223442077637,214.12467986365775,-185.15498336185036,-8.402658778066053,0.936567437180759,0.5038220031680379,0.10366279478356301,3.511115372386244e-05,9.228728497207022,21.22754552677791,nan,0.03121525051008828,nan
52.870000000000005,213.33624267578125,-184.62850952148438,-8.406089782714844,214.11671042202727,-185.1466233174558,-8.404621863993949,0.9367891776123561,0.5038721883012462,0.10367816456659419,3.5815060528675654e-05,9.181833038847529,21.137339378877236,nan,nan,nan
52.88,213.32801818847656,-184.62013244628906,-8.407918930053711,214.10874009127573,-185.13826344419735,-8.407059639338856,0.937009689856156,0.5039224585211994,0.103693595766508,3.510814870412455e-05,9.105599821168056,21.00772954789238,nan,0.18344867023650577,nan
52.89,213.31979370117188,-184.61175537109375,-8.409711837768555,214.10076726271475,-185.12990369690246,-8.408955230093975,0.9372288748339498,0.5039728139783989,0.10370908852780882,3.581238131605132e-05,9.063688807230491,20.88445830620918,nan,nan,nan
52.9,213.3115692138672,-184.60336303710938,-8.411468505859375,214.1035879001489,-185.1383620620701,-8.41057886730259,0.9557815375833006,0.5039106670863597,0.10370123792249461,3.508489581971099e-05,10.225545527214075,20.564377533965306,24.459019565519284,0.023836899006379742,nan
52.910000000000004,213.30332946777344,-184.59498596191406,-8.413190841674805,214.09562938166178,-185.1300665762563,-8.412402038976731,0.9560601652626443,0.5039608119188093,0.10371675104947106,3.57885925330755e-05,10.184058322211055,21.357234080814063,nan,nan,nan
52.92,213.29510498046875,-184.58660888671875,-8.414877891540527,214.08766971541635,-185.12177126979915,-8.414508936121685,0.9563251389956053,0.504011041771322,0.10373232582587276,3.5083509214180834e-05,10.135065664051012,20.88771615405644,nan,0.0708415018177042,nan
52.93,213.286865234375,-184.57823181152344,-8.416532516479492,214.07970808167445,-185.1134762158679,-8.41626850337564,0.9566014962349204,0.5040613567930445,0.1037479623962142,3.578755675415071e-05,10.097243110796851,21.15529149419032,nan,nan,nan
52.94,213.27862548828125,-184.56985473632812,-8.418266296386719,214.07174680000853,-185.10518107725414,-8.419679027875246,0.9568791471317026,0.5041117571241243,0.10376366090496666,3.5082884199733844e-05,10.116494012504123,21.164884417262137,nan,1.8603650060483883,nan
52.95,213.27040100097656,-184.5614776611328,-8.42007827758789,214.0572348377074,-185.09926918834384,-8.421487481174344,0.9530630615123451,0.5040494840162196,0.10375585605701154,3.576533786060561e-05,10.59596783655181,20.63139663929294,3.936906447331464,nan,nan
52.96,213.2621612548828,-184.5531005859375,-8.421967506408691,214.04925694340668,-185.0909939581668,-8.423426217014374,0.9533367876137392,0.5040996733672585,0.10377157441196615,3.506187267422071e-05,10.566188967838666,20.99435357348233,nan,0.0002448690231412211,nan
52.97,213.25392150878906,-184.5447235107422,-8.423933029174805,214.04127771205373,-185.0827187458191,-8.425461500701092,0.9536094588509623,0.5041499478188357,0.10378735478979717,3.576577062882577e-05,10.536050161302535,20.96643368117085,nan,nan,nan
52.980000000000004,213.2456817626953,-184.53634643554688,-8.425975799560547,214.03329615436695,-185.07444399497783,-8.426578850504658,0.9538793304733433,0.5042003075121667,0.10380319733489365,3.506262341738646e-05,10.446521054503474,20.78592733105529,nan,0.696968149863722,nan
52.99,213.2374267578125,-184.52796936035156,-8.428092002868652,214.0253143557171,-185.06616920713097,-8.428757954190335,0.9541626619693299,0.504250752594796,0.10381910219189396,3.5766894056071516e-05,10.413531271440009,21.212026019638284,nan,nan,nan
53.0,213.22918701171875,-184.51959228515625,-8.430282592773438,214.02904693219259,-185.06213319519668,-8.430277157472114,0.96650221493665,0.5041883535728217,0.10381133920834591,3.5042921024030345e-05,10.326395981369332,20.94181751201547,1.6794543806600857,0.28226786251550723,nan
53.01,213.220947265625,-184.51121520996094,-8.432546615600586,214.02108235317783,-185.0538627565596,-8.432597850604257,0.9667898017603136,0.5042385873198229,0.10382726336896123,3.574669751643122e-05,10.29244970938172,20.868373639238254,nan,nan,nan
53.02,213.2126922607422,-184.50283813476562,-8.434882164001465,214.0131169723343,-185.0455923376018,-8.435572792382155,0.9670896135266888,0.5042889062401278,0.10384324992203742,3.504489338089884e-05,10.271545821838846,21.29053983740876,nan,0.23736975046960834,nan
53.03,213.20445251464844,-184.4944610595703,-8.437289237976074,214.0051498612883,-185.03732226158968,-8.438045882077667,0.9673753656592178,0.5043393104804588,0.10385929901234685,3.5749058368386174e-05,10.240296771036483,20.823133401325144,nan,nan,nan
53.04,213.19619750976562,-184.486083984375,-8.439766883850098,213.99717974414068,-185.02905310004465,-8.438327558398562,0.967672502457982,0.5043898001832674,0.10387541078407736,3.50474402813384e-05,10.249306536340663,21.22534485758515,nan,3.607440954109468,nan
53.050000000000004,213.1879425048828,-184.4777069091797,-8.442314147949219,213.97356457295254,-185.01383001837408,-8.440945276265795,0.9511213886040538,0.5043272755559122,0.10386768572290353,3.573003542849187e-05,10.178486226354794,20.82294351821645,2.3290305773938074,nan,nan
53.06,213.17970275878906,-184.46932983398438,-8.444930076599121,213.96556906591798,-185.0055481880641,-8.445697755774724,0.9513761428918204,0.5043775535681838,0.1038838162327785,3.502940943497653e-05,10.109664872665535,20.36563988545959,nan,3.07417168185591,nan
53.07,213.17144775390625,-184.46095275878906,-8.447613716125488,213.9575708720377,-184.99726738336471,-8.448452074406292,0.9516425990039822,0.5044279168305441,0.1039000095015979,3.5733487386537655e-05,10.078888864094825,20.715880775110087,nan,nan,nan
53.08,213.16319274902344,-184.4525909423828,-8.45036506652832,213.94957056518368,-184.98898745458575,-8.449834655737467,0.9518989281368242,0.5044783654860626,0.1039162656733824,3.503297612358812e-05,10.032371594027119,21.13360609366531,nan,1.4618789336837437,nan
53.09,213.15493774414062,-184.4442138671875,-8.453149795532227,213.94157001803146,-184.98070723389893,-8.45269405908174,0.9521636805443336,0.504528899680534,0.10393258489315721,3.573745262445835e-05,9.996912375454572,20.512567561109513,nan,nan,nan
53.1,213.1466827392578,-184.4358367919922,-8.45592212677002,213.90409588448892,-184.9611443788356,-8.455757383365006,0.9217498361836161,0.5044662497524641,0.10392489376519003,3.501590876665308e-05,10.059710760045897,19.944139054047465,7.75246712852939,0.0389549282443603,nan
53.11,213.138427734375,-184.42745971679688,-8.458662033081055,213.89604333549008,-184.9528512620408,-8.458608972453005,0.9219640327486747,0.5045165719014588,0.10394123113523511,3.5719913000464756e-05,10.026095469615653,19.837781778831616,nan,nan,nan
53.120000000000005,213.1301727294922,-184.41908264160156,-8.461358070373535,213.88798934134888,-184.9445589426537,-8.460640855680335,0.922177789024617,0.5045669793734786,0.10395763162615831,3.502036781455065e-05,10.007972338118627,19.795842006275485,nan,0.4318025363519846,nan
53.13,213.1219024658203,-184.4107208251953,-8.464006423950195,213.87993470381622,-184.93626662679975,-8.463402618309276,0.9223945077928337,0.5046174723138716,0.10397409538317119,3.572477974666518e-05,9.96892035437426,20.580769033814434,nan,nan,nan
53.14,213.1136474609375,-184.40234375,-8.466605186462402,213.8718793271908,-184.92797455353283,-8.466579196998136,0.9226067988585412,0.5046680508663799,0.10399062255001285,3.502524707441468e-05,9.92638498099525,19.576965295621804,nan,0.15109009960604067,nan
53.15,213.1053924560547,-184.3939666748047,-8.46915340423584,213.84024142902823,-184.9069320757403,-8.469367706198605,0.8961788669471145,0.5046052759456611,0.10398296132342794,3.57080890221636e-05,9.634810053717855,19.188691319611838,7.388919639804591,nan,nan
53.160000000000004,213.0971221923828,-184.38560485839844,-8.471651077270508,213.8321441723528,-184.89861366629844,-8.471917566217018,0.8963455912974323,0.5046556420982817,0.10399950603043527,3.500938386243976e-05,9.601330600576487,20.034159504099286,nan,0.003710057310281052,nan
53.17,213.0888671875,-184.37722778320312,-8.474099159240723,213.82404592465775,-184.8902954694497,-8.474490516910762,0.8965078802777585,0.504706093648008,0.1040161142180194,3.571373782949662e-05,9.571526137316734,19.08058170339082,nan,nan,nan
53.18,213.08059692382812,-184.3688507080078,-8.476499557495117,213.81594645793996,-184.88197803555974,-8.476123625011418,0.8966820690324446,0.5047566307388897,0.10403278602972633,3.5014992161297856e-05,9.538798355464849,19.308982930470936,nan,0.561107233402771,nan
53.19,213.07232666015625,-184.36048889160156,-8.478851318359375,213.80784650871522,-184.87366028104375,-8.478592610346036,0.8968469153072164,0.5048072535158128,0.10404952161106064,3.571975552314532e-05,9.502938313095106,19.830582929114037,nan,nan,nan
53.2,213.06407165527344,-184.35211181640625,-8.481157302856445,213.8018882900917,-184.8588780723065,-8.479686771335277,0.8950908262275306,0.5047443539093855,0.10404188621169913,3.4999812855491475e-05,8.89697138033138,18.859708414344997,6.372656832114868,1.145643915929055,nan
53.21,213.05580139160156,-184.34375,-8.483416557312012,213.79379030992297,-184.8505299624768,-8.482050579246849,0.8952404368823265,0.5047947639321759,0.10405863870139134,3.570411184196839e-05,8.853896157106437,19.73314063279013,nan,nan,nan
53.22,213.0475311279297,-184.3353729248047,-8.485630989074707,213.7856910035689,-184.8421826788909,-8.48360466047664,0.8953994833861696,0.5048452594243747,0.10407545502589591,3.5006047444217605e-05,8.886899355026431,19.15056846888341,nan,0.41346910437841833,nan
53.230000000000004,213.0392608642578,-184.32701110839844,-8.487801551818848,213.77759081105071,-184.8338352469939,-8.485872937114067,0.8955476186942466,0.5048958405306746,0.10409233533090823,3.5710760386632215e-05,8.840612970675418,19.619279121553134,nan,nan,nan
53.24,213.03099060058594,-184.31863403320312,-8.489928245544434,213.76948965479036,-184.82548815119983,-8.487862345628512,0.8957043138968994,0.5049465073954177,0.10410927975968469,3.5012578291213834e-05,8.826688590570038,19.04768157955924,nan,0.03933973286892695,nan
53.25,213.02272033691406,-184.3102569580078,-8.492012977600098,213.7435841941671,-184.80609780669494,-8.490077760974211,0.8749323362317237,0.5048834834118512,0.10410166607729104,3.5695706548913665e-05,8.478799291723211,18.759440683370862,5.042387341842475,nan,nan
53.26,213.0144500732422,-184.30189514160156,-8.494056701660156,213.7354510682585,-184.79772519494455,-8.490788387153353,0.8750431752161338,0.5049339371686589,0.10411862676108238,3.4998229839384855e-05,8.646322796483403,19.45337969409184,nan,1.4447067486075011,nan
53.27,213.0061798095703,-184.29351806640625,-8.49605941772461,213.72731741697635,-184.78935166062126,-8.492874808732214,0.875157439379861,0.5049844764669233,0.1041356516326624,3.57028908694886e-05,8.59383464986976,18.816068828890767,nan,nan,nan
53.28,212.99789428710938,-184.28515625,-8.498022079467773,213.7191833677925,-184.7809771044174,-8.49655448232831,0.8752704790116456,0.5050351014510913,0.10415274083510667,3.500525864528004e-05,8.33834495127632,19.454538634774757,nan,1.8819533334122596,nan
53.29,212.9896240234375,-184.2767791748047,-8.499944686889648,213.7110482875674,-184.7726038989841,-8.49857888128148,0.8753839108687742,0.5050858122656982,0.10416989451438612,3.5710329738921404e-05,8.298053623402119,18.503972807315485,nan,nan,nan
53.300000000000004,212.98135375976562,-184.26841735839844,-8.501830101013184,213.7113450165163,-184.77091278688206,-8.500082464113177,0.8862234169858718,0.5050226642139015,0.10416229840100094,3.4991374109484105e-05,8.584239348529245,19.142691004691596,2.453011026524225,0.24086381014810257,nan
53.31,212.9730682373047,-184.26004028320312,-8.503678321838379,213.7032218685511,-184.76255833550377,-8.502028571915256,0.8863698098340106,0.5050731615670804,0.10417946766094763,3.5695979437222586e-05,8.542119409353637,18.836933123224483,nan,nan,nan
53.32,212.9647979736328,-184.25167846679688,-8.505488395690918,213.69509778439388,-184.75420433673705,-8.503328057695498,0.886495758939112,0.5051237445328577,0.10419670145528016,3.4998820147130994e-05,8.567547743193415,19.154704319784596,nan,0.26330288684450953,nan
53.33,212.95651245117188,-184.24330139160156,-8.50726318359375,213.68697287423612,-184.74584973873021,-8.505196792057575,0.8866405928215306,0.505174413255735,0.1042139999301352,3.5703837151200385e-05,8.523007830130291,18.83451875723001,nan,nan,nan
53.34,212.94822692871094,-184.2349395751953,-8.509002685546875,213.67884700047085,-184.73749432481355,-8.508048919578084,0.8867738580336254,0.5052251678802112,0.10423136322833546,3.5006465710045584e-05,8.39750955446107,19.241772824277486,nan,0.731600855541762,nan
53.35,212.93995666503906,-184.22657775878906,-8.51070785522461,213.68245249737836,-184.73694342314306,-8.509764909061584,0.9009850506752017,0.5051618960700961,0.10422378050636188,3.568987586539306e-05,8.629734433308299,18.912707829743457,2.885712652580297,nan,nan
53.36,212.93167114257812,-184.21820068359375,-8.512378692626953,213.6743441922132,-184.72860860885328,-8.511675881014215,0.9011548162031642,0.5052124368800566,0.10424115869007197,3.4993122356098433e-05,8.588781886484114,18.66647758017535,nan,0.013042094055672679,nan
53.370000000000005,212.9233856201172,-184.2098388671875,-8.514127731323242,213.6662347927993,-184.72027389199442,-8.513476092763387,0.9013152792097431,0.5052630633730645,0.10425860175441105,3.5698078738618086e-05,8.555292905985437,19.244495418212107,nan,nan,nan
53.38,212.91510009765625,-184.2014617919922,-8.51595687866211,213.65812410755314,-184.71193774274843,-8.516926886659268,0.9014828431530204,0.5053137756936004,0.10427610984205532,3.5001087572165406e-05,8.54041937189726,18.576269934311725,nan,1.7423741997984235,nan
53.39,212.9068145751953,-184.19309997558594,-8.517862319946289,213.65001278156242,-184.7036028947496,-8.5189012530436,0.901641771328218,0.505364573986193,0.10429368309936596,3.5706448305353404e-05,8.51279794891285,19.155940745069525,nan,nan,nan
53.4,212.89852905273438,-184.18472290039062,-8.519844055175781,213.64341020064657,-184.68992555549053,-8.519879990892465,0.9000431370364212,0.5053011787285476,0.10428610955811811,3.498804020307556e-05,7.98942843035516,18.570071085998148,3.630079346299977,0.84909315737833,nan
53.410000000000004,212.89024353027344,-184.17636108398438,-8.52190113067627,213.6353003859765,-184.68156695454581,-8.521998726646986,0.900190368424846,0.5053517628539514,0.10430369698547885,3.569292814160914e-05,7.95897195175409,19.110931354546988,nan,nan,nan
53.42,212.8819580078125,-184.16798400878906,-8.524033546447754,213.6271899840519,-184.67320895893437,-8.523554240459475,0.900346143654346,0.5054024327320646,0.10432134963255243,3.4996263377420894e-05,7.935941653071493,18.474755484959974,nan,0.2885967893199034,nan
53.43,212.87367248535156,-184.1596221923828,-8.526239395141602,213.61907877623383,-184.6648505043906,-8.525817817593623,0.9004922895109918,0.5054531885074736,0.104339067645825,3.570155558380214e-05,7.903983088950247,19.031372036516338,nan,nan,nan
53.44,212.86537170410156,-184.15126037597656,-8.528518676757812,213.61096707138546,-184.65649291055612,-8.527309193650147,0.9006518908891971,0.5055040303245736,0.10435685116778046,3.500461295553843e-05,7.910102947755699,19.365683335280632,nan,0.5059317717611334,nan
53.45,212.85708618164062,-184.14288330078125,-8.530869483947754,213.59836191011254,-184.65141516677866,-8.52971239608103,0.8989414348046905,0.5054405119312714,0.10434928257314384,3.5688273682177806e-05,8.295719411964804,18.377796972715426,2.60333148148031,nan,nan
53.46,212.8488006591797,-184.134521484375,-8.53329086303711,213.59024085100302,-184.64307707381295,-8.530830067592337,0.8990930992471327,0.5054911392289114,0.10436707952962618,3.499188910112092e-05,8.401395985222367,19.081316654802126,nan,1.3029602804851443,nan
53.47,212.8404998779297,-184.12615966796875,-8.535782814025879,213.58211866136924,-184.63473792342822,-8.533363983015834,0.8992530859663523,0.5055418523483669,0.10438494204528269,3.569710351392481e-05,8.362038548337582,19.366011431861658,nan,nan,nan
53.480000000000004,212.83221435546875,-184.11778259277344,-8.538344383239746,213.57399562875395,-184.6263990421013,-8.535947037645345,0.8994086374887608,0.50559265143395,0.10440287026249537,3.500042525529536e-05,8.33401408987818,18.424188096855506,nan,0.00032879111604353724,nan
53.49,212.8239288330078,-184.1094207763672,-8.540974617004395,213.5658717202525,-184.61806025651032,-8.538621347214722,0.8995548380015214,0.505643536630372,0.10442086432790826,3.570603479519533e-05,8.29551853490954,18.931815972029522,nan,nan,nan
53.5,212.8156280517578,-184.10105895996094,-8.543673515319824,213.56621306951007,-184.6089976592392,-8.541110029643264,0.9063035708621431,0.5055798954141445,0.10441329641735908,3.4987873563930904e-05,7.991053534331517,19.414688655778072,2.18041367869694,0.06881355502190559,nan
53.51,212.80734252929688,-184.09268188476562,-8.546438217163086,213.5581023931304,-184.60064666316063,-8.543919874247228,0.9064628681221754,0.5056305657393269,0.10443130316218249,3.569300036214065e-05,7.953010802729968,18.52829495455289,nan,nan,nan
53.52,212.79904174804688,-184.08432006835938,-8.549234390258789,213.5499904028555,-184.5922941418826,-8.54861928717143,0.9066211556557099,0.5056813219543403,0.1044493757979099,3.49965505512005e-05,7.756746814650688,19.27390957406316,nan,2.3888077915024706,nan
53.53,212.79074096679688,-184.07595825195312,-8.552020072937012,213.54187841169116,-184.58394331296816,-8.551508853662336,0.9067836261655299,0.5057321642039958,0.10446751447126384,3.570207161782139e-05,7.724017418855668,19.120827336491708,nan,nan,nan
53.54,212.78245544433594,-184.06759643554688,-8.554771423339844,213.5337656802231,-184.57559214495592,-8.555010523430157,0.9069326151901654,0.5057830926324562,0.10448571932450358,3.5005300677193255e-05,7.689719278394461,18.737975505087185,nan,0.28366945569165714,nan
53.550000000000004,212.77415466308594,-184.05921936035156,-8.557478904724121,213.50843234045473,-184.56424477793743,-8.557769082383361,0.8911871094741931,0.5057193289075922,0.10447814781796468,3.568916647881277e-05,7.982877108508255,18.188392175989712,3.8636336369050492,nan,nan
53.56,212.76585388183594,-184.0508575439453,-8.560137748718262,213.50028897881944,-184.55590075954242,-8.561208815840386,0.8913274978853841,0.5057700421134583,0.1044963645761947,3.499291498908964e-05,7.984472924234347,18.71020103014625,nan,0.298344218681096,nan
53.57,212.757568359375,-184.04249572753906,-8.56274700164795,213.49214520556728,-184.54755751706537,-8.563956831326331,0.8914550004846958,0.5058208412770494,0.10451464755794752,3.5698337244772e-05,7.964493023071987,18.27461781323533,nan,nan,nan
53.58,212.749267578125,-184.0341339111328,-8.56530475616455,213.48400096692663,-184.53921497312382,-8.566185714802318,0.891594531101448,0.5058717265424204,0.10453299690542708,3.500175621062337e-05,7.917147288197727,18.54357131737513,nan,0.15572143958578794,nan
53.59,212.740966796875,-184.02577209472656,-8.5678129196167,213.4758560925058,-184.53087228038763,-8.568829958094202,0.8917339899066598,0.5059226980545443,0.10455141276544389,3.5707562941231704e-05,7.895576930138264,18.439017651892513,nan,nan,nan
53.6,212.732666015625,-184.0174102783203,-8.570271492004395,213.45538427919283,-184.5171185820121,-8.574217255139242,0.8786612807673605,0.5058588121358871,0.10454383335920009,3.49894551290501e-05,8.26905295802313,18.6226986821874,1.447730252629309,5.635882240734036,nan
53.61,212.724365234375,-184.009033203125,-8.572681427001953,213.4472175040679,-184.50876765430948,-8.576791855931395,0.8787871307244011,0.5059095680746108,0.10456226033091169,3.5694768193496174e-05,8.270456791827378,18.00204613261991,nan,nan,nan
53.620000000000005,212.716064453125,-184.00067138671875,-8.575043678283691,213.43905026391283,-184.5004174352425,-8.578880050815247,0.878902334375009,0.5059604100373684,0.10458075385069364,3.499835467101469e-05,8.18967734793557,18.399746270916868,nan,0.1361831388813335,nan
53.63,212.707763671875,-183.9923095703125,-8.57735824584961,213.4308821437491,-184.4920670543494,-8.581356647514509,0.8790186883293825,0.5060113381692423,0.10459931406538955,3.5704051218146114e-05,8.189103205100931,18.383408978667862,nan,nan,nan
53.64,212.699462890625,-183.98394775390625,-8.57962703704834,213.42271461748595,-184.48371929971051,-8.581125962942378,0.8791284918496092,0.5060623526141229,0.10461794111714874,3.5007290280711285e-05,7.777844364818206,17.90134381119647,nan,5.0011178994425745,nan
53.65,212.691162109375,-183.9755859375,-8.5818510055542,213.4428021770357,-184.490812520448,-8.583586481648455,0.9112761573565578,0.5059983448187101,0.10461034949543821,3.569131062707371e-05,8.086802330768581,18.23068715651058,9.832662166747074,nan,nan
53.660000000000004,212.682861328125,-183.96722412109375,-8.584030151367188,213.43467906138451,-184.48249475434494,-8.58607255848707,0.9114482437096477,0.5060491433398493,0.1046289868470601,3.499504644540063e-05,8.094420459087596,18.221884192499026,nan,0.01993583423900966,nan
53.67,212.674560546875,-183.9588623046875,-8.586165428161621,213.42655532900147,-184.4741772894974,-8.588349413530214,0.9116196880866223,0.5061000279517497,0.10464769107247326,3.5700622537486114e-05,8.081770333937193,18.179014033095953,nan,nan,nan
53.68,212.666259765625,-183.95050048828125,-8.588258743286133,213.4184315560569,-184.4658606370364,-8.589598304724909,0.9117896027435887,0.5061509987981954,0.10466646231381485,3.5004007976417845e-05,7.972490916988484,18.00333386202698,nan,0.6860967759629036,nan
53.69,212.65794372558594,-183.942138671875,-8.590311050415039,213.41030690029444,-184.45754295895765,-8.591781980882105,0.9119726363422708,0.5062020560244292,0.10468530071795153,3.570995789337998e-05,7.95452701517282,18.267583814871987,nan,nan,nan
53.7,212.64964294433594,-183.93377685546875,-8.592321395874023,213.41375855710004,-184.4559106033911,-8.595181181702488,0.9254752826328057,0.5061379266694456,0.10467769254622761,3.499179010222545e-05,8.267943793110915,18.217032788042427,2.3476375884947878,1.3388571429234901,nan
53.71,212.64134216308594,-183.9254150390625,-8.594291687011719,213.40565218117078,-184.4476072716187,-8.597296318535198,0.925669249406863,0.5061887676221899,0.1046965404202465,3.569723575637565e-05,8.260604688655448,18.17470546067484,nan,nan,nan
53.72,212.63304138183594,-183.91705322265625,-8.596223831176758,213.39970200572995,-184.43580031048998,-8.600429414996055,0.9256806902495013,0.5059087156677337,0.10384292531805463,3.50007285860204e-05,10.702226848242402,20.508634607072267,nan,0.7874076351425954,0.014061239863206365
53.730000000000004,212.62472534179688,-183.90869140625,-8.598115921020508,213.39159755795674,-184.42749005247768,-8.602478585352948,0.9258855566892151,0.5059587543525527,0.10385835929845678,3.5706546822454186e-05,10.693036077980665,20.89668371997283,nan,nan,nan
53.74,212.61642456054688,-183.90032958984375,-8.599971771240234,213.38349261088266,-184.4191793869449,-8.604408508986962,0.9260767735126916,0.506008878034623,0.10387385354363736,3.500970628850576e-05,10.68615292463809,20.41796838178961,nan,0.004758047218387665,nan
53.75,212.6081085205078,-183.8919677734375,-8.601789474487305,213.38348977941763,-184.4161782448482,-8.60641166480437,0.9359669223046966,0.5059463091711504,0.1038657089062476,3.569383130777929e-05,10.898895982324595,20.963776426480585,1.340916005207987,nan,nan
53.76,212.5998077392578,-183.88360595703125,-8.603571891784668,213.3754008877391,-184.40787698252873,-8.606904005479487,0.9361708941902434,0.5059962221964415,0.1038812216124895,3.499747619972075e-05,10.58200438547617,20.19125728105308,nan,1.4792895147623248,nan
53.77,212.59149169921875,-183.875244140625,-8.605318069458008,213.36730670908295,-184.3995805289409,-8.608794345519033,0.9363918315203369,0.5060462200374515,0.10389679471492115,3.570315386543924e-05,10.567145469423577,20.53976728104014,nan,nan,nan
53.78,212.58319091796875,-183.86688232421875,-8.607029914855957,213.35921405612768,-184.39128162318326,-8.609887797262056,0.9365974072163326,0.5060963028109752,0.10391242832817688,3.5006438262317086e-05,10.426700962062625,19.974945958945963,nan,0.4106578772855688,nan
53.79,212.5748748779297,-183.8585205078125,-8.608707427978516,213.35111830953488,-184.38298510080656,-8.611702829221628,0.9368169227993516,0.5061464706889391,0.10392812262601411,3.57124800446142e-05,10.408842354393265,20.295192083033783,nan,nan,nan
53.800000000000004,212.56655883789062,-183.8501434326172,-8.610464096069336,213.36996694705687,-184.3902608809564,-8.61445537688394,0.9680947155093181,0.5060837890340506,0.10392002575422721,3.499419774691419e-05,11.040075182737448,20.625326563409622,10.430191245027153,0.5195348713696833,nan
53.81,212.55825805664062,-183.84178161621094,-8.612298965454102,213.3619142356232,-184.3820010417895,-8.61638319002161,0.9683578691163823,0.506133745938953,0.10393573806702018,3.569972583002475e-05,11.01780885773527,20.662080939003324,nan,nan,nan
53.82,212.54994201660156,-183.8334197998047,-8.614211082458496,213.35386910850212,-184.37373315580004,-8.615738097631146,0.9686277012010297,0.5061837877109016,0.10395151113296015,3.500312937613193e-05,10.58236934156706,20.634987101976183,nan,4.964389835932887,nan
53.83,212.5416259765625,-183.82505798339844,-8.616199493408203,213.34581557618463,-184.3654733253554,-8.617796331068734,0.9689025770702535,0.5062339145204737,0.10396734512333015,3.5709021397029656e-05,10.552472805440152,20.629365919254564,nan,nan,nan
53.84,212.53330993652344,-183.8166961669922,-8.618264198303223,213.3377573264795,-184.35721788306415,-8.621378751713968,0.9691795649906463,0.5062841264863905,0.10398324015641776,3.501205827013659e-05,10.723564600590791,20.77075218876892,nan,1.4776726387518853,nan
53.85,212.52500915527344,-183.80833435058594,-8.620402336120605,213.35370681922288,-184.354914989989,-8.623667798077749,0.9927239681035778,0.5062213322411665,0.10397518741483548,3.569624419796428e-05,10.337281920742765,20.947465502359144,7.036266036910594,nan,nan
53.86,212.51669311523438,-183.7999725341797,-8.622614860534668,213.3456966607495,-184.3466477211544,-8.624791085108706,0.9930283855378317,0.5062713329179729,0.10399109999429598,3.499976302124276e-05,10.139402535796476,21.122761965927403,nan,0.9816275263796355,nan
53.870000000000005,212.5083770751953,-183.79161071777344,-8.624899864196777,213.3376823957843,-184.33838407868956,-8.62715592383668,0.9933345422212044,0.5063214185648266,0.104007073734438,3.5705496970133195e-05,10.112326109606814,21.099762279982716,nan,nan,nan
53.88,212.50006103515625,-183.7832489013672,-8.627256393432617,213.3296675686594,-184.33012060981372,-8.62961184427817,0.993640384686045,0.5063715893018277,0.10402310875587019,3.5008652566233486e-05,10.094094520137018,21.08810690184078,nan,0.00022455265287162112,nan
53.89,212.4917449951172,-183.77488708496094,-8.629684448242188,213.32165240501175,-184.321857207259,-8.632122487011278,0.9939459581474711,0.5064218452975724,0.10403920522644576,3.571474231352304e-05,10.068030389476789,21.03131729846351,nan,nan,nan
53.9,212.48342895507812,-183.76654052734375,-8.632182121276855,213.3306004315851,-184.3142606054331,-8.63370105545835,1.0088107363179102,0.5063589386106198,0.10403119287130508,3.4996327122840116e-05,9.356637496383211,21.78449629091365,8.254736106782962,0.5502621700946922,nan
53.910000000000004,212.47511291503906,-183.7581787109375,-8.634749412536621,213.3226144955479,-184.30597842408145,-8.63634270548626,1.0091313062570115,0.5064089829999215,0.10404730639499578,3.5701895257948953e-05,9.327840640260934,21.19113489204046,nan,nan,nan
53.92,212.466796875,-183.74981689453125,-8.637385368347168,213.31462392406218,-184.29770069216102,-8.640608732826987,1.0094541846489418,0.5064591124124287,0.10406348143483085,3.500516821115322e-05,9.519735119166658,21.35658805858795,nan,1.7063756050986831,nan
53.93,212.45848083496094,-183.741455078125,-8.640089988708496,213.306637412341,-184.28941888781705,-8.643404497578027,1.0097746790518745,0.5065093270153472,0.10407971815649958,3.571109261249186e-05,9.496901737874248,21.268451283568567,nan,nan,nan
53.94,212.45016479492188,-183.73309326171875,-8.642860412597656,213.29864950649005,-184.2811383424277,-8.646601212773621,1.0100958914084233,0.5065596269307819,0.10409601668380995,3.501399923187086e-05,9.55545499906898,21.35830600090587,nan,0.0780278976845572,nan
53.95,212.4418487548828,-183.7247314453125,-8.645662307739258,213.3032594135262,-184.27235987618909,-8.649456207348075,1.0207544341334198,0.5064966079986934,0.10408804096629627,3.569820871656409e-05,9.040106924134713,21.626352659028374,5.60742557137319,nan,nan
53.96,212.43353271484375,-183.71636962890625,-8.648451805114746,213.29529454857496,-184.26406017479493,-8.652307288905941,1.0210843534629663,0.5065466959906413,0.10410435603144388,3.500159878201105e-05,9.028319321249207,21.570798217474035,nan,0.004054759737458695,nan
53.97,212.42520141601562,-183.7080078125,-8.65120792388916,213.28732924815225,-184.25576091104682,-8.655211243924166,1.0214273750411906,0.5065968691039257,0.10412073300753094,3.5707350870932286e-05,9.018826050846496,21.96452250146463,nan,nan,nan
53.980000000000004,212.41688537597656,-183.69964599609375,-8.65392017364502,213.27936291722432,-184.24746271706684,-8.658390414771823,1.0217586074950449,0.5066471274620344,0.10413717202037015,3.50103796232721e-05,9.107845343537136,21.519300721058134,nan,0.06921780061345116,nan
53.99,212.4085693359375,-183.69129943847656,-8.656583786010742,213.271397265536,-184.23916386135082,-8.661214247688497,1.0220806734900705,0.5066974712301711,0.10415367323268458,3.571648083474492e-05,9.103312762400716,22.027990782091464,nan,nan,nan
54.0,212.40025329589844,-183.6829376220703,-8.659197807312012,213.26828476053186,-184.2374748383605,-8.663973011079218,1.0300548288394766,0.5066343402040735,0.10414573031230848,3.4997941008654066e-05,9.538510073855258,21.635437729900232,3.8092787124651246,0.012881304179194872,nan
54.01,212.39193725585938,-183.67457580566406,-8.661760330200195,213.26032568223295,-184.22919994988933,-8.66670003210393,1.030403222564875,0.5066844717304602,0.10416224752331134,3.5703514402558615e-05,9.53814701320125,21.632466110640294,nan,nan,nan
54.02,212.3836212158203,-183.6662139892578,-8.66427230834961,213.25236796247705,-184.22092371537713,-8.668759850182472,1.0307492071836557,0.5067346884332244,0.1041788269984698,3.500666652466875e-05,9.39789287905846,21.44223688459676,nan,0.2692891882860554,nan
54.03,212.3752899169922,-183.65785217285156,-8.666735649108887,213.2444083650806,-184.21264916052073,-8.671382155378208,1.0311101611151465,0.5067849904762086,0.10419546889866102,3.5712590179603836e-05,9.394709003327215,21.8178994388585,nan,nan,nan
54.04,212.36697387695312,-183.64950561523438,-8.669149398803711,213.23644779880962,-184.20437550712765,-8.674241552201192,1.031451127172003,0.5068353779848768,0.1042121733524305,3.501537966567545e-05,9.497602917561267,21.958860917610174,nan,0.05739884932797385,nan
54.050000000000004,212.35865783691406,-183.64114379882812,-8.671514511108398,213.23041241704638,-184.19682161025673,-8.676817616738932,1.03380946069626,0.5067721350574116,0.10420425937888239,3.5699583195955285e-05,9.522563715611042,21.540271641842242,0.13015544016327818,nan,nan
54.06,212.350341796875,-183.63278198242188,-8.673833847045898,213.22245473279267,-184.18854884314064,-8.679479990480667,1.0341613294857877,0.5068223100063785,0.10422097927064958,3.500286046219e-05,9.61412244685139,21.51172228996569,nan,0.022438420038266634,nan
54.07,212.34201049804688,-183.62442016601562,-8.676106452941895,213.21449702678476,-184.1802758262515,-8.68192021248086,1.034525039641526,0.5068725702250294,0.10423776180943486,3.570860093704594e-05,9.618121252890361,21.953963874746464,nan,nan,nan
54.08,212.3336944580078,-183.61607360839844,-8.678333282470703,213.2065368682259,-184.1720046932696,-8.685067602306473,1.0348712940578606,0.5069229158401539,0.10425460712547298,3.5011521427312664e-05,9.9345012763521,22.260441747359163,nan,0.3990589329180087,nan
54.09,212.32537841796875,-183.6077117919922,-8.680516242980957,213.19857794472452,-184.16373200514423,-8.687426512983809,1.0352215428552722,0.5069733470136636,0.10427151537713866,3.571760600283498e-05,9.945183897057866,21.66418265519308,nan,nan,nan
54.1,212.31704711914062,-183.59934997558594,-8.682656288146973,213.19957195112565,-184.15232647816475,-8.689837439308926,1.0414819539514368,0.5069099923389793,0.10426362642352752,3.4998964016313356e-05,9.506535629368386,22.498659317257978,6.795732886262117,0.0006949382541791281,nan
54.11,212.30873107910156,-183.5909881591797,-8.684752464294434,213.19162886361568,-184.1440293085175,-8.692113509492154,1.0418335739201465,0.5069602106337128,0.10428054952945366,3.57045162381258e-05,9.520022133661001,22.026422321998812,nan,nan,nan
54.120000000000005,212.30039978027344,-183.5826416015625,-8.686807632446289,213.18368908282147,-184.13572895488738,-8.692826456600503,1.042181288763102,0.5070105142549486,0.10429753563261754,3.500757024576007e-05,9.005007504555417,22.47261291747854,nan,1.6353092478785007,nan
54.13,212.29208374023438,-183.57427978515625,-8.688821792602539,213.1757451448928,-184.12743176884592,-8.695006213845117,1.0425319382200378,0.5070609033633185,0.10431458488985772,3.571346834030977e-05,9.010787878067688,21.381839104249718,nan,nan,nan
54.14,212.28375244140625,-183.56591796875,-8.6907958984375,213.16779927687327,-184.1191359359025,-8.697762125880804,1.042898583182656,0.5071113780874803,0.10433169743368599,3.501616509458095e-05,9.295056527221101,22.098642316973983,nan,0.2673387965456235,nan
54.15,212.2754364013672,-183.55755615234375,-8.692730903625488,213.1790726758117,-184.1367769065988,-8.699869189402094,1.0733620795312306,0.5070479118549398,0.10432382956003897,3.5700340883114115e-05,10.843454660432384,22.367470681827992,44.81087447103039,nan,nan
54.160000000000004,212.26710510253906,-183.54920959472656,-8.694626808166504,213.1711572172811,-184.12856797736478,-8.701194883932324,1.0737827998817888,0.5070981733815634,0.10434095635335301,3.500353104648876e-05,10.617440231061229,23.08091577815461,nan,0.39048112728724393,nan
54.17,212.2587890625,-183.5408477783203,-8.696484565734863,213.16323966802202,-184.12036045473963,-8.703219820563662,1.074202589653099,0.5071485203233532,0.10435814651563281,3.57092382727981e-05,10.626218766214828,22.105650117421263,nan,nan,nan
54.18,212.25045776367188,-183.53248596191406,-8.6983060836792,213.15532326520864,-184.11215148257966,-8.704479190096661,1.0746310059563409,0.5071989528101921,0.10437540018077827,3.5012077359563514e-05,10.414696514735063,22.293359996333397,nan,0.37515154574857634,nan
54.19,212.2421417236328,-183.52413940429688,-8.700091361999512,213.14740477621285,-184.10394381305113,-8.706424820541011,1.0750416082526766,0.5072494710009192,0.10439271750356917,3.57181251965017e-05,10.419096477287521,22.2306462882984,nan,nan,nan
54.2,212.2338104248047,-183.51577758789062,-8.7018404006958,213.1248098371045,-184.08342956994994,-8.70790936809003,1.056477902191855,0.5071858933680446,0.10438486670682588,3.4999409966865545e-05,9.791413944261732,21.57104884214929,7.122497897578111,0.12290729254268504,nan
54.21,212.22547912597656,-183.50741577148438,-8.7035551071167,213.11686731885203,-184.0751864657172,-8.70978169474969,1.0568704944414722,0.5072361980414652,0.10440219765211668,3.5704922426170896e-05,9.795430928642263,21.512613075959337,nan,nan,nan
54.22,212.2171630859375,-183.49905395507812,-8.705235481262207,213.10892182306597,-184.06694563694703,-8.712809203412013,1.057256813100797,0.5072865881884293,0.10441959231288357,3.5007906711121866e-05,10.319287678607738,21.514837521983875,nan,0.997081991800805,nan
54.230000000000004,212.20883178710938,-183.49070739746094,-8.706995010375977,213.10097855264917,-184.0587028604145,-8.714683448420384,1.0576406806087415,0.5073370639666123,0.10443705084266008,3.5713762112873144e-05,10.305503019597253,22.439796833279352,nan,nan,nan
54.24,212.20050048828125,-183.4823455810547,-8.708832740783691,213.09303423280969,-184.05046059850378,-8.716935518718223,1.0580344102076193,0.5073876255076025,0.1044545733771957,3.501639503938765e-05,10.49629589952965,22.097439188307266,nan,0.06278906046257604,nan
54.25,212.19216918945312,-183.47398376464844,-8.710747718811035,213.08406021176057,-184.0492444768298,-8.718971791307595,1.0613491970225801,0.5073239366612396,0.10444673563938742,3.57005283391931e-05,11.126902310649943,22.18432392704622,6.21152735844675,nan,nan
54.26,212.18385314941406,-183.46563720703125,-8.712738990783691,213.07611340196408,-184.04103230091044,-8.72055155131884,1.0617292067391677,0.5073742843654543,0.10446427114893345,3.5003660538882756e-05,10.946825219928586,21.96668261973838,nan,0.2008776735478577,nan
54.27,212.17552185058594,-183.457275390625,-8.714805603027344,213.06816512628922,-184.0328209698813,-8.72273615930966,1.0621335251194626,0.507424717627511,0.10448187073530794,3.57093201874705e-05,10.936019108593342,21.939001071271083,nan,nan,nan
54.28,212.1671905517578,-183.44891357421875,-8.716946601867676,213.0602176667784,-184.02460862350452,-8.724394151727394,1.0625336154367426,0.5074752365800951,0.10449953453537177,3.5012107171882666e-05,10.73069116720251,21.713075473199716,nan,0.25608920604565627,nan
54.29,212.1588592529297,-183.4405517578125,-8.719161033630371,213.05226869726738,-184.0163973017466,-8.726723622010468,1.0629373069205645,0.5075258413792707,0.10451726270100822,3.571810527319519e-05,10.719587345612785,21.688350073113522,nan,nan,nan
54.300000000000004,212.15052795410156,-183.4322052001953,-8.72144889831543,213.0492151848762,-184.01057631036,-8.728838888554776,1.068740610151152,0.5074620414805566,0.10450943395303505,3.4999346824036865e-05,10.701211703848944,22.216510716697087,0.32439950787775423,0.04220942828003334,nan
54.31,212.14219665527344,-183.42384338378906,-8.723808288574219,213.04127400106975,-184.00236934341712,-8.73131240452604,1.069153249746697,0.5075124321226123,0.10452717442481993,3.5704807813862226e-05,10.690129333939247,21.73194779386804,nan,nan,nan
54.32,212.1338653564453,-183.4154815673828,-8.726238250732422,213.03333255291113,-183.99416250204143,-8.733858321502096,1.0695657656890454,0.5075629083874268,0.10454497931879088,3.642457649590386e-05,10.679374484089182,21.719022261201882,nan,nan,nan
54.33,212.12554931640625,-183.40713500976562,-8.728738784790039,213.02539088280884,-183.98595574841704,-8.736475797865358,1.0699570802093685,0.5076134704195001,0.1045628487794481,3.7158797370361754e-05,10.667827054395755,21.641921471959154,nan,nan,nan
54.34,212.11721801757812,-183.39877319335938,-8.731308937072754,213.0174489259911,-183.97774923662524,-8.739255632586259,1.0703700748373979,0.5076641183578835,0.10458078294806021,3.6375494665290795e-05,10.765425250468164,21.72910193677516,nan,0.005490296134662366,nan
54.35,212.10888671875,-183.39041137695312,-8.73394775390625,212.98043434905446,-183.95230554610245,-8.741898904604117,1.0370070154105786,0.5076002075919404,0.10457295910540004,3.708459403499805e-05,10.267812546229898,20.641750914480657,12.06992052977619,nan,nan
54.36,212.10055541992188,-183.38204956054688,-8.736653327941895,212.9724459264757,-183.94405913128975,-8.744084859298045,1.037353864736413,0.507650641053173,0.10459090489138126,3.630501027605914e-05,10.056666391900519,20.435145122278215,nan,0.2682129352590211,nan
54.370000000000005,212.09222412109375,-183.3737030029297,-8.739426612854004,212.9644562753074,-183.9358138833924,-8.746972327409038,1.0376967334375284,0.5077011602125325,0.10460891544823943,3.7035637859180534e-05,10.044151793427394,20.848916159678748,nan,nan,nan
54.38,212.08389282226562,-183.36534118652344,-8.742230415344238,212.95646891905258,-183.9275671400372,-8.74863839502497,1.0380405241087765,0.5077517652044533,0.10462699091473632,3.62587206207081e-05,9.611923813810098,19.928533005410085,nan,1.0618121032130583,nan
54.39,212.0755615234375,-183.35699462890625,-8.745022773742676,212.94847926241545,-183.9193222229724,-8.751573229840929,1.0383836528690575,0.5078024561832521,0.10464513144089187,3.698812225847912e-05,9.611077107969566,20.333282934257312,nan,nan,nan
54.4,212.06723022460938,-183.3486328125,-8.747780799865723,212.97810437208744,-183.9303760757222,-8.754488542801091,1.0808154008264277,0.5077384347147043,0.1046373083782301,3.6191276824652014e-05,10.02200648023089,21.125679426700962,15.278061351162767,0.00423442092315909,nan
54.410000000000004,212.05889892578125,-183.34027099609375,-8.750494956970215,212.97017657564462,-183.92216965110134,-8.757362601898821,1.0812401048735696,0.5077889108955135,0.10465545981239507,3.6918607012488276e-05,10.029713342369014,21.090258794586884,nan,nan,nan
54.42,212.05056762695312,-183.33192443847656,-8.75316047668457,212.96225101498,-183.91396172062747,-8.758825378116558,1.081649707126125,0.5078394728343681,0.10467367635426496,3.6147838887841304e-05,9.612260884195136,21.088028968617003,nan,1.2336062744008074,nan
54.43,212.042236328125,-183.3235626220703,-8.755775451660156,212.95432299227983,-183.90575566023628,-8.761592094967458,1.0820742349568102,0.5078901206845912,0.10469195815303448,3.687408663445806e-05,9.61567196570449,20.60799204176545,nan,nan,nan
54.44,212.03390502929688,-183.31521606445312,-8.758339881896973,212.9463946569262,-183.89754975363476,-8.764405105701922,1.0824909390044837,0.5079408545820838,0.10471030534869352,3.610581421219999e-05,9.689545711634066,21.10514936262914,nan,0.006074919808408432,nan
54.45,212.02557373046875,-183.30685424804688,-8.76085376739502,212.9343526924034,-183.88788635297462,-8.76682913303197,1.0786626968641626,0.5078767225958202,0.10470247892648547,3.6807782949868935e-05,9.64523220056047,20.343682338213977,2.7222363962812537,nan,nan
54.46,212.01724243164062,-183.2985076904297,-8.763318061828613,212.9264174879784,-183.87967894943515,-8.769278472317161,1.0790712867340944,0.5079272413748008,0.10472083630148736,3.604291149402331e-05,9.633646692603747,20.759087373760526,nan,0.018208493639681158,nan
54.47,212.0089111328125,-183.29014587402344,-8.76573371887207,212.91848212748806,-183.87147186266176,-8.771843439969267,1.0794890588205626,0.5079778459889531,0.10473925912712387,3.676627843188238e-05,9.637374414311854,20.278760674448407,nan,nan,nan
54.480000000000004,212.00057983398438,-183.28179931640625,-8.768101692199707,212.9105449962892,-183.86326616142816,-8.775469967959678,1.0799048939401252,0.5080285365750794,0.10475774754409363,3.600378350092628e-05,10.10303370607194,21.152652995576915,nan,0.8196248614127467,nan
54.49,211.99224853515625,-183.2734375,-8.770421981811523,212.90260958423121,-183.85505931052475,-8.777952101933886,1.0803230409743267,0.508079313285171,0.10477630170053646,3.67262593702239e-05,10.113354505790042,20.70754748932427,nan,nan,nan
54.5,211.98391723632812,-183.26507568359375,-8.772695541381836,212.88390725042095,-183.83930536499983,-8.781815997902106,1.0676164738339629,0.5080150709494918,0.10476846774719842,3.594394475002842e-05,10.621061291335344,21.055102908221464,2.2397217179777322,1.419304635322007,nan
54.51,211.9755859375,-183.25672912597656,-8.774924278259277,212.8759543513644,-183.8310793844482,-8.784221596274191,1.0680018446676152,0.5080656322199015,0.10478703133458299,3.666468818423746e-05,10.637646716520937,21.47048392583728,nan,nan,nan
54.52,211.96725463867188,-183.2483673095703,-8.777109146118164,212.86800238666495,-183.8228526511649,-8.785895310259608,1.0683899615318295,0.5081162793862319,0.10480566070416253,3.590770148487721e-05,10.404437121193302,20.720057349847167,nan,0.3170935490780371,nan
54.53,211.9589080810547,-183.24002075195312,-8.779250144958496,212.86004931699537,-183.81462653674,-8.78820711061058,1.0687878939513429,0.5081670125996615,0.10482435600347333,3.662767852209223e-05,10.417906680039671,21.661809337315766,nan,nan,nan
54.54,211.95057678222656,-183.23165893554688,-8.78134822845459,212.85209690098182,-183.80640004326753,-8.78991847643299,1.0691769332411127,0.5082178319981955,0.10484311737411332,3.587287360516637e-05,10.249784131586196,20.5056246700803,nan,0.2093829889073288,nan
54.550000000000004,211.94224548339844,-183.2233123779297,-8.783404350280762,212.86831965969714,-183.81058550719746,-8.792119990030919,1.0966216625361398,0.5081534794976968,0.1048352717054164,3.6569257729193376e-05,10.48282348753793,21.801008932825052,6.180773295134234,nan,nan
54.56,211.9339141845703,-183.21495056152344,-8.785420417785645,212.86040850322377,-183.8023825090247,-8.792423940099955,1.0970492535739098,0.5082040831356569,0.10485404173990015,3.58175034755337e-05,9.750237385120247,20.55367559408043,nan,2.377026045207239,nan
54.57,211.9255828857422,-183.20660400390625,-8.787395477294922,212.85249453682823,-183.7941813722708,-8.794548250502801,1.0974805396442475,0.5082547727431644,0.10487287789088527,3.653521532136319e-05,9.755332641406167,21.00029683339369,nan,nan,nan
54.58,211.91725158691406,-183.1982421875,-8.789331436157227,212.844579272259,-183.78598077885607,-8.79741255682523,1.097924675142922,0.508305548458955,0.10489178030047944,3.5785513827049984e-05,10.155289797583015,20.920339762062206,nan,0.40926727873893887,nan
54.59,211.90890502929688,-183.1898956298828,-8.791228294372559,212.83666490155073,-183.77777916196484,-8.799467752421926,1.0983684793941821,0.5083564104331255,0.10491074911545938,3.650262247423788e-05,10.16413485891148,21.8722490382387,nan,nan,nan
54.6,211.90057373046875,-183.18153381347656,-8.79308795928955,212.83214559264283,-183.7694604629757,-8.801705371077322,1.101616148833925,0.5082919479402914,0.10490288752348538,3.573308588287384e-05,10.264751799489996,21.174726141557745,0.29322884258211324,0.03984047772178003,nan
54.61,211.89224243164062,-183.17318725585938,-8.794910430908203,212.8242367401605,-183.76125464844102,-8.803688815545657,1.1020497762660562,0.5083425938324996,0.10492186421630874,3.644875041772529e-05,10.27536183791949,21.594039079653328,nan,nan,nan
54.620000000000005,211.8839111328125,-183.16482543945312,-8.796696662902832,212.81632618270746,-183.75304973937858,-8.806765963324196,1.1025003596844691,0.5083933257554217,0.10494090735147589,3.570387211829323e-05,10.976760369118947,21.81328687325345,nan,0.8648075402851518,nan
54.63,211.8755645751953,-183.15647888183594,-8.798447608947754,212.80841690697343,-183.74484380810574,-8.808689847372683,1.1029468086976382,0.5084441438585026,0.10496001707533766,3.6419039123678274e-05,10.991810713490269,22.73606673978522,nan,nan,nan
54.64,211.8672332763672,-183.1481170654297,-8.800163269042969,212.80050809447263,-183.7366372673941,-8.809871246572175,1.1033821455224286,0.5084950482814451,0.10497919353063719,3.5676010749233537e-05,10.729081510588154,21.470409858672753,nan,0.34049914850899554,nan
54.65,211.85890197753906,-183.1397705078125,-8.801844596862793,212.78645965670793,-183.72954241402365,-8.811732425684205,1.0992233252164376,0.5084304759814324,0.10497131179702518,3.636813164152622e-05,11.026975145277232,21.793721171499392,1.3347078620301402,nan,nan
54.660000000000004,211.85057067871094,-183.13140869140625,-8.80349349975586,212.77853777761527,-183.7213468512043,-8.8136091955955,1.0996600821786424,0.5084811640012759,0.10499049532611238,3.562779673333644e-05,11.187036716956815,21.441380869932225,nan,0.0025178937685642953,nan
54.67,211.84222412109375,-183.12306213378906,-8.805220603942871,212.77061554047194,-183.7131511582365,-8.815449697428452,1.1001001403062929,0.5085319381223733,0.10500974562373636,3.6341216943900754e-05,11.168925890520692,22.37309895199316,nan,nan,nan
54.68,211.83389282226562,-183.1147003173828,-8.807026863098145,212.76269609423406,-183.7049536824486,-8.814720819964641,1.1005152202323338,0.5085827984850078,0.10502906283299228,3.56026020446489e-05,9.92889657666278,20.156368386392792,nan,4.7869580948564865,nan
54.69,211.82554626464844,-183.10635375976562,-8.808910369873047,212.75477319158878,-183.69675782594183,-8.816694195834737,1.1009542365852432,0.5086337452377628,0.10504844709970576,3.63156602502799e-05,9.909550432712374,21.071999862074986,nan,nan,nan
54.7,211.8172149658203,-183.09799194335938,-8.810871124267578,212.72781946507564,-183.67200828237546,-8.815605329523141,1.076437515242234,0.4960682634606776,0.09750676503317682,3.5557087210266805e-05,11.483848971457514,22.079376437647735,4.504978730746566,6.923842273563329,0.10079666633213612
54.71,211.8088836669922,-183.08963012695312,-8.812907218933105,212.71992909948779,-183.66381970969525,-8.817703370920645,1.0769031804552118,0.4961234566201648,0.09751567714076029,3.6268940010763055e-05,11.45563086554352,22.06165768043203,nan,nan,nan
54.72,211.800537109375,-183.08128356933594,-8.815017700195312,212.71206117629163,-183.65565111002525,-8.821498398315898,1.077411804192734,0.4961787348665683,0.09752464883666556,3.553446456719612e-05,11.96912029965675,23.53537378996887,nan,1.798145603359541,nan
54.730000000000004,211.79220581054688,-183.0729217529297,-8.8172025680542,212.70417078702232,-183.64746272526364,-8.823764335530587,1.0778777778582849,0.49623409890547043,0.09753368070223332,3.624604291154293e-05,11.943178921021014,22.567838632703445,nan,nan,nan
54.74,211.7838592529297,-183.0645751953125,-8.81946086883545,212.69627929047422,-183.63927354764598,-8.82602806827082,1.078346720306608,0.496289548330392,0.09754277245365195,3.551308792744599e-05,11.93572782865558,23.472940457492953,nan,0.004030097831677856,nan
54.75,211.77552795410156,-183.05621337890625,-8.821791648864746,212.70852719911517,-183.6420859865647,-8.828519853359806,1.101716647934572,0.49621103061152555,0.09753213308178452,3.6202046131309415e-05,12.258090621292203,23.601199239967386,7.009613843010906,nan,nan
54.76,211.76718139648438,-183.04786682128906,-8.824193000793457,212.700661767106,-183.63391393515383,-8.830017223981109,1.102211750790584,0.4962662452420532,0.09754127563945347,3.547143855408359e-05,11.93072627375216,24.221212569630946,nan,0.6738159805072903,nan
54.77,211.75885009765625,-183.0395050048828,-8.826664924621582,212.69280934949495,-183.62575361266784,-8.832567105604344,1.1027248750097811,0.496321545572319,0.09755047859808204,3.6181696038241215e-05,11.906299509764997,23.26214759570139,nan,nan,nan
54.78,211.75050354003906,-183.03115844726562,-8.829207420349121,212.68494712650303,-183.617584903607,-8.834448405334742,1.1032263017642236,0.4963769312348003,0.09755974170780078,3.545248442677259e-05,11.685293316094477,23.94454318096738,nan,0.3764005255994857,nan
54.79,211.74217224121094,-183.02279663085938,-8.831817626953125,212.67709444466956,-183.60942472972692,-8.837132293426967,1.1037392348651094,0.49643240287625356,0.09756906549933977,3.616257705168374e-05,11.660876169273141,23.01546173032101,nan,nan,nan
54.800000000000004,211.73382568359375,-183.0144500732422,-8.83449649810791,212.68558049084578,-183.61091950958826,-8.841091002382887,1.1232348325746397,0.4963538134184194,0.09755862006869134,3.541327858433532e-05,12.410830617382631,25.33644592675085,5.461642742612638,1.0232250165482395,nan
54.81,211.72549438476562,-183.00608825683594,-8.837242126464844,212.67775989523426,-183.6027855704423,-8.843924505697828,1.1237890997359612,0.49640904979750106,0.09756799428602145,3.612236002953898e-05,12.389043740827697,24.381798466667956,nan,nan,nan
54.82,211.7171630859375,-182.99774169921875,-8.840022087097168,212.6699254974368,-183.59463983179737,-8.845727091777642,1.1243114072712201,0.4964643714536098,0.09757742891514772,3.539663211076674e-05,12.040905071401413,24.36888306411812,nan,0.808127338669901,nan
54.83,211.7088165283203,-182.9893798828125,-8.842790603637695,212.66210490265294,-183.58650627861695,-8.848613260398905,1.1248789092768703,0.4965197789962836,0.09758692445483325,3.6105619570477626e-05,12.0300022095265,24.53682580103019,nan,nan,nan
54.84,211.7004852294922,-182.9810333251953,-8.845525741577148,212.65428863887507,-183.57837656012535,-8.851813710212548,1.1254329933926128,0.49657527211417485,0.09759648070288783,3.538109932428543e-05,12.177256100826156,24.51700301194158,nan,0.07759234672852648,nan
54.85,211.692138671875,-182.97267150878906,-8.848217964172363,212.64498330988457,-183.56479251429488,-8.854660014622269,1.1218563586122776,0.49649661220746716,0.09758622503986589,3.6067790158259825e-05,11.710858679305696,24.21436358276331,4.568988478096187,nan,nan
54.86,211.68380737304688,-182.96432495117188,-8.850862503051758,212.6371446005202,-183.55662547627952,-8.856837344198434,1.1223669097296352,0.4965518696181493,0.09759583132058292,3.5345294714324926e-05,11.53872456075137,23.87048372111732,nan,0.2575276082595667,nan
54.870000000000005,211.6754608154297,-182.95596313476562,-8.8534574508667,212.62931334138025,-183.5484649198445,-8.8595708794346,1.1229115640123997,0.496607212823053,0.09760549873768869,3.605330256409423e-05,11.534842096673941,23.996409441065342,nan,nan,nan
54.88,211.66712951660156,-182.94761657714844,-8.856000900268555,212.62145747352625,-183.5402831457463,-8.860193080752305,1.1233935576096221,0.49666264154614875,0.09761522711892102,3.5331899934831236e-05,10.964318615460007,23.298278270208776,nan,2.9464721196878663,nan
54.89,211.65878295898438,-182.93927001953125,-8.858495712280273,212.61362614776692,-183.53212277386942,-8.86280819002112,1.1239299359635546,0.49671815634367467,0.09762501691838293,3.603989998537051e-05,10.951162668030339,23.774077366283784,nan,nan,nan
54.9,211.65045166015625,-182.930908203125,-8.860940933227539,212.6048910432739,-183.52927984633646,-8.865391617195433,1.1265091957163014,0.49663942634554226,0.09761494605536937,3.529823011510508e-05,11.538886632346406,23.346791394365667,5.8765688768252895,0.006595442876020654,nan
54.910000000000004,211.64210510253906,-182.9225616455078,-8.863336563110352,212.59706799930035,-183.5211497955652,-8.867909454221856,1.1270682405750603,0.49669470497858587,0.09762478545063263,3.6005371866108915e-05,11.527483831997062,24.285869998081843,nan,nan,nan
54.92,211.63377380371094,-182.91419982910156,-8.86568546295166,212.5892387651533,-183.5130145203507,-8.869847964342656,1.1276123684217536,0.49675006907130964,0.0976346860612247,3.528684989215581e-05,11.408924139761849,23.198458775730927,nan,0.1968254244534619,nan
54.93,211.62542724609375,-182.90585327148438,-8.867987632751465,212.58141544316786,-183.50488443037221,-8.872267386042449,1.1281711211300083,0.49680551914664206,0.09764464831338672,3.599403994871924e-05,11.395964192418758,24.096943025651356,nan,nan,nan
54.94,211.61709594726562,-182.8975067138672,-8.870244026184082,212.57360872305188,-183.49676861125016,-8.87613899568745,1.1287454374493864,0.4968610549788056,0.09765467207644642,3.527643878500399e-05,11.842055774513376,23.971754521699683,nan,1.5583196045766319,nan
54.95,211.60874938964844,-182.88914489746094,-8.872455596923828,212.55214588340021,-183.4853891863317,-8.878428022105515,1.1160375738731654,0.4967822560708124,0.09764478158672316,3.596157091004923e-05,12.048397303283664,23.7704911959169,1.7586429397231416,nan,nan
54.96,211.60040283203125,-182.88079833984375,-8.874622344970703,212.5443199413268,-183.47727773193634,-8.88225514380677,1.116613377149883,0.4968375553024357,0.0976548544946968,3.5245702975215696e-05,12.679101454080193,24.774146815219208,nan,1.623524730418081,nan
54.97,211.59207153320312,-182.87245178222656,-8.87674617767334,212.53647725203686,-183.4691518260888,-8.884527399209594,1.1171453135199758,0.49689294042499044,0.09766498926469756,3.595217975002402e-05,12.680577941128172,24.204454567580665,nan,nan,nan
54.980000000000004,211.58372497558594,-182.8640899658203,-8.878828048706055,212.52862045239573,-183.46101385375474,-8.885449681608378,1.1176714347717054,0.49694841124392386,0.09767518579184484,3.523712996325959e-05,12.212100748044783,23.876076669615877,nan,1.1917641943893609,nan
54.99,211.5753936767578,-182.85574340820312,-8.880867958068848,212.52077751514153,-183.4528878984733,-8.887626352783949,1.11820294224094,0.49700396823506593,0.09768544446386505,3.594372073694393e-05,12.209048183402693,23.70182324725863,nan,nan,nan
55.0,211.56704711914062,-182.84738159179688,-8.882867813110352,212.48933385104147,-183.43485289157994,-8.89065262444041,1.0935245526263122,0.4969251008383316,0.09767572927852723,3.520821347387562e-05,12.592438517357829,23.330990249723357,5.408855050787364,0.44145778083959464,nan
55.01,211.5587158203125,-182.8390350341797,-8.884827613830566,212.48145100504894,-183.42671192774904,-8.892759583152008,1.094014290822213,0.49698042078236737,0.09768603660372874,3.591406334231751e-05,12.593556386850322,23.17605087514554,nan,nan,nan
55.02,211.5503692626953,-182.8306884765625,-8.886748313903809,212.4735581632262,-183.41856248202348,-8.893863495786679,1.0944972444795653,0.4970358263608028,0.09769640592779417,3.52013546560319e-05,12.249926667382496,23.342773944611878,nan,0.6494806762512343,nan
55.03,211.54202270507812,-182.82232666015625,-8.888630867004395,212.46567516605106,-183.41042146475286,-8.89588503650528,1.0950077583423885,0.49709131802036605,0.09770683761470729,3.590736190127272e-05,12.248887080381765,22.94117610578612,nan,nan,nan
55.04,211.53369140625,-182.81398010253906,-8.89047622680664,212.45778723780765,-183.40227624979417,-8.897388410264734,1.095487672709094,0.4971468956103912,0.09771733159505508,3.5195318526653334e-05,12.111686846614383,22.654087272324222,nan,0.16175662295105953,nan
55.050000000000004,211.5253448486328,-182.8056182861328,-8.892284393310547,212.46228183157825,-183.40176199995952,-8.899247926314265,1.1105344336570095,0.4970679608085581,0.09770778706013061,3.5879437903521e-05,12.358889751268698,23.50140064330731,3.591820219929934,nan,nan
55.06,211.51699829101562,-182.79727172851562,-8.89405632019043,212.454433887486,-183.39365070000312,-8.90227481572321,1.1110899688283944,0.49712330092403734,0.09771832918657168,3.516887126200635e-05,12.898700623705718,24.390138440891167,nan,0.8774494553626001,nan
55.07,211.5086669921875,-182.78892517089844,-8.895792961120605,212.4465746142074,-183.38552982472166,-8.904157915253135,1.1116104501416855,0.4971787270297335,0.0977289338909432,3.5874367106954525e-05,12.900048121467382,23.839462735640563,nan,nan,nan
55.08,211.5003204345703,-182.7805633544922,-8.89749526977539,212.43871117772596,-183.37740552057787,-8.905592456902601,1.1121435709913685,0.4972342390019509,0.0977396011255677,3.516437658521303e-05,12.786464300374899,23.865362824294206,nan,0.12023375977599315,nan
55.09,211.49197387695312,-182.772216796875,-8.899163246154785,212.43085153441285,-183.36928461002717,-8.907404235132372,1.1126765671473011,0.49728983724675413,0.09775033122195002,3.5870078063336564e-05,12.78628665444132,24.213205942637053,nan,nan,nan
55.1,211.483642578125,-182.76385498046875,-8.900798797607422,212.43234840078566,-183.3662322445329,-8.908203665706548,1.123813124270766,0.497210835514479,0.09774095217262918,3.5139443261816815e-05,12.576305418206223,23.43634168368428,3.0708395061127183,0.4257302515427638,nan
55.11,211.4752960205078,-182.75550842285156,-8.90251350402832,212.4245056300926,-183.35812314623425,-8.909995333393873,1.124366206151868,0.49726619584880233,0.09775172987003335,3.5844491203068533e-05,12.5489935112067,24.29474570490195,nan,nan,nan
55.120000000000005,211.46694946289062,-182.7471466064453,-8.904306411743164,212.41665109209947,-183.35000417574824,-8.910596672924049,1.1249044407297417,0.4973216419841886,0.09776257033003641,3.5136371573308726e-05,12.086379651303728,23.49249180725342,nan,1.1306560824273746,nan
55.13,211.45860290527344,-182.73880004882812,-8.906177520751953,212.4088082194097,-183.3418946461963,-8.912534988829261,1.1254570848272425,0.49737717430184675,0.09777347386435765,3.5841657856901676e-05,12.05947728046205,23.827255232319825,nan,nan,nan
55.14,211.4502716064453,-182.73045349121094,-8.908125877380371,212.40094386725653,-183.33376726781708,-8.91217358464359,1.1259581006648367,0.4974327927155523,0.09778444045489702,3.5133981862738714e-05,11.37033863848365,22.56188052700454,nan,3.9623443121378834,nan
55.15,211.44192504882812,-182.7220916748047,-8.910149574279785,212.37976912670888,-183.3244847530987,-8.914243908222753,1.114650482780571,0.49735372504957465,0.09777522203552959,3.581749616934346e-05,11.756787306113445,22.622134627562065,2.6879999284049516,nan,nan
55.160000000000004,211.43357849121094,-182.7137451171875,-8.912248611450195,212.37191207391723,-183.3163915371293,-8.91670518798453,1.1152006460621817,0.4974091051338703,0.09778623566544697,3.5111076803771564e-05,11.826599032010447,23.03172443713975,nan,0.06928266676784667,nan
55.17,211.42523193359375,-182.70538330078125,-8.914422035217285,212.36405216713322,-183.30829625480257,-8.918930962897576,1.1157543598205892,0.49746457131027705,0.09779731257931719,3.581599962793826e-05,11.802325053013703,22.654210769249854,nan,nan,nan
55.18,211.41690063476562,-182.69703674316406,-8.916667938232422,212.35620250941943,-183.30020983707047,-8.922475319545821,1.1163061939353838,0.497520123515353,0.09780845277695058,3.5109948472025514e-05,12.168211931050552,22.855404891862992,nan,1.0856123174075465,nan
55.19,211.40855407714844,-182.6886749267578,-8.918986320495605,212.34834230456275,-183.29211469204614,-8.92486199841321,1.1168598776519632,0.49757576209597,0.09781965654328649,3.5815143459897284e-05,12.145491623234829,23.023702028663035,nan,nan,nan
55.2,211.40020751953125,-182.68032836914062,-8.92137622833252,212.35126639064185,-183.28509614357517,-8.925660304693327,1.1270649451664085,0.497496629014246,0.09781059349877737,3.508827372655218e-05,11.393598737646505,23.088062285757143,1.821072509636019,1.7850389201706396,nan
55.21,211.39186096191406,-182.67198181152344,-8.923837661743164,212.34341908359113,-183.27699046078777,-8.92817466373389,1.1276156855065957,0.49755202884001526,0.09782184370762297,3.579287781458812e-05,11.368440355865447,23.03623643808697,nan,nan,nan
55.22,211.38351440429688,-182.6636199951172,-8.92636775970459,212.33557331505548,-183.268886087119,-8.93093744851156,1.128177332575783,0.49760751462560265,0.09783315742338901,3.508829772677862e-05,11.411967214628286,22.769333911225186,nan,0.022089781064671868,nan
55.230000000000004,211.37518310546875,-182.6552734375,-8.928967475891113,212.32772644451978,-183.26078079277534,-8.933594878868657,1.1287158114075213,0.49766308669711334,0.09784453491489745,3.5793197986214535e-05,11.388207218890566,22.545386294305686,nan,nan,nan
55.24,211.36683654785156,-182.64691162109375,-8.931635856628418,212.31989483518814,-183.25268813037076,-8.938258661197617,1.1293047152089297,0.49771874502240415,0.09785597620606937,3.5088873885860234e-05,12.014064578359601,23.352950194802503,nan,2.6353370306283415,nan
55.25,211.35848999023438,-182.63856506347656,-8.934370040893555,212.29364130152587,-183.22467721029892,-8.941118302043549,1.1036670524625887,0.497639547445627,0.09784706350393636,3.577207645825836e-05,10.884651735357613,22.126305295312463,30.24112100771589,nan,nan
55.26,211.3501434326172,-182.63021850585938,-8.937139511108398,212.28574104146514,-183.21649489508704,-8.943264972730603,1.1041288020552336,0.49769496660557877,0.0978585506231318,3.506882455591534e-05,10.653412276595157,21.86667012747975,nan,0.3656260453982297,nan
55.27,211.341796875,-182.62185668945312,-8.939899444580078,212.27784635078396,-183.20831723458,-8.94613871830371,1.1046101215553519,0.4977504719619416,0.09787010172213391,3.5773465364460005e-05,10.644963655975072,21.41637375559364,nan,nan,nan
55.28,211.33346557617188,-182.61351013183594,-8.942625999450684,212.26994293419114,-183.20013250930225,-8.94777723518238,1.1050530263550824,0.4978060635014011,0.09788171683928452,3.507040736376052e-05,10.28598639397523,20.977752216335947,nan,1.0381789004874857,nan
55.29,211.3251190185547,-182.6051483154297,-8.94530963897705,212.26204845775737,-183.1919553326521,-8.950582079917933,1.105534734026751,0.49786174152169366,0.09789339622183023,3.5775366543926446e-05,10.279898030038062,21.0414235021426,nan,nan,nan
55.300000000000004,211.3167724609375,-182.5968017578125,-8.947945594787598,212.27991871233993,-183.19543304201204,-8.953574658195983,1.1340378311008015,0.4977824800012692,0.09788462852281672,3.5051333829455914e-05,10.533776939868034,22.705694625864872,7.338799484168331,0.008676202409407197,nan
55.31,211.3084259033203,-182.5884552001953,-8.950531005859375,212.27206857039923,-183.18727714621656,-8.956291014161636,1.134560747843534,0.4978379184410988,0.09789635308627698,3.575574493138891e-05,10.530393191301815,22.705111083063326,nan,nan,nan
55.32,211.30007934570312,-182.58009338378906,-8.953067779541016,212.2642288888383,-183.17912982752415,-8.960478721351334,1.1351140579294412,0.49789344299193866,0.09790814188208442,3.50538260582929e-05,11.143410968076257,22.863925906291165,nan,1.6266064431880174,nan
55.33,211.291748046875,-182.57174682617188,-8.955554008483887,212.25637863779022,-183.17097409567003,-8.96311253809624,1.1356243343683536,0.4979490539345506,0.09791999514466442,3.575857264263948e-05,11.147756205823644,22.718371457968516,nan,nan,nan
55.34,211.2834014892578,-182.5634002685547,-8.957990646362305,212.24853132057484,-183.16282097196694,-8.966139855332967,1.13615455840485,0.4980047512811978,0.09793191293155218,3.5056754700620775e-05,11.417459750217661,23.511240359066587,nan,0.13749280327619487,nan
55.35,211.27505493164062,-182.55503845214844,-8.960379600524902,212.19857222740924,-183.14732354555682,-8.968837774348378,1.097158770717339,0.4979254266720501,0.09792328505014654,3.5739846934583207e-05,12.305287865900468,22.31804448812793,18.33647830209425,nan,nan
55.36,211.26670837402344,-182.54669189453125,-8.96272087097168,212.19066471310072,-183.13919099308666,-8.9712673251616,1.0976445418209293,0.497980884036136,0.09793524735238604,3.5038950273248666e-05,12.361728056766289,22.724729351569714,nan,0.0033375464647890252,nan
55.370000000000005,211.2583770751953,-182.53834533691406,-8.965015411376953,212.18275748614627,-183.13105886666378,-8.97371888689346,1.098118492233101,0.49803642770297074,0.09794727431974168,3.574350663963456e-05,12.370599528783305,22.208213089741566,nan,nan,nan
55.38,211.25003051757812,-182.52999877929688,-8.967265129089355,212.1748388255062,-183.12291776206266,-8.97433504913133,1.0985778580993808,0.49809205770003906,0.09795936602107876,3.504266123314351e-05,11.65143344576139,21.944881264398333,nan,2.2576109264955972,nan
55.39,211.24168395996094,-182.52163696289062,-8.96946907043457,212.16693136750334,-183.1147857781955,-8.976679492674974,1.0990724600545714,0.4981477742851758,0.09797152267386085,3.5747566200045686e-05,11.654613240217913,21.579049065088377,nan,nan,nan
55.4,211.23333740234375,-182.51329040527344,-8.97162914276123,212.12755867986837,-183.09633785616512,-8.97708793607393,1.0675232182924586,0.4980683871630469,0.09796302919343482,3.502561105552109e-05,11.22372280456275,20.391084376021237,7.540119080817768,2.3634935255844107,nan
55.410000000000004,211.22499084472656,-182.50494384765625,-8.973746299743652,212.1196021623942,-183.08819891419267,-8.979326902382285,1.06796396262478,0.49812386336059844,0.09797522966579392,3.572999535273354e-05,11.218514524507817,20.376042632658,nan,nan,nan
55.42,211.21664428710938,-182.49658203125,-8.975821495056152,212.11163089649548,-183.08004809202458,-8.979033085430418,1.0683838211845897,0.4981794258132643,0.09798749507763292,3.503002005641215e-05,10.616684880528064,19.39671559979917,nan,4.374481676499908,nan
55.43,211.20831298828125,-182.4882354736328,-8.977855682373047,212.10367427307432,-183.07190895325738,-8.981164952809563,1.068811261352613,0.49823507476531137,0.09799982563647261,3.573476476624e-05,10.603293377592612,19.27705585874058,nan,nan,nan
55.44,211.19996643066406,-182.47988891601562,-8.979848861694336,212.09572110652698,-183.06377258196196,-8.983889008245294,1.0692581061059865,0.4982908102646652,0.0980122214260735,3.503476537357814e-05,10.73686553805787,19.878853006215937,nan,0.2816556192834323,nan
55.45,211.19161987304688,-182.47152709960938,-8.981801986694336,212.1070838575487,-183.0611125645243,-8.985924166764221,1.088899591205473,0.4982113614281238,0.09800385703063638,3.571787690327925e-05,10.556737899125395,20.03795693531304,2.8044810087431293,nan,nan
55.46,211.1832733154297,-182.4631805419922,-8.98371696472168,212.09914014058091,-183.05296037840077,-8.985051146695131,1.0893365305947742,0.4982668561461546,0.0980162959249782,3.501867827458023e-05,10.106081300696673,19.948571608053186,nan,5.9040655948625576,nan
55.47,211.1749267578125,-182.454833984375,-8.98559284210205,212.09121243983404,-183.04482057166885,-8.987004977875731,1.0898007241655527,0.49832243727483855,0.09802880015878235,3.572327531651497e-05,10.085376208653866,19.95314638003971,nan,nan,nan
55.480000000000004,211.1665802001953,-182.44647216796875,-8.987432479858398,212.0832812545483,-183.03667800612067,-8.988292267563528,1.0902680833975547,0.4983781048741285,0.0980413698244771,3.502401407093885e-05,10.026356861496728,19.49032498366964,nan,0.2796921172924957,nan
55.49,211.1582489013672,-182.43812561035156,-8.989234924316406,212.0753532809978,-183.02853798253636,-8.990167195909118,1.0907190662571467,0.4984338591701797,0.0980540051165989,3.572897777694617e-05,10.004540476295956,19.382029464374224,nan,nan,nan
55.5,211.14990234375,-182.42977905273438,-8.99100112915039,212.04359240775514,-183.01047216024895,-8.991747506287261,1.065779983249489,0.4983543492111498,0.09804576431967912,3.5008493766476356e-05,9.936031391677002,19.05498966410304,5.062764091145286,0.0516924006962558,nan
55.51,211.1415557861328,-182.42141723632812,-8.992732048034668,212.035624376486,-183.0023165985451,-8.993550132320205,1.0662098210681195,0.49840986233071993,0.09805844197369756,3.5712952615314695e-05,9.914591069336215,18.64207200833519,nan,nan,nan
55.52,211.13320922851562,-182.41307067871094,-8.994428634643555,212.0276566351663,-182.9941613911095,-8.99540085342445,1.0666318598791806,0.49846546184297097,0.09807118525667557,3.501434886773115e-05,9.897354380391306,19.01183537942935,nan,0.004741526508494257,nan
55.53,211.12486267089844,-182.40472412109375,-8.996091842651367,212.01968850290015,-182.98600585296822,-8.99713724747282,1.0670533324533427,0.49852114796346464,0.09808399435565293,3.5719182264876336e-05,9.875543430324429,18.98267912960928,nan,nan,nan
55.54,211.11651611328125,-182.3963623046875,-8.997721672058105,212.01172252525288,-182.97785201686304,-8.99931512690364,1.067486461038009,0.49857692076811166,0.09809686937429736,3.50204561621814e-05,9.893412057343212,18.618057503373183,nan,0.15843362176901452,nan
55.550000000000004,211.10816955566406,-182.3880157470703,-8.999319076538086,212.0303850542268,-182.96991134482099,-9.001012268979167,1.090452557139269,0.4984973504371886,0.09808874675060517,3.570366243785611e-05,9.060348040881376,19.29923260563196,12.134515768311154,nan,nan
55.56,211.09982299804688,-182.37966918945312,-9.000996589660645,212.0224475762269,-182.96172164246946,-9.00266102337262,1.0908821845936418,0.49855288167995004,0.0981016633688653,3.500564332393292e-05,9.033757690018104,19.285095504567465,nan,0.0020061049246558205,nan
55.57,211.0914764404297,-182.37130737304688,-9.002753257751465,212.01451007091072,-182.95353214422835,-9.004443281482748,1.091320128723245,0.49860849944231117,0.09811464598954613,3.5710351849531636e-05,9.01047987072178,18.839133127413312,nan,nan,nan
55.58,211.0831298828125,-182.3629608154297,-9.00458812713623,212.0065659135292,-182.94533764879907,-9.004847295603422,1.0917403290340755,0.4986642038094591,0.09812769472275071,3.501218158738977e-05,8.907181447055855,19.177688178534044,nan,1.4997973696265023,nan
55.59,211.0747833251953,-182.3546142578125,-9.006500244140625,211.99862831588305,-182.93714788551048,-9.006773430164223,1.0921698901033705,0.49871999498298974,0.09814080974587212,3.571726591950137e-05,8.882191375457442,19.176079309293414,nan,nan,nan
55.6,211.06643676757812,-182.34625244140625,-9.008488655090332,211.99541564137257,-182.94000410257172,-9.008238016170212,1.1025165966610326,0.49864036488120456,0.09813279974735824,3.499778124530254e-05,9.614576252495686,19.506338514313697,10.458575052887095,0.17173440270884915,nan
55.61,211.05809020996094,-182.33790588378906,-9.010552406311035,211.98749627724877,-182.93185907312784,-9.010313031404666,1.102985079834482,0.4986959141073124,0.09814595558180028,3.570236814626891e-05,9.589824187198856,19.875952474534497,nan,nan,nan
55.620000000000005,211.04974365234375,-182.3295440673828,-9.012690544128418,211.97958212686177,-182.92371798698602,-9.013723468190028,1.103468759124044,0.49875154985771075,0.09815917771767634,3.500469183811663e-05,9.595469611720365,19.53311977959831,nan,1.1196213230540433,nan
55.63,211.04139709472656,-182.32119750976562,-9.01490306854248,211.9716625583649,-182.91557300694635,-9.015962492401863,1.1039371299426384,0.49880727232593014,0.09817246632690622,3.5709659642005576e-05,9.572033134763819,19.88110663176523,nan,nan,nan
55.64,211.03305053710938,-182.31285095214844,-9.01718807220459,211.96374596479006,-182.90743050396784,-9.019072800692431,1.1044104195221,0.4988630816093058,0.09818582152780575,3.5011785880566556e-05,9.617770745741414,19.953231928469886,nan,0.4479604000762633,nan
55.65,211.0247039794922,-182.3044891357422,-9.01954460144043,211.96846377428778,-182.9008525975259,-9.021418870183517,1.1163939455705583,0.49878339244655595,0.09817791863964574,3.569512300763941e-05,9.343287469482645,19.824096359080837,1.7941781302148996,nan,nan
55.660000000000004,211.016357421875,-182.296142578125,-9.021971702575684,211.96056221050378,-182.89270011471518,-9.02428951913344,1.1168746346863034,0.49883895940540807,0.09819131384398293,3.499788532195471e-05,9.374224650341471,20.259782821705745,nan,0.11544867795659548,nan
55.67,211.0080108642578,-182.28778076171875,-9.024470329284668,211.95265892711654,-182.88454652981977,-9.02683133691914,1.1173606933291544,0.4988946129933137,0.09820477570191002,3.570273705050153e-05,9.354001955999248,19.805401147913173,nan,nan,nan
55.68,210.99966430664062,-182.27943420410156,-9.027037620544434,211.94475824163789,-182.87639511087377,-9.030208725720012,1.1178438737547114,0.4989503533145759,0.09821830433635652,3.500528136173073e-05,9.461180343674359,20.330894651943055,nan,0.4127857421889259,nan
55.69,210.99131774902344,-182.27108764648438,-9.02967357635498,211.93685469407941,-182.86824162332553,-9.032899068869742,1.118321684635043,0.4990061805522372,0.09823189991232131,3.571051179399769e-05,9.441380964948387,20.31776481464666,nan,nan,nan
55.7,210.98297119140625,-182.26272583007812,-9.032376289367676,211.93637537386508,-182.85465636186956,-9.035397822532886,1.1222167434410966,0.4989238532498586,0.0967849203085823,3.4991644214310956e-05,11.493531939122773,22.36309891136111,0.5122868330467042,0.061988181939912,0.03680001100615164
55.71,210.97462463378906,-182.25437927246094,-9.035117149353027,211.9284886966463,-182.84649043216427,-9.038208491329856,1.1227029136200541,0.49897951828542886,0.09679402117137687,3.5696378288525476e-05,11.46759106035602,22.70974922708636,nan,nan,nan
55.72,210.96627807617188,-182.24603271484375,-9.037849426269531,211.92060235091188,-182.8383246694915,-9.041041031089847,1.1231895508950447,0.4990352686933663,0.09680318178282189,3.4999295956557846e-05,11.45825683574674,22.70613374911421,nan,3.1599515696840964e-05,nan
55.730000000000004,210.9579315185547,-182.2376708984375,-9.040550231933594,211.912716109452,-182.83015901817447,-9.043847795504242,1.123684413423042,0.4990911046551616,0.09681240246085515,3.570441199208154e-05,11.440784598722795,22.28091824531114,nan,nan,nan
55.74,210.9495849609375,-182.2293243408203,-9.043208122253418,211.90483936069361,-182.82201426105206,-9.049335675130639,1.1242018754218452,0.4991470262798899,0.09682168318104814,3.500707654908883e-05,12.176319180267239,23.431714328027653,nan,5.210667903395237,nan
55.75,210.9412384033203,-182.22097778320312,-9.045819282531738,211.8785276009419,-182.81116031594092,-9.05203916834512,1.1076394489663453,0.4990668489306993,0.0968109241996062,3.569055291938686e-05,12.652797772010965,23.129959170520404,4.928949520954145,nan,nan
55.76,210.93289184570312,-182.21261596679688,-9.048381805419922,211.87062359965125,-182.80301886055636,-9.055710135338789,1.108138133872132,0.49912253180237065,0.09682025465274034,3.499380161264556e-05,13.073423498655284,23.143961896725653,nan,0.6577593014844779,nan
55.77,210.92454528808594,-182.2042694091797,-9.050893783569336,211.8627163900708,-182.79487028670485,-9.058377341762547,1.1086164425878846,0.4991783001516059,0.09682964541168045,3.5698801057651794e-05,13.075888195749489,23.534316984249735,nan,nan,nan
55.78,210.91619873046875,-182.1959228515625,-9.053357124328613,211.85480250127313,-182.78670642904729,-9.058882681767507,1.1090684405296762,0.49923415409294136,0.09683909646951624,3.5001782883409724e-05,12.347843338375066,22.765974031507096,nan,3.1533687539292434,nan
55.79,210.90785217285156,-182.1875762939453,-9.055771827697754,211.84689544721866,-182.7785577705315,-9.061432147628976,1.1095464911502335,0.49929009379945827,0.0968486081179804,3.5707159849579735e-05,12.341345241379262,22.751534738468358,nan,nan,nan
55.800000000000004,210.89950561523438,-182.17921447753906,-9.058137893676758,211.85808091953552,-182.77881188370372,-9.065839947522855,1.1306825306552144,0.4992098572108007,0.09683804148723936,3.4988700901010365e-05,13.212720531938976,24.04372283663459,4.80386919133265,2.121554717454053,nan
55.81,210.8911590576172,-182.17086791992188,-9.060458183288574,211.85020628735728,-182.77067769692587,-9.06831618146865,1.1311963161172032,0.4992655577389104,0.09684760249291408,3.569358007504147e-05,13.216153163225158,24.33806033337386,nan,nan,nan
55.82,210.8828125,-182.1625213623047,-9.06273078918457,211.8423303526546,-182.76254065154657,-9.070316083692099,1.1317045523094902,0.49932134378728643,0.09685722404985059,3.4996845817569767e-05,13.099282509448518,24.239009806710165,nan,0.13085208104055646,nan
55.83,210.8744659423828,-182.1541748046875,-9.064959526062012,211.83445567142746,-182.75440660482693,-9.072697251805529,1.1322183385590956,0.4993772155243744,0.09686690643386178,3.570210458595062e-05,13.10134672310248,24.17817511295383,nan,nan,nan
55.84,210.86611938476562,-182.14581298828125,-9.067143440246582,211.82658452516876,-182.74628107301166,-9.076316069367397,1.132757407318265,0.49943317307185514,0.09687664966185851,3.500507753294371e-05,13.798696218429777,24.508739759410776,nan,1.1592102868937482,nan
55.85,210.85777282714844,-182.13746643066406,-9.069283485412598,211.81270275927957,-182.73160584432142,-9.078686683398907,1.1247138472844804,0.4993528779882461,0.09686627097662391,3.568868512515853e-05,13.433527573911107,24.395245475358784,4.250976287553631,nan,nan
55.86,210.84942626953125,-182.12911987304688,-9.071380615234375,211.8048128264382,-182.72345033298876,-9.081623204238472,1.1252097934886398,0.4994085959387428,0.09687606316531892,3.499220569380069e-05,13.923011347418758,24.858956036273362,nan,0.31726571463862824,nan
55.870000000000005,210.84107971191406,-182.12075805664062,-9.073436737060547,211.79692099109926,-182.71529046402893,-9.08385506157092,1.1257041689160248,0.49946439950109456,0.09688591641442809,3.5697341525388205e-05,13.936031906260766,24.44316299942977,nan,nan,nan
55.88,210.83273315429688,-182.11241149902344,-9.075451850891113,211.7890280486056,-182.70712828988096,-9.085686885099555,1.1261850390295656,0.49952028880088584,0.09689583075524544,3.500056098494058e-05,13.857502765668796,24.721109687985297,nan,0.09139351810046417,nan
55.89,210.8243865966797,-182.10406494140625,-9.077425956726074,211.7811357934151,-182.69896829404348,-9.087835408629223,1.126670928497672,0.4995762640005515,0.09690580644205986,3.570607066800965e-05,13.868403431930137,24.736518561522935,nan,nan,nan
55.9,210.8160400390625,-182.09571838378906,-9.079360961914062,211.76177856954797,-182.68671838158068,-9.089191837375605,1.1152573745763106,0.49949591110966357,0.0968956109466962,3.498780984867438e-05,13.623107480813623,24.076937102308385,0.9914254078231691,0.41513757334287,nan
55.910000000000004,210.8076934814453,-182.0873565673828,-9.081257820129395,211.7538683794823,-182.6785548647543,-9.091256429577854,1.1157339901074705,0.49955164629656484,0.09690563516200354,3.56928175654507e-05,13.632638301468656,23.657109377185073,nan,nan,nan
55.92,210.79934692382812,-182.07901000976562,-9.083117485046387,211.7459545092031,-182.67038193257093,-9.091659830547965,1.116180829184304,0.49960746714702164,0.09691572071243579,3.4996260334870484e-05,12.88634967645906,23.264407291062103,nan,1.8625370721048693,nan
55.93,210.79100036621094,-182.07066345214844,-9.084939002990723,211.73804423702813,-182.6622183676836,-9.093634440484982,1.1166489699003255,0.49966337382021675,0.09692586783936703,3.570164336244601e-05,12.88863902780275,23.27656326084268,nan,nan,nan
55.94,210.78265380859375,-182.0623016357422,-9.086725234985352,211.73013500069828,-182.65405794720385,-9.096141388382668,1.117132402847283,0.49971936644674764,0.09693607659342539,3.5004766317505815e-05,13.27486101015622,23.222521921756975,nan,0.22777731396830597,nan
55.95,210.77430725097656,-182.053955078125,-9.088475227355957,211.73052942011614,-182.64729600243555,-9.098026236198665,1.1253912701747852,0.4996389564643548,0.09692605967034568,3.568848624343343e-05,13.102578035232634,23.80277949945464,0.8151452363398093,nan,nan
55.96,210.76596069335938,-182.0456085205078,-9.090189933776855,211.72263004268174,-182.63912822662903,-9.100217497784286,1.1258696361155753,0.4996947086684234,0.09693631649913771,3.4992132397501463e-05,13.38981886968191,24.092659150394905,nan,0.07065220165989626,nan
55.97,210.7576141357422,-182.03726196289062,-9.09187126159668,211.71472995345277,-182.63095852494473,-9.102062185542199,1.1263437091925068,0.4997505466176449,0.09694663513177702,3.5697383084539846e-05,13.395392100356421,24.05597968978282,nan,nan,nan
55.980000000000004,210.749267578125,-182.02890014648438,-9.093518257141113,211.70682771373157,-182.62278322835263,-9.102807187045082,1.126811791050738,0.4998064704452993,0.09695701563041849,3.5000705342117806e-05,12.922676913004292,23.170924425390435,nan,0.8034510973820547,nan
55.99,210.7409210205078,-182.0205535888672,-9.095133781433105,211.6989273919061,-182.61461360521932,-9.104575928033952,1.12728552940257,0.4998624803064392,0.09696745821917964,3.570632498348439e-05,12.924361768117684,23.51858505527401,nan,nan,nan
56.0,210.73257446289062,-182.01220703125,-9.096715927124023,211.72318143751556,-182.6218908946185,-9.10654052414435,1.1632339034494001,0.49978201390996146,0.0969576149764161,3.498813976024571e-05,13.446333042641172,25.259364499175923,11.900421008965361,0.020794298603766758,nan
56.01,210.72422790527344,-182.00389099121094,-9.0982666015625,211.71533730919634,-182.61377580174073,-9.108249710427279,1.163768445663476,0.4998377829422466,0.09696810515266295,3.56932522919192e-05,13.449837475683234,24.824723997754784,nan,nan,nan
56.02,210.71588134765625,-181.99559020996094,-9.099898338317871,211.70749648306924,-182.60569404365296,-9.112012058909883,1.1643341474389546,0.49989363777719276,0.0969786574295604,3.499675844375936e-05,14.821598944247992,26.5610905237953,nan,2.9036336322384075,nan
56.03,210.70753479003906,-181.98728942871094,-9.10161018371582,211.69965206052368,-182.5976016839359,-9.113848084902369,1.1648723078076242,0.49994957856767036,0.09698927202100616,3.5702241162305645e-05,14.79442610112083,26.523645101625036,nan,nan,nan
56.04,210.6991729736328,-181.97897338867188,-9.103400230407715,211.6918102763538,-182.58951675089722,-9.117450775930479,1.1654567472626869,0.5000056054503241,0.09699994900446253,3.500541024353937e-05,16.211092217148476,28.1207236748055,nan,2.007653393362243,nan
56.050000000000004,210.69082641601562,-181.97067260742188,-9.105267524719238,211.6621568021215,-182.57182537684173,-9.119455326576793,1.142396019283725,0.49992508333023433,0.09699027463466808,3.5689218838483355e-05,16.095173342656786,27.070807347043463,4.549947255215523,nan,nan
56.06,210.68247985839844,-181.9623565673828,-9.10721206665039,211.65427462039386,-182.56371226385812,-9.121057446249182,1.142893445453812,0.49998086898317395,0.09700099869622007,3.49928959056494e-05,15.905392758854653,26.48126737195622,nan,0.1686233414169474,nan
56.07,210.67413330078125,-181.9540557861328,-9.109232902526855,211.64639317578747,-182.55560068518332,-9.123220729229462,1.143390217474617,0.5000367405131896,0.09701178529354228,3.5698235764342615e-05,15.879111831481584,26.848333550695788,nan,nan,nan
56.08,210.66578674316406,-181.94573974609375,-9.111329078674316,211.63850970742,-182.54748218590933,-9.124006745847408,1.143872655635689,0.5000926980586776,0.09702263451310013,3.5001574861079867e-05,14.962442776310693,25.52996861949,nan,1.4926982023065858,nan
56.09,210.65744018554688,-181.93743896484375,-9.11349868774414,211.63062821585862,-182.53936962363977,-9.126307966157874,1.1443686197874134,0.5001487417698111,0.09703354655530705,3.5707278419922766e-05,14.936620377885493,25.91618190174237,nan,nan,nan
56.1,210.64907836914062,-181.9291229248047,-9.115741729736328,211.65717178076875,-182.54167331578643,-9.128694935928392,1.1796771141335942,0.5000681645908814,0.09702403603893878,3.498909263035543e-05,14.85464765579389,27.3994264999159,9.264706124708301,0.010757038325397901,nan
56.11,210.64073181152344,-181.92080688476562,-9.118058204650879,211.6493414084726,-182.53356100092546,-9.131143842200636,1.1802254699161698,0.50012396667512,0.09703499461842185,3.569428377121805e-05,14.829000492130834,26.788323502828316,nan,nan,nan
56.120000000000005,210.63238525390625,-181.91250610351562,-9.120445251464844,211.6415126454017,-182.5254535209117,-9.134937649705718,1.1807847637760562,0.5001798546973116,0.09704601604622728,3.4997783257025676e-05,16.004161833095143,28.386842465606733,nan,1.1424215188007714,nan
56.13,210.62403869628906,-181.90419006347656,-9.122902870178223,211.63368238352874,-182.5173403655017,-9.13754450946246,1.181333164546465,0.5002358288062496,0.09705710051489536,3.5703339366706266e-05,15.979954195886856,27.959634298027687,nan,nan,nan
56.14,210.61569213867188,-181.8958740234375,-9.125431060791016,211.62585165412182,-182.50922507760012,-9.139795773854694,1.1818748272460422,0.5002918891424588,0.09706824812269059,3.500649179632356e-05,15.842680364936674,27.790069962555968,nan,0.1285584715154772,nan
56.15,210.6073455810547,-181.88755798339844,-9.128026962280273,211.60612609779523,-182.4992261019965,-9.14236535293079,1.1712839098084782,0.5002112575725723,0.09705889648433712,3.5690364414763006e-05,15.939586703635339,27.395781148460177,2.9360714123855254,nan,nan
56.160000000000004,210.59898376464844,-181.87924194335938,-9.130692481994629,211.59827939502745,-182.49111569135763,-9.144030693994647,1.1718187352501996,0.5002670758898103,0.09707009006605856,3.499401638426011e-05,15.235583230857518,27.200430275467106,nan,0.926029517811427,nan
56.17,210.59063720703125,-181.87094116210938,-9.133398056030273,211.59043399698078,-182.4830093033329,-9.146885017941838,1.1723493203119093,0.5003229802143517,0.09708134690359581,3.569941931533767e-05,15.218522396214269,27.044312257757493,nan,nan,nan
56.18,210.58229064941406,-181.8626251220703,-9.136096000671387,211.58258783972025,-182.47489960660275,-9.148944877467233,1.1728766375790856,0.5003789706877865,0.09709266710204972,3.500272563143946e-05,14.81289799192645,26.235987348218504,nan,0.4658977556037111,nan
56.19,210.57394409179688,-181.85430908203125,-9.138764381408691,211.57474232388807,-182.46679262476735,-9.151791468836251,1.1734150572096302,0.500435047457268,0.0971040508437167,3.570848723158111e-05,14.82193700121355,26.21235114801561,nan,nan,nan
56.2,210.5655975341797,-181.8459930419922,-9.14139175415039,211.5352519229249,-182.44762128040335,-9.15483105528352,1.1412128573064486,0.5003543621468408,0.09709485294573435,3.499025877449419e-05,15.32665325853238,25.50107617248883,7.578278242772142,0.05250897595846509,nan
56.21,210.5572509765625,-181.83767700195312,-9.143972396850586,211.52735686982695,-182.43950408694846,-9.157602214525221,1.1417035763762127,0.5004101965092121,0.09710628206844783,3.569550300618002e-05,15.34228299011279,25.524487854881084,nan,nan,nan
56.22,210.54888916015625,-181.82936096191406,-9.146505355834961,211.5194630443356,-182.43139126471462,-9.16175389151759,1.142228815947827,0.5004661169413279,0.09711777476982128,3.4998957697525293e-05,16.75415091933368,27.422123845034587,nan,1.437609886362535,nan
56.230000000000004,210.54054260253906,-181.821044921875,-9.148988723754883,211.5115678923446,-182.42327315171812,-9.16444535511619,1.1427195026404986,0.5005221235895435,0.09712933122626485,3.570456206758486e-05,16.775057305720214,26.926675529578976,nan,nan,nan
56.24,210.53219604492188,-181.81272888183594,-9.151423454284668,211.50367226426022,-182.4151525433869,-9.16645943923417,1.1432000671710094,0.5005782165966809,0.09714095155170635,3.5007664916026005e-05,16.515152133054876,26.65364375148563,nan,0.2796463684179254,nan
56.25,210.5238494873047,-181.80441284179688,-9.153809547424316,211.49758306030446,-182.41859727384306,-9.168930396265274,1.1513506102940494,0.500497478193106,0.09713190227126203,3.569157841629945e-05,17.446087529244082,27.518926346552153,17.164744094806405,nan,nan
56.26,210.5155029296875,-181.7960968017578,-9.156148910522461,211.48970642197133,-182.4105374807476,-9.173032152639147,1.1519092135406381,0.5005533284097703,0.0971435673621538,3.499517711952939e-05,19.159650857441626,29.222517774432173,nan,1.7210071810044458,nan
56.27,210.5071563720703,-181.78778076171875,-9.158441543579102,211.4818286801227,-182.4024724729101,-9.175542656187462,1.1524428211169337,0.5006092647620101,0.09715529641666229,3.5700619014015536e-05,19.180461612041455,29.223926086961043,nan,nan,nan
56.28,210.49880981445312,-181.7794647216797,-9.160689353942871,211.47395020758557,-182.39440394009208,-9.176895642872847,1.152957793009366,0.5006652873932251,0.09716708955374223,3.500386886504871e-05,18.466471875712095,28.48616351297073,nan,0.8735348007236767,nan
56.29,210.49044799804688,-181.77114868164062,-9.162891387939453,211.4660722396098,-182.3863384133879,-9.179305603487313,1.1535035731390462,0.5007213964488811,0.09717894694226732,3.570966497300083e-05,18.482019762563517,29.00735314041877,nan,nan,nan
56.300000000000004,210.4821014404297,-181.76283264160156,-9.16504955291748,211.4582183924923,-182.37610737359992,-9.178785059706714,1.1528655017643845,0.5006406055870795,0.09717004103378664,3.4991375697990585e-05,16.121635628685528,26.169152156762046,0.7483155601700751,6.1136678221258265,nan
56.31,210.4737548828125,-181.75450134277344,-9.167165756225586,211.45033710831478,-182.3680302107623,-9.181080727395498,1.1533967840449997,0.5006964714730019,0.097181942544373,3.569665014946298e-05,16.129879256792016,25.82066388230653,nan,nan,nan
56.32,210.4654083251953,-181.7462158203125,-9.169239044189453,211.4424559011248,-182.35996252709634,-9.183389900776744,1.1539095425811463,0.5007524235572188,0.09719390834715003,3.5000044269780364e-05,16.39949180402668,26.70104316462963,nan,0.0021493401480338135,nan
56.33,210.45706176757812,-181.73800659179688,-9.171270370483398,211.43457475503166,-182.35195008097904,-9.18560368289497,1.1544105389306671,0.5008084619848016,0.09720593860674161,3.570567469416944e-05,16.402670640755417,26.33440037382828,nan,nan,nan
56.34,210.44871520996094,-181.72991943359375,-9.173262596130371,211.42669317632087,-182.34404368585385,-9.186703622623298,1.1548896748576083,0.5008645868997601,0.09721803344848,3.5008715714909696e-05,15.778912267285953,25.58496658894504,nan,0.8138267717860509,nan
56.35,210.4403533935547,-181.72198486328125,-9.175214767456055,211.4196333128803,-182.33747127638992,-9.188826202317632,1.1567186158589997,0.5007837442082342,0.0972092656612441,3.5692649925047675e-05,15.873754249533231,26.470427617398776,0.1184731433796919,nan,nan
56.36,210.4320068359375,-181.7141876220703,-9.177127838134766,211.4117541888031,-182.32985267786657,-9.191234993123242,1.1572153421889988,0.5008396255787263,0.09722140395894681,3.4996186280207976e-05,16.33867005812235,26.13680348332614,nan,0.07363516509299733,nan
56.370000000000005,210.4236602783203,-181.70654296875,-9.17900276184082,211.40387450307398,-182.32238279966228,-9.19328686627972,1.1577057741011387,0.5008955932109069,0.09723360691547982,3.57016463982361e-05,16.335855007572476,26.14865510283748,nan,nan,nan
56.38,210.41531372070312,-181.6990509033203,-9.180840492248535,211.39599419081662,-182.3150632148559,-9.195302250479747,1.158194497861478,0.500951647249128,0.09724587466713663,3.6421417748445735e-05,16.331896320535236,26.161555354084644,nan,nan,nan
56.39,210.40695190429688,-181.69171142578125,-9.18264102935791,211.3881130564324,-182.30789270337613,-9.197281775720574,1.1586936285198073,0.5010077878378897,0.09725820735841746,3.7155644831036894e-05,16.32669254782594,26.73316872426646,nan,nan,nan
56.4,210.3986053466797,-181.68450927734375,-9.184406280517578,211.34553779815585,-182.28520590124938,-9.199669970824173,1.1214947533858768,0.5009268939353864,0.09724957234917932,3.634977674090383e-05,16.756557916516492,25.21081135981741,12.005313374281153,0.1636465376051232,nan
56.410000000000004,210.39024353027344,-181.67745971679688,-9.186137199401855,211.33759570979268,-182.27829835086337,-9.201583748638843,1.1219277214286476,0.5009827906091424,0.09726194780411378,3.708171864942921e-05,16.749615724423048,25.867827012167183,nan,nan,nan
56.42,210.38189697265625,-181.67054748535156,-9.187832832336426,211.32965274350497,-182.27153395215956,-9.204272008830605,1.1223617870309055,0.5010387736067069,0.09727438824797786,3.630238802426638e-05,17.728782726088266,26.260451649178897,nan,0.42815758081694855,nan
56.43,210.37353515625,-181.6637725830078,-9.189495086669922,211.32170849864005,-182.2649067360427,-9.206126990536344,1.122796320527592,0.5010948430726484,0.0972868938381143,3.703304852412378e-05,17.722962992990425,26.671235236659378,nan,nan,nan
56.44,210.36517333984375,-181.65713500976562,-9.191123962402344,211.31376298718754,-182.2584151065244,-9.207584703406901,1.1232234994873007,0.5011509991514194,0.0972994647068865,3.625636958435515e-05,17.695764872833536,26.648473626804698,nan,0.0874904934594803,nan
56.45,210.3568115234375,-181.65061950683594,-9.192720413208008,211.29983269797998,-182.24207870346,-9.209356303224123,1.1132787924609449,0.5010700546487604,0.09729095711655844,3.696228651128828e-05,17.04158402261006,25.654494096805397,8.213493777979389,nan,nan
56.46,210.3484649658203,-181.6442413330078,-9.19428539276123,211.29186522208158,-182.23581339001367,-9.211404126563718,1.1136671824162634,0.5011259664463296,0.09730357003420372,3.618919142877921e-05,17.621885571464162,25.915027164571345,nan,0.05628841886628883,nan
56.47,210.34010314941406,-181.6379852294922,-9.195818901062012,211.283896120508,-182.22967579348878,-9.213132107976666,1.1140658162526031,0.5011819646293904,0.09731624829340015,3.6916579123282495e-05,17.613904435789724,26.177667775660947,nan,nan,nan
56.480000000000004,210.33172607421875,-181.63185119628906,-9.197321891784668,211.27592534750846,-182.22366719281106,-9.216723042985238,1.1145110345295182,0.5012380493424393,0.09732899202910206,3.614602741300228e-05,19.877948387733035,28.783018230039186,nan,2.3686018507431514,nan
56.49,210.3233642578125,-181.6258544921875,-9.1987943649292,211.2679526559193,-182.21777866517778,-9.218411054497578,1.1149019162768494,0.5012942207299768,0.09734180139476302,3.687233986514685e-05,19.87060093142211,28.63534030754046,nan,nan,nan
56.5,210.31500244140625,-181.61996459960938,-9.200238227844238,211.29871847537683,-182.22706052507215,-9.219408987756312,1.1561272491555221,0.5012132262294104,0.09733341579394982,3.608191436349357e-05,19.622975817403987,29.309299624583208,12.51850934580435,0.37295727918670507,nan
56.51,210.30662536621094,-181.61404418945312,-9.201765060424805,211.29080490341977,-182.22135682977373,-9.221090286346687,1.1566380025361003,0.5012691529737746,0.09734626646883149,3.6806307845116186e-05,19.56122372201086,29.68904863545052,nan,nan,nan
56.52,210.29824829101562,-181.60809326171875,-9.20337200164795,211.28288942510733,-182.21562015928043,-9.221368076585986,1.1571218401359016,0.5013251661646055,0.0973591828142898,3.604162995084114e-05,18.377438106425917,28.429443025053516,nan,1.4692770937556292,nan
56.53,210.28988647460938,-181.60211181640625,-9.205060005187988,211.27497168093782,-182.20985548031612,-9.223199270853804,1.157615764279605,0.50138126594643,0.09737216498170861,3.676508323403857e-05,18.319267949043628,27.77615354126777,nan,nan,nan
56.54,210.28150939941406,-181.5961151123047,-9.206827163696289,211.26705233489906,-182.2040577673864,-9.222753496688467,1.1580771984780447,0.5014374524637054,0.09738521310915428,3.600276556300621e-05,16.391308615661742,26.65270628626218,nan,3.7059080919035186,nan
56.550000000000004,210.27313232421875,-181.59007263183594,-9.208672523498535,211.21832329486404,-182.1898941621457,-9.22469326519551,1.119566212145147,0.5013564085592601,0.0973769440461873,3.6702247224104e-05,16.936094374064798,25.209008492263603,13.91821636801308,nan,nan
56.56,210.26475524902344,-181.58401489257812,-9.21059513092041,211.21034271808898,-182.18405605238326,-9.22725093729506,1.1200278884920927,0.5014123500755963,0.097390032721105,3.594317828330956e-05,17.63816844959043,26.190205763294895,nan,0.1743504778240452,nan
56.57,210.25636291503906,-181.57791137695312,-9.212594985961914,211.20236055415057,-182.17818862836725,-9.229381231508265,1.120502605891389,0.5014683780988006,0.09740318740658671,3.666402773317332e-05,17.583506565978134,26.123629487393213,nan,nan,nan
56.58,210.24798583984375,-181.57179260253906,-9.21467113494873,211.1943767033663,-182.1722926645131,-9.231329355287848,1.1209520450468065,0.5015244927732543,0.09741640824232457,3.5907194559811e-05,17.60388223162966,25.928741681058764,nan,0.04513479944596228,nan
56.59,210.23960876464844,-181.56564331054688,-9.216821670532227,211.1863910771881,-182.1663691180332,-9.233610796343648,1.1214054208285003,0.5015806942436016,0.09742969537726007,3.662728249552074e-05,17.549456311155197,25.75359583907366,nan,nan,nan
56.6,210.23121643066406,-181.55946350097656,-9.219045639038086,211.184142588405,-182.160206195684,-9.234130209770974,1.1265822613664052,0.5014996015209946,0.09742153734903358,3.5850625883473775e-05,15.996435661030084,24.79157667978581,0.6739627390430323,2.3372303930933502,nan
56.61,210.22283935546875,-181.55325317382812,-9.221343040466309,211.1761602625685,-182.15421941193216,-9.23654389486155,1.1270369280678996,0.5015555576368528,0.0974348642461693,3.65691110389553e-05,15.946627998843535,24.138845153007313,nan,nan,nan
56.620000000000005,210.21444702148438,-181.54702758789062,-9.223712921142578,211.1681766323161,-182.1482048625755,-9.238136622860548,1.1274849574810348,0.5016116003190977,0.09744825748007825,3.581748667532641e-05,15.413720790000632,24.300125850697956,nan,0.5391761284341735,nan
56.63,210.2060546875,-181.540771484375,-9.226153373718262,211.16019131788653,-182.14216473143753,-9.24068794058576,1.1279458323393907,0.5016677297124853,0.0974617171984556,3.6535326416564915e-05,15.365189120576874,24.104587146515968,nan,nan,nan
56.64,210.19766235351562,-181.53448486328125,-9.228665351867676,211.15220473002645,-182.13609809691812,-9.242996770563556,1.1284037491092398,0.5017239459612259,0.09747524354286993,3.578573840117072e-05,15.300617899689877,23.876821590136746,nan,0.06670792866430938,nan
56.65,210.18927001953125,-181.52818298339844,-9.231246948242188,211.15466033116724,-182.1368154777871,-9.245842885220185,1.141325986912884,0.5016428049983649,0.09746719102162614,3.648022975453259e-05,15.624476122417573,24.752288024404997,3.294603314084509,nan,nan
56.660000000000004,210.18087768554688,-181.52183532714844,-9.233872413635254,211.14669221269787,-182.13071339370637,-9.24624329909259,1.1417894900542003,0.5016987755431667,0.09748075632132597,3.573353534534087e-05,14.046752422639628,22.664147600059522,nan,3.7446771148171933,nan
56.67,210.1724853515625,-181.51548767089844,-9.236495018005371,211.1387221969097,-182.12458805242852,-9.248993879523637,1.1422666666001635,0.5017548327137242,0.09749438828734716,3.644934302438799e-05,14.02740081903185,23.197546676824885,nan,nan,nan
56.68,210.16409301757812,-181.50909423828125,-9.239089012145996,211.13075143226703,-182.1184368684598,-9.250607575252765,1.1427421445531105,0.5018109766541152,0.09750808706218696,3.570455498175342e-05,13.436616551276646,22.06176713931338,nan,0.8534736741614892,nan
56.69,210.15570068359375,-181.502685546875,-9.241643905639648,211.12277908434712,-182.1122620829977,-9.253299433834302,1.1432235292944761,0.5018672075092998,0.09752185279214408,3.641986794742225e-05,13.429359504779633,22.222432663076805,nan,nan,nan
56.7,210.14730834960938,-181.49624633789062,-9.24415397644043,211.17078499555984,-182.1084805932116,-9.25465313144107,1.1926631797997993,0.4950497854661612,0.09751168932619056,3.565520118186524e-05,13.24011056268948,21.877476268440542,1.1999819494609159,1.025644155179728,0.44871505364953745
56.71,210.13890075683594,-181.4897918701172,-9.246617317199707,211.1628353444056,-182.1022318583523,-9.257245296732075,1.1931629112404694,0.495100945413496,0.09752531283076904,3.636917752727945e-05,13.228113050533597,22.51717160131268,nan,nan,nan
56.72,210.13050842285156,-181.4833221435547,-9.249032974243164,211.1548854758681,-182.09595961191383,-9.260415250492166,1.1936509416898007,0.4951521903158984,0.09753899625290431,3.562891046301559e-05,13.7323295722394,22.712986320093464,nan,0.2650989639014749,nan
56.730000000000004,210.1221160888672,-181.476806640625,-9.251401901245117,211.14693414268,-182.08966345360136,-9.262921082030855,1.1941432946502766,0.49520352032108406,0.09755273973813043,3.6342489563891696e-05,13.723145432929845,22.162217627483418,nan,nan,nan
56.74,210.11370849609375,-181.4702911376953,-9.25372314453125,211.1389828012589,-182.08334467319196,-9.266190493705658,1.1946453335665097,0.4952549355706029,0.09756654343004063,3.5603926851035e-05,14.410929262464567,23.836463611282454,nan,0.44680547331315035,nan
56.75,210.10531616210938,-181.46372985839844,-9.255998611450195,211.09262256623248,-182.06200636294494,-9.268707903803337,1.1544999946414005,0.49519049690921163,0.09755857244852043,3.6294649838573606e-05,14.496147032643302,21.583069504905716,13.228766346528406,nan,nan
56.76,210.09690856933594,-181.45716857910156,-9.258228302001953,211.0846032518975,-182.05562209328068,-9.269752269665975,1.154911337040401,0.4952416960444166,0.09757240357996284,3.55586274422912e-05,13.753854219927891,21.782248312190557,nan,1.2193097627948817,nan
56.77,210.0885009765625,-181.4505615234375,-9.260414123535156,211.07658404885515,-182.04921603819093,-9.272074810070956,1.1553490197323253,0.49529298021373225,0.09758629502042973,3.627065108292746e-05,13.743664209328424,21.18289688875079,nan,nan,nan
56.78,210.08010864257812,-181.44395446777344,-9.262557029724121,211.06856546625005,-182.04278867618083,-9.276349459821152,1.1557852449960093,0.4953443495596395,0.09760024691393505,3.553620520049098e-05,15.322321607926746,22.818986605907334,nan,2.7251887313574943,nan
56.79,210.0717010498047,-181.43731689453125,-9.264656066894531,211.06054463928848,-182.0363388524011,-9.278606583894053,1.1562151907832547,0.4953958042284524,0.09761425940537859,3.624795540094181e-05,15.312862096080487,23.016776666411157,nan,nan,nan
56.800000000000004,210.06329345703125,-181.43064880371094,-9.266714096069336,211.01140254051748,-182.01058634212,-9.280275141020171,1.1114955171233165,0.49533124188393035,0.09760636600051685,3.549350705226853e-05,14.825498431115953,21.250445975957177,17.560096726032302,0.15298156858701242,nan
56.81,210.0548858642578,-181.42398071289062,-9.268730163574219,211.003310141098,-182.00405728103587,-9.28244411303168,1.1118387950691155,0.49538248007508234,0.09762040549567258,3.6204139280069006e-05,14.812223771904137,21.76311909279206,nan,nan,nan
56.82,210.04647827148438,-181.41729736328125,-9.270707130432129,210.99521714552287,-181.99752266202998,-9.284835593256357,1.1121899396603367,0.4954338033742519,0.09763450568646291,3.547354127041942e-05,15.218790423467723,21.515218769930136,nan,0.04727053423112957,nan
56.83,210.03807067871094,-181.41070556640625,-9.27264404296875,210.9871232769146,-181.99102847560334,-9.286928489024332,1.1125104756788549,0.49548521192709266,0.09764866671754645,3.6183980053283105e-05,15.200381310145634,21.99619098863168,nan,nan,nan
56.84,210.0296630859375,-181.40420532226562,-9.274542808532715,210.97902707350676,-181.9846194423438,-9.28621609527078,1.1127932410393255,0.49553670587708326,0.0976628887333034,3.5454763660212374e-05,13.373814093468367,19.92786583682754,nan,5.266009606952169,nan
56.85,210.02125549316406,-181.39781188964844,-9.276403427124023,210.9760528572072,-181.98643057660166,-9.288258337099865,1.121717657837663,0.4954720202454407,0.09765506903735537,3.614272610101503e-05,13.974050362260275,20.157257509774553,6.35803509062377,nan,nan
56.86,210.01284790039062,-181.3915557861328,-9.278226852416992,210.9679669455319,-181.98027787607376,-9.290737654393103,1.1220528551463715,0.49552329735577505,0.0976693175961411,3.541571381717654e-05,14.473148302989955,21.053427754569064,nan,0.18991681698295088,nan
56.870000000000005,210.0044403076172,-181.38540649414062,-9.280014038085938,210.95987961172875,-181.9742450412616,-9.292661688529792,1.122388106440234,0.4955746596499093,0.09768362723394836,3.6124984771541936e-05,14.451107254522897,20.673290105559126,nan,nan,nan
56.88,209.99603271484375,-181.37937927246094,-9.281765937805176,210.95179128849978,-181.96833265188522,-9.294980791491133,1.122726666027946,0.49562610727176476,0.09769799809525816,3.53992337133397e-05,14.92570011056829,21.163350654325587,nan,0.12751952192151214,nan
56.89,209.98760986328125,-181.37347412109375,-9.283482551574707,210.94370161523221,-181.96253994558336,-9.296840049373921,1.1230709712559321,0.49567764036632805,0.09771243032457648,3.610841023693589e-05,14.902553776358861,21.57349193588977,nan,nan,nan
56.9,209.9792022705078,-181.36769104003906,-9.285164833068848,210.93937329457518,-181.96267851883434,-9.301770813752638,1.1296965318067498,0.4956128318419606,0.09770468040623324,3.536249126592763e-05,18.154509084287863,24.41239944217143,3.1847872678988365,6.90178654265862,nan
56.910000000000004,209.9707794189453,-181.3620147705078,-9.28681468963623,210.93128858431058,-181.9571427614583,-9.30359391730211,1.130060496099438,0.4956641477356763,0.0977191386931803,3.6070725065606004e-05,18.131725402364864,24.58381843685389,nan,nan,nan
56.92,209.96237182617188,-181.3564453125,-9.288430213928223,210.92320203304067,-181.95172096806903,-9.303482872044382,1.1303868254102314,0.49571554888689134,0.09773365843873771,3.534818947672823e-05,16.707818923627364,22.598985670846957,nan,2.503495286190089,nan
56.93,209.95394897460938,-181.3509979248047,-9.290014266967773,210.915114352105,-181.94641086816702,-9.30522357405254,1.1307461160851793,0.4957670354403259,0.09774823978741966,3.6056393044731874e-05,16.68335348875715,23.167842265683348,nan,nan,nan
56.94,209.94552612304688,-181.3456573486328,-9.291566848754883,210.9070245271231,-181.94121069373452,-9.305141287287187,1.131082328252203,0.49581860754030543,0.097762882883697,3.533493743690523e-05,15.452981668656726,21.860336254902986,nan,2.2244324284244925,nan
56.95,209.93710327148438,-181.34042358398438,-9.293088912963867,210.88598083224574,-181.92936893193678,-9.306875463060354,1.1168774852931587,0.49575367651962693,0.09775519875166398,3.6020949995310225e-05,15.346799661670575,21.454758934390203,2.2702617352735883,nan,nan
56.96,209.92868041992188,-181.33529663085938,-9.294580459594727,210.87786585759184,-181.92436667059638,-9.30790337479913,1.1171991795870753,0.49580503105874096,0.09776986739583546,3.5301389385818775e-05,15.068746771064784,21.18876929803777,nan,0.2546920523081709,nan
56.97,209.92025756835938,-181.33026123046875,-9.296041488647461,210.8697492125286,-181.9194675082052,-9.309502122559593,1.1175328222189025,0.495856470928919,0.09778459787460707,3.600873252361285e-05,15.044093995814094,20.881847595397286,nan,nan,nan
56.980000000000004,209.9118194580078,-181.32533264160156,-9.297473907470703,210.86163082963043,-181.91466910258708,-9.312546745664706,1.117893687414772,0.49590799627461607,0.09779939033236129,3.5290142375780195e-05,16.42082963936472,22.749352676259484,nan,1.5092087988996887,nan
56.99,209.9033966064453,-181.32049560546875,-9.298877716064453,210.85351031772328,-181.90997020105038,-9.314104009016603,1.1182254706415804,0.49595960724035676,0.09781424491374527,3.599753220733448e-05,16.395659325939725,22.14301318074067,nan,nan,nan
57.0,209.89495849609375,-181.31576538085938,-9.300253868103027,210.861540121479,-181.9170993844196,-9.314426993184487,1.138456630638495,0.4958945541200926,0.09780662251954547,3.52585890101278e-05,16.14121149067523,22.70980091445442,7.2964243377249725,0.8848661621151075,nan
57.01,209.88653564453125,-181.31112670898438,-9.301602363586426,210.85344430397384,-181.91262656658753,-9.31591755109506,1.138823673355583,0.4959459471659294,0.09782150211513217,3.5965172972929585e-05,16.114311904671105,22.17284895372612,nan,nan,nan
57.02,209.8780975341797,-181.30657958984375,-9.302924156188965,210.84534654558533,-181.90824759345713,-9.316504542574766,1.1391924611459177,0.4959974256154964,0.09783644391739983,3.524922306895098e-05,15.620807815606689,22.005462586993815,nan,0.5358606703083456,nan
57.03,209.86965942382812,-181.3021240234375,-9.304219245910645,210.83724670002005,-181.90395991245646,-9.317934768209497,1.1395699583227306,0.4960489896132949,0.0978514480711418,3.5955904081520535e-05,15.592995039469898,21.943292469962024,nan,nan,nan
57.04,209.86122131347656,-181.29762268066406,-9.305599212646484,210.8291448040271,-181.8996936890381,-9.319166716022691,1.139977833044093,0.4961006393038171,0.0978665147205213,3.5240761080633176e-05,15.563432686832089,21.914137393063392,nan,0.036221616431572325,nan
57.050000000000004,209.852783203125,-181.29306030273438,-9.307062149047852,210.8247463570258,-181.903562170884,-9.320714795737391,1.147872509609217,0.4960354644817221,0.09785894996195996,3.592545893145324e-05,16.16445301945346,22.08460056367728,6.386956658911266,nan,nan
57.06,209.84432983398438,-181.28846740722656,-9.308606147766113,210.8166486583734,-181.89923537115703,-9.31982125488178,1.148288805419889,0.4960868958943736,0.09787404106812547,3.521193483711834e-05,14.527249657944436,21.095407080086094,nan,4.428923017859863,nan
57.07,209.8358917236328,-181.28382873535156,-9.310233116149902,210.80854882621446,-181.89486109423058,-9.321505466981337,1.14871643528464,0.49613841278275655,0.09788919474996599,3.591799264416876e-05,14.472604757109496,20.613957944942044,nan,nan,nan
57.08,209.8274383544922,-181.2791290283203,-9.311939239501953,210.80044736286592,-181.89044081676244,-9.323622932155534,1.1491671513486506,0.49619001529130835,0.09790441115146115,3.5205178756948065e-05,14.793150867311377,20.992998684926654,nan,0.08613134815069595,nan
57.09,209.81900024414062,-181.27439880371094,-9.313724517822266,210.79234437508913,-181.88597551977352,-9.325473398560968,1.1495924987056976,0.49624170356461234,0.09791969041768153,3.591139143253818e-05,14.739382626017914,20.769913780389043,nan,nan,nan
57.1,209.810546875,-181.26962280273438,-9.31558895111084,210.7751239616774,-181.8751404866596,-9.327362035392605,1.1389465427326815,0.4961764074392587,0.09791217914088382,3.5178035654801087e-05,14.573807039513824,20.775986849872112,1.9973563855402163,5.010760093967967e-06,nan
57.11,209.80209350585938,-181.26480102539062,-9.317530632019043,210.76700180503892,-181.87056907377223,-9.329370568208711,1.1393608464198641,0.49622787707781746,0.0979274822832527,3.5883546306376596e-05,14.519817210354882,20.643732180195112,nan,nan,nan
57.120000000000005,209.79364013671875,-181.2599334716797,-9.319548606872559,210.7588779963881,-181.86595380597407,-9.331741810658304,1.1397778053357133,0.49627943226325016,0.097942848365634,3.517286382954129e-05,14.81990260132526,20.855864712957665,nan,0.05661962553317179,nan
57.13,209.78518676757812,-181.25502014160156,-9.321642875671387,210.75075260949248,-181.86129553518356,-9.333908439607058,1.140191954011885,0.49633107314025143,0.09795827753330386,3.587856791246768e-05,14.76619237040914,20.705920455599024,nan,nan,nan
57.14,209.77671813964844,-181.25006103515625,-9.323811531066895,210.7426262350022,-181.8565956100417,-9.334795429665476,1.1406065426911396,0.4963827998530927,0.09797376992993186,3.516845185048998e-05,13.983500098820315,20.213172927821773,nan,1.2857216426071538,nan
57.15,209.7682647705078,-181.2450714111328,-9.326053619384766,210.7027699004876,-181.84515439758331,-9.337048818374013,1.1106396008547048,0.49631738282417714,0.09796630793412034,3.585231853543601e-05,14.47428779788515,19.44890401304657,11.410651391473692,nan,nan
57.160000000000004,209.7598114013672,-181.2400360107422,-9.328370094299316,210.694588912516,-181.84037977615398,-9.338867245921389,1.1110048704711193,0.49636889054642386,0.09798182360320436,3.514358106426815e-05,14.21837155240304,19.090149858830422,nan,0.21958139348365416,nan
57.17,209.7513427734375,-181.23495483398438,-9.330758094787598,210.68640634701956,-181.83556369694472,-9.34131364778979,1.1113893613876924,0.4964204838863545,0.0979974025745016,3.5848839484792566e-05,14.17158414904224,19.27170123182752,nan,nan,nan
57.18,209.74288940429688,-181.22984313964844,-9.333216667175293,210.6782226143774,-181.83070712186043,-9.34382105254276,1.1117545556408661,0.4964721629880924,0.09801304499146775,3.5140585370485305e-05,14.243912607562779,19.15460732687003,nan,9.496315715272457e-05,nan
57.19,209.7344207763672,-181.2246856689453,-9.33573055267334,210.67003790866465,-181.8258103966523,-9.346403781277811,1.1121350072352554,0.4965239279965549,0.09802875099970289,3.584607896620206e-05,14.202094075071582,19.342367163368383,nan,nan,nan
57.2,209.72596740722656,-181.21949768066406,-9.33824634552002,210.64738101196852,-181.80724090655494,-9.348582547922277,1.0929556110219119,0.4964583904642752,0.09802133403745625,3.51171017424047e-05,13.32524283339621,18.25814825793977,10.529940330395364,0.10783106846933617,nan
57.21,209.71749877929688,-181.21426391601562,-9.340738296508789,210.63916889355917,-181.80222225374342,-9.35117934783787,1.0932885355571829,0.49650993612745425,0.09803706269195807,3.582196953378281e-05,13.305426320205278,18.419783570912717,nan,nan,nan
57.22,209.7090301513672,-181.208984375,-9.343193054199219,210.6309568982592,-181.7971664574685,-9.351799346537845,1.093609234159851,0.49656156747768526,0.09805285500520793,3.511540798321697e-05,12.351408570984429,17.281423313461975,nan,2.6600984505095266,nan
57.230000000000004,209.7005615234375,-181.20367431640625,-9.345605850219727,210.62274305468287,-181.7920713977895,-9.354308887998444,1.0939404210545296,0.49661328466005583,0.09806871112301813,3.582053973624736e-05,12.335985468336148,17.408933835109746,nan,nan,nan
57.24,209.6920928955078,-181.1983184814453,-9.347973823547363,210.61452799092018,-181.7869383302895,-9.357397182687162,1.0942799602474944,0.49666508781843366,0.09808463118852292,3.511433810351127e-05,12.730507830622395,17.60709681971527,nan,0.27078420169132084,nan
57.25,209.68362426757812,-181.1929473876953,-9.350296974182129,210.60320266757768,-181.7825097071751,-9.359801439416241,1.0923820289420356,0.49659943018478764,0.09807725497249561,3.5797729737034386e-05,12.900147670782617,18.095643588909326,0.5069797905514096,nan,nan
57.26,209.67515563964844,-181.18751525878906,-9.35257339477539,210.59498263237387,-181.77731183109915,-9.359775311438865,1.0927001239400842,0.4966510136442105,0.09809319703573832,3.509270251606014e-05,11.835429399899121,16.485049888491083,nan,4.078856033621723,nan
57.27,209.66668701171875,-181.18206787109375,-9.354805946350098,210.58676068882147,-181.77207587586798,-9.362090899157062,1.0930224551821401,0.4967026828604798,0.09810920311320644,3.5797516748257665e-05,11.818808448916295,16.911784930996134,nan,nan,nan
57.28,209.65821838378906,-181.17657470703125,-9.356993675231934,210.57853869529492,-181.76680496162038,-9.363170094677832,1.0933432111463293,0.4967544379772838,0.09812527334783211,3.5092779983305485e-05,11.403190143000487,16.25709371426314,nan,0.9991929616147887,nan
57.29,209.64974975585938,-181.17103576660156,-9.359137535095215,210.57031530400943,-181.76149759249367,-9.365387234044956,1.0936750682966156,0.49680627913998066,0.09814140788573483,3.5797886762377717e-05,11.38803089663471,16.011871628157355,nan,nan,nan
57.300000000000004,209.6412811279297,-181.1654815673828,-9.361239433288574,210.55238870291026,-181.75406556178072,-9.367833866240813,1.0847080797128528,0.49674050180674917,0.09813406808678389,3.507226078503955e-05,11.691799602665391,16.444802345002984,1.2523029829116958,0.08483777278303217,nan
57.31,209.6328125,-181.15988159179688,-9.363299369812012,210.5441480330906,-181.74869093852155,-9.369969502758986,1.0850222999263235,0.49679212291801805,0.09815022395211952,3.57767954767234e-05,11.675800391019902,16.174729693139376,nan,nan,nan
57.32,209.62432861328125,-181.1542510986328,-9.365317344665527,210.53590663149356,-181.74328192555194,-9.372064643934905,1.0853466378979324,0.49684382985415815,0.09816644418137414,3.649563206084534e-05,11.659183022362118,16.552076913800935,nan,nan,nan
57.33,209.61585998535156,-181.14857482910156,-9.36729621887207,210.52766450512414,-181.73783903280753,-9.374120138967864,1.0856640133726423,0.49689562275966964,0.09818272891904797,3.722891503760537e-05,11.643727894098138,15.946449451039271,nan,nan,nan
57.34,209.6073760986328,-181.14288330078125,-9.369235038757324,210.51942205790408,-181.7323633051385,-9.375474922161592,1.0859804065934966,0.49694750177844665,0.09819907830861845,3.64391852982884e-05,11.440510445913134,16.438570848657537,nan,0.28496126090190677,nan
57.35,209.59890747070312,-181.13714599609375,-9.371135711669922,210.53762451906144,-181.73569877846506,-9.377496583830087,1.1133263631377925,0.4968816051501161,0.09819177056455514,3.714738236386476e-05,11.32222464963098,16.368539455757983,6.060599922768526,nan,nan
57.36,209.59043884277344,-181.13145446777344,-9.372997283935547,210.5294250719417,-181.73019723290457,-9.378495515993484,1.1136508734429524,0.49693326376602903,0.09820814058966527,3.63619401442358e-05,11.041128860953476,16.353472801093016,nan,0.5733027590030364,nan
57.370000000000005,209.5819549560547,-181.12582397460938,-9.374822616577148,210.52122438327743,-181.72474721106445,-9.380385503276088,1.113987004318087,0.49698500827516073,0.09822457532660336,3.7091586886436064e-05,11.019553132769662,16.43872431747481,nan,nan,nan
57.38,209.57347106933594,-181.1202850341797,-9.376611709594727,210.51302347200277,-181.71937976477486,-9.381339814668241,1.1143139452423205,0.49703683882067656,0.09824107491771544,3.630934212893627e-05,10.775664334474936,16.175613687556666,nan,0.5303425299293566,nan
57.39,209.56500244140625,-181.11485290527344,-9.378365516662598,210.5048211973145,-181.7141072174098,-9.383149808193581,1.1146245619115038,0.49708875554845267,0.09825763950969427,3.7037752424708495e-05,10.752364697208318,15.928445542362669,nan,nan,nan
57.4,209.5565185546875,-181.10951232910156,-9.380083084106445,210.52778365295464,-181.72435862522033,-9.383319462566746,1.149522654456355,0.49702274002842245,0.09825035942130325,3.623613680372387e-05,10.701476737576202,16.721302582096936,10.426818358741464,1.628048193990559,nan
57.410000000000004,209.54803466796875,-181.1042938232422,-9.381767272949219,210.51963226706133,-181.7193214343513,-9.3850451179561,1.149900691910789,0.4970744360031131,0.09826694393586895,3.6962473421552296e-05,10.676803925758911,17.039451369576078,nan,nan,nan
57.42,209.53956604003906,-181.0991668701172,-9.383418083190918,210.51147933865545,-181.71438673550554,-9.387625453776572,1.15027329133693,0.4971262179366077,0.09828359350330833,3.618733279903175e-05,10.850659589152887,16.56912487889433,nan,0.5198038372862805,nan
57.43,209.5310821533203,-181.09413146972656,-9.385035514831543,210.50332607334516,-181.70955503567635,-9.389294522213307,1.150661785537138,0.4971780859749337,0.09830030827044284,3.691258946413752e-05,10.828766918709073,16.70789202625191,nan,nan,nan
57.44,209.52259826660156,-181.08921813964844,-9.386621475219727,210.495172402236,-181.70482479806984,-9.390103222272177,1.1510361114058758,0.4972300402610281,0.09831708837942042,3.614037356444841e-05,10.646903559310667,16.949877352843263,nan,0.45408920436641215,nan
57.45,209.5141143798828,-181.08438110351562,-9.388175010681152,210.4935251237599,-181.69719460115147,-9.39173642463258,1.155334787745901,0.4971639062564294,0.09830983152125031,3.6841421686661624e-05,10.176784572038732,16.389711558853097,3.2592444823661118,nan,nan
57.46,209.50563049316406,-181.07965087890625,-9.389698028564453,210.48538055488544,-181.69264090229262,-9.391072586079224,1.155711400663084,0.49721563944028946,0.09832663081904762,3.60730032697281e-05,9.860020236700574,16.26514900139845,nan,3.3088789341733813,nan
57.47,209.4971466064453,-181.07501220703125,-9.391190528869629,210.47723320057807,-181.68818038351472,-9.39258963818216,1.1560912170575814,0.49726745865084243,0.09834349551178391,3.679540141859208e-05,9.83639708389354,16.14585877147407,nan,nan,nan
57.480000000000004,209.4886474609375,-181.07046508789062,-9.392653465270996,210.46908453902856,-181.68381306921515,-9.394177571705983,1.1564838663773147,0.4973193640308929,0.09836042574150368,3.602972925112939e-05,9.822992066481007,16.486464596648748,nan,0.006626035140328932,nan
57.49,209.48016357421875,-181.06602478027344,-9.394086837768555,210.46093450990006,-181.67953716870718,-9.395638345774277,1.1568541335086107,0.4973713557266688,0.09837742165518876,3.67512537038274e-05,9.798671039760693,16.36678903525211,nan,nan,nan
57.5,209.4716796875,-181.0616455078125,-9.395491600036621,210.4683384825219,-181.68181970357585,-9.39870484259764,1.173863327527084,0.4973051036426609,0.09837018356948063,3.5966162063687205e-05,10.052974760148922,16.47499902974893,2.5671480699245075,1.5733692691164063,nan
57.51,209.4631805419922,-181.057373046875,-9.396868705749512,210.46021187742144,-181.67773119786284,-9.400127692011251,1.1742769436194986,0.4973568738882753,0.098387197917888,3.668597644044116e-05,10.030755812034949,17.232121299158838,nan,nan,nan
57.52,209.45468139648438,-181.0531768798828,-9.398219108581543,210.45208368598983,-181.67372854759805,-9.401718339608795,1.1746948301719347,0.49740873022442506,0.09840427799486842,3.592646938836586e-05,10.058342958840168,17.032347380178546,nan,0.025342209261882243,nan
57.53,209.44619750976562,-181.049072265625,-9.399541854858398,210.44395420343506,-181.66981030638388,-9.40309004987931,1.1750943471463187,0.49746067279745065,0.09842142394748209,3.664554200384147e-05,10.037348637794876,16.715867706210467,nan,nan,nan
57.54,209.4376983642578,-181.0450439453125,-9.400837898254395,210.4358243699825,-181.66597591875527,-9.402999293416375,1.1755070015004114,0.4975127017499861,0.09843863591765074,3.588850933858146e-05,9.800393870662694,16.742848580654023,nan,1.384786012749871,nan
57.550000000000004,209.42919921875,-181.0410919189453,-9.402108192443848,210.43397291796055,-181.66938016572408,-9.404269129321477,1.1850404960649101,0.4974463319962531,0.0984314121266907,3.65840717828389e-05,10.184106329497434,17.093270543576764,2.7945408880418765,nan,nan
57.56,209.4207000732422,-181.0372314453125,-9.403353691101074,210.42585109423356,-181.66572888532278,-9.40424153166986,1.1854696939864624,0.49749813915181507,0.09844864175745412,3.583035674844539e-05,10.054810462659875,17.162017343471703,nan,1.1526537317157097,nan
57.57,209.41220092773438,-181.03343200683594,-9.404574394226074,210.41772654199812,-181.66215447215077,-9.405485524135935,1.185906627643915,0.4975500324646985,0.09846593745196222,3.654722285317104e-05,10.03341426332889,16.774918975789735,nan,nan,nan
57.58,209.4036865234375,-181.0295867919922,-9.405879974365234,210.40960105415624,-181.65859159132575,-9.405788559752803,1.1863857252396393,0.49760201207744603,0.09848329935208294,3.5795808759635934e-05,9.99312047319104,17.314325053226625,nan,0.637296529622448,nan
57.59,209.3951873779297,-181.0256805419922,-9.407269477844238,210.40147297458176,-181.65497233184317,-9.407139577449364,1.1868525079711427,0.49765407813653695,0.09850072760496237,3.651210399927098e-05,9.976574778820943,16.702317786841615,nan,nan,nan
57.6,209.38668823242188,-181.021728515625,-9.40874195098877,210.38738965990328,-181.65175163309033,-9.409878516879647,1.1825116351588558,0.49758759112021234,0.09849351360380076,3.57411307914604e-05,10.242102446069739,16.84358928468043,0.9665172931713121,1.0733057786992943,nan
57.61,209.378173828125,-181.01771545410156,-9.410296440124512,210.37924865771456,-181.64803231178757,-9.411410878010695,1.1829841070330265,0.49763943503674296,0.0985109587235563,3.645601677266162e-05,10.223053364044468,17.05902002105513,nan,nan,nan
57.620000000000005,209.36965942382812,-181.01365661621094,-9.411931991577148,210.37110636665633,-181.64426020299322,-9.412616266745346,1.1834514486007262,0.49769136517280727,0.09852847023345948,3.5709859767569123e-05,10.184587724552024,17.119308984912298,nan,0.11363138818108388,nan
57.63,209.3611602783203,-181.00953674316406,-9.41364860534668,210.36296223875726,-181.64043506132955,-9.414308548275345,1.1839089033046555,0.49774338167495447,0.09854604828068687,3.642428383883267e-05,10.167188102152615,16.4841242141459,nan,nan,nan
57.64,209.35264587402344,-181.00537109375,-9.415443420410156,210.35481534147456,-181.63655629877996,-9.417836299741285,1.1843749956882255,0.4977954846856206,0.09856369300705557,3.568016767804588e-05,10.298531861999349,17.12043889685828,nan,2.0904880124888288,nan
57.65,209.34413146972656,-181.00115966796875,-9.417317390441895,210.36431295253377,-181.633605850394,-9.41975209860175,1.2003184408026015,0.49772888081890676,0.09855648427659287,3.637162647994623e-05,9.830671613011441,17.50139705204991,5.044226135505899,nan,nan
57.660000000000004,209.3356170654297,-180.99688720703125,-9.419268608093262,210.35619507622272,-181.62961282331932,-9.420467917599462,1.2008008244353723,0.4977807613425857,0.09857414505688039,3.5630375042143476e-05,9.69104903296212,17.121437918834022,nan,1.0370077665602284,nan
57.67,209.3271026611328,-180.99256896972656,-9.421296119689941,210.34807512858256,-181.6255684632986,-9.422483567385095,1.2012803786730755,0.4978327281513885,0.09859187255553233,3.634312738289009e-05,9.67218585601813,17.163276792389613,nan,nan,nan
57.68,209.31858825683594,-180.9882049560547,-9.423399925231934,210.3399544862595,-181.62147502425333,-9.424126996687818,1.2017572477485292,0.4978847813877022,0.09860966691435713,3.56037542696499e-05,9.630719061386138,17.159413592487827,nan,0.13761481520883265,nan
57.69,209.31007385253906,-180.98377990722656,-9.425578117370605,210.33183250223613,-181.6173322359722,-9.426291426228337,1.2022394937363057,0.49793692119815114,0.09862752828054927,3.631618301070255e-05,9.613391301816973,16.884968459241907,nan,nan,nan
57.7,209.30154418945312,-180.9793243408203,-9.42782974243164,210.36536345938111,-181.61716408169136,-9.428938930990519,1.2403838939634055,0.49787020089032147,0.09862032027961191,3.555705512672658e-05,8.740119339239811,18.73163271121377,24.820050201157834,0.22007793261735398,nan
57.71,209.29302978515625,-180.9748077392578,-9.430154800415039,210.35730821123917,-181.61289737766344,-9.431255773143729,1.2409061878349708,0.4979221178705847,0.09863819686792327,3.626831811225767e-05,8.721760476665255,17.87819466433645,nan,nan,nan
57.72,209.28451538085938,-180.97024536132812,-9.432552337646484,210.3737182688034,-181.5773007731258,-9.43327577676401,1.246948165507542,0.4974956684643381,0.09787390552984099,3.5533321574928456e-05,7.487464767507522,16.64360495131547,nan,0.09716140765304353,1.2510638381234391
57.730000000000004,209.27598571777344,-180.96563720703125,-9.435009002685547,210.36569107399006,-181.5728726742889,-9.435729185274447,1.247474727089004,0.49754660196502576,0.09788854463846998,3.624434845760125e-05,7.468261261164083,17.126073117852783,nan,nan,nan
57.74,209.26747131347656,-180.96099853515625,-9.437471389770508,210.35766023368865,-181.56840063866423,-9.438915460760244,1.2479788790040218,0.4975976206792378,0.09790324380703716,3.5511023098600716e-05,7.4932024890803035,16.98462819810081,nan,0.3355776370230691,nan
57.75,209.2589569091797,-180.956298828125,-9.439910888671875,210.35525631374904,-181.56991465056535,-9.441445409784206,1.2563435504523857,0.49753326336231246,0.09789531041332551,3.619950060411436e-05,7.7908956599995225,16.99902946326402,2.8561191482839896,nan,nan
57.76,209.25042724609375,-180.95155334472656,-9.442316055297852,210.34724091005677,-181.565367469809,-9.442937064283617,1.256888371836914,0.4975840663616165,0.09791003234615284,3.5468624775928665e-05,7.718514901858909,17.385782577787598,nan,0.6438055753062476,nan
57.77,209.24191284179688,-180.94676208496094,-9.444679260253906,210.33922095555994,-181.56077894307762,-9.445350017224902,1.2574188834659077,0.49763495441427646,0.09792481447521864,3.617840892249755e-05,7.702487562431492,16.834673823724245,nan,nan,nan
57.78,209.23338317871094,-180.9419403076172,-9.446999549865723,210.33119419867222,-181.55615158301555,-9.449232149310419,1.2579544947553538,0.4976859276138783,0.097939656913006,3.5449022460739715e-05,7.811673589823562,17.68661748088928,nan,1.5700927451203321,nan
57.79,209.224853515625,-180.93707275390625,-9.449275016784668,210.32317325419774,-181.5514759794176,-9.451575325770301,1.2584922975841677,0.4977369861550953,0.09795455983536891,3.61586803712796e-05,7.798688542058615,17.60325822535529,nan,nan,nan
57.800000000000004,209.21633911132812,-180.93214416503906,-9.451506614685059,210.32923401977473,-181.55187208885437,-9.455278791723458,1.273817885775834,0.49767251673420115,0.09794668755896227,3.540931439345501e-05,8.03092524803692,17.54882475953056,1.7469107942947433,1.4044842016448353,nan
57.81,209.2078094482422,-180.9272003173828,-9.453693389892578,210.3212355016002,-181.54711622291208,-9.45754868141626,1.2743736381051294,0.49772335924063155,0.09796161280731941,3.611799923308194e-05,8.02142971510086,18.61194662804432,nan,nan,nan
57.82,209.19927978515625,-180.9221954345703,-9.45583724975586,210.31323774275666,-181.54231758258487,-9.459501069317714,1.2749381292177433,0.49777428682666625,0.09797659860942103,3.539225022875535e-05,7.971557349361478,18.122610477650653,nan,0.052190835688800244,nan
57.83,209.19076538085938,-180.9171600341797,-9.457938194274902,210.3052384184605,-181.53747850595124,-9.46168386666613,1.2754839034745002,0.4978252996837143,0.09799164513843608,3.610087865679701e-05,7.96297675459491,17.798932481452013,nan,nan,nan
57.84,209.18223571777344,-180.91207885742188,-9.459997177124023,210.29724694423714,-181.53259211422403,-9.461720582257152,1.2760445553085407,0.4978763979100957,0.09800675251081369,3.537640141505483e-05,7.640385709402518,17.865937619066685,nan,3.0610994265917175,nan
57.85,209.1737060546875,-180.90695190429688,-9.462015151977539,210.30009258638995,-181.5356973392701,-9.463908326315305,1.2899887692958427,0.49781181667371627,0.0979989376194497,3.60627898277951e-05,7.946494429091848,18.409133664165296,3.8981426162624704,nan,nan
57.86,209.16517639160156,-180.90179443359375,-9.463993072509766,210.29210387441455,-181.530765089689,-9.467494320608049,1.2905742506676439,0.4978626985472841,0.09801406685655452,3.534039106606505e-05,8.17626602303114,18.79380968414986,nan,1.6490300599618928,nan
57.870000000000005,209.1566619873047,-180.89659118652344,-9.46593189239502,210.28412074502975,-181.52578865326268,-9.469513468676823,1.2911489186808354,0.49791366562058204,0.09802925705929744,3.604811264960782e-05,8.168506044358468,18.121640084078084,nan,nan,nan
57.88,209.14813232421875,-180.891357421875,-9.4678316116333,210.27613493974246,-181.52077512041708,-9.472129167918693,1.29173333504109,0.4979647179950974,0.09804450834663478,3.532685465508419e-05,8.317715217032037,18.93863481002056,nan,0.2791088504304061,nan
57.89,209.1396026611328,-180.8861083984375,-9.469693183898926,210.26815123450308,-181.5157382882816,-9.474079096643717,1.2923137842148706,0.4980158558576323,0.0980598208880294,3.603460365095987e-05,8.310602098102693,18.69703818500422,nan,nan,nan
57.9,209.13107299804688,-180.88092041015625,-9.471518516540527,210.2722094560098,-181.52066901037009,-9.477008593401353,1.3082434131734229,0.4979511630014706,0.0980520595338713,3.529313266637355e-05,9.034259304746522,20.014210953544566,5.640158327406937,0.657857992527469,nan
57.910000000000004,209.12254333496094,-180.87579345703125,-9.473306655883789,210.26424512698307,-181.51574821469472,-9.478896662662288,1.3088377752565246,0.4980020841915203,0.09806739345332853,3.6000057252595725e-05,9.02789220480633,19.734528626685737,nan,nan,nan
57.92,209.114013671875,-180.87075805664062,-9.475059509277344,210.25628018773853,-181.51090982279095,-9.4808324542719,1.309427509968493,0.498053090613901,0.09808278869485917,3.528175309964141e-05,9.083493539268908,19.819446441151946,nan,0.004734391875277424,nan
57.93,209.10548400878906,-180.86582946777344,-9.476777076721191,210.2483150439274,-181.506161910444,-9.482652288925514,1.3100087519288748,0.4981041824523637,0.09809824542559709,3.598875919858137e-05,9.075911516780193,20.0254277114905,nan,nan,nan
57.94,209.09695434570312,-180.86099243164062,-9.478461265563965,210.24034436038468,-181.501511771544,-9.485813386755042,1.310595209875933,0.4981553598128421,0.09811376376794309,3.527140392927547e-05,9.62745829376895,20.47669574148784,nan,1.3137745279938604,nan
57.95,209.0884246826172,-180.8562469482422,-9.480111122131348,210.24760459099625,-181.50019350591705,-9.487553522440589,1.32605453072389,0.49809055561850535,0.09810605209803039,3.595639332478402e-05,9.438811573015975,21.040899715145823,2.8785319508365412,nan,nan
57.96,209.07989501953125,-180.85159301757812,-9.481728553771973,210.23966661284192,-181.49572154318665,-9.488334997398757,1.326655701849716,0.49814151598857936,0.09812159130922068,3.5240792334503314e-05,9.11574184764039,20.635277176019045,nan,0.6324031470732137,nan
57.97,209.0713653564453,-180.84703063964844,-9.48331356048584,210.2317246038226,-181.4913448611729,-9.490028518103466,1.327260143938822,0.49819256170213366,0.09813719224116506,3.5947147794095714e-05,9.110727013791513,20.586755073712805,nan,nan,nan
57.980000000000004,209.06283569335938,-180.84255981445312,-9.48486614227295,210.22378130071738,-181.48705993794408,-9.491848214540047,1.327864398858875,0.49824369286801873,0.09815285501841603,3.52323823704208e-05,9.219226973324178,20.68218736640926,nan,0.017138311517135674,nan
57.99,209.05430603027344,-180.8381805419922,-9.48638916015625,210.21583779000034,-181.48286446068798,-9.493482540205214,1.3284666724911636,0.498294909665725,0.09816857980492309,3.5938881650051956e-05,9.214820673677776,20.66368597076711,nan,nan,nan
58.0,209.04576110839844,-180.83387756347656,-9.48788070678711,210.24594203203793,-181.49416063559187,-9.492503826967038,1.369828222088584,0.49822999433745635,0.09816091386850977,3.52036756378902e-05,8.508375695750361,22.271341540999106,13.129390964810828,5.038578493319277,nan
58.01,209.0372314453125,-180.8296661376953,-9.489343643188477,210.23806044316842,-181.4901615214587,-9.494055251008369,1.3704986805220405,0.49828099382538715,0.09817665899008376,3.590946204430974e-05,8.499728221973868,21.71947431712773,nan,nan,nan
58.02,209.0286865234375,-180.82554626464844,-9.490777015686035,210.230169396677,-181.48625360938377,-9.498190686253961,1.371185710466082,0.49833207869518453,0.09819246618692358,3.519705782086994e-05,9.42259232626867,23.333067887433405,nan,4.763244303092254,nan
58.03,209.02015686035156,-180.82150268554688,-9.492181777954102,210.22228606326445,-181.48242223650612,-9.499712177594258,1.3718549414041146,0.49838324912356835,0.09820833562100152,3.590302898136876e-05,9.420986504120352,22.565212268534058,nan,nan,nan
58.04,209.01161193847656,-180.81753540039062,-9.493557929992676,210.21439507472516,-181.4786769576702,-9.503179406168242,1.3725479971242747,0.4984345052234427,0.09822426741979781,3.519129474259249e-05,10.45269565803823,24.052475550987058,nan,2.718919105886877,nan
58.050000000000004,209.00308227539062,-180.81365966796875,-9.49490737915039,210.21235105204264,-181.46972872095182,-9.504706926655661,1.3758101640847331,0.4983694790369157,0.0982166432556857,3.587540447152416e-05,9.975682813988016,23.742975308058544,7.662862406036445,nan,nan
58.06,208.99453735351562,-180.8098602294922,-9.496230125427246,210.20447164104374,-181.46610709602234,-9.507024820184588,1.3764873611485555,0.4984205175092686,0.09823259483369294,3.5165147287961124e-05,10.592661328485296,24.877450801217556,nan,0.5128852291516646,nan
58.07,208.98599243164062,-180.80612182617188,-9.497526168823242,210.19659388163802,-181.46256010796301,-9.508469215799513,1.3771662349962808,0.49847164146632106,0.09824860887332795,3.5870657393435465e-05,10.598678788444412,24.51890355283077,nan,nan,nan
58.08,208.9774627685547,-180.80247497558594,-9.498795509338379,210.1887116293768,-181.45909062674406,-9.510943654695604,1.3778299944566024,0.4985228510235907,0.09826468550387753,3.5160974447046087e-05,11.438174759947447,25.030883980518002,nan,0.7788280047144044,nan
58.09,208.9689178466797,-180.79888916015625,-9.500041007995605,210.1808316089231,-181.45569227542845,-9.512348917407406,1.3785052716549069,0.49857414635396613,0.0982808248846373,3.586671380037868e-05,11.445811529633819,25.318849133846438,nan,nan,nan
58.1,208.9603729248047,-180.79537963867188,-9.501260757446289,210.19335228973762,-181.46019665687345,-9.512455064356724,1.4008372833944884,0.49850900952164123,0.09827323844985152,3.513637856751594e-05,10.81023721507907,25.900295456159608,3.598837222689048,1.1744690162234426,nan
58.11,208.9518280029297,-180.79193115234375,-9.502456665039062,210.18550402318812,-181.4569505971846,-9.513800365994856,1.4015477389402344,0.49856008690551373,0.09828939703026185,3.5841485999220385e-05,10.816114385994702,25.641328506635304,nan,nan,nan
58.120000000000005,208.94326782226562,-180.78855895996094,-9.503628730773926,210.17765929758642,-181.45377047647298,-9.513508187329242,1.4022575653947182,0.4986112498175482,0.09830561842406255,3.513366147377758e-05,9.985368104993512,25.504569537469887,nan,1.8261083811556054,nan
58.13,208.93472290039062,-180.78526306152344,-9.504776954650879,210.16980846045792,-181.45066182415147,-9.514791761590129,1.4029583565992525,0.4986624984281822,0.09832190278890812,3.583902833513174e-05,9.987203780847528,24.9769081459376,nan,nan,nan
58.14,208.92617797851562,-180.78189086914062,-9.506011009216309,210.1619578512575,-181.44755503743832,-9.5155498217414,1.403692155628792,0.49871383285653137,0.09833825025651836,3.513163809124077e-05,9.765243931164042,24.379139395139465,nan,0.21803442772045528,nan
58.15,208.91761779785156,-180.77845764160156,-9.507330894470215,210.11061646147874,-181.43430532025562,-9.516853616133343,1.3614230316988256,0.4986485856492108,0.0983306974939696,3.5815246301331546e-05,10.075487004954542,22.80984848391771,20.92178584512306,nan,nan
58.160000000000004,208.90907287597656,-180.7749786376953,-9.508733749389648,210.10269256020936,-181.43108375715977,-9.516882905400099,1.362082334926623,0.4986997018135591,0.09834706356009718,3.510910102606202e-05,9.420811657505217,21.791404974822886,nan,1.4766446308308707,nan
58.17,208.9005126953125,-180.77142333984375,-9.51021957397461,210.0947634040237,-181.42780559803242,-9.518432786261128,1.3627691957841261,0.4987509036013561,0.09836349281452378,3.581414208650501e-05,9.399457133810495,21.985800603063712,nan,nan,nan
58.18,208.8919677734375,-180.767822265625,-9.511788368225098,210.08683497956218,-181.42446751897245,-9.51943763315358,1.3634328513974896,0.49880219113400137,0.09837998539045129,3.510835209648958e-05,9.168716995050648,21.34109189089326,nan,0.2770940829482913,nan
58.19,208.88340759277344,-180.76416015625,-9.513437271118164,210.07890379984002,-181.42107259328364,-9.521147134123693,1.3641131085902025,0.4988535645785743,0.09839654144333584,3.581368270546224e-05,9.147979664217601,21.804771183084302,nan,nan,nan
58.2,208.87484741210938,-180.7604522705078,-9.515166282653809,210.0988806861552,-181.4292217595059,-9.52325796412663,1.3948389013413705,0.4987882072164926,0.09838901822842627,3.508705088450992e-05,9.448627971762265,23.746023090082897,7.1099864462004,0.10737977783725638,nan
58.21,208.8662872314453,-180.7566680908203,-9.516975402832031,210.09099404704986,-181.42573021796352,-9.525132167418333,1.3955706528062786,0.498839362078558,0.0984055922558533,3.579180595584588e-05,9.428507792209425,23.30902348732061,nan,nan,nan
58.22,208.8577423095703,-180.75283813476562,-9.518861770629883,210.08310889106454,-181.42218095692402,-9.526172620911009,1.3962795282999938,0.49889060261182533,0.09842222981982067,3.5087456901539516e-05,9.079754605460094,22.48858774049214,nan,0.586114553849661,nan
58.230000000000004,208.84918212890625,-180.7489471435547,-9.520825386047363,210.07522036254002,-181.41857787998393,-9.528196100190296,1.3970073016736761,0.4989419289812574,0.09843893107445448,3.579252315075725e-05,9.06121606422858,22.925977666147332,nan,nan,nan
58.24,208.8406219482422,-180.74501037597656,-9.522866249084473,210.067331055037,-181.4149200044685,-9.530322736877142,1.3977302108238634,0.4989933413113696,0.09845569615493074,3.508841347064842e-05,9.114303668603766,23.08625984087155,nan,0.0004488090037983591,nan
58.25,208.83206176757812,-180.7410125732422,-9.524982452392578,210.06262794929575,-181.41079435669536,-9.532399608636442,1.4010552377545806,0.4989278740615729,0.09844819834684387,3.5771784486179075e-05,8.961802827354656,23.04449001471905,0.84282706794055,nan,nan
58.26,208.82350158691406,-180.73696899414062,-9.527173042297363,210.05474238883352,-181.4070239127587,-9.534846460040471,1.401779721502413,0.49897906749201043,0.09846498075685312,3.506872959233646e-05,9.0893816625265,23.257929738863815,nan,0.026518199087618186,nan
58.27,208.81494140625,-180.7328643798828,-9.529437065124512,210.04685659548977,-181.40320027213463,-9.537176277357707,1.4025067334336354,0.4990303466822093,0.09848182706767111,3.577356213514527e-05,9.071726680994262,23.058979618516975,nan,nan,nan
58.28,208.80636596679688,-180.7287139892578,-9.531774520874023,210.03897325922307,-181.39932221281765,-9.538350909237,1.4032388876211415,0.4990817117586342,0.09849873741565986,3.507068305693203e-05,8.61699873149021,23.286644442909804,nan,1.0630660369861313,nan
58.29,208.7978057861328,-180.72451782226562,-9.53417682647705,210.0310863768915,-181.39539459274042,-9.540812620667467,1.4039589347517634,0.49913316288337434,0.09851571195318433,3.5775845610392996e-05,8.601051313355294,22.72083973463396,nan,nan,nan
58.300000000000004,208.78924560546875,-180.7202606201172,-9.53658676147461,210.0126213143984,-181.38274210228246,-9.54304542062819,1.3912481998870858,0.49906758597336753,0.09850823535621267,3.5051960560504544e-05,8.24748688225232,21.762520729815176,4.3075023220141055,0.012576486797902929,nan
58.31,208.7806854248047,-180.71595764160156,-9.538976669311523,210.0047161959483,-181.37868824195738,-9.5455356082548,1.3919433167462238,0.49911881788048373,0.09852522655628337,3.5756584757812994e-05,8.247233040105783,21.818453238551978,nan,nan,nan
58.32,208.77212524414062,-180.71160888671875,-9.54133415222168,209.99680926648338,-181.37458576554278,-9.548618457293488,1.3926386313531804,0.49917013559859846,0.09854228200118383,3.50548074653416e-05,8.544294189848383,22.126720862113977,nan,0.2691131763139912,nan
58.33,208.7635498046875,-180.7071990966797,-9.54365062713623,209.98890340159696,-181.37043334273335,-9.551053366404059,1.3933506030952802,0.4992215392880157,0.09855940184222889,3.575977669322934e-05,8.550103937722099,22.484358726620293,nan,nan,nan
58.34,208.75498962402344,-180.7027587890625,-9.545924186706543,209.98100008339716,-181.36623050018886,-9.552246015104283,1.3940359835646305,0.49927302907783516,0.09857658621734114,3.5058081158565344e-05,8.143918707486868,21.79901474023028,nan,1.0167635757632736,nan
58.35,208.74642944335938,-180.69825744628906,-9.548154830932617,209.95728982805417,-181.35285949721916,-9.554512062189255,1.3764908756306264,0.4992073427720231,0.09856912661886436,3.5741390039262636e-05,7.91697948074088,20.62296966233841,3.620775760600573,nan,nan
58.36,208.7378692626953,-180.69371032714844,-9.550342559814453,209.94936226344208,-181.3485386713735,-9.554385526235594,1.3771462510700963,0.4992586130274708,0.09858632696907263,3.5040596871196406e-05,7.239636553261249,19.925951773613185,nan,4.136917811121763,nan
58.370000000000005,208.7292938232422,-180.68911743164062,-9.552486419677734,209.94142872430365,-181.3441744810035,-9.556615937112504,1.3778199480358548,0.49930996917656917,0.09860359191848259,3.574539117339476e-05,7.236843062581723,20.497718934269095,nan,nan,nan
58.38,208.72073364257812,-180.68447875976562,-9.554587364196777,209.93348911880338,-181.3397675535414,-9.561401550911349,1.3784867360635151,0.4993614113500435,0.09862092160594013,3.504463001537445e-05,8.071726642923645,20.729579346768688,nan,4.750326579460315,nan
58.39,208.71217346191406,-180.6798095703125,-9.556647300720215,209.9255548466871,-181.33531117348338,-9.563574661056336,1.3791391245971396,0.4994129397057958,0.09863831618138746,3.574977958665303e-05,8.075240637924265,21.00181372745296,nan,nan,nan
58.4,208.70359802246094,-180.67507934570312,-9.55866527557373,209.92700408385372,-181.32922352101548,-9.566302189820997,1.3873302835326895,0.4993471442384342,0.09863086932498731,3.5027874657587685e-05,8.11253992443483,21.987673026631956,3.9401657868802893,0.16022046206458218,nan
58.410000000000004,208.69503784179688,-180.67030334472656,-9.560644149780273,209.91908548487845,-181.32466013464767,-9.568402507250681,1.3879969860053947,0.4993984527425033,0.09864827916696411,3.573250849800736e-05,8.119371826983052,21.33183359925217,nan,nan,nan
58.42,208.6864776611328,-180.6654815673828,-9.562582969665527,209.91116680559935,-181.32005263189757,-9.570463960550343,1.3886644263793493,0.4994498472001273,0.09866575394965466,3.6451456021059565e-05,8.126268304108287,21.27078933105693,nan,nan,nan
58.43,208.6779022216797,-180.66062927246094,-9.564482688903809,209.9032478294064,-181.3154013959813,-9.572487306079086,1.3893388593178613,0.49950132775580647,0.09868329381755914,3.718486172694429e-05,8.132026471412283,22.129367372826305,nan,nan,nan
58.44,208.66934204101562,-180.65574645996094,-9.56634521484375,209.89532449025916,-181.31072300138032,-9.576512872656112,1.3900110132399166,0.4995528945479431,0.09870089891285615,3.63987489851573e-05,9.236124181348439,22.270321869675353,nan,2.7115177584623207,nan
58.45,208.66078186035156,-180.6509246826172,-9.568170547485352,209.84649867315846,-181.28364452271853,-9.578475041572084,1.3440107658903677,0.49948699018184956,0.09869346052574422,3.7107109013637366e-05,8.80039904184488,20.66898964068344,20.220348781621812,nan,nan
58.46,208.65220642089844,-180.64614868164062,-9.56995964050293,209.8385120094498,-181.27898158362183,-9.58002179005007,1.3445815996478816,0.4995383368061086,0.09871108015916022,3.63250242487362e-05,8.710490076239104,20.569230401121033,nan,0.09808171144483493,nan
58.47,208.64364624023438,-180.64146423339844,-9.571712493896484,209.83052443375632,-181.2743932937438,-9.581916969321979,1.34513314322646,0.4995897694559012,0.09872876507626535,3.7054890884915726e-05,8.717257854337975,20.26000455012478,nan,nan,nan
58.480000000000004,208.6350860595703,-180.63687133789062,-9.573431015014648,209.8225366980253,-181.26988841813522,-9.583846025258259,1.3456812828775253,0.4996412882646526,0.09874651541749423,3.627575907040086e-05,8.880785390155886,20.51693777203151,nan,0.0030469796069427196,nan
58.49,208.6265106201172,-180.63235473632812,-9.575115203857422,209.8145489459364,-181.265470434206,-9.585674026374589,1.3462473915472046,0.4996928933875974,0.09876433133123814,3.700443057965115e-05,8.887310585391555,20.766256579825402,nan,nan,nan
58.5,208.61795043945312,-180.6279296875,-9.576765060424805,209.79922151927465,-181.26514129685395,-9.58746444493432,1.342219980460378,0.49962688036295233,0.09875689710641111,3.620567743519546e-05,9.377477608778907,20.23853729086807,5.174393429429875,0.0060338620250212855,nan
58.51,208.609375,-180.62359619140625,-9.57838249206543,209.79122043123186,-181.26092355595773,-9.58922612135177,1.3427815820995856,0.49967826500138385,0.09877472680956778,3.6932310796124654e-05,9.382788728982023,20.836080094167116,nan,nan,nan
58.52,208.60081481933594,-180.6193389892578,-9.579968452453613,209.78322323567127,-181.2567897923382,-9.588476760398509,1.3433188678316648,0.49972973572051005,0.098792622129969,3.6159829598266335e-05,8.185332513429199,18.835587509269928,nan,4.061349481588475,nan
58.53,208.5922393798828,-180.61517333984375,-9.581521987915039,209.77522120073309,-181.25274376563772,-9.590151187956588,1.3438811329141744,0.4997812926742507,0.09881058321535632,3.6885415163339786e-05,8.185923901479743,19.501087731886592,nan,nan,nan
58.54,208.58367919921875,-180.61109924316406,-9.583044052124023,209.76722164214587,-181.2487796642949,-9.590078795327367,1.3444175397975946,0.49983293599798134,0.09882861020713263,3.611565007372088e-05,7.521179178573741,18.460949149518537,nan,1.9519181907366405,nan
58.550000000000004,208.57510375976562,-180.60708618164062,-9.5845365524292,209.75317885590985,-181.23458327659517,-9.591672283931723,1.334790041540505,0.49976681457775,0.09882117582319848,3.6817032169063146e-05,7.0952061301768365,18.141798118587257,6.636779580799183,nan,nan
58.56,208.5665283203125,-180.60316467285156,-9.585999488830566,209.7451625373269,-181.23074955184103,-9.595219010920976,1.3353375593612873,0.499818237101367,0.09883921583648222,3.6050866606506095e-05,8.054400107889972,19.328986690177036,nan,2.6007924617252134,nan
58.57,208.55796813964844,-180.5993194580078,-9.587432861328125,209.73714878634962,-181.2269929271849,-9.596778922131328,1.3358623919835348,0.4998697457793901,0.09885732180371355,3.677364474256292e-05,8.056899398284159,18.70808901008722,nan,nan,nan
58.58,208.5493927001953,-180.59556579589844,-9.588837623596191,209.7291351112568,-181.2233130022794,-9.597724199081954,1.3363897944836836,0.4999213407483526,0.09887549386684336,3.6010038739343773e-05,7.858716800678297,19.360516378154415,nan,0.22943275079217298,nan
58.59,208.5408172607422,-180.5918731689453,-9.590214729309082,209.72111979486132,-181.21970935302704,-9.599223073247988,1.3369268851926357,0.4999730221604559,0.09889373217279646,3.673196375312058e-05,7.859882621836464,18.9658975607803,nan,nan,nan
58.6,208.53224182128906,-180.58824157714844,-9.591564178466797,209.71863375014854,-181.21006360080227,-9.60034084869108,1.3395019477044778,0.49990679259037346,0.09888629328231688,3.594873627804192e-05,7.405736356412354,18.753383467961463,6.327514827121648,0.101029310777726,nan
58.61,208.523681640625,-180.58470153808594,-9.592886924743652,209.71062680483251,-181.20657700886696,-9.601783511931636,1.3400175645335077,0.49995825288653845,0.09890454382243256,3.666896733497724e-05,7.4070901841608645,18.628317571564615,nan,nan,nan
58.620000000000005,208.51510620117188,-180.5812225341797,-9.594182968139648,209.70262022895832,-181.2031612292026,-9.602290864323445,1.3405458009844102,0.5000097993938443,0.09892286064438383,3.59111836497122e-05,7.065193741816538,18.527379774181195,nan,0.5545121493883476,nan
58.63,208.50653076171875,-180.57781982421875,-9.595453262329102,209.69461145644806,-181.19981613828622,-9.603673818490757,1.3410752139405178,0.5000614322634782,0.0989412438946381,3.663068708127783e-05,7.0652972885426415,18.65208613525729,nan,nan,nan
58.64,208.49795532226562,-180.57447814941406,-9.596698760986328,209.68660548609824,-181.19653749382528,-9.602376005758401,1.3415957927247768,0.5001131516334807,0.09895969371582879,3.587522084224366e-05,6.105180836575152,17.445478708674816,nan,4.7373949315475095,nan
58.65,208.4893798828125,-180.5712127685547,-9.597919464111328,209.65130514033575,-181.18295753750297,-9.603510234032658,1.3131386915000165,0.5000468141765926,0.09895224595938662,3.6571197283019496e-05,5.991263683670603,16.462884112133512,7.674386351125013,nan,nan
58.660000000000004,208.4807891845703,-180.56800842285156,-9.599115371704102,209.64324754402398,-181.17980026939054,-9.604644250879344,1.3136320906023173,0.5000983121157526,0.09897070720884635,3.581890140857244e-05,5.975740110544679,16.804659657812618,nan,0.014583210970867861,nan
58.67,208.4722137451172,-180.5648651123047,-9.600287437438965,209.63518883375696,-181.17670764424128,-9.60590068107052,1.3141133319418534,0.5001498963357938,0.09898923506860013,3.65362171033222e-05,5.970951596592556,16.155625145466576,nan,nan,nan
58.68,208.46363830566406,-180.56178283691406,-9.601435661315918,209.6271317880284,-181.17367691575538,-9.605295213854982,1.3145898004210954,0.5002015669756401,0.0990078296816588,3.578608320958303e-05,5.511258540974517,15.617810427614982,nan,2.2826955004685963,nan
58.69,208.45504760742188,-180.5587615966797,-9.602561950683594,209.61907124601586,-181.17070925797722,-9.606488606658178,1.315084176013176,0.5002533241851651,0.0990264911939266,3.6502834195357685e-05,5.503760987583614,16.049452573199915,nan,nan,nan
58.7,208.44647216796875,-180.55567932128906,-9.60377311706543,209.53864220592615,-181.10280724364293,-9.606515149823423,1.2215530581905873,0.4889570760433151,0.09212161646514389,3.573295450038617e-05,4.6192769013738655,15.70207779438178,8.154942023665045,1.3168812720114746,0.8648675360190574
58.71,208.43788146972656,-180.5525360107422,-9.605071067810059,209.53064092708235,-181.09973996969657,-9.607817602952379,1.222114130427737,0.4890127519525037,0.09213025031562407,3.644829845867196e-05,4.604159538109578,16.237328629810374,nan,nan,nan
58.72,208.42930603027344,-180.54931640625,-9.606451988220215,209.52263819918838,-181.0966087231194,-9.609166016033743,1.2226657260410547,0.48906851314236693,0.09213894356047986,3.5703171106576905e-05,4.592791328218513,15.343299720147417,nan,0.0010710330512358089,nan
58.730000000000004,208.42071533203125,-180.54605102539062,-9.607916831970215,209.51463518643266,-181.093415284838,-9.610638484354308,1.2232234823472177,0.4891243603509666,0.09214769682171338,3.6418055029080647e-05,4.5782117701356135,16.225088435376804,nan,nan,nan
58.74,208.41213989257812,-180.54270935058594,-9.609463691711426,209.50663939215553,-181.09016742710156,-9.612776130717954,1.2237853048511245,0.48918029313968997,0.09215650977566994,3.5674853706284726e-05,4.67173328699085,15.372695822809607,nan,0.22957394124295177,nan
58.75,208.40354919433594,-180.53932189941406,-9.611091613769531,209.51523619388888,-181.09768470631283,-9.614538343418836,1.2440373342662097,0.4890995925173904,0.09214614574910772,3.63667433400391e-05,4.937505833324043,17.285497968773903,8.648773811498316,nan,nan
58.76,208.39495849609375,-180.53585815429688,-9.612799644470215,209.50728386328512,-181.09435676985942,-9.617524047710134,1.2446729474318445,0.489155287109216,0.09215501132873061,3.562630039206202e-05,5.226812875089236,17.180493881917155,nan,1.0751722567905353,nan
58.77,208.38636779785156,-180.5323486328125,-9.614587783813477,209.49931383336846,-181.09095377845284,-9.619346676355557,1.2452755653938117,0.4892110676237662,0.0921639371566614,3.6339509812185705e-05,5.212397425384758,17.43975067133079,nan,nan,nan
58.78,208.37777709960938,-180.52877807617188,-9.616454124450684,209.49132760900528,-181.08747788732856,-9.620089389168683,1.2458544983712865,0.48926693366263363,0.09217292294643074,3.5600844850830664e-05,4.949460132924739,17.08407443550731,nan,0.917380556130998,nan
58.79,208.36920166015625,-180.525146484375,-9.61839771270752,209.48335642952034,-181.08395777308647,-9.622059402987137,1.246444669635932,0.4893228859031031,0.09218196926459667,3.6313727345402084e-05,4.937018095901895,16.423894854925567,nan,nan,nan
58.800000000000004,208.36061096191406,-180.52145385742188,-9.620418548583984,209.45013465396988,-181.07256457479093,-9.62687632890928,1.2209941037026804,0.48924212670938855,0.09217180250837287,3.555518670703642e-05,5.761324080833614,16.674954536242538,4.746932361161246,5.102839836503584,nan
58.81,208.35202026367188,-180.51771545410156,-9.622514724731445,209.44212513262107,-181.06892859057925,-9.629029512118745,1.221559245221866,0.48929784029654083,0.09218090107025338,3.626689777329012e-05,5.747503775037484,16.886208889534448,nan,nan,nan
58.82,208.3434295654297,-180.51390075683594,-9.624686241149902,209.43410336698898,-181.06522588620822,-9.630355297374347,1.2221132835722064,0.489353639350867,0.09219005985844003,3.553246186476563e-05,5.471566159187858,16.13147357051452,nan,0.5593369614631741,nan
58.83,208.3348388671875,-180.5100555419922,-9.626932144165039,209.42609302290933,-181.0614780420227,-9.632651506245088,1.222675393153341,0.4894095245111289,0.09219927940450627,3.6243931456389326e-05,5.458335285666819,16.643347505649704,nan,nan,nan
58.84,208.3262481689453,-180.50613403320312,-9.629250526428223,209.41810014287904,-181.05769088607252,-9.636411061216341,1.223277142837478,0.48946549543711926,0.09220855947416089,3.551105178030381e-05,5.989509854468761,16.688052637702445,nan,1.3220252899039553,nan
58.85,208.31765747070312,-180.50216674804688,-9.631635665893555,209.37677254825718,-181.04459591508473,-9.638932869434301,1.1899610909333227,0.48938467898608734,0.09219858579754897,3.619993750543083e-05,6.108680765678744,15.692394510130002,8.67092448770921,nan,nan
58.86,208.30906677246094,-180.49815368652344,-9.634029388427734,209.36870761783163,-181.04068329955166,-9.640922018896779,1.1904724316611681,0.4894404108261866,0.09220791771761928,3.5469433592257864e-05,5.965961609615563,15.696252677151358,nan,0.1758651203162477,nan
58.870000000000005,208.30047607421875,-180.49407958984375,-9.63640308380127,209.36064893520455,-181.03672318486505,-9.643408025954704,1.190998587573905,0.48949622867662596,0.09221731062220753,3.6179644140114003e-05,5.97211602095817,15.531138239786104,nan,nan,nan
58.88,208.29188537597656,-180.48995971679688,-9.638744354248047,209.3525729200381,-181.0326952762367,-9.64446689654214,1.1914917964879514,0.489552132233859,0.09222676430974827,3.545056006778362e-05,5.528622241300316,15.194930985191013,nan,1.3525291283463456,nan
58.89,208.28329467773438,-180.48577880859375,-9.641046524047852,209.34451407463501,-181.02863070798318,-9.646878934623622,1.1920187960103636,0.4896081220812727,0.09223627926298249,3.6160635226819157e-05,5.535141871800229,14.97577360004018,nan,nan,nan
58.9,208.2747039794922,-180.48155212402344,-9.643305778503418,209.30961315068905,-181.0185203028511,-9.64870787484097,1.1659335317014028,0.4895272486946254,0.0922264936156538,3.54114827175694e-05,5.5761794146540735,14.162732586686403,6.404862588230931,0.2092401600855679,nan
58.910000000000004,208.26611328125,-180.47727966308594,-9.645523071289062,209.30151858776694,-181.0143646639795,-9.651032963430058,1.1664282257643113,0.48958299901065255,0.09223605998063686,3.61205740902232e-05,5.58154076467333,14.23451118167929,nan,nan,nan
58.92,208.2575225830078,-180.47296142578125,-9.647695541381836,209.29344520217475,-181.01017728858017,-9.655095771892858,1.166958148159604,0.48963883497308647,0.09224568738327185,3.539500541903965e-05,6.277063874194946,15.038909447080368,nan,2.1861003669886703,nan
58.93,208.24891662597656,-180.4685821533203,-9.649826049804688,209.2853509890897,-181.0059221639215,-9.657354450174394,1.1674704076963698,0.48969475713063904,0.09225537627585363,3.610402974231715e-05,6.2888738679850045,15.247072262130619,nan,nan,nan
58.94,208.24032592773438,-180.4641571044922,-9.6519136428833,209.27725017689605,-181.00161239380407,-9.658998852338788,1.1679556013401537,0.4897507652321166,0.09226512650226208,3.5379678407688534e-05,6.127321521172384,14.667271905547707,nan,0.22663710970820009,nan
58.95,208.2317352294922,-180.45968627929688,-9.653960227966309,209.2540103659435,-180.99335012882366,-9.661156482090126,1.1532108848652476,0.48966983610864245,0.0922555244324855,3.6066427491287313e-05,6.207062317791069,14.266516974931667,1.8113562682570292,nan,nan
58.96,208.22314453125,-180.45516967773438,-9.655965805053711,209.24588308857707,-180.98894293713374,-9.66222775232447,1.1536668761288549,0.4897256042552011,0.09226532561905626,3.534410612887757e-05,5.869819308720752,13.952294905312664,nan,0.7762691739867438,nan
58.97,208.2145538330078,-180.4506072998047,-9.65793228149414,209.23776781458494,-180.9844990071881,-9.664308201449161,1.154143777725711,0.48978145850198074,0.09227518851700343,3.605219993239228e-05,5.8771387966976025,13.95505003633373,nan,nan,nan
58.980000000000004,208.20596313476562,-180.44598388671875,-9.659858703613281,209.22963502088925,-180.97999323638655,-9.664763941333216,1.1545969761477848,0.4898373986303851,0.09228511299837679,3.533097373329357e-05,5.4205398886623435,13.21615959647114,nan,1.7426657322368273,nan
58.99,208.19737243652344,-180.44137573242188,-9.661746978759766,209.221519937185,-180.97547954323107,-9.66675225444618,1.1550627847078039,0.48989342513992196,0.09229509947340757,3.6039082770175064e-05,5.422672741371146,13.503848767155919,nan,nan,nan
59.0,208.18878173828125,-180.4368133544922,-9.663597106933594,209.22711572724907,-180.9788674587907,-9.668357651473404,1.1713166896347857,0.489812440665126,0.09228567583517329,3.5297581004505646e-05,5.526710864133354,14.131294100067352,3.5107186219481643,0.08481372281265041,nan
59.01,208.18019104003906,-180.43231201171875,-9.665410995483398,209.21902752800824,-180.9744538399381,-9.670269039248916,1.1718031452553688,0.4898682267851843,0.09229571277652163,3.600485251068402e-05,5.526992129054635,13.975153052740195,nan,nan,nan
59.02,208.17160034179688,-180.42788696289062,-9.667187690734863,209.21094518596098,-180.97011822213162,-9.672702630353607,1.172298109760303,0.4899240987230633,0.09230581154626122,3.528650226546881e-05,5.720186729130722,14.139260419127671,nan,0.21604868908975955,nan
59.03,208.1630096435547,-180.42355346679688,-9.668930053710938,209.2028569365591,-180.96585761467716,-9.674549179611752,1.1727777948753382,0.4899800569478019,0.09231597252870086,3.599384249371674e-05,5.721700656766414,14.285310887024892,nan,nan,nan
59.04,208.1544189453125,-180.41929626464844,-9.670637130737305,209.19477886219917,-180.96168871436703,-9.67734669983471,1.173278886068291,0.49003610128678127,0.09232619563461199,3.527640705067043e-05,6.107295449660332,14.52121051520366,nan,0.6742159856140546,nan
59.050000000000004,208.1458282470703,-180.41513061523438,-9.672310829162598,209.20654858296663,-180.96641109794828,-9.679068713078001,1.1954427926924378,0.48995506255479915,0.0923169457422219,3.59616976195344e-05,6.196654020226491,15.533024026905355,4.189686774190328,nan,nan
59.06,208.13723754882812,-180.41104125976562,-9.6739501953125,209.19849170367482,-180.96241336049175,-9.680566663123674,1.1959579224558061,0.49001086608962463,0.09232721880615682,3.524598710270213e-05,6.155711583860581,15.370199251046136,nan,0.045964732420816945,nan
59.07,208.12864685058594,-180.4070281982422,-9.675558090209961,209.1904372347012,-180.95849953121632,-9.68228707425738,1.196480141965673,0.49006675581723713,0.0923375542989957,3.595265002945659e-05,6.160359012577035,15.250881392196243,nan,nan,nan
59.08,208.12005615234375,-180.40310668945312,-9.677132606506348,209.18238733629298,-180.95467013973604,-9.68445664200325,1.1970060257053494,0.49012273159333697,0.09234795215523543,3.523774762938032e-05,6.410018981860029,15.706911114977467,nan,0.16083309915284386,nan
59.09,208.11146545410156,-180.3992462158203,-9.67867660522461,209.17433249461558,-180.95091561437502,-9.68611940113103,1.197531154635925,0.490178793844241,0.0923584127237346,3.594454114306739e-05,6.416680106037008,15.366159648851763,nan,nan,nan
59.1,208.10287475585938,-180.39547729492188,-9.680190086364746,209.13684179945108,-180.9434547662549,-9.688691552592752,1.1702305034694287,0.4900977012943523,0.09234933133999776,3.520915673660442e-05,7.259569139298739,15.413829926375522,10.914720143800277,0.7112491005000701,nan
59.11,208.0942840576172,-180.39178466796875,-9.681673049926758,209.12875042752822,-180.93987801910774,-9.69030334970954,1.170726899884858,0.49015352231740955,0.0923598413190366,3.591522367736006e-05,7.26761395239391,15.422298376151987,nan,nan,nan
59.120000000000005,208.08567810058594,-180.38815307617188,-9.683126449584961,209.12067923842164,-180.93639295096526,-9.694053844780608,1.1712872079897534,0.49020942932169614,0.09237041389683745,3.520263771876077e-05,8.573264240281565,16.958650355252225,nan,3.2791244742777463,nan
59.13,208.07708740234375,-180.3845977783203,-9.684550285339355,209.1125872374423,-180.932963531374,-9.695629727288551,1.1717882324230813,0.4902654227073537,0.09238104940066479,3.590887617290502e-05,8.587381432065738,16.54942252941947,nan,nan,nan
59.14,208.06849670410156,-180.38111877441406,-9.685946464538574,209.10447980699595,-180.92959287486687,-9.695547419291417,1.1722529618995954,0.49032150236956323,0.09239174779729456,3.5196941286097786e-05,7.7752779380950425,15.787465820973349,nan,1.8560734463200317,nan
59.15,208.05990600585938,-180.37770080566406,-9.687314987182617,209.11063392971604,-180.9253322414501,-9.697085553347327,1.1849155342877378,0.4902403570024506,0.09238283002920823,3.588128937794325e-05,7.499801135723987,15.850508756065508,5.810312437642842,nan,nan
59.160000000000004,208.05130004882812,-180.37435913085938,-9.688655853271484,209.1025706214485,-180.92210151667018,-9.700481430203665,1.1854667360753228,0.49029619503086525,0.09239357727304479,3.517081628694988e-05,8.802922606489359,17.73697418238954,nan,2.5684731795988256,nan
59.17,208.04270935058594,-180.37107849121094,-9.689970016479492,209.09448931685603,-180.91892381035478,-9.701953595621374,1.185967620689529,0.4903521193474092,0.09240438765379547,3.587656706000524e-05,8.817768917968687,17.12352087799635,nan,nan,nan
59.18,208.0341033935547,-180.3678741455078,-9.69125747680664,209.08639453451752,-180.91580163616854,-9.701968746999377,1.1864467588896561,0.49040812987132776,0.09241526115778319,3.516665411477896e-05,8.065001855020682,16.99623591174932,nan,1.4330575449826093,nan
59.19,208.0255126953125,-180.36473083496094,-9.692520141601562,209.0783112521865,-180.91275465148627,-9.703376323005578,1.186942610874524,0.4904642269664771,0.09242619808304738,3.587262119274839e-05,8.075970933843253,16.41130921764928,nan,nan,nan
59.2,208.01690673828125,-180.36163330078125,-9.693757057189941,209.07307037417553,-180.9061635746823,-9.705143760751897,1.1883284487035473,0.49038302926494504,0.09241743860705555,3.5142031041201154e-05,8.250575351259059,16.852414953074383,3.134591521734866,0.07143962106091915,nan
59.21,208.00831604003906,-180.35861206054688,-9.694969177246094,209.06498287563787,-180.9032194808585,-9.706507714924994,1.1888125090041057,0.4904388843133402,0.09242842377994988,3.584735313763807e-05,8.263534203219137,16.62804644381113,nan,nan,nan
59.22,207.9997100830078,-180.35565185546875,-9.696157455444336,209.05688921226127,-180.9003317602799,-9.70718886504922,1.1892962633557904,0.49049482549846585,0.09243947230203992,3.5139277882172585e-05,8.000936801412134,16.807044113885418,nan,0.30467582115858344,nan
59.230000000000004,207.99110412597656,-180.35275268554688,-9.697322845458984,209.0488003346085,-180.89750831063174,-9.70850015151505,1.1897919536568757,0.4905508531621763,0.09245058445377415,3.584484684965036e-05,8.011480053938042,16.798508733742167,nan,nan,nan
59.24,207.98251342773438,-180.3498992919922,-9.698463439941406,209.04072621837787,-180.89475628010405,-9.711704856367332,1.1903187736420802,0.49060696725688985,0.0924617602477889,3.5137197875077197e-05,9.505374211531276,17.568266183171797,nan,2.571220511082429,nan
59.25,207.97390747070312,-180.34710693359375,-9.69958209991455,209.02380704390484,-180.89336015451525,-9.713015357253568,1.18358022439503,0.49052571813931417,0.09245315398942743,3.582098412840669e-05,9.749409454907003,18.044544670440068,2.815158428026897,nan,nan
59.26,207.96530151367188,-180.34425354003906,-9.700787544250488,209.015699017833,-180.8906588503503,-9.713118687404684,1.1840801227010322,0.49058158978996375,0.0924643774144377,3.511457483517132e-05,9.03370491283617,17.38845747700755,nan,1.036625278475454,nan
59.27,207.95669555664062,-180.34132385253906,-9.702077865600586,209.00759951732798,-180.88789848529993,-9.714512432212372,1.184608619845752,0.4906375478267024,0.09247566467452324,3.5819793366504746e-05,9.01206924348195,17.157842883134037,nan,nan,nan
59.28,207.94808959960938,-180.33834838867188,-9.703452110290527,208.99947745069463,-180.88505425537454,-9.713166950547352,1.185073034128274,0.4906935922219592,0.09248701579806166,3.511373471257022e-05,7.374469923316946,15.850018563534588,nan,5.598444159662985,nan
59.29,207.93948364257812,-180.3352813720703,-9.704909324645996,208.99137629483985,-180.88216246200975,-9.714703232406155,1.1856023781372778,0.4907497232874284,0.09249843104195188,3.581923099201258e-05,7.357096185242712,15.33384039496773,nan,nan,nan
59.300000000000004,207.93087768554688,-180.33216857910156,-9.706449508666992,208.95893807212988,-180.86608921803727,-9.714920336701157,1.1584693185709778,0.490668423270186,0.09248997259670638,3.509231801491099e-05,6.484544207301806,13.944835186203807,9.438962579641125,1.6336546211528185,nan
59.31,207.92227172851562,-180.32899475097656,-9.708070755004883,208.95079035160265,-180.863038438438,-9.71661072868951,1.1589331944960275,0.49072431148918305,0.09250143482148365,3.579722708295693e-05,6.468441446254413,13.965096573176453,nan,nan,nan
59.32,207.91366577148438,-180.32574462890625,-9.709773063659668,208.9426415276671,-180.85992427628972,-9.718306696771386,1.1594014944723015,0.49078028599281137,0.09251296112651973,3.5092605302910126e-05,6.498242364039864,13.691636902844579,nan,0.004098231846249923,nan
59.33,207.90505981445312,-180.3224334716797,-9.711554527282715,208.9344926358861,-180.8567484660989,-9.7201591079618,1.1598700297504594,0.4908363470746673,0.09252455175471547,3.579781436137324e-05,6.483307967165694,13.669832454186713,nan,nan,nan
59.34,207.89645385742188,-180.31907653808594,-9.713414192199707,208.9263371136229,-180.85350617848383,-9.721216262891355,1.1603169542181715,0.4908924947344579,0.09253620675540225,3.509343143798098e-05,6.140941279339708,13.616450257456123,nan,0.5379023417338509,nan
59.35,207.88783264160156,-180.31564331054688,-9.715352058410645,208.8943963929493,-180.84388153559854,-9.72327387364607,1.136780085632031,0.49081114466426384,0.09252789089205049,3.577692626329749e-05,6.2337201447471555,13.06547675839865,4.334389554059964,nan,nan
59.36,207.8792266845703,-180.31216430664062,-9.717366218566895,208.8862128854805,-180.8405264253553,-9.725539789887653,1.1372135000009078,0.490867049088849,0.09253959220547789,3.5073599525531414e-05,6.375732014755898,13.050598252792788,nan,0.023788979004347927,nan
59.370000000000005,207.87062072753906,-180.30860900878906,-9.719456672668457,208.87802792707026,-180.83711088667877,-9.727700782486686,1.137651733153403,0.4909230399997635,0.0925513580418704,3.5778553367280555e-05,6.362720147093002,12.703537933012226,nan,nan,nan
59.38,207.8620147705078,-180.3050079345703,-9.721622467041016,208.86983637076744,-180.83363160392838,-9.728991282529693,1.1380692690680918,0.49097911741299644,0.09256318846293254,3.507540412091477e-05,6.00276769659069,12.551380666302498,nan,0.6303964195656765,nan
59.39,207.8533935546875,-180.3013458251953,-9.723861694335938,208.86165068627042,-180.83009933941233,-9.731294693444456,1.1385156879289868,0.4910352815976134,0.092575083693043,3.5780677791994845e-05,5.990333867590627,12.882577312866044,nan,nan,nan
59.4,207.84478759765625,-180.29762268066406,-9.726174354553223,208.8521552450981,-180.82993575348507,-9.735939962896387,1.139404296865237,0.4909538820151355,0.09256690493227546,3.5056519052666805e-05,7.3474545244198195,13.710087340256406,2.023245125227596,3.8273109061416237,nan
59.410000000000004,207.836181640625,-180.29385375976562,-9.728553771972656,208.84397253209877,-180.82630806107215,-9.73841043600365,1.139845260438078,0.49100980257247284,0.09257884577606539,3.576124446988418e-05,7.335413894423856,13.86292588339003,nan,nan,nan
59.42,207.82757568359375,-180.29002380371094,-9.730941772460938,208.83580211199526,-180.82263447037082,-9.742914309653571,1.1403236359972468,0.49106580955519286,0.09259085141245636,3.505920380335866e-05,8.699136479877229,15.12137424583739,nan,2.799698447544226,nan
59.43,207.81895446777344,-180.2861328125,-9.733311653137207,208.8276193076596,-180.8188958984173,-9.745439534827598,1.1407840945827632,0.49112190321779847,0.09260292205496547,3.576426478959121e-05,8.715186117465507,15.416282863971448,nan,nan,nan
59.44,207.8103485107422,-180.28219604492188,-9.735648155212402,208.81944361708855,-180.81510830924537,-9.749117186073697,1.1412492409245771,0.49117808359822246,0.09261505778156787,3.5062310149993176e-05,9.768444764511445,16.19475575028709,nan,0.9753319514510962,nan
59.45,207.80174255371094,-180.2781982421875,-9.737945556640625,208.79219311693862,-180.81095184437643,-9.75170332364807,1.1247257421239847,0.4910966352883519,0.0926070107587563,3.574569661409003e-05,10.19444255595734,15.934439167124937,6.650837049741675,nan,nan
59.46,207.7931365966797,-180.27415466308594,-9.74020004272461,208.78398095874334,-180.80706898681507,-9.752827865664665,1.1251354088202952,0.4911525716612938,0.09261919138120746,3.504464987355295e-05,9.44156370711824,15.294555887727793,nan,1.2168301534618366,nan
59.47,207.78451538085938,-180.27005004882812,-9.742412567138672,208.7757766520748,-180.80313935641666,-9.755212059950539,1.1255873776358205,0.49120859462263244,0.09263143720377649,3.5749518071816064e-05,9.466075001616261,15.546625368036898,nan,nan,nan
59.480000000000004,207.77590942382812,-180.26589965820312,-9.74458122253418,208.76757253325476,-180.79915764557478,-9.757554038036536,1.1260231337034943,0.491264704268494,0.09264374834134202,3.646870182116485e-05,9.490287762566858,15.270588338021504,nan,nan,nan
59.49,207.76730346679688,-180.26170349121094,-9.74670696258545,208.75936866048045,-180.7951244669089,-9.759853818566993,1.1264564464084674,0.4913209007433787,0.09265612493840424,3.7202345621799295e-05,9.513311982402207,15.371304597673284,nan,nan,nan
59.5,207.75869750976562,-180.2574462890625,-9.748790740966797,208.73995678747985,-180.78772281318365,-9.758431200949683,1.1154173661024565,0.491239404259293,0.09264820410435944,3.63922809332656e-05,7.447436764282162,12.81844421308233,0.9468461732692597,8.687446192281431,nan
59.51,207.7500762939453,-180.25314331054688,-9.750832557678223,208.73173609332946,-180.7835873039137,-9.760611589252392,1.115850537161849,0.4912953563447161,0.09266062485085425,3.7123636525090533e-05,7.461473838978157,13.273043868063919,nan,nan,nan
59.52,207.74147033691406,-180.24879455566406,-9.75283432006836,208.72351645303752,-180.77940278256037,-9.762924213818529,1.1162712352287394,0.4913513949865051,0.09267311108236721,3.634045526139607e-05,7.678908052024404,13.157980265579344,nan,0.019443935615239733,nan
59.53,207.7328643798828,-180.24440002441406,-9.754796028137207,208.71529619952176,-180.77517109952095,-9.765026743115744,1.1166892503907173,0.49140752041451347,0.09268566299381757,3.707053075657921e-05,7.692875812771311,13.132024938153936,nan,nan,nan
59.54,207.72425842285156,-180.24002075195312,-9.756718635559082,208.70707133369928,-180.7709251270411,-9.766150637732597,1.117080854675034,0.4914637326908577,0.09269828068133404,3.629035740483811e-05,7.311486020387129,12.63468162115001,nan,0.5796539516217308,nan
59.550000000000004,207.7156524658203,-180.23570251464844,-9.7586030960083,208.71580201749293,-180.77445355130936,-9.768153158683436,1.13606470278381,0.49138218877134526,0.09269048056407464,3.6995731765603015e-05,7.417033416990936,13.37613433811492,2.9806355130931235,nan,nan
59.56,207.70703125,-180.23146057128906,-9.76045036315918,208.70760883359318,-180.77032373565604,-9.769581277038988,1.136491260102357,0.4914381562867788,0.09270314163552747,3.6219471902351295e-05,7.2424572462730445,13.701079355663898,nan,0.20047389226217438,nan
59.57,207.69842529296875,-180.22727966308594,-9.762259483337402,208.69941847321346,-180.7662688664514,-9.771519641886835,1.136917964840612,0.49149421049659275,0.09271586857458854,3.6946289975063264e-05,7.251194043042425,13.078904644133273,nan,nan,nan
59.58,207.6898193359375,-180.2231903076172,-9.764033317565918,208.69122961238224,-180.76229268007023,-9.773717714750248,1.1373423834986822,0.49155035147402376,0.09272866148508611,3.6172879763497226e-05,7.512036546985825,13.508325660231042,nan,0.05753308289871069,nan
59.59,207.68121337890625,-180.21917724609375,-9.765771865844727,208.68303937330444,-180.7583946507815,-9.775588883868819,1.1377640820543575,0.4916065794321843,0.09274152055039869,3.689863537503064e-05,7.520366802465013,13.457700056544741,nan,nan,nan
59.6,207.672607421875,-180.21524047851562,-9.767476081848145,208.69329905844134,-180.76374524835256,-9.777435293087525,1.1587787042308197,0.49152498866869965,0.0927338355572406,3.761467198941038e-05,7.68451486730247,14.216955378524839,4.089839999714803,nan,nan
59.61,207.66400146484375,-180.2113800048828,-9.769145965576172,208.68514151457921,-180.76002414369995,-9.779239865800884,1.1592408201292315,0.49158097149353874,0.09274673721420257,3.8368625649091646e-05,7.692877949305409,14.190570339104655,nan,nan,nan
59.620000000000005,207.6553955078125,-180.2075958251953,-9.770782470703125,208.67697986621246,-180.75637733061444,-9.78013045318587,1.1596909617626787,0.4916370410015497,0.09275970503252173,3.750635631459608e-05,7.357152792919591,13.834373740219059,nan,0.4763973672308279,nan
59.63,207.6467742919922,-180.2039031982422,-9.77238655090332,208.66882185227558,-180.75280936923147,-9.781861801199689,1.160159032374243,0.49169319740124084,0.09277273919185061,3.8257501289682395e-05,7.362926011184799,14.480179956390854,nan,nan,nan
59.64,207.63816833496094,-180.2002716064453,-9.773959159851074,208.66066516073195,-180.74931713167743,-9.783955734999225,1.1606251242343084,0.49174944077556826,0.09278583980314276,3.740167957858286e-05,7.677919036565397,14.153726820668084,nan,0.09567474860085594,nan
59.65,207.6295623779297,-180.1967010498047,-9.77549934387207,208.63046468102382,-180.7368190899777,-9.78561922062508,1.137380907860238,0.49166780379538805,0.09277826433378818,3.812539960665507e-05,7.610422002705542,13.228868785347032,4.326109974622843,nan,nan
59.660000000000004,207.62095642089844,-180.19322204589844,-9.777009010314941,208.62225534743328,-180.73344632236447,-9.78399129470115,1.1377568112115746,0.4917238016735275,0.09279140672530954,3.727694453755552e-05,6.221484580234199,12.115956864808815,nan,6.643709812390621,nan
59.67,207.61233520507812,-180.18980407714844,-9.778489112854004,208.61405892777688,-180.73015370381475,-9.785572979106563,1.1381908086155688,0.49177988635124187,0.09280461563922969,3.80219756662824e-05,6.2231042603029465,12.353404615235322,nan,nan,nan
59.68,207.60372924804688,-180.1864471435547,-9.779939651489258,208.6058652995914,-180.72693223382075,-9.787959238898688,1.1386242191290994,0.4918360579206505,0.09281789119247365,3.717958088683871e-05,6.6234829599551786,12.240272937337943,nan,0.4334774780635822,nan
59.69,207.59512329101562,-180.18316650390625,-9.78136157989502,208.59766792958186,-180.72377570018415,-9.789492147598994,1.13904352926011,0.4918923165764709,0.0928312335557373,3.792225124778867e-05,6.626842964123159,12.358253357981978,nan,nan,nan
59.7,207.5865020751953,-180.17994689941406,-9.782753944396973,208.58316014064633,-180.68926475248782,-9.792085344991959,1.1192939961981756,0.49181059494276375,0.09145298107322318,3.7062387630597846e-05,6.622813211335465,12.514298174850055,0.8221965772159172,0.7924497211518472,0.7309635723435165
59.71,207.57789611816406,-180.17678833007812,-9.784119606018066,208.5749758259154,-180.68619659375233,-9.793573785193079,1.1197116165392482,0.4918665973203618,0.09146192276903761,3.780189799188964e-05,6.628005793851185,12.053163657848097,nan,nan,nan
59.72,207.5692901611328,-180.17369079589844,-9.785457611083984,208.56678644472436,-180.68318161866668,-9.793767413909254,1.120111060157429,0.49192268527479877,0.09147092400505547,3.697212701831178e-05,6.121567703949954,11.50548423638245,nan,1.015779681998758,nan
59.730000000000004,207.5606689453125,-180.17066955566406,-9.786768913269043,208.55860112433334,-180.68023942114377,-9.795191079101604,1.1205360389597423,0.4919788589921986,0.09147998514334764,3.7709556365214805e-05,6.124312610797237,12.082035268775282,nan,nan,nan
59.74,207.55206298828125,-180.16769409179688,-9.788054466247559,208.5504161407535,-180.67735998563018,-9.79681033190866,1.1209571827557234,0.4920351185772593,0.09148910611685485,3.6885275785554444e-05,6.312269045611948,11.654899920905995,nan,0.03099848637573292,nan
59.75,207.54344177246094,-180.164794921875,-9.789314270019531,208.50836990612123,-180.66693635765887,-9.798246811887008,1.0878015053144752,0.4919534482381287,0.09147876258628454,3.759683206699942e-05,6.565521746258595,11.55817744220388,10.699391791843647,nan,nan
59.76,207.53482055664062,-180.1619415283203,-9.790549278259277,208.50014082177412,-180.6641928845813,-9.800219709380661,1.088206394201707,0.49200946643968196,0.09148793454663226,3.6778898220316145e-05,6.976085393551646,11.781470481942465,nan,0.245730806259531,nan
59.77,207.52621459960938,-180.1591339111328,-9.79175853729248,208.49190898264328,-180.66150185475163,-9.801554211690211,1.088593196486156,0.4920655703248639,0.09149716664794312,3.751161679578843e-05,6.982516007889205,11.293714728910752,nan,nan,nan
59.78,207.51759338378906,-180.15640258789062,-9.79294490814209,208.4836813726058,-180.65887881575824,-9.804380085490118,1.0890083218180633,0.49212176000467056,0.09150645884633823,3.66988072008812e-05,7.97744639350754,12.861187032214199,nan,1.4708753950207716,nan
59.79,207.50897216796875,-180.15371704101562,-9.794107437133789,208.4754483103016,-180.65629927805904,-9.805683321197685,1.0894030658034757,0.4921780356555141,0.09151581146921374,3.742981533378555e-05,7.9847155189430445,12.733472266538088,nan,nan,nan
59.800000000000004,207.5003662109375,-180.1510772705078,-9.795246124267578,208.4283615115909,-180.6365397039603,-9.805450571735022,1.0473553279935754,0.49209631525744374,0.09150565990317265,3.659933710285086e-05,7.0529122459714255,10.38874791597139,15.16369303360758,1.4841023264663697,nan
59.81,207.4917449951172,-180.14849853515625,-9.79636287689209,208.42006000700317,-180.63403560944684,-9.80669471705642,1.0476744526448682,0.4921523491116306,0.09151506313327691,3.732783343628288e-05,7.057585356037251,10.783924695864497,nan,nan,nan
59.82,207.48312377929688,-180.14598083496094,-9.797456741333008,208.4117554606523,-180.63157770868094,-9.807123747691513,1.0479764188165583,0.4922084686863553,0.09152452671758758,3.652574498048232e-05,6.7460608810035065,10.600664987350747,nan,0.40755440426439876,nan
59.83,207.47450256347656,-180.14349365234375,-9.798528671264648,208.4034524814204,-180.62917633825512,-9.808317352628647,1.0482993082725922,0.4922646741527534,0.09153405096281764,3.725276105852784e-05,6.750486067688682,10.30106863103731,nan,nan,nan
59.84,207.46588134765625,-180.1409454345703,-9.799687385559082,208.39514858060028,-180.62676385171,-9.809412442346716,1.048642790174557,0.49232096562996797,0.09154363585604319,3.645526399232891e-05,6.766216255781976,10.443683399387503,nan,0.011306426836939604,nan
59.85,207.45726013183594,-180.13833618164062,-9.800932884216309,208.34728895972708,-180.61816966482365,-9.810710931712336,1.011181040305679,0.49223919590983484,0.09153367185238882,3.715761675996645e-05,7.1779063639774945,10.059030486786884,19.1872246754816,nan,nan
59.86,207.44863891601562,-180.13565063476562,-9.802262306213379,208.33894050088853,-180.6156590526955,-9.813540851291828,1.011519747157622,0.49229524518434603,0.09154330695477574,3.636552579773151e-05,8.09686889290495,10.891473734524597,nan,1.337328406205552,nan
59.870000000000005,207.4400177001953,-180.1328887939453,-9.803675651550293,208.33058778580886,-180.6130698625957,-9.815039065496004,1.011838951244932,0.49235138027086456,0.09155300295169626,3.708898095420158e-05,8.07498455911966,10.774080091219465,nan,nan,nan
59.88,207.431396484375,-180.13006591796875,-9.805171966552734,208.32223536710163,-180.61041445148595,-9.81689078543367,1.0121590583232036,0.49240760129292965,0.09156275984862387,3.6301144293196535e-05,8.370675698259351,11.138303925032822,nan,0.04749521554089835,nan
59.89,207.4227752685547,-180.12718200683594,-9.806750297546387,208.31388178672302,-180.60769008075582,-9.818559320138812,1.0124713767997895,0.49246390841489707,0.09157257792474152,3.7023420423265776e-05,8.34800607180788,11.175951552280218,nan,nan,nan
59.9,207.4141387939453,-180.1242218017578,-9.808409690856934,208.314003638666,-180.6066452643886,-9.820036305671891,1.0210897679601567,0.4923820900463802,0.09156279666985756,3.621756858591439e-05,8.239724351700076,11.395578396617513,0.7989265016437714,0.031878540351806484,nan
59.910000000000004,207.405517578125,-180.12120056152344,-9.810148239135742,208.3056600331318,-180.6037850860686,-9.821865312389084,1.0214115490054796,0.492438154562213,0.09157266451924287,3.6937857863934046e-05,8.218175550909665,11.142478692135528,nan,nan,nan
59.92,207.3968963623047,-180.1181182861328,-9.811966896057129,208.29732025740887,-180.6008718276676,-9.825633227529714,1.021763642607661,0.4924943049373725,0.09158259351606869,3.6158998882220544e-05,9.660479500879926,12.608512837542985,nan,2.2816982747860277,nan
59.93,207.38827514648438,-180.11495971679688,-9.813863754272461,208.2889759652223,-180.59788307105052,-9.827640676624226,1.0220893965540665,0.49255054133258547,0.09159258392322119,3.6878295427988627e-05,9.636614258697975,12.433455196789454,nan,nan,nan
59.94,207.379638671875,-180.11175537109375,-9.815836906433105,208.28063026879764,-180.59482762570042,-9.829151225686045,1.0224098649725277,0.4926068638769956,0.09160263577057405,3.6103203986489954e-05,9.393302607032975,12.679126922396765,nan,0.21952159298317872,nan
59.95,207.3710174560547,-180.1084747314453,-9.817887306213379,208.26080105685372,-180.58630607835417,-9.831357981368898,1.0100589643326645,0.49252499756496726,0.09159303264055459,3.6798764688553204e-05,9.340944137620845,11.942312719522969,1.5931199314215323,nan,nan
59.96,207.36239624023438,-180.1051483154297,-9.820013046264648,208.2524347010836,-180.5831156770085,-9.833035216788383,1.01034194085497,0.4925810771060981,0.09160313380534935,3.602822964988691e-05,9.110018305197382,11.913254180309051,nan,0.20773671638319513,nan
59.97,207.353759765625,-180.10174560546875,-9.822213172912598,208.24406954610458,-180.5798675649408,-9.835341628911003,1.0106554653807087,0.4926372425870441,0.09161329660864533,3.674489139213205e-05,9.087824018800799,11.955282957807855,nan,nan,nan
59.980000000000004,207.3451385498047,-180.09829711914062,-9.824487686157227,208.23570657781298,-180.57656537306272,-9.838836744367567,1.0109687585142217,0.4926934941399211,0.09162352109469765,3.597782014377468e-05,10.113518971395717,12.89631632297143,nan,0.8276750411195896,nan
59.99,207.33651733398438,-180.0947723388672,-9.826831817626953,208.22734139467227,-180.573197026369,-9.841302116782417,1.0112700323204082,0.4927498319208719,0.09163380750486377,3.669372937914633e-05,10.091466900486076,12.660587139158315,nan,nan,nan
60.0,207.327880859375,-180.09120178222656,-9.82918643951416,208.18270711345744,-180.55718971877477,-9.842598645736494,0.9736799109321389,0.49266791832780976,0.09162437755905672,3.590823427193001e-05,9.414896021440482,11.746182417674381,9.982958418867922,0.86140368523244,nan
60.01,207.3192596435547,-180.0875701904297,-9.831523895263672,208.17428548495184,-180.55369321770112,-9.84509053207053,0.9739219268729103,0.49272401271154886,0.0916347127958068,3.662257469335071e-05,9.424733015158903,11.481350306853795,nan,nan,nan
60.02,207.31063842773438,-180.08387756347656,-9.833829879760742,208.16586301245633,-180.5501360928272,-9.847033129732768,0.9741562668868212,0.4927801930890827,0.09164510995344365,3.58629137623091e-05,9.253907344812689,11.262648997204007,nan,0.18552053736727872,nan
60.03,207.302001953125,-180.08013916015625,-9.83609676361084,208.15744164454256,-180.5465247305935,-9.849461763225415,0.9744081224924874,0.49283645961414996,0.09165556926069612,3.657664975213047e-05,9.269591743542346,11.656798357587272,nan,nan,nan
60.04,207.2933807373047,-180.07632446289062,-9.838321685791016,208.14902238087484,-180.54286305056667,-9.853023149465999,0.9746779001477223,0.4928928124225806,0.09166609078073588,3.5820016648067533e-05,10.414376207042475,12.313752865084554,nan,0.9249335695871018,nan
60.050000000000004,207.28475952148438,-180.07247924804688,-9.84050464630127,208.1282088935112,-180.5374164511691,-9.85537979499732,0.963221011018895,0.4928108522253822,0.09165682919902891,3.6510713755017114e-05,10.592207627379025,12.581096269933537,1.838535406128392,nan,nan
60.06,207.27613830566406,-180.0685577392578,-9.842645645141602,208.11977227179838,-180.53364622232277,-9.857330926336253,0.9634527613635006,0.4928669612483324,0.09166739903377959,3.5757883243212675e-05,10.557363399662863,12.272927641125918,nan,0.09108983727219197,nan
60.07,207.2675018310547,-180.06459045410156,-9.844743728637695,208.11133634119983,-180.52982337018986,-9.859604133035964,0.9637007722020329,0.492923156337819,0.09167803124056977,3.646971619209214e-05,10.575242435668681,12.61122623349905,nan,nan,nan
60.08,207.25888061523438,-180.06057739257812,-9.846799850463867,208.10289912415428,-180.52594206073263,-9.860858497042651,0.9639134625626702,0.4929794376315949,0.09168872589360963,3.5719644971513e-05,10.046866468395233,11.962366951474472,nan,0.6477145228399452,nan
60.09,207.25025939941406,-180.05650329589844,-9.84881591796875,208.094463681313,-180.5220123710722,-9.863040779477064,0.9641482849284903,0.49303580528043306,0.09169948320509683,3.6431060985026115e-05,10.061887774973943,11.878319444188648,nan,nan,nan
60.1,207.24163818359375,-180.0524139404297,-9.850790977478027,208.05507563458116,-180.51833692401635,-9.865763103579914,0.9375440671580203,0.49295379912763304,0.09169038492610111,3.5662132876862134e-05,11.48120661520448,12.835357023261825,22.206966799819423,0.3060906201891003,nan
60.11,207.23301696777344,-180.04833984375,-9.852726936340332,208.04660922791854,-180.5144200466297,-9.867871886030555,0.9377592925615413,0.49300992260635684,0.09170119000787118,3.637230630134596e-05,11.494690925333828,12.726787793424911,nan,nan,nan
60.120000000000005,207.22438049316406,-180.04432678222656,-9.85462474822998,208.03814128840472,-180.51053930462686,-9.868635416838504,0.9379536485074343,0.49306613220948936,0.09171205776506668,3.562826158841083e-05,10.689737207307907,12.164022395344288,nan,1.163713813188993,nan
60.13,207.21575927734375,-180.04039001464844,-9.856484413146973,208.02967512120705,-180.5067251430601,-9.870656113683605,0.9381515282610389,0.49312242808629275,0.0917229884002941,3.633813344726294e-05,10.697950203521383,12.076417513553038,nan,nan,nan
60.14,207.20713806152344,-180.03651428222656,-9.858306884765625,208.02121011329018,-180.50298399341256,-9.873534099474814,0.9383704838652265,0.4931788103768548,0.09173398200213752,3.559646451035594e-05,11.676320614584808,12.957062783446005,nan,0.5448054523136135,nan
60.15,207.19851684570312,-180.03271484375,-9.860093116760254,208.00781885255313,-180.50466822862657,-9.875582642783716,0.936989680415066,0.4930967589204624,0.09172504203330081,3.6283808589107534e-05,12.232137412136236,13.45987431209381,7.4943888633541835,nan,nan
60.160000000000004,207.1898956298828,-180.02899169921875,-9.861844062805176,207.99935524537545,-180.50110189575918,-9.876951456707033,0.9371985596134059,0.49315289666146783,0.09173608283924581,3.554528473256449e-05,12.032407142446978,13.27846857973629,nan,0.21119828617100528,nan
60.17,207.1812744140625,-180.02532958984375,-9.86355972290039,207.9908922814724,-180.49761150560323,-9.878835952415265,0.9374244835564148,0.4932091205942452,0.09174718673963246,3.625381932546181e-05,12.0410613518584,13.206643496372283,nan,nan,nan
60.18,207.17263793945312,-180.02175903320312,-9.865241050720215,207.98242815942254,-180.49418971416532,-9.879592365481823,0.9376336752207116,0.4932654308600484,0.09175835383133188,3.5517438124776393e-05,11.394043775969239,12.884254183108803,nan,0.8206111689470856,nan
60.19,207.1640167236328,-180.01824951171875,-9.866888999938965,207.97396504130458,-180.4908440523051,-9.881399326946566,0.9378552269306949,0.4933218276063412,0.0917695843045344,3.6225813872344044e-05,11.399477267828138,12.622571840870163,nan,nan,nan
60.2,207.1553955078125,-180.0148162841797,-9.868504524230957,207.97161840455144,-180.48134449930956,-9.882096440729434,0.9402409972274461,0.49323973147906464,0.09176079747146496,3.5470145948400213e-05,10.263167551418876,11.660924765013732,9.59018642738186,0.8264950641632923,nan
60.21,207.1467742919922,-180.01144409179688,-9.870087623596191,207.963152680073,-180.4780984129174,-9.883829094825426,0.9404407243295149,0.49329588330027974,0.09177207455223166,3.6177527807430936e-05,10.265855145019401,11.589377619164786,nan,nan,nan
60.22,207.13815307617188,-180.0081329345703,-9.871639251708984,207.9546850053823,-180.47491174270328,-9.88321908241306,0.9406066869958195,0.4933521213730321,0.09178341504484824,3.544597227282129e-05,8.82133607728263,10.09419120973133,nan,3.6773971682369018,nan
60.230000000000004,207.1295166015625,-180.00489807128906,-9.873159408569336,207.94621935794217,-180.47180000189147,-9.884867782742178,0.940817671551812,0.49340844584391014,0.09179481913239701,3.6153283168665265e-05,8.821162176744023,10.38356346845465,nan,nan,nan
60.24,207.1208953857422,-180.00172424316406,-9.874650001525879,207.93775264491643,-180.4687495224362,-9.885343287468464,0.9410009243933471,0.4934648568555214,0.0918062869224077,3.542353871548099e-05,8.248982617497479,9.583004472577493,nan,0.9011649981015554,nan
60.25,207.11227416992188,-179.9986114501953,-9.876110076904297,207.9470644732653,-180.4787862056147,-9.886827363515962,0.9630978696532366,0.4933827166868307,0.09179764808223698,3.610868534804063e-05,8.59798668310481,10.173602058702947,10.609098613969799,nan,nan
60.26,207.10365295410156,-179.99557495117188,-9.877541542053223,207.93863639994183,-180.47591009416078,-9.889570008754315,0.9633607260152532,0.4934388824026797,0.09180916186108548,3.538152199530896e-05,9.49792142165881,11.182301153410155,nan,0.9850395501368004,nan
60.27,207.0950164794922,-179.99258422851562,-9.878944396972656,207.930206982806,-180.47309133145524,-9.891102331814142,0.9636275567773087,0.4934951344337448,0.09182073944504068,3.608792213724302e-05,9.496930282611551,11.268996211350206,nan,nan,nan
60.28,207.08639526367188,-179.98965454101562,-9.880319595336914,207.92177508966444,-180.47032316018814,-9.889677953151354,0.9638409381187132,0.4935514729232698,0.09183238094768682,3.536237115917554e-05,7.8701469478843595,9.436766611492885,nan,5.933867595329572,nan
60.29,207.07777404785156,-179.98678588867188,-9.881667137145996,207.9133444906883,-180.46762313969944,-9.891127401844624,0.9640912423242424,0.49360789801686156,0.09184408654303039,3.6068805742113845e-05,7.867266835129724,9.449499798662144,nan,nan,nan
60.300000000000004,207.0691375732422,-179.98397827148438,-9.882987976074219,207.92304217568753,-180.4768227954446,-9.894111808907374,0.9859881006035617,0.4935257144224241,0.09183559041728742,3.532356085106694e-05,9.213812686699736,11.427148548535518,8.148216206614647,1.9129314299293436,nan
60.31,207.06051635742188,-179.98121643066406,-9.884282112121582,207.91464708179114,-180.4742699879354,-9.895523947213706,0.9862897563625675,0.4935818938536712,0.09184734135434093,3.6029185967340706e-05,9.21196640805189,11.128370064457028,nan,nan,nan
60.32,207.0518798828125,-179.978515625,-9.885550498962402,207.90625014370386,-180.4717641822702,-9.893982377834579,0.9865666619777944,0.4936381596603892,0.09185915642227109,3.530743645958275e-05,7.710742569411707,9.883090388833233,nan,5.949540943656864,nan
60.33,207.0432586669922,-179.9758758544922,-9.886794090270996,207.8978540496136,-180.4693214613397,-9.895316068348198,0.9868609116918698,0.4936945119877469,0.09187103578997421,3.60131612415877e-05,7.706466416932009,9.681899881903231,nan,nan,nan
60.34,207.0346221923828,-179.97328186035156,-9.888011932373047,207.88945714409172,-180.46693070567383,-9.896121383835611,0.987166521086593,0.4937509509796669,0.0918829795787025,3.529274239446995e-05,7.546140502794982,9.697113586153229,nan,0.17664415123133936,nan
60.35,207.0260009765625,-179.97073364257812,-9.889206886291504,207.87601071326125,-180.4621780226485,-9.897462712730313,0.9818871064718243,0.4936687245681925,0.0918746208948122,3.5976551383740365e-05,7.543707946427956,9.32856013213874,0.4502359662031475,nan,nan
60.36,207.01736450195312,-179.96824645996094,-9.890377044677734,207.86760376086974,-180.45988733117628,-9.898722118232465,0.9821849031140154,0.4937249175359345,0.09188660936575763,3.669582727519618e-05,7.539647054433782,9.597636690528146,nan,nan,nan
60.370000000000005,207.00872802734375,-179.96580505371094,-9.891523361206055,207.8591960931599,-180.45764702218705,-9.899958947074461,0.9824844080373366,0.49378119694013556,0.09189866233026461,3.742955461327878e-05,7.536030918449876,9.5552091483687,nan,nan,nan
60.38,207.00010681152344,-179.96340942382812,-9.892647743225098,207.85078855152221,-180.45546279254606,-9.90389828721714,0.982803395992367,0.4938375629251667,0.0919107799230681,3.662428087235087e-05,9.084504311119478,10.855499002955545,nan,4.7787419748497495,nan
60.39,206.99147033691406,-179.96107482910156,-9.893749237060547,207.8423795967955,-180.45331998580934,-9.905118037200896,0.9830977125753413,0.4938940156357877,0.09192296230817171,3.735644128800196e-05,9.080838518632069,11.155626109409159,nan,nan,nan
60.4,206.9828338623047,-179.95877075195312,-9.894829750061035,207.81779859774826,-180.44405867848658,-9.904533771767456,0.9657974161856026,0.49381174700520314,0.09191473569281901,3.653284729515037e-05,8.123471751473993,9.787384185060558,3.2799739232907426,1.7594309174412464,nan
60.410000000000004,206.9741973876953,-179.95639038085938,-9.89599609375,207.80936067071417,-180.44193710754072,-9.905746719396943,0.9660995848225566,0.49386795333365796,0.09192696205399278,3.726261945636851e-05,8.094635553879204,9.719666130673733,nan,nan,nan
60.42,206.96556091308594,-179.95394897460938,-9.897248268127441,207.80092184595236,-180.43974103197985,-9.906078349473484,0.9663849033900908,0.4939242461585436,0.0919392532477106,3.646694351628592e-05,7.67788360381715,9.368920537164126,nan,0.6090366443528634,nan
60.43,206.95692443847656,-179.95144653320312,-9.898584365844727,207.7924826206685,-180.43747560502746,-9.907454998357142,0.9666749311984243,0.493980625624457,0.0919516094341377,3.719535069453211e-05,7.651274119671568,9.409619335593804,nan,nan,nan
60.44,206.9482879638672,-179.9488525390625,-9.900005340576172,207.78404287936385,-180.43513992214443,-9.909085349360296,0.9669768064855685,0.49403709187582784,0.09196403074295799,3.640374319117836e-05,7.797766032443038,9.39985327681295,nan,0.01849729873680183,nan
60.45,206.9396514892578,-179.94619750976562,-9.901508331298828,207.7720218980354,-180.4298989379844,-9.910789403938203,0.962753191310629,0.4939547816154332,0.09195593081440714,3.7107492687566935e-05,7.766340989739341,9.353390783174815,1.5148038580409897,nan,nan
60.46,206.93101501464844,-179.9434814453125,-9.903094291687012,207.76357327060202,-180.4274135414559,-9.911614753917652,0.9630244656865425,0.49401100113120283,0.09196839538090272,3.6320792277184984e-05,7.439891275908944,9.076933011369517,nan,0.4282549629821516,nan
60.47,206.92237854003906,-179.94068908691406,-9.904760360717773,207.7551241202507,-180.42486151975265,-9.913323309594778,0.9633075677977143,0.4940673072028468,0.0919809251371787,3.7045825466084635e-05,7.41690976552757,8.985280308897899,nan,nan,nan
60.480000000000004,206.9137420654297,-179.9378204345703,-9.906506538391113,207.7466745475729,-180.42224050479143,-9.914370840827077,0.9635876563629706,0.4941236999748565,0.09199352021603832,3.626290436301468e-05,7.140216511805374,8.641138824836926,nan,0.36195367969563463,nan
60.49,206.9051055908203,-179.93490600585938,-9.908331871032715,207.73822470946402,-180.41955423482688,-9.91623376576414,0.9638640005889579,0.49418017959173327,0.09200618077296523,3.698683721766576e-05,7.118654820513015,8.773993160633626,nan,nan,nan
60.5,206.89646911621094,-179.93191528320312,-9.910234451293945,207.7345927884346,-180.4172578499058,-9.918709390109706,0.9685455702150395,0.4940978282814025,0.09199820207396171,3.6185343543992855e-05,7.34247978835267,8.994381653445497,0.2809914276155946,0.18003412825313614,nan
60.51,206.88783264160156,-179.92886352539062,-9.912215232849121,207.7261490433842,-180.41443679510095,-9.920735682385073,0.9688283582839936,0.4941540608134795,0.09201090514494845,3.690735188842391e-05,7.320672713732156,9.000563292415071,nan,nan,nan
60.52,206.8791961669922,-179.9257354736328,-9.91427230834961,207.71770531394156,-180.4115483766884,-9.920997228766119,0.969101125191621,0.4942103799601715,0.09202367373484839,3.613252803575056e-05,6.602034710109288,8.189819283356503,nan,2.246454786597151,nan
60.53,206.8705596923828,-179.9225616455078,-9.916404724121094,207.709261372329,-180.40859936924994,-9.923160104750249,0.9693806331944252,0.49426678586599515,0.09203650799664784,3.6853601471157305e-05,6.584383180948295,8.312267806609162,nan,nan,nan
60.54,206.86192321777344,-179.9193115234375,-9.918611526489258,207.70081728206415,-180.4055888060021,-9.926260854323408,0.9696738414832677,0.49432327867542003,0.09204940806690444,3.608213704912977e-05,6.964214748049855,8.582477804558678,nan,0.4928624828833051,nan
60.550000000000004,206.85328674316406,-179.91600036621094,-9.920891761779785,207.70484699518704,-180.40447524742473,-9.928567455700444,0.9817441054976735,0.49424088688603884,0.09204154512258675,3.677940649540996e-05,6.800830228564113,8.642020420181462,1.4561873723544918,nan,nan
60.56,206.8446502685547,-179.9126434326172,-9.92324161529541,207.6964202420249,-180.4013301666368,-9.928975853818203,0.982018173560784,0.49429713226569433,0.09205448694132688,3.601211437409205e-05,6.107292819003433,8.085184309779834,nan,2.6291282255209047,nan
60.57,206.8360137939453,-179.90921020507812,-9.925601959228516,207.68799324709406,-180.3981273920165,-9.931392294022993,0.9823148844685207,0.4943534643181416,0.09206749462241288,3.6730635348038546e-05,6.103193026042372,7.944449043079245,nan,nan,nan
60.58,206.82736206054688,-179.90573120117188,-9.92794418334961,207.6795662968996,-180.39486541330157,-9.934310244655277,0.9826214248986279,0.4944098831877796,0.09208056830437077,3.5966440554944584e-05,6.312211107389062,8.512487394597182,nan,0.16982175548217898,nan
60.59,206.8187255859375,-179.9021759033203,-9.930254936218262,207.67113948614772,-180.39154352092908,-9.936704828863906,0.982919998550656,0.49446638901923373,0.09209370813723027,3.668424022694979e-05,6.315759874726318,8.131442697129422,nan,nan,nan
60.6,206.81008911132812,-179.89857482910156,-9.932526588439941,207.67342410846695,-180.3880097534126,-9.937327384543622,0.9924298010757598,0.49438395731263135,0.09208595541850788,3.590115864188477e-05,5.604819856180107,7.728847665592714,1.9979235992798001,2.0090966597312807,nan
60.61,206.80145263671875,-179.89491271972656,-9.934757232666016,207.6650100917976,-180.3845574388072,-9.939630986038427,0.9927271440923502,0.49444021537357674,0.09209913621050034,3.6617407671381786e-05,5.6069776732461465,7.701737003767208,nan,nan,nan
60.620000000000005,206.79281616210938,-179.8911895751953,-9.936944961547852,207.65659662220241,-180.38104735129085,-9.94133739887364,0.9930239763195376,0.4944965601646635,0.09211238319201621,3.585995296277076e-05,5.491950317097019,7.556138954426284,nan,0.20781659772288258,nan
60.63,206.7841796875,-179.88742065429688,-9.93908977508545,207.64818318034318,-180.3774813528647,-9.943552774242395,0.9933183992494397,0.49455299183062656,0.09212569651156895,3.657561390276651e-05,5.493556938148754,7.6616935466174505,nan,nan,nan
60.64,206.77554321289062,-179.8835906982422,-9.941191673278809,207.63976958377685,-180.37386040856512,-9.946614809832845,0.9936201585140063,0.4946095105156972,0.09213907630996702,3.582087807085627e-05,5.76534376536697,7.88509420424386,nan,0.5315389503193528,nan
60.65,206.76690673828125,-179.87969970703125,-9.943252563476562,207.64089336014678,-180.38064503066494,-9.94870182373279,1.0073869797191715,0.49452703944511506,0.09213142826581443,3.6513387503736755e-05,6.152083195756444,8.422812957337777,7.068110838940792,nan,nan
60.660000000000004,206.75827026367188,-179.87582397460938,-9.945272445678711,207.63250428720775,-180.37698424469434,-9.949296730578086,1.007701810600892,0.4945833100230547,0.0921448482124114,3.5762168072756614e-05,5.786081941191277,8.08015356508837,nan,1.5309766007720182,nan
60.67,206.7496337890625,-179.87200927734375,-9.94725227355957,207.62411506777886,-180.37335350589632,-9.95134243777165,1.0080080712829889,0.49463966738831966,0.09215833468076519,3.647593403012033e-05,5.784429922323102,8.217438168923758,nan,nan,nan
60.68,206.7410125732422,-179.8682403564453,-9.949193000793457,207.61572634886295,-180.36977429867082,-9.95273902284714,1.008302067208727,0.4946961116850073,0.09217188781282193,3.5727200313157824e-05,5.6709624125268405,7.749653884939189,nan,0.2522428155591236,nan
60.69,206.7323760986328,-179.8645477294922,-9.951093673706055,207.60733746045364,-180.3662588380442,-9.954701813969981,1.0086051952077142,0.49475264305805877,0.09218550775538464,3.644054711909253e-05,5.668455254367252,8.070334599695833,nan,nan,nan
60.7,206.72373962402344,-179.8609161376953,-9.952958106994629,207.66051593835476,-180.3506602062357,-9.957348973823256,1.0570801272723693,0.4879241769356436,0.09217349799173587,3.567258321760579e-05,4.724302944632893,6.549968707324815,5.714019721115141,0.30979978627376653,1.1548075534563753
60.71,206.71510314941406,-179.8573455810547,-9.954784393310547,207.6521151738195,-180.34720647474322,-9.959245453962032,1.0573434305408325,0.4879757026792526,0.09218690145139123,3.6384675138361676e-05,4.724381402137922,6.485308978631002,nan,nan,nan
60.72,206.7064666748047,-179.85386657714844,-9.956574440002441,207.64371434959048,-180.343822671659,-9.960819281551833,1.0575954789612203,0.4880273135894497,0.09220036462484663,3.5641475681483094e-05,4.675439185798567,6.611405185259491,nan,0.055965878173691655,nan
60.730000000000004,206.6978302001953,-179.85044860839844,-9.958329200744629,207.63531357595866,-180.34050851041312,-9.962641980948618,1.057852724848015,0.48807900981083074,0.09221388765801647,3.6353253772739384e-05,4.674461942446735,6.5389375194109505,nan,nan,nan
60.74,206.68919372558594,-179.8470916748047,-9.96004867553711,207.62691265405485,-180.33726164614197,-9.962623742059337,1.0581068096261677,0.48813079148783245,0.09222747069414679,3.561220489746764e-05,4.342343462862066,6.155106889725955,nan,2.2245965576287654,nan
60.75,206.68055725097656,-179.84381103515625,-9.9617338180542,207.61707008518698,-180.3315960971105,-9.964275608609178,1.0559341911339737,0.48806527934387567,0.09221986353820741,3.6301319855543293e-05,4.2290355739064855,6.1378676407626935,0.9891264794868118,nan,nan
60.76,206.6719207763672,-179.840576171875,-9.963385581970215,207.60866662087435,-180.32847312860562,-9.965909926033897,1.0561924966128964,0.48811684224128166,0.09223347554325002,3.5563211571337914e-05,4.2240358405580265,5.966920667642118,nan,0.0031342360905019712,nan
60.77,206.6632843017578,-179.83743286132812,-9.965003967285156,207.60026316735937,-180.32541498919733,-9.967578984951201,1.0564386316392074,0.4881684903790126,0.09224714765644837,3.6273610420704404e-05,4.220101818876456,6.210369684189537,nan,nan,nan
60.78,206.6546630859375,-179.83433532714844,-9.96658992767334,207.59185971390897,-180.32241978970646,-9.968133298971226,1.0566770292130974,0.48822022390156494,0.09226088002158737,3.5537448994282626e-05,4.097968804431209,5.71618300439353,nan,0.8030307952337561,nan
60.79,206.64602661132812,-179.831298828125,-9.968145370483398,207.58345599439022,-180.31948726196129,-9.969729059797354,1.056931550873352,0.4882720429534433,0.09227467278376976,3.6247664588289444e-05,4.093577740893658,5.911445079839636,nan,nan,nan
60.800000000000004,206.63739013671875,-179.82833862304688,-9.969669342041016,207.58273272324195,-180.3162879083263,-9.969479747342943,1.0638454525189363,0.48820641142549387,0.09226714438982699,3.549192513572053e-05,3.874626980624784,6.049728540727084,2.213154205626481,2.1064121532717635,nan
60.81,206.62875366210938,-179.82542419433594,-9.971161842346191,207.57434004704547,-180.31346372062427,-9.970996950234364,1.0641034807694487,0.4882580113439656,0.09228096568431535,3.620111490538456e-05,3.8676502672089703,5.910927501264555,nan,nan,nan
60.82,206.6201171875,-179.82257080078125,-9.972625732421875,207.56594678918302,-180.31069858785537,-9.974057976425796,1.0643610398998158,0.4883096965757038,0.0922948474759293,3.546943437023379e-05,3.9179275961750015,5.97939273892411,nan,1.7001901439701546,nan
60.83,206.61148071289062,-179.81976318359375,-9.97406005859375,207.55755323509447,-180.3079905111853,-9.975533125343548,1.064622614169915,0.4883614672652932,0.09230878990944394,3.617852250627791e-05,3.913861052228082,5.864679868297147,nan,nan,nan
60.84,206.60284423828125,-179.81703186035156,-9.97546672821045,207.54915924208143,-180.30533886352785,-9.97680953954931,1.064874461573116,0.4884133235571122,0.09232279312914067,3.5448497053765345e-05,3.8976250143778444,6.041682926369882,nan,0.0200716218186487,nan
60.85,206.59420776367188,-179.81434631347656,-9.97684383392334,207.53479211807198,-180.2984850708576,-9.978273427290626,1.0578711206370566,0.4883475730455903,0.09231533959686604,3.613527856307722e-05,3.797034368555991,5.80032715829422,1.0954355453008964,nan,nan
60.86,206.58555603027344,-179.81170654296875,-9.978194236755371,207.52638702664623,-180.29593009559864,-9.97891656606605,1.0581285056253649,0.48839920985127533,0.09232937088727734,3.540769641284863e-05,3.7486216494108975,5.890053707546983,nan,0.38707531136747986,nan
60.870000000000005,206.57691955566406,-179.8091278076172,-9.979517936706543,207.5179814089722,-180.2934283575891,-9.980275116435278,1.058369031943005,0.48845093204267653,0.0923434630608061,3.611580082059213e-05,3.7430736240505182,5.740556530222429,nan,nan,nan
60.88,206.5682830810547,-179.8065948486328,-9.980814933776855,207.509575520133,-180.29097869366032,-9.981698469002357,1.0586122736035841,0.48850273976399344,0.09235761626189488,3.538969890760572e-05,3.7428867383423166,5.68344694036179,nan,0.005664481911176913,nan
60.89,206.5596466064453,-179.8041229248047,-9.982086181640625,207.5011692039387,-180.28857992551917,-9.983006926865114,1.0588504308464635,0.48855463316008085,0.09237183063507531,3.609779993130901e-05,3.737510182625989,5.7853615363320054,nan,nan,nan
60.9,206.55101013183594,-179.80169677734375,-9.983331680297852,207.50317136319657,-180.28654725102467,-9.985273844586235,1.0685011765725558,0.48848876406578934,0.09236444800015674,3.5351785130784335e-05,3.6749269244057285,5.956012620953197,2.649470514700782,0.6632935862079491,nan
60.910000000000004,206.5423583984375,-179.79931640625,-9.984553337097168,207.4947803276849,-180.28423471070715,-9.986543334883676,1.0687643582194084,0.48854043762422467,0.09237868995755,3.6059033496093196e-05,3.6713571721561733,6.150168107847775,nan,nan,nan
60.92,206.53372192382812,-179.79698181152344,-9.985749244689941,207.48638955329187,-180.28196999130185,-9.986167965276577,1.0690132469150144,0.4885921966395365,0.09239299318012684,3.533650766557058e-05,3.560145818553172,5.7873113493471795,nan,1.8200290983830882,nan
60.93,206.52508544921875,-179.79469299316406,-9.986922264099121,207.47799767931008,-180.27975196282816,-9.987374523006258,1.0692633571049472,0.4886440412568257,0.0924073578123885,3.604381451672528e-05,3.5545789821196987,5.766231551693074,nan,nan,nan
60.94,206.51644897460938,-179.79244995117188,-9.98807144165039,207.46960489554598,-180.27757982093004,-9.989737046424086,1.0695138963039963,0.4886959716199216,0.09242178399882583,3.532251913752629e-05,3.621203709255064,5.839238939180567,nan,0.962585850539751,nan
60.95,206.50779724121094,-179.79025268554688,-9.989198684692383,207.4316398252045,-180.26575940984648,-9.990870108762214,1.0390353981036884,0.48862998434508814,0.09241446823688436,3.6007771729238195e-05,3.629142425605715,5.5374795131999806,7.580083742049511,nan,nan
60.96,206.49916076660156,-179.78810119628906,-9.990302085876465,207.42319788724822,-180.2636702819486,-9.99141470001733,1.0392361586657044,0.4886816945200306,0.09242892149655671,3.528849725039577e-05,3.5802727033522967,5.313339949501667,nan,0.2553948608665326,nan
60.97,206.49050903320312,-179.78599548339844,-9.991384506225586,207.41475476196166,-180.2616244929082,-9.9925384941965,1.03944911058881,0.48873349022347523,0.09244343639984944,3.599511584692457e-05,3.5755304821335865,5.529979035829338,nan,nan,nan
60.980000000000004,206.48187255859375,-179.78392028808594,-9.99244499206543,207.40631198207345,-180.25962151125097,-9.991653210175592,1.0396540426135723,0.4887853715989662,0.09245801309118595,3.5276924493822756e-05,3.5504298127429146,5.170983313907025,nan,2.747133492023502,nan
60.99,206.4732208251953,-179.7817840576172,-9.993592262268066,207.39786739167397,-180.25760132677553,-9.992770177087875,1.039891351225749,0.4888373387920358,0.09247265171516864,3.598367313275132e-05,3.5472864878519776,5.549454344175206,nan,nan,nan
61.0,206.46458435058594,-179.77955627441406,-9.99482536315918,207.39025792749194,-180.254464320446,-9.99033360984735,1.040398673113174,0.4887712337383187,0.09246539874451087,3.524525922665727e-05,4.044167676739726,5.697999694680711,0.34757819179373517,8.996602190020049,nan
61.01,206.4559326171875,-179.7772674560547,-9.996143341064453,207.38181322436978,-180.25228889179218,-9.99158792514687,1.0406349095530636,0.4888229803940112,0.09248006390662457,3.5951282432922287e-05,4.044897664017102,6.067347100291678,nan,nan,nan
61.02,206.44728088378906,-179.77490234375,-9.997546195983887,207.3733668054779,-180.2500395359509,-9.994963957580723,1.0408636576026566,0.48887481264728594,0.09249479108693141,3.523590317761968e-05,3.6530044467239264,5.636140189799274,nan,2.8885221760318336,nan
61.03,206.4386444091797,-179.7724609375,-9.999031066894531,207.3649214242825,-180.2477183003726,-9.996408158420158,1.0410886366305556,0.48892673064397923,0.09250958043017311,3.59421021737296e-05,3.6516582895558636,5.412842706054815,nan,nan,nan
61.04,206.42999267578125,-179.76995849609375,-10.000598907470703,207.35647439611728,-180.24532489776539,-9.999656260803492,1.0413176664869295,0.48897873452717616,0.09252443208056463,3.522759582773883e-05,3.4813062961744996,5.569800826223411,nan,2.062438399764107,nan
61.050000000000004,206.4213409423828,-179.7673797607422,-10.002246856689453,207.34301657827103,-180.2494725448905,-10.001253116487895,1.040144421624906,0.4889125120990042,0.09251723776557302,3.5911912344950905e-05,3.8515289240058137,5.6431475633377035,9.699726130160093,nan,nan
61.06,206.41268920898438,-179.76473999023438,-10.003975868225098,207.33456468097648,-180.24697642123706,-10.002199947971073,1.0403891171766626,0.48896429509660494,0.09253211539511327,3.519907423040795e-05,3.909865790032224,5.793306771755279,nan,0.4046659260293368,nan
61.07,206.404052734375,-179.76202392578125,-10.005783081054688,207.32611202642425,-180.2444109727659,-10.003981329818426,1.040621856132412,0.4890161637627692,0.09254705541421344,3.5904798902519816e-05,3.9074965987281476,5.554202172532516,nan,nan,nan
61.08,206.39540100097656,-179.7592315673828,-10.007669448852539,207.31766130337047,-180.2417783096351,-10.003268242443449,1.0408817389347598,0.4890681182402776,0.0925620579669007,3.519271194255909e-05,4.364442528846765,6.136720833158922,nan,4.62715374261204,nan
61.09,206.38674926757812,-179.75637817382812,-10.00963306427002,207.30920846676034,-180.2390769664992,-10.005182815088505,1.0411286679943934,0.489120158675428,0.09257712319819994,3.589866239235192e-05,4.362351918683415,6.223576962365179,nan,nan,nan
61.1,206.3780975341797,-179.7534637451172,-10.011672973632812,207.2820931276063,-180.22377413846783,-10.006136637029249,1.0190341260484541,0.4890538192752692,0.09256998335155239,3.51660759926887e-05,4.40726503574827,6.208514007797937,7.946645955505306,0.6313365999736573,nan
61.11,206.3694610595703,-179.75048828125,-10.013789176940918,207.27360764584702,-180.22090597759663,-10.008195396699502,1.019217910404486,0.4891056384779087,0.09258507397964516,3.5871391279145006e-05,4.403926749311436,6.103831496394387,nan,nan,nan
61.120000000000005,206.36080932617188,-179.7474365234375,-10.015979766845703,207.26512117567984,-180.21797202813698,-10.011625704677323,1.0194128409043492,0.4891575434160444,0.09260022736407542,3.5161482748091973e-05,4.067037991445799,5.854177677717066,nan,1.173482976252885,nan
61.13,206.35215759277344,-179.74432373046875,-10.018243789672852,207.25663602976633,-180.21497424450567,-10.01384910825863,1.019613879158698,0.48920953423626684,0.09261544365008623,3.586705669552687e-05,4.062431315426754,5.931198319132945,nan,nan,nan
61.14,206.343505859375,-179.74114990234375,-10.02057933807373,207.2481518452358,-180.21191314374497,-10.015396242287034,1.0198182454097349,0.489261611080913,0.09263072298137622,3.515772548908077e-05,4.284054621272821,6.199206640942598,nan,0.3931492602206928,nan
61.15,206.33486938476562,-179.73789978027344,-10.022926330566406,207.21477423674182,-180.20091627249337,-10.017601666397058,0.9943063776560096,0.48919515511555794,0.09262363336866,3.584152786072826e-05,4.3398651949137275,5.651791609980464,6.029063570706592,nan,nan
61.160000000000004,206.3262176513672,-179.73460388183594,-10.02525520324707,207.20624910463496,-180.19772504812448,-10.01966522515237,0.9944686125062746,0.48924701038180574,0.09263893749117523,3.513357572436463e-05,4.4340920882535055,6.113778793951699,nan,0.048561468726299045,nan
61.17,206.31756591796875,-179.7312469482422,-10.027552604675293,207.19772385448053,-180.19447218681606,-10.021965854929746,0.9946289894373732,0.48929895145388475,0.0926543047345792,3.583882429792016e-05,4.411430928651123,6.112133982657287,nan,nan,nan
61.18,206.3089141845703,-179.7278289794922,-10.02981185913086,207.1891989472996,-180.19115868275765,-10.023884793768842,0.9947918413040987,0.48935097847386105,0.09266973524233796,3.5131350941665295e-05,4.536363097285957,6.2498502889820005,nan,0.08468845917614969,nan
61.19,206.30027770996094,-179.72433471679688,-10.03203010559082,207.18067376418767,-180.18778467373593,-10.02610905866981,0.9949462968831343,0.4894030915887366,0.09268522916004629,3.5836891148895196e-05,4.511484336716958,5.916002552781495,nan,nan,nan
61.2,206.2916259765625,-179.72079467773438,-10.034205436706543,207.16330573894885,-180.17959305050272,-10.028217381033894,0.9850672118284827,0.48933651946158163,0.09267818550017418,3.5108678155236214e-05,4.479359085235437,6.184464236286281,1.2145605913861657,0.014701629884668492,nan
61.21,206.28297424316406,-179.7172088623047,-10.036337852478027,207.15476583518043,-180.17609030554488,-10.030359223009674,0.9852048025009547,0.4893884106534775,0.09269370358090248,3.5813644438511185e-05,4.451413189304187,6.371064092186116,nan,nan,nan
61.22,206.2743377685547,-179.71359252929688,-10.038429260253906,207.14622825373303,-180.17255132997153,-10.030443958943199,0.9853425617003759,0.4894403877160659,0.09270928514140381,3.510783373596651e-05,5.264851397577918,6.869121748015667,nan,2.851960767955673,nan
61.230000000000004,206.26568603515625,-179.70999145507812,-10.040478706359863,207.13768901747937,-180.16901637293518,-10.032483879749055,0.9854729796633857,0.4894924507965912,0.09272493032750805,3.58131145294474e-05,5.2279196315132594,6.867652150343116,nan,nan,nan
61.24,206.2570343017578,-179.7064666748047,-10.042487144470215,207.1291483087345,-180.16551848628544,-10.036166985124208,0.9855715860366759,0.48954460003675115,0.09274063928232579,3.5107641471874446e-05,4.5739148603608,6.600134670767899,nan,1.9883847857331045,nan
61.25,206.24839782714844,-179.70297241210938,-10.044456481933594,207.11621806511894,-180.16370044405076,-10.038119017474296,0.9825591322172628,0.4894779121569639,0.09273363725420258,3.579121692155545e-05,4.693039449524828,6.121964319168497,1.3529489282137215,nan,nan
61.26,206.23974609375,-179.69956970214844,-10.046385765075684,207.10767268512242,-180.16033149378046,-10.040348606813835,0.9826670056123719,0.4895298391306332,0.09274936972133706,3.5086890380141845e-05,4.602437852259385,6.529423891757183,nan,0.05974107592746348,nan
61.27,206.23110961914062,-179.6962127685547,-10.048276901245117,207.09912756006088,-180.15702745331802,-10.042251581657986,0.9827724171592811,0.4895818520445759,0.0927651660260785,3.579194426273993e-05,4.571864002602142,6.144713705350717,nan,nan,nan
61.28,206.2224578857422,-179.69293212890625,-10.050130844116211,207.09058231449666,-180.1537887683882,-10.044177111049303,0.9828857069325571,0.48963395104028096,0.09278102631131,3.508787741935321e-05,4.560963738614055,6.410613545294769,nan,0.002490419284488192,nan
61.29,206.2138214111328,-179.68971252441406,-10.051946640014648,207.08203720454415,-180.15061504878864,-10.046007518842746,0.982987830069136,0.4896861362653111,0.09279695072320655,3.57932657210248e-05,4.529807720328074,6.269906733833846,nan,nan,nan
61.300000000000004,206.20516967773438,-179.68655395507812,-10.053727149963379,207.088942428589,-180.14730204439346,-10.048579980486231,0.9966792715385017,0.48961933303742405,0.09278998596383878,3.506825675612473e-05,4.067504801673035,6.190174255400582,5.496449778189304,0.44562612593593504,nan
61.31,206.196533203125,-179.68345642089844,-10.055472373962402,207.08042199486692,-180.14423690432906,-10.050347552203203,0.996797027421141,0.48967129565374673,0.09280593321544059,3.577311017912143e-05,4.039999487965518,5.995342891556243,nan,nan,nan
61.32,206.18788146972656,-179.680419921875,-10.057182312011719,207.07190004176425,-180.14123296737253,-10.053437086781383,0.9969210226092592,0.4897233442732884,0.09282194465567982,3.507029454981587e-05,3.6994489522328475,5.829511901662877,nan,1.2937288985578828,nan
61.33,206.17922973632812,-179.6774444580078,-10.058857917785645,207.06337946003472,-180.1382913345773,-10.05515019916128,0.9970528194392256,0.48977547904378455,0.09283802043094425,3.577549770828283e-05,3.6774508788458453,5.836603704517975,nan,nan,nan
61.34,206.17059326171875,-179.67453002929688,-10.060500144958496,207.05485833435176,-180.13540934791794,-10.057174665894454,0.9971687539340036,0.4898277001064601,0.09285416068379386,3.5072829364991207e-05,3.6023845059066115,5.654021856577111,nan,0.08323567893316974,nan
61.35,206.1619415283203,-179.6716766357422,-10.06210994720459,207.05308087922617,-180.13400245102406,-10.059002926478518,1.0039343383841182,0.4897607819419477,0.09284722879720886,3.575636179770233e-05,3.521419365583065,5.920267329311998,1.884532468838862,nan,nan
61.36,206.15330505371094,-179.66888427734375,-10.063688278198242,207.04457151748235,-180.13123592356357,-10.059855754101129,1.0040615730356046,0.48981278005482237,0.09286339119540526,3.5054656806570564e-05,3.6641762793751416,5.9608149403241715,nan,0.41864054501781883,nan
61.370000000000005,206.1446533203125,-179.6661376953125,-10.065234184265137,207.036061184716,-180.12852484653172,-10.061441360442014,1.0042032881073402,0.4898648642395831,0.09287961813335528,3.5759693417218835e-05,3.6414102967528885,6.017263573947423,nan,nan,nan
61.38,206.13600158691406,-179.6634521484375,-10.066749572753906,207.02754951076017,-180.12586796913953,-10.064094086934555,1.0043371661721836,0.489917034637319,0.0928959097534266,3.505807564070437e-05,3.4340277457758908,5.893475913276644,nan,0.847536978733445,nan
61.39,206.1273651123047,-179.6608123779297,-10.06823444366455,207.0190386910661,-180.12326628643197,-10.065630842313613,1.0044661105732828,0.4899692913959739,0.09291226620230006,3.576347217779372e-05,3.416741485809847,5.646226100399838,nan,nan,nan
61.4,206.11871337890625,-179.65823364257812,-10.069690704345703,207.00785865596347,-180.1210774926025,-10.067880294045402,1.0024006338804887,0.48990225870075094,0.09290536275535638,3.504074636170191e-05,3.3663344821783623,5.793332028975183,0.3757474007477086,0.3298435468220562,nan
61.410000000000004,206.1100616455078,-179.6557159423828,-10.071117401123047,206.99934310875128,-180.11858560639863,-10.069367648010504,1.0025332455188216,0.48995429216978936,0.0929217406340387,3.5745630628110784e-05,3.3519719458655337,5.935506414813135,nan,nan,nan
61.42,206.10142517089844,-179.65322875976562,-10.072515487670898,206.99082628050647,-180.1161440733513,-10.071534192461925,1.0026594059123037,0.49000641177193266,0.092938183395777,3.504494296273168e-05,3.288347143806235,5.480054448913836,nan,0.35186391005618484,nan
61.43,206.0927734375,-179.6508026123047,-10.073884963989258,206.98230967585533,-180.11375310401064,-10.07297382838831,1.002795446382872,0.4900586176552237,0.09295469118742039,3.5750196955343726e-05,3.2780405606298006,5.794401255585598,nan,nan,nan
61.44,206.08412170410156,-179.64842224121094,-10.075228691101074,206.9737927023433,-180.11141121542323,-10.074272498581081,1.0029327941884953,0.4901109099605985,0.09297126415107947,3.5049508765864035e-05,3.275008263129876,5.705539939203091,nan,0.009202605655804167,nan
61.45,206.07546997070312,-179.64608764648438,-10.076544761657715,206.9904052434371,-180.11139101604917,-10.075661037410644,1.0264572860035046,0.49004376314833537,0.09296438468443616,3.5733105312046496e-05,3.053561679297978,5.953647943215041,9.353926374802686,nan,nan
61.46,206.06683349609375,-179.643798828125,-10.077834129333496,206.98192598744726,-180.10912407614597,-10.078708012599042,1.0266073338181976,0.49009583182545713,0.09298097834139468,3.5033239481330676e-05,3.0480667543994775,5.766255272529296,nan,2.0050293497802607,nan
61.47,206.0581817626953,-179.6415557861328,-10.07909870147705,206.97344814852846,-180.10690487708575,-10.08005987851496,1.0267732258625086,0.49014798670326315,0.09299763722575251,3.573835951878058e-05,3.046559635963763,5.90161858523097,nan,nan,nan
61.480000000000004,206.04953002929688,-179.6393585205078,-10.080337524414062,206.96496914136617,-180.10473026144032,-10.082037794699158,1.0269384188371837,0.49020022792262596,0.0930143614794785,3.503844826072513e-05,3.0976687464337327,5.994350354747871,nan,0.29815565494150426,nan
61.49,206.04087829589844,-179.63720703125,-10.081551551818848,206.95649039723781,-180.10260042257173,-10.083347909513785,1.0271026023265715,0.49025255563168785,0.09303115124963941,3.57439412591488e-05,3.0998700007179676,6.027658135499081,nan,nan,nan
61.5,206.0322265625,-179.6350860595703,-10.082741737365723,206.9299942944324,-180.09151054021356,-10.086162771562496,1.0071354975893085,0.49018529510992837,0.09302429127158508,3.502278992874066e-05,3.2295408289926506,5.828088167626344,3.563158351963194,1.6782934442809048,nan
61.51,206.02357482910156,-179.63302612304688,-10.083908081054688,206.9214841300776,-180.0894480703845,-10.087441472828946,1.0072609352338509,0.4902373988533626,0.0930411009780901,3.5727781554802415e-05,3.238997138439049,6.114460678299872,nan,nan,nan
61.52,206.01492309570312,-179.63099670410156,-10.085051536560059,206.91297375166332,-180.08742751511343,-10.088491606375113,1.0073906392218535,0.4902895888571646,0.0930579762477424,3.5028555804977316e-05,3.2219790291076085,5.899475531784165,nan,0.029918021161720886,nan
61.53,206.0062713623047,-179.62901306152344,-10.08617115020752,206.90446244461177,-180.08544758531193,-10.089723507389186,1.0075178976492338,0.49034186526950657,0.09307491722772285,3.573392633755368e-05,3.23173753422176,6.006825042593989,nan,nan,nan
61.54,205.99761962890625,-179.62705993652344,-10.08726978302002,206.89594964738782,-180.0835068388524,-10.09167500653509,1.007650734503294,0.4903942282312122,0.09309192405982404,3.503458813845878e-05,3.4273000843741674,6.014287763416578,nan,0.387125046689174,nan
61.550000000000004,205.9889678955078,-179.62515258789062,-10.088345527648926,206.86705236170675,-180.06836919460738,-10.092882762092097,0.9836126660153336,0.49032685441570073,0.09308507905886543,3.571830103267657e-05,3.2278617089720525,5.981884825404901,7.406738894843192,nan,nan
61.56,205.98031616210938,-179.62327575683594,-10.089400291442871,206.85850399667297,-180.06647285723008,-10.09460971597201,0.9836994869761749,0.4903789930756368,0.09310210505017513,3.501967941492397e-05,3.421232816740017,6.017883028022265,nan,0.21385811147440875,nan
61.57,205.97166442871094,-179.62144470214844,-10.090433120727539,206.84995582348043,-180.06461482157067,-10.095771325019989,0.9837804761733803,0.49043121806226886,0.09311919694212491,3.57249292055919e-05,3.43853195197321,6.193271405975713,nan,nan,nan
61.58,205.96299743652344,-179.61953735351562,-10.091554641723633,206.84140769522378,-180.0627366176367,-10.096632312650822,0.9838983448758807,0.4904835295164216,0.09313635487642107,3.502616281283252e-05,3.37312804009498,6.274981571131621,nan,0.07906204005144064,nan
61.59,205.954345703125,-179.6175537109375,-10.092761039733887,206.83285864771227,-180.0607803149017,-10.097912802052749,0.9840027220104786,0.4905359275862691,0.09315357900037907,3.573179000650924e-05,3.3760793924964942,6.200920404051833,nan,nan,nan
61.6,205.94569396972656,-179.615478515625,-10.094053268432617,206.8271499629566,-180.05824200882535,-10.10034695399054,0.9864298197996884,0.4904684408864023,0.09314674443756862,3.5011681736160126e-05,3.7229225418928857,6.397640928623389,1.0076922753154252,0.6189114745725954,nan
61.61,205.93704223632812,-179.61334228515625,-10.095430374145508,206.8186044689568,-180.05612806015907,-10.10181209192333,0.9865353206367765,0.4905206143195887,0.0931639869238947,3.5716810524510974e-05,3.7281482061606406,6.623045112203844,nan,nan,nan
61.620000000000005,205.92837524414062,-179.6111297607422,-10.096890449523926,206.81006084996858,-180.05394103030983,-10.101436293101642,0.9866468429352756,0.4905728741377944,0.09318129563924839,3.5018548358134876e-05,3.1742388321463957,6.21178654278138,nan,2.616120863651023,nan
61.63,205.9197235107422,-179.6088409423828,-10.098432540893555,206.80151470260196,-180.05167787142685,-10.103050983085163,0.9867530500459132,0.49062522048916435,0.0931986707310042,3.5724057955120275e-05,3.1776628913934766,6.030879982588301,nan,nan,nan
61.64,205.9110565185547,-179.60647583007812,-10.100055694580078,206.7929698083505,-180.0493428357709,-10.103326410983847,0.9868702716342962,0.49067765351456366,0.09321611234077463,3.5025600982124334e-05,2.882432798678973,5.838199586856254,nan,1.4256145101752522,nan
61.65,205.90240478515625,-179.6040496826172,-10.101759910583496,206.76218077366508,-180.04165895591495,-10.105066271231369,0.9647422238677377,0.49061005434804505,0.09320928366338445,3.5709445108493676e-05,2.92741206595585,5.701279553613997,4.57287583446124,nan,nan
61.660000000000004,205.8937530517578,-179.60154724121094,-10.103543281555176,206.7535968315975,-180.0391796319613,-10.107202833241441,0.9648144005358811,0.49066226240317307,0.09322674281930238,3.50116276755346e-05,3.0000834811084385,5.711616685923877,nan,0.05978760393976413,nan
61.67,205.8850860595703,-179.59896850585938,-10.105405807495117,206.74501312219348,-180.03662990872394,-10.109131331285361,0.9649020344659892,0.4907145569082584,0.09324426853481245,3.571701698939384e-05,3.0025093223015755,5.7343770289789315,nan,nan,nan
61.68,205.87643432617188,-179.59632873535156,-10.107346534729004,206.7364284981386,-180.03400942443417,-10.111901276802655,0.96497414840394,0.49076693800421994,0.09326186095149407,3.5018982605704345e-05,3.2025488834506124,5.949727023330611,nan,0.4097624821589057,nan
61.690000000000005,205.86778259277344,-179.59361267089844,-10.109362602233887,206.7278447363869,-180.0313205004755,-10.113994976255793,0.9650474049698999,0.4908194058391248,0.0932795202167765,3.5724748214908886e-05,3.2072623533671005,5.897931275239174,nan,nan,nan
61.7,205.85911560058594,-179.5908203125,-10.111455917358398,206.70988693388966,-180.02585482426,-10.114761476237422,0.9555510529077756,0.4907516946173916,0.09327269284966068,3.5005296206755285e-05,2.92404585576209,5.5060065543714645,0.7504982104725881,1.4136456292259878,nan
61.71,205.8504638671875,-179.58798217773438,-10.11362361907959,206.70128771263367,-180.0230288630354,-10.116995167771702,0.9556035797922677,0.4908039371496596,0.09329036882591489,3.571056137677627e-05,2.9262437182562775,5.778332253522697,nan,nan,nan
61.72,205.841796875,-179.58506774902344,-10.115865707397461,206.71355514090243,-179.99511560840818,-10.116855638347943,0.9633808702265733,0.49032788836131785,0.09254807260662122,3.501286571602456e-05,2.007677079401923,4.8133897947711315,nan,4.249662816517993,0.8238415544502042
61.730000000000004,205.83314514160156,-179.5820770263672,-10.118180274963379,206.7049797468261,-179.99210192198063,-10.119214813890949,0.9634402234496083,0.49037910929934486,0.09256254745142371,3.571850832190062e-05,2.007254469769554,4.5558748957514545,nan,nan,nan
61.74,205.82449340820312,-179.57904052734375,-10.12050724029541,206.69641088276632,-179.9890183899073,-10.120318131562817,0.9634946631938042,0.49043041565130296,0.09257708214813398,3.502059674466549e-05,1.975492372921074,4.861931202661248,nan,1.1912124279754857,nan
61.75,205.81582641601562,-179.575927734375,-10.122817993164062,206.67293090783255,-179.98228862350385,-10.122746627204988,0.9485553685470552,0.49036522237698005,0.09256955488019049,3.570456261956532e-05,1.9836351787991637,4.641223377173575,2.598804043061077,nan,nan
61.76,205.8071746826172,-179.57275390625,-10.125097274780273,206.6643304392404,-179.97908530174385,-10.125250184887062,0.9485890666973618,0.49041631077340636,0.09258411361761745,3.50072363538129e-05,1.9814846253623264,4.603060697113342,nan,0.013181252256737774,nan
61.77,205.79852294921875,-179.56951904296875,-10.127339363098145,206.6557308303579,-179.97581850996,-10.127584879068339,0.9486225111405088,0.49046748443636795,0.092598732348201,3.571275152992795e-05,1.9797945538069257,4.594445916437456,nan,nan,nan
61.78,205.78985595703125,-179.56622314453125,-10.12954044342041,206.64713152551735,-179.97248945041542,-10.12987997794393,0.948669503517234,0.49051874344465024,0.09261341118212765,3.501515769992378e-05,1.978573429016257,4.71530028777925,nan,9.480632942417988e-07,nan
61.79,205.7812042236328,-179.56288146972656,-10.131698608398438,206.63853242783054,-179.96910775079442,-10.13213578278683,0.9486999695712919,0.49057008800745444,0.09262815029752279,3.572104486081691e-05,1.9777578470575479,4.612830915525252,nan,nan,nan
61.800000000000004,205.77255249023438,-179.55955505371094,-10.13381576538086,206.64455475009362,-179.96763896172698,-10.1340868199227,0.9627671009397004,0.4905047860306873,0.09262068380290374,3.500197935770281e-05,1.929214129029707,4.777572085379204,3.7489213588665815,0.049195498231856954,nan
61.81,205.76388549804688,-179.55625915527344,-10.135890007019043,206.63598080083742,-179.9642559898707,-10.136257859622134,0.9628145042043431,0.49055591232722157,0.0926354465187141,3.570736127814919e-05,1.9273640183877887,4.7971452819076665,nan,nan,nan
61.82,205.75523376464844,-179.5530242919922,-10.137924194335938,206.6274203585834,-179.96090846956048,-10.135470342123641,0.9628525215946238,0.49060712389972033,0.09265026958552475,3.5010051652993825e-05,2.091806121165911,4.954256136497179,nan,6.008937052562197,nan
61.83,205.74658203125,-179.54983520507812,-10.139917373657227,206.61884656014908,-179.95762509588718,-10.13753173706949,0.9628830119404566,0.4906584209529809,0.09266515317865136,3.57158066363766e-05,2.0756135734177485,4.767560208549682,nan,nan,nan
61.84,205.73793029785156,-179.54672241210938,-10.141870498657227,206.61026782303566,-179.95440418340362,-10.14069121518477,0.9629011243110243,0.4907098035721982,0.09268009741242636,3.501820360139377e-05,1.9521037678474358,4.937119815012551,nan,0.912403607238825,nan
61.85,205.72927856445312,-179.5436553955078,-10.14378547668457,206.57472488298615,-179.9501791721536,-10.142739462917786,0.9381056191304911,0.49064439319740755,0.09267268793743573,3.5702269833739437e-05,2.0848991791651543,4.399773797456234,18.390472813880876,nan,nan
61.86,205.72061157226562,-179.5406494140625,-10.145662307739258,206.56610757326007,-179.94710502919483,-10.144481834834219,0.9381210200642974,0.4906955572421236,0.09268765530827906,3.500521569538578e-05,2.089936154975779,4.49777850186003,nan,0.03299905408365923,nan
61.870000000000005,205.7119598388672,-179.5377197265625,-10.147501945495605,206.55748946388135,-179.94409128604113,-10.146401437326714,0.938114812934919,0.49074680669320325,0.09270268344664352,3.571083204890777e-05,2.079630020528392,4.656656386485059,nan,nan,nan
61.88,205.70330810546875,-179.5348358154297,-10.149304389953613,206.5488743326663,-179.94113444754646,-10.147641571213633,0.9381170438720318,0.4907981416401019,0.09271777246950462,3.5013476556915036e-05,2.120631440376681,4.5319327596308785,nan,0.29202682210794895,nan
61.89,205.6946563720703,-179.53201293945312,-10.151070594787598,206.5402565024762,-179.93823739456764,-10.149483193493795,0.9381153491540484,0.4908495622813998,0.09273292254827437,3.5719458981106005e-05,2.1080966545077353,4.591167110232293,nan,nan,nan
61.9,205.68600463867188,-179.52923583984375,-10.152802467346191,206.5320449832562,-179.93746111804964,-10.150213909356678,0.9393821602857526,0.4907840436936729,0.09272556621954867,3.500059539422257e-05,2.276488812002554,4.508751569309759,0.5518081993636514,0.8382653010932724,nan
61.910000000000004,205.67733764648438,-179.52651977539062,-10.154499053955078,206.52342784051382,-179.93468574507807,-10.151976196185688,0.9394011071182524,0.4908352454500711,0.09274073894645798,3.570606650514824e-05,2.2592402096483264,4.690566202249281,nan,nan,nan
61.92,205.66868591308594,-179.52386474609375,-10.15616226196289,206.51481094106197,-179.93196472847342,-10.153649920740898,0.9394037845591942,0.49088653263138105,0.09275597279793694,3.500893633655175e-05,2.257186492062175,4.692958683959375,nan,0.0021549819470786423,nan
61.93,205.6600341796875,-179.52125549316406,-10.157792091369629,206.50619361810547,-179.9292973689744,-10.155345838648202,0.9394093632655647,0.49093790543209465,0.09277126794292674,3.571477432915644e-05,2.2405807442339714,4.606191429623287,nan,nan,nan
61.940000000000005,205.65138244628906,-179.51869201660156,-10.15938949584961,206.49757239316176,-179.92668495581077,-10.15789687030885,0.93941358972712,0.49098936394764336,0.09278662450205416,3.501732497311864e-05,2.1329765524379862,4.4362101152118125,nan,0.5546820214388929,nan
61.95,205.64273071289062,-179.5161895751953,-10.160954475402832,206.53207861773967,-179.93833192102093,-10.159763097114885,0.9844517638669608,0.49092373744182793,0.09277931744519669,3.570146326908949e-05,2.1570783733654544,4.89948123613744,18.50386138846817,nan,nan
61.96,205.63406372070312,-179.5137481689453,-10.16248893737793,206.52353642191315,-179.93582668430935,-10.160344569319765,0.9845387537543328,0.4909749767644265,0.09279469614094817,3.500453975166752e-05,2.244799532199042,5.262834956338567,nan,0.7556103694281746,nan
61.97,205.6254119873047,-179.51133728027344,-10.163992881774902,206.5149897326199,-179.93337379236274,-10.161920633971071,0.9846154968857548,0.49102630163081845,0.0928101363641845,3.571022658810579e-05,2.2303649357661146,4.871678372706389,nan,nan,nan
61.980000000000004,205.61676025390625,-179.50897216796875,-10.16546630859375,206.50643846702656,-179.93097247445988,-10.164525502164466,0.9846890202984305,0.4910777121403276,0.09282563823782734,3.501298052316508e-05,2.1321611817282955,4.781231418206703,nan,0.7895922484260485,nan
61.99,205.60809326171875,-179.5066680908203,-10.166911125183105,206.49789105178024,-179.92861600003062,-10.166054580593093,0.9847745320396432,0.4911292084817446,0.0928412019274239,3.571902712925866e-05,2.1238155867083366,5.061272499271703,nan,nan,nan
62.0,205.5994415283203,-179.50440979003906,-10.168326377868652,206.46975641543705,-179.9166143597687,-10.16686267472571,0.9629967562094326,0.49106347425401636,0.09283394016684361,3.5000250287171966e-05,2.0617173164954385,4.943185436746838,4.23616791021007,0.38081702531430184,nan
62.01,205.59078979492188,-179.50218200683594,-10.169713973999023,206.46117563186368,-179.91433049237742,-10.16832985439742,0.9630367568634629,0.4911147510925216,0.09284952545680611,3.570577935820581e-05,2.0509703195532905,4.702914562715834,nan,nan,nan
62.02,205.58212280273438,-179.50001525878906,-10.171073913574219,206.45259157996915,-179.91209331055478,-10.170515290113228,0.9630807468472249,0.4911661135016437,0.09286517262967929,3.500872267412934e-05,2.0026200713185784,5.006223415413278,nan,0.3918882238898259,nan
62.03,205.57347106933594,-179.4978790283203,-10.172406196594238,206.44400999908584,-179.90989792547634,-10.17193678702364,0.9631187985752927,0.4912175616664941,0.09288088184889215,3.571461240586768e-05,1.9966674987140256,4.748957177637355,nan,nan,nan
62.04,205.5648193359375,-179.49578857421875,-10.173711776733398,206.43542673961323,-179.9077464774412,-10.173724393319844,0.9631544868408314,0.4912690956917935,0.09289665324050082,3.501722119801643e-05,1.9872553288770893,4.79436242385465,nan,0.10825510656937466,nan
62.050000000000004,205.55615234375,-179.49374389648438,-10.174991607666016,206.4465170695229,-179.91616200640593,-10.175150359432552,0.985487914533959,0.4912032540286311,0.09288943279356186,3.570140233243815e-05,2.1034214759637306,5.056812411633606,4.926604383765,nan,nan
62.06,205.54750061035156,-179.49172973632812,-10.176246643066406,206.43796991737386,-179.91411468199504,-10.175812386822594,0.9855682714319227,0.4912545682432057,0.09290522522716897,3.5004523620202745e-05,2.105135004285948,4.773778714094452,nan,0.3348505730263656,nan
62.07,205.53883361816406,-179.48976135253906,-10.177475929260254,206.42941989955918,-179.91210947968165,-10.177132072248178,0.9856581473044668,0.4913059681367293,0.09292107993388701,3.571025008267597e-05,2.0999022756377745,4.994745842373127,nan,nan,nan
62.08,205.53018188476562,-179.4878387451172,-10.178680419921875,206.42086350848186,-179.91014778540782,-10.180088373087957,0.9857284933840021,0.49135745381737583,0.09293699704171476,3.5013036769658104e-05,2.1500264125224,5.014026159396526,nan,1.9453748105584694,nan
62.09,205.52151489257812,-179.48594665527344,-10.179861068725586,206.4123125578324,-179.9082209294005,-10.181377407341323,0.9858186153115547,0.4914090254651828,0.09295297671120449,3.57191170738049e-05,2.154717396122776,5.014831752425003,nan,nan,nan
62.1,205.5128631591797,-179.48410034179688,-10.181018829345703,206.41386883314428,-179.90052158849588,-10.181090523293827,0.992581424548515,0.49134307657319354,0.0929457935107911,3.500036064809513e-05,1.9289860189829693,5.1162653738095045,12.462500041658126,1.571247170667351,nan
62.11,205.5041961669922,-179.48228454589844,-10.18215274810791,206.40533402511096,-179.898631983451,-10.182318437347613,0.9926704667433176,0.49139442810083905,0.09296179364003178,3.570591772718414e-05,1.9269774630566368,5.176357138706815,nan,nan,nan
62.120000000000005,205.4955291748047,-179.4805145263672,-10.18326473236084,206.39679470599103,-179.8967814947689,-10.184719009862803,0.9927536762006989,0.4914458653414954,0.0929778563953485,3.5008874258207604e-05,1.9838605818662527,5.359293206642045,nan,1.0069962727907125,nan
62.13,205.48687744140625,-179.478759765625,-10.184353828430176,206.38825895057158,-179.894964044946,-10.185915736070648,0.9928328493486493,0.49149738847197944,0.09299398193552322,3.571478636021124e-05,1.9894137711796556,4.945372164392587,nan,nan,nan
62.14,205.47821044921875,-179.47705078125,-10.18542194366455,206.3797175253888,-179.8931852200114,-10.18864917311112,0.9929215953527384,0.49154899760520315,0.09301017039117784,3.501740042402006e-05,2.2159879110307514,5.427345854331013,nan,1.7111426722624297,nan
62.15,205.46954345703125,-179.4753875732422,-10.186468124389648,206.396578049694,-179.8963619076109,-10.189804629853832,1.0181471693518969,0.491482941763866,0.09300302035879769,3.570159747776742e-05,2.235944526017968,6.031725037439531,7.695720645215651,nan,nan
62.160000000000004,205.4608917236328,-179.47373962402344,-10.187493324279785,206.38807426093564,-179.8946453874016,-10.193793344006355,1.0182675529411769,0.49153433046942197,0.09301922867034897,3.50047174707332e-05,3.056095260098279,6.367909722015735,nan,5.685261159617067,nan
62.17,205.4522247314453,-179.47203063964844,-10.188606262207031,206.37957894765813,-179.8928992082835,-10.195006646047068,1.0184091315900083,0.49158580498688076,0.09303549998635298,3.571045565362944e-05,3.0679799781237103,6.833124193365975,nan,nan,nan
62.18,205.4435577392578,-179.47023010253906,-10.18980598449707,206.3710931155147,-179.89106653189947,-10.193078923148388,1.0185459668626797,0.49163736543213843,0.09305183443903442,3.5013235346632744e-05,2.2255517700440914,5.749179909818293,nan,7.355773781642465,nan
62.190000000000005,205.4348907470703,-179.4683380126953,-10.19109058380127,206.36259668786826,-179.88916157032642,-10.194434680481917,1.0186962070370742,0.4916890119776155,0.09306823218479889,3.571932226067803e-05,2.231630491954647,5.577777426237434,nan,nan,nan
62.2,205.4262237548828,-179.4663848876953,-10.192459106445312,206.39422885566213,-179.89066653224324,-10.196280769124092,1.0569121979335439,0.49162284940316453,0.09306111117241038,3.500055396522209e-05,2.3611035184217446,6.887238840078652,28.174362642192587,0.1666536566420315,nan
62.21,205.4175567626953,-179.46435546875,-10.1939115524292,206.38579915778234,-179.888574658384,-10.197810672728217,1.0571047533885631,0.49167427521214296,0.0930775281472121,3.5706112876151636e-05,2.3693254814135263,6.877968699615767,nan,nan,nan
62.22,205.4088897705078,-179.46224975585938,-10.195446968078613,206.37737262762127,-179.8864043794022,-10.198233498802892,1.057295584947215,0.49172578687319635,0.09309400847616402,3.500905407313769e-05,2.1650695759035097,6.626271278150863,nan,1.0010706892614005,nan
62.230000000000004,205.40023803710938,-179.46006774902344,-10.197063446044922,206.36894217084756,-179.88416110346142,-10.199918411690076,1.0574738875398988,0.4917773845559974,0.09311055231423032,3.571496329435327e-05,2.171232652185612,6.41613885759376,nan,nan,nan
62.24,205.39157104492188,-179.4578094482422,-10.198760032653809,206.36051239759405,-179.8818426552522,-10.201354448076009,1.057666410810499,0.4918290683804953,0.09312715979577423,3.501755905861571e-05,2.1350162955070755,6.5734038533926356,nan,0.0772503823759328,nan
62.25,205.38290405273438,-179.45547485351562,-10.200536727905273,206.3465160798426,-179.88130532586456,-10.203235623409856,1.0535117531406373,0.49176279934684525,0.09312006364124897,3.570174925003424e-05,2.153456812061709,6.325585490826915,2.0272926458846503,nan,nan
62.26,205.37423706054688,-179.45306396484375,-10.202391624450684,206.33807232151233,-179.87885751718522,-10.206324199389988,1.0537049039657964,0.49181426212772417,0.09313668970389606,3.500484885227933e-05,2.3908004263948506,6.528292393643417,nan,0.9544178015032859,nan
62.27,205.36557006835938,-179.45059204101562,-10.204324722290039,206.32963186454626,-179.87633552481373,-10.208340874108572,1.0538922100191517,0.4918658108512893,0.09315337948810179,3.571057550325647e-05,2.4001716661339545,6.707225332259338,nan,nan,nan
62.28,205.35690307617188,-179.4480438232422,-10.206335067749023,206.3211954551173,-179.87373964182015,-10.208934164301732,1.054079445464093,0.4919174456400047,0.09317013312951676,3.501333327995517e-05,2.140987040423164,6.334702317633373,nan,1.5912647413530534,nan
62.29,205.34823608398438,-179.4454345703125,-10.208420753479004,206.3127549765933,-179.87107590418847,-10.211091646326487,1.0542648495382403,0.4919691666598292,0.09318695078119411,3.571940458026357e-05,2.1472639006052914,6.5389946121679845,nan,nan,nan
62.300000000000004,205.33956909179688,-179.4427490234375,-10.21058177947998,206.31483899608486,-179.87030972014446,-10.211386053507637,1.0648756652469562,0.4919027913919754,0.09317987526605447,3.50006145810976e-05,1.990805581661033,6.487048600973202,1.3199903090815424,2.729900244801305,nan
62.31,205.33090209960938,-179.4399871826172,-10.212817192077637,206.3064164668461,-179.86750421801872,-10.21367662797008,1.0650820789374944,0.4919542910600309,0.09319671082877422,3.570615417348493e-05,1.9928588405300567,6.3481299960531095,nan,nan,nan
62.32,205.32223510742188,-179.4371795654297,-10.215126037597656,206.29799313325935,-179.8646315114826,-10.216396294570144,1.0652795429949133,0.49200587671591584,0.09321361045873756,3.500907228445402e-05,2.0179945779748985,6.765064955541542,nan,0.08870551725278777,nan
62.33,205.31356811523438,-179.4342803955078,-10.217447280883789,206.2895708977052,-179.8616911620612,-10.218809044499215,1.0654873294209986,0.4920575485233007,0.09323057430785613,3.571495853778329e-05,2.023720390918123,6.352555729479389,nan,nan,nan
62.34,205.30490112304688,-179.43133544921875,-10.219752311706543,206.28115094399914,-179.858683321728,-10.220421853031931,1.0656877428839497,0.4921093066080324,0.09324760251347626,3.501753137512524e-05,1.9843895228767698,6.643257501573457,nan,0.450543039920032,nan
62.35,205.29623413085938,-179.42831420898438,-10.222026824951172,206.28751393909178,-179.8601277179065,-10.222782075353617,1.0812488775023439,0.49204282537574817,0.09324054340394652,3.57016968635051e-05,2.037734737259365,6.719856018766572,1.9248767578055583,nan,nan
62.36,205.28758239746094,-179.42523193359375,-10.224263191223145,206.27911790163736,-179.856994792542,-10.224928067425997,1.0814630203894757,0.49209436180206356,0.09325758883003768,3.500477417860603e-05,2.034450337792455,6.490140164542913,nan,0.028630138423715732,nan
62.370000000000005,205.27891540527344,-179.42214965820312,-10.226458549499512,206.27072169288624,-179.8538315124499,-10.227235246586673,1.081679036818491,0.4921459842996787,0.09327469868060527,3.5710471378054986e-05,2.0386827275902464,6.742058024600878,nan,nan,nan
62.38,205.27024841308594,-179.4191131591797,-10.228612899780273,206.26232359077937,-179.85068506440885,-10.23046749616818,1.081883037627615,0.49219769299650995,0.09329187309400029,3.501320786495476e-05,2.1198772235833823,7.047112360992466,nan,0.6574914103681775,nan
62.39,205.26158142089844,-179.41610717773438,-10.230724334716797,206.25392811106366,-179.8475753001882,-10.23270299218903,1.0820908507427123,0.4922494880531655,0.09330911222064128,3.571924670783112e-05,2.1311630173887655,6.797238350080068,nan,nan,nan
62.4,205.25291442871094,-179.41314697265625,-10.232794761657715,206.25939961442927,-179.84093765417452,-10.232854848983017,1.093625758600639,0.4921829010893485,0.09330206523817627,3.5000438839605236e-05,2.0583124805899486,7.115981122077253,9.277105077413662,2.787056826575873,nan
62.410000000000004,205.2442626953125,-179.41024780273438,-10.234823226928711,206.2510283240806,-179.83789974818148,-10.23498843028146,1.0938296233900817,0.49223447418019023,0.09331932087346544,3.570594335329596e-05,2.059935917550516,7.00727207437045,nan,nan,nan
62.42,205.235595703125,-179.40740966796875,-10.236812591552734,206.2426541384761,-179.8349190328046,-10.238413122284658,1.0940445653321362,0.4922861333913551,0.09333664127424178,3.5008843168394257e-05,2.1333983752818844,7.359801057362077,nan,1.2500897814934862,nan
62.43,205.2269287109375,-179.40463256835938,-10.238760948181152,206.2342830155655,-179.83199239610465,-10.240481073758582,1.0942586879961371,0.4923378788815911,0.09335402659004692,3.571469175503061e-05,2.1441558596101906,7.513243596703264,nan,nan,nan
62.440000000000005,205.21826171875,-179.4019012451172,-10.240671157836914,206.22591574610323,-179.82911879536482,-10.240733371781507,1.09447771925761,0.4923897107815704,0.09337147696053626,3.501724820791932e-05,2.062527584916069,7.181979696444717,nan,2.228202240418769,nan
62.45,205.20960998535156,-179.3992156982422,-10.242544174194336,206.1918822356184,-179.81805130843458,-10.24277019766057,1.0678399192276575,0.4923230183532047,0.09336443781141353,3.570137618356094e-05,1.9616080813348706,6.260100552619708,5.791073449731359,nan,nan
62.46,205.20094299316406,-179.39659118652344,-10.244379043579102,206.1834652741353,-179.8152834361958,-10.246145966654613,1.0680151471574713,0.4923746279812875,0.09338190395881403,3.5004439211411265e-05,2.050048631739797,6.730544461013299,nan,1.4576327402274012,nan
62.47,205.19227600097656,-179.39402770996094,-10.246177673339844,206.17505126976948,-179.81256645136966,-10.248063080926254,1.068187933732994,0.49242632380709384,0.09339943521947197,3.5710094350909066e-05,2.061108489522528,6.888796043239953,nan,nan,nan
62.480000000000004,205.18360900878906,-179.39151000976562,-10.247940063476562,206.16663473810937,-179.80990242211624,-10.251124065704381,1.0683641388068332,0.4924781059629578,0.09341703173380173,3.501281886799864e-05,2.251842425381425,6.96924202210792,nan,0.9807683467532026,nan
62.49,205.17495727539062,-179.3890380859375,-10.249667167663574,206.15822050504303,-179.80728782487387,-10.252983488050406,1.0685272204711176,0.4925299746051632,0.0934346936502155,3.571881366009992e-05,2.270896324570484,6.657400857993066,nan,nan,nan
62.5,205.16629028320312,-179.38661193847656,-10.251359939575195,206.18176190090662,-179.81752019892735,-10.25362949591388,1.1031181650993058,0.49246317695224523,0.09342765800605074,3.499999901545482e-05,2.2412203066919174,7.226808026829554,8.966084804319843,1.0710151103546157,nan
62.51,205.15762329101562,-179.38424682617188,-10.253019332885742,206.17340055493307,-179.81502315017065,-10.25541067368426,1.103348272178968,0.49251482301597865,0.0934453349472547,3.570545785414172e-05,2.255337776945748,7.447593067664963,nan,nan,nan
62.52,205.14895629882812,-179.38192749023438,-10.254645347595215,206.1650386157481,-179.8125740828123,-10.257437279050361,1.1035794295553394,0.4925665553293367,0.09346307733748616,3.500835070118271e-05,2.318988936432992,7.472379978878228,nan,0.05445335008031355,nan
62.53,205.1403045654297,-179.379638671875,-10.25623893737793,206.15667703528266,-179.81017128658468,-10.259157207065378,1.103802448856561,0.49261837404712727,0.09348088532450678,3.571415199510031e-05,2.3358861335214334,6.9237190048284365,nan,nan,nan
62.54,205.1316375732422,-179.37741088867188,-10.257801055908203,206.1483128541093,-179.8078158003731,-10.262245981243051,1.1040365809627792,0.4926702793038752,0.09349875904970004,3.501670417009843e-05,2.6628509273638605,7.7462187065506125,nan,1.382533904402617,nan
62.550000000000004,205.1229705810547,-179.37522888183594,-10.259331703186035,206.13662453719755,-179.81024657917723,-10.263668466307834,1.1030655226769481,0.49260337669184195,0.09349172256819183,3.570078648347207e-05,2.6167186471091255,7.346536814179254,6.251202898858414,nan,nan
62.56,205.1143035888672,-179.37307739257812,-10.260831832885742,206.12825750358232,-179.80800126142054,-10.265017954570162,1.1033036012221444,0.49265505906469503,0.09350961054676776,3.500384789993527e-05,2.591162010528114,7.072933073746658,nan,0.058568917933197406,nan
62.57,205.1056365966797,-179.3709716796875,-10.26230239868164,206.11988977648053,-179.80579931715403,-10.266623383631078,1.1035412352747775,0.4927068277594727,0.09352756431330352,3.570945321595898e-05,2.6140467403401733,7.095129538123688,nan,nan,nan
62.58,205.09698486328125,-179.36891174316406,-10.26374340057373,206.11152138594292,-179.80363999227947,-10.268464760372458,1.1037641494593557,0.492758682912002,0.09354558400973462,3.501217892278306e-05,2.7284713365054856,7.009885225520886,nan,0.04938432110158578,nan
62.59,205.08831787109375,-179.3668975830078,-10.265155792236328,206.1031533889614,-179.80152193866905,-10.270016218532058,1.103998678714532,0.4928106246751564,0.09356366978300013,3.571812279050415e-05,2.7538699180165596,7.329485762076814,nan,nan,nan
62.6,205.07965087890625,-179.3649139404297,-10.266539573669434,206.09488364184898,-179.79365264138107,-10.27112190359521,1.1020596328662802,0.49274361735038474,0.09355662809599002,3.4999315251999054e-05,2.693170476231407,7.264504794512375,3.5301693005335557,0.07413509967094654,nan
62.61,205.07098388671875,-179.36297607421875,-10.26789665222168,206.08651606768206,-179.7915914373304,-10.272613985024561,1.1022880718288612,0.49279533592395947,0.09357472733170333,3.5704722397580946e-05,2.7177554982590464,7.3333580060820305,nan,nan,nan
62.620000000000005,205.06231689453125,-179.361083984375,-10.26922607421875,206.0781458885561,-179.7895706190439,-10.275487436420176,1.1025191816236228,0.4928471408733486,0.09359289268543931,3.500762197555302e-05,3.215689578801519,7.950689485230203,nan,1.3986041318580555,nan
62.63,205.05364990234375,-179.35922241210938,-10.270528793334961,206.06977754453706,-179.78758701608479,-10.276941393315495,1.1027478136939823,0.4928990323502844,0.09361112430367421,3.571337078787417e-05,3.248540403546466,7.803361231914468,nan,nan,nan
62.64,205.04498291015625,-179.35739135742188,-10.271805763244629,206.06140790703387,-179.785641328755,-10.27896936428465,1.1029819261458187,0.49295101049229145,0.09362942232903405,3.5015932509037926e-05,3.5639661171515686,7.959320656587917,nan,0.2533441724567461,nan
62.65,205.03631591796875,-179.35560607910156,-10.273056983947754,206.07848531911418,-179.78990632382823,-10.280476821552035,1.1290654618947225,0.4928838987197808,0.09362237105664287,3.569996503427528e-05,3.7606930120388284,8.91489421092318,6.489911059360567,nan,nan
62.660000000000004,205.02764892578125,-179.35385131835938,-10.274283409118652,206.0701595615966,-179.78803141897507,-10.28118976496019,1.1293309892630155,0.49293565336754136,0.09364068173488563,3.500303864994877e-05,3.5832592022699554,8.588432382334577,nan,0.3214098543703685,nan
62.67,205.01898193359375,-179.3521270751953,-10.27548599243164,206.06183253500538,-179.78619239903605,-10.282547027695358,1.1296016733541785,0.4929874944591664,0.0936590588617797,3.5708590509454605e-05,3.6188572097677048,8.476310531091972,nan,nan,nan
62.68,205.01031494140625,-179.35044860839844,-10.276663780212402,206.05350513857553,-179.78438794311828,-10.283881025789716,1.1298677897528109,0.49303942213605234,0.09367750258103828,3.64284518092304e-05,3.65457042683793,8.707727687791069,nan,nan,nan
62.690000000000005,205.00164794921875,-179.3488006591797,-10.27781867980957,206.04517741179885,-179.7826173101527,-10.2851921811011,1.1301349452412446,0.4930914365426994,0.09369601303716156,3.716276704947615e-05,3.6897460477620347,8.617401785224557,nan,nan,nan
62.7,204.99298095703125,-179.34718322753906,-10.278949737548828,206.00526875375292,-179.74684879371972,-10.284967477469472,1.0883452399748264,0.4825556429173953,0.08722520117472238,3.635637611849164e-05,3.2666160652755183,8.53492847116593,3.1030519139017723,1.535557524511835,0.157000581140942
62.71,204.98431396484375,-179.34559631347656,-10.280058860778809,205.99696326040362,-179.74510221795884,-10.286219847258915,1.0886236821181647,0.48261134755021584,0.08723397462625057,3.708839281962542e-05,3.2983578773261493,8.474169443097672,nan,nan,nan
62.72,204.9756317138672,-179.3440399169922,-10.281146049499512,205.98865810805825,-179.74338828023247,-10.287499157268702,1.0889177896098283,0.4826671376243963,0.08724280723858012,3.630860175598601e-05,3.391061121278989,8.786424997495047,nan,0.0015272114529836266,nan
62.730000000000004,204.9669647216797,-179.34251403808594,-10.282211303710938,205.98035173678008,-179.74170497997983,-10.288709731868511,1.08919643776168,0.4827230139410782,0.08725169968811326,3.703932518744114e-05,3.4239115661196484,8.48052218460437,nan,nan,nan
62.74,204.9582977294922,-179.3410186767578,-10.283255577087402,205.97205177628186,-179.74005852413285,-10.290380729841882,1.0894865005943404,0.482778975999909,0.0872606515981278,3.626220688260771e-05,3.688172256724043,8.700421903850906,nan,0.15179873811661598,nan
62.75,204.9496307373047,-179.33956909179688,-10.28427791595459,205.97081603607356,-179.73175590275818,-10.291373307237683,1.093928815641642,0.48269825983688947,0.08725095725534399,3.696817230571017e-05,3.845487532788455,9.628113349820909,17.6958385162698,nan,nan
62.76,204.9409637451172,-179.3380126953125,-10.285388946533203,205.96249698269617,-179.73005298195332,-10.292244823786554,1.0941995909709161,0.482753982628102,0.08725996156059064,3.619465930906279e-05,3.787215610779275,8.937760045554045,nan,0.07369032862019097,nan
62.77,204.93228149414062,-179.33639526367188,-10.286585807800293,205.95418224722903,-179.72827225394903,-10.293535111508701,1.0944848183019065,0.4828097915607804,0.08726902593485764,3.6922088373259275e-05,3.802104430726357,9.712480599888295,nan,nan,nan
62.78,204.92361450195312,-179.33468627929688,-10.287867546081543,205.94587887504366,-179.72642098862318,-10.295754556000217,1.0947797659376999,0.4828656861798771,0.08727815004384373,3.615113926589294e-05,4.219976089333758,9.567478912829202,nan,0.46890692089748875,nan
62.79,204.91494750976562,-179.33290100097656,-10.28923511505127,205.93756334035032,-179.72447917862334,-10.297226049737212,1.0950527207439642,0.4829216672180658,0.08728733450071621,3.687748328435339e-05,4.236048905730529,9.577806057092072,nan,nan,nan
62.800000000000004,204.90626525878906,-179.33103942871094,-10.290684700012207,205.88246156024076,-179.7113898133094,-10.29931693663761,1.0477118637971647,0.48284089322017665,0.08727782880739644,3.6086679100918186e-05,4.23614826726354,8.968521979259084,18.8822957295854,0.13242285093665332,nan
62.81,204.89759826660156,-179.32908630371094,-10.292217254638672,205.87408168281019,-179.70930538171012,-10.300963379247138,1.0479326810920064,0.4828966345489444,0.0872870652705062,3.681109508219316e-05,4.252728868812635,8.410552524465885,nan,nan,nan
62.82,204.888916015625,-179.3270721435547,-10.293831825256348,205.86570151736763,-179.70714343167404,-10.302680779472722,1.0481614400740094,0.4829524615069142,0.08729636173768782,3.604606027356718e-05,4.35088490841024,9.043448085253278,nan,9.588506789551409e-05,nan
62.83,204.8802490234375,-179.32498168945312,-10.295526504516602,205.85732139801706,-179.70490528204297,-10.304492271304238,1.048376242742563,0.48300837478357095,0.08730571878242263,3.6769527515964965e-05,4.368442987719407,8.802094607438322,nan,nan,nan
62.84,204.87158203125,-179.3227996826172,-10.297300338745117,205.84891104693335,-179.70256483705745,-10.304106228811913,1.0485417958113208,0.4830643739891053,0.08731513612958788,3.600687233840178e-05,3.4721477407005663,7.582545932671218,nan,3.4606058414734693,nan
62.85,204.86289978027344,-179.320556640625,-10.299154281616211,205.80568732631124,-179.68315485785138,-10.306036735427885,1.0101352346444537,0.48298354350061407,0.0873058149567022,3.6706359668779376e-05,3.3834871882523903,7.719755159489832,15.821995297790798,nan,nan
62.86,204.85423278808594,-179.3182373046875,-10.301084518432617,205.7972312392391,-179.68064394079903,-10.307125074334657,1.0102579557175169,0.4830393025808724,0.0873152839123047,3.594697254958028e-05,3.1118474522964226,7.20320695274187,nan,0.5917780560809155,nan
62.870000000000005,204.84555053710938,-179.31585693359375,-10.303092956542969,205.7887871875987,-179.6780709842427,-10.309223185174906,1.010411785866004,0.48309514787967206,0.08732481367246024,3.6667820760607116e-05,3.1257887000456677,7.631211338912424,nan,nan,nan
62.88,204.83688354492188,-179.31338500976562,-10.305176734924316,205.78034360938838,-179.6754261670888,-10.311422537802988,1.010559104106558,0.48315107904811794,0.08733440399897804,3.591068791164856e-05,3.1908671063485645,7.070659194682991,nan,0.0003748872113159703,nan
62.89,204.8282012939453,-179.31085205078125,-10.30733585357666,205.7718999622916,-179.67270979845355,-10.313675187091958,1.0107167720674495,0.48320709671390566,0.08734405541024311,3.663076778498808e-05,3.205634533139656,7.488969247920739,nan,nan,nan
62.9,204.8195343017578,-179.30824279785156,-10.309569358825684,205.743229006686,-179.67537093408487,-10.316319488132187,0.9940022839873929,0.4831262099864597,0.0873349136882142,3.5853830337706934e-05,3.1201518716368755,6.408387838174743,28.936201054324794,0.011698710932064645,nan
62.910000000000004,204.8108673095703,-179.30557250976562,-10.31187629699707,205.73477610760818,-179.6725762005851,-10.318727895840954,0.9941559840254531,0.4831819870959058,0.08734461626272608,3.657230127729927e-05,3.1349677385222687,6.547259310264102,nan,nan,nan
62.92,204.80218505859375,-179.30284118652344,-10.314196586608887,205.72635176703557,-179.6697373146065,-10.323494104349162,0.9943758432457271,0.48323785001418396,0.08735437966266196,3.58204130449513e-05,4.266866298827871,7.9932069365680825,nan,3.6050094866614675,nan
62.93,204.79351806640625,-179.30003356933594,-10.316499710083008,205.71789930348785,-179.66680562882652,-10.325969136630551,0.9945310880664429,0.4832937993304508,0.0873642043722113,3.653823278143161e-05,4.309806912720703,7.672166375305296,nan,nan,nan
62.940000000000005,204.78485107421875,-179.29721069335938,-10.318772315979004,205.70944306695438,-179.66383087780142,-10.328092108603373,0.9946695789083517,0.48334983475399246,0.0873740902042161,3.5788397915795464e-05,4.284967424106748,7.540080377519135,nan,0.07324426807553464,nan
62.95,204.7761688232422,-179.29440307617188,-10.32100772857666,205.71988992635056,-179.67109677282144,-10.330470099462632,1.0161678985336948,0.4832688930068008,0.08736512353692952,3.648286558956058e-05,4.366581907155378,7.7612804109241855,5.981054556609464,nan,nan
62.96,204.7675018310547,-179.29164123535156,-10.323201179504395,205.71148344246436,-179.66819515344397,-10.33366409346555,1.0163678509668144,0.48332468746661067,0.08737506007612043,3.573594098039975e-05,4.978171625242668,8.271175172151375,nan,0.45182308367699614,nan
62.97,204.7588348388672,-179.2889404296875,-10.325353622436523,205.7030675359423,-179.66532779399327,-10.336008839785421,1.0165413753957733,0.4833805682253889,0.08738505814711309,3.64517186605464e-05,5.03202590610486,8.50503052935909,nan,nan,nan
62.980000000000004,204.7501678466797,-179.28627014160156,-10.32746410369873,205.6946510187712,-179.66250767860657,-10.338237573350746,1.0167198307616405,0.48343653502852163,0.08739511759425282,3.5706716371197815e-05,5.170435035850233,8.286820557489733,nan,0.0038340755630512503,nan
62.99,204.74148559570312,-179.28366088867188,-10.329532623291016,205.6862356204925,-179.65973870885327,-10.340499944564725,1.016910722879769,0.4834925884106799,0.0874052388546979,3.6421994934440664e-05,5.224994485639943,8.679863015433078,nan,nan,nan
63.0,204.73281860351562,-179.28109741210938,-10.331560134887695,205.6627080392886,-179.6472599991163,-10.342141100898687,0.9994405233566882,0.4834115919698415,0.08739644209058374,3.5657132086984045e-05,5.042373227436565,8.114967035701131,6.067039919380021,0.1974642556726411,nan
63.01,204.72415161132812,-179.27857971191406,-10.333547592163086,205.654261803645,-179.64456414139428,-10.344317166837982,0.9995826910328002,0.48346740396793264,0.08740661355832079,3.637107021105832e-05,5.094294486863942,8.04930043382269,nan,nan,nan
63.02,204.71548461914062,-179.276123046875,-10.335495948791504,205.64578710235284,-179.64189376991845,-10.343855747999312,0.9996603514941171,0.4835233019458454,0.08741684665108813,3.5630619233834764e-05,3.8697739172054577,6.9640068188639175,nan,4.597988756512464,nan
63.03,204.70681762695312,-179.27371215820312,-10.337404251098633,205.63734111955114,-179.63929737777147,-10.345929130506795,0.9997995782218371,0.48357928640461406,0.08742714177716698,3.634415652920605e-05,3.9109018552025114,6.9606404601083645,nan,nan,nan
63.04,204.69813537597656,-179.27134704589844,-10.339275360107422,205.62891936891737,-179.63677019940502,-10.35020732000044,1.0000062151709976,0.48363535714038025,0.08743749882403061,3.5605424232602466e-05,5.270810452815285,8.405102570209781,nan,3.428121530613924,nan
63.050000000000004,204.68946838378906,-179.26902770996094,-10.341109275817871,205.6197735536993,-179.63416193225362,-10.352196452684678,0.9994566698671233,0.48355430711256514,0.08742886732887742,3.629610506252357e-05,5.300329000709967,8.172683265448278,0.052005868526803084,nan,nan
63.06,204.68080139160156,-179.26675415039062,-10.34290599822998,205.61132677416904,-179.63170888258912,-10.354190841438937,0.9995983152460219,0.4836101360651865,0.08743927407032775,3.5559926878229194e-05,5.497697630567515,8.346737950401575,nan,5.958839724664647e-05,nan
63.07,204.67213439941406,-179.2645263671875,-10.344667434692383,205.60287993518594,-179.62930147514962,-10.356141020210398,0.9997398536182756,0.48366605140084085,0.08744974306237252,3.627190283341367e-05,5.548732881364451,8.36134058743064,nan,nan,nan
63.08,204.66346740722656,-179.26234436035156,-10.346393585205078,205.59443745683288,-179.62694264470025,-10.35847834041649,0.9998915858844459,0.48372205294685067,0.08746027421882391,3.5537314391965446e-05,6.03183608080262,8.822408634747312,nan,0.12165518910761658,nan
63.09,204.65478515625,-179.2602081298828,-10.348085403442383,205.58599061216208,-179.62462391184692,-10.360364359237924,1.000046616923614,0.48377814115721396,0.08747086790861583,3.624901440295577e-05,6.084768253349006,9.06720935306462,nan,nan,nan
63.1,204.6461181640625,-179.25811767578125,-10.349743843078613,205.5716018816948,-179.62452237380816,-10.359777224661165,0.995426131405368,0.48369703793117896,0.0874623964511607,3.549443932095202e-05,4.693400473248259,7.258001957135983,3.5440805767549284,3.6306591761924056,nan
63.11,204.637451171875,-179.2560577392578,-10.35136890411377,205.56315224444182,-179.622308980017,-10.361572195417017,0.9955734800919712,0.4837528839487015,0.08747303928243591,3.620501934874082e-05,4.7350075401311065,7.100251123311601,nan,nan,nan
63.120000000000005,204.6287841796875,-179.25404357910156,-10.352961540222168,205.55468532369028,-179.6201223500712,-10.361582166549361,0.9956811287849979,0.4838088161083454,0.08748374451702576,3.5474303577338804e-05,3.956771534818304,6.37243884398844,nan,2.1119451426022313,nan
63.13,204.62010192871094,-179.2520751953125,-10.354521751403809,205.54623566744215,-179.61799063879218,-10.363297013358018,0.9958387515132877,0.48386483483535236,0.08749451249996483,3.6184688282538126e-05,3.9925178542840154,6.674636803780948,nan,nan,nan
63.14,204.61143493652344,-179.25015258789062,-10.356051445007324,205.5378016314379,-179.6159118761448,-10.366621866609128,0.9960154839176859,0.4839209400004175,0.08750534318078447,3.545536574045507e-05,5.018275654993678,7.578306738470267,nan,1.8506913889024834,nan
63.15,204.60276794433594,-179.2482452392578,-10.357550621032715,205.54012408064952,-179.61418722042998,-10.368224383854727,1.0063120734055218,0.4838397845830815,0.08749702691695362,3.6143276014822864e-05,5.109080892605356,7.478789700694469,2.3186480712755295,nan,nan
63.160000000000004,204.59408569335938,-179.24639892578125,-10.359020233154297,205.53168694364473,-179.6121593861716,-10.369989488444482,1.0064775921416484,0.4838956471644424,0.08750790617160575,3.541616858478072e-05,5.357579084511639,8.259916974958285,nan,0.010697331505215584,nan
63.17,204.58541870117188,-179.24456787109375,-10.36046028137207,205.5232483348561,-179.61016787121164,-10.371602637146857,1.0066339622696598,0.48395159621649325,0.08751884838682539,3.612538271908342e-05,5.399641234099538,7.724719806614301,nan,nan,nan
63.18,204.57675170898438,-179.24278259277344,-10.361871719360352,205.5148117422769,-179.6082149463741,-10.37344101349156,1.0067925703368905,0.4840076316363196,0.08752985353372035,3.539954707347259e-05,5.746946031439174,8.180098074765894,nan,0.04424870328804422,nan
63.190000000000005,204.5680694580078,-179.2410430908203,-10.36325454711914,205.50637254693928,-179.6062961491478,-10.375001354992886,1.0069560421444057,0.4840637538093723,0.08754092192507196,3.6108665709520556e-05,5.790498109617421,8.570740951310842,nan,nan,nan
63.2,204.5594024658203,-179.2393341064453,-10.36461067199707,205.5034188374026,-179.59846611337343,-10.376261085900477,1.0100883329490111,0.483982546640403,0.08753275554688313,3.53626757210654e-05,5.951534340079869,8.737386853424926,8.613572372954764,0.03259164961614171,nan
63.21,204.5507354736328,-179.23765563964844,-10.365939140319824,205.49497624840006,-179.59657949646206,-10.377765276977394,1.010226129750793,0.48403842583054124,0.08754387190726166,3.6070850968007335e-05,5.994589371175657,8.688314195179737,nan,nan,nan
63.22,204.54205322265625,-179.2360076904297,-10.367240905761719,205.48650803585295,-179.5947056496678,-10.3763039636167,1.0103174051503188,0.48409439131663645,0.08755505142851285,3.534825026897703e-05,4.445152154734084,7.24785651826389,nan,5.980371905422581,nan
63.230000000000004,204.53338623046875,-179.23439025878906,-10.36851692199707,205.47806511322355,-179.5928858367538,-10.377727999448599,1.010456389405769,0.48415044346004477,0.0875662944040455,3.6056394675316824e-05,4.478486256686066,7.020334727980477,nan,nan,nan
63.24,204.5247039794922,-179.23280334472656,-10.369767189025879,205.46960866532163,-179.5910874807805,-10.377566428901693,1.010580632900208,0.48420658219417967,0.08757760083394128,3.533488300739551e-05,3.85095795430278,6.526084803249173,nan,1.6871719724833234,nan
63.25,204.5160369873047,-179.23126220703125,-10.370993614196777,205.47344330903127,-179.5972289216452,-10.378958736556328,1.0249985093947986,0.4841253241932167,0.08756957931453686,3.6020839732111e-05,3.8995905342405424,6.6156337009267325,3.6392938962039985,nan,nan
63.26,204.50735473632812,-179.229736328125,-10.372194290161133,205.46501163153178,-179.59551691408168,-10.378829501795694,1.025156667064774,0.48418121956172666,0.08758093309262578,3.53012314885538e-05,3.3892390974899325,6.035666690552033,nan,1.4904447163182146,nan
63.27,204.49868774414062,-179.22825622558594,-10.373372077941895,205.4565915322908,-179.59384539721975,-10.380128083523932,1.0253198297993429,0.48423720149189464,0.0875923505319512,3.600851501344786e-05,3.4135270953850827,6.077997850658922,nan,nan,nan
63.28,204.49000549316406,-179.22679138183594,-10.37452507019043,205.44816373637298,-179.59219792643742,-10.380499439312901,1.0254876181374397,0.48429326993902677,0.08760383164989657,3.528988532327426e-05,3.1611647913298526,5.786737428784942,nan,0.5681472838835664,nan
63.29,204.48133850097656,-179.22537231445312,-10.375656127929688,205.43974268196098,-179.59058578126036,-10.381744255336834,1.0256493142205547,0.4843494252314839,0.08761537671399121,3.599721551242702e-05,3.1832962844384705,5.850256651009439,nan,nan,nan
63.300000000000004,204.47265625,-179.22396850585938,-10.376764297485352,205.40735606309534,-179.58389878977906,-10.38207071136711,1.0016195424966714,0.4842681168779017,0.08760749467254648,3.525824397556035e-05,2.792780004360004,5.073909949252703,4.702287591641723,0.5520883604505591,nan
63.31,204.4639892578125,-179.22259521484375,-10.377850532531738,205.39890072383113,-179.58235080964556,-10.383263328394555,1.0017548780232453,0.4843240284158105,0.08761908642985304,3.596476858324455e-05,2.8117923744255133,4.943195005368996,nan,nan,nan
63.32,204.45530700683594,-179.22125244140625,-10.378914833068848,205.3904415870595,-179.58082780910425,-10.38400495894176,1.0018967200098405,0.48438002639546596,0.08763074208556831,3.5248793793488486e-05,2.7353719120640783,5.081839123675205,nan,0.12882464100081858,nan
63.33,204.44662475585938,-179.2199249267578,-10.379958152770996,205.38198518619166,-179.579334535532,-10.385152289134854,1.0020485919171687,0.48443611112544166,0.08764246189186133,3.59554157390627e-05,2.7536898154629763,4.900096390910975,nan,nan,nan
63.34,204.43795776367188,-179.21864318847656,-10.380980491638184,205.37352850287894,-179.57786787631343,-10.386290135498282,1.002179213878373,0.48449228259086746,0.087654245889105,3.5240254599570235e-05,2.8064765293677034,5.07554041325179,nan,7.748827931057603e-05,nan
63.35,204.4292755126953,-179.21737670898438,-10.381982803344727,205.35077436643834,-179.56582277917406,-10.387477774652352,0.9851928724823503,0.48441092472876646,0.08764649814163294,3.59248974727396e-05,2.866710193340205,5.206251736310146,7.087139636391226,nan,nan
63.36,204.42059326171875,-179.2160186767578,-10.383072853088379,205.3422888977225,-179.5643223584264,-10.38899399461559,0.9853290617906602,0.48446685206504925,0.08765832815988127,3.5211361391049375e-05,3.02450444799753,5.237796174392368,nan,0.09658602703235718,nan
63.370000000000005,204.4119110107422,-179.21458435058594,-10.384248733520508,205.33380042359667,-179.5627356163133,-10.390229889835505,0.9854568319270033,0.4845228660568272,0.08767022253018208,3.591736126148948e-05,3.0275309841609923,5.385988071699057,nan,nan,nan
63.38,204.4032440185547,-179.21307373046875,-10.385510444641113,205.32530860780358,-179.56106322730307,-10.391107193705116,0.9855613224218017,0.48457896670702694,0.08768218130646756,3.520454129833871e-05,2.92393157930392,5.225364729722833,nan,0.13847237818635474,nan
63.39,204.39456176757812,-179.2114715576172,-10.386857032775879,205.316819716997,-179.5593110240831,-10.392511524821348,0.9856896027542784,0.4846351542974101,0.08769420472061241,3.5910696713849895e-05,2.9271872606617233,5.205646602852816,nan,nan,nan
63.4,204.38587951660156,-179.2097930908203,-10.388287544250488,205.34199939151736,-179.5678752218558,-10.391467865299356,1.0209790116441593,0.4845537474355502,0.08768658581834116,3.517734376423672e-05,2.520416606571438,5.236769789555169,8.301783527225455,4.556858222247512,nan
63.410000000000004,204.377197265625,-179.20802307128906,-10.389800071716309,205.33356232347202,-179.5659671951129,-10.393016850943692,1.021160353382051,0.48460969051792346,0.08769865454988375,3.588279807228478e-05,2.524390172687067,5.0601649656832075,nan,nan,nan
63.42,204.36851501464844,-179.20619201660156,-10.39139461517334,205.32511895588294,-179.56397500497502,-10.39374237771535,1.021325256293892,0.48466572018033016,0.08771078789811232,3.517211998438524e-05,2.39618035747609,5.2471272579007495,nan,0.5748962853490412,nan
63.43,204.35983276367188,-179.2042694091797,-10.393070220947266,205.31668122672576,-179.5619089008933,-10.395447953688933,1.0215041071355215,0.4847218366886144,0.08772298608301185,3.5877768603285566e-05,2.4002535482948946,5.001963798585493,nan,nan,nan
63.440000000000005,204.35116577148438,-179.20228576660156,-10.39482593536377,205.30823684564285,-179.55976006444226,-10.39616517897819,1.0216529294143974,0.48477804006968744,0.08773524917632279,3.5167661689555e-05,2.297000125373866,4.9941933335209265,nan,0.7998981461016362,nan
63.45,204.3424835205078,-179.20021057128906,-10.396660804748535,205.29465574133792,-179.55963976880128,-10.397999415710034,1.017753937857338,0.4846965849873675,0.08772775380220595,3.585147727204789e-05,2.208143127158906,4.67703398863638,1.7791999416010635,nan,nan
63.46,204.33380126953125,-179.19805908203125,-10.39857292175293,205.2862191882985,-179.55736357504546,-10.400581873026693,1.0179408855991405,0.48475254349392766,0.08774006149117626,3.51427531674005e-05,2.2757979807954984,4.764459585385678,nan,0.2929843994148142,nan
63.47,204.3251190185547,-179.1958465576172,-10.400562286376953,205.27777885085248,-179.55500934340824,-10.40260248039843,1.0181172944030101,0.4848085887521496,0.08775243421259318,3.584795825974966e-05,2.2800846729503434,4.998412922581676,nan,nan,nan
63.480000000000004,204.31643676757812,-179.1935577392578,-10.402628898620605,205.26932764773687,-179.55257238671643,-10.40284263407061,1.0182792309884328,0.4848647208031099,0.08776487204855736,3.5139721569215406e-05,2.168253007653771,4.828520380837828,nan,2.4182769424120147,nan
63.49,204.30775451660156,-179.19119262695312,-10.404769897460938,205.2608876924168,-179.55007065539309,-10.404999369644301,1.018457825731656,0.48492093989131924,0.0877773752035374,3.584516295161834e-05,2.1713530774414527,4.82145084754497,nan,nan,nan
63.5,204.29908752441406,-179.18875122070312,-10.40698528289795,205.2665667366437,-179.5600483420261,-10.40694334770203,1.0362806473913302,0.48483943711745797,0.08776999784679676,3.5116209942892505e-05,2.130426156678363,4.541363745516353,9.967544245103175,0.04429304369303334,nan
63.51,204.2904052734375,-179.1862335205078,-10.40927505493164,205.25815942752237,-179.55744396418189,-10.409247773389072,1.0365062937510372,0.4848954109620944,0.08778254484677937,3.582102680948108e-05,2.132744440198132,4.666863076451911,nan,nan,nan
63.52,204.28172302246094,-179.18370056152344,-10.411579132080078,205.24975957900287,-179.55479855994815,-10.412882745298548,1.0367305332842356,0.4849514715181611,0.08779515716324833,3.511448963592127e-05,2.1838880721028042,4.836109579011204,nan,1.1588863923772375,nan
63.53,204.27304077148438,-179.18118286132812,-10.413867950439453,205.2413531192373,-179.5521435689363,-10.415245821805454,1.0369390280674218,0.48500761901763867,0.08780783499171352,3.58195716918493e-05,2.1915283927466978,4.866347409935517,nan,nan,nan
63.54,204.2643585205078,-179.17869567871094,-10.416126251220703,205.23295587144122,-179.54951839384717,-10.419248992021014,1.0371596144308382,0.48506385352047965,0.0878205784277043,3.511339754182645e-05,2.4193789390278293,5.073857426612953,nan,1.9373693175685245,nan
63.550000000000004,204.2556915283203,-179.17625427246094,-10.418347358703613,205.2269411796591,-179.5522064585588,-10.421559515322421,1.0414779159481051,0.48498230377914997,0.08781331366064588,3.5796743763706935e-05,2.3895480206427253,4.869429354958944,2.4587913639312786,nan,nan
63.56,204.24700927734375,-179.17385864257812,-10.420528411865234,205.21855330316902,-179.54968175289738,-10.425535256042158,1.0417129512756487,0.4850382926799863,0.08782610017223304,3.5091746660022297e-05,2.8185935735174614,5.509327525628613,nan,2.0033540218554484,nan
63.57,204.2383270263672,-179.17149353027344,-10.422667503356934,205.2101568993101,-179.54719521639393,-10.427798928140579,1.0419363658200735,0.48509436843039294,0.08783895238568493,3.579651388432965e-05,2.8425607280791367,5.347569410749757,nan,nan,nan
63.58,204.2296600341797,-179.169189453125,-10.424764633178711,205.20175547992082,-179.54475041139077,-10.428984436148117,1.0421292605724357,0.48515053110134654,0.08785187040422177,3.509180977394487e-05,2.6172027644983764,5.0949142706492125,nan,0.7560427981018334,nan
63.59,204.22097778320312,-179.1669158935547,-10.426820755004883,205.19335928867804,-179.5423549509845,-10.431156667852346,1.0423526649717307,0.4852067809082299,0.08786485441182702,3.5796870889895126e-05,2.63771782283855,5.121133735410023,nan,nan,nan
63.6,204.21229553222656,-179.16470336914062,-10.42883586883545,205.169527695648,-179.54107867913356,-10.432359224297313,1.0285738683704,0.48512518474048694,0.08785769666861057,3.507128250053595e-05,2.3315690975876264,4.713138571524598,5.186888714420624,0.5297593815458986,nan
63.61,204.20362854003906,-179.1625213623047,-10.430811882019043,205.16111453722786,-179.53879618215504,-10.434442002457597,1.0287737130391885,0.48518118858585274,0.08787072295570779,3.577577299216458e-05,2.3479064010109534,4.351917991313874,nan,nan,nan
63.620000000000005,204.1949462890625,-179.160400390625,-10.432747840881348,205.1526926124566,-179.53655100000472,-10.43459157512097,1.028965840184992,0.485237279267795,0.08788381524138475,3.507239608497781e-05,2.0787181416661245,4.472070859920842,nan,2.5233042036199906,nan
63.63,204.18626403808594,-179.15830993652344,-10.43464469909668,205.14427954146674,-179.5343552659877,-10.43657854913831,1.0291780867788867,0.48529345699206095,0.08789697370308196,3.5777201416226145e-05,2.0884478337432344,4.349773693243372,nan,nan,nan
63.64,204.17759704589844,-179.15625,-10.436504364013672,205.1358599810711,-179.5321967503347,-10.437064938003907,1.029370742859989,0.48534972184413994,0.08791019845383563,3.507401313972992e-05,1.9947847413627973,3.945322170097645,nan,1.5054733917933916,nan
63.65,204.16891479492188,-179.1542510986328,-10.438326835632324,205.10019396870155,-179.52017070805297,-10.438996829136997,1.0005890809744262,0.485268079927179,0.08790314221686658,3.575714281754052e-05,1.8835146730037091,3.919584680424928,5.959195008931517,nan,nan
63.660000000000004,204.1602325439453,-179.15228271484375,-10.440113067626953,205.09173659308712,-179.5180860999869,-10.440801988248657,1.0007559066832408,0.4853240984673576,0.08791640843191201,3.505496090339558e-05,1.8863356634359159,3.8054166289931057,nan,0.002386074445170741,nan
63.67,204.1515655517578,-179.15036010742188,-10.441864013671875,205.083279483657,-179.5160413053974,-10.442629743294935,1.0009066768634012,0.4853802039561602,0.08792974100675133,3.5759539976012e-05,1.8909714971051246,3.7161110580790453,nan,nan,nan
63.68,204.14288330078125,-179.14846801757812,-10.44357967376709,205.0748181700074,-179.51403223369508,-10.443414145659808,1.0010693402478794,0.4854363964874484,0.08794314005993903,3.5057489723060254e-05,1.8771788764825255,3.7825699289371553,nan,0.7165415854145124,nan
63.690000000000005,204.1342010498047,-179.1466064453125,-10.445261001586914,205.06636107712723,-179.5120639876096,-10.445163965626286,1.0012400017856684,0.48549267625436804,0.0879566057606392,3.5762401780117024e-05,1.878422181000682,3.7224612493460136,nan,nan,nan
63.7,204.1255340576172,-179.14479064941406,-10.446908950805664,205.09451949439813,-179.51379666318633,-10.445981318101659,1.0368698449641978,0.4854048372204255,0.08665695373609876,3.503928496535475e-05,2.268562314285917,4.469276575432322,9.719847219345603,0.4814549662499513,0.03654679355105542
63.71,204.11685180664062,-179.1430206298828,-10.448524475097656,205.0861222787974,-179.51189543023736,-10.447656574428638,1.037089494587234,0.4854607484341416,0.08666613165466325,3.574366154543777e-05,2.268986273152934,4.763339964969534,nan,nan,nan
63.72,204.10816955566406,-179.14126586914062,-10.450106620788574,205.07772198024182,-179.51002303051555,-10.448467905656624,1.0373121195942836,0.48551674541248363,0.08667536890824676,3.504263447364816e-05,2.3280495911899397,4.641364691783534,nan,0.48820993532961365,nan
63.730000000000004,204.0994873046875,-179.13955688476562,-10.451658248901367,205.0693244653828,-179.50819288153457,-10.450072644194016,1.0375351225484628,0.4855728283329134,0.0866846658496295,3.574735880470375e-05,2.3254542760016377,4.726489749421537,nan,nan,nan
63.74,204.0908203125,-179.1378936767578,-10.453178405761719,205.06092840938757,-179.50640125260892,-10.45214609791583,1.037742077187765,0.48562899730845105,0.0866940224204109,3.504637768994897e-05,2.2892689337412446,4.641462563545248,nan,0.17534449664099938,nan
63.75,204.08213806152344,-179.13624572753906,-10.454668998718262,205.05797694782513,-179.50234454668762,-10.453708770465079,1.042252752185758,0.4855478606460818,0.08668443619555664,3.5729459473945283e-05,2.406185698139236,4.878671030443077,3.4020660922581762,nan,nan
63.76,204.07345581054688,-179.1346435546875,-10.45612907409668,205.0495822092346,-179.50060009721895,-10.456001992524916,1.042471559989211,0.4856037878180451,0.08669384305283173,3.502934642545591e-05,2.3853496732685873,5.034824578329739,nan,0.42034824641637397,nan
63.77,204.0647735595703,-179.133056640625,-10.457560539245605,205.04118474299756,-179.49888166549215,-10.457502294878406,1.0426920692770474,0.48565980085106303,0.08670330984034963,3.573390179470254e-05,2.3891057732611585,4.825472983095087,nan,nan,nan
63.78,204.0561065673828,-179.1315155029297,-10.458963394165039,205.03278550044655,-179.49719096956832,-10.458459759596778,1.0428904730793562,0.48571589986325475,0.08671283652064715,3.503378970021434e-05,2.4004721484368035,4.807941406170763,nan,0.18702982960488232,nan
63.79,204.04742431640625,-179.1300048828125,-10.46033763885498,205.02438745221545,-179.49553557616844,-10.459899978146073,1.0431058661815265,0.4857720850242012,0.08672242341520235,3.573870282174162e-05,2.4029887806700247,5.013167249789596,nan,nan,nan
63.800000000000004,204.0387420654297,-179.12852478027344,-10.461685180664062,205.0350695324729,-179.50462916763482,-10.460537219054645,1.06495269828903,0.4856908959610574,0.08671301776551275,3.5017431931039696e-05,2.4582331432209132,5.323141324017493,6.887867677606374,0.47731806878572386,nan
63.81,204.03005981445312,-179.12705993652344,-10.463005065917969,205.02670765758964,-179.5030627158701,-10.461917102908005,1.0652165023921631,0.4857468389217294,0.08672265456031816,3.572183253115337e-05,2.4575621916566632,5.197126893559385,nan,nan,nan
63.82,204.02137756347656,-179.12564086914062,-10.464299201965332,205.01834262191267,-179.50151761518285,-10.462186657153824,1.0654703744372125,0.48580286778469334,0.08673235150674649,3.502249620893717e-05,2.556012205524048,5.444475820427804,nan,0.8296478167857595,nan
63.83,204.01271057128906,-179.12423706054688,-10.465567588806152,205.00998040111446,-179.50000935037178,-10.463505074699878,1.0657186219845618,0.48585898271524286,0.08674210890723921,3.5727264574181755e-05,2.551327315787019,5.103552621639826,nan,nan,nan
63.84,204.0040283203125,-179.1228790283203,-10.46681022644043,205.00162105050637,-179.4985378199842,-10.465993470754562,1.065979104007148,0.4859151838381307,0.08675192675280234,3.502786043980168e-05,2.4555353365262813,5.4198303429235875,nan,1.0058700997760677,nan
63.85,203.99534606933594,-179.1215362548828,-10.468029022216797,204.99396656533614,-179.49790689888258,-10.467389497126529,1.067191719274856,0.4858339430777601,0.08674269730601884,3.5711000247372466e-05,2.4457280673189414,5.318082792130757,0.6616825731990077,nan,nan
63.86,203.98666381835938,-179.12022399902344,-10.469223022460938,204.9856013507257,-179.49647258141013,-10.466956272290505,1.0674475759841462,0.48588990161002565,0.08675256464649844,3.501235497582769e-05,2.585009222627496,5.514429657383166,nan,2.0246319032000546,nan
63.870000000000005,203.9779815673828,-179.11892700195312,-10.470393180847168,204.97723985792862,-179.49507661068188,-10.468177127570243,1.0677127751710456,0.4859459461283593,0.08676249267781273,3.5716987876043936e-05,2.5794895051702675,5.40683619858071,nan,nan,nan
63.88,203.96929931640625,-179.11766052246094,-10.471539497375488,204.96888287621644,-179.49372129949265,-10.471517469675412,1.0679836148320472,0.4860020767610879,0.08677248140817798,3.501824040531072e-05,2.4458282623546457,5.333621555507514,nan,3.2365574067810443,nan
63.89,203.9606170654297,-179.11642456054688,-10.472663879394531,204.9605206433236,-179.49237698459973,-10.472714933746916,1.0682450059994766,0.4860582936679809,0.08678253111429478,3.57232450141078e-05,2.4497980021917822,5.350098140566929,nan,nan,nan
63.9,203.95193481445312,-179.11521911621094,-10.47376537322998,204.98900946402023,-179.5042087294945,-10.473379632773243,1.1076266956032301,0.4859770018633187,0.08677347309808739,3.500323442235717e-05,2.659431375925552,6.358356178180017,10.459300543802192,0.2242644179627549,nan
63.910000000000004,203.94325256347656,-179.11402893066406,-10.474843978881836,204.98070470060944,-179.50292747481458,-10.474529659118916,1.1079481545996979,0.48603297579197524,0.08678357185675839,3.570773843695231e-05,2.6623216888346595,6.297808515333579,nan,nan,nan
63.92,203.9345703125,-179.11285400390625,-10.475902557373047,204.97239988378,-179.50167091736728,-10.475754281415504,1.1082729055617924,0.4860890357562084,0.08679373156399774,3.5009574996812164e-05,2.6643503415721868,6.176485691778936,nan,0.006406895052349236,nan
63.93,203.92588806152344,-179.11172485351562,-10.47693920135498,204.9640945477183,-179.50043725652836,-10.476864409993516,1.1085892141937752,0.48614518191284395,0.08680395248104095,3.5714457300941544e-05,2.6685281787152535,6.414292189880992,nan,nan,nan
63.940000000000005,203.91720581054688,-179.110595703125,-10.47795581817627,204.95578756059433,-179.499222405635,-10.477312993445658,1.1089108073506517,0.4862014143947644,0.08681423463924406,3.5016137667402114e-05,2.6843022840598314,6.1983092092689995,nan,0.29057656517074154,nan
63.95,203.90850830078125,-179.1094970703125,-10.478951454162598,204.92684697454283,-179.49099396769975,-10.478172602491298,1.0874530536094469,0.48612007222141385,0.08680534346816492,3.5699392751595784e-05,2.5761530457407775,5.968817730804678,5.072030491113968,nan,nan
63.96,203.8998260498047,-179.1083221435547,-10.480034828186035,204.91850549724376,-179.48975804270876,-10.477711595546861,1.0877529863016409,0.48617606134317215,0.08681567421640729,3.5001748007433106e-05,2.71636546359058,5.981540005608302,nan,1.7101709922305064,nan
63.97,203.89114379882812,-179.1070556640625,-10.481204986572266,204.91016674473215,-179.4884454834847,-10.478879668701028,1.0880585304757364,0.4862321365751589,0.08682606640541175,3.5706511094215e-05,2.7164638636923697,5.951833812999246,nan,nan,nan
63.980000000000004,203.88246154785156,-179.10569763183594,-10.482460975646973,204.901823503078,-179.48703295990313,-10.477584945930415,1.0883653815980006,0.4862882980526539,0.08683652008034914,3.500868491308956e-05,3.2468905026987223,6.458093177780982,nan,4.5901281278876125,nan
63.99,203.873779296875,-179.10426330566406,-10.48380184173584,204.89348460215425,-179.4855511632789,-10.478901428303924,1.0886704524469077,0.48634454592877746,0.08684703548178345,3.5713825912228076e-05,3.2430378163021167,6.546565505003578,nan,nan,nan
64.0,203.86509704589844,-179.1027374267578,-10.48522663116455,204.89910513066235,-179.48809241041596,-10.479902958484507,1.1034942339124871,0.4862631540286487,0.08683830625966081,3.499465317848157e-05,3.480922798182294,6.979853648147496,1.7151090558548736,0.07147163016702054,nan
64.01,203.8563995361328,-179.10113525390625,-10.486733436584473,204.8907865378806,-179.4864462011387,-10.481383954169747,1.1038340511163927,0.48631915816590177,0.08684886975407118,3.5699298272951814e-05,3.47593536098272,7.338098889288349,nan,nan,nan
64.02,203.84771728515625,-179.09945678710938,-10.488322257995605,204.8824695793006,-179.4847247940873,-10.484056658783349,1.1041566658651099,0.48637524846807384,0.08685949497481567,3.500191046164474e-05,3.19733782198376,6.880307232145789,nan,0.8674385594571311,nan
64.03,203.8390350341797,-179.09768676757812,-10.489992141723633,204.87415097594064,-179.48291711431293,-10.485714338540536,1.10448437405567,0.4864314250863642,0.08687018215019805,3.570693766718477e-05,3.1929056287635005,6.80110553711806,nan,nan,nan
64.04,203.83035278320312,-179.09585571289062,-10.491742134094238,204.86583492455156,-179.48103867936354,-10.489136779177407,1.1048058519878785,0.4864876881590273,0.08688093134374353,3.500932698154512e-05,2.8776200418692266,6.684578088064649,nan,1.9998573372022983,nan
64.05,203.8216552734375,-179.09393310546875,-10.493571281433105,204.84473906044917,-179.4701519998254,-10.490869429297598,1.090068067471953,0.48640624718313075,0.08687235929563654,3.56927205734279e-05,2.925206610148503,6.604730671874967,5.576498603253195,nan,nan
64.06,203.81297302246094,-179.09193420410156,-10.495478630065918,204.8363939470871,-179.46808106442901,-10.492783386387158,1.0903596259195103,0.48646226614592974,0.08688315610049943,3.641155392422134e-05,2.9235085600939925,6.407286074984893,nan,nan,nan
64.07000000000001,203.80429077148438,-179.08985900878906,-10.49746322631836,204.82804900269971,-179.46593363849334,-10.494776112594073,1.0906513025108147,0.4865183713393152,0.08689401504867372,3.7144838368968746e-05,2.9217068458242164,6.434631969792937,nan,nan,nan
64.08,203.7956085205078,-179.08770751953125,-10.499524116516113,204.81970506781903,-179.46371368741814,-10.49748999254302,1.0909438638922142,0.4865745629054273,0.08690493624801263,3.636177773613146e-05,2.844399527180037,6.379636949576312,nan,0.27036619151797403,nan
64.09,203.78692626953125,-179.0854949951172,-10.501660346984863,204.81136048169614,-179.46141576448295,-10.499643806929484,1.0912313899115273,0.48663084099349607,0.08691591991621123,3.7093733008238294e-05,2.8438522132981614,6.55100518454347,nan,nan,nan
64.1,203.77822875976562,-179.08323669433594,-10.503870964050293,204.82156396586828,-179.4663710728814,-10.501947212125668,1.1114603029969867,0.48654935157033424,0.08690750002684403,3.629078948076113e-05,2.930429194787304,7.035862448219239,3.4854490126798656,0.02455743618194734,nan
64.11,203.76954650878906,-179.0810089111328,-10.506155014038086,204.8132500852628,-179.46402499376654,-10.504251510764618,1.1117653072590856,0.4866053851760179,0.08691853071963757,3.702056745114095e-05,2.931199455912379,7.025960941558143,nan,nan,nan
64.12,203.7608642578125,-179.07879638671875,-10.508455276489258,204.80493552211416,-179.46169373165694,-10.505922419548124,1.1120708597321807,0.4866615050722522,0.08692962389560627,3.624405726865422e-05,3.0151318302172316,6.956410568242607,nan,0.3029484410834558,nan
64.13,203.75218200683594,-179.0766143798828,-10.51073932647705,204.79662163358935,-179.45939633122643,-10.508266212684514,1.1123768572291823,0.48671771140701287,0.0869407797620056,3.6972656112203174e-05,3.0083395463917486,6.94531571971878,nan,nan,nan
64.14,203.74349975585938,-179.07447814941406,-10.512993812561035,204.7883061080608,-179.45712803783152,-10.508792999969227,1.1126809504672772,0.48677400432161194,0.08695199840295861,3.6198827409571164e-05,3.335403929159844,7.317888456758247,nan,2.124462317011099,nan
64.15,203.7348175048828,-179.07237243652344,-10.51521110534668,204.76748100343195,-179.44436022218403,-10.511216064836113,1.0976268829912579,0.48669246708048164,0.08694372573550758,3.690290882583948e-05,3.3758219329389254,7.137795527947257,8.75688683902932,nan,nan
64.16,203.72613525390625,-179.0703125,-10.517387390136719,204.75914016174048,-179.44214979034942,-10.514836792319516,1.097892806995847,0.4867485151475032,0.08695499082932251,3.613267258232874e-05,3.128928096706637,6.993626620280192,nan,1.2674310758999034,nan
64.17,203.71743774414062,-179.06829833984375,-10.519522666931152,204.750798164605,-179.43997420096233,-10.517047478708967,1.098172495957376,0.4868046495691227,0.08696631883199706,3.68582011931008e-05,3.121024986989615,7.264856096333566,nan,nan,nan
64.18,203.70875549316406,-179.0663299560547,-10.52161693572998,204.7424559966042,-179.43783739675075,-10.518821535307309,1.0984363083804496,0.48686087048759324,0.0869777098366536,3.609051634350902e-05,3.177146401144319,7.12726320828887,nan,0.10407591333582439,nan
64.19,203.7000732421875,-179.06439208984375,-10.523669242858887,204.73411431780116,-179.435741838496,-10.520947393737504,1.0987033222590068,0.48691717804943513,0.0869891640370689,3.681506629422529e-05,3.167421458159977,7.047439025110072,nan,nan,nan
64.2,203.69139099121094,-179.06248474121094,-10.525680541992188,204.7136024125017,-179.4277499285658,-10.522923153888474,1.0855148318193584,0.4868355936038452,0.08698103346608801,3.602760934434138e-05,3.1599206771545156,6.770199193656985,1.9061547039675135,0.0022737325726118816,nan
64.21000000000001,203.68270874023438,-179.0606231689453,-10.527652740478516,204.70523936219686,-179.42571890481528,-10.52496807181011,1.0857582496335398,0.4868916559566884,0.08699253351711186,3.675033749903251e-05,3.150573928536819,6.8178928834260635,nan,nan,nan
64.22,203.6740264892578,-179.05880737304688,-10.529584884643555,204.69687619901273,-179.42372552979774,-10.526974336029962,1.0859988972536936,0.4869478047233412,0.08700409681413304,3.748752794987168e-05,3.1420334882427494,6.937278375318183,nan,nan,nan
64.23,203.66534423828125,-179.0570068359375,-10.531478881835938,204.6885130806625,-179.421769019569,-10.52894280576091,1.0862469159032175,0.4870040400483039,0.08701572350165174,3.82393251970589e-05,3.133595381151806,6.686630731256624,nan,nan,nan
64.24,203.6566619873047,-179.0552520751953,-10.53333568572998,204.68015054654222,-179.41985141461134,-10.531630424737996,1.0864917933918241,0.4870603620755094,0.08702741370346401,3.738558761817215e-05,3.0485992715077415,6.694518691210005,nan,0.35270809036026124,nan
64.25,203.64797973632812,-179.0535430908203,-10.535154342651367,204.63987310184632,-179.40817052632778,-10.533584844209702,1.0533828980475104,0.4869787310346828,0.08701942014481848,3.81099160139319e-05,2.8190917904503654,6.224898882405348,7.492662439988102,nan,nan
64.26,203.63929748535156,-179.05186462402344,-10.536937713623047,204.63146071584754,-179.4063102276667,-10.533838815494514,1.0535792163192355,0.4870348074959645,0.0870311555734572,3.726331950815967e-05,3.0170574133697725,6.320148055521611,nan,1.618977221296614,nan
64.27,203.630615234375,-179.05020141601562,-10.538684844970703,204.62304920458033,-179.40448924667504,-10.535655962563435,1.053780919498687,0.4870909704313446,0.08704295462707724,3.800899655639244e-05,3.005095624832059,6.139882776966386,nan,nan,nan
64.28,203.62193298339844,-179.04859924316406,-10.540397644042969,204.61463913127795,-179.40271250014334,-10.540876327751922,1.0539743469099958,0.487147219984527,0.08705481741410813,3.7168250400305946e-05,2.7750136832216024,6.219127155480229,nan,7.379813703009814,nan
64.29,203.61325073242188,-179.04701232910156,-10.542076110839844,204.60622729757316,-179.40095685822342,-10.542659926225873,1.054172438207022,0.48720355630069206,0.08706674411345434,3.79115597596151e-05,2.7824808979829516,6.022865726511012,nan,nan,nan
64.3,203.6045684814453,-179.0454559326172,-10.543721199035645,204.58664802008326,-179.38977993175237,-10.54405874986312,1.0406917653812444,0.48712187926233896,0.08705888234242137,3.7053144448679606e-05,2.875506359579849,6.070037281292773,5.853633668258281,0.08787145811391178,nan
64.31,203.5958709716797,-179.04393005371094,-10.545333862304688,204.5782109636725,-179.3880566471112,-10.545774071732684,1.0408723101024584,0.487177969659569,0.08707085361603302,3.7793284079530484e-05,2.8829335541160397,6.21029910656235,nan,nan,nan
64.32000000000001,203.58718872070312,-179.0424346923828,-10.546913146972656,204.5697743312725,-179.38636893621262,-10.548980536665034,1.0410425160755488,0.48723414658947417,0.08708288883801407,3.69647887924115e-05,2.998528509257146,6.20207642383493,nan,1.4641580723688337,nan
64.33,203.57850646972656,-179.04098510742188,-10.5484619140625,204.5613369811652,-179.38470682831704,-10.550648708477304,1.0412037349624101,0.4872904101969141,0.0870949881812541,3.7702835804878736e-05,3.0152718217829646,6.364949755646242,nan,nan,nan
64.34,203.56982421875,-179.03955078125,-10.549980163574219,204.55289993188828,-179.38308031183277,-10.55443504040618,1.0413790098097513,0.48734676062609217,0.08710715176320688,3.687966629855976e-05,3.431658119976684,6.556739419979349,nan,2.9289234194365505,nan
64.35,203.56114196777344,-179.03814697265625,-10.551466941833496,204.5672652661369,-179.38987540891839,-10.556021768280736,1.0658413253524863,0.4872650381808947,0.0870994165714373,3.759178771277868e-05,3.577184639485176,6.996278793814337,4.187748193111518,nan,nan
64.36,203.55245971679688,-179.03675842285156,-10.552925109863281,204.55886441646823,-179.38831414249336,-10.558937152374936,1.066057216188982,0.4873211423423918,0.0871116240533926,3.677481555035313e-05,4.01319124916059,7.1980596762433535,nan,1.104588951729364,nan
64.37,203.5437774658203,-179.03541564941406,-10.554353713989258,204.55046323135272,-179.38677698831276,-10.5605215320653,1.0662593788464791,0.4873773330954169,0.08712389586228693,3.750812210813984e-05,4.050112648775606,7.438203673186652,nan,nan,nan
64.38,203.53509521484375,-179.03408813476562,-10.555753707885742,204.54206143998434,-179.38526136090815,-10.559909080279684,1.0664524745402217,0.48743361058435364,0.0871362321205654,3.669613523720583e-05,3.5115969095075465,6.710169413887027,nan,3.0157573125837565,nan
64.39,203.52639770507812,-179.0327911376953,-10.55712604522705,204.53365984468752,-179.3837780014663,-10.561416756886263,1.0666710864351956,0.4874899749537823,0.0871486329936335,3.742771471674618e-05,3.53846387393713,6.938909081984811,nan,nan,nan
64.4,203.51771545410156,-179.03152465820312,-10.558470726013184,204.4859353116946,-179.37488114073537,-10.563777679535438,1.0273127715014858,0.4874082076831072,0.08714101906682889,3.659789726178994e-05,3.4197399107787163,6.154002495645573,13.30615437612681,0.5320564528593621,nan
64.41,203.509033203125,-179.03028869628906,-10.559788703918457,204.47747891287196,-179.37346479602536,-10.565240929381917,1.0274661332228974,0.48746432544010987,0.08715346313880377,3.732694624696389e-05,3.4507409449892634,6.219255522362195,nan,nan,nan
64.42,203.50035095214844,-179.02906799316406,-10.561080932617188,204.46902219045725,-179.37206813764672,-10.564312885628631,1.0276105841037868,0.48752052984654265,0.08716597186681592,3.6525438710689704e-05,2.944213874291591,5.561050290789661,nan,3.62302294389155,nan
64.43,203.4916534423828,-179.02786254882812,-10.562346458435059,204.46056527572824,-179.37070172403267,-10.565702585500754,1.0277840748136824,0.48757682104691535,0.08717854541217164,3.725298855251682e-05,2.964431879747674,5.657774468811793,nan,nan,nan
64.44,203.48297119140625,-179.02670288085938,-10.563587188720703,204.45210812752873,-179.3693582045096,-10.566559398575274,1.0279338041985668,0.48763319918572323,0.08719118390347091,3.645596608389554e-05,2.908567212567509,5.655651656875509,nan,0.16796750440752697,nan
64.45,203.4742889404297,-179.02554321289062,-10.564803123474121,204.412342038584,-179.36058428357944,-10.567821176051794,0.9960949967982852,0.48755138766279477,0.087183685925084,3.7158800165649796e-05,2.659934918301717,4.844040261809695,7.66753099174577,nan,nan
64.46000000000001,203.46560668945312,-179.02442932128906,-10.565995216369629,204.4038388362404,-179.35929668372677,-10.570894450030938,0.9962126852141092,0.4876075188485213,0.08719636689236822,3.6367089005099006e-05,3.0781500136475177,5.451908258026154,nan,2.027774652818467,nan
64.47,203.4569091796875,-179.0233154296875,-10.567163467407227,204.39533554343677,-179.35802809295058,-10.572199826166866,0.9963443039621889,0.48766373674105795,0.08720911287620892,3.709103701943462e-05,3.1049923285945438,5.346411734792079,nan,nan,nan
64.48,203.44822692871094,-179.02224731445312,-10.568307876586914,204.38683212300143,-179.35678307523597,-10.574060046383018,0.9964572110477216,0.48772004148488907,0.08722192400853877,3.630349222079765e-05,3.335874305324399,5.704886429035836,nan,0.21842860843680909,nan
64.49,203.43954467773438,-179.02117919921875,-10.569429397583008,204.3783286370418,-179.35555876494223,-10.575326716512837,0.9965740286586288,0.48777643322454084,0.08723480044566366,3.7026240207094945e-05,3.3665459580000627,5.508900046425401,nan,nan,nan
64.5,203.43084716796875,-179.0201416015625,-10.570528984069824,204.39803994312692,-179.3625709627834,-10.578114773494006,1.0260493535622424,0.4876945780141511,0.08722741302327582,3.622057270749951e-05,4.215911931148087,6.780683562372301,5.763814839160438,1.5970439373598766,nan
64.51,203.4221649169922,-179.01913452148438,-10.571606636047363,204.38957892068967,-179.36139220161988,-10.579354063722578,1.0262018304394689,0.48775072246409334,0.08724033118831889,3.694131186379392e-05,4.255764894670747,6.739760675782366,nan,nan,nan
64.52,203.41346740722656,-179.01812744140625,-10.572662353515625,204.38111717034104,-179.36023742791113,-10.582590570575697,1.0263936264493607,0.4878069536775583,0.08725331470049753,3.616259513678086e-05,5.360126453142062,7.770138301204424,nan,2.689882636687222,nan
64.53,203.40478515625,-179.01715087890625,-10.573698043823242,204.37265546099908,-179.35909912335433,-10.583808659002365,1.0265494402295035,0.4878632717991433,0.08726636371344744,3.688231987813895e-05,5.409505688107597,7.689616531957558,nan,nan,nan
64.54,203.39608764648438,-179.0161895751953,-10.574711799621582,204.36419389391867,-179.3579775060381,-10.583203094410033,1.0267038512045688,0.48791967697322436,0.0872794783631144,3.6107305997831266e-05,4.638310012988314,7.033629674581993,nan,2.156005492610572,nan
64.55,203.3874053955078,-179.0152587890625,-10.575706481933594,204.38445202998528,-179.36911551169064,-10.58437773144649,1.0580131199754057,0.4878377786320128,0.08727219609030054,3.6803247494752014e-05,4.796649687543118,7.3664731700924015,7.715093866998622,nan,nan
64.56,203.37872314453125,-179.01434326171875,-10.576680183410645,204.37603778024393,-179.36805517654295,-10.584959584390631,1.0582141322888834,0.48789393618371896,0.08728535169812811,3.6032733880894724e-05,4.659678087089441,7.207645841749388,nan,0.20903660236495022,nan
64.57000000000001,203.37002563476562,-179.01333618164062,-10.577742576599121,204.36762291426902,-179.36696088790944,-10.58613148788437,1.0584522373677685,0.4879501805552558,0.08729857299930903,3.6749779585677314e-05,4.674673874562887,7.320039982987883,nan,nan,nan
64.58,203.36134338378906,-179.01223754882812,-10.57889175415039,204.35920785585728,-179.365777546591,-10.586614618238025,1.0586707123859957,0.488006511890887,0.08731186013189601,3.598267803713365e-05,4.4193810931144775,6.856472978324079,nan,0.403143643264891,nan
64.59,203.35264587402344,-179.01104736328125,-10.580126762390137,204.35079230121937,-179.36450825560684,-10.58795493088175,1.0589108426820175,0.4880629303353834,0.08732521324636094,3.6698949333084854e-05,4.433860155502067,7.000699776518163,nan,nan,nan
64.6,203.3439483642578,-179.00978088378906,-10.581446647644043,204.31008999551895,-179.35916066284057,-10.589135498239434,1.0274020635026426,0.48798098941157675,0.08731803066297547,3.5913357095344e-05,4.070571738621757,6.305024299462492,10.530256058575718,0.038073205245979576,nan
64.61,203.33526611328125,-179.00843811035156,-10.58285140991211,204.30163055624465,-179.3577412695345,-10.590645486676323,1.0275863376241154,0.4880371599050441,0.08733142394217794,3.662803746151964e-05,4.084501487828481,6.2016174970960165,nan,nan,nan
64.62,203.32656860351562,-179.00698852539062,-10.584338188171387,204.29317064355448,-179.35623887801165,-10.593144830433136,1.0278000143807673,0.4880934172735913,0.08734488324367856,3.58682615272289e-05,4.589545971653477,6.713787207277145,nan,0.5499917681925459,nan
64.63,203.31788635253906,-179.00547790527344,-10.585906982421875,204.28471090380617,-179.35465232581555,-10.594831702263829,1.027984503539827,0.4881497616621282,0.08735840871632361,3.658231587498653e-05,4.606106142556907,6.727416217223091,nan,nan,nan
64.64,203.30918884277344,-179.00387573242188,-10.587557792663574,204.2762508006949,-179.3529843789251,-10.597182185112892,1.0281917654077073,0.4882061932147044,0.08737200050061211,3.582553228640158e-05,5.015880319031775,7.161032285232206,nan,0.22720882790119398,nan
64.65,203.30050659179688,-179.002197265625,-10.589287757873535,204.25978128268383,-179.3451287874494,-10.599144391771407,1.0187772644051598,0.48812421024900327,0.08736491212724722,3.6516507930504854e-05,5.12410888064279,7.198902363096648,2.4917536004215677,nan,nan
64.66,203.29180908203125,-179.00042724609375,-10.591097831726074,204.2513052056547,-179.3432799592805,-10.600493666412454,1.018954893946425,0.48818039352576487,0.08737854326149903,3.576349763958266e-05,4.9335529841726276,6.996181056323882,nan,0.2356868391634629,nan
64.67,203.28311157226562,-178.99859619140625,-10.592986106872559,204.24282891068916,-179.3413523340917,-10.60250752220379,1.0191318856601779,0.4882366637330466,0.08739224075273443,3.647560637838118e-05,4.952377238781516,7.147632841416735,nan,nan,nan
64.68,203.27442932128906,-178.99667358398438,-10.594951629638672,204.23435199716053,-179.3393478431185,-10.606183157366447,1.0193151322041984,0.4882930210147447,0.0874060047426747,3.5725328832569485e-05,5.999368878126273,7.956751145797237,nan,1.6966099002205457,nan
64.69,203.26573181152344,-178.99473571777344,-10.596993446350098,204.2258759666525,-179.33728969197094,-10.608369525381002,1.0194848890695296,0.4883494655160062,0.0874198353783289,3.643699999888209e-05,6.022486617585552,8.17714052611899,nan,nan,nan
64.7,203.25704956054688,-178.9927978515625,-10.599111557006836,204.2354921566015,-179.3421547062231,-10.60921770251648,1.0389909816016456,0.4811535699234029,0.08740961643513333,3.566782858480333e-05,5.898825548887892,7.888658858783687,2.744015612988733,1.2858465739098173,0.0108096828450202
64.71000000000001,203.24835205078125,-178.99087524414062,-10.601304054260254,204.22703852625705,-179.34011509427864,-10.611542909425555,1.0391826231990027,0.48120493110815377,0.0874232672080549,3.637823682589423e-05,5.920897804608465,7.998380080038013,nan,nan,nan
64.72,203.2396697998047,-178.98898315429688,-10.603570938110352,204.2185840912574,-179.33810248907824,-10.61534245922936,1.0393729208700921,0.4812563776344179,0.08743697749742023,3.5633945698312536e-05,6.93141589718817,8.851288300315835,nan,1.3322306650651399,nan
64.73,203.23097229003906,-178.9871368408203,-10.605854034423828,204.21013091249557,-179.3361203486477,-10.617803246200534,1.0395594645466557,0.481307909648213,0.08745074744937437,3.634403264041629e-05,6.9758119031659,9.09686700011814,nan,nan,nan
64.74,203.2222900390625,-178.98532104492188,-10.608123779296875,204.2016789983858,-179.3341713025551,-10.618902526309714,1.039718912630865,0.48135952729238823,0.08746457720694994,3.56021017695921e-05,6.314446436862483,8.205117133985707,nan,1.268540471667654,nan
64.75,203.21359252929688,-178.98353576660156,-10.610363006591797,204.21042541487546,-179.34369933239228,-10.621274402976937,1.0599587984752437,0.4812942352235631,0.08745754031412949,3.628962962109316e-05,6.265310662981049,8.431702506055254,7.354555601711661,nan,nan
64.76,203.2049102783203,-178.98178100585938,-10.612565994262695,204.2020033529292,-179.3418534480163,-10.622962025750773,1.0601673643838436,0.4813456341578419,0.08747139831996721,3.5550832618719356e-05,6.027775454735014,7.9734274066330855,nan,0.34293277203691214,nan
64.77,203.1962127685547,-178.98007202148438,-10.614728927612305,204.19358093793002,-179.34004267301182,-10.625313427813364,1.0603934019451027,0.4813971185068862,0.08748531623922445,3.625954433097166e-05,6.081196202913048,8.194567485563788,nan,nan,nan
64.78,203.18753051757812,-178.9783935546875,-10.616850852966309,204.18515822801024,-179.3382665948884,-10.628265009991011,1.060613000422892,0.48144868841302324,0.08749929421553643,3.552288040213807e-05,6.662438787119623,8.566678730107437,nan,0.2803628941408899,nan
64.79,203.1788330078125,-178.97674560546875,-10.618931770324707,204.1767363428231,-179.3365239711812,-10.63054295348121,1.0608422870692327,0.48150034402306463,0.08751333239414133,3.6231415140895916e-05,6.719456115758646,8.715707076867847,nan,nan,nan
64.8,203.17015075683594,-178.97512817382812,-10.620970726013184,204.14771131047686,-179.32434678181693,-10.632158984434563,1.0381249680683424,0.48143493415825606,0.08750636446785072,3.547544882426248e-05,6.510065964533225,8.107434713386144,5.340027149676351,0.21935197290260264,nan
64.81,203.1614532470703,-178.97354125976562,-10.622970581054688,204.1392543299093,-179.32264630928924,-10.634350227313666,1.038315361319948,0.48148637071874273,0.08752043044966704,3.618297217546159e-05,6.563914705799613,8.200956514935335,nan,nan,nan
64.82000000000001,203.15277099609375,-178.9720001220703,-10.624929428100586,204.130797907424,-179.3209776374891,-10.636117346347815,1.0384830836700192,0.48153789276235165,0.08753455673614925,3.5451123387654e-05,6.519394713181164,8.109848258793521,nan,0.10197079733413063,nan
64.83,203.1440887451172,-178.97047424316406,-10.626850128173828,204.12234124833145,-179.31934037025516,-10.638227252182624,1.0386601819783163,0.4815895004364249,0.08754874347215783,3.6158558853452e-05,6.571482852960777,8.019451788461897,nan,nan,nan
64.84,203.13539123535156,-178.968994140625,-10.628731727600098,204.1138836579133,-179.31773400290885,-10.641293673909573,1.038857408430815,0.4816411938824835,0.08756299080189954,3.542851872124453e-05,7.449692600041519,9.094962907258349,nan,0.6809205768118519,nan
64.85,203.126708984375,-178.967529296875,-10.630577087402344,204.10412035023253,-179.32075342689367,-10.643271250618124,1.039356245911232,0.48157566659577733,0.08755608797295109,3.6113767026046544e-05,7.29254207867025,8.615981152143156,4.178582262879342,nan,nan
64.86,203.11801147460938,-178.96609497070312,-10.632384300231934,204.09566624236115,-179.31922899037545,-10.642202260669553,1.0395233874737313,0.48162714065321427,0.08757036263612983,3.5386308401933483e-05,5.557209531965578,7.018216513567927,nan,6.535723288721975,nan
64.87,203.1093292236328,-178.96470642089844,-10.634156227111816,204.08720890905738,-179.31773390192097,-10.644144156971672,1.0397003608088513,0.48167870026698933,0.08758469799241109,3.609280125091622e-05,5.600139206140979,6.9588664259287425,nan,nan,nan
64.88,203.1006317138672,-178.9633331298828,-10.635892868041992,204.07875317258083,-179.3162666559214,-10.64475521582664,1.0398856682378075,0.48173034557811006,0.08759909418620115,3.5366956299057655e-05,5.059769775546254,6.463418171756068,nan,1.1612358069839697,nan
64.89,203.09194946289062,-178.96197509765625,-10.637595176696777,204.0702959994691,-179.31482715857794,-10.646615563707204,1.04007109848971,0.4817820767347016,0.08761355136205949,3.60734685675601e-05,5.096799782679875,6.319249544989133,nan,nan,nan
64.9,203.083251953125,-178.96066284179688,-10.639262199401855,204.08146849247333,-179.3126188403916,-10.650631127547179,1.0585076933601112,0.48171643239484124,0.0876067096996352,3.532792865542475e-05,6.884984390751642,8.631380592524685,12.18358352926747,3.319898521657049,nan
64.91,203.07456970214844,-178.95936584472656,-10.640897750854492,204.07304255179443,-179.3112038705035,-10.65244738308856,1.058712152507728,0.48176794382483684,0.08762119371446034,3.6033617247891775e-05,6.931940873908347,8.383696162768308,nan,nan,nan
64.92,203.06588745117188,-178.95809936523438,-10.642498970031738,204.06461630464705,-179.30981483392537,-10.654549878762316,1.058918466210497,0.48181954087687384,0.08763573880679003,3.531158171748547e-05,7.346482842538661,8.850569606066516,nan,0.07015108764628102,nan
64.93,203.05718994140625,-178.9568634033203,-10.64406967163086,204.05619049017548,-179.30845131498376,-10.656306338278629,1.0591345014112872,0.4818712236995567,0.0876503451211252,3.601735626312601e-05,7.395420426114121,9.01162061497999,nan,nan,nan
64.94,203.0485076904297,-178.9556427001953,-10.645607948303223,204.0477675057632,-179.30711277763993,-10.655718597776271,1.0593175251604523,0.48192299243316145,0.08766501280196286,3.5296657004404476e-05,6.137873349819397,7.548722548032234,nan,3.7148505331949004,nan
64.95,203.03981018066406,-178.95445251464844,-10.647116661071777,204.02753454054974,-179.30045750260643,-10.65733420629245,1.046624699227816,0.4818572314164867,0.08765822831770981,3.598050054522953e-05,6.116830831136349,7.515575195475806,1.5362405870426699,nan,nan
64.96000000000001,203.0311279296875,-178.95327758789062,-10.64859390258789,204.019089853966,-179.29915741075013,-10.657891965911691,1.046798963348244,0.48190878008615745,0.08767292231881371,3.526191420277443e-05,5.67053215627363,6.894712539655809,nan,0.8178023432949448,nan
64.97,203.02243041992188,-178.95213317871094,-10.650042533874512,204.01064366446712,-179.2978806690445,-10.65949463407012,1.046993832820765,0.4819604144509527,0.08768767777818472,3.59670646295865e-05,5.706742934102177,7.067171607973721,nan,nan,nan
64.98,203.0137481689453,-178.95101928710938,-10.65146255493164,204.002199023517,-179.29662733005742,-10.659751970439268,1.0471622250937636,0.4820121346507169,0.08770249484027189,3.524965049291281e-05,5.176030323005036,6.413327410531296,nan,1.207395657582375,nan
64.99,203.0050506591797,-178.9499053955078,-10.652853965759277,203.9937524078113,-179.29539648727572,-10.661285796378063,1.047361608044589,0.4820639408347154,0.08771737364964775,3.595496375689539e-05,5.207395778041446,6.447816695339861,nan,nan,nan
65.0,202.99636840820312,-178.94883728027344,-10.654217720031738,203.988979192516,-179.3022131010073,-10.66195133243976,1.053665245025412,0.48199806350983254,0.08771064230029026,3.521749250047976e-05,4.7292200590101805,5.910171779327967,6.794485394024438,0.3892879170445354,nan
65.01,202.9876708984375,-178.94776916503906,-10.655553817749023,203.98053959313887,-179.30105903503835,-10.663422243727227,1.053880396102657,0.4820496492936316,0.08772554688732546,3.592211760839783e-05,4.757094141930175,5.987613271898519,nan,nan,nan
65.02,202.97897338867188,-178.94674682617188,-10.65686321258545,203.9721008527143,-179.29992658751846,-10.664130689845054,1.0540829758068841,0.48210132083579293,0.08774051330954726,3.5207665269549834e-05,4.537119441916926,5.8521997407357835,nan,0.37844276945215893,nan
65.03,202.9702911376953,-178.9457244873047,-10.658146858215332,203.96366097503102,-179.29881500863976,-10.66554299567156,1.054282340188962,0.48215307828595755,0.0877555417116555,3.5912501438622034e-05,4.562641178494901,5.640914537730534,nan,nan,nan
65.04,202.9615936279297,-178.94473266601562,-10.659404754638672,203.95522073973183,-179.29772404582144,-10.667029426398964,1.0544931897100756,0.4822049217833936,0.08777063223790928,3.51989884801112e-05,4.694039404796367,5.926115310218516,nan,0.006843663082590977,nan
65.05,202.95291137695312,-178.94375610351562,-10.660637855529785,203.92840551016744,-179.29018481074175,-10.668275349899169,1.0352101160856901,0.4821389285288739,0.08776394992852629,3.588206103747781e-05,4.5602878649044865,5.416254435928683,3.4979988607699135,nan,nan
65.06,202.9442138671875,-178.9427947998047,-10.661846160888672,203.91993620173332,-179.28912721428168,-10.66846271593083,1.0353859156129348,0.48219055129055316,0.08777906566618722,3.517027082840264e-05,4.181820189693751,5.129836098603869,nan,0.9252716950034969,nan
65.07000000000001,202.93551635742188,-178.94186401367188,-10.663030624389648,203.91146502307828,-179.28808847080265,-10.669765732654135,1.035563872677754,0.48224225988330527,0.08779424361264968,3.58747088723088e-05,4.204240658073897,5.173910678082776,nan,nan,nan
65.08,202.9268341064453,-178.94094848632812,-10.664191246032715,203.90299523327562,-179.28706907387632,-10.669741881422564,1.0357223644454887,0.48229405444608464,0.0878094839119909,3.516372283698508e-05,3.8183075197448897,4.658912898010495,nan,1.189255440350163,nan
65.09,202.9181365966797,-178.94004821777344,-10.665328979492188,203.8945233296103,-179.2860675558934,-10.670986730098429,1.0359017543849554,0.4823459351290158,0.08782478670918463,3.586842439359046e-05,3.837047671192795,4.766706961157224,nan,nan,nan
65.1,202.90943908691406,-178.9391632080078,-10.666443824768066,203.87252540647503,-179.2853890738566,-10.672343953046228,1.0234463447694484,0.482279826313748,0.08781814929549302,3.5137058435628385e-05,3.707394921927973,4.513392138892708,5.049761140032345,0.0022639729764382457,nan
65.11,202.9007568359375,-178.93829345703125,-10.667535781860352,203.86403116769293,-179.28444104743778,-10.673547598706495,1.023597447488468,0.4823314859264017,0.08783347671469091,3.58411656333293e-05,3.726423636472582,4.453837848352866,nan,nan,nan
65.12,202.89205932617188,-178.9374542236328,-10.668606758117676,203.85553694845404,-179.2835104893098,-10.674636782406479,1.0237579933000438,0.4823832314311909,0.08784886671179047,3.5132440718441635e-05,3.7549797034835226,4.567836906239445,nan,0.006112556974904918,nan
65.13,202.88336181640625,-178.93661499023438,-10.669655799865723,203.84704245788973,-179.28259694867396,-10.675797743037736,1.0239246152923678,0.4824350629784901,0.08786431943198274,3.5836845143625975e-05,3.774121133283214,4.561634535813225,nan,nan,nan
65.14,202.87466430664062,-178.93580627441406,-10.670684814453125,203.83854787846064,-179.2816999598096,-10.676869483299608,1.0240860470437858,0.4824869807068664,0.08787983501901814,3.512873271119446e-05,3.8121865111575044,4.596142478475128,nan,0.003339723894225962,nan
65.15,202.86598205566406,-178.9350128173828,-10.671692848205566,203.80019704964238,-179.27365884873925,-10.678085274853263,0.9937201077998836,0.4824207567115255,0.08787323831174401,3.58114746761619e-05,3.6076358880588346,4.1567965549597465,9.211557188637569,nan,nan
65.16,202.85728454589844,-178.93423461914062,-10.672680854797363,203.7916559873944,-179.27279900951743,-10.676934981602395,0.9938279200693237,0.48247245303589525,0.08788877790839018,3.510476647502725e-05,2.983233337499621,3.5767704895699906,nan,3.563838708094893,nan
65.17,202.8485870361328,-178.93336486816406,-10.67375659942627,203.78311141023815,-179.27190080108744,-10.678050733767058,0.9939621840226165,0.48252423532443633,0.08790438044968908,3.580892556415917e-05,2.982361870897907,3.593522864567566,nan,nan,nan
65.18,202.8398895263672,-178.93240356445312,-10.674918174743652,203.77456695122265,-179.27091300811696,-10.678961059368289,0.9940960099005193,0.4825761037155299,0.08792004607915532,3.510272089923188e-05,2.9327092312655734,3.570984081562541,nan,0.06058293326286639,nan
65.19,202.83119201660156,-178.9313507080078,-10.676166534423828,203.76602173235506,-179.26983627727344,-10.680249322757591,0.9942312342797395,0.4826280583598412,0.08793577494233612,3.5807210541798207e-05,2.9321830707749497,3.5493780562188135,nan,nan,nan
65.2,202.82249450683594,-178.93020629882812,-10.677499771118164,203.75200069214242,-179.27127783561096,-10.681913143216121,0.9901166696807415,0.48256171955406363,0.08792921470776237,3.5080347034899294e-05,2.883525832599247,3.4823087806921302,2.9871361907377167,0.09709633671108252,nan
65.21000000000001,202.81381225585938,-178.92898559570312,-10.678916931152344,203.74344635514143,-179.2700448118278,-10.683375116679407,0.990232711472273,0.4826134524616364,0.08794496694574556,3.578430360518796e-05,2.8829945526278937,3.4516832233193075,nan,nan,nan
65.22,202.80511474609375,-178.9276885986328,-10.680416107177734,203.7348901662006,-179.26872538594148,-10.686135078453782,0.9903641394785906,0.48266527139259247,0.08796078248954028,3.507979264064394e-05,3.2596193455239177,3.9061280518642687,nan,1.0350049565543633,nan
65.23,202.79641723632812,-178.92630004882812,-10.681998252868652,203.72633554959566,-179.26732216061936,-10.687776853389957,0.9904935851911787,0.48271717649772067,0.08797666148493524,3.578410229330003e-05,3.25995958029279,3.877744873179158,nan,nan,nan
65.24,202.7877197265625,-178.92481994628906,-10.683660507202148,203.71778003341203,-179.26583491714447,-10.689927006888938,0.990627404094434,0.48276916791520535,0.08799260407508039,3.5079940196193145e-05,3.445563183568512,4.096103967213044,nan,0.12758540586876904,nan
65.25,202.77902221679688,-178.9232635498047,-10.685403823852539,203.6760709788849,-179.25449144138648,-10.69189199113564,0.9562690489815401,0.48270271468160225,0.08798607604145453,3.576264073914465e-05,3.2906935893620584,3.867016078316812,10.672018704868915,nan,nan
65.26,202.77032470703125,-178.921630859375,-10.687225341796875,203.66746150660813,-179.2528371036663,-10.693586068198636,0.9563432815955614,0.4827544840304929,0.08800204134930996,3.505962830902052e-05,3.2668297127423322,3.8813733470037572,nan,0.028004774596569276,nan
65.27,202.76162719726562,-178.9199676513672,-10.689125061035156,203.6588516754991,-179.25113256327552,-10.69555759566,0.9564117004315128,0.4828063394738191,0.08801807032298165,3.576378905113963e-05,3.269437830146304,3.902217086700431,nan,nan,nan
65.28,202.75294494628906,-178.91831970214844,-10.691102981567383,203.65024466666222,-179.24942125389506,-10.695562674333324,0.9564491176274531,0.48285828114970075,0.08803416310538315,3.506103986534097e-05,2.679672043703946,3.2936120279607692,nan,2.943713920256775,nan
65.29,202.74424743652344,-178.91668701171875,-10.693157196044922,203.6416344460445,-179.24772067417607,-10.697670673296924,0.9565077636976864,0.4829103092090339,0.0880503198426612,3.5765572481000946e-05,2.6821722133966466,3.30852338116069,nan,nan,nan
65.3,202.7355499267578,-178.9150848388672,-10.695286750793457,203.60771270836753,-179.2419559012719,-10.699174815140694,0.9314116845451039,0.4828437419184464,0.08804381969841184,3.504193049267735e-05,2.3294802061007496,2.9946532148017733,7.772994379264163,0.3460765227851531,nan
65.31,202.7268524169922,-178.9134979248047,-10.697490692138672,203.5990608988768,-179.240315485313,-10.701429193517692,0.9314359159497535,0.4828955475782918,0.08805999847461984,3.5745966732719366e-05,2.3317206641760824,3.0408038744023065,nan,nan,nan
65.32000000000001,202.71815490722656,-178.91195678710938,-10.699769020080566,203.59041035834906,-179.2387045209461,-10.703099980194095,0.931453030955199,0.48294743939024803,0.08807624126988607,3.504446184656971e-05,2.2143715018708012,2.8984786730070082,nan,0.30577079016246594,nan
65.33,202.70947265625,-178.91043090820312,-10.702062606811523,203.5817590773472,-179.23712275959505,-10.705468853212128,0.9314627038754505,0.4829994175052209,0.0880925482305806,3.5748884139252815e-05,2.2218904269812665,2.977061689956025,nan,nan,nan
65.34,202.70077514648438,-178.90895080566406,-10.704340934753418,203.57310878596817,-179.23557139543047,-10.707317802402756,0.9314804614029254,0.4830514820613059,0.08810891949927847,3.504752035606527e-05,2.1501949744851845,2.852545798017734,nan,0.19122304382868527,nan
65.35,202.69207763671875,-178.90748596191406,-10.706589698791504,203.58809603126087,-179.2375500640973,-10.709545616512223,0.9548821981571548,0.48298480109811553,0.0881024429017338,3.573035386640372e-05,2.3500241226271026,3.007454430958634,7.571443980653707,nan,nan
65.36,202.68338012695312,-178.90606689453125,-10.708802223205566,203.5794832851135,-179.23604531258738,-10.712555024414709,0.9549349244659205,0.4830366429247748,0.0881188355090415,3.5029940977359663e-05,2.5080293472615094,3.1475394278864988,nan,0.34603249781374157,nan
65.37,202.6746826171875,-178.9046630859375,-10.710973739624023,203.57087191397704,-179.23456985530387,-10.714833176671911,0.9549914279239483,0.48308857097333296,0.08813529248867667,3.573426876647713e-05,2.523045748054761,3.178688840178195,nan,nan,nan
65.38,202.66600036621094,-178.90328979492188,-10.713104248046875,203.56225878420338,-179.23312133313007,-10.71835226460013,0.9550369297031625,0.48314058538192584,0.08815181398301035,3.503393158333686e-05,2.892440018316328,3.54346121382377,nan,1.1557780186503728,nan
65.39,202.6573028564453,-178.9019317626953,-10.715192794799805,203.55364752975566,-179.2317015667877,-10.720563230232173,0.9550972404104784,0.4831926863014076,0.08816840013872289,3.5738653554325014e-05,2.913324211672123,3.586130375705162,nan,nan,nan
65.4,202.6486053466797,-178.90061950683594,-10.717240333557129,203.5958389277586,-179.24998188697427,-10.7219910782661,1.009617798651933,0.4831258920380749,0.08816194270994589,3.501723305426721e-05,2.977767755746037,3.871490826928408,23.15560468457216,0.546807509860375,nan
65.41,202.63992309570312,-178.89932250976562,-10.719247817993164,203.5873126125429,-179.24864383575957,-10.724115886636639,1.009750456055536,0.4831777698991284,0.08817854948298505,3.572147740120172e-05,2.9970213084521653,3.830232409510961,nan,nan,nan
65.42,202.6312255859375,-178.89805603027344,-10.72121524810791,203.57878859207642,-179.2473331344398,-10.724733593489947,1.0098923332970182,0.4832297340384963,0.08819522097379492,3.502203721988204e-05,2.687716102491536,3.575687320230898,nan,1.5197754772628558,nan
65.43,202.62252807617188,-178.89682006835938,-10.723142623901367,203.57026239818532,-179.24604663527998,-10.726766230016707,1.0100359749467924,0.4832817846069481,0.08821195732923645,3.572668393656657e-05,2.7025368482124157,3.6003229431658266,nan,nan,nan
65.44,202.61383056640625,-178.89559936523438,-10.725032806396484,203.56173494817168,-179.2447842580033,-10.729606910294141,1.0101849972824835,0.4833339217427382,0.08822875869140541,3.502722522002304e-05,2.9328705989331674,3.810794841515026,nan,0.5044671327945218,nan
65.45,202.6051483154297,-178.8944091796875,-10.726884841918945,203.59097912745762,-179.25908609639933,-10.731663429778157,1.051130095862552,0.4832670145652761,0.08822231602906401,3.571028200483074e-05,3.1326520674487393,4.324816368103748,13.14622174463361,nan,nan
65.46000000000001,202.59645080566406,-178.8932342529297,-10.728699684143066,203.58251470294815,-179.25789690327835,-10.734499663737285,1.0513488944445033,0.48331892831466144,0.08823913726650633,3.501162296599878e-05,3.454776406342973,4.769471661464149,nan,0.577421769314481,nan
65.47,202.58775329589844,-178.89208984375,-10.730478286743164,203.5740516594931,-179.25673214440388,-10.736404557557298,1.0515624518503144,0.4833709284106522,0.08825602356820314,3.571619947833096e-05,3.478181850834031,4.756798298240285,nan,nan,nan
65.48,202.5790557861328,-178.89096069335938,-10.732221603393555,203.5655910471228,-179.25559205869595,-10.73674923937106,1.0517739078582244,0.4834230149916264,0.08827297507609609,3.501747363046184e-05,3.080988927548546,4.366498734208809,nan,1.6408373717762472,nan
65.49,202.57037353515625,-178.88986206054688,-10.733930587768555,203.55712820973008,-179.25447307933487,-10.738569673563616,1.0519731479139294,0.4834751882081754,0.08828999193728215,3.572245316094641e-05,3.098727061394983,4.242075743969881,nan,nan,nan
65.5,202.56167602539062,-178.8887939453125,-10.735605239868164,203.5519145064664,-179.2510338517393,-10.740616197547919,1.0544264359869895,0.4834081684910182,0.08828355960839115,3.500249359753054e-05,3.31020664471226,4.54065893068155,1.4770790420459563,0.07660488841888237,nan
65.51,202.552978515625,-178.88772583007812,-10.7372465133667,203.54345647773334,-179.24994548200542,-10.742372795892413,1.0546449395114728,0.4834601179941063,0.088300595582563,3.5707001740140654e-05,3.329591501327242,4.607740701494333,nan,nan,nan
65.52,202.54428100585938,-178.88668823242188,-10.73885440826416,203.53499889608656,-179.24887888734617,-10.743790694054827,1.05485941027613,0.48351215389918073,0.08831769695880522,3.500891185598073e-05,3.290650510627089,4.555078937351768,nan,0.06645543942724998,nan
65.53,202.5355987548828,-178.88568115234375,-10.74043083190918,203.52654070668322,-179.24783292035062,-10.745481105143634,1.0550570411917293,0.4835642763566762,0.08833486388434113,3.5713827121436096e-05,3.309781408549815,4.434531967400629,nan,nan,nan
65.54,202.5269012451172,-178.8846893310547,-10.741975784301758,203.51808248584766,-179.24680749628806,-10.747045752827722,1.0552703550033178,0.4836164855051991,0.08835209650091794,3.501559954127893e-05,3.330788125485938,4.555172387452341,nan,0.0063642822496569555,nan
65.55,202.51820373535156,-178.8837127685547,-10.743490219116211,203.46253277691903,-179.22798343555704,-10.748669130823927,1.0051400161333028,0.483549353635892,0.08834567005444845,3.569891100249882e-05,3.1234871883972652,3.9085319750033256,18.980156464139398,nan,nan
65.56,202.50950622558594,-178.88275146484375,-10.744974136352539,203.45399492968087,-179.22697281990938,-10.750564886891786,1.0052753403609094,0.4836013387449832,0.08836292100173962,3.500137146531371e-05,3.265620694200232,4.057737766256507,nan,0.0621728129330386,nan
65.57000000000001,202.50082397460938,-178.88182067871094,-10.746428489685059,203.44545725789916,-179.2259817952491,-10.752137954338721,1.0053912233664475,0.4836534103226782,0.0883802376907224,3.5706220338803484e-05,3.2860397283836367,4.009400089559384,nan,nan,nan
65.58,202.49212646484375,-178.88088989257812,-10.74785327911377,203.43691771338356,-179.22500858063745,-10.754876935341098,1.0055334437679797,0.48370556850776747,0.08839762026304604,3.5008508973708904e-05,3.7824817712612977,4.588070168636774,nan,1.0066758903253545,nan
65.59,202.48342895507812,-178.8800048828125,-10.749250411987305,203.42837953309453,-179.22405523605468,-10.756405639265092,1.005660697122544,0.48375781345041524,0.08841506886608586,3.571376067606142e-05,3.807718135572784,4.547617270071308,nan,nan,nan
65.6,202.4747314453125,-178.87911987304688,-10.750618934631348,203.42480569987094,-179.2142735539337,-10.756840957661453,1.0074759513543556,0.4836905698056512,0.08840864382508565,3.499470083411267e-05,3.762598695577677,4.546983973561048,10.990213062508063,0.9630976853951311,nan
65.61,202.46603393554688,-178.8782501220703,-10.751960754394531,203.4162746878786,-179.2133142661516,-10.758306101714023,1.0076039556658605,0.48374259038381345,0.08842610995706954,3.5699479180121063e-05,3.785198232784847,4.536438302052194,nan,nan,nan
65.62,202.45733642578125,-178.87741088867188,-10.753275871276855,203.40774433430371,-179.212372843734,-10.759228351896185,1.0077252283964127,0.48379469748509585,0.08844364216112907,3.500221384879415e-05,3.670992689161503,4.43370279844174,nan,0.18853287426723184,nan
65.63,202.4486541748047,-178.87657165527344,-10.75456428527832,203.3992130351744,-179.21144792323423,-10.76063675615321,1.00783983686558,0.48384689125945646,0.08846124058470951,3.570739654242761e-05,3.692083906298084,4.387755784470529,nan,nan,nan
65.64,202.43995666503906,-178.87576293945312,-10.755827903747559,203.3906814317437,-179.21053966257003,-10.7619820679133,1.0079637444387868,0.4838991718459897,0.08847890536935003,3.500990755590998e-05,3.7424350144332643,4.471004571685331,nan,0.0010245168995217475,nan
65.65,202.43125915527344,-178.87496948242188,-10.757065773010254,203.37833653626564,-179.2035354090711,-10.76324005028366,1.00247157338338,0.48383181681479,0.08847247724475873,3.56934662486232e-05,3.8403120049986685,4.540148840522278,2.7183830556338986,nan,nan
65.66,202.4225616455078,-178.87417602539062,-10.758278846740723,203.36979874922608,-179.20263936814038,-10.763999172947074,1.0025861660340318,0.4838838727129179,0.08849015873738487,3.499658580124592e-05,3.7083421336787503,4.373610370415989,nan,0.23212106950239045,nan
65.67,202.4138641357422,-178.8734130859375,-10.759467124938965,203.36125998385597,-179.20175857418135,-10.765302409385118,1.002698211436473,0.4839360151989904,0.088507906634765,3.570169296722694e-05,3.7285311231766336,4.428090704731044,nan,nan,nan
65.68,202.40516662597656,-178.87266540527344,-10.760632514953613,203.35272273347496,-179.2008946457183,-10.765252298101911,1.0028052420768814,0.48398824441232496,0.08852572107839526,3.500456611239392e-05,3.385906170576599,4.056555779840982,nan,1.2493203296325348,nan
65.69,202.39646911621094,-178.87193298339844,-10.761775016784668,203.34418328949573,-179.20004457795042,-10.766496645191213,1.0029165800300321,0.48404056050254934,0.08854360221579057,3.571007035096401e-05,3.401907955230814,4.05651187498474,nan,nan,nan
65.7,202.3877716064453,-178.87120056152344,-10.762893676757812,203.32883486886135,-179.19635382044171,-10.76653911024566,0.9956595777873106,0.4839730944640818,0.08853716649748122,3.4991510829260495e-05,3.1358239888170063,3.7811141681650504,0.6782524825788332,1.1159438613268373,nan
65.71000000000001,202.3790740966797,-178.87049865722656,-10.76399040222168,203.320283228574,-179.19552847768205,-10.767728952075291,0.9957574960308232,0.4840251855429051,0.08855506350314835,3.569653485165543e-05,3.148957098324485,3.820477131622932,nan,nan,nan
65.72,202.37037658691406,-178.86981201171875,-10.765066146850586,203.31569812881645,-179.19062505480994,-10.768869528427906,0.9982826713479312,0.4834169724903856,0.08787021424635202,3.499968146539117e-05,3.8835678054337133,4.532780928043136,nan,0.0005995274636654137,0.02382663475600012
65.73,202.36167907714844,-178.86912536621094,-10.766119003295898,203.30715000771625,-179.18981821965573,-10.77001719598575,0.9983858886751004,0.48346791694061486,0.0878850299815948,3.570510180132802e-05,3.897312963727634,4.547491257880814,nan,nan,nan
65.74,202.3529815673828,-178.86846923828125,-10.767151832580566,203.29860128336782,-179.18902520764894,-10.771212241438699,0.9984834819249203,0.4835189469575306,0.08789990538005941,3.500800740213399e-05,3.9448329025747575,4.6072419832119795,nan,0.003236099869767555,nan
65.75,202.3442840576172,-178.86781311035156,-10.768163681030273,203.29165594076832,-179.1921815195798,-10.772346478823733,1.0013719816771232,0.4834540136369661,0.08789294047494951,3.5691781747719795e-05,3.836839087083957,4.479233069237338,1.884427170245773,nan,nan
65.76,202.33558654785156,-178.86717224121094,-10.769155502319336,203.2830987068871,-179.19143830910855,-10.775352078009101,1.0014819877862242,0.4835048263471317,0.08790783875504633,3.499524170169449e-05,4.44507711841327,5.0812624467580605,nan,2.594357322193185,nan
65.77,202.32688903808594,-178.86654663085938,-10.770127296447754,203.2745522159524,-179.1907010383039,-10.776441284064045,1.001589459304217,0.48355572450152795,0.08792279684337297,3.570057022523817e-05,4.465825485417799,5.106752764095962,nan,nan,nan
65.78,202.3181915283203,-178.86582946777344,-10.771187782287598,203.26600762343298,-179.18992270959345,-10.777170094903397,1.001712317790027,0.4836067081530236,0.08793781484871131,3.500373316520816e-05,4.370632959581741,5.000012728465998,nan,0.11044377718945973,nan
65.79,202.3094940185547,-178.86502075195312,-10.772334098815918,203.25746056118658,-179.18905437303616,-10.778378884435027,1.001835761477309,0.48365777753620315,0.08795289295057171,3.570945007616061e-05,4.3705339776412675,5.03276351365735,nan,nan,nan
65.8,202.30079650878906,-178.86412048339844,-10.773567199707031,203.23944515177627,-179.17830011902223,-10.780058845406513,0.9898546660425975,0.4835927387350462,0.08794597728823438,3.4991121466803756e-05,4.768267368089583,5.447440135318312,7.7219073873104,0.048047973056478045,nan
65.81,202.29209899902344,-178.86312866210938,-10.774885177612305,203.23088266774465,-179.17721813392325,-10.781446653748342,0.9899545575081029,0.4836435905152026,0.08796107782089481,3.569634890475772e-05,4.769479191275429,5.452755533588328,nan,nan,nan
65.82000000000001,202.2834014892578,-178.862060546875,-10.776287078857422,203.22232717945937,-179.17604350677829,-10.781599885604011,0.9900479668913146,0.48369452772209354,0.08797623852055758,3.499973673323325e-05,4.369828299187737,5.101867254728404,nan,1.230803241238859,nan
65.83,202.2747039794922,-178.86090087890625,-10.777771949768066,203.21376444000225,-179.1747861988106,-10.783144934862989,0.9901451466899506,0.48374555058376484,0.08799145956382204,3.5705351997534674e-05,4.371660556355628,5.1042748214791205,nan,nan,nan
65.84,202.26600646972656,-178.85964965820312,-10.779338836669922,203.20520831937515,-179.173438651056,-10.78356358578643,0.9902431493951533,0.4837966591626612,0.0880067410637571,3.5008417809693704e-05,4.072471805695764,4.8028212571812805,nan,1.0335837693226755,nan
65.85,202.25729370117188,-178.85833740234375,-10.780987739562988,203.19175164662647,-179.16991135830366,-10.78528480314753,0.9850423577751295,0.48373151517071705,0.08799987093378078,3.569236607035055e-05,4.068612960690254,4.848570528084819,0.24240044095652585,nan,nan
65.86,202.24859619140625,-178.85699462890625,-10.782715797424316,203.18317833924104,-179.1684454992069,-10.787620201853798,0.985124098195417,0.4837824058535707,0.08801517439102206,3.499595161572592e-05,4.239349563068182,4.992206739203387,nan,0.2166454907520209,nan
65.87,202.23989868164062,-178.8556671142578,-10.784523963928223,203.1746078881804,-179.16696940656092,-10.789488046230547,0.9851979801524525,0.4838333821137366,0.08803053843528313,3.570145557489031e-05,4.244039825295302,5.016252372311401,nan,nan,nan
65.88,202.231201171875,-178.85435485839844,-10.786409378051758,203.16603083841636,-179.16550659017756,-10.792728021897057,0.9852724653084657,0.4838844440199215,0.0880459631823749,3.5004712010065794e-05,4.696399109415319,5.505761139394217,nan,1.1790978687327742,nan
65.89,202.22250366210938,-178.85305786132812,-10.788372993469238,203.1574604777962,-179.16405717666314,-10.794767309528511,0.9853454767826211,0.48393559179098233,0.08806144880485431,3.571059451117659e-05,4.702688111032245,5.478757133101931,nan,nan,nan
65.9,202.21380615234375,-178.85177612304688,-10.790413856506348,203.1227329218743,-179.15804622703004,-10.796626072866507,0.9591599661136878,0.4838703427318722,0.08805462037759643,3.4992320917851625e-05,4.2986366309077315,5.015701928584197,9.502516142607618,0.04138725342500917,nan
65.91,202.20510864257812,-178.85052490234375,-10.792530059814453,203.11411846939492,-179.1566529580594,-10.798817834775802,0.9591938218419225,0.4839212723103208,0.088070127458567,3.569770393073483e-05,4.304224308236057,5.044374918468924,nan,nan,nan
65.92,202.1964111328125,-178.84930419921875,-10.794720649719238,203.10550779242206,-179.15528144512706,-10.800345999938514,0.9592238821526408,0.48397228746277676,0.08808569548473126,3.500113085821365e-05,4.1019691026155956,4.875665190137372,nan,0.3865380817628229,nan
65.93,202.18771362304688,-178.8480987548828,-10.796985626220703,203.09689362052208,-179.15393618768698,-10.802682097748793,0.9592586996744573,0.4840233884021445,0.08810132462607972,3.570689179689554e-05,4.107446834814645,4.859609116900923,nan,nan,nan
65.94,202.17901611328125,-178.846923828125,-10.799267768859863,203.0882731467516,-179.1526188392045,-10.806418597031483,0.9592960580851577,0.4840745752058767,0.08811701500220931,3.500997332943104e-05,4.660282011497278,5.413126081093455,nan,1.2938348854913608,nan
65.95,202.17031860351562,-178.84576416015625,-10.801535606384277,203.0955850776008,-179.16019886760324,-10.80894125915679,0.977262542516724,0.4840092213534293,0.08811022445221367,3.56940490443821e-05,4.71284626314048,5.48304112221645,4.212940683506277,nan,nan
65.96000000000001,202.16162109375,-178.84463500976562,-10.803773880004883,203.08700436967746,-179.15894115539035,-10.809932510980639,0.9773231242937019,0.4840601896709368,0.08812593576580556,3.4997630150868596e-05,4.260955297123857,5.019969075655392,nan,1.3619642211680791,nan
65.97,202.15292358398438,-178.84353637695312,-10.805974960327148,203.0784173263005,-179.15771021663335,-10.812266545564688,0.9773860305173764,0.4841112436968532,0.08814170843073148,3.570326005133083e-05,4.2870372244592865,5.063071957215348,nan,nan,nan
65.98,202.14422607421875,-178.84243774414062,-10.808135986328125,203.06983266291164,-179.15650031584275,-10.814099903563967,0.9774550753280838,0.48416238351424856,0.0881575425689747,3.500649360920438e-05,4.194645545962465,4.96205835254962,nan,0.15165121456539232,nan
65.99,202.13552856445312,-178.84136962890625,-10.810256958007812,203.06124602174015,-179.1553135896733,-10.816352768946636,0.9775227772993634,0.48421360932776075,0.08817343834700216,3.571249236316828e-05,4.219674652379524,4.946590021303325,nan,nan,nan
66.0,202.1268310546875,-178.84033203125,-10.812335968017578,203.0686630339047,-179.15485514737858,-10.817289279688184,0.9929737171506233,0.4841481508199443,0.08816668174836395,3.499417317072943e-05,4.187998650022482,5.032520555316904,7.67188156231564,1.56277256682871,nan
66.01,202.11813354492188,-178.8393096923828,-10.814373970031738,203.0601040665084,-179.15369457195507,-10.819450932660965,0.9930619777189982,0.48419915785047746,0.08818259791834257,3.569966286351764e-05,4.210393546883369,5.037122902205328,nan,nan,nan
66.02,202.10943603515625,-178.8383026123047,-10.81637191772461,203.0515440206754,-179.15255498295673,-10.821786101806861,0.993152215034871,0.48425025059878546,0.08819857579638754,3.500303719087933e-05,4.327101576117502,5.124305460022977,nan,0.03210543144224442,nan
66.03,202.10073852539062,-178.8373260498047,-10.818329811096191,203.0429851415168,-179.15143496545807,-10.823870846334144,0.9932390445233545,0.4843014292642405,0.08821461554676083,3.5708895431714064e-05,4.351146884573832,5.157368044137998,nan,nan,nan
66.04,202.092041015625,-178.83636474609375,-10.820249557495117,203.0344264115076,-179.1503347426038,-10.825917089795219,0.9933274958460172,0.48435269396392605,0.08823071730410853,3.6429080821317507e-05,4.374541529683672,5.140349584311813,nan,nan,nan
66.05,202.08334350585938,-178.83541870117188,-10.82213020324707,203.03725363417539,-179.15850577818537,-10.827908063533137,1.0071559839004476,0.48428713106050514,0.08822399072849632,3.7139875589826356e-05,4.2593844881710945,5.075360906187942,4.586969837822161,nan,nan
66.06,202.07464599609375,-178.83448791503906,-10.823973655700684,203.02872025131998,-179.1574674941851,-10.828214042157384,1.0072693154802992,0.48433817665482903,0.0882401123004545,3.635761644502045e-05,3.8557726880358056,4.656042815531796,nan,1.812146459172112,nan
66.07000000000001,202.06594848632812,-178.83358764648438,-10.825779914855957,203.02017998882366,-179.15645209316997,-10.83013269736385,1.0073818332708004,0.48438930808882985,0.08825629597437504,3.709000282417711e-05,3.8731912296817415,4.680913430278854,nan,nan,nan
66.08,202.0572509765625,-178.83270263671875,-10.827550888061523,203.01165050010476,-179.1554486936257,-10.829398340049966,1.0074953502947426,0.48444052545434946,0.08827254187613189,3.6310441258642475e-05,3.4573595225424993,4.232374222892059,nan,4.4881968809339465,nan
66.09,202.04855346679688,-178.83181762695312,-10.829285621643066,203.00311027333848,-179.15446977437867,-10.831220453729957,1.0076144345573972,0.48449182894725346,0.08828885016832759,3.704155215302691e-05,3.4647022976394575,4.276825632098006,nan,nan,nan
66.1,202.03985595703125,-178.8309783935547,-10.830986976623535,202.9979003032148,-179.156664440716,-10.833370694893864,1.011892312789577,0.4844261617977198,0.08828214960332295,3.6241991798469416e-05,3.4707827240419173,4.275745457678509,0.6342066800754229,0.06962230151275377,nan
66.11,202.03115844726562,-178.83013916015625,-10.832653999328613,202.98936511998318,-179.15573043730416,-10.835129732958295,1.0120157294490297,0.48447724591666597,0.08829847712932734,3.697097783330106e-05,3.4803106486830337,4.306581616725734,nan,nan,nan
66.12,202.0224609375,-178.82931518554688,-10.8342866897583,202.98082994091249,-179.15481324725144,-10.836856835857983,1.0121396842957218,0.4845284158920175,0.08831486711043905,3.6197638337118846e-05,3.4974628261770206,4.359621571734045,nan,2.3710660353575302e-07,nan
66.13,202.01376342773438,-178.82850646972656,-10.835887908935547,202.97229480233693,-179.15391272383485,-10.83855153816777,1.0122641558560408,0.48457967191450696,0.0883313197072032,3.692549296290748e-05,3.507495864991073,4.3469371202330525,nan,nan,nan
66.14,202.00506591796875,-178.82772827148438,-10.837456703186035,202.96376549100168,-179.15302517931087,-10.83868091360187,1.0123855235364376,0.48463101408356263,0.08834783504853977,3.6154683598999205e-05,3.357705582537971,4.208629453653438,nan,1.555773109656412,nan
66.15,201.99636840820312,-178.8269500732422,-10.838994979858398,202.96388092550947,-179.15449816003985,-10.840320712908001,1.0214548339879699,0.4845652429393725,0.08834115647623782,3.6858110645058415e-05,3.4512540855089537,4.352519038572306,0.730491145071103,nan,nan
66.16,201.9876708984375,-178.82620239257812,-10.84050178527832,202.95535575271828,-179.15364824340864,-10.843055194912042,1.0215876283174556,0.4846163654400215,0.08835769043928912,3.609074459211962e-05,3.5852573377834775,4.48924674372821,nan,0.8714220693154999,nan
66.17,201.97897338867188,-178.82545471191406,-10.841979026794434,202.94683449460226,-179.15281099632654,-10.844625316763988,1.0217261179825665,0.48466757390708676,0.08837428723960349,3.681561788235388e-05,3.595244017665845,4.500768771795571,nan,nan,nan
66.18,201.9702606201172,-178.82472229003906,-10.843426704406738,202.93831524366905,-179.15198714633345,-10.845469915240326,1.0218787672987641,0.4847188684446541,0.08839094700794545,3.605066476863592e-05,3.52155062427234,4.484950237243119,nan,0.3227434929747521,nan
66.19,201.96156311035156,-178.8240203857422,-10.844844818115234,202.92979308683942,-179.15117944091102,-10.846976161344932,1.0220111923910684,0.484770249236567,0.0884076699021279,3.6774599287278416e-05,3.530272821015349,4.441245618588574,nan,nan,nan
66.2,201.95286560058594,-178.8233184814453,-10.846235275268555,202.92574065303018,-179.15089484894466,-10.847436122351366,1.0265444881962795,0.48470437425776913,0.08840100923408412,3.598977717095351e-05,3.52171344195237,4.456479902506032,0.34543748743999264,0.7323270390878281,nan
66.21000000000001,201.9441680908203,-178.8226318359375,-10.8475980758667,202.91722582926752,-179.15011286312256,-10.84887758388933,1.0266873052000594,0.48475553508431385,0.0884177501150553,3.671192875298605e-05,3.5268694301288583,4.4584330380228145,nan,nan,nan
66.22,201.9354705810547,-178.82196044921875,-10.848933219909668,202.90871416487354,-179.1493427189685,-10.849303854739725,1.0268312234058987,0.4848067819044477,0.0884345541837488,3.595256587045888e-05,3.4867605507899353,4.431893293748388,nan,0.6533364909141502,nan
66.23,201.92677307128906,-178.82130432128906,-10.850242614746094,202.90019887503277,-179.14858804893166,-10.850683047899434,1.0269725545286397,0.4848581148978074,0.08845142159633304,3.6673904538067264e-05,3.488939311081558,4.417612641544646,nan,nan,nan
66.24,201.91807556152344,-178.82066345214844,-10.85152530670166,202.8916904954508,-179.1478425847121,-10.849895524813283,1.027119701174356,0.4849095341747073,0.08846835248601025,3.591676249604831e-05,3.558367544668701,4.514946845367828,nan,3.071869696635287,nan
66.25,201.9093780517578,-178.82003784179688,-10.852782249450684,202.88927514868854,-179.14883734065384,-10.85108214518306,1.033590983598629,0.4848435556019368,0.08846170562503237,3.661437871671057e-05,3.625224217548043,4.618065720069292,0.9835433883894943,nan,nan
66.26,201.9006805419922,-178.8194122314453,-10.85401439666748,202.88076880880388,-179.14812271100502,-10.852679048848225,1.0337433788267343,0.48489475461863657,0.08847865384590395,3.5860333074099306e-05,3.5964797203902554,4.625449297346746,nan,0.06667400761729605,nan
66.27,201.89198303222656,-178.8188018798828,-10.85522174835205,202.8722634724116,-179.14741990787522,-10.853940531580413,1.033896122077737,0.48494603972695033,0.08849566562512252,3.657931244102345e-05,3.5921952135766935,4.637830308584667,nan,nan,nan
66.28,201.88327026367188,-178.81820678710938,-10.856405258178711,202.86375609528994,-179.1467304099524,-10.855774537231603,1.0340602664151606,0.48499741104097477,0.08851274109734826,3.582736003207909e-05,3.559394854399854,4.672203519283966,nan,0.23899521779103827,nan
66.29,201.87457275390625,-178.817626953125,-10.857564926147461,202.85525048526486,-179.14605176970315,-10.856995858859968,1.0342108086674788,0.4850488687347424,0.08852988041658742,3.6545691721729114e-05,3.5579238089107688,4.620970745226369,nan,nan,nan
66.3,201.86587524414062,-178.8170623779297,-10.858701705932617,202.85789269106496,-179.1423570516622,-10.857805877136222,1.0439904416565575,0.48498278673945056,0.08852324320909764,3.57738734037518e-05,3.935056413303759,5.0554500598278675,6.553771721071109,0.07961175143493007,nan
66.31,201.857177734375,-178.81649780273438,-10.85981559753418,202.8494064593872,-179.14167649355005,-10.858978558115146,1.0441550288797847,0.48503402387618466,0.08854039918201426,3.649071456869922e-05,3.9331199632748546,5.0591634104180265,nan,nan,nan
66.32000000000001,201.84848022460938,-178.81594848632812,-10.860907554626465,202.84092118916135,-179.14100661350741,-10.859776357419115,1.0443194596354521,0.485085347139977,0.08855761906012366,3.5743673634282836e-05,3.9511601142941695,5.07808601500496,nan,0.0844433671295194,nan
66.33,201.83978271484375,-178.81541442871094,-10.861977577209473,202.83243474228044,-179.14034851200594,-10.860902843005642,1.0444813838046838,0.4851367567014756,0.08857490299614774,3.6459974385752345e-05,3.94862878895888,5.08614590641332,nan,nan,nan
66.34,201.83106994628906,-178.8148956298828,-10.86302661895752,202.82395203982156,-179.13969908792936,-10.860629910528134,1.0446616113497094,0.48518825267979704,0.08859225112665306,3.5714825571640385e-05,4.079859821316359,5.303098287398703,nan,1.2879636782769432,nan
66.35,201.82237243652344,-178.8143768310547,-10.864053726196289,202.80579408486304,-179.12900939836823,-10.86173807975102,1.0325294925839865,0.48512206749434317,0.08858561940802376,3.640796921809294e-05,4.297100736614133,5.420332820176463,5.576773807279635,nan,nan
66.36,201.8136749267578,-178.81387329101562,-10.86506175994873,202.79729267710778,-179.12835091584094,-10.862580777428073,1.032669458536256,0.4851733426205381,0.08860298349454619,3.566556152977626e-05,4.324515239316883,5.4277494445313605,nan,0.029999895697555942,nan
66.37,201.8049774169922,-178.81336975097656,-10.866048812866211,202.7887902105177,-179.12770279525773,-10.863612125290759,1.0328111215889806,0.4852247039618923,0.0886204118463023,3.638002977168308e-05,4.316761186405972,5.437667106833155,nan,nan,nan
66.38,201.7962646484375,-178.81288146972656,-10.867015838623047,202.78028255378496,-179.1270672873677,-10.86640507231119,1.0329590210103787,0.4852761516405368,0.08863790460098293,3.56393850700048e-05,4.16619737034833,5.389763209140322,nan,2.157759854759626,nan
66.39,201.78756713867188,-178.81231689453125,-10.868071556091309,202.77177948443583,-179.12638756492552,-10.867470107288634,1.0331092339616115,0.4853276858226463,0.08865546190964055,3.635345095319225e-05,4.165908061512967,5.363006110856429,nan,nan,nan
66.4,201.77886962890625,-178.8116455078125,-10.869214057922363,202.74437204597373,-179.1164022701807,-10.867551490274348,1.0124595625028652,0.48526139762823134,0.08864883147106582,3.559285615092196e-05,4.2235156166105146,5.347574344400098,3.7418589157033875,0.8261119460612254,nan
66.41,201.77017211914062,-178.81088256835938,-10.870442390441895,202.73583790530813,-179.11551940715444,-10.868781914859301,1.0125792666772888,0.4853127106615717,0.08866640401705307,3.6305675538018386e-05,4.221408861277188,5.37517591388369,nan,nan,nan
66.42,201.76145935058594,-178.81002807617188,-10.871755599975586,202.72730375799566,-179.11454554638084,-10.870120403952452,1.0127136726899328,0.4853641099518735,0.08868404117071402,3.5569260383894945e-05,4.220555854142287,5.459852648931062,nan,0.00032131770040551267,nan
66.43,201.7527618408203,-178.80908203125,-10.873153686523438,202.71876967767983,-179.113481896383,-10.87152300707836,1.0128341808422792,0.48541559566264086,0.08870174308212421,3.6281766765758695e-05,4.218140899783382,5.40589192539715,nan,nan,nan
66.44,201.7440643310547,-178.80809020996094,-10.874634742736816,202.71023747692598,-179.11234685773596,-10.872270193168097,1.0129502685782703,0.48546716791997213,0.08871950989042648,3.554691586236077e-05,4.302700482932524,5.534134869917574,nan,0.37457401317642347,nan
66.45,201.7353515625,-178.80706787109375,-10.87619686126709,202.7105338042226,-179.10011593792956,-10.87382006541839,1.018264809961442,0.48540077694294553,0.08871287651135959,3.623670857389299e-05,5.059841942150071,6.514937361389375,20.888038233937944,nan,nan
66.46000000000001,201.72665405273438,-178.80606079101562,-10.877840995788574,202.7020151449715,-179.09888734512614,-10.876259551674842,1.0183708322648217,0.4854521277562773,0.08873065781872704,3.5504253201612134e-05,4.978079363490581,6.438978855442809,nan,0.43218573892770623,nan
66.47,201.71795654296875,-178.80506896972656,-10.879565238952637,202.6934983964618,-179.09766440246253,-10.877994831995037,1.0184775212799728,0.4855035649065479,0.0887485040840485,3.6215362477739865e-05,4.979833572602115,6.50509253808254,nan,nan,nan
66.48,201.70924377441406,-178.80409240722656,-10.881369590759277,202.68498281440435,-179.09645405768487,-10.879302336940055,1.0186001582359117,0.4855550885222103,0.08876641544730926,3.548434702976987e-05,5.036723694525962,6.637380100674389,nan,0.17766494831367158,nan
66.49,201.70054626464844,-178.80313110351562,-10.883252143859863,202.67646616589474,-179.09526050995845,-10.881193441932407,1.01870676939483,0.4856066987632691,0.08878439205733228,3.619525569024964e-05,5.037461782629654,6.594453256247653,nan,nan,nan
66.5,201.6918487548828,-178.80218505859375,-10.885211944580078,202.66298106482182,-179.07789096256076,-10.883016625312946,1.0095130154269554,0.485540205193172,0.0887777514835511,3.5444150150084906e-05,5.823921375234018,7.662647021859689,20.672128844889507,0.021549840935954905,nan
66.51,201.68313598632812,-178.80125427246094,-10.887248039245605,202.65445879212854,-179.07667184840972,-10.885063812047868,1.0096175538578644,0.48559159369384475,0.08879574183422734,3.615401114544965e-05,5.826344820319822,7.753201972177539,nan,nan,nan
66.52,201.6744384765625,-178.8003387451172,-10.889360427856445,202.6459355904674,-179.07547155922992,-10.887634078467137,1.009706733665442,0.4856430685779674,0.08881379748023252,3.542657114523025e-05,5.784288488361464,7.631062800630927,nan,0.13681338547827143,nan
66.53,201.66574096679688,-178.79945373535156,-10.891548156738281,202.63741335690133,-179.0742889851763,-10.889839707255051,1.0097943191745433,0.48569463000348106,0.08883191856966957,3.613630433390691e-05,5.787371747824512,7.767799801406303,nan,nan,nan
66.54,201.6570281982422,-178.79856872558594,-10.89380931854248,202.62888942838353,-179.07312520909073,-10.892969575329861,1.0098991130083375,0.4857462781019091,0.08885010524359556,3.5410115852141955e-05,5.732294022969181,7.6633524973680744,nan,0.49669623980566213,nan
66.55,201.64833068847656,-178.79771423339844,-10.896087646484375,202.64627578230224,-179.0775184137565,-10.895244283335394,1.0364292068916203,0.4856796821610625,0.08884345320978483,3.609747496923113e-05,6.164132802253723,8.306973781922807,6.992184929041875,nan,nan
66.56,201.63963317871094,-178.796875,-10.898351669311523,202.6377951222817,-179.07638580362888,-10.898849124913466,1.0365586343281676,0.48573110822386034,0.08886165284697929,3.537335845209747e-05,6.158487035467919,8.285060421642596,nan,1.1101309228386695,nan
66.57000000000001,201.6309356689453,-178.79605102539062,-10.90058708190918,202.6293169694845,-179.07526881601686,-10.901178285334536,1.0366909594425995,0.48578262074350087,0.08887991812072558,3.6082045762746116e-05,6.168081866800935,8.248996494260867,nan,nan,nan
66.58,201.62222290039062,-178.79525756835938,-10.902785301208496,202.6208390063255,-179.0741684640725,-10.903489806262485,1.0368345630366473,0.48583421985330627,0.08889824917269049,3.535906552809494e-05,6.180562583961218,8.52896256822853,nan,0.00014188685733637293,nan
66.59,201.613525390625,-178.79446411132812,-10.90494441986084,202.6123611652073,-179.07308427874406,-10.905749865405054,1.0369680568941417,0.4858859057085402,0.08891664615006911,3.6067714085466185e-05,6.191172683493743,8.22700706881319,nan,nan,nan
66.6,201.60482788085938,-178.79368591308594,-10.907061576843262,202.62718531550803,-179.07815921772874,-10.908845937575256,1.061198835835677,0.4858192075936567,0.08890997836627401,3.532447254984545e-05,6.59539884664785,8.879735327031154,5.07405156219973,0.4636360513860314,nan
66.61,201.59613037109375,-178.7929229736328,-10.909138679504395,202.61874683950924,-179.07710805200443,-10.91103564442338,1.061371376436901,0.4858706711171978,0.088928387510252,3.603223151216669e-05,6.612480983752583,8.82214760811617,nan,nan,nan
66.62,201.58743286132812,-178.79217529296875,-10.911173820495605,202.61030910056138,-179.07607182739633,-10.912725946452245,1.0615439002429177,0.48592222114741,0.08894686262255898,3.5312221235476326e-05,6.588115790945262,8.8255297244379,nan,0.14624485150092761,nan
66.63,201.57872009277344,-178.7914581298828,-10.913168907165527,202.60187059682298,-179.0750509328923,-10.914831471254328,1.0617271758672089,0.48597385783799957,0.08896540384987957,3.601999947722415e-05,6.605264543665965,9.125136673883837,nan,nan,nan
66.64,201.5700225830078,-178.79074096679688,-10.915124893188477,202.59343030287826,-179.07404548049306,-10.917946417041106,1.0619005459871984,0.48602558132460977,0.08898401133464157,3.530095261053888e-05,6.761267209825413,8.958850470928047,nan,0.7625355487919653,nan
66.65,201.5613250732422,-178.7900390625,-10.917040824890137,202.62781786174673,-179.0868267018139,-10.919925863092312,1.1070221742255866,0.4859587812556872,0.08897732350154111,3.5986609906701265e-05,7.224126982403317,9.917690505861136,15.715710288306193,nan,nan
66.66,201.55262756347656,-178.7893524169922,-10.918919563293457,202.61945352299563,-179.0858604860682,-10.920514061318693,1.1072656435358768,0.4860102821154692,0.08899594233789816,3.526934130196191e-05,7.073281875359995,9.71395190497747,nan,1.3856694410889006,nan
66.67,201.54391479492188,-178.78868103027344,-10.920760154724121,202.61108680808184,-179.08490921606128,-10.922463254337227,1.1075243312340057,0.4860618695500209,0.08901462747534022,3.597634988342495e-05,7.090673881252901,9.936463700777868,nan,nan,nan
66.68,201.53521728515625,-178.78802490234375,-10.922564506530762,202.60271749168896,-179.08397258434002,-10.925915626329846,1.107769358409167,0.4861135436963256,0.08903337905671722,3.5259941198542954e-05,7.336969483258903,9.977042029911058,nan,1.648162190471824,nan
66.69,201.52651977539062,-178.78736877441406,-10.924332618713379,202.59435057701796,-179.08304815939454,-10.927808556704099,1.1080166974154448,0.4861653047060918,0.08905219722808434,3.596703755320121e-05,7.361921911634347,9.885405501165408,nan,nan,nan
66.7,201.517822265625,-178.7867431640625,-10.926065444946289,202.63479675024155,-179.10584083021737,-10.929641757844161,1.1616660922329771,0.4762320931861511,0.08292842431384548,3.523014827924478e-05,8.602301878615195,11.649173693541533,7.10142439347404,0.0016303754355412661,0.10599207140876502
66.71000000000001,201.50912475585938,-178.78611755371094,-10.927763938903809,202.6264526349014,-179.1049395441638,-10.931466186383966,1.1619306164815877,0.47628736902733926,0.08293772489407891,3.593647665023895e-05,8.632060429095546,11.50854582696308,nan,nan,nan
66.72,201.5004119873047,-178.78550720214844,-10.929429054260254,202.61812661140232,-179.1040674880299,-10.934465662335203,1.1622357781807806,0.4763427304654217,0.08294708441891088,3.5222495795712024e-05,8.982925178786164,12.023798283624188,nan,1.0177953325872726,nan
66.73,201.49171447753906,-178.784912109375,-10.931059837341309,202.60978221028202,-179.10319129046644,-10.936236023213706,1.1624989828027386,0.4763981782945978,0.08295650356837934,3.5928957200529524e-05,9.02005852856071,11.900598520017539,nan,nan,nan
66.74,201.48301696777344,-178.78433227539062,-10.932659149169922,202.60143775112786,-179.10232721220888,-10.937974386989469,1.1627614029689173,0.4764537123344337,0.0829659822194493,3.664973224460313e-05,9.056970902531928,11.894196678269012,nan,nan,nan
66.75,201.4743194580078,-178.78375244140625,-10.934226036071777,202.6152342902677,-179.11026645235324,-10.939686073914913,1.186729904328923,0.4763751107536465,0.08295724645631085,3.736106646888873e-05,9.23430711011017,12.310694412317957,4.32831234946678,nan,nan
66.76,201.4656219482422,-178.783203125,-10.935761451721191,202.60693449322068,-179.1094464642233,-10.941892825035515,1.187041126267988,0.47643040661799035,0.08296677506244772,3.6561767221412985e-05,9.477068371660742,12.706800948234633,nan,0.1815038800533828,nan
66.77,201.4569091796875,-178.78265380859375,-10.93726634979248,202.59862685299044,-179.10863101077064,-10.943544701298682,1.1873583282097169,0.4764857887974214,0.08297636354872048,3.7294508733734324e-05,9.517789387498587,12.808039588814594,nan,nan,nan
66.78,201.44821166992188,-178.7821044921875,-10.938741683959961,202.59031740763592,-179.1078252179669,-10.945053510307517,1.1876612928244534,0.4765412567908167,0.08298601153599333,3.649905159214675e-05,9.56279353518146,12.49497151875591,nan,0.00839041801602189,nan
66.79,201.43951416015625,-178.78158569335938,-10.940187454223633,202.58200938951742,-179.10703191380364,-10.94664633025311,1.1879614087141306,0.47659681137602106,0.08299571968113081,3.723031817671713e-05,9.60369830334922,12.67790850005671,nan,nan,nan
66.8,201.43081665039062,-178.78106689453125,-10.941604614257812,202.6005490461547,-179.11920606836412,-10.94802669870461,1.2176424851938168,0.47651814040187784,0.08298715349109298,3.6415948405921684e-05,9.610173423012135,13.030335384668517,10.168847456238344,0.0011700723821695747,nan
66.81,201.42210388183594,-178.7805633544922,-10.9429931640625,202.59228972733388,-179.1184631413116,-10.949560693357164,1.218012443030598,0.47657345672672335,0.08299691146984804,3.714491192334356e-05,9.65032035732501,13.338192501010607,nan,nan,nan
66.82000000000001,201.4134063720703,-178.78005981445312,-10.944354057312012,202.58400853469456,-179.1177109375517,-10.949492686396516,1.2183366158739382,0.4766288588081077,0.08300672922365936,3.635779926580804e-05,9.225414507742368,12.558330579911425,nan,1.6208038437141306,nan
66.83,201.4047088623047,-178.77957153320312,-10.945687294006348,202.5757491199358,-179.11698816840502,-10.95095772640602,1.218693172279801,0.47668434737726567,0.08301660736532523,3.708547143164229e-05,9.258510279729638,12.622250740783189,nan,nan,nan
66.84,201.39599609375,-178.7790985107422,-10.94699478149414,202.56747823773102,-179.116265065402,-10.951559498401691,1.2190457480701795,0.4767399220034422,0.0830265455813965,3.630186091932723e-05,9.094743668382765,12.684465427465847,nan,0.45963917923069336,nan
66.85,201.38729858398438,-178.77862548828125,-10.948275566101074,202.54257509454783,-179.1083236216854,-10.953033674578652,1.201410552070413,0.4766611829899417,0.08301814495980926,3.7004984319740096e-05,9.110890422865298,12.115098908974657,3.051134448335415,nan,nan
66.86,201.37860107421875,-178.77816772460938,-10.949530601501465,202.53428642439235,-179.1076160215371,-10.954415982963095,1.2017356930317398,0.47671651922805575,0.08302813281627473,3.7745011051368105e-05,9.141687884797594,12.170015144761226,nan,nan,nan
66.87,201.36990356445312,-178.77772521972656,-10.950761795043945,202.52599757533875,-179.10691771760784,-10.955773987964664,1.2020591436134918,0.47677194157916214,0.08303818107485131,3.849966450287579e-05,9.17254566924187,12.177022734492578,nan,nan,nan
66.88,201.36119079589844,-178.77728271484375,-10.951967239379883,202.51770571603575,-179.10622589344314,-10.956888750926602,1.202395357826695,0.476827449905914,0.08304828965901076,3.7627321780683287e-05,9.17413590778513,12.35517971034143,nan,0.02934139578537043,nan
66.89,201.3524932861328,-178.77684020996094,-10.95314884185791,202.50941667226755,-179.10554544427174,-10.958197586437539,1.2027237181791224,0.4768830449166402,0.08305845915494303,3.837902232480775e-05,9.203610282598436,12.075930643286137,nan,nan,nan
66.9,201.3437957763672,-178.77642822265625,-10.954307556152344,202.5465968065206,-179.1088691128611,-10.958231125160273,1.2479033047524382,0.47680423802491123,0.08305021906739189,3.748996013121942e-05,10.42316518213729,14.27589231718822,33.6538423138472,0.7424709145818539,nan
66.91,201.3350830078125,-178.7760009765625,-10.955442428588867,202.53836110932508,-179.1081587227798,-10.959481155258846,1.2482881355139868,0.4768595939605967,0.08306043753431838,3.8237921921147875e-05,10.45303717866613,14.31834329887987,nan,nan,nan
66.92,201.32638549804688,-178.77560424804688,-10.956555366516113,202.5301383795938,-179.10746826081814,-10.961756390589304,1.2486720039532395,0.4769150358141083,0.0830707165928652,3.738071940508787e-05,10.765240393081188,14.549609894027746,nan,0.6766523695409553,nan
66.93,201.3176727294922,-178.77520751953125,-10.957645416259766,202.52190239851657,-179.1067744097302,-10.962973629899956,1.24905327680423,0.47697056424548073,0.08308105678602577,3.8126065871090795e-05,10.801123331332896,14.75507118253265,nan,nan,nan
66.94,201.30897521972656,-178.77481079101562,-10.95871353149414,202.51367154889851,-179.10609314525155,-10.964585755127045,1.2494301608168692,0.47702617889532856,0.08309145786982704,3.727552209586476e-05,10.99503123282279,14.589049041753258,nan,0.10729601546034256,nan
66.95,201.30027770996094,-178.77442932128906,-10.959761619567871,202.49102049912827,-179.0972265866152,-10.96576032063814,1.233735161560435,0.47694730539100577,0.0830833740751847,3.799400603727674e-05,11.180535818982156,14.538949790023294,3.943722565861671,nan,nan
66.96000000000001,201.29156494140625,-178.7740478515625,-10.960787773132324,202.48274455267025,-179.0965241137672,-10.965941444255192,1.2340690281757436,0.47700268057587714,0.08309382366671059,3.715098325809717e-05,10.962878655400331,14.48176159304899,nan,0.5989706930207126,nan
66.97,201.28286743164062,-178.773681640625,-10.961793899536133,202.47448029984065,-179.09583940880037,-10.967072040031507,1.2344045989960974,0.4770581422334686,0.08310433461358455,3.789061603724482e-05,10.997654784301906,14.313607421481079,nan,nan,nan
66.98,201.27415466308594,-178.77333068847656,-10.96277904510498,202.46622873719062,-179.0951733697602,-10.96928141701731,1.2347734976459703,0.47711369004872833,0.0831149067108932,3.7053804834326455e-05,11.419142954634582,15.079080554185584,nan,0.7576478393129443,nan
66.99,201.2654571533203,-178.77297973632812,-10.9637451171875,202.45796399363866,-179.09450316769048,-10.970384924663662,1.2351088891933304,0.4771693246148377,0.08312554044332869,3.7791270440569974e-05,11.458937395413237,14.736433537273715,nan,nan,nan
67.0,201.25674438476562,-178.77252197265625,-10.964799880981445,202.45240737795746,-179.09789934977135,-10.97128010853535,1.2391619846395807,0.47709038473224596,0.08311760783242819,3.6937463531242966e-05,11.206535348563618,14.605376925084885,2.335024690255479,0.010436489828530742,nan
67.01,201.248046875,-178.77198791503906,-10.965941429138184,202.4441515029359,-179.09710823772213,-10.972503774079948,1.2395211049281791,0.4771457794259332,0.08312828956207834,3.76719729902139e-05,11.222154075737786,14.54648535794469,nan,nan,nan
67.02,201.23934936523438,-178.7713623046875,-10.967167854309082,202.43587104790703,-179.09620629215394,-10.971675368252694,1.2398419540331922,0.47720126021438486,0.0831390326966492,3.6847983755614474e-05,10.639492848162941,13.92084519054379,nan,2.9101521357739295,nan
67.03,201.2306365966797,-178.77069091796875,-10.968480110168457,202.4276148069633,-179.0952647322193,-10.973052039257242,1.2402120380509616,0.4772568276501983,0.08314983768561776,3.7580603100393305e-05,10.655198452014105,14.056186429326216,nan,nan,nan
67.04,201.22193908691406,-178.77001953125,-10.969877243041992,202.41937714267183,-179.09431580381744,-10.976183775308437,1.2405908842673776,0.47731248147952593,0.08316070437666387,3.67621808808447e-05,11.193071773921625,14.425135886348896,nan,1.7800838436257376,nan
67.05,201.21322631835938,-178.76934814453125,-10.971356391906738,202.4225209223477,-179.09799260403463,-10.977600065072822,1.253171817211094,0.4772334763560601,0.08315291845978692,3.746941467544621e-05,11.241137611185723,14.951869696503751,2.107744798674589,nan,nan
67.06,201.20452880859375,-178.7686767578125,-10.972918510437012,202.4142767691614,-179.09702881418858,-10.978596657136416,1.2535299926104424,0.47728888992982954,0.08316383262843204,3.665737269336752e-05,11.09247856089155,14.442035199299154,nan,0.2695155076710365,nan
67.07000000000001,201.19581604003906,-178.7680206298828,-10.974560737609863,202.4060396678386,-179.0960798546409,-10.980317271490629,1.253912764874599,0.47734439004827456,0.08317480886841692,3.7385666434170065e-05,11.112604222116191,14.787045454223247,nan,nan,nan
67.08,201.18711853027344,-178.7673797607422,-10.97628402709961,202.3978126636696,-179.0951504837798,-10.983081710266086,1.2542966714525505,0.4773999764946074,0.08318584705908563,3.657878452836754e-05,11.502424187222939,14.922691325843168,nan,0.597123103212097,nan
67.09,201.17840576171875,-178.76675415039062,-10.978087425231934,202.3895753052704,-179.0942241407254,-10.984974610992362,1.2546775247547335,0.47745564976555777,0.08319694760262289,3.730555210316902e-05,11.524375754258397,15.188226671883228,nan,nan,nan
67.1,201.16970825195312,-178.76612854003906,-10.979968070983887,202.3876545056859,-179.09339695903986,-10.984477580260519,1.261157417109738,0.4773765797205294,0.08318930321515629,3.648127102537827e-05,11.089557713676879,14.543753701580558,1.1400277418073275,3.665413245508928,nan
67.11,201.16099548339844,-178.76551818847656,-10.981926918029785,202.37942425069403,-179.09248654602138,-10.986504432815789,1.2615458459567075,0.4774320123387843,0.08320045067399838,3.720571619734966e-05,11.108919164331283,14.825239557130102,nan,nan,nan
67.12,201.1522979736328,-178.76492309570312,-10.983963012695312,202.3711847515637,-179.09158048780202,-10.987702820033737,1.2619049153508073,0.47748753121737586,0.08321166032706112,3.6409554027046635e-05,10.943006284885087,14.401080815224551,nan,0.535554441986873,nan
67.13,201.14358520507812,-178.76434326171875,-10.98607349395752,202.36295449118566,-179.09069431534525,-10.989876246643753,1.2622919341552965,0.47754313681929783,0.08322293254815713,3.713269706637845e-05,10.962237921216133,14.753112702748375,nan,nan,nan
67.14,201.1348876953125,-178.76376342773438,-10.988260269165039,202.354720639477,-179.08981683901692,-10.991764172544285,1.2626620751479365,0.47759882897862493,0.08323426725903137,3.63411118669882e-05,10.92279945542977,14.29712017896476,nan,0.08560442856385539,nan
67.15,201.1261749267578,-178.76319885253906,-10.990520477294922,202.33816974976767,-179.09206165389915,-10.99407470065334,1.2558243609775965,0.47751969503946257,0.0832267596959599,3.7040002016433594e-05,10.359544647775996,13.94170973215559,5.063231537358246,nan,nan
67.16,201.1174774169922,-178.7626495361328,-10.9927978515625,202.3299342789986,-179.09123644513295,-10.99639079489956,1.256198196239155,0.4775751461698542,0.08323814074802599,3.625377632821474e-05,10.385532355884182,13.742454153362102,nan,0.0017780718355604815,nan
67.17,201.1087646484375,-178.76211547851562,-10.995061874389648,202.32169951294432,-179.0904227697311,-10.998760920649683,1.2565867840880147,0.47763068392292934,0.08324958458076931,3.697371139167818e-05,10.411339586161482,14.001480642201582,nan,nan,nan
67.18,201.10006713867188,-178.7615966796875,-10.997296333312988,202.31345803434354,-179.08961433325564,-11.000385781677782,1.2569497171495891,0.47768630816338764,0.08326109114127572,3.619169879704686e-05,10.316470527803075,13.688556263143662,nan,0.3462923462246205,nan
67.19,201.09136962890625,-178.76107788085938,-10.999493598937988,202.30522355668936,-179.08882227317866,-11.002696454371236,1.257325734634482,0.4777420193080704,0.08327266076548637,3.6910622300188184e-05,10.3411590850172,13.650285113277121,nan,nan,nan
67.2,201.08265686035156,-178.76055908203125,-11.001651763916016,202.29985786586204,-179.08008542924722,-11.005725775241423,1.2584482396782042,0.47766282186216524,0.08326528480446832,3.6110737397605743e-05,11.352543096749095,14.817758413765182,10.97818869589645,0.3557393030860771,nan
67.21000000000001,201.07395935058594,-178.76007080078125,-11.003767967224121,202.2916161415353,-179.0792705152811,-11.007967682751541,1.258806639596554,0.47771829159077117,0.08327690015710688,3.682784349180987e-05,11.385553314238788,14.806291354709447,nan,nan,nan
67.22,201.06524658203125,-178.75958251953125,-11.005844116210938,202.28338361937816,-179.07847292293175,-11.011154196685666,1.2591970171866997,0.47777384773497616,0.08328857847064092,3.605467549955653e-05,11.702057634312395,15.210045534706781,nan,0.6444403345594721,nan
67.23,201.05654907226562,-178.7591094970703,-11.007878303527832,202.2751423631257,-179.07767778010597,-11.013325505655633,1.2595574744712865,0.47782949068391906,0.08330032005847127,3.677094823945946e-05,11.740041886742363,15.050110233359081,nan,nan,nan
67.24,201.0478515625,-178.75863647460938,-11.009873390197754,202.26689339285713,-179.07688600449757,-11.014577257439358,1.259907883061908,0.47788522034405373,0.0833121249013916,3.600147439935442e-05,11.559825110588452,14.71030176841818,nan,0.5160082182949284,nan
67.25,201.0391387939453,-178.7581787109375,-11.01182746887207,202.23573217020115,-179.06490359240505,-11.016622953108023,1.2352889773974638,0.4778059603253267,0.08330487565258042,3.669434744825102e-05,11.65672173955903,14.709501567607633,6.636807128988438,nan,nan
67.26,201.0304412841797,-178.75772094726562,-11.01374340057373,202.22746461924964,-179.06412467397703,-11.020382580967896,1.2356343258265972,0.47786144820012244,0.08331672559717808,3.5929333207969796e-05,12.268847902309258,14.963362523274583,nan,1.9683800343750453,nan
67.27,201.021728515625,-178.7572784423828,-11.015621185302734,202.21918239033886,-179.0633427937202,-11.022406605628651,1.23596812707926,0.4779170227806583,0.08332863902397725,3.6643282411869614e-05,12.311591153542638,15.239996223558705,nan,nan,nan
67.28,201.01303100585938,-178.75685119628906,-11.017461776733398,202.21089936138594,-179.0625690186655,-11.024286400465796,1.2362841742817867,0.4779726839983688,0.08334061593374437,3.5881642105364834e-05,12.36602996029619,15.105224933910764,nan,0.007730530927739252,nan
67.29,201.00433349609375,-178.7564239501953,-11.019265174865723,202.20261742780488,-179.06180460091895,-11.026236379523265,1.2366043508446245,0.47802843220475844,0.08335265661001275,3.659498546500958e-05,12.408011736603594,15.049993904996015,nan,nan,nan
67.3,200.99562072753906,-178.75601196289062,-11.02103328704834,202.19350743720565,-179.06392688878796,-11.029333412340065,1.2368561205193074,0.47794911005382834,0.08334552879338522,3.581497217844741e-05,12.753033204439244,15.663043645701247,1.761583404790392,0.779815073148567,nan
67.31,200.98692321777344,-178.755615234375,-11.022765159606934,202.18522800048487,-179.0631946718185,-11.031226326744022,1.237178666950121,0.4780046160974296,0.08335761390948225,3.652689317878393e-05,12.801672707276254,15.5511497242076,nan,nan,nan
67.32000000000001,200.9782257080078,-178.75521850585938,-11.024462699890137,202.17693512540782,-179.06246013648368,-11.031410597564845,1.2374772564513064,0.4780602087025798,0.08336976273177153,3.5772449936019665e-05,12.20254469987209,14.825265309738889,nan,1.8941024198969145,nan
67.33,200.96951293945312,-178.75482177734375,-11.026126861572266,202.16865527095155,-179.06174449885177,-11.033219627375512,1.2378183208759264,0.47811588819834777,0.08338197552617492,3.648390424058831e-05,12.243153422934354,14.95173772106464,nan,nan,nan
67.34,200.9608154296875,-178.7544403076172,-11.02775764465332,202.16036259497156,-179.0610266902617,-11.033343403084688,1.2381194661507147,0.478171654549975,0.08339425231981387,3.573238010144593e-05,11.748505013657065,14.283283894067011,nan,1.848723920678559,nan
67.35,200.9521026611328,-178.75405883789062,-11.029356002807617,202.12913422087868,-179.04873938342166,-11.03514559145414,1.2133727522443225,0.47809227112173236,0.08338724088857162,3.642106328482527e-05,11.911079740653541,14.255650904023147,7.190051867333803,nan,nan
67.36,200.9434051513672,-178.75369262695312,-11.030921936035156,202.12080904553662,-179.0480183954091,-11.03637932040622,1.2136463121629402,0.47814779494835413,0.0833995614445202,3.5673216584337435e-05,11.836964403709965,14.059627957922263,nan,0.1468016738754139,nan
67.37,200.93470764160156,-178.7533416748047,-11.03245735168457,202.1124870727264,-179.04730771666496,-11.038042902278415,1.213924058795758,0.4782034055678795,0.08341194617536528,3.638303345662568e-05,11.871459786319274,14.122390598982937,nan,nan,nan
67.38,200.92599487304688,-178.7529754638672,-11.03396224975586,202.10417574079247,-179.04661293771466,-11.041172523894135,1.2142426080575646,0.4782591029656291,0.08342439512368731,3.5637828439455793e-05,12.483162135847703,14.690090222715064,nan,1.5227971452784215,nan
67.39,200.91729736328125,-178.7526397705078,-11.035436630249023,202.09585347702205,-179.04591657188575,-11.042791809928353,1.214520437922064,0.4783148874404311,0.08343690853227587,3.6347352715578136e-05,12.524479247876386,14.747375963184991,nan,nan,nan
67.4,200.90858459472656,-178.75230407714844,-11.036881446838379,202.0906362619446,-179.05136740324045,-11.04479598308576,1.2193226221432099,0.4782354432158056,0.08343000815077309,3.558327716217537e-05,12.425942655866592,14.775257441326753,3.6284220093879047,0.15680740570412735,nan
67.41,200.89988708496094,-178.75196838378906,-11.038297653198242,202.08232527585253,-179.05070989217418,-11.046361801011317,1.2196194466271602,0.4782909847975489,0.08344256461218301,3.629168153828352e-05,12.466746771128602,14.53461584408868,nan,nan,nan
67.42,200.8911895751953,-178.7516326904297,-11.03968620300293,202.07402195018727,-179.05006536005706,-11.04901965305589,1.2199350797972548,0.4783466130784179,0.08345518550484063,3.555224731662577e-05,13.133755794227532,15.11858111720677,nan,0.8572277270635028,nan
67.43,200.88247680664062,-178.75132751464844,-11.041046142578125,202.06571106092727,-179.04942156085608,-11.050542194660782,1.22024322817497,0.47840232833935226,0.08346787105804447,3.626046546062904e-05,13.181455526445273,15.532834988857484,nan,nan,nan
67.44,200.873779296875,-178.75100708007812,-11.042379379272461,202.05741242844041,-179.04879390946675,-11.053893834452234,1.2205723938278996,0.4784581305926208,0.08348062133457855,3.552328029599602e-05,14.435431569362859,16.397965328737595,nan,2.3581011588536254,nan
67.45,200.8650665283203,-178.75070190429688,-11.043685913085938,202.0939243162398,-179.0605223354279,-11.055366132502238,1.267366004752447,0.47837862636008727,0.08347382682456182,3.620917760978316e-05,15.235192174204142,18.207932541062597,14.884426947707794,nan,nan
67.46000000000001,200.8563690185547,-178.75039672851562,-11.044966697692871,202.08568307359872,-179.05990103011587,-11.056995023413709,1.2677344513964637,0.4784341853651783,0.08348661942750574,3.5474999900191975e-05,15.556247212214684,18.200792278796325,nan,0.018889425041880327,nan
67.47,200.84765625,-178.75010681152344,-11.046221733093262,202.07744081434933,-179.05928509572627,-11.058434932338237,1.2681129477969522,0.478489831253563,0.08349947688832186,3.618210053209299e-05,15.612142857545674,18.522839859013896,nan,nan,nan
67.48,200.83895874023438,-178.74981689453125,-11.047451972961426,202.06918626262427,-179.05866578185768,-11.057882301408787,1.268446366150291,0.4785455640533836,0.08351239928150432,3.544993538998675e-05,14.568958192864315,17.15827929612206,nan,2.6654300590328774,nan
67.49,200.8302459716797,-178.74954223632812,-11.048657417297363,202.06094387174457,-179.05806196333768,-11.05925492580972,1.2688238846919733,0.47860138402168056,0.08352538681881747,3.6156979380776305e-05,14.617961025417653,17.480740371795818,nan,nan,nan
67.5,200.82154846191406,-178.74925231933594,-11.049838066101074,202.06495045471203,-179.05667672722814,-11.061033173263468,1.280891725590501,0.4785218202913737,0.08351869279281025,3.5405471042672936e-05,15.659016995629244,18.36970653318715,3.2267785938211464,0.13146185771367658,nan
67.51,200.81285095214844,-178.74899291992188,-11.050995826721191,202.05672198493158,-179.0560656428897,-11.062364142867262,1.2812642358233093,0.47857739665254917,0.08353172190090175,3.611162082995293e-05,15.710962679683995,18.563484241771757,nan,nan,nan
67.52,200.80413818359375,-178.74871826171875,-11.052130699157715,202.04849034910055,-179.05545784153827,-11.063141164946767,1.2816484354089472,0.4786330598429345,0.08354481614609369,3.538401051084593e-05,15.56981513774355,18.444360185263236,nan,0.1951707251334228,nan
67.53,200.79544067382812,-178.7484588623047,-11.053242683410645,202.04026170119465,-179.05485794781154,-11.064422793409488,1.2820237067359082,0.47868881010555747,0.08355797573005685,3.609018296941106e-05,15.61878320878483,18.304887658480965,nan,nan,nan
67.54,200.78672790527344,-178.74819946289062,-11.054332733154297,202.03202060280327,-179.05425417850017,-11.063500742524042,1.282383501088413,0.4787446474896649,0.0835712007424128,3.5364251569858934e-05,14.54386703390851,17.389497773818334,nan,3.2933263379420716,nan
67.55,200.77801513671875,-178.74795532226562,-11.055400848388672,202.02860681913847,-179.05493651557,-11.064767534387583,1.2877518176988065,0.4786650249945165,0.08356460191400014,3.6048414264105825e-05,14.726557507635924,17.77152512959365,0.27956755679305323,nan,nan
67.56,200.76931762695312,-178.74771118164062,-11.056447982788086,202.02038719975616,-179.0543538653145,-11.06636387971817,1.2881394087816014,0.4787206184235207,0.08357786772370941,3.532492520241044e-05,15.087854022695602,17.79603347849066,nan,0.10976412173544779,nan
67.57000000000001,200.76060485839844,-178.74746704101562,-11.057474136352539,202.01216530450853,-179.05377441128348,-11.067545889070587,1.288537618989261,0.4787762988286178,0.08359119906377249,3.603036316379081e-05,15.131554164441903,18.015933143644947,nan,nan,nan
67.58,200.7519073486328,-178.74722290039062,-11.058479309082031,202.00394283548346,-179.05319938294136,-11.068603795564186,1.2889208561560235,0.47883206627136843,0.08360459603245435,3.530835486583162e-05,15.229845060494695,17.818985458292893,nan,0.007550565925580411,nan
67.59,200.74319458007812,-178.7469940185547,-11.059465408325195,201.99572068198998,-179.0526295751812,-11.06974569726262,1.289317809457983,0.47888792097626576,0.08361805881847435,3.601390867172018e-05,15.273241521440708,18.115222638114112,nan,nan,nan
67.6,200.7344970703125,-178.74676513671875,-11.060430526733398,201.9903423044872,-179.05326104255727,-11.071122419142686,1.292749515203302,0.4788082402461998,0.08361154975362094,3.527212412624499e-05,15.629167792085864,18.24470544736495,1.4582000675409739,0.12948907197010506,nan
67.61,200.7257843017578,-178.74655151367188,-11.06137752532959,201.98212457179358,-179.05270241279138,-11.072227688483531,1.2931500195977583,0.47886385064588144,0.08362505253675974,3.597694691620291e-05,15.672897003790336,18.55501432870326,nan,nan,nan
67.62,200.7170867919922,-178.7462615966797,-11.06241226196289,201.97390465939864,-179.05211409175047,-11.072954086891164,1.2935408886641147,0.47891954799818354,0.0836386211445965,3.525847345236307e-05,15.559916958910371,18.079119264676038,nan,0.11942479570098255,nan
67.63,200.7083740234375,-178.74595642089844,-11.063533782958984,201.96568659924299,-179.05148342188866,-11.074179491005356,1.2939455138113485,0.47897533251684216,0.08365225575851182,3.5963469508733725e-05,15.56980838745306,18.400175641738507,nan,nan,nan
67.64,200.6996612548828,-178.74563598632812,-11.064742088317871,201.95746739968595,-179.0508334149962,-11.075304846333442,1.2943466847128067,0.47903120427961643,0.08366595648777886,3.524619794401313e-05,15.594685740210407,18.35178915844085,nan,0.024544580652383283,nan
67.65,200.6909637451172,-178.7453155517578,-11.066036224365234,201.93902867536303,-179.04926934569954,-11.076802050356596,1.2845893826318262,0.47895146600127353,0.08365953181316521,3.592938875355644e-05,15.354096378118486,17.721360812796075,1.6187646955045412,nan,nan
67.66,200.6822509765625,-178.7449951171875,-11.067414283752441,201.93080623131962,-179.04862917917777,-11.080484206588746,1.2850115527361132,0.47900709311801193,0.08367327172099033,3.5214090716154415e-05,16.989469241423592,19.566158296546735,nan,3.364682127065144,nan
67.67,200.6735382080078,-178.7446746826172,-11.068875312805176,201.92257386155723,-179.04798519798084,-11.082076414050755,1.2854032836592053,0.4790628073052999,0.08368707782049026,3.591862466635677e-05,17.00010893680951,19.535806094196104,nan,nan,nan
67.68,200.6648406982422,-178.74436950683594,-11.070418357849121,201.9143304265626,-179.04733800055476,-11.081200311476131,1.285741319196239,0.479118608650245,0.0837009502271186,3.520436557297721e-05,15.46054221441176,17.824916965300446,nan,4.545362412856876,nan
67.69,200.6561279296875,-178.7440643310547,-11.072043418884277,201.9060982035691,-179.04670402377974,-11.0829340672887,1.2861318266114838,0.47917449735251577,0.08371488911298808,3.59091367810558e-05,15.471437153832813,17.988844872242723,nan,nan,nan
67.7,200.64743041992188,-178.7437744140625,-11.073749542236328,201.8874886554979,-179.07371476457334,-11.08597073410893,1.2832592957177054,0.4790667983235424,0.08250276857156298,3.517467822810694e-05,16.48427128939076,18.757440802136365,2.610937837161719,1.0203426445352408,0.5080172719445134
67.71000000000001,200.6387176513672,-178.74346923828125,-11.07553482055664,201.8792337374892,-179.07315581746,-11.087879798961483,1.2836377210528838,0.4791221857630888,0.08251255284622848,3.5878830865662497e-05,16.494918959659106,18.88409069898568,nan,nan,nan
67.72,200.6300048828125,-178.74319458007812,-11.077398300170898,201.87097884814213,-179.07260281754282,-11.089893296010382,1.2840102392335382,0.47917765911080473,0.08252239623705176,3.516726807977543e-05,16.698477908587208,19.192298073289397,nan,0.00041349339814532776,nan
67.73,200.62130737304688,-178.74290466308594,-11.079339981079102,201.86272392494624,-179.07205531140445,-11.091961817458136,1.2843731994135437,0.4792332185392613,0.08253229911298214,3.587169812105367e-05,16.70873672839539,18.854302131695672,nan,nan,nan
67.74,200.6125946044922,-178.7426300048828,-11.081358909606934,201.8544630330842,-179.0714960915605,-11.092101070468019,1.2847200048727454,0.4792888641662411,0.08254226139991896,3.516094523592247e-05,15.55969749641941,17.9316442023864,nan,2.819279791457349,nan
67.75,200.6038818359375,-178.7423553466797,-11.083453178405762,201.84538953967356,-179.06949862050075,-11.094303861529715,1.2839321778686792,0.4792101824988007,0.08253366466542743,3.5843695099639274e-05,15.705525339621161,18.044900624592625,0.281626887574076,nan,nan
67.76,200.59518432617188,-178.74209594726562,-11.085623741149902,201.83712595541988,-179.0689447256714,-11.094602171417439,1.2842623355898133,0.4792655882626587,0.08254367468586425,3.513453374091951e-05,14.725300547423656,16.856207609093214,nan,2.754190065699923,nan
67.77,200.5864715576172,-178.74183654785156,-11.087867736816406,201.8288682002277,-179.06841285502477,-11.096939433068552,1.2846337212021426,0.47932108002465673,0.0825537444353737,3.5838686737724777e-05,14.73736356361279,17.07364090420051,nan,nan,nan
67.78,200.57777404785156,-178.7415771484375,-11.090129852294922,201.8206125201239,-179.0678919443178,-11.1000309193151,1.285000718014878,0.47937665790720774,0.08256387386263736,3.513020401832883e-05,15.240396651558319,17.3399872048825,nan,0.3499397956719782,nan
67.79,200.56906127929688,-178.7413330078125,-11.092379570007324,201.81235515207302,-179.0673704450464,-11.102426503286814,1.2853719327218458,0.4794323220757228,0.08257406330256574,3.5834675578890854e-05,15.277185683220038,17.59237423406093,nan,nan,nan
67.8,200.56036376953125,-178.7410888671875,-11.094600677490234,201.8065000148179,-179.06185162287514,-11.105350086857092,1.2868021747942489,0.4793535749694695,0.08256562620338558,3.5105700598198586e-05,16.42287285652176,18.47312683243982,6.151927161272077,0.22312243019596195,nan
67.81,200.55165100097656,-178.7408447265625,-11.096785545349121,201.79823797388812,-179.06130953784086,-11.107699526397418,1.2871658367447438,0.47940899889567834,0.08257586297840466,3.580962901326815e-05,16.469064298445666,18.68591577157575,nan,nan,nan
67.82000000000001,200.54293823242188,-178.74061584472656,-11.098931312561035,201.78997577116962,-179.0607711022723,-11.109854225089435,1.287525270430961,0.4794645088635491,0.0825861596932823,3.510316037895669e-05,16.55386771033687,18.800141508089045,nan,0.01754342963268991,nan
67.83,200.53424072265625,-178.74038696289062,-11.101035118103027,201.78171399235518,-179.0602386190508,-11.112126495328402,1.2878733086800518,0.4795201050346517,0.08259651666226618,3.580743410090359e-05,16.601504014945824,18.604764004925734,nan,nan,nan
67.84,200.52552795410156,-178.7401580810547,-11.10309886932373,201.77345343069547,-179.05971459367873,-11.114891375732084,1.2882443180934124,0.4795757875373468,0.08260693386492103,3.510145964564032e-05,17.138721953656002,19.281395043261046,nan,0.1989458017864625,nan
67.85,200.51683044433594,-178.7399444580078,-11.105122566223145,201.77416417329948,-179.05879941707002,-11.116990858060575,1.2971882851995977,0.4794969756526086,0.08259865213700673,3.578412072288347e-05,17.627793343435194,19.729486700662115,2.8386999353744238,nan,nan
67.86,200.50811767578125,-178.73971557617188,-11.107105255126953,201.7659105087034,-179.05826041697262,-11.118632555342709,1.297554046967354,0.479552417539417,0.08260911625862198,3.507943277514144e-05,17.49089966050759,19.68386437787772,nan,0.18637692695358626,nan
67.87,200.49942016601562,-178.739501953125,-11.109048843383789,201.75765818092853,-179.0577294039889,-11.120745356686738,1.2979092499395906,0.479607945546384,0.08261964087280929,3.57835471058766e-05,17.537934439740685,19.540469703316372,nan,nan,nan
67.88,200.49070739746094,-178.7393035888672,-11.110953330993652,201.74940173055543,-179.05718867127052,-11.120830368212994,1.2982526355232276,0.4796635598050257,0.08263022597777478,3.507925003948732e-05,16.509249617673042,18.788941714533333,nan,2.7829617149528176,nan
67.89,200.4820098876953,-178.7390899658203,-11.112820625305176,201.7411493605744,-179.05666621253243,-11.122848168890915,1.2986098090913902,0.4797192604720314,0.08264087185990124,3.5783733479417434e-05,16.548736571479626,18.446787356405554,nan,nan,nan
67.9,200.47329711914062,-178.7388916015625,-11.114649772644043,201.74583838492023,-179.06160762209774,-11.126797091400535,1.3128802155471158,0.47964038442853024,0.08263274082065969,3.505866628824928e-05,18.032437005084553,20.496416294882064,1.602929033864417,2.7685021012496813,nan
67.91,200.464599609375,-178.73870849609375,-11.116442680358887,201.73760790177073,-179.06110309308667,-11.128761786464313,1.31325555359715,0.4796958441084571,0.08264343316836661,3.576265169092284e-05,18.07990307201807,20.33724183425359,nan,nan,nan
67.92,200.4558868408203,-178.73851013183594,-11.118200302124023,201.72937935234987,-179.06060999719358,-11.131797250269276,1.3136652454807987,0.47975138995929617,0.08265418625940685,3.505983036317825e-05,19.120844362814644,21.46299486985735,nan,0.860669991604495,nan
67.93,200.4471893310547,-178.7383270263672,-11.119922637939453,201.72114886286445,-179.06011347690267,-11.13370339498511,1.3140431186616115,0.4798070221351803,0.08266500036344254,3.576420163761537e-05,19.169317212965137,21.318199375687232,nan,nan,nan
67.94,200.4384765625,-178.73814392089844,-11.121610641479492,201.71291928665835,-179.0596231737069,-11.135949818305718,1.3144423833468315,0.47986274077158614,0.08267587550368442,3.5061625644173284e-05,19.735400998984687,22.069783298219356,nan,0.09839268764902515,nan
67.95,200.42977905273438,-178.7379608154297,-11.123265266418457,201.70443020393614,-179.0595442801562,-11.137962138206408,1.3146739063683588,0.4797838012080301,0.0826678906820571,3.57444119675895e-05,19.893832282410944,22.010436665413373,1.3387091270938454,nan,nan
67.96000000000001,200.4210662841797,-178.73777770996094,-11.124886512756348,201.69619641720647,-179.05904599977833,-11.137304299672529,1.3150377833457785,0.47983927849114094,0.08267881181550986,3.5042884229395413e-05,18.262070744946165,20.56695015661558,nan,4.3056953811333525,nan
67.97,200.41236877441406,-178.73760986328125,-11.12647533416748,201.68796658129233,-179.05856652171562,-11.139062584359921,1.315416808609882,0.47989484201557053,0.08268979419474357,3.574716352792123e-05,18.305013852499204,20.41006455725581,nan,nan,nan
67.98,200.40365600585938,-178.73744201660156,-11.128032684326172,201.6797380030998,-179.058095859679,-11.14168984276934,1.3158231905306246,0.4799504919188388,0.08270083785788197,3.504580198326022e-05,19.20625044293342,21.495365276687686,nan,0.570328185431943,nan
67.99,200.39495849609375,-178.73727416992188,-11.129559516906738,201.6715079801119,-179.05762314933054,-11.143395867296432,1.3162042008545929,0.4800062283519176,0.08271194305228474,3.575047819959304e-05,19.249222275572286,21.259246248538876,nan,nan,nan
68.0,200.38624572753906,-178.7371063232422,-11.131054878234863,201.62472793053607,-179.04692484459764,-11.145026264717435,1.2767227118507136,0.4799272258812173,0.08270409965443348,3.502812021867015e-05,18.733897075582586,20.29112648107035,11.444505587517181,0.00045395099621257646,nan
68.01,200.37754821777344,-178.7369384765625,-11.13252067565918,201.6164408028642,-179.0464611584375,-11.146672520685968,1.2770510572039002,0.4799827205976373,0.08271525033506852,3.57323220184954e-05,18.773345996274887,20.11100958773694,nan,nan,nan
68.02,200.36883544921875,-178.73678588867188,-11.133957862854004,201.60815329473076,-179.04599956823998,-11.148069893812922,1.2773883400338164,0.4800383016104315,0.08272646254285905,3.503201984181782e-05,18.862322162664785,20.389534132801156,nan,0.034180942428007774,nan
68.03,200.36013793945312,-178.73663330078125,-11.13536548614502,201.5998659039675,-179.04554228973015,-11.149657242275921,1.277714539224504,0.48009396906897056,0.08273773651194867,3.573662814225904e-05,18.900963281515185,20.2213925588579,nan,nan,nan
68.04,200.35142517089844,-178.73648071289062,-11.13674545288086,201.59157760405364,-179.04508504558865,-11.150661573048962,1.2780486493171124,0.4801497231132569,0.08274907230023627,3.5036379894788825e-05,18.720908533651862,20.18151785968967,nan,0.21755461483044042,nan
68.05,200.3427276611328,-178.736328125,-11.13809871673584,201.59287895427246,-179.05010914187721,-11.152285667773095,1.289006614362772,0.48007065835554785,0.08274136567203849,3.571940486333639e-05,18.747939781592603,20.214952983110592,2.0957662018345466,nan,nan
68.06,200.33401489257812,-178.73619079589844,-11.139423370361328,201.58460759629298,-179.0496683427667,-11.152423184200249,1.2893483928462568,0.48012617032430854,0.08275274641957191,3.502002337426377e-05,17.94741462634657,19.634019661913612,nan,1.315887491944806,nan
68.07000000000001,200.32530212402344,-178.73605346679688,-11.14072322845459,201.5763376517506,-179.04923758316303,-11.153887251268527,1.2897082902254653,0.48018176865428785,0.08276418915531279,3.572457102301597e-05,17.980622227043753,19.618492081236862,nan,nan,nan
68.08,200.3166046142578,-178.7359161376953,-11.141996383666992,201.5680680907175,-179.04881121853617,-11.155637249446643,1.2900582303703199,0.4802374534867173,0.08277569394879986,3.502518473380498e-05,18.449408066564725,19.883233470920135,nan,0.06824820089497569,nan
68.09,200.30789184570312,-178.73577880859375,-11.143243789672852,201.55979818013495,-179.04838603086785,-11.157054609227893,1.2904198868373156,0.48029322496906535,0.08278726101676048,3.573014094920618e-05,18.482462997179336,20.08183854948389,nan,nan,nan
68.1,200.2991943359375,-178.7356414794922,-11.144466400146484,201.5644204582475,-179.0505385526927,-11.15870619763854,1.303901867135121,0.4802140985282042,0.08277968625902278,3.500957939078904e-05,19.30624975807267,20.912579175094688,1.5047650057831947,0.04151363347256073,nan
68.11,200.2904815673828,-178.73550415039062,-11.145665168762207,201.55616834492199,-179.05011382583297,-11.160078748434945,1.30428141825237,0.48026962757933844,0.08279129772706514,3.5714069771699313e-05,19.338914343991412,21.113508852637317,nan,nan,nan
68.12,200.2817840576172,-178.73538208007812,-11.14684009552002,201.54791607477793,-179.04969162976997,-11.161373271017897,1.3046424763501578,0.48032524304889657,0.08280297148706588,3.501542932878085e-05,19.56176657361508,21.142938490933716,nan,0.0021146058674104806,nan
68.13,200.2730712890625,-178.73526000976562,-11.147991180419922,201.53966397551412,-179.04927250279636,-11.162699133258444,1.3050200010071868,0.4803809450834329,0.08281470774557444,3.572033294472327e-05,19.59402615673158,21.35741931355801,nan,nan,nan
68.14,200.2643585205078,-178.73513793945312,-11.14911937713623,201.53141340761684,-179.0488639484834,-11.165790871431284,1.305423316174088,0.4804367338255981,0.0828265065873682,3.5021603262860255e-05,21.482031452067762,23.22187317769943,nan,2.254665073838035,nan
68.15,200.2556610107422,-178.73501586914062,-11.150224685668945,201.5276231887513,-179.04214543048514,-11.167011902193119,1.3086245299458519,0.48035754630544053,0.08281905888561343,3.570490953736318e-05,22.341471498064834,23.84297291129885,8.744613899772913,nan,nan
68.16,200.2469482421875,-178.73489379882812,-11.151308059692383,201.51936727606804,-179.0416904167612,-11.166900022841526,1.308975733874203,0.4804130922648423,0.08283090154755997,3.500691230038095e-05,21.40288913495923,23.070175668751673,nan,1.3614162317981402,nan
68.17,200.2382354736328,-178.73477172851562,-11.15237045288086,201.51111214601963,-179.04124377358906,-11.168142225457302,1.3093467402977053,0.4804687247037795,0.0828428069288459,3.571176192270782e-05,21.432918534552574,23.064865125609888,nan,nan,nan
68.18,200.2295379638672,-178.7346649169922,-11.153410911560059,201.50285605484714,-179.04079429044492,-11.16807878371772,1.3096829007744721,0.4805244437655578,0.08285477512308641,3.5013633565272875e-05,20.621753888771334,22.092782846231742,nan,1.1654148928915702,nan
68.19,200.2208251953125,-178.73455810546875,-11.154431343078613,201.4946006015586,-179.04035259673051,-11.169267675604802,1.3100512101464934,0.48058024959571716,0.08286680632360008,3.571889252315874e-05,20.6495532022523,22.284883192587646,nan,nan,nan
68.2,200.21212768554688,-178.73443603515625,-11.155430793762207,201.49866883064016,-179.04815670022484,-11.166741546282614,1.3242872448345886,0.4805010015895125,0.08285948068018284,3.499945220684081e-05,17.902255376186044,19.591480553377263,4.118901892441995,9.934062723849514,nan
68.21000000000001,200.2034149169922,-178.7343292236328,-11.156411170959473,201.49043775596047,-179.04774371824382,-11.16785527268169,1.3246838871679854,0.4805565642887534,0.08287155509095448,3.5704243995471115e-05,17.92362548644209,19.82744692405222,nan,nan,nan
68.22,200.1947021484375,-178.73423767089844,-11.157370567321777,201.48220660964864,-179.04733407777331,-11.169188134072797,1.3250799042021832,0.48061221352536115,0.08288369254012812,3.500663269703017e-05,18.254616858954037,20.188166042142438,nan,0.03995458665519053,nan
68.23,200.1859893798828,-178.73419189453125,-11.158419609069824,201.47397516069492,-179.04695993713912,-11.170320658036546,1.3254708050415298,0.48066794944443475,0.0828958932134122,3.571183535442833e-05,18.24181437370042,20.09196162628283,nan,nan,nan
68.24,200.1772918701172,-178.73419189453125,-11.159554481506348,201.46574309681284,-179.04663362605498,-11.170230464504844,1.3258357272996057,0.480723772189966,0.08290815721582392,3.501403120427776e-05,17.539890812043094,19.19524209245748,nan,1.2131662310226736,nan
68.25,200.1685791015625,-178.73422241210938,-11.160776138305664,201.4873855132211,-179.05722946758723,-11.17141121319881,1.3578280502841027,0.4806444642869757,0.08290094867728916,3.569761453428217e-05,17.7798755447812,20.34449337729816,7.72612544074993,nan,nan
68.26,200.1598663330078,-178.73423767089844,-11.16208267211914,201.47920215285632,-179.05696186880107,-11.173053832315972,1.358277688767391,0.48070004355730944,0.08291325525880168,3.500044681707474e-05,18.05813051356043,20.568658736136484,nan,0.04860290199602345,nan
68.27,200.1511688232422,-178.73426818847656,-11.163474082946777,201.47101866661544,-179.0566994592522,-11.174522484507227,1.3587080630523327,0.48075570942366025,0.08292562527898811,3.5705586433221094e-05,18.045614634693834,20.31462779773036,nan,nan,nan
68.28,200.1424560546875,-178.7342987060547,-11.164947509765625,201.46283521858717,-179.05644118857242,-11.176491640487967,1.359157894601368,0.48081146203028935,0.08293805884936563,3.500819754571843e-05,18.441708603805573,20.94038454032049,nan,0.12196291083940371,nan
68.29,200.1337432861328,-178.73434448242188,-11.16650390625,201.4546515902613,-179.05618259550533,-11.178132952694812,1.3596005860803206,0.480867301521878,0.08295055614590593,3.5713740497974565e-05,18.43100638265079,20.942250313972806,nan,nan,nan
68.3,200.1250457763672,-178.734375,-11.16814136505127,201.43307105081635,-179.05774444396874,-11.178825978290877,1.347446502407627,0.4807879343037405,0.08294345962403443,3.4994939122175076e-05,17.13313455235429,19.269577006764006,6.020795797000936,0.6192585486930826,nan
68.31,200.1163330078125,-178.73440551757812,-11.169859886169434,201.42487332326266,-179.05751148329557,-11.180620298219742,1.3478839003074774,0.48084352997937585,0.08295599884054593,3.570000759600369e-05,17.119986515112238,19.46756810034285,nan,nan,nan
68.32000000000001,200.1076202392578,-178.73443603515625,-11.171656608581543,201.4166758670939,-179.0572826562829,-11.184020135536485,1.3483358017723008,0.48089921230845745,0.08296860182420238,3.500297507624095e-05,18.249320207375614,20.597531546554503,nan,1.6410035922098942,nan
68.33,200.09890747070312,-178.73446655273438,-11.17353343963623,201.40847832808794,-179.0570485429324,-11.185990660176302,1.348773573753316,0.48095498143553395,0.08298126874547962,3.5708446635386164e-05,18.233806956441793,20.56466233423816,nan,nan,nan
68.34,200.0902099609375,-178.7344970703125,-11.17548656463623,201.40028062330347,-179.0568069114697,-11.185626945688876,1.3491744147539588,0.4810108375050747,0.08299399972413556,3.5011149269169474e-05,16.8298616354986,18.937459007928172,nan,4.110386113764312,nan
68.35000000000001,200.0814971923828,-178.73452758789062,-11.17751693725586,201.38334700908595,-179.04761855233,-11.187575181401922,1.3390071193010415,0.4809314115476659,0.08298701014650607,3.569497689684254e-05,17.25930354511749,19.2557868486976,6.719451571527386,nan,nan
68.36,200.07278442382812,-178.73455810546875,-11.1796236038208,201.3751291454097,-179.0473467541049,-11.187979173383617,1.3394059608982263,0.48098702346418515,0.0829997823644914,3.49982502493461e-05,16.426762514004313,18.41904211104413,nan,2.2228529117329106,nan
68.37,200.0640869140625,-178.73458862304688,-11.181804656982422,201.36691171705144,-179.04707915802115,-11.19021607420155,1.3398035504025596,0.48104272209117854,0.08301261872821926,3.570364080858902e-05,16.41970888848803,18.201851479066832,nan,nan,nan
68.38,200.0553741455078,-178.73460388183594,-11.184060096740723,201.3586945189291,-179.04680779028163,-11.191256595234725,1.340211575018789,0.4810985075731433,0.08302551936204831,3.500663162138101e-05,15.92271438486035,17.90574851740089,nan,1.142048984920889,nan
68.39,200.04666137695312,-178.73463439941406,-11.186333656311035,201.35047725078368,-179.0465393149759,-11.193603430964354,1.3406242422199002,0.48115438005458444,0.08303848442955802,3.571241583998122e-05,15.929866430384987,17.903405114889136,nan,nan,nan
68.4,200.0379638671875,-178.7346649169922,-11.188592910766602,201.35251168777063,-179.05154706384613,-11.19626843160861,1.3522237910992452,0.48107489592735486,0.08303159662614486,3.499392366268356e-05,16.112122396083457,18.147854575369642,1.5644259818463422,0.1002930312235336,nan
68.41,200.0292510986328,-178.7346954345703,-11.19082260131836,201.34431289312914,-179.05128968637968,-11.198600408629833,1.3526566223211318,0.4811305239222915,0.0830446022261554,3.569922304373238e-05,16.129668524271008,18.37940948953768,nan,nan,nan
68.42,200.02053833007812,-178.73471069335938,-11.19301700592041,201.3361142212214,-179.05103086393518,-11.200503822734577,1.3530906947047412,0.4811862386840804,0.08305767230498783,3.500246279289884e-05,16.041433213426647,18.286930588363756,nan,0.11119030091243735,nan
68.43,200.0118408203125,-178.7347412109375,-11.195170402526855,201.32791571570576,-179.05077237789345,-11.202762948674156,1.3535089491868577,0.48124204035727824,0.08307080702241926,3.570815478412559e-05,16.060152201244282,18.074517686602253,nan,nan,nan
68.44,200.0031280517578,-178.73477172851562,-11.197283744812012,201.31971732769193,-179.05051440185147,-11.2054451796471,1.3539451119925678,0.4812979290863042,0.08308400650851494,3.501108226835539e-05,16.354640815870074,18.576300513054857,nan,0.15098336721185807,nan
68.45,199.9944305419922,-178.7347869873047,-11.199356079101562,201.30221946123817,-179.04114728110426,-11.207624066857592,1.34321883791922,0.48121838735258904,0.08307721530659506,3.569510663324898e-05,16.89367112378969,18.5885239323761,5.410388672730035,nan,nan
68.46000000000001,199.9857177734375,-178.7348175048828,-11.201387405395508,201.29400056385265,-179.04085463956994,-11.208890708649044,1.3436215564896505,0.48127403126518215,0.08309045459682882,3.4998562411034525e-05,16.59482133057426,18.504171503885644,nan,0.5440784502409746,nan
68.47,199.9770050048828,-178.73483276367188,-11.203377723693848,201.28578155158516,-179.04056343058213,-11.21098676701749,1.3440331794371034,0.48132976200054584,0.08310375872719204,3.570415148135274e-05,16.613767814054107,18.499305922207363,nan,nan,nan
68.48,199.9683074951172,-178.73486328125,-11.205329895019531,201.27756151661092,-179.04027789732572,-11.216228288687546,1.3444489412003438,0.48138557970299134,0.0831171278308516,3.5007285375655275e-05,18.39178917069065,20.06545024327801,nan,7.157493412312871,nan
68.49,199.9595947265625,-178.73487854003906,-11.207242012023926,201.26934243424236,-179.03998563284753,-11.218278807234961,1.344861036205309,0.48144148451724234,0.08313056206293193,3.57132569781199e-05,18.41555570310706,20.279160617893737,nan,nan,nan
68.5,199.95089721679688,-178.7349090576172,-11.20911693572998,201.26010775861903,-179.03893739826748,-11.219727949062818,1.3440900521694132,0.48136188573404853,0.08312386222020768,3.4994861504124e-05,18.291368376597465,19.94834690219403,0.38204043382431885,0.3017390871003633,nan
68.51,199.9421844482422,-178.73492431640625,-11.210953712463379,201.25188658113075,-179.03864211826274,-11.221699624114729,1.344499778607123,0.4814175454055361,0.08313733550347188,3.570033693256e-05,18.314377711664406,20.154508584902757,nan,nan,nan
68.52,199.9334716796875,-178.73495483398438,-11.212754249572754,201.2436653773442,-179.0383466412359,-11.223684036912305,1.3449065299633183,0.4814732919547535,0.08315087396076362,3.500365274119572e-05,18.49996922782219,20.341889350191366,nan,0.0016726841932623838,nan
68.53,199.92477416992188,-178.73497009277344,-11.214518547058105,201.23544420607413,-179.03805063488076,-11.22558510286699,1.3453015376966262,0.48152912552657096,0.08316447774472144,3.570950953739683e-05,18.521765390930746,20.143348046479026,nan,nan,nan
68.54,199.9160614013672,-178.7349853515625,-11.21624755859375,201.227222875406,-179.03775499295585,-11.227933122225428,1.345715578846615,0.48158504626507387,0.08317814699224728,3.50124841726607e-05,18.997932993469316,20.80755494158539,nan,0.16357545676863416,nan
68.55,199.90736389160156,-178.73501586914062,-11.217942237854004,201.19157632413066,-179.03853381929682,-11.22980868124403,1.3196459867737482,0.4815053909837726,0.0831715332530659,3.569665266965286e-05,17.732821525279945,19.075786086404285,14.370894971241952,nan,nan
68.56,199.89865112304688,-178.7350311279297,-11.219603538513184,201.18332185844594,-179.038274281354,-11.23163837992022,1.320030357945294,0.48156106625664313,0.08318524077746783,3.50001304977849e-05,17.928970828128193,19.46841080338272,nan,0.0004314155670878059,nan
68.57000000000001,199.88995361328125,-178.73504638671875,-11.221231460571289,201.17506765574467,-179.0380142989577,-11.233411115059958,1.3203999401569837,0.4816168284623288,0.08319901382335398,3.570586191360939e-05,17.9473156111815,19.31295749611855,nan,nan,nan
68.58,199.88124084472656,-178.7350616455078,-11.222826957702637,201.16681415376704,-179.0377524233494,-11.23404935457189,1.3207749172736056,0.481672677744746,0.08321285252958134,3.5008994873690985e-05,17.392679757398994,18.92193597144649,nan,0.8583329009435129,nan
68.59,199.87252807617188,-178.73509216308594,-11.224390983581543,201.15856023979333,-179.03749155834134,-11.235748208577316,1.321155973637982,0.48172861424902674,0.08322675704585301,3.571509776207044e-05,17.41076139371932,18.901529491481355,nan,nan,nan
68.60000000000001,199.86383056640625,-178.735107421875,-11.225923538208008,201.19497825270471,-179.0537919144562,-11.2384654113381,1.368821123131548,0.48164890301415764,0.08322022410580154,3.499667368726767e-05,18.71228610104493,21.025212966727512,17.366710575959765,0.5568328217973607,nan
68.61,199.85511779785156,-178.73512268066406,-11.227424621582031,201.1867972587242,-179.0535528649227,-11.240116010328371,1.3692804826277665,0.4817045937335126,0.08323416610147681,3.5702269470044245e-05,18.73235590846136,21.258712591402702,nan,nan,nan
68.62,199.84642028808594,-178.73513793945312,-11.228897094726562,201.17861613655347,-179.05331407705222,-11.242233146145647,1.3697297848404504,0.48176037143905526,0.0832481739504588,3.500554691816381e-05,19.303960019641444,21.600294885331273,nan,0.17348594717323212,nan
68.63,199.83770751953125,-178.7351531982422,-11.230339050292969,201.17043545698263,-179.0530743356317,-11.243830838756175,1.3701896340355166,0.4818162362760974,0.08326224780095376,3.571151333508487e-05,19.323627603234947,21.832668491664936,nan,nan,nan
68.64,199.82901000976562,-178.73516845703125,-11.2317533493042,201.16225436928528,-179.05283483817004,-11.245957339435241,1.370640071365357,0.4818721883882775,0.08327638779407105,3.5014434136318705e-05,19.990810014291647,22.265753850902797,nan,0.21881918046355275,nan
68.65,199.82029724121094,-178.7351837158203,-11.233139038085938,201.16818969678985,-179.05293159067116,-11.247592433739024,1.3849139628239346,0.4817924217396359,0.08326993033072688,3.569869566396594e-05,20.712561673609695,23.419657066032475,3.1969804978917584,nan,nan
68.66,199.81158447265625,-178.73519897460938,-11.2344970703125,201.16002868723982,-179.05267369431695,-11.246491012611632,1.3853648805095242,0.48184812775099245,0.08328410698477708,3.500210695012128e-05,18.974960640374718,21.672060366447166,nan,4.861087739192178,nan
68.67,199.80288696289062,-178.73521423339844,-11.235827445983887,201.1518660818494,-179.05241781685208,-11.24796086102674,1.385824662972631,0.4819039208029014,0.08329834982835514,3.570792719435837e-05,18.991506727461022,21.444507357589313,nan,nan,nan
68.68,199.79417419433594,-178.7352294921875,-11.23713207244873,201.1437035779765,-179.0521611828004,-11.249080226548372,1.3862965094850543,0.48195980103882113,0.08331265900368046,3.501098230195763e-05,18.950320151162682,21.621558557544898,nan,0.07439459728131685,nan
68.69,199.7854766845703,-178.73524475097656,-11.238409996032715,201.13554077449402,-179.05190451078724,-11.250495889032031,1.386756113811823,0.482015768604343,0.0833270346572908,3.571716398297719e-05,18.965792848252228,21.39701870586362,nan,nan,nan
68.7,199.77676391601562,-178.73526000976562,-11.239663124084473,201.0157546428413,-179.04871102811123,-11.252403104772304,1.2780891475831566,0.47452985386227553,0.0833179944909261,3.4998648148634555e-05,19.166593459882606,21.3353746336791,7.686455733968867,0.22221633661609264,0.9195674149000701
68.71000000000001,199.76805114746094,-178.7352752685547,-11.240890502929688,201.0075228197057,-179.04852452842167,-11.253774366616504,1.2785073793482655,0.4745806889022382,0.08333220725308339,3.570431302742061e-05,19.180819052041883,21.345785583872697,nan,nan,nan
68.72,199.7593536376953,-178.73529052734375,-11.242094039916992,200.9992942205641,-179.0483364526014,-11.25325478947707,1.2788959936977584,0.4746316094194445,0.0833464793563362,3.500749596100593e-05,18.091564765645426,20.04555228182563,nan,2.46052558154179,nan
68.73,199.75064086914062,-178.7353057861328,-11.243273735046387,200.99106207689437,-179.0481492423784,-11.254560402266735,1.2793135618830425,0.4746826155672681,0.08336081094652335,3.571352201848854e-05,18.102786098360433,20.24358064095011,nan,nan,nan
68.74,199.74192810058594,-178.73532104492188,-11.244429588317871,200.98283025998884,-179.0479614542432,-11.255624963735261,1.2797294757807742,0.47473370748111576,0.0833752021669634,3.5016342145931634e-05,18.117522896096578,20.2504789944506,nan,0.033615138638034975,nan
68.75,199.7332305908203,-178.73533630371094,-11.245562553405762,200.99908491174395,-179.05210641958502,-11.256924388899314,1.3049366112642031,0.4746693465117003,0.08336878602668156,3.570065112135458e-05,18.974754081358057,21.40611499364147,8.493545074034035,nan,nan
68.76,199.72451782226562,-178.7353515625,-11.246672630310059,200.99089473536725,-179.05190642915346,-11.257557686349221,1.3053872812632137,0.47472022168841393,0.08338320322560902,3.500395746122603e-05,18.748214791442958,21.39302144093142,nan,0.257581759478691,nan
68.77,199.71580505371094,-178.73536682128906,-11.247759819030762,200.98270329063573,-179.05170641214394,-11.258767398034069,1.305841891754467,0.4747711824213574,0.08339768016445247,3.570981948776546e-05,18.760816605077267,21.396130970086073,nan,nan,nan
68.78,199.7071075439453,-178.73538208007812,-11.24882698059082,200.97451823029004,-179.0515047089215,-11.256506023701405,1.3062627346865425,0.47482222884516684,0.08341221698705774,3.5012766254964396e-05,17.055341649002703,19.452397510040324,nan,8.39910266426155,nan
68.79,199.69839477539062,-178.73538208007812,-11.249871253967285,200.96632648746564,-179.05130421246378,-11.257639928766926,1.30672031151456,0.47487336111440326,0.08342681383847052,3.571898123346892e-05,17.063164470645365,19.739267778370273,nan,nan,nan
68.8,199.68968200683594,-178.7353973388672,-11.250895500183105,200.93440638115362,-179.0363962806202,-11.256678469512973,1.2806141392672734,0.4748088836900107,0.08342045032366537,3.500035346169513e-05,16.823296438633424,18.778327797277793,11.229546713439145,2.8542438864857,nan
68.81,199.6809844970703,-178.73541259765625,-11.251899719238281,200.92617474571782,-179.0361557378304,-11.257751511891751,1.2810071955948954,0.47485979889922497,0.08343507269521361,3.570604364652447e-05,16.831560378469426,18.57618659160665,nan,nan,nan
68.82000000000001,199.67227172851562,-178.7354278564453,-11.252882957458496,200.91794752159993,-179.03591438077046,-11.25652614058186,1.281410787203107,0.4749107997235315,0.08344975520019683,3.500911532801387e-05,16.257060523329557,18.19420321964539,nan,3.6659504300207977,nan
68.83,199.66355895996094,-178.7354278564453,-11.253847122192383,200.90971574067586,-179.03567334262382,-11.257538326414853,1.2818220231689623,0.47496188631814096,0.08346449798334796,3.571515890331478e-05,16.26289919718247,18.222577912112662,nan,nan,nan
68.84,199.65484619140625,-178.73544311523438,-11.254792213439941,200.9014838445515,-179.03543191502135,-11.258572630600469,1.2822297024289564,0.4750130588166842,0.08347930118898622,3.5017867689233506e-05,16.294719662899343,18.21319919629627,nan,0.0011569077116055089,nan
68.85000000000001,199.64614868164062,-178.7355499267578,-11.25582504272461,200.86403848071782,-179.02555601227775,-11.25964558385941,1.2519479577320527,0.4749484652652375,0.08347298650236139,3.570218620415704e-05,15.907289912304444,17.10960529813456,7.523787092328397,nan,nan
68.86,199.63743591308594,-178.7357635498047,-11.256945610046387,200.85575655423062,-179.02545338071323,-11.261222332382474,1.252295361775711,0.4749994203808911,0.08348781474553062,3.500538228779423e-05,16.03087898153702,17.37250138699667,nan,0.1473858567376367,nan
68.87,199.62872314453125,-178.73606872558594,-11.258152961730957,200.84747556703184,-179.02544778570683,-11.262434542860113,1.2526436203982614,0.4750504611910095,0.08350270351254974,3.5711247481174894e-05,16.03082375944965,17.377747222607855,nan,nan,nan
68.88,199.62001037597656,-178.73641967773438,-11.259444236755371,200.8391944434096,-179.02551401814986,-11.26380747706125,1.2529981507603367,0.47510158782870116,0.08351765294788106,3.501408559456383e-05,16.067089313850946,17.419520611846853,nan,0.0038471155332680937,nan
68.89,199.61131286621094,-178.73678588867188,-11.260821342468262,200.83091350195227,-179.02561375281732,-11.26519304640858,1.2533420752543247,0.47515280044999086,0.08353266319604159,3.572029701945613e-05,16.061187009575523,17.263248459884274,nan,nan,nan
68.9,199.60260009765625,-178.73716735839844,-11.262280464172363,200.83969815960572,-179.03617586983358,-11.264215119782877,1.27272206222809,0.4750880910777314,0.08352639348309043,3.500156343414286e-05,15.35068129809446,17.109651521069466,5.768401776820118,3.9068505455615132,nan
68.91,199.59388732910156,-178.737548828125,-11.263822555541992,200.83144599339238,-179.0363189487534,-11.265743734096066,1.2731137904636085,0.4751390859938222,0.0835414282620078,3.570724388588262e-05,15.349565577707875,17.103701555823672,nan,nan,nan
68.92,199.58517456054688,-178.7379150390625,-11.265446662902832,200.8231898991249,-179.0364596246767,-11.269233863979368,1.2735090070533612,0.47519016666051445,0.08355652395126775,3.501021239728291e-05,15.656701658555233,17.45546635735114,nan,2.490525760289591,nan
68.93,199.57647705078125,-178.73828125,-11.267149925231934,200.8149374816598,-179.03659552547543,-11.270946332051853,1.2738877731217344,0.4752413332342271,0.08357168069537764,3.571624023431929e-05,15.651002132037444,17.260065452534672,nan,nan,nan
68.94,199.56776428222656,-178.7386474609375,-11.26893424987793,200.80668653278903,-179.03672535299205,-11.271965331642111,1.2742793885671675,0.47529258584744777,0.0835868986388168,3.501884936476335e-05,15.511637147553163,17.257725075160838,nan,0.4234208741920944,nan
68.95,199.55905151367188,-178.73899841308594,-11.270796775817871,200.79796525224205,-179.0408840773244,-11.273950411755695,1.2751674993153845,0.47522776098328423,0.08358066999144928,3.570314789210104e-05,15.073919202132773,16.98059148314971,3.1418776258069254,nan,nan
68.96000000000001,199.5503387451172,-178.73934936523438,-11.272736549377441,200.78971901619133,-179.04102020654025,-11.272412978465072,1.2755660929642727,0.4752787955691709,0.08359591193510986,3.500624845593368e-05,14.798557453107495,16.677254222154964,nan,8.575813873800895,nan
68.97,199.54164123535156,-178.73968505859375,-11.27475357055664,200.78146580701664,-179.04114888183886,-11.274404759329727,1.2759488731525797,0.4753299159847892,0.0836112151719451,3.571208715265424e-05,14.797363959994573,16.57026757264613,nan,nan,nan
68.98,199.53292846679688,-178.74002075195312,-11.276846885681152,200.77321531948573,-179.0412709523027,-11.275244265106913,1.276348592100212,0.4753811223623578,0.08362657984634413,3.501483415912168e-05,14.867139165203062,16.772182380531444,nan,1.0671930644951848,nan
68.99,199.5242156982422,-178.74034118652344,-11.27901554107666,200.76496238988554,-179.0413859477871,-11.277377984532741,1.2767470316000926,0.4754324148587272,0.08364200610294945,3.572101412721977e-05,14.867638607764142,16.837332600722732,nan,nan,nan
69.0,199.5155029296875,-178.74066162109375,-11.281258583068848,200.76613521998516,-179.04775775755033,-11.281228996582778,1.2877845951233795,0.47536747480769553,0.08363581456207592,3.500219631444623e-05,14.602610381700819,16.85654853599817,2.0939320220733317,1.7740340849432314,nan
69.01,199.50680541992188,-178.74098205566406,-11.283519744873047,200.7578986537184,-179.0478773407482,-11.283502755703005,1.2881843796393988,0.4754185489550603,0.08365126426496998,3.570784089743325e-05,14.601367782148442,16.651395754456036,nan,nan,nan
69.02,199.4980926513672,-178.7412872314453,-11.285768508911133,200.74966423854394,-179.0479908583815,-11.28482245119576,1.2886036813656685,0.47546970898620516,0.08366677563990382,3.50107282178563e-05,14.62538976020618,16.913766587996957,nan,0.6474668563136481,nan
69.03,199.4893798828125,-178.74159240722656,-11.28798770904541,200.7414279333004,-179.04809783565494,-11.287070454620928,1.2890192937820193,0.4755209550581301,0.0836823488316833,3.571671589608474e-05,14.62242941051221,16.884938915821063,nan,nan,nan
69.04,199.48068237304688,-178.74188232421875,-11.29017162322998,200.733192805364,-179.04819889912037,-11.288785692777692,1.2894239597300565,0.4755722873028025,0.08369798398445331,3.5019249151165334e-05,14.65090543132589,16.812274672517752,nan,0.17736231275580075,nan
69.05,199.4719696044922,-178.74217224121094,-11.292316436767578,200.69955161354088,-179.04462355142806,-11.291165640353954,1.264292572280821,0.47550723239448767,0.08369182554328858,3.570350635953175e-05,13.801806901644703,15.756817836371361,11.051271695576675,nan,nan
69.06,199.4632568359375,-178.74244689941406,-11.294419288635254,200.69126780613468,-179.0447250436213,-11.29563316197181,1.2646677401113922,0.47555834596880864,0.08370748356523425,3.500653657342515e-05,13.802351054511599,15.877650029150395,nan,3.8240637553575096,nan
69.07000000000001,199.45455932617188,-178.74273681640625,-11.29648208618164,200.68298907816126,-179.04482194656507,-11.297756605676181,1.265028341910055,0.4756095455051861,0.08372320363496218,3.571232771148478e-05,13.802661020432385,15.547580606058261,nan,nan,nan
69.08,199.4458465576172,-178.74301147460938,-11.298503875732422,200.67471259609212,-179.04491374106172,-11.298915079847923,1.2654077951770977,0.47566083113554913,0.083738985896405,3.5015010021210827e-05,13.758557670698563,15.743629012923513,nan,0.604034400074449,nan
69.09,199.43714904785156,-178.74327087402344,-11.30048656463623,200.66643431245458,-179.0449996276104,-11.300950223513503,1.2657735648570059,0.47571220301698025,0.08375483049468815,3.5721139087316106e-05,13.754461128510748,15.68895497689199,nan,nan,nan
69.10000000000001,199.42843627929688,-178.7435302734375,-11.30242919921875,200.6640656435832,-179.04242142306063,-11.30373476025484,1.2712661207234635,0.47564703355613674,0.08374870110057958,3.5002265535003004e-05,14.387381725307925,16.432363310533397,3.8235842391979857,0.31037239807337497,nan
69.11,199.4197235107422,-178.74378967285156,-11.304332733154297,200.6557975613015,-179.04247821427398,-11.305702192246558,1.2716508084617388,0.4756981864462542,0.08376456796826721,3.570785639208187e-05,14.388994320752628,16.40572529307334,nan,nan,nan
69.12,199.41102600097656,-178.74403381347656,-11.306199073791504,200.6475267993077,-179.04252925191813,-11.308952631726704,1.2720225364062128,0.47574942535097864,0.08378049725466803,3.501069057253864e-05,14.548889999662633,16.494331228892626,nan,1.2305888612177245,nan
69.13,199.40231323242188,-178.74429321289062,-11.308027267456055,200.63925902120587,-179.04257588765782,-11.31085889822421,1.272405382175644,0.47580075042732933,0.08379648910514993,3.571662176852006e-05,14.555505716522323,16.50451573812982,nan,nan,nan
69.14,199.39361572265625,-178.74452209472656,-11.309819221496582,200.63099074853505,-179.04261731252728,-11.313005876167132,1.2727795835541291,0.47585216180730633,0.08381254366328098,3.5019107744472894e-05,14.616125812376241,16.634298770251675,nan,0.05395731124909683,nan
69.15,199.38490295410156,-178.74476623535156,-11.311575889587402,200.61659112478927,-179.04421287566535,-11.314907403181289,1.267570565763526,0.4757868781239274,0.08380643922247101,3.5703309711158446e-05,14.201229416799805,16.190263913736175,2.1830499565280603,nan,nan
69.16,199.37619018554688,-178.7449951171875,-11.313297271728516,200.60831524545043,-179.04425937779015,-11.315598251209595,1.2679497448333503,0.4758380701920875,0.08382251542770439,3.500629842769922e-05,14.037420527540773,16.12649626477169,nan,0.8759164842172498,nan
69.17,199.36749267578125,-178.74522399902344,-11.314985275268555,200.60003694687435,-179.04430046732892,-11.317358136809801,1.2683129521417056,0.475889348351741,0.08383865442055963,3.571202861973377e-05,14.03932611564144,15.933134576234492,nan,nan,nan
69.18,199.35877990722656,-178.74545288085938,-11.316637992858887,200.59175682692722,-179.04433643878255,-11.320009176344943,1.2686902027640334,0.4759407127350414,0.0838548563443487,3.501467525727767e-05,14.202838986816268,16.228114376672593,nan,0.6027183136817035,nan
69.19,199.35008239746094,-178.74566650390625,-11.318259239196777,200.5834787219955,-179.04436857933385,-11.32171273299317,1.2690552981881977,0.47599216349879914,0.08387112134482602,3.572074142795363e-05,14.206821696474067,16.175757374514575,nan,nan,nan
69.2,199.34136962890625,-178.74588012695312,-11.319847106933594,200.5432477359528,-179.03528492760998,-11.323202953624449,1.2362351655522719,0.4759267658981906,0.08386503772223791,3.500184182103684e-05,13.646003666417545,15.240161795248243,9.253512699694877,0.014284423979687226,nan
69.21000000000001,199.33265686035156,-178.74609375,-11.321403503417969,200.5349160762497,-179.0353044419607,-11.3248417498636,1.2365604991649144,0.4759779970299538,0.08388132372557724,3.570736830133823e-05,13.650384361879137,15.203281527752301,nan,nan,nan
69.22,199.32395935058594,-178.7462921142578,-11.322929382324219,200.52658870195967,-179.03532128090848,-11.32434280831751,1.2368739684112584,0.4760293143047626,0.08389767287943897,3.5010178154341145e-05,13.369536187616886,14.940466002860608,nan,3.1340951106974395,nan
69.23,199.31524658203125,-178.74649047851562,-11.324424743652344,200.5182569234535,-179.03533248482466,-11.325900540532405,1.2372007776241989,0.4760807178791946,0.08391408532983492,3.5716043509777576e-05,13.367661585926216,14.999231546996771,nan,nan,nan
69.24,199.30654907226562,-178.74668884277344,-11.325889587402344,200.50992404775053,-179.03533928711033,-11.327963256992287,1.2375114992373817,0.4761322078857324,0.08393056121968862,3.5018510744907206e-05,13.423307916091181,14.942608484625655,nan,0.20121658651902516,nan
69.25,199.29783630371094,-178.74688720703125,-11.327325820922852,200.49927742756006,-179.03237083544758,-11.329385860236336,1.234895104829381,0.47606669669810786,0.08392449424598014,3.5702649847180304e-05,13.632649081051367,15.08834376305478,0.899757637287769,nan,nan
69.26,199.28912353515625,-178.7470703125,-11.328733444213867,200.49093857230977,-179.03235833080024,-11.332355491600762,1.2352172910631034,0.4761179667530473,0.0839409904726247,3.500562514246888e-05,13.882737262748106,15.451193897003009,nan,1.575798655925193,nan
69.27,199.28042602539062,-178.7472686767578,-11.33011245727539,200.4826025558726,-179.0323430172904,-11.333818614922938,1.2355199414320617,0.4761693230260978,0.08395755021196025,3.5711287453771924e-05,13.887919209115896,15.19837680464953,nan,nan,nan
69.28,199.27171325683594,-178.74745178222656,-11.331464767456055,200.47426547380223,-179.0323235493544,-11.335699473946823,1.2358404795830873,0.4762207656500422,0.08397417360666216,3.5013925993375164e-05,14.010242481107591,15.510641050009369,nan,0.13935963954793879,nan
69.29,199.26300048828125,-178.74761962890625,-11.332789421081543,200.4659290537167,-179.03230084138085,-11.337114168337298,1.2361631080546926,0.47627229478102545,0.08399086080311792,3.57199234703088e-05,14.015228440885261,15.65549483040993,nan,nan,nan
69.3,199.25430297851562,-178.747802734375,-11.334087371826172,200.47062877703536,-179.02652344466648,-11.337874221367073,1.2478573727471822,0.4762066703129558,0.08398480627193157,3.500102507766253e-05,15.133838829616812,16.41910742358072,13.628637227590467,0.19201693174131262,nan
69.31,199.24559020996094,-178.7479705810547,-11.335360527038574,200.4623146424468,-179.02645496212799,-11.339231079397253,1.2481934450578627,0.4762579791730275,0.08400151311788008,3.570648245580805e-05,15.140408631271901,16.609080453618983,nan,nan,nan
69.32000000000001,199.2368927001953,-178.74813842773438,-11.336606979370117,200.45399953260423,-179.02638261371015,-11.34098103258366,1.2485143174458613,0.47630937430215414,0.08401828383143599,3.500929421829291e-05,15.263583617196462,16.6206913866342,nan,0.12312931827491293,nan
69.33,199.22817993164062,-178.74830627441406,-11.33782958984375,200.44568508683687,-179.02630709639703,-11.3422933151696,1.2488487437622044,0.47636085585612425,0.08403511855921822,3.571509003860531e-05,15.272226370706168,16.696507354790686,nan,nan,nan
69.34,199.21946716308594,-178.7484588623047,-11.339027404785156,200.43736803023938,-179.0262270120198,-11.344837863166251,1.249188307916734,0.47641242396823896,0.08405201744355142,3.50175640117843e-05,15.674383507229507,17.205973124208697,nan,1.1123342607881213,nan
69.35000000000001,199.2107696533203,-178.74862670898438,-11.340201377868652,200.42765249203066,-179.02245929462086,-11.346207905717089,1.247326824244917,0.47634668655006596,0.08404597112104058,3.570163769334243e-05,16.069742229293574,17.283190929022787,1.5089959559675408,nan,nan
69.36,199.20205688476562,-178.748779296875,-11.341352462768555,200.41933551109068,-179.02235960055856,-11.347431389496807,1.247657961951739,0.47639803407262304,0.0840628889464741,3.500462418002686e-05,16.112082777375395,17.500158077353554,nan,0.0008072525273216283,nan
69.37,199.19334411621094,-178.74893188476562,-11.342479705810547,200.41101828704186,-179.02225665369602,-11.348666179712408,1.2479884166445436,0.4764494679371635,0.08407987099493472,3.571021680737367e-05,16.125621535083503,17.508759704680422,nan,nan,nan
69.38,199.18463134765625,-178.74908447265625,-11.343585014343262,200.40270166075956,-179.02215089112912,-11.349559459830141,1.2483173677234778,0.4765009882773902,0.08409691740853815,3.501287098475982e-05,16.071013222967174,17.42023683209059,nan,0.07214979048228239,nan
69.39,199.17593383789062,-178.7492218017578,-11.3446683883667,200.39438445124,-179.0220417013336,-11.350748016275363,1.2486350774551849,0.4765525952485031,0.08411402833422099,3.5718798840419506e-05,16.081935008803303,17.41533793002231,nan,nan,nan
69.4,199.16722106933594,-178.74935913085938,-11.34572982788086,200.40299807788645,-179.03279972624983,-11.350012960142088,1.2678729160287798,0.4764867451886471,0.0841079859537997,3.49999244876007e-05,15.27338128134962,17.097140537081575,5.2367477928390676,2.442662708988918,nan
69.41,199.15850830078125,-178.74951171875,-11.346769332885742,200.39470860062698,-179.03271223253037,-11.351140728302854,1.26823216385725,0.47653813125183486,0.08412511509167368,3.5705312644078335e-05,15.282195134275744,16.96896183373668,nan,nan,nan
69.42,199.14981079101562,-178.74964904785156,-11.347789764404297,200.38641843516217,-179.03262148467195,-11.352523983732722,1.2685796302930241,0.4765896037076199,0.08414230879964268,3.500814813170773e-05,15.3829039776961,17.008315874198026,nan,0.05365968237198562,nan
69.43,199.14109802246094,-178.74977111816406,-11.348788261413574,200.37812861675818,-179.03252824671546,-11.353614619599005,1.2689442772270743,0.4766411627107653,0.08415956722482595,3.571387507266687e-05,15.389938984662292,17.291409786781042,nan,nan,nan
69.44,199.13238525390625,-178.74990844726562,-11.349767684936523,200.36984233998206,-179.03243425680063,-11.352741570894395,1.2693028468140792,0.47669280839561606,0.08417689050906081,3.5016376605507764e-05,14.987052313774534,16.710458738450154,nan,2.66794353797723,nan
69.45,199.12367248535156,-178.7500457763672,-11.350728034973145,200.36270276453172,-179.03311112692248,-11.353766662630058,1.2709568280111962,0.4766268460245514,0.08417084778316676,3.5700386154762064e-05,14.995283435362014,16.73707381674905,0.029599866185832442,nan,nan
69.46000000000001,199.11497497558594,-178.75025939941406,-11.351775169372559,200.35441889334655,-179.03306457040074,-11.35248352292888,1.271298742143378,0.47667827048384975,0.08418818853035037,3.5003403612737474e-05,14.7501475932166,16.61919240362987,nan,3.9057218242098615,nan
69.47,199.10626220703125,-178.75059509277344,-11.352910041809082,200.34613057675745,-179.0331126586241,-11.353617657310863,1.2716486346398441,0.4767297814063309,0.08420559419623444,3.5708928598311375e-05,14.752188192343308,16.508449532981697,nan,nan,nan
69.48,199.09754943847656,-178.75100708007812,-11.354131698608398,200.3378430003133,-179.0332572181198,-11.354324483813707,1.2720036545247682,0.47678137892680184,0.0842230649225024,3.501161715810265e-05,14.739451628889315,16.67578644513807,nan,0.18714422460640665,nan
69.49,199.08883666992188,-178.75152587890625,-11.355438232421875,200.3295544732294,-179.03349608740533,-11.355627868754237,1.2723552577355053,0.47683306319934365,0.0842406008565091,3.571747806720027e-05,14.740743641794792,16.58980315950995,nan,nan,nan
69.5,199.08013916015625,-178.7521209716797,-11.356827735900879,200.29505929317057,-179.01864992272198,-11.357306796732122,1.2438122208945002,0.4767669888277998,0.08423455346921019,3.499864526117896e-05,15.100450197406504,16.510408371045422,9.91042576969558,0.03705688892063272,nan
69.51,199.07142639160156,-178.7528076171875,-11.358302116394043,200.28672736631933,-179.01902897663436,-11.3587841742522,1.2441183640455833,0.47681845155744945,0.08425210609712097,3.570396743694108e-05,15.101612044855626,16.433211664179254,nan,nan,nan
69.52,199.06271362304688,-178.75350952148438,-11.359857559204102,200.27839747230024,-179.01945898422176,-11.359249424207986,1.244434292316777,0.4768700008007405,0.08426972398313654,3.5006843277715265e-05,15.103189000907076,16.57783687352321,nan,0.8475969666126454,nan
69.53,199.0540008544922,-178.7542266845703,-11.361495018005371,200.27006561765523,-179.01990521366307,-11.360882335742806,1.244748554691766,0.4769216367112753,0.08428740727473572,3.5712505123335445e-05,15.100349015050869,16.519808420408577,nan,nan,nan
69.54,199.04530334472656,-178.7549285888672,-11.363212585449219,200.26173328294558,-179.02035264345267,-11.362851245518229,1.2450509443049613,0.4769733594245689,0.08430515611341104,3.5015049788184896e-05,15.08823839151497,16.551827614016585,nan,0.04552282476366769,nan
69.55,199.03659057617188,-178.75563049316406,-11.365009307861328,200.24386342433698,-179.02313841848746,-11.36463297135795,1.2365550378598908,0.4769071733832437,0.08429909973393263,3.5698999216384774e-05,14.432156327901279,15.95399814266425,3.72823789738889,nan,nan
69.56,199.0278778076172,-178.75631713867188,-11.366884231567383,200.23551700695077,-179.02359006160026,-11.365445972537055,1.2368626923336243,0.47695867423710037,0.08431686447791084,3.500206215825269e-05,14.481448258663088,16.07192121648027,nan,0.8011710357458288,nan
69.57000000000001,199.0191650390625,-178.75698852539062,-11.368837356567383,200.22716873337106,-179.0240287758924,-11.367392658856982,1.2371683426287006,0.4770102616727339,0.08433469482169641,3.570752422347951e-05,14.474545520498511,16.112723903527392,nan,nan,nan
69.58,199.01046752929688,-178.75765991210938,-11.370867729187012,200.21882180939576,-179.02445559880815,-11.36870457729431,1.2374589625116792,0.4770619358261467,0.08435259090668798,3.50102606336245e-05,14.543989259907343,16.00878199883798,nan,0.3588395652061926,nan
69.59,199.0017547607422,-178.75831604003906,-11.372973442077637,200.2104738107484,-179.02486874172473,-11.370800017606735,1.237762823968216,0.47711369685021837,0.08437055288051033,3.571605973670908e-05,14.53723995490073,16.156506894087457,nan,nan,nan
69.60000000000001,198.9930419921875,-178.75894165039062,-11.375154495239258,200.22365182113035,-179.0322847145801,-11.373650997579345,1.2606027297830378,0.4770473994524968,0.08436448315422293,3.4997280584103095e-05,14.782523088974633,16.89472653042628,3.9348562458659697,0.3392106133606728,nan
69.61,198.98434448242188,-178.7595672607422,-11.377409934997559,200.21534000480983,-179.03267942811274,-11.375905136164297,1.2609292194744994,0.47709893830090094,0.08438246022566631,3.5702542277614514e-05,14.775308438898708,16.688743288143336,nan,nan,nan
69.62,198.9756317138672,-178.76019287109375,-11.379682540893555,200.20702907823804,-179.03306213972823,-11.37781573566005,1.2612694366020174,0.4771505637814715,0.08440050322886318,3.500546988523179e-05,14.807273030019157,16.74611969514495,nan,0.1076302478406464,nan
69.63,198.9669189453125,-178.7607879638672,-11.381940841674805,200.19871763017022,-179.03343220895715,-11.380115906350674,1.2616125454301836,0.4772022760465991,0.08441861231150286,3.5711072477547094e-05,14.794914958353983,16.94502172452598,nan,nan,nan
69.64,198.95822143554688,-178.76136779785156,-11.384171485900879,200.19040213927187,-179.0337874629219,-11.384908242427263,1.2619359347286359,0.4772540752330122,0.08443678761488191,3.501367068585766e-05,14.710019443850321,16.774869317107587,nan,4.454225118658287,nan
69.65,198.9495086669922,-178.76194763183594,-11.386364936828613,200.17188154693395,-179.02075477339494,-11.387105118332817,1.24947074475864,0.4771876668099768,0.08443070017801482,3.5697565755188914e-05,15.61877546802688,17.298836365799925,10.073451694760408,nan,nan
69.66,198.9407958984375,-178.76251220703125,-11.388518333435059,200.1635531655613,-179.02104445187425,-11.389956562601071,1.249790512218247,0.47723924350532665,0.08444888975256193,3.500068361546398e-05,15.658580577290612,17.38520799627996,nan,0.2684593719794039,nan
69.67,198.93209838867188,-178.76307678222656,-11.390630722045898,200.15522586765746,-179.0213234146864,-11.39215835790939,1.2500937911604166,0.47729090689850284,0.08446714559357399,3.570608916137073e-05,15.661260968168564,17.22965819659965,nan,nan,nan
69.68,198.9233856201172,-178.76361083984375,-11.39270305633545,200.14689632233234,-179.02158936464156,-11.395809923584153,1.2504163347925226,0.4773426571267185,0.0844854678423112,3.500888189737142e-05,15.86671702224789,17.644589942451137,nan,1.5661484207691558,nan
69.69,198.9146728515625,-178.76414489746094,-11.394733428955078,200.1385692625436,-179.0218457589729,-11.397946670396449,1.2507367763670236,0.47739449434164327,0.08450385664652275,3.5714625836783354e-05,15.876253672712435,17.59878683844816,nan,nan,nan
69.7,198.90597534179688,-178.76466369628906,-11.396724700927734,200.09921023044765,-179.01843088678197,-11.39895532200802,1.2199230558254497,0.47732797520958514,0.08449774711611348,3.4995907469907507e-05,14.692732410157598,16.140528260901615,12.08198233965134,0.77263821994853,nan
69.71000000000001,198.8972625732422,-178.7651824951172,-11.398675918579102,200.09083067102904,-179.01868120548374,-11.401002183717122,1.220193350138216,0.47737958961840565,0.08451614934668959,3.570111551086715e-05,14.69690475468671,16.123325333773337,nan,nan,nan
69.72,198.88856506347656,-178.76568603515625,-11.400588035583496,200.061420494542,-179.03932019218095,-11.40419490577779,1.204358137591524,0.47670735614375465,0.08385330704164554,3.500405709338105e-05,16.043263021740287,17.467553393414345,nan,0.9985729412275132,0.6108504544629704
69.73,198.87985229492188,-178.76617431640625,-11.402462005615234,200.0530213797778,-179.03959710492177,-11.406177769624628,1.2046159262783462,0.47675777820097776,0.08386867137452783,3.570960651453994e-05,16.0503037984554,17.57522998018534,nan,nan,nan
69.74,198.8711395263672,-178.7666473388672,-11.404298782348633,200.04462080168184,-179.03986493431822,-11.408345601248698,1.2048744891985084,0.47680828595045116,0.083884095205198,3.501226662350158e-05,16.122691596519502,17.693014906687097,nan,0.0347105445775055,nan
69.75,198.86244201660156,-178.76712036132812,-11.406099319458008,200.05435317911042,-179.0448611887915,-11.410212014430355,1.2238501137039568,0.47674390956018486,0.08387767473377557,3.569611319464614e-05,16.569259832576904,18.114430902847626,3.582188717511038,nan,nan
69.76,198.85372924804688,-178.76759338378906,-11.40786361694336,200.04598557798883,-179.04510840384225,-11.412044017031858,1.2241352941512145,0.4767942019693913,0.08389311925724334,3.499929340966939e-05,16.589307383603604,18.140554217232953,nan,0.0013699685169165773,nan
69.77,198.84503173828125,-178.76803588867188,-11.409592628479004,200.03761785303416,-179.04534638253938,-11.413885168427186,1.2244105426733691,0.47684457997062474,0.0839086234287321,3.5704648877826086e-05,16.597057176216396,18.280399069587723,nan,nan,nan
69.78,198.83631896972656,-178.7684783935547,-11.411286354064941,200.0292497306043,-179.04557548211267,-11.415767050565647,1.2246986051175173,0.47689504359386187,0.08392418735389809,3.500750447558897e-05,16.64735736697531,18.32781870994493,nan,0.003927298305039338,nan
69.79,198.82762145996094,-178.7689208984375,-11.412947654724121,200.0208821360131,-179.04579543541934,-11.417541908572066,1.2249700638831231,0.4769455930960562,0.08393981121533127,3.5713199841651516e-05,16.657877462082705,18.154106529056303,nan,nan,nan
69.8,198.81890869140625,-178.76934814453125,-11.414575576782227,200.00806538219794,-179.0416238542774,-11.41920958630271,1.2199381834407208,0.4768811159757299,0.08393342464021966,3.4994547500280014e-05,16.99339255452771,18.47835854831189,1.57617163452376,2.1396830772749583e-06,nan
69.81,198.81019592285156,-178.76976013183594,-11.416170120239258,199.99969162611106,-179.04181156960385,-11.420918792212008,1.2202190634266852,0.4769314498572536,0.08394906872974586,3.5699708581017176e-05,17.004325011808586,18.575164322515782,nan,nan,nan
69.82000000000001,198.80149841308594,-178.77017211914062,-11.417734146118164,199.99131768965782,-179.0419910410179,-11.4226079104614,1.2204831792251094,0.4769818692897141,0.08396477282502034,3.500275785378611e-05,17.044253865293317,18.444793754966383,nan,8.509663322665031e-05,nan
69.83,198.79278564453125,-178.77056884765625,-11.419265747070312,199.98294376733256,-179.0421621812688,-11.424255577970579,1.2207637750789948,0.4770323745214922,0.0839805371055046,3.570826275100956e-05,17.055737755337802,18.608354136824342,nan,nan,nan
69.84,198.78408813476562,-178.77096557617188,-11.420767784118652,199.97457381229245,-179.0423227557766,-11.425201076175618,1.221028468709062,0.47708296559517854,0.0839963616814513,3.501098361543684e-05,16.912711751991235,18.296731256644826,nan,0.31872727829829745,nan
69.85000000000001,198.77537536621094,-178.77134704589844,-11.422239303588867,199.99815451886082,-179.0522210721574,-11.42673636812368,1.2546311403641743,0.4770183879997838,0.08399000536227755,3.569478980517283e-05,17.519174929128223,19.428812475749957,9.56108955978615,nan,nan
69.86,198.7666778564453,-178.771728515625,-11.42368221282959,199.98983503258341,-179.052374179619,-11.42828796890278,1.2549488751521998,0.47706876322402064,0.08400584969560793,3.6414053029210276e-05,17.529342932179368,19.24008804917181,nan,nan,nan
69.87,198.75796508789062,-178.7720947265625,-11.425095558166504,199.9815155777715,-179.05251963652978,-11.429811373352761,1.2552833028168306,0.47711922411965385,0.0840217544434726,3.714775768748041e-05,17.539429621406093,19.444348477451484,nan,nan,nan
69.88,198.74925231933594,-178.7724609375,-11.426481246948242,199.9731960690005,-179.05265782106815,-11.431307272506036,1.2556161381676023,0.47716977083118367,0.08403771975037172,3.7896048280183234e-05,17.550107629266265,19.375217823549907,nan,nan,nan
69.89,198.7405548095703,-178.7728271484375,-11.427838325500488,199.96487654303573,-179.05278884432153,-11.432776227409203,1.2559325782355044,0.4772204035031103,0.08405374576080553,3.8659069307518746e-05,17.560887436454284,19.25080760853138,nan,nan,nan
69.9,198.73184204101562,-178.77316284179688,-11.429169654846191,199.99203511530058,-179.06970726434474,-11.435109145526127,1.294627535845563,0.4771557254719748,0.08404741593379636,3.7756886219508574e-05,17.797670668752783,20.593357738198442,13.284060769186326,0.3875059632282808,nan
69.91,198.72314453125,-178.7735137939453,-11.430473327636719,199.98377406383966,-179.06985823082462,-11.436535530626161,1.295007179135169,0.47720614196492595,0.08406346117387671,3.851569976756473e-05,17.811551543216574,20.251133477358415,nan,nan,nan
69.92,198.7144317626953,-178.7738494873047,-11.431751251220703,199.97550662910345,-179.07000621029957,-11.43908264588539,1.2954043278486822,0.47725664414816804,0.08407956719974935,3.764590534371722e-05,18.27885974753938,20.94059507564752,nan,0.7990688557386345,nan
69.93,198.70571899414062,-178.774169921875,-11.433004379272461,199.9672453342065,-179.07014393336158,-11.440470429080294,1.2958028646577304,0.4773072322639913,0.08409573418833417,3.840166272388049e-05,18.295187311864606,21.024529305146828,nan,nan,nan
69.94,198.697021484375,-178.7744903564453,-11.434231758117676,199.95898292312907,-179.0702755352403,-11.442033644212648,1.2961853317807888,0.4773579063614241,0.08411196225252118,3.7538356743059456e-05,18.457566851404028,20.988961828185598,nan,0.02442955043439547,nan
69.95,198.6883087158203,-178.77481079101562,-11.43543529510498,199.9456754781948,-179.05765350189668,-11.44351263016303,1.2888120179313534,0.4772931281411226,0.08410565517457619,3.8266159556898167e-05,19.86531296369253,22.0819140168273,17.578873407408768,nan,nan
69.96000000000001,198.6796112060547,-178.77511596679688,-11.436614036560059,199.93741383650416,-179.05771805944573,-11.443993039610497,1.2891803014400864,0.47734358578178976,0.0841219019352895,3.7410304315463e-05,19.610962147868864,21.771271130939603,nan,0.43571674160450036,nan
69.97,198.6708984375,-178.77542114257812,-11.437769889831543,199.92914760096406,-179.057778951656,-11.44528311064328,1.2895632354375721,0.4773941292729674,0.08413820989633365,3.81594644424243e-05,19.631441975590118,21.84945601936615,nan,nan,nan
69.98,198.6621856689453,-178.77572631835938,-11.438902854919434,199.92087698059518,-179.05783606670877,-11.44738677418445,1.2899463961819206,0.4774447586729855,0.08415457917386159,3.7309746579212146e-05,20.078647151043427,22.234033416110517,nan,0.43307748963322346,nan
69.99,198.6534881591797,-178.77601623535156,-11.440011978149414,199.91261050859023,-179.05788451755598,-11.44864083982166,1.2903151849651928,0.4774954742103748,0.08417100993997759,3.805631805780559e-05,20.101127722652205,22.21086552662899,nan,nan,nan
70.0,198.644775390625,-178.7762908935547,-11.441100120544434,199.90756054646775,-179.05755080686305,-11.447991552436328,1.2937468765119955,0.4774305958515746,0.08416472175756044,3.718902403590198e-05,19.679959720610427,21.998076301830494,0.43146046920626197,2.2668274222302442,nan
70.01,198.6360626220703,-178.77658081054688,-11.442166328430176,199.89929933074256,-179.05758210548123,-11.449184675682488,1.29413212891499,0.4774810946488858,0.08418117066262303,3.793220894697465e-05,19.699410564890254,21.844287848462685,nan,nan,nan
70.02,198.6273651123047,-178.77684020996094,-11.443211555480957,199.89103781180972,-179.0576077408519,-11.450375439460174,1.2945077902857973,0.47753167928125234,0.08419768112119226,3.7095333229919796e-05,19.778107994956937,21.979167681447116,nan,0.0002088323627776125,nan
70.03,198.61865234375,-178.77711486816406,-11.444235801696777,199.88277626550163,-179.05762773096936,-11.451528097097427,1.2948937922919244,0.47758234996879523,0.08421425330242772,3.7836223100030815e-05,19.797208314379024,21.95197187803207,nan,nan,nan
70.04,198.6099395751953,-178.77737426757812,-11.445239067077637,199.8745152334592,-179.05764206368173,-11.452535113205055,1.2952817706180333,0.4776331067822964,0.08423088732683162,3.700495658387053e-05,19.82598818811162,22.069145210773417,nan,0.010013512660021363,nan
70.05,198.6012420654297,-178.7776336669922,-11.446222305297852,199.87062715385704,-179.0614673892953,-11.453616616428436,1.3007516136739035,0.47756812850537933,0.08422461419923356,3.7719555702398196e-05,19.636111228294858,21.842162950508524,0.8508399079214907,nan,nan
70.06,198.592529296875,-178.77789306640625,-11.447186470031738,199.8623749503206,-179.06148183095956,-11.45406345485167,1.301144828170858,0.4776186682992261,0.08424126578412962,3.689478413464229e-05,19.464743664753843,21.745872871428894,nan,0.264960261288001,nan
70.07000000000001,198.5838165283203,-178.77813720703125,-11.448131561279297,199.85411974658416,-179.0614928846062,-11.455131884658845,1.3015412828154413,0.4776692940657353,0.08425797932216729,3.7630550878666004e-05,19.480102526092953,21.844156064714802,nan,nan,nan
70.08,198.57510375976562,-178.77847290039062,-11.449164390563965,199.84587378949345,-179.06154423073127,-11.454163533852837,1.301925818911704,0.4777200058832725,0.08427475493649769,3.6811042430169645e-05,18.857232194554694,21.28809720975124,nan,2.735479748092969,nan
70.09,198.56640625,-178.77891540527344,-11.450284957885742,199.83761800892324,-179.06169664633458,-11.455335711256977,1.3022941589481327,0.4777708039607244,0.0842915927923662,3.754490561820926e-05,18.858593255124543,21.037172704604878,nan,nan,nan
70.10000000000001,198.5576934814453,-178.77944946289062,-11.451491355895996,199.8362693901607,-179.06260814583035,-11.459243294091976,1.3095782857917877,0.4777057258348584,0.08428533078923563,3.670770887231119e-05,20.16001107617364,22.631250746220122,0.8780504316203742,4.389768128057189,nan
70.11,198.54898071289062,-178.7800750732422,-11.452783584594727,199.82802525693617,-179.0629438361643,-11.460616581496534,1.3099736785638971,0.4777563066085202,0.08430218560366834,3.743887007172005e-05,20.163424434222705,22.645615283300398,nan,nan,nan
70.12,198.54026794433594,-178.78079223632812,-11.4541597366333,199.8197801933224,-179.06337255779036,-11.462300258291673,1.3103699864835765,0.4778069733573177,0.08431910272369193,3.663040052027645e-05,20.335070590854585,22.836150597086185,nan,0.03243693529961065,nan
70.13,198.5315704345703,-178.78160095214844,-11.455618858337402,199.8115360969191,-179.06389199339637,-11.463846417320566,1.3107509380075335,0.4778577262833207,0.08433608231217822,3.7359902417523844e-05,20.338272184439685,22.70255509016633,nan,nan,nan
70.14,198.52285766601562,-178.78250122070312,-11.457160949707031,199.8032991280085,-179.06449752663679,-11.463750994229578,1.3111428918456849,0.47790856547500254,0.08435312449578844,3.655618462788445e-05,19.715628175206735,22.197498866707157,nan,1.923787661202301,nan
70.15,198.51414489746094,-178.7834930419922,-11.458784103393555,199.79384782199958,-179.0655387717745,-11.465405802556097,1.3104324536812202,0.47784338769958973,0.08434686969107204,3.726070356275618e-05,19.631003141075748,22.11565940955345,0.15936826228777584,nan,nan
70.16,198.5054473876953,-178.78451538085938,-11.460488319396973,199.78560104585384,-179.0663035709759,-11.467258195970365,1.3108179903459576,0.4778940093062916,0.08436392821080932,3.646257135390706e-05,19.70747857898756,22.10584584374353,nan,0.0036486963022600094,nan
70.17,198.49673461914062,-178.78553771972656,-11.462271690368652,199.77735474836496,-179.06709072222787,-11.469117448284699,1.311223426039015,0.47794471700712554,0.08438104942233109,3.718817162441801e-05,19.704989149195463,22.35738506943948,nan,nan,nan
70.18,198.48802185058594,-178.7865753173828,-11.464134216308594,199.76911023831204,-179.06787791860404,-11.470622098941066,1.3116252144730756,0.477995510896674,0.08439823345441722,3.639446316028255e-05,19.5972452446591,22.02745720236919,nan,0.12327132079747087,nan
70.19,198.47930908203125,-178.78758239746094,-11.466073989868164,199.76086396243394,-179.06865621693873,-11.472636535186105,1.3120321910993085,0.47804639116794456,0.08441548046680497,3.711872583719401e-05,19.59415328165074,22.217568566885884,nan,nan,nan
70.2,198.47061157226562,-178.78857421875,-11.468091011047363,199.7109088531781,-179.05195228121153,-11.473969758674292,1.2679668404570053,0.47798111382732933,0.08440922886262357,3.630706155728996e-05,19.237525062668315,20.94215915772109,15.958549566549294,0.3007315126423483,nan
70.21000000000001,198.46189880371094,-178.78955078125,-11.470184326171875,199.70259362651444,-179.05266909670559,-11.476131724660927,1.2683021181123972,0.47803177622870213,0.08442649156618735,3.702918310028578e-05,19.233943222904262,21.00523281205872,nan,nan,nan
70.22,198.45318603515625,-178.79051208496094,-11.472352027893066,199.69427530236737,-179.05336947716822,-11.479231277158785,1.2686386017677038,0.4780825247409122,0.08444381731196383,3.624481272428715e-05,19.57770058906147,21.3524223290437,nan,0.4874792839698553,nan
70.23,198.44448852539062,-178.7914581298828,-11.474595069885254,199.68596039640525,-179.0540494659564,-11.481553911242175,1.2689582506034236,0.4781333595515121,0.08446120625780792,3.696579631198479e-05,19.574796757790352,21.206509758953416,nan,nan,nan
70.24,198.43577575683594,-178.79237365722656,-11.476856231689453,199.6776483947957,-179.05470948691485,-11.483196587832113,1.2692942671293448,0.4781842807631839,0.08447865853528684,3.6185370827858634e-05,19.36779481600549,21.232017766390193,nan,0.3491915098041265,nan
70.25,198.42706298828125,-178.7932891845703,-11.479104995727539,199.67041379487307,-179.0461556432244,-11.485576089105619,1.2688201406087083,0.47811890404004975,0.08447240613218346,3.688238230385389e-05,20.62484422513088,22.14004796180157,10.441919997468622,nan,nan
70.26,198.41836547851562,-178.79417419433594,-11.481324195861816,199.66210361982712,-179.04674139399955,-11.488268271592945,1.2691426140062654,0.4781696070991899,0.08448987343580548,3.610670206447818e-05,20.819494148917453,22.336110261501013,nan,0.0788013795699647,nan
70.27,198.40965270996094,-178.7950439453125,-11.483508110046387,199.65379494989682,-179.04730887639232,-11.490587653598435,1.2694792745776862,0.4782203963729831,0.08450740415566271,3.682477788422505e-05,20.84061155667284,22.414189706102697,nan,nan,nan
70.28,198.4009552001953,-178.79588317871094,-11.485651969909668,199.64548344781917,-179.047860610871,-11.493720400679177,1.2698063966710753,0.4782712719689662,0.08452499842498716,3.605274050421147e-05,21.278172485688035,22.86732198153373,nan,0.48037678280404067,nan
70.29,198.39224243164062,-178.79672241210938,-11.48775577545166,199.6371750605123,-179.04839360169245,-11.49597222953747,1.2701429636908041,0.4783222340674809,0.08454265639916751,3.6769937604492804e-05,21.30432780214666,22.830011735318454,nan,nan,nan
70.3,198.38352966308594,-178.79754638671875,-11.48981761932373,199.6164811937664,-179.04659322519944,-11.49792605513459,1.2578789892099314,0.4782567580585737,0.08453639914106956,3.59795838186434e-05,20.922454708540858,22.34998868422882,1.897118789165468,0.06204323834350559,nan
70.31,198.3748321533203,-178.79833984375,-11.491840362548828,199.60815161025576,-179.04709622558804,-11.50009630724149,1.2581831269666057,0.47830750171890835,0.08455407145478118,3.669509082683855e-05,20.94506956748717,22.356147857959723,nan,nan,nan
70.32000000000001,198.36611938476562,-178.79913330078125,-11.49382209777832,199.59982128313138,-179.04758345288977,-11.502507296210624,1.2585004111186509,0.478358331621683,0.08457180753203589,3.593083048006305e-05,21.18218622235569,22.561101704875988,nan,0.05250720858689761,nan
70.33,198.357421875,-178.79989624023438,-11.49576473236084,199.59149210451682,-179.0480542913681,-11.504602206178692,1.258804929552492,0.4784092479429373,0.08458960752675819,3.664561895166527e-05,21.2064958120659,22.608009022281056,nan,nan,nan
70.34,198.3487091064453,-178.80064392089844,-11.497668266296387,199.58316792658292,-179.04850696719407,-11.505151316562692,1.2591190032621085,0.4784602507966044,0.08460747157435111,3.5884564389237206e-05,20.628926329313842,22.101296827914325,nan,1.5253201607051359,nan
70.35000000000001,198.3400115966797,-178.8013916015625,-11.499534606933594,199.59841716016447,-179.06182300648237,-11.507273765789025,1.285094927800195,0.47839467567159016,0.08460120539998268,3.6576146833823695e-05,20.470070609039666,22.165320371826976,7.516351237478664,nan,nan
70.36,198.331298828125,-178.80210876464844,-11.501362800598145,199.59012487760222,-179.06227798764118,-11.50982901982234,1.2854581768004076,0.47844545980316494,0.08461908308089555,3.581907874155394e-05,20.826171713078594,22.798742132146995,nan,0.23041725877757238,nan
70.37,198.32260131835938,-178.80282592773438,-11.503154754638672,199.58183453713818,-179.06271747812002,-11.511769421100949,1.285801745883142,0.478496330268728,0.08463702488829802,3.653175251218677e-05,20.84990900641043,22.567504284692742,nan,nan,nan
70.38,198.3138885498047,-178.8035125732422,-11.504911422729492,199.57354726245953,-179.06314081203018,-11.512625316572356,1.286159554216204,0.47854728718601025,0.08465503095887367,3.57776185882518e-05,20.47377458265267,22.425556285210636,nan,0.743428139522275,nan
70.39,198.30519104003906,-178.80419921875,-11.506632804870605,199.56525674560334,-179.06355153338706,-11.514485715520022,1.286503351590059,0.47859833072540336,0.08467310144464746,3.648977828106665e-05,20.493543936820817,22.202387451772353,nan,nan,nan
70.4,198.29647827148438,-178.80487060546875,-11.508319854736328,199.58885974595316,-179.08146869858504,-11.516278973442153,1.321673079182688,0.47853265659114735,0.08466682224907078,3.571692041007423e-05,20.248758582312774,22.85047068995906,12.720200121299872,0.0030331016327849766,nan
70.41,198.28778076171875,-178.80552673339844,-11.509973526000977,199.58062071285428,-179.08189162474181,-11.518072923126157,1.3220734823197828,0.47858348112213017,0.0846849056412859,3.642774545415207e-05,20.26770610593677,22.747849833160906,nan,nan,nan
70.42,198.27906799316406,-178.80616760253906,-11.51159381866455,199.57238324321722,-179.08230058374227,-11.519293639965406,1.3224874466611352,0.47863439202331154,0.08470305350325721,3.567998748926619e-05,20.120708302318416,22.765227895431014,nan,0.198708238842231,nan
70.43,198.27037048339844,-178.80679321289062,-11.513182640075684,199.5641442687138,-179.08269735500366,-11.521018372730191,1.3228889227408995,0.47868538946174755,0.08472126598589731,3.639042442863493e-05,20.137300854737582,22.65279551365567,nan,nan,nan
70.44,198.26165771484375,-178.8074188232422,-11.514739036560059,199.5559030509536,-179.08308266721596,-11.523583898956396,1.3233063804377567,0.47873647356013516,0.08473954322754156,3.564521022560887e-05,20.638035016098243,23.141178526597738,nan,0.5172468730765043,nan
70.45,198.25296020507812,-178.80801391601562,-11.516263961791992,199.56583388290463,-179.08779884866564,-11.525241593461603,1.342385004511767,0.4786707005764786,0.08473324689887356,3.633300808693134e-05,21.155522624033,24.070927716665597,3.263597506406136,nan,nan
70.46000000000001,198.24424743652344,-178.80860900878906,-11.517759323120117,199.557628747103,-179.08815639125584,-11.525945919531456,1.3428269532536592,0.4787215653814276,0.08475153630101225,3.559110887309154e-05,20.813695185347658,23.70128585420393,nan,0.5998604583301732,nan
70.47,198.2355499267578,-178.80918884277344,-11.519225120544434,199.54942108107855,-179.08850313071332,-11.527549638604055,1.3432584186240535,0.4787725166383056,0.08476989052571325,3.6300050458580566e-05,20.83176079614824,23.597987449618586,nan,nan,nan
70.48,198.22683715820312,-178.80975341796875,-11.520660400390625,199.54121344847965,-179.0888381623862,-11.529124942336233,1.3437056878193179,0.47882355448183783,0.08478830971477166,3.702330655952872e-05,20.85037730872237,23.83939291493392,nan,nan,nan
70.49,198.2181396484375,-178.81031799316406,-11.52206802368164,199.53300580647326,-179.08916172633627,-11.530672461869651,1.344135736238589,0.4788746790565245,0.08480679401268769,3.7761021676136004e-05,20.86864798851825,23.541369257349285,nan,nan,nan
70.5,198.2094268798828,-178.8108673095703,-11.523447036743164,199.5245767923929,-179.08853155165838,-11.532113901401253,1.3441695719858597,0.47880880733788467,0.08480047640620737,3.690988057462978e-05,21.07548444680772,23.958698681111024,0.4384784802935908,0.019284058386885957,nan
70.51,198.20071411132812,-178.8114013671875,-11.524799346923828,199.5163686419417,-179.0888293111872,-11.53360756115248,1.3446154441600955,0.47885971233221375,0.084818972098892,3.764469803462489e-05,21.094182362335424,23.999609158259982,nan,nan,nan
70.52,198.1920166015625,-178.81192016601562,-11.526124000549316,199.50815968593048,-179.08911637369323,-11.535367061025928,1.3450486200310674,0.47891070382024725,0.0848375329524316,3.682320133226274e-05,21.34471226922981,24.164773401686446,nan,0.05431791455426987,nan
70.53,198.1833038330078,-178.81243896484375,-11.527421951293945,199.49995120936313,-179.0893923415024,-11.536811638609398,1.3454930890695245,0.4789617819634412,0.08485615911584034,3.7556183705866495e-05,21.365529805700863,24.197666848562495,nan,nan,nan
70.54,198.1746063232422,-178.8129425048828,-11.528695106506348,199.49174425367983,-179.08965693470162,-11.537443494545087,1.345919662446749,0.47901294688997037,0.08487485072930281,3.6740071080339914e-05,21.09293617514915,23.812213338404764,nan,0.3968995098260589,nan
70.55,198.1658935546875,-178.8134307861328,-11.52994155883789,199.49331040600566,-179.10048732173223,-11.538617374247757,1.3581282051289525,0.4789469765905338,0.08486850769372803,3.744769071953095e-05,20.346715537085444,23.75162713082389,7.5349558233353875,nan,nan
70.56,198.15719604492188,-178.8139190673828,-11.531164169311523,199.4851186810422,-179.1007637768486,-11.538532471924551,1.3585700963706828,0.47899792165077665,0.08488720991775632,3.663778173124838e-05,19.80964187331373,22.88902326502799,nan,1.3407277008728073,nan
70.57000000000001,198.1484832763672,-178.81439208984375,-11.53236198425293,199.47692377305088,-179.10103203777257,-11.539853444065416,1.3590337504815644,0.4790489532798346,0.08490597764641161,3.736653152745985e-05,19.820873409782585,23.137999311508164,nan,nan,nan
70.58,198.13978576660156,-178.8148651123047,-11.533535957336426,199.46873307054986,-179.10128843886983,-11.539094516024582,1.3594742205157033,0.47910007160829665,0.08492481102063687,3.6561614144461595e-05,19.1553985642426,22.177578436318665,nan,2.7323917786654097,nan
70.59,198.13107299804688,-178.8153076171875,-11.534687042236328,199.46053795269455,-179.1015375621755,-11.540349338022908,1.3599399650858712,0.479151276794019,0.08494371018831806,3.728887829982821e-05,19.15982461788316,22.638934013652317,nan,nan,nan
70.60000000000001,198.1223602294922,-178.81576538085938,-11.53581428527832,199.44279765940558,-179.10584712500167,-11.541573126776544,1.3519377163376787,0.4790852080346088,0.08493733754839743,3.646636774969745e-05,18.299450949441763,21.517865777592334,6.113994785925263,0.006433855598977573,nan
70.61,198.11366271972656,-178.81619262695312,-11.536919593811035,199.43458362336085,-179.10610320428705,-11.542784783764622,1.3523736824418418,0.4791361930665471,0.0849562465235,3.719134362826332e-05,18.302550300892577,21.727003827096727,nan,nan,nan
70.62,198.10494995117188,-178.81661987304688,-11.538002967834473,199.42636896302903,-179.1063507420657,-11.544221490052179,1.35282328904352,0.479187264713184,0.08497522133604182,3.639682979668405e-05,18.42929332983198,21.83607290148403,nan,0.039591888211211616,nan
70.63,198.09625244140625,-178.81704711914062,-11.539064407348633,199.41815459160784,-179.10658923073586,-11.545393589078559,1.3532553298014385,0.47923842313031983,0.08499426213327664,3.7120535638438196e-05,18.435350127792724,21.574399528273684,nan,nan,nan
70.64,198.08753967285156,-178.8174591064453,-11.540103912353516,199.40994099153724,-179.1068187774833,-11.546047399828472,1.3537021799229711,0.47928966845161314,0.08501336905708934,3.633045099321836e-05,18.31784753263493,21.72376446302941,nan,0.16228931386000425,nan
70.65,198.07882690429688,-178.81787109375,-11.541123390197754,199.3899555342529,-179.1054889340518,-11.547127395904278,1.3423182761307915,0.47922350138107334,0.0850069626320226,3.702989416946615e-05,17.92920335610164,21.029183053014023,1.849996484808745,nan,nan
70.66,198.07012939453125,-178.81825256347656,-11.542122840881348,199.38172498732393,-179.1057054851507,-11.545684386366503,1.342730377186142,0.4792745262618302,0.085026078542255,3.624502840597202e-05,17.292018261133517,20.672734107047244,nan,4.273441881692816,nan
70.67,198.06141662597656,-178.8186492919922,-11.543102264404297,199.3734898903617,-179.10591607388662,-11.54674662837678,1.34315737591803,0.47932563782582366,0.08504526062488103,3.696557700702162e-05,17.29087678268274,20.381041279703673,nan,nan,nan
70.68,198.05270385742188,-178.81903076171875,-11.544061660766602,199.36525499749024,-179.10611864052152,-11.547553033003357,1.3435855518463762,0.47937683620845356,0.08506450902230753,3.618478977939556e-05,17.257131796402184,20.493688586400996,nan,0.03709903342089764,nan
70.69,198.04400634765625,-178.8195037841797,-11.545109748840332,199.35701958505842,-179.10636496458812,-11.548629579722556,1.3439886486232313,0.47942812156292036,0.08508382388101057,3.69043479647596e-05,17.248920403339152,20.436403275761503,nan,nan,nan
70.7,198.03529357910156,-178.820068359375,-11.546244621276855,199.3819652499833,-179.1524285979241,-11.549232219052408,1.387082132775227,0.46987749547046553,0.07920474839729016,3.6105478868849136e-05,17.12473670443787,20.45328151982962,13.661676344912124,0.38409457687712445,0.3453165651211981
70.71000000000001,198.02658081054688,-178.8207244873047,-11.547466278076172,199.37367528382768,-179.1529232957216,-11.550481234160447,1.3874540202174237,0.46993217377690444,0.0792146898705657,3.6823234594393664e-05,17.113030464267908,20.467710088952977,nan,nan,nan
70.72,198.01788330078125,-178.8214874267578,-11.548771858215332,199.36533925857682,-179.15346797753622,-11.548867911259299,1.3877494923508757,0.469986937766731,0.07922469005286963,3.605104525507272e-05,16.85598323330375,19.883127549376095,nan,5.780543244498437,nan
70.73,198.00917053222656,-178.82232666015625,-11.550162315368652,199.3570490928159,-179.15414532005076,-11.550260027552799,1.3881211210475397,0.4700417883127328,0.07923474969544787,3.676798256431639e-05,16.844491322453155,20.237926629566587,nan,nan,nan
70.74,198.00045776367188,-178.82325744628906,-11.5516357421875,199.34874700873576,-179.15490166746272,-11.550951475650255,1.38847839234664,0.4700967248435373,0.07924486834810744,3.599937137862715e-05,16.845850435722166,20.2411269761881,nan,0.4111625877978803,nan
70.75,197.99176025390625,-178.82427978515625,-11.553192138671875,199.32419447415532,-179.1552273703968,-11.55247288117025,1.3729194341980349,0.4700208191662249,0.07923708064641061,3.669287808053979e-05,16.040910763749466,19.50399768417177,5.990698350101013,nan,nan
70.76,197.98304748535156,-178.8253936767578,-11.554828643798828,199.31589272826497,-179.15619971231615,-11.554561382721012,1.3732840733610832,0.4700755203088961,0.07924724678615136,3.5928617806093826e-05,16.01627202620554,19.528927977059787,nan,0.13759082088451124,nan
70.77,197.97433471679688,-178.8265838623047,-11.556546211242676,199.307584177199,-179.15725275025918,-11.556283014940234,1.3736433694361576,0.47013030790184246,0.07925747261999701,3.664325109518067e-05,16.00230193525472,19.751720652627128,nan,nan,nan
70.78,197.96563720703125,-178.82786560058594,-11.558342933654785,199.29926782593668,-179.15838461208685,-11.557545737021087,1.3739774671253149,0.4701851814216604,0.07926775774578194,3.588226048649704e-05,16.004026400747602,19.6071650009426,nan,0.19553476429578479,nan
70.79,197.95692443847656,-178.82919311523438,-11.560218811035156,199.29095979700108,-179.1595927617808,-11.559422787741996,1.3743416234272765,0.4702401416687223,0.0792781028432366,3.659629486376334e-05,15.987529442552209,19.815515882582464,nan,nan,nan
70.8,197.94822692871094,-178.83053588867188,-11.562171936035156,199.24234676070986,-179.14443483717332,-11.560765862669909,1.3316458487471634,0.4701641522779586,0.0792704634890168,3.58167905121961e-05,15.834163706285496,18.853525040686915,15.298948726898079,0.21157414536991062,nan
70.81,197.93951416015625,-178.83187866210938,-11.564201354980469,199.2339707821318,-179.14565029498328,-11.562793678522997,1.331943153939273,0.4702188767265006,0.07928085566064977,3.6529405219765405e-05,15.814487756400684,18.746944139572577,nan,nan,nan
70.82000000000001,197.93080139160156,-178.83319091796875,-11.566307067871094,199.2256032769901,-179.14686100020444,-11.565465542495257,1.3322543117064585,0.4702736870425857,0.07929130740101725,3.577542145797712e-05,15.759103920368753,19.00222942961944,nan,0.21696308928611563,nan
70.83,197.92210388183594,-178.83450317382812,-11.568488121032715,199.21722777876053,-179.14804531962008,-11.567652388556114,1.3325371604656067,0.4703285839805966,0.07930181934490667,3.6487571931502e-05,15.738933486739496,18.546124807426562,nan,nan,nan
70.84,197.91339111328125,-178.8357696533203,-11.5707426071167,199.2088705718469,-179.14922358588487,-11.57120473266379,1.3328618116540527,0.47038356708652407,0.07931239115710174,3.573641934904836e-05,15.704262312018475,19.048378522420798,nan,1.1263819341815051,nan
70.85000000000001,197.90469360351562,-178.83702087402344,-11.573015213012695,199.18057526522077,-179.14254806129276,-11.573746063022448,1.311953280790865,0.4703074953230849,0.07930489626804255,3.642575525716728e-05,15.589813482141217,18.548961847206602,5.6724821645380405,nan,nan
70.86,197.89598083496094,-178.8382568359375,-11.575274467468262,199.1721796177048,-179.14366069566793,-11.576967691064374,1.312233865445235,0.47036224224646234,0.07931551473646338,3.567819921980168e-05,15.635973983546835,18.41660034712032,nan,0.5406708625744273,nan
70.87,197.8872833251953,-178.83946228027344,-11.57750415802002,199.16377214350072,-179.14473796619626,-11.57928549219164,1.312486236432909,0.4704170756866948,0.07932619363768799,3.638870947104244e-05,15.62176112119669,18.56674782348382,nan,nan,nan
70.88,197.87857055664062,-178.84063720703125,-11.579697608947754,199.155375091852,-179.14580010249279,-11.582311423810452,1.3127684662311645,0.47047199523360406,0.07933693267836149,3.564371732811101e-05,15.705211679516035,18.779220502132937,nan,0.3724996068779189,nan
70.89,197.869873046875,-178.841796875,-11.5818510055542,199.14696822872807,-179.14682975111643,-11.584567632100757,1.313021149518918,0.47052700157544797,0.0793477324308835,3.6353931857699764e-05,15.695669277740622,18.641579905737526,nan,nan,nan
70.9,197.8611602783203,-178.84292602539062,-11.583964347839355,199.1302379005674,-179.13500460531972,-11.58814457323471,1.3022616413094936,0.4704508475635653,0.07934037707196835,3.558995485875844e-05,17.071924415429493,19.379390789369975,18.808106012608082,1.419666877686118,nan
70.91,197.8524627685547,-178.8440399169922,-11.58603572845459,199.12180442288917,-179.1359329021778,-11.590334361058913,1.3024777266699972,0.4705056173210993,0.07935122301379925,3.6299043053178975e-05,17.07125512953406,19.306299406287877,nan,nan,nan
70.92,197.84375,-178.84512329101562,-11.588067054748535,199.1133555429946,-179.13682513087446,-11.591289415151694,1.3026889812177875,0.47056047312255606,0.07936212936118736,3.555968243837418e-05,16.83525204469095,19.184567900608805,nan,0.9760336274691205,nan
70.93,197.83505249023438,-178.84619140625,-11.590057373046875,199.10492256620515,-179.13770923126185,-11.593388061465971,1.3029058851778204,0.4706154156146479,0.07937309664772209,3.626857825731365e-05,16.83010818598458,19.11599816816204,nan,nan,nan
70.94,197.8263397216797,-178.84722900390625,-11.592008590698242,199.09646771289547,-179.13855239744203,-11.593729645816262,1.3031106613491317,0.47067044444985046,0.07938412463791261,3.553140287669569e-05,16.588290862101704,19.011575396218525,nan,2.0213734062872146,nan
70.95,197.81764221191406,-178.8482666015625,-11.593920707702637,199.10422993173225,-179.14271515471134,-11.595706756283688,1.3198526816307714,0.47059420940808416,0.07937690466631275,3.621792840184171e-05,17.07782075878929,19.13605362254045,2.4566484461524882,nan,nan
70.96000000000001,197.80892944335938,-178.84925842285156,-11.595794677734375,199.09582050228713,-179.14352994998455,-11.597673386269658,1.3201090329117253,0.4706490015126351,0.07938797854790255,3.694011660410406e-05,17.066408224706525,19.564766997711796,nan,nan,nan
70.97,197.80023193359375,-178.85025024414062,-11.597631454467773,199.08741133382279,-179.14432475581643,-11.599603342858565,1.3203463618063132,0.4707038799725354,0.0793991134171428,3.767677686040242e-05,17.056730839936556,19.233182760550772,nan,nan,nan
70.98,197.79153442382812,-178.85121154785156,-11.599431991577148,199.078971242144,-179.14507273880392,-11.598971814256343,1.3205484362439817,0.4707588446925768,0.07941030923669705,3.685444842420553e-05,16.940583074220523,19.30437338348152,nan,4.053351248155482,nan
70.99,197.78282165527344,-178.85215759277344,-11.6011962890625,199.07056243558048,-179.14582848773216,-11.600805606016108,1.3208024320256613,0.47081389629678494,0.07942156651443964,3.758926719331677e-05,16.92147803437937,19.240758573442783,nan,nan,nan
71.0,197.7741241455078,-178.85308837890625,-11.602925300598145,199.05769512225015,-179.14234052379362,-11.602967038005543,1.315758814296617,0.47073758042469394,0.07941447693016343,3.6749402616080276e-05,17.202661175958543,19.29760233461103,1.5559906967677744,0.10843950385204186,nan
71.01,197.76541137695312,-178.85398864746094,-11.604619979858398,199.04927570898465,-179.14304322516773,-11.604735811026512,1.3160015901863003,0.4707923946739578,0.07942577940328557,3.74815733407184e-05,17.185101817601392,19.481837807687405,nan,nan,nan
71.02,197.7567138671875,-178.85488891601562,-11.606280326843262,199.0408675271179,-179.14373714448962,-11.607407613813589,1.316239033071557,0.4708472951198596,0.07943714308450577,3.667068829542237e-05,17.202870920658192,19.25410251296095,nan,0.5625799640653794,nan
71.03,197.74801635742188,-178.8557586669922,-11.607908248901367,199.03244821688958,-179.1444035892251,-11.60911998935497,1.3164659361568887,0.4709022823439797,0.07944856844435123,3.7401256562854346e-05,17.189352749038004,19.436749437210032,nan,nan,nan
71.04,197.7393035888672,-178.8566131591797,-11.609503746032715,199.02398933489357,-179.14501864816683,-11.60740865913373,1.3166622883299992,0.4709573560639442,0.0794600553099468,3.6595289198886726e-05,17.252934203663145,19.465125197228602,nan,7.416944421605809,nan
71.05,197.73060607910156,-178.85745239257812,-11.611066818237305,198.99342466066474,-179.14611694469588,-11.609012253860785,1.2953926874987998,0.4708809605029354,0.07945309176444679,3.730085502010089e-05,16.04187077249032,18.605665692374444,11.486188074123136,nan,nan
71.06,197.72189331054688,-178.85826110839844,-11.61259937286377,198.98496446765918,-179.14675136748303,-11.609286818430672,1.2956026977945796,0.47093579649786643,0.0794646232970569,3.650062081704821e-05,16.20872836077874,19.016506192950033,nan,1.1133707490797162,nan
71.07000000000001,197.71319580078125,-178.85906982421875,-11.614100456237793,198.9765191894641,-179.14738187006114,-11.61082925133841,1.295808828860365,0.47099071916587937,0.0794762167264372,3.722738681184384e-05,16.176048382618482,18.752163181988333,nan,nan,nan
71.08,197.70449829101562,-178.85986328125,-11.615571975708008,198.9680669270233,-179.14798992085016,-11.611702557552434,1.2960083451685198,0.4710457282635315,0.07948787191337373,3.643170268087105e-05,16.28017513270585,18.852377912232935,nan,0.26624228175519216,nan
71.09,197.69578552246094,-178.86062622070312,-11.61701488494873,198.95962182721368,-179.14858807591116,-11.613180453070953,1.2962325941488086,0.47110082431375105,0.07949958927814138,3.7157178954433835e-05,16.24458288334735,19.068504238809194,nan,nan,nan
71.10000000000001,197.6870880126953,-178.86138916015625,-11.618428230285645,198.9167937547362,-179.13470773361158,-11.61547017010388,1.259717430507348,0.47102434933234855,0.07949274671065876,3.634357205784039e-05,15.998142729387757,18.390237784849035,11.550515466452635,0.4415082662809869,nan
71.11,197.67837524414062,-178.8621368408203,-11.619813919067383,198.90828982510865,-179.1352489210908,-11.61690088051264,1.2598764108677718,0.4710792072719604,0.07950450817088175,3.706694635679045e-05,15.967683247678064,18.296979774870064,nan,nan,nan
71.12,197.669677734375,-178.86285400390625,-11.621171951293945,198.8997913989631,-179.13577982460944,-11.618819412871952,1.2600292321410147,0.47113415157308614,0.07951633163532097,3.628080607070221e-05,15.870076707444746,18.597938459058753,nan,0.1738957499735812,nan
71.13,197.66098022460938,-178.8635711669922,-11.622502326965332,198.8912874421021,-179.13629158745903,-11.620201852858944,1.260173626662391,0.47118918272306903,0.07952821749402642,3.7003083903323686e-05,15.840947226010284,18.350554977336692,nan,nan,nan
71.14,197.6522674560547,-178.86427307128906,-11.62380599975586,198.88277542255415,-179.13678223332045,-11.620779972674816,1.2603254563205397,0.47124430053208133,0.07954016565293355,3.622096822250174e-05,15.931756144298289,18.406561898963975,nan,0.3989380566317351,nan
71.15,197.64356994628906,-178.86495971679688,-11.62508487701416,198.8571333718719,-179.12337872231984,-11.62207658961543,1.240776216777584,0.4711677471622693,0.07953343950336379,3.691922628092224e-05,16.653267086777806,18.865572645997677,13.196121945883297,nan,nan
71.16,197.63485717773438,-178.86563110351562,-11.626337051391602,198.84858237157206,-179.12379410450933,-11.622395820116026,1.240883763509854,0.47122262649641383,0.07954543117581524,3.614192627236747e-05,16.819959220726616,19.03950083544889,nan,0.6338355769293252,nan
71.17,197.62615966796875,-178.8662872314453,-11.627564430236816,198.8400411099028,-179.12420443809197,-11.62366004694221,1.240985368473474,0.4712775925763808,0.07955748545649002,3.6861364078663e-05,16.784693010188857,19.152602183109252,nan,nan,nan
71.18,197.61744689941406,-178.86692810058594,-11.628767967224121,198.8315099070497,-179.12461000255232,-11.625927224113894,1.241111203289913,0.47133264524476554,0.07956960227836749,3.608776280859515e-05,16.57622128190814,18.88365886660059,nan,0.699552090534597,nan
71.19,197.60874938964844,-178.86756896972656,-11.6299467086792,198.82296859219815,-179.12499424593645,-11.62715435022837,1.2412106356045767,0.47138778494007777,0.0795817819910971,3.6806353609007574e-05,16.546567485072416,18.820413444388414,nan,nan,nan
71.2,197.60003662109375,-178.86817932128906,-11.631102561950684,198.80343623002167,-179.1228908179433,-11.626763885076842,1.2300680425946926,0.4713111535279399,0.07957516715396258,3.601439596637361e-05,16.593735051305874,19.086825280592752,1.8866581370649942,1.4001633675652947,nan
71.21000000000001,197.59133911132812,-178.86878967285156,-11.632235527038574,198.79487831728414,-179.12325233113333,-11.62792929436747,1.2301530020175893,0.4713660543717931,0.07958738975930212,3.673131980796319e-05,16.556923859030576,19.00333637572988,nan,nan,nan
71.22,197.58262634277344,-178.869384765625,-11.633345603942871,198.78630000888353,-179.12358494751385,-11.626921639659779,1.2302395271963678,0.47142104173167654,0.07959967514191373,3.596558174345429e-05,17.180886324817674,19.612828086637073,nan,3.0916287356691936,nan
71.23,197.5739288330078,-178.86996459960938,-11.63443374633789,198.77774187326764,-179.12392237835627,-11.628022952803827,1.2303257648116661,0.4714761160166693,0.07961202362735498,3.668181235232798e-05,17.134082786350184,19.78810895526239,nan,nan,nan
71.24,197.56521606445312,-178.87054443359375,-11.635499000549316,198.7691821308801,-179.12424688037464,-11.6289328311739,1.230423640536264,0.4715312771136987,0.07962443518461913,3.591930882204958e-05,17.196258804201168,19.6419595071197,nan,0.019524048566835872,nan
71.25,197.5565185546875,-178.87109375,-11.636544227600098,198.79467940563472,-179.14010635280962,-11.630065160672803,1.267064343905633,0.4714545685980838,0.07961792691887963,3.6612262255490356e-05,17.116823226743104,20.13347515926795,13.065499503467986,nan,nan
71.26,197.5478057861328,-178.87164306640625,-11.637568473815918,198.78618312360288,-179.1404433830669,-11.631407539438387,1.2672292599639283,0.47150949048530727,0.07963038073512788,3.585377091302996e-05,17.01019208421242,19.79652211717233,nan,0.06135566552556273,nan
71.27,197.5391082763672,-178.87217712402344,-11.638571739196777,198.77768392279526,-179.14076710999777,-11.63243107517551,1.2673783650690253,0.47156449919636034,0.07964289786353913,3.65679228139971e-05,16.96269206152811,19.958920668198406,nan,nan,nan
71.28,197.5303955078125,-178.87271118164062,-11.639555931091309,198.76918471001179,-179.14107991388948,-11.633435168312385,1.2675401089004632,0.47161959475701865,0.07965547836908869,3.729646475341686e-05,16.91794581885154,19.641943234113814,nan,nan,nan
71.29,197.52169799804688,-178.87322998046875,-11.640520095825195,198.76068559435555,-179.141382145683,-11.634420429915826,1.2676880741886163,0.4716747773117824,0.07966812239627676,3.803954123148923e-05,16.872172932360332,19.82309272335258,nan,nan,nan
71.3,197.5129852294922,-178.87384033203125,-11.641571998596191,198.7440801449026,-179.13675533396795,-11.635820469781198,1.2588693614019089,0.47159799209230224,0.07966171554462868,3.71706125132123e-05,16.95464876380451,19.784754074604862,1.5053143941939235,0.12063505793481263,nan
71.31,197.50428771972656,-178.87454223632812,-11.64271068572998,198.73556529424582,-179.13717802386174,-11.636932692529983,1.2589898361832934,0.4716529350693941,0.07967440116183995,3.7910482703252255e-05,16.9316708830266,19.935227327114646,nan,nan,nan
71.32000000000001,197.49557495117188,-178.87533569335938,-11.643936157226562,198.72704067745067,-179.13768436563592,-11.636951709495461,1.259120106802661,0.4717079646995099,0.07968715030223994,3.707232305211838e-05,17.35395508930077,20.287952020409413,nan,0.8753097373567988,nan
71.33,197.48687744140625,-178.876220703125,-11.645246505737305,198.71852559597286,-179.13828921331358,-11.638226190145541,1.259240392264645,0.47176308134379646,0.07969996325119807,3.781007611836037e-05,17.32788014804209,20.40006570883738,nan,nan,nan
71.34,197.47816467285156,-178.87718200683594,-11.64664077758789,198.7099831858975,-179.13896174035068,-11.636189774542862,1.2593707561422887,0.4718182849365009,0.07971284001716014,3.697804272712285e-05,18.963672609624847,22.265278135154478,nan,7.281380641737912,nan
71.35000000000001,197.46945190429688,-178.8782501220703,-11.648118019104004,198.7197049545328,-179.14555879415346,-11.637677520595144,1.278552157639338,0.4717414238911814,0.07970652969737789,3.768987413524898e-05,19.18492102928659,22.25507166709691,2.792437106372442,nan,nan
71.36,197.46075439453125,-178.87939453125,-11.649678230285645,198.71122362288347,-179.1464378200303,-11.639739189157234,1.2787041071635494,0.47179638755450953,0.0797194473703194,3.686478154157705e-05,18.958440402606087,22.332594696435603,nan,0.2028510699398845,nan
71.37,197.45204162597656,-178.88063049316406,-11.651318550109863,198.70273788033748,-179.14739957353476,-11.641323913053668,1.2788693270557943,0.47185143813077474,0.07973242905520464,3.759777087066845e-05,18.922966079389383,22.24991014581607,nan,nan,nan
71.38,197.44334411621094,-178.88194274902344,-11.653039932250977,198.69425597584146,-179.14844968747332,-11.643466970180626,1.2790223103640583,0.47190657557835936,0.07974547477883735,3.6778349593330195e-05,18.743275796446255,22.357857902073704,nan,0.14494332269627902,nan
71.39,197.43463134765625,-178.8833465576172,-11.654840469360352,198.6857707304593,-179.1495815209064,-11.645219073596571,1.2791885639478007,0.4719618002220858,0.07975858479912402,3.750961253584177e-05,18.70642691589137,22.20372996377285,nan,nan,nan
71.4,197.42593383789062,-178.88482666015625,-11.656720161437988,198.6594181890853,-179.15434979440107,-11.648867194471134,1.2626115925435994,0.47188486379366174,0.07975236580505798,3.667301553262952e-05,16.69354005526964,20.911583086193787,11.578666443025217,2.022178990896858,nan
71.41,197.41722106933594,-178.8863983154297,-11.658676147460938,198.6509140258245,-179.1556858662096,-11.650796387650784,1.2627652935162648,0.4719398481479522,0.07976551601631957,3.740175372688351e-05,16.657110836985932,20.72171251808073,nan,nan,nan
71.42,197.4085235595703,-178.88803100585938,-11.660710334777832,198.64242040998406,-179.15710309902286,-11.654240417816961,1.2629105623937964,0.47199491929476295,0.07977873048338148,3.6594033182834405e-05,16.12396156090407,20.33422874355334,nan,1.3309798461486724,nan
71.43,197.39981079101562,-178.88967895507812,-11.662818908691406,198.63391681116835,-179.15855203116982,-11.656339081856789,1.263072598143119,0.47205007753761646,0.07979200944827482,3.732128517390551e-05,16.086300368159986,20.352875611735154,nan,nan,nan
71.44,197.39111328125,-178.8913116455078,-11.665003776550293,198.62543183438308,-179.16001866042734,-11.661159632568857,1.2632341540341803,0.4721053228669669,0.0798053529615747,3.65185905585706e-05,15.344434036542879,19.84831838499779,nan,4.531002798024506,nan
71.45,197.3824005126953,-178.89292907714844,-11.667262077331543,198.66343360693435,-179.18420781081915,-11.66345749921864,1.3137364895743229,0.4720283118615224,0.0797992202792781,3.722116161978621e-05,15.1596942623651,20.184845200567807,26.593684444213952,nan,nan
71.46000000000001,197.3737030029297,-178.89451599121094,-11.669537544250488,198.65501456276832,-179.1856732258359,-11.666022107815461,1.3139802916877712,0.47208331655555935,0.07981260325232321,3.642427715542376e-05,15.087717098875506,20.316784100721957,nan,0.037601482865936564,nan
71.47,197.364990234375,-178.8960723876953,-11.671799659729004,198.6465941748515,-179.18710988482025,-11.668351675792925,1.3142387049432176,0.47213840824598996,0.07982605092157882,3.7147965909663277e-05,15.046505630301324,20.279908064127785,nan,nan,nan
71.48,197.35629272460938,-178.89761352539062,-11.674032211303711,198.6381764540997,-179.18851902070054,-11.671020783876546,1.3144812557920562,0.47219358694201663,0.07983956335129155,3.6355706925043555e-05,14.954705049582907,19.91693418394399,nan,0.08472705690976907,nan
71.49,197.34759521484375,-178.89910888671875,-11.676228523254395,198.62975655507148,-179.18989661953773,-11.673301435667035,1.3147257416565326,0.47224885291894947,0.07985314076302638,3.707822153073495e-05,14.91351444331834,20.265786433585884,nan,nan,nan
71.5,197.33888244628906,-178.9005889892578,-11.678384780883789,198.5810643673565,-179.1852328748787,-11.67448369382116,1.2743834921751076,0.472171767821592,0.07984708914731492,3.6268275843726345e-05,13.902358346522796,19.130050115640344,15.632322182629311,0.7361912403278279,nan
71.51,197.33018493652344,-178.90203857421875,-11.680500030517578,198.57258706041526,-179.18657121589825,-11.676677434483958,1.2745730555258348,0.4722267928115933,0.07986070525781613,3.6988808950972546e-05,13.854975930469399,19.203687979239366,nan,nan,nan
71.52,197.3214874267578,-178.9034423828125,-11.682574272155762,198.56410820959533,-179.18787920503442,-11.678526610169472,1.2747655075907058,0.47228190472480025,0.07987438633636679,3.6206188034381894e-05,13.888042909689966,19.689880801418813,nan,0.06105170871347701,nan
71.53,197.31277465820312,-178.9048309326172,-11.68460750579834,198.5556317373002,-179.18916023819773,-11.680637214050384,1.2749716217587599,0.4723371038200873,0.07988813259282912,3.6925738246473233e-05,13.840000988440686,19.256921114204015,nan,nan,nan
71.54,197.3040771484375,-178.90618896484375,-11.686600685119629,198.54715661616936,-179.1904143648161,-11.682902003316013,1.275164429135728,0.4723923901314012,0.07990194410898671,3.614717599436287e-05,13.768254351716756,19.348763450992102,nan,0.02481997360828294,nan
71.55,197.29537963867188,-178.90753173828125,-11.688554763793945,198.56885598531517,-179.20944992774272,-11.68496932952562,1.308781667783643,0.47231523168985573,0.07989596843927017,3.684298454445625e-05,13.366884268804226,19.324537930036357,16.233204825825553,nan,nan
71.56,197.2866668701172,-178.90882873535156,-11.690468788146973,198.56043924297708,-179.21069689458858,-11.687473673922534,1.309056688662294,0.47237027667433934,0.07990981787670466,3.60692480300334e-05,13.243234896711174,19.7736592635866,nan,0.17134030507868067,nan
71.57000000000001,197.27796936035156,-178.9101104736328,-11.69234561920166,198.55201980794732,-179.21191535282455,-11.689437801758729,1.3093124850566282,0.4724254087423399,0.07992373268498297,3.678618632389228e-05,13.201366053720614,19.45728293956172,nan,nan,nan
71.58,197.26927185058594,-178.91136169433594,-11.694184303283691,198.54360405903375,-179.21311070509222,-11.691995275232115,1.309572386248158,0.47248062794216444,0.07993771295585177,3.601615987955354e-05,13.081146294341856,19.547711779935746,nan,0.2642009863514408,nan
71.59,197.2605743408203,-178.91259765625,-11.6959867477417,198.53518502241397,-179.21427832729594,-11.693893102935892,1.3098274696554317,0.47253593451108195,0.0799517588842479,3.673236026307349e-05,13.044966458149817,19.214617801102953,nan,nan,nan
71.60000000000001,197.25186157226562,-178.91380310058594,-11.697752952575684,198.53035423583353,-179.21754805283555,-11.69543011853852,1.3140813834660456,0.472458703240739,0.07994585387905181,3.5944118235538195e-05,13.037826664369636,19.430757765846803,0.25909389603251526,0.05964039109933956,nan
71.61,197.2431640625,-178.91497802734375,-11.699484825134277,198.52194183111087,-179.2186718669048,-11.697254564986782,1.3143467973640146,0.47251376813930807,0.07995993692420802,3.6658763219305715e-05,12.99995972923224,19.581480379268786,nan,nan,nan
71.62,197.23446655273438,-178.9161376953125,-11.701181411743164,198.51352928362232,-179.2197717011741,-11.699011533951154,1.3146101275403732,0.4725689200841865,0.07997408563059033,3.589658183313485e-05,12.972815640428415,19.380773965441385,nan,0.0007635303950694982,nan
71.63,197.22576904296875,-178.9172821044922,-11.702844619750977,198.50511695719675,-179.22084840760274,-11.700768768695507,1.3148718170153864,0.4726241593001578,0.0799883001847185,3.661063872404495e-05,12.937488527969125,19.107447474986813,nan,nan,nan
71.64,197.21705627441406,-178.9183807373047,-11.704473495483398,198.49670005817848,-179.22189882302163,-11.701577146131575,1.3151501171059339,0.4726794858543242,0.08000258069096328,3.585167508262559e-05,13.030523223812843,19.902426634093757,nan,0.5647255056625256,nan
71.65,197.20835876464844,-178.9194793701172,-11.706070899963379,198.45657485651296,-179.2161340616321,-11.703241052724087,1.282986915764435,0.47260218245572655,0.07999674114537171,3.65426880253897e-05,12.332286032910385,18.604106124712743,8.045808509685445,nan,nan
71.66,197.1996612548828,-178.92054748535156,-11.707636833190918,198.44813055668212,-179.2171596699027,-11.708114665796122,1.2832204073671232,0.47265726700573496,0.0800110579465279,3.5787701789396176e-05,12.096365731222402,18.600170358841584,nan,7.000403111200842,nan
71.67,197.1909637451172,-178.9215850830078,-11.7091703414917,198.439670811145,-179.2181526711002,-11.709768523763891,1.2834414785555028,0.4727124387289428,0.08002544078256753,3.649988749133925e-05,12.075897274267609,18.921870293427663,nan,nan,nan
71.68,197.1822509765625,-178.92262268066406,-11.710674285888672,198.43122132521447,-179.21913192503965,-11.713614518731804,1.283687387482313,0.47276769770326327,0.08003988976492155,3.5747819142417086e-05,12.286505389401068,18.403407769124343,nan,3.338931150034602,nan
71.69,197.17355346679688,-178.92361450195312,-11.71214771270752,198.42276140782366,-179.22008332975537,-11.715231174323952,1.2839095581536686,0.4728230441372174,0.08005440506952477,3.645960520928305e-05,12.281276918133749,19.21788747240282,nan,nan,nan
71.7,197.16485595703125,-178.9246063232422,-11.713591575622559,198.408599808543,-179.2253620870296,-11.716599222266387,1.2795944058813842,0.47273293503133446,0.0787981672544733,3.56887570981693e-05,15.032350886460579,20.800481038508426,6.152861915417355,0.01552749924391429,0.13966315637891677
71.71000000000001,197.15615844726562,-178.92556762695312,-11.715006828308105,198.4001174452218,-179.226261678656,-11.718156269396191,1.279789365600764,0.47278786885899,0.07880843760493825,3.639931465897556e-05,15.021523882612826,21.05801658451076,nan,nan,nan
71.72,197.14744567871094,-178.926513671875,-11.716394424438477,198.39163281855585,-179.227136182422,-11.719105587664107,1.2799933137360793,0.47284288872655195,0.0788187668587843,3.5653552729851925e-05,14.926622595826792,20.73994300487118,nan,0.22895337252717965,nan
71.73,197.1387481689453,-178.9274444580078,-11.717753410339355,198.38315018475734,-179.22799713546596,-11.720602529188053,1.2801860827092721,0.47289799481768957,0.07882915542474594,3.636382586540414e-05,14.914790331070254,20.75349885384183,nan,nan,nan
71.74,197.1300506591797,-178.92835998535156,-11.719085693359375,198.3746697838019,-179.22884535226908,-11.722705203014725,1.280383271507809,0.4729531872394954,0.07883960319003888,3.562055919076886e-05,15.03085009621526,20.7545283142029,nan,0.2722876845332101,nan
71.75,197.12135314941406,-178.9292449951172,-11.720392227172852,198.41764206694273,-179.25116786515633,-11.724105426935745,1.3356695249253732,0.4728764688535879,0.07883182711484038,3.630829457031572e-05,15.205423054713279,21.912922077213693,25.60404173246844,nan,nan
71.76,197.11264038085938,-178.93011474609375,-11.721672058105469,198.4092468399878,-179.2520132031553,-11.72558838632603,1.3359724039585728,0.472931423135329,0.07884232064290597,3.556828245783323e-05,15.22841481502632,21.854407719056297,nan,0.002315287329057513,nan
71.77,197.10394287109375,-178.93096923828125,-11.722926139831543,198.40085122803964,-179.25284025720768,-11.726989016176226,1.3362592361158905,0.47298646355554014,0.0788528737271361,3.627724939194992e-05,15.223254106888788,21.815283287483528,nan,nan,nan
71.78,197.09524536132812,-178.9318084716797,-11.72415542602539,198.39245914403415,-179.2536599176844,-11.729475285145528,1.336555368190501,0.473041590227414,0.07886348628181718,3.553947797586222e-05,15.535820533903365,22.044371508234136,nan,0.843310722061367,nan
71.79,197.08653259277344,-178.93263244628906,-11.725359916687012,198.38406350742588,-179.2544530556547,-11.730838650313126,1.3368563855603233,0.4730968033252179,0.07887415867526065,3.6248301934583587e-05,15.53981467261233,21.978454518524813,nan,nan,nan
71.8,197.0778350830078,-178.93344116210938,-11.726540565490723,198.38818863587278,-179.2633834420442,-11.732091446324077,1.3512657598979005,0.4730200094716589,0.07886652534147262,3.69483553017055e-05,15.256726838710955,22.140738756665986,4.7805731894379315,nan,nan
71.81,197.0691375732422,-178.93423461914062,-11.727697372436523,198.3798178233147,-179.26416861128672,-11.733406759313697,1.3515812051823386,0.4730749840632257,0.07887724308815672,3.768510785292662e-05,15.259205400121289,22.112274045518866,nan,nan,nan
71.82000000000001,197.0604248046875,-178.93499755859375,-11.72883129119873,198.3714495653383,-179.26494554807954,-11.735633058492546,1.3519237636951078,0.47313004482542687,0.0788880205632675,3.686220504015679e-05,15.619859880474625,22.89456168467853,nan,0.5532423471694585,nan
71.83,197.05172729492188,-178.93576049804688,-11.72994327545166,198.36307842470416,-179.26569921571965,-11.736913600917205,1.3522388577606825,0.4731851919295052,0.07889885812721271,3.759712498759311e-05,15.628643158881987,22.39382959636233,nan,nan,nan
71.84,197.04302978515625,-178.93650817871094,-11.731032371520996,198.35470991559336,-179.2664455929318,-11.739140539709476,1.352563937223538,0.47324042549456696,0.07890975571496257,3.677957200746323e-05,16.09542990346181,22.887434853851016,nan,0.5975558755170614,nan
71.85000000000001,197.03431701660156,-178.93722534179688,-11.732099533081055,198.33688674243658,-179.26423947086076,-11.740465495997677,1.3430175429251976,0.4731635567855644,0.0789022607537446,3.748900243142971e-05,16.025988186596404,23.220576999930316,0.925415551715161,nan,nan
71.86,197.02561950683594,-178.9379425048828,-11.733145713806152,198.32849472109532,-179.26492948841414,-11.739492815397702,1.343296168768814,0.47321855148415987,0.07891320326992449,3.667762488495737e-05,15.228825763626048,21.96223195712693,nan,3.1108074655619835,nan
71.87,197.0169219970703,-178.9386444091797,-11.734170913696289,198.32010829220513,-179.26562236187536,-11.740680223464949,1.3435964693649427,0.47327363243907916,0.07892420611257353,3.7408301362975825e-05,15.234443680987997,21.996847814658523,nan,nan,nan
71.88,197.00820922851562,-178.9393310546875,-11.735176086425781,198.31171930979906,-179.26629358913945,-11.74083595560937,1.3439029224843453,0.47332879977405967,0.07893526924125922,3.6601880818309245e-05,14.948943888178128,21.706654036529105,nan,0.6603611434653874,nan
71.89,196.99951171875,-178.94000244140625,-11.736161231994629,198.30333291199472,-179.26695887252507,-11.741974722616883,1.344203856740949,0.47338405365320724,0.07894639297963818,3.7331064630013186e-05,14.950143269807095,21.76015337003872,nan,nan,nan
71.9,196.99081420898438,-178.94065856933594,-11.737126350402832,198.2950266521201,-179.27353545740158,-11.743005738598281,1.3460355443463874,0.47330711068713555,0.0789390318600706,3.650689918313761e-05,14.36136132787887,21.891186334424507,5.852522627711907,0.002404705032955154,nan
71.91,196.9821014404297,-178.94129943847656,-11.738072395324707,198.28664742484605,-179.27420504166463,-11.744106119219278,1.3463665072761235,0.47336212534080596,0.0789502000625266,3.723377919133507e-05,14.363000308316085,21.917445007880623,nan,nan,nan
71.92,196.97340393066406,-178.94204711914062,-11.739106178283691,198.27826958654424,-179.2749190342674,-11.745955273372793,1.3466718241202353,0.47341722629269056,0.07896142880831715,3.64377009468473e-05,14.649699157922528,21.775175781080755,nan,0.3307820439906691,nan
71.93,196.96469116210938,-178.94287109375,-11.740227699279785,198.26988986572073,-179.27571909123012,-11.74718705172387,1.3469891899795339,0.47347241370311427,0.07897271839934616,3.716329844377149e-05,14.641757616323305,22.186997951716837,nan,nan,nan
71.94,196.95599365234375,-178.94378662109375,-11.741436004638672,198.26151236250345,-179.2766170269158,-11.749633099477617,1.347301886727887,0.47352768770165093,0.07898406882770237,3.63716168258882e-05,15.161583672256914,22.64728685251713,nan,0.8286314033669713,nan
71.95,196.94728088378906,-178.94479370117188,-11.742728233337402,198.25082725507815,-179.27484166065307,-11.751109037717164,1.3447063008481435,0.47345067109849753,0.07897683719647089,3.7072816290137894e-05,15.387183091045383,22.583460199748252,0.8650041901339208,nan,nan
71.96000000000001,196.93858337402344,-178.94589233398438,-11.74410629272461,198.24243496598024,-179.27587879984233,-11.749741592609086,1.3449727871234027,0.47350570551767907,0.07898823160857099,3.628632877615889e-05,14.34436768695453,21.371757875984926,nan,5.409010133350611,nan
71.97,196.92987060546875,-178.9470672607422,-11.745566368103027,198.23404836637587,-179.27702235486274,-11.751302161301505,1.3452817160373636,0.4735608263094654,0.07899968709870468,3.700873135176033e-05,14.334381131826632,21.73521287438324,nan,nan,nan
71.98,196.92117309570312,-178.94833374023438,-11.747109413146973,198.22566318740007,-179.2782567559641,-11.753675671166645,1.345580436610196,0.47361603360649046,0.07901120367813022,3.622629249701563e-05,14.611688845381215,21.832090483162478,nan,0.34991537144372703,nan
71.99,196.9124755859375,-178.94967651367188,-11.748734474182129,198.21727657760223,-179.27957163991573,-11.755410216441051,1.345875546885161,0.4736713275643622,0.07902278162009621,3.694768513551299e-05,14.602876194151511,22.094482468501152,nan,nan,nan
72.0,196.9037628173828,-178.95111083984375,-11.750438690185547,198.2095859303472,-179.27010332732513,-11.758472613111632,1.3442450495869984,0.4735942379078461,0.0790156747408964,3.6147067299662525e-05,16.36776079530623,22.551902203896596,19.42746905870816,0.8841415345593615,nan
72.01,196.8950653076172,-178.95263671875,-11.75222396850586,198.2011873771807,-179.27152959448634,-11.760383704614148,1.3445125912722522,0.4736492919344339,0.07902729614991506,3.686663182478558e-05,16.366822332438485,22.266892772183155,nan,nan,nan
72.02,196.8863525390625,-178.9542236328125,-11.7540864944458,198.1927899364887,-179.27304169400415,-11.763006604909975,1.344806007536574,0.47370443238255383,0.07903897889546459,3.6092740140450745e-05,16.742489997203627,23.286862513263316,nan,0.2643986893534262,nan
72.03,196.87765502929688,-178.95590209960938,-11.756028175354004,198.18439156486636,-179.2746311020552,-11.765083691278052,1.3450764114952345,0.47375965940537157,0.07905072323398027,3.6811462807906335e-05,16.74307118517253,22.936770661394814,nan,nan,nan
72.04,196.86895751953125,-178.95767211914062,-11.75804615020752,198.1759911329435,-179.2762927515883,-11.765861441090452,1.345331577263542,0.47381497313929305,0.07906252920187073,3.604112479735392e-05,16.188848128914415,22.065524371507507,nan,1.2624385317154319,nan
72.05,196.86024475097656,-178.95950317382812,-11.760139465332031,198.15931193613523,-179.27315000218223,-11.768152506870186,1.3364183825910714,0.4737378110318261,0.07905554253519327,3.6736279932257965e-05,16.373061588858516,22.5222316310946,1.592900329743388,nan,nan
72.06,196.85154724121094,-178.96141052246094,-11.762308120727539,198.15089764754953,-179.2749589610059,-11.769993879659255,1.3366686846996136,0.4737928844870119,0.07906739143569551,3.597027678733576e-05,16.244519753947706,22.315296601163496,nan,0.13887269223543044,nan
72.07000000000001,196.84283447265625,-178.96334838867188,-11.764552116394043,198.14248451341803,-179.27681532727973,-11.772362321624751,1.3369415654238654,0.4738480444303621,0.07907930215667162,3.668663876465971e-05,16.24131560185747,21.823974237931807,nan,nan,nan
72.08,196.83413696289062,-178.9652557373047,-11.766814231872559,198.13407086338378,-179.2786709979306,-11.77410197228923,1.337202446305323,0.4739032910002062,0.07909127474921282,3.59238849286827e-05,16.029042784682105,22.23603034801608,nan,0.30618915245268447,nan
72.09,196.825439453125,-178.96714782714844,-11.769062995910645,198.12565853886886,-179.28051273515496,-11.776515079570265,1.3374687921792452,0.473958624346744,0.0791033094477951,3.663961975698183e-05,16.03859575623202,21.968508096897985,nan,nan,nan
72.10000000000001,196.81674194335938,-178.96900939941406,-11.771283149719238,198.12031603299593,-179.2813160055018,-11.777519626488985,1.3404774213019444,0.47388139036869786,0.07909643816838753,3.585823274751125e-05,15.863894928492183,21.581213866056572,0.6405429896077002,1.245641762971781,nan
72.11,196.8080291748047,-178.97084045410156,-11.773468017578125,198.11190689921892,-179.28308909225092,-11.77986748705688,1.3407599656386602,0.47393648309148473,0.07910851523182202,3.657251398784778e-05,15.872418752401243,21.41333773047618,nan,nan,nan
72.12,196.79933166503906,-178.97264099121094,-11.775612831115723,198.10349647399914,-179.28482115389426,-11.78083864126792,1.3410181251551432,0.4739916623553952,0.07912065440447127,3.581673911712724e-05,15.488193842232569,20.959353143746913,nan,1.2096559033321035,nan
72.13,196.79063415527344,-178.97439575195312,-11.777716636657715,198.09508812282343,-179.2865251152467,-11.783097678121578,1.3412881303039217,0.47404692830914513,0.07913285590806343,3.653052542092119e-05,15.490349107465114,21.270875448832932,nan,nan,nan
72.14,196.7819366455078,-178.9761199951172,-11.779780387878418,198.0866803347074,-179.28819494614913,-11.785452554925568,1.341558438178068,0.4741022810933577,0.07914511981277014,3.5777568017458786e-05,15.569461964399935,21.184252165480974,nan,0.012397826840634363,nan
72.15,196.7732391357422,-178.97781372070312,-11.781803131103516,198.06194342522636,-179.27984590953852,-11.787645405661536,1.3236375338436195,0.4740249758325877,0.07913835922020866,3.646840688347017e-05,15.892304879895788,20.915870977871432,5.631458040562538,nan,nan
72.16,196.76454162597656,-178.97946166992188,-11.783784866333008,198.05350159505272,-179.28140382782698,-11.786586352892142,1.3238560030940474,0.4740800876520306,0.07915066490296047,3.571904067373633e-05,15.148209014973894,20.523512470284697,nan,6.941199600141246,nan
72.17,196.75582885742188,-178.98109436035156,-11.785728454589844,198.0450631750839,-179.28294357184194,-11.788657961515245,1.3241022069030952,0.4741352860740153,0.07916303313849905,3.643111819850312e-05,15.138897562457101,19.926469216968783,nan,nan,nan
72.18,196.74713134765625,-178.98268127441406,-11.787632942199707,198.0366233952628,-179.28444390210706,-11.789199844236782,1.324331106443826,0.47419057124028513,0.07917546400800454,3.568430671440376e-05,14.944843762537033,20.162328069446833,nan,1.5102982597035317,nan
72.19,196.73843383789062,-178.98423767089844,-11.789499282836914,198.02818514256128,-179.28591894781167,-11.791181333341152,1.3245651550730007,0.4742459432978285,0.07918795771673165,3.639605496351915e-05,14.926692107826016,20.120129866854185,nan,nan,nan
72.2,196.729736328125,-178.9857635498047,-11.791328430175781,198.0031505796245,-179.28505087243977,-11.791884643440012,1.3081120237905122,0.47416856732901336,0.07918130290065115,3.563016125129881e-05,14.315364818541017,19.710350554769878,3.5343182963273687,1.2447203758996326,nan
72.21000000000001,196.72103881835938,-178.9872589111328,-11.793121337890625,197.9946894132806,-179.28647359469934,-11.793782815765994,1.3083255337866098,0.47422369808353737,0.07919383776994292,3.634074516830451e-05,14.291256389599232,19.689441068196164,nan,nan,nan
72.22,196.71234130859375,-178.98873901367188,-11.794878959655762,197.98622927892157,-179.28787131707534,-11.796898889422947,1.308539176334305,0.4742789154954646,0.07920643550167883,3.559955955040284e-05,14.367959666511638,19.357547360717973,nan,1.0706264612304273,nan
72.23,196.70364379882812,-178.99017333984375,-11.796600341796875,197.97776842712156,-179.28923404366506,-11.798740196355544,1.3087533961642719,0.47433421971096684,0.07921909629167471,3.630991625564405e-05,14.351957884275715,19.84470902629448,nan,nan,nan
72.24,196.6949462890625,-178.9915771484375,-11.798288345336914,197.9693069559154,-179.2905628114306,-11.799332373874586,1.3089647152970965,0.4743896108730508,0.07923182023524793,3.55709134607497e-05,14.228890381041602,19.729683690216774,nan,1.0092577732348735,nan
72.25,196.68624877929688,-178.9929656982422,-11.799942970275879,197.9760241556283,-179.3017997360839,-11.8010799493592,1.3262353776920235,0.4743121647716633,0.07922526635740725,3.625877513249433e-05,13.920496787844442,19.51717086782596,5.5935494890699236,nan,nan
72.26,196.67755126953125,-178.99432373046875,-11.801563262939453,197.96759361875243,-179.30311031008605,-11.804012647591097,1.326485738340609,0.4743673142961283,0.07923803082412678,3.552272784873195e-05,14.027030333040011,19.783450210292028,nan,0.9905775696611918,nan
72.27,196.66885375976562,-178.9956512451172,-11.803152084350586,197.9591623984705,-179.30438892428987,-11.80572325086219,1.3267335635140232,0.47442255053598315,0.07925085856497097,3.623187470607327e-05,14.013610578955314,19.833992817697876,nan,nan,nan
72.28,196.66014099121094,-178.9969482421875,-11.804709434509277,197.95073203603354,-179.30564610534918,-11.808871232145806,1.3270029902967289,0.4744778736348047,0.07926374968329557,3.5497786621816786e-05,14.292462014930528,20.15520462599345,nan,1.4792826855248127,nan
72.29,196.6514434814453,-178.9982147216797,-11.806235313415527,197.94230097034557,-179.30687167676442,-11.810534940650548,1.3272530502381286,0.4745332837378852,0.07927670436288008,3.620683097453693e-05,14.287412371412229,20.363546347313022,nan,nan,nan
72.3,196.6427459716797,-178.9994659423828,-11.807731628417969,197.96011775177448,-179.31491656954444,-11.812485241669085,1.3546217560654024,0.4744557680713133,0.07927024643334277,3.545323490769189e-05,14.923397453194914,20.641175030287275,5.6940377789911265,0.11812301895119057,nan
72.31,196.63404846191406,-179.00070190429688,-11.809196472167969,197.95172689148563,-179.31609105403103,-11.814092154143285,1.354906169160892,0.4745109362051594,0.07928324097028643,3.6161333344261755e-05,14.923927827679188,20.42210765815177,nan,nan,nan
72.32000000000001,196.62535095214844,-179.00189208984375,-11.810633659362793,197.9433358171037,-179.317239233635,-11.815177474965738,1.3551931860840662,0.474566191109696,0.0792962991043872,3.543171905578084e-05,14.816825308894746,20.875313767368134,nan,0.16747499734236732,nan
72.33,196.6166534423828,-179.00306701660156,-11.812041282653809,197.93494500762034,-179.31836491117423,-11.816723247307962,1.3554804808964958,0.47462153292984666,0.07930942101263982,3.6139792109715324e-05,14.814608494784897,20.644137975293432,nan,nan,nan
72.34,196.6079559326172,-179.0042266845703,-11.813421249389648,197.9265539188549,-179.3194657631476,-11.817917098915638,1.3557641899074309,0.4746769618097603,0.07932260680856991,3.541182112728272e-05,14.753659157606911,20.320961492739354,nan,0.0726645381943722,nan
72.35000000000001,196.59925842285156,-179.00535583496094,-11.814773559570312,197.9118151445681,-179.32146277474146,-11.819383139847552,1.3500925869476477,0.4745993771426231,0.07931623987241453,3.609771983739168e-05,14.396725654830183,20.35663092640184,1.2667927393236114,nan,nan
72.36,196.59056091308594,-179.00645446777344,-11.816099166870117,197.9034169794508,-179.322531710581,-11.821178639482396,1.3503783452995275,0.47465456372509074,0.07932946483944019,3.5372168315315854e-05,14.510568207185464,20.693325123291444,nan,0.07703603124634298,nan
72.37,196.5818634033203,-179.00755310058594,-11.817398071289062,197.89501863137193,-179.32357741483258,-11.822617858391519,1.3506573460103575,0.47470983713400955,0.07934275379024175,3.607940409120888e-05,14.511601770150286,20.043081278286827,nan,nan,nan
72.38,196.5731658935547,-179.00860595703125,-11.818670272827148,197.88662008116734,-179.32460129666143,-11.824031779092406,1.3509417838584414,0.47476519751378765,0.07935610685603342,3.6800986491165726e-05,14.510502815658635,20.776592861873652,nan,nan,nan
72.39,196.564453125,-179.00965881347656,-11.819918632507324,197.87822143633852,-179.32560371050133,-11.825420777475788,1.3512359628993416,0.47482064500892524,0.07936952418131539,3.753706001538641e-05,14.51166097826278,20.018838993456406,nan,nan,nan
72.4,196.55575561523438,-179.01068115234375,-11.821141242980957,197.88835079589686,-179.32531416927552,-11.826664099423123,1.3692459066258817,0.4747429919002896,0.07936324317509273,3.67024784742711e-05,15.50122646038692,20.87197749173977,8.171457526389126,0.0005193744406889764,nan
72.41,196.54705810546875,-179.0116729736328,-11.822339057922363,197.87997463823987,-179.32624668291118,-11.828003171521985,1.3695456122694885,0.47479819677288077,0.07937669895884504,3.7435958878833556e-05,15.501502131193522,21.169144481197044,nan,nan,nan
72.42,196.53836059570312,-179.0126495361328,-11.823513984680176,197.87159841561646,-179.32715949190745,-11.82952176399855,1.3698451336340793,0.47485348852670106,0.07939021905596691,3.66299511682355e-05,15.604742070088122,21.08712288630167,nan,0.026434574724547005,nan
72.43,196.5296630859375,-179.01361083984375,-11.824665069580078,197.8632220295306,-179.32805198670295,-11.830816998530144,1.3701425243765886,0.4749088673062668,0.07940380363188403,3.73618783246009e-05,15.607705411831938,20.972434369012444,nan,nan,nan
72.44,196.52096557617188,-179.01455688476562,-11.82579231262207,197.85484548942176,-179.32891997932407,-11.83007519686691,1.3704299038219154,0.47496433325606974,0.07941745281129783,3.656032911574006e-05,15.072266232448037,20.354578568464426,nan,2.622712188092666,nan
72.45,196.51226806640625,-179.01548767089844,-11.826898574829102,197.84145425952633,-179.32547590279603,-11.831301033186916,1.3648619056650522,0.4748866122607482,0.07941125268457674,3.726720368383532e-05,15.301511720496828,20.155885296490208,1.1165256450480021,nan,nan
72.46000000000001,196.50355529785156,-179.01638793945312,-11.827981948852539,197.83306716394918,-179.3263046706156,-11.83562744684406,1.3651771445451113,0.4749418352661379,0.07942493958920521,3.647095761278437e-05,16.360192834726636,21.555973197417003,nan,6.304613613174375,nan
72.47,196.49485778808594,-179.01727294921875,-11.8290433883667,197.824680055743,-179.3271082120442,-11.836847605359505,1.3654618484049752,0.4749971452070666,0.07943869117563414,3.719915087232643e-05,16.37033108298664,21.529459748885028,nan,nan,nan
72.48,196.4861602783203,-179.0181427001953,-11.830083847045898,197.8162926567589,-179.32789508190837,-11.838460456321256,1.3657484577075412,0.4750525422280212,0.07945250757271734,3.640704929131495e-05,16.63618668873,21.718703101079235,nan,0.1111112050504644,nan
72.49,196.4774627685547,-179.0189971923828,-11.831104278564453,197.80790506141918,-179.32866363976044,-11.839644475994918,1.3660318218277896,0.47510802647352474,0.07946638893965402,3.7133977155434447e-05,16.64904586400894,21.625868084891305,nan,nan,nan
72.5,196.46876525878906,-179.01983642578125,-11.832103729248047,197.74846903299047,-179.32530707611434,-11.839692432326649,1.3156791616251533,0.47503023814164924,0.07946026456390762,3.632348157429051e-05,14.439759562466703,19.97657699108457,31.961969818920622,0.8090646818187961,nan
72.51,196.46005249023438,-179.02064514160156,-11.833083152770996,197.74001053324096,-179.32608181243762,-11.840826597934855,1.3159194932410088,0.47508547912404325,0.0794741828980435,3.7048321008004095e-05,14.446650994687873,20.318007590525323,nan,nan,nan
72.52,196.45135498046875,-179.02145385742188,-11.834043502807617,197.73155204024363,-179.32683919902144,-11.841517116418682,1.3161385085242852,0.47514080709565026,0.07948816624598949,3.626502845496873e-05,14.343187893355605,19.767757667935378,nan,0.11861765833807153,nan
72.53,196.44265747070312,-179.0223388671875,-11.835091590881348,197.72309335902878,-179.32763416809593,-11.842663657320038,1.3163504932422934,0.4751962222010685,0.07950221476361856,3.698878222643346e-05,14.33155942789939,20.19254142736339,nan,nan,nan
72.54,196.4339599609375,-179.02333068847656,-11.836227416992188,197.7146346668904,-179.3285173278343,-11.843203413000337,1.3165543102471315,0.47525172458467085,0.07951632858478073,3.620918004708308e-05,14.10551287968085,19.409576431866277,nan,0.3185177880079926,nan
72.55,196.4252471923828,-179.02439880371094,-11.837448120117188,197.73557668088074,-179.34391537018843,-11.844462360425627,1.3487414148931252,0.4751738694619299,0.07951027482928547,3.690882443970543e-05,14.0131887377253,20.254549557125355,10.50220654971165,nan,nan
72.56,196.4165496826172,-179.0255584716797,-11.838754653930664,197.7271690146005,-179.3450044094649,-11.84435149203999,1.3489996534961237,0.4752291282668446,0.07952442483906362,3.6133728902560517e-05,13.526497159468684,19.65363468551763,nan,1.5132141918049826,nan
72.57000000000001,196.40785217285156,-179.02679443359375,-11.8401460647583,197.7187610140799,-179.34618229276145,-11.845823715122112,1.3492675162131396,0.4752844741142799,0.07953864021497899,3.6854643313748175e-05,13.512802721797305,19.938731823408144,nan,nan,nan
72.58,196.39915466308594,-179.0281219482422,-11.841619491577148,197.7103532999773,-179.34744487393274,-11.846881996316984,1.3495320263756172,0.4753399071484854,0.07955292109350559,3.608295460586469e-05,13.384760015068252,19.663683934991464,nan,0.1650236677013082,nan
72.59,196.39044189453125,-179.02952575683594,-11.843175888061523,197.70194539352445,-179.34879273635585,-11.848517847771602,1.3498153090762928,0.47539542751424946,0.07956726762657826,3.680301640299021e-05,13.371680482746546,19.83284947203903,nan,nan,nan
72.60000000000001,196.38174438476562,-179.03102111816406,-11.844813346862793,197.70204433211438,-179.3533672689735,-11.850152999116734,1.359090690056034,0.4753175061417283,0.079561279311069,3.7513682542989384e-05,13.430640716889199,19.748247977348655,0.8884799144559057,nan,nan
72.61,196.373046875,-179.0325927734375,-11.84653091430664,197.69365032183032,-179.35488509174755,-11.851951735427903,1.3593730862141609,0.4753727826164119,0.07957566123103381,3.8261855137180934e-05,13.417435057302532,19.938716820000025,nan,nan,nan
72.62,196.3643341064453,-179.0342559814453,-11.84832763671875,197.68525659883178,-179.35648411150143,-11.853700556460838,1.3596676310622784,0.47542814618585383,0.0795901088485652,3.7402932971150455e-05,13.40164087026502,19.56996993584975,nan,0.010567946663626477,nan
72.63,196.3556365966797,-179.03599548339844,-11.850203514099121,197.6768630961519,-179.35816382838308,-11.855659020436587,1.359949141684025,0.4754835969950297,0.07960462231405545,3.8148534229197875e-05,13.389432280132487,19.703266912457636,nan,nan,nan
72.64,196.34693908691406,-179.03781127929688,-11.852156639099121,197.66846974822306,-179.3599230583888,-11.857674455586233,1.3602314998956422,0.4755391351879184,0.07961920176657351,3.7296435341646694e-05,13.404773482711128,19.84637000451734,nan,0.00030497260626914625,nan
72.65,196.33824157714844,-179.03970336914062,-11.85418701171875,197.657150146151,-179.35463319788633,-11.859855893081335,1.3559988003822423,0.4754611481022478,0.07961327369032035,3.801519655811911e-05,13.955904598828495,19.939215056319032,4.252973243737698,nan,nan
72.66,196.3295440673828,-179.0416717529297,-11.856292724609375,197.64874710858385,-179.35652165799132,-11.862508677328748,1.3562690605848056,0.4755164420947017,0.07962788770762881,3.7170764724439925e-05,14.129425050677108,20.17840015883092,nan,0.13121336197837033,nan
72.67,196.32083129882812,-179.04371643066406,-11.858473777770996,197.64034456334377,-179.35848642779962,-11.864783980144805,1.356552698933389,0.4755718232344883,0.07964256776258362,3.791073420276454e-05,14.120289993813515,20.1154714235074,nan,nan,nan
72.68,196.3121337890625,-179.04583740234375,-11.86072826385498,197.63194149767597,-179.3605289556618,-11.868843392756443,1.3568305040653934,0.47562729166541573,0.07965731399588855,3.707264300431197e-05,14.825796250540668,20.8854850477514,nan,1.8328749802288167,nan
72.69,196.30343627929688,-179.04803466796875,-11.863000869750977,197.62353957584938,-179.3626448853408,-11.871257965974896,1.3571000265572666,0.475682847532724,0.07967212655547964,3.7810485621809176e-05,14.832186925952914,20.812902401730923,nan,nan,nan
72.7,196.29473876953125,-179.0502471923828,-11.865260124206543,197.5873013186215,-179.36974643307232,-11.87421269292249,1.3314945950316532,0.468500988846067,0.0796581431755372,3.695548655401678e-05,17.916130696106613,23.82559759257793,4.857251643423056,0.13866697672823006,0.3552057712808149
72.71000000000001,196.28604125976562,-179.05245971679688,-11.8674898147583,197.5789163075231,-179.37193521823625,-11.876615619299768,1.3317934394801347,0.46855157982055146,0.07967264428985223,3.769040899834786e-05,17.92725512374343,23.428318526504697,nan,nan,nan
72.72,196.27734375,-179.05462646484375,-11.869684219360352,197.57053187243196,-179.37410285870655,-11.878935437624135,1.3320984465399068,0.46860225641671444,0.07968720457718216,3.686535322440943e-05,18.00662602004215,23.980654759144727,nan,0.0016824594235098304,nan
72.73,196.26864624023438,-179.0567626953125,-11.871837615966797,197.56214773667622,-179.37623837129829,-11.88126916921333,1.3324037612677766,0.4686530187970181,0.0797018241846371,3.759842270598004e-05,18.018625403173992,23.85018169427365,nan,nan,nan
72.74,196.25994873046875,-179.05886840820312,-11.873950958251953,197.55376757412873,-179.3783354208795,-11.882106448800362,1.3327013485489123,0.46870386708778755,0.0797165032543592,3.677902058760272e-05,17.429658544223404,22.9573948402469,nan,1.3545449661335798,nan
72.75,196.25125122070312,-179.06092834472656,-11.876022338867188,197.54243600525285,-179.3779565063147,-11.884338194648427,1.329561640748577,0.4686397470555887,0.07971054714345198,3.748670783689409e-05,17.591324648867676,23.135249589685785,0.3936414632459014,nan,nan
72.76,196.2425537109375,-179.0629425048828,-11.878053665161133,197.53404723241482,-179.37996776113775,-11.886946239600489,1.329864507008725,0.46869037921646756,0.07972525121342548,3.6673761640507634e-05,17.870273117468948,23.53925493877237,nan,0.10715603713026861,nan
72.77,196.23385620117188,-179.06491088867188,-11.880043983459473,197.52565998992722,-179.38193867218308,-11.889110084882986,1.3301675978446157,0.46874109708517786,0.07974001485837845,3.7402571765336234e-05,17.878397053271165,23.73771518030895,nan,nan,nan
72.78,196.22515869140625,-179.06686401367188,-11.88199520111084,197.51727324432852,-179.3838700540568,-11.891235054305268,1.3304654157102744,0.4687919007968923,0.07975483822197772,3.814589834644476e-05,17.888715345775523,23.007367767558737,nan,nan,nan
72.79,196.21646118164062,-179.06875610351562,-11.88390827178955,197.5088868590548,-179.38576267946763,-11.893321891924037,1.330768919489907,0.4688427904961111,0.07976972144872348,3.8903885884033214e-05,17.89559566465108,23.65592024469836,nan,nan,nan
72.8,196.207763671875,-179.07061767578125,-11.885782241821289,197.45437823179677,-179.36745458825357,-11.891854194624546,1.2814822988343937,0.4687785566030133,0.07976380841338301,3.7977172351928023e-05,16.515735610753875,21.305934188452333,20.73891038690976,7.346685593423724,nan
72.81,196.19906616210938,-179.07244873046875,-11.887619018554688,197.44591532893608,-179.36923391133467,-11.893832020994807,1.2816992197069452,0.4688292298617272,0.07977871617334253,3.8730851434100447e-05,16.51048608919905,21.09630361245064,nan,nan,nan
72.82000000000001,196.1903839111328,-179.07423400878906,-11.889419555664062,197.4374528853154,-179.37097623456503,-11.895633247300298,1.281903110570774,0.4688799888756486,0.07979368390309843,3.7838617767588637e-05,16.501295011154475,21.436745875816317,nan,0.011920241471522776,nan
72.83,196.1816864013672,-179.07598876953125,-11.891183853149414,197.42899033594458,-179.37268252892744,-11.897538684908064,1.2821211627469378,0.4689308338102475,0.07980871174794991,3.858916570044576e-05,16.496008760042454,21.20434798313463,nan,nan,nan
72.84,196.17298889160156,-179.0777130126953,-11.892912864685059,197.42052515634256,-179.37435404235714,-11.900472325953016,1.2823415215056477,0.46898176478898357,0.0798237998517141,3.7705672674759365e-05,16.934239236645308,21.526787830758344,nan,0.6850545875341079,nan
72.85000000000001,196.16429138183594,-179.0793914794922,-11.894607543945312,197.39076026209008,-179.3726407062242,-11.902225288126713,1.2610626682434096,0.4689174173425157,0.07981792612977574,3.84285712063994e-05,16.204668184338257,21.33576108281457,6.953854186753479,nan,nan
72.86,196.1555938720703,-179.08103942871094,-11.896268844604492,197.38225991279265,-179.37425397806174,-11.90450063256769,1.2612502169456616,0.46896813157001194,0.07983303827587411,3.7554605172083696e-05,16.46628430251725,21.49953948186477,nan,0.13094824913905528,nan
72.87,196.1468963623047,-179.08265686035156,-11.897896766662598,197.3737606853709,-179.37583394982644,-11.906285305670918,1.261435388988433,0.46901893164030384,0.0798482107846464,3.829851312015741e-05,16.466923291557123,21.427602577721483,nan,nan,nan
72.88,196.13819885253906,-179.08424377441406,-11.899492263793945,197.36526589088697,-179.37738095095364,-11.906309732960889,1.2616138072941934,0.46906981767674294,0.07986344380028196,3.743261501949146e-05,15.839151338860885,20.742634649856843,nan,1.8388288922221843,nan
72.89,196.1295166015625,-179.08580017089844,-11.901055335998535,197.35676673093943,-179.37889654192722,-11.908014278643625,1.2617831785408544,0.4691207898450159,0.07987873746751993,3.8173949823769483e-05,15.833456953040255,20.834099328478988,nan,nan,nan
72.9,196.12081909179688,-179.0873260498047,-11.902587890625,197.3502067557305,-179.37712547734296,-11.909884809119387,1.2631037096981488,0.4690563291099013,0.07987289924098771,3.72925905394705e-05,16.454293607898382,20.97147982962735,2.3501273919097603,0.033162683651062806,nan
72.91,196.11212158203125,-179.0888214111328,-11.90408992767334,197.3417114984886,-179.378561582584,-11.911530854189504,1.2632878124139268,0.46910708421623215,0.07988821643566064,3.803058786097623e-05,16.45145522266743,20.96277527680487,nan,nan,nan
72.92,196.10342407226562,-179.0902862548828,-11.905561447143555,197.33321410704437,-179.37996752831805,-11.914003784721098,1.263475382777179,0.46915792521013594,0.07990359438131149,3.718095302619777e-05,16.881584233222462,21.422645236024596,nan,0.4575614481587543,nan
72.93,196.0947265625,-179.0917205810547,-11.907004356384277,197.32471903444295,-179.38134368511328,-11.91560011631486,1.263660124610113,0.4692088522572534,0.0799190332224997,3.791671630998732e-05,16.88233843991287,21.424924956807946,nan,nan,nan
72.94,196.08602905273438,-179.09312438964844,-11.908417701721191,197.3162240855876,-179.38269107447067,-11.917142713970277,1.2638452475103303,0.46925986548095316,0.079934533103688,3.707421215440557e-05,16.95585718969217,21.5880615099407,nan,0.00041149277124753243,nan
72.95,196.0773468017578,-179.09449768066406,-11.90980339050293,197.31705384606306,-179.38177533506146,-11.91867218049098,1.272588174490074,0.4691952917633298,0.0799287265039715,3.778409124432452e-05,17.71444754863088,22.072895408553123,5.040110995520029,nan,nan
72.96000000000001,196.0686492919922,-179.09585571289062,-11.911161422729492,197.30857682320982,-179.38304584056684,-11.919667808276053,1.272780739444621,0.46924608761450576,0.07994424937428354,3.6949468974249397e-05,17.5622470299634,21.489709005755874,nan,0.16926352245005252,nan
72.97,196.05995178222656,-179.09716796875,-11.912492752075195,197.30009851623393,-179.38428901219208,-11.921149588167099,1.2729797155758356,0.4692969694395764,0.0799598333803728,3.768029466541991e-05,17.561876027529085,21.995068655266024,nan,nan,nan
72.98,196.05125427246094,-179.0984649658203,-11.913796424865723,197.29162533420748,-179.38550548726914,-11.920631247049956,1.2731690172817411,0.46934793736209474,0.07997547866673532,3.685222565883922e-05,16.81108213551112,20.9624606397989,nan,2.4776175187417318,nan
72.99,196.0425567626953,-179.0997314453125,-11.915075302124023,197.28314715341435,-179.38669562892517,-11.922042973844846,1.2733662115315068,0.46939899154747183,0.07999118537787968,3.758125945487924e-05,16.805261080365838,21.0646281511329,nan,nan,nan
73.0,196.0338592529297,-179.10098266601562,-11.916327476501465,197.2726220745362,-179.38795912581415,-11.923037703470516,1.2715871357555493,0.4693343051106545,0.07998540648765126,3.673698188612204e-05,16.621521991641902,20.641415444628578,0.4275235769155358,0.06012180832653078,nan
73.01,196.02516174316406,-179.10220336914062,-11.917555809020996,197.26414031621272,-179.3891012682571,-11.924395640618116,1.2717802845961255,0.4693851416128555,0.0800011356264091,3.746344561384211e-05,16.615142550166944,20.766622721417487,nan,nan,nan
73.02,196.01646423339844,-179.1033935546875,-11.9187593460083,197.25565496753018,-179.39021862838476,-11.927068414543573,1.271979299784128,0.4694360641327757,0.08001692628192192,3.6648672866708354e-05,17.220072976745254,21.559438188827816,nan,1.1516792566889762,nan
73.03,196.0077667236328,-179.1045684814453,-11.919938087463379,197.24717295203624,-179.39131213864474,-11.928392623685717,1.2721718449690818,0.469487072835518,0.08003277859877586,3.737361268159173e-05,17.219648186322928,21.348672858770875,nan,nan,nan
73.04,195.99908447265625,-179.10572814941406,-11.921093940734863,197.23869142905087,-179.39238218787057,-11.92944844903088,1.2723465494566466,0.4695381678450537,0.08004869272135265,3.656458797175344e-05,17.187022883708046,21.184751533032127,nan,0.03900673227899529,nan
73.05,195.99038696289062,-179.10684204101562,-11.922226905822754,197.23883659576444,-179.40044795807722,-11.930709839432726,1.2825376721636583,0.46947336899353304,0.08004293757768881,3.7264970954051245e-05,16.856434567678058,21.731776047980624,2.763179384930604,nan,nan
73.06,195.981689453125,-179.1079559326172,-11.92333698272705,197.23037195877785,-179.40149396518467,-11.93044971406751,1.2827404910714382,0.4695242460095208,0.08005887354348902,3.64624262077823e-05,16.284354463606316,20.516362624678745,nan,1.4909201765901807,nan
73.07000000000001,195.97299194335938,-179.10903930664062,-11.92442512512207,197.22190324627627,-179.40251726926488,-11.931668607006637,1.2829502036826954,0.46957520912760997,0.08007487140348117,3.718376844996203e-05,16.27851254705651,20.752962154413837,nan,nan,nan
73.08,195.96429443359375,-179.11009216308594,-11.925491333007812,197.21343224041965,-179.40351840023976,-11.933735701839481,1.2831649101769824,0.4696262584721881,0.08009093130189021,3.638647817293577e-05,16.70513421226934,21.45079004307652,nan,0.4926285692182293,nan
73.09,195.95559692382812,-179.1111297607422,-11.926536560058594,197.20496319987265,-179.40449840358946,-11.934921743431664,1.283375067399868,0.4696773942077733,0.08010705338353767,3.710664215981931e-05,16.702362054585493,21.26628046753367,nan,nan,nan
73.10000000000001,195.9468994140625,-179.11215209960938,-11.927560806274414,197.20239884420363,-179.41369993005128,-11.935085183496529,1.2912267536654818,0.4696124832045377,0.08010131798031642,3.629239543140519e-05,15.765722234021482,20.668899825911037,5.768415097255973,0.5103940264989688,nan
73.11,195.93820190429688,-179.11314392089844,-11.928564071655273,197.19393805618006,-179.41466846663693,-11.936220758468323,1.2914522676747064,0.4696634006360612,0.08011746129836637,3.701058822644205e-05,15.759036775589449,20.998280197780037,nan,nan,nan
73.12,195.92950439453125,-179.11412048339844,-11.929548263549805,197.18548168743806,-179.41561760839232,-11.935543724322022,1.2916715612828826,0.46971440421316635,0.08013366688377342,3.622406231142447e-05,15.137224774949246,20.202621824423968,nan,2.1170172470090014,nan
73.13,195.92080688476562,-179.11508178710938,-11.930512428283691,197.17702054572575,-179.41654623343152,-11.936623659937776,1.291894315155653,0.46976549409986185,0.08014993488157068,3.694128575513978e-05,15.126295925917281,20.08096596201977,nan,nan,nan
73.14,195.912109375,-179.1161346435547,-11.931564331054688,197.16855960909012,-179.4175091469854,-11.937551140476886,1.292102791557348,0.46981667042126235,0.08016626543566603,3.6159325897780093e-05,15.082966656261547,19.95841559759741,nan,0.023293344227142798,nan
73.15,195.90341186523438,-179.1172637939453,-11.932703971862793,197.12763652179902,-179.41067753821508,-11.938831115298724,1.2589103133082638,0.4697516475689799,0.08016054572725959,3.685297466862076e-05,14.403152614327556,19.76151909120336,10.716432638698489,nan,nan
73.16,195.89471435546875,-179.1184844970703,-11.933929443359375,197.11912317583736,-179.41181636885773,-11.9387187896611,1.2590645274332668,0.46980260527621687,0.08017689688867265,3.607630515274022e-05,13.99517285910786,19.203912171116148,nan,1.3072895245143725,nan
73.17,195.88601684570312,-179.11978149414062,-11.935239791870117,197.1106063272217,-179.4130400566071,-11.940082641898742,1.259223346313989,0.46985364921095896,0.08019331068791773,3.67909706563577e-05,13.970818586606013,19.493716743072323,nan,nan,nan
73.18,195.87730407714844,-179.1211700439453,-11.936634063720703,197.10208783980787,-179.4143479733916,-11.94214877758268,1.259396274274934,0.4699047794989081,0.08020978726865766,3.601844791321663e-05,14.153118190823957,19.34499309487299,nan,0.2531802837781024,nan
73.19,195.8686065673828,-179.12265014648438,-11.938111305236816,197.09357083160785,-179.41573989356033,-11.94368905969566,1.259551570922856,0.4699559963032247,0.0802263267762946,3.673240969040501e-05,14.131284838777358,19.20908702451234,nan,nan,nan
73.2,195.8599090576172,-179.12420654296875,-11.939671516418457,197.10037612216513,-179.42756091265616,-11.945094329403384,1.2770324266585036,0.469890861865472,0.08022061867851951,3.594220970740909e-05,13.76681326722499,19.4864161228682,5.127062418015094,0.020612438987307323,nan
73.21000000000001,195.85121154785156,-179.12583923339844,-11.941311836242676,197.09188404326062,-179.42914573779328,-11.946798551488964,1.2772208816477082,0.4699418597453416,0.08023717814269526,3.6654660106831153e-05,13.744027611478797,19.689488353398065,nan,nan,nan
73.22,195.84251403808594,-179.12754821777344,-11.943033218383789,197.083393146854,-179.43081174060538,-11.948117750291656,1.2774097147439423,0.46999294389630925,0.08025380060984215,3.5890753316200466e-05,13.616740040114097,19.69797978462871,nan,0.14616896732999843,nan
73.23,195.8338165283203,-179.1293487548828,-11.944833755493164,197.0749012011464,-179.43255722650383,-11.94997997753887,1.2775965818629555,0.47004411448088435,0.08027048622562469,3.6602660098497855e-05,13.594862823481293,19.283810870012115,nan,nan,nan
73.24,195.8251190185547,-179.1312255859375,-11.9467134475708,197.0664169919066,-179.43438366884104,-11.948800581366283,1.277783173314162,0.4700953716257153,0.08028723513331085,3.584231561364107e-05,12.967535072837393,18.729413357519995,nan,6.554219748311401,nan
73.25,195.81642150878906,-179.1331787109375,-11.948670387268066,197.0609915715676,-179.44094297159197,-11.950844695069847,1.2820601424719416,0.47003012590329873,0.0802815345290703,3.653135902332424e-05,12.6606055638353,18.83007442403557,1.6972658748498346,nan,nan
73.26,195.80772399902344,-179.1352081298828,-11.950703620910645,197.0525007853576,-179.4429381923718,-11.954558150867896,1.282256564248003,0.4700811638139148,0.08029830272092905,3.577530193843769e-05,12.920754862507327,19.15011746831513,nan,1.8242967570180777,nan
73.27,195.7990264892578,-179.13731384277344,-11.952813148498535,197.04401429139236,-179.4450108720558,-11.95672129602812,1.2824536494197802,0.47013228807472485,0.08031513427945997,3.648544276804998e-05,12.898399690661394,19.109656719529884,nan,nan,nan
73.28,195.7903289794922,-179.13949584960938,-11.954997062683105,197.03553208513372,-179.44716023476045,-11.957272138478615,1.2826508972279205,0.47018349881307825,0.08033202934766534,3.5732594822802487e-05,12.599088356718667,18.79503491693066,nan,1.9295557469614362,nan
73.29,195.78163146972656,-179.14173889160156,-11.957255363464355,197.02704609352128,-179.449383046157,-11.959570234832794,1.2828514604673924,0.47023479619045916,0.08034898807161082,3.644239177522453e-05,12.57451368245425,19.260557000274368,nan,nan,nan
73.3,195.77293395996094,-179.14407348632812,-11.9595308303833,196.99077561789122,-179.4438742604495,-11.962701004836735,1.2542044721496595,0.47016943944829326,0.08034329080944796,3.5671192812430245e-05,12.246527752167191,18.330330901658275,7.079968718824767,0.48269429575715406,nan
73.31,195.7642364501953,-179.14646911621094,-11.961792945861816,196.98224342778494,-179.44623965640562,-11.965056196481747,1.2543580123035982,0.4702205172814992,0.08036026812422557,3.637982428214853e-05,12.230971077594592,18.707117249956283,nan,nan,nan
73.32000000000001,195.75555419921875,-179.14894104003906,-11.964025497436523,196.9737117224598,-179.44867706758015,-11.967384094484151,1.254496200794965,0.4702716815089187,0.080377309162759,3.563378364553068e-05,12.228118232356273,18.70445185156018,nan,3.1763131287498594e-05,nan
73.33,195.74685668945312,-179.15142822265625,-11.966221809387207,196.96518055343915,-179.451158029436,-11.969686895963749,1.2546565272834833,0.4703229322912975,0.08039441407137272,3.6342191422848234e-05,12.213377782115375,18.536138912120947,nan,nan,nan
73.34,195.7381591796875,-179.15390014648438,-11.968378067016602,196.95665089945882,-179.45363863771286,-11.971520254270876,1.2548207472049309,0.4703742697570685,0.08041158299267814,3.559886821689919e-05,12.130549563236873,18.39566701982738,nan,0.12742390274272633,nan
73.35000000000001,195.72946166992188,-179.1563262939453,-11.97049331665039,196.95203346560214,-179.45552460801855,-11.973660103126072,1.2586546211227774,0.47030880229418515,0.0804058848949165,3.628491334985438e-05,12.337267568323709,18.86650973623609,0.8251788532646536,nan,nan
73.36,195.72076416015625,-179.15872192382812,-11.972567558288574,196.94351426072345,-179.45793820941307,-11.974232290020701,1.2588292041925635,0.4703599199064154,0.08042307169284582,3.554503943804579e-05,12.108105629227355,18.28905495124812,nan,1.76967028850108,nan
73.37,195.7120819091797,-179.16107177734375,-11.974600791931152,196.9349917949278,-179.46030865030812,-11.976356749912421,1.2589894273545015,0.47041112398889756,0.08044032257150886,3.625227095889053e-05,12.08355361305509,18.49583134715157,nan,nan,nan
73.38,195.70338439941406,-179.16339111328125,-11.976593971252441,196.92646998880275,-179.4626351066053,-11.97827260565725,1.2591616831544146,0.47046241467082806,0.08045763767327352,3.551482023504278e-05,12.048188723344822,17.817672671586184,nan,0.0195357925716003,nan
73.39,195.69468688964844,-179.1656494140625,-11.978548049926758,196.9179480014347,-179.4649164327841,-11.980316496605937,1.2593377718097392,0.470513792111828,0.08047501714483316,3.622197417392337e-05,12.024168944289551,18.322141887427794,nan,nan,nan
73.4,195.68600463867188,-179.16786193847656,-11.980462074279785,196.91310527863516,-179.4673761524827,-11.98174108592342,1.263125639380658,0.47044821419507615,0.08046931400347565,3.546555938271101e-05,12.108887934627102,18.523807451277335,0.30968853892626125,0.1982050796720644,nan
73.41,195.67730712890625,-179.1700439453125,-11.982338905334473,196.90459021277454,-179.46956544417054,-11.983702959504695,1.2633046967660646,0.4704993714729926,0.0804867106171896,3.6171801433845174e-05,12.084691219568496,17.869604112837678,nan,nan,nan
73.42,195.66860961914062,-179.1721649169922,-11.984177589416504,196.89607382676112,-179.4717103364707,-11.986347397861834,1.2634874543851493,0.47055061526579184,0.08050417166075549,3.543965092227956e-05,12.135117815677633,18.54882230767009,nan,0.3563029696253191,nan
73.43,195.65992736816406,-179.17425537109375,-11.985980033874512,196.8875591972894,-179.47381285416014,-11.98824343594167,1.2636533213392,0.4706019457323167,0.08052169728108903,3.6145903336029955e-05,12.113613521660657,18.243112193904977,nan,nan,nan
73.44,195.65122985839844,-179.17630004882812,-11.987747192382812,196.8790433068527,-179.4758727338802,-11.990703404428729,1.263834798153676,0.4706533630029122,0.08053928762022085,3.541576699989455e-05,12.188645805821883,18.31405518199427,nan,0.2474159268313268,nan
73.45,195.64254760742188,-179.17831420898438,-11.98947811126709,196.8512655829827,-179.46552979837824,-11.992457475997982,1.2423770827928766,0.47058767492974674,0.08053357520758264,3.609999607052233e-05,12.500610824320923,17.960550209274995,6.879313052992409,nan,nan
73.46000000000001,195.63385009765625,-179.18028259277344,-11.991174697875977,196.842720733269,-179.467477377925,-11.99388589350754,1.2425201844826481,0.47063887172836705,0.0805511819342807,3.5372616497277754e-05,12.4333048675816,17.919463864380724,nan,0.09385499363917947,nan
73.47,195.62515258789062,-179.1822052001953,-11.992837905883789,196.83417510389535,-179.46938509358398,-11.995646036598101,1.2426647258899823,0.470690155114743,0.08056885344105373,3.6078119241911744e-05,12.414355914446974,18.115665322888123,nan,nan,nan
73.48,195.61647033691406,-179.18409729003906,-11.994467735290527,196.82562942694202,-179.47125392486,-11.997322221310268,1.242792334225374,0.4707415252200025,0.08058658986973571,3.5352511962151156e-05,12.396754765118665,18.006230417346785,nan,0.0018415194871696547,nan
73.49,195.60777282714844,-179.18594360351562,-11.996065139770508,196.81708350909798,-179.4730845813594,-11.999017809581398,1.2429364363849666,0.4707929822018299,0.08060439136754173,3.605812817892201e-05,12.378559716976,18.108460535091222,nan,nan,nan
73.5,195.59909057617188,-179.18775939941406,-11.99763011932373,196.77896682570554,-179.4659125707209,-11.998966896189199,1.2122206638620114,0.47072718424149307,0.080598665429677,3.531301299900894e-05,11.76897188784276,17.642668225097182,8.217618275353347,2.3445481093401077,nan
73.51,195.59039306640625,-179.1895294189453,-11.999164581298828,196.77037100743075,-179.46766165503817,-12.000585229206783,1.212314934453469,0.47077842044231366,0.0806164825409123,3.6017897243726315e-05,11.74452102793027,17.721866809944284,nan,nan,nan
73.52,195.58169555664062,-179.19126892089844,-12.0006685256958,196.76177772229627,-179.4693762957878,-12.00091197326421,1.2124098683750066,0.47082974327620647,0.08063436477353739,3.529635006940084e-05,11.660826253915438,17.484352099115636,nan,1.104496280850752,nan
73.53,195.57301330566406,-179.19297790527344,-12.002141952514648,196.75318184490376,-179.47105468356122,-12.00245839859854,1.2124869383924137,0.47088115290007715,0.0806523122749356,3.600141013511465e-05,11.632451442588446,17.54436145166722,nan,nan,nan
73.54,195.56431579589844,-179.1946563720703,-12.003585815429688,196.74458587028965,-179.47269846277223,-12.004065686772858,1.2125778667705622,0.4709326494462076,0.08067032518668389,3.528129959420645e-05,11.607774582384314,17.221826415625966,nan,0.005563043051261444,nan
73.55,195.55563354492188,-179.1962890625,-12.005001068115234,196.7353099039697,-179.479948203008,-12.005443382892079,1.2133008760123842,0.47086674189486544,0.08066458145616646,3.596455422765335e-05,11.085669965506211,17.687932280790434,3.8487438872261115,nan,nan
73.56,195.54693603515625,-179.19790649414062,-12.006388664245605,196.72671330721667,-179.48154922783567,-12.006232687322873,1.2133950866791599,0.47091801735164696,0.08068260918785727,3.5246635961919534e-05,11.052936978430743,16.8517085855543,nan,0.3135550790368327,nan
73.57000000000001,195.5382537841797,-179.19947814941406,-12.007747650146484,196.71811521736103,-179.4831171537778,-12.007659486192809,1.213476037702466,0.470969379511202,0.08070070238433139,3.595124363380464e-05,11.022832604388674,17.527423716380945,nan,nan,nan
73.58,195.52955627441406,-179.20101928710938,-12.00908088684082,196.7095188684842,-179.4846543821218,-12.008058068315677,1.2135739106808265,0.47102082850657917,0.08071886118702747,3.523456632466357e-05,11.023458773215218,17.26926821437538,nan,0.6991201265059024,nan
73.59,195.52085876464844,-179.20252990722656,-12.01038646697998,196.7009204509511,-179.48615959410517,-12.00942267954107,1.2136689464778039,0.4710723644935457,0.08073708574354126,3.593941909830883e-05,10.990891375175135,17.282937908088147,nan,nan,nan
73.60000000000001,195.51217651367188,-179.20401000976562,-12.011666297912598,196.71721693297482,-179.50271059274687,-12.011061221850143,1.241509088385661,0.47100634762317517,0.08073131993085729,3.5202763276324645e-05,10.675858198598583,17.625078275364924,9.459986956584045,0.056189794876391745,nan
73.61,195.50347900390625,-179.20547485351562,-12.012920379638672,196.708659266301,-179.50419185826368,-12.012379067670057,1.2416487453423255,0.47105766221236545,0.08074955849499425,3.5907006282542114e-05,10.64637064647301,16.9255085411669,nan,nan,nan
73.62,195.49478149414062,-179.20689392089844,-12.01414966583252,196.7001018220697,-179.50564367239005,-12.013541769078465,1.2417926060634463,0.4711090635503159,0.08076786285762542,3.519338382216544e-05,10.620238560734082,17.485850614764246,nan,0.011954917291117957,nan
73.63,195.48609924316406,-179.20828247070312,-12.01535415649414,196.69154409509545,-179.50706657875764,-12.014810149507152,1.2419217085699992,0.4711605517920454,0.08078623316645434,3.589791438440141e-05,10.58889306846866,17.729482356036968,nan,nan,nan
73.64,195.47740173339844,-179.20965576171875,-12.016534805297852,196.68298578186656,-179.50846096175766,-12.016331646697665,1.242061788625875,0.47121212707171484,0.08080466956275276,3.518526169916535e-05,10.554445568193804,17.065065366247186,nan,0.05337381340298011,nan
73.65,195.46871948242188,-179.21099853515625,-12.017692565917969,196.67640101060746,-179.5053554181643,-12.017565728747472,1.2430368716102356,0.4711460011775509,0.08079887737070193,3.586811575458328e-05,10.98558160148716,17.357564347209568,2.389346483118543,nan,nan
73.66,195.46002197265625,-179.21231079101562,-12.018826484680176,196.66784817400344,-179.5066762651606,-12.018180672588612,1.2431796258395762,0.47119735475173047,0.08081732694373436,3.515720256781064e-05,10.969460294746726,17.350505410733753,nan,0.24187702570979974,nan
73.67,195.45132446289062,-179.21359252929688,-12.019938468933105,196.6592940362463,-179.50797006074353,-12.019355958452774,1.243321744558583,0.4712487951412751,0.08083584265173617,3.5861477634320354e-05,10.93926630895227,17.464670841204086,nan,nan,nan
73.68,195.442626953125,-179.21485900878906,-12.021027565002441,196.65073422636294,-179.50923451870415,-12.023571967637432,1.2434575177596345,0.47130032248106946,0.08085442463590144,3.5151378882130906e-05,11.087149982004542,17.27990101917044,nan,6.5631792219377045,nan
73.69,195.43394470214844,-179.21609497070312,-12.0220947265625,196.6421800155366,-179.51047673236923,-12.024735122539521,1.2435835982396874,0.47135193692505484,0.08087307304405558,3.5855984789563374e-05,11.069681696167335,17.617028813939466,nan,nan,nan
73.7,195.4252471923828,-179.21731567382812,-12.023140907287598,196.63310875671434,-179.50908535217232,-12.024357581407079,1.242602343505911,0.47128570228205174,0.08086725015767077,3.512551034009002e-05,11.1071287286177,16.999059597795565,1.020650779139844,1.8562245083318536,nan
73.71000000000001,195.4165496826172,-179.218505859375,-12.02416706085205,196.6245537289356,-179.51026834625912,-12.025466171540984,1.2427392374762578,0.47133709471281626,0.08088591089355954,3.582958453123678e-05,11.085479463383182,17.188477229077513,nan,nan,nan
73.72,195.40786743164062,-179.21966552734375,-12.025171279907227,196.6118691597145,-179.5155002547804,-12.026079201949054,1.239814168125541,0.47067753050056865,0.0802132753003299,3.512169013967435e-05,13.869791957688284,20.417001106758892,nan,0.15809168068103235,0.023988096301225063
73.73,195.399169921875,-179.22080993652344,-12.026156425476074,196.6033095819204,-179.51664510551706,-12.027144054351613,1.2399482825983221,0.47072776036015007,0.08022886836673325,3.58261215201503e-05,13.837258754262013,19.934281142130125,nan,nan,nan
73.74,195.39047241210938,-179.22203063964844,-12.027229309082031,196.59473759057653,-179.517828643738,-12.029996938515769,1.2400640060354047,0.4707780760508282,0.08024452076904144,3.511887894114419e-05,13.996900943843691,20.466615603559898,nan,2.155556124019895,nan
73.75,195.38177490234375,-179.2233428955078,-12.028388977050781,196.55933106872212,-179.51161258118435,-12.031192189570433,1.212330728248771,0.47071366740537846,0.08023850974201233,3.580169974990726e-05,13.47971048078025,20.003021286664577,7.213577105750739,nan,nan
73.76,195.37307739257812,-179.22474670410156,-12.029634475708008,196.55072022627144,-179.5129599458907,-12.033149338247206,1.2124033449106348,0.47076376813601956,0.08025418215466124,3.509584011540692e-05,13.58176856530609,19.88696324034388,nan,0.3102751684056032,nan
73.77,195.36439514160156,-179.22621154785156,-12.030964851379395,196.54211409357868,-179.51438831954442,-12.034534612856671,1.2124687727056696,0.47081395461270414,0.08026991406191235,3.580013709832487e-05,13.552063097193368,20.85320224626958,nan,nan,nan
73.78,195.35569763183594,-179.227783203125,-12.032378196716309,196.53350607983657,-179.5159004453715,-12.03628267366914,1.2125425891083839,0.4708642268491343,0.08028570556323822,3.509475597526275e-05,13.600300478061591,19.901577826006495,nan,0.05408728098684702,nan
73.79,195.3470001220703,-179.2294158935547,-12.033875465393066,196.52489986320538,-179.51749328250173,-12.037840316245083,1.2126219947827426,0.470914585118177,0.08030155684726571,3.57994351189278e-05,13.572602785544326,20.564409120026752,nan,nan,nan
73.8,195.3383026123047,-179.23114013671875,-12.035454750061035,196.5081003270861,-179.5173145833567,-12.039154012897235,1.2042990459025975,0.47085007989785865,0.08029557174247144,3.507335159537208e-05,13.315225540260844,20.064308796730405,0.8030279784102087,0.08280482727133416,nan
73.81,195.32960510253906,-179.23294067382812,-12.037114143371582,196.49947952289554,-179.51906937186118,-12.040874491487436,1.2043628736641,0.4709002229371191,0.08031144256379931,3.57775443146738e-05,13.28852597342325,20.20831093044855,nan,nan,nan
73.82000000000001,195.3209228515625,-179.23483276367188,-12.038854598999023,196.49086566923881,-179.5208989082544,-12.041588888276024,1.2044116871097492,0.4709504516639253,0.08032737323351388,3.507379179139713e-05,13.075379366040247,19.7396869154483,nan,0.8316638246131451,nan
73.83,195.31222534179688,-179.23678588867188,-12.04067325592041,196.48224496134327,-179.5228105215849,-12.043460645564807,1.2044765544822957,0.47100076634116606,0.08034336393651698,3.57783830101691e-05,13.047287211234197,20.13428286878172,nan,nan,nan
73.84,195.30352783203125,-179.2388153076172,-12.042571067810059,196.47361468588682,-179.52480490579552,-12.046938281770052,1.204538238658114,0.47105116699725336,0.08035941477775417,3.5074941622175316e-05,13.341782860482189,20.444529466659883,nan,1.6372991073935035,nan
73.85000000000001,195.29483032226562,-179.24093627929688,-12.044546127319336,196.47419324827564,-179.53153852767332,-12.048949872082115,1.2146464386710578,0.47098656544526046,0.08035345198684378,3.575794538172077e-05,13.276105983775745,19.926146516848704,1.042889041763428,nan,nan
73.86,195.28614807128906,-179.2431182861328,-12.04659652709961,196.46559425792935,-179.53368529036462,-12.050026461222208,1.214715709776018,0.4710367506060543,0.0803695218708444,3.505561229946696e-05,13.036786912540316,20.4407784231383,nan,0.7707300490884469,nan
73.87,195.27745056152344,-179.24537658691406,-12.048724174499512,196.4569891475982,-179.5359100377474,-12.052216267238773,1.2147975785307068,0.4710870216346782,0.0803856520350478,3.5760134491961706e-05,13.010658195830795,20.077843742375148,nan,nan,nan
73.88,195.2687530517578,-179.24771118164062,-12.050925254821777,196.44839488485147,-179.53820214634044,-12.052753835655087,1.2148840268373973,0.47113737856898735,0.08040184258789787,3.505802131334926e-05,12.733848316227446,19.75489140959469,nan,2.1022710205890474,nan
73.89,195.2600555419922,-179.2501220703125,-12.053200721740723,196.43979071437383,-179.5405729352183,-12.055077911890054,1.2149651458876207,0.47118782165793066,0.08041809370915064,3.5762951902492764e-05,12.706307408488621,19.585856024814763,nan,nan,nan
73.9,195.25137329101562,-179.25259399414062,-12.055492401123047,196.44836810897928,-179.54686496133309,-12.058567752140258,1.2326400342955404,0.47112312377969573,0.08041214949416256,3.503987502372492e-05,13.276407891829491,20.48692442709764,4.108384658279236,0.6957546638534137,nan
73.91,195.24267578125,-179.25514221191406,-12.057768821716309,196.43979501712028,-179.54937583768077,-12.060951811190169,1.2327522146986576,0.471173351101914,0.08042841913862754,3.574434091218098e-05,13.259461167429981,20.104284502166067,nan,nan,nan
73.92,195.23399353027344,-179.25775146484375,-12.060015678405762,196.43123271213358,-179.55195123325424,-12.061571943631405,1.2328574874150622,0.4712236642557829,0.0804447494182965,3.5043379348197375e-05,13.013050212903382,20.342514257436438,nan,2.1385418811038575,nan
73.93,195.2252960205078,-179.2604522705078,-12.062225341796875,196.42266095836516,-179.5546021930876,-12.063884798744898,1.2329678524443257,0.4712740634813706,0.0804611405096595,3.574826220254536e-05,12.991985933212355,19.388359235156123,nan,nan,nan
73.94,195.2165985107422,-179.26319885253906,-12.0643949508667,196.41408581175006,-179.55732427986229,-12.066854176040113,1.2330821752266274,0.47132454882965363,0.08047759252596821,3.504739330564061e-05,13.056203087592394,20.236997122392655,nan,0.3391087969916636,nan
73.95,195.20791625976562,-179.26596069335938,-12.066523551940918,196.4164614334212,-179.56601318285277,-12.069294738220785,1.245239178909328,0.4712597548396002,0.08047166317367987,3.573068472069084e-05,12.985796511917515,20.321277340099,3.347569048360049,nan,nan
73.96000000000001,195.19921875,-179.26870727539062,-12.068610191345215,196.4079150877206,-179.5687737683879,-12.07035788037392,1.2453874061735994,0.47131002415341394,0.080488133172523,3.503071776292951e-05,12.823774999381984,19.721335250940623,nan,0.9208621882618652,nan
73.97,195.19053649902344,-179.2714080810547,-12.070655822753906,196.39936294344994,-179.57150692383965,-12.072512440235478,1.2455216317728792,0.4713603794556261,0.08050466422269281,3.573555791345114e-05,12.796659835254895,20.106446595847302,nan,nan,nan
73.98,195.18185424804688,-179.27406311035156,-12.072661399841309,196.3908062729734,-179.57420036968244,-12.075533299201096,1.2456546956594943,0.4714108208055112,0.08052125644047103,3.5035616784060985e-05,12.899022706286864,20.17498591814861,nan,0.5784886820719488,nan
73.99,195.17315673828125,-179.2766571044922,-12.074626922607422,196.38225483249383,-179.57684338426225,-12.077617930231638,1.2458085527549108,0.4714613484308635,0.08053790999788266,3.5740874204070665e-05,12.876788030717982,20.42226879455765,nan,nan,nan
74.0,195.1644744873047,-179.2792205810547,-12.076553344726562,196.36529588421823,-179.56921236678394,-12.079552225601617,1.235344590129544,0.471396458351389,0.0805319916875001,3.5019766579230945e-05,13.52977431659646,19.931802269000983,8.812054334267128,0.05639463985001901,nan
74.01,195.15579223632812,-179.28172302246094,-12.07844066619873,196.35673452759093,-179.57172056731508,-12.081561151224697,1.2354637592385243,0.4714467696692858,0.08054866266264281,3.572456498243962e-05,13.50927891368215,20.31140419091577,nan,nan,nan
74.02,195.1470947265625,-179.2841796875,-12.080291748046875,196.34816344383964,-179.57418465390862,-12.08547398187797,1.2355953219848697,0.4714971669589524,0.08056539504421244,3.5025421312668066e-05,13.968446073124339,20.417306763486692,nan,2.655664786198326,nan
74.03,195.13841247558594,-179.28659057617188,-12.082104682922363,196.33960258850698,-179.5765938521598,-12.08742927051892,1.2357135342368217,0.47154765044047603,0.08058218900143967,3.5730640387788186e-05,13.959892530362414,20.52407658650236,nan,nan,nan
74.04,195.12973022460938,-179.2889404296875,-12.083882331848145,196.33104759487836,-179.57895160918403,-12.088244718556766,1.2358353202432537,0.4715982201845406,0.08059904465472702,3.5031428305547195e-05,13.67316209846718,20.637330116719305,nan,0.8595427241225294,nan
74.05,195.12103271484375,-179.291259765625,-12.085623741149902,196.35703255735416,-179.6005605691888,-12.09012807857673,1.27412043654696,0.4715332342048744,0.0805931335799408,3.571503650972703e-05,13.320967633644067,20.295329513890493,16.32900829554962,nan,nan
74.06,195.1123504638672,-179.29351806640625,-12.08733081817627,196.3485320137285,-179.60287154078634,-12.09110938520416,1.274307134837321,0.47158358737161027,0.08061000606541904,3.501657582779196e-05,13.124482771034893,20.759737084609533,nan,0.520356198837464,nan
74.07000000000001,195.10366821289062,-179.29574584960938,-12.089004516601562,196.34002757360943,-179.60513948368526,-12.092907496161878,1.2744897500149432,0.4716340266461946,0.0806269403589331,3.572175259307519e-05,13.10865643057822,20.176100710755993,nan,nan,nan
74.08,195.094970703125,-179.2979278564453,-12.090643882751465,196.33152159720115,-179.60736381315502,-12.095017957609578,1.2746873567570327,0.47168455210642596,0.08064393658344603,3.502317647166217e-05,13.194639541633004,20.21667352145073,nan,0.08402670036972523,nan
74.09,195.08628845214844,-179.30006408691406,-12.09225082397461,196.3230174174946,-179.60954342436233,-12.096754659486468,1.274871083117016,0.4717351639618495,0.08066099490440895,3.5728768052935034e-05,13.181451325864709,20.408633147589924,nan,nan,nan
74.10000000000001,195.07760620117188,-179.30215454101562,-12.093826293945312,196.27195821748862,-179.60135853836903,-12.098698940976062,1.231269066289415,0.47167008211925776,0.08065508717103838,3.500887339074041e-05,12.395943151930414,20.14459731911299,19.26521735654403,0.012826287184833883,nan
74.11,195.0689239501953,-179.30419921875,-12.095369338989258,196.26338038120664,-179.60345454894392,-12.100377217437476,1.2313833672258006,0.47172047712292836,0.08067216171543502,3.5714001422841754e-05,12.384186683855262,20.31784059455762,nan,nan,nan
74.12,195.0602264404297,-179.30621337890625,-12.096881866455078,196.25480999877163,-179.60550515379035,-12.100387976601574,1.2315103479802916,0.47177095823447796,0.08068929842194343,3.5015968192303005e-05,11.999045013362098,19.342082000009828,nan,1.8914668317978773,nan
74.13,195.05154418945312,-179.3081817626953,-12.09836483001709,196.24623222967614,-179.60751955245516,-12.101990338005702,1.2316232257222135,0.4718215256569224,0.0807064974536831,3.5721511283320876e-05,11.980909127221798,19.696213550267416,nan,nan,nan
74.14,195.04286193847656,-179.3101043701172,-12.099818229675293,196.23765586671553,-179.60949349425607,-12.103231783539021,1.2317378093406595,0.4718721794777429,0.08072375893706145,3.502329487936875e-05,11.910145479812142,19.871779615704554,nan,0.0777551384747817,nan
74.15,195.0341796875,-179.31199645996094,-12.101242065429688,196.2380750001592,-179.62056265224504,-12.104776759769933,1.242815156379894,0.47180700193992503,0.08071785065740866,3.5707200567024105e-05,11.452375995087522,19.698568635376613,4.9122152046726875,nan,nan
74.16,195.02548217773438,-179.3138427734375,-12.10263729095459,196.22951117302702,-179.62248921003717,-12.105898166194947,1.2429638279686288,0.4718574386371145,0.0807351277351443,3.5009629648202206e-05,11.371496171983416,19.75374992372821,nan,0.1089702542920701,nan
74.17,195.0167999267578,-179.31565856933594,-12.104005813598633,196.22094550970726,-179.62437933070328,-12.107381530476736,1.2430955268604036,0.47190796156049825,0.08075246736325849,3.57151149995946e-05,11.352242084255197,19.61939264107773,nan,nan,nan
74.18,195.00811767578125,-179.31744384765625,-12.105345726013184,196.21237643279318,-179.62623480189387,-12.109657218988724,1.243225480848335,0.47195857080351417,0.08076986967026806,3.501732958532793e-05,11.530102236097482,19.62075774448842,nan,0.4730619315726055,nan
74.19,194.9994354248047,-179.31918334960938,-12.106659889221191,196.2038107651194,-179.62805253114297,-12.111096066702123,1.2433582795518305,0.47200926656033804,0.08078733481617392,3.5723220587504016e-05,11.51545161508914,19.95774758564988,nan,nan,nan
74.2,194.99073791503906,-179.32089233398438,-12.10794734954834,196.16594363495489,-179.6105281171439,-12.111522279026552,1.210376037076938,0.47194399337728965,0.0807814220320227,3.500400726497872e-05,11.847700438044763,19.134319280445023,16.475282503979823,0.692069851064769,nan
74.21000000000001,194.9820556640625,-179.32257080078125,-12.109210014343262,196.1573323500388,-179.6122256949659,-12.112900863029136,1.210449862112682,0.4719944717347259,0.08079890212090822,3.5709424367784883e-05,11.830431846562474,19.17170513266641,nan,nan,nan
74.22,194.97337341308594,-179.32421875,-12.110445976257324,196.14871488288412,-179.6138930406364,-12.115800783203488,1.2105236219258568,0.47204503633219336,0.0808164451121446,3.5012006089852855e-05,12.234678409024173,19.527559716354432,nan,1.6861196153832314,nan
74.23,194.9646759033203,-179.32582092285156,-12.111658096313477,196.14010343929831,-179.61552396322978,-12.11714644343091,1.2106146644964204,0.4720956873584656,0.08083405116383727,3.571782742116928e-05,12.225354806646825,19.743719768412554,nan,nan,nan
74.24,194.95599365234375,-179.32740783691406,-12.112846374511719,196.1314928146295,-179.6171218777671,-12.11823323772585,1.21068638560825,0.4721464249150042,0.0808517204073077,3.502014766861668e-05,12.178005874350818,19.28183672485783,nan,0.03914465447639027,nan
74.25,194.9473114013672,-179.32894897460938,-12.11401081085205,196.1498091992435,-179.6264583064546,-12.119439915467423,1.2387664152733864,0.47208105623648583,0.08084579916109617,3.5704303659534227e-05,12.581751015546686,19.919261069469474,6.99652658997446,nan,nan
74.26,194.93861389160156,-179.33045959472656,-12.115151405334473,196.14123988219868,-179.62800035774646,-12.121664162849722,1.2389036261665398,0.4721315761198935,0.08086348267630089,3.500719824341737e-05,12.935236031649987,20.10822213452985,nan,0.6389288403677043,nan
74.27,194.929931640625,-179.3319549560547,-12.116270065307617,196.13267389950133,-179.62951005625018,-12.122924445005673,1.2390206857467907,0.47218218234668646,0.08088122946990028,3.571293809265707e-05,12.931730593445314,19.70690365603115,nan,nan,nan
74.28,194.92124938964844,-179.33340454101562,-12.117365837097168,196.12411129084572,-179.6309879793554,-12.123190985005458,1.239139454812984,0.47223287502319733,0.08089903967490729,3.5015551994463975e-05,12.627740290467704,20.003911359443304,nan,0.6668230588433173,nan
74.29,194.9125518798828,-179.3348388671875,-12.118440628051758,196.11554503248806,-179.63243855398287,-12.124399036730793,1.2392713994237874,0.4722836543309606,0.08091691344692274,3.572168501571874e-05,12.621417670572907,19.286436423369967,nan,nan,nan
74.3,194.90386962890625,-179.3362274169922,-12.119492530822754,196.1176978881608,-179.63718121308744,-12.12568128745047,1.250596070303138,0.47221819021765066,0.08091097972566193,3.500279642144032e-05,12.856524419793573,20.325564084349715,1.0260376258553139,0.004365471404074157,nan
74.31,194.89517211914062,-179.3376007080078,-12.120524406433105,196.10914918911297,-179.6385777372744,-12.126849940352619,1.250746781304732,0.4722687515752921,0.08092886707677809,3.5708442568285314e-05,12.851671583227525,19.669964985109193,nan,nan,nan
74.32000000000001,194.88648986816406,-179.3389434814453,-12.121536254882812,196.10059967763763,-179.63994695128665,-12.12811526119179,1.2508832885767096,0.4723193993012699,0.0809468180551603,3.501130855255877e-05,12.935409660718273,20.01848117159806,nan,0.009528873954648283,nan
74.33,194.8778076171875,-179.3402557373047,-12.122527122497559,196.0920502209751,-179.64128886931644,-12.129246173892525,1.2510200610195408,0.4723701335727538,0.08096483281491114,3.5717345848552546e-05,12.930887445462094,20.162397192766548,nan,nan,nan
74.34,194.86911010742188,-179.341552734375,-12.12349796295166,196.08350061301127,-179.6426040745439,-12.130292676264022,1.2511684049767826,0.47242095450256893,0.0809829114912641,3.501989995707971e-05,12.954776928711388,19.621455016801683,nan,0.003009389446360944,nan
74.35000000000001,194.8604278564453,-179.34292602539062,-12.124557495117188,196.06435829767983,-179.6440840901617,-12.131362345039566,1.2410443156028987,0.47235539508968727,0.08097696127880528,3.5704246185601556e-05,12.481322344517316,19.8867741990221,2.8375420640915863,nan,nan
74.36,194.8517303466797,-179.34437561035156,-12.125702857971191,196.05579250797237,-179.64552121552526,-12.131303356264358,1.2411630551033064,0.4724059977939224,0.0809950528222465,3.500732978937653e-05,12.053232685329474,19.58230998617012,nan,1.178195044370546,nan
74.37,194.84304809570312,-179.34591674804688,-12.126935005187988,196.04722226927535,-179.64704333982957,-12.132610903420638,1.2412674491815863,0.472456686957483,0.0810132083578082,3.5713258890815756e-05,12.032412275906267,19.394992585236224,nan,nan,nan
74.38,194.8343505859375,-179.3475341796875,-12.128252029418945,196.03865083659568,-179.64864785444155,-12.134273855316543,1.2413882556421982,0.47250746269708266,0.08103142802204102,3.501602046839661e-05,12.139198336425572,19.52704158896038,nan,0.05104647375684416,nan
74.39,194.82566833496094,-179.3492431640625,-12.129653930664062,196.0300800585046,-179.6503330528861,-12.135755969342402,1.241491021247147,0.4725583251841043,0.08104971196709419,3.57223293369247e-05,12.119563400927364,19.278880140614525,nan,nan,nan
74.4,194.8169708251953,-179.3510284423828,-12.13113784790039,196.02738900587954,-179.65092919798386,-12.137028900941983,1.2470314109303482,0.4724926705411551,0.08104374120484725,3.500354125283771e-05,12.40331160351913,19.291523147132725,1.61936967049822,0.09551741126052296,nan
74.41,194.80828857421875,-179.35287475585938,-12.13270378112793,196.0188292791434,-179.6527632583743,-12.138677074704438,1.247147782925615,0.47254331452446574,0.08106203728449074,3.5709349849861015e-05,12.383143999103575,20.12647662058863,nan,nan,nan
74.42,194.79959106445312,-179.3548126220703,-12.13435173034668,196.01026504703728,-179.6546779360968,-12.141949694184934,1.2472804126245478,0.4725940450007188,0.08108039770113684,3.501229376562446e-05,13.006742661472604,20.040941322286333,nan,1.6771954939313933,nan
74.43,194.79090881347656,-179.35684204101562,-12.136078834533691,196.00170525461576,-179.6566675917703,-12.143777679722511,1.2473903378565656,0.47264486213785595,0.08109882260578667,3.571848022191584e-05,12.991998342710747,19.72302681379587,nan,nan,nan
74.44,194.78221130371094,-179.3589324951172,-12.137886047363281,195.9931458318855,-179.65873358964927,-12.1455918937368,1.2475185400932194,0.47269576605771696,0.08111731213669528,3.502108252434921e-05,13.0021064754797,20.070066273045047,nan,0.006307117780008619,nan
74.45,194.77352905273438,-179.36109924316406,-12.139771461486816,195.98779794470656,-179.6756387699994,-12.147636940207219,1.254370727380329,0.47263001630850343,0.08111131676089545,3.570555643283661e-05,11.920366511727654,20.34844219881279,18.735660086766345,nan,nan
74.46000000000001,194.76483154296875,-179.3633270263672,-12.14173412322998,195.97924531938082,-179.67790806588198,-12.147034059873109,1.254507927471987,0.4726807014476378,0.08112981767504518,3.500866262610921e-05,10.962554981028093,19.746207098108616,nan,5.034196226260506,nan
74.47,194.7561492919922,-179.3656463623047,-12.143773078918457,195.97068571203033,-179.68025482404545,-12.149153424400495,1.2546338700654722,0.4727314731606638,0.08114838328078876,3.571471478964761e-05,10.94420139936969,19.199670616204408,nan,nan,nan
74.48,194.74745178222656,-179.36802673339844,-12.145888328552246,195.96212296326937,-179.68267624807862,-12.15264990903034,1.2547813013090987,0.4727823315724477,0.08116701371737343,3.50174757427573e-05,11.41244563366269,19.927483493896993,nan,1.1919347333508734,nan
74.49,194.73876953125,-179.3704833984375,-12.148077964782715,195.95356378530357,-179.68516794637094,-12.154935728263697,1.2549097470772983,0.4728332768464212,0.0811857091343266,3.5723894915968726e-05,11.396343219870138,19.914295099549857,nan,nan,nan
74.5,194.73007202148438,-179.37301635742188,-12.150341987609863,195.93010434184453,-179.68811151917518,-12.15796572501827,1.2407339167772364,0.47276743206766575,0.08117968504985193,3.500507989147675e-05,11.158965671439354,19.699946823643582,5.105041245871981,0.37637932173687105,nan
74.51,194.7213897705078,-179.3756103515625,-12.152623176574707,195.9215183933257,-179.69076059146877,-12.160379217526726,1.2408418679231394,0.472818158281734,0.08119839107909879,3.5710986389064146e-05,11.155823947903494,20.253699511400775,nan,nan,nan
74.52,194.71270751953125,-179.37828063964844,-12.154890060424805,195.91293611759696,-179.69347775829885,-12.161474323230154,1.2409436988586493,0.47286897110982073,0.08121716214006866,3.501389251837368e-05,10.68277169768179,19.478739331084007,nan,1.231270824043577,nan
74.53,194.70401000976562,-179.3810272216797,-12.157127380371094,195.90435110223726,-179.69626531421653,-12.163856536792023,1.241063686846246,0.47291987071271424,0.08123599838144001,3.5720164674472196e-05,10.686846849664864,18.93873787209735,nan,nan,nan
74.54,194.69532775878906,-179.38381958007812,-12.15932846069336,195.89577022388943,-179.69911915078796,-12.16467356132813,1.2411706173636436,0.4729708572192237,0.0812548999437225,3.502271416599193e-05,10.207375744965425,19.5176191864491,nan,1.6573515736547078,nan
74.55,194.6866455078125,-179.38670349121094,-12.16148853302002,195.8942290580575,-179.6999829690682,-12.166916225820561,1.247570247287898,0.4729049175261165,0.08124884304981198,3.570725742980545e-05,10.61820313290274,18.51332673783692,2.47681412244028,nan,nan
74.56,194.67794799804688,-179.38963317871094,-12.16360855102539,195.88565919850384,-179.7029575240299,-12.169178458716177,1.2477056996545517,0.4729556846943087,0.08126775443515502,3.5010298695938906e-05,10.652924100079016,19.112930647924646,nan,1.7914296296940987e-05,nan
74.57000000000001,194.6692657470703,-179.39263916015625,-12.165687561035156,195.87708979709984,-179.70599649022697,-12.171395611741918,1.2478238393225438,0.47300653854944924,0.08128673119735667,3.571641328105905e-05,10.653120237937,18.735149276072057,nan,nan,nan
74.58,194.66058349609375,-179.3956298828125,-12.167724609375,195.86852365087557,-179.709066346444,-12.172333797954176,1.2479515531011245,0.47305747922264013,0.08130577347764535,3.501909876677457e-05,10.318116183147124,19.07425897461597,nan,1.0822281156183,nan
74.59,194.6519012451172,-179.3986053466797,-12.169722557067871,195.85995538321944,-179.71212358493744,-12.174458621732583,1.2480828965316124,0.4731085068712488,0.08132488142363017,3.572556919252186e-05,10.30991992736858,18.444557598058715,nan,nan,nan
74.60000000000001,194.64321899414062,-179.4015350341797,-12.171679496765137,195.83887680713195,-179.72027157680378,-12.175888771511726,1.2374200205932742,0.4730424723464024,0.08131878759757873,3.500666758025984e-05,9.362167231764882,18.465097636708755,9.840473087481978,0.3873529173757588,nan
74.61,194.63453674316406,-179.4044189453125,-12.173598289489746,195.83028453776774,-179.72327699681165,-12.177930481970469,1.2375386915959754,0.47309328037656134,0.08133790455866154,3.571261472956245e-05,9.351904108917333,18.212741333338577,nan,nan,nan
74.62,194.6258544921875,-179.40724182128906,-12.1754789352417,195.82169710039736,-179.72622826828723,-12.177680444180963,1.2376577651436123,0.4731441751384623,0.08135708723134628,3.5015430584949555e-05,8.93464702788242,18.088414543093428,nan,3.5852552047505095,nan
74.63,194.61717224121094,-179.41000366210938,-12.177321434020996,195.8131056935644,-179.7291277724084,-12.179625432110218,1.2377812119431397,0.47319515678749974,0.0813763357626411,3.5721733014831646e-05,8.914346977770064,18.36022650186799,nan,nan,nan
74.64,194.60848999023438,-179.4127197265625,-12.17912769317627,195.80451667053282,-179.73197182677077,-12.180368883699291,1.2379027684059145,0.4732462254577227,0.08139565029466977,3.502418716965308e-05,8.779997155984601,17.828809881326094,nan,0.9577420812590687,nan
74.65,194.5998077392578,-179.41539001464844,-12.18089771270752,195.80236667010058,-179.7407024973195,-12.182242798416805,1.2457840915611638,0.4731800962101769,0.08138951540895588,3.570874959578469e-05,8.574177915318339,17.610701947621603,1.567934795201432,nan,nan
74.66,194.59112548828125,-179.41799926757812,-12.182632446289062,195.79378698164422,-179.74345635911058,-12.182952672250014,1.2459201774557929,0.47323094498230356,0.08140883813043534,3.501169236018528e-05,8.497197043001938,17.884853733889646,nan,0.8816384194389262,nan
74.67,194.5824432373047,-179.42056274414062,-12.184332847595215,195.78520541743134,-179.74615898106595,-12.184735338240387,1.2460537442027422,0.4732818805527898,0.08142822689988298,3.571781792595289e-05,8.470145091483191,17.592685316655277,nan,nan,nan
74.68,194.57376098632812,-179.42306518554688,-12.185998916625977,195.77662228133093,-179.7488110909415,-12.18749723980246,1.2461893655739205,0.4733329030573696,0.08144768185991852,3.502040273971493e-05,8.500539160624884,18.05465469274516,nan,0.7230838812446921,nan
74.69,194.56507873535156,-179.42552185058594,-12.18763256072998,195.7680411420371,-179.75141203788158,-12.189224014136474,1.2463247966714808,0.4733840126489205,0.08146720315681105,3.5726875033260304e-05,8.478609217315766,17.815737136924763,nan,nan,nan
74.7,194.556396484375,-179.4279327392578,-12.18923282623291,195.70294853521762,-179.71038302122358,-12.191564294413256,1.180832419447325,0.4638783273804441,0.0757160682669925,3.500782782148935e-05,11.711767542840184,20.69996949727259,1.1299142558540032,0.2980977292501605,0.2544290954353324
74.71000000000001,194.54771423339844,-179.43028259277344,-12.190801620483398,195.694365398454,-179.71284163596846,-12.193234635397037,1.1809548792295832,0.46393275241783166,0.07572628633373206,3.57137674171481e-05,11.67879715979074,21.20467694616987,nan,nan,nan
74.72,194.53903198242188,-179.43260192871094,-12.192338943481445,195.6857780016679,-179.71524906220753,-12.194618280373682,1.181067750007218,0.4639872632534329,0.07573656292589004,3.5016484714955813e-05,11.619848225229141,20.461628769391663,nan,0.04621968622312078,nan
74.73,194.5303497314453,-179.4348602294922,-12.193845748901367,195.67719485762663,-179.7176138832988,-12.19622522799502,1.1811896689810646,0.46404186081050797,0.07574689881458328,3.572277140643772e-05,11.587085248259866,21.05453029789834,nan,nan,nan
74.74,194.52166748046875,-179.4370880126953,-12.195322036743164,195.66861273949922,-179.71993397417626,-12.197862256672964,1.1813093235287078,0.46409654446689086,0.07575729352929911,3.5025128155184426e-05,11.571618128349298,20.451996271218146,nan,0.0024787460274360014,nan
74.75,194.5129852294922,-179.43927001953125,-12.196769714355469,195.65652484343323,-179.72174489097495,-12.199372295091718,1.1779141204162782,0.4640217141114836,0.07575014279132239,3.5709668619758246e-05,11.44583116290311,20.429905463257576,0.2379858298283184,nan,nan
74.76,194.50430297851562,-179.44140625,-12.198187828063965,195.64795261544873,-179.72399192666668,-12.201852857353781,1.178050333879706,0.4640761631625848,0.0757605840349676,3.50125162242385e-05,11.59857361553692,20.704805424823107,nan,0.6500774779330994,nan
74.77,194.49562072753906,-179.44349670410156,-12.199578285217285,195.6393649600692,-179.72618218125626,-12.203355398863556,1.1781664632078246,0.4641306988279693,0.07577108481182343,3.571861125809445e-05,11.573006331152229,20.77334493195056,nan,nan,nan
74.78,194.4869384765625,-179.44554138183594,-12.200940132141113,195.63079769506223,-179.72834826229052,-12.206126449184817,1.1783125821545573,0.46418532053272377,0.07578164469809778,3.502110375593739e-05,11.900122353351879,21.29397512003836,nan,1.183866521367355,nan
74.79,194.47825622558594,-179.4475555419922,-12.202275276184082,195.62220979092874,-179.73045478559968,-12.207588367758929,1.1784269050884197,0.4642400291288087,0.07579226439540265,3.57275386384924e-05,11.881896545839577,20.817683355854612,nan,nan,nan
74.8,194.46957397460938,-179.44952392578125,-12.203583717346191,195.61649665366278,-179.7328468353508,-12.208844302641003,1.1814106722776985,0.46416510992423937,0.07578525108384337,3.642533215316985e-05,11.923372254242427,20.923397281463348,1.5284306728716728,nan,nan
74.81,194.4608917236328,-179.45144653320312,-12.204866409301758,195.60791235155068,-179.73487076985313,-12.210251160016842,1.1815306235261123,0.46421958351422915,0.07579591689033799,3.7159652137926384e-05,11.902891737430604,21.160482323506073,nan,nan,nan
74.82000000000001,194.45220947265625,-179.45333862304688,-12.206123352050781,195.59933936619356,-179.73686599065815,-12.212387751791795,1.181665774885443,0.46427414305603865,0.07580664206409658,3.63763783409346e-05,12.161321120073183,21.092710140327107,nan,0.37155190019839746,nan
74.83,194.4435272216797,-179.45518493652344,-12.207355499267578,195.59075463283196,-179.73881308465303,-12.213753096094708,1.1817853394570987,0.46432878940858885,0.07581742730380708,3.7109328018904336e-05,12.144777646843345,21.408023251276997,nan,nan,nan
74.84,194.43484497070312,-179.45700073242188,-12.208562850952148,195.58216294403542,-179.74071690182245,-12.214641656736324,1.1818926975789374,0.4643835220156088,0.07582827221194535,3.632876098208647e-05,12.019119961456468,21.001017208066944,nan,0.13422904881163422,nan
74.85000000000001,194.42616271972656,-179.4587860107422,-12.209746360778809,195.59579226106314,-179.74337057090523,-12.215950089930207,1.2037691315637664,0.4643085146545706,0.0758213919745087,3.7036737807404706e-05,12.919977777850631,20.789043413966986,10.062002221503679,nan,nan
74.86,194.41748046875,-179.4605255126953,-12.210905075073242,195.5872603984813,-179.74520293954225,-12.219001791225404,1.2039484532864442,0.46436301188318346,0.07583228256764706,3.625982346324992e-05,13.649389135601364,21.949790348471,nan,2.037441021985128,nan
74.87,194.40879821777344,-179.4622344970703,-12.212041854858398,195.57870257541924,-179.74697744044184,-12.22028758799063,1.2040858532319914,0.46441759581123065,0.07584323345487337,3.6989322438176874e-05,13.64074383657401,21.727123356586397,nan,nan,nan
74.88,194.40011596679688,-179.4639129638672,-12.213155746459961,195.5701430476023,-179.7487162060227,-12.221450523690391,1.2042196892135817,0.4644722659351335,0.07585424428682283,3.6215012710665235e-05,13.664135098488845,21.600868427227,nan,0.006706122265401971,nan
74.89,194.3914337158203,-179.46556091308594,-12.214247703552246,195.56158461816463,-179.75042240401763,-12.222691851440391,1.2043548093923997,0.464527023034408,0.07586531569043468,3.694335243174218e-05,13.656492574077486,21.463084618233047,nan,nan,nan
74.9,194.38275146484375,-179.4671630859375,-12.215317726135254,195.57937810301956,-179.7705353718681,-12.221966545539257,1.234501624892483,0.4644519278993589,0.07585856386767474,3.6149112571739435e-05,12.285635186040313,21.82353185658469,23.90525438042403,2.361860964833971,nan
74.91,194.3740692138672,-179.46875,-12.216365814208984,195.57087402930836,-179.77223511573058,-12.223146442122097,1.2347027815017146,0.4645064492253022,0.07586968048066081,3.6875446862484e-05,12.272238139167383,21.106156624078857,nan,nan,nan
74.92,194.36538696289062,-179.4702911376953,-12.217392921447754,195.56238373037405,-179.77391522655785,-12.225308655378493,1.2349297581429637,0.46456105668671305,0.07588085730936646,3.6107150839365614e-05,12.722285815214267,22.165586492719804,nan,0.6657391087864035,nan
74.93,194.35670471191406,-179.4718017578125,-12.218400001525879,195.5538793682943,-179.7755520656887,-12.226458726647435,1.2351341427005453,0.46461575101338937,0.07589209493623426,3.683246460007494e-05,12.711846083913931,22.105566837786753,nan,nan,nan
74.94,194.3480224609375,-179.47329711914062,-12.21938705444336,195.54534746210092,-179.77713476245395,-12.225582520930235,1.2352905956535787,0.46467053177665774,0.07590339307822136,3.606659729139087e-05,11.976176235567706,20.724255011614492,nan,2.6751199812502326,nan
74.95,194.33934020996094,-179.474853515625,-12.22046184539795,195.51521403712633,-179.76395426039102,-12.22658749631301,1.2109071069392483,0.46459535015977516,0.07589676562670959,3.676774727084879e-05,12.401693344952912,21.032326958409996,15.585998722576413,nan,nan
74.96000000000001,194.33065795898438,-179.47650146484375,-12.221623420715332,195.50667749268638,-179.76563285878797,-12.228780608131176,1.2110615723176545,0.4646498947828196,0.0759081084981296,3.600520775567154e-05,12.77175923191175,20.993581292189273,nan,0.6163356720043126,nan
74.97,194.32196044921875,-179.47824096679688,-12.222870826721191,195.49812785361695,-179.7673811941983,-12.230108783848419,1.2112077535641514,0.4647045261616599,0.07591951239184033,3.672775892522943e-05,12.745092043085611,20.35159988138781,nan,nan,nan
74.98,194.3132781982422,-179.48004150390625,-12.224203109741211,195.4895945528022,-179.76922359001134,-12.23278884165436,1.211371189900906,0.46475924391427176,0.07593097706571074,3.59675271125373e-05,13.335482998497875,21.875196832270355,nan,1.0698241306083764,nan
74.99,194.30459594726562,-179.48193359375,-12.225619316101074,195.48104439635577,-179.77113069388747,-12.234301211286722,1.2115037314835415,0.46481404870017934,0.07594250304118014,3.668924216264672e-05,13.309007598861005,21.321045055661415,nan,nan,nan
75.0,194.29591369628906,-179.48388671875,-12.227118492126465,195.46127796244278,-179.77775018863497,-12.23654000645522,1.201881182435714,0.46473878072724545,0.07593599497863657,3.5909164904608616e-05,12.82345430857638,22.55160942842749,11.394389925259018,0.19327350575660143,nan
75.01,194.2872314453125,-179.48593139648438,-12.22869873046875,195.45271947139875,-179.77985067701474,-12.238227302222061,1.2020156721513946,0.4647933489865239,0.07594756515613482,3.66292012987867e-05,12.798288387993288,21.893816575826996,nan,nan,nan
75.02,194.27853393554688,-179.48805236816406,-12.230360984802246,195.4441650257088,-179.78203089870163,-12.240329238650556,1.202172442228605,0.46484800355493217,0.07595919637362576,3.587433409799112e-05,13.058170654287462,21.921876671184236,nan,0.07407955259153193,nan
75.03,194.2698516845703,-179.490234375,-12.232102394104004,195.4356064220409,-179.7842829388999,-12.242184014405767,1.2023104029054381,0.46490274504845486,0.07597088911511751,3.659365450286189e-05,13.032835526575193,22.71526648982011,nan,nan,nan
75.04,194.26116943359375,-179.4925079345703,-12.233922958374023,195.42704688041076,-179.78660865716407,-12.244038248030732,1.2024424207052697,0.4649575731506476,0.0759826431943192,3.584089918627108e-05,13.078769897571025,22.009820789164696,nan,0.004443059778648426,nan
75.05,194.2524871826172,-179.49484252929688,-12.235822677612305,195.37510277548523,-179.7780246198338,-12.246028081612144,1.1578264187787932,0.4648822199866645,0.0759762502385431,3.653671326354572e-05,12.318631873287146,22.2427554424372,15.045655744939111,nan,nan
75.06,194.24380493164062,-179.49725341796875,-12.237798690795898,195.36647703376312,-179.78049872899302,-12.248002904103897,1.1578966625181242,0.46493681120081515,0.07598804798516934,3.578693495785589e-05,12.345343387429423,22.119178191266126,nan,0.009382701017564164,nan
75.07000000000001,194.23512268066406,-179.49974060058594,-12.239851951599121,195.35785296184864,-179.78304593867182,-12.250172321837967,1.1579687858135959,0.4649914892325588,0.07599990747574818,3.650408531309899e-05,12.321666248441932,21.845238257528557,nan,nan,nan
75.08,194.22642517089844,-179.50228881835938,-12.24198055267334,195.34923437233292,-179.78566843715956,-12.252845140711987,1.1580684567202912,0.46504625380588205,0.07601182855807143,3.5756290219160533e-05,12.673180990165193,22.37277865612053,nan,0.1229211995711977,nan
75.09,194.21774291992188,-179.50491333007812,-12.244183540344238,195.3406111597861,-179.78835711661867,-12.255171935304269,1.1581425685329239,0.46510110547588224,0.0760238116652867,3.6472881316609575e-05,12.65061408477101,22.31497721528923,nan,nan,nan
75.10000000000001,194.2090606689453,-179.50759887695312,-12.2464599609375,195.31375184704538,-179.79223158087177,-12.256310974473681,1.1408134893924808,0.46502566734554096,0.07601752879765229,3.570521111771045e-05,11.28240431384681,22.22383316862321,8.783819846714415,1.0265511589336007,nan
75.11,194.20037841796875,-179.51036071777344,-12.24875259399414,195.30510789120854,-179.7950875649502,-12.258746169207436,1.1408753034812413,0.46508028174958566,0.07602955499450068,3.6420400622317e-05,11.274966428003838,21.814399135841544,nan,nan,nan
75.12,194.1916961669922,-179.51318359375,-12.251030921936035,195.29646418345519,-179.7980110868579,-12.26118299263191,1.1409391463041043,0.4651349828129012,0.07604164316103834,3.7149965449335955e-05,11.274966650843908,22.04253555719857,nan,nan,nan
75.13,194.18301391601562,-179.51608276367188,-12.253278732299805,195.287821008469,-179.80100148109116,-12.263598416325705,1.141001263342647,0.46518977067998785,0.07605379344176547,3.789405009896731e-05,11.279846681565596,21.591545021694966,nan,nan,nan
75.14,194.17433166503906,-179.51904296875,-12.25549030303955,195.27917424324934,-179.8040545952575,-12.26559150211211,1.1410568715421214,0.4652446453030405,0.0760660058492112,3.70611148218857e-05,11.19118674530237,21.660746970205984,nan,0.0954973618665533,nan
75.15,194.1656494140625,-179.52206420898438,-12.257660865783691,195.24964467045373,-179.8045205224361,-12.267970097194997,1.1202381733987299,0.46516912325998483,0.07605982857970073,3.7778639513280036e-05,10.714702835238793,21.99471937408054,5.1159298338563985,nan,nan
75.16,194.15696716308594,-179.52516174316406,-12.259790420532227,195.2409639783511,-179.80771257420284,-12.269332441996871,1.1202567195957038,0.4652237602623558,0.07607208349008296,3.695204344137388e-05,10.33490452115721,21.01232446756084,nan,0.558610692263645,nan
75.17,194.14828491210938,-179.52830505371094,-12.261878967285156,195.23229401839237,-179.81097700622126,-12.271585140188426,1.1203005779847113,0.4652784841629949,0.07608440086819643,3.769086536589143e-05,10.338685013109743,21.804866836247935,nan,nan,nan
75.18,194.13961791992188,-179.53152465820312,-12.26392650604248,195.22362040847398,-179.81430121575528,-12.2733998671062,1.1203185802520816,0.4653332947507257,0.07609678061809395,3.686938042588092e-05,10.242142469075775,21.322762636253344,nan,0.1004472809652283,nan
75.19,194.1309356689453,-179.5347900390625,-12.265932083129883,195.21495155284558,-179.8176840494244,-12.275568599582575,1.1203625842092606,0.4653881925161892,0.07610922311734986,3.76062287333243e-05,10.246226372591503,21.123807390289418,nan,nan,nan
75.2,194.12225341796875,-179.5380401611328,-12.267899513244629,195.21594598475846,-179.82246523628785,-12.27461130662889,1.130091191983397,0.4653125868573326,0.07610314638098711,3.6766737088090996e-05,9.205441535572442,19.991958401679423,1.592004046115405,5.614251360865155,nan
75.21000000000001,194.1135711669922,-179.541259765625,-12.269826889038086,195.20729196910102,-179.82583940100523,-12.276670660690645,1.1301582185911694,0.4653672466313377,0.07611563075550137,3.750080425881028e-05,9.195237879887442,19.693703766066804,nan,nan,nan
75.22,194.10488891601562,-179.54441833496094,-12.27171516418457,195.19862968982525,-179.8291631660633,-12.277810288522431,1.130214868807648,0.46542199302144815,0.07612817774166282,3.66901112925203e-05,8.923789663453716,19.925780773441566,nan,0.4988376987940772,nan
75.23,194.09622192382812,-179.5475311279297,-12.273567199707031,195.18997676510514,-179.83244123373564,-12.279786178976012,1.130270806891172,0.4654768264828333,0.0761407876892409,3.742244516224855e-05,8.909915682395035,19.656965117897073,nan,nan,nan
75.24,194.08753967285156,-179.5505828857422,-12.275381088256836,195.18132649712436,-179.83566417389758,-12.281969862600189,1.1303470129816149,0.4655317468577192,0.07615346054384689,3.66163954268315e-05,9.027617901182122,19.638149921147438,nan,0.03833040676327318,nan
75.25,194.078857421875,-179.5535888671875,-12.277159690856934,195.1940280423925,-179.85649667468908,-12.283913266417189,1.1555969295102968,0.4654560585629496,0.07614747968755496,3.732349336946471e-05,8.498591748835553,19.632278073267738,20.725547186589676,nan,nan
75.26,194.0701904296875,-179.5565185546875,-12.278902053833008,195.1854143979306,-179.85965265497964,-12.285055213270324,1.1557043927730284,0.46551074059664693,0.07616019377919088,3.652294500728189e-05,8.279207812713885,20.500146823447267,nan,0.3456819058611433,nan
75.27,194.06150817871094,-179.55938720703125,-12.280611038208008,195.17680799682316,-179.862755798018,-12.286886517371325,1.1558397674060006,0.46556550959603543,0.07617297104186432,3.725121872795854e-05,8.266280294909762,20.32715218473883,nan,nan,nan
75.28,194.05284118652344,-179.5622100830078,-12.2822847366333,195.1681944858627,-179.86579560160885,-12.287905135515564,1.1559449547166312,0.4656203654352187,0.07618581144572403,3.645501062036453e-05,8.042654791699722,19.7858619080696,nan,0.39456648850862697,nan
75.29,194.04415893554688,-179.56497192382812,-12.28392505645752,195.1595881408529,-179.86878456599797,-12.289662626709683,1.156078437349399,0.46567530852139405,0.07619871530386586,3.7181869103988696e-05,8.028933445493161,19.75155198071616,nan,nan,nan
75.3,194.0354766845703,-179.56768798828125,-12.28553295135498,195.16619031243624,-179.8831909622023,-12.288182083766399,1.1739090478811753,0.4655995379495217,0.07619282521819111,3.636747796463407e-05,7.035826493720821,19.090593190713427,8.219964092267537,6.521407909631554,nan
75.31,194.0268096923828,-179.57034301757812,-12.287109375,195.15761522123987,-179.886105919829,-12.289843975848074,1.174067643951305,0.4656542423323914,0.07620576963843236,3.709211141112418e-05,7.012617671614469,19.603391212469145,nan,nan,nan
75.32000000000001,194.01812744140625,-179.57293701171875,-12.288653373718262,195.1490181841243,-179.88895015578555,-12.288987249832461,1.1742139032823613,0.46570903347946085,0.07621877742908201,3.630511898208838e-05,6.782412950790729,19.579985388655405,nan,4.05529734995236,nan
75.33,194.00946044921875,-179.57550048828125,-12.290167808532715,195.14044290364907,-179.8917593403567,-12.290563602631686,1.174368396372407,0.4657639117693851,0.07623184888168204,3.702853586768222e-05,6.753023249590033,18.6391987585384,nan,nan,nan
75.34,194.0007781982422,-179.57798767089844,-12.291650772094727,195.13186726742038,-179.89451664920782,-12.292047888571023,1.1745438409124855,0.46581887711923375,0.07624498399862077,3.6245437265566335e-05,6.721702179296391,19.69460005180523,nan,0.0025868620849840594,nan
75.35000000000001,193.9921112060547,-179.5804443359375,-12.293105125427246,195.1447577961252,-179.90166766909553,-12.293554641361954,1.196569594060826,0.46574302516029226,0.07623917987383852,3.6944653497194e-05,7.060001094077416,18.935570777168017,3.8940339921991005,nan,nan
75.36,193.98342895507812,-179.5828399658203,-12.294529914855957,195.1362033494485,-179.90431195948184,-12.293631442124155,1.1967597312234146,0.4657977514622945,0.07625235486500911,3.6166268758333675e-05,7.046049875273673,19.3210235359114,nan,1.3174540789443516,nan
75.37,193.97476196289062,-179.58518981933594,-12.295926094055176,195.12766078862526,-179.90691688973834,-12.295078996319452,1.1969480890099597,0.46585256480368104,0.07626559372315504,3.688661527521152e-05,7.012301705988952,19.370960683366242,nan,nan,nan
75.38,193.96607971191406,-179.58750915527344,-12.297294616699219,195.11912312935166,-179.90947823191343,-12.297105718424985,1.19715213924177,0.46590746512699766,0.07627889646951914,3.611184074708999e-05,6.964655168575329,18.295372516897526,nan,0.24352761144370694,nan
75.39,193.95741271972656,-179.5897674560547,-12.298636436462402,195.11058048056984,-179.91198942198153,-12.298505465871525,1.1973399254711867,0.4659624527725666,0.07629226336744391,3.683123002307245e-05,6.933763347124841,19.191329173862606,nan,nan,nan
75.4,193.94873046875,-179.59197998046875,-12.29995059967041,195.12198354820652,-179.91369088995867,-12.298752752660429,1.216561602458539,0.4658865198473953,0.07628654005968394,3.603798563264468e-05,7.606117721082718,18.809768584708532,9.056295430993565,0.6231441789694445,nan
75.41,193.94004821777344,-179.59414672851562,-12.301239967346191,195.11346618795739,-179.9160849209539,-12.300088382680553,1.2167806945576831,0.46594126809131287,0.07629994611097926,3.675560224098579e-05,7.572184320710567,18.821423988036262,nan,nan,nan
75.42,193.93138122558594,-179.5962677001953,-12.302502632141113,195.1049362329563,-179.91842562932104,-12.299765526078769,1.216973532321979,0.4659961032374815,0.07631341626967417,3.598857353727433e-05,7.713644271611954,19.281031461359685,nan,1.7802051061983528,nan
75.43,193.92269897460938,-179.59835815429688,-12.303739547729492,195.0964185899718,-179.9207329697049,-12.301035599455123,1.2171896189304756,0.4660510256035778,0.0763269507827083,3.670539415870707e-05,7.675485653308212,18.49657360587243,nan,nan,nan
75.44,193.91403198242188,-179.60040283203125,-12.304952621459961,195.08791393324984,-179.92300816523542,-12.304033256124487,1.2174045673990435,0.4661060351662334,0.07634054969587839,3.594156211849091e-05,7.470094890162069,18.64576676259023,nan,2.052095863499781,nan
75.45,193.9053497314453,-179.60240173339844,-12.30614185333252,195.08086416923535,-179.9248082922556,-12.305191745392131,1.2189262017661482,0.4660300220911745,0.07633490226632267,3.663497672895776e-05,7.5277825867072,18.642477801188686,0.39005209647905836,nan,nan
75.46000000000001,193.89666748046875,-179.6043701171875,-12.307306289672852,195.07235167189833,-179.92699176169768,-12.306957232615092,1.2191464905107636,0.4660847919129877,0.07634853959726025,3.5875137634479346e-05,7.477848075540315,18.169695700323253,nan,0.20320836353511415,nan
75.47,193.88800048828125,-179.60629272460938,-12.30844783782959,195.06383509275284,-179.92913269578747,-12.308155630990422,1.2193493139572313,0.46613964885288317,0.07636224148249861,3.65896869796962e-05,7.44738812362443,18.621852049788185,nan,nan,nan
75.48,193.8793182373047,-179.60816955566406,-12.30956745147705,195.05531058271606,-179.93122910422935,-12.308221696689866,1.2195602811838757,0.4661945929075508,0.07637600798203328,3.5832786027517656e-05,7.46637033349554,18.7993142091808,nan,0.8298368037322068,nan
75.49,193.87063598632812,-179.6100311279297,-12.310664176940918,195.04679345959298,-179.93329343114576,-12.309365682070656,1.2197731775564853,0.4662496243644913,0.07638983932155236,3.65467464266672e-05,7.4343387252027595,17.728938224726967,nan,nan,nan
75.5,193.86196899414062,-179.61183166503906,-12.311738967895508,195.033911567244,-179.9439112342211,-12.3109268882466,1.218083287133365,0.46617353160771574,0.07638426259227181,3.5771026518106775e-05,6.739364881703238,19.604620186610276,10.941711142412746,0.15130312944732213,nan
75.51,193.85328674316406,-179.6136016845703,-12.31279182434082,195.02539595321323,-179.94594575486443,-12.312033441422281,1.2183157047688429,0.46622832297799555,0.07639813158415434,3.648357503571463e-05,6.709028719164086,19.115818743624573,nan,nan,nan
75.52,193.8446044921875,-179.61534118652344,-12.313824653625488,195.01687931463732,-179.94794392389915,-12.313006314640853,1.2185456536126456,0.46628320137976065,0.07641206540000842,3.5733083353134885e-05,6.684815693236106,18.799046607261403,nan,0.00872184318976961,nan
75.53,193.8359375,-179.61705017089844,-12.314836502075195,195.00836315416493,-179.94990759887997,-12.314071829037623,1.2187602580620158,0.46633816708282877,0.07642606425331226,3.644517128664589e-05,6.654932086759604,18.75517909205642,nan,nan,nan
75.54,193.82725524902344,-179.6187286376953,-12.315827369689941,194.99983923942145,-179.9518315132237,-12.313935473907382,1.218980852799854,0.46639322011050355,0.07644012822235385,3.569724373271222e-05,6.7127696855351395,18.479496310705972,nan,0.9485872109993254,nan
75.55,193.81857299804688,-179.62046813964844,-12.316906929016113,195.01137235173366,-179.96098008124372,-12.315077755246637,1.2404523474931506,0.46631704842836164,0.0764346171501503,3.6386522477269606e-05,6.833126022992872,19.80847877209053,3.5610205336483274,nan,nan
75.56,193.8098907470703,-179.62229919433594,-12.318073272705078,195.00289165299313,-179.96302432758682,-12.316757291419945,1.2407040379430683,0.46637186103566897,0.07644871799010933,3.5641942332592945e-05,6.766610776479083,19.105790104819516,nan,0.18428186776756078,nan
75.57000000000001,193.80120849609375,-179.62420654296875,-12.319324493408203,194.99440750835183,-179.9651448614769,-12.318008553097133,1.2409530819413395,0.4664267608436205,0.0764628840620219,3.63523908737141e-05,6.742500347074929,19.211821800782506,nan,nan,nan
75.58,193.79254150390625,-179.62619018554688,-12.320661544799805,194.9859238573824,-179.96734368903455,-12.319441591080073,1.241188399404891,0.4664817478910461,0.07647711545461143,3.561014452576945e-05,6.71312306828854,19.37755505858101,nan,0.006244841925076124,nan
75.59,193.7838592529297,-179.6282501220703,-12.322081565856934,194.97743973294536,-179.969619154226,-12.320865026292546,1.2414381411725086,0.4665368224244093,0.0764914123657255,3.632029398697675e-05,6.689055725137626,19.23999232282201,nan,nan,nan
75.60000000000001,193.77517700195312,-179.63040161132812,-12.32358455657959,194.99411559184986,-179.97829858352526,-12.322840695918485,1.2676135619864843,0.4664605723200509,0.07648596174105116,3.5558853215624584e-05,6.98675822489641,18.758673850223786,4.86887219978635,0.14637274699965364,nan
75.61,193.76649475097656,-179.63259887695312,-12.325169563293457,194.98567063694966,-179.98072544628258,-12.324436495508293,1.2679047624327968,0.46651540609491243,0.076500294714581,3.6267872337845416e-05,6.962433060757413,20.186670566706603,nan,nan,nan
75.62,193.7578125,-179.6348876953125,-12.326835632324219,194.97723784595178,-179.98323505297833,-12.328336536360279,1.2682059409478026,0.4665703270227823,0.07651469320943206,3.5530845930025376e-05,6.9885720654665064,19.31150391123776,nan,3.380092311455111,nan
75.63,193.74913024902344,-179.6372528076172,-12.328581809997559,194.9687927524718,-179.98580929942773,-12.330118301896162,1.2684914706487331,0.4666253353365654,0.07652915741460545,3.623966601541596e-05,6.968158912179225,19.12846452191094,nan,nan,nan
75.64,193.74046325683594,-179.63967895507812,-12.330406188964844,194.9603494278576,-179.98845727771376,-12.332309001496869,1.2687679887536467,0.46668043109549623,0.07654368743208995,3.5504642196058556e-05,6.981891304248454,19.842701863610095,nan,0.07401659986423016,nan
75.65,193.73178100585938,-179.64218139648438,-12.33230972290039,194.93152823187373,-179.98564151234314,-12.334351819219034,1.2479432790284268,0.46660410327675955,0.07653829212953732,3.6191089726115175e-05,6.7413529679719595,19.172726103053936,3.5897783466307924,nan,nan
75.66,193.7230987548828,-179.64476013183594,-12.33428955078125,194.9230444114714,-179.98842371796627,-12.335019275492836,1.2481885962048977,0.4666589579490758,0.07655285738402824,3.5458846688707445e-05,6.619259534729786,18.77912765058229,nan,1.2683183211229883,nan
75.67,193.71441650390625,-179.64739990234375,-12.336346626281738,194.91456783210154,-179.99128062072006,-12.33710921422492,1.24844613042786,0.46671389990744333,0.07656748853755978,3.6166515591292905e-05,6.598086538181352,19.146767283918457,nan,nan,nan
75.68,193.7057342529297,-179.6501007080078,-12.338479042053223,194.90608980851113,-179.9942051755441,-12.338903214376835,1.248703937815451,0.4667689292228814,0.0765821856995625,3.543607419738164e-05,6.564558422477419,19.493106422967063,nan,0.09575700311635778,nan
75.69,193.6970672607422,-179.6528778076172,-12.340685844421387,194.89761397287944,-179.99719915197252,-12.34114258944756,1.2489474788069568,0.46682404611057127,0.07659694904788195,3.614366671386991e-05,6.542908066037598,19.208807014582906,nan,nan,nan
75.7,193.68838500976562,-179.65573120117188,-12.342966079711914,194.9105772170113,-179.9858590645661,-12.343459491444342,1.265993065184979,0.4667368554014792,0.0753375063823999,3.5393606055331474e-05,9.960658880774684,21.51138784261031,5.618809807309308,5.454119767302301e-05,0.17571898042183687
75.71000000000001,193.67970275878906,-179.6586456298828,-12.34526252746582,194.90213941311143,-179.9889424321731,-12.345819743426887,1.2662731387515402,0.46679157635159374,0.07534800796236138,3.6100281434732205e-05,9.927985081695976,21.728291036054678,nan,nan,nan
75.72,193.67103576660156,-179.66162109375,-12.347543716430664,194.89370604409206,-179.99210235701807,-12.349234291806992,1.266547800469861,0.4668463834784956,0.07535856826596642,3.537402539875477e-05,9.964889833370638,22.128416445668815,nan,0.7659959976217281,nan
75.73,193.662353515625,-179.66465759277344,-12.3497953414917,194.885268935249,-179.99531709385155,-12.351584912964386,1.266831098360564,0.4669012769712801,0.07536918772604882,3.6080700608099584e-05,9.93797043827797,22.14517453903735,nan,nan,nan
75.74,193.65367126464844,-179.6677703857422,-12.352008819580078,194.8768346248372,-179.9986025492039,-12.35454105786556,1.2671167816423712,0.46695625693182263,0.07537986620623134,3.535595854322352e-05,9.996898807405296,21.646128317939567,nan,0.28155908192037116,nan
75.75,193.64500427246094,-179.6709442138672,-12.354183197021484,194.84004045557077,-179.99310903397287,-12.356861624880473,1.2377030436381926,0.4668804146140945,0.07537269043858806,3.604057042544227e-05,9.647726428246356,21.408599158366275,6.194984315178079,nan,nan
75.76,193.63632202148438,-179.67417907714844,-12.356315612792969,194.83155868575074,-179.99650581777803,-12.358767286177601,1.2379382949217856,0.46693515702644617,0.07538341394964296,3.5318121088692285e-05,9.584852649280787,21.277197893910618,nan,0.08102384379502363,nan
75.77,193.62765502929688,-179.67745971679688,-12.358407020568848,194.82307854578661,-179.99996814117486,-12.360971088885185,1.2381662416726589,0.46698998571742206,0.07539419686222198,3.6024012464614904e-05,9.561307310010175,22.180956241037936,nan,nan,nan
75.78,193.6189727783203,-179.68081665039062,-12.360456466674805,194.8145993150145,-180.00349303516577,-12.363251233791127,1.2384065064679461,0.4670449007957539,0.07540503906907789,3.5302905351618776e-05,9.566241133953056,21.28700840814083,nan,0.009437725955347453,nan
75.79,193.6103057861328,-179.68423461914062,-12.362465858459473,194.8061201329341,-180.00707758292884,-12.365376045688276,1.2386315031005193,0.4670999024399826,0.07541594095956716,3.600888673969023e-05,9.545980363765375,21.36224592473419,nan,nan,nan
75.8,193.60162353515625,-179.68771362304688,-12.364435195922852,194.78672128516732,-180.00370122103794,-12.366813895264574,1.226503362154388,0.4670239803240794,0.07540889783016752,3.526785230299209e-05,9.631523755829518,20.589958392009247,4.800129386633925,0.14832142000218915,nan
75.81,193.59295654296875,-179.69122314453125,-12.366364479064941,194.77822133199237,-180.0073692401535,-12.368852510319453,1.226705818106333,0.4670787440627041,0.07541984433394941,3.5973076163822905e-05,9.608092752764813,20.6883708432582,nan,nan,nan
75.82000000000001,193.58428955078125,-179.6947021484375,-12.368256568908691,194.76971922497825,-180.01103476305596,-12.370048766300108,1.2269119966442734,0.4671335941072769,0.07543085040126327,3.525526384829776e-05,9.489204200324831,20.9932604642584,nan,0.45019633842304385,nan
75.83,193.5756072998047,-179.69815063476562,-12.370110511779785,194.76121994190143,-180.0146749760834,-12.37200418227795,1.227138371062622,0.4671885306305762,0.0754419163950613,3.5960634155684116e-05,9.460846293979925,20.141529434733826,nan,nan,nan
75.84,193.5669403076172,-179.7015380859375,-12.371927261352539,194.75271904235484,-180.01825893369804,-12.373211966298417,1.2273487497972935,0.46724355375021437,0.07545304224752152,3.524391910352002e-05,9.369678148112232,20.448174023395033,nan,0.3522584731142033,nan
75.85000000000001,193.5582733154297,-179.70484924316406,-12.37370777130127,194.7377154966655,-180.01703894301826,-12.375095107482254,1.2200607330272524,0.46716755246603225,0.07544612765521186,3.592743581151289e-05,9.506967121079548,20.87228651668684,1.6355402573953715,nan,nan
75.86,193.54959106445312,-179.70811462402344,-12.375452995300293,194.7292002415125,-180.02048066286744,-12.375501932743468,1.2202665099152177,0.4672223373285117,0.07545729768926576,3.52126011884876e-05,9.416002308537543,19.793597266934146,nan,1.4360650567540185,nan
75.87,193.54092407226562,-179.71131896972656,-12.37716293334961,194.72068940347933,-180.0238710772,-12.37729533400762,1.2204651056666043,0.4672772085823493,0.07546852788987342,3.5917455162402596e-05,9.378748753392234,19.836174049724274,nan,nan,nan
75.88,193.53225708007812,-179.71444702148438,-12.378839492797852,194.71217505838234,-180.02718750883685,-12.377673850191151,1.2206614627642096,0.46733216634996266,0.07547981821302872,3.520357404025553e-05,9.378244242620749,20.43602318515792,nan,1.3316477306114938,nan
75.89,193.52359008789062,-179.71751403808594,-12.38048267364502,194.7036647138634,-180.0304524793045,-12.379387306721389,1.220863543024265,0.46738721079673207,0.07549116898611871,3.590863811665383e-05,9.33478036930847,20.32606557923284,nan,nan,nan
75.9,193.51492309570312,-179.7205352783203,-12.382092475891113,194.70833895580228,-180.0296573191943,-12.381915982808222,1.2328008283741994,0.4673111309139701,0.07548437832105354,3.517450315776109e-05,10.143169859090051,19.383245076038957,12.00627045395365,0.47627574213636287,nan
75.91,193.50625610351562,-179.72348022460938,-12.383670806884766,194.6998406098088,-180.03276147278987,-12.38357449050228,1.233004003811853,0.4673659367529728,0.07549577280478129,3.587892269957702e-05,10.104609105993152,20.030181264924604,nan,nan,nan
75.92,193.49757385253906,-179.72637939453125,-12.38521671295166,194.69133837344972,-180.03579319486516,-12.383461673459937,1.2332127599833513,0.46742082902228205,0.07550722767014206,3.5167591727062515e-05,10.155992937848167,19.404423784827625,nan,2.1185839054187143,nan
75.93,193.48890686035156,-179.7292022705078,-12.386733055114746,194.68284049705497,-180.0387797952682,-12.385042064981615,1.2334174606094312,0.4674758078833156,0.07551874322315878,3.5872261897930316e-05,10.110143259081255,20.28755541484623,nan,nan,nan
75.94,193.48023986816406,-179.7319793701172,-12.38821792602539,194.67434021891896,-180.04170185298065,-12.385558955198409,1.2336169317052714,0.46753087346460015,0.07553031945174447,3.5161679769713905e-05,10.194686490485129,19.953962778569004,nan,0.747728772790125,nan
75.95,193.47157287597656,-179.73471069335938,-12.389674186706543,194.6927780008722,-180.0579234862518,-12.387131075171753,1.263255688282067,0.4674547155925322,0.07552364840558273,3.584463040091175e-05,10.05372225084399,20.08966004649554,9.992960813992145,nan,nan
75.96000000000001,193.46290588378906,-179.7373809814453,-12.391100883483887,194.68432287156617,-180.06075541638273,-12.386006124341232,1.2635095724893866,0.46750954222043667,0.07553526785787909,3.5135587092056016e-05,10.576124259507043,20.946726858011548,nan,4.769355962065991,nan
75.97,193.45423889160156,-179.739990234375,-12.392499923706055,194.6758735621231,-180.0635520588181,-12.387436758361096,1.2637678418524838,0.46756445535234664,0.07554694823266826,3.583992809889324e-05,10.516281578876828,21.233250273256296,nan,nan,nan
75.98,193.44557189941406,-179.7425537109375,-12.39387035369873,194.66742642920752,-180.06630335809174,-12.389871780773042,1.2640246495202296,0.467619455120023,0.075558689536926,3.5131515906029986e-05,10.220471249616757,20.722354252767758,nan,0.7455697897937723,nan
75.99,193.4368896484375,-179.7450714111328,-12.39521312713623,194.65897724081904,-180.06899636279667,-12.391259120071968,1.2642947013790762,0.4676745416799035,0.07557049204819233,3.583615004105225e-05,10.16720902204234,20.356242342268462,nan,nan,nan
76.0,193.42822265625,-179.74752807617188,-12.396529197692871,194.6385696447707,-180.0707133724486,-12.392242907377934,1.2527597298106687,0.4675983063901259,0.07556393592380457,3.510719553129218e-05,9.860587437629073,20.91059934387627,4.624186063796415,0.014151897136152922,nan
76.01,193.4195556640625,-179.74993896484375,-12.397819519042969,194.630104346174,-180.07331736269109,-12.393572604830943,1.253004284205169,0.4676531536526542,0.07557578113575326,3.5811262050840025e-05,9.805660749715537,20.708374178833232,nan,nan,nan
76.02,193.410888671875,-179.75230407714844,-12.399084091186523,194.62163612998486,-180.07586331454644,-12.39338739432768,1.2532487541506576,0.4677080874656419,0.0755876875264031,3.51047877671077e-05,10.191587363600698,20.995805111764422,nan,1.5577597075472336,nan
76.03,193.4022216796875,-179.75462341308594,-12.400323867797852,194.61317054935913,-180.07837102949853,-12.394652677311585,1.2534918613590407,0.46776310798292636,0.07559965535638798,3.580917543218646e-05,10.130770185593445,20.869430711916497,nan,nan,nan
76.04,193.3935546875,-179.75689697265625,-12.401537895202637,194.6047081019647,-180.08084385427938,-12.397817104894543,1.253733631902464,0.46781821534027945,0.07561168465795842,3.510316464894431e-05,9.592706245963713,20.38045287911879,nan,2.595633060451198,nan
76.05,193.38487243652344,-179.75912475585938,-12.402728080749512,194.57494354403806,-180.07628339540412,-12.399133015344399,1.2316134816062339,0.46774190322552806,0.07560523896558534,3.578591089951027e-05,9.32300142761475,19.904202896234022,3.7836115143513145,nan,nan
76.06,193.37620544433594,-179.7613067626953,-12.403895378112793,194.56644438839876,-180.078649657187,-12.400839333977634,1.231821657568133,0.46779677094588895,0.07561731042731294,3.5081161672345906e-05,9.193909564599345,19.978866897495195,nan,0.16897527587656466,nan
76.07000000000001,193.36753845214844,-179.76344299316406,-12.405037879943848,194.55794421413938,-180.0809690101287,-12.402037841101787,1.232029890004188,0.46785172528227953,0.0756294435577122,3.578534425820483e-05,9.145059720119237,20.115173151413078,nan,nan,nan
76.08,193.35887145996094,-179.76553344726562,-12.406158447265625,194.54944565590128,-180.08325337029578,-12.40461472518771,1.2322399314285895,0.4679067663725325,0.07564163840393887,3.508096438375836e-05,8.927291125909322,20.0279963495568,nan,1.3780306998352487,nan
76.09,193.35020446777344,-179.76759338378906,-12.407257080078125,194.54094467374387,-180.0854875660384,-12.40578360332651,1.2324451794527074,0.4679618943673114,0.0756538952043431,3.578549419276833e-05,8.886898671306755,19.45726788561049,nan,nan,nan
76.10000000000001,193.34152221679688,-179.7696075439453,-12.408332824707031,194.49424615073332,-180.07961848398352,-12.405124784037511,1.1936873721114005,0.46788550599767953,0.07564755516236535,3.506032490524098e-05,8.385939789494271,19.50671235438413,12.698968081600283,2.2362480780111516,nan
76.11,193.33285522460938,-179.77157592773438,-12.409387588500977,194.4856881447068,-180.0817803103634,-12.406233080697017,1.193842724810151,0.4679403940179774,0.0756598535491725,3.576433614773135e-05,8.337096468199444,19.90281021334615,nan,nan,nan
76.12,193.32418823242188,-179.7735137939453,-12.410421371459961,194.47713274218344,-180.08391483450416,-12.409640086331756,1.1939976796358553,0.4679953687051784,0.07567221389152055,3.506140148328673e-05,8.043571502252671,19.198210170540687,nan,3.7847217987451196,nan
76.13,193.3155059814453,-179.77540588378906,-12.4114351272583,194.46857410784864,-180.08599792433895,-12.410730797536466,1.1941666616769118,0.46805043020834786,0.07568463641470878,3.576577841253359e-05,8.007513904813361,19.246556753223476,nan,nan,nan
76.14,193.3068389892578,-179.77737426757812,-12.412535667419434,194.46001713799112,-180.08810861735628,-12.413487106345714,1.19431008707289,0.46810557866778535,0.07569712118541747,3.506307865181001e-05,7.990730133387944,19.535683191744997,nan,1.8721679255294876,nan
76.15,193.2981719970703,-179.77943420410156,-12.41372299194336,194.43824124713743,-180.0850097139352,-12.41472341015577,1.180311521588803,0.46802911462254565,0.07569088214684189,3.574585243378665e-05,7.92204091875079,18.688151071896122,1.5854761017971446,nan,nan
76.16,193.28948974609375,-179.78155517578125,-12.414995193481445,194.42966213911228,-180.08726607054223,-12.4180314953962,1.1804496838520815,0.46808402277384836,0.07570340791150916,3.50441941244757e-05,8.12901208560137,19.375370781423623,nan,2.7940448788343524,nan
76.17,193.28082275390625,-179.78375244140625,-12.416352272033691,194.42108095726954,-180.08958782295647,-12.419453611790736,1.1805649788357835,0.4681390176521446,0.07571599608058655,3.57484419415932e-05,8.106597430770131,19.498907960041628,nan,nan,nan
76.18,193.2721405029297,-179.78602600097656,-12.417793273925781,194.41249902960413,-180.09198018972083,-12.42014344502194,1.18069092410904,0.46819409939894524,0.07572864673210557,3.5046945214298375e-05,7.967509889026346,19.00996785188243,nan,0.4701502752053185,nan
76.19,193.2634735107422,-179.7883758544922,-12.419316291809082,194.40391797033737,-180.09445000541507,-12.421726193438586,1.180805131641282,0.46824926816144974,0.07574136007438476,3.5751572445155125e-05,7.944555590206433,19.099129585056907,nan,nan,nan
76.2,193.2548065185547,-179.79078674316406,-12.420921325683594,194.39529954066037,-180.08967453458632,-12.422132173545323,1.1790079352937302,0.46817272900670986,0.07573521717725064,3.5029080885897e-05,8.341396772311596,19.13556513918018,7.134452382749923,1.1060907165819607,nan
76.21000000000001,193.24612426757812,-179.7932891845703,-12.422606468200684,194.38671082931265,-180.09225374243323,-12.423867644896564,1.1791179339804003,0.46822765712993636,0.07574797089039789,3.5733217739524366e-05,8.317512256270888,18.04992933567734,nan,nan,nan
76.22,193.23745727539062,-179.79583740234375,-12.424371719360352,194.37812219272118,-180.09490468732807,-12.425879701107037,1.1792200679201312,0.468282672033207,0.07576078731651893,3.503277881819513e-05,8.309099178331726,19.34401068553038,nan,0.026908519090596515,nan
76.23,193.22877502441406,-179.79847717285156,-12.426216125488281,194.36953343387893,-180.09762481420066,-12.427778715530474,1.1793309551509177,0.4683377738628357,0.07577366665413827,3.5737306500365575e-05,8.285933371699018,18.144831820821935,nan,nan,nan
76.24,193.22010803222656,-179.80117797851562,-12.42813777923584,194.3609438198772,-180.1004079499283,-12.428274347310841,1.1794256605767628,0.4683929627617019,0.0757866089959505,3.5036923675923076e-05,8.190569795133337,18.64641144544602,nan,1.549361976854761,nan
76.25,193.21144104003906,-179.80393981933594,-12.430136680603027,194.3103922381225,-180.0932660458819,-12.430320098251867,1.136399328923755,0.4683163490655234,0.07578055745855973,3.571985941577833e-05,7.516682020999438,18.91990665249353,14.033787857818515,nan,nan
76.26,193.2027587890625,-179.80677795410156,-12.432211875915527,194.30174002888882,-180.0961933283501,-12.43188340429141,1.1364511129983605,0.46837129699743957,0.07579353952859236,3.502034751345568e-05,7.491916574350706,18.2345273803444,nan,0.21868526411937622,nan
76.27,193.194091796875,-179.80967712402344,-12.434362411499023,194.29308832063262,-180.0991896500013,-12.434074510377249,1.1364906268053756,0.46842633176590565,0.07580658472767318,3.572478659588076e-05,7.463495402693783,18.702539260350978,nan,nan,nan
76.28,193.1854248046875,-179.81263732910156,-12.4365873336792,194.2844364479531,-180.10225004297104,-12.435861664410226,1.1365309686339882,0.4684814535144207,0.07581969315688145,3.502527541399803e-05,7.4483488367823885,18.896967064065016,nan,0.1621719164925047,nan
76.29,193.17674255371094,-179.815673828125,-12.438885688781738,194.27578513862912,-180.10537756590986,-12.438198661352207,1.1365840625122474,0.46853666238834374,0.07583286500219047,3.573011011015799e-05,7.420048586282758,18.140088110557862,nan,nan,nan
76.3,193.16807556152344,-179.8187713623047,-12.441197395324707,194.25028224706114,-180.10784886238858,-12.440416653890711,1.1201507580832282,0.4684599747111052,0.07582689988768662,3.500943840340987e-05,6.937724186154795,18.686518757114214,4.556943028611622,0.0063440030927598935,nan
76.31,193.15940856933594,-179.82192993164062,-12.443493843078613,194.24160913832247,-180.11112179664335,-12.44279640602992,1.120174313540965,0.4685149422931562,0.07584011079022214,3.5713795890563695e-05,6.906937379710336,18.732716443527032,nan,nan,nan
76.32000000000001,193.15072631835938,-179.8251495361328,-12.445759773254395,194.23293706862097,-180.11446423893193,-12.44698861439381,1.120216325219398,0.46856999676541655,0.0758533851445663,3.501504563343805e-05,6.909920920346767,18.513732070054704,nan,2.3747949884894,nan
76.33,193.14205932617188,-179.8284454345703,-12.447988510131836,194.2242646991817,-180.11786262534358,-12.44933141128663,1.120237735067847,0.4686251382728438,0.07586672312958335,3.571980516708081e-05,6.891352177351065,18.09470406652617,nan,nan,nan
76.34,193.13339233398438,-179.831787109375,-12.450176239013672,194.21559205526725,-180.12131471745388,-12.449292195285967,1.120260351042528,0.46868036695955884,0.07588012485700478,3.5020974821015156e-05,6.836383441004345,18.71765485167162,nan,3.8751331849946324,nan
76.35000000000001,193.12472534179688,-179.83518981933594,-12.452322006225586,194.23472633142586,-180.1432224524388,-12.45153778434667,1.1519491807530273,0.4686036058597082,0.07587424126985003,3.570413646618091e-05,6.477878766517201,19.23956279235788,18.77159384767875,nan,nan
76.36,193.11605834960938,-179.83865356445312,-12.454425811767578,194.22610864080164,-180.14685841781312,-12.454532220377104,1.1520424870348678,0.4686585929328413,0.07588768136338882,3.5006048492804915e-05,6.435148919491906,19.12416238410748,nan,0.44443568776777376,nan
76.37,193.10739135742188,-179.84217834472656,-12.456488609313965,194.2174914423372,-180.15055142516593,-12.456700541884507,1.1521354955837892,0.4687136669504047,0.07590118529889943,3.5710734915782454e-05,6.410509408633491,18.965458272834642,nan,nan,nan
76.38,193.09872436523438,-179.84576416015625,-12.458510398864746,194.20887497456584,-180.1543063824148,-12.459841585621742,1.1522302071953596,0.4687688280567477,0.0759147531940837,3.5012526561749156e-05,6.434576986793488,18.851730035584616,nan,0.7238636365805756,nan
76.39,193.09005737304688,-179.8494110107422,-12.460492134094238,194.20025879465953,-180.15811647583328,-12.461940335428377,1.1523230267659235,0.4688240763964755,0.07592838521886223,3.571761365085151e-05,6.417721400038042,18.639026612802926,nan,nan,nan
76.4,193.08139038085938,-179.8531036376953,-12.462433815002441,194.1869729506274,-180.16050261073266,-12.46597595165367,1.1475275569376657,0.46874724242750143,0.07592257815394089,3.499811532461179e-05,6.661182627811363,19.477368568081257,0.28316287451200617,2.614500387029148,nan
76.41,193.07272338867188,-179.8568572998047,-12.464337348937988,194.17835053436474,-180.16442571831016,-12.468018265550956,1.1476163411619829,0.4688022488348337,0.07593624782741444,3.570272808248618e-05,6.657063915801816,19.18627298356339,nan,nan,nan
76.42,193.06405639648438,-179.86062622070312,-12.466202735900879,194.16972869203406,-180.1683762485458,-12.469255852363078,1.1477066813011931,0.4688573422398218,0.07594998167370638,3.500505971286181e-05,6.518064474632316,18.401407839051707,nan,0.4157312440247806,nan
76.43,193.05538940429688,-179.86434936523438,-12.46803092956543,194.1611075043163,-180.17231236176676,-12.471216422945341,1.1478082903132634,0.4689125227869793,0.0759637798577843,3.571007624431963e-05,6.508608373240474,18.817871109979198,nan,nan,nan
76.44,193.04672241210938,-179.86801147460938,-12.469822883605957,194.15248685094676,-180.17620343549783,-12.47314106790657,1.147914756983581,0.4689677906207997,0.07597764251392991,3.642942184620102e-05,6.498621001280447,19.06547944611281,nan,nan,nan
76.45,193.03805541992188,-179.87161254882812,-12.471579551696777,194.13883684832564,-180.18289767028696,-12.475007631341844,1.143953640533709,0.4688908843326253,0.0759719069811309,3.713943256445552e-05,6.199335867823973,19.134537617858175,2.314777530907682,nan,nan
76.46000000000001,193.02940368652344,-179.87515258789062,-12.473299980163574,194.13021290660544,-180.18668031833136,-12.47551464476173,1.144043430377699,0.4689459099182692,0.07598580653834927,3.635643958132966e-05,5.990270620245899,18.902284047398037,nan,1.18735777203624,nan
76.47,193.02073669433594,-179.87863159179688,-12.474987030029297,194.121589246032,-180.19039875920487,-12.477322565141492,1.144150585357351,0.4690010225543478,0.07599977063888494,3.708802788391556e-05,5.975834231983812,18.213566007415704,nan,nan,nan
76.48,193.01206970214844,-179.8820343017578,-12.476639747619629,194.11296580464213,-180.19405067576392,-12.479707875810131,1.1442621463389908,0.46905622238534317,0.07601379941063154,3.630788985836346e-05,6.061148969487949,18.694869951824874,nan,0.24412003633358198,nan
76.49,193.00341796875,-179.88536071777344,-12.478260040283203,194.10434258010187,-180.19763362992393,-12.481456412438375,1.1443599033250733,0.46911150955578584,0.07602789301369212,3.7038242348852426e-05,6.050169767485098,19.30977019907039,nan,nan,nan
76.5,192.9947509765625,-179.8886260986328,-12.47984790802002,194.12526402402503,-180.21701875062791,-12.482833905987064,1.1772469581830523,0.4690345314942964,0.07602222394675576,3.6238292897249424e-05,5.915803487916749,19.35209492517964,12.759886821325411,0.060674953291535015,nan
76.51,192.986083984375,-179.89183044433594,-12.481404304504395,194.11669392157873,-180.2205077180578,-12.484516239793233,1.1774197486479923,0.4690895761037538,0.07603635369836187,3.6966561430264026e-05,5.906140012578675,19.082378689661283,nan,nan,nan
76.52,192.97743225097656,-179.8949737548828,-12.482930183410645,194.10812434316858,-180.2239281536028,-12.484119597833075,1.1775725109263826,0.4691447078157943,0.0760505483262085,3.619291258733005e-05,5.657647453790936,18.857312690883663,nan,2.7675555490514316,nan
76.53,192.96876525878906,-179.89805603027344,-12.484424591064453,194.0995545079897,-180.22728954338893,-12.485721508124556,1.1777439086066042,0.469199926775036,0.07606480798687004,3.692009020030373e-05,5.639181023503827,18.556431004257476,nan,nan,nan
76.54,192.96009826660156,-179.90106201171875,-12.485889434814453,194.09098490508302,-180.2305887533347,-12.48718175499648,1.1779194083753637,0.4692552331258281,0.0760791328135392,3.6149086489876515e-05,5.614343834380019,19.245602667452182,nan,0.00839097925809364,nan
76.55,192.95144653320312,-179.90402221679688,-12.487325668334961,194.11703635506743,-180.2432887277256,-12.488663108241521,1.2139617732930919,0.4691781838331244,0.07607352514653364,3.6851917496387536e-05,5.9794082101629,18.880973259888492,9.226710045271236,nan,nan
76.56,192.94277954101562,-179.90692138671875,-12.48873233795166,194.1085209994524,-180.24647264526672,-12.490698684349756,1.2141878238633246,0.469233247313036,0.07608788533905046,3.608445675060309e-05,6.0133660848193715,18.856503266539814,nan,0.180364420139946,nan
76.57000000000001,192.93411254882812,-179.90975952148438,-12.490111351013184,194.10000572137272,-180.24959732130267,-12.492190677842443,1.2144138271493436,0.46928839794736754,0.07610231076250662,3.68087346430186e-05,5.999047589384562,18.948376277405625,nan,nan,nan
76.58,192.9254608154297,-179.91253662109375,-12.491463661193848,194.09149052085417,-180.25266414516696,-12.493217725972455,1.214625490967366,0.46934363588032885,0.07611680155288104,3.604377819328925e-05,5.941907253268513,19.240853991470374,nan,0.12766215075545984,nan
76.59,192.9167938232422,-179.91526794433594,-12.492788314819336,194.08297500786657,-180.25567573845908,-12.494652406607369,1.214849577729643,0.4693989612567526,0.0761313578625672,3.6767157595533495e-05,5.927085579155605,18.566435861715004,nan,nan,nan
76.60000000000001,192.9081268310547,-179.91793823242188,-12.494086265563965,194.0477239766509,-180.24759807257564,-12.49605058819257,1.1863225206598043,0.4693218412709433,0.07612580648032648,3.748095204110785e-05,5.820072265818621,18.387586399417465,6.671163516173292,nan,nan
76.61,192.89947509765625,-179.92056274414062,-12.49535846710205,194.03916327963154,-180.25048135565595,-12.497434070800619,1.1864820902521243,0.4693769234695875,0.0761403973501255,3.823249041788965e-05,5.805598128346133,18.18391281093974,nan,nan,nan
76.62,192.89080810546875,-179.92312622070312,-12.49660587310791,194.0306029105949,-180.25330960950845,-12.497110419013481,1.1866564467452585,0.4694320928733559,0.07615505378358446,3.7379074277595084e-05,5.675626649255148,18.233106349386386,nan,1.747793943292913,nan
76.63,192.88214111328125,-179.92564392089844,-12.497827529907227,194.02204164655438,-180.25608843440278,-12.498428596374287,1.186830722362039,0.4694873496272913,0.07616977593145717,3.8127972935971815e-05,5.654656223558372,17.95591702968944,nan,nan,nan
76.64,192.8734893798828,-179.92811584472656,-12.499025344848633,194.01347998983738,-180.25881690775327,-12.500094927769984,1.186989017589971,0.4695426938753003,0.07618456393247958,3.728059462006684e-05,5.6522680499444,17.899803726143354,nan,0.08579942164582804,nan
76.65,192.8648223876953,-179.93052673339844,-12.500199317932129,194.0238785094564,-180.27337335541188,-12.50123672991573,1.208700118243365,0.4694655037306675,0.07617906370121576,3.8002365136389785e-05,5.5107427167033345,18.76569300914502,7.764316946057041,nan,nan
76.66,192.8561553955078,-179.93289184570312,-12.501350402832031,194.0153523154437,-180.27603307197188,-12.501556600980589,1.2089182945392682,0.46952060449683347,0.07619388543648525,3.716194531141474e-05,5.460850643188353,18.557919036723852,nan,0.5404394471771781,nan
76.67,192.8474884033203,-179.9352264404297,-12.502477645874023,194.00682539654048,-180.2786461493662,-12.50277529585606,1.209131692137102,0.4695757925193085,0.0762087730775224,3.790504419095908e-05,5.440298783444219,17.725078824138787,nan,nan,nan
76.68,192.83883666992188,-179.9375,-12.503582954406738,193.99829858294362,-180.2812116414383,-12.503186902927032,1.209334435573973,0.4696310679418094,0.07622372676480003,3.7070306263271636e-05,5.4195699749674375,18.574817845260856,nan,0.38726703513785554,nan
76.69,192.83016967773438,-179.93972778320312,-12.504666328430176,193.98977108525588,-180.28373205149407,-12.504354875101601,1.2095513457193223,0.4696864309096724,0.07623874664646277,3.781118648509941e-05,5.395800152662206,18.358706395373456,nan,nan,nan
76.7,192.82150268554688,-179.94190979003906,-12.505727767944336,194.06000744968856,-180.29129561933578,-12.506067962846048,1.286842890273544,0.46279277478639586,0.07621719056388807,3.6958752637730975e-05,9.363538305835412,22.637173564264614,3.819696273269861,0.23575795681203107,0.4892642675208341
76.71000000000001,192.81283569335938,-179.9440460205078,-12.506767272949219,194.051533112186,-180.2936968988062,-12.507200011522892,1.2871003144142497,0.4628433308649232,0.07623175756775466,3.769661055611265e-05,9.325332832854603,22.738700454709498,nan,nan,nan
76.72,192.80416870117188,-179.94615173339844,-12.507786750793457,194.04305931536217,-180.29605485972203,-12.508037615010338,1.2873547353673314,0.46289397270626853,0.07624638358789551,3.687376956956816e-05,9.283290011529997,22.062708542144676,nan,0.04785455047657358,nan
76.73,192.79550170898438,-179.9483184814453,-12.508893966674805,194.03458438324176,-180.29842925801745,-12.509181521280242,1.2875960205765005,0.46294470048750525,0.07626106877197399,3.760967253837348e-05,9.248946388909067,22.735892543942676,nan,nan,nan
76.74,192.78684997558594,-179.95057678222656,-12.510087013244629,194.0261101485456,-180.30087802255167,-12.510139165037694,1.2878185966886515,0.46299551432043146,0.07627581326161337,3.679198659141991e-05,9.212974227384047,22.04453514772325,nan,0.04794428429240127,nan
76.75,192.77818298339844,-179.95289611816406,-12.51136589050293,194.0211531227468,-180.30358317778132,-12.51148015671337,1.291493784015797,0.46293127776679466,0.07627023419996748,3.7502226153215046e-05,9.312204488104605,22.498580827853196,0.3161194718026564,nan,nan
76.76,192.76951599121094,-179.95529174804688,-12.51272964477539,194.01268783501345,-180.30617454180083,-12.51161033096244,1.2917415457588002,0.4629818751393829,0.07628500376672596,3.669055508296653e-05,9.312292501794188,22.315664429809274,nan,1.0383968313823897,nan
76.77,192.76084899902344,-179.95774841308594,-12.514175415039062,194.00421811180098,-180.30883898787448,-12.51308543185585,1.2919878212962785,0.4630325583734818,0.07629983275415327,3.7421980031690003e-05,9.275418676653604,22.903774985761995,nan,nan,nan
76.78,192.75218200683594,-179.96029663085938,-12.515705108642578,193.99574288129048,-180.3115756969033,-12.516299254041018,1.2922232716228268,0.4630833275806582,0.07631472130487428,3.661512441615368e-05,9.220695242854651,21.769858474193054,nan,1.7630952973081186,nan
76.79,192.74351501464844,-179.96290588378906,-12.517315864562988,193.9872731228145,-180.314381434267,-12.517957781812747,1.2924665203673118,0.4631341829384194,0.07632966956504927,3.7344943828477674e-05,9.188865614145472,22.200978366523863,nan,nan,nan
76.8,192.73484802246094,-179.965576171875,-12.519006729125977,193.97215123396947,-180.31439763094983,-12.51938485413214,1.2855332708642508,0.46306983442200955,0.07632412898395996,3.652019106426315e-05,9.143426755409315,22.41274155325589,1.4192215242839226,0.016090391850916107,nan
76.81,192.72618103027344,-179.96832275390625,-12.520777702331543,193.96367043773128,-180.3173364493149,-12.521202000881265,1.2857646647743985,0.4631204730161529,0.07633910184906967,3.724759908990137e-05,9.111297416159484,21.983221875247487,nan,nan,nan
76.82000000000001,192.71751403808594,-179.97113037109375,-12.522627830505371,193.9551972190992,-180.32034213171426,-12.52082707420179,1.2860061248073658,0.4631711975042338,0.07635413453129378,3.645087580069818e-05,9.161961802703297,22.380079046075007,nan,3.3561200036405343,nan
76.83,192.70884704589844,-179.97401428222656,-12.524555206298828,193.94671660640577,-180.32341640913114,-12.522781458269154,1.2862371637058767,0.463222008063733,0.07636922717610832,3.7176895924096296e-05,9.125059392884122,21.916785972131066,nan,nan,nan
76.84,192.70018005371094,-179.97695922851562,-12.526559829711914,193.93823481494752,-180.32655738164922,-12.525237569720076,1.2864681142051215,0.46327290480617417,0.07638437992716891,3.638449151360797e-05,9.05563992349277,22.085814393881478,nan,0.11709299298918616,nan
76.85000000000001,192.69151306152344,-179.97996520996094,-12.528639793395996,193.92866282880038,-180.33305946237874,-12.527364107783816,1.2865522628862274,0.4632084446382897,0.07637887407223752,3.7085992882293365e-05,8.729903954103449,22.567256591844625,2.069314891451133,nan,nan
76.86,192.68284606933594,-179.98304748535156,-12.53079605102539,193.92018523656614,-180.33634701279848,-12.528122920234814,1.286792880180946,0.463259124313835,0.07639405093233725,3.629872656308393e-05,8.850940211247211,22.07920256349672,nan,1.3444719041735895,nan
76.87,192.67417907714844,-179.98617553710938,-12.533025741577148,193.91170322153812,-180.33969935228816,-12.530375645647876,1.287032291302131,0.4633098899809106,0.07640928800448411,3.7021354891335296e-05,8.810591942206182,23.016950468128087,nan,nan,nan
76.88,192.66552734375,-179.9893798828125,-12.53532886505127,193.90321194124346,-180.3431159334152,-12.535639625004551,1.2872421889218342,0.46336074175129927,0.07642458543276372,3.62380927243937e-05,8.591005023724,22.301766165584983,nan,5.671132278016349,nan
76.89,192.6568603515625,-179.99264526367188,-12.537646293640137,193.8947306428657,-180.34659411589143,-12.53804070959072,1.2874792439657348,0.46341167980216924,0.07643994336200585,3.695961783699635e-05,8.560607603776646,22.11860383407397,nan,nan,nan
76.9,192.648193359375,-179.9959716796875,-12.539946556091309,193.88975754894184,-180.35155115626756,-12.541407185551785,1.2914799783264725,0.46334710822707736,0.07643446842384567,3.615814270153345e-05,8.612804965683777,22.256136786847346,0.210593808151751,0.6797596775484339,nan
76.91,192.6395263671875,-179.99935913085938,-12.542217254638672,193.88128301418237,-180.35515450238657,-12.543794426116525,1.2917245852835628,0.4633978289074991,0.07644984994226539,3.687775292722038e-05,8.589649734563203,22.127170769317033,nan,nan,nan
76.92,192.630859375,-180.0028076171875,-12.544449806213379,193.87281012326594,-180.35881822138708,-12.545799631545963,1.291970213839815,0.46344863561105865,0.07646529206284615,3.610299372495792e-05,8.541288170713901,22.04315092124629,nan,0.08066612645379735,nan
76.93,192.62220764160156,-180.0063018798828,-12.54664134979248,193.86433670645619,-180.36254173996952,-12.548112272329744,1.292204943220821,0.4634995285144577,0.07648079493019173,3.682167727161908e-05,8.516798623322105,22.867577011726766,nan,nan,nan
76.94,192.61354064941406,-180.00987243652344,-12.54879093170166,193.8558656250899,-180.3663242162999,-12.549809028897796,1.292451257500909,0.46355050773010675,0.07649635868873036,3.605046599712194e-05,8.456031767216187,21.7375754227989,nan,0.22037481200713901,nan
76.95,192.60487365722656,-180.01348876953125,-12.550899505615234,193.8469645761368,-180.37539789170432,-12.551932524923517,1.2937422968583236,0.46348582505610875,0.0764909108087349,3.6745510076409504e-05,8.039166063231367,22.60382247371205,4.547170997753262,nan,nan
76.96000000000001,192.59622192382812,-180.01718139648438,-12.552966117858887,193.83848988532333,-180.37932083900196,-12.554415286320088,1.2939771111088567,0.4635365865980033,0.07650649761328353,3.597864053261105e-05,8.038188885296325,21.77362163277064,nan,0.05988237910298716,nan
76.97,192.58755493164062,-180.0209197998047,-12.554990768432617,193.83001662689685,-180.3833009037414,-12.556561110211542,1.2942308892321588,0.4635874342583971,0.07652214540669107,3.6694809014384453e-05,8.016601361070897,22.17063335050445,nan,nan,nan
76.98,192.5789031982422,-180.0247039794922,-12.556976318359375,193.82154757859786,-180.38733738801082,-12.557466790343003,1.2944760660460808,0.4636383681503477,0.07653785433345381,3.5931202417487216e-05,7.924596877752577,22.691991307731392,nan,0.9643984961127114,nan
76.99,192.5702362060547,-180.02854919433594,-12.558921813964844,193.81307509839274,-180.39142962162987,-12.55952217286118,1.2947320484377907,0.4636893884496513,0.0765536245380725,3.664667165182367e-05,7.897315456771971,22.213677426686434,nan,nan,nan
77.0,192.56158447265625,-180.03245544433594,-12.560829162597656,193.78241233474986,-180.3911968355168,-12.561116034296479,1.2724449445480237,0.4636245949198723,0.07654819980995113,3.586447300884818e-05,7.448890832331624,21.919980439203872,5.935744185521171,0.16266226518499013,nan
77.01,192.55291748046875,-180.03640747070312,-12.562698364257812,193.77390258361356,-180.3954044140762,-12.563092661339264,1.272667899698486,0.4636753972416943,0.07656399249427787,3.657842348104182e-05,7.420639859294507,22.143127726415322,nan,nan,nan
77.02,192.5442657470703,-180.0404052734375,-12.564529418945312,193.76538144489604,-180.39965943034505,-12.568760875038329,1.2728727359608376,0.46372628571381513,0.07657984655030844,3.5821847996948446e-05,7.8855938136247765,22.57618918492247,nan,9.360588213171935,nan
77.03,192.5355987548828,-180.0443878173828,-12.566325187683105,193.7568726680188,-180.40392618190594,-12.570701858402066,1.2731052437709167,0.463777260511229,0.07659576212259717,3.6535239807610064e-05,7.878327504078204,22.09131108620304,nan,nan,nan
77.04,192.52694702148438,-180.04832458496094,-12.568083763122559,193.7483658795773,-180.408159116592,-12.57211487208276,1.2733268107201068,0.4638283217481352,0.07661173935556233,3.5781516917819545e-05,7.775403151853007,22.031688855897116,nan,0.1640394999249814,nan
77.05,192.51829528808594,-180.05218505859375,-12.569808006286621,193.69922713913502,-180.40279425718552,-12.573946800804613,1.2318863488891472,0.4637634176673679,0.0766063338285442,3.647193110011331e-05,7.13653386253782,22.51033593823132,16.919637972282146,nan,nan
77.06,192.50962829589844,-180.0559844970703,-12.571497917175293,193.6906545611148,-180.40690845931394,-12.574471445683981,1.2320631105099538,0.463814260623506,0.07662233295212927,3.572184057784996e-05,6.88188371819637,21.524543178853072,nan,1.1580181424680294,nan
77.07000000000001,192.5009765625,-180.05970764160156,-12.57315444946289,193.68207848165284,-180.41095192061957,-12.576257755654455,1.2322272182835081,0.4638651898222023,0.07663839382665227,3.643341122777938e-05,6.8656303431528,21.92224058974118,nan,nan,nan
77.08,192.49232482910156,-180.06336975097656,-12.574777603149414,193.67350446493396,-180.4149233585795,-12.577421152732459,1.2323888426459335,0.4639162053785868,0.07665451659638936,3.568592045984816e-05,6.764990289123762,21.18364089308866,nan,0.23672876530124132,nan
77.09,192.48367309570312,-180.06695556640625,-12.57636833190918,193.66492851001522,-180.4188223944924,-12.579137571333803,1.2325511296640088,0.4639673074663119,0.07667070140610799,3.63971101934439e-05,6.747697674235586,21.35701605198883,nan,nan,nan
77.10000000000001,192.4750213623047,-180.07046508789062,-12.577927589416504,193.6351973099257,-180.41500669620945,-12.580358062065105,1.2102574339778012,0.4639022930778523,0.07666531108736967,3.5630622087316924e-05,6.528362381624451,21.337511336508694,3.949057078179434,0.17576430208461238,nan
77.11,192.4663543701172,-180.0738983154297,-12.579455375671387,193.62658611859453,-180.41875329507985,-12.58200896693384,1.2104004246498947,0.46395317658100926,0.07668151717626313,3.6340602648081037e-05,6.5100197743397015,21.389968090476852,nan,nan,nan
77.12,192.45770263671875,-180.0772705078125,-12.580952644348145,193.61797600266917,-180.42243097891736,-12.583245826600136,1.210526865968732,0.4640041463594687,0.07669778539113353,3.559883886009204e-05,6.446586006138517,21.157397313371273,nan,0.10073232137462558,nan
77.13,192.4490509033203,-180.08058166503906,-12.582420349121094,193.60936463197706,-180.42604057451015,-12.584834113502948,1.210650913063203,0.4640552025858472,0.0767141158769535,3.630854822202751e-05,6.428247708387293,20.760039007057724,nan,nan,nan
77.14,192.44039916992188,-180.0838165283203,-12.58385944366455,193.6007469690927,-180.4295827400651,-12.588482166525392,1.2107777078355806,0.4641063453767781,0.07673050877769215,3.5569022057893446e-05,6.837144484983169,21.6636924365883,nan,2.9794319832772675,nan
77.15,192.43174743652344,-180.08700561523438,-12.5852689743042,193.58952522660564,-180.42661520828096,-12.590034679468403,1.2065681907139028,0.4640412209816437,0.07672512963586432,3.6256239832175366e-05,7.151543974027553,20.287194917985065,3.834418516827669,nan,nan
77.16,192.423095703125,-180.09011840820312,-12.586650848388672,193.5809107985176,-180.43000387094142,-12.591562230206227,1.206682246729094,0.464092144884793,0.07674154318215246,3.5519725417771015e-05,7.17298065884342,20.90211145570241,nan,3.4233260682360584e-06,nan
77.17,192.41444396972656,-180.09315490722656,-12.588005065917969,193.5722963281639,-180.43332983439646,-12.593060934935982,1.206800160269081,0.46414315515178756,0.07675801922663322,3.622815085735894e-05,7.1676042375846265,21.601260098767792,nan,nan,nan
77.18,192.40577697753906,-180.0961456298828,-12.58933162689209,193.56368743938415,-180.4365953041171,-12.592670992377611,1.206927408628371,0.46419425190037716,0.07677455791303055,3.5493654003860705e-05,6.74595883624065,20.113691115231074,nan,2.380122407402913,nan
77.19,192.39712524414062,-180.0990753173828,-12.590632438659668,193.55507294358551,-180.43979950243178,-12.594099339146362,1.2070409538727265,0.46424543530154755,0.07679115938668588,3.620194367541514e-05,6.733270118007544,20.373818131756856,nan,nan,nan
77.2,192.3884735107422,-180.10195922851562,-12.591907501220703,193.5500862998036,-180.45823446730313,-12.595502994402937,1.2150264380067508,0.4641802011442494,0.07678578735298885,3.544804505030556e-05,5.990095120739197,20.726282449071174,23.75542690049627,0.004040691477561121,nan
77.21000000000001,192.37982177734375,-180.10476684570312,-12.593156814575195,193.5414749962023,-180.46138405890122,-12.596880743727583,1.2151657933310833,0.4642311653538683,0.07680240881695446,3.6155361863411335e-05,5.980325952131508,21.710505268171573,nan,nan,nan
77.22,192.3711700439453,-180.10752868652344,-12.594381332397461,193.53287065867127,-180.46447827257992,-12.595918599908643,1.2153039489905266,0.4642822159615294,0.07681909314609434,3.5425457283057856e-05,5.635645061714,20.73672974642816,nan,3.6944473804747644,nan
77.23,192.3625030517578,-180.1102294921875,-12.5955810546875,193.52425940340902,-180.4675154235492,-12.597225668728484,1.215456195058573,0.4643333531370414,0.07683584048601763,3.6132722038392955e-05,5.616289969373485,20.76828244072599,nan,nan,nan
77.24,192.35385131835938,-180.11288452148438,-12.596757888793945,193.51564498766066,-180.47049742863473,-12.599498870416205,1.2155899943522632,0.46438457699987895,0.07685265098004597,3.540452118728292e-05,5.726407710217102,20.61786108201121,nan,0.6750280171400105,nan
77.25,192.34519958496094,-180.115478515625,-12.597909927368164,193.49130234593508,-180.46256090019472,-12.600771754847049,1.1975082089270528,0.4643192333776213,0.07684728195367069,3.608964051456592e-05,5.883076882119316,20.53275589781684,5.60214812461575,nan,nan
77.26,192.3365478515625,-180.11801147460938,-12.599040031433105,193.4826673842251,-180.46540834262993,-12.60120738622867,1.1976139880980121,0.4643702377458266,0.07686411176125905,3.5363917876621734e-05,5.760535542228931,20.8296684566467,nan,0.45690976612520595,nan
77.27,192.32789611816406,-180.12051391601562,-12.600147247314453,193.4740297334952,-180.4682038978652,-12.60242627870914,1.1977127291862129,0.46442132859652074,0.0768810047994381,3.60703041839721e-05,5.744562953751206,19.728675367116253,nan,nan,nan
77.28,192.31922912597656,-180.12295532226562,-12.601231575012207,193.46539020024196,-180.47094875280914,-12.604145781686576,1.1978285054477467,0.464472506050395,0.07689796121125457,3.534609734934614e-05,5.813725531259691,20.119121974978178,nan,0.18845589492993714,nan
77.29,192.31057739257812,-180.12535095214844,-12.602294921875,193.45675187464738,-180.47364486264985,-12.60532767046417,1.1979289582454784,0.4645237702754683,0.07691498114273208,3.605253169067271e-05,5.80144418923639,20.16236454055905,nan,nan,nan
77.3,192.3019256591797,-180.12770080566406,-12.603337287902832,193.4619795273177,-180.48469507475295,-12.605204606362857,1.2137435363463427,0.4644583174347746,0.076909610989588,3.530853868041618e-05,5.547477903069794,20.157310320924356,3.982570185457327,0.9129861722133835,nan
77.31,192.2932586669922,-180.1300048828125,-12.604358673095703,193.45336288526997,-180.48731694447463,-12.606331984900928,1.2138853325724885,0.46450936186157865,0.07692664953698465,3.601417559667642e-05,5.531147215729157,19.792195759172035,nan,nan,nan
77.32000000000001,192.28460693359375,-180.1323699951172,-12.605467796325684,193.4447420152639,-180.48995059536625,-12.608882644902765,1.2139970982613952,0.46456049280681055,0.07694375167384301,3.529359133233656e-05,5.729916566617426,20.853527595525215,nan,1.3395477254996577,nan
77.33,192.27593994140625,-180.13482666015625,-12.60666275024414,193.4361247656712,-180.49265761029358,-12.610145638470755,1.2141185880470091,0.4646117104372508,0.07696091754645748,3.5999338517188977e-05,5.714442056319276,19.533944958392784,nan,nan,nan
77.34,192.2672882080078,-180.1373291015625,-12.607943534851074,193.4275078710178,-180.49543626625206,-12.611273655728898,1.2142328843933048,0.46466301487541645,0.07697814729746648,3.528000293318011e-05,5.668308913822461,21.067888600246423,nan,0.03415894363237332,nan
77.35000000000001,192.25863647460938,-180.13992309570312,-12.609308242797852,193.40386457841893,-180.4892083111523,-12.612636096950174,1.197313094432646,0.46459745310983847,0.07697277185810415,3.5963841639187964e-05,5.725968639113361,19.52250935798351,3.8772736351189394,nan,nan
77.36,192.24996948242188,-180.142578125,-12.610756874084473,193.39522335235887,-180.49210472144887,-12.613666554077396,1.1974070880316567,0.46464853744685214,0.07699001950659534,3.5246533683605095e-05,5.6355483906585215,19.55591479239579,nan,0.1648873440544405,nan
77.37,192.24131774902344,-180.1453094482422,-12.612287521362305,193.38658073286084,-180.49506968337982,-12.615262810390295,1.19748418635758,0.4646997083824693,0.0770073311032341,3.59516992586638e-05,5.619037676043435,19.420065036383622,nan,nan,nan
77.38,192.23265075683594,-180.14810180664062,-12.613900184631348,193.37794529557968,-180.49810542074596,-12.614221747520686,1.1975818192364667,0.4647509660404509,0.07702470679040176,3.5235482616340945e-05,5.353368750826296,19.213653058321526,nan,5.1539225577226535,nan
77.39,192.2239990234375,-180.1509552001953,-12.615592956542969,193.36930235237568,-180.50120636109884,-12.615956086970622,1.1976626081058304,0.4648023105857386,0.07704214671478155,3.5940829651302335e-05,5.331193676167782,19.813856826172167,nan,nan,nan
77.4,192.21533203125,-180.1538848876953,-12.617365837097168,193.37832193891978,-180.51518622251336,-12.61722715830543,1.2178194443819996,0.4647366401443916,0.07703676180040335,3.520447526547709e-05,5.2195361287033375,19.440079469308866,5.350431224626552,0.15598411927782338,nan
77.41,192.20668029785156,-180.15687561035156,-12.619216918945312,193.36970758286967,-180.518447150869,-12.619117011668319,1.217935324469326,0.464787764285125,0.07705421888365147,3.590915075772997e-05,5.197421434950048,19.94148619417047,nan,nan,nan
77.42,192.19801330566406,-180.15992736816406,-12.621146202087402,193.36109343797287,-180.52177318888482,-12.621074284670257,1.2180672384218638,0.4648389750622476,0.07707174026588548,3.5195743089716825e-05,5.175777590303103,19.827653305152484,nan,9.950027949776016e-05,nan
77.43,192.18936157226562,-180.16305541992188,-12.623151779174805,193.35247961624782,-180.5251636170931,-12.62312162391664,1.2181814034062868,0.4648902726394658,0.07708932609402544,3.590064492752096e-05,5.154502629295492,19.428832392990792,nan,nan,nan
77.44,192.18069458007812,-180.16624450683594,-12.62523365020752,193.34386701454142,-180.52861811454352,-12.624837799863565,1.2183123165082765,0.46494165714236907,0.07710697651009409,3.518810534398629e-05,5.1381669053157095,19.251550935384945,nan,0.1165195282078554,nan
77.45,192.1720428466797,-180.1694793701172,-12.62739086151123,193.32540503494562,-180.52661802519273,-12.62707126653688,1.2073907645877089,0.46487587831547766,0.07710157791308059,3.587125230822707e-05,5.146474948528589,20.157254344637796,1.381404373912064,nan,nan
77.46000000000001,192.16339111328125,-180.17279052734375,-12.629622459411621,193.31677265042055,-180.5301830169336,-12.630523095922273,1.207484647097078,0.46492704211121344,0.07711924472935433,3.5160366813265216e-05,5.145496065702615,19.368893767492526,nan,0.971533676306731,nan
77.47,192.15472412109375,-180.17616271972656,-12.631927490234375,193.30814349872756,-180.5338103713699,-12.6328829709776,1.2075963797439138,0.46497829261923573,0.07713697619654515,3.5864896242492555e-05,5.12718055445025,19.06226778184568,nan,nan,nan
77.48,192.1460723876953,-180.17959594726562,-12.634245872497559,193.29951638634395,-180.53749892846062,-12.634639863973337,1.20769522529325,0.46502962996634756,0.07715477245646449,3.515474976561984e-05,5.085273880879477,19.226720485887327,nan,0.29339823140313126,nan
77.49,192.13742065429688,-180.18307495117188,-12.636548042297363,193.29088802666067,-180.5412470252518,-12.637037461391627,1.2077973560534072,0.4650810543144553,0.07717263365635345,3.585955363727804e-05,5.066186641425494,19.915064265870864,nan,nan,nan
77.5,192.12875366210938,-180.18663024902344,-12.638819694519043,193.29947476795672,-180.54677309431565,-12.640326451387923,1.2248645014889912,0.4650151673541241,0.07716721714367288,3.5128958350803276e-05,5.430058102478228,18.613358294332137,4.11750124012984,0.5915709121182555,nan
77.51,192.12010192871094,-180.1902313232422,-12.641053199768066,193.29087706954752,-180.5506297099851,-12.642677232154226,1.224991455092237,0.46506637069199674,0.07718509396563838,3.583317714689931e-05,5.417755078736363,19.434042308205605,nan,nan,nan
77.52,192.1114501953125,-180.1938934326172,-12.643245697021484,193.28228082433546,-180.55454459473165,-12.644619743996893,1.22511857001594,0.465117660781745,0.07720303578148517,3.512517004409635e-05,5.3769315512191405,19.18754668152994,nan,0.09594375033141575,nan
77.53,192.10279846191406,-180.19761657714844,-12.645397186279297,193.2736841863296,-180.5585162812759,-12.646888290502261,1.2252445468032902,0.4651690377840933,0.07722104273863695,3.582969449207598e-05,5.364602590583779,18.87774069438988,nan,nan,nan
77.54,192.09413146972656,-180.20140075683594,-12.647506713867188,193.26508702310667,-180.5625440043506,-12.649514900511301,1.2253837709186273,0.46522050182759966,0.0772391149786269,3.512224338734221e-05,5.397455130877719,18.39682010712059,nan,0.11156863783873879,nan
77.55,192.08547973632812,-180.20523071289062,-12.649574279785156,193.2727219629872,-180.57774306609974,-12.651654214378631,1.244312615134832,0.46515450702117594,0.07723367630464861,3.580510470382775e-05,5.2632205472145595,19.621523420290846,5.4547017978305785,nan,nan
77.56,192.0768280029297,-180.20912170410156,-12.65160083770752,193.2641500078294,-180.58191049265395,-12.655041763074038,1.2444745333500287,0.4652057497521804,0.07725176336930459,3.509900405817827e-05,5.460154399284365,19.444379932573725,nan,1.0764554408652056,nan
77.57000000000001,192.06817626953125,-180.2130584716797,-12.653587341308594,193.25558139638554,-180.5861337703683,-12.657163699012594,1.2446400701029452,0.4652570793068033,0.07726991577294441,3.580329630590459e-05,5.460268991142991,19.82790175445895,nan,nan,nan
77.58,192.0595245361328,-180.21705627441406,-12.655533790588379,193.2470103275962,-180.59040954079586,-12.66052611151894,1.2448052416798623,0.46530849581474354,0.07728813365694938,3.5097648169319994e-05,5.793814708517366,19.74104177293859,nan,1.1490481210252137,nan
77.59,192.05087280273438,-180.22109985351562,-12.657442092895508,193.23844267065,-180.59473997352228,-12.662583582576072,1.2449721142964727,0.4653599994350289,0.07730641716897578,3.580227618636204e-05,5.80256949864676,20.021369565388323,nan,nan,nan
77.60000000000001,192.04222106933594,-180.22520446777344,-12.65931224822998,193.17993297204933,-180.58541570415258,-12.662361858158748,1.1933774794717027,0.4652938970378585,0.07730095206670395,3.507591223704313e-05,4.820411587133242,18.899152145464218,22.04842421842151,3.383151062220514,nan
77.61,192.0335693359375,-180.22935485839844,-12.661144256591797,193.17128191566113,-180.58984305316437,-12.664322160425165,1.1934620864106933,0.46534517904300665,0.07731924958723484,3.578001109964809e-05,4.818710854914624,19.17904351417882,nan,nan,nan
77.62,192.02491760253906,-180.2335662841797,-12.662940979003906,193.16263085643354,-180.59432154597195,-12.666502525307124,1.193544507594932,0.4653965479130118,0.07733761278204132,3.507596245591129e-05,4.8798124180364875,18.6218202780894,nan,0.046088966233168036,nan
77.63,192.01626586914062,-180.23777770996094,-12.664700508117676,193.15398090993517,-180.59883089311688,-12.668394182750133,1.1936366944550036,0.4654480038058092,0.07735604179890013,3.5780417814341155e-05,4.8801791199197035,19.135419814509714,nan,nan,nan
77.64,192.0076141357422,-180.24195861816406,-12.666425704956055,193.1453344440618,-180.60332853978267,-12.668888689391114,1.1937343869160522,0.46549954685272404,0.07737453677900694,3.507667461506713e-05,4.652018797877315,18.504566521331185,nan,1.305158611565281,nan
77.65,191.9989776611328,-180.24607849121094,-12.668116569519043,193.16213809368227,-180.61690317458127,-12.670806657317597,1.220844123636477,0.4654333371498157,0.07736904097465487,3.575951423070854e-05,4.828497038240099,19.03902942090422,6.075943302668737,nan,nan
77.66,191.99032592773438,-180.2501220703125,-12.669774055480957,193.15353100364626,-180.62129839533088,-12.673333796272717,1.2209957348966627,0.4654846582797543,0.07738754912860218,3.505687988279463e-05,4.967257829572958,19.182995515902135,nan,0.39396638235597364,nan
77.67,191.98167419433594,-180.25408935546875,-12.671398162841797,193.14492576826302,-180.62562217597832,-12.675087774058118,1.2211488337588354,0.46553606634235695,0.07740612329500657,3.576119043306402e-05,4.966163200599497,19.23314388429228,nan,nan,nan
77.68,191.9730224609375,-180.25799560546875,-12.672989845275879,193.1363235152919,-180.62987211059286,-12.675471375975736,1.2212975215401063,0.46558756146998775,0.07742476361497473,3.505878061795783e-05,4.741562335172824,18.17130739505826,nan,1.2610154475013506,nan
77.69,191.96438598632812,-180.26181030273438,-12.67455005645752,193.1277188877484,-180.63404434890424,-12.677149309867518,1.2214370146565736,0.4656391438190337,0.0774434702364221,3.5763464201488923e-05,4.734551636287356,19.14711963568956,nan,nan,nan
77.7,191.9557342529297,-180.26556396484375,-12.676078796386719,193.11994568888787,-180.59278970659338,-12.678602571731593,1.2093268057565718,0.4648266458403488,0.07676793870189354,3.5040060903809316e-05,8.591858461432604,21.279361078519003,12.713379958992542,0.0676979820759362,1.1828566300192775
77.71000000000001,191.94708251953125,-180.26922607421875,-12.677577018737793,193.11132150150166,-180.59670413314925,-12.680219641341658,1.2094218741508755,0.4648766611621399,0.07678352285386568,3.574424713002484e-05,8.563658381729413,22.09299532321509,nan,nan,nan
77.72,191.93844604492188,-180.2728271484375,-12.679045677185059,193.10270185421595,-180.60054256086784,-12.681251194729116,1.2095014862855797,0.46492676217091483,0.07679916600522628,3.504301433491365e-05,8.466003278901143,21.64627671628475,nan,0.2182084414985248,nan
77.73,191.92979431152344,-180.27635192871094,-12.680484771728516,193.0940779491779,-180.60431115227084,-12.682805283956464,1.2095945709223774,0.46497694917713833,0.0768148683528039,3.574758661234745e-05,8.437213349780375,21.565639131571647,nan,nan,nan
77.74,191.921142578125,-180.27981567382812,-12.68189525604248,193.0854635118077,-180.60800359626154,-12.683066808544826,1.2096908371886406,0.4650272221623868,0.07683062998977509,3.504646258722473e-05,8.286144193032728,20.958001728872024,nan,1.1264493299915521,nan
77.75,191.91250610351562,-180.283203125,-12.68327808380127,193.08414493510517,-180.62029023717528,-12.684693383581076,1.2191666317434453,0.4649626200138254,0.0768249847240823,3.5729436208420895e-05,7.8659297449444905,22.058340014383894,7.129885466053931,nan,nan
77.76,191.9038543701172,-180.28651428222656,-12.684632301330566,193.07551317464817,-180.6238909336927,-12.688477435776582,1.2192711528812512,0.4650126777767935,0.07684076636420877,3.50292331228343e-05,8.192161061960574,22.594304901236207,nan,3.79933744047518,nan
77.77,191.8952178955078,-180.28977966308594,-12.68596076965332,193.06689855748843,-180.62741538245618,-12.689936738517828,1.2193642855940987,0.46506282145240696,0.07685660745552962,3.573370899317163e-05,8.17397952895272,21.71523728130938,nan,nan,nan
77.78,191.88656616210938,-180.29296875,-12.687261581420898,193.05829039222354,-180.63087085563203,-12.690481012834805,1.2194777034311939,0.4651130510347773,0.07687250809542007,3.503355323466824e-05,7.988901726636795,21.86214543321172,nan,0.5572886068207101,nan
77.79,191.87791442871094,-180.29608154296875,-12.68853759765625,193.04967578151064,-180.63426573400284,-12.691880505399102,1.2195918948617832,0.4651633668158693,0.07688846847454693,3.5738421796437576e-05,7.966550955045343,22.423196344855782,nan,nan,nan
77.8,191.86927795410156,-180.2991485595703,-12.689787864685059,193.07660935851754,-180.65167396153666,-12.692601745600001,1.2577484633448788,0.4650986707901396,0.07688284383949401,3.501714746733007e-05,8.037152896334328,22.063868529604303,11.188799040885804,0.3002210093488427,nan
77.81,191.86062622070312,-180.30215454101562,-12.691012382507324,193.0680538676553,-180.65496685494546,-12.693945645313514,1.2579215617500419,0.46514877108533526,0.07689882373731714,3.572153621058409e-05,8.014795957309229,21.81361801632957,nan,nan,nan
77.82000000000001,191.8519744873047,-180.3050994873047,-12.69221305847168,193.05949010212305,-180.6582037227258,-12.69642692699346,1.2580915379217905,0.46519895721412524,0.07691486343900417,3.502222661462224e-05,8.244027187317192,22.03524487170074,nan,0.9509581438080006,nan
77.83,191.8433380126953,-180.3079833984375,-12.693389892578125,193.0509340415011,-180.66137681696566,-12.697735217973008,1.2582503562087046,0.4652492294565855,0.07693096313125834,3.5727015464431024e-05,8.228181607009496,22.34648254833601,nan,nan,nan
77.84,191.83468627929688,-180.31080627441406,-12.694543838500977,193.04236963819693,-180.66449627939585,-12.700198101439684,1.2584226975374835,0.46529958782438924,0.07694712291727662,3.502766432018429e-05,8.575598250503784,22.581173160202237,nan,0.977239470794654,nan
77.85000000000001,191.82603454589844,-180.31358337402344,-12.695673942565918,193.0389402198233,-180.6681309637306,-12.701419073768612,1.2636760556957702,0.465234798172869,0.07694151530156286,3.571085194778293e-05,8.693346584634229,21.972716999106616,0.6039572115449909,nan,nan
77.86,191.8173828125,-180.3162841796875,-12.696782112121582,193.03038891444172,-180.67113183560602,-12.703176500254731,1.2638597827521456,0.4652849407962644,0.07695769410061233,3.5012279549637206e-05,8.899759168221202,23.20297914653071,nan,0.18027469785348785,nan
77.87,191.80874633789062,-180.31895446777344,-12.697867393493652,193.0218406470509,-180.67407610146265,-12.704412144559141,1.2640221562131204,0.46533516944793185,0.07697393313787926,3.57169924418232e-05,8.89549746535087,22.193910950750528,nan,nan,nan
77.88,191.8000946044922,-180.32156372070312,-12.698931694030762,193.0132955764164,-180.676964946092,-12.7051153034131,1.264201276027972,0.4653854841507423,0.07699023252027767,3.501833344396741e-05,8.752665388573632,22.163093291642106,nan,0.184624595017702,nan
77.89,191.79144287109375,-180.32411193847656,-12.699974060058594,193.004747005854,-180.67980317969162,-12.706304457961691,1.2643825593707931,0.46543588516821155,0.07700659242904459,3.572344620654691e-05,8.746653388828504,22.62400539212229,nan,nan,nan
77.9,191.7827911376953,-180.3267364501953,-12.701104164123535,192.98743869399317,-180.6730478152332,-12.70707719234771,1.2534524217196932,0.4653710018698766,0.07700099808997625,3.5003527359474005e-05,9.019515848365543,21.617017990998164,6.62613006518873,0.15519557852291602,nan
77.91,191.77413940429688,-180.32943725585938,-12.702320098876953,192.9788780829277,-180.6759314705752,-12.70838369358141,1.2535909587267433,0.4654211868775178,0.07701737648114156,3.570816511524046e-05,8.999308322942156,21.23786206648647,nan,nan,nan
77.92,191.76548767089844,-180.3321990966797,-12.703620910644531,192.97033324318156,-180.6788747760776,-12.707179132182228,1.2537342384559644,0.4654714578611826,0.0770338154649266,3.501010739152771e-05,8.300262956186536,20.895413722712238,nan,4.761770835535285,nan
77.93,191.75685119628906,-180.33502197265625,-12.70500659942627,192.9617720675279,-180.68189484082066,-12.708631950892388,1.2538613303666495,0.4655218150739068,0.0770503152191039,3.571514870138801e-05,8.274744031199209,21.40705544917872,nan,nan,nan
77.94,191.74819946289062,-180.33792114257812,-12.706475257873535,192.953203723704,-180.68498576922983,-12.711303213544987,1.2539985776735378,0.4655722585540725,0.0770668758556864,3.501693780162868e-05,8.541864135538546,20.969764709286746,nan,0.9067709231184153,nan
77.95,191.7395477294922,-180.34088134765625,-12.708025932312012,192.92988763476833,-180.6791790895268,-12.713006531112116,1.2374890943406114,0.46550728182602324,0.0770612910800957,3.570036395609813e-05,8.701812105632657,20.878807804846478,3.9550363116507614,nan,nan
77.96000000000001,191.73089599609375,-180.3439178466797,-12.709657669067383,192.92128544660488,-180.68238428033786,-12.717662897848504,1.2375987452681574,0.4655575090353406,0.07707786964758781,3.500282737084656e-05,9.807743716037834,21.45671540211611,nan,6.103039716426427,nan
77.97,191.7222442626953,-180.3470001220703,-12.711370468139648,192.91270050953727,-180.68564477682696,-12.719490095169581,1.237712489305737,0.4656078223877911,0.07709450922583011,3.570779445199153e-05,9.791970829377531,22.290774705789428,nan,nan,nan
77.98,191.71359252929688,-180.35015869140625,-12.71316146850586,192.90412105894663,-180.68896612108998,-12.720431513756104,1.2378212746098842,0.46565822193150214,0.0771112099300439,3.5010073103561594e-05,9.425083127930783,21.33847023239651,nan,0.6594825000473159,nan
77.99,191.70494079589844,-180.35337829589844,-12.715032577514648,192.89553601381314,-180.69235365257313,-12.722410004945404,1.2379320222813515,0.4657087079050717,0.07712797193327481,3.5715439015677537e-05,9.409084688332802,21.328881299148588,nan,nan,nan
78.0,191.6962890625,-180.35665893554688,-12.71697998046875,192.8790950349679,-180.68771448766165,-12.722524803793997,1.2282745996549131,0.4656436377461414,0.07712239289961276,3.499635077108679e-05,9.06936960619534,20.389203444594685,4.371175930711452,2.509490111104369,nan
78.01,191.68763732910156,-180.36000061035156,-12.71900463104248,192.87049975149935,-180.69119921146572,-12.7246406107193,1.228367936722404,0.4656939071817724,0.0771391722582098,3.570123904569945e-05,9.050343377615594,20.346965394860426,nan,nan,nan
78.02,191.67898559570312,-180.3634033203125,-12.721104621887207,192.8619131709799,-180.69474052610727,-12.725294522481505,1.2284622694902245,0.46574426273156055,0.07715601298247712,3.500394176874433e-05,8.632055107861154,19.935782448138923,nan,1.672099556336503,nan
78.03,191.6703338623047,-180.3668670654297,-12.72327995300293,192.85331846970195,-180.69834691535496,-12.727548479729439,1.2285559379066724,0.46579470462509615,0.07717291524250776,3.5709230230991444e-05,8.610889956681852,19.84287411188405,nan,nan,nan
78.04,191.66168212890625,-180.37039184570312,-12.725528717041016,192.84472900764433,-180.7020101183398,-12.728949844841734,1.2286506013321643,0.46584523292386176,0.07718987915787659,3.50116997143978e-05,8.405322358337617,19.56649800797856,nan,0.6077238599700554,nan
78.05,191.65304565429688,-180.3739776611328,-12.727849960327148,192.84038516205774,-180.70463910873053,-12.731279386751803,1.2325274279231442,0.465780069521273,0.07718430206287843,3.569535364895552e-05,8.610223009480451,19.542491153671115,1.228303949921096,nan,nan
78.06,191.64439392089844,-180.3776092529297,-12.730184555053711,192.83179211915163,-180.708417312251,-12.735282312516375,1.232629076591169,0.465830381018684,0.07720128273758353,3.49984235057312e-05,8.993203431032189,20.18782564014521,nan,1.73294305417878,nan
78.07000000000001,191.6357421875,-180.3813018798828,-12.732501029968262,192.8232077613752,-180.71224860770644,-12.737733158247835,1.2327317635893984,0.46588077877340633,0.07721832518114505,3.570362781753354e-05,8.98777757247607,20.02572836878416,nan,nan,nan
78.08,191.62709045410156,-180.3850555419922,-12.734786987304688,192.81462345591456,-180.71613702860074,-12.74022885802725,1.232833806774811,0.465931262855198,0.07723542951583752,3.500644362290817e-05,9.037823922421335,19.811588851422396,nan,0.003267277158953237,nan
78.09,191.6184539794922,-180.3888702392578,-12.737034797668457,192.80603984672462,-180.72008149895933,-12.74262332271117,1.2329202416277458,0.46598183348137,0.0772525959077696,3.5712040745742636e-05,9.037209779130661,19.77106992052224,nan,nan,nan
78.10000000000001,191.60980224609375,-180.39273071289062,-12.739241600036621,192.80522372266503,-180.73331228973214,-12.746444159345364,1.2430125478016367,0.4659165768510414,0.07724701686026289,3.499341176135802e-05,9.229382510237137,20.84116949648523,6.376371465424994,1.784183847379038,nan
78.11,191.6011505126953,-180.3966522216797,-12.741405487060547,192.79665074541757,-180.73739856441298,-12.748772664113416,1.2431344061777096,0.46596693040721227,0.07726419939237805,3.569852426860825e-05,9.238857258171137,20.53512619392345,nan,nan,nan
78.12,191.59251403808594,-180.40061950683594,-12.743528366088867,192.78807460006283,-180.7415410046156,-12.751795636544944,1.2432461030558788,0.46601737021138157,0.07728144404756902,3.500164102010463e-05,9.641823840064728,21.472630765319394,nan,0.38201689387622323,nan
78.13,191.5838623046875,-180.40464782714844,-12.74560832977295,192.7795022376832,-180.74573511529488,-12.75404946400482,1.2433690684009249,0.46606789647330304,0.07729875098949195,3.570714642475927e-05,9.656411988276048,20.88755898581797,nan,nan,nan
78.14,191.57521057128906,-180.40872192382812,-12.747647285461426,192.7709386074941,-180.7499774650686,-12.754463091251008,1.2434899823491241,0.46611850927395715,0.07731612034404392,3.5009974948272176e-05,8.959339190726057,20.441963573284525,nan,2.2857289110809487,nan
78.15,191.5665740966797,-180.41285705566406,-12.749646186828613,192.7490531140309,-180.7481995526296,-12.75665052640821,1.2291298863504518,0.4660531595776713,0.07731053546234201,3.5693825109553224e-05,8.976544073518378,20.077087735486444,1.7891825221573947,nan,nan
78.16,191.55792236328125,-180.4170379638672,-12.751605033874512,192.74046161124863,-180.7525376663936,-12.758474715737218,1.2292299686826207,0.46610355504264794,0.0773279203178362,3.499720403084454e-05,8.922392159560431,20.00558075413317,nan,0.06056136608880953,nan
78.17,191.54928588867188,-180.4212646484375,-12.753524780273438,192.73186940790117,-180.7569276262619,-12.760550450170012,1.229318012018122,0.4661540368784122,0.07734536768591331,3.570260902477435e-05,8.927642517859388,20.456987758902873,nan,nan,nan
78.18,191.54063415527344,-180.42555236816406,-12.755406379699707,192.7232921732661,-180.76136022087624,-12.75932626061024,1.2294154167456266,0.4662046051728057,0.07736287769468346,3.500568728971064e-05,7.9566137332096964,18.67972669017305,nan,7.512614763227214,nan
78.19,191.53199768066406,-180.4298858642578,-12.757250785827637,192.71470110557036,-180.76585030465958,-12.761294824961526,1.2295022776522477,0.466255260125387,0.07738045050453124,3.571147650485388e-05,7.9475982323844505,19.040974059471836,nan,nan,nan
78.2,191.5233612060547,-180.43426513671875,-12.759057998657227,192.68676536940097,-180.76977017678016,-12.76366670740269,1.2108237358899012,0.4661898173933945,0.07737485583697627,3.4993056106577075e-05,7.521512249034744,19.509126863139283,7.958525165380528,0.18229798378351703,nan
78.21000000000001,191.51470947265625,-180.43869018554688,-12.760828971862793,192.67813968425486,-180.77437559105772,-12.765567180048018,1.2108992523534607,0.46624025474019604,0.07739244348633803,3.569835165288229e-05,7.515947474144055,19.326615296545334,nan,nan,nan
78.22,191.50607299804688,-180.4431610107422,-12.762564659118652,192.66951109636426,-180.77902569596654,-12.768291403160074,1.2109608131539777,0.46629077846463735,0.07741009400063502,3.500164974356018e-05,7.796449620130143,19.429328832860634,nan,0.5202517414253771,nan
78.23,191.4974365234375,-180.44760131835938,-12.764266014099121,192.66088668656502,-180.783679750275,-12.770131862653052,1.2110323706076513,0.46634138876008546,0.07742780753826854,3.570732908917445e-05,7.793418545679972,19.610959615750033,nan,nan,nan
78.24,191.48878479003906,-180.4519805908203,-12.765933990478516,192.65226278048874,-180.7882927688583,-12.771939152262302,1.2111246745589508,0.46639208574662183,0.07744558423680711,3.642733908106288e-05,7.789501692390007,19.498237427477825,nan,nan,nan
78.25,191.4801483154297,-180.456298828125,-12.76756763458252,192.63532341034576,-180.79065274980618,-12.773648685500838,1.2026050989573516,0.46632655011951285,0.07743997583477757,3.713797290430555e-05,7.66526755920612,19.22646919807199,0.8364648185384476,nan,nan
78.26,191.4715118408203,-180.46054077148438,-12.769168853759766,192.62668269386413,-180.79512799917453,-12.776234409894311,1.2026712912258455,0.4663770292077122,0.07745776668476012,3.6355709293348814e-05,8.012489496480708,19.45701778183627,nan,0.4657060737783536,nan
78.27,191.46287536621094,-180.46469116210938,-12.77073860168457,192.61804547385088,-180.79952245625594,-12.77795317794776,1.2027393829235862,0.46642759478114676,0.077475620777206,3.7087939145967976e-05,8.01198401785263,19.942060234176516,nan,nan,nan
78.28,191.45423889160156,-180.46876525878906,-12.772276878356934,192.6094086407128,-180.80383638760958,-12.779611719136856,1.2028065557353806,0.4664782469390403,0.07749353824396982,3.6308399919112676e-05,8.0599952754058,19.73141061738067,nan,0.0005737419587799933,nan
78.29,191.4456024169922,-180.47276306152344,-12.773784637451172,192.60077210233322,-180.8080698190126,-12.781269618352809,1.2028730807894463,0.4665289858697215,0.0775115192417518,3.703936939825996e-05,8.060977330012083,19.495875015841175,nan,nan,nan
78.3,191.4369659423828,-180.47666931152344,-12.775262832641602,192.58501318542565,-180.8094981624072,-12.783072113707197,1.1953445114734236,0.46646335738808137,0.07750589310174513,3.6239862661604195e-05,8.169603555634403,20.14787506575363,0.4501395282904609,0.02357120647762048,nan
78.31,191.42832946777344,-180.4805145263672,-12.776710510253906,192.5763650884863,-180.81356936527297,-12.784673323777108,1.1953973057286675,0.4665138781737307,0.07752388755561908,3.6968721996147156e-05,8.172732505370565,19.341185121799413,nan,nan,nan
78.32000000000001,191.41969299316406,-180.48426818847656,-12.778129577636719,192.56772582384554,-180.8175588842934,-12.783783619918708,1.1954472118980022,0.4665644854612763,0.07754194560049217,3.619544712839074e-05,7.310947009915683,19.14933747585132,nan,3.998733047285339,nan
78.33,191.4110565185547,-180.4879608154297,-12.779520988464355,192.5590779586137,-180.82147742692857,-12.785304632242037,1.1954998985847753,0.4666151794335459,0.07756006739135121,3.692318947719182e-05,7.304882338507436,18.44473854526247,nan,nan,nan
78.34,191.4024200439453,-180.49156188964844,-12.7808837890625,192.55042563383913,-180.82532432992022,-12.788158574988655,1.1955614260563485,0.466665960197958,0.07757825306259107,3.6152461651249105e-05,7.83317234783312,19.82494626194561,nan,1.2221615161005062,nan
78.35000000000001,191.39378356933594,-180.4951171875,-12.782220840454102,192.51939138577583,-180.82311858117464,-12.789557182315784,1.1724468826326453,0.4666002389882168,0.07757260518110688,3.685579659639966e-05,7.535700011596218,18.54982329870871,4.968402504347425,nan,nan
78.36,191.38514709472656,-180.4985809326172,-12.783530235290527,192.51070639608025,-180.82681616816234,-12.790672121715403,1.1724645484017384,0.4666508013379794,0.07759080358695424,3.608852546964462e-05,7.459957414596907,19.452035423394086,nan,0.07598722509583518,nan
78.37,191.37649536132812,-180.50198364257812,-12.784812927246094,192.50202025289954,-180.83044469841735,-12.792096821159124,1.1724956297830729,0.4667014502840661,0.07760906595015121,3.681331400170545e-05,7.460088392267775,18.763727513763516,nan,nan,nan
78.38,191.36785888671875,-180.50531005859375,-12.786070823669434,192.49333401179436,-180.83400479850195,-12.793496852534913,1.1725142366350998,0.4667521859542988,0.07762739241073191,3.755259346224005e-05,7.459034189735156,19.407088381918832,nan,nan,nan
78.39,191.35922241210938,-180.50857543945312,-12.787303924560547,192.48464764918063,-180.8374977514389,-12.794872507953214,1.1725310806172784,0.46680300849317763,0.07764578311319653,3.8306508351448436e-05,7.458101456327234,19.10404476883284,nan,nan,nan
78.4,191.3505859375,-180.51177978515625,-12.788512229919434,192.50449191126762,-180.8463278870567,-12.79458432548864,1.2014400938567011,0.46673719460314367,0.07764010944368802,3.7425287711221955e-05,7.402808585967315,18.140982566291164,9.391269997230033,1.491617761387568,nan
78.41,191.34194946289062,-180.51492309570312,-12.789695739746094,192.49585529681832,-180.8496851030333,-12.795895806526854,1.2015001939043453,0.4667877984545191,0.07765851213886894,3.8175500248271836e-05,7.397205913037123,18.000442371358144,nan,nan,nan
78.42,191.33331298828125,-180.5179901123047,-12.79085636138916,192.48722215486634,-180.8529771249411,-12.7959392351724,1.2015608594532678,0.4668384889289242,0.0776769791360762,3.732547524261132e-05,7.054464324754644,18.244297962427638,nan,0.9601249619850427,nan
78.43,191.32467651367188,-180.52101135253906,-12.791994094848633,192.47858487979585,-180.85620913132138,-12.79719318633909,1.2016193652167138,0.4668892662000067,0.07769551058739214,3.8073100949500196e-05,7.045385442481851,17.50111687516627,nan,nan,nan
78.44,191.3160400390625,-180.52395629882812,-12.793108940124512,192.46994144069524,-180.859383303634,-12.800418443208578,1.201687625416175,0.4669401303841736,0.07771410663004695,3.722897953529151e-05,7.742968042402686,18.921606882275093,nan,2.4729368110632524,nan
78.45,191.30740356445312,-180.52685546875,-12.794200897216797,192.46244635891992,-180.87548819669075,-12.801638639737591,1.2065338603018476,0.46687422392816774,0.0777084031245471,3.794960840144647e-05,7.082983431052302,18.986179888195828,15.711972178257968,nan,nan
78.46000000000001,191.2987518310547,-180.52969360351562,-12.795271873474121,192.45380177277391,-180.87859363615553,-12.803698898487916,1.2066244715702972,0.46692486915349485,0.0777270103994454,3.711231095526181e-05,7.513750856779295,19.24167506950426,nan,0.4537582081812143,nan
78.47,191.2901153564453,-180.532470703125,-12.796320915222168,192.44515922612692,-180.8816406652833,-12.804895955732894,1.2066977810050235,0.46697560108628045,0.07774568233260751,3.7854239392622256e-05,7.517307632136298,19.720613020428896,nan,nan,nan
78.48,191.28147888183594,-180.5353240966797,-12.797457695007324,192.4365172366829,-180.8846924379044,-12.805777480191294,1.206748133556954,0.4670264198469688,0.07776441906246591,3.702250168124793e-05,7.422741626577915,19.148091637052556,nan,0.07689753523830822,nan
78.49,191.27284240722656,-180.53823852539062,-12.79867935180664,192.42787386419084,-180.88781138279137,-12.807092603720372,1.2068014053754306,0.46707732560318493,0.07778322073931684,3.776225823617196e-05,7.405659151483943,19.407848510728545,nan,nan,nan
78.5,191.26419067382812,-180.5412139892578,-12.799986839294434,192.42175523415818,-180.89533933288587,-12.807208550107536,1.2105422848619862,0.46701132663667544,0.07777748331775944,3.691277694720002e-05,6.780728857961338,19.073305478191347,1.2106513091360296,1.0329287331765176,nan
78.51,191.25555419921875,-180.5442657470703,-12.80137825012207,192.41311394418864,-180.89860446957675,-12.80868316029697,1.210600617526239,0.4670620131599549,0.07779629544684406,3.764955885768252e-05,6.7641623229589545,18.770139961953213,nan,nan,nan
78.52,191.24691772460938,-180.54737854003906,-12.80285358428955,192.40447445690734,-180.90193330051514,-12.809444271734296,1.210656889389219,0.46711278642511844,0.0778151725742506,3.682948408633207e-05,6.50519405920174,18.62948873665832,nan,0.4053486075066143,nan
78.53,191.23826599121094,-180.55055236816406,-12.804409980773926,192.39583273217517,-180.90532701696748,-12.811079307162531,1.2107313042680472,0.4671636465963419,0.07783411484926328,3.756435415648552e-05,6.489187696661908,18.486009272329273,nan,nan,nan
78.54,191.22962951660156,-180.5537872314453,-12.806047439575195,192.38718961843142,-180.90878439249386,-12.813245383542073,1.2107932045143914,0.4672145937992215,0.07785312241182005,3.674932784262822e-05,6.693906176838874,19.040332244426256,nan,0.12846679312401674,nan
78.55,191.2209930419922,-180.5570831298828,-12.80776596069336,192.41020458862292,-180.91656194086426,-12.815180096683669,1.2423783995212443,0.46714850242458045,0.07784734699150861,3.745864019994624e-05,7.296772994428641,18.90345110397022,13.489099832327033,nan,nan
78.56,191.21234130859375,-180.56044006347656,-12.809563636779785,192.40162066759794,-180.92012930300035,-12.816152691766955,1.2424995607356326,0.46719923012151987,0.07786636420825875,3.664952171310326e-05,6.992990639293333,18.35797049328057,nan,0.5380649701629351,nan
78.57000000000001,191.20370483398438,-180.56385803222656,-12.811439514160156,192.393034549205,-180.92375849577246,-12.818111111932712,1.2426093615389187,0.4672500446346602,0.07788544676965532,3.737999741132678e-05,6.977958042862014,18.54633153468671,nan,nan,nan
78.58,191.195068359375,-180.5673370361328,-12.813392639160156,192.3844458762879,-180.9274490767039,-12.821344350087235,1.24272393925959,0.467300946092531,0.07790459481648114,3.657559688245464e-05,7.494965747064451,18.98596367772018,nan,0.9229738689860848,nan
78.59,191.18641662597656,-180.5708770751953,-12.815422058105469,192.37586002494,-180.93119777945302,-12.823471588005395,1.2428481018153812,0.4673519346549274,0.07792380849676343,3.730450531384813e-05,7.48275103709319,18.636579260982433,nan,nan,nan
78.60000000000001,191.1777801513672,-180.574462890625,-12.817527770996094,192.36746698411883,-180.94020657397502,-12.826391981777713,1.2446693441094567,0.46728575093484825,0.07791799097319456,3.6482168316592984e-05,7.643263803729182,20.239473400960378,3.880771305644254,0.17855181193110825,nan
78.61,191.1691436767578,-180.578125,-12.819708824157715,192.35887905276553,-180.94409226453533,-12.828681330828068,1.24478223377089,0.46733651971617235,0.0779372134910047,3.7208704283506406e-05,7.6332604643800135,19.238395886721733,nan,nan,nan
78.62,191.16049194335938,-180.5818328857422,-12.8219633102417,192.35029680725535,-180.94803240229226,-12.828296450843276,1.2449007224441218,0.4673873753545225,0.07795650168844416,3.641424873087539e-05,6.551191665734917,18.443666796242773,nan,4.923067209123934,nan
78.63,191.15185546875,-180.58560180664062,-12.824289321899414,192.3417092867005,-180.95203178024576,-12.83070763595841,1.2450157542790445,0.46743831800721536,0.0779758557128426,3.7139432135627674e-05,6.539027907509801,18.41867275892941,nan,nan,nan
78.64,191.14321899414062,-180.5894317626953,-12.826627731323242,192.33312260016348,-180.9560869510328,-12.832899466183092,1.2451288902837085,0.4674893478064867,0.07799527570602237,3.634920976444596e-05,6.4924395125696535,18.084264613439718,nan,0.04503358932631427,nan
78.65,191.13458251953125,-180.5933074951172,-12.828948974609375,192.34478837966859,-180.97161375078363,-12.835515512431032,1.2679735669193097,0.4674230718348727,0.07798941197207987,3.704995977453992e-05,6.514603083915228,19.10575387968148,6.402977009018296,nan,nan
78.66,191.12594604492188,-180.59722900390625,-12.831239700317383,192.3362368866465,-180.97580387501904,-12.836189586416314,1.2681274998883065,0.46747388157859887,0.07800883996865692,3.62647892663589e-05,6.006789955648676,18.95199480411456,nan,2.0260146644605013,nan
78.67,191.11729431152344,-180.60122680664062,-12.833491325378418,192.32768252654623,-180.98004936398186,-12.838568878410387,1.268294895740498,0.46752477824605077,0.07802833398213685,3.6986649461728214e-05,6.010061068930925,17.58857725015392,nan,nan,nan
78.68,191.10865783691406,-180.60525512695312,-12.835701942443848,192.31913151626227,-180.9843469005598,-12.839382385324885,1.268452067234258,0.4675757619715455,0.07804789415491145,3.620540433793663e-05,5.667810640761039,18.537287396382787,nan,1.5368631350312598,nan
78.69,191.1000213623047,-180.60935974121094,-12.837870597839355,192.31057832003228,-180.98869843757916,-12.84166748101783,1.2686056955519678,0.4676268329092878,0.07806752063346177,3.69261927532421e-05,5.665911140252812,17.306052146179482,nan,nan,nan
78.7,191.0913848876953,-180.61349487304688,-12.839997291564941,192.1558861163167,-180.88638752663212,-12.845929806007769,1.0989396984570496,0.4584917907430799,0.0725276222523948,3.6126649301410035e-05,9.40501605091668,21.094706887757194,18.32665674938741,2.8808494157054363,1.3150807176887516
78.71000000000001,191.08274841308594,-180.61769104003906,-12.842081069946289,192.1472966085795,-180.89072242698134,-12.848151778778066,1.0990204057659414,0.458546065668926,0.07253806913060336,3.6845553592672114e-05,9.395603872698937,20.621323730166452,nan,nan,nan
78.72,191.07411193847656,-180.62193298339844,-12.844123840332031,192.13870404552844,-180.8951050946426,-12.850126994953355,1.099097536447132,0.4586004264745968,0.07254857437677885,3.607266278557179e-05,9.358750435126307,20.786840799618723,nan,0.028234179675112516,nan
78.73,191.0654754638672,-180.62623596191406,-12.846126556396484,192.13011555242338,-180.8995414219404,-12.852266673537336,1.0991779172088747,0.45865487419743617,0.07255913885476652,3.679066951520294e-05,9.34985804909241,20.236311356202357,nan,nan,nan
78.74,191.0568389892578,-180.63058471679688,-12.848089218139648,192.1215668559159,-180.9040629771822,-12.856693794643038,1.0993224402687525,0.45870940810415634,0.07256976200400857,3.602125682660493e-05,10.345760762317306,21.392107942393963,nan,3.60431994211006,nan
78.75,191.04820251464844,-180.63497924804688,-12.85001277923584,192.1182432293323,-180.91088374036568,-12.85881490391285,1.1050737067552068,0.4586352078156124,0.07256315380557345,3.671569317804886e-05,10.383778274184273,21.59342832348982,0.3595715623546938,nan,nan
78.76,191.03956604003906,-180.63941955566406,-12.851897239685059,192.10965658107344,-180.91546459725305,-12.860339644520634,1.1051542449796383,0.4586895073304666,0.07257382280295958,3.595055189434698e-05,10.221266740062815,21.532617253640638,nan,0.18286287815858035,nan
78.77,191.0309295654297,-180.64390563964844,-12.853745460510254,192.1010792857883,-180.92010121837097,-12.862344951664504,1.1052503666308413,0.4587438936478268,0.0725845512649939,3.666610002901619e-05,10.220722469053843,21.53454141793284,nan,nan,nan
78.78,191.02230834960938,-180.6484375,-12.855555534362793,192.09248259715486,-180.9247676260493,-12.863104272606098,1.1053000688143548,0.458798366092823,0.07259533868816498,3.59041572555862e-05,9.75557144822544,21.402664383308807,nan,0.9808219395321188,nan
78.79,191.013671875,-180.6530303955078,-12.857330322265625,192.083906187448,-180.92949852162414,-12.86502592234526,1.1053937445815043,0.45885292561471935,0.07260618585143046,3.66190320526304e-05,9.752252521176905,20.40899169864317,nan,nan,nan
78.8,191.00503540039062,-180.65765380859375,-12.85906982421875,192.06874776706468,-180.9274506652616,-12.86626072629898,1.0974179021484467,0.45877863321053614,0.07259970556210218,3.5838469798761374e-05,9.876062810649485,20.61229556050366,4.556951203575961,0.31598203300758004,nan
78.81,190.99639892578125,-180.66233825683594,-12.860774040222168,192.0601559894412,-180.93224699328968,-12.868107289538274,1.097489677876756,0.45883295794704526,0.07261059814133138,3.6551852097812e-05,9.871242389906582,19.891933255368855,nan,nan,nan
78.82000000000001,190.98777770996094,-180.66700744628906,-12.862443923950195,192.05156493827707,-180.93706409021368,-12.869920537172407,1.0975562663488452,0.4588873691276878,0.07262155025704566,3.7279583031583475e-05,9.862895681347561,20.627047237228602,nan,nan,nan
78.83,190.97914123535156,-180.671630859375,-12.864081382751465,192.0429746704686,-180.9418550581082,-12.871701312535572,1.0976432747408489,0.458941866896964,0.07263256205374524,3.80218071002758e-05,9.853102219179128,20.198548378721135,nan,nan,nan
78.84,190.97052001953125,-180.67617797851562,-12.865686416625977,192.03438533255866,-180.94658721557104,-12.873457550520884,1.097720797958118,0.4589964510091923,0.07264363337455665,3.717681609461818e-05,9.911231898023319,20.77509317034183,nan,3.3538898779237975e-05,nan
78.85000000000001,190.96188354492188,-180.6806640625,-12.867258071899414,192.04288810314952,-180.9488222301015,-12.875077911332031,1.1137956758980094,0.4589220679431522,0.07263727727143789,3.789253376961607e-05,10.7178753521793,19.40457993052952,12.51791950420723,nan,nan
78.86,190.95326232910156,-180.68504333496094,-12.868800163269043,192.03432174102463,-180.95336583867402,-12.87703269239549,1.1138914635825679,0.45897641690979196,0.07264839357770848,3.705496797167391e-05,10.893161853559489,20.737510907457636,nan,0.04570918277276216,nan
78.87,190.9446258544922,-180.68936157226562,-12.870309829711914,192.0257517839292,-180.95782191305184,-12.878690371663918,1.1139903336023593,0.4590308527535014,0.072659570105191,3.779180529002555e-05,10.88535783390983,19.516662490675284,nan,nan,nan
78.88,190.93600463867188,-180.69357299804688,-12.871790885925293,192.01718508205747,-180.96219595620178,-12.880500016090432,1.114084958051041,0.45908537488487844,0.07267080643895059,3.696036309571604e-05,11.03959240967513,20.792144182808592,nan,0.02078235786481839,nan
78.89,190.9273681640625,-180.69772338867188,-12.873241424560547,192.00861595908876,-180.96648369492848,-12.882101319145807,1.1141846320069007,0.4591399841668128,0.07268210326940255,3.769518686646152e-05,11.033078590320567,19.607310826187007,nan,nan,nan
78.9,190.9187469482422,-180.70176696777344,-12.874663352966309,192.0045037531719,-180.96926886571964,-12.882804844436084,1.118253722881944,0.4590655103786545,0.07267586638424062,3.684680979292033e-05,11.015932066667176,20.421759060188133,2.030891103957204,0.35290729278453,nan
78.91,190.9101104736328,-180.70574951171875,-12.876056671142578,191.9959387752183,-180.9733789478381,-12.88434076968105,1.1183547030750893,0.459119884126978,0.07268720771331864,3.757883051559891e-05,11.006513662523918,19.348136702355877,nan,nan,nan
78.92,190.9014892578125,-180.7096405029297,-12.877423286437988,191.9873579287796,-180.97739557150126,-12.884754322473862,1.118417315416293,0.4591743441053471,0.07269860912497755,3.675999841477142e-05,10.604208755408962,19.667981881733773,nan,0.7665348446088848,nan
78.93,190.89285278320312,-180.71347045898438,-12.878761291503906,191.97879307547103,-180.9813478447652,-12.886226180562634,1.1185170256872858,0.4592288911180304,0.07271007125737552,3.749027280911502e-05,10.592639148570285,18.77369222758289,nan,nan,nan
78.94,190.8842315673828,-180.7172088623047,-12.880073547363281,191.9702423237732,-180.98523538791142,-12.888651133606787,1.1186291415881242,0.4592835246639252,0.07272159377348189,3.66768998416152e-05,11.074717132549662,20.088086176019115,nan,0.6149610313296475,nan
78.95,190.87559509277344,-180.7208709716797,-12.881359100341797,191.96523286502256,-180.9924229381724,-12.889961160604383,1.1229981926338306,0.45920896151027435,0.07271547214935892,3.738206904773517e-05,10.875286851513177,19.94358241111863,1.5839987977760306,nan,nan
78.96000000000001,190.86697387695312,-180.72447204589844,-12.882619857788086,191.9566804454578,-180.9961651692452,-12.891649228739105,1.1231024388967958,0.4592633591668504,0.07272703867718192,3.6574950994317934e-05,11.08878479241451,19.818394353897613,nan,0.05248849835909045,nan
78.97,190.8583526611328,-180.72799682617188,-12.883854866027832,191.9481239439901,-180.99983159784736,-12.893030391051362,1.1232006865612951,0.45931784374265355,0.07273866614787582,3.730117638498947e-05,11.080386447348923,20.00841580258392,nan,nan,nan
78.98,190.84971618652344,-180.7314453125,-12.885065078735352,191.93956045717624,-181.00342133535023,-12.893893122885089,1.1233029091227706,0.45937241479089974,0.07275035427192984,3.649910141726206e-05,10.92253937338094,19.87265397045391,nan,0.15843956744607443,nan
78.99,190.84109497070312,-180.73483276367188,-12.886251449584961,191.9310033745424,-181.00694741414722,-12.89522192874176,1.1233998314309543,0.4594270730340576,0.0727621036166459,3.722392988332676e-05,10.913312208618157,19.744855664594148,nan,nan,nan
79.0,190.83245849609375,-180.7381591796875,-12.88741397857666,191.92364681175002,-181.00782908140164,-12.89591567180526,1.1240489646376752,0.45935242055782755,0.07275609224951615,3.64044474903645e-05,10.97459927090789,18.95970750381268,1.396478994248876,0.2762066059550112,nan
79.01,190.82383728027344,-180.7414093017578,-12.888553619384766,191.91508806410363,-181.0112058083543,-12.89719324739749,1.1241410371274037,0.4594068425324293,0.07276788506843912,3.712708085718035e-05,10.963952948559559,19.56553500157902,nan,nan,nan
79.02,190.81520080566406,-180.7445831298828,-12.889670372009277,191.90649194787295,-181.0144854087799,-12.895618243642549,1.1241881401235247,0.4594613509164928,0.07277973880476873,3.633547040694514e-05,9.891251264386941,18.74143659811591,nan,5.241391590613758,nan
79.03,190.80657958984375,-180.74771118164062,-12.890764236450195,191.89793259794095,-181.01773202028093,-12.8968245346456,1.1242772650894621,0.4595159463823204,0.07279165398273871,3.70569212337399e-05,9.874020760946024,18.194235778400394,nan,nan,nan
79.04,190.79794311523438,-180.7507781982422,-12.891837120056152,191.8893492884273,-181.02089566749535,-12.896190089429778,1.124344177919609,0.4595706285586773,0.07280363037709309,3.6269761647895274e-05,9.371510306193871,17.401774288471174,nan,2.1740447406687498,nan
79.05,190.789306640625,-180.75389099121094,-12.892996788024902,191.8647239051771,-181.02350672423387,-12.89730993893913,1.108708049786338,0.4594958879713236,0.07279772505950464,3.6967174309247687e-05,8.809543986261668,18.196999411819554,4.850711521977383,nan,nan
79.06,190.7806854248047,-180.757080078125,-12.894242286682129,191.8561480008639,-181.02677759192582,-12.899074502554285,1.1087740309749725,0.45955033352801355,0.07280974438648977,3.618523679468318e-05,8.921980651252847,18.001808741112423,nan,0.15080879197506605,nan
79.07000000000001,190.7720489501953,-180.7603302001953,-12.8955717086792,191.8475658125961,-181.03010629923912,-12.900451714797972,1.1088460124757733,0.45960486605435125,0.07282182537395988,3.690370710045301e-05,8.8928731982378,17.81624181448842,nan,nan,nan
79.08,190.76341247558594,-180.76364135742188,-12.89698600769043,191.83898344582724,-181.03349722180616,-12.90191408072246,1.1089181148634069,0.45965948545437363,0.07283396799653707,3.763657952334308e-05,8.86373833870782,17.816158426567473,nan,nan,nan
79.09,190.75479125976562,-180.7670135498047,-12.898482322692871,191.8304008663622,-181.03694966702687,-12.903460698390262,1.1089753457171208,0.4597141918725809,0.07284617239872154,3.8383998563553387e-05,8.8346130493189,18.054731234550093,nan,nan,nan
79.10000000000001,190.74615478515625,-180.7704620361328,-12.900060653686523,191.81158091675155,-181.0349502936452,-12.903687371270104,1.0977704829920074,0.4596393633158672,0.07284036809638766,3.7490821644010576e-05,8.598529670173637,16.72431491603021,1.7898593180561782,1.1307068397982254,nan
79.11,190.73751831054688,-180.77394104003906,-12.90172004699707,191.80297934498654,-181.03850933755726,-12.905385671717351,1.0978237730917955,0.4596938327437424,0.0728526148441868,3.823459714605731e-05,8.569218307054733,17.926073481884558,nan,nan,nan
79.12,190.72889709472656,-180.77749633789062,-12.903459548950195,191.79437410437794,-181.0421247177859,-12.906854220131661,1.0978528869270514,0.4597483887314939,0.07286492330683497,3.737377870611752e-05,8.497128643420247,17.383841712985404,nan,0.059854188395025994,nan
79.13,190.7202606201172,-180.78111267089844,-12.905277252197266,191.78577252628585,-181.04580189914995,-12.908711461444192,1.0979015454642176,0.4598030318729584,0.07287729393883158,3.8115034862143456e-05,8.470041816675328,17.026010782630987,nan,nan,nan
79.14,190.7116241455078,-180.78477478027344,-12.907174110412598,191.77716370698246,-181.04953111843517,-12.910017017358847,1.0979428754649787,0.45985776187488353,0.07288972658379081,3.726158980933326e-05,8.348522606975587,17.388704728821025,nan,0.24755149454887998,nan
79.15,190.70298767089844,-180.7884979248047,-12.909148216247559,191.76552356575584,-181.0594665165763,-12.911987251527115,1.0965466545972549,0.45978284647200135,0.07288401889952884,3.7976347238687284e-05,7.771375103683138,17.44227490012681,6.985170100138605,nan,nan
79.16,190.69436645507812,-180.7922821044922,-12.911197662353516,191.75691260050093,-181.06333972548845,-12.913026156056256,1.0965764398537037,0.4598373391384905,0.07289649329663195,3.7131060526401064e-05,7.620607776662906,17.38565098170254,nan,0.6870172960000603,nan
79.17,190.68572998046875,-180.79612731933594,-12.913323402404785,191.7483133537539,-181.0672786454611,-12.915179522822209,1.0966357243973444,0.4598919188464564,0.07290903007615299,3.786682514656617e-05,7.593968670329355,16.859683908056123,nan,nan,nan
79.18,190.67709350585938,-180.80001831054688,-12.915523529052734,191.73970329283082,-181.07126400630938,-12.916420425487138,1.0966834508008263,0.4599465853466663,0.07292162911687802,3.702834445330368e-05,7.496578613069026,17.188975326202744,nan,0.6150951197426069,nan
79.19,190.66847229003906,-180.803955078125,-12.917797088623047,191.73110432148474,-181.07531301865555,-12.91871536001333,1.096732788497584,0.4600013391667131,0.07293429082077943,3.776205840897083e-05,7.468064151950192,17.811437383685945,nan,nan,nan
79.2,190.6598358154297,-180.80795288085938,-12.920141220092773,191.7230203900886,-181.0811961676826,-12.920397701065152,1.0977355780738451,0.45992633714517983,0.07292867468845372,3.6907350042482804e-05,7.323796483687152,17.25907082420058,0.6952256627140352,0.38200926549853964,nan
79.21000000000001,190.6511993408203,-180.81201171875,-12.922496795654297,191.71442482383466,-181.08536044126453,-12.922801284166926,1.0978014595293062,0.4599808532661298,0.07294137750833021,3.7638235576583354e-05,7.2972461687425785,16.882110590653795,nan,nan,nan
79.22,190.642578125,-180.8161163330078,-12.924834251403809,191.70581557156143,-181.08956601042883,-12.923867882592592,1.0978385708840832,0.4600354561087681,0.07295414283221437,3.6813592305078554e-05,7.292103090873597,17.419088023953822,nan,1.134848880180454,nan
79.23,190.63394165039062,-180.8202667236328,-12.927140235900879,191.6972207336122,-181.0938348481122,-12.926232387861495,1.0979083530676623,0.4600901461611774,0.07296697103105793,3.754271273964167e-05,7.260851994076064,17.379883806742473,nan,nan,nan
79.24,190.6253204345703,-180.82447814941406,-12.929407119750977,191.68861387413287,-181.098144805599,-12.927321647596028,1.0979484170571594,0.46014492323360323,0.07297986203001039,3.672407938555037e-05,7.329838565776093,17.263784704691563,nan,0.9859258485879968,nan
79.25,190.61668395996094,-180.8287353515625,-12.931632995605469,191.68868929658944,-181.11704617365132,-12.929696162565168,1.1101001410754594,0.4600698355975284,0.07297433285986551,3.7428158343351494e-05,6.601010131408833,17.835189374512282,19.727812472879876,nan,nan
79.26,190.60806274414062,-180.8330535888672,-12.933815956115723,191.68011470159274,-181.12152047530012,-12.931253800090316,1.110186970149048,0.4601243746300804,0.07298726432994805,3.661629012003893e-05,6.653815069729175,17.598448009150555,nan,0.2997035054404734,nan
79.27,190.59942626953125,-180.83740234375,-12.935956954956055,191.67154736374795,-181.12605014743917,-12.933445301830234,1.1103006366027253,0.4601790007634394,0.07300025888451174,3.7341349036681746e-05,6.616609989991491,18.220694348344157,nan,nan,nan
79.28,190.59080505371094,-180.84181213378906,-12.938055038452148,191.66299371168503,-181.13063965697287,-12.936964063697822,1.1104103055459733,0.46023371384324807,0.07301331647599177,3.653499927157025e-05,6.453848858524477,17.715867527691543,nan,1.211684431314145,nan
79.29,190.58218383789062,-180.8462677001953,-12.940112113952637,191.65442724702385,-181.13526679089904,-12.939086755130239,1.110507746131439,0.4602885143043276,0.07302643743456307,3.725866403381605e-05,6.423096233151362,17.748702322204096,nan,nan,nan
79.3,190.57354736328125,-180.85076904296875,-12.94212818145752,191.6270401240568,-181.13344253030033,-12.941783124375288,1.0907572674573782,0.4602133413719952,0.07302099014047196,3.643541950597696e-05,6.248529365615441,17.408766725656765,3.05106137973062,0.29883951841480866,nan
79.31,190.56492614746094,-180.85531616210938,-12.944103240966797,191.61844382016415,-181.1381567303714,-12.94383139275203,1.09082461819223,0.46026790343809365,0.07303415088745031,3.715689957411795e-05,6.220866091582814,17.708770022113146,nan,nan,nan
79.32000000000001,190.55630493164062,-180.8599090576172,-12.946040153503418,191.60985716001576,-181.14292520353277,-12.946841933468455,1.0909037902648626,0.4603225523750276,0.07304737490304394,3.636186166855086e-05,6.210262060340832,17.68894553366657,nan,0.6547818123895913,nan
79.33,190.5476837158203,-180.8645477294922,-12.947937965393066,191.60126164666806,-181.14773266301876,-12.948823107429599,1.0909724773899212,0.46037728858600074,0.07306066249352464,3.708217291017244e-05,6.187546604993896,17.668504992427962,nan,nan,nan
79.34,190.53904724121094,-180.86923217773438,-12.949797630310059,191.59266717594605,-181.1525861818065,-12.950838700948792,1.0910570756486562,0.46043211196424727,0.07307401364707879,3.629196429226297e-05,6.170718260560588,17.356745612375743,nan,0.003371536333964374,nan
79.35000000000001,190.53042602539062,-180.8739776611328,-12.951620101928711,191.57095623306333,-181.14972049901715,-12.952585392559648,1.076447006363949,0.4603568546422523,0.07306864347980258,3.698832653270627e-05,6.255219352973557,16.566360662939076,4.427807605150605,nan,nan
79.36,190.5218048095703,-180.87875366210938,-12.953407287597656,191.5623458469868,-181.15464899012326,-12.955395597419573,1.076497949809298,0.46041143928934,0.07308203372752478,3.620368681996418e-05,6.313383696399049,17.212034625855644,nan,0.5837005853022769,nan
79.37,190.51318359375,-180.88356018066406,-12.955158233642578,191.55372777121926,-181.15961523384905,-12.957239045580733,1.076542106669527,0.4604661111040717,0.07309548775541011,3.692105992915412e-05,6.294945623862692,17.82030155416469,nan,nan,nan
79.38,190.5045623779297,-180.888427734375,-12.956873893737793,191.54511502816194,-181.16462885362546,-12.959621480595581,1.076589255665373,0.46052087000785447,0.07310900557250948,3.614082698317198e-05,6.361261586528202,17.04032181491075,nan,0.2174039940080509,nan
79.39,190.49594116210938,-180.89334106445312,-12.958555221557617,191.53649808161947,-181.1696818943452,-12.961402580648851,1.0766294926573245,0.4605757163615068,0.0731225874538923,3.6857320205787615e-05,6.347361694366495,16.88056547381212,nan,nan,nan
79.4,190.48731994628906,-180.89825439453125,-12.960204124450684,191.50046906842636,-181.1757363240123,-12.961981534318884,1.0504620526520354,0.46050037503911406,0.07311728930275226,3.6059523704429955e-05,5.417992515584802,17.830052290952526,14.759698502964756,0.8572852521811113,nan
79.41,190.47869873046875,-180.90313720703125,-12.96181869506836,191.49181765310018,-181.1808397590492,-12.963685984921216,1.0504913829073321,0.4605549823146347,0.07313090955026713,3.67743329864133e-05,5.39875961907935,17.256098962492015,nan,nan,nan
79.42,190.47007751464844,-180.90794372558594,-12.963401794433594,191.48315448605103,-181.18587817902676,-12.963799603612715,1.050510670411229,0.46060967659918517,0.07314459380830772,3.600324382987342e-05,5.280982833165652,17.4271976504106,nan,1.6202948291318486,nan
79.43,190.46145629882812,-180.9126739501953,-12.964953422546387,191.47450431730456,-181.19085075178228,-12.965426067044342,1.0505469261641842,0.4606644582285726,0.07315834233382441,3.671734823838746e-05,5.255474664390756,17.104202579346765,nan,nan,nan
79.44,190.4528350830078,-180.9173126220703,-12.966474533081055,191.46584063773693,-181.19572812101708,-12.965209051964711,1.0505698669809094,0.46071932716184744,0.07317215516298894,3.5950073981134186e-05,5.266571468612229,17.26677879152819,nan,2.1975692190636225,nan
79.45,190.44422912597656,-180.92185974121094,-12.967965126037598,191.43639187551557,-181.18854330844445,-12.966758792631436,1.027379434213805,0.46064390266633753,0.07316692414842334,3.664103300983087e-05,5.364027251303477,17.438266492229054,7.597392206789892,nan,nan
79.46000000000001,190.43560791015625,-180.92633056640625,-12.969425201416016,191.4277083941691,-181.19322617876446,-12.968769721487378,1.0273738695959267,0.46069853219012097,0.07318077460203232,3.5878308026822274e-05,5.309218488737914,16.479146858009162,nan,0.16210307844485847,nan
79.47,190.42698669433594,-180.9307098388672,-12.970856666564941,191.41902147610801,-181.19781782081944,-12.970265667935431,1.027365578334974,0.4607532489543204,0.07319468952358146,3.6590342070116435e-05,5.279740356123339,16.576872130817012,nan,nan,nan
79.48,190.41836547851562,-180.93499755859375,-12.972259521484375,191.4103445974796,-181.20232937493157,-12.973070741751156,1.027370201322448,0.4608080529401225,0.07320866896490436,3.583107203725982e-05,5.261480596855241,16.759617127751785,nan,1.2030992988258349,nan
79.49,190.4097442626953,-180.93919372558594,-12.973634719848633,191.4016582144579,-181.206747638199,-12.974524754149156,1.0273651619638025,0.46086294445003606,0.07322271315951255,3.6542621866390885e-05,5.23760339089945,16.999964111439226,nan,nan,nan
79.5,190.40113830566406,-180.9433135986328,-12.974982261657715,191.37930394364932,-181.2137493018593,-12.974269540209868,1.014861563409796,0.4607874372251162,0.07321754414480426,3.576514461884049e-05,4.747332395761304,17.402252834052376,6.132081607322393,1.9974544134660845,nan
79.51,190.39251708984375,-180.94735717773438,-12.976303100585938,191.37060124034363,-181.21802760866842,-12.975654747698123,1.0148455586948022,0.4608420889863317,0.07323162519183975,3.6475392840418566e-05,4.719403195755991,16.722063105402228,nan,nan,nan
79.52,190.38389587402344,-180.95130920410156,-12.977598190307617,191.36189394255962,-181.2222210463989,-12.976326869411954,1.0148276033958918,0.46089682788528097,0.0732457709701875,3.5723421201129296e-05,4.727563040463454,17.221968909507915,nan,0.3201005200392908,nan
79.53,190.37527465820312,-180.95518493652344,-12.978866577148438,191.35319122923326,-181.22633823475707,-12.977654774600882,1.0148134801547166,0.4609516542049666,0.0732599816999079,3.6433318578033164e-05,4.69741951167939,17.087401312244324,nan,nan,nan
79.54,190.36666870117188,-180.958984375,-12.980110168457031,191.34449844550034,-181.23038473966704,-12.980480778119476,1.0147952030761618,0.4610065679559299,0.07327425745298506,3.568429843482198e-05,4.635677605134595,17.283015851422743,nan,1.5735654848224867,nan
79.55,190.35804748535156,-180.96270751953125,-12.981328964233398,191.3276469318202,-181.23391851036388,-12.98192200002914,1.0068161896950976,0.46093097876478767,0.07326914545409192,3.63716271527813e-05,4.462072649006867,17.152571817549273,1.8361187220745574,nan,nan
79.56,190.34942626953125,-180.96636962890625,-12.982522964477539,191.31893352459608,-181.23781403517307,-12.983375290421277,1.0067904994468297,0.46098565244068784,0.0732834572723791,3.562629508428861e-05,4.449136350863394,16.513203685784212,nan,0.02193926537513215,nan
79.57000000000001,190.34080505371094,-180.96994018554688,-12.98369312286377,191.31021858514853,-181.24163525287418,-12.984627706117129,1.0067679365127566,0.4610404134343673,0.07329783423722852,3.633477867117956e-05,4.428460917386098,17.370789858258725,nan,nan,nan
79.58,190.3321990966797,-180.97344970703125,-12.984840393066406,191.30151722757716,-181.24539467133962,-12.98813494605643,1.0067485071151911,0.46109526177349125,0.07331227643210855,3.559209482784032e-05,4.685396346669878,17.45279586817866,nan,3.539513578016436,nan
79.59,190.32357788085938,-180.9768829345703,-12.98596477508545,191.29280134972808,-181.24907347704587,-12.989364944363643,1.0067240859193467,0.46115019771530796,0.0733267840598796,3.630039198850136e-05,4.6751771599774905,17.382917561413525,nan,nan,nan
79.60000000000001,190.31495666503906,-180.98025512695312,-12.987067222595215,191.25985785643584,-181.24635932333194,-12.990759937012694,0.9816635579327788,0.4610745270423305,0.0733217239150487,3.553890145848547e-05,4.489133675197914,17.217985072098163,5.550064971775,0.08001624326621616,nan
79.61,190.30633544921875,-180.98355102539062,-12.988146781921387,191.2511028203997,-181.24989932050107,-12.991947184800296,0.9816013666547312,0.4611292225773143,0.07333626679343487,3.6246182279764984e-05,4.480717312640151,17.65799258310704,nan,nan,nan
79.62,190.29771423339844,-180.98692321777344,-12.989313125610352,191.2423519541834,-181.2534398143241,-12.993996061527008,0.9815260820047249,0.4611840053705123,0.07335087510414916,3.550924231634417e-05,4.680227339027275,17.127574182226738,nan,0.47063543092432325,nan
79.63,190.28909301757812,-180.99034118652344,-12.990565299987793,191.233595847374,-181.25703786811297,-12.995311703673623,0.9814454869279517,0.4612388756642183,0.07336554904032606,3.6216436039643107e-05,4.664563727741009,17.812001555989163,nan,nan,nan
79.64,190.2804718017578,-180.9938201904297,-12.991902351379395,191.22482970054006,-181.26068941860262,-12.994988673649047,0.9813462953123046,0.46129383350860037,0.07338028870001705,3.54817208985964e-05,4.291015588202544,17.37183974139218,nan,2.0433210146732668,nan
79.65,190.2718505859375,-180.9973602294922,-12.99332332611084,191.2462331516346,-181.27344961998367,-12.996518874348785,1.0127472277942728,0.46121808206553616,0.07337527534369531,3.616674662948945e-05,4.529998503068789,17.076026648381035,7.174748158966578,nan,nan
79.66,190.2632293701172,-181.00096130371094,-12.994826316833496,191.23752333704323,-181.27723284813914,-12.99782337021795,1.0127110558190882,0.461272799181857,0.07339004942315111,3.543500024233028e-05,4.481487407752296,16.931201763767536,nan,0.04351567676429129,nan
79.67,190.25460815429688,-181.00462341308594,-12.996411323547363,191.22881458369005,-181.28107512029345,-12.999459980907774,1.0126761613668283,0.4613276036967517,0.07340488931760726,3.6141264389108e-05,4.465769350722627,16.73619371600084,nan,nan,nan
79.68,190.24598693847656,-181.0083465576172,-12.998077392578125,191.2201020672272,-181.284972347729,-13.000495735322996,1.012634168985764,0.4613824956733891,0.07341979513328915,3.54114906503605e-05,4.354647208110794,16.41973147059437,nan,0.3216344283929873,nan
79.69,190.23736572265625,-181.01211547851562,-12.999823570251465,191.21139294345664,-181.2889286801635,-13.002289023407421,1.0126009351792817,0.4614374753345127,0.07343476705107904,3.611778644394259e-05,4.338340410107809,16.88936990840235,nan,nan,nan
79.7,190.22874450683594,-181.0159454345703,-13.00164794921875,191.18906858646292,-181.23934680591412,-13.004076508271694,0.9859697807381252,0.46135852387360765,0.07213392924626692,3.536860850245277e-05,8.722876465411842,20.571392410577243,11.403470722905109,0.06559467810629216,1.2676557410521465
79.71000000000001,190.22012329101562,-181.0198211669922,-13.00355052947998,191.18035381119952,-181.2433057832706,-13.006030915028678,0.9858976508331007,0.46141318047180263,0.07214455143621515,3.607409351158455e-05,8.688182990081582,20.957515350012745,nan,nan,nan
79.72,190.2115020751953,-181.0237579345703,-13.00553035736084,191.17163966811043,-181.24732108063716,-13.008236681118522,0.9858255432866535,0.46146792338259396,0.07215523219120051,3.534877345824584e-05,8.687098616258513,20.65534368637642,nan,0.02065402186877786,nan
79.73,190.202880859375,-181.02774047851562,-13.007586479187012,191.16292477313502,-181.2513884413542,-13.010349086869516,0.9857537013020585,0.4615227528075597,0.07216597198275163,3.605436211808471e-05,8.653305143034178,20.98547770994655,nan,nan,nan
79.74,190.1942596435547,-181.0317840576172,-13.009718894958496,191.1542125687558,-181.25551567865364,-13.013160330351726,0.9856862078427164,0.46157766883653095,0.07217677063675475,3.5330663225118734e-05,8.739409726445196,20.691672960155636,nan,0.2680405809163809,nan
79.75,190.18563842773438,-181.035888671875,-13.011924743652344,191.09014794778642,-181.24091750727737,-13.015388736692698,0.9274622873513607,0.461502093065924,0.07217007880718972,3.601435033940135e-05,8.267507383162572,20.800424136611866,24.21091647006018,nan,nan
79.76,190.17701721191406,-181.0400390625,-13.014204025268555,191.08134288468202,-181.24511935117147,-13.017479579528514,0.9272936840529509,0.46155677135297085,0.07218092230223813,3.529302719320327e-05,8.201187593682839,21.002268101207044,nan,0.04498239336822024,nan
79.77,190.16839599609375,-181.0442352294922,-13.01655387878418,191.07253924318738,-181.24937540577272,-13.019895067972852,0.9271292610712999,0.4616115360643345,0.07219182507873478,3.599803213539686e-05,8.169845865434384,21.185270654817327,nan,nan,nan
79.78,190.15977478027344,-181.04847717285156,-13.018914222717285,191.06373293678945,-181.25367472693398,-13.02158112103015,0.92695927487665,0.4616663872982857,0.07220278699547729,3.527812367741738e-05,8.023671423562682,21.24213253092665,nan,0.41273221504745433,nan
79.79,190.15115356445312,-181.0527801513672,-13.021256446838379,191.05492989618787,-181.25803161193537,-13.0240278476971,0.9267942061385609,0.46172132524343074,0.07221380847488772,3.598331456461381e-05,7.998974807794881,20.709041572818563,nan,nan,nan
79.8,190.1425323486328,-181.05712890625,-13.023567199707031,191.05546241176305,-181.27126815423742,-13.02647929199788,0.937712854757307,0.46164566861460515,0.07220724273052416,3.667994836352601e-05,7.601651668036657,20.899150589698905,7.096476541960763,nan,nan
79.81,190.1339111328125,-181.0615234375,-13.025838851928711,191.046682013661,-181.27575694164386,-13.028868336832408,0.9375797848724713,0.4617003684682909,0.07221830862644335,3.7413038362254226e-05,7.579187791171827,21.01584793752413,nan,nan,nan
79.82000000000001,190.12530517578125,-181.06597900390625,-13.028069496154785,191.03790821842955,-181.28031076526062,-13.032984788547628,0.9374468398130689,0.4617551547605362,0.07222943392510184,3.660850661067641e-05,7.957919184424176,21.167522393267816,nan,2.01009311098461,nan
79.83,190.11668395996094,-181.07046508789062,-13.030257225036621,191.02912853732246,-181.28489627176916,-13.035311230959676,0.9373160525414431,0.4618100276758912,0.07224061903949912,3.734009425632602e-05,7.945433151129222,21.523338529202405,nan,nan,nan
79.84,190.10806274414062,-181.07501220703125,-13.032402038574219,191.02034927423887,-181.28952890588533,-13.037549250562734,0.9371822772957243,0.4618649873206953,0.07225186385342566,3.653997426184467e-05,7.951117452719458,20.864427139594138,nan,0.001415490209234469,nan
79.85000000000001,190.0994415283203,-181.07960510253906,-13.034504890441895,190.9952928191036,-181.29013549232383,-13.039874453326325,0.920272466406877,0.4617892504228153,0.07224541987604895,3.724657602432667e-05,7.741714464442071,21.142792371253574,2.431819490995119,nan,nan
79.86,190.09083557128906,-181.084228515625,-13.036565780639648,190.98648864605713,-181.29485896780758,-13.041597414904993,0.9201005027014745,0.4618439716332442,0.07225670866979651,3.645170775329535e-05,7.625420109049172,22.150170320044225,nan,0.1501250460237989,nan
79.87,190.08221435546875,-181.0889129638672,-13.038586616516113,190.9776865729457,-181.29963240185214,-13.04375601693252,0.9199455943252397,0.461898779376747,0.07226805751781457,3.717965555941115e-05,7.614770827595871,20.9117688926683,nan,nan,nan
79.88,190.07359313964844,-181.09364318847656,-13.040566444396973,190.96889006831512,-181.3044649048089,-13.047497659967888,0.9198099957635785,0.46195367376623153,0.07227946633404268,3.6388881650713154e-05,8.181650577064433,21.434042108569077,nan,1.7170129534818548,nan
79.89,190.0649871826172,-181.09840393066406,-13.042506217956543,190.96008911406696,-181.3093282863066,-13.049593979502236,0.9196449248770201,0.4620086549761553,0.07229093548646462,3.7115607527162e-05,8.178939674728133,22.4671051380425,nan,nan,nan
79.9,190.05636596679688,-181.10321044921875,-13.044407844543457,190.9447831618377,-181.30947674132906,-13.052204973237814,0.9120809673055513,0.46193283838085303,0.07228460877902591,3.6306398507844e-05,8.623423931828352,22.16275532401714,1.673304473849975,0.22582234325324999,nan
79.91,190.04774475097656,-181.1080780029297,-13.046272277832031,190.93596989951604,-181.31441242333463,-13.054231061185652,0.9119107137073716,0.46198758081341107,0.07229612143262636,3.703107664572005e-05,8.62566498415949,21.297179761562298,nan,nan,nan
79.92,190.0391387939453,-181.11297607421875,-13.04809856414795,190.92715610990584,-181.319388036355,-13.055823417401204,0.9117238205270601,0.4620424098074797,0.07230769431793126,3.6249005913753494e-05,8.526312541217884,22.15625535721811,nan,0.10374532402734288,nan
79.93,190.030517578125,-181.117919921875,-13.049888610839844,190.91834405165292,-181.324409400968,-13.057773335233346,0.9115568665485909,0.462097325532087,0.0723193277761631,3.697263712565019e-05,8.527497207083583,21.522392961728723,nan,nan,nan
79.94,190.02191162109375,-181.12289428710938,-13.051643371582031,190.90953481842143,-181.32947914761309,-13.060493637566656,0.9113893636813838,0.46215232810849505,0.07233102176124297,3.61942038448643e-05,8.974829093559967,22.851231625918928,nan,0.42766032441520085,nan
79.95,190.0133056640625,-181.12791442871094,-13.053362846374512,190.9115392487289,-181.3326322554819,-13.06230177058409,0.9213104067503557,0.4620764324243422,0.07232480807098018,3.68937672870243e-05,9.465408536031228,22.232612780801798,5.4300498063320575,nan,nan
79.96000000000001,190.0046844482422,-181.1329803466797,-13.055047988891602,190.90274106770073,-181.33775552291058,-13.064316642824094,0.9211538810098029,0.4621311958859582,0.07233654506552883,3.611978565208758e-05,9.644162055796503,21.73245208585996,nan,0.017295130429640367,nan
79.97,189.99607849121094,-181.13809204101562,-13.056699752807617,190.89394318125116,-181.3429180829419,-13.066138587582708,0.9209798047048172,0.4621860459880423,0.0723483428671621,3.684064771250649e-05,9.65025093256456,21.846122692192772,nan,nan,nan
79.98,189.9874725341797,-181.1432342529297,-13.058318138122559,190.8851440052024,-181.34811159692873,-13.067080300348293,0.9207961617312698,0.4622409828563099,0.07236020145346299,3.60700194821179e-05,9.326354264615919,21.631970317281613,nan,0.47742951320133864,nan
79.99,189.97885131835938,-181.14833068847656,-13.059905052185059,190.8763476906262,-181.35331125720737,-13.068829869744889,0.9206500009003415,0.4622960066529453,0.07237212113030511,3.679006103249559e-05,9.325974758254372,21.65251646430564,nan,nan,nan
80.0,189.97024536132812,-181.15338134765625,-13.0614595413208,190.84644474900438,-181.35054046358425,-13.067184038917443,0.8981257449992645,0.46222003243605325,0.07236601574744367,3.600066101283363e-05,7.948476347902138,20.10844371347741,3.879413862928374,7.7380068908751936,nan
80.01,189.96163940429688,-181.1583251953125,-13.062983512878418,190.83761457759582,-181.35560176339354,-13.068839486380677,0.8979336506533203,0.4622748167814047,0.07237797790373969,3.671905153392322e-05,7.933062954935325,21.059336951511515,nan,nan,nan
80.02,189.95303344726562,-181.16319274902344,-13.06447696685791,190.8287899875561,-181.36059267421504,-13.072831907566224,0.8977672601300515,0.4623296878064353,0.07239000109756784,3.595565687368451e-05,8.902519448109961,21.395412001924726,nan,3.743178287165557,nan
80.03,189.94442749023438,-181.16796875,-13.065939903259277,190.81996074832026,-181.36547614289577,-13.074452201472175,0.8975745737730251,0.46238464566972043,0.07240208561398387,3.6673367917066414e-05,8.899047961177072,21.332180165393556,nan,nan,nan
80.04,189.93582153320312,-181.1726531982422,-13.067375183105469,190.81113068085128,-181.37026304103836,-13.075432449633242,0.8973743218247121,0.462439690502531,0.07241423146169178,3.591291923728473e-05,8.693389505826994,20.990525131576707,nan,0.2506500212859189,nan
80.05,189.92721557617188,-181.17723083496094,-13.068780899047852,190.79300051810517,-181.36916143004254,-13.076908623626302,0.8868410110688649,0.46236363834244376,0.07240822994381334,3.660726685209536e-05,8.796358221996805,21.654147905994066,2.3302662617145544,nan,nan
80.06,189.91860961914062,-181.18173217773438,-13.070158958435059,190.78415343736233,-181.37374829988678,-13.077936505833096,0.8866209915582836,0.4624184433921618,0.07242041772560007,3.5850562838621213e-05,8.641858432607835,20.822214814873693,nan,0.16888179298020536,nan
80.07000000000001,189.9099884033203,-181.18614196777344,-13.07150936126709,190.77530742063195,-181.37824808769648,-13.079433741206566,0.8864223366039932,0.4624733351897495,0.07243266705925391,3.6566202303351156e-05,8.63526840425006,20.436675534570828,nan,nan,nan
80.08,189.90138244628906,-181.19046020507812,-13.072833061218262,190.76646259421898,-181.3826634512304,-13.081581665791886,0.8862179688180009,0.46252831386937066,0.07244497797170987,3.5812193803372387e-05,9.018022604772227,21.381163758066155,nan,0.30876410725433195,nan
80.09,189.8927764892578,-181.1947021484375,-13.074130058288574,190.75761643944543,-181.38698773209396,-13.0830338630055,0.886002913573685,0.4625833795851541,0.07245735072077268,3.6527333238948586e-05,9.015035256070664,20.957763756503788,nan,nan,nan
80.10000000000001,189.88417053222656,-181.19883728027344,-13.075401306152344,190.75186145309235,-181.3896170769265,-13.083423630525049,0.8884530503365021,0.462507250039682,0.07245144828669657,3.575419243060005e-05,8.840644484198544,21.346043489522536,1.7555358500943925,0.5494598198808884,nan
80.11,189.8755645751953,-181.20291137695312,-13.07664680480957,190.7430172523705,-181.3937608411316,-13.084814469859001,0.8882366665860858,0.46256207564219337,0.0724638623896769,3.646799529229732e-05,8.834086084820761,20.418578928610657,nan,nan,nan
80.12,189.86695861816406,-181.20689392089844,-13.077868461608887,190.73417325646304,-181.39782422836493,-13.086462274884957,0.8880255991895131,0.4626169880384518,0.07247633831422516,3.5719925882464774e-05,9.035983544231646,20.999713763870172,nan,0.053522439909325314,nan
80.13,189.8583526611328,-181.21080017089844,-13.079065322875977,190.72532844316214,-181.40180575381697,-13.087808287850773,0.8878099902388831,0.4626719873803062,0.0724888763022748,3.6433340476527846e-05,9.030566614813617,20.86768589979292,nan,nan,nan
80.14,189.84974670410156,-181.21463012695312,-13.080238342285156,190.71648195097578,-181.40570405152948,-13.088269290693951,0.8875830828488456,0.4627270738054319,0.07250147640450263,3.568760842242292e-05,8.70418042871004,20.466492066194522,nan,0.5041316518817186,nan
80.15,189.8411407470703,-181.2183837890625,-13.081387519836426,190.72823185797844,-181.4105646099567,-13.089570994658917,0.9077064923376736,0.4626508674491361,0.07249566844935416,3.637818994929334e-05,9.314460257221347,20.10962996925124,6.648094836745594,nan,nan
80.16,189.83253479003906,-181.22206115722656,-13.082513809204102,190.71940809936257,-181.41427384362802,-13.086874571721767,0.9074739664882003,0.46270571343484157,0.07250830930822093,3.563558616500917e-05,7.971670766985534,18.824867700603516,nan,10.707826103777014,nan
80.17,189.82391357421875,-181.2256622314453,-13.0836181640625,190.710589464928,-181.4179301121218,-13.08808365570529,0.9072932346934456,0.46276064627522673,0.07252101245455037,3.634747790304915e-05,7.95166500289228,18.482898702773706,nan,nan,nan
80.18,189.8153076171875,-181.2293243408203,-13.084809303283691,190.70177024965446,-181.42157788996008,-13.089202438882715,0.9070814327046262,0.4628156661097339,0.07253377795275945,3.560699388905405e-05,7.914966338656071,18.747653842358133,nan,0.010377593010944566,nan
80.19,189.80670166015625,-181.23304748535156,-13.086085319519043,190.69295062479299,-181.42528379485225,-13.090530244688392,0.9068692206541633,0.4628707730874957,0.07254660602423099,3.6318636617621175e-05,7.887222454281069,18.596291822748025,nan,nan,nan
80.2,189.798095703125,-181.23681640625,-13.087445259094238,190.68043251454765,-181.4287099445442,-13.0915235803066,0.9029717667427182,0.46279449047654975,0.07254088769664546,3.5558658680688525e-05,7.699017931913789,19.020435872327745,0.19387755144226135,0.1325777356066209,nan
80.21000000000001,189.7894744873047,-181.2406463623047,-13.088889122009277,190.67160700525392,-181.43253138691932,-13.093018218799818,0.9027705640610544,0.46284935669086413,0.07255375589574875,3.626920931271651e-05,7.671909212785515,18.348260769099458,nan,nan,nan
80.22,189.78086853027344,-181.24453735351562,-13.090415000915527,190.662782199036,-181.43641144838594,-13.095301222269969,0.9025581768460542,0.4629043098094297,0.07256668667988041,3.553354004984094e-05,7.844358179911855,18.722731111793728,nan,0.3397572626571006,nan
80.23,189.7722625732422,-181.24847412109375,-13.092022895812988,190.65395645236532,-181.44034287294048,-13.096969848053094,0.9023426105171393,0.46295934998004534,0.07257968025861317,3.624392862337445e-05,7.81774931432882,19.03403541870563,nan,nan,nan
80.24,189.76365661621094,-181.25247192382812,-13.093710899353027,190.64512999893623,-181.44432653252838,-13.098305688075145,0.9021222907212154,0.46301447734420914,0.07259273671404348,3.551006876997394e-05,7.707793991838393,18.66904590668157,nan,0.11803069458749484,nan
80.25,189.75503540039062,-181.2565155029297,-13.095479011535645,190.64407107247163,-181.45013985083364,-13.099950364027167,0.9098872497880502,0.46293811904113363,0.07258710327139366,3.619801487615629e-05,7.77014956805424,18.296633623088436,1.9887527104634575,nan,nan
80.26,189.74642944335938,-181.2606201171875,-13.097325325012207,190.63525421851287,-181.45421838717155,-13.099003573273182,0.909666195691971,0.46299300532138044,0.07260019920704848,3.5466753265884525e-05,7.26826871080233,17.892212567504213,nan,5.586925477451971,nan
80.27,189.73782348632812,-181.2647705078125,-13.099248886108398,190.6264399111369,-181.45836145712468,-13.100958961777797,0.9094611209141044,0.46304797856206353,0.07261335815556832,3.617604176388192e-05,7.240386296533868,18.123746258970293,nan,nan,nan
80.28,189.7292022705078,-181.26898193359375,-13.101250648498535,190.61762350492413,-181.46254502603844,-13.100341412681221,0.9092633211717766,0.46310303890565846,0.0726265802091316,3.544640344821607e-05,7.154880622517159,17.232066984106158,nan,4.836590758161458,nan
80.29,189.72059631347656,-181.27322387695312,-13.103327751159668,190.60880928179486,-181.46679064625712,-13.102426200156364,0.9090606052743698,0.4631581864984612,0.07263986556222188,3.615563533583108e-05,7.124193753593125,18.43376845744261,nan,nan,nan
80.3,189.7119903564453,-181.27752685546875,-13.10547924041748,190.59166196027763,-181.46497233640827,-13.106353361307693,0.8994213156251665,0.4630817530554357,0.07263431208620481,3.540615691745957e-05,7.29104960130371,18.13326980891279,2.350371570304322,2.2660794671072106,nan
80.31,189.70338439941406,-181.28189086914062,-13.107706069946289,190.58283145427998,-181.46929928083478,-13.108607481695703,0.899193998884116,0.4631366592463076,0.07264763624303316,3.611448261896829e-05,7.2639181855856565,17.639986868289217,nan,nan,nan
80.32000000000001,189.69476318359375,-181.28628540039062,-13.110005378723145,190.57400079976395,-181.4736741237149,-13.1106143829722,0.8989848108861069,0.4631916524487906,0.07266102372887215,3.5388696572566826e-05,7.223090201421479,17.92301401608522,nan,0.0715538655409295,nan
80.33,189.6861572265625,-181.29074096679688,-13.112373352050781,190.5651704773547,-181.47809881718072,-13.113011597489932,0.8987589590796797,0.4632467328084984,0.07267447472967496,3.6097031950857674e-05,7.195635300830743,17.80641008775949,nan,nan,nan
80.34,189.67755126953125,-181.29522705078125,-13.114750862121582,190.55634041657635,-181.4825714056817,-13.115449009338139,0.8985370107496159,0.46330190046937253,0.07268798936924464,3.6819725970129065e-05,7.168197753970426,18.461146378178377,nan,nan,nan
80.35000000000001,189.6689453125,-181.29977416992188,-13.117110252380371,190.50183013310615,-181.47453436199987,-13.117846313739818,0.8510222035397245,0.46322539243897776,0.07268251100194058,3.7532896247110956e-05,6.628819736605359,18.73395648417793,15.92342149733361,nan,nan
80.36,189.66033935546875,-181.3043670654297,-13.119437217712402,190.49292917088727,-181.4790981628055,-13.120998514646104,0.850728625812552,0.4632803183826831,0.07269606372926565,3.6721734073921396e-05,6.652497198254013,18.771649444730322,nan,0.35346912901446764,nan
80.37,189.65171813964844,-181.3090057373047,-13.121725082397461,190.48402799436764,-181.4837057229298,-13.123380213869705,0.8504484221281754,0.46333533139120603,0.07270968018523387,3.745630611498428e-05,6.6315406383121545,18.29142693137251,nan,nan,nan
80.38,189.6431121826172,-181.31369018554688,-13.123970985412598,190.4751263527638,-181.48835156203646,-13.123414270118317,0.850149684287362,0.4633904316084692,0.07272336047923232,3.664969050275981e-05,6.5388190282401375,18.60526112525664,nan,3.423642564203636,nan
80.39,189.63450622558594,-181.31842041015625,-13.126173973083496,190.46622610962206,-181.493050140163,-13.125691804419366,0.8498551291778547,0.46344561917944627,0.07273710478907627,3.738266999920752e-05,6.508729912717194,18.532463409417375,nan,nan,nan
80.4,189.6259002685547,-181.3231964111328,-13.128334045410156,190.46483724730766,-181.49571832004648,-13.127366182633804,0.8564928488508987,0.4633690371082308,0.07273169654901888,3.65577062651861e-05,6.888896323798159,18.3170520852541,2.4914623587611584,0.19813729347726422,nan
80.41,189.61729431152344,-181.3280029296875,-13.130451202392578,190.4559463801584,-181.50048730723444,-13.129554268722517,0.8562061417751308,0.4634239826503612,0.07274547824430493,3.728827022884966e-05,6.856342788475622,18.769102695692684,nan,nan,nan
80.42,189.6086883544922,-181.33287048339844,-13.132526397705078,190.44705607804465,-181.5053016023626,-13.132296063755295,0.855916458385693,0.4634790153086306,0.07275932399305407,3.6491299149378446e-05,6.809090167309185,18.053809887623046,nan,0.2296624150323768,nan
80.43,189.60008239746094,-181.3377685546875,-13.134560585021973,190.4381660663794,-181.51015732374864,-13.13440785792229,0.8556296787348074,0.4635341352277388,0.07277323396663792,3.7220473118395006e-05,6.7803675121620754,18.450770741920223,nan,nan,nan
80.44,189.5914764404297,-181.34271240234375,-13.136554718017578,190.42927636749044,-181.51505385637745,-13.135851709981296,0.8553424979397196,0.4635893425520333,0.07278720828410777,3.642759232504374e-05,6.765771837486634,18.271489359092715,nan,0.2566247068317427,nan
80.45,189.58287048339844,-181.3477020263672,-13.138507843017578,190.39794999354214,-181.50297025578786,-13.13780236930375,0.8297369032510796,0.46351268698407627,0.0727818652206928,3.7132036232287755e-05,7.276071426561543,18.81465677930282,16.953421291326187,nan,nan
80.46000000000001,189.57427978515625,-181.35272216796875,-13.140422821044922,190.38901698437866,-181.5078986780254,-13.139217397838978,0.8293840522431345,0.4635676519703919,0.0727958761813952,3.634408793927888e-05,7.274202409821416,19.616693736663247,nan,0.21381075481332504,nan
80.47,189.565673828125,-181.3577880859375,-13.14229965209961,190.38008444448252,-181.51286940529155,-13.141160967328553,0.8290453330496697,0.46362270412418827,0.07280995157268057,3.706983712743465e-05,7.241729833278548,18.90342551110999,nan,nan,nan
80.48,189.55706787109375,-181.36289978027344,-13.144139289855957,190.37115236498875,-181.51787700208806,-13.141598889733846,0.8287086074818028,0.4636778435899344,0.07282409151885579,3.628569034325039e-05,7.357645749361409,18.814133879760803,nan,1.4152059859870096,nan
80.49,189.5484619140625,-181.3680419921875,-13.145941734313965,190.36222104611335,-181.5229283273956,-13.14345498718699,0.8283718281916734,0.46373307051214274,0.07283829618341486,3.701031521508311e-05,7.319350107016822,19.085962883403553,nan,nan,nan
80.5,189.5398712158203,-181.37322998046875,-13.147708892822266,190.38768640134117,-181.53443585605163,-13.146040816371933,0.8630067818976013,0.46365634198738487,0.07283301325898327,3.6207577137148816e-05,7.844187590133804,18.580234943683436,11.191729381158021,0.23991812349660063,nan
80.51,189.53126525878906,-181.3784637451172,-13.149439811706543,190.37880812497943,-181.53955703379634,-13.147836448378147,0.8627181048648564,0.46371132626527034,0.07284725379955967,3.6930252331996186e-05,7.810761764162771,17.921847050305548,nan,nan,nan
80.52,189.5226593017578,-181.38372802734375,-13.15113639831543,190.36993063009191,-181.54471309695697,-13.147754357773124,0.8624362786047655,0.46376639776128215,0.07286155910191408,3.615425081347379e-05,8.030813535882277,18.385207056948975,nan,2.247103022173569,nan
80.53,189.51406860351562,-181.3890380859375,-13.152799606323242,190.36105368876468,-181.54991161648013,-13.149464781016963,0.8621340664440947,0.463821556619928,0.07287592932531452,3.6875967921460066e-05,7.989493533776702,18.516534506782538,nan,nan,nan
80.54,189.50546264648438,-181.39437866210938,-13.15442943572998,190.35217729391266,-181.55514892951592,-13.151572229407678,0.8618473975591893,0.46387680298568673,0.07289036460041284,3.610334850231264e-05,7.887560083542079,18.203206659613507,nan,0.12234204663520666,nan
80.55,189.4968719482422,-181.39974975585938,-13.156026840209961,190.35026148183857,-181.56220434124364,-13.153077932497235,0.8687196811520548,0.4638000020405872,0.07288513678690539,3.6801199353239566e-05,7.979579622280916,18.657711216885772,1.2769804284404445,nan,nan
80.56,189.48826599121094,-181.4051055908203,-13.1575927734375,190.34139719599037,-181.56748451823282,-13.155708263055136,0.8684488010328638,0.4638550054585156,0.07289960715100316,3.603277787655325e-05,7.8137013522444265,17.59103673820851,nan,0.6845719704840978,nan
80.57000000000001,189.47967529296875,-181.41038513183594,-13.159127235412598,190.3325336454204,-181.5727147613749,-13.157303845937765,0.8681714132139873,0.4639100961447444,0.0729141426354717,3.6751895997366675e-05,7.775004549739172,18.28779356789913,nan,nan,nan
80.58,189.4710693359375,-181.4155731201172,-13.16063117980957,190.32367051793736,-181.5778679290546,-13.15843600017176,0.8679131289300971,0.4639652742436724,0.07292874337431116,3.598659471888615e-05,7.787347512996385,18.059125320396443,nan,0.1254128620173988,nan
80.59,189.4624786376953,-181.42068481445312,-13.162104606628418,190.31480763284415,-181.58293249090383,-13.159968061060852,0.8676367842087164,0.46402053989993,0.07294340952176617,3.670496963094091e-05,7.747330882154023,17.907478561953155,nan,nan,nan
80.60000000000001,189.45388793945312,-181.42568969726562,-13.163549423217773,190.3019673792764,-181.5913264776027,-13.161112149668236,0.8641066019616644,0.4639436670672289,0.07293823173431009,3.5920770726664844e-05,7.4025615776913245,18.173108206838954,2.4983074936131313,0.05221594074677813,nan
80.61,189.44528198242188,-181.43060302734375,-13.16496467590332,190.29310223801892,-181.596218159274,-13.1625829536316,0.8638479208320694,0.4639986894749968,0.07295293216053404,3.663757228370603e-05,7.361955895469178,17.53046668707056,nan,nan,nan
80.62,189.4366912841797,-181.43540954589844,-13.166352272033691,190.28423719877512,-181.6010134411846,-13.164279205425188,0.8635757205286129,0.46405379920048984,0.07296769803982707,3.5879059691341645e-05,7.2958093558860755,18.235672714001126,nan,0.042946116519263694,nan
80.63,189.4281005859375,-181.44012451171875,-13.167712211608887,190.27537226986846,-181.6057124942315,-13.165698156061003,0.8633033897556488,0.46410899638847847,0.07298252952383737,3.659525217779107e-05,7.256223872309768,18.074966193061588,nan,nan,nan
80.64,189.41949462890625,-181.4447479248047,-13.169044494628906,190.2665076533926,-181.61031606459292,-13.166302305956341,0.8630477345785577,0.4641642811831479,0.07299742675046884,3.583948152687442e-05,7.32534422937131,17.669170965520127,nan,0.4183196243221527,nan
80.65,189.41090393066406,-181.44927978515625,-13.170351028442383,190.28271646938194,-181.61751249784044,-13.167643097163259,0.8879001527055845,0.46408733699227656,0.07299229390077337,3.653246972379776e-05,7.889369328276437,17.65248104033846,6.554383621763019,nan,nan
80.66,189.40231323242188,-181.45372009277344,-13.171630859375,190.27388789528501,-181.62191995236194,-13.16985620943744,0.8876580057054554,0.46414237824053095,0.0730072245761496,3.578024095258998e-05,7.746574195123907,17.585741842202324,nan,0.5224439442126868,nan
80.67,189.3937225341797,-181.4580841064453,-13.17288589477539,190.2650595212575,-181.62623683060548,-13.171173547354476,0.887415582366028,0.4641975068559276,0.07302222104893934,3.649449676621092e-05,7.709874630002806,17.14510426241017,nan,nan,nan
80.68,189.38511657714844,-181.46234130859375,-13.174115180969238,190.25623217210665,-181.63046271941806,-13.169756121166772,0.8872013243674283,0.46425272298247333,0.07303728345901137,3.5744776777755e-05,8.131317999265452,17.833821052702245,nan,4.969807418971569,nan
80.69,189.37652587890625,-181.46652221679688,-13.175320625305176,190.24740348094227,-181.63460579093413,-13.170998775446947,0.886960294494041,0.4643080267652127,0.07305241195506271,3.6458593870123104e-05,8.082603844283803,17.905188284752814,nan,nan,nan
80.7,189.36793518066406,-181.4706268310547,-13.176501274108887,190.32660656716868,-181.64741330978333,-13.17240916047334,0.9748441063872565,0.4576834231829354,0.07302077737208948,3.5689637122289405e-05,14.177065218884042,23.46135682813349,9.33881969825242,0.0857310006806358,0.6409064406611716
80.71000000000001,189.3593292236328,-181.47463989257812,-13.177659034729004,190.31784051798076,-181.65137308137668,-13.173606065681359,0.9746768428425775,0.45773406717909365,0.0730353140439067,3.6402179169566405e-05,14.110826695815447,23.362188299432336,nan,nan,nan
80.72,189.35073852539062,-181.47857666015625,-13.178793907165527,190.3090716600923,-181.65525264485615,-13.175401720760433,0.9744887416309116,0.4577847970791471,0.07304990958312557,3.565804179890951e-05,13.93388730897004,23.47529039006321,nan,0.26211494178369676,nan
80.73,189.34213256835938,-181.48257446289062,-13.180013656616211,190.3003049141517,-181.65911838339747,-13.176615045203974,0.9743067025678395,0.4578356130734039,0.07306456413842831,3.6370251435077944e-05,13.88993590102676,22.916332279482177,nan,nan,nan
80.74,189.3335418701172,-181.4866180419922,-13.181319236755371,190.29153534061348,-181.66303829763436,-13.17854408890818,0.9741064097725414,0.45788651526041946,0.07307927785048438,3.562828759913146e-05,13.748078686158468,23.43144035984838,nan,0.2695982014496585,nan
80.75,189.324951171875,-181.49070739746094,-13.182708740234375,190.28043242647772,-181.66531505650985,-13.179798478282592,0.9713087728010861,0.4578219340086849,0.0730740241132713,3.6317790043593586e-05,13.828925333892348,23.697212226068192,1.0145798032909128,nan,nan
80.76,189.31634521484375,-181.49485778808594,-13.184181213378906,190.2716609402727,-181.6693341693866,-13.181383362036707,0.9711220164612495,0.45787261877851165,0.07308876341953287,3.557879165133106e-05,13.77658794168904,23.012373391043994,nan,0.008490705496493594,nan
80.77,189.30775451660156,-181.49905395507812,-13.185736656188965,190.26288968563912,-181.67340476938938,-13.182941462177604,0.970921835521773,0.4579233895622842,0.07310356200034263,3.6289585462217895e-05,13.731356567368092,23.561427388138135,nan,nan,nan
80.78,189.2991485595703,-181.50331115722656,-13.187372207641602,190.25411876676904,-181.67752639228652,-13.184421504473368,0.9707356753583151,0.457974246458394,0.0731184199976141,3.555255667854164e-05,13.72240994688101,22.935355682942923,nan,0.01765979929765581,nan
80.79,189.29055786132812,-181.5076141357422,-13.189087867736816,190.24534696872587,-181.68169877633326,-13.186142413047577,0.9705340681286933,0.45802518965750993,0.07313333755816413,3.626315011894927e-05,13.676969690367269,23.48533328905729,nan,nan,nan
80.8,189.28195190429688,-181.511962890625,-13.190882682800293,190.25057057087218,-181.69331692875565,-13.188879483585756,0.9854518867968732,0.45796049836835195,0.07312812004138848,3.5506544099850544e-05,13.371772239550815,22.8930429709648,2.7381641631725624,0.5739729486391837,nan
80.81,189.2733612060547,-181.516357421875,-13.192756652832031,190.24182172891523,-181.69760659800704,-13.190770564861378,0.985277114690725,0.45801122385350057,0.07314306272059899,3.62160943203142e-05,13.327050362800424,23.367757997217467,nan,nan,nan
80.82000000000001,189.26475524902344,-181.5207977294922,-13.194707870483398,190.23307282369166,-181.70194497652284,-13.192740718522787,0.9851178204686802,0.4580620353930901,0.0731580650727537,3.693999763458837e-05,13.282767014194908,23.094152006728148,nan,nan,nan
80.83,189.25616455078125,-181.52529907226562,-13.196734428405762,190.22432380132486,-181.70633145761568,-13.194788899581352,0.984941035819452,0.4581129331316207,0.07317312724235281,3.767839854287305e-05,13.239159029140422,23.0689725434564,nan,nan,nan
80.84,189.24755859375,-181.52984619140625,-13.198838233947754,190.21557031192904,-181.71076604502875,-13.198069761983879,0.9847737153863759,0.4581639171887994,0.07318824937329485,3.685756450558915e-05,13.116061244772267,22.571807529632853,nan,0.8485456087845319,nan
80.85000000000001,189.2389678955078,-181.534423828125,-13.20101547241211,190.2012367654633,-181.71313261510602,-13.20031383342222,0.9787229949924152,0.45809911618515764,0.07318306431765435,3.757011543524308e-05,13.064505705307901,23.666526115215795,0.31545993492470453,nan,nan
80.86,189.23036193847656,-181.5390625,-13.203267097473145,190.19247905707343,-181.7176564362714,-13.20255005489837,0.9785528386960511,0.4581498822318048,0.0731982110681074,3.675534642979427e-05,13.02674722253147,22.740527788842797,nan,0.001764491808187075,nan
80.87,189.22177124023438,-181.5437469482422,-13.205592155456543,190.18372137131095,-181.72222588250733,-13.204912950727776,0.9783676435643857,0.45820073442025944,0.07321341788796401,3.748920933087131e-05,12.985812710851244,23.077445141068896,nan,nan,nan
80.88,189.2131805419922,-181.5484619140625,-13.207983016967773,190.17496417626165,-181.72684048296614,-13.207316657985139,0.978185625035957,0.45825167284629154,0.07322868492096286,3.667929286337399e-05,12.944847323282353,23.602131163098985,nan,0.0005757533688759513,nan
80.89,189.20457458496094,-181.55323791503906,-13.210382461547852,190.16620721134726,-181.73149987921568,-13.209788608666946,0.978015842746935,0.4583026977029086,0.07324401231223963,3.7411521019758754e-05,12.904050048966266,22.627286543638235,nan,nan,nan
80.9,189.19598388671875,-181.55804443359375,-13.212762832641602,190.1705098012206,-181.73892788863066,-13.211294289120655,0.9911719018221853,0.45823778721333014,0.07323885590310181,3.658359451532681e-05,13.254537848930067,23.323360330646963,2.0381087964256186,0.5330359804356374,nan
80.91,189.18739318847656,-181.5629119873047,-13.215109825134277,190.16177608003684,-181.74367274241965,-13.213726646016557,0.9910087704655184,0.45828859376214987,0.07325420739068021,3.7313373428671164e-05,13.209049286158942,22.68279493539221,nan,nan,nan
80.92,189.1787872314453,-181.56781005859375,-13.21741771697998,190.15303777707456,-181.7484611652665,-13.217425980735834,0.9908576830550692,0.4583394864669557,0.07326961933930523,3.6513663812988926e-05,13.119393394144682,22.626548748782774,nan,1.0987653834100324,nan
80.93,189.17019653320312,-181.57275390625,-13.219682693481445,190.14430496569605,-181.75329171156588,-13.219795638857333,0.9906973050123624,0.4583904655195175,0.07328509189374836,3.724202222557367e-05,13.081091898050646,22.854748589135,nan,nan,nan
80.94,189.16160583496094,-181.57772827148438,-13.221904754638672,190.13556918986242,-181.75816425068246,-13.222994721994759,0.990536696598851,0.45844153101735863,0.0733006251982985,3.6446660761658696e-05,13.073571975269184,23.2003870424661,nan,0.4935258512310695,nan
80.95,189.15301513671875,-181.582763671875,-13.22408390045166,190.12900227252825,-181.76364905045648,-13.225480243404958,0.9926088651749225,0.4583765113638767,0.07329549357305315,3.7150318059089105e-05,13.11919275072974,22.536893945610665,1.6150942424152932,nan,nan
80.96000000000001,189.1444091796875,-181.58782958984375,-13.226219177246094,190.1202809239774,-181.76860374329738,-13.226095763194662,0.992474166460415,0.4584273582572922,0.07331105042746078,3.636013110384419e-05,13.029392052003555,22.480350660782257,nan,1.7570297858964228,nan
80.97,189.1358184814453,-181.59292602539062,-13.228312492370605,190.1115535784747,-181.77359909290902,-13.228293486622551,0.9923213880909242,0.45847829141494917,0.07332666813151734,3.708502149233882e-05,12.989557150191406,23.110994953300537,nan,nan,nan
80.98,189.12722778320312,-181.5980682373047,-13.230363845825195,190.10282754627738,-181.77863434442455,-13.230262383793047,0.9921688500681276,0.4585293109358,0.0733423468296784,3.629886489835995e-05,12.951170170437308,22.857489180639828,nan,0.023099257031088387,nan
80.99,189.11863708496094,-181.60325622558594,-13.232375144958496,190.09410133768205,-181.78370914705792,-13.23237675899669,0.9920150025111176,0.45858041700956303,0.07335808666646436,3.702261510353487e-05,12.913023413670674,22.55285337408396,nan,nan,nan
81.0,189.11004638671875,-181.60848999023438,-13.234345436096191,190.06996077931356,-181.78612972177606,-13.233159157648695,0.9762135640265523,0.4585152884189141,0.07335297591507459,3.6218136977905667e-05,12.517482007514314,22.526059581899894,2.945580928025913,1.104025755046513,nan
81.01,189.10145568847656,-181.61375427246094,-13.236276626586914,190.06120872502916,-181.79128776620496,-13.235182598649276,0.9760354652726613,0.45856617559076246,0.07336873873209043,3.6939928139469875e-05,12.472811448509386,22.746395265647852,nan,nan,nan
81.02,189.09286499023438,-181.61904907226562,-13.23816967010498,190.052461340014,-181.79648413410843,-13.236091065962698,0.9758650912276257,0.45861714904317147,0.07338456278336468,3.616233275023871e-05,12.520977233424418,23.040894081250407,nan,0.7663042581308821,nan
81.03,189.0842742919922,-181.6243896484375,-13.24002456665039,190.0437104191489,-181.80171826519353,-13.238028858232177,0.9756880153338897,0.45866820896427407,0.0734004482134052,3.688315798036799e-05,12.471546559344937,22.725313890888444,nan,nan,nan
81.04,189.07568359375,-181.6297607421875,-13.241843223571777,190.03495877039538,-181.80698966190488,-13.240263160020515,0.9755108667324189,0.45871935545531484,0.07341639516668928,3.610913455250983e-05,12.39417383028613,22.853682944471,nan,0.07336469258631874,nan
81.05,189.0670928955078,-181.6351776123047,-13.243624687194824,190.02762894642424,-181.81802038114043,-13.242215712533286,0.9777847249958705,0.4586541182437553,0.07341130133531644,3.680614630970656e-05,11.836229394003553,22.48028783389661,3.926647692246736,nan,nan
81.06,189.05850219726562,-181.640625,-13.245370864868164,190.01887347754763,-181.82338860332936,-13.246038793954531,0.9776072712606494,0.45870504553622443,0.07342727067645159,3.603649663944347e-05,11.756365270126752,22.592106859823534,nan,2.626135203999296,nan
81.07000000000001,189.0499267578125,-181.64610290527344,-13.247082710266113,190.0101259528641,-181.82879319972983,-13.247860570677283,0.9774245970575417,0.4587560592125145,0.0734433016327654,3.675471979748592e-05,11.721048428367828,23.119601061798296,nan,nan,nan
81.08,189.0413360595703,-181.65162658691406,-13.248760223388672,190.00137419955368,-181.8342331662297,-13.250976833059921,0.9772529387986079,0.45880715937557554,0.07345939434863295,3.598835684194222e-05,11.803549147705981,22.410351105225114,nan,1.1764458513347371,nan
81.09,189.03274536132812,-181.6571807861328,-13.250404357910156,189.99262809062984,-181.83970872761753,-13.252745411026684,0.9770858631481913,0.4588583462110578,0.0734755489687149,3.6705838769255354e-05,11.778428397088172,22.534182049828498,nan,nan,nan
81.10000000000001,189.02415466308594,-181.6627655029297,-13.252015113830566,190.0221901184133,-181.85919496178147,-13.25436839601709,1.0171847621412546,0.45879300060707584,0.07347046806212694,3.592078805075797e-05,12.026371207409818,22.309803409241063,13.087679243420105,0.029139459064200336,nan
81.11,189.0155792236328,-181.66839599609375,-13.253594398498535,190.01350962944002,-181.86475982638945,-13.256073133067408,1.017069315635863,0.4588439679463849,0.0734866444553056,3.663670342259127e-05,12.002666065382716,22.12891920435478,nan,nan,nan
81.12,189.00698852539062,-181.6739959716797,-13.255142211914062,190.00483397451055,-181.87032855810594,-13.256606452834085,1.0169779588681513,0.4588950216887266,0.07350288284054793,3.587742760863489e-05,11.854882188164323,21.750006716610464,nan,0.8733771576572225,nan
81.13,188.9984130859375,-181.6795196533203,-13.256658554077148,189.99615477789752,-181.87584890609412,-13.25823904832613,1.0168756843056226,0.4589461620179559,0.07351918336270077,3.6592741097489845e-05,11.820230059836476,22.350291786917115,nan,nan,nan
81.14,188.9898223876953,-181.68495178222656,-13.258145332336426,189.98747899772056,-181.88129070756898,-13.259053889405303,1.0167932487028164,0.4589973890396462,0.07353554616586144,3.583634254079273e-05,11.73142415661442,21.975807270598175,nan,0.4181538020850225,nan
81.15,188.9812469482422,-181.69029235839844,-13.259601593017578,189.96206953521386,-181.88456879131644,-13.260626428465345,0.9998786575324208,0.4589319353534754,0.07353047415065952,3.6528516085614436e-05,11.208367904610437,22.250872784775456,3.9765500913268546,nan,nan
81.16,188.97265625,-181.69554138183594,-13.261029243469238,189.9533585849098,-181.88982644572758,-13.263344682262161,0.9997645307799886,0.45898294258235206,0.07354685808999378,3.577578260941562e-05,11.286942085382027,21.58390931499382,nan,0.9397766364327551,nan
81.17,188.96408081054688,-181.70068359375,-13.262429237365723,189.9446522535552,-181.89498328788133,-13.26486716137449,0.9996392696650325,0.4590340363119562,0.07356330439519917,3.648918232691761e-05,11.256457199545125,22.04320561405614,nan,nan,nan
81.18,188.9554901123047,-181.70571899414062,-13.263800621032715,189.93594992040292,-181.90003917105935,-13.26533869823797,0.9995319565352747,0.459085216649716,0.07357981321013046,3.5739074420365484e-05,11.116568930380975,21.770573254231117,nan,0.709181949503231,nan
81.19,188.94691467285156,-181.7106475830078,-13.265144348144531,189.92724422021996,-181.90499416950655,-13.26679726477824,0.9994095002853632,0.4591364837767647,0.07359638467999881,3.645204875797834e-05,11.081072916703796,22.380834808087226,nan,nan,nan
81.2,188.93832397460938,-181.7154998779297,-13.266462326049805,189.92821763177187,-181.912829682198,-13.267716131310618,1.0093711290554874,0.45907092223964974,0.07359131748616757,3.568286489963614e-05,11.146975532778145,20.93577125800455,1.1751620395590736,0.12046782595950947,nan
81.21000000000001,188.92974853515625,-181.72023010253906,-13.267753601074219,189.91952855009532,-181.91759137097503,-13.269117051185878,1.0092659744822725,0.4591219692762797,0.0736079094336735,3.6394581043107594e-05,11.109958369188421,22.242446940225516,nan,nan,nan
81.22,188.92117309570312,-181.72488403320312,-13.26901912689209,189.91084193586204,-181.92225818544134,-13.269695744992024,1.009158771931005,0.45917310283617024,0.07362456411586107,3.565026108096369e-05,11.029650612888213,21.44946894568644,nan,0.43196965001082716,nan
81.23,188.91258239746094,-181.7294464111328,-13.270258903503418,189.9021523398878,-181.92683113776442,-13.271039115497999,1.009063927604643,0.45922432309856603,0.0736412816782193,3.6361661239392776e-05,10.992436135508731,21.069777163131754,nan,nan,nan
81.24,188.9040069580078,-181.73390197753906,-13.271474838256836,189.89346165289408,-181.9313122477801,-13.272621251634298,1.008956253904372,0.45927563017367296,0.07365806226418613,3.561960700868987e-05,10.969590464687847,21.978515698910506,nan,0.04694993402825034,nan
81.25,188.89541625976562,-181.73828125,-13.272665977478027,189.92316764510608,-181.94570844838944,-13.273801476035853,1.0484751985897822,0.4592099610898823,0.07365299578997425,3.6308367366736354e-05,11.586091124089943,20.873428660926457,14.17631663366113,nan,nan
81.26,188.8868408203125,-181.74256896972656,-13.273833274841309,189.91454666752102,-181.9500159627908,-13.273835239809388,1.0484338621590954,0.45926104777800064,0.07366979617352908,3.556936058749364e-05,11.509147091808037,21.26559437665877,nan,1.0496897225720299,nan
81.27,188.8782501220703,-181.7467803955078,-13.274977684020996,189.90592123398255,-181.9542362660428,-13.275073686659534,1.0484015746339201,0.459312221081238,0.07368665965875672,3.627938313086354e-05,11.46971021223241,20.56906743586153,nan,nan,nan
81.28,188.8696746826172,-181.75103759765625,-13.27620792388916,189.89729114922903,-181.95843835726035,-13.27761486676624,1.0483380452050912,0.45936348111169784,0.07370358638880072,3.55424236990934e-05,11.490932031290944,21.12658970093685,nan,1.1044997846709972,nan
81.29,188.861083984375,-181.75534057617188,-13.277523040771484,189.88866484532014,-181.96269194439986,-13.27898447506973,1.0482934472164624,0.45941482804582584,0.07372057650959336,3.625226570797796e-05,11.460191226866375,20.993255024426446,nan,nan,nan
81.3,188.85250854492188,-181.7596893310547,-13.278922080993652,189.89145663517215,-181.97642387127922,-13.282441189749266,1.0613196404888885,0.4593490516500552,0.07371550662072766,3.5495844358153117e-05,11.325540988460997,21.70884244198368,4.758828940664033,2.5881861767017313,nan
81.31,188.8439178466797,-181.76409912109375,-13.280403137207031,189.88284769167788,-181.9808046864693,-13.284000987314716,1.0612961271097263,0.4594001778996923,0.07373251583818088,3.6204665284615024e-05,11.301000297337469,20.97591059282153,nan,nan,nan
81.32000000000001,188.8353271484375,-181.7685546875,-13.281967163085938,189.87423606989378,-181.98523358857875,-13.286457928909725,1.061273602909182,0.45945139079046005,0.0737495885179304,3.5472366706592096e-05,11.478635579951792,21.228227191333335,nan,0.4547532814307786,nan
81.33,188.82675170898438,-181.77305603027344,-13.283612251281738,189.86562709032842,-181.98971119777704,-13.288191822266077,1.0612363035814139,0.4595026904969176,0.07376672480620566,3.618109123600769e-05,11.455697349844474,21.573609821001778,nan,nan,nan
81.34,188.8181610107422,-181.77760314941406,-13.2853364944458,189.8570195532166,-181.99423659198823,-13.289519201027987,1.0612137460228843,0.4595540771339553,0.07378392484570286,3.5450528796240195e-05,11.336055183745042,21.261272682374933,nan,0.16379186677625115,nan
81.35000000000001,188.8095703125,-181.78219604492188,-13.287140846252441,189.85928406532375,-182.00344141472146,-13.291412805144898,1.0727845665173665,0.45948819372481586,0.0737788473828896,3.613697528514421e-05,11.348996515610702,21.21859304133833,1.117164189496494,nan,nan
81.36,188.80099487304688,-181.78683471679688,-13.289022445678711,189.850693645184,-182.00806821948578,-13.293134480341879,1.0727668356951008,0.45953935938092516,0.07379606579731383,3.540893029345662e-05,11.287578141440145,21.496105199047626,nan,0.04269477813944688,nan
81.37,188.7924041748047,-181.79151916503906,-13.290982246398926,189.842102469515,-182.0127405253371,-13.295181318539553,1.0727642016662813,0.4595906117641633,0.07381334803432213,3.611668529369544e-05,11.26503694756867,21.15013845628637,nan,nan,nan
81.38,188.78382873535156,-181.79624938964844,-13.293018341064453,189.83350787403378,-182.0174571576359,-13.298406873573487,1.072747969974891,0.4596419509912767,0.07383069423632271,3.53901901636765e-05,11.563640182779519,21.724533659089644,nan,0.8363880546042652,nan
81.39,188.77523803710938,-181.801025390625,-13.295129776000977,189.82491684893682,-182.0222195942826,-13.300619695905393,1.072745367247867,0.4596933772340766,0.07384810454997985,3.609794988109932e-05,11.545249665612408,21.38316456707453,nan,nan,nan
81.4,188.7666473388672,-181.8058319091797,-13.29731559753418,189.8504772986022,-182.04266932791356,-13.30319653224803,1.1094205379047208,0.45962738705015144,0.07384301532520457,3.5351626346253706e-05,11.62761490837327,22.16257444306143,11.858774177714746,0.05261304239106086,nan
81.41,188.75807189941406,-181.81069946289062,-13.299574851989746,189.8419431990775,-182.04755099308076,-13.305563391520037,1.1094645123631512,0.45967859201472694,0.07386044327189739,3.605854280192812e-05,11.611165773599431,21.655429991631966,nan,nan,nan
81.42,188.74948120117188,-181.8155975341797,-13.301907539367676,189.83341710783333,-182.05247810505327,-13.305372237786326,1.1095230771563562,0.4597298837358604,0.0738779353936575,3.533574633840498e-05,10.923248938921386,21.189940884244216,nan,4.798018470521366,nan
81.43,188.74090576171875,-181.82054138183594,-13.304305076599121,189.82488347824562,-182.05744533793018,-13.30785746461627,1.109569192885483,0.45978126238355266,0.07389549183741956,3.604273074687668e-05,10.900419075520364,21.310929450216324,nan,nan,nan
81.44,188.73231506347656,-181.82553100585938,-13.30671215057373,189.81635214865003,-182.06245540483164,-13.30967893037573,1.1096298367663608,0.4598327280772336,0.0739131127451832,3.5321219327277426e-05,10.767272835436728,20.723703218726747,nan,0.3415085943987729,nan
81.45,188.72373962402344,-181.83056640625,-13.309099197387695,189.80739512218113,-182.057898693849,-13.312211027933639,1.1072483421354724,0.4597666314119801,0.07390800755206346,3.600617890323073e-05,11.606671150840414,20.76476670019206,9.066459923416074,nan,nan
81.46000000000001,188.71514892578125,-181.83563232421875,-13.311452865600586,189.79886134066874,-182.06295091335193,-13.315563598931647,1.1073044916712316,0.4598178755312007,0.07392564533090915,3.528673736643974e-05,11.784398875183504,21.086389866847902,nan,0.5203067598244698,nan
81.47,188.70657348632812,-181.8407440185547,-13.313767433166504,189.7903303193384,-182.06804449745508,-13.318023658725977,1.1073447955631706,0.459869206487286,0.07394334763840305,3.59930545095918e-05,11.776586015009306,21.0556533321319,nan,nan,nan
81.48,188.69798278808594,-181.8459014892578,-13.316039085388184,189.78179535768595,-182.07317670364654,-13.321975785961543,1.1074018934028074,0.4599206244014168,0.07396111461629881,3.527474194653318e-05,12.241408924601473,21.06033028484776,nan,1.6311492692185172,nan
81.49,188.6894073486328,-181.85108947753906,-13.318266868591309,189.77326525899102,-182.07835011346816,-13.324369268710965,1.107444177273136,0.4599721294409944,0.07397894641190396,3.59811999970512e-05,12.244915189663281,21.63754677176041,nan,nan,nan
81.5,188.68081665039062,-181.85630798339844,-13.320451736450195,189.7913239949415,-182.09188190154418,-13.326234830848795,1.1352334902533547,0.45990592653711326,0.07397382101909235,3.524272362952215e-05,12.457488869277299,21.797003742950903,7.102185397975743,0.28810789546638943,nan
81.51,188.6722412109375,-181.86158752441406,-13.322592735290527,189.78283938310832,-182.09714135300763,-13.32854055263062,1.135319022444958,0.4599572097052409,0.0739916689043822,3.5948467840132115e-05,12.462085886922075,21.121485050002637,nan,nan,nan
81.52,188.66366577148438,-181.86688232421875,-13.324691772460938,189.77435311484615,-182.10243818241776,-13.331606904389877,1.1354121525179757,0.4600085797428538,0.07400958166281038,3.523304615293228e-05,12.802755196292713,22.302024574023346,nan,0.4485196982613968,nan
81.53,188.65509033203125,-181.87222290039062,-13.326748847961426,189.76586941282085,-182.10777352782927,-13.333837825653724,1.1355018793517007,0.4600600368156724,0.07402755944190159,3.5938977560900596e-05,12.812211992180902,21.956281484718186,nan,nan,nan
81.54,188.64649963378906,-181.8776092529297,-13.328764915466309,189.7573908243395,-182.11314779712865,-13.334250089555203,1.1356001629890289,0.4601115810473753,0.07404560238307954,3.5224463252925915e-05,12.23792186695885,20.776870088506943,nan,2.203861302643951,nan
81.55,188.63792419433594,-181.88302612304688,-13.330741882324219,189.75496096135427,-182.1225046204729,-13.336370593312552,1.142432830405181,0.4600452721938149,0.07404045254722841,3.590853963001608e-05,12.147460349514486,21.17554050495967,0.6823813687547441,nan,nan
81.56,188.6293487548828,-181.8884735107422,-13.332677841186523,189.74649348496436,-182.12796249076987,-13.336458600935481,1.142532981426776,0.46009659425810945,0.0740585107773991,3.5195723600335525e-05,11.639727505281042,20.9466630636031,nan,2.80943082043963,nan
81.57000000000001,188.6207733154297,-181.8939666748047,-13.334576606750488,189.7380212304805,-182.13345420600115,-13.338494705966564,1.1426340327442808,0.4601480032668151,0.07407663422751269,3.5901204332937886e-05,11.630618647282889,20.440800305986965,nan,nan,nan
81.58,188.61219787597656,-181.8994903564453,-13.33643627166748,189.72954689936407,-182.13898016540475,-13.341523162771074,1.1427379774565714,0.46019949934521215,0.07409482303880766,3.518916740119427e-05,11.907486756604879,20.934341369125697,nan,0.7403754862253645,nan
81.59,188.60362243652344,-181.90504455566406,-13.33825969696045,189.72107573222158,-182.14454224331504,-13.34349585125325,1.1428422584804,0.46025108265663767,0.0741130773590913,3.5894885686643044e-05,11.904804493835947,21.048629791588674,nan,nan,nan
81.60000000000001,188.59503173828125,-181.91064453125,-13.340046882629395,189.73649458331633,-182.15359718051496,-13.34343934787951,1.1670368139869947,0.46018466810029146,0.07410789881574176,3.5162387632789263e-05,12.090229763804972,20.161450954625543,6.741223259140506,2.613681651729016,nan
81.61,188.58645629882812,-181.916259765625,-13.341797828674316,189.7280658828736,-182.15922040287975,-13.34532106060292,1.167182387976686,0.46023602894772203,0.07412616760559665,3.586748282926978e-05,12.077779813974075,21.083672772321627,nan,nan,nan
81.62,188.577880859375,-181.9219207763672,-13.343513488769531,189.71963911529883,-182.16487826674265,-13.346626371412114,1.1673259815227792,0.46028747677503346,0.07414450195209514,3.5157670476818375e-05,11.977239421602208,20.509166846430055,nan,0.20579859915347523,nan
81.63,188.56932067871094,-181.9276123046875,-13.345195770263672,189.71121164426415,-182.17056903445751,-13.348435110444411,1.167455970509125,0.46033901174404623,0.07416290200319632,3.586303608864051e-05,11.96339953198835,20.727597972013047,nan,nan,nan
81.64,188.5607452392578,-181.933349609375,-13.346844673156738,189.70278638157504,-182.17629370027214,-13.349489854149754,1.167598732026357,0.46039063398229896,0.07418136789990593,3.5153820628832656e-05,11.840846456923074,19.905543267060953,nan,0.3638077400199672,nan
81.65,188.5521697998047,-181.93910217285156,-13.34846019744873,189.67275854569183,-182.16945724525104,-13.351154831179953,1.1440235390235827,0.46032411400834317,0.07417615637855221,3.583743850373463e-05,12.103389118744515,20.321966240925384,6.9337728103203595,nan,nan
81.66,188.54359436035156,-181.9449005126953,-13.350043296813965,189.66429388123953,-182.1752141876763,-13.35449647437239,1.1441292041514062,0.46037551348700145,0.07419463590689891,3.512961831241244e-05,12.436187370043585,20.153304160854518,nan,1.8817450596861496,nan
81.67,188.53501892089844,-181.95071411132812,-13.351594924926758,189.65583364505449,-182.18100507305527,-13.356184860969018,1.144238017394583,0.4604270000154905,0.07421318133181855,3.583468203799641e-05,12.429101350424672,20.741721040077522,nan,nan,nan
81.68,188.5264434814453,-181.95652770996094,-13.353116035461426,189.64737470947534,-182.18680217877915,-13.357587474041193,1.1443483485046826,0.4604785737227746,0.074231792794199,3.51273554775647e-05,12.379473991075937,19.905891060779492,nan,0.04574696825506044,nan
81.69,188.51788330078125,-181.96226501464844,-13.354606628417969,189.63891573971566,-182.19255556467613,-13.359213330767407,1.1444512607716486,0.4605302347685488,0.07425047044218154,3.583272227318508e-05,12.368264133075842,20.422473812746826,nan,nan,nan
81.7,188.50930786132812,-181.96791076660156,-13.356067657470703,189.67993238105072,-182.20039996473366,-13.359346640586235,1.1934922476305125,0.45957765981708126,0.07361826303868421,3.510461698148095e-05,18.54059544672447,27.276723151869405,16.435711563614056,1.4403326604089142,0.4917655365992699
81.71000000000001,188.500732421875,-181.97344970703125,-13.357499122619629,189.6715372940842,-182.2059895336542,-13.360900085131316,1.1936793481922359,0.45962764319056215,0.07363391599215761,3.580941997571836e-05,18.50059838951025,27.52423267670151,nan,nan,nan
81.72,188.49217224121094,-181.97889709472656,-13.358902931213379,189.663148514932,-182.21147393720156,-13.361756623226636,1.1938532425852941,0.45967771235648097,0.07364962780573749,3.5103782288006745e-05,18.35358421718703,26.993689992154344,nan,0.3141887783083292,nan
81.73,188.4835968017578,-181.98423767089844,-13.360278129577637,189.65475419858424,-182.21685632348206,-13.363248292612585,1.1940393241177345,0.4597278676773227,0.07366539867839193,3.580891092067436e-05,18.312748773897198,26.86565980220348,nan,nan,nan
81.74,188.4750213623047,-181.9894561767578,-13.361625671386719,189.6463472114889,-182.2221399722599,-13.366214711830992,1.1942223632760114,0.45977810908369166,0.07368122870121109,3.5103619673101724e-05,18.608996247700215,27.871849648514576,nan,1.5824186174919552,nan
81.75,188.46646118164062,-181.99459838867188,-13.362946510314941,189.63245610610355,-182.22923339817882,-13.36769874679453,1.1893781296590151,0.4597132612751048,0.0736759104682868,3.578706252760238e-05,18.0510298103869,26.80935279468169,2.7507190826156305,nan,nan
81.76,188.4578857421875,-181.99961853027344,-13.364241600036621,189.62404833561575,-182.23431992756971,-13.36933944227671,1.18955703024262,0.4597632871352086,0.0736917605274424,3.5082924127350856e-05,18.104290465519647,27.50048728787015,nan,0.031584210429759396,nan
81.77,188.44932556152344,-182.00454711914062,-13.365510940551758,189.61564198434385,-182.23930468046882,-13.370745258727537,1.1897195084674943,0.45981339906165103,0.07370766990224924,3.578784751749752e-05,18.07316130149426,27.300512191717065,nan,nan,nan
81.78,188.4407501220703,-182.00936889648438,-13.366754531860352,189.60722677450144,-182.24419473798739,-13.373174064597174,1.1898958638910755,0.45986359700178014,0.07372363868822622,3.508397434659739e-05,18.4262596318325,27.8592651185993,nan,0.7709310109862224,nan
81.79,188.4321746826172,-182.0141143798828,-13.367973327636719,189.59882002517165,-182.24898341471948,-13.374541852589864,1.1900705711633994,0.4599138812933276,0.07373966707784776,3.57892425392434e-05,18.404052707505095,27.016106397986352,nan,nan,nan
81.8,188.42361450195312,-182.0187530517578,-13.36916732788086,189.5840891967136,-182.2486289924368,-13.37407506449282,1.1830336221600395,0.4598489427657123,0.07373436522732586,3.5064437984440174e-05,18.158004743097862,27.153214463344646,1.97356607471447,2.5717078875627606,nan
81.81,188.4150390625,-182.02328491210938,-13.370338439941406,189.57567316687079,-182.2532133940672,-13.375379233215611,1.183200760919648,0.4598990112538545,0.07375041316367799,3.576918146096e-05,18.125729382738655,27.4858653492815,nan,nan,nan
81.82000000000001,188.40646362304688,-182.0278778076172,-13.371594429016113,189.56726772653954,-182.25776949444014,-13.375342085985283,1.183355567565587,0.4599491656828551,0.07376652076829937,3.506656565500167e-05,17.771041571932336,26.599674252086952,nan,1.3263505537476288,nan
81.83,188.3979034423828,-182.0325164794922,-13.37293529510498,189.5588510748531,-182.26237733852992,-13.376750480418071,1.1834905895252779,0.45999940637461645,0.07378268822949242,3.57716686593514e-05,17.731734600397772,26.771614327642276,nan,nan,nan
81.84,188.3893280029297,-182.03720092773438,-13.374360084533691,189.55045238782023,-182.26702185630225,-13.375864831251745,1.1836510299315102,0.4600497332999067,0.07379891564889873,3.5069201665598065e-05,17.344605257037703,26.214175010014557,nan,3.9804661364515694,nan
81.85000000000001,188.38075256347656,-182.04193115234375,-13.375866889953613,189.54513819028003,-182.27522625336567,-13.377370448418164,1.187528000830037,0.45998470433633054,0.07379362658000659,3.575264895921718e-05,17.052409635409884,26.194497513828864,1.0413872053346849,nan,nan
81.86,188.3721923828125,-182.0467071533203,-13.377455711364746,189.53671307781468,-182.27998797900486,-13.380503604070173,1.1876605922444219,0.46003481520809353,0.0738098730355368,3.5051145141805964e-05,17.208649678310476,26.49006547811257,nan,1.5788989791011079,nan
81.87,188.36361694335938,-182.05152893066406,-13.379124641418457,189.52829919779614,-182.28478819408355,-13.382236078582375,1.1878149345803584,0.46008501225373843,0.07382617959687811,3.57561002651292e-05,17.16993583346255,26.234920840671037,nan,nan,nan
81.88,188.35504150390625,-182.056396484375,-13.380873680114746,189.51989165970346,-182.28962875494304,-13.383181091220564,1.1879724330308008,0.46013529545889903,0.07384254636957718,3.505468306541719e-05,17.00699536085985,25.987369633562746,nan,0.5311185143267237,nan
81.89,188.34646606445312,-182.06129455566406,-13.382701873779297,189.51147767445397,-182.29451552574733,-13.3850663416337,1.1881286390924082,0.4601856651234602,0.07385897353619855,3.576000694587269e-05,16.965910272796766,26.468690401470106,nan,nan,nan
81.9,188.33790588378906,-182.0662384033203,-13.384607315063477,189.5149826970729,-182.30502106565967,-13.386570573061471,1.2010540531492588,0.46012054565100496,0.07385369351468316,3.503748408613109e-05,16.849302055427486,26.60711525557636,1.7354097592029434,0.1035693182137824,nan
81.91,188.32933044433594,-182.07122802734375,-13.386590003967285,189.5065879815571,-182.3100045391909,-13.388608438207227,1.2012300385982244,0.4601706990030236,0.07387013918183799,3.574230417682237e-05,16.80878597101322,26.256606793722483,nan,nan,nan
81.92,188.3207550048828,-182.07626342773438,-13.388648986816406,189.49820536418176,-182.31502374933552,-13.38900907795427,1.2014141540076533,0.46022093843953116,0.07388664530959237,3.504181271279359e-05,16.654603699714364,25.94426950607112,nan,2.0713322937345473,nan
81.93,188.3121795654297,-182.08132934570312,-13.390783309936523,189.48981073460254,-182.3200899282937,-13.39118407234578,1.2015914226628468,0.4602712642465375,0.07390321207687757,3.57470106796641e-05,16.610314007212054,26.3544375994211,nan,nan,nan
81.94,188.30361938476562,-182.08644104003906,-13.392991065979004,189.48142813893853,-182.3251909444798,-13.39173159515233,1.2017639387764742,0.46032167643024186,0.07391983959458324,3.504651559104939e-05,16.605940923733662,26.38458698817961,nan,2.0430442214169573,nan
81.95,188.2950439453125,-182.09158325195312,-13.395273208618164,189.44077492121605,-182.31799336241082,-13.394066606236427,1.1678880353662613,0.46025646668737474,0.07391456491948924,3.573006682839882e-05,16.39060269008072,26.20270869423213,9.12023589407173,nan,nan
81.96000000000001,188.28646850585938,-182.09678649902344,-13.397626876831055,189.43233149133425,-182.32315851365627,-13.395853930920888,1.168010879156323,0.4603066623055517,0.07393121038146352,3.503038991379146e-05,16.39669743126645,25.39486230790153,nan,0.2505979659974275,nan
81.97,188.2779083251953,-182.1020050048828,-13.400045394897461,189.4238842287227,-182.3283645981079,-13.398300904168147,1.1681192063134391,0.46035694420512313,0.07394791672490317,3.5735469151822936e-05,16.345670277077616,26.539586612079543,nan,nan,nan
81.98,188.2693328857422,-182.10726928710938,-13.402470588684082,189.41542416176154,-182.33361558534045,-13.402760938525859,1.1682285495542386,0.46040731240515886,0.07396468406405679,3.503574245742931e-05,16.21827713866891,25.951364484822786,nan,2.7519364414572545,nan
81.99,188.26075744628906,-182.11257934570312,-13.404876708984375,189.40697734370124,-182.3388984467764,-13.405259117560622,1.1683494917919566,0.4604577671725758,0.07398151257291068,3.574120177387594e-05,16.176351255128896,25.551870966065774,nan,nan,nan
82.0,188.252197265625,-182.117919921875,-13.407248497009277,189.37706430255093,-182.3286336898012,-13.406117526170517,1.1444332317139447,0.46039246711352316,0.07397623943363674,3.50202317876471e-05,16.964101916821708,25.99956771124972,12.539498374888616,1.7062387520954247,nan
82.01,188.24362182617188,-182.12330627441406,-13.409579277038574,189.36858677474373,-182.33394671594846,-13.408536870260296,1.1445158879355841,0.46044270505465706,0.07399308530644362,3.5725196433511304e-05,16.915629692999765,25.43958950980901,nan,nan,nan
82.02,188.2350616455078,-182.12872314453125,-13.41186809539795,189.36009605076066,-182.33930330323608,-13.413116527542131,1.1445732719339545,0.46049302921900803,0.07400999241636791,3.502614469741145e-05,16.885866898567105,25.839953897814677,nan,3.415020764065457,nan
82.03,188.2264862060547,-182.13417053222656,-13.41411304473877,189.35161973750198,-182.34468968419054,-13.415474892399233,1.1446596138414828,0.46054343986162494,0.0740269609343096,3.573149467800921e-05,16.849616655747536,25.805503721852094,nan,nan,nan
82.04,188.21792602539062,-182.13966369628906,-13.416313171386719,189.34315976837334,-182.35010442814422,-13.41522333376814,1.1447434060594803,0.46059393701919604,0.07404399097906468,3.503232476611178e-05,16.788477343100812,25.620648234090822,nan,4.644757916808707,nan
82.05,188.2093505859375,-182.1451873779297,-13.418471336364746,189.28741765459006,-182.3399815839158,-13.417503267971078,1.09552467993893,0.4605285468436295,0.07403871558622957,3.571602402398985e-05,16.19323678609972,25.289692633334532,19.49619425315325,nan,nan
82.06,188.20079040527344,-182.15074157714844,-13.420585632324219,189.27886206526514,-182.34545687937302,-13.419822808527112,1.0955150089788044,0.4605788269191915,0.0740557623942961,3.5017564365961706e-05,16.13893692326748,25.74866185112692,nan,0.009106209039706147,nan
82.07000000000001,188.1922149658203,-182.1563262939453,-13.42265796661377,189.27030750647714,-182.35096654500714,-13.421988498921223,1.0955221594017586,0.46062919338369823,0.07407287084503496,3.5722805357639194e-05,16.090590568226435,25.581332485383488,nan,nan,nan
82.08,188.18365478515625,-182.16195678710938,-13.424689292907715,189.26174318949492,-182.3565153651107,-13.425882567147246,1.0955040263489753,0.4606796462847173,0.07409004106005965,3.502419458871412e-05,16.07514510735153,25.38025481515625,nan,2.206638703681271,nan
82.09,188.1750946044922,-182.16761779785156,-13.426680564880371,189.25318964653155,-182.3620930224512,-13.427985367165448,1.0954958855066252,0.4607301858611356,0.0741072732061148,3.5729818408610185e-05,16.038314745225833,25.442793819497815,nan,nan,nan
82.10000000000001,188.16653442382812,-182.17330932617188,-13.428631782531738,189.26613965287342,-182.38257795558056,-13.428323582700456,1.1193413750887085,0.4606647055463984,0.07410199168181088,3.5009859123843176e-05,15.323044364573615,25.397386826070505,10.613163010321385,2.0192488185302144,nan
82.11,188.157958984375,-182.17904663085938,-13.430543899536133,189.25761917513637,-182.388263328048,-13.430331607750146,1.1193856380156257,0.4607150277784216,0.07411923996743369,3.571498952907457e-05,15.279448129455751,24.561495621007026,nan,nan,nan
82.12,188.14939880371094,-182.18479919433594,-13.432417869567871,189.24909863196714,-182.39398141122678,-13.432399666766385,1.1194181133345291,0.46076543636752154,0.07413655025094523,3.501686946462786e-05,15.23345122449036,25.480612604830306,nan,0.006725430380624528,nan
82.13,188.14083862304688,-182.19058227539062,-13.43425464630127,189.24057912883887,-182.39973156569155,-13.434334329489996,1.1194519248553885,0.4608159315426709,0.07415392269653451,3.572238545970992e-05,15.188813198034872,25.505842404191295,nan,nan,nan
82.14,188.1322784423828,-182.1964111328125,-13.436055183410645,189.23206323992443,-182.4055122762449,-13.435651514526164,1.1194865126641598,0.46086651336617623,0.07417135742958735,3.5024063695725014e-05,15.150189171914501,24.88094884322699,nan,0.2384996580767856,nan
82.15,188.12371826171875,-182.2022705078125,-13.437819480895996,189.23359697877774,-182.40921380411532,-13.437521835499878,1.1290068126711947,0.4608009430789385,0.07416606590765805,3.5707917955042425e-05,15.876639677971077,25.031184303767045,4.731153889840196,nan,nan
82.16,188.1151580810547,-182.20814514160156,-13.43954849243164,189.22510536858346,-182.41503684549602,-13.438036820124331,1.1290657391781878,0.4608513072997306,0.07418351613658915,3.501022860008593e-05,15.895290892738883,25.70407385647285,nan,1.208331093438813,nan
82.17,188.10658264160156,-182.2140655517578,-13.441243171691895,189.21660745033546,-182.42089412956443,-13.43981346670927,1.1291302762119924,0.46090175801699673,0.07420102875499386,3.5715632826895574e-05,15.845720533879623,24.816887453747377,nan,nan,nan
82.18,188.0980224609375,-182.2200164794922,-13.442903518676758,189.20812013825022,-182.42677727202698,-13.439575224520933,1.12919349805368,0.46095229530202586,0.07421860389056059,3.501771947205409e-05,16.062654097396813,25.301141730703907,nan,2.770358732797104,nan
82.19,188.08946228027344,-182.22598266601562,-13.444531440734863,189.1996233905964,-182.43269526553019,-13.441266617159906,1.129246850225652,0.4610029193704293,0.07423624170407664,3.572350386573569e-05,16.000936915615032,25.82928478184677,nan,nan,nan
82.2,188.08091735839844,-182.23199462890625,-13.446126937866211,189.15207134380566,-182.4119785707734,-13.44354382911813,1.0861729844894048,0.46093725910721467,0.07423093624826675,3.500416449026587e-05,17.039791910393465,25.645366230588166,32.75003743992342,0.21158296997471424,nan
82.21000000000001,188.07235717773438,-182.23802185058594,-13.4476900100708,189.14351686937883,-182.41788289518703,-13.44517919591247,1.0861580845146694,0.4609876653089814,0.07424858889181987,3.5709451896001826e-05,16.983470029696075,25.844957175240815,nan,nan,nan
82.22,188.0637969970703,-182.2440948486328,-13.449222564697266,189.1349651318039,-182.42381517243626,-13.446324922884966,1.0861440806747247,0.46103815799695824,0.0742663042783909,3.501189842005763e-05,17.00661804648194,25.244010766674215,nan,0.14871125357580958,nan
82.23,188.05523681640625,-182.2501220703125,-13.450723648071289,189.12641185596675,-182.42975056568287,-13.447895433428293,1.0861355166481432,0.4610887373786669,0.07428408256670702,3.571756729817068e-05,16.94501620974953,26.01786206917145,nan,nan,nan
82.24,188.0466766357422,-182.25608825683594,-13.45219612121582,189.11786044009492,-182.43563727823,-13.449160308540428,1.0861315804034728,0.461139403537439,0.0743019238875029,3.501975338848447e-05,16.937102867858556,25.572721389505674,nan,0.05392977656031878,nan
82.25,188.03811645507812,-182.261962890625,-13.453638076782227,189.10971017737378,-182.43654146495,-13.450594572036735,1.0857255855868724,0.46107365343746715,0.07429660056633286,3.570374668527203e-05,17.527773703628835,25.637873480980296,3.1198005258425203,nan,nan
82.26,188.02957153320312,-182.26773071289062,-13.45505142211914,189.10114683474862,-182.44223246217183,-13.45545497310981,1.0856908631087943,0.46112410146886057,0.07431445603179773,3.5006511130956404e-05,17.224018922394823,25.706871953320064,nan,8.063181335380694,nan
82.27,188.02101135253906,-182.2733917236328,-13.456437110900879,189.0925989382981,-182.44780975678293,-13.45694176567638,1.0856895776036868,0.46117463610408677,0.074332374619163,3.571205816797562e-05,17.178432778067652,25.285325331422964,nan,nan,nan
82.28,188.012451171875,-182.27894592285156,-13.457795143127441,189.08405508119367,-182.45327618602488,-13.457550437744704,1.0856915026865848,0.46122525743372067,0.07435035646099336,3.501454821374582e-05,17.1253642915716,25.1391904943988,nan,0.5110542962029273,nan
82.29,188.00390625,-182.2843780517578,-13.459126472473145,189.07550783040216,-182.45863496448004,-13.458975396984947,1.0856774113776575,0.4612759656544968,0.0743684017133079,3.572046972090816e-05,17.074477207979402,25.820400260061927,nan,nan,nan
82.3,187.99534606933594,-182.2897186279297,-13.460430145263672,189.06804708063058,-182.46617635806155,-13.462736672337337,1.0871200992636338,0.4612101257298182,0.07436305654106169,3.500147920047239e-05,16.9982750346634,25.048571175548986,0.6778379910139694,4.207342917796351,nan
82.31,187.98678588867188,-182.29493713378906,-13.461709022521973,189.05950082612864,-182.4713283800073,-13.464133325537338,1.0871233076474829,0.4612606155578361,0.07438111523146734,3.5706897569000854e-05,16.962169324450652,25.508750818892015,nan,nan,nan
82.32000000000001,187.97824096679688,-182.30006408691406,-13.46296215057373,189.05095645808223,-182.47637471476213,-13.465014848149895,1.0871100111318497,0.46131119199668874,0.07439923739451312,3.5009658475341205e-05,16.870128726254425,25.277903802408595,nan,0.16951930437725393,nan
82.33,187.9696807861328,-182.30508422851562,-13.464189529418945,189.04241012758382,-182.48131913497346,-13.466357177064122,1.0871116230454123,0.4613618552366659,0.07441742318460509,3.57154519216493e-05,16.833964278396955,25.15523540667083,nan,nan,nan
82.34,187.96112060546875,-182.30999755859375,-13.46539306640625,189.03386054668013,-182.48616418129282,-13.468519639607974,1.0871133500621635,0.46141260537794837,0.0744356727366973,3.501791294202404e-05,16.933625255121356,25.479074214421058,nan,0.5024299378292292,nan
82.35000000000001,187.9525604248047,-182.3148193359375,-13.466572761535645,189.0091657577553,-182.48040354977257,-13.469804556757763,1.0695061505159462,0.46134667574547955,0.07443030172775118,3.5702016908898955e-05,17.35479058566508,25.41678821941009,4.753434487113524,nan,nan
82.36,187.9440155029297,-182.31968688964844,-13.467838287353516,189.00060185529864,-182.48508990659067,-13.469079525884286,1.0694551971443278,0.46139720723101907,0.07444856399229076,3.500502054360819e-05,17.06754828953642,25.363682560420713,nan,2.9949506159066757,nan
82.37,187.93545532226562,-182.32460021972656,-13.46918773651123,188.99202995990967,-182.4898229613847,-13.470479647087608,1.0694158163720136,0.4614478254273721,0.07446689009680996,3.571067859249619e-05,17.03270163172234,24.999326196814227,nan,nan,nan
82.38,187.92689514160156,-182.3295440673828,-13.470620155334473,188.9834563063151,-182.49459925732717,-13.472411131063515,1.069377350659002,0.4614985304404191,0.07448528017767334,3.5013374720330095e-05,17.038642475484874,25.46364175253138,nan,0.14055899781204453,nan
82.39,187.9183349609375,-182.3345489501953,-13.472135543823242,188.97488414086087,-182.4994168036636,-13.473984744018113,1.0693367094817867,0.4615493224519517,0.0745037343871962,3.571940022106899e-05,17.006119295726126,24.801966000320846,nan,nan,nan
82.4,187.9097900390625,-182.33958435058594,-13.473731994628906,188.97594890650635,-182.50155509486473,-13.476663582464994,1.0783959601364477,0.46148330313602326,0.07449833351518838,3.500057964738296e-05,17.966630944738505,25.856715212227353,4.5638986945188185,0.7436214797251534,nan
82.41,187.90122985839844,-182.3446502685547,-13.475409507751465,188.96739576085102,-182.5064354286827,-13.478412688408982,1.0783752541134435,0.46153387622505393,0.07451679969123094,3.5706094880805015e-05,17.935517934853483,25.907642021984213,nan,nan,nan
82.42,187.89266967773438,-182.34976196289062,-13.477166175842285,188.9588371165581,-182.51135896830266,-13.481814975038503,1.078354399583016,0.4615845360452971,0.07453533005418772,3.500900463462175e-05,18.262707997370832,26.119460891497745,nan,1.7438892208731063,nan
82.43,187.8841094970703,-182.35491943359375,-13.479001998901367,188.95028357707088,-182.51632031855016,-13.483741309661465,1.0783319876532655,0.461635282773538,0.07455392475515159,3.571488775680273e-05,18.23746848602205,25.911378437187857,nan,nan,nan
82.44,187.87554931640625,-182.36012268066406,-13.480915069580078,188.9417350702924,-182.52131896351753,-13.48417400076518,1.0783074348385124,0.4616861165231285,0.07457258393230105,3.501747272922591e-05,17.875807713267452,25.392624456314046,nan,1.7454358813991828,nan
82.45,187.8669891357422,-182.3653564453125,-13.482905387878418,188.92375341081063,-182.52913195592674,-13.48608072363063,1.0693845116210694,0.4616200076229987,0.07456714916831064,3.57016541156791e-05,17.057697281135,25.336471829976677,5.559742542439781,nan,nan
82.46000000000001,187.8584442138672,-182.37062072753906,-13.48497200012207,188.91518821981964,-182.53422715910054,-13.485844537692348,1.069334241426192,0.46167062218504756,0.07458581954749086,3.500475962867972e-05,16.757594664129797,25.61446925488055,nan,3.995591401354553,nan
82.47,187.84988403320312,-182.3759307861328,-13.487112998962402,188.90661573730256,-182.53936382881713,-13.488040283773085,1.0692956156961777,0.4617213235642736,0.07460455447041092,3.5710492957999306e-05,16.722206967582068,25.075732205936863,nan,nan,nan
82.48,187.84132385253906,-182.38128662109375,-13.489328384399414,188.89804553041347,-182.5445374200667,-13.489629871711024,1.06925750815676,0.4617721118783983,0.074623354076299,3.5013270742538094e-05,16.663989505552113,24.757043055461548,nan,0.32792810346909856,nan
82.49,187.832763671875,-182.3866729736328,-13.491617202758789,188.8894735643012,-182.54974917958498,-13.491969073619302,1.0692192336056454,0.4618229872976846,0.0746422185146895,3.5719364356521206e-05,16.62742987959918,24.959408666876403,nan,nan,nan
82.5,187.82420349121094,-182.39208984375,-13.493978500366211,188.88362708537494,-182.55196314299187,-13.492288960941499,1.0714199355179646,0.46175678884719523,0.07463674580044201,3.50006035686489e-05,17.186600480016967,25.373087184239438,1.6036538813522963,3.0204499541741283,nan
82.51,187.81565856933594,-182.3975372314453,-13.496402740478516,188.87506249614154,-182.5572334443146,-13.494749944295714,1.0713740207187863,0.46180744481087665,0.07465562065699534,3.570617988090484e-05,17.14270345707068,25.88014564003789,nan,nan,nan
82.52,187.80709838867188,-182.4030303955078,-13.498834609985352,188.86649991905855,-182.56253888669818,-13.49665147004129,1.0713446352353109,0.4618581876221843,0.07467456039956452,3.500913743404032e-05,17.165477723170177,25.265380825504074,nan,0.25052300140138334,nan
82.53,187.7985382080078,-182.4085693359375,-13.501246452331543,188.85793597176948,-182.5678804123562,-13.499137155287219,1.0713113880039389,0.4619090174475962,0.07469356517679242,3.571507463983098e-05,17.11832317124883,24.872488440256745,nan,nan,nan
82.54,187.7899932861328,-182.41412353515625,-13.503623962402344,188.84936871123452,-182.57325843955235,-13.50298883374636,1.0712612251430484,0.46195993441048927,0.07471263512923257,3.5017693132241924e-05,16.966753757286643,25.69283860355247,nan,1.3670857373570005,nan
82.55,187.78143310546875,-182.4197235107422,-13.505960464477539,188.8473474330609,-182.57779475046965,-13.505417582189267,1.0775714200536124,0.46189364649533265,0.07470712040298169,3.5701918875217386e-05,17.38917300392564,25.127901023892267,1.2786122217437248,nan,nan
82.56,187.7728729248047,-182.42535400390625,-13.508255004882812,188.83880132557977,-182.58322909336826,-13.506424269765981,1.077558003562974,0.4619443437357163,0.07472619997170246,3.500504567121641e-05,17.440447701427388,25.234050039532605,nan,1.3631524773475048,nan
82.57000000000001,187.7643280029297,-182.43101501464844,-13.510505676269531,188.83025229807768,-182.5886987246404,-13.508764105123795,1.0775257715960371,0.4619951278987758,0.0747453447736396,3.571081956513906e-05,17.39237560635261,25.568742417276354,nan,nan,nan
82.58,187.75576782226562,-182.4367218017578,-13.512711524963379,188.82170108769057,-182.59420290863872,-13.512128528118092,1.0775037657703312,0.462045999111143,0.07476455495009539,3.501360766210008e-05,17.282133888410684,24.818741013296627,nan,0.8043450290633171,nan
82.59,187.74722290039062,-182.44244384765625,-13.514874458312988,188.8131529479792,-182.59973888433166,-13.514393109735298,1.0774733530864526,0.462096957534432,0.07478383064859909,3.571973526932997e-05,17.24119120038855,25.59950875951472,nan,nan,nan
82.60000000000001,187.73866271972656,-182.44821166992188,-13.51699447631836,188.8192949766386,-182.5935235751854,-13.517272577994124,1.0903585198597001,0.46203058019569476,0.07477826982879057,3.500097355831333e-05,19.37864030179887,25.72748490195496,27.42375993810673,0.3147724477641012,nan
82.61,187.73011779785156,-182.45401000976562,-13.519071578979492,188.8107811235201,-182.59906574114885,-13.5194596493484,1.0903552353479524,0.46208131862718477,0.07479755432319513,3.57065775841416e-05,19.346791749164485,26.028546347283203,nan,nan,nan
82.62,187.7215576171875,-182.4598388671875,-13.52110767364502,188.80226887899136,-182.60463945118835,-13.521127846682326,1.0903687637325366,0.46213214401903474,0.07481690438773163,3.500952811620852e-05,19.309387800544677,25.768567992104664,nan,0.1613362101024001,nan
82.63,187.7130126953125,-182.46568298339844,-13.523103713989258,188.79375605416854,-182.6102451045536,-13.523229417989233,1.0903689423244824,0.4621830565300835,0.07483632016930936,3.571548683678354e-05,19.27390456232106,26.432392512938318,nan,nan,nan
82.64,187.70445251464844,-182.47157287597656,-13.525059700012207,188.78524359034662,-182.61588165632557,-13.525308124877968,1.0903827012153007,0.4622340562911149,0.07485580181015418,3.501809145157067e-05,19.241946232221345,25.72089205318389,nan,0.0001885886989209881,nan
82.65,187.69590759277344,-182.4774932861328,-13.526976585388184,188.7802137875296,-182.62622685875405,-13.527399174141417,1.0944595827130843,0.46216758960445575,0.07485019081228236,3.57023318255266e-05,18.873973534743502,25.790827149861403,1.3720876335508874,nan,nan
82.66,187.68736267089844,-182.4834442138672,-13.528855323791504,188.77170611109398,-182.63193956574398,-13.529556539398476,1.0944642787809185,0.4622183691051082,0.07486968041122048,3.500543927452193e-05,18.84871965774532,25.760975821348808,nan,0.020260999229907203,nan
82.67,187.67880249023438,-182.4894256591797,-13.530696868896484,188.76319933213762,-182.637682369597,-13.531509439945498,1.0944849122693279,0.4622692356328297,0.07488923591861364,3.57112230417419e-05,18.819727036339557,25.47109915870389,nan,nan,nan
82.68,187.67025756835938,-182.4954376220703,-13.532501220703125,188.75469444076236,-182.6434542846197,-13.532667387937579,1.0944917954151085,0.4623201893207504,0.07490885747719349,3.50139871615484e-05,18.76795734838403,25.657715755551934,nan,0.4064140127314649,nan
82.69,187.66171264648438,-182.50146484375,-13.534269332885742,188.74618843750187,-182.64925613565705,-13.534541361675148,1.094499922917422,0.46237123032419897,0.07492854523311561,3.572011908497797e-05,18.733559299184762,26.070158898092227,nan,nan,nan
82.7,187.65316772460938,-182.50753784179688,-13.536003112792969,188.70248363082706,-182.62583130847284,-13.535931157738894,1.0559626984307686,0.4535494337132491,0.06958246146282389,3.50012736454488e-05,26.59098690545383,33.18564709815874,1.5888188928738018,0.18234331433365378,0.10602025098808562
82.71000000000001,187.6446075439453,-182.5136260986328,-13.537701606750488,188.69397850359871,-182.63165378002262,-13.537732708126825,1.0559876635195367,0.45360356485268893,0.06959310753244094,3.5706875560988105e-05,26.54306207869594,33.321717478740226,nan,nan,nan
82.72,187.6360626220703,-182.51976013183594,-13.539366722106934,188.68549775672957,-182.63752576257417,-13.540828587905738,1.0560231923078638,0.45365778198677104,0.06960381181750622,3.500979908665359e-05,26.558188113254463,33.07651969846515,nan,1.2436027988515468,nan
82.73,187.6275177001953,-182.52590942382812,-13.540998458862305,188.67699392204213,-182.64340444371783,-13.542577760224122,1.0560340496942047,0.45371208616706593,0.06961457519184114,3.5715750673982596e-05,26.518916298691487,33.41831081567617,nan,nan,nan
82.74,187.6189727783203,-182.53208923339844,-13.542597770690918,188.66845484641973,-182.64927850230637,-13.542255646134295,1.056004759960214,0.4537664766446428,0.06962539708406226,3.501832624663741e-05,26.404869776365956,33.21692774257043,nan,2.933999609833926,nan
82.75,187.6104278564453,-182.5382843017578,-13.544164657592773,188.66830620224712,-182.65987656806627,-13.543903059121337,1.0648433416123528,0.4536928610708449,0.06961927472997996,3.570255546098413e-05,26.194054244172612,33.40298767338595,1.4158320175314216,nan,nan
82.76,187.6018829345703,-182.54452514648438,-13.545701026916504,188.65984469940202,-182.66587161855438,-13.546943633864938,1.0648988713496106,0.45374701737749845,0.06963014182976937,3.5005632687090186e-05,26.189617550512786,32.816092033350074,nan,1.3951935914215798,nan
82.77,187.5933380126953,-182.55078125,-13.547205924987793,188.65135945489135,-182.67187157091834,-13.548562474773927,1.0649291423348364,0.45380126061678194,0.06964106825497653,3.5711400157112447e-05,26.148511534034665,33.15887866097536,nan,nan,nan
82.78,187.5847930908203,-182.5570068359375,-13.548681259155273,188.6428677154053,-182.677866332077,-13.549740632435524,1.0649554221982616,0.45385559009328336,0.06965205348845303,3.501413341354445e-05,26.075255610358987,33.282719392207014,nan,0.11945669915095262,nan
82.79,187.5762481689453,-182.56317138671875,-13.550127983093262,188.63438365430065,-182.68381836682155,-13.551297482955631,1.064991909314821,0.453910006777881,0.06966309832339504,3.572024473618118e-05,26.0257543369372,32.810657979159735,nan,nan,nan
82.8,187.56771850585938,-182.56922912597656,-13.551545143127441,188.61298499326938,-182.6775014376371,-13.552131976763219,1.0508592995965151,0.45383629653982266,0.06965709559978765,3.500142586073546e-05,27.142037075657854,34.01442128061759,14.098965503845477,0.2411489999520229,nan
82.81,187.55917358398438,-182.5751953125,-13.552933692932129,188.60447164644674,-182.68321939975684,-13.553625179251158,1.0508652249306645,0.4538904786706266,0.06966818520487661,3.570700454499724e-05,27.090373216257163,33.2864416064253,nan,nan,nan
82.82000000000001,187.55062866210938,-182.58102416992188,-13.55429458618164,188.59596295460713,-182.68883118058483,-13.555359746211478,1.0508792838312857,0.45394474697769377,0.0696793339036982,3.500989452560205e-05,27.04958093072463,33.96528586537476,nan,0.050789154744356815,nan
82.83,187.54208374023438,-182.58676147460938,-13.555628776550293,188.58744993341944,-182.69432640216607,-13.55680252886607,1.0508863255314538,0.4539991023791683,0.06969054243777925,3.571581899699761e-05,26.99952375109316,33.32801733673322,nan,nan,nan
82.84,187.53353881835938,-182.59237670898438,-13.556937217712402,188.5789199318849,-182.69969385992218,-13.55716416817916,1.0508752042501583,0.45405354425908834,0.06970181036681267,3.5018362082498616e-05,26.90464777493406,33.475706371325636,nan,0.785767732314142,nan
82.85000000000001,187.52500915527344,-182.59788513183594,-13.558218002319336,188.56662491111712,-182.7094231472629,-13.558671710354746,1.0475706742545656,0.45397974081759457,0.069695923596367,3.570256252177789e-05,25.906319364425546,33.21185988836766,6.1626699865179315,nan,nan
82.86,187.51646423339844,-182.60328674316406,-13.559473991394043,188.55810299431272,-182.71460385217455,-13.559455656287216,1.0475699534320697,0.45403394778985584,0.06970723585723253,3.5005608767479956e-05,25.842779670342733,32.80422138439054,nan,0.23354975123835842,nan
82.87,187.50791931152344,-182.6085662841797,-13.560705184936523,188.54959002950656,-182.7196843561701,-13.560784876369821,1.0475806016613067,0.4540882417427809,0.06971860818441956,3.5711342261519775e-05,25.78291853230819,33.21586622231819,nan,nan,nan
82.88,187.49937438964844,-182.61375427246094,-13.561911582946777,188.54105586810175,-182.7246404956564,-13.56075577519182,1.0475673691647702,0.4541426221118235,0.06973004018647283,3.501404637642513e-05,25.76327788901864,32.82534140627611,nan,1.256655399839096,nan
82.89,187.49082946777344,-182.6189727783203,-13.563203811645508,188.53254245380072,-182.7295817081449,-13.562079214345436,1.0475693510855961,0.4541970897376592,0.0697415325322099,3.572012055803377e-05,25.7131974895152,33.059353879535564,nan,nan,nan
82.9,187.48228454589844,-182.62423706054688,-13.564579010009766,188.49264422938782,-182.72529226912502,-13.564469178885922,1.015400835761137,0.45412319301416815,0.06973575678048252,3.5001277070811924e-05,25.104288420420925,32.89408312614551,7.754813469206657,0.621333594421313,nan
82.91,187.4737548828125,-182.62953186035156,-13.566038131713867,188.48408042462054,-182.73030464563817,-13.565973187608886,1.0153387902084086,0.4541774253562552,0.06974729296778065,3.5706815871931734e-05,25.054795299691563,33.40524554154207,nan,nan,nan
82.92,187.4652099609375,-182.63487243652344,-13.567578315734863,188.47551158599273,-182.73535092520478,-13.56724595075124,1.0152858763636068,0.4542317440508742,0.0697588891047925,3.5009681291362765e-05,25.01078290438293,32.92692664616759,nan,0.06998556993544351,nan
82.93,187.4566650390625,-182.6402587890625,-13.56920051574707,188.4669471583142,-182.74043886521326,-13.568913110569902,1.015236962851058,0.45428614988901256,0.06977054581446272,3.5715563176999934e-05,24.964158231141777,32.6396599533532,nan,nan,nan
82.94,187.4481201171875,-182.64566040039062,-13.570902824401855,188.4583715047603,-182.74555445085505,-13.569924727712607,1.0151786266879728,0.45434064238095,0.06978226277363823,3.501808436369568e-05,24.93988853996162,33.332481957710925,nan,0.38327791779586734,nan
82.95,187.4395751953125,-182.65110778808594,-13.572684288024902,188.47190457059608,-182.75190641922927,-13.57181328408362,1.0372391536003758,0.45426665369960967,0.06977659409980837,3.570224259999817e-05,26.19860226342542,33.59142849085164,8.489584677568423,nan,nan
82.96000000000001,187.4310302734375,-182.65660095214844,-13.574543952941895,188.46336883478523,-182.75708093760696,-13.573679367027756,1.037217373664771,0.4543209105592722,0.0697883544070834,3.500526975381423e-05,26.154673940949838,33.34058460437603,nan,0.0009860764541329702,nan
82.97,187.4224853515625,-182.662109375,-13.576480865478516,188.45483358686832,-182.76229163277964,-13.575661341525446,1.0371981658932743,0.454375254449442,0.0698001755133859,3.571095611497392e-05,26.10474082920845,33.93711330279935,nan,nan,nan
82.98,187.4139404296875,-182.66766357421875,-13.578495025634766,188.44629984987228,-182.7675388160806,-13.577832777023453,1.0371795770041123,0.45442968492800473,0.0698120571383424,3.501364414377083e-05,26.052759300869063,33.59315094011649,nan,0.008760106068925837,nan
82.99,187.4053955078125,-182.6732635498047,-13.580584526062012,188.43776456481098,-182.7728192577154,-13.57997110717896,1.0371584185206495,0.45448420271425616,0.06982399984116018,3.5719669145043474e-05,26.006834314678297,33.290678532003795,nan,nan,nan
83.0,187.39686584472656,-182.6788787841797,-13.582748413085938,188.44944413491777,-182.78093714956623,-13.58168796435813,1.0575150549655172,0.4544101221126144,0.06981843328963623,3.50008157392802e-05,26.920972395601034,34.593287770801865,6.443018674819627,0.3454159365857479,nan
83.01,187.38832092285156,-182.68453979492188,-13.584986686706543,188.44093814696691,-182.78627385030444,-13.583974389815994,1.0575225119466185,0.4544644038976524,0.06983041879903625,3.570630371079537e-05,26.874092263518243,33.93533929466625,nan,nan,nan
83.02,187.37977600097656,-182.6902313232422,-13.587297439575195,188.43242446970916,-182.79163705488298,-13.585748222732535,1.0575227284590702,0.45451877220418496,0.06984246509112872,3.500915931662776e-05,26.870026229572417,34.084840663410695,nan,0.24313574912342834,nan
83.03,187.37123107910156,-182.69595336914062,-13.589680671691895,188.42391899539422,-182.79704005503515,-13.588176820313127,1.0575313842826037,0.4545732277062394,0.06985457268548231,3.571498873123868e-05,26.820431611668667,34.1496897375763,nan,nan,nan
83.04,187.36268615722656,-182.7017059326172,-13.59212589263916,188.41539483828737,-182.80245997566857,-13.589263849135973,1.0575231135370031,0.45462777002984767,0.06986674136080581,3.5017503389342146e-05,26.946283280263987,34.36388562168218,nan,1.401493412512971,nan
83.05,187.35415649414062,-182.70748901367188,-13.594576835632324,188.3967517899246,-182.81031792746063,-13.591798352896468,1.047657604500702,0.4545535987049741,0.0698612727559213,3.5701611107721246e-05,25.892805791403216,34.20099769456299,5.027281860238337,nan,nan
83.06,187.34561157226562,-182.71331787109375,-13.597007751464844,188.3882308072868,-182.81583744968344,-13.59387823067599,1.0476521021458851,0.45460790468385076,0.06987348369064475,3.500463494947307e-05,25.912063493009967,33.45927784364058,nan,0.13131585919006641,nan
83.07000000000001,187.33706665039062,-182.7191619873047,-13.59940242767334,188.37971574732896,-182.82139295560413,-13.596358097206767,1.0476533673757524,0.45466229774653755,0.06988575614946324,3.571026631911159e-05,25.84499535913705,33.99696382596354,nan,nan,nan
83.08,187.32852172851562,-182.72503662109375,-13.601758003234863,188.37120561530287,-182.82698336103323,-13.599173269101383,1.0476590601911409,0.4547167775617943,0.06989808994757739,3.5012954370347266e-05,25.72939571222519,33.82064603155003,nan,0.0976360742643391,nan
83.09,187.3199920654297,-182.73095703125,-13.604068756103516,188.36269106174927,-182.83260064378294,-13.601579092276644,1.0476444145417807,0.4547713447393287,0.06991048555013624,3.571892329720047e-05,25.6666062005127,33.692480764286096,nan,nan,nan
83.10000000000001,187.3114471435547,-182.7368927001953,-13.60633659362793,188.37129129141127,-182.84765964329895,-13.605009226017007,1.0656175183128047,0.45469708283406196,0.0699051099134587,3.500007664678025e-05,25.18255288229948,33.35376687882716,5.10381583100256,0.7746309838474147,nan
83.11,187.30291748046875,-182.7428741455078,-13.608558654785156,188.3628091290208,-182.85336224276227,-13.607339636969886,1.0656356846078938,0.45475141330528784,0.06991754718418998,3.570550781824621e-05,25.12797055961146,33.15884702757762,nan,nan,nan
83.12,187.29437255859375,-182.74887084960938,-13.610737800598145,188.35436079063564,-182.85912200791503,-13.612345050923514,1.0657077241104318,0.4548058304584837,0.06993004604746862,3.500836994987708e-05,25.11303866670069,33.285644486235924,nan,5.214507718129487,nan
83.13,187.28582763671875,-182.75489807128906,-13.612874031066895,188.34587966908236,-182.8648837182101,-13.614616812331176,1.065743961340343,0.4548603348632976,0.0699426069350597,3.5714141816776974e-05,25.077392271915635,33.188338905853485,nan,nan,nan
83.14,187.2772979736328,-182.76095581054688,-13.614967346191406,188.337395523943,-182.8706715192162,-13.616553877170777,1.065761169297804,0.4549149262487782,0.06995522971197199,3.501666626081784e-05,25.016638834105787,33.35444733623722,nan,0.060502332221065803,nan
83.15,187.2687530517578,-182.7670440673828,-13.617018699645996,188.32675181186727,-182.8661219230959,-13.618812231370807,1.062629293141262,0.4548405748453813,0.06994994266211166,3.570071949460075e-05,26.512022403824854,33.92025857130302,13.353802223939935,nan,nan
83.16,187.26022338867188,-182.77316284179688,-13.61902904510498,188.31826174602006,-182.87192434662052,-13.621158262227613,1.0626398891537165,0.4548949291858431,0.069962606507857,3.500375617597272e-05,26.50688079572811,34.113380115104945,nan,0.0278582627706674,nan
83.17,187.25169372558594,-182.779296875,-13.621000289916992,188.30976990986687,-182.877752733449,-13.623268030585853,1.0626494767575876,0.45494937066781077,0.06997533259519145,3.570932914656245e-05,26.47485644600068,34.37789173437996,nan,nan,nan
83.18,187.24314880371094,-182.7854766845703,-13.622931480407715,188.3012496493378,-182.8835851673615,-13.62280451842964,1.0626394920344318,0.45500389905764393,0.06998812081947454,3.5012033164675754e-05,26.28863536013555,33.42364833620193,nan,4.532494002037781,nan
83.19,187.234619140625,-182.7916717529297,-13.624823570251465,188.29275871592614,-182.8894683542314,-13.624812216911826,1.062649300650758,0.4550585148688438,0.07000097156717086,3.57179433934365e-05,26.242659297926874,34.0335338010421,nan,nan,nan
83.2,187.22608947753906,-182.7978973388672,-13.626679420471191,188.2844890620364,-182.89759535921564,-13.62583350003175,1.0630851759416822,0.4549840742026182,0.069995768100912,3.49991192764264e-05,25.945248554341244,33.709006798878946,1.0914691521089905,0.7834532483425265,nan
83.21000000000001,187.21754455566406,-182.8041534423828,-13.628497123718262,188.2760012166159,-182.9035424801293,-13.627759332221782,1.063112989420112,0.45503845261465975,0.070008659277994,3.570449175865409e-05,25.896333443342286,33.35684034902289,nan,nan,nan
83.22,187.20901489257812,-182.8104248046875,-13.630279541015625,188.26750673331165,-182.90951011548015,-13.628987121804546,1.063120193610175,0.4550929178601134,0.07002161283467288,3.500737568772705e-05,25.88244115978611,33.888827540169814,nan,0.3097163013208032,nan
83.23,187.2004852294922,-182.8167266845703,-13.632025718688965,188.2590199630937,-182.91550952634162,-13.630835825780105,1.063134633014257,0.4551474704179463,0.07003462912999496,3.571308882696943e-05,25.8287326222323,33.75166757457413,nan,nan,nan
83.24,187.19195556640625,-182.82305908203125,-13.633736610412598,188.25054196115897,-182.92154115547547,-13.633440315646775,1.0631575432343168,0.4552021101064805,0.07004770810026523,3.501563791329693e-05,25.74673131260717,33.53614821241101,nan,0.440354212658833,nan
83.25,187.18341064453125,-182.82940673828125,-13.635414123535156,188.2385371919644,-182.93468949107364,-13.635078789463654,1.0603662582252922,0.4551275811585025,0.07004258365912115,3.5699636177635445e-05,24.472051136247536,32.76900757669881,9.562295515997224,nan,nan
83.26,187.1748809814453,-182.83578491210938,-13.63705825805664,188.2300547960587,-182.94080347035646,-13.636977479931891,1.0603870440302394,0.4551819831138778,0.07005570240894966,3.500270006096808e-05,24.421941282614664,32.807482485163234,nan,0.015044912990356738,nan
83.27,187.16635131835938,-182.84219360351562,-13.638669967651367,188.22157135347945,-182.94694104953928,-13.638699528958465,1.0604062197295694,0.45523647227320624,0.07006888410999056,3.570821474612106e-05,24.375522729065388,32.56201856517072,nan,nan,nan
83.28,187.15782165527344,-182.84861755371094,-13.64024829864502,188.2130706610582,-182.95308917803814,-13.63863796760055,1.0604090614783332,0.4552910484865806,0.07008212872316417,3.501094857919125e-05,24.40199629455173,32.96261611297676,nan,2.166490180345015,nan
83.29,187.1492919921875,-182.85507202148438,-13.641796112060547,188.20458799267155,-182.95927542424684,-13.640280224648746,1.0604292978315673,0.45534571218517117,0.07009543657074661,3.571680082271939e-05,24.345674503638683,32.65884969651422,nan,nan,nan
83.3,187.14076232910156,-182.86154174804688,-13.643312454223633,188.17741211901176,-182.95115508254892,-13.642289044760567,1.0405164025657485,0.45527109526954995,0.07009038612525806,3.499801246099356e-05,25.30255279332433,33.554395028450806,13.03529078497823,0.1495985061010717,nan
83.31,187.13223266601562,-182.8680419921875,-13.64479923248291,188.1688930883236,-182.95734368156292,-13.643874830544156,1.040500109285927,0.45532552088825,0.0701037330661965,3.5703327514045994e-05,25.251305222781802,33.26954876738175,nan,nan,nan
83.32000000000001,187.1237030029297,-182.87449645996094,-13.646256446838379,188.16037355715304,-182.96352423817788,-13.645312114809304,1.0404867490991763,0.45538003348271844,0.07011714315160744,3.500624592841032e-05,25.20186423499295,33.479126626132114,nan,0.010109591788074294,nan
83.33,187.11517333984375,-182.88087463378906,-13.647684097290039,188.151855522593,-182.96964524938682,-13.646839568566923,1.040476277217366,0.455434633455073,0.07013061668181411,3.571190212799875e-05,25.143077606527502,33.25367970946549,nan,nan,nan
83.34,187.10665893554688,-182.88714599609375,-13.649083137512207,188.14332592202197,-182.97566379939832,-13.647047065592547,1.0404412467497088,0.4554893206991143,0.07014415365055038,3.501448792887905e-05,25.185342670236345,33.68880372612035,nan,1.1775344393194025,nan
83.35000000000001,187.09812927246094,-182.893310546875,-13.6504545211792,188.142769594281,-182.97845509198257,-13.64846674281835,1.0481063623491145,0.4554146167096684,0.0701391724925687,3.569843335579095e-05,26.138749283518816,33.62523778955589,4.031168817845489,nan,nan
83.36,187.089599609375,-182.89935302734375,-13.651799201965332,188.13426205033414,-182.98423668705178,-13.65001694249203,1.048106877987629,0.4554690655445059,0.07015274785609059,3.5001535863855865e-05,26.06422828926995,33.681462033726426,nan,0.009934495129544018,nan
83.37,187.08106994628906,-182.90528869628906,-13.653116226196289,188.12575343479133,-182.98990024565956,-13.651423486965596,1.048105705929634,0.4555236016504178,0.07016638687203756,3.570699498697815e-05,26.000749567220684,33.3776226663345,nan,nan,nan
83.38,187.07254028320312,-182.9110870361328,-13.654407501220703,188.11723618496467,-182.99544024630248,-13.651828979318914,1.0480990602030367,0.4555782249476194,0.07018008955359661,3.500976940291364e-05,26.054437199358453,34.0467635889488,nan,0.6715993357351534,nan
83.39,187.06402587890625,-182.9167938232422,-13.655673027038574,188.10872742965722,-183.00087091344741,-13.653175267330571,1.0480823088109168,0.4556329357984985,0.07019385617200855,3.571556681100418e-05,25.985985523339746,33.60056289784818,nan,nan,nan
83.4,187.0554962158203,-182.92236328125,-13.656913757324219,188.11885504405373,-183.01806032434706,-13.655380832041109,1.0676573755186605,0.4555581451145663,0.07018893924534544,3.499682409507664e-05,25.26133507218244,33.41271377936156,7.9003781773818025,0.5027780617592438,nan
83.41,187.04696655273438,-182.927978515625,-13.658238410949707,188.11038124222932,-183.02337107191113,-13.656742407235322,1.0676857120218255,0.45561261721680935,0.07020274352704267,3.570208524450564e-05,25.21311981577869,33.10006281769717,nan,nan,nan
83.42,187.03843688964844,-182.9336395263672,-13.659646987915039,188.10190179739348,-183.0287120706509,-13.657548938609645,1.0677082000680893,0.4556671764283992,0.07021661169674764,3.50050475615456e-05,25.234093122603095,32.81525860947859,nan,0.28935360111417874,nan
83.43,187.0299072265625,-182.93931579589844,-13.661137580871582,188.0934274257464,-183.03409086228692,-13.659073434389919,1.067736759684613,0.45572182308785103,0.07023054400858605,3.5710650709786986e-05,25.182849144221258,33.419615012640215,nan,nan,nan
83.44,187.02137756347656,-182.94503784179688,-13.662711143493652,188.08495980849344,-183.0395080386497,-13.6615284987961,1.0677702040500228,0.45577655715129095,0.07024454050135076,3.5013281960940814e-05,25.06049515029185,32.881076529283646,nan,0.5068288063219822,nan
83.45,187.01284790039062,-182.95077514648438,-13.6643648147583,188.08843367570773,-183.03674731309135,-13.663290192272012,1.0790167414406004,0.4557016805929019,0.07023968297397562,3.569717850248554e-05,27.01269773413236,34.55179951845508,16.298745426556934,nan,nan
83.46000000000001,187.00433349609375,-182.95655822753906,-13.666097640991211,188.07997927197974,-183.04218225454815,-13.666384362055243,1.0790483730545128,0.4557561755831091,0.07025371638450871,3.5000327687614406e-05,26.94092998102984,34.44080133909644,nan,1.2181358965156335,nan
83.47,186.9958038330078,-182.96237182617188,-13.6679105758667,188.07151451095044,-183.04764158464678,-13.668258704603298,1.0790850362894324,0.45581075791579967,0.07026781413958894,3.570573575344663e-05,26.900896723453744,34.17205637688655,nan,nan,nan
83.48,186.98727416992188,-182.9682159423828,-13.669800758361816,188.06305242907126,-183.0531344720436,-13.670553718372695,1.0791249169984989,0.4558654275685542,0.07028197629296437,3.5008558124002995e-05,26.872426369299806,34.22234568073995,nan,0.08224915027561126,nan
83.49,186.97874450683594,-182.97409057617188,-13.671768188476562,188.05458799126092,-183.05865675420546,-13.672588886507606,1.0791623209657324,0.4559201848476247,0.07029620307638457,3.571430547595986e-05,26.83369192679215,34.21451189879245,nan,nan,nan
83.5,186.97021484375,-182.97999572753906,-13.673810958862305,188.06880068586955,-183.06707219105144,-13.674357937992115,1.10203151596926,0.45584522284649437,0.07029139986615619,3.49956148022499e-05,27.823466481415668,34.68764921848887,5.719629846478898,0.04018990918354569,nan
83.51,186.96168518066406,-182.98593139648438,-13.67593002319336,188.06037014311607,-183.07264413372158,-13.676542914733737,1.1021016836723314,0.45589974072003614,0.07030566279200837,3.570082705538156e-05,27.785503988849996,34.623722338249635,nan,nan,nan
83.52,186.9531707763672,-182.9918975830078,-13.678122520446777,188.0519372721404,-183.0782442207067,-13.678449824788165,1.1021541004795081,0.4559543458282775,0.07031999032900642,3.500383930640761e-05,27.73721470024872,34.87508101065439,nan,0.08838009831277756,nan
83.53,186.94464111328125,-182.99789428710938,-13.680389404296875,188.04350720257435,-183.0838756000496,-13.68078191476796,1.1022248511250767,0.4560090384583074,0.07033438269593606,3.570939463150496e-05,27.698734235005386,34.55368424770645,nan,nan,nan
83.54,186.9361114501953,-183.00392150878906,-13.68272876739502,188.03507617764635,-183.08953529282113,-13.68301525301936,1.1022945496879795,0.45606381861653045,0.07034883996595886,3.501207670559012e-05,27.657211442849686,34.53329269159149,nan,0.021097461298253038,nan
83.55,186.92758178710938,-183.00997924804688,-13.685139656066895,188.016529812632,-183.08102218542098,-13.685365571669497,1.0912630078391854,0.45598877193137777,0.07034408614082018,3.569592944337763e-05,29.218349999111627,35.55203655380929,15.346120153963003,nan,nan
83.56,186.9190673828125,-183.0160675048828,-13.687609672546387,188.0080728749224,-183.08668593915712,-13.687423661864836,1.0912927928401406,0.4560433123642528,0.07035857876263822,3.499913003948478e-05,29.180331413862255,35.775565751419634,nan,0.16533907083146465,nan
83.57000000000001,186.91053771972656,-183.0221710205078,-13.690085411071777,187.99961984527974,-183.09238031334377,-13.689994172120755,1.0913428559918716,0.45609794021472194,0.0703731364112974,3.5704492624115324e-05,29.140940084275872,35.78599253955462,nan,nan,nan
83.58,186.90200805664062,-183.02830505371094,-13.69253921508789,187.99116585173206,-183.09810154437892,-13.69229938418089,1.0913919141339068,0.45615265550620926,0.07038775917111136,3.5007367050824805e-05,29.104091273445825,35.684958213290734,nan,0.04689732864137797,nan
83.59,186.89349365234375,-183.0344696044922,-13.69495677947998,187.98271393135357,-183.10385148194632,-13.694832158165795,1.091427815595593,0.4562074585002143,0.0704024472441661,3.5713070071000273e-05,29.064091079301143,35.87964217498605,nan,nan,nan
83.60000000000001,186.8849639892578,-183.04066467285156,-13.697334289550781,187.97539529457592,-183.09790162981173,-13.698974339338996,1.0919336933271706,0.45613232760343236,0.07039773769818028,3.499443457440026e-05,31.080549654601324,36.91056259944343,15.057083681126258,2.04801637962214,nan
83.61,186.87644958496094,-183.04689025878906,-13.699666976928711,187.96693708361633,-183.103652989547,-13.701444051942769,1.0919652697418523,0.4561868905467326,0.07041246030533489,3.569960376295478e-05,31.05743587996831,37.10198026516845,nan,nan,nan
83.62,186.867919921875,-183.05313110351562,-13.701955795288086,187.95848000768453,-183.1094314904131,-13.704022162590789,1.0920143333306211,0.45624154084255686,0.07042724822735685,3.500266884360322e-05,31.055385293176904,37.044982187953906,nan,0.016258076354607215,nan
83.63,186.85940551757812,-183.0594024658203,-13.704198837280273,187.95002220895972,-183.11523566984349,-13.70640624615586,1.092047154130984,0.45629627873738654,0.0704421016568275,3.570818228255259e-05,31.033882089957345,37.23131339621298,nan,nan,nan
83.64,186.8508758544922,-183.06570434570312,-13.706398010253906,187.94156405445545,-183.12106537369468,-13.708622942710239,1.0920945670059112,0.4563511042772338,0.07045702069230819,3.501091749354264e-05,31.00448074820438,36.820729548994144,nan,0.010827592390064209,nan
83.65,186.8423614501953,-183.072021484375,-13.7085542678833,187.94620012673673,-183.12903819764136,-13.710870040183313,1.1053126671769151,0.4562758898773965,0.07045235041520896,3.5694732071591845e-05,31.56818379997684,37.49045071350333,1.636025980061058,nan,nan
83.66,186.83383178710938,-183.078369140625,-13.71066665649414,187.93777000211315,-183.1349196863484,-13.71425968809901,1.10539153997281,0.456330475051573,0.07046730315087348,3.499798584405708e-05,31.7525068200071,37.37608280709486,nan,0.9120022819564599,nan
83.67,186.8253173828125,-183.08474731445312,-13.712738037109375,187.9293341604997,-183.14082184411532,-13.716482792647055,1.1054462544537011,0.4563851477214613,0.07048232158511403,3.570330901784206e-05,31.741926997984574,37.392419333257806,nan,nan,nan
83.68,186.81678771972656,-183.0911407470703,-13.714767456054688,187.9188033344936,-183.16360059533778,-13.71979322019355,1.1044066746930097,0.45642106921608255,0.069286707950814,3.500617603369323e-05,39.86119803909718,45.50299060350514,nan,0.9043298925613995,0.2344557366516971
83.69,186.8082733154297,-183.09756469726562,-13.716755867004395,187.91035732460898,-183.16958118899817,-13.721946922423381,1.1044466874532837,0.45647571834350503,0.06929762125598145,3.571183945353496e-05,39.84778876219461,45.61741432102659,nan,nan,nan
83.7,186.7997589111328,-183.10401916503906,-13.718705177307129,187.90442606667773,-183.18254442612286,-13.723512269164129,1.1074650555661325,0.45640118331434826,0.06929136245131022,3.4993262932569314e-05,38.543164868472545,44.44479847350526,7.452007093090639,0.2624659263730189,nan
83.71000000000001,186.79124450683594,-183.11048889160156,-13.720616340637207,187.89599161343324,-183.18860634363898,-13.725583913269766,1.107516673746173,0.45645559574454553,0.06930231984711029,3.5698393875024904e-05,38.52430217151566,44.5871108403852,nan,nan,nan
83.72,186.78271484375,-183.11697387695312,-13.722488403320312,187.88755837369868,-183.19469391502724,-13.727822470839147,1.1075866026022525,0.4565100946165624,0.06931333576816642,3.500151534784328e-05,38.59560347141612,44.68081423637689,nan,0.029499594496439997,nan
83.73,186.77420043945312,-183.1234893798828,-13.724323272705078,187.87912472615324,-183.20080253133756,-13.729821983088595,1.1076394894294332,0.45656468012181817,0.06932441068535566,3.5706991804098356e-05,38.57924741517195,44.7029333289134,nan,nan,nan
83.74,186.76568603515625,-183.13003540039062,-13.72612190246582,187.8706890500745,-183.20692759189964,-13.73115412754999,1.1076865059134677,0.4566193523599619,0.06933554442512335,3.50097831433202e-05,38.40692866454094,44.32129234831815,nan,0.28134026144893903,nan
83.75,186.75717163085938,-183.1365966796875,-13.727885246276855,187.85390598489107,-183.21490064646295,-13.733059817048009,1.0995383261663771,0.4565447317254973,0.06932940479453432,3.56935641699271e-05,37.40344141186135,43.83679126910975,3.9703118097534316,nan,nan
83.76,186.7486572265625,-183.14317321777344,-13.729612350463867,187.8454653263658,-183.22109888852188,-13.735000281596106,1.099586034722886,0.4565991669285091,0.06934058223014056,3.499687357547594e-05,37.42879122122457,44.10135702500061,nan,0.0019975524587448955,nan
83.77,186.74014282226562,-183.1497802734375,-13.731306076049805,187.8370248951579,-183.22731859840493,-13.736854230081638,1.0996332368950845,0.45665368867400286,0.06935181890764318,3.570216234553042e-05,37.40909723216749,43.79055677196545,nan,nan,nan
83.78,186.73162841796875,-183.1564178466797,-13.732964515686035,187.8285850483025,-183.23356055275028,-13.73872308812885,1.099680866019614,0.45670829706884397,0.06936311468614399,3.500514526273739e-05,37.44347930651427,43.66713750914108,nan,0.001628978790538211,nan
83.79,186.72311401367188,-183.16305541992188,-13.734591484069824,187.82014563052542,-183.23982356848242,-13.740512060248717,1.0997303170468662,0.4567629922933505,0.0693744699878184,3.571077690040705e-05,37.422603481401445,44.15154207146924,nan,nan,nan
83.8,186.714599609375,-183.16973876953125,-13.736185073852539,187.85127354155355,-183.26188770456375,-13.743309605269063,1.1404252773723416,0.45668828658158056,0.06936844500889666,3.49922535090419e-05,37.958675598416654,43.77828269555015,14.842616574291306,0.8489004613893398,nan
83.81,186.70608520507812,-183.17642211914062,-13.737747192382812,187.8429023348224,-183.26822158737517,-13.745045921059939,1.1405409244251108,0.45674274443248825,0.0693798435675891,3.569735388441572e-05,37.94594977851233,44.348527174160694,nan,nan,nan
83.82000000000001,186.69757080078125,-183.18313598632812,-13.739277839660645,187.83453159628817,-183.27457617959422,-13.746719757280818,1.1406561890430178,0.4567972888482094,0.06939130150066768,3.500052602718154e-05,37.98330454294735,44.12602476460155,nan,0.0007320652557320368,nan
83.83,186.68905639648438,-183.1898651123047,-13.740778923034668,187.82616158387353,-183.28095171522278,-13.748395642959066,1.1407729795366328,0.45685192000298447,0.06940281920056902,3.570597305010144e-05,37.97195907817729,44.20080506881675,nan,nan,nan
83.84,186.6805419921875,-183.19662475585938,-13.742249488830566,187.817784876055,-183.2873247449953,-13.747697863171554,1.1408670166673465,0.4569066380130382,0.06941439657076284,3.500881452751458e-05,37.14350736792539,43.01734870841965,nan,3.8787845738847504,nan
83.85000000000001,186.67202758789062,-183.20330810546875,-13.743690490722656,187.79321018742897,-183.28148405193826,-13.749328379128883,1.1239188964954914,0.4568318478234352,0.06940848221282506,3.5692569014663516e-05,38.311927864769395,44.33407939074724,11.199965297882743,nan,nan
83.86,186.6635284423828,-183.2099151611328,-13.745102882385254,187.7848072739292,-183.28773668461653,-13.750526875569582,1.1239892469652148,0.45688632812701974,0.0694201023892898,3.499592784155756e-05,38.20072697170584,43.940282682671196,nan,0.09614398279931335,nan
83.87,186.65501403808594,-183.21640014648438,-13.74648666381836,187.77640581219853,-183.293889048905,-13.752063020160213,1.1240796843621883,0.45694089507889724,0.06943178257350738,3.570118945804768e-05,38.16723418121497,43.960720677372855,nan,nan,nan
83.88,186.64649963378906,-183.22276306152344,-13.747843742370605,187.76800284917383,-183.2999200447734,-13.752917083762682,1.124165646591051,0.4569955488003673,0.06944352269586869,3.500422115307561e-05,37.96640736054035,43.787914816428,nan,0.3029665628681557,nan
83.89,186.6379852294922,-183.22900390625,-13.749173164367676,187.7596019949982,-183.30583594057475,-13.754393462635534,1.124257346730129,0.4570502894578631,0.06945532310863577,3.5709826720384506e-05,37.928800732584236,43.80001440331495,nan,nan,nan
83.9,186.62948608398438,-183.23512268066406,-13.750476837158203,187.7459247024233,-183.30779639445575,-13.755963979568174,1.118814893603915,0.45697541532797925,0.06944951477892718,3.499135292758043e-05,38.36926890536994,44.327572272328084,1.0470374609718454,0.011626395379547428,nan
83.91,186.6209716796875,-183.24111938476562,-13.751753807067871,187.73751332288495,-183.3134568263906,-13.757390276909987,1.1188966512807113,0.4570299179465421,0.06946135750683531,3.569642834863461e-05,38.33389402571287,44.13197037938203,nan,nan,nan
83.92,186.61245727539062,-183.2471466064453,-13.7531156539917,187.72910275030426,-183.31907513797992,-13.75930547421044,1.1189768291471331,0.45708450724811794,0.06947326043580719,3.499964771877442e-05,38.48853568858757,44.257352548234174,nan,0.14870666496059515,nan
83.93,186.6039581298828,-183.2532196044922,-13.754560470581055,187.72069073024227,-183.32471877510937,-13.76085088507012,1.1190368186163406,0.4571391833949531,0.06948522389388491,3.570507082918174e-05,38.453925300651846,44.06398638110336,nan,nan,nan
83.94,186.59544372558594,-183.25929260253906,-13.756087303161621,187.7122773038882,-183.33038683328505,-13.761935120466207,1.1191093906477576,0.457193946514797,0.06949724784761985,3.500795875260243e-05,38.269821654631166,44.43663559405788,nan,0.20942060674284432,nan
83.95,186.58692932128906,-183.26541137695312,-13.757695198059082,187.72009068415917,-183.34918042529586,-13.763535615525317,1.1362684710217372,0.4571189890251279,0.06949154131050202,3.569169178193858e-05,37.010976830681834,43.01506043810316,13.252137601438179,nan,nan
83.96000000000001,186.57843017578125,-183.2715606689453,-13.759383201599121,187.7117113372525,-183.35495012667917,-13.764805718936135,1.136357952540058,0.4571735137782715,0.06950360707421732,3.4995096128059986e-05,36.84298747034183,43.02921339744142,nan,0.18763955836912202,nan
83.97,186.56991577148438,-183.27772521972656,-13.761151313781738,187.70333328283422,-183.36075137283945,-13.76666674970391,1.1364677809637267,0.457228125285668,0.06951573360293024,3.570033589619223e-05,36.801063318940514,43.12025073707425,nan,nan,nan
83.98,186.5614013671875,-183.28392028808594,-13.7629976272583,187.69494902437143,-183.366557790105,-13.765581340684653,1.1365588077271602,0.457282823678484,0.06952792088484955,3.50034122578397e-05,36.08641438480389,42.36529432527359,nan,6.466092165937575,nan
83.99,186.55288696289062,-183.29014587402344,-13.764921188354492,187.68657115149648,-183.37241348604542,-13.767571236350458,1.136668299125605,0.4573376091137082,0.06954016921567722,3.5708996950769014e-05,36.03966054374263,42.28207742445706,nan,nan,nan
84.0,186.5443878173828,-183.29640197753906,-13.766921043395996,187.67722163376848,-183.3773759747886,-13.770242212363517,1.1357289614783985,0.45726256880657645,0.06953455980790828,3.49905681484202e-05,36.27965214382709,42.647579292426634,0.30984741377947433,0.19738569850967005,nan
84.01,186.53587341308594,-183.30267333984375,-13.768997192382812,187.66884182497856,-183.38328137112907,-13.772394178701504,1.1358374076293796,0.4573171155484823,0.06954684940659348,3.5695623685383086e-05,36.23387996361309,42.704973120426764,nan,nan,nan
84.02,186.52735900878906,-183.30899047851562,-13.771147727966309,187.6604607822253,-183.38920710057423,-13.77379664596427,1.1359407344511416,0.4573717490874115,0.06955920001123218,3.4998885830186086e-05,36.06094873411622,42.01360696587267,nan,0.48145299929702023,nan
84.03,186.51885986328125,-183.3153076171875,-13.773372650146484,187.65208152007784,-183.39516430123444,-13.77609199963109,1.1360351263413504,0.4574264695776075,0.06957161189828838,3.570428998084734e-05,36.011312982189445,42.989457629366896,nan,nan,nan
84.04,186.51034545898438,-183.32167053222656,-13.775670051574707,187.64369688808068,-183.40112495099652,-13.77512098591465,1.1361332527348253,0.457481277154468,0.06958408508471443,3.5007219745068745e-05,35.761479116411756,41.95547059950959,nan,7.878160506497419,nan
84.05,186.50184631347656,-183.3280487060547,-13.778039932250977,187.6015092160543,-183.40233631632435,-13.777600909405427,1.1021693794904315,0.45740615459565176,0.06957856839227605,3.569093584514526e-05,34.1227376545576,41.695272348208,12.796092105875154,nan,nan
84.06,186.4933319091797,-183.33444213867188,-13.78048038482666,187.59308427660383,-183.40839544535527,-13.781472209711536,1.1022365195097745,0.45746072315657843,0.06959108228860537,3.4994380988872026e-05,34.08801737577305,41.78068718311528,nan,1.358722038595827,nan
84.07000000000001,186.48483276367188,-183.34088134765625,-13.782979011535645,187.58465739059707,-183.41446996720296,-13.784035814038802,1.1022842699365132,0.4575153785773147,0.06960365769794709,3.5699603605838304e-05,34.03653759601386,41.31424856932095,nan,nan,nan
84.08,186.476318359375,-183.34732055664062,-13.785481452941895,187.57623052955933,-183.4205673452657,-13.78640830010535,1.1023487348426286,0.45757012099543065,0.0696162946542327,3.5002719794614084e-05,33.971852052253496,41.79385912844171,nan,0.035016115590511675,nan
84.09,186.4678192138672,-183.3538055419922,-13.787960052490234,187.56780447408954,-183.42668994818953,-13.788992696760502,1.1023977393515323,0.4576249505618267,0.06962899340855545,3.570828818437703e-05,33.92209120766636,41.353689737677065,nan,nan,nan
84.10000000000001,186.4593048095703,-183.36029052734375,-13.790403366088867,187.60318337430976,-183.4506293856959,-13.790578562815075,1.1474403299922182,0.4575497462947775,0.06962356469878536,3.4989899162648784e-05,33.90787859750419,41.63976288395785,18.53627922537119,0.5669305689437804,nan
84.11,186.4508056640625,-183.3668212890625,-13.792804718017578,187.59483255894827,-183.4568313150417,-13.793085828909598,1.1475623817562541,0.4576043365243246,0.06963630357123354,3.5694939248863785e-05,33.85411809586657,41.04998835287177,nan,nan,nan
84.12,186.44229125976562,-183.3733673095703,-13.795161247253418,187.586485080789,-183.46306884913974,-13.797761265992937,1.1477075526311795,0.4576590136612325,0.06964910423354323,3.4998239159260104e-05,33.98967011235551,41.27374513939519,nan,3.4503266006443076,nan
84.13,186.4337921142578,-183.3799285888672,-13.797472953796387,187.5781351339464,-183.46931651859128,-13.800204553697693,1.1478321350826455,0.457713777854721,0.06966196692193127,3.570362865442923e-05,33.94762821140961,41.68864712232342,nan,nan,nan
84.14,186.42529296875,-183.3865203857422,-13.799739837646484,187.5697861365234,-183.47558849896157,-13.80297097806005,1.147958265853251,0.45776862924495254,0.06967489169257308,3.5006595179535536e-05,33.980476347803936,41.42226662215869,nan,0.09529113254610731,nan
84.15,186.41677856445312,-183.39312744140625,-13.801960945129395,187.56358784545074,-183.49036254418795,-13.805447844371338,1.1509293421672586,0.45769334382394067,0.06966954639808759,3.569029826265024e-05,32.69620699243467,40.88542899172294,9.022474562189826,nan,nan
84.16,186.4082794189453,-183.39976501464844,-13.804139137268066,187.55525250338752,-183.49672758261468,-13.810330374770883,1.1510809387020962,0.4577479555598905,0.06968251067778657,3.499377908453115e-05,33.39305436640076,41.41799051670529,nan,4.647597508059775,nan
84.17,186.3997802734375,-183.4064178466797,-13.806273460388184,187.54691467375977,-183.5031005471907,-13.812630795169929,1.1512190463532,0.45780265426034406,0.06969553720857938,3.569898858465254e-05,33.37085613052909,41.65206292472284,nan,nan,nan
84.18,186.3912811279297,-183.4130859375,-13.808364868164062,187.53857776820212,-183.50949750460924,-13.815431073650016,1.1513621073810074,0.4578574400667333,0.06970862605958349,3.5002139438153374e-05,33.6052926995304,42.10426533496562,nan,0.2072779789640876,nan
84.19,186.38278198242188,-183.41978454589844,-13.810415267944336,187.53024075615576,-183.5159126485431,-13.817653651743228,1.1515010393989922,0.45791231312632374,0.06972177744766421,3.570769542814432e-05,33.58780456896322,41.68635006625763,nan,nan,nan
84.2,186.37428283691406,-183.42649841308594,-13.812423706054688,187.51624287919526,-183.51989723558145,-13.818376025793114,1.1457885966969183,0.45783694709324463,0.06971651076882601,3.498934076627372e-05,33.16780106530686,41.39884376448131,0.4869131828790281,1.3853359526189901,nan
84.21000000000001,186.36578369140625,-183.4332275390625,-13.814393043518066,187.50789702351298,-183.5263486714435,-13.820503570878664,1.1459196076586189,0.45789158018321297,0.06972970102589937,3.569436916615601e-05,33.14145541171873,41.52924821182768,nan,nan,nan
84.22,186.35726928710938,-183.4399871826172,-13.816323280334473,187.49955185042546,-183.53282277347455,-13.823101831862099,1.146068867977234,0.45794630028763555,0.06974295383663703,3.499770164816096e-05,33.35133766042294,41.146142825541055,nan,0.18309603910377925,nan
84.23,186.34877014160156,-183.44676208496094,-13.818214416503906,187.49120654388824,-183.5393145963695,-13.825158446379127,1.1462002967146132,0.4580011075528542,0.06975626940673867,3.570308012200456e-05,33.33015141720254,41.55950998021395,nan,nan,nan
84.24,186.34027099609375,-183.4535675048828,-13.820068359375,187.48286086085108,-183.54582041969266,-13.825864933997615,1.1463227292584028,0.45805600212172753,0.06976964782203089,3.5006078207904694e-05,32.8824345753267,40.68948995070976,nan,1.2173423121111644,nan
84.25,186.33177185058594,-183.4603729248047,-13.821885108947754,187.47997023109355,-183.55505118265273,-13.827906607874716,1.1521109981068502,0.4579805560216845,0.06976445506135522,3.568977155899392e-05,32.869075233563365,41.449894103815446,0.6217514731929703,nan,nan
84.26,186.3232879638672,-183.4672088623047,-13.823665618896484,187.47163749353453,-183.56161516897524,-13.831500555904357,1.1522502242413746,0.45803521030869965,0.06977787168717912,3.499328287889806e-05,33.548080781209364,41.9237709913224,nan,1.9410651198212183,nan
84.27,186.31478881835938,-183.47406005859375,-13.825410842895508,187.4633042718632,-183.56819120425035,-13.833418495411317,1.1523942650059145,0.45808995166368,0.06979135129152003,3.569848263091648e-05,33.531227254553116,41.80480136652408,nan,nan,nan
84.28,186.30628967285156,-183.48094177246094,-13.82712173461914,187.45497116456716,-183.57478283702366,-13.834472395295359,1.1525317119370735,0.45814478023012595,0.06980489396975974,3.500166298404355e-05,33.22185449238337,41.039461475678046,nan,0.48628752926329966,nan
84.29,186.29779052734375,-183.48782348632812,-13.828797340393066,187.4466390989311,-183.58139649657565,-13.836314479009046,1.1526775160720448,0.458199696153391,0.06981849991330032,3.57072098157166e-05,33.200726323143236,41.75203185133469,nan,nan,nan
84.3,186.28929138183594,-183.49473571777344,-13.830440521240234,187.44422052152586,-183.59509960409895,-13.836870553297812,1.1592996043713355,0.45812417052482013,0.06981337620803618,3.498888418458726e-05,32.03618392136616,40.46315587276131,3.8483644342712973,1.0651419272178408,nan
84.31,186.28079223632812,-183.5016632080078,-13.832050323486328,187.43590325594607,-183.6017758233312,-13.83863501660627,1.1594599439278557,0.45817884585634755,0.06982701967516138,3.569390400731173e-05,32.010112277584646,40.57888107383922,nan,nan,nan
84.32000000000001,186.27230834960938,-183.50860595703125,-13.83362865447998,187.4275872046579,-183.60847767783704,-13.842466715580944,1.1596213627141225,0.4582336083065254,0.06984072644053968,3.499726396834254e-05,32.966787938454196,41.81666422567007,nan,3.110732518819591,nan
84.33,186.26380920410156,-183.5155792236328,-13.835174560546875,187.4192707036821,-183.61518954481872,-13.844189637588205,1.1597822057238578,0.45828845802029666,0.06985449668747717,3.570263440604363e-05,32.953845900704046,41.11886746117543,nan,nan,nan
84.34,186.25531005859375,-183.52255249023438,-13.836690902709961,187.4109546606753,-183.62192041240053,-13.846258787259659,1.1599482637991099,0.45834339514179745,0.0698683305234821,3.500565900223788e-05,33.23241486551885,42.024727979211164,nan,0.10004219469100432,nan
84.35000000000001,186.246826171875,-183.52955627441406,-13.838175773620605,187.4291174305439,-183.6440357408257,-13.848073859338344,1.1878620040457788,0.45826779052227595,0.06986327106748834,3.568934530501271e-05,32.64159546436941,41.7605022759163,13.672418805969205,nan,nan
84.36,186.2383270263672,-183.5365447998047,-13.839632034301758,187.42085061932477,-183.65083019330123,-13.850740787101328,1.1880852677551075,0.45832248674499815,0.06987714172097266,3.499288213537272e-05,33.361350473084094,42.44627867472961,nan,0.7437055211239711,nan
84.37,186.22982788085938,-183.54345703125,-13.841058731079102,187.41258404579978,-183.6575788634754,-13.852363640014005,1.1883028819543584,0.4583772701376265,0.06989107606904099,3.5698074876535076e-05,33.34782914976745,42.51680475780082,nan,nan,nan
84.38,186.22134399414062,-183.55026245117188,-13.842456817626953,187.40431746556933,-183.66422747820138,-13.850746440108898,1.1884792717295587,0.4584321408445251,0.06990507422599412,3.500127979869144e-05,31.66047988603105,41.07496679554659,nan,7.286601409371316,nan
84.39,186.2128448486328,-183.55694580078125,-13.843828201293945,187.39605178114513,-183.67077389975486,-13.852282637042656,1.1886996924139375,0.45848709901028556,0.06991913636496634,3.570682009144915e-05,31.628000772768335,40.9152637746648,nan,nan,nan
84.4,186.20436096191406,-183.56350708007812,-13.845170974731445,187.37702031974803,-183.6643569115981,-13.853952454662304,1.177020718773867,0.4584114159335066,0.0699141362375941,3.498851847235194e-05,33.18296521044643,41.632467891140465,11.908543863553867,0.020438490907225777,nan
84.41,186.19586181640625,-183.5699462890625,-13.846487998962402,187.36873058615362,-183.6706090983742,-13.855437892914436,1.1772146162994153,0.4584661328959687,0.06992823446165916,3.5693532216832046e-05,33.15448272606637,41.19197629742408,nan,nan,nan
84.42,186.1873779296875,-183.576416015625,-13.847887992858887,187.3604408618436,-183.67680632584637,-13.855709829964004,1.1773767614152835,0.45852093707865316,0.0699423967102165,3.499691487163953e-05,32.602275397240376,40.6226041726047,nan,1.0911718265112622,nan
84.43,186.1788787841797,-183.58290100097656,-13.849370956420898,187.35215117517424,-183.6830308895759,-13.85729651379448,1.177563973854786,0.4585758286260679,0.06995662315077232,3.570227965920287e-05,32.55687085777178,40.72985362442775,nan,nan,nan
84.44,186.17039489746094,-183.5894012451172,-13.850934982299805,187.34386141046707,-183.6892776055501,-13.858442411520125,1.1777331217273277,0.45863080768270886,0.069970913906066,3.500532605567002e-05,32.34861782421,41.09651239303934,nan,0.1938498154916537,nan
84.45,186.16189575195312,-183.59593200683594,-13.852580070495605,187.3429346925095,-183.69921119354623,-13.860092199683988,1.185569905827142,0.45855504667981983,0.06996596821216439,3.568900744333651e-05,32.23249703465902,40.50844175143576,1.1265144238778788,nan,nan
84.46000000000001,186.15341186523438,-183.6024932861328,-13.854305267333984,187.33465773464934,-183.70551911994332,-13.864147232090685,1.1857710532444867,0.4586097842313014,0.06998029430056525,3.499256516535078e-05,33.36307282436386,41.53185526224859,nan,3.509007900179672,nan
84.47,186.14491271972656,-183.60906982421875,-13.856109619140625,187.32638105902384,-183.71184395182746,-13.866076131639861,1.1859718754839879,0.4586646090528943,0.06999468478762493,3.569775305928704e-05,33.32101185489632,41.593973354871764,nan,nan,nan
84.48,186.1364288330078,-183.61566162109375,-13.857991218566895,187.31810450446457,-183.71819280868976,-13.86879627475786,1.1861647382138456,0.45871952128907034,0.07000913980068696,3.500097801634489e-05,33.81547883294979,42.599494236060416,nan,0.35772189352509476,nan
84.49,186.12794494628906,-183.62228393554688,-13.859950065612793,187.3098281980179,-183.72456194114702,-13.870890173411551,1.1863509165105044,0.4587745210843741,0.07002365950035681,3.570651382892487e-05,33.7746547843416,42.20970040321896,nan,nan,nan
84.5,186.11944580078125,-183.62893676757812,-13.861985206604004,187.2901012463127,-183.724723245636,-13.8730522757295,1.174619811492298,0.458698682683561,0.07001876327491176,3.64034451836562e-05,34.0482740122116,41.67644290716265,1.9966011811646094,nan,nan
84.51,186.1109619140625,-183.63558959960938,-13.864095687866211,187.28180517916175,-183.73111994625953,-13.875299961826654,1.17478744218448,0.45875344067445567,0.07003331753136735,3.713682496079187e-05,34.0055285081304,42.664950401957384,nan,nan,nan
84.52,186.1024627685547,-183.64227294921875,-13.866279602050781,187.2735094642001,-183.73753861216466,-13.878111081722986,1.174974848169002,0.4588082859847264,0.07004793652048513,3.6354472769126444e-05,34.41970054283045,42.52477563506792,nan,0.15542862602399174,nan
84.53,186.09397888183594,-183.64898681640625,-13.868537902832031,187.26521426399304,-183.74397707358634,-13.88051417888065,1.1751420767566092,0.458863218759031,0.07006262040022292,3.708649673313567e-05,34.38124677049458,42.28660369132851,nan,nan,nan
84.54,186.0854949951172,-183.6557159423828,-13.870867729187012,187.256919740804,-183.7504340745015,-13.881884862111313,1.1752994667646728,0.4589182391416734,0.07007736930248992,3.630686327353401e-05,33.8006531835155,41.95074729120844,nan,0.8018829538507937,nan
84.55,186.07699584960938,-183.66246032714844,-13.873270034790039,187.20915339117136,-183.74030779282492,-13.884318075280266,1.1348845694724168,0.45884232386824825,0.0700725175651031,3.701398862261127e-05,33.83957695276156,41.70306624708796,15.703187593770972,nan,nan
84.56,186.06851196289062,-183.66921997070312,-13.875743865966797,187.200793185572,-183.74677366248702,-13.885766464885416,1.1349783235089623,0.45889710214977314,0.07008730022809173,3.6238014978352964e-05,33.25655066513935,41.5437660592981,nan,0.8859219205216585,nan
84.57000000000001,186.06002807617188,-183.67601013183594,-13.878271102905273,187.1924330500804,-183.75326159230292,-13.888427972241532,1.1350823648844988,0.45895196779973,0.07010214798167978,3.696662195423198e-05,33.219556294743654,41.173326637686486,nan,nan,nan
84.58,186.05154418945312,-183.6828155517578,-13.880802154541016,187.18407404097852,-183.75976551019122,-13.888982909323904,1.1351705094160274,0.459006920962263,0.07011706096092354,3.619326222005365e-05,32.22169314290706,40.27843110241387,nan,3.0093750407273716,nan
84.59,186.0430450439453,-183.68963623046875,-13.883307456970215,187.17571465669266,-183.76629241005935,-13.89164290844866,1.1352911966812773,0.45906196178227576,0.07013203931905938,3.692072657909945e-05,32.198597604142684,40.216209766071124,nan,nan,nan
84.60000000000001,186.03456115722656,-183.6964874267578,-13.885777473449707,187.16614447211015,-183.7745498613538,-13.894436980030825,1.134305747703062,0.45898597015841874,0.07012722706040739,3.6127497615913646e-05,32.067689873342296,39.980130371364936,0.46007161193321355,0.012690310154680298,nan
84.61,186.0260772705078,-183.70333862304688,-13.888204574584961,187.15778544822038,-183.78112336245297,-13.897030798837033,1.134412520832049,0.4590407685832517,0.07014223836042895,3.6852975983454325e-05,32.04785762191491,40.690971021303376,nan,nan,nan
84.62,186.01759338378906,-183.71022033691406,-13.890586853027344,187.14942604893562,-183.78771846544421,-13.901559250470997,1.134535823728852,0.4590956544243625,0.07015731508525716,3.608564109199346e-05,33.214150206828464,41.386058002268854,nan,2.59430571160314,nan
84.63,186.0091094970703,-183.7171173095703,-13.892922401428223,187.14106806663432,-183.79432926637864,-13.90408539995638,1.1346437775882352,0.45915062782684757,0.07017245738570953,3.6810116605112564e-05,33.20648752533332,41.5114937960253,nan,nan,nan
84.64,186.00062561035156,-183.7240447998047,-13.89521312713623,187.13270962290107,-183.80096101682446,-13.908555050652991,1.134772366086681,0.4592056889345553,0.07018766540047951,3.604521569270864e-05,34.70498161844754,42.50803295185376,nan,2.6287233265820142,nan
84.65,185.9921417236328,-183.73097229003906,-13.89745807647705,187.1054834250463,-183.79803627007632,-13.910873509709349,1.115440404223148,0.45912962148031594,0.07018288760024469,3.674559806650818e-05,34.964881334639635,43.23825382322323,5.439596679166186,nan,nan
84.66,185.98365783691406,-183.73793029785156,-13.899659156799316,187.09709378341384,-183.804679228385,-13.913671498453686,1.115522914333834,0.45918443990125474,0.07019812771849511,3.598402562276821e-05,35.46870209479311,43.23210075208427,nan,0.10025096873410919,nan
84.67,185.9751739501953,-183.74490356445312,-13.901816368103027,187.08870457346123,-183.8113392105807,-13.916042694346364,1.1156014218284913,0.4592393457869472,0.07021343360567753,3.670577721044516e-05,35.47092061038491,43.30650296021575,nan,nan,nan
84.68,185.96669006347656,-183.75189208984375,-13.903929710388184,187.0803159847265,-183.81801592067362,-13.91795092824053,1.1156754223489214,0.4592943392810329,0.07022880540229468,3.5946515130632836e-05,35.37085720213649,43.285043873306776,nan,0.11834302658310829,nan
84.69,185.95822143554688,-183.75889587402344,-13.906002044677734,187.04186938818913,-183.8263454155637,-13.92023350755168,1.0858383215079812,0.45235672028304436,0.07022354354307024,3.666744524709684e-05,44.90807040358829,53.12118960731894,nan,nan,0.12920666499909997
84.7,185.94973754882812,-183.7659149169922,-13.908032417297363,187.0616294756598,-183.8355638433582,-13.920659691947119,1.1141427547502478,0.452292596092158,0.07021864325124295,3.588838596083388e-05,45.732539545911536,52.62537845948254,16.962864061652652,1.837655154697005,nan
84.71000000000001,185.94125366210938,-183.77294921875,-13.910022735595703,187.05328284760213,-183.84229180892655,-13.922842823368073,1.1142628320331662,0.4523429012847327,0.070233558723128,3.660766239010008e-05,45.706291009715045,52.65282661897121,nan,nan,nan
84.72,185.93276977539062,-183.77999877929688,-13.911972999572754,187.04494002073787,-183.84903566385296,-13.924358909731563,1.1143797184242992,0.45239329247736737,0.07024853304132134,3.5853763543173434e-05,45.42213759249705,52.43161550538747,nan,0.2649257590732406,nan
84.73,185.92428588867188,-183.78707885742188,-13.913885116577148,187.0365943272981,-183.85579640892357,-13.926458104801823,1.1144999975578311,0.4524437698949147,0.07026356635415458,3.657234321999388e-05,45.395425502536554,51.885171462794496,nan,nan,nan
84.74,185.9158172607422,-183.79415893554688,-13.91575813293457,187.02824468574502,-183.8625741085412,-13.929352119501512,1.1146121335536694,0.4524943336017856,0.07027865880262558,3.582055520645355e-05,46.15684696994695,53.51685175376424,nan,0.46667759642055257,nan
84.75,185.90733337402344,-183.80126953125,-13.917594909667969,187.03942061049645,-183.87971558243774,-13.931320599263168,1.134884878957736,0.45243010212755896,0.07027378775103955,3.651569374660119e-05,45.65550370272321,52.43227341750672,5.564856100677013,nan,nan
84.76,185.8988494873047,-183.80838012695312,-13.919394493103027,187.03110952201683,-183.8865497352356,-13.933000487785998,1.1350367381528672,0.45248044972414403,0.07028890442570104,3.57668775561716e-05,45.597123228102106,53.00111033721971,nan,0.0674346646488116,nan
84.77,185.890380859375,-183.81552124023438,-13.921157836914062,187.02279713260708,-183.89339981594708,-13.93495813746256,1.135174936620389,0.45253088346314735,0.07030408035403428,3.648332780380775e-05,45.56829600082907,52.66388511877096,nan,nan,nan
84.78,185.88189697265625,-183.82266235351562,-13.922886848449707,187.01449908424127,-183.90026304575227,-13.934171937856313,1.135313509056136,0.45258140341054975,0.0703193156782026,3.573649149445848e-05,43.83671541817233,51.289689668698735,nan,4.968035784367821,nan
84.79,185.87342834472656,-183.829833984375,-13.924580574035645,187.006187637798,-183.9071435345787,-13.936034594439311,1.1354521465811864,0.4526320097890164,0.07033461054479194,3.645240204044407e-05,43.7989379697852,50.917420638867675,nan,nan,nan
84.8,185.8649444580078,-183.83700561523438,-13.926240921020508,186.97288161043156,-183.90750191311747,-13.937872327518987,1.1102386010913108,0.45256767119987706,0.07032976505220837,3.568572643009228e-05,43.22923537524742,51.02190200241225,6.274794465755103,0.0017959322151336588,nan
84.81,185.85647583007812,-183.84420776367188,-13.927867889404297,186.9645281540469,-183.91441016280075,-13.939669998510468,1.1103367143688359,0.45261806117988285,0.07034508365448788,3.6400256521029696e-05,43.1906470127744,50.651705599893894,nan,nan,nan
84.82000000000001,185.84799194335938,-183.85140991210938,-13.929463386535645,186.9561702399999,-183.92133381183578,-13.942419273268456,1.110457718195096,0.45266853728692136,0.07036046190884528,3.565808966485857e-05,43.99556232413204,51.77190603202344,nan,0.6575848787021393,nan
84.83,185.8395233154297,-183.85862731933594,-13.931026458740234,186.94781785716884,-183.92827139865466,-13.944163561595674,1.1105582706478718,0.4527190997416796,0.07037589996105173,3.637218157287557e-05,43.956192776628676,51.98622536160493,nan,nan,nan
84.84,185.8310546875,-183.86587524414062,-13.932558059692383,186.93946776381625,-183.9352230650105,-13.945538788461478,1.110656187723112,0.4527697486129464,0.07039139795449496,3.5631790250886706e-05,43.86655243622336,51.2884965120167,nan,0.07800743582266277,nan
84.85000000000001,185.82257080078125,-183.8731231689453,-13.934059143066406,186.91667511904888,-183.93982725486035,-13.947110528604133,1.0962134979072644,0.4527053032309811,0.0703865742925012,3.6322957360882914e-05,43.10806400152132,51.16209094958595,3.364999541349371,nan,nan
84.86,185.81410217285156,-183.88038635253906,-13.935530662536621,186.9083017135984,-183.94681260378027,-13.948197942556007,1.0962871621102068,0.45275573541632114,0.07040209550787827,3.558517957804487e-05,42.85045058359351,51.14872528259951,nan,0.21532302737253126,nan
84.87,185.80563354492188,-183.88760375976562,-13.936972618103027,186.89992583844594,-183.95378425275277,-13.949812848857906,1.0963668878819781,0.45280625386530143,0.07041767677283646,3.629763921463254e-05,42.799874489686765,51.28111216614948,nan,nan,nan
84.88,185.79714965820312,-183.89474487304688,-13.938385963439941,186.89154698841438,-183.96068901591758,-13.952094183928093,1.0964679939065334,0.4528568586490261,0.0704333182312933,3.5561506984781414e-05,43.45778223799126,51.04446880591231,nan,0.329503422053274,nan
84.89,185.78868103027344,-183.90174865722656,-13.93977165222168,186.88317205667002,-183.96748934488957,-13.953660855185104,1.096551574179714,0.4529075499848518,0.0704490200282254,3.627365791279505e-05,43.399814857624484,52.13059323189374,nan,nan,nan
84.9,185.78021240234375,-183.9086456298828,-13.941128730773926,186.88542697504192,-183.97497173512278,-13.956853642844013,1.1073146241246528,0.45284299797805405,0.07044421441657142,3.55175687296106e-05,45.73819073686535,53.216553030407894,3.2832153576213576,2.2573778229349486,nan
84.91,185.77174377441406,-183.9154052734375,-13.942459106445312,186.87707173340476,-183.98151382492327,-13.958381897408357,1.107417614442783,0.45289347233878974,0.0704599388980496,3.6228567684181475e-05,45.68516427141822,53.43394384044381,nan,nan,nan
84.92,185.7632598876953,-183.92218017578125,-13.943873405456543,186.86872507932603,-183.98800008722708,-13.958241598095046,1.1075161378551397,0.4529440329520124,0.0704757238213904,3.5496420427373e-05,44.42908100208846,52.12194101657898,nan,1.9776738473385433,nan
84.93,185.75479125976562,-183.92897033691406,-13.945369720458984,186.86037046765077,-183.99450654006495,-13.959866260335666,1.1076147924706357,0.45299468003248883,0.07049156933127217,3.620719422114613e-05,44.341292512275864,52.51325913151109,nan,nan,nan
84.94,185.74632263183594,-183.935791015625,-13.946948051452637,186.85202579116162,-184.0010322366387,-13.959585597147091,1.1076983348472365,0.45304541365507417,0.07050747557206281,3.54764938928383e-05,42.96524030801438,50.727150103125005,nan,2.715354174186344,nan
84.95,185.73785400390625,-183.942626953125,-13.948606491088867,186.87619645406838,-184.02588188836307,-13.961237536750822,1.141452785443676,0.45298075533510107,0.07050268418527932,3.6164742312979444e-05,41.892692581475146,50.37486163758413,16.905667606041426,nan,nan
84.96000000000001,185.72938537597656,-183.94947814941406,-13.95034408569336,186.86790181287856,-184.03249290481338,-13.96161563246434,1.1415945753535415,0.45303127169446594,0.07051861255034478,3.543631220816972e-05,40.98966773235879,49.67529816735774,nan,1.4885043273383225,nan
84.97,185.7209014892578,-183.95635986328125,-13.952160835266113,186.8596002569493,-184.0391230228349,-13.96352955907132,1.1417591129491322,0.45308187443555514,0.07053460174629025,3.614585935537895e-05,40.90695954361339,48.902582523897145,nan,nan,nan
84.98,185.71243286132812,-183.9632568359375,-13.954055786132812,186.8513008276212,-184.0457718219364,-13.965113802394987,1.1419068470267537,0.45313256363602505,0.07055065191759995,3.541875295144124e-05,40.70856669032863,49.101729610437964,nan,0.11516511971957683,nan
84.99,185.70396423339844,-183.97015380859375,-13.956027030944824,186.84299975766973,-184.05243901636013,-13.967180982032321,1.1420583135698443,0.4531833395065587,0.07056676320877699,3.612817885677465e-05,40.621180388241726,49.841005089150464,nan,nan,nan
85.0,185.69549560546875,-183.97708129882812,-13.958074569702148,186.818149059829,-184.05089798612522,-13.96674611079776,1.125111051201399,0.4531185750431611,0.07056198217713337,3.5380951941041724e-05,39.57880090302015,48.036723972511986,3.308486714152358,4.720124428313576,nan
85.01,185.68702697753906,-183.98403930664062,-13.960196495056152,186.80982151550282,-184.05758271017376,-13.968941983573945,1.1252345045606702,0.45316913336046954,0.07057811500953867,3.608940957433379e-05,39.499746197246814,47.48539423711711,nan,nan,nan
85.02,185.67855834960938,-183.99099731445312,-13.962392807006836,186.80148645312678,-184.06428497275562,-13.972911366548217,1.125366272208073,0.45321977805389313,0.07059430905791382,3.5365640995510554e-05,40.43252807932316,49.18151430675115,nan,1.9926686300790637,nan
85.03,185.6700897216797,-183.99798583984375,-13.964662551879883,186.7931598102443,-184.07100498635825,-13.975274470483278,1.1254913737575636,0.45327050933115726,0.07061056446678776,3.607404461034121e-05,40.351915126430235,48.588269282495844,nan,nan,nan
85.04,185.66162109375,-184.00497436523438,-13.967004776000977,186.78483514779782,-184.0777425382108,-13.97738161767189,1.1256165852775677,0.4533213272742448,0.07062688138060867,3.5351413991509924e-05,40.198989936374154,49.20224322922921,nan,0.07522871798390163,nan
85.05,185.6531524658203,-184.01199340820312,-13.969417572021484,186.77690586232114,-184.08435346863183,-13.979881300747858,1.1261292839240349,0.453256456968028,0.07062210679342404,3.603759321992082e-05,40.25092530121517,48.62244609297774,0.013576359461504395,nan,nan
85.06,185.64468383789062,-184.01902770996094,-13.971901893615723,186.7685879401978,-184.09112405824825,-13.98102386176105,1.1262510931946237,0.45330705706912394,0.07063844464303692,3.531691550911731e-05,39.49437989608371,47.94917517159814,nan,1.4294649069057581,nan
85.07000000000001,185.63621520996094,-184.0260772705078,-13.974440574645996,186.76026390667636,-184.09791084622384,-13.983651626297465,1.126379322724059,0.45335774366720183,0.07065484409003682,3.602441516639961e-05,39.41882051647815,47.94958731730327,nan,nan,nan
85.08,185.62774658203125,-184.03314208984375,-13.976981163024902,186.75195093300349,-184.10471453879856,-13.98397974949329,1.1265021164679845,0.4534085168473042,0.07067130527874048,3.530476272283057e-05,38.376269715891695,46.971539758961484,nan,3.7618853666624665,nan
85.09,185.61927795410156,-184.04022216796875,-13.979496955871582,186.7436279746831,-184.11153371756185,-13.986603065498564,1.1266316180016969,0.4534593768126627,0.07068782835387333,3.6012289408556446e-05,38.316298544630186,46.98177035296579,nan,nan,nan
85.10000000000001,185.61080932617188,-184.0473175048828,-13.981975555419922,186.6900668234197,-184.1044088681254,-13.989245747699313,1.080790925581036,0.4533944008367035,0.07068305626186812,3.527232993537209e-05,37.55157121964752,46.75147496584577,17.96235226401294,0.005167915512485782,nan
85.11,185.6023406982422,-184.05442810058594,-13.98441219329834,186.68166779638955,-184.1112460542008,-13.99180050388118,1.0808468216086164,0.4534450426693666,0.07069959964537516,3.5979032267043674e-05,37.494301255115936,46.725638414801516,nan,nan,nan
85.12,185.5938720703125,-184.06155395507812,-13.98680305480957,186.67327180796045,-184.11809900909284,-13.993745950807906,1.0809020957389375,0.4534957709996818,0.07071620500353491,3.526212611606053e-05,37.26819334353742,46.53976009608673,nan,0.2230931443077976,nan
85.13,185.5854034423828,-184.06869506835938,-13.989148139953613,186.66487384989435,-184.12496712365788,-13.996207603444736,1.080959176345445,0.45354658602776404,0.07073287248128098,3.596890833476505e-05,37.21084549248076,46.50804501835088,nan,nan,nan
85.14,185.5769500732422,-184.0758514404297,-13.991447448730469,186.65647236298125,-184.13184999550583,-13.999569420297,1.081004245429317,0.45359748784324266,0.07074960222261953,3.525285908745096e-05,37.61963543633951,47.24300374313082,nan,0.6215823323734289,nan
85.15,185.5684814453125,-184.08302307128906,-13.993700981140137,186.65076728112726,-184.13069628049536,-14.00200858506588,1.0833671499377597,0.45353240648702753,0.07074482864122843,3.593763690333045e-05,39.38300793492947,47.70966806464478,9.944422089387475,nan,nan
85.16,185.5600128173828,-184.0902099609375,-13.99591064453125,186.6423831761922,-184.13757275380374,-14.003313133453712,1.0834314120513093,0.453583089880451,0.0707615780417202,3.5223255913444114e-05,38.945409768271674,47.268804465575926,nan,0.744935779014228,nan
85.17,185.5515594482422,-184.097412109375,-13.998075485229492,186.63399518878404,-184.14446350852754,-14.005597873359582,1.08348398829322,0.45363385988355626,0.07077838979120744,3.5929384032067954e-05,38.89075810643026,47.535794579358985,nan,nan,nan
85.18,185.5430908203125,-184.10462951660156,-14.000197410583496,186.62560761354817,-184.15136874592832,-14.007840096753535,1.0835522940067035,0.4536847166146059,0.07079526403384687,3.664981683779688e-05,38.83706649088411,47.1633592821466,nan,nan,nan
85.19,185.5346221923828,-184.1118621826172,-14.002277374267578,186.61722049449233,-184.15828815717285,-14.010040636240934,1.0836211160181028,0.45373566021810013,0.07081220091413869,3.7384698830830877e-05,38.78316964413805,47.083597387975495,nan,nan,nan
85.2,185.5261688232422,-184.11911010742188,-14.004315376281738,186.58808741592705,-184.15808139243674,-14.01060908139593,1.0626520923000016,0.4536704736570058,0.07080742182466024,3.656120832884283e-05,38.008684608312244,46.82376099021535,3.723294649650188,1.5958452807182546,nan
85.21000000000001,185.5177001953125,-184.12637329101562,-14.00631332397461,186.57966620380603,-184.1650195806087,-14.012712731728271,1.0626882380616554,0.4537211985471774,0.07082437769365509,3.729358784012331e-05,37.9515120606933,46.4085349005284,nan,nan,nan
85.22,185.50924682617188,-184.13363647460938,-14.008271217346191,186.57124071275857,-184.17197092628703,-14.015918496026078,1.0627130497947885,0.45377201005238504,0.07084139628073798,3.649786235890158e-05,38.380153728180744,47.75522106496995,nan,0.8443375717973883,nan
85.23,185.5007781982422,-184.14093017578125,-14.0101900100708,186.56282043323742,-184.17893656422564,-14.017955852299341,1.062750442381358,0.45382290836871275,0.07085847773158972,3.722876532551628e-05,38.3265908947281,46.70386981344524,nan,nan,nan
85.24,185.49232482910156,-184.14822387695312,-14.012070655822754,186.55439854942776,-184.18591518289662,-14.020509102456815,1.0627758132987646,0.45387389358995656,0.0708756221894551,3.64368141071421e-05,38.58618039552121,47.850447585465695,nan,0.1992240776604237,nan
85.25,185.48385620117188,-184.15553283691406,-14.013914108276367,186.58982790714467,-184.21370047670183,-14.022327594014236,1.1075322457938224,0.4538086021068091,0.0708708335443979,3.7142794587737314e-05,38.027097845148454,46.93314121694982,21.61550447695667,nan,nan
85.26,185.47540283203125,-184.16285705566406,-14.01572036743164,186.58148613425078,-184.2207510200043,-14.023025611137374,1.1076214827916124,0.45385936832496937,0.07088799629936943,3.6355498699973536e-05,37.51493236498752,46.64510438008663,nan,0.9908522744306061,nan
85.27,185.46693420410156,-184.17019653320312,-14.017491340637207,186.57313996109605,-184.22781370509333,-14.024907611825233,1.1077300737917604,0.4539102212647452,0.07090522214003442,3.7082798771477444e-05,37.45758069240796,46.223161962005655,nan,nan,nan
85.28,185.45848083496094,-184.17755126953125,-14.01922607421875,186.56479527881396,-184.2348893727062,-14.026499253607772,1.1078231834963326,0.4539611610235168,0.07092251120933996,3.629904906448427e-05,37.35845233283718,46.33702262218671,nan,0.042922797671096025,nan
85.29,185.4500274658203,-184.18492126464844,-14.020926475524902,186.55644990417525,-184.24197763083345,-14.028310423024228,1.1079172187930837,0.4540121877920553,0.07093986365341468,3.7025135874751594e-05,37.30099465264182,46.20756174315649,nan,nan,nan
85.3,185.44155883789062,-184.19229125976562,-14.02259349822998,186.55556018215853,-184.25639283325089,-14.028746926175822,1.1158610448570512,0.4539467915658941,0.07093506137492822,3.622248115269497e-05,36.1179942528905,45.6716127352316,3.0188613865670426,1.1823767028733514,nan
85.31,185.43310546875,-184.19967651367188,-14.024227142333984,186.54722655200743,-184.26352933976742,-14.030478916588411,1.1159668705837218,0.45399759903951353,0.07095243140400628,3.694652825988933e-05,36.05549257894375,45.78498151758506,nan,nan,nan
85.32000000000001,185.42465209960938,-184.2070770263672,-14.025827407836914,186.53889225571518,-184.2706778314067,-14.032416381833213,1.1160732961856454,0.454048493245553,0.07096986487961682,3.617049981119634e-05,36.12349569488437,45.75016842981266,nan,0.0372484513378607,nan
85.33,185.41619873046875,-184.21449279785156,-14.027397155761719,186.53055911425878,-184.27783854455407,-14.034087236137607,1.116179423641824,0.4540994743713702,0.07098736194818255,3.689350047553891e-05,36.06262108730586,45.553122616662336,nan,nan,nan
85.34,185.40773010253906,-184.221923828125,-14.028934478759766,186.52222651282773,-184.2850112931939,-14.035727282475769,1.1163012223309017,0.4541505425400404,0.07100492275324083,3.763095883466263e-05,36.003687372550196,45.110063251376175,nan,nan,nan
85.35000000000001,185.39927673339844,-184.22935485839844,-14.030441284179688,186.48436607898108,-184.28445156883382,-14.037319692593796,1.0865090187845126,0.45408504184226267,0.07100010274130723,3.835802053427716e-05,35.24403342395657,45.60058925507787,7.965263991826633,nan,nan
85.36,185.3908233642578,-184.23680114746094,-14.0319185256958,186.47598558509074,-184.29164434800674,-14.038429459218925,1.0865667096062261,0.45413589040346847,0.0710176803977056,3.749395015749845e-05,35.06619724747104,45.27643714928706,nan,0.13582170647508598,nan
85.37,185.3823699951172,-184.2442626953125,-14.033366203308105,186.46760360577628,-184.29884814729908,-14.039976303698838,1.0866256276657185,0.4541868257956033,0.07103532186160191,3.824227697189289e-05,35.00383125481861,45.06717782394755,nan,nan,nan
85.38,185.37391662597656,-184.2516632080078,-14.034785270690918,186.4592186099511,-184.306026450116,-14.042444280847604,1.0866896608269443,0.45423784812117696,0.0710530272750506,3.7385062662875264e-05,35.3499537208193,45.44552326234286,nan,0.5562439799414319,nan
85.39,185.36546325683594,-184.2589569091797,-14.036175727844238,186.4508373887985,-184.31312370464704,-14.043944831615967,1.0867526889951151,0.4542889575657794,0.0710707967850636,3.813077020280835e-05,35.279258537690914,45.56657056974632,nan,nan,nan
85.4,185.3570098876953,-184.26612854003906,-14.037538528442383,186.44157749461905,-184.32214689559152,-14.044624224146268,1.0860364437857049,0.4542233525804007,0.07106595491289473,3.7256704120265664e-05,34.62399745081015,45.07936591705948,0.6882800855451804,0.3389395863233996,nan
85.41,185.3485565185547,-184.2733154296875,-14.038984298706055,186.43319436132367,-184.32908636626075,-14.046118280345244,1.0860941676608165,0.45427424214770773,0.07108374052303282,3.799900487307433e-05,34.541507067372244,45.01164682219711,nan,nan,nan
85.42,185.34010314941406,-184.280517578125,-14.040512084960938,186.424811385677,-184.3360407285917,-14.047695773372833,1.0861520995853242,0.45432521857955505,0.0711015902945797,3.8755933930001135e-05,34.45964770933478,44.94644267773315,nan,nan,nan
85.43,185.33164978027344,-184.28773498535156,-14.042120933532715,186.41642864060756,-184.3430098187446,-14.049356005091752,1.086210306199908,0.45437628202044283,0.07111950437203558,3.9527635791246077e-05,34.37853429214262,44.86783597624725,nan,nan,nan
85.44,185.3231964111328,-184.2949676513672,-14.04380989074707,186.40804884493753,-184.3499941368943,-14.050245776173327,1.0862661450412119,0.4544274325953605,0.07113748289834816,3.858585496288905e-05,34.05409013282597,44.535363344840825,nan,0.42011266573792155,nan
85.45,185.3147430419922,-184.30221557617188,-14.045578002929688,186.39158369696983,-184.35684519516136,-14.051980171358835,1.0782444895496628,0.45436172358666244,0.07113261502369968,3.932729403756604e-05,33.49234683603539,44.23940682387431,1.4434882694453277,nan,nan
85.46000000000001,185.30628967285156,-184.30947875976562,-14.04742431640625,186.38318182637462,-184.36386247688063,-14.055394142318775,1.0782939381874768,0.45441265399383096,0.07115060887811511,3.839743584508037e-05,34.03090987877739,44.753832992085805,nan,1.3530334679185787,nan
85.47,185.29783630371094,-184.31674194335938,-14.049347877502441,186.37478512989645,-184.37089512239336,-14.057380298341656,1.0783393996355612,0.45446367133855464,0.07116866724694369,3.915994189797887e-05,33.94864167756824,45.34355651610795,nan,nan,nan
85.48,185.2893829345703,-184.32403564453125,-14.051348686218262,186.36639200357814,-184.37794257420654,-14.058393725801182,1.0783803245492067,0.4545147757291371,0.0711867902714402,3.8240352468054336e-05,33.52622073154467,44.160930883349764,nan,0.6503791674031235,nan
85.49,185.2809295654297,-184.33132934570312,-14.053423881530762,186.3579957434964,-184.38500249330446,-14.06052430973666,1.0784260636637786,0.4545659673453874,0.07120497809939677,3.8999114466179974e-05,33.446222785265036,44.735855769618205,nan,nan,nan
85.5,185.27247619628906,-184.33863830566406,-14.055574417114258,186.34649924284383,-184.39833468828596,-14.063674635809928,1.075711288483973,0.45450015450125153,0.07120008005659326,3.806515895862734e-05,32.649883427856864,44.59018570985489,5.211755016066314,0.5296023741975897,nan
85.51,185.26402282714844,-184.34597778320312,-14.057798385620117,186.33809612913998,-184.40544876717993,-14.06596610783332,1.0757494911327388,0.4545511256572472,0.07121828242151695,3.881943841063944e-05,32.5722730913167,43.71112679752667,nan,nan,nan
85.52,185.2555694580078,-184.3533172607422,-14.060094833374023,186.32969312846507,-184.41257566070044,-14.06839122219309,1.0757890348342531,0.4546021837702047,0.07123654964524752,3.792042378262935e-05,32.59455043228329,44.362966047321564,nan,0.002108188561333761,nan
85.53,185.2471160888672,-184.36065673828125,-14.062463760375977,186.32129074544164,-184.41971526776456,-14.07083106644133,1.0758295006841805,0.45465332901652544,0.07125488187573674,3.8671408886787204e-05,32.513672405102795,44.90631868184917,nan,nan,nan
85.54,185.23867797851562,-184.36802673339844,-14.064903259277344,186.31288850378263,-184.42686716791326,-14.073449588738717,1.0758547713681301,0.4547045615095938,0.07127327925399547,3.7781531437179266e-05,32.56232794210377,44.44387951922906,nan,0.006792086099725657,nan
85.55,185.230224609375,-184.37539672851562,-14.067414283752441,186.3058933562142,-184.44340896493256,-14.07596245129567,1.0778506336210933,0.45463864508725504,0.07126834686838282,3.8504697912305505e-05,31.142955044412613,44.156006246876935,7.680767344119117,nan,nan
85.56,185.22177124023438,-184.38279724121094,-14.069976806640625,186.297488475746,-184.45062051963768,-14.07963225843337,1.0778964679516594,0.4546896568292131,0.07128675797356217,3.762473716640609e-05,31.650127449765336,43.77296921583181,nan,0.6382007716443825,nan
85.57000000000001,185.21331787109375,-184.39019775390625,-14.072540283203125,186.28908727622562,-184.4578452155497,-14.082316085707742,1.0779385689357153,0.45474075561179467,0.07130523428511669,3.8368792202138113e-05,31.5884145544526,44.30054560814539,nan,nan,nan
85.58,185.2048797607422,-184.39759826660156,-14.075078010559082,186.2806918103168,-184.46508375733612,-14.083268087824207,1.077957761155423,0.4547919415514515,0.07132377594392822,3.7497267291118814e-05,30.80932407013291,44.507106570900405,nan,1.8161641976664609,nan
85.59,185.19642639160156,-184.405029296875,-14.0775785446167,186.27229190993896,-184.4723323849522,-14.085893608127185,1.0780006769447332,0.4548432148200104,0.07134238309814685,3.8238619287783546e-05,30.755402809569127,43.14453370501107,nan,nan,nan
85.60000000000001,185.18797302246094,-184.41246032714844,-14.080036163330078,186.27221193111333,-184.48725001375269,-14.088641004447496,1.0868493693004355,0.45477719501290675,0.07133741217522228,3.735199291558978e-05,30.28465532844198,43.64033919496536,3.329682959453548,0.047499874314996644,nan
85.61,185.17953491210938,-184.41990661621094,-14.08244800567627,186.26382523606284,-184.4945447021551,-14.091184168537248,1.086891287587705,0.454828247237869,0.07135603222790986,3.808988993248867e-05,30.23071691388839,43.74575828413678,nan,nan,nan
85.62,185.17108154296875,-184.4273681640625,-14.084813117980957,186.25544266955092,-184.50185220229287,-14.092353881737113,1.0869424032172421,0.4548793865295392,0.0713747178236996,3.723532838004382e-05,29.680565189954617,42.64759992724161,nan,1.0981003792716992,nan
85.63,185.1626434326172,-184.43484497070312,-14.087132453918457,186.24705704896016,-184.50916944871176,-14.094793665967307,1.0869846887198336,0.45493061305698784,0.0713934691108403,3.797088110093263e-05,29.62549312256372,42.71805428488147,nan,nan,nan
85.64,185.15419006347656,-184.44232177734375,-14.089405059814453,186.23866874169894,-184.51649641044196,-14.09836937988973,1.087049326732063,0.4549819269407811,0.07141228623006071,3.7123777561700625e-05,30.170144916318204,43.49903648937307,nan,0.8732948066499212,nan
85.65,185.145751953125,-184.44981384277344,-14.091633796691895,186.23048804421205,-184.52944225305805,-14.100717800093136,1.0876927829810519,0.45491580399765413,0.07140727257200738,3.783336594305942e-05,29.36492645789766,43.367600384173755,2.7200307232145504,nan,nan
85.66,185.13731384277344,-184.45730590820312,-14.093817710876465,186.22210555772605,-184.53681558655623,-14.10170321535543,1.087730221591061,0.45496689654672623,0.07142610174310775,3.699446202293071e-05,28.788488217469077,43.37601663047644,nan,1.1197040205361923,nan
85.67,185.1288604736328,-184.46482849121094,-14.09595775604248,186.21372012948245,-184.54419815311718,-14.103965505944947,1.0877886468334799,0.4550180762379998,0.07144499679785248,3.772488599649247e-05,28.73534593709873,41.92712132623947,nan,nan,nan
85.68,185.12042236328125,-184.47235107421875,-14.098055839538574,186.20533217554012,-184.55158994190302,-14.107320702365094,1.0878391133667968,0.4550693431945144,0.07146395787690114,3.689283675836125e-05,29.28790268229043,43.3706955217195,nan,0.8163158194541097,nan
85.69,185.1119842529297,-184.47988891601562,-14.10011100769043,186.19694753041063,-184.55899333883485,-14.109511365150915,1.0878838126896304,0.4551206975816475,0.07148298512861158,3.762138443235281e-05,29.236651400307288,43.071543728226104,nan,nan,nan
85.7,185.10353088378906,-184.4874267578125,-14.102126121520996,186.18249163563598,-184.55898116554494,-14.11110257069837,1.0813680751399344,0.4541487923246649,0.07084792143414498,3.677337413234635e-05,40.47073129676821,54.37382951851152,0.970858961966575,0.1821473886008453,0.013567650427269247
85.71000000000001,185.0950927734375,-184.49497985839844,-14.104101181030273,186.17409516606432,-184.56638879290054,-14.113207577634425,1.0814010938038845,0.45419846654745655,0.0708639024039075,3.7499276318376154e-05,40.38577555262299,54.39818367927379,nan,nan,nan
85.72,185.08665466308594,-184.50254821777344,-14.106036186218262,186.16568471667327,-184.5738136197629,-14.116800445942696,1.0814344563369582,0.45424822664045106,0.07087994215237443,3.6681095886704674e-05,41.229257738680026,54.998544674712214,nan,1.4953130220472959,nan
85.73,185.07821655273438,-184.51011657714844,-14.107933044433594,186.1572892289926,-184.58124123068728,-14.118843637268503,1.081469184962803,0.45429807302618497,0.07089604089384291,3.740540495232774e-05,41.147078927498704,55.47080263621438,nan,nan,nan
85.74,185.06976318359375,-184.5177001953125,-14.109792709350586,186.14889371112585,-184.58867898356235,-14.1209218089747,1.0815195516917713,0.45434800557710964,0.0709121987044659,3.6593237377928024e-05,41.246106445831224,54.92556651586196,nan,0.0033686988911181886,nan
85.75,185.0613250732422,-184.52529907226562,-14.111614227294922,186.1425359989532,-184.59701790328322,-14.1228430215197,1.0836451183017215,0.45428319649465054,0.07090720449626052,3.729297213772094e-05,41.194999889362755,54.91240264613211,0.14343563188713454,nan,nan
85.76,185.05288696289062,-184.53289794921875,-14.11340045928955,186.134161073885,-184.6044685835325,-14.123069843928038,1.083683328192341,0.45433291465931375,0.07092338115232952,3.6487538422346053e-05,40.271741919548425,54.51223072394615,nan,1.8890355450312015,nan
85.77,185.04444885253906,-184.54051208496094,-14.115150451660156,186.1257711514928,-184.6119363805689,-14.124951727656471,1.0837229393294547,0.454382719023075,0.07093961705819174,3.720813485789978e-05,40.187786823895784,54.14426991150523,nan,nan,nan
85.78,185.0360107421875,-184.5481414794922,-14.116866111755371,186.11737796320187,-184.61941534984783,-14.127202571619604,1.0837628309193619,0.45443260948236147,0.07095591229601017,3.6408197439216615e-05,40.438545752721986,54.1210077160255,nan,0.1058940314329979,nan
85.79,185.02757263183594,-184.55577087402344,-14.118546485900879,186.10898867061857,-184.6269017713159,-14.129020676938032,1.083803470267482,0.45448258642414924,0.07097226707126598,3.7127566121760594e-05,40.35520989501767,54.55569910491335,nan,nan,nan
85.8,185.01913452148438,-184.5634002685547,-14.120194435119629,186.08043665703696,-184.63229161702276,-14.13000836975018,1.0635810049710128,0.4544176919670933,0.0709672800505047,3.631095392901164e-05,38.78927094266514,54.44314505813395,8.340356410819046,0.2917025599545032,nan
85.81,185.0106964111328,-184.57106018066406,-14.121809005737305,186.07201032390037,-184.63980899585334,-14.131752327449826,1.0635847360086526,0.4544674542725792,0.0709836531697904,3.7028310727543114e-05,38.70456651726199,53.22548742472941,nan,nan,nan
85.82000000000001,185.00225830078125,-184.57872009277344,-14.123392105102539,186.06358173200118,-184.64733683250438,-14.133783360613245,1.0635899871749654,0.4545173026025388,0.07100008587983578,3.6239588364888903e-05,38.910085255215165,53.93813457420982,nan,0.06664907390729372,nan
85.83,184.9938201904297,-184.5863800048828,-14.124942779541016,186.05515630903972,-184.65487214244533,-14.135468464218427,1.0635959381325282,0.45456723732192683,0.07101657838056824,3.695593768219772e-05,38.82297108094858,54.36248154115777,nan,nan,nan
85.84,184.98538208007812,-184.59405517578125,-14.126462936401367,186.04673194829752,-184.66241571961362,-14.137038588472022,1.0636016881986903,0.4546172583598555,0.07103313076230433,3.617199109242842e-05,38.81316818096506,54.00689947989993,nan,0.004738138621692154,nan
85.85000000000001,184.97694396972656,-184.60174560546875,-14.127952575683594,186.05503362648705,-184.67204146786787,-14.138568084977505,1.080431166396981,0.454552278824707,0.0710281473745758,3.6864790489418855e-05,39.6783371907425,53.70419290097811,5.112642902605224,nan,nan
85.86,184.968505859375,-184.60943603515625,-14.129412651062012,186.04665571188974,-184.67958576579994,-14.138249160519866,1.080465720458701,0.4546020849861872,0.07104471757899102,3.6086332665260796e-05,38.682853376438665,53.184396395382734,nan,2.4262439850176,nan
85.87,184.96006774902344,-184.6171112060547,-14.130844116210938,186.03826251105212,-184.687137683884,-14.139795261923613,1.0805034823973712,0.4546519774441759,0.07106134782371341,3.680006599503242e-05,38.59107092448248,53.47841316618205,nan,nan,nan
85.88,184.95164489746094,-184.62472534179688,-14.132246017456055,186.0298452465714,-184.69465734899018,-14.144384241366923,1.080534041542289,0.45470195614795583,0.07107803820417567,3.602594455967093e-05,40.3941111458338,54.63157645994858,nan,6.277124623557879,nan
85.89,184.94320678710938,-184.63233947753906,-14.1337308883667,186.02145282606492,-184.7021293278782,-14.145960570471109,1.0805714732760845,0.45475202143253013,0.0710947889127879,3.673895070096773e-05,40.274238457861294,54.68352166883849,nan,nan,nan
85.9,184.9347686767578,-184.63995361328125,-14.135297775268555,185.9736711442565,-184.69385752230892,-14.147390086246519,1.040370218897168,0.45468695667280407,0.07108980544963096,3.594739089057938e-05,40.1648272765872,55.234822466858425,14.065925681463948,0.01695709041040022,nan
85.91,184.92633056640625,-184.64759826660156,-14.136944770812988,185.9652146035199,-184.70132080064263,-14.149128568713248,1.0403435000828558,0.4547368068289262,0.0711065734342676,3.665886936804129e-05,40.04807928252482,54.03057207951493,nan,nan,nan
85.92,184.9178924560547,-184.6552276611328,-14.138671875,185.95675288512538,-184.70879623039488,-14.151699180176303,1.0403222065215614,0.4547867431567872,0.07112340180540642,3.589371293548258e-05,40.62393399326173,55.92305357264249,nan,0.37835911202035183,nan
85.93,184.9094696044922,-184.6628875732422,-14.140477180480957,185.94829719043364,-184.71627797420987,-14.1536061659236,1.0402815284754312,0.45483676597297484,0.0711402907507612,3.6604632645092926e-05,40.504953362281235,55.11319147424047,nan,nan,nan
85.94,184.90103149414062,-184.67054748535156,-14.142359733581543,185.93982768797733,-184.72377561899245,-14.15746047845649,1.0402686186924466,0.4548868752541368,0.07115724037267097,3.5843200228338916e-05,42.05777524922253,56.75799120008846,nan,2.3474784063577667,nan
85.95,184.89259338378906,-184.67820739746094,-14.144319534301758,185.91894447909257,-184.72398281497968,-14.159468300697181,1.0274830630249019,0.45482172550543426,0.07115225318148577,3.6531308060814325e-05,42.37074820006787,57.26366542798117,2.70769074304843,nan,nan
85.96000000000001,184.88417053222656,-184.68588256835938,-14.146355628967285,185.9104892342911,-184.73146293428513,-14.159059425797308,1.0274088934885044,0.454871619414201,0.0711692195129806,3.577431374284816e-05,40.499425630959024,55.48322047392287,nan,4.4514958820926305,nan
85.97,184.875732421875,-184.69357299804688,-14.148466110229492,185.90201595380728,-184.7389607792939,-14.161269365063069,1.027366469151225,0.4549215997189025,0.07118624666112386,3.648345102249349e-05,40.38332525476678,54.61047696668504,nan,nan,nan
85.98,184.86729431152344,-184.70126342773438,-14.150650978088379,185.89355364858514,-184.74646165935127,-14.162073221857854,1.0273176600742095,0.45497166641294484,0.0712033347325491,3.572981024708563e-05,39.44241646001669,54.11748615887112,nan,1.4861624610489015,nan
85.99,184.85887145996094,-184.70896911621094,-14.152909278869629,185.88508127934068,-184.75397587969348,-14.16441881536033,1.0272607612387479,0.455021819788003,0.07122048390864943,3.643859903873624e-05,39.327380223150136,54.07592289637295,nan,nan,nan
86.0,184.85043334960938,-184.7166748046875,-14.155240058898926,185.8831829177737,-184.76323215999236,-14.166833183598142,1.0338634621732519,0.4549565850092052,0.07121548922959578,3.713859876010261e-05,39.464557481499305,53.995611237672506,0.42448362555687086,nan,nan
86.01,184.84201049804688,-184.72439575195312,-14.157642364501953,185.87472283455938,-184.77076330961984,-14.169325567425652,1.0338187547242728,0.4550065227579962,0.07123265452471383,3.787527202852189e-05,39.3512076842933,53.93893939177724,nan,nan,nan
86.02,184.8335723876953,-184.73211669921875,-14.160114288330078,185.86626427692934,-184.7783019776914,-14.17176728382869,1.033789828902102,0.4550565468137866,0.0712498809845144,3.7036981464818796e-05,39.31533351971403,53.92130984899025,nan,0.009479289983455718,nan
86.03,184.8251495361328,-184.73985290527344,-14.162656784057617,185.85780555566802,-184.7858488866288,-14.174401749656091,1.0337465981564613,0.45510665746402135,0.07126716878923277,3.7771633968456875e-05,39.20303252486883,53.84981638570392,nan,nan,nan
86.04,184.8167266845703,-184.74758911132812,-14.165249824523926,185.8493587938569,-184.79339797581187,-14.175359553947068,1.03369711803022,0.45515685471421485,0.07128451804862233,3.693981279335283e-05,38.218607692615166,53.2972328210755,nan,1.9095995624636874,nan
86.05,184.80828857421875,-184.75534057617188,-14.167840957641602,185.8445790356898,-184.80843870417814,-14.178067374071011,1.0377002993767752,0.4550915349501407,0.07127951210819886,3.764883687143854e-05,37.09266918955387,52.11514696047104,4.99299739658346,nan,nan
86.06,184.79986572265625,-184.7631072998047,-14.17040729522705,185.8361283404257,-184.8160346499738,-14.180069233495564,1.0376583592075943,0.4551415163269139,0.07129687687637261,3.682425353807804e-05,36.75306055103925,51.771837824488394,nan,0.3025864840269055,nan
86.07000000000001,184.79144287109375,-184.77085876464844,-14.172934532165527,185.82767377659653,-184.8236402264001,-14.182722436455709,1.0376204389342667,0.45519158420517036,0.07131430322447845,3.755434892665577e-05,36.66814916283369,52.95475490290638,nan,nan,nan
86.08,184.7830047607422,-184.7786407470703,-14.17541790008545,185.819217648373,-184.83125424055615,-14.185640281544416,1.037598103926414,0.45524173860589917,0.07133179126624119,3.67357151525864e-05,36.86639382098088,51.50367834174559,nan,0.05945303772334715,nan
86.09,184.7745819091797,-184.78640747070312,-14.177854537963867,185.810763833126,-184.83887469210524,-14.188212275319101,1.0375611170229284,0.4552919797935099,0.07134934117603779,3.746418760042661e-05,36.78512255653429,53.08457914242431,nan,nan,nan
86.10000000000001,184.7661590576172,-184.79420471191406,-14.180245399475098,185.80923864045087,-184.84385225651513,-14.190118036710292,1.044307121384981,0.4552265750281289,0.07134432015280523,3.662879424846532e-05,37.5619570966639,51.73434693755238,3.842815666834301,0.3080028453217097,nan
86.11,184.7577362060547,-184.80198669433594,-14.182588577270508,185.80080097777798,-184.85146868921817,-14.192593328087645,1.0442857275988244,0.4552766000859994,0.07136188493786742,3.735485152127598e-05,37.482127095453,52.848680214459065,nan,nan,nan
86.12,184.7493133544922,-184.80978393554688,-14.18488597869873,185.79236776299643,-184.8590899649962,-14.194341345445984,1.0442619343826183,0.45532671158757193,0.07137951165162394,3.6548377549302134e-05,37.152103065611435,52.08543034374397,nan,0.3004723578027197,nan
86.13,184.7408905029297,-184.81759643554688,-14.187137603759766,185.78393113253622,-184.86672018055853,-14.196719575923094,1.0442407344690736,0.45537690978351547,0.07139720046491084,3.727305403125283e-05,37.07432692228029,51.581075854042545,nan,nan,nan
86.14,184.7324676513672,-184.82540893554688,-14.18934440612793,185.77549867293206,-184.8743554750315,-14.198430137355746,1.0442183805057852,0.4554271947152905,0.07141495149668096,3.647180255885059e-05,36.77854527618944,51.66044191074664,nan,0.2524539952349306,nan
86.15,184.7240447998047,-184.83323669433594,-14.191507339477539,185.7649060767186,-184.88603650476765,-14.200643147462268,1.0422396465055552,0.45536170509764357,0.071409911579887,3.717206122331255e-05,35.8490714092246,50.90862861078919,3.016861045553647,nan,nan
86.16,184.7156219482422,-184.84104919433594,-14.19362735748291,185.75646367005285,-184.8937063171577,-14.20297674364714,1.0422147923855731,0.4554117736491118,0.07142767683429257,3.637678186464358e-05,35.9080682035727,52.18077573107735,nan,0.005636365173333216,nan
86.17,184.7071990966797,-184.84889221191406,-14.195704460144043,185.74802232342626,-184.9013825053717,-14.205176675444651,1.042189015056822,0.45546192880248826,0.07144550441612066,3.709811090566107e-05,35.82955801358425,50.810430963837945,nan,nan,nan
86.18,184.6987762451172,-184.8567352294922,-14.197741508483887,185.7395774843352,-184.90906717173974,-14.20806328175413,1.0421671606515883,0.45551217061140237,0.07146339444746938,3.630760827190759e-05,36.25033178711991,51.59095069081107,nan,0.34661826350254094,nan
86.19,184.6903533935547,-184.8645782470703,-14.199736595153809,185.73113696813425,-184.91675632791302,-14.210189840451442,1.042143114726713,0.45556249930839177,0.0714813470945284,3.7027868583788894e-05,36.17106922294114,51.88505387837067,nan,nan,nan
86.2,184.6819305419922,-184.87242126464844,-14.201692581176758,185.74637546433087,-184.92281270112227,-14.212380396993503,1.0656906300467446,0.45549692477302045,0.07147628439226743,3.6219942590720835e-05,38.38713545924883,52.755139898421874,16.988192788769044,0.00022472780358851193,nan
86.21000000000001,184.6735076904297,-184.88027954101562,-14.203609466552734,185.73798229993938,-184.9304851737971,-14.214431418631746,1.065712866817602,0.45554703683165637,0.07149425058704768,3.693832965724387e-05,38.31108267988675,52.23796165659041,nan,nan,nan
86.22,184.6650848388672,-184.88815307617188,-14.205488204956055,185.7295961054571,-184.93816060045913,-14.215147982820495,1.0657289995540944,0.45559723546437614,0.07151227945848344,3.6157697839157824e-05,37.63022593961291,51.08807176582724,nan,1.1111820651568194,nan
86.23,184.6566619873047,-184.89602661132812,-14.207329750061035,185.72120365783104,-184.94584529163433,-14.217111717382211,1.0657516390225081,0.455647520892981,0.07153037116998343,3.68752056699387e-05,37.55254609458111,51.35774936144212,nan,nan,nan
86.24,184.64825439453125,-184.90390014648438,-14.209134101867676,185.71282131271633,-184.9535312240963,-14.217026596600357,1.0657524377791048,0.4556978931871114,0.07154852584775796,3.60987271506955e-05,36.58931946197394,51.12240059228829,nan,2.6856805197409064,nan
86.25,184.63983154296875,-184.9117889404297,-14.21090316772461,185.70906071233549,-184.96291722734335,-14.21876619090507,1.0704797735038911,0.45563223384513196,0.07154343648609124,3.679271799261693e-05,36.566876924612636,50.121139502784544,0.9620826061478924,nan,nan
86.26,184.63140869140625,-184.919677734375,-14.21263599395752,185.70067661937264,-184.97062280162507,-14.220743212637355,1.0705115733374306,0.455682389247128,0.07156160401783337,3.602113431482953e-05,36.61957460731381,50.5038745348881,nan,0.013431096204946832,nan
86.27,184.62298583984375,-184.9275665283203,-14.214335441589355,185.69229359590966,-184.97833397955887,-14.222545535125674,1.0705437015478851,0.4557326313527581,0.07157983461038436,3.673623657419716e-05,36.537324615207396,50.75885948615543,nan,nan,nan
86.28,184.6145782470703,-184.9354705810547,-14.215999603271484,185.6839062440868,-184.98605330994562,-14.225339845626582,1.0705644388791489,0.4557829602411035,0.07159812839240172,3.596842659772825e-05,37.036278012406456,51.15023242879308,nan,0.7020253089652294,nan
86.29,184.6061553955078,-184.94337463378906,-14.217632293701172,185.6755237703719,-184.9937760171132,-14.227086322130765,1.0705972161620891,0.455833376119886,0.07161648552367358,3.668289021354142e-05,36.95596188644355,51.0219076951345,nan,nan,nan
86.3,184.5977325439453,-184.9512939453125,-14.219231605529785,185.64368102439656,-184.99883980977947,-14.2285958715501,1.0470704477084039,0.4557676319257146,0.0716113655671507,3.589701480736009e-05,35.722283415299074,50.226750109460625,8.954292721930248,0.0025816560794043593,nan
86.31,184.58932495117188,-184.95919799804688,-14.22079849243164,185.63525605094102,-185.0065850196519,-14.230275744975168,1.0470469013356904,0.4558178306525756,0.07162973483740817,3.6610022801443103e-05,35.63775103413129,51.70410019098002,nan,nan,nan
86.32000000000001,184.58090209960938,-184.96713256835938,-14.222334861755371,185.62682758511622,-185.014337591019,-14.232821016602372,1.0470426900754786,0.45586811607828737,0.07164816751646669,3.585013633489766e-05,36.16211686984645,50.47217166980934,nan,0.5396312083760207,nan
86.33,184.57249450683594,-184.9750518798828,-14.223840713500977,185.61840311140494,-185.02209377053592,-14.234449335727799,1.0470197187509211,0.45591848840230886,0.07166666376197346,3.656265151463413e-05,36.07908461742281,51.95155913219586,nan,nan,nan
86.34,184.56407165527344,-184.9829864501953,-14.225316047668457,185.60998613336298,-185.0298519327129,-14.234270907905183,1.0470022246637232,0.4559689477160558,0.07168522370575689,3.580600824886142e-05,35.14959952116159,50.10096547232521,nan,2.129431069479215,nan
86.35000000000001,184.5556640625,-184.99093627929688,-14.226761817932129,185.61516892099462,-185.04774059394114,-14.235885678544268,1.0610657473353755,0.4559031187506841,0.07168006922873575,3.649566312267487e-05,34.405584538482564,49.66764422008343,4.7748136915251855,nan,nan
86.36,184.5472412109375,-184.99887084960938,-14.228290557861328,185.60675855014895,-185.05554415524657,-14.238971543881059,1.0610857359911674,0.4559533606557818,0.0716986405780358,3.574300439005106e-05,35.223574335998755,51.25274967379776,nan,1.5316175188262573,nan
86.37,184.53883361816406,-185.00682067871094,-14.229899406433105,185.59835439613042,-185.06335015862805,-14.240649870930268,1.0610821992329509,0.45600368936690944,0.07171727570736948,3.645383420037316e-05,35.11018687084596,51.005075003351,nan,nan,nan
86.38,184.53041076660156,-185.01478576660156,-14.231588363647461,185.58996003189094,-185.07115682075806,-14.239977220196637,1.0610809178550784,0.4560541049826845,0.07173597475042708,3.570409836540879e-05,33.821794969268005,48.76429030058937,nan,4.011215043031177,nan
86.39,184.52200317382812,-185.02273559570312,-14.233356475830078,185.58155687390916,-185.07897308830727,-14.24179348559006,1.0610786408478459,0.4561046076918156,0.07175473786209682,3.641461691535095e-05,33.71239725450597,50.19418497226831,nan,nan,nan
86.4,184.51358032226562,-185.03070068359375,-14.23520278930664,185.55691615468447,-185.08707678072008,-14.243685740124624,1.0448922834392582,0.4560386939243566,0.07174954489365624,3.5646214095222844e-05,32.60540364178093,49.05514812658583,5.888162430968315,0.0004879542305939324,nan
86.41,184.5051727294922,-185.03868103027344,-14.237126350402832,185.5484827412081,-185.09491929937212,-14.245660046414926,1.0448594869289747,0.45608897896332473,0.07176831865715291,3.63555924656429e-05,32.49961319329104,48.79604417867366,nan,nan,nan
86.42,184.4967498779297,-185.04666137695312,-14.23912525177002,185.54005367543343,-185.10276483491774,-14.24661927826866,1.0448380603301513,0.4561393508208994,0.07178715654600928,3.561213755821912e-05,31.983848248908004,48.149072795572664,nan,0.8141676709723996,nan
86.43,184.48834228515625,-185.05462646484375,-14.24120044708252,185.53162106678317,-185.11061709990037,-14.248737483692999,1.0448073383776886,0.45618980967954764,0.0718060587135062,3.632131466459812e-05,31.87718353504773,49.629311603436804,nan,nan,nan
86.44,184.4799346923828,-185.0626220703125,-14.2433500289917,185.52318842124572,-185.1184743366648,-14.251066169049581,1.044776223533271,0.45624035564721327,0.0718250252957186,3.558033554515218e-05,31.8973058401763,48.16796065467683,nan,0.012385891772286238,nan
86.45,184.47152709960938,-185.0706024169922,-14.245573043823242,185.52967233765966,-185.13050176330117,-14.253441547430294,1.059868477616801,0.4561743571350964,0.07181978986951625,3.626711851390808e-05,32.23031200947428,49.23326503065822,2.50713693901978,nan,nan
86.46000000000001,184.46310424804688,-185.07859802246094,-14.247869491577148,185.52126298295101,-185.1383725237862,-14.256895646936647,1.0598841308101494,0.4562246851731768,0.0718387663318015,3.552936186437927e-05,32.727499140002294,48.71305544264846,nan,0.840007729595729,nan
86.47,184.45469665527344,-185.0865936279297,-14.250236511230469,185.51285765916475,-185.14624605583495,-14.25932652429735,1.059880064275587,0.45627510011981876,0.07185780727915335,3.623739218951945e-05,32.62438466722791,49.2946035580149,nan,nan,nan
86.48,184.4462890625,-185.0946044921875,-14.252676010131836,185.5044551646528,-185.15412301824517,-14.2610873376361,1.0598720229913159,0.4563256020883473,0.07187691284902399,3.55018441109258e-05,32.248802314306005,48.30216659190669,nan,0.37814913720115556,nan
86.49,184.43788146972656,-185.1026153564453,-14.255184173583984,185.4960508055168,-185.16200540886075,-14.263654813973965,1.0598685169780644,0.4563761912531891,0.07189608319265005,3.6209806544597275e-05,32.148819226276665,48.45015314457085,nan,nan,nan
86.5,184.42947387695312,-185.11062622070312,-14.257762908935547,185.46417921829809,-185.1687905868722,-14.266296604106788,1.0363739966117043,0.45631010797614546,0.07189080131041381,3.545504339532312e-05,30.8463757418032,48.55521515003796,9.52746021169762,0.0012734383865741312,nan
86.51,184.4210662841797,-185.11863708496094,-14.260388374328613,185.4557321978211,-185.17669756965594,-14.268994625270688,1.0363294072300222,0.45636047894819753,0.07190998074310208,3.6162098083033764e-05,30.75037483198275,48.70067571267904,nan,nan,nan
86.52,184.41265869140625,-185.12664794921875,-14.26301097869873,185.44728906453585,-185.1846070790757,-14.270611810376188,1.0362803879154827,0.45641093685412176,0.07192922500234704,3.543146004902544e-05,30.242169152612515,48.42634972082373,nan,0.8397734769748794,nan
86.53,184.4042510986328,-185.13467407226562,-14.265606880187988,185.4388432146852,-185.192522206579,-14.273308439596699,1.036236733212352,0.45646148186373686,0.07194853423821622,3.6138527838239295e-05,30.164407138780202,47.69049490957696,nan,nan,nan
86.54,184.39584350585938,-185.1427001953125,-14.268163681030273,185.43040230514424,-185.20043935907586,-14.2744137500384,1.0361876198702833,0.45651211409726056,0.07196790858989935,3.5409725887584164e-05,29.53744610143474,47.292706455706586,nan,1.6762624068319543,nan
86.55,184.38743591308594,-185.15074157714844,-14.270675659179688,185.43023366739138,-185.21788231396675,-14.277008548302813,1.0449761434643472,0.4564459460946525,0.071962576255112,3.609471914963769e-05,28.60088011604542,46.36915280797181,4.696412890229112,nan,nan
86.56,184.3790283203125,-185.1587677001953,-14.273140907287598,185.42180223446687,-185.2258377152647,-14.278421360407595,1.0449419630521974,0.45649635987350884,0.0719819588872663,3.536850901615647e-05,28.18833480675728,47.109052900211935,nan,0.9150297040481679,nan
86.57000000000001,184.37062072753906,-185.16680908203125,-14.275558471679688,185.4133682135202,-185.23379853016445,-14.280927159108908,1.0449108710726758,0.4565468606631387,0.07200140669532196,3.6074821830309975e-05,28.111162355960282,46.33998389170553,nan,nan,nan
86.58,184.36221313476562,-185.1748504638672,-14.277929306030273,185.40493194811725,-185.2417645455956,-14.28445162051403,1.0448839929088811,0.4565974485876802,0.07202091981945148,3.535022787335305e-05,28.427527703494114,46.880581407006154,nan,0.785142698819918,nan
86.59,184.3538055419922,-185.1829071044922,-14.280252456665039,185.39649912835682,-185.24973312966435,-14.286875307203797,1.0448538150552513,0.4566481238110885,0.07204049840826118,3.605664844675732e-05,28.354540422488427,46.11144976055465,nan,nan,nan
86.60000000000001,184.34539794921875,-185.19094848632812,-14.282529830932617,185.38276852043572,-185.25398998585652,-14.289082311494216,1.0393049926231075,0.4565818710701231,0.07203511160341054,3.531235281181294e-05,28.554197803256848,47.210353888273666,0.7184073015949122,0.008566038639403752,nan
86.61,184.33700561523438,-185.19900512695312,-14.284762382507324,185.3743290182313,-185.26195634456187,-14.291413880593424,1.0392530686172254,0.45663232757402306,0.07205469764576808,3.601803166427684e-05,28.47929842847709,46.873831369776894,nan,nan,nan
86.62,184.32859802246094,-185.20706176757812,-14.28695011138916,185.3658940937826,-185.2699246941008,-14.292002918017818,1.0392114404514508,0.45668287112302275,0.07207434920074043,3.529721813577431e-05,27.8875686116386,46.066399770010705,nan,2.002756707230463,nan
86.63,184.3201904296875,-185.2151336669922,-14.289093971252441,185.35745549982548,-185.27789856254168,-14.29423083308504,1.039174982950979,0.45673350187777034,0.07209406641611803,3.600306266737143e-05,27.81247440565649,45.30452414582082,nan,nan,nan
86.64,184.31179809570312,-185.2231903076172,-14.2911958694458,185.34901996647028,-185.28587474113593,-14.295174072456502,1.0391219242718712,0.45678421996735646,0.07211384943328839,3.528355916269411e-05,27.439973218150005,46.492259854161986,nan,1.0724169969869706,nan
86.65,184.3033905029297,-185.23126220703125,-14.293254852294922,185.36098590317636,-185.29212016337138,-14.297359714230698,1.059352902183366,0.45671788251390183,0.07210840414172988,3.596753816194697e-05,28.955843869243623,45.4555637483451,10.34636471655365,nan,nan
86.66,184.29498291015625,-185.2393341064453,-14.295273780822754,185.35258633488306,-185.30008151617477,-14.300094099431195,1.0593575823366708,0.45676838161987443,0.07212819376848147,3.5250111665256024e-05,29.061975817501278,45.75449682413299,nan,0.2863554318481366,nan
86.67,184.28659057617188,-185.24740600585938,-14.29725170135498,185.3441886140507,-185.30804564041946,-14.30215373647181,1.0593464046066305,0.45681896783812614,0.07214804924778681,3.595547641660144e-05,28.98539814925081,46.28631734134953,nan,nan,nan
86.68,184.27818298339844,-185.2554931640625,-14.299190521240234,185.33579443413515,-185.31601179257103,-14.302649832861547,1.0593471819771205,0.45686964130051483,0.07216797072170195,3.523918185097519e-05,28.573907595658362,44.78465192079641,nan,1.6187161548298354,nan
86.69,184.26979064941406,-185.26358032226562,-14.301091194152832,185.32739745069063,-185.32398285331,-14.304617304837155,1.0593361342461467,0.4569204021635456,0.07218795833702146,3.5944776420590974e-05,28.49625668610116,45.32431578387409,nan,nan,nan
86.7,184.26138305664062,-185.27166748046875,-14.302953720092773,185.2655806611219,-185.295387749243,-14.304283245753854,1.0044785949113804,0.44841716019830263,0.0670107977881295,3.52082948801664e-05,40.40768093353142,57.020648241504524,2.234909783451234,3.8038560344934047,0.1759654402423992
86.71000000000001,184.25299072265625,-185.27975463867188,-14.304779052734375,185.25716729176744,-185.30332815237546,-14.3061549826993,1.0044541730131502,0.4484709186109878,0.06702184505957515,3.59132602015478e-05,40.289182699989944,57.57813544085449,nan,nan,nan
86.72,184.2445831298828,-185.287841796875,-14.306568145751953,185.24876176777735,-185.31127881531162,-14.308396369160706,1.0044537684919925,0.44852476306962685,0.06703295037746591,3.5199832701080784e-05,40.21121719204184,57.304320880687186,nan,0.11466983612306274,nan
86.73,184.23619079589844,-185.2959442138672,-14.308320999145508,185.24034901229632,-185.3192259840932,-14.31020143652611,1.0044298384800092,0.4485786947154108,0.0670441147000351,3.590506786392765e-05,40.09602452980421,56.97634231160507,nan,nan,nan
86.74,184.227783203125,-185.30404663085938,-14.310039520263672,185.23196015278995,-185.3271977874237,-14.313263231877578,1.0044489606770688,0.44863271271111665,0.06705533737329845,3.519252440502478e-05,40.174932642933676,56.8556399876233,nan,1.1639280061151245,nan
86.75,184.21939086914062,-185.31214904785156,-14.311723709106445,185.24962322847617,-185.34698016434155,-14.315042083123892,1.0308263347936628,0.4485605114687287,0.06704976473804487,3.587602167188154e-05,39.83774124957514,57.224511827990895,8.344444796266666,nan,nan
86.76,184.2109832763672,-185.32025146484375,-14.313374519348145,185.24124510911588,-185.35495313854486,-14.316093369907628,1.0308496700900271,0.44861429679224046,0.06706103098377392,3.516514148390029e-05,39.62192013044474,56.85717598234074,nan,0.3103911532847664,nan
86.77,184.2025909423828,-185.32835388183594,-14.31499195098877,185.2328792348383,-185.36294032205916,-14.317772067254515,1.0308724055209724,0.44866816918543745,0.06707235646816802,3.5870081488609135e-05,39.50634386344614,57.39001530438734,nan,nan,nan
86.78,184.19419860839844,-185.3364715576172,-14.316576957702637,185.22451220704264,-185.3709296845192,-14.31933510127551,1.0308933414358263,0.4487221278698875,0.06708374059871133,3.5159943778743084e-05,39.38911166545828,56.61700490365772,nan,0.00496173159727907,nan
86.79,184.185791015625,-185.34458923339844,-14.318131446838379,185.21614704401034,-185.3789237823835,-14.320950641547316,1.0309317893744618,0.4487761738982082,0.06709518424228282,3.586519424972296e-05,39.27703946714452,56.326688679949285,nan,nan,nan
86.8,184.17739868164062,-185.3527069091797,-14.319653511047363,185.23769395802626,-185.39473216554396,-14.323556718669687,1.061134972719261,0.4487038714840251,0.06708971840704069,3.5134577642297174e-05,40.30538171333481,57.21903718511763,7.3096327415531706,0.6986973457614318,nan
86.81,184.16900634765625,-185.36082458496094,-14.321146965026855,185.22937612772176,-185.40273311524925,-14.325122627264486,1.0612050703221036,0.44875768446546516,0.06710120517459874,3.583927427213914e-05,40.19464746487009,57.308666053172,nan,nan,nan
86.82000000000001,184.1605987548828,-185.36895751953125,-14.322608947753906,185.22105289056137,-185.41073199435098,-14.326329059817441,1.061283147825301,0.4488115836785164,0.0671127508785844,3.513126786484846e-05,40.033486686852186,56.118097935072605,nan,0.07651203155432341,nan
86.83,184.15220642089844,-185.3770751953125,-14.324153900146484,185.21273558226258,-185.41873877462356,-14.327889688977162,1.0613538109711254,0.4488655701180271,0.06712435632758451,3.5836301257266055e-05,39.91004096952931,57.46269632094328,nan,nan,nan
86.84,184.14381408691406,-185.3852081298828,-14.32577896118164,185.20441685845176,-185.42674689546075,-14.3294276358933,1.0614221690102137,0.44891964309254406,0.06713602101575433,3.512884024034216e-05,39.783432316128895,56.64826717637031,nan,0.007716827420727538,nan
86.85000000000001,184.1354217529297,-185.39334106445312,-14.327484130859375,185.1917571160987,-185.43817251675475,-14.331075059339929,1.0572923689142155,0.44884724102277707,0.06713065843069282,3.5812205163958585e-05,38.672306226565425,56.52656298020914,4.1323211271423705,nan,nan
86.86,184.12701416015625,-185.40147399902344,-14.329267501831055,185.1834276394143,-185.4462015155019,-14.332217249290398,1.0573640295085294,0.4489010806069416,0.06714236579726705,3.510608108320787e-05,38.443451017180024,56.14799731530209,nan,0.3053361770977584,nan
86.87,184.11862182617188,-185.4096221923828,-14.331130027770996,185.17510947795247,-185.4542429089432,-14.33409183273541,1.0574336570205698,0.44895500730020077,0.06715413313832592,3.581093497089364e-05,38.325489858134674,55.664926625954436,nan,nan,nan
86.88,184.1102294921875,-185.41775512695312,-14.333067893981934,185.16682587845074,-185.46231699471338,-14.338137404717578,1.057547816158642,0.44900902046733077,0.06716596000293835,3.5105246167263e-05,38.69418335147113,57.20199393506982,nan,3.0729861126668183,nan
86.89,184.10183715820312,-185.4259033203125,-14.3350830078125,185.15850813275375,-185.47036382803003,-14.34018890740548,1.0576182465402755,0.4490631210185136,0.06717784711798262,3.5810459839834265e-05,38.57446497723844,56.329538944535216,nan,nan,nan
86.9,184.09344482421875,-185.43405151367188,-14.337173461914062,185.17093427744024,-185.48512519258873,-14.340188111586889,1.0787034488654859,0.4489906191186501,0.06717258284618381,3.508399933066713e-05,38.379918946471406,56.100933712644775,3.7553917940202575,3.4324297509204866,nan
86.91,184.0850372314453,-185.44219970703125,-14.339337348937988,185.16265105622153,-185.4931848297818,-14.34237166646112,1.0788235468201264,0.4490444859110199,0.06718451213932501,3.578870325554351e-05,38.26372485173277,55.832283395645426,nan,nan,nan
86.92,184.07664489746094,-185.4503631591797,-14.341574668884277,185.15436166989232,-185.50124102605233,-14.344209501078355,1.0789202664043933,0.44909843911479375,0.06719650123511567,3.5084572961138974e-05,38.09156483113867,55.253989034505324,nan,0.1242657036824115,nan
86.93,184.06825256347656,-185.45851135253906,-14.34388542175293,185.14607933332397,-185.50930516961705,-14.346537639095713,1.0790262239213082,0.44915247958586524,0.06720855080902104,3.5789652925496044e-05,37.974268583691654,56.22706074553385,nan,nan,nan
86.94,184.0598602294922,-185.4666748046875,-14.346266746520996,185.13780872184128,-185.51738130417718,-14.349667848625861,1.0791458051365022,0.4492066067707162,0.06722066048664241,3.5085804144625414e-05,37.994316030722146,55.51092428545569,nan,0.37342634776734507,nan
86.95,184.0514678955078,-185.47482299804688,-14.348719596862793,185.10636570580655,-185.50700657218553,-14.352216798201935,1.0553944300756104,0.44913400641037826,0.06721549070587272,3.576924535395483e-05,39.802179447316696,56.81691158367472,25.617816049401764,nan,nan
86.96000000000001,184.04307556152344,-185.4829864501953,-14.351242065429688,185.09800262476162,-185.51498581523666,-14.352531433706188,1.0554130615952868,0.4491878994975098,0.06722764206130614,3.506648133105409e-05,39.396412823382484,55.693988619954546,nan,3.524881968808287,nan
86.97,184.03468322753906,-185.49114990234375,-14.353833198547363,185.08967399663132,-185.5229963889302,-14.355132844532509,1.0554721268974656,0.4492418797355417,0.06723985412011647,3.577144687734059e-05,39.28478673904221,55.76520688729376,nan,nan,nan
86.98,184.0262908935547,-185.4993133544922,-14.356471061706543,185.08135477443315,-185.5310168783313,-14.35839337474905,1.0555418520577833,0.4492959466229514,0.06725212655573896,3.50688808738781e-05,39.23130924768185,55.88795917000667,nan,0.25335605145874085,nan
86.99,184.0178985595703,-185.5074920654297,-14.359106063842773,185.07302698497125,-185.53903201650695,-14.36108247570715,1.055601567262419,0.44935010093737526,0.06726445997239064,3.577423275205133e-05,39.126365806489645,55.071550913945316,nan,nan,nan
87.0,184.009521484375,-185.51565551757812,-14.361713409423828,185.02735936574066,-185.53874108308486,-14.365749613036526,1.01810765001414,0.4492774020717295,0.06725937974440803,3.5050660543726485e-05,38.142312858446076,56.5788503333885,12.089142772064784,2.674132072431871,nan
87.01,184.00112915039062,-185.52383422851562,-14.36428165435791,185.01897462830425,-185.54676571225386,-14.368412217883876,1.018112140881688,0.44933132192657366,0.06727175428828111,3.575552531137926e-05,38.044296538906934,55.303384212021,nan,nan,nan
87.02,183.99273681640625,-185.53201293945312,-14.366804122924805,185.0106067492897,-185.5548064845361,-14.37218876709018,1.0181393521313329,0.4493853283648287,0.06728418947675671,3.505407936778753e-05,38.2836840299912,55.719981939863985,nan,0.9390996420599582,nan
87.03,183.98434448242188,-185.54019165039062,-14.369280815124512,185.0022227561276,-185.562835600047,-14.374776803732697,1.0181449476518345,0.4494394221146836,0.0672966858698153,3.5759339618677115e-05,38.1904843258831,55.75674376684998,nan,nan,nan
87.04,183.9759521484375,-185.54837036132812,-14.371708869934082,184.99382891404218,-185.57085822011976,-14.376583973489984,1.0181368181072543,0.4494936027490134,0.06730924320681166,3.5057974289561694e-05,37.912796697518544,55.63945962473075,nan,0.37971145448325544,nan
87.05,183.9675750732422,-185.55654907226562,-14.374089241027832,185.01520982266914,-185.5903236631592,-14.379001966042043,1.0481905485473324,0.44942080661171563,0.0673042484677874,3.574159991765297e-05,37.96712368426448,56.018247951596024,8.317700837422317,nan,nan
87.06,183.9591827392578,-185.56472778320312,-14.376422882080078,185.00686099432596,-185.59836537741683,-14.38027657077269,1.0482251975618917,0.44947475245180657,0.06731684637846097,3.5041129062149645e-05,37.604722798612215,55.41088400628557,nan,0.9564540103079272,nan
87.07000000000001,183.95079040527344,-185.57290649414062,-14.37870979309082,184.99852869861974,-185.60642248072477,-14.382659215776357,1.0482816656989062,0.44952878548863523,0.06732950571486664,3.5746304254731706e-05,37.506211998232665,55.45661301094047,nan,nan,nan
87.08,183.94241333007812,-185.5811004638672,-14.380951881408691,184.9902263120317,-185.61450630230075,-14.38719604181429,1.0483639562342133,0.44958290534177014,0.06734222625702077,3.504585262012322e-05,38.0729624081147,55.65577717798263,nan,3.4055890864691127,nan
87.09,183.93402099609375,-185.58929443359375,-14.383149147033691,184.98189459708348,-185.62256772643798,-14.389511599620516,1.0484210396929303,0.4496371126691473,0.06735500850428142,3.575142478749253e-05,37.98428176084889,55.32134364674776,nan,nan,nan
87.10000000000001,183.92562866210938,-185.5974884033203,-14.385302543640137,184.98168127263637,-185.63168116333298,-14.391627771265306,1.0566249427032588,0.4495642193331304,0.06735009431025722,3.502978463760972e-05,38.38473059756333,55.456321659228394,0.7572555290252079,0.01910399133239258,nan
87.11,183.91725158691406,-185.60568237304688,-14.387413024902344,184.9733621520682,-185.6397419274978,-14.393856135452799,1.0566792762012336,0.4496181915112314,0.06736291653180883,3.5734877578058054e-05,38.29505411987057,55.89587200814531,nan,nan,nan
87.12,183.9088592529297,-185.61387634277344,-14.389481544494629,184.96504854107718,-185.64780894718447,-14.396440890131979,1.056757146430212,0.44967225043577824,0.06737580021567126,3.503521888347889e-05,38.407519877762425,55.75721946079274,nan,0.11160796488300664,nan
87.13,183.90048217773438,-185.6220703125,-14.391508102416992,184.9567301129619,-185.65587369329447,-14.39859099453756,1.0568124415365063,0.4497263967208985,0.06738874582405235,3.574071318324756e-05,38.31928745666834,56.20674365360509,nan,nan,nan
87.14,183.89208984375,-185.63026428222656,-14.393495559692383,184.94842311384983,-185.66394959470583,-14.401600292669519,1.0569013030994197,0.44978063005205954,0.06740175319238308,3.504098620341345e-05,38.68177587410974,56.29748456344283,nan,0.5694016791628306,nan
87.15,183.8837127685547,-185.6384735107422,-14.395442962646484,184.93069319911066,-185.67151720517657,-14.403834355644522,1.047535356532417,0.4497076406283045,0.06739691526889874,3.572483498844971e-05,38.136992261215,55.80761020766213,2.4275435445770492,nan,nan
87.16,183.8753204345703,-185.64666748046875,-14.397351264953613,184.9223607167362,-185.67959535138252,-14.405785049295291,1.0475918698993627,0.4497616384795871,0.06740996200629217,3.502586283587988e-05,38.08763398239992,56.426585122692394,nan,0.006272683001090644,nan
87.17,183.866943359375,-185.65487670898438,-14.399221420288086,184.91402966928732,-185.68767626669973,-14.407791711808148,1.0476349561220515,0.44981572357842126,0.06742307088516644,3.573127749272416e-05,38.005088337460755,55.9339658849626,nan,nan,nan
87.18,183.85855102539062,-185.6630859375,-14.401055335998535,184.90569513581127,-185.6957558812476,-14.40944393884322,1.047687206121562,0.44986989565111435,0.06743624177469061,3.50321936224385e-05,37.85181667184081,55.50140305763627,nan,0.0712557963474223,nan
87.19,183.8501739501953,-185.67129516601562,-14.402851104736328,184.89736462297364,-185.7038403402308,-14.411375001471482,1.047730953219468,0.44992415525036494,0.06744947508672784,3.573800541318714e-05,37.76864557947566,55.9539759885443,nan,nan,nan
87.2,183.84178161621094,-185.67950439453125,-14.40461254119873,184.87791634730354,-185.70375002723452,-14.412725947695218,1.0364501237621124,0.4498510699156326,0.06744470847974672,3.501759597633655e-05,38.27673041653097,55.591744540444665,4.346707066886602,0.25028891964129873,nan
87.21000000000001,183.83340454101562,-185.68771362304688,-14.40633773803711,184.86956430406727,-185.71181248785953,-14.414582489920171,1.0364727617193366,0.4499050936868824,0.06745798051411178,3.5722926905720514e-05,38.19282245876368,56.0566874643183,nan,nan,nan
87.22,183.82501220703125,-185.69593811035156,-14.408029556274414,184.86119228156417,-185.71986058512312,-14.41463605464128,1.036477244071918,0.4499592043580791,0.06747131480469258,3.50243991796133e-05,37.43305732039467,54.10724451248422,nan,2.2070876362464875,nan
87.23,183.81663513183594,-185.7041473388672,-14.409687042236328,184.85284070332534,-185.72792673795527,-14.416408177961147,1.0365001784235757,0.4500134024440809,0.06748471173290309,3.573012866502345e-05,37.3441148676873,55.46987134809431,nan,nan,nan
87.24,183.80825805664062,-185.71237182617188,-14.411312103271484,184.84445842169924,-185.7359702782693,-14.415386136334707,1.0364770529222582,0.45006768772810724,0.06749817121337467,3.5031425755787224e-05,36.44923760981141,53.79587584873805,nan,5.376757426987537,nan
87.25,183.79986572265625,-185.7205810546875,-14.412903785705566,184.81520754730275,-185.74569938230795,-14.417037823573388,1.0156608890412295,0.4499945074853729,0.06749347146802227,3.571549141543768e-05,34.61093674581885,54.02848183269996,10.787570773801919,nan,nan
87.26,183.79148864746094,-185.7288055419922,-14.414464950561523,184.806824333432,-185.75379912251606,-14.41830571851666,1.0156505234440616,0.4500485566147664,0.06750696901558702,3.501744420589898e-05,34.44782224848398,53.461628364641705,nan,0.10249926580763781,nan
87.27,183.78309631347656,-185.73703002929688,-14.415994644165039,184.798445432272,-185.7619038326846,-14.419920579091244,1.0156613373062235,0.4501026930478748,0.06752052941335973,3.572308460639627e-05,34.3532288731068,53.066017794806775,nan,nan,nan
87.28,183.77471923828125,-185.74525451660156,-14.417492866516113,184.79007925665726,-185.7700201383973,-14.422698329427789,1.0156753417227355,0.45015691660277135,0.06753415260328513,3.502483303768034e-05,34.589532415703225,53.87669883584535,nan,1.003087673596517,nan
87.29,183.76634216308594,-185.75347900390625,-14.419073104858398,184.78170067738623,-185.7781283003208,-14.424321643795786,1.0156712300428707,0.4502112277419016,0.06754783892598495,3.573086439730589e-05,34.48089851582726,53.88618894615503,nan,nan,nan
87.3,183.75794982910156,-185.76171875,-14.420734405517578,184.75459093051154,-185.76829553398943,-14.424654536728156,0.9966705105179169,0.4501379528569592,0.0675432010745097,3.501118827249786e-05,35.98755076393108,52.80244973119533,22.311434367606715,1.3623460717908822,nan
87.31,183.74957275390625,-185.7699432373047,-14.422473907470703,184.74617340142123,-185.7763449230261,-14.426427058563336,0.9966290481472615,0.4501920275002352,0.06755692477164284,3.571673158023636e-05,35.88180704417648,54.154095386206556,nan,nan,nan
87.32000000000001,183.74119567871094,-185.77816772460938,-14.42429256439209,184.73775345793726,-185.78439372528928,-14.428022331309126,0.9965842069700984,0.4502461891873626,0.06757071149583863,3.501887094089365e-05,35.737173431591685,54.110626035713146,nan,0.04662343591046495,nan
87.33,183.73281860351562,-185.78640747070312,-14.426188468933105,184.7293363676661,-185.79244597609562,-14.429951064279521,0.9965431626069009,0.4503004383488749,0.06758456156337911,3.572480501382313e-05,35.634617578955485,53.242099083876234,nan,nan,nan
87.34,183.72442626953125,-185.79464721679688,-14.428160667419434,184.7209218842733,-185.80050143367237,-14.43219670326835,0.9965209840443672,0.4503547748508352,0.06759847495258356,3.50266954055746e-05,35.60290311708917,52.88967464763272,nan,0.04017003990811352,nan
87.35000000000001,183.71604919433594,-185.80287170410156,-14.430208206176758,184.70173451375797,-185.80970443208636,-14.434255062440077,0.9857173084315014,0.45028140623365426,0.06759389438849536,3.571094514596649e-05,34.605260656580334,54.078021055187016,3.014708466207907,nan,nan
87.36,183.70767211914062,-185.8111114501953,-14.432331085205078,184.69332314433862,-185.8177928249099,-14.438468458612284,0.9856927774891504,0.4503355059170905,0.06760784444864452,3.50134237383472e-05,35.120249512275564,53.794375685611854,nan,2.968323752763985,nan
87.37,183.6992950439453,-185.81935119628906,-14.434527397155762,184.68489229570082,-185.82586770317744,-14.440726461130424,0.9856382885847106,0.45038969296568143,0.06762185806005533,3.571925119781784e-05,35.01809133369884,53.80159204656564,nan,nan,nan
87.38,183.69090270996094,-185.8275909423828,-14.436797142028809,184.67646641481767,-185.83394759860056,-14.443575806260679,0.9856075150372805,0.45044396727454306,0.0676359352225989,3.50214626671172e-05,35.153198670489004,53.5746216099409,nan,0.1885772572056504,nan
87.39,183.68252563476562,-185.83583068847656,-14.439139366149902,184.6680360744477,-185.842025331469,-14.445986680280928,0.9855536951556696,0.45049832923052774,0.06765007622034291,3.5727671641115715e-05,35.051295851914894,54.02708168498381,nan,nan,nan
87.4,183.6741485595703,-185.84408569335938,-14.44155216217041,184.66519081425122,-185.85299014873797,-14.44985334540547,0.9911170211088624,0.45042486722120567,0.06764554795974305,3.500839059765969e-05,35.57570232447516,53.67161945461211,0.7949827242683458,1.5316330738417137,nan
87.41,183.665771484375,-185.85232543945312,-14.444035530090332,184.6567713380283,-185.86107718003908,-14.452421768134325,0.9910739790210867,0.45047899202425107,0.06765972489126296,3.571410165868194e-05,35.474618716089125,54.56525689208932,nan,nan,nan
87.42,183.6573944091797,-185.86056518554688,-14.446588516235352,184.64836088852567,-185.86917187924,-14.456039205153713,0.9910489159898902,0.4505332040057685,0.06767396559857877,3.501659410074427e-05,35.95421224212012,55.123800054136225,nan,0.6745847578854359,nan
87.43,183.64901733398438,-185.8688201904297,-14.449210166931152,184.63994236067137,-185.87726143269524,-14.458758651412294,0.9910069811265173,0.45058750352631677,0.06768827034681099,3.5722685829251024e-05,35.85665802745424,54.20374236527,nan,nan,nan
87.44,183.64064025878906,-185.87705993652344,-14.451875686645508,184.6315182539806,-185.88534781072985,-14.460834221899573,0.9909531500366522,0.45064189052054915,0.06770263916417313,3.502488092001464e-05,35.494101011569725,54.837267010840634,nan,0.34682452132967434,nan
87.45,183.6322479248047,-185.88531494140625,-14.454536437988281,184.621673081221,-185.8948047259131,-14.463688889258739,0.9895129931050274,0.45056833595058393,0.06769815847588123,3.570926896838213e-05,35.20033002047012,53.4647546756393,0.5452010493151609,nan,nan
87.46000000000001,183.62387084960938,-185.89356994628906,-14.457168579101562,184.61325587779157,-185.90290658971531,-14.466618706481475,0.9894742097745929,0.45062248547321704,0.06771256247707944,3.501200876782077e-05,35.30618200740591,54.10134803351134,nan,0.016545343632627846,nan
87.47,183.61549377441406,-185.90182495117188,-14.459760665893555,184.60483782872674,-185.91100875020283,-14.469363472369444,0.9894332791354393,0.45067672242732215,0.0677270307221297,3.571797310319647e-05,35.23826895132181,54.08376183531499,nan,nan,nan
87.48,183.60711669921875,-185.91006469726562,-14.462307929992676,184.5964148701484,-185.91910803064735,-14.471376349762,0.9893810636557242,0.4507310467712163,0.06774156325578858,3.502040566690997e-05,34.90339716983478,54.72376004588717,nan,0.33591878201273984,nan
87.49,183.5987548828125,-185.91831970214844,-14.46480655670166,184.5879977935034,-185.92721244471184,-14.474026944332001,0.9893258476207757,0.45078545882988547,0.06775616031842825,3.572674096474911e-05,34.835030886065574,54.2733945629296,nan,nan,nan
87.5,183.5903778076172,-185.92657470703125,-14.467257499694824,184.5760870948808,-185.93272477537678,-14.477198633137533,0.9857786001291065,0.45071181209969446,0.0677517222014527,3.5007637553506596e-05,35.457812907357344,54.318211185100076,0.8561498572841229,0.15168539962631666,nan
87.51,183.58200073242188,-185.93482971191406,-14.469660758972168,184.56766417491926,-185.94082365716167,-14.479762022553103,0.9857334248068063,0.4507659863590025,0.06776635366767234,3.57134644082854e-05,35.393602697969115,54.30442333673449,nan,nan,nan
87.52,183.57362365722656,-185.94309997558594,-14.472015380859375,184.55924927244035,-185.9489290266146,-14.483297387051024,0.9857074184894665,0.4508202479226938,0.06778104963735962,3.501610938820115e-05,36.07592305678291,54.16432928375038,nan,0.7321007321487774,nan
87.53,183.56524658203125,-185.95135498046875,-14.474324226379395,184.5508270574715,-185.95702992819307,-14.485777974109155,0.9856633639015789,0.45087459709458677,0.0677958103365585,3.572230635691164e-05,36.01530944545789,55.033599807369654,nan,nan,nan
87.54,183.55686950683594,-185.95960998535156,-14.476587295532227,184.5424028026421,-185.9651303235306,-14.4879046574504,0.9856137346633097,0.45092903386482636,0.06781063583147962,3.5024624493964125e-05,35.901835926936386,54.98755601401239,nan,0.06709419516577338,nan
87.55,183.54849243164062,-185.96786499023438,-14.478804588317871,184.55002164407472,-185.98239998896327,-14.49006639988354,1.0016979873927292,0.45085529574094063,0.06780623545473716,3.5709101530876e-05,35.33013718743167,54.627715249028654,6.675981346277425,nan,nan
87.56,183.5401153564453,-185.97613525390625,-14.480978012084961,184.54161580143108,-185.99051903020728,-14.490574602289275,1.0016497036743506,0.45090949439725186,0.06782109455867917,3.5011938524065986e-05,34.31335245966916,52.747730368945376,nan,2.366228115277842,nan
87.57000000000001,183.53175354003906,-185.98439025878906,-14.483108520507812,184.53322297557955,-185.9986482414406,-14.492852921777013,1.0016183273818255,0.4509637805556143,0.0678360185897557,3.5717987335108606e-05,34.24256204204196,54.11806784690933,nan,nan,nan
87.58,183.52337646484375,-185.99266052246094,-14.485196113586426,184.5248150862057,-186.00676795724954,-14.492835136611935,1.001567115446805,0.45101815422500147,0.06785100762649202,3.502049359095208e-05,33.15519643131075,51.72986594044931,nan,3.5843732912360444,nan
87.59,183.51499938964844,-186.0009307861328,-14.487242698669434,184.51642283504978,-186.0148994441552,-14.49500828271377,1.00155096959765,0.4510726156809313,0.06786606187649351,3.572690314129683e-05,33.081685765413724,51.716045549698464,nan,nan,nan
87.60000000000001,183.50662231445312,-186.00918579101562,-14.489248275756836,184.4676247390875,-186.02708793267368,-14.496980039405729,0.9612002533282219,0.4509987866113097,0.06786169422255586,3.500784861861311e-05,29.89163267638825,52.39715858498239,35.87594320002456,0.016616400719744417,nan
87.61,183.4982452392578,-186.0174560546875,-14.49121379852295,184.45917732615135,-186.03527978530997,-14.49907169681789,0.9611294957291038,0.45105300963201306,0.06787678125967225,3.5713739824965133e-05,29.816650294070545,51.3659259260666,nan,nan,nan
87.62,183.48988342285156,-186.02572631835938,-14.49314022064209,184.45072180897466,-186.04346707364363,-14.499818597429215,0.9610253583346335,0.45110732007503684,0.0678919335079522,3.5016419882858895e-05,29.26437591431772,51.38007356308193,nan,1.2032045048608524,nan
87.63,183.48150634765625,-186.03399658203125,-14.495027542114258,184.44227463898355,-186.0516610041604,-14.501820560096043,0.9609546745411218,0.4511617181992585,0.06790715116451601,3.5722671385494144e-05,29.186485161531703,50.86840957543332,nan,nan,nan
87.64,183.47312927246094,-186.04226684570312,-14.496877670288086,184.43383040095412,-186.0598578424091,-14.504259773279003,0.9608905228472989,0.45121620403867196,0.06792243432360487,3.5025008644787574e-05,29.354863833415504,51.10928810946402,nan,0.15854192362374836,nan
87.65,183.4647674560547,-186.050537109375,-14.49869155883789,184.452150663876,-186.08198589548056,-14.506294336469582,0.9879131679772053,0.4511422847369983,0.06791809448402877,3.5709527962251574e-05,28.923628422810378,51.418121843887704,10.381668765389444,nan,nan
87.66,183.45639038085938,-186.05880737304688,-14.500469207763672,184.44374488970035,-186.09021200982363,-14.507155770850979,0.9878764535434646,0.4511965318308116,0.06793340959289829,3.5012370686132197e-05,28.486516820788445,50.5618829682536,nan,0.7611464057776686,nan
87.67,183.44801330566406,-186.06707763671875,-14.50221061706543,184.435345539929,-186.0984431207758,-14.509010644287114,0.9878537213469007,0.4512508665007784,0.06794879030204333,3.571845531688959e-05,28.40891615480866,50.556668135461365,nan,nan,nan
87.68,183.43963623046875,-186.0753631591797,-14.503917694091797,184.42825064521716,-186.09721718911425,-14.511048182333063,0.9888816428346134,0.4512825243475125,0.06676496487790977,3.5020886421253856e-05,40.690386157340356,61.880140743683505,nan,0.0324755789913774,0.07460250674899904
87.69,183.4312744140625,-186.08363342285156,-14.50559139251709,184.419857529245,-186.1054335765808,-14.512837609681217,0.9888500037871053,0.45133681808658643,0.06677625046380077,3.572732118594254e-05,40.57034903454731,63.327571728357384,nan,nan,nan
87.7,183.4228973388672,-186.0919189453125,-14.507230758666992,184.41329733082273,-186.12680842065603,-14.512624238294878,0.9910290153056975,0.4512635863934069,0.06677052314967712,3.50082533709533e-05,37.28714011368948,61.04473812903502,29.687895045099346,2.829517302508912,nan
87.71000000000001,183.41452026367188,-186.10018920898438,-14.508837699890137,184.4049195459354,-186.13509329939885,-14.514329754578926,0.9910293620778705,0.45131764483694403,0.06678185132567613,3.571416136065079e-05,37.16198818762692,62.09176778600171,nan,nan,nan
87.72,183.40615844726562,-186.1084747314453,-14.51041316986084,184.39654003331077,-186.1433740317012,-14.515550018107483,0.9910096035586933,0.4513717898147953,0.0667932378749103,3.5016821268101754e-05,36.93430166054554,61.32240788390974,nan,0.14529997693487312,nan
87.73,183.3977813720703,-186.1167449951172,-14.511957168579102,184.3881625317338,-186.15166085337498,-14.517188968978937,0.9910102574190096,0.45142602152177014,0.06680468330617824,3.572308123709715e-05,36.8086443159324,61.92432268665544,nan,nan,nan
87.74,183.389404296875,-186.12503051757812,-14.513581275939941,184.37977902417396,-186.15993209984967,-14.517360517709736,0.9909967222881688,0.4514803400542794,0.06681618740895942,3.502539153961123e-05,36.31507604309694,60.45720846860372,nan,1.5718329370534787,nan
87.75,183.38104248046875,-186.13331604003906,-14.51528549194336,184.3598724080442,-186.15996310051202,-14.519103386771162,0.9792000149459353,0.4514070170781662,0.06681056725964733,3.570991135510368e-05,36.98887465095789,60.92712242379631,5.1404808339073105,nan,nan
87.76,183.37266540527344,-186.1416015625,-14.517068862915039,184.35146932807996,-186.16821781791157,-14.520221499304048,0.9791708142452814,0.4514610999869211,0.0668221135502062,3.501272198935489e-05,36.73067696978298,60.29017305455877,nan,0.33922600945736286,nan
87.77,183.36428833007812,-186.14987182617188,-14.518929481506348,184.34306896035307,-186.1764806901185,-14.522105525510376,0.9791474051936484,0.45151526953256044,0.06683371896819873,3.5718799678015435e-05,36.5925148465688,61.318664617838444,nan,nan,nan
87.78,183.35592651367188,-186.1581573486328,-14.520867347717285,184.33467036879722,-186.18474941467449,-14.524535578581927,0.9791119077202882,0.4515695258192624,0.06684538333956531,3.5021263684749995e-05,36.559696609565556,60.812215346964045,nan,0.1541379289523149,nan
87.79,183.34754943847656,-186.16644287109375,-14.522881507873535,184.3262700403199,-186.1930142753633,-14.526580344699783,0.9790882173692683,0.4516238690299,0.06685710711875532,3.5727685785929474e-05,36.42517429306265,60.30207838092224,nan,nan,nan
87.8,183.3391876220703,-186.1747283935547,-14.524971008300781,184.34063878102296,-186.21165252195465,-14.53098119467779,1.0021496581678728,0.4515504552715914,0.06685158962955523,3.500857607344373e-05,36.74801926707923,61.33732449769412,6.224648726811229,3.5793857504596125,nan
87.81,183.330810546875,-186.1830291748047,-14.52713394165039,184.33227864450566,-186.21994234812556,-14.533201076821198,1.0021665246184277,0.45160456252910425,0.06686335514853937,3.571446461686126e-05,36.61704390052984,59.79045214629736,nan,nan,nan
87.82000000000001,183.3224334716797,-186.19131469726562,-14.52937126159668,184.32392090622398,-186.2282392955503,-14.536140056102157,1.0021907623240407,0.4516587564421904,0.06687517989757792,3.501707998325722e-05,36.76218368587117,61.071451755476,nan,0.29269416458220454,nan
87.83,183.31407165527344,-186.19960021972656,-14.5316801071167,184.3155612403366,-186.23653061041972,-14.538515259461109,1.002193575141195,0.451713037187186,0.06688706429791504,3.5723313833079536e-05,36.628087288912475,61.47119094292151,nan,nan,nan
87.84,183.30569458007812,-186.2078857421875,-14.53406047821045,184.30720297498527,-186.2448262723554,-14.541339658155753,1.0022158721050338,0.4517674048783257,0.06689900822500792,3.5025578836632554e-05,36.70104013877596,61.18298317721572,nan,0.09979605259340758,nan
87.85000000000001,183.29733276367188,-186.2161865234375,-14.53651237487793,184.3051763587447,-186.26789602693233,-14.543918428161335,1.0091964300899068,0.45169390091627193,0.06689358945164027,3.5710068346303764e-05,34.323035224635795,60.626299490685746,27.9530617521997,nan,nan
87.86,183.28895568847656,-186.22447204589844,-14.539033889770508,184.2968392074528,-186.2762570278073,-14.546625574144246,1.0092415498020473,0.45174803233041455,0.06690557466073567,3.5012833898856444e-05,34.30018641716287,61.38646094256141,nan,0.008591710887242447,nan
87.87,183.2805938720703,-186.23275756835938,-14.541625022888184,184.28850200585526,-186.28461766793532,-14.549294119172814,1.0092705737886714,0.45180225048433503,0.06691761976200566,3.571887346833715e-05,34.167002672934196,61.74018910742539,nan,nan,nan
87.88,183.272216796875,-186.24105834960938,-14.544283866882324,184.2801682552685,-186.29298841045278,-14.553079182094175,1.0093266226878552,0.451856555497722,0.06692972466096801,3.502129327055744e-05,34.59988897863618,60.654341764633266,nan,0.7727445731273532,nan
87.89,183.26385498046875,-186.2493438720703,-14.54698371887207,184.27183175898887,-186.30135022725122,-14.555883429662932,1.0093567515339443,0.451910947538529,0.06694188973402702,3.5727671659227726e-05,34.474986509604086,62.150572755767804,nan,nan,nan
87.9,183.25547790527344,-186.2576446533203,-14.549676895141602,184.27207751144994,-186.31522952188874,-14.55723423842964,1.0182572807516912,0.4518373538860139,0.06693656511589399,3.5008522183913054e-05,33.43943615716845,60.001873340649844,2.1120384710595133,1.4223247828919403,nan
87.91,183.2471160888672,-186.26593017578125,-14.552340507507324,184.2637578553798,-186.32360949141133,-14.560024297025949,1.0183056640767514,0.45189150932585465,0.06694877097149492,3.57143620562464e-05,33.32890181647935,61.53997808264056,nan,nan,nan
87.92,183.23873901367188,-186.27423095703125,-14.554962158203125,184.25543870006425,-186.3319904986227,-14.562828575910745,1.0183694307483664,0.45194575153757516,0.06696103689065465,3.501693700218424e-05,33.31495105513239,59.973988408193826,nan,0.0016678750990672608,nan
87.93,183.23037719726562,-186.28253173828125,-14.557538032531738,184.24711988068267,-186.34037169268564,-14.565542204334053,1.0184179944275562,0.4520000806846328,0.0669733632227328,3.572311729835701e-05,33.21252068773844,60.34229251586524,nan,nan,nan
87.94,183.22201538085938,-186.2908172607422,-14.560066223144531,184.2387999015643,-186.34874855669656,-14.567584820437624,1.0184612540010374,0.4520544968936361,0.06698574991360814,3.502534458511353e-05,32.901954685408946,61.23946471948771,nan,0.2751246090433731,nan
87.95,183.21363830566406,-186.2991180419922,-14.562544822692871,184.24464386340108,-186.36262912123297,-14.57010398887287,1.0329875402270277,0.45198081411098673,0.0669805152993114,3.570977971283396e-05,32.853715714927986,59.66275050765833,2.2315666605530016,nan,nan
87.96000000000001,183.2052764892578,-186.3074188232422,-14.56497573852539,184.23634511318335,-186.37100636937504,-14.570681036725837,1.0330432874252895,0.45203499339958475,0.06699294226101482,3.501251069239946e-05,32.05572088230919,59.31203755714171,nan,2.7848693756079586,nan
87.97,183.19691467285156,-186.31570434570312,-14.567358016967773,184.22805137758834,-186.3794001807406,-14.573177752250364,1.0331185472032272,0.4520892595312332,0.06700542987175873,3.5718488266392676e-05,31.944412031624104,60.43868674082604,nan,nan,nan
87.98,183.18853759765625,-186.32400512695312,-14.569692611694336,184.2197600364091,-186.38780186896753,-14.57653301892235,1.0332165957097623,0.45214361263620634,0.06701797810160522,3.502087704431373e-05,32.206560743890925,59.192508078916944,nan,0.5779224632218383,nan
87.99,183.18017578125,-186.33230590820312,-14.571981430053711,184.21146701391237,-186.39619734925776,-14.578946198460299,1.0332919388078394,0.4521980528723264,0.0670305872638162,3.572718958114996e-05,32.10174129632916,59.51982549812324,nan,nan,nan
88.0,183.17181396484375,-186.34060668945312,-14.574224472045898,184.22340880664552,-186.4022091420178,-14.581057379673695,1.0534197938584258,0.4521242814801892,0.0670254380347976,3.500801708153478e-05,33.88629911875218,59.32411336714298,14.736424330664573,0.005293772360280303,nan
88.01,183.1634521484375,-186.34890747070312,-14.576422691345215,184.21514188645568,-186.41056978237137,-14.583377094563014,1.0535188225452556,0.4521784844771798,0.0670380869181861,3.571378786219726e-05,33.78210997477653,59.279329221462625,nan,nan,nan
88.02,183.1550750732422,-186.35720825195312,-14.578577041625977,184.2068749519517,-186.41893032951526,-14.585576214746121,1.0536325678984615,0.45223277435805875,0.0670507966760548,3.5016339751405176e-05,33.70363534334776,58.84190665624574,nan,0.0042233706425548806,nan
88.03,183.14671325683594,-186.36550903320312,-14.580689430236816,184.19860826756795,-186.4272917291502,-14.58780967029056,1.0537318980365966,0.4522871512777061,0.06706356760018425,3.572244774763006e-05,33.599821549401746,59.143134875182994,nan,nan,nan
88.04,183.1383514404297,-186.37380981445312,-14.582758903503418,184.1903420198727,-186.4356551023827,-14.590199093484486,1.053833181913957,0.45234161537092654,0.06707639969271985,3.5024656356228695e-05,33.63742057486465,59.26640108734601,nan,0.027449564741409544,nan
88.05,183.12998962402344,-186.38211059570312,-14.584787368774414,184.16255230114584,-186.4382324368234,-14.592349630401655,1.0341143703855122,0.45226775591606794,0.06707133151822575,3.5709021041434396e-05,33.24188033621778,59.11461818714698,2.96954284250912,nan,nan
88.06,183.12161254882812,-186.39041137695312,-14.586774826049805,184.15425334033307,-186.44658662045245,-14.593742054180138,1.0341910870482252,0.45232198245522254,0.06708420276792577,3.501173777479244e-05,32.90465726388862,58.42724122265015,nan,0.36700143403579955,nan
88.07000000000001,183.11325073242188,-186.3987274169922,-14.588723182678223,184.14595562594323,-186.45494637101686,-14.595809419642633,1.0342582765677526,0.4523762959404805,0.06709713541496307,3.5717637844857095e-05,32.80380893794811,57.673487907708925,nan,nan,nan
88.08,183.10488891601562,-186.4070281982422,-14.590632438659668,184.137658482441,-186.4633094149874,-14.598237398415538,1.034329922271256,0.45243069650897194,0.06711012948044158,3.502001705198377e-05,32.92676476180647,58.981750736237124,nan,0.11208368822211696,nan
88.09,183.09652709960938,-186.4153289794922,-14.592504501342773,184.12936086241444,-186.47167052079217,-14.600233382903768,1.034398224319976,0.4524851843120017,0.06712318522782353,3.572624978209232e-05,32.82497467651912,58.91130625807857,nan,nan,nan
88.10000000000001,183.08815002441406,-186.4236297607422,-14.594338417053223,184.12451490321877,-186.48137761399258,-14.602799283068503,1.0380070148263194,0.45241123731847804,0.067118193430633,3.500707735584774e-05,33.15026557716616,58.86065314022852,0.15266659030148128,0.23318562762126174,nan
88.11,183.0797882080078,-186.43194580078125,-14.596136093139648,184.1162231583109,-186.48974247315235,-14.604728839372617,1.0380807756792163,0.4524654872538236,0.06713128773664351,3.571276659376624e-05,33.053847741602894,58.08942147342815,nan,nan,nan
88.12,183.07142639160156,-186.44024658203125,-14.59789752960205,184.1079298764083,-186.4981009685048,-14.605462472472773,1.0381444178973178,0.45251982418132597,0.06714444370636308,3.501531833360688e-05,32.499440729989594,58.708634329439796,nan,0.9502536836063225,nan
88.13,183.0630645751953,-186.4485626220703,-14.599624633789062,184.09963817550073,-186.50646704481298,-14.607310680366446,1.0382181015255343,0.45257424825049347,0.06715766158664398,3.5721343037080904e-05,32.40049567667851,57.526568822943865,nan,nan,nan
88.14,183.05470275878906,-186.4568634033203,-14.601316452026367,184.0913463797,-186.5148338181982,-14.60913081435963,1.038292651440411,0.4526287596012249,0.06717094142341766,3.502355632884484e-05,32.36956989682218,58.689012582023054,nan,2.3672912674559978e-05,nan
88.15,183.0463409423828,-186.46517944335938,-14.602975845336914,184.05937275923338,-186.51423196487556,-14.610845865966812,1.0142492539032897,0.4525547256056669,0.06716602151946169,3.570784156807163e-05,32.22094705551441,57.32939608845168,5.155541479241632,nan,nan
88.16,183.0379638671875,-186.47348022460938,-14.60460090637207,184.0510418066799,-186.5225874929021,-14.61306808133577,1.0143027794190524,0.4526089987783302,0.06717933930023551,3.501056760835481e-05,32.41513204294363,58.27648130699459,nan,0.15908768605006565,nan
88.17,183.02960205078125,-186.48179626464844,-14.606194496154785,184.04271016614908,-186.5309410501555,-14.614788670199193,1.0143358039595134,0.45266335899943205,0.06719271921728201,3.571638193737404e-05,32.31816875351127,57.54706086159249,nan,nan,nan
88.18,183.021240234375,-186.4901123046875,-14.607755661010742,184.0343785728705,-186.5392956335368,-14.61654709108438,1.0143695490347082,0.45271780641022596,0.0672061613309821,3.501877522397477e-05,32.340438125483445,57.607119684643564,nan,0.0033521363500864172,nan
88.19,183.01287841796875,-186.4984130859375,-14.609285354614258,184.0260469372465,-186.5476503354602,-14.618206770246617,1.0144034438293745,0.4527723411581366,0.06721966586658959,3.572492121384589e-05,32.24217067301617,58.68161948809771,nan,nan,nan
88.2,183.0045166015625,-186.50672912597656,-14.610897064208984,184.0221356872786,-186.55252512396336,-14.61873599054159,1.0186792065274082,0.4526982206850913,0.06721481312083613,3.500577280540737e-05,32.60780414476273,56.94882627391717,4.404586677579431,0.6788161995463642,nan
88.21000000000001,182.9961395263672,-186.51504516601562,-14.612587928771973,184.01380774681567,-186.56085973038108,-14.620489842040033,1.0187296115516025,0.45275251694629914,0.06722835495435543,3.571137480263073e-05,32.486431204942065,56.47707099172594,nan,nan,nan
88.22,182.98777770996094,-186.5233612060547,-14.614357948303223,184.00547935671887,-186.56919272934928,-14.62188255804171,1.0187609091896968,0.45280690030465465,0.0672419592200892,3.5013949725376655e-05,32.23983100502343,56.70068982776208,nan,0.137586776278916,nan
88.23,182.9794158935547,-186.5316619873047,-14.616206169128418,183.9971512528781,-186.57752846397815,-14.62379184502028,1.0187966125671624,0.4528613709065988,0.06725562613082585,3.5719886632916596e-05,32.11623980806191,57.73977123693283,nan,nan,nan
88.24,182.97105407714844,-186.53997802734375,-14.618131637573242,183.98882292377868,-186.58586373612718,-14.625559807888921,1.018829770450324,0.4529159288949032,0.06726935576559472,3.502212761656883e-05,31.96623436393369,56.529200735825754,nan,0.03407828368352484,nan
88.25,182.9626922607422,-186.5482940673828,-14.620132446289062,183.98290357489577,-186.5846163750115,-14.62750344653162,1.020884306473086,0.4528417224733488,0.067264565564768,3.570633024226047e-05,33.66280603037959,56.429433389033285,13.860828927556359,nan,nan
88.26,182.95433044433594,-186.55661010742188,-14.622209548950195,183.97457393074745,-186.59291781243257,-14.632033015778637,1.0209365903467262,0.45289604166915115,0.0672783318339305,3.5009088113078645e-05,34.784509450607594,57.59925459581875,nan,4.0381694331489895,nan
88.27,182.94595336914062,-186.56492614746094,-14.624361038208008,183.96624288980507,-186.6012090650462,-14.634270120758297,1.02098253951925,0.45295044801460826,0.06729216096812093,3.5714814404909346e-05,34.66553800406042,57.09650518812102,nan,nan,nan
88.28,182.93759155273438,-186.5732421875,-14.626585006713867,183.9579112759859,-186.60949406906997,-14.635047823896846,1.0209986071724675,0.4530049416531728,0.06730605305703524,3.5017243760349146e-05,33.84898765542667,56.73661677314223,nan,1.6605288153795772,nan
88.29,182.92922973632812,-186.58155822753906,-14.62888240814209,183.94958085218153,-186.61778604164599,-14.637418602533396,1.0210297354890958,0.45305952273023753,0.06732000829750576,3.5723301744060175e-05,33.731283617676176,56.65019993714164,nan,nan,nan
88.3,182.92086791992188,-186.58987426757812,-14.631251335144043,183.94114475860465,-186.62939752238728,-14.640675492776454,1.0210855644706316,0.45298523088313564,0.06731527585121867,3.5004198746146845e-05,33.62059180346914,57.06160098465825,1.3590550785910358,0.48152177615455605,nan
88.31,182.91250610351562,-186.5981903076172,-14.633691787719727,183.93281667862803,-186.63770557425337,-14.643199915696187,1.0211197434586947,0.45303957286394136,0.06732926703381031,3.570971319070618e-05,33.50320862107595,56.970588947468364,nan,nan,nan
88.32000000000001,182.90414428710938,-186.6065216064453,-14.636201858520508,183.92448807056067,-186.64600827425076,-14.644313483329586,1.0211397709516192,0.45309400204398065,0.06734332139738322,3.5012331925880475e-05,32.741937276013154,55.2023517608931,nan,1.5503233376774794,nan
88.33,182.89578247070312,-186.61483764648438,-14.63878059387207,183.91615994690986,-186.65431709593125,-14.646965025220654,1.021173739280025,0.4531485185682127,0.06735743912973266,3.571818164659122e-05,32.62686556795304,56.18124726555353,nan,nan,nan
88.34,182.88742065429688,-186.62315368652344,-14.641427993774414,183.9078322343841,-186.6626311293527,-14.651014022534028,1.0212199338124128,0.4532031225807613,0.06737162033408689,3.5020470185777736e-05,33.26462387910012,56.8478684422742,nan,1.2431985421049336,nan
88.35000000000001,182.87905883789062,-186.6314697265625,-14.64411735534668,183.90585729784857,-186.66125717052395,-14.653792127731798,1.02727599524688,0.45312874583116414,0.06736694092196119,3.5704591570922296e-05,35.28319412970261,56.87350877455437,15.728334010238997,nan,nan
88.36,182.87069702148438,-186.63978576660156,-14.646800994873047,183.89753194184848,-186.66951186459693,-14.655404431439669,1.0273011309747269,0.45318311044625503,0.06738115735778012,3.500740028636036e-05,34.6669498897495,56.27354816593987,nan,1.0117689972096053,nan
88.37,182.86233520507812,-186.64810180664062,-14.649455070495605,183.88920716296394,-186.6777710481291,-14.65818534381012,1.0273375781382177,0.453237562310786,0.06739543737641158,3.571304080835192e-05,34.577974053515035,56.20635039478184,nan,nan,nan
88.38,182.85397338867188,-186.65643310546875,-14.652068138122559,183.88088295085785,-186.68603348622136,-14.661802566141237,1.0273822027554043,0.45329210156911937,0.06740978108866537,3.501552437734982e-05,35.044144864921236,55.68448386335814,nan,0.5346552985642171,nan
88.39,182.84561157226562,-186.6647491455078,-14.654635429382324,183.87255903981233,-186.69429317469925,-14.664515454810376,1.0274198585115604,0.4533467283658468,0.06742418867098635,3.572149738513322e-05,34.96247835241569,56.60412830610256,nan,nan,nan
88.4,182.83724975585938,-186.67306518554688,-14.65715503692627,183.85033985661377,-186.70177507830613,-14.66609012633387,1.0135362085350101,0.4532722672337221,0.06741955745127903,3.5002456814943364e-05,33.67568404806953,56.01064013215306,3.5509528701267516,1.0838969901782756,nan
88.41,182.82888793945312,-186.68138122558594,-14.659625053405762,183.84199583354626,-186.71004640620689,-14.668700295623893,1.0135539737355794,0.45332665433402075,0.06743399952801576,3.570788742284272e-05,33.593486530790514,55.961385465026375,nan,nan,nan
88.42,182.82052612304688,-186.68971252441406,-14.662047386169434,183.83365181979497,-186.71831416156937,-14.670007801601532,1.0135606046374925,0.4533811287330269,0.06744850551571588,3.501056624790951e-05,32.99198003136122,54.3442533422255,nan,1.1119701551633905,nan
88.43,182.81216430664062,-186.69802856445312,-14.664422035217285,183.82530788278999,-186.72658593516212,-14.672511070005365,1.013578246510021,0.4534356905752471,0.06746307558454306,3.571633315981067e-05,32.90680734376276,55.30912582537445,nan,nan,nan
88.44,182.80380249023438,-186.7063446044922,-14.666749000549316,183.816963784216,-186.734865116373,-14.677503045326825,1.0136196903669246,0.45349034000517763,0.06747770985472275,3.501868456674259e-05,34.27041627989688,56.69507000489366,nan,4.533453417913893,nan
88.45,182.79544067382812,-186.7146759033203,-14.669029235839844,183.78233923352747,-186.73763595635495,-14.679926929295036,0.9872257547768042,0.4534157950087891,0.06747312202008199,3.57027293824119e-05,33.44561375836745,55.587542405286364,5.731682480056271,nan,nan
88.46000000000001,182.78707885742188,-186.72299194335938,-14.6712646484375,183.77395436721739,-186.74590763720758,-14.68090148090287,0.9871885683083341,0.4534702044456944,0.06748779002864784,3.500560326330745e-05,32.66562599692023,55.83522316729373,nan,1.4168727028149124,nan
88.47,182.77871704101562,-186.73130798339844,-14.673456192016602,183.76556946946673,-186.75418313242236,-14.68323476914166,0.9871659478290834,0.45352470123016064,0.06750252232611742,3.571116354562065e-05,32.584040980656376,55.740051528929705,nan,nan,nan
88.48,182.77035522460938,-186.73963928222656,-14.675602912902832,183.75718451473284,-186.76245976798847,-14.685934081279235,0.9871471802401183,0.45357928550665394,0.06751731903785417,3.5013714655179556e-05,32.851304292420025,55.01232573210018,nan,0.11805206930666493,nan
88.49,182.76199340820312,-186.74795532226562,-14.67770767211914,183.74879959277376,-186.77073560322484,-14.688186299533424,0.9871247077952869,0.4536339574197267,0.06753218032632259,3.5719608737421664e-05,32.77138777706671,55.96571792322898,nan,nan,nan
88.5,182.75363159179688,-186.75628662109375,-14.679770469665527,183.74620145738945,-186.7772998341579,-14.69175740200423,0.9928646331462448,0.45355932907515106,0.06752763098905085,3.500064253443822e-05,34.417265940290065,55.91782623732254,1.5077207961446764,1.3854556375208336,nan
88.51,182.7452850341797,-186.7646026611328,-14.681791305541992,183.73782409832202,-186.78556271994128,-14.693940812079864,0.9928346934021344,0.45361376070093395,0.06754252523552855,3.570599580338141e-05,34.340422036964725,57.34763350271239,nan,nan,nan
88.52,182.73692321777344,-186.77293395996094,-14.683773040771484,183.72944684199848,-186.79382612748327,-14.696133919924305,0.9928204362532165,0.45366827972251056,0.06755748410505795,3.500874604315125e-05,34.468811641456995,56.0092724810822,nan,0.0017299130633433239,nan
88.53,182.7285614013672,-186.78125,-14.685714721679688,183.72106973105687,-186.80208983744097,-14.698239105840539,0.9928060956332723,0.45372288628454815,0.0675725077559712,3.5714437076538086e-05,34.392408633404266,56.975742928958795,nan,nan,nan
88.54,182.72019958496094,-186.78958129882812,-14.687617301940918,183.712692789839,-186.81035300002065,-14.69983530081652,0.9927857295489682,0.45377758053133843,0.06758759631983396,3.501686167853727e-05,34.1620255597879,55.764746012761414,nan,0.15640945394372996,nan
88.55,182.7118377685547,-186.79791259765625,-14.689482688903809,183.71660906400882,-186.82135957988095,-14.701836910864012,1.0051207608761574,0.4537028693527432,0.06758308060386045,3.570083678261785e-05,34.493301349212814,55.70865017477995,1.2379733128333055,nan,nan
88.56,182.70347595214844,-186.8062286376953,-14.69131088256836,183.70825159126608,-186.8296214074892,-14.702396075972471,1.0051090429180793,0.4537573230202391,0.06759820132609881,3.500378517287762e-05,33.62556391871537,55.90121423967824,nan,1.4413461969990256,nan
88.57000000000001,182.6951141357422,-186.81455993652344,-14.69310188293457,183.6998936597896,-186.83788644362843,-14.704334073269349,1.0051130185100574,0.4538118641315855,0.06761338703100886,3.570927285913215e-05,33.547667891865096,54.83336268442536,nan,nan,nan
88.58,182.68675231933594,-186.82289123535156,-14.694857597351074,183.69153574860275,-186.8461515391289,-14.706125290475793,1.0051157855537511,0.4538664928309016,0.06762863785341978,3.501189987612177e-05,33.54072637521065,54.84078939519201,nan,0.008812455835581047,nan
88.59,182.67840576171875,-186.83120727539062,-14.696578979492188,183.68317768320577,-186.85441702040097,-14.707992690971293,1.005104760351821,0.4539212092631198,0.06764395394676836,3.571772298895707e-05,33.45859392555853,56.23520221920586,nan,nan,nan
88.60000000000001,182.6700439453125,-186.83953857421875,-14.698265075683594,183.71767750358305,-186.87712388333668,-14.7105684581575,1.0483797504227168,0.45384641576217255,0.06763946692505163,3.499883806688034e-05,34.54749957119257,55.45694257413232,14.898350101248855,0.4217942413618333,nan
88.61,182.66168212890625,-186.84786987304688,-14.699918746948242,183.70938982955315,-186.8854093335778,-14.712376078134222,1.0484540152968254,0.45390089132546907,0.06765481435455906,3.5704122199962574e-05,34.46989602121197,55.39269432802996,nan,nan,nan
88.62,182.6533203125,-186.85618591308594,-14.7015380859375,183.70110305317726,-186.89369232717755,-14.712287583339691,1.0485089195870334,0.45395545437942525,0.06767022710212102,3.5006950327169385e-05,33.32324681728612,55.310147140429606,nan,2.451150750303644,nan
88.63,182.64495849609375,-186.86451721191406,-14.703125953674316,183.69281541600944,-186.90197853559624,-14.714012154657944,1.0485828459206594,0.4540101050691829,0.0676857053186619,3.5712573925496164e-05,33.242453963808416,54.223089184028396,nan,nan,nan
88.64,182.6365966796875,-186.8728485107422,-14.704682350158691,183.68452849211434,-186.91026334773724,-14.714338925379053,1.0486439829458578,0.45406484353854043,0.06770124914278777,3.5015077272562544e-05,32.48900573840052,53.50956913208331,nan,1.3183629154464587,nan
88.65,182.62823486328125,-186.8811798095703,-14.706318855285645,183.66079430069703,-186.91822764482225,-14.71606186844217,1.0332697906155122,0.4539899682256829,0.06769678588706503,3.5698990770785295e-05,31.554760865649662,53.339095718727684,3.339895403812507,nan,nan
88.66,182.61988830566406,-186.88951110839844,-14.708035469055176,183.65248436847975,-186.92652850387628,-14.717410797637639,1.033301898428744,0.45404446553868577,0.0677123602058778,3.500201833769181e-05,31.30801009595799,53.52867875257229,nan,0.13558645553636162,nan
88.67,182.6115264892578,-186.89784240722656,-14.709830284118652,183.64417423791284,-186.93483019669355,-14.719273756953731,1.0333531093247503,0.4540990503898864,0.06772800018828416,3.5707442224144845e-05,31.19667649211018,53.0245646447846,nan,nan,nan
88.68,182.60316467285156,-186.9061737060547,-14.711703300476074,183.64340053142112,-186.9427137382983,-14.718844421859746,1.0409019219047146,0.4470839260064467,0.06772218600928803,3.501014313527736e-05,42.800853393446076,64.6493898128669,nan,3.9691967899119844,0.008030934652773353
88.69,182.5948028564453,-186.9145050048828,-14.713652610778809,183.63509277026873,-186.95101059930667,-14.720841085037794,1.0409550602159245,0.44713414660952316,0.06773739429293046,3.571590404529878e-05,42.65134073493257,64.5763614144856,nan,nan,nan
88.7,182.58644104003906,-186.92283630371094,-14.715678215026855,183.61217943583796,-186.95108747583942,-14.723103116883298,1.0261542352445387,0.44707022201056645,0.06773281902278552,3.499710310586797e-05,43.22692328642506,64.64183827963264,3.680458265177203,0.01100640738918311,nan
88.71000000000001,182.5780792236328,-186.93116760253906,-14.717778205871582,183.60384871063238,-186.95936326707698,-14.725256185986604,1.0261841726243321,0.44712022792080647,0.06774805085129032,3.5702326963696763e-05,43.079555378734035,64.5736613181257,nan,nan,nan
88.72,182.56971740722656,-186.9394989013672,-14.719952583312988,183.59550893888007,-186.9676411791764,-14.728941456302023,1.0262168650192607,0.44717031991712974,0.06776334146649264,3.5005235419551144e-05,43.68334319730147,65.23272079219063,nan,1.497858043465055,nan
88.73,182.56137084960938,-186.9478302001953,-14.722200393676758,183.5871784952832,-186.97591751061387,-14.73125920681168,1.0262320814634773,0.4472204982572963,0.06777869101709559,3.571080053729004e-05,43.53390836034489,65.5615971394002,nan,nan,nan
88.74,182.55300903320312,-186.95616149902344,-14.724520683288574,183.57885266315267,-186.98419327996245,-14.73291212627409,1.026260858732349,0.44727076297305085,0.06779409964375287,3.5013384279874806e-05,43.109485627724936,64.77994268640559,nan,0.3847899406279259,nan
88.75,182.54464721679688,-186.96449279785156,-14.726912498474121,183.54137427749143,-186.97972706591239,-14.735297606290665,0.996878742113226,0.44720673474466394,0.06778954471930007,3.569724462100563e-05,43.234563600978376,64.7362957128767,8.763238447870886,nan,nan
88.76,182.53628540039062,-186.9728240966797,-14.729374885559082,183.53299446610367,-186.98797859815434,-14.738043287015918,0.9968619572304583,0.44725678448965567,0.06780497641355457,3.500035227849822e-05,43.275135164868416,64.83694425290311,nan,0.03363021758623029,nan
88.77,182.52792358398438,-186.9811553955078,-14.73190689086914,183.52461627437097,-186.99623004451263,-14.740644130986002,0.9968449746462826,0.44730692049418985,0.06782046730305766,3.570572140424344e-05,43.12991708777287,64.72614228430291,nan,nan,nan
88.78,182.51956176757812,-186.98948669433594,-14.73450756072998,183.51624630064424,-187.00448041262476,-14.742045932567654,0.9968258108071384,0.44735714279270045,0.06783601752973144,3.5008508010533726e-05,42.47911244119452,64.1283891910018,nan,1.1377226119641266,nan
88.79,182.51121520996094,-186.99781799316406,-14.737176895141602,183.50786871039463,-187.0127321501306,-14.744774485510014,0.9967940385978267,0.44740745163912593,0.06785162724038103,3.5714216123981054e-05,42.335122187195076,64.49524461948788,nan,nan,nan
88.8,182.5028533935547,-187.0061492919922,-14.739886283874512,183.51063336525436,-187.01785450491522,-14.748128580212764,1.0078816492116034,0.44734331988939,0.06784708900836861,3.499549751866609e-05,44.22356453759612,64.43674696081396,8.754046330654417,0.2760515171328714,nan
88.81,182.49449157714844,-187.0144805908203,-14.74258804321289,183.50227865643035,-187.0260797157421,-14.750935374960465,1.0078883940267496,0.44739341348485434,0.06786272128503443,3.570067046734393e-05,44.10103221846103,64.37143269081923,nan,nan,nan
88.82000000000001,182.4861297607422,-187.02281188964844,-14.745260238647461,183.4939196408388,-187.03430552042974,-14.754437067233154,1.0078971972163606,0.44744359329230693,0.0678784131560113,3.500365752611804e-05,44.42245859859065,64.7292911471889,nan,0.3583951387806693,nan
88.83,182.477783203125,-187.03114318847656,-14.74789047241211,183.48556520872458,-187.04253098109575,-14.757198574480444,1.0078893259654873,0.4474938595624479,0.0678941647672119,3.570917349500273e-05,44.30913133468052,65.10818284024967,nan,nan,nan
88.84,182.46942138671875,-187.03948974609375,-14.75047492980957,183.47722083551471,-187.05075558501647,-14.758308180406447,1.0078928553844382,0.4475442123343663,0.06790997626189788,3.501183528602554e-05,43.50648444349835,62.92663301984285,nan,1.8267624498179205,nan
88.85000000000001,182.4610595703125,-187.04782104492188,-14.753010749816895,183.41844154671807,-187.0460767934462,-14.760956132008763,0.9574165343556708,0.4474799773865296,0.06790545102493287,3.569565117768668e-05,41.93710818758415,63.89974020954624,25.19550419955533,nan,nan
88.86,182.45269775390625,-187.05615234375,-14.755496978759766,183.4100046582115,-187.05429867481283,-14.762809641300057,0.9573366284397922,0.44753011462838405,0.06792128456115064,3.499883601890093e-05,41.56338314982375,63.57046262686462,nan,0.40226844051573696,nan
88.87,182.44435119628906,-187.06448364257812,-14.7579345703125,183.4015633396441,-187.06252114801185,-14.765362489438484,0.9572429747738072,0.4475803382469335,0.06793717809014227,3.570415956763685e-05,41.446718864413754,64.00701022651737,nan,nan,nan
88.88,182.4359893798828,-187.07281494140625,-14.760324478149414,183.39311893908686,-187.07074405690835,-14.768399491911989,0.9571658620698952,0.4476306482849478,0.06795313175575383,3.500702260174933e-05,41.63155786158849,63.72461565628757,nan,0.19944719588149373,nan
88.89,182.42762756347656,-187.08114624023438,-14.762666702270508,183.3846779079589,-187.07896696025236,-14.77086343031971,0.9570879256816959,0.4476810449877862,0.06796914570302239,3.571268684223703e-05,41.51800227806558,63.65800402861596,nan,nan,nan
88.9,182.41928100585938,-187.0894775390625,-14.764962196350098,183.37618608352352,-187.08864075190982,-14.774182759628262,0.9569498663249455,0.4476167069502376,0.06796462971407632,3.499404635548427e-05,41.70916462950355,64.59835549401622,0.30939844407791717,0.5812235183227542,nan
88.91,182.41091918945312,-187.0978240966797,-14.767212867736816,183.36774472587004,-187.09687082434792,-14.776564744625155,0.9568717121270697,0.4476668878412173,0.0679806651550426,3.569917720100766e-05,41.60082511544831,63.0242745021852,nan,nan,nan
88.92,182.40255737304688,-187.1061553955078,-14.769417762756348,183.35931391634335,-187.1051007126554,-14.77710838261566,0.9567880335426263,0.4477171550688952,0.06799676098184615,3.5002238715980205e-05,40.70923556724963,63.201941972865555,nan,2.2736948510325035,nan
88.93,182.3942108154297,-187.11448669433594,-14.771578788757324,183.3508725671547,-187.11333135226,-14.779385355506944,0.9566943004498965,0.4477675088746007,0.06801291733919171,3.570771423364238e-05,40.59371832262866,63.62349806854093,nan,nan,nan
88.94,182.38584899902344,-187.12281799316406,-14.773697853088379,183.34243104014593,-187.12156206280002,-14.78162097561382,0.9566156775997857,0.4478179493069781,0.06802913437142649,3.50104494698262e-05,40.54917691081382,63.113424296530305,nan,1.076947263298923e-06,nan
88.95,182.3774871826172,-187.1311492919922,-14.775773048400879,183.3765694202154,-187.14397137826103,-14.783658669978802,0.9991956296983019,0.44775350848692813,0.06802462384083187,3.569422895252434e-05,41.02839216834333,62.76834271598881,16.886620561175768,nan,nan
88.96000000000001,182.369140625,-187.13949584960938,-14.77780818939209,183.36820169757473,-187.15221991356137,-14.785515075336205,0.9991718193727174,0.4478037328271604,0.06804086179637324,3.499748597877814e-05,40.855824029871954,62.07918497270617,nan,0.060415796816063176,nan
88.97,182.36077880859375,-187.1478271484375,-14.779802322387695,183.35983217650497,-187.1604685482587,-14.787621278632802,0.9991639369998029,0.44785404365793485,0.06805716052761109,3.5702772373627754e-05,40.741875648667765,62.56062059141647,nan,nan,nan
88.98,182.35243225097656,-187.15615844726562,-14.781756401062012,183.351460505762,-187.16871744009742,-14.7900929778758,0.9991419722309447,0.44790444103218013,0.06807352017902558,3.500570644450546e-05,40.88477541012255,63.21144413237337,nan,0.11549098550267396,nan
88.99,182.3440704345703,-187.1645050048828,-14.783672332763672,183.34309129871303,-187.17696655011343,-14.792125989447486,0.999134346028267,0.44795492518494845,0.0680899408951214,3.571133509255706e-05,40.775081184985424,61.67305619713357,nan,nan,nan
89.0,182.33570861816406,-187.17283630371094,-14.78554916381836,183.35623213705028,-187.1875576731445,-14.796394614247099,1.0206873150543798,0.4478903816938936,0.06808543199125593,3.4992766483749286e-05,43.35060286398052,64.0828631221593,7.688811451251667,3.390938427159968,nan
89.01,182.32736206054688,-187.18116760253906,-14.787389755249023,183.34790237739003,-187.19579519125932,-14.798376584418303,1.0207042740526207,0.4479406494713143,0.06810187303778953,3.569786333506782e-05,43.24284380173242,64.44138499386857,nan,nan,nan
89.02,182.31900024414062,-187.18951416015625,-14.789192199707031,183.33956998321716,-187.2040329714638,-14.800823699301294,1.0207392811013702,0.447991003708484,0.06811837524592083,3.500099325181463e-05,43.603500640129056,63.44830473626937,nan,0.1773242155746902,nan
89.03,182.31063842773438,-187.19784545898438,-14.790960311889648,183.3312403438303,-187.21227117247966,-14.80273942808927,1.0207718255942266,0.4480414446359964,0.0681349387601782,3.570643626730032e-05,43.49780550556349,64.38113163742474,nan,nan,nan
89.04,182.3022918701172,-187.2061767578125,-14.792692184448242,183.322912273957,-187.2205097113159,-14.804311689976918,1.020787174291981,0.44809197231332865,0.0681515637250092,3.500923859296697e-05,43.34142654608683,64.70111822367025,nan,0.06727489050410312,nan
89.05,182.29393005371094,-187.2145233154297,-14.794389724731445,183.27670573138232,-187.21926915390233,-14.806264683847925,0.9828588760647556,0.4480273264416633,0.06814705257762711,3.569298896257139e-05,42.259085083016075,63.26751991181147,14.517050490220752,nan,nan
89.06,182.2855682373047,-187.2228546142578,-14.796052932739258,183.26831766682733,-187.2275058225289,-14.806609750533122,0.9828171352634179,0.44807763746219015,0.06816369725794329,3.499631157418518e-05,41.3665692728232,63.42098425068521,nan,1.522159510633412,nan
89.07000000000001,182.2772216796875,-187.231201171875,-14.797683715820312,183.25992166300423,-187.23574245992003,-14.808375847972751,0.9827686412364733,0.44812803508425714,0.06818040348208093,3.5701568404982616e-05,41.259990412237535,62.8364767874455,nan,nan,nan
89.08,182.26885986328125,-187.23953247070312,-14.79928207397461,183.25151934661542,-187.24397903686813,-14.811299550694926,0.9827430243374764,0.4481785193718958,0.06819717139434685,3.5004566668428556e-05,42.05786998597628,64.20192180194037,nan,0.9983986926592282,nan
89.09,182.260498046875,-187.24786376953125,-14.800848007202148,183.24312332976461,-187.2522162260313,-14.813014722148013,0.9827102418332953,0.4482290905489889,0.06821400113947962,3.5710167134637085e-05,41.95198596924424,64.14602796193762,nan,nan,nan
89.10000000000001,182.2521514892578,-187.25621032714844,-14.802383422851562,183.22346364815718,-187.25447352230924,-14.811136036494021,0.971353146266779,0.44816434241319975,0.0682094838419729,3.499166290770073e-05,40.23293596892822,61.712985212126334,2.214279848753038,8.417650153328493,nan
89.11,182.24378967285156,-187.26454162597656,-14.803998947143555,183.21504962916356,-187.26269710806892,-14.812809614588193,0.9713016693295204,0.4482146966490564,0.06822633266596359,3.5696732974764426e-05,40.09368919528363,62.13827738571249,nan,nan,nan
89.12,182.2354278564453,-187.27288818359375,-14.805694580078125,183.2066447734627,-187.27092175611347,-14.812791072899515,0.9712448336790042,0.44826513746566254,0.06824324341181527,3.499992406789863e-05,39.23655531749535,60.339224030137615,nan,2.2209008819800373,nan
89.13,182.22708129882812,-187.28121948242188,-14.807469367980957,183.19823079301796,-187.27914586415736,-14.814608512052272,0.9711779483369369,0.44831566508231546,0.06826021622449274,3.5705341603446415e-05,39.09996035663136,61.716316783657824,nan,nan,nan
89.14,182.21871948242188,-187.28956604003906,-14.809322357177734,183.18981848516577,-187.2873703829079,-14.816171537752744,0.9711256382749763,0.44836627956981384,0.06827725124796563,3.500820362688779e-05,38.89174246981847,60.08519873375536,nan,0.07857904806181513,nan
89.15,182.21035766601562,-187.29791259765625,-14.811251640319824,183.17201679817526,-187.29505072620108,-14.818099679748025,0.9616877728339203,0.4483014294435193,0.06827272386065643,3.569193128853875e-05,38.210705645827524,59.964555267507876,1.6886309724390671,nan,nan
89.16,182.20201110839844,-187.30624389648438,-14.813258171081543,183.16358335055418,-187.30328230872666,-14.820614026298593,0.961604937847366,0.4483518267071854,0.06828977730484774,3.4995311978374645e-05,38.31831494742628,61.62082623424193,nan,0.1531227944576282,nan
89.17,182.1936492919922,-187.31459045410156,-14.815339088439941,183.15515229781087,-187.3115143975681,-14.822744115666554,0.9615364406773097,0.4484023106809225,0.06830689304606782,3.5700545867619586e-05,38.187782339295794,60.02605939495465,nan,nan,nan
89.18,182.18528747558594,-187.3229217529297,-14.81749439239502,183.14672654724413,-187.31974725715224,-14.823889014789133,0.9614655777145473,0.4484528814400848,0.0683240712280031,3.5003600697340966e-05,37.6971502497627,60.57466772753601,nan,0.794705769684901,nan
89.19,182.17694091796875,-187.33126831054688,-14.819723129272461,183.13829587815172,-187.32797965009792,-14.826159205056706,0.9613821289307676,0.4485035391972313,0.06834131199604282,3.5709179408820895e-05,37.568145248991634,59.95744276942107,nan,nan,nan
89.2,182.1685791015625,-187.33961486816406,-14.82202434539795,183.12154311727372,-187.32114003688318,-14.826568461295889,0.9531539139197822,0.4484385872030194,0.0683367705472057,3.499073146571606e-05,39.18183437703541,59.29819491712269,18.13511521334035,2.5284826743268494,nan
89.21000000000001,182.16021728515625,-187.3479461669922,-14.824398040771484,183.11310412785252,-187.32931701976224,-14.828966125058473,0.9530798746717087,0.44848902745084057,0.06835402905690482,3.569578096524929e-05,39.056267252180604,60.15086639648908,nan,nan,nan
89.22,182.15187072753906,-187.35629272460938,-14.826841354370117,183.1046606229812,-187.3374933704313,-14.832398590715336,0.9529915442699245,0.44853955439805343,0.06837135023345643,3.499902546108233e-05,39.2360977208727,59.9214462312094,nan,0.65414574343637,nan
89.23,182.1435089111328,-187.3646240234375,-14.82935619354248,183.0962218821264,-187.34567050331364,-14.834949737562878,0.9529179024235102,0.44859016825273984,0.06838873422256755,3.570442353628885e-05,39.110562957704246,60.279906953823485,nan,nan,nan
89.24,182.13516235351562,-187.3729705810547,-14.831938743591309,183.08778547691887,-187.35384810287496,-14.83711342555147,0.9528290831768685,0.4486408690968833,0.06840618116744876,3.500733742791017e-05,38.88175959385088,59.64207925101884,nan,0.14817189035929926,nan
89.25,182.12680053710938,-187.38131713867188,-14.834590911865234,183.10156850321894,-187.37482238769348,-14.839826805007585,0.9748036643964014,0.44857581549229397,0.06840162165864823,3.569104784102321e-05,38.1229089634503,58.71705278793953,7.454927818143078,nan,nan
89.26,182.11843872070312,-187.3896484375,-14.83728313446045,183.0931732173189,-187.38303345016604,-14.84091680268976,0.9747637152125891,0.4486262985434324,0.06841908564526313,3.499447876687966e-05,37.61314415683452,59.255015061620554,nan,1.932647430907463,nan
89.27,182.11009216308594,-187.3979949951172,-14.839970588684082,183.0847704482352,-187.39124353114138,-14.843663393965155,0.9747086634570086,0.448676868411007,0.06843661266714039,3.5699695327461283e-05,37.50086124492095,58.66228490802911,nan,nan,nan
89.28,182.1017303466797,-187.40634155273438,-14.84262752532959,183.07637853098703,-187.399455583116,-14.84402572729025,0.9746735118591787,0.44872752518135534,0.06845420286715781,3.50027988623098e-05,37.059203262687454,57.77508472043933,nan,3.9565550048337355,nan
89.29,182.0933837890625,-187.4146728515625,-14.845244407653809,183.06797620340544,-187.4076657416667,-14.846697195019722,0.97461868660262,0.44877826905610085,0.06847185639152237,3.570836123580751e-05,36.94332175440337,59.12246218222926,nan,nan,nan
89.3,182.08502197265625,-187.4230194091797,-14.847814559936523,183.05338794954167,-187.40972541440863,-14.850870671156255,0.9684620463921234,0.4487131139703228,0.06846727479590176,3.4989961399290514e-05,37.79856984741004,57.95919697377044,2.689938206685745,1.9410542357826785,nan
89.31,182.07666015625,-187.43136596679688,-14.850337028503418,183.04497740465592,-187.41791597402948,-14.853467774488086,0.9684157151948143,0.44876363976566225,0.06848494464187893,3.569499554209674e-05,37.69232166563864,57.87974616721328,nan,nan,nan
89.32000000000001,182.0683135986328,-187.439697265625,-14.852810859680176,183.03656830528908,-187.42610689055203,-14.855718849693947,0.968354445264005,0.4488142523764525,0.06850267788461963,3.499828561455556e-05,37.54176009819862,59.20289080539412,nan,0.06292801496336607,nan
89.33,182.05995178222656,-187.4480438232422,-14.85523509979248,183.02815825410707,-187.43429766674296,-14.858217783574835,0.9683086416078011,0.44886495200011933,0.06852047467066383,3.570366924716969e-05,37.43598671983785,57.68124451941182,nan,nan,nan
89.34,182.05160522460938,-187.4563751220703,-14.857612609863281,183.01975958818096,-187.44249089688594,-14.858049243333493,0.9682540131909907,0.44891573872923207,0.06853833514238909,3.50066272100919e-05,37.0752860932371,58.78985477204331,nan,4.846008958626383,nan
89.35000000000001,182.04324340820312,-187.4647216796875,-14.859942436218262,182.94390291294874,-187.4265934784013,-14.860365790640236,0.9014662957930882,0.44885048240491426,0.06853372741301864,3.569032490076197e-05,36.49849806239934,58.02738650889774,39.58213480691566,nan,nan
89.36,182.03489685058594,-187.4730682373047,-14.862226486206055,182.93537041514193,-187.4347464579034,-14.865022329000182,0.9012929690048567,0.4489010507699301,0.068551603466068,3.499379833033545e-05,36.60287929922411,58.71016684435889,nan,3.8166789651619326,nan
89.37,182.0265350341797,-187.4813995361328,-14.864463806152344,182.92684778883685,-187.4429016248388,-14.867332772005796,0.9011400425779786,0.4489517060558046,0.06856954327763758,3.5699002190339034e-05,36.49473343900522,59.021081570132694,nan,nan,nan
89.38,182.0181884765625,-187.48974609375,-14.866658210754395,182.91833464580841,-187.45105900081924,-14.867299721885429,0.9009773741354767,0.4490024483591191,0.06858754698978428,3.500214675433004e-05,36.162559876292434,58.31015506275492,nan,3.7334692142508157,nan
89.39,182.00982666015625,-187.4980926513672,-14.868807792663574,182.90981206445994,-187.4592142243881,-14.869500141356339,0.9008250326177448,0.4490532778713353,0.06860561474953106,3.570769723187832e-05,36.0522700974682,57.6873912069577,nan,nan,nan
89.4,182.00148010253906,-187.5064239501953,-14.870914459228516,182.89112663484934,-187.4617450026619,-14.869507749763496,0.8907688474772335,0.4489879204443121,0.06860097681440769,3.498933763818298e-05,36.34324021610485,59.43084935739994,1.5382681872680102,3.4427393579664374,nan
89.41,181.9931182861328,-187.5147705078125,-14.872980117797852,182.88258795947021,-187.46988694897254,-14.87160346943442,0.8906024527261313,0.44903853130526344,0.06861905939570118,3.56943606745192e-05,36.22869604324502,57.824168186233024,nan,nan,nan
89.42,181.98477172851562,-187.5231170654297,-14.875003814697266,182.87404507283088,-187.47802781080054,-14.874780365942682,0.8904157297139347,0.44908922909499455,0.06863720608875475,3.49976888158965e-05,36.06514233825675,58.25758528829896,nan,0.888917134249505,nan
89.43,181.97640991210938,-187.5314483642578,-14.87698745727539,182.8655065974097,-187.4861698750801,-14.876806762585804,0.890248892189607,0.44914001400116116,0.06865541704089052,3.570306207641681e-05,35.951386947905654,58.55058395210211,nan,nan,nan
89.44,181.9680633544922,-187.539794921875,-14.878931045532227,182.85696522956977,-187.4943112430816,-14.879505077282314,0.8900649628344368,0.44919088612600655,0.06867369239371435,3.500605669334101e-05,35.848565595557794,58.11708180647501,nan,0.35660028444418584,nan
89.45,181.95970153808594,-187.5481414794922,-14.880836486816406,182.8071579641129,-187.4949371217185,-14.881552612318739,0.8491252030980005,0.44912542782555737,0.06866902016731198,3.568974531336085e-05,34.23858880618563,58.01148411893143,18.839912149539273,nan,nan
89.46000000000001,181.95135498046875,-187.55648803710938,-14.88270378112793,182.79854807338546,-187.5030864395021,-14.88315465788789,0.848874590621397,0.4491760810135254,0.06868730956247411,3.499325394752493e-05,34.118380175795934,58.543552489965045,nan,0.07183700383931803,nan
89.47,181.9429931640625,-187.5648193359375,-14.88453483581543,182.78993706068846,-187.5112358248544,-14.885035653706607,0.8486373828146602,0.44922682122498486,0.06870566342448071,3.569844882068181e-05,34.00662410754368,58.79490082614995,nan,nan,nan
89.48,181.9346466064453,-187.5731658935547,-14.886327743530273,182.78133427888358,-187.5193879512581,-14.884629965999862,0.8483955234353396,0.4492776485657627,0.06872408189466696,3.50016272233863e-05,33.97083476980798,58.48549750774718,nan,3.577012494880312,nan
89.49,181.92628479003906,-187.58151245117188,-14.888086318969727,182.7727233262675,-187.5275376733195,-14.88641762030652,0.8481593345663293,0.44932856321817777,0.06874256512076432,3.570716934976332e-05,33.85673989192283,57.73975386865543,nan,nan,nan
89.5,181.91793823242188,-187.58985900878906,-14.889808654785156,182.7612004163807,-187.53150741220745,-14.88865803868593,0.8452794470682577,0.4492630041865175,0.06873785449581728,3.498884272166937e-05,34.30660237257743,58.486788598989854,1.065011358884722,0.16398329425102745,nan
89.51,181.90957641601562,-187.59820556640625,-14.891497611999512,182.75258598876476,-187.5396433382777,-14.890382532781524,0.8450419621011308,0.4493136996142505,0.06875635096625429,3.569385802470118e-05,34.194848013268654,57.75482151900873,nan,nan,nan
89.52,181.90122985839844,-187.60653686523438,-14.893152236938477,182.74396888925497,-187.547778526122,-14.89287313415568,0.8447849989450698,0.44936448208128205,0.06877491224868164,3.499721730191835e-05,34.05010406868215,59.21963252683212,nan,0.4510809033295806,nan
89.53,181.8928680419922,-187.61488342285156,-14.894774436950684,182.73535459668625,-187.55591492822094,-14.894540246498345,0.84454776836153,0.44941535176657965,0.06879353849106838,3.5702583402728076e-05,33.94121503738955,57.586226511827526,nan,nan,nan
89.54,181.884521484375,-187.62322998046875,-14.896364212036133,182.7267395785495,-187.5640513489077,-14.896391646884052,0.8442946342012709,0.4494663087809645,0.06881222983438957,3.500560787108159e-05,33.83072237557565,58.12288467138468,nan,0.03290545511664652,nan
89.55,181.87615966796875,-187.63157653808594,-14.89792251586914,182.73185523699158,-187.57822591147166,-14.897953199443394,0.857357100132097,0.44940064923572076,0.06880747669633897,3.5689290286190014e-05,33.71363010045127,57.08531353480357,1.9158665227033818,nan,nan
89.56,181.86781311035156,-187.63992309570312,-14.899449348449707,182.7232605086269,-187.58637367226257,-14.900439040756794,0.857122378343802,0.4494513867389921,0.06882618046733058,3.499282747372421e-05,33.63326217481561,57.64043280820891,nan,0.5856161217087099,nan
89.57000000000001,181.8594512939453,-187.6482696533203,-14.900945663452148,182.7146688092112,-187.5945226658678,-14.90199372430565,0.856905383055396,0.4495022113666917,0.06884494939863578,3.56980162577369e-05,33.52902164236443,56.97225839969016,nan,nan,nan
89.58,181.85108947753906,-187.65660095214844,-14.9025239944458,182.7060753271869,-187.60267113635567,-14.904182849687047,0.856686628779861,0.4495531232327541,0.06886378363102837,3.500122198922704e-05,33.46757536598119,57.86119928803461,nan,0.2609741360065052,nan
89.59,181.84274291992188,-187.66494750976562,-14.904181480407715,182.69748393665282,-187.610820297798,-14.905851842543285,0.8564547570463338,0.44960412251150333,0.06888268331278376,3.570675851418803e-05,33.35966728477151,57.457417158954634,nan,nan,nan
89.60000000000001,181.83438110351562,-187.6732940673828,-14.905919075012207,182.67920446515916,-187.6062680063657,-14.907685541750238,0.847479867394435,0.44953836260081753,0.06887788352880406,3.498845833055404e-05,34.84128651258903,57.39506886014704,9.021820883886468,0.0017597965552529015,nan
89.61,181.82603454589844,-187.681640625,-14.907734870910645,182.6706009631499,-187.61437575162608,-14.909516331320283,0.8472426865663473,0.44958914208013334,0.06889679480346798,3.569346850162238e-05,34.73510921139311,57.92632380158348,nan,nan,nan
89.62,181.8176727294922,-187.6899871826172,-14.909628868103027,182.66199758218332,-187.62248349159887,-14.911426127043434,0.8470209178719816,0.44964000871990706,0.06891577157769199,3.641277785086912e-05,34.630337995608386,57.227604106766044,nan,nan,nan
89.63,181.809326171875,-187.69833374023438,-14.911598205566406,182.6533942054954,-187.63059132017486,-14.913414042479413,0.8467840209398307,0.4496909626646389,0.06893481399597631,3.714653087849426e-05,34.525055352325936,57.80250739970619,nan,nan,nan
89.64,181.80096435546875,-187.70668029785156,-14.913643836975098,182.64479778974157,-187.6387020774399,-14.913128934935063,0.8465672852001295,0.4497420040449849,0.06895392220065721,3.636376089829831e-05,34.33953837047022,57.033067158964,nan,3.6071838623252126,nan
89.65,181.79261779785156,-187.71502685546875,-14.915764808654785,182.62385084479996,-187.64949287114592,-14.915251920393054,0.8338125355826161,0.449676143976619,0.06894907163639935,3.7072434321461866e-05,33.04333523530909,57.579873595174774,5.286600207188169,nan,nan
89.66,181.7842559814453,-187.72337341308594,-14.917959213256836,182.6152202934557,-187.65762033954238,-14.918683388293573,0.8335620426487861,0.4497269652704834,0.06896819058133981,3.6293385768618147e-05,32.94661759530567,56.87679119344036,nan,1.005795341938986,nan
89.67,181.77589416503906,-187.73171997070312,-14.920226097106934,182.6065935189741,-187.6657493402237,-14.92096299458954,0.8333151167066726,0.449777873789015,0.06898737536546296,3.702357154974391e-05,32.843062281557756,56.82068221377,nan,nan,nan
89.68,181.76754760742188,-187.7400665283203,-14.922565460205078,182.59796587875067,-187.67387797517873,-14.92363209874163,0.8330525599513212,0.4498288696512503,0.06900662612887895,3.6247192765556955e-05,32.755309597288864,57.364924985249665,nan,0.06567427651343244,nan
89.69,181.75918579101562,-187.7484130859375,-14.924976348876953,182.5893391977196,-187.68200705245795,-14.926060993646148,0.8328058695752399,0.44987995302644546,0.06902594302049976,3.6976165201756544e-05,32.65256599302044,56.67381407224794,nan,nan,nan
89.7,181.75083923339844,-187.7567596435547,-14.927456855773926,182.61155348712578,-187.69636798626942,-14.92967459974931,0.8628331804163589,0.4489369066015169,0.06837487792116413,3.617980291010968e-05,47.186029809724225,70.1835306072597,10.178816640463321,0.9081682710808134,0.0002460033525495249
89.71000000000001,181.7424774169922,-187.76510620117188,-14.930007934570312,182.60298136716705,-187.70449441107382,-14.932256967924125,0.8626389137503904,0.4489863479090621,0.06839110020165781,3.690671574607765e-05,47.043861989485514,69.47975451223262,nan,nan,nan
89.72,181.734130859375,-187.77345275878906,-14.932626724243164,182.5943960773551,-187.7126276140816,-14.936257819472619,0.8624205055236085,0.44903587517502375,0.06840738117366366,3.613649251921758e-05,47.127300185551825,70.21752350593722,nan,1.2028232831239842,nan
89.73,181.72576904296875,-187.78179931640625,-14.935290336608887,182.58582460010206,-187.7207538733248,-14.938981127469182,0.8622271912982493,0.44908548884859534,0.06842372106023828,3.686233564385867e-05,46.98933088061359,69.53407600472453,nan,nan,nan
89.74,181.71742248535156,-187.79014587402344,-14.937950134277344,182.5772522739679,-187.72888085882326,-14.941844603460202,0.86201846521389,0.4491351887760241,0.06844011992887694,3.609460803007709e-05,46.89625697344389,70.07120738589931,nan,0.00940780737858636,nan
89.75,181.7090606689453,-187.79849243164062,-14.940580368041992,182.56892248133792,-187.74266516782595,-14.944538583858188,0.8616813142157506,0.4490702920127876,0.06843539577556758,3.679620987665866e-05,45.57290510361064,69.14832001940127,4.9955764436847625,nan,nan
89.76,181.70071411132812,-187.80682373046875,-14.943171501159668,182.56034526417656,-187.7508177790005,-14.947443213870155,0.8614642378397822,0.4491197783664831,0.06845181266347679,3.603188049429885e-05,45.505515849226185,70.67328344168125,nan,0.028869008827545867,nan
89.77,181.69235229492188,-187.81517028808594,-14.94571590423584,182.55177017768918,-187.75896948048086,-14.950100014062924,0.8612646796511939,0.4491693510319692,0.06846828872359993,3.6754869054414506e-05,45.37912162388434,69.06094404215426,nan,nan,nan
89.78,181.6840057373047,-187.82351684570312,-14.948213577270508,182.54319912964226,-187.76711913196155,-14.952301785380277,0.861052089595846,0.4492190098813191,0.06848482402993597,3.599291430079445e-05,45.17660057219537,69.46347628820011,nan,0.11193130600974514,nan
89.79,181.67564392089844,-187.8318634033203,-14.950663566589355,182.5346242982597,-187.77527075583987,-14.954862367380358,0.8608528598829338,0.4492687553253921,0.06850141879601902,3.671502436395778e-05,45.05015638401715,68.78333173303241,nan,nan,nan
89.8,181.66729736328125,-187.8402099609375,-14.953064918518066,182.53915477394744,-187.7922269774983,-14.95739831460579,0.8731875454648567,0.44920377831801106,0.06849669480315508,3.593326883927089e-05,44.234454145915166,68.89027119723839,4.565033699826779,0.01170068801751061,nan
89.81,181.658935546875,-187.8485565185547,-14.955418586730957,182.53059862941544,-187.80040363473054,-14.959864405910732,0.8730034335514705,0.44925330994532414,0.06851330707829031,3.665365972944066e-05,44.108717235297284,68.22940068247416,nan,nan,nan
89.82000000000001,181.6505889892578,-187.85690307617188,-14.957725524902344,182.52203931165076,-187.80858194832197,-14.962651375410827,0.8728028756819534,0.4493029276851501,0.06852997885978901,3.589720538650032e-05,44.10200893196959,68.83584331361764,nan,0.0902299809589479,nan
89.83,181.64224243164062,-187.86524963378906,-14.959986686706543,182.51348332780665,-187.81675858400496,-14.965029917869966,0.8726038707465817,0.44935263192442465,0.06854671035510482,3.661684221422293e-05,43.977614231001844,68.76082721994823,nan,nan,nan
89.84,181.63388061523438,-187.87359619140625,-14.962203025817871,182.50493276752354,-187.82493254521415,-14.966744600775343,0.8724222764071271,0.4494024225707544,0.06856350164714826,3.586256543078876e-05,43.71670564916082,67.95267827355411,nan,0.2578501464023545,nan
89.85000000000001,181.6255340576172,-187.88194274902344,-14.964375495910645,182.54524329503286,-187.85156305679232,-14.968937032695324,0.9202221550830082,0.44933736561304977,0.0685587742935773,3.6558642305923195e-05,43.87597519099039,67.60386744009729,21.270109434947734,nan,nan
89.86,181.61717224121094,-187.89028930664062,-14.966504096984863,182.53677420851835,-187.8597669866914,-14.97055410981141,0.9201172712728772,0.44938694221019637,0.06857558256504959,3.580740981224141e-05,43.62457032715243,66.88229360338715,nan,0.26128995698516216,nan
89.87,181.60882568359375,-187.8986358642578,-14.96859073638916,182.52829977357442,-187.8679736584976,-14.972745843241384,0.9199945858105971,0.4494366052116857,0.06859245080076268,3.6524806390560966e-05,43.497858457481016,67.31215511863155,nan,nan,nan
89.88,181.6004638671875,-187.906982421875,-14.970635414123535,182.51983727774999,-187.8761741943421,-14.973480266199948,0.9198938569837024,0.4494863545471802,0.06860937908928204,3.5775621144449205e-05,43.1117219980959,66.43984487597513,nan,1.3544361470922148,nan
89.89,181.5921173095703,-187.9153289794922,-14.972640037536621,182.51136281845746,-187.88438071635352,-14.975576765772711,0.9197710176849547,0.44953619057083716,0.06862636762976361,3.649242638486721e-05,42.98120367347391,66.86234543182007,nan,nan,nan
89.9,181.58377075195312,-187.92367553710938,-14.974604606628418,182.49188191150253,-187.88677710731668,-14.977926580354293,0.9088665511112013,0.449471053468708,0.06862163322727668,3.572341770629452e-05,43.300569829973114,67.03365075551694,2.2039639301935545,0.11767388586450114,nan
89.91,181.57540893554688,-187.93202209472656,-14.976529121398926,182.48339088989738,-187.8949698536815,-14.979947253399713,0.9087440682716986,0.44952067519773453,0.06863863819220156,3.6438791133047784e-05,43.17412041231452,66.42005915818407,nan,nan,nan
89.92,181.5670623779297,-187.94036865234375,-14.978416442871094,182.474898761685,-187.90316336893582,-14.98207472845676,0.908605808828468,0.44957038318639686,0.06865570346202365,3.569441499767398e-05,43.08922681063868,66.91261931597289,nan,0.014196358737820101,nan
89.93,181.55870056152344,-187.94871520996094,-14.980265617370605,182.46640772393633,-187.9113565582921,-14.984021961401618,0.9084833909712678,0.449620177768616,0.06867282923066628,3.6409302352596976e-05,42.96420679687391,66.31382017203207,nan,nan,nan
89.94,181.55035400390625,-187.95706176757812,-14.982077598571777,182.4579105583001,-187.9195527821871,-14.986683816599173,0.9083430192679642,0.4496700589041481,0.06869001559438016,3.5666769025900584e-05,43.03291394017863,66.97742132334953,nan,0.3830690671476076,nan
89.95,181.5419921875,-187.9654083251953,-14.983854293823242,182.47127785588472,-187.94046812689157,-14.988521704474337,0.9296319979856842,0.44960484188302396,0.06868527052611223,3.63586383916953e-05,42.1454014503625,65.94814448994063,7.5489273990417045,nan,nan
89.96000000000001,181.5336456298828,-187.9737548828125,-14.985594749450684,182.46282705727978,-187.9486905070184,-14.989318469071039,0.9295268764491041,0.44965450848721983,0.06870247274002664,3.561878971730508e-05,41.796776331065715,66.2223937422071,nan,0.75198615593858,nan
89.97,181.52529907226562,-187.9821014404297,-14.987300872802734,182.45436818105037,-187.9569172254594,-14.991121477171081,0.9294182323364921,0.44970426159049265,0.06871973569598064,3.633195310180528e-05,41.67080018214335,66.12555575652455,nan,nan,nan
89.98,181.51693725585938,-187.99044799804688,-14.988973617553711,182.44590849641125,-187.9651445661939,-14.99300859990904,0.9293245453116115,0.44975410117107895,0.06873705949504122,3.559381647518054e-05,41.5895824699404,65.55726010407166,nan,0.009406517144641677,nan
89.99,181.5085906982422,-187.99879455566406,-14.990612030029297,182.43744971044708,-187.97337175331862,-14.994746866362721,0.9292160568483816,0.4498040275354041,0.06875444432405041,3.630662864190475e-05,41.465238930368145,66.0392033664237,nan,nan,nan
90.0,181.50022888183594,-188.00714111328125,-14.992218017578125,182.41622960046112,-187.98470636757477,-14.995090939660653,0.9162799179388694,0.4497387304386818,0.06874968483795885,3.554856330423101e-05,39.49569357005263,65.13664300022032,9.289763959309637,1.1773786014292473,nan
90.01,181.49188232421875,-188.01548767089844,-14.993792533874512,182.40774269286996,-187.99295981884532,-14.996752229095648,0.9161421717069127,0.4497884420238746,0.06876708491865052,3.626018161385516e-05,39.36658608209916,65.60500469881771,nan,nan,nan
90.02,181.4835205078125,-188.02383422851562,-14.995335578918457,182.39924762400386,-188.0012175499677,-14.999538483211822,0.9160160096205684,0.44983824000912037,0.06878454608651631,3.552616492659252e-05,39.48531658277893,65.19338772226276,nan,0.9147609100130668,nan
90.03,181.4751739501953,-188.0321807861328,-14.996847152709961,182.3907607824815,-188.00947129630615,-15.001150402042972,0.915878532524293,0.4498881246840501,0.0688020685239885,3.623751903972919e-05,39.36133442339485,65.69057030413367,nan,nan,nan
90.04,181.46681213378906,-188.04052734375,-14.998329162597656,182.38227392371763,-188.01772528211623,-15.002717581229604,0.9157562345144381,0.4499380960519041,0.0688196523386236,3.550501389866076e-05,39.256496603012394,65.07800818700397,nan,0.00016380639280539437,nan
90.05,181.45846557617188,-188.0488739013672,-14.999893188476562,182.37480818367857,-188.02571674646907,-15.004345331694394,0.9166459784095337,0.4498727190467045,0.06881487473415909,3.619377130394321e-05,39.33721935817951,65.56035811790677,0.07439479180873806,nan,nan
90.06,181.45010375976562,-188.05722045898438,-15.00153636932373,182.36633490455895,-188.03396328393467,-15.004271081886667,0.9165303516705756,0.4499224753946507,0.06883247318289007,3.546360335985893e-05,38.86502040764065,64.63667867230319,nan,2.1435391429031485,nan
90.07000000000001,181.44175720214844,-188.06558227539062,-15.003259658813477,182.3578496427221,-188.0422160505552,-15.006026240590835,0.916394562464227,0.44997231833829293,0.06885013313725132,3.617365679950019e-05,38.732444254774464,64.05458222139094,nan,nan,nan
90.08,181.4333953857422,-188.0739288330078,-15.005062103271484,182.34935535967455,-188.05047347765557,-15.009230734411416,0.9162697228580947,0.45002224789606216,0.0688678547088146,3.544487542923275e-05,38.87639049628384,64.72614912517689,nan,1.290360420624995,nan
90.09,181.425048828125,-188.082275390625,-15.006941795349121,182.34086985271966,-188.0587264573585,-15.011158519403256,0.9161334412133194,0.4500722643349649,0.06888563807409746,3.6154773497307905e-05,38.742346354035796,65.20419576079964,nan,nan,nan
90.10000000000001,181.41668701171875,-188.0906219482422,-15.00889778137207,182.3701367429162,-188.07636121263113,-15.012247922945802,0.9535622590839183,0.4500068072949012,0.06888083854330256,3.540590689041948e-05,39.64747482760978,64.18477974555464,14.67003587724348,0.7016137655955922,nan
90.11,181.40834045410156,-188.09896850585938,-15.010930061340332,182.36171754306335,-188.08461680698198,-15.014323149994288,0.9534911421028158,0.4500566084638076,0.06889863590190194,3.6114803371491564e-05,39.51555053936319,64.57666690006467,nan,nan,nan
90.12,181.3999786376953,-188.10731506347656,-15.01303768157959,182.35330605705425,-188.0928684200087,-15.015230606134487,0.9534393965675906,0.4501064961668534,0.06891649511380216,3.5389485407587094e-05,39.20053182839245,63.7769117424438,nan,1.0684544175779895,nan
90.13,181.39163208007812,-188.1156768798828,-15.015218734741211,182.3448870002192,-188.1011240258283,-15.017445211770587,0.9533685989868969,0.45015647065737535,0.06893441635188517,3.609829685058819e-05,39.07200864323304,63.19069394774145,nan,nan,nan
90.14,181.38327026367188,-188.1240234375,-15.017473220825195,182.33646548459805,-188.10938105753067,-15.020140748561339,0.9533114098718691,0.4502065319741779,0.06895239973308316,3.537417666539527e-05,39.004414688462475,63.71263662363393,nan,0.11403324517726372,nan
90.15,181.3749237060547,-188.1323699951172,-15.01979923248291,182.30523729402228,-188.10889357704215,-15.022528825378863,0.9306137570658092,0.4501409950174348,0.06894757450356283,3.606071060951309e-05,38.878011729930414,64.36149777696944,4.57130855633797,nan,nan
90.16,181.36656188964844,-188.14071655273438,-15.022197723388672,182.29678295775759,-188.1171335633265,-15.024545095865186,0.9305229191702267,0.4501908408196273,0.06896557121846804,3.533860437944891e-05,38.69667650597007,63.6378395346749,nan,0.12438401955547052,nan
90.17,181.35821533203125,-188.14906311035156,-15.024665832519531,182.28832617748992,-188.1253746774649,-15.027052902079134,0.9304155119050589,0.45024077331563783,0.06898363018839003,3.604645362474992e-05,38.56739648123422,64.10798832262111,nan,nan,nan
90.18,181.349853515625,-188.15740966796875,-15.027204513549805,182.27987180603898,-188.13361460492249,-15.029234766798977,0.930324861249112,0.4502907925565122,0.0690017515335334,3.532543012982823e-05,38.39615697510762,63.402561913068105,nan,0.10925860459580523,nan
90.19,181.3415069580078,-188.16575622558594,-15.029810905456543,182.27141548439644,-188.14185565942137,-15.031879982935248,0.930217923711897,0.4503408987773377,0.06901993542195088,3.60332797158983e-05,38.26765587013249,63.87381958956084,nan,nan,nan
90.2,181.33314514160156,-188.1741180419922,-15.032464027404785,182.24992137626617,-188.16746592540522,-15.036029336769493,0.9168073006536176,0.4502752818012108,0.06901508063774377,3.5291987444352574e-05,34.259539852001645,62.17491193784942,59.72212053223562,1.9935987734074871,nan
90.21000000000001,181.32479858398438,-188.18246459960938,-15.035112380981445,182.24142667641303,-188.17579014514192,-15.038766297110689,0.9166596747293447,0.45032517225509466,0.069033277178132,3.599898687627914e-05,34.138182137811974,63.76182356780316,nan,nan,nan
90.22,181.31643676757812,-188.19081115722656,-15.03773307800293,182.23293210746698,-188.18411426452693,-15.041488144008511,0.9165274992767665,0.4503751494111774,0.06905153633228216,3.6720291982926255e-05,34.02085480888321,63.04968476246882,nan,nan,nan
90.23,181.30809020996094,-188.19915771484375,-15.040313720703125,182.224437753556,-188.19243820266487,-15.044176796608543,0.9163803227110915,0.4504252134139592,0.06906985824469443,3.7456047264493916e-05,33.90424157482358,63.47605372577165,nan,nan,nan
90.24,181.29974365234375,-188.20750427246094,-15.04284954071045,182.21594496186935,-188.20076128898356,-15.046531557283034,0.9162335208060494,0.4504753643674823,0.06908824304937745,3.665052551433144e-05,33.74517304844881,63.31653683564537,nan,0.054882282200931505,nan
90.25,181.2913818359375,-188.21585083007812,-15.045337677001953,182.21787263521944,-188.22311613366966,-15.049103311924414,0.9265269374371838,0.4504096674497,0.06908335487779814,3.736078193428616e-05,31.98189484094551,62.62498240315154,12.933800927324574,nan,nan
90.26,181.2830352783203,-188.2241973876953,-15.047778129577637,182.20939091180014,-188.23148554613527,-15.051048927659858,0.9263900771561389,0.45045960238835187,0.06910175163424895,3.656042428365375e-05,31.764933654608214,62.93154599857174,nan,0.23708601465126355,nan
90.27,181.27467346191406,-188.2325439453125,-15.050169944763184,182.20090625505728,-188.23985633364654,-15.053547582661373,0.9262678157826703,0.45050962412282075,0.06912021138162128,3.729201621700427e-05,31.64978762661148,62.27811630228765,nan,nan,nan
90.28,181.26632690429688,-188.24090576171875,-15.052515983581543,182.1924202301753,-188.24822794425032,-15.056309649606515,0.9261300418923216,0.45055973272472133,0.06913873424565094,3.649567689276001e-05,31.611785845639798,61.59489327053643,nan,0.06225416006873353,nan
90.29,181.2579803466797,-188.24925231933594,-15.054814338684082,182.1839358914293,-188.25659888615942,-15.058719087806482,0.925992921118907,0.4506099284089296,0.06915732038894934,3.722579746043831e-05,31.49848519226499,62.675335365392556,nan,nan,nan
90.3,181.24961853027344,-188.25759887695312,-15.057066917419434,182.19376497960036,-188.27251275139508,-15.061012978220278,0.9442724780609404,0.45054415146251137,0.06915239493334559,3.641078068940306e-05,31.435540395438984,61.91697369345039,3.5989096162085623,0.023360798547029264,nan
90.31,181.24127197265625,-188.2659454345703,-15.05927562713623,182.18531101554584,-188.28089748174574,-15.063333698440522,0.9441661644844784,0.45059413087703976,0.0691709923069791,3.713860773322703e-05,31.32386965826609,62.29920468243605,nan,nan,nan
90.32000000000001,181.23291015625,-188.2742919921875,-15.061439514160156,182.17685068944786,-188.2892852795915,-15.067055948742086,0.9440763068833224,0.4506441970745648,0.06918965301776533,3.635092735672589e-05,31.622360013768226,62.0459199550296,nan,1.364625147158082,nan
90.33,181.2245635986328,-188.2826385498047,-15.063560485839844,182.168396656012,-188.29766969994625,-15.069304949688744,0.943970219096567,0.4506943502605694,0.06920837722579248,3.707747257024258e-05,31.518172468131965,62.479134610760084,nan,nan,nan
90.34,181.21621704101562,-188.29098510742188,-15.06563949584961,182.15994968828988,-188.30605046164175,-15.069820477125845,0.9438621483211862,0.4507445905206998,0.06922716506053182,3.629343700257757e-05,30.98387774737978,61.934052336063814,nan,1.876766605731865,nan
90.35000000000001,181.20785522460938,-188.29933166503906,-15.067676544189453,182.1370866622288,-188.32100872220008,-15.071971068241629,0.9294941648037673,0.45067873359522087,0.06922219844036985,3.6995517071791174e-05,28.922200149826796,61.63037345698003,15.881211436934414,nan,nan
90.36,181.1995086669922,-188.3076934814453,-15.069673538208008,182.12860173127126,-188.32943096343948,-15.073548853072332,0.929355399338822,0.4507287573342893,0.06924099676594822,3.6215979741169654e-05,28.71563467112066,60.75567423931639,nan,0.1863786586179325,nan
90.37,181.19114685058594,-188.3160400390625,-15.071630477905273,182.12011429891427,-188.33785447745475,-15.075614167095063,0.9292320805673847,0.4507788679679422,0.06925985880314124,3.693930629798637e-05,28.606869038206103,61.3174682478521,nan,nan,nan
90.38,181.18280029296875,-188.3243865966797,-15.073548316955566,182.11163036364732,-188.34627651921056,-15.076732181650666,0.9290934322766281,0.4508290655899757,0.06927878468361301,3.616317269425264e-05,28.33333187862468,61.628204617708434,nan,0.5457100065003787,nan
90.39,181.17445373535156,-188.33273315429688,-15.075428009033203,182.10314285836418,-188.35470061501957,-15.078712633943542,0.9289547057275445,0.4508793503936993,0.06929777456420368,3.6885466807196146e-05,28.221779384228586,61.50237370985898,nan,nan,nan
90.4,181.1660919189453,-188.34107971191406,-15.0772705078125,182.1097323228639,-188.36501669911559,-15.081724284994964,0.9439544625643207,0.45081341341388564,0.06929276285026206,3.6090503082839115e-05,29.088569730639264,60.86254092379769,3.2910301560326864,0.8533026229297814,nan
90.41,181.15774536132812,-188.34942626953125,-15.079075813293457,182.1012724023957,-188.3734353375971,-15.083641786878514,0.9438435043426909,0.45086348143970373,0.06931176246202171,3.681094079411116e-05,28.982606810608598,61.31379746746916,nan,nan,nan
90.42,181.14938354492188,-188.35777282714844,-15.080845832824707,182.09281198858778,-188.38185434010128,-15.085672070398624,0.9437480808738612,0.450913636367143,0.06933082612978574,3.604220894920849e-05,28.941284396972147,60.68544711910296,nan,0.014578149779293273,nan
90.43,181.1410369873047,-188.3661346435547,-15.082579612731934,182.08435213136045,-188.3902730906887,-15.087521384744495,0.9436368722901858,0.4509638783824824,0.06934995400850201,3.676177120423398e-05,28.840023020096865,59.95544486672183,nan,nan,nan
90.44,181.1326904296875,-188.37448120117188,-15.084280014038086,182.07589332105408,-188.39869145410003,-15.08903218620803,0.9435255236449398,0.4510142075900304,0.06936914623264087,3.59960851299868e-05,28.681857738149045,60.966992246441585,nan,0.061910382706205594,nan
90.45,181.12432861328125,-188.38282775878906,-15.085945129394531,182.06061986528914,-188.400316023026,-15.090779092917453,0.9364670390226584,0.45094819057751506,0.06936408550568357,3.669199200462007e-05,29.266961122098678,60.265611990753065,2.3612092784529093,nan,nan
90.46000000000001,181.11598205566406,-188.39117431640625,-15.087578773498535,182.05214860181303,-188.40871593496476,-15.093425281559895,0.9363491294205658,0.4509983027526044,0.06938328668362431,3.5930175266367686e-05,29.46116357563213,60.955670216245444,nan,0.5420682753290281,nan
90.47,181.1076202392578,-188.39952087402344,-15.089178085327148,182.04368052045186,-188.41711439501813,-15.09514853619176,0.9362446412629514,0.4510485019216413,0.0694025522797541,3.664729729735713e-05,29.36367142324155,60.332492567674805,nan,nan,nan
90.48,181.09927368164062,-188.40786743164062,-15.090746879577637,182.03521633047194,-188.42551098725855,-15.09564220563936,0.9361217341636028,0.4510987881949679,0.06942188243016453,3.588829985146667e-05,28.939380359457616,60.41494668108027,nan,0.9631928396118113,nan
90.49,181.09092712402344,-188.41622924804688,-15.092284202575684,182.02674800781296,-188.43390972684716,-15.097291569658628,0.9360012818326184,0.4511491617498427,0.06944127728739802,3.660474971070764e-05,28.840093315900468,59.14927613594897,nan,nan,nan
90.5,181.0825653076172,-188.42457580566406,-15.093790054321289,182.03767020433457,-188.4451323084407,-15.09866551538262,0.9553385283031856,0.4510830646400522,0.0694361635942894,3.5826682588589606e-05,29.556119530585146,59.48057114208807,4.680745071170747,0.03777810898065273,nan
90.51,181.07421875,-188.43292236328125,-15.095267295837402,182.02923688449695,-188.45352584862948,-15.100253228482805,0.9552533697144855,0.4511332209036106,0.06945556660878949,3.6541631820778626e-05,29.455054928307298,59.89002441597637,nan,nan,nan
90.52,181.06585693359375,-188.44126892089844,-15.09671401977539,182.0208082186365,-188.46191724598154,-15.100221105931343,0.9551809303932012,0.4511834641826209,0.06947503438263748,3.578885931079681e-05,29.001910163196477,58.944267608487706,nan,1.7083799692813555,nan
90.53,181.05751037597656,-188.4496307373047,-15.098132133483887,182.01237449627928,-188.4703111252181,-15.101736413532512,0.9550948421598757,0.4512337946491994,0.06949456706699904,3.6503263899757494e-05,28.899453344626064,58.19179191387635,nan,nan,nan
90.54,181.0491485595703,-188.45797729492188,-15.099632263183594,182.00394148299142,-188.47870472182362,-15.102993700622363,0.9550237966159015,0.45128421242138494,0.06951416480001121,3.5752978088936855e-05,28.743944685742274,58.7131655575677,nan,0.055249161468893984,nan
90.55,181.04080200195312,-188.46632385253906,-15.101214408874512,181.99462571758932,-188.48546566942937,-15.104557114008836,0.9540216262441356,0.45121803521439846,0.06950899419336037,3.6444349166762464e-05,28.882100014635874,59.07401329213991,0.32729609443020924,nan,nan
90.56,181.03244018554688,-188.47467041015625,-15.102875709533691,181.98619412138007,-188.49385310519773,-15.105274916559129,0.9539498425497581,0.4512682354378119,0.0695285992698452,3.569735511387534e-05,28.621983861974577,58.31815951921163,nan,0.6590878012260952,nan
90.57000000000001,181.0240936279297,-188.4830322265625,-15.10461711883545,181.97775979664445,-188.50224197902008,-15.107049430635714,0.9538627218217867,0.45131852275457035,0.0695482694569447,3.640994785934934e-05,28.510285198714005,57.560675140035265,nan,nan,nan
90.58,181.01573181152344,-188.4913787841797,-15.106436729431152,181.9693194878168,-188.51063373533412,-15.111016620991174,0.9537930514158809,0.45136889728706786,0.06956800489395445,3.566523367695056e-05,28.821998543603524,58.551780431966236,nan,3.0335254095081323,nan
90.59,181.00738525390625,-188.49972534179688,-15.108333587646484,181.96088456386957,-188.51902292869917,-15.11297057753542,0.9537058417751297,0.45141935920090365,0.0695878057303182,3.637744380716152e-05,28.71048214465014,58.97383340551797,nan,nan,nan
90.60000000000001,180.9990234375,-188.50808715820312,-15.110307693481445,181.92622034386898,-188.51962697733532,-15.113615889301641,0.9272746166942075,0.45135310183921595,0.06958257424080246,3.5613372017190964e-05,27.943621074580907,57.012189142296535,6.712790393803495,1.0832969312593075,nan
90.61,180.9906768798828,-188.5164337158203,-15.112356185913086,181.91774054650818,-188.52800823287726,-15.115709571934392,0.927141982988468,0.4514033459434516,0.06960238158863243,3.632436507194466e-05,27.832207230778902,58.64956042812372,nan,nan,nan
90.62,180.98231506347656,-188.5247802734375,-15.114480018615723,181.909263738151,-188.53638806726025,-15.116636979232029,0.9270238609859095,0.4514536771727213,0.0696222543838914,3.55848032615486e-05,27.541072543785752,57.78033891814521,nan,1.0536787285892606,nan
90.63,180.97396850585938,-188.53314208984375,-15.116678237915039,181.90078389460163,-188.5447692989942,-15.118869794403249,0.9268909103675188,0.45150409568896743,0.0696421927750596,3.629551522990058e-05,27.432173428479956,57.05133140719341,nan,nan,nan
90.64,180.96560668945312,-188.54148864746094,-15.118948936462402,181.8923020037872,-188.55315139085792,-15.122062607804576,0.9267739315180855,0.4515546016200631,0.06966219690286696,3.555793200227642e-05,27.461128360834063,57.686981241422394,nan,0.5361000913486061,nan
90.65,180.95726013183594,-188.54983520507812,-15.121291160583496,181.87926649860307,-188.5657457140326,-15.124412091635365,0.9221489168593945,0.4514882640874685,0.06965690056496616,3.6246077214729095e-05,26.51805294504092,58.29641441127293,3.1538619859428922,nan,nan
90.66,180.9488983154297,-188.5581817626953,-15.123705863952637,181.8707756878529,-188.57414630292067,-15.12660965579378,0.9220201669907155,0.45153855194885867,0.06967691035547534,3.5511267691659095e-05,26.376332414517794,57.54939753088364,nan,0.047818786208731326,nan
90.67,180.9405517578125,-188.56654357910156,-15.126190185546875,181.862284470641,-188.5825472317733,-15.1291406023478,0.9218763560024186,0.45158892700255393,0.06969698593487186,3.6220664071261565e-05,26.270547041815398,56.845316091918434,nan,nan,nan
90.68,180.93218994140625,-188.57489013671875,-15.128744125366211,181.80981074812192,-188.5566580826835,-15.129804097676725,0.8778108063335202,0.44334562601794286,0.06467754867608351,3.5487575313221956e-05,37.98169174336792,69.1411929048469,nan,2.5907893987630093,0.23328736163177657
90.69,180.92384338378906,-188.58323669433594,-15.13134765625,181.80132789894955,-188.56502870564728,-15.132447866760023,0.8776740942181737,0.44339931348310735,0.06468891009481564,3.61968149636381e-05,37.82461976790916,69.61507225447711,nan,nan,nan
90.7,180.91549682617188,-188.5915985107422,-15.133950233459473,181.76744881696598,-188.5749619449118,-15.13322222855649,0.8521147222832195,0.44332828997661816,0.0646837105744802,3.544413899841608e-05,35.356288905143785,68.64825303848673,20.82765182498167,2.462454039380217,nan
90.71000000000001,180.90713500976562,-188.59994506835938,-15.136527061462402,181.75893360650096,-188.5833741456406,-15.135859622692461,0.851960028613168,0.4433817462743789,0.06469511468127184,3.6152382541038406e-05,35.19575539158799,69.11003628366457,nan,nan,nan
90.72,180.89878845214844,-188.60829162597656,-15.13906478881836,181.7504174748659,-188.5917854504349,-15.138413516160776,0.8517892170729845,0.44343528867685794,0.06470657678954263,3.5423568542483007e-05,35.0369090096002,69.59868521800584,nan,0.0018722669414992052,nan
90.73,180.8904266357422,-188.61663818359375,-15.141558647155762,181.7419023704431,-188.60019767255667,-15.140978634683282,0.8516346362156199,0.4434889184141268,0.06471809792770432,3.613173617926385e-05,34.877536962169344,68.83996964028036,nan,nan,nan
90.74,180.882080078125,-188.625,-15.14400577545166,181.73336405898604,-188.60858863568626,-15.142274204870406,0.8514439190492449,0.44354263456212906,0.06472967737350951,3.540444938696089e-05,34.79870049061244,68.12365367405972,nan,1.0354657251692414,nan
90.75,180.87371826171875,-188.6333465576172,-15.146406173706055,181.69872153506347,-188.61101681915838,-15.144741513072855,0.8253070879037482,0.44347150562982957,0.0647245785996834,3.609039127726712e-05,33.8660792455472,69.00113513682619,6.049871312708757,nan,nan
90.76,180.86537170410156,-188.64169311523438,-15.148759841918945,181.6901659396496,-188.61943186114985,-15.147158425660363,0.825096151342815,0.443524990781236,0.06473620073869671,3.681194544456638e-05,33.70255536812327,69.45813537554397,nan,nan,nan
90.77,180.85702514648438,-188.65003967285156,-15.151066780090332,181.68161032808766,-188.62784677803026,-15.149529481157876,0.8248852099463753,0.4435785626352759,0.06474788173143385,3.754795865439259e-05,33.54005482227684,69.30677785570248,nan,nan,nan
90.78,180.84866333007812,-188.6584014892578,-15.153326988220215,181.67299990869495,-188.6362128483585,-15.148889642490552,0.8246470885583556,0.44363222080396,0.06475962129930758,3.673534072169071e-05,33.86205785413006,67.82966431762243,nan,5.626402206572009,nan
90.79,180.84031677246094,-188.666748046875,-15.155543327331543,181.66444417636768,-188.644627542174,-15.151141825496389,0.8244359695068506,0.44368596649703057,0.06477142043219242,3.746961427628926e-05,33.68856625001792,69.48027777720651,nan,nan,nan
90.8,180.8319549560547,-188.6750946044922,-15.157715797424316,181.6492875588306,-188.65264989695518,-15.151143729888869,0.8176671330856763,0.4436147316873325,0.06476641739400113,3.66388283883803e-05,33.838360847526175,69.56057031815534,1.7017258359278027,3.576786696483887,nan
90.81,180.8236083984375,-188.68344116210938,-15.159844398498535,181.64072264958287,-188.66107079019184,-15.153289327488332,0.8174466966845824,0.4436682455059136,0.06477825834785608,3.7370546386116225e-05,33.65595818653049,70.03645573214855,nan,nan,nan
90.82000000000001,180.8152618408203,-188.69178771972656,-15.161931037902832,181.63215060186414,-188.66948506026245,-15.154991353278554,0.8172226231337312,0.44372184558789685,0.06479015817580004,3.656808476601333e-05,33.67044500908064,70.03243082748446,nan,0.1041838197539109,nan
90.83,180.80690002441406,-188.7001495361328,-15.163975715637207,181.62358569391236,-188.67790540353283,-15.157050121198779,0.8170178994718137,0.443775533065953,0.06480211779283475,3.729828143671335e-05,33.49141177441813,68.0257104798875,nan,nan,nan
90.84,180.79855346679688,-188.70849609375,-15.165979385375977,181.61500333344048,-188.68631039119478,-15.158083834532636,0.8167894036184328,0.44382930711520185,0.06481413659038522,3.650015478520214e-05,33.76198594514382,70.2018612228462,nan,0.6288166354918343,nan
90.85000000000001,180.7902069091797,-188.7168426513672,-15.167943954467773,181.5778770852445,-188.69351608501717,-15.16007955608329,0.7880547466525386,0.4437579680732184,0.06480922587862213,3.720544044375839e-05,31.790659094686585,70.76491092438799,15.154542437829061,nan,nan
90.86,180.78184509277344,-188.72518920898438,-15.169868469238281,181.56926877444366,-188.70196359067623,-15.16184936010335,0.7878069496470543,0.4438115099162983,0.0648212860412224,3.6412494340927035e-05,31.74480192292708,70.11498128132035,nan,0.017098767416614594,nan
90.87,180.77352905273438,-188.73355102539062,-15.17175579071045,181.56068025041628,-188.71041353973527,-15.163741778178078,0.7875319521463131,0.44386513902829305,0.0648334062154921,3.713902532395725e-05,31.55987482208572,69.13895385114252,nan,nan,nan
90.88,180.7653045654297,-188.7418975830078,-15.173604965209961,181.5521601637179,-188.7188650944811,-15.165700507536265,0.7872323091288558,0.44391885465715286,0.06484558586183939,3.635011570410787e-05,31.39739222779632,69.96445355470482,nan,0.006984899099500627,nan
90.89,180.75721740722656,-188.750244140625,-15.175416946411133,181.54375299019358,-188.72731517747442,-15.167520557196001,0.7869093426736439,0.44397265782599404,0.06485782579258358,3.707541268817377e-05,31.20737525774816,70.10699032451538,nan,nan,nan
90.9,180.749267578125,-188.7585906982422,-15.177192687988281,181.56600996152116,-188.7415246314819,-15.169914621163956,0.8169530841651846,0.4439012142332969,0.06485300240274101,3.626810596867656e-05,32.00759997903188,68.91816831662976,10.126319568920557,0.13347209408293814,nan
90.91,180.74148559570312,-188.76695251464844,-15.178934097290039,181.5579335339303,-188.7499658895246,-15.17167188706354,0.8166569175399748,0.4439547848307216,0.06486528318108288,3.699135040172105e-05,31.822585540221628,68.25202744083239,nan,nan,nan
90.92,180.7338409423828,-188.77529907226562,-15.18064022064209,181.5499942424343,-188.7583963491903,-15.172602490536525,0.8163678805156162,0.4440084418884261,0.0648776237169065,3.621104686761261e-05,32.02949149920449,69.22658007736908,nan,0.4137782119814364,nan
90.93,180.72633361816406,-188.78366088867188,-15.18231201171875,181.54221832255084,-188.76683860742241,-15.174284486220987,0.8160975929166491,0.44406218636101824,0.06489002475922419,3.693323678169448e-05,31.842882869331106,67.38130827653383,nan,nan,nan
90.94,180.718994140625,-188.79200744628906,-15.183951377868652,181.534617757945,-188.77530432070867,-15.1775722752784,0.8158195710352707,0.4441160175994929,0.06490248586272852,3.6156534320858416e-05,31.07271773476015,68.72422226244605,nan,1.7738929630402842,nan
90.95,180.7117919921875,-188.8003692626953,-15.18555736541748,181.54927352702805,-188.79004081696843,-15.179093944908022,0.8375701605207155,0.4440444709144615,0.06489774608433305,3.685474396296468e-05,31.42125852320013,66.75467889292706,4.453866584214006,nan,nan
90.96000000000001,180.70472717285156,-188.8087158203125,-15.187131881713867,181.5419773499747,-188.79849295354728,-15.180920675947705,0.8373356227789999,0.44409806925276246,0.06491024752449927,3.608245772737072e-05,31.208315545169548,67.66062022140143,nan,0.034107167471163796,nan
90.97,180.69781494140625,-188.81707763671875,-15.188674926757812,181.53481929776768,-188.80694306573804,-15.182492258779599,0.8370885421986786,0.4441517548820659,0.06492280969158469,3.680187464863551e-05,31.031603901025083,66.80841096842066,nan,nan,nan
90.98,180.6910400390625,-188.825439453125,-15.190187454223633,181.52781326365505,-188.81540538141311,-15.184880386657529,0.8368502117800303,0.4442055272175195,0.06493543219815366,3.6032915944123936e-05,30.62892205392203,66.50161940801932,nan,0.476919107765152,nan
90.99,180.68438720703125,-188.8337860107422,-15.191670417785645,181.52093024342605,-188.82385777797074,-15.186400829914309,0.8366185451583839,0.4442593871172448,0.06494811570699817,3.6751511196900234e-05,30.455907737892602,67.18151412482699,nan,nan,nan
91.0,180.67787170410156,-188.84214782714844,-15.193122863769531,181.56105417982678,-188.84531875912032,-15.19190850921656,0.8831890029289771,0.4441877371884984,0.06494345457064502,3.596384685909338e-05,30.621242772922823,64.99049927456257,17.566483120686566,10.587753305332402,nan
91.01,180.67149353027344,-188.8505096435547,-15.194546699523926,181.55451090765317,-188.85378118876508,-15.193412108032728,0.8830241667477124,0.4442413638299926,0.06495617785016342,3.6680796528606034e-05,30.471312594034405,65.24779483973819,nan,nan,nan
91.02,180.6652374267578,-188.85888671875,-15.195941925048828,181.5480994124687,-188.86224828948764,-15.195123386539334,0.882868764866268,0.44429507711564403,0.06496896174151769,3.5919027282270924e-05,30.31427022956571,63.83560885897912,nan,0.03704178599967708,nan
91.03,180.6591033935547,-188.86724853515625,-15.197309494018555,181.54181003901016,-188.87071429451305,-15.196574902480052,0.8827137548740805,0.4443488778437669,0.06498180685482008,3.663530026581262e-05,30.167576898932534,65.00739482860779,nan,nan,nan
91.04,180.65309143066406,-188.8756103515625,-15.198650360107422,181.5356599440187,-188.8791957218047,-15.199111920073616,0.8825759166680213,0.4444027655194567,0.06499471288116412,3.587646239489458e-05,30.016369418722068,64.97417848472578,nan,0.8301829155876692,nan
91.05,180.64720153808594,-188.8839874267578,-15.19996452331543,181.5244666491532,-188.885130674114,-15.200489974783707,0.8772660133674475,0.44433101364027927,0.06499012641586711,3.6569467802631486e-05,30.029821542494794,63.83124600595572,0.4113015106502322,nan,nan
91.06,180.6412811279297,-188.89234924316406,-15.201361656188965,181.518472082581,-188.89360910980946,-15.203002766563271,0.8771933945426909,0.44438466773187196,0.06500307164865264,3.5814357946899924e-05,29.960574636519272,65.23703264209254,nan,0.7766940687124047,nan
91.07000000000001,180.6353302001953,-188.90072631835938,-15.202841758728027,181.51243185167348,-188.90207674843268,-15.204536810568287,0.8771043289642678,0.4444384091453265,0.06501607832119663,3.652857490185699e-05,29.830003379685856,63.99856689610346,nan,nan,nan
91.08,180.6293487548828,-188.9091033935547,-15.2044038772583,181.50637180986956,-188.9105547300963,-15.206889112735741,0.877027777069477,0.4444922374412518,0.06502914617234744,3.577615099043571e-05,29.790221454970645,64.0926063197575,nan,0.36471079146498864,nan
91.09,180.6233367919922,-188.91748046875,-15.206047058105469,181.50027198036778,-188.91902599769688,-15.208595985549568,0.8769402546936624,0.4445461533344822,0.06504227574100901,3.6489876143771366e-05,29.66216895883858,64.04569409985818,nan,nan,nan
91.10000000000001,180.61729431152344,-188.9258575439453,-15.207770347595215,181.4887885403998,-188.93612120149146,-15.21170495767235,0.871563546040968,0.44447429949887096,0.0650377589990825,3.571839710627246e-05,28.043782446125594,64.750797835508,14.794771135578488,1.0218869721721182,nan
91.11,180.61123657226562,-188.93423461914062,-15.209571838378906,181.48262884200284,-188.9446430777216,-15.213587832824881,0.8714636836834886,0.4445279814570907,0.0650509271608653,3.643079969988251e-05,27.91917812643419,65.3076900126232,nan,nan,nan
91.12,180.60513305664062,-188.942626953125,-15.21145248413086,181.47643843633364,-188.95316510847758,-15.21540601116824,0.8713780739588616,0.44458175023048224,0.06506415676110809,3.568429633841238e-05,27.784512698442544,63.35326606934288,nan,0.014146486063813251,nan
91.13,180.59901428222656,-188.9510040283203,-15.213409423828125,181.47022167157553,-188.96169040803287,-15.217445821169491,0.8712822771473672,0.4446356064825816,0.0650774482956244,3.639632207781651e-05,27.661124092393397,65.14441705495034,nan,nan,nan
91.14,180.59286499023438,-188.9593963623047,-15.215442657470703,181.4639652490038,-188.97020761676853,-15.218660123834452,0.8711732870910521,0.4446895498511408,0.06509080156755426,3.565215121690182e-05,27.373833019544854,63.578687618526274,nan,0.5548297196378664,nan
91.15,180.586669921875,-188.9677734375,-15.217551231384277,181.43061424207934,-188.9642424906344,-15.220871104146907,0.8439582363755326,0.44461759520891353,0.06508635035552172,3.634144370711485e-05,27.93570103729568,64.14359320533309,11.878951986456574,nan,nan
91.16,180.58047485351562,-188.97616577148438,-15.219734191894531,181.4242738251284,-188.9727407170068,-15.223746564048739,0.8438154624224843,0.44467130431952656,0.06509974160482387,3.560039241435875e-05,27.95469299618507,64.05679955493889,nan,0.25660517972030583,nan
91.17,180.57423400878906,-188.98455810546875,-15.221991539001465,181.41789865789644,-188.98123385516155,-15.22608969546956,0.843681151668107,0.444725100791369,0.06511319500310042,3.6310926427353285e-05,27.83662149942432,63.24705951076954,nan,nan,nan
91.18,180.56797790527344,-188.99295043945312,-15.224320411682129,181.41149787729447,-188.98972909436895,-15.228590106040802,0.8435369289796525,0.44477898430939194,0.06512671039219861,3.557199166268943e-05,27.757819807381384,63.75013370355584,nan,0.004732734307220213,nan
91.19,180.5616912841797,-189.0013427734375,-15.22672176361084,181.4050697848907,-188.99822480645472,-15.231081429004474,0.8433955322753542,0.4448329554661655,0.06514028821016704,3.628229229077835e-05,27.641041597974812,63.527551209198734,nan,nan,nan
91.2,180.5553741455078,-189.00973510742188,-15.229194641113281,181.38637353442766,-189.00261529392105,-15.232781726563887,0.8310376305026624,0.4447609001354793,0.06513589759107945,3.552394060175232e-05,27.295165920921303,63.154644930439744,2.680337932792348,0.3168932878717304,nan
91.21000000000001,180.54904174804688,-189.01812744140625,-15.231720924377441,181.37987344746713,-189.0111079025317,-15.235398582820876,0.830869491472152,0.4448146366904187,0.06514951272699827,3.6233169662658546e-05,27.178437078509,63.56190859820538,nan,nan,nan
91.22,180.5426788330078,-189.02651977539062,-15.234249114990234,181.37334334222265,-189.01959793232916,-15.23764919736451,0.8307003065731063,0.4448684602191591,0.06516319010167802,3.549903955226306e-05,27.003739204281104,63.24270804985103,nan,0.10723941486618192,nan
91.23,180.53628540039062,-189.034912109375,-15.236753463745117,181.36679293548582,-189.0280927205201,-15.240281236865446,0.8305430242301944,0.44492237127104245,0.06517693011857557,3.6208124523974265e-05,26.89547344746013,62.93956188896306,nan,nan,nan
91.24,180.52987670898438,-189.04330444335938,-15.239221572875977,181.3602027083203,-189.036576630732,-15.241574096281484,0.8303565878598805,0.4449763695960212,0.0651907326711953,3.5475801302938047e-05,26.581239537235874,63.034073441144415,nan,1.1782173972733403,nan
91.25,180.5234375,-189.0517120361328,-15.241646766662598,181.35989137910948,-189.03736402878624,-15.244050597173452,0.8365803820274811,0.44490421460404267,0.06518639826431326,3.6162543585692155e-05,28.154289724850734,61.17726833812007,11.766867350406372,nan,nan
91.26,180.51698303222656,-189.0601043701172,-15.244026184082031,181.35327813121492,-189.04582443770488,-15.247096690805096,0.836422642611488,0.4449579780072727,0.06520023746944295,3.5432811310078813e-05,28.13465008118017,62.76627205129643,nan,0.20043327213199674,nan
91.27,180.510498046875,-189.06851196289062,-15.246360778808594,181.34663520639674,-189.05428096938886,-15.24956426800451,0.8362643918355968,0.445011828819047,0.06521413952787486,3.614083872013824e-05,28.02986981393369,61.19139967556812,nan,nan,nan
91.28,180.50399780273438,-189.076904296875,-15.248649597167969,181.33998110320857,-189.0627481837261,-15.25312591334077,0.8361151305996655,0.4450657668287366,0.065228104363875,3.541272682988469e-05,28.186461096015954,62.93708484936311,nan,0.8938726985519393,nan
91.29,180.49746704101562,-189.08531188964844,-15.250892639160156,181.3332912112566,-189.07120649112184,-15.255515885952585,0.8359559678819962,0.44511979252642375,0.06524213233495543,3.6120718552572796e-05,28.090383118191312,61.39806737683258,nan,nan,nan
91.3,180.49090576171875,-189.0937042236328,-15.253091812133789,181.3469927762576,-189.08323102665432,-15.257869641137871,0.8561644070895337,0.4450475380953253,0.06523784920558118,3.5372836473599085e-05,28.8044652826072,62.04003649918194,4.343263966879569,0.006370377507448491,nan
91.31,180.4843292236328,-189.10211181640625,-15.255247116088867,181.34028900369063,-189.0916854108728,-15.260173957430652,0.8560374575768165,0.44510132853423084,0.06525191312490987,3.607994696210737e-05,28.710738090730633,61.078784859878624,nan,nan,nan
91.32000000000001,180.4777374267578,-189.1105194091797,-15.257359504699707,181.33356063096474,-189.1001391628529,-15.262240018039018,0.8559000676383153,0.44515520609390613,0.06526604005843045,3.5355675684190215e-05,28.590384439986032,61.276213519626324,nan,0.026608947720999716,nan
91.33,180.4711151123047,-189.11892700195312,-15.259429931640625,181.3268122788582,-189.1085953699815,-15.264458961068504,0.8557743128909,0.44520917122866055,0.06528023033645712,3.606281830070891e-05,28.49758791185426,60.88155719634064,nan,nan,nan
91.34,180.4644775390625,-189.12733459472656,-15.261458396911621,181.32004788593014,-189.1170568728978,-15.267210054213491,0.8556514077396918,0.4452632237816525,0.06529448392390778,3.533990091215002e-05,28.611923091321486,61.310405774166604,nan,0.22713862474874635,nan
91.35000000000001,180.45782470703125,-189.13572692871094,-15.263446807861328,181.34514189251112,-189.13244489406287,-15.269326061919456,0.8873427325603304,0.44519087083542513,0.06529024753634091,3.602497750286813e-05,29.483187888028727,62.322406391988864,8.548624685319178,nan,nan
91.36,180.45114135742188,-189.14413452148438,-15.265396118164062,181.33835891018558,-189.14088541342272,-15.269346589269809,0.8872322970097315,0.4452446878128684,0.06530453635876352,3.53041996928734e-05,28.84637729293848,60.15900356613722,nan,3.013283122012632,nan
91.37,180.44442749023438,-189.1525421142578,-15.267306327819824,181.33157528007501,-189.14934224449934,-15.27139238127404,0.8871629703828006,0.4452985922533447,0.06531888873265897,3.601061011592438e-05,28.74956276043469,59.77837715343771,nan,nan,nan
91.38,180.4376983642578,-189.1609649658203,-15.26917839050293,181.32477145711772,-189.15780023055413,-15.273462744977083,0.887089084206658,0.4453525840323309,0.06533330464685987,3.5291028172770545e-05,28.69008569579943,58.768174279099156,nan,0.002664153048047887,nan
91.39,180.4309539794922,-189.16937255859375,-15.271012306213379,181.31794642068357,-189.1662584877452,-15.27543524029681,0.8870089348556769,0.44540666355555686,0.06534778439593261,3.59975500303225e-05,28.595017202456706,60.1070434409853,nan,nan,nan
91.4,180.42425537109375,-189.1777801513672,-15.272810935974121,181.32587496172434,-189.1860664828225,-15.27670194436261,0.9016660631542789,0.44533421240176163,0.06534358981173952,3.5257867670586196e-05,27.563030258195027,59.978845794479696,9.042715771840985,0.503464908596147,nan
91.41,180.4176483154297,-189.18618774414062,-15.27457332611084,181.3191586576088,-189.19456159016207,-15.278598731094254,0.9015582189955145,0.44538805601905307,0.06535810404797879,3.5963648545509466e-05,27.463076236549576,60.022268248801154,nan,nan,nan
91.42,180.41114807128906,-189.19459533691406,-15.276300430297852,181.31252719753797,-189.20304687103837,-15.278860243928083,0.9014223817457209,0.44544198689331627,0.06537268205042558,3.5247089088562865e-05,27.077225039297605,59.579078464649854,nan,1.7834588338815482,nan
91.43,180.40476989746094,-189.20301818847656,-15.277993202209473,181.30602395938666,-189.2115436962419,-15.28067277585054,0.9012983682084286,0.4454960054012321,0.06538732409275716,3.595303159832523e-05,26.972080641775502,58.429324740169164,nan,nan,nan
91.44,180.3985137939453,-189.21142578125,-15.279651641845703,181.29964939520752,-189.22004787647555,-15.283457287749195,0.9011848840992778,0.4455501114619526,0.06540203019505736,3.52374426827773e-05,27.06235047770107,59.81980112234176,nan,0.703358645969449,nan
91.45,180.39236450195312,-189.21983337402344,-15.281277656555176,181.26183031182754,-189.21248990488758,-15.285271707552512,0.8695059939545484,0.4454775629391769,0.06539787275291661,3.592150740186307e-05,27.583700075803726,59.34048324683779,13.817112308084301,nan,nan
91.46000000000001,180.3863525390625,-189.22825622558594,-15.28287124633789,181.2556253286042,-189.22094473787567,-15.285938104306087,0.8693089474450019,0.4455314327804918,0.0654126125831441,3.520767945309657e-05,27.28849474908695,58.49529396508379,nan,0.7843224629765836,nan
91.47,180.3804473876953,-189.23667907714844,-15.284433364868164,181.24954905429402,-189.22940718140018,-15.287623211911306,0.8691379421453111,0.4455853901455923,0.06542741665562544,3.591312604864538e-05,27.187540655372956,58.0219172121508,nan,nan,nan
91.48,180.37466430664062,-189.24508666992188,-15.285964012145996,181.24358231331553,-189.23786473342287,-15.288228901637414,0.8689509700869728,0.44563943497961833,0.06544228500857634,3.52001373755552e-05,26.930527326065683,59.19579909256845,nan,0.7678074432877918,nan
91.49,180.36900329589844,-189.25350952148438,-15.287464141845703,181.23774028718657,-189.2463298053322,-15.289842956637509,0.8687699160975784,0.44569356762019174,0.06545721788854768,3.5905801292870166e-05,26.825264233957853,58.21749914982162,nan,nan,nan
91.5,180.3634490966797,-189.26193237304688,-15.288934707641602,181.26775444413985,-189.26343674644338,-15.291100135204976,0.9043091914057384,0.44562092210457066,0.06545309264272077,3.5172414352480354e-05,27.592804403462804,57.67033400226689,10.291115339617514,0.05903879944181246,nan
91.51,180.35800170898438,-189.27035522460938,-15.290375709533691,181.26219533632536,-189.27190616988273,-15.292652473265097,0.9041978239347748,0.44567481820176846,0.06546805846060273,3.5877437068952755e-05,27.488204765409588,57.52460205071068,nan,nan,nan
91.52,180.35267639160156,-189.27877807617188,-15.291788101196289,181.25675582243647,-189.28038418184028,-15.295470265804232,0.9040883558427221,0.44572880168236767,0.06548308877470979,3.516678922286268e-05,27.61299816805118,58.195038220698116,nan,1.1701486019711147,nan
91.53,180.34744262695312,-189.28720092773438,-15.293172836303711,181.25141374928373,-189.28885680838656,-15.296979810193145,0.9039806552125874,0.4457828728608685,0.06549818381597582,3.587206534120617e-05,27.51637291200583,57.69535743567005,nan,nan,nan
91.54,180.34231567382812,-189.29563903808594,-15.29452896118164,181.24618884048328,-189.29733967533477,-15.30005837117716,0.9038916793184772,0.4458370317171732,0.0655133436460031,3.516206968606472e-05,27.869190491428572,57.129061034857955,nan,1.7815373600615694,nan
91.55,180.33729553222656,-189.30406188964844,-15.295859336853027,181.2612880041344,-189.31001426716767,-15.301451490465283,0.924028566183162,0.4457642899777344,0.06550924583597174,3.5845589222080286e-05,28.40544964456304,58.28255353109912,3.698741884757666,nan,nan
91.56,180.33236694335938,-189.31248474121094,-15.297162055969238,181.25628093087968,-189.31848570637817,-15.301961906470117,0.9239459434855726,0.4458182119806468,0.06552443780058594,3.51370427948345e-05,28.074507823052798,57.8308583719025,nan,0.6121020211211667,nan
91.57000000000001,180.32754516601562,-189.3209228515625,-15.298439025878906,181.25137981622473,-189.3269636845762,-15.303372665387277,0.9238675735132562,0.4458722215733769,0.06553969468968503,3.584198795944974e-05,27.98578361515989,56.957541956477364,nan,nan,nan
91.58,180.32281494140625,-189.32936096191406,-15.299691200256348,181.24657054205292,-189.33544003184844,-15.304003003187221,0.9237856658672915,0.4459263187562958,0.06555501657822312,3.5133986964711093e-05,27.724154212483914,56.65748961136418,nan,0.4000870749534336,nan
91.59,180.31817626953125,-189.33779907226562,-15.300917625427246,181.24186164128815,-189.34392207638695,-15.305357281985101,0.9237163350983407,0.4459805038131426,0.06557040367714144,3.5839222498032965e-05,27.633640781534776,56.6420742536412,nan,nan,nan
91.60000000000001,180.3136444091797,-189.3462371826172,-15.302120208740234,181.2453557069232,-189.35702316761885,-15.306764785423827,0.9317853035479317,0.4459076662797575,0.06556632834856195,3.5110562932485424e-05,27.445699034115346,57.142378711723126,1.2397555483188747,0.01280686222892808,nan
91.61,180.30918884277344,-189.35467529296875,-15.303298950195312,181.24084599631502,-189.3655209521536,-15.308072345086709,0.931732507411403,0.4459616141654154,0.0655817467512093,3.5815225113054684e-05,27.356629110259068,56.724571950654855,nan,nan,nan
91.62,180.3046875,-189.3631134033203,-15.30456256866455,181.23635075930295,-189.3740162007795,-15.308367165256081,0.9317348199367983,0.4460156495521694,0.06559723035944838,3.5109007833937436e-05,27.02595290019094,56.652049964437175,nan,0.7655970143674355,nan
91.63,180.30014038085938,-189.37156677246094,-15.30591106414795,181.23181469844067,-189.38251801094611,-15.309782364777105,0.93174672021612,0.4460697727057476,0.0656127793729115,3.581398542809541e-05,26.927641412170615,55.56540330596493,nan,nan,nan
91.64,180.29554748535156,-189.3800048828125,-15.307343482971191,181.2272252406191,-189.3910174882302,-15.310268179136104,0.9317474287520795,0.4461239836536001,0.06562839388350575,3.510816114833823e-05,26.646145866458784,56.60520470815087,nan,0.7219373462288289,nan
91.65,180.29090881347656,-189.38845825195312,-15.308857917785645,181.2512068130365,-189.40880662947714,-15.3119173063309,0.9605184351614265,0.446051051039548,0.0656243362002875,3.579145401660081e-05,26.938261128839194,55.60217265407508,6.910217055935811,nan,nan
91.66,180.28622436523438,-189.39691162109375,-15.310453414916992,181.24658419313116,-189.4173297014669,-15.314501664082377,0.9605853868164789,0.4461050245098081,0.06563998116907639,3.5086827303114614e-05,27.039764911354094,55.878967111571754,nan,0.6021164648068364,nan
91.67,180.281494140625,-189.40536499023438,-15.312129974365234,181.2419106668786,-189.42585093533515,-15.31625145029239,0.9606438280713169,0.44615908564019363,0.06565569173497166,3.5791583236378786e-05,26.94338076197484,55.85293307970316,nan,nan,nan
91.68,180.27671813964844,-189.413818359375,-15.313886642456055,181.2376020971915,-189.4322868210619,-15.318495119732598,0.9610724748964203,0.446169310398172,0.06451548223077332,3.508718592117487e-05,37.38121671042465,66.34870990226227,nan,0.11940851419230016,0.0037733649394969234
91.69,180.2718963623047,-189.42227172851562,-15.31572151184082,181.23284119305782,-189.4408074774982,-15.320410332644594,0.9611350200580803,0.44622324754025566,0.0645271566323261,3.5792277995265864e-05,37.24407765969896,66.34117088054379,nan,nan,nan
91.7,180.2670440673828,-189.43072509765625,-15.317634582519531,181.26978567617013,-189.46531276959016,-15.32229073766953,1.0033487533375256,0.44615123029016013,0.06452190833348748,3.506708449748692e-05,37.24634998223896,66.99139768990467,15.916395770600845,0.006642287321936831,nan
91.71000000000001,180.2621307373047,-189.43919372558594,-15.319623947143555,181.26500829275759,-189.47386440337425,-15.32436237970898,1.0034878673270833,0.446204933588481,0.06453362378843654,3.577164663542799e-05,37.11374459429822,65.38522599947346,nan,nan,nan
91.72,180.25718688964844,-189.44764709472656,-15.32168960571289,181.26018831887953,-189.48241846638646,-15.326586532088507,1.0036159102040234,0.44625872351094537,0.06454539753467455,3.5068670096707435e-05,37.02389738121167,66.92921425103829,nan,0.003974666172722101,nan
91.73,180.252197265625,-189.4561004638672,-15.323830604553223,181.2553257925302,-189.49097315018972,-15.328812844012319,1.0037468647285261,0.4463126002434533,0.06455723010971957,3.5773586931255555e-05,36.88845984393854,66.83384413322982,nan,nan,nan
91.74,180.24716186523438,-189.46456909179688,-15.326045989990234,181.2504174457192,-189.4995158409436,-15.32994081678126,1.0038716076897412,0.44636656389111307,0.0645691212751609,3.5070796658817204e-05,36.485181813825044,65.25787133675055,nan,0.9693508398687182,nan
91.75,180.24209594726562,-189.47303771972656,-15.32833480834961,181.21115123251514,-189.48977366165738,-15.332294160966002,0.96920787971181,0.4462944504718528,0.06456396839183312,3.5754065693878285e-05,37.39391878931597,65.16460938897265,20.523582896891497,nan,nan
91.76,180.2369842529297,-189.4814910888672,-15.330696105957031,181.2061017076682,-189.49827759875024,-15.334239769407823,0.9692693049630631,0.4463481799560933,0.0645759001978247,3.505227397815303e-05,37.169489303098054,66.0725168151959,nan,0.17117092676163376,nan
91.77,180.23182678222656,-189.48995971679688,-15.333120346069336,181.20101369139746,-189.50678824695177,-15.336742373212891,0.9693397667567585,0.4464019961574718,0.0645878910772551,3.5757036408277675e-05,37.037652224995874,64.75662662187277,nan,nan,nan
91.78,180.2266387939453,-189.49842834472656,-15.335551261901855,181.19588599698582,-189.5152998713063,-15.339260435344935,0.9694011280056429,0.44645589918807116,0.06459994083144434,3.505536527018188e-05,36.92227034392025,65.01817467454741,nan,0.000301361582426719,nan
91.79,180.22140502929688,-189.50689697265625,-15.33796215057373,181.19071931014898,-189.5238127798149,-15.341793236814894,0.969469440888905,0.44650988922306817,0.06461204993871056,3.576049411792563e-05,36.80006609965871,64.76391358330939,nan,nan,nan
91.8,180.2161407470703,-189.51536560058594,-15.340338706970215,181.1736507999127,-189.5293400130394,-15.343295576418567,0.9576165874579444,0.4464376801197931,0.06460698798303909,3.5037761328979714e-05,36.234809716062045,64.78668696635343,1.2573954633707427,0.7756157884989263,nan
91.81,180.21083068847656,-189.52383422851562,-15.34267520904541,181.16838854626016,-189.537854672887,-15.345756529590952,0.9576654522325576,0.4464914356706185,0.06461913727103369,3.574238529549827e-05,36.11108543458919,64.50894558353018,nan,nan,nan
91.82000000000001,180.2054901123047,-189.5323028564453,-15.344968795776367,181.1630892281829,-189.5463720986947,-15.348355724231684,0.9577084533367084,0.44654527796373544,0.06463134571281128,3.504170232868854e-05,36.032694983925566,64.69825739774589,nan,0.022565495810192755,nan
91.83,180.20010375976562,-189.540771484375,-15.34721851348877,181.15775226582818,-189.55488859232725,-15.350735076633171,0.9577590094157956,0.44659920716855467,0.06464361375058565,3.5746703230921886e-05,35.912102854534616,64.38853728970619,nan,nan,nan
91.84,180.19468688964844,-189.54925537109375,-15.3494234085083,181.1523786376626,-189.56340659450643,-15.353126190954804,0.9578034516205982,0.44665322340603697,0.06465594123949722,3.504604558999647e-05,35.82097876746063,63.44819688264823,nan,0.002118297332934239,nan
91.85000000000001,180.18923950195312,-189.55772399902344,-15.351585388183594,181.1052760364161,-189.54923270378262,-15.355433291544871,0.9160839704557963,0.4465809191666929,0.06465096633602135,3.5729411746482304e-05,37.035612343110145,64.67842861047664,30.93495560399531,nan,nan
91.86,180.18374633789062,-189.56619262695312,-15.353704452514648,181.09975267425048,-189.5576819555438,-15.356822009450093,0.9160511770313327,0.44663470060407773,0.06466333353790062,3.502959913129029e-05,36.761160882807445,64.14665204459062,nan,0.5255172178183861,nan
91.87,180.17822265625,-189.57467651367188,-15.355781555175781,181.0941960638166,-189.56614030001958,-15.359024111345063,0.9160189214657178,0.4466885688603608,0.06467576057622448,3.573448176578432e-05,36.643340955156546,63.15671313926894,nan,nan,nan
91.88,180.17266845703125,-189.58314514160156,-15.357817649841309,181.08860024471304,-189.57458412509655,-15.359554850372655,0.9159734431495468,0.44674252406122056,0.0646882473387565,3.503464514038469e-05,36.29753020094615,64.11401451418718,nan,1.8739918423625557,nan
91.89,180.1670684814453,-189.59161376953125,-15.359811782836914,181.08297385129566,-189.5830439588085,-15.361660167710133,0.9159473263802724,0.44679656636881177,0.06470079421906656,3.573990866390682e-05,36.17041854428187,63.74764840909464,nan,nan,nan
91.9,180.16143798828125,-189.60009765625,-15.361767768859863,181.0891022872099,-189.59582767603925,-15.363509764281309,0.9276757616677429,0.44672416749056043,0.0646959018374888,3.501886463680251e-05,36.15607221681688,62.57840219554335,1.2066249111103122,0.03369152820791244,nan
91.91,180.15577697753906,-189.6085662841797,-15.363683700561523,181.0834271733094,-189.60429550347024,-15.365535427653736,0.9276618749166188,0.4467779746820679,0.06470848792037683,3.572363526778443e-05,36.029063645640264,63.757991691302806,nan,nan,nan
91.92,180.15008544921875,-189.61705017089844,-15.365561485290527,181.07772160393333,-189.61277643237557,-15.3689546743074,0.9276522053584051,0.4468318687291837,0.06472113399534125,3.5024520054779326e-05,36.12854509485367,62.88056879037637,nan,1.4445994049768982,nan
91.93,180.14434814453125,-189.6255340576172,-15.367402076721191,181.07197982347978,-189.62124537462716,-15.370920026312744,0.9276482633843417,0.4468858497902598,0.06473384042665202,3.5729677777544724e-05,36.01416555104097,62.426860043863144,nan,nan,nan
91.94,180.1385955810547,-189.63400268554688,-15.369206428527832,181.06620469398752,-189.6297110088681,-15.372392633066983,0.9276245128197661,0.4469399179968339,0.06474660714578408,3.503046569781323e-05,35.82160294889441,63.894301202880406,nan,0.14702798880135667,nan
91.95,180.13279724121094,-189.64248657226562,-15.37097454071045,181.047874931082,-189.62910820889633,-15.37423348251996,0.9151812824833694,0.4468674250127521,0.0647417932031937,3.5713986702939144e-05,36.58116297870543,62.35872403404882,5.716094774680463,nan,nan
91.96000000000001,180.1269989013672,-189.65097045898438,-15.372706413269043,181.0420222877781,-189.63754532734194,-15.375559110988036,0.9151263135342602,0.44692125779115505,0.06475459860378802,3.501550420244066e-05,36.38387141138561,62.59189236871304,nan,0.19666505852579824,nan
91.97,180.12124633789062,-189.65945434570312,-15.374404907226562,181.03619151355832,-189.64598723362928,-15.37737375153053,0.9150490979295609,0.4469751774905341,0.0647674645967011,3.572055810495623e-05,36.26431949942995,62.272877384568574,nan,nan,nan
91.98,180.11557006835938,-189.6679229736328,-15.376069068908691,181.03043050683291,-189.65443980088565,-15.380434756125894,0.9149702055565551,0.4470291842454485,0.0647803911395673,3.5021943036569904e-05,36.42459644829512,63.3711741893769,nan,1.1546599339854497,nan
91.99,180.11000061035156,-189.67640686035156,-15.377700805664062,181.0247571342196,-189.66288270247583,-15.382196302765356,0.9148675370235813,0.4470832782096008,0.06479337855762309,3.572738266240034e-05,36.31085729164335,62.50003308557017,nan,nan,nan
92.0,180.1045379638672,-189.6848907470703,-15.37929916381836,180.9650000085102,-189.65379914019928,-15.381347580597584,0.8610260241713728,0.447010691623859,0.06478863847729464,3.500744716732166e-05,35.10459827737188,62.592681160434424,23.549563473216985,4.776181270623058,nan
92.01,180.0991668701172,-189.69337463378906,-15.380866050720215,180.9594416406635,-189.6622226918277,-15.383020638533907,0.8608413132367194,0.4470645498484662,0.06480166401709912,3.571239699059489e-05,34.980212637543964,62.03347768085815,nan,nan,nan
92.02,180.0939178466797,-189.7018585205078,-15.382401466369629,180.9539832218952,-189.67062375052478,-15.381543791642493,0.8606327881892523,0.4471184950378614,0.06481475036394939,3.501430522159201e-05,34.735732821617404,62.505325055860816,nan,6.8653723026586615,nan
92.03,180.08876037597656,-189.71034240722656,-15.383906364440918,180.9486338339642,-189.67904910972703,-15.383125329315318,0.8604430511288322,0.44717252734339635,0.06482789781987923,3.571964410938457e-05,34.597510104018816,62.03061243927106,nan,nan,nan
92.04,180.08370971679688,-189.7188262939453,-15.385381698608398,180.9433908192537,-189.68749328824134,-15.387129041468208,0.8602536883820292,0.44722664690325603,0.06484110637716568,3.5021365380824096e-05,34.53326027875616,62.21594251538591,nan,4.23867164078565,nan
92.05,180.07875061035156,-189.72732543945312,-15.386826515197754,180.93946793664142,-189.69826128692577,-15.388686371517995,0.861209904612823,0.4471539672383859,0.06483643589763997,3.570505703959249e-05,34.1369172538564,60.798598536149925,0.5695024048422834,nan,nan
92.06,180.0738983154297,-189.73580932617188,-15.388243675231934,180.93442450585633,-189.70669357361479,-15.389326187955787,0.8610192932164463,0.44720785075053604,0.06484968200384204,3.5007423679966773e-05,33.93971260791037,62.00303282336047,nan,0.5467332130525268,nan
92.07000000000001,180.0691375732422,-189.74429321289062,-15.389632225036621,180.929479888873,-189.71513306550273,-15.390809820051446,0.8608371512607357,0.4472618212854295,0.0648629894502782,3.571265883353966e-05,33.81197099239282,61.806636794066335,nan,nan,nan
92.08,180.06446838378906,-189.75279235839844,-15.390993118286133,180.9246302627109,-189.72356971784524,-15.391656999198187,0.8606583883336775,0.44731587898304004,0.06487635824967457,3.50148139068907e-05,33.65596837234329,60.550634644515796,nan,0.2619918653839866,nan
92.09,180.05990600585938,-189.7612762451172,-15.392327308654785,180.91987520258934,-189.7320117506727,-15.393080879303332,0.8604673136314892,0.44737002399196546,0.06488978867353028,3.5720433352291684e-05,33.52598556500923,62.09272085061372,nan,nan,nan
92.10000000000001,180.055419921875,-189.769775390625,-15.393633842468262,180.91654754801758,-189.73938633921205,-15.395448409255733,0.8616655822326624,0.4472972517554359,0.06488518316930107,3.5001183408146064e-05,33.84031966963674,60.61937533597995,0.40644753128461864,0.5994021652085959,nan
92.11,180.05104064941406,-189.7782745361328,-15.394915580749512,180.9119757710171,-189.74782451625663,-15.396831304112482,0.8614755697732209,0.44735116040975903,0.0648986505343009,3.570631049342264e-05,33.71907290064513,61.18869896788985,nan,nan,nan
92.12,180.04673767089844,-189.78675842285156,-15.396170616149902,180.90749281168576,-189.75626821459267,-15.39886148991158,0.8612991965589364,0.4474051561344862,0.06491217949900412,3.5008846510490774e-05,33.6914127863355,61.99398947066453,nan,0.3188645618804006,nan
92.13,180.04251098632812,-189.79525756835938,-15.397401809692383,180.90309566520423,-189.76470896871024,-15.400201881485188,0.8611312599475546,0.44745923907690016,0.06492577031701902,3.5714359487243796e-05,33.57613447496727,60.49787750347619,nan,nan,nan
92.14,180.0383758544922,-189.8037567138672,-15.398608207702637,180.89878369959388,-189.77315214442203,-15.401690093664294,0.8609574888486299,0.447513409379006,0.06493942302780568,3.5016644391358326e-05,33.49958051128496,60.81613358797316,nan,0.020769226935861102,nan
92.15,180.03433227539062,-189.812255859375,-15.399789810180664,180.891775750592,-189.76940113134287,-15.403025559384488,0.8585198372507243,0.4474405450859481,0.06493487808579124,3.570049573245574e-05,35.507440242388356,61.481805631285866,17.180173133111523,nan,nan
92.16,180.03036499023438,-189.82077026367188,-15.400948524475098,180.88761579959566,-189.77778108218234,-15.402301279135983,0.858329103445117,0.4474944787292728,0.06494856711486581,3.500336678390909e-05,35.142333990847085,60.01257681139861,nan,2.815880934077325,nan
92.17,180.02647399902344,-189.8292694091797,-15.402083396911621,180.88353740215427,-189.78617393737684,-15.40353187025686,0.8581474201739195,0.4475484994962906,0.06496231822322511,3.570876738853635e-05,35.022259070912426,60.95888517704536,nan,nan,nan
92.18,180.0226593017578,-189.8377685546875,-15.403196334838867,180.87953773722955,-189.79457247677234,-15.405473302242388,0.8579695442755002,0.44760260752993475,0.06497613146587093,3.501137151409983e-05,34.98526493982561,60.98695331013193,nan,0.3788726321309066,nan
92.19,180.018798828125,-189.84628295898438,-15.404396057128906,180.87554863214314,-189.80296866722736,-15.406722119341902,0.8578471688598998,0.44765680297605825,0.06499000707318736,3.571715128650724e-05,34.869255908560206,60.32229090974885,nan,nan,nan
92.2,180.01486206054688,-189.8547821044922,-15.405679702758789,180.88971710164736,-189.81801848951153,-15.408335261272512,0.8756311771039238,0.4475838471345839,0.06498551801853436,3.499828970361093e-05,34.96056099064472,60.56790506855704,3.505279591906066,0.01709700854811709,nan
92.21000000000001,180.01089477539062,-189.86329650878906,-15.407048225402832,180.8856489580204,-189.8264287545912,-15.409760834862343,0.8755349619392443,0.4476378056194043,0.0649994292896063,3.570357136189168e-05,34.84581222515798,60.36548980598471,nan,nan,nan
92.22,180.00686645507812,-189.87181091308594,-15.408500671386719,180.88152704438417,-189.83484266982003,-15.411714092605543,0.8754473848103589,0.4476918512771433,0.06501340293180251,3.500645820746093e-05,34.81594833875997,60.16029114324431,nan,0.13853399135726566,nan
92.23,180.00277709960938,-189.8803253173828,-15.4100341796875,180.87735174762332,-189.84325555951338,-15.413312363068023,0.875366053936006,0.4477459842530445,0.06502743916211935,3.571211972331169e-05,34.70383264762034,59.917284865429664,nan,nan,nan
92.24,179.99864196777344,-189.8888397216797,-15.411650657653809,180.8731242900717,-189.85167400520461,-15.415868817185578,0.8752819062239916,0.4478002046909852,0.0650415380555814,3.501471171503217e-05,34.79264267816605,60.29870126438507,nan,0.5406572340417354,nan
92.25,179.9944610595703,-189.89735412597656,-15.413346290588379,180.85530158354277,-189.8535995515678,-15.417658309509358,0.8619625653136213,0.44772715781102035,0.06503710034836327,3.569869645094866e-05,34.98128914697943,60.770012506368474,2.2907962430161892,nan,nan
92.26,179.99021911621094,-189.90586853027344,-15.415122032165527,180.8509472564343,-189.86199893956854,-15.419016176932626,0.8618541853030846,0.4477811409875075,0.06505123423443399,3.500183482798282e-05,34.776027504186075,60.27801984351918,nan,0.1730848540395281,nan
92.27,179.98593139648438,-189.9143829345703,-15.416975975036621,180.84654276105385,-189.8704018085216,-15.420944367385127,0.8617435862322886,0.4478352113874236,0.06506543092905706,3.570737079030513e-05,34.66597409730599,60.446393942259085,nan,nan,nan
92.28,179.98159790039062,-189.9228973388672,-15.41890811920166,180.84208875426498,-189.87881314662295,-15.424648861476536,0.8616384866805259,0.44788936915500294,0.06507969051869483,3.5010205277837147e-05,35.048318030557574,61.02517991341449,nan,2.032686597055454,nan
92.29,179.97720336914062,-189.93142700195312,-15.420916557312012,180.83758483040447,-189.8872178555066,-15.426751351717032,0.8615362745362392,0.4479436144349382,0.06509401320323867,3.5716113481007436e-05,34.94596528981134,59.59644512470523,nan,nan,nan
92.3,179.9727783203125,-189.93994140625,-15.423001289367676,180.82175902940955,-189.89647975604686,-15.42973318387115,0.8501190962805822,0.4478704770234181,0.06508962212049664,3.499744101337258e-05,34.315878608448166,61.56030696104649,2.9641315320031763,0.44675484863665044,nan
92.31,179.96829223632812,-189.94845581054688,-15.42516040802002,180.81714230814543,-189.9049022583466,-15.431997531044068,0.8499941779710969,0.44792448474365715,0.06510397909769035,3.570284392610697e-05,34.21289659219978,61.08246137387195,nan,nan,nan
92.32000000000001,179.96376037597656,-189.9569854736328,-15.427393913269043,180.81247801332708,-189.91332987126864,-15.43540301529094,0.8498773942650908,0.4479785797365904,0.06511839919727097,3.5005896867511086e-05,34.621383699401086,60.556515209850744,nan,0.8014632129120458,nan
92.33,179.9591827392578,-189.9654998779297,-15.42970085144043,180.80776658644956,-189.9217539660736,-15.437828317447092,0.8497495549999173,0.44803276214675364,0.0651328826094567,3.5711672391512346e-05,34.521502113023736,61.58372810322581,nan,nan,nan
92.34,179.95455932617188,-189.97402954101562,-15.432075500488281,180.80300855892898,-189.93017656331418,-15.439729958301784,0.8496162515770411,0.4480870321186271,0.06514742943519126,3.501440234006551e-05,34.23082605740219,60.331571096300785,nan,0.24995578715672026,nan
92.35000000000001,179.94989013671875,-189.98255920410156,-15.434459686279297,180.79430539326646,-189.94865402157842,-15.442169691722453,0.8451308366616309,0.44801380468172747,0.06514308033273734,3.5698487196356815e-05,32.212108520125845,60.01593601829922,14.816326482252418,nan,nan
92.36,179.94517517089844,-189.99107360839844,-15.436824798583984,180.78945585262943,-189.95712481396544,-15.443478805009446,0.8449891514032085,0.44806783679780915,0.06515766073343968,3.500173847456619e-05,31.694799387769404,60.61205529687356,nan,1.0444341429016053,nan
92.37,179.94041442871094,-189.99960327148438,-15.439157485961914,180.78456143618098,-189.9656007733161,-15.445967409816218,0.8448589912909793,0.44812195623554163,0.06517230466130076,3.5707373683485416e-05,31.614397674320596,59.42339887910299,nan,nan,nan
92.38,179.93560791015625,-190.0081329345703,-15.441451072692871,180.779622578794,-189.97407738275157,-15.44842086362392,0.8447302051371194,0.4481761631394243,0.06518701224218741,3.6427333319234175e-05,31.535386071138255,59.28619534389516,nan,nan,nan
92.39,179.93077087402344,-190.0166473388672,-15.443702697753906,180.77463976928917,-189.98255442389825,-15.45083452265852,0.8445874153541187,0.44823045765395736,0.06520178362059982,3.7161761882012454e-05,31.453640767054413,60.78053084714227,nan,nan,nan
92.4,179.92587280273438,-190.02517700195312,-15.445910453796387,180.76628138241404,-190.00028650490228,-15.453037761302655,0.8408073002507245,0.4481571406962558,0.06519747172909618,3.635559395855481e-05,29.726993640635108,58.972617023193024,11.855525735950957,0.036776479327138845,nan
92.41,179.9209442138672,-190.03370666503906,-15.448076248168945,180.76121260798314,-190.00880880140318,-15.45536663929185,0.8406687977833824,0.4482111970609576,0.06521227593846297,3.7087748711751654e-05,29.649101199946596,59.281049408748494,nan,nan,nan
92.42,179.9159698486328,-190.042236328125,-15.45019817352295,180.7561016055809,-190.01733163481106,-15.457711790680776,0.8405343938379628,0.4482653407956657,0.06522714400122562,3.630814938159859e-05,29.65777888081984,59.200332066685974,nan,0.0022121709741257344,nan
92.43,179.91094970703125,-190.05076599121094,-15.452279090881348,180.7509487749329,-190.02585479766128,-15.459957979110088,0.8404034548739983,0.4483195720450175,0.06524207609104542,3.703903440692018e-05,29.58236755556849,58.93560274863956,nan,nan,nan
92.44,179.90589904785156,-190.05929565429688,-15.454318046569824,180.74575461066996,-190.0343792645615,-15.462407631947185,0.8402640265214466,0.44837389095333235,0.06525707232485932,3.6262101452813096e-05,29.68221966548262,59.457004564241316,nan,0.03918705645856268,nan
92.45,179.9008026123047,-190.0678253173828,-15.456315994262695,180.73542272649865,-190.04114880919371,-15.464591849061124,0.8350873372761431,0.44830048497815295,0.0652527929187994,3.696823837879898e-05,29.64606466450415,59.28560270849539,0.22595232166213786,nan,nan
92.46000000000001,179.89566040039062,-190.07635498046875,-15.458274841308594,180.73013949197002,-190.04966673216305,-15.465165778728514,0.8349341901607138,0.44835456544460756,0.06526782122122755,3.619490167361886e-05,28.99382395150847,58.40163874715558,nan,1.5942870120614223,nan
92.47,179.89048767089844,-190.0848846435547,-15.46019458770752,180.7248159799221,-190.05818940638727,-15.467240790008061,0.8347850093842067,0.448408733329206,0.06528291375885782,3.6922533800251244e-05,28.914872932905084,58.65993225359094,nan,nan,nan
92.48,179.88526916503906,-190.09341430664062,-15.462076187133789,180.71945260848986,-190.06671580310052,-15.470596879683859,0.8346540778192144,0.44846298877608254,0.06529807065452732,3.615174994387676e-05,29.46752572171426,58.951227213951036,nan,1.1494226796027551,nan
92.49,179.88002014160156,-190.10194396972656,-15.463919639587402,180.71405072988384,-190.07523907532413,-15.472610578393818,0.8345032690126857,0.4485173319301601,0.06531329207305821,3.687831614600902e-05,29.396342479349507,59.20877962828797,nan,nan,nan
92.5,179.87472534179688,-190.1104736328125,-15.465726852416992,180.7447207204928,-190.09151492993942,-15.474714358702737,0.8702483361869446,0.44844383743902827,0.06530904034175215,3.608764980673355e-05,30.544314090944695,58.59410262393887,10.7988910444411,0.01607759432946257,nan
92.51,179.86940002441406,-190.11900329589844,-15.467497825622559,180.73929970163468,-190.10003627496096,-15.476657283337632,0.8701546368188867,0.4484979418613468,0.06532429304214649,3.68123044931746e-05,30.47495129237129,58.77091286892115,nan,nan,nan
92.52,179.86402893066406,-190.12753295898438,-15.469233512878418,180.73384151396087,-190.1085566140456,-15.477994054905013,0.8700636636622049,0.44855213374873165,0.06533961031041503,3.6047407579838067e-05,30.2158101538045,58.203544201179184,nan,0.21714298219766048,nan
92.53,179.8586883544922,-190.1360626220703,-15.47093391418457,180.7283799134126,-190.11707832782156,-15.479862768522413,0.8699445588802309,0.44860641324634065,0.06535499230666685,3.67711298333727e-05,30.14403330529456,58.105116144328626,nan,nan,nan
92.54,179.85342407226562,-190.14459228515625,-15.472600936889648,180.72296781343277,-190.1256006380618,-15.481942633288316,0.8698012806118,0.448660780497947,0.0653704391608124,3.600859669965454e-05,30.28737008320018,58.48558980052366,nan,0.0398212248211863,nan
92.55,179.84823608398438,-190.1531219482422,-15.474235534667969,180.72566822214947,-190.13863885902887,-15.483596243861973,0.877601583769502,0.4485871979918085,0.06536621031228411,3.6708336523915e-05,30.000169838149404,57.85687438389537,2.0248624373247166,nan,nan
92.56,179.84315490722656,-190.16165161132812,-15.475836753845215,180.720436491207,-190.14717439477104,-15.486219793961498,0.8774624635347889,0.4486413262236942,0.06538168764290501,3.594905481705015e-05,30.499829138313817,58.82807440435579,nan,0.4871769515786378,nan
92.57000000000001,179.83816528320312,-190.17018127441406,-15.477405548095703,180.7153003756269,-190.15570861450715,-15.487967124493585,0.8773180581419983,0.44869554196833217,0.06539722990331648,3.66701854310589e-05,30.431186894951278,58.597966343316976,nan,nan,nan
92.58,179.83326721191406,-190.17872619628906,-15.478943824768066,180.71026124237133,-190.1642423967789,-15.489202198981975,0.877173611178225,0.4487498453692343,0.06541283722713026,3.591314018931357e-05,30.210885100075952,57.060667450748156,nan,0.1554231757827359,nan
92.59,179.82846069335938,-190.187255859375,-15.480451583862305,180.7053182906675,-190.17277759176648,-15.49088413861761,0.8770391692442421,0.4488042365719622,0.06542850976890453,3.663351481084883e-05,30.141326832651124,57.94866269410067,nan,nan,nan
92.60000000000001,179.82376098632812,-190.19578552246094,-15.481928825378418,180.7507585125113,-190.1953433932223,-15.491541729839735,0.9270474728729876,0.4487305665489361,0.0654242989586053,3.5856627998630824e-05,30.588564611418867,57.60779483781153,20.285108255438246,0.5208033382440549,nan
92.61,179.81915283203125,-190.20433044433594,-15.483377456665039,180.7460871475424,-190.20389076180382,-15.49315439832177,0.9269859800347614,0.4487847184461327,0.06544000114897715,3.65754036103999e-05,30.517307873392884,56.348572641907026,nan,nan,nan
92.62,179.81463623046875,-190.21286010742188,-15.484796524047852,180.74150909814736,-190.212437551626,-15.493875927549936,0.9269174326552103,0.44883895790135325,0.06545576860420872,3.5823565997127285e-05,30.095477142442125,57.08939527691354,nan,0.5014221837548103,nan
92.63,179.81019592285156,-190.2213897705078,-15.486186981201172,180.73702144064916,-190.2209863472447,-15.495424389053293,0.9268716377659516,0.44889328506043047,0.06547160147602221,3.654170031168675e-05,30.021141430258634,56.61984327042518,nan,nan,nan
92.64,179.8058624267578,-190.2299346923828,-15.487550735473633,180.73262360094358,-190.22953477758983,-15.496163393523949,0.9268012795571237,0.44894770006645796,0.0654874999022923,3.579189672842729e-05,29.65172745492265,55.71282796071822,nan,0.4131686103786453,nan
92.65,179.80160522460938,-190.23846435546875,-15.488886833190918,180.71266683088828,-190.24698572560283,-15.497705439541015,0.9111441334950364,0.44887394302530004,0.0654833022887742,3.648666706864234e-05,27.4558810464407,56.74422982402772,18.697030872367872,nan,nan
92.66,179.7974395751953,-190.24700927734375,-15.490196228027344,180.70842317160023,-190.255586838251,-15.497025319783685,0.9110495727259702,0.44892811844189173,0.06549922951698728,3.573975489070935e-05,26.523444218881117,54.90673137752282,nan,3.1070203726268133,nan
92.67,179.79335021972656,-190.25555419921875,-15.49147891998291,180.70426185226685,-190.26419170523087,-15.498441526051119,0.9109791911402743,0.4489823814638678,0.06551522235700502,3.6455862368474586e-05,26.443144083762753,54.66815236428778,nan,nan,nan
92.68,179.78933715820312,-190.2640838623047,-15.49273681640625,180.69696930456215,-190.27294794028288,-15.499394182593827,0.9076998432892017,0.4415336569802307,0.06551473750158072,3.571084441320349e-05,36.532575150792844,65.78311202901621,nan,0.13039988705977962,0.0013767176760074917
92.69,179.78541564941406,-190.2726287841797,-15.493969917297363,180.69296999990254,-190.28155708740704,-15.50075691276731,0.9076236428149055,0.4415834230429606,0.06553036706289515,3.642645909498054e-05,36.40710417714056,64.95363783516203,nan,nan,nan
92.7,179.7815704345703,-190.2811737060547,-15.49517822265625,180.6756354237047,-190.2824149207311,-15.502956636338794,0.8940996863488829,0.4415198284836685,0.06552608625084826,3.566154945611175e-05,37.245583167761346,65.20638492181173,3.293914045207452,0.5792110693472641,nan
92.71000000000001,179.77780151367188,-190.2897186279297,-15.49636173248291,180.67177207828098,-190.2910053884842,-15.504279913455083,0.8940065568720152,0.4415693818832782,0.06554173764222686,3.6375828115021147e-05,37.1249785427007,65.19118261125553,nan,nan,nan
92.72,179.77410888671875,-190.2982635498047,-15.497522354125977,180.66799471373017,-190.2995954123014,-15.504278329032024,0.8939123496107019,0.44161902140597215,0.06555744775552302,3.563533242900227e-05,36.53483407312439,64.72652479310953,nan,1.1539392136798285,nan
92.73,179.77047729492188,-190.3068084716797,-15.49866008758545,180.6642816174421,-190.3081882009829,-15.50554371659355,0.8938318941261325,0.4416687473726153,0.0655732167399724,3.6349214835632635e-05,36.411533776053645,64.29095829476253,nan,nan,nan
92.74,179.76693725585938,-190.3153533935547,-15.499773979187012,180.6606331807552,-190.3167834244685,-15.50785950946798,0.8937336443055981,0.4417185597527167,0.06558904473573761,3.561041876719577e-05,36.79655782752009,65.44376390118848,nan,0.7836465454111273,nan
92.75,179.76345825195312,-190.3238983154297,-15.500866889953613,180.6535431300974,-190.31965703211162,-15.509004129527968,0.8901321775181428,0.44165486659535613,0.06558477356057658,3.6301426242200346e-05,37.56533210696664,64.93448578121229,3.6623551889105643,nan,nan
92.76,179.76004028320312,-190.33245849609375,-15.501936912536621,180.6500469525167,-190.32823046484984,-15.50952673967335,0.8900490734486578,0.4417044660434934,0.06560062289760207,3.556516649798264e-05,37.219608252616425,63.34477879102135,nan,0.322969440185862,nan
92.77,179.75669860839844,-190.34100341796875,-15.502986907958984,180.64661419021434,-190.3368058141594,-15.51070944908839,0.8899589879752692,0.44175415184861716,0.06561653136637997,3.6277492856447906e-05,37.09898019609713,64.67047361046723,nan,nan,nan
92.78,179.7532958984375,-190.3495635986328,-15.504122734069824,180.6431888367606,-190.34538200017298,-15.511418318378864,0.8899326676740278,0.441803923986549,0.06563249910849375,3.554280459855718e-05,36.815987453812966,63.421843362804566,nan,0.17624827638309495,nan
92.79,179.7498321533203,-190.3581085205078,-15.505345344543457,180.63969923029592,-190.35395997965202,-15.512717119754349,0.8899072806456299,0.44185378276897536,0.06564852627105557,3.625485691918046e-05,36.678031788117465,64.47463418253895,nan,nan,nan
92.8,179.74632263183594,-190.36666870117188,-15.50665283203125,180.67162469425432,-190.37323078963317,-15.511662107201227,0.9253388895742,0.4417899910246698,0.06564426112724091,3.550014298652302e-05,36.476825949136035,62.848998126327416,11.914190347699757,3.7549449056816195,nan
92.81,179.74273681640625,-190.37522888183594,-15.508044242858887,180.66807790538303,-190.38182130472453,-15.51310794277623,0.9253784263992361,0.44183963660176484,0.06566030911826023,3.621107537402308e-05,36.34318787115087,62.318792959444856,nan,nan,nan
92.82000000000001,179.7390899658203,-190.38377380371094,-15.50951862335205,180.66447311301815,-190.39041283429253,-15.514599084943576,0.9254209079844778,0.44188936843062443,0.0656764166406339,3.5480225825129314e-05,36.22508115437602,63.3481013640666,nan,0.0010525492924563608,nan
92.83,179.7353973388672,-190.392333984375,-15.511075019836426,180.66081041900176,-190.399005296015,-15.51621254429409,0.9254513868597922,0.44193918681612615,0.06569258384047279,3.619096324666158e-05,36.09175396614242,62.52084263574194,nan,nan,nan
92.84,179.7316436767578,-190.40089416503906,-15.512712478637695,180.65709633262477,-190.40759812725818,-15.517161019245279,0.9254876286986159,0.441989091744031,0.0657088108608613,3.54614903394339e-05,35.785934456774775,62.18099953032996,nan,0.3842478274900765,nan
92.85000000000001,179.72784423828125,-190.40945434570312,-15.51443099975586,180.61575621966276,-190.41356164492944,-15.519012631164607,0.8879333015120747,0.4419252017536603,0.06570454810225838,3.614973077280426e-05,33.38712546520978,62.74856590567493,28.750487080813752,nan,nan
92.86,179.72396850585938,-190.4180145263672,-15.516227722167969,180.61186445739682,-190.42218366638122,-15.519415476408223,0.8879114619499723,0.44197489320544975,0.06572079541585052,3.542245810282461e-05,32.958384420231674,61.74242863306568,nan,1.4483555937695283,nan
92.87,179.72006225585938,-190.42657470703125,-15.51810359954834,180.6079072461852,-190.43080725005532,-15.52133357891882,0.8878609542230331,0.44202467112530436,0.06573710266023318,3.6132022555766424e-05,32.8238423670081,62.465948738886325,nan,nan,nan
92.88,179.71607971191406,-190.4351348876953,-15.52005672454834,180.6039185654041,-190.43942994146437,-15.520148658455899,0.8878492471727407,0.44207453550614945,0.06575346997914944,3.540600643436275e-05,32.400933032577484,61.384808187682474,nan,6.983496828671535,nan
92.89,179.71205139160156,-190.44369506835938,-15.522086143493652,180.5998531134855,-190.44805472402592,-15.522192314742586,0.8878124324709241,0.4421244866423576,0.06576989751772458,3.6115473730451706e-05,32.2663824896383,61.612090827421184,nan,nan,nan
92.9,179.70797729492188,-190.4522705078125,-15.524191856384277,180.57927412507522,-190.44945438867055,-15.523698454525533,0.8713015208340196,0.44206049842259537,0.06576563345094122,3.536926792770157e-05,32.332398523949635,60.671857022925956,3.4536451313526353,0.16118132267321175,nan
92.91,179.703857421875,-190.46083068847656,-15.526371955871582,180.5750759634365,-190.4580656905587,-15.525888347615286,0.8712230634292004,0.4421102358070539,0.06578208072446777,3.6077788631765354e-05,32.1971288436486,61.988154052120485,nan,nan,nan
92.92,179.6996612548828,-190.46939086914062,-15.52862548828125,180.57082609346904,-190.4666773155763,-15.528153621512914,0.8711691925338938,0.4421600596418536,0.06579858832270055,3.680063090248832e-05,32.06405000113887,61.070659495056034,nan,nan,nan
92.93,179.6954345703125,-190.4779510498047,-15.530951499938965,180.56652510672512,-190.47528940290618,-15.530492833452229,0.8710947235328602,0.44220997007149476,0.06581515639013977,3.753793924007047e-05,31.92984714636039,61.70491834956839,nan,nan,nan
92.94,179.69114685058594,-190.4865264892578,-15.533289909362793,180.56216149307477,-190.48390239258794,-15.534610626378088,0.871019596568707,0.4422599671653572,0.06583178507121268,3.672732048748814e-05,31.841927822377837,60.15645187858369,nan,1.9273189048999273,nan
92.95,179.6868133544922,-190.49508666992188,-15.535611152648926,180.59266552770507,-190.5063196597674,-15.537004664119346,0.9059228894611185,0.44219588102880264,0.0658275159631442,3.743893806580054e-05,31.787371289317967,61.27271106216132,11.081303223984037,nan,nan
92.96000000000001,179.68243408203125,-190.50364685058594,-15.537901878356934,180.58827089496938,-190.51495757696264,-15.539641006584105,0.905909095203307,0.44224566409859944,0.06584416379877418,3.6633703622658e-05,31.685955984626386,61.2687149287554,nan,0.04395298238356464,nan
92.97,179.67800903320312,-190.51222229003906,-15.540153503417969,180.58382929215927,-190.52359560488685,-15.541984850697295,0.9058935079019242,0.4422955337497179,0.06586087234967457,3.7366655142248e-05,31.5640352354727,60.12275080310897,nan,nan,nan
92.98,179.67352294921875,-190.52078247070312,-15.542364120483398,180.57933997650835,-190.5322337763404,-15.544222250657453,0.905891313556053,0.4423454899834614,0.06587764176031079,3.6565643487391965e-05,31.438206435391393,60.754302570801464,nan,0.002960201923479915,nan
92.99,179.66900634765625,-190.5293426513672,-15.544532775878906,180.57480259652513,-190.54087194001377,-15.546485915658034,0.9058717258622381,0.4423955330853495,0.06589447217519548,3.729703535802822e-05,31.314830638564555,61.16154861058837,nan,nan,nan
93.0,179.6644287109375,-190.5379180908203,-15.546659469604492,180.58233126354904,-190.55723924434074,-15.548014564810586,0.9181068779543874,0.44233134905251154,0.06589019425331463,3.6477470414465136e-05,30.681930014976004,59.44820924204807,3.3372359136734815,0.23072993367034306,nan
93.01,179.65980529785156,-190.54647827148438,-15.54874324798584,180.57771865057262,-190.56589928730008,-15.550187889648697,0.9181199191546068,0.4423811778522294,0.06590704322024907,3.720648268708343e-05,30.558141769752527,60.58496107655382,nan,nan,nan
93.02,179.6551513671875,-190.5550537109375,-15.550786018371582,180.57306568854753,-190.57455965872654,-15.551466351819192,0.9181218035808717,0.44243109315229684,0.06592395328913955,3.641452727104285e-05,30.38726237300712,59.71718058063853,nan,0.47536139220940415,nan
93.03,179.6504364013672,-190.56361389160156,-15.552788734436035,180.56836168569222,-190.58322012413024,-15.553550792003893,0.9181349643102067,0.44248109522926216,0.06594092460450444,3.714217826957766e-05,30.2615650697486,60.28561346522268,nan,nan,nan
93.04,179.64569091796875,-190.5721893310547,-15.5547513961792,180.56362254613563,-190.59188092453363,-15.55407807569126,0.9181430641263508,0.4425311840976919,0.06595795731080387,3.635405298227558e-05,30.13190215301624,59.43967123696274,nan,1.5058060494084167,nan
93.05,179.64088439941406,-190.58074951171875,-15.55667495727539,180.56762675387316,-190.60091823697408,-15.556126292337282,0.9269619571805654,0.4424669024621088,0.06595366676654324,3.7057097699367064e-05,30.607482700055257,59.95030086240936,1.7112007420173825,nan,nan
93.06,179.63604736328125,-190.58932495117188,-15.55855941772461,180.56280085722088,-190.60957169877906,-15.55888909536465,0.9269746911352674,0.4425167767539804,0.06597071740069092,3.6273656373952094e-05,30.477322959783358,59.07516027721779,nan,0.4280173892458128,nan
93.07000000000001,179.63116455078125,-190.59788513183594,-15.560407638549805,180.55793678279014,-190.6182253823235,-15.560815496284569,0.9269955027725654,0.4425667377310478,0.06598782951978681,3.699794016861875e-05,30.351758182687337,60.02289273943264,nan,nan,nan
93.08,179.62623596191406,-190.6064453125,-15.562217712402344,180.55303003707533,-190.62687915271334,-15.562705768641562,0.9270194376488489,0.44261678547616906,0.06600500326826403,3.7736686930081765e-05,30.227191257481653,59.85489157399504,nan,nan,nan
93.09,179.6212615966797,-190.61502075195312,-15.563992500305176,180.54808115467944,-190.63553295838173,-15.564560617010212,0.927046690550164,0.4426669201338443,0.06602223879062279,3.8490041158541127e-05,30.1062335042112,58.422979617734875,nan,nan,nan
93.10000000000001,179.6162567138672,-190.6235809326172,-15.5657320022583,180.5228696842757,-190.63577754626982,-15.568505793867333,0.9066992497059931,0.4426025409174816,0.06601793178152836,3.759333769563434e-05,30.2984130880781,60.00198620678564,3.980799097415421,2.595686501130199,nan
93.11,179.61126708984375,-190.6321563720703,-15.567436218261719,180.51783669039102,-190.64441532287603,-15.57031349009778,0.9066570471818521,0.4426524607187867,0.06603518458623325,3.834281694584773e-05,30.185103303363263,58.468242654455,nan,nan,nan
93.12,179.60633850097656,-190.64071655273438,-15.569107055664062,180.512849616702,-190.65305314135813,-15.571470370430982,0.9065981356749719,0.44270246714037403,0.0660524992547034,3.747847557818658e-05,29.990264796869514,59.3996969989192,nan,0.2340415063753007,nan
93.13,179.6014862060547,-190.6492919921875,-15.570743560791016,180.5079287988975,-190.66169065380544,-15.57320585310948,0.9065307296572853,0.4427525604464348,0.06606987593191319,3.8225214622129165e-05,29.874581542883355,58.07500411919464,nan,nan,nan
93.14,179.5967254638672,-190.65785217285156,-15.572348594665527,180.50309356711327,-190.67032856303481,-15.574469989376764,0.9064564519100868,0.4428027406640928,0.06608731476182063,3.736790728347073e-05,29.70841729520551,59.20857782756658,nan,0.1193023783177094,nan
93.15,179.59205627441406,-190.6664276123047,-15.573921203613281,180.48663525712362,-190.67877909789468,-15.576149282957765,0.8946670217681648,0.4427382641401721,0.06608298741478,3.808758354504912e-05,28.901880796367124,58.12563331345376,2.942183143904651,nan,nan
93.16,179.5874786376953,-190.67498779296875,-15.575462341308594,180.48195885629443,-190.68742800093045,-15.576929951491984,0.894567925939053,0.4427882292254055,0.06610044286038878,3.72381648290749e-05,28.701877904861373,59.15093374136721,nan,0.4570794633864649,nan
93.17,179.58297729492188,-190.68356323242188,-15.576972961425781,180.47736765436747,-190.69607666376407,-15.578529287287374,0.8944792469271511,0.4428382811019267,0.06611796054571056,3.797896179405645e-05,28.584253299356686,57.422869169473024,nan,nan,nan
93.18,179.57858276367188,-190.69212341308594,-15.578453063964844,180.47286753574926,-190.70472574387153,-15.57979978977686,0.8943745781165413,0.44288841980614374,0.06613554061440988,3.713609583887605e-05,28.442542469230908,59.07620060720857,nan,0.056095193834539564,nan
93.19,179.5742645263672,-190.70069885253906,-15.579904556274414,180.46845396897461,-190.71337504175446,-15.581337980791192,0.8942804368594065,0.4429386455884598,0.06615318321190021,3.7874623508351676e-05,28.32493351588075,57.40911677059028,nan,nan,nan
93.2,179.57003784179688,-190.7092742919922,-15.581326484680176,180.46099358617371,-190.71943423610028,-15.583125190229927,0.8910154870954949,0.4428740717884723,0.0661488316240508,3.701502657715608e-05,28.515711525356753,57.53084189077138,0.35644653542591315,0.04496542724266424,nan
93.21000000000001,179.56588745117188,-190.71783447265625,-15.582719802856445,180.456747353769,-190.72807661949176,-15.584610202265086,0.8909207828068046,0.44292408215666995,0.06616649015005217,3.7750501072168535e-05,28.398588093267033,58.3729637690747,nan,nan,nan
93.22,179.56182861328125,-190.72640991210938,-15.584085464477539,180.45258040143045,-190.73671911761366,-15.586816383196986,0.8908156294801881,0.44297417926783145,0.0661842112863197,3.6921100642979256e-05,28.383911525254888,57.509788187657925,nan,0.354538284662288,nan
93.23,179.55784606933594,-190.7349853515625,-15.585424423217773,180.44849936819722,-190.74536262516975,-15.588255054530805,0.890718248973059,0.4430243633637204,0.06620199517859639,3.765459616445955e-05,28.273449525430426,57.261461318088124,nan,nan,nan
93.24,179.553955078125,-190.74354553222656,-15.586736679077148,180.44450008830282,-190.75400692295958,-15.58936258458671,0.8906103251301449,0.4430746344935861,0.06621984197005425,3.683105845512307e-05,28.123806478984903,58.73074954797064,nan,0.05922878944112213,nan
93.25,179.5501251220703,-190.7521209716797,-15.588022232055664,180.4086620901744,-190.75367524578897,-15.59067137967098,0.8585424621720571,0.44300996365991707,0.06621546221411814,3.753903464371806e-05,27.45881840953007,57.12239784503266,9.493860303237861,nan,nan
93.26,179.54637145996094,-190.7606964111328,-15.589282989501953,180.404758078431,-190.7623127495207,-15.592640584383808,0.8583947068578918,0.44306001909758636,0.06623332422638754,3.672216541610067e-05,27.45901375593997,57.14133147451175,nan,0.23933654783350577,nan
93.27,179.54270935058594,-190.76927185058594,-15.5905179977417,180.4009327498371,-190.77095136479315,-15.593980021881054,0.858232025387848,0.44311016142629694,0.06625124921812424,3.745117414956959e-05,27.351569029296943,57.68877964506825,nan,nan,nan
93.28,179.5391082763672,-190.77784729003906,-15.591728210449219,180.3971803784368,-190.77959047716868,-15.59544336158573,0.8580819153201378,0.4431603907033127,0.06626923733215487,3.663973338250035e-05,27.288961399712644,57.24822026053074,nan,0.014021957572721741,nan
93.29,179.5355682373047,-190.7864227294922,-15.592914581298828,180.39350110511202,-190.78823041576325,-15.59673722668385,0.8579432883422499,0.44321070715847666,0.06628728871474031,3.73671442996793e-05,27.185123106741756,56.816551512703455,nan,nan,nan
93.3,179.53211975097656,-190.7949981689453,-15.594077110290527,180.38622146741122,-190.79344222790505,-15.598050755367186,0.854112377163767,0.4431459393777389,0.06628287683807833,3.808470079359543e-05,27.458080773783568,57.50789197659742,0.7056413600303266,nan,nan
93.31,179.5287322998047,-190.80357360839844,-15.595216751098633,180.38267824355478,-190.80207307492213,-15.599300364641651,0.8539570260543067,0.44319603985773726,0.06630094271394284,3.884024780716651e-05,27.35466253867469,57.1455429077187,nan,nan,nan
93.32000000000001,179.52540588378906,-190.81214904785156,-15.596333503723145,180.37920462970988,-190.81070492535588,-15.60029423857372,0.853809153995371,0.44324622719626117,0.06631907193137634,3.794070512459078e-05,27.22144524606937,56.832911035422086,nan,0.03271010981441953,nan
93.33,179.52215576171875,-190.8207244873047,-15.597428321838379,180.37579688708567,-190.81933757307692,-15.60149808894463,0.8536519533469574,0.44329650162233875,0.06633726463715171,3.869294129068175e-05,27.11844536479501,57.14150223831236,nan,nan,nan
93.34,179.5189666748047,-190.82931518554688,-15.598501205444336,180.37244539738035,-190.82796943666239,-15.604576725489485,0.8535014076574552,0.44334686319794736,0.06635552097341373,3.780246673146223e-05,27.55224531190557,56.328338604843324,nan,2.168327731747909,nan
93.35000000000001,179.51583862304688,-190.837890625,-15.599552154541016,180.39771456008157,-190.85142432715168,-15.60580185631591,0.882001920738851,0.4432819986043369,0.06635107300261651,3.852678451110659e-05,27.009295264556638,57.347705499270404,9.930364906020602,nan,nan
93.36,179.5127716064453,-190.8464813232422,-15.60058307647705,180.39456151215262,-190.86009683214098,-15.603542785089084,0.8818999828580019,0.4433321439250717,0.06636934308482006,3.764616816676183e-05,26.11471081005731,55.26041796020798,nan,7.119180981505489,nan
93.37,179.5096435546875,-190.8550567626953,-15.601700782775879,180.39139098381318,-190.86876734410367,-15.604704934787964,0.8818591348631684,0.44338237623859833,0.06638767687131533,3.8391433292953667e-05,26.00528890985885,56.542199447248436,nan,nan,nan
93.38,179.50645446777344,-190.8636474609375,-15.602904319763184,180.3881614809921,-190.87743980565807,-15.604911304248118,0.8818171658107942,0.4434326956147626,0.06640607450392647,3.751919496311507e-05,25.76820880633392,55.29505626544615,nan,0.6672387753036656,nan
93.39,179.50320434570312,-190.87222290039062,-15.604193687438965,180.3848641794951,-190.88611228389877,-15.606237631583747,0.8817716003614626,0.4434831022708692,0.0664245361299085,3.826173616575292e-05,25.65857517813371,56.46684049382443,nan,nan,nan
93.4,179.4998779296875,-190.8808135986328,-15.60556697845459,180.3371712529541,-190.8763642975244,-15.607014974670708,0.8373063968227129,0.4434181409610073,0.06642004807120953,3.737427044580921e-05,25.657155816329297,54.96759676686414,18.287469643242755,0.2769497224829537,nan
93.41,179.4965057373047,-190.889404296875,-15.607023239135742,180.33367733879538,-190.88500411752136,-15.608505853974153,0.8371844779184564,0.44346833107779937,0.06643852267665397,3.8113331638243925e-05,25.549885422671903,55.485311831172346,nan,nan,nan
93.42,179.49307250976562,-190.8979949951172,-15.608562469482422,180.3301309976275,-190.89364626315717,-15.608235553074111,0.8370698480088707,0.4435186081694697,0.0664570613401231,3.7257960990193244e-05,25.38661568371928,55.30857743876272,nan,2.115444456183206,nan
93.43,179.48956298828125,-190.9065704345703,-15.610182762145996,180.32651623542034,-190.90228720517473,-15.609875093173388,0.836964263640284,0.44356897244621635,0.06647566420916917,3.799465485911794e-05,25.276826778864955,55.85560743098651,nan,nan,nan
93.44,179.4860076904297,-190.9151611328125,-15.611884117126465,180.32284151289034,-190.91092884877776,-15.611699623564883,0.8368445451098571,0.4436194239884825,0.06649433142516886,3.7146699181707505e-05,25.167625499783778,55.11717714195835,nan,0.006637770205217412,nan
93.45,179.48240661621094,-190.9237518310547,-15.613663673400879,180.33287134611615,-190.92586856129068,-15.61341545885053,0.8504674002982717,0.44355436615993765,0.06648979927262945,3.785733232040543e-05,25.001787123250406,55.46046914386918,2.2334940541300634,nan,nan
93.46000000000001,179.47872924804688,-190.93234252929688,-15.615523338317871,180.32910267329714,-190.93452462496657,-15.615297352084314,0.8503762549502207,0.44360460091096393,0.06650847868419008,3.8605405724709784e-05,24.894932482466807,54.67683487843236,nan,nan,nan
93.47,179.47500610351562,-190.94093322753906,-15.617459297180176,180.32527673190927,-190.94318109533833,-15.617258382601424,0.8502736234796623,0.44365492272234963,0.06652722250814043,3.936814089346423e-05,24.787791073099754,55.05540799503241,nan,nan,nan
93.48,179.47122192382812,-190.94952392578125,-15.619473457336426,180.32139046828365,-190.9518370306598,-15.620189107327946,0.8501719923584405,0.4437053317081053,0.06654603088711285,3.843139927501135e-05,24.69389693792617,54.776834795791856,nan,0.46356427030445824,nan
93.49,179.46737670898438,-190.95811462402344,-15.621562004089355,180.3174518670328,-190.96049418966038,-15.622314500037206,0.8500788215888012,0.4437558280737013,0.06656490396934744,3.9190206985431835e-05,24.58950849021179,54.577111240296546,nan,nan,nan
93.5,179.46348571777344,-190.96670532226562,-15.623726844787598,180.30809806210635,-190.95974124073388,-15.623282077671265,0.8446411714147685,0.4436906737888776,0.06656032369655991,3.82404293090677e-05,25.597837804715194,54.65966193621272,5.776982450705248,0.8775520451716746,nan
93.51,179.45953369140625,-190.9752960205078,-15.625965118408203,180.30404479373814,-190.968366666097,-15.625547141933628,0.8445396335393104,0.44374095304820904,0.06657920816868478,3.89945936517251e-05,25.492216119161984,54.37186808230912,nan,nan,nan
93.52,179.4555206298828,-190.98388671875,-15.628276824951172,180.29993790514766,-190.97699229808376,-15.627818581092319,0.8444455445968456,0.4437913193927789,0.06659815740036809,3.8080991158014144e-05,25.389140300123863,54.03000396010983,nan,0.002788083558576793,nan
93.53,179.45147705078125,-190.9924774169922,-15.630600929260254,180.29577756891084,-190.9856179602059,-15.630202371972837,0.8443284763107316,0.4438417730214606,0.06661717154005416,3.8831720467916387e-05,25.282678604185964,54.76594076931524,nan,nan,nan
93.54,179.44735717773438,-191.00106811523438,-15.632909774780273,180.29156389565617,-190.99424351046434,-15.632802376527989,0.8442343095071044,0.44389231402589147,0.06663625072825105,3.7928402919898014e-05,25.17565162089655,53.76897547614846,nan,0.028129666485215823,nan
93.55,179.44320678710938,-191.00965881347656,-15.635187149047852,180.30617660885483,-191.01240153888705,-15.635128680240395,0.8629741822352831,0.44382706346590206,0.06663161830417594,3.8651216379589756e-05,24.846007891838443,54.307894157346404,4.087086565669755,nan,nan
93.56,179.43899536132812,-191.0182647705078,-15.637426376342773,180.30188999743643,-191.02104854172484,-15.637641883925728,0.8628991533488699,0.4438773870810954,0.0666507080599298,3.775889108709951e-05,24.746325702433563,52.74260869689046,nan,0.020625933999816475,nan
93.57000000000001,179.43472290039062,-191.02685546875,-15.639625549316406,180.297553255136,-191.02969574806013,-15.639933836897079,0.8628350846470098,0.4439277978844274,0.06666986292472564,3.8502464077342776e-05,24.6455400401489,53.37250053493862,nan,nan,nan
93.58,179.430419921875,-191.0354461669922,-15.6417818069458,180.29316365924265,-191.03834216776784,-15.642877780181582,0.8627492940274881,0.44397829597337063,0.06668908303890192,3.7619569988415536e-05,24.57225826699303,53.997106704826464,nan,0.2919743482190828,nan
93.59,179.42605590820312,-191.04403686523438,-15.64389705657959,180.2887270755951,-191.04698935769835,-15.645095552920234,0.8626770523519479,0.4440288815380842,0.06670836855116154,3.836035063850523e-05,24.476108561865885,53.442748024165056,nan,nan,nan
93.60000000000001,179.42164611816406,-191.05262756347656,-15.64596939086914,180.29272622331422,-191.0524489619101,-15.647881300644077,0.8710822216564371,0.443963534773958,0.0667036799272623,3.746332312347811e-05,25.439775808675353,53.401753906197385,4.004798362582959,0.18596574939185065,nan
93.61,179.4171905517578,-191.06121826171875,-15.648001670837402,180.2882100121588,-191.06107681176036,-15.650024035766956,0.8710218196837699,0.44401390266289675,0.06672297516697227,3.8200574671760245e-05,25.348131540774723,53.318731680591135,nan,nan,nan
93.62,179.41268920898438,-191.06980895996094,-15.649992942810059,180.28364599923881,-191.06970458317824,-15.652118508899612,0.8709593902220868,0.4440643577464863,0.06674233585327424,3.733643716639388e-05,25.26123098370814,53.293380834158015,nan,4.466051091613444e-05,nan
93.63,179.4081268310547,-191.07839965820312,-15.651945114135742,180.27903460647858,-191.07833228565133,-15.65418239142734,0.8709106516988553,0.44411490020973127,0.06676176213500609,3.807128239173941e-05,25.172047344108176,52.708191885923846,nan,nan,nan
93.64,179.40353393554688,-191.0869903564453,-15.653858184814453,180.27437262421176,-191.08695869688927,-15.657324860382055,0.8708455893655332,0.44416553015780913,0.06678125415229916,3.721540552908739e-05,25.263310373819216,53.31454960826296,nan,0.7770252474848136,nan
93.65,179.39889526367188,-191.0955810546875,-15.655733108520508,180.2823494435572,-191.09931536707802,-15.659412428406684,0.8834697337434357,0.4441000873519659,0.06677650528103476,3.792428486628202e-05,25.453431439590634,53.19236149188805,1.7350024461432016,nan,nan
93.66,179.39419555664062,-191.1041717529297,-15.657569885253906,180.27762005104015,-191.10794641539323,-15.661718164680593,0.883442297834988,0.44415049933978384,0.06679600616811952,3.707735570705024e-05,25.462141893616963,52.704188694143284,nan,0.07324297762245376,nan
93.67,179.38946533203125,-191.11276245117188,-15.659371376037598,180.27284663344403,-191.11657764230173,-15.663649653903223,0.8833998998361923,0.4442009986108392,0.06681557284431094,3.7806983546473605e-05,25.383292712567293,52.9810495745564,nan,nan,nan
93.68,179.38470458984375,-191.12136840820312,-15.66113567352295,180.26803468271197,-191.12520743576113,-15.666530120689494,0.8833549066821348,0.4442515852748575,0.06683520544963965,3.6967602779730955e-05,25.589776926145365,51.94212010389057,nan,0.6117998272073643,nan
93.69,179.37997436523438,-191.1299591064453,-15.66286563873291,180.2632301104334,-191.13383814498806,-15.668401433287112,0.8832816104665845,0.44430225951004504,0.06685490413309979,3.76953246330918e-05,25.51577982804179,52.776838602581165,nan,nan,nan
93.7,179.37530517578125,-191.1385498046875,-15.66456127166748,180.271561518517,-191.13456408607286,-15.668314824868846,0.8962730649799502,0.44293983617108706,0.06631625458501156,3.684066058970127e-05,37.513257256657646,62.22577718432744,19.4288267550813,2.178170675252914,0.0033602543994908645
93.71000000000001,179.3707275390625,-191.1471405029297,-15.66622257232666,180.26690871306994,-191.14315048434793,-15.670099708069676,0.8961984429104989,0.4429885522649034,0.0663331410584226,3.75657166607186e-05,37.38976392918121,62.54021174157214,nan,nan,nan
93.72,179.36622619628906,-191.15573120117188,-15.667850494384766,180.26232891525407,-191.15173978138742,-15.67247190805789,0.8961235248740652,0.4430373542643446,0.06635008618674312,3.674144915801938e-05,37.43047628174972,62.38713460566251,nan,0.2456969298373568,nan
93.73,179.36181640625,-191.16432189941406,-15.669445991516113,180.25784160276135,-191.16032616844063,-15.674198503005073,0.8960467091701528,0.44308624280010206,0.06636709018750224,3.746489922646725e-05,37.31147119791092,62.47113331341879,nan,nan,nan
93.74,179.35748291015625,-191.17291259765625,-15.67101001739502,180.25344061046945,-191.16891230048228,-15.675838842729572,0.8959796430065344,0.4431352175414086,0.06638415313368318,3.6647199854795456e-05,37.20546094621139,62.08892360369129,nan,0.001958178624995815,nan
93.75,179.35324096679688,-191.18150329589844,-15.6725435256958,180.24397720577525,-191.17771520623762,-15.677458318383833,0.8907578527522444,0.4430703949762439,0.06637964334106898,3.734612452545567e-05,36.6852460989375,62.16362025054651,1.0224424422309895,nan,nan
93.76,179.3490753173828,-191.19009399414062,-15.67404556274414,180.2397290247591,-191.18631037048837,-15.679560154969597,0.8906788158469251,0.4431191595535753,0.06639672137981138,3.6535672954859394e-05,36.73203118186431,62.035926597131436,nan,0.14177066577170297,nan
93.77,179.34500122070312,-191.1986846923828,-15.675518035888672,180.23556983281978,-191.194903694528,-15.681168987406421,0.8905945666155923,0.4431680105620972,0.06641385854920742,3.72554063124639e-05,36.617740751277104,62.21225464101438,nan,nan,nan
93.78,179.34100341796875,-191.207275390625,-15.676960945129395,180.2314873072936,-191.2034992715299,-15.683192884146438,0.8905137019083162,0.44321694771417347,0.06643105492859086,3.6450927921619254e-05,36.6878029476044,62.15494042845839,nan,0.1280721054022958,nan
93.79,179.3370819091797,-191.2158660888672,-15.678375244140625,180.2274904449173,-191.2120931928245,-15.684748984739183,0.8904393409032164,0.44326597157627207,0.06644831072621582,3.716943999205377e-05,36.57772068501916,61.98291301331238,nan,nan,nan
93.8,179.33323669433594,-191.22445678710938,-15.67976188659668,180.24493165441365,-191.2337996397922,-15.687076166900077,0.9117721688139575,0.4432010812140684,0.06644378637414729,3.634878054419217e-05,35.978798563830715,62.26229302217166,8.407585469770806,0.3573229383948344,nan
93.81,179.32948303222656,-191.23304748535156,-15.681119918823242,180.24112062108898,-191.24242965440266,-15.688586481266922,0.9117164406095317,0.44324989467642645,0.06646105673885695,3.706529309070203e-05,35.87268709518251,62.676936705714695,nan,nan,nan
93.82000000000001,179.32579040527344,-191.2416534423828,-15.682451248168945,180.2373793267048,-191.2510623373219,-15.690592113522055,0.9116738247142243,0.4432987942182722,0.06647838657409084,3.627287779693236e-05,36.061751432210855,61.359597843274315,nan,0.17876865830170047,nan
93.83,179.32217407226562,-191.250244140625,-15.683756828308105,180.23371810234084,-191.25969318794148,-15.692054935868299,0.911630770569995,0.4433477803666605,0.06649577608224125,3.6988398945393274e-05,35.9595938081972,62.44226196678169,nan,nan,nan
93.84,179.31863403320312,-191.2588348388672,-15.68503475189209,180.23015209216217,-191.26831592609972,-15.691454065079727,0.9115899683549505,0.44339685289267805,0.06651322535121182,3.620113648201288e-05,35.09964102678641,61.7996229681651,nan,2.7381807702342815,nan
93.85000000000001,179.31517028808594,-191.26742553710938,-15.686288833618164,180.23502328535395,-191.27520913266648,-15.692864002960965,0.9199094269517097,0.4433318951046687,0.06650868299413819,3.6893178215726316e-05,36.04076122952595,61.821783570880555,4.016088008509947,nan,nan
93.86,179.311767578125,-191.27603149414062,-15.687517166137695,180.23161097742067,-191.28382026399342,-15.692808005827095,0.919891589888861,0.4433807570130569,0.06652614628582756,3.611175034346866e-05,35.51220081556373,60.067223728701016,nan,1.344393713856209,nan
93.87,179.3084259033203,-191.2846221923828,-15.688720703125,180.22825202213926,-191.29243804220957,-15.694138849310246,0.9198752810452759,0.4434297054253362,0.06654366950147504,3.682469976203609e-05,35.400228765860405,60.90792585296506,nan,nan,nan
93.88,179.30516052246094,-191.29322814941406,-15.689900398254395,180.22495242108874,-191.30105962102078,-15.69620492049528,0.9198468436264585,0.4434787401485242,0.06656125273437902,3.604792880266139e-05,35.57420117019072,60.33396615726098,nan,0.3825233068034658,nan
93.89,179.3019561767578,-191.30181884765625,-15.691057205200195,180.22172648837036,-191.3096789100121,-15.697497124202517,0.919826439748742,0.443527861656129,0.06657889617903673,3.676017760757741e-05,35.466016751886805,61.24951676194999,nan,nan,nan
93.9,179.29881286621094,-191.3104248046875,-15.692190170288086,180.233180812923,-191.32700031363754,-15.69752119354686,0.9345301638517859,0.4434628360438338,0.0665743322182227,3.596630799327222e-05,34.51582245556921,59.71060544717182,3.922600062841022,0.875142496113482,nan
93.91,179.29574584960938,-191.3190155029297,-15.6933012008667,180.23010355228973,-191.33564355786257,-15.698755940714392,0.9345215690158116,0.4435117466953406,0.06659198911658736,3.6677058747408307e-05,34.402798385414656,61.1154671383859,nan,nan,nan
93.92,179.292724609375,-191.32762145996094,-15.694390296936035,180.22707753571189,-191.34429170201238,-15.701043171131285,0.9345253065912192,0.443560743589144,0.06660970628464297,3.590981644739897e-05,34.694403965446114,59.93213359041966,nan,0.7727696409957036,nan
93.93,179.28976440429688,-191.33621215820312,-15.695456504821777,180.2241230320911,-191.35293654220837,-15.702246088492892,0.9345329575784166,0.44360982716609554,0.0666274839119385,3.662003976920949e-05,34.588371069682076,61.05909260047638,nan,nan,nan
93.94,179.28688049316406,-191.34481811523438,-15.696502685546875,180.2212196614952,-191.36158543702703,-15.704317733379934,0.9345222841272838,0.44365899728190933,0.06664532209902137,3.585677006306196e-05,34.902465246132074,60.73381240088101,nan,0.5315089566223182,nan
93.95,179.28404235839844,-191.35342407226562,-15.697526931762695,180.23810997255976,-191.38464266977797,-15.705580672734108,0.9546122123489419,0.44359390410608557,0.06664073300145008,3.654425567911462e-05,33.71085253222467,60.665694275292964,10.903456148898693,nan,nan
93.96000000000001,179.2811279296875,-191.36203002929688,-15.698638916015625,180.23531067746367,-191.39332491184405,-15.705096203862542,0.9547176453767191,0.44364286314178963,0.06665858405443574,3.578564928572678e-05,32.97688363446446,59.74615812284525,nan,1.9312397959324008,nan
93.97,179.2781524658203,-191.37063598632812,-15.699837684631348,180.23242920530757,-191.40201424876315,-15.706374668034101,0.9548148632231679,0.4436919087600335,0.0666764958105082,3.64941582936482e-05,32.85831037238878,59.81582614156825,nan,nan,nan
93.98,179.27511596679688,-191.37924194335938,-15.70112133026123,180.2294727438324,-191.41070809553995,-15.708774194600108,0.9549060388013334,0.4437410408461235,0.06669446837473662,3.573911342407608e-05,33.20173967166234,60.36112821568314,nan,0.7237125579452599,nan
93.99,179.2720184326172,-191.38784790039062,-15.702488899230957,180.22646104833242,-191.41939905833337,-15.71023555292464,0.9549953889440105,0.44379025979677567,0.06671250193003912,3.644730980452533e-05,33.08517207018237,60.43368959288612,nan,nan,nan
94.0,179.26885986328125,-191.39645385742188,-15.703940391540527,180.25245410080518,-191.42911542794317,-15.7109275009948,0.984161176829145,0.4437250987204979,0.06670788403981102,3.5674334589308365e-05,34.67218438112465,60.27701101844309,19.8226162668211,0.6276297834401756,nan
94.01,179.265625,-191.40505981445312,-15.705474853515625,180.24937400963745,-191.4377843960673,-15.712550477983243,0.9843185849439658,0.44377410634979214,0.06672592984966294,3.638140341973949e-05,34.55819440508439,59.89227704608854,nan,nan,nan
94.02,179.26234436035156,-191.41366577148438,-15.7070894241333,180.24623119609686,-191.44645408682985,-15.714293240468802,0.984459381663804,0.4438232003741876,0.06674403671206675,3.5633787513774125e-05,34.515888600299455,60.337976268916805,nan,0.0009282517986670353,nan
94.03,179.2589874267578,-191.42227172851562,-15.708786010742188,180.24302710376205,-191.45512423075314,-15.716081407876388,0.984614947906646,0.4438723811636844,0.06676220480582579,3.634067125539954e-05,34.402911939321896,59.88179950556277,nan,nan,nan
94.04,179.25558471679688,-191.43087768554688,-15.71056079864502,180.23975356851065,-191.46379824056285,-15.718958881701335,0.9847551063209533,0.44392164864345934,0.06678043424204946,3.5596049849257524e-05,34.79771398399672,60.72023654703515,nan,0.6934828309735531,nan
94.05,179.25210571289062,-191.43948364257812,-15.712414741516113,180.24122642257592,-191.48053448066665,-15.720968064107122,0.9900091458988942,0.4438564198344219,0.06677578395035492,3.628070472071513e-05,33.67791220358729,60.430381724373625,5.390509394930447,nan,nan
94.06,179.2485809326172,-191.44810485839844,-15.714346885681152,180.23785097970423,-191.48923152696287,-15.722041712054045,0.9901544522364806,0.44390547576306594,0.06679402501114927,3.553978223199702e-05,33.20845392338176,59.15262529494165,nan,0.6384270701231604,nan
94.07000000000001,179.2449951171875,-191.4567108154297,-15.716355323791504,180.23440856009654,-191.49793204215467,-15.724149847903773,0.9903024311532157,0.44395461835785843,0.06681232753993888,3.6245577995599193e-05,33.097410382025075,60.183164122843436,nan,nan,nan
94.08,179.24134826660156,-191.46531677246094,-15.718440055847168,180.2309092005395,-191.5066323411802,-15.72617403271536,0.990453246040866,0.4440038475680094,0.06683069165156053,3.550731230589668e-05,32.98514286379166,60.00179128213123,nan,0.017829098401740073,nan
94.09,179.23764038085938,-191.4739227294922,-15.720599174499512,180.22735113486215,-191.51533336458263,-15.728434423193473,0.990607696522405,0.444053163727647,0.06684911751934056,3.621307690452791e-05,32.87585020263492,59.85139681653375,nan,nan,nan
94.10000000000001,179.23388671875,-191.4825439453125,-15.722833633422852,180.25521135718424,-191.5240309729815,-15.729613868565256,1.022189396406664,0.44398786689733793,0.06684443112056135,3.5456141965696666e-05,34.67072421146248,58.69313704598608,24.817101453353843,0.7932917356640921,nan
94.11,179.23007202148438,-191.49114990234375,-15.725140571594238,180.25160484791473,-191.53270286157303,-15.732012433620733,1.0224006975658908,0.44403697126177066,0.06686286796045413,3.616104503555016e-05,34.5619670536063,59.63062033369424,nan,nan,nan
94.12,179.2261962890625,-191.499755859375,-15.727460861206055,180.24793818506583,-191.54137660644946,-15.73508130390558,1.0226176508267697,0.4440861621650648,0.06688136661960598,3.542848324487036e-05,34.77791974362582,59.73122044103378,nan,0.26985367709903896,nan
94.13,179.22227478027344,-191.5083770751953,-15.729765892028809,180.2442213682283,-191.55004851038564,-15.73752994627799,1.0228253114201769,0.44413543991982285,0.0668999272679836,3.6133446386621387e-05,34.69226719532241,58.69549311893183,nan,nan,nan
94.14,179.21829223632812,-191.51698303222656,-15.732039451599121,180.2404551832552,-191.5587185975173,-15.739296406635146,1.023040375976022,0.4441848045074051,0.06691855002536563,3.5403076151948896e-05,34.39482797301859,59.38494812863622,nan,0.30017377202417356,nan
94.15,179.21426391601562,-191.5255889892578,-15.734274864196777,180.23460930434604,-191.5685352997187,-15.741775149571307,1.0212763344707645,0.44411943974592466,0.06691382384627985,3.608614353937016e-05,34.07040917587482,59.524258350903864,0.8390327430284487,nan,nan
94.16,179.21017456054688,-191.53419494628906,-15.736470222473145,180.23072194069698,-191.5772155463666,-15.744765560890398,1.0214874153907785,0.4441685923031209,0.06693245690492403,3.535868593970101e-05,34.341593465755814,59.58213867111557,nan,0.28366176471389687,nan
94.17,179.20603942871094,-191.54281616210938,-15.73862361907959,180.22678681867566,-191.58589390757535,-15.747081561499742,1.0216909821781797,0.4442178316141252,0.06695115218222139,3.60630039254393e-05,34.265663958890975,58.51603412825713,nan,nan,nan
94.18,179.2018585205078,-191.55142211914062,-15.740735054016113,180.22281017411186,-191.59456834146323,-15.747883644206324,1.0218879477903882,0.44426715767949726,0.06696990980096257,3.533746384196719e-05,33.611929490808784,59.104305604675815,nan,1.5024345906045444,nan
94.19,179.19761657714844,-191.56002807617188,-15.742804527282715,180.2187722646649,-191.60324675905187,-15.750103543072731,1.0220959193385852,0.44431657078316067,0.06698872992667956,3.604194773521599e-05,33.52885502767617,58.8002514269318,nan,nan,nan
94.2,179.19332885742188,-191.56863403320312,-15.744832992553711,180.23767267729562,-191.63302270708112,-15.752550959847751,1.0463553327868145,0.44425113783911563,0.0669839602194651,3.529709558123985e-05,31.67715638645627,59.523832820407826,23.433265125204038,0.06013205693935516,nan
94.21000000000001,179.18898010253906,-191.57723999023438,-15.746821403503418,180.23356046666152,-191.64176500313965,-15.754693432167343,1.046600966575088,0.44430033866546886,0.06700278995415594,3.6000901802890034e-05,31.59630213650887,59.18259210153502,nan,nan,nan
94.22,179.18460083007812,-191.5858612060547,-15.748769760131836,180.22938296348073,-191.6505133246374,-15.759255383766096,1.046833105617859,0.4443496261662987,0.06702168225882538,3.5279664575953925e-05,32.878609611992424,59.65326110222997,nan,4.198269980530438,nan
94.23,179.18016052246094,-191.59446716308594,-15.750679969787598,180.2251728308405,-191.65925520925614,-15.761345370012537,1.0470730472862464,0.4443990006084906,0.06704063729632102,3.598369955196534e-05,32.809179787417506,60.43974580304024,nan,nan,nan
94.24,179.17567443847656,-191.6030731201172,-15.752552032470703,180.2209209440121,-191.667994313114,-15.762378504480681,1.0473068214169907,0.4444484620180727,0.06705965519339015,3.5264002956351926e-05,32.27237339690125,59.90084871658892,nan,0.7227310088410782,nan
94.25,179.171142578125,-191.61167907714844,-15.754385948181152,180.22502624593602,-191.69632133810146,-15.764251778642576,1.0573232392361118,0.4443829609176219,0.06705483823146535,3.594634542161047e-05,29.599381264695168,60.40239276308874,31.806118580869494,nan,nan
94.26,179.16661071777344,-191.6202850341797,-15.756183624267578,180.22071429783585,-191.70512641187574,-15.763345857960449,1.057536625588561,0.4444322098096513,0.06707386502712309,3.522892867127041e-05,28.23285317917786,58.88480560818502,nan,5.749891268823093,nan
94.27,179.16213989257812,-191.62889099121094,-15.757946014404297,180.21641084388594,-191.71393816699293,-15.765248607492248,1.0577209408656822,0.4444815455463477,0.06709295477782135,3.593261799724973e-05,28.14426667817994,59.01790047177505,nan,nan,nan
94.28,179.15773010253906,-191.63751220703125,-15.759673118591309,180.21217149488416,-191.72274695460706,-15.765976008688693,1.0578994935760957,0.4445309681687875,0.06711210761268477,3.5216522946441545e-05,27.67432668379447,57.108835626240044,nan,0.9074458616739807,nan
94.29,179.1533966064453,-191.6461181640625,-15.761364936828613,180.207997623663,-191.73155808652606,-15.767799084953285,1.0580759349542266,0.4445804779213614,0.06713132369105365,3.592050960805611e-05,27.582792269629167,58.23606769277925,nan,nan,nan
94.3,179.14913940429688,-191.65472412109375,-15.76302433013916,180.18462582011773,-191.7271318563735,-15.771015240452263,1.038045688842979,0.44451490844065644,0.06712645569194699,3.518455555993392e-05,29.020688847990236,58.079290933009055,7.517922768382904,1.4284589294885968,nan
94.31,179.14495849609375,-191.663330078125,-15.764649391174316,180.1805859471388,-191.73590771825062,-15.772786865806085,1.0381993785866335,0.4445642054258969,0.06714567993809173,3.588798503485653e-05,28.936329307286588,57.88461260866797,nan,nan,nan
94.32000000000001,179.140869140625,-191.67193603515625,-15.766242980957031,180.17662234361262,-191.74468578097685,-15.77556190083289,1.0383467943243871,0.4446135892139339,0.06716496748912766,3.517507147426377e-05,29.44525724932757,58.54176255917375,nan,0.7491171401236756,nan
94.33,179.13687133789062,-191.6805419921875,-15.767804145812988,180.17274600872582,-191.75346175469474,-15.77728074205972,1.0384813100477384,0.4446630600359452,0.06718431850230432,3.5878839415172616e-05,29.36447322548094,58.6961950419239,nan,nan,nan
94.34,179.1329345703125,-191.68914794921875,-15.76933479309082,180.16896195548384,-191.76223343613304,-15.77672472117191,1.0386283465511144,0.44471261795277417,0.06720373310983443,3.516694698520268e-05,28.301038230965602,57.212852797199425,nan,3.523087719134697,nan
94.35000000000001,179.12908935546875,-191.69775390625,-15.770834922790527,180.1473216468867,-191.76568160319815,-15.77834098511126,1.0205231561657389,0.44464698006596726,0.06719881030429226,3.584913238253341e-05,27.964030345789286,57.17840631597938,2.928110659520244,nan,nan
94.36,179.12530517578125,-191.70635986328125,-15.77230453491211,180.1436489095984,-191.7744534706729,-15.780268456414069,1.020648873814079,0.44469632497049894,0.06721823233104492,3.513901868502697e-05,28.08501440437778,56.94404071766855,nan,0.07196119078186008,nan
94.37,179.12161254882812,-191.71498107910156,-15.7737455368042,180.14005379252424,-191.78322492327962,-15.781849680336027,1.0207573003764785,0.44474575681295586,0.06723771803494397,3.58426310024022e-05,28.001878514734845,55.99160172585488,nan,nan,nan
94.38,179.11798095703125,-191.7235870361328,-15.775157928466797,180.13653797274418,-191.7919947783626,-15.782432187372743,1.0208775285496479,0.4447952756657196,0.06725726755002731,3.513336684781878e-05,27.56400598611425,56.46119447884949,nan,0.6600200083248065,nan
94.39,179.1144256591797,-191.73219299316406,-15.776541709899902,180.1330902197626,-191.80076676881822,-15.78394829302545,1.0209969182953766,0.4448448817427071,0.06727688103084645,3.5837358063623296e-05,27.477234445516604,56.48693496195168,nan,nan,nan
94.4,179.11094665527344,-191.7407989501953,-15.777897834777832,180.12440199925217,-191.80806044383374,-15.786900291239679,1.0157248086897717,0.4447791752455337,0.06727189960931644,3.510778050619504e-05,28.099405983712096,57.221559045861824,0.32413463865413583,1.5804033942453415,nan
94.41,179.10752868652344,-191.74940490722656,-15.779227256774902,180.1210863162412,-191.8168318817419,-15.788377082398302,1.01583915309477,0.4448285680575967,0.06729151974135363,3.581128735673454e-05,28.018401050178838,56.93719226523816,nan,nan,nan
94.42,179.10418701171875,-191.75802612304688,-15.780529975891113,180.1178418800716,-191.8256028587206,-15.789261427105476,1.0159424420606105,0.4448780477942818,0.06731120389758206,3.5104322975087905e-05,27.744208997376322,55.680127485807475,nan,0.22533826833943835,nan
94.43,179.1009063720703,-191.76663208007812,-15.781806945800781,180.1146620270125,-191.83437532119524,-15.790681543724261,1.0160553297594805,0.4449276146594988,0.06733095223097343,3.580823370662102e-05,27.66223350324544,56.67459142628215,nan,nan,nan
94.44,179.09768676757812,-191.77523803710938,-15.783058166503906,180.1115503611314,-191.84314741203502,-15.791542442199786,1.0161707791850985,0.44497726874061316,0.06735076487790392,3.5101883560407464e-05,27.404484296363933,56.33853031205225,nan,0.200503720450773,nan
94.45,179.09454345703125,-191.7838592529297,-15.784284591674805,180.13234792085296,-191.85791195454001,-15.792797110380377,1.0404779530190813,0.4449114935655325,0.06734572103875028,3.578425730777624e-05,27.87823946443526,55.5435235613299,6.0943334217492335,nan,nan
94.46000000000001,179.09146118164062,-191.79246520996094,-15.785486221313477,180.12940575072435,-191.86668874937556,-15.793862690315745,1.0406287654714186,0.4449609341323693,0.0673655395515682,3.5079296682084465e-05,27.74483475727644,56.599186165344854,nan,0.05275978834853182,nan
94.47,179.0884246826172,-191.80108642578125,-15.786664009094238,180.1265245374648,-191.87546642310136,-15.795176243532586,1.040795921769063,0.44501046173204334,0.06738542244935605,3.578316051919228e-05,27.664581336656344,54.980424252414004,nan,nan,nan
94.48,179.08546447753906,-191.8096923828125,-15.787818908691406,180.12370163076588,-191.88424539896718,-15.797127147985748,1.0409520555131466,0.44506007646054396,0.06740536986984524,3.5078682726570745e-05,28.001886882218656,56.83894122411292,nan,0.30627939384661,nan
94.49,179.0825653076172,-191.8183135986328,-15.788949966430664,180.12094128679064,-191.89302380729148,-15.79840223509552,1.0411030855708574,0.4451097785088698,0.06742538196400007,3.5782970276766834e-05,27.92358541936395,55.629655507734064,nan,nan,nan
94.5,179.0797119140625,-191.82691955566406,-15.790059089660645,180.12865533863365,-191.90211291644712,-15.796960647672847,1.051657729948246,0.44504393446474294,0.06742027187814806,3.505781113106643e-05,27.31157238966281,55.41743833964064,2.328551598151982,4.796307468526593,nan
94.51,179.07691955566406,-191.83554077148438,-15.791146278381348,180.12603166847552,-191.910885159895,-15.798165054644913,1.0518375660399895,0.44509342274334435,0.0674402890343494,3.576165242939321e-05,27.226622660444566,54.24102627357028,nan,nan,nan
94.52,179.07418823242188,-191.8441619873047,-15.792211532592773,180.12346051396668,-191.91965935171726,-15.800371477855718,1.0520165196222788,0.4451429980626443,0.06746037091863441,3.5058795632479404e-05,27.644534455251538,54.80084866714653,nan,0.7362333689545935,nan
94.53,179.07150268554688,-191.85276794433594,-15.793254852294922,180.1209481674886,-191.92843268741083,-15.801544885026107,1.0522023082825644,0.4451926606062687,0.06748051768081707,3.576307404955227e-05,27.561868072287382,55.768403673861854,nan,nan,nan
94.54,179.06887817382812,-191.86138916015625,-15.794278144836426,180.11849996133768,-191.9372028719439,-15.799797147577667,1.052370692817423,0.44524241048125607,0.06750072946033513,3.506051980474768e-05,26.40599516117202,53.596779914180935,nan,5.922503934658984,nan
94.55,179.06629943847656,-191.87001037597656,-15.795280456542969,180.146847597898,-191.95218361820451,-15.800906370995829,1.0836828029828265,0.44517649746764687,0.06749554930363201,3.5743264746793986e-05,27.307012684449116,53.98590419185722,10.191374755745686,nan,nan
94.56,179.06378173828125,-191.87863159179688,-15.796263694763184,180.14455206198986,-191.96095687069325,-15.801208684378878,1.0839125412490023,0.44522603331948957,0.06751576532449827,3.5041804616833846e-05,27.017103334494063,53.88133266295783,nan,0.4324634541281415,nan
94.57000000000001,179.06118774414062,-191.8872528076172,-15.797333717346191,180.14224432278013,-191.9697317807298,-15.8023215629013,1.084209844001033,0.4452756563000507,0.0675360464238866,3.574608666410155e-05,26.917309582134397,53.75407695603427,nan,nan,nan
94.58,179.0585174560547,-191.8958740234375,-15.798491477966309,180.1398645840727,-191.97850799965954,-15.804166000600027,1.0845147235082675,0.4453253665226235,0.06755639274220017,3.504483125473373e-05,27.04288217271457,53.76534955703914,nan,0.29145674092349855,nan
94.59,179.0557861328125,-191.9044952392578,-15.799734115600586,180.13741787127523,-191.98728385188113,-15.8054609733792,1.0848105682237905,0.4453751641614623,0.06757680442781991,3.5749555792097485e-05,26.94402791241616,53.85705511776591,nan,nan,nan
94.60000000000001,179.05299377441406,-191.91311645507812,-15.80106258392334,180.13987984262366,-191.99548238612914,-15.80591295122631,1.0900133017211235,0.4453091819952789,0.06757155035918937,3.5027329414644896e-05,27.039277619450715,53.70324535280854,1.3158902112872566,0.46325678111941343,nan
94.61,179.0501251220703,-191.92173767089844,-15.802474021911621,180.13730775256116,-192.0042531295143,-15.807369236685695,1.0903205198836077,0.44535876535275026,0.06759196544785381,3.573162159012347e-05,26.94164601121507,53.51284392857286,nan,nan,nan
94.62,179.0471954345703,-191.93035888671875,-15.80396842956543,180.13466558199892,-192.01302574727768,-15.810066570293394,1.090624737800953,0.4454084358619296,0.06761244595329914,3.5031477582640065e-05,27.235861267876384,53.9473976121833,nan,0.9430288117934462,nan
94.63,179.044189453125,-191.93898010253906,-15.80554485321045,180.13196102796888,-192.0217976582908,-15.81170223140806,1.0909370558768763,0.44545819369181666,0.06763299202310721,3.573621774885262e-05,27.139472964940715,53.684819698344626,nan,nan,nan
94.64,179.04112243652344,-191.94760131835938,-15.807202339172363,180.12919571812736,-192.03056847407692,-15.81187410505401,1.0912418799077714,0.4455080389635873,0.06765360379886928,3.50361437672349e-05,26.6057940759682,53.24395828849603,nan,1.6845353123964995,nan
94.65,179.03799438476562,-191.9562225341797,-15.808939933776855,180.08588246969182,-192.02501245945354,-15.813790328334598,1.0501547593935123,0.44544198751890324,0.06764827198106312,3.571932880022856e-05,26.28391577979852,52.51018409824311,14.921484567687147,nan,nan
94.66,179.03480529785156,-191.96485900878906,-15.81075668334961,180.08291731251484,-192.0337641206379,-15.815493269687929,1.0503852364587716,0.4454916182521289,0.06766888630522742,3.502013081964043e-05,26.1723047950275,51.32020722285165,nan,0.019069631646742143,nan
94.67,179.03155517578125,-191.97348022460938,-15.812651634216309,180.07988882678998,-192.04251615294348,-15.81743874874669,1.0506152101049069,0.44554133621030834,0.06768956638721949,3.572488545800076e-05,26.07759563142919,52.41429512288525,nan,nan,nan
94.68,179.0282440185547,-191.9821014404297,-15.814623832702637,180.06473123093414,-192.04139308975394,-15.819697033733835,1.0381940947984762,0.43879905803065306,0.06316074917063395,3.5025607196810265e-05,35.1225019963997,61.493909962458964,nan,0.03819102603603198,0.021436248632358334
94.69,179.02487182617188,-191.99072265625,-15.816672325134277,180.06158174051413,-192.05013642755037,-15.821801520166348,1.0384236858610905,0.43885184557974544,0.06317312593522241,3.573080381499907e-05,34.99079379754934,61.41953100672143,nan,nan,nan
94.7,179.0214385986328,-191.99935913085938,-15.81879711151123,180.03058706724465,-192.05286260098055,-15.823654289726674,1.0105774810457864,0.43878354093136207,0.06316849697372491,3.501041841789153e-05,33.9031107440576,59.8498028478672,7.778831619853768,0.11656642820535155,nan
94.71000000000001,179.01792907714844,-192.0079803466797,-15.820995330810547,180.02727251050962,-192.06161094715532,-15.82590953460399,1.0107791831926678,0.43883610126755984,0.0631809116444074,3.571518072128926e-05,33.77351670404663,60.569495018671084,nan,nan,nan
94.72,179.01438903808594,-192.0166015625,-15.823267936706543,180.02388162358415,-192.07034241220884,-15.8272813195106,1.010930000714598,0.4388887477956214,0.06319338424370426,3.5016727071102846e-05,33.423755534124915,60.83451915256596,nan,0.6482204178505471,nan
94.73,179.01077270507812,-192.02523803710938,-15.825556755065918,180.02044983254157,-192.07909027659397,-15.829648321006395,1.0111205201815414,0.4389414815839319,0.063205915775267,3.572193371043026e-05,33.30367705536332,59.16133130805056,nan,nan,nan
94.74,179.00709533691406,-192.0338592529297,-15.827832221984863,180.01698053312612,-192.087857490391,-15.833153037155814,1.0113417969466454,0.43899430186584754,0.06321850554047956,3.5023381931865644e-05,33.51243964247731,60.448572800259285,nan,0.9094474551508955,nan
94.75,179.0033721923828,-192.04248046875,-15.830077171325684,180.0153207289239,-192.10009745150177,-15.83560940023303,1.0136025665248538,0.43892588378078673,0.06321395267652007,3.570699905801096e-05,32.97043200113872,60.83020291245437,1.9150193162913463,nan,nan
94.76,178.9995880126953,-192.0511016845703,-15.832284927368164,180.01172661150773,-192.10886466870014,-15.83819484320062,1.0138027582556106,0.43897847653029026,0.06322657992856894,3.5009167425576885e-05,32.98014011939247,60.73522257304973,nan,0.04644188919407883,nan
94.77,178.99575805664062,-192.0597381591797,-15.834453582763672,180.0080720666133,-192.11762740984784,-15.84048885660853,1.0139858207392494,0.43903115642535184,0.06323926634634254,3.571437433869364e-05,32.87414101357229,59.64534106705462,nan,nan,nan
94.78,178.99185180664062,-192.068359375,-15.836580276489258,180.00438634939775,-192.12641284979222,-15.844136570418282,1.0142255684953763,0.43908392275000535,0.06325201129620951,3.501639630712136e-05,33.35579623026267,60.83923711865685,nan,1.3697139387749,nan
94.79,178.9879150390625,-192.0769805908203,-15.838665962219238,180.00062191815456,-192.13517540680633,-15.846364354050255,1.0144067846800018,0.4391367764964411,0.06326481568537767,3.572203750804756e-05,33.25389358789929,61.26900155215957,nan,nan,nan
94.8,178.98390197753906,-192.08560180664062,-15.840710639953613,180.00802561266136,-192.14558694964364,-15.84950386855204,1.025916545468674,0.43906824462057187,0.06326033409423562,3.5002705663388205e-05,34.252004583009104,61.2766564387366,1.5665692549098347,0.6542437924127081,nan
94.81,178.9798583984375,-192.09423828125,-15.842714309692383,180.00417188922248,-192.15434406215206,-15.851661083673875,1.0261144561239874,0.4391208704916104,0.06327317549137304,3.5707900901986043e-05,34.158432846106294,60.49901299317247,nan,nan,nan
94.82000000000001,178.9757537841797,-192.1028594970703,-15.84467887878418,180.00025766800468,-192.16309370375183,-15.853314787685312,1.0263093814974074,0.4391735827276101,0.06328607571383095,3.501040231073284e-05,33.91898159029806,61.21922811047013,nan,0.15225322022303758,nan
94.83,178.97158813476562,-192.11148071289062,-15.846603393554688,179.9962989937975,-192.17185038936248,-15.855389964372412,1.0265252292476228,0.4392263822702331,0.0632990356070591,3.5716029442989776e-05,33.823530297617,60.92845953122571,nan,nan,nan
94.84,178.96737670898438,-192.12010192871094,-15.848489761352539,179.99224131265893,-192.18056276137747,-15.854564927897655,1.02666444167522,0.4392792684794368,0.06331205462912763,3.5018316056893706e-05,32.589065733235174,59.8056031911532,nan,5.779651252135333,nan
94.85000000000001,178.963134765625,-192.12872314453125,-15.85033893585205,179.99074816375918,-192.1894519880595,-15.856464267936477,1.0294245033776377,0.43921062416587964,0.06330764096632209,3.570231494367967e-05,32.68014531592463,59.849737061305404,0.35962660419303333,nan,nan
94.86,178.9589080810547,-192.13734436035156,-15.852150917053223,179.9867034158098,-192.19822061589136,-15.859400183449887,1.0296221251003876,0.4392632821833437,0.063320696523476,3.500521516825449e-05,33.00202591260055,60.03445703453075,nan,0.7079691293163016,nan
94.87,178.95472717285156,-192.14596557617188,-15.853927612304688,179.98267989720193,-192.20697398440038,-15.861309145339577,1.0297879958534524,0.4393160273920109,0.06333381198038827,3.571081390089066e-05,32.897965102003376,59.737923716975125,nan,nan,nan
94.88,178.95062255859375,-192.1545867919922,-15.855668067932129,179.9787152884955,-192.21572590622725,-15.863102909309244,1.0299358860786287,0.43936885920162844,0.06334698685339074,3.501346828715746e-05,32.821682138282455,59.85281592562286,nan,0.0045621314726483515,nan
94.89,178.94659423828125,-192.16322326660156,-15.85737419128418,179.97482256378015,-192.2244788139005,-15.864942330272319,1.0300791271358287,0.4394217784790226,0.06336022190134694,3.57194858412092e-05,32.72008784416013,58.628160783782434,nan,nan,nan
94.9,178.942626953125,-192.17184448242188,-15.85904598236084,179.9614262947143,-192.2326758091921,-15.868761678552866,1.0206600528539922,0.43935302149754,0.06335587137149401,3.500067304312773e-05,33.17136693346699,60.457575972224866,4.656554635434909,2.15625411285347,nan
94.91,178.93875122070312,-192.1804656982422,-15.860684394836426,179.957670208369,-192.24143680680325,-15.870558360061015,1.0207893390384046,0.4394057122437991,0.06336914242630222,3.570622811283285e-05,33.07645148303425,60.68169788992285,nan,nan,nan
94.92,178.93495178222656,-192.1890869140625,-15.862290382385254,179.95400898413862,-192.2502143564496,-15.87349980204211,1.0209504376171608,0.43945848952434935,0.06338247317907912,3.500918780940064e-05,33.807115978461546,61.40377350762818,nan,0.9767055334280217,nan
94.93,178.93121337890625,-192.1977081298828,-15.863863945007324,179.95040542775632,-192.2589753448183,-15.875245235313436,1.0210953128059073,0.43951135415742937,0.06339586433409139,3.571515803565079e-05,33.718447647422785,60.987094878135714,nan,nan,nan
94.94,178.9275665283203,-192.20632934570312,-15.86540699005127,179.9468590150479,-192.2677206640209,-15.875816285457754,1.0211926463184837,0.4395643056257836,0.06340931548885025,3.501782609554506e-05,33.05867300069457,60.70683720468912,nan,0.9226137738273488,nan
94.95,178.92398071289062,-192.21495056152344,-15.866918563842773,179.96770116711903,-192.28946666358286,-15.877449409641557,1.0464300907151507,0.4394954372033354,0.06340502448510722,3.570213079757689e-05,32.419263965509295,60.972522475581385,9.678328999378687,nan,nan
94.96000000000001,178.92047119140625,-192.22357177734375,-15.868400573730469,179.9643133136709,-192.2982199010547,-15.875955161301908,1.0465351357603512,0.4395481598268983,0.06341851112140015,3.500534365929874e-05,30.81768655161505,59.45145059643005,nan,6.947088939726769,nan
94.97,178.9170379638672,-192.23219299316406,-15.869852066040039,179.96104279746075,-192.30701525859214,-15.877537761859749,1.0467108167448846,0.439600969687845,0.06343205838485863,3.5711250503547644e-05,30.715797281026514,59.49902392909496,nan,nan,nan
94.98,178.91366577148438,-192.24081420898438,-15.871275901794434,179.95781615626728,-192.3157881892297,-15.87735390419772,1.0468562775612218,0.4396538663158897,0.06344566592381079,3.5014153753615715e-05,29.992147474953335,58.623292362999095,nan,2.1314939164778774,nan
94.99,178.9103546142578,-192.2494354248047,-15.87267017364502,179.95468250352647,-192.32458424314459,-15.878863125123793,1.0470465308906913,0.43970685045868957,0.06345933436690986,3.572046165279619e-05,29.88704082245465,58.45042159875038,nan,nan,nan
95.0,178.90711975097656,-192.25807189941406,-15.874037742614746,179.97720941538697,-192.3473157871804,-15.88056961970994,1.0738244860311243,0.4396378704843676,0.06345509811809191,3.500182331994585e-05,29.336069894286418,58.24922330385693,11.10113219760045,0.055126667197722634,nan
95.01,178.90394592285156,-192.26669311523438,-15.875377655029297,179.97425241894086,-192.35614922339812,-15.88202682727647,1.0740589380245082,0.43969062544705,0.06346880146667216,3.5707650669235846e-05,29.23206560721129,59.338143869811354,nan,nan,nan
95.02,178.9008331298828,-192.2753143310547,-15.876690864562988,179.97137069358422,-192.36499316352914,-15.884278825955208,1.0743139882957005,0.4397434671073443,0.06348256536108247,3.501075050601703e-05,29.51590110830105,59.60047509018329,nan,0.47535263154079876,nan
95.03,178.8977813720703,-192.283935546875,-15.87797737121582,179.9685400377761,-192.37382737603667,-15.88569278637773,1.0745530181267038,0.43979639616786737,0.06349639038297905,3.5716975071666043e-05,29.415949482485512,59.52165025294749,nan,nan,nan
95.04,178.89479064941406,-192.29257202148438,-15.87923812866211,179.96574794597544,-192.3826418249264,-15.885412921537156,1.0747558925715093,0.43984941222599483,0.06351027625065493,3.5019736376161645e-05,28.71898835486181,57.60991788728092,nan,1.9645303686897821,nan
95.05,178.89186096191406,-192.3011932373047,-15.880475044250488,179.97706529954067,-192.39877950718497,-15.886757126203603,1.0896013027830018,0.43978032180767473,0.06350609091821931,3.570426297991465e-05,28.391918709819095,59.26216838734413,2.9508529522191798,nan,nan
95.06,178.8889923095703,-192.309814453125,-15.881686210632324,179.97447276049778,-192.40766205067845,-15.890515527928008,1.089917390693707,0.4398331083743837,0.0635200111150015,3.5007528301274464e-05,29.392677878697747,60.36363533530962,nan,4.182581233210895,nan
95.07000000000001,178.8861846923828,-192.31845092773438,-15.88287353515625,179.9719051032026,-192.41651645585162,-15.89184050887661,1.0901770796037256,0.4398859822271353,0.06353399266028861,3.571365369165367e-05,29.29911409855724,59.10049267098224,nan,nan,nan
95.08,178.8834228515625,-192.3270721435547,-15.884037017822266,179.96939989795717,-192.4253764976313,-15.89358672368203,1.0904591180821637,0.43993894300615316,0.0635480353155592,3.501657208117193e-05,29.53260319023518,60.43483643847473,nan,0.13921046919316304,nan
95.09,178.88072204589844,-192.335693359375,-15.885177612304688,179.96694440327641,-192.43423207610462,-15.894870687514654,1.0907258335940873,0.4399919913496777,0.06356213959814126,3.5723080896255674e-05,29.438899987285133,60.4748472774678,nan,nan,nan
95.10000000000001,178.87806701660156,-192.34432983398438,-15.886295318603516,179.97009147520504,-192.44601767668198,-15.896178486927349,1.0967932861559753,0.4399227904871639,0.06355800042869993,3.50044134770766e-05,29.42559695279561,59.38540120082874,0.47833142998184464,0.0025025089652385537,nan
95.11,178.87547302246094,-192.3529510498047,-15.88739013671875,179.96775321432528,-192.4548817789735,-15.897419252597215,1.097071772608065,0.4399756090083357,0.06357213841797722,3.5710424350640525e-05,29.333321902316758,60.703017680150715,nan,nan,nan
95.12,178.87294006347656,-192.36158752441406,-15.888463973999023,179.96547826719933,-192.46375574381355,-15.899507429828722,1.097360482961591,0.4400285143829572,0.06358633777608284,3.5013478447083254e-05,29.88367141522834,60.15485033274807,nan,0.5322565558682721,nan
95.13,178.8704376220703,-192.37022399902344,-15.88951587677002,179.96324361941856,-192.4726209078205,-15.900715074099592,1.0976499882896755,0.44008150720879385,0.0636005989809117,3.571986943993349e-05,29.797275938026992,59.766144277753654,nan,nan,nan
95.14,178.8679962158203,-192.37884521484375,-15.890547752380371,179.961059172878,-192.48148673885706,-15.901902425807977,1.0979302524077468,0.440134587403664,0.06361492201041395,3.644060801165908e-05,29.706883286783352,61.136400627019164,nan,nan,nan
95.15,178.8656005859375,-192.38748168945312,-15.891557693481445,179.93529174184994,-192.4839493789834,-15.902954465566415,1.0740926731779488,0.4400652770960717,0.06361082496472341,3.71519388581608e-05,29.13172014742409,59.288429229168855,5.163508027201574,nan,nan
95.16,178.86326599121094,-192.3961181640625,-15.892548561096191,179.93315838929618,-192.4928066257863,-15.90348467436478,1.0743081497803753,0.44011812692575697,0.06362518090544124,3.636926969629152e-05,28.809315094617297,59.21952845027908,nan,0.24772652522656233,nan
95.17,178.86083984375,-192.4047393798828,-15.893627166748047,179.93102032938313,-192.5016707872138,-15.904659514686,1.0746179238492886,0.44017106411065265,0.06363959892205652,3.710223405866183e-05,28.689462197773118,60.036543461331746,nan,nan,nan
95.18,178.8583526611328,-192.4133758544922,-15.894791603088379,179.92878963924525,-192.51051801141273,-15.90415928053806,1.0748765864704972,0.44022408835750965,0.06365407884735916,3.632225591433458e-05,27.71515853433728,58.03682074492604,nan,2.035249181638692,nan
95.19,178.8557891845703,-192.42201232910156,-15.896041870117188,179.92650863929842,-192.5193833046196,-15.905491809123767,1.075179314790707,0.4402772002379206,0.0636686211281,3.7053949910678164e-05,27.60013638598178,57.848276398621785,nan,nan,nan
95.2,178.85316467285156,-192.43064880371094,-15.897377967834473,179.93368585110017,-192.5296940746904,-15.90461557724652,1.0850752809538826,0.4402077805704315,0.06366456145398182,3.625392917750965e-05,26.938976017683373,57.06935078720213,0.9733021503050184,3.4354060053477578,nan
95.21000000000001,178.8504638671875,-192.4392852783203,-15.898797035217285,179.93128043489708,-192.53855680027033,-15.906096834654178,1.0853905173611935,0.4402606619930007,0.06367913614812408,3.6983500269531396e-05,26.826579957109995,56.87430387047218,nan,nan,nan
95.22,178.84768676757812,-192.4479217529297,-15.900299072265625,179.92878483857973,-192.54740207050548,-15.905737702448324,1.085679027800868,0.44031363040357513,0.06369377300038642,3.6209729897272605e-05,26.095127965127062,56.038431352479485,nan,2.4406695826893468,nan
95.23,178.8448486328125,-192.45655822753906,-15.90188217163086,179.92624330066417,-192.55626571991527,-15.907367328999957,1.0859954413556885,0.4403666863334672,0.06370847242157321,3.693817232573951e-05,25.985302519118534,56.048507534264736,nan,nan,nan
95.24,178.84194946289062,-192.46519470214844,-15.903547286987305,179.9236318721299,-192.5651271420044,-15.908805518481984,1.0863015124686635,0.44041982954993514,0.06372323429812116,3.616692300994937e-05,25.82785578605223,55.9975240130069,nan,0.04945553064627446,nan
95.25,178.8389892578125,-192.4738311767578,-15.905291557312012,179.95827688498335,-192.58275071833114,-15.910505920402779,1.1245867900952486,0.4403503014534421,0.06371920780640132,3.68709014079935e-05,26.68778964526862,56.70217274591882,12.265115504572965,nan,nan
95.26,178.83595275878906,-192.4824676513672,-15.90711498260498,179.9555866463252,-192.59160649398336,-15.911329377152978,1.124948483357479,0.44040321390600123,0.06373400142330186,3.6103087728190004e-05,26.336385408138494,56.20946751918024,nan,0.7252727040817861,nan
95.27,178.83285522460938,-192.49110412597656,-15.909017562866211,179.95284310779596,-192.60047184157568,-15.913268200164042,1.125323164081131,0.4404562137645344,0.0637488578204513,3.682854913715964e-05,26.22926784759666,56.15512305027578,nan,nan,nan
95.28,178.82969665527344,-192.49974060058594,-15.910996437072754,179.95002192594748,-192.60932624235798,-15.913984598804166,1.1256760875598248,0.44050930083306816,0.06376377691614854,3.606313858951489e-05,25.880753059923084,55.8616547832081,nan,1.1246658547707071,nan
95.29,178.82647705078125,-192.5083770751953,-15.91305160522461,179.94715104289074,-192.61819174760274,-15.916066935100796,1.1260455368593352,0.44056247558769157,0.06377875907363838,3.6787660768371475e-05,25.775102688720725,55.785203387993505,nan,nan,nan
95.3,178.82318115234375,-192.5170135498047,-15.915182113647461,179.9293380816493,-192.62803206003056,-15.91904806764526,1.1117208316226472,0.44049283922515275,0.06377476101109435,3.600233538843701e-05,24.86619367836394,55.63735694295426,5.10633983765185,0.4294526021315522,nan
95.31,178.81983947753906,-192.52565002441406,-15.917387962341309,179.92631997091866,-192.6369173075128,-15.921291662354376,1.1120677719417602,0.44054578289317026,0.06378977419722927,3.672507143440822e-05,24.76143551153149,55.76561772466326,nan,nan,nan
95.32000000000001,178.81643676757812,-192.53428649902344,-15.91966724395752,179.9232411417643,-192.64580273867855,-15.923634221568621,1.1124151793893415,0.4405988136927619,0.06380485031978748,3.596523309200361e-05,24.679941195438445,55.65938885362125,nan,0.0003831492476444625,nan
95.33,178.81297302246094,-192.5429229736328,-15.921961784362793,179.92010181123013,-192.6546877961543,-15.925998975974997,1.1127631506259097,0.44065193206660835,0.06381998971392985,3.6687153901476134e-05,24.583086497643777,55.5299746208728,nan,nan,nan
95.34,178.80943298339844,-192.5515594482422,-15.92424201965332,179.91689324484653,-192.66356496953532,-15.92736679891991,1.1131142042631101,0.4407051378689238,0.06383519233990877,3.5929526519549756e-05,24.308477800733385,54.93786406785369,nan,0.6673936525964909,nan
95.35000000000001,178.80584716796875,-192.56019592285156,-15.926492691040039,179.9298827208179,-192.6887555088611,-15.929797185258801,1.1313683798417962,0.44063539407767094,0.06383121836858281,3.662768467884534e-05,22.912824014637888,56.29891246105951,17.686881509082063,nan,nan
95.36,178.80221557617188,-192.56883239746094,-15.928706169128418,179.92659681323875,-192.69769465151882,-15.932036970171767,1.1317463236187224,0.44068836848905,0.06384645130370595,3.5873145960416415e-05,22.82178487557553,56.3517458518061,nan,0.002795011867851987,nan
95.37,178.7985076904297,-192.5774688720703,-15.930879592895508,179.92325396402344,-192.7066341353256,-15.934303049800864,1.132143791773834,0.4407414303636144,0.06386174771781487,3.6592698599826104e-05,22.73217497917065,55.93009233599702,nan,nan,nan
95.38,178.7947540283203,-192.5861053466797,-15.933011054992676,179.91983568866374,-192.71555896751804,-15.934511757699697,1.1325057326556425,0.44079457958580603,0.06387710759578678,3.584024372873391e-05,22.37397707214647,55.69665832906688,nan,2.7384826026300764,nan
95.39,178.7909393310547,-192.59474182128906,-15.935101509094238,179.9163799120099,-192.72449808947468,-15.93667755654302,1.1328970272358367,0.44084781655290645,0.06389253123599326,3.655914393105895e-05,22.279121796875785,55.46094007511572,nan,nan,nan
95.4,178.78707885742188,-192.60337829589844,-15.937150955200195,179.8891217410602,-192.72982579526328,-15.938621309489184,1.109274379680347,0.4407779655782383,0.06388857660972032,3.578677987949792e-05,21.411652431664198,55.15574038797094,5.8394439788841765,0.011731523399462351,nan
95.41,178.7831573486328,-192.6120147705078,-15.939159393310547,179.88551716943172,-192.73877236303304,-15.94070482635608,1.1096247339248944,0.44083097083669714,0.06390402980539002,3.6504182502044837e-05,21.317558022293795,54.91467569501517,nan,nan,nan
95.42,178.7791748046875,-192.6206512451172,-15.94112777709961,179.88185515556177,-192.74771611205855,-15.942379528267791,1.1099779292832848,0.4408840633602365,0.06391954669190915,3.575662344970327e-05,21.19773583439631,54.609220625700495,nan,0.09242459251441056,nan
95.43,178.775146484375,-192.62928771972656,-15.9430570602417,179.87814262238328,-192.7566619430972,-15.94438172733641,1.1103271715955474,0.44093724351891644,0.06393512754619371,3.647347953828537e-05,21.103915363910478,54.5795609349635,nan,nan,nan
95.44,178.7711181640625,-192.63792419433594,-15.944948196411133,179.87439956882938,-192.76560373973584,-15.945765571181672,1.1106451244746947,0.44099051123807426,0.06395077238520416,3.572780451089549e-05,20.97555317619493,54.34385122809576,nan,0.22804940950316074,nan
95.45,178.7671356201172,-192.64654541015625,-15.94680118560791,179.91763492162679,-192.79492372916155,-15.947445836994223,1.160028096168503,0.4409205538401353,0.06394683264684124,3.642146195757583e-05,20.751680561853757,57.398296322489166,25.43739207193495,nan,nan
95.46000000000001,178.76321411132812,-192.65518188476562,-15.948617935180664,179.91404370594665,-192.80390676450466,-15.948739153948178,1.1603998709053818,0.44097358954823473,0.06396250627722722,3.5678522450032516e-05,20.641520780996125,55.88777224512236,nan,0.23405578670350374,nan
95.47,178.7593536376953,-192.663818359375,-15.950397491455078,179.9105214196411,-192.81289324561735,-15.95057816647817,1.1607801758048835,0.44102671278232874,0.0639782440783091,3.639353049084294e-05,20.543539712658117,55.64249737721038,nan,nan,nan
95.48,178.7555694580078,-192.67245483398438,-15.952142715454102,179.90707217460456,-192.82188168380694,-15.952758008553799,1.1611577275991376,0.44107992349216496,0.06399404608563164,3.565234700350726e-05,20.45500938113688,55.52783590356909,nan,0.09602288764127655,nan
95.49,178.75186157226562,-192.68109130859375,-15.953851699829102,179.90369227106538,-192.8308677326503,-15.954531632640327,1.1615280445212364,0.44113322201114236,0.06400991254832099,3.6366944852502144e-05,20.35916839032164,55.462666715224536,nan,nan,nan
95.5,178.7482147216797,-192.68971252441406,-15.955528259277344,179.90278427634934,-192.84043122089153,-15.956751445621597,1.1643661272223493,0.441063158502129,0.0640059829536877,3.560577320519644e-05,20.387164366855387,56.58002162106901,0.9756231640012984,0.26826036837958134,nan
95.51,178.74464416503906,-192.69834899902344,-15.957170486450195,179.89955356053923,-192.84941726811644,-15.958462282778282,1.1647484717650742,0.4411162246971519,0.06402187741335211,3.631911485793615e-05,20.294540520657513,55.16272999342745,nan,nan,nan
95.52,178.74114990234375,-192.7069854736328,-15.958780288696289,179.8963950957625,-192.85840374318553,-15.960236104589386,1.1651270611703175,0.44116937828163133,0.06403783629598683,3.55821507839455e-05,20.21187084138697,55.09284336414549,nan,0.0061641693534964246,nan
95.53,178.7377166748047,-192.7156219482422,-15.960357666015625,179.8933062969089,-192.86738960858477,-15.96188451202814,1.165514104890859,0.44122261956718545,0.06405385983473903,3.629517069590896e-05,20.121234359186175,54.849264836959605,nan,nan,nan
95.54,178.73435974121094,-192.72425842285156,-15.96190357208252,179.89028638277668,-192.87637553693247,-15.963502322882574,1.1658938944354584,0.44127594861474356,0.06406994812981825,3.7022558630025504e-05,20.030844472835632,54.84695373104298,nan,nan,nan
95.55,178.73106384277344,-192.73287963867188,-15.963418960571289,179.87555718240804,-192.87880960621,-15.965074784501054,1.1537605044577253,0.4412057796921877,0.0640660241289594,3.77401273891004e-05,20.19867309438559,55.38388171469394,2.1490055933573444,nan,nan
95.56,178.72784423828125,-192.74151611328125,-15.964903831481934,179.8726346520922,-192.88776780693053,-15.96438172962236,1.1540948496718335,0.4412588760308743,0.06408213957036973,3.691668519763518e-05,20.038678071764995,54.018376491832264,nan,3.2088600128828495,nan
95.57000000000001,178.7246856689453,-192.75015258789062,-15.96635913848877,179.86979289569337,-192.8967375370222,-15.965888442747463,1.1544513543744512,0.44131205996916517,0.06409831986899946,3.7655613323506394e-05,19.943113738766552,53.857448494186094,nan,nan,nan
95.58,178.72157287597656,-192.7587890625,-15.967785835266113,179.86701075216706,-192.90570453710623,-15.966773509816191,1.15482167874239,0.44136533149719653,0.06411456509198597,3.6837068905815305e-05,19.87235111026595,53.50845235093659,nan,0.22381784571800126,nan
95.59,178.71853637695312,-192.76742553710938,-15.969183921813965,179.86429516549927,-192.91467463107807,-15.968218098439761,1.15518242283205,0.44141869090865476,0.06413087545771302,3.757407782302452e-05,19.776411182691685,53.609475721749725,nan,nan,nan
95.60000000000001,178.71556091308594,-192.77606201171875,-15.97055435180664,179.83873611411536,-192.9107441400597,-15.96846604407077,1.1312233063949577,0.4413484169329879,0.06412695230337728,3.673730982286227e-05,20.257798469186394,52.56350265397229,8.684914700188424,1.047598064470827,nan
95.61,178.712646484375,-192.78468322753906,-15.97189712524414,179.836102538083,-192.919682335109,-15.969846225376706,1.1315398666631646,0.4414015434118973,0.06414328902544236,3.7471585758218495e-05,20.156796936828453,53.78342809767619,nan,nan,nan
95.62,178.7097930908203,-192.79331970214844,-15.973213195800781,179.83352721453468,-192.92862034555193,-15.971092937583824,1.131852084152524,0.4414547573918789,0.0641596908794608,3.66634324470289e-05,20.074834063453853,52.43366146228176,nan,0.007390968648007047,nan
95.63,178.7069854736328,-192.8019561767578,-15.974502563476562,179.8310102582868,-192.93755920322383,-15.972420423124282,1.132176767387329,0.44150805914758384,0.06417615807119015,3.739601977724763e-05,19.97683296328245,52.19085018714012,nan,nan,nan
95.64,178.70423889160156,-192.8105926513672,-15.975767135620117,179.82854637459474,-192.94649648380832,-15.973215216472571,1.1324944504402523,0.4415614486977508,0.06419269068669103,3.659232359401178e-05,19.9477018138722,52.252384436220744,nan,0.16628318645903734,nan
95.65,178.7015380859375,-192.81922912597656,-15.977005958557129,179.83016423715472,-192.96909220813154,-15.974536472967527,1.1385350372138137,0.4414910703266479,0.06418876376452885,3.7299696005919026e-05,18.460910841548543,53.17259629607677,14.929595968855521,nan,nan
95.66,178.69891357421875,-192.82786560058594,-15.978219985961914,179.82783798321236,-192.97809534068833,-15.978295741499624,1.1388763329579332,0.4415442266466125,0.06420532188888525,3.6501322714406964e-05,18.20763208408589,53.24017183868352,nan,4.0794518105819035,nan
95.67,178.69631958007812,-192.8365020751953,-15.979410171508789,179.82554982106566,-192.98708859219283,-15.97954753203255,1.1392266039423997,0.44159747063509575,0.06422194554307582,3.722992486355183e-05,18.11956378023141,52.788880631249455,nan,nan,nan
95.68,178.69378662109375,-192.84515380859375,-15.980576515197754,179.82986272793644,-192.98201930578793,-15.980307945147928,1.144290678538864,0.4414410064032456,0.06327225637379366,3.643562886283336e-05,27.1591510694813,60.664094056864954,nan,0.14549938540809645,0.20459553854154236
95.69,178.69129943847656,-192.85379028320312,-15.981719017028809,179.82768828977262,-192.99098592924827,-15.981510044743949,1.144640690484635,0.44149376226767933,0.06328520108463967,3.716284577494673e-05,27.026654091258333,61.85587051540492,nan,nan,nan
95.7,178.68887329101562,-192.8624267578125,-15.982839584350586,179.80281339754038,-192.99639003141073,-15.983587979630146,1.1219667016863832,0.4414250182727995,0.06328055384532512,3.6350281579972e-05,26.026479933615498,61.72965695385957,6.708133942995408,0.6164853910392999,nan
95.71000000000001,178.6864776611328,-192.87106323242188,-15.98393726348877,179.80070153556176,-193.00536794343168,-15.984754550247155,1.1222892967967397,0.44147754569829356,0.0632935335696393,3.707530058362365e-05,25.898630545458417,61.36295297592841,nan,nan,nan
95.72,178.68414306640625,-192.87969970703125,-15.985013008117676,179.79863256278878,-193.0143128104788,-15.98297157632748,1.1225915074551942,0.44153015973875054,0.06330657151301287,3.629000527510342e-05,25.86462249035069,61.60135678646058,nan,5.623854845081344,nan
95.73,178.68185424804688,-192.8883514404297,-15.986067771911621,179.79661576119048,-193.0232918554952,-15.984067296125716,1.1229007742038655,0.44158286054789997,0.063319668223506,3.7013832754164135e-05,25.73022645363668,60.12984802637679,nan,nan,nan
95.74000000000001,178.6796112060547,-192.89698791503906,-15.987101554870605,179.7946474720644,-193.03228849515438,-15.986668618009034,1.1232151659102432,0.44163564826172463,0.06333282345288078,3.6232285656667294e-05,25.497621184187885,61.288433252407074,nan,1.531906134626135,nan
95.75,178.6774139404297,-192.90562438964844,-15.988114356994629,179.7978245396357,-193.03877348030036,-15.987726619589555,1.1282946164433003,0.44156680009190624,0.06332824181725367,3.693190640690355e-05,26.162764696811603,60.95713808428993,3.044268321596151,nan,nan
95.76,178.6752471923828,-192.91427612304688,-15.989107131958008,179.79594942337593,-193.04772742716668,-15.98802283111692,1.1286203599229199,0.4416193590717519,0.06334143162812093,3.615493516329009e-05,26.06607903730646,59.37532868541804,nan,0.3768044752665925,nan
95.77,178.6731414794922,-192.92291259765625,-15.990079879760742,179.79411890341098,-193.0566902150543,-15.989047761535748,1.128932195094253,0.4416720047300371,0.06335468044987552,3.687573132515883e-05,25.93409956522049,60.91103239216304,nan,nan,nan
95.78,178.6710662841797,-192.9315643310547,-15.991033554077148,179.792333447588,-193.0656727502804,-15.991843609322991,1.1292589499465706,0.4417247372050947,0.06336798807674474,3.610223928771785e-05,25.79881385137248,59.31625128689907,nan,2.1228504618666326,nan
95.79,178.66891479492188,-192.94020080566406,-15.992074966430664,179.79052896645555,-193.07463700142034,-15.992902680167624,1.1296424769034812,0.44177755664702095,0.06338135499358571,3.682209403550488e-05,25.676424460535,60.56792693219883,nan,nan,nan
95.8,178.66668701171875,-192.9488525390625,-15.993203163146973,179.82367444839568,-193.09342255852678,-15.992350254493065,1.1659850541963754,0.441708604703896,0.06337683463198328,3.6029978817060536e-05,26.289426501330066,60.0546460333818,10.317089367322511,1.8336484733230694,nan
95.81,178.66439819335938,-192.95748901367188,-15.994418144226074,179.8217785940591,-193.10239403262412,-15.993568167936827,1.1664165546240866,0.4417611951167952,0.06339023565096376,3.674807265174862e-05,26.166622403262817,61.47110735917584,nan,nan,nan
95.82000000000001,178.6620330810547,-192.9661407470703,-15.995718955993652,179.81980929244983,-193.11136353984958,-15.994621880009346,1.1668490128507716,0.44181387225779584,0.06340369575566875,3.5982085545268286e-05,26.061292441934377,60.01702228030156,nan,0.04192018583539271,nan
95.83,178.6595916748047,-192.9747772216797,-15.997102737426758,179.81776789519614,-193.12033606573985,-15.996009272967724,1.1672877666749046,0.44186663627526135,0.06341721539284408,3.6699394045520804e-05,25.93951907613905,61.26026084409177,nan,nan,nan
95.84,178.65707397460938,-192.98342895507812,-15.998570442199707,179.8156545100522,-193.12930517863728,-15.997083690433808,1.1677289669001563,0.4419194873102142,0.06343079441347331,3.59364926510534e-05,25.850787113785408,59.8097404349299,nan,0.10582759976127785,nan
95.85000000000001,178.6544952392578,-192.99208068847656,-16.000120162963867,179.8240250682172,-193.1509265434473,-15.998666629180494,1.1802686724757243,0.44185043200741303,0.06342633163046486,3.663037192662906e-05,24.439458801970382,61.20795724818972,14.723066457452125,nan,nan
95.86,178.65184020996094,-193.000732421875,-16.001750946044922,179.82178935118534,-193.15992867091734,-15.998194953285152,1.1807358230550073,0.4419030537201639,0.06343994426812484,3.5871359709233885e-05,24.617371599491126,61.31298580787732,nan,2.981431964917512,nan
95.87,178.6491241455078,-193.00936889648438,-16.003461837768555,179.81948648039528,-193.16895077959984,-15.99989120647374,1.181197325492136,0.44195576221864685,0.06345361667851539,3.6586410063224084e-05,24.494105180504718,62.67600192628628,nan,nan,nan
95.88,178.64633178710938,-193.0180206298828,-16.005252838134766,179.81711541489497,-193.17797450197793,-16.001822057549248,1.1816646370880564,0.4420085576451171,0.06346734874668915,3.583023731119528e-05,24.358301265315962,61.08255337638653,nan,0.01592113264866811,nan
95.89,178.6434783935547,-193.02667236328125,-16.007122039794922,179.81467685749945,-193.18699728558028,-16.003680689083453,1.1821259516445268,0.44206144014602855,0.06348114086864884,3.6544702873689394e-05,24.238122727480484,61.115650600851026,nan,nan,nan
95.9,178.64056396484375,-193.0353240966797,-16.009069442749023,179.81191821162415,-193.2005247372792,-16.005931081370765,1.182950494491254,0.4419922818890932,0.0634767313120887,3.576958745338575e-05,23.41966760734575,61.476996621155486,4.506161570217743,0.16204324341543602,nan
95.91,178.6375732421875,-193.04396057128906,-16.011093139648438,179.80934795328105,-193.2095693464999,-16.0079480846942,1.18342390180183,0.44204493477513834,0.06349055652358992,3.648264213641266e-05,23.29888422800608,62.631587166967016,nan,nan,nan
95.92,178.634521484375,-193.0526123046875,-16.013193130493164,179.8067124352183,-193.218614109989,-16.010034909461176,1.1838911263128615,0.4420976744989854,0.06350444166183149,3.5732699613956173e-05,23.192918075288382,61.20319749490709,nan,3.733821400864064e-05,nan
95.93,178.63140869140625,-193.06126403808594,-16.01536750793457,179.80401246699395,-193.2276590683481,-16.012205568679924,1.1843550643613294,0.4421505012062632,0.06351838709250429,3.6445294308393195e-05,23.074469635564625,61.14423661895307,nan,nan,nan
95.94,178.6282196044922,-193.06991577148438,-16.017616271972656,179.80124900498632,-193.23670838818668,-16.014969175482303,1.1848311097071391,0.44220341504051236,0.06353239274583704,3.569783395223771e-05,22.88411062773332,60.79777231596657,nan,0.18151292507765704,nan
95.95,178.62498474121094,-193.07855224609375,-16.01988410949707,179.78826144245417,-193.24103191926062,-16.01722961435564,1.1745719961723118,0.4421341542392835,0.06352803252358764,3.638758660398683e-05,22.900800275491818,61.78119241105681,1.2815503375728339,nan,nan
95.96000000000001,178.62167358398438,-193.0872039794922,-16.022138595581055,179.78535508342497,-193.25006723351137,-16.019706492684517,1.175025526009771,0.44218683816746346,0.06354207072986948,3.564339821160714e-05,22.761676138300437,60.02977588107503,nan,0.020857645241675552,nan
95.97,178.61831665039062,-193.09585571289062,-16.024362564086914,179.78238701610616,-193.25910093048944,-16.021989807530154,1.1754635032103942,0.44223960898766485,0.06355616946476779,3.635434886649117e-05,22.638807237676208,60.138007188940755,nan,nan,nan
95.98,178.61488342285156,-193.1044921875,-16.026552200317383,179.77935848652075,-193.26814036131225,-16.02497990494741,1.1759189473820766,0.4422924668439321,0.06357032868535833,3.5612422434395865e-05,22.440843155982616,61.01048968712569,nan,0.3715939947025338,nan
95.99000000000001,178.6114044189453,-193.11314392089844,-16.028701782226562,179.77626981067476,-193.27717383736598,-16.02720208172299,1.1763585522479756,0.4423454118811118,0.06358454871731627,3.632307025143989e-05,22.322800919832936,59.668689802548776,nan,nan,nan
96.0,178.6078643798828,-193.12179565429688,-16.030811309814453,179.74706457958925,-193.2778967822775,-16.028213474830366,1.1498484273653709,0.442276048942808,0.0635802334473205,3.556185246279378e-05,22.062304578036024,58.8610527440442,5.675738594216801,0.8580665932758742,nan
96.01,178.60426330566406,-193.13043212890625,-16.032878875732422,179.74381487397716,-193.2869202662938,-16.030344539168617,1.1502489890670107,0.4423287637835661,0.06359448545766136,3.627136382497603e-05,21.938094464710325,60.05975003812002,nan,nan,nan
96.02,178.60060119628906,-193.1390838623047,-16.0349063873291,179.7405073326273,-193.29594091584482,-16.032094023138217,1.1506511392681873,0.44238156556886055,0.063608798211593,3.5534529182216576e-05,21.875064138161694,58.48162986712949,nan,0.07994454719437881,nan
96.03,178.5968780517578,-193.14773559570312,-16.03689193725586,179.7371427286362,-193.3049637304277,-16.034142544059584,1.1510568095660996,0.4424344544432884,0.0636231720111427,3.624383545588596e-05,21.75333231918127,58.333670703925215,nan,nan,nan
96.04,178.5931396484375,-193.1563720703125,-16.03883934020996,179.73373538480632,-193.31398691954496,-16.036218919615703,1.1514373370381037,0.44248743055128686,0.06363760684865888,3.550894523831051e-05,21.627263394921172,59.721130189547054,nan,0.003025122087527098,nan
96.05,178.58941650390625,-193.16502380371094,-16.040748596191406,179.74393788974072,-193.33103347721556,-16.038237479552496,1.166398365805196,0.44241796588394156,0.06363333247196876,3.619584189713383e-05,21.19026452726259,58.91103956283099,3.6392702325835713,nan,nan
96.06,178.5857391357422,-193.1736602783203,-16.042619705200195,179.74058598084582,-193.3400709530767,-16.039138611259144,1.166780127673469,0.4424707115063717,0.06364779870146887,3.546368001981287e-05,21.246706234263325,60.27871222367183,nan,0.7365297977359136,nan
96.07000000000001,178.58212280273438,-193.18231201171875,-16.044452667236328,179.73728830654935,-193.34911524121983,-16.04102801086656,1.1671513984258157,0.4425235441257076,0.06366232620817561,3.617181905426589e-05,21.120551487244114,58.7535589615523,nan,nan,nan
96.08,178.5785675048828,-193.1909637451172,-16.046249389648438,179.7340534667856,-193.35816034946768,-16.04306036112355,1.167524167871356,0.4425764638864444,0.0636769150051578,3.5441408848219665e-05,20.975297372698613,58.47111134312003,nan,0.022027547819541086,nan
96.09,178.57508850097656,-193.19960021972656,-16.048009872436523,179.730884889265,-193.3672038838058,-16.044880393979117,1.1678895808375138,0.44262947093308835,0.06369156536353533,3.61494627570998e-05,20.849290922812532,59.80874220313813,nan,nan,nan
96.10000000000001,178.57168579101562,-193.208251953125,-16.04973602294922,179.7651842096416,-193.3864182044816,-16.04897687957431,1.206723773149364,0.442559904944208,0.0636873274634756,3.5399409097201134e-05,21.219979276018396,59.19363380092853,11.650091547769334,3.570229045874989,nan
96.11,178.56832885742188,-193.21688842773438,-16.051427841186523,179.7622121728304,-193.39546757888866,-16.050751883680086,1.2071654157390326,0.44261268121719766,0.06370200859332185,3.610653655785021e-05,21.108282223538914,60.15523764841567,nan,nan,nan
96.12,178.56504821777344,-193.2255401611328,-16.053085327148438,179.75930667026583,-193.40452542215817,-16.05389086073504,1.2075966312880295,0.4426655445388395,0.06371675126084357,3.5380221780700206e-05,21.008034295605086,58.767907138401675,nan,1.3482595166714986,nan
96.13,178.5618438720703,-193.2341766357422,-16.05470848083496,179.7564672879134,-193.41357478978085,-16.055613912596705,1.2080188836105934,0.44271849505372596,0.06373155571912256,3.608733895025827e-05,20.904362916751897,60.179717652600026,nan,nan,nan
96.14,178.55868530273438,-193.24282836914062,-16.05630111694336,179.75369236749663,-193.42262609238875,-16.057589320768642,1.2084580115113628,0.44277153290622207,0.06374642200815596,3.536249920930221e-05,20.824161323532625,58.423630433548105,nan,0.055858582903026414,nan
96.15,178.55560302734375,-193.25146484375,-16.057861328125,179.71961768163536,-193.42299017249553,-16.059310241941773,1.176585378609694,0.44270186600328437,0.06374221638603958,3.604751552140249e-05,20.221717515787503,59.01153002387023,8.243026887211727,nan,nan
96.16,178.5525665283203,-193.26011657714844,-16.059391021728516,179.71691594880605,-193.43204731499824,-16.063316225196385,1.1769813757342593,0.4427546727951019,0.06375711281203406,3.53249344503027e-05,20.496411865903884,57.62062033052392,nan,3.900556438063174,nan
96.17,178.5496063232422,-193.2687530517578,-16.060890197753906,179.71427602061604,-193.44109107966534,-16.064943298192606,1.177358198454117,0.44280756668701915,0.06377207125530403,3.603124508418475e-05,20.410651843164715,59.06940963733663,nan,nan,nan
96.18,178.54669189453125,-193.27740478515625,-16.062358856201172,179.71169575852215,-193.45013728569515,-16.06697383107096,1.1777486225206153,0.4428605478232145,0.06378709177145188,3.530997377773251e-05,20.455686153234698,57.535397059770986,nan,0.1298009232067194,nan
96.19,178.54385375976562,-193.28604125976562,-16.063798904418945,179.7091742664982,-193.45918133631014,-16.068547448158828,1.1781222000221128,0.44291361634857046,0.0638021745902634,3.601636288400977e-05,20.37395053585267,59.01093469842415,nan,nan,nan
96.2,178.5410614013672,-193.29469299316406,-16.065210342407227,179.71883622130431,-193.47482273626304,-16.07140490701997,1.191485888904093,0.44284384893858647,0.06379799679256881,3.52751109805575e-05,20.56247476418931,58.51510138140785,2.253300242269757,1.1880130265998035,nan
96.21000000000001,178.53831481933594,-193.30332946777344,-16.066593170166016,179.71644905789807,-193.4838839246262,-16.072936017286764,1.1919062159714515,0.4428966861174191,0.0638131090830688,3.598072988324113e-05,20.490681143641496,59.66786208318683,nan,nan,nan
96.22,178.53562927246094,-193.31198120117188,-16.067949295043945,179.71411751402138,-193.49293996160915,-16.073363522992445,1.1923128458334677,0.44294961044665176,0.06382828368387103,3.526269883460769e-05,20.103879422513952,57.88975586461749,nan,0.8061432760660887,nan
96.23,178.5330047607422,-193.3206329345703,-16.069276809692383,179.71183964556857,-193.50200158261725,-16.074830683472385,1.1927183731677733,0.4430026220714211,0.06384352081136561,3.5968452048910015e-05,20.030364560677675,57.91952489654248,nan,nan,nan
96.24000000000001,178.53042602539062,-193.3292694091797,-16.070579528808594,179.70961505161043,-193.5110619904422,-16.075987093080325,1.1931322407472866,0.4430557211355116,0.06385882054117141,3.525149436078795e-05,19.901500428800393,58.972299791306995,nan,0.056574514843332625,nan
96.25,178.5279083251953,-193.33792114257812,-16.071855545043945,179.71863658161035,-193.5165432353196,-16.077395237964094,1.2040640850213085,0.4429858536261318,0.06385466625388221,3.593535860372458e-05,20.912962755712567,57.29099230057653,6.713707833193054,nan,nan
96.26,178.5254364013672,-193.34657287597656,-16.073104858398438,179.716532040275,-193.52557826205785,-16.078806972033192,1.2044850614977565,0.4430387210588501,0.06386999477447204,3.5220261473999026e-05,20.883514363625956,57.22053361641429,nan,0.0003722059624126956,nan
96.27,178.52301025390625,-193.355224609375,-16.074331283569336,179.71447728974468,-193.53461361938855,-16.08017169177609,1.2049100484149322,0.44309167569297725,0.06388538604277896,3.592547276709208e-05,20.81186486771879,57.023407289807096,nan,nan,nan
96.28,178.5206298828125,-193.36386108398438,-16.075531005859375,179.71247112764317,-193.54365034982948,-16.08170150228184,1.2053413657627206,0.4431447176720048,0.0639008401458339,3.5211310215982695e-05,20.844400895373774,58.45455373286779,nan,0.02481779955118989,nan
96.29,178.51829528808594,-193.3725128173828,-16.076709747314453,179.71051281764798,-193.55268677146134,-16.083021519296985,1.2057715911352664,0.44319784714152655,0.06391635728297611,3.5916718984373584e-05,20.775453621954863,56.890429875820644,nan,nan,nan
96.3,178.51600646972656,-193.38116455078125,-16.077861785888672,179.67602798803395,-193.56017058908344,-16.08567968197388,1.1737777490581525,0.4431278799389074,0.06391222201572036,3.518226599615298e-05,19.87743839580686,57.41995075288552,16.26146673200484,1.3247834593293129,nan
96.31,178.51377868652344,-193.3898162841797,-16.07899284362793,179.67410994200483,-193.5692341121023,-16.086968196662156,1.1741477699504086,0.443180777493444,0.06392776723486762,3.5887016905418916e-05,19.81659534591357,57.46113575574943,nan,nan,nan
96.32000000000001,178.51158142089844,-193.39846801757812,-16.080101013183594,179.67223665026393,-193.5782989498019,-16.08849490351176,1.1745340280437897,0.4432337622979363,0.06394337551669439,3.51753747999486e-05,19.95242569165791,57.34536001912059,nan,0.047242043188805455,nan
96.33,178.50942993164062,-193.4071044921875,-16.081188201904297,179.6704077653451,-193.58736306630868,-16.089742867444638,1.1749195147752973,0.44328683449828815,0.06395904705091134,3.588036363501521e-05,19.892794653185128,58.60996420030754,nan,nan,nan
96.34,178.50732421875,-193.41575622558594,-16.082252502441406,179.66862305330227,-193.5964228411892,-16.08969797201934,1.175291812335656,0.44333999423750764,0.06397478193895167,3.516945793476894e-05,19.335375922920985,56.72385486651442,nan,1.1312044918617734,nan
96.35000000000001,178.50526428222656,-193.42440795898438,-16.083295822143555,179.70555691398087,-193.61284582404934,-16.091040643524167,1.2150190175845585,0.4432699277498366,0.06397066128431268,3.5852695568412446e-05,20.411283364398173,57.60868743047141,15.039399777351194,nan,nan
96.36,178.50323486328125,-193.4330596923828,-16.084318161010742,179.70391880509368,-193.6219032855998,-16.091683656621846,1.2154661991807658,0.4433228552914401,0.06398642352877597,3.514331947878703e-05,20.188820832621072,57.25944490288268,nan,0.1996103793571817,nan
96.37,178.50125122070312,-193.44171142578125,-16.08531951904297,179.70232099703261,-193.6309633785781,-16.092835481657936,1.215911756232177,0.4433758701337518,0.06400224924079033,3.584795327161389e-05,20.127972247203555,57.261067575250884,nan,nan,nan
96.38,178.4993133544922,-193.45037841796875,-16.086301803588867,179.70076274517325,-193.64002555127377,-16.094435608701467,1.2163522648987493,0.4434289724194713,0.06401813852983533,3.513919955907439e-05,20.34395467246889,56.12871713194262,nan,0.15307874329865723,nan
96.39,178.49740600585938,-193.4590301513672,-16.087263107299805,179.69924399963907,-193.64908661501522,-16.095554155821585,1.2168010372087867,0.4434821622949864,0.06403409157358844,3.584411393409159e-05,20.287036395585254,57.35835316113423,nan,nan,nan
96.4,178.49542236328125,-193.46768188476562,-16.088314056396484,179.71498515931614,-193.66283310066598,-16.09622875230118,1.2351032559875694,0.44341199692748773,0.0640299810062997,3.511479473673614e-05,20.398029297913045,57.69007120871357,2.5398232502688427,0.1302934457318883,nan
96.41,178.4933624267578,-193.47633361816406,-16.08945083618164,179.71339890843163,-193.6718986057812,-16.097465989305483,1.2356370517576392,0.4434649543240079,0.06404596065549635,3.5819128591501004e-05,20.319267580712516,57.647503214588724,nan,nan,nan
96.42,178.49124145507812,-193.4849853515625,-16.090675354003906,179.7117385269516,-193.68095836283112,-16.096773028930407,1.2361455032628268,0.44351799906796774,0.06406200410060235,3.511230147931028e-05,19.4960024052777,56.88550688959824,nan,2.856146833405622,nan
96.43,178.48902893066406,-193.49363708496094,-16.091983795166016,179.7100013446011,-193.69002468320178,-16.09816450216096,1.236681012014413,0.4435711313060494,0.06407811151265491,3.581694420979231e-05,19.416217087773397,56.683976755389786,nan,nan,nan
96.44,178.4867401123047,-193.50230407714844,-16.09337615966797,179.70818969066997,-193.69909196162635,-16.099802924112677,1.2372169766323298,0.44362435118049004,0.06409428301107761,3.511057658273722e-05,19.44092643879405,55.34726808959397,nan,0.018242309799470367,nan
96.45,178.48439025878906,-193.51095581054688,-16.094852447509766,179.7183362124618,-193.70949202582298,-16.1013284746877,1.2498324624882626,0.4435540873420121,0.06409017804996736,3.579355075193422e-05,19.8217862595691,56.91306332871388,1.7456421626481418,nan,nan
96.46000000000001,178.48196411132812,-193.5196075439453,-16.096410751342773,179.71639823030185,-193.71855303082143,-16.102747507160505,1.2503787647385494,0.44360707445708014,0.06410637538529407,3.508844316392306e-05,19.707787985630066,56.75025355215143,nan,0.036215381274867536,nan
96.47,178.47946166992188,-193.5282745361328,-16.09804916381836,179.71438828091624,-193.72761501357226,-16.104473977440275,1.250928310782792,0.4436601489700745,0.06412263689654847,3.579285640131824e-05,19.632421572377808,55.320458690656075,nan,nan,nan
96.48,178.47689819335938,-193.53692626953125,-16.099769592285156,179.71230714924727,-193.73667798725478,-16.106525413865,1.251471804774973,0.44371331102296224,0.06413896270856397,3.508811677691505e-05,19.693799743969894,56.72151919321007,nan,0.041577122551125646,nan
96.49000000000001,178.47425842285156,-193.5455780029297,-16.1015682220459,179.71015615212835,-193.7457405465938,-16.10841676343997,1.2520204246084916,0.443766560762852,0.06415535298427907,3.579286555055113e-05,19.618039557086057,56.57672504750083,nan,nan,nan
96.5,178.47154235839844,-193.5542449951172,-16.103445053100586,179.70461164884986,-193.74568325768752,-16.111300365792278,1.2478662545993509,0.4436961988577844,0.06415124907282987,3.506732380720146e-05,20.944532853783365,54.708808795810455,7.0722317531063155,0.6937143031994946,nan
96.51,178.46876525878906,-193.56289672851562,-16.10540008544922,179.70231651091405,-193.7547106908823,-16.113358958223333,1.2484008296351568,0.44374921555916796,0.06416766439362567,3.577154221890758e-05,20.87048648759924,55.91003861839069,nan,nan,nan
96.52,178.46592712402344,-193.57154846191406,-16.107431411743164,179.6999557663815,-193.76373313627764,-16.113336426341693,1.2489181351944996,0.4438023197034814,0.06418414422540426,3.5068249503601716e-05,20.008962080873218,55.048033116153874,nan,3.278974441951206,nan
96.53,178.4630126953125,-193.58021545410156,-16.109539031982422,179.69752593387852,-193.77276031032468,-16.11552877802555,1.2494528141992463,0.4438555114380724,0.06420068872677277,3.5772822410463524e-05,19.935218821713637,53.539183737914634,nan,nan,nan
96.54,178.4600372314453,-193.5888671875,-16.11172103881836,179.69502997169175,-193.78178726132478,-16.117750802030905,1.2499846324616832,0.44390879090452917,0.06421729802906,3.506976647311024e-05,19.88507701470793,54.77034480603205,nan,0.0015259899510680663,nan
96.55,178.45700073242188,-193.59751892089844,-16.113977432250977,179.72593798024997,-193.80018638780402,-16.120055902304728,1.2850341586376801,0.4438383313423551,0.06421319062991607,3.5752713856225975e-05,20.374895093685797,55.93359637389889,9.129287721083456,nan,nan
96.56,178.4539031982422,-193.60618591308594,-16.11625099182129,179.7233671789424,-193.80922152337186,-16.12265746515755,1.2856139779265026,0.44389137749221064,0.06422982416750311,3.505070309765532e-05,20.430877553803825,54.67467326876735,nan,0.03162685581752757,nan
96.57000000000001,178.4507293701172,-193.61483764648438,-16.118511199951172,179.72073267237704,-193.81825598823926,-16.125052248178186,1.286207679507918,0.44394451113509714,0.06424652257722038,3.575512502871202e-05,20.374231541336616,55.72974789549132,nan,nan,nan
96.58,178.44749450683594,-193.6234893798828,-16.120742797851562,179.71803713257236,-193.82728672354287,-16.12546558272567,1.2867922232408278,0.4439977324123995,0.06426328599379968,3.5053279473753565e-05,19.73195490333562,55.01442327686447,nan,2.707167622166143,nan
96.59,178.44419860839844,-193.63214111328125,-16.12293815612793,179.71527718010233,-193.83632079626852,-16.127788795891373,1.2873824634100444,0.44405104147179003,0.06428011457074774,3.575807045912407e-05,19.67205859195654,54.88054502779714,nan,nan,nan
96.60000000000001,178.44085693359375,-193.64080810546875,-16.125093460083008,179.67041854167144,-193.83219408274877,-16.127857331599724,1.2443705152983093,0.4439804846562585,0.0642759991011964,3.503522519547319e-05,18.69313674466505,51.55994020409302,14.351172046498748,3.514793208328123,nan
96.61,178.43743896484375,-193.6494598388672,-16.127206802368164,179.66746647157427,-193.84121187687197,-16.130082061286565,1.2448874561608125,0.44403356012217715,0.064292851082179,3.5739515510920746e-05,18.625411190839092,52.58171236089355,nan,nan,nan
96.62,178.4339599609375,-193.65811157226562,-16.12928009033203,179.66445425346623,-193.85022897115715,-16.13214420941554,1.2454049550570911,0.44408672312457076,0.06430976827193949,3.503873807125974e-05,18.54771725875991,52.357178686858205,nan,0.01058793201449602,nan
96.63,178.43045043945312,-193.66676330566406,-16.13131332397461,179.661390008936,-193.85924582817933,-16.134287741415186,1.2459015179185011,0.4441399738112772,0.0643267508213818,3.574340946714155e-05,18.48006664545107,52.31178286217018,nan,nan,nan
96.64,178.42694091796875,-193.67543029785156,-16.133304595947266,179.6583117304995,-193.8682606871431,-16.135158558604026,1.24637918554687,0.44419331232341486,0.06434379886914775,3.504269382947822e-05,18.251043885719277,50.668396018729645,nan,1.0712168794692618,nan
96.65,178.42347717285156,-193.68408203125,-16.135257720947266,179.6206833192506,-193.8713030686303,-16.13723615376145,1.21175830428752,0.44412265866453493,0.06433967075136292,3.57257555462295e-05,17.280376342114412,51.069161056627564,11.16410461144254,nan,nan
96.66,178.42007446289062,-193.69273376464844,-16.137170791625977,179.6176221813135,-193.8803255719287,-16.13912040803417,1.2121530534807181,0.444175763307414,0.06435674135384857,3.50259178392859e-05,17.19767643278827,51.021172276603636,nan,0.012114427480076262,nan
96.67,178.41671752929688,-193.70138549804688,-16.13904571533203,179.61461849091228,-193.88934809044747,-16.141096971801616,1.2125596305477777,0.44422895553631153,0.06437387751190855,3.573048189061717e-05,17.126258106328773,50.72654236162974,nan,nan,nan
96.68,178.41343688964844,-193.7100372314453,-16.140884399414062,179.64005090320524,-193.89786756094574,-16.14257990076342,1.2409129887542405,0.43557111004764487,0.06438834714091021,3.503064109130655e-05,25.924761011151986,59.56791395166633,nan,0.14772134721917884,0.09241851988077453
96.69,178.41021728515625,-193.71868896484375,-16.142684936523438,179.6371806321332,-193.90687161143748,-16.144479072431558,1.2413117989560796,0.43561939856898685,0.06440541288456851,3.57355916565687e-05,25.811178815374006,59.44415011171162,nan,nan,nan
96.7,178.4070587158203,-193.7273406982422,-16.144451141357422,179.66757151747248,-193.93882998856827,-16.145934334643858,1.2781324042969713,0.4355559822787728,0.06440125510451038,3.5014602146367667e-05,24.205969368773772,61.51016297122171,28.92913940529922,0.16659136406410496,nan
96.71000000000001,178.40396118164062,-193.73599243164062,-16.146181106567383,179.66487003767222,-193.94790100303305,-16.147760423752825,1.2785925387281312,0.4356040651121385,0.06441833595971172,3.5719066894195764e-05,24.092908220963636,61.39015238745091,nan,nan,nan
96.72,178.4009246826172,-193.74464416503906,-16.147876739501953,179.66224804514187,-193.95696999626622,-16.14773613170322,1.279069545891629,0.43565223398083336,0.06443547557588639,3.5020013559932304e-05,23.904255608259007,61.141715588464905,nan,2.327484638537132,nan
96.73,178.39794921875,-193.7532958984375,-16.149539947509766,179.6596697534664,-193.9660407827686,-16.149477252838828,1.2795308114557937,0.43570048928997546,0.06445267410057132,3.5724872215364176e-05,23.78502595496525,60.96777347190689,nan,nan,nan
96.74000000000001,178.39503479003906,-193.76194763183594,-16.151168823242188,179.65716669572606,-193.97511010726186,-16.149592991182015,1.280006902922591,0.4357488309260593,0.06446993167552878,3.5025746696977176e-05,23.73756353270794,60.94940666391339,nan,1.7891094263030916,nan
96.75,178.39218139648438,-193.77061462402344,-16.15276527404785,179.6720608310604,-193.99483485388257,-16.151159309098745,1.2993724091468772,0.43568534216001076,0.06446575520530544,3.570899399860406e-05,23.12950845822158,60.64788712646303,5.97034776664874,nan,nan
96.76,178.38937377929688,-193.77926635742188,-16.154329299926758,179.66967924507222,-194.00393471546002,-16.153186754373504,1.299868940396728,0.43573347786762906,0.06448302737518062,3.5010619608042484e-05,22.978354814072087,61.77287795070726,nan,0.11254810703918668,nan
96.77,178.3866424560547,-193.7879180908203,-16.15586280822754,179.6673577796279,-194.01303424101204,-16.154788342332264,1.3003500204134875,0.4357816999268067,0.06450035871386423,3.5715389734013406e-05,22.856537303818534,61.78608007540174,nan,nan,nan
96.78,178.38394165039062,-193.79656982421875,-16.157365798950195,179.6651017932879,-194.02213300913573,-16.1552510791474,1.300866839525979,0.4358300082353679,0.06451774936417083,3.5016903379445344e-05,22.837186828290456,61.52518891088755,nan,0.8674385313209728,nan
96.79,178.38131713867188,-193.8052215576172,-16.158838272094727,179.662889629109,-194.03123266519825,-16.156782387414477,1.3013505660109645,0.4358784031817512,0.06453519947206796,3.572206699573921e-05,22.71227739238037,61.61281785346988,nan,nan,nan
96.8,178.37872314453125,-193.81387329101562,-16.160282135009766,179.65530130148147,-194.0289254027542,-16.157405189291268,1.2945684525672303,0.43581484171097545,0.06453100087033456,3.500229505516996e-05,24.133570495987808,60.45533339817503,13.743580759130754,0.6000565819559656,nan
96.81,178.37619018554688,-193.82252502441406,-16.161697387695312,179.65319664392666,-194.03798219620754,-16.15887150933521,1.2950580192444805,0.4358630304800903,0.06454846503395516,3.5706977409432646e-05,24.006902747748196,60.40475574762951,nan,nan,nan
96.82000000000001,178.37371826171875,-193.8311767578125,-16.163084030151367,179.65112782139306,-194.04703999746596,-16.16200171631191,1.2955204717735072,0.43591130542062717,0.06456598876657488,3.500904890623916e-05,23.70278739413063,60.198511881701215,nan,2.019068082423542,nan
96.83,178.37127685546875,-193.83984375,-16.16444206237793,179.64912439927812,-194.05609713227204,-16.1634305018159,1.2960173200302976,0.4359596669091995,0.0645835722134714,3.57141284928373e-05,23.58808831484839,58.65848334222486,nan,nan,nan
96.84,178.368896484375,-193.84849548339844,-16.165775299072266,179.64716215731593,-194.06515508119887,-16.165720070600553,1.2964970169608425,0.43600811486106905,0.0646012155184922,3.501602818168135e-05,23.44705199813661,59.87825899122388,nan,0.5551536617845273,nan
96.85000000000001,178.36656188964844,-193.85714721679688,-16.16707992553711,179.60019240265666,-194.05964462129026,-16.167098070371157,1.2501397688981513,0.43594448093381577,0.06459699130858318,3.569948447495769e-05,22.771388212548356,58.21128532332096,18.659592540308235,nan,nan
96.86,178.36427307128906,-193.8657989501953,-16.168359756469727,179.59825884650533,-194.06868443974386,-16.167990555230134,1.250553298190447,0.4359927224634648,0.06461464810876044,3.5002042043893874e-05,22.66356758290973,58.03464905307975,nan,0.15437095454929214,nan
96.87,178.36203002929688,-193.8744659423828,-16.169612884521484,179.59636728033405,-194.07772456366237,-16.1693212029927,1.250960671444387,0.436041050450658,0.06463236487619362,3.5707035128867875e-05,22.553151784614492,56.65119193300175,nan,nan,nan
96.88,178.35983276367188,-193.88311767578125,-16.170841217041016,179.59452912835542,-194.08676460221233,-16.16968571114704,1.2513786472532815,0.43608946482276756,0.06465014175512729,3.5009393077892924e-05,22.47824104477305,57.88500773956441,nan,0.6261128153168436,nan
96.89,178.35768127441406,-193.8917694091797,-16.17204475402832,179.5927271912243,-194.09580515729007,-16.170958913840767,1.251786795818487,0.43613796593850235,0.0646679788902458,3.571477895549253e-05,22.362882695728672,57.813234165382966,nan,nan,nan
96.9,178.35556030273438,-193.9004364013672,-16.17322540283203,179.56092631317026,-194.09222098497088,-16.17195548334497,1.2205286388764738,0.4360742593293699,0.06466372555736156,3.4995755918699644e-05,22.34076668481052,55.08202144867339,8.586661455589388,0.07070518410570242,nan
96.91,178.35350036621094,-193.90908813476562,-16.17438316345215,179.55916121501662,-194.10123753684374,-16.17318062376377,1.2208771114094603,0.43612255376935555,0.06468157560542565,3.570065841510545e-05,22.22527114342579,56.51955017563464,nan,nan,nan
96.92,178.35147094726562,-193.91773986816406,-16.17551612854004,179.55743631043248,-194.1102545567387,-16.174556184663196,1.221235146876883,0.43617093451532446,0.06469948601445222,3.500341589266975e-05,22.102317566946578,56.331333986632316,nan,0.02107062114538764,nan
96.93,178.3494873046875,-193.92640686035156,-16.176626205444336,179.5557536169932,-194.1192720736681,-16.175738960727404,1.2215875711198176,0.4362194019137626,0.06471745692896404,3.570871283363502e-05,21.991628428208916,55.04774959001036,nan,nan,nan
96.94,178.3475341796875,-193.93505859375,-16.177715301513672,179.55409714470312,-194.12829016597362,-16.17855665186632,1.2219383523409504,0.4362679559101309,0.06473548849345037,3.501122694478796e-05,21.882207444586733,56.082211621627536,nan,1.9358058479326226,nan
96.95,178.3456268310547,-193.9437255859375,-16.178783416748047,179.55767432352792,-194.13032350254375,-16.179724057300128,1.2263273589450288,0.43620417681285883,0.06473120248935621,3.569488369718454e-05,23.147164588859727,54.37893725453044,10.917006059924843,nan,nan
96.96000000000001,178.34375,-193.95237731933594,-16.179828643798828,179.55611974006135,-194.13930843113218,-16.181946145215086,1.226698052083742,0.4362525238840342,0.06474924636353324,3.49979895628369e-05,23.143796849878225,55.62495541189411,nan,0.832095403277246,nan
96.97,178.3419189453125,-193.96104431152344,-16.18085289001465,179.55461171078161,-194.14829397533674,-16.183073423434873,1.2270660580376243,0.43630095751595765,0.06476735098875526,3.570319156446721e-05,23.049249460850213,54.40025487363007,nan,nan,nan
96.98,178.34011840820312,-193.96969604492188,-16.18185806274414,179.55314452544923,-194.15728026187702,-16.183706545014317,1.227445972928557,0.4363494776662594,0.06478551650949066,3.5006035840692715e-05,22.902766718789955,55.421708337009676,nan,0.1588735395337473,nan
96.99000000000001,178.33836364746094,-193.97836303710938,-16.182842254638672,179.55170980503928,-194.16626709262357,-16.184790102273354,1.227811315430518,0.43639808466338265,0.0648037430702923,3.571162545840347e-05,22.807475611255114,54.242399223191036,nan,nan,nan
97.0,178.3366241455078,-193.98703002929688,-16.183807373046875,179.55594972708982,-194.16812721593516,-16.185097263282707,1.2327013947933352,0.4363342328590112,0.0647994208148106,3.4993019232027736e-05,24.080034742659635,53.55814712598097,11.306288721412761,0.42236354214272925,nan
97.01,178.33494567871094,-193.9956817626953,-16.18475341796875,179.5546054959924,-194.177080122625,-16.18613594472429,1.2330763748675395,0.4363826326730196,0.06481765906122992,3.569811943302657e-05,23.980439081405226,54.99387654585977,nan,nan,nan
97.02,178.33328247070312,-194.0043487548828,-16.185680389404297,179.55330985453762,-194.18603397204976,-16.185285309496045,1.2334814516364512,0.43643111892518804,0.06483595844483843,3.50012530405544e-05,23.829585003739535,53.421961376295826,nan,2.471795567298121,nan
97.03,178.33154296875,-194.0130157470703,-16.186695098876953,179.55197621267052,-194.19498780918988,-16.18632258075475,1.2339251488758038,0.4364796919319759,0.0648543191103493,3.570674136166711e-05,23.730817280733802,53.44876841203217,nan,nan,nan
97.04,178.32972717285156,-194.02166748046875,-16.18779754638672,179.55055638927178,-194.20394199902736,-16.188286935018738,1.234361460546383,0.4365283516687936,0.06487274120199446,3.5009582364984297e-05,23.633444990780333,54.662767901192204,nan,0.4959776219524064,nan
97.05,178.3278350830078,-194.03033447265625,-16.188987731933594,179.57425744168583,-194.22171765546258,-16.189532374952694,1.2610299423525098,0.43646442729817514,0.06486837908574372,3.569341230988585e-05,23.81292446275816,54.276192661212995,5.672725971685776,nan,nan
97.06,178.3258514404297,-194.03900146484375,-16.190261840820312,179.57273508670005,-194.23068618038823,-16.1902322352008,1.261531552671726,0.43651287959796486,0.06488681221834608,3.499680028354654e-05,23.70829345878446,54.12781343881469,nan,0.26264495065472826,nan
97.07000000000001,178.3238067626953,-194.04766845703125,-16.191621780395508,179.57113113063042,-194.23965479003684,-16.191621887355023,1.2620130074233222,0.4365614185597123,0.06490530687092742,3.570217949849416e-05,23.611323273432582,54.17755633751722,nan,nan,nan
97.08,178.32168579101562,-194.05633544921875,-16.193063735961914,179.56946241836073,-194.2486244205458,-16.19155299371735,1.2625069673411193,0.4366100441705048,0.06492386318745919,3.500526411316056e-05,23.579958518447246,54.23065237648396,nan,1.682133578226068,nan
97.09,178.31947326660156,-194.06500244140625,-16.194589614868164,179.5677071312309,-194.2575934699993,-16.193096463043698,1.2630048751308793,0.43665875672945287,0.06494248131304275,3.5711023438797016e-05,23.482011047292424,53.94225338889137,nan,nan,nan
97.10000000000001,178.31719970703125,-194.07366943359375,-16.196195602416992,179.5586274918381,-194.25572760535107,-16.194727399952765,1.254707248091187,0.4365947595814111,0.06493807569897121,3.499260938319331e-05,24.577863395827475,53.49716548558111,8.764225452778655,0.0013771947349406363,nan
97.11,178.31484985351562,-194.0823211669922,-16.19788360595703,179.55672125251306,-194.26465945435368,-16.19643674124437,1.2551868052617734,0.43664326444131263,0.06495670420078753,3.5697871367772866e-05,24.477792337336837,54.53117555785262,nan,nan,nan
97.12,178.31243896484375,-194.0909881591797,-16.199649810791016,179.55475473933333,-194.273592419137,-16.19651805361438,1.2556681915232326,0.4366918558685275,0.0649753946005515,3.500117253832124e-05,24.604192351704008,53.67886971863222,nan,2.063079304822035,nan
97.13,178.30995178222656,-194.0996551513672,-16.201496124267578,179.55270438844096,-194.28252466505978,-16.198372046422364,1.2561389489834398,0.43674053415088954,0.06499414704369409,3.5706814670050665e-05,24.502774110475904,53.528005238236716,nan,nan,nan
97.14,178.30738830566406,-194.1083221435547,-16.203420639038086,179.55060141186806,-194.29145877725742,-16.197699620594992,1.256642584068112,0.43678929929224974,0.0650129616736963,3.500979124181245e-05,25.070470610452087,54.06657517352199,nan,4.7919615771396185,nan
97.15,178.30474853515625,-194.1169891357422,-16.205421447753906,179.55599168947174,-194.30076613194453,-16.199784133933093,1.2646798784125743,0.4367252294577417,0.06500850890114587,3.5693757888316055e-05,25.383188118566576,54.252066195510864,1.6143712023025545,nan,nan
97.16,178.3020477294922,-194.1256561279297,-16.20749855041504,179.55375596534446,-194.30969456143305,-16.20050321087644,1.2651848036876079,0.4367737866417436,0.06502733322262282,3.499725294600276e-05,25.7980704236098,54.73678502022755,nan,1.2799880258453382,nan
97.17,178.29928588867188,-194.1343231201172,-16.20965003967285,179.55144262184012,-194.31862177469682,-16.2026318470975,1.2656665175019326,0.4368224305874991,0.0650462198180395,3.570276949027178e-05,25.686360026595267,54.75621482373569,nan,nan,nan
97.18,178.29644775390625,-194.1429901123047,-16.211877822875977,179.5490650409477,-194.3275491032584,-16.204331507121214,1.2661631158023963,0.4368711613096543,0.06506516883050613,3.500593483030381e-05,25.841435382126797,54.75864902764144,nan,0.17980877921641164,nan
97.19,178.29354858398438,-194.1516571044922,-16.21412467956543,179.5466171284233,-194.33647575865353,-16.20657926351863,1.2666474036967033,0.43691997907997787,0.06508418040600752,3.5711823183131256e-05,25.716857235792787,54.767542767861094,nan,nan,nan
97.2,178.2905731201172,-194.1603240966797,-16.216360092163086,179.59016608032266,-194.3688811717281,-16.208352558251637,1.3162454316607213,0.43685583635575226,0.06507967678981477,3.4993458710945e-05,25.28888033817573,57.053526495782776,24.21981321955471,0.20677266797057747,nan
97.21000000000001,178.2875518798828,-194.16897583007812,-16.21856689453125,179.58765728914094,-194.3778605832024,-16.2105824740801,1.3168031995100702,0.43690444590286504,0.06509869735267423,3.569884132960183e-05,25.14883612436294,58.27864587432327,nan,nan,nan
97.22,178.28445434570312,-194.17764282226562,-16.220739364624023,179.58507359449777,-194.3868385013197,-16.214383146366202,1.3173510025731872,0.43695314214298225,0.06511778055899396,3.500217864511218e-05,24.427063670535887,56.17551017229151,nan,1.8114543240066843,nan
97.23,178.28128051757812,-194.18630981445312,-16.222871780395508,179.58243617121292,-194.3958174145637,-16.21656148358908,1.3179299258062507,0.43700192533761667,0.06513692655514934,3.57079331064633e-05,24.298866532048017,55.9979311650315,nan,nan,nan
97.24000000000001,178.27806091308594,-194.19497680664062,-16.224964141845703,179.57973827255103,-194.40479646637644,-16.218256255155318,1.3184965807689868,0.4370507955166845,0.06515613548366747,3.501092672063009e-05,24.37921053479689,56.143574240869185,nan,0.13954521314248028,nan
97.25,178.27484130859375,-194.20364379882812,-16.227014541625977,179.58474821571397,-194.41009387374478,-16.22028573880174,1.3260931398441849,0.43698657994775236,0.06515157732130451,3.569499104702958e-05,25.283917292729427,56.20418594349369,5.343598409149258,nan,nan
97.26,178.2716522216797,-194.21229553222656,-16.229026794433594,179.58205450150095,-194.4190509305942,-16.22211373632109,1.3266309660517466,0.4370352416410127,0.06517079451365633,3.4998486694641924e-05,25.287574110350235,57.25753780492039,nan,0.036366820601205004,nan
97.27,178.2685089111328,-194.22096252441406,-16.23099708557129,179.57939925033375,-194.42800754394926,-16.224127212733443,1.3271579848222632,0.4370839901948005,0.0651900747188835,3.570409910344623e-05,25.152746077849088,56.02253615226753,nan,nan,nan
97.28,178.2654266357422,-194.22962951660156,-16.232929229736328,179.57678408738403,-194.43696222950592,-16.227958340973338,1.3276558023644365,0.43713282564870154,0.06520941807912141,3.500725003072303e-05,24.445421991595644,55.27205222086731,nan,2.4318668255867153,nan
97.29,178.26239013671875,-194.23829650878906,-16.23482322692871,179.57423615817746,-194.44591837416965,-16.229913961593837,1.3281833171242887,0.4371817482498192,0.06522882474133185,3.5713226178324545e-05,24.324107900538433,55.06364482585607,nan,nan,nan
97.3,178.25941467285156,-194.2469482421875,-16.236679077148438,179.56422327925952,-194.45705407493713,-16.231224904558296,1.321627673859148,0.4371174596401712,0.06522420830840228,3.4994829249585744e-05,23.72096950692171,56.2284272426431,3.3013592948797843,0.19933292890127752,nan
97.31,178.25650024414062,-194.255615234375,-16.238496780395508,179.5617738981732,-194.46602473258795,-16.233100064701656,1.3221348620280842,0.43716617348602715,0.06524362249223783,3.570029173262657e-05,23.596807128909155,54.94880385976111,nan,nan,nan
97.32000000000001,178.25364685058594,-194.2642822265625,-16.240280151367188,179.55936964425993,-194.47499300954655,-16.237183986248027,1.3226188544792545,0.4372149741468549,0.06526310004998721,3.500359053085751e-05,22.965207347866023,54.217158160131014,nan,3.5564214809394246,nan
97.33,178.2508544921875,-194.27293395996094,-16.242027282714844,179.55703539092264,-194.48396350254572,-16.23901096148228,1.323121727679599,0.4372638618607031,0.06528264112899124,3.57094170790247e-05,22.854583197295614,55.37549488634115,nan,nan,nan
97.34,178.24810791015625,-194.28160095214844,-16.24374008178711,179.55475667498663,-194.49293402085877,-16.240886654110675,1.3236316718078336,0.43731283668065707,0.06530224587081772,3.5012362347165845e-05,22.743824933400717,53.960810252478765,nan,0.004851469382069515,nan
97.35000000000001,178.24542236328125,-194.29026794433594,-16.245418548583984,179.53892963944833,-194.49528327949702,-16.242547902483338,1.3096566732382249,0.43724847503389846,0.0652975674319359,3.5696487221356486e-05,22.823816570892216,53.251370680435315,2.384130819255017,nan,nan
97.36,178.24278259277344,-194.29891967773438,-16.24706268310547,179.53673694334762,-194.5042390482706,-16.244706671239353,1.3101448225593824,0.4372972408318584,0.06531717893444819,3.499992659530719e-05,22.661746593695593,54.25767119826646,nan,0.13270529149852922,nan
97.37,178.24020385742188,-194.30758666992188,-16.248674392700195,179.5345996565067,-194.51319531689143,-16.24640411031854,1.3106260162911543,0.43734609358832777,0.06533685417374947,3.570559611356824e-05,22.55967683400542,52.98792684821067,nan,nan,nan
97.38,178.2376708984375,-194.31625366210938,-16.250253677368164,179.5325098193517,-194.52215081287773,-16.24891172834379,1.3111076495223284,0.43739503336481295,0.06535659329105262,3.50086837889891e-05,22.379646836809588,52.795602782488146,nan,0.49974292668293985,nan
97.39,178.2351837158203,-194.3249053955078,-16.251802444458008,179.530475299228,-194.53110754709917,-16.250555479141624,1.3116025191688854,0.43744406038679934,0.06537639643423128,3.5714709842303315e-05,22.283225044699073,53.81900639026707,nan,nan,nan
97.4,178.23275756835938,-194.3335723876953,-16.253320693969727,179.52906457026472,-194.54794697882025,-16.25313902586396,1.3139133691047196,0.437379625512984,0.06537165223464436,3.49962412917274e-05,21.204040277855785,52.900568952049845,6.095553896197877,0.7619881030958426,nan
97.41,178.23037719726562,-194.3422393798828,-16.254806518554688,179.52712213327862,-194.5569339375539,-16.25473199330632,1.3143976520531968,0.4374284432401279,0.06539146135954292,3.570174676508042e-05,21.117178968910142,52.87758468607017,nan,nan,nan
97.42,178.22802734375,-194.35089111328125,-16.256263732910156,179.52522724042643,-194.56592095336978,-16.256378076164847,1.3149012955884656,0.4374773479003725,0.06541133457391056,3.5004972416252845e-05,21.030695859809747,53.84056837861624,nan,0.004743921181845103,nan
97.43,178.22573852539062,-194.35955810546875,-16.257692337036133,179.52337985643777,-194.57490825515598,-16.25791474535261,1.3153892049418596,0.43752633971142124,0.0654312720259438,3.571083520712806e-05,20.9465815432368,52.58006344702749,nan,nan,nan
97.44,178.22349548339844,-194.36822509765625,-16.259092330932617,179.52157747484344,-194.58389533926504,-16.259666091045435,1.3158764527227034,0.43757541874639605,0.06545127385637022,3.501370385476575e-05,20.869884425749092,52.49300948554925,nan,0.041393394952955645,nan
97.45,178.22129821777344,-194.37689208984375,-16.260465621948242,179.50593850955366,-194.5966223098345,-16.261082493472188,1.3032967541480436,0.4375109106125447,0.06544646013650311,3.569785668373894e-05,19.64184182919095,52.22342771146202,9.24661711716003,nan,nan
97.46000000000001,178.21914672851562,-194.3855438232422,-16.261810302734375,179.5042052616588,-194.60563833938204,-16.260370705957325,1.3037711080085324,0.4375597800819869,0.06546646715166404,3.500121723895173e-05,19.604636025511823,53.49000295833404,nan,3.3188405395057075,nan
97.47,178.217041015625,-194.3942108154297,-16.26312828063965,179.50250492972043,-194.61465204998524,-16.261779219680044,1.3042291333578593,0.43760873660722743,0.06548653861255359,3.5706910325743165e-05,19.51276608943953,52.14922660276083,nan,nan,nan
97.48,178.2149658203125,-194.4028778076172,-16.264419555664062,179.50085186161868,-194.62366718998493,-16.26217246421903,1.304705296997135,0.4376577802685338,0.06550667465961456,3.500991757482281e-05,19.52339683477993,52.05963397701327,nan,0.6912207199974689,nan
97.49000000000001,178.2129364013672,-194.4115447998047,-16.265684127807617,179.49923591156085,-194.6326814352483,-16.263520390457757,1.3051714535719352,0.4377069112729381,0.06552687544147284,3.571596119340213e-05,19.427798411648435,52.04515072543547,nan,nan,nan
97.5,178.21095275878906,-194.4202117919922,-16.266925811767578,179.50407325066368,-194.63524841210415,-16.264039655684222,1.3108812625070836,0.43764232969375855,0.0655219884249942,3.4997410644100555e-05,20.60202655230081,51.86163391736826,7.52765123983865,0.4606695731387338,nan
97.51,178.20899963378906,-194.4288787841797,-16.26814079284668,179.50255766918073,-194.644233921431,-16.265330768492355,1.3113649843974646,0.43769125085657545,0.06554219357722586,3.570292805176773e-05,20.503350999684745,51.80316223744256,nan,nan,nan
97.52,178.20709228515625,-194.4375457763672,-16.269332885742188,179.5010770424274,-194.65321863410273,-16.2675661117292,1.3118362912742954,0.4377402590667845,0.0655624635197264,3.5006072660361604e-05,20.289528983259192,51.57285962477815,nan,0.6611870061057405,nan
97.53,178.20521545410156,-194.4462127685547,-16.27050018310547,179.49963942548646,-194.66220491632046,-16.268820203226273,1.3123219299869704,0.43778935452489676,0.06558279840136493,3.5711941906707894e-05,20.198322257589755,51.47413843163755,nan,nan,nan
97.54,178.20338439941406,-194.45486450195312,-16.271644592285156,179.49824457778595,-194.67119295164855,-16.268941100934768,1.312809273484307,0.4378385373209235,0.06560319836221652,3.50147301135583e-05,20.245053616290257,52.779043358254825,nan,0.8702550356888623,nan
97.55,178.2015838623047,-194.46353149414062,-16.27276611328125,179.46076708850714,-194.6650665188817,-16.27007744142146,1.2752121361967086,0.43777388223171104,0.06559823427372169,3.5698884166731986e-05,20.185033954011235,49.95641063505255,12.085644378597884,nan,nan
97.56,178.1998291015625,-194.47219848632812,-16.273866653442383,179.45938136450127,-194.67402538333482,-16.27139451625884,1.2756222445895884,0.4378228549117021,0.06561863777329849,3.500216565558964e-05,20.076084846885678,49.866090661154466,nan,0.01414805641308152,nan
97.57000000000001,178.19810485839844,-194.48086547851562,-16.274944305419922,179.45803176491108,-194.68298495993906,-16.272550011790962,1.276038332953751,0.4378719147440859,0.06563910641265355,3.570785516245828e-05,19.981542291076078,49.7939418070914,nan,nan,nan
97.58,178.1964111328125,-194.4895477294922,-16.275999069213867,179.45671384219781,-194.69194402206318,-16.274415620806927,1.276451991200337,0.43792106182478846,0.0656596403316625,3.5010785062676446e-05,19.814498457562465,48.48985176558711,nan,0.37695630891002607,nan
97.59,178.1947479248047,-194.4982147216797,-16.277034759521484,179.45543286076006,-194.70090444929437,-16.27553741584489,1.2768758261723767,0.43797029634547974,0.06568023967949745,3.571682041665159e-05,19.726196311820516,49.46725814033259,nan,nan,nan
97.60000000000001,178.19313049316406,-194.5068817138672,-16.27804946899414,179.45047226433124,-194.707906782148,-16.276240308572085,1.2733116981558565,0.4379055675641615,0.06567519472967893,3.499819541340602e-05,19.765823783034314,49.38137345681579,1.1090975034031265,0.04457310835692835,nan
97.61,178.1915283203125,-194.5155487060547,-16.279043197631836,179.44925162561668,-194.71686398540393,-16.27731725877601,1.273734168996685,0.43795459168972994,0.06569579676786645,3.570370027845488e-05,19.67705193364534,49.18477787076093,nan,nan,nan
97.62,178.18997192382812,-194.5242156982422,-16.280017852783203,179.44806380867848,-194.72582202024427,-16.278201197851146,1.2741442618607501,0.4380037029732305,0.06571646428249908,3.5006772451942284e-05,19.60882428015589,49.23298302161217,nan,0.021359038931311632,nan
97.63,178.18844604492188,-194.5328826904297,-16.28097152709961,179.4469068487112,-194.73478021938305,-16.27923883968009,1.2745545139684016,0.4380529016010013,0.06573719742290425,3.571262499724695e-05,19.519924429589963,49.21744271480413,nan,nan,nan
97.64,178.1869354248047,-194.5415496826172,-16.28190803527832,179.44578451049773,-194.74374009055072,-16.27924619245563,1.274985908556542,0.43810218767694287,0.06575799632872005,3.501534372624672e-05,19.560623704418052,49.01594735616428,nan,0.7225812800318766,nan
97.65,178.18536376953125,-194.55023193359375,-16.28293228149414,179.420799129758,-194.75106061308236,-16.28030655060749,1.251654737643898,0.4380373851118001,0.0657528667344173,3.5699478511549366e-05,18.543672276888184,47.579075909904596,8.963047888558654,nan,nan
97.66,178.18370056152344,-194.55889892578125,-16.284042358398438,179.4195179611887,-194.76003148371086,-16.281890646560328,1.2520797023506633,0.43808646051462696,0.06577366746566939,3.500269386542286e-05,18.408132810995223,48.61965279181447,nan,0.14295518282502995,nan
97.67,178.1819610595703,-194.56756591796875,-16.285240173339844,179.4181579844659,-194.76900345811484,-16.28311700678938,1.2525032644818122,0.43813562316567445,0.06579453401597164,3.5708359277635316e-05,18.327518402942285,48.54963523120264,nan,nan,nan
97.68,178.1801300048828,-194.5762481689453,-16.286523818969727,179.42850330798436,-194.77198945879897,-16.283759275180735,1.2636289800224574,0.4364823160377563,0.06537581807986284,3.501113205916462e-05,26.699425783546054,55.60307241679634,nan,0.32017930138358697,0.08154020682838277
97.69,178.17823791503906,-194.5849151611328,-16.287891387939453,179.42699221362383,-194.78094520516336,-16.285151391561598,1.2640500717838332,0.4365296434783978,0.06539427192791286,3.571713788850499e-05,26.58104973856118,56.969264934152676,nan,nan,nan
97.7,178.17625427246094,-194.5935821533203,-16.289342880249023,179.4091977183045,-194.7880679328309,-16.287571156538625,1.248189648284816,0.436463868639741,0.06538968732816328,3.499846132999722e-05,25.601062104165866,56.23418710529288,5.710823598055529,0.7196446533207219,nan
97.71000000000001,178.1741943359375,-194.60226440429688,-16.290876388549805,179.40749760175723,-194.7970317684748,-16.28914044810492,1.2485889175864289,0.43651099374927,0.06540814945101835,3.570393379364844e-05,25.489203245555494,54.982884352669515,nan,nan,nan
97.72,178.1720733642578,-194.61093139648438,-16.292491912841797,179.40570289142755,-194.80600136438662,-16.292093043936784,1.2489572697970177,0.4365582046740019,0.06542667042829332,3.500695635572347e-05,25.299717889939863,56.18293086715014,nan,1.193993902811778,nan
97.73,178.16986083984375,-194.61959838867188,-16.294185638427734,179.40385172260346,-194.81496543301353,-16.29384001610832,1.2493605965467598,0.43660550214043237,0.06544525045703362,3.5712773696458076e-05,25.190425074511882,56.00741552725318,nan,nan,nan
97.74000000000001,178.16758728027344,-194.62828063964844,-16.295961380004883,179.40196488864024,-194.82391799769968,-16.292915500731855,1.2497885154229713,0.436652885723375,0.06546388963016588,3.501544671790737e-05,25.34592481826261,55.04272265309884,nan,5.345609672727557,nan
97.75,178.1652374267578,-194.63694763183594,-16.297815322875977,179.44022003795425,-194.84898233904448,-16.29473153657076,1.2924971511195953,0.4365870832064907,0.065459264845131,3.569954605364456e-05,25.365059360697664,57.57934322266466,14.540593515396166,nan,nan
97.76,178.16281127929688,-194.6456298828125,-16.299747467041016,179.4382120255596,-194.8579760381099,-16.296854864964693,1.292960293428959,0.436634264275745,0.06547791175664641,3.500271970073211e-05,25.233367393327672,56.188320625118955,nan,0.019055300906822174,nan
97.77,178.1603240966797,-194.654296875,-16.301755905151367,179.43613441682672,-194.86696903363625,-16.29889389884762,1.2934178022328107,0.4366815317795193,0.06549661797694459,3.570834515022684e-05,25.116682636495298,57.46834856516494,nan,nan,nan
97.78,178.1577606201172,-194.6629638671875,-16.30384063720703,179.43397344637347,-194.87596566576033,-16.301936532784367,1.2938672921555618,0.43672888534119625,0.06551538360321513,3.501117482007796e-05,24.884641606506477,57.16404340914275,nan,0.605263156784342,nan
97.79,178.15512084960938,-194.67164611816406,-16.306001663208008,179.43175494561393,-194.88495834683363,-16.304138746932402,1.2943338798155593,0.4367763256147123,0.06553420882634005,3.571714058712913e-05,24.775318264089055,55.697056527026966,nan,nan,nan
97.8,178.1524200439453,-194.68031311035156,-16.30823516845703,179.44704313814478,-194.89554963357796,-16.305214305279662,1.312396602624192,0.4367104946661369,0.06552954049860814,3.49984275941623e-05,25.76721299876206,57.58306081829803,7.057007726144051,0.8864794637646004,nan
97.81,178.14964294433594,-194.68899536132812,-16.310489654541016,179.44472484575758,-194.90453228310366,-16.30752727170618,1.3128983478359713,0.4367577322151279,0.06554837290040068,3.570385812488387e-05,25.650853174010855,56.13795789580639,nan,nan,nan
97.82000000000001,178.1468048095703,-194.69766235351562,-16.31273078918457,179.44235390946832,-194.91350998332467,-16.308652981897378,1.3134132244092116,0.43680505576152917,0.06556726496582796,3.500684602783775e-05,25.776289032447522,57.54727410305369,nan,1.0030299634600985,nan
97.83,178.14390563964844,-194.70632934570312,-16.314945220947266,179.43990083917956,-194.92249194793285,-16.310939461685624,1.3139048192002716,0.43685246591390575,0.06558621688173946,3.571261960632276e-05,25.646925983973965,57.355766635411186,nan,nan,nan
97.84,178.14093017578125,-194.71499633789062,-16.317121505737305,179.43738991652663,-194.9314710965838,-16.312537989036873,1.3144162921807472,0.4368999623634406,0.06560522875116523,3.50152622964851e-05,25.695080344692624,57.393332382867285,nan,0.30422289833164595,nan
97.85000000000001,178.13795471191406,-194.7236785888672,-16.319259643554688,179.45245166778778,-194.93406823560144,-16.314767128126633,1.331234852739785,0.43683410324152755,0.06560051358500099,3.5699319113328974e-05,27.782450492028822,56.41493791902035,27.989886828460257,nan,nan
97.86,178.135009765625,-194.7323455810547,-16.32135772705078,179.4499543140681,-194.9430086344639,-16.317311614087334,1.3317186108867052,0.4368813967749921,0.06561953205495077,3.5002466664000216e-05,27.580767884376463,57.36771295111147,nan,0.0971161495295881,nan
97.87,178.13209533691406,-194.7410125732422,-16.323415756225586,179.44749592434755,-194.95194745896563,-16.319449207255595,1.3322116817331464,0.4369287768092856,0.06563861062529926,3.570804544690501e-05,27.450319030645108,57.10047598391037,nan,nan,nan
97.88,178.12924194335938,-194.7496795654297,-16.32543182373047,179.44508272708404,-194.96088612545068,-16.32160563116225,1.332688943024072,0.4369762430777023,0.06565774940286398,3.5010853281100533e-05,27.323939911433417,57.11076313020618,nan,0.002410305390186898,nan
97.89,178.12643432617188,-194.75836181640625,-16.327407836914062,179.4427213885381,-194.9698243402417,-16.323665000246926,1.3331699210400343,0.4370237961258528,0.06567694856899718,3.571677112673492e-05,27.19734052486644,55.792721961189,nan,nan,nan
97.9,178.12368774414062,-194.76702880859375,-16.329345703125,179.41475647076246,-194.97031897093854,-16.325159122732707,1.3069823542888652,0.4369579081477533,0.06567218315458052,3.499804343375515e-05,26.89877081211476,56.006714058545526,6.365604465769496,0.25864235507623634,nan
97.91,178.12098693847656,-194.77569580078125,-16.33124351501465,179.41245735752204,-194.9792458263396,-16.32713729902916,1.3074193348669862,0.4370052580634369,0.06569138832065585,3.570342512644298e-05,26.767603921037534,55.889091817894524,nan,nan,nan
97.92,178.11834716796875,-194.78436279296875,-16.333105087280273,179.41021864860173,-194.98817026252948,-16.328459705654332,1.307857403042105,0.4370526941483067,0.06571065394373288,3.500639942742469e-05,26.80913356643621,55.88743043243881,nan,0.2701457895768573,nan
97.93,178.11575317382812,-194.79302978515625,-16.334928512573242,179.4080258023968,-194.9970964979288,-16.330358277455417,1.308293796078923,0.43710021690912776,0.06572998020162972,3.571212325675353e-05,26.675812649609252,55.760192307555776,nan,nan,nan
97.94,178.1132049560547,-194.80169677734375,-16.336715698242188,179.4058666471063,-195.0060283052205,-16.33388239510035,1.3087145022515696,0.43714782613728537,0.06574936720630133,3.5014756382181966e-05,26.219255835374053,55.26715694117463,nan,1.947122983587067,nan
97.95,178.1107177734375,-194.81036376953125,-16.33846664428711,179.44101520474246,-195.03206172153816,-16.335713773408102,1.3486470316427115,0.4370819094152285,0.06574454818069787,3.5698765880408656e-05,25.893408278987142,56.9248538661868,13.24452864777043,nan,nan
97.96000000000001,178.1082763671875,-194.8190460205078,-16.340185165405273,179.43900889364565,-195.04103089373947,-16.3397640966614,1.349120646278995,0.43712931531060384,0.06576394056659232,3.500190768461716e-05,25.58828652315744,55.29290990994501,nan,3.543335322700478,nan
97.97,178.1058807373047,-194.8277130126953,-16.341867446899414,179.4370757876522,-195.04999260600434,-16.341562942980776,1.349625345195456,0.4371768077788577,0.06578339382985961,3.57074355283103e-05,25.486195187992895,56.39373071315815,nan,nan,nan
97.98,178.10354614257812,-194.8363800048828,-16.343515396118164,179.43518012899406,-195.05895763351083,-16.344364919351218,1.350107623944623,0.43722438664699226,0.06580290808572958,3.5010241435677764e-05,25.404176330072218,56.442418162513384,nan,0.7576316630703295,nan
97.99000000000001,178.1012420654297,-194.8450469970703,-16.34513282775879,179.43334256096506,-195.0679196405897,-16.346108885046032,1.3506164881722469,0.4372720523684947,0.06582248350725088,3.571610788916392e-05,25.311622065688255,56.10444947394037,nan,nan,nan
98.0,178.0989990234375,-194.8537139892578,-16.346715927124023,179.41215126773326,-195.0745798537781,-16.34843212315321,1.3315980970766306,0.43720610627696815,0.06581760741571187,3.499738506786426e-05,24.44484354523337,55.60245365541766,7.17821878432854,0.3538274944896386,nan
98.01,178.09678649902344,-194.8623809814453,-16.348268508911133,179.41036490502583,-195.083549926455,-16.350118525882706,1.3320688246165344,0.4372535684439382,0.065837187578188,3.570271520553473e-05,24.358284695724763,55.319014641582186,nan,nan,nan
98.02,178.09461975097656,-194.87106323242188,-16.349790573120117,179.4086180885841,-195.09252143384992,-16.35225991636097,1.3325319748025328,0.43730111694148177,0.06585682897518957,3.5005694712012466e-05,24.340931792072375,54.07024474649752,nan,0.16620513652555247,nan
98.03,178.09251403808594,-194.87973022460938,-16.351280212402344,179.40691960375594,-195.10149152185178,-16.353891308029453,1.3329842016465476,0.43734875219062697,0.06587653177675043,3.571136679924226e-05,24.259047778595093,55.40256286355902,nan,nan,nan
98.04,178.09042358398438,-194.88839721679688,-16.35274314880371,179.4052657613563,-195.11046117487643,-16.355290305570207,1.3334649754986851,0.4373964740669488,0.06589629610249736,3.5014008559797484e-05,24.156897624637104,54.90100521121686,nan,0.02918965373545673,nan
98.05,178.08839416503906,-194.89706420898438,-16.35417366027832,179.41009614074062,-195.12799391312265,-16.356655773125393,1.3417267984619592,0.43733049859101547,0.0658913595247532,3.569796950449937e-05,23.24322127157312,55.51176632346014,6.954322584929076,nan,nan
98.06,178.08639526367188,-194.90573120117188,-16.35557746887207,179.4085260456964,-195.13699198080448,-16.358043761694624,1.3422061822139417,0.43737801670400883,0.06591112793335556,3.5001123084603733e-05,23.148169019100564,55.20702245501412,nan,0.016256712895649988,nan
98.07000000000001,178.08444213867188,-194.91441345214844,-16.35695457458496,179.40699480483798,-195.14599062363442,-16.359554704122125,1.3426765440008723,0.437425621467481,0.06593095798174124,3.5706599318251114e-05,23.069715822578917,53.86877772407405,nan,nan,nan
98.08,178.08253479003906,-194.92308044433594,-16.358301162719727,179.40551428624386,-195.15498602996226,-16.359779559235008,1.3431519399082281,0.43747331278641494,0.06595084979229318,3.500942013861605e-05,22.846650252252676,55.061993052050475,nan,1.1193742769627686,nan
98.09,178.0806427001953,-194.93174743652344,-16.359622955322266,179.40406097534316,-195.16398521565017,-16.36122505348468,1.343641650056865,0.43752109103782344,0.06597080353101888,3.5715235139640506e-05,22.76170221294349,54.66826794542117,nan,nan,nan
98.10000000000001,178.0788116455078,-194.9404296875,-16.360918045043945,179.38930174705268,-195.17281308019815,-16.361361560877512,1.3309344627573843,0.43745508559630814,0.06596580297471788,3.4996533290833614e-05,21.88854702716256,53.16822182150041,4.777456680649557,1.034498716994716,nan
98.11,178.07701110839844,-194.9490966796875,-16.3621883392334,179.38789380944445,-195.18182340342486,-16.36274248711684,1.331381046478839,0.43750265985742137,0.06598576011755634,3.570181237340752e-05,21.796846102536808,54.16150242774713,nan,nan,nan
98.12,178.0752410888672,-194.957763671875,-16.363431930541992,179.3865402699556,-195.19082857224265,-16.362009467487695,1.3318508976261703,0.4375503206005289,0.06600577925665595,3.500481245748206e-05,21.752125062696233,54.125386462688944,nan,3.0812984772213095,nan
98.13,178.07350158691406,-194.96644592285156,-16.36465072631836,179.38520459195462,-195.19983941868742,-16.36332081633011,1.3323059205721046,0.4375980681761627,0.06602586055552156,3.571043384008377e-05,21.652703795644005,52.765756658456915,nan,nan,nan
98.14,178.07180786132812,-194.97511291503906,-16.3658447265625,179.38390396059455,-195.208850407932,-16.36459511634209,1.3327531469930032,0.4376459025289583,0.0660460041401971,3.5013098855069596e-05,21.554353582900763,54.00188894508578,nan,0.00013004914603407532,nan
98.15,178.0701446533203,-194.98377990722656,-16.367015838623047,179.39930550528726,-195.2217670902943,-16.365655597317282,1.3502993445760176,0.43757986699800905,0.06604093613751098,3.5697012682506745e-05,21.929562351872857,54.35889434238466,5.046715376536314,nan,nan
98.16,178.06851196289062,-194.99246215820312,-16.3681640625,179.39810501324638,-195.230779676267,-16.366738093729957,1.3507830885665446,0.43762749714358523,0.06606108243005807,3.500019187723596e-05,21.845770163519486,53.017629644427615,nan,0.017031969316239858,nan
98.17,178.06690979003906,-195.00112915039062,-16.369287490844727,179.39693622075117,-195.23979302326217,-16.367952167832428,1.3512707107365218,0.43767521402227655,0.06608129111029241,3.570561849363487e-05,21.74600515565588,54.22251076788006,nan,nan,nan
98.18,178.0653533935547,-195.0098114013672,-16.370389938354492,179.39580060021527,-195.24880645627368,-16.369046246360977,1.351743397057619,0.4377230176024239,0.06610156230651404,3.500846729140539e-05,21.657705219272106,52.942200849347145,nan,0.006821168298443581,nan
98.19,178.06381225585938,-195.0184783935547,-16.371471405029297,179.39469597279435,-195.257820486913,-16.37021651179154,1.3522343289581285,0.4377709081990598,0.06612189617892253,3.5714233267142246e-05,21.55955357098807,53.91147240122761,nan,nan,nan
98.2,178.0623016357422,-195.02716064453125,-16.372529983520508,179.41365846864733,-195.26744682638054,-16.37326531418524,1.3725535617010738,0.4377048420297907,0.06611675720710687,3.499556450817542e-05,22.541222057120645,53.32130117756549,9.176298689167517,2.561198684273879,nan
98.21000000000001,178.0608367919922,-195.03582763671875,-16.373567581176758,179.41265859151244,-195.27644749258673,-16.374413342545488,1.3730698481899568,0.4377525281871146,0.06613709307140891,3.5700795348611577e-05,22.4551576547538,54.50279247127986,nan,nan,nan
98.22,178.05938720703125,-195.0445098876953,-16.374584197998047,179.41167539120423,-195.28545244823087,-16.377336391940286,1.373588084216944,0.4378003009685647,0.06615749167801714,3.5003827506083374e-05,22.564118883288685,53.341556956650656,nan,2.274668812552696,nan
98.23,178.05796813964844,-195.0531768798828,-16.375581741333008,179.41073446568288,-195.2944538766074,-16.378462780005098,1.3741177614691507,0.4378481606680884,0.066177953185112,3.570940136710388e-05,22.4909644378215,54.405089097969196,nan,nan,nan
98.24000000000001,178.05657958984375,-195.06185913085938,-16.376558303833008,179.4098260964135,-195.30345445774046,-16.3790112354829,1.3746455639137236,0.43789610728561973,0.06619847772395561,3.5012100353883396e-05,22.34346611954154,53.08554342594509,nan,0.220217772800991,nan
98.25,178.0552215576172,-195.07054138183594,-16.377513885498047,179.38395353214077,-195.30350719472997,-16.380154369046927,1.3490028547976007,0.43783001026224466,0.0661932642772199,3.569597036106728e-05,22.106292311985495,52.154081889543185,5.675638341005119,nan,nan
98.26,178.05389404296875,-195.07920837402344,-16.37845230102539,179.38305117559662,-195.3124970136738,-16.381684586979375,1.3494786846326803,0.43787775221580455,0.06621379007484844,3.4999185111557696e-05,22.120602144468165,53.29369073541857,nan,0.1523346544435222,nan
98.27,178.05258178710938,-195.087890625,-16.379371643066406,179.38217881922728,-195.32148623762927,-16.38273720636617,1.3499653718050346,0.4379255809894313,0.06623437899360489,3.570456592658234e-05,22.05347545815327,51.95269446448127,nan,nan,nan
98.28,178.05130004882812,-195.09657287597656,-16.380273818969727,179.38133566435562,-195.33047490981536,-16.38332219061018,1.35044962607836,0.43797349660170043,0.06625503116654452,3.500745187835185e-05,21.91592019806046,51.78348917449145,nan,0.14305936401617955,nan
98.29,178.04994201660156,-195.10523986816406,-16.381263732910156,179.38046021499414,-195.3394649526939,-16.384389127480425,1.3509810637340822,0.43802149931862816,0.06627574674921363,3.5713172926123746e-05,21.839126838262917,53.042083002143094,nan,nan,nan
98.3,178.04849243164062,-195.11392211914062,-16.382341384887695,179.3646171631154,-195.33856125416506,-16.384348116971168,1.3351595697735006,0.43795537091388775,0.06627045528154056,3.499454541954192e-05,22.114602040028224,50.889387016697036,3.82160962971587,1.0265404155440139,nan
98.31,178.0469512939453,-195.1226043701172,-16.38350486755371,179.3635559845484,-195.34752661794622,-16.385580948028817,1.3356804404484952,0.4380031687296923,0.0662911713710455,3.569973235219956e-05,22.038804054716312,50.80469409976056,nan,nan,nan
98.32000000000001,178.04534912109375,-195.13128662109375,-16.384756088256836,179.3624089594818,-195.35649338248757,-16.38756032992723,1.3361783440258224,0.43805105330329375,0.06631195093334202,3.5002804265641595e-05,22.06043671490739,50.88581426788231,nan,0.306932492985196,nan
98.33,178.0436553955078,-195.13995361328125,-16.386091232299805,179.36118509793556,-195.36545914245158,-16.3889733239882,1.336692023959986,0.43809902488434066,0.06633279412239679,3.5708335167139124e-05,21.985012033427562,51.95911230889377,nan,nan,nan
98.34,178.0418701171875,-195.1486358642578,-16.387508392333984,179.3598706839238,-195.37442825790282,-16.392259678812298,1.3372098839256001,0.4381470835159489,0.06635370107358878,3.501107508182649e-05,22.316768136820198,51.12097928062829,nan,2.255927480457517,nan
98.35000000000001,178.04002380371094,-195.15731811523438,-16.38901138305664,179.33959536365572,-195.3831921335204,-16.39397387226675,1.3190640385717232,0.4380809234374895,0.06634832805056816,3.569490573176209e-05,21.319221108375835,50.70723889294938,8.721323716217173,nan,nan
98.36,178.0380859375,-195.16600036621094,-16.390594482421875,179.3381013546641,-195.3921699648573,-16.394146848174035,1.3195474192004804,0.43812877693599417,0.06636923473992405,3.4998162289787714e-05,20.90963279886124,50.253537024819565,nan,1.6177350589833,nan
98.37,178.0360870361328,-195.1746826171875,-16.39225959777832,179.3365213027885,-195.4011505531243,-16.395900529749593,1.3200114636946914,0.4381767173450015,0.0663902052694216,3.5703502229240746e-05,20.839567228670084,50.26028345008757,nan,nan,nan
98.38,178.03399658203125,-195.18336486816406,-16.39400291442871,179.33487005409907,-195.4101297092649,-16.396752337440663,1.3204929544742665,0.4382247447219054,0.06641123977581949,3.500643089559476e-05,20.604577164347052,49.9541248967636,nan,0.6822550663424255,nan
98.39,178.03184509277344,-195.19204711914062,-16.39582633972168,179.3331378166882,-195.41911046590263,-16.398658071017326,1.320957431357429,0.43827285929494963,0.06643233841105231,3.5712112096488585e-05,20.53312139373996,49.95114486978517,nan,nan,nan
98.4,178.0296173095703,-195.20071411132812,-16.397727966308594,179.36109244449423,-195.4456518748056,-16.40153489338458,1.3538223796317534,0.43820666702809846,0.06642688027043549,3.49935304187477e-05,20.078581357106387,52.64355059730964,11.853021865162672,0.6591514465623493,nan
98.41,178.02731323242188,-195.2093963623047,-16.399707794189453,179.3592522699198,-195.4546742798714,-16.403607389432718,1.3543404532464653,0.43825457622588665,0.06644797785719789,3.569867864117978e-05,20.011802965078946,51.249679131146344,nan,nan,nan
98.42,178.02493286132812,-195.21807861328125,-16.401762008666992,179.3573360031356,-195.4636975758539,-16.40635867346728,1.3548608549961807,0.43830257230757363,0.06646913963183444,3.500179455707346e-05,20.111428560413994,51.4054618747458,nan,0.25489707278870005,nan
98.43,178.02247619628906,-195.2267608642578,-16.403894424438477,179.35535060838026,-195.47271988992026,-16.408592217667103,1.3553863323692996,0.43835065548904306,0.06649036574508602,3.5707287809131225e-05,20.048355196644916,51.12284377049308,nan,nan,nan
98.44,178.01995849609375,-195.23544311523438,-16.406099319458008,179.35329835239352,-195.48174061335135,-16.4099576853819,1.3559028420074142,0.4383988258462331,0.06651165633547206,3.5010072268939156e-05,19.777915238382594,50.98593828661417,nan,0.6291664945278758,nan
98.45,178.01736450195312,-195.24412536621094,-16.408327102661133,179.36831229547965,-195.5037895898555,-16.412288290729613,1.3756820638817844,0.4383326010356548,0.06650610952326075,3.569386862437268e-05,19.08493504103994,51.86409738197815,6.6710312359695285,nan,nan
98.46000000000001,178.01470947265625,-195.25279235839844,-16.410545349121094,179.36613796168385,-195.51284492338365,-16.413973138025653,1.3762260160480833,0.4383805657787086,0.06652739826226892,3.499717001185708e-05,18.902838469492064,52.855463569215225,nan,0.31863628431081326,nan
98.47,178.01202392578125,-195.261474609375,-16.412734985351562,179.36391910823863,-195.52190087322407,-16.416304868498074,1.3767553040825906,0.43842861752532003,0.0665487515460416,3.5702474536018015e-05,18.847481672751545,51.38996863322068,nan,nan,nan
98.48,178.00936889648438,-195.27015686035156,-16.41489028930664,179.36170154427205,-195.53095726363682,-16.41908011828544,1.3772574179480948,0.43847675636205,0.06657016951412079,3.500544835571922e-05,18.914507698519717,51.427526733619544,nan,0.15846970872448282,nan
98.49000000000001,178.0067596435547,-195.27883911132812,-16.41700553894043,179.35951439307613,-195.54001284876566,-16.421350467507153,1.3777430863133178,0.4385249824888482,0.06659165231573741,3.571109522629515e-05,18.863718534879087,51.41557497367732,nan,nan,nan
98.5,178.00418090820312,-195.28750610351562,-16.419082641601562,179.3638760486357,-195.55175302652373,-16.423151822294777,1.3851403789748866,0.4384587246251206,0.0665860132604157,3.499256092329982e-05,18.778720893516343,52.585727313888654,0.3772723483138819,0.12576635159860605,nan
98.51,178.00164794921875,-195.2961883544922,-16.421117782592773,179.36178484959075,-195.56081309836136,-16.425340210450287,1.3856465897617567,0.43850674489069247,0.0666074933906395,3.569767597572184e-05,18.728378324947425,51.31490005070295,nan,nan,nan
98.52,177.99917602539062,-195.30487060546875,-16.423114776611328,179.3597396365798,-195.56987348515597,-16.427910420471083,1.3861395544946709,0.43855485215959,0.06662903840859244,3.500083725145207e-05,18.809185843242147,51.27294427192767,nan,0.12509132734368483,nan
98.53,177.99673461914062,-195.31353759765625,-16.42506980895996,179.35774450223897,-195.57893293877515,-16.430024973616472,1.386653216430038,0.43860304662271415,0.06665064846263967,3.5706298418314684e-05,18.7625391629333,52.34580781171122,nan,nan,nan
98.54,177.99435424804688,-195.3222198486328,-16.42698860168457,179.35580140200346,-195.587991057105,-16.43111946714916,1.3871516688231147,0.438651328380212,0.06667232369360374,3.5009128269722375e-05,18.48658840320418,50.70214805066982,nan,0.6801454679609625,nan
98.55,177.9920196533203,-195.33090209960938,-16.42886734008789,179.38760291292093,-195.61259711834518,-16.432889938340136,1.4237348416593365,0.43858503705679364,0.0666665888302649,3.569289555453596e-05,18.308768562134397,52.21788586273957,13.642543622822306,nan,nan
98.56,177.98973083496094,-195.33956909179688,-16.430709838867188,179.38581410466992,-195.62168374829625,-16.431778103687947,1.4243027475093937,0.4386331127077025,0.06668826055403902,3.499624214673466e-05,17.812176603175743,52.83557137041908,nan,6.7817965662731865,nan
98.57000000000001,177.98748779296875,-195.34825134277344,-16.432514190673828,179.38405989734835,-195.63077346302265,-16.433698011130616,1.4248627276310692,0.43868127545700036,0.06670999751285073,3.570151680941062e-05,17.745082600974456,51.50510617825367,nan,nan,nan
98.58,177.98529052734375,-195.35693359375,-16.434282302856445,179.38235610100566,-195.63986164050144,-16.43409405450667,1.4254264387148472,0.4387295254124779,0.06673179984824663,3.500453569620511e-05,17.633470122841388,51.35803940827055,nan,1.564225268152105,nan
98.59,177.98313903808594,-195.3656005859375,-16.436017990112305,179.3806913829063,-195.64895127634387,-16.43592924249522,1.4259874396861898,0.43877786275356395,0.06675366770751992,3.571015377301194e-05,17.557989684756176,52.362638465934104,nan,nan,nan
98.60000000000001,177.98101806640625,-195.37428283691406,-16.437715530395508,179.36884572962524,-195.66669638671874,-16.43847835632653,1.4182989419754366,0.4387115374606158,0.06674783346225757,3.4991665990747994e-05,16.16046475403849,51.40895508097672,14.67058120682287,0.37471175903516596,nan
98.61,177.97894287109375,-195.38294982910156,-16.439382553100586,179.36723405675394,-195.6758247409573,-16.44025405257052,1.4188477330875275,0.43875966844316133,0.06676969696226533,3.569675336602961e-05,16.09257716319757,52.44765574093652,nan,nan,nan
98.62,177.97691345214844,-195.39163208007812,-16.44101333618164,179.36566774848083,-195.6849521220818,-16.44088174075351,1.419392532015043,0.4388078865426335,0.06679162603481742,3.4999959081981146e-05,16.001046546178465,51.159234766422244,nan,0.8787808716256331,nan
98.63,177.9749298095703,-195.4003143310547,-16.44261360168457,179.36413883141603,-195.69408047784228,-16.44258211738015,1.4199296659930798,0.43885619193207365,0.06681362082661071,3.57053936164296e-05,15.93002608668805,50.97674877107424,nan,nan,nan
98.64,177.9729766845703,-195.4089813232422,-16.444181442260742,179.3626478232221,-195.7032093403439,-16.445005839667562,1.4204776236465047,0.43890458472887045,0.06683568148007639,3.500826755147946e-05,15.878173816147346,52.09723760139703,nan,0.4017659974181507,nan
98.65,177.9710693359375,-195.41766357421875,-16.44571876525879,179.37422562559794,-195.7119802729905,-16.446617169678834,1.4336912845937468,0.438838225018681,0.06682974428537596,3.569201082995704e-05,16.456109990834335,51.054420483221406,3.8963731577830503,nan,nan
98.66,177.96920776367188,-195.4263458251953,-16.447223663330078,179.37284313945133,-195.72109792571294,-16.448232612837085,1.4342496598842904,0.438886411217029,0.06685179971309771,3.6411206263745586e-05,16.39156697141337,51.072273638851726,nan,nan,nan
98.67,177.9673614501953,-195.4350128173828,-16.448699951171875,179.37149827398477,-195.730215727029,-16.44981857902466,1.4348331711782343,0.43893468459807145,0.06687392105098734,3.714484231267863e-05,16.32723710248224,52.042308597181105,nan,nan,nan
98.68,177.96556091308594,-195.44369506835938,-16.450145721435547,179.30206910936673,-195.6817275342932,-16.451791683384684,1.3575405418458062,0.43291433012477815,0.0625561412550953,3.6361999989038664e-05,24.217771657174076,58.69963282460539,nan,0.10838678970962279,0.7646343955396842
98.69,177.96380615234375,-195.45237731933594,-16.451562881469727,179.3008131717343,-195.6907903433715,-16.45332490941045,1.358098540118435,0.4329655826313532,0.0625700898928797,3.709426980708777e-05,24.119355846543773,58.603985043215246,nan,nan,nan
98.7,177.9620819091797,-195.4610595703125,-16.452953338623047,179.28743588467773,-195.70611338926545,-16.453866953684557,1.3478187449521484,0.4329006184923525,0.0625659656234145,3.629154556435224e-05,22.283988103761654,59.00639375880626,19.128228829958164,0.6347556431345426,nan
98.71000000000001,177.96038818359375,-195.4697265625,-16.454315185546875,179.28622852822875,-195.71522081327626,-16.455335934292368,1.3483772055897592,0.4329516511757991,0.06257994470873454,3.702160407266638e-05,22.180560745565458,60.21962095209972,nan,nan,nan
98.72,177.95872497558594,-195.47840881347656,-16.45564842224121,179.28502979515295,-195.72430288293938,-16.455348480150356,1.34890639325675,0.4330027699699481,0.06259398170036266,3.6245260357560546e-05,22.04932615663547,58.768263682645774,nan,1.3443487035683,nan
98.73,177.9571075439453,-195.48709106445312,-16.45695686340332,179.28388980808887,-195.73341049782053,-16.45675097684961,1.3494534012294102,0.4330539759803416,0.06260807770065376,3.697410602460573e-05,21.942166606002473,58.67687002578594,nan,nan,nan
98.74000000000001,177.95550537109375,-195.4957733154297,-16.45823860168457,179.2827583559725,-195.7424944912986,-16.45675260499785,1.3499903824390211,0.4331052684045957,0.06262223191515844,3.620038008540631e-05,21.89771629234466,58.55835392800655,nan,1.247540954583207,nan
98.75,177.95394897460938,-195.5044403076172,-16.459495544433594,179.30129520495652,-195.75787656423023,-16.458208732336292,1.3709753668399953,0.43304018807848355,0.06261814928811492,3.6904661940253496e-05,22.075375284071107,60.76815304158869,3.892511416914085,nan,nan
98.76,177.95240783691406,-195.51312255859375,-16.460725784301758,179.3002518501299,-195.76695995165616,-16.457628660849924,1.371541650206876,0.43309126038691936,0.0626323335061964,3.613447467682598e-05,22.19300328636216,59.5836834845915,nan,2.379870541699196,nan
98.77,177.95091247558594,-195.5218048095703,-16.461933135986328,179.29927224054913,-195.77607614052852,-16.458902566303816,1.3721286928970806,0.4331424197946349,0.06264657696011731,3.686018532969204e-05,22.07332152230942,59.464984397210216,nan,nan,nan
98.78,177.94944763183594,-195.53048706054688,-16.463115692138672,179.29831074184963,-195.7851807642399,-16.459439377772497,1.3727032044633707,0.4331936655557864,0.06266087893178286,3.6092501667541316e-05,22.095673822863453,59.536497390233514,nan,0.3378871262227318,nan
98.79,177.947998046875,-195.53916931152344,-16.46427345275879,179.29739101822548,-195.79429762265448,-16.460660054128812,1.373304373735234,0.43324499869125366,0.06267524041033386,3.681720232262955e-05,21.974231059011803,59.416799327603,nan,nan,nan
98.8,177.94659423828125,-195.5478515625,-16.465410232543945,179.28554012198748,-195.79613305681175,-16.46201245611165,1.3617750639500712,0.4331798016582902,0.06267119469767805,3.602969790253164e-05,22.269671486534005,58.3676451833381,4.073715271887737,0.05806413401501556,nan
98.81,177.94520568847656,-195.55653381347656,-16.466522216796875,179.28465978052145,-195.80522867204022,-16.46318902417928,1.3623499945112558,0.4332309143572618,0.06268558567160497,3.675254694130678e-05,22.150457667112608,58.302929393500904,nan,nan,nan
98.82000000000001,177.94384765625,-195.56521606445312,-16.467613220214844,179.28380086716115,-195.81431829226327,-16.463950129697025,1.3629159715709591,0.43328211334816613,0.0627000354609486,3.599064248974063e-05,22.12019677500421,58.238415560149974,nan,0.10356547125534316,nan
98.83,177.94252014160156,-195.5738983154297,-16.46868324279785,179.28297590297518,-195.82341457463792,-16.465080386467175,1.3634856040247505,0.4333333995966311,0.06271454498335083,3.6712613968501646e-05,22.000422331660843,58.117362892830755,nan,nan,nan
98.84,177.94122314453125,-195.58258056640625,-16.469730377197266,179.28217407577506,-195.8325076829147,-16.46596838083345,1.3640480622714544,0.4333847724395433,0.06272911362679691,3.595302289278302e-05,21.940204268582175,58.17536137636848,nan,0.032906548624499966,nan
98.85000000000001,177.93994140625,-195.5912628173828,-16.47075843811035,179.28738957551462,-195.83769094438622,-16.467074805192762,1.3698017958027604,0.4333194599460016,0.06272510175776522,3.665117439893256e-05,22.767770786426105,57.70613852051717,5.521051582734375,nan,nan
98.86,177.93869018554688,-195.59994506835938,-16.471763610839844,179.28667229730846,-195.8467811773236,-16.469274603534547,1.3703977646928573,0.4333706120598259,0.06273969940086646,3.5894776471161e-05,22.47103298306829,57.58153240028564,nan,0.8583936282588376,nan
98.87,177.93746948242188,-195.60862731933594,-16.47275161743164,179.2859621151558,-195.8558544974928,-16.470335131955682,1.3709702759575517,0.43342185131458966,0.06275435700130293,3.661426830376459e-05,22.35889840674054,57.382740526946996,nan,nan,nan
98.88,177.93626403808594,-195.6173095703125,-16.473716735839844,179.285248696616,-195.8649014680172,-16.46960387177849,1.3715240692052368,0.4334731771007205,0.06276907401365331,3.586005575105917e-05,22.573085035514225,57.71433974520166,nan,2.11231901188443,nan
98.89,177.93508911132812,-195.62599182128906,-16.47466468811035,179.284587465276,-195.8739753062269,-16.470609653843947,1.3720998722442956,0.4335245903036367,0.06278385125668354,3.657884455785005e-05,22.45293903285736,57.54053142132285,nan,nan,nan
98.9,177.93392944335938,-195.63467407226562,-16.47559356689453,179.2878723451801,-195.89312254015562,-16.4707820576499,1.3783976721420403,0.4334591619637664,0.06277986857496654,3.580483265318407e-05,21.416028120236113,58.85178555517394,11.696574979135775,0.511167133607253,nan
98.91,177.93280029296875,-195.6433563232422,-16.476503372192383,179.28726334990563,-195.9022390620848,-16.471744687385666,1.378989880368428,0.4335103541185816,0.06279467426351903,3.652207830175062e-05,21.292718525290244,58.789089358314705,nan,nan,nan
98.92,177.93157958984375,-195.65203857421875,-16.477502822875977,179.28662039612186,-195.9113534027256,-16.47258271066303,1.3796390739851365,0.43356163274032034,0.06280953964900528,3.5772963217660034e-05,21.256408663121885,58.7018017812619,nan,0.01744017030447002,nan
98.93,177.93028259277344,-195.6607208251953,-16.478588104248047,179.28589428144016,-195.92047013943252,-16.473668933918532,1.3802814767044032,0.43361299866288633,0.06282446548848328,3.648961895974336e-05,21.149834271470574,58.74168492050044,nan,nan,nan
98.94,177.92889404296875,-195.66940307617188,-16.479761123657227,179.2850675667832,-195.9295720897245,-16.473774064604942,1.3809165026113417,0.4336644513538809,0.0628394513282092,3.5742485872199676e-05,21.39734298434559,58.96287456888397,nan,0.7735417512296224,nan
98.95,177.92742919921875,-195.6781005859375,-16.481019973754883,179.28978625480482,-195.94310634494684,-16.474986281036784,1.3879053298626278,0.4335989082771036,0.06283549449742995,3.643591856970492e-05,21.063469883228763,58.245939571443145,1.3126247410142868,nan,nan
98.96000000000001,177.92587280273438,-195.68678283691406,-16.482364654541016,179.28881214684415,-195.95223236730936,-16.47590579765697,1.3885635836149965,0.4336501396272206,0.06285050823653977,3.569161817547832e-05,21.141988014079665,59.59558288452721,nan,0.11813156915168932,nan
98.97,177.9242401123047,-195.69546508789062,-16.48379135131836,179.28776241654052,-195.96136434284853,-16.477323695906858,1.3892218391971363,0.4337014581625821,0.06286558265103515,3.64063506566261e-05,21.03118328560737,59.62036734276184,nan,nan,nan
98.98,177.92251586914062,-195.7041473388672,-16.485300064086914,179.2866432770145,-195.9705070400596,-16.479621327083862,1.3899004724748945,0.4337528634000097,0.0628807173440608,3.566390057280647e-05,20.69647802289125,59.300237739259885,nan,0.430064122792302,nan
98.99000000000001,177.9207305908203,-195.7128448486328,-16.486892700195312,179.28543253296434,-195.9796391035071,-16.481214748932658,1.390547663496704,0.43380435609964396,0.06289591298810489,3.637818932909635e-05,20.58994991034048,57.87182527013858,nan,nan,nan
99.0,177.91885375976562,-195.72152709960938,-16.48856544494629,179.2609318234303,-195.97430876948448,-16.482364045460884,1.3656905062825695,0.43373869802548926,0.06289197741093101,3.561586357123149e-05,21.35542331460254,57.5526256629149,11.430078011015071,0.18187398533555085,nan
99.01,177.91690063476562,-195.73020935058594,-16.490318298339844,179.25952577491933,-195.9834001724327,-16.48411587871163,1.366303893447366,0.43378996906726597,0.06290720035558293,3.632886712384984e-05,21.24506933193008,57.460961207723415,nan,nan,nan
99.02,177.91488647460938,-195.7388916015625,-16.492149353027344,179.25803476384715,-195.99248449216827,-16.485398481665843,1.366895114963943,0.4338413267432103,0.06292248385128964,3.559081900197625e-05,21.37669577056142,57.74123987368559,nan,0.2062581966840824,nan
99.03,177.91278076171875,-195.74758911132812,-16.49405860900879,179.25647514193992,-196.00157576964907,-16.487305080868698,1.3675048154157703,0.4338927717667242,0.06293782851836047,3.630347320263673e-05,21.2658980784421,56.30130483019724,nan,nan,nan
99.04,177.9105987548828,-195.7562713623047,-16.49604606628418,179.25482185320485,-196.01065013574254,-16.487950067081698,1.3681044710259946,0.43394430372467563,0.0629532340375562,3.55670718610858e-05,21.764277677042482,57.97692963769935,nan,1.227499809820495,nan
99.05,177.90835571289062,-195.76495361328125,-16.49810791015625,179.2446767908264,-196.01669821700796,-16.489887627650607,1.3598518087958673,0.43387853163679535,0.06294931614721978,3.6256971448065084e-05,21.671756089906005,57.697834911782664,1.1828133508305685,nan,nan
99.06,177.90602111816406,-195.7736358642578,-16.500246047973633,179.24288687638096,-196.02579083607688,-16.49259663841969,1.360459738019634,0.4339298416437822,0.06296474837195201,3.552304810953084e-05,21.36820017067661,57.26424104458297,nan,0.23435525348760342,nan
99.07000000000001,177.90362548828125,-195.78231811523438,-16.502460479736328,179.24101660614494,-196.03487623276487,-16.494802598294562,1.361050788185148,0.4339812388842167,0.06298024198638807,3.6234239772393643e-05,21.25225893902027,57.1182799709848,nan,nan,nan
99.08,177.90121459960938,-195.791015625,-16.504695892333984,179.23909866476785,-196.04395596423296,-16.4966046973788,1.3616086274888466,0.4340327229890797,0.0629957967189059,3.550183508771349e-05,21.391724016456045,56.00530960908926,nan,0.14082680794879363,nan
99.09,177.89883422851562,-195.79969787597656,-16.50691795349121,179.23718995901316,-196.0530406633185,-16.498861775632243,1.3621466629021586,0.43408429460564624,0.06301141311894812,3.621279664641523e-05,21.2508673385321,57.30327176817182,nan,nan,nan
99.10000000000001,177.89646911621094,-195.80838012695312,-16.50911521911621,179.22930497878033,-196.0555016934866,-16.50069288252729,1.3555778992557694,0.4340184083574741,0.06300750836481035,3.5460376881494894e-05,21.934624982540086,56.47011241486857,3.243654850117032,0.08955565358587028,nan
99.11,177.89414978027344,-195.8170623779297,-16.511276245117188,179.2274477319103,-196.06456266733363,-16.502896573476484,1.3561010434296197,0.4340697577083683,0.06302315082821265,3.6170263744396095e-05,21.787208319251302,56.38837583232578,nan,nan,nan
99.12,177.89187622070312,-195.82574462890625,-16.513397216796875,179.2256579164213,-196.07364689179536,-16.507171938370163,1.3566384551050865,0.43412119385206205,0.06303885467004705,3.544158728530456e-05,20.851210436602187,55.50473743810931,nan,3.0582162146637786,nan
99.13,177.8896484375,-195.8344268798828,-16.515478134155273,179.2238844900539,-196.0827073025685,-16.509321656884254,1.357153975949672,0.4341727173944296,0.06305462039652954,3.615132101324242e-05,20.718381217023897,55.333359994717206,nan,nan,nan
99.14,177.887451171875,-195.84310913085938,-16.517520904541016,179.22215444962697,-196.09176758259622,-16.51143340649706,1.3576821877355731,0.43422432802851807,0.06307044780041202,3.542396864158738e-05,20.629409255274354,55.01386456487461,nan,1.3037358745941333e-06,nan
99.15,177.88531494140625,-195.85179138183594,-16.519521713256836,179.16342143254516,-196.08796829130145,-16.513564929536017,1.2997581384736177,0.4341583284909914,0.06306655241939806,3.611130648936031e-05,19.15236578949825,53.564122775455495,31.020715666180333,nan,nan
99.16,177.88320922851562,-195.8604736328125,-16.521482467651367,179.16168349675428,-196.09703233637248,-16.515832387897508,1.3001878318841336,0.43420971656593116,0.06308240524422586,3.5386097443467164e-05,18.98569299715813,53.274365764990314,nan,0.03785025343839096,nan
99.17,177.8811492919922,-195.86915588378906,-16.523405075073242,179.15998470981407,-196.106093900571,-16.51782967934212,1.300611677138794,0.43426119192709045,0.06309832016868765,3.6094740809093835e-05,18.85881130476514,53.104895124998976,nan,nan,nan
99.18,177.87913513183594,-195.87783813476562,-16.52528953552246,179.15833252105847,-196.11516014148447,-16.520246727188212,1.301035405122664,0.4343127543061576,0.0631142970245741,3.53707362193951e-05,18.630843242641305,52.90432420462777,nan,0.14457881438180045,nan
99.19,177.8771514892578,-195.88653564453125,-16.527135848999023,179.1567155928354,-196.12422181072677,-16.52217392708019,1.3014621121777594,0.4343644042510693,0.0631303362599398,3.607932110229998e-05,18.511359127055027,51.445630196443226,nan,nan,nan
99.2,177.87521362304688,-195.8952178955078,-16.528945922851562,179.14886108267777,-196.13183024917686,-16.524982645099968,1.2954454696758064,0.4342982913786841,0.06312644573704693,3.5335125966405715e-05,18.08392877405733,52.30274033770125,0.6432132102012675,0.48620689473222534,nan
99.21000000000001,177.87330627441406,-195.90390014648438,-16.530719757080078,179.14731243143044,-196.14089194671828,-16.52684784876883,1.295867197349986,0.4343497184521491,0.0631425097090019,3.604280369771139e-05,17.971553141352935,52.07634027208785,nan,nan,nan
99.22,177.87144470214844,-195.91258239746094,-16.532459259033203,179.14580808818678,-196.14995877331825,-16.529211131492307,1.2962870568754397,0.4344012324680742,0.06315863586098995,3.532189938988185e-05,17.770599285879847,51.86870509742185,nan,0.1966668029256505,nan
99.23,177.86961364746094,-195.9212646484375,-16.534162521362305,179.1443353326978,-196.15902043115923,-16.531012952607853,1.2967085666463718,0.4344528339385222,0.06317482460600468,3.602958000659172e-05,17.66432960309883,51.72629420802738,nan,nan,nan
99.24000000000001,177.86782836914062,-195.92994689941406,-16.53583335876465,179.142918757972,-196.16809839274896,-16.53453373759779,1.2971404405394955,0.434504522648977,0.06319107582810832,3.530970058189018e-05,17.353959791086876,51.37746923162936,nan,2.129618989366368,nan
99.25,177.86607360839844,-195.93862915039062,-16.5374698638916,179.10008078875293,-196.16878444890617,-16.53634744788323,1.2552873943519576,0.4344382972139222,0.06318718623620428,3.599525253205e-05,16.260220538052238,50.49616930488942,17.129951646649985,nan,nan
99.26,177.86434936523438,-195.9473114013672,-16.539073944091797,179.0986415453376,-196.1778467097446,-16.537670462136592,1.2556375607771058,0.4344897627591288,0.06320346150680427,3.5277210942167455e-05,16.199753168123152,50.3126045763305,nan,0.11085486744995497,nan
99.27,177.8626708984375,-195.95599365234375,-16.540645599365234,179.09724133076912,-196.1869126840051,-16.539357596039544,1.2559814530969302,0.4345413156481111,0.0632197995816827,3.598409417911045e-05,16.10864580834171,50.35125625422279,nan,nan,nan
99.28,177.8610076904297,-195.9646759033203,-16.542184829711914,179.0958755536819,-196.19597906365968,-16.54104925847438,1.2563443322585237,0.43459295569948514,0.06323620037622027,3.5266969449734584e-05,16.019064016023762,50.02954438956077,nan,0.0008609119659932493,nan
99.29,177.85939025878906,-195.97335815429688,-16.5436954498291,179.0945427549806,-196.20504531202613,-16.54267611894577,1.2566947389642071,0.43464468337562684,0.06325266425670346,3.597392848381571e-05,15.931191272389393,49.94967145756478,nan,nan,nan
99.3,177.85780334472656,-195.98204040527344,-16.545175552368164,179.0684352764928,-196.19839251871687,-16.54408996225533,1.229812623820963,0.43457834542009166,0.06324877110708897,3.523642221463687e-05,16.482226982895842,48.51672564672222,12.367002967139962,0.017163106935720988,nan
99.31,177.8562469482422,-195.99072265625,-16.5466251373291,179.06712674521586,-196.20741604798545,-16.545656603066817,1.230116598863469,0.43462984962115564,0.06326525831074925,3.594260392340866e-05,16.394886227610414,48.40531091730894,nan,nan,nan
99.32000000000001,177.854736328125,-195.99940490722656,-16.548046112060547,179.06587260416146,-196.21645870571436,-16.54951624943925,1.230433091181047,0.43468144090539873,0.06328180847143595,3.5228012290075643e-05,16.349887196103747,48.54262614139876,nan,3.7547489965558296,nan
99.33,177.85324096679688,-196.00808715820312,-16.549440383911133,179.0646258881897,-196.22548255268546,-16.551050114021777,1.2307383054699665,0.43473311970475587,0.0632984219276288,3.59343175953587e-05,16.28150887035161,48.10126864161812,nan,nan,nan
99.34,177.85177612304688,-196.01678466796875,-16.550804138183594,179.06340393971706,-196.23450234862057,-16.551993565517986,1.2310338619773038,0.43478488588350295,0.06331509863621027,3.5220481848200674e-05,16.17249958192303,46.9207897979504,nan,0.22121916420818788,nan
99.35000000000001,177.850341796875,-196.0254669189453,-16.552143096923828,179.08199070718277,-196.2488074557773,-16.553670505288775,1.2517357415329426,0.43471843609498556,0.06331119786765435,3.590485108637607e-05,16.48742889819498,48.4833259292904,5.238869472779543,nan,nan
99.36,177.84893798828125,-196.03414916992188,-16.55345344543457,179.08086388895956,-196.25783418487686,-16.554919426234104,1.2520697104303615,0.4347699785046349,0.06332789716735825,3.519258208668515e-05,16.405384111997197,48.48306053125763,nan,0.028977821350739442,nan
99.37,177.84754943847656,-196.04283142089844,-16.554738998413086,179.079767287141,-196.26686264202272,-16.556344605335,1.2524190163756146,0.4348216083202729,0.06334465996966344,3.589831424878829e-05,16.339006023202085,48.110937737856105,nan,nan,nan
99.38,177.84620666503906,-196.051513671875,-16.555997848510742,179.0787003509493,-196.27589286453266,-16.557943213708448,1.2527531649738797,0.43487332543400425,0.06336148625599783,3.518670641330641e-05,16.297173614977115,48.34935386651284,nan,0.027462676419612697,nan
99.39,177.84487915039062,-196.06019592285156,-16.557233810424805,179.07765881374777,-196.28492192224118,-16.559321168452122,1.2530968957954385,0.4349251302360236,0.06337837632819836,3.589261641713216e-05,16.234378401339118,47.94040592466734,nan,nan,nan
99.4,177.8435821533203,-196.0688934326172,-16.558443069458008,179.09247767172047,-196.30493391607914,-16.56165914098576,1.2710096257814216,0.4348585687312234,0.06337446347098633,3.516043558280661e-05,15.899662925877598,47.85647111941998,6.543559132619885,0.8410355641510773,nan
99.41,177.84231567382812,-196.07757568359375,-16.559629440307617,179.09151467145148,-196.31399436737092,-16.562998587808575,1.271378496301162,0.4349101494567844,0.06339137536925264,3.5865665891006746e-05,15.846326932528992,48.96145585860325,nan,nan,nan
99.42,177.841064453125,-196.0862579345703,-16.560791015625,179.09056446387,-196.32304520475847,-16.56288469153927,1.2717400959526963,0.4349618173976185,0.0634083509782091,3.515609264650258e-05,15.579717666318908,48.5905914601778,nan,1.4320151712821654,nan
99.43,177.83984375,-196.09494018554688,-16.56192970275879,179.0896516943554,-196.33210620388678,-16.56416484026827,1.2721134437890307,0.4350135729186132,0.06342539057817183,3.5861537119966134e-05,15.519680797168668,48.53975343106823,nan,nan,nan
99.44,177.83865356445312,-196.1036376953125,-16.563045501708984,179.08877059559188,-196.34117297600483,-16.566269373291433,1.2724881117184326,0.4350654159498412,0.063442494182724,3.515248439029127e-05,15.603112910658025,47.4272463044423,nan,0.5011286447499588,nan
99.45,177.8374786376953,-196.11231994628906,-16.564138412475586,179.09688293223286,-196.3548560531054,-16.5674362965148,1.2825497324659112,0.4349987433451045,0.0634385650689309,3.5836126020347634e-05,15.483512913206742,48.89875519666384,1.3094334188059855,nan,nan
99.46000000000001,177.83633422851562,-196.12100219726562,-16.56521224975586,179.09605732436776,-196.36392862846895,-16.568659167796397,1.2829370251280687,0.43505036210427817,0.06345568978359858,3.655521256714784e-05,15.431551812909145,48.71628686578385,nan,nan,nan
99.47,177.835205078125,-196.12969970703125,-16.566261291503906,179.0952550324852,-196.37300137986105,-16.569861600031135,1.2833294797932482,0.43510206823741127,0.06347287863355021,3.72887390263243e-05,15.3829847462965,47.47597406150537,nan,nan,nan
99.48,177.83409118652344,-196.1383819580078,-16.567291259765625,179.09447964280818,-196.3820774650595,-16.57156460723961,1.2837386113970595,0.43515386178838855,0.06349013170487115,3.6494477708406584e-05,15.463744386825237,48.52973001793132,nan,0.1757369590801046,nan
99.49000000000001,177.83302307128906,-196.14706420898438,-16.568300247192383,179.09372226167486,-196.39115052196652,-16.57273240529394,1.2841184605985736,0.43520574310297355,0.06350744925880025,3.722653207643054e-05,15.4183996599124,48.729810868679984,nan,nan,nan
99.5,177.8319549560547,-196.15576171875,-16.569290161132812,179.10026771934628,-196.4001773624954,-16.57163200194417,1.2916507874244565,0.4351389595700622,0.06350349942845974,3.64131532791118e-05,15.322832163771952,46.78818708152524,1.0636660402776175,3.4462029310379605,nan
99.51,177.83091735839844,-196.16444396972656,-16.57025909423828,179.09956632113486,-196.40924440573372,-16.572739573301423,1.292054022437867,0.4351906162091715,0.06352083723063,3.7142902634987544e-05,15.266287345000482,48.06326304331297,nan,nan,nan
99.52,177.82989501953125,-196.1731414794922,-16.571208953857422,179.09890001523738,-196.4183221571976,-16.5756720394788,1.2924810106846643,0.4352423601812024,0.06353823947148038,3.6356686225949134e-05,15.579117655892713,47.031493073800604,nan,2.220413561343965,nan
99.53,177.8289031982422,-196.18182373046875,-16.572139739990234,179.09824020426083,-196.4273898431235,-16.5767612776282,1.292880701821667,0.4352941918087507,0.06355570639441586,3.7085141647799354e-05,15.536133295533263,48.30012957517348,nan,nan,nan
99.54,177.8279266357422,-196.19052124023438,-16.57305335998535,179.0976040584091,-196.43646055621386,-16.578319670000575,1.2932883045924974,0.4353461110636033,0.06357323804904545,3.63022915118676e-05,15.65524670268185,47.007447542539424,nan,0.15529336131130406,nan
99.55,177.82696533203125,-196.19920349121094,-16.573945999145508,179.1189329620971,-196.44984014444992,-16.579241199192655,1.3160650167177623,0.4352792171742341,0.06356926326038106,3.7006143288467176e-05,16.122045991042125,48.69451314863461,5.409300071890878,nan,nan
99.56,177.82591247558594,-196.20790100097656,-16.57493019104004,179.1183242088732,-196.45891269366737,-16.581479324302673,1.316578083272146,0.43533091146014463,0.0635868143488518,3.622753828891232e-05,16.48258899883465,47.618896921017665,nan,0.8628682448474837,nan
99.57000000000001,177.8247833251953,-196.21658325195312,-16.576000213623047,179.1176197604498,-196.46797939254162,-16.582673177261103,1.3170689413497052,0.43538269329404633,0.06360443031623407,3.695273195208453e-05,16.436263434955148,48.95489291724087,nan,nan,nan
99.58,177.8235626220703,-196.22528076171875,-16.577157974243164,179.11683310578752,-196.47704952749535,-16.58457914619895,1.3175701610419133,0.43543456266823094,0.06362211122731543,3.6177290345166064e-05,16.688277356625356,47.853108880124765,nan,0.2568954223338569,nan
99.59,177.82225036621094,-196.2339630126953,-16.578401565551758,179.11595646727648,-196.48611686202779,-16.585954577073544,1.3180721101860962,0.43548651987453174,0.06363985730279524,3.690142596051794e-05,16.645639308874493,48.90840212653963,nan,nan,nan
99.60000000000001,177.82086181640625,-196.24266052246094,-16.579730987548828,179.11033384015803,-196.49653801296026,-16.58749778555147,1.3142496731488917,0.435419515846714,0.0636358531041422,3.6106820188339876e-05,16.40444460172719,47.851506172199514,0.89913144133591,0.0032830928918695114,nan
99.61,177.81939697265625,-196.2513427734375,-16.58114242553711,179.10928051933686,-196.50561521519447,-16.589045819141187,1.3147305816268477,0.43547124778099244,0.06365361777237358,3.682906604559462e-05,16.363742561617972,49.170564438871025,nan,nan,nan
99.62,177.81784057617188,-196.26004028320312,-16.582637786865234,179.10815279245986,-196.51469851502796,-16.591955270549427,1.315235053532399,0.435523067167057,0.06367144759165855,3.606060394456664e-05,17.011340315926002,48.38721537406164,nan,1.0833859111819357,nan
99.63,177.8162078857422,-196.26873779296875,-16.58421516418457,179.1069347913729,-196.52377611348527,-16.593683829636984,1.3157165901045673,0.43557497427867514,0.06368934276988213,3.678194191739346e-05,16.977590654680412,48.336444364988985,nan,nan,nan
99.64,177.81448364257812,-196.2774200439453,-16.585874557495117,179.1056423083145,-196.53285839677423,-16.596517038274705,1.316226695747809,0.43562696913525767,0.06370730339102527,3.601633588853079e-05,17.620400720475985,49.98531865259217,nan,0.6958528001534279,nan
99.65,177.8126983642578,-196.28611755371094,-16.58761215209961,179.07226834313826,-196.52548046967203,-16.598330719249283,1.2821567864017398,0.4355598554883387,0.06370326547754006,3.671387268573626e-05,17.839103272844177,47.39928238223502,13.044426675008017,nan,nan
99.66,177.81082153320312,-196.2947998046875,-16.58942985534668,179.078325371316,-196.51916149306487,-16.600750836789487,1.2872576709669425,0.4353834771155135,0.06278064631005505,3.5951868275573675e-05,25.52502763595217,56.00056267239387,nan,0.1255259855718731,0.25084734733080455
99.67,177.80886840820312,-196.30349731445312,-16.591325759887695,179.07674808025803,-196.5281705877561,-16.60281680717543,1.2876835739864412,0.43543464165104084,0.06279495521781396,3.667068682235847e-05,25.464463324046577,54.69263972085426,nan,nan,nan
99.68,177.8068389892578,-196.3121795654297,-16.593297958374023,179.07509265204797,-196.53717208941185,-16.60436321002521,1.288103811353193,0.43548589284002653,0.06280932216502308,3.5911447042001516e-05,25.174809718892735,55.598520077131404,nan,0.23988841170280398,nan
99.69,177.80474853515625,-196.3208770751953,-16.595348358154297,179.07336720173828,-196.5461808936324,-16.60658002639633,1.2885190267024365,0.43553723083682755,0.06282374775270289,3.6629553475942044e-05,25.113026914995515,54.26234599044941,nan,nan,nan
99.7,177.80264282226562,-196.32957458496094,-16.59747314453125,179.07695412312802,-196.55484597460398,-16.609268060406578,1.2941234912240094,0.4354711459717364,0.0628194909389184,3.5850998894508196e-05,25.863417665168363,54.51702681907715,1.8107153539129155,0.19141964261634142,nan
99.71000000000001,177.80055236816406,-196.3382568359375,-16.599674224853516,179.0752014277021,-196.56384665643253,-16.611640636003933,1.2945131081174877,0.4355222623304536,0.06283394460009159,3.65675594358358e-05,25.79914804724081,55.4789528863015,nan,nan,nan
99.72,177.79847717285156,-196.34695434570312,-16.601896286010742,179.07347063076267,-196.57284886349495,-16.614211043311943,1.2949086084090706,0.4355734652561011,0.06284845659247644,3.581427085940142e-05,26.021174688046152,54.41716316185802,nan,0.014744914645352665,nan
99.73,177.79644775390625,-196.3556365966797,-16.604108810424805,179.0717708724185,-196.58184902193344,-16.61664239403438,1.2952907815116732,0.43562475490044095,0.06286302746968668,3.6530243321737695e-05,25.987912762353645,55.53445961059757,nan,nan,nan
99.74000000000001,177.79446411132812,-196.3643341064453,-16.606294631958008,179.07010956880967,-196.59086965430538,-16.620870594612256,1.2956859751980256,0.43567613140129363,0.06287765697797987,3.57793203536998e-05,27.528670934957688,55.88321288746837,nan,2.222979573358474,nan
99.75,177.79251098632812,-196.37301635742188,-16.60844612121582,179.03404403002352,-196.59213822997722,-16.623200927402433,1.2608078354473078,0.43560994385403445,0.06287343419042977,3.647211848735826e-05,26.580183001816795,56.11652006658896,12.3972090085966,nan,nan
99.76,177.79058837890625,-196.3817138671875,-16.610557556152344,179.0323981057016,-196.60114736334353,-16.626201525036482,1.2611451901193689,0.4356610984453331,0.06288809131025731,3.5724383789375204e-05,27.366187180447675,55.58088602956182,nan,0.274200663228512,nan
99.77,177.78871154785156,-196.39039611816406,-16.612628936767578,179.0307892777536,-196.61014924669283,-16.628533841730867,1.2614679903266137,0.43571233966592304,0.06290280755721915,3.643845057948454e-05,27.360176040842322,56.76529867198901,nan,nan,nan
99.78,177.78688049316406,-196.39907836914062,-16.614660263061523,179.02921788000688,-196.61915051995726,-16.630781714721223,1.2617820079221775,0.4357636676555745,0.06291758272045798,3.5692897321242866e-05,27.60180990190296,57.028951210131076,nan,0.0013978632128389384,nan
99.79,177.78506469726562,-196.40777587890625,-16.616653442382812,179.02768338408939,-196.62815223078786,-16.633035468197484,1.2621154099693292,0.4358150825630555,0.06293241728984182,3.6406534666559965e-05,27.59787565096414,55.369869659051716,nan,nan,nan
99.8,177.78330993652344,-196.4164581298828,-16.61860466003418,179.00917364441509,-196.62841455955837,-16.632331500779422,1.2441285241338662,0.4357487926090289,0.06292822435243607,3.56414518503071e-05,25.6939065653697,54.09366758895793,4.0232638296645575,5.675636568887141,nan
99.81,177.7815704345703,-196.42515563964844,-16.62051773071289,179.00768285966808,-196.63739450679242,-16.634479377630758,1.2444243421318741,0.4357999853344633,0.06294308602500757,3.63538218869846e-05,25.675811802006592,52.50638211939719,nan,nan,nan
99.82000000000001,177.77987670898438,-196.433837890625,-16.622394561767578,179.00622498942155,-196.6463558975676,-16.634789282548343,1.2446877669959278,0.4358512647407631,0.06295800689346208,3.561326044912886e-05,24.532021883426406,52.52603835631952,nan,2.209496722629978,nan
99.83,177.77821350097656,-196.44253540039062,-16.624231338500977,179.00480301046213,-196.65533566331172,-16.63684509720463,1.2449758566285354,0.4359026309752828,0.06297298740905592,3.632530145610363e-05,24.50539756781601,51.33960037094523,nan,nan,nan
99.84,177.77658081054688,-196.4512176513672,-16.626033782958984,179.00341320295124,-196.6643021639391,-16.63751036386629,1.2452527616752935,0.43595408417997245,0.06298802741836047,3.558664960608438e-05,23.732091209580435,51.551482923181666,nan,1.2523294461013539,nan
99.85000000000001,177.7749786376953,-196.45989990234375,-16.627798080444336,179.01214036037223,-196.6776331635407,-16.639531107280106,1.256230299350839,0.4358876921020378,0.06298386080799859,3.627599535424473e-05,23.738438105127607,51.951598363195245,1.1384004920155262,nan,nan
99.86,177.77340698242188,-196.46859741210938,-16.62952995300293,179.01083309796428,-196.68661562725515,-16.640758628998903,1.2565354816822079,0.4359389228527649,0.06299892740797897,3.5540062305757316e-05,23.40003035716149,50.2442492597736,nan,0.34498644995519895,nan
99.87,177.77188110351562,-196.47727966308594,-16.6312255859375,179.00955809457707,-196.6956049589259,-16.64265508827569,1.2568376595766981,0.43599024034174005,0.06301405389384837,3.6250688676325385e-05,23.36243664092083,51.5928219909411,nan,nan,nan
99.88,177.77037048339844,-196.48597717285156,-16.63288688659668,179.00831457470528,-196.7046005210011,-16.645179127978853,1.2571606264737387,0.4360416447118944,0.06302924014678175,3.551649769803554e-05,23.922976186004526,50.71426129966091,nan,0.2993671580518377,nan
99.89,177.76889038085938,-196.49465942382812,-16.6345157623291,179.00710107625895,-196.71358998753487,-16.647016276603793,1.2574786601704144,0.43609313610907285,0.06304448656655508,3.622692061816386e-05,23.89024808182449,51.77867828354019,nan,nan,nan
99.9,177.7674560546875,-196.5033416748047,-16.636112213134766,179.0208390764621,-196.7308819590791,-16.647092868893274,1.273916855623392,0.43602664218239,0.06304034210303432,3.547295140815791e-05,22.629307687511027,51.70523121689601,3.742182428633635,2.1865618407951763,nan
99.91,177.7660369873047,-196.5120391845703,-16.637676239013672,179.01970882211546,-196.73989371528597,-16.648850835750427,1.2742588544631328,0.4360779108531509,0.0630556145595246,3.618232785393167e-05,22.592534033019767,50.271891280015396,nan,nan,nan
99.92,177.7646484375,-196.52072143554688,-16.639209747314453,179.0186063642832,-196.7488917953154,-16.649012479175262,1.274585536074851,0.4361292663154294,0.06307094705106531,3.545225720852749e-05,21.76128392783185,50.57655184392561,nan,1.6866270313755338,nan
99.93,177.76329040527344,-196.5294189453125,-16.64071273803711,179.01753271627484,-196.75790384839692,-16.650694594850226,1.2749230420339424,0.43618070871444015,0.06308633994658386,3.616150982544003e-05,21.71783542313109,49.356381182526945,nan,nan,nan
99.94,177.76194763183594,-196.53810119628906,-16.64218521118164,179.01648613947341,-196.76690846003902,-16.65146340845917,1.2752669195249797,0.4362322381940906,0.06310179317318,3.543293586463219e-05,21.30280971994838,49.9275250749036,nan,0.5382958774451099,nan
99.95,177.76065063476562,-196.5467987060547,-16.64362907409668,179.0685418635303,-196.78961074769657,-16.653031889955447,1.3302727415052689,0.43616564269526414,0.06309766715222433,3.61198505738511e-05,22.355973634973846,50.17612216668616,25.679226512273466,nan,nan
99.96000000000001,177.75936889648438,-196.55548095703125,-16.645044326782227,179.06763806204512,-196.79860406446997,-16.651636492484606,1.3306842268458414,0.43621694917627934,0.06311314585404644,3.5393575758933204e-05,21.047602392236733,49.90077896433761,nan,6.137812962303678,nan
99.97,177.7581024169922,-196.56417846679688,-16.64642906188965,179.06676106781617,-196.80762205059835,-16.653166121047217,1.3311264518582206,0.4362683425033105,0.06312868519454153,3.610179917802782e-05,20.991613647722566,48.630014371841966,nan,nan,nan
99.98,177.7568817138672,-196.57286071777344,-16.647789001464844,179.06590954971253,-196.81664300488268,-16.655019704619598,1.3315539649575843,0.436319822820622,0.06314428512817005,3.5376872459332645e-05,21.12414674464608,49.999883011629905,nan,0.0850912127060795,nan
99.99000000000001,177.75567626953125,-196.58155822753906,-16.649120330810547,179.06508282343168,-196.82566135777716,-16.656499506699753,1.3319858534632583,0.43637139027287797,0.06315994598311904,3.608506884917272e-05,21.070037216750446,48.71266991937981,nan,nan,nan
100.0,177.75448608398438,-196.59024047851562,-16.65042495727539,179.04995764335283,-196.8268893043364,-16.655904408071365,1.3169203667177067,0.4363046934752886,0.06315583421218311,3.534010409698481e-05,20.59994363530803,48.36971979751696,3.0594848011508495,2.9185973181330698,nan
100.01,177.75332641601562,-196.59893798828125,-16.651704788208008,179.0491557864768,-196.83588838001938,-16.657312771656365,1.3173271024969555,0.4363560376564748,0.06317151994383288,3.604742488354799e-05,20.538294436765103,47.15008457380643,nan,nan,nan
100.02,177.752197265625,-196.6076202392578,-16.652957916259766,179.0483772210832,-196.84489635583577,-16.65987135297749,1.317736782531773,0.43640746873696623,0.0631872665255284,3.5325845405215774e-05,20.93231709166614,48.80863057038154,nan,0.9565691464106681,nan
100.03,177.75108337402344,-196.61631774902344,-16.654186248779297,179.04762120896163,-196.85389580557938,-16.661242383690404,1.3181439524661178,0.4364589868612845,0.063203074261334,3.60332009220537e-05,20.8773142638678,47.48911738863313,nan,nan,nan
100.04,177.75,-196.625,-16.6553897857666,179.04688757117438,-196.86289920665786,-16.66312010675595,1.3185496436075588,0.43651059217391847,0.06321894314165606,3.531275303415428e-05,21.102008983675688,48.94157348581736,nan,0.19506469911773677,nan
100.05,177.74893188476562,-196.63369750976562,-16.656570434570312,179.07125233131896,-196.87101047226105,-16.664521246747977,1.343470141445521,0.43644379434998665,0.06321484176426515,3.599802953262483e-05,22.603983597627696,47.94543203302647,16.015035741703105,nan,nan
100.06,177.7478790283203,-196.64239501953125,-16.657726287841797,179.07060625907454,-196.87999349461555,-16.66761170835972,1.3439338093373276,0.4364951761191569,0.06323073491243354,3.527951384343085e-05,23.535599841743746,48.868661858698175,nan,2.2078322362216896,nan
100.07000000000001,177.74685668945312,-196.6510772705078,-16.65886116027832,179.06998140697874,-196.88896446731903,-16.668914874366745,1.3443773330806015,0.4365466448405682,0.06324668944486797,3.5986135056745956e-05,23.48998509081641,49.92538213664428,nan,nan,nan
100.08,177.745849609375,-196.65977478027344,-16.659971237182617,179.06937687694784,-196.89795270768872,-16.672781944057903,1.3448484179740543,0.43659820065869337,0.06326270537312019,3.526862220236594e-05,25.252694380886446,50.54365258360805,nan,4.647953587039254,nan
100.09,177.74485778808594,-196.66845703125,-16.661060333251953,179.0687927741749,-196.90692366701066,-16.674067554709566,1.3453027062975307,0.4366498437180781,0.06327878296974106,3.597535048822693e-05,25.219132205244776,51.51301665869078,nan,nan,nan
100.10000000000001,177.743896484375,-196.67715454101562,-16.662126541137695,179.06135306154306,-196.90466844976424,-16.673321764311403,1.3370040181014275,0.43658294513860824,0.06327468777523312,3.523754521630534e-05,25.150288438806946,48.58042750066058,10.57052646482152,2.8369898114709953,nan
100.11,177.74295043945312,-196.68585205078125,-16.663171768188477,179.06079916700986,-196.91359774722733,-16.674546215052132,1.3374313997413372,0.43663436438212416,0.06329078899770395,3.594352654346094e-05,25.112190906834474,48.485241060297376,nan,nan,nan
100.12,177.7420196533203,-196.69454956054688,-16.66419792175293,179.0602646069011,-196.92251995948027,-16.674558685638463,1.3378518624493962,0.4366858706301767,0.06330695186236947,3.522868997929291e-05,24.479537874400076,47.76032144979741,nan,0.989944803004942,nan
100.13,177.74110412597656,-196.70323181152344,-16.66520118713379,179.05974840911452,-196.93144973948324,-16.675731780133813,1.3382888557720318,0.4367374640274445,0.06332317662337288,3.5934825156802755e-05,24.436566422782487,48.83059310920735,nan,nan,nan
100.14,177.74021911621094,-196.71192932128906,-16.66618537902832,179.05925130676704,-196.94036787758463,-16.674913801979297,1.3386957380573234,0.4367891447181984,0.06333946331972291,3.5220804404584045e-05,23.43356513920606,46.78659967189708,nan,2.7111314799935897,nan
100.15,177.73934936523438,-196.7206268310547,-16.667150497436523,179.0723094306768,-196.95405417479552,-16.675951847803756,1.3532731892114207,0.4367221456528469,0.0633353703257482,3.5905041465125925e-05,23.50376199612457,47.15565572496185,1.8378716869175444,nan,nan
100.16,177.73849487304688,-196.72930908203125,-16.6680965423584,179.07187083921534,-196.9629737694054,-16.673939278315824,1.3537077937445763,0.4367736022552732,0.06335167999337513,3.519263871229142e-05,22.23522481146469,46.933744628249656,nan,6.746290947079685,nan
100.17,177.73765563964844,-196.73800659179688,-16.669023513793945,179.07144835507503,-196.9719113186822,-16.674986060643793,1.354160249360943,0.4368251459143726,0.06336805178249716,3.58982586572695e-05,22.176928283785006,45.78582636803066,nan,nan,nan
100.18,177.73683166503906,-196.7467041015625,-16.669931411743164,179.0710426651572,-196.98085026840246,-16.676219194345084,1.3546154275262483,0.436876776774205,0.06338448574804056,3.518656265653845e-05,22.23193952012874,45.83922787457798,nan,0.029105721349037786,nan
100.19,177.73602294921875,-196.75540161132812,-16.670822143554688,179.07065362797474,-196.98978837743806,-16.67723288261183,1.3550709584296294,0.43692849497977504,0.06340098212040446,3.589238850430647e-05,22.17544903068411,45.75475810430747,nan,nan,nan
100.2,177.73512268066406,-196.76409912109375,-16.67180061340332,179.0925837930776,-197.00781436233095,-16.678226628211085,1.379180584329926,0.4368613956968148,0.06339688713420397,3.658960295436767e-05,22.153424805960455,46.660944811951325,4.786609066064008,nan,nan
100.21000000000001,177.73414611816406,-196.77279663085938,-16.672866821289062,179.09210552834026,-197.01677012088754,-16.679364868684036,1.3797170174142759,0.43691288954171514,0.0634134057936487,3.732329661602721e-05,22.081316393438712,46.64552194124399,nan,nan,nan
100.22,177.73306274414062,-196.78147888183594,-16.674020767211914,179.09153939453117,-197.02572208627717,-16.67980839218846,1.3802706434518195,0.43696447049402126,0.06342998686285509,3.652645035039793e-05,21.79149359921537,47.35324086553577,nan,0.39685917259648057,nan
100.23,177.73190307617188,-196.79017639160156,-16.675260543823242,179.09088560317727,-197.0346781802864,-16.681114724205887,1.3808145801678091,0.4370161386990536,0.06344663056460192,3.725865524570595e-05,21.720392544993356,46.24043220623878,nan,nan,nan
100.24000000000001,177.7306671142578,-196.7988739013672,-16.676584243774414,179.09014538338232,-197.04363607973806,-16.68285316642935,1.3813504217156052,0.43706789430041415,0.06346333696846027,3.646556065031911e-05,21.804161789292444,46.41094524005962,nan,0.0775807583994319,nan
100.25,177.72933959960938,-196.8075714111328,-16.677993774414062,179.0786678882435,-197.04970115916774,-16.68437850462171,1.3708954774787103,0.4370006950670603,0.06345923582667688,3.717274592448157e-05,21.59166724777917,45.971137788052324,1.0617188199758758,nan,nan
100.26,177.72792053222656,-196.81626892089844,-16.679485321044922,179.07774065678746,-197.05865357662515,-16.6854768082769,1.3714228333816634,0.43705222603532407,0.0634759638191251,3.6384290076698396e-05,21.408727322557844,45.77438205175107,nan,0.14343686250691204,nan
100.27,177.72642517089844,-196.82496643066406,-16.68105697631836,179.0767297421968,-197.06760813608972,-16.68712292171522,1.371945417345258,0.4371038441627595,0.06349275466328674,3.711285943799529e-05,21.340541711326196,45.78528555548555,nan,nan,nan
100.28,177.72483825683594,-196.8336639404297,-16.68271255493164,179.075636963634,-197.07655796938448,-16.68780288220992,1.372472428510315,0.4371555495926837,0.0635096084414204,3.632792992675393e-05,20.990138989665635,45.284455884040725,nan,0.719750396501708,nan
100.29,177.7231903076172,-196.8423614501953,-16.684446334838867,179.07446203657844,-197.08551224783866,-16.68960278394438,1.3729836797471064,0.43720734247086024,0.06352652535736034,3.7055269460598844e-05,20.92146831255323,45.36584274454461,nan,nan,nan
100.3,177.72145080566406,-196.85105895996094,-16.686260223388672,179.07406617057646,-197.09314080314994,-16.690584778560257,1.3741144952209432,0.4371400435526218,0.0635224138424662,3.625134060554994e-05,20.899610290433948,44.98073042923904,0.5255278370416231,0.624767338862844,nan
100.31,177.7196502685547,-196.8597412109375,-16.688152313232422,179.07274544663616,-197.10208818779483,-16.692536877158428,1.3746337121357268,0.43719161152545943,0.06353935162127577,3.69766192740211e-05,20.829730922254228,45.96155618515425,nan,nan,nan
100.32000000000001,177.7178497314453,-196.86843872070312,-16.690122604370117,179.07139276133023,-197.11103674006614,-16.6948986247729,1.3751201195240323,0.4372432667064214,0.06355635256130705,3.619938050295266e-05,20.866647422907562,44.90980331027846,nan,0.07211498016108213,nan
100.33,177.716064453125,-196.87713623046875,-16.692169189453125,179.07004245773388,-197.1199836090919,-16.697010946832552,1.3755925010275705,0.43729500924155873,0.06357341685578,3.692359384671972e-05,20.797774185120197,44.82570433340526,nan,nan,nan
100.34,177.71429443359375,-196.88583374023438,-16.694290161132812,179.06871055218716,-197.12893228205752,-16.69975542634713,1.3760704169721942,0.4373468392737415,0.06359054460282244,3.6149542679197175e-05,20.91604952792638,44.900538277685534,nan,0.20374838285537736,nan
100.35000000000001,177.71255493164062,-196.89453125,-16.696487426757812,179.04868656348432,-197.12895403648025,-16.701958478834495,1.3565514044242104,0.43727944093733595,0.06358641855340798,3.6849630716687664e-05,21.006005331884232,43.97087384540854,4.098843658570616,nan,nan
100.36,177.7108612060547,-196.90322875976562,-16.698707580566406,179.04738052580814,-197.13788599665287,-16.705831845732714,1.3569814538349225,0.4373310457918868,0.06360356642247271,3.607961715558309e-05,21.52690332044246,44.56325862749331,nan,1.6018667812421066,nan
100.37,177.7091827392578,-196.9119110107422,-16.700916290283203,179.0461078316681,-197.14681208234754,-16.708174446734418,1.3574239930812677,0.4373827379060091,0.06362077785957533,3.680101276789802e-05,21.477409029269246,45.455124685601454,nan,nan,nan
100.38,177.70755004882812,-196.9206085205078,-16.703100204467773,179.04486917554908,-197.15573216176585,-16.70880283485485,1.3578431770147366,0.437434517422297,0.06363805297164687,3.603397005395104e-05,20.875689313594076,43.75898988267828,nan,1.9148478594470142,nan
100.39,177.7059326171875,-196.92930603027344,-16.70524787902832,179.04366158178945,-197.16465792679898,-16.711080864476035,1.358286906972312,0.43748638448723276,0.06365539193874964,3.6754515604460746e-05,20.827434674804095,43.60943128895134,nan,nan,nan
100.4,177.70436096191406,-196.93800354003906,-16.707355499267578,179.0061066277559,-197.15901394094303,-16.713493796756957,1.3203882211462805,0.4374188869954158,0.06365124707469266,3.5968319231986974e-05,20.841237935523825,42.578083265325475,12.806347129234819,0.000997626348284285,nan
100.41,177.70281982421875,-196.9467010498047,-16.70942497253418,179.00490263806287,-197.16791277531016,-16.71570104087633,1.3207549623768868,0.43747052861063906,0.06366860539832273,3.6687182184168586e-05,20.795489743736844,42.42569899201482,nan,nan,nan
100.42,177.70130920410156,-196.95538330078125,-16.711454391479492,179.00372912177343,-197.17681388734582,-16.718665126671844,1.3211287376015788,0.43752225753263607,0.06368602761492947,3.592669891758228e-05,21.09574179202004,43.72230425352849,nan,0.424190099527264,nan
100.43,177.6998291015625,-196.96408081054688,-16.713443756103516,179.00258673060054,-197.1857123042589,-16.72080175434378,1.3214961593436247,0.4375740739081438,0.0637035138973606,3.664484798316614e-05,21.054767677210133,42.57957966693315,nan,nan,nan
100.44,177.6983642578125,-196.9727783203125,-16.71539306640625,179.0014757445127,-197.19460524876746,-16.721069302080608,1.3218694915191915,0.4376259778793573,0.06372106436334685,3.588701400580861e-05,20.405039915496822,41.79719735937913,nan,2.2477008182949354,nan
100.45,177.6969451904297,-196.98147583007812,-16.717304229736328,178.99037492553032,-197.19786573546656,-16.72307731617049,1.311418468423974,0.43755838149806525,0.0637168964596393,3.6581738806078565e-05,20.565036167420757,41.48347899260612,1.5106868298540355,nan,nan
100.46000000000001,177.695556640625,-196.9901580810547,-16.71917724609375,178.98930326855017,-197.20675259521224,-16.72606337792267,1.3117701550357317,0.43761005974748907,0.06373446550052837,3.582737937665339e-05,20.90514147608358,42.867911469271704,nan,0.6497711658630062,nan
100.47,177.69418334960938,-196.9988555908203,-16.72101402282715,178.98826066115979,-197.21563672042683,-16.728040028180494,1.3121278562602958,0.4376618253547564,0.063752098814845,3.6543383836769544e-05,20.862894772367312,41.59058558483907,nan,nan,nan
100.48,177.69284057617188,-197.00755310058594,-16.72281265258789,178.98724630448368,-197.22451902151505,-16.72935002092476,1.3124797665167243,0.4377136784618364,0.06376979652616178,3.5791471705134076e-05,20.63670689310498,41.40452165808637,nan,0.26836948097894825,nan
100.49000000000001,177.6915283203125,-197.0162353515625,-16.724576950073242,178.9862586156274,-197.2334028881104,-16.731249300021418,1.3128338801197716,0.43776561921582224,0.06378755879858522,3.650693745606535e-05,20.591061291239324,42.356904724911466,nan,nan,nan
100.5,177.69024658203125,-197.02493286132812,-16.72630500793457,178.94674761057783,-197.23380483749838,-16.73297845040643,1.2737609163427446,0.43769792420588544,0.06378336355692729,3.5735648387760416e-05,19.689555943755387,40.48268581845372,14.467950763784962,7.143080921674861e-06,nan
100.51,177.68898010253906,-197.03363037109375,-16.727998733520508,178.9457466123121,-197.24268862407595,-16.734806692655624,1.2740540653891572,0.43774963896623126,0.06380114360023477,3.644973910286809e-05,19.646234800919647,40.28365676452846,nan,nan,nan
100.52,177.687744140625,-197.04232788085938,-16.729658126831055,178.94477154851694,-197.2515712856384,-16.736023912095426,1.2743395269146587,0.437801441129993,0.06381898824978276,3.5703335300417355e-05,19.441033918116588,40.15591505926532,nan,0.2264943338449116,nan
100.53,177.68653869628906,-197.05101013183594,-16.731285095214844,178.9438210404454,-197.2604554670505,-16.737780998362418,1.274624822498028,0.43785333084445716,0.06383689766502672,3.641699789363124e-05,19.394370049132405,41.18473290928546,nan,nan,nan
100.54,177.6853485107422,-197.05970764160156,-16.732879638671875,178.94289556802715,-197.26933882726618,-16.739095951671796,1.274915086520097,0.43790530825128654,0.06385487197651167,3.567274457151935e-05,19.251045947775047,39.8554631626219,nan,0.11438799596781823,nan
100.55,177.68417358398438,-197.0684051513672,-16.73444175720215,178.92227267866966,-197.26873132372836,-16.740706592280077,1.2542165649328456,0.4378375148781377,0.06385064512574784,3.6363521698781666e-05,19.363045716515405,39.12256877266106,4.580117184766902,nan,nan
100.56,177.68304443359375,-197.0771026611328,-16.735973358154297,178.92136308463472,-197.27759325409633,-16.741519317521995,1.2544561837896528,0.4378892660195481,0.06386863638740772,3.562222888583775e-05,19.079001794330274,39.12235210882913,nan,0.4868011056719145,nan
100.57000000000001,177.68191528320312,-197.08578491210938,-16.73747444152832,178.92047567299895,-197.28645695865913,-16.743139270009365,1.2547243520866904,0.4379411046149293,0.06388669261604733,3.633428967595377e-05,19.030236476655876,39.75769513447049,nan,nan,nan
100.58,177.6808319091797,-197.094482421875,-16.73894500732422,178.9196098563457,-197.2953225106248,-16.74568209965073,1.2549712873396153,0.43799303080578583,0.06390481394584775,3.559496398807991e-05,19.354574734290726,39.39388947416266,nan,0.61851527441847,nan
100.59,177.67974853515625,-197.10317993164062,-16.740386962890625,178.91876720573597,-197.30418637858983,-16.747253392911762,1.2552362349858803,0.4380450447396572,0.06392300053081693,3.630673603154469e-05,19.311771245243165,38.98947847147195,nan,nan,nan
100.60000000000001,177.67869567871094,-197.11187744140625,-16.741798400878906,178.91094797486548,-197.32057253171965,-16.74796764577217,1.24981495497598,0.4379771532627396,0.06391873775794511,3.554777293941415e-05,17.894338374695554,39.1054099129568,9.342022509351354,0.5790943558848319,nan
100.61,177.67767333984375,-197.12057495117188,-16.743183135986328,178.9101340729557,-197.32947236886938,-16.74947606944121,1.2500548751135008,0.43802894065964737,0.06393694045185916,3.625841484380344e-05,17.849540815726368,39.13561399609499,nan,nan,nan
100.62,177.67665100097656,-197.12925720214844,-16.74454116821289,178.90933842756436,-197.3383760214088,-16.753440491973034,1.250331224196171,0.4380808155546428,0.06395520844780864,3.552364474549419e-05,18.920072024460232,40.897191621529174,nan,4.223065341116071,nan
100.63,177.6756591796875,-197.13795471191406,-16.74587059020996,178.90856558717888,-197.34727614082604,-16.754920192796373,1.250582090684988,0.4381327780953874,0.06397354189703337,3.623408595042722e-05,18.885525895135295,39.99798863848278,nan,nan,nan
100.64,177.67469787597656,-197.1466522216797,-16.747173309326172,178.9078136342458,-197.3561754664938,-16.755560214425202,1.250817654011361,0.43818482842318823,0.06399194093787176,3.5501015420254616e-05,18.541228252188045,39.793382012790296,nan,0.45420929778179975,nan
100.65,177.67373657226562,-197.1553497314453,-16.748451232910156,178.87087929622754,-197.36107840806872,-16.756988008702816,1.214721312261011,0.4381168391076426,0.06398763794088137,3.6188976016637946e-05,17.366725720615662,39.109131046534884,15.497919852930561,nan,nan
100.66,177.6728057861328,-197.16404724121094,-16.74970245361328,178.89030678720093,-197.3695733271562,-16.75723479766555,1.2347495275612614,0.42970486694775345,0.06400240251778912,3.545839364829745e-05,24.391236438418616,46.33855202050485,nan,0.909266055337279,0.048223100117085964
100.67,177.67189025878906,-197.17274475097656,-16.750930786132812,178.88955535304393,-197.37847633584184,-16.758595124092373,1.2349463586950875,0.42975178761250626,0.06402065185488416,3.616766093832896e-05,24.31949995922527,46.15380792256106,nan,nan,nan
100.68,177.67100524902344,-197.18142700195312,-16.752132415771484,178.8888326140444,-197.38737812035828,-16.758965360290993,1.2351380664917646,0.4297987943385212,0.0640389599158942,3.543862965753213e-05,23.914288859916276,47.09391688311532,nan,0.6429864532307117,nan
100.69,177.6701202392578,-197.19012451171875,-16.753311157226562,178.88811779432055,-197.39628141544358,-16.76026938181584,1.2353408962637198,0.42984588758776754,0.06405732685044985,3.614780442723975e-05,23.841535675264762,45.63112062267927,nan,nan,nan
100.7,177.6692657470703,-197.19882202148438,-16.754467010498047,178.89683119611206,-197.41292432207197,-16.762239335909378,1.2461208351681912,0.4297813994463164,0.06405299620266339,3.539886204045402e-05,23.57428929556452,46.54872202300842,3.927197821405044,0.24106191835589605,nan
100.71000000000001,177.6684112548828,-197.20751953125,-16.755598068237305,178.89616000886986,-197.4218517361742,-16.76350626845437,1.2463417816213505,0.4298282925765687,0.06407137219883315,3.6107097301811484e-05,23.505917586692245,46.218704394416655,nan,nan,nan
100.72,177.66758728027344,-197.21621704101562,-16.7567081451416,178.89550960771163,-197.43077890802618,-16.764353987468166,1.2465506391242873,0.42987527169307843,0.06408980718213052,3.538177677307118e-05,23.331704060880526,46.25445153794984,nan,0.10899512501533837,nan
100.73,177.66677856445312,-197.22491455078125,-16.757795333862305,178.89487165611422,-197.4397066112514,-16.765573506873803,1.2467593075658663,0.4299223372432987,0.06410830130053699,3.608998816078863e-05,23.261911424581218,46.15730680660468,nan,nan,nan
100.74000000000001,177.66598510742188,-197.23361206054688,-16.758861541748047,178.89425097159534,-197.44863426269035,-16.766683772369202,1.2469694333865242,0.4299694890723378,0.06412685469540218,3.536596847731461e-05,23.22219901966122,46.07924602413365,nan,0.005373569324110172,nan
100.75,177.6652069091797,-197.2423095703125,-16.759904861450195,178.88728757907168,-197.45142227336785,-16.76783077305799,1.239867777780194,0.42990496174133436,0.06412248248174404,3.6051995504606454e-05,23.68937489824344,45.74442462592893,2.516122941757122,nan,nan
100.76,177.66444396972656,-197.25100708007812,-16.760929107666016,178.88667329656295,-197.4603327210551,-16.771011237436536,1.2400658856246511,0.4299519132358198,0.06414104439099341,3.533007595596687e-05,24.731516046260747,46.75096197468306,nan,2.8380668324643192,nan
100.77,177.6636962890625,-197.25970458984375,-16.761932373046875,178.88609478234008,-197.46924164040055,-16.772168317782103,1.2402695781514463,0.4299989510737192,0.06415966569328198,3.603744368577891e-05,24.669607036279185,46.707379859373894,nan,nan,nan
100.78,177.6629638671875,-197.26840209960938,-16.762914657592773,178.88553247010813,-197.47815067842325,-16.77319570251676,1.2404733592651127,0.43004607511509474,0.06417834653113484,3.531668388711014e-05,24.66332857190526,46.73320744899979,nan,0.008498277131733357,nan
100.79,177.66224670410156,-197.277099609375,-16.763877868652344,178.88498375329024,-197.48705987727848,-16.77431385993437,1.2406764749404986,0.43009328578525374,0.0641970870507836,3.602410931410664e-05,24.60218120050006,46.64770829729263,nan,nan,nan
100.8,177.6615447998047,-197.28579711914062,-16.764822006225586,178.87916175574108,-197.4874800952308,-16.776241583510277,1.234259891989431,0.43002871883297705,0.06419266994690813,3.528316901800258e-05,26.142699157109185,46.93768536743115,7.261744120821823,0.3339102922710818,nan
100.81,177.66085815429688,-197.29449462890625,-16.7657470703125,178.87864372611,-197.49635937245307,-16.777332917662164,1.234457494392679,0.43007572894185175,0.06421141841222802,3.598979955894925e-05,26.08591510492967,46.89595914717453,nan,nan,nan
100.82000000000001,177.66018676757812,-197.30319213867188,-16.76665496826172,178.87815222996684,-197.50523816982133,-16.77708801840047,1.2346543300900896,0.4301228251783432,0.0642302266682394,3.5272016609709766e-05,25.351897306684528,46.186849509690354,nan,1.2086932873851837,nan
100.83,177.65951538085938,-197.3118896484375,-16.76754379272461,178.87766159370162,-197.51411798354258,-16.778131576813873,1.2348637967618898,0.4301700079525787,0.06424909486039138,3.597875717194999e-05,25.292554224889038,45.90718293038164,nan,nan,nan
100.84,177.6587677001953,-197.32058715820312,-16.768522262573242,178.87711742849325,-197.5229985641832,-16.78074714821001,1.235109665391428,0.43021727714711844,0.06426802313237819,3.5261929753356587e-05,26.32845416677315,47.192420030060376,nan,1.6399476911910547,nan
100.85000000000001,177.65792846679688,-197.32928466796875,-16.76958656311035,178.8944590347734,-197.53510290154003,-16.781890565064952,1.2536029591839914,0.43015267068565893,0.06426355778619214,3.594669579212886e-05,26.872169296279576,47.341775353358926,4.889757797915378,nan,nan
100.86,177.656982421875,-197.33799743652344,-16.770740509033203,178.8937835871828,-197.5439796522447,-16.783270961703607,1.253899042165805,0.43019973909662074,0.06428249341495991,3.523162424243916e-05,27.03516979031834,46.17483911305468,nan,0.008144897193330997,nan
100.87,177.6559600830078,-197.34669494628906,-16.7719783782959,178.8930201036599,-197.55285631287015,-16.78463160215496,1.2541850373211818,0.4302468939536821,0.06430148923052466,3.59377683423023e-05,26.948824041445963,47.311140672756736,nan,nan,nan
100.88,177.6548614501953,-197.3553924560547,-16.77330207824707,178.89216275858206,-197.56173316617418,-16.786726083988338,1.2544605295976095,0.4302941351546043,0.06432054537704548,3.522353248930689e-05,27.524599345094867,48.04506505800182,nan,0.29225557736692315,nan
100.89,177.65365600585938,-197.3640899658203,-16.774709701538086,178.89122460924145,-197.5706098628366,-16.7882649958436,1.2547550605374649,0.4303414630869482,0.06433966199927833,3.5929846038912716e-05,27.438932356228477,47.63746351026161,nan,nan,nan
100.9,177.65237426757812,-197.37278747558594,-16.776199340820312,178.8881629473806,-197.57974096020249,-16.78748528358604,1.2530485938011362,0.4302768166803182,0.06433514502702053,3.519517681629904e-05,25.737895913988385,46.21033022114645,0.20280630472475647,3.9720347067744197,nan
100.91,177.65101623535156,-197.38148498535156,-16.77777099609375,178.887048913587,-197.58862058670155,-16.789168294709107,1.2533203251476475,0.43032394359564075,0.06435426839660197,3.590080199635364e-05,25.652928514027714,46.274648494864465,nan,nan,nan
100.92,177.64956665039062,-197.3901824951172,-16.7794246673584,178.88585416569052,-197.59750037010807,-16.79057052974268,1.2535995181976596,0.4303711567777205,0.06437345234434713,3.518891801074223e-05,25.48159981268439,45.96675038227585,nan,0.09227972322768085,nan
100.93,177.6480712890625,-197.39889526367188,-16.781158447265625,178.88459550926353,-197.60638039578492,-16.79241439087763,1.2538616045873405,0.43041845659906175,0.06439269701480319,3.5894751545339835e-05,25.39901241855704,44.76697962439665,nan,nan,nan
100.94,177.64659118652344,-197.4075927734375,-16.78297233581543,178.8833346719425,-197.61526030148633,-16.792192223623843,1.2540914070607387,0.43046584297978935,0.06441200255244403,3.518353000458153e-05,24.199570289649554,44.848469894518566,nan,3.2195389655957314,nan
100.95,177.64511108398438,-197.41629028320312,-16.784862518310547,178.86660389886276,-197.6186094902845,-16.794147459160737,1.238169604085063,0.4304011566620926,0.06440743054372668,3.5867531649319316e-05,24.01241280359602,44.282475670125294,2.184688837019906,nan,nan
100.96000000000001,177.64364624023438,-197.42498779296875,-16.78683090209961,178.86532312746485,-197.62748051673853,-16.795704968197757,1.2383765457331448,0.43044834179679314,0.06442674219939494,3.515777644843753e-05,23.763801918401583,43.925838920461224,nan,0.1776472124319167,nan
100.97,177.6422119140625,-197.43368530273438,-16.788877487182617,178.86406061437035,-197.6363515124768,-16.79783947002929,1.2385750506739095,0.4304956134781228,0.06444611482104833,3.5863192857180216e-05,23.678431046068425,43.90915355508189,nan,nan,nan
100.98,177.64080810546875,-197.4423828125,-16.790998458862305,178.86283773907422,-197.6452226278262,-16.798382255383707,1.238771543321271,0.4305429716409624,0.06446554855317058,3.515400051748026e-05,22.90481039426106,43.222563983879375,nan,1.9490241648585809,nan
100.99000000000001,177.63943481445312,-197.45108032226562,-16.793193817138672,178.86162746237764,-197.65409335024322,-16.80065352421352,1.23896117994028,0.4305904166358719,0.06448504354029308,3.585966670435772e-05,22.820894929908054,43.18839100484246,nan,nan,nan
101.0,177.63807678222656,-197.45977783203125,-16.795412063598633,178.83804222979663,-197.64589736996192,-16.80030023730357,1.214323454440258,0.4305256899694225,0.06448041305918258,3.5129812510417294e-05,22.995191309606277,41.43188006274657,14.151630935616414,4.663247093733856,nan
101.01,177.63674926757812,-197.46847534179688,-16.797622680664062,178.83686165249404,-197.65471908966654,-16.80260164316758,1.2144880650367498,0.43057293347851794,0.06449991351529898,3.5834866001100375e-05,22.92353797219939,41.337311970858956,nan,nan,nan
101.02,177.6354522705078,-197.47718811035156,-16.799802780151367,178.83570965142502,-197.66354060875102,-16.80465194885311,1.214647499706418,0.43062026339048104,0.06451947532130944,3.5127503806183727e-05,22.820176069361704,40.42040279343697,nan,0.03814465665733942,nan
101.03,177.63418579101562,-197.4858856201172,-16.801950454711914,178.8345818509404,-197.67236199374634,-16.806903134038308,1.2148039626364826,0.4306676800415376,0.06453909862188849,3.5832835213652015e-05,22.752221059972086,41.334341841684875,nan,nan,nan
101.04,177.6329345703125,-197.4945831298828,-16.804059982299805,178.83348191412006,-197.68118335295333,-16.808822776003765,1.214971708385513,0.43071518338789405,0.06455878356130955,3.512589170369043e-05,22.631311404022064,41.02971045428834,nan,0.06138343406333474,nan
101.05,177.6317138671875,-197.50328063964844,-16.806127548217773,178.85011456069037,-197.69115217369335,-16.810971590559003,1.2328095667940255,0.4306504163326142,0.06455409114891311,3.580948289237303e-05,23.481017345591454,41.30094605451073,6.737860402420833,nan,nan
101.06,177.63050842285156,-197.51197814941406,-16.808156967163086,178.8491076293841,-197.69996303244287,-16.812134953348238,1.2330199377070739,0.4306977179575173,0.064573780888829,3.51037670289176e-05,23.19581238221666,40.844130644703476,nan,0.6626665690729623,nan
101.07000000000001,177.62933349609375,-197.5206756591797,-16.810144424438477,178.84811713784453,-197.7087735392787,-16.814221553925528,1.23321976990392,0.4307451062281622,0.06459353235913662,3.580880627530142e-05,23.12842018108665,40.931795405772604,nan,nan,nan
101.08,177.62818908691406,-197.5293731689453,-16.81209373474121,178.84716033874625,-197.71758455759712,-16.814970691607435,1.2334191163154482,0.43079258111455804,0.06461334570385535,3.51034282138084e-05,22.819060824839898,40.712398940926384,nan,1.184399523801132,nan
101.09,177.62705993652344,-197.53807067871094,-16.81400489807129,178.84621666254182,-197.7263947817241,-16.816968195951823,1.2336198245431644,0.4308401429323756,0.06463322106803762,3.5808772527854844e-05,22.748361816537983,40.500306278928136,nan,nan,nan
101.10000000000001,177.62594604492188,-197.54676818847656,-16.815876007080078,178.83262874374057,-197.72982043304847,-16.819125599916088,1.220492449679549,0.43077533504993293,0.06462846324394922,3.508253288278552e-05,22.78380306114415,40.21549049195735,1.7563697801002283,0.009329035304556324,nan
101.11,177.62486267089844,-197.5554656982422,-16.817710876464844,178.831709443304,-197.73862020224232,-16.821052011366188,1.2206702534196807,0.43082269490049874,0.06464834272116463,3.578731583162795e-05,22.715077749014757,40.28471589141549,nan,nan,nan
101.12,177.62380981445312,-197.5641632080078,-16.819509506225586,178.83080913632813,-197.74741993522395,-16.823331957453668,1.2208378279730996,0.43087014128643003,0.0646682843045482,3.508334120588206e-05,22.73971508128971,40.466004503140084,nan,0.10654387610098616,nan
101.13,177.62277221679688,-197.57286071777344,-16.821273803710938,178.82993322727262,-197.75621994402485,-16.8251910856116,1.22101337263841,0.430917674510207,0.06468828813948402,3.578844895065426e-05,22.67275551795112,40.261511391690796,nan,nan,nan
101.14,177.6217498779297,-197.58155822753906,-16.822999954223633,178.82907869835458,-197.76501995541722,-16.826976238836785,1.2211948644929365,0.4309652945614894,0.06470835436949886,3.508469446201223e-05,22.615994472278274,40.18174772403134,nan,0.0010928160043985856,nan
101.15,177.62074279785156,-197.5902557373047,-16.82469367980957,178.8344802156388,-197.77374549863376,-16.828789606157514,1.2275356566968054,0.43090044574269054,0.0647035276355198,3.576811616376306e-05,22.970567846113422,40.102590263502506,1.0648781091808142,nan,nan
101.16,177.61976623535156,-197.5989532470703,-16.826353073120117,178.83367557597512,-197.782539734838,-16.83119068151991,1.2277228059293461,0.4309478635845782,0.06472359727216588,3.506539657588494e-05,23.0907931863242,40.40746325437186,nan,0.2912035177669873,nan
101.17,177.61880493164062,-197.60765075683594,-16.827980041503906,178.83289528841217,-197.79133446001606,-16.832922336295262,1.2279167412725656,0.4309953681704246,0.06474372938870042,3.577029470128193e-05,23.028654773449162,40.27169572220035,nan,nan,nan
101.18,177.61785888671875,-197.61634826660156,-16.829572677612305,178.83214037463594,-197.80012994871333,-16.83376575513665,1.2281175922839571,0.43104295950239957,0.06476392412827081,3.506773116803875e-05,22.77004115096498,40.013071581718215,nan,0.5161217852618467,nan
101.19,177.616943359375,-197.6250457763672,-16.831134796142578,178.8313985412518,-197.80892497856266,-16.835426274133575,1.2283042646554512,0.4310906378643322,0.06478418163682689,3.577297024039651e-05,22.70597381031279,40.11488094187204,nan,nan,nan
101.2,177.6160430908203,-197.6337432861328,-16.832666397094727,178.81473550121362,-197.81415443872956,-16.83861278802018,1.2122075062796962,0.43102574767016333,0.06477928247605909,3.504937577603656e-05,22.745196554451304,40.20147209704091,3.92918884406678,2.0496757801158907,nan
101.21000000000001,177.61514282226562,-197.64244079589844,-16.834165573120117,178.81400049372184,-197.8229485786033,-16.84022716155102,1.2123858787039457,0.4310732235711894,0.06479954266657632,3.575408613570251e-05,22.68803872982422,39.88343510990616,nan,nan,nan
101.22,177.61428833007812,-197.65113830566406,-16.835636138916016,178.81328774767502,-197.83174331956013,-16.841140784817583,1.2125378656225931,0.43112078613609084,0.06481986570431511,3.505258443977413e-05,22.447554471062574,40.104467672795934,nan,0.3174768499073919,nan
101.23,177.61343383789062,-197.6598358154297,-16.837078094482422,178.81258784595386,-197.8405377464451,-16.842690632606878,1.2127056623562924,0.4311684356369128,0.06484025173562935,3.575764909937108e-05,22.388006038612605,39.75135056366673,nan,nan,nan
101.24000000000001,177.6125946044922,-197.6685333251953,-16.838489532470703,178.81189834435423,-197.8493313968026,-16.845225303210793,1.2128737666185487,0.4312161720934002,0.06486070090306424,3.505620932996339e-05,22.725602635937445,40.07690462581443,nan,0.7221841979135322,nan
101.25,177.6117706298828,-197.67723083496094,-16.839874267578125,178.8330400221591,-197.8739763718846,-16.846707241059395,1.2370345283527426,0.4311512403514486,0.06485572578671235,3.573961554541939e-05,21.815456062040198,40.44067434813924,10.448758012314014,nan,nan
101.26,177.61097717285156,-197.68592834472656,-16.841230392456055,178.8324225448242,-197.88281481389058,-16.84721548678448,1.2372262928855662,0.43119877409855706,0.0648761768930985,3.5039058425401643e-05,21.45550000242436,40.339434172936215,nan,0.6608552209911416,nan
101.27,177.6101837158203,-197.6946258544922,-16.842559814453125,178.8318150036514,-197.89165259415853,-16.84865629958601,1.237432707941068,0.43124639468727427,0.06489669121390121,3.574396388706157e-05,21.398238437173806,40.018560259856514,nan,nan,nan
101.28,177.6094207763672,-197.7033233642578,-16.843862533569336,178.83121833646473,-197.90048979495262,-16.850855754658205,1.2376238460834679,0.4312941021483697,0.06491726889125703,3.5043419321455566e-05,21.678710481096598,40.54345641055047,nan,0.4334405667767981,nan
101.29,177.60867309570312,-197.71202087402344,-16.84514045715332,178.83064215234282,-197.9093277777154,-16.852253201220698,1.237816214450908,0.4313418967374362,0.06493791007213054,3.5748687026880906e-05,21.623375062255207,40.44783751766429,nan,nan,nan
101.3,177.60792541503906,-197.72073364257812,-16.846391677856445,178.87048215846366,-197.9318632573545,-16.852292427498234,1.2801015832537983,0.43127692300726966,0.06493285545491824,3.5026972130262214e-05,21.591613926831666,39.56180169093258,15.658010085720292,0.9945804740381271,nan
101.31,177.60720825195312,-197.72943115234375,-16.847618103027344,178.87000622150015,-197.9407210679403,-16.853625935302077,1.2803664453481758,0.4313245146300009,0.0649534978141237,3.573172990241797e-05,21.53374851111842,40.684645763368025,nan,nan,nan
101.32000000000001,177.6064910888672,-197.73812866210938,-16.848819732666016,178.86953748291594,-197.94957781096244,-16.856185714123903,1.2806448351331026,0.4313721930409327,0.06497420374658038,3.503197991675758e-05,21.99952202827462,40.96528823843204,nan,1.1014981725014539,nan
101.33,177.60580444335938,-197.746826171875,-16.849998474121094,178.8690903919298,-197.95843598069592,-16.857484471688213,1.280908325839241,0.4314199584854096,0.06499497339965102,3.573710862122565e-05,21.94533431276639,41.10891927651509,nan,nan,nan
101.34,177.60511779785156,-197.75552368164062,-16.851152420043945,178.86866620265786,-197.96729598106336,-16.857219638814172,1.281186516177463,0.4314678110095009,0.06501580691487698,3.5037297435495386e-05,21.35534103763978,40.3682877009259,nan,1.6729617364881542,nan
101.35000000000001,177.6044464111328,-197.76422119140625,-16.852285385131836,178.85691014043087,-197.9790284077458,-16.858547035283923,1.2707662025964377,0.43140279506183904,0.06501066924570946,3.572077735064506e-05,20.416453760533404,40.23092957864215,6.709011203158833,nan,nan
101.36,177.60379028320312,-197.77291870117188,-16.8533935546875,178.85647847485603,-197.9879072240449,-16.85926164762558,1.2710162095695274,0.4314504443650045,0.06503150316096178,3.502173139389999e-05,20.229742299257502,40.12136443316003,nan,0.17904362103055504,nan
101.37,177.6031494140625,-197.78163146972656,-16.854480743408203,178.8560571680896,-197.9967857593393,-16.860453927539535,1.2712611405091567,0.43149818060702844,0.06505240101018868,3.57267278489102e-05,20.174884909904097,39.08431139552013,nan,nan,nan
101.38,177.60252380371094,-197.7903289794922,-16.855545043945312,178.85565443923184,-198.00566569310524,-16.86061124703295,1.2715077492191784,0.4315460038434469,0.0650733629345563,3.502758388417955e-05,19.836973428060418,39.81736927696299,nan,0.7252093544185775,nan
101.39,177.60189819335938,-197.7990264892578,-16.856590270996094,178.85525887158877,-198.01454479593795,-16.861752107603603,1.2717656131548356,0.43159391430546473,0.06509438908198974,3.573295332633312e-05,19.778811659519423,39.527409947072286,nan,nan,nan
101.4,177.60130310058594,-197.80772399902344,-16.85761260986328,178.8071361653708,-198.00276717949905,-16.8622258487159,1.2215140213485836,0.43152885569734234,0.06508916479533912,3.501252768422547e-05,19.66521015655069,38.691731068958795,21.695622258056204,0.1809729937043296,nan
101.41,177.6007080078125,-197.81642150878906,-16.85861587524414,178.8066890276834,-198.01160666399127,-16.863319107104843,1.221683095360705,0.4315765626762783,0.06511019054752186,3.571739606773052e-05,19.605446734977555,38.38691422169525,nan,nan,nan
101.42,177.60012817382812,-197.82513427734375,-16.85959815979004,178.80625755066615,-198.0204470634975,-16.863670710735537,1.2218476761765424,0.43162435656350445,0.0651312805841304,3.50188427886128e-05,19.390463106539087,37.2835463282349,nan,0.36825137395777363,nan
101.43,177.5995635986328,-197.83383178710938,-16.86056137084961,178.80583408452313,-198.02928689138557,-16.864718857289493,1.2220100112565242,0.4316722375815348,0.06515243505343322,3.57240895821332e-05,19.329633322160923,38.26308013689386,nan,nan,nan
101.44,177.5989990234375,-197.842529296875,-16.86150550842285,178.80542470441222,-198.03812760632886,-16.86524909194141,1.2221847801351802,0.4317202057988918,0.06517365409608114,3.502538174459723e-05,19.175712606893608,37.91277013316009,nan,0.17599201293819555,nan
101.45,177.59844970703125,-197.8512420654297,-16.862430572509766,178.82036210835443,-198.04340041432837,-16.866252221769148,1.2369354682286027,0.431655104250658,0.0651683396264964,3.570897809366227e-05,20.375267703622725,37.08447052538847,10.418000909074422,nan,nan
101.46000000000001,177.59791564941406,-197.8599395751953,-16.86333656311035,178.8200167510965,-198.0522173973739,-16.866018212538137,1.2371374438108311,0.43170286872446473,0.06518955746161943,3.501094731113271e-05,20.101867488874728,37.84525399224386,nan,1.0559215722013442,nan
101.47,177.59739685058594,-197.86863708496094,-16.864225387573242,178.81967608717954,-198.06103315697158,-16.866978063825652,1.2373319514016943,0.43175072023401645,0.06521083993535019,3.571607239006802e-05,20.03883244563442,37.85736898099851,nan,nan,nan
101.48,177.5968780517578,-197.87733459472656,-16.865097045898438,178.8193579099707,-198.06985228896738,-16.86541910718773,1.2375460274492784,0.43179865885576596,0.06523218718803452,3.501786071051802e-05,19.76062525845459,37.424038424881694,nan,4.415357864598742,nan
101.49000000000001,177.5962677001953,-197.88604736328125,-16.866056442260742,178.81898616528753,-198.0786686110642,-16.866373807443207,1.2377978391868258,0.43184668480037314,0.06525359936839992,3.572336223532997e-05,19.69614032639656,36.50018801905023,nan,nan,nan
101.5,177.59556579589844,-197.89474487304688,-16.86710548400879,178.81550404323315,-198.09449284999423,-16.86812778494061,1.2361834923278334,0.4317815398652984,0.06524819113814347,3.500378274747869e-05,18.705812647662714,37.489300071275586,6.25208983637024,0.38809041750255324,nan
101.51,177.59478759765625,-197.9034423828125,-16.868240356445312,178.81493231897915,-198.10333739490218,-16.869267608268615,1.236411020687203,0.4318293617992268,0.06526960128236671,3.570878536878973e-05,18.638779069086752,37.73605622158873,nan,nan,nan
101.52,177.59390258789062,-197.9121551513672,-16.869461059570312,178.8142667954944,-198.11218112513922,-16.871203542857877,1.236649596948083,0.43187727075736076,0.06529107640748412,3.50110131820949e-05,18.632074820944233,36.487717495413804,nan,0.3540042083752434,nan
101.53,177.59292602539062,-197.9208526611328,-16.87076759338379,178.8135152121039,-198.12102563875862,-16.872524928209103,1.2368954167263564,0.4319252669431679,0.0653126166624855,3.571639551673701e-05,18.5665371763254,37.323594972462246,nan,nan,nan
101.54,177.5918731689453,-197.9295654296875,-16.87215805053711,178.8126797783506,-198.12987130684655,-16.87293862381146,1.2371304827247314,0.4319733504438571,0.06533422218732081,3.5018400052531415e-05,18.433650162918372,36.42281698398543,nan,0.6958039096838448,nan
101.55,177.5907440185547,-197.93826293945312,-16.873632431030273,178.8284666692946,-198.14779729176345,-16.874470670427524,1.2553337036812418,0.4319081617983201,0.06532871662421623,3.570212390876121e-05,18.18013457187934,37.66525378729871,3.280388537946769,nan,nan
101.56,177.58958435058594,-197.94696044921875,-16.875186920166016,178.8275210115664,-198.1566620822683,-16.876006138370354,1.255572627378273,0.43195604102224633,0.06535031926800573,3.5004741289036806e-05,18.113617702606174,37.55934623537168,nan,0.0006881719419601654,nan
101.57000000000001,177.5884246826172,-197.95567321777344,-16.8768253326416,178.82656212302572,-198.16552673013607,-16.877655264644012,1.2557959654256985,0.4320040073783815,0.0653719872401938,3.571000162602385e-05,18.049116224788452,36.47081765277257,nan,nan,nan
101.58,177.5872802734375,-197.96437072753906,-16.878541946411133,178.82561154626322,-198.1743925405077,-16.878609049224316,1.2560149313139508,0.4320520609604186,0.06539372068051318,3.501237789666005e-05,17.9633738884002,37.52058704831447,nan,0.426336306165333,nan
101.59,177.58615112304688,-197.9730682373047,-16.880338668823242,178.8246716772994,-198.1832574290966,-16.88041335410949,1.256229543208564,0.43210020196212606,0.06541551973828301,3.571801342658146e-05,17.897034709978037,37.408612291414634,nan,nan,nan
101.60000000000001,177.5850372314453,-197.98178100585938,-16.88221549987793,178.7998060907123,-198.1850694906794,-16.88323061992948,1.2316617311477955,0.432034969154481,0.0654099132602625,3.499895761865543e-05,17.546545519312602,35.90937682290662,5.561527301974934,0.7038761298727874,nan
101.61,177.58395385742188,-197.990478515625,-16.88416862487793,178.79886187673233,-198.1939264837682,-16.885202415464576,1.2318253284656182,0.43208290560753904,0.06543170857636653,3.5704092160009966e-05,17.4806598653532,37.04310986570919,nan,nan,nan
101.62,177.5828857421875,-197.9991912841797,-16.886198043823242,178.79794124008728,-198.20278446646785,-16.886519866728364,1.231994379216355,0.4321309291966865,0.0654535695552633,3.5006799480564606e-05,17.38954402694075,35.87935759219462,nan,0.37859241784374037,nan
101.63,177.5818328857422,-198.0078887939453,-16.888303756713867,178.79703865820775,-198.21164125470142,-16.888639662124103,1.2321689200471855,0.43217904010988295,0.06547549634644316,3.571231117996164e-05,17.324488479078987,36.66670037113196,nan,nan,nan
101.64,177.580810546875,-198.01658630371094,-16.890485763549805,178.79615408920063,-198.2204968037359,-16.891583037692893,1.232331376661155,0.4322272384495157,0.06549748908937762,3.501474638455488e-05,17.290316920649527,36.76200612212911,nan,0.39390988432721963,nan
101.65,177.57980346679688,-198.02529907226562,-16.892690658569336,178.7965071474842,-198.23307937560207,-16.89384378873222,1.2343183668575235,0.43216196111829513,0.0654917781248854,3.5698588711944e-05,16.917318075812975,35.771863155523576,0.9183117540141259,nan,nan
101.66,177.5788116455078,-198.03399658203125,-16.894887924194336,178.7956647700965,-198.24194807118405,-16.89591119197664,1.2344943887029456,0.4322099546378553,0.06551376624996953,3.500159169083675e-05,16.845754480037254,36.52097372751882,nan,0.027101588714849866,nan
101.67,177.57785034179688,-198.04269409179688,-16.897056579589844,178.7948415200559,-198.25081620551916,-16.89815558888982,1.2346592849859386,0.43225803538553986,0.06553582037851279,3.570697458522182e-05,16.785264467986085,36.68304478833762,nan,nan,nan
101.68,177.576904296875,-198.0513916015625,-16.89919090270996,178.80507155162505,-198.2538265697313,-16.89985798656611,1.2447389955242198,0.4306789892317624,0.06509911353240012,3.500959134689504e-05,24.332051597932203,44.11851850428614,nan,0.18735225339728656,0.07479510536651793
101.69,177.5759735107422,-198.0601043701172,-16.901288986206055,178.80429322298966,-198.26267767503916,-16.902032236747285,1.2449119694918518,0.43072526389983967,0.06511869505374762,3.5715343207384536e-05,24.243262775861513,42.948630404038404,nan,nan,nan
101.7,177.57505798339844,-198.0688018798828,-16.90334701538086,178.8219338083938,-198.28168962512095,-16.903467314904017,1.264919179039674,0.4306577183969464,0.06511381289548296,3.499659095328433e-05,23.778087553760308,44.18161064795243,4.524721505300133,0.27031731800485514,nan
101.71000000000001,177.5741729736328,-198.07749938964844,-16.905363082885742,178.8212161028286,-198.29056495710577,-16.905557342094774,1.2651140422297822,0.4307037956259165,0.06513339736171779,3.5701837487602084e-05,23.68479245602434,44.373455564404324,nan,nan,nan
101.72,177.57330322265625,-198.08621215820312,-16.90734100341797,178.8205328267075,-198.29943499369236,-16.906490706474237,1.265324616768683,0.4307499586196649,0.06515304082993173,3.5004819402794666e-05,23.613344958334785,43.21640888693406,nan,0.8824608352253617,nan
101.73,177.5724334716797,-198.09490966796875,-16.90928077697754,178.81985093510218,-198.30831016282448,-16.908492590675387,1.2655396953449256,0.43079620812693936,0.06517274350599339,3.571043853478256e-05,23.51817020599073,43.82028676539045,nan,nan,nan
101.74000000000001,177.57159423828125,-198.10360717773438,-16.91118049621582,178.8191906454884,-198.31718396552554,-16.910162351487962,1.2657459761650622,0.4308425437009446,0.06519250547416461,3.5013114932014486e-05,23.437971305732983,44.019148630689,nan,0.0610905280894047,nan
101.75,177.57077026367188,-198.1123046875,-16.913042068481445,178.81059335917195,-198.31680925814504,-16.912248465179914,1.2565763237290015,0.4307750077485478,0.06518756469197275,3.5697053478671016e-05,24.288793457670668,43.70173290928316,7.499328886018122,nan,nan
101.76,177.56997680664062,-198.1210174560547,-16.914867401123047,178.80997945531533,-198.32564918983527,-16.912925768995535,1.2567754314616628,0.4308211457232805,0.06520732904524869,3.500026727307241e-05,24.28931958168458,42.953742205054894,nan,1.0397200839640688,nan
101.77,177.56918334960938,-198.1297149658203,-16.916656494140625,178.80936494056647,-198.33449440736507,-16.914768578671072,1.2569759593775327,0.43086737010380866,0.06522715286172039,3.570574766487716e-05,24.19090340548541,43.561445601039175,nan,nan,nan
101.78,177.5684051513672,-198.13841247558594,-16.91840934753418,178.8087575217255,-198.3433423783159,-16.917224232680812,1.2571681161179824,0.43091368049404755,0.06524703623063988,3.500865001834277e-05,24.041047053397467,43.442739848736664,nan,0.29636141960912843,nan
101.79,177.56764221191406,-198.14710998535156,-16.920127868652344,178.8081745658272,-198.35218751110327,-16.919004033206626,1.257369705249728,0.43096007756680205,0.06526697935067542,3.5714496373982516e-05,23.94647648912645,43.34573556190052,nan,nan,nan
101.8,177.56689453125,-198.15582275390625,-16.921812057495117,178.79235991078426,-198.36040172069522,-16.918810699305322,1.2424278483036613,0.4308925502365548,0.06526197668745994,3.499588949105962e-05,23.249398445724914,42.35673020466088,6.985318759373172,2.4090824290063932,nan
101.81,177.56617736816406,-198.16452026367188,-16.9234619140625,178.79177097489497,-198.3692578390567,-16.92050342592735,1.2425803460083318,0.4309387495197515,0.0652819216100817,3.570122500374785e-05,23.146380770972456,43.585474338046986,nan,nan,nan
101.82000000000001,177.56546020507812,-198.1732177734375,-16.925079345703125,178.79117413538862,-198.37812130705655,-16.923889966614993,1.2427234252517239,0.4309850347536806,0.06530192634156087,3.500433465291984e-05,22.85208437761666,43.041704830898716,nan,2.1032453560865836,nan
101.83,177.56475830078125,-198.18191528320312,-16.926664352416992,178.790614171277,-198.3869777560369,-16.925536145424545,1.242889579103732,0.43103140656381556,0.06532199107584816,3.571003719057395e-05,22.75801883002278,42.99913625174642,nan,nan,nan
101.84,177.56407165527344,-198.1906280517578,-16.9282169342041,178.79004747041543,-198.39584110509043,-16.928791535087278,1.2430323514443795,0.43107786462496445,0.06534211590901537,3.501282001256876e-05,22.645004263235116,41.974432996657676,nan,1.8980716314344361,nan
101.85000000000001,177.5634002685547,-198.19932556152344,-16.92974090576172,178.77909287188263,-198.40338157099674,-16.930299140445225,1.2326993438849514,0.4310103460298616,0.06533704819066816,3.569683157443339e-05,22.14789523901935,42.72776839021058,2.54153458248818,nan,nan
101.86,177.562744140625,-198.20802307128906,-16.931232452392578,178.77855765031927,-198.4122398767816,-16.93137292166998,1.2328450891058034,0.4310566061303379,0.06535717422683354,3.500013282568742e-05,22.050898876449754,42.73661345496109,nan,0.17359714482198169,nan
101.87,177.5620880126953,-198.2167205810547,-16.932695388793945,178.77802953156524,-198.4211001784497,-16.932908351972948,1.2329983140687448,0.43110295270148874,0.06537736051380981,3.57056853115231e-05,21.963920124088784,42.363217708301924,nan,nan,nan
101.88,177.56146240234375,-198.22543334960938,-16.934127807617188,178.7775144278937,-198.42996036733913,-16.934415312051534,1.2331317498484686,0.43114938566972105,0.06539760717369131,3.6425557528918816e-05,21.878737175760868,41.66495208171252,nan,nan,nan
101.89,177.5608367919922,-198.234130859375,-16.93553352355957,178.7770119800581,-198.43882045735543,-16.93589444530212,1.2332801992463158,0.431195905179535,0.06541791435097824,3.715989397807456e-05,21.792702629443717,42.285281754533564,nan,nan,nan
101.9,177.5602264404297,-198.24282836914062,-16.936908721923828,178.80536543409818,-198.4631013074973,-16.938106175677742,1.2644732954165392,0.4311283944332577,0.06541277827887915,3.635379070123085e-05,21.30592917095455,43.040574301451784,10.467449039859336,0.23074235773667207,nan
101.91,177.55963134765625,-198.2515411376953,-16.93825912475586,178.8049267429756,-198.47199690980938,-16.93954058009852,1.2646592470660898,0.43117471578471694,0.06543308603772369,3.708584993060479e-05,21.226065175530568,41.901786648624274,nan,nan,nan
101.92,177.55905151367188,-198.26023864746094,-16.9395809173584,178.80451307520352,-198.48088830079092,-16.939818821619806,1.264856050057047,0.4312211232472194,0.06545345439483846,3.630630849662665e-05,21.09667105077844,42.92023075193717,nan,0.8366664096441511,nan
101.93,177.5584716796875,-198.26893615722656,-16.940876007080078,178.8040983144465,-198.4897838819207,-16.941190092655553,1.2650531725478305,0.4312676173694546,0.06547388353670675,3.703709450468379e-05,21.012160653908776,42.62986041346432,nan,nan,nan
101.94,177.5579071044922,-198.27764892578125,-16.94214630126953,178.8036979625355,-198.4986785643822,-16.94228754212635,1.2652466095877621,0.43131419790254355,0.0654943735668595,3.626021935481224e-05,20.926681183205,41.56305285722771,nan,0.040634449052424915,nan
101.95,177.55735778808594,-198.28634643554688,-16.943391799926758,178.81258010034642,-198.5073081079761,-16.943447940085246,1.274522309350053,0.4312466949821197,0.06548916591219864,3.696626071953836e-05,21.45473527596307,42.58811751110724,3.950050985850746,nan,nan
101.96000000000001,177.55682373046875,-198.2950439453125,-16.944612503051758,178.81221246884795,-198.5161982545287,-16.94562294112893,1.2747200217770596,0.4312930771761736,0.06550965588575479,3.61929820490412e-05,21.39785237244397,42.599425879008265,nan,0.5144509895082973,nan
101.97,177.55628967285156,-198.3037567138672,-16.9458065032959,178.81186526572392,-198.5250852769286,-16.946899791326533,1.2749343502793884,0.4313395459242925,0.06553020688453152,3.692050955022989e-05,21.320100593266687,41.41077056732029,nan,nan,nan
101.98,177.55577087402344,-198.3124542236328,-16.946979522705078,178.81152397618885,-198.53397391448354,-16.94859582845818,1.2751429094328801,0.4313861010192121,0.06555081901633986,3.61497846575329e-05,21.27600340842678,42.38124622186445,nan,0.12928072887747669,nan
101.99000000000001,177.55526733398438,-198.32115173339844,-16.94812774658203,178.8111976424415,-198.54286116101642,-16.94983142529437,1.275350505750107,0.43143274294725276,0.06557149246143194,3.687624369661182e-05,21.19848830094598,42.44493529070755,nan,nan,nan
102.0,177.55477905273438,-198.32986450195312,-16.94925308227539,178.83550603142646,-198.55620466424463,-16.950543425580445,1.3005741532114776,0.4313652470006275,0.06556620989140118,3.608564430724547e-05,21.93946738233756,41.76828661531487,9.277668467448404,0.1243685296611464,nan
102.01,177.55429077148438,-198.33856201171875,-16.950355529785156,178.83525033343835,-198.56508882580604,-16.951729747676467,1.3008357641672827,0.43141169038369165,0.06558688262058975,3.6810189995377905e-05,21.86213504713747,42.59276150418445,nan,nan,nan
102.02,177.55380249023438,-198.34725952148438,-16.95143699645996,178.83501077025525,-198.5739711453699,-16.952269317846522,1.301112412498536,0.4314582200472465,0.06560761672360849,3.604535479911298e-05,21.74842445924618,42.32358729239185,nan,0.2603016084360657,nan
102.03,177.5533447265625,-198.35597229003906,-16.952495574951172,178.83477470763842,-198.58285567027383,-16.953407575891887,1.3013607095546929,0.4315048364401792,0.06562841237681681,3.676896611187378e-05,21.671398482389524,41.59778745020351,nan,nan,nan
102.04,177.55288696289062,-198.3646697998047,-16.953535079956055,178.83453297086476,-198.5917451776037,-16.95608674608559,1.3016090918392647,0.43155153941135244,0.06564926969370101,3.600649666435296e-05,21.747940535712655,42.475120241384026,nan,1.6243715446317815,nan
102.05,177.55242919921875,-198.37338256835938,-16.954551696777344,178.8475751913367,-198.60769226866947,-16.957258684658665,1.3161730525815944,0.43148405025710446,0.06564390892965552,3.670613110742404e-05,21.526065586313415,41.76257677333476,2.0718059473177424,nan,nan
102.06,177.55198669433594,-198.382080078125,-16.955549240112305,178.84739452028253,-198.61659017882528,-16.957398191478152,1.3164649032447835,0.4315305544918479,0.06566476485491685,3.5946914988646215e-05,21.340729260410697,42.6354564112262,nan,0.6109885540235243,nan
102.07000000000001,177.5515594482422,-198.3907928466797,-16.956525802612305,178.84721375210094,-198.62549114424763,-16.958465022685598,1.3167411008104428,0.43157714535321123,0.0656856825636445,3.666793201037846e-05,21.26939682602676,41.68106984344893,nan,nan,nan
102.08,177.55113220214844,-198.3994903564453,-16.95748519897461,178.84704635650192,-198.6343907479883,-16.959016751661462,1.3170322832240622,0.43162382272358274,0.06570666217284632,3.591095474202104e-05,21.152110447634698,42.38522377805857,nan,0.16509133599535725,nan
102.09,177.55072021484375,-198.408203125,-16.958423614501953,178.8468830518667,-198.64329205501085,-16.960041651596878,1.3173107162462083,0.43167058700158467,0.06572770385374022,3.6631214653114757e-05,21.080182256521514,41.477338369929335,nan,nan,nan
102.10000000000001,177.55030822753906,-198.41690063476562,-16.95934295654297,178.85724927346376,-198.6599906570511,-16.962266541577325,1.3293593208034336,0.43160310382897904,0.06572226153717921,3.5854405341739224e-05,20.763969813295393,42.871271977190354,2.5236088668004193,1.0079372410867358,nan
102.11,177.54991149902344,-198.42559814453125,-16.96024513244629,178.85711323778114,-198.66891320091474,-16.96326828367169,1.329657001605069,0.4316496691580403,0.06574330113060005,3.657306575400547e-05,20.696061685417945,42.85913875576729,nan,nan,nan
102.12,177.54953002929688,-198.43431091308594,-16.96112823486328,178.85698101438732,-198.67783728788655,-16.964747203414717,1.3299422057258228,0.43169632092483734,0.06576440285737614,3.582130094882319e-05,20.734282481826366,42.00150372127102,nan,0.1644760070019127,nan
102.13,177.5491485595703,-198.44302368164062,-16.961994171142578,178.85686091378304,-198.6867601828201,-16.965720237502357,1.3302379362122863,0.4317430594981168,0.06578556688555738,3.653931944101803e-05,20.671848023055105,41.83137858303751,nan,nan,nan
102.14,177.5486602783203,-198.45172119140625,-16.962949752807617,178.85668737334916,-198.6956863800742,-16.96791122169689,1.3305932927776734,0.43178988480508224,0.0658067933367834,3.578959136574003e-05,20.904686153566743,42.93650631490396,nan,0.9409516177100452,nan
102.15,177.548095703125,-198.46043395996094,-16.963993072509766,178.87202778575164,-198.70414131458818,-16.969009838528628,1.346185203472692,0.43172240729806594,0.06580126614904444,3.648425287897299e-05,21.79708468769453,42.37836746957548,7.368865585857067,nan,nan
102.16,177.54742431640625,-198.46913146972656,-16.965124130249023,178.87173507008657,-198.71304377293836,-16.967712939387273,1.3465878678735312,0.4317690334543969,0.06582248980073206,3.573741859583506e-05,21.22058170017516,42.65533647777511,nan,4.2190683873320305,nan
102.17,177.5466766357422,-198.47784423828125,-16.966341018676758,178.8713300862833,-198.72195298316615,-16.9689759333858,1.3469605733410688,0.43181574631683683,0.06584377597991194,3.6453410054274984e-05,21.150715794399822,41.77640005275669,nan,nan,nan
102.18,177.54586791992188,-198.48654174804688,-16.96764373779297,178.87086374409915,-198.73085958411053,-16.969300603928996,1.3473336202705875,0.4318625458390902,0.06586512481105716,3.5708481267350615e-05,20.96216254468401,42.4405591031748,nan,0.7123050823142631,nan
102.19,177.54505920410156,-198.49525451660156,-16.96902847290039,178.87035787129983,-198.73976881497774,-16.970726041388243,1.3476671254900707,0.4319094323501561,0.06588653645806943,3.6423980216858636e-05,20.889976690773562,41.628976352762564,nan,nan,nan
102.2,177.5442352294922,-198.5039520263672,-16.97049903869629,178.87783288805866,-198.7609075005692,-16.97236982845636,1.3581282452370596,0.4318419597241911,0.06588092102103087,3.565916045976426e-05,19.74628211790541,42.782540935673204,9.927493562579565,0.02532966773623488,nan
102.21000000000001,177.54342651367188,-198.51266479492188,-16.972049713134766,178.87732099021892,-198.76985570610947,-16.97396439111362,1.358464318762911,0.4318886468655378,0.06590232913730139,3.6373323962655834e-05,19.674850968292077,41.794827724656805,nan,nan,nan
102.22,177.54263305664062,-198.5213623046875,-16.973682403564453,178.8768082093742,-198.77880735223243,-16.97713616864916,1.3587910873899285,0.4319354205910001,0.0659238001305768,3.5632913499738656e-05,19.832926090960523,43.029572148467274,nan,1.5203865344240468,nan
102.23,177.54183959960938,-198.5300750732422,-16.97539710998535,178.87631942717482,-198.78775545537283,-16.9789101434626,1.3591349936331962,0.43198228120619897,0.06594533416224017,3.634668117018347e-05,19.764709343398735,41.68694482940998,nan,nan,nan
102.24000000000001,177.54107666015625,-198.53878784179688,-16.977190017700195,178.8758504228973,-198.7967018493879,-16.980006142775892,1.35946627893963,0.4320292286999235,0.06596693136045702,3.5607972947925154e-05,19.5743341972508,41.72752264749111,nan,0.3926135065344764,nan
102.25,177.54031372070312,-198.5474853515625,-16.979061126708984,178.89128551965877,-198.81457567819342,-16.98194770006906,1.377123951014946,0.4319617605255994,0.06596122432488195,3.629887350255881e-05,19.28573857578849,43.161134911722705,2.946196205457929,nan,nan
102.26,177.53958129882812,-198.5561981201172,-16.98101043701172,178.8908629723785,-198.82354392256534,-16.98382708439675,1.3774773583846078,0.43200850843820604,0.06598281724519624,3.556270377531154e-05,19.206546651443265,42.13402213031506,nan,0.011109421202519666,nan
102.27,177.53884887695312,-198.5648956298828,-16.983036041259766,178.89045422605693,-198.8325122652022,-16.985910993183712,1.3778475781356456,0.4320553431420436,0.06600447342279817,3.6274917089781854e-05,19.137859580832835,42.99536438994932,nan,nan,nan
102.28,177.53814697265625,-198.5736083984375,-16.985137939453125,178.89005517882208,-198.84148218865013,-16.988797059252153,1.3781964861873288,0.4321022646464217,0.06602619298807749,3.5540321293325504e-05,19.214619295646564,42.160374391637546,nan,0.35950147458314724,nan
102.29,177.53744506835938,-198.58230590820312,-16.987316131591797,178.88967519912313,-198.85045043491573,-16.991042208684732,1.3785650863857672,0.432149273226172,0.06604797609915238,3.6252261494220996e-05,19.14798820339937,42.95128543420671,nan,nan,nan
102.3,177.53677368164062,-198.5910186767578,-16.989517211914062,178.8894877592851,-198.84752173851075,-16.993934261588297,1.3768255905792748,0.43208180873261776,0.0660421740733942,3.5497649052244746e-05,20.736325112228972,41.95303518998877,15.345699324042517,0.3073544222894909,nan
102.31,177.53610229492188,-198.59971618652344,-16.991710662841797,178.88915648927755,-198.85644613483726,-16.99624466734265,1.37720240938706,0.43212861750560155,0.06606395214122587,3.6208470698652706e-05,20.6821759070815,42.69250252113664,nan,nan,nan
102.32000000000001,177.5354461669922,-198.60842895507812,-16.993877410888672,178.88883274105802,-198.86537237630432,-16.999471236781144,1.377572659231157,0.4321755129995205,0.06608579381401762,3.547771778427367e-05,20.926240372698565,41.9310931267222,nan,0.5980337385432046,nan
102.33,177.53480529785156,-198.61712646484375,-16.996009826660156,178.88852797621874,-198.8742967776233,-17.001744564908073,1.3779457706758662,0.4322224954713056,0.06610769924793738,3.6188345670081487e-05,20.881144098274934,42.89339367255629,nan,nan,nan
102.34,177.53416442871094,-198.62583923339844,-16.99810218811035,178.88823525812472,-198.88322133974998,-17.004149775051506,1.3783286738100986,0.4322695649571433,0.06612966857624179,3.545897147952073e-05,20.93478556415468,41.847143721200794,nan,0.019168791721911042,nan
102.35000000000001,177.53355407714844,-198.63453674316406,-17.000158309936523,178.92488175652156,-198.89991692956949,-17.006389846434853,1.4164244373680859,0.4322021036202259,0.06612376818957773,3.6147110516432057e-05,21.947294503963093,44.011091312376465,16.846388022055784,nan,nan
102.36,177.53294372558594,-198.64324951171875,-17.002172470092773,178.92467887040772,-198.90884377511537,-17.01001393554179,1.4168727941003327,0.43224897307872157,0.06614573169365841,3.541993812964985e-05,22.54099757376362,43.54180423415398,nan,1.4690361927424032,nan
102.37,177.5323486328125,-198.65194702148438,-17.004146575927734,178.92449674845963,-198.9177676306545,-17.012153658145422,1.4173218002715833,0.432295929417957,0.06616775917058534,3.612939611937341e-05,22.509787521957257,44.495530236238245,nan,nan,nan
102.38,177.53176879882812,-198.66065979003906,-17.00608253479004,178.92431687415348,-198.9266944168973,-17.016015365543698,1.4177669857584936,0.43234297268964583,0.06618985075531252,3.540348207671703e-05,23.454253202870163,44.37321050146192,nan,2.1376121992571133,nan
102.39,177.5312042236328,-198.6693572998047,-17.007980346679688,178.9241586016412,-198.93561795798612,-17.018096442786522,1.4182097773983988,0.43239010312741283,0.06621200660150993,3.611284446753662e-05,23.431710724316293,45.32390882766186,nan,nan,nan
102.4,177.53065490722656,-198.6780548095703,-17.00984001159668,178.91122770880006,-198.94571499199785,-17.019125541258326,1.4063105826106552,0.4323226441798832,0.0662060044548796,3.536674859907386e-05,22.19055528722743,44.48431812822249,5.432441496249501,0.6354508170225103,nan
102.41,177.5301055908203,-198.686767578125,-17.01166343688965,178.91106085569285,-198.95465170421656,-17.021122164619097,1.4067298305365126,0.43236957435812867,0.06622815367861369,3.607516632406948e-05,22.165740736110575,43.26455374272974,nan,nan,nan
102.42,177.52957153320312,-198.69546508789062,-17.01344871520996,178.91091613122325,-198.96358470806547,-17.020941650738244,1.4071450434425383,0.4324165913857973,0.06625036721976489,3.53524627909665e-05,21.20516953326475,43.36415618251646,nan,3.1725240282260194,nan
102.43,177.52903747558594,-198.7041778564453,-17.015199661254883,178.91077128131894,-198.97252101569936,-17.02284644105244,1.4075705432642196,0.43246369548314234,0.0662726452305387,3.606084863148815e-05,21.172590181755943,42.1515864728837,nan,nan,nan
102.44,177.5285186767578,-198.71287536621094,-17.01691436767578,178.9106427031743,-198.9814553198379,-17.023563803315742,1.4079936899298524,0.4325108867219645,0.06629498784804776,3.533922244571445e-05,20.73451310247916,42.750340166837205,nan,0.9206214297509893,nan
102.45,177.52801513671875,-198.72158813476562,-17.018596649169922,178.8799255349094,-198.98193417301624,-17.02528883537977,1.3767667085331021,0.4324434295610913,0.06628888055794373,3.602540407298741e-05,20.137222197825814,40.660217964277024,9.910429264768661,nan,nan
102.46000000000001,177.52752685546875,-198.73028564453125,-17.020244598388672,178.87975766104708,-198.99086172119064,-17.026720674827228,1.3771238081045065,0.4324904203111538,0.06631121573948505,3.5305670998250705e-05,20.013966508217788,41.61291352196366,nan,0.08907670806198488,nan
102.47,177.52703857421875,-198.73899841308594,-17.021860122680664,178.87959795724717,-198.99978992993638,-17.028475021933595,1.3774878789925904,0.4325374980346972,0.06633361559519727,3.601319195896724e-05,19.975636757334627,40.4197079792235,nan,nan,nan
102.48,177.5265655517578,-198.74769592285156,-17.0234432220459,178.8794497266599,-199.00871772574573,-17.02980373328364,1.3778492037918606,0.43258466281496194,0.06635608026344532,3.529442699636663e-05,19.839628635909936,41.33724090351379,nan,0.10770807385412864,nan
102.49000000000001,177.52610778808594,-198.7563934326172,-17.024993896484375,178.87930927215456,-199.01764620392885,-17.031491367344415,1.3782051676478055,0.432631914855023,0.06637860989458684,3.600199237800369e-05,19.798781791233292,41.357663902022054,nan,nan,nan
102.5,177.52565002441406,-198.76510620117188,-17.026514053344727,178.85453312954579,-199.0160554793293,-17.03104469160945,1.3523780440377438,0.43256445870943966,0.06637239406064484,3.5262861793397755e-05,19.162126911224536,38.87329997669533,5.823893633390347,3.392833535074035,nan
102.51,177.5251922607422,-198.7738037109375,-17.028003692626953,178.85437177352165,-199.02496434148225,-17.032652341465827,1.3527089300600879,0.4326115100220908,0.06639491542593766,3.59696183954075e-05,19.114776053400814,39.711839219959685,nan,nan,nan
102.52,177.52476501464844,-198.7825164794922,-17.029464721679688,178.85421791806627,-199.03387381635554,-17.034573437699454,1.3530157545943458,0.432658648305448,0.06641750180581277,3.5253490103616046e-05,19.1892250584553,39.00450305395881,nan,0.08157920675945325,nan
102.53,177.5243377685547,-198.7912139892578,-17.030895233154297,178.85407435665812,-199.04278315984294,-17.036127400691452,1.3533343330112395,0.43270587375288316,0.06644015334956829,3.596034114790211e-05,19.1440236699754,39.912727104424285,nan,nan,nan
102.54,177.52391052246094,-198.7999267578125,-17.032299041748047,178.85393583569638,-199.0516938777274,-17.03853717807837,1.3536590896020089,0.43275318646222133,0.06646287019713518,3.524501795022825e-05,19.4231080184295,39.02471301711021,nan,0.5434230669348403,nan
102.55,177.52349853515625,-198.80862426757812,-17.033674240112305,178.8662021039864,-199.05492552184188,-17.03998698194677,1.365121618139064,0.4326857306644002,0.0664565424313553,3.592987260539433e-05,20.669387094291654,40.22930607604031,11.568875127972706,nan,nan
102.56,177.52308654785156,-198.8173370361328,-17.03502082824707,178.8661188671323,-199.06380697341078,-17.041933765242526,1.3654783152112913,0.43273284240892346,0.06647925016835611,3.521616731010431e-05,20.854368776987283,39.36649119626209,nan,0.15203273273804632,nan
102.57000000000001,177.52268981933594,-198.82603454589844,-17.036340713500977,178.8660455792896,-199.0726878097116,-17.043392023948364,1.3658302425006428,0.43278004122185887,0.06650202326663357,3.592238906773139e-05,20.816691412540894,40.33686345474679,nan,nan,nan
102.58,177.52230834960938,-198.83474731445312,-17.037635803222656,178.86597286371813,-199.08157108744666,-17.046909424287094,1.366177990394195,0.4328273272091958,0.06652486186700482,3.5209392581589634e-05,21.811963893233376,40.38495492573484,nan,3.031617856629282,nan
102.59,177.5219268798828,-198.84344482421875,-17.038904190063477,178.8659155201794,-199.09045217191,-17.04833797967707,1.3665310429866713,0.43287470055204086,0.06654776611745691,3.591576619379941e-05,21.78307144417523,41.24907278437992,nan,nan,nan
102.60000000000001,177.5215606689453,-198.85215759277344,-17.040145874023438,178.85011190060163,-199.08359145465104,-17.048531964118617,1.3485845668945613,0.4328072443208352,0.06654132302425649,3.518221716775164e-05,22.332431297683755,39.37811153628829,10.485494258168062,0.8622297523552717,nan
102.61,177.5211944580078,-198.86085510253906,-17.041364669799805,178.8500586898262,-199.0924290422082,-17.049898871701107,1.3489178880651898,0.4328544164538337,0.06656421730389328,3.58878852326674e-05,22.299136951623332,40.13757327450569,nan,nan,nan
102.62,177.5208282470703,-198.86956787109375,-17.042558670043945,178.85001352541798,-199.10126661766867,-17.050981115648497,1.3492548873102193,0.43290167567262433,0.06658717728019799,3.517701859696323e-05,22.224847825850045,39.078349776024105,nan,0.047654755081979604,nan
102.63,177.52047729492188,-198.87826538085938,-17.04372787475586,178.84997461155987,-199.11010474669143,-17.052298840184786,1.3495873695116707,0.4329490221515173,0.06661020310042687,3.58828768778098e-05,22.192048830641827,40.07838090528217,nan,nan,nan
102.64,177.5201416015625,-198.88697814941406,-17.044876098632812,178.84993984683507,-199.11894377207358,-17.05449373356249,1.349912560919212,0.4329964560067244,0.06663329490648033,3.5172575911268254e-05,22.71278973573401,39.65097010796019,nan,0.5660969615914127,nan
102.65,177.51980590820312,-198.8956756591797,-17.04599952697754,178.8362813035909,-199.12248401016728,-17.055673249458934,1.3359053393282703,0.43292899862151496,0.0666267331012386,3.5856584069078974e-05,22.603902055939017,40.104473218197086,2.091402987666679,nan,nan
102.66,177.51947021484375,-198.90438842773438,-17.047100067138672,178.83624826261521,-199.1313108320587,-17.054238878931947,1.3362070076567387,0.43297623102177835,0.06664981406186765,3.5147661740522493e-05,21.383154542475953,37.86522779556591,nan,5.074843259108921,nan
102.67,177.51914978027344,-198.9130859375,-17.048179626464844,178.83621414501914,-199.14014007534726,-17.05544876767809,1.3365122381821075,0.43302355058665787,0.06667296105669056,3.585306731130866e-05,21.34417009761434,38.81506750083456,nan,nan,nan
102.68,177.51882934570312,-198.9217987060547,-17.049238204956055,178.80456698203085,-199.12217525431387,-17.05495832143166,1.30127043703235,0.42695297623351236,0.06230471351453345,3.514453119864715e-05,28.177213997281303,44.63773009770108,nan,1.9847801000283096,0.16346707749097483
102.69,177.5185089111328,-198.93051147460938,-17.050275802612305,178.80455312367445,-199.13097911819875,-17.05611077793506,1.3015878916443335,0.42700332377370104,0.062319591571417005,3.585016634392067e-05,28.109018877991442,44.52367972722659,nan,nan,nan
102.7,177.51821899414062,-198.939208984375,-17.05129051208496,178.77355849724643,-199.13215959829273,-17.060174971440738,1.2701126489753556,0.42693956866807314,0.06231560236092274,3.512100105305621e-05,28.535295968165244,46.42472255607954,10.048137957047688,5.674126421355834,nan
102.71000000000001,177.51791381835938,-198.9479217529297,-17.05228614807129,178.77350305768815,-199.14096258331725,-17.061317974476,1.270374225967736,0.42698970075823595,0.06233050641338148,3.5826006680511076e-05,28.47726210791393,45.11971799987653,nan,nan,nan
102.72,177.5176239013672,-198.9566192626953,-17.05326271057129,178.7734613422609,-199.14977322129465,-17.062841377739595,1.2706407362184597,0.4270399188947569,0.06234546838751489,3.51192659529048e-05,28.72247466059927,46.412043279608255,nan,0.1119536667588194,nan
102.73,177.517333984375,-198.96533203125,-17.05422019958496,178.77341805362803,-199.15857646971202,-17.063950437423095,1.2708993978896008,0.4270902242181231,0.062360489419401366,3.582453212501193e-05,28.665482130745787,45.33381017083253,nan,nan,nan
102.74000000000001,177.5170440673828,-198.9740447998047,-17.055156707763672,178.77340986222796,-199.16740917120993,-17.066639955332516,1.2712107046278995,0.42714061589009844,0.062375568680385164,3.5118151493610996e-05,29.690905550019615,46.35680100329788,nan,1.792887241665633,nan
102.75,177.5167694091797,-198.9827423095703,-17.056076049804688,178.7650573148787,-199.17549247565137,-17.067694218998,1.2631351091209972,0.42707675014804775,0.06237160235990125,3.5801665841045465e-05,29.229517634986816,47.187945223797065,1.3505332105515095,nan,nan
102.76,177.51651000976562,-198.991455078125,-17.056976318359375,178.7650022350274,-199.1842885857811,-17.06802073123555,1.263344599572826,0.42712692609153524,0.06238670715643386,3.5096460530730166e-05,28.84699765637998,46.01867291868773,nan,0.38865204886358756,nan
102.77,177.5162353515625,-199.0001678466797,-17.057859420776367,178.76496628397769,-199.19309809016934,-17.069066628011836,1.2635967006594684,0.42717718910696495,0.06240187123818397,3.580140193478894e-05,28.79357039779944,45.655366535747106,nan,nan,nan
102.78,177.51588439941406,-199.0088653564453,-17.05883026123047,178.76487711729922,-199.20189981075413,-17.06969847550906,1.263868358636319,0.4272275384099439,0.062417093851613384,3.509648766770664e-05,28.564383961998338,46.70918663761416,nan,0.1425765150369363,nan
102.79,177.51544189453125,-199.017578125,-17.05988883972168,178.76471299480133,-199.21070958049245,-17.070866056400803,1.2641592227075928,0.42727797506055193,0.06243237602156023,3.580171811849627e-05,28.481386140564375,45.40273256311483,nan,nan,nan
102.8,177.51498413085938,-199.0262908935547,-17.06103515625,178.77436065934603,-199.2278756570123,-17.071959358444836,1.2754548190959003,0.42721399804038246,0.062428427934741765,3.5075908146756985e-05,27.799767582913034,45.88659246942843,4.814836692185966,0.016066511003751525,nan
102.81,177.51451110839844,-199.0349884033203,-17.06226921081543,178.77414022287243,-199.23671325291002,-17.073301227777815,1.2757272931041297,0.42726421865644604,0.06244373511725348,3.578056271676593e-05,27.710811203018512,46.66706610670162,nan,nan,nan
102.82000000000001,177.5140380859375,-199.043701171875,-17.06358528137207,178.77394807800647,-199.24558358270158,-17.076668966981995,1.2760489327394637,0.4273145254983676,0.06245910112857101,3.507697379285861e-05,29.103774522620153,47.17916402188682,nan,2.643864579787746,nan
102.83,177.51358032226562,-199.0524139404297,-17.064987182617188,178.77372423371943,-199.25442132951252,-17.078202002211583,1.27630102024369,0.42736491957251005,0.06247452692224666,3.578193830388925e-05,29.01762224217184,47.19989093999008,nan,nan,nan
102.84,177.51312255859375,-199.0611114501953,-17.066471099853516,178.77346703740517,-199.26322122556914,-17.07752650077104,1.276494727157748,0.4274154001747053,0.06249001185037709,3.507853738885132e-05,27.5333682776387,46.61337931598524,nan,3.6957685754245784,nan
102.85000000000001,177.51266479492188,-199.06982421875,-17.068038940429688,178.78895631907474,-199.29003675229538,-17.078963463784618,1.2951961086126904,0.42735131307522345,0.0624860790733833,3.576181166971522e-05,25.628150663854328,46.00305182270807,29.03029007074713,nan,nan
102.86,177.51222229003906,-199.0785369873047,-17.069686889648438,178.78874613974767,-199.29891141995626,-17.079003634616218,1.295440014504024,0.4274015773635397,0.06250158850429959,3.505941753746156e-05,24.680896961836144,45.173736855160975,nan,2.072282957452783,nan
102.87,177.51177978515625,-199.0872344970703,-17.071414947509766,178.78857346625387,-199.30781381456498,-17.08082463199809,1.2957414408590096,0.42745192876840327,0.06251715794119604,3.576414563162565e-05,24.593546297761684,46.012724417401955,nan,nan,nan
102.88,177.5113525390625,-199.095947265625,-17.07322120666504,178.7884088768047,-199.3167157183615,-17.082691427026337,1.2960329025780584,0.4275023666386218,0.06253278680334741,3.506188332411711e-05,24.590642673535633,45.091182238244286,nan,0.0008597815547108775,nan
102.89,177.5109405517578,-199.1046600341797,-17.07510757446289,178.78825340786238,-199.32561819111146,-17.084672562659403,1.2963186832272011,0.4275528919013709,0.06254847594465963,3.576693950853841e-05,24.505496535050014,45.05301837898335,nan,nan,nan
102.9,177.51052856445312,-199.1133575439453,-17.077070236206055,178.81233049644567,-199.3452859123793,-17.084747614468284,1.3223229485874275,0.42748869420631475,0.06254455390190254,3.5043636891244614e-05,23.474686562126596,45.80742290554153,6.362809460805421,2.953453196391457,nan
102.91,177.51011657714844,-199.1220703125,-17.079111099243164,178.81223184308118,-199.35421102482758,-17.086866567149208,1.3226691284586218,0.4275390028488058,0.06256026697817861,3.574815320146065e-05,23.39198560045934,44.5426987271291,nan,nan,nan
102.92,177.5097198486328,-199.1307830810547,-17.081226348876953,178.81212572568765,-199.36312125657372,-17.088086116860286,1.3229849405066103,0.4275893978928944,0.06257603976489916,3.50469141409312e-05,22.96880308734678,44.21855001479664,nan,0.6718282597695563,nan
102.93,177.50933837890625,-199.1394805908203,-17.083417892456055,178.8120432420427,-199.37204593151253,-17.090349094835158,1.323319553130338,0.4276398802140061,0.06259187305306661,3.575177332979173e-05,22.88438447296606,45.22231128204926,nan,nan,nan
102.94,177.5089569091797,-199.148193359375,-17.08563232421875,178.81198950138707,-199.38099002955124,-17.09399736155825,1.323691127057041,0.4276904492383082,0.06260776635531858,3.505058147879146e-05,23.45448837130157,44.65176366135186,nan,1.2546427400574587,nan
102.95,177.5085906982422,-199.1569061279297,-17.08783721923828,178.83048635575688,-199.40212226211924,-17.09640527972445,1.3444748021006379,0.42762614200719795,0.06260385186577498,3.5733785185199945e-05,22.852283573549382,45.5428539225919,8.310894690729793,nan,nan
102.96000000000001,177.5082244873047,-199.1656036376953,-17.09001350402832,178.83047558685226,-199.4110997986119,-17.100008098620425,1.34488520967427,0.4276764941306075,0.0626197685445746,3.5033463523558554e-05,23.565404355628946,47.27703398588173,nan,1.1621903484544183,nan
102.97,177.50787353515625,-199.17431640625,-17.0921573638916,178.83045235805153,-199.4200588505329,-17.10230980723828,1.3452535685881357,0.42772693341564544,0.06263574594501424,3.5738143868056996e-05,23.516338532336707,46.154092984911,nan,nan,nan
102.98,177.5075225830078,-199.1830291748047,-17.094261169433594,178.83043805370122,-199.42901944623537,-17.10468664015985,1.3456319135180888,0.4277774593385661,0.06265178363825111,3.503782500223477e-05,23.65326499669179,46.221908162442155,nan,0.008637463454268931,nan
102.99000000000001,177.50717163085938,-199.1917266845703,-17.09632682800293,178.83042910876108,-199.43797835178745,-17.106915750485868,1.3460172219215298,0.42782807269987216,0.06266788232836051,3.5742858381431484e-05,23.605818058881983,47.10708851444695,nan,nan,nan
103.0,177.5068359375,-199.200439453125,-17.098350524902344,178.83076128987875,-199.4490597785087,-17.107679296672504,1.347099636570303,0.4277636555379909,0.06266397088748424,3.502137587252457e-05,22.64571379787401,45.52432342825375,0.6468471463062623,1.3421789255327907,nan
103.01,177.5065155029297,-199.20913696289062,-17.1003360748291,178.83076570565137,-199.4580273809646,-17.109815718132445,1.3474698153408213,0.42781405169227565,0.06268009234293405,3.572589183544879e-05,22.59361426075383,46.59481361862564,nan,nan,nan
103.02,177.50619506835938,-199.2178497314453,-17.10228157043457,178.83076485886002,-199.46698411107775,-17.111097544976015,1.3478244657331613,0.4278645344177807,0.06269627436425194,3.502635373715571e-05,22.21739837985583,45.04892416832518,nan,0.4694672565575246,nan
103.03,177.50587463378906,-199.2265625,-17.10418701171875,178.8307823993527,-199.47595169180283,-17.113149321767004,1.3482046874418963,0.4279151044669129,0.06271251760140645,3.5731232891643586e-05,22.16735229504011,44.93067653295336,nan,nan,nan
103.04,177.5055694580078,-199.23526000976562,-17.106056213378906,178.8307840546627,-199.484898940778,-17.11361267085573,1.3485438157930882,0.42796576138787645,0.06272882170597578,3.5031629571045684e-05,21.46814765122243,45.35105240594971,nan,1.6961469741561777,nan
103.05,177.50526428222656,-199.2439727783203,-17.107887268066406,178.83638614947702,-199.49284803571453,-17.11555639462241,1.3542094131697358,0.4279012352232425,0.06272490990755403,3.571486905199377e-05,21.879643015273206,44.151784664947925,1.3390893023803425,nan,nan
103.06,177.5049591064453,-199.25267028808594,-17.109682083129883,178.83644401401745,-199.50181492058402,-17.118268702506597,1.3546212891532814,0.4279516746549892,0.06274123617171667,3.5016027881713483e-05,22.25878887150885,45.50757555027718,nan,0.4356156503749764,nan
103.07000000000001,177.50466918945312,-199.26138305664062,-17.11144256591797,178.8364967902373,-199.51077173782718,-17.120167717406602,1.3550039117224042,0.42800220129596894,0.06275762386860674,3.572076244691825e-05,22.206563243258667,44.41461358731568,nan,nan,nan
103.08,177.50437927246094,-199.27008056640625,-17.11316680908203,178.83655524816263,-199.5197284228535,-17.122019618710627,1.3553948703989422,0.4280528147402117,0.06277407269951941,3.50218220716684e-05,22.234022467464634,45.466602508212986,nan,0.00011095425042485815,nan
103.09,177.5041046142578,-199.27879333496094,-17.114856719970703,178.83661965719543,-199.52868535376504,-17.123850073339817,1.3557740376337963,0.42810351567153737,0.06279058324047723,3.572692402258277e-05,22.182702173986044,44.414182347034235,nan,nan,nan
103.10000000000001,177.5038299560547,-199.28749084472656,-17.116512298583984,178.8515364845385,-199.54585104512128,-17.12534495297789,1.3722758089573566,0.4280388802228157,0.06278666664006513,3.500671809491584e-05,21.853559028349196,46.035243942374215,4.268963439575668,0.14417158552251572,nan
103.11,177.50355529785156,-199.29620361328125,-17.118135452270508,178.8516361664318,-199.55482884164576,-17.12710843870225,1.3726942672948528,0.42808936335946085,0.0628031986873782,3.5711315031678516e-05,21.803630488659856,44.81079951022656,nan,nan,nan
103.12,177.5032958984375,-199.30491638183594,-17.119726181030273,178.85173874533797,-199.56380419137938,-17.12863339555696,1.3730988120881409,0.4281399332292671,0.06281979212974544,3.5012965641382376e-05,21.738913257586024,44.79830686818359,nan,0.030184110742054477,nan
103.13,177.50303649902344,-199.31361389160156,-17.12128448486328,178.8518494594505,-199.57278193351232,-17.13033217748889,1.3735160490164409,0.42819059047269276,0.06283644749778507,3.5717936737436375e-05,21.687420252301504,45.78955286356291,nan,nan,nan
103.14,177.50279235839844,-199.32232666015625,-17.122812271118164,178.8519567225951,-199.58175220316303,-17.131338773696594,1.373906399733542,0.42824133474867426,0.06285316456036673,3.501943463429324e-05,21.39591347796568,44.46294519546971,nan,0.3089950787931593,nan
103.15,177.50253295898438,-199.33102416992188,-17.124309539794922,178.79928422916393,-199.57545328943976,-17.132809059346677,1.3196142212833235,0.42817659082360154,0.06284923955885917,3.570276920366874e-05,20.443797911450694,43.77761638172772,25.80237214152868,nan,nan
103.16,177.50228881835938,-199.33973693847656,-17.125778198242188,178.7993175770094,-199.58441544082433,-17.134259923966535,1.3199329944916174,0.4282271170210281,0.06286597747617562,3.5004946006890064e-05,20.400539240466905,42.742586122597,nan,0.015663950709790653,nan
103.17,177.50205993652344,-199.3484344482422,-17.127216339111328,178.7993578830508,-199.59337930020874,-17.135829825517757,1.3202477550509493,0.4282777304791187,0.06288277753265822,3.570978975767641e-05,20.34605528714914,43.91298152595613,nan,nan,nan
103.18,177.50181579589844,-199.35714721679688,-17.128625869750977,178.79939177205895,-199.60233342731522,-17.13646842898136,1.3205609404614929,0.42832843089756123,0.06289963953838998,3.501178884621484e-05,19.951364775054685,42.1347522735553,nan,0.575808532794883,nan
103.19,177.5015869140625,-199.36585998535156,-17.130006790161133,178.79944155237717,-199.61129723322873,-17.137973927541942,1.3208821219618638,0.4283792188557937,0.06291656396261847,3.571700668427671e-05,19.8978659427938,42.21011946209437,nan,nan,nan
103.2,177.50137329101562,-199.3745574951172,-17.13136100769043,178.7946888407102,-199.62154518200532,-17.13872313918738,1.3167088628608425,0.42831436627548736,0.06291262616474161,3.499765864161769e-05,19.23300393383757,43.19981798789147,1.4015865347340242,0.4575984522083115,nan
103.21000000000001,177.5011444091797,-199.38327026367188,-17.132688522338867,178.79473827655508,-199.6305191846513,-17.140168668118488,1.3170319188302135,0.4283649358506455,0.06292957074972014,3.570237671200786e-05,19.17868864478732,41.75058300330454,nan,nan,nan
103.22,177.5009307861328,-199.3919677734375,-17.133989334106445,178.79480141788244,-199.63950124367682,-17.142379716785868,1.3173626794145967,0.4284155923123356,0.06294657753321557,3.500482227471955e-05,19.547802510699405,43.34684692790734,nan,0.4420441281145623,nan
103.23,177.50071716308594,-199.4006805419922,-17.135263442993164,178.79485966952373,-199.64847529060924,-17.14378210666865,1.3176796393820844,0.4284663362019381,0.06296364694730014,3.5709918847700204e-05,19.496399609966968,42.106982951861134,nan,nan,nan
103.24000000000001,177.50051879882812,-199.40939331054688,-17.136512756347656,178.794916721214,-199.65744457542667,-17.144678039105518,1.317976510916591,0.4285171672761367,0.06298077885745244,3.5012145520672e-05,19.295887691623307,42.034426744421445,nan,0.16391972902609436,nan
103.25,177.50030517578125,-199.4180908203125,-17.137737274169922,178.77310726049978,-199.65351786281028,-17.14605089796973,1.294418848574055,0.4284522067413067,0.06297682450266164,3.569560088284684e-05,19.717108554558408,41.957012517418775,7.922268300214853,nan,nan
103.26,177.50010681152344,-199.4268035888672,-17.13893699645996,178.77312753941226,-199.66244524755228,-17.145986538646298,1.294665385722304,0.4285028191468776,0.06299397587764133,3.49984441667538e-05,19.128914336294837,40.463094629348234,nan,1.3649330349390496,nan
103.27,177.4999237060547,-199.43551635742188,-17.140111923217773,178.77316740740585,-199.67138603479862,-17.147275405931417,1.2949267713738895,0.42855351886904847,0.06301119009305357,3.570341879828789e-05,19.07410864047702,40.59961770530459,nan,nan,nan
103.28,177.49972534179688,-199.4442138671875,-17.141263961791992,178.77320803829735,-199.68032455547015,-17.14826700845054,1.2952048015931465,0.4286043056998262,0.06302846704770361,3.500602571219012e-05,18.965152394297206,41.25006946621353,nan,0.053260922492480434,nan
103.29,177.49954223632812,-199.4529266357422,-17.142393112182617,178.773255475875,-199.68926578400925,-17.14950840280113,1.2954737500085411,0.42865518012767867,0.06304580712398167,3.571137588074835e-05,18.910723277801935,40.29455844103579,nan,nan,nan
103.3,177.49935913085938,-199.4616241455078,-17.14350128173828,178.75989129229706,-199.6868462950893,-17.150215020639607,1.2805121713482057,0.42859011154947235,0.06304183185617315,3.499257250887704e-05,19.413121892816378,40.45302466418608,6.988690219723488,0.15597870867071997,nan
103.31,177.49917602539062,-199.4703369140625,-17.14458465576172,178.7599261151444,-199.6957532519984,-17.151407454800164,1.2807614394606424,0.42864076700529036,0.06305919066378739,3.569742333611314e-05,19.358636684359347,39.3470024977411,nan,nan,nan
103.32000000000001,177.49899291992188,-199.4790496826172,-17.145648956298828,178.75996445058624,-199.70466023625983,-17.152578994486692,1.2810141874664196,0.428691509647761,0.06307661255274725,3.641658558078958e-05,19.30345667763958,39.176392095973625,nan,nan,nan
103.33,177.4988250732422,-199.4877471923828,-17.146690368652344,178.76000637472242,-199.71356722860122,-17.153730163075654,1.281258179551095,0.42874233962138447,0.06309409766755299,3.7150203743106345e-05,19.24669975343512,40.346941440852866,nan,nan,nan
103.34,177.4986572265625,-199.4964599609375,-17.1477108001709,178.76005090459483,-199.72247353790254,-17.154780333009903,1.281501512385778,0.42879325691069026,0.06311164604730296,3.636703003129796e-05,19.21726093586887,39.21382248825726,nan,0.0042925844296633105,nan
103.35000000000001,177.4984893798828,-199.5051727294922,-17.148712158203125,178.7569631608725,-199.71984399135354,-17.15583363590175,1.2766717368032423,0.42872808089683284,0.06310764597421363,3.707560164542131e-05,20.395101273723448,38.62541649613426,11.936180268039008,nan,nan
103.36,177.4983367919922,-199.51388549804688,-17.14969253540039,178.757022617383,-199.72871325025102,-17.157770688064886,1.276912771769203,0.428778778927992,0.06312521234744856,3.629621370788151e-05,20.755497280449525,39.183290062141346,nan,0.46967805583678635,nan
103.37,177.4981689453125,-199.5225830078125,-17.150653839111328,178.75707695275952,-199.73757585998766,-17.158851061252786,1.2771603235895912,0.42882956434738156,0.0631428422636401,3.702631639591326e-05,20.702146356715737,39.820692977092655,nan,nan,nan
103.38,177.49801635742188,-199.5312957763672,-17.151596069335938,178.75713465668193,-199.74643841700745,-17.159913060051036,1.2773936040577893,0.42888043714799373,0.06316053576945725,3.777097220754163e-05,20.65002965855182,38.932610768317964,nan,nan,nan
103.39,177.49786376953125,-199.54000854492188,-17.15251922607422,178.75719568147355,-199.755300909688,-17.160956909526774,1.2776301739020095,0.4289313974743287,0.06317829300940021,3.8530325642966625e-05,20.598173646022953,38.826818738212644,nan,nan,nan
103.4,177.49771118164062,-199.5487060546875,-17.153425216674805,178.77751027154133,-199.7708785716063,-17.16111625007444,1.2989632365003483,0.4288661139924873,0.06317426379244952,3.7635536264189035e-05,20.505526667242723,39.80334066646174,3.537308193555318,0.4704605191730132,nan
103.41,177.49755859375,-199.5574188232422,-17.154312133789062,178.77761162685707,-199.7797501909342,-17.162116709143945,1.2992412847592532,0.4289168547574433,0.06319203825335376,3.8390886113944465e-05,20.45326873432862,38.751758957181586,nan,nan,nan
103.42,177.49742126464844,-199.56613159179688,-17.155179977416992,178.77769751901565,-199.7886076165395,-17.161098173508517,1.2994760075225678,0.4289676826702006,0.0632098764343701,3.752809157960497e-05,19.732427556798775,38.21298613878256,nan,2.454754449333883,nan
103.43,177.49729919433594,-199.57484436035156,-17.156139373779297,178.77781157045942,-199.7974795856468,-17.16209876823476,1.2997360898774601,0.4290185981522391,0.06322777864991169,3.828057586634931e-05,19.659310721807667,38.09653394966088,nan,nan,nan
103.44,177.49717712402344,-199.5835418701172,-17.157184600830078,178.77792645562968,-199.80634239249977,-17.161850204667918,1.2999925734568514,0.42906960107914704,0.06324574488093114,3.742411462223836e-05,19.244775131818944,38.588399175096974,nan,1.1040090922731733,nan
103.45,177.49705505371094,-199.59225463867188,-17.1583194732666,178.78326166365076,-199.8156170047507,-17.16307266451381,1.3054657340812346,0.42900421069980255,0.06324168255029146,3.814903250451232e-05,19.439126297996367,37.537424543969614,0.5227970318125786,nan,nan
103.46000000000001,177.4969482421875,-199.60096740722656,-17.15953826904297,178.78340204626278,-199.824479996411,-17.163373862762082,1.3057319707056496,0.4290549937782817,0.06325966522378826,3.7299843562191524e-05,19.17512638274801,37.459641569256824,nan,0.5631343628101868,nan
103.47,177.49684143066406,-199.60968017578125,-17.160842895507812,178.7835545076206,-199.8333494640367,-17.164705237499724,1.306014322511565,0.42910586431477044,0.06327771213108944,3.8046097793232904e-05,19.107059910189516,37.34219955807747,nan,nan,nan
103.48,177.4967498779297,-199.61839294433594,-17.162233352661133,178.78369810933475,-199.84220992149224,-17.164727297075466,1.3062679699582112,0.4291568222156691,0.06329582327737153,3.720288141690317e-05,18.81607116679008,37.1907689179059,nan,1.2132030988554996,nan
103.49000000000001,177.49664306640625,-199.62709045410156,-17.16370391845703,178.78385596526186,-199.8510794283713,-17.16621532012078,1.306558232423261,0.4292078678562731,0.06331399894085496,3.7946718157087196e-05,18.748387997638527,37.941319059402545,nan,nan,nan
103.5,177.49655151367188,-199.63580322265625,-17.165258407592773,178.7782330655012,-199.86015708846787,-17.169044855334594,1.3011750822202128,0.4291423705985561,0.06330989917403454,3.7085920165250095e-05,18.63641296892816,37.22474898856696,0.7798738745994642,0.9204395204608274,nan
103.51,177.49644470214844,-199.64451599121094,-17.166894912719727,178.77838461969222,-199.8690324244192,-17.170712395052544,1.3014577035555472,0.429193196088212,0.06332809047011721,3.7826539585129765e-05,18.570849521344698,36.90200016817933,nan,nan,nan
103.52,177.49635314941406,-199.65322875976562,-17.168611526489258,178.77854691165624,-199.87791406576366,-17.17354664823279,1.3017406370282802,0.42924410885984776,0.06334634622351666,3.699580973258176e-05,18.779333186537723,37.28070580891299,nan,0.7421570553871495,nan
103.53,177.4962615966797,-199.6619415283203,-17.170406341552734,178.77870247377476,-199.88678911465357,-17.1753876408968,1.3020122325337107,0.429295109261614,0.06336466669183113,3.773429246884094e-05,18.714374885334852,37.208805014746105,nan,nan,nan
103.54,177.4961700439453,-199.67063903808594,-17.17228126525879,178.77886346329183,-199.8956665904409,-17.17774757064454,1.3022940097567401,0.4293461972406271,0.0633830519110863,3.690899816105308e-05,18.8008070652725,38.21466898088548,nan,0.12200603527786907,nan
103.55,177.49607849121094,-199.67935180664062,-17.174232482910156,178.7766361892444,-199.91047635641087,-17.179639007253535,1.3012593154343868,0.4292805935943266,0.06337891064879597,3.762148844061046e-05,17.968797673882303,37.29337103549116,4.776671968312352,nan,nan
103.56,177.49598693847656,-199.6880645751953,-17.17626190185547,178.7767996424364,-199.91938327272223,-17.18290454526206,1.3015504781459266,0.4293314611335562,0.06339731068253965,3.6802500369012796e-05,18.32776400358555,37.59153685704504,nan,0.8947247874152896,nan
103.57000000000001,177.49591064453125,-199.69677734375,-17.17836570739746,178.77695585523827,-199.92828376183704,-17.185074317863204,1.3018129892366512,0.4293824161941564,0.06341577562647095,3.753616186739026e-05,18.264397858772607,37.75308728781086,nan,nan,nan
103.58,177.49581909179688,-199.70547485351562,-17.180545806884766,178.77711839632852,-199.9371875865488,-17.187939478350916,1.3021034386026018,0.42943345874710037,0.06343430553408286,3.6722260904245737e-05,18.490064519932236,38.70174745740933,nan,0.24524366850219903,nan
103.59,177.49574279785156,-199.7141876220703,-17.182750701904297,178.77727818037044,-199.9460879376265,-17.190242688241817,1.302369695156545,0.4294845891047684,0.0634529006368498,3.745415889606397e-05,18.437402785002792,37.79079438623754,nan,nan,nan
103.60000000000001,177.49566650390625,-199.722900390625,-17.184946060180664,178.7458614389223,-199.94392708930184,-17.192327751473584,1.269604137687855,0.42941887915427013,0.06344871358465813,3.6622507600335526e-05,18.14528365946326,37.05030891212162,8.729652417283459,0.049924592086742506,nan
103.61,177.49557495117188,-199.7316131591797,-17.187114715576172,178.74597110280612,-199.95281013607678,-17.19462072654748,1.2698326577982044,0.4294697887713921,0.06346732265659731,3.735184064134027e-05,18.1043012120295,36.73675244676463,nan,nan,nan
103.62,177.49549865722656,-199.7403106689453,-17.189247131347656,178.74607411837135,-199.96168742559124,-17.195714391832944,1.2700348333249607,0.4295207857942661,0.06348599690014727,3.654861390666672e-05,17.67686333398113,37.505653140604906,nan,0.8843447177299145,nan
103.63,177.49542236328125,-199.7490234375,-17.191343307495117,178.74618676618385,-199.97056999491025,-17.197930681816263,1.2702511020145142,0.42957187051438384,0.06350473653209616,3.7276415926136835e-05,17.635156628381946,36.35183267294516,nan,nan,nan
103.64,177.49534606933594,-199.7577362060547,-17.19339942932129,178.74629753979428,-199.9794500789247,-17.199600349224237,1.2704625434354877,0.42962304293406106,0.06352354162793128,3.647776495203094e-05,17.464089273817784,36.1555695816062,nan,0.1679597172716491,nan
103.65,177.4952850341797,-199.7664337158203,-17.195417404174805,178.77726979411815,-200.00267229653153,-17.201705995025662,1.3035847260940996,0.4295572271065518,0.06351930466348717,3.7180807305874386e-05,17.322786388390533,37.997716831632296,10.002147450960267,nan,nan
103.66,177.49520874023438,-199.775146484375,-17.1973934173584,178.7818674159208,-200.00302773789647,-17.20091103779839,1.3066877159747172,0.4293568686193199,0.0626112273331901,3.638744614868511e-05,23.33188265150009,42.76377680224518,nan,5.460842152015826,0.07875803363028377
103.67,177.49513244628906,-199.7838592529297,-17.199331283569336,178.78204291749427,-200.0119227418235,-17.202939900265495,1.3069676881922045,0.42940717321327104,0.0626264056064456,3.711158608381545e-05,23.25490369059987,42.6463700359725,nan,nan,nan
103.68,177.4950714111328,-199.7925567626953,-17.201229095458984,178.78222071539977,-200.02082349820301,-17.205391720891697,1.307239978529099,0.4294575644018366,0.06264164192745375,3.6322592278444614e-05,23.290418813701642,43.915195557626284,nan,0.1389551913987448,nan
103.69,177.49501037597656,-199.80126953125,-17.20309066772461,178.78239917127976,-200.0297182701779,-17.207350079615047,1.3075078887638238,0.42950804233879564,0.06265693694749465,3.704550646746159e-05,23.215214849648262,42.777976607243694,nan,nan,nan
103.7,177.49493408203125,-199.8099822998047,-17.20491600036621,178.7623642433625,-200.03242511167372,-17.20926412221557,1.2868095914190145,0.429442918529351,0.06265275339581468,3.623846115971954e-05,22.878792219349577,42.11494317207297,3.8040260832804145,0.0037189066531733285,nan
103.71000000000001,177.494873046875,-199.8186798095703,-17.206703186035156,178.7625107925855,-200.04131348714992,-17.211150893586066,1.2870473926180988,0.4294931790078789,0.06266807227502216,3.695934250581555e-05,22.802712838595887,43.292101704053856,nan,nan,nan
103.72,177.49481201171875,-199.827392578125,-17.20845603942871,178.76266003847738,-200.05021287076826,-17.213912940984308,1.2872906740685897,0.429543525995243,0.06268344949638183,3.617933536041676e-05,23.003640584774896,42.4342084040573,nan,0.5467514209448455,nan
103.73,177.4947509765625,-199.8361053466797,-17.210172653198242,178.76280930696552,-200.05910119739877,-17.215739324513088,1.2875286663107572,0.4295939596425936,0.06269888565752163,3.689918012271531e-05,22.93388020149715,42.37742970604144,nan,nan,nan
103.74000000000001,177.49468994140625,-199.8448028564453,-17.211856842041016,178.76296149400793,-200.06800529736847,-17.218855275439378,1.2877814406345323,0.42964448008835465,0.06271438046205455,3.612294951244785e-05,23.361603013987178,43.7564780399662,nan,1.1592991464420799,nan
103.75,177.49462890625,-199.853515625,-17.213504791259766,178.7620934418147,-200.0679931116334,-17.220667270701465,1.2855031086304576,0.42957926070567015,0.06271021383499241,3.681898418219721e-05,24.616849136868144,42.434915812489024,11.705777070199346,nan,nan
103.76,177.49456787109375,-199.8622283935547,-17.21512222290039,178.76224971745432,-200.07684545353925,-17.22272176754696,1.285743169963351,0.42962956343555114,0.06272573202427986,3.6047325704652236e-05,24.741152221963215,42.500150119922786,nan,0.0651902145574323,nan
103.77,177.4945068359375,-199.8709259033203,-17.216707229614258,178.76240676903186,-200.0856941623597,-17.22443469053721,1.2859841986135718,0.42967995273675,0.06274130939240705,3.676445188875388e-05,24.676779274725156,43.39085604439867,nan,nan,nan
103.78,177.4944610595703,-199.879638671875,-17.218259811401367,178.7625656934104,-200.09455012152853,-17.226747424604273,1.2862147305705944,0.42973042874962003,0.06275694569125932,3.599627306074047e-05,24.96912290375746,42.966225737076556,nan,0.26525426206717995,nan
103.79,177.49440002441406,-199.8883514404297,-17.21977996826172,178.7627250468949,-200.10339918763097,-17.228405242834878,1.2864557091438578,0.4297809916223624,0.0627726414467498,3.671260733238689e-05,24.910767000501217,42.6946225357169,nan,nan,nan
103.8,177.4943389892578,-199.8970489501953,-17.221271514892578,178.7819833563041,-200.125247618852,-17.231696029237963,1.3077504803524431,0.4297156768574423,0.06276848763008716,3.592599952863047e-05,25.109873658529413,45.16991268606112,9.719031906434937,1.9688084914936608,nan
103.81,177.49429321289062,-199.90576171875,-17.222734451293945,178.7821733996108,-200.13413502797692,-17.233310888180434,1.3080143748181279,0.42976602175511686,0.06278420624745126,3.664072680318076e-05,25.05399044800368,44.2734690101188,nan,nan,nan
103.82000000000001,177.49424743652344,-199.9144744873047,-17.224166870117188,178.78236512828394,-200.14302922217345,-17.235531587826134,1.3082865173447085,0.4298164532769571,0.06279998407699447,3.5880001114545626e-05,25.517189484182712,44.75033625249264,nan,0.269955676719062,nan
103.83,177.4941864013672,-199.9231719970703,-17.225570678710938,178.78255743123296,-200.15191686855624,-17.237096625173535,1.3085705843669124,0.42986697156980896,0.06281582160137582,3.6594087596090296e-05,25.463284719132464,45.482927068530834,nan,nan,nan
103.84,177.494140625,-199.931884765625,-17.226945877075195,178.78275016514593,-200.16079495917361,-17.237696067983663,1.3088277160383373,0.4299175767761072,0.06283171863678323,3.58364133862859e-05,24.97496253757187,44.19049103518676,nan,0.592471713380663,nan
103.85000000000001,177.4940948486328,-199.9405975341797,-17.228294372558594,178.78914151897754,-200.1754192581644,-17.239124276315987,1.3162083449217004,0.42985216682387944,0.06282757424787502,3.6527406458397556e-05,24.466418209724406,44.36049741630717,2.524225720496959,nan,nan
103.86,177.49404907226562,-199.9492950439453,-17.229616165161133,178.78934415011273,-200.1843116287424,-17.239119637296692,1.316477287995217,0.42990255379577913,0.06284349362127059,3.5773562734479137e-05,23.695741232009787,44.594957755829206,nan,1.4765264240548626,nan
103.87,177.49400329589844,-199.9580078125,-17.230911254882812,178.7895486071933,-200.19321899599797,-17.240553369159173,1.3167592508990873,0.4299530274494712,0.06285947292572869,3.648567782931413e-05,23.637316367562605,43.50903072547192,nan,nan,nan
103.88,177.49395751953125,-199.9667205810547,-17.232181549072266,178.78975373339114,-200.20212180260734,-17.24148186088968,1.3170376071935075,0.4300035879282895,0.06287551201604147,3.5734620733236134e-05,23.42814710588883,43.261636075080375,nan,0.15601570262631204,nan
103.89,177.49391174316406,-199.9754180908203,-17.23342514038086,178.78996005673662,-200.21102931682518,-17.24286109612644,1.3173241507672333,0.4300542353777028,0.06289161131746633,3.644628703556468e-05,23.36733796874178,44.2294208389468,nan,nan,nan
103.9,177.49386596679688,-199.984130859375,-17.234643936157227,178.81332187782996,-200.23046563820844,-17.244382771026913,1.3422889291533688,0.4299887304240319,0.06288747225867156,3.56763883028171e-05,23.41468643600504,44.03034400270706,5.682178599374247,0.013396636049664968,nan
103.91,177.4938201904297,-199.9928436279297,-17.23583984375,178.81356726395262,-200.23939592281755,-17.24571618431008,1.3426160710678525,0.43003915937850984,0.06290359333138196,3.638678163771091e-05,23.35664900852241,43.9182985918872,nan,nan,nan
103.92,177.4937744140625,-200.00155639648438,-17.237010955810547,178.81381368869447,-200.24832388739037,-17.24676836633198,1.3429419526543254,0.4300896750691107,0.06291977445919245,3.5641811849705273e-05,23.2672923367761,43.82960722207194,nan,0.04532756414540146,nan
103.93,177.4937286376953,-200.01025390625,-17.238157272338867,178.8140612127521,-200.25725418460797,-17.248053464977723,1.343274052788101,0.4301402776407693,0.06293601603307054,3.635187471918045e-05,23.208599122731258,44.79661590550396,nan,nan,nan
103.94,177.4936981201172,-200.0189666748047,-17.239282608032227,178.81430917258368,-200.26617216693458,-17.24793326451178,1.3435769204230024,0.4301909672376445,0.06295231795883195,3.5609311836052766e-05,22.536093331857032,43.229173952476096,nan,1.3042022527181518,nan
103.95,177.49365234375,-200.02767944335938,-17.240385055541992,178.7717406544683,-200.25308291379568,-17.24904745863854,1.2978410887727612,0.43012536746682184,0.06294818066513598,3.629680939122692e-05,23.03260009462125,41.64717991909268,24.23640901826738,nan,nan
103.96000000000001,177.49362182617188,-200.036376953125,-17.241466522216797,178.77192259440687,-200.26195107820783,-17.24912792851696,1.298073663981967,0.4301758383077315,0.06296450379045836,3.555742509434033e-05,22.534528796057664,42.36814884796951,nan,0.8633340385665649,nan
103.97,177.4935760498047,-200.0450897216797,-17.242525100708008,178.7721056001043,-200.27082913565573,-17.250300335156187,1.298328366894265,0.4302263959397335,0.06298088759456541,3.6266097296385095e-05,22.47249858611131,41.094667110015145,nan,nan,nan
103.98,177.49354553222656,-200.05380249023438,-17.243562698364258,178.7722892928369,-200.2796918506032,-17.24958022205571,1.298556051550741,0.4302770405072413,0.06299733201359074,3.5528888258543965e-05,21.745963409623805,40.587752968764335,nan,2.4004041148135355,nan
103.99000000000001,177.49349975585938,-200.06251525878906,-17.244579315185547,178.7724742174605,-200.28857031396277,-17.25069390224919,1.2988125151739431,0.43032777215479845,0.06301383739338136,3.623737696316e-05,21.68098163242086,40.29944381877672,nan,nan,nan
104.0,177.49346923828125,-200.0712127685547,-17.245576858520508,178.77395630275845,-200.29669817854347,-17.250783275407304,1.3001991767371806,0.43026207774625014,0.063009697771933,3.548090868932582e-05,21.544275221718266,41.14803472612161,0.5835433423040329,0.5691408448744452,nan
104.01,177.49343872070312,-200.07992553710938,-17.246553421020508,178.77414557504434,-200.30557243521974,-17.251847517524343,1.300443999886655,0.43031259037595543,0.06302622374168645,3.618838041727793e-05,21.477130555037046,40.07797465739347,nan,nan,nan
104.02,177.49339294433594,-200.08863830566406,-17.24751091003418,178.77433549096114,-200.31446296967914,-17.255013434892632,1.3007178304733977,0.4303631898508334,0.06304281058408702,3.545606483148369e-05,22.213750895927905,40.56619768085208,nan,3.0918648838402047,nan
104.03,177.4933624267578,-200.09735107421875,-17.248449325561523,178.77452623585484,-200.32333701597332,-17.256061649908002,1.3009643727222708,0.4304138763153874,0.06305945861832554,3.6163443651975406e-05,22.151639081458733,40.71190654562015,nan,nan,nan
104.04,177.4933319091797,-200.10606384277344,-17.24936866760254,178.77471778755788,-200.33220407020275,-17.256143542245926,1.3012052377297192,0.43046464991409755,0.06307616782023832,3.543297279088146e-05,21.768011646360954,40.330445468954,nan,0.6193344811955576,nan
104.05,177.49330139160156,-200.11476135253906,-17.250268936157227,178.8138900660505,-200.3598659551674,-17.257177029796143,1.343159869512984,0.4303988610439368,0.06307202215468086,3.611816389360218e-05,21.41954281705751,42.416134714072854,17.261401585762588,nan,nan
104.06,177.49327087402344,-200.12347412109375,-17.25115203857422,178.81414526418072,-200.3687895061982,-17.259099346399076,1.343485002686665,0.43044941536222625,0.06308875132864393,3.5390308786806324e-05,21.80723492875799,41.75136708782986,nan,0.6042191910564094,nan
104.07000000000001,177.4932403564453,-200.13218688964844,-17.252017974853516,178.81440140645284,-200.3777065523859,-17.26007862588143,1.3438048217441068,0.4305000565793424,0.06310554192304065,3.60967371031773e-05,21.747186753530993,41.6926477393829,nan,nan,nan
104.08,177.4932098388672,-200.14089965820312,-17.252866744995117,178.81465814907153,-200.38662688473764,-17.261464449540338,1.3441285008977795,0.43055078483965104,0.06312239393701786,3.5370527994272397e-05,21.961997983079417,41.91135835706307,nan,0.12357220390288333,nan
104.09,177.49327087402344,-200.1496124267578,-17.25380516052246,178.81496506204527,-200.395544368453,-17.262468776164734,1.3444080871642583,0.4306016002878304,0.06313930765504287,3.607697261007682e-05,21.875542530909023,41.713667759418804,nan,nan,nan
104.10000000000001,177.49343872070312,-200.1583251953125,-17.254831314086914,178.82081325378144,-200.41002529382794,-17.26181806496112,1.3510458561223342,0.4305357171285689,0.06313515184872205,3.533110330243602e-05,20.716850707183706,41.38162613811425,2.576451698151116,2.398077644349684,nan
104.11,177.49365234375,-200.16702270507812,-17.255945205688477,178.8213017440321,-200.41896105359586,-17.262985177721916,1.351360582054062,0.43058631303312317,0.06315208488730169,3.6036721839381195e-05,20.633423771153918,42.24333210141579,nan,nan,nan
104.12,177.493896484375,-200.1757354736328,-17.257144927978516,178.8218286055535,-200.42790032657715,-17.264790128952047,1.35168386859353,0.4306369958893271,0.06316907959232104,3.5314381569557934e-05,20.8388335696208,41.482622084553924,nan,0.2096297719140562,nan
104.13,177.49415588378906,-200.1844482421875,-17.2584285736084,178.8223725060259,-200.43683611092607,-17.266137575525022,1.3520053478382463,0.43068776584208274,0.06318613622799761,3.602008399735733e-05,20.759600281297338,41.496933452250445,nan,nan,nan
104.14,177.49441528320312,-200.1931610107422,-17.259798049926758,178.82292247480973,-200.44576823846864,-17.266960040497935,1.3523287557983286,0.4307386230354151,0.06320325482366966,3.5299107226653855e-05,20.489458724184598,41.180128819923304,nan,0.25892509400099506,nan
104.15,177.49465942382812,-200.20187377929688,-17.26125144958496,178.8357789561669,-200.45111951425338,-17.268552832844236,1.3641034955647957,0.43067264575673425,0.06319908503663732,3.598288162792564e-05,21.585279572217633,41.02864771569599,8.634297570991768,nan,nan
104.16,177.4949188232422,-200.21058654785156,-17.262786865234375,178.836351429402,-200.46002841788692,-17.27011243016082,1.364447268052854,0.43072328314247865,0.06321622229042578,3.5264043345626655e-05,21.552868087690637,41.1998616597786,nan,0.0010171553347790062,nan
104.17,177.4951629638672,-200.21929931640625,-17.264404296875,178.83692037964389,-200.46893749293653,-17.27179298969102,1.3648028336557103,0.4307740075329479,0.06323342169878982,3.596911907502261e-05,21.47715040463683,40.98257278480921,nan,nan,nan
104.18,177.4954071044922,-200.22799682617188,-17.266101837158203,178.8374853005403,-200.4778450058899,-17.273286408264088,1.3651555278715026,0.4308248190718744,0.06325068330854593,3.525147713316588e-05,21.350094221111544,41.93317585654764,nan,0.05047450212478598,nan
104.19,177.49563598632812,-200.23670959472656,-17.267879486083984,178.83804549377732,-200.4867541295844,-17.275127657255904,1.3655175176787686,0.43087571790461043,0.06326800735785117,3.595671494725561e-05,21.276123001211694,40.72600840488193,nan,nan,nan
104.2,177.49588012695312,-200.24542236328125,-17.26973533630371,178.86642469975945,-200.50466003615801,-17.276131169511707,1.3948611055477365,0.43080964667220534,0.0632638194839605,3.52190431157357e-05,21.284786806319353,41.36964361213058,6.648963562403496,0.554830048844429,nan
104.21000000000001,177.49610900878906,-200.25413513183594,-17.271669387817383,178.86702247841768,-200.51358039468457,-17.27812284979197,1.3952624243472012,0.43086032543288727,0.0632811614990532,3.5923592548603685e-05,21.212288955558375,41.19070062421413,nan,nan,nan
104.22,177.49632263183594,-200.26284790039062,-17.273681640625,178.8676151429986,-200.52250462010215,-17.28095823395723,1.3956782265524819,0.4309110912493582,0.06329856595212788,3.5208956247771754e-05,21.487343083538462,41.34773213909394,nan,0.40848056981967895,nan
104.23,177.49655151367188,-200.2715606689453,-17.275768280029297,178.8682037464765,-200.53142461961735,-17.28311353022843,1.3960705832146423,0.43096194426730206,0.06331603306637643,3.5913716695669344e-05,21.41557995234133,41.44617826777361,nan,nan,nan
104.24000000000001,177.49676513671875,-200.28025817871094,-17.277929306030273,178.86878788845658,-200.5403445013629,-17.28534535500686,1.3964763958976525,0.43101288463063,0.06333356294701636,3.6632790486148426e-05,21.343389140328153,42.306586516875015,nan,nan,nan
104.25,177.49697875976562,-200.28897094726562,-17.280118942260742,178.82326724678887,-200.53365719979126,-17.28759992486113,1.348691394680831,0.43094671960898706,0.06332935304742911,3.734253259532742e-05,20.835866616567007,39.9294792060462,18.18391880966023,nan,nan
104.26,177.49717712402344,-200.2976837158203,-17.282299041748047,178.8237658708812,-200.5425502441501,-17.288937852956547,1.3490149716738529,0.43099743963429715,0.06334690014986262,3.654314382426675e-05,20.47441545301378,39.43509137957982,nan,0.5901063525721998,nan
104.27,177.49737548828125,-200.306396484375,-17.284454345703125,178.82425957353516,-200.5514476593814,-17.29120562826492,1.349339480593506,0.4310482467682733,0.06336451013495521,3.72742707161897e-05,20.4224286370577,39.39385141685737,nan,nan,nan
104.28,177.49757385253906,-200.3151092529297,-17.286575317382812,178.8247498066358,-200.56034242190663,-17.292879337818235,1.3496573865143293,0.43109914115367937,0.06338218307935505,3.6478935972505215e-05,20.22037952263894,39.23503287478023,nan,0.20744612000500318,nan
104.29,177.49777221679688,-200.3238067626953,-17.28865623474121,178.82523588391925,-200.56923982951514,-17.295078043744017,1.3499771914552607,0.4311501229368462,0.06339991919222676,3.7208672959910006e-05,20.168898871344418,40.26243123630922,nan,nan,nan
104.3,177.4979705810547,-200.33251953125,-17.290700912475586,178.83691687462425,-200.58561512601253,-17.295955003705913,1.362667297114936,0.4310838642852804,0.06339568314598731,3.639470437353317e-05,19.457069268639042,39.243098625717714,3.3072252963635296,0.8688683297178944,nan
104.31,177.49815368652344,-200.3412322998047,-17.29270362854004,178.83741210469492,-200.59453305954344,-17.2980635699284,1.3630125144323129,0.43113462546551645,0.06341343578730642,3.712222479490221e-05,19.404982717295095,39.07597099701847,nan,nan,nan
104.32000000000001,177.4983367919922,-200.34994506835938,-17.294668197631836,178.83790381859993,-200.60344939389896,-17.299795193030917,1.3633526865502552,0.4311854738034485,0.0634312516152783,3.633558197547811e-05,19.287138045889602,38.949994130225996,nan,0.07487225404642905,nan
104.33,177.49851989746094,-200.358642578125,-17.296594619750977,178.838391506046,-200.6123668899011,-17.301823497065367,1.3636932554781402,0.431236409445741,0.06344913082742934,3.706189532316105e-05,19.23239334531423,39.902112918312525,nan,nan,nan
104.34,177.49868774414062,-200.3673553466797,-17.298480987548828,178.83887504961473,-200.62128589146153,-17.304232015425537,1.3640439177859256,0.4312874325346405,0.06346707351780166,3.627890066860569e-05,19.339994194333812,38.88388560803922,nan,0.11462935768578661,nan
104.35000000000001,177.4988555908203,-200.37606811523438,-17.300331115722656,178.86950531650055,-200.65261045332622,-17.306129680451914,1.398281072823892,0.43122108041348056,0.06346280731347378,3.698082969753041e-05,18.21286644579467,40.254794888355775,24.211841678607698,nan,nan
104.36,177.4990234375,-200.384765625,-17.302143096923828,178.87002806445477,-200.6615842762421,-17.306117722841975,1.3986772502825957,0.4312718826330924,0.06348076578599322,3.620232506788449e-05,17.672703982496817,40.79043029961307,nan,2.460548516683935,nan
104.37,177.4991912841797,-200.3934783935547,-17.30392074584961,178.87054568736465,-200.67056521567096,-17.307983310247085,1.3990734471623623,0.4313227720631256,0.06349878785544433,3.692555768781758e-05,17.617854737010006,39.6445428275962,nan,nan,nan
104.38,177.49935913085938,-200.40219116210938,-17.305662155151367,178.8710599788932,-200.67954569311945,-17.309694288322063,1.3994659733149646,0.4313737488455174,0.06351687362550415,3.6150443898487905e-05,17.555332219638828,39.60868119712875,nan,0.009526144523530589,nan
104.39,177.49951171875,-200.41090393066406,-17.3073673248291,178.87157065537392,-200.68852651333196,-17.311490167880358,1.3998703589302728,0.4314248131274145,0.06353502327930344,3.687270865403963e-05,17.502165464414396,39.44180661665432,nan,nan,nan
104.4,177.4996795654297,-200.4196014404297,-17.309040069580078,178.8682518735147,-200.69457141574705,-17.311268293443973,1.3959239287170269,0.4313583676903017,0.06353072278128682,3.6078743807534115e-05,17.286643287892577,40.08362759941789,0.42906503424866954,2.5554302144621737,nan
104.41,177.4998321533203,-200.42831420898438,-17.310680389404297,178.8687504207594,-200.70354382126118,-17.31297836938977,1.3963143783240504,0.43140921083616,0.06354888744648869,3.679921172198314e-05,17.228335271119814,38.79989313484719,nan,nan,nan
104.42,177.49996948242188,-200.43702697753906,-17.312286376953125,178.86924555776864,-200.71251690273118,-17.31489857484482,1.3967170411279493,0.43146014123961435,0.06356711603023578,3.603145202910189e-05,17.210897847980664,38.676936805603304,nan,0.03900284477832496,nan
104.43,177.5001220703125,-200.4457244873047,-17.313859939575195,178.86973792812194,-200.72148901658898,-17.31654780101118,1.397104469312714,0.43151115904808834,0.06358540870777656,3.675110230241995e-05,17.15259067371327,39.81853264453694,nan,nan,nan
104.44,177.50025939941406,-200.45443725585938,-17.31540298461914,178.87022777528523,-200.73045932106945,-17.317676855086926,1.397500161666116,0.4315622644030863,0.06360376559458351,3.598635737671424e-05,17.036748549200187,38.46646048795586,nan,0.15988434008573246,nan
104.45,177.5004119873047,-200.46315002441406,-17.31691551208496,178.85580214537222,-200.73808266247852,-17.319087046082252,1.382994993345718,0.43149572580673456,0.06359942673184431,3.668239705230715e-05,16.449812684985933,38.28356324677856,4.429429026437685,nan,nan
104.46000000000001,177.50054931640625,-200.4718475341797,-17.318397521972656,178.85625698098934,-200.74706695982061,-17.322469511781343,1.383367480158641,0.4315466097583207,0.06361779784414791,3.592148441642796e-05,16.71865345587916,39.47695631343002,nan,2.2470361007752095,nan
104.47,177.50067138671875,-200.48056030273438,-17.31985092163086,178.8567106587959,-200.75604608311167,-17.3240095448981,1.3837457196873517,0.4315975810199001,0.0636362332571715,3.6638798401061854e-05,16.667336097135557,38.193333526398284,nan,nan,nan
104.48,177.5008087158203,-200.48927307128906,-17.321273803710938,178.85716225555962,-200.765023181446,-17.324774599553965,1.3841045132454528,0.4316486397327391,0.06365473309275903,3.58806656311456e-05,16.47462716513171,38.19218251635332,nan,0.3744113421027354,nan
104.49000000000001,177.50094604492188,-200.49798583984375,-17.322668075561523,178.85761050372767,-200.77400226604465,-17.326251417771473,1.3844624811315511,0.431699786044636,0.06367329751662837,3.659735543719647e-05,16.42185307826243,38.144616412654464,nan,nan,nan
104.5,177.50106811523438,-200.50668334960938,-17.32403564453125,178.86938809803482,-200.7890166531979,-17.325983597304017,1.3971454699372658,0.4316331544379461,0.06366891614290918,3.582009345224039e-05,16.027104500180393,39.21736625169407,1.6516315162242252,1.9182302722958855,nan
104.51,177.50119018554688,-200.51539611816406,-17.325376510620117,178.86984922251978,-200.79801012003898,-17.32738938027102,1.3975343592153915,0.4316840790786846,0.06368749398431661,3.653532556330227e-05,15.971239467821512,38.094640557317085,nan,nan,nan
104.52,177.50131225585938,-200.52410888671875,-17.326688766479492,178.87030774785953,-200.80700374692773,-17.328769283479183,1.3979207730055327,0.43173509107666164,0.06370613646543191,3.726495531538494e-05,15.915840238813992,38.08682593422668,nan,nan,nan
104.53,177.50143432617188,-200.53282165527344,-17.32797622680664,178.87076374035718,-200.81599740957552,-17.3301237019881,1.3983047464795604,0.4317861905763773,0.0637248437307553,3.80091272086884e-05,15.860540999069354,38.001114445512236,nan,nan,nan
104.54,177.50155639648438,-200.54151916503906,-17.329238891601562,178.8712198855021,-200.82498560118646,-17.328939843456894,1.3986891659693605,0.43183737772038766,0.0637436159171685,3.716699727615975e-05,15.679785547066471,38.89596620515144,nan,3.9459828677704514,nan
104.55,177.5016632080078,-200.55023193359375,-17.330474853515625,178.8662066702074,-200.8374257735513,-17.33028952851031,1.394438667093871,0.4317706532569931,0.06373918791953534,3.788455564689212e-05,15.069843374235118,37.826299643303926,2.971170282688254,nan,nan
104.56,177.5017852783203,-200.55894470214844,-17.33168601989746,178.86664513551602,-200.84643482048327,-17.330054537317963,1.3948102593757612,0.431821618461579,0.06375797269973002,3.7049482584221205e-05,15.08110627405334,38.00479205117779,nan,1.400820492390506,nan
104.57000000000001,177.50189208984375,-200.56764221191406,-17.332874298095703,178.86707963104433,-200.85544693334268,-17.331274114577642,1.3951957356991844,0.43187267107367044,0.0637768224734585,3.778829873993581e-05,15.016726177866474,38.84933262428278,nan,nan,nan
104.58,177.5019989013672,-200.57635498046875,-17.33403778076172,178.86751257602415,-200.86445760902242,-17.331693086949947,1.395577377949277,0.43192381123380663,0.06379573737310056,3.6959000195728216e-05,15.039108733578443,37.812638506648064,nan,0.3821714117826374,nan
104.59,177.50210571289062,-200.58506774902344,-17.33517837524414,178.86794244526013,-200.8734698094773,-17.3328596511743,1.395955265918343,0.43197503909048335,0.06381471755432991,3.769581021597829e-05,14.974593018826834,37.74857077189957,nan,nan,nan
104.60000000000001,177.50221252441406,-200.59378051757812,-17.33629608154297,178.82838371211042,-200.87804055358734,-17.333712297175893,1.356296598495178,0.4319082219153425,0.06381023877776494,3.684912660069769e-05,13.758768757495654,37.25398254555888,20.049356118925218,0.06264720743004404,nan
104.61,177.50230407714844,-200.6024932861328,-17.337390899658203,178.82873816377636,-200.88706904288387,-17.334832524061632,1.356619804066191,0.4319592275639546,0.06382923070878103,3.758312929531808e-05,13.694720674638555,37.015834302815485,nan,nan,nan
104.62,177.50241088867188,-200.61119079589844,-17.338464736938477,178.82908947763698,-200.89609939252313,-17.336929815224583,1.3569271693181508,0.4320103206638595,0.06384828796643154,3.67658153252173e-05,13.52582937315083,38.17205288289491,nan,0.6363200890536258,nan
104.63,177.50250244140625,-200.61990356445312,-17.33951759338379,178.829439949322,-200.90512835543018,-17.338017995751155,1.3572466909499574,0.4320615013636324,0.06386741070316286,3.7498066771371275e-05,13.465118770990646,36.78334710305601,nan,nan,nan
104.64,177.5026092529297,-200.6286163330078,-17.340547561645508,178.8297887133344,-200.91415696118034,-17.338740083529625,1.3575500128667335,0.43211276980367735,0.06388659905620109,3.668592789238694e-05,13.437215220428989,37.035991340849215,nan,0.07677390189092846,nan
104.65,177.50270080566406,-200.6373291015625,-17.3415584564209,178.81309594365695,-200.91064933680607,-17.339710814753595,1.3385973190055043,0.4320458600680886,0.06388206536198505,3.739293698563125e-05,13.872616090241383,35.95526372366587,7.006870165061782,nan,nan
104.66,177.50279235839844,-200.64602661132812,-17.34255027770996,178.83542280809357,-200.91933895201132,-17.340635345832464,1.3603702503320436,0.42340652998889855,0.06389959034565278,3.658677744150424e-05,20.463977689245407,43.604913604878455,nan,0.006536371680269424,0.05573227090428231
104.67,177.5028839111328,-200.6547393798828,-17.343521118164062,178.83574647924968,-200.92832015945763,-17.34163960920792,1.3606515382403395,0.4234525611892033,0.06391869876568729,3.7314948891212026e-05,20.37269063205564,42.49526177593393,nan,nan,nan
104.68,177.5029754638672,-200.6634521484375,-17.344470977783203,178.83610591780104,-200.93729707420536,-17.33938909776583,1.360975266519999,0.42349867832982047,0.06393786600704397,3.6513604887888395e-05,20.899436542043084,43.106526170398,nan,6.782739335295964,nan
104.69,177.5030517578125,-200.6721649169922,-17.34540367126465,178.8364262319129,-200.94627842951627,-17.34032464026732,1.3612683433058554,0.423544881969942,0.06395709221981538,3.7240359686972185e-05,20.80036191616005,42.782086056393716,nan,nan,nan
104.7,177.50314331054688,-200.68087768554688,-17.346317291259766,178.8082591841342,-200.9426335949747,-17.33984002092648,1.331121915769148,0.4234793801561924,0.06395252395173323,3.642126303546145e-05,21.281377861892196,42.718007436210655,7.6337882404605315,1.1938099276325296,nan
104.71000000000001,177.5032196044922,-200.68959045410156,-17.347213745117188,178.80853174056753,-200.95158942926966,-17.3407261557726,1.3313622063098434,0.4235253880422203,0.06397175506870752,3.7145794395975966e-05,21.178339408855457,42.390458461356864,nan,nan,nan
104.72,177.50331115722656,-200.6982879638672,-17.34809112548828,178.8088047688443,-200.96054511899553,-17.341388977867478,1.331592018665437,0.42357148179826354,0.06399104526915973,3.635448206493224e-05,21.1939280226814,43.81422803378603,nan,0.027803641504921255,nan
104.73,177.50338745117188,-200.70700073242188,-17.34895133972168,178.8090737309831,-200.96950105432504,-17.342239124240802,1.3318288681820967,0.42361766196144196,0.06401039470136115,3.707780350815437e-05,21.089810609274913,42.41368913783058,nan,nan,nan
104.74000000000001,177.50357055664062,-200.71571350097656,-17.34990119934082,178.80937309600705,-200.97845855800023,-17.344718974991558,1.3319842687717371,0.42366392828898847,0.06402980350640282,3.6290746930844656e-05,20.52798817224248,42.03077626816679,nan,1.66415321473011,nan
104.75,177.50384521484375,-200.72442626953125,-17.35093879699707,178.80198165818535,-200.99062244426023,-17.345696808610025,1.3251588989303058,0.4235984136867714,0.06402517958493291,3.698988237681044e-05,19.60045175463527,42.07260103813884,6.73033476133254,nan,nan
104.76,177.50421142578125,-200.73313903808594,-17.35206413269043,178.80247902230232,-200.9995971288929,-17.345710331581884,1.3253448747860384,0.42364448406042854,0.06404459273137109,3.620787436938076e-05,19.887077243012286,42.27916509227479,nan,0.7505835335176698,nan
104.77,177.5046844482422,-200.74185180664062,-17.353275299072266,178.80306001502234,-201.00857277490766,-17.346868637461704,1.325503765606865,0.42369064074829577,0.06406406536629283,3.692814682245195e-05,19.79788844226277,42.477523687623325,nan,nan,nan
104.78,177.50523376464844,-200.7505645751953,-17.354570388793945,178.80371941675773,-201.01754933035235,-17.34922165794634,1.325660008124873,0.4237368835295474,0.06408359763207767,3.615005713541153e-05,19.39327806724337,41.946302241637724,nan,0.8113682740228905,nan
104.79,177.5058135986328,-200.75927734375,-17.3559513092041,178.80445264546125,-201.0265249686861,-17.35056346235941,1.3258633775299342,0.4237832129086987,0.06410318967508168,3.6869387528786264e-05,19.306845726881928,41.73484912807382,nan,nan,nan
104.8,177.5064239501953,-200.76797485351562,-17.3574161529541,178.78869694167014,-201.0352196563485,-17.35293258356534,1.3098335435090371,0.42371768489035344,0.0640985068687748,3.607311511961004e-05,18.158960034542158,42.969863833837266,8.71584465972928,0.4720466530405137,nan
104.81,177.50701904296875,-200.7766876220703,-17.35896110534668,178.78942190016193,-201.04420863826186,-17.354453028910527,1.3100171391987727,0.423763818100394,0.06411810266955954,3.6790688726351915e-05,18.073185051498776,41.55986783000329,nan,nan,nan
104.82000000000001,177.5076141357422,-200.785400390625,-17.3605899810791,178.7901456373953,-201.0531975807188,-17.35590988509885,1.3102000958071784,0.42381003733209294,0.06413775835524278,3.602089003547186e-05,18.048215935766525,41.59676999088222,nan,0.01426019956464061,nan
104.83,177.50820922851562,-200.7941131591797,-17.36229705810547,178.7908604105795,-201.06218659869984,-17.357593509704262,1.3103738196383554,0.42385634306834025,0.0641574740713302,3.6737686577902974e-05,17.961698773379045,41.779809265268774,nan,nan,nan
104.84,177.5087890625,-200.80282592773438,-17.364086151123047,178.79155438008726,-201.0711760472846,-17.360437221142256,1.3105388057426535,0.42390273512045895,0.06417724996147023,3.5971324415646946e-05,17.649719179925324,41.30119075178041,nan,0.7775221524791153,nan
104.85000000000001,177.5093536376953,-200.81153869628906,-17.365951538085938,178.76412311243536,-201.0642258952026,-17.36218375157775,1.27996541025504,0.42383719375596474,0.0641725050154366,3.6664734827501026e-05,18.10644019692528,40.4804410770018,10.870554897604627,nan,nan
104.86,177.50990295410156,-200.82025146484375,-17.367897033691406,178.76475376307337,-201.0731765748061,-17.365683811922718,1.2800884978692952,0.4238833894307064,0.0641922840603321,3.5902585750870886e-05,17.776704065143164,39.996285523024866,nan,1.6476080589591502,nan
104.87,177.5104522705078,-200.82894897460938,-17.369916915893555,178.7653897146066,-201.082126530478,-17.36770988916299,1.280223314255694,0.42392967151623745,0.06421212338515121,3.6617151340094006e-05,17.692210685188275,41.29835108597678,nan,nan,nan
104.88,177.510986328125,-200.83766174316406,-17.37201499938965,178.76601484811363,-201.091076412264,-17.36981340318992,1.280359491520134,0.42397603999853,0.06423202313417566,3.734609943606841e-05,17.610426059302874,40.00157326267108,nan,nan,nan
104.89,177.51150512695312,-200.84637451171875,-17.374187469482422,178.76662932851528,-201.10002608263156,-17.371993654101917,1.2805001732133792,0.4240224950220843,0.06425198345190564,3.80895745389941e-05,17.52909115817012,39.84813173147419,nan,nan,nan
104.9,177.51202392578125,-200.85508728027344,-17.376384735107422,178.75097146923034,-201.1040808553612,-17.37537372421253,1.263720632891833,0.42395693966992837,0.06424717308332678,3.721693167352578e-05,17.130227516608223,39.78321313417392,3.434073469973317,1.030101193399655,nan
104.91,177.5125274658203,-200.86380004882812,-17.378572463989258,178.75153528651884,-201.11302466883524,-17.37762480385807,1.2638252209184384,0.42400319809297615,0.06426713593294717,3.795712994157222e-05,17.048891399179507,39.57367543686051,nan,nan,nan
104.92,177.5130157470703,-200.8725128173828,-17.380735397338867,178.7520944331516,-201.12196813378554,-17.379299507808188,1.263940665918007,0.4240495426745011,0.06428715945273841,3.711549876740477e-05,17.003923518070295,39.33876323695342,nan,0.19616727574199952,nan
104.93,177.5135040283203,-200.88121032714844,-17.382863998413086,178.7526380922989,-201.130911481904,-17.38149891118532,1.264043416446398,0.424095973867995,0.06430724378725367,3.785351457267909e-05,16.918778352827996,40.50536148179961,nan,nan,nan
104.94,177.51397705078125,-200.88992309570312,-17.38495445251465,178.75317830891012,-201.13985460098266,-17.383009979944198,1.2641555665554187,0.4241424915147698,0.06432738908096323,3.701821734184433e-05,16.89539913880581,39.27484585480741,nan,0.26848665154871865,nan
104.95,177.5144500732422,-200.8986358642578,-17.387004852294922,178.77655347278088,-201.1591163005724,-17.385068201958696,1.2887043103226898,0.42407692216379905,0.06432250998421554,3.773023827577639e-05,16.778029916901218,39.74356416570099,5.027568614246967,nan,nan
104.96000000000001,177.514892578125,-200.9073486328125,-17.389015197753906,178.7770955880273,-201.16807964924936,-17.388016025061173,1.2888514652529515,0.42412324299425597,0.06434265716778671,3.6902083861012434e-05,16.631065462818302,39.139787624345786,nan,0.47734756340307394,nan
104.97,177.51535034179688,-200.91604614257812,-17.390987396240234,178.77763685654767,-201.17704278637416,-17.390065941637214,1.288986944260141,0.4241696503406624,0.06436286540825371,3.763522009915482e-05,16.549315733065857,40.55922980072658,nan,nan,nan
104.98,177.51577758789062,-200.9247589111328,-17.392919540405273,178.77816330163301,-201.18600563793905,-17.392698721445463,1.2891344349170366,0.4242161440674143,0.06438313485009978,3.681292671807744e-05,16.454115741745284,38.94720614573778,nan,0.2457960896027892,nan
104.99000000000001,177.51620483398438,-200.9334716796875,-17.394813537597656,178.7786867991441,-201.19496818133723,-17.39467871649814,1.2892793145417971,0.4242627245935958,0.06440346563785755,3.754428530267739e-05,16.379276526255698,38.99618519715614,nan,nan,nan
105.0,177.51663208007812,-200.94216918945312,-17.396669387817383,178.75401270353154,-201.20068541342565,-17.396226122170756,1.26409716471457,0.4241971405936781,0.06439851448538872,3.67049942279715e-05,15.465109238531689,40.26379877170162,11.609425304771161,0.07361572852063743,nan
105.01,177.5170440673828,-200.9508819580078,-17.398488998413086,178.75446544857581,-201.20965583704486,-17.398127947532256,1.2641897505767152,0.4242435240720474,0.06441884650197294,3.7433781452466774e-05,15.389916480564718,38.893903911251144,nan,nan,nan
105.02,177.51744079589844,-200.9595947265625,-17.400272369384766,178.7549161389397,-201.21862639249426,-17.39930955392525,1.2642956757041033,0.4242899938566514,0.06443923995826585,3.6623545662144035e-05,15.339147272066148,38.64822709993008,nan,0.3015935051006303,nan
105.03,177.51783752441406,-200.9683074951172,-17.402019500732422,178.75535244929577,-201.22759670722692,-17.40113405684539,1.264387151481833,0.4243365503449248,0.06445969499895333,3.7350803603746196e-05,15.262221420977575,38.77726179409868,nan,nan,nan
105.04,177.51821899414062,-200.9770050048828,-17.403732299804688,178.75578659021272,-201.23656723607013,-17.40227007178387,1.2644952529833364,0.42438319343354625,0.06448021176829404,3.654575888614557e-05,15.226165832184131,39.59565829149158,nan,0.27673208027182283,nan
105.05,177.5186004638672,-200.9857177734375,-17.405410766601562,178.74615293289196,-201.24386923266024,-17.403979136191417,1.2544039579311275,0.4243175946660766,0.06447518521313098,3.7248298923454884e-05,14.882625193117489,38.665001599167454,1.634314195842661,nan,nan
105.06,177.51898193359375,-200.9944305419922,-17.40705680847168,178.74654390837966,-201.25284131107622,-17.40584146799285,1.2544664222574375,0.4243640404825498,0.06449570253149328,3.644922359868418e-05,14.796279861494614,38.702740975383456,nan,0.013834994534367293,nan
105.07000000000001,177.5193328857422,-201.0031280517578,-17.408668518066406,178.7469285246617,-201.26181328519996,-17.407527248214723,1.2545558597336868,0.4244105729069096,0.06451628166900034,3.717284375488557e-05,14.718769480766536,39.169687144467105,nan,nan,nan
105.08,177.5196990966797,-201.0118408203125,-17.410247802734375,178.74731633706938,-201.27078567359987,-17.407929357267243,1.2546321776263367,0.4244571918560627,0.06453692276963821,3.637854393986952e-05,14.760451429875204,38.6714292902407,nan,1.023237324460059,nan
105.09,177.52005004882812,-201.0205535888672,-17.41179656982422,178.7476863399364,-201.2797574098598,-17.409540570838242,1.2547041777226453,0.4245038976972683,0.06455762597849735,3.710095749565137e-05,14.679611625105576,38.332624883931985,nan,nan,nan
105.10000000000001,177.5203857421875,-201.0292510986328,-17.413314819335938,178.7628344272032,-201.29645098325852,-17.409261909550786,1.2708622818067001,0.4244382835180241,0.06455252065552666,3.628912176093502e-05,14.807166059705096,39.73531617831657,2.3742560570440663,2.2986807080361453,nan
105.11,177.52072143554688,-201.0379638671875,-17.41480255126953,178.76321180905703,-201.30544000099997,-17.410795314966947,1.2709610019066058,0.424484791848663,0.06457322371534331,3.700952518309401e-05,14.719245040471106,38.71855596514153,nan,nan,nan
105.12,177.52105712890625,-201.0466766357422,-17.416259765625,178.76358150757153,-201.31442896271915,-17.4124224967434,1.2710518733755862,0.4245313866273838,0.06459398896896328,3.622514353724644e-05,14.62274291732287,38.799757929320506,nan,0.009921616692183851,nan
105.13,177.52137756347656,-201.0553741455078,-17.417688369750977,178.7639456079041,-201.3234180389295,-17.413899887168146,1.2711558623683517,0.42457806820261784,0.06461481656183238,3.6944537731735866e-05,14.534843350742218,39.583441852265814,nan,nan,nan
105.14,177.52169799804688,-201.0640869140625,-17.41908836364746,178.76431387413078,-201.3324080514855,-17.41401645343608,1.271265579081304,0.42462483651936983,0.0646357066374099,3.616434413970742e-05,14.789417549748947,38.912084355885526,nan,1.174082361681831,nan
105.15,177.52200317382812,-201.0727996826172,-17.420459747314453,178.75191233242379,-201.33467056474666,-17.41541806314556,1.2574888929465786,0.42455920671302094,0.06463051916709038,3.685998465327395e-05,14.846867806937112,38.403587292146725,1.7815012017734553,nan,nan
105.16,177.52230834960938,-201.08151245117188,-17.42180633544922,178.7522536898722,-201.34364594164725,-17.414985216035408,1.2575873864400344,0.4246057772866156,0.06465140837729397,3.6084740406946496e-05,15.379004874545426,38.9538877286945,nan,2.187101124085681,nan
105.17,177.52261352539062,-201.0902099609375,-17.423124313354492,178.75257481345713,-201.35261997442214,-17.416324174219184,1.257660537351588,0.42465243456114476,0.06467236015403245,3.6801478931845194e-05,15.277008820298832,40.15612510578442,nan,nan,nan
105.18,177.5229034423828,-201.0989227294922,-17.424415588378906,178.75286540569493,-201.36159176020846,-17.420832155410867,1.2577019885027882,0.4246991784990704,0.06469337464035879,3.603006150328624e-05,14.31012415900322,37.89145301361471,nan,6.792506504430278,nan
105.19,177.523193359375,-201.10763549804688,-17.425682067871094,178.75317463712474,-201.3705659327437,-17.422151685852253,1.2577753458793608,0.4247460094227628,0.06471445198232345,3.6746043651167855e-05,14.226227896803932,37.91662640026481,nan,nan,nan
105.2,177.52346801757812,-201.1163330078125,-17.426921844482422,178.7279215347215,-201.37277718725716,-17.4231057225184,1.231457045502173,0.4246803633474602,0.06470917896945359,3.5956535635500044e-05,13.808223912899788,38.84378665464859,7.106581003896228,0.09795005180501695,nan
105.21000000000001,177.52374267578125,-201.1250457763672,-17.428138732910156,178.72817144374974,-201.38174652682133,-17.424373701245294,1.2314861379070667,0.424726996282875,0.0647302547121375,3.667094697315757e-05,13.723889405441462,37.7710667662555,nan,nan,nan
105.22,177.52401733398438,-201.13375854492188,-17.42932891845703,178.72842303124176,-201.39071697476217,-17.424642130573616,1.2315204765787304,0.4247737158024385,0.06475139338752595,3.590759069945195e-05,13.883281813021192,38.17117335918362,nan,0.638280748070823,nan
105.23,177.52427673339844,-201.14247131347656,-17.430498123168945,178.72866188634282,-201.39968678810084,-17.425853702076008,1.231553883379182,0.42482052221240035,0.06477259514210208,3.662139994194284e-05,13.795549222106372,37.70657513904113,nan,nan,nan
105.24000000000001,177.5245361328125,-201.1511688232422,-17.431642532348633,178.72888959990794,-201.40865604609644,-17.427832750369415,1.2315768177733541,0.4248674154992983,0.06479386011827534,3.586136093728645e-05,13.544872020784068,38.723412366870186,nan,0.41943209491915967,nan
105.25,177.5247802734375,-201.15988159179688,-17.432764053344727,178.71850654571233,-201.40475089055178,-17.429017321398508,1.2185882916687483,0.42480175285329996,0.06478849815900711,3.655213067259093e-05,14.310481563466048,36.70778613315197,9.201126531808764,nan,nan
105.26,177.52503967285156,-201.16859436035156,-17.433862686157227,178.7187154724196,-201.4136800144158,-17.4317514899225,1.2185784133374593,0.4248484479113671,0.06480976078430752,3.579616316798336e-05,13.985567882899316,36.92178184286955,nan,1.6856838516086718,nan
105.27,177.52528381347656,-201.17730712890625,-17.434940338134766,178.71893045642693,-201.4226104891152,-17.432899061387605,1.2185935391127103,0.4248952297643982,0.0648310867086056,3.650807989335435e-05,13.910606793009432,36.512457086005625,nan,nan,nan
105.28,177.5255126953125,-201.18600463867188,-17.435997009277344,178.71915109255647,-201.43154248487284,-17.43248760854835,1.2186360298241814,0.4249420984137572,0.06485247607387293,3.5755119305252044e-05,14.07558877128471,37.4166665997522,nan,1.5998256254180088,nan
105.29,177.5257568359375,-201.19471740722656,-17.43703269958496,178.7193564731055,-201.44047334992598,-17.433579047765658,1.218641869020823,0.42498905414354526,0.06487392902724566,3.646662805104405e-05,13.993872681448678,36.832556954014976,nan,nan,nan
105.3,177.52598571777344,-201.20343017578125,-17.438045501708984,178.69763406529697,-201.4411488417385,-17.435828632182506,1.1955228684176702,0.4249233742840797,0.064868474703922,3.5695033677971046e-05,13.639919451471334,36.32067881795778,4.472188695043835,1.0532017423497946,nan
105.31,177.5261993408203,-201.21214294433594,-17.439041137695312,178.69779348630595,-201.4500664731295,-17.436891404733938,1.1955103799807105,0.42497013153343266,0.06488992453789866,3.6405308965744476e-05,13.566166967618381,35.82034944230156,nan,nan,nan
105.32000000000001,177.52642822265625,-201.22085571289062,-17.440013885498047,178.69794821709928,-201.45898410887418,-17.437995338387257,1.1954782745353163,0.42501697549741924,0.06491143802849146,3.565881529941286e-05,13.489959293872568,36.394116092906366,nan,0.0024586839617395198,nan
105.33,177.52664184570312,-201.22955322265625,-17.440969467163086,178.69809901129588,-201.46790189249256,-17.439021184070068,1.195460486606882,0.4250639064465636,0.0649330153232639,3.6368800910871845e-05,13.415825110995133,36.94178020515145,nan,nan,nan
105.34,177.52685546875,-201.23826599121094,-17.441905975341797,178.69824286624552,-201.47681944289704,-17.4404372681668,1.1954322822408014,0.42511092440252096,0.06495465656355001,3.562487736429873e-05,13.309404100769937,35.93203572983509,nan,0.11358821659842488,nan
105.35000000000001,177.5270538330078,-201.24697875976562,-17.442821502685547,178.7047235669337,-201.4881686554406,-17.441500548011224,1.2021149333162846,0.42504522695136865,0.06494910645585343,3.631233970475018e-05,13.29074865996059,35.71613287044804,0.5726887991254547,nan,nan
105.36,177.5272674560547,-201.2556915283203,-17.443721771240234,178.7048799639092,-201.49709252434042,-17.44125146872682,1.202103057948617,0.4250920461786852,0.06497074379117221,3.557174065482711e-05,13.351936811638966,36.15318539757614,nan,1.0283760852428192,nan
105.37,177.5274658203125,-201.264404296875,-17.444602966308594,178.70502467134517,-201.50601509878157,-17.442200098974286,1.202092509341419,0.42513895229578746,0.06499244514301802,3.6280414404620196e-05,13.278021882942506,35.80622008901666,nan,nan,nan
105.38,177.5276641845703,-201.27310180664062,-17.445465087890625,178.70516239475228,-201.5149372407637,-17.443638524056503,1.2020772639538038,0.42518594533671067,0.06501421065232117,3.5542122290943064e-05,13.149922247301697,36.86879379921171,nan,0.1756037145130726,nan
105.39,177.5279541015625,-201.2818145751953,-17.44641876220703,178.70534978930627,-201.5238602621415,-17.444612235429457,1.2020191278119814,0.4252330255534732,0.06503604046724897,3.625065172675091e-05,13.083139280071686,35.55999662170234,nan,nan,nan
105.4,177.52833557128906,-201.29052734375,-17.447458267211914,178.66366072798743,-201.51976700088937,-17.44620945565164,1.158238141043487,0.42516730986399776,0.0650303911427274,3.549321402157193e-05,12.499271244358482,35.676716319823946,16.773225984516863,0.19211699132913784,nan
105.41,177.52882385253906,-201.2992401123047,-17.44858741760254,178.66396497425006,-201.52867446203132,-17.447366770499855,1.1580962727740476,0.42521419109424535,0.06505221625080673,3.620076313227084e-05,12.433772309739423,35.86225764103658,nan,nan,nan
105.42,177.52938842773438,-201.30795288085938,-17.449800491333008,178.66435888382327,-201.537581138702,-17.449366003149276,1.1579668655770985,0.42526115916428314,0.06507410572459628,3.546758600166397e-05,12.33627492456386,35.35449103869628,nan,0.3911152546790496,nan
105.43,177.53005981445312,-201.31666564941406,-17.451099395751953,178.66485011021138,-201.54648869032877,-17.45070503593516,1.1578289169830087,0.4253082143148938,0.06509605971263419,3.6175079491641756e-05,12.273370308273751,35.683853174686284,nan,nan,nan
105.44,177.53082275390625,-201.32537841796875,-17.452484130859375,178.66543195096412,-201.55539588883892,-17.452372481099065,1.1576899755199923,0.42535535659691576,0.06511807835529551,3.544383969833836e-05,12.207908246009792,35.53262431867357,nan,0.04053038285361606,nan
105.45,177.53167724609375,-201.33407592773438,-17.453950881958008,178.66745408949836,-201.56177343194943,-17.453932557235316,1.1583761011759997,0.42528962222385275,0.06511232638464237,3.612917159173298e-05,12.456667217166501,36.39345269727423,1.0114550634593542,nan,nan
105.46000000000001,177.53257751464844,-201.34278869628906,-17.45549964904785,178.6682172153822,-201.57067196410696,-17.45445435898945,1.1582786393028977,0.42533656526382607,0.0651343395021998,3.5400628675169865e-05,12.427642356686047,34.891715657123676,nan,0.797136127686687,nan
105.47,177.5335235595703,-201.35150146484375,-17.457130432128906,178.669016310963,-201.57956910407464,-17.456123358353164,1.1581708210481214,0.4253835952889646,0.06515641733892275,3.610724100508891e-05,12.365158755672677,35.51725124839593,nan,nan,nan
105.48,177.53445434570312,-201.36021423339844,-17.45884132385254,178.66982656845124,-201.5884659962756,-17.457938159117333,1.1580888425121245,0.4254307123602579,0.06517856003485539,3.538041548538405e-05,12.301829888324036,34.947201969587645,nan,0.0028189801918497978,nan
105.49000000000001,177.53538513183594,-201.36892700195312,-17.460630416870117,178.67063361226874,-201.59736272665373,-17.459770714491206,1.1580037701720438,0.42547791670330565,0.06520076773903272,3.6087077724309324e-05,12.241151299572355,35.19641666727944,nan,nan,nan
105.5,177.5363006591797,-201.3776397705078,-17.462499618530273,178.68670817653881,-201.6060323618719,-17.461800183692105,1.172860230801391,0.42541216299365275,0.06519490968258826,3.53406396827717e-05,12.838503989810953,34.59667822006533,6.074590268140732,0.033309823572692666,nan
105.51,177.5371856689453,-201.38633728027344,-17.464447021484375,178.68752401501064,-201.61491706653436,-17.4637921307179,1.1728288272366576,0.42545916783072046,0.06521711102770654,3.604650624001724e-05,12.7781657870953,35.066583046718314,nan,nan,nan
105.52,177.53807067871094,-201.39505004882812,-17.46647071838379,178.6883223500224,-201.6238012750073,-17.46613489958882,1.172777107385513,0.42550625962770056,0.06523937743296282,3.5323664902644675e-05,12.712150052308964,34.50892987082427,nan,0.05145341336862573,nan
105.53,177.5389404296875,-201.4037628173828,-17.468570709228516,178.68910519500102,-201.63268572920126,-17.46828518318678,1.1727253593443174,0.42555343860106787,0.06526170904767842,3.602964610876186e-05,12.654149102644189,34.471863435838664,nan,nan,nan
105.54,177.53977966308594,-201.4124755859375,-17.470745086669922,178.68986202355714,-201.641567563586,-17.47240243841244,1.1726786929524684,0.4256007048254671,0.06528410601146642,3.530821388822355e-05,12.673468307461578,34.128247487236834,nan,2.4788386619031524,nan
105.55,177.54061889648438,-201.4211883544922,-17.472944259643555,178.68194379944563,-201.64027321201667,-17.47475687133918,1.16216349730888,0.42553493127575187,0.0652781384381041,3.599227660365565e-05,13.253696018517562,34.30442465864407,4.945892154784084,nan,nan
105.56,177.5414276123047,-201.4298858642578,-17.475135803222656,178.68266998343827,-201.64912680898613,-17.477497631253552,1.1621128687643127,0.42558199773164446,0.06530052819319959,3.527302146284893e-05,13.262908329053852,34.74414673994156,nan,0.13069884467887258,nan
105.57000000000001,177.54222106933594,-201.4385986328125,-17.4773006439209,178.68338184844498,-201.65798073655114,-17.479792405732425,1.1620596542753194,0.4256291512683719,0.06532298335528897,3.5978431078687754e-05,13.221391513883917,33.7585673997571,nan,nan,nan
105.58,177.5430145263672,-201.4473114013672,-17.47943115234375,178.68407913432503,-201.66683474795818,-17.481774324322945,1.161991579008824,0.42567639196874113,0.06534550406374626,3.52604042567112e-05,13.148239679250322,34.048792265377244,nan,0.05587917707739959,nan
105.59,177.5437774658203,-201.45602416992188,-17.481523513793945,178.68475927350522,-201.67568805374194,-17.48400159742031,1.1619371102694396,0.4257237200370116,0.06536809046825422,3.596600211018603e-05,13.107882810304577,33.55183843467386,nan,nan,nan
105.60000000000001,177.54452514648438,-201.4647216796875,-17.48357582092285,178.700932698479,-201.6865206183117,-17.487136081603268,1.1774913464400163,0.4256579259858673,0.06536200993854228,3.522794890065056e-05,13.714617039981448,34.47700445280143,3.9091894826918585,0.510549386846938,nan
105.61,177.54525756835938,-201.4734344482422,-17.48558807373047,178.7016136643401,-201.69536983974206,-17.489297291041364,1.177466983403376,0.4257050540158552,0.06538458826963187,3.593288103867086e-05,13.682781703255547,33.47350077713961,nan,nan,nan
105.62,177.54598999023438,-201.48214721679688,-17.48756217956543,178.70227471358342,-201.7042172768137,-17.49264248642033,1.1774274001075364,0.4257522691211643,0.06540723234075904,3.521790701646982e-05,13.97750413868086,34.03097755035617,nan,1.042156440328169,nan
105.63,177.54669189453125,-201.4908447265625,-17.4894962310791,178.70292652259155,-201.71306620432415,-17.494738947316755,1.1774074852734158,0.42579957149879377,0.0654299423017972,3.592307314371523e-05,13.954053635483916,34.48497930873793,nan,nan,nan
105.64,177.54737854003906,-201.4995574951172,-17.491392135620117,178.70356770551817,-201.72191617161155,-17.49589177827901,1.1773856692552591,0.42584696124242283,0.06545271829183048,3.520907434350678e-05,13.709974491344548,33.208802996658264,nan,0.572337436181233,nan
105.65,177.54806518554688,-201.50827026367188,-17.493249893188477,178.66894235361374,-201.71631475930414,-17.498021720110064,1.1400310997462557,0.42578114613634455,0.06544652137971088,3.589247615503315e-05,13.657630012295755,33.71093068626421,11.637437413732707,nan,nan
105.66,177.54873657226562,-201.5169677734375,-17.495071411132812,178.6695055983434,-201.72514095999173,-17.49734254844722,1.1399405438355767,0.4258283355725134,0.06546928841662897,3.518023082183911e-05,13.114128574186637,33.91035224237359,nan,4.935717532086005,nan
105.67,177.54937744140625,-201.5256805419922,-17.496856689453125,178.67004482193823,-201.73396324232507,-17.499259018241183,1.1398608828405261,0.42587561218519104,0.06549212153366973,3.588503903323946e-05,13.075020079343798,32.42207508019421,nan,nan,nan
105.68,177.55001831054688,-201.53439331054688,-17.498605728149414,178.6860045253913,-201.73443412876586,-17.50117542055321,1.1534676469625522,0.4243361002692361,0.06505040100223455,3.5173510660466655e-05,19.598169426119888,39.271995727409866,nan,0.0006727008543804849,0.15010530994743593
105.69,177.55064392089844,-201.5430908203125,-17.500320434570312,178.68652746761046,-201.7432325556528,-17.50302249333614,1.1533843448901537,0.42438158209825,0.0650707513496855,3.587859897570145e-05,19.531570105566423,39.97022560744191,nan,nan,nan
105.7,177.55126953125,-201.5518035888672,-17.501998901367188,178.72890494047817,-201.77204115403114,-17.50426162484391,1.198054615656101,0.4243126825583915,0.06506556017189,3.5146806216691984e-05,19.091606893903272,39.35171660570918,17.00598482947788,0.1552586876843594,nan
105.71000000000001,177.55186462402344,-201.5605010986328,-17.503646850585938,178.7294634074798,-201.7808818504241,-17.50603534272992,1.198045189236511,0.4243579708500317,0.06508590972234715,3.5851316214303846e-05,19.0238362739978,39.58093211019992,nan,nan,nan
105.72,177.55245971679688,-201.5692138671875,-17.505260467529297,178.72996762244884,-201.78973599231753,-17.510541042994856,1.1979911352017545,0.4244033448072813,0.06510631838054884,3.5142205289062506e-05,19.578676233296267,39.57026921072196,nan,5.350705682823143,nan
105.73,177.55303955078125,-201.5779266357422,-17.5068416595459,178.73050187992027,-201.798576625725,-17.512278482405044,1.1979705813014339,0.42444880523521067,0.06512678635914748,3.5847028992592016e-05,19.530778501046484,39.41867340272011,nan,nan,nan
105.74000000000001,177.55360412597656,-201.5866241455078,-17.508392333984375,178.73103450077366,-201.80741406945114,-17.513307456930335,1.1979627024424877,0.4244943516322544,0.06514731373576596,3.513854299572789e-05,19.313152711932727,39.971418871962435,nan,0.3216088250692965,nan
105.75,177.5541534423828,-201.5953369140625,-17.509910583496094,178.72958442100168,-201.81960900536038,-17.514951365767395,1.1966458815864982,0.4244254895006593,0.06514205223347283,3.582169190532442e-05,18.7292071602695,39.107395031274514,2.7915562930387257,nan,nan
105.76,177.55470275878906,-201.6040496826172,-17.51140022277832,178.73006078699,-201.8284677717842,-17.517317733513067,1.1966056117765318,0.4244708422140537,0.06516257823942152,3.511462011937954e-05,18.938619869683468,39.51384092856783,nan,0.3705256690543827,nan
105.77,177.55523681640625,-201.6127471923828,-17.512859344482422,178.7305368666813,-201.83732309618898,-17.518935694641172,1.1965790683352786,0.42451628128840047,0.06518316381952617,3.581922569803004e-05,18.8923023971852,40.30571768889796,nan,nan,nan
105.78,177.55575561523438,-201.6214599609375,-17.5142879486084,178.73100064993,-201.84617888798212,-17.520634696375073,1.196553287136018,0.4245618062785441,0.06520380905704758,3.511266359841488e-05,18.93141049287337,39.31996153203631,nan,0.008368203195249948,nan
105.79,177.55625915527344,-201.6301727294922,-17.515689849853516,178.73145543577402,-201.85503419753738,-17.52219787987978,1.1965330467516029,0.42460741790493994,0.06522451415651129,3.581761225396611e-05,18.88999043424276,39.03341740499707,nan,nan,nan
105.8,177.5567626953125,-201.6388702392578,-17.51706314086914,178.7491739908035,-201.86620090380188,-17.52368176231239,1.2139059826882859,0.42453859236940955,0.06521917917571608,3.651402295326216e-05,19.509183603388443,39.97932743786372,6.229075290410135,nan,nan
105.81,177.55726623535156,-201.6475830078125,-17.518409729003906,178.74964734157487,-201.8750508009576,-17.525189996629614,1.213902908566292,0.42458401013263675,0.06523988230859154,3.7246879331724563e-05,19.466883840782426,39.18699995074325,nan,nan,nan
105.82000000000001,177.5577392578125,-201.6562957763672,-17.519729614257812,178.7501370377783,-201.883892248391,-17.52474209300379,1.2139348189619714,0.42462951373479807,0.06526064535209355,3.6455351850347424e-05,18.846441288156278,38.016170254101176,nan,2.420329882772469,nan
105.83,177.55821228027344,-201.6649932861328,-17.52102279663086,178.75059077826884,-201.89274212247392,-17.52617951666267,1.2139450591760717,0.4246751038865831,0.0652814685099128,3.718685220216067e-05,18.794738148080103,39.143543122924235,nan,nan,nan
105.84,177.55868530273438,-201.6737060546875,-17.522289276123047,178.75101885879235,-201.90159746314387,-17.528815717239155,1.2139342640290396,0.4247207801805786,0.06530235186866719,3.639882349896759e-05,19.1740325126636,38.86172758250843,nan,0.976125165600304,nan
105.85000000000001,177.5591278076172,-201.6824188232422,-17.523530960083008,178.765025491172,-201.9064170303306,-17.530246105568867,1.2265437265587296,0.42465199073640647,0.06529694026770827,3.710546534071676e-05,20.460145859943335,38.032931461736936,15.150959618277826,nan,nan
105.86,177.5595703125,-201.6911163330078,-17.524747848510742,178.76551474804265,-201.91523461531875,-17.530117692168357,1.226604998075252,0.4246974730097574,0.06531782104761975,3.6321819890021374e-05,19.962780957882547,38.61406267434076,nan,1.4831156464854276,nan
105.87,177.5600128173828,-201.6998291015625,-17.525941848754883,178.76597588144406,-201.92405860196993,-17.531456269748237,1.2266442799654103,0.42474304172239136,0.06533876218800053,3.704992555588888e-05,19.915498901590524,37.81780327567536,nan,nan,nan
105.88,177.56044006347656,-201.7085418701172,-17.527111053466797,178.76640886615812,-201.93288909786503,-17.534314205993887,1.2266802016196603,0.42478869652184126,0.06535976378108431,3.626956294059589e-05,20.451767373583195,38.23359858036225,nan,1.5616738888587045,nan
105.89,177.56085205078125,-201.7172393798828,-17.528255462646484,178.76685253349993,-201.94171339264784,-17.53562262418741,1.2267355141976166,0.4248344380363653,0.06538082602241997,3.699654804261431e-05,20.41333145674558,38.99925424299682,nan,nan,nan
105.9,177.56126403808594,-201.7259521484375,-17.52937889099121,178.74851170345798,-201.9433637853179,-17.537572339624223,1.2070178007729955,0.4247656839131624,0.06537533461411502,3.619696391538633e-05,20.655308083849377,38.46130199656572,3.2015781822876703,0.25212813000345163,nan
105.91,177.56167602539062,-201.7346649169922,-17.530479431152344,178.7489070979289,-201.95217640548526,-17.538844123878622,1.2070206441114735,0.4248112312172198,0.06539639364273207,3.692198911761766e-05,20.622206510561995,38.641717318970045,nan,nan,nan
105.92,177.56207275390625,-201.7433624267578,-17.531558990478516,178.7493245814269,-201.96097936699994,-17.537568502851144,1.207046042564409,0.42485686455004706,0.06541751337183507,3.614884043694254e-05,19.65140260267012,38.333079469922296,nan,4.219060406894403,nan
105.93,177.5624542236328,-201.7520751953125,-17.532615661621094,178.74970377713862,-201.969792298066,-17.538773474251286,1.207062615520633,0.4249025844901003,0.06543869399182002,3.6872895263870845e-05,19.608567046807906,37.274339898169735,nan,nan,nan
105.94,177.56283569335938,-201.7607879638672,-17.53365135192871,178.7500678621265,-201.97860773000724,-17.54057681869503,1.2070681982252547,0.42494839075965263,0.06545993560240258,3.610270690397104e-05,19.83636590987732,37.66818737481113,nan,0.253653133611758,nan
105.95,177.56320190429688,-201.7694854736328,-17.534666061401367,178.74005591986128,-201.98008606901877,-17.541715502695695,1.1955700227713717,0.4248796718394356,0.06545436125274028,3.6802728442923126e-05,20.1961616622202,38.18112948498905,2.2469677493733635,nan,nan
105.96000000000001,177.56356811523438,-201.7781982421875,-17.535661697387695,178.74040963821147,-201.98887758680314,-17.542233020209604,1.195568876616636,0.4249252837285511,0.06547559900108292,3.603635235806754e-05,19.972522899918882,37.198227732481584,nan,0.26702203930193863,nan
105.97,177.5639190673828,-201.7869110107422,-17.536636352539062,178.74074890947352,-201.99767147585038,-17.543358857301676,1.1955725168128257,0.42497098211839074,0.06549689787933448,3.6757758157152876e-05,19.93274882445454,36.994898163893225,nan,nan,nan
105.98,177.56427001953125,-201.79562377929688,-17.5375919342041,178.74109018448485,-202.00646234742774,-17.543639634232555,1.1955731584175513,0.4250167667761896,0.06551825799191593,3.5994137779337575e-05,19.64836416463136,36.83683802713153,nan,0.45539488812733137,nan
105.99000000000001,177.5646209716797,-201.8043212890625,-17.538528442382812,178.74141530209374,-202.01525615239464,-17.544720276619795,1.1955654526101156,0.4250626382129325,0.06553967952238018,3.6714769108316843e-05,19.603342289131987,37.829770474930555,nan,nan,nan
106.0,177.56495666503906,-201.8130340576172,-17.539447784423828,178.7738229370282,-202.02555128326762,-17.54882509667187,1.2274400876360803,0.42499395348312297,0.06553401898875334,3.593177708556665e-05,22.559920299162734,37.87975220978767,27.588694426057042,6.697648403565378,nan
106.01,177.56527709960938,-201.82174682617188,-17.540346145629883,178.7742112001938,-202.0343255679841,-17.54989916783663,1.2275188964979857,0.4250396303419693,0.06555543598669823,3.665079393912523e-05,22.5340026860898,37.78542110105318,nan,nan,nan
106.02,177.5655975341797,-201.83045959472656,-17.541229248046875,178.77460043927348,-202.04309751775259,-17.550228635964604,1.227592725547425,0.4250853934048238,0.06557691445874866,3.589331869154836e-05,22.231557140844508,37.48669740100018,nan,0.3549711214729674,nan
106.03,177.56591796875,-201.83917236328125,-17.54209327697754,178.77497560047615,-202.05187195618848,-17.5512616508695,1.2276585570662466,0.42513124314226247,0.06559845458418187,3.6611685638592355e-05,22.202176381224486,37.631526421933614,nan,nan,nan
106.04,177.5663299560547,-201.84786987304688,-17.543046951293945,178.77538685854023,-202.06064943433637,-17.553164466855648,1.22767915159932,0.4251771793821831,0.0656200564736462,3.585666353754297e-05,22.687562264246,38.89296359242774,nan,0.4663134956545887,nan
106.05,177.56683349609375,-201.85658264160156,-17.54408836364746,178.80076062091237,-202.08341807181162,-17.554463190583526,1.2546466031499404,0.425108528545118,0.06561430657734388,3.6551646768281214e-05,22.295118369750632,38.30680513060446,7.909941352509041,nan,nan
106.06,177.5674285888672,-201.86529541015625,-17.545215606689453,178.8013970299778,-202.09222699282284,-17.556143490744557,1.254709319132706,0.4251542700249672,0.06563590324843863,3.579990785232328e-05,22.615384940823734,38.64502111690953,nan,0.11975495807774947,nan
106.07000000000001,177.56813049316406,-201.87400817871094,-17.546430587768555,178.80213035151525,-202.10103462447643,-17.557494202207454,1.2547585668375023,0.42520009807615133,0.06565756180481286,3.6516240485719155e-05,22.560506123547846,38.79616943421858,nan,nan,nan
106.08,177.56890869140625,-201.88272094726562,-17.547731399536133,178.80296330904835,-202.10983954956404,-17.558101140509716,1.2548231709534372,0.4252460125627325,0.0656792823609799,3.576676588779273e-05,22.144876941546837,38.04281536099728,nan,0.46584179518665825,nan
106.09,177.5697784423828,-201.89141845703125,-17.549116134643555,178.80387897349885,-202.11864690301732,-17.559615957529452,1.254889291470278,0.4252920139010035,0.06570106509057934,3.648260830405793e-05,22.088534876773537,38.88259986892952,nan,nan,nan
106.10000000000001,177.57073974609375,-201.90013122558594,-17.550582885742188,178.80455751156614,-202.125834001413,-17.561132660312957,1.254336206586908,0.4252233959807122,0.06569522257014679,3.571355507259917e-05,22.335018914305802,38.094177087793604,0.27951337791723624,0.0030277310007025293,nan
106.11,177.57179260253906,-201.90884399414062,-17.552133560180664,178.8056539667714,-202.13463535249565,-17.562815402956144,1.2543961517073234,0.4252692023537989,0.06571699937582545,3.6428064468394894e-05,22.281450561955115,38.03037088963619,nan,nan,nan
106.12,177.5729217529297,-201.9175567626953,-17.55376434326172,178.80683110577593,-202.1434388980724,-17.565356725700028,1.2544677809551472,0.4253150950930271,0.06573883841313574,3.5683750986550755e-05,22.846627792029587,38.42866502721084,nan,0.40831381434532743,nan
106.13,177.5741424560547,-201.92626953125,-17.55547523498535,178.80810184555912,-202.15224008630148,-17.567212075034693,1.2545342642234896,0.4253610745824855,0.06576073985224254,3.639787161994789e-05,22.796794437118848,38.46969793460369,nan,nan,nan
106.14,177.57540893554688,-201.93496704101562,-17.557266235351562,178.8094091074782,-202.16104873291414,-17.571723705957478,1.254622801560105,0.4254071407345978,0.06578270381273488,3.5655545291068616e-05,24.804804922482944,41.580113802197246,nan,4.50970531244155,nan
106.15,177.57666015625,-201.9436798095703,-17.55913734436035,178.80666801495852,-202.17560722825104,-17.573949252891953,1.2517703673817204,0.42533855528021286,0.06577676545430804,3.634678418211264e-05,24.019851304793736,40.50889941508213,8.12423316909485,nan,nan
106.16,177.57791137695312,-201.952392578125,-17.561084747314453,178.80800278387875,-202.1844281332715,-17.574567090749284,1.251857476643766,0.42538442627334944,0.06579872276989764,3.5607261390398834e-05,23.02287870022055,39.739401934143174,nan,1.5475631395961194,nan
106.17,177.57913208007812,-201.9611053466797,-17.563108444213867,178.80931071906858,-202.19325293879257,-17.576754905302497,1.2519657400474076,0.4254303839161351,0.06582074271204558,3.631984466134011e-05,22.980618162172664,39.40831139389185,nan,nan,nan
106.18,177.58035278320312,-201.9698028564453,-17.565208435058594,178.81058985000723,-202.20208068985255,-17.580183536587743,1.2520624928880124,0.4254764281495402,0.06584282540344677,3.558213871633075e-05,24.088411523392562,41.78715518391269,nan,0.924433885513798,nan
106.19,177.58152770996094,-201.978515625,-17.567384719848633,178.8118568407708,-202.21090509988494,-17.582536454253507,1.2521757916571035,0.425522559314793,0.06586497100972284,3.629446060234125e-05,24.047445735420556,40.27630797040177,nan,nan,nan
106.2,177.58270263671875,-201.9872283935547,-17.569583892822266,178.7950353023937,-202.21094236335773,-17.58332514271293,1.23287763159858,0.4254540053709124,0.06585893353848471,3.553693882401045e-05,23.124535754931262,39.54688367683862,3.0640119272930515,1.7514184323028534,nan
106.21000000000001,177.58383178710938,-201.9959259033203,-17.571775436401367,178.7962305916819,-202.21974787809552,-17.585722144119757,1.2329645770975557,0.42549994116442136,0.06588107176019571,3.624815250172142e-05,23.1120468528463,39.79196493491739,nan,nan,nan
106.22,177.5849609375,-202.004638671875,-17.573942184448242,178.7974073334427,-202.22855174305593,-17.58755959611077,1.2330242334927914,0.42554596347457924,0.06590327295514302,3.5514721070311946e-05,22.90306432565631,39.0874327137625,nan,0.20183570578661383,nan
106.23,177.5860595703125,-202.0133514404297,-17.576072692871094,178.79855760407335,-202.23735697769465,-17.589904916823407,1.2330941947064553,0.4255920726174504,0.06592553728618933,3.622575447237754e-05,22.899798533746075,38.92763999622152,nan,nan,nan
106.24000000000001,177.58712768554688,-202.0220489501953,-17.57816505432129,178.79969837392738,-202.2461580745309,-17.590523532805953,1.2331688067416022,0.4256382685718072,0.06594786488007125,3.549389126069947e-05,21.856556775332848,38.529582229949455,nan,1.9632497552363248,nan
106.25,177.5881805419922,-202.03076171875,-17.580217361450195,178.80956847496918,-202.26971701175216,-17.592774875328367,1.2446066872833228,0.42556974555786276,0.06594172505621924,3.618242284709522e-05,20.616104066888244,38.07441447499429,14.278381555220145,nan,nan
106.26,177.58921813964844,-202.0394744873047,-17.582231521606445,178.8106374841349,-202.2785710872132,-17.596179074322748,1.2446794500594647,0.425615745935655,0.06596404451064912,3.545293689000672e-05,21.681943547598454,39.153855302570804,nan,0.9702207133986895,nan
106.27,177.59022521972656,-202.0481719970703,-17.584205627441406,178.81169408383022,-202.28742226613548,-17.59836862462714,1.244760004061712,0.42566183304768274,0.0659864273188027,3.6162826430409014e-05,21.677693914792258,39.823184456605475,nan,nan,nan
106.28,177.59121704101562,-202.056884765625,-17.586139678955078,178.812734021555,-202.29627206922433,-17.59997198315405,1.2448298468104175,0.42570800689478666,0.06600887360985144,3.543475829836095e-05,21.468132133774716,38.77164051304165,nan,0.20672275377559263,nan
106.29,177.59219360351562,-202.06558227539062,-17.588035583496094,178.81375023888623,-202.30512283628218,-17.602080069133592,1.2449006150319843,0.42575426775988845,0.06603138354308653,3.614456677566172e-05,21.461863354520002,39.71048813192433,nan,nan,nan
106.3,177.5931396484375,-202.0742950439453,-17.589895248413086,178.78329130558328,-202.2956677665416,-17.60375958283376,1.2106440720069067,0.42568577472786623,0.06602513808397624,3.5396435669495364e-05,21.928910132959054,38.07966718444321,12.21846101551114,0.1740693360522932,nan
106.31,177.5940704345703,-202.08299255371094,-17.591716766357422,178.78422881364867,-202.30447597255645,-17.605791168097667,1.210673350205685,0.4257318397959989,0.06604763910517161,3.61053116889917e-05,21.92159534948494,39.02422246914534,nan,nan,nan
106.32000000000001,177.59498596191406,-202.09170532226562,-17.593502044677734,178.78515051806968,-202.31328323638763,-17.607340070819426,1.2106939884724246,0.42577799152108364,0.0660702038254788,3.5380734907127236e-05,21.78603879390253,38.04613872582746,nan,0.13800870006797808,nan
106.33,177.59588623046875,-202.1004180908203,-17.595251083374023,178.78605100435416,-202.32209133693974,-17.609296673028258,1.2107140437079167,0.4258242301668116,0.06609283240205577,3.608959345760177e-05,21.778777921630038,38.07891909886162,nan,nan,nan
106.34,177.59677124023438,-202.10911560058594,-17.596965789794922,178.78694027593878,-202.3308969957866,-17.610112901068444,1.210727949351764,0.4258705557629231,0.06611552496720784,3.5366215751519284e-05,21.136875133518135,38.317013251467515,nan,0.8458850883294006,nan
106.35000000000001,177.59762573242188,-202.11782836914062,-17.59864616394043,178.80441817922613,-202.34126545046803,-17.61193162465972,1.2273746952102442,0.4258020920231731,0.06610917061593861,3.605285321064926e-05,21.744623907997024,37.01721731466356,5.389051199937948,nan,nan
106.36,177.5984649658203,-202.12652587890625,-17.600292205810547,178.8052885234731,-202.35007124430055,-17.616055661603284,1.227454323481552,0.42584822160704344,0.06613185348150985,3.533148094336394e-05,23.82029859254783,39.99481470704426,nan,3.600751777092931,nan
106.37,177.59930419921875,-202.13523864746094,-17.60190773010254,178.80615540690465,-202.35887256800154,-17.61789042645476,1.227500474334722,0.42589443801465204,0.06615460041384023,3.603950023872682e-05,23.814738161653498,39.39502324515627,nan,nan,nan
106.38,177.60011291503906,-202.14393615722656,-17.60348892211914,178.80700780405746,-202.36767312087298,-17.619286381915497,1.2275597996743264,0.42594074129239945,0.06617741154708996,3.531919689988342e-05,23.731297907700668,39.89382127054952,nan,0.1150125016032442,nan
106.39,177.6009063720703,-202.15264892578125,-17.605039596557617,178.807841537161,-202.3764743706645,-17.621054739972433,1.2276183475853957,0.42598713167894875,0.06620028703568877,3.602727392919417e-05,23.725230674901187,38.967646060271974,nan,nan,nan
106.4,177.6016845703125,-202.16134643554688,-17.60655975341797,178.82415944859605,-202.39651450510618,-17.621988310828478,1.2449846944273648,0.4259186962803716,0.06619382050736328,3.528666543835608e-05,22.82420731364266,39.62499805409823,5.349894821863266,0.6243465758274817,nan
106.41,177.60244750976562,-202.17005920410156,-17.608047485351562,178.82497765187065,-202.40534392854235,-17.623690232888485,1.2450636712477896,0.42596489042668323,0.0662166854920758,3.599394416488228e-05,22.817707987254167,38.71827262284658,nan,nan,nan
106.42,177.6031951904297,-202.1787567138672,-17.609506607055664,178.82577985003692,-202.414173386836,-17.625495843539614,1.2451465437859075,0.4260111713613792,0.06623961488625348,3.527645334477694e-05,23.20644822847666,39.94452911223681,nan,0.012201974684071026,nan
106.43,177.6039276123047,-202.18746948242188,-17.610937118530273,178.82656773270793,-202.4230026740182,-17.627141912479814,1.2452258203675939,0.42605753930879664,0.06626260884272722,3.598383864872371e-05,23.19851055466036,38.986858500598004,nan,nan,nan
106.44,177.60464477539062,-202.1961669921875,-17.61233901977539,178.82734272668284,-202.431831358859,-17.628389002006593,1.2453054146443312,0.4261039943368743,0.06628566749801258,3.526722782052672e-05,23.145516616432296,39.774358568736744,nan,0.09571521240417924,nan
106.45,177.6053466796875,-202.2048797607422,-17.61371421813965,178.81960872170995,-202.43742229128395,-17.629909357386108,1.2364346394947534,0.4260355864986288,0.06627908552706781,3.595259362485582e-05,23.059834673367966,38.684256975188575,0.8343113584271992,nan,nan
106.46000000000001,177.6060333251953,-202.21359252929688,-17.615060806274414,178.82034079888402,-202.4462459430716,-17.631161910478223,1.23649888683891,0.4260818450613089,0.06630213285954153,3.5237669813034087e-05,23.06409231176312,38.641702507008674,nan,0.06539315637285724,nan
106.47,177.60671997070312,-202.2222900390625,-17.616378784179688,178.8210575119376,-202.45507012362543,-17.632691563584803,1.2365550285338807,0.4261281905408916,0.06632524495767261,3.5944445724295316e-05,23.050727422510725,39.830755205892025,nan,nan,nan
106.48,177.6073760986328,-202.2310028076172,-17.617673873901367,178.8217628292653,-202.4638936379016,-17.633684434885055,1.2366202361395615,0.42617462301755016,0.06634842195934212,3.523029152710565e-05,22.86655527230553,38.30010023756576,nan,0.18215060727126056,nan
106.49000000000001,177.6080322265625,-202.2397003173828,-17.618940353393555,178.82245228979946,-202.47271788203514,-17.635158563152075,1.2366795485317648,0.4262211426972363,0.06637166401536704,3.593722920125585e-05,22.850707602534996,39.47390711500216,nan,nan,nan
106.5,177.60865783691406,-202.2484130859375,-17.620182037353516,178.82619203334372,-202.47934623724476,-17.635899103340023,1.2393412225902622,0.426152761457163,0.06636496332025106,3.520254304816379e-05,22.894177952722174,37.78404869354137,1.1906373435934512,0.35957117837800895,nan
106.51,177.60928344726562,-202.25711059570312,-17.621400833129883,178.82686666664273,-202.48816092518888,-17.637317565935824,1.2394137699926546,0.42619908443593707,0.06638819321866708,3.590878206327044e-05,22.87381675952448,38.83848553582169,nan,nan,nan
106.52,177.60989379882812,-202.2658233642578,-17.62259292602539,178.82753537634125,-202.49697368743634,-17.637190136863147,1.2394735018379455,0.42624549432687836,0.06641148822159618,3.519686283467788e-05,21.816290378426803,36.8690781724444,nan,1.6178889099981362,nan
106.53,177.61050415039062,-202.27452087402344,-17.623762130737305,178.82818539670828,-202.5057885764787,-17.63854665436198,1.2395365867821144,0.42629199132558404,0.06643484847870178,3.590330030898897e-05,21.792258579992094,37.93152751336034,nan,nan,nan
106.54,177.611083984375,-202.28323364257812,-17.624908447265625,178.82883069280868,-202.51460124797126,-17.638042493618922,1.2396009510725716,0.4263385755278026,0.06645827412956928,3.519199043355256e-05,20.55041602054743,35.4134180709364,nan,2.3588737493990832,nan
106.55,177.61166381835938,-202.2919464111328,-17.62603187561035,178.8173064298791,-202.51798396615735,-17.63929594636968,1.22672043211429,0.426270220029236,0.06645145144406765,3.587654818764095e-05,20.541374402598265,35.52045640240216,1.3753084754930915,nan,nan
106.56,177.6122283935547,-202.30064392089844,-17.627132415771484,178.8179017351892,-202.52678923096897,-17.640630289077162,1.226773043630645,0.4263166072960386,0.06647486408830057,3.516665758844832e-05,20.761084315674307,36.52889104187001,nan,0.0028025260211550665,nan
106.57000000000001,177.61277770996094,-202.30935668945312,-17.628211975097656,178.81848584472328,-202.53559471763455,-17.64188081029594,1.2268262259518237,0.4263630815754369,0.06649834218295714,3.5872654066339384e-05,20.733349377466613,35.53372851450391,nan,nan,nan
106.58,177.61331176757812,-202.3180694580078,-17.629268646240234,178.81906862430105,-202.54439731281192,-17.640422254193425,1.226865232356415,0.4264096429718695,0.06652188586858594,3.516328112661462e-05,19.00802296393532,33.72199528739073,nan,5.055348722670711,nan
106.59,177.6138458251953,-202.32676696777344,-17.63030433654785,178.81963086252892,-202.55320295709967,-17.641605151705765,1.2269142276226992,0.4264562916678695,0.06654549529342592,3.5869514938733206e-05,18.97385501838599,34.754581940351905,nan,nan,nan
106.60000000000001,177.61436462402344,-202.33547973632812,-17.63132095336914,178.8106251053211,-202.56444250418778,-17.642692834179037,1.2180280817179914,0.42638796093186776,0.06653854734493189,3.51394053090634e-05,18.39939304338717,33.912494014863604,4.311068478171495,0.0050725926492808686,nan
106.61,177.61488342285156,-202.34417724609375,-17.63231658935547,178.8111397372274,-202.57326284711488,-17.64383547282686,1.2180484665873041,0.42643441244952446,0.06656214289908924,3.5845012110624576e-05,18.364382958482953,34.99105115126883,nan,nan,nan
106.62,177.61537170410156,-202.35289001464844,-17.633291244506836,178.81163859400414,-202.5820849718633,-17.64663657450237,1.2180980658890297,0.4264809509965773,0.0665858042377245,3.5137391884197746e-05,19.677569470699254,34.9514262069674,nan,1.971682648597862,nan
106.63,177.61587524414062,-202.36160278320312,-17.634246826171875,178.81213281059868,-202.59090547221106,-17.6477579333486,1.2181110123923713,0.42652757674834746,0.06660953150828401,3.5843262945878906e-05,19.64727481892544,35.483050305721,nan,nan,nan
106.64,177.61634826660156,-202.37030029296875,-17.63518524169922,178.8126190597937,-202.5997254787955,-17.648213479498743,1.2181418068173853,0.42657428982012796,0.06663332485249096,3.513602686777131e-05,19.32998563084625,35.530625595219924,nan,0.2938124497603736,nan
106.65,177.6168212890625,-202.37901306152344,-17.6361026763916,178.80681481137609,-202.60564325378994,-17.649191315198742,1.2114524917060792,0.4265059829272836,0.06662624838171521,3.582011084641921e-05,19.27138647710601,34.75474222955488,0.8159864273165258,nan,nan
106.66,177.61727905273438,-202.38772583007812,-17.63700294494629,178.76352861633922,-202.57724203594998,-17.65017968326017,1.1618855712956169,0.42051876379370684,0.062282198109548624,3.511396852948461e-05,25.58572916974861,40.91401997734606,nan,0.004150859308491867,0.3171060394073078
106.67,177.61773681640625,-202.39642333984375,-17.63788414001465,178.76398470715102,-202.5860220158191,-17.651221407032534,1.1618992071862178,0.42056821435287295,0.06229770523496562,3.5819515268680185e-05,25.525917642684572,41.976930753989386,nan,nan,nan
106.68,177.61817932128906,-202.40513610839844,-17.638748168945312,178.7644328121188,-202.59480325883982,-17.652304727919486,1.161918445282253,0.4206177509430834,0.06231327011687309,3.511379313193092e-05,25.715288880318404,41.13757439222278,nan,0.0024006164208154566,nan
106.69,177.61871337890625,-202.41384887695312,-17.63970184326172,178.7649223626166,-202.60358344668447,-17.653366851673464,1.161886816236568,0.4206673747866733,0.062328894014342676,3.5819630160747054e-05,25.61342460196281,40.99167301181832,nan,nan,nan
106.7,177.6193389892578,-202.42254638671875,-17.640743255615234,178.8070182634817,-202.63317622681222,-17.652668675938553,1.2062707837001847,0.4206043054719779,0.06232489832865907,3.50929922159157e-05,23.882198633524776,41.039217657590065,22.46225058974242,2.6523512459224845,nan
106.71000000000001,177.6200714111328,-202.43125915527344,-17.64187240600586,178.80776015014834,-202.64200694419193,-17.653891746331904,1.2063016355208187,0.42065371752128544,0.062340544685100564,3.579825183757871e-05,23.783806338823332,40.3400957092803,nan,nan,nan
106.72,177.62088012695312,-202.43997192382812,-17.64308738708496,178.80862117306503,-202.65086578277393,-17.656674639841274,1.2063953024599907,0.4207032155427255,0.062356249107224135,3.509388705651203e-05,24.928641445641045,41.197883287734435,nan,1.5218597181824052,nan
106.73,177.6217803955078,-202.4486846923828,-17.64438819885254,178.8095444621071,-202.65969660314036,-17.65808696358275,1.2064398702551202,0.4207528007031694,0.062372012770663204,3.5799456224167684e-05,24.829973806998034,41.12957899135486,nan,nan,nan
106.74000000000001,177.62277221679688,-202.45738220214844,-17.64577293395996,178.81059860306607,-202.6685689575111,-17.661811447646393,1.206560650559768,0.42080247213843675,0.062387834808298584,3.509529166864564e-05,26.835783166263113,44.11902531024529,nan,3.480380217103584,nan
106.75,177.6238555908203,-202.46609497070312,-17.647239685058594,178.80735630154666,-202.68071618525053,-17.663386942592307,1.202911855436398,0.4207392991026423,0.06238384798765545,3.5779131566793346e-05,26.047727963339437,43.29895548990175,3.872630150478149,nan,nan
106.76,177.62501525878906,-202.4748077392578,-17.64879035949707,178.80849417724713,-202.68952710002026,-17.66293636668825,1.2028827307100036,0.4207887584746643,0.06239969200830521,3.507598635370745e-05,24.38649240119279,41.37457591795237,nan,3.2162780125057346,nan
106.77,177.6262664794922,-202.4835205078125,-17.650421142578125,178.8097577949382,-202.6983768678236,-17.664686154921487,1.202920795293909,0.42083830487055524,0.06241559549371873,3.578131410818213e-05,24.289654722680513,41.39653085239673,nan,nan,nan
106.78,177.62759399414062,-202.49221801757812,-17.65213394165039,178.8110683721117,-202.70718875309313,-17.66440867515705,1.2029026101578324,0.42088793748205144,0.062431557656319435,3.5078309964758517e-05,22.81774269015291,40.66591474724872,nan,3.126643082517762,nan
106.79,177.62901306152344,-202.5009307861328,-17.6539249420166,178.8125015618458,-202.71603838824672,-17.666300221345992,1.2029420012706198,0.42093765739267414,0.062447579553969436,3.5783963119750855e-05,22.724209688115558,39.80449259190376,nan,nan,nan
106.8,177.63052368164062,-202.5096435546875,-17.655794143676758,178.80409233756694,-202.7120064333154,-17.667631241225756,1.1909467837387426,0.4208743799003154,0.06244359697509414,3.50598912678322e-05,23.57356514845118,39.268262308861985,14.423787932399497,0.2899674479667984,nan
106.81,177.632080078125,-202.51834106445312,-17.657743453979492,178.80566612430502,-202.7208086066355,-17.66967570558553,1.190982658166866,0.4209238874493689,0.06245964031518552,3.576499938708712e-05,23.479702155392943,39.89454371535105,nan,nan,nan
106.82000000000001,177.63363647460938,-202.5270538330078,-17.659767150878906,178.80728274126875,-202.72962158247074,-17.672431045604018,1.19106659200717,0.420973481154128,0.062475742629846086,3.506303550801192e-05,23.998515667119555,39.32014607603415,nan,0.28153902340308307,nan
106.83,177.63519287109375,-202.5357666015625,-17.661867141723633,178.80888846546677,-202.73842357642206,-17.67463741543724,1.1911315114631869,0.4210231620424173,0.06249190490162713,3.576848244637238e-05,23.91012555074601,39.436515273990125,nan,nan,nan
106.84,177.63673400878906,-202.54446411132812,-17.664043426513672,178.81050159134253,-202.74724727572683,-17.678229308087467,1.1912399375663112,0.42107292938901647,0.06250812645453309,3.506657192696836e-05,25.014004712862526,41.51347286179321,nan,1.2053552972609016,nan
106.85000000000001,177.63824462890625,-202.5531768798828,-17.666244506835938,178.81401139557673,-202.7498676553509,-17.680464212439833,1.1921899809965053,0.4210095485901865,0.06250414529825442,3.575032216715832e-05,25.848221565528334,40.20491183609511,7.4612871098523526,nan,nan
106.86,177.6397247314453,-202.56187438964844,-17.66843605041504,178.81554266628078,-202.75862213830175,-17.68177795030892,1.192239698539543,0.4210591033041949,0.06252038776899674,3.504928923282546e-05,25.19739703796601,40.3456442145976,nan,0.7617802773153761,nan
106.87,177.64117431640625,-202.57058715820312,-17.67060089111328,178.8170638023575,-202.7673934087861,-17.684104633466994,1.1923217411826241,0.42110874508590906,0.06253669041688195,3.5754545622288504e-05,25.147623764421706,39.376238728993684,nan,nan,nan
106.88,177.64260864257812,-202.57928466796875,-17.672731399536133,178.81851439566552,-202.77612399933813,-17.68388644775814,1.192318958005283,0.4211584732649544,0.06255305263672281,3.505352032746845e-05,23.523733453493854,38.883719654244864,nan,4.454493441150142,nan
106.89,177.6439971923828,-202.58799743652344,-17.674823760986328,178.81997889530317,-202.7848947499891,-17.686123611543074,1.192404798831358,0.42120828878729677,0.06256947530605597,3.5759123853752626e-05,23.474324443621903,37.59902370162469,nan,nan,nan
106.9,177.64537048339844,-202.59669494628906,-17.676877975463867,178.78733800836235,-202.78288818198882,-17.6870419009379,1.157091636160941,0.4211448040721468,0.0625654910480815,3.5036905587354916e-05,22.357272992544214,37.925636129865154,10.61467768558288,1.3002888928046434,nan
106.91,177.64671325683594,-202.60540771484375,-17.678890228271484,178.7886884431347,-202.79164579099455,-17.689190679209116,1.1571076209324564,0.4211944066622131,0.06258193405136357,3.574198367275195e-05,22.306636730611896,36.945361091967335,nan,nan,nan
106.92,177.6480255126953,-202.61410522460938,-17.680864334106445,178.7899956582124,-202.8003877572237,-17.690297137314516,1.1571024038458715,0.42124409558751297,0.0625984369116759,3.504174948946191e-05,21.805140764919653,37.19008115688223,nan,0.7097691572155828,nan
106.93,177.64932250976562,-202.62281799316406,-17.68280029296875,178.79129278137273,-202.809144924465,-17.692359254811517,1.1571107122112134,0.4212938717405114,0.06261500044040531,3.574718382642306e-05,21.751553755708247,36.52960722864636,nan,nan,nan
106.94,177.6505889892578,-202.6315155029297,-17.684696197509766,178.79259399356334,-202.81793012580076,-17.696268239734458,1.1571774944408009,0.42134373453070084,0.06263162413053269,3.504688816978928e-05,22.944377851943077,38.470131773768024,nan,2.5005694696728105,nan
106.95,177.65182495117188,-202.64022827148438,-17.686553955078125,178.82304339354525,-202.83289894211057,-17.698343216222398,1.1870187925022029,0.4212801469010609,0.06262763369353917,3.5730641154830716e-05,23.771293703991766,37.51614395161508,9.684116104436344,nan,nan
106.96000000000001,177.6530303955078,-202.64892578125,-17.68837547302246,178.82433973044164,-202.84167477758183,-17.70179732941944,1.1871385260024143,0.4213297964854812,0.06264427714547462,3.503111316321941e-05,24.95365373989012,39.405608263544075,nan,1.5496713751481699,nan
106.97,177.6542205810547,-202.6576385498047,-17.690160751342773,178.8255883688757,-202.85042868130057,-17.703747911930577,1.187204759121089,0.42137953318215815,0.06266098148281869,3.57363861349686e-05,24.908641037076364,38.690800974725015,nan,nan,nan
106.98,177.6553955078125,-202.6663360595703,-17.691911697387695,178.8267854824458,-202.8591569383805,-17.703882557706226,1.1872142458180548,0.4214293564522958,0.06267774625994973,3.503676241826439e-05,23.762033178631718,38.562670701822825,nan,2.2354338080794873,nan
106.99000000000001,177.6565399169922,-202.67503356933594,-17.693626403808594,178.82798633353914,-202.86791050444188,-17.705746523821684,1.1872805549850882,0.4214792671111035,0.06269457219706416,3.5742394501740246e-05,23.711804166282484,38.36741689070257,nan,nan,nan
107.0,177.65765380859375,-202.68374633789062,-17.6953067779541,178.8238510616875,-202.87947647461897,-17.706621860579723,1.1825626201778532,0.42141557607863483,0.06269057114369413,3.502147747425255e-05,22.564435098677848,36.87427599291277,3.0953436529420295,0.6112450505302717,nan
107.01,177.65875244140625,-202.69244384765625,-17.69695281982422,178.82499451572255,-202.8882471912861,-17.708409766117573,1.1826203054660382,0.4214652732312308,0.06270741621683572,3.5726594500240794e-05,22.512862920258907,37.81943982956547,nan,nan,nan
107.02,177.6598358154297,-202.70115661621094,-17.69856834411621,178.82607302576594,-202.89697835072897,-17.707260450335188,1.18259500049385,0.42151505689213997,0.06272432200238057,3.502757061619403e-05,20.92780765568116,35.496707589550574,nan,5.949967741500039,nan
107.03,177.660888671875,-202.70985412597656,-17.700149536132812,178.82717276660577,-202.90574862064727,-17.708955818542325,1.1826541308743401,0.4215649278269805,0.06274128916389059,3.5733052820959187e-05,20.87198009296975,36.11329400066669,nan,nan,nan
107.04,177.6619110107422,-202.7185516357422,-17.70170021057129,178.8282633856614,-202.9145298226546,-17.711465005378386,1.1827428560100282,0.4216148855710579,0.06275831733991379,3.5033879802030174e-05,21.355005534183697,36.37108542243255,nan,0.5027757740025065,nan
107.05,177.66293334960938,-202.72726440429688,-17.70322036743164,178.8421344759862,-202.91862707723246,-17.71319420187195,1.1946691786494137,0.42155109199800395,0.06275430236811184,3.571768482887489e-05,22.69213528305289,35.924699084102016,12.144790559565482,nan,nan
107.06,177.66392517089844,-202.7359619140625,-17.704710006713867,178.84322641590185,-202.92738884639795,-17.716700148951727,1.194796828084528,0.4216008359596666,0.06277134906179394,3.501919629177801e-05,23.944592623766084,37.78621516226627,nan,2.5224412616796505,nan
107.07000000000001,177.66490173339844,-202.7446746826172,-17.70616912841797,178.8442715810411,-202.93612645106785,-17.718304819656442,1.1948699896530288,0.4216506670809314,0.06278845734549349,3.572453097789703e-05,23.8960735540019,37.0317727663713,nan,nan,nan
107.08,177.6658477783203,-202.7533721923828,-17.707599639892578,178.84528127973059,-202.94484989959207,-17.718741794564394,1.1949272966242515,0.42170058494429513,0.06280562690967505,3.502586861599785e-05,23.251048152628222,36.983792253387314,nan,0.9156251102442954,nan
107.09,177.66677856445312,-202.76206970214844,-17.709001541137695,178.84628765343436,-202.95358753272174,-17.720279365125315,1.195009606543287,0.42175059024482026,0.06282285834069047,3.5731567564293876e-05,23.199227852381934,37.011508540052546,nan,nan,nan
107.10000000000001,177.66769409179688,-202.77078247070312,-17.71037483215332,178.89199140349166,-202.97413936193988,-17.722861718276608,1.2411341003137437,0.4216866937558966,0.06281882508689705,3.501153395108476e-05,24.96953848028429,37.47133552431545,19.111088518351515,0.7183777468596145,nan
107.11,177.66859436035156,-202.77947998046875,-17.711721420288086,178.89303901370178,-202.9828841047825,-17.724356715929115,1.2412886842317206,0.42173648497324706,0.06283607436921033,3.5716721881977976e-05,24.919897617992394,38.289855774857216,nan,nan,nan
107.12,177.6694793701172,-202.78819274902344,-17.713041305541992,178.89405738510035,-202.9916190137622,-17.7249889921036,1.2414170561015554,0.42178636286396365,0.06285338519228621,3.501851624136996e-05,24.462288856602864,37.0677290390863,nan,0.4935749847232203,nan
107.13,177.6703338623047,-202.79689025878906,-17.71433448791504,178.89506926416323,-203.0003639978494,-17.726423674603673,1.241581457451578,0.42183632807850946,0.06287075809517817,3.5724072453530465e-05,24.411831305573145,37.64426479643008,nan,nan,nan
107.14,177.6711883544922,-202.8055877685547,-17.71560287475586,178.89604315085734,-203.0090911128893,-17.72625082601146,1.241690888345417,0.4218863802660754,0.06288819283873935,3.502565252708241e-05,23.49188560337125,37.02501308377907,nan,1.7653824945727548,nan
107.15,177.67201232910156,-202.81430053710938,-17.71684455871582,178.90445322193685,-203.02093335482684,-17.727575445172874,1.2496890923804398,0.4218223815960894,0.06288413780970759,3.5709529090118776e-05,23.457488693793792,36.00697296710589,0.6140585723057324,nan,nan
107.16,177.67282104492188,-202.822998046875,-17.718061447143555,178.9054180687258,-203.02967727457906,-17.72825979354291,1.2498462835580644,0.42187221942147896,0.06290158974143327,3.5011732399943e-05,23.138661572661785,36.533774233945536,nan,0.30730231348118325,nan
107.17,177.67361450195312,-202.8317108154297,-17.719255447387695,178.90637503868552,-203.03842851143287,-17.729573892577783,1.2500148867420575,0.4219221444579166,0.06291910396394843,3.571714464482197e-05,23.086362852147833,35.67466253302647,nan,nan,nan
107.18,177.6743927001953,-202.8404083251953,-17.72042465209961,178.90732244921955,-203.04718537558827,-17.731378654914785,1.2501969863888869,0.4219721563964585,0.06293668028093344,3.501911676240711e-05,23.467411799968907,36.90535212238301,nan,0.18615807681656227,nan
107.19,177.67515563964844,-202.84912109375,-17.72157096862793,178.90824766770973,-203.05593678618595,-17.732652145211848,1.2503645359576379,0.42202225582493624,0.06295431916767213,3.572489391415427e-05,23.415852340160104,36.043729749598874,nan,nan,nan
107.2,177.6759033203125,-202.85781860351562,-17.722694396972656,178.90750960602855,-203.06053485252923,-17.73551694040848,1.248243701466026,0.4219581547004213,0.06295023806071244,3.5005436271384214e-05,25.100116478774723,38.0441676474855,1.6758848998772926,1.9790545466822806,nan
107.21000000000001,177.67665100097656,-202.8665313720703,-17.72379493713379,178.9084035945365,-203.06927080025164,-17.7367624091317,1.2483933205568525,0.42200803946594545,0.06296789342991171,3.5710702342656115e-05,25.049535108888854,37.45066345814165,nan,nan,nan
107.22,177.6773681640625,-202.87522888183594,-17.72487449645996,178.90927995779677,-203.0780047276733,-17.73776366511524,1.248555502116451,0.4220580110609851,0.0629856111418506,3.501302721746154e-05,25.02208235685667,37.99581771269218,nan,0.035118585368612884,nan
107.23,177.67807006835938,-202.88394165039062,-17.72593116760254,178.91014435304672,-203.08674113404675,-17.738964969108974,1.2487211672510108,0.42210807003431866,0.06300339163327974,3.5718660937986665e-05,24.97203449056813,37.14471768761578,nan,nan,nan
107.24000000000001,177.6787567138672,-202.89263916015625,-17.726966857910156,178.91095898486492,-203.09544774713632,-17.737102006796032,1.248822037300655,0.42215821613544086,0.06302123476529656,3.502072457942719e-05,23.086114403901405,36.06198682819559,nan,6.534220175929857,nan
107.25,177.67942810058594,-202.90135192871094,-17.727983474731445,178.8774832365954,-203.09130617835353,-17.738177247593786,1.2130633284709795,0.42209401317793727,0.06301712392843825,3.5704672795373635e-05,22.851623036592656,34.8259393609206,10.618617103575659,nan,nan
107.26,177.6800994873047,-202.91004943847656,-17.728979110717773,178.87825534307274,-203.100027703761,-17.739925802531918,1.2131731228697002,0.422143944334338,0.06303498283659305,3.500731599821757e-05,23.30071116106362,36.34593732978316,nan,0.2879093417088579,nan
107.27,177.68075561523438,-202.91876220703125,-17.72995376586914,178.87900664935256,-203.10874339877554,-17.741022970028716,1.213268692937641,0.4221939627579938,0.06305290473183037,3.571280289233606e-05,23.247254801445518,35.4790977279968,nan,nan,nan
107.28,177.68138122558594,-202.92745971679688,-17.730911254882812,178.879738269753,-203.1174538556702,-17.74151368493859,1.2133712497146671,0.4222440682346061,0.06307088950970198,3.501517413480787e-05,22.964507482486905,35.68049994379811,nan,0.24380705010156473,nan
107.29,177.6820068359375,-202.93617248535156,-17.731847763061523,178.88046355298428,-203.1261699267765,-17.74256816927471,1.2134712429604362,0.42229426125875863,0.0630889375555971,3.572102384741021e-05,22.910711719504672,35.08778012669344,nan,nan,nan
107.3,177.6826171875,-202.9448699951172,-17.732765197753906,178.8875073306277,-203.12980548166294,-17.74588435616208,1.2190707541022958,0.42222995628391574,0.06308479273525551,3.500192313511906e-05,25.578251238206228,37.569364721087254,5.942473984149751,3.635736073089441,nan
107.31,177.6832275390625,-202.95358276367188,-17.733665466308594,178.88822276904492,-203.13849559291285,-17.746926567247506,1.2191727176640672,0.42227993406273956,0.06310285581343232,3.5707259293653615e-05,25.525648766080145,36.98795059592576,nan,nan,nan
107.32000000000001,177.68380737304688,-202.9622802734375,-17.734546661376953,178.88892255219835,-203.14718310016272,-17.747616459864975,1.219287689589619,0.42232999881801364,0.06312098201096418,3.500991036344242e-05,25.418697002451346,37.34646851214528,nan,0.07926771411221392,nan
107.33,177.68438720703125,-202.9709930419922,-17.73541259765625,178.88961393611297,-203.15587368818973,-17.74862126762275,1.2193960762581268,0.42238015101095217,0.06313917168263951,3.571561138038551e-05,25.36476866452466,36.74741220311702,nan,nan,nan
107.34,177.68505859375,-202.9796905517578,-17.736366271972656,178.8903476275536,-203.16456608118062,-17.749873049369178,1.2194601467133896,0.4224303904772192,0.0631574247696633,3.5017968619874006e-05,25.625258832447123,37.774220637122376,nan,0.031152183202878585,nan
107.35000000000001,177.68582153320312,-202.9884033203125,-17.737407684326172,178.885611896429,-203.16265195649444,-17.750932388559228,1.2124530591018896,0.42236598400831116,0.06315324218568748,3.570197713188349e-05,26.593589575607353,36.96320169532768,8.457077562274717,nan,nan
107.36,177.68666076660156,-202.9971160888672,-17.738536834716797,178.88650491910076,-203.17129095831203,-17.750446096013693,1.2124787445300964,0.42241600794484185,0.06317150955713458,3.500488397414282e-05,25.461440008425413,35.601852879170565,nan,2.0574704848853846,nan
107.37,177.68760681152344,-203.0058135986328,-17.7397518157959,178.88750495213955,-203.1799436969842,-17.75173777283462,1.212526495451544,0.42246611920974786,0.06318984060653252,3.571043178376122e-05,25.369533654298912,36.55890702964041,nan,nan,nan
107.38,177.68862915039062,-203.0145263671875,-17.741052627563477,178.88859841579904,-203.18860017631914,-17.75359531443239,1.212594428464974,0.42251631766927317,0.06320823530208773,3.501303884454158e-05,25.779359994359638,36.037951357347495,nan,0.1619335904423917,nan
107.39,177.6897430419922,-203.02322387695312,-17.742435455322266,178.88977497167812,-203.19725296442607,-17.755064275262622,1.212650915410325,0.4225666037388388,0.06322669395829243,3.571894595704285e-05,25.688910261711733,36.76404690822948,nan,nan,nan
107.4,177.69094848632812,-203.0319366455078,-17.74390411376953,178.88034384148511,-203.21453296132108,-17.756680007214996,1.20339766863283,0.4225020956675103,0.06322246939623605,3.5000052135283555e-05,24.212008907969306,36.03287776719195,16.013117467145022,0.0007026914454229641,nan
107.41,177.69223022460938,-203.0406494140625,-17.745454788208008,178.8816674992701,-203.22322969118693,-17.758318535810208,1.203437602848409,0.4225521659070023,0.06324094155602472,3.57054420396662e-05,24.122280963826153,35.78639553727805,nan,nan,nan
107.42,177.693603515625,-203.04934692382812,-17.747085571289062,178.88308440391523,-203.2319329562995,-17.760953831576547,1.203492738451196,0.42260232326078573,0.06325947758768483,3.5008279950247196e-05,24.918906935223713,37.49310061147392,nan,0.589496200875206,nan
107.43,177.695068359375,-203.0580596923828,-17.748798370361328,178.88457680656524,-203.24062946400545,-17.762766254859514,1.2035186617766345,0.4226525681164198,0.06327807778205756,3.571403090465384e-05,24.82699348794604,36.76858829374157,nan,nan,nan
107.44,177.69659423828125,-203.06675720214844,-17.75058937072754,178.88615932729058,-203.24933124809823,-17.76545333998419,1.2035860255197077,0.4227029003818862,0.06329674214267732,3.5016553393838876e-05,25.612116354317735,37.9172662786784,nan,0.444293065458801,nan
107.45,177.69821166992188,-203.07546997070312,-17.752458572387695,178.863148825785,-203.24196203902898,-17.767228577202886,1.1768671713358887,0.42263829114806317,0.0632924717222825,3.5700605137733915e-05,26.101273621125554,37.06905468498428,13.232904074151351,nan,nan
107.46000000000001,177.69992065429688,-203.08416748046875,-17.754405975341797,178.86483463258662,-203.2506041016298,-17.76756418581971,1.1768172603175602,0.422688407296603,0.06331114879879231,3.500365768122574e-05,24.875031075006333,36.80964170048833,nan,2.09086868121633,nan
107.47,177.70169067382812,-203.09288024902344,-17.756431579589844,178.8666156972977,-203.25925750307456,-17.769681831901842,1.1768208317996087,0.4227386108393264,0.06332989023758356,3.570924758360897e-05,24.786551854827014,35.60280443980646,nan,nan,nan
107.48,177.7035369873047,-203.10157775878906,-17.75853157043457,178.86846164437372,-203.26790322144012,-17.77072350790756,1.1768017078135324,0.42278890170946193,0.06334869606276079,3.501198233717155e-05,24.054858072596726,35.71974384103674,nan,0.9386380555728414,nan
107.49000000000001,177.70541381835938,-203.11029052734375,-17.760705947875977,178.8703601504714,-203.27655585560925,-17.772983584843004,1.1768155575339823,0.4228392802567464,0.06336756653443287,3.571792751881283e-05,23.9718551463078,35.19398247845956,nan,nan,nan
107.5,177.70726013183594,-203.11898803710938,-17.762907028198242,178.8610820377001,-203.2794722281929,-17.774557748974765,1.1649875129521154,0.42277456981531264,0.06336324607258337,3.499914290113416e-05,23.745936442649995,35.12947063383584,1.7707497193191977,0.4749090847303107,nan
107.51,177.70909118652344,-203.12770080566406,-17.765098571777344,178.862948336765,-203.2881113714288,-17.776871553767805,1.165013508881963,0.4228247319456419,0.06338212844349182,3.570456689145442e-05,23.69381222499789,34.51520509867919,nan,nan,nan
107.52,177.7108917236328,-203.1363983154297,-17.767263412475586,178.86479903664736,-203.2967581316718,-17.7805235647291,1.1650721820262597,0.4228749813194382,0.06340107541607078,3.500750146170763e-05,24.777383942845212,36.29576527881132,nan,1.296112288897328,nan
107.53,177.71266174316406,-203.14511108398438,-17.76939582824707,178.86660777024298,-203.30539661333,-17.782804460516076,1.1651020022934253,0.4229253182636928,0.06342008723268673,3.5713282462175105e-05,24.733863330903663,35.56766460033369,nan,nan,nan
107.54,177.7144012451172,-203.15380859375,-17.771488189697266,178.86836358071272,-203.31402041559312,-17.78250480020784,1.1650829436304269,0.4229757427457237,0.06343916394397939,3.501588820390423e-05,23.108650698149855,34.721421918781175,nan,4.5704077297254395,nan
107.55,177.71609497070312,-203.16250610351562,-17.773540496826172,178.86233809983116,-203.31390553913133,-17.78457650292047,1.156251224262488,0.4229109314674305,0.06343478948562507,3.5699964417741025e-05,23.719202315104152,34.46785810797954,4.588220502192741,nan,nan
107.56,177.71775817871094,-203.1712188720703,-17.775554656982422,178.86402791756078,-203.32250912509232,-17.785537283017476,1.15625373845229,0.4229611392434476,0.06345387727034664,3.500308831755655e-05,23.100819414563183,33.20829279723826,nan,0.9841133886870668,nan
107.57000000000001,177.71939086914062,-203.17991638183594,-17.777528762817383,178.86569335230593,-203.33111877951248,-17.787628050133332,1.1562757212613082,0.4230114344836598,0.06347303009397305,3.5708700344435275e-05,23.054551531060454,33.91876204039412,nan,nan,nan
107.58,177.7209930419922,-203.18861389160156,-17.779462814331055,178.86732448246585,-203.3397271741108,-17.789477640034118,1.1562920445557843,0.4230618171757671,0.06349224802232509,3.5011495643684706e-05,23.007349788971602,33.907966342206684,nan,0.028973008729630767,nan
107.59,177.72256469726562,-203.19732666015625,-17.781360626220703,178.86892477453975,-203.34833637649302,-17.79149001069905,1.1563079026046477,0.4231122876162153,0.06351153127506277,3.571745902726317e-05,22.961738915668768,33.20720312075573,nan,nan,nan
107.60000000000001,177.72410583496094,-203.20602416992188,-17.783218383789062,178.89750020756927,-203.36773844928084,-17.793812142698325,1.184532857098235,0.42304737550734073,0.06350709866290173,3.499872439270864e-05,23.34707964025806,34.21145561872035,6.776514119758082,0.059137655580371505,nan
107.61,177.72561645507812,-203.2147216796875,-17.7850399017334,178.89908267202668,-203.3763670859574,-17.79575495739043,1.1845957167343846,0.42309762894205377,0.06352639213778381,3.570416282369703e-05,23.301071682388784,34.16671834639585,nan,nan,nan
107.62,177.7270965576172,-203.22341918945312,-17.78682518005371,178.90063351118167,-203.38499455251898,-17.79745471867051,1.1846554631716626,0.423147969741372,0.06354575092282223,3.5007139894428214e-05,23.258107742090942,34.10951701499993,nan,0.030409530675959046,nan
107.63,177.72854614257812,-203.2321319580078,-17.78857421875,178.9021559456665,-203.39362289151933,-17.799325062851988,1.1847172118950768,0.42319839818358573,0.06356517522481439,3.571293156912114e-05,23.214140202150567,33.34863908965771,nan,nan,nan
107.64,177.72996520996094,-203.24082946777344,-17.7902889251709,178.90363477004263,-203.4022415726478,-17.799017844327015,1.184749044267163,0.42324891428361744,0.06358466512884335,3.501557227358415e-05,22.099331048426976,32.91526721903535,nan,3.240963498437999,nan
107.65,177.73135375976562,-203.24952697753906,-17.79197120666504,178.90582963043212,-203.42091510268645,-17.80084303641399,1.1869482590165672,0.4231839016587275,0.06358017035550566,3.5699655109928e-05,20.967826222271032,32.69777589174215,8.413243642216617,nan,nan
107.66,177.7327117919922,-203.2582244873047,-17.793617248535156,178.90555610858038,-203.43272592301872,-17.8027938667303,1.1857903492358983,0.4229638522342975,0.06268218281975604,3.500269500751081e-05,27.01463718115557,38.68723418969352,nan,0.029007589056313853,0.010776303094761535
107.67,177.7340545654297,-203.26693725585938,-17.79523277282715,178.90695815642508,-203.44139784330324,-17.804512865050295,1.185843771520012,0.42301346716100624,0.06269805764551373,3.5708308002643936e-05,26.947115342660556,38.14757075059424,nan,nan,nan
107.68,177.73536682128906,-203.275634765625,-17.79681396484375,178.90833153683346,-203.4500526733442,-17.804888912528273,1.1858891327714396,0.42306316860987253,0.06271399064802784,3.501113242630591e-05,26.32222530262158,38.21648295920823,nan,1.2134205289581839,nan
107.69,177.7366485595703,-203.28433227539062,-17.798364639282227,178.9096802940718,-203.45872449295823,-17.806532201063682,1.185952277606964,0.42311295673029337,0.06272998245674967,3.571709345784742e-05,26.252478438009142,38.06506426769628,nan,nan,nan
107.7,177.73789978027344,-203.29302978515625,-17.799884796142578,178.9105024576026,-203.47468118653657,-17.80607326960085,1.1866054810705653,0.42304836936653994,0.06272574927260716,3.499838302758399e-05,24.26706354702568,37.08876977718138,9.494123076521522,2.7704105868162294,nan
107.71000000000001,177.7391357421875,-203.30172729492188,-17.801372528076172,178.91179313345597,-203.48338647290623,-17.807635044024046,1.1866611282706323,0.4230979435215426,0.06274176154750884,3.5703816019463386e-05,24.195046585795467,37.23583053304378,nan,nan,nan
107.72,177.74034118652344,-203.31044006347656,-17.802833557128906,178.91305924395581,-203.4920942841892,-17.809368621868717,1.1867217893010282,0.4231476041134352,0.06275783228994743,3.5006812827642016e-05,24.243234452703344,36.403965085178186,nan,0.02849117618877207,nan
107.73,177.7415313720703,-203.3191375732422,-17.804264068603516,178.91430082436005,-203.50079966330873,-17.81087488754988,1.186774201825464,0.4231973512898799,0.06277396208024609,3.571259598408324e-05,24.170966900594518,37.32105914193187,nan,nan,nan
107.74000000000001,177.74269104003906,-203.3278350830078,-17.805665969848633,178.91551881624244,-203.50950991626019,-17.812749899475694,1.1868365176933162,0.42324718519257404,0.0627901506383556,3.501525273793078e-05,24.304940371629705,37.336095038091,nan,0.11094263641761841,nan
107.75,177.7438201904297,-203.33653259277344,-17.807039260864258,178.9017809047812,-203.5178188275475,-17.814242167101845,1.172087708645675,0.4231825100282072,0.06278592160870217,3.5699324778168956e-05,23.42554348178799,37.12138885394484,5.67397064795962,nan,nan
107.76,177.7449493408203,-203.34524536132812,-17.808385848999023,178.90292083040035,-203.52651347223303,-17.813547665937616,1.1720847849304021,0.4232321297166684,0.06280213014453993,3.5002490198586476e-05,22.658922548010935,36.064686392132245,nan,3.183915777360718,nan
107.77,177.74603271484375,-203.35394287109375,-17.80970573425293,178.90403999069343,-203.53523291143716,-17.814929534435212,1.1721238064884045,0.42328183590235235,0.06281839796776266,3.5708091600311264e-05,22.586781399428787,36.28697265697748,nan,nan,nan
107.78,177.74710083007812,-203.36264038085938,-17.810998916625977,178.90513701333094,-203.54394848714185,-17.815938718637337,1.1721539287868308,0.42333162872812996,0.06283472484316249,3.5010920186179944e-05,22.444236225757454,36.31068959641292,nan,0.08504953194449359,nan
107.79,177.74815368652344,-203.371337890625,-17.812267303466797,178.9062127195601,-203.55266825899974,-17.817266578323363,1.1721801991340013,0.42338150833987287,0.06285111128451756,3.571686680930294e-05,22.371504837666237,36.40762964938152,nan,nan,nan
107.8,177.74917602539062,-203.3800506591797,-17.813508987426758,178.9162964252702,-203.56352574240785,-17.817993304614472,1.1814623324851519,0.4233167455005755,0.06284688238360374,3.4998159740262114e-05,22.442763951894314,35.22739794563299,0.8796061710870678,0.24916923690793133,nan
107.81,177.7501983642578,-203.3887481689453,-17.814725875854492,178.9173463747879,-203.57224579176548,-17.81926691642879,1.1814933250401873,0.42336641064734204,0.06286328826806015,3.570357577915169e-05,22.370276393964964,36.42162219634965,nan,nan,nan
107.82000000000001,177.7511749267578,-203.39744567871094,-17.815919876098633,178.91837503304,-203.58094310218212,-17.818403690961183,1.1815386417134228,0.423416162347317,0.06287975348352584,3.5006573641315015e-05,21.895230931758995,35.40719390693107,nan,3.1532136769276398,nan
107.83,177.7521514892578,-203.40614318847656,-17.817089080810547,178.91938464123254,-203.58966328928878,-17.819610092940007,1.1815748871625278,0.423466000745653,0.06289627850309575,3.571233731722451e-05,21.822259819612267,35.79161911028382,nan,nan,nan
107.84,177.7530975341797,-203.41485595703125,-17.818235397338867,178.92037493150488,-203.5983917530119,-17.821564515004,1.1816230336858518,0.42351592598632626,0.06291286315197354,3.501499421488754e-05,21.88917685363772,34.83157444368682,nan,0.4189512161212489,nan
107.85000000000001,177.7540283203125,-203.42355346679688,-17.819358825683594,178.90489944157565,-203.60064893891567,-17.822818037626426,1.1644222215973663,0.42345107559427725,0.06290863106335656,3.5699045815708335e-05,21.826197963791053,35.663784672089065,2.752546075063984,nan,nan
107.86,177.75494384765625,-203.4322509765625,-17.820459365844727,178.90582384915243,-203.60935324018166,-17.823499488865476,1.1644308618251455,0.4235007861182488,0.06292523461898643,3.5002210860955725e-05,21.681132480391636,35.60121121609185,nan,0.15454775667056217,nan
107.87,177.75582885742188,-203.4409637451172,-17.8215389251709,178.9067297995374,-203.6180622669028,-17.824623080802407,1.1644511054557056,0.42355058325256767,0.06294189821463314,3.570778829462014e-05,21.612673500899092,34.484968697655496,nan,nan,nan
107.88,177.75669860839844,-203.4496612548828,-17.822595596313477,178.90761733911816,-203.62675993038556,-17.824545081335415,1.1644662580247562,0.423600467141576,0.062958621712191,3.501061631896666e-05,21.381865380868113,35.14681773264338,nan,0.984163201068387,nan
107.89,177.757568359375,-203.45835876464844,-17.823633193969727,178.90848747902666,-203.6354693984502,-17.82561584746839,1.164468517178679,0.4236504379298663,0.06297540553024719,3.571653688161709e-05,21.309563663886127,35.488928117642516,nan,nan,nan
107.9,177.75840759277344,-203.46705627441406,-17.824647903442383,178.93837107648054,-203.6640718948214,-17.82461969621912,1.196298030744149,0.42358550009911616,0.06297116624512741,3.499783103880797e-05,20.062986569422474,35.18988381136155,21.220743313488775,2.6808332266840322,nan
107.91,177.7592315673828,-203.47576904296875,-17.82564353942871,178.93924835521483,-203.67283860640688,-17.82562973193147,1.1963594913694355,0.4236352559174904,0.06298796839229295,3.570321920412675e-05,19.9918688224339,34.31747062624082,nan,nan,nan
107.92,177.76004028320312,-203.48446655273438,-17.826618194580078,178.94010897896302,-203.68161260203328,-17.827394400356788,1.196423542881887,0.4236850984022494,0.06300483070859518,3.500621700048673e-05,19.936045784224227,35.15980550828951,nan,0.42251925627607584,nan
107.93,177.76083374023438,-203.49317932128906,-17.82757568359375,178.9409532403497,-203.69037942637198,-17.828374496682162,1.1964825757609285,0.4237350276978931,0.06302175357973896,3.571195099673425e-05,19.86593417975321,34.25029305304217,nan,nan,nan
107.94,177.7615966796875,-203.5018768310547,-17.82851219177246,178.94178155231268,-203.69914667558618,-17.829379672981805,1.1965585976701811,0.423785043948911,0.06303873691650186,3.5014608458371145e-05,19.79778964856441,34.74926469224973,nan,0.0013292835874393176,nan
107.95,177.76235961914062,-203.5105743408203,-17.829429626464844,178.92760258376325,-203.7022388710406,-17.83020274805057,1.1809009511657051,0.4237200187876573,0.06303448694785205,3.569863071637064e-05,19.681673118465522,34.96195074489605,2.6473122608643447,nan,nan
107.96000000000001,177.7631072998047,-203.519287109375,-17.83032989501953,178.92837547443386,-203.710987681623,-17.830098330821617,1.1809314467088277,0.42376981981431594,0.06305148803092972,3.500179712339153e-05,19.59626691152009,34.019566274935215,nan,0.7472721232763632,nan
107.97,177.7638397216797,-203.52798461914062,-17.831212997436523,178.9291331549689,-203.7197454737618,-17.830995330513364,1.1809661546424108,0.4238197075629929,0.06306854990080822,3.5707341820572256e-05,19.524077511562528,34.81818821161977,nan,nan,nan
107.98,177.76466369628906,-203.53668212890625,-17.832183837890625,178.92992917516835,-203.72848552351022,-17.82977770207357,1.180947910764467,0.42386968217806986,0.06308567249755247,3.501017222084518e-05,19.613332492720495,34.95179874102535,nan,3.26574741136146,nan
107.99000000000001,177.76556396484375,-203.54539489746094,-17.833242416381836,178.93081488647164,-203.73724372078885,-17.830779348123823,1.1809410434362042,0.4239197438042108,0.06310285616331263,3.571605865449988e-05,19.54610344421098,33.76525708191962,nan,nan,nan
108.0,177.76657104492188,-203.55409240722656,-17.834388732910156,178.89009988691222,-203.73048018441727,-17.831155213344612,1.1372951078656925,0.42385463141439,0.06309859151011894,3.499735846985306e-05,19.39923170112599,35.10893542026702,15.22987187638053,0.3660821113886049,nan
108.01,177.7676544189453,-203.56280517578125,-17.835620880126953,178.8910932592838,-203.73921324978707,-17.832325786641697,1.1372095207993065,0.42390447756052074,0.06311579230260013,3.570271138229266e-05,19.33278219450615,33.93354372960005,nan,nan,nan
108.02,177.76882934570312,-203.57150268554688,-17.836936950683594,178.89217361097585,-203.74794757158512,-17.833753134779275,1.1371214855123741,0.4239544104834732,0.06313305407800648,3.500571395953727e-05,19.244466790837837,34.831080188467595,nan,0.02041592919694155,nan
108.03,177.77008056640625,-203.58021545410156,-17.83833885192871,178.8933400579805,-203.7566807865055,-17.83509796555394,1.1370410732671863,0.4240044303281625,0.06315037715257905,3.571141157100543e-05,19.178005917192845,33.730053500009916,nan,nan,nan
108.04,177.7714385986328,-203.5889129638672,-17.83982276916504,178.89459109972938,-203.76542423526107,-17.837856671804552,1.136939591705467,0.4240545372385897,0.06316776150494291,3.501407521572636e-05,18.920367619730815,34.896193954368606,nan,1.2466830544184315,nan
108.05,177.77285766601562,-203.5976104736328,-17.841388702392578,178.83156228971603,-203.75613702174743,-17.839438627591708,1.070509201031681,0.42398933771675984,0.06316347853799217,3.5698062450761735e-05,17.77155102836821,34.75564806478817,38.291445871255604,nan,nan
108.06,177.7743682861328,-203.6063232421875,-17.843036651611328,178.8328684278516,-203.7648710247736,-17.843108080849177,1.0703083455172107,0.4240392288901906,0.06318087938936683,3.500123645077598e-05,17.59396315563772,34.00279328757914,nan,2.9950012711871534,nan
108.07000000000001,177.7759552001953,-203.61502075195312,-17.844762802124023,178.83425799032187,-203.77358997640061,-17.844820278583175,1.0701163478029319,0.4240892068955203,0.06319834176750617,3.570674300605553e-05,17.521393761128277,34.627780151151015,nan,nan,nan
108.08,177.7776336669922,-203.6237335205078,-17.84657096862793,178.83573097127785,-203.78228678393359,-17.843451863701606,1.0699153104312038,0.42413927187640704,0.0632158656738044,3.500958255033263e-05,17.728365104921526,34.2868916092142,nan,7.053303011932902,nan
108.09,177.77938842773438,-203.63243103027344,-17.84845542907715,178.83728266686134,-203.79100534538665,-17.845293127352594,1.0697177360144334,0.42418942397829196,0.06323345139060661,3.571543007396326e-05,17.658307644212936,34.96483452679413,nan,nan,nan
108.10000000000001,177.78121948242188,-203.64112854003906,-17.850418090820312,178.86446876730702,-203.8061576154155,-17.846229781222938,1.0957559723136587,0.42412413741450095,0.06322914610940886,3.499674300171247e-05,18.360208836277142,34.74040676715537,6.352619506082096,0.6561084208269276,nan
108.11,177.7831268310547,-203.64984130859375,-17.85245704650879,178.8662234860169,-203.81487843548612,-17.84821801469646,1.0956064926030435,0.42417407352136494,0.0632467476647515,3.570205648125303e-05,18.293206958521022,33.80180573336154,nan,nan,nan
108.12,177.7851104736328,-203.65853881835938,-17.854572296142578,178.86805433306552,-203.8236143059527,-17.852659006159048,1.0954546909688845,0.42422409651303816,0.06326441099364107,3.500507134295421e-05,17.82387148391128,34.12707358367751,nan,3.9841037463256463,nan
108.13,177.7871856689453,-203.667236328125,-17.856761932373047,178.86996364307547,-203.83233459897806,-17.854824141336035,1.095294177531394,0.42427420653535913,0.06328213635856376,3.571072897467701e-05,17.753388592449493,34.505220462310014,nan,nan,nan
108.14,177.78932189941406,-203.6759490966797,-17.858976364135742,178.87194914444396,-203.84105124572102,-17.856511006474157,1.0951468163161917,0.42432440373137775,0.06329992379050321,3.5013406553667195e-05,17.75375975014827,33.246423818680924,nan,0.19714271193602262,nan
108.15,177.79147338867188,-203.6846466064453,-17.861181259155273,178.8849943430911,-203.85034741190492,-17.85863880278874,1.1060069162389037,0.4242590302122685,0.06329559244976839,3.569735591457242e-05,18.22419707226574,33.6806791587775,2.629144781713654,nan,nan
108.16,177.7936248779297,-203.69334411621094,-17.863357543945312,178.88705474091321,-203.85905882758655,-17.86083825858647,1.1059188838378682,0.42430901115389824,0.06331339504920369,3.5000545398636705e-05,18.157351404303494,33.94058812489749,nan,1.962561865973086e-07,nan
108.17,177.79576110839844,-203.70204162597656,-17.86549949645996,178.88909664883292,-203.86776997322622,-17.863007382398564,1.1058276084868544,0.4243590790352886,0.06333125990747647,3.570601131800217e-05,18.08297360436626,34.165407986874804,nan,nan,nan
108.18,177.7978515625,-203.71075439453125,-17.867603302001953,178.89110848660886,-203.87647954860753,-17.864931317039424,1.1057498217540926,0.42440923399907143,0.06334918707276387,3.500886799130471e-05,18.048967303815115,32.98136495166328,nan,0.031004410591899866,nan
108.19,177.79989624023438,-203.71945190429688,-17.86966896057129,178.8930841161158,-203.8851899173309,-17.86702450445136,1.105683414946061,0.4244594761917291,0.06336717678192975,3.5714674632018934e-05,17.975736005825553,33.463564398027124,nan,nan,nan
108.2,177.80191040039062,-203.7281494140625,-17.871692657470703,178.90291627792703,-203.89561378769625,-17.86771113189755,1.113675945395316,0.42439401579617375,0.06336281537654481,3.499600877541361e-05,18.395601822021135,33.831408326484635,0.7350716780017972,1.2362133229405883,nan
108.21000000000001,177.8038787841797,-203.73684692382812,-17.873676300048828,178.90482895621605,-203.90432308490549,-17.869712270615327,1.1136225838970117,0.4244440414741319,0.0633808195529583,3.570128133969091e-05,18.318346824124625,33.57906416217896,nan,nan,nan
108.22,177.80581665039062,-203.74554443359375,-17.875621795654297,178.906702354606,-203.91303293296173,-17.871857265710755,1.1135600131344694,0.42449415414263575,0.06339888627161634,3.50043164426918e-05,18.21849324625905,33.67597284173752,nan,0.023517846244298684,nan
108.23,177.80772399902344,-203.75424194335938,-17.87752914428711,178.9085372247712,-203.92174152654064,-17.873783650656367,1.1134899627161665,0.42454435394858264,0.06341701575462666,3.570993308847255e-05,18.141775540981342,33.8152156764265,nan,nan,nan
108.24000000000001,177.80958557128906,-203.762939453125,-17.879396438598633,178.91033282042616,-203.9304558835107,-17.87685051883755,1.1134238827326666,0.424594641033965,0.06343520807217895,3.5012632471057206e-05,17.869975818003653,33.38368898159956,nan,0.9787305884456446,nan
108.25,177.8114013671875,-203.77163696289062,-17.881229400634766,178.87274715303494,-203.93305703981042,-17.878706945714235,1.0735537625790947,0.424529093839991,0.0634308127644117,3.5696543431712375e-05,16.609445192755913,33.41903328135922,19.304110587995766,nan,nan
108.26,177.8131866455078,-203.78033447265625,-17.883024215698242,178.87439963250822,-203.9417695501548,-17.879186875148893,1.0734286251110352,0.42457916414907576,0.06344901883644445,3.4999756116133146e-05,16.787995218244497,33.820080528406606,nan,1.2839128927428913,nan
108.27,177.81494140625,-203.78903198242188,-17.884782791137695,178.8760148543476,-203.9504885197866,-17.88096670751438,1.073293826596316,0.424629321503621,0.06346728789041202,3.570518126801963e-05,16.711200131955003,33.921315477842406,nan,nan,nan
108.28,177.816650390625,-203.7977294921875,-17.886507034301758,178.87759502133366,-203.95920588083214,-17.88238007138058,1.0731706133426349,0.4246795660452266,0.06348562000906015,3.500806260788257e-05,16.72669647341205,33.59804786146936,nan,0.07777538192357482,nan
108.29,177.81832885742188,-203.80642700195312,-17.888195037841797,178.87914019778978,-203.96792469789654,-17.884088210832985,1.073041971069288,0.42472989792139776,0.06350401539576493,3.5713828642319985e-05,16.649341240914392,33.68828744735705,nan,nan,nan
108.3,177.81997680664062,-203.81512451171875,-17.88985252380371,178.89421914704508,-203.97922368827793,-17.886815924648463,1.0867080411037116,0.4246642639977232,0.0634995821728855,3.4995191284057495e-05,16.767294780910948,33.27755810099255,2.301092602929595,0.9031442662662839,nan
108.31,177.82159423828125,-203.82382202148438,-17.8914737701416,178.8957216793722,-203.987940938748,-17.888468291817883,1.0865973548690138,0.4247143788351064,0.06351799057517803,3.5700423584299154e-05,16.694048706036362,33.33591447457846,nan,nan,nan
108.32000000000001,177.82318115234375,-203.83251953125,-17.893064498901367,178.8971906059153,-203.99666231076728,-17.89113140286821,1.0864818890754773,0.4247645807666491,0.06353646226772741,3.50034859860572e-05,16.485184369249716,33.14564825524588,nan,0.7671266689396186,nan
108.33,177.82473754882812,-203.84121704101562,-17.894624710083008,178.8986287369555,-204.0053793207348,-17.8927315764436,1.0863678575764137,0.4248148699402134,0.0635549974433383,3.57090626603167e-05,16.416369409242616,33.08625340514804,nan,nan,nan
108.34,177.8262481689453,-203.84991455078125,-17.896150588989258,178.90003498801636,-204.01409890753868,-17.894985135490767,1.0862669994510665,0.4248652464968452,0.06357359620054644,3.501179062433837e-05,16.293335096591772,32.606631654005064,nan,0.3299335884332928,nan
108.35000000000001,177.82774353027344,-203.85861206054688,-17.897647857666016,178.93698603065044,-204.04194141924884,-17.89669846775562,1.124290656256607,0.424799525913903,0.06356912115351397,3.569566444938054e-05,15.77935712380416,32.82823815861648,17.241802455596876,nan,nan
108.36,177.82920837402344,-203.8673095703125,-17.89911651611328,178.93838601373918,-204.05070938433462,-17.89987966752499,1.1242380133356122,0.4248496851680636,0.06358773217344604,3.499890679943909e-05,15.709321341092531,32.68208366858375,nan,1.9473446827044953,nan
108.37,177.8306427001953,-203.87600708007812,-17.900554656982422,178.93975876520292,-204.05947112036804,-17.90138819556157,1.1241877932641118,0.42489993157114536,0.06360640688840151,3.5704292846828515e-05,15.651031492694239,32.6170905612875,nan,nan,nan
108.38,177.83204650878906,-203.88470458984375,-17.90196418762207,178.9411025452245,-204.0682341794462,-17.903211573027843,1.1241396524382086,0.42495026526388285,0.06362514540572287,3.5007204993354043e-05,15.615242737710883,32.533362836200354,nan,0.08287433911853266,nan
108.39,177.8334197998047,-203.89340209960938,-17.903345108032227,178.9424186190903,-204.076996132474,-17.904668514907872,1.1240938134720402,0.42500068639462457,0.06364394790506149,3.571293238249526e-05,15.559412292623975,32.42592713294403,nan,nan,nan
108.4,177.8347625732422,-203.902099609375,-17.904699325561523,178.9501202972075,-204.0854655985706,-17.90677957892955,1.130331927292519,0.42493487921217576,0.06363942701259515,3.499432918695628e-05,15.93480924553344,32.277802677951684,1.0742944589220913,0.2808891259049562,nan
108.41,177.83609008789062,-203.91079711914062,-17.906024932861328,178.95139404458456,-204.0942209375069,-17.908190876779308,1.1302884164116098,0.424985082775897,0.06365824099829495,3.5699523448538364e-05,15.882244930617604,32.58133225612373,nan,nan,nan
108.42,177.83737182617188,-203.91949462890625,-17.907325744628906,178.95264102251284,-204.1029764426984,-17.909576443023536,1.1302636957554355,0.42503537353740417,0.06367711901674104,3.641901976047494e-05,15.830719264738278,31.99103140344871,nan,nan,nan
108.43,177.83863830566406,-203.92819213867188,-17.908599853515625,178.953861804313,-204.11173208734616,-17.910936820779757,1.130228218597515,0.42508575164119733,0.06369606121243362,3.715296262296601e-05,15.779139696775237,32.23488212817265,nan,nan,nan
108.44,177.8398895263672,-203.9368896484375,-17.909849166870117,178.95505843062432,-204.1204842990088,-17.911043810319452,1.1301814491104623,0.4251362172294864,0.06371506771642389,3.636986081008285e-05,15.611643471333272,32.33074501680667,nan,0.985743804259953,nan
108.45,177.8411102294922,-203.94558715820312,-17.911073684692383,178.9428263502011,-204.125217873364,-17.9123297763193,1.1162648351647024,0.42507032351121243,0.06371049701690623,3.707870497277765e-05,15.411685227475429,32.20136231846876,1.575317780192505,nan,nan
108.46000000000001,177.84230041503906,-203.95428466796875,-17.912273406982422,178.94394645607034,-204.1339751893377,-17.915535603437462,1.1162093554147585,0.42512057126686165,0.06372951421604016,3.629933107134255e-05,15.60344634555268,32.240838080705394,nan,2.4426997840040308,nan
108.47,177.84347534179688,-203.96298217773438,-17.913448333740234,178.94504482135085,-204.1427272702597,-17.916806933120093,1.1161428657486225,0.42517090627278104,0.06374859581326646,3.702969184614864e-05,15.555860208447132,32.443440659411586,nan,nan,nan
108.48,177.84461975097656,-203.97169494628906,-17.914600372314453,178.9461189396986,-204.15148062321788,-17.918514170044205,1.1160818384853077,0.4252213286687833,0.06376774193086557,3.6252993507809304e-05,15.616890354480445,31.450091342111786,nan,0.13828954373281888,nan
108.49000000000001,177.8457489013672,-203.9803924560547,-17.915729522705078,178.94717043880397,-204.16023286834314,-17.91974506230373,1.1160143823356157,0.4252718386041037,0.06378695273412999,3.6982133943006676e-05,15.571749828439085,32.45031079395735,nan,nan,nan
108.5,177.8468475341797,-203.9890899658203,-17.916837692260742,178.90896046461614,-204.15582750421098,-17.920040993368957,1.0751258274485287,0.42520585840195085,0.06378232819792691,3.6185531315866656e-05,15.03438320916328,32.29987717542126,13.212378042186614,0.538860599534421,nan
108.51,177.84791564941406,-203.99778747558594,-17.91792106628418,178.9099007347441,-204.16456205104322,-17.92121985942057,1.0750055639477212,0.42525615023814645,0.06380154888360182,3.691260672662289e-05,14.987900311213178,32.07993326556461,nan,nan,nan
108.52,177.84898376464844,-204.00648498535156,-17.91898536682129,178.91081902737162,-204.1732972309644,-17.92260217405955,1.0748644248198937,0.4253065293695011,0.06382083429748596,3.614207179575872e-05,14.996593995464439,32.65173810904125,nan,0.03324708881839385,nan
108.53,177.8500213623047,-204.0151824951172,-17.920026779174805,178.91171634905268,-204.18203204054797,-17.923741955843646,1.0747319750681854,0.42535699594536913,0.0638401845998521,3.6868070720244493e-05,14.951226339191395,32.359812765073244,nan,nan,nan
108.54,177.8510284423828,-204.0238800048828,-17.92104721069336,178.91259311812618,-204.19076633094144,-17.924555062508865,1.0746082596164204,0.42540755010536613,0.06385959992050189,3.6100037836951e-05,14.860555324367816,31.976691137151935,nan,0.06229359742937454,nan
108.55,177.85203552246094,-204.03257751464844,-17.922048568725586,178.884322046995,-204.183654595461,-17.925704323049576,1.043289565567086,0.4253414834773298,0.06385491755134166,3.680177939307459e-05,15.230219980378756,32.833985834228955,10.72713280394113,nan,nan
108.56,177.85301208496094,-204.04127502441406,-17.92302894592285,178.88511512992727,-204.19234946676872,-17.92495904234357,1.0431030188019503,0.42539181927077657,0.0638743419262882,3.6037152017091644e-05,14.91304874310441,32.21376760582288,nan,2.213770202835664,nan
108.57000000000001,177.8539581298828,-204.0499725341797,-17.92399024963379,178.88588630897812,-204.2010480490087,-17.926000963537117,1.0429303049399805,0.4254422424133816,0.06389383138928578,3.676028301440942e-05,14.862974691360057,31.77571569154724,nan,nan,nan
108.58,177.8549041748047,-204.05868530273438,-17.9249324798584,178.88663675321214,-204.2097490650857,-17.928397067820644,1.0427388824690416,0.4254927530446928,0.06391338607403842,3.5998036899305704e-05,15.030750315883727,31.729447551456992,nan,1.2561999166611062,nan
108.59,177.85581970214844,-204.0673828125,-17.92585563659668,178.88737028061053,-204.2184476085195,-17.92941627508493,1.0425592772923413,0.425543351314183,0.06393300613497543,3.67202831310969e-05,14.986027722996502,32.11054330497086,nan,nan,nan
108.60000000000001,177.85671997070312,-204.07608032226562,-17.926759719848633,178.90683327446376,-204.2278029872848,-17.92877336237835,1.061019214044611,0.42547719830568376,0.06392826189780126,3.593823501067867e-05,15.486346599612236,31.72272330180101,7.953720431249524,2.3429405349842014,nan
108.61,177.85760498046875,-204.08477783203125,-17.92764663696289,178.90756540091562,-204.23648928387587,-17.929743770199895,1.0608664605375995,0.4255275779403518,0.0639478901653616,3.6658755700858065e-05,15.437182277505244,31.736724609345956,nan,nan,nan
108.62,177.8584747314453,-204.09347534179688,-17.928516387939453,178.90827690563665,-204.2451791218233,-17.932828258638374,1.060715434996634,0.4255780449677945,0.06396758385408631,3.590202413755755e-05,15.778838252874946,32.158571209331505,nan,3.0438629362324003,nan
108.63,177.8594207763672,-204.1021728515625,-17.929473876953125,178.9090268176506,-204.25386607813675,-17.933839809944136,1.0605200319928205,0.4256285995375044,0.06398734311545332,3.662178484793711e-05,15.723601577373845,31.783419789194454,nan,nan,nan
108.64,177.86045837402344,-204.1108856201172,-17.93052101135254,178.9098665227254,-204.26255201054428,-17.934052230164117,1.0603172289713811,0.42567924178898403,0.06400716808759749,3.58672376585751e-05,15.494576277217543,30.828105914526038,nan,0.5304006888518421,nan
108.65,177.86158752441406,-204.1195831298828,-17.93165397644043,178.89774062091024,-204.2666116004579,-17.935383930246168,1.0465393079543948,0.42561300245268613,0.06400235796380842,3.656342522855498e-05,15.413844079186765,31.983050122684563,2.457281216592702,nan,nan
108.66,177.86280822753906,-204.12828063964844,-17.93287467956543,178.89564865721619,-204.27534287088648,-17.935565102838105,1.043261180821811,0.41720440982571777,0.06401973933675045,3.581190988119679e-05,21.200607693850387,37.89332315960805,nan,0.8009572934729382,0.0011247706304030878
108.67,177.86410522460938,-204.13697814941406,-17.934179306030273,178.8967246539028,-204.28402512566097,-17.936912487188213,1.0430403488153601,0.4172498536935177,0.0640394492375925,3.652941825810014e-05,21.121137271788353,37.613846641004834,nan,nan,nan
108.68,177.86549377441406,-204.14569091796875,-17.93556785583496,178.89790283630865,-204.29270569643472,-17.936966511134564,1.0428249001659384,0.4172953833968456,0.06405921808430272,3.57799779943495e-05,20.891554897782108,36.8858220149061,nan,1.284067490411128,nan
108.69,177.86695861816406,-204.15438842773438,-17.93703842163086,178.89914743454045,-204.30138825523844,-17.938470936912406,1.0426047928331947,0.4173409995504696,0.06407904602659542,3.64968896599944e-05,20.811797619785665,37.457124225516566,nan,nan,nan
108.7,177.86851501464844,-204.1630859375,-17.9385929107666,178.89484441131705,-204.3013661517928,-17.93883408826439,1.0356029675013532,0.4172746689102379,0.06407420599044537,3.5727626633994e-05,21.658164509556656,37.54363551045297,6.974366555414749,0.9509403949949841,nan
108.71000000000001,177.87014770507812,-204.17178344726562,-17.940229415893555,178.89625874866616,-204.3100192112875,-17.94049249773741,1.0353806398808554,0.41732009223040206,0.0640940358467594,3.644310107973537e-05,21.57829039487793,37.3246438509455,nan,nan,nan
108.72,177.87185668945312,-204.1804962158203,-17.941946029663086,178.89778221088912,-204.3186696439988,-17.93993601066448,1.035190374744995,0.41736560131810224,0.06411392490961908,3.5698484118898645e-05,21.612256062887425,36.535544041311915,nan,3.5778825561140897,nan
108.73,177.8736572265625,-204.18919372558594,-17.943740844726562,178.8993574864541,-204.32732241535754,-17.941734607016308,1.0349611505121732,0.4174111967634037,0.06413387332702258,3.641346746712651e-05,21.529578322250128,37.647204920884604,nan,nan,nan
108.74000000000001,177.87551879882812,-204.19789123535156,-17.945613861083984,178.9010246665453,-204.33597394955942,-17.942557018749,1.0347649322287877,0.4174568782712915,0.06415388124031131,3.567070011984656e-05,21.602355234826135,37.21431181784764,nan,0.7573893191940001,nan
108.75,177.87747192382812,-204.2065887451172,-17.947566986083984,178.89656900162103,-204.3368511506577,-17.944619357075666,1.0273927373599716,0.4173905540926975,0.06414897664261128,3.636265489816917e-05,22.3175692390523,37.574189357477586,5.228844658785638,nan,nan
108.76,177.87950134277344,-204.2152862548828,-17.949594497680664,178.89838597752802,-204.34547741988808,-17.9461568374285,1.0271745011887818,0.41743604257754624,0.06416898589638921,3.562257945064103e-05,22.33228287193109,37.70021128526377,nan,0.16333816359887993,nan
108.77,177.881591796875,-204.22398376464844,-17.951698303222656,178.90027337149624,-204.35410369740876,-17.948256336246903,1.0269640668061482,0.4174816173266468,0.06418905476007053,3.6335829105422945e-05,22.249737225144553,37.17947826275734,nan,nan,nan
108.78,177.88377380371094,-204.23269653320312,-17.95387840270996,178.90223485678044,-204.36272969894623,-17.950546858636454,1.0267339674903735,0.41752727806976675,0.06420918337620861,3.559747243296046e-05,22.160197457517665,36.85437165768446,nan,0.00899194918478605,nan
108.79,177.88601684570312,-204.24139404296875,-17.95608139038086,178.9042722586193,-204.37135519472895,-17.952774625320167,1.0265207847847484,0.41757302536009827,0.06422937189100322,3.631036634825335e-05,22.07310512872128,37.19212849017636,nan,nan,nan
108.8,177.88833618164062,-204.25009155273438,-17.958276748657227,178.92679598462757,-204.39095289503518,-17.955898176248184,1.0479724890383262,0.4175067068810056,0.06422439956244193,3.555208295347735e-05,21.521508253374332,36.812775698518394,5.382822730849863,0.40401850129686045,nan
108.81,177.89073181152344,-204.2587890625,-17.960445404052734,178.9290074016078,-204.39960281086977,-17.95812775860561,1.0477834147262517,0.4175522609413748,0.0642445888239308,3.6263778502720346e-05,21.434089629259553,36.835515453057404,nan,nan,nan
108.82000000000001,177.89315795898438,-204.26748657226562,-17.96257972717285,178.93124941749545,-204.4082531636693,-17.96215017273436,1.047592141057804,0.4175979009264915,0.0642648380904788,3.552955548933549e-05,21.216345744049455,36.60208008940643,nan,2.2747120305625566,nan
108.83,177.8955841064453,-204.27618408203125,-17.96467399597168,178.9335231084601,-204.41690191654925,-17.964332582439177,1.0474344835922078,0.41764362736495436,0.06428514750749034,3.62409826503063e-05,21.14050392116134,36.846330250134926,nan,nan,nan
108.84,177.89797973632812,-204.28488159179688,-17.96673011779785,178.93581193169132,-204.4255487331885,-17.963485269823366,1.0473268064162464,0.41768944002313274,0.0643055172187035,3.5508277735020975e-05,21.360953166042293,36.93984596396787,nan,6.136882549017454,nan
108.85000000000001,177.90032958984375,-204.2935791015625,-17.968746185302734,178.9045870999772,-204.42436997299856,-17.96562043476264,1.0127433875503034,0.4176231272723084,0.06430047396881049,3.6197099842872555e-05,20.71387515828331,37.1549059471156,12.156350284536694,nan,nan
108.86,177.9026336669922,-204.30227661132812,-17.97072410583496,178.90671965407307,-204.43300664428645,-17.966496472787817,1.0125694464335078,0.4176687465015163,0.0643208438139922,3.546673897430373e-05,20.87617928162823,37.13207736758614,nan,0.9282773200380975,nan
108.87,177.9049072265625,-204.3109588623047,-17.972660064697266,178.90879668947218,-204.4416433369296,-17.968484724923865,1.0123684700302067,0.41771445208976404,0.06434127405778264,3.617685742303201e-05,20.77983289541737,38.33884813277221,nan,nan,nan
108.88,177.90711975097656,-204.3196563720703,-17.974559783935547,178.9108263485298,-204.4502798882748,-17.970781864099468,1.01217770654951,0.41776024382757304,0.06436176484437993,3.5447889519333904e-05,20.62971233191803,36.806527430664985,nan,0.08271897234395707,nan
108.89,177.9093017578125,-204.32835388183594,-17.976421356201172,178.91281592320294,-204.45891625080034,-17.97269845643142,1.0119787904455153,0.4178061222075608,0.06438231631850465,3.615784887513072e-05,20.538969217720172,37.18086735275754,nan,nan,nan
108.9,177.91143798828125,-204.33705139160156,-17.97824478149414,178.92045915881005,-204.4703850136909,-17.975182144477078,1.0177971099881669,0.41773981441946645,0.06437719893164766,3.5408798554222304e-05,20.32045851991023,36.84845258999039,1.0159637298864053,0.36743492726539656,nan
108.91,177.9135284423828,-204.3457489013672,-17.98003387451172,178.9223705158886,-204.47902712700284,-17.977031262491362,1.0176121217747771,0.4177854991546206,0.06439774990769659,3.611775264346247e-05,20.23455984089418,36.570952409498155,nan,nan,nan
108.92,177.91558837890625,-204.3544464111328,-17.98178482055664,178.9242274347746,-204.48766897154158,-17.97998956060807,1.0174007168186652,0.4178312699683031,0.0644183616712578,3.539226099016392e-05,20.00497174506558,36.823814402504084,nan,0.9038279809819885,nan
108.93,177.91758728027344,-204.36312866210938,-17.983503341674805,178.92605496389976,-204.49631043333673,-17.981780477286566,1.0172253542689518,0.41787712732961796,0.06443903436686094,3.610112662217223e-05,19.924357387596967,36.76187677426969,nan,nan,nan
108.94,177.91957092285156,-204.371826171875,-17.985185623168945,178.92783858921894,-204.50495163399847,-17.983853150309137,1.0170191007013685,0.4179230710641241,0.06445976813899151,3.5376838858916474e-05,19.821466057679462,36.781146979365104,nan,0.06876298833779157,nan
108.95,177.92149353027344,-204.38052368164062,-17.986835479736328,178.95530214045516,-204.51909343628904,-17.98553956008962,1.0430548877201609,0.4178567681452145,0.06445457337908866,3.606342054815676e-05,20.507697577723032,35.58311347491914,9.210484661776299,nan,nan
108.96000000000001,177.9233856201172,-204.38922119140625,-17.98845100402832,178.95706328727132,-204.5277340763588,-17.987116388410392,1.0429175998466726,0.4179025180264894,0.06447530600241533,3.534115303495853e-05,20.44260795461448,35.811606555744866,nan,0.009533409629650831,nan
108.97,177.9252471923828,-204.3979034423828,-17.990036010742188,178.95878518664063,-204.53637457922989,-17.988777698601037,1.042773525106784,0.417948354360565,0.06449609979859693,3.60490499690774e-05,20.364870105451182,36.64357944174653,nan,nan,nan
108.98,177.92706298828125,-204.40660095214844,-17.991588592529297,178.96047366727424,-204.5450150314511,-17.990023208101366,1.042640177258852,0.4179942769956968,0.0645169549121018,3.532787108613697e-05,20.321886947500104,35.6192312177352,nan,0.10252024527726032,nan
108.99000000000001,177.92884826660156,-204.41529846191406,-17.99311065673828,178.96212184030148,-204.5536552823419,-17.991619002405383,1.0424965769239467,0.4180402863671418,0.06453787148748392,3.603576536685829e-05,20.245727612758376,35.68735916700051,nan,nan,nan
109.0,177.9305877685547,-204.4239959716797,-17.99460220336914,178.94479935107572,-204.567053549234,-17.993632398950844,1.0242517000894495,0.4179739875499256,0.06453259609897351,3.529432097143934e-05,18.47707569760841,35.67279379449596,23.299174393145712,0.18563049946181037,nan
109.01,177.9322967529297,-204.43267822265625,-17.996063232421875,178.94632079706304,-204.5757267741057,-17.995173008513554,1.02406466722124,0.41801980284378953,0.0645535108563257,3.600136216203545e-05,18.40149171935757,36.58790716815471,nan,nan,nan
109.02,177.93397521972656,-204.44137573242188,-17.997495651245117,178.9477833665948,-204.5843993731253,-17.99920973870853,1.0238484548761544,0.41806570436557805,0.06457448716795489,3.528305456149984e-05,18.393813942634697,35.89322056421043,nan,4.426660816164922,nan
109.03,177.9356231689453,-204.4500732421875,-17.998899459838867,178.94923652779562,-204.59307286612398,-18.000719266118686,1.0236524045693787,0.4181116925288009,0.06459552517859139,3.599014892833167e-05,18.33364558137904,35.952459068062346,nan,nan,nan
109.04,177.93724060058594,-204.45877075195312,-18.000274658203125,178.95066409060811,-204.60174679294434,-18.00140577462368,1.023460110532212,0.41815776721415165,0.06461662503244477,3.527275749471088e-05,18.209066718064744,35.937860365523186,nan,0.44028602730358013,nan
109.05,177.93881225585938,-204.4674530029297,-18.001623153686523,178.95376303271718,-204.60571565637707,-18.00285987929941,1.024325714932906,0.41809147229032584,0.06461126574269967,3.595780433289161e-05,18.884764403686106,36.09610951572594,3.6465667690165495,nan,nan
109.06,177.94036865234375,-204.4761505126953,-18.002944946289062,178.95513223441307,-204.61437058145094,-18.004278374902093,1.0241346068426926,0.4181373526804271,0.06463236309100306,3.52421409145618e-05,18.824546752391477,35.77325491026399,nan,8.181916642136258e-06,nan
109.07000000000001,177.94187927246094,-204.48484802246094,-18.004240036010742,178.9564700501543,-204.6230257212942,-18.005674469483488,1.0239578019794968,0.41818331961690264,0.06465352237171973,3.5948531497217455e-05,18.764184335035484,35.27947633134138,nan,nan,nan
109.08,177.943359375,-204.49354553222656,-18.005510330200195,178.95778018328866,-204.63168127605627,-18.006695567892937,1.023783407172043,0.41822937300112983,0.06467474372876818,3.523368137454799e-05,18.679838475797045,35.17293827434384,nan,0.08524280853487355,nan
109.09,177.94482421875,-204.5022430419922,-18.00675392150879,178.95905711717228,-204.6403368828415,-18.008038392909004,1.0235916817702984,0.4182755132157473,0.06469602730731021,3.594019040774151e-05,18.618288862391253,35.62478587228968,nan,nan,nan
109.10000000000001,177.9462432861328,-204.51092529296875,-18.007972717285156,178.9918525346376,-204.6661946873376,-18.007712438865095,1.0570749042197736,0.41820922141557426,0.06469058082772267,3.5204882544578464e-05,18.03404807517512,35.48608417325465,11.220885925667359,1.8285135994524795,nan
109.11,177.94764709472656,-204.51962280273438,-18.00916862487793,178.99311442603883,-204.67488993019444,-18.008990779232494,1.0569341764461808,0.41825516710250327,0.06471186119542896,3.591065512872322e-05,17.965951450137595,34.933355355690914,nan,nan,nan
109.12,177.9490203857422,-204.5283203125,-18.010339736938477,178.99433799589147,-204.6835845208902,-18.011410992783123,1.0567861789805593,0.41830119916174097,0.06473320386878864,3.519813575978489e-05,17.93098086943329,34.88130801899692,nan,0.9474401123633113,nan
109.13,177.9503631591797,-204.53701782226562,-18.01148796081543,178.99554403632055,-204.69228006088778,-18.01265518105616,1.0566507422445708,0.4183473179563829,0.06475460899333396,3.590406988563171e-05,17.869978619769455,34.73137520356925,nan,nan,nan
109.14,177.95167541503906,-204.54571533203125,-18.012611389160156,178.99673172568208,-204.70097656908243,-18.012843146753717,1.0565267615432385,0.41839352341698166,0.06477607671243499,3.519221077467641e-05,17.767591334319008,34.620456388330126,nan,0.7467542935556424,nan
109.15,177.95297241210938,-204.5543975830078,-18.013713836669922,179.03634463427733,-204.7191270828385,-18.014080132687425,1.0958244905332089,0.4183272344263428,0.06477053974227724,3.587626535479123e-05,18.585927741351735,35.249762582539034,17.558930684502812,nan,nan
109.16,177.95423889160156,-204.56309509277344,-18.014795303344727,179.03754471846364,-204.72782847095206,-18.015316944000194,1.0957594957418508,0.41837324513250135,0.06479200352745938,3.516587752141675e-05,18.52466205962888,34.238285175625876,nan,0.0031293611791259842,nan
109.17,177.95547485351562,-204.57179260253906,-18.015853881835938,179.0387198089236,-204.7365299652016,-18.016466858663048,1.0956999624963044,0.41841934247895696,0.06481352998978651,3.587130827866645e-05,18.462615306273282,34.100222165281735,nan,nan,nan
109.18,177.95669555664062,-204.5804901123047,-18.016891479492188,179.03985905843643,-204.7452305859852,-18.018940589718856,1.0956216473508382,0.41846552641460516,0.06483511927221017,3.516149145305239e-05,18.50646769038313,34.40892828398198,nan,1.2637360894749001,nan
109.19,177.9578857421875,-204.5891876220703,-18.017908096313477,179.04098483274774,-204.75393245207175,-18.020063686945523,1.0955588279757473,0.41851179727514465,0.0648567715208845,3.586713158571976e-05,18.452022168537216,34.21071291535533,nan,nan,nan
109.2,177.95904541015625,-204.59788513183594,-18.018905639648438,179.0565598019178,-204.77769595586227,-18.022303894402423,1.1121516626324657,0.41844551032062555,0.06485114074569079,3.5136668836621324e-05,17.53026326033298,34.19827253434559,11.360057796331265,0.9294022020916439,nan
109.21000000000001,177.96018981933594,-204.6065673828125,-18.019882202148438,179.05764458674673,-204.78644204598487,-18.023399414509388,1.1121035166506976,0.4184915861865467,0.0648727883202684,3.5841659139859336e-05,17.480407571357603,35.23888113307112,nan,nan,nan
109.22,177.96131896972656,-204.61526489257812,-18.02083969116211,179.0586950889118,-204.7951869977764,-18.025911638008342,1.1120395836218473,0.4185377485637994,0.06489449893673226,3.513370263102921e-05,17.802777383591916,34.90050958667276,nan,1.4435109470714027,nan
109.23,177.96241760253906,-204.62396240234375,-18.021778106689453,179.0597341910569,-204.80393329067826,-18.02698453745474,1.1119893538184749,0.41858399777097166,0.06491627274167881,3.5838934739010097e-05,17.762894507092245,34.62641539002126,nan,nan,nan
109.24000000000001,177.96348571777344,-204.63265991210938,-18.02269744873047,179.06074638467186,-204.81267899213722,-18.02866121059054,1.1119457750951547,0.4186303337825221,0.06493810987740269,3.513141675009014e-05,17.95554989917022,34.59687996470985,nan,0.27077775945373256,nan
109.25,177.9645538330078,-204.641357421875,-18.02359962463379,179.0403483380126,-204.81298467164294,-18.029630587673864,1.0894154865690935,0.41856404845393136,0.06493238197628219,3.581488336682945e-05,17.848729080174333,35.16105993519573,4.315390460762007,nan,nan
109.26,177.965576171875,-204.65005493164062,-18.02448272705078,179.0412874584322,-204.82171694596414,-18.03054722580371,1.0893389726496043,0.41861018923527243,0.0649542136805087,3.510861662700978e-05,17.81774085444345,34.47003968108369,nan,0.008215415367209395,nan
109.27,177.96670532226562,-204.65875244140625,-18.025455474853516,179.04225907126033,-204.83044917666786,-18.03160752639355,1.089189369950981,0.4186564167514645,0.06497610879172029,3.581349188202408e-05,17.760581435532085,34.92039761632462,nan,nan,nan
109.28,177.96791076660156,-204.66744995117188,-18.02651596069336,179.0433099235835,-204.83918053643825,-18.033806961512767,1.0890490803661503,0.41870273099282934,0.06499806745176649,3.5107588290536424e-05,18.152312645237984,35.05352159882955,nan,0.7732429560402455,nan
109.29,177.96920776367188,-204.6761474609375,-18.02766227722168,179.04445408026146,-204.84791325957764,-18.03505558050811,1.0889043997777945,0.41874913225424687,0.06502008980790647,3.581273876870818e-05,18.098744179473556,35.24193330812965,nan,nan,nan
109.3,177.9705810546875,-204.68484497070312,-18.02889633178711,179.03922035062985,-204.84795372950717,-18.036222905466417,1.08104028172526,0.4186828477724354,0.06501426144787541,3.5086014083638704e-05,18.76607816473098,34.77188996268468,4.663213842565381,0.003546456273948873,nan
109.31,177.9720458984375,-204.69354248046875,-18.030214309692383,179.04053337820145,-204.85665993127512,-18.037642901765505,1.0808922153249434,0.41872905355603834,0.06503627759865402,3.579057666289589e-05,18.712954321392832,34.993397322986546,nan,nan,nan
109.32000000000001,177.9735870361328,-204.70223999023438,-18.0316162109375,179.04192706649653,-204.8653659450802,-18.039458997257956,1.080750668248314,0.4187753459845133,0.065058357512611,3.5086133890468004e-05,18.859685003287744,34.966540227492544,nan,0.06784235830050932,nan
109.33,177.97520446777344,-204.7109375,-18.033100128173828,179.0434047117081,-204.87407225488437,-18.041051782681155,1.080614611322021,0.4188217253381214,0.06508050133743762,3.579099544033182e-05,18.809220878781915,34.80090572809114,nan,nan,nan
109.34,177.97691345214844,-204.71963500976562,-18.03466796875,179.0449573733202,-204.882777551746,-18.043616823716352,1.0804690595111692,0.4188681916290401,0.06510270921433986,3.508680373435506e-05,19.260749154846643,35.47463475368331,nan,0.5549349889155136,nan
109.35000000000001,177.97869873046875,-204.72833251953125,-18.03631591796875,179.06648677978944,-204.90297040167474,-18.045456299520097,1.1017553161657014,0.41880190749780094,0.06509677706186266,3.576997250796434e-05,18.935191736823892,35.37528287984729,4.959383424676528,nan,nan
109.36,177.98056030273438,-204.73703002929688,-18.03804588317871,179.0682345142556,-204.9117038889842,-18.046755818555248,1.1016451382549022,0.4188481780667641,0.06511897794294579,3.5066847924676435e-05,18.699555244953252,34.998653239951125,nan,0.2137950011370313,nan
109.37,177.9824981689453,-204.7457275390625,-18.039854049682617,179.0700568173484,-204.92043675713268,-18.04868196657711,1.1015375875165185,0.4188945354658406,0.06514124294595733,3.577145530823569e-05,18.651775152386477,34.939956877746674,nan,nan,nan
109.38,177.98452758789062,-204.75442504882812,-18.041738510131836,179.07196220110433,-204.92917060879617,-18.04977947545787,1.1014148654649407,0.41894097972060107,0.06516357221169719,3.506851983920949e-05,18.253459231583065,34.991733767581934,nan,0.5803850959863162,nan
109.39,177.9866180419922,-204.76312255859375,-18.043703079223633,179.07393807499403,-204.93790331214325,-18.051855176188486,1.1013081415586594,0.41898751109127796,0.06518596588846291,3.577344802576201e-05,18.204995743294152,34.42746694344455,nan,nan,nan
109.4,177.98878479003906,-204.77182006835938,-18.045743942260742,179.08374894902568,-204.95134098046418,-18.053822548821188,1.1096123337599313,0.4189212265234509,0.06517992659940558,3.504953485901811e-05,18.02411254947379,34.34551068189132,1.6670626118320375,0.0013498764438353533,nan
109.41,177.99102783203125,-204.780517578125,-18.04785919189453,179.085884711248,-204.9600843319061,-18.056050237830576,1.1095147129557499,0.4189675619174224,0.0652023124740391,3.5753917328375385e-05,17.976635298391166,34.37057581917961,nan,nan,nan
109.42,177.99334716796875,-204.78921508789062,-18.050050735473633,179.08809000007014,-204.9688264423874,-18.059069138599465,1.1094158096477982,0.41901398408438184,0.06522476281837454,3.505211145163869e-05,18.358631475837562,34.74060890750009,nan,0.35978014393167795,nan
109.43,177.9957275390625,-204.79791259765625,-18.052265167236328,179.09037270012888,-204.97756905934065,-18.061430676648637,1.109327940436817,0.419060493272364,0.0652472777810804,3.575683160201529e-05,18.326792697027926,34.400881952483296,nan,nan,nan
109.44,177.99819946289062,-204.8065948486328,-18.05447006225586,179.09272133328116,-204.98630991245858,-18.064858568774877,1.109226554855587,0.41910708952518727,0.06526985750240215,3.505512210689106e-05,18.992808323532262,36.3570969965593,nan,0.7883261911056731,nan
109.45,178.000732421875,-204.81529235839844,-18.05664825439453,179.07041669695778,-204.98150337600867,-18.067369273602168,1.082573549920397,0.419040803948537,0.06526370773774896,3.5738191504563024e-05,19.429211885970737,35.39489353236045,7.6432832892472025,nan,nan
109.46000000000001,178.00332641601562,-204.82398986816406,-18.058792114257812,179.07288609649677,-204.99021610909293,-18.068414849975383,1.0824424558963714,0.4190872039722885,0.06528627883469683,3.5037398669971686e-05,18.79567354427279,34.44016603969939,nan,1.173005884485245,nan
109.47,178.00599670410156,-204.8326873779297,-18.060895919799805,179.0754179340372,-204.99892667500453,-18.070702263828203,1.0823093066735598,0.41913369092204517,0.06530891475366304,3.574193270716056e-05,18.783208940172763,34.59674746588242,nan,nan,nan
109.48,178.00869750976562,-204.84136962890625,-18.06296157836914,179.07801389088354,-205.00763963760744,-18.07061549796177,1.082193060967283,0.41918026485267007,0.06533161563456423,3.504118676239483e-05,17.703922287842804,34.13212066841137,nan,3.8438434255553386,nan
109.49000000000001,178.0113983154297,-204.85006713867188,-18.064985275268555,179.08060826705628,-205.01634918743838,-18.072802433789423,1.0820909150190021,0.41922692599567235,0.06535438162656176,3.574607127494085e-05,17.68352443415824,33.606238540576214,nan,nan,nan
109.5,178.01405334472656,-204.8587646484375,-18.066970825195312,179.08638901635672,-205.02212049808247,-18.075398960665474,1.0847395815269365,0.419160638612847,0.06534811803832512,3.5024212450315406e-05,18.454464209724485,33.3166270384406,1.899417965178918,0.10595717192525345,nan
109.51,178.0166778564453,-204.86744689941406,-18.06891632080078,179.08893769952607,-205.03081639112605,-18.077513210554024,1.0846679991680563,0.41920710326514443,0.06537087456844837,3.57285780946111e-05,18.436662160183303,34.37074158228993,nan,nan,nan
109.52,178.01925659179688,-204.8761444091797,-18.070823669433594,179.0914518628929,-205.03951448280424,-18.077727083192425,1.0845921525800915,0.41925365481330995,0.06539369626017932,3.502869368431319e-05,17.672400231774034,32.77424781761752,nan,2.444727399044736,nan
109.53,178.0217742919922,-204.8848419189453,-18.07269287109375,179.09390876572374,-205.04820985824497,-18.07974734675648,1.084532700743286,0.41930029347891323,0.06541658326296178,3.573342141484157e-05,17.649224890586247,32.39334362069452,nan,nan,nan
109.54,178.0242462158203,-204.89352416992188,-18.074525833129883,179.09632265449494,-205.056906404786,-18.080607896375064,1.0844715932304476,0.4193470193316967,0.06543953571628792,3.5033508839830895e-05,17.255497548245085,32.80234610274207,nan,0.8891497808190381,nan
109.55,178.02667236328125,-204.9022216796875,-18.07632064819336,179.1046231034102,-205.06634763160645,-18.08243482439744,1.0903909892274959,0.41928072950405937,0.06543315496683022,3.571660592321297e-05,17.42216973620817,31.959519153229238,1.0997416363087877,nan,nan
109.56,178.029052734375,-204.91090393066406,-18.078081130981445,179.10696381004078,-205.07504525340437,-18.080815674560778,1.090340377406288,0.4193272586058949,0.06545609710553996,3.501749003411444e-05,16.532449146538063,31.83578596035835,nan,8.732684548117103,nan
109.57000000000001,178.03138732910156,-204.9196014404297,-18.079805374145508,179.10923956907362,-205.08373778283712,-18.0826455341196,1.0902817326821335,0.41937387473006743,0.06547910475158643,3.572207318335325e-05,16.489952435426076,31.064433019921687,nan,nan,nan
109.58,178.03367614746094,-204.92828369140625,-18.08149528503418,179.11146749638468,-205.0924296555814,-18.08464762094489,1.090223842424821,0.41942057795521276,0.06550217804422837,3.50228908209156e-05,16.49163254040324,31.836833684742352,nan,0.02992188127968914,nan
109.59,178.03590393066406,-204.93698120117188,-18.083152770996094,179.11365043424627,-205.10112137026567,-18.086412711434733,1.0901789524227072,0.4194673684895862,0.06552531713326196,3.5727842032044146e-05,16.451716189433498,30.54588944274399,nan,nan,nan
109.60000000000001,178.03810119628906,-204.94566345214844,-18.084775924682617,179.10837747095192,-205.09875034499944,-18.087716167898055,1.0811732265919047,0.41940107540773414,0.06551881587788923,3.500743383061346e-05,17.248683300456666,31.530377192492757,8.988116567878379,0.021624969074643115,nan
109.61,178.04025268554688,-204.95436096191406,-18.086366653442383,179.1104718864494,-205.1074086015408,-18.08941060037685,1.0811114575235548,0.41944766892289154,0.06554194378489941,3.571188151196394e-05,17.207604423350737,30.694135961471304,nan,nan,nan
109.62,178.0423583984375,-204.96304321289062,-18.087926864624023,179.11252711390338,-205.1160680887446,-18.09010019695369,1.0810561574522577,0.41949434945184055,0.06556513753094244,3.501334916125872e-05,17.028069941983237,31.149939722051904,nan,0.6692487071188339,nan
109.63,178.04443359375,-204.97174072265625,-18.089454650878906,179.11453544276355,-205.1247260955984,-18.09172369283774,1.080984569801014,0.41954111719493037,0.0655883972659982,3.5718172620180776e-05,16.98365444645874,30.697102638273837,nan,nan,nan
109.64,178.0464630126953,-204.9804229736328,-18.090951919555664,179.11650026544214,-205.1333833231578,-18.09376961842226,1.0809183735230383,0.41958797224263983,0.06561172312904645,3.501951438192097e-05,17.011280056224678,31.34349398046689,nan,0.14421605565075257,nan
109.65,178.04844665527344,-204.98910522460938,-18.09242057800293,179.14410037844635,-205.15231098014968,-18.09538985857374,1.107746368250089,0.41952167521059786,0.06560509803808322,3.5702712413698466e-05,17.09272309834214,31.04121231121321,5.939427687596867,nan,nan
109.66,178.05038452148438,-204.997802734375,-18.09385871887207,179.146018440198,-205.16098310665734,-18.09942618869537,1.1077330519823774,0.41956833297133694,0.06562841183715683,3.5004757663961016e-05,17.679123141431837,30.740033734445085,nan,4.393294221529146,nan
109.67,178.0522918701172,-205.00648498535156,-18.09526824951172,179.1479078421769,-205.16965866755734,-18.100964482162144,1.107714970497073,0.4196150778509233,0.06565179181422613,3.5709458486358125e-05,17.648221071583716,31.640515397875987,nan,nan,nan
109.68,178.05416870117188,-205.0151824951172,-18.096651077270508,179.14575156938437,-205.18033169764587,-18.104494085731638,1.1040330294210428,0.4179307078095726,0.06524213400283131,3.501122906208233e-05,24.11953281307091,37.47457819082692,nan,2.878987982656545,0.00923881536627257
109.69,178.05599975585938,-205.02386474609375,-18.098005294799805,179.14756249465987,-205.1890130360616,-18.105998229909225,1.1040140657747959,0.4179755430668919,0.06526312815872412,3.571630409364403e-05,24.0762413750164,38.035291587877005,nan,nan,nan
109.7,178.0577850341797,-205.03256225585938,-18.099332809448242,179.1348186552292,-205.18409687222743,-18.10553043082473,1.0876592165469645,0.4179054637900718,0.06525758281462006,3.499688462123465e-05,24.50666336858899,36.40577203913699,11.072461838652453,2.824159560593299,nan
109.71000000000001,178.05953979492188,-205.04124450683594,-18.10063362121582,179.13655299086565,-205.19273836491686,-18.106963746282336,1.0876340762207808,0.417950108751995,0.06527857295239461,3.570146330428144e-05,24.458368985410708,37.222086728194846,nan,nan,nan
109.72,178.06126403808594,-205.04994201660156,-18.10190773010254,179.13827679342776,-205.20137248552004,-18.106837086700626,1.0876175617570423,0.41799483924275577,0.06529962233276478,3.5003848420455984e-05,23.959221616263168,36.16292860438997,nan,1.6629189450982256,nan
109.73,178.06295776367188,-205.05862426757812,-18.10315704345703,179.13994086343067,-205.21001432305937,-18.108205211761952,1.0875831140965293,0.4180396561603282,0.06532073116792284,3.5708809007470726e-05,23.905256321092786,36.92490935561758,nan,nan,nan
109.74000000000001,178.0646209716797,-205.06732177734375,-18.104381561279297,179.1415700976408,-205.21865654805976,-18.1096046038457,1.0875426028021657,0.4180845589122273,0.06534189953590233,3.501099347907844e-05,23.89961452931798,36.28421388213298,nan,0.0021719505848537372,nan
109.75,178.0662384033203,-205.0760040283203,-18.105581283569336,179.1500101297474,-205.23275330094273,-18.11100552756121,1.0950620584666702,0.41801454074273725,0.06533627490040053,3.569432462716703e-05,23.512356340155925,36.70225003330321,1.733910904436935,nan,nan
109.76,178.0678253173828,-205.08468627929688,-18.10675811767578,179.15160229904944,-205.24140309754904,-18.110769292068845,1.0950565266841372,0.4180592530648352,0.06535743866545579,3.499714203613711e-05,23.074933544608943,36.293074763034916,nan,1.665685037016171,nan
109.77,178.0693817138672,-205.0933837890625,-18.10791015625,179.15313846817543,-205.25005999876663,-18.11203098792267,1.095031103873154,0.4181040517013372,0.06537866213756105,3.570198835248523e-05,23.02037751106634,35.58998412094551,nan,nan,nan
109.78,178.07090759277344,-205.10208129882812,-18.109041213989258,179.1546359930055,-205.25871904426762,-18.11374316524616,1.0949998799596121,0.41814893612377035,0.06539994540025071,3.500458478580276e-05,23.105974684539415,35.63933287671539,nan,0.15777329597283823,nan
109.79,178.07240295410156,-205.1107635498047,-18.11014747619629,179.15611007856947,-205.2673759267555,-18.114965382054724,1.0949756985675732,0.41819390713400384,0.06542128865781863,3.5709810609553134e-05,23.05192981574143,36.39771899133062,nan,nan,nan
109.8,178.07388305664062,-205.1194610595703,-18.11123275756836,179.18988213298516,-205.29740072356506,-18.115980475002353,1.130105748700207,0.4181239488033199,0.06541558161584536,3.499101802281811e-05,21.865128499269066,35.814628645611066,18.451382411527586,0.006978896713616263,nan
109.81,178.0753173828125,-205.12814331054688,-18.11229705810547,179.19132783062824,-205.30611205929878,-18.117157729421468,1.1301220382294335,0.4181687292115737,0.06543691966382517,3.5695748818768185e-05,21.80982715970357,36.175838038243185,nan,nan,nan
109.82000000000001,178.07672119140625,-205.1368408203125,-18.113338470458984,179.19276072030513,-205.3148188061336,-18.11720041677961,1.1301483566909039,0.41821359535498476,0.0654583177562327,3.4998711490560837e-05,21.503574631489272,35.11976147782349,nan,0.8765639639245618,nan
109.83,178.07810974121094,-205.14552307128906,-18.114360809326172,179.1941490115467,-205.3235306784733,-18.118326079176796,1.1301531243650245,0.418258547975797,0.06547977609215964,3.5703824903945356e-05,21.444469845034984,36.11194120309792,nan,nan,nan
109.84,178.07945251464844,-205.1542205810547,-18.1153621673584,179.1954936318017,-205.33224748787532,-18.120557381607423,1.13016297275212,0.4183035866350586,0.06550129476262644,3.500653185060353e-05,21.70523125649247,35.198724780104726,nan,0.8937092386930705,nan
109.85000000000001,178.08078002929688,-205.16290283203125,-18.116342544555664,179.21872406097322,-205.35730306617535,-18.121561065856874,1.1544415547041158,0.41823368816566664,0.06549550229951541,3.5690006284301196e-05,20.667473276031544,36.36950305896285,11.931329127872537,nan,nan
109.86,178.08209228515625,-205.17160034179688,-18.1173038482666,179.22006306974873,-205.36605447047205,-18.1214878295946,1.154472788958062,0.4182785360747022,0.06551701513815446,3.499329482449964e-05,20.333083307429064,35.44290348155666,nan,0.9349175834615507,nan
109.87,178.08335876464844,-205.1802978515625,-18.11824607849121,179.22135982611272,-205.37481082599993,-18.12253502928856,1.1545129311606976,0.41832347035189366,0.06553858846529789,3.569829280212933e-05,20.277863419725705,34.95731796837297,nan,nan,nan
109.88,178.08460998535156,-205.18898010253906,-18.119171142578125,179.22265864964402,-205.38355880903904,-18.121483693202908,1.1545652788870102,0.4183684906134821,0.06556022237685125,3.5001312068005964e-05,19.84261017403252,35.57602046329594,nan,3.056569763562289,nan
109.89,178.08583068847656,-205.1976776123047,-18.120075225830078,179.2239040534302,-205.39231546386813,-18.122474701040222,1.1545997725443307,0.41841359751883506,0.06558191706485844,3.5706688070771e-05,19.78092367262216,34.63991211337422,nan,nan,nan
109.9,178.0870361328125,-205.2063751220703,-18.120962142944336,179.21276458837764,-205.40136456946064,-18.12306917039426,1.142492835788186,0.41834375770606025,0.06557603603881593,3.498826425220509e-05,18.964287532189562,34.82543049760739,6.347077517136167,0.04414127398318647,nan
109.91,178.08831787109375,-205.21505737304688,-18.121938705444336,179.2139824833225,-205.41013283235355,-18.12407431905046,1.1424446660093786,0.4183886736797194,0.0655977242518144,3.56931429194751e-05,18.889686896366587,35.39934995635463,nan,nan,nan
109.92,178.08969116210938,-205.2237548828125,-18.123003005981445,179.21530280792285,-205.4188959330234,-18.12380328974469,1.1424019638999423,0.4184336755813429,0.06561947329517352,3.499644156349648e-05,18.70662423388919,34.5582238937902,nan,1.3168088826118314,nan
109.93,178.0911407470703,-205.23245239257812,-18.12415313720703,179.21668963274956,-205.4276644995709,-18.124972443487618,1.1423522801803072,0.418478764019518,0.06564128335637952,3.570170024033232e-05,18.634238230058234,34.38548921497171,nan,nan,nan
109.94,178.09266662597656,-205.2411346435547,-18.125391006469727,179.21815701534317,-205.43643389132478,-18.12642452279576,1.1423097132092288,0.4185239386867452,0.06566315453792602,3.5004703977667636e-05,18.571710021076786,35.00108719455896,nan,0.02696632568992009,nan
109.95,178.0942840576172,-205.2498321533203,-18.126712799072266,179.2223048658902,-205.4377839258953,-18.127761723951195,1.1435724345026872,0.4184541573323193,0.06565718188665734,3.568831180371608e-05,19.6593056847985,34.235901286195876,9.889724302551382,nan,nan
109.96000000000001,178.0959930419922,-205.25852966308594,-18.12811851501465,179.2239481737388,-205.44652773098818,-18.130335906452686,1.1435169301734287,0.4184991409060717,0.06567904593459623,3.4991861129372613e-05,19.696773021482084,34.56302144482248,nan,0.924515559661789,nan
109.97,178.09776306152344,-205.26722717285156,-18.129606246948242,179.22568548741248,-205.45526748281137,-18.13186201938648,1.1434916901764034,0.418544210910286,0.06570097123813773,3.569699757742158e-05,19.627900430299057,34.13945790178815,nan,nan,nan
109.98,178.09962463378906,-205.27590942382812,-18.13117790222168,179.22751824516214,-205.46400233250316,-18.132098226933103,1.143470064263871,0.41858936708390526,0.06572295790399844,3.5000243870632175e-05,19.436154124548334,35.031309220512654,nan,1.3321800478007038,nan
109.99000000000001,178.10154724121094,-205.28460693359375,-18.132829666137695,179.2294130302011,-205.4727421265513,-18.13377687383435,1.1434495992416998,0.4186346099657689,0.06574500611354667,3.570575447039036e-05,19.366952541146098,33.82027854268338,nan,nan,nan
110.0,178.1035614013672,-205.29330444335938,-18.13456153869629,179.23686614185561,-205.48322686946497,-18.13537384899113,1.1491087079120894,0.41856488591204155,0.06573893867435701,3.498751855477586e-05,19.401121865912458,34.06687652522744,0.6642623221162918,0.0036836837387515236,nan
110.01,178.10565185546875,-205.30198669433594,-18.136371612548828,179.23892484630986,-205.49196873830635,-18.137212097634926,1.1490872704961554,0.41860993750994985,0.06576097907170649,3.569252745088917e-05,19.32975106064719,34.885030650055036,nan,nan,nan
110.02,178.10781860351562,-205.31068420410156,-18.138261795043945,179.24104318160613,-205.50071546819134,-18.14056617594581,1.1490496664162544,0.4186550752153183,0.06578308106944639,3.499599346416629e-05,19.391629461591663,34.11273994819824,nan,1.456556578549509,nan
110.03,178.11004638671875,-205.3193817138672,-18.140228271484375,179.24325220457035,-205.5094571453789,-18.14257726407857,1.1490385602943396,0.4187002995247681,0.06580524484505748,3.570137790558926e-05,19.325400950133336,33.793822667181345,nan,nan,nan
110.04,178.11236572265625,-205.32806396484375,-18.14227294921875,179.24551824707737,-205.51820370153226,-18.146214604109055,1.1490010007450855,0.4187456102406593,0.06582747051089821,3.500452244464821e-05,19.542949492766766,35.19196052066665,nan,1.692662731888718,nan
110.05,178.11474609375,-205.33676147460938,-18.144392013549805,179.25700386219384,-205.53728171133739,-18.148300378853207,1.1597311974018398,0.4186759430955686,0.06582130518275163,3.56882438658234e-05,18.666417404002924,34.13996999806707,6.437654505467882,nan,nan
110.06,178.11720275878906,-205.345458984375,-18.14658546447754,179.25944361088193,-205.54604913598638,-18.149381515178447,1.1597234114274146,0.4187210623526077,0.06584352234255665,3.4991910021198186e-05,18.39278965682199,33.9843632385553,nan,0.9744953454667437,nan
110.07000000000001,178.11972045898438,-205.35414123535156,-18.1488037109375,179.2619422897214,-205.5548198630331,-18.151675648976575,1.159720168940964,0.41876626811058554,0.06586580151079377,3.5697162499710574e-05,18.33038678503229,34.48364728870904,nan,nan,nan
110.08,178.122314453125,-205.3628387451172,-18.151010513305664,179.2645124841318,-205.56358966712727,-18.153870774684428,1.1597092117504701,0.4188115602100157,0.06588814280337547,3.500050326314045e-05,18.264989382615212,33.72941395600191,nan,0.008051297368070684,nan
110.09,178.12498474121094,-205.37152099609375,-18.15319061279297,179.2671512198407,-205.57235939537944,-18.156154079569404,1.1596935412722247,0.41885693909021043,0.06591054639261439,3.570612484702946e-05,18.207182969493484,34.65313099974604,nan,nan,nan
110.10000000000001,178.12771606445312,-205.38021850585938,-18.155336380004883,179.27583892078258,-205.58233476540585,-18.1582233032226,1.165781030007273,0.418787327726956,0.06590427999755638,3.498795656913816e-05,18.332437871359172,33.518030024154896,0.530897337162959,0.02787728808852345,nan
110.11,178.13050842285156,-205.38890075683594,-18.15744400024414,179.27862686383034,-205.59110337317253,-18.16043915408214,1.1657919297693797,0.4188325149489971,0.06592667436788975,3.569307116592469e-05,18.277114080459103,34.11186624686538,nan,nan,nan
110.12,178.1333770751953,-205.39759826660156,-18.15951156616211,179.28148107644066,-205.59987165331154,-18.162723459033455,1.1657905630526042,0.41887778844534496,0.06594913109279689,3.499659306256969e-05,18.25385474338134,33.41701960860327,nan,0.008033143541432482,nan
110.13,178.1363067626953,-205.40628051757812,-18.16153907775879,179.28440292919439,-205.60863908832044,-18.164863114542467,1.16579794471567,0.4189231486210457,0.06597165034136297,3.570207795075151e-05,18.20058879392282,34.056610667757894,nan,nan,nan
110.14,178.1392822265625,-205.41497802734375,-18.16352653503418,179.2873832237868,-205.61740315771277,-18.16594006621362,1.1658120167355936,0.4189685953680984,0.06599423223420137,3.50052615086358e-05,17.99189318316778,33.30042275635378,nan,0.7397585437053519,nan
110.15,178.14222717285156,-205.4236602783203,-18.16547393798828,179.28218868358738,-205.61882977136693,-18.168057717198952,1.156550929656869,0.41889903922663285,0.06598786164125495,3.568907220105252e-05,18.45203693902108,33.66450398549428,2.555087833075824,nan,nan
110.16,178.1451416015625,-205.43234252929688,-18.167383193969727,179.28514543100547,-205.62757395149012,-18.169396525023213,1.156601959560062,0.41894429412801676,0.06601043358727395,3.4992762548471707e-05,18.31646020202382,33.597968878403236,nan,0.32322085066299816,nan
110.17,178.14801025390625,-205.4410400390625,-18.169254302978516,179.28805483918399,-205.63631956592727,-18.17136772648112,1.1566504297291,0.41898963560821145,0.06603306828034253,3.5698104720846824e-05,18.263794779056003,32.73903005226497,nan,nan,nan
110.18,178.1508331298828,-205.44972229003906,-18.17108917236328,179.29090118441349,-205.64506912104824,-18.17490814954447,1.1566893005182466,0.41903506358980835,0.06605576584398401,3.500145596920713e-05,18.491618123595032,33.85798514014714,nan,1.8207635080762294,nan
110.19,178.15359497070312,-205.45840454101562,-18.17288589477539,179.29370901383444,-205.65381412833443,-18.176822560857037,1.1567456226418966,0.4190805784318936,0.06607852644303756,3.570716188864965e-05,18.445902096161323,33.6755791578957,nan,nan,nan
110.2,178.15631103515625,-205.4670867919922,-18.17464828491211,179.27916383734538,-205.6539669360546,-18.17864107650525,1.138305119910066,0.41901107640154855,0.06607204846451499,3.4988987030519327e-05,18.580914933933254,33.703549398251674,2.9920957190129727,0.011664373566257822,nan
110.21000000000001,178.15896606445312,-205.47576904296875,-18.176374435424805,179.28184006519342,-205.6626934246782,-18.180485803099504,1.138333716165929,0.4190563991899802,0.06609479837075422,3.569418055852525e-05,18.536286581216924,33.50296520062125,nan,nan,nan
110.22,178.1615753173828,-205.48446655273438,-18.17806625366211,179.28446104091626,-205.67142039343486,-18.182587175706747,1.138351670356757,0.41910180840788447,0.06611761137001085,3.4997690136877846e-05,18.58592058766941,32.888016788915955,nan,0.05951401532863308,nan
110.23,178.16412353515625,-205.49314880371094,-18.179725646972656,179.28703232151534,-205.68014661406175,-18.184368038026847,1.1383821306367847,0.4191473043872144,0.06614048762451913,3.570324864955374e-05,18.543562188708883,33.391395307525485,nan,nan,nan
110.24000000000001,178.1666259765625,-205.5018310546875,-18.181350708007812,179.28954670103198,-205.68887460257815,-18.18686217086218,1.1384052962251103,0.4191928870913417,0.0661634272616094,3.500641023332677e-05,18.745614403514665,33.723303964351636,nan,0.39257980591341246,nan
110.25,178.16908264160156,-205.51051330566406,-18.18294334411621,179.29493279457122,-205.69946543173756,-18.18849002629284,1.141609494780363,0.4191234384680533,0.06615683874520167,3.569028509689782e-05,18.637076468007336,33.71378167897268,0.5375990992046227,nan,nan
110.26,178.17149353027344,-205.51919555664062,-18.18450355529785,179.29735014147303,-205.70819776900473,-18.191040009043252,1.1416293927925674,0.41916882891894064,0.06617976692868109,3.49939453456477e-05,18.934016660358722,34.08951259400309,nan,0.521368368817482,nan
110.27,178.17384338378906,-205.5278778076172,-18.186033248901367,179.29972555149936,-205.71692805329207,-18.192708934081914,1.1416633548163,0.4192143060328829,0.06620275858365098,3.569935066805977e-05,18.900315399617845,33.72231264583874,nan,nan,nan
110.28,178.1761474609375,-205.5365753173828,-18.18753433227539,179.30206572367968,-205.72565443781272,-18.192673214368327,1.1416957809627182,0.4192598697971676,0.06622581383975584,3.50026644399875e-05,18.347297054906054,32.31490434805004,nan,1.9805008730180997,nan
110.29,178.1784210205078,-205.54525756835938,-18.189002990722656,179.30434706668703,-205.73438452035208,-18.194266429682354,1.1417119466943038,0.41930552050781056,0.06624893285584237,3.570842841021219e-05,18.30711627223958,33.51492587327321,nan,nan,nan
110.3,178.18063354492188,-205.55393981933594,-18.19044303894043,179.28041402766078,-205.73684646013967,-18.196121049420743,1.1149009773367973,0.4192361241842944,0.06624223060958563,3.499020648907031e-05,17.83885812534916,33.302256837544256,8.633853300135286,0.03093473866736931,nan
110.31,178.18280029296875,-205.5626220703125,-18.19185447692871,179.28255330106398,-205.7455732207818,-18.197661095128755,1.114881840863632,0.4192815824251381,0.06626533739411473,3.5695453056053126e-05,17.80137583988597,33.206347628906364,nan,nan,nan
110.32000000000001,178.1849365234375,-205.57130432128906,-18.193239212036133,179.28465781686566,-205.75429719222294,-18.197859005487103,1.1148518540700632,0.4193271272400834,0.06628850799451162,3.4998913721533e-05,17.40552886055012,33.073970258795,nan,1.22048656255354,nan
110.33,178.18702697753906,-205.57998657226562,-18.194595336914062,179.28671066556532,-205.76302389230077,-18.19933142410379,1.114822544066343,0.4193727589042168,0.06631174256758351,3.570452038660177e-05,17.36325695348907,32.958803539805814,nan,nan,nan
110.34,178.18907165527344,-205.5886688232422,-18.1959228515625,179.28872883833887,-205.77174840877072,-18.19964508754853,1.1147994931580456,0.4194184774362927,0.0663350412459652,3.500762854036756e-05,17.07051030117228,32.60821497492777,nan,0.9046951493858347,nan
110.35000000000001,178.19107055664062,-205.59735107421875,-18.19722557067871,179.31785651565465,-205.7882537872989,-18.200988183514703,1.1428493341415944,0.41934913258618617,0.06632822210455405,3.569154414089782e-05,17.49603053272618,32.32019094079218,7.97490719425097,nan,nan
110.36,178.1930389404297,-205.6060333251953,-18.198501586914062,179.31983767220038,-205.79698857931052,-18.202108981474385,1.1428702044806995,0.4193946584373792,0.06635150775892013,3.499514753446342e-05,17.411404213590874,32.48414334405753,nan,0.04819915818812233,nan
110.37,178.19496154785156,-205.61473083496094,-18.199752807617188,179.32177754663462,-205.80572418093,-18.203463624863918,1.1428939248602925,0.41944027104109427,0.0663748575950641,3.570059161710105e-05,17.36767094919911,31.476730773218065,nan,nan,nan
110.38,178.1968536376953,-205.6234130859375,-18.200979232788086,179.32367624957752,-205.81446070051985,-18.205200946546977,1.1429112881381909,0.41948597043427865,0.06639827174740316,3.5003845581638214e-05,17.43157539690563,32.51532394569404,nan,0.11692211148626648,nan
110.39,178.19869995117188,-205.63209533691406,-18.202180862426758,179.32553939051553,-205.82319661149805,-18.206511585501794,1.1429372574075531,0.41953175686467464,0.06642175037012737,3.5709643816028924e-05,17.38865230721243,32.31222648410904,nan,nan,nan
110.4,178.2005157470703,-205.64077758789062,-18.203357696533203,179.32239754280164,-205.83138681167742,-18.207655204980714,1.1379670945878908,0.4194624623735662,0.0664148111427378,3.499135798988014e-05,17.18293867356413,32.431616780457844,0.6062895650705841,0.00500719368051392,nan
110.41,178.20230102539062,-205.6494598388672,-18.204511642456055,179.32417565567718,-205.84012472816616,-18.208917809544634,1.1379697713034371,0.41950805589804646,0.06643827593273931,3.569663449808507e-05,17.139725493934698,32.51754998583324,nan,nan,nan
110.42,178.20404052734375,-205.65814208984375,-18.205642700195312,179.32592150810197,-205.84886164197275,-18.20952542044176,1.1379832854958036,0.4195537361319335,0.0664618052460416,3.5000031711415195e-05,16.96800919578463,32.07905378941452,nan,0.2827028658473503,nan
110.43,178.20574951171875,-205.66683959960938,-18.206750869750977,179.3276286508025,-205.85759967954996,-18.210737535491575,1.1379886222251752,0.4195995033072831,0.06648539923529148,3.570566412079615e-05,16.92552961277573,31.340633725971173,nan,nan,nan
110.44,178.20741271972656,-205.67552185058594,-18.20783805847168,179.32930523633956,-205.86633669472135,-18.211180387367712,1.138008916809147,0.41964535748463605,0.06650905803717598,3.500870777968458e-05,16.74165394130805,31.673549947376408,nan,0.39477299364233837,nan
110.45,178.2090606689453,-205.6842041015625,-18.20890235900879,179.31237561052197,-205.85764271301886,-18.212201872270626,1.1168687026853137,0.4195761124231416,0.0665019955535074,3.569264377643586e-05,17.770512535588892,31.940128696360034,12.789973519624223,nan,nan
110.46000000000001,178.21066284179688,-205.69288635253906,-18.209945678710938,179.3139642821122,-205.86633632983478,-18.21460439607184,1.1168619728835008,0.4196217734725795,0.06652563969979101,3.499618235872353e-05,18.028126077815276,31.890032695461073,nan,1.1275211034467247,nan
110.47,178.2122344970703,-205.70156860351562,-18.210968017578125,179.3155270784402,-205.87502828826274,-18.215735992204912,1.1168551902195893,0.4196675213680502,0.06654934872400588,3.570164430493951e-05,17.987243111630853,31.90570121173214,nan,nan,nan
110.48,178.21377563476562,-205.71026611328125,-18.211971282958984,179.31705872501044,-205.88372029676907,-18.216733846846324,1.1168449368665092,0.4197133561835175,0.06657312276416229,3.5004833420643905e-05,17.942831870762,31.07856571476267,nan,0.009199335544797127,nan
110.49000000000001,178.2152862548828,-205.7189483642578,-18.212953567504883,179.31855873543208,-205.8924125833114,-18.217825542604565,1.1168364865863625,0.41975927813085673,0.06659696197095819,3.571064579921192e-05,17.902334063611967,31.847735873925668,nan,nan,nan
110.5,178.21678161621094,-205.72763061523438,-18.213916778564453,179.33098422684355,-205.9040603508921,-18.220950598481178,1.1281065480651278,0.4196900813692347,0.06658977304671301,3.499229485019697e-05,18.831427494014815,32.791419111563904,2.919820863525824,3.5605271871973563,nan
110.51,178.21823120117188,-205.736328125,-18.214859008789062,179.33244447194636,-205.91275529146935,-18.22202336313323,1.1281174964566187,0.4197358099552608,0.06661359675964679,3.569758200395074e-05,18.800530054528455,31.657120538707208,nan,nan,nan
110.52,178.2196502685547,-205.74501037597656,-18.215784072875977,179.3338778472065,-205.9214496255839,-18.2225390240945,1.1281309920378337,0.41978162537787594,0.06663748568809329,3.500091571433768e-05,18.609950150742822,32.16052564691198,nan,0.20517295713909198,nan
110.53,178.22105407714844,-205.75369262695312,-18.216690063476562,179.33528019412628,-205.93014482425014,-18.223570920035048,1.128132334379904,0.419827527837578,0.0666614399816286,3.57065553812069e-05,18.575408780301434,32.449357223683215,nan,nan,nan
110.54,178.222412109375,-205.76239013671875,-18.217578887939453,179.33666323570327,-205.93883752423085,-18.222507044233193,1.128146063153224,0.4198735174254511,0.06668545977991827,3.500953667443635e-05,17.889050146960894,30.556815579222945,nan,3.048742133037763,nan
110.55,178.22386169433594,-205.7710723876953,-18.218555450439453,179.3288295637914,-205.94533498975903,-18.223513693416997,1.118635790228612,0.4198043679481162,0.06667814124742612,3.569347649249315e-05,17.659190818696967,31.501606499430142,1.020561328679741,nan,nan
110.56,178.22540283203125,-205.77975463867188,-18.219619750976562,179.33030287141415,-205.95402762903683,-18.22313311137881,1.1185649359337118,0.4198501639423373,0.06670214469981223,3.499695428037699e-05,17.26408021956638,31.338377174592004,nan,1.5881009272952253,nan
110.57000000000001,178.22702026367188,-205.7884521484375,-18.22077178955078,179.33185216289755,-205.96272217316547,-18.224325483985535,1.1184972936084516,0.41989604687900656,0.06672621371217154,3.570241727175577e-05,17.208222433081488,30.380234013713952,nan,nan,nan
110.58,178.2287139892578,-205.79713439941406,-18.222009658813477,179.33347645171392,-205.9714186310442,-18.227179925067208,1.1184372237636433,0.41994201685876503,0.06675034842510935,3.5005547311431244e-05,17.559998473306848,31.434711065899375,nan,1.7499854090993878,nan
110.59,178.23048400878906,-205.80581665039062,-18.22333335876465,179.33518694533794,-205.9801135006695,-18.228561984424196,1.1183806635323812,0.41998807406773786,0.06677454898681358,3.571135784336696e-05,17.50412626847823,31.286331152312837,nan,nan,nan
110.60000000000001,178.2323455810547,-205.81451416015625,-18.22473907470703,179.3314829918525,-205.99121970125907,-18.22877408276436,1.1132583605622755,0.4199189707236498,0.0667670976736586,3.499295002387305e-05,16.65900407458337,30.541620714734858,2.6173334586478143,0.9491291407693982,nan
110.61,178.23426818847656,-205.8231964111328,-18.226228713989258,179.33333370980066,-205.99992657561532,-18.230312569666413,1.1131914700888637,0.4199648340973348,0.06679128102286304,3.569823267874995e-05,16.603685270920085,30.846084628191708,nan,nan,nan
110.62,178.2362823486328,-205.83189392089844,-18.227800369262695,179.33526541023605,-206.00863235690161,-18.23089458553449,1.1131081792108104,0.4200107844277997,0.06681553026478033,3.5001511531594886e-05,16.353997221802572,30.168717657721583,nan,0.7635802598354373,nan
110.63,178.23837280273438,-205.840576171875,-18.229454040527344,179.33727006975292,-206.01733906502915,-18.232588711680684,1.113027470469749,0.42005682189323573,0.06683984554682275,3.570714413396872e-05,16.298226815899746,30.880320687699705,nan,nan,nan
110.64,178.2405242919922,-205.84927368164062,-18.231185913085938,179.33934861415463,-206.02604625641678,-18.234910247299734,1.1129588064407767,0.4201029466062292,0.06686422701074371,3.5010072916389444e-05,16.364335491600105,29.87989912348182,nan,0.2103680738348523,nan
110.65,178.24276733398438,-205.8579559326172,-18.23299789428711,179.33715722094846,-206.02396404602433,-18.236834448891067,1.1069158222545568,0.420033888308074,0.06685663975911046,3.569400388386947e-05,17.320162717322336,31.00618535704921,7.171460219104931,nan,nan
110.66,178.2450714111328,-205.86663818359375,-18.234888076782227,179.32307254563824,-206.01845081371485,-18.237635452254757,1.0886418459398215,0.41437747691682864,0.06257602199365053,3.499731934738029e-05,22.887003639239026,36.28678801528219,nan,0.9243676374138082,0.04674529556189819
110.67,178.24745178222656,-205.87533569335938,-18.23685646057129,179.32538808296007,-206.02711063826052,-18.239645771812686,1.0885724976298075,0.4144263143806629,0.06259216608505008,3.5702768176272766e-05,22.813169361717822,35.55382268231024,nan,nan,nan
110.68,178.24990844726562,-205.88401794433594,-18.238901138305664,179.32779341692657,-206.0357885097731,-18.242626920530245,1.0885238600082572,0.4144752377772924,0.06260836799274455,3.5005857287480514e-05,22.913347323457373,36.543935504227356,nan,0.562677715138655,nan
110.69,178.25242614746094,-205.8927001953125,-18.24102020263672,179.33025276588114,-206.04444790810678,-18.24480129359777,1.0884630836010385,0.4145242483348233,0.06262462903877838,3.571165169325959e-05,22.8396065408475,36.28621553345092,nan,nan,nan
110.7,178.25502014160156,-205.90139770507812,-18.243215560913086,179.35066800026166,-206.06160865787027,-18.244543617937968,1.107300114384755,0.4144614707775896,0.06262050816439922,3.4993206439575336e-05,22.2763478145844,35.13325714249028,4.476084885595937,3.962634063891612,nan
110.71000000000001,178.2576904296875,-205.9100799560547,-18.245433807373047,179.3532961873011,-206.07028646808024,-18.246817903425782,1.107257882488706,0.4145102726060572,0.06263678845299706,3.5698471240300704e-05,22.20185114094107,36.0167540620347,nan,nan,nan
110.72,178.2604217529297,-205.91876220703125,-18.247642517089844,179.35602347061234,-206.07899465212347,-18.25067555820502,1.107260926605749,0.4145591603089169,0.06265312686778396,3.500171435275654e-05,22.33409377098544,35.943245536458235,nan,1.75281357379087,nan
110.73,178.26321411132812,-205.9274444580078,-18.24982261657715,179.35878892661802,-206.08767132753425,-18.252955707021503,1.1072337792315856,0.41460813506017974,0.0626695246436554,3.570732742551611e-05,22.27002513469399,35.76814715463618,nan,nan,nan
110.74000000000001,178.26608276367188,-205.93614196777344,-18.251970291137695,179.36160241090536,-206.0963277264695,-18.254179421376563,1.1071710143514548,0.41465719598816675,0.06268598085509217,3.501022314637448e-05,22.060386659887023,34.92411072706184,nan,0.7436540190219904,nan
110.75,178.26901245117188,-205.94482421875,-18.254077911376953,179.40323744390673,-206.11479172796942,-18.256365416321298,1.146891677977267,0.41459432373831195,0.06268185795555827,3.569413428891696e-05,22.97098430274026,35.66613087902519,15.935116487529417,nan,nan
110.76,178.2720184326172,-205.95350646972656,-18.256145477294922,179.40627004308564,-206.1234673439395,-18.25841153516321,1.146916975910535,0.4146431756779512,0.06269833292541319,3.499753178155863e-05,22.896068176168658,35.797684080025704,nan,0.010131266019289244,nan
110.77,178.2750701904297,-205.96218872070312,-18.2581729888916,179.40936976248662,-206.13214478060257,-18.26053718551157,1.146963892583695,0.41469211455257965,0.06271486747677414,3.570296075703621e-05,22.832319391619922,35.375841785248106,nan,nan,nan
110.78,178.2781982421875,-205.9708709716797,-18.260162353515625,179.4125541751213,-206.14084276114409,-18.26375856983173,1.1470251630054307,0.41474113954542824,0.06273146076744568,3.500601586042414e-05,22.97111858841007,35.69985182390796,nan,0.9088957319532065,nan
110.79,178.28138732910156,-205.97955322265625,-18.262109756469727,179.41578107765991,-206.14951934905574,-18.265817870884323,1.1470620780951781,0.4147902517488105,0.06274811390903792,3.571178900722402e-05,22.91301168938445,35.674694263361644,nan,nan,nan
110.8,178.28460693359375,-205.9882354736328,-18.264019012451172,179.42184734566652,-206.15064367211974,-18.267434608287523,1.14878363675765,0.4147272839926589,0.06274398437703314,3.499331403394463e-05,24.153315013077318,35.76499170337168,11.451600800897575,0.17685932685119335,nan
110.81,178.28781127929688,-205.99691772460938,-18.265892028808594,179.42513618603496,-206.15928349543717,-18.269415471488134,1.1488616111924084,0.4147761869188881,0.06276065572675849,3.569855639116137e-05,24.09813257099427,35.708171881359895,nan,nan,nan
110.82000000000001,178.29095458984375,-206.00559997558594,-18.26772689819336,179.4283671570912,-206.1678944194531,-18.26976675536912,1.1489347221056059,0.41482517590425866,0.06277738611393209,3.5001771332537466e-05,23.80194495252244,35.0582902729353,nan,1.791778092466265,nan
110.83,178.2940673828125,-206.0142822265625,-18.26952362060547,179.43158028999943,-206.17653293383012,-18.271659330454856,1.1490280533051689,0.4148742519860873,0.06279417657108036,3.570736081170382e-05,23.74275485071526,35.433249362205814,nan,nan,nan
110.84,178.297119140625,-206.02296447753906,-18.271286010742188,179.43475090783645,-206.18518224423497,-18.274157513594044,1.149142674835928,0.41492341442946684,0.0628110263731032,3.5010231264209767e-05,23.783135325941597,35.34767547599718,nan,0.2897732414355022,nan
110.85000000000001,178.30010986328125,-206.03164672851562,-18.273014068603516,179.44155440121824,-206.20791229112766,-18.27601737193064,1.1549780091326418,0.41486035225341866,0.06280688751676002,3.569411935833838e-05,21.90879341005603,35.11454375135037,23.8243869609652,nan,nan
110.86,178.30303955078125,-206.0403289794922,-18.27470588684082,179.4445909568127,-206.21660465860714,-18.277650472683955,1.1550850177565344,0.4149093051573919,0.06282375499512902,3.499749442149021e-05,21.835424210876855,35.03077154114189,nan,0.018774315296728922,nan
110.87,178.30592346191406,-206.04901123046875,-18.276365280151367,179.4475724461074,-206.22529927133704,-18.27941192847059,1.1551836038175094,0.41495834504340684,0.06284068276051921,3.57028979522767e-05,21.778768702015434,35.15143044225106,nan,nan,nan
110.88,178.30873107910156,-206.05767822265625,-18.277990341186523,179.45049674397308,-206.2339935834759,-18.28114983999573,1.1553033897523093,0.4150074712309556,0.06285767016233532,3.500593345365829e-05,21.73426354310679,35.5642347639646,nan,5.6118547127668346e-05,nan
110.89,178.31149291992188,-206.0663604736328,-18.279584884643555,179.45336424047196,-206.24268740478732,-18.282846928783627,1.1554098581356846,0.4150566846762811,0.06287471812266922,3.57116803541332e-05,21.67915587574107,34.841490140135804,nan,nan,nan
110.9,178.314208984375,-206.07504272460938,-18.281145095825195,179.4521744010162,-206.25243418533623,-18.28318251896384,1.1517105412833777,0.414993527385422,0.06287056544874114,3.4993190180688426e-05,21.082254078596165,34.79726563127956,1.3535695325151655,1.0872146670631084,nan
110.91,178.31686401367188,-206.08372497558594,-18.282676696777344,179.4549226976521,-206.26113616443422,-18.28480356820648,1.151805895840726,0.4150425310000218,0.0628876304928926,3.569840568676487e-05,21.022398378056028,34.54645420721006,nan,nan,nan
110.92,178.3194580078125,-206.09239196777344,-18.284175872802734,179.45759186989213,-206.2698132617959,-18.28483636785297,1.1518799589534494,0.41509162085508833,0.06290475545922149,3.500160647130982e-05,20.838725630818363,35.06763227926934,nan,1.715149674413283,nan
110.93,178.32200622558594,-206.10107421875,-18.285646438598633,179.46023414736703,-206.27851475245745,-18.28638302127541,1.151975905771703,0.4151407978535997,0.06292194120009821,3.5707168505838496e-05,20.774032524334235,34.29033175415284,nan,nan,nan
110.94,178.3245086669922,-206.10975646972656,-18.287086486816406,179.46282817150623,-206.2872190102118,-18.288089702325504,1.1520699866214423,0.41519006139445563,0.06293918716834049,3.501002745034955e-05,20.72006023519806,34.39408662945177,nan,0.025060743685565323,nan
110.95,178.32696533203125,-206.11843872070312,-18.288497924804688,179.4890592664542,-206.30621231782118,-18.28950717361943,1.1771670462514856,0.4151268099234279,0.06293501772342844,3.569388937540735e-05,20.63604348600176,34.546380945046245,5.738012920077382,nan,nan
110.96000000000001,178.32936096191406,-206.1271209716797,-18.28988265991211,179.49159273486674,-206.31493717450942,-18.291197013806258,1.1773102172461893,0.41517586336790085,0.06295228019710139,3.4997255443939774e-05,20.590333827349404,34.24680678024214,nan,0.03622674410577447,nan
110.97,178.3317108154297,-206.1357879638672,-18.29123878479004,179.49407429490293,-206.32365858291885,-18.29263564328269,1.1774490133885405,0.41522500384156436,0.0629696036594963,3.57026307179124e-05,20.527056020907164,35.08684634855527,nan,nan,nan
110.98,178.33401489257812,-206.14447021484375,-18.29256820678711,179.49652214295352,-206.33239289249192,-18.294924661735372,1.1776007782053102,0.41527423079496384,0.0629869876282355,3.500565971783138e-05,20.564673683086756,34.32274322729132,nan,0.5427106058218724,nan
110.99000000000001,178.33627319335938,-206.1531524658203,-18.29387092590332,179.49891003758518,-206.34111426641985,-18.296319582052895,1.177735142531159,0.4153235450540119,0.06300443285948451,3.571137804494734e-05,20.50775582260981,34.269673128357226,nan,nan,nan
111.0,178.33848571777344,-206.16183471679688,-18.295146942138672,179.49735600589892,-206.35293392778843,-18.296435996613845,1.174521568470787,0.41526019882407494,0.06300024225157852,3.499288551613698e-05,19.721342670608085,34.087425082881275,2.9102174409933177,1.0040247977352874,nan
111.01,178.3406524658203,-206.17050170898438,-18.296398162841797,179.49964327816068,-206.3616721375384,-18.297767801858562,1.1746521662832523,0.4153093026935751,0.06301770335493434,3.5698072300629306e-05,19.658301480590943,34.835280731077695,nan,nan,nan
111.02,178.34278869628906,-206.17918395996094,-18.297624588012695,179.50189156711795,-206.37041492394542,-18.29939298858877,1.1747731159635901,0.4153584929788263,0.06303522523777196,3.5001271241137975e-05,19.628489196550063,34.22317052736011,nan,0.07121188120930032,nan
111.03,178.34486389160156,-206.1878662109375,-18.298826217651367,179.50409213083367,-206.37915349063525,-18.30067995182133,1.1749061112862198,0.4154077704560777,0.06305280859640552,3.5706804398133694e-05,19.56995962533298,33.8498404701431,nan,nan,nan
111.04,178.34690856933594,-206.19654846191406,-18.300004959106445,179.5062452915227,-206.38788733948894,-18.30157996515656,1.1750211411402032,0.41545713465000234,0.06307045303736714,3.500966372606154e-05,19.478703110903936,33.946380934567294,nan,0.09325270210442828,nan
111.05,178.34890747070312,-206.20521545410156,-18.301158905029297,179.48389117581178,-206.37636554642023,-18.302688667820664,1.1478164945395457,0.4153936944520522,0.06306623808528514,3.569349851901288e-05,20.78071507753729,34.39893228888283,23.100622642600243,nan,nan
111.06,178.3508758544922,-206.21389770507812,-18.302289962768555,179.48596752578584,-206.38507211506857,-18.306083284218428,1.1479321278557422,0.415442847987119,0.06308389777462771,3.499686702394077e-05,21.061354095371698,34.113839968037745,nan,3.36410141805024,nan
111.07000000000001,178.35279846191406,-206.2225799560547,-18.30340003967285,179.48797294129994,-206.39375005146508,-18.307295461842266,1.1480137083352648,0.4154920886008928,0.06310161915121862,3.5702213407570456e-05,21.010748431337884,33.90864644585118,nan,nan,nan
111.08,178.3546905517578,-206.23126220703125,-18.304487228393555,179.48992126965015,-206.40241119160015,-18.307176533095156,1.1480627117562456,0.415541415865419,0.06311940187651388,3.500524687807754e-05,20.727575789375,33.81030133436048,nan,1.2110377046542111,nan
111.09,178.35653686523438,-206.2399444580078,-18.305551528930664,179.49185001368778,-206.41108930168872,-18.3083332818247,1.1481438240564248,0.41559083048618994,0.06313724656517876,3.5710936366887966e-05,20.67352289089694,33.65175339287208,nan,nan,nan
111.10000000000001,178.35833740234375,-206.24862670898438,-18.306594848632812,179.48472852219126,-206.4214239732834,-18.309399092340186,1.1395717235888783,0.41552729585032716,0.0631330029638214,3.4992451976506826e-05,19.934644680646223,33.3501353484857,3.649810348817924,0.0002570675508532753,nan
111.11,178.36012268066406,-206.25729370117188,-18.307619094848633,179.48656404957782,-206.43011765721056,-18.310513656762332,1.1396256647995595,0.4155764995177236,0.06315086222806426,3.56976101134459e-05,19.87765039028101,34.50542660460696,nan,nan,nan
111.12,178.36184692382812,-206.26597595214844,-18.30862045288086,179.48838336168902,-206.43882904896557,-18.313042484076565,1.1397289560537969,0.4156257897683774,0.06316878310162044,3.500081721150191e-05,20.138236905193512,33.52366500193993,nan,1.4515194061471095,nan
111.13,178.36355590820312,-206.274658203125,-18.309602737426758,179.49014833885673,-206.44752322497328,-18.314132692107375,1.1397865331166213,0.4156751672629148,0.06318676614906875,3.57063218894282e-05,20.089942018660224,33.862155690279195,nan,nan,nan
111.14,178.365234375,-206.28334045410156,-18.310565948486328,179.4918808144744,-206.4562191090348,-18.315337239916634,1.139842969068012,0.41572463164041273,0.0632048111063734,3.500919111070508e-05,20.10117395055397,33.9306068657704,nan,0.012536211804403088,nan
111.15,178.3668670654297,-206.29202270507812,-18.31151008605957,179.50669850799406,-206.46291330842485,-18.316449189948223,1.15258132490415,0.4156610032256097,0.06320053548092792,3.569299942295316e-05,21.09416627561071,33.7681730756766,6.768566209415266,nan,nan
111.16,178.36846923828125,-206.3007049560547,-18.312435150146484,179.50838855231498,-206.47158602382305,-18.31733561395944,1.152666645814988,0.4157102563766816,0.06321859434617638,3.499637936790228e-05,21.034187614988177,33.76539802349442,nan,0.016078619975067935,nan
111.17,178.3700408935547,-206.30938720703125,-18.31334114074707,179.51004833319382,-206.48026069800784,-18.318353773961103,1.152753156075853,0.41575959665979056,0.06323671559393257,3.570169783703419e-05,20.989115991687573,33.79164727284751,nan,nan,nan
111.18,178.37168884277344,-206.3180694580078,-18.3143367767334,179.51174275196487,-206.4889446183895,-18.320205736825255,1.1528034008410553,0.4158090237562102,0.06325489900555162,3.5004744282564805e-05,21.203906469746464,33.93129766031371,nan,0.44905255035560554,nan
111.19,178.37342834472656,-206.32675170898438,-18.315420150756836,179.51350774930856,-206.49762003037455,-18.321357391244312,1.1528279502299297,0.41585853826349134,0.06327314507804968,3.571040617114027e-05,21.141164909527273,34.125367983724345,nan,nan,nan
111.2,178.375244140625,-206.33543395996094,-18.31658935546875,179.52165050710735,-206.5138781002633,-18.321183433102885,1.1602202264522143,0.4157948156982829,0.06326883319601212,3.499193783427958e-05,20.090916458372146,33.690733216875905,3.8670966465161367,1.5563151007571714,nan
111.21000000000001,178.37713623046875,-206.3441162109375,-18.31784439086914,179.52358062407234,-206.52257886552053,-18.32249684241767,1.1602608810139774,0.41584411868361487,0.0632870924653947,3.5697068795467025e-05,20.02874079980772,33.6030456040052,nan,nan,nan
111.22,178.3791046142578,-206.35279846191406,-18.319185256958008,179.52558719597153,-206.53127837779624,-18.323782517211022,1.1603010494471178,0.4158935084109411,0.0633054141470357,3.500029155154859e-05,19.961154980094417,33.492688443924024,nan,0.009166142582351197,nan
111.23,178.3811492919922,-206.36148071289062,-18.320608139038086,179.5276720423343,-206.53997927355456,-18.325266152286364,1.1603438500283294,0.41594298543837943,0.06332379869707806,3.5705769445776765e-05,19.900130266265833,33.5206912854097,nan,nan,nan
111.24000000000001,178.38327026367188,-206.3701629638672,-18.322114944458008,179.5298469112859,-206.5486925731949,-18.328014561117513,1.1604075300243533,0.4159925495061649,0.06334224595775961,3.50086555660432e-05,20.22198064966821,33.8425866761731,nan,0.9838792194376433,nan
111.25,178.3854522705078,-206.37884521484375,-18.32370376586914,179.5048532351563,-206.54488276156505,-18.329658522625902,1.1316635744359864,0.41592873333168406,0.06333789428388296,3.569243917453051e-05,20.330054898970268,33.38279234110086,7.559417645238954,nan,nan
111.26,178.38772583007812,-206.3875274658203,-18.32537269592285,179.50711267448827,-206.55355176038705,-18.33075560949756,1.1316447983282723,0.4159780856007676,0.06335635403146098,3.499583707290529e-05,20.10010782428279,33.53262520173893,nan,0.29599389398331594,nan
111.27,178.39007568359375,-206.39620971679688,-18.32712173461914,179.5094532528107,-206.56222687506724,-18.332574956224754,1.1316349132702053,0.41602752505979296,0.06337487685291834,3.570112970631548e-05,20.040741159468507,33.53958647043303,nan,nan,nan
111.28,178.39248657226562,-206.40489196777344,-18.328950881958008,179.51188138277615,-206.57091429729752,-18.335785840214854,1.1316602283162895,0.4160770514856155,0.06339346262706771,3.500419515759342e-05,20.478893401535384,33.71817423590146,nan,1.2131129541100536,nan
111.29,178.3949737548828,-206.41358947753906,-18.330856323242188,179.51436663351197,-206.57958907672318,-18.337778656706593,1.1316555139951159,0.41612666538157744,0.06341211175554685,3.570983169511612e-05,20.42459314327547,33.064470549211585,nan,nan,nan
111.3,178.3975372314453,-206.42227172851562,-18.332839965820312,179.52767424921885,-206.58450844250902,-18.339311153010275,1.141740910440316,0.4160627553127093,0.06340771611671256,3.49913848227293e-05,21.304859632370036,33.76917299593318,7.322604169524906,0.1422015024972239,nan
111.31,178.40016174316406,-206.4309539794922,-18.33489990234375,179.53032513128315,-206.59315875120944,-18.34145392668777,1.141762946958677,0.4161121571136655,0.063426376983937,3.569649100179641e-05,21.249202804133127,33.55684000542916,nan,nan,nan
111.32000000000001,178.40284729003906,-206.43963623046875,-18.337034225463867,179.5330546790163,-206.60181649407926,-18.34453930830943,1.141808874668616,0.4161616458061915,0.06344510104050542,3.4999734506642745e-05,21.593622452360698,33.76488390105056,nan,0.5291891417487641,nan
111.33,178.40560913085938,-206.44830322265625,-18.339244842529297,179.53584372198594,-206.61046609966294,-18.34684365447683,1.141833950975858,0.41621122185982357,0.06346388865554664,3.570518814903504e-05,21.5377916664252,34.56103280161663,nan,nan,nan
111.34,178.408447265625,-206.4569854736328,-18.341476440429688,179.53868539599503,-206.61910266731897,-18.34773022457481,1.1418228083407482,0.41626088510199977,0.0634827397563585,3.500809580398533e-05,20.975849652211537,33.441213949024764,nan,1.519696253110141,nan
111.35000000000001,178.41134643554688,-206.46566772460938,-18.343698501586914,179.57365336849875,-206.64685205317159,-18.3500197279737,1.1763609672237407,0.416196881577126,0.06347829648816435,3.5691857194246276e-05,20.258638610421574,33.321331037687365,15.766905458190577,nan,nan
111.36,178.414306640625,-206.47434997558594,-18.34589195251465,179.57670138052407,-206.6555558654817,-18.353287370989147,1.1764573082319443,0.41624633244398257,0.06349715857701761,3.499527724067091e-05,20.641026621607473,33.63355588497692,nan,0.6250242910326391,nan
111.37,178.41734313964844,-206.4830322265625,-18.348051071166992,179.5798052270631,-206.6642514481071,-18.35559342932606,1.1765268369656083,0.41629587056348333,0.06351608442626708,3.5700546792491826e-05,20.610383449769245,33.742128133016294,nan,nan,nan
111.38,178.42042541503906,-206.49171447753906,-18.350170135498047,179.58295950390502,-206.67293500309046,-18.356427180862003,1.1765906413333416,0.41634549579409463,0.06353507399191767,3.500363501289824e-05,20.07539632141099,32.88115113904881,nan,1.4565151364957516,nan
111.39,178.423583984375,-206.50039672851562,-18.352249145507812,179.58619184515652,-206.68162972870584,-18.358644623169774,1.1766661975443398,0.4163952085589155,0.06355412760026852,3.570924904846607e-05,20.041942927832643,33.06328662809638,nan,nan,nan
111.4,178.4268035888672,-206.50906372070312,-18.35428810119629,179.5683625092308,-206.68909271139293,-18.359697709401885,1.1556800898222161,0.4163311113666162,0.06354963257760435,3.49908268087393e-05,18.785656132447734,33.23965935438106,8.591124201866274,0.6694159824402046,nan
111.41,178.43008422851562,-206.5177459716797,-18.356287002563477,179.57168002050244,-206.69779996490732,-18.36182395428066,1.155721008978179,0.41638061145916777,0.0635686963898895,3.569591112713096e-05,18.748057301253596,32.32455330506227,nan,nan,nan
111.42,178.4334259033203,-206.52642822265625,-18.358245849609375,179.57505049951604,-206.7064998453253,-18.36298237850015,1.1557486502850245,0.41643019858376745,0.06358782414404521,3.499917832537829e-05,18.470373203964083,32.02673328715127,nan,0.6092983919178718,nan
111.43,178.43682861328125,-206.53509521484375,-18.360166549682617,179.578490777236,-206.7152062233435,-18.365022313486644,1.1557923907132963,0.41647987313519963,0.06360701614120576,3.5704610706835914e-05,18.428397196792865,32.75686794917598,nan,nan,nan
111.44,178.44029235839844,-206.5437774658203,-18.362049102783203,179.58198527279595,-206.723907340148,-18.36633375251252,1.1558234469996236,0.4165296350143232,0.06362627237495509,3.500754245027202e-05,18.233097690397415,31.751806552044776,nan,0.33714978822799213,nan
111.45,178.4437713623047,-206.55245971679688,-18.363893508911133,179.60842499780497,-206.7465256331772,-18.368329933632722,1.1807198450305159,0.41646544450535217,0.06362172183301036,3.569128447788589e-05,17.760615727596736,31.9387563888651,8.17107372411559,nan,nan
111.46000000000001,178.4472198486328,-206.56112670898438,-18.36570167541504,179.611996913715,-206.7552706290297,-18.37099650092787,1.180857954289687,0.41651499342854303,0.06364098748096227,3.499472885599457e-05,17.95203814551258,32.86460343833721,nan,0.3899442927692728,nan
111.47,178.45062255859375,-206.56980895996094,-18.367473602294922,179.61552451170508,-206.76400996404448,-18.372892050508412,1.1809910879979904,0.4165646296717023,0.06366031756981273,3.569997841193247e-05,17.917438428991453,31.9943162838619,nan,nan,nan
111.48,178.45396423339844,-206.57847595214844,-18.36920928955078,179.6189889025186,-206.77274070888822,-18.37352174367502,1.181118060411521,0.4166143531613864,0.06367971211505041,3.500309122369826e-05,17.56941652819604,32.4226283463853,nan,1.0703568544568245,nan
111.49000000000001,178.45726013183594,-206.587158203125,-18.370912551879883,179.6224045901797,-206.78147904983038,-18.375336542313182,1.181245855850872,0.41666416425390146,0.06369917138509149,3.5708685878962774e-05,17.530615862790857,31.72279301728833,nan,nan,nan
111.5,178.46047973632812,-206.5958251953125,-18.37257957458496,179.59599070410428,-206.77478876152028,-18.377125335025408,1.149536332574022,0.41659988027813627,0.06369456123763648,3.4990289557908936e-05,17.861015372705822,32.05915246243629,10.662781649168723,0.006844546871475058,nan
111.51,178.46363830566406,-206.60450744628906,-18.37421417236328,179.5992348654745,-206.7834914051515,-18.37887342975028,1.1496245095085473,0.4166494781171932,0.06371402910294825,3.56953551542702e-05,17.824038110487393,31.204572497726932,nan,nan,nan
111.52,178.4667205810547,-206.61317443847656,-18.375816345214844,179.6024103782791,-206.7921891954834,-18.379856031584733,1.1497190603846725,0.41669916312006877,0.06373356163953507,3.4998647197945924e-05,17.626733056489442,31.508645380541477,nan,0.38004520699165223,nan
111.53,178.46975708007812,-206.62184143066406,-18.37738609313965,179.60553006675113,-206.80089132980663,-18.38153364416843,1.1498070906976596,0.4167489356198808,0.063753159096903,3.570406147386276e-05,17.586283916051876,31.791776291302398,nan,nan,nan
111.54,178.4727325439453,-206.63052368164062,-18.378925323486328,179.60859019791096,-206.8095942141376,-18.38332701047645,1.1498948823824928,0.41679879557792243,0.06377282151881544,3.500701814190275e-05,17.603904387662,30.943962887082883,nan,0.015154919523881082,nan
111.55,178.47564697265625,-206.63919067382812,-18.380434036254883,179.63635809033656,-206.8358681593222,-18.385034674683794,1.1772652623265878,0.41673441841294695,0.06376814792651828,3.5690743770985744e-05,16.85697177706128,31.96455289258771,13.244322317236149,nan,nan
111.56,178.47850036621094,-206.64785766601562,-18.381912231445312,179.63932422770873,-206.8446098590056,-18.3853419514353,1.1773849098099622,0.41678406483077757,0.06378781811665256,3.499421302477499e-05,16.5449884777272,31.594056734166404,nan,1.1627259298023989,nan
111.57000000000001,178.48130798339844,-206.6565399169922,-18.38336181640625,179.6422428559072,-206.8533587327044,-18.38689057295337,1.177505786205768,0.4168337986400719,0.06380755342094421,3.569944573937207e-05,16.503883910182346,30.890253915514663,nan,nan,nan
111.58,178.4840545654297,-206.6652069091797,-18.384780883789062,179.64511062890932,-206.86211155822596,-18.389150862537033,1.1776424415216695,0.41688361982293576,0.06382735389935221,3.500258340136039e-05,16.645680170894376,31.82220043202995,nan,0.38638302846992767,nan
111.59,178.4867401123047,-206.6738739013672,-18.386171340942383,179.6479174782005,-206.87086046548546,-18.390651223221244,1.1777761463270888,0.41693352868130923,0.06384721977716404,3.5708161823066446e-05,16.60762194226634,31.668941287263138,nan,nan,nan
111.60000000000001,178.4893798828125,-206.68255615234375,-18.387535095214844,179.64059047876856,-206.8757159881806,-18.392202373180687,1.1673124439950204,0.4168690582267365,0.06384247868596094,3.4989791220816614e-05,16.603271849011698,30.86347062820881,0.9103712260694954,0.005475349831777869,nan
111.61,178.49195861816406,-206.69122314453125,-18.388872146606445,179.6432732816202,-206.88445798853817,-18.39365008494074,1.167427936928964,0.416918753246826,0.063862351479382,3.5694841218798125e-05,16.566091126152568,31.460308679861384,nan,nan,nan
111.62,178.49449157714844,-206.69989013671875,-18.390182495117188,179.64590852925284,-206.8932027830764,-18.395680063398828,1.1675448599913354,0.41696853555439867,0.06388228965182748,3.499815785112793e-05,16.73589594349895,31.726744773856694,nan,0.26113284349460625,nan
111.63,178.49696350097656,-206.7085723876953,-18.39146614074707,179.6484885881717,-206.90194463011235,-18.39708270401758,1.1676619358187998,0.41701840543282426,0.06390229341484821,3.570355712379041e-05,16.703929148955734,30.671998378281845,nan,nan,nan
111.64,178.49940490722656,-206.7172393798828,-18.392724990844727,179.65101414675217,-206.9106834707583,-18.397794794758987,1.167754323377624,0.4170683628920422,0.06392236284896995,3.5006538219777506e-05,16.500383874641976,31.636410192247723,nan,0.3127287974836936,nan
111.65,178.5017852783203,-206.7259063720703,-18.393957138061523,179.6514719711993,-206.92657165608028,-18.398943012330733,1.1670779352434237,0.4170037993656123,0.06391755036793426,3.569025033211654e-05,15.620300712585442,31.39594951562104,7.085842734243708,nan,nan
111.66,178.50411987304688,-206.73458862304688,-18.395166397094727,179.65404456732838,-206.9351072425011,-18.399762647035196,1.1672855883543503,0.41668888727746684,0.06308070112993759,3.4993622288892476e-05,20.521102579752487,35.42442438228759,nan,0.17614867573852297,6.318895018660868e-05
111.67,178.50640869140625,-206.74325561523438,-18.396350860595703,179.65642169809388,-206.94387734394664,-18.401053286109608,1.1673907256732567,0.41673780754226863,0.06309728499510403,3.5698838423549544e-05,20.461801465335373,36.27546772443419,nan,nan,nan
111.68,178.50865173339844,-206.75192260742188,-18.397510528564453,179.6587519899406,-206.95262394221257,-18.400546749566132,1.1674848369564002,0.41678681422145497,0.06311392713729592,3.500200689803652e-05,20.030947348250127,35.88725514007283,nan,2.222887585209789,nan
111.69,178.51084899902344,-206.76060485839844,-18.398649215698242,179.6610377428192,-206.96139408739182,-18.40177448754709,1.1675873535450518,0.4168359074600437,0.06313062820055386,3.5707569452386025e-05,19.968743186439053,34.89694281014317,nan,nan,nan
111.7,178.51300048828125,-206.76927185058594,-18.399763107299805,179.64969452793025,-206.96755701138062,-18.404383865110628,1.1538681450528407,0.4167715527209705,0.06312623551719862,3.498923001279484e-05,19.83710090418638,36.00106874368944,3.6598117483786328,1.736099353125509,nan
111.71000000000001,178.51512145996094,-206.7779541015625,-18.400856018066406,179.65186698819429,-206.9763298935886,-18.405580711071057,1.153934865382134,0.41682043548671904,0.0631429534606036,3.569426486989489e-05,19.77937092974795,35.3105716835696,nan,nan,nan
111.72,178.51718139648438,-206.78662109375,-18.401927947998047,179.65399690458895,-206.98510834546875,-18.407189225200312,1.1540252898440848,0.41686940458229926,0.06315972997130656,3.499761130035493e-05,19.87123097913451,35.88503583485652,nan,0.1321077529699127,nan
111.73,178.5192108154297,-206.7952880859375,-18.402976989746094,179.6560850365494,-206.99388179716,-18.40834909613995,1.154101952303512,0.41691846015232376,0.06317656564253264,3.570299611375292e-05,19.81447966512242,36.12698714668966,nan,nan,nan
111.74000000000001,178.52120971679688,-206.80397033691406,-18.40400505065918,179.65813227980414,-207.0026494002246,-18.40898204035721,1.1541624906829238,0.41696760234122443,0.06319346018168959,3.50060064889462e-05,19.641341871733058,35.31918418012797,nan,0.1812868388726183,nan
111.75,178.5231475830078,-206.81263732910156,-18.405014038085938,179.66299418981575,-207.0127792443382,-18.409992897607143,1.1572950627771132,0.4169031709207087,0.06318905966862261,3.56897055700379e-05,19.564742924821036,35.646889534190095,0.5807329105420583,nan,nan
111.76,178.52505493164062,-206.82131958007812,-18.406002044677734,179.6649665512567,-207.02154468551632,-18.410080673664684,1.1573699618522526,0.41695210239845265,0.06320597058957782,3.499322766138279e-05,19.2742985077879,34.706999122876674,nan,0.7150794379585691,nan
111.77,178.5269317626953,-206.82998657226562,-18.406970977783203,179.666900511432,-207.03032237732188,-18.411145921187615,1.1574457279009962,0.417001120265261,0.06322294090847018,3.569843344936537e-05,19.213633753271303,35.69739693733637,nan,nan,nan
111.78,178.5287628173828,-206.8386688232422,-18.40791893005371,179.6687967187765,-207.03910628648734,-18.41269892061916,1.1575298360339785,0.4170502246656141,0.06323997037906208,3.500162314529083e-05,19.307344451789824,34.80687081680279,nan,0.1808737539536005,nan
111.79,178.5305633544922,-206.8473358154297,-18.408849716186523,179.6706560067911,-207.04788480419325,-18.41373271577779,1.1576074448642093,0.4170994157440493,0.06325705952583463,3.570717584197492e-05,19.249295232716015,35.74511229552361,nan,nan,nan
111.8,178.53231811523438,-206.85601806640625,-18.409761428833008,179.6610808201084,-207.0472441417723,-18.41574606254783,1.1448617696713943,0.41703490768976736,0.0632526472262496,3.498885781435461e-05,20.194700197182836,34.80898669744971,5.390665131305652,0.664344739034324,nan
111.81,178.53416442871094,-206.86468505859375,-18.4107608795166,179.66291181637524,-207.05599393497394,-18.41680851463021,1.1448608322548688,0.41708388781675104,0.06326975221005358,3.5693883308887235e-05,20.11995224899126,35.912777380847274,nan,nan,nan
111.82000000000001,178.5360870361328,-206.8733673095703,-18.411849975585938,179.66482140258216,-207.06473960612695,-18.417544260877143,1.1448567817758497,0.4171329543912798,0.06328691662373746,3.4997250095204864e-05,19.94844184880688,34.840204261988255,nan,0.1220698603417931,nan
111.83,178.5380859375,-206.88204956054688,-18.413022994995117,179.66680845730286,-207.0734904104873,-18.41877952144598,1.1448568746060863,0.41718210755810803,0.06330414094975016,3.570262600903388e-05,19.877011094760174,34.86557235281944,nan,nan,nan
111.84,178.54014587402344,-206.89071655273438,-18.414283752441406,179.66887232295727,-207.08224054353894,-18.419999525024185,1.1448744497248189,0.41723134746139184,0.0633214250042281,3.500565630763099e-05,19.80809276962724,35.284730444974514,nan,0.007380557474224162,nan
111.85000000000001,178.54229736328125,-206.89939880371094,-18.41562843322754,179.6562774144086,-207.08231082210972,-18.421458621519378,1.1289120213196162,0.41716676281136456,0.06331699769579698,3.568934748837222e-05,20.12626746146759,34.68299428822492,3.659863504087161,nan,nan
111.86,178.54452514648438,-206.9080810546875,-18.417057037353516,179.65847159241306,-207.09102509900967,-18.421550031655258,1.1288779361595775,0.41721579152089355,0.06333429704213539,3.499288901356725e-05,19.67849133721637,34.27654447741046,nan,1.3887623148742827,nan
111.87,178.54681396484375,-206.916748046875,-18.418567657470703,179.66073934927468,-207.0997538731575,-18.423113836780853,1.1288673802884266,0.4172649067364482,0.06335165653479044,3.569808680462867e-05,19.6072576030725,34.805349239156975,nan,nan,nan
111.88,178.54917907714844,-206.92543029785156,-18.4201602935791,179.66308031513847,-207.1084832641936,-18.424822949178527,1.128851671761881,0.41731410860178575,0.06336907602778437,3.500129547757722e-05,19.57826502492155,34.01506464472356,nan,0.002728321774320559,nan
111.89,178.55162048339844,-206.93411254882812,-18.42183494567871,179.66549372195107,-207.11721194074195,-18.42655254405431,1.1288318008531506,0.41736339726226884,0.06338655594731804,3.570684060034427e-05,19.509307321931757,34.02467463018484,nan,nan,nan
111.9,178.55413818359375,-206.94277954101562,-18.423587799072266,179.66251221404409,-207.12276427186774,-18.427099048339446,1.12289795778069,0.4172987360441771,0.06338210969998916,3.4988541535467176e-05,19.315691258115134,34.64962190588971,0.6457656530277851,1.0160211236745016,nan
111.91,178.5567169189453,-206.9514617919922,-18.4254207611084,179.6650600068732,-207.13148488746742,-18.428976990511988,1.1228737071592654,0.4173478132669013,0.06339960432484211,3.569355987924596e-05,19.247399237639815,33.52561519417161,nan,nan,nan
111.92,178.5593719482422,-206.9601287841797,-18.427330017089844,179.66767791815485,-207.1402038472197,-18.430771250968327,1.1228450442351892,0.4173969770521263,0.06341715921648437,3.4996944661850204e-05,19.159115251386208,34.45953050912237,nan,0.018745641265881,nan
111.93,178.5620880126953,-206.96881103515625,-18.429319381713867,179.67036481255823,-207.14892422126246,-18.43280523553435,1.1228225042724185,0.41744622754573246,0.06343477476718258,3.5702313820377967e-05,19.091481712083237,33.337049372153146,nan,nan,nan
111.94,178.56488037109375,-206.9774932861328,-18.43138313293457,179.67311933635133,-207.15765181054059,-18.43572521751914,1.1227954184670181,0.4174955648906898,0.06345245088137572,3.500536163416557e-05,19.219944565459205,33.719709519993884,nan,0.46108538401140986,nan
111.95,178.56773376464844,-206.9861602783203,-18.433521270751953,179.66584561837584,-207.15733976771466,-18.437875943533378,1.1113824832437194,0.41743082712472634,0.063447982305578,3.5689046856779426e-05,19.81324837582003,34.307422261177386,4.899221091271124,nan,nan
111.96000000000001,178.57064819335938,-206.99484252929688,-18.43573570251465,179.66872475746,-207.16601882265937,-18.43867029619192,1.111342465613743,0.417479952785834,0.06346567253453875,3.4992605376081044e-05,19.459758072367666,32.99290732863496,nan,1.5427464768795336,nan
111.97,178.57363891601562,-207.00350952148438,-18.437971115112305,179.67166852586877,-207.17471041953638,-18.44097688953989,1.1113000523206897,0.4175291650680206,0.06348342365275478,3.569779717367077e-05,19.396200539417173,33.99099393226322,nan,nan,nan
111.98,178.57669067382812,-207.01219177246094,-18.440196990966797,179.67467772888776,-207.1833979815709,-18.44287736745668,1.1112579914378364,0.41757846411367616,0.06350123559487204,3.500102235163372e-05,19.280414746394506,32.92252474765804,nan,0.12007758269391779,nan
111.99000000000001,178.57980346679688,-207.02085876464844,-18.442394256591797,179.67775100156896,-207.1920884855833,-18.44516756781834,1.1112227939070984,0.41762785006956943,0.06351910870826086,3.570656183560899e-05,19.221078167217097,33.59221711488486,nan,nan,nan
112.0,178.58299255371094,-207.029541015625,-18.444555282592773,179.69026206485034,-207.20624828667124,-18.444541052490816,1.1212810665225763,0.4175630357641322,0.06351461389041185,3.498827912019563e-05,18.767203472136266,32.80759572268516,1.6353702016977918,5.565202006117506,nan
112.01,178.5862274169922,-207.0382080078125,-18.446678161621094,179.69347557258382,-207.21495169918515,-18.446735125001247,1.1212657195089542,0.4176122097885364,0.06353250049128115,3.569329217612763e-05,18.69867294637452,33.14118327370916,nan,nan,nan
112.02,178.58953857421875,-207.04689025878906,-18.448760986328125,179.69675137329978,-207.22365309529724,-18.448702915656302,1.1212338231570875,0.417661470487958,0.0635504481712341,3.4996692449019316e-05,18.631581120490104,32.57727650877774,nan,0.02492764823026192,nan
112.03,178.5928955078125,-207.05555725097656,-18.450801849365234,179.7000883703412,-207.23235538394096,-18.45081725164342,1.121219699653656,0.4177108180097672,0.06356845725093412,3.570205664732599e-05,18.56358011660995,32.98692226809729,nan,nan,nan
112.04,178.59632873535156,-207.06422424316406,-18.452804565429688,179.70348640137587,-207.24105427333976,-18.45250737153728,1.1211900130363885,0.41776025249543297,0.06358652770475262,3.5005119459509905e-05,18.497638491805443,33.21663669223171,nan,0.10448041812614726,nan
112.05,178.5998077392578,-207.07290649414062,-18.45476722717285,179.68830983115365,-207.2465533561768,-18.454531939999722,1.102265889936122,0.4176953616548638,0.06358200311671455,3.568880034002101e-05,17.878112596008563,32.069544792165075,4.53453949574937,nan,nan
112.06,178.6033477783203,-207.08157348632812,-18.456689834594727,179.6917927098213,-207.25525279331808,-18.455748912269616,1.1022149318175296,0.41774458395934577,0.06360008642359881,3.499237333989908e-05,17.83436729492936,32.901743571196974,nan,0.42636917400400637,nan
112.07000000000001,178.60694885253906,-207.09024047851562,-18.458574295043945,179.69533323496466,-207.26395737321138,-18.4576974633217,1.1021610101271797,0.4177938929977993,0.06361823135621207,3.569756080134026e-05,17.763300308852664,32.88028979065823,nan,nan,nan
112.08,178.61061096191406,-207.09890747070312,-18.46042251586914,179.69893092348812,-207.27266574804565,-18.460218171382927,1.1021035883537769,0.41784328891110495,0.06363643791238172,3.5000799972233215e-05,17.67579889463305,32.822914671583796,nan,0.26195911216584294,nan
112.09,178.6143341064453,-207.10757446289062,-18.46223258972168,179.70258672473548,-207.28136933017828,-18.462099589367636,1.1020428461725242,0.41789277184753865,0.06365470637787134,3.570633540869291e-05,17.60806408856198,32.867131816181946,nan,nan,nan
112.10000000000001,178.6180419921875,-207.1162567138672,-18.464008331298828,179.7344229784082,-207.2910367417829,-18.465029362685335,1.129980356934753,0.41782780446220585,0.06365014811425032,3.4988066442114e-05,18.983027447204933,31.578084475732542,17.32423638201935,0.9920787801161209,nan
112.11,178.62171936035156,-207.1249237060547,-18.46574592590332,179.73814331942611,-207.299717047684,-18.4668501545705,1.130024950164636,0.41787707496628507,0.0636684287658098,3.569307573313678e-05,18.924644089512206,32.51182388156926,nan,nan,nan
112.12,178.62535095214844,-207.1335906982422,-18.467451095581055,179.74181740396727,-207.30839773852375,-18.468766251204606,1.1300692761964901,0.41792643225566806,0.06368677128535585,3.4996489010642386e-05,18.87739746838376,32.57709953893785,nan,0.011820582723525087,nan
112.13,178.62890625,-207.1422576904297,-18.4691219329834,179.7454327509754,-207.3170771438795,-18.470520881575858,1.1301306233095418,0.41797587647918166,0.06370517593820728,3.570184970749763e-05,18.82147024452132,32.23840630296865,nan,nan,nan
112.14,178.6324005126953,-207.1509246826172,-18.47075843811035,179.74898400029406,-207.32575326647074,-18.47178607650881,1.1301879377126156,0.41802540777685676,0.06372364275263839,3.500492504942283e-05,18.73555332593193,32.27629455001417,nan,0.14718729927789026,nan
112.15,178.6358184814453,-207.1595916748047,-18.472362518310547,179.75130946486638,-207.33555848251777,-18.473547715932515,1.129285551224241,0.417960363836776,0.06371904717301377,3.568860289314529e-05,18.51663518042894,32.065255288800145,0.5524580708665836,nan,nan
112.16,178.63919067382812,-207.1682586669922,-18.473936080932617,179.75472106327783,-207.3442497024216,-18.476393698565474,1.1293303034195745,0.41800968244897,0.06373752549680453,3.499218793305957e-05,18.58836118081912,32.54576070301763,nan,1.0012530972567446,nan
112.17,178.64247131347656,-207.1769256591797,-18.47547721862793,179.75806747589084,-207.35293343513354,-18.478030319192918,1.1293980932833996,0.41805908790571683,0.06375606617521119,3.5697372389277625e-05,18.538372571445706,31.977317002083737,nan,nan,nan
112.18,178.6457061767578,-207.1855926513672,-18.476987838745117,179.7613453673659,-207.36162818350113,-18.48156633665361,1.1294513158332347,0.41810858034655213,0.06377466925419666,3.5000623138111386e-05,18.893865958440614,32.75060441426807,nan,2.6289249361450393,nan
112.19,178.64886474609375,-207.19424438476562,-18.47846794128418,179.7645609216278,-207.37031155732154,-18.483162642457117,1.1295130125732304,0.4181581599210707,0.06379333497273242,3.570615579725585e-05,18.850296939721492,33.242579745335625,nan,nan,nan
112.2,178.65196228027344,-207.20291137695312,-18.47991943359375,179.7682871723957,-207.3821888024634,-18.484851516717143,1.1306396355662178,0.418093039400163,0.06378869817383571,3.4987898117835644e-05,18.54094303238378,32.49189616258301,1.085324935062521,0.004480626730281308,nan
112.21000000000001,178.65501403808594,-207.21157836914062,-18.481340408325195,179.77137484387802,-207.39088406886106,-18.486392517175766,1.130680107928331,0.41814240603462594,0.0638073746960878,3.5692904852342634e-05,18.5000868648734,32.85896373846292,nan,nan,nan
112.22,178.65798950195312,-207.22024536132812,-18.48273468017578,179.77440217505,-207.3995756548577,-18.487206367932618,1.1307327742752074,0.4181918595625749,0.06382611385312964,3.499632878772937e-05,18.296640728819607,32.25528366114877,nan,0.3455614942450116,nan
112.23,178.66090393066406,-207.22891235351562,-18.484100341796875,179.777368575218,-207.408270999248,-18.48868547869379,1.1307890386001482,0.41824140013403216,0.06384491586876297,3.5701687133523314e-05,18.254662132756604,32.198122911480816,nan,nan,nan
112.24000000000001,178.6637725830078,-207.23757934570312,-18.48543930053711,179.78027729040642,-207.4169628339405,-18.48945496167981,1.130830368813051,0.41829102788786754,0.06386378081156979,3.500477269442771e-05,18.06654721761183,32.25972033295607,nan,0.3294341491234121,nan
112.25,178.66656494140625,-207.24624633789062,-18.48674964904785,179.78273214854403,-207.42875006465036,-18.49078205596361,1.130996509665911,0.4182258307630682,0.063859099064409,3.56884485242397e-05,17.648451177170884,31.845792830607714,1.533448880301504,nan,nan
112.26,178.6693115234375,-207.25491333007812,-18.488035202026367,179.78552280426777,-207.43745544966464,-18.491635516458985,1.131044743208643,0.4182752453204549,0.06387797409352272,3.499204333778685e-05,17.50403886739164,31.892031937883814,nan,0.20558594249635945,nan
112.27,178.67201232910156,-207.26356506347656,-18.489295959472656,179.78825742985157,-207.4461635184078,-18.49299825680127,1.1310875420130717,0.41832474683059007,0.0638969121974201,3.569722582538727e-05,17.456291621874723,32.84677468327379,nan,nan,nan
112.28,178.67465209960938,-207.27223205566406,-18.49053192138672,179.79093949706612,-207.4548665704329,-18.493216997143207,1.1311322333562146,0.418374335431991,0.06391591345758058,3.5000485927108397e-05,17.219346589604257,31.62982760566202,nan,0.8853285624950644,nan
112.29,178.67723083496094,-207.28089904785156,-18.491741180419922,179.7935666526512,-207.4635749312619,-18.494520556811437,1.1311869258310376,0.41842401127523365,0.06393497807857337,3.570601679192497e-05,17.171342990653702,31.469303630013425,nan,nan,nan
112.3,178.6797637939453,-207.28956604003906,-18.49292755126953,179.77594643068085,-207.4667404374549,-18.49677353755134,1.110415206934149,0.4183587375057683,0.06393024747819448,3.49877681596237e-05,17.00414708468089,31.725767743204482,3.8137084576834206,0.661626287355828,nan
112.31,178.6822509765625,-207.29823303222656,-18.494091033935547,179.77843471565367,-207.47544459117614,-18.498040791345424,1.1104225894031714,0.4184081998947288,0.0639493214422996,3.56927732667725e-05,16.959714574268652,31.77467246344244,nan,nan,nan
112.32000000000001,178.6846923828125,-207.30690002441406,-18.495229721069336,179.780875236544,-207.48414300261837,-18.497877873333543,1.1104228630787885,0.4184577492833207,0.06396845878718198,3.499620572935462e-05,16.664277328071954,31.61807002186653,nan,1.3997595822189994,nan
112.33,178.68707275390625,-207.31556701660156,-18.49634552001953,179.78326471144146,-207.49284748777927,-18.499086626597734,1.11043806080805,0.41850738582239433,0.0639876597065619,3.570156260276782e-05,16.61639701577129,31.286490170957066,nan,nan,nan
112.34,178.68942260742188,-207.32423400878906,-18.497440338134766,179.78560504912787,-207.50155469051865,-18.500925206443753,1.110437172459876,0.41855710965003107,0.06400692429811661,3.5004656299451795e-05,16.694268856959344,31.73777454990354,nan,0.2995874437164782,nan
112.35000000000001,178.69171142578125,-207.33290100097656,-18.49851417541504,179.82614912997542,-207.52431097312282,-18.502131875892083,1.1504780614558074,0.4184917592008474,0.06400214104807667,3.568833089121992e-05,16.94010714198636,31.4317640474987,12.789612300957746,nan,nan
112.36,178.69395446777344,-207.34156799316406,-18.49956512451172,179.82845961893813,-207.5330414225563,-18.50416204993309,1.1505586225420088,0.418541269314704,0.0640214142262434,3.499193344871385e-05,17.1200407560471,31.679980899613586,nan,0.5440738318726202,nan
112.37,178.69615173339844,-207.35023498535156,-18.500595092773438,179.83072628937182,-207.5417688419168,-18.50530330772743,1.15063756611759,0.4185908664871,0.06404075118956529,3.5697114748678896e-05,17.08008226797712,31.616996773208403,nan,nan,nan
112.38,178.6983184814453,-207.35890197753906,-18.501604080200195,179.83294852851736,-207.5504969832982,-18.506594046102514,1.1507036498205219,0.41864055085592017,0.06406015204474809,3.500038222391161e-05,17.113021746862632,31.94630068089868,nan,0.020204789033702836,nan
112.39,178.70042419433594,-207.36756896972656,-18.502593994140625,179.83512755102913,-207.55922467402038,-18.507698033691923,1.1507865431516413,0.4186903225723333,0.06407961697203289,3.57059120296791e-05,17.074757099736505,31.505724928233747,nan,nan,nan
112.4,178.70249938964844,-207.37623596191406,-18.503562927246094,179.87222433953514,-207.57909264515598,-18.510196726379995,1.1872031416797644,0.4186248953897662,0.06407477716403294,3.498767047284334e-05,18.005385520364968,32.46298996079443,10.746109263616464,1.4406412637926513,nan
112.41,178.70452880859375,-207.38490295410156,-18.504514694213867,179.87437896650505,-207.58783444814384,-18.511276874233218,1.1873400146200472,0.4186744531314653,0.0640942498983216,3.569267464258542e-05,17.972606967583765,32.29577502012863,nan,nan,nan
112.42,178.70652770996094,-207.39356994628906,-18.50544548034668,179.87649059601316,-207.596581230712,-18.513740301122656,1.187474437785668,0.4187240979769303,0.06411378673978069,3.499611376075571e-05,18.60106034668018,33.18455043354811,nan,1.3873161023527467,nan
112.43,178.70846557617188,-207.40223693847656,-18.506359100341797,179.87856432604158,-207.60532405079783,-18.514798428353252,1.187622280817825,0.418773830077451,0.06413338786124055,3.570146980927961e-05,18.574637193791215,32.736828211610884,nan,nan,nan
112.44,178.7104949951172,-207.41090393066406,-18.507360458374023,179.88065842914028,-207.61406381014453,-18.514737678661387,1.1876913834554872,0.4188236495707082,0.0641530533804876,3.500456982318948e-05,18.07581278393107,32.55048873845661,nan,0.9417365995909757,nan
112.45,178.7126007080078,-207.41958618164062,-18.50844955444336,179.88079611134856,-207.6162233600161,-18.515855310417738,1.184652491462147,0.41875814560874525,0.06414815316926452,3.5688243744020845e-05,18.674994129292692,31.627104333967146,3.47847754347464,nan,nan
112.46000000000001,178.71478271484375,-207.42825317382812,-18.509624481201172,179.8830426266052,-207.6249420811033,-18.516540046098974,1.1847217279647746,0.4188077508648454,0.06416782570153211,3.4991852284015285e-05,18.44673593047282,32.250700648209126,nan,0.23297351902757785,nan
112.47,178.717041015625,-207.43692016601562,-18.510887145996094,179.88536287145223,-207.63366262795122,-18.51788036456718,1.184792159088693,0.4188574432828888,0.06418756271855418,3.569703296266814e-05,18.39188859158049,32.192846403979594,nan,nan,nan
112.48,178.7193603515625,-207.44558715820312,-18.512231826782227,179.88775577490523,-207.64238485822656,-18.519914474807614,1.1848781469431506,0.41890722300050587,0.0642073643441135,3.500030610387359e-05,18.65095094882073,32.31227194860999,nan,0.2606954919888393,nan
112.49000000000001,178.7217559814453,-207.45425415039062,-18.513662338256836,179.8902223794577,-207.65110559818805,-18.521432143826416,1.1849576303237888,0.41895709016908256,0.06422723074207651,3.570583537921281e-05,18.598085385942245,32.27588640626256,nan,nan,nan
112.5,178.72422790527344,-207.4629364013672,-18.515174865722656,179.91865656238744,-207.6609001198088,-18.522308310422982,1.2107437122643574,0.4188915093629471,0.0642222662162828,3.498759921313452e-05,19.474898626044173,31.580231232347117,11.967289243490912,0.448870254732777,nan
112.51,178.72677612304688,-207.4716033935547,-18.516767501831055,179.92131694106664,-207.66960389129105,-18.523986653471248,1.2108608834913976,0.4189411620305003,0.06424213881242656,3.5692602937126106e-05,19.42379763166736,32.44980561823233,nan,nan,nan
112.52,178.72938537597656,-207.4802703857422,-18.518444061279297,179.92404971010208,-207.6783048541632,-18.524484705315,1.2109818377228996,0.41899090190394517,0.06426207622366191,3.4996047114746676e-05,18.950143459584396,31.750060838966018,nan,1.1258064585602159,nan
112.53,178.73207092285156,-207.4889373779297,-18.520198822021484,179.92684993627128,-207.68700863297406,-18.526313914889386,1.2111013613004618,0.4190407291346528,0.064282078609096,3.570140279545707e-05,18.898578696494283,31.8573995065456,nan,nan,nan
112.54,178.7348175048828,-207.4976043701172,-18.522031784057617,179.92972224484373,-207.69570753132808,-18.525983378800664,1.2112216209942066,0.4190906438602564,0.06430214609963983,3.5004507584553455e-05,18.241517372898006,31.118238533430574,nan,3.5428607170014725,nan
112.55,178.7376251220703,-207.50628662109375,-18.523942947387695,179.91885381287028,-207.69411191008757,-18.527988606663083,1.1960752177491156,0.41902498615399136,0.06429711338151523,3.568818123073197e-05,18.742372397299178,30.1031411908252,4.4267891382503715,nan,nan
112.56,178.74050903320312,-207.51495361328125,-18.52593231201172,179.9218437205338,-207.70278144954776,-18.527038012431515,1.1961739681754522,0.419074686113344,0.06431718624037182,3.499179426775458e-05,18.26339060596484,30.488670533752,nan,6.344744766549739,nan
112.57000000000001,178.7434539794922,-207.52362060546875,-18.527997970581055,179.9248954582174,-207.71145657231827,-18.529132025056246,1.1962807380269391,0.4191244733356967,0.06433732427196374,3.569697471686224e-05,18.209677120259865,30.367843262977242,nan,nan,nan
112.58,178.74647521972656,-207.53228759765625,-18.53013801574707,179.92801352143707,-207.72013060607335,-18.53082438552746,1.1963771250419344,0.41917434795875586,0.06435752761089955,3.500025209208423e-05,18.131991785128932,30.50322168287834,nan,0.16155747938258724,nan
112.59,178.7495574951172,-207.54095458984375,-18.532352447509766,179.9311955110873,-207.7288051829962,-18.53306617248876,1.1964768094438292,0.4192243101338005,0.06437779641075082,3.570578119864717e-05,18.078080322721963,30.412380285571572,nan,nan,nan
112.60000000000001,178.75270080566406,-207.54962158203125,-18.534589767456055,179.91515339727476,-207.73300623949964,-18.53578255461852,1.176829377215938,0.41915857545322194,0.06437269158789652,3.4987549023155927e-05,17.66303599161795,30.125931748305607,3.6994848459828322,0.14817410988604393,nan
112.61,178.7559051513672,-207.5583038330078,-18.536815643310547,179.91842846335825,-207.74167904090675,-18.538083726896332,1.1768978400144319,0.4192083225953904,0.06439296490721519,3.569255263385972e-05,17.61485658125987,29.293878269702752,nan,nan,nan
112.62,178.75917053222656,-207.5669708251953,-18.539012908935547,179.92176796262865,-207.75034986436003,-18.539260393077125,1.176970993028678,0.4192581570435559,0.06441330373207707,3.4996000546918246e-05,17.517572905159486,29.937305354560817,nan,0.8639752079899623,nan
112.63,178.7624969482422,-207.5756378173828,-18.541175842285156,179.9251677895469,-207.7590218351418,-18.541501323521025,1.177044302109163,0.4193080789488729,0.06443370821326769,3.5701356165017315e-05,17.46510131526588,29.807792789063292,nan,nan,nan
112.64,178.76588439941406,-207.5843048095703,-18.543298721313477,179.92862768918272,-207.76769433770784,-18.544465466904185,1.177117257637409,0.419358088449218,0.0644541784895773,3.50044644571914e-05,17.44758066581628,29.81722976493143,nan,0.40725087967694446,nan
112.65,178.7693328857422,-207.5929718017578,-18.54538345336914,179.94332176485457,-207.7735892292543,-18.54658974435051,1.1878021714633025,0.41929227672945807,0.0644489976659821,3.568813808966088e-05,18.28221918455738,29.830583764490566,4.9580348431982255,nan,nan
112.66,178.77284240722656,-207.6016387939453,-18.547426223754883,179.9081990696835,-207.78228665327657,-18.549508727841186,1.1496402641215953,0.41034608469346584,0.06446945941364132,3.499173186871781e-05,23.273401977576384,34.87757928600958,nan,0.4382623476934859,0.16671773726472897
112.67,178.7764129638672,-207.6103057861328,-18.549428939819336,179.91185256775123,-207.79096148643296,-18.55161041249104,1.1497235906696426,0.4103906654572161,0.06448998281839119,3.569691174327783e-05,23.210943231602602,34.83162139013756,nan,nan,nan
112.68,178.78004455566406,-207.61895751953125,-18.5513916015625,179.91557766937882,-207.79963472796615,-18.55274174851325,1.1498180416428283,0.41043533187699727,0.06451056534110927,3.5000193387429636e-05,23.055611876927298,35.4857708536145,nan,0.6123970968905217,nan
112.69,178.78372192382812,-207.62762451171875,-18.553316116333008,179.91934714443983,-207.8083084189569,-18.554756707795427,1.1499101666338891,0.41048008466856645,0.06453120712971322,3.5705721982932855e-05,22.99093830431614,34.448874379841016,nan,nan,nan
112.7,178.78746032714844,-207.63629150390625,-18.555200576782227,179.88874170747542,-207.79515474461684,-18.556223597936516,1.1126811108652166,0.41041256717740865,0.06452595465172736,3.498749385360705e-05,24.069871931519238,34.40303652611857,19.774196979386154,0.12115988686771845,nan
112.71000000000001,178.791259765625,-207.64495849609375,-18.557048797607422,179.89258774359982,-207.80377192704753,-18.558157840683105,1.112720203329642,0.41045713157272096,0.06454659427122969,3.569249701260714e-05,24.005096810960033,34.37596775404304,nan,nan,nan
112.72,178.7951202392578,-207.65362548828125,-18.558860778808594,179.89650721687633,-207.81238741311964,-18.5587965678413,1.1127706984680585,0.4105017815601097,0.0645672932671602,3.4995948747585275e-05,23.901328445967952,34.34898560143991,nan,1.119937302567928,nan
112.73,178.7990264892578,-207.6622772216797,-18.560636520385742,179.90046453914252,-207.82100347193287,-18.560646415369156,1.1128161574811766,0.41054651782585333,0.06458805178611562,3.5701303968644454e-05,23.830245215191376,34.82611746046766,nan,nan,nan
112.74000000000001,178.802978515625,-207.6709442138672,-18.562376022338867,179.90446762451091,-207.829619335053,-18.562816693782967,1.1128594903530897,0.410591339979972,0.0646088699707498,3.500441587332478e-05,23.76774479731345,34.11016567775771,nan,0.08895406005323116,nan
112.75,178.80691528320312,-207.6796112060547,-18.5640811920166,179.9276265338974,-207.84721511865337,-18.56461344680861,1.1331747712715357,0.41052385658481233,0.06460354117448099,3.5688089159380285e-05,23.599183906707633,34.1303731330502,3.405167118911266,nan,nan
112.76,178.81080627441406,-207.68826293945312,-18.565752029418945,179.93164645511285,-207.8558480217946,-18.56633502724561,1.1332995236824048,0.4105684901652223,0.06462435660249964,3.4991708883765094e-05,23.53384613854977,34.81375125147828,nan,0.0006517480566514511,nan
112.77,178.8146209716797,-207.69692993164062,-18.56739044189453,179.9356115827273,-207.86448053600307,-18.568053921554917,1.1334432474916238,0.41061320992975137,0.06464523180707539,3.569688905816997e-05,23.473316334190155,33.79145905215809,nan,nan,nan
112.78,178.81838989257812,-207.70558166503906,-18.568994522094727,179.93951183530692,-207.87311260785418,-18.569737123868432,1.1335702795706568,0.4106580155182902,0.06466616693173032,3.5000172715163965e-05,23.410194288120504,34.87434937644076,nan,1.0237481241476514e-05,nan
112.79,178.8220672607422,-207.71424865722656,-18.570568084716797,179.94334242671556,-207.88174421922687,-18.571392965500245,1.1337166495852133,0.4107029075726117,0.06468716212177458,3.570570162754113e-05,23.350897790535818,33.73400495650648,nan,nan,nan
112.8,178.82568359375,-207.722900390625,-18.57210922241211,179.95607140962065,-207.89756855122297,-18.57363897249642,1.1438041443930926,0.41063545730525486,0.0646817539279177,3.4987475336586426e-05,22.856856990930737,34.64093218744296,2.476596622552283,0.27240213588444623,nan
112.81,178.82923889160156,-207.7315673828125,-18.57362174987793,179.9597654966237,-207.90621956533508,-18.57524031072327,1.1439389884351336,0.4106801605878368,0.06470274575443917,3.569247882596777e-05,22.799242792812727,33.97461610739788,nan,nan,nan
112.82000000000001,178.8327178955078,-207.74021911621094,-18.575101852416992,179.96340406551673,-207.91486995925092,-18.57564465245408,1.1440954622127846,0.4107249496294119,0.06472379775150514,3.499593225827513e-05,22.668392160537888,34.55936445529069,nan,0.9630928875323728,nan
112.83,178.83612060546875,-207.74888610839844,-18.576553344726562,179.96695808798654,-207.9235205815059,-18.577176430644155,1.1442425439131143,0.41076982504188286,0.064744910063928,3.570128782115956e-05,22.607846515111415,33.656629384238585,nan,nan,nan
112.84,178.83946228027344,-207.75753784179688,-18.57797622680664,179.97046343027773,-207.9321707286028,-18.57712680821849,1.1444041978152433,0.4108147865096492,0.06476608283597166,3.500440127827899e-05,22.552006818295638,34.44872850261305,nan,1.7033479489837748,nan
112.85000000000001,178.8427276611328,-207.76620483398438,-18.579370498657227,180.00621908997763,-207.9582765980571,-18.57855726893662,1.1792389617426784,0.41074736936410844,0.06476059214552486,3.568807489992005e-05,21.977123297113014,33.76658427646633,11.522748907098455,nan,nan
112.86,178.84593200683594,-207.7748565673828,-18.58073616027832,180.00962857280618,-207.9669661674462,-18.578882406972266,1.1794486985404524,0.41079214187194496,0.06478176092874174,3.4991696039763956e-05,21.99149215430536,34.64922206468478,nan,0.8672709099016332,nan
112.87,178.8490753173828,-207.78350830078125,-18.582075119018555,180.01295984217546,-207.97565579774232,-18.58027787068265,1.1796402323343322,0.41083700065529993,0.06480299027362041,3.569687657094474e-05,21.91844210087404,34.62518573577972,nan,nan,nan
112.88,178.85215759277344,-207.79217529296875,-18.58338737487793,180.0162347350065,-207.98434526496155,-18.581085862995046,1.17983481393038,0.4108819454280724,0.06482428032462859,3.500016151436569e-05,21.916205512322357,33.90746533010037,nan,0.22261340687824335,nan
112.89,178.8551788330078,-207.8008270263672,-18.584674835205078,180.01944070822697,-207.99303475682754,-18.582424233060145,1.180023131530715,0.410926976758165,0.06484563122627539,3.570569078803055e-05,21.841543819255495,34.5942241072743,nan,nan,nan
112.9,178.85813903808594,-207.8094940185547,-18.585935592651367,180.00312008016977,-208.00373007698596,-18.582587572865233,1.161344239389326,0.4108595917621479,0.0648400549194911,3.4987465645645e-05,20.549122195820104,33.681437591289324,18.17951927449061,0.7838077328923772,nan
112.91,178.8610382080078,-207.81814575195312,-18.587169647216797,180.00615071027346,-208.0124426988275,-18.583864069020983,1.1614839100293224,0.41090443392391207,0.06486140118850191,3.569246949823772e-05,20.46876035801431,34.44381016444614,nan,nan,nan
112.92,178.86387634277344,-207.82679748535156,-18.588380813598633,180.00910964544204,-208.02115519086487,-18.58623987308593,1.1616104419554383,0.4109493620083076,0.06488280840628205,3.49959239813335e-05,20.227826457495997,34.1233084285729,nan,0.8910343427337122,nan
112.93,178.86666870117188,-207.83546447753906,-18.589567184448242,180.01202453319007,-208.0298678562462,-18.58748035983687,1.161738787519727,0.410994376554399,0.06490427671736823,3.5701279908191924e-05,20.154651798777973,33.50196607072619,nan,nan,nan
112.94,178.86940002441406,-207.8441162109375,-18.590730667114258,180.01489533417543,-208.0385807512016,-18.5876546787445,1.1618887312517856,0.411039477319102,0.06492580626619127,3.500439430878812e-05,20.237191580553294,34.28229625249845,nan,0.7682408571141197,nan
112.95,178.8720703125,-207.852783203125,-18.59187126159668,180.041486997201,-208.05438397507442,-18.588788987356743,1.1866708701751079,0.4109721243176355,0.06492014120551609,3.5688068276081845e-05,20.622079295368593,33.59251972269935,6.257007548040369,nan,nan
112.96000000000001,178.87469482421875,-207.86143493652344,-18.592988967895508,180.04427386602745,-208.06310421682545,-18.590607607051624,1.1868408926790333,0.41101703571505077,0.0649416654597715,3.499169025925229e-05,20.452931192434725,34.372101545942336,nan,0.3049735120135561,nan
112.97,178.87725830078125,-207.87010192871094,-18.594083786010742,180.0470153784973,-208.07182483032105,-18.591754244676075,1.1870253479448565,0.4110620334782759,0.06496325104630105,3.56968711505526e-05,20.380592602843933,33.441301061190025,nan,nan,nan
112.98,178.87977600097656,-207.87875366210938,-18.595155715942383,180.04969824579842,-208.08054572397216,-18.593496665389953,1.1871987397266712,0.41110711739213973,0.06498489810933405,3.500015684318228e-05,20.24262234281725,34.28948799864321,nan,0.26855105576859606,nan
112.99000000000001,178.8822479248047,-207.88742065429688,-18.596208572387695,180.052337256417,-208.08926716694893,-18.59460793771932,1.187372570280307,0.41115228795403824,0.06500660679370453,3.570568647324096e-05,20.173057234799764,33.43175011261474,nan,nan,nan
113.0,178.88467407226562,-207.8960723876953,-18.597238540649414,180.0468460669675,-208.08524519088547,-18.595546570353015,1.1774688775078734,0.41108496597309285,0.06500084982513091,3.498746197518198e-05,21.421462747746155,34.28921748990477,11.983582414123823,0.007675332584996855,nan
113.01,178.8870391845703,-207.9047393798828,-18.598247528076172,180.04939407446918,-208.09392619228984,-18.596615886871497,1.177651562353464,0.4111299469495183,0.06502255253526845,3.569246617866093e-05,21.35352411327465,33.338988901273694,nan,nan,nan
113.02,178.8893585205078,-207.91339111328125,-18.5992374420166,180.05190376890755,-208.10260791012468,-18.596777805487,1.1778457032210763,0.41117501400752504,0.06504431695686244,3.499592124165954e-05,21.388982462010848,34.16577498959429,nan,0.5572191293960911,nan
113.03,178.8916473388672,-207.92205810546875,-18.600208282470703,180.0543570948811,-208.11128927765628,-18.59780036678706,1.178010276404823,0.41122016761771757,0.06506614323507623,3.570127751337011e-05,21.316992709477553,33.585614967958875,nan,nan,nan
113.04,178.8938751220703,-207.9307098388672,-18.601160049438477,180.05674163777906,-208.11996955981667,-18.600985213413935,1.17816713835436,0.4112654076049226,0.06508803151365398,3.5004392417558117e-05,21.09288074871413,33.9269045970019,nan,3.356868593187165,nan
113.05,178.89605712890625,-207.9393768310547,-18.60209083557129,180.05063022675412,-208.12972934210535,-18.601932442585586,1.1701594514533753,0.4111981163491578,0.06508217946955427,3.5688066705573175e-05,20.4316756841102,33.03020492201367,3.475043690147028,nan,nan
113.06,178.8983154296875,-207.9480438232422,-18.603111267089844,180.0529920417903,-208.1384225221952,-18.602161523921403,1.1702662216625508,0.4112431665412425,0.06510406107652109,3.4991689122210384e-05,20.39239615767016,33.0508333865771,nan,0.4674910788152344,nan
113.07000000000001,178.90065002441406,-207.95669555664062,-18.604219436645508,180.05541920692926,-208.14711552825278,-18.60328489961259,1.1703642611747227,0.41128830318955567,0.06512600477167046,3.569687034295923e-05,20.32469835675743,33.841926502150024,nan,nan,nan
113.08,178.90306091308594,-207.96536254882812,-18.60541343688965,180.05790336667408,-208.15580766411722,-18.606073190953165,1.1704404597511093,0.41133352614442475,0.06514801069833108,3.5000156403381874e-05,20.24830520502719,33.12662481013399,nan,1.7561237493565443,nan
113.09,178.90554809570312,-207.97402954101562,-18.606693267822266,180.06047539255852,-208.1645010329312,-18.60738716317752,1.170528483952874,0.41137883583836066,0.06517007900228143,3.5705686354251406e-05,20.184908367855513,33.17011184244599,nan,nan,nan
113.10000000000001,178.90809631347656,-207.98269653320312,-18.608057022094727,180.0757384270522,-208.17817299748515,-18.60847335686075,1.1838916026470454,0.4113115743318069,0.06516412870102643,3.498746214758642e-05,20.20610620594237,33.17388903750121,1.4568013080194415,0.0822489008354598,nan
113.11,178.91070556640625,-207.99134826660156,-18.60950469970703,180.07847275297033,-208.18687528581177,-18.609955487978294,1.1840233192243612,0.4113566940031461,0.06518618961894229,3.5692466662122536e-05,20.14199008397518,33.779267226333076,nan,nan,nan
113.12,178.91339111328125,-208.00001525878906,-18.611034393310547,180.0812934636238,-208.19557917272195,-18.609765109306796,1.1841633145180201,0.4114018999093942,0.06520831299574974,3.4995921976995434e-05,20.11927000971079,33.14600991773395,nan,2.178746674450755,nan
113.13,178.91615295410156,-208.00868225097656,-18.61264419555664,180.0841657492568,-208.20428199843013,-18.61139676372639,1.1842781374898592,0.41144719245896716,0.06523049897769637,3.5701278549905116e-05,20.05348287515672,33.345023685968066,nan,nan,nan
113.14,178.91897583007812,-208.01734924316406,-18.614336013793945,180.08709708482584,-208.21298449722215,-18.614048391932716,1.1843903499902766,0.41149257153819113,0.06525274770741711,3.5004393654436955e-05,19.949443810970287,33.14335394465471,nan,0.6207443734241588,nan
113.15,178.921875,-208.0260009765625,-18.616107940673828,180.13902890252822,-208.2367103451479,-18.61580870923137,1.235257928526996,0.41142533935581843,0.06524669595919076,3.5688068218095596e-05,20.710948574053525,34.823913085632945,24.787997737610926,nan,nan
113.16,178.92481994628906,-208.03466796875,-18.617958068847656,180.1421883616051,-208.24543114288915,-18.618204199600832,1.2354784639007756,0.4114705281922883,0.06526893657125117,3.4991690788669746e-05,20.649283301515133,33.81749590093233,nan,0.18492356459007464,nan
113.17,178.9278564453125,-208.0433349609375,-18.61988639831543,180.14541797040417,-208.2541523514249,-18.620172600371436,1.2356780007053125,0.41151580357632095,0.06529124001257423,3.5696872289136245e-05,20.58766403419844,34.06351854937209,nan,nan,nan
113.18,178.93093872070312,-208.05198669433594,-18.621891021728516,180.14871771735253,-208.26287402019798,-18.621617863977505,1.2359042129165279,0.41156116541684257,0.06531360642530103,3.5000158460269046e-05,20.524595137310126,34.64881357523152,nan,0.2556018714124127,nan
113.19,178.93408203125,-208.06065368652344,-18.623973846435547,180.15207612817693,-208.2715950742731,-18.623736436356648,1.2361253761565407,0.4116066140884885,0.06533603595641149,3.5705688679789605e-05,20.463496605806274,33.70815504100386,nan,nan,nan
113.2,178.9373016357422,-208.06932067871094,-18.626129150390625,180.17007542052215,-208.28791220795392,-18.62595972445899,1.2520037898515537,0.41153941025050983,0.06532987955887787,3.498746453112945e-05,20.271454593591876,34.19683070345837,2.1623556863688886,0.0019380154585300579,nan
113.21000000000001,178.94056701660156,-208.07798767089844,-18.628358840942383,180.1735802581512,-208.2966491989921,-18.62823082953583,1.2522517854217246,0.41158466844305625,0.06535230022428831,3.569246930266052e-05,20.21123144790101,33.97764549525926,nan,nan,nan
113.22,178.94390869140625,-208.08663940429688,-18.630611419677734,180.17715170610694,-208.30538637155547,-18.629981401736064,1.252493100146858,0.4116300130176916,0.0653747840810055,3.4995924653929744e-05,20.159736499225257,34.7872759813481,nan,0.22867130071287453,nan
113.23,178.9473114013672,-208.09530639648438,-18.632850646972656,180.18077931455272,-208.31412251043352,-18.63230043266861,1.2527265812290664,0.4116754443279947,0.06539733127650617,3.570128147233288e-05,20.09670909675731,33.949734839928425,nan,nan,nan
113.24000000000001,178.9507598876953,-208.1039581298828,-18.635061264038086,180.1844835494687,-208.32286031546883,-18.632670408551725,1.2529955932339965,0.4117209623143715,0.06541994195219489,3.5004396580899494e-05,20.190471888044264,34.719309315554455,nan,2.62913717730502,nan
113.25,178.95428466796875,-208.1126251220703,-18.637235641479492,180.1973810313451,-208.34694764630103,-18.635019725793793,1.2649903257668258,0.41165378627794613,0.06541367770075623,3.568807136594e-05,18.733908649684334,34.16099262490246,15.602770666303694,nan,nan
113.26,178.95785522460938,-208.12127685546875,-18.639371871948242,180.20117463583986,-208.35572982134633,-18.637830871870033,1.2652326767170379,0.41169911355481387,0.0654362787460856,3.49916939122606e-05,18.60287637125884,34.681818309023114,nan,0.251103982716399,nan
113.27,178.96148681640625,-208.12994384765625,-18.64146614074707,180.20503156961075,-208.36451236834648,-18.640012904805744,1.2654754268716377,0.41174452747190854,0.06545894334687732,3.569687563460507e-05,18.534818082809636,33.84738146712706,nan,nan,nan
113.28,178.96517944335938,-208.1385955810547,-18.643522262573242,180.20894999300936,-208.3732950324747,-18.641693394613796,1.2657220695837912,0.41179002798912395,0.06548167164405486,3.500016175538148e-05,18.5101318487747,34.57380387501881,nan,0.15065852296464635,nan
113.29,178.96893310546875,-208.1472625732422,-18.645536422729492,180.21292177391425,-208.3820766524677,-18.643791634922085,1.2659575440384319,0.41183561543089464,0.06550446378580976,3.570569218505246e-05,18.440637332868956,33.75189994135884,nan,nan,nan
113.3,178.9727325439453,-208.15591430664062,-18.647510528564453,180.2223229108321,-208.3996928860369,-18.644925253154856,1.2731499379247018,0.4117684662096168,0.06549808846446609,3.498746795233406e-05,17.760393464271836,34.697410687437454,5.117958909676889,0.7193800049121319,nan
113.31,178.97659301757812,-208.16458129882812,-18.649444580078125,180.22640221423657,-208.40850042282707,-18.646937390112697,1.2733914767682284,0.4118138626970266,0.0655208701953848,3.569247292209586e-05,17.68695383617024,33.82752021648518,nan,nan,nan
113.32000000000001,178.98049926757812,-208.17323303222656,-18.65134048461914,180.23052959253718,-208.4173063619376,-18.649823483351184,1.2736364885187288,0.411859345707364,0.06554371583519625,3.4995928179999094e-05,17.517066044761652,34.384538430013386,nan,0.5873295928544829,nan
113.33,178.98446655273438,-208.181884765625,-18.653200149536133,180.23471822650197,-208.42611286532664,-18.651769403292207,1.2738832990024476,0.4119049155471425,0.06556662553254394,3.570128518500621e-05,17.44906987998881,34.27568952148061,nan,nan,nan
113.34,178.98849487304688,-208.1905517578125,-18.65502166748047,180.23897944585707,-208.43492202895732,-18.65110016468347,1.274144369543684,0.41195057220306475,0.06558959942767953,3.500440018214568e-05,17.773136017362877,33.83656406554847,nan,4.693483568423497,nan
113.35000000000001,178.9925537109375,-208.19920349121094,-18.65680694580078,180.21716428501193,-208.42152585933633,-18.652886805694273,1.244633946589216,0.4118834491486541,0.06558310982406645,3.5688075132816683e-05,18.990477315230557,33.787328517160546,19.171040105448274,nan,nan
113.36,178.99668884277344,-208.20785522460938,-18.65855598449707,180.2215054665231,-208.43027431431443,-18.6527811564133,1.2448611817862023,0.41192891460987396,0.06560607251190131,3.499169755274934e-05,19.453905458829883,34.564255661618276,nan,2.5965652317641448,nan
113.37,179.00086975097656,-208.2165069580078,-18.66027069091797,180.2258846469301,-208.43902000982897,-18.654539222969692,1.245072850584919,0.4119744668054325,0.06562909946652487,3.5696879438632166e-05,19.362654507942413,34.388115795516505,nan,nan,nan
113.38,179.0050506591797,-208.22515869140625,-18.66195297241211,180.23030331295715,-208.44776598892878,-18.65560074692192,1.2453266339670368,0.41202010573840986,0.06565219082777668,3.500016541948941e-05,19.53890414752957,34.251490610669215,nan,0.31045072905868537,nan
113.39,179.00921630859375,-208.2338104248047,-18.663599014282227,180.2347102982032,-208.45651034886222,-18.657285948537908,1.2455804388088327,0.41206583169081423,0.06567534674491413,3.570569600149344e-05,19.44655564526563,34.48731861562969,nan,nan,nan
113.4,179.01332092285156,-208.24246215820312,-18.665212631225586,180.22339221250803,-208.45624569027373,-18.657966233903423,1.2288321426906135,0.4119987338071186,0.06566873963641788,3.498747160982833e-05,20.06692087609763,34.54907737789186,2.9509869075328896,0.7585372480580983,nan
113.41,179.01736450195312,-208.25111389160156,-18.66679573059082,180.22767075949872,-208.46496886561206,-18.65957891790781,1.2290757785215531,0.4120442683117799,0.0656918835345496,3.569247672080934e-05,19.9708494644102,34.4793542374477,nan,nan,nan
113.42,179.02133178710938,-208.259765625,-18.668346405029297,180.23188699593,-208.4736931921539,-18.659785908088953,1.2293421816967895,0.41208988947392705,0.06571509204449193,3.499593181839775e-05,20.551740571975166,35.071112503331946,nan,1.3350670913456157,nan
113.43,179.02520751953125,-208.26841735839844,-18.669864654541016,180.2360192940078,-208.48241508989807,-18.661323824055486,1.2296068998193819,0.41213559756069496,0.0657383653158672,3.570128895385623e-05,20.448118964684223,34.86289971976608,nan,nan,nan
113.44,179.02902221679688,-208.27706909179688,-18.671354293823242,180.24005928229627,-208.49113311142753,-18.665404730879683,1.2298250183717372,0.4121813925974262,0.06576170348797049,3.5004403782842075e-05,19.362740740152454,33.91555161978502,nan,4.67195066656677,nan
113.45,179.0327606201172,-208.2857208251953,-18.672815322875977,180.24080777434662,-208.49382868326848,-18.66697942316169,1.225855156680065,0.41211431914304053,0.06575497566114828,3.568807884694956e-05,19.83181564153,33.792868917862826,2.3956264661138467,nan,nan
113.46000000000001,179.0364227294922,-208.29437255859375,-18.674245834350586,180.2447190592255,-208.50253137510276,-18.668234986664046,1.226110208597638,0.4121599224821227,0.0657783009872164,3.499170109313349e-05,19.85749832831707,33.87563120172662,nan,0.035019306412984896,nan
113.47,179.04000854492188,-208.3030242919922,-18.675647735595703,180.24855559716013,-208.5112333104846,-18.66968317257067,1.22636558532415,0.41220561265099875,0.06580169127658042,3.56968830886339e-05,19.769397110226038,33.75254920102457,nan,nan,nan
113.48,179.0435333251953,-208.31167602539062,-18.677021026611328,180.252324569751,-208.5199359934274,-18.670356338680435,1.226618483990196,0.4122513896884364,0.06582514666822241,3.5000168891020625e-05,19.989315559119508,34.17058113867156,nan,0.39488655086034763,nan
113.49000000000001,179.04698181152344,-208.32032775878906,-18.678367614746094,180.25601824665125,-208.52863765494948,-18.671743201340327,1.2268683699394594,0.4122972538414735,0.06584866731223299,3.570569957268119e-05,19.897142128930984,34.003581460846526,nan,nan,nan
113.5,179.05035400390625,-208.3289794921875,-18.6796875,180.24584436111024,-208.53285307349896,-18.674027712191243,1.2127628228646077,0.4122302038074941,0.0658418155448191,3.4987474994378366e-05,19.390796168493882,33.41531661885668,2.715513857903451,0.4314355495848786,nan
113.51,179.0536651611328,-208.33761596679688,-18.680980682373047,180.24937595055002,-208.54154883968226,-18.675373482409015,1.2129898388953806,0.41227587600193877,0.06586532250109413,3.56924801953342e-05,19.302371037135337,34.25626837714579,nan,nan,nan
113.52,179.05691528320312,-208.3462677001953,-18.682249069213867,180.25282911061151,-208.55024146567692,-18.678775712569795,1.213188873917704,0.4123216349823896,0.06588889475757022,3.499593510958138e-05,18.71415590441142,32.91210287772798,nan,3.0598616024770346,nan
113.53,179.06008911132812,-208.35491943359375,-18.68349266052246,180.25622868325743,-208.55893708339715,-18.6800928230715,1.2134185740548171,0.41236748098384407,0.0659125324645965,3.5701292325675245e-05,18.64182461290476,32.69113660299886,nan,nan,nan
113.54,179.06321716308594,-208.3635711669922,-18.684709548950195,180.25956808073602,-208.56763386281608,-18.680686429814518,1.2136363901419078,0.4124134140631025,0.06593623576076708,3.500440697040042e-05,18.72830302338733,33.15021600757498,nan,0.3455094211059681,nan
113.55,179.06626892089844,-208.37222290039062,-18.685903549194336,180.26879394159369,-208.58120644070766,-18.681906310136945,1.220555825614556,0.4123463866268548,0.06592925684464832,3.5688082102288165e-05,18.439521009905363,32.89139322338066,0.9121802023036815,nan,nan
113.56,179.0692596435547,-208.38087463378906,-18.68707275390625,180.27201189518578,-208.58991537097805,-18.68287350339638,1.2207901712878557,0.41239212748844917,0.06595294559673895,3.4991704164813465e-05,18.444524878479246,32.97596877633474,nan,0.05215146403384361,nan
113.57000000000001,179.0721893310547,-208.3895263671875,-18.68821907043457,180.27516840606188,-208.59862426462175,-18.68408706117447,1.2210232017112161,0.41243795527638005,0.06597669999390506,3.569688622326261e-05,18.3678266441543,32.891617631951696,nan,nan,nan
113.58,179.0750732421875,-208.39817810058594,-18.689342498779297,180.27826293581884,-208.6073324397696,-18.68586951745308,1.22123832156518,0.4124838700581812,0.06600052017453772,3.500017184307201e-05,18.182600227946217,32.896638420124816,nan,0.24663629960527675,nan
113.59,179.07789611816406,-208.4068145751953,-18.69044303894043,180.28130256144365,-208.61604146983788,-18.687045251509776,1.2214640830282444,0.41252987205277475,0.06602440628929239,3.5705702579336964e-05,18.10838419225639,33.62005615732394,nan,nan,nan
113.60000000000001,179.08065795898438,-208.41546630859375,-18.6915225982666,180.2984864443714,-208.64192344766528,-18.68618786466334,1.2387160752323951,0.4124628661900317,0.06601729700935019,3.498747781792247e-05,17.390784599121286,33.35398166582166,12.84759458356832,2.7687612677292295,nan
113.61,179.08335876464844,-208.4241180419922,-18.692581176757812,180.30141670185847,-208.6506811997893,-18.68730135924549,1.2389608062179855,0.4125086756983818,0.06604116770957967,3.569248306552844e-05,17.30771100541658,33.18154225359984,nan,nan,nan
113.62,179.0860137939453,-208.43276977539062,-18.69361686706543,180.3042942362642,-208.65943970091666,-18.688013136422292,1.2392005055969897,0.41255457211558333,0.06606510438400182,3.499593780226195e-05,17.37307195807241,33.49869967444613,nan,0.10276109733410999,nan
113.63,179.088623046875,-208.44142150878906,-18.69463348388672,180.30711652584637,-208.66819783318746,-18.689082730083978,1.2394291712200318,0.4126005556510547,0.06608910718342045,3.570129505735552e-05,17.28768522210676,33.45139286167191,nan,nan,nan
113.64,179.09117126464844,-208.4500732421875,-18.695629119873047,180.30989495591894,-208.67695898419345,-18.688277837887615,1.2396848861450258,0.41264662638657146,0.06611317624600091,3.5004409527981926e-05,17.917968413879827,34.04242384343788,nan,2.429358212797709,nan
113.65,179.09365844726562,-208.45872497558594,-18.696603775024414,180.31888648409623,-208.68844369880136,-18.68931713147204,1.2465983832837875,0.4125796412045137,0.06610593340560977,3.5688084689963383e-05,17.849945140677306,34.0527606125208,0.3813650027902472,nan,nan
113.66,179.0961151123047,-208.46737670898438,-18.697561264038086,180.3129185027539,-208.70105709600082,-18.690178620107442,1.239060740123838,0.41069916843080023,0.0657483006943967,3.499157765217543e-05,22.55632228212613,38.96048528186914,nan,0.0120908429512003,0.038811174186994896
113.67,179.0985107421875,-208.47604370117188,-18.698497772216797,180.31554224435362,-208.7098339124389,-18.691153568013497,1.2393052398357691,0.4107429159799988,0.06577008223966237,3.569675693888102e-05,22.442677492421108,38.04423174377906,nan,nan,nan
113.68,179.10098266601562,-208.4846954345703,-18.69952392578125,180.31814679355404,-208.71861916648734,-18.693825775014506,1.2394520138522875,0.41078674891946965,0.0657919230705305,3.500004982877318e-05,21.786152317539795,38.30357380704277,nan,1.9498065631358306,nan
113.69,179.10353088378906,-208.49334716796875,-18.70063591003418,180.3208528463703,-208.7273969202133,-18.694941654056397,1.2396307803775588,0.41083066834154364,0.06581382339520205,3.570557793862195e-05,21.693223284680176,38.45430804007523,nan,nan,nan
113.7,179.10614013671875,-208.5019989013672,-18.70183563232422,180.341638696664,-208.73449052277394,-18.69542135994352,1.2571993431995245,0.41075892880624176,0.06580773214914183,3.498736028889321e-05,23.28899090675,38.93638815190513,17.79352045236508,0.32414186536065803,nan
113.71000000000001,179.10882568359375,-208.51065063476562,-18.7031192779541,180.34454023248063,-208.74324806660374,-18.696704107893446,1.2574311774547693,0.41080266271882115,0.06582962396691243,3.569236305354038e-05,23.194834317318744,39.06649935812559,nan,nan,nan
113.72,179.111572265625,-208.51930236816406,-18.70448875427246,180.34748099098996,-208.75201352170455,-18.6997742010858,1.2576355137428126,0.4108464819841998,0.0658515753284084,3.499582462276108e-05,22.606368663658117,38.37750628147975,nan,2.045355462789237,nan
113.73,179.1143798828125,-208.52796936035156,-18.70594024658203,180.3505197095956,-208.7607714318259,-18.701244293797277,1.2578793772912638,0.4108903876141746,0.06587358643671884,3.5701179529942754e-05,22.521199937683523,37.58202904288383,nan,nan,nan
113.74000000000001,179.1172637939453,-208.53662109375,-18.707475662231445,180.35362975439187,-208.7695285165804,-18.702562829737303,1.258121930372239,0.41093437890541956,0.06589565737882147,3.5004300619735464e-05,22.52267797867626,38.47924218110579,nan,0.03918226312321909,nan
113.75,179.12022399902344,-208.54527282714844,-18.709091186523438,180.32375886799022,-208.76841028497458,-18.704225151135695,1.2240548125816924,0.4108627340089772,0.06588947440909723,3.568797361680861e-05,21.829207855675364,38.05972882920806,12.703397857149904,nan,nan
113.76,179.12322998046875,-208.55392456054688,-18.71078872680664,180.32694153746647,-208.7771563763854,-18.705441473314416,1.2242477482815073,0.410906539668661,0.06591153623975743,3.499160191047104e-05,21.91272927238631,37.86113818245239,nan,0.1776094115046882,nan
113.77,179.12631225585938,-208.5625762939453,-18.71256446838379,180.33018078357358,-208.78590479201574,-18.707235254287383,1.2244196382752321,0.4109504315763967,0.06593365806657149,3.5696781903755296e-05,21.82055422905559,38.07619450927917,nan,nan,nan
113.78,179.12945556640625,-208.5712432861328,-18.714418411254883,180.3334958696594,-208.79465020599437,-18.708391328764844,1.2246060711197346,0.41099440910411783,0.06595583998137544,3.5000073549568864e-05,21.994748126677894,37.52429806913716,nan,0.3639962836483682,nan
113.79,179.13265991210938,-208.57989501953125,-18.716352462768555,180.33686271920388,-208.80339843304733,-18.710337679584406,1.2247833906795016,0.4110384731505107,0.06597808218031498,3.5705602334204884e-05,21.90024652973435,38.107036615584555,nan,nan,nan
113.8,179.13592529296875,-208.5885467529297,-18.718360900878906,180.3214257714569,-208.80399922101097,-18.713904736360618,1.2049278019450511,0.4109669213769245,0.06597180446839729,3.498738343590466e-05,21.42200290313152,37.5607335859974,3.328484914764278,1.5171873048146234,nan
113.81,179.13926696777344,-208.59719848632812,-18.72044563293457,180.32488780928455,-208.81273202013168,-18.716022955708045,1.2050605976851159,0.411010799625703,0.0659940369306271,3.569238684347363e-05,21.332255416699386,37.71213350201616,nan,nan,nan
113.82000000000001,179.1426544189453,-208.60585021972656,-18.722606658935547,180.32843062447182,-208.82145957368058,-18.71695604790755,1.2052321488038331,0.4110547634503958,0.06601632973115427,3.499584719863911e-05,21.627566540593655,37.76006797575868,nan,1.1242124670215392,nan
113.83,179.14610290527344,-208.61451721191406,-18.724842071533203,180.33201414276252,-208.8301921092634,-18.719214077269726,1.2053766211723873,0.4110988136798006,0.06603868306153812,3.57012027182763e-05,21.535676263652892,36.96066314933382,nan,nan,nan
113.84,179.1496124267578,-208.6231689453125,-18.727096557617188,180.33565913602993,-208.83892383747153,-18.721392608928483,1.2055245767284961,0.41114294979088906,0.0660610970201858,3.50043226108545e-05,21.50927360079224,37.84280288482202,nan,0.01154045400334623,nan
113.85000000000001,179.15318298339844,-208.63182067871094,-18.729339599609375,180.35830764711633,-208.84914608881397,-18.7237630696574,1.2245762069646493,0.4110714911044888,0.066054721635333,3.568799617454092e-05,22.35454022060741,38.12391779402624,9.979306621856365,nan,nan
113.86,179.1568145751953,-208.64047241210938,-18.73155403137207,180.36208668132477,-208.85787660459542,-18.728053183920398,1.2247275977363796,0.41111544128014355,0.06607712521690917,3.499162329118685e-05,21.766042716497225,37.58883824173719,nan,2.8211164416942283,nan
113.87,179.16049194335938,-208.6491241455078,-18.733732223510742,180.3659530419527,-208.866599057962,-18.730333668515613,1.2249258540600942,0.41115947774806977,0.06609958957041408,3.56968038375125e-05,21.672939351164754,37.36537892434029,nan,nan,nan
113.88,179.16424560546875,-208.65777587890625,-18.735872268676758,180.36988495536772,-208.8753188259533,-18.731978684880417,1.2251148255692232,0.41120360004973716,0.06612211479855368,3.500009432625987e-05,21.71517179937446,37.55962615379749,nan,0.25317183511149666,nan
113.89,179.16802978515625,-208.6664276123047,-18.73797035217285,180.37386453766644,-208.88404043229593,-18.734177459705364,1.2253192138455642,0.41124780891700186,0.06614470108671062,3.570562363565955e-05,21.619409865852404,37.221863605049116,nan,nan,nan
113.9,179.17189025878906,-208.67507934570312,-18.740028381347656,180.37654598586138,-208.90088468472507,-18.73637801135876,1.2256413819302996,0.41117644187571556,0.06613822498974695,3.498740358915217e-05,20.36935703636692,37.206457891462115,10.851241149334024,0.0070950017609946675,nan
113.91,179.17579650878906,-208.68373107910156,-18.74204444885254,180.38061054436608,-208.90963579345788,-18.738497067772133,1.2258149877548055,0.4112204646312534,0.06616080024062254,3.5692407493464844e-05,20.27434651319359,37.072812583986064,nan,nan,nan
113.92,179.1797637939453,-208.6923828125,-18.744022369384766,180.38474616394478,-208.9183819899324,-18.739353056758205,1.2260016079475886,0.41126457316982623,0.06618343660861623,3.499586673688004e-05,20.477951886169553,37.2385448534402,nan,1.0580338827221947,nan
113.93,179.18377685546875,-208.70103454589844,-18.745960235595703,180.3889187580385,-208.92713229356968,-18.741382072832852,1.2261762338284534,0.4113087681641297,0.06620613427510783,3.570122272656544e-05,20.37592626127203,37.076802911623496,nan,nan,nan
113.94,179.18783569335938,-208.7096710205078,-18.747859954833984,180.39314086778265,-208.93588319018247,-18.743639450851585,1.2263565231425553,0.41135304924456123,0.0662288933485672,3.500434153094198e-05,20.230258281671944,37.61125139432697,nan,0.050110336348936454,nan
113.95,179.19195556640625,-208.71832275390625,-18.74972152709961,180.38980323398707,-208.93923550047205,-18.745566321642432,1.2180553115751518,0.4112817735532903,0.06622231356996687,3.56880155276567e-05,20.450728264566177,36.69696507434313,1.12324697718236,nan,nan
113.96000000000001,179.19613647460938,-208.7269744873047,-18.75154685974121,180.39415832168896,-208.9479624015376,-18.74503520929351,1.2182505513680495,0.4113258683687952,0.06624506093101849,3.499164158193175e-05,21.113005141028868,37.44171551414469,nan,4.242300127684605,nan
113.97,179.20034790039062,-208.73562622070312,-18.753334045410156,180.3985327401672,-208.95669708224335,-18.746894451761772,1.218425502219541,0.4113700495316228,0.0662678698254175,3.569682254689517e-05,20.99871947101781,37.14289331928326,nan,nan,nan
113.98,179.20462036132812,-208.7442626953125,-18.75508689880371,180.4029537911656,-208.96543217205314,-18.749036348384006,1.2185875248287088,0.4114143167261129,0.06629074036533503,3.5000111998540464e-05,20.816473041235003,37.83474738818648,nan,0.07125963395405417,nan
113.99000000000001,179.20895385742188,-208.75291442871094,-18.756803512573242,180.4074289199951,-208.97416549095314,-18.750829515942975,1.2187412345485678,0.41145867054387925,0.06631367272680792,3.5705641702322306e-05,20.70518609251756,37.14173791429206,nan,nan,nan
114.0,179.21331787109375,-208.76156616210938,-18.758487701416016,180.42654444898378,-208.98893522024454,-18.753667170209813,1.2343575881474247,0.41138748481383586,0.06630698621229061,3.498742063646761e-05,20.380573658556607,36.653556442809766,2.0124107453510502,0.7336161715453476,nan
114.01,179.21774291992188,-208.77020263671875,-18.7601375579834,180.4311415331625,-208.99767826641317,-18.755405106088634,1.2345459703146295,0.4114316521804204,0.06632990616728612,3.5692424911372557e-05,20.27814302087135,37.566652263051445,nan,nan,nan
114.02,179.22215270996094,-208.7788543701172,-18.76175308227539,180.4357570937143,-209.00642080617683,-18.757153547500927,1.234764446688684,0.41147590552155766,0.06635288800247684,3.499588317137685e-05,20.193685727443878,36.66695797367119,nan,0.001293049506346671,nan
114.03,179.2265167236328,-208.78749084472656,-18.763338088989258,180.44034344020682,-209.01516263743545,-18.758827919990015,1.2350020585766286,0.41152024537997733,0.06637593189049978,3.5701239509064406e-05,20.09662588300725,37.292734456464835,nan,nan,nan
114.04,179.23080444335938,-208.796142578125,-18.764890670776367,180.4448793380269,-209.0239020830926,-18.759814028408424,1.235264349952186,0.4115646715135123,0.06639903794844361,3.500435735704305e-05,20.20404790553001,36.52085509764043,nan,0.30496783640021846,nan
114.05,179.23501586914062,-208.80477905273438,-18.76641273498535,180.4369001846522,-209.02695779329892,-18.761521179916535,1.2222574311259218,0.41149357522254504,0.06639224169799614,3.568803167288815e-05,20.14583986550213,37.013493545705415,1.8048946896712303,nan,nan
114.06,179.23916625976562,-208.8134307861328,-18.76790428161621,180.44126238867108,-209.03568664614923,-18.762989794862232,1.2224798250364572,0.4115378147368175,0.06641533464067084,3.499165679917806e-05,20.10643103335082,36.43392933922639,nan,0.008629081945294343,nan
114.07000000000001,179.24322509765625,-208.8220672607422,-18.769367218017578,180.44554378780137,-209.04441546660834,-18.764538853640328,1.2227151223513733,0.4115821406636947,0.06643848986383791,3.569683806913961e-05,20.009044420302295,36.910200770592795,nan,nan,nan
114.08,179.2471923828125,-208.83070373535156,-18.77079963684082,180.44974220150513,-209.05314491124477,-18.766340726671807,1.222957899950088,0.41162655280504995,0.06646170748768705,3.5000126620449826e-05,19.86462418830505,36.71183392948584,nan,0.05583956196434369,nan
114.09,179.2510986328125,-208.83935546875,-18.77220344543457,180.45386435439102,-209.06187335398135,-18.767836521302815,1.2231838211317603,0.4116710516374088,0.06648498768035999,3.5705656609107754e-05,19.772412877417594,36.080201636439824,nan,nan,nan
114.10000000000001,179.2549285888672,-208.84799194335938,-18.77358055114746,180.44848359818124,-209.05856665774533,-18.76871842270874,1.2119979005305048,0.41160004343043083,0.0664780786299721,3.498743466591089e-05,20.914222463828096,36.87198812238259,8.47064323320716,0.28078352988924654,nan
114.11,179.2586669921875,-208.85662841796875,-18.77492904663086,180.4524558366308,-209.06725929688932,-18.770155116729008,1.2122375850792775,0.4116443554474906,0.06650134498055271,3.5692439206146654e-05,20.818819467093956,36.64907542290132,nan,nan,nan
114.12,179.26234436035156,-208.8652801513672,-18.7762508392334,180.45633825008812,-209.0759556683268,-18.772988804528513,1.2124422555506953,0.41168875361593144,0.06652467395872505,3.499589662249896e-05,20.42747027618826,35.661908056269624,nan,1.430750125450042,nan
114.13,179.2659454345703,-208.87391662597656,-18.777545928955078,180.46016116889874,-209.08464816056937,-18.774387579692355,1.2126701839162544,0.41173323837285203,0.06654806572982168,3.570125320701936e-05,20.344218904567175,36.32496584581407,nan,nan,nan
114.14,179.26947021484375,-208.88255310058594,-18.77881622314453,180.463905866181,-209.0933419876308,-18.77633302412323,1.212895150606356,0.4117778095794121,0.06657152041811197,3.5004370239330024e-05,20.182766313847576,36.01711920268319,nan,0.23092570997147463,nan
114.15,179.27291870117188,-208.89120483398438,-18.780059814453125,180.43520934715406,-209.08735104234177,-18.7778211078108,1.1787272341801938,0.4117068887379577,0.06656449554547905,3.568804478034046e-05,20.209113958926498,34.9270593321779,9.913269666772052,nan,nan
114.16,179.2763214111328,-208.89984130859375,-18.781280517578125,180.43877024521166,-209.0960156892564,-18.779107249684355,1.1788877820102213,0.41175127294684305,0.06658793565035614,3.49916691196523e-05,20.14456152876516,35.85570260693407,nan,0.0015782214583886527,nan
114.17,179.27963256835938,-208.90847778320312,-18.7824764251709,180.44226236373643,-209.1046805366237,-18.780416580051316,1.1790707377041598,0.41179574364280586,0.06661143876865354,3.569685060162849e-05,20.070809148189472,35.4344452578368,nan,nan,nan
114.18,179.2828826904297,-208.9171142578125,-18.783647537231445,180.4456875481018,-209.11334559924276,-18.781702865265615,1.1792479205554873,0.4118403008420685,0.06663500503577739,3.641633479098014e-05,19.99795929311882,35.535234385104474,nan,nan,nan
114.19,179.28607177734375,-208.92576599121094,-18.7847957611084,180.4490471021862,-209.1220109420245,-18.782966656646373,1.1794180906427338,0.4118849446891312,0.06665863459622791,3.715026618790725e-05,19.92816129397362,34.75943139133175,nan,nan,nan
114.2,179.28919982910156,-208.9344024658203,-18.785921096801758,180.46823370518376,-209.14374026962133,-18.783335035173668,1.1974764652235959,0.41181410986520683,0.06665149083217566,3.634456221316915e-05,19.219882690586132,35.65419903358709,7.070917766845364,0.36708199597462005,nan
114.21000000000001,179.29226684570312,-208.94305419921875,-18.787023544311523,180.47147625563662,-209.1524399321989,-18.784545289236682,1.1976574466012975,0.4118585665088889,0.06667510505075847,3.7076209266486276e-05,19.145056693578212,34.85518388357508,nan,nan,nan
114.22,179.29527282714844,-208.95169067382812,-18.788105010986328,180.4746528214424,-209.1611408869098,-18.786237854763932,1.1978355684204427,0.4119031094589714,0.06669878262815353,3.629703494424234e-05,19.017206360979067,35.46061158214802,nan,0.1661664452153419,nan
114.23,179.2982177734375,-208.9603271484375,-18.78916358947754,180.47777323805897,-209.16984083150896,-18.787411143270557,1.1980192605214057,0.41194773908551896,0.0667225237249664,3.7027401071644845e-05,18.94604390329963,35.45141164478272,nan,nan,nan
114.24000000000001,179.3011016845703,-208.96897888183594,-18.79020118713379,180.4808382327049,-209.1785399258977,-18.78809052905217,1.1982064133822397,0.4119924553154577,0.06674632847012568,3.625088943324928e-05,18.930065338485512,34.612706149848904,nan,0.14733129609500278,nan
114.25,179.30392456054688,-208.9776153564453,-18.79121971130371,180.49949580727522,-209.19762716159843,-18.789277195674355,1.2156478000544746,0.41192170564079195,0.0667390627794227,3.695653195617336e-05,18.45464692630447,35.42405140433315,3.649989838499647,nan,nan
114.26,179.30670166015625,-208.98626708984375,-18.792217254638672,180.5024586898383,-209.20635269492837,-18.790296171127768,1.2158438379008107,0.4119662344720113,0.06676285141008405,3.61836137367804e-05,18.39830672248998,34.780420709962,nan,0.005442595623255624,nan
114.27,179.30941772460938,-208.99490356445312,-18.793193817138672,180.50536493289175,-209.2150786985344,-18.791385910472226,1.2160469083027312,0.4120108498795734,0.06678670377341439,3.691071043978816e-05,18.327219628353404,35.50262717693985,nan,nan,nan
114.28,179.31207275390625,-209.00355529785156,-18.794151306152344,180.50821407134137,-209.22380546878844,-18.792734910806246,1.2162508767721103,0.4120555518204235,0.06681062000053435,3.6140345621402676e-05,18.238845630152284,34.47081352007343,nan,0.05116486575074333,nan
114.29,179.31480407714844,-209.01219177246094,-18.795196533203125,180.51107257595217,-209.23253198995522,-18.79384368256315,1.2163921912279845,0.4121003406194923,0.06683460024884684,3.6866369054026436e-05,18.17232727334581,35.389383110600605,nan,nan,nan
114.3,179.31759643554688,-209.02084350585938,-18.796329498291016,180.50164254103055,-209.22603962978974,-18.79572425508779,1.2016950509619466,0.41202967474118224,0.06682720956265892,3.607615755528003e-05,19.298264671774934,34.36820012888817,11.806380070193875,0.2433116682533306,nan
114.31,179.32046508789062,-209.02947998046875,-18.797550201416016,180.50464003061694,-209.23472319133975,-18.797016781746695,1.2018300025902393,0.41207427592557355,0.06685117290749325,3.680026522754776e-05,19.235982921400826,35.12132066631909,nan,nan,nan
114.32000000000001,179.32339477539062,-209.0381317138672,-18.798852920532227,180.5077018213674,-209.24340761865506,-18.798728775767973,1.201965636633849,0.412118963570922,0.06687520032775852,3.603579173242802e-05,19.171164360822708,34.4535283270015,nan,0.07375195234934508,nan
114.33,179.32638549804688,-209.04676818847656,-18.800241470336914,180.51083188489315,-209.25209178214502,-18.800196692839727,1.2021110695086161,0.41216373797621353,0.06689929197894787,3.675896200198689e-05,19.111797124167524,35.01917407080264,nan,nan,nan
114.34,179.32945251464844,-209.055419921875,-18.801713943481445,180.5140207658393,-209.2607779304577,-18.802666798010968,1.2022373980833239,0.41220859913742935,0.0669234479949771,3.599685715970496e-05,19.079391306321096,34.36242986282167,nan,0.5613584725577515,nan
114.35000000000001,179.33258056640625,-209.06407165527344,-18.803266525268555,180.53244800874407,-209.27999430112152,-18.804195984450455,1.2191412272852995,0.41213801603799904,0.06691592927098962,3.6696076866937656e-05,18.58731355632749,34.487291020027534,4.1481946281471,nan,nan
114.36,179.3357696533203,-209.0727081298828,-18.804901123046875,180.53578387154354,-209.28870487223384,-18.80626386464025,1.2192992141836296,0.4121826893759438,0.06694006758071991,3.593722764015704e-05,18.55660690240175,35.16459509895415,nan,0.07841214581747014,nan
114.37,179.33901977539062,-209.08135986328125,-18.806615829467773,180.53918494425403,-209.29741495624862,-18.808074509018542,1.2194582254001567,0.4122274493764146,0.06696427032753756,3.665780151122831e-05,18.506230402774293,34.330730388445566,nan,nan,nan
114.38,179.3423309326172,-209.0900115966797,-18.80841064453125,180.5426505020079,-209.30612440624483,-18.80959329707869,1.219620110439093,0.41227229605769056,0.06698853764700986,3.590119535931865e-05,18.430643815410793,34.1780950230403,nan,0.09308320876034833,nan
114.39,179.345703125,-209.09864807128906,-18.810283660888672,180.54617499118302,-209.31483439461246,-18.811560823108717,1.2197831196702036,0.41231722968522516,0.06701286969220939,3.662101153790155e-05,18.378141490099907,34.943688582759336,nan,nan,nan
114.4,179.34913635253906,-209.1072998046875,-18.812232971191406,180.58933570584924,-209.34052635517253,-18.815577866202016,1.2619430447229987,0.41224672800613044,0.06700521986784821,3.5844605013441e-05,18.678562317931135,35.05920991651599,14.494981166679448,3.018577055829129,nan
114.41,179.35263061523438,-209.11595153808594,-18.814260482788086,180.59304322260164,-209.34926679015996,-18.81772073883922,1.2621693296614174,0.41229147358521145,0.06702953338847019,3.656282322495698e-05,18.63831242453561,34.91485584664467,nan,nan,nan
114.42,179.35618591308594,-209.1245880126953,-18.816364288330078,180.5968081937294,-209.3580076493553,-18.820255354681837,1.262395940426309,0.41233630576807245,0.067053911685805,3.581143782507504e-05,18.67636767571252,35.74991668547683,nan,0.06664858436069743,nan
114.43,179.3597869873047,-209.13323974609375,-18.818540573120117,180.60063358809734,-209.3667477951042,-18.82255493158682,1.2626331259416739,0.4123812248011449,0.06707835491150951,3.652901498218417e-05,18.64013617044674,34.88005022564827,nan,nan,nan
114.44,179.36346435546875,-209.14187622070312,-18.82079315185547,180.60451957729586,-209.37548682223567,-18.824446515149457,1.2628560186482445,0.41242623073133816,0.06710286320322986,3.5779671545722436e-05,18.514941027923705,35.599658679248265,nan,0.15779060805444245,nan
114.45,179.3671875,-209.15052795410156,-18.823062896728516,180.63159969120233,-209.39183679699315,-18.82685050223144,1.2872383201545028,0.41235580933081606,0.0670950792367302,3.6473921270499796e-05,18.818641545523263,35.21356805672335,5.230370065277698,nan,nan
114.46000000000001,179.3709716796875,-209.15916442871094,-18.825321197509766,180.6356463967467,-209.40058403345228,-18.827807034624527,1.287513784356648,0.4124006269914727,0.0671195681720785,3.572747553813596e-05,18.54241358053824,35.63439123713022,nan,1.4525384462942759,nan
114.47,179.3748016357422,-209.16781616210938,-18.82754898071289,180.63974118746327,-209.40933295148614,-18.83019369740466,1.2877924613793859,0.41244553140685736,0.06714412223487934,3.644303069297471e-05,18.50803730735082,34.72887771120806,nan,nan,nan
114.48,179.37869262695312,-209.17645263671875,-18.829740524291992,180.64389804363435,-209.41807959933536,-18.83120260380115,1.288072386606954,0.41249052263999814,0.06716874156398145,3.5698495835430524e-05,18.32083014569619,35.34958311597796,nan,1.2290074921504455,nan
114.49000000000001,179.3826446533203,-209.1851043701172,-18.831892013549805,180.64810241859917,-209.4268275214704,-18.833507417534378,1.288338483138148,0.41253560091308067,0.06719342630927347,3.641356127105562e-05,18.2791187554439,34.51789413088531,nan,nan,nan
114.5,179.3866424560547,-209.19374084472656,-18.83400535583496,180.63643845820883,-209.43532574929486,-18.83625500784399,1.2729329809734333,0.41246525841531206,0.06718550514927714,3.564916682365506e-05,17.563487638641302,34.6843784321734,6.348301295402506,0.154338781719435,nan
114.51,179.39068603515625,-209.202392578125,-18.836074829101562,180.64071082941734,-209.44408253777695,-18.838485624043436,1.2731778488476397,0.4125101481844515,0.06721016969179057,3.636290140278415e-05,17.528653337814003,33.8596474620672,nan,nan,nan
114.52,179.39479064941406,-209.21102905273438,-18.838104248046875,180.64503951405533,-209.45283794747,-18.839924116214743,1.2734194426936387,0.4125551246903556,0.0672348996971806,3.562289395764858e-05,17.407246639159013,34.527748758672665,nan,0.38531108337250236,nan
114.53,179.39895629882812,-209.21966552734375,-18.8400936126709,180.64941669462004,-209.4615935973387,-18.84206777730517,1.2736499871713431,0.4126001881416751,0.06725969531432559,3.633623658828582e-05,17.366824086979882,34.51260443124285,nan,nan,nan
114.54,179.40316772460938,-209.2283172607422,-18.842042922973633,180.6538463107556,-209.47034841902976,-18.84397473376959,1.273883722841174,0.4126453386218182,0.0672845566835627,3.559793641549248e-05,17.311908853718627,33.54326333643957,nan,0.02672299964501441,nan
114.55,179.4074249267578,-209.23695373535156,-18.84395408630371,180.6334529124445,-209.46108949784778,-18.846022121215082,1.2463489633666565,0.4125750737819617,0.06727649529602374,3.6288442913063446e-05,18.07614453271475,33.74967942588553,10.021320960174714,nan,nan
114.56,179.41172790527344,-209.24559020996094,-18.845827102661133,180.6379555386558,-209.4698012737541,-18.848821782115984,1.246560779947295,0.412620035525309,0.06730133560294191,3.555268457152265e-05,18.157370101293026,33.711640378170486,nan,0.40830765867042157,nan
114.57000000000001,179.41607666015625,-209.2542266845703,-18.84766387939453,180.64251109054953,-209.47851163424812,-18.850819727642182,1.2467778912397494,0.412665084119857,0.06732624171363308,3.626448324818651e-05,18.12701519184457,33.513489563139714,nan,nan,nan
114.58,179.4204864501953,-209.2628631591797,-18.849462509155273,180.64712034957068,-209.48722028484516,-18.851625600777233,1.2469849726035476,0.41271021966028376,0.06735121376927315,3.5530303346979365e-05,17.9309775501754,33.512038051276946,nan,0.9155863679010838,nan
114.59,179.42494201660156,-209.27149963378906,-18.851224899291992,180.651773530041,-209.49592952684512,-18.853541334829362,1.247192729749034,0.4127554423382828,0.06737625191750327,3.624183419639836e-05,17.894642077995254,33.40965728030309,nan,nan,nan
114.60000000000001,179.429443359375,-209.2801513671875,-18.85295295715332,180.67281760132903,-209.5107696793356,-18.85561502817757,1.2645834879812925,0.4126852537551053,0.06736804726724313,3.548766619442767e-05,18.055543377648235,32.889643479341736,2.7416255404549754,0.007213942642311364,nan
114.61,179.43399047851562,-209.28878784179688,-18.854646682739258,180.67759406821395,-209.5194872886906,-18.85746567588035,1.2648241260467654,0.41273028745273793,0.06739306347980427,3.6198085262182095e-05,18.02359723236233,33.559202766938846,nan,nan,nan
114.62,179.4385986328125,-209.29742431640625,-18.856306076049805,180.68241515018187,-209.52820487253734,-18.85991588249822,1.2650502854320196,0.4127754080119166,0.06741814582650811,3.54677548110075e-05,18.119220357406007,33.7782720612468,nan,0.27502799151444207,nan
114.63,179.4432373046875,-209.30606079101562,-18.857933044433594,180.6872847180871,-209.53692126740592,-18.86170725593162,1.265292365826117,0.41282061561505934,0.06744329445430983,3.6177986161973055e-05,18.09433167014556,33.46351429234162,nan,nan,nan
114.64,179.44789123535156,-209.31468200683594,-18.859527587890625,180.69218922850288,-209.54563647265755,-18.862730697055365,1.2655543137106646,0.4128659103708178,0.06746850950539947,3.5449037874664904e-05,17.93819016852522,33.99043549693822,nan,0.37271216890546977,nan
114.65,179.4525146484375,-209.3233184814453,-18.8610897064209,180.70147795681336,-209.56488754007376,-18.86443971305042,1.2721148447763007,0.41279579671417277,0.06746015857284064,3.613681129781336e-05,17.02603338267394,33.22737744469447,6.4758868660778734,nan,nan
114.66,179.4570770263672,-209.3319549560547,-18.862621307373047,180.69988630574886,-209.56783423726802,-18.864531032015904,1.2649970700642452,0.4076957844279178,0.06330125414498963,3.540994125415652e-05,21.390208859296106,37.51479572288639,nan,1.7656720887971737,0.008034570204206856
114.67,179.46156311035156,-209.34059143066406,-18.86412239074707,180.70465043863828,-209.57657385762647,-18.866175779571183,1.2652897012098636,0.4077437379124091,0.06331832036062375,3.6119014008447916e-05,21.337715296067152,37.39747755864778,nan,nan,nan
114.68,179.46597290039062,-209.34922790527344,-18.86559295654297,180.70935815600225,-209.58533773615113,-18.868986434992312,1.2656090477732342,0.4077917772003427,0.06333544454218347,3.5393537335480525e-05,21.480191915361193,37.595769717997605,nan,0.9861120227784187,nan
114.69,179.4702911376953,-209.3578643798828,-18.867034912109375,180.71395971926472,-209.59407621546003,-18.87058498261292,1.2659068587578657,0.40783990350759364,0.06335262809500561,3.610252160630745e-05,21.438522428631465,37.38832176835346,nan,nan,nan
114.7,179.47451782226562,-209.36648559570312,-18.868446350097656,180.74572292539784,-209.61186196965525,-18.871175401980462,1.2946734827158024,0.4077772698346651,0.06334827361819002,3.5356887244250486e-05,21.634802792250238,38.62606631234136,7.066659467153119,0.5809768453425846,nan
114.71000000000001,179.47866821289062,-209.3751220703125,-18.869831085205078,180.7502039806098,-209.62061120019462,-18.872708388081104,1.2950198455434199,0.4078251918980276,0.06336547180391525,3.6064935152000106e-05,21.58932374957718,37.68906126972764,nan,nan,nan
114.72,179.4827423095703,-209.38375854492188,-18.87118911743164,180.75459225585323,-209.62934935149238,-18.87367883030734,1.2953467986612708,0.4078731997080272,0.0633827282673257,3.534267100302468e-05,21.47058655957006,37.56114038357333,nan,0.19871182736677123,nan
114.73,179.48672485351562,-209.3923797607422,-18.87251853942871,180.75890907031024,-209.6380980409682,-18.87515348452455,1.2956994626973544,0.4079212944266883,0.06340004431840653,3.6050694589074613e-05,21.421861476560814,38.30539567924799,nan,nan,nan
114.74000000000001,179.49063110351562,-209.40101623535156,-18.873821258544922,180.7631545003934,-209.64685583900553,-18.877072924666507,1.2960568967675183,0.4079694751941015,0.0634174189583364,3.532950880292901e-05,21.464770419241496,37.53103189777845,nan,0.15345003125607498,nan
114.75,179.4944610595703,-209.40965270996094,-18.875099182128906,180.79695040034568,-209.66766421167281,-18.87839091001091,1.3278024150156966,0.4079067623180919,0.06341304714034712,3.601535803515745e-05,21.525683903794175,38.14669136833147,8.635777579048899,nan,nan
114.76,179.4982147216797,-209.41827392578125,-18.876352310180664,180.80111687417352,-209.6764730953174,-18.881788657696067,1.3282508738926218,0.40795473859490705,0.06343043591506854,3.529606456087536e-05,21.996680551117965,39.41635863838439,nan,2.766668292578149,nan
114.77,179.50189208984375,-209.42691040039062,-18.877578735351562,180.80517132364793,-209.6852434475243,-18.883185687686325,1.3286474936645363,0.40800280166893965,0.06344788449196012,3.600323981363436e-05,21.969470650963196,38.61630551175657,nan,nan,nan
114.78,179.5054931640625,-209.435546875,-18.878782272338867,180.80911925480106,-209.6939795214362,-18.882748157173033,1.3290011833857942,0.40805095073460645,0.06346539196275773,3.5284914538916584e-05,21.479246126575866,37.98069957826589,nan,2.2777977661267026,nan
114.79,179.509033203125,-209.4441680908203,-18.879959106445312,180.813027333037,-209.70274995717747,-18.884080327938275,1.3293916867952555,0.40809918687330216,0.06348295950352821,3.599214226735473e-05,21.439977582619832,39.0151525583193,nan,nan,nan
114.8,179.5124969482422,-209.4528045654297,-18.881114959716797,180.79988547690004,-209.70948559432813,-18.885627988535852,1.3127355947582613,0.40803639388918406,0.06347856576414589,3.525347071023369e-05,20.79399560966582,37.67858147829174,5.522473729572543,0.01855057845885502,nan
114.81,179.51588439941406,-209.46144104003906,-18.882247924804688,180.80361877974002,-209.71826479159392,-18.886918455719584,1.313103228042342,0.4080844252604217,0.06349614687240085,3.59598986323785e-05,20.75989190766863,37.55207805063406,nan,nan,nan
114.82000000000001,179.5192108154297,-209.47007751464844,-18.88335609436035,180.80725100533482,-209.72701003866106,-18.886312477833158,1.3134194276428173,0.4081325425654874,0.06351378717369056,3.524420751851856e-05,20.33805216285264,37.297211737383776,nan,2.44667962263217,nan
114.83,179.52247619628906,-209.47869873046875,-18.884445190429688,180.81084917234546,-209.73578944269008,-18.887541349558948,1.3137770533634052,0.4081807468316077,0.06353148775861032,3.5950738134454105e-05,20.29128186785199,38.00096285117762,nan,nan,nan
114.84,179.52566528320312,-209.48733520507812,-18.885509490966797,180.81437279866006,-209.74455995459599,-18.888235344530656,1.314130534778552,0.40822903733365157,0.06354924784538919,3.5235850828001204e-05,20.17292401529709,37.08432464693077,nan,0.18403831370328583,nan
114.85000000000001,179.52879333496094,-209.4959716796875,-18.886554718017578,180.79351904591945,-209.74657509916216,-18.88933040735608,1.289317998890583,0.4081661652104287,0.0635448296555667,3.5920412800420686e-05,19.653729517029365,36.3251559966132,6.37802181389925,nan,nan
114.86,179.53187561035156,-209.50460815429688,-18.8875789642334,180.7968453622549,-209.75531518928287,-18.88845691591567,1.28957483746429,0.4082142506937648,0.06356260276520648,3.520714042590033e-05,19.397219726779976,36.26313020829082,nan,2.886434112076468,nan
114.87,179.53488159179688,-209.5132293701172,-18.888582229614258,180.8001443141017,-209.7640909818507,-18.88957759175656,1.2898923580832287,0.40826242302589244,0.06358043637044397,3.5913059193443455e-05,19.33797785328609,36.960887568337824,nan,nan,nan
114.88,179.53782653808594,-209.52186584472656,-18.889564514160156,180.80339237749857,-209.7728769644518,-18.891258402873977,1.2902194950367505,0.4083106815350963,0.06359832976966963,3.520049346992156e-05,19.32916748591435,36.13832378986387,nan,0.2341687053505984,nan
114.89,179.54071044921875,-209.53050231933594,-18.890527725219727,180.80657140336615,-209.781653420611,-18.892347137749265,1.2905363773131686,0.4083590271691576,0.06361628393472399,3.5906572496952356e-05,19.277368198008766,36.06239733656426,nan,nan,nan
114.9,179.54367065429688,-209.5391387939453,-18.89158058166504,180.84283252839523,-209.7990200726851,-18.89390797487775,1.3249019853971666,0.40829607511020605,0.06361183685294329,3.517346877326508e-05,20.050393597347487,36.84698859977478,12.318459357856236,0.22097372947747143,nan
114.91,179.54669189453125,-209.5477752685547,-18.892719268798828,180.84614118177296,-209.80780129157944,-18.895123421550284,1.3252123462726715,0.40834421544486726,0.06362980343326526,3.587885134236353e-05,19.992181426243516,36.82548170335495,nan,nan,nan
114.92,179.54977416992188,-209.55641174316406,-18.893943786621094,180.84952860141678,-209.81659670107317,-18.89728329250736,1.3255447735977715,0.40839244189665685,0.06364783009366609,3.516840872356166e-05,20.083294241916523,36.95919569331747,nan,0.513367191241322,nan
114.93,179.55291748046875,-209.56504821777344,-18.895254135131836,180.85296640515764,-209.82537857342305,-18.89868144542302,1.3258623032250514,0.40844075536116053,0.06366591773124808,3.5873989911239656e-05,20.029068517742044,36.851230130138156,nan,nan,nan
114.94,179.55613708496094,-209.5736846923828,-18.89664649963379,180.85644488627403,-209.83413809758795,-18.898737518845543,1.326137521827957,0.4084891552443336,0.06368406575520086,3.5164109582822e-05,19.760885240444583,36.82368754177472,nan,1.425145734415616,nan
114.95,179.5594024658203,-209.5823211669922,-18.89812469482422,180.84660615100418,-209.8429428272173,-18.900276361971823,1.3133246386940844,0.4084261240614924,0.06367958698530725,3.5847865728911706e-05,18.987121864442805,36.231942649959514,4.892467739183998,nan,nan
114.96000000000001,179.562744140625,-209.59095764160156,-18.899682998657227,180.85020525836978,-209.85173983846173,-18.902021924456673,1.3136091330672737,0.40847431838914533,0.06369774683450771,3.513935916926593e-05,18.94867606584568,36.473748272920446,nan,0.008206132039584464,nan
114.97,179.56613159179688,-209.59959411621094,-18.901323318481445,180.85386395744777,-209.86053537222784,-18.903743188879552,1.3139067091727927,0.408522599617445,0.06371596787063227,3.584450498899706e-05,18.892441950317647,36.26261112210722,nan,nan,nan
114.98,179.56959533691406,-209.6082305908203,-18.903043746948242,180.85755470897308,-209.86930321487634,-18.903702762502004,1.3141532229567703,0.4085709672028978,0.06373424957213476,3.5136477369695995e-05,18.676872803321242,36.21455090744538,nan,2.3805851616365703,nan
114.99000000000001,179.57310485839844,-209.6168670654297,-18.904842376708984,180.86133335870966,-209.87809890285925,-18.90556806955218,1.3144486557226278,0.408619421965787,0.06375259273334653,3.5841863221264113e-05,18.615638322537123,36.097249299175324,nan,nan,nan
115.0,179.57669067382812,-209.62550354003906,-18.906721115112305,180.8542427413562,-209.88062199973268,-18.908828881961117,1.3027774777001493,0.4085563109681414,0.06374807795575932,3.5113114094188654e-05,18.889331994990094,35.95469897599227,1.765381762733035,1.1631322684089407,nan
115.01,179.580322265625,-209.63414001464844,-18.908676147460938,180.85812256861308,-209.88940208464996,-18.910865947201614,1.3030491678830864,0.4086045598916093,0.06376643229565991,3.581787909251638e-05,18.833360103803418,35.8367341796071,nan,nan,nan
115.02,179.58399963378906,-209.6427764892578,-18.910707473754883,180.86206032420307,-209.89818230951215,-18.9129958056038,1.3033328423177153,0.4086528951093285,0.06378484757392484,3.511153434578752e-05,18.786181130800667,35.709772041086225,nan,0.0001506590110380812,nan
115.03,179.58775329589844,-209.6514129638672,-18.91281509399414,180.8660547103475,-209.90696213365766,-18.915188522493708,1.3035971454118447,0.4087013173929943,0.0638033245210662,3.581656792147838e-05,18.731082361229355,35.82757623946144,nan,nan,nan
115.04,179.591552734375,-209.66004943847656,-18.914997100830078,180.87015870306914,-209.91579299660128,-18.9211263264265,1.3039461484697046,0.4087498262715222,0.06382186271029609,3.5110578344369744e-05,19.581364985308515,36.58970769687357,nan,9.4431647671784,nan
115.05,179.5954132080078,-209.66868591308594,-18.917253494262695,180.8600866539334,-209.926756891512,-18.92343824145945,1.2907508690033733,0.40868663612251444,0.06381730889795698,3.5793882077671045e-05,18.535536479217644,36.336652298535995,8.775928205362664,nan,nan
115.06,179.5993194580078,-209.6773223876953,-18.91952896118164,180.86421710024996,-209.93555936855776,-18.925989324426983,1.2910050812943987,0.40873493890046186,0.06383585763176486,3.5089061632086915e-05,18.59420152033535,36.179964549341996,nan,0.010874561352196492,nan
115.07000000000001,179.60328674316406,-209.6859588623047,-18.921789169311523,180.86839994952604,-209.94435970511228,-18.92842055988507,1.2912499354563725,0.4087833286331864,0.0638544682419778,3.579378673892925e-05,18.571169737170585,36.2728304509894,nan,nan,nan
115.08,179.60731506347656,-209.69459533691406,-18.924020767211914,180.87262276347653,-209.95314673627988,-18.929852565743197,1.2914667675427551,0.4088318048959551,0.06387314036026681,3.508925185494269e-05,18.249580395636034,35.959141603056665,nan,0.6732491178983805,nan
115.09,179.6113739013672,-209.70323181152344,-18.926218032836914,180.87691242134306,-209.9619463674587,-18.932222213673192,1.2917263708630495,0.4088803683913318,0.06389187463028329,3.579427375471909e-05,18.226693737916385,35.502699371814344,nan,nan,nan
115.10000000000001,179.61550903320312,-209.71185302734375,-18.928373336791992,180.877241780745,-209.96768605149649,-18.932146017631325,1.2874138012261027,0.40881709849890324,0.06388727756809702,3.5068849527822136e-05,17.744849374556235,36.05271213005663,1.515646248363267,4.630250204828513,nan
115.11,179.6196746826172,-209.72048950195312,-18.93048858642578,180.88163046545526,-209.97647645909805,-18.93441679224698,1.2876634462730328,0.4088654556070659,0.06390602169838189,3.577330362148378e-05,17.710006527794338,34.76723039551236,nan,nan,nan
115.12,179.6239013671875,-209.7291259765625,-18.93256187438965,180.88605713494414,-209.98525405654786,-18.935658854745277,1.2878852304167712,0.408913899178895,0.0639248275968256,3.507008146894677e-05,17.491602340838472,34.64739076073072,nan,0.6873739041029879,nan
115.13,179.62818908691406,-209.73776245117188,-18.934595108032227,180.89054758034123,-209.99404362109462,-18.937839869778657,1.2881147202262229,0.4089624298730298,0.0639436958538446,3.57748530033399e-05,17.45162133509472,34.67065360254928,nan,nan,nan
115.14,179.63250732421875,-209.7463836669922,-18.936588287353516,180.89510143388603,-210.0028454182083,-18.94101361707104,1.2883850740933176,0.40901104733027466,0.06396262618026549,3.507181267480177e-05,17.654402755776612,35.45410294410233,nan,0.74915687712138,nan
115.15,179.6368865966797,-209.75502014160156,-18.938541412353516,180.89469147887905,-210.00851719923952,-18.9430209465674,1.2831032484342157,0.40894769822159033,0.06395798264620217,3.575491293303741e-05,17.73696696241329,34.453814677171884,0.9209263173762703,nan,nan
115.16,179.6413116455078,-209.76365661621094,-18.94045639038086,180.89932454974337,-210.0172992162701,-18.945227053890783,1.2833369764088742,0.4089961090253937,0.06397692215614259,3.505287216821295e-05,17.76562997741054,34.34712644884878,nan,0.012570695093000397,nan
115.17,179.64578247070312,-209.77227783203125,-18.942333221435547,180.9040042945407,-210.02607927022567,-18.947263315307055,1.2835737742086677,0.4090446068416625,0.06399592422975807,3.5757422285139104e-05,17.735327416907705,35.108219096065014,nan,nan,nan
115.18,179.65029907226562,-209.78091430664062,-18.944171905517578,180.90872723344262,-210.03485464603884,-18.948888207945515,1.2838027014793127,0.4090931913525523,0.06401498862606998,3.505550679072907e-05,17.63149684224929,34.08468861564665,nan,0.09876091631863637,nan
115.19,179.65487670898438,-209.78955078125,-18.945972442626953,180.9135021905252,-210.04363377796756,-18.950848034808153,1.2840249387780533,0.40914186315496737,0.06403411586379158,3.576039208479655e-05,17.602708703613434,34.24950986109003,nan,nan,nan
115.2,179.65948486328125,-209.7981719970703,-18.947738647460938,180.9198048368439,-210.05544924710253,-18.950993237128714,1.2863159065715508,0.4090784343272513,0.06402942173037608,3.5037439437986694e-05,16.938885230659203,34.486747757322,0.8114398913580675,2.3453872712894324,nan
115.21000000000001,179.6641387939453,-209.8068084716797,-18.94947052001953,180.92467215981603,-210.06423812443379,-18.952866074018125,1.2865558372559676,0.40912689918720896,0.06404855743069726,3.574179214674294e-05,16.90151922661118,33.48403841455615,nan,nan,nan
115.22,179.66885375976562,-209.8154296875,-18.9511661529541,180.9295856881445,-210.07302748956735,-18.954781661401718,1.2867846341813303,0.40917545067165645,0.0640677557012913,3.5040885551794014e-05,16.892128596564554,34.596681065536224,nan,0.00413419273063141,nan
115.23,179.67359924316406,-209.82406616210938,-18.952829360961914,180.934543213034,-210.08181548042796,-18.956588189901648,1.2870231291783623,0.4092240893388056,0.0640870170175055,3.574558791549532e-05,16.85720550428446,33.353481263031604,nan,nan,nan
115.24000000000001,179.6783905029297,-209.8326873779297,-18.954458236694336,180.93954522382185,-210.0906027865035,-18.958362133358627,1.2872633096680548,0.4092728151262512,0.06410634135856287,3.646460132323778e-05,16.82130699629374,34.201527356847876,nan,nan,nan
115.25,179.6832275390625,-209.84130859375,-18.956056594848633,180.9549129886953,-210.0972623131927,-18.959936550932788,1.2971936028841389,0.4092093069842133,0.06410159324313877,3.717428484181618e-05,17.527815094509197,34.0438419970378,5.871273393550087,nan,nan
115.26,179.6881103515625,-209.84994506835938,-18.95762062072754,180.96002908093604,-210.10603382267257,-18.961903821268763,1.2974502109999284,0.4092578253449492,0.0641209251616531,3.63881941846385e-05,17.570790279145953,33.31906451192502,nan,0.043931601299304415,nan
115.27,179.69296264648438,-209.8585662841797,-18.95915412902832,180.96515408235166,-210.11480211610856,-18.963583506617454,1.2977470749125863,0.4093064307953888,0.06414032034002122,3.711938660359992e-05,17.539585414661314,33.919531446077634,nan,nan,nan
115.28,179.69776916503906,-209.8671875,-18.96065902709961,180.97023980800887,-210.12356946146895,-18.965184347302365,1.2980499704978992,0.4093551230821228,0.06415977861777691,3.6336387663357306e-05,17.51964552431411,33.889475867276076,nan,0.0015549260063532839,nan
115.29,179.70249938964844,-209.8758087158203,-18.96213150024414,180.975258997283,-210.1323368386951,-18.966804014934205,1.2983626338759349,0.4094039027376686,0.06417930043428677,3.7066302303783176e-05,17.490810818400636,33.91431941778124,nan,nan,nan
115.3,179.70713806152344,-209.88442993164062,-18.96357536315918,180.96471047933906,-210.14359998587986,-18.968077353478858,1.2840084777686787,0.4093403148442546,0.06417449427191918,3.6263746493895664e-05,16.417286525138135,33.51635145474085,9.055087504120188,0.05795250123568071,nan
115.31,179.71168518066406,-209.89305114746094,-18.964990615844727,180.9695290458869,-210.15238943198275,-18.969636842483183,1.284308811197457,0.4093888869949884,0.0641940230767491,3.699154184276113e-05,16.388695513931822,33.365140645458844,nan,nan,nan
115.32000000000001,179.71615600585938,-209.9016876220703,-18.96637725830078,180.97426749811186,-210.16118475151816,-18.97186716705125,1.2846063312266254,0.4094375459103064,0.06421361521843165,3.621547221154496e-05,16.585441500356335,32.78909775345411,nan,0.3212565213960319,nan
115.33,179.7205352783203,-209.91030883789062,-18.967737197875977,180.97891056544353,-210.16997321159897,-18.973378941580258,1.2848991320285832,0.4094862920849306,0.06423327109814092,3.694214431101458e-05,16.561723180900582,33.49446565904586,nan,nan,nan
115.34,179.72482299804688,-209.91893005371094,-18.96906852722168,180.98347920274458,-210.1787725098314,-18.976093774391288,1.28521706249354,0.4095351253219644,0.06425299061236615,3.616892317800263e-05,17.011995048881136,33.92485640346178,nan,0.9982352094026021,nan
115.35000000000001,179.72903442382812,-209.92755126953125,-18.970375061035156,180.97419834509344,-210.19186855206686,-18.97767510911122,1.272929733869762,0.4094714580007909,0.0642481229121565,3.687125508265613e-05,15.993984304454223,34.024155098264806,10.942169369806543,nan,nan
115.36,179.733154296875,-209.93617248535156,-18.971654891967773,180.9785283525788,-210.2006660874569,-18.976914807772477,1.2731618400223301,0.4095200834579163,0.06426784865818964,3.61017696738441e-05,15.262530668980993,33.153396638257846,nan,3.2329491254985117,nan
115.37,179.73719787597656,-209.94479370117188,-18.972909927368164,180.98279804446065,-210.20948245564105,-18.97831622016443,1.2734241808886122,0.409568796065703,0.06428763833972688,3.682549188547291e-05,15.237341038982754,33.13482625640553,nan,nan,nan
115.38,179.7411651611328,-209.9534149169922,-18.974138259887695,180.98698890738487,-210.2183007456222,-18.97995063077326,1.2736856333451478,0.4096175956615312,0.06430749188665737,3.60586934348141e-05,15.328064274673208,33.33421667655346,nan,0.043922307661924016,nan
115.39,179.7450408935547,-209.9620361328125,-18.975343704223633,180.9910971665323,-210.2271168599218,-18.981306923115888,1.2739543113044702,0.4096664826888649,0.06432740965033798,3.678149708563253e-05,15.306197856795874,33.03356028269008,nan,nan,nan
115.4,179.74884033203125,-209.9706573486328,-18.976524353027344,180.98095245327625,-210.22849517771246,-18.983767164741437,1.258822101706541,0.4096027355607942,0.0643224764000091,3.599515169133893e-05,15.887320848393149,33.212531743598696,2.417559993546706,0.7736108827287321,nan
115.41,179.75257873535156,-209.97927856445312,-18.977680206298828,180.98488404414965,-210.23729512765703,-18.98508911458482,1.2590487730431663,0.4096514145141783,0.06434239960387145,3.6716197710088094e-05,15.872686111298165,33.46220168648422,nan,nan,nan
115.42,179.7562255859375,-209.98789978027344,-18.97881507873535,180.98873871738402,-210.24609383312284,-18.986184217595518,1.259288327716277,0.4097001803793524,0.06436238689853578,3.595547391602281e-05,15.836604366181078,33.04494150424838,nan,0.02797297137612558,nan
115.43,179.7598114013672,-209.99652099609375,-18.97992706298828,180.9925219861196,-210.2548941784788,-18.98746011471511,1.2595192868728766,0.40974903356882514,0.06438243860632754,3.667573312908138e-05,15.82185803172249,33.16928069996859,nan,nan,nan
115.44,179.76332092285156,-210.00514221191406,-18.981016159057617,180.996208405572,-210.26367456114718,-18.986027015843174,1.2597125185273177,0.40979797396629464,0.06440255470048203,3.591744620162505e-05,14.922391874422733,32.20054773303927,nan,4.838180719045667,nan
115.45,179.76675415039062,-210.01376342773438,-18.982084274291992,180.9887033851361,-210.26703751315418,-18.98721444695593,1.2479318945005895,0.4097341472537119,0.06439755230291874,3.6614077987045795e-05,14.967141887689326,31.811591955622962,1.3088921527181767,nan,nan
115.46000000000001,179.77012634277344,-210.0223846435547,-18.983129501342773,180.99226627896766,-210.27583416498797,-18.98944412137952,1.2481596684646528,0.40978287929724666,0.06441767304269545,3.585908258958259e-05,15.309211417475588,32.32624915632847,nan,0.7315757938423829,nan
115.47,179.7734375,-210.03102111816406,-18.984155654907227,180.9957518406453,-210.2846236742806,-18.99062063706229,1.2483622870826754,0.4098316985585711,0.0644378583898624,3.657704337466838e-05,15.290206905007075,31.440487690944153,nan,nan,nan
115.48,179.77667236328125,-210.03964233398438,-18.98516082763672,180.99918128026218,-210.2934218057718,-18.99298005053164,1.248596497129984,0.409880604949235,0.06445810834274766,3.582432366437599e-05,15.803589545846604,32.66275061372732,nan,0.9739657726132088,nan
115.49000000000001,179.77984619140625,-210.0482635498047,-18.98614501953125,181.00253504452988,-210.30221192767917,-18.994129411456573,1.248808055984694,0.40992959884007213,0.06447842318620774,3.654166917282218e-05,15.790929083476957,32.71979505645616,nan,nan,nan
115.5,179.7830810546875,-210.056884765625,-18.987218856811523,181.00088880304097,-210.30502856856918,-18.99640312847488,1.2428658051999522,0.4098656922266267,0.06447334768353608,3.576930913749445e-05,16.74661453109358,32.961773138603306,2.198358295972356,0.9442094480093015,nan
115.51,179.786376953125,-210.06552124023438,-18.988378524780273,181.00429950376645,-210.31380092525774,-18.997685637651234,1.243006340975886,0.40991447746795523,0.06449366634790399,3.6485199488163964e-05,16.711126593792624,32.093564449158116,nan,nan,nan
115.52,179.78973388671875,-210.0741424560547,-18.989622116088867,181.00776735264796,-210.32257037856502,-18.998510350510262,1.2431415677699191,0.40996334975825605,0.06451404983223087,3.573770731538693e-05,16.494746788241457,32.815661614601964,nan,0.20098795039859085,nan
115.53,179.7931671142578,-210.082763671875,-18.99095344543457,181.0113006181978,-210.33134371380402,-18.99996081949824,1.2432708487912243,0.41001230944341416,0.06453449839983962,3.645309234051137e-05,16.456611231197883,32.907836009972634,nan,nan,nan
115.54,179.79664611816406,-210.0913848876953,-18.992366790771484,181.014888111149,-210.34011275600068,-19.0007518334038,1.2434023543823491,0.41006135647233344,0.06455501208124967,3.570763126077581e-05,16.14755115807947,32.42879048608393,nan,0.37598567691999035,nan
115.55,179.80018615722656,-210.1000213623047,-18.993864059448242,181.02557929646918,-210.3463606977355,-19.00223774285351,1.2499366113756036,0.4099973700968483,0.06454985979928683,3.6399950469206875e-05,16.635885179485133,31.417811548432805,3.436295754789991,nan,nan
115.56,179.80377197265625,-210.108642578125,-18.995441436767578,181.02931737353623,-210.35512681888065,-19.00515057242301,1.250124104988835,0.4100462081917806,0.06457037647079744,3.565735312269043e-05,17.30173223938986,32.81036771880305,nan,1.0099773586200176,nan
115.57000000000001,179.80743408203125,-210.1172637939453,-18.997100830078125,181.03310410995226,-210.36388599133338,-19.006938960687467,1.2502744956217808,0.4100951335767889,0.06459095841590339,3.637097980394955e-05,17.267079725584814,32.98505835278364,nan,nan,nan
115.58,179.81114196777344,-210.1259002685547,-18.99884033203125,181.03693381706813,-210.37263447934697,-19.006888088894218,1.250403212952975,0.410144146223039,0.0646116056834801,3.563025955809959e-05,16.373780298115495,31.045775645151274,nan,2.5115891917367112,nan
115.59,179.81491088867188,-210.134521484375,-19.00065803527832,181.04083479089223,-210.38139354932295,-19.008819323104476,1.250560609129297,0.41019324644308675,0.06463231850940936,3.6343521263062134e-05,16.337417389627383,31.923646857330443,nan,nan,nan
115.60000000000001,179.81874084472656,-210.14315795898438,-19.00255584716797,181.0845529881738,-210.4052113870477,-19.01055046819338,1.2926779551085412,0.4101291800386679,0.06462708553431808,3.558300061435397e-05,16.537098676548077,31.68350781343743,14.030352192625797,0.059324945926927615,nan
115.61,179.82261657714844,-210.1517791748047,-19.004528045654297,181.0886319596506,-210.41399482345327,-19.012636941235034,1.2929105728223536,0.4101780710275858,0.0646478004935317,3.6295054583438244e-05,16.502275769174716,32.46707219268608,nan,nan,nan
115.62,179.82655334472656,-210.160400390625,-19.00657844543457,181.09276103855416,-210.4227749623048,-19.014169446075485,1.2931279762896972,0.41022704919368663,0.06466858097908802,3.5558755528151056e-05,16.260791252969188,32.222206115749856,nan,0.2727786474153334,nan
115.63,179.83053588867188,-210.16903686523438,-19.008703231811523,181.0969486649999,-210.43155830289047,-19.016404273985074,1.2933592429508651,0.4102761148297556,0.0646894272113573,3.627053438073163e-05,16.22709560722384,31.252002003341413,nan,nan,nan
115.64,179.83457946777344,-210.1776580810547,-19.01090431213379,181.09999045346686,-210.44191488954004,-19.017712979259656,1.2927269555062635,0.4098694314608139,0.06391184748594728,3.553574773649002e-05,20.176347306556874,36.04225771847106,nan,0.6862744302171834,0.003119408821660065
115.65,179.8386688232422,-210.186279296875,-19.0131778717041,181.0968035072752,-210.45075294396364,-19.02020085868509,1.2856510084456734,0.40980513753960546,0.06390718955591437,3.6224890845824386e-05,19.756553292793654,35.99578657197169,2.423583638823169,nan,nan
115.66,179.8428192138672,-210.1949005126953,-19.01546859741211,181.10113170242388,-210.4595277469549,-19.021203315627933,1.2858502163792813,0.40985304965512326,0.0639247000604127,3.549271148810371e-05,19.251887820010005,35.58230198597682,nan,1.3874281349090434,nan
115.67,179.84701538085938,-210.2035369873047,-19.017744064331055,181.10551122893463,-210.46832177420396,-19.0236159840561,1.2860626977084777,0.4099010479065368,0.06394226949859522,3.6203166874877596e-05,19.210660764457288,34.622507209596506,nan,nan,nan
115.68,179.8512725830078,-210.212158203125,-19.019990921020508,181.10994236375834,-210.47708427590308,-19.023667634873757,1.2862538471223113,0.40994913243820597,0.0639598974828513,3.547249158947247e-05,18.57006227246967,34.9132068199757,nan,3.762459706147706,nan
115.69,179.85556030273438,-210.2207794189453,-19.022201538085938,181.1144232147529,-210.48587758213736,-19.026003966722232,1.286478653475085,0.40999730339483575,0.06397758467586931,3.618278404338911e-05,18.52071175709763,34.54899252528191,nan,nan,nan
115.7,179.8599090576172,-210.22940063476562,-19.024370193481445,181.10840138668124,-210.48674049280254,-19.02780639871983,1.2747426037332692,0.40993295045514005,0.06397290575522316,3.543210996327302e-05,18.856155965129556,34.3044464574088,3.4545328966972937,0.1558340391508564,nan
115.71000000000001,179.8643035888672,-210.23802185058594,-19.026498794555664,181.112968755579,-210.49550960599024,-19.030060733736125,1.2749420889410303,0.4099809156495396,0.06399060495666735,3.6141392667320695e-05,18.80652281357963,34.147224513937864,nan,nan,nan
115.72,179.86874389648438,-210.2466583251953,-19.02858543395996,181.1175847005844,-210.5042782276564,-19.032274667680877,1.2751411602542997,0.410028967041292,0.06400836322543847,3.686500779330675e-05,18.75969784416587,33.19635295148915,nan,nan,nan
115.73,179.8732452392578,-210.25527954101562,-19.03063201904297,181.12224865691059,-210.51304639866603,-19.034448246950333,1.2753304880722935,0.41007710477489745,0.06402618070603672,3.7603099841431196e-05,18.71038348716164,34.11481355857836,nan,nan,nan
115.74000000000001,179.87777709960938,-210.26390075683594,-19.032636642456055,181.12696072113354,-210.52180143289317,-19.035541034918918,1.2755316203413347,0.41012532899437454,0.06404405730513477,3.678799821025957e-05,18.4862146222412,33.68668436724992,nan,0.691225501502678,nan
115.75,179.8823699951172,-210.27252197265625,-19.034603118896484,181.09197626785567,-210.51836960953375,-19.03760365239096,1.234340876260601,0.4100609169873686,0.06403935447455755,3.750029012417112e-05,17.82426483023721,33.20965383327165,15.234438735801339,nan,nan
115.76,179.88699340820312,-210.28114318847656,-19.036529541015625,181.09671068305798,-210.5271211304652,-19.039387282620414,1.2344752730266784,0.4101089352184738,0.06405724256603947,3.6690830635933885e-05,17.740722296342767,32.8801919070175,nan,0.04397178023842968,nan
115.77,179.8916778564453,-210.28976440429688,-19.03841781616211,181.10149075018137,-210.53587542273428,-19.041392608623116,1.2345957721604648,0.4101570397084505,0.06407519034991396,3.742444394539039e-05,17.68802313698095,33.065890281341794,nan,nan,nan
115.78,179.89639282226562,-210.2983856201172,-19.040267944335938,181.10631745073024,-210.54460809918814,-19.041538629503034,1.2347245564926161,0.41020523060038594,0.06409319753748555,3.6619446555437474e-05,17.43018790150408,32.552804007716176,nan,2.1383191437012257,nan
115.79,179.9011688232422,-210.30699157714844,-19.042081832885742,181.11118758179023,-210.55336149207508,-19.043452843683767,1.2348463105543637,0.4102535080403625,0.06411126469362702,3.735144657428109e-05,17.3684653985483,33.592368954379936,nan,nan,nan
115.8,179.90597534179688,-210.31561279296875,-19.04385757446289,181.11794768851578,-210.55897972160287,-19.045017442024978,1.2361657560606119,0.41018903690055425,0.0641065340636441,3.652808818184508e-05,17.814707790998003,32.4396145030638,2.583604638178483,0.11071000878304445,nan
115.81,179.91082763671875,-210.32423400878906,-19.04560089111328,181.1229139054815,-210.56771686012482,-19.04685921698419,1.2363003701373783,0.41023710812359737,0.06412461214578757,3.725765768241138e-05,17.755934984107423,32.268077570152336,nan,nan,nan
115.82000000000001,179.9157257080078,-210.33285522460938,-19.04730796813965,181.12792276636938,-210.57646077208219,-19.049343584756105,1.236434193475324,0.4102852656640636,0.06414274991052184,3.646216324306623e-05,17.76281961788552,32.358548444324384,nan,0.2973137401938239,nan
115.83,179.92066955566406,-210.3414764404297,-19.048980712890625,181.1329750160993,-210.58519697002762,-19.051124594769664,1.2365633110270131,0.41033350966874255,0.06416094787316838,3.719032561470665e-05,17.708604722918615,32.353076248288914,nan,nan,nan
115.84,179.92564392089844,-210.35008239746094,-19.05061912536621,181.13806841668605,-210.59394518682592,-19.054037405110932,1.236710921217702,0.410381840279651,0.06417920581857939,3.639886530257026e-05,17.84088487301521,33.137822680504584,nan,0.8840851682073526,nan
115.85000000000001,179.9306640625,-210.35870361328125,-19.052227020263672,181.1557928007335,-210.61015222142532,-19.05572329960934,1.2506714403681256,0.4103173099300391,0.0641744443018332,3.710234887454276e-05,17.562283820951958,32.43870609643175,2.5349069496333505,nan,nan
115.86,179.93572998046875,-210.36732482910156,-19.053802490234375,181.16098902277767,-210.61889189349276,-19.056070057297124,1.2508200711959179,0.41036543409245574,0.06419271261127811,3.6315769483919515e-05,17.311296500993112,32.22658833553353,nan,1.1915113748183177,nan
115.87,179.9408416748047,-210.3759307861328,-19.05534553527832,181.16622472166912,-210.62764479488217,-19.057721648441998,1.250971302491472,0.41041364463469043,0.06421104134645983,3.7040482183893126e-05,17.25722484376646,33.114521506011116,nan,nan,nan
115.88,179.94593811035156,-210.38455200195312,-19.05685806274414,181.17148434171108,-210.63636761977125,-19.056411208685617,1.2511494196358746,0.4104619416980122,0.06422943033612069,3.6257662605810045e-05,17.049505734644633,31.742867230980693,nan,5.647838519249495,nan
115.89,179.9510040283203,-210.39315795898438,-19.058340072631836,181.17671620860494,-210.6451190006846,-19.05797415144655,1.2513412201837972,0.41051032543034965,0.06424788003042439,3.698123937118639e-05,16.985614853268864,32.81562125851665,nan,nan,nan
115.9,179.9559783935547,-210.4017791748047,-19.05979347229004,181.1498447772628,-210.64694436255212,-19.060155361880398,1.2187793247325902,0.4104457357750567,0.064243083771141,3.6179857304492086e-05,16.12167656387305,31.329910322166736,12.691697461216894,0.24539041176079368,nan
115.91,179.96087646484375,-210.41038513183594,-19.06121826171875,181.1548730059755,-210.65569645304788,-19.06166791415085,1.2189362521217626,0.41049391282507025,0.06426154322388035,3.6901478308381534e-05,16.06287932027979,32.286103101836304,nan,nan,nan
115.92,179.96566772460938,-210.41900634765625,-19.06261444091797,181.1598103024258,-210.66446663263167,-19.065114681824383,1.219111766352394,0.4105421763104487,0.06428006319692078,3.6126735138259755e-05,16.172780674572127,31.228044119864887,nan,2.548092283308226,nan
115.93,179.9703826904297,-210.4276123046875,-19.063982009887695,181.16465811633876,-210.6732179071973,-19.06659147023713,1.2192713866066944,0.4105905263798656,0.06429864410173017,3.684739001818651e-05,16.124580360940445,32.32715182182996,nan,nan,nan
115.94,179.97500610351562,-210.43621826171875,-19.065322875976562,181.16941507838465,-210.68195831255474,-19.06689320120321,1.2194275040993034,0.4106389631734554,0.06431728582454595,3.607600369482241e-05,15.948425310468682,32.115158095357074,nan,0.8755342579904848,nan
115.95,179.9795379638672,-210.44483947753906,-19.066635131835938,181.19947298265717,-210.69138846454408,-19.068215808114438,1.2446004787082523,0.4105743141097112,0.06431245156248103,3.677285446634096e-05,17.142776077697263,31.30485113821947,16.33023066754528,nan,nan
115.96000000000001,179.9839630126953,-210.4534454345703,-19.06792449951172,181.20410154615033,-210.70010976987743,-19.06867153892891,1.2448220327428914,0.41062254398421294,0.06433110243747811,3.6005641784918136e-05,17.03267605752456,31.6407681037111,nan,0.5761658701973695,nan
115.97,179.98831176757812,-210.46205139160156,-19.069185256958008,181.20863997714065,-210.70883917157875,-19.07002309475395,1.2450324692040422,0.4106708603571794,0.06434981446948504,3.6723690428716065e-05,16.978202462349334,31.88500432404497,nan,nan,nan
115.98,179.99258422851562,-210.47067260742188,-19.070423126220703,181.21309220370037,-210.71756087123816,-19.070465276535806,1.2452283060051423,0.4107192633680388,0.06436858757870771,3.595958071213542e-05,16.902524459946864,31.06507903863597,nan,0.5234600534816555,nan
115.99000000000001,179.99676513671875,-210.47927856445312,-19.07163429260254,181.21745745522054,-210.72629015916317,-19.07175983096032,1.2454334507031495,0.4107677531665455,0.06438742212613502,3.667688325963435e-05,16.844972732802262,31.82245141267769,nan,nan,nan
116.0,180.0008544921875,-210.48788452148438,-19.07282257080078,181.2117524319278,-210.73105033448292,-19.073061947850654,1.2350722611976723,0.41070304457003776,0.06438254604326933,3.5893926940009345e-05,16.774553612115955,31.428091014202696,1.12977280452622,0.007667208377275392,nan
116.01,180.00486755371094,-210.4965057373047,-19.07398796081543,181.21593457932087,-210.7397728687471,-19.074309536090006,1.2352580059123592,0.41075132721047997,0.06440138909877549,3.660965830337896e-05,16.720063015275727,30.625956813372365,nan,nan,nan
116.02,180.00880432128906,-210.50511169433594,-19.07512855529785,181.22003437277976,-210.7485044689602,-19.076672407828216,1.2354435089691869,0.4107996964019808,0.0644202934851831,3.5852308812644105e-05,16.72616508209018,31.58620182685441,nan,0.8701280294805772,nan
116.03,180.0126495361328,-210.5137176513672,-19.076248168945312,181.22405664317978,-210.7572271640431,-19.07788694396169,1.2356402176002157,0.41084815229493804,0.06443925953382623,3.656743138884567e-05,16.676396396935147,31.267590087690618,nan,nan,nan
116.04,180.0164337158203,-210.5223388671875,-19.077342987060547,181.22800139088906,-210.7659501684045,-19.079093243902467,1.2358178509598985,0.41089669502779314,0.06445828720902018,3.581281518614885e-05,16.632896364466855,30.761538558415523,nan,0.00012074826794634841,nan
116.05,180.0201416015625,-210.53094482421875,-19.078418731689453,181.26723644182093,-210.79275986409456,-19.08026365806342,1.2742825665674355,0.41083192677195535,0.06445336590597119,3.650480307205287e-05,16.304675866754526,32.07550347259621,13.930298240103806,nan,nan
116.06,180.0237579345703,-210.53956604003906,-19.079471588134766,181.27108262867063,-210.801532241889,-19.082536604168975,1.2745409282355,0.41088026210497564,0.06447240144039872,3.5753718685695606e-05,16.419948474450546,31.166482454496787,nan,0.8507078904309963,nan
116.07000000000001,180.02732849121094,-210.5481719970703,-19.080503463745117,181.27485751950167,-210.81029676934278,-19.08367862688907,1.274773765939625,0.4109286840526506,0.06449149885888693,3.6466912937556355e-05,16.376491365714894,32.3665798661233,nan,nan,nan
116.08,180.0308074951172,-210.55677795410156,-19.081514358520508,181.27856211149208,-210.81905585854943,-19.083979946362447,1.2750244550477547,0.41097719275285843,0.06451065815150582,3.571833248885753e-05,16.214234752131976,31.933802069489975,nan,0.45647096994505937,nan
116.09,180.0342254638672,-210.56539916992188,-19.08250617980957,181.28219520019525,-210.82782111864148,-19.085074712188554,1.2752648114486274,0.4110257883568655,0.06452987961127694,3.643109267398661e-05,16.170584329901246,31.131553881155867,nan,nan,nan
116.10000000000001,180.03770446777344,-210.57400512695312,-19.08358383178711,181.24694721879223,-210.8142756314289,-19.086990387635804,1.2328866739628945,0.4109609602912324,0.06452490929435144,3.5663337741018726e-05,16.89317094941863,31.45076810973016,20.700163196552747,0.489390036431673,nan
116.11,180.04122924804688,-210.58262634277344,-19.084749221801758,181.25057886051684,-210.8229875572597,-19.08821557001491,1.2330093325601779,0.41100934825143876,0.06454413793155966,3.6374832062809265e-05,16.84119740792011,30.371829867714904,nan,nan,nan
116.12,180.04483032226562,-210.59124755859375,-19.086000442504883,181.2542708902277,-210.83169343347842,-19.08856149999004,1.2331128355494994,0.41105782287627185,0.06456342868528542,3.563182496245596e-05,16.637348428251254,30.465561027924213,nan,0.6357946565903502,nan
116.13,180.04847717285156,-210.599853515625,-19.087337493896484,181.2580195960662,-210.84040620559938,-19.089950293484158,1.233233674909792,0.41110638431747076,0.06458278182633083,3.6342994099290115e-05,16.582543866962553,31.044947352911898,nan,nan,nan
116.14,180.05218505859375,-210.6084747314453,-19.088756561279297,181.261821577272,-210.8491358875156,-19.094012812631092,1.2333555560094565,0.411155032712181,0.06460219737785333,3.5602159212393936e-05,17.113883589100407,30.927606783861428,nan,4.569438935821452,nan
116.15,180.0559539794922,-210.61708068847656,-19.09025764465332,181.2558082110563,-210.85319380684592,-19.095603740171153,1.2228770021574835,0.4110901446880886,0.06459717453793831,3.6290694681944666e-05,17.136951677877754,31.679162564337126,0.9700614763130058,nan,nan
116.16,180.0597686767578,-210.62570190429688,-19.091842651367188,181.2597106909537,-210.8619015197218,-19.097910773916283,1.2229832042471667,0.41113858519241425,0.06461659657713789,3.555282107457333e-05,17.328924673135997,30.83439276330518,nan,0.27991673852531196,nan
116.17,180.0636444091797,-210.6343231201172,-19.093507766723633,181.26366976970735,-210.87060557423834,-19.099666715718616,1.2230814350188546,0.4111871124250581,0.06463608122134158,3.6262595346052506e-05,17.283011440847446,30.922840894659377,nan,nan,nan
116.18,180.0675811767578,-210.64292907714844,-19.095252990722656,181.2676847277058,-210.87930675361892,-19.10097225319481,1.223174414748285,0.4112357265227889,0.0646556285127549,3.552669118979676e-05,17.099576662283525,31.66026108359208,nan,0.19365175801745352,nan
116.19,180.07156372070312,-210.65155029296875,-19.097076416015625,181.27175309143976,-210.88801103818687,-19.102884749783207,1.2232750902390979,0.4112844276379349,0.06467523869381361,3.6236275731058466e-05,17.054148061643456,30.697810017765537,nan,nan,nan
116.2,180.0756072998047,-210.66017150878906,-19.09897804260254,181.2826977715422,-210.90139675076546,-19.104488141280534,1.2309700993580126,0.4112194794812104,0.06467015955195304,3.5480854437720005e-05,16.76234584775543,30.854823817270823,1.483672568430391,0.17376031059980276,nan
116.21000000000001,180.07969665527344,-210.6687774658203,-19.100955963134766,181.28688160418488,-210.91011350234822,-19.106555962945436,1.2310848644196766,0.41126797245719277,0.06468977550209651,3.618941018113914e-05,16.71619432743227,31.53659663441369,nan,nan,nan
116.22,180.08383178710938,-210.67739868164062,-19.103012084960938,181.2911200180707,-210.91882263535973,-19.107290456861126,1.231198076067863,0.411316552209302,0.0647094543312842,3.5458030762903914e-05,16.311109854280147,30.124927520855927,nan,1.3688608637038835,nan
116.23,180.08802795410156,-210.68601989746094,-19.10514259338379,181.2954076486408,-210.92753901890094,-19.10949858289577,1.2313066991823987,0.4113652188901462,0.06472919626575568,3.6166481307929776e-05,16.26455813729878,30.265038627008586,nan,nan,nan
116.24000000000001,180.09226989746094,-210.6946258544922,-19.10734748840332,181.29974882778063,-210.93624708439137,-19.110165768817645,1.2314195583181557,0.41141397263605073,0.06474900137186394,3.543677957949174e-05,15.907880530932427,30.654050663748713,nan,1.7996551070920817,nan
116.25,180.09657287597656,-210.7032470703125,-19.1096248626709,181.30609222852385,-210.94780382645143,-19.112449435644727,1.2339988044451649,0.41134896417749517,0.06474386233474291,3.612296153717234e-05,15.663616555822133,30.056629939099423,0.6717346948588048,nan,nan
116.26,180.1009063720703,-210.71185302734375,-19.111921310424805,181.31052994884783,-210.95653254990526,-19.115557186637897,1.2341274188076368,0.41139750953302884,0.06476367248091741,3.539572355926677e-05,15.760964239178373,30.544649345482796,nan,0.3575139459994885,nan
116.27,180.1053009033203,-210.72047424316406,-19.114200592041016,181.31501801001372,-210.96525744051482,-19.117954314473216,1.2342400019299398,0.41144614172800664,0.06478354594529433,3.61031891977916e-05,15.723840507387711,29.956922333340838,nan,nan,nan
116.28,180.1097412109375,-210.7290802001953,-19.116451263427734,181.3195576024886,-210.9739742617847,-19.11865678368176,1.2343555674873667,0.41149486089856924,0.0648034828078884,3.5377453284399975e-05,15.415894851814269,30.354336933426392,nan,1.9348998146308127,nan
116.29,180.11424255371094,-210.73770141601562,-19.11866569519043,181.324142586478,-210.9826985268662,-19.120983913540126,1.2344582000825925,0.411543667197625,0.06482348327457085,3.608491585556004e-05,15.37345683094984,29.656951557644668,nan,nan,nan
116.3,180.1187744140625,-210.74630737304688,-19.120840072631836,181.33518205588933,-210.99365428685456,-19.123415791221813,1.2413036216780977,0.41147859824184085,0.06481828057171486,3.533932647178249e-05,15.44852794977695,30.257504879935144,0.6602443964868365,0.002446736277990178,nan
116.31,180.12335205078125,-210.7549285888672,-19.12297248840332,181.33987256843773,-211.00238092979572,-19.125667974146708,1.2414354983460019,0.41152719589712533,0.06483828532405267,3.604593970349207e-05,15.409935090603476,29.379653255579314,nan,nan,nan
116.32000000000001,180.12799072265625,-210.76353454589844,-19.125062942504883,181.34461276276448,-211.01109905197828,-19.12593729048215,1.241554725991594,0.4115758804379842,0.06485835369655184,3.5323819815372815e-05,15.175550658797494,30.18414616722572,nan,2.614543263516186,nan
116.33,180.13265991210938,-210.77215576171875,-19.127111434936523,181.34939531466597,-211.0198247729362,-19.12808925798189,1.2416867298517353,0.4116246520174205,0.0648784858836794,3.60304940872247e-05,15.128573193179221,29.066125581973814,nan,nan,nan
116.34,180.1373748779297,-210.78076171875,-19.129121780395508,181.35422518122363,-211.0285449387266,-19.128883225192915,1.241821743100479,0.41167351077141046,0.06489868198247578,3.5309624502481775e-05,15.050390162849512,29.702575933372334,nan,1.2047564065622272,nan
116.35000000000001,180.1421356201172,-210.78936767578125,-19.13109016418457,181.37212633664765,-211.04662344280072,-19.130856582262773,1.2566056449723677,0.41160838113017933,0.06489341195844735,3.599428751263417e-05,14.654453168511374,29.971081926241013,3.895129226906455,nan,nan
116.36,180.14694213867188,-210.79798889160156,-19.133020401000977,181.37705766826753,-211.05537724940802,-19.134093551317914,1.2567553996455705,0.4116570309847576,0.06491361157625708,3.5275455851271725e-05,14.634435134728308,29.059719931059046,nan,1.0301964416723728,nan
116.37,180.15179443359375,-210.8065948486328,-19.134912490844727,181.3820348054393,-211.06412591440693,-19.136087110873117,1.256906918625898,0.41170576778739554,0.06493387521631636,3.59814517558994e-05,14.587610938471045,29.829466839855428,nan,nan,nan
116.38,180.1566925048828,-210.81520080566406,-19.13676643371582,181.38705455316818,-211.07287548135508,-19.138431452141727,1.2570559974161082,0.4117545916740584,0.06495420298508627,3.5263721335781326e-05,14.575520359974911,29.845169796192362,nan,0.10463189065727548,nan
116.39,180.16163635253906,-210.8238067626953,-19.138582229614258,181.39211768792387,-211.08162320836558,-19.140355372505375,1.2572019648505754,0.4118035027977867,0.06497459506297126,3.596985273112968e-05,14.532085745004528,29.85701557005095,nan,nan,nan
116.4,180.16661071777344,-210.83242797851562,-19.140363693237305,181.37133452910453,-211.0898894760845,-19.143727531953044,1.2319323032250693,0.41173831225692115,0.06496925395238207,3.523195351102307e-05,13.664220416727021,28.763706088772956,14.051076690543656,1.681639731868132,nan
116.41,180.171630859375,-210.84103393554688,-19.142107009887695,181.37642792180978,-211.09865537942238,-19.145594536482715,1.2320377156717741,0.4117870142234189,0.06498964876009898,3.593736741213258e-05,13.630075750892786,29.718587388476507,nan,nan,nan
116.42,180.17669677734375,-210.84963989257812,-19.143817901611328,181.38156397479273,-211.10741780754418,-19.146500410511347,1.2321370105579965,0.4118358031828765,0.06501010790916284,3.522248039998603e-05,13.44459859356366,29.47069135016872,nan,0.5989794273422905,nan
116.43,180.18179321289062,-210.85824584960938,-19.14549446105957,181.3867391989558,-211.11618258322744,-19.148290590938867,1.2322475425929877,0.41188467928826955,0.06503063157230417,3.592807713945467e-05,13.407311922518454,29.20727032654903,nan,nan,nan
116.44,180.1869354248047,-210.86685180664062,-19.147136688232422,181.39195337667837,-211.1249491495517,-19.150812899801895,1.2323538523034325,0.4119336426756405,0.06505121986745796,3.5214078175179904e-05,13.522930363853572,29.418860829081535,nan,0.40803847447051533,nan
116.45,180.19210815429688,-210.87545776367188,-19.148746490478516,181.3785475868494,-211.1230516336754,-19.15264152222187,1.2120051249277706,0.41186839102942524,0.06504580397178278,3.589783736264643e-05,13.759453130333847,28.93017363210398,4.822333111495918,nan,nan
116.46000000000001,180.1973419189453,-210.88406372070312,-19.15032386779785,181.38381209518943,-211.13179455953542,-19.156023175401728,1.2120703485080628,0.4119171449996839,0.06506639419411528,3.5185518668389924e-05,14.209219659093346,29.749836846871677,nan,1.9673718476212123,nan
116.47,180.2025909423828,-210.89266967773438,-19.151870727539062,181.3891183574417,-211.14053208041724,-19.157712410482787,1.2121539516949453,0.4119659860241573,0.06508704913240536,3.589065883987131e-05,14.187374206872216,29.162492361754126,nan,nan,nan
116.48,180.2078857421875,-210.90127563476562,-19.15338706970215,181.394468798441,-211.1492600786659,-19.15597314762776,1.2122220595268358,0.4120149142390196,0.06510776891074806,3.517910429132384e-05,13.377162204800907,28.421349719557305,nan,8.070474318833467,nan
116.49000000000001,180.2132110595703,-210.90988159179688,-19.154870986938477,181.39984485062243,-211.1579960952448,-19.157569043627223,1.212298577248126,0.41206392979706685,0.0651285536926661,3.58844792760865e-05,13.340755327459055,28.522027008725377,nan,nan,nan
116.5,180.21849060058594,-210.91847229003906,-19.156328201293945,181.41104487725283,-211.17018850676527,-19.160445105755226,1.2188370299026055,0.41199861681485916,0.06512305925062402,3.51524710793926e-05,13.517111451349896,29.454482774220388,0.6983765192045073,1.0667319481076785,nan
116.51,180.2237091064453,-210.9270782470703,-19.15775489807129,181.4163648347301,-211.178931477484,-19.161997259985345,1.2189650255503444,0.41204742269376704,0.06514384513688004,3.585722193438864e-05,13.490093103959651,28.79711808579096,nan,nan,nan
116.52,180.22882080078125,-210.93568420410156,-19.15915298461914,181.42160637398567,-211.18767198946196,-19.162657641559093,1.2191175292955543,0.41209631567093596,0.06516469606702475,3.5147866484402316e-05,13.292199690670945,28.19375195718521,nan,0.5227202645020044,nan
116.53,180.23385620117188,-210.94427490234375,-19.1605224609375,181.42675594524215,-211.19641404366925,-19.164146584134226,1.2192608745712428,0.4121452958989721,0.06518561219973534,3.58528860688597e-05,13.261910094626215,29.346279640121125,nan,nan,nan
116.54,180.23878479003906,-210.952880859375,-19.161865234375,181.431810481404,-211.20515616452306,-19.16576539271477,1.2194131133784847,0.4121943635143174,0.06520659366636468,3.514411763391189e-05,13.283348464215814,28.24380902211934,nan,0.017133344594513437,nan
116.55,180.24362182617188,-210.96148681640625,-19.16318130493164,181.43569463999745,-211.21268523733576,-19.167099174745413,1.2182584249014587,0.4121289889744617,0.06520101695271505,3.582741009713347e-05,13.325838773251215,28.182479127313336,0.5613322888767991,nan,nan
116.56,180.24835205078125,-210.97007751464844,-19.164472579956055,181.44055277317656,-211.22142711770297,-19.170787781754235,1.2184248303483192,0.41217784664673973,0.06522199868660603,3.5120027334704984e-05,13.987232638949305,29.375060869072335,nan,3.6400013289713082,nan
116.57000000000001,180.2530059814453,-210.9786834716797,-19.16573715209961,181.44532008326843,-211.23016452324867,-19.172195659933823,1.2185636417635106,0.4122267914769884,0.06524304581884105,3.582474433032307e-05,13.971081031652961,28.86235664255402,nan,nan,nan
116.58,180.25755310058594,-210.98728942871094,-19.166975021362305,181.44999096696046,-211.23890536269906,-19.17555542786696,1.2187256733064722,0.41227582360188847,0.06526415848449836,3.5117847847376016e-05,14.859041908522268,29.506075591823002,nan,2.739113127710969,nan
116.59,180.26202392578125,-210.99588012695312,-19.168190002441406,181.45457356068027,-211.2476428145609,-19.176934610879957,1.2188665024300338,0.4123249431737031,0.06528533683667802,3.582286774541869e-05,14.851219759530654,30.515994934482293,nan,nan,nan
116.60000000000001,180.2664031982422,-211.00448608398438,-19.16938018798828,181.48405836452585,-211.26920505635107,-19.178770490617158,1.2461333861556054,0.4122595068313086,0.06527967409526907,3.5095268533739626e-05,15.067549580831717,30.2363132254963,7.810784170705899,0.2920595504632334,nan
116.61,180.27069091796875,-211.01309204101562,-19.170547485351562,181.48850133238693,-211.27797020651073,-19.180106365381242,1.2463201916878572,0.41230841619403535,0.06530085185937745,3.5799727324313096e-05,15.063626099135638,30.096478480841306,nan,nan,nan
116.62,180.27488708496094,-211.0216827392578,-19.171689987182617,181.49285742814095,-211.28673592027195,-19.181800930706085,1.2465180210533213,0.4123574127582148,0.06532209535238173,3.509450334148971e-05,15.37969208771634,31.164630952435616,nan,0.10210534088828294,nan
116.63,180.2790069580078,-211.03028869628906,-19.17281150817871,181.49712975756933,-211.29550113992678,-19.18309577214745,1.246702274465419,0.4124064966758311,0.06534340472461232,3.5799288465213204e-05,15.377653136518482,30.33095421858333,nan,nan,nan
116.64,180.2830352783203,-211.03887939453125,-19.173908233642578,181.50132234196073,-211.3042640876247,-19.182453111379072,1.2468862898024906,0.41245566808396905,0.06536478011530544,3.509440644791725e-05,14.459529337871638,30.181974343094176,nan,2.5784389129677705,nan
116.65,180.28700256347656,-211.0474853515625,-19.174985885620117,181.49377366274769,-211.30871034779292,-19.183694232754597,1.2347513190928099,0.4123901697030375,0.06535902760825117,3.577752842144366e-05,14.39740387280306,29.433792390356256,1.1870541594065012,nan,nan
116.66,180.29087829589844,-211.05609130859375,-19.176040649414062,181.47934385848365,-211.31734242736428,-19.185916409065857,1.2168812888439562,0.40325744471909497,0.06537995670981005,3.507376747477453e-05,18.86055389498903,33.70296317455446,nan,0.716941534681807,0.03702434448243974
116.67,180.294677734375,-211.064697265625,-19.177074432373047,181.4832698678931,-211.32611334609044,-19.187119545525842,1.217041713042452,0.4033010510489188,0.06540147121185645,3.577835040375323e-05,18.839241786024196,33.69380990666169,nan,nan,nan
116.68,180.29852294921875,-211.0732879638672,-19.17819595336914,181.4872035097537,-211.3348836108311,-19.187165711847907,1.217158253503345,0.4033447428229931,0.06542304510076366,3.507487980103795e-05,18.2472194274334,33.78845821757268,nan,0.997230227128287,nan
116.69,180.3024444580078,-211.08189392089844,-19.179401397705078,181.49117377195438,-211.34365549980032,-19.18847859091766,1.2172423347311334,0.4033885208733362,0.06544467852344052,3.5779809555082825e-05,18.191536963624287,33.360882201194244,nan,nan,nan
116.7,180.306396484375,-211.0904998779297,-19.180694580078125,181.484170964547,-211.35142076723352,-19.19166218351906,1.2063800085150378,0.40331928130230355,0.06543881313270006,3.5055424877980355e-05,18.818717031434137,33.963432350140245,3.4847979715810835,2.121701665278215,nan
116.71000000000001,180.3104248046875,-211.09910583496094,-19.182071685791016,181.48822153664705,-211.36019860980664,-19.193166009800425,1.2064400784607763,0.4033628759436587,0.06546043938012744,3.5759833311826146e-05,18.76486393824058,34.37411420396264,nan,nan,nan
116.72,180.3144989013672,-211.1077117919922,-19.183530807495117,181.49233284244,-211.3689763448602,-19.19426120529858,1.206510298657012,0.4034065559712152,0.06548212526970904,3.5057613855443805e-05,18.54345087369174,34.030715402850966,nan,0.17124811863607822,nan
116.73,180.31861877441406,-211.11630249023438,-19.18507194519043,181.49648929540905,-211.37775455698198,-19.19592845207003,1.2065877552740303,0.40345032217967636,0.06550387094726501,3.576238459978769e-05,18.489873731194166,34.73248233800691,nan,nan,nan
116.74000000000001,180.32278442382812,-211.12490844726562,-19.186695098876953,181.50071457302704,-211.38653232273677,-19.19654895051565,1.2066745986389351,0.4034941740725703,0.0655256765561706,3.506031193118736e-05,17.90098409051742,33.13052809275124,nan,0.8976986005045073,nan
116.75,180.32701110839844,-211.13351440429688,-19.188398361206055,181.50956225338393,-211.39911089294645,-19.198417158280762,1.212051600215237,0.40342500402935144,0.06551972155105927,3.574345069404469e-05,17.693940364861536,33.43527418764593,0.79763919926151,nan,nan
116.76,180.33128356933594,-211.14212036132812,-19.190181732177734,181.51387211697437,-211.40789996188747,-19.200506046661143,1.212130793499039,0.40346867235116624,0.0655415193793819,3.5042338310955924e-05,17.86514989002199,33.49629622852369,nan,0.02459284265227664,nan
116.77,180.3356170654297,-211.15072631835938,-19.19204330444336,181.5182346663111,-211.4166890013075,-19.202489831988622,1.2122003417641818,0.4035124267578055,0.06556337724629278,3.57469687156468e-05,17.81357046880632,33.655212090880234,nan,nan,nan
116.78,180.33999633789062,-211.15933227539062,-19.19398307800293,181.5226407657203,-211.42547824256718,-19.204954543809123,1.2122713770368634,0.40355626679023027,0.06558529529581555,3.504594136790744e-05,18.133269265577717,33.90299737096833,nan,0.11363312211187501,nan
116.79,180.3444061279297,-211.1679229736328,-19.19599723815918,181.52710150450847,-211.43426741359534,-19.207099967413043,1.2123658627149858,0.4036001931872717,0.06560727367281091,3.5750944316850235e-05,18.08386946232095,34.437877294130146,nan,nan,nan
116.8,180.34889221191406,-211.17652893066406,-19.198089599609375,181.52472445313788,-211.43485116336723,-19.20891757262563,1.2039223730830033,0.4035310914500305,0.0656012260760949,3.502882880437054e-05,18.53027780288634,33.59871350717254,4.808801948557102,0.16953756679109755,nan
116.81,180.35340881347656,-211.1851348876953,-19.20025634765625,181.52928393071093,-211.44361495759637,-19.211213184750598,1.2039992899275762,0.4035748340887471,0.0656231960487384,3.573333291804532e-05,18.482028185762516,33.19917997467784,nan,nan,nan
116.82000000000001,180.35797119140625,-211.19374084472656,-19.202495574951172,181.53390824349833,-211.4523781285721,-19.212333202018115,1.2040838733179329,0.40361866229380344,0.06564522645134802,3.503322737667888e-05,17.824407636654136,32.5305408991331,nan,1.1029494062446765,nan
116.83,180.36257934570312,-211.2023468017578,-19.204809188842773,181.5385617342692,-211.46114104936225,-19.214766433812184,1.204162857564577,0.403662576766912,0.06566731742849115,3.5738113712677406e-05,17.776094088112416,32.40312606752719,nan,nan,nan
116.84,180.3672332763672,-211.2109375,-19.207136154174805,181.5432529246489,-211.46990356477374,-19.21785189928155,1.2042426927501897,0.40370657710443364,0.0656894691246299,3.50380032145451e-05,18.217578320931796,33.65586319433789,nan,0.26022914907922673,nan
116.85000000000001,180.3719482421875,-211.21954345703125,-19.209447860717773,181.5443711409173,-211.47303507050717,-19.22022994465042,1.1995622972161646,0.403637543601409,0.06568332594242493,3.572126661301831e-05,18.61800886484133,32.76113052553176,2.9915730726259517,nan,nan
116.86,180.37669372558594,-211.2281494140625,-19.211727142333984,181.54919715724003,-211.48177903950324,-19.220395042735205,1.199653040107513,0.4036813600059873,0.06570546859278019,3.502197185197675e-05,17.44981454472569,31.327168541750705,nan,3.710068371432497,nan
116.87,180.38148498535156,-211.23675537109375,-19.21396827697754,181.5540365459835,-211.49052245610133,-19.22279753753873,1.199730324537857,0.40372526258168,0.06572767206108138,3.572674971700654e-05,17.427722959063555,31.29269640464859,nan,nan,nan
116.88,180.38632202148438,-211.24534606933594,-19.216169357299805,181.55893529512753,-211.49926545009714,-19.224004081774474,1.199815954368775,0.403769250961248,0.06574993649180765,3.502740379599245e-05,16.93781318628559,31.59470884489463,nan,0.9447676605869493,nan
116.89,180.3911895751953,-211.2539520263672,-19.21832847595215,181.56386207106667,-211.50800789028608,-19.226316279047715,1.199903733456571,0.40381332579203544,0.06577226202949961,3.573256678802647e-05,16.91337274827321,30.47905219363572,nan,nan,nan
116.9,180.3961181640625,-211.26254272460938,-19.22044563293457,181.55462282784657,-211.51501841549364,-19.228028819431227,1.1857211034701107,0.4037443592988269,0.06576602025152767,3.5011993547197044e-05,16.218837067423493,31.41359551569116,4.562720591504536,0.23373244690836523,nan
116.91,180.4010772705078,-211.27114868164062,-19.22252082824707,181.55960110077856,-211.52376451918278,-19.230253519318445,1.185770644430677,0.4037882499976116,0.06578833608442843,3.57166678770227e-05,16.19290345634585,30.284025908969753,nan,nan,nan
116.92,180.4060821533203,-211.2797393798828,-19.22455406188965,181.56460743012533,-211.5325098865658,-19.23350430634246,1.1858135827020602,0.40383222643865563,0.06581071311934371,3.5017992830715326e-05,16.747130637069304,31.734257341865575,nan,0.8024118075844364,nan
116.93,180.4111328125,-211.28834533691406,-19.22654914855957,181.56966868920884,-211.54125523385105,-19.235659354922205,1.1858548770613395,0.4038762892339375,0.0658331515010095,3.572305790595486e-05,16.725363209138433,30.87985491806803,nan,nan,nan
116.94,180.4162139892578,-211.29693603515625,-19.22850227355957,181.574787830902,-211.55000060858956,-19.236414636056537,1.1859163673503545,0.40392043806904,0.06585565137362025,3.502426300587489e-05,16.131174182679253,30.919952927797265,nan,1.3056787483188306,nan
116.95,180.4213409423828,-211.3055419921875,-19.230417251586914,181.58177981955518,-211.5536702792571,-19.23842017067485,1.1866971312053816,0.40385153833154064,0.06584930797557487,3.570770037613703e-05,16.75539000559624,29.925461486653116,4.818082136030819,nan,nan
116.96000000000001,180.426513671875,-211.3141326904297,-19.2322940826416,181.58697702995602,-211.5623944306791,-19.240686301481897,1.186751670088312,0.40389550284747294,0.06587179746700185,3.50096128602762e-05,16.915334146777344,30.972414498692203,nan,0.04094254903607161,nan
116.97,180.4317169189453,-211.32273864746094,-19.234132766723633,181.5922165559353,-211.57111827646338,-19.242677183117763,1.1868128978945198,0.40393955362053574,0.06589434854127847,3.57145809387278e-05,16.892086624532997,29.962415392947637,nan,nan,nan
116.98,180.43695068359375,-211.33132934570312,-19.235937118530273,181.59748635181253,-211.5798412518327,-19.24534364965008,1.186882339376522,0.4039836903703599,0.06591696134224949,3.501634033064372e-05,17.31809204525694,30.926681430724063,nan,0.3572419977873044,nan
116.99000000000001,180.44224548339844,-211.3399200439453,-19.237703323364258,181.60280317851033,-211.58856401403364,-19.24727015387268,1.186932816881682,0.4040279136580398,0.06593963601516653,3.572169706771317e-05,17.29580642464742,31.34893412373299,nan,nan,nan
117.0,180.4475555419922,-211.34852600097656,-19.23943519592285,181.60315562361745,-211.58727833478588,-19.24944091960991,1.1800484481826239,0.4039590794507781,0.06593318795952453,3.500212143875745e-05,18.436824902581463,30.14812611760553,8.277986297505388,0.035397798350508165,nan
117.01,180.45291137695312,-211.35711669921875,-19.241130828857422,181.60855917885638,-211.59596789687646,-19.251302146751964,1.1801166011772155,0.4040031182090586,0.06595585155802751,3.570699135493738e-05,18.41796833761296,31.037639471507468,nan,nan,nan
117.02,180.45831298828125,-211.36570739746094,-19.242794036865234,181.61400621685235,-211.60465698285032,-19.252571531082648,1.1801776740457388,0.4040472428797747,0.0659785771151902,3.500923594249391e-05,18.195204656331033,30.87987456717402,nan,0.22022801548401896,nan
117.03,180.4637451171875,-211.37429809570312,-19.24442481994629,181.61948340567264,-211.6133449024452,-19.254361385881218,1.1802428151133635,0.40409145399149904,0.06600136477672207,3.5714497464335266e-05,18.173596001142535,30.678537393399257,nan,nan,nan
117.04,180.46920776367188,-211.3828887939453,-19.246023178100586,181.6250167271353,-211.62203357052726,-19.25437734945622,1.1803196077198088,0.40413575131246693,0.06602421468579381,3.5016537819557374e-05,17.347204866885996,29.723631720702897,nan,2.1409534977802513,nan
117.05,180.47471618652344,-211.3914794921875,-19.247587203979492,181.62981830063424,-211.64043251044046,-19.256099944284088,1.1816560269672394,0.4040669822104421,0.06601765892573253,3.5700159202542846e-05,16.253653931988477,30.15285150326395,12.566085267840029,nan,nan
117.06,180.48025512695312,-211.4000701904297,-19.249122619628906,181.63537966662346,-211.64915433526747,-19.25759690666511,1.1817053045911887,0.4041110948023995,0.06604049705018944,3.5002828262351e-05,16.220450382709622,29.911906730901002,nan,0.023463518031356222,nan
117.07000000000001,180.48582458496094,-211.40866088867188,-19.250625610351562,181.64097393085888,-211.65787544492738,-19.259244458233223,1.1817580932309601,0.404155293738553,0.06606339750773313,3.5707990862876404e-05,16.194655755623266,29.805950033664406,nan,nan,nan
117.08,180.49142456054688,-211.41725158691406,-19.252099990844727,181.64659834263597,-211.66659603469697,-19.260870350265872,1.1818104922831567,0.4041995788179586,0.06608636044100957,3.501043299231806e-05,16.257150643672052,29.881450946434335,nan,4.189487066356194e-05,nan
117.09,180.49697875976562,-211.42584228515625,-19.253543853759766,181.65221439823264,-211.67531588856,-19.26245991485943,1.1818992999934816,0.4042439505231057,0.0661093859965035,3.571598195014761e-05,16.233751290219164,29.761331223765076,nan,nan,nan
117.10000000000001,180.50245666503906,-211.43443298339844,-19.254961013793945,181.657766479998,-211.6810218473938,-19.263411452290057,1.1813628766377238,0.4041752452985137,0.06610271947351347,3.4997008674282535e-05,16.337909843669706,29.3822921102023,1.5226311847817848,0.3557776820608054,nan
117.11,180.50784301757812,-211.44302368164062,-19.25634765625,181.66324633769136,-211.68972973034178,-19.264940584141506,1.1814798115093534,0.4042194320537975,0.06612573251800728,3.5702067420884615e-05,16.315307804444,29.381744083585748,nan,nan,nan
117.12,180.5131378173828,-211.4516143798828,-19.257707595825195,181.6686411013,-211.69843811605986,-19.26547832750001,1.181596454020826,0.4042637048849672,0.06614880826268922,3.500486202676706e-05,15.921891855102576,29.06911044347202,nan,0.656532982477127,nan
117.13,180.51832580566406,-211.46018981933594,-19.25904083251953,181.67392601970425,-211.70714525759703,-19.26694435183423,1.181719640521399,0.40430806424550947,0.06617194685460366,3.571030847387171e-05,15.894803173412011,29.696220327621774,nan,nan,nan
117.14,180.52340698242188,-211.46878051757812,-19.260345458984375,181.67911739854088,-211.71585287697047,-19.26764539848994,1.1818479622262985,0.4043525099778496,0.06619514843557033,3.50128391069957e-05,15.61836290917935,28.533759574249085,nan,0.3854527788649855,nan
117.15,180.5283966064453,-211.4773712158203,-19.261627197265625,181.71694989778618,-211.7458596217765,-19.268965340094947,1.218523204059031,0.4042838680484307,0.06618836808762482,3.5696629697311504e-05,14.904903871736522,29.033903087147056,15.593513138791646,nan,nan
117.16,180.5332794189453,-211.4859619140625,-19.262880325317383,181.72193427878926,-211.7546135787698,-19.273814598515976,1.21868521411849,0.4043281286190671,0.0662115564147497,3.499973406559604e-05,16.76368927593656,30.814028467537575,nan,8.494067331142539,nan
117.17,180.53807067871094,-211.49453735351562,-19.264110565185547,181.72685531014315,-211.76337113213947,-19.275206043894038,1.2188533997599413,0.4043724756228303,0.06623480781041104,3.570507164001423e-05,16.7453737330257,31.66391772048578,nan,nan,nan
117.18,180.5427703857422,-211.5031280517578,-19.265316009521484,181.7316830976295,-211.7721290059745,-19.276283476969624,1.219014042248486,0.40441690892924637,0.06625812241586172,3.500789768112925e-05,16.684596115499613,30.81702603316823,nan,0.05949499830434165,nan
117.19,180.54737854003906,-211.51171875,-19.266496658325195,181.73641369797818,-211.78088671330104,-19.277625107384207,1.2191717851317716,0.40446142895126264,0.06628150037898489,3.571361592976584e-05,16.66760505317212,30.837020247290585,nan,nan,nan
117.2,180.5518798828125,-211.52029418945312,-19.267654418945312,181.74823506287993,-211.79451332448616,-19.279304139436327,1.2274353615893399,0.4043928490838767,0.06627460313311931,3.499496912034107e-05,16.89264403395651,31.905024866229557,0.8841134627472548,0.11575234135620001,nan
117.21000000000001,180.55630493164062,-211.5288848876953,-19.268789291381836,181.7527895420163,-211.80328319691395,-19.28060404033118,1.2276031293787988,0.40443718371317505,0.06629796708397147,3.5700190867351384e-05,16.876259151529208,31.263853140646717,nan,nan,nan
117.22,180.56063842773438,-211.5374755859375,-19.269901275634766,181.7572556637388,-211.8120534068559,-19.281810284131613,1.2277734374576295,0.40448160457456456,0.0663213944616523,3.500327852058004e-05,16.97005213781646,31.28641462251144,nan,0.0036356185276940458,nan
117.23,180.56488037109375,-211.5460662841797,-19.2709903717041,181.76163394379336,-211.82082385237808,-19.283066049628687,1.227948149169543,0.4045261120558348,0.06634488541459817,3.5708881471674634e-05,16.95437073356487,31.189875323429423,nan,nan,nan
117.24000000000001,180.5690460205078,-211.55465698242188,-19.272058486938477,181.76592024114294,-211.82959374120236,-19.28502442757136,1.2281149119549637,0.4045707060641511,0.06636844008324345,3.501166476775612e-05,17.624659744303624,31.97884726521118,nan,0.36958154366801915,nan
117.25,180.5731201171875,-211.563232421875,-19.27310562133789,181.7393811443918,-211.8229836096414,-19.286172488244144,1.1949084509419379,0.4045021875341184,0.06636142286906722,3.569559582098844e-05,17.716965472428704,32.17652320293429,9.032290396767126,nan,nan
117.26,180.57711791992188,-211.5718231201172,-19.274131774902344,181.74346222422906,-211.83172316025082,-19.287544572121696,1.1950259286645324,0.4045465959259522,0.06638496275113977,3.4998916310807436e-05,18.02625811403455,31.726919602896103,nan,0.02100550038027484,nan
117.27,180.5811767578125,-211.58041381835938,-19.275243759155273,181.7475308869856,-211.84046322683523,-19.28878015702309,1.1950694053296729,0.4045910908420986,0.06640856642236506,3.57043963831372e-05,17.967247041362178,31.865721148053513,nan,nan,nan
117.28,180.5852813720703,-211.58900451660156,-19.276443481445312,181.75166018660326,-211.84920493362992,-19.289182850960607,1.1951176040660865,0.40463567221292573,0.06643223402265519,3.5007404576654613e-05,17.420946845786712,31.168147030590582,nan,0.5983981100781575,nan
117.29,180.5894317626953,-211.59759521484375,-19.277729034423828,181.7558337487117,-211.85794589421423,-19.290583872696228,1.1951741781425156,0.40468034039150036,0.06645596570122071,3.571325805281182e-05,17.362293189727524,30.990434962989763,nan,nan,nan
117.3,180.59364318847656,-211.60618591308594,-19.279096603393555,181.77351221397157,-211.87428151005776,-19.292278646578474,1.2100165010034973,0.4046118819564483,0.06644882543796542,3.499475458790506e-05,17.53209615831366,31.690491245249653,2.1391049912242983,0.05504699804241119,nan
117.31,180.597900390625,-211.61477661132812,-19.280550003051758,181.77780603141846,-211.88303997608568,-19.293851513916835,1.210090692567535,0.404656364277759,0.06647254154063188,3.570010405361e-05,17.473216278429287,31.484588200262323,nan,nan,nan
117.32000000000001,180.60220336914062,-211.6233673095703,-19.28208351135254,181.78216033322917,-211.89180023974282,-19.29428825911831,1.2101667781632763,0.4047009329799778,0.06649632178206573,3.500331512619823e-05,16.72370634230753,30.677060114323737,nan,1.0507002605335856,nan
117.33,180.6065673828125,-211.6319580078125,-19.28369903564453,181.78655450263955,-211.90055904389126,-19.296015751098853,1.210234614039731,0.4047455883949071,0.06652016631195674,3.5709038271194786e-05,16.66726137169706,30.833902770057,nan,nan,nan
117.34,180.6109619140625,-211.6405487060547,-19.285396575927734,181.79100053617904,-211.90931850027263,-19.297490192817204,1.2103200434348476,0.4047903304847452,0.0665440752695063,3.5011919359604695e-05,16.548072992574895,30.32899006334095,nan,0.07920216906720756,nan
117.35000000000001,180.61541748046875,-211.64913940429688,-19.287172317504883,181.77535560482488,-211.91257464317417,-19.299448507209423,1.189539945630586,0.40472193129281625,0.066536808884879,3.569595609276485e-05,16.22992300492328,30.504706365418798,4.8807403852203155,nan,nan
117.36,180.6199188232422,-211.65773010253906,-19.289026260375977,181.77985877666165,-211.92132897718417,-19.301150617949848,1.189576421378427,0.40476648729007714,0.0665607014619607,3.4999351720387056e-05,16.159766067100563,30.381447177736902,nan,0.050077986479462946,nan
117.37,180.6244659423828,-211.66632080078125,-19.290958404541016,181.7844073317636,-211.9300830033247,-19.303195347763765,1.189615176882264,0.4048111299051462,0.06658465853399233,3.570493672970018e-05,16.105543732223797,30.275798888409298,nan,nan,nan
117.38,180.62905883789062,-211.67491149902344,-19.292966842651367,181.7890043106349,-211.93883729767484,-19.30510730621895,1.1896544531036624,0.40485585911958943,0.06660868023974835,3.500799920689749e-05,16.07409419949084,30.210553680683986,nan,0.03141658067106086,nan
117.39,180.6337127685547,-211.68350219726562,-19.2950496673584,181.79364594022775,-211.94759111650012,-19.307305369699378,1.189679840230068,0.40490067523621404,0.0666327667295529,3.571395001257751e-05,16.02147765241815,30.465623859223673,nan,nan,nan
117.4,180.63839721679688,-211.6920928955078,-19.297210693359375,181.77549218402874,-211.9506006272302,-19.31006895155496,1.166180323392612,0.4048323340316898,0.06662537114163049,3.499547665679013e-05,16.100574129934138,30.573308496515846,7.593199880846006,0.07151356515210039,nan
117.41,180.64312744140625,-211.70068359375,-19.299442291259766,181.78017929106286,-211.9593498035063,-19.312425140571502,1.1661748030434707,0.4048769638055312,0.06664944043191952,3.5700915874116606e-05,16.050266858213547,30.575837979622477,nan,nan,nan
117.42,180.6479034423828,-211.7092742919922,-19.30175018310547,181.7849187410215,-211.96810038052175,-19.313756337374716,1.1661641741977289,0.404921680101852,0.06667357455836785,3.500414636505723e-05,15.400067360498191,29.865137405455684,nan,0.853637798903346,nan
117.43,180.65272521972656,-211.71786499023438,-19.3040714263916,181.78969457213435,-211.9768490170425,-19.316220991660803,1.166155927135204,0.4049664832059306,0.06669777367166828,3.57099517714237e-05,15.368958519870692,29.851758113268136,nan,nan,nan
117.44,180.65757751464844,-211.72645568847656,-19.30637550354004,181.79451260245554,-211.98559710105357,-19.318891608938042,1.16616136040159,0.40501137312558444,0.06672203791004658,3.5012837523141445e-05,15.663522076243446,29.842461047457203,nan,0.029869684271541956,nan
117.45,180.66249084472656,-211.73504638671875,-19.30864906311035,181.7656166416154,-211.981642303227,-19.32135793697595,1.1304236308902518,0.4049430889444529,0.06671451005078584,3.569694454389469e-05,15.45384929425224,30.25849664980408,10.44446962703842,nan,nan
117.46000000000001,180.6674346923828,-211.74363708496094,-19.31088638305664,181.77045009925445,-211.99036685859775,-19.325874294647388,1.1303730386420774,0.40498779227488874,0.06673875625601633,3.500033227578576e-05,17.301386316479732,31.730434511382494,nan,3.1262516765075237,nan
117.47,180.67242431640625,-211.75221252441406,-19.313081741333008,181.77533952934283,-211.99909399252354,-19.328269555884244,1.1303110615815786,0.40503258231874495,0.0667630676472368,3.570598489903454e-05,17.296340640429463,32.60222249918944,nan,nan,nan
117.48,180.67745971679688,-211.76080322265625,-19.315237045288086,181.78028520973385,-212.0078241485849,-19.328325690977547,1.1302277285415987,0.40507745909960763,0.06678744436236606,3.500902814053969e-05,15.683723013951159,30.201267959895386,nan,3.729961850129802,nan
117.49000000000001,180.68252563476562,-211.76939392089844,-19.31734848022461,181.78525710256582,-212.01655032504863,-19.33061693119979,1.1301676999368322,0.40512242287913863,0.06681188655255507,3.5715039429642364e-05,15.674608389682547,29.903376391624732,nan,nan,nan
117.5,180.68763732910156,-211.77798461914062,-19.31941795349121,181.82505607960147,-212.0446450457921,-19.33274056675269,1.1683350072452772,0.4050541944485069,0.06680422334542965,3.499653373115693e-05,15.514190009430761,30.336116978534662,12.376847284706571,0.013822399235040436,nan
117.51,180.6927947998047,-211.7865753173828,-19.321447372436523,181.83015519476373,-212.05341206466318,-19.33494951184189,1.168320514879836,0.4050989713794975,0.06682864665490006,3.570202651282273e-05,15.504457026104802,30.40579205409522,nan,nan,nan
117.52,180.69798278808594,-211.79515075683594,-19.323436737060547,181.83529849817452,-212.06217996844197,-19.33634703816172,1.1683142985257715,0.40514383496763823,0.06685313548350945,3.500521995164474e-05,15.114516333796901,30.604260223675322,nan,0.42047012040620985,nan
117.53,180.70321655273438,-211.80374145507812,-19.32538604736328,181.8404762789031,-212.07094620910615,-19.33846971090544,1.1683018649271482,0.4051887854604976,0.06687768998265284,3.571107213434848e-05,15.102811891083357,29.844229367155357,nan,nan,nan
117.54,180.70848083496094,-211.8123321533203,-19.32729721069336,181.84568797984332,-212.07971075005952,-19.341370325841723,1.168301954520211,0.40523382290277854,0.06690231028988344,3.5013913764379075e-05,15.92245471754722,30.425586267404864,nan,0.4699516348885346,nan
117.55,180.7137908935547,-211.82090759277344,-19.32917022705078,181.85337530078723,-212.0935316512905,-19.34349604645526,1.1718283695112879,0.40516564916083625,0.06689450867699057,3.5698058536595556e-05,15.681949304264375,31.67348086671747,1.7067683791477888,nan,nan
117.56,180.71913146972656,-211.82949829101562,-19.331005096435547,181.8586631289799,-212.10231186602292,-19.345615471763633,1.1718246934657846,0.4052104994974829,0.06691910924201891,3.500139660981208e-05,15.989135445218903,30.90198235661806,nan,0.00699832718263643,nan
117.57000000000001,180.72451782226562,-211.83807373046875,-19.33280372619629,181.86398872665714,-212.1110917024931,-19.34760048152682,1.171815556720177,0.40525543664491653,0.06694377566941916,3.570708309590587e-05,15.978412010282415,31.887369368826057,nan,nan,nan
117.58,180.7299346923828,-211.84666442871094,-19.334566116333008,181.8693500236873,-212.11987081213246,-19.34974107051779,1.1718102680845999,0.40530046066035863,0.06696850809656293,3.501007193507117e-05,16.382222187693934,31.246323210466976,nan,0.02563745892956045,nan
117.59,180.73538208007812,-211.85523986816406,-19.336294174194336,181.87474877810888,-212.12864976735165,-19.35165848038972,1.1718129148717118,0.4053455717726214,0.0669933066751189,3.571611091013851e-05,16.371382620695407,31.873684451163463,nan,nan,nan
117.60000000000001,180.74087524414062,-211.86383056640625,-19.337987899780273,181.8918895234867,-212.14887753525812,-19.351804050126457,1.1858653092660167,0.40527745142609983,0.06698536359171033,3.4997545715019706e-05,14.750715639058612,30.32292749462863,6.127646612251401,1.7162208032246191,nan
117.61,180.74639892578125,-211.87240600585938,-19.33964729309082,181.89736620643964,-212.15768536611762,-19.35363520009197,1.1858775889938218,0.40532237516457564,0.06701014155318497,3.5703060328647975e-05,14.734975864759884,31.026168824761896,nan,nan,nan
117.62,180.751953125,-211.88099670410156,-19.341272354125977,181.9028757578395,-212.1664920785353,-19.355834214520357,1.1858931500701915,0.40536738568844594,0.06703498570248859,3.5006193137748135e-05,15.271967370148168,30.531941140537644,nan,0.1131299859483184,nan
117.63,180.75755310058594,-211.8895721435547,-19.342866897583008,181.90842199276054,-212.17529906731738,-19.35760507623959,1.1858989399810582,0.4054124832154797,0.06705989619141083,3.5712061433441965e-05,15.25549135011438,31.587919970932212,nan,nan,nan
117.64,180.76318359375,-211.89816284179688,-19.34442901611328,181.91401289691186,-212.18410913958488,-19.357282944656742,1.1858914763643715,0.4054576678194538,0.06708487315713882,3.501484051495342e-05,13.85186011167463,29.168323246416794,nan,2.9996764771557554,nan
117.65,180.7688446044922,-211.90673828125,-19.34596061706543,181.89589082950897,-212.17952134444798,-19.35887619064444,1.1596596935882222,0.4053895997221343,0.0670767855611132,3.569899531994838e-05,13.938931768212733,29.55914225869344,6.2045677082367225,nan,nan
117.66,180.7745361328125,-211.91531372070312,-19.34745979309082,181.90920333041512,-212.1848960755165,-19.35931197889788,1.1663124665588196,0.4035106584402399,0.06672465720013418,3.500213029815916e-05,16.906673515210535,32.41870022420574,nan,1.0568329532373486,0.03073934767030334
117.67,180.7802734375,-211.92388916015625,-19.34893035888672,181.9148574036694,-212.1936626221888,-19.360927759532597,1.1662771689131106,0.4035534917392,0.06674736075336932,3.5707819255564676e-05,16.86367032038853,32.64790266282999,nan,nan,nan
117.68,180.78602600097656,-211.93246459960938,-19.350372314453125,181.92059375729983,-212.2024160370543,-19.359922367511544,1.1662799731541311,0.4035964102276118,0.06677012383277033,3.501075222570108e-05,15.378210187123937,30.683551704838923,nan,4.742814531479326,nan
117.69,180.79176330566406,-211.94105529785156,-19.351783752441406,181.92628523392435,-212.21118131152164,-19.361455505716314,1.16627681610162,0.4036394150840311,0.06679294664949909,3.571678883966727e-05,15.335654707200202,29.953590018643553,nan,nan,nan
117.7,180.7974395751953,-211.9496307373047,-19.353168487548828,181.93295664802963,-212.21288716328357,-19.364663461236756,1.165690826479079,0.40356574521139427,0.06678616886880905,3.4998167994321056e-05,17.265790144385925,31.591328760205542,9.913772849497098,1.8009581488957025,nan
117.71000000000001,180.80300903320312,-211.9582061767578,-19.354524612426758,181.93854892353423,-212.22162519067507,-19.366160004388448,1.1657511748964335,0.4036085692590763,0.06680897844833442,3.570367579115763e-05,17.226922626411753,31.140491510608648,nan,nan,nan
117.72,180.80848693847656,-211.96678161621094,-19.355854034423828,181.9440614186738,-212.23035898161632,-19.36680977995368,1.1658140743658096,0.4036514784648094,0.06683184780944271,3.500675337432731e-05,16.808698893117636,30.880126240391164,nan,0.4750592224945326,nan
117.73,180.81387329101562,-211.97535705566406,-19.357158660888672,181.94945743737227,-212.2390963135906,-19.368246109041905,1.1658613473028236,0.40369447391852137,0.06685477715798141,3.571261050344164e-05,16.766889964957226,31.087501987767002,nan,nan,nan
117.74000000000001,180.8191375732422,-211.9839324951172,-19.358434677124023,181.95474290326055,-212.247835014684,-19.370040758710328,1.1659239711617644,0.40373755484077645,0.06687776657819926,3.501533540291316e-05,17.117406416083107,31.005518229967617,nan,0.10368182437914265,nan
117.75,180.82431030273438,-211.9925079345703,-19.35968589782715,181.9193212491137,-212.2371388176421,-19.3713346321136,1.1220645857763647,0.4036640159302173,0.0668708858239886,3.569947584496555e-05,17.173611684513183,31.00871222679867,14.763807479724797,nan,nan
117.76,180.82937622070312,-212.00108337402344,-19.36091423034668,181.9243609511896,-212.24583322469405,-19.3720221097292,1.1220594611633694,0.40370691593604974,0.066893861387784,3.5002697853752244e-05,16.843371711143494,30.535314286930713,nan,0.3233840502244526,nan
117.77,180.8343505859375,-212.00965881347656,-19.36211585998535,181.92928750040943,-212.25453044548559,-19.373356071298772,1.1220406878480134,0.40374990207152456,0.06691689718546348,3.570837084741232e-05,16.802029478052866,30.724029312129215,nan,nan,nan
117.78,180.83921813964844,-212.0182342529297,-19.36329460144043,181.93411424717456,-212.263227577765,-19.374663368818773,1.1220287270660354,0.4037929736399269,0.0669399933063331,3.5011245075328426e-05,16.901565045834474,30.620822701429724,nan,9.49268106041381e-06,nan
117.79,180.84397888183594,-212.0268096923828,-19.36444854736328,181.93884298565135,-212.27192477523434,-19.37595165155855,1.122025459190192,0.4038361316067051,0.06696314994903892,3.5717261928402894e-05,16.8613304986157,30.337796390425954,nan,nan,nan
117.8,180.84866333007812,-212.03538513183594,-19.365581512451172,181.93953462870184,-212.27614622671274,-19.375714121744917,1.1171699802350388,0.40376272192167567,0.06695616329620861,3.499858619895958e-05,16.34739536711047,29.863074824944455,2.0330572830331075,1.3217024756695566,nan
117.81,180.85324096679688,-212.04396057128906,-19.366689682006836,181.94407554056104,-212.28483088600814,-19.376942229317688,1.117158757992115,0.40380569881603634,0.06697930544317751,3.5704070831568417e-05,16.304803066642933,29.483046426049444,nan,nan,nan
117.82000000000001,180.85772705078125,-212.0525360107422,-19.367778778076172,181.94850074932256,-212.29352169071436,-19.379596218023007,1.1171396561164766,0.4038487611046557,0.06700250816097504,3.500709500270808e-05,17.297054482155698,30.469747489344844,nan,1.4783234442897382,nan
117.83,180.8621368408203,-212.0611114501953,-19.36884307861328,181.95285903179666,-212.3022066439657,-19.38079646000275,1.1171144407239881,0.40389190967625827,0.06702577164346733,3.571292564900687e-05,17.255268359174877,30.771217356452734,nan,nan,nan
117.84,180.8665771484375,-212.06968688964844,-19.3699951171875,181.95721352473194,-212.31088747988363,-19.380972636787604,1.117043390367199,0.40393514394957786,0.06704909598678564,3.501560017907496e-05,16.640135939052293,29.716505367422364,nan,0.7889756454162222,nan
117.85000000000001,180.87107849121094,-212.07826232910156,-19.371232986450195,181.94669985602138,-212.31257120113438,-19.382283083419264,1.1009014817834513,0.40386186336133006,0.06704200060646882,3.5699712960441605e-05,16.619722174412274,30.025716812221535,1.9160795397629784,nan,nan
117.86,180.87562561035156,-212.0868377685547,-19.372556686401367,181.95109761180217,-212.32124714033856,-19.384571488102466,1.1007870524966206,0.40390491643697385,0.06706530980053772,3.5002887880966315e-05,17.267504907371737,30.640646032239093,nan,0.5617194644468261,nan
117.87,180.88021850585938,-212.0954132080078,-19.37396240234375,181.95555613288516,-212.32991973556972,-19.386061990127406,1.1006773930589886,0.4039480556819498,0.06708867999853532,3.570852860774266e-05,17.187549076464457,30.54272842296734,nan,nan,nan
117.88,180.88485717773438,-212.10398864746094,-19.375452041625977,181.96006017008014,-212.33859292238446,-19.387703417003785,1.100568369870918,0.4039912805857133,0.06711211130107797,3.501135918195904e-05,17.319283947051165,30.68072708755806,nan,0.003137811080260399,nan
117.89,180.88954162597656,-212.11257934570312,-19.377023696899414,181.96461127396458,-212.34726610970333,-19.38936210124666,1.1004566604113946,0.404034591930574,0.06713560389560763,3.571734113398291e-05,17.24082344837592,29.842259187094907,nan,nan,nan
117.9,180.89427185058594,-212.12115478515625,-19.37867546081543,181.98267841617417,-212.37259439212988,-19.389818935742607,1.1171279716326474,0.4039614387769667,0.06712839684921784,3.499862755513231e-05,15.40576807401731,30.36441416862626,18.479890112116053,0.901710899499153,nan
117.91,180.89903259277344,-212.12973022460938,-19.380407333374023,181.9873093423408,-212.38131592304157,-19.39162708068705,1.1170351516556247,0.40400456875669305,0.06715187362176978,3.5704075032946154e-05,15.32939634380377,29.9031304941092,nan,nan,nan
117.92,180.9038543701172,-212.1383056640625,-19.382219314575195,181.99201360900386,-212.3900298997992,-19.391477142610647,1.116933895721492,0.4040477843492607,0.06717541173871523,3.5007062806767164e-05,14.197442196565266,29.20667425160108,nan,2.932992821280703,nan
117.93,180.90872192382812,-212.14688110351562,-19.38410758972168,181.99673256877222,-212.39875122325603,-19.393425070965566,1.116822517764767,0.4040910862721874,0.06719901138331545,3.571285409341681e-05,14.12577061228184,29.179902417219242,nan,nan,nan
117.94,180.9136199951172,-212.15545654296875,-19.38607406616211,182.00151231639498,-212.4074678207139,-19.394173561208014,1.1167295951240477,0.40413447411242576,0.06722267266218931,3.501549599900285e-05,13.514866317660665,28.22659558594394,nan,1.1526097737945493,nan
117.95,180.91856384277344,-212.16403198242188,-19.38811683654785,182.0055809661209,-212.4178679435744,-19.396113195852212,1.116289775724454,0.40406144797324817,0.06721535108814478,3.569957005019098e-05,13.202374633367006,28.288374656307127,1.6051293876838832,nan,nan
117.96000000000001,180.92355346679688,-212.17262268066406,-19.390235900878906,182.0104439494117,-212.4265893141621,-19.396565934806134,1.1161854870309513,0.4041046543059435,0.06723899585826346,3.500271612458483e-05,12.504268521476785,26.861135785859002,nan,2.0710462914507137,nan
117.97,180.92857360839844,-212.1811981201172,-19.392427444458008,182.01532553791003,-212.43531653954486,-19.398790330720725,1.116085307542026,0.4041479468599245,0.06726270238809896,3.570831385534392e-05,12.440886343401212,27.304484026217075,nan,nan,nan
117.98,180.93365478515625,-212.1897735595703,-19.39469337463379,182.02022862154573,-212.4440486483817,-19.402580005688282,1.1159573117577473,0.4041913252811498,0.06728647078813987,3.50111194353811e-05,13.030615400062525,28.414605150546226,nan,1.5671309584888686,nan
117.99000000000001,180.93875122070312,-212.19834899902344,-19.397031784057617,182.0251915824126,-212.4527752849292,-19.40496798819426,1.115862167943376,0.40423479019835407,0.06731030123607644,3.571705678260359e-05,12.965819919027531,27.638296305811387,nan,nan,nan
118.0,180.94390869140625,-212.20692443847656,-19.399381637573242,182.0741655942853,-212.4858851555434,-19.407447096372465,1.164201357067499,0.40416188946311615,0.06730286218739208,3.4998324821875966e-05,12.629113022903113,28.542844922785225,19.410476617513982,5.5213199815849105e-08,nan
118.01,180.9490966796875,-212.2154998779297,-19.401714324951172,182.0792622284669,-212.49466410477973,-19.409877588528538,1.164162133069458,0.4042051726941514,0.06732667542148736,3.570372643420031e-05,12.585956610561315,28.250275357270947,nan,nan,nan
118.02,180.95433044433594,-212.2240753173828,-19.404014587402344,182.08440174853024,-212.5034417085025,-19.411973450496017,1.1641177245246248,0.40424854173948754,0.06735055075786234,3.500669684109312e-05,12.478131093895215,28.270934394984277,nan,0.0683646637169854,nan
118.03,180.9595947265625,-212.23265075683594,-19.406278610229492,182.0895761975141,-212.5122198018615,-19.414343315569447,1.164079900652306,0.4042919971744508,0.06737448837064917,3.571244101586361e-05,12.439667062953195,27.968196609790354,nan,nan,nan
118.04,180.9648895263672,-212.24122619628906,-19.408498764038086,182.0947757327104,-212.52100096964395,-19.41778537328268,1.1640459630966775,0.40433553872537265,0.06739848837546976,3.501506936457891e-05,13.031875109023122,28.34684414719012,nan,0.8709270815178892,nan
118.05,180.97023010253906,-212.2498016357422,-19.41067886352539,182.1246939384649,-212.5403371754508,-19.42008835913696,1.19049829353176,0.4042627627186278,0.06739092896575918,3.569909827062885e-05,13.085933857087532,28.564391396853114,5.269522956988004,nan,nan
118.06,180.97561645507812,-212.2583770751953,-19.41281509399414,182.13002049722618,-212.54913290645234,-19.42238887220688,1.1904954024132182,0.40430612242438085,0.067414911037767,3.500223444750052e-05,13.175053574773123,28.810287325295693,nan,0.0011706490399582977,nan
118.07000000000001,180.9810333251953,-212.26695251464844,-19.41490936279297,182.13538437419768,-212.5579279853239,-19.424607684374205,1.1904986880753665,0.4043495684149084,0.06743895561111228,3.5707783238972644e-05,13.141743010600734,28.58024227565562,nan,nan,nan
118.08,180.98648071289062,-212.27552795410156,-19.416961669921875,182.14078126412926,-212.5667234396218,-19.42708348622365,1.1905070451460702,0.40439310046459853,0.06746306280466542,3.5010582611952665e-05,13.385702992570387,28.64886905293721,nan,0.06257569198984682,nan
118.09,180.99195861816406,-212.28408813476562,-19.418973922729492,182.146217454575,-212.5755176762547,-19.429224287926022,1.1905249720488609,0.40443671907646994,0.06748723278786059,3.57164702635779e-05,13.352146743085719,29.33079101503677,nan,nan,nan
118.10000000000001,180.9974822998047,-212.29266357421875,-19.42094612121582,182.16698269375695,-212.5959612847938,-19.431715509748066,1.2082370017607944,0.4043640662179307,0.06747955006664881,3.499773872218081e-05,13.311229894312232,29.379464530683535,5.135444160076251,0.06197550187716543,nan
118.11,181.0030517578125,-212.30123901367188,-19.42287826538086,182.17250048242255,-212.60478360384135,-19.433783117588934,1.208250203192579,0.40440750279503096,0.0675037013806648,3.570309018753176e-05,13.280534275237468,29.55310868655663,nan,nan,nan
118.12,181.00863647460938,-212.309814453125,-19.424772262573242,182.17806937613182,-212.6136014013032,-19.4342753196593,1.2082839604747757,0.40445102537183136,0.06752791553922773,3.500606140091952e-05,12.483212413819695,28.27578336336507,nan,1.6686041935601033,nan
118.13,181.01426696777344,-212.31837463378906,-19.42662811279297,182.18365621834494,-212.6224231004856,-19.43625239678465,1.2083084524636256,0.4044946344083834,0.06755219270882619,3.571175496151113e-05,12.449369656340103,29.353601221833404,nan,nan,nan
118.14,181.01992797851562,-212.3269500732422,-19.428447723388672,182.18927513054092,-212.63124464574497,-19.438354104956197,1.2083319433003843,0.4045383297437425,0.06757653301259893,3.501438753500001e-05,12.612267174906531,28.48152939826131,nan,0.018269696086174438,nan
118.15,181.02561950683594,-212.3355255126953,-19.43023109436035,182.21136021379812,-212.63754063052733,-19.440368709056465,1.22364084876976,0.4044657991370302,0.06756872407651238,3.569836869781423e-05,13.499150337588063,28.013788945124453,14.503845264187385,nan,nan
118.16,181.03134155273438,-212.34408569335938,-19.431978225708008,182.21711202180106,-212.646337511156,-19.440875710090946,1.2237184855596173,0.40450931226267894,0.06759304496104714,3.500151227243378e-05,12.835081956466437,28.134915705727128,nan,1.3198345572960148,nan
118.17,181.03709411621094,-212.3526611328125,-19.433691024780273,182.222883053326,-212.65513755368787,-19.442701907693504,1.223792704905908,0.4045529117469277,0.06761742907443281,3.570701006164801e-05,12.80197556427807,27.14168505962051,nan,nan,nan
118.18,181.0428924560547,-212.36122131347656,-19.43536949157715,182.22869603214104,-212.66393454638447,-19.443478526844135,1.223859133597372,0.4045965974670172,0.0676418765424595,3.500982001889036e-05,12.359439935408604,27.799463387002238,nan,0.7283259376276688,nan
118.19,181.0487060546875,-212.3697967529297,-19.437013626098633,182.23453127163472,-212.67273357468824,-19.445228184638857,1.223936126641055,0.4046403698255423,0.06766638752776552,3.571565658171675e-05,12.325961714103554,26.513530599929577,nan,nan,nan
118.2,181.0545654296875,-212.37835693359375,-19.438627243041992,182.21541200397053,-212.66772116843282,-19.446939159501024,1.1963968895746357,0.4045679599014004,0.06765844942762948,3.499694174987045e-05,12.562109504850772,27.282003456093143,6.24503685720297,0.001928535365710481,nan
118.21000000000001,181.06045532226562,-212.38693237304688,-19.44020652770996,182.22127834802507,-212.67648950671767,-19.448624621543196,1.1964214537932434,0.4046115498497631,0.06768294022714753,3.570224229700337e-05,12.527900883363644,26.343170313247747,nan,nan,nan
118.22,181.0663604736328,-212.39549255371094,-19.441755294799805,182.22719154985612,-212.68525297008588,-19.448493280167806,1.1964678377918705,0.404655225968583,0.06770749459796835,3.500522994188406e-05,11.79464782674397,26.06241119960277,nan,2.251762200237042,nan
118.23,181.0723114013672,-212.404052734375,-19.443273544311523,182.23311942393556,-212.6940201168036,-19.450100021854418,1.1964961132102547,0.40469898862674913,0.06773211270036121,3.571087271494642e-05,11.75698727607783,26.306680041111267,nan,nan,nan
118.24000000000001,181.07827758789062,-212.41262817382812,-19.444761276245117,182.2390803019999,-212.7027859944242,-19.45132511181802,1.196535660092906,0.40474283775223874,0.06775679466356309,3.501352451548824e-05,11.639010109382193,25.013683519246506,nan,0.08742886691075712,nan
118.25,181.08428955078125,-212.4211883544922,-19.446218490600586,182.27573321735906,-212.73194118871987,-19.452990083091837,1.2313209123026316,0.40467054742493025,0.06774872448664562,3.569745829166198e-05,11.176164988551102,26.815849409405946,13.439948861322561,nan,nan
118.26,181.09031677246094,-212.42974853515625,-19.447647094726562,182.2817936017982,-212.74075079324965,-19.45287758429595,1.2314084608317017,0.40471421395008644,0.06777338548404958,3.500062359642931e-05,10.62969617406936,25.92886616122309,nan,1.8787132644569424,nan
118.27,181.09632873535156,-212.4383087158203,-19.449047088623047,182.28783883117933,-212.74956350993565,-19.45435226081872,1.2315047706652633,0.40475796691652793,0.06779811042375157,3.5706071287769944e-05,10.593500062033119,26.199261417093343,nan,nan,nan
118.28,181.1022491455078,-212.44686889648438,-19.450420379638672,182.29383169023376,-212.75837536140347,-19.455617117517285,1.2316380331357628,0.40480180628179424,0.06782289943708872,3.50089054896915e-05,10.535543708637755,25.74704524585133,nan,0.02355556854683986,nan
118.29,181.1080780029297,-212.45542907714844,-19.451765060424805,182.2997375477623,-212.7671870571515,-19.457036273970512,1.2317764791464842,0.40484573237028987,0.06784775268126864,3.571469236263352e-05,10.50149441515673,25.754982534458033,nan,nan,nan
118.3,181.11380004882812,-212.4639892578125,-19.453083038330078,182.2800768957137,-212.75598603522863,-19.458522142150116,1.202286731796181,0.40477356006527343,0.06783954748441207,3.499600710170634e-05,11.181551371693214,25.017766451029498,13.284466554113214,0.004124900192272967,nan
118.31,181.1194305419922,-212.47256469726562,-19.454374313354492,182.28575764107114,-212.76474739907036,-19.45989081379476,1.2023809982933669,0.40481730334222965,0.06786437896717444,3.570125857608738e-05,11.148668233570517,24.49600011732529,nan,nan,nan
118.32000000000001,181.12493896484375,-212.4811248779297,-19.45564079284668,182.29132655099968,-212.77350933251313,-19.46165087995446,1.2024910775418534,0.40486113294735987,0.06788927473262905,3.50042749072212e-05,11.28772589228756,25.14496937604809,nan,0.12241268876235345,nan
118.33,181.1303253173828,-212.48968505859375,-19.456880569458008,182.29678988542818,-212.78227016191573,-19.462974195672803,1.202614968920499,0.40490504917933445,0.06791423493613698,3.570986916724655e-05,11.255935929192814,24.813098285249577,nan,nan,nan
118.34,181.1356201171875,-212.4982452392578,-19.458097457885742,182.30214207783527,-212.79103184235274,-19.464792301862758,1.2027228693931367,0.40494905203443776,0.06793925971173236,3.501255173807896e-05,11.45613876052328,25.29379104308225,nan,0.18986994907248547,nan
118.35000000000001,181.14080810546875,-212.50680541992188,-19.45928955078125,182.3255020007814,-212.81219881635363,-19.466005103026525,1.2234418052433622,0.4048769965050113,0.0679309165802111,3.569644062629441e-05,11.10874860459566,25.57463844420743,4.870575644370368,nan,nan
118.36,181.14588928222656,-212.51536560058594,-19.460458755493164,182.33066213571078,-212.82098973576257,-19.467750443645127,1.223579174010291,0.40492081634390553,0.06795591878558738,3.49996384805842e-05,11.325278065259859,25.709295085210808,nan,0.1686293973425578,nan
118.37,181.15087890625,-212.52392578125,-19.46160316467285,182.33572325702437,-212.82978013043288,-19.46898950389979,1.223706491150225,0.40496472271403106,0.06798098563267234,3.5705039097419514e-05,11.29476488902506,25.89107009402141,nan,nan,nan
118.38,181.15576171875,-212.53248596191406,-19.462724685668945,182.34068253530708,-212.8385713324674,-19.470461840835902,1.2238404549397597,0.40500871563391727,0.06800611725710956,3.500790764599721e-05,11.43776006992363,25.86864374575364,nan,0.04600958980799783,nan
118.39,181.16055297851562,-212.54104614257812,-19.463825225830078,182.34554546293282,-212.8473623015338,-19.47165978663408,1.22396820126406,0.40505279536875716,0.06803131381190523,3.571364818986298e-05,11.407411167473343,25.931091823873743,nan,nan,nan
118.4,181.1652374267578,-212.5496063232422,-19.464902877807617,182.3512160464994,-212.84330653542963,-19.471575595523284,1.2218222564206287,0.40498085502189884,0.06802282981325007,3.4995001667187445e-05,11.983215340692492,24.709078284909886,17.46888373122228,1.0917155599128014,nan
118.41,181.16998291015625,-212.55816650390625,-19.466068267822266,182.3559906895292,-212.85205574959153,-19.472773104167626,1.221896188836441,0.40502475151866096,0.06804800297426651,3.570020772196444e-05,11.928056507394704,24.958745056220586,nan,nan,nan
118.42,181.1747589111328,-212.5667266845703,-19.467317581176758,182.3608072572235,-212.86080613327943,-19.47449986449306,1.221984036970687,0.40506873448992664,0.06807324111417126,3.500326141180959e-05,12.10119990634482,24.896246661601236,nan,0.13801130043604157,nan
118.43,181.17958068847656,-212.57528686523438,-19.468652725219727,182.36567052970236,-212.86955605990516,-19.475875152493174,1.2220702245971564,0.40511280418182444,0.0680985443845812,3.5708811093019155e-05,12.047045265154544,24.865570080906824,nan,nan,nan
118.44,181.1844482421875,-212.58384704589844,-19.470069885253906,182.37058629591624,-212.87830390306752,-19.475786308219526,1.22215424588258,0.4051569606415945,0.06812391292317665,3.501153240265577e-05,11.478456085386021,24.3564842662472,nan,1.693792795553842,nan
118.45,181.18936157226562,-212.59242248535156,-19.47157096862793,182.35797288145432,-212.87920131841503,-19.47734253378274,1.2032987168701235,0.4050851340946824,0.06811528514771424,3.569538032520726e-05,11.424399255904714,23.401996354777893,2.691635665302031,nan,nan
118.46000000000001,181.19432067871094,-212.60098266601562,-19.473154067993164,182.36293969754678,-212.88793724935414,-19.478711549011148,1.2033470944324787,0.4051291070979428,0.06814062945611449,3.4998618005343514e-05,11.33249327047674,24.165193330500465,nan,0.04201608466606153,nan
118.47,181.19931030273438,-212.6095428466797,-19.474817276000977,182.36794720063313,-212.89667373248844,-19.480404280178824,1.2034066475349947,0.4051731667280377,0.0681660390916245,3.570397594835106e-05,11.28371166105386,23.89955669546464,nan,nan,nan
118.48,181.204345703125,-212.61810302734375,-19.476560592651367,182.37300344963643,-212.9054084565253,-19.48079655348982,1.2034630370238155,0.4052173130484143,0.06819151419311155,3.5006885437921676e-05,10.881487741258875,23.579862530803805,nan,1.3477069658372542,nan
118.49000000000001,181.2094268798828,-212.6266632080078,-19.478382110595703,182.3780934530595,-212.91414516620907,-19.482637237217588,1.203513831102224,0.40526154628080696,0.06821705491044956,3.5712584257536916e-05,10.835411957374895,23.627341906448574,nan,nan,nan
118.5,181.21453857421875,-212.63523864746094,-19.480281829833984,182.42102992435568,-212.94494636835375,-19.485162383629234,1.2456179471014381,0.40518983191228203,0.06820828044103773,3.499398211263991e-05,10.662671718597187,23.390177155481577,14.650841695108433,0.24807574804536442,nan
118.51,181.21969604492188,-212.643798828125,-19.48225975036621,182.42624744602094,-212.95373068023562,-19.48716738914526,1.2457319620870364,0.40523388145573985,0.06823379607782212,3.569914751644048e-05,10.617396149874404,24.237782287317543,nan,nan,nan
118.52,181.2248992919922,-212.65235900878906,-19.484312057495117,182.4315042533133,-212.962514948523,-19.48929094720693,1.2458398889824245,0.40527801761024757,0.06825937737468975,3.500224384362228e-05,10.61169221551576,24.343917958602667,nan,0.0011842006585527564,nan
118.53,181.23013305664062,-212.66091918945312,-19.486440658569336,182.43680014500134,-212.97129910385598,-19.49145059611269,1.245955959443128,0.4053222405839028,0.0682850244805123,3.5707753872707595e-05,10.56763606484878,24.131454553387172,nan,nan,nan
118.54,181.23541259765625,-212.6694793701172,-19.488643646240234,182.44214414752028,-212.98008061920632,-19.49154248114182,1.2460668411512932,0.40536655046069703,0.06831073753563174,3.5010518563676454e-05,10.065952549762942,23.735181850345988,nan,3.2426626144840944,nan
118.55,181.24072265625,-212.67803955078125,-19.49091911315918,182.43461632370813,-212.975564934794,-19.493900066591745,1.2304114472045173,0.4052949467737612,0.06830181347433965,3.569433026435212e-05,10.595590129129107,23.14947204731825,6.697139784731175,nan,nan
118.56,181.24606323242188,-212.68661499023438,-19.49326515197754,182.44002098195742,-212.9843145256552,-19.49692335640608,1.230517575463836,0.4053390727301494,0.0683275005860648,3.49976118038624e-05,10.691892886204618,22.322156794812607,nan,0.3074538208447572,nan
118.57000000000001,181.25144958496094,-212.69517517089844,-19.495624542236328,182.44546558008557,-212.9930628973303,-19.49933587327563,1.2306197902481053,0.405383285413112,0.06835325369632186,3.570293223578222e-05,10.656908306678503,23.165311252445544,nan,nan,nan
118.58,181.2568817138672,-212.7037353515625,-19.49796485900879,182.45095047380602,-213.00180989775419,-19.500837684607472,1.2307139763877528,0.4054275849180026,0.06837907294628813,3.500588610162101e-05,10.468377971357926,23.125922529372414,nan,0.5831532643733215,nan
118.59,181.26234436035156,-212.71229553222656,-19.500274658203125,182.45646787748362,-213.01055754381645,-19.50321569973162,1.230812679269574,0.4054719714358134,0.0684049584836044,3.5711548456349696e-05,10.436752061515342,22.95594740685542,nan,nan,nan
118.60000000000001,181.26783752441406,-212.72085571289062,-19.502546310424805,182.45088438481605,-213.01882008932495,-19.504929613622203,1.2199952146074278,0.40540047677329305,0.06839588193322219,3.499299322637506e-05,9.974911402196819,22.72849249179176,3.055287438821406,0.34040137523423025,nan
118.61,181.2733612060547,-212.7294158935547,-19.50477409362793,182.45644595286566,-213.02757213451468,-19.507228670035378,1.2200789675695294,0.4054446791278504,0.06842174065114037,3.56981233005604e-05,9.944147328762247,22.61392213621954,nan,nan,nan
118.62,181.2789306640625,-212.73797607421875,-19.506961822509766,182.4620403703345,-213.03632451085642,-19.510082850505444,1.2201516739876737,0.40548896822170843,0.06844766569554002,3.500126457650537e-05,10.016285402304769,22.831902463135748,nan,0.25083090767478666,nan
118.63,181.28453063964844,-212.7465362548828,-19.509105682373047,182.46767142691283,-213.04507603447252,-19.512305347931832,1.2202288147498248,0.405533344236515,0.06847365721337662,3.5706740335653825e-05,9.987672206815184,22.70858534257812,nan,nan,nan
118.64,181.2901611328125,-212.75509643554688,-19.511207580566406,182.4733404546765,-213.0538260288876,-19.513335774784686,1.2203102912106885,0.4055778072817081,0.06849971534683967,3.5009550183967195e-05,9.79363954108291,22.403112673234762,nan,0.9342048216750225,nan
118.65,181.2958221435547,-212.76365661621094,-19.513267517089844,182.49071418015083,-213.07122915892134,-19.515390672253588,1.23384454285703,0.4055064200512668,0.0684904834274925,3.569333074837171e-05,9.549522899339005,22.524059856198694,2.3956787904128074,nan,nan
118.66,181.30152893066406,-212.772216796875,-19.51528549194336,182.45754674743316,-213.04391073659016,-19.51635110198522,1.1875167051836744,0.4007294095384529,0.06437009783692763,3.499652483919192e-05,13.028417106291847,26.19652117087728,nan,0.9061374737632121,0.31408661675180694
118.67,181.3072509765625,-212.78076171875,-19.51726531982422,182.4633338486287,-213.052644961954,-19.518386910920462,1.1876234095817428,0.4007765217062235,0.06438803186591889,3.57018102241998e-05,12.976079813704965,26.580072830536935,nan,nan,nan
118.68,181.31301879882812,-212.78932189941406,-19.51920509338379,182.46914334394882,-213.06136704437915,-19.519852298099234,1.1877006961366756,0.4008237195163511,0.0644060240052598,3.5004816812868244e-05,12.899014763490873,25.901422056126016,nan,0.19950197952323798,nan
118.69,181.31881713867188,-212.79788208007812,-19.52110481262207,182.47499551193698,-213.07010014259743,-19.521805925447186,1.1877927411492728,0.4008710041817197,0.06442407572166473,3.571044533731416e-05,12.847397530634007,25.822802692235204,nan,nan,nan
118.7,181.32464599609375,-212.8064422607422,-19.522968292236328,182.4648747841532,-213.0725220081328,-19.524711164461593,1.1708642785116448,0.4008082346132711,0.06441937052886565,3.499194440091234e-05,12.80252825457561,25.64416209539801,2.4392488419438028,0.624156958405633,nan
118.71000000000001,181.33050537109375,-212.8149871826172,-19.52479362487793,182.4707635293702,-213.08124364107945,-19.526601114558648,1.1709331476253553,0.4008553193527817,0.06443743240668158,3.569704191971339e-05,12.752741145563515,26.382979439393466,nan,nan,nan
118.72,181.33639526367188,-212.82354736328125,-19.526582717895508,182.47667632443105,-213.0899569061951,-19.528075895911947,1.1709898256015039,0.4009024896782548,0.06445555270540801,3.5000235160752095e-05,12.67235713145811,25.4485681479743,nan,0.10159343636809219,nan
118.73,181.34231567382812,-212.8321075439453,-19.528337478637695,182.48262717957058,-213.09867757261551,-19.52989111840769,1.1710560721461647,0.4009497467519896,0.06447373279448787,3.570567955768187e-05,12.623993345592478,25.35937478913392,nan,nan,nan
118.74000000000001,181.3482666015625,-212.8406524658203,-19.53005599975586,182.48861603110063,-213.10740625351067,-19.532084001753063,1.1711355675100992,0.40099708971300396,0.06449197161612318,3.500854094482615e-05,12.620285993173672,26.16846760193677,nan,0.11982947229968856,nan
118.75,181.354248046875,-212.84921264648438,-19.531740188598633,182.48284592004265,-213.1059107398021,-19.533694795590208,1.1574242484586172,0.40093425838081914,0.06448723589572661,3.569229309611054e-05,13.101062706196398,24.973846035922236,7.03077250242998,nan,nan
118.76,181.36026000976562,-212.85777282714844,-19.53339195251465,182.48884844545603,-213.1145701921727,-19.53397220649998,1.157435562159812,0.40098140118071196,0.06450548436939699,3.499567068711104e-05,12.952164181639773,24.807666185177542,nan,1.4606882990766086,nan
118.77,181.36630249023438,-212.86631774902344,-19.535009384155273,182.49490665835373,-213.12325790876503,-19.535641140392364,1.1574826189193304,0.40102863062077576,0.06452379284457208,3.5700930088969804e-05,12.900834202110747,25.568820970728872,nan,nan,nan
118.78,181.3723602294922,-212.8748779296875,-19.53659439086914,182.50098228591244,-213.13193281088826,-19.536658025122644,1.1575253613794991,0.40107594589184103,0.06454216035653795,3.500397947177661e-05,12.839419050610369,24.44460522252731,nan,0.2716897078489524,nan
118.79,181.3784637451172,-212.8834228515625,-19.538148880004883,182.5070977781341,-213.1406190375535,-19.53825807805837,1.1575684301571751,0.40112334807954153,0.0645605881372238,3.5709583002186234e-05,12.78718016017381,25.441716826365976,nan,nan,nan
118.8,181.38458251953125,-212.89198303222656,-19.5396728515625,182.50858850341578,-213.14188083764466,-19.540312187306323,1.151450725698328,0.40106045397397094,0.06455581734720411,3.499112592429497e-05,13.338628914322026,24.13505711094913,6.412253803165638,0.3205151646615675,nan
118.81,181.39073181152344,-212.90052795410156,-19.54116439819336,182.51476064181477,-213.1505392328926,-19.541855361862407,1.1514976892202777,0.4011076557354985,0.06457425420060497,3.569619947530019e-05,13.289087729652737,24.873940648313173,nan,nan,nan
118.82000000000001,181.39691162109375,-212.90907287597656,-19.542627334594727,182.52094816581274,-213.15918381855846,-19.542679730191256,1.1515266563168698,0.4011549432712902,0.06459275038928132,3.4999434526363006e-05,13.224715315150972,24.81733381376191,nan,0.33602391255917335,nan
118.83,181.4031219482422,-212.91763305664062,-19.5440616607666,182.52717506498058,-213.16784059031167,-19.544158648433193,1.1515638187098682,0.4012023176146835,0.06461130705673993,3.5704855914438767e-05,13.175581810342456,24.068544982978604,nan,nan,nan
118.84,181.40936279296875,-212.92617797851562,-19.545467376708984,182.53345358141036,-213.1765231079541,-19.54703473172865,1.1516315561387653,0.4012497780339701,0.06462992336900039,3.5007758595869625e-05,13.194621627601402,24.893599166884034,nan,1.4334098179935981,nan
118.85000000000001,181.41555786132812,-212.93472290039062,-19.546844482421875,182.57230446747153,-213.20339505475212,-19.548502844660714,1.1875395519808334,0.4011868220220586,0.06462511513411381,3.5691490081251664e-05,12.78622751407403,24.95600019166364,14.174053520296647,nan,nan
118.86,181.42169189453125,-212.94326782226562,-19.548192977905273,182.57854594530534,-213.21208631127024,-19.54948334169352,1.1876768667705215,0.40123408177425135,0.06464373996476586,3.4994908300991025e-05,12.709098679617085,25.115970124780873,nan,0.13135163093243749,nan
118.87,181.42771911621094,-212.95181274414062,-19.549516677856445,182.58470857146565,-213.2207848138136,-19.550864653782654,1.1878435885561134,0.4012814282244894,0.06466242548248523,3.570014660675816e-05,12.6659471235633,24.857127785012715,nan,nan,nan
118.88,181.43365478515625,-212.9603729248047,-19.550813674926758,182.590718574517,-213.22943083020203,-19.549271351426466,1.1879356665528964,0.4013288606931398,0.06468117093666209,3.500323601240956e-05,12.63783385401503,24.317714776311476,nan,6.1402439340345385,nan
118.89,181.43946838378906,-212.9689178466797,-19.55208396911621,182.5966687782622,-213.23812819866208,-19.55057269882332,1.1881032154325504,0.40137638013626514,0.06469997734739308,3.5708819352864735e-05,12.587926744109472,24.869717956058302,nan,nan,nan
118.9,181.44515991210938,-212.9774627685547,-19.553329467773438,182.62755134024806,-213.24725301919187,-19.551737860537443,1.2127814320347716,0.40131336130277234,0.06469512727861593,3.4990402836876224e-05,13.680592727285374,24.720143681198312,17.310223449460224,0.0036027081775887202,nan
118.91,181.4507598876953,-212.9860076904297,-19.554550170898438,182.63333258375744,-213.2559283670972,-19.552988966240914,1.2129871353498642,0.40136067980826445,0.06471394158937781,3.5695457124075365e-05,13.63110683064982,24.973359123822153,nan,nan,nan
118.92,181.45623779296875,-212.9945526123047,-19.55574607849121,182.63901555756047,-213.26461706777383,-19.555005419199652,1.2132182817187573,0.40140808427373714,0.0647328161222784,3.4998730776228063e-05,13.533795698742964,24.745494491026204,nan,0.4394831820095353,nan
118.93,181.4615936279297,-213.0030975341797,-19.556917190551758,182.64457599351806,-213.27329274106884,-19.556217916390235,1.21344683282923,0.4014555756039577,0.0647517518193338,3.570413376595286e-05,13.48783535958758,24.561224326020852,nan,nan,nan
118.94,181.46685791015625,-213.0116424560547,-19.558067321777344,182.65002023414704,-213.28195990021803,-19.556882791849894,1.2136498706964154,0.4015031531954649,0.06477074804559965,3.5007074334229654e-05,13.469636007480723,24.71782000488333,nan,0.1945881625386262,nan
118.95,181.47201538085938,-213.0201873779297,-19.559192657470703,182.6722020973221,-213.2941342657343,-19.558074216784647,1.2310549551587764,0.4014400722451033,0.06476585349987841,3.569078937957067e-05,13.862814695571203,24.90175473266105,3.758717705811853,nan,nan
118.96000000000001,181.47708129882812,-213.0287322998047,-19.5602970123291,182.6774878218818,-213.30281871606405,-19.559830952271245,1.231299882798549,0.40148744865200364,0.06478485702786115,3.499424465718209e-05,13.789533038346043,24.960993155456563,nan,0.26744329915701026,nan
118.97,181.482177734375,-213.03729248046875,-19.561487197875977,182.68273286676302,-213.31149354945845,-19.56101157115286,1.2314702913018587,0.40153491181383877,0.06480392192599783,3.569946626694105e-05,13.74403062534718,24.105750235407793,nan,nan,nan
118.98,181.4873046875,-213.04583740234375,-19.562761306762695,182.68802795974202,-213.3201783901365,-19.562890356615288,1.231665283565524,0.4015824611771524,0.06482304763197483,3.5002591962278764e-05,13.691540920470235,24.744458005287893,nan,0.26383541246556896,nan
118.99000000000001,181.4924774169922,-213.05438232421875,-19.56412124633789,182.693353649093,-213.3288540928473,-19.564249819763567,1.2318435343540546,0.4016300975723566,0.06484223498011148,3.5708159407660836e-05,13.644772770998006,24.77392191296296,nan,nan,nan
119.0,181.49769592285156,-213.06292724609375,-19.56556510925293,182.701889050237,-213.33900053054586,-19.56567618869377,1.2354341580064767,0.4015669540150279,0.06483729203293498,3.640512058038411e-05,13.614797066584549,24.88811935366181,0.11296595192711219,nan,nan
119.01,181.50296020507812,-213.07147216796875,-19.567089080810547,182.70729828203793,-213.34767974416613,-19.567203772150663,1.2356054556039173,0.4016143889501415,0.06485648602744178,3.713853244215711e-05,13.567816431426769,25.011005195201765,nan,nan,nan
119.02,181.50823974609375,-213.0800323486328,-19.568695068359375,182.7127463850166,-213.35635946722843,-19.56884495064908,1.2357964808759088,0.40166190999993323,0.06487574107701306,3.635607486866016e-05,13.52389453255909,23.95793712120561,nan,0.0006192579657644459,nan
119.03,181.51358032226562,-213.0885772705078,-19.570383071899414,182.7182319972452,-213.36503889596887,-19.57053765351637,1.2359679252630846,0.40170951799789584,0.06489505799954173,3.708812875607509e-05,13.477271997320207,24.93629950053762,nan,nan,nan
119.04,181.51893615722656,-213.0971221923828,-19.5721492767334,182.72376251592416,-213.37372592812997,-19.572824105978768,1.2361701487401795,0.4017572124130765,0.06491443628369759,3.6308394042935676e-05,13.443700194772427,24.682052920088406,nan,0.1722697667262598,nan
119.05,181.52435302734375,-213.1056671142578,-19.573993682861328,182.74292600868827,-213.39862811968115,-19.574634539675635,1.253294327865161,0.401694006137028,0.06490944140389761,3.7015545422072806e-05,12.424675213379444,25.499325991086444,16.63714920890588,nan,nan
119.06,181.52978515625,-213.11422729492188,-19.575916290283203,182.74851253455515,-213.40734229095935,-19.57530571820371,1.2534804331663294,0.4017414988410183,0.06492882569462965,3.623947474085023e-05,12.380059964814317,24.40588002088068,nan,1.0531470209369898,nan
119.07000000000001,181.53526306152344,-213.12277221679688,-19.57791519165039,182.75415354537543,-213.41607420274505,-19.57730794240406,1.253682749078784,0.401789078380029,0.06494827205815486,3.696810757801313e-05,12.334288644916624,25.28717308192227,nan,nan,nan
119.08,181.540771484375,-213.13131713867188,-19.57999038696289,182.75981330091312,-213.42478928346242,-19.57817801307989,1.2538708605496898,0.4018367442769997,0.0649677800526095,3.6194654746853813e-05,12.370065864043534,25.243334619388694,nan,0.9644562346272313,nan
119.09,181.54632568359375,-213.13986206054688,-19.58213996887207,182.76552556322758,-213.4335207687863,-19.580321756194156,1.2540682155773466,0.4018844972851269,0.06498735039268692,3.6922143108522045e-05,12.323638099802599,25.363285449849222,nan,nan,nan
119.10000000000001,181.55189514160156,-213.14840698242188,-19.584365844726562,182.8092211086201,-213.46033115610618,-19.58165854166297,1.295443015712244,0.4018212278726923,0.06498229975732032,3.612882347766449e-05,12.341339308731161,26.088994095971504,14.740458668717878,0.42760094693398804,nan
119.11,181.55751037597656,-213.15696716308594,-19.58666229248047,182.81506210490826,-213.46909982844863,-19.583942379461412,1.295712371497766,0.4018687788882621,0.0650018754096571,3.6854324045418716e-05,12.29661473092187,25.409256212792616,nan,nan,nan
119.12,181.56317138671875,-213.16551208496094,-19.58902931213379,182.82093211297124,-213.47786339152208,-19.58593494233516,1.2959687335495718,0.4019164162005,0.06502151295568856,3.608690380441022e-05,12.316976034369738,26.317105346669194,nan,0.08754973690757235,nan
119.13,181.56884765625,-213.17405700683594,-19.591405868530273,182.82684069712275,-213.4866312394701,-19.588328177350782,1.296247898348963,0.4019641405122836,0.06504121304750717,3.681139984621041e-05,12.26575569334545,26.114500336083776,nan,nan,nan
119.14,181.57456970214844,-213.18260192871094,-19.593765258789062,182.83278226824945,-213.49539853812834,-19.590702781249583,1.296514542581836,0.40201195142156776,0.06506097533632407,3.6046417234434374e-05,12.225146372707433,26.152759165322333,nan,0.0001673909450622667,nan
119.15,181.58030700683594,-213.19114685058594,-19.596092224121094,182.8625636488884,-213.50822922911377,-19.592908459049724,1.3208835933648901,0.4019486193154937,0.0650558659089471,3.6746817316995194e-05,12.844771277996605,26.385434958171412,9.087736009466852,nan,nan
119.16,181.58609008789062,-213.19969177246094,-19.598379135131836,182.86861653950922,-213.51699018935716,-19.59517289389586,1.3211974358320158,0.4019962279739722,0.0650756328288087,3.598516685513339e-05,12.811994318800782,26.465723419957936,nan,0.0027218096931750308,nan
119.17,181.59190368652344,-213.20823669433594,-19.600624084472656,182.87470216234524,-213.52575143309275,-19.59746132985915,1.3215133529084382,0.40204392352123464,0.06509546249346988,3.670693585895051e-05,12.756524858762758,26.392561678510546,nan,nan,nan
119.18,181.59774780273438,-213.21678161621094,-19.602827072143555,182.88083979242447,-213.53453125129664,-19.601304691545224,1.3218518079749575,0.4020917056019921,0.06511535461029358,3.5947599210928726e-05,12.506458482428286,26.085275293470986,nan,1.7037681678743444,nan
119.19,181.60362243652344,-213.22532653808594,-19.60498809814453,182.88698814110805,-213.54329170591075,-19.603525766396995,1.3221692471344029,0.40213957484938095,0.06513530974784847,3.666854947721964e-05,12.45851465610228,25.99842641742565,nan,nan,nan
119.2,181.60952758789062,-213.23387145996094,-19.607105255126953,182.93202435557595,-213.56427606353435,-19.60534359180111,1.3631463626692124,0.4020761793709217,0.06513013746701815,3.588941783863612e-05,12.984753717814117,27.089971192935735,14.65213354946068,0.048622243051227136,nan
119.21000000000001,181.61546325683594,-213.24241638183594,-19.609180450439453,182.9383026839706,-213.5730497012956,-19.607477440105782,1.3635341734489241,0.4021238460830248,0.06515009650678658,3.6608709028142756e-05,12.936599400958027,27.037235272860773,nan,nan,nan
119.22,181.62142944335938,-213.25096130371094,-19.61121368408203,182.9445951158661,-213.5818083484395,-19.608268638619602,1.3639046290699917,0.4021715992626182,0.06517011824770139,3.585474212177018e-05,13.058570179676472,27.16126367525785,nan,1.1398991829704839,nan
119.23,181.62742614746094,-213.25950622558594,-19.61320686340332,182.9509332448078,-213.59058123142952,-19.610309391821367,1.3642910582289312,0.4022194394995951,0.06519020320822366,3.657333529392573e-05,13.005700072917957,27.09563214556031,nan,nan,nan
119.24000000000001,181.63345336914062,-213.26803588867188,-19.615161895751953,182.9573162891987,-213.59936768653023,-19.613600792438184,1.3646963869008746,0.4022673665032039,0.06521035117031296,3.582148237645381e-05,12.802462134001958,27.631195712220535,nan,1.1203385378998159,nan
119.25,181.63949584960938,-213.27658081054688,-19.617076873779297,182.91994787303398,-213.58373030456474,-19.61554851503637,1.3167765686888693,0.4022039079524067,0.06520511282505233,3.651663242847243e-05,13.174250721972305,25.26504674716186,23.68324718184489,nan,nan
119.26,181.6455841064453,-213.28512573242188,-19.61895179748535,182.92631979365726,-213.59245528427758,-19.61842671687885,1.317093629796956,0.40225163215581683,0.06522526396777088,3.576775448248903e-05,13.077493948903806,25.329660904737345,nan,0.5972381583718417,nan
119.27,181.6516876220703,-213.29367065429688,-19.620792388916016,182.93270902599195,-213.60117007029982,-19.62033703042713,1.3174110730895188,0.4022994433081615,0.06524547852750366,3.648421589377734e-05,13.035715211367567,25.086156870192315,nan,nan,nan
119.28,181.65782165527344,-213.3022003173828,-19.622594833374023,182.93912628686994,-213.60988456323034,-19.6222111383556,1.317729600986206,0.40234734135143285,0.06526575648468717,3.7215061440562716e-05,12.992899333803853,25.856024885005098,nan,nan,nan
119.29,181.6639862060547,-213.3107452392578,-19.624361038208008,182.94557132669678,-213.61859865187375,-19.624049861062584,1.3180418210139242,0.4023953264301312,0.06528609798382164,3.796043562304516e-05,12.95191194065189,25.05297605418671,nan,nan,nan
119.3,181.67018127441406,-213.3192901611328,-19.6260929107666,182.96828431738967,-213.62657427246853,-19.624535401924387,1.3339780587010113,0.4023318041955545,0.06528078959533708,3.709986702747909e-05,13.765516555907032,25.386085280056804,7.677766094095665,0.9317775413523226,nan
119.31,181.67640686035156,-213.32781982421875,-19.627790451049805,182.97481977775735,-213.63527093605947,-19.626291713336276,1.334318004252745,0.4023795861866021,0.06530113351258783,3.784198545161149e-05,13.718935971786834,26.079223127189405,nan,nan,nan
119.32000000000001,181.68264770507812,-213.33636474609375,-19.629451751708984,182.98139915280115,-213.64398206734435,-19.62959004249566,1.3346848910587026,0.4024274547911931,0.06532154089844283,3.701140796670424e-05,13.621709326002499,25.23219508367433,nan,1.5631822988189792,nan
119.33,181.6889190673828,-213.3448944091797,-19.63108253479004,182.98798767121332,-213.65267762093512,-19.631296184094982,1.3350317556307998,0.40247541053110575,0.06534201218769205,3.7751352382991423e-05,13.582574191323554,25.84996580134697,nan,nan,nan
119.34,181.69522094726562,-213.3534393310547,-19.632680892944336,182.99458242313906,-213.66135559556727,-19.63112290485077,1.3353483059719988,0.40252345318328514,0.06536254724446583,3.692604839285633e-05,13.608711314602164,25.138607676391263,nan,2.1607758406634203,nan
119.35000000000001,181.7015380859375,-213.36196899414062,-19.634244918823242,183.0371111625638,-213.67582888844083,-19.63272501831032,1.3719569185498346,0.4024598674725997,0.0653571654889276,3.7639868795922685e-05,14.611497857434175,26.93827897827211,17.673941216459397,nan,nan
119.36,181.7078857421875,-213.37051391601562,-19.635780334472656,183.04381732721717,-213.68448978713283,-19.63148280879143,1.3723383388401986,0.4025077067669855,0.0653777022045646,3.682072953123498e-05,15.01468281894695,26.50862599763908,nan,5.120480768012221,nan
119.37,181.71426391601562,-213.37904357910156,-19.637283325195312,183.05057808627578,-213.69317548816744,-19.633018500705752,1.3727463737556838,0.4025556330880574,0.06539830301668696,3.755576994251904e-05,14.958858828615503,27.247928905387408,nan,nan,nan
119.38,181.7206573486328,-213.38758850097656,-19.638757705688477,183.05738031551476,-213.70187516509833,-19.63617826817739,1.3731755353676913,0.40260364625048034,0.06541896782761075,3.674158451474365e-05,14.619148892329568,26.130689397688656,nan,1.7480205068921562,nan
119.39,181.72708129882812,-213.3961181640625,-19.640201568603516,183.06419029975686,-213.71056033420868,-19.637672376365526,1.3735868212618574,0.40265174671966286,0.06543969701518401,3.7474819442853824e-05,14.570671236321909,26.85442342999732,nan,nan,nan
119.4,181.73353576660156,-213.40464782714844,-19.641616821289062,183.05063157034047,-213.71609408727306,-19.638308612315097,1.3534219864546582,0.4025880969804283,0.06543423798286988,3.6642682739225004e-05,14.094864974791493,26.35806773478575,5.822944846893277,0.49345572159764167,nan
119.41,181.74000549316406,-213.41317749023438,-19.64300537109375,183.0574501738894,-213.72478281574365,-19.639739238038878,1.353798003131331,0.40263599380034837,0.06545496803310877,3.737330717902888e-05,14.043694273123464,26.192078609373304,nan,nan,nan
119.42,181.74642944335938,-213.42172241210938,-19.644365310668945,183.06425782220904,-213.73346711134383,-19.640658097020445,1.3542046141685387,0.4026839773885664,0.06547576230765666,3.656957318412979e-05,14.099456199719897,25.517011772676852,nan,0.15164970074315148,nan
119.43,181.75279235839844,-213.4302520751953,-19.64569664001465,183.07101107734613,-213.74215490694638,-19.642030314525815,1.354620762199154,0.40273204817669134,0.06549662115135613,3.72986228673918e-05,14.048235400015516,26.31063336283322,nan,nan,nan
119.44,181.759033203125,-213.43878173828125,-19.647003173828125,183.07767772903023,-213.75084693561675,-19.643985399417797,1.35507091329209,0.4027802060299359,0.06551754451579538,3.6499368016212615e-05,13.903009892061153,26.019908719142418,nan,0.2402301350148324,nan
119.45,181.76516723632812,-213.4473114013672,-19.648283004760742,183.06634871129995,-213.74901244287426,-19.645235026422064,1.3357043233546355,0.4027164923535006,0.06551200476936825,3.720353671991994e-05,14.1081677642206,25.46643477663036,4.4563627506427395,nan,nan
119.46000000000001,181.7711944580078,-213.45584106445312,-19.649538040161133,183.07276446286158,-213.75767675698003,-19.646859810669504,1.336112433791205,0.40276444628096525,0.06553292820001679,3.6409601598464706e-05,14.020987775658844,25.419671222075582,nan,0.0684223062625007,nan
119.47,181.777099609375,-213.46437072753906,-19.650768280029297,183.07906049340156,-213.76633860297466,-19.648139564990032,1.3365229707988768,0.4028124873023634,0.06555391639049848,3.713490042975554e-05,13.975937545225536,25.359416242435298,nan,nan,nan
119.48,181.7828826904297,-213.472900390625,-19.6519718170166,183.08523210378524,-213.7749942097762,-19.648504440000224,1.336931820527993,0.40286061531311834,0.06557496932079832,3.634513931904089e-05,14.086860107111875,25.54409565692998,nan,0.5191007391667143,nan
119.49000000000001,181.78855895996094,-213.48143005371094,-19.653154373168945,183.09129640459744,-213.78365634802884,-19.649728407386295,1.3373396426774797,0.4029088306996603,0.06559608729336683,3.706916736429808e-05,14.03865845163878,25.45218959541531,nan,nan,nan
119.5,181.7941131591797,-213.48997497558594,-19.654312133789062,183.0968896942802,-213.798577801504,-19.651822705898986,1.338831057984669,0.4028450525977995,0.0655904629922715,3.626122239735897e-05,13.300982444236212,24.658878958783433,4.159571914770979,0.41173935501573883,nan
119.51,181.799560546875,-213.49850463867188,-19.655445098876953,183.1027210308252,-213.80726347622317,-19.653011274539065,1.33924052738716,0.40289306376465134,0.0656115802033531,3.69831705930169e-05,13.256391870764062,25.44694645961699,nan,nan,nan
119.52,181.8050537109375,-213.5070343017578,-19.656665802001953,183.10851868152008,-213.81595222292265,-19.65467786148969,1.3395727540750195,0.40294116184321194,0.0656327623680142,3.620227663953631e-05,13.16821418592162,25.36769551040457,nan,0.1309113571438868,nan
119.53,181.81057739257812,-213.51556396484375,-19.65797233581543,183.11434812436391,-213.82463801448566,-19.655989546169973,1.3399062730945321,0.402989347193003,0.06565400976442888,3.692314333136421e-05,13.12871008006554,25.298268497605314,nan,nan,nan
119.54,181.81613159179688,-213.5240936279297,-19.659360885620117,183.12019623600622,-213.8333109416381,-19.65535328135785,1.3402298326279056,0.403037619749718,0.06567532240886736,3.614597610668112e-05,13.430083840949079,25.678290914862963,nan,2.733667804942448,nan
119.55,181.82171630859375,-213.53262329101562,-19.66083335876465,183.08684724641867,-213.8208138148795,-19.65671439872215,1.297546543950748,0.40297377721877053,0.06566961003487652,3.6842926301698937e-05,13.709894155810053,24.55635674242989,17.8541886154612,nan,nan
119.56,181.8273468017578,-213.54115295410156,-19.662385940551758,183.09271839797,-213.829450260894,-19.6578075081181,1.2978064476831301,0.40302184527342627,0.06569092108605247,3.6070293387265374e-05,13.793710776092254,24.84761532243955,nan,0.13435714231387583,nan
119.57000000000001,181.8330078125,-213.54969787597656,-19.66402244567871,183.0986272237959,-213.83808954796956,-19.659428455241688,1.2980690873262486,0.4030700004954053,0.06571229755628283,3.678835084647859e-05,13.751062027662849,24.012014591914614,nan,nan,nan
119.58,181.8386993408203,-213.5582275390625,-19.66573715209961,183.10456711610456,-213.8467270227289,-19.66082328559064,1.2983363673035389,0.40311824284429976,0.0657337394824718,3.601916217996101e-05,13.811445076909267,24.845514641958054,nan,0.06295659400328403,nan
119.59,181.84442138671875,-213.56675720214844,-19.667530059814453,183.1105423086175,-213.85536628519003,-19.662603123823008,1.2986075875267864,0.4031665726438692,0.06575524711195464,3.673638390029924e-05,13.765791492620838,24.87226884193191,nan,nan,nan
119.60000000000001,181.8501739501953,-213.57528686523438,-19.669403076171875,183.0968646701285,-213.846078302999,-19.66462309014558,1.2757698076849757,0.4031026652447458,0.0657494428797472,3.594868569950098e-05,14.54402647057324,24.33360014108851,13.042491200697363,0.01512098194999865,nan
119.61,181.85597229003906,-213.5838165283203,-19.67135238647461,183.1028831896485,-213.85466746313173,-19.666562607776616,1.2759976341800305,0.4031507902458088,0.06577094805760783,3.6664255782180186e-05,14.497991156177683,24.476651523817477,nan,nan,nan
119.62,181.86178588867188,-213.59234619140625,-19.673377990722656,183.10893600994535,-213.86325817989194,-19.668895469423518,1.2762432462093267,0.4031990022921163,0.06579251889442905,3.5902472463961545e-05,14.39656946250607,24.268124273051747,nan,0.06682898537355857,nan
119.63,181.86764526367188,-213.60089111328125,-19.675479888916016,183.11501815156367,-213.87184705465666,-19.67099248218043,1.2764702818449674,0.40324730168628625,0.06581415562014781,3.661735921527958e-05,14.35243766079291,23.700148558795973,nan,nan,nan
119.64,181.87351989746094,-213.6094207763672,-19.677656173706055,183.1151527177781,-213.88736516787426,-19.67530512467484,1.2723642059923497,0.4027358174987612,0.06508995397468618,3.58584626333475e-05,17.02939795087934,26.940408228214313,nan,3.0854358490418616,0.06416988505905478
119.65,181.8794403076172,-213.61795043945312,-19.67990493774414,183.09935695140788,-213.88040283521883,-19.677558360877022,1.2478314727012256,0.4026712273912883,0.06508490195898373,3.655016342435738e-05,17.75538380520226,26.795309768888725,12.12519877369735,nan,nan
119.66,181.8853759765625,-213.62648010253906,-19.682228088378906,183.10549886677276,-213.8889807995862,-19.681193349767067,1.2480414872308008,0.402718240553563,0.0651033254175647,3.579524463077962e-05,17.58832250987404,26.46488263638007,nan,1.1255343806832234,nan
119.67,181.891357421875,-213.635009765625,-19.684616088867188,183.11167206447104,-213.8975404316811,-19.683620510849316,1.2482352217149406,0.4027653396765231,0.06512180801674818,3.6508072913284714e-05,17.538488851406708,26.714118378917313,nan,nan,nan
119.68,181.89735412597656,-213.64353942871094,-19.687015533447266,183.1178744747658,-213.90610249469728,-19.68630053652354,1.2484429488964974,0.40281252490119557,0.06514034933780799,3.57559327602528e-05,17.479572498466307,26.459868070129552,nan,0.030706427287316772,nan
119.69,181.9033966064453,-213.65206909179688,-19.689395904541016,183.12410620393462,-213.9146611092305,-19.68876599455163,1.2486340079498708,0.40285979637584085,0.06515895007347144,3.646827233525825e-05,17.42934653793458,26.573480464219895,nan,nan,nan
119.7,181.90945434570312,-213.6605987548828,-19.691743850708008,183.1357532939965,-213.91888378032945,-19.692573964116683,1.2532042746670027,0.4027951672688273,0.06515386337250095,3.5697248174627496e-05,18.28539324338382,26.638345946972155,6.871129865640116,1.2336464235795896,nan
119.71000000000001,181.91554260253906,-213.66912841796875,-19.69405174255371,183.14206202741678,-213.9274179081165,-19.694992891232825,1.2534210170904256,0.4028422376183692,0.06517247138826282,3.640827485862518e-05,18.245833164514003,26.631633712753885,nan,nan,nan
119.72,181.92166137695312,-213.6776580810547,-19.696317672729492,183.1484006301332,-213.93593542088894,-19.696118045211215,1.2536332874552416,0.4028893939882564,0.06519113841478591,3.566222201213051e-05,18.17803854304293,26.573961511279947,nan,1.0686726696542266,nan
119.73,181.9278106689453,-213.68618774414062,-19.69853973388672,183.1547655309871,-213.94446854092635,-19.698443186258945,1.2538449715964535,0.40293663652791595,0.06520986508588282,3.637288025886546e-05,18.132601266675344,26.569745131162268,nan,nan,nan
119.74000000000001,181.93397521972656,-213.69471740722656,-19.70071792602539,183.1611571113707,-213.9530078749427,-19.701267535127197,1.2540692416938013,0.4029839653766198,0.06522865107007954,3.5629238223418416e-05,18.09708903451355,26.456588164153796,nan,0.19967653065162988,nan
119.75,181.94017028808594,-213.70323181152344,-19.70285415649414,183.16077249456765,-213.96444572279708,-19.703604454084275,1.2482399676574127,0.4029192971177742,0.06522352689025027,3.6317259356318375e-05,17.336323493995952,26.794011476263645,5.494400629435632,nan,nan
119.76,181.94639587402344,-213.71176147460938,-19.70494842529297,183.16719519183104,-213.97302126929344,-19.707903166201252,1.2484455875895055,0.40296642462750604,0.06524231962558572,3.5576806109282705e-05,17.521454768244375,26.374107467376533,nan,2.99122883584316,nan
119.77,181.95265197753906,-213.7202911376953,-19.706998825073242,183.1736474949574,-213.98157080904173,-19.710088719185634,1.2486419293216964,0.40301363822620534,0.06526117223404009,3.628600007592064e-05,17.49433564867648,26.456562388795692,nan,nan,nan
119.78,181.9589385986328,-213.72882080078125,-19.70901107788086,183.18012605934788,-213.99011977091072,-19.712234040471024,1.2488339975698557,0.4030609380553395,0.06528008464289109,3.700951483353783e-05,17.466979432269024,26.32941947668073,nan,nan,nan
119.79,181.96524047851562,-213.7373504638672,-19.710981369018555,183.18663060817164,-213.9986681221059,-19.714340045155613,1.249036447840452,0.40310832425940873,0.06529905699663893,3.774749488233429e-05,17.441002865853285,26.270726044614022,nan,nan,nan
119.8,181.97157287597656,-213.74586486816406,-19.712913513183594,183.19509448092134,-214.0009751720678,-19.717996086067654,1.2498448773634367,0.4030436166656528,0.06529389152395686,3.6897673064429544e-05,18.71710985676697,27.469564065725347,8.316726989144968,1.283665457395032,nan
119.81,181.97792053222656,-213.75439453125,-19.714805603027344,183.20166457633815,-214.0094949469704,-19.720042992969574,1.2500612536402755,0.403090801313992,0.06531287005146882,3.763276619660632e-05,18.703564727215117,26.832155990487532,nan,nan,nan
119.82000000000001,181.9842987060547,-213.76290893554688,-19.71666145324707,183.20826281191344,-214.0179936985164,-19.7202161980287,1.2502675733379232,0.40313807210657004,0.0653319084345648,3.681248488742509e-05,18.273494331604276,26.93212163677932,nan,2.1483982831854957,nan
119.83,181.99070739746094,-213.7714385986328,-19.71847915649414,183.21488284073473,-214.02651250539427,-19.7221715504345,1.250472649680172,0.403185429196247,0.06535100721024356,3.7545752248772246e-05,18.25068631666909,26.416963059817988,nan,nan,nan
119.84,181.99713134765625,-213.77996826171875,-19.72026252746582,183.2215278582528,-214.03502742737587,-19.72377769731898,1.2506855518338091,0.4032328727188948,0.0653701661425027,3.673074134249865e-05,18.181931571663792,26.16835940215161,nan,0.0629512277252904,nan
119.85000000000001,182.0035858154297,-213.78848266601562,-19.722009658813477,183.2185787597431,-214.03367434747037,-19.72573931327684,1.2394921241010042,0.4031681256012957,0.06536495641886284,3.7438634315914054e-05,18.922159142774586,26.879732479841696,6.311364726104268,nan,nan
119.86,182.01007080078125,-213.79701232910156,-19.72372055053711,183.22526375286472,-214.04216621809914,-19.72812068434644,1.2396829035126342,0.4032153673475262,0.06538412095293143,3.6629721025941255e-05,19.03771088276909,26.550379595405616,nan,0.18210872216697066,nan
119.87,182.01657104492188,-213.80552673339844,-19.725399017333984,183.2319733736513,-214.0506519050852,-19.729941873351226,1.2398829815817982,0.4032626953087579,0.06540334610344455,3.73587679112466e-05,19.018737191970168,26.906760784365993,nan,nan,nan
119.88,182.02308654785156,-213.81405639648438,-19.72704315185547,183.23870779011236,-214.05912866918803,-19.73092461368228,1.2400848717848811,0.4033101096198758,0.06542263168152643,3.655474676267207e-05,18.8381997137995,26.139504556543066,nan,0.4195654706956645,nan
119.89,182.02963256835938,-213.82257080078125,-19.728654861450195,183.24546366897243,-214.06761302966055,-19.73267317316101,1.2402850906066323,0.40335761043524,0.06544197815425332,3.728231182829977e-05,18.81665105459667,26.686647187414337,nan,nan,nan
119.9,182.03619384765625,-213.83108520507812,-19.730234146118164,183.239989598403,-214.07272842772048,-19.734525537616125,1.2278167911402478,0.40329282356895263,0.06543672041349391,3.646058574818708e-05,18.62301619062509,26.47210480738365,2.2283539417895657,0.00011066485226815421,nan
119.91,182.04278564453125,-213.83961486816406,-19.731781005859375,183.246767781183,-214.08120950591174,-19.736214028698083,1.2279904747417323,0.403340122384326,0.0654560718714653,3.7185864138124e-05,18.605758253413654,26.00084022403309,nan,nan,nan
119.92,182.04940795898438,-213.84812927246094,-19.733299255371094,183.2535686963663,-214.08968623225593,-19.737470738007,1.2281572568465997,0.40338750746594965,0.0654754840219038,3.639206746504748e-05,18.51253990097249,26.43591940310706,nan,0.10523160036678636,nan
119.93,182.0560302734375,-213.8566436767578,-19.734785079956055,183.260390718563,-214.09816639270062,-19.73909556342417,1.22834680948298,0.40343497896904085,0.06549495729050345,3.711607671558488e-05,18.493400276615272,26.269481050599914,nan,nan,nan
119.94,182.0626983642578,-213.86517333984375,-19.736242294311523,183.26723874645117,-214.10662478745482,-19.738406237013844,1.2285035679785468,0.4034825370271787,0.06551449154984303,3.632662837209556e-05,18.080842791780384,25.46521123833012,nan,3.417179066603476,nan
119.95,182.06936645507812,-213.87368774414062,-19.7376708984375,183.2605022361938,-214.09965497794784,-19.740090345818416,1.2123825689666319,0.40341771018833655,0.06550918265997933,3.702635520823603e-05,19.30816630092592,26.049615269267115,15.86859786974546,nan,nan
119.96000000000001,182.07606506347656,-213.8822021484375,-19.739070892333984,183.26738459220093,-214.10806927665237,-19.739947182717167,1.2125423485441282,0.4034650660191962,0.06552872128950586,3.624205120212752e-05,19.13110524349186,25.949890441781637,nan,1.818417094739447,nan
119.97,182.08279418945312,-213.89071655273438,-19.740442276000977,183.27428478058536,-214.116497770659,-19.741423436989123,1.2126944997818132,0.403512508188084,0.065548321259034,3.6962900659756075e-05,19.095417748836454,26.039859736889287,nan,nan,nan
119.98,182.08944702148438,-213.89923095703125,-19.74178695678711,183.28116711751431,-214.12493390069855,-19.74380399600484,1.2129067047835538,0.4035600368278662,0.06556798247733986,3.6182605183260744e-05,19.144766374524263,25.863652419403508,nan,0.5715471793515431,nan
119.99000000000001,182.0960235595703,-213.90774536132812,-19.74310302734375,183.2879788661367,-214.13336150359507,-19.745237067597845,1.2131218614100656,0.40360765209485183,0.0655877053163565,3.690246165359014e-05,19.118982136039673,26.048518955681185,nan,nan,nan
120.0,182.1024932861328,-213.916259765625,-19.744394302368164,183.28024358605012,-214.13732242852484,-19.745553246568903,1.1983179098366736,0.403542785020362,0.06558234156282892,3.610404286558492e-05,18.791847663180352,25.6643588430886,2.320797156604829,0.6741548913741567,nan
120.01,182.1088409423828,-213.92477416992188,-19.74566078186035,183.2868138881693,-214.1457444677159,-19.74692420220601,1.1985198078225594,0.40359019782985817,0.06560206811866455,3.682209368579877e-05,18.76188569434936,25.564108149280752,nan,nan,nan
120.02,182.11505126953125,-213.93328857421875,-19.74690055847168,183.293261526021,-214.15417665967308,-19.749556709866788,1.1987401761572802,0.40363769702555513,0.06562185617566,3.605026912527249e-05,18.87914277363505,25.59258435303716,nan,1.0994336612510311,nan
120.03,182.12115478515625,-213.94180297851562,-19.748117446899414,183.29959027897178,-214.16259833059215,-19.75089184102862,1.1989447434496827,0.4036852827643245,0.06564170607425002,3.676749713487483e-05,18.85690570570295,25.644195944427505,nan,nan,nan
120.04,182.12713623046875,-213.9503173828125,-19.74930763244629,183.3057979149364,-214.1710212836228,-19.75238118352483,1.19915096004682,0.4037329551781656,0.06566161777003811,3.599919497865639e-05,18.87419933828262,25.76072854073328,nan,0.021043798664166845,nan
120.05,182.1330108642578,-213.95883178710938,-19.75047492980957,183.31103463882792,-214.17429170863906,-19.753594129026176,1.1975695055577082,0.4036680476111862,0.06565619588301977,3.669296921904757e-05,19.481928133711364,26.005632051715047,3.090067200215617,nan,nan
120.06,182.1387481689453,-213.96734619140625,-19.75162124633789,183.31700826654156,-214.18270651337596,-19.75647503383081,1.197789833451366,0.4037155173338633,0.06567611063921103,3.592896735373247e-05,19.83808676972307,26.071935981493475,nan,1.745150480804428,nan
120.07000000000001,182.14453125,-213.97586059570312,-19.752851486206055,183.32294335962223,-214.19110950741168,-19.757789478310666,1.1979196875676,0.40376307351482105,0.06569608745582844,3.664387984558744e-05,19.808404673102604,26.288356269744977,nan,nan,nan
120.08,182.1503448486328,-213.984375,-19.754165649414062,183.32891414891398,-214.19950101160478,-19.757558212074994,1.1980468713350207,0.40381071628564685,0.06571612631575205,3.5883100115117824e-05,19.424440864697782,25.957782355849837,nan,1.7873903529141573,nan
120.09,182.15618896484375,-213.99288940429688,-19.755563735961914,183.33491334276505,-214.2079044806602,-19.759027988106844,1.1981797207482707,0.40385844580385394,0.06573622751886213,3.659740730413347e-05,19.392426205636344,25.929337318053914,nan,nan,nan
120.10000000000001,182.1620635986328,-214.00140380859375,-19.75704574584961,183.3372203961003,-214.2075591697027,-19.75995306288258,1.1931060238052265,0.40379349744640786,0.0657307438193662,3.5818053850515886e-05,20.211985721492923,26.100570602105996,6.511256101618531,0.2192202639970967,nan
120.11,182.16796875,-214.00991821289062,-19.758609771728516,183.34328602044096,-214.2159319867078,-19.761583671287134,1.193239793703579,0.40384102403680766,0.06575084739340864,3.653093398207795e-05,20.18039042667356,26.094648927448343,nan,nan,nan
120.12,182.1739044189453,-214.01844787597656,-19.76025390625,183.34937834917164,-214.2243174252258,-19.765176169398625,1.1933756577977968,0.4038886371313315,0.06577101325158534,3.577707805846236e-05,20.579798412620992,26.107954119046127,nan,2.385115013570595,nan
120.13,182.17987060546875,-214.02696228027344,-19.76197624206543,183.3555049982062,-214.2326903076915,-19.766988944099463,1.1935096873650144,0.40393633688775793,0.06579124167030714,3.648948662375467e-05,20.553510681374206,26.621684954787145,nan,nan,nan
120.14,182.1858673095703,-214.0354766845703,-19.76378059387207,183.36166136217113,-214.24106366635817,-19.768973324781367,1.1936434248411043,0.4039841234372521,0.06581153266738572,3.573842503227961e-05,20.581703250005912,26.535974813566,nan,0.005649592916309782,nan
120.15,182.19189453125,-214.0439910888672,-19.765661239624023,183.3963299069716,-214.26497056640034,-19.770833221780958,1.2245502248498796,0.4039191340014149,0.06580598377843158,3.642799564573982e-05,20.16875369506547,26.627251116496936,10.012644938361223,nan,nan
120.16,182.19793701171875,-214.05250549316406,-19.76761817932129,183.402587219321,-214.27337599126392,-19.77248235373739,1.2247406091902702,0.40396671738325146,0.065826276450368,3.568049784538372e-05,20.060291571335473,26.46500706638443,nan,0.10897302998974659,nan
120.17,182.2040252685547,-214.06101989746094,-19.7696533203125,183.40887244217035,-214.2817838384814,-19.774605817815587,1.2249154895975694,0.4040143873408592,0.06584663189783989,3.639125002026136e-05,20.032999381201037,26.507474198354906,nan,nan,nan
120.18,182.2101287841797,-214.0695343017578,-19.77176284790039,183.41518742915576,-214.29018763956879,-19.776140897997653,1.225101383821501,0.40406214400527635,0.06586705015872947,3.564628541698217e-05,19.85933030502654,26.279946563659035,nan,0.3009073380662115,nan
120.19,182.21627807617188,-214.0780487060547,-19.77394676208496,183.42152895323227,-214.29859527834256,-19.778410375415024,1.2252715580828348,0.4041099875344955,0.06588753147957367,3.63567335845991e-05,19.831312893676298,26.42946009608739,nan,nan,nan
120.2,182.22244262695312,-214.08656311035156,-19.77620506286621,183.43666347264374,-214.3151524575947,-19.781045399103373,1.2355601080633745,0.4040449566907647,0.06588191374619058,3.559274256249113e-05,19.409444612016074,26.20914193302071,4.776154875254219,0.16044011544829445,nan
120.21000000000001,182.22862243652344,-214.09507751464844,-19.778533935546875,183.44306791801128,-214.32358358005973,-19.783464868942687,1.2357658206715962,0.40409259680947557,0.06590239601713006,3.630205552682551e-05,19.383533448535477,26.192503391629838,nan,nan,nan
120.22,182.23484802246094,-214.1035919189453,-19.78093147277832,183.44949719164163,-214.33202007423202,-19.786997865448,1.2359566446437544,0.4041403235481932,0.06592294133159463,3.556267021991326e-05,19.71022532810324,26.61587732744766,nan,0.7429257722162668,nan
120.23,182.2410888671875,-214.1121063232422,-19.78333854675293,183.45595541346302,-214.3404506212741,-19.7895376560927,1.2361554403309054,0.4041881370649086,0.06594354991909511,3.6271782162181715e-05,19.697229436911268,26.47105147530688,nan,nan,nan
120.24000000000001,182.2473602294922,-214.12062072753906,-19.785724639892578,183.46244154673997,-214.3488768419371,-19.791311655038367,1.2363473120539126,0.40423603749063863,0.06596422184288685,3.553455932727792e-05,19.478428645911638,26.347733585461494,nan,0.3972066096812623,nan
120.25,182.253662109375,-214.12913513183594,-19.78807830810547,183.43867129207138,-214.34675919467176,-19.793859601891025,1.2048404123192993,0.4041709649219109,0.06595853180723651,3.6221279301461487e-05,19.1838953722109,25.957188414711148,8.352558026148927,nan,nan
120.26,182.25997924804688,-214.1376495361328,-19.790393829345703,183.44515350181254,-214.35517811048004,-19.797201352674026,1.2049908857831277,0.4042186616913192,0.06597920394705228,3.548698700451048e-05,19.52941298851302,26.109902682406375,nan,0.5235304007073236,nan
120.27,182.26632690429688,-214.14614868164062,-19.792665481567383,183.45166302728424,-214.36359251449966,-19.799638328348642,1.2051357456732337,0.4042664451512811,0.06599993957035284,3.619494572362539e-05,19.527169326558255,26.725436822596755,nan,nan,nan
120.28,182.272705078125,-214.1546630859375,-19.794893264770508,183.45819740649657,-214.37200662235682,-19.802033289477816,1.2052722735564423,0.4043143154396098,0.06602073878660819,3.691723798440481e-05,19.52677280410113,26.249936385873138,nan,nan,nan
120.29,182.2790985107422,-214.16317749023438,-19.79707908630371,183.46475627865664,-214.38042035557496,-19.80438569661567,1.2054178494246344,0.4043622727008055,0.06604160174031853,3.765400828704875e-05,19.526222906378315,26.06301600915052,nan,nan,nan
120.3,182.2855224609375,-214.17169189453125,-19.79922103881836,183.43490191191728,-214.37883639381764,-19.804263060618236,1.1679072685376255,0.4042971580487777,0.06603583576121486,3.681065731911236e-05,18.084298214667584,24.95326392014452,13.541842229160164,3.889685827203486,nan
120.31,182.29197692871094,-214.18019104003906,-19.801319122314453,183.44144299449377,-214.38724166100636,-19.80650754409815,1.1679765047935722,0.40434491140482975,0.06605669817179122,3.7544689392392644e-05,18.070268172000464,25.594037491360456,nan,nan,nan
120.32000000000001,182.29844665527344,-214.18870544433594,-19.803377151489258,183.44800703451443,-214.39564851072325,-19.8091719990067,1.1680531145903572,0.4043927514941917,0.06607762436136341,3.673049463085883e-05,18.229404298654874,25.021617477714134,nan,0.13604744386761192,nan
120.33,182.304931640625,-214.1972198486328,-19.805395126342773,183.45459569128238,-214.40405290280745,-19.811339633818218,1.1681364127713274,0.4044406784754797,0.06609861453051197,3.7462840067407206e-05,18.220878225760984,24.847483089198985,nan,nan,nan
120.34,182.3114471435547,-214.2057342529297,-19.807371139526367,183.46120728989104,-214.41245712062315,-19.81357679696778,1.1682128437553951,0.40448869247916946,0.06611966877050006,3.665361687821995e-05,18.29047951564587,25.061921305767648,nan,0.007639315332298749,nan
120.35000000000001,182.3179931640625,-214.2142333984375,-19.809307098388672,183.44157970354746,-214.40656868056178,-19.81551436040052,1.1399465349582403,0.40442353540059744,0.06611382333662678,3.73607688467142e-05,18.58315542451163,25.652132730006933,8.785145238119778,nan,nan
120.36,182.32455444335938,-214.22274780273438,-19.811206817626953,183.44820073846543,-214.4149367332244,-19.816727856173305,1.139977220550963,0.40447134524761647,0.06613487626325447,3.6557344473992505e-05,18.348409091498805,24.707149939609273,nan,0.4513972537804842,nan
120.37,182.3311309814453,-214.2312469482422,-19.813066482543945,183.45484255505124,-214.42330759766475,-19.81873174548014,1.1400206528465475,0.40451924189777433,0.06615599337434509,3.728572237740773e-05,18.336836244871236,25.141699382709334,nan,nan,nan
120.38,182.33773803710938,-214.23976135253906,-19.814889907836914,183.46151088661637,-214.4316705600286,-19.8186726028535,1.1400477489955925,0.4045672254819818,0.06617717477182963,3.648690780392156e-05,17.83112970406635,24.215445048582218,nan,2.6638034254945597,nan
120.39,182.3443603515625,-214.24826049804688,-19.81667709350586,183.46819699135406,-214.4400403873567,-19.82058415373607,1.140089287732028,0.4046152961582242,0.06619842064037135,3.7213918314663974e-05,17.81079174083632,24.569750360949868,nan,nan,nan
120.4,182.35101318359375,-214.25677490234375,-19.818429946899414,183.4808345464821,-214.45643480488638,-19.821706863196113,1.147332178099542,0.404550096269267,0.06619249212078256,3.639715299087466e-05,17.077228766508583,23.7687370700468,3.7566014313262617,0.295192794588689,nan
120.41,182.35768127441406,-214.26527404785156,-19.820146560668945,183.48756619228377,-214.46482881321683,-19.823540519653985,1.1473768129812463,0.4045979625342637,0.06621373588320546,3.712198324048579e-05,17.053705145912787,24.198861200064744,nan,nan,nan
120.42,182.3643798828125,-214.27378845214844,-19.821828842163086,183.49432206041993,-214.47321777811175,-19.823895876750896,1.1474082331160054,0.4046459156443943,0.06623504414307768,3.6332846805442184e-05,16.823575426556808,23.59926093490358,nan,1.3654838705764472,nan
120.43,182.37109375,-214.28228759765625,-19.823476791381836,183.50109582623804,-214.4816110055381,-19.82564886881117,1.147449010262452,0.40469395575714917,0.06625641707643319,3.70565074410442e-05,16.794565096024666,24.032498394345428,nan,nan,nan
120.44,182.37782287597656,-214.29080200195312,-19.82509422302246,183.507888691201,-214.49000618596844,-19.828144256021492,1.1474930746498573,0.40474208300416026,0.06627785479810157,3.627146180810837e-05,16.887072184006247,23.434809422059203,nan,0.39392819564860243,nan
120.45,182.38458251953125,-214.29930114746094,-19.826677322387695,183.52336709766826,-214.4978393489279,-19.830037856276224,1.1559667062819887,0.40467683993610437,0.06627183964020965,3.6970948395132386e-05,17.42131656407794,24.425494357479625,3.7561784809928316,nan,nan
120.46000000000001,182.39134216308594,-214.30780029296875,-19.828229904174805,183.53022173663467,-214.50622149219174,-19.83143498893406,1.156039760525542,0.4047247625148101,0.06629327445067389,3.6190793088257696e-05,17.362633171938324,24.031675628869582,nan,0.04912723252501657,nan
120.47,182.3981475830078,-214.31629943847656,-19.829750061035156,183.53709572269227,-214.51460398105337,-19.833072191190933,1.156087623429149,0.40477277200612666,0.06631477413407942,3.691147167483737e-05,17.33955690904656,24.440158397149634,nan,nan,nan
120.48,182.4049530029297,-214.32481384277344,-19.831241607666016,183.54399119211425,-214.52298377980665,-19.833770454075776,1.1561512511037453,0.4048208685422265,0.06633633881214504,3.613508412172586e-05,17.18207515422559,23.42957286807967,nan,0.5470912039679332,nan
120.49000000000001,182.4117889404297,-214.33331298828125,-19.83270263671875,183.55090398083703,-214.531365436594,-19.835340200519767,1.1562070767417536,0.40486905227980785,0.06635796865061142,3.685484927829731e-05,17.156267733808033,24.092466522294423,nan,nan,nan
120.5,182.41864013671875,-214.34181213378906,-19.834135055541992,183.56400420011286,-214.53991394719523,-19.83533318462511,1.1623702515561827,0.40480376562685105,0.06635186323478445,3.606010742119004e-05,17.290097748975167,23.943792156464934,0.8181889518184977,1.6613973906774824,nan
120.51,182.42550659179688,-214.35031127929688,-19.835538864135742,183.57096802930124,-214.54829028336385,-19.836831704859872,1.1624453803504318,0.4048517444360898,0.06637348933703054,3.677813938245262e-05,17.25913797804699,23.856428905708274,nan,nan,nan
120.52,182.43238830566406,-214.3588104248047,-19.8369140625,183.57794802891527,-214.55666909267106,-19.839605058506095,1.1625241388654042,0.40489981020006977,0.06639518063603088,3.600976224621931e-05,17.378482804717713,23.94669606207149,nan,1.1298992932347343,nan
120.53,182.43930053710938,-214.36732482910156,-19.8382625579834,183.58494910598918,-214.56504452420037,-19.84106232065172,1.1625883019699257,0.40494796307491476,0.06641693729212943,3.672703905720287e-05,17.35571063177536,23.571204859839398,nan,nan,nan
120.54,182.44615173339844,-214.37582397460938,-19.839584350585938,183.5919319672117,-214.5734177175574,-19.841668451523645,1.1626951341285106,0.4049962031936414,0.06643875943512587,3.5961968071247626e-05,17.228389411180718,23.88652472300107,nan,0.4548467325036054,nan
120.55,182.45289611816406,-214.3843231201172,-19.840879440307617,183.64816562489003,-214.599180211396,-19.843026584288513,1.214428826077921,0.40493087256382054,0.06643256018473556,3.665584584812544e-05,17.732434987536873,24.200397103136623,21.683606590589775,nan,nan
120.56,182.45953369140625,-214.392822265625,-19.842147827148438,183.65504856332504,-214.60757900666957,-19.844208363175895,1.21465242461035,0.40497890749184057,0.0664543777531725,3.5894864504144756e-05,17.692718627378017,24.28089218567625,nan,0.024216187861193124,nan
120.57000000000001,182.46604919433594,-214.4013214111328,-19.84339141845703,183.66181282862357,-214.61597768740842,-19.84555402083644,1.2148796907012318,0.40502702943952057,0.06647626087227018,3.6609943617293395e-05,17.670232019781167,24.243138705618215,nan,nan,nan
120.58,182.47244262695312,-214.40982055664062,-19.8446102142334,183.6684551218338,-214.6243748540968,-19.84616670379014,1.2151056979239927,0.4050752385404741,0.06649820967596722,3.585198424746463e-05,17.57811211056987,24.18995642232744,nan,0.33798138197209454,nan
120.59,182.4787139892578,-214.41831970214844,-19.845806121826172,183.67497153109426,-214.63277324008558,-19.84745780382339,1.2153292370332218,0.4051235349499449,0.06652022431841388,3.656650994261026e-05,17.553127298866134,24.143055187789354,nan,nan,nan
120.60000000000001,182.48484802246094,-214.42681884765625,-19.84697723388672,183.71674060089407,-214.6533320505588,-19.848336780244342,1.2525451705443988,0.4050581599181609,0.06651392762467055,3.578976869658998e-05,17.932014767141407,24.528759041014688,11.733175485492476,0.05036050947910442,nan
120.61,182.49102783203125,-214.43531799316406,-19.848234176635742,183.7231458222659,-214.66174728627107,-19.849631458834352,1.2527517387872056,0.40510625087168056,0.06653593683636295,3.6502913120513355e-05,17.89856725568869,24.650437593108443,nan,nan,nan
120.62,182.49722290039062,-214.44381713867188,-19.84957504272461,183.7295819282708,-214.67015975620308,-19.849098409555104,1.2529724583117534,0.40515442888729336,0.06655801192630452,3.5751499021828394e-05,17.816791843933512,24.526284396969956,nan,2.47582805197772,nan
120.63,182.50344848632812,-214.4523162841797,-19.850997924804688,183.73604163610028,-214.67857513718167,-19.85054481731916,1.2531875943901662,0.4052026941196336,0.06658015304557048,3.646421449588949e-05,17.78132327065688,24.607216177714218,nan,nan,nan
120.64,182.5096893310547,-214.4608154296875,-19.85250473022461,183.7425274416733,-214.68699120954278,-19.852452633979702,1.2534134565660455,0.40525104670321455,0.06660236033271433,3.571541770135486e-05,17.741626398472075,24.47695426077708,nan,0.09658979858843682,nan
120.65,182.51597595214844,-214.4693145751953,-19.854093551635742,183.65800037025284,-214.69013237854662,-19.85402273490393,1.1631768046340147,0.3957067585742529,0.0665919212158577,3.640527824216621e-05,19.882010018714983,26.55603838801653,0.6344890811041859,nan,0.8247502682821121
120.66,182.52227783203125,-214.47781372070312,-19.855762481689453,183.66453462782064,-214.6985889185857,-19.85437216386373,1.1633977000625357,0.39574929956248317,0.06661435101830082,3.565987670400158e-05,19.892523678006228,26.549051498699047,nan,1.236807681591822,nan
120.67,182.5286102294922,-214.48631286621094,-19.85750961303711,183.67107136301348,-214.70704663761424,-19.856138108626734,1.1635904436136602,0.39579192644543787,0.06663684036877551,3.6371006199239135e-05,19.846222084659377,26.634850345689447,nan,nan,nan
120.68,182.5349578857422,-214.49481201171875,-19.859336853027344,183.67761259730986,-214.7155052829153,-19.85921044596242,1.16377202483905,0.39583463851573186,0.06665938940976494,3.562797566694922e-05,19.751791869094554,26.470398532701278,nan,1.024029660453066,nan
120.69,182.5413360595703,-214.50331115722656,-19.86124038696289,183.68419961167604,-214.72396291925017,-19.861147792735466,1.1639692037977312,0.39587743675724824,0.06668199828750017,3.633883167297416e-05,19.708122980359818,26.557106848554067,nan,nan,nan
120.7,182.54774475097656,-214.51181030273438,-19.863222122192383,183.6699123033252,-214.7270107509492,-19.863956485858342,1.1426162031697122,0.3958064703137187,0.06667541323246724,3.557659359886586e-05,19.184032620217643,26.127597773571697,6.703684399413344,0.5180680937944832,nan
120.71000000000001,182.55416870117188,-214.52029418945312,-19.865280151367188,183.67650401670915,-214.73546476180476,-19.866056475046683,1.1427753665470446,0.3958490902916456,0.06669800991647408,3.628633984039254e-05,19.139420803547527,26.562418518012375,nan,nan,nan
120.72,182.5606231689453,-214.52879333496094,-19.86741065979004,183.68309089189464,-214.74391947773626,-19.86997532782729,1.1428996560899685,0.39589179540766023,0.06672066654272872,3.5548585417243144e-05,19.263546234697422,26.338543631530424,nan,2.076954035357797,nan
120.73,182.5670928955078,-214.53729248046875,-19.869617462158203,183.68973007556926,-214.7523730227694,-19.872244379031436,1.1430576444015927,0.3959345865954185,0.06674338325655312,3.625815414198624e-05,19.22512053028596,26.151036773167515,nan,nan,nan
120.74000000000001,182.57359313964844,-214.54579162597656,-19.871896743774414,183.69637312854394,-214.76082683181082,-19.87579424376379,1.1431929993306165,0.39597746322258476,0.06676616020177725,3.552242108759395e-05,19.418371332908634,26.466940798489297,nan,0.9968201973481753,nan
120.75,182.58010864257812,-214.55429077148438,-19.874248504638672,183.7042511289688,-214.7730802810025,-19.878152416866893,1.1452425156771215,0.3959066019888668,0.06675947345179174,3.62095880847819e-05,18.958527667347102,26.20374780988781,1.9086262077479323,nan,nan
120.76,182.58665466308594,-214.5627899169922,-19.876665115356445,183.71094789156388,-214.781545901088,-19.880862878232612,1.1453851166276965,0.39594930020467134,0.06678223758132229,3.547665153932199e-05,18.989834625015753,26.364804474178197,nan,0.03109098819299909,nan
120.77,182.5932159423828,-214.5712890625,-19.879091262817383,183.71767052821727,-214.79001107313996,-19.883400488442394,1.1455374297542684,0.3959920843924173,0.06680506204567921,3.618510315954304e-05,18.962380361885028,26.194698658986166,nan,nan,nan
120.78,182.5998077392578,-214.5797882080078,-19.88149642944336,183.7244259391587,-214.7984755715514,-19.885278911168452,1.1456895590385459,0.3960349539690778,0.06682794698916408,3.545397789487259e-05,18.808486977082012,26.153138345535947,nan,0.294382166023015,nan
120.79,182.60641479492188,-214.58827209472656,-19.883869171142578,183.73119334590984,-214.80693968439306,-19.88777923313911,1.1458436159083696,0.3960779097945884,0.06685089255640171,3.6162368678367e-05,18.78200789379649,26.54971444373461,nan,nan,nan
120.8,182.61305236816406,-214.59677124023438,-19.886199951171875,183.71018230139072,-214.8025163182278,-19.89088871150649,1.1162648036975424,0.39600715226274574,0.0668441012354887,3.541163080378461e-05,19.04197888808997,26.127559367296865,6.876727915073952,0.25192945885659995,nan
120.81,182.6197052001953,-214.6052703857422,-19.88848876953125,183.71695141162755,-214.8109544063855,-19.89331928071216,1.1163684421769804,0.39604992949726536,0.06686703334754962,3.6119116324685125e-05,19.023718814605456,25.97815102358338,nan,nan,nan
120.82000000000001,182.6263885498047,-214.61376953125,-19.89073371887207,183.72377689711132,-214.81939201141256,-19.893405780804137,1.1164895561838257,0.3960927920689933,0.0668900261825864,3.539218397837492e-05,18.53556276106818,25.595906643050807,nan,3.6569865822737255,nan
120.83,182.63307189941406,-214.62225341796875,-19.89293670654297,183.73058856694286,-214.82782911211257,-19.895728429317657,1.1166073594788242,0.39613574078985436,0.06691307988509912,3.6099681032998585e-05,18.505215276882986,25.759900262970756,nan,nan,nan
120.84,182.63980102539062,-214.63075256347656,-19.89509391784668,183.73740640102528,-214.8362655278929,-19.898989902309168,1.1166863113069025,0.3961787751485938,0.06693619459957864,3.537426239438449e-05,18.67460045827809,25.782218501238017,nan,0.6655987771141695,nan
120.85000000000001,182.6465301513672,-214.63925170898438,-19.89720916748047,183.74030099112952,-214.84933390668746,-19.901377054713127,1.1137713189834493,0.39610812119838906,0.06692929581826458,3.605965366128119e-05,17.894359390792815,25.300958841446274,6.982319131140632,nan,nan
120.86,182.65328979492188,-214.64773559570312,-19.899282455444336,183.7471377162464,-214.85778833433673,-19.90439083516271,1.113845376853017,0.39615097680377453,0.06695239642115472,3.533652727131857e-05,18.105157043984892,26.19979310125322,nan,0.44850895225059534,nan
120.87,182.66006469726562,-214.65623474121094,-19.90131378173828,183.75400615009502,-214.86624241646257,-19.906567198225414,1.1139294072192707,0.3961939184585524,0.06697555813161556,3.604325566788433e-05,18.088746119247638,25.567508881284336,nan,nan,nan
120.88,182.66685485839844,-214.6647186279297,-19.903305053710938,183.76089189908612,-214.8746960439476,-19.908880710081913,1.1140191423751158,0.39623694569783185,0.06699878109399814,3.5321466711496235e-05,18.158031296953123,26.11545258481534,nan,0.021675126531314384,nan
120.89,182.67367553710938,-214.6732177734375,-19.905256271362305,183.76779983027748,-214.88314944447194,-19.910980236382564,1.1140969613007101,0.39628005926419496,0.06702206545300696,3.602829149922036e-05,18.143543833458818,25.697665086760185,nan,nan,nan
120.9,182.68051147460938,-214.68170166015625,-19.907169342041016,183.73203016896457,-214.86507376483743,-19.913561510190842,1.0674070231956116,0.3962095073959669,0.06701505630909264,3.528651810382753e-05,19.346912085577436,26.45165927179613,23.467218173272137,0.2249774797430468,nan
120.91,182.68736267089844,-214.69020080566406,-19.90904426574707,183.73893106767406,-214.87346460570586,-19.915589933887542,1.0674383163791796,0.39625244201643767,0.0670383258834192,3.5992587382942196e-05,19.33760809879672,25.862813776235217,nan,nan,nan
120.92,182.69424438476562,-214.6986846923828,-19.91088104248047,183.74585239320223,-214.88185499103702,-19.917466604735843,1.0674615362378577,0.39629546216658423,0.06706165694581281,3.527408110984503e-05,19.332422213891366,26.57216954131024,nan,0.009224316171574062,nan
120.93,182.7011260986328,-214.70718383789062,-19.912681579589844,183.7527907783727,-214.890244889864,-19.919421454451214,1.0674995893559727,0.3963385685445346,0.06708504964131622,3.598029997233833e-05,19.32429574567241,25.736820851753926,nan,nan,nan
120.94,182.70803833007812,-214.71566772460938,-19.914445877075195,183.7597272945077,-214.8986335583665,-19.922838045373553,1.067518900401377,0.39638176075188103,0.06710850411378581,3.526288184604458e-05,20.01534411113854,27.10475154954113,nan,1.5586593302896659,nan
120.95,182.7149658203125,-214.72415161132812,-19.916175842285156,183.7595846631886,-214.90536478590695,-19.92467616467449,1.0602542133910489,0.39631131062204983,0.06710138169477277,3.594719541399296e-05,19.82576769069019,26.91718465160217,0.9435783570142116,nan,nan
120.96000000000001,182.72190856933594,-214.73265075683594,-19.917871475219727,183.76657028794895,-214.91375317022457,-19.92595616527047,1.0602742818176336,0.3963543237066186,0.06712482069281347,3.523165025811249e-05,19.62954381575888,26.1506653110915,nan,0.2382620489495317,nan
120.97,182.72886657714844,-214.7411346435547,-19.919532775878906,183.77356582513184,-214.92214066366228,-19.92778225295069,1.0602960680509161,0.3963974229198923,0.0671483215567808,3.593735191455903e-05,19.62495100444467,26.615819745403428,nan,nan,nan
120.98,182.73585510253906,-214.74961853027344,-19.921159744262695,183.7805960014188,-214.93052845581184,-19.928257576623135,1.0603123719803231,0.3964406079057788,0.0671718844300537,3.522274964283245e-05,19.117920506402978,26.339190689516382,nan,1.2115333534855677,nan
120.99000000000001,182.74285888671875,-214.7581024169922,-19.92275619506836,183.78762625714958,-214.9389149614322,-19.930006415734628,1.060322875469326,0.39648387929909773,0.0671955094583777,3.5928660127588896e-05,19.107262709145886,26.216028838767592,nan,nan,nan
121.0,182.74986267089844,-214.76658630371094,-19.924320220947266,183.82838883538832,-214.96483884014782,-19.933108693070075,1.096631201879272,0.3964135294141825,0.06718827084125713,3.5193742612459935e-05,19.504088760189973,26.62984314740243,10.75488648292312,1.2663559503229964,nan
121.01,182.75689697265625,-214.77508544921875,-19.925851821899414,183.83549907382744,-214.97326148035657,-19.93480991137944,1.0966934299682687,0.3964566214799035,0.06721187968943552,3.589900347272087e-05,19.503462182674905,26.3257148520698,nan,nan,nan
121.02,182.76394653320312,-214.7835693359375,-19.92735481262207,183.84262020354038,-214.9816835950325,-19.936930771172168,1.096757879259482,0.3964997992598585,0.06723555077550623,3.518693165506602e-05,19.831074849629506,27.081451061831046,nan,0.14114353342315158,nan
121.03,182.77101135253906,-214.79205322265625,-19.9288272857666,183.84976328718616,-214.99010575214956,-19.93857731407638,1.0968252385843447,0.3965430633488489,0.0672592842457846,3.589243928602779e-05,19.830672524671133,27.065759247146215,nan,nan,nan
121.04,182.77809143066406,-214.800537109375,-19.930269241333008,183.85694538344785,-214.99852907692383,-19.93833495946211,1.0969009647456782,0.3965864134506551,0.06728308024281188,3.5181104987220504e-05,18.98856560095388,26.218557318108342,nan,2.417928775061735,nan
121.05,182.78518676757812,-214.80902099609375,-19.931684494018555,183.86362642685597,-215.00609348499813,-19.94000086774026,1.0963297070946165,0.39651616326036215,0.06727572249944652,3.58648359616531e-05,19.13231681741703,26.216520829906845,0.45823564700227104,nan,nan
121.06,182.79229736328125,-214.8175048828125,-19.933069229125977,183.87083551010244,-215.01451324870558,-19.94013560882939,1.0964062951764086,0.39655933384335595,0.0672995015943727,3.515503195051406e-05,18.582056381136358,25.72241953250209,nan,1.3933364414068061,nan
121.07000000000001,182.79942321777344,-214.82598876953125,-19.934429168701172,183.87804331450772,-215.0229313007127,-19.941640385087737,1.0964760258706119,0.3966025906372905,0.06732334329897655,3.586019680048726e-05,18.569707547685766,25.582723663964394,nan,nan,nan
121.08,182.80654907226562,-214.83447265625,-19.935758590698242,183.8852687442883,-215.03134963426874,-19.942189871468777,1.0965573567556193,0.3966459333835426,0.06734724775517822,3.515101294453021e-05,18.254693274198566,25.38921360128997,nan,0.6039029583708097,nan
121.09,182.81361389160156,-214.84295654296875,-19.937063217163086,183.89244660591717,-215.03976652718856,-19.943633242889188,1.0966573578854197,0.3966893626206481,0.06737121511020866,3.5856463666801355e-05,18.241727837474897,25.457975135922855,nan,nan,nan
121.10000000000001,182.820556640625,-214.8514404296875,-19.938343048095703,183.88197442116603,-215.03634899773468,-19.9466601010959,1.0774358712965346,0.3966192106333534,0.06736373530266626,3.512667860778472e-05,19.488028122573063,25.99232967370381,4.545754942664459,1.8248297688094022,nan
121.11,182.827392578125,-214.85992431640625,-19.93959617614746,183.88893412244354,-215.04473730627714,-19.94806949033076,1.0775426156734902,0.3966624601350777,0.0673876850182924,3.5831551234695927e-05,19.484674706148223,26.228037288991175,nan,nan,nan
121.12,182.83409118652344,-214.86839294433594,-19.940824508666992,183.89575445667373,-215.05312399109326,-19.950845436640645,1.077661764107699,0.3967057955269564,0.0674116977066594,3.5124287294121514e-05,20.300997495404996,27.415137624885745,nan,1.3557751567733016,nan
121.13,182.84080505371094,-214.8768768310547,-19.942136764526367,183.90253713016702,-215.06151201424328,-19.952275537189614,1.077714223603801,0.3967492173124205,0.06743577351563886,3.582947190606547e-05,20.27033452310056,26.804016652978795,nan,nan,nan
121.14,182.84754943847656,-214.88536071777344,-19.943532943725586,183.90935939125285,-215.06990184544898,-19.9520425085583,1.0777607416825794,0.39679272528538817,0.06745991258620704,3.512266192939633e-05,19.421890753600188,26.10266636348803,nan,2.1430142324962373,nan
121.15,182.85430908203125,-214.8938446044922,-19.94501304626465,183.9310122335724,-215.08614857342556,-19.953505732786052,1.0937744825742324,0.3967226707623806,0.06745230777749713,3.580614596244569e-05,19.213137224810506,25.85983694316509,2.7318306338939657,nan,nan
121.16,182.86109924316406,-214.90232849121094,-19.94657325744629,183.9378652599753,-215.09455138657384,-19.956160750594336,1.0938311645249887,0.3967659987947241,0.0674764284556335,3.51005913781453e-05,19.776263256096666,26.6262287957005,nan,0.6912409318259624,nan
121.17,182.86790466308594,-214.9108123779297,-19.94821548461914,183.9447487401055,-215.10295513125698,-19.957915579805352,1.093894919868868,0.39680941312373746,0.06750061247247455,3.5805547954512677e-05,19.744405735561212,26.495073724821122,nan,nan,nan
121.18,182.87472534179688,-214.91929626464844,-19.94993782043457,183.95167293184747,-215.11136116027816,-19.95772549211274,1.0939678622698232,0.39685291357591523,0.06752485996836345,3.510035457906254e-05,18.803763302206498,25.489000415335042,nan,2.8822630968682654,nan
121.19,182.88156127929688,-214.92776489257812,-19.951738357543945,183.95859533041076,-215.11976457205247,-19.959621952875207,1.0940422182221237,0.39689650060592163,0.06754917109210638,3.580564681634621e-05,18.76959729160999,25.98123543970734,nan,nan,nan
121.2,182.888427734375,-214.93624877929688,-19.953615188598633,183.97766958410566,-215.13803485468617,-19.961857139300914,1.107805649550972,0.3968265420518603,0.06754143833553211,3.507961180314143e-05,18.4412054411511,25.76245695029565,3.838091201895888,0.019241650001677796,nan
121.21000000000001,182.8953094482422,-214.94473266601562,-19.955570220947266,183.98463798453005,-215.146463035577,-19.963914872518295,1.1078815077363982,0.3968699489133787,0.06756573029903355,3.57843712774742e-05,18.40970747679305,25.643616827484752,nan,nan,nan
121.22,182.90220642089844,-214.95321655273438,-19.95760154724121,183.99162042402705,-215.15489029743583,-19.966504535958286,1.1079595808163336,0.39691344183205113,0.06759008595537548,3.508061192022386e-05,18.68258531696204,25.86376559488584,nan,0.14509232596830965,nan
121.23,182.90911865234375,-214.96168518066406,-19.95970916748047,183.9986256432927,-215.16331766528992,-19.968721003390847,1.1080443833030948,0.3969570212324928,0.06761450545396962,3.5785724252974526e-05,18.650433715108456,26.30805563865754,nan,nan,nan
121.24000000000001,182.91604614257812,-214.9701690673828,-19.961889266967773,184.00565625323023,-215.17174561633678,-19.970255238110482,1.1081305373450545,0.3970006869861893,0.0676389889342653,3.5082194154940234e-05,18.335926687733387,25.444405159149973,nan,0.40372658548814505,nan
121.25,182.92300415039062,-214.97865295410156,-19.964143753051758,184.02215405746952,-215.17710497451236,-19.972480826797995,1.116952653175292,0.39693082349296416,0.06763112529030071,3.5765644912499164e-05,19.116579431722396,25.73730595891714,7.4475895261212814,nan,nan
121.26,182.9299774169922,-214.98712158203125,-19.96647071838379,184.029265064664,-215.18551755670848,-19.972807607674348,1.1170651060962562,0.3969743088592891,0.06765558882740359,3.50631541658319e-05,18.27725562805045,25.42466712347596,nan,3.1150990353052235,nan
121.27,182.93695068359375,-214.99560546875,-19.968870162963867,184.03637365505855,-215.19392678218534,-19.975291060393474,1.1171855000271984,0.3970178806116702,0.06768011641747261,3.576810828377918e-05,18.246292767541096,24.620128551226497,nan,nan,nan
121.28,182.94395446777344,-215.0040740966797,-19.971330642700195,184.04348561058237,-215.20233341314318,-19.979347850107708,1.1172912629148646,0.3970615386491468,0.06770470819939538,3.506577530899146e-05,18.885952784841116,25.98764915503143,nan,1.5943896202434886,nan
121.29,182.9509735107422,-215.01255798339844,-19.973796844482422,184.0506283495921,-215.21074176618671,-19.981949048169312,1.1174005704273005,0.3971052833550739,0.06772936432341414,3.5771094514459634e-05,18.872117807014412,25.411132377549027,nan,nan,nan
121.3,182.9580078125,-215.02102661132812,-19.976242065429688,184.04589593839228,-215.2130384235321,-19.98288077020237,1.1047231249884877,0.39703551341761406,0.06772136684287194,3.504772329146901e-05,18.353916779426072,25.197692125526583,1.677722532333923,1.736592970938321,nan
121.31,182.96507263183594,-215.02951049804688,-19.97865104675293,184.0530552349934,-215.22143330546845,-19.98543072846459,1.1048015536131215,0.39707907749740107,0.06774600222649664,3.575253571330193e-05,18.343069251043428,24.85885743995261,nan,nan,nan
121.32000000000001,182.97213745117188,-215.03797912597656,-19.981021881103516,184.06023650959835,-215.22982842862137,-19.987300780831298,1.1049005115645858,0.3971227277924961,0.0677707020084952,3.505125833007354e-05,18.14249143622428,24.854086162958332,nan,0.2909364670276122,nan
121.33,182.97921752929688,-215.0464630126953,-19.983346939086914,184.06742838094084,-215.23822216100947,-19.98976573873647,1.1049957599858906,0.39716646466113953,0.06779546633961653,3.575644654794905e-05,18.132189904070376,24.356228048119508,nan,nan,nan
121.34,182.986328125,-215.054931640625,-19.985628128051758,184.07463728278844,-215.24661576846006,-19.992054691469633,1.1050796027922354,0.397210288039988,0.06782029535799866,3.505522429805813e-05,18.11788857562437,25.03671088286627,nan,0.012419530831625164,nan
121.35000000000001,182.99343872070312,-215.0634002685547,-19.987863540649414,184.09511345763715,-215.25957061754454,-19.994500041131367,1.1190237151017446,0.3971406105997563,0.06781216110476666,3.5738765023032535e-05,18.322882308420155,25.003555597051896,1.965431107632137,nan,nan
121.36,183.0005645751953,-215.07188415527344,-19.99005699157715,184.10237681989346,-215.26796957243835,-19.996834728439186,1.1191450536496546,0.39718425321567663,0.06783696857438434,3.6457774698903945e-05,18.313469051037913,24.3814001079814,nan,nan,nan
121.37,183.00772094726562,-215.08035278320312,-19.992204666137695,184.10965552605728,-215.27636798599195,-19.999126443760236,1.1192540760106913,0.3972279822152977,0.06786184079312561,3.719125579299278e-05,18.30220913744652,25.125954837917078,nan,nan,nan
121.38,183.01487731933594,-215.0888214111328,-19.994312286376953,184.11694321307385,-215.28476450878637,-20.002147076365798,1.119376753194647,0.3972717976459296,0.06788677790177562,3.640471787735075e-05,18.661588447655575,25.19811362026297,nan,0.3875306779626993,nan
121.39,183.0220489501953,-215.0972900390625,-19.996376037597656,184.12425197461445,-215.2931618413488,-20.004362825653903,1.1195003612116587,0.39731569984641624,0.06791178005227744,3.713686514282717e-05,18.65465792203916,25.241838617371425,nan,nan,nan
121.4,183.0292510986328,-215.1057586669922,-19.99839973449707,184.13911261047227,-215.3133991047054,-20.006197572983297,1.12914477952181,0.3972461133760899,0.06790350608068588,3.633069351550465e-05,17.665361605781683,25.11032346721123,7.512249521797005,0.06596499201840617,nan
121.41,183.0364532470703,-215.11424255371094,-20.000381469726562,184.14644291831237,-215.32182949154438,-20.008329613544678,1.1292619625283047,0.39728983446903565,0.06792848585362776,3.706065979631924e-05,17.658896835260123,24.370054619018514,nan,nan,nan
121.42,183.04367065429688,-215.12271118164062,-20.0023250579834,184.1537827561362,-215.33025832331074,-20.01108088071784,1.1293809627832878,0.39733364192082826,0.06795353071582216,3.628117572430822e-05,18.02846022757067,25.25658594334255,nan,0.2842119609157604,nan
121.43,183.0509033203125,-215.1311798095703,-20.004228591918945,184.1611418150033,-215.33868763056336,-20.013142500398963,1.1294992114344193,0.39737753604735127,0.06797864081952987,3.7009962883568916e-05,18.023510607652145,25.27272815031056,nan,nan,nan
121.44,183.0581512451172,-215.1396484375,-20.00609588623047,184.16852987433012,-215.34711967947905,-20.013119508145994,1.1296169030808323,0.39742151682703875,0.06800381630142337,3.6233383817757914e-05,17.199348436653228,24.391280766685366,nan,2.7575036114417815,nan
121.45,183.06541442871094,-215.1481170654297,-20.007925033569336,184.19486948193014,-215.36770843978383,-20.015019137014768,1.1506256625144544,0.39735202014940535,0.06799539968494066,3.69376427433143e-05,16.81150076087221,24.41963211308705,4.5940790165750744,nan,nan
121.46000000000001,183.07269287109375,-215.15658569335938,-20.00971794128418,184.20229720517452,-215.37616478019592,-20.016163613231203,1.150766037749148,0.39739581957730125,0.06802055194997407,3.6164864237692486e-05,16.55917389576285,24.16546032201112,nan,0.4074746945133439,nan
121.47,183.07998657226562,-215.16505432128906,-20.011476516723633,184.2097328946987,-215.3846194447035,-20.018050650939465,1.150903478017054,0.39743970558522373,0.0680457696525395,3.689058509960269e-05,16.54329881694913,24.120005111722275,nan,nan,nan
121.48,183.0872802734375,-215.1735076904297,-20.01319694519043,184.2171791629572,-215.39307291688584,-20.020336947612087,1.151056631465699,0.39748367817193125,0.06807105292906122,3.6120549076037594e-05,16.74370996073386,24.8213781370337,nan,0.12451415489912092,nan
121.49000000000001,183.0946044921875,-215.18197631835938,-20.01488494873047,184.2246417499229,-215.40152663986137,-20.022160218192646,1.1511904608219887,0.39752773762285415,0.06809640193216875,3.68452961827753e-05,16.7303847915892,24.34582744515992,nan,nan,nan
121.5,183.1019287109375,-215.19044494628906,-20.01654052734375,184.26030715093856,-215.41018161762582,-20.02326286492223,1.1790547081505443,0.3974583291856775,0.06808783973488372,3.605565250058772e-05,17.87783037595592,24.671068691476282,21.744617426273837,0.4001701827797412,nan
121.51,183.10926818847656,-215.19891357421875,-20.01816177368164,184.26786766857902,-215.41861750772247,-20.02501496404455,1.1792665262394386,0.39750220702473327,0.06811316466858158,3.677858243113235e-05,17.865112674727765,24.697866045350523,nan,nan,nan
121.52,183.1166229248047,-215.20738220214844,-20.019750595092773,184.27544981459025,-215.42705516072633,-20.025345812656383,1.1794775435251057,0.3975461713665888,0.06813855536843377,3.6014739523145776e-05,17.421010901179763,24.25909381106274,nan,1.2863596789837268,nan
121.53,183.12399291992188,-215.21585083007812,-20.02130699157715,184.28303571179384,-215.43548996906247,-20.02702163587773,1.1796839415384253,0.3975902224787792,0.06816401198725008,3.6736828301635e-05,17.40433227898954,24.275335542293263,nan,nan,nan
121.54,183.13137817382812,-215.22430419921875,-20.0228328704834,184.29064042222666,-215.4439259897777,-20.027635983610207,1.1798922668388232,0.3976343603868928,0.06818953466118569,3.5975477024571096e-05,17.118647972303503,24.5677282027985,nan,0.7098481646301822,nan
121.55,183.13876342773438,-215.23277282714844,-20.024330139160156,184.2875111145654,-215.45112940137443,-20.02921629933104,1.1693266079537268,0.3975650388931632,0.0681808239708946,3.6673771443412344e-05,16.7359011523387,23.52682134742236,2.208293278208249,nan,nan
121.56,183.14617919921875,-215.24124145507812,-20.025794982910156,184.29510641051195,-215.45956473045342,-20.03123116400776,1.1694991840465259,0.3976089949328367,0.06820632170969644,3.591577405068886e-05,16.8709795153729,23.90578709708561,nan,0.1291190913479143,nan
121.57000000000001,183.15359497070312,-215.24969482421875,-20.027231216430664,184.3027163510109,-215.46800051704116,-20.032782938698176,1.1696871991345619,0.39765303764922055,0.06823188555622951,3.663545287456167e-05,16.851811967347583,24.334254760764082,nan,nan,nan
121.58,183.1610107421875,-215.25816345214844,-20.028640747070312,184.3103383487868,-215.4764359284887,-20.034283270452956,1.169884036684441,0.3976971670835853,0.06825751564653393,3.587978564314544e-05,16.86250503270285,23.58446315065832,nan,0.00037463966845217264,nan
121.59,183.16845703125,-215.26661682128906,-20.030019760131836,184.3179719226497,-215.4848708008388,-20.035779779690966,1.1700651532988477,0.3977413834799606,0.06828321213359277,3.659879643069803e-05,16.843965204168285,24.388945441404836,nan,nan,nan
121.60000000000001,183.1759033203125,-215.27508544921875,-20.0313720703125,184.32082261207444,-215.49250878976378,-20.03617365138363,1.1653909853964017,0.3976721473566351,0.06827435003044369,3.582344493871169e-05,16.432462029947857,23.266888457702503,0.37809372848042094,0.8061765402879504,nan
121.61,183.18331909179688,-215.28353881835938,-20.032697677612305,184.328439265039,-215.50094307133824,-20.037606778176794,1.165585226248062,0.3977161816147188,0.06830002070391526,3.6540944561310684e-05,16.412014088038067,23.991413934297857,nan,nan,nan
121.62,183.19061279296875,-215.29200744628906,-20.03399658203125,184.3359919405529,-215.50937955316962,-20.0374930143732,1.1658285678475258,0.39776030251140365,0.06832575780626617,3.57906208414203e-05,16.06173453565315,22.794568915685566,nan,1.5609160530859412,nan
121.63,183.1977996826172,-215.3004608154297,-20.03527069091797,184.34342788479958,-215.51781309162266,-20.038860066865933,1.166069840627749,0.39780451027705915,0.06835156149053297,3.650756374681834e-05,16.03918579982051,23.458487687565487,nan,nan,nan
121.64,183.20486450195312,-215.30892944335938,-20.036518096923828,184.35074246064272,-215.52624760343446,-20.039453108345093,1.1663070321322324,0.39784880497344516,0.06837743189267274,3.5759325432494355e-05,15.894818854232984,22.85159765363755,nan,0.3795664184272897,nan
121.65,183.21192932128906,-215.3173828125,-20.037851333618164,184.36044473558619,-215.54230158981838,-20.04090384780985,1.1703356061879755,0.39777965282148686,0.06836841548400677,3.645305655584207e-05,15.24771076719743,23.118106038271286,3.936632454511907,nan,nan
121.66,183.21902465820312,-215.3258514404297,-20.03926658630371,184.34024984300726,-215.56185843487197,-20.041313432482298,1.1457964068908646,0.3957354673301223,0.06805307610641094,3.57075863650863e-05,17.302674179682615,24.776798642942754,nan,0.7264356725908205,0.3610963807792993
121.67,183.22613525390625,-215.3343048095703,-20.0407657623291,184.34751047008245,-215.5703494247116,-20.04283912486541,1.1459510175498917,0.3957772713303014,0.06807679098978361,3.642266341026524e-05,17.25505638768967,25.305874240536134,nan,nan,nan
121.68,183.23324584960938,-215.34275817871094,-20.04234504699707,184.35478295498913,-215.57884105614187,-20.044641257692902,1.146117741047243,0.3958191602195856,0.06810056570259601,3.567929034544043e-05,17.23754704585885,25.169874592526224,nan,0.02547412893043729,nan
121.69,183.24038696289062,-215.35122680664062,-20.044004440307617,184.36207504688775,-215.58733152719722,-20.046333524247434,1.1462700473632972,0.3958611353857567,0.06812440045395257,3.639395347660676e-05,17.192791150631827,24.719316034181464,nan,nan,nan
121.7,183.24754333496094,-215.35968017578125,-20.045743942260742,184.37675899569953,-215.6002944081505,-20.047002073164474,1.154566931870695,0.3957853395320915,0.0681167757263558,3.563075165711495e-05,16.915706038700286,25.192912624319256,2.432467347764033,0.551269334170325,nan
121.71000000000001,183.2547149658203,-215.36814880371094,-20.047561645507812,184.3840889507062,-215.6087945644413,-20.048842138618717,1.154728374795185,0.395827139308131,0.06814059198909583,3.6344155779754605e-05,16.870516771939158,24.561110210944722,nan,nan,nan
121.72,183.2618865966797,-215.37660217285156,-20.049457550048828,184.39145742279283,-215.617289047487,-20.049568921417794,1.154928757643202,0.39586902395543944,0.06816446833320365,3.560531773055517e-05,16.77894365205057,24.9238176476122,nan,0.9691044779383947,nan
121.73,183.2690887451172,-215.3850555419922,-20.05143165588379,184.3988172814632,-215.62578855790423,-20.05155414886683,1.15509262216896,0.39591099475108765,0.0681884049624397,3.6318399520114454e-05,16.731468476552756,25.034910712887392,nan,nan,nan
121.74000000000001,183.2762908935547,-215.39352416992188,-20.053478240966797,184.40618472041874,-215.63428939652138,-20.053985004283827,1.155261100848659,0.395953050733745,0.0682124019631233,3.5581261740302775e-05,16.69361287540649,24.34698858304824,nan,0.09262415727622945,nan
121.75,183.2835235595703,-215.4019775390625,-20.05560302734375,184.4129760050614,-215.64335434699862,-20.05610168159399,1.1549570722287956,0.3958774263831252,0.06820466267840507,3.62715853090452e-05,16.566419672079007,24.99269316924624,0.14725334934237255,nan,nan
121.76,183.29075622558594,-215.41043090820312,-20.05780029296875,184.42036826237864,-215.65185682638705,-20.0586958064774,1.155123642551897,0.39591930688460825,0.06822864055534152,3.553697224334313e-05,16.53568752405889,24.854562460030078,nan,0.0971828523261463,nan
121.77,183.2980194091797,-215.41888427734375,-20.060070037841797,184.427781503125,-215.66035722176795,-20.060991392829944,1.1552802347048161,0.395961273408563,0.06825267896038761,3.6248638811225715e-05,16.489344211643964,25.03840476303609,nan,nan,nan
121.78,183.30528259277344,-215.42735290527344,-20.062414169311523,184.4352241148096,-215.66885365637827,-20.062515496827423,1.155461148750964,0.39600332509595315,0.06827677798490134,3.5515583529822486e-05,16.421817247410374,24.152056750014523,nan,0.48959150965637377,nan
121.79,183.31256103515625,-215.43580627441406,-20.06482696533203,184.4426649463567,-215.67735319313343,-20.06494928182648,1.1556296028636077,0.3960454630697885,0.06830093782550041,3.6227042493929054e-05,16.3757590573175,24.841444285597014,nan,nan,nan
121.8,183.31985473632812,-215.4442596435547,-20.067302703857422,184.46612359962324,-215.69055643573864,-20.066097848463652,1.1724316050314032,0.3959700081433216,0.06829308116720186,3.54739741643567e-05,16.700592689071854,25.08061092083805,3.358556573188477,1.2060367599709583,nan
121.81,183.32716369628906,-215.4527130126953,-20.06978416442871,184.47362386554266,-215.69905968581088,-20.06861929682336,1.1726290802963404,0.39601197048622566,0.06831722122965289,3.618437711681498e-05,16.65169818447348,25.054303973994152,nan,nan,nan
121.82000000000001,183.33448791503906,-215.46116638183594,-20.072242736816406,184.48115889708689,-215.7075572249468,-20.06987897065119,1.1728462712691248,0.39605401796502737,0.06834142215573001,3.5455111233525874e-05,16.726390941429596,25.179962692477382,nan,1.082458506233209,nan
121.83,183.34181213378906,-215.46961975097656,-20.074665069580078,184.48868486029275,-215.71605924755275,-20.07235339196941,1.1730536305404378,0.39609615160869316,0.06836568413732622,3.6165380444099086e-05,16.672062222853057,25.057274689037115,nan,nan,nan
121.84,183.3491668701172,-215.4780731201172,-20.07704734802246,184.49623152916885,-215.72455903202976,-20.074326738283496,1.1732519075347956,0.3961383706998249,0.06839000727251625,3.543746086347362e-05,16.68785221609417,25.219601616342903,nan,0.14825026732634672,nan
121.85000000000001,183.3565216064453,-215.4865264892578,-20.07938575744629,184.49628599716036,-215.73342576730465,-20.07654553046791,1.1662033213515448,0.3960630850389636,0.06838203051989013,3.612531683001233e-05,16.231675545460902,24.822003848790327,4.02750042384174,nan,nan
121.86,183.3638916015625,-215.49497985839844,-20.081680297851562,184.50385174995733,-215.741926955116,-20.077354748932613,1.1664093273285598,0.3961051283878387,0.06840633320917433,3.539955945312684e-05,16.491971770354294,25.09290218859215,nan,1.6257073212045143,nan
121.87,183.37127685546875,-215.50343322753906,-20.083927154541016,184.51140435083843,-215.75043353057745,-20.079639880906733,1.1665840030251649,0.3961472577825223,0.06843069718982413,3.610877017052648e-05,16.42754071470465,25.154942217397778,nan,nan,nan
121.88,183.37867736816406,-215.5118865966797,-20.086132049560547,184.51896005247153,-215.75894162169334,-20.08244454046467,1.166745209220619,0.39618947259165066,0.06845512256431818,3.538423087604844e-05,16.25789119076482,24.95490458314868,nan,0.21893087939720351,nan
121.89,183.38607788085938,-215.5203399658203,-20.088293075561523,184.5265368108382,-215.76744713223886,-20.084648805099217,1.1669283625703164,0.39623177371463336,0.0684796095182691,3.609339785558912e-05,16.197462413634284,24.78800134980479,nan,nan,nan
121.9,183.39349365234375,-215.52879333496094,-20.090410232543945,184.54383778253103,-215.7845108486061,-20.086603649619526,1.1784301229664595,0.3961566553401374,0.06847150984815617,3.5348642492799436e-05,15.739494377669718,24.934340959541085,3.110290961237636,0.030383419819733175,nan
121.91,183.4009246826172,-215.5372314453125,-20.092485427856445,184.5514399570924,-215.79303741776368,-20.088722290217916,1.1786162452415907,0.3961987805590341,0.06849597567007866,3.6056913337447456e-05,15.676097204079662,25.577103909992037,nan,nan,nan
121.92,183.4083709716797,-215.54568481445312,-20.094520568847656,184.55904775007562,-215.80156484332457,-20.09119390826879,1.1787886596780197,0.3962409911556038,0.06852050312224413,3.533549252129142e-05,15.552062195292125,24.784541247086548,nan,0.10734685333111818,nan
121.93,183.4158172607422,-215.55413818359375,-20.096513748168945,184.56667310342772,-215.81009034390092,-20.093235692348795,1.178978975495022,0.3962832879509555,0.06854509238618331,3.6043777994929486e-05,15.493304236283373,24.649757871709838,nan,nan,nan
121.94,183.4232940673828,-215.56259155273438,-20.098466873168945,184.57430758426287,-215.81861597954315,-20.095394195003852,1.179148024852887,0.39632567043164846,0.06856974357021076,3.5323386038415075e-05,15.417951846734205,24.808465208670043,nan,0.016845614736730033,nan
121.95,183.43077087402344,-215.57102966308594,-20.10038185119629,184.57108102473558,-215.82200860029275,-20.097185447705993,1.167607761079839,0.39625071883688723,0.06856151823608293,3.6009514268502925e-05,15.43153867287242,25.097721312289774,2.37972901454318,nan,nan
121.96000000000001,183.43824768066406,-215.57948303222656,-20.102258682250977,184.57872454028555,-215.83052340254,-20.09911013998134,1.1677836478464738,0.3962929255848116,0.068586147605386,3.673127673139484e-05,15.374660373446504,24.26390798001214,nan,nan,nan
121.97,183.4457550048828,-215.5879364013672,-20.104097366333008,184.58637905840183,-215.83903775737838,-20.10099802944602,1.1679403787633837,0.39633521811674877,0.06861083899866711,3.746750843518581e-05,15.317289484696262,24.4633537329617,nan,nan,nan
121.98,183.45326232910156,-215.59637451171875,-20.10590171813965,184.59402675060838,-215.84755581390556,-20.104103555404635,1.1680919250355524,0.39637759626866104,0.06863559254322714,3.666152804389164e-05,15.104266558262882,24.704471502928737,nan,1.0096041590706017,nan
121.99000000000001,183.46078491210938,-215.60482788085938,-20.107667922973633,184.60170272561086,-215.8560692202575,-20.105932487958153,1.1682545439767276,0.3964200608018472,0.06866040841781991,3.739609302251032e-05,15.053415563660115,24.12484295176676,nan,nan,nan
122.0,183.4683074951172,-215.61326599121094,-20.109399795532227,184.59959588572053,-215.85722919201095,-20.107783338277894,1.1572960204686384,0.3963452740550213,0.06865205459306152,3.6571425003220353e-05,15.346711972787329,24.45734558547982,2.367347940739319,0.019052856036195644,nan
122.01,183.47584533691406,-215.62171936035156,-20.111095428466797,184.60728673202343,-215.86572410926462,-20.10954330507975,1.15745425704265,0.3963875623793876,0.06867684791941214,3.730349735301301e-05,15.297551965650197,23.897002780615093,nan,nan,nan
122.02,183.4833984375,-215.63015747070312,-20.11275863647461,184.61497323787304,-215.87422211118127,-20.112377840701058,1.1575963124407587,0.3964299362822865,0.06870170362591886,3.65067043033553e-05,15.192848556099603,24.441786131720345,nan,0.7949917997809124,nan
122.03,183.49095153808594,-215.63861083984375,-20.114389419555664,184.62268464369453,-215.88271629214356,-20.11408315490325,1.1577596417093627,0.3964723964533492,0.0687266218874781,3.723731097638096e-05,15.149677719709354,23.62679676087851,nan,nan,nan
122.04,183.49853515625,-215.6470489501953,-20.11598777770996,184.63039745043557,-215.8912122589035,-20.11642978605582,1.1578981689637988,0.39651494250878355,0.06875160281899684,3.64444118936199e-05,15.108212781637606,24.461292059060423,nan,0.29473041016683943,nan
122.05,183.506103515625,-215.65550231933594,-20.1175537109375,184.6149169833185,-215.8934999161185,-20.117978645369973,1.1340680503312013,0.39644031984322187,0.06874311774133118,3.71501260288482e-05,14.608831709826218,23.138173722674026,7.7796954294368,nan,nan
122.06,183.51370239257812,-215.6639404296875,-20.11908721923828,184.62261877632793,-215.9019860826501,-20.118893455473806,1.1341786969377978,0.39648268954160537,0.06876807539475471,3.636199117143966e-05,14.560735585979291,24.074529077281113,nan,0.320995096513906,nan
122.07000000000001,183.52130126953125,-215.67237854003906,-20.12059211730957,184.63032140300632,-215.9104741346406,-20.12047251942916,1.1342906077921004,0.39652514539767153,0.06879309582471917,3.7089019825227204e-05,14.516454012380454,23.82900520315845,nan,nan,nan
122.08,183.52891540527344,-215.6808319091797,-20.1220645904541,184.63804987346498,-215.91895793058066,-20.12067146713023,1.1344096312141332,0.39656768709110346,0.06881817914960164,3.63045317688258e-05,14.527426147819954,23.36475729690706,nan,1.1957138919638663,nan
122.09,183.53652954101562,-215.68927001953125,-20.123510360717773,184.6457713956073,-215.9274452630394,-20.122179168023937,1.1345248832318142,0.396610315215977,0.06884332553929307,3.703036070769448e-05,14.478709040162366,23.73619455099282,nan,nan,nan
122.10000000000001,183.54415893554688,-215.6977081298828,-20.12492561340332,184.66417338611953,-215.94161135555444,-20.124030641017523,1.1462643473301268,0.39653585472586717,0.06883470638366494,3.622707489548245e-05,14.347784182544178,23.906055138514365,1.029729268868957,0.08955562756712251,nan
122.11,183.55178833007812,-215.70616149902344,-20.126314163208008,184.67192786397933,-215.95010945652595,-20.125486312250025,1.1463960339757266,0.39657830630648533,0.06885982874867819,3.695087833267171e-05,14.303310884861443,23.026252768166223,nan,nan,nan
122.12,183.5594482421875,-215.714599609375,-20.127674102783203,184.67970987556063,-215.9586027146736,-20.125317739572427,1.1465291950276602,0.3966208436738218,0.06888501422973496,3.617428648730339e-05,14.394874239154609,24.091887407311443,nan,1.6841828045714582,nan
122.13,183.5670928955078,-215.72303771972656,-20.129005432128906,184.68748271526616,-215.9670999273619,-20.12670425339259,1.1466669110240948,0.39666346736599645,0.06891026299362017,3.689705807687226e-05,14.342882907086574,23.76024058453689,nan,nan,nan
122.14,183.57467651367188,-215.73147583007812,-20.130311965942383,184.69521482446203,-215.97559937950777,-20.129070593104892,1.146823418988773,0.3967061771469678,0.0689355751632002,3.6123745408468375e-05,14.201689108246873,23.659028441875186,nan,0.6695124861525087,nan
122.15,183.58216857910156,-215.73992919921875,-20.131591796875,184.68649735438703,-215.96157497087168,-20.130419726113495,1.1263526382820754,0.3966318777905862,0.0689268191555173,3.6822516229819316e-05,15.820141337429247,23.3472828077481,28.42006709467957,nan,nan
122.16,183.5896453857422,-215.7483673095703,-20.132957458496094,184.69412342912983,-215.97000748944305,-20.131591246030386,1.1264981066100017,0.3966744108604754,0.06895210654104098,3.605331860985018e-05,15.794452197318138,23.53240099593382,nan,0.027568666762066533,nan
122.17,183.59715270996094,-215.75680541992188,-20.134403228759766,184.7017585017227,-215.97844021468126,-20.133048878791307,1.1266222843994866,0.3967170301506859,0.06897745742388114,3.677334648383348e-05,15.751555481097867,23.868030955151312,nan,nan,nan
122.18,183.6046600341797,-215.76524353027344,-20.13593292236328,184.709397099235,-215.98687442903946,-20.13528458762734,1.12674959886071,0.39675973547430043,0.06900287192966896,3.6007194393963684e-05,15.673010726015528,23.626074194122975,nan,0.3214150233857487,nan
122.19,183.6121826171875,-215.773681640625,-20.137542724609375,184.7170533092366,-215.99530682237693,-20.136915186757825,1.1268794794206693,0.3968025272954854,0.06902835022118525,3.6726409208793777e-05,15.63158370654179,23.714271932988993,nan,nan,nan
122.2,183.61972045898438,-215.78211975097656,-20.139232635498047,184.71579240945692,-215.9918176674597,-20.140056178222032,1.1159514393613597,0.39672838719568304,0.06901945454368638,3.5941249516508157e-05,16.518032328687152,23.93769210102662,7.7003751516406584,1.2519999912249167,nan
122.21000000000001,183.62725830078125,-215.79055786132812,-20.141002655029297,184.72347769142155,-216.00021636599325,-20.141863681060023,1.1160888774466102,0.39677100210730504,0.06904490727598803,3.665882234914529e-05,16.480379751992565,23.7533261272036,nan,nan,nan
122.22,183.6348114013672,-215.7989959716797,-20.142850875854492,184.73115841746724,-216.00861808119126,-20.145270430995932,1.1162096858362485,0.3968137029938115,0.06907042384469748,3.589935087192873e-05,16.58408962336597,23.926817915400836,nan,1.5487039835212915,nan
122.23,183.6423797607422,-215.80743408203125,-20.144775390625,184.73886379015437,-216.01701592106886,-20.1472509995849,1.1163368231184003,0.3968564902764763,0.0690960044101492,3.661624820864332e-05,16.549090490885295,24.009581025907448,nan,nan,nan
122.24000000000001,183.6499481201172,-215.8158721923828,-20.14677619934082,184.74656061630603,-216.02541788208626,-20.15130758976882,1.116462671283739,0.39689936383299,0.06912164910152442,3.585947859075435e-05,16.915661613445536,24.27950315929802,nan,2.6830886434200427,nan
122.25,183.65753173828125,-215.82431030273438,-20.148853302001953,184.729533758528,-216.02788027711276,-20.153444806810167,1.0911691655274705,0.39682538171615667,0.0691126109758561,3.655306718704634e-05,16.315522768872068,23.96785293625933,8.800989403432922,nan,nan
122.26,183.66513061523438,-215.83274841308594,-20.151002883911133,184.73721829384817,-216.0362730213292,-20.155458455736955,1.0912442938757543,0.3968680781787434,0.06913822932022855,3.5799813106923115e-05,16.25366276308286,24.080526471333553,nan,0.03178924136163738,nan
122.27,183.6727294921875,-215.8411865234375,-20.153228759765625,184.74491048127723,-216.04466594560077,-20.157762312130412,1.0913278616925233,0.39691086093768113,0.06916391186882859,3.651464646270966e-05,16.222962599042372,23.824220344392817,nan,nan,nan
122.28,183.6803436279297,-215.84962463378906,-20.15552520751953,184.75261646696725,-216.05305757693446,-20.15966477793721,1.0914078704763521,0.39695372990793126,0.0691896587529885,3.576387951045355e-05,16.10003549507378,23.876146006495965,nan,0.15292457162080947,nan
122.29,183.68795776367188,-215.85806274414062,-20.157896041870117,184.76032769942245,-216.06144960883944,-20.16211165773545,1.0914949689535103,0.3969966854546558,0.06921547012991537,3.647821356817085e-05,16.069492420294715,23.610684104867563,nan,nan,nan
122.3,183.69558715820312,-215.8665008544922,-20.160335540771484,184.74821652555326,-216.0564841674913,-20.162991450231285,1.0696397982877819,0.3969228594473243,0.06920628674967273,3.570817016584544e-05,16.254695837112674,23.495406595934018,5.2669966115347115,1.6932004832750747,nan
122.31,183.70323181152344,-215.87493896484375,-20.1628360748291,184.75592692663864,-216.06484460740262,-20.16555966268151,1.069690878896277,0.39696563769019394,0.06923207097692967,3.6421170920721785e-05,16.22237770426849,23.461910570821704,nan,nan,nan
122.32000000000001,183.71087646484375,-215.88336181640625,-20.16533851623535,184.76363718705286,-216.07320670986033,-20.16931314983481,1.0697485777083782,0.3970085020791688,0.06925791974563292,3.567597007691897e-05,16.42198214683023,24.14898215803288,nan,0.9026341377886177,nan
122.33,183.71853637695312,-215.8917999267578,-20.16781997680664,184.77136550209553,-216.0815660782653,-20.17191682863939,1.0698023851165372,0.3970514529472323,0.06928383321111169,3.6388582120733376e-05,16.402400236525533,23.60270843025149,nan,nan,nan
122.34,183.7261962890625,-215.90023803710938,-20.170265197753906,184.77909653433272,-216.08992625731574,-20.175264212627038,1.0698623918639516,0.39709449025782306,0.06930981150743401,3.564555513242099e-05,16.60478643091877,23.661188836500884,nan,0.4055497732478542,nan
122.35000000000001,183.73387145996094,-215.90866088867188,-20.17266845703125,184.79413097170828,-216.10042807081516,-20.17774012170928,1.0774741788927023,0.397020818892037,0.06930048009707397,3.633538448172388e-05,16.730254616968708,24.283330649851248,0.8347107997919864,nan,nan
122.36,183.74156188964844,-215.91709899902344,-20.17502784729004,184.8018978076012,-216.1087882970113,-20.18038947639346,1.0775369102404038,0.39706367869786935,0.06932643042866073,3.559533212976281e-05,16.792324430564193,23.860410521643594,nan,0.014921973524660407,nan
122.37,183.74925231933594,-215.925537109375,-20.17734146118164,184.80967396664033,-216.117147797525,-20.182848609270454,1.0776080245456405,0.3971066248865861,0.06935244565750959,3.6306422676221776e-05,16.782965102423415,23.740701959407414,nan,nan,nan
122.38,183.75694274902344,-215.9339599609375,-20.179609298706055,184.8174577834856,-216.12550700292996,-20.185329161464242,1.0776897162199814,0.39714965744924746,0.06937852591931548,3.556835152061392e-05,16.829179430020815,24.204122568568515,nan,0.0029423360890714406,nan
122.39,183.76466369628906,-215.94239807128906,-20.181833267211914,184.82525021815889,-216.13386548640966,-20.187700819375618,1.0777467093864335,0.397192776677249,0.06940467136703317,3.627919202616729e-05,16.820771041959137,23.92250148351226,nan,nan,nan
122.4,183.77236938476562,-215.95082092285156,-20.18401336669922,184.8547065093103,-216.15264360410225,-20.187901274706054,1.1010000734166647,0.39711925806404885,0.0693951891356196,3.55215474811811e-05,16.224538799792466,23.63066660290841,4.068093124779437,3.005532185543736,nan
122.41,183.78009033203125,-215.95925903320312,-20.18614959716797,184.86254695575676,-216.1610210941437,-20.19016553703916,1.1011068972880247,0.39716219956582915,0.06942130578951058,3.623129788118693e-05,16.20772677650695,23.163087284126266,nan,nan,nan
122.42,183.78782653808594,-215.96768188476562,-20.188243865966797,184.8703978659362,-216.1693977271672,-20.192009840438804,1.1012103084892575,0.3972052273707008,0.06944748767476662,3.549779397750615e-05,16.123816473817723,23.703186919022183,nan,0.0980687336769977,nan
122.43,183.79556274414062,-215.9761199951172,-20.19029426574707,184.87825409739588,-216.17777461673427,-20.19418743586805,1.1013175335055816,0.39724834174653273,0.06947373494294522,3.620738145533375e-05,16.106731278474793,23.09945400588947,nan,nan,nan
122.44,183.80331420898438,-215.9845428466797,-20.192306518554688,184.8861314319736,-216.1861478938305,-20.194167477396007,1.1014268911764464,0.39729154271983563,0.06950004773178482,3.547557939353996e-05,15.747686505061884,23.267064328815977,nan,3.196411656718133,nan
122.45,183.81106567382812,-215.9929656982422,-20.194276809692383,184.89281153002912,-216.18662079017392,-20.196341848533955,1.0989452472368815,0.397218175228841,0.06949041191327085,3.616277451659807e-05,16.561662167433006,23.47548014715258,5.655636285953013,nan,nan
122.46000000000001,183.81883239746094,-216.00140380859375,-20.196208953857422,184.90071346834594,-216.19497086544763,-20.197440981333205,1.0990615883243562,0.39726119825941775,0.06951669506708616,3.5433469125687256e-05,16.451289375528162,22.883121522015653,nan,0.6090608256190764,nan
122.47,183.82659912109375,-216.00982666015625,-20.198102951049805,184.90861732737517,-216.2033219152887,-20.19943333016794,1.0991840530101553,0.39730430776738895,0.06954304379732269,3.614195843334258e-05,16.420936899457303,23.27512544353513,nan,nan,nan
122.48,183.83436584472656,-216.01824951171875,-20.19995880126953,184.91652503762316,-216.2116733559927,-20.201985652170574,1.0993113346222276,0.39734750379916134,0.06956945824290757,3.541418577700839e-05,16.451956840916516,23.23805065020029,nan,0.24569246302485237,nan
122.49000000000001,183.8421630859375,-216.02667236328125,-20.2017765045166,184.92444330187038,-216.22002360747854,-20.203910755293236,1.0994179025551407,0.3973907865926444,0.06959593855365687,3.6122618503247286e-05,16.424988010347107,23.550194095851264,nan,nan,nan
122.5,183.84994506835938,-216.0351104736328,-20.20355987548828,184.92518750344198,-216.22602386711534,-20.2046684175695,1.0920601846413602,0.39731756830529436,0.06958614637671726,3.5374970391010186e-05,16.231086087068235,22.502135571697814,0.5799800690242563,0.9330211333491539,nan
122.51,183.8577423095703,-216.0435333251953,-20.205307006835938,184.93310665361724,-216.2343704628453,-20.206512410698103,1.0921669920632104,0.3973606729230443,0.06961259619802695,3.60825001339018e-05,16.200390381567185,23.123030262415817,nan,nan,nan
122.52,183.8655548095703,-216.0519561767578,-20.20701789855957,184.9410299673128,-216.24271731499022,-20.208902749764913,1.0922637865666969,0.397403863989002,0.06963911192571261,3.535841786254954e-05,16.224091970984137,23.29015036604889,nan,0.23307525970383605,nan
122.53,183.8733673095703,-216.0603790283203,-20.208696365356445,184.94896335199718,-216.2510629365497,-20.21068474854585,1.0923695130356184,0.39744714172441303,0.06966569370859028,3.6065958171034555e-05,16.1972044387513,23.100974340684928,nan,nan,nan
122.54,183.8811798095703,-216.0688018798828,-20.21034049987793,184.95690869837077,-216.25940707400915,-20.211386925737376,1.0924852755231436,0.3974905062008012,0.06969234168705542,3.534316451377901e-05,16.082961199714365,22.941399899875428,nan,0.758829812977703,nan
122.55,183.88900756835938,-216.0772247314453,-20.211952209472656,184.97870296215333,-216.27534064682564,-20.21313827464185,1.1075591965819904,0.39741743535127466,0.06968239040143266,3.602859381863555e-05,15.950453493699893,23.06215503320416,1.8439075974861772,nan,nan
122.56,183.89683532714844,-216.0856475830078,-20.213531494140625,184.98667634503718,-216.2837004082946,-20.214502870279308,1.1076909810269555,0.3974606214207046,0.06970900702428333,3.530788268778557e-05,15.902668112183568,22.956503012484465,nan,0.06735917148339364,nan
122.57000000000001,183.90467834472656,-216.09408569335938,-20.21508026123047,184.99465487707482,-216.29206021278284,-20.21614525258318,1.1078104014755736,0.39750389406782954,0.06973568988885508,3.601464692884522e-05,15.873271664067452,22.4602568811754,nan,nan,nan
122.58,183.9125213623047,-216.10250854492188,-20.216598510742188,185.00263565665878,-216.3004206712263,-20.21871350115884,1.107936305785639,0.397547253378003,0.06976243913637423,3.529507907117493e-05,15.933152854982024,22.966162502986784,nan,0.6344517222288178,nan
122.59,183.92037963867188,-216.11093139648438,-20.21808433532715,185.010627041711,-216.30877982251926,-20.220305434493934,1.1080561054384936,0.3975906995516421,0.06978925491443487,3.600193297684083e-05,15.907756432637775,23.108840237948865,nan,nan,nan
122.60000000000001,183.92823791503906,-216.11935424804688,-20.219541549682617,184.99897239527306,-216.31378018089882,-20.22293741504466,1.0882487318756076,0.3975177741820279,0.06977914177256338,3.5262198943562994e-05,15.509664122240027,22.850100662349245,6.559421495007958,0.9087991056093329,nan
122.61,183.93609619140625,-216.1277618408203,-20.220970153808594,185.006932699059,-216.32214007069408,-20.224481628995072,1.0883409634984784,0.3975610417042213,0.06980592531638175,3.5968289986155685e-05,15.488421878107102,23.28988589951878,nan,nan,nan
122.62,183.9439697265625,-216.1361846923828,-20.222370147705078,185.01490809688016,-216.33049769241364,-20.223747549261343,1.0884247480807667,0.39760439580990803,0.0698327754268944,3.5251657813710064e-05,15.163651152004553,22.509374264448024,nan,3.5239696547777033,nan
122.63,183.95184326171875,-216.1446075439453,-20.223743438720703,185.0228806841171,-216.33885688306813,-20.225213977084778,1.088510968438274,0.39764783668817144,0.06985969225101545,3.5957889044638155e-05,15.134621463780853,22.33563262753598,nan,nan,nan
122.64,183.95973205566406,-216.1530303955078,-20.225088119506836,185.03085840447372,-216.3472157812045,-20.22688800262682,1.088587552157256,0.3976913644414555,0.06988667593097367,3.5242190912314975e-05,15.130756747576259,22.49914632630786,nan,0.03825067286819126,nan
122.65,183.9676055908203,-216.1614532470703,-20.226404190063477,185.01890542685027,-216.349081857169,-20.228281397165595,1.0679135566471116,0.3976185826731799,0.06987639820428557,3.592650670430451e-05,14.866539427551634,22.299326396468064,4.127408496709094,nan,nan
122.66,183.97549438476562,-216.1698760986328,-20.227806091308594,185.04868450298005,-216.37834584432633,-20.228331463272838,1.093250630330629,0.3931878088266677,0.0657976011356577,3.5212393859713535e-05,17.25649497849731,24.758633570233002,nan,1.3488778213340786,0.1065486009465111
122.67,183.98338317871094,-216.1782989501953,-20.229290008544922,185.05662449181455,-216.3867156492583,-20.22984617610457,1.0932907874499904,0.3932339737478553,0.0658164931142839,3.5918083753957e-05,17.211667447594806,24.656590055825166,nan,nan,nan
122.68,183.99127197265625,-216.1867218017578,-20.23085594177246,185.06458855476416,-216.3951060694899,-20.232385939693557,1.0933594236844906,0.3932802241168556,0.06583544338215341,3.520493623055093e-05,17.224423945293005,24.595520750229124,nan,0.6191563665895291,nan
122.69,183.99917602539062,-216.19512939453125,-20.232501983642578,185.07254040012194,-216.40347505453533,-20.23407505047257,1.0933990440475656,0.3933265611353182,0.06585445351246846,3.5910823143722875e-05,17.179332458423687,25.28239017209185,nan,nan,nan
122.7,184.007080078125,-216.20355224609375,-20.23422622680664,185.1117894492769,-216.42322070613565,-20.237574886452986,1.126342861019428,0.39326345177644284,0.06584927158327018,3.517724102931071e-05,17.728796001564422,25.093515771627075,9.185130176166892,2.093473577811614,nan
122.71000000000001,184.01498413085938,-216.21197509765625,-20.23603057861328,185.1198077721019,-216.43160513293515,-20.23944212603698,1.1264476327378963,0.3933095938287313,0.06586828689934657,3.5882466837082026e-05,17.690347653631814,24.93685736140579,nan,nan,nan
122.72,184.0229034423828,-216.22039794921875,-20.237913131713867,185.12787216150443,-216.4400354176841,-20.243539802275027,1.126600260612758,0.39335582127403174,0.06588736081691507,3.5171617547368825e-05,18.22168243099577,25.59124978453417,nan,3.235604143487223,nan
122.73,184.03082275390625,-216.2288055419922,-20.239870071411133,185.13590173519685,-216.44841911450186,-20.245585850886943,1.126704196431235,0.3934021352652734,0.06590649480290404,3.587707736659313e-05,18.18617234526599,26.15300516009783,nan,nan,nan
122.74000000000001,184.03875732421875,-216.2372283935547,-20.241905212402344,185.14390064810289,-216.4567613217658,-20.245761088448393,1.1267436889881868,0.39344853495027,0.06592568770401964,3.516686363541845e-05,17.653884075018958,25.107755220517014,nan,2.654317807355618,nan
122.75,184.04669189453125,-216.2456512451172,-20.244014739990234,185.17142982621604,-216.46827525795783,-20.247991509032357,1.1465656024649729,0.39338538513899135,0.06592046147829375,3.585053779598386e-05,18.36439529539943,25.364243388860654,6.980301290990774,nan,nan
122.76,184.05462646484375,-216.25405883789062,-20.246198654174805,185.1795360806524,-216.47667383709197,-20.251317317111777,1.1467367973159603,0.39343158963392627,0.06593965904452523,3.5141760909548485e-05,18.624396093801167,26.107923840257612,nan,0.799955062764125,nan
122.77,184.0625762939453,-216.26248168945312,-20.248455047607422,185.18762809987942,-216.48504989492875,-20.253659623896137,1.146867585965607,0.393477880570143,0.06595891688335787,3.5846852605605334e-05,18.591559913454486,25.680124078608635,nan,nan,nan
122.78,184.07052612304688,-216.27088928222656,-20.250783920288086,185.19572232330373,-216.4934220427083,-20.25591151944894,1.1470020099516955,0.393524257145426,0.06597823394280729,3.5138610577461856e-05,18.539707073819024,26.115941960014155,nan,0.018911419982614565,nan
122.79,184.07847595214844,-216.27931213378906,-20.253183364868164,185.2038245747279,-216.50179688940986,-20.258399075300446,1.1471426208019773,0.3935707204390112,0.06599761154022493,3.5843974880283713e-05,18.50836636002999,25.516267083405907,nan,nan,nan
122.8,184.08642578125,-216.2877197265625,-20.25565528869629,185.21707140169843,-216.51750557879234,-20.260665566216055,1.1537704103525281,0.39350752905719005,0.0659923364884087,3.511505939753697e-05,17.80767334096709,25.720321396909082,4.6633957991382005,0.028125563014622178,nan
122.81,184.09439086914062,-216.296142578125,-20.258182525634766,185.22518293243368,-216.52590371485397,-20.26328577609793,1.1539094043827043,0.3935537969069834,0.0660117181567494,3.581983330702346e-05,17.77704574886212,25.285990334659523,nan,nan,nan
122.82000000000001,184.10235595703125,-216.30455017089844,-20.260713577270508,185.23330990473485,-216.5343129425633,-20.266541945993854,1.1540718058038937,0.39360015034070034,0.06603115934518568,3.5113362567164355e-05,17.97317040719567,25.94237025700284,nan,0.2569137917538131,nan
122.83,184.11033630371094,-216.31297302246094,-20.263219833374023,185.2414309951053,-216.54270970711366,-20.269189517680122,1.1542052600410622,0.39364659038704686,0.06605066127512621,3.581843535381878e-05,17.957928297238592,25.492904359624262,nan,nan,nan
122.84,184.11831665039062,-216.32138061523438,-20.26569175720215,185.24952965868204,-216.55107614700586,-20.27024667766182,1.154306568786595,0.3936931163184315,0.0660702230363613,3.51123543850209e-05,17.50965421620116,25.459191933960472,nan,1.7100730174000112,nan
122.85000000000001,184.1262969970703,-216.3297882080078,-20.26811981201172,185.29184178980967,-216.57365084187046,-20.272857980918783,1.1907922145869292,0.3936298841056853,0.06606489697298078,3.579572167919295e-05,17.66035433434319,25.903404050926905,10.758749942205876,nan,nan
122.86,184.13427734375,-216.33819580078125,-20.2705020904541,185.3000324584225,-216.58207015250707,-20.2753379623977,1.1910008700551906,0.39367621436223793,0.06608446224074024,3.509083783970778e-05,17.656532551878186,25.85867972146173,nan,0.001278812446355152,nan
122.87,184.14227294921875,-216.34661865234375,-20.272838592529297,185.3082283719574,-216.5904896851288,-20.27781573215187,1.191196835272882,0.3937226311251578,0.06610408845205053,3.5795657986509406e-05,17.640494144380874,25.33078623181495,nan,nan,nan
122.88,184.1502685546875,-216.3550262451172,-20.275131225585938,185.31643296144836,-216.59891340664848,-20.280508405835,1.191406431585427,0.3937691337172815,0.06612377478695126,3.5091082918691587e-05,17.72929995619673,25.875298467686346,nan,0.0473679117268729,nan
122.89,184.15826416015625,-216.36343383789062,-20.27737808227539,185.32463762729398,-216.6073318099663,-20.282899519876484,1.19161393576053,0.39381572309268276,0.06614352233333465,3.5796226403902686e-05,17.71425981616443,25.80861315743239,nan,nan,nan
122.9,184.16627502441406,-216.37184143066406,-20.279579162597656,185.2957809214565,-216.60344263523717,-20.28401043562671,1.1530144515980747,0.39375244900983436,0.0661381409082832,3.5070771783525646e-05,16.893024443295342,25.141012870073247,14.493914365534572,1.3658463764478204,nan
122.91,184.17428588867188,-216.3802490234375,-20.28173828125,185.30392803397393,-216.61184509144834,-20.28630330713499,1.1531474123554404,0.39379884244964625,0.06615789132987399,3.5775371534454754e-05,16.87223319002956,24.97856445055443,nan,nan,nan
122.92,184.1822967529297,-216.38865661621094,-20.28385353088379,185.31207640017846,-216.62024405926113,-20.28837422016616,1.1532802052179953,0.3938453216619103,0.06617770216116174,3.507214077357451e-05,16.82939158615296,24.903122925949873,nan,0.022661263797446186,nan
122.93,184.1903076171875,-216.39706420898438,-20.285926818847656,185.32023192616262,-216.62864578981362,-20.290581317340198,1.1534212747077672,0.3938918875509044,0.06619757440567046,3.577708186301073e-05,16.809550334758335,24.81024568555766,nan,nan,nan
122.94,184.19833374023438,-216.4054718017578,-20.2879581451416,185.32833935758327,-216.63699186176117,-20.289494600707012,1.1534802096784031,0.39393853951323404,0.06621750736835377,3.5074042568229984e-05,16.228200973740716,24.37787495655379,nan,7.440641473220597,nan
122.95,184.20635986328125,-216.41387939453125,-20.289949417114258,185.33683038551962,-216.64261641512581,-20.291455056428603,1.1533804633294746,0.39387522413125814,0.06621206811890541,3.5757322582832404e-05,16.555910793360695,24.27448894445686,1.914254305666781,nan,nan
122.96000000000001,184.21438598632812,-216.4222869873047,-20.291900634765625,185.34499438263776,-216.65099606088936,-20.292934249274882,1.153509538107408,0.39392167991947447,0.06623200334963003,3.505528869214772e-05,16.481056716695274,24.162537908670693,nan,0.23131346568738198,nan
122.97,184.22242736816406,-216.43069458007812,-20.293813705444336,185.35317158066732,-216.6593848838601,-20.29494263307425,1.153639026572481,0.3939682222776996,0.06625200019396041,3.576005093458187e-05,16.443823723856404,24.233708616120715,nan,nan,nan
122.98,184.23046875,-216.43910217285156,-20.29568862915039,185.36135771053435,-216.6677785301389,-20.297223537272572,1.1537786067455085,0.39401485065121206,0.0662720580352225,3.505814500973103e-05,16.43331870604479,24.189241946054473,nan,0.06764249706218141,nan
122.99000000000001,184.23851013183594,-216.447509765625,-20.29752540588379,185.36954323987766,-216.67616702949547,-20.2991608169146,1.1539162492904258,0.394061565872071,0.06629217776079117,3.576326230568944e-05,16.399162544745792,24.134924314673317,nan,nan,nan
123.0,184.24655151367188,-216.45591735839844,-20.299325942993164,185.37479302839435,-216.68475288647747,-20.300403046372235,1.1512149124321505,0.39399820823238607,0.06628667649664373,3.504030423459648e-05,16.166169954650965,23.92342885024054,0.31921759886243956,0.3044317132276572,nan
123.01,184.25460815429688,-216.46432495117188,-20.301090240478516,185.38297973896726,-216.69314420911576,-20.30226236602598,1.1513392461719765,0.3940447270120935,0.06630679782314627,3.574490624967973e-05,16.129503552520614,24.054317720410772,nan,nan,nan
123.02,184.2626495361328,-216.4727325439453,-20.302820205688477,185.39116540319563,-216.7015301850758,-20.30376609692622,1.151476147173552,0.39409133174778826,0.06632698041912657,3.504400620195469e-05,16.07573603403805,23.722515472857406,nan,0.07260915196292621,nan
123.03,184.2707061767578,-216.4811248779297,-20.304515838623047,185.39935969242632,-216.70992076091665,-20.30555378611416,1.1516107814004037,0.3941380232243575,0.06634722509959541,3.574897509336143e-05,16.037246260880178,24.419935798851167,nan,nan,nan
123.04,184.27877807617188,-216.48953247070312,-20.306177139282227,185.40756694710376,-216.71832000297545,-20.307905031162953,1.1517426082564148,0.39418480095712405,0.06636753135520508,3.5048110101390686e-05,16.050524482378005,24.00470396947442,nan,0.2506109754163979,nan
123.05,184.28683471679688,-216.49794006347656,-20.307804107666016,185.42593902853486,-216.73360900934182,-20.309664437131506,1.1632291029247077,0.3941214014691539,0.06636196537400064,3.5731437515289786e-05,15.782221779413083,23.845860523220825,1.9505012275425153,nan,nan
123.06,184.29490661621094,-216.50634765625,-20.30940055847168,185.4341507964799,-216.7420088416613,-20.31085111347859,1.1633639158474915,0.394167982514598,0.06638227258181827,3.503142805308942e-05,15.704182604009235,23.840088211229876,nan,0.1836820651943197,nan
123.07000000000001,184.302978515625,-216.51473999023438,-20.310964584350586,185.44237362837805,-216.750415904078,-20.312512271538466,1.1635148278673548,0.3942146501945631,0.0664026420729531,3.573626078785202e-05,15.668492381791635,24.405742262244402,nan,nan,nan
123.08,184.31105041503906,-216.5231475830078,-20.312498092651367,185.450610875659,-216.7588335407462,-20.314916726815795,1.163680267029834,0.3942614040697088,0.066423073404467,3.50362380417759e-05,15.727818959997624,23.772504678199233,nan,0.42185080291996757,nan
123.09,184.3191375732422,-216.53155517578125,-20.31399917602539,185.45884068624648,-216.7672398036912,-20.31652507067992,1.1638199215379184,0.3943082448575226,0.06644356729279599,3.574144347853933e-05,15.698300790978285,23.94384602874283,nan,nan,nan
123.10000000000001,184.3272247314453,-216.5399627685547,-20.315471649169922,185.47288982513783,-216.78896182329808,-20.319242128095535,1.1724176954822498,0.3942448026401213,0.06643793254306313,3.5020228272195214e-05,14.747496288530666,23.981486773683823,14.572975810410822,0.9956713456713826,nan
123.11,184.33531188964844,-216.54835510253906,-20.31691551208496,185.4811197834201,-216.79741350535753,-20.32080341222105,1.1725702252792372,0.3942914464678917,0.06645842668189267,3.572493357987512e-05,14.721744084243884,24.523094884797217,nan,nan,nan
123.12,184.34339904785156,-216.5567626953125,-20.318328857421875,185.48935448330877,-216.80586564050944,-20.322399761049493,1.1727244815454563,0.394338176428356,0.0664789829202289,3.502565482339466e-05,14.730832462471243,23.87520834805165,nan,0.002798274149655429,nan
123.13000000000001,184.3514862060547,-216.56515502929688,-20.31971549987793,185.49759200081712,-216.81431668292666,-20.32390626379057,1.1728843015957415,0.3943849931957433,0.06649960191393037,3.573074021762305e-05,14.706986244488654,24.397071248335475,nan,nan,nan
123.14,184.35958862304688,-216.5735626220703,-20.321073532104492,185.50582818279955,-216.82276311767464,-20.325038323873017,1.1730224784398677,0.3944318963950635,0.06652028331004595,3.503137616498228e-05,14.623138857756658,23.85942684265392,nan,0.08519586993136904,nan
123.15,184.36769104003906,-216.58197021484375,-20.322404861450195,185.52715282408445,-216.83348356617415,-20.326540511729377,1.1864348689086992,0.39436841170716963,0.06651457688760241,3.571482339722208e-05,15.023111316876157,23.997700208231677,2.6652367867153353,nan,nan
123.16,184.37579345703125,-216.59036254882812,-20.323820114135742,185.53543615968604,-216.84194106816628,-20.32873991197608,1.1866284817177108,0.39441511769261406,0.06653525784531367,3.501620063392908e-05,15.193701243115541,24.762559058025783,nan,0.36490637655007047,nan
123.17,184.38389587402344,-216.59877014160156,-20.3253173828125,185.54371351598152,-216.85038935867735,-20.330310912491296,1.186808378946533,0.39446191037953876,0.0665560017554849,3.5721170242957954e-05,15.16067451985379,24.057357827134993,nan,nan,nan
123.18,184.3920135498047,-216.60716247558594,-20.326894760131836,185.55198261475223,-216.85882622945888,-20.331057664744627,1.1869625968932311,0.3945087894339343,0.06657680832008965,3.50224266598412e-05,14.915574226162072,24.644191331119384,nan,0.5801347604285011,nan
123.19,184.40011596679688,-216.61557006835938,-20.328554153442383,185.5602664425602,-216.86727407462388,-20.332784192018647,1.1871486538802998,0.39455575546901184,0.06659767811334179,3.572777663525496e-05,14.882328849633543,23.70855398922274,nan,nan,nan
123.2,184.40823364257812,-216.62396240234375,-20.330291748046875,185.54680172230997,-216.85399164037173,-20.33401236627774,1.1615784801432933,0.3944922275004407,0.06659189608484412,3.5007729981434036e-05,16.03760821279495,24.238769634627985,23.121006982342543,0.188948881561229,nan
123.21000000000001,184.41635131835938,-216.6323699951172,-20.332107543945312,185.55507480609745,-216.8623755822066,-20.335893115202477,1.1617263370383126,0.39453899604370585,0.0666127647044699,3.5712585680271086e-05,16.005010135895144,23.603768593703403,nan,nan,nan
123.22,184.4244842529297,-216.64076232910156,-20.334001541137695,185.5633475296067,-216.87075603677556,-20.337590175122152,1.161860381813142,0.39458585088839004,0.0666336962246276,3.501438877524579e-05,15.930937436453208,24.241461861740657,nan,0.048661618159660074,nan
123.23,184.43260192871094,-216.64915466308594,-20.335973739624023,185.57162643376395,-216.8791390184595,-20.3396252908073,1.162016764360097,0.39463279260913087,0.06665469117004091,3.5719629191384366e-05,15.89688912578676,23.930883194505075,nan,nan,nan
123.24000000000001,184.44073486328125,-216.65756225585938,-20.3380184173584,185.57993420987512,-216.88754577184378,-20.34388878884932,1.162197070279343,0.39467982092938547,0.06667574931630917,3.5021256919361615e-05,16.469270412087166,24.197702716705916,nan,3.263619767107133,nan
123.25,184.44886779785156,-216.66595458984375,-20.340139389038086,185.56429580701592,-216.89196960385158,-20.34617257832456,1.1381119582704926,0.3946162498022161,0.06666988861230147,3.570485267962942e-05,15.758236201279493,24.418349301680937,8.710137488244545,nan,nan
123.26,184.45700073242188,-216.6743621826172,-20.342334747314453,185.57253462569957,-216.90035638611946,-20.34844953194098,1.1382120354569072,0.3946630803692752,0.06669094485736761,3.500713707416467e-05,15.7683600124283,23.77703929243377,nan,6.880887078548672e-05,nan
123.27,184.4651336669922,-216.68275451660156,-20.344602584838867,185.5807763673578,-216.90874307624208,-20.35081058889109,1.138318058928075,0.3947099977081615,0.0667120647226694,3.571226684189592e-05,15.739572170805507,24.31631588240685,nan,nan,nan
123.28,184.4732666015625,-216.69114685058594,-20.346942901611328,185.58902681467424,-216.91713487465927,-20.35376376041046,1.1384366316587342,0.39475700157841026,0.06673324802812662,3.501435091404685e-05,15.949539027281876,24.46193681515602,nan,0.18980998459918202,nan
123.29,184.48141479492188,-216.6995391845703,-20.349353790283203,185.5972738850723,-216.92552078544574,-20.35627603250378,1.1385328763118396,0.39480409250087245,0.06675449523249195,3.5719861999901086e-05,15.922266055480769,24.63328073714443,nan,nan,nan
123.3,184.48956298828125,-216.70794677734375,-20.351837158203125,185.62369540872848,-216.94844203096125,-20.35979124619892,1.1593781012412996,0.39474047746737895,0.0667485520185152,3.500055868769241e-05,15.73119377936253,24.421538679704252,8.502719529453948,0.57059727757272,nan
123.31,184.49771118164062,-216.71633911132812,-20.354373931884766,185.63196759024305,-216.95686606171526,-20.362449157322114,1.1595068018705503,0.39478737035385086,0.06676979655395814,3.5705575222691336e-05,15.710151995626937,25.063714474581936,nan,nan,nan
123.32000000000001,184.505859375,-216.7247314453125,-20.356914520263672,185.64023806344986,-216.96528563328943,-20.36474921993663,1.159630419004875,0.3948343497019041,0.0667911047631847,3.500806181756342e-05,15.59781587357632,24.82934778105505,nan,0.10635282425101467,nan
123.33,184.51400756835938,-216.73312377929688,-20.35943031311035,185.64851520752254,-216.9737085381109,-20.367423711592892,1.1597639862974183,0.39488141599884574,0.06681247706551759,3.571346208828115e-05,15.59439366756338,24.779032285500623,nan,nan,nan
123.34,184.52215576171875,-216.74151611328125,-20.361909866333008,185.6567810731917,-216.98211885356798,-20.368797814990263,1.1598757346824993,0.394928569054247,0.06683391333961934,3.5015708046266904e-05,15.121394968323909,24.202717419932668,nan,1.139253174514453,nan
123.35000000000001,184.5303192138672,-216.74990844726562,-20.364347457885742,185.64855695346824,-216.98505124634568,-20.371411946394964,1.1427150498812813,0.3948649101146404,0.06682788441519548,3.569945208964209e-05,14.949530841491892,24.188476954127403,2.588916485282466,nan,nan
123.36,184.53846740722656,-216.75830078125,-20.36673927307129,185.65680883001332,-216.99346287927204,-20.37364116330381,1.1428194898388881,0.3949118648653282,0.0668493172557219,3.500229410381896e-05,14.874032184694011,23.82191918039395,nan,0.07290858448152394,nan
123.37,184.546630859375,-216.76669311523438,-20.36908531188965,185.66506639736286,-217.00187699311564,-20.376143811466907,1.1429170273758968,0.39495890646199755,0.06687081438170929,3.570757917010174e-05,14.869504241920335,23.968668873601853,nan,nan,nan
123.38000000000001,184.55479431152344,-216.77508544921875,-20.37138557434082,185.6733088419929,-217.0102756495983,-20.376912166672433,1.1429871952251731,0.39500603474522733,0.06689237570667493,3.5010164085372675e-05,14.308015065493988,23.330511112255465,nan,2.0139285951844337,nan
123.39,184.56295776367188,-216.78347778320312,-20.373640060424805,185.68157092135507,-217.0186889870539,-20.379308214467553,1.1430887257466784,0.39505325015604764,0.06691400159799271,3.5715827249122874e-05,14.2968052667307,23.273296557342924,nan,nan,nan
123.4,184.57113647460938,-216.7918701171875,-20.3758487701416,185.68497239089777,-217.03528834861075,-20.382066819931385,1.1401410210787162,0.39498954661558877,0.06690788321057294,3.499696295145785e-05,13.50074650081647,23.59382101783978,10.793705094493069,0.20261915668182848,nan
123.41,184.5792999267578,-216.80026245117188,-20.378015518188477,185.69321680764062,-217.04373464562022,-20.384378127169988,1.1402324367330707,0.3950365634343144,0.06692950486907606,3.5702127597997365e-05,13.491644584028068,23.18761642715073,nan,nan,nan
123.42,184.5874786376953,-216.80865478515625,-20.380138397216797,185.70145663685378,-217.05217454664552,-20.38595473930354,1.1402993846706029,0.3950836668660922,0.06695119094837625,3.5005013530845614e-05,13.285596569718846,23.173032105840115,nan,0.33820760945603384,nan
123.43,184.5956573486328,-216.81704711914062,-20.382219314575195,185.70970525963367,-217.06061947525436,-20.38817488850692,1.1403796339504728,0.39513085732345127,0.0669729417852579,3.571055759190687e-05,13.274119872065379,23.074172617435057,nan,nan,nan
123.44,184.60382080078125,-216.825439453125,-20.384258270263672,185.71794997898112,-217.06905882217634,-20.389713581398627,1.1404665637855773,0.3951781346895301,0.06699475733887413,3.501315740680612e-05,13.093501571230048,22.606385424537255,nan,0.28961007177944326,nan
123.45,184.61199951171875,-216.83383178710938,-20.38625717163086,185.6918986510724,-217.06380895941913,-20.391751829506177,1.1041294499403127,0.3951143864419609,0.0669885461882321,3.569703189689867e-05,12.887715873566286,22.53451904596115,10.999517453237855,nan,nan
123.46000000000001,184.6201934814453,-216.84222412109375,-20.388216018676758,185.7000976914238,-217.07223072622546,-20.393978258556558,1.1041419041689748,0.39516146494016835,0.0670103567089468,3.5000186120132595e-05,12.952235210766926,22.835612121121788,nan,0.012761565139827832,nan
123.47,184.6283721923828,-216.85060119628906,-20.390134811401367,185.70829759680257,-217.0806509343706,-20.39603327409251,1.1041723384348432,0.3952086303623356,0.06703223217639476,3.57056049164951e-05,12.939128529437166,23.137004844955854,nan,nan,nan
123.48,184.6365509033203,-216.85899353027344,-20.392017364501953,185.71650662457074,-217.08907641215023,-20.398829318677716,1.1042141527411962,0.39525588261765626,0.06705417257638956,3.500846320084639e-05,13.2529834278468,22.67596299755675,nan,0.4278934900263809,nan
123.49000000000001,184.64474487304688,-216.8673858642578,-20.39385986328125,185.7247109323572,-217.09749627578094,-20.40081764862255,1.10423090951597,0.3953032220797378,0.06707617820592893,3.571425460471659e-05,13.245394178361469,22.99008016215827,nan,nan,nan
123.5,184.65293884277344,-216.8757781982422,-20.395668029785156,185.72008083599857,-217.106293634188,-20.40130673877852,1.0917697536353155,0.39523942847369115,0.06706987060719753,3.499562044744354e-05,12.230205443728595,22.43478207718396,4.680135371421313,1.7441392247612446,nan
123.51,184.6611328125,-216.8841552734375,-20.397438049316406,185.7282605855142,-217.11472470007274,-20.403209919920695,1.0917679510442715,0.39528656877614093,0.0670918703740461,3.570090747550716e-05,12.216168084074969,23.08769282457191,nan,nan,nan
123.52,184.66932678222656,-216.89254760742188,-20.399173736572266,185.7364367223193,-217.12315107184634,-20.40441693710904,1.0917550426726466,0.395333795834633,0.06711393528415678,3.500399856962641e-05,12.031304870185098,22.140064304578765,nan,0.30888893372432213,nan
123.53,184.67752075195312,-216.90093994140625,-20.400875091552734,185.74462049724343,-217.13158148286135,-20.40624510115441,1.091753737821192,0.39538110999908765,0.06713606561147889,3.57096590268971e-05,12.016656134914012,22.050996224625194,nan,nan,nan
123.54,184.6857147216797,-216.90931701660156,-20.402544021606445,185.7528014704164,-217.1400077359537,-20.407459827038135,1.091749285535699,0.39542851121410355,0.06715826137625998,3.501243387440093e-05,11.861435284189318,22.44216241028404,nan,0.23754324720714617,nan
123.55,184.69390869140625,-216.91770935058594,-20.404176712036133,185.76238897301442,-217.14374915181867,-20.409274059756285,1.0921401406781985,0.39536467205193115,0.06715185395739581,3.5696411815928335e-05,12.345796167290391,21.799956924541096,2.581313974272341,nan,nan
123.56,184.70211791992188,-216.9261016845703,-20.405778884887695,185.77059075117583,-217.1521629783195,-20.41133727161768,1.09213954938114,0.39541187382482507,0.06717404302562878,3.499971397536026e-05,12.464047589934472,22.08707366393367,nan,0.08045678147062355,nan
123.57000000000001,184.7103271484375,-216.93447875976562,-20.4073486328125,185.778791873744,-217.1605744250363,-20.413035009201625,1.092139393097302,0.39545916260320424,0.06719629769642871,3.570523664278364e-05,12.449223051179182,22.66939177206256,nan,nan,nan
123.58,184.71853637695312,-216.94287109375,-20.40888786315918,185.78698246341997,-217.16897603995284,-20.413093524875396,1.092116373823864,0.39550653835308947,0.06721861800981375,3.5008217772735135e-05,12.012739576906156,21.503610164975907,nan,1.8264215145806073,nan
123.59,184.7267303466797,-216.95126342773438,-20.4103946685791,185.7951876174084,-217.17738715332501,-20.414714663277334,1.0921316500322829,0.39555400139237373,0.0672410042101906,3.571410665412784e-05,11.994758238225755,21.20842007753369,nan,nan,nan
123.60000000000001,184.7349395751953,-216.9596405029297,-20.41187286376953,185.83344619491746,-217.19401556072108,-20.416543671068712,1.1232409704640043,0.3954901160569303,0.06723449334272248,3.499556699717802e-05,12.571194485198783,22.20081560493289,9.523948626925238,0.01637430290375873,nan
123.61,184.7431640625,-216.96803283691406,-20.413320541381836,185.84171039214866,-217.20243293209353,-20.418109897287614,1.1232855295670234,0.3955373793581172,0.0672568719871913,3.570094502269939e-05,12.554556080850395,21.781838160961144,nan,nan,nan
123.62,184.75137329101562,-216.97640991210938,-20.41473960876465,185.8499776076708,-217.21085099905585,-20.41979980771736,1.123351981097416,0.3955847295503028,0.06727931647456346,3.5004115976319184e-05,12.60732200078034,22.171491846590072,nan,0.016272494829340994,nan
123.63000000000001,184.75958251953125,-216.98480224609375,-20.4161319732666,185.85824558002992,-217.21926804019228,-20.421311881932173,1.1234151327805455,0.39563216693211445,0.06730182703244729,3.5709860959926914e-05,12.59250538418261,21.41021151937174,nan,nan,nan
123.64,184.76780700683594,-216.99317932128906,-20.417604446411133,185.8550668550735,-217.23910985299406,-20.42546290459463,1.1147544839018444,0.3949879908371541,0.0666394313963417,3.501254350772478e-05,15.479402668421592,25.241050805151303,nan,4.82996682991399,0.19011241165869702
123.65,184.77603149414062,-217.00157165527344,-20.419160842895508,185.83834541505337,-217.23214324855752,-20.427144802813103,1.087077674230564,0.39492284960416996,0.06663384412606722,3.569659128010501e-05,15.959726795914769,24.386019930064425,9.899705177154713,nan,nan
123.66,184.78424072265625,-217.00994873046875,-20.42079734802246,185.84658250992285,-217.2405109486043,-20.426282435575036,1.0870874369570516,0.39496884227694384,0.06665328849395356,3.499994712428494e-05,14.987861216251384,23.733848511926976,nan,4.751172959431903,nan
123.67,184.79246520996094,-217.01834106445312,-20.42251205444336,185.85481552470577,-217.24891487537994,-20.42806929769478,1.0870985955635835,0.3950149206996002,0.0666727922404519,3.57055380925336e-05,14.94864279022029,23.398962377978325,nan,nan,nan
123.68,184.80068969726562,-217.02671813964844,-20.424306869506836,185.86304966728267,-217.25732140918163,-20.430148284328574,1.0871157693369766,0.3950610850022194,0.06669235496681734,3.500855777691513e-05,15.012326545841018,24.001948906510297,nan,0.031654232300282546,nan
123.69,184.8089141845703,-217.0351104736328,-20.426177978515625,185.8712859481904,-217.2657246205705,-20.4320968306874,1.0871300206121122,0.3951073353441576,0.06671197734677119,3.571450876387343e-05,14.974514173274297,23.369988198488834,nan,nan,nan
123.7,184.81715393066406,-217.04348754882812,-20.42812728881836,185.9098797106776,-217.28206098130002,-20.433912951550354,1.1184812858876245,0.3950421797818038,0.06670634092031566,3.4995990628021534e-05,15.57686798266823,24.187070243117994,11.591699453759176,0.021071692064560367,nan
123.71000000000001,184.82537841796875,-217.0518798828125,-20.430150985717773,185.91817850896598,-217.29046682172094,-20.436014816852648,1.1185571736915516,0.39508823435221013,0.06672596525429136,3.570142467415678e-05,15.54076663856847,23.344001173659674,nan,nan,nan
123.72,184.83360290527344,-217.0602569580078,-20.4322509765625,185.9264808334651,-217.29886182105454,-20.437381403559726,1.1186334376725948,0.3951343747237106,0.0667456488523636,3.50046091638576e-05,15.285342165157502,23.630409636930843,nan,0.4652623905717417,nan
123.73,184.8418426513672,-217.0686492919922,-20.434425354003906,185.93478264959714,-217.3072670693892,-20.439627390321036,1.1186971639378671,0.39518060105729813,0.06676539233259561,3.571040415181903e-05,15.248147733948937,23.216724585246595,nan,nan,nan
123.74000000000001,184.85006713867188,-217.0770263671875,-20.43667221069336,185.94308299533904,-217.3156871332286,-20.443156877429193,1.1187871446686628,0.395226913480602,0.06678519537854115,3.501324335724165e-05,15.647570800379668,23.979839854952843,nan,1.0307803208626802,nan
123.75,184.85830688476562,-217.0854034423828,-20.43899154663086,185.95687950399667,-217.32443126444053,-20.44554861341256,1.1242949321982225,0.3951617433249342,0.0667795070931112,3.569733588937519e-05,15.8734080707612,24.182680619931297,0.8352793165436936,nan,nan
123.76,184.86654663085938,-217.0937957763672,-20.441383361816406,185.9651994760236,-217.33282667552268,-20.447625136376626,1.1243721824592559,0.395207859775265,0.06679931154957368,3.5000677319611906e-05,15.740062617348562,23.40918684213245,nan,0.11453380594810639,nan
123.77,184.87478637695312,-217.1021728515625,-20.443843841552734,185.9735197375319,-217.34122666026926,-20.450172274287045,1.124456210871184,0.39525406210973013,0.06681917611506313,3.570631001069632e-05,15.705009768566915,23.999820349683933,nan,nan,nan
123.78,184.88302612304688,-217.1105499267578,-20.44637680053711,185.98184637285905,-217.34960286484434,-20.45082325592736,1.1245319113171655,0.3953003504545425,0.06683910052367004,3.500930766039016e-05,15.104786608727709,23.296580024205497,nan,2.7314391560103553,nan
123.79,184.89126586914062,-217.1189422607422,-20.448959350585938,185.99016921739033,-217.3580020521636,-20.45348379676673,1.1246148777613223,0.3953467249728217,0.066859085318682,3.571529457539441e-05,15.071864383005872,22.73862278283331,nan,nan,nan
123.8,184.89950561523438,-217.1273193359375,-20.451541900634766,185.9742948004625,-217.3561846343578,-20.4553681204883,1.0988929690660125,0.395281539899904,0.06685334150297718,3.499674608411077e-05,14.82322588597823,22.96427506926821,5.429542148127793,0.3865552775471693,nan
123.81,184.90774536132812,-217.1356964111328,-20.454099655151367,185.98258065594334,-217.36456483800123,-20.45803508989788,1.0989391043249113,0.39532771824019136,0.0668733271186826,3.57022105049153e-05,14.796003618843027,22.8726387822564,nan,nan,nan
123.82000000000001,184.91600036621094,-217.14407348632812,-20.456619262695312,185.99086582183324,-217.3729525626243,-20.461397682959916,1.0989741637347787,0.39537398251092265,0.06689337284914136,3.5005361376000204e-05,14.971259187998836,23.27026835362941,nan,0.3725510708599678,nan
123.83,184.9242401123047,-217.1524658203125,-20.459096908569336,185.99915417609762,-217.38133173442017,-20.46400120535386,1.099019519074673,0.3954203328763908,0.06691347919203207,3.571118128929427e-05,14.951991654643631,22.339919773573197,nan,nan,nan
123.84,184.9324951171875,-217.1608428955078,-20.46152687072754,186.00744736753708,-217.38969574203608,-20.465193595017404,1.0990493213512946,0.39546676946104464,0.06693364594898123,3.501398247122998e-05,14.619668575010277,22.851820863655732,nan,1.318896400231505,nan
123.85000000000001,184.94073486328125,-217.16921997070312,-20.463909149169922,185.97887749778462,-217.3828204733229,-20.46774487392197,1.0598962293910672,0.39540156915764363,0.06692784371801341,3.569809353215846e-05,14.488356970005505,22.568977036566974,12.279654614412069,nan,nan
123.86,184.94898986816406,-217.17759704589844,-20.466245651245117,185.9871079589727,-217.39117517780738,-20.47049102595001,1.0598692429258767,0.3954478093544807,0.06694801070985044,3.500139365771025e-05,14.548568298353803,22.84949547819183,nan,0.05949737972775289,nan
123.87,184.9572296142578,-217.18597412109375,-20.468536376953125,185.9953403951341,-217.3995263125435,-20.47290431928426,1.059857353970219,0.3954941355665904,0.06696823853827917,3.5707041033823206e-05,14.526374190898224,22.486767144131584,nan,nan,nan
123.88000000000001,184.96548461914062,-217.19435119628906,-20.470781326293945,186.0035683364576,-217.40789830046526,-20.477354177238688,1.0598412014213223,0.39554054791750404,0.0669885270458405,3.500999470247063e-05,15.18391537358046,23.415137364179778,nan,3.057392034056812,nan
123.89,184.97373962402344,-217.20272827148438,-20.47298240661621,186.01180314562572,-217.4162488111211,-20.47969920677294,1.0598169705814486,0.3955870465728992,0.06700887666959489,3.5715991432328446e-05,15.171134692830972,23.328111511818065,nan,nan,nan
123.9,184.98199462890625,-217.2111053466797,-20.475139617919922,186.0668882776365,-217.44105839859938,-20.48187494278984,1.1090166814541327,0.395521830661021,0.06700301241285768,3.499739669782517e-05,15.691430231499163,23.342168536626286,20.66914872057178,0.009103653201095057,nan
123.91,184.99024963378906,-217.219482421875,-20.477252960205078,186.07520816142826,-217.44943027659275,-20.48413290108092,1.1090799593233915,0.3955681327150556,0.0670233616450275,3.5702866378934636e-05,15.68014630676717,23.332596369219818,nan,nan,nan
123.92,184.99850463867188,-217.2278594970703,-20.479324340820312,186.08352898550302,-217.45780368348156,-20.486528490352217,1.109145645012938,0.39561452082698445,0.06704377181584699,3.500597029305383e-05,15.796352810044796,23.402068088190866,nan,0.022675303050935465,nan
123.93,185.0067596435547,-217.23623657226562,-20.481355667114258,186.0918517223371,-217.46617528353877,-20.488705822402938,1.1092117269309254,0.3956609951631467,0.067064243325909,3.571179101190468e-05,15.786107172805377,23.3324501847796,nan,nan,nan
123.94,185.01502990722656,-217.24461364746094,-20.48334503173828,186.10018253223436,-217.47452417384716,-20.48838458416504,1.1092522106325309,0.39570755584607054,0.0670847760718288,3.501454462955676e-05,14.957605829637778,22.75353042642155,nan,4.264657300518551,nan
123.95,185.02328491210938,-217.25299072265625,-20.485294342041016,186.12118808194606,-217.47981363297706,-20.490472331581984,1.1211007156181487,0.39564232396533316,0.06707884675414512,3.569865254337473e-05,15.951749386551572,22.69300208046933,10.339396270327883,nan,nan
123.96000000000001,185.0315399169922,-217.26136779785156,-20.487205505371094,186.12955099523262,-217.4881585305549,-20.49217158555723,1.1211989236220519,0.39568868782892047,0.06709937848179286,3.5001905186924106e-05,15.866509306402396,22.5689192121985,nan,0.07990063891997536,nan
123.97,185.03981018066406,-217.26974487304688,-20.48908042907715,186.1379140870785,-217.49650622864257,-20.49416635773391,1.1212844279417145,0.3957351378357633,0.06711997176966543,3.570754521685267e-05,15.84692645095487,22.687422816379218,nan,nan,nan
123.98,185.04808044433594,-217.2781219482422,-20.490915298461914,186.14628162803368,-217.50484325426186,-20.49490810394824,1.12136717134667,0.3957816741079772,0.06714062654667695,3.501045185865124e-05,15.538656242357188,22.435792050284206,nan,1.0438832721453197,nan
123.99000000000001,185.05633544921875,-217.2864990234375,-20.49271583557129,186.15464677925655,-217.5131903805196,-20.496818089073095,1.121469383241881,0.3958282968125332,0.06716134316550561,3.571643742469403e-05,15.516182040588086,22.133275913639043,nan,nan,nan
124.0,185.06460571289062,-217.2948760986328,-20.494478225708008,186.16685588887438,-217.51808611818663,-20.499486502398597,1.1246347167506634,0.39576304853550387,0.0671553452228263,3.499779743007938e-05,16.339042573438636,22.751067873421025,3.323968955248265,0.41916430279379424,nan
124.01,185.0728759765625,-217.30325317382812,-20.496206283569336,186.17523824979642,-217.5264162352753,-20.501335339143246,1.1247358092703426,0.3958094741988914,0.06717606016114065,3.5703252476778295e-05,16.32115370606291,22.706949228043005,nan,nan,nan
124.02,185.08114624023438,-217.31161499023438,-20.497901916503906,186.18362503888906,-217.53473656162478,-20.501935487831286,1.1248373245942986,0.3958559860457257,0.06719683683655983,3.5006311665444005e-05,16.009454106210104,22.86682317105489,nan,1.0419408238592724,nan
124.03,185.08941650390625,-217.3199920654297,-20.499561309814453,186.1920095576135,-217.54306636485762,-20.503705353142635,1.1249403354150935,0.39590258424315444,0.067217675573356,3.571211435835757e-05,15.987845828880547,22.35897111633058,nan,nan,nan
124.04,185.09768676757812,-217.328369140625,-20.501188278198242,186.20039831048143,-217.55138750415756,-20.504332929527497,1.125042144169238,0.3959492689130123,0.06723857634262131,3.501482491142101e-05,15.751810805762776,22.091622334278604,nan,0.8688171810453149,nan
124.05,185.10595703125,-217.3367462158203,-20.502782821655273,186.240109757164,-217.56747260452246,-20.506167104036223,1.1573886665718263,0.39588400383427813,0.06723250661904372,3.569891300142607e-05,16.50524859784312,22.567579731160826,12.741315444500103,nan,nan
124.06,185.11422729492188,-217.34512329101562,-20.50434684753418,186.24855074058658,-217.57582335035855,-20.51037430947115,1.1575614571429367,0.39593049123706986,0.06725340504170949,3.500212459513137e-05,17.18606719215735,23.206923720651965,nan,4.559249595403029,nan
124.07000000000001,185.12249755859375,-217.35350036621094,-20.505878448486328,186.25700001775647,-217.58415532140077,-20.512035160623952,1.1577285706521303,0.3959770649079944,0.06727436574302861,3.5707740584699044e-05,17.173464232566015,23.224282697089887,nan,nan,nan
124.08,185.13076782226562,-217.36187744140625,-20.50737953186035,186.26545377797845,-217.59247894426372,-20.512500369973576,1.1578926954580173,0.39602372496892624,0.06729538871890402,3.5010608408746464e-05,16.82486019875983,22.85814174521893,nan,0.9589399828835723,nan
124.09,185.13905334472656,-217.3702392578125,-20.50885009765625,186.27390539408145,-217.60081057390423,-20.514090359274107,1.158049984271443,0.39607047158696945,0.06731647425675509,3.571656716507623e-05,16.806256916668957,23.535080120701746,nan,nan,nan
124.10000000000001,185.14732360839844,-217.3786163330078,-20.510292053222656,186.28127400544057,-217.6056594153203,-20.515444590351525,1.1564681633390606,0.3960051892342129,0.0673103292228538,3.499789255720592e-05,17.13308972510953,22.858345778304933,1.396108906559955,0.0106648472279962,nan
124.11,185.15560913085938,-217.38699340820312,-20.51170539855957,186.2897309749851,-217.61397874342128,-20.516975226335028,1.156625466956365,0.3960517383553324,0.06733141171698158,3.570331837212502e-05,17.116352102195506,22.97737454120309,nan,nan,nan
124.12,185.16387939453125,-217.39537048339844,-20.513092041015625,186.29819217688893,-217.62229058515285,-20.51738145934834,1.1567958419314508,0.39609837378349044,0.06735255672269153,3.500634386977482e-05,16.829065963798836,22.49386045092387,nan,0.8495952316303296,nan
124.13000000000001,185.1721649169922,-217.40374755859375,-20.514558792114258,186.30665135077734,-217.6306095047624,-20.51890210323349,1.1569549150306,0.39614509568555495,0.06737376450590442,3.5712114959564207e-05,16.795946409643488,22.696048082627836,nan,nan,nan
124.14,185.18045043945312,-217.412109375,-20.5161075592041,186.3151131881383,-217.63892450453042,-20.519902527692377,1.1571167002612663,0.3961919041837361,0.067395035094489,3.50147946352208e-05,16.641637544836374,23.05649159726561,nan,0.25671363643212164,nan
124.15,185.18873596191406,-217.4204864501953,-20.517738342285156,186.32535552932248,-217.6443623629342,-20.521486801430825,1.1584638605784534,0.39612660410874173,0.06738881150021647,3.5698851096784726e-05,17.041468766511976,22.579337699959993,1.9071026312902248,nan,nan
124.16,185.19700622558594,-217.42886352539062,-20.51944923400879,186.33382753245175,-217.6526664585685,-20.522953220508764,1.1586469326608952,0.39617321487641105,0.06741007834111737,3.500203473272153e-05,16.96469525914092,22.360350308034732,nan,0.06047894415464711,nan
124.17,185.20529174804688,-217.43724060058594,-20.521236419677734,186.3422995964037,-217.66097204193662,-20.524789649411467,1.1588163057687024,0.39621991203408935,0.06743140817254875,3.5707615097105054e-05,16.932875706079585,22.55452994868302,nan,nan,nan
124.18,185.2135772705078,-217.4456024169922,-20.523103713989258,186.35077313147562,-217.66927651537304,-20.526533328081737,1.1589893402191516,0.3962666957043945,0.06745280104086307,3.5010458001818056e-05,16.879001088323314,22.959789592632777,nan,0.020898280790271864,nan
124.19,185.22186279296875,-217.4539794921875,-20.525047302246094,186.3592472523175,-217.67758187860008,-20.528525659505558,1.1591607026407709,0.3963135660536006,0.06747425718449118,3.571637932321272e-05,16.847402523062602,22.444635332734588,nan,nan,nan
124.2,185.23016357421875,-217.4623565673828,-20.52706527709961,186.36162815392555,-217.6781458636238,-20.528559110192802,1.1518590829787199,0.39624824774352874,0.06746795152588789,3.4997685239352386e-05,17.144713998859633,22.471509674410324,3.5217873402900386,2.739334296849721,nan
124.21000000000001,185.2384490966797,-217.47073364257812,-20.529159545898438,186.3701026229826,-217.68642696512543,-20.5306844610857,1.1520267524461725,0.3962949201246196,0.06748940319074151,3.570307213589007e-05,17.112744419530095,22.280363157236664,nan,nan,nan
124.22,185.24673461914062,-217.47909545898438,-20.531328201293945,186.37857507094188,-217.69471318490002,-20.53392228245617,1.1521981345757233,0.3963416789342847,0.06751091811918017,3.500607894098136e-05,17.204851567139723,22.862836993645,nan,0.758909848508865,nan
124.23,185.25502014160156,-217.4874725341797,-20.533571243286133,186.3870511641751,-217.70299356596408,-20.53620838647147,1.1523673484329797,0.39638852433824234,0.06753249653389154,3.5711809649773506e-05,17.174260692178212,22.333556221813527,nan,nan,nan
124.24000000000001,185.2633056640625,-217.495849609375,-20.535884857177734,186.39553035932772,-217.71126924175118,-20.537670214943457,1.1525370128910684,0.39643545645992506,0.06755413850466976,3.501447382372723e-05,17.037549734090604,22.285800093074386,nan,0.5694582100056452,nan
124.25,185.2716064453125,-217.50421142578125,-20.538270950317383,186.41234794614033,-217.72691608563505,-20.540077811472454,1.1622787109720114,0.39637011942616557,0.06754774746112162,3.569849124070704e-05,16.621484018078846,22.819094375237366,2.2956919210248605,nan,nan
124.26,185.27989196777344,-217.51258850097656,-20.540727615356445,186.42083622298014,-217.73521193548817,-20.541655985343258,1.162461117179305,0.39641685333869137,0.06756938421282932,3.500166249905715e-05,16.52145740137311,22.09600513704236,nan,0.5949511106028561,nan
124.27,185.28819274902344,-217.52096557617188,-20.54325294494629,186.42932272649438,-217.7435119770811,-20.54421435918728,1.1626286812038589,0.39646367376023245,0.06759108465906506,3.57072001944787e-05,16.488856520189245,22.26580457467189,nan,nan,nan
124.28,185.29647827148438,-217.52932739257812,-20.54583168029785,186.4378074622735,-217.75181569452604,-20.547732136350312,1.1628142491319189,0.39651058081489965,0.06761284888290775,3.501003390696612e-05,16.531461429126203,22.64103465755676,nan,0.568239515281641,nan
124.29,185.30477905273438,-217.53770446777344,-20.548410415649414,186.44629521696552,-217.7601149370186,-20.550388847102248,1.1629830111492894,0.3965575746674111,0.06763467708726129,3.571591157301208e-05,16.50429799550345,22.268309051973212,nan,nan,nan
124.3,185.3130645751953,-217.5460662841797,-20.55096435546875,186.4480168797946,-217.7642765182059,-20.55306385977578,1.1557408220995555,0.3964922183607059,0.06762819717377527,3.4997214116781906e-05,16.63919188712155,22.5779114997258,0.6206980877404872,7.245609756076845e-05,nan
124.31,185.3213653564453,-217.554443359375,-20.55348014831543,186.45649665984828,-217.7725656453719,-20.555678789246127,1.155900186709817,0.39653901375900236,0.06765001939495308,3.5702556663783826e-05,16.615443264581746,22.212475448019365,nan,nan,nan
124.32000000000001,185.32965087890625,-217.5628204345703,-20.555952072143555,186.46498141618747,-217.7808478169029,-20.55662482282172,1.156076044611055,0.396585895705248,0.06767190561070846,3.500556045945697e-05,16.460664559108714,21.927129699561238,nan,1.8740037089416577,nan
124.33,185.33795166015625,-217.57118225097656,-20.558378219604492,186.4734626332912,-217.78913624082128,-20.559140194740934,1.156239461532616,0.3966328643633831,0.06769385601286466,3.571124611777581e-05,16.42934952998996,22.51959496312991,nan,nan,nan
124.34,185.34625244140625,-217.57955932617188,-20.560758590698242,186.48195058715527,-217.79741525436708,-20.55927865467579,1.1564054971843496,0.3966799198586669,0.0677158707010251,3.501391034488268e-05,16.44282614859782,22.00453287965927,nan,3.8353933776761004,nan
124.35000000000001,185.35455322265625,-217.58792114257812,-20.563091278076172,186.5183938338636,-217.82064198366476,-20.56154706083622,1.186880930328922,0.396614543752619,0.06770929854704483,3.569788501361788e-05,16.19306899608068,22.7286498940825,9.024316758576639,nan,nan
124.36,185.3628387451172,-217.59629821777344,-20.565378189086914,186.5269178146234,-217.82896198615563,-20.56398292681884,1.1871033888996596,0.39666140054543814,0.06773130647693787,3.500105920976814e-05,16.149957146733446,22.052034954514365,nan,0.004801857875788127,nan
124.37,185.3711395263672,-217.6046600341797,-20.56761932373047,186.5354427872555,-217.83728138655707,-20.566292476280054,1.1873148434266316,0.3967083439635463,0.06775337879623511,3.570655098928553e-05,16.109421098340693,22.661464166114015,nan,nan,nan
124.38000000000001,185.3794403076172,-217.61302185058594,-20.56981658935547,186.54397102566801,-217.84559714225608,-20.56756625311649,1.1875302621797121,0.39675537413305645,0.06777551561367372,3.500939055618641e-05,16.170664329271855,22.708656094276254,nan,0.694059156902009,nan
124.39,185.3877410888672,-217.62139892578125,-20.571969985961914,186.55249755242963,-217.85391619057935,-20.569778467671686,1.187740165436907,0.39680249121664485,0.06779771710745587,3.571522198673422e-05,16.128159551890178,22.146619302104625,nan,nan,nan
124.4,185.3960418701172,-217.6297607421875,-20.574081420898438,186.58950173950487,-217.8787916481749,-20.57277287154032,1.2191655196392297,0.3967370947293969,0.06779104924295652,3.4996535996962616e-05,15.659035645522623,22.884788154874766,9.623190632584416,0.5005145629397582,nan
124.41,185.4043426513672,-217.6381378173828,-20.576148986816406,186.5980692358969,-217.88714766480894,-20.57490962902179,1.219422239724985,0.3967840128583053,0.06781324318234948,3.570183224018293e-05,15.620824263914823,22.369249422196948,nan,nan,nan
124.42,185.4126434326172,-217.64649963378906,-20.578176498413086,186.60663548916062,-217.89550579291006,-20.577728418562216,1.2196808185523653,0.39683101765227774,0.0678355018276721,3.500484733418855e-05,15.549729553634593,22.82909079451671,nan,0.36853931687303637,nan
124.43,185.4209442138672,-217.6548614501953,-20.580163955688477,186.61520412688557,-217.9038616738964,-20.579792160863732,1.2199417975777604,0.396878109273082,0.06785782534971271,3.5710486590598864e-05,15.514158156111787,22.79716045038552,nan,nan,nan
124.44,185.4292449951172,-217.66323852539062,-20.582109451293945,186.6237705451844,-217.91222104158606,-20.58304139064752,1.2201985296030233,0.3969252878481771,0.06788021386828351,3.5013164751707365e-05,15.50308214103359,22.314462947038727,nan,1.0579829920937904,nan
124.45,185.4375457763672,-217.67160034179688,-20.58401870727539,186.60608680571139,-217.91349068347725,-20.58521310825712,1.193314921239465,0.3968598704183396,0.06787344689060609,3.5697095932414804e-05,15.0066663294934,22.294585190642188,8.630530315998877,nan,nan
124.46000000000001,185.44586181640625,-217.6799774169922,-20.58588981628418,186.61461413091132,-217.92183613111104,-20.585180482545297,1.193515024375703,0.3969068497835514,0.06789582704642934,3.50002864576259e-05,14.948026585191826,21.826013932117707,nan,2.8175844629552236,nan
124.47,185.45416259765625,-217.68833923339844,-20.587722778320312,186.62313738439127,-217.93018693518795,-20.587088816622785,1.1937306081317043,0.39695391588772444,0.06791827227630155,3.570573207013212e-05,14.911130656916153,22.248408336829517,nan,nan,nan
124.48,185.46246337890625,-217.6967010498047,-20.589519500732422,186.63166427366195,-217.93853451872965,-20.587706122908763,1.193950353795732,0.39700106885926106,0.06794078270595515,3.500859038226976e-05,14.960147062900987,22.292963858686242,nan,1.1117238281667168,nan
124.49000000000001,185.4707794189453,-217.705078125,-20.591279983520508,186.64018894470834,-217.94688529227943,-20.589530696228568,1.19414923903968,0.3970483088585286,0.06796335849733628,3.5714375835186835e-05,14.919188475351362,21.857109283062243,nan,nan,nan
124.5,185.4790802001953,-217.71343994140625,-20.593006134033203,186.68427520230082,-217.96034342597738,-20.592241427256933,1.2302263647678533,0.3969828698751837,0.06795648894967442,3.499571363179236e-05,15.995723873316608,23.090927056875334,18.943536438959658,0.628336533650958,nan
124.51,185.4873809814453,-217.7218017578125,-20.594696044921875,186.69287387486057,-217.96868537300756,-20.594006714654117,1.2305141651775822,0.39702991040549646,0.0679790555512156,3.570096429513027e-05,15.96021661996067,23.127178017384065,nan,nan,nan
124.52,185.49569702148438,-217.7301788330078,-20.59635353088379,186.70147272422332,-217.97702778753103,-20.596043822530177,1.230784119000595,0.3970770377156447,0.0680016875516382,3.500400247828501e-05,15.9185217084937,22.57970493813621,nan,0.06563311506241093,nan
124.53,185.50399780273438,-217.73854064941406,-20.597978591918945,186.71007306067253,-217.98536923320557,-20.59774675491193,1.2310734873822533,0.39712425196503487,0.0680243851082658,3.570959650506844e-05,15.885426084888651,22.99158281755299,nan,nan,nan
124.54,185.51231384277344,-217.7469024658203,-20.599571228027344,186.71867236558705,-217.99371182876865,-20.600108893743204,1.2313472443987674,0.3971715532834961,0.06804714835374996,3.501229981784089e-05,15.859699753538093,23.050647432883377,nan,0.336904502769896,nan
124.55,185.5206298828125,-217.75527954101562,-20.601131439208984,186.72618121438495,-218.00280606896015,-20.601785052432216,1.2307005412782712,0.3971060921532092,0.06804017281664514,3.569618899619158e-05,15.734731136306133,22.482082086255406,0.17374130986660075,nan,nan
124.56,185.5289306640625,-217.76364135742188,-20.6026611328125,186.73478073246312,-218.01115020827513,-20.60292401287889,1.2309894751046455,0.3971531937408227,0.06806292603217409,3.4999406468841056e-05,15.693059126380822,22.909299788124052,nan,0.16139936619366335,nan
124.57000000000001,185.53724670410156,-217.77200317382812,-20.60416030883789,186.74337984349768,-218.01949533849924,-20.6045064144604,1.2312634329469163,0.39720038217858405,0.06808574499521378,3.570480788249299e-05,15.662127274933043,22.959353096105904,nan,nan,nan
124.58,185.54556274414062,-217.78038024902344,-20.605628967285156,186.75197987989532,-218.02784000082792,-20.60583318600353,1.2315350891919299,0.39724765759728453,0.06810862984193332,3.5007694959179504e-05,15.629302851413017,22.404823145551827,nan,0.03613267632824103,nan
124.59,185.55386352539062,-217.7887420654297,-20.60706901550293,186.76058000748546,-218.0361849398787,-20.607355278928857,1.2318249576224969,0.39729502015489965,0.06813158072439354,3.571343676500242e-05,15.599002669453599,22.82095980083364,nan,nan,nan
124.60000000000001,185.5621795654297,-217.79710388183594,-20.60848045349121,186.77658433914348,-218.05044029468831,-20.60869285827827,1.2405475958670662,0.39722953624097146,0.06812449575444765,3.499480760254774e-05,15.344843869913698,23.01087020271575,1.7745974082361469,0.05150139760922832,nan
124.61,185.57049560546875,-217.8054656982422,-20.609973907470703,186.7851941889697,-218.05880062866626,-20.61021436460984,1.2408349179289921,0.3972766988021131,0.0681474357499832,3.570001533725783e-05,15.313123076838853,23.024508592330935,nan,nan,nan
124.62,185.5788116455078,-217.8138427734375,-20.611547470092773,186.79380658149327,-218.06715972191304,-20.61086564140804,1.241121523359266,0.3973239482554549,0.06817044182004411,3.500308540469458e-05,15.294347527098648,22.515783634747375,nan,0.6412176424625707,nan
124.63000000000001,185.58712768554688,-217.82220458984375,-20.613203048706055,186.80241746986903,-218.0755199768052,-20.612542173440282,1.2414098363978465,0.39737128475802197,0.0681935141141146,3.5708637161731055e-05,15.261447440366194,23.004254788482935,nan,nan,nan
124.64,185.59544372558594,-217.83056640625,-20.614938735961914,186.7168349894712,-218.08027731633968,-20.61592775492176,1.1488580780472948,0.3874550136680942,0.06820205957690101,3.501133731091763e-05,16.23471131428352,23.978904196202475,nan,1.8839309872651713,0.8904167274695413
124.65,185.603759765625,-217.8389434814453,-20.616750717163086,186.72184986716192,-218.09222495099073,-20.617823236844714,1.1464196998780138,0.38738181200979366,0.0681946599580159,3.5695186593391755e-05,15.592116804299193,23.267933173180875,4.817471233074171,nan,nan
124.66,185.61207580566406,-217.84730529785156,-20.618640899658203,186.73038705238184,-218.10065455303075,-20.621032607371284,1.1466523491892,0.38742318417889204,0.06821822186833085,3.4998440554648764e-05,15.682794257285826,23.94247934046882,nan,1.1496074407947472,nan
124.67,185.62039184570312,-217.8556671142578,-20.620609283447266,186.73894911808114,-218.10908334379266,-20.62305696304228,1.1469072098983417,0.3874646420970095,0.06824184369541571,3.570380035384815e-05,15.64675935170412,23.85141037835962,nan,nan,nan
124.68,185.6287078857422,-217.86404418945312,-20.622652053833008,186.74751530189204,-218.1175117383933,-20.624967717766136,1.147162235735246,0.38750618489949845,0.06826552558344944,3.5006725088613226e-05,15.593725033578492,23.299137589255714,nan,0.02572301922591186,nan
124.69,185.63702392578125,-217.87240600585938,-20.62476921081543,186.75607824139334,-218.12593986059187,-20.62714400622234,1.1474178037832536,0.38754781372516467,0.0682892676771523,3.571242610728895e-05,15.558362889408757,23.882965171396833,nan,nan,nan
124.7,185.6453399658203,-217.88076782226562,-20.62696075439453,186.71708328504408,-218.11300365181836,-20.63135139663266,1.0966250501279347,0.3874747600016516,0.06828175579996303,3.4993838015905884e-05,15.89401780195916,23.505189190465675,19.847465223528385,2.6254335190045732,nan
124.71000000000001,185.65365600585938,-217.88912963867188,-20.62922477722168,186.72557280117718,-218.1213920984942,-20.633697290139494,1.096800560584698,0.387516216822143,0.06830547982054469,3.5699005919346256e-05,15.863402735507348,23.5046207566116,nan,nan,nan
124.72,185.6619873046875,-217.8975067138672,-20.631561279296875,186.7340402839684,-218.12978072773203,-20.637349745706466,1.0969422565683695,0.3875577584853999,0.06832926414920988,3.500211548775018e-05,16.22135108658848,23.466933348546764,nan,1.0736066340648267,nan
124.73,185.67030334472656,-217.90586853027344,-20.633970260620117,186.7425304297647,-218.13816924776592,-20.63985408139188,1.0971185736208298,0.38759938607055033,0.06835310893046805,3.570762830056099e-05,16.193719172243167,23.79942990240285,nan,nan,nan
124.74000000000001,185.67861938476562,-217.9142303466797,-20.63644790649414,186.75103630522648,-218.1465576470067,-20.641557960819473,1.0973058545470262,0.38764109880221215,0.06837701430881388,3.501040527313097e-05,15.930269424942981,23.622508360864927,nan,0.537052746848197,nan
124.75,185.6869354248047,-217.92259216308594,-20.638996124267578,186.77867881804193,-218.1648047673312,-20.644193835114624,1.1183012110028652,0.38756819310291996,0.0683693874299402,3.569421979370582e-05,15.792898629975255,23.8075108127331,3.318474080307311,nan,nan
124.76,185.6952667236328,-217.9309539794922,-20.64159393310547,186.78719530940378,-218.17321303786917,-20.64689075273062,1.1184925319766967,0.3876097336951294,0.06839327409423736,3.499751268263845e-05,15.79727520920025,23.99365659529261,nan,5.468514725426744e-06,nan
124.77,185.70358276367188,-217.93931579589844,-20.64419174194336,186.7957121136244,-218.18162101030907,-20.649616206046847,1.1186991368411472,0.3876513601075128,0.06841722145446422,3.570283637254479e-05,15.780334895994935,23.77546427493867,nan,nan,nan
124.78,185.71189880371094,-217.94769287109375,-20.64676284790039,186.80421928842324,-218.19002860965898,-20.65290456571724,1.1188960506704002,0.3876930716236244,0.06844122965501134,3.5005800685875506e-05,15.996204361905692,23.44261338072776,nan,0.233743149861305,nan
124.79,185.72021484375,-217.9560546875,-20.6492977142334,186.8127367231584,-218.198436186516,-20.655592033846407,1.1191034208287844,0.3877348692343826,0.068465298840539,3.5711466503861546e-05,15.988872609562236,23.894413316126933,nan,nan,nan
124.8,185.72854614257812,-217.96441650390625,-20.65178680419922,186.84347625706806,-218.21715180694594,-20.659120983783335,1.1432401689012144,0.38766210972512294,0.06845755420463787,3.4992920608433466e-05,16.38643819079189,24.819443412433294,4.355937351434834,0.5873705020213597,nan
124.81,185.7368621826172,-217.9727783203125,-20.65422821044922,186.85202803604432,-218.22557848804965,-20.661732662857386,1.1434855146715828,0.3877037350246086,0.06848160401893692,3.569805431452917e-05,16.3880585060517,24.727300834977655,nan,nan,nan
124.82000000000001,185.7451934814453,-217.98114013671875,-20.65662384033203,186.8605604400209,-218.23400459885517,-20.665481466478465,1.1437055329212251,0.3877454453837797,0.06850571491298212,3.500120432713411e-05,17.012561692812024,25.380565756750606,nan,0.9882693081237235,nan
124.83,185.75350952148438,-217.989501953125,-20.658973693847656,186.86911291314303,-218.24243109494338,-20.668012911991884,1.143951828411464,0.3877872417359385,0.06852988703177584,3.5706683876999755e-05,17.020722836128023,25.203096126968944,nan,nan,nan
124.84,185.76182556152344,-217.99786376953125,-20.66127586364746,186.87765586024818,-218.25085722423435,-20.671092780399217,1.1441937403819669,0.3878291234508517,0.06855412051921118,3.500950165139809e-05,17.44670082583609,25.654889437484435,nan,0.24904527490670533,nan
124.85000000000001,185.77015686035156,-218.0062255859375,-20.663532257080078,186.8610750257211,-218.24366161493933,-20.673618300133786,1.1165034884253116,0.38775650993947786,0.06854625536130157,3.569328587619136e-05,17.992227696993353,25.55633477055484,7.914744715954102,nan,nan
124.86,185.77847290039062,-218.01458740234375,-20.66574478149414,186.86959069381857,-218.2520520420195,-20.676747401730672,1.1167132809649312,0.3877982191923712,0.06857046880410222,3.499661970426636e-05,18.56354592019678,25.935959530414976,nan,0.37133914769045,nan
124.87,185.78680419921875,-218.02294921875,-20.66791343688965,186.87811821325926,-218.2604426950809,-20.679115300095063,1.1169131167106134,0.38784001433661147,0.06859474370778251,3.5701912097192806e-05,18.580688027029247,26.04334596431098,nan,nan,nan
124.88000000000001,185.7951202392578,-218.03131103515625,-20.6700382232666,186.8866880484943,-218.26883492616045,-20.678776841119483,1.117145578875517,0.38788189479773616,0.06861908021572462,3.5004917530749226e-05,17.20996227360292,24.545353687343376,nan,5.009572731300071,nan
124.89,185.80345153808594,-218.0396728515625,-20.672121047973633,186.89521630211914,-218.2772251692412,-20.68103396715588,1.1173454451275775,0.38792386142555707,0.06864347847367926,3.571055300479754e-05,17.2148243709849,24.624625606919977,nan,nan,nan
124.9,185.811767578125,-218.04803466796875,-20.674161911010742,186.90571757471034,-218.28360186516957,-20.683325226360804,1.1190632090165038,0.3878513920901806,0.06863549001892764,3.499205010123448e-05,17.709667001350894,24.81232976076881,2.0626978584656914,0.0026662579932078415,nan
124.91,185.82009887695312,-218.056396484375,-20.676162719726562,186.91425849150414,-218.29198363651759,-20.685503249469352,1.1192737886080246,0.38789318606949447,0.06865986754330601,3.569715448303221e-05,17.716646565427837,24.893792969903956,nan,nan,nan
124.92,185.82843017578125,-218.06475830078125,-20.67812156677246,186.92278122382515,-218.30036446779144,-20.688856857316985,1.1194774355703205,0.38793506531820765,0.0686843069038211,3.5000345610265054e-05,18.52792250872698,25.76407488215515,nan,1.042180297177537,nan
124.93,185.8367462158203,-218.0731201171875,-20.680044174194336,186.9313227095229,-218.30874635476178,-20.690969072207807,1.1197038795129146,0.3879770306325994,0.06870880824684852,3.570579678753626e-05,18.54135637704541,25.52732654126102,nan,nan,nan
124.94,185.84507751464844,-218.08148193359375,-20.681926727294922,186.93988201945203,-218.317129167808,-20.691878537661513,1.119922122855259,0.38801908151833525,0.06873337171485668,3.50086556213833e-05,17.990418312838415,25.12251902392834,nan,0.9577722888542896,nan
124.95,185.85340881347656,-218.08984375,-20.683773040771484,186.92781952925475,-218.31398009011102,-20.69369276020036,1.0975854800291873,0.38794675590074856,0.0687252571838307,3.56924141372133e-05,18.143750118771738,24.671699893708002,6.194334236669931,nan,nan
124.96000000000001,185.86172485351562,-218.09820556640625,-20.68558120727539,186.93633696749228,-218.32233708217453,-20.695678094390807,1.0977832568387005,0.3879886342709572,0.06874979921471629,3.6411626088872316e-05,18.15076178239777,24.580122717629543,nan,nan,nan
124.97,185.87005615234375,-218.1065673828125,-20.687355041503906,186.94485464628545,-218.3306940746938,-20.697628048652664,1.0979663525212797,0.3880305983060869,0.06877440345565955,3.714527894585273e-05,18.15538999395394,24.64766603810103,nan,nan,nan
124.98,185.87838745117188,-218.11492919921875,-20.6890926361084,186.95339510941673,-218.3390527182669,-20.69796131977464,1.098158217483071,0.3880726478395103,0.06879907004962248,3.636251329365228e-05,17.440714624424885,23.950922248376582,nan,1.6345784576554512,nan
124.99000000000001,185.88671875,-218.123291015625,-20.690793991088867,186.9619133247326,-218.34740986514453,-20.699826831772455,1.098341579134274,0.3881147836378166,0.06882379914420408,3.709480157399696e-05,17.44073170779721,23.998742141943843,nan,nan,nan
125.0,185.89503479003906,-218.13165283203125,-20.692462921142578,186.96361884976727,-218.35906413243518,-20.701259837893932,1.0925498514946392,0.388042599904847,0.06881555574784103,3.6292051527604724e-05,16.644419750966154,23.43533470531176,5.928274334765453,0.09400148232871872,nan
125.01,185.9033660888672,-218.1400146484375,-20.69409942626953,186.97210843529322,-218.3674372133388,-20.70305558207234,1.092708304533867,0.38808456268704417,0.06884026268429487,3.7022127863593254e-05,16.641554497607615,23.556112857066665,nan,nan,nan
125.02,185.9116973876953,-218.14837646484375,-20.695703506469727,186.98061700204013,-218.37581198911764,-20.70346601403234,1.0928752518730025,0.3881266109195677,0.06886503219822165,3.624575949135803e-05,16.100295027035767,23.00341393631257,nan,1.2041899844418011,nan
125.03,185.92002868652344,-218.15673828125,-20.69727325439453,186.98910769340867,-218.38418517972323,-20.705185145764418,1.093034588937082,0.38816874531365314,0.06888986443792741,3.697462239500928e-05,16.0938922238911,23.05269360444727,nan,nan,nan
125.04,185.92835998535156,-218.16510009765625,-20.698814392089844,186.99760127045954,-218.39255850043187,-20.706698872221057,1.093195506668198,0.38821096546020345,0.068914759543943,3.6200871877702365e-05,16.08127608586094,22.952695277509417,nan,0.02013914524372853,nan
125.05,185.9366912841797,-218.1734619140625,-20.7003231048584,187.03327759141345,-218.4190786468127,-20.70829344611753,1.1237849593935887,0.3881389229500783,0.0689063844950507,3.690516938364053e-05,15.475123942454026,23.17297751219976,10.2107125336011,nan,nan
125.06,185.9450225830078,-218.18182373046875,-20.701801300048828,187.04181316261878,-218.42749521827656,-20.708542737684326,1.1239882127613525,0.38818096989843004,0.06893125670780037,3.613495773198889e-05,14.97446856074347,22.66448799461567,nan,1.2539120862138526,nan
125.07000000000001,185.95335388183594,-218.190185546875,-20.703250885009766,187.05033104827513,-218.43590996137982,-20.710126284123106,1.1241826642879955,0.3882231029060386,0.06895619186780816,3.686068441759041e-05,14.962310600791712,22.624351612721085,nan,nan,nan
125.08,185.96168518066406,-218.19854736328125,-20.70467185974121,187.05881905561108,-218.4443216226632,-20.71404467688298,1.1243645208882154,0.38826532161490246,0.06898119011490982,3.609297652351854e-05,16.077106969530746,23.712711573994277,nan,3.7032871615240577,nan
125.09,185.9700164794922,-218.2069091796875,-20.706174850463867,187.06733746845748,-218.45273620252007,-20.71565105091875,1.1245595032516318,0.38830762665973134,0.06900625159842884,3.681769263640577e-05,16.045444916298255,23.69395250158967,nan,nan,nan
125.10000000000001,185.9783477783203,-218.21527099609375,-20.707759857177734,187.06988729512372,-218.45419352039966,-20.71662142068606,1.117417118479906,0.3882357235298371,0.06899774209946008,3.6030163317504545e-05,16.208002000254623,23.40267731424745,2.578651798975472,0.4117819825002265,nan
125.11,185.98667907714844,-218.2236328125,-20.709423065185547,187.07840925984786,-218.46258922080114,-20.718385620970288,1.1176114191843634,0.3882778551614309,0.06902277994018548,3.675302721469015e-05,16.178084812954236,23.43567023368392,nan,nan,nan
125.12,185.99501037597656,-218.23199462890625,-20.71116828918457,187.0869343773308,-218.4709851134149,-20.72000080078953,1.1178070001929665,0.3883200724407138,0.06904788108513508,3.5991099011775e-05,16.124146956794558,23.299110600732458,nan,0.035210516920066944,nan
125.13000000000001,186.0033416748047,-218.2403564453125,-20.712989807128906,187.09545690174252,-218.4793805281427,-20.72192329185834,1.1180017836442457,0.3883623759554668,0.06907304568429483,3.6713084789870294e-05,16.094592300076176,23.333498209844876,nan,nan,nan
125.14,186.0116729736328,-218.24871826171875,-20.714889526367188,187.10396332606885,-218.4877739469466,-20.72529990729922,1.1181923853683433,0.38840476541798846,0.06909827387653139,3.595347021638778e-05,16.899447422496937,24.11882001876866,nan,1.2640605872419215,nan
125.15,186.02000427246094,-218.257080078125,-20.71686553955078,187.1122856195445,-218.49106487982087,-20.727357368280938,1.1171112330835535,0.388333000767395,0.06908962713826608,3.6651634650983776e-05,17.402099840663443,24.217703734387953,2.9837372859186697,nan,nan
125.16,186.02833557128906,-218.26544189453125,-20.718915939331055,187.12082174567777,-218.49944365686872,-20.72963703112103,1.117317236874421,0.3883752166180693,0.06911483092333806,3.5895213567013996e-05,17.565965177289158,24.423340874093793,nan,0.008088313157706542,nan
125.17,186.03668212890625,-218.2738037109375,-20.72104263305664,187.12935936062337,-218.50782247413946,-20.731884092363803,1.117508770204274,0.3884175186046515,0.06914009837673595,3.6614718579209e-05,17.53836839665543,24.47161610998739,nan,nan,nan
125.18,186.04501342773438,-218.28216552734375,-20.723241806030273,187.13789450052425,-218.5162008504432,-20.73443687800221,1.1177150358463812,0.38845990648233614,0.06916542963671325,3.5860483176336695e-05,17.788470712814743,24.620612453293923,nan,0.03576199475141929,nan
125.19,186.0533447265625,-218.29052734375,-20.725515365600586,187.14643244281055,-218.52457943580043,-20.736835417346715,1.1179218580818144,0.38850238077464394,0.06919082485415363,3.657928463171033e-05,17.76210848313117,24.53622443847953,nan,nan,nan
125.2,186.06167602539062,-218.29888916015625,-20.727861404418945,187.16733296425102,-218.54282544146747,-20.73848827151584,1.1322963861526603,0.38843075277045375,0.06918203807660825,3.5805249509261546e-05,16.97517656455681,24.214437426403773,3.194959788452678,0.4308364633606838,nan
125.21000000000001,186.0700225830078,-218.3072509765625,-20.730276107788086,187.17587875757908,-218.55122754420194,-20.741024813237964,1.1325007633831319,0.38847305322370346,0.06920740810862107,3.6522507261005106e-05,16.949154241412998,24.393639229375065,nan,nan,nan
125.22,186.07835388183594,-218.3155975341797,-20.732763290405273,187.18444930694852,-218.55963304585924,-20.741338425239846,1.1327285435412686,0.3885154395091545,0.06923284215709431,3.577337006194047e-05,15.805188274042244,23.64801792356582,nan,3.5562991521024383,nan
125.23,186.08668518066406,-218.32395935058594,-20.735319137573242,187.19299532287417,-218.56803494120507,-20.743995126326713,1.13294761462032,0.3885579121113141,0.06925834037346422,3.649003739808248e-05,15.77805961668155,23.058825865588567,nan,nan,nan
125.24000000000001,186.0950164794922,-218.3323211669922,-20.737924575805664,187.20152534116602,-218.57643432601762,-20.74825357854972,1.1331636173429587,0.3886004708438371,0.06928390289517547,3.574288256499869e-05,16.66578172697321,23.95322362686397,nan,1.606138590445004,nan
125.25,186.10336303710938,-218.34068298339844,-20.740530014038086,187.19363558032086,-218.57933007268895,-20.751037066013374,1.116134870814849,0.38852897837402006,0.06927497329267857,3.643632569875996e-05,16.483402695679143,23.796270823306052,2.941996879465004,nan,nan
125.26,186.1116943359375,-218.3490447998047,-20.74310874938965,187.20214960835654,-218.58772400053763,-20.753924220789205,1.1163231774135056,0.3885713630529408,0.06930050983645955,3.569200399619189e-05,16.696494284630127,23.844329973450034,nan,0.013525328487734356,nan
125.27,186.12002563476562,-218.35740661621094,-20.745647430419922,187.21066516105142,-218.5961178760236,-20.756640215189414,1.1165117478894941,0.3886138339514611,0.06932611075490815,3.640674706530287e-05,16.704145172022983,23.869139665488536,nan,nan,nan
125.28,186.12835693359375,-218.3657684326172,-20.74814224243164,187.21919285841759,-218.60451352239676,-20.758092602376458,1.116701053300819,0.38865639091855037,0.06935177618498511,3.566427607464236e-05,16.126995062196308,23.26068881742898,nan,1.0168087017007927,nan
125.29,186.13670349121094,-218.37413024902344,-20.750591278076172,187.2277085172282,-218.61290715448607,-20.7607118208229,1.1168745689479695,0.3886990343858005,0.06937750627883543,3.6378574944659166e-05,16.131671654653534,23.394018622305072,nan,nan,nan
125.3,186.14503479003906,-218.38247680664062,-20.752994537353516,187.2372699707641,-218.61966461634333,-20.76461387959844,1.117752546943733,0.3886276756150916,0.06936843105492578,3.56162281413462e-05,17.304932989117425,24.75746597348699,1.1493347157179294,1.4387520722705658,nan
125.31,186.1533660888672,-218.39083862304688,-20.755348205566406,187.24579290333014,-218.62805220539514,-20.7671533394795,1.1179472213816168,0.3886701447896356,0.06939413436493298,3.632924132651767e-05,17.316742727725092,24.223352096841584,nan,nan,nan
125.32000000000001,186.16171264648438,-218.39920043945312,-20.757658004760742,187.25430602557833,-218.6364378881256,-20.770718082897933,1.1181290018300787,0.388712699968874,0.06941990238926277,3.559117318623201e-05,18.23885681283555,25.206356246062224,nan,0.7828717163829587,nan
125.33,186.1700439453125,-218.40756225585938,-20.759920120239258,187.2628292149398,-218.64482524808713,-20.77317723685373,1.118324248210794,0.38875534155259756,0.06944573528047072,3.6303836570174063e-05,18.254231789915995,25.10307481575414,nan,nan,nan
125.34,186.17837524414062,-218.41590881347656,-20.762136459350586,187.2713518641218,-218.6532124018899,-20.77566716692149,1.1185231177524746,0.3887980694374435,0.06947163317491614,3.556741564769815e-05,18.525745205151587,25.951038540124067,nan,0.003862524850686413,nan
125.35000000000001,186.1867218017578,-218.4242706298828,-20.764310836791992,187.28143338257382,-218.6680099951762,-20.77801257003055,1.1216015606533583,0.3887268430691885,0.06946240955277433,3.625732346193934e-05,17.997286662690467,25.365172640682697,3.3288053059025695,nan,nan
125.36,186.19505310058594,-218.43263244628906,-20.766441345214844,187.28993599134347,-218.67641500977118,-20.78134018480099,1.1217934115301684,0.38876939643149094,0.0694882798438542,3.55233810303701e-05,19.034630493876353,26.245303366063705,nan,0.6834380640960865,nan
125.37,186.20338439941406,-218.4409942626953,-20.76852798461914,187.2984474680431,-218.68482181440658,-20.783637108970762,1.1219818558637262,0.3888120361032558,0.06951421520127662,3.6234580998815016e-05,19.052767348687755,26.278743120468413,nan,nan,nan
125.38000000000001,186.21173095703125,-218.44935607910156,-20.77057456970215,187.3069596789904,-218.69322871021802,-20.78581077893978,1.1221550497519905,0.38885476200961877,0.0695402157610658,3.550215767443316e-05,19.257433739587732,26.581948025121022,nan,0.004640968020293852,nan
125.39,186.22006225585938,-218.45770263671875,-20.772581100463867,187.31547121649606,-218.70163532240363,-20.788025672332516,1.122346863045822,0.38889757450765816,0.0695662816762684,3.621312712730607e-05,19.27100902944693,27.004323841484183,nan,nan,nan
125.4,186.2283935546875,-218.466064453125,-20.774545669555664,187.3124205989649,-218.7056664290169,-20.79092305369519,1.1103116491721436,0.38882647869377374,0.06955690686883056,3.546068875212553e-05,20.138829578716745,27.195719145439725,1.2929915656908804,0.34499089160883023,nan
125.41,186.2367401123047,-218.47442626953125,-20.776472091674805,187.32091211721357,-218.71406578283901,-20.793067189722283,1.1104645108447755,0.3888691164185281,0.06958294434821422,3.6170583096183616e-05,20.15516817484805,27.326632702430555,nan,nan,nan
125.42,186.2450714111328,-218.4827880859375,-20.77836036682129,187.32940619820445,-218.72246557202823,-20.79489351739832,1.110630709489195,0.38891184030944803,0.06960904722552823,3.544188895862581e-05,20.22091773847786,27.198367258949183,nan,0.05390406479213198,nan
125.43,186.25341796875,-218.4911346435547,-20.780210494995117,187.3378982420597,-218.73086494869816,-20.79695976821297,1.1107873876468917,0.38895465069821394,0.06963521565407886,3.615162978216515e-05,20.23360880631893,27.976778424842987,nan,nan,nan
125.44,186.26174926757812,-218.49949645996094,-20.782024383544922,187.34639104232096,-218.7392644247421,-20.798911328717193,1.1109552760439247,0.3889975475480436,0.0696614497695097,3.5424260199846544e-05,20.490994277270886,27.42559858079514,nan,0.004238362321823408,nan
125.45,186.2700958251953,-218.5078582763672,-20.783802032470703,187.35587993285304,-218.75528305581844,-20.800822573105137,1.1137485572300787,0.3889265808317296,0.06965192101388876,3.611160437151102e-05,19.805908337664825,27.46569394451246,5.183089936740075,nan,nan
125.46000000000001,186.27842712402344,-218.51622009277344,-20.78554344177246,187.3643618622675,-218.76370702147946,-20.802031409402673,1.113901202388294,0.3889693026638101,0.06967812584808,3.5386378618615304e-05,19.433230488181202,26.895649422176206,nan,0.38716545283980824,nan
125.47,186.28677368164062,-218.52456665039062,-20.787250518798828,187.3728382448909,-218.77212950089694,-20.80394753800818,1.1140477507491628,0.3890121109003952,0.06970439642571884,3.6095028334403447e-05,19.43996807844254,27.686704609255866,nan,nan,nan
125.48,186.29510498046875,-218.53292846679688,-20.788923263549805,187.38131870698805,-218.78055287049185,-20.8052722253396,1.1142016844072027,0.3890550055272217,0.06973073288226317,3.537100750884997e-05,19.24036417696575,26.657106433407254,nan,0.2151349772884801,nan
125.49000000000001,186.30345153808594,-218.54129028320312,-20.790563583374023,187.38979526676872,-218.78897525775145,-20.8071165920331,1.1143448952461128,0.3890979868422111,0.06975713537129166,3.6079598394401966e-05,19.24498655431999,26.819458678342734,nan,nan,nan
125.5,186.31178283691406,-218.54965209960938,-20.79216957092285,187.4111893926382,-218.79804212896795,-20.807907406960425,1.1272267123063993,0.38902714735400146,0.06974744989554012,3.533538716868604e-05,19.130916596937276,26.265681357334373,4.712932204936031,0.8857209846521317,nan
125.51,186.32012939453125,-218.55799865722656,-20.793745040893555,187.41969924505696,-218.80645891800611,-20.80967921584785,1.1274042111431248,0.3890699533891094,0.06977382224546229,3.6043070557142154e-05,19.131992414878503,27.02421250478925,nan,nan,nan
125.52,186.32846069335938,-218.5663604736328,-20.795289993286133,187.42820921439747,-218.81487577187087,-20.811420293062987,1.127593388396154,0.3891128458087039,0.06980026066736857,3.6765063339388663e-05,19.132985935416187,26.21651525031109,nan,nan,nan
125.53,186.33680725097656,-218.57472229003906,-20.796802520751953,187.43671960467302,-218.82329265912637,-20.813131340033298,1.1277681696791202,0.38915582475728533,0.06982676530575917,3.750151001562557e-05,19.13359405470521,26.38864716461492,nan,nan,nan
125.54,186.34515380859375,-218.5830841064453,-20.79828453063965,187.4452480583129,-218.83171438905325,-20.812121557926517,1.1279254580950708,0.38919889031197336,0.06985333630015741,3.669299847980703e-05,17.209593408339313,24.45158707754998,nan,4.6444480598481865,nan
125.55,186.35348510742188,-218.5914306640625,-20.79973793029785,187.42632380539297,-218.8228781200224,-20.81377089768133,1.09761000401245,0.38912817645720915,0.06984349136020433,3.740384841208419e-05,17.628819494319654,24.61159885278948,8.303636236359685,nan,nan
125.56,186.36183166503906,-218.59979248046875,-20.801162719726562,187.43479880039885,-218.83125658674044,-20.8160610481796,1.0977504571827963,0.38917106647408534,0.06987003134533101,3.660064688273489e-05,18.396497739447465,24.975141880834308,nan,0.30866898496867395,nan
125.57000000000001,186.37017822265625,-218.608154296875,-20.802669525146484,187.44327848169053,-218.83963647377917,-20.81769361926472,1.0978860995421142,0.38921404299932677,0.06989663773690911,3.733281857929269e-05,18.346555130166564,24.92589662522479,nan,nan,nan
125.58,186.37850952148438,-218.61651611328125,-20.804256439208984,187.45177295320696,-218.8480207227277,-20.81705780173579,1.0980221550362408,0.38925710605691316,0.06992331066951478,3.653377168394085e-05,16.754813987956226,23.17210353706238,nan,3.575800846602794,nan
125.59,186.38685607910156,-218.62486267089844,-20.805925369262695,187.4602533127391,-218.85640096818565,-20.81883137647012,1.0981612674436374,0.38930025590732037,0.0699500502975548,3.72644215249606e-05,16.70607729103353,23.878378496773063,nan,nan,nan
125.60000000000001,186.39520263671875,-218.6332244873047,-20.80767250061035,187.46808191501066,-218.85941443566136,-20.821880447654646,1.0965553813123043,0.3892296657847168,0.06994004314178759,3.644679866818173e-05,18.222592866546798,24.42978025148208,2.9084574703921486,0.7371498006374053,nan
125.61,186.40353393554688,-218.64158630371094,-20.809497833251953,187.47657371677192,-218.8677785323282,-20.82382768715463,1.09671447564588,0.38927263982355637,0.06996675087839221,3.7175106779739e-05,18.177204686797054,24.218230653863692,nan,nan,nan
125.62,186.41188049316406,-218.6499481201172,-20.811399459838867,187.4850737898968,-218.8761452530574,-20.824481632331118,1.096850098390646,0.3893157003192606,0.06999352533752952,3.6384980854977456e-05,17.326142432673898,23.55235401657008,nan,1.2281532287121235,nan
125.63000000000001,186.42022705078125,-218.65830993652344,-20.813379287719727,187.49356634938405,-218.88450966536524,-20.82657191283495,1.0969948097464708,0.3893588475156497,0.07002036667350729,3.7111962605172504e-05,17.281266297222068,23.489246594599322,nan,nan,nan
125.64,186.42857360839844,-218.66665649414062,-20.815433502197266,187.5020682249294,-218.89287708716708,-20.827054701096575,1.0971333103566,0.3894020814616991,0.07004727502104856,3.632560357467486e-05,16.277137210105746,23.073104774047287,nan,1.8572056221991948,nan
125.65,186.43690490722656,-218.67501831054688,-20.817564010620117,187.53830621684713,-218.9107538483297,-20.829315209261402,1.1264076434742327,0.38933161336642136,0.07003710292953963,3.7028053287230245e-05,16.604512435697977,22.740206077453003,7.874430230389311,nan,nan
125.66,186.44525146484375,-218.68338012695312,-20.819766998291016,187.51774346418384,-218.92992652645776,-20.830887584361534,1.1005216414009087,0.3871382214615458,0.06975650561785937,3.624613827300416e-05,17.878219884676497,24.162524014923818,nan,0.3427256780921361,0.3789082472795122
125.67,186.45359802246094,-218.69174194335938,-20.82204246520996,187.52627079082512,-218.9383405297976,-20.83325713222961,1.1007104521988444,0.3871788286872901,0.06978137475682952,3.696981614341597e-05,17.82945037328273,24.126790642519552,nan,nan,nan
125.68,186.46194458007812,-218.70008850097656,-20.824390411376953,187.53480489740303,-218.946752892091,-20.835393552286533,1.100905832232823,0.387219520449895,0.06980630409094728,3.6191603330822015e-05,17.732274645361038,24.604241420104973,nan,0.062031281996814486,nan
125.69,186.4702911376953,-218.7084503173828,-20.826810836791992,187.54333238851848,-218.9551663158345,-20.837906434105218,1.1010946472215264,0.38726029836471165,0.0698312938270706,3.6914212369272896e-05,17.683562146587125,23.964291166701603,nan,nan,nan
125.7,186.47862243652344,-218.71681213378906,-20.829299926757812,187.53905242657035,-218.9473156435321,-20.839448569703784,1.085240354367825,0.3871820447765333,0.0698226020549042,3.611726032962639e-05,18.403270071142806,23.531431125386526,18.61164940651553,0.6312010440652437,nan
125.71000000000001,186.48696899414062,-218.7251739501953,-20.831857681274414,187.54759895774694,-218.9556836353558,-20.842093185814115,1.0854378840843475,0.3872226537110384,0.0698475672544126,3.6837978588124976e-05,18.358998100790863,23.62411977316377,nan,nan,nan
125.72,186.4953155517578,-218.7335205078125,-20.8344669342041,187.5561995813869,-218.96404038841044,-20.842230277343212,1.0856678171381966,0.3872633471799081,0.06987259289665848,3.606738253727274e-05,17.147752685511936,22.934727164046468,nan,4.379986736388381,nan
125.73,186.503662109375,-218.74188232421875,-20.837074279785156,187.5647461480345,-218.97240830569424,-20.844935148015885,1.0858652579774848,0.3873041266632584,0.06989767918335489,3.678719364907958e-05,17.12010871279838,22.397230419539707,nan,nan,nan
125.74000000000001,186.5120086669922,-218.750244140625,-20.83965492248535,187.57329442225685,-218.9807758161654,-20.84754551577511,1.0860637961085025,0.38734499100256115,0.06992282620279959,3.601974336924972e-05,17.13260901823905,22.41903762781768,nan,0.004423398756133066,nan
125.75,186.5203399658203,-218.7585906982422,-20.84219741821289,187.55771537400477,-218.97987270810512,-20.850126376082848,1.0607432930581067,0.38726695595216254,0.06991400750028977,3.671585565486802e-05,16.88471296662739,22.397517142673784,6.096437241219136,nan,nan
125.76,186.5286865234375,-218.76695251464844,-20.844694137573242,187.56623750987148,-218.98822202529774,-20.851811836587295,1.0609066440702375,0.3873076512369805,0.06993912933032381,3.595237273301995e-05,16.545071268432068,21.706369499203536,nan,0.5806763898312127,nan
125.77,186.5370330810547,-218.7753143310547,-20.84714698791504,187.57474093115394,-218.9965751412677,-20.85437567137845,1.0610589908946366,0.3873484324023346,0.06996431204368209,3.666968638466013e-05,16.524514146021062,21.6683394906626,nan,nan,nan
125.78,186.54537963867188,-218.78366088867188,-20.849550247192383,187.58324933023277,-219.00492709707368,-20.856639340107453,1.0612174550390627,0.3873892984136893,0.06998955573350452,3.590911478701007e-05,16.460899997346427,22.161104095122457,nan,0.043320689775513975,nan
125.79,186.5537109375,-218.79202270507812,-20.85190773010254,187.59175285463817,-219.01327985492065,-20.859108646619138,1.0613847564813679,0.387430250564258,0.0700148605946933,3.6625730780304504e-05,16.441720950608484,21.461344545778566,nan,nan,nan
125.8,186.5620574951172,-218.80038452148438,-20.854217529296875,187.56252721835313,-219.0010645621941,-20.861150090309902,1.0204215826085072,0.3873524315855721,0.07000591227081561,3.5846168923610135e-05,16.73929376560491,21.36042291490243,13.354525360845296,0.16574838299434472,nan
125.81,186.57040405273438,-218.80873107910156,-20.856483459472656,187.57098510193296,-219.00937457378072,-20.863525840399806,1.0205242981436222,0.38739321453726533,0.07003119127155442,3.656126051797255e-05,16.71768389955558,21.81558598972487,nan,nan,nan
125.82000000000001,186.57875061035156,-218.8170928955078,-20.858701705932617,187.57945766913213,-219.017681455803,-20.865072950281036,1.020632637519048,0.3874340823200154,0.07005653148864546,3.580708827140849e-05,16.45935883605294,21.111521131835385,nan,0.4144575293739993,nan
125.83,186.58709716796875,-218.825439453125,-20.860877990722656,187.58791542553473,-219.02599141699963,-20.867353055537244,1.02073512791308,0.387475036113834,0.07008193311245557,3.6521613388329724e-05,16.436436974361943,21.576134643274163,nan,nan,nan
125.84,186.59542846679688,-218.83380126953125,-20.86301040649414,187.59638629858597,-219.03429851454143,-20.868870907310964,1.0208575178478247,0.3875160750548366,0.07010739624252478,3.5770008788545424e-05,16.21405863226012,20.705893471377546,nan,0.3498611366666159,nan
125.85000000000001,186.60377502441406,-218.8421630859375,-20.865100860595703,187.61829420228815,-219.0506535875019,-20.870980836073365,1.035737430832987,0.3874384719393027,0.0700983157022305,3.6461473895340045e-05,15.969667334464168,20.85071326132202,2.146806782102705,nan,nan
125.86,186.61212158203125,-218.8505096435547,-20.86714744567871,187.62675192383765,-219.05898375716745,-20.873922221585357,1.0358484851315737,0.3874793415839219,0.07012375228835024,3.5713239773090544e-05,16.269322692503252,21.694970223268488,nan,0.4287088940847665,nan
125.87,186.62046813964844,-218.85887145996094,-20.869155883789062,187.63522382342552,-219.0673110820712,-20.876035867636578,1.0359650129232667,0.3875202971148708,0.07014925051298283,3.642591425409716e-05,16.248149565113494,21.16008520912069,nan,nan,nan
125.88000000000001,186.62881469726562,-218.8672332763672,-20.871122360229492,187.6437338077303,-219.0756303597056,-20.875905229591165,1.0361047345561756,0.38756133777119434,0.07017481047989348,3.5680034030630416e-05,15.554398929942646,20.499927080208188,nan,3.3007557003640438,nan
125.89,186.6371612548828,-218.87557983398438,-20.873050689697266,187.65220579392292,-219.08395764995808,-20.87791914562573,1.0362241226145226,0.38760246457777664,0.07020043237346546,3.639230884291004e-05,15.527444428335421,20.97718740057809,nan,nan,nan
125.9,186.64549255371094,-218.88394165039062,-20.874940872192383,187.65953053911582,-219.08534531395708,-20.87987381144308,1.0338572461571442,0.3875250749860361,0.07019121692593913,3.5627138692009676e-05,16.2966339691138,20.569146685607084,5.953391410956396,0.000411593004747425,nan
125.91,186.65383911132812,-218.8922882080078,-20.876792907714844,187.6680225955443,-219.09365072490922,-20.88181225709178,1.0339923581622357,0.38756603233907766,0.0702168115747072,3.633818079336729e-05,16.271071149330545,21.18588516692551,nan,nan,nan
125.92,186.6621856689453,-218.90065002441406,-20.87860679626465,187.67649714506456,-219.10195973931295,-20.88479049156488,1.0341139250524773,0.3876070747911046,0.07024246819795728,3.559759222024729e-05,16.61794051408794,21.07328933855866,nan,0.7898044327395797,nan
125.93,186.6705322265625,-218.9090118408203,-20.880386352539062,187.68498943061508,-219.11026496572995,-20.886667793479557,1.034246438543713,0.3876482032738401,0.07026818697615632,3.630833896316731e-05,16.5965160297816,21.04848852611965,nan,nan,nan
125.94,186.6788787841797,-218.9173583984375,-20.882129669189453,187.69347385003172,-219.11857192224008,-20.88901601732769,1.034377808928163,0.38768941716675537,0.07029396801863194,3.556979343355079e-05,16.807324484186395,21.762087140661695,nan,0.1747363957963523,nan
125.95,186.68722534179688,-218.92572021484375,-20.883838653564453,187.70865404632244,-219.1322484604172,-20.890874397550864,1.0421228412916863,0.38761224047871895,0.07028461505068205,3.6257959028070474e-05,16.563638401293908,21.242338004199446,1.0904167429335199,nan,nan
125.96000000000001,186.69557189941406,-218.93406677246094,-20.885513305664062,187.71714518667062,-219.14056742862206,-20.89293979709772,1.0422617977294188,0.3876532847981972,0.07031036813513003,3.552224938605216e-05,16.715178738924628,21.906300592559873,nan,0.05549446358290145,nan
125.97,186.70391845703125,-218.9424285888672,-20.887155532836914,187.72564099709476,-219.14888551469159,-20.89469079550637,1.0424002068678726,0.387694415031821,0.07033618359926694,3.623165577402787e-05,16.695682004476705,21.393886811819137,nan,nan,nan
125.98,186.71226501464844,-218.95079040527344,-20.888763427734375,187.73413265959732,-219.15720461279398,-20.896700055374243,1.042536953262571,0.3877356306430169,0.07036206155602998,3.549779891731952e-05,16.869055587336238,21.593444194009813,nan,0.05782568804387791,nan
125.99000000000001,186.72061157226562,-218.95913696289062,-20.89034080505371,187.74262882891804,-219.16552276209984,-20.89839047212463,1.042678842285828,0.3877769324369948,0.07038800218074295,3.62070395373287e-05,16.84855584792969,22.068335626437992,nan,nan,nan
126.0,186.7289581298828,-218.96749877929688,-20.89188575744629,187.74812931740874,-219.17096247460825,-20.899527994529176,1.0393102465483528,0.3876999663989703,0.07037850900586748,3.545357398347756e-05,16.86740231969053,21.45032331884736,0.3457591463945196,0.19296188028092084,nan
126.01,186.7373046875,-218.97584533691406,-20.893400192260742,187.75662620665386,-219.1792731985658,-20.90115245796816,1.0394514668467851,0.3877410984495258,0.0704044209428618,3.616180886990167e-05,16.846755706425608,21.924957134483392,nan,nan,nan
126.02,186.7456512451172,-218.9842071533203,-20.89488410949707,187.76515693878784,-219.18757662649764,-20.90038171310285,1.0396062839809643,0.38778231584090617,0.0704303955970367,3.5432258420449884e-05,16.004426098336307,20.603886973634967,nan,3.853592554129728,nan
126.03,186.75399780273438,-218.99256896972656,-20.896339416503906,187.77365425842086,-219.1958873284702,-20.901924282155967,1.039744600057961,0.38782361930304027,0.07045643314040721,3.6140408709546495e-05,15.98111691977731,20.585425332855635,nan,nan,nan
126.04,186.76234436035156,-219.00091552734375,-20.897764205932617,187.7821448754419,-219.20419971488812,-20.90394643271775,1.0398825757806103,0.38786500841282195,0.07048253369063771,3.541243599287338e-05,16.162318402201066,21.29707200632779,nan,0.1777633276886578,nan
126.05,186.77069091796875,-219.00927734375,-20.89916229248047,187.7784245117208,-219.20914205697355,-20.90530199640331,1.0273804531587183,0.38778825204993633,0.07047289768445779,3.6098354384362776e-05,15.864438730949818,20.554521569302285,2.954359638129482,nan,nan
126.06,186.77903747558594,-219.01763916015625,-20.90064239501953,187.78688983922123,-219.21745165637776,-20.907321987963115,1.027490164183294,0.38782947127500633,0.07049896880503438,3.5372748710375795e-05,16.04790660726982,20.76756401972028,nan,0.17471822451029853,nan
126.07000000000001,186.78738403320312,-219.02598571777344,-20.902202606201172,187.7953619187679,-219.22575993941456,-20.908927152860578,1.027606139018114,0.3878707764613513,0.07052510303251534,3.6079951567567436e-05,16.004608861906203,21.25630735546258,nan,nan,nan
126.08,186.7957305908203,-219.0343475341797,-20.903844833374023,187.80383567673599,-219.23406793553616,-20.910494290058065,1.0277199610016488,0.38791216725305133,0.07055130048757981,3.535575798833645e-05,15.968357883169112,20.726841371902875,nan,0.00999442501485478,nan
126.09,186.8040771484375,-219.04270935058594,-20.90556526184082,187.81230789544696,-219.2423763417474,-20.91226155590932,1.0278331513086056,0.3879536442788032,0.07057756133792308,3.606297410368671e-05,15.927695474062673,20.72373057947147,nan,nan,nan
126.10000000000001,186.8124237060547,-219.05105590820312,-20.907365798950195,187.87553301431797,-219.27948335318072,-20.915237571059873,1.0874017030201706,0.3878770953873774,0.07056777982225748,3.531885553743391e-05,16.05691496747226,22.14596770230894,25.97053899724599,0.9162117931338738,nan
126.11,186.82077026367188,-219.05941772460938,-20.909242630004883,187.88407803247517,-219.28784888055503,-20.91717507675864,1.0875969510418917,0.3879184023455308,0.07059401048542034,3.602523803144688e-05,16.015624910119524,21.59142302767833,nan,nan,nan
126.12,186.82911682128906,-219.06777954101562,-20.911197662353516,187.89260448464753,-219.29621852063036,-20.920722764015988,1.087787251756871,0.38795979486305665,0.0706203045931213,3.530449269485676e-05,16.8053863237039,22.38021896082736,nan,1.6280000321052979,nan
126.13000000000001,186.83746337890625,-219.0761260986328,-20.913227081298828,187.90114965163892,-219.30458415422507,-20.922831117863886,1.0879861246740472,0.388001273509022,0.07064666231032518,3.60109501287473e-05,16.761896362012706,22.914255882730867,nan,nan,nan
126.14,186.84580993652344,-219.08448791503906,-20.915332794189453,187.90969115054511,-219.31295056111608,-20.925338491476545,1.0881812956391743,0.38804283801738154,0.07067308376163328,3.529137844515722e-05,17.004006538530117,22.597559590066453,nan,0.07225330904856067,nan
126.15,186.85415649414062,-219.0928497314453,-20.917512893676758,187.87144297051225,-219.2913143854797,-20.927531376356217,1.0365135618528003,0.38796649531895316,0.0706631541077144,3.5975850195869266e-05,17.845714633053213,22.35280818334155,24.951909193923786,nan,nan
126.16,186.8625030517578,-219.1011962890625,-20.91976547241211,187.879966489685,-219.2996088604525,-20.927762594554366,1.0366597078920077,0.3880078895980517,0.07068954460223639,3.5258242520902666e-05,16.835764008626,21.847371982764148,nan,3.0830158635822915,nan
126.17,186.87086486816406,-219.10955810546875,-20.922088623046875,187.88846628178095,-219.3079085274406,-20.930151657438945,1.036783747661537,0.3880493699020869,0.07071599891695923,3.596404676837217e-05,16.79669432018528,21.506081845523966,nan,nan,nan
126.18,186.87921142578125,-219.117919921875,-20.924484252929688,187.89698864817777,-219.31620300430123,-20.930545721654337,1.0369297934810813,0.3880909360176629,0.07074251717894099,3.524747161810629e-05,15.999301482318362,20.550517440546667,nan,2.9757710437389253,nan
126.19,186.88755798339844,-219.1262664794922,-20.926952362060547,187.90548827491105,-219.32450224509293,-20.933059023777982,1.037071255247004,0.3881325884345244,0.070769099549608,3.595342220369959e-05,15.960470275662471,20.98812737001684,nan,nan,nan
126.2,186.89590454101562,-219.13462829589844,-20.929489135742188,187.92832955552913,-219.3398110478658,-20.936931791834002,1.0526427529925875,0.3880564497453048,0.07075901909151262,3.521662338016014e-05,16.450944613503474,21.155484035154043,2.1616334353639406,0.9888833291807558,nan
126.21000000000001,186.9042510986328,-219.14297485351562,-20.93207550048828,187.93684981523137,-219.34812333416687,-20.93959163265683,1.0528069627796333,0.3880979317370516,0.070785569721052,3.5921866948424424e-05,16.417200129718015,21.666687262826816,nan,nan,nan
126.22,186.91259765625,-219.15133666992188,-20.934663772583008,187.94534861884952,-219.35644036093618,-20.94436775662877,1.0529654515340423,0.388139499486239,0.07081218450726774,3.520800753218835e-05,17.487419459214276,22.222002948311278,nan,3.045715373569878,nan
126.23,186.9209442138672,-219.15969848632812,-20.937225341796875,187.9538685802797,-219.36475260698913,-20.947063348372936,1.0531271174469612,0.38818115343641607,0.07083886360939033,3.591344307633442e-05,17.476111375351802,22.233279281324638,nan,nan,nan
126.24000000000001,186.92929077148438,-219.1680450439453,-20.939748764038086,187.96237670052895,-219.37306738115703,-20.950919720714012,1.0532926876318385,0.38822289344381533,0.070865607157648,3.520041353981286e-05,18.292976601881538,23.557077737902645,nan,0.9907098529376839,nan
126.25,186.93763732910156,-219.17640686035156,-20.942230224609375,187.95291728142848,-219.3690590414993,-20.953496781239817,1.0334578751919412,0.3881469572272989,0.07085537326880251,3.5884029475699866e-05,18.712970685643914,23.017761002504685,4.305410165064701,nan,nan
126.26,186.94598388671875,-219.18475341796875,-20.944664001464844,187.9614248339068,-219.3773428043603,-20.955704643328215,1.0336018985806725,0.3881885266285718,0.07088208427972083,3.517262429219344e-05,18.608539433696368,23.419016910711097,nan,0.10317524353253284,nan
126.27,186.95433044433594,-219.193115234375,-20.947050094604492,187.9699284293599,-219.38562734395586,-20.95824739137768,1.0337434686492706,0.3882301821322205,0.07090885981025266,3.5877619781189826e-05,18.606540283297015,22.954560703424377,nan,nan,nan
126.28,186.9626922607422,-219.2014617919922,-20.949390411376953,187.97845800684829,-219.39390582585256,-20.957888389790426,1.0338699012777401,0.388271923634775,0.07093569999257451,3.516692682980401e-05,17.132042478864456,22.100243350726604,nan,5.703635683018884,nan
126.29,186.97103881835938,-219.20982360839844,-20.951684951782227,187.98696172539871,-219.40218985280086,-20.96031141137659,1.034010899767448,0.3883137515190745,0.07096260498309717,3.5872164147968734e-05,17.122167804327777,21.445132820034413,nan,nan,nan
126.3,186.97938537597656,-219.21817016601562,-20.953933715820312,188.03959347989468,-219.42477935712336,-20.964077729199712,1.080199741932609,0.3882380155867111,0.07095221501372367,3.514097631758736e-05,18.64291183728548,23.516889844546974,22.211886455089004,1.3216531435081984,nan
126.31,186.98773193359375,-219.22653198242188,-20.956138610839844,188.04818294938434,-219.43308109029832,-20.966425813923117,1.080428025091503,0.38827967265602203,0.07097908665678754,3.58455963387526e-05,18.637364023484814,23.014820819567394,nan,nan,nan
126.32000000000001,186.99607849121094,-219.23489379882812,-20.958297729492188,188.05678402120924,-219.4413801855332,-20.96739680393286,1.0806551912701734,0.38832141566309963,0.07100602315359518,3.513700639864979e-05,18.011829702225427,22.41650557721363,nan,1.2462424783718444,nan
126.33,187.00442504882812,-219.2432403564453,-20.96041488647461,188.0653740463894,-219.44968177285656,-20.969645803982424,1.0808866932635361,0.38836324495588476,0.07103302465884201,3.584190099556004e-05,18.001761217717295,22.880055569112745,nan,nan,nan
126.34,187.0127716064453,-219.25160217285156,-20.96249008178711,188.07397527304704,-219.4579807902586,-20.970479283048046,1.0811147871843116,0.38840516048351265,0.07106009130719289,3.513385443756965e-05,17.411627696655888,21.816041428990037,nan,1.3228395115934635,nan
126.35000000000001,187.0211181640625,-219.25994873046875,-20.96452522277832,188.06506189986263,-219.46369365660894,-20.972519407663402,1.0636702616112634,0.38832962308074115,0.07104954263923015,3.581703474341305e-05,16.779916032859706,21.756943998819583,6.879010756282609,nan,nan
126.36,187.0294647216797,-219.268310546875,-20.96651840209961,188.07361390356084,-219.47199624193377,-20.974059081705477,1.0638572452371473,0.3883713675940304,0.0710765751183876,3.5110332030826425e-05,16.58509108025434,21.088071199330585,nan,0.22924767249313047,nan
126.37,187.03781127929688,-219.2766571044922,-20.96847152709961,188.08216145697264,-219.48029980539857,-20.976125647443858,1.0640470989585462,0.38841319829826854,0.07110367280272017,3.581493461779229e-05,16.569708618394223,21.582752798133562,nan,nan,nan
126.38000000000001,187.04615783691406,-219.28501892089844,-20.97038459777832,188.09072053544438,-219.48860097152092,-20.97660980150313,1.0642347652928854,0.388455115172611,0.07113083582839047,3.5108679433703184e-05,16.007721106387287,20.555377497328767,nan,1.672903449582444,nan
126.39,187.05450439453125,-219.29336547851562,-20.972261428833008,188.09926817057467,-219.49690482028882,-20.9785851216238,1.0644245395858236,0.3884971185197718,0.07115806434791624,3.5813589344373546e-05,15.988938179856294,21.019702689116627,nan,nan,nan
126.4,187.0628662109375,-219.30172729492188,-20.97410011291504,188.1072376871274,-219.50340224461482,-20.981032223082543,1.0636882154861382,0.3884217774338722,0.07114735435158151,3.508660121176332e-05,16.400952713943823,20.94978862364062,0.3272677708462226,0.21578748201213976,nan
126.41,187.0712127685547,-219.31007385253906,-20.975902557373047,188.11578954350247,-219.51170079040182,-20.98293916438933,1.0638813724614833,0.38846360954481984,0.07117454786706766,3.5790954395809203e-05,16.383601439831082,21.293327451478756,nan,nan,nan
126.42,187.07955932617188,-219.3184356689453,-20.97766876220703,188.124338193627,-219.52000015682944,-20.98533314944957,1.064072303693988,0.388505527758706,0.07120180691846358,3.5086300257207555e-05,16.644908881032045,21.08464615059336,nan,0.19168099431852517,nan
126.43,187.08790588378906,-219.3267822265625,-20.979400634765625,188.13289053295773,-219.52829880995316,-20.987175471213416,1.0642660844269156,0.38854753235264133,0.07122913165699138,3.579098342619015e-05,16.628511268226614,21.55754363903887,nan,nan,nan
126.44,187.09625244140625,-219.33514404296875,-20.981098175048828,188.14143932015446,-219.5365983432233,-20.989553888115527,1.0644580525703868,0.3885896233443815,0.07125652222070195,3.508663893081159e-05,16.94794726989783,21.39711706379087,nan,0.22820439098664316,nan
126.45,187.10459899902344,-219.34349060058594,-20.98276138305664,188.15817705881307,-219.54757714307578,-20.991351387251918,1.0731970150292138,0.3885144766374125,0.07124564829246313,3.5769668455749076e-05,17.088844234735458,22.05710692280669,0.7528033526477088,nan,nan
126.46000000000001,187.11294555664062,-219.3518524169922,-20.984390258789062,188.16673866672141,-219.55588094759656,-20.99416494294747,1.0734072408013282,0.3885563961762351,0.07127300300597356,3.5066440995688534e-05,17.72152354570634,22.212506811211274,nan,0.7974399922778169,nan
126.47,187.12130737304688,-219.36019897460938,-20.98598861694336,188.1753069928684,-219.56418325926825,-20.995892533244966,1.0736027545278655,0.38859840200324697,0.07130042359640415,3.577092934536269e-05,17.70754674396789,22.803187360655205,nan,nan,nan
126.48,187.12965393066406,-219.36856079101562,-20.987552642822266,188.18387604499725,-219.5724854307156,-20.997457002233006,1.0738098627602726,0.3886404941578646,0.07132791020291557,3.506793534402582e-05,17.73372452648435,22.245100922972483,nan,0.012237767522658656,nan
126.49000000000001,187.13800048828125,-219.37692260742188,-20.98908805847168,188.19244423432278,-219.58078776529035,-20.999121514191792,1.074017358515456,0.38868267288456415,0.07135546297510904,3.577277322475219e-05,17.72155339281904,22.219609620125773,nan,nan,nan
126.5,187.14634704589844,-219.38526916503906,-20.990591049194336,188.2159269174872,-219.5951224494319,-21.000403502555173,1.0900164158943855,0.3886077183051075,0.07134442250899588,3.504884367579545e-05,17.749445195451187,22.886426770187423,2.1084547365665927,0.06979350578597868,nan
126.51,187.15469360351562,-219.3936309814453,-20.9920654296875,188.22452091389567,-219.6034347095273,-21.00200502827585,1.0902508307596972,0.38864972534404635,0.07137193857247881,3.575316300515637e-05,17.736909653785286,22.378095015895983,nan,nan,nan
126.52,187.16305541992188,-219.4019775390625,-20.99350929260254,188.23311452129585,-219.6117473211345,-21.003681429434018,1.090473894355806,0.3886918186383228,0.07139952083932143,3.505136773550318e-05,17.894730081233657,23.160721138764867,nan,0.007539579756187737,nan
126.53,187.17140197753906,-219.41033935546875,-20.994924545288086,188.24170888479017,-219.62006006129909,-21.00522745288605,1.0907088521087462,0.3887339984142798,0.07142716945818513,3.5756051602517264e-05,17.882830847700422,22.560664305697856,nan,nan,nan
126.54,187.17974853515625,-219.41868591308594,-20.996313095092773,188.25030710140402,-219.62837210535022,-21.006045528182234,1.0909439322195318,0.38877626473867893,0.07145488456960651,3.505437951795651e-05,17.586085700010216,22.755675978103866,nan,0.34544330576166016,nan
126.55,187.18809509277344,-219.4270477294922,-20.99767303466797,188.2736579700723,-219.64161354355537,-21.007441052797624,1.1066077278386162,0.38870150019514726,0.07144367498230493,3.573743878101985e-05,17.75721930099448,22.53997024134102,2.696401729580112,nan,nan
126.56,187.1964569091797,-219.43540954589844,-20.999114990234375,188.28227943959834,-219.64993354942192,-21.009190206972132,1.1068570935964688,0.3887435945986725,0.07147135251553623,3.503670443906453e-05,17.955721809908333,22.844918090952216,nan,0.03978745216398675,nan
126.57000000000001,187.20480346679688,-219.44375610351562,-21.000638961791992,188.29090203169432,-219.65825349119996,-21.01078752090505,1.1071233965768017,0.3887857753940565,0.07149909658365627,3.5741252127775535e-05,17.91042988602853,23.23810651555208,nan,nan,nan
126.58,187.21315002441406,-219.45211791992188,-21.00224494934082,188.29951761423507,-219.6665750830316,-21.014026069311694,1.107395688004224,0.38882804266308735,0.07152690732798744,3.5040582079968904e-05,18.961687191644337,23.787081806681922,nan,1.7116632822561304,nan
126.59,187.22149658203125,-219.46046447753906,-21.003931045532227,188.30814043909695,-219.67489507914823,-21.015803023726672,1.1076625383533243,0.3888703966094661,0.07155478489603838,3.574550399128641e-05,18.914110349078744,24.25436153498029,nan,nan,nan
126.60000000000001,187.2298583984375,-219.4688262939453,-21.005695343017578,188.283452497496,-219.67105650632155,-21.01622317748764,1.0728785670649124,0.3887958198016311,0.07154340360917234,3.502373108104546e-05,17.785576415951915,22.46460348503687,11.01568254623666,1.5034314752275122,nan
126.61,187.2382049560547,-219.47718811035156,-21.007537841796875,188.29201542347872,-219.67935859673923,-21.018146241513076,1.0730805864254633,0.38883800157942305,0.07157124271793008,3.5728155968500316e-05,17.742411628888753,22.31091858616469,nan,nan,nan
126.62,187.24655151367188,-219.48553466796875,-21.009458541870117,188.3005653804529,-219.68766346849662,-21.023335916797368,1.0733097711771684,0.38888026975431433,0.07159914868297737,3.502836973198617e-05,20.060547150054976,25.12169099488166,nan,7.164316749617196,nan
126.63000000000001,187.25489807128906,-219.493896484375,-21.01145362854004,188.30912844101505,-219.69596527751784,-21.025447165939223,1.0735125936400258,0.38892262451772247,0.07162712165117566,3.573317824374345e-05,20.014389018376068,24.595032725317385,nan,nan,nan
126.64,187.2632598876953,-219.5022430419922,-21.013525009155273,188.31769345228878,-219.70426657635252,-21.02717824632871,1.0736992416231095,0.3889650659699666,0.07165516176479923,3.50333700236748e-05,19.82483377747068,25.022492939973038,nan,0.14716476803339182,nan
126.65,187.2716064453125,-219.51060485839844,-21.015670776367188,188.3106222393224,-219.70668843626524,-21.029461136563167,1.057446340835047,0.38889067467784505,0.07164360622061834,3.571656171218488e-05,19.685050749959917,24.16028833855772,2.3822119544378806,nan,nan
126.66,187.2799530029297,-219.5189666748047,-21.01789093017578,188.34496586590095,-219.74074020172932,-21.03238247827488,1.0879549165774918,0.3848709367578273,0.06762562469669743,3.501739626650461e-05,22.429228710491586,26.905497631451038,nan,0.24688319726451965,0.16399234133276225
126.67,187.28831481933594,-219.52731323242188,-21.020183563232422,188.35349350813013,-219.7490584244574,-21.034797277164134,1.0881131052822848,0.38491598903225244,0.0676456292089746,3.5722095530328176e-05,22.371435394215943,27.496721174397344,nan,nan,nan
126.68,187.29666137695312,-219.53567504882812,-21.022546768188477,188.36198515358004,-219.75733255014106,-21.035385876898836,1.0882148867054682,0.3849611265250368,0.06766569225812293,3.502302967420897e-05,21.06357531308747,25.56805910881622,nan,2.5442692496624137,nan
126.69,187.3050079345703,-219.5440216064453,-21.024982452392578,188.37051296403573,-219.76565038095737,-21.03792735716376,1.088387730575525,0.3850063504059093,0.06768581550468869,3.57281153524124e-05,21.00903084775159,26.005534080327067,nan,nan,nan
126.7,187.31336975097656,-219.55238342285156,-21.02748680114746,188.39617020891382,-219.78613926039625,-21.040879140475923,1.1078257886725846,0.3849425905663438,0.06767998829916093,3.5007812399343055e-05,20.8885497543544,26.10886212399675,6.447853379641537,0.07912949776025112,nan
126.71000000000001,187.32171630859375,-219.56072998046875,-21.030046463012695,188.40471585579516,-219.79448888120928,-21.04355902069039,1.108022487194584,0.38498762536776054,0.06770011091929426,3.571241087574703e-05,20.83946483879972,26.455246547730184,nan,nan,nan
126.72,187.33006286621094,-219.569091796875,-21.03260612487793,188.41324054762472,-219.80281335995204,-21.045144880827255,1.108177277767812,0.38503274533349036,0.06772029238724132,3.5013988154997943e-05,20.180307667956676,25.291178419473265,nan,0.8897617075142557,nan
126.73,187.33840942382812,-219.57745361328125,-21.03514289855957,188.42178584004333,-219.8111627265602,-21.047831932967316,1.1083706151081123,0.3850779515892384,0.06774053425284683,3.57189785109366e-05,20.16128205361199,25.2706661138276,nan,nan,nan
126.74000000000001,187.34677124023438,-219.58580017089844,-21.037641525268555,188.43032504733247,-219.81950512366424,-21.050174201303584,1.1085413505109543,0.38512324330884373,0.0677608352809078,3.5020423545056524e-05,20.099433559898863,25.885926427111222,nan,0.06983165542235281,nan
126.75,187.35511779785156,-219.5941619873047,-21.040096282958984,188.4340912732807,-219.8271638583143,-21.0527897740383,1.103917912387234,0.3850594703976435,0.06775494857413407,3.570379177418078e-05,19.937239858887576,25.13039168729959,0.4774033166332327,nan,nan
126.76,187.36346435546875,-219.60250854492188,-21.04250717163086,188.44263852882662,-219.83553010025946,-21.05608573516225,1.104128760191567,0.38510457282569793,0.06777524844089541,3.500593231320315e-05,20.65308486614462,26.36590052721213,nan,0.37074773431757285,nan
126.77,187.37181091308594,-219.61087036132812,-21.044870376586914,188.45117248207706,-219.84388050839456,-21.05861912309712,1.104311619644334,0.38514976144429713,0.0677956089036747,3.5710828011110227e-05,20.64287937327184,25.831744133571835,nan,nan,nan
126.78,187.3801727294922,-219.6192169189453,-21.04718780517578,188.4596700233639,-219.85218798791388,-21.05907216727021,1.1044143989079127,0.38519503547314415,0.0678160288332932,3.5012804635210846e-05,19.344468690449332,25.21309990695848,nan,2.9219295449846028,nan
126.79,187.38851928710938,-219.62757873535156,-21.04945945739746,188.468204275048,-219.8605381064365,-21.061494836502558,1.1045970270223189,0.3852403959706356,0.06783650962323957,3.571808997134119e-05,19.329648946466676,24.529450498581777,nan,nan,nan
126.8,187.39686584472656,-219.63592529296875,-21.051687240600586,188.47931307187832,-219.86443624170252,-21.061977018107537,1.1063521739396032,0.3851766087541796,0.06783055892706025,3.4998725553566005e-05,18.9520766583066,24.19075952386583,4.525860536000439,2.444527083660394,nan
126.81,187.40521240234375,-219.644287109375,-21.053869247436523,188.48786265076754,-219.8727663079141,-21.064292432601167,1.1065455017151988,0.38522177971912247,0.06785103794555603,3.5703525241482754e-05,18.934655165444507,23.67307346576747,nan,nan,nan
126.82000000000001,187.41357421875,-219.6526336669922,-21.056007385253906,188.49639618365723,-219.88107754248412,-21.065640579826027,1.1066990604373814,0.38526703604043044,0.06787157672934167,3.500596722506582e-05,18.504988579999203,23.89474114934342,nan,0.6031694245351197,nan
126.83,187.4219207763672,-219.66099548339844,-21.058103561401367,188.50494598782973,-219.88940727458117,-21.067861802760216,1.1068923968883357,0.3853123787295366,0.06789217657109858,3.571115943134821e-05,18.485585849631445,23.240201928629986,nan,nan,nan
126.84,187.43026733398438,-219.66934204101562,-21.06015968322754,188.51353426826591,-219.89778101953178,-21.072273270637442,1.107157783160632,0.38535780707520895,0.0679128364904494,3.501338836091318e-05,19.973307051345095,25.25030419370076,nan,3.512984740617496,nan
126.85000000000001,187.43861389160156,-219.67770385742188,-21.062171936035156,188.5215835732968,-219.8963001192878,-21.074431495356777,1.1048791580836264,0.3852940061273401,0.0679068198183497,3.569694552051354e-05,21.146961566953856,25.1577579909838,12.858783165378199,nan,nan
126.86,187.4469757080078,-219.68605041503906,-21.064146041870117,188.53015721043477,-219.90459878723007,-21.076874701319042,1.1050826109203864,0.3853392447196866,0.06792747738946348,3.499979465245342e-05,21.529993099431966,26.13283925146004,nan,0.07269623801818256,nan
126.87,187.455322265625,-219.6944122314453,-21.06608009338379,188.53872553457578,-219.91289120137935,-21.07896166058687,1.105288034066357,0.3853845695781719,0.06794819621472117,3.5704889916759216e-05,21.51528511109612,25.54358275347314,nan,nan,nan
126.88000000000001,187.4636688232422,-219.7027587890625,-21.067975997924805,188.5472982749357,-219.9211883103739,-21.081264872305187,1.1055047890173242,0.38542998003891143,0.06796897540888594,3.5007504425677184e-05,21.87754699060353,26.387286473822634,nan,0.045601510110051965,nan
126.89,187.47201538085938,-219.71112060546875,-21.069833755493164,188.55586685079362,-219.92948069751316,-21.083279312820572,1.105710595810726,0.38547547704351454,0.06798981612401979,3.571298690571233e-05,21.862270260513913,25.92131702491641,nan,nan,nan
126.9,187.48037719726562,-219.71946716308594,-21.0716552734375,188.5701772535879,-219.93799085826686,-21.083734545268573,1.111558670032098,0.3854116611865007,0.06798372918767089,3.499418265886931e-05,21.254109026977858,25.773587058607426,1.3314439286780106,1.442838446405839,nan
126.91,187.4887237548828,-219.7278289794922,-21.073440551757812,188.57875944740655,-219.94627910264362,-21.085660873411697,1.111776777748983,0.38545696818776626,0.06800456690908026,3.569917598297135e-05,21.23544995615086,25.200983899114572,nan,nan,nan
126.92,187.4970703125,-219.73617553710938,-21.0751895904541,188.58728303420574,-219.95450233942188,-21.083943399234663,1.1118934303004073,0.3855023607361976,0.06802546528451556,3.500212882258991e-05,19.207354672196917,23.65252402224361,nan,9.19570768165184,nan
126.93,187.5054168701172,-219.74453735351562,-21.076902389526367,188.59586540902313,-219.96279057900384,-21.085764696263002,1.112111067708084,0.38554783972624934,0.06804642537684442,3.570751068918503e-05,19.185368251622563,23.18573819816131,nan,nan,nan
126.94,187.51377868652344,-219.7528839111328,-21.078582763671875,188.6044529336834,-219.97108482714805,-21.08788154686997,1.112325680966152,0.38559340456367136,0.0680674464327716,3.501019328792483e-05,19.42060155184522,24.019303920300462,nan,0.07642419064980127,nan
126.95,187.52212524414062,-219.76124572753906,-21.080230712890625,188.6016226394227,-219.97988566217012,-21.08967363554579,1.101456860809582,0.3855295741971426,0.06806128696483209,3.5693924066707707e-05,18.75835604989397,23.064055596836564,4.926025101180902,nan,nan
126.96000000000001,187.5304718017578,-219.76959228515625,-21.081844329833984,188.6101561815889,-219.9881649371132,-21.09015992855295,1.1016176802397462,0.38557494880142595,0.06808230440918708,3.4997174303279476e-05,18.201006471736306,23.006371926807542,nan,1.0864857237882644,nan
126.97,187.53883361816406,-219.7779541015625,-21.083425521850586,188.61870949482505,-219.99646552708276,-21.09184276637637,1.1017939925787625,0.3856204097447276,0.06810338376509485,3.570244917293003e-05,18.175604169295376,22.6338173503949,nan,nan,nan
126.98,187.54718017578125,-219.7863006591797,-21.084976196289062,188.62726814920256,-220.00477174764237,-21.093821251284343,1.101997224053354,0.38566595647922,0.06812452436231496,3.500541560829972e-05,18.391130069495873,23.231116525983076,nan,0.07520539306417078,nan
126.99000000000001,187.55552673339844,-219.79466247558594,-21.08649444580078,188.6358218566955,-220.01307266018435,-21.095446308499312,1.1021890482133594,0.38571158983066717,0.06814572714072344,3.5711071994883055e-05,18.367061331108975,22.73759614749655,nan,nan,nan
127.0,187.5638885498047,-219.80300903320312,-21.087984085083008,188.62360880462796,-220.00710283517193,-21.09641010588116,1.0792276387821447,0.38564774383756534,0.06813949103252907,3.499256404456033e-05,18.7164060843486,23.125552316044764,8.784991909115579,0.43804895738606214,nan
127.01,187.57223510742188,-219.81137084960938,-21.08944320678711,188.63213850094598,-220.01536810926945,-21.09797178768422,1.0793900232283324,0.3856931866976807,0.06816068951993237,3.5697724961254704e-05,18.69281326621738,22.521216755972205,nan,nan,nan
127.02,187.58058166503906,-219.81971740722656,-21.09087371826172,188.64064418430922,-220.02360770075143,-21.097890694838163,1.0795151849396705,0.3857387152916613,0.06818194952009499,3.500094286908123e-05,18.027975253954054,22.325454762200742,nan,1.8402693188676484,nan
127.03,187.5889434814453,-219.8280792236328,-21.092275619506836,188.6491742402104,-220.03187297422735,-21.099380097188085,1.079662738180834,0.38578433039999976,0.06820327189604489,3.570648584146936e-05,18.001804616064707,21.993340574717347,nan,nan,nan
127.04,187.5972900390625,-219.83642578125,-21.09364891052246,188.6577090408861,-220.04014323060687,-21.101159537625893,1.0798359450029877,0.38583003154192286,0.0682246560914329,3.5009394907855335e-05,18.16555877652131,22.497803216168794,nan,0.07101952739453103,nan
127.05,187.6056365966797,-219.84478759765625,-21.094995498657227,188.67516535380125,-220.04715867456406,-21.102596079504938,1.0885327665752824,0.3857661701534392,0.06821834083235087,3.569327049690003e-05,18.80714834691622,22.390625915158456,3.759278640366841,nan,nan
127.06,187.61399841308594,-219.85313415527344,-21.096315383911133,188.68373130059385,-220.05542440049473,-21.10481858295229,1.088724987460854,0.3858116805650405,0.06823972007894169,3.499671233344582e-05,19.220936940637337,23.39521635341639,nan,0.46314199487795793,nan
127.07000000000001,187.62234497070312,-219.8614959716797,-21.09771728515625,188.69228565392729,-220.06367795064875,-21.106268706444816,1.0889094292199355,0.38585727738836895,0.06826116189469403,3.570213432838662e-05,19.172022352034034,22.791175997337138,nan,nan,nan
127.08,187.63070678710938,-219.86985778808594,-21.09920310974121,188.70081874756383,-220.0719091552035,-21.106295977070072,1.0890430072447563,0.38590296018639614,0.06828266579390967,3.5005259928846114e-05,18.529029270882525,22.273546165205914,nan,1.6024821775213804,nan
127.09,187.63905334472656,-219.87820434570312,-21.10076904296875,188.70937340564458,-220.08016244598792,-21.107897711705863,1.0892304278673843,0.38594872967472454,0.06830423253481635,3.571105620397324e-05,18.48201188617493,22.572867630060575,nan,nan,nan
127.10000000000001,187.64739990234375,-219.88656616210938,-21.1024169921875,188.719189904881,-220.09797104860192,-21.109165843484636,1.0924611583784418,0.3858848518340042,0.068297834173575,3.4992669771111626e-05,17.306013122876365,21.58671652766175,9.516221468025597,0.1193159307548178,nan
127.11,187.65576171875,-219.89491271972656,-21.104143142700195,188.72773080995708,-220.1062589476253,-21.110926315818908,1.09262572365285,0.38593043032631524,0.06831939525351345,3.5697963085594836e-05,17.258373148061093,22.178266121725756,nan,nan,nan
127.12,187.6641082763672,-219.9032745361328,-21.10594940185547,188.7362773011712,-220.11455240819248,-21.113170888213933,1.0928114690267958,0.38597609473304534,0.06834101867474722,3.500128417736538e-05,17.427077189063265,21.73173418626527,nan,0.11529778891305706,nan
127.13000000000001,187.67247009277344,-219.91163635253906,-21.107831954956055,188.74481823514907,-220.12284018142765,-21.115094477961172,1.0929731652854362,0.38602184572785647,0.06836270513095506,3.570695206499675e-05,17.381194249546446,21.83931973920893,nan,nan,nan
127.14,187.68081665039062,-219.91998291015625,-21.109790802001953,188.75334883233327,-220.13111748079504,-21.116320674639773,1.093135731489073,0.3860676829359843,0.06838445423226414,3.500993990235067e-05,17.0879893425126,21.917086629560906,nan,0.4245037713868482,nan
127.15,187.6891632080078,-219.9283447265625,-21.111827850341797,188.7698758750878,-220.14232845246076,-21.118410917435067,1.1017133204735148,0.38600378871595914,0.06837797005325276,3.569392565077518e-05,17.16396952425155,21.522856567027997,0.6182931902354207,nan,nan
127.16,187.69752502441406,-219.9366912841797,-21.113937377929688,188.77844855374758,-220.15063830838096,-21.121922367946347,1.101922304655358,0.3860494346798828,0.06839971279717476,3.499742474052996e-05,17.737217565227645,22.746171921095698,nan,1.312644196671028,nan
127.17,187.70587158203125,-219.94505310058594,-21.116121292114258,188.78700319601938,-220.15893027944085,-21.124159568003222,1.102113255649705,0.38609516712984476,0.06842151876804596,3.57029564643253e-05,17.693193321974036,22.0964446882507,nan,nan,nan
127.18,187.7142333984375,-219.9534149169922,-21.118379592895508,188.79555373801549,-220.1672180538982,-21.126148898908905,1.102282096494284,0.38614098573098404,0.06844338763460095,3.500611949669047e-05,17.57508739584644,22.107089522668378,nan,0.07342730263219163,nan
127.19,187.7225799560547,-219.96176147460938,-21.120708465576172,188.8041084370388,-220.17550965393283,-21.128531260755015,1.1024760022187734,0.3861868910976551,0.06846532000344946,3.571201793951828e-05,17.530835224369596,22.43863955157022,nan,nan,nan
127.2,187.73094177246094,-219.97012329101562,-21.123109817504883,188.8182581962647,-220.17740890127453,-21.132269019555395,1.1069364122098566,0.3861229794974878,0.06845874619034037,3.499364543874763e-05,19.234801457889592,23.201641989600656,8.65098830339967,1.2097329335161975,nan
127.21000000000001,187.73928833007812,-219.9784698486328,-21.125579833984375,188.82683715617864,-220.18567254565886,-21.134808330644013,1.1071497513697393,0.3861686933472984,0.06848067145796484,3.569903336924123e-05,19.191042517351107,23.540607611348626,nan,nan,nan
127.22,187.7476348876953,-219.98683166503906,-21.128108978271484,188.83539812709657,-220.19391862633145,-21.13595666007572,1.1073280727226817,0.38621449328460966,0.06850265986584297,3.500235886918533e-05,18.534607933731,22.423188843080005,nan,1.496536384978746,nan
127.23,187.75599670410156,-219.99517822265625,-21.130640029907227,188.843976891804,-220.20218189410528,-21.138577528798862,1.1075262582508252,0.3862603798860674,0.06852471196770812,3.570811392715003e-05,18.506773422604006,22.978692209216035,nan,nan,nan
127.24000000000001,187.76434326171875,-220.0035400390625,-21.133148193359375,188.8525467092864,-220.21043644770867,-21.140460824163974,1.1077212382987378,0.3863063528728953,0.068546827510915,3.501109222114855e-05,18.239574858843085,22.1478297896227,nan,0.37439194138880855,nan
127.25,187.772705078125,-220.0118865966797,-21.1356201171875,188.8474121297242,-220.20757503763616,-21.143065702409245,1.0924031533368648,0.3862424238203575,0.06854016118048156,3.569515290757653e-05,18.829309370376848,22.82225970781259,4.789434999692321,nan,nan
127.26,187.7810516357422,-220.02024841308594,-21.138050079345703,188.85598164278267,-220.21581278858878,-21.1459810120781,1.0926036997447268,0.38628820503306655,0.06856226888888223,3.4998630648039974e-05,19.04422076792478,22.498961470181925,nan,0.10068790783802674,nan
127.27,187.78939819335938,-220.02859497070312,-21.14043426513672,188.86454666918354,-220.22404635742183,-21.14847972704546,1.0927992583702701,0.38633407280883064,0.06858444048148656,3.570423495821016e-05,19.02893056973802,22.93719777032836,nan,nan,nan
127.28,187.79776000976562,-220.03695678710938,-21.142772674560547,188.87312407796674,-220.2322916216226,-21.152010003767604,1.0929999565431077,0.3863800269042707,0.06860667575305777,3.500736597717508e-05,19.623402941997462,23.22186031704747,nan,0.8169303969609564,nan
127.29,187.8061065673828,-220.04530334472656,-21.145065307617188,188.8816889298952,-220.2405250239094,-21.154430559613353,1.0931956048739233,0.3864260678433388,0.06862897518679678,3.571332991277481e-05,19.610870161995734,23.542652967362013,nan,nan,nan
127.3,187.814453125,-220.0536651611328,-21.147314071655273,188.87494905571546,-220.24437770238723,-21.155371788007173,1.0775378504946251,0.3863621203870604,0.06862221263646658,3.499491262050816e-05,18.713147747672664,22.214031624793137,3.011194621434183,1.25256562214878,nan
127.31,187.82281494140625,-220.06201171875,-21.149517059326172,188.8834850496867,-220.25260736318373,-21.15768858449061,1.0776894506768997,0.38640796927282006,0.06864450346087808,3.5700359139490764e-05,18.69615139073469,22.79324267795722,nan,nan,nan
127.32000000000001,187.83116149902344,-220.07037353515625,-21.151676177978516,188.89202362094457,-220.26083914838964,-21.160177169163614,1.0778579954718095,0.38645390441096467,0.06866685819612013,3.5003636010095355e-05,18.86082698850875,22.387831389550993,nan,0.032598260991224606,nan
127.33,187.83950805664062,-220.07872009277344,-21.153791427612305,188.90055981623118,-220.26906859817845,-21.162410551910675,1.0780248973673128,0.3864999262924215,0.0686892772831689,3.570944289808312e-05,18.845463087587586,22.824802113223804,nan,nan,nan
127.34,187.84786987304688,-220.0870819091797,-21.155866622924805,188.90909026694072,-220.2772926712092,-21.16407494850393,1.0781633619340243,0.3865460347230057,0.06871176057966391,3.5012366010187744e-05,18.65923670314935,22.33222662064749,nan,0.19622694389030276,nan
127.35000000000001,187.85621643066406,-220.09542846679688,-21.15789794921875,188.91961542875475,-220.28845437735282,-21.166193906179448,1.0808076860330564,0.38648206866035684,0.06870489879376065,3.5696469215573945e-05,18.435942434767675,22.562794565710504,0.5044951411248204,nan,nan
127.36,187.86456298828125,-220.10379028320312,-21.15989112854004,188.92816013420398,-220.29670034139065,-21.169130911507246,1.0809896174127513,0.3865279847715338,0.06872737271174333,3.499988672498004e-05,18.91763234202655,22.596811405726832,nan,0.4880817179874475,nan
127.37,187.8729248046875,-220.1121368408203,-21.16184425354004,188.93669616561058,-220.30493828578793,-21.171205697944135,1.0811427020255384,0.3865739875260413,0.06874991116947375,3.570552997971174e-05,18.9007837803907,23.178187981532034,nan,nan,nan
127.38000000000001,187.8812713623047,-220.12049865722656,-21.16375732421875,188.9452362097169,-220.3131796894428,-21.173622132103972,1.081316092148562,0.3866200767603221,0.06877251406195674,3.500859645429201e-05,19.196592457784917,22.902534311032202,nan,0.10188999059299289,nan
127.39,187.88963317871094,-220.12884521484375,-21.165632247924805,188.9537722387624,-220.32141748229495,-21.175624962137736,1.0814693114720693,0.38666625291964957,0.06879518177450186,3.5714593173655516e-05,19.18081604039221,23.485097254754802,nan,nan,nan
127.4,187.89797973632812,-220.13720703125,-21.167470932006836,188.9677659877107,-220.32829530606153,-21.175534225930463,1.0867485307680482,0.38660226734092784,0.06878821714526122,3.4996106337547215e-05,18.67710523934361,22.17582198416378,1.937125890585488,2.7141185476509926,nan
127.41,187.9063262939453,-220.1455535888672,-21.169273376464844,188.97631697030286,-220.33652399318737,-21.17744291259729,1.086929843246066,0.38664825089546145,0.06881087467501884,3.5701579780116795e-05,18.65823490250523,22.60702951753762,nan,nan,nan
127.42,187.91468811035156,-220.15391540527344,-21.171037673950195,188.98485901134376,-220.3447448919189,-21.178403114737634,1.0870767682283595,0.3866943208588226,0.06883359685936499,3.500478664404144e-05,18.309079221086755,21.969324556434252,nan,0.5886550842343213,nan
127.43,187.92303466796875,-220.16226196289062,-21.17276954650879,188.9934100135923,-220.35297358845816,-21.180232714047005,1.0872580206717444,0.3867404776480429,0.06885638405078093,3.571061474300882e-05,18.288616250482576,22.26011770295363,nan,nan,nan
127.44,187.93138122558594,-220.17062377929688,-21.17446517944336,189.00194646114494,-220.36118981086514,-21.180505037419678,1.087410601318358,0.3867867211416895,0.06887923619322708,3.501346625437507e-05,17.742075668500757,21.301914884060174,nan,1.6373160004479466,nan
127.45,187.9397430419922,-220.17897033691406,-21.17612648010254,188.9732670539005,-220.34650104773857,-21.182174435716508,1.047031518163401,0.3867227157292654,0.06887216560468232,3.569758427729127e-05,18.398427367159833,21.944697407470347,17.893571527763847,nan,nan
127.46000000000001,187.94808959960938,-220.1873016357422,-21.177757263183594,188.9817598300737,-220.35465869482468,-21.183010205751994,1.047143793362958,0.3867687663434917,0.06889500676117015,3.500092956688345e-05,18.13221669064261,21.29672686462892,nan,0.5433304083150867,nan
127.47,187.95645141601562,-220.19554138183594,-21.179353713989258,188.9902608921324,-220.36276444630613,-21.184682624113137,1.0472602272037004,0.3868149036847082,0.06891791310979213,3.570658340636808e-05,18.104734389546973,21.383609361061055,nan,nan,nan
127.48,187.9647979736328,-220.20364379882812,-21.180917739868164,188.99876208798267,-220.37075931937667,-21.186323943732752,1.0473961113216537,0.38686112777429754,0.06894088470584263,3.642655331388464e-05,18.075208512067285,21.458428764921273,nan,nan,nan
127.49000000000001,187.97314453125,-220.21160888671875,-21.182451248168945,189.00726360008326,-220.37861881689977,-21.187934700337383,1.047532640804729,0.3869074387567598,0.06896392169382186,3.716098378963312e-05,18.045254503921186,21.282667186012198,nan,nan,nan
127.5,187.98150634765625,-220.2194366455078,-21.1839542388916,189.0163828854481,-220.38675420429442,-21.18801165720409,1.048322982955987,0.38684341262518973,0.06895674161052108,3.635487214617824e-05,17.67220807359485,20.74155917210904,0.40917989601795696,1.2878604741606998,nan
127.51,187.98985290527344,-220.2270965576172,-21.185428619384766,189.02488595986043,-220.39431818944593,-21.189547416189818,1.0484624279039574,0.3868895304369212,0.06897976677941399,3.708701368284147e-05,17.63931812021456,20.99114586602912,nan,nan,nan
127.52,187.9982147216797,-220.23460388183594,-21.186872482299805,189.03338208550537,-220.40172545780936,-21.190173690626768,1.0485761728468104,0.38693573479735105,0.0690028573158869,3.630745261877024e-05,17.443651974723803,21.034065646154573,nan,0.5084428662792987,nan
127.53,188.00656127929688,-220.24197387695312,-21.18828773498535,189.0418866319246,-220.40898961409712,-21.191644062366993,1.0487154557748086,0.3869820260777413,0.069026013516295,3.703830939963005e-05,17.41148201363858,20.544977851655617,nan,nan,nan
127.54,188.01492309570312,-220.2491912841797,-21.189674377441406,189.05039620700137,-220.4161097160816,-21.19356668441597,1.048847690174242,0.3870284042020318,0.06904923537941275,3.6261400023479724e-05,17.487727071961537,20.956420586619675,nan,0.15108851206146182,nan
127.55,188.02328491210938,-220.2562713623047,-21.1910343170166,189.05239691149674,-220.4225305201624,-21.195090803751388,1.0424634621603075,0.3869643569522668,0.06904194262650387,3.696749729915576e-05,17.246046545845964,20.655906716519063,1.2390103117930713,nan,nan
127.56,188.03164672851562,-220.26321411132812,-21.192365646362305,189.06088290850155,-220.4293576212877,-21.195573718866076,1.0425646607395163,0.38701054162370124,0.06906515183552495,3.6194172667597376e-05,17.049215199296412,20.37622557263031,nan,0.5505045859506367,nan
127.57000000000001,188.04000854492188,-220.27000427246094,-21.19367218017578,189.06937767745265,-220.43605143024112,-21.19693564715162,1.0426807372492979,0.3870568131158682,0.0690884268889985,3.692174905799938e-05,17.015926325383468,20.73244437135993,nan,nan,nan
127.58,188.04837036132812,-220.27667236328125,-21.1949520111084,189.07787602973423,-220.4426104609354,-21.198541839241727,1.0427992426154733,0.3871031713767471,0.06911176780898366,3.6150968064247536e-05,17.048274522114514,20.409448797107707,nan,0.047967065544258905,nan
127.59,188.05673217773438,-220.283203125,-21.19620704650879,189.0863737420887,-220.44903390707415,-21.199856626812434,1.0429165444875064,0.38714961674168563,0.06913517485705283,3.687746551685104e-05,17.01706943695686,20.496213283746652,nan,nan,nan
127.60000000000001,188.06509399414062,-220.2895965576172,-21.19743537902832,189.10897875067516,-220.46889308688503,-21.202339031667794,1.059182078842857,0.3870855475083329,0.06912776596101032,3.6086799986134086e-05,16.556649230163103,20.698755355158223,6.861196042108199,0.99274406750704,nan
127.61,188.07345581054688,-220.2960205078125,-21.198749542236328,189.117491448127,-220.47516881723067,-21.203672266094905,1.0593057927316876,0.3871317991227354,0.06915115949343754,3.6811374207734404e-05,16.520611517265447,20.47558635062745,nan,nan,nan
127.62,188.08181762695312,-220.30247497558594,-21.20014762878418,189.1259887479103,-220.4814559475895,-21.202813219851187,1.0594029561767493,0.38717813742900276,0.06917461909114694,3.6046468733449644e-05,16.032165028583524,19.80849894637556,nan,3.4487733207040345,nan
127.63000000000001,188.09019470214844,-220.30894470214844,-21.201629638671875,189.134504629595,-220.48778014966692,-21.204293080430332,1.0595151890249521,0.38722456274105327,0.06919814499604245,3.6770098897407125e-05,15.999159924373297,20.188570104942425,nan,nan,nan
127.64,188.09857177734375,-220.31544494628906,-21.20319175720215,189.1158536262879,-220.51987316661544,-21.205831277822163,1.0376223901430346,0.386535048646866,0.06856080096417584,3.600737837892763e-05,16.371193942699684,20.37987413768793,nan,8.955048900728662e-05,1.0028316983165004
127.65,188.10693359375,-220.32196044921875,-21.204833984375,189.12942210471843,-220.5298549660039,-21.207435960973505,1.0434125049346448,0.38646913548692013,0.0685545250982621,3.670701801877798e-05,16.195135688257075,20.412921629248547,0.6037775624840341,nan,nan
127.66,188.1153106689453,-220.32850646972656,-21.20655632019043,189.13792247333382,-220.53631106524128,-21.208623829922395,1.043514219830395,0.38651404629914454,0.06857504941429385,3.5947734156248774e-05,16.09565226508356,20.268009253173126,nan,0.19354224094397982,nan
127.67,188.12368774414062,-220.33506774902344,-21.208358764648438,189.14642262884445,-220.54279779503034,-21.210424655944202,1.0436199903753365,0.38655904261443985,0.06859563343827867,3.6668748358008255e-05,16.058325590104303,20.44874978490073,nan,nan,nan
127.68,188.13206481933594,-220.34165954589844,-21.21023941040039,189.15492104378768,-220.54932265002978,-21.213414947242413,1.0437283673213902,0.38660412455404347,0.06861627670253806,3.5911700971230844e-05,16.189040425728447,20.343304962092827,nan,0.8256817850313142,nan
127.69,188.14044189453125,-220.3482666015625,-21.212196350097656,189.1634241350511,-220.55585400544442,-21.21538478362493,1.0438368458613534,0.3866492922861356,0.068636979947426,3.663194983443106e-05,16.151311621115976,20.52724455194929,nan,nan,nan
127.7,188.14881896972656,-220.3549041748047,-21.214229583740234,189.21042990264428,-220.58207790253743,-21.21731489977213,1.0856496647802334,0.38658339275696535,0.06863064069374167,3.5855070140222774e-05,15.86490520132135,20.482983482456522,14.893173114905256,0.018417404414500318,nan
127.71000000000001,188.15719604492188,-220.36155700683594,-21.216337203979492,189.21899133248567,-220.5886943155928,-21.219438662995525,1.0858223652006895,0.38662837047238885,0.06865134018478705,3.6573711958350283e-05,15.82809833902334,20.67446372483601,nan,nan,nan
127.72,188.1655731201172,-220.36822509765625,-21.21851921081543,189.22755004580716,-220.5953494029843,-21.222922800702683,1.0860017644426652,0.3866734337364691,0.06867209920120071,3.582187594905805e-05,16.071450220157942,21.13733477597135,nan,1.111262497640493,nan
127.73,188.17396545410156,-220.3749237060547,-21.220775604248047,189.23611346765762,-220.60200861599264,-21.225210130452936,1.0861609567855333,0.38671858271894555,0.06869291841882814,3.653986845475106e-05,16.033674856095956,20.936665557225766,nan,nan,nan
127.74000000000001,188.18234252929688,-220.3816375732422,-21.22310447692871,189.24467552310807,-220.60869919899397,-21.22836770098654,1.0863406800614563,0.38676381753875355,0.06871379746534,3.579006999570959e-05,16.235115696980753,21.203926742854645,nan,0.42751489272732,nan
127.75,188.19073486328125,-220.3883819580078,-21.225505828857422,189.26673427300565,-220.6290321535415,-21.230826923175798,1.1025949212573063,0.3866979312513844,0.06870739229653462,3.648470061771756e-05,15.352122651985928,20.925378885041837,10.7975490945349,nan,nan
127.76,188.19911193847656,-220.3951416015625,-21.22796630859375,189.27531223343647,-220.63576532605873,-21.231079985193855,1.1027767437900529,0.386742975865264,0.06872826703368562,3.573779774895533e-05,14.812525301378018,20.469248487453523,nan,3.4484875192039035,nan
127.77,188.20750427246094,-220.40191650390625,-21.23043441772461,189.28388442103704,-220.642547035974,-21.233602676377362,1.1029539043291046,0.3867881061226537,0.06874920219151365,3.645374996260496e-05,14.780595336615722,20.717190338003842,nan,nan,nan
127.78,188.21588134765625,-220.40870666503906,-21.232879638671875,189.2924592249941,-220.64934138554455,-21.23555437187145,1.1031464766220853,0.386833322141252,0.0687701974557344,3.570875497909851e-05,14.67002092951635,20.642519429190177,nan,0.21562653153154232,nan
127.79,188.22427368164062,-220.41552734375,-21.235292434692383,189.30103311770404,-220.65616202539147,-21.238037291106107,1.1033238270775354,0.3868786240926238,0.06879125341635377,3.6424208529510576e-05,14.641539996485,20.333256458627844,nan,nan,nan
127.8,188.232666015625,-220.42236328125,-21.237661361694336,189.3395679787913,-220.67149272957946,-21.241235473714994,1.1345969382838568,0.3868127505735162,0.06878477872597907,3.5659328545655686e-05,15.386437207456913,21.238036148167442,11.230585837588995,0.2996872404285724,nan
127.81,188.2410430908203,-220.42921447753906,-21.239988327026367,189.3482016002,-220.6783575523942,-21.243648318574476,1.1348504889095692,0.38685786212519807,0.06880582977232101,3.637344119475598e-05,15.362581010765007,21.235169387932558,nan,nan,nan
127.82000000000001,188.2494354248047,-220.43609619140625,-21.24226951599121,189.35683217599018,-220.68525569807193,-21.247257883883382,1.135091585781645,0.3869030593614328,0.06882694119636948,3.563297123721931e-05,15.659350453559789,21.250853812836226,nan,1.0463967620579984,nan
127.83,188.25782775878906,-220.44297790527344,-21.2445068359375,189.36546748208474,-220.6921581771379,-21.24959648433224,1.1353336377601777,0.386948342454698,0.06884811353616191,3.6346682702250323e-05,15.638381026107828,21.876875543162335,nan,nan,nan
127.84,188.26622009277344,-220.44989013671875,-21.246700286865234,189.37410591053955,-220.69907022990782,-21.251112952580627,1.1355708589373572,0.3869937115213476,0.06886934655433109,3.560791906722714e-05,15.438654783195714,21.247468077703186,nan,0.41362242861039433,nan
127.85000000000001,188.2746124267578,-220.45681762695312,-21.248849868774414,189.36710529025248,-220.69739568919965,-21.25346711698193,1.1186776925469135,0.3869278503175232,0.06886279962252545,3.6298762299514125e-05,15.630485885379684,21.1829043907253,3.22173077877026,nan,nan
127.86,188.2830047607422,-220.46376037597656,-21.25095558166504,189.3757246007926,-220.70432068437034,-21.254485941832534,1.1188915828878334,0.3869730287851532,0.0688840271297779,3.556254164216568e-05,15.35955383704592,21.025413248969425,nan,0.9610947240356467,nan
127.87,188.29139709472656,-220.47073364257812,-21.253021240234375,189.38434108438588,-220.71127632940087,-21.256637583774882,1.1191069773068782,0.38701829303328034,0.06890531577068273,3.627468951302231e-05,15.33709362480878,20.55089277019269,nan,nan,nan
127.88000000000001,188.29978942871094,-220.4777069091797,-21.25504493713379,189.39295994858136,-220.7182438969936,-21.25821504180204,1.11932563518575,0.38706364317766234,0.06892666535417491,3.55400476108249e-05,15.224897526402712,21.05835713517862,nan,0.19499922770943798,nan
127.89,188.3081817626953,-220.48471069335938,-21.257028579711914,189.4015776649574,-220.7252343555935,-21.26028121400478,1.1195431259258635,0.38710907939165173,0.06894807634973109,3.625191816154856e-05,15.201116346723632,20.57993392860824,nan,nan,nan
127.9,188.3165740966797,-220.49171447753906,-21.25897216796875,189.38983412762968,-220.7224085424039,-21.261720596159833,1.0977770262927597,0.38704322996231816,0.06894145365489537,3.549726903273931e-05,15.164145253997653,20.77635958441585,4.476042087485049,0.1510889678103543,nan
127.91,188.32498168945312,-220.49874877929688,-21.260875701904297,189.39842220306994,-220.7294132719351,-21.26370251420406,1.097947464729421,0.3870884753732583,0.06896285850025316,3.620801749229329e-05,15.138292075855778,20.450402768536932,nan,nan,nan
127.92,188.3333740234375,-220.50579833984375,-21.26274299621582,189.4070176559584,-220.73641380851967,-21.263541929629646,1.0981324065612101,0.3871338066027831,0.06898432454655232,3.547722883860929e-05,14.902569713087392,20.100432882300538,nan,3.0436195790736176,nan
127.93,188.34176635742188,-220.5128631591797,-21.26457405090332,189.41560714028768,-220.74345152102003,-21.265428788168844,1.0983195118624838,0.3871792238245404,0.06900585222224416,3.618778004696539e-05,14.87171199428758,20.104191573393955,nan,nan,nan
127.94,188.35015869140625,-220.5199432373047,-21.266366958618164,189.42419838334075,-220.75050259975887,-21.266972141988845,1.0985077358457485,0.3872247271538584,0.06902744139706492,3.545837561490812e-05,14.828769946443757,20.13454286585572,nan,0.06506769442859063,nan
127.95,188.3585662841797,-220.52703857421875,-21.268123626708984,189.39603976197344,-220.73719138278258,-21.268717449386717,1.0585441760730185,0.38715888898461237,0.06902074006357194,3.61464398294419e-05,15.220579273777764,20.059318201605,15.027793872930326,nan,nan
127.96000000000001,188.36695861816406,-220.53414916992188,-21.269847869873047,189.404582767697,-220.74422673888668,-21.26987382648691,1.0586767501696996,0.38720420130173455,0.06904232245197604,3.541924269872272e-05,15.178302104036769,19.844387828740746,nan,0.2657163393274156,nan
127.97,188.3753662109375,-220.54119873046875,-21.271535873413086,189.41312442808015,-220.7512448352953,-21.271611305372836,1.0588019121109866,0.3872495995329412,0.06906396668535354,3.6128618351384375e-05,15.140823316544724,19.991982286940484,nan,nan,nan
127.98,188.38375854492188,-220.54815673828125,-21.273189544677734,189.42166935940816,-220.7581745160291,-21.272496446577396,1.0589460827552541,0.3872950837935442,0.06908567266959577,3.540268525670016e-05,15.116329570922474,19.561619029284987,nan,0.46316009814434006,nan
127.99000000000001,188.3921661376953,-220.55499267578125,-21.274810791015625,189.43021241417026,-220.76500215496114,-21.274160547424035,1.059077181448846,0.387340654257206,0.06910744077955083,3.6111962812380116e-05,15.074441678427222,19.795974664297468,nan,nan,nan
128.0,188.4005584716797,-220.5616912841797,-21.27640151977539,189.4121628873456,-220.7610086623769,-21.275873562081983,1.0310534369204685,0.38727482674567965,0.06910065735126832,3.536585877432578e-05,14.89026950628641,19.728433766167626,6.487909729932432,0.0009889091170541867,nan
128.01,188.40896606445312,-220.56826782226562,-21.2779598236084,189.42066278423397,-220.76756990179194,-21.277476352377665,1.0311410211330285,0.38732020598313904,0.06912241800185044,3.6074189776309956e-05,14.847735118416153,19.72148829333526,nan,nan,nan
128.02,188.41737365722656,-220.57472229003906,-21.27948570251465,189.42916136926516,-220.7740090501818,-21.279767047023423,1.0312272621276173,0.3873656711712732,0.06914424064950994,3.535147849235965e-05,14.803184968309305,19.52994290126796,nan,0.3567777998191206,nan
128.03,188.42576599121094,-220.58103942871094,-21.280981063842773,189.43766336134377,-220.78031470214248,-21.28131715213029,1.0313326501368443,0.38741122248350707,0.06916612563743241,3.6059775713846694e-05,14.763600990507246,19.62327016340749,nan,nan,nan
128.04,188.43417358398438,-220.58724975585938,-21.282447814941406,189.44616927284542,-220.78648727935388,-21.28196835115289,1.031421880186326,0.3874568600355132,0.06918807291849728,3.5338147481793155e-05,14.72802880593796,19.203655371450363,nan,0.5238839182443192,nan
128.05,188.4425811767578,-220.59332275390625,-21.283885955810547,189.43383284576387,-220.77667432240875,-21.283455571536546,1.008066393751053,0.3873910426086045,0.06918120439677455,3.6024244519381826e-05,15.434035148333109,19.786796964867282,9.650512255719784,nan,nan
128.06,188.45098876953125,-220.59927368164062,-21.285295486450195,189.442318129656,-220.78256548699687,-21.284752809226894,1.0081319758120317,0.3874364887157,0.06920314354423114,3.53045148391513e-05,15.39782319080445,19.790949587491745,nan,0.017448481282931905,nan
128.07,188.4593963623047,-220.6051025390625,-21.28667449951172,189.45080421505332,-220.78833816322714,-21.286179662839043,1.0081989234858366,0.3874820208671881,0.0692251452444569,3.601194452364263e-05,15.35674872505112,19.90201019943003,nan,nan,nan
128.08,188.4678192138672,-220.61082458496094,-21.288028717041016,189.4592834881255,-220.79401327524096,-21.290246002867626,1.008248193518587,0.38752763917920297,0.06924720947789055,3.529318851062154e-05,15.450280426616835,19.879063317727734,nan,4.935720613570669,nan
128.09,188.47622680664062,-220.61642456054688,-21.28935432434082,189.46777270212826,-220.79955370292438,-21.291646071082493,1.0083178059269915,0.38757334382447445,0.06926933654680673,3.600066153366271e-05,15.418021671887967,19.905071606937316,nan,nan,nan
128.1,188.48463439941406,-220.62191772460938,-21.2906551361084,189.45873613826723,-220.79570938972745,-21.29115422168753,0.9894836984951731,0.38750753582370967,0.06926237952535463,3.52615508839219e-05,15.415314402858112,19.620167929729366,3.106998147662077,2.4072537831404626,nan
128.11,188.49305725097656,-220.62730407714844,-21.291929244995117,189.46720355327926,-220.8010070230609,-21.292485194649174,0.9895120215483513,0.3875530488004008,0.0692844977547727,3.596821457886289e-05,15.378825736998987,19.748306124659685,nan,nan,nan
128.12,188.50148010253906,-220.63258361816406,-21.293176651000977,189.4756655005382,-220.8062125115643,-21.296137152035723,0.9895417863155299,0.38759864785779596,0.06930667875226033,3.525210576823595e-05,15.581158783306208,19.966787778837688,nan,3.8285156838240817,nan
128.13,188.5098876953125,-220.63775634765625,-21.294401168823242,189.48413642094306,-220.8112959508478,-21.29744263443042,0.9895887144575224,0.38764433316796754,0.06932892279628057,3.595886330228774e-05,15.552922007324318,19.719678020394895,nan,nan,nan
128.14000000000001,188.518310546875,-220.642822265625,-21.29560089111328,189.4926073057325,-220.81627942797655,-21.299340744905308,0.98962394271645,0.3876901048480337,0.06935122990265802,3.5243564755431535e-05,15.654715670548962,20.137615205225867,nan,0.2643688761790724,nan
128.15,188.5267333984375,-220.64779663085938,-21.296775817871094,189.4802656487554,-220.81893508617054,-21.30062102365931,0.9687759848851273,0.387624305644571,0.06934418128861236,3.5928331379367766e-05,14.853741912038013,19.6702264046487,8.917278730217458,nan,nan
128.16,188.53515625,-220.6526641845703,-21.297927856445312,189.48869727351013,-220.82371842957215,-21.301391730544424,0.9687683090779056,0.3876698854280492,0.06936647884480554,3.5214655482843736e-05,14.745024880495276,19.74882171068011,nan,0.1553091493943014,nan
128.17000000000002,188.54359436035156,-220.65744018554688,-21.299057006835938,189.49712959748527,-220.82840663606598,-21.302607544693178,0.9687474294044921,0.3877155513831036,0.06938883965626454,3.592078345612856e-05,14.717487387100116,19.793319751900476,nan,nan,nan
128.18,188.55201721191406,-220.662109375,-21.30016326904297,189.5055653328095,-220.83299596132676,-21.303357079923074,0.9687447778840361,0.3877613036276734,0.06941126375924035,3.5207821193973055e-05,14.618284529666921,19.752060049226834,nan,0.13780603992094312,nan
128.19,188.56045532226562,-220.66683959960938,-21.301355361938477,189.51400184892762,-220.83756309636033,-21.304579432400576,0.9687145531488478,0.38780714233260216,0.06943375140183422,3.5914101049604585e-05,14.588716381527675,19.538901583013025,nan,nan,nan
128.2,188.56887817382812,-220.67160034179688,-21.30263328552246,189.53217250808845,-220.8395616229835,-21.304625618639584,0.9778297069465339,0.38774135121703435,0.06942660782670208,3.5180596457034566e-05,15.182284766919004,19.698071082360876,5.814131415450321,1.1232292834236508,nan
128.21,188.5773162841797,-220.67640686035156,-21.303997039794922,189.54064160907072,-220.8442011815647,-21.306008002391607,0.9778316111572342,0.3877869977923714,0.06944908518108586,3.588617124389707e-05,15.152794762407192,19.816622254602756,nan,nan,nan
128.22,188.58575439453125,-220.68125915527344,-21.305442810058594,189.54911127450154,-220.84888721008008,-21.307956317810326,0.9778353443528061,0.38783273057624695,0.06947162605124085,3.517534763247375e-05,15.190703025089661,19.836990474807184,nan,0.16171236473080627,nan
128.23,188.5941925048828,-220.6861572265625,-21.306970596313477,189.55758407552088,-220.8536138205171,-21.30951250212932,0.9778402172750574,0.38787854973854824,0.069494230667901,3.588111302254168e-05,15.16254684049634,19.75102816382147,nan,nan,nan
128.24,188.60263061523438,-220.69110107421875,-21.30858039855957,189.56606229731625,-220.85837628051885,-21.30986954402246,0.9778462366741913,0.3879244553986426,0.06951689909316382,3.517085931093499e-05,15.001553353463496,19.495078765801495,nan,1.149534421320903,nan
128.25,188.611083984375,-220.6960906982422,-21.310270309448242,189.58526187793012,-220.87396629350937,-21.31152738225635,0.9902847448664422,0.38785867168960964,0.069509657394929,3.585478088478674e-05,14.36093513317906,19.346570308738585,5.167301412478983,nan,nan
128.26,188.61952209472656,-220.70111083984375,-21.31203842163086,189.59374661539456,-220.87884819941536,-21.313063246089413,0.9903055265540314,0.38790438498307755,0.06953231478640363,3.5145909541446245e-05,14.31723265299139,19.42599983134492,nan,0.04474037964728602,nan
128.27,188.62796020507812,-220.7061767578125,-21.313886642456055,189.60223233534836,-220.8837726577773,-21.3149295479925,0.9903270041544735,0.3879501845723458,0.06955503612870917,3.585122372845343e-05,14.288771484179403,19.237848311788078,nan,nan,nan
128.28,188.63641357421875,-220.71127319335938,-21.315813064575195,189.6107180871334,-220.8887409870176,-21.31747162353927,0.9903367369181019,0.38799607057784324,0.06957782149858034,3.514283923298482e-05,14.306056256826526,19.782473271804683,nan,0.24929923666973872,nan
128.29,188.64486694335938,-220.71641540527344,-21.317813873291016,189.61920716194697,-220.89374697428434,-21.319500963447986,0.9903475113304406,0.3880420431678708,0.06960067110496493,3.5848386003937655e-05,14.277201357422339,19.650726856474765,nan,nan,nan
128.3,188.65330505371094,-220.7216033935547,-21.31989288330078,189.61387147269332,-220.90502483611982,-21.322293542353474,0.9779248611387266,0.3879762661098702,0.06959332794418721,3.5119278823646565e-05,13.070065469490059,18.911141388858717,16.645238625988522,0.34598521739283755,nan
128.31,188.66175842285156,-220.72683715820312,-21.322046279907227,189.62231897897215,-220.91014270432882,-21.324483071362224,0.9778974604567284,0.3880220460912718,0.06961616574747861,3.582419717406806e-05,13.041831283726374,18.956383386447488,nan,nan,nan
128.32,188.6702117919922,-220.73208618164062,-21.32427406311035,189.63076775084684,-220.9152992625848,-21.326748184359165,0.9778757100962246,0.38806791241806693,0.06963906781884041,3.6543416795259824e-05,13.011490368668902,19.66429286972558,nan,nan,nan
128.33,188.6786651611328,-220.73739624023438,-21.326574325561523,189.63921764883133,-220.9204940075608,-21.329087982315517,0.977850802778222,0.38811386523475583,0.06966203430277278,3.7277082187421855e-05,12.9837690155126,18.929422780556674,nan,nan,nan
128.34,188.68711853027344,-220.74273681640625,-21.328943252563477,189.64767090674547,-220.92572326099565,-21.330669124312237,0.9778281472134266,0.38815990467389316,0.06968506531828557,3.648388021595617e-05,12.865574898602954,19.042223210302872,nan,0.44746356045543667,nan
128.35,188.69557189941406,-220.74810791015625,-21.331321716308594,189.6484148088718,-220.91646518663856,-21.333221240221768,0.9676039431707109,0.3880941335365362,0.06967761748535437,3.7192384322638945e-05,13.985416829366786,19.606530527552458,13.430748511116235,nan,nan
128.36,188.7040252685547,-220.75350952148438,-21.333683013916016,189.65687607248572,-220.9217251780609,-21.335208810928894,0.9675864249388817,0.3881399801213319,0.0697006359190565,3.640367810853734e-05,13.922079646546553,19.686567446101158,nan,0.1351893954763081,nan
128.37,188.71249389648438,-220.75897216796875,-21.33601188659668,189.66533723189175,-220.9270236022734,-21.337622848064704,0.9675506713340468,0.38818591312417705,0.0697237189925209,3.71336024922842e-05,13.899636954622009,19.220563830996433,nan,nan,nan
128.38,188.720947265625,-220.7644500732422,-21.338300704956055,189.6737995736212,-220.93235790520907,-21.33992330307371,0.9675345956161855,0.38823193266680184,0.06974686680738086,3.6348288857173523e-05,13.872454266316964,19.546492046903918,nan,0.004059633483538625,nan
128.39000000000001,188.72940063476562,-220.7699737548828,-21.34054946899414,189.68226263865765,-220.93772809239735,-21.34226240006825,0.9675176744374888,0.38827803891611906,0.06977007954855263,3.7076930710092236e-05,13.85055835034995,19.175297162794063,nan,nan,nan
128.4,188.7378692626953,-220.77552795410156,-21.34275245666504,189.69324537376266,-220.9568960296095,-21.345903823825356,0.9724442521433364,0.3882122729015789,0.06976252372592368,3.627242051487278e-05,12.791200493821073,19.5224891263068,15.43893914442948,1.1043989745524554,nan
128.41,188.74632263183594,-220.78111267089844,-21.34491539001465,189.7016924065402,-220.9623822396711,-21.348173489021907,0.9724200112043234,0.3882581860458386,0.06978572308540117,3.699894622140005e-05,12.77380718902034,19.25115225101611,nan,nan,nan
128.42000000000002,188.75479125976562,-220.78672790527344,-21.347034454345703,189.71013953307786,-220.96790365600862,-21.35070678674379,0.9723828782945403,0.38830418564656405,0.06980898739162322,3.6221103012975534e-05,12.827795696433014,19.733591121034,nan,0.06138292276257989,nan
128.43,188.7632598876953,-220.79238891601562,-21.349109649658203,189.7185882411503,-220.9734580135283,-21.352896543045336,0.9723438802967658,0.3883502718692255,0.06983231682069654,3.6946510042469266e-05,12.813419322588127,19.379952001994056,nan,nan,nan
128.44,188.77171325683594,-220.79808044433594,-21.351146697998047,189.7270365798311,-220.97904718606597,-21.355477851878337,0.9723221544142794,0.388396444837707,0.06985571148740932,3.617176046375781e-05,12.914169064207499,19.196756738980874,nan,0.12322628089428049,nan
128.45,188.78018188476562,-220.80380249023438,-21.35314178466797,189.70452974725862,-220.97037417229294,-21.357421469247527,0.9392461934228344,0.38833068317162944,0.06984804443913648,3.687291631200065e-05,12.888313609836777,19.692281290370005,9.918654001540533,nan,nan
128.46,188.7886505126953,-220.80955505371094,-21.3550968170166,189.7129352155962,-220.97599767872418,-21.3582013600528,0.939156535208762,0.38837666278087446,0.06987142491352442,3.610212710880809e-05,12.627860566246218,19.490007800976013,nan,1.1051223071717418,nan
128.47,188.79710388183594,-220.8153533935547,-21.357011795043945,189.72133805812157,-220.98165708461127,-21.360221253909376,0.9390825474364021,0.3884227289266694,0.06989487070441354,3.6824607999338584e-05,12.611972968093637,18.77613699324802,nan,nan,nan
128.48,188.80557250976562,-220.8211669921875,-21.358890533447266,189.72974486720219,-220.98734489619207,-21.360876718671236,0.9389960526865628,0.3884688817343162,0.06991838193360853,3.6056717883191865e-05,12.410856239574551,19.315380177496124,nan,1.169647634392094,nan
128.49,188.8140411376953,-220.82701110839844,-21.36073112487793,189.7381488861906,-220.99306782161605,-21.36280898651524,0.9389112206926976,0.3885151213671671,0.06994195876674203,3.677829582775014e-05,12.388032943346753,19.35035185666216,nan,nan,nan
128.5,188.822509765625,-220.83290100097656,-21.36253547668457,189.7585228316236,-221.0063085393645,-21.362853616049097,0.9519405103799878,0.388449363213867,0.06993417719456671,3.59911298427178e-05,12.084397159715214,18.632321710215475,2.64446422918283,2.6526647707827684,nan
128.51,188.8309783935547,-220.83880615234375,-21.364303588867188,189.7669436391768,-221.0121102809718,-21.36469748943682,0.9518746856438736,0.38849540922847725,0.06995773900619379,3.671097132338746e-05,12.055066312593663,19.096136888600814,nan,nan,nan
128.52,188.83944702148438,-220.84475708007812,-21.36603546142578,189.77536731817142,-221.0179401556178,-21.36554906515541,0.9518084975379633,0.38854154182031886,0.06998136645257753,3.594953117923361e-05,12.028203997237878,18.608486046529794,nan,0.6131839990755714,nan
128.53,188.84791564941406,-220.85072326660156,-21.367734909057617,189.78378919409954,-221.02380221519562,-21.36731497121836,0.9517435528735528,0.38858776115136484,0.0700050596938735,3.666860705906534e-05,11.99594567605044,18.98256796685776,nan,nan,nan
128.54,188.85638427734375,-220.8567352294922,-21.36939811706543,189.79221201884906,-221.02969371576134,-21.368910053947765,0.9516766456885692,0.3886340673489768,0.07002881886008093,3.5909772273225225e-05,11.968859234335142,18.528150875522496,nan,0.012719140612675584,nan
128.55,188.86485290527344,-220.86276245117188,-21.371028900146484,189.7963692494529,-221.02928859084918,-21.370566907459363,0.9462842427656469,0.38856831189210733,0.0700209195132451,3.6605317773895826e-05,12.367244384720463,19.008730437784003,2.00683382838501,nan,nan
128.56,188.8733367919922,-220.86874389648438,-21.37262725830078,189.80480034690962,-221.03517774664797,-21.36919637957224,0.9462221470397649,0.3886144242091443,0.07004466281692416,3.5849925929916035e-05,12.655828255930956,19.643130478154887,nan,6.20005643757643,nan
128.57,188.88180541992188,-220.87464904785156,-21.374195098876953,189.81322475845795,-221.04100989133045,-21.370801172664486,0.9461656478530167,0.38866062317877237,0.07006847210342708,3.656675494851482e-05,12.608107541293476,19.11041347787798,nan,nan,nan
128.58,188.89027404785156,-220.88046264648438,-21.375730514526367,189.82164720325582,-221.04675402060124,-21.37344772768965,0.9461046384143266,0.388706908929682,0.07009234750693273,3.581378171872695e-05,12.40418698731084,18.733473911061115,nan,0.7749507649911705,nan
128.59,188.89874267578125,-220.88616943359375,-21.377235412597656,189.83007273039328,-221.05239399930954,-21.375002530513203,0.9460503488892439,0.38875328162186085,0.07011628918134677,3.653002291314732e-05,12.360440232432017,18.731182661906313,nan,nan,nan
128.6,188.9072265625,-220.89175415039062,-21.37870979309082,189.83051551755838,-221.06881586465877,-21.376334170537916,0.9401164761745687,0.3886875279926368,0.07010826878168971,3.5757606228012604e-05,11.066124730322894,19.33792152882014,17.814973606177205,0.013046425178789296,nan
128.61,188.9156951904297,-220.89723205566406,-21.380155563354492,189.8389064414765,-221.07428218802846,-21.377828909486578,0.9400378592098756,0.38873370653729106,0.07013219373608509,3.647242339783801e-05,11.020667971025693,18.870293164915577,nan,nan,nan
128.62,188.92416381835938,-220.90261840820312,-21.381572723388672,189.84729818747223,-221.0796401399627,-21.379276591924853,0.9399569294240299,0.3887799717772879,0.07015618499556593,3.5724924872414906e-05,10.985374305795247,18.295110007976422,nan,0.000248893331168815,nan
128.63,188.93264770507812,-220.9078826904297,-21.38296127319336,189.85569087912046,-221.08489097319654,-21.38071583183281,0.9398647111798162,0.38882632387134547,0.0701802427109549,3.643926703940504e-05,10.93999132168127,19.098885273117606,nan,nan,nan
128.64000000000001,188.9411163330078,-220.9130401611328,-21.384321212768555,189.7376650760461,-221.085791237736,-21.38275239790257,0.8150676632547399,0.37961073747681306,0.07019391926636037,3.569386518868776e-05,9.40633059879534,17.322889937612395,nan,0.2718786656287711,1.7254951076402714
128.65,188.94960021972656,-220.91810607910156,-21.385656356811523,189.7655940279997,-221.10210203333298,-21.384124845635487,0.8364823679194358,0.37953590110552715,0.07018557723002239,3.6385235501085055e-05,9.179121455029588,17.071988742527708,3.8405673608966033,nan,nan
128.66,188.9580841064453,-220.92306518554688,-21.386962890625,189.77393222515033,-221.10714188471547,-21.387559404677262,0.8363568256434224,0.3795764312613202,0.07021005023602997,3.564283925034314e-05,9.085474217570873,17.26309212168758,nan,2.911742014681381,nan
128.67000000000002,188.96656799316406,-220.9279327392578,-21.38824462890625,189.78231227294378,-221.1120808987499,-21.388920541063012,0.836271326481365,0.3796170469879259,0.07023458346573619,3.63554877317087e-05,9.049834204618772,16.921243235415176,nan,nan,nan
128.68,188.9750518798828,-220.9326934814453,-21.38949966430664,189.7907102913285,-221.11692159571584,-21.389399845438803,0.8362049104218393,0.3796577473047946,0.07025917706285334,3.561505857578511e-05,8.998718435170193,17.23333149295558,nan,0.500745030256317,nan
128.69,188.98353576660156,-220.93736267089844,-21.390729904174805,189.79909295581587,-221.1216666892279,-21.39070357687332,0.8361228981104697,0.37969853346351884,0.07028383117249903,3.632737525304703e-05,8.960251870570366,17.045145369052154,nan,nan,nan
128.7,188.9920196533203,-220.9419403076172,-21.391937255859375,189.81201994595156,-221.12934424696203,-21.392413770622785,0.8411426415677791,0.37962387776614864,0.07027536824217195,3.556728222719667e-05,8.85972066419309,16.82538539273643,1.7777953016102879,0.2598131693764365,nan
128.71,189.00050354003906,-220.94642639160156,-21.393117904663086,189.8204092047182,-221.13391011720987,-21.39367277496702,0.8410682220973318,0.3796644963446106,0.0702999992987887,3.627842656075433e-05,8.824321898049698,16.873180264237803,nan,nan,nan
128.72,189.0089874267578,-220.95082092285156,-21.394277572631836,189.82879154224065,-221.13838598486,-21.39535264410525,0.8409878691321919,0.3797051994804632,0.07032469096639837,3.554256870603496e-05,8.810934053747477,16.832392419164826,nan,0.13474002294476237,nan
128.73,189.01747131347656,-220.95513916015625,-21.39541244506836,189.83718354391263,-221.1427731970199,-21.396570789468885,0.8409137971742225,0.3797459883541982,0.0703494433896507,3.62534720407965e-05,8.779309484156876,16.435500514980053,nan,nan,nan
128.74,189.02597045898438,-220.95936584472656,-21.39652442932129,189.84560642619448,-221.1470733088883,-21.396174074859143,0.8408551204546032,0.3797868620917741,0.0703742567129504,3.5519325617717485e-05,8.708790453394784,16.853839839974256,nan,1.7386898103543031,nan
128.75,189.03445434570312,-220.9635009765625,-21.397615432739258,189.85620855769247,-221.1496478524068,-21.39735191734387,0.8425738624887311,0.3797123871153039,0.07036567023826151,3.6207683148479145e-05,8.921816144665843,16.624714444507486,1.2200705709738986,nan,nan
128.76,189.04295349121094,-220.96755981445312,-21.398685455322266,189.8646313687374,-221.15377272258888,-21.397749816058717,0.8425144847381617,0.3797530931536721,0.07039045985781425,3.547605604178269e-05,8.908240141327502,16.653598611910407,nan,0.3767029719976678,nan
128.77,189.05145263671875,-220.97152709960938,-21.39973258972168,189.87304240110515,-221.15781606460413,-21.39886040806092,0.842445298001106,0.37979388482600235,0.07041531047259479,3.618570913881086e-05,8.867576731280417,17.02903520559996,nan,nan,nan
128.78,189.05995178222656,-220.97543334960938,-21.400758743286133,189.88147488270323,-221.16177976239976,-21.398848534721832,0.8423947050364224,0.3798347613273295,0.07044022222709388,3.545563691032114e-05,8.914343017421697,16.438268818763053,nan,0.8356973086378218,nan
128.79,189.06845092773438,-220.97938537597656,-21.401872634887695,189.88988925401733,-221.1657311671451,-21.3999623093087,0.8423118942034467,0.3798757237346362,0.07046519526583302,3.616516143845807e-05,8.882508089135504,16.70135379231604,nan,nan,nan
128.8,189.0769500732422,-220.98338317871094,-21.403072357177734,189.91941305714337,-221.1811269523026,-21.402864982763464,0.8653591868363738,0.37980142739394535,0.07045648258695834,3.541517932111727e-05,8.637048779696045,16.84680749670978,4.251506176116965,2.150061945648458,nan
128.81,189.08544921875,-220.98744201660156,-21.40435791015625,189.92785771455067,-221.18520935343187,-21.40416963504059,0.8653115212232054,0.37984222193981637,0.07048143125559568,3.6123729578765836e-05,8.607222750204533,16.508911532605506,nan,nan,nan
128.82,189.0939483642578,-220.99154663085938,-21.405729293823242,189.93626107444376,-221.18934386062685,-21.408042131140736,0.8652281751428033,0.3798831012780981,0.07050644129982415,3.539741367652084e-05,8.727325458844676,16.832925335229195,nan,4.25054420390713,nan
128.83,189.1024627685547,-220.99571228027344,-21.407180786132812,189.94470868100035,-221.19353127299715,-21.40954200946704,0.86516825316772,0.3799240664191698,0.07053151286437302,3.610590692424934e-05,8.70087880985029,16.863549845697154,nan,nan,nan
128.84,189.1109619140625,-220.9999237060547,-21.408716201782227,189.9531566268619,-221.19777005621,-21.41118215272502,0.8651249582870049,0.3799651166578465,0.07055664609343387,3.538091663686833e-05,8.688873441488928,16.685053758444543,nan,0.0022185331204219384,nan
128.85,189.11947631835938,-221.0041961669922,-21.41033363342285,189.95862494878912,-221.19999166672585,-21.412808042751706,0.8616916063010027,0.3798909986783734,0.07054780454343178,3.6067178413075165e-05,8.726791923808962,16.52052894680118,0.20847052073196343,nan,nan
128.86,189.1279754638672,-221.0084991455078,-21.412031173706055,189.96711213225123,-221.20432800626114,-21.412280995907818,0.8616840217514472,0.37993188091815466,0.07057291272059363,3.534431667897457e-05,8.52886316639156,16.74973934145903,nan,3.582014773057314,nan
128.87,189.13648986816406,-221.0128631591797,-21.413806915283203,189.9755623962246,-221.20871307584648,-21.4140872494359,0.8616263550933967,0.3799728488579389,0.070598082650569,3.605190428276503e-05,8.4998386202326,16.648511973746352,nan,nan,nan
128.88,189.14500427246094,-221.01727294921875,-21.41566276550293,189.98398331794226,-221.21314621712077,-21.41783738434917,0.8615433272926524,0.380013901856275,0.07062331447712691,3.533023025409099e-05,8.601935063554329,16.80469352649413,nan,2.406480694548628,nan
128.89000000000001,189.1535186767578,-221.02174377441406,-21.41759490966797,189.99243590030875,-221.21762897663925,-21.41982135780712,0.8614859705720863,0.38005504082803626,0.07064860834561391,3.603784672077277e-05,8.577253668425815,16.394155308907234,nan,nan,nan
128.9,189.1620330810547,-221.0262451171875,-21.419605255126953,189.99764316023862,-221.22166099580485,-21.422369886700217,0.8581603656877386,0.37998109914562234,0.07063963525083566,3.529601135179086e-05,8.552635347479505,17.029639842128304,0.2556204237083674,0.159672388094528,nan
128.91,189.17054748535156,-221.0308074951172,-21.421689987182617,190.00608955178816,-221.22623972462728,-21.424514290146963,0.8580980583847432,0.3800220699406355,0.07066490337074874,3.600280559798542e-05,8.52915244750647,16.57155217453526,nan,nan,nan
128.92000000000002,189.17906188964844,-221.035400390625,-21.423851013183594,190.01452901949963,-221.230864986389,-21.427235944804906,0.8580344929086845,0.38006312575314305,0.07069023361558509,3.528416951930249e-05,8.602602743112929,17.163563175711936,nan,0.17423170260807574,nan
128.93,189.1875762939453,-221.04005432128906,-21.426084518432617,190.02297725299087,-221.2355369611124,-21.42953704317374,0.8579744429606404,0.38010426743743886,0.07071562613126582,3.599104776766838e-05,8.580699556815063,16.657124492669414,nan,nan,nan
128.94,189.1960906982422,-221.04473876953125,-21.42839241027832,190.03146354095367,-221.2402566492035,-21.42949100639916,0.8579488530937186,0.3801454944428384,0.07074108106072205,3.527339835698284e-05,8.254223333216586,16.82271562864444,nan,4.075674842896052,nan
128.95,189.20460510253906,-221.0494842529297,-21.430713653564453,190.04615166268786,-221.24621423786257,-21.43180072918015,0.8642363574875597,0.38007172848317866,0.07073197374468508,3.595827056411942e-05,8.382271129470533,16.152183236116645,1.132580417452042,nan,nan
128.96,189.21311950683594,-221.05426025390625,-21.433019638061523,190.05458885689006,-221.25101997182009,-21.43607446776661,0.8641726596338098,0.3801127871559751,0.07075740221374287,3.5242410107556136e-05,8.585276147020524,16.810473713924818,nan,2.4593510194288792,nan
128.97,189.22164916992188,-221.05909729003906,-21.43529510498047,190.06305481069822,-221.25587131115807,-21.438465166208477,0.8641142962628177,0.38015393159954286,0.07078289317893804,3.5948644116451096e-05,8.572022342841024,16.464332767186598,nan,nan,nan
128.98,189.23016357421875,-221.06396484375,-21.437532424926758,190.07153992471285,-221.2607672380833,-21.439553678481886,0.8640887865561204,0.3801951613203906,0.07080844678253069,3.52336516401605e-05,8.380072718024064,16.423879113715174,nan,1.1218087053468981,nan
128.99,189.23867797851562,-221.06887817382812,-21.439727783203125,190.08000699755738,-221.26570494906994,-21.441860426045004,0.8640485205700773,0.38023647708710345,0.07083406317142371,3.594003311300589e-05,8.36267159276002,16.33981465521879,nan,nan,nan
129.0,189.24720764160156,-221.07382202148438,-21.441883087158203,190.08927857094207,-221.26753148914258,-21.444230205374627,0.8640673103785005,0.38016288480071864,0.07082481895143336,3.520463689354415e-05,8.666705539998993,16.888548383786347,1.7252900498982513,0.014986161191259341,nan
129.01,189.25572204589844,-221.07882690429688,-21.443994522094727,190.09775880514118,-221.2725430491151,-21.446456603361828,0.8640358271063886,0.3802040320420825,0.07085040815386047,3.5910309563463405e-05,8.65205302040474,15.985277880639302,nan,nan,nan
129.02,189.2642364501953,-221.0838623046875,-21.44606590270996,190.10624601202278,-221.2775966170847,-21.448172209698917,0.8640124550826972,0.3802452645147569,0.07087606021563185,3.519773544147331e-05,8.581508778225038,16.22251917685663,nan,0.15424685648040806,nan
129.03,189.27276611328125,-221.08892822265625,-21.448095321655273,190.11472700808974,-221.28269072866976,-21.450312998446442,0.863971628708783,0.3802865829336667,0.07090177528437472,3.590359704043743e-05,8.563309605632048,16.875507895109212,nan,nan,nan
129.04,189.28128051757812,-221.09405517578125,-21.450084686279297,190.1231906237699,-221.28782401536,-21.453718969491604,0.8639283524193349,0.3803279868857315,0.07092755350129056,3.519171827624702e-05,8.774901552504046,16.062473667351373,nan,1.188934279965097,nan
129.05,189.28981018066406,-221.09921264648438,-21.452035903930664,190.1499844022891,-221.29995694660715,-21.455743513353834,0.8832959367888373,0.3802545674233875,0.07091816969760849,3.5875729321165876e-05,8.909660152546964,16.530990941475178,3.5165650546406124,nan,nan
129.06,189.29833984375,-221.10440063476562,-21.453947067260742,190.15849622515114,-221.30518188381154,-21.45805826384338,0.883288748015553,0.3802958026761362,0.07094391998726572,3.5165350504294e-05,8.978661855023097,16.953110250090212,nan,0.05438229090269288,nan
129.07,189.30685424804688,-221.10964965820312,-21.455820083618164,190.16701229886473,-221.3104464457619,-21.46005954245127,0.883294512205243,0.38033712377621753,0.07096973350192681,3.587076009429731e-05,8.97307113219997,15.91819223148944,nan,nan,nan
129.08,189.3153839111328,-221.1149139404297,-21.45765495300293,190.17553404803257,-221.3157502411846,-21.461639474223382,0.8832946021112933,0.38037853036058306,0.07099561038205297,3.5160976809013086e-05,8.895168595383577,16.90969757876687,nan,0.10348911195930208,nan
129.09,189.3238983154297,-221.12022399902344,-21.459453582763672,190.18405122244826,-221.32109162276566,-21.463564183951558,0.8833049998513973,0.38042002306917433,0.07102155077635523,3.5866620333916645e-05,8.887682353956611,16.33314872670176,nan,nan,nan
129.1,189.33242797851562,-221.12557983398438,-21.461217880249023,190.20298399678558,-221.33389261919604,-21.46679606249916,0.89514977157227,0.38034677438750525,0.07101202470245235,3.513620971821102e-05,9.09313957303014,16.659136122927432,1.8210432567475563,1.396156669284729,nan
129.11,189.34095764160156,-221.13096618652344,-21.46294403076172,190.21151012181278,-221.33932621265944,-21.468663914513932,0.895158219737403,0.3803880981897451,0.07103793641501202,3.5841226196624295e-05,9.093002805681998,16.986643304629997,nan,nan,nan
129.12,189.34947204589844,-221.13638305664062,-21.464637756347656,190.22005563596065,-221.34479861029118,-21.46897605412616,0.8951936388942275,0.380429507425211,0.07106391170669799,3.513333805109592e-05,8.688669733146737,16.469011463120925,nan,1.6231158651516513,nan
129.13,189.35800170898438,-221.141845703125,-21.466299057006836,190.22858223866527,-221.35030527324105,-21.470762022119274,0.8952015242893787,0.38047100268747375,0.07108995072694939,3.5838618820471887e-05,8.681829344095446,16.29181511172519,nan,nan,nan
129.14000000000001,189.3665313720703,-221.1473388671875,-21.467924118041992,190.23712369326032,-221.35584943617746,-21.47131012414665,0.8952201473005714,0.3805125836829842,0.07111605361516209,3.513118096850271e-05,8.425179227006561,16.328718219142743,nan,1.0181950710478858,nan
129.15,189.37506103515625,-221.15284729003906,-21.469518661499023,190.20690825404816,-221.34225158422083,-21.472905708356684,0.8531443338141055,0.3804395046841749,0.07110638259376655,3.581471299509542e-05,8.457853237169529,15.754195593774794,13.680842949159489,nan,nan
129.16,189.38357543945312,-221.15829467773438,-21.471080780029297,190.21537536684335,-221.34775228454978,-21.474843900567212,0.8531116369284757,0.3804809165816732,0.0711324560315431,3.510853421036543e-05,8.511045468882477,15.828493951647786,nan,0.04814077644245429,nan
129.17000000000002,189.39210510253906,-221.1636505126953,-21.472612380981445,190.22384591670965,-221.35318721185712,-21.47649239057218,0.8530720935306276,0.3805224144092835,0.07115859340863408,3.581349908063407e-05,8.495776719210445,16.475414541113906,nan,nan,nan
129.18,189.400634765625,-221.16893005371094,-21.47411346435547,190.23233658508215,-221.3585383331015,-21.476424086973214,0.8530442867041959,0.380563997916179,0.07118479486374278,3.510768857997816e-05,8.196152115156313,15.575938078872378,nan,1.9968712844825351,nan
129.19,189.40916442871094,-221.17410278320312,-21.475584030151367,190.24080814532437,-221.36379174282854,-21.477996645315084,0.8530058578335179,0.3806056676318955,0.07121106054732287,3.581294793107949e-05,8.174527816322525,15.874814755655997,nan,nan,nan
129.2,189.41769409179688,-221.17918395996094,-21.477025985717773,190.24960753022657,-221.3647086299949,-21.478761445954063,0.8523510920115972,0.38053275626912386,0.07120124189351955,3.508631127092513e-05,8.42466215701629,15.355302289661818,3.2665067674305996,0.27127749903265885,nan
129.21,189.42620849609375,-221.1841583251953,-21.478439331054688,190.25809319890536,-221.36975045425493,-21.4802683732525,0.8523379274303106,0.38057425666600364,0.07122747734477865,3.5791000030880636e-05,8.401110271827648,15.307866378918344,nan,nan,nan
129.22,189.4347381591797,-221.1890411376953,-21.47982406616211,190.2666027722821,-221.3746967717916,-21.479630050536027,0.8523302098634116,0.38061584268605464,0.07125377708051803,3.5086652114440364e-05,8.277671810859502,15.243825677413266,nan,3.1516736654437882,nan
129.23,189.44326782226562,-221.19381713867188,-21.48118019104004,190.27508947999397,-221.3795421556664,-21.48106192816705,0.8523033885827561,0.38065751481968435,0.07128014125183167,3.5791656921446646e-05,8.245385783562146,15.571889635201986,nan,nan,nan
129.24,189.45179748535156,-221.19851684570312,-21.48250961303711,190.28356832496988,-221.3842902709628,-21.483267316554784,0.8522646709131425,0.3806992728747224,0.07130656999648512,3.508755753466893e-05,8.231455169181768,14.913226095876796,nan,0.44951031506376743,nan
129.25,189.4603271484375,-221.20310974121094,-21.483814239501953,190.29440669587143,-221.39369535787873,-21.484696964901726,0.8555772016202645,0.3806265278282676,0.07129660104076312,3.5770875395123575e-05,7.9399300280812435,15.303376328420732,1.5427489366104494,nan,nan
129.26,189.46885681152344,-221.20761108398438,-21.485092163085938,190.30288692789892,-221.39827126438803,-21.486282325064394,0.8555459987039842,0.38066811635563924,0.07132299875757675,3.506783853275666e-05,7.928010534708453,15.32471525446958,nan,0.034717872698398766,nan
129.27,189.47740173339844,-221.21202087402344,-21.486343383789062,190.31137036672465,-221.40275710487177,-21.487623143324935,0.8555031437199283,0.3807097909020397,0.07134946111343733,3.5772619202190345e-05,7.902396026463162,15.677044923104708,nan,nan,nan
129.28,189.48593139648438,-221.21633911132812,-21.487571716308594,190.31986977280343,-221.40715660262467,-21.48745374490523,0.8554908207570775,0.3807515513109282,0.07137598824553525,3.506976516109893e-05,7.82650850160992,15.351490173388399,nan,1.5528209968351938,nan
129.29,189.4944610595703,-221.2205810546875,-21.488773345947266,190.32835502091936,-221.41146672955523,-21.48873184788919,0.8554627293846326,0.38079339801930123,0.07140258030580761,3.57748804977854e-05,7.796629225974561,15.060713901645641,nan,nan,nan
129.3,189.50299072265625,-221.2247314453125,-21.489952087402344,190.33940423706966,-221.41780392721225,-21.491436995032828,0.858409433377213,0.38072081722932594,0.07139245837039873,3.505102913768308e-05,7.777254585680409,15.325586172853901,0.2955933592670724,1.3594888725588186,nan
129.31,189.51153564453125,-221.2288055419922,-21.491107940673828,190.34789278325965,-221.4219503515613,-21.49268433975712,0.8583709372989723,0.38076249417584057,0.07141901859459299,3.575561066941822e-05,7.754166953426216,15.31826536192871,nan,nan,nan
129.32,189.5200653076172,-221.23280334472656,-21.492238998413086,190.35637206674554,-221.4260129799203,-21.494988103133732,0.8583393944543287,0.3808042569238648,0.0714456437943604,3.505386933050942e-05,7.871708413780076,15.037795161510298,nan,0.8189331658323157,nan
129.33,189.5286102294922,-221.23670959472656,-21.493349075317383,190.36486263711976,-221.4299970864519,-21.49620219914846,0.858304307361888,0.38084610587814716,0.07147233412213977,3.5758800341057796e-05,7.853985391170646,15.63153985101896,nan,nan,nan
129.34,189.5371551513672,-221.24053955078125,-21.494436264038086,190.37336922713675,-221.43390511412994,-21.495769530154615,0.8582808393543667,0.38088804093050044,0.07149908971438587,3.505714507758542e-05,7.64762449622797,15.3664707308582,nan,1.8594594276332161,nan
129.35,189.54568481445312,-221.24429321289062,-21.495502471923828,190.37677150218417,-221.42933669040798,-21.496978776311398,0.8514389881665738,0.38081562288144016,0.07148881214250732,3.574042213576143e-05,8.085035458082961,14.987630379052536,3.9129412450348258,nan,nan
129.36,189.55422973632812,-221.24798583984375,-21.49654769897461,190.38529862092565,-221.43307081455595,-21.495320951019405,0.8514302342065022,0.3808573879465402,0.07151553507741483,3.503967255902095e-05,8.039074889409306,14.719752073134185,nan,5.499722481639845,nan
129.37,189.56277465820312,-221.2515869140625,-21.49757194519043,190.39380171716934,-221.43672577999735,-21.49640933395806,0.851401035986305,0.38089923912526447,0.07154232333656099,3.574443715488214e-05,8.004880352595407,15.27488478719805,nan,nan,nan
129.38,189.57131958007812,-221.255126953125,-21.49857521057129,190.4023013921194,-221.44030718929548,-21.497987796966203,0.85136527816578,0.3809411763384442,0.07156917705597764,3.504372244094336e-05,7.948876381492927,14.884265240474486,nan,0.1828775765581446,nan
129.39000000000001,189.57986450195312,-221.2585906982422,-21.499557495117188,190.4108066233192,-221.44381834816178,-21.499042723778913,0.851336805468084,0.3809831999473203,0.07159609638872436,3.574884637806093e-05,7.91816983317272,15.071570100275032,nan,nan,nan
129.4,189.58840942382812,-221.26211547851562,-21.500629425048828,190.391923581028,-221.44627721131963,-21.500116380959312,0.824348717391039,0.38091094255753527,0.07158566051525483,3.502699144557355e-05,7.038772204851512,15.238702648081969,21.53512913601497,0.0012039071695609885,nan
129.41,189.59695434570312,-221.2657012939453,-21.501787185668945,190.4003576828549,-221.44985483677843,-21.501294661218076,0.8242388561969846,0.38095279593196507,0.07161254635714351,3.5731603543373306e-05,7.014630684868745,15.167239914120952,nan,nan,nan
129.42000000000002,189.6055145263672,-221.26934814453125,-21.50303077697754,190.40880238481301,-221.45349287195936,-21.501431905663193,0.8241257310359473,0.3809947352753091,0.07163949785157396,3.503172496977951e-05,7.05720408133717,15.436541031974272,nan,0.8972357692902484,nan
129.43,189.6140594482422,-221.27304077148438,-21.50436019897461,190.41723901072012,-221.45718659916034,-21.50277223380744,0.8240203984526637,0.3810367609228601,0.07166651515194773,3.5736706201476276e-05,7.030996730950978,15.428684540136395,nan,nan,nan
129.44,189.6226043701172,-221.27679443359375,-21.50577163696289,190.42568381351407,-221.46093890119332,-21.503304179387683,0.8239246723463615,0.38107887283436714,0.07169359839379423,3.5036785954032035e-05,7.110813952351986,15.43845730423232,nan,0.5624764590046446,nan
129.45,189.63116455078125,-221.28060913085938,-21.507266998291016,190.40991669118864,-221.4488680595451,-21.504708657937748,0.7967261187992561,0.38100677441720876,0.07168300157939025,3.572012640318181e-05,7.406404287821591,15.6221935686279,7.1167202110206915,nan,nan
129.46,189.63970947265625,-221.2844696044922,-21.50884437561035,190.41833516656078,-221.45269719737726,-21.505727136537057,0.7965978981868189,0.3810487158529682,0.07171005048446702,3.5020989639049285e-05,7.477102884261656,15.675543812936796,nan,0.22404844196408355,nan
129.47,189.6482696533203,-221.28839111328125,-21.510501861572266,190.42675029954228,-221.45658039090466,-21.5073860879983,0.7964480257333918,0.38109074350190664,0.07173716538451619,3.5725836917747115e-05,7.447861104799268,15.833670394548815,nan,nan,nan
129.48,189.65682983398438,-221.29237365722656,-21.512239456176758,190.43517465433487,-221.46051990386695,-21.50799108878956,0.7963114141158317,0.38113285734683733,0.07176434641480606,3.502661981915878e-05,7.668477710307411,15.829621965886364,nan,0.9086805956020938,nan
129.49,189.66537475585938,-221.29640197753906,-21.514055252075195,190.44359151407755,-221.46451088712348,-21.509800448919115,0.7961783918213116,0.38117505768846627,0.0717915937291223,3.573183970370388e-05,7.636992301002868,15.755914809240156,nan,nan,nan
129.5,189.67393493652344,-221.3004913330078,-21.51595115661621,190.42256049652232,-221.46108273668906,-21.51185331640228,0.7656674345395512,0.38110311613300235,0.07178083332668857,3.501136664554189e-05,7.146425087267639,16.197631667920287,12.252952014576499,0.04132111459737084,nan
129.51,189.6824951171875,-221.30462646484375,-21.51792335510254,190.43091672138226,-221.46517333584546,-21.51382186859347,0.7654586975176934,0.38114514573902164,0.07180804544652543,3.5716085895493485e-05,7.114488963692848,16.436240254447,nan,nan,nan
129.52,189.69105529785156,-221.30880737304688,-21.51997184753418,190.43926933208695,-221.46931456138174,-21.51650128089737,0.765244303060623,0.3811872614712986,0.07183532388186638,3.501749172076825e-05,6.963856361072486,16.49138552356407,nan,0.2826335996010133,nan
129.53,189.69961547851562,-221.3130340576172,-21.5220947265625,190.44762696089924,-221.4735081110462,-21.518631005735497,0.7650392780528575,0.3812294636101765,0.07186266878667913,3.572258978913345e-05,6.931885530887784,16.707400356370446,nan,nan,nan
129.54,189.7081756591797,-221.31732177734375,-21.524293899536133,190.4559793541643,-221.47775070865157,-21.521694395902927,0.7648232250999873,0.38127175216901854,0.0718900802959633,3.502385603491374e-05,6.765922069647368,16.14036791944608,nan,0.5185686094398944,nan
129.55,189.71673583984375,-221.32167053222656,-21.526565551757812,190.48832918756008,-221.49140059558326,-21.523982793914847,0.790045099526123,0.3811999656405115,0.07187915368809963,3.57073136578808e-05,6.89344435306027,15.476970468300076,5.5374667130789135,nan,nan
129.56,189.7252960205078,-221.3260498046875,-21.528854370117188,190.49673152927048,-221.49575902347385,-21.526149395927334,0.7898868779808615,0.3812420832072273,0.07190652913343777,3.500927063890907e-05,6.892418165530524,16.094378241668156,nan,0.020241771310674703,nan
129.57,189.73385620117188,-221.33047485351562,-21.531129837036133,190.50513322157707,-221.50016574900252,-21.528486044214134,0.789727948002819,0.381284287090761,0.07193397123014096,3.571424921964842e-05,6.855836013447357,16.087286838051632,nan,nan,nan
129.58,189.74241638183594,-221.3349609375,-21.533376693725586,190.51353391201363,-221.5046200177838,-21.53104414050565,0.7895643670243786,0.38132657732233943,0.07196148011310236,3.501603855302598e-05,6.793176883776892,15.550545076286305,nan,0.04146598145000135,nan
129.59,189.7509765625,-221.33949279785156,-21.535585403442383,190.5219365381501,-221.50912228094217,-21.533329971374556,0.7894039096443604,0.3813689541555118,0.07198905593644771,3.572139496987831e-05,6.757853125799257,15.61345883198165,nan,nan,nan
129.6,189.75953674316406,-221.3440704345703,-21.53775405883789,190.54464528984533,-221.51625619280108,-21.53672797409372,0.8037688836098258,0.38129732050786164,0.07197796049927888,3.5001837512657817e-05,6.920723432352056,15.281672307275947,3.489794936921113,0.9682462641574607,nan
129.61,189.76809692382812,-221.34869384765625,-21.539880752563477,190.5530814034736,-221.52085153323338,-21.538947935689986,0.8036415694418073,0.3813395260766926,0.07200549937788236,3.5706697042321486e-05,6.8928762147454,15.291823235469659,nan,nan,nan
129.62,189.7766571044922,-221.35336303710938,-21.541967391967773,190.56151851688716,-221.52549297365059,-21.540999393787487,0.8035154564417492,0.3813818179200421,0.07203310522105394,3.500894943432557e-05,6.8732162435295745,15.19612613626607,nan,0.011582382925337968,nan
129.63,189.78521728515625,-221.35806274414062,-21.54401206970215,190.56995508044747,-221.53017953094817,-21.543137363416818,0.8033917853516848,0.3814241962759047,0.07206077818295482,3.571419059073938e-05,6.844921715676295,15.684109328821691,nan,nan,nan
129.64000000000001,189.7937774658203,-221.36282348632812,-21.546016693115234,190.57838568881868,-221.534909043739,-21.54635770303182,0.803258127225511,0.3814666611988522,0.07208851839842385,3.5016230509366665e-05,6.805015029924129,15.097904056038905,nan,0.8882100675366587,nan
129.65,189.80233764648438,-221.3676300048828,-21.54798126220703,190.59394766513506,-221.53330129101548,-21.548417356777694,0.8087605250353568,0.38139517847019894,0.07207725154082008,3.56998239995227e-05,7.462912648128845,14.877748928652796,8.606949357417319,nan,nan
129.66,189.81089782714844,-221.37246704101562,-21.54990577697754,190.5468814566897,-221.56249328543456,-21.54857413026729,0.7601208126368203,0.3795756349531928,0.07174594460353054,3.50023108261255e-05,5.8386316254373165,13.678367571966282,nan,2.4374387216553153,1.6572636455889815
129.67000000000002,189.8194580078125,-221.3773651123047,-21.551794052124023,190.55531799291956,-221.56740871124848,-21.550549467838096,0.7600052869364183,0.37961566723254253,0.07177147870309714,3.5707430968397405e-05,5.8100167181338485,13.014890618519983,nan,nan,nan
129.68,189.82801818847656,-221.38229370117188,-21.55364227294922,190.56378279719522,-221.57235991825996,-21.55114483925529,0.759921682475336,0.3796557839278547,0.07179707325801776,3.500987157306436e-05,5.922660747309872,13.598398141346584,nan,1.2725626684256228,nan
129.69,189.8365936279297,-221.38726806640625,-21.555456161499023,190.57221932019885,-221.5773605083499,-21.553033420075696,0.7597935017401733,0.3796959864495545,0.0718227284903445,3.571536964868066e-05,5.886531908900833,13.659802425422583,nan,nan,nan
129.7,189.84515380859375,-221.39227294921875,-21.557231903076172,190.59694442949996,-221.58588416995303,-21.554761994222474,0.776325024024412,0.37961696801434613,0.07181319111383888,3.4996394385027235e-05,6.189388471493591,13.631972667916845,6.722219481634364,0.05240896004453758,nan
129.71,189.8537139892578,-221.3973388671875,-21.55897331237793,190.6054215606962,-221.59096833492825,-21.556580636323645,0.7762489089422568,0.37965700468122227,0.0718388179976336,3.5701394675573625e-05,6.154710367312593,12.948076257212541,nan,nan,nan
129.72,189.86227416992188,-221.4024200439453,-21.560678482055664,190.61390151348633,-221.59609263051794,-21.558228171770025,0.7761821554274372,0.3796971257524981,0.07186450558157197,3.5004181669861845e-05,6.143402110217429,13.789640109092977,nan,0.013240847706367766,nan
129.73,189.87083435058594,-221.40756225585938,-21.56235122680664,190.62237860228956,-221.60125804152926,-21.55997796142277,0.7761072426176763,0.37973733252714453,0.07189025408164218,3.570956215083814e-05,6.108679101401432,13.063107541675777,nan,nan,nan
129.74,189.87939453125,-221.41273498535156,-21.563989639282227,190.6308207868368,-221.60647209351714,-21.563464332847076,0.7759998457554109,0.3797776240224016,0.07191606357206452,3.501208390856471e-05,5.937310207968863,13.217572384238128,nan,2.208733723749303,nan
129.75,189.88795471191406,-221.4179229736328,-21.565597534179688,190.6316145194003,-221.60678169657078,-21.565113410469355,0.7672664210533364,0.37969884351862,0.07190639455353094,3.569580603279299e-05,6.009713510618288,12.682435899944338,0.82165559031635,nan,nan
129.76,189.8965301513672,-221.4230499267578,-21.567171096801758,190.64007208254495,-221.61197606590667,-21.567445690925997,0.7671686678137865,0.37973896908817933,0.07193217503847209,3.499890132697219e-05,5.9804210376727065,13.342876500432247,nan,0.3093981610393459,nan
129.77,189.90509033203125,-221.4281005859375,-21.568714141845703,190.64854240054,-221.61710430609645,-21.569091991190515,0.7671007281798154,0.379779180240466,0.07195801667471613,3.5704159693668915e-05,5.957057087067704,13.02912814252743,nan,nan,nan
129.78,189.9136505126953,-221.4330596923828,-21.570226669311523,190.6569886747837,-221.62215714279088,-21.57198315591227,0.7670153546135428,0.37981947609632954,0.07198391954227334,3.500697737519495e-05,6.015371223835889,13.186347253166337,nan,1.1474001489030563,nan
129.79,189.92221069335938,-221.43792724609375,-21.571706771850586,190.66545899589818,-221.62711413453474,-21.573582561712612,0.7669506089523624,0.379859857798348,0.07200988384897326,3.5712610271732684e-05,5.999939980589181,13.247148783226388,nan,nan,nan
129.8,189.93077087402344,-221.4427032470703,-21.57316017150879,190.6650860794019,-221.62685670996848,-21.574951710119795,0.7570564895422257,0.37978131281590194,0.07200008055096226,3.49939619192006e-05,6.037511105290243,13.043492771741615,0.7983045855822561,0.04006012430581282,nan
129.81,189.9393310546875,-221.4473876953125,-21.574583053588867,190.6735470712006,-221.63161646663337,-21.57649251982934,0.7569788934627506,0.37982152846086054,0.07202601517693406,3.5699093034237606e-05,6.022555887104084,13.020206309095771,nan,nan,nan
129.82,189.94790649414062,-221.4519805908203,-21.575979232788086,190.6820076910958,-221.6362831677336,-21.57804484557084,0.7568859055261089,0.379861828788486,0.07205201127138135,3.5002176082586345e-05,6.016676248126498,13.169078326694553,nan,0.0010854594858818209,nan
129.83,189.9564666748047,-221.45648193359375,-21.577346801757812,190.6904692137662,-221.64085790371843,-21.57953117014064,0.7568084282211603,0.3799022148456285,0.0720780690366434,3.570768314633686e-05,6.00340474267305,12.910071517336478,nan,nan,nan
129.84,189.96502685546875,-221.46090698242188,-21.578685760498047,190.69893527762903,-221.64534139376,-21.58074684708807,0.7567310435560086,0.3799426858976083,0.07210418856049422,3.501046474081825e-05,5.967204528452781,12.536315493636096,nan,0.041986950888505514,nan
129.85,189.9735870361328,-221.46522521972656,-21.579999923706055,190.71475178614546,-221.64966633826774,-21.582118821550562,0.7637723499827018,0.3798643759710864,0.07209424846922532,3.5694301366378203e-05,6.207814056509837,12.801922813472205,2.682315212246967,nan,nan
129.86,189.98216247558594,-221.46946716308594,-21.581287384033203,190.72324540143316,-221.65396843437335,-21.58309160071946,0.7637066696623809,0.3799046808720987,0.0721203376256697,3.499762346905809e-05,6.150455391098697,12.750496398234677,nan,0.1316533904751337,nan
129.87,189.99072265625,-221.47361755371094,-21.582548141479492,190.73173222455316,-221.65818728643987,-21.584467140322193,0.7636523090471321,0.37994507138836725,0.0721464886810755,3.570299885482239e-05,6.136182442337928,12.720712468506067,nan,nan,nan
129.88,189.99928283691406,-221.47769165039062,-21.583784103393555,190.74022972425809,-221.66232000352417,-21.585207099621602,0.76360457277564,0.37998554687312475,0.07217270172838423,3.5006012563290845e-05,6.067108743962936,12.437046201087973,nan,0.2638177442352368,nan
129.89000000000001,190.0078582763672,-221.48167419433594,-21.584997177124023,190.7487177040339,-221.6663733022092,-21.586528398541294,0.7635370303075457,0.3800261082405718,0.07219897696259944,3.571175737075326e-05,6.050078310297655,12.881643100481963,nan,nan,nan
129.9,190.01641845703125,-221.485595703125,-21.586183547973633,190.75641938449985,-221.67570003503542,-21.587517825917686,0.7640306341784515,0.379948031034305,0.07218889744635915,3.499327030449993e-05,5.629532792165025,12.284871413511457,4.775498594549021,0.0557102469650605,nan
129.91,190.02499389648438,-221.4894256591797,-21.58734893798828,190.76488754286356,-221.67961159296357,-21.588789415812858,0.7639472313830968,0.37998842610426764,0.07221514160908571,3.569850794182394e-05,5.612584398773621,12.783249282311758,nan,nan,nan
129.92000000000002,190.0335693359375,-221.49317932128906,-21.588489532470703,190.77337898817754,-221.68344029015415,-21.588607266836952,0.7638832186155118,0.3800289061125898,0.07224144799323003,3.500173323759878e-05,5.530853384548062,12.74609383139267,nan,1.446079344821201,nan
129.93,190.04212951660156,-221.49685668945312,-21.58960723876953,190.78184901642564,-221.68719933424123,-21.589819920243965,0.7638162776992392,0.3800694718932263,0.07226781678896418,3.5707341368043075e-05,5.508292074140335,12.483660781992173,nan,nan,nan
129.94,190.0507049560547,-221.50047302246094,-21.590702056884766,190.790304918262,-221.6908882559353,-21.592001562265565,0.7637196828355179,0.3801101229204849,0.07229424809610908,3.5010241541722216e-05,5.532329198900499,12.430352762717543,nan,0.692386959995702,nan
129.95,190.0592803955078,-221.50399780273438,-21.59177589416504,190.80948014435816,-221.68757116833024,-21.593233486637807,0.7723347514563459,0.3800322775874077,0.07228402662379932,3.5694167804081205e-05,6.3528601590028995,12.642892260773063,21.833048536605638,nan,nan
129.96,190.06784057617188,-221.50746154785156,-21.59282875061035,190.81802852087333,-221.6910790734949,-21.593108418505704,0.7723324584095268,0.38007276220083686,0.07231042614399193,3.499758732578721e-05,6.273118347603279,12.049900876258997,nan,1.1665749383683073,nan
129.97,190.076416015625,-221.5108642578125,-21.593860626220703,190.8265588368004,-221.6945222269801,-21.594235610233863,0.7722982859056117,0.38011333247844065,0.07233688829695474,3.570305249055022e-05,6.252574773815371,12.026760381074157,nan,nan,nan
129.98,190.08499145507812,-221.51419067382812,-21.594871520996094,190.83508313646595,-221.69789881436796,-21.595826738638618,0.7722610464270284,0.3801539879673431,0.07236341318699363,3.500614405116033e-05,6.252008441262355,12.273193915800379,nan,0.1651407979113272,nan
129.99,190.09356689453125,-221.5174560546875,-21.595861434936523,190.8436152230292,-221.70120650143474,-21.59691961442445,0.7722291379546565,0.38019472939166127,0.07239000099787317,3.5711972929671985e-05,6.235143910804552,12.121016918336398,nan,nan,nan
130.0,190.10214233398438,-221.52064514160156,-21.596834182739258,190.84014426214995,-221.70459484228292,-21.598745518238008,0.7605839806098025,0.3801171136415502,0.07237963494730142,3.4993541256423106e-05,5.888507020273098,12.490650724213964,6.225628604949439,0.37319369421812393,nan
130.01,190.11073303222656,-221.52378845214844,-21.5977840423584,190.8486406919171,-221.70777992020982,-21.59980862141464,0.7605029082585409,0.38015768849070375,0.07240619023928435,3.569885720836545e-05,5.876858369025263,12.380294782717844,nan,nan,nan
130.02,190.1193084716797,-221.52685546875,-21.598716735839844,190.8571553844391,-221.71089728977253,-21.599566616787712,0.760453930788385,0.3801983485122651,0.07243280849022114,3.5002127100444516e-05,5.7603362677208585,12.280722683998441,nan,1.1695186339100312,nan
130.03,190.1278839111328,-221.5299835205078,-21.59973907470703,190.86565366916375,-221.71401992249807,-21.600634473834564,0.7603778106061105,0.3802390943646855,0.07245948987974053,3.570780782541288e-05,5.743906704296048,12.29262722148696,nan,nan,nan
130.04,190.13645935058594,-221.53318786621094,-21.600847244262695,190.87415764684548,-221.71720511562634,-21.601438366718497,0.7603035405759951,0.3802799256941478,0.07248623451807279,3.501073830890612e-05,5.714110885254807,11.97444492601714,nan,0.08775788036352175,nan
130.05,190.14505004882812,-221.5364532470703,-21.602041244506836,190.88266755132173,-221.71482942071128,-21.60278968565926,0.75887956849019,0.3802025383458084,0.07247572134768823,3.5694727391177226e-05,6.09016556209538,12.25894263509268,4.61183120558366,nan,nan
130.06,190.15362548828125,-221.53976440429688,-21.603321075439453,190.89118745102516,-221.71812324091607,-21.604119397642755,0.7588215605826863,0.3802432031890575,0.07250243273956197,3.641419828441338e-05,6.073930071461091,12.391416687956015,nan,nan,nan
130.07,190.16221618652344,-221.54315185546875,-21.604686737060547,190.89970842873822,-221.7214783270395,-21.605534713775114,0.7587462400924138,0.3802839535338451,0.07252920746869411,3.7148123957951316e-05,6.058352774870188,12.142556040865799,nan,nan,nan
130.08,190.17080688476562,-221.54660034179688,-21.60613441467285,190.90826216887348,-221.7248855694859,-21.604439459079728,0.7587020438519892,0.3803247892945366,0.07255604566345944,3.636539704066309e-05,6.10067533233764,12.239224269716699,nan,4.398939568072407,nan
130.09,190.17938232421875,-221.5500946044922,-21.607664108276367,190.91678495197317,-221.72836106347677,-21.605997692465635,0.75864638848391,0.3803657110756765,0.0725829475004824,3.709797148434659e-05,6.0788386335597595,12.394211460073961,nan,nan,nan
130.1,190.18797302246094,-221.5536651611328,-21.609275817871094,190.9482406051596,-221.7451912304648,-21.60657221439269,0.7840257278992915,0.38028854984226773,0.07257228459996456,3.629522857318372e-05,6.049778177674098,12.279021344383011,5.026319666919332,0.8375823376700687,nan
130.11,190.19656372070312,-221.55728149414062,-21.6109676361084,190.95679165614507,-221.74881158528456,-21.608285629942156,0.7839881904703686,0.38032930473426235,0.07259915241599732,3.7025601956614206e-05,6.024923002963834,12.645130513196289,nan,nan,nan
130.12,190.20513916015625,-221.5609588623047,-21.61273956298828,190.96534925450788,-221.75248815355283,-21.609560148809425,0.7839725541335352,0.3803701449981411,0.07262608391213787,3.6249245289427555e-05,6.092543724213247,12.392263630269078,nan,0.1776804193910827,nan
130.13,190.21372985839844,-221.564697265625,-21.614591598510742,190.97390127576617,-221.75622350570026,-21.611429497444462,0.7839342340422334,0.3804110711801174,0.07265307926117413,3.6978416151159774e-05,6.066938816182699,12.442064279145974,nan,nan,nan
130.14000000000001,190.22232055664062,-221.5684814453125,-21.616519927978516,190.9824601017513,-221.76001364603212,-21.612800209385703,0.7839072319222178,0.38045208303665456,0.07268013858011897,3.620466231752104e-05,6.160943200757709,12.935829361845524,nan,0.22001946450309134,nan
130.15,190.2309112548828,-221.57232666015625,-21.6185245513916,190.97915342328454,-221.7628322747579,-21.61483104322647,0.7721219940992757,0.38037514647856047,0.07266932340661132,3.6909256869468955e-05,5.837187864853849,12.921743429931068,4.0524348700439585,nan,nan
130.16,190.239501953125,-221.57623291015625,-21.62060546875,190.9876738383136,-221.76673921544528,-21.61694938119555,0.7720538770822702,0.3804159912882672,0.0726963479346016,3.6139026956219525e-05,5.820301714642987,12.766312849914154,nan,0.0002545255649100251,nan
130.17000000000002,190.2480926513672,-221.58018493652344,-21.622760772705078,190.99619460174387,-221.77070059600808,-21.61912486686052,0.7719883188737838,0.380456921915901,0.07272343652268345,3.686507876301218e-05,5.791391801144583,13.042392811121108,nan,nan,nan
130.18,190.2566680908203,-221.58419799804688,-21.62499237060547,191.00470961608968,-221.77471744443812,-21.621952785154065,0.7719281197496777,0.3804979381690417,0.07275058929129737,3.609733658701003e-05,5.672083553547432,12.39636761514762,nan,0.22059044047764936,nan
130.19,190.2652587890625,-221.5882568359375,-21.627243041992188,191.01323080274713,-221.778786024352,-21.624258221142245,0.7718629503019541,0.3805390405168429,0.0727778064082772,3.68223853631435e-05,5.640571986368025,12.938410393611274,nan,nan,nan
130.2,190.2738494873047,-221.59237670898438,-21.62948226928711,191.02092513754172,-221.78107925897106,-21.625781354515063,0.7705481012362035,0.38046232633183363,0.0727668363673446,3.6034784741618964e-05,5.858060414806945,12.829393711068201,0.6055618063596415,0.5183122762943438,nan
130.21,190.28244018554688,-221.59654235839844,-21.631694793701172,191.02944986840544,-221.7852474594679,-21.628066490769623,0.7704844229679476,0.38050326144125246,0.07279401790859401,3.675798662310227e-05,5.818915513211971,12.90092504152289,nan,nan,nan
130.22,190.29103088378906,-221.6007537841797,-21.633869171142578,191.03795057758163,-221.78947344109267,-21.632812866453655,0.7703929216056732,0.380544282123802,0.07282126383723998,3.599599219057611e-05,5.4743040912483405,12.84906466749099,nan,4.1411302589552665,nan
130.23,190.29962158203125,-221.6050262451172,-21.636005401611328,191.04647542840775,-221.79374377586987,-21.635055360040667,0.7703284214150107,0.3805853888041092,0.07284857431807261,3.671832146191319e-05,5.45110334792643,12.452659906214109,nan,nan,nan
130.24,190.30821228027344,-221.60934448242188,-21.63810157775879,191.05499472725913,-221.79806593928592,-21.637872052352304,0.770259608241751,0.3806265813569135,0.07287594947594106,3.595862419057394e-05,5.410986368840603,12.513523522307802,nan,0.25115142251101935,nan
130.25,190.31680297851562,-221.61370849609375,-21.640155792236328,191.06300544649974,-221.80503078665697,-21.639941221790625,0.7703391383880377,0.38055008784555644,0.0728648220268018,3.66571143269729e-05,5.2295471807281935,12.648133718452707,1.3473875286484895,nan,nan
130.26,190.3253936767578,-221.6181182861328,-21.64217185974121,191.0715258466209,-221.809457057795,-21.64157779933175,0.7702753360672656,0.38059111298195414,0.07289216081319991,3.590059508361672e-05,5.220750655564963,12.581110157807952,nan,0.16212716674375285,nan
130.27,190.333984375,-221.62258911132812,-21.644145965576172,191.08004184461322,-221.81393293609395,-21.643661936531593,0.7702041557443134,0.3806322240208837,0.07291956435216423,3.662045063434669e-05,5.200764638641449,12.29225498031669,nan,nan,nan
130.28,190.3425750732422,-221.62709045410156,-21.646081924438477,191.08854160527804,-221.81846108593743,-21.64755806082986,0.7701239930202792,0.38067342087566525,0.07294703277122955,3.58661008889567e-05,5.237586628246368,12.78055171486944,nan,2.300304409796957,nan
130.29,190.35116577148438,-221.63165283203125,-21.647977828979492,191.0970573262204,-221.82303243784378,-21.649584201746467,0.7700538587533747,0.38071470391276796,0.07297456623128791,3.6585255652393674e-05,5.230686674273173,12.424791981475357,nan,nan,nan
130.3,190.35975646972656,-221.63626098632812,-21.649837493896484,191.11505186460323,-221.83682659176884,-21.651270978118326,0.7814728085382867,0.3806384287580423,0.07296327880002597,3.581106868553475e-05,4.949532035777492,12.362736954382292,2.9541073165837126,0.04390740770513645,nan
130.31,190.36834716796875,-221.64089965820312,-21.65165901184082,191.12356832342977,-221.8415130359072,-21.653220009846002,0.7814135637960772,0.38067954417327976,0.07299077507900897,3.6528680585455865e-05,4.941365456987427,12.865107569604248,nan,nan,nan
130.32,190.37693786621094,-221.64559936523438,-21.653446197509766,191.132076434069,-221.84624723398326,-21.656162331622312,0.7813457629530753,0.38072074534488504,0.07301833643744485,3.5779398559912935e-05,5.064294147077278,12.385210077978758,nan,0.7148066843900378,nan
130.33,190.38552856445312,-221.6503448486328,-21.655195236206055,191.1405926630687,-221.8510242821959,-21.658050795909,0.7812823959968481,0.3807620326061298,0.07304596303387242,3.64964212091698e-05,5.06507142919705,12.460255531514099,nan,nan,nan
130.34,190.3941192626953,-221.65512084960938,-21.656909942626953,191.1491052953004,-221.85584694239293,-21.66037261379248,0.7812213923367074,0.3808034059204089,0.07307365499924935,3.574910639267003e-05,5.159867275801153,12.927296727513122,nan,0.1479015390606888,nan
130.35,190.4027099609375,-221.6599578857422,-21.658592224121094,191.13486017153338,-221.85101936867008,-21.662301043419905,0.7566783837766095,0.38072734720329704,0.07306220505392635,3.644288263726752e-05,5.105532945435435,12.509708759445465,5.181489211239712,nan,nan
130.36,190.41128540039062,-221.66482543945312,-21.66023826599121,191.1433335330821,-221.85591379599688,-21.664740160912825,0.7565907054951014,0.38076855269845056,0.07308985901778553,3.5698387337074716e-05,5.279261739287718,12.88331248708153,nan,0.2817624143231833,nan
130.37,190.4198760986328,-221.66969299316406,-21.661853790283203,191.15181154391934,-221.86082477483058,-21.666508916959565,0.7564935718392926,0.38080984419178826,0.07311757841319731,3.641348480298448e-05,5.28876170889982,12.805456935674759,nan,nan,nan
130.38,190.428466796875,-221.67449951171875,-21.663436889648438,191.16029845228977,-221.86570359840832,-21.666964935316177,0.7564053290003588,0.3808512216750927,0.07314536337316609,3.56708260606557e-05,5.023069368334038,12.795986663298839,nan,1.1151013750022272,nan
130.39000000000001,190.4370574951172,-221.6792449951172,-21.664987564086914,191.1687762598791,-221.87052251333057,-21.668658601690872,0.7563153549913381,0.38089268543884447,0.07317321405324778,3.638547838629065e-05,5.025156588099616,12.459190753679426,nan,nan,nan
130.4,190.44564819335938,-221.68389892578125,-21.666507720947266,191.18624346753273,-221.87140896608344,-21.671984011682866,0.7639838775146112,0.3808168408084608,0.07316159904356262,3.5622908949494656e-05,5.9482314979732385,12.884400284027787,7.724231995912837,1.9422276563000405,nan
130.41,190.45423889160156,-221.68846130371094,-21.667997360229492,191.194757938178,-221.87604810812294,-21.673634015992576,0.7639299964133855,0.3808581365336801,0.07318941088870692,3.63362730269961e-05,5.960370575442001,12.985834094779047,nan,nan,nan
130.42000000000002,190.46282958984375,-221.6929473876953,-21.669456481933594,191.20326713353873,-221.88060098724125,-21.67607632633545,0.7638752855509261,0.3808995181833881,0.07321728849035049,3.559799166589216e-05,6.297389707402622,12.998364767811054,nan,0.4601506647337417,nan
130.43,190.47142028808594,-221.6973419189453,-21.670886993408203,191.21178146960122,-221.88506435763588,-21.677677190956892,0.7638196775845664,0.38094098602399185,0.07324523200228363,3.631100380810498e-05,6.316380653934765,13.06757300436092,nan,nan,nan
130.44,190.48001098632812,-221.70164489746094,-21.672290802001953,191.22030035840723,-221.8894391501736,-21.678508373287517,0.7637628519101121,0.38098254008359017,0.0732732415600895,3.557435730642836e-05,6.113392881362432,12.873774808512263,nan,0.37605665559099866,nan
130.45,190.48858642578125,-221.7058563232422,-21.673664093017578,191.21492096021797,-221.889945264296,-21.680042906167497,0.749327220505777,0.3809069074362925,0.07326145896918987,3.626458934485014e-05,5.965070769485829,12.999930657860334,2.6284442338191223,nan,nan
130.46,190.49717712402344,-221.7100067138672,-21.675010681152344,191.2234111683989,-221.8941456228315,-21.6807816528499,0.7492371648008791,0.38094829324190854,0.07328942884799781,3.553041077141456e-05,5.76165967117437,12.353329142224855,nan,0.409352827065372,nan
130.47,190.50576782226562,-221.71405029296875,-21.676332473754883,191.231897041394,-221.89826394775412,-21.682259726065777,0.7491551546918251,0.3809897651497014,0.07331746482384077,3.624195268768225e-05,5.773757173183676,12.908077832926507,nan,nan,nan
130.48,190.5143585205078,-221.71803283691406,-21.67762565612793,191.24038881443903,-221.90229924292868,-21.68269089607883,0.7490659201613382,0.3810313232080283,0.07334556703381147,3.550928219877153e-05,5.50818263806982,12.175204433785073,nan,0.7152065404605357,nan
130.49,190.52294921875,-221.721923828125,-21.67889404296875,191.24887511887533,-221.90625640162824,-21.68410832849579,0.7489820417744737,0.3810729676527589,0.07337373562949134,3.6220589947854215e-05,5.517017356389817,12.451309050187506,nan,nan,nan
130.5,190.5315399169922,-221.72573852539062,-21.680137634277344,191.26643674723692,-221.90615569789955,-21.68689603840541,0.7567492208560468,0.3809975445901184,0.07336178293386027,3.54678739164738e-05,6.517611689151902,12.724715927348024,7.706851405565243,1.2159280658770724,nan
130.51,190.54013061523438,-221.72947692871094,-21.681354522705078,191.27496049825245,-221.90994090468146,-21.688279340625535,0.7566968724018134,0.3810390205475483,0.07338991099433527,3.617810158328254e-05,6.536293015074705,12.797108256230828,nan,nan,nan
130.52,190.54873657226562,-221.73313903808594,-21.68254852294922,191.28348796882918,-221.9136499297782,-21.68898688318227,0.7566275498910366,0.38108058258501376,0.07341810547357676,3.544914145810562e-05,6.360794889445897,12.81395959683862,nan,0.2925844323235813,nan
130.53,190.5573272705078,-221.7367401123047,-21.683717727661133,191.29201250822874,-221.9172859970347,-21.690316918246427,0.7565730396560362,0.381122230921513,0.07344636652188878,3.615921113055774e-05,6.37770249280501,12.255061323512802,nan,nan,nan
130.54,190.56591796875,-221.74026489257812,-21.684865951538086,191.30054216028512,-221.92084827164396,-21.690666294272365,0.7565161621269552,0.3811639656308603,0.0734746942782375,3.5431566629641686e-05,6.104627667102294,11.957335899320526,nan,0.6321682963512055,nan
130.55,190.5745086669922,-221.74371337890625,-21.685989379882812,191.3158520760714,-221.93660625479993,-21.691931488204578,0.7660502727674083,0.38108874989424923,0.07346256898193332,3.611921445257234e-05,5.636312533680282,12.29639016017991,7.510657174128827,nan,nan
130.56,190.58309936523438,-221.74708557128906,-21.687089920043945,191.32437085579073,-221.94006020311127,-21.691824021622846,0.7659928478493261,0.381130315883643,0.07349085533649005,3.539370670104667e-05,5.2734104049515516,12.115883863268724,nan,1.279196078954938,nan
130.57,190.59170532226562,-221.7504119873047,-21.688169479370117,191.33288424101028,-221.94344772860063,-21.693043084382953,0.7659195382251236,0.38117196808519516,0.07351920844005759,3.61026744189404e-05,5.280429369784768,11.681255723161309,nan,nan,nan
130.58,190.6002960205078,-221.753662109375,-21.689228057861328,191.34139260704666,-221.9467701107785,-21.69559618017558,0.7658690513184262,0.381213706586632,0.073547628432671,3.537836407800669e-05,5.751125973263513,12.115401862675785,nan,1.2679349595304328,nan
130.59,190.60888671875,-221.7568359375,-21.690265655517578,191.34990753344607,-221.95002548128673,-21.696787610609068,0.7658175915579175,0.38125553158597947,0.07357611546306396,3.6087267491267135e-05,5.765422244601941,12.41795809375557,nan,nan,nan
130.6,190.61749267578125,-221.7599639892578,-21.691280364990234,191.3850517466925,-221.9690328578894,-21.70066366777542,0.7955782585894425,0.3811805207204142,0.07356381507257902,3.534274147212182e-05,6.946109866191065,13.575507154370413,7.646553269314936,4.495226744521062,nan
130.61,190.62608337402344,-221.7630157470703,-21.692276000976562,191.39360086937612,-221.97219334684442,-21.701844052497318,0.7955689294646998,0.38122217675269154,0.07359225982322333,3.60507308706614e-05,6.976902671947042,13.678267941355621,nan,nan,nan
130.62,190.6346893310547,-221.76602172851562,-21.693252563476562,191.40215409277593,-221.9752912307868,-21.70216088920874,0.7955345645111994,0.3812639190101706,0.07362077164035623,3.532950997333454e-05,6.666833335079369,13.053546131397507,nan,0.4940715706816121,nan
130.63,190.64329528808594,-221.76895141601562,-21.694210052490234,191.41070494943668,-221.97832952091696,-21.703295110811002,0.7955119844673763,0.38130574767956255,0.07364935067182919,3.60374959555818e-05,6.69338889936872,13.49900068360975,nan,nan,nan
130.64000000000001,190.65188598632812,-221.77183532714844,-21.695146560668945,191.41925588438767,-221.9813088377069,-21.70462616476561,0.7955033469240903,0.3813476628656724,0.07367799705897662,3.531729497443251e-05,6.931073808475997,13.146118993470635,nan,0.032071759086058256,nan
130.65,190.66049194335938,-221.7747802734375,-21.6961727142334,191.442452902357,-221.97878319541903,-21.705809001173733,0.8081911850542961,0.38127285448253767,0.07366551910468662,3.60031270930114e-05,7.617476370110515,13.30320041857889,15.937941342910866,nan,nan
130.66,190.66909790039062,-221.7777862548828,-21.69728660583496,191.50195287105376,-222.03242422116068,-21.70691560710037,0.8709653343812196,0.3770219024907797,0.0694476764587005,3.52845910280011e-05,7.065128365730732,12.840264907695474,nan,0.01110504655649926,0.6033329790199827
130.67000000000002,190.67770385742188,-221.78086853027344,-21.698486328125,191.5105450582528,-222.03556329373717,-21.708245248952917,0.8709702204283868,0.37706656580416553,0.06946809158915418,3.5991761920510416e-05,7.069808939477788,12.516998666322253,nan,nan,nan
130.68,190.68629455566406,-221.7840118408203,-21.699769973754883,191.5191364359971,-222.03876480137,-21.70958308320464,0.8709884991563165,0.37711131402716297,0.06948856536401005,3.527431861772613e-05,7.140330100680368,12.512976095231428,nan,0.004299266408748092,nan
130.69,190.6949005126953,-221.78720092773438,-21.701139450073242,191.52773012463757,-222.04203170759016,-21.71108470880496,0.8710010316073337,0.37715614852649954,0.06950909966468355,3.59815586758939e-05,7.144562622480279,13.124363960598728,nan,nan,nan
130.7,190.70350646972656,-221.79046630859375,-21.702590942382812,191.5484976097361,-222.04408364592973,-21.71015052798499,0.8822635251592872,0.3770926288395084,0.06950275812104038,3.5243713914437666e-05,6.418499573543047,11.49124154631885,8.009272221156056,4.3954213238053095,nan
130.71,190.7121124267578,-221.79379272460938,-21.704126358032227,191.55712680603887,-222.04745872722526,-21.71179581389726,0.8823007211989193,0.37713727662774776,0.06952328928611448,3.595016922196929e-05,6.419659880095998,11.429416795092594,nan,nan,nan
130.72,190.72071838378906,-221.79718017578125,-21.70574188232422,191.56577194766882,-222.05091299056423,-21.714288107302654,0.8823655167134292,0.3771820092814529,0.06954387941343439,3.523525413696904e-05,6.842898417788762,11.88724683970296,nan,0.40669975870521513,nan
130.73,190.7293243408203,-221.80062866210938,-21.707439422607422,191.5744021925237,-222.0544097920624,-21.71610578994528,0.8824038436468223,0.3772268281088084,0.06956453025450877,3.594182617308484e-05,6.846306445003752,11.799758581696155,nan,nan,nan
130.74,190.73794555664062,-221.80413818359375,-21.70921516418457,191.58301671659606,-222.05794772895564,-21.717191758655723,0.8823991028806613,0.3772717321045611,0.06958524037685691,3.522766491347072e-05,6.54910006506985,11.680831289016998,nan,0.46028250362884365,nan
130.75,190.74655151367188,-221.80770874023438,-21.711071014404297,191.59395718961574,-222.0655136891507,-21.719205517978974,0.8857911387319378,0.3772082048140205,0.06957883641638522,3.591227757310462e-05,6.421334505017576,11.48377214371089,1.4287343835131,nan,nan
130.76,190.75515747070312,-221.8113250732422,-21.713003158569336,191.6025162410328,-222.06911997095932,-21.71768861388094,0.8857183798674738,0.37725292189140747,0.0695995428720171,3.5199682621462664e-05,5.188658941521784,10.650645459950068,nan,8.884231054018123,nan
130.77,190.76376342773438,-221.8150177001953,-21.71501350402832,191.6111457334771,-222.07286524235076,-21.719782342113888,0.88575666460836,0.3772977250386502,0.06962031022811731,3.590566692229857e-05,5.185623100011938,10.07760401812472,nan,nan,nan
130.78,190.77236938476562,-221.81875610351562,-21.717098236083984,191.61976637240164,-222.0766573751057,-21.721484686223555,0.8857843764072605,0.3773426133100823,0.0696411371758776,3.5193732223256745e-05,5.085657664566117,10.345228048794205,nan,0.15335342647463274,nan
130.79,190.78097534179688,-221.82254028320312,-21.71925926208496,191.6283962545267,-222.08051664021644,-21.72372752123689,0.8858295374673234,0.3773875879262309,0.06966202528432554,3.5899887289703804e-05,5.081242426593562,10.595872936471636,nan,nan,nan
130.8,190.78958129882812,-221.82640075683594,-21.721492767333984,191.64768615027427,-222.10014272451065,-21.726274565859285,0.9007227467644887,0.377324051577057,0.06965555427257064,3.516736482251567e-05,4.6431897698704585,10.449845432161144,21.109354981875757,0.14922160274555202,nan
130.81,190.79820251464844,-221.83029174804688,-21.72374725341797,191.65631107993977,-222.10416370457352,-21.72864150353552,0.9007664026162914,0.37736883903128277,0.06967643809901837,3.5872832537738115e-05,4.646523467078656,11.37581016070011,nan,nan,nan
130.82,190.8068084716797,-221.83425903320312,-21.725990295410156,191.66492203900845,-222.10822312041938,-21.730268779236145,0.9007960484714463,0.37741371156485626,0.0696973818210084,3.5162933205450225e-05,4.4866566947839415,10.271998380379033,nan,0.38801135681087057,nan
130.83,190.81541442871094,-221.83827209472656,-21.72820472717285,191.67354709975262,-222.11235225862006,-21.732614181034393,0.9008501876740586,0.37745867033844166,0.06971838689059062,3.586860797426032e-05,4.4951127479395865,10.51283931853472,nan,nan,nan
130.84,190.8240203857422,-221.8423309326172,-21.730384826660156,191.6821677139241,-222.1165295886339,-21.734691233460588,0.9008997086061473,0.3775037144945824,0.06973945217171497,3.515922981285796e-05,4.467199445940293,10.631802282205715,nan,0.03940879719603134,nan
130.85,190.83262634277344,-221.84645080566406,-21.73252296447754,191.72013567583096,-222.1227818021036,-21.737037235018576,0.929543982012679,0.37744016976601386,0.06973291233339386,3.584308061861446e-05,5.143429287154305,10.454561385179204,24.049040807881457,nan,nan
130.86,190.84124755859375,-221.85061645507812,-21.734622955322266,191.72882258322508,-222.12704088546263,-21.73882923319417,0.9296330366527671,0.3774850265432599,0.069753972759295,3.513503676384463e-05,5.06519053034128,10.57063016696937,nan,0.13947635477503273,nan
130.87,190.849853515625,-221.85484313964844,-21.73668098449707,191.7375177188841,-222.13136053354484,-21.741023211886244,0.9297464502828604,0.3775299694553141,0.06977509471881434,3.584028987810837e-05,5.075415661477114,10.180975534859641,nan,nan,nan
130.88,190.85845947265625,-221.85911560058594,-21.738697052001953,191.7461854647755,-222.13570039746952,-21.741657541076712,0.9298200640160382,0.3775749977041304,0.06979627718581781,3.5132687301595406e-05,4.786307020447374,10.063494366683564,nan,1.618759977173934,nan
130.89000000000001,190.8670654296875,-221.86343383789062,-21.74067497253418,191.7548805382924,-222.14012067456892,-21.743757364287816,0.9299358976817246,0.3776201123626296,0.06981752144983373,3.5838186177639763e-05,4.78929197101341,10.088956553268762,nan,nan,nan
130.9,190.87567138671875,-221.8677978515625,-21.742612838745117,191.77415955949851,-222.15211121049666,-21.74573223309446,0.9424037422011059,0.37755655788479225,0.06981090839254453,3.510981901903074e-05,4.68802628856433,10.37467483047476,2.7633457689395446,0.0005932110498852341,nan
130.91,190.88427734375,-221.87222290039062,-21.7445125579834,191.78286586551997,-222.15664922941187,-21.74775331550908,0.9425339095261103,0.37760148491170104,0.06983214715204669,3.581470161799629e-05,4.692027752850261,9.980141668183302,nan,nan,nan
130.92000000000002,190.89288330078125,-221.87667846679688,-21.746374130249023,191.79158816747267,-222.16125347909153,-21.75066385174316,0.9426938934499565,0.3776464972284388,0.06985344670827551,3.5108711662295734e-05,4.909986021903668,10.732258800421073,nan,0.6026752417879699,nan
130.93,190.9014892578125,-221.88119506835938,-21.748199462890625,191.80029422933728,-222.1658879089076,-21.752620340133344,0.9428255058348142,0.37769159584954504,0.06987480824810663,3.581386701514453e-05,4.919332668842484,10.284854443297698,nan,nan,nan
130.94,190.91009521484375,-221.88575744628906,-21.749988555908203,191.80901699086104,-222.17058806683693,-21.755520912892678,0.9429843311389448,0.37773678006329847,0.06989623089731331,3.510819953558674e-05,5.23314676332092,10.619224842544401,nan,0.6736800411359825,nan
130.95,190.91871643066406,-221.89036560058594,-21.751741409301758,191.79327547332696,-222.17158638958898,-21.757375659970926,0.9186786141254932,0.3776732163086231,0.06988954253014235,3.579162064711229e-05,4.821784583236823,10.770230176426606,11.616967154146714,nan,nan
130.96,190.9273223876953,-221.89501953125,-21.75345802307129,191.80194766248084,-222.1763908888956,-21.76046047595177,0.9187971737784899,0.37771821266378847,0.06991095906044055,3.508709136384038e-05,5.319988034615451,11.133336015754008,nan,1.0531827964723464,nan
130.97,190.93592834472656,-221.89968872070312,-21.755142211914062,191.81059894043577,-222.18120722418442,-21.762299515205676,0.9188865793943508,0.3777632952179588,0.06993243776019328,3.579194417633626e-05,5.340572180805459,11.283458111196875,nan,nan,nan
130.98,190.9445343017578,-221.90432739257812,-21.756792068481445,191.81925049562236,-222.18601785573404,-21.76413467810624,0.9189841406455104,0.3778084633162359,0.0699539778504498,3.508767093373594e-05,5.431712900144861,11.234475118256414,nan,0.000595785755454625,nan
130.99,190.95314025878906,-221.90890502929688,-21.758407592773438,191.82790136858813,-222.19077905063781,-21.765908753600264,0.9190844523424156,0.37785371788899574,0.06997558037695495,3.5792822728510996e-05,5.452575884873454,11.222005199032429,nan,nan,nan
131.0,190.9617462158203,-221.9134063720703,-21.759992599487305,191.83609949097263,-222.19864248225323,-21.76710187054109,0.9197303028914411,0.37779014357369434,0.06996881252252735,3.50676242359832e-05,5.164379987532048,11.060539745885968,1.8380083571958064,0.14317142376108064,nan
131.01,190.97035217285156,-221.91783142089844,-21.761547088623047,191.8447430135893,-222.2032666624123,-21.768806969612985,0.919828965262617,0.3778352100268724,0.06999040824811692,3.577220949829624e-05,5.182080515882437,10.824021494925478,nan,nan,nan
131.02,190.97894287109375,-221.9221649169922,-21.76306915283203,191.85338171626287,-222.20780243642108,-21.770185440492828,0.9199362630075361,0.3778803619741201,0.07001206563862898,3.506919472700074e-05,5.1384337456518825,10.865450100911291,nan,0.06179493267104039,nan
131.03,190.987548828125,-221.92640686035156,-21.76456069946289,191.86202515652406,-222.21225885915615,-21.771827740178207,0.9200396861177395,0.37792560029095085,0.0700337856519025,3.577409850871134e-05,5.155736339421846,11.259178265176567,nan,nan,nan
131.04,190.99615478515625,-221.93057250976562,-21.766021728515625,191.87066621065932,-222.21662869300053,-21.773292537487357,0.9201365322415155,0.37797092440380053,0.0700555676393039,3.507124051047964e-05,5.172451612986935,11.024280036090563,nan,0.015489194137783035,nan
131.05,191.0047607421875,-221.93466186523438,-21.7674560546875,191.8646691933791,-222.21293019192248,-21.77490502382816,0.9038425157126487,0.3779073398035601,0.07004871793477713,3.5754465286656694e-05,5.216816156672646,10.59912778534548,2.336745890335188,nan,nan
131.06,191.01336669921875,-221.93865966796875,-21.76885986328125,191.87330279980284,-222.21713183700678,-21.777193549995864,0.903939321166402,0.3779524755596756,0.07007049246688384,3.505258351960375e-05,5.631661244540725,11.353734293674083,nan,0.37789610805428636,nan
131.07,191.02197265625,-221.9425811767578,-21.77023696899414,191.88192517054586,-222.2212413094778,-21.77872930047905,0.904014334015412,0.3779976975807339,0.0700923298075067,3.575726625951529e-05,5.652952705222201,11.205165552083248,nan,nan,nan
131.08,191.03057861328125,-221.94642639160156,-21.77158546447754,191.89051862055632,-222.22524203202335,-21.778323228453875,0.9040356048958798,0.3780430053457222,0.07011422938863338,3.505548750609369e-05,4.916931787330635,10.42321331265282,nan,2.5817713815037204,nan
131.09,191.0391845703125,-221.9501953125,-21.772907257080078,191.89914130389104,-222.22919534419128,-21.779787253472943,0.9041094710604344,0.37808839965214497,0.07013619204848585,3.5760505118952155e-05,4.931592366625451,10.40098806259113,nan,nan,nan
131.1,191.04779052734375,-221.95388793945312,-21.774202346801758,191.91504561721797,-222.2342115531614,-21.778383961151746,0.9114440219858708,0.37802480356495244,0.07012925650314174,3.503766036466498e-05,4.208100631688715,9.562260485068053,0.9479918844320657,5.656410591103483,nan
131.11,191.056396484375,-221.95750427246094,-21.77547264099121,191.92368458526346,-222.23801284540528,-21.77976870412876,0.9115328658893559,0.3780700092460198,0.07015121099408705,3.574214439074368e-05,4.21147783239786,9.58968051710003,nan,nan,nan
131.12,191.0650177001953,-221.9610595703125,-21.776718139648438,191.93231443061597,-222.24173154220338,-21.78047843678779,0.9115890051103421,0.378115300617206,0.07017322798533554,3.504133432185715e-05,4.084950261390188,9.261104594711737,nan,0.2979378398111396,nan
131.13,191.07362365722656,-221.96453857421875,-21.777936935424805,191.9409541716419,-222.2453883725582,-21.781808148331088,0.9116763772044554,0.3781606784260254,0.07019530824160793,3.5746166953875874e-05,4.087227938073564,9.315412524991915,nan,nan,nan
131.14000000000001,191.0822296142578,-221.9679412841797,-21.779132843017578,191.94957970877593,-222.24896054169406,-21.782092657300527,0.9117438072480141,0.37820614222572946,0.07021745130403226,3.504537872254209e-05,3.9043521115124147,9.289275087800231,nan,0.7354938823596127,nan
131.15,191.09083557128906,-221.97128295898438,-21.780303955078125,191.95833957038988,-222.2562935429088,-21.783281522951302,0.9131281877783047,0.37814253474483606,0.07021042732683631,3.5728562440536826e-05,3.744858988344624,9.187791759961247,1.9100282001631395,nan,nan
131.16,191.0994415283203,-221.97454833984375,-21.781452178955078,191.9669813674075,-222.2597654022479,-21.78503513365022,0.9132288774749829,0.3781878096719168,0.07023256152737181,3.5028619797429116e-05,3.8499544408570623,9.55159189726658,nan,0.17959040560794096,nan
131.17000000000002,191.10806274414062,-221.97775268554688,-21.782577514648438,191.9756169210399,-222.26316418879304,-21.78626695562958,0.91330366692319,0.37823317093327563,0.0702547591783304,3.573328363736432e-05,3.8511358893124275,9.584148173359559,nan,nan,nan
131.18,191.11666870117188,-221.9809112548828,-21.783681869506836,191.98425521987434,-222.26650053368326,-21.787627865294507,0.9133910304370084,0.3782786181293932,0.0702770198874534,3.5033320596220525e-05,3.9025256490974503,8.839441308076136,nan,0.0160120647971913,nan
131.19,191.12527465820312,-221.98397827148438,-21.78476333618164,191.9928919145687,-222.26977153856726,-21.788818275869637,0.9134845032014013,0.37832415193755026,0.07029934432048077,3.573834182163617e-05,3.9050321114467947,9.741817338746081,nan,nan,nan
131.2,191.13389587402344,-221.98699951171875,-21.78582191467285,191.99988733680993,-222.27139095216296,-21.78756413440138,0.9114947834993962,0.3782605319349081,0.0702922280795497,3.501719348304233e-05,3.5486754823386804,8.979104296032153,1.0564168012204214,3.6547799912365306,nan
131.21,191.1425018310547,-221.98995971679688,-21.7868595123291,192.008524004234,-222.2745347113996,-21.788687882594438,0.911581414317559,0.3783058765947169,0.0703145429064512,3.572170124327598e-05,3.5431960149701,8.805641824021059,nan,nan,nan
131.22,191.15110778808594,-221.99285888671875,-21.787878036499023,192.01716558882237,-222.27762303447486,-21.790108707600556,0.9116752217523757,0.3783513071313207,0.07033692103718885,3.502247543425913e-05,3.579347415500249,8.844719732752289,nan,0.07085538790766024,nan
131.23,191.15972900390625,-221.99571228027344,-21.788875579833984,192.0258039297461,-222.28064896153697,-21.791196145374762,0.9117456194149838,0.3783968241776557,0.07035936307750161,3.572734994175688e-05,3.5759135066226393,8.647775960873672,nan,nan,nan
131.24,191.16835021972656,-221.9984893798828,-21.789852142333984,192.03445211377644,-222.28362613768658,-21.792957898235514,0.9118361186350038,0.37844242740019185,0.07038186872436086,3.50280387659074e-05,3.6878715112747154,9.38016610651225,nan,0.3389903162256918,nan
131.25,191.1769561767578,-222.001220703125,-21.790809631347656,192.06750314715558,-222.2890915537695,-21.793963600732766,0.9359238647765705,0.3783787948035709,0.07037465744255138,3.571127689040162e-05,4.093064211725189,8.858781895973555,12.167525348917803,nan,nan
131.26,191.18557739257812,-222.00389099121094,-21.791749954223633,192.07621732271198,-222.2919572036108,-21.796531810906224,0.9360793203722507,0.3784242086205534,0.07039715275322245,3.501270850247653e-05,4.455001868062561,9.481670537103597,nan,1.6535037669630273,nan
131.27,191.19418334960938,-222.0065155029297,-21.79266929626465,192.08491306968216,-222.29475067517177,-21.79756648420607,0.9362173525352414,0.37846970884549186,0.07041971215801755,3.571744446746699e-05,4.461521399793236,9.175372153059518,nan,nan,nan
131.28,191.2028045654297,-222.00909423828125,-21.79357147216797,192.09360753539028,-222.29748930154335,-21.79840881739941,0.936335967328739,0.3785152951862385,0.07044233540762741,3.5018758632903936e-05,4.446477304123169,9.0440402313516,nan,0.0215229057057678,nan
131.29,191.21142578125,-222.01173400878906,-21.7945613861084,192.10230505267427,-222.30023883594865,-21.79946015225125,0.9364426888269984,0.3785609682141001,0.07046502302785757,3.572386451948981e-05,4.440372637757607,9.323763193361959,nan,nan,nan
131.3,191.2200469970703,-222.01443481445312,-21.79564094543457,192.1171898223639,-222.31176182445245,-21.801071824495047,0.9451444832925218,0.3784973219595487,0.07045771300624472,3.50038954236759e-05,4.401337883151511,9.904777658164125,4.577454630850872,0.23851272210532268,nan
131.31,191.22866821289062,-222.0172119140625,-21.796804428100586,192.12588884499846,-222.31467582171405,-21.80230406860137,0.9452618076918919,0.3785428052994315,0.07048038951632012,3.570849852400762e-05,4.3963699064067825,9.722389001263691,nan,nan,nan
131.32,191.23728942871094,-222.0200653076172,-21.79805564880371,192.1345681927367,-222.3176386946383,-21.801879830435855,0.9453431786393711,0.37858837469286327,0.07050313010344095,3.5010369750365917e-05,3.958044930506169,8.935067007991158,nan,2.145111829514043,nan
131.33,191.24591064453125,-222.02296447753906,-21.79939079284668,192.14326864355465,-222.3206874255092,-21.803267762450332,0.9454656858144614,0.378634030672755,0.0705259352456297,3.571534896881459e-05,3.9514693939578995,9.603984234226427,nan,nan,nan
131.34,191.25453186035156,-222.02593994140625,-21.800809860229492,192.15193766879847,-222.323773003508,-21.80194133811024,0.9455384699510325,0.37867977300417804,0.07054880476474124,3.501705187210262e-05,3.557895523030129,8.883103004207081,nan,5.529241828886722,nan
131.35,191.26315307617188,-222.02899169921875,-21.80231285095215,192.16243531212285,-222.3234386421519,-21.803463307122904,0.9462604639575022,0.3786161128722557,0.07054139307929816,3.5700395662277444e-05,3.7192188276668863,8.426385051747936,1.8309349384927431,nan,nan
131.36,191.2717742919922,-222.03208923339844,-21.803895950317383,192.17113941013315,-222.32666256106563,-21.804355602216308,0.9463779754313291,0.3786616652488451,0.07056425072272568,3.5002762602790406e-05,3.678627963249343,9.006294055588677,nan,0.3668920188591133,nan
131.37,191.2803955078125,-222.03526306152344,-21.805561065673828,192.17985215982642,-222.32995762767416,-21.80604414865624,0.9465027150198934,0.37870730411178155,0.07058717310427517,3.570761761881855e-05,3.670106474019561,8.601100023757432,nan,nan,nan
131.38,191.2890167236328,-222.0384979248047,-21.80730438232422,192.1885780286859,-222.33332742455934,-21.808988199071678,0.9466455570662264,0.3787530292615619,0.07061016008803589,3.5009792853638316e-05,3.7355053718328035,8.802298570275507,nan,0.9725010745186936,nan
131.39000000000001,191.29763793945312,-222.0417938232422,-21.809127807617188,192.19729140808562,-222.33674823260745,-21.81085050868689,0.9467721135127831,0.37879884117827334,0.07063321208910184,3.571502319067522e-05,3.7285615526495732,8.794575692963,nan,nan,nan
131.4,191.30625915527344,-222.04513549804688,-21.8110294342041,192.2134354783381,-222.34345140699224,-21.813955234948075,0.9549711110651669,0.37873516615836444,0.07062569515087347,3.4995837250827885e-05,3.9160310602567123,9.541308530645887,0.5023102836167854,0.9548944477716692,nan
131.41,191.3148956298828,-222.04855346679688,-21.81300926208496,192.22216149833227,-222.3470004050199,-21.815987574343833,0.9550972732303051,0.3787807878314272,0.07064873447340773,3.570056882893505e-05,3.910665681652396,9.159170906735044,nan,nan,nan
131.42000000000002,191.32351684570312,-222.05203247070312,-21.8150634765625,192.23087138817388,-222.35059517434198,-21.816524190429508,0.9552141578889294,0.37882649572481736,0.07067183861774375,3.500316477648297e-05,3.714331563796422,8.862061516153622,nan,1.7480153888190124,nan
131.43,191.33213806152344,-222.05557250976562,-21.817195892333984,192.2395976468024,-222.3542635380066,-21.818695417328318,0.9553541112286644,0.37887229028611774,0.07069500796191013,3.570827569113354e-05,3.7076341878337438,8.719324446482666,nan,nan,nan
131.44,191.34075927734375,-222.0591583251953,-21.819400787353516,192.24831086383864,-222.3579791254105,-21.81964634299534,0.9554809328752798,0.3789181713643248,0.07071824242527756,3.5010640970493965e-05,3.637257941333474,9.105743904718167,nan,1.185880421734598,nan
131.45,191.34938049316406,-222.06280517578125,-21.82162857055664,192.2665256767039,-222.35819961210169,-21.822114585148352,0.963542109567395,0.3788544811083126,0.0707106171989492,3.5694110410314315e-05,3.967878157136979,9.04915711623135,7.7045681330848605,nan,nan
131.46,191.35801696777344,-222.06651306152344,-21.8238468170166,192.27527134892478,-222.36201474357088,-21.82351564086334,0.9636788643069003,0.3789001716667362,0.07073383818445303,3.4997081188897934e-05,3.9552423900502243,8.976214347419386,nan,0.564497837220056,nan
131.47,191.36663818359375,-222.07028198242188,-21.82603645324707,192.28402579210731,-222.36589388895914,-21.82578384408834,0.9638394510250233,0.378945948794544,0.07075712455062629,3.570207129549377e-05,3.9452921872790454,8.783005158813115,nan,nan,nan
131.48,191.37525939941406,-222.07411193847656,-21.82819175720215,192.2927737571118,-222.36982353203427,-21.827347172855713,0.9639910043504851,0.3789918123703991,0.07078047624914632,3.5004795268485355e-05,3.9555162893267637,8.621857568111569,nan,0.32135720295038056,nan
131.49,191.38388061523438,-222.07797241210938,-21.83030891418457,192.30152802308402,-222.37381402220973,-21.829542630638702,0.9641574615125947,0.37903776279759954,0.07080389360984188,3.571016125725253e-05,3.942286732671876,9.302151392817354,nan,nan,nan
131.5,191.3925018310547,-222.0819091796875,-21.83238410949707,192.32981179701943,-222.3977148509999,-21.83156557252171,0.9890823344558769,0.37897405633745224,0.07079615659687448,3.4991464168508274e-05,3.6145229031901693,9.306372274533901,15.44332979622782,0.004263537479252799,nan
131.51,191.401123046875,-222.0858917236328,-21.834421157836914,192.3385797075204,-222.40186843888642,-21.833681838708415,0.9892759078051372,0.3790198159499074,0.07081955964881179,3.569633100768066e-05,3.602392325488516,9.466065617223983,nan,nan,nan
131.52,191.40975952148438,-222.08993530273438,-21.836416244506836,192.3473489416365,-222.40607673377173,-21.83592586877351,0.9894541756281203,0.37906566193980484,0.0708430282408951,3.499937578380288e-05,3.5856657074687943,9.371947794758032,nan,0.01966049912585515,nan
131.53,191.4183807373047,-222.09402465820312,-21.8383731842041,192.35611638980458,-222.41033668621395,-21.83796602000468,0.9896472193748705,0.37911159468351335,0.07086656267501941,3.570462111779723e-05,3.575247497925679,9.434180628907209,nan,nan,nan
131.54,191.427001953125,-222.09815979003906,-21.84029197692871,192.36487830527332,-222.41464465622803,-21.839369822880844,0.9898361343241533,0.37915761409992155,0.07089016294458422,3.5007389924356094e-05,3.58653451972411,9.616780351623035,nan,0.2525794499812618,nan
131.55,191.4356231689453,-222.10235595703125,-21.84217071533203,192.36058458926863,-222.41456805011836,-21.841273973588663,0.9762329764467657,0.37909389097685486,0.07088231102993764,3.5690984106948356e-05,3.483089800227822,9.191706481854048,1.7970791330543139,nan,nan
131.56,191.44424438476562,-222.10659790039062,-21.844013214111328,192.36932811133565,-222.41897772014278,-21.843213378710313,0.9764024235374145,0.37913971929352946,0.07090589615929112,3.4994316408336656e-05,3.4706270731582944,9.294115478372113,nan,0.0002470052110322025,nan
131.57,191.45286560058594,-222.1108856201172,-21.84581756591797,192.37807126347516,-222.42343777033432,-21.84509823444085,0.9765730298781642,0.3791856342668898,0.07092954730857387,3.5699437301428174e-05,3.45852215778242,9.480571906814173,nan,nan,nan
131.58,191.46148681640625,-222.115234375,-21.84758758544922,192.38682951532766,-222.42795980339943,-21.848797674894065,0.9767588076548046,0.37923163584014447,0.07095326449515228,3.500248336691132e-05,3.4779461485582317,9.061600260120917,nan,2.41658364541931,nan
131.59,191.47010803222656,-222.11962890625,-21.849321365356445,192.39557212463043,-222.43251889938009,-21.85063077814866,0.9769266342421655,0.3792777243533236,0.07097704798511671,3.5707977665824256e-05,3.476142576876107,9.193133440099425,nan,nan,nan
131.6,191.47872924804688,-222.12400817871094,-21.85102081298828,192.4320403172554,-222.45089268293702,-21.851931550027782,1.0077977491642802,0.37921398363179515,0.0709690777447677,3.498955838304318e-05,3.5152979889596763,9.992354010851363,7.409548836878446,0.14682215836933507,nan
131.61,191.4873504638672,-222.12835693359375,-21.852685928344727,192.44082534567548,-222.4554748125911,-21.853692159364673,1.0080285062933083,0.3792598807443297,0.07099284523642407,3.569455045281371e-05,3.511102031579842,9.500029105505687,nan,nan,nan
131.62,191.4959716796875,-222.13262939453125,-21.854318618774414,192.4496182307448,-222.46000725494173,-21.85645257049522,1.0082770262087466,0.3793058643823208,0.0710166789622289,3.4997846888721366e-05,3.6034388888413935,9.884704425291696,nan,0.7526153535728521,nan
131.63,191.5045928955078,-222.13682556152344,-21.855918884277344,192.45840293219192,-222.46446312929052,-21.858159063696025,1.0085162270858559,0.37935193486395563,0.07104057916790184,3.570321416809142e-05,3.6043614243533186,9.914624831620648,nan,nan,nan
131.64000000000001,191.51321411132812,-222.1409454345703,-21.857486724853516,192.45191739980135,-222.48435672289511,-21.860007407591077,0.9995506643391331,0.37873516639031807,0.07038044546666283,3.500602583046856e-05,3.2859070577556375,9.525777207348415,nan,0.023113851317004542,0.3517978260122868
131.65,191.52183532714844,-222.14498901367188,-21.859024047851562,192.4586811528019,-222.49335424538606,-21.861703816528255,0.9995226945256075,0.3786696445794419,0.07037366254309728,3.568972704604482e-05,3.1316163796469927,9.706679516854498,5.091352716846344,nan,nan
131.66,191.53045654296875,-222.14895629882812,-21.86052894592285,192.46743771805035,-222.49760166665573,-21.86143364849318,0.9997440339665332,0.3787142493297158,0.0703945165316381,3.499326059148676e-05,2.9451019077399216,9.46513984130726,nan,2.5175502272519172,nan
131.67000000000002,191.53907775878906,-222.15283203125,-21.86200523376465,192.47618981352812,-222.5017990792531,-21.86300315485701,0.9999789995673714,0.37875893936627164,0.07041543045805106,3.569849191374237e-05,2.9406671435268414,9.857913287716967,nan,nan,nan
131.68,191.54769897460938,-222.15664672851562,-21.863452911376953,192.48494240379333,-222.50591576572668,-21.864331482669815,1.0002074173841886,0.3788037148184559,0.07043640382849509,3.500171197795096e-05,2.9264123672846187,9.253736248218914,nan,0.03188998500524976,nan
131.69,191.55630493164062,-222.16036987304688,-21.864870071411133,192.49369466751634,-222.5099593627483,-21.8658420496135,1.0004565322773742,0.37884857584641907,0.07045743740923181,3.570731275446274e-05,2.9223447466885295,9.754100592554016,nan,nan,nan
131.7,191.56492614746094,-222.16403198242188,-21.866260528564453,192.54067339141525,-222.53015681895673,-21.867582064295824,1.0421764852791513,0.3787830701028034,0.07045058950941367,3.498903600541283e-05,3.1284079585969486,10.113498227976713,13.933158339665155,0.10106691961101859,nan
131.71,191.57354736328125,-222.16761779785156,-21.86762237548828,192.54948936545455,-222.53407938808144,-21.869039799537827,1.0424772888704916,0.3788277430970527,0.07047161718853856,3.569413027255579e-05,3.1268799644223266,10.263606950765087,nan,nan,nan
131.72,191.58216857910156,-222.17112731933594,-21.868955612182617,192.558311070879,-222.53789892215374,-21.868264542593863,1.0427732497835682,0.3788725014337648,0.07049270459476746,3.499755288780329e-05,3.076328589689478,10.425257580184688,nan,3.4390912642376454,nan
131.73,191.59078979492188,-222.17457580566406,-21.870264053344727,192.56712749154764,-222.54167848696721,-21.86964830838475,1.0430724114913204,0.3789173452750249,0.07051385242847892,3.57030180258537e-05,3.0657312386048066,10.024049761469032,nan,nan,nan
131.74,191.5994110107422,-222.17794799804688,-21.871545791625977,192.57594302567995,-222.54539455346074,-21.871438405407947,1.043375176442163,0.37896227474731137,0.07053506029318986,3.5006111912522574e-05,3.047790655202087,10.293715943374874,nan,0.1314369758399565,nan
131.75,191.6080322265625,-222.18125915527344,-21.872802734375,192.57702588717018,-222.54100361911915,-21.872711665703918,1.033617338215171,0.3788967846361673,0.07052814494876712,3.568990458882742e-05,3.125235946590371,9.582819328862579,3.907809423899086,nan,nan
131.76,191.6166534423828,-222.1844940185547,-21.874034881591797,192.5858399144291,-222.54456041987956,-21.874418966042608,1.0339102371489706,0.37894152588518376,0.0705493463578194,3.499351414069093e-05,3.1211176745662708,9.897560423569745,nan,0.11014845774151877,nan
131.77,191.6252899169922,-222.1876678466797,-21.875242233276367,192.5946554190023,-222.5480464861282,-21.875711561179433,1.0341868595794168,0.37898635256673513,0.07057060841030932,3.569883799792255e-05,3.1149321614323244,9.814964322564808,nan,nan,nan
131.78,191.6339111328125,-222.19078063964844,-21.87642478942871,192.6034761893571,-222.55144537027252,-21.875186670246606,1.034474252810384,0.37903126480560023,0.07059193076950096,3.500211670751872e-05,3.1448387484802347,9.7196343809455,nan,2.272476102892053,nan
131.79,191.6425323486328,-222.19383239746094,-21.877582550048828,192.61229268939053,-222.55480453790437,-21.876414940408633,1.0347644021684888,0.37907626276638773,0.07061331404742195,3.5707805140687765e-05,3.1316393758950856,9.712756745602551,nan,nan,nan
131.8,191.65115356445312,-222.1968231201172,-21.878719329833984,192.61436756063992,-222.54773589623704,-21.876554671074313,1.0251466551873565,0.3790107877828479,0.07060632766311269,3.498956630071688e-05,3.3983907431481866,9.26568011304357,8.225149911229789,0.8282201138397198,nan
131.81,191.65977478027344,-222.1997528076172,-21.879833221435547,192.62319001763464,-222.5509400406745,-21.877728338826202,1.0254295796265087,0.37905559732631317,0.07062770388125687,3.569474322965073e-05,3.380501148850818,9.301951923445637,nan,nan,nan
131.82,191.66839599609375,-222.20263671875,-21.880924224853516,192.63201459865766,-222.5540775334717,-21.878267492634887,1.0257087869788233,0.3791004923528002,0.07064914067570308,3.499819489540033e-05,3.450437015711058,9.01521537322486,nan,0.2654866401421347,nan
131.83,191.67703247070312,-222.2054443359375,-21.881994247436523,192.6408379174569,-222.5571645115474,-21.879392660290904,1.0259799166548,0.37914547302834956,0.07067063860462358,3.570373774791445e-05,3.4299775032055533,9.587644989363248,nan,nan,nan
131.84,191.68565368652344,-222.2082061767578,-21.883041381835938,192.64966445050808,-222.56018319797667,-21.879502735246625,1.026263659380008,0.37919053947561515,0.0706921974109845,3.500684790000409e-05,3.590425771274678,9.450716453959734,nan,0.6980126750554314,nan
131.85,191.69427490234375,-222.21090698242188,-21.884069442749023,192.65654428705636,-222.57082046693498,-21.880610218902845,1.0273811616528554,0.3791250791207821,0.07068513732294066,3.5690708896032254e-05,3.3249684939346436,9.913691609883935,10.081220530520902,nan,nan
131.86,191.70291137695312,-222.21356201171875,-21.88507652282715,192.6653472705942,-222.57377399567443,-21.881866099308017,1.0276409049727178,0.37916995695063677,0.07070668847485229,3.499432361522871e-05,3.2771722640240872,9.677999276385902,nan,0.02845667794226632,nan
131.87,191.71153259277344,-222.21615600585938,-21.886062622070312,192.67415152481937,-222.5766719155206,-21.882903980137698,1.0279187256154814,0.37921492035589127,0.07072830097554174,3.569971526351673e-05,3.255197411537587,9.910278897626453,nan,nan,nan
131.88,191.7201690673828,-222.2187042236328,-21.88702964782715,192.68296145647687,-222.57949899520327,-21.88223307335813,1.0281853231867615,0.3792599694580546,0.07074997461622866,3.5002988958500034e-05,3.6261106475153753,10.119617678347042,nan,2.016247905540329,nan
131.89000000000001,191.72879028320312,-222.22119140625,-21.887977600097656,192.6917674025718,-222.582293374209,-21.883216693981357,1.028465959533178,0.379305104424868,0.0707717098836327,3.570874029133232e-05,3.5967537485756123,10.36606621399644,nan,nan,nan
131.9,191.7374267578125,-222.22364807128906,-21.888906478881836,192.69851836533329,-222.58793418494642,-21.885443649562575,1.0278197516283498,0.3792396581241592,0.07076457258705283,3.499048392051663e-05,3.205264882983313,9.58574441689055,3.6609162845050003,1.505585450654013,nan
131.91,191.7460479736328,-222.22604370117188,-21.889816284179688,192.70731430648468,-222.59064160111794,-21.8864019180608,1.028093502175528,0.3792846042688286,0.07078629956189572,3.5695718892819354e-05,3.183024159302445,9.947971677736385,nan,nan,nan
131.92000000000002,191.7546844482422,-222.22850036621094,-21.89081573486328,192.71610788095248,-222.59337152094727,-21.888458588953632,1.028334348672602,0.3793296360350309,0.07080808793344943,3.499914895398942e-05,3.0099483366656443,10.19188772019153,nan,0.7967495153360084,nan
131.93,191.76332092285156,-222.23104858398438,-21.891902923583984,192.72490518080875,-222.59616190615975,-21.889552857553888,1.028570632475648,0.3793747535913603,0.07082993814547685,3.570474508779097e-05,3.0011267472570498,9.510960771627191,nan,nan,nan
131.94,191.77195739746094,-222.23365783691406,-21.893075942993164,192.73369930385192,-222.59903565350075,-21.892021456721363,1.0288097760536277,0.3794199570580586,0.07085185005286142,3.500782676065335e-05,2.873317807055629,9.737084955239677,nan,1.1676015482333513,nan
131.95,191.78057861328125,-222.236328125,-21.89433479309082,192.77725079317986,-222.62428028283642,-21.893320647343174,1.069515469474557,0.3793545242513719,0.07084463272439855,3.56917334082045e-05,2.9037736275905233,11.285462151774624,17.26968941677309,nan,nan
131.96,191.78921508789062,-222.23907470703125,-21.89567756652832,192.78609458270782,-222.62732521689927,-21.89391944899093,1.0698178707504524,0.37939953868559045,0.07086653570536425,3.4995314007678176e-05,2.9594457007068407,11.142459744416586,nan,0.41891284879469415,nan
131.97,191.7978515625,-222.2418975830078,-21.897106170654297,192.79493664377105,-222.6304457144264,-21.895365705780762,1.070117441657762,0.37944463883461266,0.0708885007388703,3.5700749677704464e-05,2.9523260470507497,10.732454487626093,nan,nan,nan
131.98,191.80648803710938,-222.24476623535156,-21.89861488342285,192.80378349260778,-222.63361992890322,-21.895420471626394,1.0704277765516246,0.37948982481811405,0.07091052771780004,3.500398421563829e-05,3.155061046888735,11.846433341639521,nan,1.5369139861249554,nan
131.99,191.81512451171875,-222.2477264404297,-21.90020751953125,192.8126263298596,-222.63687444653164,-21.897019261808698,1.0707269553134091,0.37953509680553005,0.07093261702957242,3.5709775096941586e-05,3.1447246150957033,10.84270866455721,nan,nan,nan
132.0,191.82376098632812,-222.250732421875,-21.901880264282227,192.83861256215644,-222.65999788473536,-21.897009224125117,1.0942786057872718,0.37946967685424365,0.07092531623562229,3.499147321383788e-05,3.4708501546851913,13.462282662189995,22.966017060523555,2.5138106643859834,nan
132.01,191.8323974609375,-222.25381469726562,-21.90363121032715,192.84745938488666,-222.66344153510317,-21.8987566139037,1.094608887876604,0.37951475959404646,0.07094739594963921,3.569674339795159e-05,3.456466314385094,13.079464974996258,nan,nan,nan
132.02,191.8410186767578,-222.25694274902344,-21.90546226501465,192.85630460114942,-222.6669546198042,-21.901176047829335,1.0949582704864176,0.3795599280918652,0.07096953785359408,3.500012687385412e-05,3.313791995264569,13.587626122944362,nan,0.24730469989333237,nan
132.03,191.8496551513672,-222.26014709472656,-21.907371520996094,192.8651516968799,-222.67052600875937,-21.903089094893787,1.0952910235203839,0.37960518251742725,0.07099174230152763,3.5705753991554384e-05,3.300622344970298,13.094842401790357,nan,nan,nan
132.04,191.85829162597656,-222.26341247558594,-21.909358978271484,192.87399687721776,-222.67416597152788,-21.905801123837104,1.0956223118190218,0.3796505229899736,0.07101400923586107,3.500878632046643e-05,3.1467396455076275,12.960016709205457,nan,0.3661368529170026,nan
132.05,191.86692810058594,-222.26675415039062,-21.911420822143555,192.90335386453327,-222.68024862316472,-21.907827136003526,1.1158713894390397,0.3795851152756198,0.07100662202646328,3.569271824558078e-05,3.3181145756917316,12.655310191513,9.118096534274175,nan,nan
132.06,191.8755645751953,-222.2701416015625,-21.913558959960938,192.91224274960473,-222.68401108603197,-21.911691527650536,1.1162405989639073,0.3796302662802495,0.07102887869150358,3.4996247592601e-05,3.0536433180077522,12.945434202137909,nan,2.070529011436778,nan
132.07,191.8842010498047,-222.27359008789062,-21.915771484375,192.92113670671344,-222.68782058122073,-21.913936664630796,1.1166135521015255,0.37967550313566667,0.07105119810970256,3.570170622888082e-05,3.0460580903671155,12.92140985983136,nan,nan,nan
132.08,191.89283752441406,-222.277099609375,-21.918006896972656,192.93003274344514,-222.69168470040992,-21.915555158849646,1.1169873459933113,0.37972082596107426,0.07107358025259829,3.5004887982485366e-05,3.1213180018904487,12.901803326106112,nan,0.3226370390893193,nan
132.09,191.90147399902344,-222.28065490722656,-21.920230865478516,192.93892670979608,-222.6956130430979,-21.917849618124336,1.1173647801654891,0.3797662349262556,0.07109602543100224,3.571069801684613e-05,3.1061354204551863,13.409591620876741,nan,nan,nan
132.1,191.9101104736328,-222.28428649902344,-21.922426223754883,192.92157515923927,-222.67651693693108,-21.92102728755006,1.0848536692442403,0.37970083875181077,0.07108854842755034,3.499234140244563e-05,3.024304518283003,11.23541226434615,21.861617936082308,0.49368915600308916,nan
132.11,191.9187469482422,-222.2879638671875,-21.92458724975586,192.9304481323009,-222.68049937561614,-21.92328270159311,1.085184368229223,0.3797460580238539,0.07111098263287434,3.569762712388442e-05,3.012513009158561,11.56297383651785,nan,nan,nan
132.12,191.92738342285156,-222.2917022705078,-21.92671012878418,192.93932201682333,-222.68453608768283,-21.925107206707654,1.0855140235137577,0.3797913631883061,0.07113347979594281,3.500095649075677e-05,3.034820087065829,11.377630784130538,nan,0.11001935821881545,nan
132.13,191.93601989746094,-222.29550170898438,-21.928791046142578,192.94819456874365,-222.6886318899211,-21.9272840023014,1.0858412294303195,0.3798367544147568,0.07115604020237075,3.570659563277376e-05,3.021714292634186,11.267751625540917,nan,nan,nan
132.14000000000001,191.9446563720703,-222.29934692382812,-21.930831909179688,192.95706217371463,-222.69279414510115,-21.931028266826747,1.0861704570125563,0.37988223182269626,0.07117866386114464,3.5009573791848985e-05,2.9557922116333657,11.512089543575792,nan,1.8215325428543507,nan
132.15,191.95327758789062,-222.30325317382812,-21.93283462524414,192.95648871554545,-222.69511424229873,-21.93306722789764,1.0770272595145294,0.37981684651427045,0.07117109401647431,3.569351389427903e-05,2.872336272606507,10.994596931955456,1.6261360771744904,nan,nan
132.16,191.9619140625,-222.30722045898438,-21.934795379638672,192.9653414884421,-222.69937475807689,-21.934918972760755,1.0773354207046197,0.3798621339990812,0.07119370599449018,3.4996989548084954e-05,2.8682003515372343,10.858873272100979,nan,0.034830786134912264,nan
132.17000000000002,191.97055053710938,-222.3112335205078,-21.936717987060547,192.97419337056857,-222.70369052444573,-21.936952243318185,1.0776462740481807,0.3799075074673542,0.07121638142149632,3.570245370379463e-05,2.8661707002603376,11.062924202205032,nan,nan,nan
132.18,191.97918701171875,-222.31529235839844,-21.938602447509766,192.9830404392048,-222.708068923428,-21.94047055689746,1.077960399896311,0.37995296703897785,0.07123912032811267,3.500558245948062e-05,2.961134845930237,11.377202900838869,nan,1.636628589267773,nan
132.19,191.98782348632812,-222.3194122314453,-21.940448760986328,192.99189156708536,-222.71249040432357,-21.94244458394633,1.078270441075948,0.3799985128829488,0.07126192296779292,3.57113949629968e-05,2.9699543954046432,11.085170971646152,nan,nan,nan
132.2,191.99644470214844,-222.32357788085938,-21.942258834838867,192.99647827471634,-222.71866735703358,-21.943196473735703,1.0752505380669328,0.3799331376905529,0.07125425694536401,3.4992986373649174e-05,2.8131562044313707,11.154606472099578,2.4752240559172827,0.763610403914581,nan
132.21,192.0050811767578,-222.3277587890625,-21.944032669067383,193.00531521222658,-222.7231834530813,-21.94508569931535,1.0755602723684143,0.37997849337641937,0.07127704716885021,3.569827174073714e-05,2.8161410839292293,11.168025173921233,nan,nan,nan
132.22,192.0137176513672,-222.3319091796875,-21.945772171020508,193.01415357394768,-222.72768662186755,-21.946347625868682,1.0758773861720239,0.38002393508689286,0.07129990109426007,3.5001550534937075e-05,2.79138781326223,10.93595444721252,nan,0.24798230769364732,nan
132.23,192.0223388671875,-222.3360137939453,-21.94747543334961,193.0229900054083,-222.73214719607537,-21.948162288562475,1.0762085506423973,0.3800694629903941,0.0713228189566482,3.570718658399567e-05,2.792205740150472,10.545736870431396,nan,nan,nan
132.24,192.03097534179688,-222.34002685546875,-21.949146270751953,193.03182305046403,-222.73655006933535,-21.95100596198948,1.0765362295486787,0.3801150772076674,0.07134580081402082,3.501011572456258e-05,2.8744196058674603,11.350931549168141,nan,0.7963154334368311,nan
132.25,192.03961181640625,-222.34397888183594,-21.950782775878906,193.02070842023937,-222.74199739378417,-21.9527710976644,1.0587602350531964,0.3800497114051273,0.07133803549528966,3.569405054547982e-05,2.693098487497086,11.093330814286034,13.648837066775084,nan,nan
132.26,192.04823303222656,-222.3478546142578,-21.9523868560791,193.0294940447446,-222.74626714897565,-21.954328839566852,1.0590606657827017,0.3800951352249049,0.07136100419419988,3.499747902780333e-05,2.6882203168473833,10.990029280280037,nan,0.020395764766786277,nan
132.27,192.05686950683594,-222.35165405273438,-21.95395851135254,193.0382789748514,-222.75046201666177,-21.956023546954487,1.0593472520256815,0.38014064515765666,0.07138403703153363,3.570293515212588e-05,2.6979652112073187,11.07971049096046,nan,nan,nan
132.28,192.0655059814453,-222.35537719726562,-21.95549964904785,193.04706369375512,-222.7545816855247,-21.957687625905077,1.0596341601155468,0.3801862413362879,0.07140713411460001,3.64227006294772e-05,2.708085648307842,11.073172018369176,nan,nan,nan
132.29,192.07412719726562,-222.35902404785156,-21.957008361816406,193.0558484685188,-222.7586271771433,-21.959321706749662,1.0599361617264895,0.3802319239052989,0.0714302955878992,3.71569199600573e-05,2.7189767322600495,11.156426009964715,nan,nan,nan
132.3,192.082763671875,-222.3625946044922,-21.95848846435547,193.06307649375893,-222.76162675562313,-21.958667723725778,1.0584138692024663,0.38016656669393023,0.07142242766611373,3.635094269459376e-05,2.568649162951378,11.114583586791593,0.06940381331214954,3.4274700327220504,nan
132.31,192.09140014648438,-222.36610412597656,-21.95993995666504,193.07185908605763,-222.7655254357466,-21.960221533848287,1.0586959876060924,0.380212058621061,0.07144557521469742,3.708287267923409e-05,2.5682074437912616,10.681959920858194,nan,nan,nan
132.32,192.1000213623047,-222.36953735351562,-21.961360931396484,193.08064767004848,-222.7693442931528,-21.95961997004615,1.0589979109364174,0.38025763670184226,0.07146878718520744,3.6303438133090065e-05,2.648011360128869,10.986627694835503,nan,2.965820382726087,nan
132.33,192.10865783691406,-222.37290954589844,-21.962753295898438,193.08943048631986,-222.77310338522685,-21.961097033321813,1.0592793975456118,0.3803033011044465,0.07149206378127194,3.703408269835933e-05,2.637045106137851,10.77066122487546,nan,nan,nan
132.34,192.11729431152344,-222.37620544433594,-21.96411895751953,193.09821022581212,-222.77679975508704,-21.96373805542697,1.0595621632529948,0.3803490519499818,0.07151540509131962,3.625730572916257e-05,2.565443543271375,10.960726050729326,nan,0.9321571348756461,nan
132.35,192.12591552734375,-222.3794403076172,-21.965457916259766,193.11677104515934,-222.77850636563525,-21.96513444409213,1.068198708331891,0.3802837025564596,0.07150743140401414,3.696320428964213e-05,2.6545083014071316,10.520070456516759,4.643137330996415,nan,nan
132.36,192.13455200195312,-222.3826141357422,-21.966768264770508,193.12558572596268,-222.78204579575325,-21.965006750580184,1.0685020337255704,0.38032926251167404,0.07153075801425428,3.619001721012315e-05,2.735346748888042,10.590215199191213,nan,1.556180051187095,nan
132.37,192.1431884765625,-222.38572692871094,-21.968053817749023,193.13439647568273,-222.7855274696691,-21.966374463308725,1.0688014737553966,0.38037490870709295,0.07155414944627035,3.6917381932548995e-05,2.724013376124847,10.436481383129092,nan,nan,nan
132.38,192.1518096923828,-222.38876342773438,-21.969314575195312,193.14321037242175,-222.7889428940445,-21.96673386820724,1.069123741054555,0.3804206412649831,0.07157760579998061,3.6146744195070425e-05,2.8299714278911563,10.93755152626031,nan,0.6395149648842053,nan
132.39000000000001,192.1604461669922,-222.39175415039062,-21.970548629760742,193.15202204432217,-222.792300589383,-21.968042558033787,1.0694234197396657,0.3804664603517895,0.07160112726188489,3.6873030490322016e-05,2.814199624811547,10.506557980581006,nan,nan,nan
132.4,192.16908264160156,-222.39466857910156,-21.971757888793945,193.1658744892368,-222.80021582915458,-21.970977351848745,1.0761334344659985,0.3804011179337827,0.07159304452657626,3.6082526676857384e-05,2.6695266844514602,11.255579683171781,0.8195825925943491,1.7391236735232602,nan
132.41,192.17771911621094,-222.3975372314453,-21.972944259643555,193.1746907430016,-222.8034668197078,-21.972255234317092,1.0764440208429278,0.3804467458767814,0.07161655049229494,3.680689122151519e-05,2.6641525032330535,10.713907684669895,nan,nan,nan
132.42000000000002,192.1863555908203,-222.4003448486328,-21.974105834960938,193.18350380071956,-222.8066645294269,-21.97485014486185,1.0767547490042135,0.38049246010114024,0.07164012158292768,3.604213924451839e-05,2.665277371325103,10.88142231919408,nan,1.194239280438383,nan
132.43,192.1949920654297,-222.40310668945312,-21.97524642944336,193.19232082003776,-222.80980116163437,-21.97609587934724,1.0770634893245694,0.3805382607721062,0.07166375797570584,3.676556091245307e-05,2.6683068061557855,10.386389763051927,nan,nan,nan
132.44,192.20362854003906,-222.4058074951172,-21.976362228393555,193.20113309830967,-222.8128884742588,-21.979293669874522,1.077375914293009,0.3805841480137309,0.07168745978439024,3.600317504699718e-05,2.886164253828733,10.900431853737846,nan,2.5972522593121896,nan
132.45,192.21224975585938,-222.408447265625,-21.97745704650879,193.1732817795121,-222.78763895143462,-21.980567983671595,1.0331401468354808,0.3805188117520469,0.0716792648063895,3.670262484999969e-05,2.8271808824382765,9.538983459815872,26.121885702567866,nan,nan
132.46,192.22088623046875,-222.41104125976562,-21.97852897644043,193.18206069168164,-222.7905428590668,-21.981809730541006,1.0333869421022808,0.380564507592609,0.07170295031217973,3.5943493522489495e-05,2.860070846036974,9.433384596551875,nan,0.0010607709613935556,nan
132.47,192.22952270507812,-222.41357421875,-21.97957992553711,193.19084014521783,-222.79339445715405,-21.982991388849047,1.0336373988493264,0.38061028979679795,0.07172670131124623,3.666430685872449e-05,2.875124364737705,9.683461799131907,nan,nan,nan
132.48,192.2381591796875,-222.4160614013672,-21.980609893798828,193.19962266072207,-222.79619231760088,-21.983217264342727,1.0338850696382729,0.38065615848988105,0.07175051792471583,3.59074170182401e-05,2.7442321919010446,9.356441704308567,nan,0.5865238339871726,nan
132.49,192.24681091308594,-222.4185028076172,-21.981618881225586,193.20840340661726,-222.79894258913797,-21.98434959226701,1.0341189524238326,0.38070211383529245,0.07177440031882225,3.662746685181508e-05,2.7556434812615613,9.315748978319442,nan,nan,nan
132.5,192.2554473876953,-222.4208984375,-21.982608795166016,193.2185927115607,-222.80828710098478,-21.983529352781677,1.0381328137124808,0.38063678284956526,0.0717660898391364,3.585076159255207e-05,2.5268907676951438,9.32063998103154,4.224441367622888,2.924942425990339,nan
132.51,192.2640838623047,-222.42324829101562,-21.983577728271484,193.2273667869569,-222.8109617289922,-21.98460582964715,1.0383817987169195,0.38068254653175254,0.07178995510509194,3.6569207019338665e-05,2.5302598867919355,9.30600333580627,nan,nan,nan
132.52,192.27272033691406,-222.425537109375,-21.984527587890625,193.23614619397526,-222.81358462121614,-21.983689652678294,1.03863899196767,0.3807283966204082,0.07181388617971869,3.581753705066919e-05,2.5190119767090446,9.722670701077687,nan,2.6253368949809683,nan
132.53,192.28135681152344,-222.42779541015625,-21.985458374023438,193.24492131858915,-222.8161658742404,-21.9847098311927,1.0388882215936872,0.38077433327775045,0.0718378832235188,3.6535335487826716e-05,2.5129673065229596,9.205345396189301,nan,nan,nan
132.54,192.29000854492188,-222.42999267578125,-21.986371994018555,193.25369946916405,-222.81869958860617,-21.98471955522273,1.0391323265583563,0.3808203566308591,0.07186194636619612,3.578570722314844e-05,2.571975153150098,9.76317506252171,nan,0.6647793099326698,nan
132.55,192.29864501953125,-222.43215942382812,-21.987266540527344,193.2771765895612,-222.82809045272273,-21.985657094309673,1.0555984101465694,0.380755030059897,0.07185351717493231,3.648015861165679e-05,2.635943718700861,9.608871735384131,2.024592170966852,nan,nan
132.56,192.30728149414062,-222.4342803955078,-21.988142013549805,193.2859765449263,-222.83055118129656,-21.986785038195844,1.0558770664637722,0.3808008614840314,0.07187756235266804,3.573342909124671e-05,2.6150257146325475,9.729663326995539,nan,0.019756415174144153,nan
132.57,192.31593322753906,-222.43646240234375,-21.98910903930664,193.29477759852102,-222.83302747716482,-21.987780416783718,1.056125904619671,0.3808467793925592,0.07190167368510861,3.6449193034266356e-05,2.610697158626116,10.12804866215537,nan,nan,nan
132.58,192.32456970214844,-222.43873596191406,-21.990161895751953,193.30358202562118,-222.83557617733788,-21.98768840620293,1.0563869576247504,0.38089278391375964,0.07192585130631189,3.570437493164167e-05,2.732659114821635,9.752701154878348,nan,0.9391501395537944,nan
132.59,192.33322143554688,-222.4410858154297,-21.991302490234375,193.31238433442923,-222.83820070361628,-21.988850213997118,1.0566296563251867,0.3809388752080616,0.07195009537026809,3.6419643137353254e-05,2.725393604780497,9.677055608572582,nan,nan,nan
132.6,192.34185791015625,-222.44349670410156,-21.992528915405273,193.26766907113665,-222.82353753028556,-21.99082102359842,1.0007798220672324,0.3808735521375167,0.07194154422962802,3.5654954412260975e-05,2.349207380390833,9.239522512274107,28.680631319332853,0.4232906429959925,nan
132.61,192.3505096435547,-222.44598388671875,-21.99384117126465,193.27637538051502,-222.8262867527931,-21.992163293960747,1.0009297917904671,0.38091945123236753,0.0719657694754689,3.636888528515773e-05,2.3438242350851977,9.173640609362963,nan,nan,nan
132.62,192.35914611816406,-222.4485321044922,-21.995237350463867,193.28508120226633,-222.8291074735869,-21.993932560072448,1.0010969453609424,0.38096543685613043,0.07199006119594734,3.5628597638081254e-05,2.31331139630505,9.34424827252398,nan,0.0794248846324634,nan
132.63,192.3677978515625,-222.45115661621094,-21.996715545654297,193.293788013647,-222.8319978304419,-21.99544815016472,1.0012489286014392,0.3810115091680639,0.07201441954186319,3.634213056458354e-05,2.3087969519016998,9.311216256700195,nan,nan,nan
132.64000000000001,192.37643432617188,-222.453857421875,-21.998275756835938,193.24713884314335,-222.83312913126,-21.998622448353007,0.9497228572638166,0.3722177461882624,0.07202917782711322,3.560350291328145e-05,2.0488781029173477,8.721844199142712,nan,1.700704978539625,0.3466003916441964
132.65,192.3850860595703,-222.4566192626953,-21.99991798400879,193.26617221607458,-222.84041700531455,-22.000323508892198,0.9610482229698544,0.372143693271626,0.07202031044526828,3.629418090935174e-05,2.099533581554033,9.20626945403111,1.06253633539908,nan,nan
132.66,192.39373779296875,-222.45944213867188,-22.00164031982422,193.27490314011624,-222.84355299128686,-22.000951945122363,0.9612460610946029,0.372183988232021,0.07204506689500781,3.555814945345077e-05,2.1092528295675814,9.441324989848676,nan,0.9059590059863658,nan
132.67000000000002,192.40237426757812,-222.46234130859375,-22.003442764282227,193.2836106709752,-222.84675673634948,-22.00280096350887,0.9614329054474243,0.3722243685783945,0.07206988378479827,3.6270124914017976e-05,2.1082614074312604,8.997879073137625,nan,nan,nan
132.68,192.41102600097656,-222.46530151367188,-22.00532341003418,193.2923002197211,-222.8500271357954,-22.005631919798756,0.961591466330903,0.3722648332598426,0.07209476125842165,3.553567408572049e-05,2.1005651338073013,9.275401495477503,nan,0.5568706888968008,nan
132.69,192.419677734375,-222.4683380126953,-22.007280349731445,193.3010080732339,-222.8533626094169,-22.00764908154386,0.9617625706154932,0.3723053835974605,0.07211969946092883,3.6247375881891836e-05,2.1026151845427483,9.000471393781233,nan,nan,nan
132.7,192.42831420898438,-222.47142028808594,-22.009315490722656,193.31340496438287,-222.85872420864413,-22.009479138922917,0.9661211098782385,0.3722315089408159,0.07211071062588778,3.5492929390376824e-05,2.120510044485085,9.486003769228088,0.21641053781911265,0.0327050234539854,nan
132.71,192.4369659423828,-222.47457885742188,-22.011425018310547,193.3221176949164,-222.8621922827781,-22.011648319309955,0.966301113728519,0.37227189330455435,0.07213562381931296,3.6203513249617786e-05,2.122291646008653,9.240511257648102,nan,nan,nan
132.72,192.44561767578125,-222.47779846191406,-22.013608932495117,193.3308919288312,-222.86572298302266,-22.010723578663328,0.9665424266203768,0.3723123619750502,0.07216059783740865,3.547291783510595e-05,2.356809313159712,9.569114362601919,nan,6.904733897302669,nan
132.73,192.45425415039062,-222.4810791015625,-22.015817642211914,193.33960439366876,-222.86931673950994,-22.0129885138851,0.966737565608557,0.37235291619873784,0.07218563282478418,3.618330826133264e-05,2.3446053947393186,9.499411880566383,nan,nan,nan
132.74,192.46290588378906,-222.4844207763672,-22.01801872253418,193.34830732561775,-222.872972325023,-22.015752482247397,0.9669090727675441,0.37239355503652777,0.0722107289258757,3.5454098017749275e-05,2.269535714817067,9.443023703903837,nan,0.16533036102914325,nan
132.75,192.4715576171875,-222.48782348632812,-22.020191192626953,193.32817142833548,-222.86267972358692,-22.01799958119356,0.9350450380714107,0.37231985872332524,0.07220161601767201,3.614201521283862e-05,2.1175112708915287,9.02915837777928,7.290977766110159,nan,nan
132.76,192.48019409179688,-222.4912872314453,-22.02233123779297,193.33685814501098,-222.86643021011824,-22.019275831207903,0.9352084740988034,0.3723603314691434,0.07222668646133942,3.541501230570104e-05,2.2491594160903716,8.882828374542042,nan,0.6296868192555999,nan
132.77,192.4888458251953,-222.49481201171875,-22.024431228637695,193.34552670235567,-222.8702402670629,-22.021462959455814,0.9353380730115377,0.3724008896651607,0.07225181811118801,3.61242353729573e-05,2.2303768770789665,9.017454386302605,nan,nan,nan
132.78,192.4974822998047,-222.49838256835938,-22.026491165161133,193.3541842289325,-222.87410913666872,-22.0242024853547,0.9354752201742617,0.3724415324450192,0.07227701111169413,3.539849687112676e-05,2.1355055019970073,9.193137018828319,nan,0.24054387879371295,nan
132.79,192.50613403320312,-222.5020294189453,-22.028512954711914,193.3628526713009,-222.87803626634803,-22.026318545463333,0.9356029016574356,0.3724822609461879,0.07230226560740587,3.610762581940469e-05,2.1218576240839035,8.629742839902578,nan,nan,nan
132.8,192.5147705078125,-222.50572204589844,-22.030494689941406,193.3581646789535,-222.88176708978182,-22.029537402955903,0.9234308416672253,0.3724087407974925,0.07229302599696098,3.536172520267734e-05,1.9890508973503602,9.08761427619855,7.6376257220998225,0.8445712839655958,nan
132.81,192.52342224121094,-222.5094757080078,-22.03243637084961,193.3667921088096,-222.88581702443906,-22.03158785335807,0.9235292307277072,0.3724493030432733,0.0723182541714706,3.606991194835331e-05,1.9848690212538906,9.116894043309243,nan,nan,nan
132.82,192.5320587158203,-222.51327514648438,-22.034339904785156,193.3754135166211,-222.88992308368879,-22.03391833930193,0.9236401714691411,0.3724899498408741,0.07234354392980138,3.5347394577644246e-05,1.9718392924492998,9.222634780503334,nan,0.06997091936929171,nan
132.83,192.54071044921875,-222.51715087890625,-22.036205291748047,193.38404014618447,-222.89408490253004,-22.03589674626421,0.923733907112777,0.3725306822574754,0.07236889541676873,3.6055551567331725e-05,1.9712038778976935,8.72252717501086,nan,nan,nan
132.84,192.54934692382812,-222.5210418701172,-22.03803253173828,193.39266002549383,-222.89829522428442,-22.038201242859905,0.923849072703381,0.3725714995319998,0.07239430877646313,3.533411681023189e-05,1.9714376666870042,9.423808183591278,nan,0.09107377511402522,nan
132.85,192.55799865722656,-222.52493286132812,-22.039823532104492,193.39660653068978,-222.89829711623466,-22.040116690170642,0.9179673840709501,0.372498155301913,0.07238493982790019,3.6020086191705565e-05,1.9377292562026247,8.792823776333691,0.7186853950306266,nan,nan
132.86,192.56663513183594,-222.52877807617188,-22.041580200195312,193.40521064210287,-222.90247575097902,-22.043187837131565,0.9180748461167191,0.37253880618406876,0.07241032618731526,3.5300548738186954e-05,2.010505031210713,8.563050001875418,nan,0.993012439541343,nan
132.87,192.57528686523438,-222.53256225585938,-22.04330062866211,193.41383508851354,-222.90660065602847,-22.04504045816545,0.9181889100682921,0.3725795425833007,0.07243577450524023,3.6007846578215634e-05,2.0233750212500308,8.774481324454298,nan,nan,nan
132.88,192.58392333984375,-222.53627014160156,-22.04498863220215,193.42243143079529,-222.91066001126842,-22.048499324743563,0.9183005597637814,0.37262036380592223,0.07246128492527507,3.528928186735265e-05,2.2907355421861295,9.001800650803146,nan,1.86693056892735,nan
132.89000000000001,192.5925750732422,-222.53990173339844,-22.046640396118164,193.4310551587032,-222.91465146583064,-22.050301846309264,0.918422354851091,0.37266127081814443,0.07248685759295155,3.599662707730724e-05,2.316166781803679,9.482776571669186,nan,nan,nan
132.9,192.60121154785156,-222.54347229003906,-22.048261642456055,193.45690800763307,-222.93144171873047,-22.052252837825765,0.9395491676981192,0.3725881003590791,0.07247735666373949,3.525771404031187e-05,2.528668564464418,9.496184088987002,6.962562764912758,0.1006586775029855,nan
132.91,192.60984802246094,-222.54698181152344,-22.049848556518555,193.4655430096454,-222.93532301183004,-22.05399170888948,0.939702061644931,0.37262884079952624,0.07250290163739005,3.5964254220906075e-05,2.5574944540730433,9.313805516091872,nan,nan,nan
132.92000000000002,192.61849975585938,-222.5504150390625,-22.05140495300293,193.47417476509742,-222.93913456063078,-22.055889323742658,0.9398418470485994,0.3726696660267668,0.0725285089388278,3.5248333659035173e-05,2.6541584481220717,9.694830777122402,nan,0.024962440240284524,nan
132.93,192.62713623046875,-222.55377197265625,-22.05293083190918,193.4828093983545,-222.94287752172895,-22.05756933089774,0.9400006458676895,0.3727105769428495,0.0725541787142314,3.595497166906113e-05,2.685630571102151,9.752555171554462,nan,nan,nan
132.94,192.63577270507812,-222.55706787109375,-22.054426193237305,193.49143040693252,-222.9465521847596,-22.060065742401964,0.9401488913195061,0.37275157295020694,0.07257991110625762,3.5239859793571245e-05,2.993285632644382,9.82432865481114,nan,0.49856440863292106,nan
132.95,192.64442443847656,-222.560302734375,-22.055891036987305,193.5095962828552,-222.95191037196884,-22.061638158395905,0.9496904187849017,0.3726785757086972,0.07257027555161884,3.592451807897248e-05,3.0327772770207155,9.715926531632432,2.1222673724348584,nan,nan
132.96,192.65306091308594,-222.56346130371094,-22.05732536315918,193.51827924154287,-222.9554552707231,-22.061632366757287,0.9498845068489802,0.37271940498849215,0.07259597954085373,3.52110265859625e-05,2.6435381509055427,9.563759918871582,nan,1.797710059294161,nan
132.97,192.6616973876953,-222.56655883789062,-22.058732986450195,193.52693726698135,-222.9589349340533,-22.06318801372194,0.95006257521006,0.37276031985700825,0.07262174622678279,3.591704317911686e-05,2.672644924909487,9.381198817262478,nan,nan,nan
132.98,192.67034912109375,-222.56961059570312,-22.06011199951172,193.5355686228721,-222.96235054093134,-22.06647323067197,0.95020519683766,0.3728013197773414,0.07264757575131857,3.520426336658403e-05,3.272712606051225,9.594402221199589,nan,2.154134679751565,nan
132.99,192.67898559570312,-222.5725860595703,-22.061464309692383,193.54422690588606,-222.96570656661478,-22.067992165262684,0.9503835387907015,0.3728424055606436,0.0726734682617281,3.591043572679493e-05,3.313328106745338,9.891417042562418,nan,nan,nan
133.0,192.68763732910156,-222.57550048828125,-22.062788009643555,193.5449166387653,-222.95771597071163,-22.067911226166338,0.9386387681821825,0.37276957941393846,0.072663695430351,3.5177117697441635e-05,2.768022896628962,8.919890475829972,8.068078495519863,1.4850539057634997,nan
133.01,192.69627380371094,-222.578369140625,-22.0640869140625,193.55358593462313,-222.96092183998311,-22.069361612949937,0.9388069450338211,0.37281049827507007,0.07268955881516724,3.588258905451047e-05,2.799270819220194,8.346148427388542,nan,nan,nan
133.02,192.70492553710938,-222.5811767578125,-22.065359115600586,193.5622546601734,-222.9640698921709,-22.07084624568947,0.9389624519591585,0.3728515021463308,0.07271548525692575,3.517194301407058e-05,2.881995243451083,8.628793346113598,nan,0.002482205731660919,nan
133.03,192.71356201171875,-222.58392333984375,-22.066606521606445,193.57092463962346,-222.9671614167544,-22.072247118748184,0.939134663218198,0.3728925917818843,0.07274147490368932,3.587760875595013e-05,2.914906327881792,8.61633832713212,nan,nan,nan
133.04,192.7222137451172,-222.5866241455078,-22.067829132080078,193.5796090246879,-222.97019867865745,-22.07264190928201,0.9392972110761836,0.372933766730213,0.07276752789620808,3.5167530175944797e-05,2.6888369958784546,8.179549163631899,nan,0.6740275771250741,nan
133.05,192.73085021972656,-222.58926391601562,-22.069026947021484,193.62926104993633,-223.00360177723294,-22.074070627016013,0.9893651104542939,0.37286111084254203,0.07275761514064022,3.585136180971003e-05,3.0785936156635234,9.9181193730439,27.772544703497154,nan,nan
133.06,192.739501953125,-222.5918426513672,-22.070199966430664,193.63797557912383,-223.00660227853783,-22.074476892544293,0.989595218785539,0.37290211869436923,0.07278363827016424,3.5142662591016176e-05,2.8943950834343926,10.108794570392348,nan,0.5868324342547456,nan
133.07,192.74813842773438,-222.59439086914062,-22.07135009765625,193.6466776792946,-223.00954962588116,-22.075766845628227,0.9898227556261923,0.37294321221257926,0.07280972482021013,3.584788472423224e-05,2.9226135254433725,9.28760717583196,nan,nan,nan
133.08,192.7567901611328,-222.5968780517578,-22.072479248046875,193.65536736834164,-223.0124447182538,-22.077965400760146,0.9900337112893651,0.37298439099884917,0.07283587493072026,3.513966964889319e-05,3.239703742457927,9.88772621846573,nan,0.6069059613301954,nan
133.09,192.76544189453125,-222.59930419921875,-22.073583602905273,193.66407016069314,-223.0152909014027,-22.079220593304964,0.990257276065048,0.37302565572762847,0.0728620887509393,3.584512796522094e-05,3.274596291020345,10.35821642328932,nan,nan,nan
133.1,192.77407836914062,-222.60169982910156,-22.07466697692871,193.68708295716203,-223.02035834870418,-22.080338522460384,1.0044324269022347,0.37295316799189304,0.07285203341622852,3.5116192490746406e-05,3.3249485914685497,9.620076632126429,4.592225657980036,0.007547496485295025,nan
133.11,192.78273010253906,-222.60403442382812,-22.075727462768555,193.69582236427627,-223.02310560282984,-22.08155053427413,1.0046850450146128,0.37299426541500463,0.07287821662255856,3.582102609818691e-05,3.35990075449302,10.157543808147118,nan,nan,nan
133.12,192.7913818359375,-222.6063232421875,-22.07676887512207,193.70455934857458,-223.02580552196352,-22.082963647277744,1.0049362804845818,0.37303544805917394,0.07290446360045896,3.5114504662472445e-05,3.5105273957755916,10.149751098259868,nan,0.034385634353147,nan
133.13,192.80001831054688,-222.60858154296875,-22.077787399291992,193.71329969955292,-223.02845950467128,-22.084137810969462,1.0051968593050573,0.37307671654949837,0.07293077449996463,3.581960325702195e-05,3.5476951417293425,9.68902311573192,nan,nan,nan
133.14000000000001,192.8086700439453,-222.61077880859375,-22.078786849975586,193.7220431445618,-223.0310684597656,-22.085083593240718,1.005451868956292,0.3731180705616143,0.07295714945986251,3.511344217648135e-05,3.5554308533683634,10.169311677357188,nan,0.03062553724070401,nan
133.15,192.81732177734375,-222.61294555664062,-22.07976531982422,193.73164926201736,-223.03393643357722,-22.086139780375188,1.0066124882201326,0.37304574988683825,0.07294694890151834,3.5796803671992136e-05,3.570320305429292,9.757807441867634,0.2804748630379546,nan,nan
133.16,192.8259735107422,-222.61505126953125,-22.080726623535156,193.74040364464608,-223.0364589736238,-22.08637122832069,1.006875754213615,0.3730869364008242,0.07297329248254855,3.509181720422552e-05,3.3476900923534583,9.961131391373433,nan,0.546292724588911,nan
133.17000000000002,192.83462524414062,-222.61712646484375,-22.081666946411133,193.74914766882404,-223.03893741737738,-22.087457642599468,1.0071292256153146,0.373128208665406,0.07299970019346302,3.579660041003883e-05,3.380882790412423,9.647504340289935,nan,nan,nan
133.18,192.84327697753906,-222.61917114257812,-22.08258819580078,193.75788656617993,-223.041373322401,-22.088993581267978,1.007376001919837,0.37316956640173105,0.0730261721723006,3.5091904630045264e-05,3.6175920745984658,9.52298093649324,nan,0.1534862662492566,nan
133.19,192.8519287109375,-222.62115478515625,-22.083492279052734,193.76663159974657,-223.04376904023982,-22.09004912152012,1.0076344454109594,0.3732110101666884,0.0730527085701912,3.579698141412132e-05,3.653980962191807,10.094866831250314,nan,nan,nan
133.2,192.86058044433594,-222.62310791015625,-22.08437728881836,193.77734934631724,-223.05296374925186,-22.090494880503073,1.0125604608973278,0.37313885445100037,0.07304236013502031,3.5071398290498805e-05,3.6308041732786256,10.217084855925389,4.153484990983089,0.31882703034285165,nan
133.21,192.86923217773438,-222.62501525878906,-22.08524513244629,193.7860821024162,-223.05530020700496,-22.091511257442814,1.0128169555120525,0.3731801304946304,0.07306886437606028,3.577590407743104e-05,3.666858263559218,10.396703742439092,nan,nan,nan
133.22,192.8778839111328,-222.62701416015625,-22.08620262145996,193.79481549890525,-223.05765582412275,-22.092564266210864,1.013043064199472,0.3732214921430785,0.07309543309263689,3.649471134364656e-05,3.6826991300445915,9.903103255995422,nan,nan,nan
133.23,192.88653564453125,-222.6290740966797,-22.087247848510742,193.80354938942145,-223.060088350425,-22.093706945356647,1.0132764751938292,0.37326293954084483,0.07312206642925034,3.7227964589345363e-05,3.6991118570064145,10.419531957475407,nan,nan,nan
133.24,192.8951873779297,-222.6312255859375,-22.08837890625,193.81229825838034,-223.06259907325756,-22.093634414555694,1.0135102727506946,0.3733044726425606,0.073148764526309,3.643828250183036e-05,3.3408849372102187,9.580299319063094,nan,1.105787991051832,nan
133.25,192.90383911132812,-222.63343811035156,-22.089597702026367,193.80388471599073,-223.05255256724195,-22.094838205365228,0.9928577346842025,0.3732324805674192,0.07313826557797924,3.714645284361703e-05,3.1579205349989596,9.198704412969526,4.857738769840134,nan,nan
133.26,192.91249084472656,-222.63572692871094,-22.090900421142578,193.81261001677464,-223.0551823945484,-22.09581314695336,0.993066738232805,0.3732738457389699,0.07316493072671328,3.6361057615823306e-05,3.086153982051186,9.087057257407038,nan,0.11288367047559408,nan
133.27,192.92115783691406,-222.63809204101562,-22.092288970947266,193.82133127508362,-223.05788467394058,-22.097285415211722,0.993258797041012,0.37331529676495157,0.07319166070048191,3.7090677008395503e-05,3.099243563127531,8.991596324421018,nan,nan,nan
133.28,192.9298095703125,-222.64053344726562,-22.093759536743164,193.8300645954567,-223.06066106575423,-22.097721217164725,0.9934696880257785,0.3733568334419806,0.07321845563515593,3.6308478661285953e-05,2.862142639428878,8.564702233970861,nan,0.8234626866858853,nan
133.29,192.93846130371094,-222.64303588867188,-22.095312118530273,193.83878633075457,-223.06350709638477,-22.099350509730293,0.9936787707504604,0.37339845625220125,0.07324531568398442,3.703686273487642e-05,2.8740829256230223,8.870792804265424,nan,nan,nan
133.3,192.94711303710938,-222.64561462402344,-22.096946716308594,193.83350800137754,-223.0525945278642,-22.101051633552284,0.9753694300908562,0.3733266256994445,0.07323466357630772,3.623529444008926e-05,2.7279899866149324,7.9500986550953305,6.671745571363662,5.651847266297655e-05,nan
133.31,192.95578002929688,-222.64825439453125,-22.098661422729492,193.84222808529387,-223.05554743129306,-22.102844853167433,0.9755487045072319,0.3733680803414779,0.07326148987276175,3.6961605992609365e-05,2.7393143526270394,8.288477931402637,nan,nan,nan
133.32,192.9644317626953,-222.65097045898438,-22.100454330444336,193.8509265764099,-223.05856576456281,-22.10690157270738,0.9757297550066045,0.37340962057911836,0.07328838132704897,3.6186510336419414e-05,3.4172804617001775,8.714239360996537,nan,3.1426748874663555,nan
133.33,192.97308349609375,-222.6537628173828,-22.102327346801758,193.85964690308467,-223.06165627922434,-22.10887719403602,0.9759173383679566,0.37345124685611075,0.073315338092892,3.691174301499032e-05,3.4335271077203533,8.406279881689454,nan,nan,nan
133.34,192.98175048828125,-222.6566162109375,-22.104276657104492,193.86835590570593,-223.06481217437894,-22.11211907759663,0.9760914989568584,0.37349295902665164,0.07334236030547135,3.613957135353769e-05,3.975901733670501,9.24023075453979,nan,0.9322319186573259,nan
133.35,192.9904022216797,-222.65953063964844,-22.106304168701172,193.8594320363841,-223.0577660808278,-22.114155019532905,0.9559633472656279,0.37342128849901346,0.07333155241563175,3.6840598002775024e-05,3.8361276216942155,8.750907870699981,3.4842342712919456,nan,nan
133.36,192.99905395507812,-222.66250610351562,-22.10840606689453,193.868133345927,-223.06103639596125,-22.11602161308795,0.9561293731179163,0.37346283227511456,0.07335854005892312,3.607222294383279e-05,3.7733701687762307,8.848636019791126,nan,0.0828916117234782,nan
133.37,193.00770568847656,-222.66555786132812,-22.110584259033203,193.87683139140185,-223.06437100340366,-22.118314501325877,0.9562903149271376,0.37350446199769294,0.07338559320758319,3.67945992346693e-05,3.7920160912217646,8.474622257061757,nan,nan,nan
133.38,193.01637268066406,-222.66867065429688,-22.1127872467041,193.88553247139242,-223.06777056420444,-22.120328483202425,0.9564394126943514,0.37354617755513975,0.07341271199640462,3.6028969623468046e-05,3.748843109210332,8.607324752431271,nan,0.07254715295608377,nan
133.39000000000001,193.0250244140625,-222.67184448242188,-22.114980697631836,193.89423050514313,-223.07123339167438,-22.122678384668347,0.9566033577148287,0.3735879793399355,0.0734398965796754,3.675047322009331e-05,3.785194525450653,8.582265314238246,nan,nan,nan
133.4,193.03367614746094,-222.67507934570312,-22.11714744567871,193.89691485243665,-223.06351180460948,-22.124993454598044,0.9466374156751594,0.3735164666972466,0.07342893027403655,3.5965424521513244e-05,3.7753518941886144,8.14943092072669,6.969411920408162,5.526601686154152e-05,nan
133.41,193.04232788085938,-222.6783905029297,-22.119279861450195,193.90562508257509,-223.06706918786494,-22.127297001957047,0.9467932473117261,0.3735580998367994,0.0734560794589779,3.668521905741455e-05,3.817246571300661,7.807716193772238,nan,nan,nan
133.42000000000002,193.05099487304688,-222.68174743652344,-22.121376037597656,193.91433459848415,-223.07068807461874,-22.12963832708436,0.9469416913979701,0.3735998187502637,0.07348329447400026,3.592575276590894e-05,3.966967918128964,8.298180652402031,nan,0.003564966137133378,nan
133.43,193.0596466064453,-222.68516540527344,-22.123430252075195,193.92304445231414,-223.07436788593697,-22.131869633882026,0.9471038139353385,0.3736416237998255,0.07351057547369376,3.664480648794263e-05,4.01201884914394,8.301526384564202,nan,nan,nan
133.44,193.06829833984375,-222.6886444091797,-22.125446319580078,193.9317638206462,-223.07811001970316,-22.1328748463699,0.9472651589328688,0.3736835149193159,0.07353792259241061,3.5887813698991274e-05,3.607688978687639,7.75864027743914,nan,0.9459652654932237,nan
133.45,193.0769500732422,-222.6921844482422,-22.127422332763672,193.91298498090998,-223.0656902669859,-22.135014195432564,0.9157066123236747,0.37361215848148027,0.07352679526563091,3.658335930511855e-05,3.4910529887331307,7.213839724797286,7.291510415751592,nan,nan
133.46,193.08560180664062,-222.69578552246094,-22.129358291625977,193.9216475166262,-223.06951241306373,-22.138565424566742,0.9158214832825764,0.37365388071287425,0.07355410614474481,3.582968315106848e-05,4.282560692917629,7.950694868760239,nan,1.4100968334533661,nan
133.47,193.09425354003906,-222.69943237304688,-22.131256103515625,193.93032114363774,-223.0733948314795,-22.14064588577568,0.9159394773210205,0.3736956889898342,0.07358148319519134,3.6546532210139605e-05,4.330216844412917,8.197055518585362,nan,nan,nan
133.48,193.10292053222656,-222.7030792236328,-22.13311767578125,193.93900448954406,-223.0773040079176,-22.141382298117648,0.9160506955616872,0.3737375832729065,0.0736089265511042,3.579515607624436e-05,3.8271853089473016,7.509648590395464,nan,1.1520576969021044,nan
133.49,193.111572265625,-222.70669555664062,-22.13494110107422,193.94767753674446,-223.08118648736175,-22.143376283757004,0.9161804592398913,0.37377956388421657,0.07363643636739185,3.6511435135461676e-05,3.869108366489134,7.237982710472634,nan,nan,nan
133.5,193.12022399902344,-222.7102508544922,-22.136728286743164,193.9343698188699,-223.07422310154612,-22.145700959832357,0.8918462431727346,0.3737083614940608,0.07362514540405218,3.57404998873788e-05,4.069469700710621,7.385203616601162,4.280326496288592,0.10039687936104265,nan
133.51,193.12887573242188,-222.71372985839844,-22.138479232788086,193.9430089295812,-223.07797880239312,-22.14762747371138,0.8919494639440567,0.37375017295388036,0.07365261812778641,3.64553705553056e-05,4.113855474761776,7.708635563326045,nan,nan,nan
133.52,193.1375274658203,-222.7171630859375,-22.140195846557617,193.95164431400627,-223.0816696575773,-22.14999922977227,0.8920467418197839,0.37379207035396905,0.07368015733995088,3.5709249546724864e-05,4.510713708939115,7.631307195003073,nan,0.15586570136840652,nan
133.53,193.14617919921875,-222.72052001953125,-22.141878128051758,193.96028298781735,-223.0852956677506,-22.15186246821908,0.8921468148197408,0.3738340539930275,0.07370776319559219,3.642365911415108e-05,4.557511634466103,7.8389037801939825,nan,nan,nan
133.54,193.1548309326172,-222.7238006591797,-22.143526077270508,193.9689219060405,-223.08885578296176,-22.153634908927206,0.892250830700824,0.37387612386674873,0.0737354358286428,3.56795779952283e-05,4.686059519987409,8.182057735169655,nan,0.00226110749106364,nan
133.55,193.16348266601562,-222.72703552246094,-22.1451416015625,193.96236160578422,-223.08830685353743,-22.155504855684956,0.8768306176791444,0.37380507368814625,0.07372397864529696,3.637102393679446e-05,4.729019331770001,7.901490952792527,3.356409122086573,nan,nan
133.56,193.17213439941406,-222.73019409179688,-22.146726608276367,193.97097110737914,-223.0917345295922,-22.15683754826553,0.876900111336056,0.3738469741517369,0.07375161332124433,3.562980650755928e-05,4.646992099952786,7.97342870224457,nan,0.1285719721549561,nan
133.57,193.1807861328125,-222.73329162597656,-22.148277282714844,193.979577691543,-223.09509790672118,-22.158569547847765,0.8769707348634389,0.37388896076551953,0.07377931482024315,3.634254590668872e-05,4.69405222960134,8.034966199923861,nan,nan,nan
133.58,193.18943786621094,-222.736328125,-22.149799346923828,193.98818578989173,-223.09839942447394,-22.160044120186974,0.8770398091685109,0.37393103354562024,0.07380708327616349,3.560320583870794e-05,4.728726681302675,7.933263143707533,nan,0.035180888059980944,nan
133.59,193.19808959960938,-222.7393035888672,-22.151290893554688,193.9967924322467,-223.10163932120375,-22.16171401543421,0.8771100496861755,0.3739731927600923,0.07383491884414253,3.6315622365875985e-05,4.773954338383273,7.960215566712444,nan,nan,nan
133.6,193.2067413330078,-222.74221801757812,-22.152751922607422,194.05597938626656,-223.11735168684746,-22.16186669330861,0.9284468859159957,0.37390229260970853,0.07382329284872949,3.5556527261201635e-05,4.287146198126101,7.296486051721116,36.20078177160164,1.425090750184933,nan
133.61,193.21539306640625,-222.74508666992188,-22.15418243408203,194.06469334958885,-223.12048141913579,-22.163463880028466,0.9286109702078027,0.37394428213827996,0.07385108958384044,3.626777875490527e-05,4.326836957482597,7.097373683861273,nan,nan,nan
133.62,193.2240447998047,-222.74789428710938,-22.15558624267578,194.07340940514152,-223.12355400846806,-22.16470879691389,0.9287753657618748,0.3739863577630294,0.07387895345193289,3.553284527516946e-05,4.294666992818775,7.054604034400368,nan,0.07212402912618286,nan
133.63,193.23269653320312,-222.75064086914062,-22.15696144104004,194.0821238216034,-223.1265695310887,-22.166247744109302,0.9289431158999014,0.3740285197343032,0.07390688460813584,3.6243861991131704e-05,4.33292711424444,7.179990048962978,nan,nan,nan
133.64000000000001,193.24134826660156,-222.75332641601562,-22.158309936523438,194.09082971475016,-223.12952691450573,-22.169287164904187,0.9291211144709615,0.37407076809480455,0.07393488318633147,3.5510564803082874e-05,5.348037751225256,8.273089109401832,nan,1.5991609988147117,nan
133.65,193.25,-222.75596618652344,-22.159631729125977,194.12025164378736,-223.15504936039693,-22.170601263976412,0.9574579018830904,0.3740000160041445,0.0739230858215613,3.619903336967705e-05,5.479100866343591,8.837447997639977,18.010523759468555,nan,nan
133.66,193.25865173339844,-222.758544921875,-22.160924911499023,194.12570364580526,-223.15946010967588,-22.171938043574254,0.9553184263353482,0.3722926746320193,0.073581217491109,3.5467994691759154e-05,5.6131007516415465,9.206872041759524,nan,0.01231359700487184,0.006096287579443325
133.67000000000002,193.26730346679688,-222.76107788085938,-22.162195205688477,194.13441868665106,-223.1623216252336,-22.173383296874967,0.9555158398931011,0.37233252382798887,0.07360698189904032,3.617776575420685e-05,5.656867929673035,8.982403489897408,nan,nan,nan
133.68,193.2759552001953,-222.76356506347656,-22.16343879699707,194.14313685967815,-223.16513149739038,-22.17467226901635,0.9557122068296895,0.3723724571898958,0.07363280696716422,3.5448416779884554e-05,5.760194634795163,8.976927956622315,nan,0.011912911079024594,nan
133.69,193.28460693359375,-222.76600646972656,-22.164657592773438,194.15185253729683,-223.1678921030259,-22.176067501494202,0.9559064731508805,0.3724124761838359,0.07365869292699193,3.61580623947064e-05,5.804208990801128,8.90045734661039,nan,nan,nan
133.7,193.2932586669922,-222.7683868408203,-22.165851593017578,194.11038922530116,-223.14504914647588,-22.177295116294136,0.8998376498286171,0.37233458742108616,0.07364865597321318,3.5408733249380285e-05,5.628746177613833,8.447121166071076,22.199303277039938,9.177386192601548e-06,nan
133.71,193.3019256591797,-222.77072143554688,-22.167022705078125,194.1190353462874,-223.14766401396284,-22.178640867514833,0.8999382922659485,0.37237444193039004,0.07367451187097473,3.611740656833966e-05,5.67034276160129,8.492819828087528,nan,nan,nan
133.72,193.31057739257812,-222.77301025390625,-22.168170928955078,194.12763796669185,-223.15024301407692,-22.182117194381387,0.9000483517213805,0.37241438060087123,0.07370042867150753,3.539169253925782e-05,7.431268166912183,10.076298897311542,nan,3.200384894759505,nan
133.73,193.31922912597656,-222.7752685546875,-22.169294357299805,194.1362847592754,-223.15276460202452,-22.18343956201865,0.900157353176096,0.3724544047791543,0.07372640659934569,3.610031017102814e-05,7.480652606533753,9.833894906044714,nan,nan,nan
133.74,193.327880859375,-222.7774658203125,-22.17039680480957,194.1449431342358,-223.15523805911624,-22.184178789666866,0.9002736075872205,0.3724945134366282,0.07375244572035092,3.5375866697449526e-05,7.310084163019539,9.912991688831683,nan,0.21786247981499585,nan
133.75,193.3365478515625,-222.7796173095703,-22.171476364135742,194.13700711675398,-223.1462408649232,-22.185309303036316,0.8805334841839287,0.3724168558137724,0.0737422774036327,3.606224552637648e-05,7.128614797416722,9.578369932694592,4.746014217710063,nan,nan
133.76,193.34519958496094,-222.78173828125,-22.172534942626953,194.14570218954432,-223.1485883856895,-22.183486777977887,0.8806266869506088,0.37245679991613756,0.07376828580960247,3.533987928924401e-05,5.218369699186228,7.271191019656927,nan,6.5366913634931985,nan
133.77,193.35385131835938,-222.78379821777344,-22.173572540283203,194.15433795413955,-223.15090886634604,-22.184686088022893,0.8807227675616336,0.3724968294049718,0.07379435557498805,3.604759144911704e-05,5.25282533140327,7.633828562667229,nan,nan,nan
133.78,193.36251831054688,-222.7858428955078,-22.174589157104492,194.16297901042222,-223.15318622294038,-22.18560937925073,0.8807950371966835,0.3725369433619387,0.07382048677226434,3.53263648042938e-05,5.266138263696094,7.23651576263921,nan,0.04539603679490796,nan
133.79,193.3711700439453,-222.78782653808594,-22.175586700439453,194.17161568118746,-223.15542385728463,-22.186766363347008,0.8808893188844911,0.3725771429672512,0.07384667961662492,3.6034105010270554e-05,5.298904910558571,7.4808284604649025,nan,nan,nan
133.8,193.37982177734375,-222.78977966308594,-22.176563262939453,194.12472885374183,-223.13327505253494,-22.18759872503584,0.8203641974539944,0.37249971401385074,0.07383637731613371,3.529266461992486e-05,5.0508996445219,7.167086187234794,28.374951249540715,0.04692687463799514,nan
133.81,193.38848876953125,-222.79168701171875,-22.177520751953125,194.13327408384836,-223.13539211036823,-22.188714281914983,0.8203436196942695,0.37253974892964453,0.07386253877385299,3.599958103374821e-05,5.082453734714234,7.4574925946305175,nan,nan,nan
133.82,193.3971405029297,-222.79356384277344,-22.178457260131836,194.1418219242088,-223.13747012676708,-22.189687292366195,0.8203341179011158,0.3725798682981665,0.07388876189838019,3.5281305889980944e-05,5.178132405222056,7.2667431638450966,nan,0.010740251757958624,nan
133.83,193.4058074951172,-222.79539489746094,-22.17937660217285,194.15036803147834,-223.13951112305827,-22.190765410614933,0.8203146189014839,0.372620073198372,0.07391504689867726,3.598830439278773e-05,5.209441973016723,7.549147151141087,nan,nan,nan
133.84,193.41445922851562,-222.7971954345703,-22.180278778076172,194.15892187544154,-223.14151335124623,-22.191411361538247,0.8203068906369849,0.3726603628647181,0.07394139385604914,3.5270977014273276e-05,5.120802362663447,7.140225918302913,nan,0.11945914364559729,nan
133.85,193.42312622070312,-222.79896545410156,-22.181161880493164,194.14966268908952,-223.13361625416448,-22.192525492612972,0.7999847058278936,0.37258316213452763,0.07393095508963755,3.595595971666974e-05,5.107331879888969,7.261732838632094,3.0602431875672207,nan,nan
133.86,193.43179321289062,-222.80068969726562,-22.18202781677246,194.15818212102573,-223.1355307727384,-22.193878397507564,0.799937390018269,0.3726232870170614,0.07395726997787375,3.524038548145783e-05,5.50244510919218,7.790186375311652,nan,0.07519875151819207,nan
133.87,193.44044494628906,-222.80238342285156,-22.18287467956543,194.16670769625895,-223.13740908352273,-22.194889642979184,0.7999025782230058,0.37266349731734927,0.07398364696709672,3.594673442611588e-05,5.534636786591882,7.59143176904054,nan,nan,nan
133.88,193.44911193847656,-222.8041534423828,-22.183813095092773,194.17523893263257,-223.13930853095445,-22.195626427171206,0.7998305444606956,0.3727037923623541,0.07401008614444635,3.523199468255216e-05,5.480556248385719,7.710777772257765,nan,0.06766696617731667,nan
133.89000000000001,193.45777893066406,-222.80599975585938,-22.184839248657227,194.18376559424954,-223.1412884526488,-22.196761700164803,0.7997607709488348,0.3727441730914784,0.07403658771058742,3.5938487943254195e-05,5.475609615621807,7.742082110486509,nan,nan,nan
133.9,193.4664306640625,-222.8079376220703,-22.185951232910156,194.17578089353864,-223.1365523343828,-22.197006997180377,0.7818488390537357,0.37266719820581395,0.07402600986504927,3.5203306824177415e-05,4.934564831751839,7.001694457358133,2.7512334315808946,0.6129002461729626,nan
133.91,193.47509765625,-222.8099365234375,-22.187150955200195,194.18427953521123,-223.1386773533987,-22.198308730916295,0.7817505783109386,0.372707414001806,0.0740524786619048,3.590908769047441e-05,4.9302824304278445,7.393840499675971,nan,nan,nan
133.92000000000002,193.4837646484375,-222.81202697753906,-22.18843650817871,194.19282719139645,-223.14086582461587,-22.196615558723195,0.78164670666614,0.3727477145169778,0.07407900987413757,3.519670703261685e-05,3.3646571297486734,5.573761773339644,nan,6.630550966363533,nan
133.93,193.492431640625,-222.81419372558594,-22.18980598449707,194.201326662566,-223.1431427645313,-22.198059686363184,0.7815419028755287,0.3727881006066766,0.07410560369698109,3.59026730988938e-05,3.3621395755196333,5.553594793416569,nan,nan,nan
133.94,193.5010986328125,-222.81642150878906,-22.19125747680664,194.20982907732616,-223.14549368809523,-22.19941818211361,0.7814434971800267,0.37282857172467293,0.07413226022532025,3.5190961420375285e-05,3.35797905380442,5.769697010992203,nan,0.020296728031958887,nan
133.95,193.509765625,-222.8187255859375,-22.192792892456055,194.24295737620702,-223.16697427109935,-22.200879274319327,0.8117343656188314,0.37275182184723094,0.07412154079960895,3.5875066704955434e-05,3.4972651337163403,6.07485757741853,12.097190232057583,nan,nan
133.96,193.51841735839844,-222.82110595703125,-22.19441032409668,194.25147666505697,-223.16951569264236,-22.202162144102864,0.8116805909104285,0.3727921279147437,0.07414816384758718,3.516483107309105e-05,3.3851253686479676,5.6877622908574,nan,0.1164821147056278,nan
133.97,193.52708435058594,-222.8235626220703,-22.19610595703125,194.2599901237339,-223.1721310361978,-22.20393100626064,0.8116107706508177,0.37283251944966384,0.07417484972454379,3.587033691205021e-05,3.3850305110434977,5.8373632502134685,nan,nan,nan
133.98,193.53575134277344,-222.82608032226562,-22.19788360595703,194.26851382445952,-223.17481522571006,-22.205080577310977,0.8115470928071977,0.37287299598174173,0.07420159853038708,3.5160674561711965e-05,3.1530269590805133,5.741239347936487,nan,0.3431784984166618,nan
133.99,193.54441833496094,-222.82867431640625,-22.199739456176758,194.2770274873019,-223.17757305160907,-22.20700385952998,0.8114796787818793,0.3729135582517327,0.07422841045316478,3.586641002542084e-05,3.153028528078055,5.64030230492156,nan,nan,nan
134.0,193.55308532714844,-222.83132934570312,-22.201671600341797,194.26488970828342,-223.1652679886691,-22.207295825104175,0.786264666745925,0.37283703106210314,0.07421754684509568,3.513609462038726e-05,2.4169742666914376,4.927157342404939,6.543274064984041,2.1432850426415375,nan
134.01,193.56175231933594,-222.8340606689453,-22.20368194580078,194.27338895940264,-223.16813046982304,-22.20936002701284,0.7861689258360179,0.372877428117566,0.07424432455977555,3.584119852263582e-05,2.4173373357978494,4.7781945747409615,nan,nan,nan
134.02,193.57041931152344,-222.8368682861328,-22.205768585205078,194.28188494988913,-223.17106170743068,-22.211730279554754,0.7860687878381888,0.37291791013524234,0.07427116542294825,3.513339273414129e-05,2.5304075952940965,4.757980398856233,nan,0.036590234407580816,nan
134.03,193.57908630371094,-222.8397216796875,-22.207929611206055,194.2903838072128,-223.17405934941635,-22.213950932641726,0.7859784171334103,0.3729584777875981,0.07429806961804344,3.583875640050459e-05,2.5316996268026535,5.113596601050528,nan,nan,nan
134.04,193.58773803710938,-222.8426513671875,-22.21011734008789,194.2989009011652,-223.17711850943826,-22.214828839683836,0.7859027208795832,0.37299913070739,0.07432503725159224,3.513138401395254e-05,2.1530261912825637,4.371354909204327,nan,1.3633538990784237,nan
134.05,193.59640502929688,-222.8456573486328,-22.212297439575195,194.32996593001542,-223.19031284826488,-22.217019416910837,0.8105068201807993,0.37292282503022256,0.0743140269483513,3.581498947699865e-05,2.2365850090358483,4.255925005352604,4.873299277745174,nan,nan
134.06,193.60507202148438,-222.8487091064453,-22.214452743530273,194.33852308576513,-223.19351917869847,-22.217590249574453,0.8104654795646621,0.3729633125959489,0.07434095963512717,3.5108861186068024e-05,1.89581456351551,4.206318262366506,nan,1.9828809861569505,nan
134.07,193.61373901367188,-222.85183715820312,-22.216571807861328,194.34705866332672,-223.19679589675104,-22.219796858880205,0.8104101682632993,0.37300388569527104,0.07436795586537452,3.5813899664875215e-05,1.9071028788216773,4.06525412755442,nan,nan,nan
134.08,193.62240600585938,-222.8550262451172,-22.21865463256836,194.35560474280817,-223.20013344651647,-22.2210967731229,0.8103612357285127,0.3730445440219898,0.07439501574984213,3.510812583154637e-05,1.7878573294078026,3.9525159104837995,nan,0.5335302964293342,nan
134.09,193.6310577392578,-222.8582763671875,-22.2206974029541,194.36413978309818,-223.20353709394445,-22.223222610193883,0.8103213122666294,0.3730852881565251,0.07442213946589418,3.581345413566596e-05,1.7973294361354666,3.8368732931834684,nan,nan,nan
134.1,193.6397247314453,-222.86158752441406,-22.222702026367188,194.3741462958924,-223.21341753798035,-22.225621241748556,0.8143512231152997,0.37300920169976287,0.07441097987955136,3.508683775662607e-05,1.9562918023460767,4.485345640609057,4.563467441002765,0.02534021739188154,nan
134.11,193.6483917236328,-222.86495971679688,-22.22466468811035,194.38266507301486,-223.21696378033607,-22.22767425020571,0.8142931105104894,0.3730497803015792,0.0744380678944798,3.57915907845664e-05,1.9684451104586667,4.544303458537024,nan,nan,nan
134.12,193.65704345703125,-222.86834716796875,-22.226591110229492,194.39119906433012,-223.22053803926696,-22.228351741013633,0.8142640636641932,0.3730904440873033,0.07446521977563618,3.508725629314283e-05,1.8059335150684557,3.949033811790777,nan,1.2568422886611836,nan
134.13,193.66571044921875,-222.87168884277344,-22.228477478027344,194.3997171675172,-223.22410259939662,-22.230316007996873,0.8142264418188366,0.37313119358312374,0.07449243569655732,3.5792320740815904e-05,1.8148066592018135,4.4186939070099776,nan,nan,nan
134.14000000000001,193.67437744140625,-222.87498474121094,-22.230327606201172,194.40823145913697,-223.22762805119186,-22.232563005383863,0.814189179750828,0.3731720285646345,0.07451971577350909,3.508822487314429e-05,1.8656625605882031,4.386567632106137,nan,0.07177946611794582,nan
134.15,193.6830291748047,-222.87823486328125,-22.232139587402344,194.41129684047263,-223.2331550863138,-22.234573323212363,0.8101531217275489,0.37309615986087735,0.07450840438650103,3.5771594378410775e-05,1.95018231841108,4.442807969569054,3.5955987267748006,nan,nan
134.16,193.6916961669922,-222.88140869140625,-22.233915328979492,194.41977577278817,-223.2365825689057,-22.237887195321807,0.810101334004748,0.3731368291488867,0.07453564799706693,3.506855255953098e-05,2.2381779924427367,5.222006360173426,nan,1.4843233948223902,nan
134.17000000000002,193.7003631591797,-222.884521484375,-22.23565673828125,194.42827013913904,-223.23994509416178,-22.23972793233217,0.8100562255105627,0.37317758405106505,0.07456295585214844,3.5773383737879164e-05,2.2553880094271577,5.196273261220082,nan,nan,nan
134.18,193.70901489257812,-222.88758850097656,-22.237363815307617,194.43676566246404,-223.24324635721786,-22.24140779398639,0.8100185476513792,0.37321842439090547,0.07459032807146067,3.507051703539916e-05,2.261770445799014,4.717960854693923,nan,0.011301819964943494,nan
134.19,193.71768188476562,-222.8905792236328,-22.23903465270996,194.44525980156348,-223.24648747127637,-22.243179805330154,0.8099737576260467,0.3732593506223833,0.07461776482355581,3.577567841938151e-05,2.279506855318828,5.256809340261754,nan,nan,nan
134.2,193.72633361816406,-222.89352416992188,-22.24067497253418,194.41583919050365,-223.23773958877706,-22.24539685312342,0.7706649628867834,0.37318369738221346,0.07460629906535034,3.505180510554502e-05,2.389013317087089,5.594266441124798,18.606572394544134,0.11946001774369489,nan
134.21,193.73500061035156,-222.8964080810547,-22.242280960083008,194.4242560102797,-223.24084854918556,-22.24710952843893,0.770542378775279,0.3732244577270083,0.07463369857108301,3.575642831497065e-05,2.4090607412499603,5.93898389210915,nan,nan,nan
134.22,193.74366760253906,-222.89923095703125,-22.243854522705078,194.4326826740255,-223.24389676412633,-22.247753665412187,0.7704229297144629,0.37326530345836356,0.07466116264552128,3.505466206472245e-05,2.194870610874753,5.7809928540113455,nan,0.7570687567133008,nan
134.23,193.7523193359375,-222.90199279785156,-22.245397567749023,194.4410991710414,-223.2468909580047,-22.249393813073777,0.7703170594628426,0.3733062349882374,0.07468869145413032,3.57596304717641e-05,2.2119274653815193,5.589146745856296,nan,nan,nan
134.24,193.760986328125,-222.9047088623047,-22.246910095214844,194.4495129230442,-223.24983016089567,-22.25129169758847,0.7701926908842543,0.3733472522034921,0.07471628512109629,3.505794535455603e-05,2.3169982549713204,5.761013029644296,nan,0.05835445861856876,nan
134.25,193.76963806152344,-222.90736389160156,-22.24839210510254,194.44587772827845,-223.2481309195633,-22.252879221131924,0.7572597892725185,0.37327181270990595,0.07470466247618839,3.5741253587901656e-05,2.309075509632402,5.850884180118304,1.5083706573876754,nan,nan
134.26,193.77830505371094,-222.9099578857422,-22.24984359741211,194.45427002498016,-223.25095507442632,-22.25469614522101,0.7571203816393525,0.37331266385742795,0.07473221810598035,3.5040470229084976e-05,2.4221717125604614,6.382807163742277,nan,0.04855983853629722,nan
134.27,193.78697204589844,-222.9125213623047,-22.25126838684082,194.4626648308784,-223.25372613326923,-22.256224827223765,0.7569715990076538,0.3733536007117747,0.0747598386679095,3.57452640066633e-05,2.441374251521519,5.9631122920376365,nan,nan,nan
134.28,193.79562377929688,-222.91502380371094,-22.252662658691406,194.4710607929243,-223.25644542906153,-22.257612390516343,0.7568410569466484,0.3733946231964305,0.07478752428890417,3.504451208140873e-05,2.457284020415488,5.899731725312771,nan,0.009052675627619692,nan
134.29,193.80429077148438,-222.91746520996094,-22.254030227661133,194.47945595326925,-223.25911454182958,-22.259085168882525,0.7567019499721432,0.37343573166814803,0.07481527513044878,3.5749661258133386e-05,2.4773332374106727,6.344070012607138,nan,nan,nan
134.3,193.8129425048828,-222.9198760986328,-22.25537109375,194.4964493468426,-223.2606384294913,-22.259291459775035,0.7637512280891866,0.3733605036131719,0.07480349304881286,3.502776500847062e-05,2.1349028376668597,4.992042337874107,3.7858604262335507,1.0770312098849826,nan
134.31,193.8216094970703,-222.92222595214844,-22.256683349609375,194.504873186779,-223.2632014844215,-22.26069932344924,0.7636293022986493,0.37340144580952084,0.07483120504858179,3.573239857320085e-05,2.1510842688277476,5.492199100128435,nan,nan,nan
134.32,193.8302764892578,-222.92453002929688,-22.257970809936523,194.51329376928706,-223.26571815027617,-22.262513873444163,0.7635067636517497,0.37344247357840943,0.07485898230443937,3.5032478079941465e-05,2.292447904905289,5.56844307289386,nan,0.1315738612090997,nan
134.33,193.83892822265625,-222.92678833007812,-22.259231567382812,194.52171797334182,-223.2681874763662,-22.263875707529714,0.7633981849370561,0.373483587244919,0.07488682497545306,3.573747709932562e-05,2.31028873747868,5.342791821022926,nan,nan,nan
134.34,193.84759521484375,-222.92901611328125,-22.260469436645508,194.53014522178765,-223.2706104641725,-22.26485188916508,0.7632695581706513,0.3735247867803014,0.07491473319206746,3.503751335350788e-05,2.2581782870609746,5.236994444924223,nan,0.09191032470738013,nan
134.35,193.85626220703125,-222.93118286132812,-22.261680603027344,194.5639432746259,-223.28395847025908,-22.266131980848282,0.7907483407842301,0.3734497682350012,0.07490278916677795,3.5720867186062756e-05,2.363401759986993,5.292110144424795,5.961874432157073,nan,nan
134.36,193.86492919921875,-222.93331909179688,-22.262866973876953,194.57241505037007,-223.28631089220536,-22.266886016606147,0.7906678148498213,0.3734908012946855,0.07493065772631327,3.502168601649815e-05,2.273343777270049,4.975896246810529,nan,0.19943717829091243,nan
134.37,193.8735809326172,-222.93539428710938,-22.2640323638916,194.58088330271954,-223.28862144978282,-22.268143396540562,0.7906092408972865,0.3735319201636156,0.07495859189219728,3.572654419475304e-05,2.2889046972133587,5.004266247353102,nan,nan,nan
134.38,193.8822479248047,-222.93743896484375,-22.265172958374023,194.58936413943147,-223.290886492868,-22.267634727955304,0.7905343486301075,0.37357312484023353,0.07498659179698712,3.5027282090917006e-05,1.9924346718113712,4.757045075727048,nan,2.1431982177111073,nan
134.39000000000001,193.8909149169922,-222.939453125,-22.26629066467285,194.59783309277216,-223.29311396437902,-22.268830169351784,0.7904528737643843,0.3736144156086355,0.07501465759667034,3.573250961864717e-05,2.0032436891257728,4.593847755292117,nan,nan,nan
134.4,193.8995819091797,-222.94140625,-22.267385482788086,194.60500277159463,-223.2966966617988,-22.2693495535559,0.789844115899063,0.37353960422984106,0.07500254910131973,3.501199105977066e-05,1.9758904279150524,5.05739984945575,0.4657466168897661,0.32768051813980964,nan
134.41,193.9082489013672,-222.94334411621094,-22.26845932006836,194.61346479529246,-223.2988492784078,-22.270496024105853,0.7897578904681946,0.37358072830054495,0.0750305744157096,3.571671490850771e-05,1.9853819324007953,4.639160315071926,nan,nan,nan
134.42000000000002,193.9169158935547,-222.94522094726562,-22.269512176513672,194.62192496280107,-223.30096377194917,-22.27199523689125,0.7896815248075159,0.37362193811541317,0.07505866565866917,3.501807588673736e-05,2.049323555870375,5.046351664584678,nan,0.09832751317922023,nan
134.43,193.92556762695312,-222.9470672607422,-22.27054214477539,194.6303880406403,-223.30303950931264,-22.27310463026715,0.7896167574427214,0.3736632339354129,0.07508682298435626,3.5723175592258754e-05,2.0608218324444287,4.751581129655223,nan,nan,nan
134.44,193.93423461914062,-222.94888305664062,-22.27155303955078,194.6388491026283,-223.30507849996715,-22.27458298895177,0.7895352713974061,0.3737046157938743,0.0751150465280015,3.5024397542627054e-05,2.1428181325386735,4.904121616189178,nan,0.10638845802892541,nan
134.45,193.94290161132812,-222.95066833496094,-22.272544860839844,194.65165503827993,-223.31031376545118,-22.275711135597092,0.7947869407484474,0.37363000947365,0.07510277107042239,3.5707854085361736e-05,2.213895711674931,4.891821936338794,0.39166954266884135,nan,nan
134.46,193.95156860351562,-222.95240783691406,-22.273515701293945,194.66012067650507,-223.31228769122126,-22.277130920694795,0.7947154330231223,0.37367122441577905,0.0751309532900506,3.500976772221078e-05,2.310448372394332,5.1785775879978155,nan,0.09292927946972716,nan
134.47,193.96023559570312,-222.95411682128906,-22.274465560913086,194.6685887041673,-223.31422596617344,-22.278172912987127,0.7946423516020301,0.3737125252771163,0.0751592017768358,3.5714742534655965e-05,2.325854603839954,5.147320670008877,nan,nan,nan
134.48,193.96890258789062,-222.95578002929688,-22.27539825439453,194.67706234204243,-223.31612830564768,-22.278251192045307,0.7945748906947567,0.37375391211049513,0.07518751666757803,3.50164896515331e-05,2.1775965400950055,5.136200413062044,nan,0.630701541997788,nan
134.49,193.9775848388672,-222.95741271972656,-22.27631378173828,194.68553104517204,-223.31799841935913,-22.279247863991234,0.7944925969696688,0.3737953851474842,0.07521589811413751,3.572183978158022e-05,2.190309544570442,5.279437282994842,nan,nan,nan
134.5,193.9862518310547,-222.9590301513672,-22.27720832824707,194.7075405109259,-223.33474030696732,-22.27877508970122,0.813276051210706,0.3737209814951923,0.07520345319467579,3.5002241959273046e-05,2.303648514662045,5.240178041883248,7.719990108715189,1.3530610789429187,nan
134.51,193.9949188232422,-222.96060180664062,-22.278085708618164,194.71600816831457,-223.33658156866292,-22.279722484106816,0.8132240183745594,0.3737622873796086,0.07523179246641369,3.5707092911679566e-05,2.3138511677871065,5.467688883584934,nan,nan,nan
134.52,194.0035858154297,-222.96214294433594,-22.278945922851562,194.7244759743158,-223.3383911216026,-22.28073513251984,0.8131718842572938,0.3738036791676386,0.07526019832451351,3.5009306098831154e-05,2.3355227418190196,5.4528114239110135,nan,0.004716181239382862,nan
134.53,194.0122528076172,-222.96365356445312,-22.279788970947266,194.73294464076645,-223.34016944822986,-22.281650601787877,0.8131201601077188,0.37384515707459054,0.07528867091950428,3.571453645127586e-05,2.3463529727277477,5.443904365525516,nan,nan,nan
134.54,194.0209197998047,-222.96524047851562,-22.28072166442871,194.74141207687762,-223.3419737955468,-22.28295514000484,0.8130449568727485,0.37388672117783117,0.07531721039013933,3.501653892546078e-05,2.395617450636068,5.592581212053948,nan,0.08737837574695428,nan
134.55,194.02960205078125,-222.9669189453125,-22.2817440032959,194.73539131134024,-223.3267070151211,-22.283919613435444,0.7922062034448291,0.37381251793494447,0.07530459353718574,3.570012035095654e-05,2.065936209312743,4.874762298206997,10.661250163229614,nan,nan
134.56,194.03826904296875,-222.9686737060547,-22.282852172851562,194.74386160185904,-223.32863150093903,-22.286005387974214,0.7921113659233461,0.37385391464962103,0.07533308997193626,3.5002747192564055e-05,2.219809837776217,4.901672084222017,nan,0.6405198125282844,nan
134.57,194.04693603515625,-222.9705047607422,-22.284046173095703,194.75233651534478,-223.33063425042647,-22.28723577599631,0.792018472232267,0.3738953973989564,0.07536165332125783,3.570785642474401e-05,2.223130139345788,4.96354653787936,nan,nan,nan
134.58,194.0556182861328,-222.97242736816406,-22.28532600402832,194.76082321304642,-223.33271237207538,-22.285799524911297,0.7919087682357303,0.3739369662737253,0.0753902837250194,3.501025347983953e-05,1.9468844584295366,4.684462522201406,nan,5.349530548556704,nan
134.59,194.0642852783203,-222.9744110107422,-22.286691665649414,194.7692985747377,-223.33487161673492,-22.287174936627746,0.7918180536895956,0.37397862146902383,0.07541898133211007,3.571573863277581e-05,1.9495535570913989,4.696154287099574,nan,nan,nan
134.6,194.0729522705078,-222.97647094726562,-22.28813934326172,194.81909237636842,-223.36053473968963,-22.290385086846523,0.8391871648142796,0.3739046161891921,0.07540619007592879,3.499672325649255e-05,2.383347990791363,5.050362206953361,16.379619188847244,2.578898925426891,nan
134.61,194.08163452148438,-222.97862243652344,-22.289669036865234,194.8276227130421,-223.36289245917195,-22.291945093770618,0.8391465978509901,0.37394610374561477,0.07543484377477064,3.5701708839856484e-05,2.387385503639257,4.961010357631864,nan,nan,nan
134.62,194.09030151367188,-222.9808349609375,-22.291282653808594,194.8361562323461,-223.36532446692433,-22.29277746000737,0.8391267341874991,0.37398767735490274,0.07546356470330326,3.5004457293057824e-05,2.3093985414369764,4.884809652023694,nan,0.4636612660517273,nan
134.63,194.09896850585938,-222.98312377929688,-22.2929744720459,194.84468678004296,-223.36783160448303,-22.29449411081508,0.8391055741161528,0.37402933720125925,0.07549235300949432,3.570982133564966e-05,2.313454045750447,4.914470905360423,nan,nan,nan
134.64000000000001,194.10765075683594,-222.98548889160156,-22.29474639892578,194.853222724986,-223.3704105056544,-22.294735744165518,0.8390722309609253,0.37407108339190015,0.07552120883457063,3.5012307154387736e-05,2.2520326070595647,4.975534869405734,nan,1.7087430818212366,nan
134.65,194.11631774902344,-222.9879150390625,-22.296598434448242,194.86814350903296,-223.38495748720868,-22.296642986110708,0.8502262528460652,0.3739972736902567,0.07550824072951222,3.569601250241638e-05,2.531711053422555,5.6800162726008345,6.716183092606654,nan,nan
134.66,194.12498474121094,-222.99041748046875,-22.298526763916016,194.8592956400029,-223.37025901772472,-22.29821051854155,0.8267358644215046,0.36972492683258373,0.07117969435696103,3.499889808116388e-05,2.7122549299528136,5.812566656224155,nan,0.10136603761116258,0.06991339586761322
134.67000000000002,194.1336669921875,-222.9929962158203,-22.300533294677734,194.86781886769185,-223.37306876708263,-22.30022806560303,0.8267008005889386,0.3697694868500267,0.07120023182540529,3.5704133066382595e-05,2.717892204534816,5.865006767394171,nan,nan,nan
134.68,194.142333984375,-222.99563598632812,-22.302614212036133,194.87635171378804,-223.3759602770312,-22.302781581238676,0.8266974181669612,0.36981413152901127,0.07122082808323303,3.500693018860532e-05,2.722103713908815,5.906660694812749,nan,0.1484578752060909,nan
134.69,194.15101623535156,-222.99835205078125,-22.304771423339844,194.8848744903661,-223.37890920314314,-22.304957540694744,0.8266630022605477,0.36985886231332976,0.07124148512597236,3.571253857467349e-05,2.728192937469295,5.927068301957201,nan,nan,nan
134.7,194.15968322753906,-223.0011444091797,-22.306957244873047,194.9288521320641,-223.3913992401335,-22.306773727370622,0.8625077799357497,0.369796039200768,0.07123470985515037,3.499387352423057e-05,2.6713686150123364,5.066967844806721,17.8683708639568,0.17193207280952785,nan
134.71,194.16835021972656,-223.0039825439453,-22.309133529663086,194.93744615299386,-223.3944869745294,-22.309008933849654,0.8625556679995848,0.3698405842843657,0.07125536260746416,3.569897921000503e-05,2.676130988054659,5.51346085562405,nan,nan,nan
134.72,194.17701721191406,-223.00689697265625,-22.311283111572266,194.94607051727607,-223.3976773348673,-22.31268850758912,0.8626437579418224,0.3698852139891123,0.07127607446740461,3.5002046496363e-05,2.737056037279103,5.414921308079916,nan,1.505549535703061,nan
134.73,194.18569946289062,-223.0098876953125,-22.313400268554688,194.95466398091713,-223.4008979984253,-22.31489354669893,0.862668949831698,0.36992992969800814,0.07129684729469934,3.570752723048242e-05,2.7478049410039858,5.31738363942603,nan,nan,nan
134.74,194.19436645507812,-223.01292419433594,-22.315479278564453,194.96327256213624,-223.40420227961798,-22.317810597518953,0.8627401558646213,0.36997473033161543,0.07131767955011424,3.5010295464136114e-05,2.845842284258025,5.646661190013177,nan,0.39366409595550755,nan
134.75,194.20303344726562,-223.0160369873047,-22.317520141601562,194.95897506600284,-223.40413918544286,-22.319965523963514,0.8497511559472047,0.3699118953589572,0.07131084355716945,3.5694106612179806e-05,2.887932979736452,5.567554004973077,2.319619275872612,nan,nan
134.76,194.21170043945312,-223.01914978027344,-22.319520950317383,194.96753996470403,-223.4075230072632,-22.321988034432355,0.8497842301890415,0.3699565100817659,0.07133167099744545,3.499741768742279e-05,2.900757958264023,5.7291739125348045,nan,0.004448563193316433,nan
134.77,194.2203826904297,-223.02224731445312,-22.321481704711914,194.97610620759116,-223.4108993750013,-22.324050527282452,0.8498088358028759,0.3700012107061874,0.07135255958614067,3.570276535562638e-05,2.91849534781314,5.693435490145577,nan,nan,nan
134.78,194.2290496826172,-223.02529907226562,-22.32340431213379,194.98469046673085,-223.41426156059742,-22.326988610474125,0.8498809676300404,0.3700459962151553,0.071373507914014,3.5005770379905174e-05,3.107685760711976,5.726104943223563,nan,0.5893707968802598,nan
134.79,194.2377166748047,-223.02828979492188,-22.325286865234375,194.99325614668123,-223.4175545783602,-22.3289844482405,0.8499297837520878,0.3700908678998712,0.07139451764899443,3.5711486880376826e-05,3.1310139854364945,5.952627599042047,nan,nan,nan
134.8,194.2463836669922,-223.03123474121094,-22.327133178710938,195.00092357207734,-223.42791527045205,-22.33106272639978,0.8524678011455665,0.3700280195275178,0.07138761620950071,3.499299509755202e-05,3.487400487199818,6.536082847066308,8.47579424323529,0.00033632116909908423,nan
134.81,194.2550506591797,-223.03411865234375,-22.328943252563477,195.00947211451782,-223.4311270729336,-22.33298755787302,0.8525161433657397,0.370072705053588,0.07140862051718405,3.569820402469546e-05,3.513405075128251,6.625833516710885,nan,nan,nan
134.82,194.2637176513672,-223.0369415283203,-22.330717086791992,195.01798589786523,-223.43424318853698,-22.333108973581805,0.8525109489083232,0.37011747542353324,0.07142968486870084,3.500142513180596e-05,3.2279366158693983,6.419746410409081,nan,2.2072852474059097,nan
134.83,194.2723846435547,-223.03970336914062,-22.332456588745117,195.02653432448224,-223.43734260272683,-22.334946170837654,0.8525637215769573,0.3701623318655098,0.07145081080845933,3.570700414746997e-05,3.2475101537026814,6.502533999968336,nan,nan,nan
134.84,194.28106689453125,-223.04241943359375,-22.33415985107422,195.0350793970974,-223.44038278643276,-22.336571676928948,0.8525933973078254,0.37020727345539367,0.07147199710963262,3.500990232689469e-05,3.24931903235491,6.512848253825572,nan,0.022296928699174188,nan
134.85,194.28973388671875,-223.0450897216797,-22.33582878112793,195.0487840761923,-223.44308749447083,-22.338242104288636,0.8570678161121374,0.3701444124208138,0.07146502855704058,3.569380095449823e-05,3.178622026313848,5.935771570839279,1.575499019082628,nan,nan
134.86,194.29840087890625,-223.04769897460938,-22.337465286254883,195.05734746009492,-223.44601923623352,-22.340039573727,0.857126344755711,0.37018916763233006,0.07148620886423783,3.499722054381558e-05,3.213252915914517,6.078589114151226,nan,0.0028857021878935084,nan
134.87,194.30706787109375,-223.05026245117188,-22.339069366455078,195.06590975099527,-223.44889720774066,-22.341741687010582,0.8571801497551628,0.3702340088115253,0.07150745093993607,3.570265612735891e-05,3.232074993068937,5.95261397345311,nan,nan,nan
134.88,194.31573486328125,-223.05276489257812,-22.340641021728516,195.07446523391144,-223.45171608067324,-22.343047254118908,0.857227866878721,0.3702789350971348,0.07152875367380782,3.5005749816499005e-05,3.205972038409008,6.119306271098965,nan,0.09415760890234923,nan
134.89000000000001,194.32440185546875,-223.0552215576172,-22.342182159423828,195.08302761772705,-223.45449202721613,-22.344683846443804,0.8572842081210308,0.3703239476244292,0.07155011843799752,3.571154895412815e-05,3.2241284577740865,6.016368314525989,nan,nan,nan
134.9,194.33306884765625,-223.05763244628906,-22.343692779541016,195.0974537999309,-223.4573192113207,-22.34726834734998,0.8625813875168657,0.3702610724830778,0.07154307830512921,3.499312314143634e-05,3.35421505303622,5.935649422124925,1.205334524861124,0.7306274533044212,nan
134.91,194.34173583984375,-223.0599822998047,-22.345170974731445,195.10603092737307,-223.45999254228147,-22.348855093565696,0.8626521591228812,0.3703058983747532,0.07156443642921467,3.569840935143908e-05,3.3772400513443976,6.263177383065927,nan,nan,nan
134.92000000000002,194.35040283203125,-223.0623016357422,-22.346622467041016,195.11464735099787,-223.4626612684513,-22.352570208597797,0.8627820674441105,0.370350809330244,0.07158585550151057,3.500168519321147e-05,4.015203674851924,6.48126032960663,nan,3.2854759107984792,nan
134.93,194.35906982421875,-223.06455993652344,-22.34804344177246,195.12322493154542,-223.46524055684515,-22.354121465239487,0.8628527857775584,0.3703958064228305,0.07160733678501989,3.570733615763968e-05,4.0471387582285505,6.813038843137578,nan,nan,nan
134.94,194.3677520751953,-223.06678771972656,-22.349435806274414,195.1317714559817,-223.46774007316148,-22.353887900137817,0.8628489004929948,0.37044088888295323,0.07162887933093089,3.501027442095678e-05,3.586312747084135,6.192771363571134,nan,2.1787157715211176,nan
134.95,194.3764190673828,-223.0689697265625,-22.350801467895508,195.14935308519588,-223.47366036994046,-22.355482081315472,0.8724811865434763,0.3703780001590195,0.07162176561858748,3.569423561310022e-05,3.6657507145353514,6.123432950949965,1.3887548408248531,nan,nan
134.96,194.3850860595703,-223.0710906982422,-22.35213851928711,195.1579402249807,-223.47610238390095,-22.35652477126346,0.8725578867437673,0.3704228957537283,0.07164330091653767,3.4997682489635875e-05,3.6097805711035216,6.42419710077292,nan,0.11986911589310059,nan
134.97,194.3937530517578,-223.07318115234375,-22.353450775146484,195.16653459028095,-223.47850922132383,-22.357949372829882,0.8726410414176162,0.3704678773808407,0.07166489860596466,3.5703179391529646e-05,3.63444387133766,6.139234602806323,nan,nan,nan
134.98,194.4024200439453,-223.0752410888672,-22.354736328125,195.1751137115059,-223.48085744509183,-22.358466086803514,0.8726935564245837,0.3705129443312936,0.07168655783961234,3.5006288666118376e-05,3.4720971818446302,5.775161551949347,nan,0.5497979984724946,nan
134.99,194.41110229492188,-223.07723999023438,-22.355995178222656,195.1837081226054,-223.48318064048541,-22.359831859723677,0.8727670345640439,0.3705580975887185,0.07170827973003713,3.571214387845621e-05,3.4949209993304358,6.324056783983141,nan,nan,nan
135.0,194.41976928710938,-223.07920837402344,-22.357229232788086,195.18916548612904,-223.48631809415267,-22.360175010644397,0.87046970820172,0.3704951939346466,0.07170108820126943,3.499372018513499e-05,3.416715077450448,5.998018865490727,1.2575377538342472,0.5550891280504299,nan
135.01,194.42843627929688,-223.08114624023438,-22.358440399169922,195.1977509808738,-223.48856751725904,-22.361481522404773,0.8705437699882306,0.37054016006095714,0.0717228021650614,3.569905731147174e-05,3.4353058692649228,5.786124812909751,nan,nan,nan
135.02,194.43710327148438,-223.08303833007812,-22.3596248626709,195.2063161590634,-223.4907564629628,-22.36153657873415,0.870589568602171,0.3705852114648833,0.07174457794808636,3.5002329546370764e-05,3.2884038458713176,5.826739613018523,nan,1.0645028102048348,nan
135.03,194.44578552246094,-223.0848846435547,-22.36078643798828,195.21490187019313,-223.4929287617138,-22.362784447854153,0.8706571947423343,0.37063034907153075,0.07176641656900366,3.570802634304481e-05,3.304020020830279,6.10042228852683,nan,nan,nan
135.04,194.45445251464844,-223.08670043945312,-22.36192512512207,195.22347406899732,-223.49504939554814,-22.363163994000743,0.870714968168777,0.37067557225864023,0.07178831731976712,3.501095303424935e-05,3.243794970059551,5.769650753933217,nan,0.5051646445254034,nan
135.05,194.46311950683594,-223.08848571777344,-22.3630428314209,195.2536055169607,-223.5024845239553,-22.364207692340397,0.892336540002674,0.37061265399475835,0.07178104568715192,3.569495261086157e-05,3.186401760029008,5.3597940715021855,7.342498712175605,nan,nan
135.06,194.47178649902344,-223.09022521972656,-22.3641357421875,195.2622334212646,-223.50454627970308,-22.36524409421677,0.8924514026347907,0.37065768981068403,0.07180293786334864,3.499838128855916e-05,3.1907376546674677,5.625608076653734,nan,0.012793337340848476,nan
135.07,194.48046875,-223.09193420410156,-22.36520767211914,195.27086384228227,-223.5065753304895,-22.366392764224933,0.8925542392703425,0.3707028117253431,0.07182489305795856,3.570391420564488e-05,3.2022130551998265,5.62423741618825,nan,nan,nan
135.08,194.4891357421875,-223.09361267089844,-22.36625862121582,195.27949890562707,-223.50857435703887,-22.36779169745105,0.892675462533528,0.37074801917261613,0.07184691064919756,3.500699938626032e-05,3.2368902697796886,5.478289418034075,nan,0.051763403945081846,nan
135.09,194.49781799316406,-223.0952606201172,-22.36728858947754,195.2881301236795,-223.51053512550195,-22.368902334792928,0.8927758860074354,0.37079331299423535,0.07186899152772432,3.571288587088954e-05,3.2495772552663786,5.518471281912616,nan,nan,nan
135.1,194.50648498535156,-223.09686279296875,-22.368297576904297,195.27840634631616,-223.5001648305358,-22.36934485590668,0.8709283654885029,0.3707303788657863,0.07186163575504376,3.499443147321945e-05,2.9743895754314864,5.178686894051831,5.184418852044503,0.3043700165105757,nan
135.11,194.51516723632812,-223.0984344482422,-22.369287490844727,195.2870157882885,-223.5020304706843,-22.370410141601422,0.8710001129960578,0.37077548504282454,0.07188370734897653,3.569979531953333e-05,2.9847110846176164,5.237148163196006,nan,nan,nan
135.12,194.52383422851562,-223.09999084472656,-22.370256423950195,195.29562702547466,-223.50386586563485,-22.37155104495985,0.8710802661035758,0.3708206767028311,0.07190584159960982,3.500303459568103e-05,3.0028469880122364,4.917104886734006,nan,0.00632412731276513,nan
135.13,194.5325164794922,-223.10150146484375,-22.371206283569336,195.3042372112869,-223.50566865242675,-22.372579581613305,0.8711520472041837,0.37086595463408073,0.07192803931884828,3.570875365236555e-05,3.014022988753459,5.250630749978052,nan,nan,nan
135.14000000000001,194.5411834716797,-223.1029815673828,-22.37213706970215,195.31286078739512,-223.50745413355824,-22.374470238539345,0.8712573558112094,0.37091131834990143,0.07195030000185947,3.5011644049885174e-05,3.122736239547183,5.247402527486619,nan,0.5469468112397675,nan
135.15,194.54986572265625,-223.1044464111328,-22.373048782348633,195.33151415229491,-223.51217095221193,-22.37547554582796,0.8816005093781161,0.3708483684877884,0.0719428575587711,3.569566052768794e-05,3.135375209022645,5.103724258499675,1.154924124554994,nan,nan
135.16,194.55853271484375,-223.10586547851562,-22.373943328857422,195.34010537722378,-223.51384695795065,-22.37374094128317,0.8816488842518468,0.37089354430867894,0.07196510827051594,3.4999050482525144e-05,2.9774950527641937,5.07392935057816,nan,5.218762645131259,nan
135.17000000000002,194.5672149658203,-223.10726928710938,-22.374820709228516,195.34873636002428,-223.5155334637568,-22.374680737192676,0.8817342837410178,0.3709388062981942,0.07198742263147395,3.570459727063113e-05,2.982453830219618,4.93814656757904,nan,nan,nan
135.18,194.5758819580078,-223.10862731933594,-22.37567901611328,195.35735982822027,-223.5171839251766,-22.375046686864906,0.8818313680336582,0.37098415402019874,0.0720098002082666,3.500764176801522e-05,2.999345632372767,5.194206411528829,nan,0.21908808278514205,nan
135.19,194.58456420898438,-223.10997009277344,-22.37652015686035,195.36599165310938,-223.51881453477506,-22.375947881355838,0.8819200392816814,0.3710295881877858,0.07203224170661257,3.5713538136412766e-05,3.002808659995433,5.09133082765535,nan,nan,nan
135.2,194.59324645996094,-223.1114044189453,-22.377452850341797,195.37711439155,-223.52001253303834,-22.3778090892239,0.8839737846692802,0.37096662142172515,0.07202470872805301,3.499504130032181e-05,2.959762089069347,4.818741596643484,0.616837805429528,0.7147357049599693,nan
135.21,194.60191345214844,-223.1129150390625,-22.37847137451172,195.38575379590816,-223.5217510606749,-22.378845729431298,0.8840547026144975,0.37101186741386494,0.07204713951476453,3.5700411294081137e-05,2.9633839107771034,4.9323017008529355,nan,nan,nan
135.22,194.610595703125,-223.114501953125,-22.379579544067383,195.39440230312073,-223.52358018811512,-22.3806027271065,0.8841373396950418,0.3710571990844747,0.07206963376288536,3.500360786565765e-05,2.9930420856983746,5.063431749445886,nan,0.28159438514477353,nan
135.23,194.61927795410156,-223.11618041992188,-22.38077163696289,195.4030424207206,-223.52548235380905,-22.381822183080953,0.8842035488876684,0.3711026170991807,0.07209219211371348,3.57093294209833e-05,2.9973342981741946,5.0012747940825,nan,nan,nan
135.24,194.62796020507812,-223.117919921875,-22.382051467895508,195.41165703345104,-223.52744022814312,-22.381192782957786,0.8842445009088364,0.3711481210925085,0.07211481422968319,3.5012176796854855e-05,2.9914528167964907,5.218248800361634,nan,2.6435444531360357,nan
135.25,194.6366424560547,-223.1197509765625,-22.38341522216797,195.46499978254107,-223.55073985253085,-22.3825350654129,0.933770874587576,0.37108513738155263,0.07210718798645364,3.569619241305182e-05,3.269507052190359,5.611181796311013,18.75803489181476,nan,nan
135.26,194.6453094482422,-223.1216583251953,-22.38486099243164,195.47371686152704,-223.55292487092308,-22.384364852920548,0.9339432113376436,0.3711304529389604,0.07212979866688751,3.499953958590881e-05,3.258847601885073,5.6684263647953905,nan,0.09803924002928979,nan
135.27,194.65399169921875,-223.1236572265625,-22.386390686035156,195.48242925924296,-223.55518300296583,-22.385909756479972,0.9340896733465197,0.371175854739568,0.07215247363025383,3.570508218586039e-05,3.2619467311207133,5.444470981296689,nan,nan,nan
135.28,194.6626739501953,-223.12571716308594,-22.388002395629883,195.49114011466557,-223.55751639658715,-22.387411322303844,0.9342414640187873,0.37122134246220223,0.07217521259670627,3.5008084426269084e-05,3.2696553182478967,5.703505248107258,nan,0.011272037681659706,nan
135.29,194.67135620117188,-223.1278533935547,-22.389694213867188,195.49985268844014,-223.55992731067641,-22.38911999651661,0.93439532800541,0.37126691670649054,0.07219801612164767,3.571397347603615e-05,3.273080902718694,5.728361038828471,nan,nan,nan
135.3,194.68003845214844,-223.13006591796875,-22.391464233398438,195.48835825519663,-223.55111664929942,-22.39192334998121,0.9114081594664347,0.3712039149540609,0.072190292891948,3.49954358558247e-05,3.09332344797163,5.425323135086705,4.748195894918708,0.6016241147810765,nan
135.31,194.68870544433594,-223.13235473632812,-22.393314361572266,195.49704145471412,-223.5536530182597,-22.393804381772185,0.9115369373494465,0.3712493004752263,0.07221308421154307,3.570079567724967e-05,3.0974185414251365,5.309014430756108,nan,nan,nan
135.32,194.6973876953125,-223.13470458984375,-22.39524269104004,195.50571220567605,-223.556251191954,-22.394749672757143,0.9116415385842165,0.3712947718598468,0.07223593976599008,3.5003952151382454e-05,3.1016050556193444,5.555916008994036,nan,0.7274408831288298,nan
135.33,194.70606994628906,-223.13714599609375,-22.397247314453125,195.51439477960227,-223.5589333157231,-22.396778307570738,0.9117531459328166,0.37134032966644837,0.07225886005931885,3.570966075032734e-05,3.104101040420604,5.302217107758959,nan,nan,nan
135.34,194.71475219726562,-223.1396484375,-22.399328231811523,195.52307907147724,-223.56168906347912,-22.399057281974954,0.9118720847593618,0.37138597363512804,0.07228184488820158,3.501246950688447e-05,3.1036787608358107,5.467683399142819,nan,0.021085316846465463,nan
135.35,194.7234344482422,-223.1422119140625,-22.401485443115234,195.54541150360174,-223.5655571893527,-22.401249656708927,0.9245904808310097,0.37132295364758733,0.07227402178529069,3.5696470568049796e-05,3.007054634897183,5.440177052800319,4.047030194663885,nan,nan
135.36,194.7321014404297,-223.1448516845703,-22.403669357299805,195.55413249932474,-223.56845247493197,-22.40421236360984,0.9247556359595724,0.3713684086228298,0.07229699364931719,3.499978088638791e-05,3.017042418111348,5.360146913521671,nan,0.3717239451704489,nan
135.37,194.74078369140625,-223.14756774902344,-22.40584373474121,195.562844839575,-223.57140940123293,-22.406467366628352,0.924892786431452,0.37141394992098603,0.07232003043140742,3.570530558142465e-05,3.022530577142166,5.336721016435485,nan,nan,nan
135.38,194.7494659423828,-223.1503448486328,-22.40799331665039,195.5715599976882,-223.57443756018668,-22.40898494721966,0.9250374301036555,0.37145957732006596,0.07234313197366433,3.5008272894883104e-05,3.0429747784649863,5.426237372580833,nan,0.05472232914653678,nan
135.39000000000001,194.7581329345703,-223.1531982421875,-22.410110473632812,195.58027185562574,-223.57753058938866,-22.411198081859826,0.9251872941664733,0.3715052913220457,0.07236629871241966,3.571414176119916e-05,3.0508094897536036,5.216654247903405,nan,nan,nan
135.4,194.76681518554688,-223.1560516357422,-22.412187576293945,195.56493875441248,-223.56077587060867,-22.41312438651109,0.8948764244745809,0.3714422520646708,0.0723583721327468,3.499557263890621e-05,2.649213354783245,4.609676813271228,14.392829892452681,0.011176386778885706,nan
135.41,194.77549743652344,-223.15887451171875,-22.414226531982422,195.57362549128334,-223.56384574880494,-22.415261808225864,0.8949922717313477,0.3714877767796499,0.07238152510822567,3.570091027582182e-05,2.657640401080806,4.647578751100615,nan,nan,nan
135.42000000000002,194.78416442871094,-223.1616668701172,-22.416227340698242,195.582304299611,-223.56687617642913,-22.416646058437266,0.8951100551142946,0.37153338753245857,0.07240474306266022,3.500403620380836e-05,2.6359159922988225,4.424985988744572,nan,0.3609100578929679,nan
135.43,194.7928466796875,-223.16439819335938,-22.41818618774414,195.59099056145376,-223.56986938794662,-22.418699902497284,0.8952322656963279,0.37157908479029783,0.07242802639249377,3.5709720663047785e-05,2.6421841510187183,4.727688705646733,nan,nan,nan
135.44,194.80152893066406,-223.16709899902344,-22.420108795166016,195.59970228013358,-223.57283599765793,-22.42318353918256,0.8953840862529842,0.37162486838307973,0.07245137499932663,3.501250125533681e-05,2.908157716779132,4.668541984321749,nan,4.297057661051608,nan
135.45,194.81019592285156,-223.16973876953125,-22.4219913482666,195.62013466190717,-223.58410358569276,-22.425238986261675,0.9097854192325244,0.3715618095290756,0.07244334193620731,3.569647802846505e-05,3.0896701367375745,5.135608537476899,2.3725807189703803,nan,nan
135.46,194.81887817382812,-223.1723175048828,-22.423837661743164,195.6288258752261,-223.58695745950425,-22.42634457835661,0.9099164003353588,0.37160740355507593,0.07246667598632736,3.4999762651558654e-05,2.9781629104087664,5.097235747921859,nan,0.5241224138238963,nan
135.47,194.82754516601562,-223.1748504638672,-22.425647735595703,195.63752584382473,-223.589767529942,-22.42826689241765,0.9100723763122894,0.3716530839887937,0.07249007558922556,3.570525987746893e-05,2.994811582112683,4.988791035797385,nan,nan,nan
135.48,194.8362274169922,-223.17733764648438,-22.427419662475586,195.64623378496586,-223.59253364602756,-22.43094552121399,0.9102255027598417,0.3716988506918664,0.07251354068128318,3.500820405027734e-05,3.161842132629342,5.204167799792511,nan,0.4422538409077313,nan
135.49,194.8448944091797,-223.17977905273438,-22.429157257080078,195.65493402728006,-223.59524339277226,-22.432805835220485,0.9103780054778156,0.371744704084125,0.07253707160704749,3.571404394839674e-05,3.183263727576562,5.1042355483790685,nan,nan,nan
135.5,194.85357666015625,-223.18215942382812,-22.43086051940918,195.6401278368995,-223.5855920916104,-22.432855777405475,0.8839822691234173,0.37168162464872934,0.07252892855374395,3.499545610058357e-05,2.763501934186326,4.715440978789814,5.464244771336104,2.2086291902899315,nan
135.51,194.86224365234375,-223.18450927734375,-22.43252944946289,195.64879225315235,-223.58818022166676,-22.43463123804747,0.8840889945247896,0.3717272881745285,0.07255244409657301,3.5700763531262325e-05,2.776676151782052,4.502723919183084,nan,nan,nan
135.52,194.8709259033203,-223.18679809570312,-22.434165954589844,195.65744575935986,-223.590712241855,-22.435220029426898,0.8841726259502836,0.37177303790224403,0.0725760253352694,3.5003871542631904e-05,2.688398287725277,4.57293254116602,nan,0.940207246550247,nan
135.53,194.87960815429688,-223.1890411376953,-22.43577003479004,195.66610998045368,-223.59320702755304,-22.43691942140694,0.884271739999687,0.37181887422292337,0.0725996725842961,3.570952457857496e-05,2.6973427662265053,4.572049082652524,nan,nan,nan
135.54,194.88827514648438,-223.19125366210938,-22.437339782714844,195.67476264120882,-223.59564691923518,-22.437291003481025,0.8843621928520897,0.3718647970412093,0.07262338582497221,3.5012289920501936e-05,2.6635298477900506,4.421743614228473,nan,1.1859792622379797,nan
135.55,194.89695739746094,-223.1934051513672,-22.438880920410156,195.68325318371743,-223.58713735853445,-22.43901596838076,0.8793668931017738,0.37180169658347295,0.07261512968822434,3.5696236238522334e-05,2.37611642263604,4.0744495074137355,10.546037377635251,nan,nan
135.56,194.90562438964844,-223.19552612304688,-22.44038963317871,195.69193437188306,-223.58946207154628,-22.44065122694866,0.8794708568868245,0.3718474292464908,0.07263882672030642,3.499950822545247e-05,2.3797175542980087,4.018976429918392,nan,0.0010550142940606248,nan
135.57,194.914306640625,-223.19760131835938,-22.44186782836914,195.70061502423073,-223.59174399019304,-22.442219007848504,0.8795620746802688,0.371893248406714,0.07266258993750856,3.570497210788177e-05,2.383542571415744,4.107847494310594,nan,nan,nan
135.58,194.9229736328125,-223.1996307373047,-22.443317413330078,195.7092965628308,-223.5939850128428,-22.443887441455033,0.8796700346378761,0.37193915399476496,0.07268641934697112,3.5007906299702636e-05,2.391690150233228,4.081352423924462,nan,0.011815964424566814,nan
135.59,194.93165588378906,-223.2016143798828,-22.444738388061523,195.71797691205018,-223.59618439092822,-22.445399469145645,0.879765133504496,0.3719851463628648,0.07271031522457923,3.571371202418776e-05,2.397177620589013,4.152656322261799,nan,nan,nan
135.6,194.94033813476562,-223.2035675048828,-22.446130752563477,195.73007279478807,-223.59609694494904,-22.44711787579097,0.8819076873299955,0.3719220239367864,0.07270194257690507,3.499511890883696e-05,2.342788145075575,4.0318263240549745,1.9009833892689811,0.008995213233710154,nan
135.61,194.94900512695312,-223.2054901123047,-22.44749641418457,195.73876471988999,-223.5982070897256,-22.448578728609867,0.8820136112299699,0.37196782584402005,0.07272582139270803,3.5700391569679486e-05,2.349466571936097,3.919823771036052,nan,nan,nan
135.62,194.9576873779297,-223.2073516845703,-22.448833465576172,195.74746377364525,-223.6002841208792,-22.450879068098388,0.8821263170446616,0.3720137141075734,0.07274976659629594,3.500349475459694e-05,2.438511025432266,4.255820086530432,nan,0.5294122549420595,nan
135.63,194.9663543701172,-223.20919799804688,-22.450143814086914,195.75615613255545,-223.60231804235144,-22.452296079000575,0.8822328634940229,0.37205968905634906,0.07277377844159878,3.57091124225902e-05,2.450382031063065,4.070929589829435,nan,nan,nan
135.64000000000001,194.97503662109375,-223.21099853515625,-22.45142936706543,195.76565778786485,-223.60338435396415,-22.453663411976052,0.8826400461709779,0.3715538087640948,0.07206810412444865,3.501168864040293e-05,2.6310924157070543,4.276791152592827,nan,0.00043077241753716565,0.0011865744897686006
135.65,194.9837188720703,-223.2127685546875,-22.452688217163086,195.74791991598045,-223.593408120077,-22.455083146904325,0.8537537408068567,0.3714891921869228,0.0720609155510174,3.5695597159369096e-05,2.5255147165222707,4.168679773003225,6.512396723979467,nan,nan
135.66,194.9923858642578,-223.21449279785156,-22.453922271728516,195.7565737222476,-223.59528286165371,-22.45474397603675,0.8538060846512097,0.3715338038370754,0.07208178586975099,3.499887985309238e-05,2.3864330317710207,4.0227047878852975,nan,1.9979725171759977,nan
135.67000000000002,195.00106811523438,-223.2161865234375,-22.45513153076172,195.76522535878738,-223.59714954153247,-22.456046150684227,0.8538559307987235,0.3715785005682617,0.07210271634981619,3.570430355373394e-05,2.3928630686349073,4.05503895445915,nan,nan,nan
135.68,195.00975036621094,-223.2178497314453,-22.456315994262695,195.77387823793705,-223.59897200273556,-22.456681286799878,0.8539003006562087,0.3716232825186576,0.07212370642752051,3.500725058818003e-05,2.3754117815469327,4.047514966087442,nan,0.2924324011604685,nan
135.69,195.0184326171875,-223.219482421875,-22.457477569580078,195.78253029414023,-223.60077115800084,-22.45793081039702,0.8539476363619939,0.37166814983948926,0.07214475693723588,3.5713016055415415e-05,2.3794177159020617,4.006618340006164,nan,nan,nan
135.7,195.027099609375,-223.2210693359375,-22.458616256713867,195.82774932412667,-223.6220732628252,-22.46000090949736,0.8954585598310106,0.3716035410070611,0.07213750675710526,3.4994440098346144e-05,2.706770034728666,4.448115929510643,15.314173048810588,0.7502342615340665,nan
135.71,195.03578186035156,-223.22264099121094,-22.459732055664062,195.83645481673406,-223.62384891436668,-22.461212374889627,0.8955708637680445,0.3716482207721872,0.07215855071119956,3.5699672625114635e-05,2.716036295964588,4.337524378432733,nan,nan,nan
135.72,195.04446411132812,-223.2241668701172,-22.460824966430664,195.84515743104888,-223.62562109255188,-22.46428936352373,0.8957049106727609,0.37169298568601805,0.0721796545470407,3.500279259546431e-05,3.0006643062029896,4.757063655861025,nan,2.5143548402046427,nan
135.73,195.0531463623047,-223.22567749023438,-22.461896896362305,195.85386373236008,-223.6273346280552,-22.465476805242073,0.8958178268032115,0.3717378359014259,0.07220081902627658,3.570837021962537e-05,3.0192775109461136,4.601472337676357,nan,nan,nan
135.74,195.0618133544922,-223.22714233398438,-22.462947845458984,195.86256990439858,-223.62902181329352,-22.466913779511,0.8959541822775806,0.37178277155413914,0.07222204369272942,3.501115196894653e-05,3.112564978047274,4.778992091322708,nan,0.051542030283471374,nan
135.75,195.07049560546875,-223.2285919189453,-22.46397590637207,195.9076205874825,-223.64596704601078,-22.468063335523752,0.9354127106692147,0.37171817002483487,0.07221472950410446,3.569502715932251e-05,3.285861249474076,5.127856461130863,12.174332458231214,nan,nan
135.76,195.0791778564453,-223.22999572753906,-22.464984893798828,195.9163881122985,-223.64762328146614,-22.46970933321502,0.9356046743324233,0.3717629179268658,0.072235947069512,3.499831966042912e-05,3.4589177132193076,5.379478289419839,nan,0.18857251712901893,nan
135.77,195.08786010742188,-223.23138427734375,-22.465972900390625,195.92515691390028,-223.64924364888495,-22.470824301402477,0.9357862643870768,0.37180775106088204,0.07225722548872672,3.5703707878851544e-05,3.4832706529300985,5.2991630026686405,nan,nan,nan
135.78,195.09654235839844,-223.2327423095703,-22.466941833496094,195.93392574772432,-223.6508375606253,-22.472036127100502,0.9359703689225158,0.3718526695610236,0.07227856437156494,3.500666673132572e-05,3.568369845940852,5.373539743781119,nan,0.009451961327193678,nan
135.79,195.105224609375,-223.23406982421875,-22.467891693115234,195.94269505743162,-223.65240244330917,-22.47311486191484,0.9361550155051874,0.37189767358253184,0.07229996438204382,3.5712396806912916e-05,3.594000597133907,5.400979972306861,nan,nan,nan
135.8,195.11390686035156,-223.23538208007812,-22.468822479248047,195.9263436788925,-223.63910066969427,-22.47523895853724,0.9072394694506128,0.3718330788650542,0.07229258253384517,3.49938367339811e-05,3.7733232866165114,5.309369751986692,8.33816362038183,0.6217714032613771,nan
135.81,195.12258911132812,-223.23666381835938,-22.46973419189453,195.9350800496591,-223.64057873545292,-22.476293952956937,0.907376336249638,0.37187789493638246,0.07231397484451761,3.569903412592257e-05,3.804282691826402,5.373106595553533,nan,nan,nan
135.82,195.1312713623047,-223.2379150390625,-22.47062873840332,195.94381902313432,-223.6420169070938,-22.476211977432392,0.9075038255699799,0.3719227963019943,0.07233542788890909,3.5002169549758146e-05,3.4917568238850523,5.046617944816585,nan,0.8852658768547768,nan
135.83,195.13995361328125,-223.2391357421875,-22.47150421142578,195.95255596644566,-223.64344425215864,-22.47722181057171,0.9076456613367432,0.37196778311860157,0.07235694227151146,3.570771226157965e-05,3.5190811619714926,5.154963098518049,nan,nan,nan
135.84,195.1486358642578,-223.24034118652344,-22.47236442565918,195.96129329259193,-223.6448465787033,-22.478183948932646,0.9077833304155433,0.37201285551815244,0.0723785176902709,3.501051119233746e-05,3.573002240238497,5.048216722954933,nan,0.0006868159950220348,nan
135.85,195.15731811523438,-223.24151611328125,-22.47320556640625,195.96045804358963,-223.63146597825843,-22.47904908605034,0.8928206922087046,0.3719482671106343,0.07237106556797003,3.569435395383105e-05,3.235268822622168,4.6053610987966715,16.43597549066368,nan,nan
135.86,195.16600036621094,-223.24267578125,-22.474029541015625,195.96919782433213,-223.63279500482392,-22.48180062197949,0.8929611161935355,0.3719931513545126,0.07239263270047544,3.499766515477959e-05,4.00511614213457,5.346023092926517,nan,2.270479595655597,nan
135.87,195.1746826171875,-223.24392700195312,-22.474943161010742,195.9779420326737,-223.63413386610122,-22.48281428110585,0.8930560116404055,0.37203812097823924,0.07241426138056802,3.570301917305264e-05,4.014355688260517,5.3284388475456925,nan,nan,nan
135.88,195.18336486816406,-223.24525451660156,-22.4759464263916,195.98669384353173,-223.63552136470736,-22.480733275746136,0.8931229306889584,0.37208317611245745,0.07243595135956346,3.500599825655613e-05,2.933373358202193,4.236653464744932,nan,7.159073754474649,nan
135.89000000000001,195.19204711914062,-223.2466583251953,-22.47703742980957,195.99543882558362,-223.63703018021485,-22.48189433410685,0.8932256202618319,0.3721283169158291,0.0724577031628934,3.5711694520527546e-05,2.9392625383598627,4.278286631045313,nan,nan,nan
135.9,195.20074462890625,-223.24815368652344,-22.478214263916016,196.0025244277682,-223.63327186222435,-22.48337200948865,0.8894905606344062,0.37206373426124234,0.07245017721834898,3.499315814251742e-05,2.926926140460921,4.245321848152081,2.8677046531189627,0.028013548969942563,nan
135.91,195.2094268798828,-223.24972534179688,-22.479476928710938,196.01127646661234,-223.63492809692897,-22.484711039832582,0.8895905340205199,0.3721086866989182,0.07247192010286153,3.569832224475859e-05,2.9337773064953803,4.2930265017103615,nan,nan,nan
135.92000000000002,195.21810913085938,-223.2513885498047,-22.480825424194336,196.02003498972994,-223.6366373173779,-22.483516307268804,0.8896678801067788,0.37215372457400325,0.07249372454299015,3.5001480552863885e-05,2.372637305191942,3.67391268173063,nan,4.846373019581536,nan
135.93,195.22679138183594,-223.2531280517578,-22.482255935668945,196.0287878899462,-223.63845531748518,-22.485000489294446,0.8897657182138272,0.37219884804627057,0.07251559101662214,3.570699045248597e-05,2.376216030534229,3.7633226006788822,nan,nan,nan
135.94,195.2354736328125,-223.25494384765625,-22.4837703704834,196.0375373209795,-223.64036906561958,-22.48809371355851,0.8898749630220488,0.37224405724470216,0.07253751934556334,3.500981350366571e-05,2.6987167368281213,4.067885492261885,nan,1.6407460656665622,nan
135.95,195.24417114257812,-223.2568359375,-22.48536491394043,196.03962296802078,-223.6289262038722,-22.489732022641434,0.8781878185031893,0.3721794797843397,0.07252991679037488,3.5693626015222115e-05,2.4746223153642966,3.860005973373414,14.316756750632525,nan,nan
135.96,195.2528533935547,-223.25880432128906,-22.487041473388672,196.04838661722687,-223.63093139214743,-22.490975196446477,0.8782750941527239,0.3722245004013775,0.07255183557449564,3.4996962361952344e-05,2.381838564257747,3.7632501975477846,nan,0.1804039599849735,nan
135.97,195.26153564453125,-223.26084899902344,-22.488798141479492,196.05714911530097,-223.63301881518566,-22.49279999283045,0.8783662002528935,0.37226960654283375,0.07257381659982383,3.570228471787489e-05,2.387634504462591,3.7690843513806023,nan,nan,nan
135.98,195.2702178955078,-223.26296997070312,-22.490633010864258,196.06591187517256,-223.63518167369924,-22.49462756412202,0.878456838767687,0.37231479833679065,0.0725958597302542,3.500528999042967e-05,2.394287123578212,3.8154787251195854,nan,0.004250450029307199,nan
135.99,195.27890014648438,-223.2651824951172,-22.49254608154297,196.0746744056039,-223.63742050130193,-22.496611520541116,0.878541024949815,0.37236007594436993,0.0726179653812437,3.5710955176092506e-05,2.4004131612267425,3.857947072449496,nan,nan,nan
136.0,195.28759765625,-223.2674560546875,-22.494535446166992,196.08978999335105,-223.63825227384123,-22.498386956069027,0.883751784140133,0.37229550306041964,0.07261028274831534,3.499244778843341e-05,2.3279417029153464,3.851499210331876,3.152526828591846,0.11082395101123513,nan
136.01,195.29627990722656,-223.26979064941406,-22.49660301208496,196.09857072521822,-223.6406275839963,-22.50052537922113,0.8838585710666748,0.3723405918663124,0.07263237818885847,3.569758149952575e-05,2.3345556117994453,3.8304868955796314,nan,nan,nan
136.02,195.30496215820312,-223.272216796875,-22.49874496459961,196.10735325630702,-223.64306821290762,-22.501938778540666,0.8839527405564552,0.3723857662504233,0.07265453597858018,3.500076769049408e-05,2.194316366107802,3.7758853281446547,nan,0.45406238301970037,nan
136.03,195.3136444091797,-223.2747039794922,-22.50091552734375,196.11613357827719,-223.645587943293,-22.504199097856777,0.8840557465220823,0.37243102637455633,0.07267675649593829,3.570624783572575e-05,2.2042917488125022,3.7622354639620337,nan,nan,nan
136.04,195.32232666015625,-223.27725219726562,-22.50307846069336,196.12491305402088,-223.64817721145374,-22.5067212182962,0.8841626295258346,0.37247637236576864,0.07269903965975906,3.5009099536652666e-05,2.28090373919856,3.848055508466971,nan,0.04415478346557901,nan
136.05,195.3310089111328,-223.27981567382812,-22.505216598510742,196.12712725497076,-223.64889443602127,-22.509000987967056,0.8775180178781816,0.3724118034457802,0.07269127402231533,3.569288479032248e-05,2.2879981663810094,3.8310243029121605,0.5307587911159176,nan,nan
136.06,195.33970642089844,-223.2823486328125,-22.507322311401367,196.13589479938125,-223.65150478521477,-22.510994192024288,0.877613628879385,0.3724569604097019,0.07271354631166893,3.49962503558713e-05,2.272107038854987,3.70303133082738,nan,0.040134010698149335,nan
136.07,195.348388671875,-223.28485107421875,-22.509389877319336,196.14466129519923,-223.65408787681727,-22.513188990202575,0.8777245241575098,0.3725022030392539,0.0727358815339795,3.570154436346369e-05,2.2912056730572483,3.7944056240976627,nan,nan,nan
136.08,195.35707092285156,-223.2873077392578,-22.511417388916016,196.15342385533404,-223.65664310102898,-22.516749323948744,0.8778468158279502,0.3725475314610264,0.07275827964037622,3.500457944866459e-05,2.699269438153767,4.231490614264892,nan,1.388766937510945,nan
136.09,195.36575317382812,-223.2897186279297,-22.51340675354004,196.16218974584635,-223.65914309214176,-22.51888296723872,0.8779610679995948,0.37259294583752817,0.07278074096134071,3.57102169802454e-05,2.727088771618622,4.192897594669492,nan,nan,nan
136.1,195.3744354248047,-223.29208374023438,-22.515357971191406,196.19375906483288,-223.66846252053136,-22.519725932286313,0.9016492069818586,0.37252838020803203,0.07277288891480273,3.4991741552922276e-05,2.4949695299160553,4.124346753128011,6.69013319874283,1.356763969574081,nan
136.11,195.38311767578125,-223.29440307617188,-22.517269134521484,196.20256764305512,-223.67087586733126,-22.521772690598016,0.9018039107066558,0.37257360532697337,0.07279533866335225,3.5696848380675334e-05,2.518185390787284,4.189005697464327,nan,nan,nan
136.12,195.3917999267578,-223.2966766357422,-22.519142150878906,196.21137417111868,-223.67324805431863,-22.524449386658183,0.9019623839495621,0.3726189161626562,0.07281785152822441,3.500006522017091e-05,2.755056727280421,4.410570837882988,nan,0.3144291265788973,nan
136.13,195.40048217773438,-223.2989044189453,-22.520978927612305,196.22018228527332,-223.67556954756805,-22.526428758442837,0.9021167253054488,0.3726643128778491,0.07284042781192103,3.5705519199941535e-05,2.782400035011874,4.380896515591543,nan,nan,nan
136.14000000000001,195.40916442871094,-223.3011016845703,-22.52277946472168,196.22898805815447,-223.67785274335844,-22.52930369913409,0.9022719708195601,0.37270979559874534,0.07286306750717013,3.5008401903619964e-05,3.1665553156958897,4.759226529399104,nan,0.6125608898914106,nan
136.15,195.4178466796875,-223.30323791503906,-22.5245418548584,196.2327674540357,-223.67659838035053,-22.531197534750884,0.8964029248037325,0.37264523259655336,0.07285512601810483,3.569216332116174e-05,3.155411031037488,4.74345605187284,0.4296511576765199,nan,nan
136.16,195.42652893066406,-223.3053436279297,-22.52627182006836,196.24156530224855,-223.67879058664172,-22.53469572863365,0.8965589106201479,0.3726905258246747,0.07287775344047409,3.499556006752018e-05,3.9421577015283598,5.430831151850905,nan,1.8445763220265774,nan
136.17000000000002,195.43521118164062,-223.30738830566406,-22.527965545654297,196.25036714803554,-223.68092952511003,-22.53656019979041,0.8967085146546355,0.3727359048563081,0.07290044448387652,3.5700829426667926e-05,3.9838212900045633,5.474555972180422,nan,nan,nan
136.18,195.4438934326172,-223.3094024658203,-22.529626846313477,196.2591684268098,-223.68302846758561,-22.53858724144587,0.8968556149301895,0.3727813698175794,0.07292319916508823,3.50038959022046e-05,4.20864731816174,5.635253167591248,nan,0.027030930430180868,nan
136.19,195.45257568359375,-223.31138610839844,-22.531253814697266,196.26797007346156,-223.68508563805872,-22.54038796294889,0.8969965340849938,0.37282692087136643,0.07294601775084875,3.570950952227727e-05,4.251459826452639,5.713316095130102,nan,nan,nan
136.2,195.4612579345703,-223.31332397460938,-22.532848358154297,196.298426695739,-223.69377486068302,-22.541200284212515,0.9196000032948222,0.37276235977244754,0.07293798346224911,3.499106703307956e-05,3.9776056671692617,5.5761636464071875,5.479064743763134,0.5341621558924209,nan
136.21,195.46994018554688,-223.31521606445312,-22.534412384033203,196.3072692478542,-223.69575922221642,-22.542927982193973,0.9197856103011051,0.3728077210935318,0.07296078904562579,3.5696150740243325e-05,4.015937282667615,5.536451922031515,nan,nan,nan
136.22,195.47862243652344,-223.31707763671875,-22.53594398498535,196.31611479673452,-223.69769859728206,-22.54348431111031,0.9199579477074705,0.3728531682675599,0.07298365848800623,3.499939909127245e-05,3.609265798882128,5.1709313984137495,nan,0.919399333562529,nan
136.23,195.4873046875,-223.3188934326172,-22.537445068359375,196.32495751168227,-223.6996074258514,-22.54514041653163,0.920143802287651,0.3728987014573004,0.07300659203565338,3.5704830688884516e-05,3.6436945613631844,5.158257886692185,nan,nan,nan
136.24,195.49598693847656,-223.32069396972656,-22.538915634155273,196.33380170533732,-223.7014764616543,-22.54625862897397,0.9203166896789114,0.37294432078903217,0.07302958973583085,3.500774491939443e-05,3.5255195717909356,5.101608421414738,nan,0.18253013198018742,nan
136.25,195.50466918945312,-223.3224334716797,-22.54035758972168,196.33238837724758,-223.68801852098522,-22.547973693714503,0.9048919754085996,0.3728797608825124,0.07302145953541483,3.5691486052680195e-05,3.4862152243046216,5.0387306625085255,13.592371087032062,nan,nan
136.26,195.5133514404297,-223.32415771484375,-22.541770935058594,196.34123091885414,-223.68977940583795,-22.55068849208576,0.9050652874489952,0.3729251902370138,0.0730444434978832,3.499491419102818e-05,4.133692469239377,5.771829498707042,nan,0.9299121815268766,nan
136.27,195.52203369140625,-223.32583618164062,-22.54315757751465,196.35007669347166,-223.69149960474726,-22.55223984834931,0.905233362128839,0.3729707055296645,0.0730674917640134,3.570016268575535e-05,4.172150784515516,5.664324776527169,nan,nan,nan
136.28,195.5307159423828,-223.32748413085938,-22.544513702392578,196.35892604853746,-223.6931793241289,-22.55247328375395,0.9053884852661658,0.3730163068870083,0.07309060439834432,3.5003260455406595e-05,3.6718438805499756,5.255279579152216,nan,1.1764780133965,nan
136.29,195.53939819335938,-223.3291015625,-22.54584503173828,196.36777234693432,-223.69483263521752,-22.553958360945543,0.9055544058602641,0.37306199447142707,0.0731137816214144,3.57088539400762e-05,3.7055611142901093,5.20187634046378,nan,nan,nan
136.3,195.54808044433594,-223.3306884765625,-22.547149658203125,196.3303693696343,-223.68596257672237,-22.55636485230167,0.8592325463407131,0.37299743498764615,0.07310555218835645,3.499044377210793e-05,4.153697451779639,5.234029867138114,30.090898471574103,0.8432187737346485,nan
136.31,195.5567626953125,-223.3322296142578,-22.54842758178711,196.3391227758716,-223.6875514533467,-22.557806862832688,0.8593188441427866,0.3730429323455856,0.07312871491346484,3.569550810852481e-05,4.1911993241109595,5.216498269207312,nan,nan,nan
136.32,195.56544494628906,-223.33375549316406,-22.549678802490234,196.34787392286128,-223.68911391413658,-22.56024449967307,0.8594104634532295,0.37308851569027957,0.07315194221768855,3.499878731849336e-05,4.916191686290402,6.020486764188663,nan,0.7353137478147257,nan
136.33,195.57412719726562,-223.3352508544922,-22.550907135009766,196.35662779848008,-223.69064111188732,-22.561647657387937,0.8594910033114425,0.3731341851837088,0.0731752343071592,3.570420026004046e-05,4.957322741229098,5.975654184808915,nan,nan,nan
136.34,195.5828094482422,-223.33670043945312,-22.552108764648438,196.36538325467285,-223.69213576792674,-22.562497465857103,0.8595719634511859,0.3731799409530059,0.07319859126789915,3.500714510461527e-05,4.809271143000631,5.814166143181689,nan,0.19813473064580286,nan
136.35,195.59149169921875,-223.338134765625,-22.55328941345215,196.35643099095927,-223.6866563121767,-22.56393476440692,0.8406620676325419,0.37311538113657433,0.07319025943505636,3.5690869414455555e-05,4.834482809330997,5.795589407110771,3.245514047728757,nan,nan
136.36,195.60018920898438,-223.33953857421875,-22.554443359375,196.36515370410754,-223.6880868480728,-22.565760657933186,0.8407048585873247,0.3731609464258539,0.07321360112922315,3.499432779910502e-05,5.319134319914191,6.315700412312678,nan,0.17364082655015467,nan
136.37,195.60887145996094,-223.34091186523438,-22.55557632446289,196.37387782208086,-223.6894868443125,-22.56707323130676,0.840756462354143,0.3732065977847909,0.07323700780257437,3.569955907769916e-05,5.361368554019297,6.277820729936514,nan,nan,nan
136.38,195.6175537109375,-223.34225463867188,-22.556686401367188,196.38259737344455,-223.6908669349874,-22.570389025871965,0.8408389266696195,0.373252335341033,0.07326047955300723,3.500268676662399e-05,7.022828989361013,7.907548269663861,nan,2.8953617741646713,nan
136.39000000000001,195.62623596191406,-223.3435821533203,-22.55777359008789,196.3913223484966,-223.69221202121395,-22.571678630702067,0.8408884075047895,0.37329815925580057,0.07328401656894566,3.570826372076225e-05,7.073008878838191,8.015158648463316,nan,nan,nan
136.4,195.63491821289062,-223.34487915039062,-22.558839797973633,196.43660989361672,-223.71013228075373,-22.56900592766891,0.88103504492072,0.373233598296123,0.07327557904362851,3.4989884068887236e-05,4.774340365538039,5.700318652263337,12.125836878102408,10.924453841198236,nan
136.41,195.64361572265625,-223.3461456298828,-22.559885025024414,196.44539503632362,-223.71145371917345,-22.57021476817872,0.8811394733637371,0.3732792314726522,0.07329910000285252,3.569493258161386e-05,4.809946757007144,5.632210613015035,nan,nan,nan
136.42000000000002,195.6522979736328,-223.34738159179688,-22.560909271240234,196.45418355931665,-223.71274489912298,-22.57008922581904,0.8812463392456422,0.37332495076727124,0.07332268624049468,3.4998240874476885e-05,4.228558144765648,5.0844374274686785,nan,1.2200325353830759,nan
136.43,195.66098022460938,-223.34860229492188,-22.561912536621094,196.46296928636846,-223.7140155071603,-22.57124549754681,0.8813627942109111,0.37337075634059197,0.0733463379353396,3.5703638653194355e-05,4.260280831908451,5.1570362307885595,nan,nan,nan
136.44,195.66966247558594,-223.34979248046875,-22.562894821166992,196.4717584731635,-223.715257493672,-22.57107834127333,0.881470155596282,0.3734166483211615,0.07337005519968325,3.5006612151256575e-05,3.7337213883736022,4.6292251767763,nan,1.2011470732765712,nan
136.45,195.67835998535156,-223.35096740722656,-22.563859939575195,196.4464687066532,-223.70952217751264,-22.572119515348827,0.8477150179314438,0.3733520854216468,0.07336150878029772,3.569032285540904e-05,3.674060572234916,4.35266654156016,16.508156237785546,nan,nan
136.46,195.68704223632812,-223.35211181640625,-22.564804077148438,196.45519038380513,-223.71071830607877,-22.571566095055765,0.8477593501659458,0.37339778640173876,0.07338520918758072,3.499380936753512e-05,3.0691056153689344,3.7788283675861396,nan,1.8988343231527254,nan
136.47,195.6957244873047,-223.35324096679688,-22.56572914123535,196.46390853054885,-223.7118962601176,-22.572617978928943,0.8478135407073308,0.3734435735799928,0.07340897524097977,3.5699026794118687e-05,3.0915326581948377,3.8287549970048036,nan,nan,nan
136.48,195.7044219970703,-223.35433959960938,-22.56663703918457,196.4726240760466,-223.7130548756397,-22.57483732020767,0.8478669282439665,0.3734894470856371,0.07343280706048985,3.500218212715155e-05,3.6832125767310817,4.339486105357986,nan,0.9915789954952487,nan
136.49,195.71310424804688,-223.3554229736328,-22.56752586364746,196.4813426039965,-223.71418793608495,-22.575866139659762,0.8479221839528811,0.3735354070782736,0.07345670481339733,3.570774584879716e-05,3.7098564823800526,4.417334306323171,nan,nan,nan
136.5,195.7218017578125,-223.35647583007812,-22.568397521972656,196.44904176406558,-223.6973152237472,-22.577177322969536,0.8031977364741759,0.37347084139181386,0.0734480462303578,3.498939409888261e-05,3.79683477967217,4.600207349475476,15.218958504887157,0.06901321780399197,nan
136.51,195.73048400878906,-223.35751342773438,-22.569252014160156,196.4576930153303,-223.6983747874105,-22.578175485919235,0.803180573758601,0.3735166101171363,0.07347192630709197,3.5694430009019055e-05,3.824106261718963,4.596178351836865,nan,nan,nan
136.52,195.73916625976562,-223.35853576660156,-22.57008934020996,196.46634700310582,-223.69941076500677,-22.578082018341355,0.8031509701956847,0.37356246508932806,0.07349587234232233,3.499776484898046e-05,3.4180740836925825,4.21182899045196,nan,0.8167438619299693,nan
136.53,195.74786376953125,-223.35952758789062,-22.57090950012207,196.47499902358487,-223.7004288466413,-22.579037527829666,0.80312228878287,0.37360840646725574,0.07351988449732104,3.570315061392764e-05,3.442727327289865,4.229245382675024,nan,nan,nan
136.54,195.7565460205078,-223.36061096191406,-22.571819305419922,196.48365582758007,-223.70147605888397,-22.577991855019455,0.8030664893030411,0.37365443438123797,0.07354396290108474,3.5006150112676e-05,2.6795952803940835,3.453814103845683,nan,2.933972857656473,nan
136.55,195.76524353027344,-223.36178588867188,-22.572818756103516,196.48561802998168,-223.69656326243592,-22.579042503375014,0.7943891016651401,0.3735898650734895,0.07353518893551836,3.568985009192158e-05,2.6134300121736604,3.486378997006219,1.2438225907201392,nan,nan
136.56,195.77392578125,-223.363037109375,-22.573904037475586,196.4942646475359,-223.69777309134906,-22.580254447257015,0.7943403474673866,0.373635701449536,0.0735592488325478,3.499336198563478e-05,2.6794809609448444,3.525687333054816,nan,0.0025689835524875613,nan
136.57,195.78262329101562,-223.3643798828125,-22.575077056884766,196.50291179753893,-223.6990679494619,-22.581494863048235,0.7942750297113905,0.373681624149367,0.07358337503275601,3.569856855112663e-05,2.679703097806232,3.5737848152469116,nan,nan,nan
136.58,195.79132080078125,-223.3657989501953,-22.576335906982422,196.5115593875522,-223.70044709243712,-22.582736770132925,0.7942128002171666,0.3737276333040722,0.07360756766971976,3.500174868945218e-05,2.695441776208444,3.5539622584957264,nan,0.0051809488402480225,nan
136.59,195.8000030517578,-223.3673095703125,-22.577680587768555,196.5202069118293,-223.7019097357312,-22.584149702284826,0.7941616461418285,0.3737737290713727,0.07363182689785913,3.570730209116257e-05,2.695790277762151,3.5470023980217884,nan,nan,nan
136.6,195.80870056152344,-223.368896484375,-22.5791072845459,196.52470189472098,-223.71213173823875,-22.5851976419074,0.7940437274409763,0.37370915526286236,0.07362293430086168,3.498897515092051e-05,2.702745686462383,3.5711767427659895,10.006525183789044,0.0726458428312555,nan
136.61,195.8173828125,-223.37057495117188,-22.580617904663086,196.53332648853626,-223.71379059196585,-22.586774284241322,0.7939837683173645,0.3737550592171347,0.07364717417515776,3.5694001284859555e-05,2.703199369570407,3.5331342108264736,nan,nan,nan
136.62,195.82608032226562,-223.372314453125,-22.58220863342285,196.5419544896482,-223.7155274043122,-22.586849910763245,0.7939096263704503,0.37380104954443133,0.07367148067018847,3.499735969216819e-05,2.255958322500569,3.130546270643695,nan,1.7723581903390382,nan
136.63,195.8347625732422,-223.3741455078125,-22.583881378173828,196.55057903429113,-223.71734599739943,-22.588576154237334,0.7938525196052687,0.3738471264016815,0.0736958539370145,3.5702736188898665e-05,2.2566381937544433,3.093657804420645,nan,nan,nan
136.64000000000001,195.8434600830078,-223.3760528564453,-22.585634231567383,196.5110787315898,-223.71805550985624,-22.591370414519943,0.7501422389583378,0.3657351250779868,0.07371531247197076,3.500570619861589e-05,2.8648568349462007,3.7576978178396576,nan,0.6923704414881162,0.28386149333559957
136.65,195.85215759277344,-223.37803649902344,-22.587465286254883,196.5224443069012,-223.71573455479248,-22.59312035436441,0.7505706068063911,0.3656629502266193,0.07370616708945286,3.568939663845919e-05,2.681985839384368,3.530149671800772,6.4574141906024565,nan,nan
136.66,195.86083984375,-223.38009643554688,-22.589374542236328,196.53107533225577,-223.717799926869,-22.59513740001986,0.7505281264773124,0.3657034099244648,0.07373083874542323,3.499293368744947e-05,2.733047069890873,3.5543294390411626,nan,0.0012565629283758423,nan
136.67000000000002,195.86953735351562,-223.38223266601562,-22.59136199951172,196.5397070974544,-223.71994145111998,-22.597191314987864,0.7504723113789994,0.36574395479608196,0.07375557099676616,3.5698130696240014e-05,2.7340502145008045,3.571216059344322,nan,nan,nan
136.68,195.8782196044922,-223.3844451904297,-22.59342384338379,196.5483792882034,-223.72215720330001,-22.597312965516547,0.7504522173861528,0.3657845838185595,0.07378036398668464,3.5001335310394325e-05,2.212328106848382,3.08593909677898,nan,2.852730663216999,nan
136.69,195.8869171142578,-223.38671875,-22.595563888549805,196.55701077230572,-223.72443784903027,-22.599501647763603,0.7503966993220731,0.3658252982866315,0.0738052178607362,3.570687967331109e-05,2.212671338328963,3.1061354461334068,nan,nan,nan
136.70000000000002,195.89559936523438,-223.38897705078125,-22.59773063659668,196.58283276882187,-223.7386244078227,-22.60149188892873,0.7710753350429729,0.36575328132823787,0.0737959552737632,3.498857699111972e-05,2.361715831323183,3.0977141611983514,4.836664887542927,0.016057514085101615,nan
136.71,195.904296875,-223.39122009277344,-22.599891662597656,196.59147815194694,-223.74095147827097,-22.603742257747008,0.7710674266699783,0.36579382940916005,0.07382078395925289,3.5693594601452004e-05,2.3726136786749468,3.1112523290611747,nan,nan,nan
136.72,195.91297912597656,-223.3934326171875,-22.602025985717773,196.60010771570728,-223.74325224964105,-22.606769046713843,0.7710654775716994,0.3658344616122494,0.07384567362222266,3.499697607108398e-05,2.5998384311099567,3.362508874610941,nan,0.4424927069668577,nan
136.73,195.9216766357422,-223.39561462402344,-22.604127883911133,196.60875242972367,-223.74551769195978,-22.608984013597812,0.771056992460398,0.36587517916324136,0.07387062440752389,3.5702344525721115e-05,2.61734502196528,3.399027758303058,nan,nan,nan
136.74,195.93035888671875,-223.3977508544922,-22.60619354248047,196.61741464105737,-223.74774391424424,-22.610244709160746,0.771075329261596,0.3659159811424717,0.0738956364594031,3.5005389360141304e-05,2.425529873664501,3.1365512504330146,nan,0.597481971087763,nan
136.75,195.9390411376953,-223.39984130859375,-22.608219146728516,196.60609532820433,-223.7409806358816,-22.612362386381275,0.7492359442344448,0.365844122167287,0.07388625403997708,3.5689073959733076e-05,2.360442595546808,3.19610276653758,3.6982085256358794,nan,nan
136.76,195.94773864746094,-223.40188598632812,-22.610204696655273,196.6146985167165,-223.7431100928283,-22.614883362109698,0.7491937319309668,0.3658847576352644,0.07391124026485016,3.4992629805584414e-05,2.5051361332987483,3.4008831024125685,nan,0.127502234191661,nan
136.77,195.9564208984375,-223.40390014648438,-22.612154006958008,196.62330955943153,-223.74519860033917,-22.616945670769127,0.7491649223022682,0.36592547835297123,0.07393628784680824,3.5697820966536615e-05,2.522478535532435,3.3245546649255524,nan,nan,nan
136.78,195.96511840820312,-223.4058837890625,-22.61406135559082,196.6319365946074,-223.7472469121351,-22.618094154077408,0.7491271847803891,0.36596628346890464,0.0739613969303358,3.5001043755670114e-05,2.3435391394991383,3.3172434510536757,nan,0.5419253244794859,nan
136.79,195.9738006591797,-223.40780639648438,-22.61593246459961,196.64054720318762,-223.7492556852835,-22.620072792738682,0.7491032726433947,0.3660071741067487,0.07398656765993278,3.570658263989915e-05,2.359003372207104,3.164737557328775,nan,nan,nan
136.8,195.98248291015625,-223.40969848632812,-22.617767333984375,196.63658879580268,-223.75329658197774,-22.61956270309215,0.7388622228274859,0.36593547098868306,0.07397706276930127,3.4988297838048296e-05,2.1489659279447375,3.104780193679304,11.710149160401599,4.249839490890257,nan
136.81,195.99118041992188,-223.41156005859375,-22.619564056396484,196.64515394174475,-223.7552443914511,-22.621444497084738,0.7387853706958476,0.3659761949482038,0.07400220701775756,3.569331033253422e-05,2.1561683385081003,3.2563846993809102,nan,nan,nan
136.82,195.99986267089844,-223.4133758544922,-22.621326446533203,196.65370934879485,-223.75715463550338,-22.6238344273767,0.7387189035334263,0.366017003274522,0.07402741299899633,3.499670871692499e-05,2.237186792055109,3.1948676211916007,nan,0.2085673173341687,nan
136.83,196.008544921875,-223.4151611328125,-22.6230525970459,196.66227449796386,-223.75902823819382,-22.62565194640093,0.7386566871244881,0.36605789702466973,0.07405268085764487,3.5702072393613285e-05,2.2468585095854596,3.2551523165831364,nan,nan,nan
136.84,196.01724243164062,-223.4169158935547,-22.624744415283203,196.67084981451808,-223.76086612911467,-22.62685673847342,0.7385857007842384,0.3660988754469071,0.07407801073800713,3.500513353799449e-05,2.1852016889881556,3.2816936209906777,nan,0.2366045508073614,nan
136.85,196.0259246826172,-223.4186248779297,-22.626401901245117,196.68264355627636,-223.7663154955467,-22.628699804533642,0.7430839286100868,0.3660273279682675,0.07406838072948947,3.568881397185934e-05,2.2907672629098834,3.321738456537763,1.1187978630883633,nan,nan
136.86,196.0346221923828,-223.42030334472656,-22.628026962280273,196.69122125290406,-223.76809356673522,-22.629611392895043,0.7430227958969925,0.366068139569872,0.07409368345920604,3.499238550323521e-05,2.2150979016444574,3.3213282297815963,nan,0.45530161326879953,nan
136.87,196.04330444335938,-223.4219512939453,-22.629621505737305,196.69978519763953,-223.7698376727619,-22.631286074124553,0.7429634473473573,0.36610903649727095,0.07411904829415727,3.569757252496441e-05,2.22124309454363,3.1997111486663012,nan,nan,nan
136.88,196.05198669433594,-223.42356872558594,-22.631181716918945,196.70834409664232,-223.7715487552186,-22.63322532891963,0.7428992643256113,0.3661500180632564,0.07414447537824817,3.500081041130468e-05,2.2631277176647018,3.310697038730326,nan,0.06177633031255348,nan
136.89000000000001,196.06068420410156,-223.42514038085938,-22.63271141052246,196.71690790765328,-223.77322761055453,-22.634841198118455,0.7428316125308495,0.36619108522822796,0.07416996485668896,3.57063454499947e-05,2.2716051856616835,3.382939165485162,nan,nan,nan
136.9,196.06936645507812,-223.42669677734375,-22.63421058654785,196.72777977479504,-223.78739406385807,-22.637614408681134,0.7507477726137839,0.3661196912945522,0.07416020707620788,3.4988075391933146e-05,2.891529123489089,4.070144430415868,17.683232783802755,0.9670127972188899,nan
136.91,196.0780487060547,-223.42820739746094,-22.63568115234375,196.73631251053197,-223.78904943347035,-22.6391833913479,0.7506866702655468,0.36616059145566443,0.07418566871963037,3.569308432667862e-05,2.905834486863087,4.063047994351992,nan,nan,nan
136.92000000000002,196.0867462158203,-223.42970275878906,-22.637121200561523,196.74485313012266,-223.79067456189554,-22.640257243953215,0.7506098774054737,0.3662015762200286,0.07421119283591918,3.4996496636030445e-05,2.8446104344696383,4.120597769625769,nan,0.1536450250295659,nan
136.93,196.09542846679688,-223.43115234375,-22.638532638549805,196.75338642832318,-223.7922693626331,-22.641764764108036,0.7505495500621526,0.36624264648608945,0.07423677957088011,3.570185701865667e-05,2.8579717088840826,4.0347893994058,nan,nan,nan
136.94,196.1041259765625,-223.43258666992188,-22.639915466308594,196.761904209518,-223.7938341294337,-22.644232224457344,0.7504602355586377,0.3662838016593964,0.07426242906754946,3.500493152917404e-05,3.0991183839109397,4.380992388123878,nan,0.6881897361351678,nan
136.95000000000002,196.11280822753906,-223.43399047851562,-22.641271591186523,196.76585390355814,-223.79723117068198,-22.645713627736495,0.747283204080901,0.36621256076208686,0.07425254085711584,3.568860911992378e-05,3.259692735179648,4.537882081116667,2.4634806906870717,nan,nan
136.96,196.1215057373047,-223.43536376953125,-22.64259910583496,196.77436388840025,-223.79874869282466,-22.647426173266936,0.747191855221174,0.36625354877096306,0.07427816181925806,3.499219344937813e-05,3.3747134291545278,4.82673941028949,nan,0.053578228263292706,nan
136.97,196.13018798828125,-223.43670654296875,-22.643901824951172,196.78287796235244,-223.80023875105712,-22.648840432280824,0.747117298965176,0.36629462218464576,0.07430384562083409,3.569737767374284e-05,3.393981360330362,4.678000332630548,nan,nan,nan
136.98,196.1388702392578,-223.43801879882812,-22.645177841186523,196.7914074895327,-223.8017026596095,-22.649217421836727,0.7470522952250346,0.3663357804676695,0.07432959240415506,3.5000627822240176e-05,3.178994146940477,4.479653572791456,nan,0.7232831542324023,nan
136.99,196.14756774902344,-223.43931579589844,-22.64642906188965,196.79992164858908,-223.80313904353156,-22.650571504608838,0.7469605917506555,0.36637702443013775,0.07435540231608855,3.5706160290292195e-05,3.195112714674314,4.5733424604447706,nan,nan,nan
137.0,196.15625,-223.44058227539062,-22.647655487060547,196.81955558069592,-223.81344678961563,-22.65122810770917,0.760930353559966,0.3663059345030217,0.07434538101085317,3.498790212071348e-05,3.2902799410564367,4.481964499384141,2.816856882723026,0.2468415246329754,nan
137.01,196.16494750976562,-223.4418182373047,-22.648855209350586,196.82807699315495,-223.81485284088618,-22.652526594557735,0.7608607009687988,0.3663470111025929,0.07437116167455485,3.569290870318856e-05,3.3058259013764086,4.699866764148934,nan,nan,nan
137.02,196.1736297607422,-223.4430389404297,-22.650033950805664,196.83660408197903,-223.81623421792904,-22.65342711426117,0.7608029832522395,0.3663881725315162,0.07439700553640133,3.499633222156849e-05,3.2592214241452164,4.414102832494353,nan,0.09921503900339951,nan
137.03,196.1823272705078,-223.44422912597656,-22.651187896728516,196.84512573382662,-223.81759064755062,-22.654675914670527,0.7607317497245857,0.3664294195441499,0.07442291274406243,3.570169045443695e-05,3.2734968646396383,4.5993701919328664,nan,nan,nan
137.04,196.19100952148438,-223.44540405273438,-22.652318954467773,196.8536399885358,-223.81892253369728,-22.656422307485858,0.7606655171569289,0.3664707516885113,0.07444888343867603,3.5004775674902075e-05,3.415604887830496,4.589944107888478,nan,0.1908125477894532,nan
137.05,196.19970703125,-223.44654846191406,-22.653427124023438,196.89888632624198,-223.8466094219386,-22.657590366650687,0.8055543376274598,0.3663998119539161,0.07443872637584993,3.568845143587413e-05,4.021334785051461,5.248600011313868,19.987666131612045,nan,nan
137.06,196.20840454101562,-223.44766235351562,-22.654512405395508,196.90741580809666,-223.84795319977061,-22.660539810559456,0.8055345074636951,0.3664409765567058,0.07446466709378011,3.4992045974524575e-05,4.5782885483364755,5.876598953362166,nan,2.191846720187912,nan
137.07,196.2170867919922,-223.44876098632812,-22.655576705932617,196.91597010518413,-223.84927663125163,-22.66172446452383,0.8055361334057775,0.36648222664807456,0.07449067137114242,3.569722842324215e-05,4.602595939155349,5.706677813731781,nan,nan,nan
137.08,196.2257843017578,-223.44984436035156,-22.656620025634766,196.9245178932546,-223.85057744247763,-22.663376088237072,0.8055192607120863,0.3665235618283367,0.074516739348241,3.5000488308148565e-05,4.8516117811558575,6.00197385387284,nan,0.1678221209704476,nan
137.09,196.23446655273438,-223.45089721679688,-22.657642364501953,196.9330725624032,-223.8518570809898,-22.664524990827637,0.8055225260563063,0.36656498277351207,0.07454287117396732,3.5706019169897576e-05,4.877980950346947,5.96574264787132,nan,nan,nan
137.1,196.2431640625,-223.45193481445312,-22.658645629882812,196.99002906801152,-223.8765989749191,-22.66603903703362,0.8591866200723153,0.3664941911863775,0.0745325756830271,3.498777037065167e-05,5.421444508269562,6.400101971980338,21.133893531385926,0.07006892827484763,nan
137.11,196.25186157226562,-223.4529571533203,-22.65962791442871,196.9986593221158,-223.87787923192212,-22.667153728991586,0.8592568242088046,0.36653544437701346,0.07455867678999101,3.569277550809281e-05,5.449990075202411,6.393664571505891,nan,nan,nan
137.12,196.2605438232422,-223.45394897460938,-22.66058921813965,197.00728981730344,-223.87913906601742,-22.668253002764462,0.8593456388862916,0.3665767826115064,0.07458484180588815,3.499620784492128e-05,5.545705623090988,6.534417819635406,nan,8.50514800846868e-06,nan
137.13,196.2692413330078,-223.45492553710938,-22.66153335571289,197.01592075985306,-223.8803788670853,-22.669330522226474,0.8594192796692437,0.36661820651714416,0.07461107088044043,3.5701564781833005e-05,5.5745483031923495,6.518201712711738,nan,nan,nan
137.14000000000001,196.27793884277344,-223.45587158203125,-22.662458419799805,197.0245351229909,-223.8815971883193,-22.671720256938585,0.8594964101792706,0.3666597157672411,0.074637364152736,3.500465838810282e-05,6.326958138025573,7.351026554443353,nan,1.249180286104776,nan
137.15,196.28662109375,-223.45681762695312,-22.66336441040039,197.01170559979977,-223.86502370181904,-22.672804610056907,0.8321471371340701,0.3665890713054881,0.0746269275719457,3.568833306981632e-05,5.9126802825059865,6.641870101606447,9.802933402221576,nan,nan
137.16,196.29531860351562,-223.45773315429688,-22.66425132751465,197.02033716757663,-223.86616484058632,-22.672836376493063,0.8321911220773033,0.3666304126046039,0.07465318936915087,3.499193556511968e-05,5.524855362049172,6.375421393611243,nan,0.7156995036302387,nan
137.17000000000002,196.30401611328125,-223.45863342285156,-22.665122985839844,197.02895659151073,-223.86728607170846,-22.673847741386098,0.832233023709524,0.36667183948178056,0.07467951543144695,3.5697116989537924e-05,5.553807042805181,6.312686447564984,nan,nan,nan
137.18,196.31271362304688,-223.45950317382812,-22.66597557067871,197.03757685199815,-223.86838933132725,-22.674805725839505,0.8322815401775031,0.366713351655439,0.07470590589712388,3.500038442577648e-05,5.6524507863288695,6.520431137893115,nan,0.0009671679085516622,nan
137.19,196.32139587402344,-223.4603729248047,-22.666810989379883,197.04619701858388,-223.8694748520326,-22.675784329695258,0.8323350328167949,0.3667549496852873,0.0747323609170738,3.5705914384941195e-05,5.682117441512688,6.386801889878079,nan,nan,nan
137.20000000000002,196.33009338378906,-223.4612274169922,-22.667631149291992,197.01892315079354,-223.8512405049916,-22.67548749900965,0.7916175711498409,0.36668445031568764,0.07472178057565376,3.498767279730196e-05,4.907995962661428,5.739403278491572,11.872928729850152,1.0117213086506138,nan
137.21,196.3387908935547,-223.46205139160156,-22.668434143066406,197.02749344995829,-223.85225410417303,-22.67642157731531,0.7916016467901398,0.3667258801676787,0.07474820335106043,3.5692677146561205e-05,4.93368850128919,5.816887295759944,nan,nan,nan
137.22,196.3474884033203,-223.4629669189453,-22.669326782226562,197.03608094252635,-223.8533064583869,-22.675920044722456,0.7915605549874446,0.36676739526595936,0.07477469073193926,3.4996116256281344e-05,4.388412856466307,5.269772642270678,nan,1.5331332999267093,nan
137.23,196.35618591308594,-223.46397399902344,-22.67030906677246,197.04465175805714,-223.85444553239643,-22.6769674907037,0.7915159964750024,0.36680899612875506,0.07480124286992722,3.570147251028366e-05,4.387940711339432,5.243405023774686,nan,nan,nan
137.24,196.36488342285156,-223.46507263183594,-22.671377182006836,197.05325490405173,-223.8556772973573,-22.675231789083245,0.7914809908345674,0.36685068253664505,0.07482785990222252,3.500457252449999e-05,3.5702999223006815,4.467578346365658,nan,5.824794813935278,nan
137.25,196.37356567382812,-223.46624755859375,-22.672534942626953,197.10041281285618,-223.87624738144055,-22.676401332557816,0.8345187638506215,0.36678032701859775,0.07481713314484967,3.5688246661049036e-05,3.8175732028851246,4.499657897734175,13.311812225094018,nan,nan
137.26,196.38226318359375,-223.46751403808594,-22.673776626586914,197.10903473198064,-223.87768205631082,-22.678410672303027,0.8345394904370349,0.3668218450348972,0.07484371714946977,3.499185520606696e-05,4.012734184235711,4.769589788281932,nan,0.37244185765942917,nan
137.27,196.39096069335938,-223.4688720703125,-22.67510414123535,197.11766468261226,-223.87920308014648,-22.67978756739564,0.8345610583462592,0.3668634487247098,0.07487036611044999,3.5697036136223104e-05,4.013547634464065,4.72847796183072,nan,nan,nan
137.28,196.399658203125,-223.47030639648438,-22.676513671875,197.126302666921,-223.88080947503116,-22.680495529676595,0.8345902045035649,0.36690513790652474,0.0748970801643134,3.5000309283848725e-05,3.8524491695773033,4.654086949663768,nan,0.40175095013435186,nan
137.29,196.40835571289062,-223.47183227539062,-22.678009033203125,197.1349325405858,-223.88249756403653,-22.682034565156336,0.8346113291525004,0.3669469130417585,0.07492385946368751,3.5705838832146116e-05,3.8532707660234076,4.551758289075773,nan,nan,nan
137.3,196.41705322265625,-223.47341918945312,-22.679584503173828,197.1689641532841,-223.89780438048473,-22.681707070435383,0.8634102983265493,0.3668766993438734,0.07491298362488563,3.498760265383966e-05,3.740748789084768,4.628237293616969,5.962974358871029,2.533304198713033,nan
137.31,196.42575073242188,-223.47511291503906,-22.681241989135742,197.17762999765063,-223.8996819292459,-22.683392157537337,0.8634731614414249,0.3669183058472142,0.07493972910079269,3.569260666933844e-05,3.741653142985493,4.466785458662951,nan,nan,nan
137.32,196.4344482421875,-223.47686767578125,-22.6829776763916,197.18630004757162,-223.90164061962207,-22.684732841693997,0.8635486504440834,0.366959997787316,0.07496653986464658,3.499605084731243e-05,3.701122480679405,4.607526515828751,nan,0.1282996636282814,nan
137.33,196.44314575195312,-223.4787139892578,-22.684795379638672,197.1949657012935,-223.90367787511275,-22.686576229449887,0.863614909513007,0.3670017755911704,0.07499341606966937,3.5701406838024596e-05,3.702345186259739,4.472124164739897,nan,nan,nan
137.34,196.45184326171875,-223.48062133789062,-22.686689376831055,197.20362932334749,-223.90579309607583,-22.68869724262323,0.8636882180176932,0.3670436391288653,0.07502035785151168,3.500451162058689e-05,3.7298369998680987,4.673173633149809,nan,0.027655658729186978,nan
137.35,196.4605255126953,-223.48257446289062,-22.688661575317383,197.22373520705622,-223.91916050553345,-22.690662381997083,0.8792612884827637,0.3669735658178542,0.07500933028736081,3.568818557330045e-05,4.059199531031545,5.0085511407514485,4.213443579190527,nan,nan
137.36,196.46922302246094,-223.48452758789062,-22.690710067749023,197.2324072676987,-223.9213793479076,-22.692393723050532,0.8793705061600787,0.3670152604932099,0.07503623743687873,3.499179859518063e-05,4.031285330767261,5.006145841414105,nan,0.08625632121115037,nan
137.37,196.47792053222656,-223.48646545410156,-22.692834854125977,197.24107594753218,-223.92358694417845,-22.69454780742558,0.8794795729329584,0.3670570409432472,0.07506321021965569,3.569697938552597e-05,4.035906611674906,4.968243302137557,nan,nan,nan
137.38,196.4866180419922,-223.48837280273438,-22.694988250732422,197.24974981019292,-223.92577120792916,-22.69617514043287,0.87959585561284,0.3670989070691226,0.07509024877083541,3.500025673483115e-05,3.9976445100017335,4.999092851290725,nan,0.23804426176431867,nan
137.39000000000001,196.4953155517578,-223.490234375,-22.69713592529297,197.2584182193234,-223.92792331287004,-22.698390214700435,0.8797152157496408,0.36714085925126005,0.07511735324438451,3.5705786196855175e-05,4.005791759310388,5.087623160555443,nan,nan,nan
137.4,196.50401306152344,-223.49208068847656,-22.699260711669922,197.28859168725955,-223.94336393587966,-22.70057268893197,0.905108783866887,0.3670709242879093,0.07510617130027555,3.498755396135809e-05,4.295112908180587,5.334508076107488,4.960911512036663,0.005032183567762935,nan
137.41,196.5126953125,-223.49388122558594,-22.701351165771484,197.2972860799824,-223.94547453756115,-22.702746210597173,0.9052740678874165,0.3671127073543813,0.07513324032043119,3.569255793895976e-05,4.3047913719107465,5.461263408954965,nan,nan,nan
137.42000000000002,196.52139282226562,-223.49563598632812,-22.70340347290039,197.30598054967308,-223.94754983676503,-22.704860917919525,0.9054314741387626,0.36715457603665874,0.07516037529709063,3.499600580075163e-05,4.3160363855961865,5.605788691539942,nan,0.00043099298663538005,nan
137.43,196.53009033203125,-223.49737548828125,-22.705419540405273,197.31467468442824,-223.9495899174182,-22.70696311333007,0.9055787533744547,0.36719653068730695,0.07518757638463616,3.5701361797283846e-05,4.326165648476001,5.364354502147429,nan,nan,nan
137.44,196.53878784179688,-223.4990692138672,-22.707395553588867,197.32336747416986,-223.9515948985411,-22.70919333003193,0.9057306038907181,0.3672385712492529,0.0752148437176004,3.5004470023511186e-05,4.356339682133724,5.521631848021798,nan,0.019413138190212096,nan
137.45000000000002,196.54747009277344,-223.500732421875,-22.709331512451172,197.2983065083945,-223.932475270261,-22.711322726449605,0.8661184532662424,0.36716877303244033,0.07520350476572639,3.5688144020207985e-05,3.953722369363259,4.962900831490988,12.312482089108363,nan,nan
137.46,196.55616760253906,-223.50234985351562,-22.711231231689453,197.30694363051376,-223.93436524972927,-22.71533345304468,0.8662094290453884,0.36721064423221217,0.07523073581179868,3.49917602546135e-05,4.327448316402078,5.382915451237451,nan,2.877338994738528,nan
137.47,196.5648651123047,-223.5039520263672,-22.713092803955078,197.31559689059893,-223.93622633654937,-22.717309008646616,0.866300789891311,0.3672526013129371,0.07525803315373093,3.569694112480242e-05,4.347605050175225,5.292343811505071,nan,nan,nan
137.48,196.57354736328125,-223.50552368164062,-22.714916229248047,197.32427181367572,-223.93806072587108,-22.716439600663804,0.8664166524901128,0.3672946442423681,0.07528539692573201,3.500022146858341e-05,3.918690722653644,4.854737908370498,nan,5.569608107488513,nan
137.49,196.58224487304688,-223.50704956054688,-22.716703414916992,197.33292491986126,-223.93985805757515,-22.718315010958523,0.8665138919988054,0.3673367733358508,0.07531282728266088,3.5705751041523966e-05,3.928726643003922,4.977537720724965,nan,nan,nan
137.5,196.5909423828125,-223.508544921875,-22.718456268310547,197.3288196897464,-223.92911903958088,-22.718754012282194,0.8493206680774903,0.3672671098099449,0.07530132868474344,3.498752158600688e-05,3.5171155965934613,4.462130380571957,5.060194637540148,1.5322084509212794,nan
137.51,196.59963989257812,-223.51002502441406,-22.720172882080078,197.33746817811132,-223.93082411720457,-22.72054698322664,0.8493895427763611,0.36730906927525486,0.0753287219095161,3.569252570155259e-05,3.520504401402586,4.44728966140754,nan,nan,nan
137.52,196.6083221435547,-223.511474609375,-22.72185707092285,197.34611199291714,-223.9324982631755,-22.722965630611156,0.8494680734355905,0.36735111452480007,0.07535618174555322,3.499597615165461e-05,3.5534936757880047,4.41353193030648,nan,0.3069319179552745,nan
137.53,196.6170196533203,-223.51287841796875,-22.7235050201416,197.35476074742175,-223.9341447209643,-22.724698855531436,0.8495461407177722,0.36739324585195327,0.07538370834794723,3.5701332310024905e-05,3.5609922108246277,4.608472498832636,nan,nan,nan
137.54,196.62571716308594,-223.51426696777344,-22.725122451782227,197.3634142576355,-223.9357642238919,-22.725751582300717,0.8496218782655445,0.367435463257425,0.07541130185056233,3.500444293733605e-05,3.5345030091239105,4.449776554489292,nan,0.2966780945487981,nan
137.55,196.63441467285156,-223.515625,-22.726707458496094,197.3649575898281,-223.93062396460746,-22.72729232586532,0.8401889288961655,0.3673659326767128,0.07539964099939869,3.568811710629264e-05,3.3645491852088174,4.241239425081492,2.0125273893244566,nan,nan
137.56,196.64309692382812,-223.5169677734375,-22.728260040283203,197.37360261538674,-223.93217056402,-22.72903433518368,0.8402574142723307,0.3674079801921346,0.07542719651280705,3.499173556336894e-05,3.3732039274833503,4.228341260359634,nan,0.008940928927408281,nan
137.57,196.65179443359375,-223.5182647705078,-22.729780197143555,197.38224857675493,-223.93369042331312,-22.730634791980464,0.8403228299899934,0.3674501136990487,0.07545481897049,3.569691663331124e-05,3.3785783677717705,4.365999025515835,nan,nan,nan
137.58,196.66049194335938,-223.51954650878906,-22.731271743774414,197.3908861225893,-223.9351812132222,-22.733506112480697,0.8403766161583144,0.36749233321748837,0.07548250850616504,3.500019903165356e-05,3.502333364936445,4.410964313989064,nan,1.1939031008902252,nan
137.59,196.66917419433594,-223.5207977294922,-22.73273468017578,197.39953214766163,-223.9366487361236,-22.73506112646735,0.8404523853585066,0.3675346390118494,0.07551026527514214,3.570572881918938e-05,3.512814431689266,4.374485707405309,nan,nan,nan
137.6,196.67787170410156,-223.52203369140625,-22.734167098999023,197.42538018847725,-223.94659250097018,-22.737098401231002,0.8596672085899024,0.3674652392972117,0.07549843955407254,3.498750124627099e-05,3.72166274973234,4.618459576937208,2.6601201103789793,0.19637225394168106,nan
137.61,196.6865692138672,-223.52322387695312,-22.735570907592773,197.4340533761394,-223.94802573844566,-22.738601956067683,0.8597664692404319,0.3675073749231759,0.07552615746547985,3.569250558823936e-05,3.7358495955907784,4.718776776673233,nan,nan,nan
137.62,196.6952667236328,-223.5244140625,-22.73694610595703,197.44273605059817,-223.94943781816391,-22.738527910964393,0.8598593429973223,0.3675495964921603,0.0755539426292229,3.499595778313267e-05,3.5513210670246056,4.457759196005427,nan,1.697523503728914,nan
137.63,196.70394897460938,-223.52557373046875,-22.73829460144043,197.45140944050715,-223.9508230981687,-22.73996189542165,0.8599633437993474,0.3675919042516941,0.07558179520067627,3.570131417776158e-05,3.559105060020904,4.457958034878773,nan,nan,nan
137.64000000000001,196.712646484375,-223.52670288085938,-22.73961639404297,197.46007790166541,-223.95218349888668,-22.74226044363358,0.860054923169384,0.3676342982471192,0.07560971531345982,3.500442640803501e-05,3.6828564155683297,4.608883535080534,nan,0.5601635394853278,nan
137.65,196.72134399414062,-223.52781677246094,-22.74091148376465,197.46768165778502,-223.96471678385214,-22.74363515674448,0.8648172908321794,0.36756502752951015,0.07559772214019811,3.56881008063807e-05,4.192440250961166,5.189831731941707,11.277717765989406,nan,nan
137.66,196.73004150390625,-223.52890014648438,-22.74217987060547,197.48238711470722,-223.96305648797818,-22.746128953284124,0.8686375781675437,0.36601161917370295,0.07523288534050702,3.49915264359625e-05,4.928654864829355,6.00914018991219,nan,0.8960793687507574,0.023062510026198
137.67000000000002,196.73873901367188,-223.52996826171875,-22.743425369262695,197.4910369215488,-223.96437718199513,-22.74748129478825,0.8687230299373773,0.3660516868509807,0.07525850641467995,3.569670350243601e-05,4.947438695115461,5.913344711148597,nan,nan,nan
137.68,196.7474365234375,-223.53102111816406,-22.744644165039062,197.499719636689,-223.965667313035,-22.747242901028336,0.8688233138146713,0.36609183853586164,0.0752841882851497,3.49999984160035e-05,4.682779747207986,5.667921163499157,nan,1.7332329269432896,nan
137.69,196.75611877441406,-223.53204345703125,-22.745838165283203,197.5083695737604,-223.9669454411031,-22.748532056031678,0.8689236202993912,0.3661320756207468,0.0753099311925763,3.570552443269721e-05,4.696469540437137,5.718364848471296,nan,nan,nan
137.70000000000002,196.7648162841797,-223.53305053710938,-22.74700927734375,197.5378865415052,-223.98042197717288,-22.75013426538257,0.8931901218083835,0.36605646479538223,0.0752996858207687,3.498730900097361e-05,5.044594950683842,6.098310927787987,4.331736066028279,0.10963073508123879,nan
137.71,196.7735137939453,-223.53402709960938,-22.748157501220703,197.5465612328249,-223.9816845856761,-22.751380755411752,0.8933140304268452,0.36609653673444414,0.07532539877193642,3.569230979931695e-05,5.061247592371792,6.1739996705219635,nan,nan,nan
137.72,196.78221130371094,-223.5349884033203,-22.749282836914062,197.55526882001112,-223.98291835169994,-22.750969392158893,0.8934550949164577,0.3661366926741785,0.07535117276034281,3.4995773615429935e-05,4.855823442855074,5.92918756893691,nan,1.8897336525891455,nan
137.73,196.79090881347656,-223.5359344482422,-22.750385284423828,197.56394367396354,-223.9841417593892,-22.75215575103609,0.8935747444090866,0.3661769338966977,0.07537700801911318,3.570112667947372e-05,4.8664180376734345,5.926897541926449,nan,nan,nan
137.74,196.7996063232422,-223.536865234375,-22.75146484375,197.57263882008365,-223.98534033203399,-22.75228907249666,0.8937056751225286,0.36621725943575206,0.07540290460564707,3.500425010152486e-05,4.801822016453882,5.87036105336634,nan,0.7517140965316298,nan
137.75,196.8083038330078,-223.5377655029297,-22.752525329589844,197.58845531269202,-223.98636957451583,-22.753421446865985,0.8999348572665127,0.36614185416457784,0.07539253266178934,3.568792143678287e-05,4.653013776031495,5.7184717430239855,2.6764999091110635,nan,nan
137.76,196.81700134277344,-223.53866577148438,-22.753562927246094,197.59715610693718,-223.98753085327002,-22.75444446641727,0.9000678278913878,0.36618201447926035,0.07541839865037517,3.49915521240971e-05,4.655506001937332,5.673156010729294,nan,0.0058379908464087586,nan
137.77,196.82568359375,-223.53953552246094,-22.754579544067383,197.6058554164733,-223.98867460325948,-22.7555375529687,0.9002193647400725,0.3662222599618184,0.07544432613925514,3.569673051441493e-05,4.662143202135836,5.767830221314872,nan,nan,nan
137.78,196.83438110351562,-223.54039001464844,-22.75557518005371,197.61454993639543,-223.9898022228742,-22.756869613531812,0.9003534951658889,0.3662625897484902,0.07547031519301779,3.500002460491152e-05,4.687594537428729,5.795153880251352,nan,0.04720879196102653,nan
137.79,196.84307861328125,-223.54122924804688,-22.756553649902344,197.623249482783,-223.99091128790596,-22.757926567723942,0.900490092946214,0.36630300496680174,0.07549636603461189,3.570555190200216e-05,4.69564739757765,5.712885422883569,nan,nan,nan
137.8,196.85177612304688,-223.54205322265625,-22.757511138916016,197.6515123352664,-223.99831847816304,-22.75914994123978,0.9207381159651065,0.36622780289055534,0.07548586487370038,3.498733552920078e-05,4.6810793473752295,5.870525732543061,5.571967444917788,0.007879794734646199,nan
137.81,196.8604736328125,-223.5428466796875,-22.758447647094727,197.6602531670313,-223.9994011323606,-22.760172485385215,0.9209192400411627,0.3662680527459438,0.07551188445650342,3.5692337562314055e-05,4.6911653428875875,6.025522294503835,nan,nan,nan
137.82,196.86917114257812,-223.54364013671875,-22.759368896484375,197.66900491318157,-224.0004643769286,-22.760553378445437,0.921099261772874,0.36630838688911616,0.07553796583752428,3.499580041415438e-05,4.650454432522556,5.767439325618063,nan,0.2745779832005398,nan
137.83,196.87786865234375,-223.54441833496094,-22.760269165039062,197.67774561596485,-224.0015148916299,-22.76153381201813,0.9212719567979516,0.3663488063529456,0.07556410923290026,3.570115466853388e-05,4.6576409897093445,5.85850772089417,nan,nan,nan
137.84,196.88656616210938,-223.545166015625,-22.761152267456055,197.68648126469316,-224.00255129650208,-22.762798796037888,0.9214489554831539,0.36638931041641837,0.07559031471689331,3.5004277066608194e-05,4.693564267050698,5.955386706082808,nan,0.0642899415927431,nan
137.85,196.89527893066406,-223.54591369628906,-22.76201820373535,197.71041930274797,-224.01674171620652,-22.763683079137255,0.9413477690793056,0.3663143110976289,0.07557968184694869,3.5687949507585356e-05,5.140898986108168,6.407794074274662,6.450885493220641,nan,nan
137.86,196.9039764404297,-223.54664611816406,-22.762866973876953,197.71915989574822,-224.01777962391637,-22.764888773356766,0.9415385991772489,0.3663546496967044,0.07560585540053041,3.499157912198633e-05,5.183647626428577,6.471952656039225,nan,0.05306210451037764,nan
137.87,196.9126739501953,-223.54736328125,-22.76369857788086,197.72790522492554,-224.01880150985463,-22.765806910628886,0.9417327007994937,0.36639507350776507,0.07563209119154714,3.569675861176006e-05,5.194937558868594,6.494760273620152,nan,nan,nan
137.88,196.92137145996094,-223.5480499267578,-22.76451301574707,197.7366626977151,-224.0198054827267,-22.76597042774547,0.9419422652137256,0.36643558189668457,0.075658389300667,3.500005158463403e-05,5.135591663423311,6.5721782083314135,nan,0.3853531079044932,nan
137.89000000000001,196.93006896972656,-223.54884338378906,-22.765417098999023,197.7454083972919,-224.02085133740866,-22.76690268656058,0.9421104486168953,0.3664761757653208,0.07568474993489678,3.570557993645447e-05,5.137157087092336,6.469814707817049,nan,nan,nan
137.9,196.9387664794922,-223.5497283935547,-22.76641082763672,197.79319148659224,-224.04769074960902,-22.76897691349807,0.9889465029018222,0.366401376931372,0.07567398271738737,3.4987362374454054e-05,5.9633771299298255,7.7516271071989795,17.87290505314685,0.7729320662239189,nan
137.91,196.9474639892578,-223.55068969726562,-22.767492294311523,197.80197545063677,-224.0489722867931,-22.77009928974395,0.9891825782328499,0.3664418051819924,0.07570031073142047,3.569236541653129e-05,5.96836853638197,7.912265721081577,nan,nan,nan
137.92000000000002,196.95616149902344,-223.5517578125,-22.768659591674805,197.81074342726902,-224.0503470036196,-22.77234871779618,0.9894013660980945,0.36648231798487674,0.07572670128925513,3.499582708439644e-05,6.168422244353023,7.966811908706088,nan,0.7619412094162221,nan
137.93,196.96485900878906,-223.5529022216797,-22.769912719726562,197.81952769404597,-224.0518047243692,-22.773657203454373,0.9896344223535349,0.36652291616260935,0.0757531545919132,3.570118230353998e-05,6.174514027025633,8.089776646106916,nan,nan,nan
137.94,196.97357177734375,-223.5541229248047,-22.771251678466797,197.82830483901085,-224.053351165789,-22.77553024470475,0.9898564286966883,0.36656359920059595,0.0757796707286166,3.500430349228362e-05,6.307954200254165,8.255431060537266,nan,0.16145104763127743,nan
137.95000000000002,196.98226928710938,-223.55543518066406,-22.772674560546875,197.8481975947863,-224.0630160113203,-22.777006479470707,1.0037374652803746,0.36648900004969664,0.0757687666487644,3.568797682254162e-05,6.573677127045903,8.6926483198888,1.8236327063713929,nan,nan
137.96,196.990966796875,-223.5568389892578,-22.774179458618164,197.85702366817094,-224.06473902739796,-22.77631370624329,1.0040027430612934,0.36652951734586936,0.07579524946465666,3.499160521062622e-05,6.18064241009036,8.244043826671485,nan,3.614252306003559,nan
137.97,196.99966430664062,-223.55831909179688,-22.77576446533203,197.86581671619115,-224.06655511740578,-22.77794355012534,1.0042552477868625,0.3665701199141886,0.07582179524166564,3.569678557705645e-05,6.186510187080205,8.400717277805478,nan,nan,nan
137.98,197.00836181640625,-223.5598907470703,-22.777433395385742,197.8746029249261,-224.06845590894125,-22.78013966318445,1.0044996295887423,0.36661080731195994,0.07584840407456497,3.5000077309182016e-05,6.265148684824405,8.276817412350796,nan,0.16540040622012367,nan
137.99,197.01705932617188,-223.5615234375,-22.7791805267334,197.8833960575575,-224.07043197103016,-22.781937883769732,1.0047561050650833,0.3666515802533781,0.07587507615641728,3.5705606495020734e-05,6.272233343531203,8.474110538561145,nan,nan,nan
138.0,197.02577209472656,-223.56317138671875,-22.781007766723633,197.88489680052032,-224.0663013880324,-22.784484670624487,0.9956139548980947,0.36657717857017974,0.07586403258562888,3.4987387656851595e-05,6.200644292248942,8.232302510196781,1.5913211284517983,0.40805536571921014,nan
138.01,197.0344696044922,-223.5648193359375,-22.782913208007812,197.89368674218903,-224.0683152024458,-22.786448882203683,0.9958788471972507,0.3666177856014294,0.07589067062891199,3.569239149011093e-05,6.2104946345096605,8.234639328696918,nan,nan,nan
138.02,197.0431671142578,-223.5664520263672,-22.784894943237305,197.90247381895,-224.07031653941027,-22.788703149376893,0.996143545211779,0.3666584774277351,0.07591737194615397,3.4995851905288696e-05,6.279856075263771,8.30380900662702,nan,0.0314921390310675,nan
138.03,197.05186462402344,-223.56805419921875,-22.78695297241211,197.9112635376059,-224.07229425914642,-22.790826148172968,0.9964133340100546,0.3666992546984843,0.07594413672530154,3.5701207874480496e-05,6.291283559437925,8.36233684600881,nan,nan,nan
138.04,197.06056213378906,-223.56964111328125,-22.789087295532227,197.92000834670856,-224.0742579703431,-22.796471060901556,0.9966646804836953,0.36674011706868964,0.07597096506848074,3.50043278098275e-05,7.433456542798348,9.348009018621514,nan,8.379016303562898,nan
138.05,197.0692596435547,-223.57118225097656,-22.791250228881836,197.90775273350602,-224.06591548246826,-22.798660822329,0.9735946534023173,0.3666659117336266,0.07595977947653933,3.56880018261009e-05,7.27484768782981,9.074066663702112,4.308019914388374,nan,nan
138.06,197.0779571533203,-223.57269287109375,-22.793407440185547,197.91653101415494,-224.06778204670834,-22.799233500683037,0.9738343569964837,0.3667066080482998,0.07598657305251988,3.499162896627519e-05,6.711625251643437,8.443084854455245,nan,2.1024539293332962,nan
138.07,197.08665466308594,-223.5741729736328,-22.79553985595703,197.92528741589885,-224.06962501233565,-22.80149910880081,0.9740703924459555,0.3667473897101369,0.07601343029995448,3.5696810002310924e-05,6.741966854489759,8.460784127798963,nan,nan,nan
138.08,197.09535217285156,-223.5756378173828,-22.797637939453125,197.93404455880102,-224.07143797771857,-22.80366511172738,0.9742992579511615,0.36678825643221785,0.0760403513256503,3.500010049329919e-05,6.789615792079241,8.39930343789734,nan,0.0036139264130021624,nan
138.09,197.1040496826172,-223.57705688476562,-22.799699783325195,197.9428007397701,-224.07322193857576,-22.805867689262687,0.974536371594811,0.36682920877640945,0.07606733631080816,3.5705630310309566e-05,6.822732537943629,8.526388131258074,nan,nan,nan
138.1,197.1127471923828,-223.57846069335938,-22.801721572875977,197.94629500691295,-224.07444103170076,-22.80902331129249,0.9699751391211531,0.3667551976042392,0.07605600608228928,3.498741022243108e-05,7.383189965673905,8.9275038401116,1.388351857018057,0.8663834860806597,nan
138.11,197.12144470214844,-223.579833984375,-22.8037052154541,197.95503663970592,-224.07617010975198,-22.81115979165817,0.97019618553232,0.3667959837100222,0.0760829555554999,3.569241464881553e-05,7.421431241738988,8.935883891166515,nan,nan,nan
138.12,197.13014221191406,-223.5811767578125,-22.805648803710938,197.96378467751222,-224.07786969821782,-22.812685498230003,0.9704190602862363,0.3668368548335345,0.07610996901744818,3.4995873848087674e-05,7.28467075065733,8.836539825676379,nan,0.23169340315011622,nan
138.13,197.1388397216797,-223.58248901367188,-22.807554244995117,197.9725262703714,-224.07954437332626,-22.81474053090048,0.9706435672973589,0.3668778114849539,0.07613704664508063,3.5701230374031066e-05,7.321777552833621,8.880709838086943,nan,nan,nan
138.14000000000001,197.1475372314453,-223.5837860107422,-22.809423446655273,197.98127486629622,-224.0811906360032,-22.816128133205446,0.9708628934198587,0.366918853455285,0.07616418855134899,3.500434910929903e-05,7.164182135050057,8.55401695768136,nan,0.2804689900747002,nan
138.15,197.15623474121094,-223.58505249023438,-22.811254501342773,198.01363847507514,-224.0894819056229,-22.8180960065724,0.9948050081032449,0.36684503505229554,0.07615271114789947,3.5688023630483225e-05,7.082460633116493,8.792326512371844,8.216457889053656,nan,nan
138.16,197.16493225097656,-223.58628845214844,-22.813047409057617,198.02244005253462,-224.09108132036985,-22.819157907603508,0.9950742724704597,0.36688591061815,0.07617981678659047,3.4991649590721644e-05,6.842728869425837,8.625295595007856,nan,0.5438607014218289,nan
138.17000000000002,197.1736297607422,-223.58749389648438,-22.81480598449707,198.031232317896,-224.09265838661068,-22.821053300371844,0.9953453355881007,0.3669268716193294,0.07620698679379433,3.569683111350094e-05,6.874037272876465,8.646475541545936,nan,nan,nan
138.18,197.1823272705078,-223.58868408203125,-22.816530227661133,198.0400235063252,-224.09421116296875,-22.823012990724617,0.9956116153970189,0.3669679178925654,0.07623422128630132,3.500012044506812e-05,6.9858519398194385,8.63793873009261,nan,0.006870969817564718,nan
138.19,197.19102478027344,-223.58985900878906,-22.818220138549805,198.04881566020364,-224.09573961196514,-22.82484132339756,0.9958735956184508,0.36700904987912375,0.07626152043550033,3.5705650715733126e-05,7.016770035907535,8.583368818301512,nan,nan,nan
138.20000000000002,197.19972229003906,-223.59100341796875,-22.819873809814453,198.0675928872717,-224.10902327273908,-22.825187862626542,1.0107285405263373,0.3669354220662987,0.07624989325796662,3.498742947866716e-05,7.114447245823032,9.002203407327904,6.169481902106257,1.6673546943933106,nan
138.21,197.2084197998047,-223.5921173095703,-22.821496963500977,198.07638035923063,-224.11053547393453,-22.826937171713492,1.0110106437259458,0.366976387451127,0.07627715536884322,3.569243432637824e-05,7.142579695830271,9.020489472643611,nan,nan,nan
138.22,197.2171173095703,-223.5932159423828,-22.823087692260742,198.08516781439556,-224.1120252558278,-22.828654825208478,1.0112891651816944,0.3670174381865544,0.0763044821797376,3.641173827614668e-05,7.170123124301108,8.960050753461687,nan,nan,nan
138.23,197.22581481933594,-223.59429931640625,-22.82464599609375,198.09395520135712,-224.11349306084705,-22.830341569170916,1.0115642869907069,0.3670585744170812,0.07633187383514997,3.7145485828172496e-05,7.197328892872182,8.939520954512934,nan,nan,nan
138.24,197.23451232910156,-223.59535217285156,-22.826173782348633,198.10274866056372,-224.11493737352316,-22.831351574083357,1.0118448090270853,0.3670997961584117,0.07635933046763216,3.636279347749258e-05,7.066878763907429,8.862472761123582,nan,0.27295009855229196,nan
138.25,197.2432098388672,-223.5963897705078,-22.827669143676758,198.14225163848124,-224.1305313395063,-22.832932067248702,1.0457586105550156,0.3670263573080908,0.0763475509765738,3.7071462581031535e-05,7.276955914042514,9.561421430605547,8.541045571646109,nan,nan
138.26,197.2519073486328,-223.59739685058594,-22.82913589477539,198.15109175562029,-224.13195866082327,-22.834217368609067,1.0460949995626365,0.3670674122627355,0.07637496978922516,3.629248653807145e-05,7.247353657308936,9.585489280163214,nan,0.0609871506489181,nan
138.27,197.26060485839844,-223.598388671875,-22.83057403564453,198.15992922516833,-224.13336636441483,-22.835775941256383,1.0464284533609038,0.36710855276090676,0.07640245365501783,3.702266854164226e-05,7.272467370811056,9.516834882992661,nan,nan,nan
138.28,197.26931762695312,-223.599365234375,-22.83198356628418,198.16877549248284,-224.1347514176594,-22.836268658644656,1.0467479061988336,0.3671497787179733,0.07643000269721492,3.624635748627309e-05,7.053857765597211,9.134395723652862,nan,0.7080387369820191,nan
138.29,197.27801513671875,-223.60031127929688,-22.833364486694336,198.17761297628206,-224.136119559526,-22.837761302402114,1.0470845802023112,0.36719109049834964,0.07645761708082703,3.6975326863904396e-05,7.076084560185194,9.375583530008264,nan,nan,nan
138.3,197.28671264648438,-223.60125732421875,-22.834718704223633,198.15854716381372,-224.12235218609288,-22.837829739492516,1.0156992464400874,0.36711783841001516,0.0764456826958096,3.61791111477562e-05,6.530539800679309,8.13545779396966,7.303480168583899,1.105412352501932,nan
138.31,197.29541015625,-223.6021728515625,-22.836044311523438,198.16734602743915,-224.12365335419074,-22.83925423645876,1.0159844396967275,0.3671589831912865,0.07647325846376954,3.6906023342805155e-05,6.546986821124454,8.294394869676553,nan,nan,nan
138.32,197.30410766601562,-223.6030731201172,-22.837345123291016,198.17615197483647,-224.12493408916026,-22.839780897534226,1.0162706728788202,0.36720021337661496,0.0765008996037629,3.61358539699754e-05,6.4365223432475265,8.097208725162956,nan,0.5029210807923913,nan
138.33,197.31280517578125,-223.60394287109375,-22.838619232177734,198.18495146147097,-224.1261988138665,-22.84114556886934,1.01656126022041,0.36724152929719917,0.07652860627784681,3.686169692442669e-05,6.4507247501870175,8.257460503924325,nan,nan,nan
138.34,197.32150268554688,-223.6048126220703,-22.839866638183594,198.1937572732042,-224.12744400711756,-22.84169547023867,1.0168456003505832,0.3672829309184889,0.07655637861359052,3.6094019317223186e-05,6.374335203066503,8.062234695816505,nan,0.41413299447810786,nan
138.35,197.3302001953125,-223.60565185546875,-22.84109115600586,198.19106044286127,-224.1226932131448,-22.84298826470813,1.0041990491823087,0.3672098637800245,0.0765442868024216,3.679562143008156e-05,6.287277678877935,7.8717093147414205,1.1649918048600312,nan,nan
138.36,197.33889770507812,-223.6064910888672,-22.8422908782959,198.19985593771614,-224.1238908931371,-22.84263812825963,1.0044659060357584,0.36725109819807816,0.07657201971608629,3.6031338405325796e-05,6.196382257009628,7.6615598584214775,nan,1.7775394019762683,nan
138.37,197.34759521484375,-223.6072998046875,-22.84346580505371,198.20863972448458,-224.12507564390708,-22.843882995358538,1.0047336170895829,0.3672924182645457,0.07659981835315897,3.6754327562579695e-05,6.202143370700223,7.808161715851814,nan,nan,nan
138.38,197.35629272460938,-223.60809326171875,-22.84461784362793,198.21743329051793,-224.12624109150994,-22.84370129570433,1.005008003864011,0.3673338239732048,0.07662768284377197,3.599241576284633e-05,6.225009151546679,7.808943779187432,nan,1.3144384278363803,nan
138.39000000000001,197.364990234375,-223.60887145996094,-22.845746994018555,198.22621722856636,-224.12739354388754,-22.844887356081234,1.0052750001968824,0.3673753156125712,0.076655613346239,3.671452672533434e-05,6.225958533329496,7.8153559210472805,nan,nan,nan
138.4,197.3737030029297,-223.60963439941406,-22.846853256225586,198.24907361954558,-224.14370391333193,-22.846975212079524,1.0254286796282788,0.3673024311897716,0.07664336155036015,3.593281091762233e-05,6.8544474567782885,8.664363269806824,7.936363986589048,0.5327765702819728,nan
138.41,197.3824005126953,-223.61038208007812,-22.847936630249023,198.2578573199717,-224.14486246882151,-22.848128052207784,1.0257163077577551,0.36734375539968506,0.07667125181098255,3.665320296417956e-05,6.8606815146774895,8.756889338849291,nan,nan,nan
138.42000000000002,197.39109802246094,-223.61111450195312,-22.8489990234375,198.2666523821742,-224.1460024783456,-22.847514129846527,1.0260130549905704,0.36738516519079745,0.07669920811337497,3.5896785355110646e-05,6.9267023076243115,8.81192480124483,nan,2.0440921735240303,nan
138.43,197.39979553222656,-223.61183166503906,-22.85004234313965,198.27543672419742,-224.14713116093606,-22.848608469100476,1.026301662952213,0.3674266608276643,0.07672723061364477,3.6616423550255994e-05,6.926987345184962,8.765235996942252,nan,nan,nan
138.44,197.4084930419922,-223.612548828125,-22.851062774658203,198.28421786986073,-224.14824645009676,-22.850249987869212,1.02658003923413,0.36746824234019587,0.07675531944515332,3.5862180684706146e-05,6.8938172355069804,8.661582134971745,nan,0.2161956967918731,nan
138.45000000000002,197.4171905517578,-223.6132354736328,-22.852062225341797,198.3326271041607,-224.16635905658939,-22.851373740454033,1.0695654507833803,0.36739553864773816,0.07674290514415334,3.6558259036324886e-05,7.06490024642377,9.740950464137706,14.898344216320808,nan,nan
138.46,197.4259033203125,-223.61390686035156,-22.853042602539062,198.34148285091155,-224.1674714449028,-22.85180635262326,1.069916424042175,0.3674369525085706,0.07677095290355458,3.580705780964172e-05,7.100841056717554,9.660571855135712,nan,0.25055571346483213,nan
138.47,197.43460083007812,-223.6145782470703,-22.85400390625,198.3503349907642,-224.16857144047603,-22.85282378765502,1.0702704817321578,0.36747845213100405,0.07679906704349755,3.652445606315357e-05,7.101225953478167,9.607953858598908,nan,nan,nan
138.48,197.44329833984375,-223.61521911621094,-22.85494613647461,198.35918579646417,-224.16965842793812,-22.854059441276405,1.0706323224205,0.36752003756506213,0.07682724769922684,3.577529961433898e-05,7.091061566534325,9.784911684371323,nan,0.03783232551683482,nan
138.49,197.45199584960938,-223.61585998535156,-22.85586929321289,198.36803809884756,-224.17073188133253,-22.85504271464198,1.070988751841496,0.3675617090449925,0.0768554950240892,3.649210663159142e-05,7.09289254367024,9.661622766435254,nan,nan,nan
138.5,197.46070861816406,-223.61648559570312,-22.856773376464844,198.383728295713,-224.18140841320002,-22.855800895194104,1.0821756144873242,0.3674891838117837,0.07684291568531536,3.572312435322205e-05,7.5883636190010515,10.299001672576978,3.910674451047036,0.04430027042775684,nan
138.51,197.4694061279297,-223.61709594726562,-22.8576602935791,198.39257537195988,-224.1824814088255,-22.856747801775605,1.0825446900280145,0.3675306874000105,0.0768711210953748,3.6438499629905244e-05,7.591284613853232,10.415770481749975,nan,nan,nan
138.52,197.4781036376953,-223.61770629882812,-22.85852813720703,198.4014253036042,-224.1835413152121,-22.857169815890682,1.0829099729616658,0.3675722767337305,0.07689939320217237,3.5694147816652216e-05,7.6257750136297595,10.362976898665833,nan,0.17510225116226513,nan
138.53,197.48681640625,-223.6182861328125,-22.8593807220459,198.41027290782617,-224.1845901116386,-22.858078316723137,1.0832699585039771,0.36761395203048186,0.07692773215746351,3.640903706586707e-05,7.627886011224753,10.422210135524242,nan,nan,nan
138.54,197.49551391601562,-223.61886596679688,-22.860214233398438,198.41910886123986,-224.18563087002377,-22.861443107802476,1.0836288979654696,0.36765571336549335,0.07695613809883065,3.566652604703445e-05,7.629624753006704,10.453979775242335,nan,4.153795437717885,nan
138.55,197.50421142578125,-223.6194305419922,-22.861032485961914,198.4330831697775,-224.18762029342642,-22.862286934611237,1.0888727584391689,0.36758336446218254,0.07694339121991707,3.635839723556468e-05,7.590567507797633,10.52094371895478,0.616276716063193,nan,nan
138.56,197.51290893554688,-223.61997985839844,-22.861833572387695,198.44193725196848,-224.1886360375324,-22.864430760782856,1.089252132505587,0.3676249576661333,0.07697175439347968,3.561856898827874e-05,7.742937662706859,10.751113940514347,nan,1.0807226188661052,nan
138.57,197.52162170410156,-223.62063598632812,-22.86272621154785,198.45079704304464,-224.1896905874599,-22.86536543791432,1.0895856621142923,0.36766663675072475,0.07700018459154097,3.633173428627325e-05,7.747489373318412,10.421140252439512,nan,nan,nan
138.58,197.5303192138672,-223.62136840820312,-22.863706588745117,198.4596602422217,-224.1908362246896,-22.86563188241615,1.0899413047282063,0.3677084018049315,0.07702868195301361,3.559361633850806e-05,7.662745947075012,10.692228403837019,nan,0.3926840425695993,nan
138.59,197.53903198242188,-223.6221923828125,-22.864774703979492,198.46852042364955,-224.19207410753114,-22.86673883322762,1.0902833578239426,0.36775025302557635,0.07705724662769572,3.6306430396895486e-05,7.667990922416688,10.587495314828324,nan,nan,nan
138.6,197.5477294921875,-223.62310791015625,-22.865928649902344,198.48344432552648,-224.1917240031208,-22.86663232134557,1.0949369870738554,0.36767807813437486,0.0770443297048944,3.554838201936676e-05,7.3399089923298755,10.570593775026767,2.305739014232927,1.2145075516867947,nan
138.61,197.55642700195312,-223.62411499023438,-22.867170333862305,198.4923253946518,-224.19313280558552,-22.867902386359777,1.0953025205594173,0.36771976097026343,0.07707285074717277,3.626000218306498e-05,7.342691607521212,10.489008786756276,nan,nan,nan
138.62,197.5651397705078,-223.62521362304688,-22.86849594116211,198.50120266604836,-224.19463102399317,-22.87027797061312,1.0956519048206614,0.3677615297053579,0.07710143912665682,3.552600103797573e-05,7.419331563566184,10.438160443466868,nan,0.7115010376940861,nan
138.63,197.57383728027344,-223.62640380859375,-22.869905471801758,198.5100838546252,-224.19621506026576,-22.871729660272845,1.0960136122243294,0.36780338452532846,0.07713009499204736,3.6237356950501016e-05,7.423119062570721,10.52700988130944,nan,nan,nan
138.64000000000001,197.58255004882812,-223.62767028808594,-22.87139892578125,198.51896913366235,-224.1978836432843,-22.872094767404164,1.096368759626033,0.36784532553597954,0.07715881848387553,3.550486595055002e-05,7.347201569107356,10.387555697914653,nan,0.9401460001948951,nan
138.65,197.59124755859375,-223.6289825439453,-22.87297248840332,198.50699551923708,-224.18721104004834,-22.87361557682723,1.0724802072050494,0.3677733224078951,0.0771457290386383,3.61936250018821e-05,7.057878080623727,9.865250327786313,4.40409090176823,nan,nan
138.66,197.59994506835938,-223.6302947998047,-22.874629974365234,198.4763875613902,-224.1479083026173,-22.875339460336154,1.0178780306374524,0.36384588125656997,0.07288113507374966,3.546328020725608e-05,7.383185229564138,10.197072815169367,nan,0.0004995469578038694,0.39233335880317893
138.67000000000002,197.60865783691406,-223.63160705566406,-22.876365661621094,198.4852558506618,-224.14960801732875,-22.877109831588303,1.018209029512571,0.36389057969905,0.0729016432961017,3.61733310603367e-05,7.389848687767796,10.09551713310657,nan,nan,nan
138.68,197.6173553466797,-223.63290405273438,-22.8781795501709,198.49411934524946,-224.1512892453941,-22.878739764099162,1.0185473140687036,0.3639353626203911,0.0729222104338406,3.544457235392278e-05,7.3886242120996535,10.252284529364722,nan,0.03369397414011307,nan
138.69,197.6260528564453,-223.63418579101562,-22.88007354736328,198.50298724434262,-224.15295705510536,-22.880668648785935,1.0188905236912311,0.36398023143927116,0.0729428386012105,3.6154467971696015e-05,7.394428033094469,10.156782530724772,nan,nan,nan
138.70000000000002,197.634765625,-223.63543701171875,-22.88204574584961,198.49351110457363,-224.1512813132923,-22.882598573474294,1.0017681606900937,0.3639179718337782,0.07293563538838634,3.540562256576446e-05,7.693424588435438,10.153042275961655,6.75933730800963,0.0038765576963296806,nan
138.71,197.64346313476562,-223.6366729736328,-22.884092330932617,198.50233842613298,-224.15290860386824,-22.884683578537565,1.0020810055178466,0.36396265453133214,0.07295625879986332,3.6114516722789665e-05,7.700323036399583,10.273991045463854,nan,nan,nan
138.72,197.6521759033203,-223.6378631591797,-22.886215209960938,198.5111549943856,-224.1544992596255,-22.886330011316428,1.0023761531234545,0.36400742167083916,0.07297694144934488,3.5389218616346505e-05,7.699028841949297,10.408582965285687,nan,0.18368469633971585,nan
138.73,197.66087341308594,-223.63905334472656,-22.888368606567383,198.51998179325017,-224.15607904140404,-22.888541302116263,1.0026877927435796,0.3640522746080777,0.07299768530181501,3.609802783934121e-05,7.70502130026639,10.26433811355394,nan,nan,nan
138.74,197.66957092285156,-223.6402130126953,-22.89051628112793,198.52886025551425,-224.15769858088277,-22.89333718797478,1.0030839586124434,0.3640972122912865,0.07301848871579468,3.537392624067918e-05,7.935155176870775,10.534019659190335,nan,4.569292555017237,nan
138.75,197.6782684326172,-223.64134216308594,-22.89263916015625,198.53363085261657,-224.156423163604,-22.895624988288457,0.9984799556383238,0.3640349340650914,0.07301122943430968,3.6060458047021906e-05,7.873754544671042,10.509233061996031,0.42462197963377835,nan,nan
138.76,197.68698120117188,-223.6424560546875,-22.894729614257812,198.54241295869286,-224.15787913206665,-22.89586719070806,0.9987120378520657,0.36407968541615454,0.07303202757925123,3.53383692077803e-05,7.66922574910686,10.108772913902799,nan,2.6783224244467676,nan
138.77,197.6956787109375,-223.64353942871094,-22.89678192138672,198.5512342584223,-224.15936007946874,-22.898022649867286,0.9990234121317689,0.36412452246413474,0.07305288709992026,3.6046216407416326e-05,7.681494160869933,10.32345320373553,nan,nan,nan
138.78,197.70437622070312,-223.6446075439453,-22.89879608154297,198.56003690423535,-224.16079701806737,-22.899198572323805,0.9993032275220888,0.36416944422084857,0.0730738064964892,3.532520918827243e-05,7.648971920830217,10.19398063709069,nan,0.6155912494338586,nan
138.79,197.7130889892578,-223.64566040039062,-22.90077018737793,198.56885806846952,-224.16223488621998,-22.901269742900737,0.9995950009381002,0.36421445194832586,0.07309478752479538,3.6033056794809556e-05,7.656807962696381,10.093080327076851,nan,nan,nan
138.8,197.72178649902344,-223.6466827392578,-22.902708053588867,198.56259138325598,-224.1613708121746,-22.903803495642048,0.9858285174133373,0.3641521535843867,0.0730874673467509,3.5291779749330396e-05,7.976065007935906,10.289782420261895,5.206036956287041,0.2365067573534652,nan
138.81,197.73048400878906,-223.64768981933594,-22.904605865478516,198.57137873039576,-224.1627726168769,-22.905803285408368,0.986111380607248,0.36419697473070817,0.07310844249935541,3.599877726423461e-05,7.988159620599993,10.320746010471217,nan,nan,nan
138.82,197.7391815185547,-223.648681640625,-22.906465530395508,198.58016599905338,-224.16415432954935,-22.907766228924153,0.9863917483856056,0.3642418810744889,0.07312947857485379,3.6720080357351084e-05,8.00020152234474,10.302799732526537,nan,nan,nan
138.83,197.74789428710938,-223.64964294433594,-22.908288955688477,198.5889530488241,-224.16551630249708,-22.90969270112646,0.9866646506381027,0.3642868727602291,0.07315057571774625,3.745583352887983e-05,8.013809130939649,10.30142766914072,nan,nan,nan
138.84,197.756591796875,-223.6505889892578,-22.910076141357422,198.5977088437093,-224.1668223980254,-22.909945664862352,0.9869016343218798,0.36433194937932895,0.07317173330580595,3.6650326801558935e-05,7.967854480427411,10.26913845446635,nan,1.7239270966901994,nan
138.85,197.76528930664062,-223.65151977539062,-22.911827087402344,198.61438131365006,-224.1736469960165,-22.911833700871274,0.9967818572433642,0.3642696315809995,0.07316435063886083,3.736058119554372e-05,8.190221051389926,10.657676811737797,1.2179122701334923,nan,nan
138.86,197.77398681640625,-223.6524200439453,-22.913543701171875,198.62316637193535,-224.17495265268644,-22.913059818876047,0.9970689438892857,0.3643145214015566,0.07318550179984776,3.6560237561736974e-05,8.203975533978959,10.766859349087536,nan,0.2172876405745246,nan
138.87,197.78269958496094,-223.6533203125,-22.915225982666016,198.63196210652603,-224.17625239715238,-22.914826699904882,0.9973489635632616,0.36435949702752796,0.07320671499286954,3.729182751596626e-05,8.20807564746321,10.521768150550168,nan,nan,nan
138.88,197.79139709472656,-223.65419006347656,-22.916873931884766,198.64076072600048,-224.17753738485482,-22.91671887502796,0.9976527557057294,0.3644045575538282,0.07322798893882902,3.64955012780008e-05,8.21114843309055,10.749035423049435,nan,0.0162061986759443,nan
138.89000000000001,197.8000946044922,-223.65504455566406,-22.91849136352539,198.64955645144204,-224.1788014328155,-22.918422383648302,0.9979512515875238,0.3644497041566335,0.07324932517240475,3.72256199146178e-05,8.217039474119597,10.647056828921265,nan,nan,nan
138.9,197.8087921142578,-223.6558837890625,-22.920074462890625,198.6620051265841,-224.17759977467654,-22.917826681904764,1.0000825298781444,0.36438736547758543,0.0732418754257494,3.6410615384323074e-05,8.06888672322198,10.568847437951646,2.322440785513633,3.2494853000474775,nan
138.91,197.8175048828125,-223.65670776367188,-22.921627044677734,198.6708145752767,-224.17881711100011,-22.919445100055952,1.0003701128598304,0.3644323250205529,0.07326320458737161,3.713844054416649e-05,8.063864140463524,10.429762897075534,nan,nan,nan
138.92000000000002,197.82620239257812,-223.6575164794922,-22.923147201538086,198.67964921818088,-224.18004670332465,-22.92245187202782,1.0007046529485895,0.3644773694286719,0.07328459480119752,3.635077158322294e-05,7.953886223386237,10.45966098379824,nan,1.3154435218732745,nan
138.93,197.83489990234375,-223.65830993652344,-22.924638748168945,198.68845873718962,-224.18123130396944,-22.924024255671934,1.001004404923408,0.36452249980596496,0.07330604746978864,3.707731494602508e-05,7.955543910199708,10.38129796850374,nan,nan,nan
138.94,197.84359741210938,-223.65907287597656,-22.92609977722168,198.69730603726433,-224.1824428465883,-22.92773430423498,1.0013676719769977,0.3645677153543389,0.07332756150980727,3.6293290049384006e-05,8.024821119680707,10.602570865685552,nan,3.0787890885306557,nan
138.95000000000002,197.85231018066406,-223.6598358154297,-22.92753028869629,198.72838824506215,-224.17992464963388,-22.929383503112522,1.0188270730536373,0.3645053563557306,0.07332004282533984,3.6995368327780935e-05,7.154826332224678,9.894793751129104,28.468979479439916,nan,nan
138.96,197.8610076904297,-223.66058349609375,-22.92893409729004,198.7373042778348,-224.18107769418492,-22.93347226026536,1.0192303538786507,0.3645503846156401,0.07334154919862579,3.621584097446261e-05,7.632558986184247,10.429189701098487,nan,4.378150400598994,nan
138.97,197.8697052001953,-223.6613006591797,-22.930309295654297,198.74617621828259,-224.1821660184351,-22.934980770996702,1.0195704932475718,0.364595498738158,0.07336311819478762,3.693916573650977e-05,7.657639041459335,10.547799227483482,nan,nan,nan
138.98,197.87841796875,-223.66201782226562,-22.931657791137695,198.755059074787,-224.18325171596985,-22.937102369431535,1.0199088411091617,0.3646406979936746,0.07338474885118447,3.6163041470344193e-05,7.8888530917742985,10.496071036509912,nan,0.27057438988049565,nan
138.99,197.88711547851562,-223.6627197265625,-22.9329776763916,198.7639312818531,-224.18431106246425,-22.93856381168161,1.0202424611716545,0.36468598338455294,0.07340644239142284,3.688533380594103e-05,7.917021624264663,10.710633325220376,nan,nan,nan
139.0,197.89581298828125,-223.6634063720703,-22.93427276611328,198.7656184003611,-224.18183851706007,-22.93812223263179,1.0125947670388897,0.3646236026968477,0.07339885039492021,3.609037886331108e-05,7.434778643129415,10.040118316881216,0.48955309981149986,2.3569822954912882,nan
139.01,197.90452575683594,-223.66407775878906,-22.9355411529541,198.77447984731486,-224.18286334864266,-22.93951423799105,1.0129039407493037,0.3646687005308087,0.07342053559295038,3.681081481742152e-05,7.455295620319046,9.95350792694367,nan,nan,nan
139.02,197.91322326660156,-223.66473388671875,-22.936784744262695,198.78338048508255,-224.18391790991424,-22.943287127141776,1.0132955717850178,0.3647138834574185,0.07344228273196206,3.604209116613405e-05,8.201525418770647,10.80882973543132,nan,3.8485563738214235,nan
139.03,197.9219207763672,-223.66537475585938,-22.938003540039062,198.79224221321314,-224.18491616541837,-22.944654071260246,1.0136206929841565,0.36475915241435697,0.07346409292576273,3.676165167423524e-05,8.233635062389306,10.826106408960733,nan,nan,nan
139.04,197.9306182861328,-223.666015625,-22.939197540283203,198.80110571522775,-224.18590305347496,-22.94609587661922,1.0139422515818257,0.36480450676810994,0.07348596537464157,3.599597328643054e-05,8.353583553448058,10.881814114081306,nan,0.0064772015085315625,nan
139.05,197.9393310546875,-223.66664123535156,-22.94036865234375,198.81409978638567,-224.18682662938838,-22.947554737204857,1.0177744435491047,0.3647421047328042,0.07347829786992521,3.669187847198335e-05,8.341031985918308,10.829129775372381,1.407037289289852,nan,nan
139.06,197.94802856445312,-223.667236328125,-22.941516876220703,198.82294955132554,-224.18775788040108,-22.94740836405592,1.0180688234508537,0.36478727128998667,0.07350016134000839,3.5930068948285195e-05,7.90185537002322,10.583168754386385,nan,1.402876947877736,nan
139.07,197.9567413330078,-223.66783142089844,-22.94264030456543,198.83182211701202,-224.1887013503631,-22.94867336707986,1.0183851235152839,0.36483252377331904,0.07352208803635933,3.6647189251653936e-05,7.930664386235314,10.463188823120788,nan,nan,nan
139.08,197.96543884277344,-223.66842651367188,-22.943742752075195,198.84071268721536,-224.1896520016211,-22.95108101991478,1.0187414599528903,0.364877861610087,0.07354407725874057,3.5888198587281845e-05,8.438327080504559,10.993379434730413,nan,0.909710662690959,nan
139.09,197.97413635253906,-223.6689910888672,-22.944822311401367,198.8495854857308,-224.19057134754001,-22.95231443161355,1.0190747190018379,0.36492328564756726,0.07356612997326899,3.6604646722364454e-05,8.472903498790282,11.110699786178115,nan,nan,nan
139.1,197.98284912109375,-223.6695556640625,-22.945880889892578,198.8340628186624,-224.18481792626037,-22.953980369094953,0.995050531047097,0.3648608610080496,0.0735583828252882,3.58265860359059e-05,8.948455635251307,10.932917718011467,7.87037843867618,0.20548664151673,nan
139.11,197.99154663085938,-223.67010498046875,-22.946918487548828,198.842888075099,-224.1857114785811,-22.95517621471267,0.9953393921842119,0.3649060969737302,0.07358042585550334,3.6541533552416293e-05,8.985016219063757,11.075327656176036,nan,nan,nan
139.12,198.00025939941406,-223.67063903808594,-22.947935104370117,198.8516840635681,-224.18656269345078,-22.954364772927953,0.9955614082177847,0.3649514182471689,0.07360253167512387,3.578876705229895e-05,8.276246723779906,10.256571591211081,nan,2.6649924723682963,nan
139.13,198.0089569091797,-223.67117309570312,-22.948930740356445,198.86050949838895,-224.18743431942121,-22.95550165869433,0.9958466951653259,0.3649968256187539,0.07362470116055742,3.650316992658933e-05,8.304910388251793,10.373084763596186,nan,nan,nan
139.14000000000001,198.0176544189453,-223.67169189453125,-22.949907302856445,198.86933129956202,-224.18829133472917,-22.956360072851854,0.9961275665447805,0.36504231860041964,0.07364693374487141,3.575288978571838e-05,8.287937737013456,10.323385366257131,nan,0.04551084212151831,nan
139.15,198.0263671875,-223.6721954345703,-22.950864791870117,198.91825819860847,-224.20304011269008,-22.9574333911034,1.0379348700569084,0.36497987150108013,0.0736391044795584,3.644425921543375e-05,8.259846929879018,10.88877578886599,16.505694187560188,nan,nan
139.16,198.03506469726562,-223.6726837158203,-22.951801300048828,198.92716389171724,-224.20390311407846,-22.958963916841757,1.0383093589611396,0.3650251761605454,0.0736613267029736,3.569727051597861e-05,8.514722054528088,11.39185385708866,nan,0.13866811015452646,nan
139.17000000000002,198.0437774658203,-223.6731719970703,-22.952720642089844,198.93606315360293,-224.20474934240033,-22.960028859716445,1.0386537597942296,0.3650705668164548,0.07368361276594425,3.640986155325545e-05,8.545722286405887,11.12620870324152,nan,nan,nan
139.18,198.05247497558594,-223.6736602783203,-22.953622817993164,198.94495035492687,-224.20557321460169,-22.960208460302272,1.0389836597357263,0.36511604303373324,0.07370596218208496,3.566515243596701e-05,8.295019154978176,10.960942918879805,nan,0.511770241336972,nan
139.19,198.06118774414062,-223.6741180419922,-22.954505920410156,198.9538498457977,-224.20639999378997,-22.961230292896897,1.0393338833742554,0.3651616055238675,0.07372837570805608,3.637736085769935e-05,8.323898416796256,10.932987985400779,nan,nan,nan
139.20000000000002,198.06988525390625,-223.67457580566406,-22.95536994934082,198.95623164932036,-224.20025759373243,-22.96242610832636,1.0305343586460225,0.36509913480555095,0.07372046038750478,3.561329393563368e-05,8.180903562782559,10.915856478404248,3.290237314947028,0.000590404554263657,nan
139.21,198.07859802246094,-223.67503356933594,-22.956218719482422,198.9651275950833,-224.20104574193599,-22.96341844288294,1.030861447952359,0.36514450869176973,0.07374286281756848,3.632428528782129e-05,8.209777654156781,10.665304079499528,nan,nan,nan
139.22,198.08729553222656,-223.67547607421875,-22.957050323486328,198.97401004715556,-224.20181057769733,-22.96336093875861,1.0311791621260218,0.36518996808838367,0.07376532884801558,3.5584728029787216e-05,7.9017542878710705,10.544922766504055,nan,0.7297089208067351,nan
139.23,198.09600830078125,-223.6759033203125,-22.95786476135254,198.98290652050414,-224.20258047134882,-22.96431155349444,1.0315128863471845,0.36523551365773915,0.07378785916354727,3.629543829558867e-05,7.928327414877436,10.432813440463764,nan,nan,nan
139.24,198.10470581054688,-223.67633056640625,-22.958662033081055,198.99184197243247,-224.20338097363148,-22.96822606778962,1.031932251769122,0.3652811450379794,0.07381045338485137,3.5557859396203945e-05,9.355335738965342,12.024939323457222,nan,6.068618929038415,nan
139.25,198.11341857910156,-223.67674255371094,-22.959444046020508,199.02256371801386,-224.22270904599245,-22.969226302175088,1.0605281640944297,0.3652186506708739,0.07380244931154274,3.624600298508462e-05,10.161063423429,13.10606985337484,12.807323521244276,nan,nan
139.26,198.1221160888672,-223.67724609375,-22.960317611694336,199.03145042385023,-224.22352106563557,-22.967702949045968,1.0608297794158246,0.36526409318641406,0.07382503172219856,3.5511197580578423e-05,9.055207263204313,12.136992340056505,nan,4.32596695091859,nan
139.27,198.13082885742188,-223.67784118652344,-22.961278915405273,199.04036926193857,-224.2244587730674,-22.96875739620053,1.0611835190213483,0.3653096217753968,0.07384767859281148,3.6220592265103736e-05,9.062121619464843,12.020031443692046,nan,nan,nan
139.28,198.13954162597656,-223.6785430908203,-22.96232795715332,199.04930577833207,-224.22550656295297,-22.971307023314793,1.061565106994235,0.36535523612133886,0.0738703896080472,3.54875809201574e-05,9.787662276946513,12.674724490321914,nan,1.356380499403337,nan
139.29,198.1482391357422,-223.6793212890625,-22.963464736938477,199.05822491737885,-224.22662856431,-22.972553428590587,1.061933133787474,0.3654009368189457,0.07389316535737206,3.619682051000648e-05,9.796264905999315,12.90970238926938,nan,nan,nan
139.3,198.15695190429688,-223.68020629882812,-22.96468734741211,199.04873981186182,-224.21779854236823,-22.97220626749232,1.0413201364387037,0.36533841772587183,0.07388506875406192,3.544414407441606e-05,8.890212718017745,11.354314570216749,3.820776976077795,1.749806970386989,nan
139.31,198.1656494140625,-223.68115234375,-22.96599578857422,199.0576315887468,-224.21907103830253,-22.973609495574244,1.0416557446862742,0.3653839292708022,0.07390783192881081,3.615238747538195e-05,8.896789875317648,11.545536191970692,nan,nan,nan
139.32,198.1743621826172,-223.68211364746094,-22.967388153076172,199.06653164991067,-224.22039972113552,-22.975802320609617,1.0420120218586832,0.36542952651658955,0.07393065948045646,3.542357292585758e-05,9.292713098260982,11.838039351690444,nan,0.3411780520803691,nan
139.33,198.18307495117188,-223.68309020996094,-22.968862533569336,199.07542330540554,-224.221734290289,-22.977383278642048,1.0423510126980133,0.36547521001622957,0.07395355194190208,3.613174034008593e-05,9.304126856882771,11.829547874765451,nan,nan,nan
139.34,198.1917724609375,-223.68405151367188,-22.970420837402344,199.08430746061063,-224.22305899007026,-22.97840886551388,1.0426943913956663,0.3655209795154589,0.07397650908208953,3.540445298216153e-05,9.098074847421113,11.756926807255338,nan,0.2818261626418702,nan
139.35,198.2004852294922,-223.6850128173828,-22.97205924987793,199.09444381622254,-224.22502224019402,-22.980108058621664,1.044431383498223,0.3654584355148366,0.07396831707629983,3.609039463685959e-05,9.117194067445,11.626014493701447,0.09521061489068022,nan,nan
139.36,198.2091827392578,-223.68594360351562,-22.973777770996094,199.10333378047923,-224.22632597243134,-22.98161037402813,1.0447873175065665,0.3655040155906466,0.07399126089086563,3.536542597920644e-05,9.058278987683796,11.785550323948932,nan,0.07074726017954025,nan
139.37,198.2178955078125,-223.68685913085938,-22.975576400756836,199.11222720451104,-224.22761649770698,-22.983510367906852,1.0451366711365473,0.3655496818232219,0.07401426979011452,3.607266034727384e-05,9.070194988558033,11.602320284745929,nan,nan,nan
139.38,198.2266082763672,-223.68775939941406,-22.977453231811523,199.1211279434949,-224.22889658806236,-22.986168747821214,1.0455002879176016,0.3655954339964786,0.07403734359272847,3.5349058265576584e-05,9.475455209137383,11.999741177732332,nan,0.318356724085772,nan
139.39000000000001,198.2353057861328,-223.6886444091797,-22.979408264160156,199.1300211554957,-224.2301518742291,-22.988234525009137,1.045860329948035,0.36564127260643653,0.07406048275747727,3.605631187095699e-05,9.488026912710968,12.140889721351387,nan,nan,nan
139.4,198.2440185546875,-223.68951416015625,-22.9814395904541,199.11583062956285,-224.23466539370824,-22.98809983991752,1.0282463324829494,0.3655787026882539,0.07405219170172757,3.531273909245992e-05,9.435920192907641,11.521719889082426,21.755807530003665,3.4860227601123137,nan
139.41,198.25271606445312,-223.69036865234375,-22.98354721069336,199.12466456226,-224.23591608556887,-22.990298287485977,1.0285726818091354,0.36562435158073403,0.07407531674861648,3.601916418564104e-05,9.447541947540966,11.636664928316485,nan,nan,nan
139.42000000000002,198.2614288330078,-223.69119262695312,-22.985685348510742,199.13350669035248,-224.23715729794088,-22.993343077802706,1.0289100310792674,0.36567008635293,0.07409850691740212,3.5298926111081317e-05,9.847231816871876,12.036280798812893,nan,0.43456061301096494,nan
139.43,198.27012634277344,-223.6920166015625,-22.98781967163086,199.14234051117285,-224.2383741075456,-22.995618665881338,1.0292351063834135,0.36571590746607213,0.07412176262339394,3.600543064286388e-05,9.877346626773962,12.01997043702228,nan,nan,nan
139.44,198.27883911132812,-223.69281005859375,-22.98992919921875,199.1511598592626,-224.23956124098024,-22.99646385797425,1.0295256405175366,0.3657618147560275,0.07414508375011401,3.5286327555008135e-05,9.401651268246981,11.516778476015993,nan,1.3941951009761264,nan
139.45000000000002,198.28753662109375,-223.69358825683594,-22.992006301879883,199.18281702276371,-224.24286486312818,-22.998657885020005,1.050369473753175,0.3656992186083038,0.07413669063953514,3.597084708401928e-05,8.98668162440386,11.624987946507025,10.429746010520486,nan,nan
139.46,198.29624938964844,-223.69436645507812,-22.994047164916992,199.19169745923324,-224.24401892091154,-23.000496520231337,1.0507077008873,0.36574493590054935,0.07415999686288335,3.5253671356170996e-05,8.937646562805206,11.3029424615569,nan,0.0842219791244017,nan
139.47,198.30494689941406,-223.6951141357422,-22.996049880981445,199.20058138362364,-224.24516065038742,-23.00264296942074,1.0510736255819075,0.36579073943859236,0.07418336879725972,3.595952964244666e-05,8.968329909282737,11.536410315273889,nan,nan,nan
139.48,198.31365966796875,-223.6958465576172,-22.99801254272461,199.20947036681952,-224.24629190782883,-23.005277338663404,1.0514369543653832,0.365836629089866,0.07420680636392844,3.5243351940920716e-05,9.259085533271728,11.690536464223978,nan,0.19225583076693215,nan
139.49,198.32235717773438,-223.6965789794922,-22.999937057495117,199.21835418604684,-224.2474036907918,-23.007353769176163,1.0517953741557073,0.3658826052684503,0.07423030992187747,3.59493592107822e-05,9.292318812052676,11.791949626471094,nan,nan,nan
139.5,198.33106994628906,-223.69728088378906,-23.0018253326416,199.246194509663,-224.2568393916482,-23.008165621641144,1.0726597267878202,0.36581998193468857,0.07422181121328948,3.521292175837177e-05,9.019316608281338,11.782670794565613,3.4995208482173656,1.16595631277929,nan
139.51,198.3397674560547,-223.69798278808594,-23.003673553466797,199.25511022495252,-224.25793622553306,-23.010156202100134,1.0730527766217723,0.36586576781557295,0.0742452990479742,3.591822401423115e-05,9.04857627996503,11.99607235662997,nan,nan,nan
139.52,198.34848022460938,-223.6986541748047,-23.00548553466797,199.26401997498144,-224.2590138645131,-23.011448384330624,1.073429816959422,0.3659116397441886,0.07426885272088295,3.520469882611863e-05,8.890880103421182,11.70019119873739,nan,0.3060332294216784,nan
139.53,198.357177734375,-223.69932556152344,-23.00726318359375,199.2729356725568,-224.26008305404653,-23.013360817587902,1.073824356170083,0.36595759810610945,0.07429247255847225,3.59101946864566e-05,8.917271061540282,11.766698438582216,nan,nan,nan
139.54,198.3658905029297,-223.69998168945312,-23.009004592895508,199.28185716868774,-224.26114370061956,-23.015903299690557,1.0742184729894169,0.3660036428113771,0.07431615853060733,3.519747052358262e-05,9.23544933202738,11.91499803538368,nan,0.30853592635882665,nan
139.55,198.3745880126953,-223.70062255859375,-23.010709762573242,199.3073320027503,-224.27112442226598,-23.01773720671427,1.0934043682043346,0.3659409918690836,0.0743075511235854,3.5881144152349526e-05,9.478549600972848,12.808946243724506,2.7871357262500696,nan,nan
139.56,198.38330078125,-223.7012481689453,-23.01238250732422,199.31626901309176,-224.27216904199054,-23.019186692834783,1.0938129007490793,0.36598684598742653,0.07433122055428824,3.517001727206167e-05,9.420705471498655,12.49068932283115,nan,0.0942469231780957,nan
139.57,198.39199829101562,-223.7018585205078,-23.014020919799805,199.32520917006448,-224.27320375584333,-23.02096710523183,1.0942422822244584,0.36603278644554066,0.07435495632143507,3.587507491277719e-05,9.451143273810953,12.759137949019157,nan,nan,nan
139.58,198.4007110595703,-223.7024688720703,-23.015626907348633,199.33413283097707,-224.2742126383801,-23.02077679668353,1.0946203264193466,0.3660788131790994,0.07437875842273108,3.516463480937918e-05,8.86179237677624,11.872224918061855,nan,2.62910309418107,nan
139.59,198.40940856933594,-223.7030487060547,-23.017202377319336,199.34307266331317,-224.27522304303898,-23.022474854557625,1.0950524696570287,0.36612492653535855,0.07440262714303536,3.586993466832299e-05,8.884805595035065,12.148709484052674,nan,nan,nan
139.6,198.41812133789062,-223.70362854003906,-23.01874542236328,199.3253137956769,-224.26777371327273,-23.02477756048973,1.0683137734942432,0.36606224706937274,0.07439390757837429,3.513897204900378e-05,9.25230880382881,11.682262078035325,7.39066776067211,0.30002440652097956,nan
139.61,198.42681884765625,-223.70420837402344,-23.02025604248047,199.33420463880876,-224.2687523065842,-23.026421326982046,1.0686893077548805,0.36610816953291964,0.07441775891041205,3.5843654552082344e-05,9.27803404423765,11.877270835955878,nan,nan,nan
139.62,198.43551635742188,-223.7047576904297,-23.021738052368164,199.3430963612976,-224.26972010911095,-23.028102583412785,1.0690764730423428,0.36615417820224483,0.07444167677099493,3.513527134552082e-05,9.37255344215168,12.002368643175384,nan,0.003133915581311554,nan
139.63,198.44422912597656,-223.70530700683594,-23.023191452026367,199.351987731033,-224.27067624677963,-23.029688766650917,1.06944391046275,0.3662002734016716,0.07446566142137093,3.5840228157553176e-05,9.3991625331092,11.758223022596596,nan,nan,nan
139.64000000000001,198.4529266357422,-223.70584106445312,-23.024614334106445,199.37278559769325,-224.25870128335242,-23.031110374654688,1.0732367539671168,0.36564938101737565,0.0737868573268372,3.5132170986582296e-05,9.98856232782163,12.574107243674398,nan,0.014353091645641324,0.2374708661649792
139.65,198.46163940429688,-223.70635986328125,-23.02600860595703,199.43486519452034,-224.2822694297643,-23.03261110168097,1.13087747367811,0.36558534383872654,0.07377922205729553,3.58154047461029e-05,10.238055675742752,14.011236426066501,26.288032485058103,nan,nan
139.66,198.4703369140625,-223.70687866210938,-23.027376174926758,199.4438624647463,-224.28318533979345,-23.03316003632219,1.1313332124666444,0.36563000151241243,0.07380013573307798,3.510887968809661e-05,9.974909497342829,13.868011777009686,nan,0.636100841577028,nan
139.67000000000002,198.4790496826172,-223.70738220214844,-23.028717041015625,199.4528577638251,-224.28410633249652,-23.03462527802748,1.1317896486610013,0.36567474406807515,0.07382110977538152,3.5813538789955926e-05,9.998788082445136,13.66570891952105,nan,nan,nan
139.68,198.4877471923828,-223.70787048339844,-23.030029296875,199.46185281730956,-224.28502095528066,-23.036300610908363,1.1322648829172035,0.3657195716367179,0.07384214359878802,3.5107442772323025e-05,10.146242304201676,14.132092236818753,nan,0.03905261570209324,nan
139.69,198.4964599609375,-223.70835876464844,-23.03131675720215,199.47084877355172,-224.28592194099488,-23.03771686476857,1.1327196220583495,0.36576448437684805,0.07386323805854864,3.581240838761416e-05,10.171220129242991,13.803726768174222,nan,nan,nan
139.70000000000002,198.50515747070312,-223.70883178710938,-23.032577514648438,199.44744195194468,-224.27262668763248,-23.039623450818745,1.0980957966685085,0.365700449662084,0.07385554451541901,3.5085558731304625e-05,10.288574503000442,13.317824319951614,10.148592194544298,0.2710759246567103,nan
139.71,198.5138702392578,-223.70928955078125,-23.0338134765625,199.45638450508164,-224.27348469739908,-23.04099416260904,1.0984993705053518,0.3657451749401573,0.07387663160619479,3.57899665187536e-05,10.316315886866834,13.151551544725118,nan,nan,nan
139.72,198.52256774902344,-223.70974731445312,-23.035024642944336,199.46533025045684,-224.27431395647005,-23.041035568433987,1.0988961546081077,0.36578998516307815,0.07389777876128654,3.508543844864701e-05,9.906106423878601,12.895044439567506,nan,1.1975538406213901,nan
139.73,198.53128051757812,-223.71018981933594,-23.036212921142578,199.4742729500642,-224.27515356987493,-23.042346414017814,1.0992981337580578,0.36583488049132,0.07391898676008693,3.579017501292368e-05,9.92903824137597,12.706595334532885,nan,nan,nan
139.74,198.5399932861328,-223.71063232421875,-23.037376403808594,199.4832184312838,-224.27596868398416,-23.04256522228514,1.0996844083440913,0.3658798610529495,0.07394025512936969,3.508594171168924e-05,9.646071488579757,12.410663999455227,nan,0.803397822833854,nan
139.75,198.54869079589844,-223.7110595703125,-23.038516998291016,199.51071119644058,-224.28499715318353,-23.043801001754098,1.1202301195663775,0.3658158283544637,0.07393250093295527,3.576901990021984e-05,9.776201517589028,13.265939616408566,3.175104499193088,nan,nan
139.76,198.55740356445312,-223.7114715576172,-23.039634704589844,199.5196835266764,-224.2858325029031,-23.045646694802947,1.1206736211727693,0.36586062125799657,0.07395376139563413,3.506589001408112e-05,10.028361011394187,13.326460053287716,nan,0.26429764111558685,nan
139.77,198.56610107421875,-223.71188354492188,-23.040729522705078,199.5286575501337,-224.28665077598671,-23.046864097667257,1.1211199633588245,0.36590549919986637,0.07397508290862628,3.577042879621416e-05,10.050410826068557,13.542340167152803,nan,nan,nan
139.78,198.57481384277344,-223.71229553222656,-23.04180335998535,199.5376367562179,-224.28743494103801,-23.046165065119965,1.1215312419604444,0.36595046230638106,0.07399646506735097,3.506751962268234e-05,9.541302956691156,12.740631805498472,nan,2.5271324301340328,nan
139.79,198.58351135253906,-223.71267700195312,-23.042856216430664,199.54661131948305,-224.28823688986773,-23.047322073238742,1.1219851490910264,0.36599551074064796,0.07401790854961596,3.5772406290542194e-05,9.558094801446718,13.080145584582016,nan,nan,nan
139.8,198.59222412109375,-223.71307373046875,-23.043886184692383,199.56579650833973,-224.28313559028848,-23.047831188910166,1.128197358748568,0.36593147954785754,0.07401009003494778,3.504854683707804e-05,8.666892105949705,12.359809393691972,16.47350306621284,0.296373456680847,nan
139.81,198.60093688964844,-223.7134552001953,-23.044897079467773,199.574809202034,-224.28388929174542,-23.048942289213965,1.1286446284618123,0.3659763401235321,0.07403152501826614,3.575291314365824e-05,8.679342626356844,12.341684742444262,nan,nan,nan
139.82,198.60963439941406,-223.7138214111328,-23.045886993408203,199.58382478676776,-224.2846206659016,-23.048906782302893,1.1291004468965218,0.3660212857944743,0.0740530209161164,3.5051180277314385e-05,8.48072415209456,12.444865613600056,nan,0.8948627077802985,nan
139.83,198.61834716796875,-223.7141876220703,-23.046857833862305,199.5928375497984,-224.28535910862254,-23.04996856881225,1.1295477183371627,0.36606631672530343,0.07407457834454387,3.575590927954011e-05,8.489900350885032,12.160182599346628,nan,nan,nan
139.84,198.62704467773438,-223.71453857421875,-23.047809600830078,199.60185434504817,-224.28607310358757,-23.049629235592835,1.1300039454886577,0.3661114330400619,0.07409619699043832,3.505428965074483e-05,8.312575541912885,12.260308156503207,nan,1.3455454864176088,nan
139.85,198.63575744628906,-223.7148895263672,-23.048742294311523,199.61512114047378,-224.2872417942867,-23.05056423811953,1.1343472499896037,0.3660474028491919,0.07408831155690984,3.573738935815809e-05,8.234403567056953,12.071078435527701,0.7238607135480073,nan,nan
139.86,198.64447021484375,-223.71524047851562,-23.04965591430664,199.62414377820264,-224.2879605386222,-23.051884784684585,1.1348010952831955,0.36609233109884115,0.07410992112494295,3.503669852896204e-05,8.281229349336318,12.129071792433715,nan,0.07598506179614993,nan
139.87,198.65316772460938,-223.715576171875,-23.05055046081543,199.63316762493784,-224.28866833678137,-23.05286293549866,1.135270796620803,0.3661373445396687,0.07413159242956421,3.574128741214122e-05,8.287136661654646,12.456139395103024,nan,nan,nan
139.88,198.66188049316406,-223.7158966064453,-23.051429748535156,199.6421917006144,-224.2893694331876,-23.05382422754999,1.1357318697625296,0.36618244330550337,0.07415332540808198,3.646019595226725e-05,8.293899958997217,12.146517102101921,nan,nan,nan
139.89000000000001,198.67059326171875,-223.71621704101562,-23.052288055419922,199.65121595153775,-224.29006394392655,-23.054768805034136,1.1361898089170515,0.3662276275408455,0.07417512020499645,3.719356864954012e-05,8.300678548448952,12.234675115951147,nan,nan,nan
139.9,198.67929077148438,-223.71653747558594,-23.053131103515625,199.62464356100557,-224.26911612303743,-23.05397803293214,1.0950049203379257,0.3661635977781779,0.0741671642794745,3.6383969384366446e-05,7.527079864506962,10.79619135884591,17.215210523897074,1.5135216850566837,nan
139.91,198.68800354003906,-223.7168426513672,-23.053958892822266,199.63362042993697,-224.2697489064327,-23.05487116996249,1.0953983118484114,0.3662085937373041,0.0741889493724496,3.711507993059845e-05,7.527125995675981,10.503680522563796,nan,nan,nan
139.92000000000002,198.69671630859375,-223.71714782714844,-23.054767608642578,199.64259627644935,-224.27038015196942,-23.056186978438912,1.0957905518063042,0.3662536749389986,0.07421079618561287,3.633235395015222e-05,7.556985316983574,10.61898902498633,nan,0.12579652563644986,nan
139.93,198.70542907714844,-223.7174530029297,-23.055561065673828,199.6515735130196,-224.2710004937628,-23.057053358539626,1.0961780626684723,0.36629884155238773,0.07423270523132691,3.7062209517241364e-05,7.557981876419082,10.61593253352041,nan,nan,nan
139.94,198.71412658691406,-223.7178497314453,-23.05644416809082,199.66054848495946,-224.2716741088794,-23.058759353515384,1.0965588038147676,0.366344093697187,0.07425467629846015,3.6282495222266226e-05,7.638194150458019,10.961674168855524,nan,0.421720510778702,nan
139.95000000000002,198.72283935546875,-223.7183380126953,-23.057416915893555,199.67983351117596,-224.28073862422423,-23.059811699581267,1.1100171155864031,0.3662800638071555,0.07424664713055237,3.6987686151392225e-05,7.982412205245421,11.271121229375069,2.7702239092327643,nan,nan
139.96,198.73155212402344,-223.71890258789062,-23.0584774017334,199.6888150978802,-224.28163161133565,-23.06292899956009,1.1104216188762221,0.3663251274590814,0.07426860787621001,3.621188474545518e-05,8.369496288140358,11.698791533360534,nan,2.6986275336056944,nan
139.97,198.74024963378906,-223.71951293945312,-23.05962562561035,199.69780262460037,-224.2825659709106,-23.064130931200292,1.110836056411388,0.3663702764521621,0.07429063105676904,3.693853036923634e-05,8.367427910064794,11.929219724209839,nan,nan,nan
139.98,198.74896240234375,-223.7201385498047,-23.06085777282715,199.70679463293928,-224.2835096397399,-23.06386009148265,1.1112329102666518,0.3664155109056077,0.07431271650896665,3.6165576866185113e-05,8.063934638386646,11.449072550950104,nan,1.6078216216374583,nan
139.99,198.75767517089844,-223.72076416015625,-23.062177658081055,199.7157821831004,-224.2844747887583,-23.0652204584612,1.1116420189357943,0.3664608309893139,0.07433486467413052,3.6891182406603564e-05,8.062842161545559,11.37906735311989,nan,nan,nan
140.0,198.76638793945312,-223.7213897705078,-23.063579559326172,199.7370715613536,-224.291335649217,-23.0682124301841,1.1256493512527617,0.36639680034045496,0.0743267587651137,3.6098676475294434e-05,8.516514667114517,12.26198299253976,1.536826306482836,1.468810205944935,nan
140.01,198.77508544921875,-223.7220001220703,-23.065065383911133,199.74607885426852,-224.29230098353983,-23.069758564776368,1.1260964839611447,0.3664419317098171,0.07434889594864573,3.682240032569128e-05,8.517396704514624,12.517224721637486,nan,nan,nan
140.02,198.78379821777344,-223.72259521484375,-23.066631317138672,199.75509038511458,-224.2932434109828,-23.069953744272823,1.1265251335931536,0.3664871484678757,0.0743710956478924,3.605585319824896e-05,8.223463074347116,12.023671311763826,nan,1.367501683985334,nan
140.03,198.79251098632812,-223.72317504882812,-23.068281173706055,199.76409772008142,-224.29418815219287,-23.071651884796545,1.126964110836232,0.3665324507847638,0.07439335826254764,3.677867562584354e-05,8.224597078964038,11.965729915092087,nan,nan,nan
140.04,198.8012237548828,-223.7237548828125,-23.070009231567383,199.7731073209117,-224.29511484829308,-23.07267341579788,1.127393885892857,0.3665778387793208,0.07441568369119335,3.601472230923849e-05,8.1102524472816,11.920422901809351,nan,0.3831257062562578,nan
140.05,198.80992126464844,-223.7243194580078,-23.07181739807129,199.79052479830645,-224.3077161866452,-23.074606175536328,1.1410270857815468,0.3665138067647849,0.07440749813608476,3.671365011203997e-05,8.782957366156225,12.997437390663084,8.249687915976269,nan,nan
140.06,198.81863403320312,-223.72486877441406,-23.073705673217773,199.79953597694492,-224.3086494781936,-23.07500134742209,1.1414772061295835,0.36655900581843714,0.07442981192693081,3.5953155911492165e-05,8.617291200758006,12.53823624615335,nan,1.583857727351627,nan
140.07,198.8273468017578,-223.7254180908203,-23.075668334960938,199.80854261624052,-224.3095847283577,-23.076999534577766,1.1419271688082926,0.36660429035865943,0.07445218883427483,3.667345548397509e-05,8.617475687504735,12.635249098910398,nan,nan,nan
140.08,198.8360595703125,-223.7259521484375,-23.077709197998047,199.81754285843945,-224.3105269148206,-23.08125101964087,1.1423876955153618,0.36664966050430053,0.07447462879271105,3.5915390569146006e-05,8.917281375512259,12.90578324474467,nan,3.16964679020092,nan
140.09,198.84475708007812,-223.72647094726562,-23.07982635498047,199.82654927765668,-224.31144065196278,-23.0834260421177,1.142855385596576,0.36669511642549524,0.07449713214843079,3.663497028927664e-05,8.920451713519705,13.16953524333791,nan,nan,nan
140.1,198.8534698486328,-223.7269744873047,-23.081974029541016,199.85734141964494,-224.32712070478811,-23.088215860615314,1.1696035969084486,0.3666310823625131,0.07448886352148935,3.5857286549094287e-05,10.191501856049097,14.870308418548262,7.563063578627929,4.072272996548612,nan
140.11,198.8621826171875,-223.72747802734375,-23.084115982055664,199.86637411826786,-224.3280486059834,-23.090485037839937,1.1700966437184497,0.36667634911131947,0.07451135454738066,3.6575305250525196e-05,10.213906223738189,14.8150092273458,nan,nan,nan
140.12,198.87088012695312,-223.72796630859375,-23.086233139038086,199.87540959708406,-224.32895856513971,-23.091709025284764,1.170598622124565,0.36672170139265636,0.07453390885580573,3.582278077229531e-05,9.941655702459336,14.840642395340405,nan,0.7159377148483306,nan
140.13,198.8795928955078,-223.72845458984375,-23.08831787109375,199.88444177118035,-224.32986670775963,-23.093926479670927,1.171088918488516,0.3667671393764264,0.07455652676202217,3.654019622257823e-05,9.96490148947977,14.521467900869142,nan,nan,nan
140.14000000000001,198.8883056640625,-223.7289276123047,-23.09036636352539,199.89347625660793,-224.33075928509328,-23.095289142512424,1.171577362465916,0.36681266318180805,0.07457920824663297,3.578985092471962e-05,9.780961497310102,14.315648334797924,nan,0.4546935655175082,nan
140.15,198.89700317382812,-223.72938537597656,-23.092374801635742,199.8913118412241,-224.3226324640324,-23.097460857825382,1.157850465955377,0.36674862641482747,0.07457085352555415,3.6483983613416285e-05,9.447162678936687,14.06384615948763,2.9478894460080936,nan,nan
140.16,198.9057159423828,-223.72984313964844,-23.094345092773438,199.90033372552895,-224.3234862042723,-23.099150108901004,1.1583176209082529,0.36679396081163884,0.07459352198729384,3.573665795916036e-05,9.382901909243458,13.662848900854833,nan,0.11514702101854667,nan
140.17000000000002,198.9144287109375,-223.73028564453125,-23.096277236938477,199.90935404874196,-224.32433371533537,-23.101210005176252,1.1587898301391433,0.36683938083695894,0.07461625424555746,3.6452124788931544e-05,9.403486330882833,13.657088351390328,nan,nan,nan
140.18,198.92312622070312,-223.730712890625,-23.098169326782227,199.91837359419466,-224.32517352680645,-23.103434301738137,1.1592793030035284,0.3668848866103944,0.0746390503073437,3.5706820110672935e-05,9.511442810500665,14.102929811634427,nan,0.027620668750206225,nan
140.19,198.9318389892578,-223.73114013671875,-23.100025177001953,199.92739368019463,-224.32600332768826,-23.105421767480347,1.1597501807740789,0.3669304783012237,0.07466191044864764,3.6421833579544484e-05,9.533606539426726,13.762882510012941,nan,nan,nan
140.20000000000002,198.9405517578125,-223.7315673828125,-23.101844787597656,199.92240868112785,-224.31943109134022,-23.107000097390184,1.1444008628471507,0.3668664381012504,0.07465346626149447,3.565676892984902e-05,9.321760565907848,13.183275728125045,2.2735265298666407,0.1461099553073996,nan
140.21,198.94924926757812,-223.73196411132812,-23.103628158569336,199.93140749756458,-224.32022927296975,-23.108912892254477,1.1448662007158295,0.36691184014234973,0.07467631265660915,3.637048588506663e-05,9.343407834711675,13.480839977855016,nan,nan,nan
140.22,198.9579620361328,-223.7323760986328,-23.105375289916992,199.94040314594366,-224.3210256150237,-23.111847722626784,1.145312481281324,0.36695732785741303,0.07469922307514251,3.5629892468646044e-05,9.749022326246656,13.601028461258103,nan,0.7606596422358696,nan
140.23,198.96665954589844,-223.73275756835938,-23.107086181640625,199.94940171503814,-224.3218074704135,-23.11370198963467,1.1457773461850143,0.3670029014151205,0.07472219777075803,3.6343252134682464e-05,9.776555788659106,13.952634625278499,nan,nan,nan
140.24,198.97537231445312,-223.733154296875,-23.1087646484375,199.9584009667225,-224.32258030130924,-23.115307073798757,1.1462160133305956,0.36704856093595567,0.07474523678371386,3.560444248337905e-05,9.77205858704987,13.596440506571428,nan,0.031784653248746644,nan
140.25,198.9840850830078,-223.7335205078125,-23.110408782958984,199.94423075232584,-224.31135162252707,-23.116971109692876,1.1206299869156637,0.36698451660159054,0.07473670002212848,3.629499589465373e-05,9.510599936530786,12.771566644797119,5.831585222196679,nan,nan
140.26,198.99278259277344,-223.73390197753906,-23.11202049255371,199.95319959238876,-224.31207604573012,-23.116786998498732,1.1210302341407286,0.36702998622718175,0.07475972456068326,3.555879434276129e-05,8.959711439859683,12.434917575793571,nan,2.561734912169129,nan
140.27,199.00149536132812,-223.7342529296875,-23.113601684570312,199.9621629405302,-224.31280372927702,-23.118488014604775,1.1214397449960651,0.3670755416198901,0.07478281357174696,3.627067493841346e-05,8.9778206453762,12.154213633235113,nan,nan,nan
140.28,199.0102081298828,-223.734619140625,-23.115148544311523,199.97112514603685,-224.31352595608078,-23.120513025916022,1.1218392891044715,0.36712118290093865,0.07480596711431435,3.5536110077899134e-05,9.12641932483803,12.369498595348688,nan,0.08622475348443923,nan
140.29,199.01890563964844,-223.73495483398438,-23.116666793823242,199.98008824257116,-224.3142390442236,-23.12215632061134,1.1222621473159158,0.36716691023791714,0.07482918541414364,3.6247754224028495e-05,9.146299312470626,12.54295962784838,nan,nan,nan
140.3,199.02761840820312,-223.7353057861328,-23.118152618408203,199.97795405299175,-224.3194828334211,-23.12349330997189,1.115539861825044,0.36710286099873035,0.07482055274584838,3.549324330929044e-05,9.78307852145322,12.617851849786575,10.11842577205016,0.037900180107400275,nan
140.31,199.03631591796875,-223.7356414794922,-23.119611740112305,199.98688313829277,-224.3202073366945,-23.125074961576427,1.1159413642974099,0.36714839818997863,0.07484375581735414,3.6203804404196606e-05,9.802477074198972,12.7587589193377,nan,nan,nan
140.32,199.04502868652344,-223.7359619140625,-23.12103843688965,199.995812840897,-224.32092380405066,-23.126355771691976,1.1163329230098793,0.3671940211941076,0.07486702362966939,3.547318158696671e-05,9.774784177643477,12.624738348301312,nan,0.05098513054687356,nan
140.33,199.05374145507812,-223.7362823486328,-23.122438430786133,200.00474165270876,-224.32163488020396,-23.12787839945903,1.1167222373398935,0.36723973017785133,0.07489035639300311,3.6183583798715895e-05,9.794697197702748,12.558682003247856,nan,nan,nan
140.34,199.06243896484375,-223.73660278320312,-23.123811721801758,200.0136711608316,-224.32233858041542,-23.129183666164476,1.1171203930669291,0.3672855252636963,0.07491375418954233,3.545437924910028e-05,9.788887774964344,12.72172115783943,nan,0.02485674116282285,nan
140.35,199.07115173339844,-223.73690795898438,-23.12515640258789,200.0202812633404,-224.32415561456,-23.130569476093545,1.1161254297576426,0.3672214703755158,0.07490502244638829,3.614233810835374e-05,9.955016661118956,12.642836516977004,0.7885275709695626,nan,nan
140.36,199.07986450195312,-223.73721313476562,-23.12647247314453,200.0291997165891,-224.32485896036914,-23.13328940781645,1.116517548762882,0.367267075061083,0.07492840425287717,3.5415366758120814e-05,10.455505906781575,13.17937216672251,nan,1.1304766331559073,nan
140.37,199.08856201171875,-223.7375030517578,-23.127763748168945,200.038121530796,-224.32555080424862,-23.13471594433914,1.116920665271836,0.3673127656491984,0.07495185120169853,3.612466532512267e-05,10.48059032023483,13.369706263361461,nan,nan,nan
140.38,199.09727478027344,-223.73779296875,-23.129030227661133,200.0470413415581,-224.32623970888488,-23.136846658351562,1.117312482476859,0.36735854226329356,0.074975363387802,3.5398979328724556e-05,10.867813425772892,13.49272879530084,nan,0.36697756576244406,nan
140.39000000000001,199.10598754882812,-223.7380828857422,-23.13027000427246,200.05596316929166,-224.32691994147294,-23.138230772079677,1.1176967976606238,0.3674044050687029,0.0749989410023628,3.610821399454472e-05,10.895723417896829,13.542551588741524,nan,nan,nan
140.4,199.11468505859375,-223.7383575439453,-23.131486892700195,200.04137259960126,-224.31107393851136,-23.138817973221016,1.0894070001633351,0.36734034372413416,0.07499010688191682,3.5362373912201905e-05,10.083279669437712,12.468141896531503,8.597058105589763,0.47754973388025923,nan
140.41,199.12339782714844,-223.73863220214844,-23.13267707824707,200.05026544637556,-224.31170426397446,-23.1401475234891,1.089748126481254,0.3673860158698099,0.07501366772267963,3.607069388335846e-05,10.108499621610397,12.357710470999853,nan,nan,nan
140.42000000000002,199.13211059570312,-223.73890686035156,-23.133846282958984,200.0591570211042,-224.31233089566499,-23.14196274203075,1.0900899394233032,0.3674317739646576,0.07503729400026761,3.534825504337118e-05,10.422410947878095,12.585497112326873,nan,0.17911492366645507,nan
140.43,199.14080810546875,-223.73916625976562,-23.134990692138672,200.06804992949077,-224.31295044924383,-23.143251742133376,1.0904466705244484,0.3674776181729999,0.07506098589553503,3.6056572452682427e-05,10.44919558702587,12.827942026599779,nan,nan,nan
140.44,199.14952087402344,-223.7394256591797,-23.136112213134766,200.0769459303045,-224.31356107696502,-23.143384049999106,1.0907802677830463,0.36752354861976727,0.07508474351885114,3.5335222844829354e-05,10.05070546861433,12.238828557669855,nan,0.8917597251909372,nan
140.45000000000002,199.15823364257812,-223.73968505859375,-23.137210845947266,200.10133539007848,-224.31965309179893,-23.144617450690117,1.107185026755651,0.3674594800351429,0.0750758038150766,3.602136631405127e-05,10.07285324353592,12.619681485030846,2.3559604367789926,nan,nan
140.46,199.16693115234375,-223.73992919921875,-23.138288497924805,200.110261126454,-224.32025853234038,-23.144125189373717,1.107559317555177,0.36750521955890475,0.07509954387095572,3.5301916524609306e-05,9.51254150317165,12.23178674688411,nan,2.0182151984609957,nan
140.47,199.17564392089844,-223.74017333984375,-23.13934326171875,200.11918261461702,-224.32086430856214,-23.14530064924463,1.1079272350481302,0.3675510451176145,0.07512334973104291,3.6009423347941495e-05,9.530710009162009,12.06282307617549,nan,nan,nan
140.48,199.18435668945312,-223.7404022216797,-23.140378952026367,200.12811050473687,-224.3214578154632,-23.14391321451503,1.1082911882447941,0.36759695683725785,0.07514722151392368,3.529094566868029e-05,8.897385821991021,11.360835112616872,nan,4.487678732956102,nan
140.49,199.19305419921875,-223.74063110351562,-23.14139175415039,200.13703213210013,-224.32205371762333,-23.145022901732286,1.108674785135663,0.36764295488059096,0.0751711593881805,3.599852249931724e-05,8.907209442327245,11.645694969406316,nan,nan,nan
140.5,199.20176696777344,-223.74085998535156,-23.14238739013672,200.13329120019733,-224.31765367512267,-23.14593980412792,1.09564637351559,0.3675788782157068,0.0751621108223323,3.525967796176823e-05,8.88842930635925,11.08655410598441,1.5116755884744302,0.026747812800275328,nan
140.51,199.21047973632812,-223.7410888671875,-23.143360137939453,200.14219142226398,-224.31823309960689,-23.147009458507753,1.095990624168382,0.3676246850679697,0.07518603031644393,3.596646959375229e-05,8.897968104824418,11.18983083998673,nan,nan,nan
140.52,199.2191925048828,-223.74130249023438,-23.144315719604492,200.15109391432,-224.31880570398235,-23.147135872281357,1.0963385207413705,0.3676705780029776,0.07521001592383754,3.525062599495692e-05,8.75122993197329,10.966446020923067,nan,0.5949061561120789,nan
140.53,199.22789001464844,-223.74151611328125,-23.14525032043457,200.1599941647223,-224.31937618264726,-23.14815937559364,1.096699078578309,0.36771655718240676,0.07523406780669727,3.5957535102018896e-05,8.758107021556329,11.23444522168651,nan,nan,nan
140.54,199.23660278320312,-223.74172973632812,-23.146167755126953,200.16889841508657,-224.31993863760712,-23.147535070114202,1.0970426374109163,0.36776262273384625,0.0752581860931866,3.524249144943571e-05,8.573015693800688,10.819794286115458,nan,1.8499379790661226,nan
140.55,199.2453155517578,-223.741943359375,-23.147066116333008,200.19838973083293,-224.3245289965686,-23.148603011118546,1.1170312339095827,0.36769853716898343,0.07524902543949867,3.59274206638962e-05,8.347643681215855,11.184079229670875,6.444928695195954,nan,nan
140.56,199.2540283203125,-223.7421417236328,-23.147947311401367,200.2073329081293,-224.3250838649898,-23.149181248965526,1.1174133970578455,0.36774441125767565,0.07527312452184477,3.5213986866400126e-05,8.32238758476211,11.122094124757412,nan,0.10005668130765716,nan
140.57,199.2627410888672,-223.74234008789062,-23.1488094329834,200.21627530791204,-224.32563546996872,-23.150117712126395,1.117793684557854,0.36779037151081484,0.07529729006085266,3.5920308157085476e-05,8.323731980391026,11.182025058826074,nan,nan,nan
140.58,199.2714385986328,-223.74253845214844,-23.149656295776367,200.2252177016097,-224.3261832179476,-23.15106956873355,1.118185041601164,0.3678364180570758,0.07532152218954431,3.52075735233836e-05,8.329056026574634,11.380635876418108,nan,0.0007038425026631149,nan
140.59,199.2801513671875,-223.7427215576172,-23.150484085083008,200.2341603324887,-224.3267269014152,-23.15197382222395,1.1185694286795362,0.36788255105652024,0.07534582106283484,3.59140659132288e-05,8.331510178854284,11.198450590351303,nan,nan,nan
140.6,199.2888641357422,-223.74290466308594,-23.151296615600586,200.25811493290138,-224.32844728164898,-23.154276548634023,1.1323939888343948,0.367818455722526,0.07533654506312233,3.5180759262756445e-05,8.242602605393827,11.532749706963513,4.549452172856915,1.474269862947125,nan
140.61,199.29757690429688,-223.7430877685547,-23.1520938873291,200.26709078483339,-224.3289757947214,-23.15516342393036,1.132798025163108,0.3678643969829123,0.07536082389154149,3.5886563275293346e-05,8.24913829085048,11.528800603394624,nan,nan,nan
140.62,199.30628967285156,-223.74327087402344,-23.152873992919922,200.27606822017242,-224.32949961895847,-23.155438437513755,1.1331995184467403,0.3679104244568276,0.07538516949167635,3.517593360655273e-05,8.169660998426355,11.505967231672658,nan,0.24905430653038885,nan
140.63,199.3149871826172,-223.74349975585938,-23.153745651245117,200.2850446552456,-224.33004541316225,-23.15634271162995,1.1336022463923268,0.36795653830325703,0.07540958201488956,3.5881944618060765e-05,8.164745156024583,11.750231569965134,nan,nan,nan
140.64000000000001,199.32369995117188,-223.74374389648438,-23.154705047607422,200.30217230521671,-224.33090042402875,-23.15708053211504,1.1411251370444304,0.3597784104830386,0.0754245914995761,3.517180860902458e-05,9.270694340660475,12.647068333997982,nan,0.04650875605209608,0.008077062676411463
140.65,199.33241271972656,-223.74400329589844,-23.155752182006836,200.31772122903638,-224.33128445084577,-23.158111070236654,1.147056048250603,0.35970729566458415,0.07541502355658765,3.585597293327264e-05,9.041147611077212,12.820125863518046,2.536145265578661,nan,nan
140.66,199.34112548828125,-223.74424743652344,-23.15688705444336,200.3267142612483,-224.33187091986778,-23.159667407077443,1.1474730140344058,0.3597476807401068,0.07543982776408913,3.514726054223066e-05,9.100564493570673,12.822173303957378,nan,0.10454412526729707,nan
140.67000000000002,199.34983825683594,-223.7445068359375,-23.15810775756836,200.33571550410784,-224.33245690120057,-23.160928773626164,1.147888140919171,0.35978815083757454,0.07546469276514628,3.5852846590347936e-05,9.095913442333618,12.903547037288476,nan,nan,nan
140.68,199.35855102539062,-223.7447509765625,-23.159414291381836,200.3447151937301,-224.33304024610575,-23.162346403818486,1.148308594786168,0.359828704806349,0.07548961870355232,3.51446005905446e-05,9.112925539899287,12.871839356536222,nan,0.003390055589987715,nan
140.69,199.3672637939453,-223.7449951171875,-23.160804748535156,200.35371626666262,-224.3336198032867,-23.16378072763746,1.1487281482000322,0.3598693440663974,0.07551460572433735,3.5850431707514115e-05,9.109346097723504,12.902262210117051,nan,nan,nan
140.70000000000002,199.37596130371094,-223.7452392578125,-23.162277221679688,200.35355637628084,-224.32603370311816,-23.164966398790387,1.1371110523094836,0.3597983791809521,0.07550492192574243,3.5121424422735934e-05,8.690794011302344,12.844751291259827,2.7460531572875286,0.08711646383781627,nan
140.71,199.38467407226562,-223.74546813964844,-23.163833618164062,200.36255504883482,-224.3265839755418,-23.16656600659735,1.1375211140935038,0.3598388528223496,0.07552988252579873,3.582663723854308e-05,8.687051293679035,12.47283165407023,nan,nan,nan
140.72,199.3933868408203,-223.74569702148438,-23.165470123291016,200.37155877391484,-224.32712965092284,-23.167998300134688,1.13793261002037,0.3598794103139543,0.07555490429943203,3.512004901991554e-05,8.65403344516056,12.509618909903848,nan,0.04384337461804346,nan
140.73,199.402099609375,-223.7459259033203,-23.16718864440918,200.3805572081641,-224.32767075134393,-23.16975997955453,1.1383378024973938,0.3599200529969854,0.07557998739122623,3.582553339334032e-05,8.649579871561622,12.494109384140227,nan,nan,nan
140.74,199.4108123779297,-223.74615478515625,-23.16898536682129,200.38954540938934,-224.3282073508747,-23.172113857201822,1.1387332100108818,0.3599607798386073,0.07560513194563695,3.511928691732761e-05,8.736314603828433,12.666276651594162,nan,0.18332628450584731,nan
140.75,199.41952514648438,-223.74636840820312,-23.170860290527344,200.38113542425359,-224.3134727495815,-23.17406446121153,1.116383413989728,0.3598899650843293,0.07559532967855409,3.5803015075273884e-05,8.072118695119899,11.974263039252932,9.116479648708534,nan,nan
140.76,199.42823791503906,-223.74658203125,-23.172813415527344,200.39014960360402,-224.31396257729583,-23.175012835920327,1.1167809176732935,0.35993052618439564,0.07562044717901108,3.50979255586176e-05,7.915093398580918,11.848711574148707,nan,0.787179285241699,nan
140.77,199.4369354248047,-223.74679565429688,-23.174842834472656,200.39914270182118,-224.31444794265173,-23.177087821958366,1.117173667961609,0.3599711723757857,0.07564562622998448,3.580310318398038e-05,7.909160484751272,12.20185705804077,nan,nan,nan
140.78,199.44564819335938,-223.7469940185547,-23.17694854736328,200.4081323689138,-224.3149291424907,-23.179417316630822,1.11755634668442,0.3600119027029496,0.0756708669759254,3.5098285877976295e-05,7.934436681741485,11.860660461926658,nan,0.022031986146797255,nan
140.79,199.45436096191406,-223.7471923828125,-23.179086685180664,200.41712552269325,-224.31540659894034,-23.181626385070352,1.1179398217156673,0.3600527183914296,0.07569616956142168,3.5803760509703995e-05,7.933026400055644,11.881740772145758,nan,nan,nan
140.8,199.46307373046875,-223.7473907470703,-23.18121910095215,200.41531687164206,-224.30616875007604,-23.182007509438026,1.104083546722179,0.3599820515230426,0.07568624620239478,3.507801369343151e-05,7.357451670432102,11.406376656963753,3.724847042601086,2.472318559809542,nan
140.81,199.47178649902344,-223.74758911132812,-23.18332862854004,200.4243067757077,-224.3066140836844,-23.184199340276333,1.1044476245397528,0.360022701299395,0.0757115210851986,3.5782918579796636e-05,7.351775701157434,11.418170872158264,nan,nan,nan
140.82,199.48048400878906,-223.74777221679688,-23.18540382385254,200.4332907753948,-224.30705535985368,-23.186665350782405,1.1048257600397275,0.360063435187015,0.07573685789157612,3.5079389296225716e-05,7.3672250707747375,11.668155089465643,nan,0.06383103226132644,nan
140.83,199.48919677734375,-223.74795532226562,-23.187442779541016,200.44228023404642,-224.30749276111268,-23.188799294936434,1.1051932233984505,0.3601042543362825,0.07576225676646438,3.578461022799618e-05,7.364681702523924,11.402126264866833,nan,nan,nan
140.84,199.49790954589844,-223.74813842773438,-23.189443588256836,200.45124658616496,-224.30792564441126,-23.192154466320034,1.1055408582041861,0.36014515790412305,0.07578771785380917,3.508125023457764e-05,7.513859305298041,11.588238618803448,nan,1.1117421903291858,nan
140.85,199.50662231445312,-223.74832153320312,-23.19140625,200.4763748026505,-224.30313124850505,-23.194373918778282,1.117247741378956,0.3600746387932739,0.07577767077124363,3.576476977165405e-05,6.789069686909045,12.181121202832108,28.423706539324776,nan,nan
140.86,199.5153350830078,-223.7484893798828,-23.193330764770508,200.48542592064337,-224.3035285097223,-23.19662830046503,1.1176562721423249,0.3601153763074126,0.0758031034917142,3.506239863507547e-05,6.843716040024946,12.067428445437976,nan,0.03309672081856014,nan
140.87,199.52403259277344,-223.74867248535156,-23.195215225219727,200.4944808786461,-224.30392243697577,-23.198630642749542,1.1180715761563638,0.3601561989837926,0.07582859850615158,3.576739191258947e-05,6.848953828706943,12.717287869272115,nan,nan,nan
140.88,199.53274536132812,-223.74884033203125,-23.197063446044922,200.503526119523,-224.30431259194526,-23.20113954705647,1.1184727652539674,0.3601971060517813,0.07585415595790333,3.5065134433028705e-05,6.987015939864895,12.301255683079225,nan,0.20762840407410332,nan
140.89000000000001,199.5414581298828,-223.74899291992188,-23.198875427246094,200.51258085668562,-224.30469991976756,-23.203074519200527,1.1188866129164494,0.36023809855330824,0.07587977599278092,3.5770459396212347e-05,6.997306896964929,12.142388919331848,nan,nan,nan
140.9,199.5501708984375,-223.74916076660156,-23.200651168823242,200.4878558816899,-224.2867542695877,-23.207317831350977,1.0808812824076663,0.36016772501168187,0.07586960254672369,3.504712764040763e-05,7.389195790650313,12.157346566906831,10.437621001611342,3.845367969107684,nan
140.91,199.55886840820312,-223.7493133544922,-23.202390670776367,200.49686332219818,-224.28709934393768,-23.20920599932761,1.0812468163318325,0.3602085512729391,0.07589519353582912,3.5751914726723366e-05,7.410246888733103,12.34042787253966,nan,nan,nan
140.92000000000002,199.5675811767578,-223.7494659423828,-23.2040958404541,200.50589630100959,-224.28744248716512,-23.209572854175644,1.081611775460511,0.360249461896749,0.07592084718344216,3.505064600419321e-05,6.957048354837171,11.587317338387631,nan,1.5573776820493563,nan
140.93,199.5762939453125,-223.74961853027344,-23.205766677856445,200.51490396325138,-224.28778119282507,-23.211378757445885,1.0819608646236742,0.36029045785576264,0.07594656363614559,3.5755778085176604e-05,6.97204236801269,11.642696778676774,nan,nan,nan
140.94,199.58499145507812,-223.74977111816406,-23.20740509033203,200.52389742798803,-224.28811588579535,-23.214000576822887,1.0823137323548728,0.3603315384830499,0.07597234303616145,3.505453971506325e-05,7.321602597308133,12.313896470838525,nan,0.5068085800395049,nan
140.95000000000002,199.5937042236328,-223.7499237060547,-23.20901107788086,200.4957024342637,-224.2742189004777,-23.215718729579322,1.043326993548864,0.36026131007566786,0.07596204058357067,3.573800059195081e-05,7.298231820160273,11.101652051077409,15.189143527900999,nan,nan
140.96,199.6024169921875,-223.75006103515625,-23.210582733154297,200.50465148137692,-224.27452926494627,-23.216731541758985,1.0436147782535632,0.36030222430240677,0.07598779024372865,3.503761683208254e-05,7.1086373633547435,10.78045684846319,nan,0.3502674264870389,nan
140.97,199.6111297607422,-223.7501983642578,-23.212125778198242,200.51358891866695,-224.27483601308498,-23.21841159696301,1.0438949687620496,0.36034322376661776,0.07601360292739648,3.574257146947933e-05,7.125159392214033,10.73700289873473,nan,nan,nan
140.98,199.6198272705078,-223.75033569335938,-23.21363639831543,200.5225279889623,-224.27513994220533,-23.219967175334734,1.0441878018070785,0.36038430786711084,0.07603947877591903,3.504217478535089e-05,7.153072008012,11.111951488124241,nan,0.006271964050329928,nan
140.99,199.6285400390625,-223.75047302246094,-23.215118408203125,200.53146552163778,-224.2754410675255,-23.221586760713976,1.0444652770709586,0.36042547747809905,0.07606541793716269,3.574748262547039e-05,7.169601907709835,10.84306630059824,nan,nan,nan
141.0,199.6372528076172,-223.75059509277344,-23.216569900512695,200.54930279964353,-224.2759809886492,-23.219843111959136,1.0525570015222891,0.36035539206716055,0.07605498382625153,3.5025890836268716e-05,6.123778522735877,10.003707992294803,3.265149106143988,7.444317790789886,nan
141.01,199.64596557617188,-223.750732421875,-23.21799087524414,200.55826605996307,-224.2762713374524,-23.221371634432703,1.052850774822639,0.3603963950759418,0.07608089253947975,3.573068007957471e-05,6.127238597610409,10.330260584713155,nan,nan,nan
141.02,199.6546630859375,-223.7508544921875,-23.219385147094727,200.56722052465153,-224.2765581993764,-23.223452845564132,1.0531581139009067,0.36043748268668374,0.07610686463150265,3.50310353925093e-05,6.2695968284826575,10.49585286587724,nan,0.23755194053088818,nan
141.03,199.6633758544922,-223.7509765625,-23.220752716064453,200.57618381637076,-224.27684314285426,-23.22493217067161,1.0534569300371077,0.36047865571165083,0.07613290025111762,3.573618688455161e-05,6.276182723890496,10.220680149205684,nan,nan,nan
141.04,199.67208862304688,-223.7510986328125,-23.222091674804688,200.5851477330785,-224.27712571633532,-23.22633219736548,1.053754911278154,0.36051991364241126,0.07615899953830871,3.5036463191593446e-05,6.290623413674069,10.307585458032307,nan,0.001969239059411083,nan
141.05,199.6807861328125,-223.751220703125,-23.223403930664062,200.60338978709996,-224.27984456684158,-23.22785874868383,1.0633252266351996,0.3604499705108561,0.0761484311209797,3.571995664733325e-05,6.278778202787626,10.949917006320858,1.8444042106771188,nan,nan
141.06,199.6894989013672,-223.7513427734375,-23.224689483642578,200.61237411237025,-224.28012394234807,-23.229215576646812,1.0636393492139398,0.3604910616606093,0.07617449923722112,3.502098284214661e-05,6.297968942894892,10.726429525843288,nan,0.0014888599619193375,nan
141.07,199.69821166992188,-223.75144958496094,-23.225950241088867,200.62135798838884,-224.2804006393224,-23.23059289407218,1.063959537499402,0.3605322381291092,0.07620063109235668,3.572598563777853e-05,6.306922026488188,10.503398032044908,nan,nan,nan
141.08,199.70692443847656,-223.75155639648438,-23.22718620300293,200.63036171133206,-224.280676703773,-23.230574276775197,1.064291395966295,0.36057349946589334,0.07622682682543054,3.5026900245200604e-05,6.021780836165758,10.249319949847079,nan,1.3262112868715505,nan
141.09,199.71563720703125,-223.75167846679688,-23.228395462036133,200.63934594751262,-224.2809484502835,-23.231889815544694,1.064601692262439,0.3606148463964053,0.07625308658661598,3.5732268066082355e-05,6.025253806518195,10.601095561520253,nan,nan,nan
141.1,199.72433471679688,-223.7517852783203,-23.229583740234375,200.6641687068605,-224.2961934960574,-23.23386042571068,1.0861337516426102,0.36054504344682303,0.07624238120446104,3.5011889718209515e-05,6.752769192374096,11.1201589397879,8.536917659270271,0.4499963667388446,nan
141.11,199.73304748535156,-223.75189208984375,-23.230745315551758,200.67315754029397,-224.29649783653625,-23.235135228632352,1.0864720917129744,0.3605862233803027,0.07626860905823239,3.571674906621029e-05,6.760594678852934,10.950195895746017,nan,nan,nan
141.12,199.74176025390625,-223.75198364257812,-23.23188591003418,200.68216772706288,-224.29680247215265,-23.234831084484927,1.0868313791386082,0.3606274881421264,0.07629490099675083,3.501823289269907e-05,6.460215818956253,10.409257800035146,nan,1.7088744555657915,nan
141.13,199.75047302246094,-223.75209045410156,-23.233001708984375,200.69115683300348,-224.29710272998102,-23.236045852945438,1.0871677327296791,0.3606688384038438,0.07632125717110481,3.572346326504299e-05,6.462365273245525,10.696362958253058,nan,nan,nan
141.14000000000001,199.75917053222656,-223.752197265625,-23.23409652709961,200.7001616536669,-224.29740307185978,-23.236062673123417,1.087528173203727,0.3607102737957146,0.07634767771899972,3.502478415257215e-05,6.30336466486401,10.82059415559599,nan,0.9757992602525257,nan
141.15,199.76788330078125,-223.75228881835938,-23.235170364379883,200.71286375989544,-224.29033913846692,-23.23729177328934,1.0874238894981385,0.3606406100561656,0.07633683272460572,3.570835856178649e-05,5.816591019898775,10.497859405508423,9.935580592865685,nan,nan
141.16,199.77659606933594,-223.75238037109375,-23.236221313476562,200.72185662692183,-224.29060442342205,-23.24052868063613,1.0877597187082024,0.36068187825404546,0.0763632206143638,3.501034971539761e-05,6.211267384174793,10.982330260001781,nan,3.099440556472495,nan
141.17000000000002,199.78530883789062,-223.75247192382812,-23.23725128173828,200.73087686145018,-224.2908712004821,-23.24167067241331,1.088114056197134,0.36072323185884064,0.07638967294410623,3.5715444815939215e-05,6.218872878196374,11.012385231208507,nan,nan,nan
141.18,199.7940216064453,-223.7525634765625,-23.238262176513672,200.73989811317898,-224.29113638008567,-23.242729418746762,1.0884682331851674,0.3607646705505923,0.07641618985067562,3.501724947097739e-05,6.2325498563459245,10.989499981100447,nan,0.002821950322175811,nan
141.19,199.80271911621094,-223.75265502929688,-23.2392520904541,200.74891858420182,-224.29139969731568,-23.24383121981145,1.0888343395441709,0.3608061949262758,0.07644277148642377,3.572271457702634e-05,6.239899922149204,11.365534130512629,nan,nan,nan
141.20000000000002,199.81143188476562,-223.75274658203125,-23.240222930908203,200.73766066517481,-224.2856205304851,-23.24782716577319,1.0686029304596554,0.36073666832770696,0.07643178422028805,3.500314947921896e-05,7.367425960470033,11.555632018948309,5.604167379732172,5.968171315083006,nan
141.21,199.8201446533203,-223.75283813476562,-23.241172790527344,200.74663896867696,-224.2858750072407,-23.248920724634374,1.0689153634825876,0.3607780252795842,0.07645833243412431,3.570810987311305e-05,7.38697125388531,11.641826965373316,nan,nan,nan
141.22,199.828857421875,-223.75291442871094,-23.242103576660156,200.75562849516828,-224.28612920876205,-23.249061204700038,1.069238529303016,0.3608194672727963,0.07648494542455934,3.501034641811627e-05,7.07967668473599,11.12417702817418,nan,0.6168718895264955,nan
141.23,199.8375701904297,-223.75299072265625,-23.243017196655273,200.76460684096256,-224.2863798885694,-23.25010955022622,1.0695565694360922,0.36086099485862455,0.07651162334473578,3.571568074839222e-05,7.096443607838645,11.111543865613973,nan,nan,nan
141.24,199.84628295898438,-223.75308227539062,-23.243911743164062,200.77358099836184,-224.28662813838585,-23.25151691715278,1.0698647953942606,0.3609026077855725,0.07653836633033867,3.501769172223324e-05,7.329906500284566,11.62252387432295,nan,0.09998310768504176,nan
141.25,199.85499572753906,-223.75315856933594,-23.244789123535156,200.80047487423514,-224.2863567666867,-23.25254103502551,1.0854912374713117,0.3608332171293717,0.07652723415099127,3.5701365543956164e-05,6.997674103971676,11.986254653344776,12.512227543178525,nan,nan
141.26,199.8636932373047,-223.75323486328125,-23.245649337768555,200.80950456109846,-224.28658867560333,-23.253700070160352,1.0858591822271768,0.3608746624179019,0.07655394293723665,3.5003987973769286e-05,7.15669665759782,12.481914049139307,nan,0.017607543020716022,nan
141.27,199.87240600585938,-223.75331115722656,-23.246492385864258,200.81853608015064,-224.28681950111218,-23.254686367674722,1.0862137965482987,0.36091619320855717,0.07658071685021842,3.5709190069685075e-05,7.176121556550596,12.163865068393928,nan,nan,nan
141.28,199.88111877441406,-223.75338745117188,-23.247318267822266,200.82759151063212,-224.28705295564194,-23.25348779168263,1.0865760783718945,0.360957809291525,0.07660755602491758,3.501157078673345e-05,6.3738444424079255,11.380449981255792,nan,3.319204145246642,nan
141.29,199.88983154296875,-223.7534637451172,-23.248126983642578,200.83662304649155,-224.28728097196685,-23.254420931280542,1.0869289749571058,0.36099951115562817,0.07663446061550805,3.5717143302947624e-05,6.386539555285392,11.434114501982451,nan,nan,nan
141.3,199.89854431152344,-223.7535400390625,-23.248920440673828,200.84863656319294,-224.28946579192328,-23.25505552164696,1.0908388233283426,0.3609302543885778,0.07662318086800883,3.499809601969838e-05,6.3992184050240395,11.486113173467315,0.10579397328067819,0.061196921175499096,nan
141.31,199.90725708007812,-223.75350952148438,-23.24980354309082,200.85767165685365,-224.28964585499733,-23.256008719688193,1.0912234143733945,0.3609717883711194,0.07665005046918714,3.570316342623837e-05,6.3958598332553755,11.38370352877169,nan,nan,nan
141.32,199.9159698486328,-223.75343322753906,-23.250774383544922,200.8667248353749,-224.2897541655886,-23.25532902304784,1.0916024634207575,0.3610134075948282,0.07667698552489213,3.5005876009255886e-05,5.902199533660808,10.99607983589988,nan,2.095800317214273,nan
141.33,199.9246826171875,-223.75332641601562,-23.251834869384766,200.8757600741845,-224.28982185418374,-23.256444495988845,1.091969291253437,0.3610551125107399,0.07670398618990584,3.571131646196454e-05,5.896471059170098,10.846299013078413,nan,nan,nan
141.34,199.9333953857422,-223.75320434570312,-23.252981185913086,200.88479377281848,-224.28987164100656,-23.25781033849354,1.0923341967979958,0.3610969029656764,0.07673105259831847,3.5013758234081795e-05,5.959282549823882,10.89538692688218,nan,0.0184794371765097,nan
141.35,199.94210815429688,-223.7530975341797,-23.254215240478516,200.8585975857997,-224.28196342280333,-23.258935945127412,1.0581466303204172,0.3610277786904083,0.07671962265204543,3.569753026959698e-05,6.140212742869187,10.10033470233336,21.986464892706653,nan,nan
141.36,199.9508056640625,-223.7529754638672,-23.25553321838379,200.8675499537335,-224.28200082565235,-23.260786926204865,1.0584495866606736,0.3610694010321299,0.07674665326794897,3.500054150821634e-05,6.295440686612486,10.335522023464351,nan,0.15930745356484127,nan
141.37,199.9595184326172,-223.7528533935547,-23.256935119628906,200.8765069133694,-224.28203924351794,-23.262252971515647,1.0587416196515056,0.3611111089778473,0.0767737496830292,3.5705846220433743e-05,6.290080824070921,10.044522735322394,nan,nan,nan
141.38,199.96823120117188,-223.75274658203125,-23.258419036865234,200.88545314120861,-224.28207650469426,-23.264943995355857,1.0590225820984613,0.3611529024084295,0.07680091203086967,3.500857644775232e-05,6.704697630668006,10.721424274998746,nan,0.9181335228449198,nan
141.39000000000001,199.97694396972656,-223.75262451171875,-23.259986877441406,200.8944103828967,-224.2821176215568,-23.266589293929236,1.0593163666085421,0.3611947817238839,0.07682814046699504,3.571424918913542e-05,6.700564113735977,10.396775459191545,nan,nan,nan
141.4,199.98565673828125,-223.7525177001953,-23.261634826660156,200.89814650222488,-224.2795787439073,-23.26827476088812,1.0537907770649841,0.3611257878910776,0.0768165576772169,3.499550895202565e-05,6.700343330280126,10.522403119613172,1.3951760907163502,0.0101533857299689,nan
141.41,199.99436950683594,-223.75241088867188,-23.263362884521484,200.90709580030014,-224.2796192591029,-23.270082401075477,1.0540697816255622,0.36116749883722554,0.07684374950555718,3.570067371184572e-05,6.696086100859647,10.494742208156218,nan,nan,nan
141.42000000000002,200.00308227539062,-223.75230407714844,-23.26517105102539,200.91604981312597,-224.27966309454476,-23.27141939812038,1.0543511274851296,0.36120929521188117,0.07687100745256577,3.5003665612247926e-05,6.537712582084541,10.273293882138734,nan,0.2147050541582601,nan
141.43,200.0117950439453,-223.752197265625,-23.267057418823242,200.92499883664982,-224.2797078293148,-23.273382253145584,1.0546319572928842,0.3612511773845725,0.07689833167417073,3.570920029663264e-05,6.533739242130577,10.258972670980505,nan,nan,nan
141.44,200.0205078125,-223.75209045410156,-23.26902198791504,200.93394908406327,-224.27975471236508,-23.27528530655889,1.0549140984953917,0.3612931452818666,0.07692572230336399,3.501188997488619e-05,6.525192001290325,10.205538151787335,nan,0.013608413021804551,nan
141.45000000000002,200.0292205810547,-223.75198364257812,-23.27106285095215,200.936168908247,-224.28539442163066,-23.277451608776513,1.052199193894814,0.3612242803220737,0.07691398405494815,3.569574722907443e-05,6.978618995899717,10.124696782872974,7.9325287173605075,nan,nan
141.46,200.03793334960938,-223.75189208984375,-23.273178100585938,200.9450996352661,-224.2854699430725,-23.277978114371635,1.0524633178504532,0.36126607960204926,0.07694133724868532,3.499897762043552e-05,6.484397350417344,9.867967175482761,nan,1.970526977950035,nan
141.47,200.04664611816406,-223.7517852783203,-23.275325775146484,200.95401618715792,-224.2855439765211,-23.280212814441352,1.052731054526265,0.36130796459380626,0.0769687568998073,3.570436940408029e-05,6.48689600314068,9.582129847606614,nan,nan,nan
141.48,200.0553436279297,-223.75169372558594,-23.277467727661133,200.96292762013204,-224.2856185972704,-23.28306786939751,1.0530032445784239,0.3613499352510292,0.07699624314100488,3.500729200071974e-05,6.704713023618506,10.230478705004176,nan,0.25989246350310846,nan
141.49,200.06405639648438,-223.75160217285156,-23.279584884643555,200.97184372009755,-224.28569616552952,-23.285308002788053,1.0532649106510428,0.3613919919025925,0.07702379612864806,3.5713047927220666e-05,6.717297861093809,9.96675404481138,nan,nan,nan
141.5,200.07276916503906,-223.7515106201172,-23.281667709350586,200.96430736746157,-224.27159597110148,-23.28555704391583,1.032155155783553,0.3613232537597843,0.07701189979260345,3.499447058522989e-05,5.787137388708561,9.12418234419406,5.67583639760841,2.5536570480801006,nan
141.51,200.08148193359375,-223.7514190673828,-23.283716201782227,200.97321176214768,-224.27164384545785,-23.28771545960914,1.0323913506607911,0.36136514152531857,0.07703941450537177,3.5699714421369263e-05,5.7940900021543715,9.015299822149174,nan,nan,nan
141.52,200.09019470214844,-223.75132751464844,-23.285724639892578,200.9821060520776,-224.27169109075322,-23.291170442604287,1.0326246967006896,0.3614071148951581,0.07706699598727607,3.500285169995491e-05,6.184681141409324,9.418894812416989,nan,1.2547942969022157,nan
141.53,200.09890747070312,-223.75123596191406,-23.287694931030273,200.99101018875066,-224.27174304524397,-23.293267959817257,1.0328629831658556,0.36144917417421607,0.07709464439488815,3.570846125868293e-05,6.198673051801115,9.367786582151396,nan,nan,nan
141.54,200.10760498046875,-223.75115966796875,-23.28962516784668,200.9999027019839,-224.27179364464047,-23.2968852940398,1.0331058372298907,0.3614913193521166,0.07712235986060197,3.5011275590314445e-05,6.824930417356192,10.4922902443814,nan,1.7118263668384786,nan
141.55,200.11631774902344,-223.75106811523438,-23.291519165039062,200.9769857374591,-224.25969846842304,-23.29895002732554,0.9997546900200269,0.3614227063095606,0.07711030284172557,3.5695199071560414e-05,6.821304056733881,9.450460032185196,10.483506973725428,nan,nan
141.56,200.12503051757812,-223.75099182128906,-23.29337501525879,200.9858389719139,-224.2597407290029,-23.299817882615066,0.9999290758327517,0.3614646823377884,0.07713797918140174,3.499853548028185e-05,6.451310016559171,9.304326677895245,nan,0.9083155819413914,nan
141.57,200.1337432861328,-223.75091552734375,-23.29519271850586,200.99468414707127,-224.25978231681395,-23.30177229741938,1.0001039277584314,0.3615067441905275,0.07716572262255719,3.5703993406986155e-05,6.468716401424271,9.320338553761186,nan,nan,nan
141.58,200.1424560546875,-223.75083923339844,-23.296974182128906,201.0035315698648,-224.25982621246445,-23.303367747871942,1.000279793547542,0.3615488918784382,0.07719353329747827,3.50070047923373e-05,6.415010765426111,9.227146296339464,nan,0.07380448720647856,nan
141.59,200.15115356445312,-223.75076293945312,-23.298721313476562,201.01237684736302,-224.25987093797553,-23.305248388040997,1.0004694397571332,0.36159112567488766,0.07722141136289559,3.571282241457104e-05,6.4311461640952,9.377681534740285,nan,nan,nan
141.6,200.1598663330078,-223.7506866455078,-23.300434112548828,201.00263259940934,-224.25312240614124,-23.307927950369145,0.9811996896416857,0.3615226356610382,0.07720919105327699,3.4994314726494524e-05,6.83518398039942,9.281209091878686,4.374160881120222,0.650963627408372,nan
141.61,200.1685791015625,-223.7506103515625,-23.30211067199707,201.0114430904348,-224.25316083905784,-23.30974780095973,0.981343478073969,0.3615647000267869,0.07723702913018794,3.569961577999602e-05,6.855522473471703,9.318711465806922,nan,nan,nan
141.62,200.1772918701172,-223.7505340576172,-23.303756713867188,201.0202542487072,-224.25320095781527,-23.311422990111357,0.9814878277718657,0.36160685016220045,0.0772649346131271,3.500281235836145e-05,6.892198713829943,9.233687886764216,nan,0.008798005834361182,nan
141.63,200.1859893798828,-223.75047302246094,-23.30536651611328,201.02906463671812,-224.25324227268743,-23.313176521357786,0.981638326392743,0.3616490863223163,0.07729290765884461,3.5708474655442654e-05,6.911748140927862,9.762536932216772,nan,nan,nan
141.64000000000001,200.1947021484375,-223.75039672851562,-23.306947708129883,201.03787151391288,-224.25328384078088,-23.3154775118918,0.981785508199654,0.36169140854529935,0.07732094839959659,3.5011335563196656e-05,7.273298776402216,9.554879977475625,nan,0.2363199347884543,nan
141.65,200.2034149169922,-223.75033569335938,-23.308494567871094,201.03198901722348,-224.24074959195957,-23.317173340054975,0.9628687099500947,0.36162303971868126,0.07730856222823967,3.569530436787457e-05,6.9367315587348655,9.6920769959034,4.115679713887718,nan,nan
141.66,200.21212768554688,-223.75025939941406,-23.31001091003418,201.03341770776495,-224.24469044505793,-23.318900968342057,0.9586753322309778,0.3602029094067853,0.07692198836101095,3.499847304898621e-05,8.494397082071245,10.92864227392208,nan,0.0028252485783333806,0.0371470759880752
141.67000000000002,200.22084045410156,-223.7501983642578,-23.311498641967773,201.04221147280245,-224.24471955408129,-23.320539225853423,0.958792620801365,0.36024297542007294,0.07694766974816541,3.570397037963753e-05,8.511824592544498,11.153378369287283,nan,nan,nan
141.68,200.2295379638672,-223.75013732910156,-23.312955856323242,201.05100525367268,-224.24474997589837,-23.32214859080574,0.9589237117513573,0.3602831258593232,0.0769734121576468,3.6423783201769396e-05,8.528912112695727,11.335793083075782,nan,nan,nan
141.69,200.23825073242188,-223.7500762939453,-23.31438446044922,201.05979913049342,-224.24478175460987,-23.323729568074185,0.9590425403608411,0.3603233608690362,0.0769992157339553,3.715805601558182e-05,8.545782843902305,11.129313025015488,nan,nan,nan
141.70000000000002,200.24696350097656,-223.75001525878906,-23.31578254699707,201.08938139669988,-224.25279755351156,-23.32444745520252,0.9810876757739461,0.36024915624711795,0.07698860528031384,3.635203982018225e-05,8.25698431246868,11.038298081472862,5.312060262706761,0.3544356772634543,nan
141.71,200.25567626953125,-223.7499542236328,-23.317155838012695,201.09821477562778,-224.25284275912946,-23.325963707107014,0.981246957675449,0.3602892265332732,0.07701437802431553,3.708403161403093e-05,8.270556612464308,10.946615730480731,nan,nan,nan
141.72,200.26437377929688,-223.74989318847656,-23.318498611450195,201.10705932887944,-224.2528857734852,-23.326891374671813,0.9814229029951521,0.3603293805814356,0.0770402119727676,3.63045679721765e-05,8.105484650319656,11.031199463496126,nan,0.20687862472475985,nan
141.73,200.27308654785156,-223.7498321533203,-23.31981658935547,201.11589262721503,-224.25293319348776,-23.328349343771286,0.9815831864531478,0.3603696197442456,0.07706610737520049,3.703528265733229e-05,8.118378874521023,10.771433385996819,nan,nan,nan
141.74,200.28179931640625,-223.74977111816406,-23.321107864379883,201.12470660443938,-224.2529875548019,-23.330780516116473,0.9817398018382845,0.36040994298844864,0.07709206427301328,3.625848107660992e-05,8.720144505695597,11.361431904595241,nan,0.6551349936164149,nan
141.75,200.29051208496094,-223.74972534179688,-23.32237434387207,201.1393237619812,-224.25878874449285,-23.332123237579648,0.9898089977055441,0.36033593109659623,0.07708132955652511,3.6964452299755e-05,8.950465266312705,11.631072011050826,1.719692791762007,nan,nan
141.76,200.29922485351562,-223.74966430664062,-23.3236141204834,201.1481359321179,-224.25886034564232,-23.33458458141026,0.9899752403578751,0.360376089539082,0.07710725498772154,3.6191243706957934e-05,9.692577885309204,12.11202067067229,nan,0.7551346666728033,nan
141.77,200.30792236328125,-223.74961853027344,-23.3248291015625,201.1569685398231,-224.2589269061911,-23.33596239839157,0.9901506865010659,0.360416332977102,0.07713324209966774,3.691869324880132e-05,9.711013280855848,12.57516608433534,nan,nan,nan
141.78,200.31663513183594,-223.7495574951172,-23.326021194458008,201.16577545699306,-224.2590024628818,-23.33871288374903,0.9903204259055182,0.3604566604928378,0.07715929094266685,3.614803584233677e-05,10.797762297148013,13.129957592052206,nan,1.288678096759746,nan
141.79,200.32534790039062,-223.74951171875,-23.32718849182129,201.1746082889903,-224.25907151373303,-23.340058035057435,0.9904847386258548,0.3604970732649196,0.07718540175358919,3.6874413823492576e-05,10.820371005590276,13.408943218107558,nan,nan,nan
141.8,200.3340606689453,-223.7494659423828,-23.328332901000977,201.1627039518101,-224.24353180334742,-23.342712427889214,0.9648614076649383,0.3604232516899629,0.07717454012002588,3.608388503437911e-05,11.540705928525485,14.362389713809257,7.4815499437522215,1.0953398743438163,nan
141.81,200.3427734375,-223.74940490722656,-23.32945442199707,201.1715232787849,-224.24356693375398,-23.3440264661837,0.9650050530246937,0.3604634995156884,0.07720061880989924,3.680834717170784e-05,11.56710547135194,14.055028002394423,nan,nan,nan
141.82,200.3514862060547,-223.74935913085938,-23.33055305480957,201.18033935248172,-224.24360424305092,-23.345505239678566,0.965142133107654,0.36050383141050246,0.0772267594626553,3.6043576101476034e-05,11.987771025117755,14.745477174010636,nan,0.023071614276171437,nan
141.83,200.3601837158203,-223.7493133544922,-23.331628799438477,201.18915871897275,-224.24364161899305,-23.346778623294572,0.965292445893414,0.3605442484480339,0.07725296230684091,3.676710128077148e-05,12.01413149227287,14.959000940441001,nan,nan,nan
141.84,200.368896484375,-223.749267578125,-23.332685470581055,201.19802534881336,-224.2436657053282,-23.34527691527067,0.9654235995179759,0.3605847498687613,0.07727922740462556,3.60046952096739e-05,10.162198724369429,12.828491127826947,nan,5.05701459651716,nan
141.85,200.3776092529297,-223.7492218017578,-23.33371925354004,201.1979337870333,-224.23671901529704,-23.346369106876708,0.9543300756291023,0.36051111823007304,0.0772682363806251,3.670424681902385e-05,9.88648174367721,12.678500447929245,2.0616713544012617,nan,nan
141.86,200.38632202148438,-223.74917602539062,-23.334733963012695,201.20673136318942,-224.23674837034105,-23.348591204429475,0.9544581199073329,0.36055145460216775,0.07729446869296622,3.594509359438381e-05,10.856003937178288,13.593051556260015,nan,0.7218570453338065,nan
141.87,200.39503479003906,-223.74913024902344,-23.33572769165039,201.2155463401419,-224.23677326721267,-23.349765344085583,0.9545847121794778,0.3605918760065137,0.07732076341689784,3.6666020411356e-05,10.8753907737753,13.604312348055018,nan,nan,nan
141.88,200.40374755859375,-223.74908447265625,-23.336700439453125,201.2243771073085,-224.23679420431964,-23.349949030795088,0.9547089419061136,0.3606323817786831,0.07734712062232668,3.590910616872821e-05,10.376352342410852,13.095318857483868,nan,0.6326237015952131,nan
141.89000000000001,200.41244506835938,-223.74905395507812,-23.337656021118164,201.23319219293845,-224.23682088412437,-23.351076227074618,0.9548416211623433,0.3606729728489805,0.07737354052673649,3.6629274035365646e-05,10.39125741583477,13.575833129704453,nan,nan,nan
141.9,200.42115783691406,-223.74900817871094,-23.338590621948242,201.26048102321212,-224.2390177444642,-23.349697858872034,0.9719548118607758,0.3605995288527555,0.07736241746717921,3.585253384684657e-05,8.62815215187053,11.828112711997637,10.298772106262227,4.140332717218439,nan
141.91,200.42987060546875,-223.74896240234375,-23.339508056640625,201.26934677628412,-224.23904017668474,-23.35076404177536,0.9721230186921885,0.36063995471589316,0.0773888039028325,3.6571100943439825e-05,8.638964151225856,11.787407661384135,nan,nan,nan
141.92000000000002,200.43858337402344,-223.74893188476562,-23.34040641784668,201.2782170999811,-224.23906206688847,-23.35151180451636,0.9722837645494284,0.36068046492695444,0.07741525304405164,3.5819400211037044e-05,8.604330860484794,12.073563452161926,nan,0.06099430484196191,nan
141.93,200.44729614257812,-223.74888610839844,-23.34128761291504,201.2870827993733,-224.23908633323555,-23.35254038508617,0.9724528339426651,0.3607210603305389,0.0774417651011653,3.6537324011759046e-05,8.614535239243871,11.70708583388719,nan,nan,nan
141.94,200.4560089111328,-223.7488555908203,-23.34214973449707,201.29597595293356,-224.2391030646228,-23.351713509341224,0.9726143545468054,0.36076174039141556,0.0774683401543356,3.578766105897405e-05,7.691586906099609,11.117030601700792,nan,2.281455938761653,nan
141.95000000000002,200.4647216796875,-223.74880981445312,-23.34299659729004,201.3076829706433,-224.2364053393571,-23.352586559613332,0.9738711933996289,0.36068848327810143,0.07745708255870526,3.648223278767867e-05,7.440452230329076,10.773655479549126,2.8537296490237307,nan,nan
141.96,200.4734344482422,-223.748779296875,-23.34382438659668,201.3165667464174,-224.23642112062166,-23.353488128556,0.9740431245082788,0.3607289980064125,0.0774836234495975,3.5735464629605036e-05,7.519942222213278,11.210993228703078,nan,0.002252899423362426,nan
141.97,200.48214721679688,-223.74874877929688,-23.344636917114258,201.3254496072894,-224.23643776414366,-23.35443111536127,0.9742152709081395,0.3607695978243726,0.0775102274699598,3.645135962798319e-05,7.525408185857287,11.173845720396399,nan,nan,nan
141.98,200.49085998535156,-223.7487030029297,-23.34543228149414,201.33431070678424,-224.23646177192023,-23.356898023948823,0.9743968387995253,0.3608102822736468,0.07753689470653394,3.570649839940861e-05,8.56363332310007,11.862274976901674,nan,1.6064033323307076,nan
141.99,200.49957275390625,-223.74867248535156,-23.346214294433594,201.34319328582765,-224.2364799569209,-23.357825757174673,0.9745699345173798,0.3608510520829527,0.07756362536019305,3.6421900157347406e-05,8.571000503611504,12.137445737720604,nan,nan,nan
142.0,200.50827026367188,-223.74853515625,-23.347084045410156,201.35897163268348,-224.23555666087302,-23.357986250231438,0.9803069025940019,0.3607779796384881,0.0775522305951376,3.565715538234862e-05,8.01991179727425,12.056437847151344,2.941902044849919,0.4140957027178606,nan
142.01,200.51698303222656,-223.74830627441406,-23.34804344177246,201.36787776984036,-224.2354206113904,-23.359034348011452,0.9805218160789202,0.36081858394276456,0.07757892637526896,3.6371221472347495e-05,7.998090138117001,11.903668212998797,nan,nan,nan
142.02,200.52569580078125,-223.74798583984375,-23.349090576171875,201.37677884945256,-224.2351891555227,-23.360553238890958,0.9807348363246995,0.36085927284830377,0.0776056855879631,3.5630881536090865e-05,8.354371078421433,12.378779550307389,nan,0.0989312169129133,nan
142.03,200.53440856933594,-223.74755859375,-23.3502254486084,201.3856850114763,-224.2348614815656,-23.361783303942293,0.9809532452856787,0.3609000470151884,0.07763250842807522,3.634455144973246e-05,8.332906886005311,12.02684976746184,nan,nan,nan
142.04,200.54312133789062,-223.74710083007812,-23.3514461517334,201.3946285183602,-224.23445452486942,-23.360205470470017,0.9811497479399943,0.3609409060885431,0.07765939499101461,3.5605915504804916e-05,6.801051250684122,10.769200773665215,nan,5.715840032687197,nan
142.05,200.5518341064453,-223.7466278076172,-23.352752685546875,201.35998304442907,-224.2114317143525,-23.36167092559695,0.9323233949045135,0.3608680172287815,0.07764786053699554,3.629672430120129e-05,6.484518356787495,10.335367746320303,17.027314180969945,nan,nan
142.06,200.560546875,-223.7461395263672,-23.354143142700195,201.36883286875718,-224.2109536424594,-23.36252381069765,0.9324423016030017,0.36090871064960994,0.07767471150475456,3.556062835434755e-05,6.256531015831738,9.799488315187018,nan,0.25407074337487884,nan
142.07,200.5692596435547,-223.74566650390625,-23.355615615844727,201.37767512262073,-224.2104780850069,-23.364065008442417,0.9325539045836145,0.36094948923537823,0.07770162630692938,3.627274406247539e-05,6.2371116875584764,10.105027796402556,nan,nan,nan
142.08,200.57797241210938,-223.7451934814453,-23.3571720123291,201.38648084603383,-224.21001884338665,-23.368727666729416,0.9326746688848665,0.3609903526921785,0.07772860504440163,3.5538223865685474e-05,8.014118764421742,11.70008550473284,nan,6.316042102841328,nan
142.09,200.58668518066406,-223.74473571777344,-23.358808517456055,201.39532317552658,-224.20955498417473,-23.370465613913296,0.9327852084220298,0.3610313015882252,0.077755647904126,3.625006663812407e-05,7.992714359810602,11.89024856900242,nan,nan,nan
142.1,200.59539794921875,-223.74427795410156,-23.360525131225586,201.40636316688907,-224.2077267862993,-23.3719448149162,0.9341198068299941,0.3609585941447554,0.07774397114216136,3.5495537428752676e-05,7.808458155396659,11.656227135234124,0.8040130254274523,0.06913367799509355,nan
142.11,200.60411071777344,-223.74383544921875,-23.362321853637695,201.41521601977075,-224.2072739531754,-23.373841972573135,0.934237534579943,0.360999377201813,0.07777097766847965,3.6206262265934256e-05,7.787660395453573,11.794526564465368,nan,nan,nan
142.12,200.61282348632812,-223.74339294433594,-23.364198684692383,201.42408508506193,-224.20682451796847,-23.374374424685744,0.934354189108216,0.36104024509085003,0.0777980483387958,3.547558827067425e-05,7.029131485831988,10.785760320423737,nan,1.4338380717441066,nan
142.13,200.6215362548828,-223.7429656982422,-23.366151809692383,201.4329377660235,-224.20638885676536,-23.376416364100084,0.9344724700140683,0.36108119832623387,0.07782518333511707,3.61861198277942e-05,7.009891927854014,10.951618168810151,nan,nan,nan
142.14000000000001,200.6302490234375,-223.74253845214844,-23.368181228637695,201.44180932478838,-224.2059557140562,-23.37679403562855,0.9345907456245593,0.3611222366952244,0.07785238276548273,3.545682632417064e-05,6.178753941024766,9.900005455667765,nan,2.0876321369731476,nan
142.15,200.6389617919922,-223.74212646484375,-23.37028694152832,201.42191298348325,-224.1895445296236,-23.378976650702437,0.9018153935225025,0.361049709307926,0.07784056116492641,3.614487565062013e-05,5.905157093030921,9.893136726268354,7.423053061859978,nan,nan
142.16,200.64767456054688,-223.74172973632812,-23.37242317199707,201.43074405091502,-224.18909743906048,-23.379510067406216,0.9018791007003064,0.3610905816693968,0.07786772351312914,3.5417785355654495e-05,5.221810002472553,9.426456226672403,nan,1.9954138714531582,nan
142.17000000000002,200.65638732910156,-223.7413330078125,-23.374555587768555,201.43955720938067,-224.18866413492376,-23.381742425737865,0.9019489172336805,0.3611315392861502,0.07789495038775512,3.612714865993508e-05,5.221600639396941,9.173627747918085,nan,nan,nan
142.18,200.6650848388672,-223.74093627929688,-23.376665115356445,201.44837610535137,-224.18823705883517,-23.38337738263186,0.9020356146283476,0.3611725819927533,0.07792224190128896,3.540131836051392e-05,5.0529230174508415,8.966593948851859,nan,0.2351813657598776,nan
142.19,200.67379760742188,-223.7405548095703,-23.378740310668945,201.4571888048666,-224.1878199218415,-23.385563177036925,0.9021055372817128,0.3612137102322946,0.07794959822929266,3.611058694081209e-05,5.0576980117085295,8.978531817793364,nan,nan,nan
142.20000000000002,200.68251037597656,-223.7401885986328,-23.380779266357422,201.47290281956668,-224.19580698728572,-23.390269552623817,0.9123586994688299,0.3611413607499628,0.07793762918815214,3.5364581945203834e-05,6.57892212296769,10.341077138630888,3.051020394432556,4.352881909862794,nan
142.21,200.69122314453125,-223.7398223876953,-23.382780075073242,201.48171197438106,-224.19542691755476,-23.392410738310005,0.9124367525588499,0.3611823227814757,0.07796494766976796,3.6072907103992726e-05,6.591700140122171,10.14919584003843,nan,nan,nan
142.22,200.69993591308594,-223.7394561767578,-23.384742736816406,201.49052908946052,-224.19505161830625,-23.39365482724788,0.9125153161704369,0.3612233698559114,0.07799233099142698,3.5350290065104245e-05,6.2561174149043675,9.606067898709055,nan,0.511280395486993,nan
142.23,200.70864868164062,-223.73910522460938,-23.38666534423828,201.4993379175359,-224.19468620603928,-23.395712333463834,0.9125926508663944,0.36126450237506585,0.07801977932472251,3.605858443341401e-05,6.267637201735797,9.833975691094903,nan,nan,nan
142.24,200.71734619140625,-223.73876953125,-23.388551712036133,201.50814763628722,-224.19432753645603,-23.397630272954625,0.912678717622733,0.36130572023575214,0.07804729278790502,3.5337046136640966e-05,6.318077136333985,10.266919403514258,nan,0.007217892080767965,nan
142.25,200.72605895996094,-223.73843383789062,-23.390399932861328,201.52929167619794,-224.2022885875471,-23.39968504565011,0.9275937896147416,0.3612335470651727,0.07803517377202922,3.6023143126426235e-05,6.555673249187619,9.989235987064578,1.9776105102550403,nan,nan
142.26,200.73477172851562,-223.73809814453125,-23.3922119140625,201.5381118001192,-224.20196182226317,-23.401782760285233,0.9276941216049798,0.36127459852931737,0.0780626486140141,3.53034989193877e-05,6.746002090287023,10.001636791519694,nan,0.015673470253974763,nan
142.27,200.7434844970703,-223.73777770996094,-23.393985748291016,201.54693316373007,-224.2016412847762,-23.4036962751709,0.927789561447007,0.36131573535137257,0.07809018866146683,3.6010931125252215e-05,6.758401299367801,10.244167701089877,nan,nan,nan
142.28,200.752197265625,-223.73745727539062,-23.395727157592773,201.55576491058014,-224.2013238081469,-23.404326915368575,0.9278831155182599,0.3613569574639782,0.07811779403615707,3.5292256214405574e-05,6.224377824687586,9.50606115489747,nan,1.0817208288922706,nan
142.29,200.76089477539062,-223.73715209960938,-23.397432327270508,201.56458609302177,-224.20101613092515,-23.406159435400156,0.9279901594308664,0.36139826521495055,0.078145464904555,3.599973420910622e-05,6.232820071861077,9.955463937967258,nan,nan,nan
142.3,200.7696075439453,-223.73684692382812,-23.39910316467285,201.56532101154923,-224.19308156509646,-23.40645586574623,0.9172589779514695,0.3613262661991885,0.07813319333162608,3.526069988950698e-05,5.430402303210884,8.99464239916843,1.860054795609821,1.4907187083056312,nan
142.31,200.7783203125,-223.73654174804688,-23.400741577148438,201.57413936443768,-224.19276808522295,-23.40820710691337,0.9173473542201801,0.3613674073390528,0.07816082478959381,3.5967370771931146e-05,5.436037374043549,8.836572988139492,nan,nan,nan
142.32,200.7870330810547,-223.7362518310547,-23.402345657348633,201.582960849294,-224.1924595260029,-23.40953043936105,0.9174301577106295,0.3614086337157341,0.0781885217684683,3.52513342476795e-05,5.339751939745573,8.992656102981446,nan,0.10911883173653647,nan
142.33,200.79574584960938,-223.7359619140625,-23.403919219970703,201.59177936629214,-224.1921579699248,-23.411214419717993,0.9175169867670103,0.3614499456461981,0.0782162844316217,3.595810108323994e-05,5.344668193719947,8.81868302364334,nan,nan,nan
142.34,200.804443359375,-223.73568725585938,-23.405460357666016,201.6005992224482,-224.19186194403682,-23.4126978542032,0.9176120562611191,0.3614913431095952,0.07824411290534275,3.5242870488200665e-05,5.339559359569725,9.270365725345107,nan,0.020057895665801132,nan
142.35,200.8131561279297,-223.73541259765625,-23.406972885131836,201.5716425856813,-224.16285728718006,-23.414495487950088,0.8706705799255313,0.36141951645967346,0.07823168624492578,3.5927647661868855e-05,4.78538672057826,9.059908119970348,22.39873172800535,nan,nan
142.36,200.82186889648438,-223.73513793945312,-23.4084529876709,201.5804240066802,-224.1625110265753,-23.416829279286958,0.8707030337961222,0.36146074710449616,0.07825947450842424,3.521403537913235e-05,5.1923828491872195,9.329616177164095,nan,0.3800960143905827,nan
142.37,200.83058166503906,-223.73487854003906,-23.40990447998047,201.58921060325096,-224.16216838240135,-23.418403298916747,0.8707276871685036,0.361502063219536,0.07828732864343764,3.5920176338867094e-05,5.2001099144410645,9.603269925812052,nan,nan,nan
142.38,200.8392791748047,-223.734619140625,-23.411327362060547,201.59799650264318,-224.16183136222614,-23.42008458817417,0.8707691742689183,0.36154346481032273,0.07831524877896107,3.520727345677866e-05,5.35687986192345,9.784545423818336,nan,0.012819854580955994,nan
142.39000000000001,200.84799194335938,-223.73435974121094,-23.412721633911133,201.60678357011386,-224.16149928453754,-23.421604089786154,0.870799529356988,0.36158495215407627,0.07834323507441161,3.591356794930944e-05,5.36540608196607,9.44654614585491,nan,nan,nan
142.4,200.85670471191406,-223.73411560058594,-23.414087295532227,201.61077066778708,-224.16232021218104,-23.422884493961682,0.8672093437562868,0.36151329568957735,0.07833065076664347,3.5180117628026126e-05,5.469015739065391,9.628654334587853,1.9184618430309994,0.008473480492693607,nan
142.41,200.86541748046875,-223.73387145996094,-23.41542625427246,201.6195409986658,-224.16200453336037,-23.42434741220604,0.8672253434345749,0.36155461598616734,0.07835859603863621,3.588570848629266e-05,5.476556332433986,9.48083895423003,nan,nan,nan
142.42000000000002,200.87413024902344,-223.73362731933594,-23.416738510131836,201.62831575904906,-224.16169207561825,-23.425072817496087,0.8672396899259641,0.3615960216989481,0.0783866074974505,3.517493597478404e-05,5.223315361445274,9.086101105114512,nan,0.3538506211426373,nan
142.43,200.88282775878906,-223.73338317871094,-23.41802406311035,201.63708617566203,-224.16138578786106,-23.42647707162038,0.8672735705738465,0.36163751308278796,0.07841468530015938,3.5880718804799484e-05,5.229873715170932,9.131146814236327,nan,nan,nan
142.44,200.89154052734375,-223.733154296875,-23.41928482055664,201.64586162356363,-224.16108239779157,-23.427006630876107,0.867284498945439,0.36167909017692046,0.07844282957919059,3.517051218776165e-05,4.92352834085339,8.931742328791689,nan,0.504698173692797,nan
142.45000000000002,200.90025329589844,-223.73294067382812,-23.420520782470703,201.65301835622552,-224.158524664357,-23.428387697252326,0.8647767673751972,0.36160760194523056,0.0784300851041447,3.585445127042848e-05,4.884428978615078,9.285522440608712,0.2669704385123777,nan,nan
142.46,200.90896606445312,-223.7327117919922,-23.42173194885254,201.66178589129422,-224.15822797058988,-23.430459757515933,0.8647993319710041,0.3616490117667748,0.07845818753602672,3.514562311225291e-05,5.315964930512227,9.13894262621217,nan,0.39278187768799255,nan
142.47,200.9176788330078,-223.7324981689453,-23.42291831970215,201.67055765729714,-224.15793426067455,-23.431766967689207,0.8648125177056154,0.36169050717813556,0.0784863564924377,3.58509570105004e-05,5.3224597991130205,9.454302309646776,nan,nan,nan
142.48,200.92637634277344,-223.73228454589844,-23.42407989501953,201.67932965487577,-224.15764484382484,-23.433039019706282,0.8648412219436972,0.36173208823732295,0.07851459210781721,3.51426118921114e-05,5.412382794427208,9.60375616539175,nan,0.0001038982775640824,nan
142.49,200.93508911132812,-223.73207092285156,-23.425220489501953,201.68810178387756,-224.15735972785214,-23.43430054719878,0.8648590059232968,0.3617737551709126,0.07854289453628699,3.58481793620833e-05,5.4186074340024,9.274130217420296,nan,nan,nan
142.5,200.9438018798828,-223.73187255859375,-23.42633819580078,201.74853225130795,-224.18447927514111,-23.436405572216092,0.9233337222400757,0.36170243295511584,0.078529987359441,3.511910658256465e-05,6.373160909418935,10.352652822888466,23.77440150351039,0.46258276507655827,nan
142.51,200.9525146484375,-223.73167419433594,-23.427431106567383,201.75738014633288,-224.18425303101222,-23.437632841388485,0.9234393041792137,0.3617439323735961,0.07855824710454035,3.5824046429494846e-05,6.382740368426573,10.271612302999817,nan,nan,nan
142.52,200.9612274169922,-223.73147583007812,-23.428504943847656,201.76623758303938,-224.18402754730062,-23.436887974042403,0.9235338106401988,0.3617855173754083,0.07858657368767624,3.5117393829017544e-05,5.469264300996569,9.219907239876008,nan,2.6701517119075424,nan
142.53,200.96994018554688,-223.73129272460938,-23.429555892944336,201.77508580170013,-224.18380932047225,-23.438054630162572,0.9236357297530409,0.3618271881715342,0.07861496726126165,3.582259596876309e-05,5.474578588316987,9.534055864295736,nan,nan,nan
142.54,200.9786376953125,-223.73109436035156,-23.430585861206055,201.78393919699303,-224.18359319223177,-23.438105982727897,0.9237544336508343,0.36186894484350485,0.0786434279622482,3.5116303278351374e-05,5.059482350924638,8.846337989735446,nan,0.8414515366761369,nan
142.55,200.9873504638672,-223.7309112548828,-23.431596755981445,201.7898837762687,-224.17242872634867,-23.43918436487517,0.9159994360983458,0.3617977865547182,0.07863035558051913,3.579975931242178e-05,4.6997111199714,9.134552009729084,7.911927122032885,nan,nan
142.56,200.99606323242188,-223.73072814941406,-23.432586669921875,201.7987477566372,-224.17219200216573,-23.441117570562444,0.9161143787578405,0.361839375469149,0.07865877275163732,3.5094641395690127e-05,5.156457838278854,9.488103800224303,nan,0.49255480281637515,nan
142.57,201.00477600097656,-223.73056030273438,-23.433555603027344,201.8076156350962,-224.17195773142353,-23.442202765405952,0.9162193741588048,0.36188105009815974,0.07868725708723602,3.5799522437819935e-05,5.162286408476893,9.832949159899782,nan,nan,nan
142.58,201.01348876953125,-223.73037719726562,-23.434507369995117,201.8164857704134,-224.17172628687555,-23.442796077451327,0.9163306744819514,0.361922810536089,0.07871580872570189,3.509469517056385e-05,5.022798785534738,9.141763025221064,nan,0.15742136591604036,nan
142.59,201.02220153808594,-223.73020935058594,-23.43543815612793,201.82535421763635,-224.1714989453169,-23.443840033955926,0.9164394822561129,0.3619646569746174,0.0787444278173349,3.579986702680843e-05,5.028214493496279,9.485010467650152,nan,nan,nan
142.6,201.03091430664062,-223.73004150390625,-23.436351776123047,201.82398545577766,-224.17185360588695,-23.44395990852135,0.9078643426904335,0.3618936603506241,0.07873118772452968,3.50741470374205e-05,4.831943023434708,8.800228116225167,3.8491401046946017,0.6074842553674641,nan
142.61,201.0396270751953,-223.72988891601562,-23.437246322631836,201.83282434771266,-224.1716406860325,-23.444960078176862,0.907946056473958,0.36193533877531,0.0787597624281135,3.577874491083862e-05,4.8353418076363965,9.141370581249726,nan,nan,nan
142.62,201.04833984375,-223.72972106933594,-23.43812370300293,201.84166355793437,-224.17143083431893,-23.4458585389187,0.9080362656057582,0.36197710294025726,0.07878840460650595,3.507524166486836e-05,4.869340278832415,8.652509401854733,nan,0.005045839838569629,nan
142.63,201.05703735351562,-223.7295684814453,-23.438983917236328,201.8505023604342,-224.17122425613104,-23.44682421298806,0.9081343572154004,0.36201895302678677,0.07881711440881825,3.578015123797207e-05,4.872474444924704,9.191140518978296,nan,nan,nan
142.64000000000001,201.0657501220703,-223.7294158935547,-23.43982696533203,201.85934026444926,-224.17102105290738,-23.44806027612569,0.9082225598687668,0.3620608891448703,0.07884589197519158,3.507683532305574e-05,5.078176302320254,9.089218623408566,nan,0.05778047474130473,nan
142.65,201.074462890625,-223.72926330566406,-23.440650939941406,201.86143749165362,-224.1753981969865,-23.449040257433364,0.9046743859352985,0.36199005198363365,0.07883248169093807,3.576005978919307e-05,5.350209203450616,8.838469383910585,5.7895737621539896,nan,nan
142.66,201.0831756591797,-223.72911071777344,-23.44146156311035,201.8793048100494,-224.18461601313123,-23.449685451105456,0.9172645917603522,0.35788605251808264,0.07439690608794343,3.505755593285552e-05,6.632112023525958,10.001482013287552,nan,0.05299798367125151,0.01978455880724908
142.67000000000002,201.09188842773438,-223.72897338867188,-23.44225311279297,201.88811142874238,-224.18444783313882,-23.45058896743803,0.9173317411761808,0.35793084238505174,0.07441732199812802,3.576222834423681e-05,6.630988314541241,10.35066486783286,nan,nan,nan
142.68,201.10060119628906,-223.72882080078125,-23.443031311035156,201.89692681072174,-224.1842933155641,-23.451875790241647,0.9174246131081448,0.3579757164866339,0.07443779692768494,3.506006026704662e-05,6.905299005564498,10.13443483266332,nan,0.11155255211577407,nan
142.69,201.10931396484375,-223.7285919189453,-23.443899154663086,201.90573353587106,-224.1840806451134,-23.452806642811545,0.9175148261072793,0.35802067636468193,0.07445833311716901,3.5765062721179406e-05,6.880523639720069,10.671868657355798,nan,nan,nan
142.70000000000002,201.11802673339844,-223.72825622558594,-23.444854736328125,201.90364532735464,-224.1733502591902,-23.454045512868593,0.9029893378624333,0.3579592726878708,0.07445078384747426,3.5041856079102185e-05,6.708708188372418,10.678978033743487,5.999323640343642,0.014245673448237281,nan
142.71,201.12673950195312,-223.7278289794922,-23.445899963378906,201.91244472092154,-224.17291461657308,-23.45515934820566,0.9030612668348049,0.35800404652815077,0.07447131520108029,3.5746320698563184e-05,6.684700701986424,10.7469873941272,nan,nan,nan
142.72,201.1354522705078,-223.727294921875,-23.447031021118164,201.9212548720534,-224.1723972756963,-23.456859633170225,0.9031602491185877,0.35804890457061245,0.07449190589741657,3.504517309907338e-05,7.0315086154438085,10.762572447333529,nan,0.17448985706761275,nan
142.73,201.1441650390625,-223.7266845703125,-23.44824981689453,201.93005416101394,-224.17177336552342,-23.458155044525878,0.9032296835015701,0.3580938482898369,0.07451255802204286,3.5749982495224344e-05,7.007363562312717,11.191106297169513,nan,nan,nan
142.74,201.1528778076172,-223.72596740722656,-23.449552536010742,201.9388371874407,-224.17103743934032,-23.45877561077092,0.9032743466557281,0.35813887651645154,0.0745332698143897,3.5048880728259786e-05,6.678688700760523,10.467257415861763,nan,0.4086186936735429,nan
142.75,201.16159057617188,-223.7251739501953,-23.450939178466797,201.92530122914837,-224.16476519157868,-23.46024252698319,0.8812383180867587,0.35807744458223256,0.07452566943264632,3.573203937576057e-05,6.813673724174987,10.372651857977587,7.735269369912204,nan,nan
142.76,201.17030334472656,-223.724365234375,-23.452409744262695,201.93407842743147,-224.1639373701215,-23.46292263045957,0.8812982243609764,0.35812228655376777,0.07454637588577703,3.503180615246873e-05,7.532342608421496,11.527224875857156,nan,0.9075226910011567,nan
142.77,201.17901611328125,-223.72352600097656,-23.453962326049805,201.94283160543634,-224.16306172231563,-23.464563186180417,0.8813161377307727,0.35816721410107183,0.07456714393468065,3.5736440510468195e-05,7.508854629437784,10.878088960680635,nan,nan,nan
142.78,201.18772888183594,-223.7227020263672,-23.455596923828125,201.95159867724186,-224.16220129789312,-23.46696453396022,0.8813545804983532,0.3582122261233544,0.07458797196685003,3.503620858801541e-05,8.038355885146913,11.687070082362446,nan,0.3236452432141338,nan
142.79,201.19644165039062,-223.72189331054688,-23.457311630249023,201.96035136900767,-224.16133175523456,-23.46877693745854,0.8813601183038106,0.3582573239939518,0.07460886184920763,3.57411977837277e-05,8.013553829770945,11.7887517687985,nan,nan,nan
142.8,201.2051544189453,-223.72109985351562,-23.4591064453125,201.9527344043283,-224.1557285478382,-23.47068098241822,0.8648190020940851,0.3581958621874477,0.07460120540213938,3.5019803119247576e-05,8.2233261364992,11.911380223738478,3.47301310228818,0.0003675272701628307,nan
142.81,201.21385192871094,-223.72030639648438,-23.46097755432129,201.96145449540293,-224.15488272916195,-23.472654320263615,0.8648135830980139,0.3582407735450826,0.07462208934496087,3.572427675571497e-05,8.200282985544698,11.66399220797694,nan,nan,nan
142.82,201.22256469726562,-223.71954345703125,-23.462928771972656,201.97018014837863,-224.15405850268098,-23.474997777981415,0.8647993111380998,0.35828576934461964,0.07464303357977085,3.5024822267823325e-05,8.527796144770665,12.231849086579068,nan,0.059757566337193785,nan
142.83,201.2312774658203,-223.71878051757812,-23.464956283569336,201.97889971369156,-224.15324221075784,-23.47713115446966,0.8647798655346237,0.35833085089042777,0.07466403983304383,3.5729660825164544e-05,8.503842219381772,11.820679455250191,nan,nan,nan
142.84,201.239990234375,-223.71804809570312,-23.467058181762695,201.9876630401633,-224.15249137337906,-23.481541800329932,0.8648499067699443,0.3583760171836607,0.07468510669984328,3.5030139478268306e-05,10.329115349010868,14.089306323002157,nan,3.4117895928509423,nan
142.85,201.2487030029297,-223.71731567382812,-23.469194412231445,202.0089681407756,-224.15969452677012,-23.483915754530646,0.8797265752910077,0.35831452633782235,0.0746773926929229,3.5713342383926476e-05,10.586367521819064,13.70664984038642,2.5659338212638017,nan,nan
142.86,201.25741577148438,-223.71661376953125,-23.471324920654297,202.0176919041517,-224.15892652744782,-23.48559418448853,0.8796953936503814,0.3583595058913448,0.07469845307380565,3.50145813378942e-05,10.318737140761776,13.843682007406798,nan,0.2758900465486078,nan
142.87,201.26612854003906,-223.71591186523438,-23.473430633544922,202.02642753055778,-224.15818703223712,-23.487878129693662,0.8796991579375653,0.35840457108853485,0.07471957564105866,3.5719278729368546e-05,10.333737085459115,13.487339551012141,nan,nan,nan
142.88,201.27484130859375,-223.71522521972656,-23.47550392150879,202.03515268532138,-224.1574500825475,-23.489612664471416,0.8796790752919245,0.3584497209990229,0.0747407591220218,3.50204167728095e-05,10.16055625652792,13.328617732091748,nan,0.19237065113680205,nan
142.89000000000001,201.28353881835938,-223.7145538330078,-23.477540969848633,202.04388768059417,-224.15673863754847,-23.49183072479946,0.8796942598226722,0.3584949568257571,0.07476200504744314,3.572548316203214e-05,10.17837695355481,13.51215240646415,nan,nan,nan
142.9,201.29225158691406,-223.71389770507812,-23.47953987121582,202.0214923873288,-224.1455809348099,-23.493973684281443,0.8475558334297612,0.35843343544485595,0.07475422882194813,3.500535588634899e-05,10.466903754246651,13.662121737640119,11.223754194173223,0.016596363837411553,nan
142.91,201.30096435546875,-223.7132568359375,-23.48150062561035,202.0301686727472,-224.14488620268784,-23.496118728405197,0.8475001684413791,0.3584784842650744,0.07477546762729607,3.57099189022681e-05,10.485600825300349,13.722490040154605,nan,nan,nan
142.92000000000002,201.30967712402344,-223.71263122558594,-23.483423233032227,202.0388102120353,-224.14416511756744,-23.496366032381573,0.847363013128019,0.3585236177631894,0.07479676763939641,3.5011644277848303e-05,9.272275182253605,12.560284089598586,nan,2.441511988837157,nan
142.93,201.31838989257812,-223.71200561523438,-23.485305786132812,202.04748674538203,-224.143495862343,-23.498417587339745,0.8473122054174096,0.35856883707485715,0.07481813026522474,3.5716582981118304e-05,9.287990233491794,12.273265180581708,nan,nan,nan
142.94,201.32708740234375,-223.71141052246094,-23.487152099609375,202.05614191036324,-224.1428152716576,-23.499273919867825,0.8472174879093086,0.35861414136946484,0.07483955441540698,3.5018153866214145e-05,8.65622429139546,12.187264580249312,nan,0.946482102887629,nan
142.95000000000002,201.33580017089844,-223.7108154296875,-23.488962173461914,202.0691999613662,-224.14178100554057,-23.501106996627705,0.8507373724941457,0.3585525900680128,0.07483171410025999,3.57014593836326e-05,8.474018051730349,11.657696870231016,1.6853306412764408,nan,nan
142.96,201.34451293945312,-223.71023559570312,-23.49073600769043,202.07791538277942,-224.141174112398,-23.504577705702797,0.8507518684387553,0.35859770711947647,0.07485313054174579,3.500370723618639e-05,9.802663543934901,13.080260115620856,nan,1.6786044254108219,nan
142.97,201.3532257080078,-223.70965576171875,-23.492473602294922,202.0866028929237,-224.14054772498628,-23.50648698216164,0.8507093241401528,0.35864290988178027,0.0748746097660982,3.570852158544977e-05,9.815779231464699,12.79506965366136,nan,nan,nan
142.98,201.36192321777344,-223.7091064453125,-23.494176864624023,202.09533599759342,-224.13998334060196,-23.510937296819083,0.8507820617437388,0.3586881975897866,0.07489615079899659,3.5010589919940586e-05,12.325981933705746,15.915103160247748,nan,4.679394523935654,nan
142.99,201.37063598632812,-223.70855712890625,-23.495847702026367,202.10402318400085,-224.13937975697263,-23.512805052885795,0.8507364282270081,0.35873357128194505,0.07491775487687442,3.5715779757105455e-05,12.340401416836228,15.49379888229935,nan,nan,nan
143.0,201.3793487548828,-223.70802307128906,-23.49748420715332,202.100104197826,-224.1294404164285,-23.513937384482446,0.8350758614406428,0.35867198868332756,0.07490984607545052,3.499650069515933e-05,11.770996902277648,15.381550964324779,4.590413246271049,0.1918627103094633,nan
143.01,201.3880615234375,-223.70748901367188,-23.499086380004883,202.10877649062903,-224.12883507646868,-23.51573186600166,0.835008766883508,0.3587171748575782,0.07493144177805967,3.570119217569327e-05,11.783887204198209,15.10482340674462,nan,nan,nan
143.02,201.39675903320312,-223.70697021484375,-23.50065803527832,202.11743094318467,-224.12822095661272,-23.516457919995972,0.8349070760476591,0.3587624459385923,0.07495309956619609,3.500370322501888e-05,11.141549493888046,14.680294705128231,nan,0.7595559771728427,nan
143.03,201.4054718017578,-223.7064666748047,-23.502199172973633,202.12610308612196,-224.12763654269108,-23.51818033981555,0.8348346562723589,0.3588078029016409,0.0749748205700093,3.57087745216203e-05,11.148987512483988,14.713908594997307,nan,nan,nan
143.04,201.4141845703125,-223.7059783935547,-23.50370979309082,202.13477159424073,-224.1270585080073,-23.519662594758923,0.8347506296626802,0.3588532450754498,0.07499660397284046,3.501106486489023e-05,11.252363446025388,14.953246663335909,nan,0.03115888950222137,nan
143.05,201.4228973388672,-223.7054901123047,-23.50518798828125,202.1444518880395,-224.12624460849852,-23.52126356384888,0.8354242859938992,0.3587916315863576,0.07498862448779446,3.569449766465016e-05,11.185469334153364,14.644072860193313,0.2296224454601008,nan,nan
143.06,201.4315948486328,-223.70501708984375,-23.506637573242188,202.15313538233315,-224.12569747758278,-23.523411867148344,0.8353885966045209,0.35883688599554053,0.07501039888562239,3.499740268646206e-05,11.972314701955195,15.686447694100814,nan,0.18910246277244014,nan
143.07,201.4403076171875,-223.7045440673828,-23.508060455322266,202.1618103141833,-224.12515072580078,-23.52501956536906,0.8353225211206261,0.35888222618498894,0.07503223666970966,3.570235458681106e-05,11.975800111991685,15.31388870422427,nan,nan,nan
143.08,201.4490203857422,-223.70408630371094,-23.50945281982422,202.17045880801962,-224.12458497839341,-23.52495861510187,0.8351843881653078,0.35892765154389494,0.07505413712096608,3.5005021431878246e-05,10.7757918751783,14.282532765269918,nan,1.9010503706507893,nan
143.09,201.45773315429688,-223.70364379882812,-23.51081657409668,202.17913386990375,-224.12405656474144,-23.526495402876613,0.8351117960446401,0.35897316295759496,0.07507610122469,3.571035005445235e-05,10.778350928739867,14.45644620200668,nan,nan,nan
143.1,201.4664306640625,-223.7032012939453,-23.512155532836914,202.18067090764436,-224.11697780773903,-23.527119152995922,0.8255749746978868,0.3589115173142917,0.07506804688667788,3.499160600250006e-05,10.095042576176073,13.903025983023552,1.7952069043897985,0.5213885692099248,nan
143.11,201.4751434326172,-223.70277404785156,-23.513465881347656,202.18933909070262,-224.1164493268173,-23.528594552454337,0.8254886741469671,0.358956840681396,0.07509000128757666,3.569643646667821e-05,10.095192453968068,13.984189274759066,nan,nan,nan
143.12,201.48385620117188,-223.70236206054688,-23.514751434326172,202.19799603873375,-224.11591776841902,-23.529321457144203,0.8253704117979098,0.3590022491746862,0.07511201861670827,3.499943942678553e-05,9.73595282902685,13.815852486734867,nan,0.36924326856143813,nan
143.13,201.49256896972656,-223.7019500732422,-23.516010284423828,202.20666427720423,-224.11540640170415,-23.53073943752881,0.8252849154431783,0.35904774362203856,0.07513409977035423,3.570464940085465e-05,9.734304624906514,13.569761118935862,nan,nan,nan
143.14000000000001,201.5012664794922,-223.7015380859375,-23.517244338989258,202.21532602832664,-224.1148964554476,-23.531706783872362,0.8252001837358652,0.3590933234981608,0.07515624416168017,3.500738324121989e-05,9.620682253330353,13.32025629796928,nan,0.12826762665525188,nan
143.15,201.50997924804688,-223.70114135742188,-23.51845359802246,202.2161523001919,-224.1115358522427,-23.533075602288115,0.8168952343867683,0.3590316459151835,0.07514811249804419,3.5690945233692965e-05,9.62738368938188,13.460765703808757,0.6155175351446287,nan,nan
143.16,201.51869201660156,-223.7007598876953,-23.51963996887207,202.22483950213837,-224.11107968861438,-23.536642041341505,0.8168816810435097,0.3590770374878943,0.07517024651708366,3.49942487663796e-05,11.88490740955329,15.93440889352599,nan,3.494704502613372,nan
143.17000000000002,201.52740478515625,-223.70037841796875,-23.520801544189453,202.2334935686964,-224.11059707888424,-23.53798354671749,0.8167839011729873,0.3591225149145029,0.0751924445324218,3.569933658301907e-05,11.881888280887818,15.702503234972825,nan,nan,nan
143.18,201.53611755371094,-223.6999969482422,-23.521940231323242,202.2421435992541,-224.11011787595243,-23.539017071871108,0.8166783766050797,0.35916807772393905,0.07521470603794164,3.500235968101689e-05,11.931876409362363,15.53440372068299,nan,0.05761376545391406,nan
143.19,201.54481506347656,-223.6996307373047,-23.523056030273438,202.2507979294527,-224.1096505537793,-23.540311500132898,0.8165940289971513,0.35921372666331347,0.07523703180991953,3.5707822101555683e-05,11.926724246238294,15.838632319931019,nan,nan,nan
143.20000000000002,201.55352783203125,-223.69927978515625,-23.52414894104004,202.21318459660125,-224.10287106809528,-23.538593922960477,0.7734608123298937,0.3591520159794306,0.07522881884398658,3.498938699075218e-05,10.072182257606322,13.935777463152434,41.40389641876413,6.1881114437380935,nan
143.21,201.56224060058594,-223.6989288330078,-23.52522087097168,202.2217392877021,-224.10243598660915,-23.53981574033796,0.7732849096724996,0.3591974763267889,0.07525113351558413,3.569434846423237e-05,10.064104961187454,13.742457072452677,nan,nan,nan
143.22,201.57095336914062,-223.69857788085938,-23.52627182006836,202.23027659002784,-224.10199026204901,-23.53976725092962,0.7730658351992534,0.3592430220089291,0.0752735119230395,3.499763199206102e-05,9.28861844508689,12.783561950558228,nan,1.103413875774192,nan
143.23,201.5796661376953,-223.6982421875,-23.527301788330078,202.23883148703197,-224.1015691138241,-23.540936158323497,0.772889036867055,0.3592886537221198,0.07529595476989687,3.570296994756864e-05,9.279151880836551,12.992685157128593,nan,nan,nan
143.24,201.58836364746094,-223.69790649414062,-23.528310775756836,202.24737778397335,-224.10114633503449,-23.54145013073217,0.7727060528146992,0.3593343710710644,0.07531846165825921,3.5005950333954584e-05,8.992096704799756,12.53540794504836,nan,0.2846489407373905,nan
143.25,201.59707641601562,-223.6975860595703,-23.529298782348633,202.2393955818106,-224.09076272824817,-23.54262152418645,0.7532192901076417,0.3592726273274343,0.07531016469141216,3.5689629209678755e-05,8.83428495750821,13.05405526896821,3.3683990221819937,nan,nan
143.26,201.6057891845703,-223.697265625,-23.5302677154541,202.24792576572526,-224.0903383253212,-23.543604243502323,0.7530095614104373,0.35931815581760795,0.07533265977177238,3.4993148139148e-05,8.931795551835084,12.97916640011071,nan,0.010621544738219468,nan
143.27,201.614501953125,-223.69696044921875,-23.531217575073242,202.25645790028463,-224.0899218888217,-23.54469001138506,0.7527998656008187,0.35936377024061045,0.0753552194639557,3.5698356630868604e-05,8.921066927147617,13.213855701695682,nan,nan,nan
143.28,201.6232147216797,-223.6966552734375,-23.532148361206055,202.26499281635023,-224.0895142986214,-23.545955012972474,0.7526007973025215,0.35940947024852216,0.07537784343519777,3.5001565977143474e-05,9.270735553106949,13.38950639724278,nan,0.027505602429780868,nan
143.29,201.63192749023438,-223.69635009765625,-23.53306007385254,202.27352534544994,-224.08911020677832,-23.547006704324865,0.7523980460077773,0.3594552564669566,0.07540053229207809,3.57071450500853e-05,9.260233539882716,13.213755554744694,nan,nan,nan
143.3,201.640625,-223.69606018066406,-23.533954620361328,202.29869002145904,-224.09666050218655,-23.54737819887558,0.7705260427343998,0.3593934785920918,0.07539214750780816,3.498886249187461e-05,9.044895744713958,12.94408246196822,3.352877509492094,0.19993299581661522,nan
143.31,201.6493377685547,-223.69577026367188,-23.534832000732422,202.30724967109452,-224.09628264860746,-23.548387300778092,0.7703518599638112,0.3594390756569386,0.07541482379917204,3.5693936217824205e-05,9.031054039730757,12.747244897953042,nan,nan,nan
143.32,201.65805053710938,-223.69549560546875,-23.535690307617188,202.3157843018242,-224.09588650636977,-23.547364669319393,0.7701057521479954,0.3594847582537169,0.07543756460067506,3.499735474192335e-05,7.765443784473474,11.737221614226776,nan,2.8677891070307764,nan
143.33,201.66676330566406,-223.69522094726562,-23.536531448364258,202.32434409610522,-224.09551995863774,-23.5483206773222,0.7699290749037426,0.3595305269641513,0.07546037046095472,3.570280048398612e-05,7.752197038957457,11.572512579437475,nan,nan,nan
143.34,201.67547607421875,-223.6949462890625,-23.537357330322266,202.33288839463043,-224.0951441522917,-23.547983652574917,0.7697156666502974,0.35957638150581134,0.07548324113358126,3.5005893147396754e-05,7.073570184715475,10.753422932102248,nan,1.1510358542315777,nan
143.35,201.68418884277344,-223.69467163085938,-23.538164138793945,202.32381370005058,-224.09471184369283,-23.548920579589552,0.7544983969162775,0.35951456938777365,0.07547476565344302,3.568966881626651e-05,7.415768696724237,10.869522238796348,8.62123269604207,nan,nan
143.36,201.69290161132812,-223.6944122314453,-23.538957595825195,202.3323322334173,-224.09437613796894,-23.54980622677199,0.7542945974752919,0.3595602344994402,0.07549762301645521,3.49932796181014e-05,7.5256169360193965,11.257873757783948,nan,8.819011859995269e-05,nan
143.37,201.7016143798828,-223.69406127929688,-23.539838790893555,202.3408509033485,-224.0939950518597,-23.550740852682864,0.7541148522076002,0.3596059856285684,0.07552054561053163,3.569858638680752e-05,7.482593027007958,11.315994841363239,nan,nan,nan
143.38,201.71031188964844,-223.69361877441406,-23.54081153869629,202.34935936105518,-224.09350890261206,-23.55088364385901,0.7539199112929487,0.35965182253315425,0.07554353324045734,3.5001868627361736e-05,7.04191322251973,10.97955556981429,nan,0.5496236446643925,nan
143.39000000000001,201.71902465820312,-223.6930694580078,-23.5418701171875,202.35787816287151,-224.0929375790169,-23.551989463355433,0.7537444631924621,0.3596977457345709,0.07556658637852703,3.570754110798419e-05,7.0026731908427085,10.59853669111134,nan,nan,nan
143.4,201.7277374267578,-223.6924285888672,-23.54301643371582,202.3678393724692,-224.09295509210338,-23.552634310166187,0.7551453398158121,0.359635898377877,0.07555801651705515,3.4989308814908385e-05,6.784829080154681,10.37881358543168,0.12006353321929862,0.2521839649403112,nan
143.41,201.7364501953125,-223.6916961669922,-23.544248580932617,202.37636090478762,-224.09219925759837,-23.553911299947163,0.7549713966931484,0.35968163184858093,0.07558105555935545,3.5694470926478485e-05,6.748056469889928,10.346560496171389,nan,nan,nan
143.42000000000002,201.7451629638672,-223.6908721923828,-23.545564651489258,202.38486126227352,-224.09133281437164,-23.553343291960875,0.7547470635883383,0.3597274510368894,0.0756041598549357,3.4997929819772505e-05,5.852441521119153,9.425023985218337,nan,2.6349557005590905,nan
143.43,201.75387573242188,-223.68997192382812,-23.546966552734375,202.39338271889537,-224.09039550522897,-23.554773161876717,0.7545655527762891,0.35977335642714736,0.07562732983114649,3.5703458963379394e-05,5.821049331259123,9.74814725419269,nan,nan,nan
143.44,201.76258850097656,-223.68896484375,-23.548450469970703,202.4019131924919,-224.0893772230067,-23.55713949265729,0.7544147624207931,0.3598193478326605,0.07565056535983289,3.5006577876984535e-05,6.262322732594949,9.714734926791007,nan,0.5123713442570768,nan
143.45000000000002,201.77130126953125,-223.68788146972656,-23.550016403198242,202.4265033946248,-224.0920702097562,-23.55868339960775,0.7698918619654429,0.359757464992811,0.07564189810062441,3.5690427119230594e-05,6.0985604997168235,9.699141746818318,3.526886818554816,nan,nan
143.46,201.78001403808594,-223.68673706054688,-23.551664352416992,202.43505400654513,-224.09088069189036,-23.56017063058462,0.7697283883310951,0.3598032663819376,0.07566511875471614,3.499405184254181e-05,6.051873540849399,9.601320553689977,nan,0.02844689050671601,nan
143.47,201.78872680664062,-223.68557739257812,-23.55339241027832,202.44360648641006,-224.0896547123879,-23.561938231574803,0.7695576043553857,0.35984915387874367,0.075688405260716,3.5699431946822946e-05,6.019103274508598,9.626033540030974,nan,nan,nan
143.48,201.7974395751953,-223.68441772460938,-23.555198669433594,202.45212851908346,-224.08839468691494,-23.560795723289775,0.7693154920673807,0.35989512733026935,0.07571175752963809,3.5002716764280485e-05,4.857241354878149,8.38695040178947,nan,6.315377697967041,nan
143.49,201.80613708496094,-223.6832733154297,-23.557085037231445,202.46068067292325,-224.08716900864772,-23.56269413818001,0.7691492063027164,0.35994118717045326,0.07573517593037236,3.570845759830908e-05,4.831588927212643,8.443109250608154,nan,nan,nan
143.5,201.81484985351562,-223.68214416503906,-23.55904769897461,202.44175758150163,-224.07888615640778,-23.56568584606821,0.7419309753074258,0.35987926791432007,0.07572640769402211,3.499021393709427e-05,5.364104050613488,9.182671620086584,9.362372723773664,0.8269940335557725,nan
143.51,201.8235626220703,-223.6810302734375,-23.56108856201172,202.45025644909234,-224.0776919709666,-23.56775109828213,0.741707519514088,0.35992513743172333,0.07574981040611832,3.569543943037306e-05,5.337036222394896,9.040985906766263,nan,nan,nan
143.52,201.832275390625,-223.67994689941406,-23.563203811645508,202.45875533126755,-224.07651809666794,-23.56989357895255,0.7414786466955697,0.35997109297073737,0.07577327918126327,3.64149749280036e-05,5.310690213367089,9.259811180065647,nan,nan,nan
143.53,201.8409881591797,-223.6788787841797,-23.565349578857422,202.46725405393144,-224.07536515088702,-23.572090308963023,0.7412528902853298,0.3600171346758624,0.07579681416395714,3.714896493018591e-05,5.293395567095447,9.092568513174498,nan,nan,nan
143.54,201.84970092773438,-223.67782592773438,-23.56749153137207,202.47576597339696,-224.07424444833933,-23.575746085449772,0.7410622258232683,0.3600632625593281,0.07582041540373834,3.636623040568745e-05,5.932814198339796,9.590237212501169,nan,1.3644015037257704,nan
143.55,201.8583984375,-223.6768035888672,-23.56960678100586,202.46545989448148,-224.06005364842753,-23.57790006306186,0.7179644832669271,0.360001306529535,0.07581154307288612,3.707513393074109e-05,5.613270243671664,10.153640774208453,5.393520023915728,nan,nan
143.56,201.8671112060547,-223.67579650878906,-23.571691513061523,202.47391982711008,-224.05892157653744,-23.57860171065388,0.7176693326004076,0.3600472437966118,0.07583512781295627,3.629610764481003e-05,5.062362510294441,9.488526737896283,nan,1.4365868950000857,nan
143.57,201.87582397460938,-223.6748046875,-23.57373809814453,202.4823929871285,-224.0578210588227,-23.580735070720657,0.717409551981888,0.36009326727578195,0.07585877903166993,3.702654693972642e-05,5.057897811828164,9.34867973260697,nan,nan,nan
143.58,201.88453674316406,-223.67384338378906,-23.575746536254883,202.490857049119,-224.05673308835262,-23.581823163101063,0.7171232562592585,0.3601393768699364,0.07588249670723532,3.625017637793124e-05,4.742722579027506,9.331547411147042,nan,0.6686618792076763,nan
143.59,201.8932342529297,-223.6728973388672,-23.577714920043945,202.49932976322413,-224.05567185347329,-23.58387205454077,0.7168723784162844,0.36018557295785625,0.07590628114308655,3.69794096634031e-05,4.737668061447159,9.171079645627891,nan,nan,nan
143.6,201.90194702148438,-223.67196655273438,-23.579647064208984,202.55176355013356,-224.08424091329337,-23.58552692594544,0.7695883588348013,0.36012357926349,0.07589730121861026,3.618310811307942e-05,5.31635503545944,8.303323413674164,27.38915663825689,0.03536369112609209,nan
143.61,201.91065979003906,-223.6710662841797,-23.581539154052734,202.56029574732537,-224.0832845267843,-23.58749602629407,0.7694064211210021,0.36016958442224417,0.0759210683128609,3.691028903095308e-05,5.310911815549365,8.588425060768815,nan,nan,nan
143.62,201.9193572998047,-223.670166015625,-23.583393096923828,202.5688279601834,-224.08234648533843,-23.589443526907598,0.7692473503424851,0.3602156756305057,0.07594490205823701,3.6140040753408226e-05,5.351848756929332,8.189366438810257,nan,0.0001533627804318233,nan
143.63,201.92807006835938,-223.66929626464844,-23.58521270751953,202.5773598172906,-224.08142639304913,-23.591339771284073,0.7690682425592249,0.3602618532395646,0.07596880273127958,3.686615742423902e-05,5.346264552546636,8.487681726053946,nan,nan,nan
143.64000000000001,201.93678283691406,-223.66844177246094,-23.586994171142578,202.58051801203675,-224.08736257459418,-23.59189470809916,0.7680583502655626,0.3598384188093256,0.07522726038739268,3.609817375058045e-05,6.7984632942763055,9.890382384600125,nan,1.1242362569573485,0.061239831624382735
143.65,201.9454803466797,-223.6676025390625,-23.5887393951416,202.58526655108395,-224.08202683744233,-23.593590578213945,0.7622974618945173,0.3597754200748035,0.0752193148793773,3.680003106057026e-05,6.54466345115728,9.821625171478882,1.9009525535495597,nan,nan
143.66,201.95419311523438,-223.66677856445312,-23.590452194213867,202.59379053605775,-224.08115822233646,-23.595320718454705,0.7621148628124943,0.35982030026866163,0.07524001276295228,3.603566143996101e-05,6.547122620639442,9.798572832615214,nan,0.0014189987699869914,nan
143.67000000000002,201.96290588378906,-223.6659698486328,-23.59212875366211,202.60231433283045,-224.08030698415953,-23.597063039037295,0.7619335756837076,0.3598652651721665,0.0752607712251689,3.6758926424897526e-05,6.536065567781034,9.758872695466026,nan,nan,nan
143.68,201.9716033935547,-223.66517639160156,-23.593772888183594,202.61084051075548,-224.07943171833432,-23.59635220337721,0.7617336940168207,0.35991031492694137,0.07528158955373708,3.599691684071083e-05,6.042554152728565,9.242106366823808,nan,3.9067294770624033,nan
143.69,201.98031616210938,-223.66441345214844,-23.59538459777832,202.61936415362868,-224.07861273629018,-23.598005920570266,0.7615446498936039,0.3599554496806759,0.07530246872689293,3.6719306669561285e-05,6.028291083740971,9.60813423514427,nan,nan,nan
143.70000000000002,201.98902893066406,-223.6636505126953,-23.59696388244629,202.61652747002896,-224.06489065504698,-23.600300694066664,0.7448215914239135,0.3598924395493481,0.07529447181580907,3.593746458233179e-05,5.548980487979061,9.43232969411657,10.592558645739368,0.23334143156475376,nan
143.71,201.9977264404297,-223.66290283203125,-23.5985107421875,202.62504761733643,-224.06406302036763,-23.60190000968104,0.7446293325110732,0.359937386271788,0.07531534413863614,3.665813694471239e-05,5.536075585581174,9.426502947602344,nan,nan,nan
143.72,202.00643920898438,-223.66217041015625,-23.600027084350586,202.6335687507395,-224.06323568674583,-23.602534918044462,0.7444132638915715,0.35998241777976797,0.07533627661649513,3.5901600038817076e-05,5.381906776406383,9.282908751048673,nan,0.5853094103399599,nan
143.73,202.01515197753906,-223.66146850585938,-23.60151481628418,202.64208867224662,-224.0624380034224,-23.60406554959117,0.744199343850267,0.3600275342223177,0.07535727013706324,3.662152026085127e-05,5.367385151824413,9.705710158576375,nan,nan,nan
143.74,202.0238494873047,-223.6607666015625,-23.602970123291016,202.6506079548589,-224.06166305404,-23.606106046426678,0.7440120807311367,0.3600727357390563,0.07537832412212547,3.5867147136936845e-05,5.447514034010672,9.403135328327545,nan,0.19494841724871334,nan
143.75,202.03256225585938,-223.6600799560547,-23.604398727416992,202.6978734910931,-224.077116349821,-23.607578547371705,0.7852187623260137,0.36000971378449176,0.0753702735208687,3.6563490376207e-05,5.508836888857139,8.895224005419967,14.126308150360332,nan,nan
143.76,202.04127502441406,-223.65940856933594,-23.605798721313477,202.70646357765062,-224.0763494277835,-23.60662622916364,0.7850580714629842,0.3600547270642235,0.07539132013183557,3.581214898750227e-05,5.235480593941588,8.66180796807478,nan,3.8909182089553602,nan
143.77,202.0499725341797,-223.65875244140625,-23.60717010498047,202.71505014033582,-224.0756320266597,-23.60802569988874,0.7849315529739507,0.36009982521340783,0.07541242798369593,3.652982999285235e-05,5.220004184396184,8.745322187696257,nan,nan,nan
143.78,202.05868530273438,-223.65809631347656,-23.60851287841797,202.7236390449445,-224.07490530838095,-23.607833029746985,0.7847889395924598,0.36014500837026225,0.07543359657963515,3.578052290330932e-05,5.1978152229920225,8.339222133148187,nan,1.6540771050986038,nan
143.79,202.06739807128906,-223.657470703125,-23.609830856323242,202.73222567334034,-224.07421438928156,-23.6091640534751,0.7846473634867122,0.36019027668592346,0.07545482668676216,3.6497612621775655e-05,5.180904770222878,8.780905622604063,nan,nan,nan
143.8,202.0760955810547,-223.65684509277344,-23.611122131347656,202.7741211179451,-224.0942391027806,-23.609428890228042,0.8237451287909239,0.3601272424449121,0.07544671860613206,3.572845229836127e-05,5.760447861011236,8.34295205424363,14.780848651424657,0.8106194566223718,nan
143.81,202.08480834960938,-223.65623474121094,-23.61238670349121,202.78275234225916,-224.09362081235554,-23.61069955656307,0.823671802705415,0.36017232231345403,0.0754679407538993,3.6444108873258525e-05,5.743428326241793,8.33987033489642,nan,nan,nan
143.82,202.09352111816406,-223.6556396484375,-23.61362648010254,202.7913787189273,-224.09305329574264,-23.614769441349196,0.823612309373896,0.36021748712240326,0.0754892239182188,3.569958731959567e-05,5.686869137167219,8.362327449630651,nan,5.407522210740642,nan
143.83,202.1022186279297,-223.65505981445312,-23.61484146118164,202.80000968449477,-224.09245912259775,-23.616019445037846,0.8235483598633226,0.36026273702428113,0.07551056879339423,3.6414756805837915e-05,5.672752736970714,8.518504143159175,nan,nan,nan
143.84,202.11093139648438,-223.65447998046875,-23.61603355407715,202.80863820299922,-224.09189630641282,-23.618737524770328,0.8234896122702833,0.3603080721552253,0.07553197499053384,3.567206661933205e-05,5.825208139101037,8.321387991849333,nan,1.511526121145165,nan
143.85,202.11964416503906,-223.6539306640625,-23.61720085144043,202.81551936872393,-224.088042188098,-23.61989741365174,0.8201843608918883,0.3602450251510526,0.07552380688700772,3.6364198749037674e-05,5.639116529121681,8.768087195642117,1.0118369101981275,nan,nan
143.86,202.1283416748047,-223.65338134765625,-23.618343353271484,202.8241509260413,-224.0874833666982,-23.621997594119225,0.8201270819323908,0.36029017161906574,0.07554520455840866,3.562418323712154e-05,5.798625447660477,8.738170465664957,nan,0.5587567081051683,nan
143.87,202.13705444335938,-223.65283203125,-23.619464874267578,202.83278413744856,-224.08692399189195,-23.6231788286065,0.8200545292773094,0.3603354031133445,0.0755666641399344,3.633762450090911e-05,5.789170930100631,8.380250559093575,nan,nan,nan
143.88,202.14576721191406,-223.65231323242188,-23.620563507080078,202.84141849078887,-224.08636858488933,-23.623782891103247,0.8199665329995405,0.3603807197687249,0.07558818530749985,3.5599310727887474e-05,5.685261950029495,8.768748864033544,nan,0.21036316045372358,nan
143.89000000000001,202.1544647216797,-223.65179443359375,-23.621641159057617,202.8500519152308,-224.08583076278978,-23.6249156250063,0.8199023118771767,0.36042612173969124,0.07560976865930737,3.631239838883124e-05,5.6742907152369995,8.569719617171213,nan,nan,nan
143.9,202.16317749023438,-223.6512908935547,-23.622695922851562,202.8923777065244,-224.11504163828732,-23.626629325349608,0.8641835339398134,0.36036306145382574,0.07560153687497707,3.5554129630725396e-05,6.957043380000683,8.826654554900703,37.75557160359144,0.25002256647848675,nan
143.91,202.17189025878906,-223.65078735351562,-23.623729705810547,202.9010404522889,-224.1146053000275,-23.62772699627529,0.8641776845755753,0.36040827454172814,0.0756231110824359,3.6266019918301676e-05,6.949538353767976,8.633487478191169,nan,nan,nan
143.92000000000002,202.18060302734375,-223.65029907226562,-23.624744415283203,202.90970611508388,-224.11416149226204,-23.627309283616125,0.8641563722999945,0.3604535727220675,0.07564474713338139,3.553180815563466e-05,6.680795863302589,8.46496140763834,nan,1.5318281864241634,nan
143.93,202.18930053710938,-223.6498260498047,-23.6257381439209,202.91836891168813,-224.11374497795697,-23.628353154290558,0.8641575695370081,0.3604989561505047,0.07566644556864599,3.624343111142926e-05,6.6702140798313785,8.66543917884734,nan,nan,nan
143.94,202.19801330566406,-223.64935302734375,-23.626710891723633,202.92703061791983,-224.11334450945887,-23.629928330420245,0.8641554773047317,0.3605444249601003,0.07568820614929073,3.551072237048079e-05,6.760101618920965,8.493494994093455,nan,0.20762818875082548,nan
143.95000000000002,202.20672607421875,-223.64889526367188,-23.62766456604004,202.93867869194094,-224.11184169441697,-23.63100071516491,0.8660745708199519,0.3604813508689441,0.07567990793319894,3.619972837495503e-05,6.611539614146628,8.559404140795147,1.001234300365011,nan,nan
143.96,202.21543884277344,-223.64845275878906,-23.62860107421875,202.94735051239834,-224.11144912654422,-23.632170758392935,0.8660675905105139,0.36052663056988377,0.07570165876222776,3.546934983741212e-05,6.64945790915722,8.717688225630642,nan,0.021085186491913606,nan
143.97,202.22413635253906,-223.64801025390625,-23.6295166015625,202.9560228816016,-224.11106362361764,-23.633149572097217,0.8660770826544159,0.3605719954506197,0.07572347217479981,3.6179664175749365e-05,6.641356018848807,8.654030060485677,nan,nan,nan
143.98,202.23284912109375,-223.6475830078125,-23.630414962768555,202.96469691322213,-224.11067983160652,-23.63344082254326,0.8660652486266058,0.36061744564319387,0.0757453479824946,3.5450664901293116e-05,6.521153218298857,8.571099025509627,nan,0.30879432496434184,nan
143.99,202.24156188964844,-223.64715576171875,-23.631296157836914,202.9733696960823,-224.1103118122039,-23.634378261863667,0.8660633302615738,0.3606629813048108,0.07576728665114485,3.616081980855044e-05,6.5125413380188375,8.387166111815404,nan,nan,nan
144.0,202.25027465820312,-223.64674377441406,-23.632158279418945,202.95465778838923,-224.0943804770755,-23.63427701733412,0.8345889411624933,0.3605998928386072,0.07575891844632962,3.5411713321482865e-05,6.034700330074103,8.433415698784938,8.251214793160395,0.7900803941754484,nan
144.01,202.25897216796875,-223.64633178710938,-23.63300323486328,202.9632909245228,-224.09399649895838,-23.635171812548137,0.8345497635239376,0.36064523916165003,0.0757808467119055,3.612086168420517e-05,6.02442924565052,8.32604190184872,nan,nan,nan
144.02,202.26768493652344,-223.64593505859375,-23.633832931518555,202.97192369429908,-224.0936226902948,-23.636258241370392,0.834495252029248,0.3606906707265327,0.0758028376161889,3.539531391491459e-05,6.046667892619033,8.426669765702338,nan,0.0297369229298223,nan
144.03,202.27639770507812,-223.64553833007812,-23.634645462036133,202.98055706007796,-224.09325490858825,-23.637123270859764,0.8344439294782828,0.3607361876913034,0.07582489158080505,3.6104372703180274e-05,6.037351983083384,8.257541164642404,nan,nan,nan
144.04,202.2851104736328,-223.64515686035156,-23.635440826416016,202.98919048013738,-224.0928956096067,-23.638029789432583,0.8343892052714544,0.3607817901867218,0.07584700848302539,3.538001719516573e-05,6.043099482780147,8.443756721196031,nan,0.002246151885900885,nan
144.05,202.2938232421875,-223.64479064941406,-23.636220932006836,203.00114858699104,-224.07941509612482,-23.638893348431804,0.8301895535897935,0.36071868677792157,0.07583856737432752,3.606677848818934e-05,5.134592930090239,8.522167971006327,25.077847169705674,nan,nan
144.06,202.3025360107422,-223.64431762695312,-23.6370906829834,203.00982039423425,-224.07893648569552,-23.63637285307243,0.8301477379274586,0.3607640996996986,0.07586067322705063,3.53444328988229e-05,4.9402435419820785,8.047065363240987,nan,7.9734677285995925,nan
144.07,202.3112335205078,-223.6437530517578,-23.638050079345703,203.01848494852499,-224.07839420067057,-23.637303552503145,0.830131355908727,0.3608095979513878,0.07588284233820097,3.605251922169712e-05,4.929696578429746,8.211379167775998,nan,nan,nan
144.08,202.3199462890625,-223.64309692382812,-23.639097213745117,203.027152381298,-224.07774860981695,-23.637153589303903,0.8301001883531389,0.3608551816630893,0.07590507462350252,3.533125200434653e-05,5.010007598403518,8.235040299911972,nan,0.948549453127977,nan
144.09,202.3286590576172,-223.64234924316406,-23.64023208618164,203.0358173257771,-224.0770212044107,-23.63825072750536,0.8300701511939287,0.3609008509938599,0.07592737044742756,3.603933358163077e-05,5.0008528070603475,8.2426202157699,nan,nan,nan
144.1,202.33737182617188,-223.64151000976562,-23.64145278930664,203.04079324104873,-224.07287827191064,-23.63874935856149,0.8251591198254812,0.3608377320258912,0.07591885295395358,3.529778010866453e-05,4.983939474767436,8.360608014619437,0.4433938872190568,0.3398469311666711,nan
144.11,202.34608459472656,-223.6405792236328,-23.642759323120117,203.04945489696541,-224.07196064956236,-23.64001415612052,0.8251225682590657,0.3608832115435914,0.0759411370446341,3.600500575638919e-05,4.975086816116818,8.311203864325982,nan,nan,nan
144.12,202.35479736328125,-223.6395721435547,-23.644149780273438,203.05811724716503,-224.07095113430415,-23.640992380729227,0.825079791231249,0.360928776449997,0.07596348454030111,3.528659193003601e-05,5.036507736709568,8.714461963732974,nan,0.0961110883041313,nan
144.13,202.36349487304688,-223.6384735107422,-23.64562225341797,203.066778633126,-224.06985685669875,-23.64242341067014,0.8250514353388185,0.3609744269046396,0.07598589577222417,3.599386814127975e-05,5.026396756529822,8.737194872996708,nan,nan,nan
144.14000000000001,202.37220764160156,-223.6372833251953,-23.647178649902344,203.075441624453,-224.06867000112476,-23.643194362082067,0.8250141655486747,0.36102016303688655,0.07600837070552913,3.5276362206887875e-05,5.180873760806505,8.644966069561205,nan,0.3843480437453008,nan
144.15,202.38092041015625,-223.63600158691406,-23.648815155029297,203.08458733724413,-224.06860626557298,-23.64484757451222,0.8260203956138409,0.36095702790096507,0.07599977378556255,3.5961576815393406e-05,5.224065756286956,8.529846841371569,0.28776639365881873,nan,nan
144.16,202.38963317871094,-223.6346435546875,-23.650531768798828,203.0932510339427,-224.06724721610837,-23.645050114806224,0.8259867205991709,0.3610025739758976,0.07602223630176687,3.524579188202731e-05,5.627562174540526,9.182047238932531,nan,1.5056343390445888,nan
144.17000000000002,202.39834594726562,-223.63319396972656,-23.652328491210938,203.10191131436997,-224.06581518474803,-23.646789716841017,0.8259515842329062,0.36104820552741934,0.07604476275018132,3.595235797682702e-05,5.617468286566749,8.98059740065411,nan,nan,nan
144.18,202.4070587158203,-223.63172912597656,-23.654203414916992,203.1105693074829,-224.06433160481492,-23.649557500879748,0.8258896063008588,0.3610939226846024,0.07606735312439904,3.5237379325288785e-05,5.36344745752488,9.249769346574347,nan,0.625930417752567,nan
144.19,202.41575622558594,-223.6302490234375,-23.656156539916992,203.1192291986859,-224.0628238059248,-23.65146583875472,0.8258433077790461,0.36113972560744256,0.07609000771332744,3.59440606366071e-05,5.349368332188047,8.988721304933163,nan,nan,nan
144.20000000000002,202.42446899414062,-223.6287841796875,-23.658185958862305,203.1632882110116,-224.07332377722574,-23.65370973891316,0.8622582707880158,0.36107657364466905,0.07608132794234046,3.5208607667560767e-05,5.2304288379448005,8.873158833707308,13.15433030764302,0.031279832954887975,nan
144.21,202.4331817626953,-223.62733459472656,-23.660289764404297,203.17201275325513,-224.07185155700463,-23.65577686172574,0.8622568808975171,0.36112218626155757,0.07610396939876322,3.591454872239648e-05,5.214946418575016,8.775689506535983,nan,nan,nan
144.22,202.44189453125,-223.62591552734375,-23.66242790222168,203.18073748878143,-224.0704011486531,-23.657697695734598,0.8622521431101036,0.3611678844114904,0.07612667500011183,3.520188921795384e-05,5.269655270792476,8.936440567983215,nan,0.028263022931610676,nan
144.23,202.45059204101562,-223.62452697753906,-23.664560317993164,203.18946127884874,-224.06897771025746,-23.659832046719842,0.8622566676919575,0.3612136682545894,0.07614944501110132,3.5907988273168576e-05,5.242304459388051,9.189771498050288,nan,nan,nan
144.24,202.4593048095703,-223.62315368652344,-23.666667938232422,203.1981829218149,-224.06758543719425,-23.662695024728322,0.862250676891673,0.3612595379197155,0.07617227946136874,3.519598378401775e-05,5.054797749912579,8.60640151783677,nan,0.384623205714098,nan
144.25,202.468017578125,-223.621826171875,-23.668743133544922,203.2025316147526,-224.0641239368935,-23.66475222217806,0.8574112842252886,0.3611963684827372,0.07616351370345646,3.588018953704099e-05,5.018140701023357,9.08314211631612,0.2632550147598188,nan,nan
144.26,202.47671508789062,-223.62051391601562,-23.6707820892334,203.21124647028253,-224.06277922866454,-23.667273072783818,0.857407296264413,0.36124204758878786,0.07618633430162731,3.5169652241542014e-05,4.9103551293997505,8.825743407757239,nan,0.144537865644635,nan
144.27,202.4854278564453,-223.6192169189453,-23.67278289794922,203.21996221144428,-224.06145804350717,-23.669307382774193,0.8573972300708842,0.36128781231471196,0.07620921950233632,3.587524009896766e-05,4.883905547099863,8.402127737347362,nan,nan,nan
144.28,202.49412536621094,-223.6179656982422,-23.674745559692383,203.22867528942166,-224.06016815059823,-23.672283274673617,0.8573871129227967,0.36133366278940016,0.07623216935560236,3.5165269660357344e-05,4.7052731607610445,8.882939377043243,nan,0.6703742633923236,nan
144.29,202.50283813476562,-223.61672973632812,-23.67667007446289,203.2373902630353,-224.05889806623117,-23.67425209575903,0.8573712776480084,0.3613795991729512,0.07625518409577242,3.5871063016840745e-05,4.682414281991177,8.456421502743112,nan,nan,nan
144.3,202.5115509033203,-223.61550903320312,-23.67855453491211,203.24083827944975,-224.06102082110516,-23.677531274948798,0.854600419612801,0.36131641156494987,0.07624632896782993,3.514043404161103e-05,4.831371146398317,8.123524428130358,3.600830037874967,1.3778404039503942,nan
144.31,202.52024841308594,-223.6143341064453,-23.680402755737305,203.24953546603945,-224.05981654222492,-23.679438708703152,0.8545847737822345,0.3613621571319031,0.07626932910954817,3.584557327001248e-05,4.813231803343569,8.7513580740237,nan,nan,nan
144.32,202.52896118164062,-223.6131591796875,-23.682214736938477,203.25823633829359,-224.05862804342755,-23.679715280979714,0.8545706582566112,0.36140798837367655,0.07629239411217797,3.513745696444171e-05,4.9525109456352805,8.172420876899997,nan,1.7814985269672465,nan
144.33,202.53765869140625,-223.61203002929688,-23.683988571166992,203.266933313159,-224.05747097142054,-23.681535184655893,0.8545555136783165,0.3614539054501989,0.07631552419308495,3.58428339826433e-05,4.928558968746283,8.900393554505673,nan,nan,nan
144.34,202.54637145996094,-223.61090087890625,-23.68572998046875,203.27562838847507,-224.05634005572443,-23.68400002130507,0.8545377234441062,0.36149990849059366,0.07633871942762513,3.513515354060501e-05,4.833342913826389,8.038707859815506,nan,0.32389620255298257,nan
144.35,202.55508422851562,-223.6098175048828,-23.687435150146484,203.30987613714726,-224.06215325995058,-23.68585968256286,0.8799550799595468,0.3614367020283626,0.07632977172706683,3.581875221277055e-05,4.6777794477115675,8.69825662882213,8.35438490361017,nan,nan
144.36,202.56378173828125,-223.60873413085938,-23.689105987548828,203.31862167305587,-224.0610666118912,-23.687563857253462,0.8799945333312041,0.3614825139904566,0.07635295160949383,3.511232138225045e-05,4.663619589117782,8.309902961824756,nan,0.00034280771600679084,nan
144.37,202.57249450683594,-223.60768127441406,-23.69074249267578,203.32736706123814,-224.06000164252478,-23.68925729231776,0.8800161899747179,0.36152841171240235,0.07637619675922919,3.581733306441276e-05,4.644758259942919,8.408527756605183,nan,nan,nan
144.38,202.58119201660156,-223.60665893554688,-23.69234848022461,203.33611420152684,-224.0589544499032,-23.690152344011352,0.8800474763406149,0.36157439532361585,0.07639950726561925,3.511126362098323e-05,4.707093806228933,8.823407413176172,nan,0.41214191368465275,nan
144.39000000000001,202.58990478515625,-223.60565185546875,-23.69392204284668,203.34485959657408,-224.05793125000514,-23.691774949297226,0.8800670588175927,0.3616204649836076,0.07642288332515691,3.5816546398262794e-05,4.685622833495389,8.53384045167056,nan,nan,nan
144.4,202.59860229492188,-223.6046600341797,-23.695463180541992,203.35151585193483,-224.04188293538945,-23.692786638163433,0.8706605845881019,0.3615572389366422,0.07641383969962388,3.508964681219976e-05,4.064788725973698,8.837055262853891,18.458979671407317,0.24376361978199948,nan
144.41,202.60731506347656,-223.6036834716797,-23.69697380065918,203.3602791041688,-224.04084891400439,-23.694342657216932,0.8706752514309447,0.36160311725226213,0.07643719963052789,3.5794337267144995e-05,4.041947756697194,8.512689137059859,nan,nan,nan
144.42000000000002,202.6160125732422,-223.6027374267578,-23.698455810546875,203.3690426581031,-224.03983437124296,-23.695762567826627,0.8706981687934301,0.3616490813818556,0.07646062511651602,3.508972688891119e-05,4.04250730506627,8.955457869602522,nan,0.007986667125999903,nan
144.43,202.62472534179688,-223.601806640625,-23.699907302856445,203.37780593914508,-224.0388396184627,-23.69725926633663,0.8707096082606557,0.3616951314845352,0.0764841163427251,3.579471217527678e-05,4.019435354365661,8.694710657189718,nan,nan,nan
144.44,202.6334228515625,-223.60089111328125,-23.70132827758789,203.38657349647423,-224.03785696483723,-23.69685156432004,0.8707439866681123,0.3617412676902931,0.0765076734154729,3.509035229680876e-05,4.382386305015867,9.20561760309852,nan,2.4726719747850483,nan
144.45000000000002,202.6421356201172,-223.59999084472656,-23.702722549438477,203.38734892074925,-224.02231340984798,-23.698342926476098,0.856573635799606,0.3616780213423439,0.07649853061882617,3.57736332236838e-05,3.846857951553388,9.117637245879429,11.718908574053033,nan,nan
144.46,202.6508331298828,-223.59912109375,-23.704090118408203,203.3961109142261,-224.02133621337032,-23.70180028365675,0.8565686349702801,0.3617239659337531,0.07652207077683208,3.5070340762474154e-05,3.4480384720216457,9.268573431107292,nan,2.9867122871671543,nan
144.47,202.6595458984375,-223.59825134277344,-23.705429077148438,203.40487747580917,-224.02036984492852,-23.703190836448652,0.8565676854810887,0.36176999642179325,0.07654567685952851,3.5775063380556814e-05,3.427388175555144,8.591255523228547,nan,nan,nan
144.48,202.66824340820312,-223.597412109375,-23.706741333007812,203.41364268632086,-224.01942255602816,-23.705155903289402,0.8565718968599345,0.3618161129369409,0.07656934898230745,3.507196016085779e-05,3.347197451986815,9.111190542968224,nan,0.25342664954760863,nan
144.49,202.6769561767578,-223.59658813476562,-23.708026885986328,203.42240933039574,-224.0184904112493,-23.706501040892483,0.8565653876815756,0.3618623156376006,0.07659308731674784,3.577699949320078e-05,3.329118237190285,8.873735448616701,nan,nan,nan
144.5,202.6856689453125,-223.5957794189453,-23.709287643432617,203.4258546399566,-224.01112561946744,-23.70861298411248,0.8487566105834743,0.36179904822848175,0.07658384202042261,3.505291258349869e-05,3.094953680852759,8.885141902392554,1.7664009736581467,0.4036748028497439,nan
144.51,202.69436645507812,-223.59498596191406,-23.710521697998047,203.434618629951,-224.01020835875772,-23.709916797731278,0.8487539614923354,0.36184505904051795,0.07660756263429636,3.5757401917523944e-05,3.0809285003934814,9.071117439448246,nan,nan,nan
144.52,202.7030792236328,-223.59420776367188,-23.711732864379883,203.44338068975554,-224.00930945007914,-23.712085255811672,0.8487377657329404,0.3618911558029931,0.07663134947749412,3.5055429955295395e-05,3.063250437589663,8.80013426025216,nan,0.5556903029929047,nan
144.53,202.71177673339844,-223.59344482421875,-23.712919235229492,203.45214480309716,-224.00842374756695,-23.713350728877604,0.8487358668274874,0.3619373386737573,0.07665520271449948,3.5760252961295584e-05,3.0538255412893354,8.993483548486296,nan,nan,nan
144.54,202.72048950195312,-223.5926971435547,-23.714082717895508,203.46091233101862,-224.0075496233205,-23.71306296422699,0.8487223254202392,0.3619836077841004,0.07667912247132862,3.505837840782269e-05,3.0674473988773525,8.800877608230385,nan,1.648328820254774,nan
144.55,202.72918701171875,-223.5919647216797,-23.715221405029297,203.47070307094245,-224.00168260703276,-23.714194862021174,0.84718112907181,0.3619203185674388,0.0766697714048956,3.5741540546202575e-05,2.8749934149713927,9.199842068820887,2.771220799293235,nan,nan
144.56,202.73789978027344,-223.59124755859375,-23.716339111328125,203.4794786149033,-224.00082215844895,-23.714570179727957,0.8471680175363806,0.36196639551121984,0.0766936726241817,3.50405843815308e-05,2.9244163855295637,9.024526967871386,nan,0.45785750233160866,nan
144.57,202.74661254882812,-223.59054565429688,-23.71743392944336,203.48825262480216,-223.99997787457357,-23.71572231272708,0.8471526869008088,0.36201255848532393,0.07671764041660299,3.5745213204341644e-05,2.9067201713371174,9.077885787259019,nan,nan,nan
144.58,202.75531005859375,-223.58985900878906,-23.718505859375,203.49702788618956,-223.99914637474458,-23.716293220734453,0.8471519223102812,0.3620588076216476,0.07674167491358819,3.5044305460331195e-05,2.953974560390216,9.403996335039462,nan,0.22107271292256955,nan
144.59,202.76402282714844,-223.5891876220703,-23.719558715820312,203.50580206491614,-223.99832957972953,-23.717398106425893,0.8471353181950352,0.36210514307714675,0.07676577627152059,3.574928091267901e-05,2.934542903021828,9.174790058492782,nan,nan,nan
144.6,202.77272033691406,-223.58853149414062,-23.72058868408203,203.52613666362882,-223.99299337228587,-23.718665991800297,0.8551194471994791,0.36204183126683503,0.0767563161264236,3.502725680549948e-05,2.653873533858948,9.913822841474213,8.871382103583446,0.015781087735771127,nan
144.61,202.78143310546875,-223.58787536621094,-23.72159767150879,203.534943646831,-223.9921786874056,-23.719733105156703,0.8551273519662275,0.36208797427364375,0.07678039811261678,3.573170943199464e-05,2.636599306090147,9.237689372182862,nan,nan,nan
144.62,202.79014587402344,-223.5872344970703,-23.72258758544922,203.5437549367805,-223.9913736454932,-23.718682915297805,0.8551434483211208,0.36213420336460866,0.0768045469840598,3.5031667354389805e-05,2.9655008118523893,9.599409655870923,nan,3.1020588546849863,nan
144.63,202.79884338378906,-223.5866241455078,-23.72355842590332,203.5525621013397,-223.9905848566426,-23.719690800669706,0.8551556114834675,0.3621805186960411,0.07682876289315546,3.573647836067371e-05,2.939282172234389,10.408811227439283,nan,nan,nan
144.64000000000001,202.80755615234375,-223.5860137939453,-23.72450828552246,203.48774328213233,-223.98787534421183,-23.721743023245157,0.7900347358110875,0.3545422597517608,0.07684773915128924,3.50363482912375e-05,3.9754029619263034,10.87160816089396,nan,0.8056660116426144,0.7053663262677696
144.65,202.81625366210938,-223.5854034423828,-23.725440979003906,203.49893837992744,-223.9855116158683,-23.722828342147476,0.7912975422074537,0.35447324600854585,0.07683804825378435,3.571951852816189e-05,3.8028572268313168,10.759585102340193,1.8682495996380024,nan,nan
144.66,202.82496643066406,-223.58482360839844,-23.72635269165039,203.50767781125185,-223.98480131420146,-23.726331615277566,0.7912502731549296,0.35451396800470625,0.07686256950958655,3.502025322670356e-05,3.5941755925948105,11.075051504894674,nan,4.538369551532767,nan
144.67000000000002,202.83367919921875,-223.58424377441406,-23.727249145507812,203.51647156675688,-223.98410078970502,-23.72730618043528,0.791259156723447,0.3545547748494357,0.07688715167101923,3.5724910817247835e-05,3.577375673543404,10.543417987290766,nan,nan,nan
144.68,202.84237670898438,-223.58367919921875,-23.728124618530273,203.52526751960278,-223.98341168531104,-23.728166350979627,0.7912811898473133,0.3545956654066952,0.07691179488103611,3.502558146062965e-05,3.5600769892964337,11.011479277465142,nan,0.006697194212789365,nan
144.69,202.85108947753906,-223.5831298828125,-23.728984832763672,203.53406165940504,-223.9827339580702,-23.729106422736063,0.7912865681593916,0.35463664108277654,0.07693649928540112,3.57306037104157e-05,3.5433831764432315,10.826747179279849,nan,nan,nan
144.70000000000002,202.85980224609375,-223.5825958251953,-23.729827880859375,203.5635325217648,-223.99630959480015,-23.730946799935367,0.8163312048651672,0.3545677511965595,0.07692669910145926,3.501004694536732e-05,3.8951676569401124,10.873738621153482,6.490681602361143,0.47742392024039254,nan
144.71,202.86849975585938,-223.58206176757812,-23.730653762817383,203.57234704107378,-223.99568624778306,-23.731864811294514,0.8163869659462388,0.35460856002671537,0.07695137793047131,3.5714562211416965e-05,3.883547999395095,10.764988841027298,nan,nan,nan
144.72,202.87721252441406,-223.58154296875,-23.731462478637695,203.58118095453196,-223.99507315395252,-23.731831280761774,0.8164428336946141,0.3546494525487841,0.07697611804294509,3.501588846029502e-05,3.829598750702267,10.668851498631806,nan,0.6182577588814014,nan
144.73,202.88592529296875,-223.58103942871094,-23.732255935668945,203.58999593758944,-223.9944708160252,-23.732709412927402,0.8164809797385402,0.3546904300934434,0.0770009195838105,3.57207762708741e-05,3.814545360241255,10.785369698346669,nan,nan,nan
144.74,202.89463806152344,-223.58042907714844,-23.733139038085938,203.5988177070177,-223.99382692863267,-23.733301999400496,0.8165578872906675,0.35473149163764817,0.07702578269725494,3.502197944100998e-05,3.796106300735003,10.363044720160257,nan,0.07378352711554995,nan
144.75,202.90333557128906,-223.57974243164062,-23.73410987854004,203.61762670370405,-224.00304441949694,-23.734291398405958,0.8302989989872656,0.35466272585464265,0.07701587058583066,3.570523482175262e-05,4.113275348613045,11.013351485896898,4.494580228357807,nan,nan
144.76,202.91204833984375,-223.57894897460938,-23.735170364379883,203.62645300068434,-224.00224211479468,-23.734875461548885,0.8303921898274158,0.3547036204202642,0.07704070750336915,3.500714469722114e-05,4.101494913163617,10.240155159560038,nan,0.18250462191017885,nan
144.77,202.92076110839844,-223.5780792236328,-23.736316680908203,203.63526944409188,-224.00134919524535,-23.736051354483962,0.8304695665961511,0.3547445999117627,0.07706560607997254,3.5711903549410195e-05,4.086918373626044,10.726477621894928,nan,nan,nan
144.78,202.92945861816406,-223.5771026611328,-23.737550735473633,203.6440694452956,-224.00036662957626,-23.738169608741636,0.8305548773201198,0.3547856633807632,0.07709056646011878,3.501366196341258e-05,4.082494510568846,10.350565323241959,nan,0.515917337427243,nan
144.79,202.93817138671875,-223.5760498046875,-23.738866806030273,203.65288615225262,-223.99929555343007,-23.73952762937584,0.8306350561999476,0.3548268120462836,0.07711558878830833,3.571879465449152e-05,4.070109952503594,10.611075747244591,nan,nan,nan
144.8,202.94688415527344,-223.57492065429688,-23.74026870727539,203.64931470416224,-223.98434064979025,-23.74043147219061,0.813039627087411,0.354758168196302,0.07710556209521884,3.499923569552753e-05,3.5848730395146244,11.176041909766885,9.54879461008905,0.22883635389635176,nan
144.81,202.95559692382812,-223.5736846923828,-23.74175453186035,203.65813472139604,-223.98305843108153,-23.74195431295691,0.8131090055215401,0.3547991497044345,0.07713055759096851,3.570386891586121e-05,3.572188878833007,10.446498230162797,nan,nan,nan
144.82,202.96429443359375,-223.57237243652344,-23.743322372436523,203.66697167414145,-223.98169087693842,-23.74265268655815,0.813201905142048,0.3548402151664966,0.07715561511746649,3.5006121420461945e-05,3.570188691072673,10.988314587627753,nan,0.5819361412941167,nan
144.83,202.97300720214844,-223.57098388671875,-23.744970321655273,203.67579147223017,-223.98023859696025,-23.744332492014035,0.8132622916106601,0.35488136572850093,0.07718073481934704,3.5711133623071264e-05,3.555029720137638,11.055752126039975,nan,nan,nan
144.84,202.98171997070312,-223.5695037841797,-23.7466983795166,203.68457866492736,-223.97870229248375,-23.74785163162263,0.8132988953855035,0.3549226005512248,0.0772059168408989,3.501318888728716e-05,3.568350851313126,10.810083872287365,nan,2.1797157758207835,nan
144.85,202.99041748046875,-223.5679473876953,-23.748506546020508,203.68342524275292,-223.9809298839078,-23.749769375380257,0.8067316130548023,0.35485407857297546,0.07719577290196267,3.569656584018912e-05,3.9457792093761617,10.850460863949353,11.959477630079666,nan,nan
144.86,202.99913024902344,-223.56629943847656,-23.750391006469727,203.69222279386528,-223.9792507588024,-23.750648861011335,0.80678754028751,0.3548951460877992,0.07722092743890772,3.499925774180512e-05,3.889847830398343,10.384126633545634,nan,0.7954033488283876,nan
144.87,203.00784301757812,-223.56459045410156,-23.752355575561523,203.70100098405567,-223.9774902824925,-23.752657999830443,0.8068174057598132,0.3549362986060704,0.07724614437512074,3.5704150032044665e-05,3.876388710548838,10.880301423703354,nan,nan,nan
144.88,203.01654052734375,-223.56280517578125,-23.754396438598633,203.7098260469192,-223.97566184735675,-23.75209286064675,0.8069081418530771,0.3549775353592504,0.07727142385444066,3.5006624435215134e-05,4.011426875912218,10.68491339009055,nan,4.965758425986612,nan
144.89000000000001,203.02525329589844,-223.56100463867188,-23.756511688232422,203.71860370087012,-223.97379722842456,-23.754230989661117,0.8069310427881031,0.3550188573876134,0.07729676602215962,3.5711893600588285e-05,3.990874535368219,10.430650929991783,nan,nan,nan
144.9,203.03396606445312,-223.55923461914062,-23.75865936279297,203.70749081255377,-223.95781682088267,-23.756252907533476,0.7826296371058865,0.3549504551743575,0.07728650216365199,3.4992980066050485e-05,3.6723356879270472,11.102140763864256,5.947777360195992,0.008247034966786944,nan
144.91,203.04266357421875,-223.55747985839844,-23.760799407958984,203.7162486749661,-223.9559387203051,-23.758456633230992,0.7826185796249672,0.35499160970041893,0.077311816179494,3.5697751594415286e-05,3.6445893053568126,11.050056809187668,nan,nan,nan
144.92000000000002,203.05137634277344,-223.55575561523438,-23.762916564941406,203.72500479254956,-223.95408714439986,-23.76072926227441,0.7825906208025043,0.3550328484336036,0.07733719295820946,3.500059947666323e-05,3.6117118145015823,10.799198817276034,nan,0.0048763574003044255,nan
144.93,203.06007385253906,-223.55406188964844,-23.76500129699707,203.7337621141704,-223.9522660944967,-23.762891990142332,0.782577096389927,0.3550741723463169,0.07736263264576952,3.570575118352708e-05,3.5836352191288743,10.901189988901562,nan,nan,nan
144.94,203.06878662109375,-223.55239868164062,-23.767047882080078,203.7425166598115,-223.9504769635702,-23.765167332602033,0.7825484138895039,0.35511558077153843,0.07738813538502178,3.50083468600001e-05,3.5445032188289374,10.659719946365875,nan,0.015150172047044877,nan
144.95000000000002,203.07748413085938,-223.55076599121094,-23.76905632019043,203.79364287719847,-223.9671146691946,-23.76720811477712,0.8283918079507784,0.35504729797159745,0.07737774892744657,3.569185504755447e-05,3.6533845522410773,10.937785536008395,17.671941248769844,nan,nan
144.96,203.08619689941406,-223.54916381835938,-23.771026611328125,203.80247302035056,-223.9654197417015,-23.769263317622233,0.8284464885229125,0.3550885391074793,0.07740322283324012,3.6410811198289204e-05,3.6282065083447717,10.595700099665141,nan,nan,nan
144.97,203.0948944091797,-223.54759216308594,-23.772958755493164,203.8113027971382,-223.96375663203506,-23.771280972503252,0.8285147304114722,0.3551298649465228,0.0774287598636639,3.7144219261198596e-05,3.6036343313342765,10.750115789150696,nan,nan,nan
144.98,203.10360717773438,-223.5460662841797,-23.774850845336914,203.82012847784145,-223.96212465713128,-23.773499678662038,0.8285584884977321,0.3551712752378907,0.07745436016179194,3.6361322228444265e-05,3.5627905844635652,11.023594038684722,nan,0.03711701696181917,nan
144.99,203.1123046875,-223.5445556640625,-23.77670669555664,203.8289578667864,-223.9605236188687,-23.77544546449771,0.828627002643977,0.35521277091650183,0.077480023875004,3.7093398043100595e-05,3.540750784842113,10.682223762159019,nan,nan,nan
145.0,203.1210174560547,-223.5430908203125,-23.77852439880371,203.84715572108553,-223.96667671952122,-23.777089688411603,0.8406567981907754,0.35514460545424253,0.07746951212955012,3.629058532972442e-05,3.7434651136858763,10.930490453304206,1.9525560260904824,0.060145064244294784,nan
145.01,203.1297149658203,-223.54164123535156,-23.78030776977539,203.8559909951573,-223.9651542430821,-23.77896132293384,0.8407389317889187,0.35518593325301456,0.0774951463110677,3.70204803007861e-05,3.721014326573481,10.619681839027818,nan,nan,nan
145.02,203.13841247558594,-223.54022216796875,-23.782052993774414,203.8648255482801,-223.9636609235369,-23.780838730913054,0.8408197228492993,0.3552273454758718,0.07752084397279972,3.62440853325244e-05,3.6980532250272926,10.760193014846216,nan,0.0010853066854879035,nan
145.03,203.14712524414062,-223.53883361816406,-23.78376579284668,203.8736605137976,-223.96219630403442,-23.782641621472898,0.840886868493128,0.35526884298749994,0.07754660526304086,3.6972797593223744e-05,3.677151571987496,10.432708659750567,nan,nan,nan
145.04,203.15582275390625,-223.5374755859375,-23.785444259643555,203.88250120282473,-223.9607602183489,-23.784012289433637,0.8409717585608305,0.3553104252288636,0.07757243032227894,3.619906269789313e-05,3.6849359273183366,10.780780740535292,nan,0.10483696739620918,nan
145.05,203.16452026367188,-223.53614807128906,-23.78708839416504,203.8831425672517,-223.9585738485791,-23.785685397044354,0.8335847412965204,0.3552423765389792,0.07756179060115877,3.690324673562268e-05,3.7773854507414875,10.692460860486095,2.1140455685078434,nan,nan
145.06,203.17323303222656,-223.5348358154297,-23.788700103759766,203.89194026244903,-223.95719407218044,-23.78839032050623,0.8336226219250806,0.3552837907161082,0.07758758541652758,3.613308515235314e-05,3.7126838521503234,10.036138871068175,nan,0.6691564434122224,nan
145.07,203.1819305419922,-223.53355407714844,-23.790279388427734,203.90075271802027,-223.95584213687965,-23.79006813277533,0.833686134447644,0.35532529008488084,0.07761344407028622,3.685871928175183e-05,3.69685387566097,10.372844159260163,nan,nan,nan
145.08,203.19064331054688,-223.5323028564453,-23.791826248168945,203.90955403212152,-223.95451525457702,-23.792485921441585,0.8337243968482202,0.35536687415111723,0.07763936670198156,3.609109125564046e-05,3.693456641884658,10.325817201261913,nan,0.39402816712637956,nan
145.09,203.1993408203125,-223.53106689453125,-23.793344497680664,203.9183663217612,-223.95321484669978,-23.794110537353646,0.833790832325719,0.355408543682416,0.07766535346128615,3.6815742640257604e-05,3.683396336280103,10.134251459632981,nan,nan,nan
145.1,203.20803833007812,-223.5298614501953,-23.794830322265625,203.91817785446534,-223.95054915826353,-23.79450122885948,0.8253946935370127,0.35534060972039544,0.07765458306581659,3.6028320258831886e-05,3.7536962102639695,10.21102990147652,2.1138966087155477,0.85270449529843,nan
145.11,203.2167510986328,-223.5286865234375,-23.796287536621094,203.9269680458183,-223.949299841783,-23.796054668592934,0.8254233640178922,0.35538211096262023,0.07768053885524871,3.6751145520098664e-05,3.7379117583571078,10.128962074801223,nan,nan,nan
145.12,203.22544860839844,-223.52752685546875,-23.79771614074707,203.93573980826847,-223.94807240941452,-23.7989324396679,0.8254535910270332,0.3554236968671194,0.07770655882801555,3.598933995664143e-05,3.7635040219331533,10.079814768975695,nan,1.2207679038696482,nan
145.13,203.23414611816406,-223.52638244628906,-23.799116134643555,203.94453012105112,-223.94687026231628,-23.800443254208385,0.8255042072766879,0.35546536814190055,0.0777326431347201,3.671131276029014e-05,3.7567992656111753,9.861602560032456,nan,nan,nan
145.14000000000001,203.24285888671875,-223.5252685546875,-23.800487518310547,203.95331526219627,-223.94569046836045,-23.802312535202404,0.8255338743139125,0.3555071243820112,0.07775879191354766,3.595183575374912e-05,3.7878763788981367,9.938342531858009,nan,0.09929083872320293,nan
145.15,203.25155639648438,-223.52418518066406,-23.80183219909668,203.9595003347177,-223.94405542977876,-23.80364586913808,0.823091085586491,0.35543930432101634,0.07774788815351893,3.665001068357387e-05,3.799655411908453,10.249545320929702,0.8505623455522913,nan,nan
145.16,203.26025390625,-223.5231170654297,-23.80314826965332,203.96829801881356,-223.9429225319775,-23.804051745187223,0.8231427041208478,0.3554808920695155,0.07777400522190957,3.5893737287351576e-05,3.718832559893358,10.035061058284427,nan,0.7068831110764843,nan
145.17000000000002,203.2689666748047,-223.52206420898438,-23.804439544677734,203.9770823945718,-223.94180952062547,-23.805448447912077,0.8231737466122837,0.3555225650947589,0.07780018682701309,3.661327652770545e-05,3.71070548897182,9.583667184101497,nan,nan,nan
145.18,203.2776641845703,-223.5210418701172,-23.805706024169922,203.98586957788132,-223.94071776820152,-23.806608063718567,0.8232153741415643,0.35556432304628405,0.0778264331061253,3.585919603309362e-05,3.691772085566776,9.987471519793374,nan,0.03019072972303415,nan
145.19,203.286376953125,-223.52003479003906,-23.80694580078125,203.99465406216837,-223.9396465087297,-23.807952855414484,0.8232444787645888,0.35560616655050314,0.07785274421115239,3.657805396987463e-05,3.683578547643672,9.664735453953886,nan,nan,nan
145.20000000000002,203.29507446289062,-223.51905822753906,-23.80816078186035,204.00808955150947,-223.93370918140099,-23.809801660402986,0.8248203577865516,0.35553845839912074,0.07784170438373755,3.580417323133095e-05,3.431072728388302,10.471986145572181,5.92091077583305,0.15254525966542248,nan
145.21,203.30377197265625,-223.51808166503906,-23.80935287475586,204.01689972275668,-223.932659416963,-23.811104628915338,0.824881184775256,0.3555801331742188,0.07786798302443083,3.65215077534281e-05,3.4273286783639025,9.792864241356806,nan,nan,nan
145.22,203.31248474121094,-223.5171356201172,-23.81052017211914,204.02570451956737,-223.9316283497747,-23.812841251697627,0.8249194279371495,0.3556218928337836,0.07789432653751759,3.577252983166132e-05,3.481180562500411,9.990714599122397,nan,0.14088076835914123,nan
145.23,203.32118225097656,-223.51622009277344,-23.811664581298828,204.03451509123613,-223.93061725839044,-23.814103043936843,0.8249695133544184,0.3556637379546503,0.07792073507573098,3.6489293869258256e-05,3.480176623557172,10.540105322719363,nan,nan,nan
145.24,203.3298797607422,-223.5153045654297,-23.812786102294922,204.04331749965655,-223.92962369611882,-23.816055407025075,0.8250239012996304,0.3557056682606173,0.07794720877515554,3.574229663711574e-05,3.6037711746974694,10.087403196432826,nan,0.34345941202871366,nan
145.25,203.33859252929688,-223.51441955566406,-23.813884735107422,204.06167555929852,-223.9421999216298,-23.817313379878957,0.840152882151282,0.3556380709635015,0.07793603019323593,3.6435847674556585e-05,4.061825942934963,10.070706848846836,8.73586269300015,nan,nan
145.26,203.3472900390625,-223.51353454589844,-23.81496238708496,204.07047708194122,-223.94128015184836,-23.818758411115283,0.8402262863036205,0.35567983232033357,0.07796247066044994,3.569167929380591e-05,4.130512675227826,9.792196221089485,nan,0.039098634846413266,nan
145.27,203.3560028076172,-223.51268005371094,-23.816017150878906,204.07928133476165,-223.94037823118472,-23.819944873089327,0.8402814920277715,0.35572167904815893,0.07798897634845474,3.64065546238637e-05,4.137845959709368,9.98864177867879,nan,nan,nan
145.28,203.3647003173828,-223.5118408203125,-23.817052841186523,204.08809086285518,-223.93949441478267,-23.820645194076807,0.84035372501189,0.3557636109156677,0.0780155473925871,3.5664230910025465e-05,4.0631776142888345,9.965135052328712,nan,0.1474315204761783,nan
145.29,203.3734130859375,-223.51101684570312,-23.818065643310547,204.09689528704456,-223.93862671539273,-23.821786875450382,0.8404109373058611,0.3558056284324525,0.07804218394667642,3.637867853545415e-05,4.069603284304166,9.805675067656505,nan,nan,nan
145.3,203.38211059570312,-223.51022338867188,-23.819059371948242,204.13541602219073,-223.95996852394174,-23.824799513445807,0.8773669138387804,0.3557381400335684,0.07803086390907935,3.561646142747763e-05,5.13736518715991,10.975224375593918,13.469608192589916,2.2313736256708228,nan
145.31,203.3908233642578,-223.50942993164062,-23.82003402709961,204.14424950259158,-223.95918347407735,-23.825922512122453,0.8774758510151582,0.35577998835131514,0.07805746645020607,3.6329637864045516e-05,5.15454639284289,10.313737902985569,nan,nan,nan
145.32,203.39952087402344,-223.50865173339844,-23.820987701416016,204.15305846870874,-223.95840994218696,-23.829367759950642,0.8775941991363715,0.3558219217607536,0.07808413453890958,3.5591699665539635e-05,6.1608644581414955,11.566110147641362,nan,3.7390505130487575,nan
145.33,203.40821838378906,-223.5078887939453,-23.821924209594727,204.16189214253453,-223.95765637491525,-23.830477092085367,0.8777175874459618,0.3558639407310382,0.07811086832967692,3.630454057158715e-05,6.190483562219182,11.474450200862183,nan,nan,nan
145.34,203.41693115234375,-223.5071563720703,-23.822839736938477,204.1707423118058,-223.95692106472325,-23.82996789782665,0.8778213676850044,0.3559060450914538,0.07813766795688064,3.556823883328837e-05,5.5914206297749836,11.125660174673747,nan,1.7511104227672152,nan
145.35,203.42562866210938,-223.5064239501953,-23.82373809814453,204.18005621302666,-223.9530084922162,-23.8310583004496,0.8767281609010042,0.35583866433801414,0.07812620378471895,3.6258325149027444e-05,5.476851286275178,11.014918584611692,1.1855483678867844,nan,nan
145.36,203.43434143066406,-223.50570678710938,-23.82461929321289,204.18888765870716,-223.95228716634983,-23.83325885007802,0.876840172049298,0.355880599262625,0.07815296860485442,3.5524490130263524e-05,6.088320575033608,11.346956223467126,nan,0.9195946380210646,nan
145.37,203.4430389404297,-223.5050048828125,-23.825483322143555,204.19773063030001,-223.95158264841675,-23.83429550885553,0.8769657360045819,0.3559226196605441,0.07817979931562957,3.623589205116967e-05,6.118194247078994,11.573843355601348,nan,nan,nan
145.38,203.45175170898438,-223.5043182373047,-23.82632827758789,204.2065688568625,-223.950891447542,-23.835817217363534,0.8770784450723904,0.3559647253973048,0.07820669605085652,3.550356331439412e-05,6.4994986377665676,11.795627804664006,nan,0.1724792318880797,nan
145.39000000000001,203.46044921875,-223.50364685058594,-23.827157974243164,204.21541212126246,-223.9502151518361,-23.836826307575457,0.8772033450237807,0.35600691688774877,0.0782336589658447,3.621474582179234e-05,6.532590792004637,11.992439755757111,nan,nan,nan
145.4,203.4691619873047,-223.50299072265625,-23.827970504760742,204.22272643386222,-223.9458365629735,-23.838516237740865,0.874118427837985,0.35593964184342636,0.07822204796540604,3.5462375116431366e-05,6.940363339311006,12.294910180537324,2.1545100539171207,0.5229619467337822,nan
145.41,203.47787475585938,-223.50234985351562,-23.828765869140625,204.23157452313896,-223.9451768819114,-23.839499003002054,0.8742278401181395,0.3559816636360102,0.07824897526678545,3.617249171441201e-05,6.977328949444831,12.385026146534688,nan,nan,nan
145.42000000000002,203.486572265625,-223.501708984375,-23.829545974731445,204.24044904000456,-223.94453590956164,-23.837556279908526,0.8743512118183493,0.35602377071378666,0.07827596877719434,3.54438646108089e-05,5.591592007674699,10.837903599400992,nan,5.8295657005270325,nan
145.43,203.4952850341797,-223.50099182128906,-23.830415725708008,204.2492973321443,-223.9438497628405,-23.83853344997608,0.8744847622024848,0.3560659634592847,0.07830302865240199,3.6153836813118125e-05,5.594542252625212,11.034144201775867,nan,nan,nan
145.44,203.5039825439453,-223.5001678466797,-23.831375122070312,204.25815768969693,-223.94307492439205,-23.83824355115829,0.874639357264075,0.3561082417864756,0.07833015502554515,3.542651956524551e-05,5.0945398517224865,10.329888381284785,nan,1.2700173131706312,nan
145.45000000000002,203.5126953125,-223.499267578125,-23.83242416381836,204.27477566553907,-223.95219227906824,-23.83945622472667,0.8865419894699255,0.3560410710296387,0.07831839453103281,3.6114088120644564e-05,5.451037299917846,10.411794279625378,4.090704141859094,nan,nan
145.46,203.52139282226562,-223.49827575683594,-23.833559036254883,204.2836180977507,-223.95126005725564,-23.841222319028184,0.8867022459190413,0.35608317940620726,0.07834548447132209,3.538890008964667e-05,5.7318538017528775,10.90366125729925,nan,0.19537693464267816,nan
145.47,203.5301055908203,-223.4971923828125,-23.834779739379883,204.2924651493706,-223.95024083677538,-23.842549248042133,0.886851376170774,0.3561253733652211,0.07837264095794154,3.6097795738857595e-05,5.735771797032841,10.577501561003904,nan,nan,nan
145.48,203.538818359375,-223.4960174560547,-23.836084365844727,204.30130564027817,-223.94913302942234,-23.8447614551224,0.8870038716069647,0.35616765284930707,0.07839986412366907,3.53737973946149e-05,6.183302072028876,10.951090714834702,nan,0.44074006753504114,nan
145.49,203.54751586914062,-223.49476623535156,-23.837474822998047,204.31015273533504,-223.94794068726085,-23.846268779976928,0.8871636868253048,0.35621001819804476,0.07842715412480163,3.608264060122097e-05,6.188747485878242,11.357022013533106,nan,nan,nan
145.5,203.5562286376953,-223.49343872070312,-23.83894920349121,204.33578615490254,-223.95115083160678,-23.84956090090573,0.9040591281681686,0.3561429497987881,0.07841524145566874,3.533842109713641e-05,7.161383053091311,12.564622154317961,4.191095398261858,2.173463147870708,nan
145.51,203.56492614746094,-223.49200439453125,-23.840503692626953,204.34466849199208,-223.94979163781326,-23.85125298023144,0.904258166206241,0.35618514492292347,0.07844249419270613,3.6046361468488964e-05,7.171814784915822,12.34089808257532,nan,nan,nan
145.52,203.57363891601562,-223.49050903320312,-23.842140197753906,204.35356612702802,-223.94835302542216,-23.85102469481036,0.9044260666171575,0.3562274255133736,0.07846981378661351,3.53254342061922e-05,6.191558930213635,11.591915605634398,nan,2.7804267906100977,nan
145.53,203.5823516845703,-223.48892211914062,-23.84385871887207,204.36244823936647,-223.94682781847342,-23.852861528692138,0.9046045074345765,0.35626979188446023,0.0784972003939474,3.603338187184467e-05,6.197595648970297,11.282450682511953,nan,nan,nan
145.54,203.59104919433594,-223.48724365234375,-23.84565544128418,204.37133255132565,-223.94522173025925,-23.854484460899304,0.9048005242227012,0.35631224401668843,0.07852465414710307,3.531346468530885e-05,6.147141133301705,11.269421489409451,nan,0.06027282407298973,nan
145.55,203.59976196289062,-223.48550415039062,-23.847530364990234,204.35429144960807,-223.92695304182058,-23.85649808754563,0.8742266811981084,0.3562452764104043,0.07851258665528404,3.599927030385712e-05,5.857122108677411,11.333833054081211,7.2024039573570136,nan,nan
145.56,203.60845947265625,-223.48367309570312,-23.849483489990234,204.3631463336596,-223.9251537296219,-23.85778519291902,0.8743719612201447,0.3562875580500435,0.07854000230105457,3.528117697480418e-05,5.567663752502634,10.915799437808525,nan,0.430911168850758,nan
145.57,203.61717224121094,-223.4817657470703,-23.851512908935547,204.3719953837718,-223.92327433286673,-23.85993040245617,0.8745048096349042,0.35632992538678065,0.07856748513479804,3.598833294402431e-05,5.574325711568132,10.735600267304344,nan,nan,nan
145.58,203.62586975097656,-223.4797821044922,-23.85361671447754,204.38084023000636,-223.9213161826499,-23.862704391288055,0.8746515604804349,0.35637237842325903,0.07859503528874555,3.5271142076206196e-05,5.93799968512528,11.396624119568141,nan,0.2113885986643062,nan
145.59,203.63458251953125,-223.47772216796875,-23.855754852294922,204.38968836859053,-223.91928234109224,-23.864987420168408,0.8747830988776116,0.3564149174406083,0.07862265291969656,3.597837605322581e-05,5.957026547410631,11.071560982841643,nan,nan,nan
145.6,203.64328002929688,-223.47564697265625,-23.857887268066406,204.3873734727195,-223.90309185189795,-23.864906758817853,0.858157008119673,0.3563480486930452,0.07861042794333646,3.5240773018467645e-05,4.585972894185913,10.655796700320847,7.476024889720695,4.264716855252522,nan
145.61,203.6519775390625,-223.47357177734375,-23.859994888305664,204.39622185200403,-223.90096681620182,-23.86716816713639,0.8582642789464586,0.35639041693213075,0.07863800661206297,3.594723038053541e-05,4.6090640074311064,10.403498914608043,nan,nan,nan
145.62,203.6606903076172,-223.47152709960938,-23.862070083618164,204.40507299062088,-223.89886047133348,-23.86892223884346,0.8583509430157911,0.35643287080764013,0.07866565277199136,3.523254549483095e-05,4.49990659889758,10.157765850608001,nan,0.16069724727195742,nan
145.63,203.6693878173828,-223.46951293945312,-23.86410903930664,204.41392073242733,-223.89678217740345,-23.871118200872345,0.8584505761132623,0.3564754105814322,0.07869336657999498,3.59391273755781e-05,4.523729988426608,10.30228363164058,nan,nan,nan
145.64000000000001,203.67808532714844,-223.46754455566406,-23.86610984802246,204.42276496088363,-223.89473729472283,-23.873771517939158,0.8585453362463855,0.35651803628506284,0.07872114816819388,3.522518503208066e-05,4.812331074546229,10.81034835602626,nan,0.170062629432659,nan
145.65,203.68679809570312,-223.46560668945312,-23.868072509765625,204.39821807809471,-223.8808962099342,-23.875820704884706,0.8237984047660325,0.35645126471169186,0.07870876308142091,3.590981382196466e-05,4.798801719655209,10.02119970849425,12.432372485344539,nan,nan
145.66,203.69549560546875,-223.4636993408203,-23.869997024536133,204.38030771023244,-223.89373130100148,-23.88016026144859,0.8087016736675376,0.3551106325792675,0.07830951264625903,3.51972130134223e-05,8.056661951381555,13.226606103478973,nan,3.5725907360621103,0.5146785597141023
145.67000000000002,203.70419311523438,-223.4618377685547,-23.87188148498535,204.38907027147508,-223.891825944869,-23.882233134599026,0.8087358700837884,0.3551510355968567,0.07833490449985807,3.590321637690093e-05,8.086807204001495,13.538488940281914,nan,nan,nan
145.68,203.71290588378906,-223.4600067138672,-23.873729705810547,204.3978018205484,-223.88996719866864,-23.885750392724564,0.8087601372434537,0.3551915222520114,0.07836035742354207,3.519148979602381e-05,9.18934845811535,14.181055813923173,nan,1.5320229990176664,nan
145.69,203.7216033935547,-223.45822143554688,-23.87554168701172,204.40656391427248,-223.8881356072015,-23.887765111131028,0.8087932504841193,0.35523209393343214,0.07838587167817238,3.589767048596067e-05,9.225720640633329,14.630121646822523,nan,nan,nan
145.70000000000002,203.7303009033203,-223.4564666748047,-23.877317428588867,204.40079155224015,-223.8772400417907,-23.888176514187553,0.7916601899765718,0.3551601752846477,0.07837518188916665,3.516534236057547e-05,8.196157529268692,13.62081327313905,2.2874698355408003,1.7501365989108806,nan
145.71,203.73899841308594,-223.45474243164062,-23.879056930541992,204.4095364163545,-223.87546064791553,-23.890105571292455,0.7916736093841826,0.3552005810229051,0.07840066619344191,3.5870841575032434e-05,8.22697289334668,13.503141786099048,nan,nan,nan
145.72,203.74769592285156,-223.45306396484375,-23.880762100219727,204.4182494787687,-223.87372583727563,-23.89359581831064,0.7916837667851031,0.35524107039755254,0.07842621180579576,3.516112643105269e-05,9.488535025849274,15.060807530538192,nan,1.780313092554183,nan
145.73,203.75640869140625,-223.45140075683594,-23.88243293762207,204.42699418781706,-223.8720152864437,-23.895473237175064,0.7916890424441481,0.355281644684741,0.07845181897785225,3.586683832071666e-05,9.527448072562688,14.347439034706724,nan,nan,nan
145.74,203.76510620117188,-223.4497833251953,-23.884071350097656,204.43575734704783,-223.87033236980463,-23.89635982320063,0.7916978369035356,0.3553223029245452,0.07847748774888552,3.5157632544334486e-05,9.06243702564674,14.362141943361857,nan,0.6423894980658519,nan
145.75,203.7738037109375,-223.4481964111328,-23.88567543029785,204.4342821238529,-223.86940724733412,-23.897997286830005,0.7834552511848174,0.35525054883550145,0.07846668003041862,3.584152291711463e-05,9.298121364303515,14.100145657928339,7.60607729154895,nan,nan
145.76,203.78250122070312,-223.44664001464844,-23.887248992919922,204.4429917850001,-223.86780492512761,-23.899765826738523,0.7834438961872752,0.3552910415550493,0.07849231827882346,3.656088056689365e-05,9.328638279807748,14.019440835608517,nan,nan,nan
145.77,203.79119873046875,-223.4451141357422,-23.888792037963867,204.45170147361608,-223.86623399113978,-23.901503501698773,0.7834330779495621,0.35533161856333517,0.07851801826334973,3.72946844775953e-05,9.3575189340257,13.969510719857663,nan,nan,nan
145.78,203.79991149902344,-223.44361877441406,-23.890302658081055,204.46039349627893,-223.86469938305504,-23.904172702463267,0.7834141470532804,0.35537227947726197,0.07854378007711812,3.6500211979095884e-05,10.27758644306711,14.761451914034941,nan,0.5995334874671779,nan
145.79,203.80860900878906,-223.44215393066406,-23.891782760620117,204.4691033256655,-223.86318929463673,-23.90586024195845,0.7834039161393551,0.3554130254958948,0.07856960396699686,3.723253992937345e-05,10.311302391981204,14.952921507672594,nan,nan,nan
145.8,203.8173065185547,-223.4407196044922,-23.893234252929688,204.46504771251793,-223.8477675442404,-23.90611268714294,0.7651290960863959,0.35534143365856746,0.07855867562792047,3.641892517584075e-05,8.989294561126272,14.309205650052693,9.71653731712211,1.4871842418676346,nan
145.81,203.8260040283203,-223.43931579589844,-23.894657135009766,204.47376160354082,-223.8462796370511,-23.907730214146,0.7651015289877517,0.3553820134926615,0.07858446830385964,3.714894322994114e-05,9.017393615195537,14.355829646548955,nan,nan,nan
145.82,203.83470153808594,-223.4379425048828,-23.89605140686035,204.4824861672464,-223.8448167344744,-23.908717860462126,0.7650699337506043,0.35542267722746546,0.07861032303997853,3.6362501445399806e-05,8.81063675405479,14.211870015859885,nan,0.2369387547827509,nan
145.83,203.84339904785156,-223.43658447265625,-23.897417068481445,204.49120034101983,-223.84338491780738,-23.910274811174755,0.7650479979405299,0.35546342595368047,0.07863624007370021,3.7091221145137875e-05,8.83798347354951,13.854231682253857,nan,nan,nan
145.84,203.8520965576172,-223.43527221679688,-23.89875602722168,204.4999013237803,-223.84198443235766,-23.912572958655925,0.7650207506625406,0.35550425889539133,0.07866221945856408,3.630813901686575e-05,9.62020565823856,15.180813751190826,nan,0.38624685393836533,nan
145.85,203.86080932617188,-223.4339599609375,-23.900068283081055,204.51199382636958,-223.83960726027559,-23.914059119354178,0.767324395713855,0.3554328290248203,0.07865116800249528,3.701223359211701e-05,9.50748621779222,14.230264011797116,1.1786383351864156,nan,nan
145.86,203.8695068359375,-223.4326934814453,-23.901355743408203,204.52071916786798,-223.83824999553642,-23.915682771937796,0.7673062303451921,0.3554734956716562,0.07867711552141507,3.62333916292044e-05,9.865948522057177,15.316268073615607,nan,0.012510993702476545,nan
145.87,203.87820434570312,-223.4314422607422,-23.90261459350586,204.52944696409784,-223.8369176192797,-23.917145085348395,0.767292870804825,0.3555142472000273,0.07870312555615493,3.6958839364525205e-05,9.89632471954935,15.076667873984244,nan,nan,nan
145.88,203.88690185546875,-223.4302215576172,-23.903850555419922,204.53817542550755,-223.83561007447636,-23.918540280500164,0.7672762870409163,0.355555082931809,0.07872919816898526,3.618315545063627e-05,10.129876259351583,15.399274442465671,nan,0.001203849195936214,nan
145.89000000000001,203.89559936523438,-223.4290313720703,-23.905061721801758,204.5469030557067,-223.8343274016983,-23.919953832937708,0.7672568955891934,0.35559600381044043,0.07875533358480401,3.690754007356183e-05,10.15730237128053,15.592839535265686,nan,nan,nan
145.9,203.90431213378906,-223.4278564453125,-23.906248092651367,204.55046243298534,-223.82636569431043,-23.922036580369536,0.7593214780531088,0.3555247336821672,0.07874415632394507,3.611267219624499e-05,10.786439938044747,16.124122000304766,2.465874201734098,0.29300094306394936,nan
145.91,203.9130096435547,-223.4267120361328,-23.907411575317383,204.5591946851699,-223.82511297204888,-23.923410978927087,0.759298620216,0.35556548809818633,0.07877025920205816,3.683516121543284e-05,10.815740436436087,16.519199508796813,nan,nan,nan
145.92000000000002,203.9217071533203,-223.4255828857422,-23.908550262451172,204.56796457670816,-223.82387151277294,-23.9223421110338,0.7592579948826828,0.355606326700772,0.0787964248813514,3.606644891267719e-05,9.12357512434551,14.587585567436196,nan,3.8923319115673976,nan
145.93,203.93040466308594,-223.42446899414062,-23.90966796875,204.57669755941114,-223.82266455448516,-23.923648222367024,0.759242819926351,0.3556472503455018,0.07882265357868945,3.6788024679125294e-05,9.146011202174465,14.317080514568454,nan,nan,nan
145.94,203.93910217285156,-223.4233856201172,-23.910762786865234,204.58544136535062,-223.82147643512457,-23.92422356937608,0.7592179143166836,0.3556882584865953,0.07884894536789187,3.6022164892469614e-05,8.846545610600792,14.282960457912848,nan,0.3349821850756954,nan
145.95000000000002,203.94781494140625,-223.42233276367188,-23.911834716796875,204.60451861572722,-223.83169450725654,-23.925521650586894,0.773966462538209,0.3556171474439562,0.07883763977252199,3.6719919109830506e-05,9.302302237570014,14.297990402053701,5.742923990109427,nan,nan
145.96,203.95651245117188,-223.42129516601562,-23.912887573242188,204.61324223125942,-223.83058449806012,-23.92729542661241,0.7739634019887514,0.35565798898932444,0.07886389834220407,3.595775832474079e-05,9.956893792168245,14.883557739352828,nan,0.19264146445856573,nan
145.97,203.9652099609375,-223.42027282714844,-23.913917541503906,204.6219738644062,-223.8294928828885,-23.92851762220636,0.773959327920948,0.35569891547502164,0.07889022014170938,3.667680526089117e-05,9.979321844571611,14.760335890085278,nan,nan,nan
145.98,203.97390747070312,-223.41928100585938,-23.914926528930664,204.63072276354612,-223.82841618468493,-23.928505970491226,0.773939483873344,0.3557399264338898,0.07891660525221145,3.591730134293151e-05,9.284563046576693,14.369760593782136,nan,0.9873154906917396,nan
145.99,203.9826202392578,-223.4182891845703,-23.915916442871094,204.63945460717034,-223.8273650338462,-23.929676975700275,0.7739275092640013,0.3557810226031153,0.07894305387997776,3.663563036206432e-05,9.303643035758714,13.573591667403289,nan,nan,nan
146.0,203.99131774902344,-223.41734313964844,-23.916887283325195,204.66345234172005,-223.83730995616827,-23.929836820095808,0.7926567530651655,0.35571006851907805,0.07893161727293413,3.585679669061331e-05,9.078920329675707,13.95795932178853,3.3319243376469423,0.7129325516760168,nan
146.01,204.00001525878906,-223.41639709472656,-23.917837142944336,204.67219826682006,-223.8363220287609,-23.930961279801952,0.7926784906111638,0.35575099791176373,0.07895803198092126,3.657357343301527e-05,9.095822230560717,13.421763197653977,nan,nan,nan
146.02,204.0087127685547,-223.4154815673828,-23.91876983642578,204.68096745597856,-223.83534550562814,-23.930315117185852,0.7926823985115822,0.35579201175019887,0.0789845102152129,3.5820018603913656e-05,8.091043987920566,12.708899395437001,nan,2.0685777517853876,nan
146.03,204.01742553710938,-223.41456604003906,-23.9196834564209,204.68971342756328,-223.83439509589462,-23.931386381517612,0.7926943939800167,0.35583311070155543,0.07901105217537793,3.653620136023096e-05,8.103362177279026,12.013909102112148,nan,nan,nan
146.04,204.026123046875,-223.41368103027344,-23.920578002929688,204.6984301040424,-223.83347250236395,-23.93473306232715,0.7927307391942959,0.3558742944041392,0.0790376579522623,3.5785011359802785e-05,9.93794638558264,14.391695646524813,nan,3.5472574826902727,nan
146.05,204.03482055664062,-223.41282653808594,-23.92145538330078,204.73558553841892,-223.83868554172818,-23.935793394448616,0.8201420786873276,0.35580349630507946,0.07902608777965593,3.647800095199986e-05,9.705558783798184,15.077036082071885,15.985677999554728,nan,nan
146.06,204.0435333251953,-223.41197204589844,-23.92231559753418,204.74439663781334,-223.83778893390226,-23.937026851618256,0.8202108424544866,0.3558445130763502,0.07905265892615213,3.5729999744103146e-05,10.112021044987301,14.69636963701538,nan,0.024591654680014226,nan
146.07,204.05223083496094,-223.4111328125,-23.92315673828125,204.75321014566876,-223.8369086486943,-23.938055258897993,0.8202920349753133,0.3558856148654827,0.07907929400384736,3.6444264461161e-05,10.130356707362289,14.913573170817347,nan,nan,nan
146.08,204.06092834472656,-223.4103240966797,-23.923982620239258,204.76205554775817,-223.83603468258772,-23.93643760513118,0.8203438208664343,0.3559268013728556,0.07910599310965631,3.569844479974106e-05,8.369549004683396,13.522846868389001,nan,4.6916286045078985,nan
146.09,204.06964111328125,-223.40951538085938,-23.92479133605957,204.77086943964596,-223.83518751079208,-23.93740839892215,0.8204127730435349,0.3559680731721731,0.07913275643436617,3.6412274113540205e-05,8.38144078558139,12.827459143538318,nan,nan,nan
146.1,204.07833862304688,-223.4087371826172,-23.92558479309082,204.79746410328488,-223.84370521847197,-23.936915958768736,0.8405159390865399,0.3558974289917692,0.07912105003197238,3.5646914145774246e-05,7.734679716488198,12.799694425619087,2.939489939269876,1.5318819419145993,nan
146.11,204.0870361328125,-223.40786743164062,-23.926467895507812,204.80630481682013,-223.84285433619127,-23.937895347046123,0.8406495307637288,0.3559385336657168,0.07914777799849583,3.635946977830901e-05,7.711828068318244,12.734986862763527,nan,nan,nan
146.12,204.0957489013672,-223.40689086914062,-23.927440643310547,204.8151726492358,-223.84190490366473,-23.93656959185441,0.8407681469535823,0.35597972302119785,0.07917457020074421,3.561864417092111e-05,6.4486963104579225,10.717596978034468,nan,3.910378919305665,nan
146.13,204.1044464111328,-223.40585327148438,-23.928499221801758,204.82401349093408,-223.84087567188078,-23.937705475494887,0.8408959663878963,0.3560209975771842,0.07920142682403675,3.633086485436666e-05,6.428880968818664,11.770146482031905,nan,nan,nan
146.14000000000001,204.1131591796875,-223.4047088623047,-23.92964744567871,204.83287871296437,-223.8397506133939,-23.936708029857627,0.8410156857157888,0.35606235711650314,0.07922834797321593,3.5591950120787505e-05,5.485010469752862,9.958501102409015,nan,3.367982179832095,nan
146.15,204.12185668945312,-223.4034881591797,-23.930879592895508,204.84686905904667,-223.83865998911185,-23.938015507925225,0.845617158596879,0.35599186561368346,0.0792165027715217,3.628145875556442e-05,5.391474462296367,10.63401297858658,0.9776370927895769,nan,nan
146.16,204.13055419921875,-223.4021759033203,-23.93219757080078,204.85573601041926,-223.83736408886182,-23.938343458986118,0.8457630803437525,0.3560330578523025,0.07924338782415637,3.5545265207944994e-05,5.0386132723211725,10.078036863257868,nan,0.7516312752093428,nan
146.17000000000002,204.13926696777344,-223.40078735351562,-23.9335994720459,204.86459194749014,-223.83598730499133,-23.93979437697601,0.8458922513018953,0.3560743352018768,0.07927033749668835,3.6256059140947605e-05,5.0223982366106865,10.02786676143753,nan,nan,nan
146.18,204.14796447753906,-223.39930725097656,-23.93508529663086,204.87344621027452,-223.8345275267779,-23.94148503611226,0.8460386454925444,0.35611569749325306,0.07929735189885788,3.552160962783471e-05,5.10501548213896,10.104635105147482,nan,0.016559801024000106,nan
146.19,204.15667724609375,-223.3977508544922,-23.9366512298584,204.8823020119815,-223.83298455486408,-23.94310527595157,0.8461686176643692,0.35615714517309743,0.07932443120886906,3.6232194321288845e-05,5.08980024017306,10.045184720705688,nan,nan,nan
146.20000000000002,204.16537475585938,-223.39610290527344,-23.93829917907715,204.88920391385793,-223.82524129503878,-23.945312536310183,0.841509117430679,0.3560868043119058,0.07931244455900048,3.5477959434183406e-05,5.068385783838215,10.37940726108426,3.0854861201216646,0.12798884803003918,nan
146.21,204.174072265625,-223.39437866210938,-23.94002914428711,204.89807029503697,-223.82351801274726,-23.94710294863554,0.8416553733959545,0.35612808448363165,0.07933948701810624,3.6187491584415404e-05,5.053060811571519,10.448726805869347,nan,nan,nan
146.22,204.1827850341797,-223.392578125,-23.941835403442383,204.90692960432722,-223.82171718477983,-23.94969154718931,0.841788221643329,0.35616944955238516,0.07936659440686447,3.5457167945244953e-05,5.399449975617446,10.667183603204741,nan,0.3540078782957844,nan
146.23,204.1914825439453,-223.3907012939453,-23.943721771240234,204.91579536227493,-223.8198352219307,-23.951649706311077,0.8419310180170687,0.35621089992296684,0.07939376689911959,3.616657061668366e-05,5.384826717160831,10.94886086558919,nan,nan,nan
146.24,204.20018005371094,-223.3887481689453,-23.94568634033203,204.92466429198788,-223.81787416517864,-23.953298053938124,0.8420715351672845,0.356252435489296,0.07942100461095747,3.543774650164958e-05,5.270089260715299,10.849946396497794,nan,0.1041783619149205,nan
146.25,204.20889282226562,-223.38671875,-23.947725296020508,204.9405832852392,-223.81909281543423,-23.95559605374431,0.8499295352520441,0.3561822438044207,0.07940887393592698,3.612479666724239e-05,5.374038973671948,10.806936268362204,2.0224200508007084,nan,nan
146.26,204.21759033203125,-223.38461303710938,-23.94984245300293,204.94945437839286,-223.816986882604,-23.95840073860433,0.8500855068033035,0.35622361166782085,0.07943607403182087,3.5398275435511566e-05,5.716664949271427,11.35782533427241,nan,0.25875993286072196,nan
146.27,204.22628784179688,-223.38243103027344,-23.951988220214844,204.95833064167138,-223.8148037516125,-23.96065341187569,0.8502399170544518,0.3562650647478476,0.07946333942357053,3.610663754225625e-05,5.7155050370655776,11.346104609036939,nan,nan,nan
146.28,204.23500061035156,-223.3801727294922,-23.954130172729492,204.96720977405892,-223.81254509986707,-23.962532649351818,0.8503803429607251,0.35630660297471134,0.07949067023111729,3.5381467729000725e-05,5.620228897958528,10.848102023524488,nan,0.10344376502807508,nan
146.29,204.2436981201172,-223.37783813476562,-23.956247329711914,204.97608527170598,-223.81021401913196,-23.964781071056827,0.850536695231466,0.35634822669856525,0.0795180666226836,3.6089797410936265e-05,5.631436893017633,11.031451046893375,nan,nan,nan
146.3,204.2523956298828,-223.37547302246094,-23.958330154418945,204.96442963861264,-223.79977836474112,-23.965905543638673,0.8289058086400416,0.35627818216004575,0.07950578929152237,3.534458539707143e-05,5.2087749736699,10.559676940240635,6.198147189307405,0.5543721770017931,nan
146.31,204.26109313964844,-223.37310791015625,-23.960378646850586,204.97326677837742,-223.79736429892586,-23.96808004590709,0.8290018616744699,0.35631963796012633,0.07953314728721499,3.605203390640692e-05,5.217215025464987,10.354467417696124,nan,nan,nan
146.32,204.26979064941406,-223.3707733154297,-23.962387084960938,204.98209843267887,-223.79496727050963,-23.97083683905185,0.8290924483856924,0.356361178855328,0.07956057089123457,3.533021920664352e-05,5.5792624757622065,10.853920048681989,nan,0.2653738965223291,nan
146.33,204.2784881591797,-223.36846923828125,-23.964357376098633,204.99093428224995,-223.7925994933662,-23.97294317736304,0.8291801176702353,0.3564028051645768,0.07958806026841851,3.603769725500816e-05,5.590339595730576,10.670612581770673,nan,nan,nan
146.34,204.2871856689453,-223.3662109375,-23.96628761291504,204.9997640812078,-223.7902719345232,-23.97577924991089,0.8292682400717339,0.3564445168651358,0.07961561554365364,3.531701806464757e-05,6.0819422632253195,11.321817227606546,nan,0.40825631280833935,nan
146.35,204.2958984375,-223.36398315429688,-23.968181610107422,205.00932005156554,-223.7886579363063,-23.977848076443955,0.8303086838411726,0.35637461782072155,0.07960318897959867,3.600240469470753e-05,6.137218783662377,10.704269347760324,0.054491745650315504,nan,nan
146.36,204.30459594726562,-223.36181640625,-23.970035552978516,205.01814122137398,-223.7864189545153,-23.981781805804978,0.8304048149253641,0.35641616138425614,0.07963070506832783,3.5283662331993444e-05,7.438293363302904,12.802337244484951,nan,2.591017716836314,nan
146.37,204.31329345703125,-223.35968017578125,-23.97185516357422,205.0269759450666,-223.7842180126746,-23.983767073153825,0.8304920001253636,0.3564577902799245,0.07965828711606525,3.5990395776188216e-05,7.457063553374919,12.391606909113303,nan,nan,nan
146.38,204.32199096679688,-223.3575897216797,-23.973636627197266,205.03582257245094,-223.7820552215611,-23.9839448061346,0.8305617258056435,0.3564995045116756,0.07968593525064728,3.527266047542408e-05,6.5136147511024785,11.566085562709235,nan,2.1826864431780226,nan
146.39000000000001,204.3306884765625,-223.35552978515625,-23.975383758544922,205.04465685844517,-223.77993825401626,-23.985842339983158,0.8306520214228991,0.35654130435824866,0.0797136496325947,3.5979496131923354e-05,6.528401650717126,11.229027248792354,nan,nan,nan
146.4,204.33938598632812,-223.35353088378906,-23.977096557617188,205.02005058341842,-223.76822947220884,-23.98779852478427,0.7971158918693719,0.3564715487650854,0.07970107122529324,3.524146660409303e-05,6.8504367428583635,11.682060866614671,16.059310370435888,0.0002648570291352741,nan
146.41,204.3480682373047,-223.3515625,-23.97877311706543,205.02881480039605,-223.76618617458996,-23.9896304072198,0.7971490170856883,0.35651318024036105,0.07972874561624536,3.594755034880161e-05,6.8659048833388,11.617872707980876,nan,nan,nan
146.42000000000002,204.3567657470703,-223.34962463378906,-23.980417251586914,205.0375809979131,-223.76418194156037,-23.991095675486772,0.7971707445357609,0.35655489699408127,0.07975648627920529,3.523250067600163e-05,6.810025067713805,11.068687988367234,nan,0.0775889864077467,nan
146.43,204.36546325683594,-223.3477325439453,-23.98202896118164,205.04634489082292,-223.7622172373122,-23.99285921814189,0.7971917303899071,0.3565966992823834,0.07978429337214564,3.59387336518575e-05,6.8239589604543,11.272131360795983,nan,nan,nan
146.44,204.37416076660156,-223.34588623046875,-23.98360824584961,205.05511789983606,-223.76028725402693,-23.993030380454776,0.7971948333058473,0.35663858714328095,0.07981216702663936,3.5224504371595027e-05,6.066929468275813,10.75055894989804,nan,1.6982410294116714,nan
146.45000000000002,204.3828582763672,-223.3440704345703,-23.985157012939453,205.04073966910622,-223.75611398274478,-23.99475614978161,0.7763246459649226,0.3565689731940578,0.07979943420676495,3.5908828933647034e-05,6.401978916438619,10.407942330269151,13.392723341933156,nan,nan
146.46,204.3915557861328,-223.34228515625,-23.98667335510254,205.0494527469415,-223.75426606379185,-23.99497759784636,0.7762896622188619,0.35661069245296234,0.07982726705513703,3.519622277406701e-05,5.781962157346925,9.643289515505275,nan,1.4370729394961308,nan
146.47,204.40025329589844,-223.34054565429688,-23.988161087036133,205.05815771355125,-223.75245683352364,-23.996590135504345,0.7762603243739516,0.35665249716687475,0.07985516651280158,3.5901931460072255e-05,5.78791730374475,9.909750331511509,nan,nan,nan
146.48,204.40895080566406,-223.33883666992188,-23.9896183013916,205.0668610071767,-223.75068330140022,-23.998506718509123,0.7762361013720679,0.3566943873927901,0.07988313271351304,3.519003679248817e-05,6.040591204036183,10.054968138318054,nan,0.0773447277501353,nan
146.49,204.4176483154297,-223.337158203125,-23.991044998168945,205.07556618411184,-223.7489433656151,-24.00006545889206,0.7762115115675103,0.3567363633582573,0.07991116581203997,3.5895947131666676e-05,6.049136512105646,9.976786723415927,nan,nan,nan
146.5,204.4263458251953,-223.33551025390625,-23.99244499206543,205.10595519141745,-223.76146554790805,-24.000679679823357,0.802106360296116,0.3566668889832626,0.07989827599272387,3.516352245990255e-05,5.990283714457658,9.498131507250461,5.562778329418173,0.7375484641575228,nan
146.51,204.43504333496094,-223.3339080810547,-23.993816375732422,205.11468622792432,-223.75982190161278,-24.00217555832609,0.8021140320625662,0.35670869609909633,0.0799262674571026,3.5868775343930406e-05,5.996474931950544,9.869279516445781,nan,nan,nan
146.52,204.44374084472656,-223.33233642578125,-23.995161056518555,205.1234222913881,-223.75820891195843,-24.00261805339924,0.8021158583528496,0.35675058866427906,0.07995432584244731,3.5158996884564797e-05,5.616624489594785,9.425705764477154,nan,0.737908483301139,nan
146.53,204.4524383544922,-223.33078002929688,-23.996479034423828,205.13215335156426,-223.75662949167378,-24.004051359302103,0.8021331447804914,0.35679256689059746,0.07998245130167876,3.5864486190734707e-05,5.621365151776235,8.994630384307799,nan,nan,nan
146.54,204.46112060546875,-223.3292694091797,-23.997770309448242,205.14087937782304,-223.7550829851446,-24.00654527101989,0.8021634434572742,0.35683463085881106,0.08001064397127106,3.515526107789394e-05,6.1994513833143685,10.140954088473976,nan,0.825464970245253,nan
146.55,204.46981811523438,-223.32778930664062,-23.999034881591797,205.15152277884215,-223.75974004098157,-24.008010266783646,0.8070831697053361,0.3567652941226624,0.0799975945973288,3.58389644860339e-05,6.5174872350172866,10.008833386348886,2.569642338811607,nan,nan
146.56,204.478515625,-223.32632446289062,-24.000276565551758,205.16024567175398,-223.75826919798018,-24.009132167562534,0.8071000758925446,0.35680718899405034,0.08002574479426044,3.513109912784569e-05,6.489641143060042,9.576441321690007,nan,0.04336702406288461,nan
146.57,204.48721313476562,-223.3249053955078,-24.00149154663086,205.1689675481964,-223.75682798953753,-24.010476334590447,0.8071102365107163,0.35684916944850736,0.08005396223784851,3.58362225418317e-05,6.49692195302064,10.03420644184002,nan,nan,nan
146.58,204.49591064453125,-223.32350158691406,-24.002683639526367,205.17768489693205,-223.75541718270327,-24.012935796095768,0.807138352351651,0.35689123557973834,0.0800822470661145,3.512882029875854e-05,7.22391929662318,10.398667213817303,nan,0.9088232619601214,nan
146.59,204.50460815429688,-223.32212829589844,-24.00385093688965,205.18640693357065,-223.75403286782094,-24.01424481060099,0.8071549834310007,0.35693338758002907,0.08011059942969831,3.5834216147808646e-05,7.2342207461800845,10.47844998305744,nan,nan,nan
146.6,204.5133056640625,-223.32078552246094,-24.004995346069336,205.16500504870098,-223.73536316577324,-24.01627325972442,0.7724725895518625,0.35686418637652667,0.0800973879407576,3.5106071651302823e-05,7.557523286921035,11.171804883106589,8.448553299163603,0.41870501351640965,nan
146.61,204.52200317382812,-223.31947326660156,-24.00611686706543,205.1736857184676,-223.7339998312654,-24.017544650581616,0.7724331725371957,0.3569061690191102,0.08012569698115046,3.581087643105244e-05,7.56843747202558,11.283768828848448,nan,nan,nan
146.62,204.53070068359375,-223.3181915283203,-24.00721549987793,205.1823713253832,-223.73266120553626,-24.017507755455394,0.772376636898501,0.3569482372715876,0.08015407357702015,3.5105116107243134e-05,6.926239096221666,10.75993255977225,nan,1.1618884113048884,nan
146.63,204.53939819335938,-223.31692504882812,-24.00829315185547,205.19105229417082,-223.73135027249427,-24.018723681185147,0.772340681990272,0.3569903913157718,0.08018251787772876,3.581021830321986e-05,6.934455922434259,10.455162291729708,nan,nan,nan
146.64000000000001,204.548095703125,-223.31568908691406,-24.009347915649414,205.19973253880207,-223.73006498625082,-24.02013455058105,0.7723045403566645,0.3570326312611654,0.08021103002318565,3.510478977314574e-05,7.198163660619052,10.880273156348714,nan,0.03264106694782948,nan
146.65,204.55679321289062,-223.31446838378906,-24.0103816986084,205.20294952170087,-223.72117542867824,-24.021388606777517,0.763576942950226,0.35696356354951825,0.08019765388439865,3.578818298119008e-05,7.010899753867345,10.720989478330669,2.4059112647308467,nan,nan
146.66,204.56549072265625,-223.3132781982422,-24.011396408081055,205.23652935956417,-223.74617894398042,-24.020385548901334,0.798609236445868,0.3529760596876444,0.07573998874367865,3.5083695655177834e-05,8.351555550885553,12.207119045099592,nan,3.2665716505907048,0.15373391330100575
146.67000000000002,204.57418823242188,-223.31211853027344,-24.01239013671875,205.24520416811603,-223.74497186402124,-24.02150334769969,0.7985658677319446,0.3530211491014712,0.07576015332590234,3.578853640568814e-05,8.348122116321274,12.413189368370885,nan,nan,nan
146.68,204.5828857421875,-223.31097412109375,-24.013364791870117,205.25385798377965,-223.74376165914882,-24.021649178973437,0.7984844601823146,0.35306632258423803,0.07578037701938745,3.508452145307879e-05,7.963525715316817,11.797153161179926,nan,0.6381531543895708,nan
146.69,204.59158325195312,-223.30984497070312,-24.014318466186523,205.26253329617398,-223.74260075897658,-24.022719950733997,0.7984498225103147,0.35311158169641504,0.07580066216479342,3.578968292354933e-05,7.9600219726772306,11.611461480775647,nan,nan,nan
146.70000000000002,204.60028076171875,-223.30874633789062,-24.015254974365234,205.29017918305559,-223.75230125946376,-24.02573188266758,0.8202503068102968,0.35305088240440136,0.0757927973476497,3.5064740666483354e-05,9.343606801482403,12.928040336076345,4.141930728563059,2.7185228239117856,nan
146.71,204.60897827148438,-223.30767822265625,-24.016170501708984,205.2988826866367,-223.75120805054846,-24.02678599122457,0.8202435607149869,0.3530959543768142,0.07581307835484906,3.5769355638298476e-05,9.343271095333522,13.198804713912715,nan,nan,nan
146.72,204.61767578125,-223.30662536621094,-24.01706886291504,205.30757869135326,-223.75012711821603,-24.027476132108685,0.8202244452907974,0.353141110388146,0.07583341879877942,3.506659523689379e-05,9.261722152812524,12.93234377397668,nan,0.08447071007770214,nan
146.73,204.62637329101562,-223.3055877685547,-24.0179500579834,205.31628233428052,-223.7490766509763,-24.028492332037708,0.8202243695187778,0.3531863519306736,0.07585382085724754,3.5771548287790854e-05,9.260563126559745,12.765980302772755,nan,nan,nan
146.74,204.63507080078125,-223.30458068847656,-24.01881217956543,205.32500382277036,-223.74806851860652,-24.0303121443592,0.8202568375177691,0.3532316778176343,0.07587428267930282,3.506893950268682e-05,9.904749897055286,13.701844764420436,nan,0.4732838202590815,nan
146.75,204.64376831054688,-223.3035888671875,-24.0196590423584,205.30240830055922,-223.71480539054895,-24.031211491901146,0.7765559378559775,0.35317093854366965,0.07586637450688875,3.575222745642613e-05,8.510234916703299,13.822574522996579,57.47360948698812,nan,nan
146.76,204.6524658203125,-223.3026123046875,-24.02048683166504,205.31105216854445,-223.71367305772034,-24.03034091346409,0.7764045489881706,0.35321607706648195,0.07588683170042237,3.505058733101816e-05,7.527895304162705,12.71034877034947,nan,2.3947515095712504,nan
146.77,204.6611785888672,-223.30165100097656,-24.021299362182617,205.31973536832788,-223.712607778861,-24.031280704967436,0.7763260476543354,0.3532613010209677,0.07590735067042988,3.575535454696839e-05,7.524805218978967,12.403934870927129,nan,nan,nan
146.78,204.6698760986328,-223.30072021484375,-24.022096633911133,205.32840339733704,-223.71154319596369,-24.031467727639225,0.776222611338152,0.353306609289859,0.07592792972142905,3.505380854463372e-05,7.223598881479324,12.615031918485501,nan,0.3827283305870821,nan
146.79,204.67857360839844,-223.29969787597656,-24.022981643676758,205.33708702705533,-223.7104625188261,-24.03242270196682,0.7761808087991665,0.3533520032626703,0.07594857080154374,3.575892696246782e-05,7.194592010968675,12.506610095698205,nan,nan,nan
146.8,204.68727111816406,-223.298583984375,-24.023958206176758,205.32840152948694,-223.7032936715395,-24.031638452750872,0.7582197052275004,0.35329122240332794,0.07594061420431741,3.503629767603367e-05,6.429603351252934,11.550051957779068,3.5877053245691393,2.1553876514015515,nan
146.81,204.6959686279297,-223.29739379882812,-24.025020599365234,205.3370530504406,-223.70203272513564,-24.032754055906317,0.7581435905021702,0.353336428746971,0.07596125006457101,3.5740897073571256e-05,6.402599017438919,11.89630394058277,nan,nan,nan
146.82,204.7046661376953,-223.29611206054688,-24.02617073059082,205.3457009584507,-223.70068135867496,-24.033778831988474,0.7580632174268888,0.35338171937430635,0.07598194631622955,3.504029733535098e-05,6.364813279289463,11.651708577528536,nan,0.022615409599752084,nan
146.83,204.71337890625,-223.29473876953125,-24.027406692504883,205.35435255085653,-223.69924939826166,-24.035068333423293,0.7579807138559745,0.3534270956049818,0.07600270476002467,3.5745259568775806e-05,6.339588281606165,11.268795862653135,nan,nan,nan
146.84,204.72207641601562,-223.2932891845703,-24.02872657775879,205.36300604673693,-223.6977358604042,-24.036538632303177,0.7579109006511504,0.3534725564251562,0.07602352391840506,3.504466877091554e-05,6.422536194429416,11.727359282458016,nan,0.0062625673012977985,nan
146.85,204.73077392578125,-223.29176330566406,-24.030132293701172,205.3785870665231,-223.69815186956777,-24.038045866800747,0.7647719626324777,0.3534117348607448,0.07601551744813094,3.572798613095733e-05,6.381453851611722,11.908282410795817,0.7055517824222707,nan,nan
146.86,204.73947143554688,-223.29014587402344,-24.031620025634766,205.38724753552594,-223.69646633586143,-24.039352703623834,0.7647025485253826,0.35345700781842165,0.07603633085250265,3.50282270292817e-05,6.319688352880407,11.527857064723943,nan,0.04094578983623424,nan
146.87,204.7481689453125,-223.2884521484375,-24.03318977355957,205.3959126143319,-223.69470519165117,-24.040981652620026,0.7646398559154364,0.35350236627828596,0.07605720661187063,3.5733045159013144e-05,6.295529430896439,11.652912471339096,nan,nan,nan
146.88,204.75686645507812,-223.28668212890625,-24.034839630126953,205.40458826061084,-223.6928765193924,-24.043252861574526,0.7645967582251186,0.35354780929585433,0.07607814338743575,3.503325103871198e-05,6.600511785797969,12.090330619721833,nan,0.2206495084874456,nan
146.89000000000001,204.7655792236328,-223.2848358154297,-24.036571502685547,205.41325286193072,-223.69095596926522,-24.045051876883292,0.7645172580419433,0.3535933380879123,0.07609914277453732,3.573843778542516e-05,6.576266925168483,11.99372961107807,nan,nan,nan
146.9,204.77427673339844,-223.28289794921875,-24.038381576538086,205.43969595732975,-223.69598402100124,-24.046914942623292,0.7832596406140023,0.3535324743429305,0.07609108166951074,3.501743264666756e-05,6.640907642527077,11.663979270594481,3.9134076095311254,0.010328167274189908,nan
146.91,204.78297424316406,-223.2808837890625,-24.040271759033203,205.44839186590048,-223.69391729765997,-24.048873154139997,0.7832313041945494,0.3535778149990231,0.07611207467712217,3.5722115463642155e-05,6.616997172036646,11.64755573007934,nan,nan,nan
146.92000000000002,204.7916717529297,-223.27880859375,-24.042236328125,205.4571069828728,-223.6917964315187,-24.05194961512722,0.7832351800951586,0.3536232401797255,0.07613312899523013,3.502302767821752e-05,7.223419093690445,12.793330386082369,nan,0.7615808050832997,nan
146.93,204.8003692626953,-223.27664184570312,-24.044279098510742,205.4658023024528,-223.68957748014205,-24.05407511014951,0.7832068248134678,0.3536687510336721,0.07615424608939488,3.5728086595781816e-05,7.200075365199599,12.202755167961698,nan,nan,nan
146.94,204.80906677246094,-223.2744140625,-24.046398162841797,205.47449198927782,-223.68727768462207,-24.055993052129992,0.7831597228841705,0.35371434671753166,0.07617542481307198,3.502889733105612e-05,7.126266579076998,12.555625078219968,nan,0.05706587119025441,nan
146.95000000000002,204.81776428222656,-223.27210998535156,-24.048547744750977,205.4921641156994,-223.69246935218732,-24.05813186143657,0.7947383141433434,0.3536534414577717,0.07616730722845812,3.5712316099005626e-05,7.301325372831716,12.254634978067061,2.931320774571325,nan,nan
146.96,204.8264617919922,-223.2697296142578,-24.050691604614258,205.50083968539064,-223.69001758516055,-24.058866334285675,0.7946661863922985,0.3536988487629337,0.076188478995473,3.501385352870519e-05,6.622285851197625,11.43931404475587,nan,1.6525025172025065,nan
146.97,204.8351593017578,-223.26727294921875,-24.052810668945312,205.50954248838175,-223.68752513112335,-24.061101910530866,0.7946529578902166,0.353744341640066,0.07620971370313903,3.571878919943343e-05,6.623123997380196,11.29899123836351,nan,nan,nan
146.98,204.84385681152344,-223.26475524902344,-24.054895401000977,205.5182048536254,-223.6849164585846,-24.061083138690257,0.7945558583286493,0.3537899193121452,0.07623101032550605,3.5020192715615154e-05,5.776076882329874,10.778464723206588,nan,3.4970257073050357,nan
146.99,204.85255432128906,-223.2621612548828,-24.05694580078125,205.52690662917283,-223.68228169637797,-24.063234891786266,0.7945387172290072,0.3538355828292556,0.07625237014931584,3.572550505574721e-05,5.774525983465239,10.553655506641825,nan,nan,nan
147.0,204.8612518310547,-223.259521484375,-24.058956146240234,205.557447151772,-223.691618243583,-24.065006993388124,0.8194096330029114,0.35377463470666487,0.07624419159668493,3.5005596127144726e-05,5.917114886227177,10.571157094324732,5.096995867699847,0.08559865638418028,nan
147.01,204.8699493408203,-223.2568817138672,-24.060928344726562,205.5661815682419,-223.6889234693284,-24.067081150698986,0.8194127470229743,0.35382010956412335,0.07626554380563808,3.571041088044975e-05,5.913957332574196,10.514796958609379,nan,nan,nan
147.02,204.87864685058594,-223.25425720214844,-24.0628604888916,205.57490001425847,-223.6862255479982,-24.068214013919743,0.8193862214916823,0.35386566917983275,0.07628695820710384,3.5012338891287594e-05,5.655080166072623,9.915592357394893,nan,0.5762055346520222,nan
147.03,204.88734436035156,-223.25169372558594,-24.064754486083984,205.58363348929032,-223.68357788110546,-24.070204042259096,0.8193730362476027,0.3539113145398964,0.07630843597645756,3.571753492845686e-05,5.649060585050129,10.565054194339462,nan,nan,nan
147.04,204.89602661132812,-223.24916076660156,-24.066612243652344,205.59236029596184,-223.68096537806065,-24.071788260461354,0.8193672033849684,0.35395704496244124,0.07632997625300561,3.501927832034345e-05,5.5641724485287165,10.196614181613652,nan,0.09592506136994564,nan
147.05,204.90472412109375,-223.24667358398438,-24.068431854248047,205.61968009257333,-223.68582489501327,-24.073601924215712,0.8390724907635697,0.3538960544387437,0.07632173454373735,3.5702829413463486e-05,5.554320709505007,9.994724529908504,3.773058037002687,nan,nan
147.06,204.91342163085938,-223.24423217773438,-24.07021713256836,205.62842437652193,-223.6833003142058,-24.074220853318565,0.8390624437724179,0.3539415959492779,0.07634326658638038,3.500522124346143e-05,5.245889796202797,9.589745880974197,nan,1.114433733276932,nan
147.07,204.922119140625,-223.24185180664062,-24.071964263916016,205.63718938210386,-223.68084623868765,-24.07604889314842,0.8390817873204524,0.3539872231038315,0.07636486216343934,3.5710300479725854e-05,5.236807703484993,10.018749886892715,nan,nan,nan
147.08,204.93080139160156,-223.23951721191406,-24.073678970336914,205.64595988669566,-223.6784455777299,-24.07818748354175,0.83912460940812,0.3540329352817668,0.07638652051642522,3.5012484822915676e-05,5.331640375270671,10.246334187015286,nan,0.08381958706282887,nan
147.09,204.9394989013672,-223.23721313476562,-24.07535743713379,205.65472460977904,-223.67608565668203,-24.0799514138666,0.8391531499605559,0.35407873337802664,0.07640824266893256,3.571794240828143e-05,5.324799234903426,9.577536859567386,nan,nan,nan
147.1,204.9481964111328,-223.23497009277344,-24.077003479003906,205.67085818670185,-223.69011522289136,-24.08221451807204,0.854063397100489,0.35401769922590187,0.07639993355097925,3.499873639664852e-05,6.309860328280954,10.054142165953325,19.765924598933747,0.21838442545259718,nan
147.11,204.95687866210938,-223.23277282714844,-24.078617095947266,205.67961532043776,-223.6879010717243,-24.08391895570459,0.8541183208544784,0.3540633081224599,0.07642164677983998,3.570369689686315e-05,6.303063961152048,10.265253064688938,nan,nan,nan
147.12,204.965576171875,-223.23060607910156,-24.080198287963867,205.68837536819524,-223.6857344090262,-24.085781837331247,0.8541730801920104,0.3541090020013,0.07644342304611747,3.500627202475755e-05,6.389436937209519,9.808841122217524,nan,0.025443710016149118,nan
147.13,204.97427368164062,-223.22848510742188,-24.08174705505371,205.6971324324261,-223.68360801856858,-24.0874259057945,0.8542212167720403,0.35415478169917297,0.07646526328018544,3.571161363046609e-05,6.384918079393017,9.885576716618068,nan,nan,nan
147.14000000000001,204.9829559326172,-223.22640991210938,-24.08326530456543,205.7058732708194,-223.68150730907814,-24.087987815801878,0.8542513802818892,0.3542006466821174,0.07648716686209742,3.5013943487873865e-05,6.101347447297544,9.878387887370947,nan,0.7808812961192934,nan
147.15,204.9916534423828,-223.22438049316406,-24.084754943847656,205.71224348012814,-223.68404317360444,-24.089730731484398,0.8547306831687066,0.3541395691747532,0.07647878785646808,3.5697630247093975e-05,6.498820882233366,9.827314951675476,4.813454453836318,nan,nan
147.16,205.00035095214844,-223.22239685058594,-24.086212158203125,205.72100261881434,-223.6820769569594,-24.092256546636293,0.8547989000316951,0.3541852446959891,0.07650068185521822,3.500055210721004e-05,6.831663226750887,10.33305950691013,nan,0.674719527822088,nan
147.17000000000002,205.009033203125,-223.22044372558594,-24.087642669677734,205.72974698482216,-223.68013567924342,-24.09378624937524,0.85485834555039,0.3542310059375302,0.07652263998994988,3.570577404054052e-05,6.82780051384848,10.235386062796625,nan,nan,nan
147.18,205.01773071289062,-223.21852111816406,-24.08904266357422,205.73849936772373,-223.67824221478065,-24.09584191842989,0.8549252425393001,0.3542768524203298,0.07654466172522403,3.500843549887814e-05,7.075169534087129,10.12767435382173,nan,0.21647071858860115,nan
147.19,205.02642822265625,-223.21664428710938,-24.090415954589844,205.7472436377006,-223.67637879008856,-24.09732207688953,0.8549727307465932,0.3543227848992798,0.07656674786574029,3.571403342735441e-05,7.073591553308763,10.294411408732326,nan,nan,nan
147.20000000000002,205.0351104736328,-223.21481323242188,-24.09176254272461,205.79069038252732,-223.6954856800587,-24.09631734636841,0.8955265193607866,0.35426166291920275,0.07655829492019227,3.499524689561809e-05,6.8106162244477515,10.202036074060231,14.616293550199101,4.096135830174599,nan
147.21,205.04380798339844,-223.2130126953125,-24.093080520629883,205.79948503568662,-223.69374272504132,-24.09771966577424,0.895639821862388,0.354307405642583,0.07658037075722893,3.570034464687569e-05,6.8045762898763344,9.867041296132612,nan,nan,nan
147.22,205.052490234375,-223.21124267578125,-24.09437370300293,205.80829659950768,-223.69205316331244,-24.10029107160416,0.8957996437520065,0.35435323356127246,0.07660251044054099,3.500330203957679e-05,7.186061089380245,10.329310694119322,nan,1.0075176251774645,nan
147.23,205.06118774414062,-223.2095184326172,-24.095640182495117,205.8170915607837,-223.69038191823796,-24.10165473930634,0.8959109591430134,0.35439914737866945,0.07662471469870034,3.5708777455649905e-05,7.18252515659751,10.369600733811271,nan,nan,nan
147.24,205.06988525390625,-223.20782470703125,-24.096881866455078,205.82590567702388,-223.6887647101593,-24.104378532259286,0.8960615864871924,0.35444514669252497,0.07664698310956947,3.501144698228723e-05,7.758740892183921,10.855666895256704,nan,1.3529478183981258,nan
147.25,205.0785675048828,-223.20616149902344,-24.098098754882812,205.83066392199999,-223.6955426152465,-24.105672654866016,0.8973295166866905,0.3543839803430535,0.07663845350640958,3.569525565426734e-05,8.427170142925366,11.069684635933337,10.763514982808486,nan,nan
147.26,205.08726501464844,-223.20452880859375,-24.09929084777832,205.83944996312223,-223.69402016904652,-24.10788240071068,0.8974730098728463,0.35442978962983,0.07666071091541367,3.499847808715691e-05,8.914288340203345,11.324886219077815,nan,0.5784396039326664,nan
147.27,205.09596252441406,-223.2029266357422,-24.100460052490234,205.84822381452636,-223.69251825135848,-24.109173165749024,0.897592845908352,0.3544756847185355,0.07668303306851501,3.570382552243322e-05,8.916816731314537,11.277987221284912,nan,nan,nan
147.28,205.10464477539062,-223.2013702392578,-24.101604461669922,205.85701274501182,-223.6910633695454,-24.111580722061223,0.897750772394072,0.35452166525490686,0.07670541961173244,3.50067510455152e-05,9.617478577983643,12.476685781991286,nan,0.9164575115366626,nan
147.29,205.11334228515625,-223.1998291015625,-24.10272789001465,205.86578685903729,-223.68962513821026,-24.112837927711897,0.8978726007296957,0.354567731870734,0.07672787117214752,3.571246985515736e-05,9.622075193230375,11.936910524426645,nan,nan,nan
147.3,205.12203979492188,-223.19833374023438,-24.10382843017578,205.8788103104516,-223.68247168596963,-24.11247274093583,0.8984241135368045,0.35450652013094924,0.07671926102463433,3.499390665283665e-05,8.396499921228555,11.43444354431802,6.381798768041224,1.5791338228284955,nan
147.31,205.13072204589844,-223.1968536376953,-24.10490608215332,205.8876024209548,-223.68106997041977,-24.113670151038228,0.8985600524873181,0.3545523964200834,0.07674170083313077,3.5699120275150514e-05,8.397608669509827,11.329206880554908,nan,nan,nan
147.32,205.13941955566406,-223.19541931152344,-24.1059627532959,205.8964211949937,-223.67972406680974,-24.11696366558018,0.8987344424310113,0.35459835810592377,0.0767642052625544,3.5002277411237226e-05,9.687827047575261,12.758402765650109,nan,3.163829091504352,nan
147.33,205.1481170654297,-223.19400024414062,-24.106998443603516,205.905213617158,-223.67838170359838,-24.118141068876945,0.8988574664557912,0.35464440577580564,0.0767867748793706,3.570786355661252e-05,9.692651465082072,12.456403791299955,nan,nan,nan
147.34,205.15679931640625,-223.19261169433594,-24.108013153076172,205.91398889645941,-223.67705095491635,-24.117866429010817,0.8989519143866554,0.35469053914183785,0.07680940941993793,3.501070432851086e-05,8.973458307407363,12.009963519603552,nan,1.4476900279894032,nan
147.35,205.16549682617188,-223.19125366210938,-24.1090087890625,205.94341830179144,-223.68868441989585,-24.11892768018503,0.9234162471081216,0.3546292819653794,0.07680071581992541,3.5694611910572526e-05,9.27659467608744,12.09612403210256,5.5311155637498395,nan,nan
147.36,205.1741943359375,-223.18992614746094,-24.109983444213867,205.95224024087508,-223.68745333829085,-24.119945764852183,0.9235734857810456,0.35467522472398305,0.07682333787303652,3.499797988341814e-05,9.34131234156613,12.249460607646144,nan,0.005164409562159372,nan
147.37,205.18289184570312,-223.18861389160156,-24.110939025878906,205.96106328938583,-223.68624989495157,-24.121029817001446,0.923739255233251,0.354721253371885,0.07684602528303286,3.570342714462218e-05,9.3434106213155,12.018913999047097,nan,nan,nan
147.38,205.1915740966797,-223.1873321533203,-24.111873626708984,205.96987820927436,-223.68506477243616,-24.121379457245595,0.923896862549002,0.354767367662143,0.07686877783983743,3.50064743585638e-05,9.058070211995899,12.077719556184165,nan,0.36202340926962656,nan
147.39000000000001,205.2002716064453,-223.1860809326172,-24.11279296875,205.9787017028225,-223.6839130915628,-24.122420292285337,0.9240578763176511,0.35481356812092846,0.07689159603005362,3.57122873869362e-05,9.057582203760884,11.92387533919401,nan,nan,nan
147.4,205.20896911621094,-223.1848602294922,-24.113691329956055,205.96251729676607,-223.67051184035827,-24.123607233732233,0.8965437371943806,0.35475226456915243,0.07688281522559504,3.4993818765230496e-05,9.097459012875337,11.963235447247015,7.923360661461996,0.09979637663058448,nan
147.41,205.21766662597656,-223.18365478515625,-24.114572525024414,205.9713004464847,-223.66938780000294,-24.12461283356835,0.8966611985144592,0.35479827411544446,0.07690562014933129,3.569912087367999e-05,9.09706256208246,11.751749846812865,nan,nan,nan
147.42000000000002,205.2263641357422,-223.18247985839844,-24.115436553955078,205.9800769022768,-223.66828196112937,-24.12499854300763,0.8967597499273162,0.3548443692481792,0.07692849043675891,3.5002358658380184e-05,8.870621810846957,11.659521138074151,nan,0.25687950087956585,nan
147.43,205.23504638671875,-223.1813201904297,-24.116283416748047,205.98885997855018,-223.66720593556312,-24.125964946856243,0.8968910862411934,0.35489055045602036,0.07695142652748822,3.57080275568892e-05,8.868847103000263,11.68516282875744,nan,nan,nan
147.44,205.24374389648438,-223.18017578125,-24.11711311340332,205.99765804126105,-223.66616668316368,-24.12829545927117,0.897050020509627,0.35493681754807876,0.07697442828157335,3.501093115228558e-05,9.80182899427227,12.261263938501626,nan,1.3441570460093921,nan
147.45000000000002,205.25244140625,-223.1790771484375,-24.11792755126953,206.0034291695218,-223.66278358337144,-24.129259958204905,0.8933548898547771,0.35487546744539494,0.07696555721782837,3.569491101452052e-05,9.74883913087821,12.728338320117402,0.19105139543921126,nan,nan
147.46,205.26113891601562,-223.17787170410156,-24.11882972717285,206.01220967383767,-223.66171649331704,-24.13029080616626,0.8935012141223169,0.35492154333537035,0.07698854493452807,3.499832612407216e-05,9.893920462926154,12.449730265992402,nan,0.0013958207324294043,nan
147.47,205.26983642578125,-223.1765899658203,-24.119821548461914,206.02098996341843,-223.66056301011093,-24.131367878017855,0.8936413500006567,0.3549677052076412,0.07701159862333913,3.57038446218358e-05,9.863767530013805,12.617311842817992,nan,nan,nan
147.48,205.27853393554688,-223.17523193359375,-24.120901107788086,206.0297779403887,-223.65933134447602,-24.13327114207903,0.8937968517374048,0.3550139529054902,0.07703471818525844,3.500692457935116e-05,10.489404283486047,13.430153358979283,nan,0.3832202842855686,nan
147.49,205.2872314453125,-223.1737823486328,-24.122066497802734,206.03855852127037,-223.6580091381834,-24.134533222986878,0.8939370100978503,0.3550602868664989,0.07705790399877725,3.5712803131065754e-05,10.459313567038471,13.229420860141474,nan,nan,nan
147.5,205.29591369628906,-223.1722412109375,-24.123319625854492,206.03947374738175,-223.64574186936437,-24.134633187513753,0.8815965175685853,0.3549988893423541,0.07704893903225911,3.4994350752189016e-05,9.288809795714434,12.381044200955662,5.463666610254317,1.1930473084808186,nan
147.51,205.3046112060547,-223.17062377929688,-24.12465476989746,206.04825088739958,-223.644222992118,-24.13605682557342,0.8817177535522026,0.35504503179098235,0.07707211000113623,3.5699712734307796e-05,9.26172063190764,12.303519841738977,nan,nan,nan
147.52,205.3133087158203,-223.16893005371094,-24.126075744628906,206.057026078174,-223.642621275791,-24.13736511305044,0.8818312416678037,0.3550912600045331,0.07709534704713804,3.50029593784399e-05,9.249770410667788,12.379294267844616,nan,0.02836282185581508,nan
147.53,205.32200622558594,-223.1671600341797,-24.127578735351562,206.0658030640706,-223.6409410922373,-24.138955920002278,0.8819476561817873,0.3551375743896276,0.0771186505133725,3.570868256991192e-05,9.221971066869552,12.435362374224956,nan,nan,nan
147.54,205.33070373535156,-223.16529846191406,-24.12916374206543,206.07457486744897,-223.639177551136,-24.140095193673417,0.8820573388413826,0.3551839748358558,0.07714202035371356,3.501158499874851e-05,8.999315323207213,11.909602088034998,nan,0.20193876227374233,nan
147.55,205.3394012451172,-223.1633758544922,-24.130830764770508,206.062435249702,-223.6259654474955,-24.141905012849413,0.8584229390640864,0.35512252960520535,0.07713295832159105,3.569561069347802e-05,8.822246813539415,12.201511783886627,4.625319593411992,nan,nan
147.56,205.3480987548828,-223.16136169433594,-24.13257598876953,206.0711851647199,-223.62403283848298,-24.144352132087807,0.8585203674164521,0.355168738241048,0.07715631251282297,3.499901617105194e-05,9.337734253343111,12.366281858024834,nan,0.26534003247958443,nan
147.57,205.35679626464844,-223.15927124023438,-24.134401321411133,206.0799293350067,-223.62201911109463,-24.146272971087345,0.8586023325716725,0.3552150329573226,0.07717973329146118,3.570457812462649e-05,9.311568399313167,12.323447849727183,nan,nan,nan
147.58,205.36549377441406,-223.15711975097656,-24.13630485534668,206.08867367322878,-223.6199303321661,-24.14832653722586,0.8586776583479179,0.3552614136715247,0.077203220641721,3.500764085689655e-05,9.480643507284,12.836399209635696,nan,0.001986023713745645,nan
147.59,205.3741912841797,-223.15489196777344,-24.138286590576172,206.09741727316162,-223.61776654216098,-24.150406354798903,0.8587523458123207,0.3553078807485309,0.07722677486136084,3.5713557607624294e-05,9.453574484283239,12.75109963014428,nan,nan,nan
147.6,205.38287353515625,-223.15257263183594,-24.140342712402344,206.12132118888573,-223.61943797484835,-24.15144513598842,0.8737227532885699,0.35524638699559513,0.0772176122069668,3.499507945221459e-05,8.759830139845606,12.002350000409399,2.7703114545872483,0.9320693570976857,nan
147.61,205.39157104492188,-223.1501922607422,-24.142475128173828,206.13009333144979,-223.6171281659189,-24.15366877435274,0.873824699213971,0.35529266194684944,0.07724114994275376,3.5700474565691974e-05,8.735844439663685,12.056919144631108,nan,nan,nan
147.62,205.4002685546875,-223.1477508544922,-24.144638061523438,206.1388616381855,-223.61474322954982,-24.15553867940986,0.8739110050933893,0.355339022830945,0.07726475444237044,3.5003692242255776e-05,8.60880121187254,12.192247104477179,nan,0.11707546226582019,nan
147.63,205.40896606445312,-223.1452178955078,-24.146793365478516,206.14763282636994,-223.61228951860463,-24.157824030051277,0.8740172548776631,0.3553854699877472,0.07728842597780339,3.5709443593170795e-05,8.610778468031928,11.679059748073545,nan,nan,nan
147.64000000000001,205.4176483154297,-223.1426239013672,-24.148923873901367,206.1474705140178,-223.61997606102892,-24.160689421072682,0.8721490434472572,0.3548815011574677,0.07659423519085708,3.501210018010102e-05,11.564490437258556,15.045024405505105,nan,0.2544112946847097,0.14511482892179817
147.65,205.4263458251953,-223.1399688720703,-24.151020050048828,206.13510689215119,-223.61179656898904,-24.162975557817653,0.8515318900534871,0.3548191830971842,0.07658594672268805,3.569614305290313e-05,11.860069943408407,15.036419747112898,6.773636562724644,nan,nan
147.66,205.43504333496094,-223.13723754882812,-24.153079986572266,206.14382460209455,-223.60914250302028,-24.164397888486313,0.8515828000461089,0.354864212697159,0.0766065300282844,3.4999523517930634e-05,11.498537302209872,14.476393950784495,nan,0.44340646064137107,nan
147.67000000000002,205.4437255859375,-223.13442993164062,-24.155101776123047,206.1525404202785,-223.60643388007955,-24.16656777415075,0.8516675794196839,0.35490932684038684,0.07662717404256379,3.5705099625928077e-05,11.503677877499252,14.42631494121834,nan,nan,nan
147.68,205.45242309570312,-223.13157653808594,-24.15708351135254,206.16126015050028,-223.60361900470787,-24.166353481816,0.8516806871712057,0.3549545256616053,0.07664787810708104,3.500813408805149e-05,10.257939158991853,13.548390994330274,nan,3.8853280791770928,nan
147.69,205.46112060546875,-223.12864685058594,-24.159027099609375,206.16997502019555,-223.6007815723957,-24.168424078176898,0.8517476621759871,0.3549998093155892,0.07666864314826535,3.5714060753186164e-05,10.258798086407072,13.044247291957413,nan,nan,nan
147.70000000000002,205.4698028564453,-223.125732421875,-24.160932540893555,206.181115666141,-223.60170257046894,-24.169477744469244,0.8559126801805663,0.35493747112679325,0.07666030859865819,3.499555121019462e-05,10.10464193318543,13.178361818929345,1.239390383127808,0.6143524827452311,nan
147.71,205.47850036621094,-223.12283325195312,-24.162799835205078,206.1898286551032,-223.5988659149103,-24.171463434885823,0.8559614995663913,0.354982566422122,0.07668106683193703,3.570095225850511e-05,10.10033652077419,12.680693735865955,nan,nan,nan
147.72,205.4871826171875,-223.1199951171875,-24.164628982543945,206.1985439259015,-223.59604473886455,-24.172082394133824,0.8559869783930653,0.3550277463315187,0.07670188539835866,3.500413740877839e-05,9.56224686018275,12.734694287603828,nan,1.2494121168481638,nan
147.73,205.49588012695312,-223.1171875,-24.16642189025879,206.20725604630948,-223.59329096749474,-24.17398260280738,0.8560300081041887,0.3550730110117331,0.07672276514130649,3.570989079646399e-05,9.555224735766691,12.10947786848092,nan,nan,nan
147.74,205.5045623779297,-223.11444091796875,-24.168180465698242,206.2159710919449,-223.590564012335,-24.17427129223611,0.8560564569779214,0.3551183605945256,0.07674370552525882,3.501272587834452e-05,8.991893768409682,11.90036505280879,nan,1.7534428611988675,nan
147.75,205.51324462890625,-223.11175537109375,-24.169902801513672,206.228851272927,-223.59600480752542,-24.176021022993062,0.8640762803624935,0.3550560018697413,0.07673532254707645,3.569677182847497e-05,9.524426198959924,12.198479045075477,5.887403632611585,nan,nan
147.76,205.52194213867188,-223.10911560058594,-24.17159080505371,206.2375573438866,-223.5934367377747,-24.177919355890236,0.8641250698932641,0.3551011628823101,0.07675625560620332,3.500010584348015e-05,9.5992512153354,11.96660428524975,nan,0.009909924411566086,nan
147.77,205.53062438964844,-223.1065216064453,-24.17324447631836,206.2462634063953,-223.5909194077532,-24.179667450279393,0.8641884556026082,0.35514640860292396,0.07677725004122644,3.570568143178309e-05,9.589608129202414,11.980550399246656,nan,nan,nan
147.78,205.539306640625,-223.10398864746094,-24.17486572265625,206.25497257785918,-223.58843280493363,-24.17992028560817,0.8642276459552412,0.35519173916149815,0.07679830539190066,3.500866951121034e-05,9.142472011001132,11.744531538583292,nan,1.5103200201326947,nan
147.79,205.54800415039062,-223.10150146484375,-24.176456451416016,206.2636781717104,-223.58601811117043,-24.181589530162636,0.8642754386519995,0.35523715471757544,0.07681942239011845,3.571459204939508e-05,9.129967333524046,11.469973580218497,nan,nan,nan
147.8,205.5566864013672,-223.09906005859375,-24.17801284790039,206.26357769435432,-223.58078555586812,-24.181444129531062,0.8554335324961801,0.35517477499954475,0.0768109872208713,3.4996037086203915e-05,8.787563738297495,11.139295031612194,0.9325140444798444,2.303479664336646,nan
147.81,205.56536865234375,-223.0966796875,-24.17953872680664,206.27226625901056,-223.57846766563625,-24.18303422115542,0.8554741963780272,0.35522000176976354,0.07683209631886548,3.57014306975518e-05,8.77184936788577,11.409163308882537,nan,nan,nan
147.82,205.57406616210938,-223.09432983398438,-24.1810359954834,206.2809540192741,-223.5762021838255,-24.184921826664976,0.8555153440075312,0.3552653133126281,0.07685326660051418,3.5004570975669894e-05,8.841552283575373,10.962804802769751,nan,0.0755992872224376,nan
147.83,205.58274841308594,-223.092041015625,-24.1825008392334,206.28964266499406,-223.5739792336926,-24.186456253873565,0.8555580487143429,0.3553107097893394,0.0768744987298896,3.57103136961334e-05,8.827153890211264,11.437908542518775,nan,nan,nan
147.84,205.5914306640625,-223.08978271484375,-24.18393898010254,206.29833739415326,-223.57176992073684,-24.18548196416918,0.8555882026372713,0.35535619132729956,0.0768957923472687,3.501310515795078e-05,8.43728850759373,10.69239181012486,nan,4.33992243913985,nan
147.85,205.60012817382812,-223.08758544921875,-24.185346603393555,206.3167442295935,-223.57414552895952,-24.186918636585478,0.8661880591802325,0.35529379016416607,0.07688730239588216,3.569713833252813e-05,8.47967024619398,10.946422463339083,0.887773284897887,nan,nan
147.86,205.6088104248047,-223.08541870117188,-24.18672752380371,206.3254527289353,-223.5720451514592,-24.18669049882321,0.8662456323466898,0.35533908269494496,0.07690858755373493,3.5000430348439715e-05,8.390752941624859,10.714855888707593,nan,1.930677708639853,nan
147.87,205.61749267578125,-223.08331298828125,-24.188079833984375,206.33415707288773,-223.5700093974651,-24.18807279618257,0.8663032106843334,0.3553844600950497,0.07692993475874112,3.5705989484491404e-05,8.369516432822449,11.116613936724365,nan,nan,nan
147.88,205.6261749267578,-223.08123779296875,-24.18940544128418,206.34285974320073,-223.56802519342514,-24.190142682913457,0.866371538595386,0.35542992249045424,0.07695134371191391,3.500893738955809e-05,8.364926430967978,10.857644700402028,nan,0.359506560072554,nan
147.89000000000001,205.63487243652344,-223.07920837402344,-24.190704345703125,206.35156406075168,-223.56607405690173,-24.191480200705726,0.8664211905040471,0.35547547004453417,0.07697281498725833,3.571484080051186e-05,8.346384423371653,10.792050629755986,nan,nan,nan
147.9,205.6435546875,-223.07720947265625,-24.191978454589844,206.3925118572237,-223.5897276528618,-24.194013623474493,0.9075328473582223,0.3554130469276386,0.07696426660709345,3.499624902106087e-05,9.535814676991812,11.426180511528512,25.06662709972672,1.1519600095137765,nan
147.91,205.65223693847656,-223.07525634765625,-24.193225860595703,206.40125090419198,-223.58792344842058,-24.195312549700716,0.9076639418387555,0.35545840524906636,0.07698572881333411,3.5701621133397546e-05,9.520998443129844,11.540168796918191,nan,nan,nan
147.92000000000002,205.6609344482422,-223.07334899902344,-24.19445037841797,206.40998958670107,-223.58616065698604,-24.196768718901478,0.9077801340063624,0.35550384849917516,0.07700725302158717,3.500472558184174e-05,9.534144690116726,11.503438375560888,nan,0.023256507023166523,nan
147.93,205.66961669921875,-223.07147216796875,-24.195648193359375,206.41872884839276,-223.58443440100822,-24.19802160490045,0.9079123843451479,0.3555493768425158,0.07702883975181612,3.571044448662997e-05,9.520096260666625,11.55420452025719,nan,nan,nan
147.94,205.6782989501953,-223.0696258544922,-24.196823120117188,206.42747371550684,-223.5827234844131,-24.197228697811894,0.9080375384879709,0.3555949904032659,0.07705048878523824,3.5013202543513765e-05,9.349473713344958,11.26969733971751,nan,2.886963664088981,nan
147.95000000000002,205.68699645996094,-223.0678253173828,-24.197975158691406,206.45197686196838,-223.58062016432856,-24.198466204105387,0.9209526652522257,0.3555325448387634,0.07704187918528145,3.569721144157465e-05,8.751185703854848,11.150804636166914,9.621229202475313,nan,nan
147.96,205.6956787109375,-223.06605529785156,-24.1991024017334,206.4607607227855,-223.57896761715804,-24.197736368781953,0.9211033591273844,0.35557796893607874,0.07706351854945323,3.5000472613556414e-05,8.779193281518927,11.314638199561914,nan,2.538292479265805,nan
147.97,205.70436096191406,-223.0643310546875,-24.20020866394043,206.46953953105182,-223.57737098455493,-24.19886181734021,0.9212545936394854,0.3556234780603058,0.0770852206343281,3.570600394381224e-05,8.757275532347688,11.496670525455377,nan,nan,nan
147.98,205.7130584716797,-223.06263732910156,-24.201292037963867,206.4783123835653,-223.57583202493194,-24.20216240347552,0.9214027908687963,0.3556690723347116,0.07710698526890435,3.500892367587187e-05,8.709627310046374,11.193632078922672,nan,3.4050646080188898,nan
147.99,205.72174072265625,-223.06097412109375,-24.202354431152344,206.48709151417776,-223.5743045135107,-24.20326755439873,0.9215588747636291,0.3557147519252495,0.07712881290220448,3.57147974733981e-05,8.692681598892433,11.324015015240798,nan,nan,nan
148.0,205.7304229736328,-223.05934143066406,-24.20339584350586,206.48689971145632,-223.56845824655178,-24.203165187089734,0.9118426620257064,0.35565228335764776,0.0771201385256782,3.4996182158479356e-05,8.606650936905032,11.12586537458159,1.2849258044964489,0.8188072174708946,nan
148.01,205.73912048339844,-223.05775451660156,-24.204416275024414,206.4956648608196,-223.566989279858,-24.204217113328376,0.9119646258390756,0.3556977732496967,0.07714195584665706,3.5701523138516063e-05,8.587249297127691,11.204743069983373,nan,nan,nan
148.02,205.747802734375,-223.05618286132812,-24.205415725708008,206.5044225885504,-223.56557848585038,-24.207966585023915,0.9121206131307792,0.3557433482240307,0.07716383595789475,3.500460496620004e-05,8.753946993656568,11.259803158336075,nan,5.21190178286147,nan
148.03,205.75648498535156,-223.05465698242188,-24.206396102905273,206.51318799026143,-223.56417306082176,-24.209006794907577,0.912257029296211,0.35578900844724876,0.0771857792664666,3.5710291248065984e-05,8.739699662932638,11.538332925918695,nan,nan,nan
148.04,205.7651824951172,-223.0531463623047,-24.20735740661621,206.52195587418245,-223.5627909203933,-24.2091999520223,0.912385290228184,0.3558347540416114,0.07720778566370616,3.5013029548222584e-05,8.628430858744395,10.934921602544014,nan,0.48414011477108165,nan
148.05,205.77386474609375,-223.0516815185547,-24.208297729492188,206.51438493830375,-223.55338060782802,-24.210115720488957,0.8944693602017274,0.35577226193720213,0.07719904355969925,3.5697006650224697e-05,8.49711280101794,11.286448072697553,2.8002082506309067,nan,nan
148.06,205.78256225585938,-223.05023193359375,-24.20922088623047,206.52313152318771,-223.55202918691924,-24.2086197832559,0.8945634043940249,0.3558178175931158,0.07722103900523898,3.500025090119076e-05,8.39727868444644,10.708590257849272,nan,4.312308936521156,nan
148.07,205.79124450683594,-223.04881286621094,-24.210124969482422,206.53187125534902,-223.5507287938032,-24.209552827359875,0.8946775432134497,0.3558634584297954,0.07724309784530317,3.5705747203172075e-05,8.37792957775834,10.925839871367092,nan,nan,nan
148.08,205.79994201660156,-223.04742431640625,-24.21101188659668,206.54061270060788,-223.54945247757053,-24.20993886031874,0.8947773399755742,0.35590918456911164,0.07726522000779722,3.50086529042489e-05,8.38383126833413,10.806743909295372,nan,0.19812086318642122,nan
148.09,205.80862426757812,-223.0460662841797,-24.21187973022461,206.54935292210828,-223.54820872052943,-24.210832696527554,0.8948894134499961,0.3559549961782864,0.07728740584543295,3.571449062047098e-05,8.363128955995036,11.06767865658901,nan,nan,nan
148.1,205.81732177734375,-223.04473876953125,-24.212730407714844,206.56546370435666,-223.54944823051306,-24.211788149407145,0.9024682104151158,0.35589247993943274,0.07727859252501776,3.499586637948701e-05,8.313419733613982,10.978888251751465,0.6331941822061332,0.008648667538224845,nan
148.11,205.8260040283203,-223.04344177246094,-24.213563919067383,206.57421795594536,-223.54826110100421,-24.212649776694533,0.9025893150371653,0.35593810136581056,0.07730076673507469,3.570117048654318e-05,8.292478881074576,11.257531396415517,nan,nan,nan
148.12,205.83470153808594,-223.0421600341797,-24.21438217163086,206.5829676520884,-223.54711353681088,-24.215192052042944,0.902707523559065,0.3559838080256479,0.0773230044957522,3.500424394883908e-05,8.270238313375119,10.820650651115832,nan,2.0317835295207685,nan
148.13,205.8433837890625,-223.04090881347656,-24.21518325805664,206.5917224323647,-223.54597836516893,-24.216039331483103,0.9028326035139675,0.3560296000863145,0.07734530612813266,3.570989256893479e-05,8.253612113811693,11.125956676535814,nan,nan,nan
148.14000000000001,205.85208129882812,-223.03956604003906,-24.216073989868164,206.60047806509903,-223.54481210849283,-24.216710283213466,0.9029793543165624,0.35607547766942005,0.07736767160718613,3.501262532137783e-05,8.231775567518374,10.809466311642707,nan,0.032401450758414795,nan
148.15,205.8607635498047,-223.03814697265625,-24.21705436706543,206.62268996370938,-223.53789578274888,-24.217750338359654,0.9111976831460327,0.35601293672463996,0.0773587839951945,3.569656652272942e-05,7.382700726271076,11.10022152899859,16.794960407314505,nan,nan
148.16,205.8694610595703,-223.03663635253906,-24.218122482299805,206.63148494604116,-223.53653358069514,-24.219233237500728,0.9113610020443976,0.3560586238760893,0.07738113716970586,3.4999807907080735e-05,7.390520427154104,10.71014304466103,nan,0.12371614302034978,nan
148.17000000000002,205.87815856933594,-223.03504943847656,-24.219276428222656,206.64028131664938,-223.53508604412613,-24.220390175956027,0.911520120126892,0.35610439635848645,0.07740355441072062,3.570526545991015e-05,7.375720287895289,10.871482619885056,nan,nan,nan
148.18,205.8868408203125,-223.03338623046875,-24.220518112182617,206.6490797765506,-223.53355282099795,-24.22101490194799,0.9116880450508371,0.3561502542935142,0.07742603572034946,3.500817100082032e-05,7.332933579810506,11.156397014156216,nan,0.27088697755194024,nan
148.19,205.89553833007812,-223.03163146972656,-24.221843719482422,206.65787673518886,-223.53194346159464,-24.222339359753988,0.9118509630268886,0.35619619784847006,0.07744858137928164,3.571396953438074e-05,7.318944615079443,10.695057000577274,nan,nan,nan
148.20000000000002,205.9042205810547,-223.02980041503906,-24.22325325012207,206.667618084304,-223.52708010409197,-24.22373510022191,0.9110779710273692,0.3561336315625785,0.0774396160368275,3.499535014688973e-05,7.060193989461277,10.96781122925395,1.3783644472388914,8.280476407409074e-06,nan
148.21,205.9129180908203,-223.0279083251953,-24.22474479675293,206.67642243846726,-223.52530008515615,-24.225229103229655,0.9112286685050488,0.3561793844325509,0.07746214868324341,3.5700614864628607e-05,7.044618550868398,11.19166041112291,nan,nan,nan
148.22,205.92161560058594,-223.0259246826172,-24.226318359375,206.68523053020132,-223.52343389461126,-24.225490907397937,0.9113856820398524,0.35622522268466317,0.07748474561501464,3.500369326624733e-05,7.043109177350007,10.869622843147257,nan,1.2222241064103572,nan
148.23,205.9302978515625,-223.02386474609375,-24.22797393798828,206.6940346481132,-223.52149915758656,-24.22713803204434,0.9115561423445354,0.3562711464859405,0.07750740708976246,3.570930227157062e-05,7.028181057005554,11.088077695587298,nan,nan,nan
148.24,205.93899536132812,-223.021728515625,-24.22970962524414,206.7028459229653,-223.51947248878002,-24.226215418610945,0.9117175839072029,0.3563171559584365,0.07753013314396998,3.5012042440486295e-05,7.342891529284501,11.180286511142775,nan,4.960232284825669,nan
148.25,205.9476776123047,-223.01951599121094,-24.231523513793945,206.71493271922054,-223.5222725156688,-24.227952765923433,0.917309801655772,0.3562545637243738,0.07752108690274827,3.569594640157954e-05,7.606237946971107,11.49370075178437,1.3720530882973867,nan,nan
148.26,205.9563751220703,-223.01722717285156,-24.233417510986328,206.72373689144706,-223.520126545806,-24.22972766354988,0.9174777814165737,0.35630038225440797,0.07754379923154524,3.499919747952025e-05,7.624164881832342,11.221290988768333,nan,0.005317770194891739,nan
148.27,205.96507263183594,-223.01487731933594,-24.235387802124023,206.73254062319862,-223.51790758304125,-24.231667295634495,0.9176384942548127,0.35634628626201553,0.07756657629491034,3.570461536502334e-05,7.608085201930735,11.542378339049822,nan,nan,nan
148.28,205.9737548828125,-223.012451171875,-24.23743438720703,206.74134278775543,-223.51561860836208,-24.23415689705163,0.9178122917554372,0.35639227586969585,0.07758941814874926,3.500753289058985e-05,7.512362406760054,11.620668409573131,nan,0.15728608378641346,nan
148.29,205.98245239257812,-223.00994873046875,-24.23955726623535,206.75014596418148,-223.51325534033535,-24.236256053229813,0.9179770484188801,0.3564383512438404,0.07761232502174042,3.571329180352249e-05,7.49658154452398,11.262148187198113,nan,nan,nan
148.3,205.9911346435547,-223.00738525390625,-24.241710662841797,206.76064793478608,-223.50026793855577,-24.238727783087377,0.9138341992838255,0.35637573239324805,0.0776031944792471,3.4994688967904074e-05,6.6736149270668,11.644615685565682,12.5964915992724,0.0776514322645898,nan
148.31,205.9998321533203,-223.00474548339844,-24.24385643005371,206.7694700779832,-223.4977246221924,-24.240897378963602,0.9139910953334139,0.35642161656295573,0.07762608688751814,3.569991430140942e-05,6.649788279410093,11.253591433188474,nan,nan,nan
148.32,206.00851440429688,-223.0020294189453,-24.24597930908203,206.77829067797936,-223.49511421461744,-24.243457129216416,0.9141632724184392,0.3564675862608926,0.0776490442924263,3.5003008852810924e-05,6.571560200760501,11.205788990117522,nan,0.11531948030017906,nan
148.33,206.01719665527344,-222.99925231933594,-24.24806785583496,206.78711186327405,-223.4924333873375,-24.24558902912344,0.9143320720217931,0.35651364165285554,0.07767206690648958,3.57085786745167e-05,6.546769989693949,11.403756474536516,nan,nan,nan
148.34,206.02589416503906,-222.9964141845703,-24.250120162963867,206.79593344929575,-223.48968325191953,-24.247299009728906,0.9144850086292756,0.3565597828622011,0.0776951548097292,3.50113369780621e-05,6.586916842235089,11.331282709316763,nan,0.10611074625001653,nan
148.35,206.03457641601562,-222.99349975585938,-24.252134323120117,206.7963113555685,-223.48072180818144,-24.249242323690805,0.9042310601086625,0.35649713675481487,0.07768593673124692,3.569520446965005e-05,6.4047161491151705,11.17469045886586,1.7709400229790138,nan,nan
148.36,206.04327392578125,-222.9905242919922,-24.25411033630371,206.80512361686584,-223.47782022031532,-24.249921570853537,0.9043726108866804,0.35654308649391203,0.07770900942258024,3.499847543771048e-05,6.656916749574803,11.30105681707661,nan,1.263381944247952,nan
148.37,206.0519561767578,-222.98748779296875,-24.256046295166016,206.81393182382897,-223.47485906144712,-24.251887165797793,0.9045191752665169,0.35658912185379465,0.077732147510701,3.570385484968696e-05,6.624659205582188,11.670751581793771,nan,nan,nan
148.38,206.06063842773438,-222.98439025878906,-24.257944107055664,206.82273993194656,-223.47183289538853,-24.2537233232125,0.9046639385505333,0.35663524295853566,0.0777553510889157,3.500679403416444e-05,6.6334750823496575,11.786353592733091,nan,0.005976793344692342,nan
148.39000000000001,206.06932067871094,-222.98121643066406,-24.259803771972656,206.83154729628873,-223.468744197773,-24.25561365776489,0.904815062487014,0.35668144997288836,0.07777862034991857,3.571251486899002e-05,6.6015140027818155,11.377877030550938,nan,nan,nan
148.4,206.07801818847656,-222.97805786132812,-24.261627197265625,206.85917543679355,-223.46517527655348,-24.253842983178217,0.920625122839344,0.3566187759112628,0.07776931135955618,3.4993937615008016e-05,7.370211950392338,12.956069876735446,10.803343827224811,8.82280486144026,nan
148.41,206.08670043945312,-222.97491455078125,-24.263412475585938,206.86802582754132,-223.4620546860815,-24.255624021469732,0.9207798507292775,0.3566647911850862,0.07779256463882649,3.569912541887622e-05,7.320616454104114,12.796090408927153,nan,nan,nan
148.42000000000002,206.0953826904297,-222.97183227539062,-24.26516342163086,206.8768720443424,-223.4589783735885,-24.258797351805246,0.920911210765383,0.35671089213053137,0.07781588360457459,3.500224471511583e-05,6.760813746341818,12.62167840720566,nan,1.4382807675283409,nan
148.43,206.10406494140625,-222.9687957763672,-24.26688003540039,206.88572152338284,-223.45594706712623,-24.260523432633555,0.9210558064711746,0.3567570789115372,0.07783926843874427,3.570777750783491e-05,6.7164896510833625,12.349269982467899,nan,nan,nan
148.44,206.1127471923828,-222.9658203125,-24.26856231689453,206.8945692351602,-223.45297253338092,-24.262720202176492,0.9211933147750146,0.35680335165336796,0.077862719250711,3.5010561998076526e-05,6.5414374859782285,12.320268774178123,nan,0.17944656479473103,nan
148.45000000000002,206.12142944335938,-222.96290588378906,-24.27021026611328,206.89115990095374,-223.44702617081805,-24.264300425146086,0.9093362171835638,0.3567406489666034,0.07785331606996507,3.5694395293482166e-05,6.6308545897293865,12.245620059093744,2.2332892872051366,nan,nan
148.46,206.13011169433594,-222.9600372314453,-24.271825790405273,206.89998678261546,-223.4441605728311,-24.26487222953508,0.9094676537605436,0.35678672969405406,0.07787675012033111,3.499769365617288e-05,7.016127880022804,12.319634837093147,nan,0.7918363080226183,nan
148.47,206.1387939453125,-222.9572296142578,-24.273408889770508,206.90881068441624,-223.44135516288068,-24.266460773249253,0.909588699167125,0.3568328961822373,0.07790025022213222,3.5703037267615284e-05,6.96872457674008,12.419174692407427,nan,nan,nan
148.48,206.14747619628906,-222.95448303222656,-24.274961471557617,206.91763448670207,-223.43860569479813,-24.267933506191277,0.9097076107214112,0.35687914855730507,0.0779238164932979,3.500600507310739e-05,7.009347507810992,12.599142637879421,nan,0.0050919805876756576,nan
148.49,206.15615844726562,-222.9517822265625,-24.27648162841797,206.92645776723884,-223.43591155583405,-24.269460269762085,0.909830505802868,0.35692548698189097,0.07794744910298926,3.571169073514904e-05,6.961316075677795,12.390891886458496,nan,nan,nan
148.5,206.1648406982422,-222.9491424560547,-24.277973175048828,206.9127599364024,-223.42059344125917,-24.269803526300215,0.884147024776491,0.3568627549472308,0.07793794837630827,3.4993145298610514e-05,7.2428860072549055,12.893753404360607,5.26165248318465,0.9636203449600598,nan
148.51,206.17352294921875,-222.94656372070312,-24.279434204101562,206.9215488787901,-223.41798124576047,-24.271260725508608,0.884219475014317,0.3569089010791972,0.07796156342493972,3.5698298676477616e-05,7.188606571077953,13.143411003276693,nan,nan,nan
148.52,206.1822052001953,-222.9440155029297,-24.280864715576172,206.9303357190248,-223.4154231435312,-24.273456376213574,0.8842959461140203,0.35695513302338333,0.07798524483024943,3.500144860726661e-05,6.868198795911567,12.285936305967535,nan,0.4152187834926904,nan
148.53,206.19088745117188,-222.9415283203125,-24.282268524169922,206.9391243048013,-223.41291418436467,-24.274864990963277,0.8843742614195798,0.35700145094148283,0.07800899275474849,3.5706947665551175e-05,6.817705305429515,12.497064342301897,nan,nan,nan
148.54,206.19956970214844,-222.93910217285156,-24.28364372253418,206.94791814881927,-223.41045003784998,-24.2740191468435,0.8844698072463764,0.3570478549610325,0.07803280732632585,3.500976370609951e-05,7.910499128280936,13.98907303957839,nan,3.5008153899560175,nan
148.55,206.208251953125,-222.93670654296875,-24.284992218017578,206.93470156336937,-223.38913483087546,-24.275282331418925,0.8558707109255227,0.3569850928796927,0.07802320575035425,3.569356605034657e-05,7.326291189157421,13.392344770540612,11.643457941535361,nan,nan
148.56,206.21693420410156,-222.9343719482422,-24.286312103271484,206.94347155947915,-223.38672044677944,-24.27416121019866,0.8559341896959299,0.35703130432503566,0.07804700194989346,3.499689665746923e-05,8.88615351793457,15.485018220336388,nan,4.157642569694983,nan
148.57,206.22561645507812,-222.93206787109375,-24.287607192993164,206.95223568122873,-223.38435839220196,-24.275416584717362,0.8559736130431665,0.3570776016679334,0.07807086484645903,3.570220807391227e-05,8.81333796327542,14.87845293495084,nan,nan,nan
148.58,206.2342987060547,-222.92982482910156,-24.288875579833984,206.96100027441022,-223.38204216215715,-24.276441402477058,0.8560083495695866,0.35712398503689397,0.07809479457297265,3.500520884392644e-05,9.050336255434564,15.686916428894564,nan,0.029801176882178704,nan
148.59,206.24298095703125,-222.9276123046875,-24.290119171142578,206.9697643223881,-223.379771714039,-24.277645108837238,0.8560477754511917,0.3571704545921756,0.07811879128441221,3.571086307340386e-05,8.97450557520963,15.174468822940446,nan,nan,nan
148.6,206.2516632080078,-222.9254608154297,-24.291337966918945,206.9718921291018,-223.3716371645421,-24.279615557326075,0.8473136657544038,0.35710766171956143,0.07810908552068786,3.499235307130524e-05,8.362281558662385,15.336699413821341,1.1649653219172844,0.4781811060811891,nan
148.61,206.26034545898438,-222.92333984375,-24.292531967163086,206.98064890294523,-223.36943988852641,-24.280779174424726,0.847337258397472,0.3571539384147879,0.07813306303194646,3.569747586794921e-05,8.288365973741024,14.90953068801246,nan,nan,nan
148.62,206.26902770996094,-222.9212646484375,-24.293703079223633,206.98940556140883,-223.36728535978781,-24.281992366000402,0.8473581678454039,0.35720030105995687,0.0781571075520103,3.500065980621122e-05,8.320796550378816,15.062941426802197,nan,0.0037382730509726175,nan
148.63,206.27769470214844,-222.9192352294922,-24.294849395751953,206.99816249495814,-223.36517251591434,-24.283110765378108,0.847391113560135,0.35724674981434157,0.07818121923219844,3.570612907604395e-05,8.244932767909802,15.455053633731579,nan,nan,nan
148.64000000000001,206.286376953125,-222.917236328125,-24.295974731445312,207.00691628563266,-223.36310261221726,-24.285632732670354,0.8473963829988185,0.3572932848079075,0.07820539821092631,3.5008979571940775e-05,7.4250038557397176,14.053453755894909,nan,1.434643744168956,nan
148.65,206.29505920410156,-222.915283203125,-24.297075271606445,207.0385974581583,-223.36593874372755,-24.28661787801738,0.8695107294347834,0.3572304604202465,0.07819558494694631,3.569275474184071e-05,7.256947063718206,14.567246612046507,7.488783944200098,nan,nan
148.66,206.30374145507812,-222.9133758544922,-24.298154830932617,206.9635333559566,-223.3616606607916,-24.28807511189454,0.7977381906112001,0.3497095312526182,0.07821412809936142,3.4996052487855454e-05,9.994077921275633,17.51896274097764,nan,0.11291629696834161,0.9294610271972007
148.67000000000002,206.3124237060547,-222.9114990234375,-24.299213409423828,206.97230571200524,-223.35975981414646,-24.289123315451356,0.7977993533844927,0.3497504216260322,0.07823861870335731,3.570133410761125e-05,9.91463356347478,17.20424192371235,nan,nan,nan
148.68,206.32110595703125,-222.90965270996094,-24.300251007080078,206.98107539492767,-223.3578968835871,-24.290286149723357,0.7978607626204349,0.34979139543835897,0.07826317040984142,3.500437356546804e-05,9.872403718657228,16.99119738801715,nan,0.012872173102490158,nan
148.69,206.3297882080078,-222.90785217285156,-24.301267623901367,206.98984827180487,-223.35607099741043,-24.291295480109437,0.797921578954046,0.3498324542429898,0.07828778336404181,3.570999889628527e-05,9.792564217636725,17.27129854637306,nan,nan,nan
148.70000000000002,206.33848571777344,-222.9060821533203,-24.302263259887695,207.0041267887107,-223.35214844955908,-24.29332452819079,0.8013320640552318,0.3497647946952952,0.07827774919491369,3.49915293209353e-05,8.927183636217167,16.559039642902047,4.206608311009047,0.6824554802098078,nan
148.71,206.34716796875,-222.90435791015625,-24.303239822387695,207.01292361498454,-223.35038272870236,-24.29430637111272,0.8014040964481933,0.34980568656578875,0.0783023364697476,3.569662418017201e-05,8.851412682465268,17.12113777110723,nan,nan,nan
148.72,206.35585021972656,-222.9026641845703,-24.304197311401367,207.02171713534145,-223.34865184788305,-24.29543757911876,0.8014739409658286,0.34984666186154056,0.07832698508076397,3.499984685951381e-05,8.780525101990516,16.95604629610653,nan,0.019907240864481198,nan
148.73,206.36453247070312,-222.9010009765625,-24.30513572692871,207.03051459444083,-223.34695502767897,-24.29638422760595,0.8015508677468794,0.34988772205126223,0.07835169517262316,3.570528909022549e-05,8.705983118111998,16.802795897963204,nan,nan,nan
148.74,206.3732147216797,-222.8993682861328,-24.306055068969727,207.03934254895705,-223.3452914618047,-24.295887407287093,0.8016714677588621,0.3499288659760698,0.07837646688972731,3.500817830019676e-05,9.487171307946582,17.573147622354135,nan,1.4343365584821206,nan
148.75,206.38189697265625,-222.8977813720703,-24.306955337524414,207.07842655992627,-223.36690551185137,-24.296847641534306,0.8398411099643149,0.34986131728590947,0.07836632485212204,3.569192889721082e-05,10.224702038616098,18.122075899566536,17.671436655929558,nan,nan
148.76,206.3905792236328,-222.89620971679688,-24.307838439941406,207.08724179513374,-223.36536179897038,-24.29802542585034,0.839963517055097,0.34990229414368834,0.0783910702809261,3.499533272110575e-05,10.08802333957462,17.500383062904216,nan,0.06194648892030446,nan
148.77,206.39926147460938,-222.89466857910156,-24.308704376220703,207.09606331657272,-223.3638494065674,-24.298893383831004,0.8400950609286502,0.3499433557966491,0.07841587742032644,3.570059083602031e-05,10.006800893790752,17.44900119488392,nan,nan,nan
148.78,206.40794372558594,-222.89317321777344,-24.309551239013672,207.10488322100352,-223.36236788324217,-24.299839328791016,0.8402158148817499,0.3499845011695125,0.07844074641480385,3.5003664946131445e-05,9.978359748202863,18.023762860697104,nan,0.006289031068090272,nan
148.79,206.41664123535156,-222.89169311523438,-24.310382843017578,207.11370541811266,-223.36091677597372,-24.30067577558537,0.840335377003825,0.3500257316060398,0.07846567740890054,3.570926757823556e-05,9.897428204508554,17.200061261045633,nan,nan,nan
148.8,206.42532348632812,-222.8902587890625,-24.31119728088379,207.11394403042715,-223.35359788973915,-24.30244114878698,0.8300349666251284,0.34995829150662855,0.0784554248473178,3.499083385278594e-05,9.248520021153057,17.558315431092627,1.0993790391778138,0.5714698217806302,nan
148.81,206.4340057373047,-222.88873291015625,-24.312101364135742,207.1227579747683,-223.35213667775804,-24.303309433932014,0.8301806998933189,0.3499993546925791,0.07848032892815097,3.5695906861234635e-05,9.201220454857422,17.31278028452733,nan,nan,nan
148.82,206.44268798828125,-222.88711547851562,-24.313095092773438,207.13159681583403,-223.35059360468134,-24.303025422235468,0.830366632505767,0.35004050158160294,0.07850529509017296,3.499916376825925e-05,9.91209131469488,17.735639135450903,nan,1.0898469170895384,nan
148.83,206.45138549804688,-222.88543701171875,-24.31417465209961,207.14041109662884,-223.34896870779352,-24.304060398511393,0.8304939535558524,0.35008173343574606,0.07853032347822388,3.570458494028955e-05,9.858180520300047,18.22125070778219,nan,nan,nan
148.84,206.46006774902344,-222.8836669921875,-24.31534194946289,207.14922099307577,-223.34726324555322,-24.305410120231475,0.8306336865035476,0.3501230493018432,0.07855541423635475,3.5007508134032876e-05,9.78934092352393,18.088872990950254,nan,0.0362083855139461,nan
148.85,206.46875,-222.88182067871094,-24.31659507751465,207.1698213592018,-223.36399462127898,-24.306507066461858,0.8509374416205073,0.3500557178899919,0.07854504848397983,3.5691239734471045e-05,10.915574554626456,18.19425973133605,23.394577878586276,nan,nan
148.86,206.47743225097656,-222.87989807128906,-24.317934036254883,207.1785794311573,-223.36218364868398,-24.309866658500564,0.8510416141543047,0.35009686635475684,0.07857011168799852,3.499467715928452e-05,9.903297495760436,17.264521371274707,nan,3.006230026542834,nan
148.87,206.4861297607422,-222.8778839111328,-24.319355010986328,207.18737721338647,-223.3602963443302,-24.3112691573183,0.8511962914469653,0.3501380996862804,0.078595237341004,3.5699915815198726e-05,9.855951619235677,16.759838220478592,nan,nan,nan
148.88,206.49481201171875,-222.8758087158203,-24.320859909057617,207.19617671358532,-223.35833256944727,-24.312674714069715,0.8513569825639405,0.35017941701048316,0.07862042558647428,3.5003023188508666e-05,9.917839034814683,17.495806718549566,nan,0.004668716502814181,nan
148.89000000000001,206.5034942626953,-222.8736572265625,-24.322444915771484,207.20497480977153,-223.3562929966786,-24.314244214118986,0.8515159986926288,0.3502208194711554,0.07864567657008668,3.570860712387293e-05,9.866468336587486,17.606716321639617,nan,nan,nan
148.9,206.51217651367188,-222.87142944335938,-24.324111938476562,207.22228755856037,-223.35511039364005,-24.3169422948578,0.8592184597217754,0.3501535945707566,0.078635194948866,3.499020737458437e-05,9.233405650547638,17.21336017842264,2.4309496655454836,0.8813203054616616,nan
148.91,206.5208740234375,-222.86912536621094,-24.32585906982422,207.23110829986396,-223.35291807757625,-24.31868548538004,0.8593832528592797,0.35019482943123165,0.07866041772231809,3.569526247395064e-05,9.186044298296615,16.88033934538194,nan,nan,nan
148.92000000000002,206.52955627441406,-222.8667449951172,-24.327686309814453,207.23994279013647,-223.35065314461593,-24.319738432047888,0.8595808674188317,0.35023614826296406,0.07868570330698316,3.499855176110875e-05,9.529150265523757,17.41153899177197,nan,0.4196520623277415,nan
148.93,206.53823852539062,-222.8643035888672,-24.32958984375,207.2487632879372,-223.34831527544742,-24.321634415701464,0.8597534761625303,0.3502775521338402,0.07871105184930564,3.5703955760200645e-05,9.475861853900481,17.861073970170956,nan,nan,nan
148.94,206.5469207763672,-222.86178588867188,-24.331571578979492,207.2575926313627,-223.34590643545567,-24.323102907793828,0.8599412233941781,0.3503190402832742,0.07873646349164484,3.5006910878775316e-05,9.731415062121695,17.96487246512821,nan,0.1808786666911784,nan
148.95000000000002,206.5556182861328,-222.85919189453125,-24.333629608154297,207.21366776385887,-223.3193609147694,-24.32503053026139,0.8030308751617643,0.35025192168537417,0.07872586331720195,3.569062706482792e-05,9.568458091039336,17.1130126431092,27.256732461872957,nan,nan
148.96,206.56430053710938,-222.85653686523438,-24.335763931274414,207.2224031269965,-223.31677186240796,-24.326861451268137,0.8031155119842904,0.3502932420658275,0.07875124607767894,3.4994095849288214e-05,9.740513553526544,17.756237415272622,nan,0.05972918093626707,nan
148.97,206.57298278808594,-222.85382080078125,-24.337926864624023,207.2311330872731,-223.31411345350736,-24.329033859839928,0.803187542238967,0.3503346473887081,0.07877669201182638,3.569931879526257e-05,9.66954220756437,18.050709112896794,nan,nan,nan
148.98,206.5816650390625,-222.8510284423828,-24.3400821685791,207.2398600363261,-223.31138646274945,-24.33136366831109,0.8032597173925982,0.35037613696567804,0.07880220126111409,3.500245701042071e-05,9.60503199691005,17.804971384165693,nan,0.014864945838626808,nan
148.99,206.59034729003906,-222.84815979003906,-24.342214584350586,207.2485888272824,-223.30859211481638,-24.333534850911626,0.803340018189604,0.35041771175654657,0.0788277739732874,3.570802592777068e-05,9.523188860358717,17.363346447653864,nan,nan,nan
149.0,206.59902954101562,-222.84523010253906,-24.34431266784668,207.23064451723286,-223.28259632507462,-24.336697742614092,0.7682998619570495,0.350350697368646,0.07881705254984474,3.498965734871565e-05,8.141898105291038,17.149008468159746,17.929514483866956,0.643691152649254,nan
149.01,206.6077117919922,-222.8422393798828,-24.346372604370117,207.2393564681279,-223.27961308946809,-24.338817441121,0.768327950304233,0.35039210417735184,0.0788425956939217,3.569469813494879e-05,8.06239271743822,17.31108092689668,nan,nan,nan
149.02,206.6164093017578,-222.8391876220703,-24.3483943939209,207.24804462714303,-223.27656301008696,-24.34233523428254,0.768307964121632,0.3504335952132267,0.07886820236469069,3.499801707860116e-05,7.491157248663581,16.63231514322346,nan,1.4543542737960478,nan
149.03,206.62509155273438,-222.8360595703125,-24.350378036499023,207.2567556151341,-223.27345035230954,-24.344394358497212,0.768339760981904,0.35047517136781403,0.0788938727108529,3.5703407423288405e-05,7.42435926885355,16.317097274615804,nan,nan,nan
149.04,206.63375854492188,-222.8328857421875,-24.35232162475586,207.26546100001303,-223.27027369069936,-24.346732465363594,0.7683667405440701,0.35051683205489986,0.07891960687248191,3.500639160683097e-05,7.291632497407258,17.08646323113391,nan,0.07084866007042227,nan
149.05,206.64244079589844,-222.8296356201172,-24.35422706604004,207.2840258913349,-223.2836416118544,-24.348779077514887,0.7859914476624141,0.3504499213862041,0.0789087615048719,3.569009559924728e-05,8.164926017289805,16.337467368226193,16.94900665125598,nan,nan
149.06,206.651123046875,-222.82632446289062,-24.356094360351562,207.29269272136392,-223.2803849893515,-24.352502981289028,0.7859996863341023,0.3504914139044077,0.07893446539691434,3.499359277390995e-05,7.681777873372361,15.922822048291204,nan,2.220171614289941,nan
149.07,206.65980529785156,-222.8229522705078,-24.357925415039062,207.3013864073691,-223.27706916551736,-24.35443533613468,0.7860411281056715,0.3505329914469903,0.07896023317332775,3.569880335722934e-05,7.634331651192525,15.819962044015648,nan,nan,nan
149.08,206.66848754882812,-222.81951904296875,-24.359718322753906,207.3100811732399,-223.2736933883788,-24.356219981094664,0.7860845713463943,0.3505746534917724,0.07898606497321173,3.500196933552157e-05,7.622849589356054,15.85137673205187,nan,0.008840932001611849,nan
149.09,206.6771697998047,-222.81610107421875,-24.36147689819336,207.3187736558198,-223.27029027261483,-24.358080298672714,0.7861010576773411,0.3506164008344703,0.07901196094669223,3.570752649707096e-05,7.573170319024177,16.02639064846087,nan,nan,nan
149.1,206.68585205078125,-222.81271362304688,-24.363201141357422,207.30132339836362,-223.25281807053295,-24.360284647698975,0.7566408727574436,0.3505495918643742,0.07900098892684207,3.4989185719613225e-05,7.236509197515547,15.683867397891628,6.4295561378274515,0.12414557592657244,nan
149.11,206.69451904296875,-222.8093719482422,-24.36488914489746,207.30997633090456,-223.24945267161272,-24.362080445572477,0.7566152292595818,0.35059117081147106,0.0790268539152704,3.569421536084284e-05,7.189915380622501,15.741784192875857,nan,nan,nan
149.12,206.7032012939453,-222.80609130859375,-24.366544723510742,207.3186222727396,-223.2461416119578,-24.364295081568176,0.756566131623511,0.35063283422787506,0.07905278313165183,3.4997560714031545e-05,7.089141703926403,15.466231713351709,nan,0.14415063489166297,nan
149.13,206.71188354492188,-222.80288696289062,-24.368165969848633,207.32727431370427,-223.24289085357665,-24.366030071421218,0.7565142326377715,0.35067458284963965,0.07907877672706803,3.570294048423849e-05,7.046796187618613,15.98823196277281,nan,nan,nan
149.14000000000001,206.72055053710938,-222.7997283935547,-24.3697566986084,207.33591911050354,-223.23970071395527,-24.368222393434586,0.7564763564925282,0.3507164162438809,0.07910483483922176,3.500595041327094e-05,6.9615552290582405,15.43325603825714,nan,0.1687564781075202,nan
149.15,206.72923278808594,-222.796630859375,-24.371315002441406,207.37056824068696,-223.2418342297215,-24.369948571987695,0.7807170235514421,0.3506497082271087,0.07909373346725761,3.568964501382111e-05,6.5361976797317975,15.266023011529589,13.347219248832975,nan,nan
149.16,206.7379150390625,-222.79360961914062,-24.372840881347656,207.37927088789266,-223.2387651358611,-24.372229961955675,0.7807055348323197,0.35069137302139625,0.07911975986415039,3.499316720996847e-05,6.469566730185353,15.770975801528236,nan,0.2834344514523892,nan
149.17000000000002,206.74658203125,-222.79063415527344,-24.374338150024414,207.38798190176445,-223.23575763718875,-24.37385449917357,0.7807233453448871,0.35073312292943787,0.07914585084197708,3.5698368324468984e-05,6.441198819415018,15.33597586678675,nan,nan,nan
149.18,206.75526428222656,-222.7877197265625,-24.375804901123047,207.3967125418905,-223.2328124343007,-24.373957106087403,0.7807475921539124,0.3507749575735705,0.07917200653753309,3.500155864658306e-05,6.508409808614037,15.268945948722962,nan,1.5734669405238633,nan
149.19,206.76393127441406,-222.7848663330078,-24.377243041992188,207.40542293583044,-223.22992334865637,-24.375509093396115,0.7807626434598957,0.35081687760718006,0.07919822710322738,3.570710685547369e-05,6.470769403892618,15.484856840255828,nan,nan,nan
149.20000000000002,206.77261352539062,-222.78207397460938,-24.378650665283203,207.4184272474672,-223.2289950402301,-24.376968481763168,0.7853767454281868,0.3507502685807801,0.07918699366456101,3.498879025473341e-05,6.466301225868894,15.528627348031943,0.24321857198656271,0.007529809711070378,nan
149.21,206.78128051757812,-222.77932739257812,-24.38003158569336,207.42714482114098,-223.22622255712113,-24.37846484571437,0.7854033622176709,0.35079201977478136,0.0792131817712978,3.5693811457249544e-05,6.430614439030891,15.282511280923158,nan,nan,nan
149.22,206.7899627685547,-222.77664184570312,-24.381385803222656,207.43586461253238,-223.22350542023054,-24.37975975277261,0.7854163802297937,0.35083385566588104,0.07923943479327462,3.49971797410853e-05,6.413931547999103,15.19344693623018,nan,0.02152844308722053,nan
149.23,206.79864501953125,-222.7740020751953,-24.38271141052246,207.44458233892837,-223.22084203627966,-24.381201106384545,0.7854318891096733,0.35087577685668186,0.07926575288373792,3.5702551552223935e-05,6.37947574928077,14.988531677370887,nan,nan,nan
149.24,206.80731201171875,-222.77142333984375,-24.38401222229004,207.4533042559129,-223.2182322984816,-24.382284909495556,0.7854598708320799,0.3509177830455606,0.07929213617825867,3.5005583726381834e-05,6.3771374237176985,15.36639289208895,nan,0.07770672797982386,nan
149.25,206.8159942626953,-222.76889038085938,-24.385286331176758,207.45538672964852,-223.2133274822757,-24.383706497516904,0.7786845059369374,0.35085127203861005,0.07928076797388899,3.5689271300623775e-05,6.377192353127262,14.965817710289755,0.568190301633086,nan,nan
149.26,206.8246612548828,-222.76641845703125,-24.386533737182617,207.46409122405908,-223.2108171828671,-24.38508339704838,0.7786931465550332,0.350893109166363,0.07930711805160078,3.499281501592125e-05,6.34358911771608,15.553780374811803,nan,0.00013535229171938496,nan
149.27,206.83334350585938,-222.76397705078125,-24.387758255004883,207.47279569632514,-223.20835681703457,-24.386422549670737,0.778700368983831,0.350935031504973,0.07933353339261331,3.569800909079392e-05,6.311538676324995,14.581933913517215,nan,nan,nan
149.28,206.84201049804688,-222.7615966796875,-24.38895606994629,207.4814996365197,-223.20594534289512,-24.38776557141997,0.7787127262385266,0.35097703879922665,0.07936001413174647,3.500122024976017e-05,6.278980639610492,15.29273413233583,nan,0.00052753796786665,nan
149.29,206.85069274902344,-222.75926208496094,-24.390132904052734,207.49020366197624,-223.2035819125503,-24.38905835609227,0.7787139857663338,0.3510191315822247,0.07938656042334542,3.570676184557585e-05,6.248433050709898,14.781216852427832,nan,nan,nan
149.3,206.85935974121094,-222.75698852539062,-24.39128303527832,207.51800988691144,-223.2109929347165,-24.389990499694047,0.7999635546491297,0.35095271667435785,0.07937505473810508,3.4988465780582965e-05,6.384697001378113,15.672768428065652,3.608551079451711,0.048627587720797324,nan
149.31,206.8680419921875,-222.75474548339844,-24.392412185668945,207.52674367241895,-223.20873999470868,-24.391234266227432,0.8000001920835801,0.35099464014410314,0.07940156704200518,3.5693480790494946e-05,6.353826275644497,14.793216738173612,nan,nan,nan
149.32,206.876708984375,-222.75254821777344,-24.393518447875977,207.53549808036348,-223.20653568056468,-24.390604504826623,0.8000726094730712,0.35103664852453215,0.07942814493464088,3.499686852155095e-05,6.5352017671751685,15.258799665899414,nan,2.421952405445867,nan
149.33,206.88539123535156,-222.75039672851562,-24.394603729248047,207.54423231744144,-223.20437207922166,-24.391787022192617,0.8001081953940119,0.35107874230659947,0.07945478857101176,3.570223453201104e-05,6.492821774299826,15.001258397843204,nan,nan,nan
149.34,206.89407348632812,-222.74827575683594,-24.395666122436523,207.5529693950767,-223.20225232616454,-24.39268797007924,0.8001546184684826,0.351120921298227,0.07948149808498073,3.500528548495522e-05,6.5029446472544095,14.704380815480441,nan,0.04800846420516527,nan
149.35,206.90274047851562,-222.7462158203125,-24.39670753479004,207.56945573660124,-223.19476446975492,-24.393694339352887,0.8035634421920448,0.3510546013216518,0.07946985222594846,3.568896797422877e-05,5.9392077128804095,15.567360020496942,9.76260801313125,nan,nan
149.36,206.9114227294922,-222.7441864013672,-24.397727966308594,207.57822398249223,-223.19270583751543,-24.394810424058022,0.8036181354710423,0.35109661091578065,0.07949652697333005,3.6408098058882704e-05,5.897366808590252,14.933499160394426,nan,nan,nan
149.37,206.92010498046875,-222.74220275878906,-24.39872932434082,207.58699228755347,-223.19068795291994,-24.39590697799572,0.8036700911096653,0.3511387056715062,0.07952326764665184,3.714166809910779e-05,5.8565872671107435,14.986437017288235,nan,nan,nan
149.38,206.92877197265625,-222.74024963378906,-24.399709701538086,207.59575247150832,-223.18870855008618,-24.397798354455563,0.8037300782619788,0.3511808855767219,0.0795500743843328,3.635911118135172e-05,5.7214615258580945,14.848904528579258,nan,0.4329520464950534,nan
149.39000000000001,206.9374542236328,-222.73834228515625,-24.400671005249023,207.60452117802973,-223.1867701430742,-24.398864715998666,0.8037842546891003,0.3512231510890648,0.07957694734306002,3.709132103824351e-05,5.687889428842982,14.730084219956058,nan,nan,nan
149.4,206.94613647460938,-222.73646545410156,-24.401611328125,207.60088752600998,-223.1842124843242,-24.40183640966276,0.7932064000278229,0.35115692414060645,0.07956515860001419,3.6288777792215185e-05,5.864395961334523,14.337245677576476,4.654786683953553,2.6430586540389975,nan
149.41,206.95480346679688,-222.73463439941406,-24.40253448486328,207.60962461384253,-223.1823565364474,-24.40288474795949,0.7932502564084801,0.3511990198373652,0.0795919959896161,3.701878007956305e-05,5.844881447974097,14.705402688867668,nan,nan,nan
149.42000000000002,206.96348571777344,-222.73284912109375,-24.403438568115234,207.61837461994546,-223.18054015407668,-24.402588026671637,0.7932890132997826,0.3512412006350019,0.07961889962740797,3.624260695913336e-05,5.840009844116,14.803578834593546,nan,1.1589379263947646,nan
149.43,206.97216796875,-222.7310791015625,-24.404325485229492,207.62711227470834,-223.1787571433095,-24.40358825187982,0.793327307284129,0.35128346695304064,0.07964586967042225,3.6971399872863285e-05,5.8146329208219845,14.036084702413142,nan,nan,nan
149.44,206.9808349609375,-222.72935485839844,-24.405195236206055,207.63583711423934,-223.17700673370226,-24.405996684895783,0.7933603623909321,0.3513258186697677,0.07967290625056273,3.619783819970242e-05,5.796604715374381,14.548252122271947,nan,1.3390229671609075,nan
149.45000000000002,206.98951721191406,-222.7276611328125,-24.40604591369629,207.66987741912894,-223.1873287278436,-24.406942519885654,0.8210877622920755,0.351259683433949,0.07966097194242912,3.6902073857703746e-05,5.9099277372065755,14.38962447186527,6.0077421925593315,nan,nan
149.46,206.99819946289062,-222.72601318359375,-24.40688133239746,207.67865700635423,-223.18567074492043,-24.407929864584492,0.8211629811194968,0.35130186508190303,0.07968797214358388,3.6132044360099834e-05,5.8977595435755985,14.639780634454258,nan,0.0003523798398661747,nan
149.47,207.0068817138672,-222.72427368164062,-24.407804489135742,207.68743706539502,-223.18398962605949,-24.40893160158947,0.821276814739449,0.35134413216454563,0.07971503893064646,3.685770882236833e-05,5.8853490553414805,14.38169113935373,nan,nan,nan
149.48,207.01556396484375,-222.7224578857422,-24.408817291259766,207.69623490746662,-223.18223311984178,-24.407971705129953,0.8214054498469949,0.3513864845937664,0.07974217243527633,3.60901768657059e-05,5.854094092864889,14.374217490789674,nan,2.79147577625603,nan
149.49,207.02423095703125,-222.72056579589844,-24.4099178314209,207.70501495348262,-223.18039358736235,-24.409131866787007,0.8215284933386529,0.3514289227387309,0.07976937281485888,3.681483434212731e-05,5.8339862267219535,14.682260118660679,nan,nan,nan
149.5,207.0329132080078,-222.7185821533203,-24.411104202270508,207.72343657474488,-223.19057277340283,-24.407754473511904,0.8364262586376251,0.3513628773202889,0.07975729024232439,3.602747825760065e-05,6.648305771728174,14.436696217026453,5.598428316764758,4.833273055612444,nan
149.51,207.04159545898438,-222.71653747558594,-24.412376403808594,207.73221613088043,-223.1886098896676,-24.40906419102213,0.8365525968763596,0.3514051451196395,0.07978445342084328,3.67502870609032e-05,6.618875065387655,14.857452376045742,nan,nan,nan
149.52,207.05027770996094,-222.71441650390625,-24.413732528686523,207.74097597328094,-223.18656574944157,-24.41289604129149,0.8366538715167702,0.3514474982110067,0.07981168349397398,3.598852234257997e-05,6.323354571223299,14.625055413144686,nan,3.959261041349458,nan
149.53,207.0589599609375,-222.71221923828125,-24.415172576904297,207.74975551384662,-223.18445141097712,-24.41440093110265,0.8367809249052728,0.35148993693409614,0.07983898061924974,3.6710456313631574e-05,6.303816199429291,14.559913985114427,nan,nan,nan
149.54,207.06764221191406,-222.70994567871094,-24.41669464111328,207.7585436381095,-223.18226505935905,-24.414898728021843,0.8369191139880501,0.35153246124497567,0.07986634492811756,3.595099932608624e-05,6.361174564758478,14.595252629890254,nan,0.7958434515124877,nan
149.55,207.07632446289062,-222.7075958251953,-24.418298721313477,207.74140050046913,-223.15810676608336,-24.4165636102233,0.8032989818439038,0.35146650417680536,0.07985411142559844,3.664911819258193e-05,5.63537225369504,14.354881179791832,12.69745310738056,nan,nan
149.56,207.0850067138672,-222.70518493652344,-24.419984817504883,207.750158177199,-223.15572172652546,-24.41827842743005,0.8033758647637343,0.35150885787341035,0.0798814376991617,3.5892848626993934e-05,5.6175071909853065,14.616214992519764,nan,0.0005436913485208233,nan
149.57,207.0936737060547,-222.7026824951172,-24.421749114990234,207.7589156705458,-223.15326519242717,-24.420102645834184,0.8034764148970529,0.3515512971184343,0.07990883119860438,3.661230807055873e-05,5.594484707649556,14.313563701113901,nan,nan,nan
149.58,207.10235595703125,-222.70013427734375,-24.42359161376953,207.76766639171936,-223.1507357339365,-24.422943083638437,0.80354220037265,0.35159382189364224,0.07993629205531587,3.5858218524256193e-05,5.51515702856172,14.862925736282618,nan,0.5885796194672017,nan
149.59,207.1110382080078,-222.69749450683594,-24.425514221191406,207.77642374000263,-223.1481380820276,-24.424936340475554,0.8036279437623286,0.35163643250021465,0.07996382042691,3.657697727973212e-05,5.496882346261849,14.002558932528789,nan,nan,nan
149.6,207.11972045898438,-222.69479370117188,-24.42751121520996,207.78394553945276,-223.14450012225097,-24.426521144025372,0.8021420092003374,0.35157056189695957,0.07995143331216893,3.580308492442645e-05,5.482478415508352,14.502829107588727,0.2420519272288875,0.2107124613775773,nan
149.61,207.12840270996094,-222.69203186035156,-24.42958641052246,207.7927007962985,-223.14176255237317,-24.428666520044782,0.8022159865375875,0.35161300160117365,0.07997892280245089,3.652030278697876e-05,5.461808313950015,14.562519432113183,nan,nan,nan
149.62,207.1370849609375,-222.68919372558594,-24.43173599243164,207.80146249586565,-223.13895944163676,-24.4298897681556,0.8023030080935687,0.3516555267758084,0.08000647982030606,3.577130023692832e-05,5.518040117795942,14.410389847329233,nan,0.6737276986065843,nan
149.63,207.145751953125,-222.68629455566406,-24.433914184570312,207.8102171937809,-223.13608738383175,-24.43215455223186,0.8023906409081167,0.351698137699772,0.08003410452332234,3.648793029046905e-05,5.491099784500127,14.751228026427738,nan,nan,nan
149.64000000000001,207.15443420410156,-222.68333435058594,-24.436084747314453,207.81898712679356,-223.1331541788773,-24.432028864066076,0.8024867071618534,0.35174083438824566,0.08006179704293007,3.57409048130898e-05,5.850118571531436,15.00403477780159,nan,3.902045748076468,nan
149.65,207.16311645507812,-222.6802978515625,-24.438230514526367,207.83185342151168,-223.1275122567442,-24.434241748678467,0.8045034274195334,0.3516750486574226,0.0800492536704676,3.643431534341588e-05,5.579439887791485,14.637661483923921,1.9535299908956512,nan,nan
149.66,207.1717987060547,-222.6772003173828,-24.440340042114258,207.81986262695796,-223.13636447954005,-24.436231220693937,0.7942515066397666,0.3504014595339463,0.07964228987401316,3.5689891406728586e-05,8.674114511987781,17.99692950241042,nan,0.029788883298775846,0.3275251768399413
149.67000000000002,207.1804656982422,-222.67404174804688,-24.442415237426758,207.82861534902028,-223.13325457946326,-24.438402104423325,0.7943491043475267,0.3504419701416562,0.07966758216813247,3.640459716442024e-05,8.616960147235947,18.069645232189238,nan,nan,nan
149.68,207.18914794921875,-222.6708221435547,-24.444448471069336,207.83734283685314,-223.13008901759164,-24.441708909474137,0.7944118447888158,0.35048256417872814,0.07969293562351427,3.566225847058729e-05,8.35895805387932,17.809922211086064,nan,0.935479031667868,nan
149.69,207.19781494140625,-222.66754150390625,-24.446443557739258,207.84609472323362,-223.12685319728925,-24.443815795874446,0.7945066471319918,0.3505232430901149,0.0797183505115534,3.637652254656414e-05,8.311657518277846,17.958450039874883,nan,nan,nan
149.70000000000002,207.2064971923828,-222.6641845703125,-24.448400497436523,207.8853408586037,-223.13891396675575,-24.444280660320874,0.8283801639787528,0.35045274006613064,0.0797074501151511,3.561430450694752e-05,8.806673222101448,17.560472516434736,9.361752484383379,1.4353115444233058,nan
149.71,207.21517944335938,-222.66078186035156,-24.4503173828125,207.89413903729638,-223.13558295716447,-24.446293947864277,0.8285157812393398,0.350493252876983,0.07973283502291974,3.632728534724434e-05,8.750018920021818,18.05294175561907,nan,nan,nan
149.72,207.22384643554688,-222.65731811523438,-24.45219612121582,207.90295513557706,-223.13218589153755,-24.447346924043863,0.8286806056262073,0.35053384912257146,0.07975828132896849,3.5589338762808415e-05,8.939039122053643,18.498619071423317,nan,0.5815104745730096,nan
149.73,207.23252868652344,-222.65379333496094,-24.454038619995117,207.9117522200941,-223.12873505220253,-24.44927709574315,0.8288165752721124,0.35057453012663103,0.07978378929455494,3.63019720743644e-05,8.87755745637866,18.023580936753994,nan,nan,nan
149.74,207.24119567871094,-222.65020751953125,-24.455842971801758,207.92052587538683,-223.1252326113813,-24.45234882123404,0.8289454524219617,0.35061529488356524,0.07980935894951094,3.556566763894229e-05,8.570707503621865,18.02055192135807,nan,0.947790868271455,nan
149.75,207.24986267089844,-222.6465606689453,-24.457611083984375,207.91174233079838,-223.11606515067146,-24.45420868817959,0.8114990565905844,0.35054494097472094,0.07979834457820213,3.625554913431541e-05,8.696689329094,17.68717625265125,4.646718087789917,nan,nan
149.76,207.258544921875,-222.6428680419922,-24.4593448638916,207.92047611027527,-223.1124462261311,-24.457327203746022,0.8115791028289677,0.3505855395381544,0.07982388364144487,3.552171809004512e-05,8.466843837324692,17.2636573338381,nan,1.127702859690658,nan
149.77,207.2672119140625,-222.63919067382812,-24.461044311523438,207.929234011038,-223.10880079471366,-24.45914151143436,0.8116714502618347,0.35062622274733113,0.07984948458776941,3.623289223369034e-05,8.423548287140703,17.538094164408914,nan,nan,nan
149.78,207.27587890625,-222.63555908203125,-24.462709426879883,207.9379455146696,-223.10519756795657,-24.46339361460285,0.8117222243842325,0.3506669897079566,0.07987514745660523,3.550057550335378e-05,8.306699832462346,17.535872857079113,nan,4.188389536983616,nan
149.79,207.28456115722656,-222.63197326660156,-24.46434211730957,207.94670260845737,-223.10162952354094,-24.465166672915746,0.8117936813084299,0.35070784157619656,0.07990087249553227,3.621152106834929e-05,8.283236946892892,16.833838685203634,nan,nan,nan
149.8,207.29322814941406,-222.6284637451172,-24.4659423828125,207.94546103177262,-223.0931003326147,-24.46758719935819,0.8008105872755236,0.35063763450200536,0.07988974144540896,3.545918583939992e-05,8.255317738724306,17.449066166380934,1.048594588023154,0.2649289290374211,nan
149.81,207.30189514160156,-222.62501525878906,-24.46750831604004,207.95420181325227,-223.08964857710092,-24.46930440131739,0.8008691155787133,0.3506783200195461,0.07991543526021583,3.616905816445202e-05,8.237747584765758,17.362421283672077,nan,nan,nan
149.82,207.31056213378906,-222.6216278076172,-24.469045639038086,207.96295192798829,-223.08626014099528,-24.470445823388868,0.800935458892844,0.350719089282438,0.07994119122687561,3.544046129908582e-05,8.174008233250609,16.92979341720048,nan,0.20454668936761214,nan
149.83,207.31922912597656,-222.61830139160156,-24.470550537109375,207.97169208502817,-223.0829414152977,-24.472097092481498,0.8009997855107401,0.35075994334515864,0.07996700958393332,3.6150181834568376e-05,8.155584042737978,16.81658166635775,nan,nan,nan
149.84,207.32791137695312,-222.61505126953125,-24.472026824951172,207.98041978210338,-223.07969279913294,-24.47442195871108,0.8010397658593866,0.3508008814665219,0.07999289038372881,3.542290513845153e-05,8.221909197242251,16.832739334259124,nan,0.3406253700307667,nan
149.85,207.33657836914062,-222.6118621826172,-24.473472595214844,207.97512365274434,-223.06561607209412,-24.475821207996756,0.7833506158866499,0.35073082094226254,0.07998164015038042,3.6110231704262e-05,7.781497971854652,16.77972938150893,5.363214448770092,nan,nan
149.86,207.34524536132812,-222.60874938964844,-24.474891662597656,207.98386783971395,-223.06246238286147,-24.476458064982367,0.7833879011871544,0.35077159259702434,0.08000748908359132,3.5385094466491854e-05,7.6674681491493715,16.937555705287533,nan,0.598373205217962,nan
149.87,207.35391235351562,-222.60568237304688,-24.476280212402344,207.99259625753288,-223.05937648268457,-24.477989112722554,0.783427338501133,0.35081244894668134,0.08003340062419584,3.609372709878266e-05,7.649943688852743,16.493261423186517,nan,nan,nan
149.88,207.36257934570312,-222.60267639160156,-24.477642059326172,208.00135121012966,-223.05634337724373,-24.47785966415194,0.7834815096710714,0.3508533893425032,0.08005937483298643,3.536979067302471e-05,7.541439741101277,16.292705088020526,nan,1.8442543352899372,nan
149.89000000000001,207.37124633789062,-222.59974670410156,-24.478975296020508,208.0100792272627,-223.0533792933126,-24.479321044398233,0.7835113949903493,0.35089441469978283,0.08008541193639357,3.6078365926571985e-05,7.513300093334503,16.8812938320931,nan,nan,nan
149.9,207.37991333007812,-222.59686279296875,-24.480283737182617,208.04261792751274,-223.05731282252253,-24.48240550858261,0.8069672329722716,0.3508244985753593,0.08007403982096312,3.53342358839123e-05,7.367719905397742,16.634653682331674,9.230837032233266,1.8994631673314102,nan
149.91,207.38858032226562,-222.5940399169922,-24.481565475463867,208.0513981392322,-223.05447010374255,-24.48383185756836,0.8070492871238641,0.3508653572954316,0.08010004439555521,3.6041905028257566e-05,7.35386177072097,16.761585407144693,nan,nan,nan
149.92000000000002,207.39724731445312,-222.5912628173828,-24.48282241821289,208.06014879500722,-223.05169402514863,-24.4871476859545,0.8071269899752733,0.35090630004483836,0.08012611185998432,3.532106192050665e-05,7.713041135936876,16.68662665689106,nan,2.539752208188307,nan
149.93,207.40591430664062,-222.5885467529297,-24.484052658081055,208.06892906286225,-223.04896415185644,-24.48854381075248,0.807213056543573,0.35094732765524905,0.08015224243281817,3.6028734909944296e-05,7.7149942479351195,16.929043299566064,nan,nan,nan
149.94,207.41458129882812,-222.5858917236328,-24.485260009765625,208.07771763626366,-223.0462862586804,-24.489362140315603,0.8072978120892819,0.35098843960384224,0.08017843618614516,3.530891343241432e-05,7.603128316138752,16.900888075320935,nan,0.21278733366779506,nan
149.95000000000002,207.42324829101562,-222.58328247070312,-24.48644256591797,208.1109523909774,-223.04601926245385,-24.490553176414853,0.8289023854849455,0.35091866724166315,0.080166939649654,3.5994458995043275e-05,6.995488925499993,17.031305546495798,20.17464072191217,nan,nan
149.96,207.4319305419922,-222.5807342529297,-24.487600326538086,208.11981808616662,-223.04343373481177,-24.490604373409127,0.8290290153317192,0.3509596124150613,0.08019310020163196,3.527647216837785e-05,6.754147744388449,16.80171292218549,nan,1.1142194892413722,nan
149.97,207.4405975341797,-222.57823181152344,-24.488737106323242,208.1286653242262,-223.04090587803645,-24.491886829749223,0.8291649391290313,0.35100064235152384,0.08021932407250772,3.5983349508481724e-05,6.746416482675492,16.766246570478,nan,nan,nan
149.98,207.4492645263672,-222.57577514648438,-24.489850997924805,208.137501007738,-223.03843232376747,-24.493975044889392,0.8292997803837853,0.35104175660348624,0.0802456113416386,3.526627653975497e-05,6.925827677980402,16.797151096432255,nan,0.47635121979644707,nan
149.99,207.4579315185547,-222.57337951660156,-24.490942001342773,208.1463485359865,-223.03600415880697,-24.49522227815848,0.8294322577733662,0.351082955889331,0.08027196221712171,3.597323044536487e-05,6.924991260961783,17.217054322097606,nan,nan,nan
150.0,207.4665985107422,-222.57101440429688,-24.49201011657715,208.17004364145268,-223.04309980391625,-24.496457645181273,0.8471832487512776,0.3510133252322548,0.08026033856870597,3.523577326204477e-05,7.20531278062557,16.768276572489675,2.772740006489113,0.007703631365677662,nan
150.01,207.4752655029297,-222.56871032714844,-24.493059158325195,208.17890925849733,-223.04078706894754,-24.497662391748186,0.8473441890134925,0.3510543575589441,0.08028665555175005,3.594195055845795e-05,7.206236888258947,17.092779764755402,nan,nan,nan
150.02,207.4839324951172,-222.56643676757812,-24.49408531188965,208.18780776945977,-223.03850968422785,-24.496394423957017,0.8475249686372407,0.35109547417447307,0.08031303614703109,3.522740499362822e-05,6.742046442217117,16.191149971799426,nan,4.191673412692937,nan
150.03,207.4925994873047,-222.56422424316406,-24.495092391967773,208.196673980279,-223.03628862288105,-24.497535062652503,0.8476860485431451,0.35113667572987506,0.08033948055596554,3.593370654208086e-05,6.729725928737281,16.62794648505081,nan,nan,nan
150.04,207.50128173828125,-222.5620574951172,-24.496078491210938,208.20554067450118,-223.034112187276,-24.498635796480432,0.847834194548101,0.35117796187899486,0.08036598886755472,3.521991421427545e-05,6.722856280634205,16.358151252663923,nan,0.0002993714913410198,nan
150.05,207.50994873046875,-222.55992126464844,-24.497045516967773,208.22823574567718,-223.03498731532468,-24.499768355329316,0.8611802381446685,0.35110847198734446,0.08035423554214896,3.590428044181409e-05,6.5442181467624385,16.572584068822263,3.848729031025164,nan,nan
150.06,207.51861572265625,-222.55783081054688,-24.49799346923828,208.2371313166846,-223.03289863551214,-24.501151170395058,0.861373361705452,0.35114959101816723,0.0803807092596907,3.519205228964618e-05,6.595260356595575,16.700220063212107,nan,0.06207718752928778,nan
150.07,207.52728271484375,-222.5557861328125,-24.498920440673828,208.2460306964491,-223.03085077836127,-24.50222073461702,0.8615659988951921,0.3511907948969869,0.08040724699490048,3.5897781856162595e-05,6.589416539975179,16.9196923719092,nan,nan,nan
150.08,207.5359649658203,-222.5537872314453,-24.499832153320312,208.25493329096415,-223.02884312023642,-24.503030188969735,0.86174461267086,0.35123208333760175,0.08043384884288073,3.518621244216724e-05,6.5509804290998055,16.49646050885199,nan,0.04104628829777302,nan
150.09,207.5446319580078,-222.55181884765625,-24.500722885131836,208.26383320537238,-223.02687684163806,-24.504062416067153,0.86194065011672,0.35127345690079687,0.08046051499621962,3.589212035812999e-05,6.545723714650352,16.661376665823784,nan,nan,nan
150.1,207.5532989501953,-222.5498809814453,-24.501596450805664,208.27240582068305,-223.01931662692058,-24.5044488223983,0.8587739239457334,0.3512041057773772,0.08044862931374094,3.5159975680425457e-05,6.087041211428442,16.42260309592449,3.5272154709902024,0.32040592330837814,nan
150.11,207.5619659423828,-222.54800415039062,-24.50245475769043,208.28132039990916,-223.01741130293277,-24.505441698575652,0.8589661414960471,0.3512453120249688,0.08047526015406134,3.586520436584992e-05,6.078669086020179,17.052690731753664,nan,nan,nan
150.12,207.57064819335938,-222.546142578125,-24.503293991088867,208.29024837433118,-223.01553964137693,-24.505255725442055,0.8591634721319759,0.3512866027988588,0.08050195531351682,3.515566498090894e-05,5.915661981387659,15.816735152282838,nan,0.9456470368922651,nan
150.13,207.57931518554688,-222.54434204101562,-24.50411605834961,208.29916358944834,-223.01370971394923,-24.50620475045387,0.859355630475124,0.3513279786067893,0.08052871497915833,3.586110825344874e-05,5.9023187117022164,17.02713986281114,nan,nan,nan
150.14000000000001,207.58798217773438,-222.54244995117188,-24.505029678344727,208.30808775916748,-223.01185602440938,-24.50639544042016,0.8595905858659751,0.3513694392424337,0.08055553925411678,3.515208726900599e-05,5.8129026834960404,16.384636841274638,nan,0.4433302839936945,nan
150.15,207.59666442871094,-222.5404815673828,-24.506031036376953,208.31175904497496,-223.01663719217635,-24.50744391820718,0.8591195990474091,0.35130022569150043,0.08054351863176504,3.583572809330054e-05,6.390232281418677,15.730488256681795,10.14914265997379,nan,nan
150.16,207.60533142089844,-222.53842163085938,-24.507118225097656,208.32061897531665,-223.014664594507,-24.510822281733013,0.8593354211045955,0.35134151883222386,0.0805703068640531,3.512803731469629e-05,6.70525586782105,16.040804112794028,nan,3.456308246014014,nan
150.17000000000002,207.614013671875,-222.5363006591797,-24.5082950592041,208.32950274316676,-223.0126079517376,-24.512090131272945,0.8595392083283945,0.3513828969201829,0.08059715980007143,3.583307436165527e-05,6.696258407057941,15.986027925144489,nan,nan,nan
150.18,207.6226806640625,-222.5341033935547,-24.50955581665039,208.33837903112524,-223.01047888505042,-24.514207732161452,0.85975543140593,0.35142435979571024,0.08062407754794318,3.512582135864662e-05,6.889781010460375,16.571119725821156,nan,0.40778559712992796,nan
150.19,207.63136291503906,-222.53184509277344,-24.510900497436523,208.34726321446172,-223.00827269411835,-24.5156562533016,0.8599529726970898,0.3514659078963102,0.08065106028746542,3.5831111536247153e-05,6.8838971552802395,16.683791756371342,nan,nan,nan
150.20000000000002,207.64002990722656,-222.5294952392578,-24.512331008911133,208.38827916746908,-223.02999862633033,-24.518719363773872,0.9002340845593347,0.35139682995245763,0.08063890205867615,3.510310225612846e-05,8.165298813664988,17.24539669995274,15.09000407654837,1.5751879271177849,nan
150.21,207.64871215820312,-222.52708435058594,-24.51384162902832,208.3971936858736,-223.02769934317618,-24.52035259159993,0.900490066965566,0.3514382103474794,0.08066584800966822,3.58077838934717e-05,8.166520121110139,17.34922388623923,nan,nan,nan
150.22,207.65737915039062,-222.52459716796875,-24.51543617248535,208.40610279952344,-223.02533027217524,-24.522630854717885,0.9007621816392215,0.351479675486759,0.08069285897133777,3.5102134619473314e-05,8.437181023899797,17.687518698304213,nan,0.221513064413799,nan
150.23,207.6660614013672,-222.52203369140625,-24.51711082458496,208.415017027275,-223.02288843124558,-24.524435267949645,0.90102366643119,0.35152122576703926,0.08071993511901131,3.580709620391523e-05,8.441566830844753,17.192365468593223,nan,nan,nan
150.24,207.6747283935547,-222.5194091796875,-24.51886558532715,208.42394516015904,-223.02037146758752,-24.52476788987991,0.9012900834127346,0.3515628610900424,0.08074707656732037,3.510176495030442e-05,7.91559326699986,17.24239696905644,nan,1.69337116348355,nan
150.25,207.6833953857422,-222.51670837402344,-24.52069854736328,208.4311001412702,-223.0234765941788,-24.526611773142392,0.903278139134205,0.35149391734239765,0.08073477813965382,3.578501105693081e-05,8.353186978425905,16.83736919487601,5.061623606575283,nan,nan
150.26,207.69207763671875,-222.51394653320312,-24.52260971069336,208.43999464006362,-223.02084553011807,-24.528604984790647,0.9035277418415224,0.3515353847613245,0.08076188204279723,3.50808124404268e-05,8.381179543122185,16.68834904990357,nan,0.0008489093534742607,nan
150.27,207.70074462890625,-222.5111083984375,-24.524599075317383,208.4488884529186,-223.01814686016556,-24.530711093488243,0.9037945230225128,0.3515769372385198,0.0807890513230154,3.578548597003633e-05,8.381276683695617,16.700799212035093,nan,nan,nan
150.28,207.7094268798828,-222.50820922851562,-24.526662826538086,208.45778285298456,-223.01538086137683,-24.53279742607252,0.9040449994151925,0.35161857471108604,0.08081628609891445,3.508153841183993e-05,8.390966313736664,16.614775511924638,nan,0.006670237235113276,nan
150.29,207.7180938720703,-222.5052490234375,-24.5288028717041,208.4666762879468,-223.01254881125578,-24.535056881092274,0.904305159065996,0.351660297522504,0.0808435865400232,3.5786517795729714e-05,8.391268606351453,17.01860264698984,nan,nan,nan
150.3,207.72677612304688,-222.50221252441406,-24.53097152709961,208.47956449237077,-223.0140432473734,-24.537343750662295,0.9103305021735422,0.3515914861060423,0.08083114527478344,3.648292941591372e-05,8.608135293291111,16.41766619348901,0.7111234182634186,nan,nan
150.31,207.73544311523438,-222.49913024902344,-24.53313446044922,208.4884576495072,-223.01109189291523,-24.539667644192242,0.9105922776590766,0.35163304078949137,0.08085840739905968,3.72157569920261e-05,8.621791382343797,17.167154085312585,nan,nan,nan
150.32,207.74411010742188,-222.4959716796875,-24.53527069091797,208.49736530881887,-223.00807129707323,-24.54004951925945,0.9108579767222533,0.3516746804111923,0.08088573520950114,3.642664400654238e-05,8.082565804144274,16.315061011073638,nan,2.416514798176283,nan
150.33,207.75279235839844,-222.4927520751953,-24.53737449645996,208.50625771093436,-223.00499277055795,-24.54231098722415,0.9111119230910923,0.3517164052981508,0.080913128873913,3.715808131646838e-05,8.092535462187286,15.947257004736658,nan,nan,nan
150.34,207.76145935058594,-222.48947143554688,-24.539440155029297,208.51516084231454,-223.0018477893099,-24.543016770965252,0.9113771221129939,0.3517582154200551,0.08094058851432073,3.6372245653016344e-05,7.769036396680998,15.992127329807914,nan,1.5109697552661638,nan
150.35,207.77012634277344,-222.48611450195312,-24.541467666625977,208.56062715203922,-223.01439550229773,-24.545154760516432,0.9507817517371202,0.351689534561278,0.08092800179394609,3.70787970743574e-05,7.84802975718053,16.357944192515046,13.16618193999571,nan,nan
150.36,207.77879333496094,-222.4827117919922,-24.54345703125,208.5695930241267,-223.01115215024637,-24.54573107882138,0.9511143632123544,0.35173117633901885,0.0809554223349823,3.629714394286482e-05,7.6048510356832395,16.422060906580334,nan,1.594954380106102,nan
150.37,207.78746032714844,-222.479248046875,-24.5454044342041,208.57854738308347,-223.00785244600215,-24.547813700369606,0.9514447673974528,0.3517729033011022,0.08098290891442093,3.702511943356464e-05,7.600269936902684,16.51107793364962,nan,nan,nan
150.38,207.796142578125,-222.47572326660156,-24.54731559753418,208.58751571378727,-223.00448773294454,-24.547721929410496,0.9517685988834153,0.3518147154457187,0.08101046165765727,3.624656739812934e-05,7.429775097914663,15.78274031191384,nan,3.0016766174305145,nan
150.39000000000001,207.8048095703125,-222.47215270996094,-24.5491886138916,208.5964689947749,-223.00106922682775,-24.54970841291481,0.9520911701857661,0.351856613056965,0.08103808072756104,3.697338788124858e-05,7.412955164360893,16.466143459415875,nan,nan,nan
150.4,207.8134765625,-222.468505859375,-24.551023483276367,208.5768451188195,-222.9883001480583,-24.55169856001772,0.9235356577055981,0.35178806087622455,0.08102534593193664,3.617546173740756e-05,7.575792997850392,15.32727552929304,10.406051224659363,0.0002715679451823718,nan
150.41,207.8221435546875,-222.46481323242188,-24.55282211303711,208.5857404069558,-222.98475620729664,-24.553613339852554,0.9238081380652382,0.3518297899053896,0.08105292510578094,3.69002904005882e-05,7.561089394747992,15.591823502529714,nan,nan,nan
150.42000000000002,207.830810546875,-222.4610595703125,-24.554584503173828,208.59462753888246,-222.98115807678562,-24.556708809258236,0.924079740277449,0.3518716040620652,0.0810805706275841,3.612864060295365e-05,7.650332578258179,15.543851263744054,nan,0.9785124080371954,nan
150.43,207.8394775390625,-222.45724487304688,-24.556312561035156,208.60352156407075,-222.97750100179462,-24.558565885991552,0.9243564188795103,0.35191350360639223,0.0811082826573151,3.685246542763744e-05,7.644939162089016,15.342457119447332,nan,nan,nan
150.44,207.84814453125,-222.45338439941406,-24.558006286621094,208.61241743799008,-222.97378756472946,-24.559990030676442,0.9246277443856467,0.351955488572661,0.08113606132462593,3.608364342514648e-05,7.597336378022226,15.521124794225976,nan,0.10578395811999375,nan
150.45000000000002,207.8568115234375,-222.44947814941406,-24.55966567993164,208.62228800554723,-222.96309340747558,-24.5618681931318,0.9218241312967954,0.3518870633406217,0.08112317586603718,3.67834197820868e-05,7.108313509195167,15.601623020669791,5.393213811020817,nan,nan
150.46,207.865478515625,-222.44558715820312,-24.561290740966797,208.63119731963127,-222.95929791454873,-24.564020964262493,0.9220799759853844,0.35192887949126406,0.08115091382999944,3.6018291302431985e-05,7.1624010518023296,15.626513250143324,nan,0.1049134363713967,nan
150.47,207.87413024902344,-222.44174194335938,-24.562885284423828,208.64010833536875,-222.95553397544126,-24.5657491020031,0.9223409794881633,0.3519707809513728,0.08117871847988672,3.673940473607015e-05,7.156488224692843,15.81752751000024,nan,nan,nan
150.48,207.88279724121094,-222.43795776367188,-24.5644474029541,208.6490353273174,-222.95181815693843,-24.564332162355427,0.922590549295047,0.35201276777521767,0.0812065899478284,3.597692624311024e-05,6.9115092097761,15.20389469014201,nan,6.473863304380618,nan
150.49,207.89146423339844,-222.4342498779297,-24.565977096557617,208.6579452014658,-222.94817316690796,-24.565968255689032,0.9228272977333735,0.3520548401928554,0.08123452839015294,3.669723439319328e-05,6.888348391980473,15.473773175149072,nan,nan,nan
150.5,207.90013122558594,-222.43060302734375,-24.56747817993164,208.6594420272164,-222.94188889230517,-24.569891241982962,0.9154080795199961,0.35198653991212453,0.08122148965855168,3.591531129530316e-05,7.0597673587912,15.099499832059534,0.6130590049838845,3.633906509777711,nan
150.51,207.90879821777344,-222.42703247070312,-24.56894874572754,208.66833704260367,-222.93837985925768,-24.5714913336022,0.915631936401931,0.35202844326323435,0.0812493865770311,3.663397750716803e-05,7.051624063755183,15.239912809289276,nan,nan,nan
150.52,207.91744995117188,-222.42352294921875,-24.570390701293945,208.6772365316708,-222.9349394692402,-24.57203482677969,0.9158740131730362,0.35207043191768667,0.08127735049046199,3.587746687732945e-05,6.928351077078975,15.155144616058646,nan,0.7095250407771806,nan
150.53,207.92611694335938,-222.4200897216797,-24.571802139282227,208.68613089366144,-222.93157056080952,-24.573568325396934,0.9160987789884347,0.35211250608905476,0.08130538155307741,3.659545470861146e-05,6.916163007236524,15.07400295686228,nan,nan,nan
150.54,207.93478393554688,-222.41671752929688,-24.57318687438965,208.69502780780041,-222.92826939480688,-24.574495685550275,0.916328417868,0.3521546658564578,0.08133347990009245,3.5841324206005004e-05,6.857240343219251,14.726392772897109,nan,0.22540098408891276,nan
150.55,207.9434356689453,-222.41342163085938,-24.574542999267578,208.69896660766153,-222.92680283834744,-24.57597633724131,0.9134491326927101,0.35208648867175873,0.08132028531954537,3.653592751784651e-05,7.107588727697019,15.233056443548785,1.8214267505419202,nan,nan
150.56,207.9521026611328,-222.41018676757812,-24.57587242126465,208.70784608504263,-222.9236440469083,-24.576700032304853,0.9136668897470842,0.35212847912264666,0.08134834131171333,3.578501568120376e-05,7.048946086133603,14.669866912847413,nan,0.3536626702774859,nan
150.57,207.9607696533203,-222.4070281982422,-24.577177047729492,208.71672222896942,-222.9205514778525,-24.578114792136397,0.9138770894911588,0.3521705550139895,0.08137646462459858,3.650091843360552e-05,7.031686726619943,14.897414007782423,nan,nan,nan
150.58,207.96942138671875,-222.40391540527344,-24.578453063964844,208.72559101408987,-222.91752522734538,-24.58126901079507,0.9141091205342521,0.352212716438365,0.0814046553951708,3.575221534170806e-05,7.208054458979156,15.040337104905674,nan,2.1056407321908956,nan
150.59,207.97808837890625,-222.40087890625,-24.57970428466797,208.73446692181224,-222.91455867570883,-24.582651128176384,0.9143216554399954,0.35225496358907604,0.08143291377507582,3.646760344805027e-05,7.2026424924126715,15.038743267764124,nan,nan,nan
150.6,207.9867401123047,-222.39788818359375,-24.5809326171875,208.7700540532004,-222.91988597069206,-24.582686460065617,0.9413105203395664,0.35218690747291853,0.08141956076108149,3.569930223720377e-05,6.885596226665777,15.313732444721978,9.039270830055509,1.2065236313833951,nan
150.61,207.9954071044922,-222.3949737548828,-24.582134246826172,208.77898359064616,-222.91704845084317,-24.58400725629622,0.9415718804106168,0.3522289850432671,0.08144777594286122,3.6413336593644184e-05,6.874408465766855,15.47092444491043,nan,nan,nan
150.62,208.0040740966797,-222.39210510253906,-24.58331298828125,208.7879116106775,-222.91427034547812,-24.585731372245597,0.941840558621716,0.35227114808180704,0.0814760587520994,3.566970476194573e-05,6.9215956990376455,15.111752127361513,nan,0.12364890353131806,nan
150.63,208.01272583007812,-222.38929748535156,-24.5844669342041,208.79684125490985,-222.91154939680763,-24.58701016431728,0.9421202293221184,0.35231339677101303,0.08150440933899111,3.638332883410635e-05,6.914465794854838,15.605515906908279,nan,nan,nan
150.64000000000001,208.02139282226562,-222.38653564453125,-24.585599899291992,208.80577409819008,-222.9088838337301,-24.587330675064678,0.9423930243613744,0.35235573121979574,0.08153282784265005,3.564164938702618e-05,6.800966571412198,14.730119860762104,nan,0.5958614446800965,nan
150.65,208.03005981445312,-222.38385009765625,-24.586708068847656,208.8059496825034,-222.89216132432946,-24.588568640688276,0.9275714809289316,0.35228779421451845,0.0815193138375727,3.633240474526281e-05,6.151084740382852,15.419906238374042,8.055237144842446,nan,nan
150.66,208.03871154785156,-222.38119506835938,-24.58779525756836,208.84696846872146,-222.92430402728974,-24.58904523216509,0.9737803416792699,0.34855444782342726,0.07712096080264212,3.5593282957211436e-05,10.313311894061098,19.216915053891842,nan,0.353774145156498,0.2725579769300051
150.67000000000002,208.04737854003906,-222.3786163330078,-24.5888614654541,208.8558942809998,-222.92179795383024,-24.590221585481363,0.9740358445699214,0.34859957842047234,0.0771411298637683,3.6305328516093146e-05,10.285352809650192,19.485667407883,nan,nan,nan
150.68,208.05604553222656,-222.37606811523438,-24.58990478515625,208.86483754072628,-222.91936630782172,-24.5921640277673,0.9743318445267323,0.3486447929172798,0.07716135812305086,3.556822785602782e-05,10.345113193144028,18.973564165073814,nan,0.42283289959380005,nan
150.69,208.064697265625,-222.3735809326172,-24.59092903137207,208.87376378964882,-222.9169638799909,-24.593307391932218,0.974607266744654,0.34869009287143804,0.07718164804824272,3.627999524764024e-05,10.32330269471729,19.551901847392145,nan,nan,nan
150.70000000000002,208.0733642578125,-222.3711395263672,-24.59193229675293,208.87003964055145,-222.91262712445982,-24.595314970008356,0.9632818522264067,0.34862975374565797,0.07717340684749012,3.552309282078261e-05,10.78581099449523,18.91589393231179,4.019598725838744,0.6521404890067714,nan
150.71,208.08203125,-222.36875915527344,-24.592914581298828,208.8789387427496,-222.91032971988045,-24.59642714261985,0.9635209216909834,0.3486748666548827,0.07719369210465866,3.6233738932499706e-05,10.770286956756328,19.29260936642264,nan,nan,nan
150.72,208.0906982421875,-222.3664093017578,-24.5938777923584,208.88782854816833,-222.9080683823722,-24.597075869726996,0.9637538648555249,0.3487200634373808,0.07721403689083767,3.550087602980591e-05,10.6857767143636,18.68631402197311,nan,0.1355615576732288,nan
150.73,208.09934997558594,-222.36412048339844,-24.59482192993164,208.89672810007977,-222.90586613062266,-24.598146439738557,0.9640079211672198,0.3487653455797272,0.07723444349628561,3.62113280291831e-05,10.668919189773035,19.45233425649238,nan,nan,nan
150.74,208.10801696777344,-222.3618621826172,-24.595746994018555,208.90564602508613,-222.90373283566416,-24.60005619924525,0.9642896281474602,0.34881071190147306,0.07725490996086844,3.548002133860315e-05,10.855329605718708,18.841175277323387,nan,0.5045362566532702,nan
150.75,208.11668395996094,-222.3596649169922,-24.596654891967773,208.92228357710124,-222.9074943850754,-24.601132430144446,0.9742319629251913,0.34875032932023264,0.07724662889161572,3.6167996622492156e-05,11.13119671452008,19.44911439681701,1.4139813702648596,nan,nan
150.76,208.12535095214844,-222.3574981689453,-24.597543716430664,208.93120078223095,-222.9054528432212,-24.60252966918109,0.974511741042479,0.3487955083714574,0.07726709020791035,3.543905695448174e-05,11.246929730854278,19.229489662221237,nan,0.09437873433165446,nan
150.77,208.13401794433594,-222.35537719726562,-24.59841537475586,208.94011048315846,-222.90344527867694,-24.603543458440058,0.9747769489731986,0.34884077268404107,0.07728761349699495,3.614834394542639e-05,11.24138226156053,19.25815607921622,nan,nan,nan
150.78,208.14268493652344,-222.35330200195312,-24.599267959594727,208.94902378501703,-222.90148446156172,-24.60469214443522,0.975046547295919,0.34888612114901474,0.07730819696683253,3.542081618927869e-05,11.31278187337596,19.491535777669288,nan,0.01582285717930191,nan
150.79,208.15133666992188,-222.3511505126953,-24.60021209716797,208.957934554429,-222.899503300989,-24.605727622353132,0.9753570365455367,0.34893155514713464,0.07732884265920574,3.613001256562749e-05,11.297728115240867,19.735907369088277,nan,nan,nan
150.8,208.16000366210938,-222.3489227294922,-24.601242065429688,208.9844118364657,-222.9172143541045,-24.607076260557072,1.0013182542942167,0.34887112750667953,0.07732051654825703,3.538245537764306e-05,12.657596501414838,20.167472169125013,22.29601902668379,0.031639881669801716,nan
150.81,208.16867065429688,-222.3466339111328,-24.60236167907715,208.99333378860018,-222.91514385244682,-24.60829224679711,1.001652639434095,0.3489163739671494,0.07734115650452646,3.609071324844932e-05,12.644925832426237,20.36921705963883,nan,nan,nan
150.82,208.17733764648438,-222.34425354003906,-24.603565216064453,209.00227178372714,-222.91301954505727,-24.61039119642514,1.0020267926860618,0.3489617045520217,0.07736185695550157,3.536667060288862e-05,12.964534930248929,20.34978012080075,nan,0.4371706753067131,nan
150.83,208.18600463867188,-222.34181213378906,-24.604856491088867,209.01119401639795,-222.91080325337145,-24.611789423179587,1.002365436765927,0.3490071205709018,0.07738261978469539,3.607490414772806e-05,12.955010360276017,20.497573188532545,nan,nan,nan
150.84,208.19467163085938,-222.33929443359375,-24.606229782104492,209.02009508844355,-222.9084895322248,-24.61220015321956,1.002667736574322,0.3490526210202564,0.07740344343420685,3.535206123944803e-05,12.606972996733633,20.131995588282138,nan,0.7968860075923364,nan
150.85,208.20333862304688,-222.3367156982422,-24.60768699645996,209.03120255226906,-222.9096840131668,-24.613710954790744,1.006820571546259,0.3489921491853921,0.07739507092068112,3.6038107759786e-05,12.871116395395159,20.4187676595994,1.0306371704112625,nan,nan
150.86,208.21200561523438,-222.3340606689453,-24.609228134155273,209.04008906078042,-222.9072246965449,-24.61354564454188,1.0071036869247918,0.3490374618622683,0.07741588830903173,3.531727078401424e-05,12.368218234826614,19.697754713440325,nan,2.2619251393181874,nan
150.87,208.22067260742188,-222.33132934570312,-24.610849380493164,209.04901096570165,-222.90473858573313,-24.615251583283385,1.0074532106945873,0.34908285987365284,0.07743676823175613,3.6024657283941514e-05,12.35531452439064,19.584250233283054,nan,nan,nan
150.88,208.22933959960938,-222.3285369873047,-24.612550735473633,209.05791890040024,-222.9021672465259,-24.616300871632987,1.0077744765146994,0.34912834228608874,0.07745770927908113,3.5304892817426936e-05,12.191951614470781,19.610314166884233,nan,0.3783576595881233,nan
150.89000000000001,208.23800659179688,-222.32568359375,-24.61433219909668,209.06684106253098,-222.89954536707125,-24.618162251571633,1.0081163544246596,0.3491739103051719,0.07747871311516558,3.6012333960978216e-05,12.17655715997683,19.72613078969891,nan,nan,nan
150.9,208.24667358398438,-222.32275390625,-24.616191864013672,209.0881607640337,-222.89613158788828,-24.621151439726326,1.018276601606597,0.34911339280595644,0.0774702893594523,3.5272307066607666e-05,11.880994486802535,19.96803718232031,6.8569177441655915,0.8605168971794571,nan
150.91,208.25534057617188,-222.31976318359375,-24.61812973022461,209.09711378130598,-222.89336125238972,-24.623181764910594,1.0186375196617687,0.3491587727773129,0.07749128631313403,3.5978949976868566e-05,11.86851200088314,20.052007791529505,nan,nan,nan
150.92000000000002,208.26400756835938,-222.31671142578125,-24.620145797729492,209.1061042084113,-222.89057034377157,-24.627316859444434,1.0190643910322232,0.3492042371188038,0.077512344687893,3.5262006435560623e-05,12.592623238799106,20.808260699180284,nan,2.8558434015041434,nan
150.93,208.27267456054688,-222.3135986328125,-24.622236251831055,209.11505665962366,-222.88767050487866,-24.62952305693512,1.019421018358548,0.34924978696760917,0.07753346601003089,3.596875510737157e-05,12.585384767756949,20.951063959934142,nan,nan,nan
150.94,208.28134155273438,-222.31040954589844,-24.624401092529297,209.12402294097876,-222.88472333026212,-24.63257825029377,1.0198113114261507,0.34929542149189113,0.07755464907407228,3.525269783234511e-05,12.982087723933354,21.041432629535272,nan,0.4152316578940481,nan
150.95000000000002,208.29000854492188,-222.3071746826172,-24.6265926361084,209.1554927614484,-222.88666826150782,-24.634900336380486,1.0416068139733894,0.34923485897906126,0.07754617229362397,3.5937467130006726e-05,12.598206654230813,22.042598338663165,8.18142524376452,nan,nan
150.96,208.29867553710938,-222.30386352539062,-24.62877655029297,209.16446524440673,-222.8835462556791,-24.635844991344346,1.0419567399444383,0.3492803052112079,0.07756734790644182,3.522310171067725e-05,12.071783476173856,21.061880924265026,nan,1.3804729806704485,nan
150.97,208.30734252929688,-222.3004913330078,-24.630935668945312,209.17346250117595,-222.88039228913868,-24.638166873121488,1.0423536899359742,0.34932583685143065,0.07758858662580405,3.5929244444747404e-05,12.084325201402766,20.98422409629057,nan,nan,nan
150.98,208.3159942626953,-222.29705810546875,-24.633058547973633,209.18244200128777,-222.87715776251574,-24.639484598529013,1.042731312440435,0.3493714531341173,0.07760988737380047,3.521565576873197e-05,11.7767369139617,21.145006637316765,nan,0.6632266370649148,nan
150.99,208.3246612548828,-222.2935791015625,-24.63514518737793,209.19143833382637,-222.87388316578364,-24.641732966521964,1.043119700881709,0.3494171550979633,0.0776312514875267,3.5921962522543104e-05,11.78678193507247,20.984256107429115,nan,nan,nan
151.0,208.3333282470703,-222.29002380371094,-24.637191772460938,209.1712672120043,-222.85854732461112,-24.643481619466943,1.0126204940384813,0.3493565462322087,0.07762271713476898,3.5187886701824535e-05,11.684686136414646,19.635823910765378,8.157623121247696,0.14537834223129434,nan
151.01,208.3419952392578,-222.2864227294922,-24.639198303222656,209.1802121082547,-222.85513802762136,-24.645649055475797,1.0129591413288714,0.3494020596213963,0.07764407314381304,3.589349979638444e-05,11.694628663569775,19.954828687376992,nan,nan,nan
151.02,208.35064697265625,-222.2827606201172,-24.641164779663086,209.1891489173611,-222.8516618793296,-24.64732524928994,1.013297639093932,0.3494476576181866,0.07766549146048692,3.518215884031737e-05,11.588722844739124,20.14800428493621,nan,0.14311945513263014,nan
151.03,208.35931396484375,-222.27903747558594,-24.64309310913086,209.19809283425346,-222.8481370007536,-24.649411332767443,1.0136390784022786,0.34949334119763703,0.07768697330450347,3.588797443424152e-05,11.598055730223102,19.587483571057923,nan,nan,nan
151.04,208.36798095703125,-222.2752685546875,-24.644983291625977,209.207033549459,-222.84455258159994,-24.651302798235697,1.0139691772046926,0.34953910968882757,0.07770851777218404,3.517725020092223e-05,11.595776054758609,19.814366508088877,nan,0.017202797951078028,nan
151.05,208.3766326904297,-222.2714385986328,-24.646835327148438,209.21204107719984,-222.83414554638546,-24.6532657279865,1.0072674082833954,0.3494784549191843,0.0776999237017732,3.5861229513501026e-05,11.13890268316614,19.885250766259347,3.151652663318372,nan,nan
151.06,208.3852996826172,-222.26754760742188,-24.648651123046875,209.22100434196338,-222.8304535807794,-24.65644956945156,1.0076339753406658,0.34952403458159403,0.07772145945349937,3.515192974338211e-05,11.691477616321452,19.81522183104347,nan,1.0272875618562984,nan
151.07,208.39395141601562,-222.26361083984375,-24.65043067932129,209.22994725275038,-222.82668467933385,-24.658398423672377,1.0079705713491882,0.34956969972856317,0.07774305889461608,3.585731657670081e-05,11.706191960603144,20.431142853795873,nan,nan,nan
151.08,208.40261840820312,-222.25961303710938,-24.652175903320312,209.23888963353122,-222.82286193388214,-24.660311539293648,1.0082981060183394,0.34961544974988096,0.07776472122885071,3.514854143754052e-05,11.794404498194003,19.819661131300187,nan,5.482395867034119e-07,nan
151.09,208.41127014160156,-222.2555694580078,-24.653884887695312,209.2478316336845,-222.81898595083047,-24.66219122770414,1.0086338630568445,0.34966128553018716,0.07778644751637959,3.585417197030448e-05,11.810099495801644,20.45262270815366,nan,nan,nan
151.1,208.41993713378906,-222.25146484375,-24.655559539794922,209.21391096225156,-222.79282976451137,-24.66492541245776,0.9610193220144402,0.3496005836395844,0.07777778943074427,3.512470241907513e-05,11.953471736873318,19.424202352633614,18.491074943783804,0.4606284107376634,nan
151.11,208.4285888671875,-222.247314453125,-24.657201766967773,209.22278393301417,-222.78880677373303,-24.666748533283716,0.961275650689223,0.3496462303019729,0.07779950631764526,3.582971460702216e-05,11.97414758704852,19.887781302331476,nan,nan,nan
151.12,208.43724060058594,-222.24314880371094,-24.658809661865234,209.23167609125295,-222.78476984618743,-24.66981889621084,0.9615624294477901,0.34969196179925416,0.07782128635961598,3.512270304500638e-05,12.85396265721259,20.920244643887585,nan,1.147400193602233,nan
151.13,208.44590759277344,-222.23899841308594,-24.66038703918457,209.24054786896178,-222.78071751954747,-24.67159150092048,0.9617891134801636,0.34973777895852387,0.07784313051911498,3.582798714556764e-05,12.879645028666776,20.00012254586076,nan,nan,nan
151.14000000000001,208.45455932617188,-222.23492431640625,-24.66193199157715,209.24942687268606,-222.77671813080832,-24.673849605168098,0.9620275377241155,0.3497836812553192,0.07786503814512483,3.51213655286008e-05,13.389083975174323,21.428591193195356,nan,0.18672845096325527,nan
151.15,208.4632110595703,-222.2309112548828,-24.6634464263916,209.26785430620717,-222.78397236706326,-24.675573988763965,0.9764601507146451,0.3497229325076518,0.07785631359401832,3.5804906908773575e-05,14.074552708106237,21.422872565927353,6.052340728070578,nan,nan
151.16,208.47186279296875,-222.22695922851562,-24.66493034362793,209.2767162742547,-222.78011558054575,-24.676306818173476,0.9766782992892259,0.34976864542273484,0.07787821116720488,3.5099486878680605e-05,13.625235173691976,20.597889563288284,nan,0.6402532580882866,nan
151.17000000000002,208.48052978515625,-222.2230987548828,-24.666385650634766,209.28559196913855,-222.7763484273009,-24.677956379919735,0.9769054211566474,0.3498144439033803,0.07790017302234152,3.580446753419875e-05,13.647365180985176,20.650075227011456,nan,nan,nan
151.18,208.4891815185547,-222.2193145751953,-24.667810440063477,209.29448332104414,-222.77267369444763,-24.680680369954654,0.9771811209022967,0.3498603274793221,0.077922198596811,3.5099361852792546e-05,14.59687462030787,22.000430405921794,nan,0.8533444141271098,nan
151.19,208.49783325195312,-222.21559143066406,-24.669208526611328,209.30335833399147,-222.76905670902676,-24.682285164445418,0.9774279874256815,0.34990629689683916,0.07794428872158941,3.58046419309929e-05,14.624776347534954,21.535912470038927,nan,nan,nan
151.20000000000002,208.50648498535156,-222.2119598388672,-24.670578002929688,209.31323742520618,-222.77508649266747,-24.680760058572584,0.9839028415899608,0.34984550018547783,0.07793549361709232,3.50786575871913e-05,13.611569118512765,20.303919055592946,9.062742968827695,6.446292727498717,nan
151.21,208.51513671875,-222.20838928222656,-24.671920776367188,209.322100738735,-222.77165148544054,-24.682279488890707,0.984155750907837,0.3498912799260368,0.07795757297401147,3.578337125951969e-05,13.62608413833356,19.97257925464949,nan,nan,nan
151.22,208.52378845214844,-222.2048797607422,-24.673234939575195,209.33095719287888,-222.76828124007844,-24.683292172100234,0.9844001985253317,0.3499371447174976,0.07797971629593109,3.5079628938657415e-05,13.483164150071746,19.6048175242392,nan,0.1624092075297473,nan
151.23,208.53244018554688,-222.2014617919922,-24.674524307250977,209.33982025299565,-222.76498833780806,-24.684755276995418,0.9846468472983972,0.3499830952553943,0.07800192433433227,3.5784662127326195e-05,13.495404535635334,20.120683663977328,nan,nan,nan
151.24,208.5410919189453,-222.19808959960938,-24.67578887939453,209.34869263339385,-222.76177405861293,-24.686880495251053,0.9849274629343169,0.3500291311451668,0.07802419664492893,3.5081123075664825e-05,14.049898076874555,20.0295068828303,nan,0.3318825740981592,nan
151.25,208.54974365234375,-222.19480895996094,-24.677026748657227,209.34345085878033,-222.74237935228527,-24.688375396235568,0.9643304702753297,0.34996828656792955,0.07801532828689176,3.5764470201409464e-05,13.215114418197263,20.3982725800447,12.160131534346865,nan,nan
151.26,208.5583953857422,-222.1915740966797,-24.678239822387695,209.35231861885083,-222.7392574643547,-24.690856302973682,0.9645881747564051,0.3500141325074635,0.07803758913819182,3.506195092304222e-05,14.125832334306697,20.709378028757257,nan,0.8256042707509093,nan
151.27,208.5670623779297,-222.18841552734375,-24.67943000793457,209.3611720121389,-222.7361858209021,-24.692241294772145,0.964793519215031,0.35006006409893925,0.07805991487199496,3.576676501771399e-05,14.146539232629525,20.661899999349824,nan,nan,nan
151.28,208.57571411132812,-222.18531799316406,-24.68059539794922,209.37005260686155,-222.73320569938736,-24.695699071493223,0.9650817090129975,0.35010608099503493,0.07808230511508456,3.506438851716026e-05,16.034918756293557,22.83307317367278,nan,3.089737177226738,nan
151.29,208.58436584472656,-222.18226623535156,-24.681737899780273,209.37890605898582,-222.73026016253604,-24.697059593840926,0.9653114785472623,0.35015218382077284,0.07810476051310165,3.5769538954290894e-05,16.065106271143165,22.36954158111009,nan,nan,nan
151.3,208.593017578125,-222.17929077148438,-24.682857513427734,209.4162098838373,-222.73181644276443,-24.69774780069811,0.9915401707759466,0.3500912903677864,0.07809581498616512,3.5046125274353665e-05,15.244572960733395,23.054495346275637,14.648022555514657,0.21851061658697804,nan
151.31,208.60166931152344,-222.17637634277344,-24.683956146240234,209.42512299652927,-222.72898244187053,-24.69905744115177,0.9918051830964537,0.3501372029423092,0.07811825818024282,3.575074308331654e-05,15.268802730514086,23.046867411856546,nan,nan,nan
151.32,208.61032104492188,-222.17352294921875,-24.68503189086914,209.4340361328653,-222.72620719610748,-24.700341416882594,0.9920689514602018,0.3501832007720207,0.07814076611396412,3.5049406326036425e-05,15.548957144233375,23.417309707585538,nan,1.4940759360874361e-05,nan
151.33,208.6189727783203,-222.17071533203125,-24.686084747314453,209.44294947606008,-222.72348942439797,-24.70160924899311,0.9923395617238839,0.3502292844382133,0.07816333936983867,3.57543743363005e-05,15.575373970571931,23.11372781251709,nan,nan,nan
151.34,208.62762451171875,-222.16796875,-24.687118530273438,209.45183070227978,-222.72079602351573,-24.700190737643233,0.9925244185950686,0.35027545365887197,0.0781859776687492,3.5053090601778905e-05,13.682236971799774,21.285369690535486,nan,5.003190801380329,nan
151.35,208.6362762451172,-222.16526794433594,-24.68813133239746,209.45028472187687,-222.69298434485884,-24.701371409754362,0.9701905479161738,0.35021451128205816,0.07817695207362264,3.5736402670195817e-05,12.143968273832428,20.92686771518211,41.33732772535396,nan,nan
151.36,208.6449432373047,-222.16262817382812,-24.689123153686523,209.4592192238035,-222.69036086964792,-24.703444787341862,0.9704392251019124,0.3502604899690343,0.078199577439693,3.50359936868045e-05,13.066330701825267,21.70508218679008,nan,0.560531853013333,nan
151.37,208.65359497070312,-222.16004943847656,-24.690095901489258,209.468143493614,-222.6877803641547,-24.704616328949214,0.970669907284147,0.3503065543999664,0.07822226829460008,3.574079553619862e-05,13.083973236744056,22.36462436098135,nan,nan,nan
151.38,208.66224670410156,-222.1575164794922,-24.691049575805664,209.47707770557557,-222.68526133706663,-24.706596171863538,0.9709304260905567,0.3503527043331038,0.07824502441495952,3.504039251919497e-05,14.055649416723227,23.090736624631884,nan,0.4817290694222629,nan
151.39000000000001,208.6708984375,-222.155029296875,-24.69198226928711,209.48600264879494,-222.68278419723487,-24.70773900713536,0.9711685666825365,0.3503989402895845,0.07826784630017856,3.5745553315999495e-05,14.07734613892552,22.952579280547987,nan,nan,nan
151.4,208.67955017089844,-222.152587890625,-24.69289779663086,209.47972155484123,-222.67412138178042,-24.707885443686592,0.9552465941535525,0.3503379480614761,0.07825873686127267,3.502398087483171e-05,13.51312947784501,21.901368953406656,2.240571834659288,0.7288220754532656,nan
151.41,208.68821716308594,-222.15020751953125,-24.693796157836914,209.48862040423663,-222.6717345844982,-24.70898363428817,0.9554404677312653,0.35038399317784735,0.07828154504010733,3.572862914917405e-05,13.529131397496473,21.91586688193264,nan,nan,nan
151.42000000000002,208.69686889648438,-222.1478729248047,-24.69467544555664,209.4975338548057,-222.66940943330633,-24.71135154658133,0.9556896973019912,0.35043012374204613,0.07830441870053435,3.5029010207112234e-05,14.98578161285263,23.69812342112358,nan,1.1670788128962204,nan
151.43,208.7055206298828,-222.14556884765625,-24.695537567138672,209.50643376116227,-222.66711793392844,-24.712429051359248,0.9559082672968124,0.3504763402383369,0.07832735829310532,3.573402665995892e-05,15.006325629631103,23.135264844098693,nan,nan,nan
151.44,208.7141876220703,-222.14332580566406,-24.696380615234375,209.51533511620926,-222.66487347913338,-24.713580697462316,0.9561093692120234,0.3505226424800856,0.07835036366735341,3.5034342658973756e-05,15.440444206834718,23.740800633684827,nan,0.0057496493155283195,nan
151.45000000000002,208.72283935546875,-222.14100646972656,-24.697315216064453,209.50420441459374,-222.64478656691264,-24.71447448946987,0.9298495483711456,0.35046160022691264,0.0783411673319216,3.571771505248591e-05,14.577833880755371,23.537431735858767,12.827851067776239,nan,nan
151.46,208.7314910888672,-222.13861083984375,-24.69833755493164,209.51308141858263,-222.64240666758528,-24.71545487265339,0.9300466021229534,0.3505077113372808,0.07836415823524925,3.501879287322297e-05,14.679804283051226,23.50110896071992,nan,0.029566873061891614,nan
151.47,208.7401580810547,-222.1361541748047,-24.699447631835938,209.52196095557508,-222.63995641172158,-24.716726608793397,0.9302316870412004,0.3505539082890575,0.07838721523705232,3.5723672806669166e-05,14.648630408901568,23.490696126361794,nan,nan,nan
151.48,208.74880981445312,-222.1336212158203,-24.70064353942871,209.53086137186122,-222.63745344815246,-24.720117334983833,0.9305002877455449,0.3506001909292038,0.07841033822940145,3.5024650143305276e-05,17.09683583559629,26.098661909373547,nan,2.90963178112691,nan
151.49,208.75747680664062,-222.13101196289062,-24.70192527770996,209.53974141647544,-222.63486116727756,-24.72158374447747,0.9306924281829148,0.35064655969175573,0.07843352759934416,3.57299011126556e-05,17.064510239502724,25.43371398204127,nan,nan,nan
151.5,208.76612854003906,-222.1283416748047,-24.703290939331055,209.5392432820097,-222.63805077700596,-24.721411648213607,0.9261955156496634,0.3505854665543789,0.07842424070365527,3.500960200985273e-05,16.228064493805206,24.266910077578288,9.956563207241352,1.8631537099633768,nan
151.51,208.77479553222656,-222.12559509277344,-24.704740524291992,209.54809487086763,-222.6353486392318,-24.72303060421443,0.9263773919376305,0.3506316438738819,0.07844741480092565,3.571435064773889e-05,16.19473689198974,23.589480191193317,nan,nan,nan
151.52,208.783447265625,-222.12278747558594,-24.70627212524414,209.55692461257834,-222.6325589690376,-24.722446779031717,0.9264965198051587,0.35067790682265493,0.0784706550917996,3.501591508486639e-05,14.2777486816764,22.23036413459517,nan,3.6885135237733717,nan
151.53,208.7921142578125,-222.11990356445312,-24.707883834838867,209.56577623822471,-222.6297216271565,-24.724209509792434,0.9266789328870385,0.3507242558042908,0.07849396192658392,3.5721040693418354e-05,14.247052413659496,21.52823580720777,nan,nan,nan
151.54,208.80076599121094,-222.11695861816406,-24.709577560424805,209.5746303051712,-222.62682000794916,-24.726320638058954,0.9268791419939624,0.35077069071129147,0.07851733525225889,3.502244964121549e-05,14.768728945297648,22.53488229506542,nan,0.04999663761672364,nan
151.55,208.80943298339844,-222.11395263671875,-24.71135139465332,209.61649859832863,-222.6465339245959,-24.72821577939939,0.9670998616856491,0.35070954640966545,0.07850795463031457,3.570593129214444e-05,15.374018564313445,22.716743774900106,15.73013082087047,nan,nan
151.56,208.81808471679688,-222.1108856201172,-24.71320343017578,209.62538194693752,-222.64353893089094,-24.72872208021867,0.9673102892919916,0.35075578957398407,0.07853131188498488,3.5008016416931787e-05,14.266601313549458,22.086582575286823,nan,1.5915931482303058,nan
151.57,208.82675170898438,-222.1077423095703,-24.715133666992188,209.63427861111492,-222.64049136853004,-24.730794186742433,0.9675569799065464,0.3508021186820835,0.07855473584852594,3.571301857799617e-05,14.234582023265023,21.25745642623715,nan,nan,nan
151.58,208.8354034423828,-222.10455322265625,-24.717140197753906,209.64316461404192,-222.63737153321603,-24.73177220032417,0.9677745388297251,0.3508485336539148,0.07857822649940845,3.501492259891848e-05,13.460102546765299,21.408283475534816,nan,0.9698466509238621,nan
151.59,208.8440704345703,-222.10128784179688,-24.719223022460938,209.65206067609395,-222.63419786567027,-24.733988384109075,0.9680182538809778,0.3508950348520039,0.07860178414086946,3.572030049036156e-05,13.428937042538506,20.523350759425018,nan,nan,nan
151.6,208.85272216796875,-222.09796142578125,-24.72138023376465,209.63372194431705,-222.6128837684572,-24.736666195344515,0.9355957087676313,0.3508338385821813,0.07859230621795256,3.500084417599408e-05,13.502058601433465,21.051063563327677,10.265663636589254,0.06191164442354568,nan
151.61,208.8613739013672,-222.09457397460938,-24.72356605529785,209.64257903486316,-222.60954699301914,-24.739016080520503,0.935797720434231,0.35088014772084014,0.0786158469591618,3.570572306761977e-05,13.490792045751736,20.98764509601736,nan,nan,nan
151.62,208.8700408935547,-222.09112548828125,-24.725744247436523,209.65142392470003,-222.6061400426394,-24.739963441818517,0.935949580934502,0.3509265426597226,0.07863945457880174,3.500806662502607e-05,12.560703037488272,19.656089144536498,nan,1.4097031958250283,nan
151.63,208.87869262695312,-222.08763122558594,-24.727895736694336,209.66027993471525,-222.60268291210429,-24.74229408188947,0.9361432966082686,0.35097302373674133,0.0786631293533729,3.5713324956221974e-05,12.568826298236102,20.46542179764182,nan,nan,nan
151.64000000000001,208.88735961914062,-222.0840606689453,-24.730012893676758,209.65772483219595,-222.6122415991209,-24.743430993516526,0.9341400868661144,0.3504757882413226,0.07797085157188594,3.501522542609317e-05,15.370455086561881,22.297128510758828,nan,0.9455239834736671,0.2390335150530302
151.65,208.89601135253906,-222.0804443359375,-24.732093811035156,209.62295664388859,-222.59043488446775,-24.745664434663215,0.8881013331997013,0.35041389078214363,0.0779621894954111,3.569882803649952e-05,15.366504024980788,22.460406942212852,18.31242165243786,nan,nan
151.66,208.9046630859375,-222.07676696777344,-24.734134674072266,209.63171945470745,-222.58681707080765,-24.748561468185137,0.8882399469527011,0.3504589487072695,0.07798278966281331,3.5001574455951746e-05,16.121320503030894,23.08924391426235,nan,0.32585756092406465,nan
151.67000000000002,208.91331481933594,-222.07302856445312,-24.736135482788086,209.64048321167672,-222.58313047403695,-24.750747559050595,0.8883644194547916,0.3505040910118145,0.07800345071173177,3.570670645850001e-05,16.122303418156424,22.92475093087775,nan,nan,nan
151.68,208.92198181152344,-222.06922912597656,-24.738096237182617,209.64925006725355,-222.57935879878286,-24.751192209524252,0.8884384634637067,0.35054931782883586,0.07802417195558069,3.500921222836833e-05,15.010455225129114,21.35187086957668,nan,2.0467373098265043,nan
151.69,208.93063354492188,-222.0653839111328,-24.740020751953125,209.65801278820405,-222.57556014523442,-24.75328464171599,0.8885585429061411,0.3505946293148091,0.07804495434816064,3.5714720002818655e-05,15.005066124496889,21.9263787879852,nan,nan,nan
151.70000000000002,208.9392852783203,-222.0614776611328,-24.741905212402344,209.67324940676073,-222.573796389425,-24.75479964804244,0.8951760093225904,0.3505327078523242,0.07803624933159044,3.499580164596055e-05,14.755347102297282,21.576663011277038,0.5899075213198417,0.17412365455291334,nan
151.71,208.94793701171875,-222.05752563476562,-24.74375343322754,209.68202350667232,-222.56988942006564,-24.756811899644074,0.89530450356587,0.3505778311675174,0.07805702434379962,3.570080955022569e-05,14.7481755166634,21.858596219889645,nan,nan,nan
151.72,208.9565887451172,-222.0535125732422,-24.745563507080078,209.6908061632096,-222.5658629612218,-24.754684500562348,0.8953554208331176,0.3506230389333059,0.07807785983332258,3.500364713637172e-05,12.316621659383847,19.146328521173192,nan,11.886809350050228,nan
151.73,208.96524047851562,-222.04945373535156,-24.747337341308594,209.6995790620067,-222.56184885645627,-24.75658403885666,0.8954816674567576,0.35066833130817576,0.0780987566679452,3.570903311314478e-05,12.301948589443507,19.385131169825602,nan,nan,nan
151.74,208.97389221191406,-222.0453338623047,-24.74907684326172,209.70835518761805,-222.55775596671336,-24.756766649594883,0.8955843951789323,0.35071370842214306,0.07811971428842733,3.5011599232843387e-05,11.565069912492493,18.31518034002545,nan,1.996876995760758,nan
151.75,208.9825439453125,-222.04116821289062,-24.750782012939453,209.71196113955452,-222.54782095688105,-24.75867217838923,0.8881490308274584,0.35065176254342784,0.07811096401072491,3.569532453946724e-05,11.257193762118902,18.537719363280832,2.330785154243734,nan,nan
151.76,208.99119567871094,-222.03695678710938,-24.752450942993164,209.72072809717966,-222.5436417431123,-24.76101276311463,0.8882682584671645,0.3506969512726503,0.0781319137406495,3.499845869132317e-05,11.575069017634188,19.067169811262602,nan,0.22003769150216954,nan
151.77,208.99984741210938,-222.03268432617188,-24.75408935546875,209.7294958514888,-222.53940335412167,-24.762768160439688,0.8883841173900692,0.3507422245502244,0.07815292501169113,3.570371849721002e-05,11.558704383825198,18.62880782148271,nan,nan,nan
151.78,209.0084991455078,-222.0283660888672,-24.755693435668945,209.7382686897913,-222.53508002141092,-24.762112175856473,0.8884614777373724,0.3507875825043224,0.07817399734256245,3.50065700858057e-05,10.594254016997878,17.80742190222157,nan,3.9965869726997694,nan
151.79,209.01715087890625,-222.0240020751953,-24.757265090942383,209.7470349967968,-222.53074203707993,-24.7637805738284,0.8885711372968,0.35083302529623167,0.07819513148557133,3.571220243116709e-05,10.5740702908579,17.910585863312303,nan,nan,nan
151.8,209.0258026123047,-222.01963806152344,-24.758806228637695,209.74546314192867,-222.52014409607497,-24.763399702783673,0.8766063361200959,0.3507710545363914,0.07818633216121525,3.4993583680602225e-05,9.795035032751422,17.32396720446168,1.4958121739815515,3.079911630820078,nan
151.81,209.03443908691406,-222.0153045654297,-24.760316848754883,209.75421355466125,-222.5157863985528,-24.764987930094613,0.8766864711559598,0.350816308725526,0.0782074578435909,3.569871238316533e-05,9.767508799394543,17.144790401464714,nan,nan,nan
151.82,209.0430908203125,-222.01104736328125,-24.761796951293945,209.76296312747195,-222.5114822849971,-24.766608693740384,0.8767407840138315,0.3508616475279067,0.07822864485303224,3.500182116268722e-05,9.780638909564027,17.339372956901478,nan,0.002713679322042117,nan
151.83,209.05174255371094,-222.00685119628906,-24.763248443603516,209.77171209206878,-222.5072457438869,-24.76813927760022,0.8767980153296615,0.3509070711064477,0.07824989387162638,3.570732394153884e-05,9.75277008023605,16.824229638567598,nan,nan,nan
151.84,209.06039428710938,-222.0027313232422,-24.76466941833496,209.78045842562423,-222.50309421967907,-24.77035419205037,0.8768624227084005,0.3509525795868448,0.07827120452218643,3.501012791120989e-05,9.969753872447498,16.99650171816609,nan,0.3583467643146567,nan
151.85,209.06903076171875,-221.9987030029297,-24.766063690185547,209.77437722892685,-222.49205085331212,-24.771845675470274,0.860778236036293,0.350890583491082,0.07826235357804191,3.569395881730295e-05,9.889335468892046,17.628390204138935,2.050941356216717,nan,nan
151.86,209.0776824951172,-221.9947509765625,-24.76742935180664,209.78309781739105,-222.48804603221478,-24.774147595042884,0.8608112009156889,0.35093590314502315,0.07828365521517125,3.499730042433719e-05,10.205496355959003,17.566764754742806,nan,0.5067418141112113,nan
151.87,209.08631896972656,-221.99087524414062,-24.768768310546875,209.79182034614033,-222.48410856345896,-24.775584480192776,0.8608471174233787,0.3509813075125803,0.07830501905783592,3.570266805946506e-05,10.180039699242409,17.754161886505685,nan,nan,nan
151.88,209.094970703125,-221.98707580566406,-24.77008056640625,209.80054269937477,-222.48024843632527,-24.7769954979816,0.8608710134531633,0.35102679672837084,0.07832644501425823,3.642235429866099e-05,10.15528172977616,17.423637515316866,nan,nan,nan
151.89000000000001,209.10362243652344,-221.9833526611328,-24.771366119384766,209.80926499191978,-222.47646452266463,-24.778381007133948,0.8608948441126708,0.35107237093689503,0.07834793322893838,3.715650364212499e-05,10.130688798014143,17.432821262423346,nan,nan,nan
151.9,209.1122589111328,-221.9796905517578,-24.772624969482422,209.82092908955778,-222.47277742167898,-24.778524704396776,0.8633555987827916,0.35101034899062133,0.0783390269825737,3.6350506711847404e-05,9.64056029238485,16.84661796654603,0.4824409206640885,0.8639309826600897,nan
151.91,209.12091064453125,-221.9761199951172,-24.773860931396484,209.82965797263083,-222.46913891329277,-24.77984815216027,0.8633807245820245,0.35105573414482977,0.07836050557955551,3.7082387340823195e-05,9.613537031392111,17.226322136762313,nan,nan,nan
151.92000000000002,209.12954711914062,-221.9726104736328,-24.775070190429688,209.83838531703427,-222.46557875942992,-24.781688068266195,0.8634310151378044,0.35110120407158374,0.0783820463050456,3.6302954244680715e-05,9.817662195477165,17.34472412500472,nan,0.1911938256851377,nan
151.93,209.13819885253906,-221.96917724609375,-24.776256561279297,209.8471140922252,-222.46208288411765,-24.78297006887186,0.8634592383194547,0.35114675893858377,0.0784036497230495,3.703356984923193e-05,9.792900214171251,17.26100809800744,nan,nan,nan
151.94,209.14683532714844,-221.96580505371094,-24.777420043945312,209.8558427672103,-222.45865627774427,-24.784229270468206,0.8635046292059325,0.35119239887876796,0.07842531576866163,3.777874524694637e-05,9.768095483332662,17.22287011388906,nan,nan,nan
151.95000000000002,209.15548706054688,-221.96250915527344,-24.7785587310791,209.85921391367825,-222.45204058674992,-24.785388456610995,0.8572742568002578,0.3511303505891211,0.07841635147445225,3.851310536669229e-05,9.643280399556984,17.23065225679713,0.5819325775221258,nan,nan
151.96,209.16412353515625,-221.9592742919922,-24.77967643737793,209.86794575240089,-222.44870003905413,-24.782819177934556,0.8572707578078834,0.35117580122915726,0.07843800709880802,3.764361591651628e-05,8.659483457048216,16.3222151049,nan,8.708607831964388,nan
151.97,209.1727752685547,-221.9561004638672,-24.78076934814453,209.8766670188831,-222.4454659614008,-24.78397362888442,0.8572936800022334,0.3512213367459413,0.07845972562447254,3.839948424074513e-05,8.630466199860857,15.914856592474013,nan,nan,nan
151.98,209.18142700195312,-221.95298767089844,-24.781843185424805,209.88538362205253,-222.4423125804181,-24.786694267495786,0.8573315129256982,0.35126695725797596,0.07848150681534882,3.7536469703573116e-05,8.956389375961308,16.118501427482112,nan,1.5424636433883192,nan
151.99,209.1900634765625,-221.949951171875,-24.782894134521484,209.8941047369,-222.43920516083728,-24.7878225330792,0.8573609806175365,0.3513126629358728,0.07850335118262036,3.828945612504909e-05,8.928678207272153,16.934024208097245,nan,nan,nan
152.0,209.19871520996094,-221.94696044921875,-24.783924102783203,209.8987608587452,-222.43581351133187,-24.78793854237996,0.8538485477205074,0.3512505877423751,0.07849432522832198,3.740881218402783e-05,8.819349025112318,15.821055468846065,0.8246025127658991,0.7367203924799652,nan
152.01,209.2073516845703,-221.94403076171875,-24.78493309020996,209.90747322804802,-222.43283031807405,-24.789017919714908,0.8538804762768804,0.3512961038954263,0.07851615874634747,3.815811420972166e-05,8.792191382311609,16.126679765874204,nan,nan,nan
152.02,209.21600341796875,-221.94117736816406,-24.78592300415039,209.91618603641453,-222.42990548841502,-24.79004294695904,0.8538898340104337,0.351341704978007,0.0785380551735326,3.730864740929024e-05,8.775425879041174,16.548050072103624,nan,0.0007582481449780489,nan
152.03,209.2246551513672,-221.9383544921875,-24.786893844604492,209.92489919342853,-222.4270385296876,-24.79108351356901,0.8539153121216597,0.35138739116091994,0.07856001496856502,3.805537910315175e-05,8.749661857243813,15.506755138346866,nan,nan,nan
152.04,209.23329162597656,-221.93560791015625,-24.787843704223633,209.93361257703637,-222.42422900873257,-24.79220718785236,0.8539432372567978,0.3514331625623269,0.07858203797341981,3.7211855189856505e-05,8.765963971524963,16.600850573674713,nan,0.006434063395236555,nan
152.05,209.241943359375,-221.9329071044922,-24.788774490356445,209.93943474694703,-222.42760429497287,-24.79318969130134,0.8551251604332638,0.35137105993573026,0.078572947460689,3.793166504264773e-05,9.368329807449165,15.86995775502547,6.512136963704017,nan,nan
152.06,209.25059509277344,-221.93026733398438,-24.789688110351562,209.9481348661064,-222.42492228387965,-24.793415757489168,0.8551369189728997,0.35141664157012464,0.07859495898486658,3.709499710493807e-05,9.1959873275916,15.964457523223578,nan,0.36310053339953513,nan
152.07,209.25924682617188,-221.92767333984375,-24.79058265686035,209.9568331349215,-222.4223003743154,-24.794377945845905,0.8551590294229735,0.3514623082384382,0.07861703406781258,3.7836069226336437e-05,9.16983665326554,15.70466079933322,nan,nan,nan
152.08,209.26788330078125,-221.9251251220703,-24.791460037231445,209.9655300159114,-222.41973606980932,-24.79592609958546,0.8552022418516759,0.35150806005888124,0.07863917259650828,3.700499298561031e-05,9.296003959565493,15.864425443787693,nan,0.22919171234733546,nan
152.09,209.2765350341797,-221.92263793945312,-24.792320251464844,209.97422893129763,-222.41721772627588,-24.796860391108673,0.8552231009960211,0.3515538972022356,0.0786613749627133,3.774391199964313e-05,9.270825541188053,15.962061929302156,nan,nan,nan
152.1,209.28518676757812,-221.92007446289062,-24.79326820373535,209.9722615345696,-222.40876803204137,-24.798180263701013,0.8431591002288956,0.35149176654215497,0.07865221635178864,3.689517196230392e-05,9.241066425923878,15.846359084782936,1.3917056326244197,0.11286551032485123,nan
152.11,209.29383850097656,-221.91744995117188,-24.7943058013916,209.98094488273892,-222.4061574290862,-24.799244039942046,0.8431930769568258,0.3515374136717227,0.07867440656502997,3.7631137678220725e-05,9.207775790981138,16.154597071643074,nan,nan,nan
152.12,209.302490234375,-221.9147491455078,-24.795429229736328,209.98963016066125,-222.40347322514484,-24.799909744781687,0.8432274778070269,0.3515831458863557,0.07869666045372743,3.681177488905907e-05,9.078359144263898,15.79858849087735,nan,0.15102183052583226,nan
152.13,209.31114196777344,-221.9119873046875,-24.79663848876953,209.9983144371609,-222.40072437509906,-24.80114523792216,0.8432616660719624,0.3516289633565719,0.07871897837128225,3.754584854816327e-05,9.04668919820932,16.049917849363357,nan,nan,nan
152.14000000000001,209.31979370117188,-221.90914916992188,-24.797935485839844,210.006999301378,-222.39790682859666,-24.802344126742952,0.843300078253592,0.3516748662009261,0.07874136026178509,3.6731556497443204e-05,9.008375832530398,15.657821869306627,nan,0.009690371592405102,nan
152.15,209.3284454345703,-221.90625,-24.799314498901367,210.02650706158158,-222.39823635891076,-24.803623110011014,0.8540252786595888,0.35161270694146,0.07873213050764126,3.744014280322344e-05,8.861287670373667,15.883458053834495,2.081190939951986,nan,nan
152.16,209.33709716796875,-221.9032745361328,-24.800777435302734,210.03521355763394,-222.39528577781107,-24.804805983858017,0.8540830080620956,0.3516584195209723,0.07875449957528367,3.663177473518185e-05,8.782490478163231,15.427025552882826,nan,0.06011537933695605,nan
152.17000000000002,209.3457489013672,-221.90025329589844,-24.802322387695312,210.04391941765311,-222.39227205195746,-24.80637528048154,0.8541316948016652,0.3517042172878813,0.0787769328619456,3.7361496534626604e-05,8.75158332638389,16.134018078064855,nan,nan,nan
152.18,209.35438537597656,-221.89715576171875,-24.8039493560791,210.0526263436412,-222.38919108538053,-24.80766807699836,0.8541973059788294,0.3517501003611943,0.07879943034423648,3.65578630813278e-05,8.663220032791656,15.850945330318973,nan,0.08338528315494272,nan
152.19,209.363037109375,-221.89398193359375,-24.805654525756836,210.0613321252958,-222.38604866532447,-24.80939855506451,0.8542596885557835,0.3517960689107982,0.07882199232714825,3.72860383556449e-05,8.635499869850726,15.160454443666636,nan,nan,nan
152.20000000000002,209.37168884277344,-221.89076232910156,-24.80744171142578,210.0458499386426,-222.36655096435263,-24.811493667501022,0.8251572134845591,0.35173388041717063,0.07881268795608129,3.646452651026195e-05,8.195695037908806,15.839859835834355,8.346268251968096,0.04780583928176788,nan
152.21,209.38034057617188,-221.88748168945312,-24.809307098388672,210.0545231778174,-222.36324555060855,-24.813388212010402,0.8251606434091763,0.35177965844622344,0.07883523641243599,3.719035189011305e-05,8.166272205945837,15.859858812100533,nan,nan,nan
152.22,209.3889923095703,-221.88414001464844,-24.811248779296875,210.06319998612258,-222.35987018744913,-24.814095228495216,0.8251565249745224,0.35182552171322995,0.07885784928149443,3.6396686036848554e-05,7.9140854221259564,15.651005719229678,nan,1.0459543550706742,nan
152.23,209.39764404296875,-221.88072204589844,-24.813268661499023,210.07187339454615,-222.3564423507214,-24.81613445598461,0.8251686129073069,0.3518714703874618,0.07888052684088799,3.712117986574868e-05,7.887049277244325,14.993179389154918,nan,nan,nan
152.24,209.4062957763672,-221.87725830078125,-24.81536293029785,210.0805455976866,-222.35295689208573,-24.81868351952459,0.8251745255587749,0.35191750458880255,0.07890326910801013,3.633175650602874e-05,7.94260070823534,15.64582461779589,nan,0.12251320426343804,nan
152.25,209.41494750976562,-221.8737335205078,-24.817533493041992,210.0529611022812,-222.33602043353292,-24.820705205320582,0.7878963091344436,0.35185528626069645,0.07889388696713441,3.7031880671686264e-05,8.019989923829895,15.532250143819534,14.408260612303605,nan,nan
152.26,209.42359924316406,-221.87014770507812,-24.81972885131836,210.06156494249137,-222.33240653968213,-24.824358490859854,0.7878482704492766,0.35190112968182,0.07891661500127885,3.6247513442912136e-05,8.313285149204308,15.758823061337422,nan,1.3032833687568925,nan
152.27,209.4322509765625,-221.8665008544922,-24.821916580200195,210.0701723283051,-222.3287262169753,-24.82662745782578,0.7877932019887837,0.3519470584402712,0.07893940791376286,3.6968727709194264e-05,8.29625642159455,15.578316864626407,nan,nan,nan
152.28,209.44090270996094,-221.86280822753906,-24.824079513549805,210.0787774187552,-222.32499224698608,-24.829535465402753,0.7877359832851383,0.35199307265668445,0.07896226574483707,3.618829097661751e-05,8.491712613632197,16.204845043393107,nan,0.2834265254632811,nan
152.29,209.4495391845703,-221.8590545654297,-24.82620620727539,210.08738394413336,-222.32119765476216,-24.83176523212199,0.7876884378211052,0.3520391724992472,0.07898518873806767,3.6908454497579376e-05,8.47956078864135,16.232026938620454,nan,nan,nan
152.3,209.45819091796875,-221.85523986816406,-24.828296661376953,210.09482745528592,-222.3071838245321,-24.83225919809915,0.7807529199702506,0.35197692367160816,0.07897572539987695,3.6109812565572814e-05,7.344065193179635,15.504939411068994,9.233869792530136,1.7744925796548836,nan
152.31,209.4668426513672,-221.8513641357422,-24.830347061157227,210.10344526181606,-222.30324229287407,-24.834398739696617,0.7806876255085764,0.35202283246964544,0.07899863342549918,3.6828115402200566e-05,7.329487232770137,15.252340715327723,nan,nan,nan
152.32,209.47549438476562,-221.84744262695312,-24.83235740661621,210.11206170021723,-222.29924791195535,-24.836878588089533,0.7806192437668391,0.35206882665576644,0.079021606575471,3.605603170985921e-05,7.424632791676341,15.70500282436038,nan,0.09539273091035798,nan
152.33,209.484130859375,-221.84347534179688,-24.834327697753906,210.12067877603482,-222.295197382155,-24.83894455295096,0.7805558066539424,0.3521149063972961,0.07904464507445351,3.677345771018261e-05,7.4103903207532715,16.236900920523844,nan,nan,nan
152.34,209.49278259277344,-221.83944702148438,-24.836259841918945,210.12928978955952,-222.2911032465313,-24.843017548978416,0.7805001113317106,0.3521610718161219,0.0790677489909149,3.600485194860194e-05,8.073246202873946,16.34590390827929,nan,2.7880237077540597,nan
152.35,209.50143432617188,-221.83535766601562,-24.838151931762695,210.146178403932,-222.29161003307564,-24.845083492224358,0.7898792279741592,0.3520987918566705,0.07905820122631092,3.6698763576251985e-05,8.193740198824997,15.996994440453117,0.8484259286212501,nan,nan
152.36,209.51007080078125,-221.8312225341797,-24.840007781982422,210.15480520048192,-222.2874119752552,-24.84755402557793,0.789840615629867,0.3521447659629814,0.0790812894340409,3.59344249646791e-05,8.443341261537064,16.663001969433502,nan,0.1648122747802914,nan
152.37,209.5187225341797,-221.82704162597656,-24.841827392578125,210.1634326797497,-222.28315999803374,-24.849496600911035,0.7897809556360773,0.3521908255531532,0.07910444317550908,3.6649434476556465e-05,8.437737637878238,16.639785900694285,nan,nan,nan
152.38,209.52735900878906,-221.8227996826172,-24.843608856201172,210.1720577610547,-222.2788600588192,-24.85210301812978,0.7897466041087202,0.35223697075002225,0.07912766253466642,3.588829115633895e-05,8.817970184721045,16.82432509887598,nan,0.32837517584296927,nan
152.39000000000001,209.5360107421875,-221.8185272216797,-24.845355987548828,210.18068425092827,-222.27450657020324,-24.85398182113777,0.789680634280214,0.3522832017195262,0.0791509477130706,3.660264744779136e-05,8.81413293914772,17.39002146045866,nan,nan,nan
152.4,209.54464721679688,-221.81417846679688,-24.847068786621094,210.21070168993836,-222.28063220204788,-24.854520248731816,0.8131808978382286,0.35222088993673517,0.07914131212705151,3.582291040447945e-05,8.44856388960377,15.945365695632129,6.3911082818107,1.5734139140711567,nan
152.41,209.5532989501953,-221.80979919433594,-24.84874725341797,210.2193613151553,-222.27619807800406,-24.856320581039544,0.813157025422666,0.352266929321159,0.07916458083179859,3.653579509715471e-05,8.443155960207994,16.442564353180348,nan,nan,nan
152.42000000000002,209.5619354248047,-221.80535888671875,-24.850391387939453,210.22802141654626,-222.27171393451246,-24.857787486282668,0.8131496057108594,0.3523130542409368,0.0791879153497567,3.578154564206669e-05,8.377356422608381,16.105011213946284,nan,0.06096806963313725,nan
152.43,209.57058715820312,-221.80088806152344,-24.85200309753418,210.2366801797342,-222.2671827203191,-24.859519860957878,0.8131218382789572,0.3523592648609925,0.07921131586997783,3.649391514912336e-05,8.371393994809676,16.546704599405004,nan,nan,nan
152.44,209.5792236328125,-221.79635620117188,-24.85358238220215,210.24533832861655,-222.26260382938221,-24.86122088488312,0.8131137592619516,0.3524055613156281,0.07923478251472807,3.722062787332484e-05,8.365929869679038,16.210865947289456,nan,nan,nan
152.45000000000002,209.58786010742188,-221.79177856445312,-24.855131149291992,210.27665337601934,-222.26224416305718,-24.862931491557177,0.8341671844867197,0.35234321704789945,0.07922505582776965,3.793754280653316e-05,8.059781600508265,16.391505639788836,7.91107329161063,nan,nan
152.46,209.59649658203125,-221.7871551513672,-24.856647491455078,210.28534919718604,-222.25757885955983,-24.867442167842437,0.834225938024952,0.3523893216306894,0.07924850520372727,3.7097535245954425e-05,9.572638792635965,17.76025022191931,nan,5.163831005432898,nan
152.47,209.6051483154297,-221.78256225585938,-24.858135223388672,210.29405171489776,-222.25289504444459,-24.869081780162766,0.834218588214275,0.3524355118414114,0.07927202076398981,3.7835593652565846e-05,9.572242043485202,17.678068106118403,nan,nan,nan
152.48,209.61378479003906,-221.7780303955078,-24.85959243774414,210.30275660958102,-222.24824868396146,-24.86950229318452,0.8341975857997265,0.35248178780391176,0.07929560261836543,3.700176397263935e-05,9.031310955704761,17.51631470644533,nan,0.8930009006433745,nan
152.49,209.62242126464844,-221.77357482910156,-24.861019134521484,210.3114579214197,-222.24367172206598,-24.87107302883145,0.8341844423987536,0.35252814968303453,0.07931925094364668,3.77377534064917e-05,9.027252092535496,17.626169580005474,nan,nan,nan
152.5,209.6310577392578,-221.76919555664062,-24.86241912841797,210.30516950062545,-222.24627671495318,-24.873094210099833,0.8259219429219383,0.35246577221519926,0.0793094297833379,3.688697430206637e-05,10.31951136705726,17.53300018787951,18.665077397534322,0.11485870423629414,nan
152.51,209.6396942138672,-221.764892578125,-24.863792419433594,210.31382608910639,-222.24189590341766,-24.874615436371382,0.8258953294754758,0.3525119419527481,0.07933306006640661,3.762010458463892e-05,10.315506312898144,17.23657697693275,nan,nan,nan
152.52,209.64833068847656,-221.76068115234375,-24.865135192871094,210.32248620500678,-222.23759389001395,-24.8744513056877,0.8258439379072956,0.352558197369345,0.0793567568300563,3.6799001227548185e-05,9.531522936664604,16.773263363131946,nan,1.753971177212552,nan
152.53,209.65696716308594,-221.7565460205078,-24.866453170776367,210.33114180781251,-222.23337980650987,-24.875903679412584,0.8258154897909995,0.35260453862853824,0.07938052024271619,3.753033306006373e-05,9.524632156643484,16.4698359716518,nan,nan,nan
152.54,209.6656036376953,-221.7524871826172,-24.86774444580078,210.3398015682251,-222.22924343739086,-24.875505522574482,0.8257721297725995,0.3526509658560878,0.07940435042672024,3.6714744581353504e-05,8.757930836238641,15.489874261570874,nan,2.133590172934487,nan
152.55,209.6742401123047,-221.74851989746094,-24.86901092529297,210.36223755990824,-222.2256658927922,-24.876929509464702,0.8373001210706583,0.3525885545014103,0.07939443148638807,3.742085605332611e-05,8.430164989584297,15.993299949551128,4.528329645354852,nan,nan
152.56,209.68287658691406,-221.74462890625,-24.870250701904297,210.37091996478605,-222.22168819536478,-24.879663014517632,0.8373039154291161,0.35263478930369785,0.07941824282285653,3.661158372016493e-05,9.1467148571563,16.60944047919523,nan,1.214473359654944,nan
152.57,209.69151306152344,-221.74081420898438,-24.87146759033203,210.3796055976663,-222.21778565208695,-24.88101290946911,0.8372957714859852,0.3526811098738071,0.07944212098378982,3.733876511575922e-05,9.139826391020048,16.505922462268142,nan,nan,nan
152.58,209.7001495361328,-221.73707580566406,-24.87265968322754,210.38829159990044,-222.21395951362715,-24.88216318275568,0.8372860248148605,0.35272751633876714,0.07946606609788381,3.653459190144561e-05,9.144606981493702,16.515714012786294,nan,0.020051821478159797,nan
152.59,209.7087860107422,-221.73341369628906,-24.87382698059082,210.39697708463908,-222.21020884401702,-24.88346463354411,0.8372774041156988,0.35277400886024807,0.07949007832404703,3.72603290531464e-05,9.138303029987522,16.583937296803157,nan,nan,nan
152.6,209.71742248535156,-221.72982788085938,-24.874971389770508,210.3908157591644,-222.20475440891556,-24.883857244554196,0.8240707898494688,0.3527115628833619,0.07948005824960362,3.6438751240971685e-05,9.080855248771579,16.247478603357674,4.056508517280752,0.451608511915086,nan
152.61,209.72605895996094,-221.726318359375,-24.8760929107666,210.39947033452438,-222.20115610172184,-24.885104872744478,0.8240357858777472,0.35275786269149406,0.07950405080502591,3.716224583731331e-05,9.07190099769587,16.40534266669039,nan,nan,nan
152.62,209.7346954345703,-221.72286987304688,-24.8771915435791,210.4081229585017,-222.19763034857857,-24.88722878738084,0.8240163137818245,0.35280424832020013,0.079528110491313,3.636865386398889e-05,9.62990493975036,16.61219271391038,nan,0.5262939677601839,nan
152.63,209.7433319091797,-221.719482421875,-24.87826919555664,210.41677744672384,-222.19417232340876,-24.888442625560675,0.8239920468877822,0.3528507199299175,0.07955223746268827,3.709092177051438e-05,9.624155078713665,16.294825700974208,nan,nan,nan
152.64000000000001,209.75196838378906,-221.71617126464844,-24.87932586669922,210.42543357060472,-222.19078104846363,-24.888886734466844,0.8239546194653151,0.35289727764950124,0.07957643185488043,3.6301836464588055e-05,9.325355427705853,16.312555570319464,nan,0.3676530419726027,nan
152.65,209.76060485839844,-221.71292114257812,-24.880359649658203,210.44312249628686,-222.20470495747054,-24.889828825436503,0.8412914547936706,0.3528347963396379,0.07956630732614758,3.699997445313991e-05,10.164392222158822,15.925802651947377,16.688378100667695,nan,nan
152.66,209.7692413330078,-221.70974731445312,-24.88137435913086,210.38142769620904,-222.19993667883801,-24.892550723562938,0.784335812880893,0.3456859032269104,0.07958692248081953,3.621609374881902e-05,16.17360689587329,22.30293707100696,nan,1.6615942778077664,0.6877149150977884
152.67000000000002,209.7778778076172,-221.7066192626953,-24.882368087768555,210.39005401617953,-222.19684145648787,-24.89368763552139,0.784350458518314,0.3457269140479784,0.07961137332506818,3.6935294041086447e-05,16.15291172098648,21.6972263620681,nan,nan,nan
152.68,209.78651428222656,-221.7035675048828,-24.883342742919922,210.39869609829506,-222.19380843209,-24.89411504433346,0.7843588369564289,0.34576800809319147,0.07963588540972562,3.615563386148111e-05,15.851146825335508,21.87909103001362,nan,0.3150907273956072,nan
152.69,209.79515075683594,-221.70057678222656,-24.88429832458496,210.4073228739672,-222.19083733842862,-24.895207584469688,0.7843654288096488,0.345809187030859,0.07966045888134439,3.687388875611273e-05,15.827107571956875,21.876556613573474,nan,nan,nan
152.70000000000002,209.8037872314453,-221.6976318359375,-24.88523292541504,210.4318009639729,-222.19865484720094,-24.895169824013582,0.803445112009826,0.3457424715435656,0.07965014444416586,3.607631783191723e-05,15.753407949585458,21.007903237858976,3.5440210670224586,0.9211051141867251,nan
152.71,209.8124237060547,-221.69476318359375,-24.886150360107422,210.4404453051578,-222.1958269111223,-24.896215835238173,0.8034782522100065,0.34578348321928243,0.07967469193532316,3.679281895222746e-05,15.72833428597879,21.57781852749849,nan,nan,nan
152.72,209.82106018066406,-221.6919403076172,-24.887048721313477,210.44907133983006,-222.19305720967506,-24.898103107587854,0.8035162506265805,0.34582457811562256,0.07969930089908621,3.6021846386306256e-05,16.32685804129951,21.813075097690938,nan,0.4909865820814896,nan
152.73,209.8297119140625,-221.68917846679688,-24.887929916381836,210.45771647252457,-222.1903437339714,-24.899123121622797,0.8035431776294311,0.34586575779986845,0.07972397148084057,3.673757425425668e-05,16.30496655075066,21.739797572739086,nan,nan,nan
152.74,209.83834838867188,-221.6863555908203,-24.888900756835938,210.4663910264493,-222.18762387938222,-24.898821834114784,0.803620482416023,0.34590702101818344,0.07974870382438454,3.597021831924177e-05,15.596771179243074,21.49118619996413,nan,1.2312582684208293,nan
152.75,209.84698486328125,-221.68345642089844,-24.889957427978516,210.44898943985578,-222.17867242199938,-24.90008789191733,0.7795838789140671,0.34584040589903237,0.07973828497881953,3.666263403306677e-05,16.253316605047225,21.38125024681245,14.671399046933399,nan,nan
152.76,209.85562133789062,-221.6804962158203,-24.891103744506836,210.4575742612182,-222.17582032359556,-24.901325085796312,0.7796138592044966,0.3458815017235698,0.07976299074067815,3.5899656009822876e-05,16.331558347438495,21.603298203089615,nan,0.00011893072082936355,nan
152.77,209.86427307128906,-221.67745971679688,-24.892333984375,210.4661596709388,-222.1729026509809,-24.90263652984554,0.7796392257409526,0.34592268223212475,0.07978775834825676,3.661317211100379e-05,16.289634749087874,21.078497486893074,nan,nan,nan
152.78,209.87290954589844,-221.6743621826172,-24.893648147583008,210.47474536704664,-222.1699201176522,-24.904038847706378,0.7796742840714601,0.3459639462680412,0.07981258794590183,3.585348994435558e-05,16.36999856639615,21.479010090840244,nan,1.2865257887665673e-05,nan
152.79,209.8815460205078,-221.6712188720703,-24.895048141479492,210.48333124818203,-222.1668735700958,-24.905522341959905,0.7796978573763904,0.34600529525334855,0.07983747967819209,3.6566451715446856e-05,16.32492141543458,22.02158227536634,nan,nan,nan
152.8,209.89019775390625,-221.66799926757812,-24.896530151367188,210.492446902042,-222.17075423260073,-24.906515264943494,0.7845803297166175,0.3459387781560478,0.07982695376171303,3.578833897396166e-05,16.894176117359116,21.417412912468432,6.656757017300494,0.16687061231104114,nan
152.81,209.89883422851562,-221.66470336914062,-24.898096084594727,210.5010151319496,-222.1676054371258,-24.908160272438757,0.7846232333555199,0.3459799595583106,0.07985181829471269,3.6499927214313024e-05,16.85371848764516,21.09951454059117,nan,nan,nan
152.82,209.907470703125,-221.66136169433594,-24.899742126464844,210.50959103774022,-222.1643949906602,-24.909512955703946,0.7846571631432628,0.3460212244786407,0.0798767450423099,3.5747283261053836e-05,16.717914358422078,21.47129095508349,nan,0.09496355979183371,nan
152.83,209.91612243652344,-221.657958984375,-24.901466369628906,210.5181594299597,-222.16112338088922,-24.9113183165713,0.7846782858240987,0.346062574246126,0.07990173414902145,3.6458450894479186e-05,16.678820884769653,21.307917998211188,nan,nan,nan
152.84,209.9247589111328,-221.6544952392578,-24.90327262878418,210.5267524284135,-222.15779153182362,-24.911947463280857,0.7847156209175332,0.3461040078430358,0.07992678575929237,3.5708648794198234e-05,16.09264782464032,20.835872732474066,nan,1.0708470666676444,nan
152.85,209.9333953857422,-221.65097045898438,-24.905155181884766,210.52686082768585,-222.1507571325913,-24.913976456764157,0.7759289689056403,0.34603758894962233,0.07991615009748171,3.639710372105334e-05,16.127987117890896,20.869413140455016,0.9843420256198461,nan,nan
152.86,209.94204711914062,-221.64739990234375,-24.907115936279297,210.53543221403626,-222.14730122134608,-24.915056620327668,0.7759318617299675,0.34607885481284334,0.07994117387506763,3.565090002572319e-05,15.726918344875624,20.727884281575143,nan,0.6182881704802803,nan
152.87,209.95068359375,-221.6437530517578,-24.90915298461914,210.5439851067414,-222.143786742662,-24.917158673971084,0.7759539086950568,0.34612020542194816,0.07996626023284138,3.636051458772248e-05,15.690462477257356,20.286004708233424,nan,nan,nan
152.88,209.95932006835938,-221.6400604248047,-24.911266326904297,210.5525490238381,-222.1402149008994,-24.918748034374357,0.775971049410112,0.346161639847567,0.07999140931494274,3.561687691547727e-05,15.46762716809785,20.433746566177394,nan,0.23690484034575862,nan
152.89000000000001,209.96795654296875,-221.6363067626953,-24.913454055786133,210.56110150081327,-222.13658585967772,-24.920997412844166,0.7759877693170253,0.34620315928666046,0.08001662126633338,3.6326237411175345e-05,15.43115523988059,20.280688069507587,nan,nan,nan
152.9,209.9766082763672,-221.6324920654297,-24.915666580200195,210.56235349487554,-222.12434250783053,-24.92438086406038,0.7649119278966036,0.346136836375776,0.08000587317334153,3.556366243584872e-05,15.384892139555685,20.336388568443173,4.727677963358752,1.067192340189567,nan
152.91,209.98524475097656,-221.62863159179688,-24.917869567871094,210.57090703255884,-222.12057858049022,-24.926698580241954,0.7649118244687073,0.3461781878778139,0.08003105664320949,3.6271938923580404e-05,15.366131096084422,20.790420210495064,nan,nan,nan
152.92000000000002,209.99388122558594,-221.6247100830078,-24.920045852661133,210.57945123093387,-222.11675957020063,-24.929494523810394,0.7649145092076483,0.34621962318065036,0.08005630305452366,3.553392188963602e-05,15.697700736665867,20.915807286191516,nan,0.1679415041096438,nan
152.93,210.0025177001953,-221.62074279785156,-24.92218589782715,210.58800402399245,-222.1128867552276,-24.931770422864478,0.7649129187400586,0.34626114339770003,0.0800816125528233,3.6242045989528696e-05,15.68728776686642,21.19206864586743,nan,nan,nan
152.94,210.01116943359375,-221.61671447753906,-24.92428970336914,210.5965882149538,-222.1089616660635,-24.93221969721285,0.7649087063053129,0.34630274772453246,0.08010698528140721,3.550620575119793e-05,14.892664850446081,19.954414202570554,nan,2.199437126167862,nan
152.95000000000002,210.01980590820312,-221.61264038085938,-24.926353454589844,210.62991991830575,-222.11939036882413,-24.93437917902989,0.7931576563827426,0.3462365206547163,0.08009612206294552,3.6192044284697764e-05,15.292880993792174,20.367990386249,6.083784524365506,nan,nan
152.96,210.0284423828125,-221.60850524902344,-24.928377151489258,210.63852114348055,-222.11538792156804,-24.93562546637347,0.7932078391020106,0.3462779568752025,0.08012146564552039,3.545913913850507e-05,14.963885226446127,19.75995420344459,nan,0.5554622652609953,nan
152.97,210.03707885742188,-221.6043243408203,-24.930360794067383,210.647106281084,-222.11133302771708,-24.937722775296923,0.7932499385290028,0.34631947791178047,0.08014687252931976,3.616620646449696e-05,14.949305459148436,19.936969867489253,nan,nan,nan
152.98,210.04571533203125,-221.60009765625,-24.93230438232422,210.6557179846727,-222.10722839163435,-24.938208909498616,0.793296717781071,0.34636108303857044,0.08017234285687688,3.543524452961742e-05,14.402498509146053,19.56743969474744,nan,1.7028442974342701,nan
152.99,210.05435180664062,-221.59580993652344,-24.93421173095703,210.66430220841139,-222.10307189937475,-24.94021419870343,0.7933411757844975,0.34640277325148333,0.08019787677485127,3.6142282629728236e-05,14.384687968202918,19.182743882262486,nan,nan,nan
153.0,210.06298828125,-221.5914764404297,-24.936079025268555,210.67817142642323,-222.10270251592107,-24.94080794607541,0.7998904706642944,0.34633663990988,0.08018689572622482,3.539190867556535e-05,14.186938826830644,19.005152885221918,0.5992138249077718,1.430485292884548,nan
153.01,210.07162475585938,-221.58709716796875,-24.937910079956055,210.68675998242318,-222.0984552292039,-24.942726509624922,0.799938504976868,0.34637816179964354,0.08021239981900447,3.6098077534384856e-05,14.166410876313735,19.085442212781857,nan,nan,nan
153.02,210.08026123046875,-221.58265686035156,-24.9397029876709,210.69537133909674,-222.09416093642542,-24.943199640687464,0.8000056825790858,0.34641976775714445,0.08023796756543954,3.537153536849542e-05,13.839581882699008,18.384936181923372,nan,1.3731524070972416,nan
153.03,210.08889770507812,-221.57818603515625,-24.94146156311035,210.7039592838366,-222.08981712546708,-24.945033317366367,0.800049920733696,0.34646145870483464,0.08026359911307694,3.607775039969052e-05,13.815768578813769,18.910099082599185,nan,nan,nan
153.04,210.09751892089844,-221.5736541748047,-24.943185806274414,210.71254648243,-222.085425477545,-24.946848532487127,0.8001138564699963,0.34650323402673655,0.08028929460315314,3.5352822703385495e-05,13.81066689241629,18.669369944809013,nan,0.00017454343050382913,nan
153.05,210.1061553955078,-221.569091796875,-24.944873809814453,210.71175374664784,-222.07568333730092,-24.948696333306327,0.7895561812945757,0.3464371939794948,0.0802781930174056,3.603704543482439e-05,13.699795631819399,19.01553762168286,1.1485262818031052,nan,nan
153.06,210.1147918701172,-221.56446838378906,-24.946529388427734,210.72035116575483,-222.0711896381922,-24.94885949177507,0.7896036471411912,0.34647880079064325,0.0803038579877863,3.531449666010949e-05,13.417664429289827,18.250811791876835,nan,1.7122640747769036,nan
153.07,210.12342834472656,-221.55979919433594,-24.948150634765625,210.7289233267991,-222.066648261525,-24.9505464187663,0.7896365556421626,0.34652049249725253,0.08032958696666137,3.60200182368679e-05,13.392910588386794,18.24510718512833,nan,nan,nan
153.08,210.13206481933594,-221.5550994873047,-24.94974136352539,210.73749438980042,-222.06206150482993,-24.952235070259356,0.7896592116725678,0.3465622685516693,0.08035538009431598,3.529888939292207e-05,13.377823391381225,18.69737946642207,nan,0.0007655861653502363,nan
153.09,210.14068603515625,-221.5503387451172,-24.9512996673584,210.74606544411196,-222.0574297860686,-24.95385991703107,0.7897038099687453,0.34660412977410243,0.08038123751969022,3.600454502607616e-05,13.352896409181263,18.349312792702563,nan,nan,nan
153.1,210.14932250976562,-221.54554748535156,-24.95282554626465,210.74198763090254,-222.03871956386436,-24.954241046699952,0.7710205240318537,0.34653818099865225,0.08037001267848264,3.526357394530535e-05,12.31790782532173,18.284075464912945,7.9550811720566825,1.060523769603071,nan
153.11,210.15794372558594,-221.5406951904297,-24.954322814941406,210.7505561022261,-222.03396309348693,-24.955793919759554,0.7710413849353319,0.34657987348062935,0.08039583887557225,3.596851459049715e-05,12.289992752156015,17.82922456694635,nan,nan,nan
153.12,210.1665802001953,-221.53585815429688,-24.95578956604004,210.75911639235125,-222.02918178491146,-24.95783724358196,0.7710198029368129,0.34662165028110703,0.08042172942426391,3.5250804043310064e-05,12.314194269270912,18.373573524449426,nan,0.1878055767534028,nan
153.13,210.17520141601562,-221.5310516357422,-24.95722770690918,210.76768362738878,-222.02442156506353,-24.959337588076988,0.7710081125064205,0.3466635121570865,0.08044768447446843,3.5955933005531284e-05,12.282853160985049,18.004763468589168,nan,nan,nan
153.14000000000001,210.183837890625,-221.5263214111328,-24.958635330200195,210.7762333108376,-222.01971736685908,-24.961997608253988,0.7709625204441592,0.34670545865551955,0.08047370416505038,3.523936916323408e-05,12.442540613534971,18.23071225606326,nan,0.9822504053816168,nan
153.15,210.1924591064453,-221.52166748046875,-24.96001625061035,210.78652841437332,-222.0154846734276,-24.963638273947673,0.7725198261124991,0.3466396004577639,0.08046235335517132,3.59226972019674e-05,12.43781788159346,18.246904440753454,1.5915433871720595,nan,nan
153.16,210.2010955810547,-221.51710510253906,-24.96137046813965,210.79509152454958,-222.0109410668206,-24.965523304516296,0.7724780816024731,0.3466813780102918,0.08048834109403372,3.520805343602005e-05,12.524575515825259,18.316251234977052,nan,0.1421369508275575,nan
153.17000000000002,210.209716796875,-221.51263427734375,-24.962696075439453,210.80366046210796,-222.00648514181407,-24.966935265986013,0.7724478782059848,0.346723240546986,0.08051439353469333,3.591274545808148e-05,12.496260518888505,18.646223736609006,nan,nan,nan
153.18,210.2183380126953,-221.50823974609375,-24.96399688720703,210.81223794560663,-222.00211793813673,-24.967669657549678,0.7724288239894335,0.3467651876729589,0.08054051081506235,3.519908933273645e-05,12.341497264327751,18.073952045224317,nan,0.2967267687311578,nan
153.19,210.2269744873047,-221.50393676757812,-24.965269088745117,210.8208062044712,-221.99783679283735,-24.96902438024694,0.7723907336822897,0.34680722005814696,0.0805666930864473,3.5904029460674914e-05,12.313795509185075,18.081718569208245,nan,nan,nan
153.20000000000002,210.235595703125,-221.49972534179688,-24.96651840209961,210.8259464968686,-221.9881679716017,-24.97069914531611,0.7662295614880706,0.34674145048708666,0.08055521358156123,3.5170152627198454e-05,12.006082202727772,18.464277621932467,1.597632089650749,0.07151125295364878,nan
153.21,210.2442169189453,-221.49559020996094,-24.967742919921875,210.8345175267356,-221.98404174000737,-24.97200871092794,0.7661970384536776,0.3467833136841998,0.08058136316422729,3.587448404364276e-05,11.97870295209339,18.170613431739604,nan,nan,nan
153.22,210.2528533935547,-221.49154663085938,-24.96894073486328,210.84312650329767,-221.9800032817265,-24.970317536778374,0.7661684798042145,0.3468252614345967,0.08060757778246203,3.516342523675642e-05,11.487654684702385,17.870607571700805,nan,6.199206616766671,nan
153.23,210.261474609375,-221.48756408691406,-24.970117568969727,210.851697051904,-221.97604128553263,-24.971550746485807,0.7661426494021522,0.34686729435499003,0.08063385758847826,3.586804239790439e-05,11.454750389865236,17.295055635522065,nan,nan,nan
153.24,210.2700958251953,-221.48367309570312,-24.971269607543945,210.86025879233102,-221.97215796951565,-24.97347071617498,0.7661035469186068,0.3469094121301877,0.08066020271886057,3.5157748062451944e-05,11.497990081737116,17.808529087114557,nan,0.35233345301105945,nan
153.25,210.2787322998047,-221.4798583984375,-24.97239875793457,210.8653144958707,-221.96804074167554,-24.974605891515054,0.7631549937133714,0.34684373026343857,0.08064859180532533,3.5840680108428426e-05,11.603677354376694,17.578886272087875,0.5026926814687359,nan,nan
153.26,210.287353515625,-221.47613525390625,-24.9735050201416,210.8738735898568,-221.96431480695037,-24.97601405157947,0.7631063941063448,0.3468856786278458,0.0806749034957041,3.513193399651277e-05,11.608694979313768,18.355712682502958,nan,0.0390414084335149,nan
153.27,210.2959747314453,-221.47247314453125,-24.97458839416504,210.8824355393729,-221.96066433362262,-24.977167252132677,0.7630685204160434,0.34692771207411144,0.08070128056712098,3.583628685531933e-05,11.578329860024967,17.869246740274953,nan,nan,nan
153.28,210.30459594726562,-221.4688720703125,-24.975650787353516,210.89099429943403,-221.95708693497997,-24.97857897915533,0.7630369295226285,0.34696983033548684,0.08072772315532313,3.5128177804524264e-05,11.601407063769498,17.477818842043973,nan,0.05468999378480392,nan
153.29,210.313232421875,-221.46536254882812,-24.976694107055664,210.8995565960452,-221.95358232526104,-24.979693839529972,0.7629833456317858,0.3470120339561409,0.08075423141375143,3.5832854361244456e-05,11.571887165682721,17.94266074712341,nan,nan,nan
153.3,210.3218536376953,-221.4619140625,-24.97771453857422,210.91754664233972,-221.95689740165125,-24.97887649333628,0.7745063020779521,0.3469464378961197,0.0807424863631132,3.51042008817614e-05,11.60740647668604,17.63354366497653,1.2795350832846417,2.4469333288435635,nan
153.31,210.33047485351562,-221.45852661132812,-24.978713989257812,210.92611966400366,-221.9535476608455,-24.979932196456147,0.7744934239587713,0.34698847185169585,0.08076896041716074,3.580833788159924e-05,11.575334153325487,17.356733913678276,nan,nan,nan
153.32,210.339111328125,-221.45521545410156,-24.97969627380371,210.93469000212013,-221.9502656017302,-24.981220308250393,0.774461702259013,0.3470305905800112,0.0807955001769773,3.5102165728883664e-05,11.564952516677842,17.422849014564708,nan,0.04445498671256373,nan
153.33,210.3477325439453,-221.45196533203125,-24.980655670166016,210.9432632888197,-221.9470506932452,-24.98224047406872,0.7744474769681916,0.34707279458139323,0.08082210579675693,3.580665133653731e-05,11.533823501963596,17.490797399048148,nan,nan,nan
153.34,210.3563690185547,-221.44879150390625,-24.981597900390625,210.95180778750193,-221.9438960588148,-24.985929400474443,0.7743995155922961,0.347115083654768,0.08084877741114226,3.510093737179111e-05,11.962756003694448,18.113127950814818,nan,5.068800748379084,nan
153.35,210.364990234375,-221.4456787109375,-24.982521057128906,210.91745868142732,-221.92804975795505,-24.98688248344681,0.7334318196183862,0.34704957228159544,0.08083689551471528,3.578379943920153e-05,12.53029945361363,18.578848690631936,25.239496194125643,nan,nan
153.36,210.37362670898438,-221.44261169433594,-24.983427047729492,210.9259368579924,-221.92501576530367,-24.988628047631803,0.7333397839906846,0.34709169145057195,0.08086353214667527,3.507933825079715e-05,12.736903612001166,18.08867112669607,nan,0.3993689761534679,nan
153.37,210.3822479248047,-221.4394989013672,-24.984418869018555,210.9344234090537,-221.92198208062624,-24.989663338373358,0.7332907255191193,0.3471338958073335,0.08089023482483859,3.5783668043079506e-05,12.70531676150263,18.90002570551296,nan,nan,nan
153.38,210.39088439941406,-221.43630981445312,-24.98550033569336,210.94291041679233,-221.91888467006004,-24.99078776805763,0.7332388233499033,0.3471761853386608,0.08091700368850822,3.6502327314459374e-05,12.675412888845639,18.269882636130276,nan,nan,nan
153.39000000000001,210.39950561523438,-221.43307495117188,-24.98666763305664,210.95139785720704,-221.9157243652002,-24.99200036479512,0.7331875214699767,0.347218560189054,0.08094383888218437,3.723546056513675e-05,12.643769330944888,18.999906107273883,nan,nan,nan
153.4,210.40814208984375,-221.4297637939453,-24.9879207611084,210.9520618176688,-221.9098685416515,-24.994916731299373,0.7255330334906948,0.34715313163035894,0.08093181741490964,3.642234318963548e-05,13.300898347343617,19.06416100660456,0.9896828519708274,1.538132086472911,nan
153.41,210.41676330566406,-221.4263916015625,-24.989259719848633,210.96053478522768,-221.90658187922128,-24.99631972759632,0.7254791302678643,0.34719533631023264,0.08095861683547054,3.715321060839703e-05,13.270755338982276,19.151458316299024,nan,nan,nan
153.42000000000002,210.42539978027344,-221.42295837402344,-24.990680694580078,210.96900258707075,-221.90323342905592,-24.998372189608244,0.7254152597927149,0.3472376259575486,0.08098548261799639,3.636725204951363e-05,13.52868589783836,19.320468164432025,nan,0.2078522151504463,nan
153.43,210.4340362548828,-221.4194793701172,-24.992185592651367,210.9774759164651,-221.8998260512513,-24.99995038866303,0.7253412244690922,0.3472800009990476,0.08101241491900835,3.7096864589409674e-05,13.498668541150785,19.771270168279344,nan,nan,nan
153.44,210.44265747070312,-221.41592407226562,-24.993772506713867,210.9859646883536,-221.89636257848306,-24.99995642414294,0.7252876200806848,0.3473224613061199,0.08103941387089317,3.6314196846131265e-05,12.898944537957677,18.70277602148703,nan,1.7949670313069535,nan
153.45000000000002,210.4512939453125,-221.41232299804688,-24.995439529418945,210.98279133665747,-221.89707739184638,-25.001543842166065,0.7193841546410024,0.3472571142962819,0.08102725013496034,3.701916300329035e-05,13.78172336249864,19.429642884268315,11.3612765219961,nan,nan
153.46,210.45993041992188,-221.40866088867188,-24.99718475341797,210.9912250049619,-221.8935158682226,-25.00328170559275,0.7193020645833155,0.34729940417848404,0.08105421251004269,3.624066690627853e-05,13.774134386770005,19.355492190613088,nan,0.0030327133173509617,nan
153.47,210.4685516357422,-221.40493774414062,-24.999011993408203,210.99965813878424,-221.8898969168447,-25.00516710622046,0.7192338994910507,0.34734177937022354,0.0810812415828237,3.6967078209542263e-05,13.746251605411686,19.242118790436095,nan,nan,nan
153.48,210.47718811035156,-221.40115356445312,-25.00091552734375,211.0081029253148,-221.88622403804658,-25.005789440399177,0.7191576045124594,0.34738423977769023,0.08110833748533261,3.6191669531067774e-05,13.35192220069366,18.651408640910212,nan,1.1884343814748246,nan
153.49,210.48582458496094,-221.39732360839844,-25.00289535522461,211.01653579991748,-221.88249246680203,-25.007819325067814,0.7190740297940907,0.3474267857754755,0.08113550037461277,3.691704901721467e-05,13.325462378911002,18.988666306993256,nan,nan,nan
153.5,210.49444580078125,-221.3934326171875,-25.004953384399414,211.02484097302363,-221.8783404473295,-25.00748743421898,0.7186522551829405,0.34736151845676305,0.08112319165436643,3.612232327504569e-05,12.819296365925018,18.361555299383273,0.08810086337310946,4.083505913384543,nan
153.51,210.50308227539062,-221.38949584960938,-25.0070858001709,211.03327409406594,-221.8744975243394,-25.009647902156896,0.7185656222278954,0.3474038937511344,0.08115031715090118,3.6845831004368044e-05,12.79258057217578,18.58403355485078,nan,nan,nan
153.52,210.51170349121094,-221.385498046875,-25.009292602539062,211.04171875670264,-221.87060338170457,-25.010447641643143,0.7185017060868235,0.34744635420883413,0.0811775096526412,3.607725446001601e-05,12.62435585786674,18.295213152769435,nan,1.370065930155349,nan
153.53,210.5203399658203,-221.38145446777344,-25.011524200439453,211.05015157832358,-221.8666529939623,-25.012719670376157,0.7184144929687385,0.3474889001740113,0.08120476931688693,3.679987288279912e-05,12.59911574100772,18.39604378636103,nan,nan,nan
153.54,210.52896118164062,-221.37734985351562,-25.013742446899414,211.05858393317828,-221.86264988046685,-25.014998889485454,0.7183438965795905,0.3475315316913636,0.08123209628172987,3.753697929403912e-05,12.575454583737562,18.261232451537655,nan,nan,nan
153.55,210.53759765625,-221.37319946289062,-25.01593589782715,211.0614081034444,-221.85083931907417,-25.017377260150404,0.7088859529785964,0.3474663426474886,0.08121963989393802,3.8263739578754314e-05,12.072607061581069,18.21758514290544,2.8594496186819693,nan,nan
153.56,210.5462188720703,-221.36898803710938,-25.01809310913086,211.0698430244144,-221.84671299278725,-25.019308986943624,0.708805237392018,0.34750880309150617,0.08124692863080116,3.7407083209078296e-05,12.030949835777518,17.97088873030282,nan,0.05604816123674001,nan
153.57,210.5548553466797,-221.36473083496094,-25.02021026611328,211.0782750320799,-221.84253522192233,-25.02150342719913,0.7087078887169187,0.34755134896823353,0.08127428470298764,3.815523352225062e-05,12.008598918696961,18.062379950681745,nan,nan,nan
153.58,210.5634765625,-221.3604278564453,-25.022289276123047,211.08671365373957,-221.83830919061057,-25.022701321762938,0.7086238727096484,0.34759398024210947,0.08130170824097258,3.730495876798437e-05,11.941652936975064,18.21301903558837,nan,0.5693999246292946,nan
153.59,210.57211303710938,-221.3560791015625,-25.02432632446289,211.0951447611884,-221.83403126931503,-25.024809262563124,0.7085200718975012,0.347636697230758,0.08132919940327485,3.8050624667993476e-05,11.915871763315122,18.288191633856826,nan,nan,nan
153.6,210.5807342529297,-221.35166931152344,-25.026325225830078,211.12529111499936,-221.83063494655656,-25.026612945734843,0.7252243365694425,0.3475715846142701,0.08131659264749586,3.718303998292329e-05,11.114337987176501,17.404625716282666,12.785976022923045,0.06152245768587961,nan
153.61,210.58937072753906,-221.34722900390625,-25.028284072875977,211.1337765014379,-221.82624729297603,-25.02864084134381,0.7251457061870176,0.3476141303401329,0.0813440447487344,3.7925420667257756e-05,11.087075943734792,17.915889235883707,nan,nan,nan
153.62,210.59799194335938,-221.3427276611328,-25.030202865600586,211.14226177036073,-221.82181156709265,-25.030588057742552,0.7250870167826831,0.347656761406555,0.08137156448461343,3.708838240613615e-05,11.059978840106924,17.580037533068502,nan,0.0011266619986520922,nan
153.63,210.6066131591797,-221.3381805419922,-25.03208351135254,211.15074627353897,-221.81732823944134,-25.032539702307417,0.7250265996660693,0.3476994781058142,0.08139915201359346,3.7828568037192666e-05,11.033661058949322,17.619451618554,nan,nan,nan
153.64000000000001,210.615234375,-221.33358764648438,-25.03392791748047,211.15922282238873,-221.812795610432,-25.035591298803748,0.724959633662908,0.34774228044038363,0.08142680746623948,3.699729982140686e-05,11.075104920519683,17.66556494478441,nan,0.8146984709598186,nan
153.65,210.62387084960938,-221.32894897460938,-25.035734176635742,211.16970297668243,-221.81714538652255,-25.037543414414007,0.7323057564237337,0.34767724272323136,0.08141404767940214,3.771133048855466e-05,11.82939936739423,17.801922689103872,5.145445914775785,nan,nan
153.66,210.6324920654297,-221.3242645263672,-25.037506103515625,211.1691852733667,-221.8182424422027,-25.03795269702088,0.729420304231157,0.34654731868925753,0.08097267158430022,3.6886439545603466e-05,17.11977783315186,23.17006778174815,nan,1.3195054459403088,0.069035818145001
153.67000000000002,210.64111328125,-221.3195343017578,-25.039241790771484,211.17764753311874,-221.81361639624194,-25.039759367960187,0.7293739695138028,0.3465880376922763,0.08099783467755263,3.762168750915908e-05,17.082204522704,23.148643555226798,nan,nan,nan
153.68,210.6497344970703,-221.31475830078125,-25.04094123840332,211.1861171583358,-221.80894300753485,-25.04114714345574,0.7293318353755607,0.34662883996859384,0.08102305903391517,3.680244209330825e-05,17.03715239418766,23.114872976109766,nan,0.09432945591695595,nan
153.69,210.65835571289062,-221.30995178222656,-25.04261016845703,211.1945782896269,-221.80422821110767,-25.042882504408826,0.7292762947717486,0.3466697269826388,0.08104834495458077,3.753587860617546e-05,16.99712687069147,23.478514474347843,nan,nan,nan
153.70000000000002,210.66697692871094,-221.30508422851562,-25.04424285888672,211.23433880149307,-221.8153733117922,-25.046447843742325,0.7630853852330721,0.3466005032536198,0.08103723976504851,3.669906361048399e-05,17.36551052476662,22.886556768116826,9.847974413177159,2.5947161794164417,nan
153.71,210.67559814453125,-221.30018615722656,-25.04584503173828,211.24284796812412,-221.8105998814883,-25.048135812178288,0.76308569633816,0.3466412234236885,0.08106249584915738,3.7429885469810766e-05,17.333538693159507,23.22987123990963,nan,nan,nan
153.72,210.68421936035156,-221.2952423095703,-25.047412872314453,211.25138943535282,-221.80577228278932,-25.04812447847674,0.763101077128884,0.3466820268785596,0.08108781343346283,3.662185069662814e-05,17.167912803347164,23.045528738250947,nan,1.7910747058581662,nan
153.73,210.69284057617188,-221.29025268554688,-25.048952102661133,211.2598978060676,-221.80091367699077,-25.049733840542252,0.763104947745465,0.34672291495281865,0.08111319280579109,3.7351098953110654e-05,17.131702914521092,22.819705418028136,nan,nan,nan
153.74,210.7014617919922,-221.28521728515625,-25.050458908081055,211.26840329538908,-221.7960142883265,-25.051428483278887,0.7631102061941565,0.34676388663176905,0.0811386339701004,3.6547879150312595e-05,17.102938977562925,22.715358672002978,nan,0.008599668631039701,nan
153.75,210.7100830078125,-221.2801513671875,-25.051937103271484,211.2641501093124,-221.77381716385486,-25.0529568799597,0.7420898272501837,0.34669479645121976,0.0811274193280886,3.725223657759746e-05,15.599778481203867,22.620660166555325,18.116203505470626,nan,nan
153.76,210.7187042236328,-221.27505493164062,-25.05338478088379,211.27265561599523,-221.76879656421107,-25.05519156445057,0.7420553950349349,0.3467356011904497,0.08115283005448068,3.6454648003499127e-05,15.619195153220591,22.70683369558725,nan,0.3300142655244623,nan
153.77,210.72731018066406,-221.26998901367188,-25.0548038482666,211.2811737010014,-221.76377308790404,-25.056692341960698,0.7420182460925143,0.3467764904347955,0.08117830278945291,3.718015398316793e-05,15.578985169190947,22.695675514330745,nan,nan,nan
153.78,210.73593139648438,-221.26498413085938,-25.056194305419922,211.2896982274765,-221.75879826410014,-25.057776186569072,0.7419653655281669,0.3468174632871332,0.08120383754940892,3.638702502032203e-05,15.504998996728592,22.231076766441582,nan,0.09894015420136873,nan
153.79,210.7445526123047,-221.26007080078125,-25.05755615234375,211.29821497849602,-221.7539010035094,-25.05921874588708,0.7418982740783356,0.34685852090512814,0.08122943460432945,3.7111268822742215e-05,15.461956136864094,22.547324995559567,nan,nan,nan
153.8,210.75315856933594,-221.2552490234375,-25.05889320373535,211.3044377807536,-221.74610568256833,-25.059377173172987,0.7381390539598729,0.3467895620146213,0.08121810776444162,3.630020575135243e-05,15.132265307836633,22.59519427079399,0.5966106076636739,1.120172411847048,nan
153.81,210.76177978515625,-221.25050354003906,-25.06020164489746,211.31295518929483,-221.74137735039014,-25.060755349884996,0.7380729844704514,0.34683045252988165,0.08124367375741075,3.7022378146639455e-05,15.086572449760993,21.857724516115,nan,nan,nan
153.82,210.77040100097656,-221.24586486816406,-25.061485290527344,211.32148186663412,-221.73673756924666,-25.061541734940203,0.7380014446787838,0.34687142665101806,0.08126930200444571,3.6238622620999795e-05,15.029184044271409,22.32070710845148,nan,0.2110378161986469,nan
153.83,210.7790069580078,-221.24131774902344,-25.062742233276367,211.32999838505313,-221.73219299386324,-25.062864256924577,0.7379363614592652,0.34691248542960895,0.08129499276398398,3.695972535479082e-05,14.979633977523141,22.520851220940227,nan,nan,nan
153.84,210.78762817382812,-221.2368621826172,-25.063974380493164,211.33850214494097,-221.72774360308736,-25.064906089457086,0.737853352024676,0.34695362812821146,0.0813207460690159,3.6179918879991634e-05,14.954236011974057,22.379876381814704,nan,0.3647633045756878,nan
153.85,210.79623413085938,-221.23248291015625,-25.065181732177734,211.3513120385984,-221.7340206288175,-25.066208118408518,0.7480993385697801,0.3468848002751779,0.0813093045299515,3.687710155147993e-05,16.02216561628266,22.373528773174797,9.838430473187888,nan,nan
153.86,210.8048553466797,-221.2281951904297,-25.06636619567871,211.35983352457765,-221.7297676006984,-25.066041739458225,0.7480479703585586,0.34692577575183764,0.08133502614011297,3.610203452964906e-05,15.950162768557687,22.28712676776282,nan,1.346255440898804,nan
153.87,210.8134765625,-221.2239990234375,-25.06752586364746,211.36833163442085,-221.72560902142916,-25.067263709436553,0.7479818244090729,0.3469668357811791,0.08136081047714543,3.682035308456524e-05,15.90216538549322,22.52167256594454,nan,nan,nan
153.88,210.82208251953125,-221.21987915039062,-25.06866455078125,211.37682840105518,-221.72153535842963,-25.068547237324534,0.7479317869259767,0.34700797972117303,0.08138665758470018,3.6048917326435926e-05,15.854000686728366,22.345449315411063,nan,0.004673530370989617,nan
153.89000000000001,210.83070373535156,-221.21585083007812,-25.069778442382812,211.3853265452354,-221.71754401816227,-25.069725919560884,0.7478653080415688,0.3470492084798206,0.08141256770586106,3.6766414798886476e-05,15.806867560185696,22.561084160625498,nan,nan,nan
153.9,210.8393096923828,-221.21189880371094,-25.07086944580078,211.425099141767,-221.7352718648821,-25.069648333796312,0.785538115742333,0.34698050955561366,0.08140100873125461,3.597662353411874e-05,16.802592384325056,22.811612202126934,12.657727883802364,0.9812349103039851,nan
153.91,210.84793090820312,-221.20802307128906,-25.071941375732422,211.4336302327661,-221.7314884492192,-25.070772277325954,0.785532346549867,0.3470215709170343,0.08142688650350279,3.669248259562337e-05,16.75395292432929,22.445892981619135,nan,nan,nan
153.92000000000002,210.85653686523438,-221.2042236328125,-25.07299041748047,211.44218607114993,-221.7277742238713,-25.070258810908502,0.7855556475909359,0.3470627161749465,0.08145282726741339,3.592878087330939e-05,16.879344317168513,22.809965703842938,nan,1.74989077660037,nan
153.93,210.8651580810547,-221.20050048828125,-25.074018478393555,211.45071795531473,-221.7241451424947,-25.07132626290449,0.7855516139974544,0.34710394615188594,0.0814788312562659,3.6643972061135105e-05,16.82533593051203,22.641745914002012,nan,nan,nan
153.94,210.873779296875,-221.1968536376953,-25.07502555847168,211.45923246560207,-221.7205973311259,-25.073575711746518,0.7855348313323918,0.34714526033447196,0.08150489852785942,3.588344718684504e-05,16.641876377194734,22.578584899328916,nan,0.9690007527088603,nan
153.95000000000002,210.88238525390625,-221.1932830810547,-25.076013565063477,211.48433277704632,-221.71933620570064,-25.074672478914735,0.7994213589067376,0.34707668973380784,0.08149321957417902,3.657545044134186e-05,15.977472454340866,22.640111408902676,7.873638612384545,nan,nan
153.96,210.89100646972656,-221.1897735595703,-25.076980590820312,211.49291473001915,-221.71591952195007,-25.075259031131893,0.7994536204838486,0.3471178363776833,0.0815192538333771,3.581887855823527e-05,15.96725971040005,22.137220047459795,nan,0.1279198459287007,nan
153.97,210.89962768554688,-221.18634033203125,-25.077930450439453,211.50149089844777,-221.71257562419123,-25.07625863079022,0.7994783954173048,0.3471590676438014,0.08154535152567109,3.653204368439629e-05,15.916599147876775,22.279092796738166,nan,nan,nan
153.98,210.90823364257812,-221.18296813964844,-25.078859329223633,211.51009697696995,-221.70928993164674,-25.07509660600644,0.7995425317664802,0.34720038309504986,0.08157151271783454,3.577836912173356e-05,16.191606346758558,22.62115298952098,nan,3.1020921956986904,nan
153.99,210.91685485839844,-221.17967224121094,-25.079771041870117,211.5186739647174,-221.70608279507624,-25.076039243655686,0.7995675295240882,0.3472417834391953,0.08159773763016948,3.649106080891646e-05,16.133159656096304,22.656977213818628,nan,nan,nan
154.0,210.92547607421875,-221.1763153076172,-25.08077049255371,211.55467278748003,-221.71875136472613,-25.07526305489927,0.8307561085542566,0.3471733391587961,0.08158593597173261,3.571858840202288e-05,17.051773759814886,23.374184212005055,7.140153987570176,2.104972087141263,nan
154.01,210.93409729003906,-221.1728973388672,-25.081857681274414,211.56328820620936,-221.715517247118,-25.07631363910151,0.830872017957606,0.3472145717763826,0.08161212718855197,3.6429980293091655e-05,17.01052039689393,23.382933024303647,nan,nan,nan
154.02,210.9427032470703,-221.16941833496094,-25.083032608032227,211.57188303819555,-221.71223076840727,-25.07906449394521,0.8309803207018396,0.3472558885543501,0.08163838211852066,3.568259954426154e-05,16.571615954498302,23.17638705326395,nan,1.7642832843487897,nan
154.03,210.95132446289062,-221.16587829589844,-25.084291458129883,211.58049909472038,-221.70887706548038,-25.080306138500113,0.8310982275749136,0.34729729013272415,0.0816647009737649,3.6393637649758125e-05,16.53132402032876,22.95473105031801,nan,nan,nan
154.04,210.95994567871094,-221.1622772216797,-25.085636138916016,211.58911553022793,-221.70546447074153,-25.081633927317327,0.8312178458737324,0.3473387764083992,0.08169108386508472,3.7119030869541286e-05,16.491274298652826,22.861754479057392,nan,nan,nan
154.05,210.96856689453125,-221.15863037109375,-25.08706283569336,211.59400377656954,-221.69308377956816,-25.083129953256606,0.8226950873853232,0.3472704575461428,0.08167915692580202,3.783472255406647e-05,15.597611641890111,23.112114607834474,6.134029825867121,nan,nan
154.06,210.97718811035156,-221.1549072265625,-25.088573455810547,211.60262675166453,-221.6895322002428,-25.08518965540574,0.8228054488366383,0.3473117756827583,0.08170550539410419,3.700181577702511e-05,15.462901737917543,22.336222081299002,nan,0.19821178322591695,nan
154.07,210.98580932617188,-221.15113830566406,-25.090166091918945,211.6112567155502,-221.6859213644325,-25.086777358910496,0.822914843915999,0.34735317854772113,0.0817319179920921,3.7738725770404045e-05,15.421167367061898,22.700843977173133,nan,nan,nan
154.08,210.9944305419922,-221.14732360839844,-25.091838836669922,211.61987437660306,-221.68225917611264,-25.089499251109583,0.8230076096361842,0.3473946658311735,0.0817583948009807,3.6911643934996985e-05,15.22744823901909,22.942104572038822,nan,0.7007359739066268,nan
154.09,211.0030517578125,-221.1434326171875,-25.093591690063477,211.62850469315921,-221.678536965761,-25.091261132545984,0.8231242127980632,0.34743623811596364,0.08178493602675262,3.764663356237854e-05,15.188201463182544,22.223133972191786,nan,nan,nan
154.1,211.0116729736328,-221.13949584960938,-25.095422744750977,211.59834853590243,-221.6562622721431,-25.0951083937496,0.7818157389303604,0.3473680427211331,0.08177288109149972,3.680231451680865e-05,14.886252495315963,22.322603729746483,14.009648725184702,2.557692605110035,nan
154.11,211.02027893066406,-221.13551330566406,-25.097332000732422,211.6069148402427,-221.6524002205649,-25.097049662166715,0.781865623312558,0.34740944691610337,0.08179938721748009,3.75345844497557e-05,14.847661094354796,22.822008117485154,nan,nan,nan
154.12,211.02890014648438,-221.1314697265625,-25.09931755065918,211.6154731850666,-221.6484876592378,-25.099772430652504,0.7819051599875952,0.34745093549844075,0.08182595776026068,3.6719546154457995e-05,14.814876038449398,22.357588617028377,nan,0.3163708488584156,nan
154.13,211.0375213623047,-221.12738037109375,-25.101381301879883,211.62403901517135,-221.64451941186516,-25.10187685322363,0.7819437257151737,0.3474925089925689,0.0818525929183842,3.745014779738313e-05,14.778777018856157,22.51152338347028,nan,nan,nan
154.14000000000001,211.046142578125,-221.12322998046875,-25.103519439697266,211.63260157909272,-221.64050021663436,-25.10435564117502,0.7819868005738975,0.347534167176594,0.08187929278389645,3.6640303731198316e-05,14.75536665400048,22.233363433123202,nan,0.056989509486712,nan
154.15,211.0547637939453,-221.11903381347656,-25.105730056762695,211.6489133304924,-221.641574015533,-25.10655524623534,0.7912411866693801,0.3474660941273683,0.08186710725799985,3.7345844995650425e-05,14.946616310247986,22.519187493612893,0.8355140978018467,nan,nan
154.16,211.06338500976562,-221.1147918701172,-25.10796546936035,211.65747392719197,-221.63746727074422,-25.11021422619849,0.7912877309403704,0.3475075840400791,0.08189377130239324,3.654199988189978e-05,15.029984661870985,22.716794676414935,nan,1.1799689420412909,nan
154.17000000000002,211.07200622558594,-221.11048889160156,-25.11018943786621,211.6660481480313,-221.63330503055542,-25.112542657462015,0.7913457262256974,0.34754915877733195,0.08192050015744436,3.726868577541719e-05,15.00471027948115,22.329462857860182,nan,nan,nan
154.18,211.08062744140625,-221.10614013671875,-25.11238670349121,211.67461720399825,-221.6290950241974,-25.11533807431908,0.7914002546067772,0.34759081816786724,0.08194729392179675,3.6469640502244354e-05,15.059122316734989,22.483828040313863,nan,0.15281119223776948,nan
154.19,211.0892333984375,-221.10174560546875,-25.114547729492188,211.68319065835124,-221.62483405768486,-25.117622591542283,0.7914645982118919,0.34763256265991527,0.08197415278437423,3.7194987634401125e-05,15.03755950818976,22.817270707865724,nan,nan,nan
154.20000000000002,211.0978546142578,-221.09730529785156,-25.116670608520508,211.6758774553193,-221.61922954608238,-25.118658179846417,0.7787934746258904,0.34756461003468336,0.0819618339656224,3.6378267338701737e-05,15.550665859616768,22.718838212256518,7.488594870422142,0.9686515521255716,nan
154.21,211.10647583007812,-221.0928192138672,-25.11875343322754,211.68440803781368,-221.61487930983992,-25.120856003773614,0.7788175661527263,0.34760618604073074,0.08198865626852687,3.710146925471394e-05,15.525450337634561,22.759788522384177,nan,nan,nan
154.22,211.11509704589844,-221.08827209472656,-25.12079429626465,211.69293467138084,-221.61048301889946,-25.123409167842606,0.7788500550825046,0.3476478466598439,0.08201554367884728,3.631243212990872e-05,15.560454942395342,22.387159120086686,nan,0.10204606949076438,nan
154.23,211.1237030029297,-221.0836944580078,-25.1227970123291,211.70146462710073,-221.6060384244151,-25.12553217081782,0.7788832997945264,0.3476895922966038,0.08204249637968512,3.7034498124349214e-05,15.537414036878424,23.030282608457867,nan,nan,nan
154.24,211.13232421875,-221.0790557861328,-25.124759674072266,211.71000454752402,-221.60154354470455,-25.126442705453275,0.778916460671114,0.3477314228454815,0.08206951447818697,3.624969917934562e-05,15.379370712074682,22.17545371991454,nan,0.9053623555785129,nan
154.25,211.14093017578125,-221.07437133789062,-25.12668228149414,211.7839499977969,-221.63192284095447,-25.128619603192597,0.851082794614691,0.3476635893037425,0.08205705975642573,3.694772614925987e-05,16.093759916124327,22.834977770300632,39.94556374653133,nan,nan
154.26,211.14955139160156,-221.0696563720703,-25.12856674194336,211.79259124794572,-221.6273994466536,-25.12903928309879,0.851221368028255,0.3477052511657522,0.0820840405464747,3.6167946383346955e-05,15.963476179829682,22.912817961545723,nan,1.6486777674085096,nan
154.27,211.15817260742188,-221.0648956298828,-25.130414962768555,211.80121860277004,-221.62283652386267,-25.1309866597716,0.8513556954327703,0.3477469979632023,0.08211108681615484,3.688710713169356e-05,15.93145967091981,22.79339874376063,nan,nan,nan
154.28,211.16677856445312,-221.06007385253906,-25.132225036621094,211.80983539974642,-221.61823338304788,-25.134129977044935,0.8515091213329825,0.3477888296280181,0.0821381986777244,3.6111217762711916e-05,15.989625325524388,22.630382275849012,nan,1.0057705269345627,nan
154.29,211.17539978027344,-221.0552215576172,-25.13399887084961,211.81846168435445,-221.61358253300997,-25.13601784821985,0.8516452709852258,0.3478307465084128,0.08216537630680902,3.6829504262960865e-05,15.965683550375243,22.76779636513577,nan,nan,nan
154.3,211.1840057373047,-221.05032348632812,-25.135738372802734,211.8235250699501,-221.5986546078409,-25.13954302870179,0.8424170410510526,0.3477630301510794,0.08215278299771453,3.603545988034389e-05,15.274721973793845,22.84110871748773,7.0887056921797305,1.8688762514241473,nan
154.31,211.192626953125,-221.04537963867188,-25.13744354248047,211.83216475724583,-221.5938880708903,-25.141378578866032,0.8425470833287424,0.3478047781173325,0.08217992255369255,3.6752056720860345e-05,15.260043199349221,22.425350398451013,nan,nan,nan
154.32,211.20123291015625,-221.0404052734375,-25.13911247253418,211.84080170098204,-221.58908007568863,-25.14346389014976,0.8426809667121621,0.34784661090317764,0.08220712789206136,3.598438398245916e-05,15.328651577219345,23.231056818720226,nan,0.05350090687065203,nan
154.33,211.2098388671875,-221.03538513183594,-25.140750885009766,211.8494401654491,-221.5842293971431,-25.14523612591531,0.8428166856941453,0.34788852882490384,0.08223439918398591,3.670026721669131e-05,15.31488802277653,22.944595678411087,nan,nan,nan
154.34,211.2184600830078,-221.0303192138672,-25.14235496520996,211.858080998127,-221.57933630524948,-25.146587310396527,0.8429428180093665,0.34793053186252126,0.08226173654825977,3.593599110700106e-05,15.230796436791335,22.495806872301383,nan,0.10129466423393146,nan
154.35,211.22706604003906,-221.02520751953125,-25.1439266204834,211.89129371920913,-221.59756710084307,-25.148329725117915,0.8768199857584873,0.3478629311706457,0.08224900203520995,3.6628602969341065e-05,16.650903764709014,23.22556044741409,15.879056204464293,nan,nan
154.36,211.2356719970703,-221.0200653076172,-25.14546775817871,211.89994283695762,-221.59265009598815,-25.150191479298613,0.8770013695198122,0.347904765075074,0.08227630055126783,3.5868492013511255e-05,16.709749656880646,23.525095082169432,nan,0.023396476459372147,nan
154.37,211.24427795410156,-221.014892578125,-25.1469783782959,211.90859272152505,-221.58769293003007,-25.15183850433405,0.8771761363515365,0.3479466840368196,0.08230366520371807,3.6582265835676514e-05,16.69842689814664,23.78042472483272,nan,nan,nan
154.38,211.25289916992188,-221.00965881347656,-25.14845848083496,211.91723710150399,-221.58269848383364,-25.154206260817503,0.8773553374297505,0.3479886880629393,0.08233109611522224,3.582524886375725e-05,16.943307691874207,23.09550366004355,nan,0.37885353121016696,nan
154.39000000000001,211.26150512695312,-221.00439453125,-25.1499080657959,211.92588581712488,-221.5776631516429,-25.155802455761755,0.8775382364508904,0.34803077742901095,0.08235859345127056,3.6538512892305566e-05,16.93878052543809,23.621108166282216,nan,nan,nan
154.4,211.27011108398438,-220.9990997314453,-25.151330947875977,211.9298284968891,-221.56266216053936,-25.156536207923264,0.8676731937245903,0.3479632905035979,0.08234571506979185,3.5762851695139315e-05,15.869479291846421,23.257575205316037,5.412276155301495,0.5003155513637362,nan
154.41,211.27871704101562,-220.99380493164062,-25.15272331237793,211.93848637950526,-221.5575467609006,-25.158068791040662,0.8678300549131609,0.34800521049644195,0.08237317276785887,3.647478082123897e-05,15.858908616003895,22.98812886226014,nan,nan,nan
154.42000000000002,211.28732299804688,-220.98858642578125,-25.154088973999023,211.94714205914778,-221.5524656873807,-25.15983165591181,0.8679596727092654,0.34804721549960305,0.08240069690803123,3.5724423166439646e-05,15.957747674768825,23.6436970566537,nan,0.04487685238769018,nan
154.43,211.29592895507812,-220.98342895507812,-25.155427932739258,211.9557987439535,-221.54745263173558,-25.161312990950524,0.8680930134557983,0.34808930576593927,0.08242828765247043,3.643596743946692e-05,15.945222978842217,22.96379598209678,nan,nan,nan
154.44,211.30453491210938,-220.97836303710938,-25.156740188598633,211.9644510860305,-221.5425264525907,-25.163419999432225,0.8682248187209383,0.34813148133673916,0.08245594512873072,3.568827530213015e-05,16.204467234688508,23.225263075944923,nan,0.2882806824606577,nan
154.45000000000002,211.31314086914062,-220.97340393066406,-25.15802574157715,211.97949769891653,-221.52809190063002,-25.16470730224446,0.8670379529564431,0.3480641065135808,0.08244292026399828,3.637711276706615e-05,14.862647532544896,23.276745598238165,16.342358771553933,nan,nan
154.46,211.32174682617188,-220.96853637695312,-25.159284591674805,211.98818990875512,-221.52331907760342,-25.166502942771885,0.8671691483536806,0.34810611247500967,0.08247053730196774,3.5632850464438376e-05,15.055703293625179,23.33464160359318,nan,0.10210886879704566,nan
154.47,211.33033752441406,-220.96376037597656,-25.160520553588867,211.9968837624259,-221.51864118983758,-25.167890866559937,0.8673124733982001,0.34814820362353716,0.08249822112070479,3.63428998889822e-05,15.046078713076932,23.398681351830692,nan,nan,nan
154.48,211.3389434814453,-220.95907592773438,-25.16172981262207,212.0055804933055,-221.51405690948474,-25.16862060087511,0.8674423777111797,0.34819038001938507,0.08252597185060566,3.5601043373941036e-05,14.844262091857187,22.82238718081951,nan,0.27434518515572504,nan
154.49,211.34754943847656,-220.95448303222656,-25.16291618347168,212.0142736084763,-221.50956768546,-25.169954708469877,0.8675768737992455,0.3482326418869066,0.08255378964964917,3.631086309977934e-05,14.834346769103426,22.68716679720173,nan,nan,nan
154.5,211.3561553955078,-220.94998168945312,-25.164079666137695,212.04415713501717,-221.50334277703203,-25.1712705817138,0.8829533374313948,0.34816537728684466,0.0825406156654925,3.701185143898287e-05,13.767341262272755,22.772685668212258,18.4128417258077,nan,nan
154.51,211.36476135253906,-220.94558715820312,-25.165218353271484,212.05291142973948,-221.4990164479957,-25.17255943222374,0.8831129027431541,0.348207469292188,0.0825683922124143,3.774960336534539e-05,13.755845278743402,23.42981745615783,nan,nan,nan
154.52,211.3733673095703,-220.94125366210938,-25.16633415222168,212.0616632556987,-221.49477982478882,-25.17433040183166,0.8832929651226915,0.34824964648282536,0.08259623584578564,3.692244282069414e-05,14.020796867369322,22.715710110666556,nan,0.16081185218200458,nan
154.53,211.3819580078125,-220.93702697753906,-25.167428970336914,212.07041743830462,-221.49062913693325,-25.175581007793543,0.8834694075258814,0.34829190907299135,0.08262414672212398,3.76582748247953e-05,14.01219491707834,23.765268239290776,nan,nan,nan
154.54,211.39056396484375,-220.93287658691406,-25.168502807617188,212.07917666618476,-221.48656168402294,-25.17568859968631,0.8836324319626926,0.3483342571412447,0.0826521249744741,3.6836662884267034e-05,13.609307317474197,22.64154296307637,nan,0.8009538084813566,nan
154.55,211.399169921875,-220.92881774902344,-25.169553756713867,212.12933667025808,-221.50506029195262,-25.176830891116037,0.9301891772166134,0.3482671009103706,0.0826387992531955,3.754686969226822e-05,14.052507782252777,23.7146454330794,15.85882090446938,nan,nan
154.56,211.40777587890625,-220.92481994628906,-25.170583724975586,212.13815711502752,-221.5011998762327,-25.17712145609486,0.9304371637290003,0.3483092788644183,0.08266673542905381,3.673163168356585e-05,13.767661610521927,22.740866535711973,nan,0.502495399277831,nan
154.57,211.4163818359375,-220.92091369628906,-25.171592712402344,212.14697414692833,-221.49742135797266,-25.17826968893503,0.9306829701216318,0.3483515421428847,0.08269473901790912,3.746305926592627e-05,13.755044653881349,23.135586545211183,nan,nan,nan
154.58,211.42498779296875,-220.91708374023438,-25.172582626342773,212.1557869215268,-221.49372344261096,-25.180579558158815,0.9309375186212259,0.3483938908381221,0.08272281015499297,3.665296396738549e-05,14.2711127893099,23.57225273306519,nan,0.8962851800606408,nan
154.59,211.43359375,-220.91334533691406,-25.173553466796875,212.16460497590583,-221.49010058456815,-25.181701306288154,0.9311768980087803,0.3484363251435931,0.08275094899359395,3.738282596049269e-05,14.26229390403988,24.07305026170302,nan,nan,nan
154.6,211.44219970703125,-220.90966796875,-25.174503326416016,212.16996970981174,-221.48663371396623,-25.18264496189007,0.9287652740753292,0.34836927537374357,0.08273746892360749,3.655512720797181e-05,14.43901376800272,23.59385514578874,0.39696904231356533,0.017958965495517534,nan
154.61,211.4508056640625,-220.9060516357422,-25.175434112548828,212.17877915195876,-221.48316313058902,-25.183728608585543,0.9290166173049333,0.3484115392991329,0.08276556484872684,3.728261612049508e-05,14.434001884244228,23.167381039603168,nan,nan,nan
154.62,211.45941162109375,-220.90252685546875,-25.176347732543945,212.18758893184125,-221.47976504203987,-25.18477158452694,0.9292561978300747,0.34845388857806636,0.08279372849075639,3.648322096698163e-05,14.4950071656236,23.83820952573987,nan,0.0003386652186688049,nan
154.63,211.468017578125,-220.89894104003906,-25.177349090576172,212.19639902212782,-221.476373493377,-25.185873274603814,0.9295377495555719,0.34849632339298875,0.08282196000118858,3.720936310474829e-05,14.470552235299602,23.78367910629514,nan,nan,nan
154.64000000000001,211.47662353515625,-220.89529418945312,-25.178438186645508,212.20521592125638,-221.4729207344238,-25.18513382658973,0.9298086481271921,0.34853884385287176,0.08285025951791306,3.64145317487847e-05,13.717035051669004,22.94450658124419,nan,2.426775317976224,nan
154.65,211.4852294921875,-220.89158630371094,-25.179615020751953,212.24857185008005,-221.49300571619264,-25.186348034752623,0.9718241602987321,0.3484718986698209,0.08283662251061952,3.711618491510739e-05,14.546445158931702,23.634286304283368,13.559983931332512,nan,nan
154.66,211.49383544921875,-220.8878173828125,-25.180875778198242,212.26176131007014,-221.4942512536967,-25.18796855978361,0.9785307736962339,0.3448215253459877,0.07841490795484773,3.632648029712925e-05,20.593804697485975,29.611305289587296,nan,0.04966526960637315,0.005093581640318339
154.67000000000002,211.50244140625,-220.88400268554688,-25.182220458984375,212.27061337783167,-221.4906836936811,-25.18940337074606,0.9788777338236829,0.34486684317427696,0.07843496227668299,3.7049305202678686e-05,20.555409477886343,29.947323247586276,nan,nan,nan
154.68,211.51104736328125,-220.880126953125,-25.183650970458984,212.2794502177729,-221.4870403489879,-25.190224622367605,0.9791986671601325,0.3449122447186818,0.07845507582921872,3.626405123022562e-05,20.30913888219048,29.468877812032357,nan,0.320523138856308,nan
154.69,211.51966857910156,-220.87620544433594,-25.185161590576172,212.28830276270938,-221.48336244805768,-25.191821580684227,0.9795317712290152,0.34495773162519183,0.07847525128759973,3.698581378357719e-05,20.271182113660863,29.386051370254926,nan,nan,nan
154.70000000000002,211.5282745361328,-220.87222290039062,-25.186756134033203,212.3074765537005,-221.49605635252178,-25.19350492621744,0.9981831026296553,0.34489772519954953,0.07846666817323589,3.618250989090307e-05,22.020316513075155,30.32386987047473,22.031882490225655,0.007866430755811464,nan
154.71,211.53688049316406,-220.86817932128906,-25.188430786132812,212.31632830147043,-221.4923263190592,-25.195266085529717,0.9985715207319562,0.3449430243872993,0.07848683905235605,3.6902395156044686e-05,21.986118170607895,30.116210984939073,nan,nan,nan
154.72,211.5454864501953,-220.8640899658203,-25.190183639526367,212.32519765322562,-221.4885658455097,-25.19791680650008,0.9989892323324792,0.34498840727158164,0.0785070695035874,3.612598434905474e-05,22.332890635714477,30.732249118377418,nan,0.4325361483741924,nan
154.73,211.55410766601562,-220.85995483398438,-25.1920166015625,212.33404955277922,-221.48473084320668,-25.1998475103863,0.9993576594798825,0.3450338754170335,0.07852736200004426,3.68449822157119e-05,22.29942354120924,30.433910907882535,nan,nan,nan
154.74,211.56271362304688,-220.8557586669922,-25.193927764892578,212.34290715402898,-221.48085166125864,-25.202124423903125,0.9997551612701266,0.34507942756752097,0.07854771440421875,3.607226314585347e-05,22.45557658134965,30.741051819147486,nan,0.047246110405455954,nan
154.75,211.57131958007812,-220.8515167236328,-25.19591522216797,212.34183602873907,-221.47488657020125,-25.20418671395875,0.9911377204224807,0.3450193718073507,0.07853909696413251,3.6767636375468234e-05,22.778053497705624,30.76091339816297,1.880034525778692,nan,nan
154.76,211.57992553710938,-220.84722900390625,-25.197978973388672,212.35063752129508,-221.47086423686972,-25.204968997556634,0.9914467846529826,0.3450647360123735,0.07855944432238206,3.599938752688118e-05,22.231752004345594,30.365363842471066,nan,1.2810845961159898,nan
154.77,211.58853149414062,-220.8428955078125,-25.200117111206055,212.35946820388577,-221.4668289703076,-25.207200758007033,0.9918097368476457,0.3451101853772272,0.07857985386682227,3.671594292616512e-05,22.197814754181145,30.490109941579743,nan,nan,nan
154.78,211.59715270996094,-220.8385009765625,-25.20233154296875,212.36828721761947,-221.46273020542512,-25.208967257950015,0.9921464568205112,0.34515571872612405,0.07860032364913692,3.5951070824349866e-05,22.015309938662124,29.520821247356043,nan,0.19572175481274898,nan
154.79,211.6057586669922,-220.8340606689453,-25.204566955566406,212.37711720669887,-221.458596930763,-25.21131908361415,0.9925145491814311,0.3452013375045332,0.07862085586253964,3.666696264568288e-05,21.99184679508884,30.03520311698221,nan,nan,nan
154.8,211.61436462402344,-220.82957458496094,-25.2067928314209,212.3687961771757,-221.44881819333892,-25.212851324162,0.9760462695195511,0.34514123074129943,0.07861219873810935,3.588357196534357e-05,22.037013662852758,29.51923623937381,3.4771266999043133,0.455481859707343,nan
154.81,211.6229705810547,-220.82504272460938,-25.2089900970459,212.37759306391018,-221.4445854348561,-25.21518379652316,0.9763844649337973,0.34518666130173614,0.0786327253204431,3.659797656556236e-05,22.020198338251895,29.585885670662137,nan,nan,nan
154.82,211.63157653808594,-220.82046508789062,-25.211153030395508,212.3864063703425,-221.4403265431182,-25.218316060016015,0.976753606768199,0.3452321758237243,0.07865331246198554,3.584032524212786e-05,22.361350181824893,29.914854805443166,nan,0.46365020966496595,nan
154.83,211.6401824951172,-220.81582641601562,-25.21327781677246,212.39520258691377,-221.43600045959838,-25.22059022190079,0.9771001251760525,0.34527777567400103,0.07867396217955366,3.65542038558871e-05,22.35244021151424,29.475771763480378,nan,nan,nan
154.84,211.64878845214844,-220.8111572265625,-25.215360641479492,212.40399293034744,-221.43162174190903,-25.222549812456858,0.9774260600553747,0.3453234597936483,0.07869467278600338,3.5799482547546274e-05,22.291087156944815,29.87277427194824,nan,0.05136787136659476,nan
154.85,211.6573944091797,-220.8064422607422,-25.217403411865234,212.3997488261047,-221.41885454088424,-25.224730933392117,0.9623889929589846,0.3452633029620603,0.07868597474012044,3.649038113321251e-05,21.934717372313955,29.418802872928808,2.387015832356465,nan,nan
154.86,211.66600036621094,-220.8016815185547,-25.219406127929688,212.40850556498984,-221.41434898557887,-25.22587276938243,0.9626615255712668,0.3453087986274335,0.07870667920230758,3.573936037757491e-05,21.590889951031468,29.028615160170936,nan,0.6927224017172375,nan
154.87,211.6746063232422,-220.796875,-25.221370697021484,212.41728206612754,-221.40982364449897,-25.227977499184547,0.9629729745419958,0.34535437951994336,0.07872744638698066,3.645147556989967e-05,21.576095647157445,28.913480222156146,nan,nan,nan
154.88,211.68321228027344,-220.79202270507812,-25.223295211791992,212.4260764773026,-221.40527651120962,-25.23097973944117,0.9633205582399457,0.34540004465722773,0.07874827477072038,3.5703112712909095e-05,21.990702178773397,29.29636884423376,nan,0.5939691387476174,nan
154.89000000000001,211.6918182373047,-220.78712463378906,-25.22517967224121,212.4348523581273,-221.40066412581808,-25.23301759426464,0.9636347056885755,0.3454457952922432,0.07876916612773704,3.6414874644534635e-05,21.982283807896227,29.253929472992304,nan,nan,nan
154.9,211.70042419433594,-220.78219604492188,-25.227027893066406,212.47038436443523,-221.4072983578618,-25.23377145766081,0.9917847754657386,0.34538558688069687,0.078760422178562,3.5647528583100446e-05,21.52194042048963,29.673827952537025,6.973814785631197,0.972370758159248,nan
154.91,211.7090301513672,-220.7772216796875,-25.228839874267578,212.47920607452005,-221.40261711197923,-25.23572357264958,0.9921379866929461,0.3454311487816479,0.07878130677383521,3.6358104538243276e-05,21.507045959411794,29.52983481224871,nan,nan,nan
154.92000000000002,211.71763610839844,-220.77220153808594,-25.230615615844727,212.48804398936412,-221.39791421958563,-25.238530071491148,0.9925257182822722,0.34547679490089533,0.07880225286970846,3.561556172953623e-05,21.920650026127525,29.811106915165574,nan,0.5394667557520242,nan
154.93,211.72622680664062,-220.7671356201172,-25.23235511779785,212.49686472593908,-221.3931501830005,-25.240420906595034,0.9928958115288595,0.3455225264174502,0.07882326208911819,3.632589060658757e-05,21.910783231384805,30.0917539558845,nan,nan,nan
154.94,211.73483276367188,-220.7620391845703,-25.234060287475586,212.50570025928775,-221.38836353665386,-25.24310146835003,0.9932777218691482,0.34556834245892226,0.07884433313296867,3.558562073252958e-05,22.37446225731147,30.4124017728849,nan,0.4631875044287505,nan
154.95000000000002,211.74343872070312,-220.75689697265625,-25.23573112487793,212.51485690775985,-221.3828239263058,-25.244907806152103,0.9934559789472818,0.34550808317550574,0.07883554158022825,3.627343944802381e-05,22.28014542934808,30.223621253382372,0.11905063124155342,nan,nan
154.96,211.75204467773438,-220.75172424316406,-25.237369537353516,212.5236473644566,-221.37789950906975,-25.245010418074813,0.993742699518945,0.3455537102368324,0.07885660530402379,3.553621183877628e-05,21.55855268809507,29.72550844146577,nan,1.9687343858489461,nan
154.97,211.76063537597656,-220.7465057373047,-25.238975524902344,212.53246808144266,-221.3729721042257,-25.246759989233812,0.9941058454688143,0.3455994225954492,0.07887773230293765,3.624529696941166e-05,21.544636666577013,29.895193782251184,nan,nan,nan
154.98,211.7692413330078,-220.74124145507812,-25.240549087524414,212.54129109877297,-221.36800930796048,-25.248640429866974,0.9944668179711669,0.345645219449916,0.07889892141699582,3.5510110518118824e-05,21.67549408894227,29.411711906308575,nan,0.018063360419856074,nan
154.99,211.77783203125,-220.73594665527344,-25.242090225219727,212.55011052555335,-221.3630048346007,-25.250329439389436,0.9948285870816175,0.34569110187362573,0.07892017406268698,3.621907862430153e-05,21.663261314487187,30.033861503650986,nan,nan,nan
155.0,211.78643798828125,-220.73062133789062,-25.243600845336914,212.55350086923985,-221.34545702281608,-25.253597779815145,0.9831115508940108,0.34563079035510996,0.07891133024800703,3.546446754366004e-05,21.253406688016607,30.211925126742024,12.609438882127828,1.6550015219805665,nan
155.01,211.79502868652344,-220.72525024414062,-25.24508285522461,212.56232451848706,-221.340334633655,-25.255243586802028,0.9834505277029508,0.34567648351228075,0.07893257492466492,3.617247711329031e-05,21.245411734012905,30.277528461773308,nan,nan,nan
155.02,211.8036346435547,-220.7198486328125,-25.24653434753418,212.5711440173419,-221.33517117632258,-25.256655169357582,0.9837656745573817,0.34572226113410015,0.07895388199881717,3.544191734435101e-05,21.23741303891657,30.046535150385672,nan,0.028933837616526424,nan
155.03,211.81222534179688,-220.7144012451172,-25.247957229614258,212.57996649880016,-221.3299753336582,-25.25824138582874,0.9841055362657505,0.3457681242262885,0.07897525275961965,3.614989007988399e-05,21.22947908070231,30.126620391742893,nan,nan,nan
155.04,211.82083129882812,-220.70892333984375,-25.249351501464844,212.58879018853423,-221.32474533622,-25.2599039515872,0.9844333099316792,0.3458140720881997,0.07899668623619208,3.542104428892416e-05,21.4042025371022,30.054278453493925,nan,0.007437332210935868,nan
155.05,211.8294219970703,-220.70343017578125,-25.250717163085938,212.557721505873,-221.30328324362398,-25.261427681127167,0.9435881478268305,0.3457537088326374,0.07898778806521115,3.610683949116339e-05,21.559991462717477,29.80437054786444,15.355050716990512,nan,nan
155.06,211.8380126953125,-220.69796752929688,-25.252056121826172,212.56644664962232,-221.29798672334454,-25.261397242005224,0.9437829811684713,0.3457994671721337,0.07900921297091235,3.538048052941188e-05,20.801560266923616,28.520927382323244,nan,1.6303510755818431,nan
155.07,211.84661865234375,-220.69259643554688,-25.253368377685547,212.57519676193178,-221.29277993109844,-25.262861991209505,0.9440002218225898,0.345845310883744,0.07903070171929374,3.608759751651075e-05,20.78227939662799,28.62878847990129,nan,nan,nan
155.08,211.85520935058594,-220.68731689453125,-25.254653930664062,212.5839452908088,-221.28765526965805,-25.264221961558093,0.9442212571413382,0.345891239330985,0.07905225345545577,3.5362758135115265e-05,20.82130968143758,29.06484103310836,nan,0.00435524832100489,nan
155.09,211.86380004882812,-220.68212890625,-25.25591468811035,212.59269477417908,-221.28262602346797,-25.26563578795914,0.9444462971571257,0.3459372534239393,0.07907386929621522,3.6069933300097555e-05,20.800599443172167,28.83390536053542,nan,nan,nan
155.1,211.8723907470703,-220.67703247070312,-25.257150650024414,212.59911150190982,-221.28540363760413,-25.265427582642285,0.9477906097047784,0.3458768372041013,0.07906491238335878,3.5325264162135164e-05,21.236877308914355,28.15517638598403,9.138876117703218,1.5536593923628248,nan
155.11,211.8809814453125,-220.6720428466797,-25.25836181640625,212.60784372941555,-221.2806035650181,-25.26677657976676,0.9480220125073542,0.34592266148217854,0.07908651897350642,3.603164790595122e-05,21.21224928861842,28.360649449447084,nan,nan,nan
155.12,211.88958740234375,-220.6671600341797,-25.25954818725586,212.61657556423395,-221.2759023371272,-25.26810225517302,0.9482363371039305,0.3459685708119305,0.079108189249473,3.675236871125242e-05,21.187522707825384,28.26230978126267,nan,nan,nan
155.13,211.89817810058594,-220.662353515625,-25.260711669921875,212.6253071796074,-221.27129871060532,-25.26940501360044,0.9484758944077293,0.34601456533785735,0.0791299233557587,3.748757107823876e-05,21.1640848345129,27.937493806432073,nan,nan,nan
155.14000000000001,211.90676879882812,-220.6576690673828,-25.261852264404297,212.63404539698865,-221.26679860732997,-25.271122699330057,0.9487128056645516,0.3460606448387921,0.07915172099319044,3.6679053269969774e-05,21.439420998167055,29.049570251566692,nan,0.12267920541342293,nan
155.15,211.9153594970703,-220.65306091308594,-25.262968063354492,212.66158376175107,-221.2742365333257,-25.27241571823026,0.9709784047862531,0.34600017596159777,0.0791427029149826,3.738884705418382e-05,21.957413418607402,29.089520540729158,4.589668609164264,nan,nan
155.16,211.9239501953125,-220.64854431152344,-25.26406478881836,212.6703147687508,-221.2699120643429,-25.27181926427372,0.9711941580431996,0.3460460653844292,0.07916449066111393,3.6585828654690835e-05,21.165337726045887,28.22752073065947,nan,2.179700256837402,nan
155.17000000000002,211.9325408935547,-220.6441192626953,-25.26513671875,212.67907339913614,-221.26570849941123,-25.27302194138702,0.9714659735815979,0.3460920402852683,0.07918634286110918,3.731698635524436e-05,21.13954019426373,28.327147298258087,nan,nan,nan
155.18,211.94113159179688,-220.63978576660156,-25.266189575195312,212.68779487109146,-221.26155359127605,-25.27166420398281,0.9716641662672075,0.3461381001260796,0.07920825885223715,3.6518292196458806e-05,20.24546933559305,27.49483000492436,nan,4.1771240729051735,nan
155.19,211.94973754882812,-220.63552856445312,-25.26721954345703,212.6965539317507,-221.25752640789725,-25.272800973193043,0.9719296164890815,0.3461842457182253,0.07923023956147021,3.7248039610328824e-05,20.214808581164785,26.855602148184637,nan,nan,nan
155.20000000000002,211.9583282470703,-220.63136291503906,-25.268230438232422,212.69064116345479,-221.24807229201784,-25.275263743491514,0.9574247388384888,0.3461237230572608,0.07922115613338328,3.6430964871896894e-05,20.834835539043564,27.65635470662562,2.282101118750169,1.2828620886512834,nan
155.21,211.9669189453125,-220.62728881835938,-25.26922035217285,212.69937450576666,-221.24420806499322,-25.276374104847356,0.957669922825608,0.3461696782708826,0.07924312623848319,3.715847834379604e-05,20.805629640723986,27.922282661454002,nan,nan,nan
155.22,211.9755096435547,-220.623291015625,-25.270191192626953,212.7080935417928,-221.2404102994459,-25.27641898427943,0.9578904758949444,0.34621571838646753,0.07926516038628487,3.636896612558801e-05,20.447054577318962,27.419196567289426,nan,0.7152060571712161,nan
155.23,211.98410034179688,-220.61936950683594,-25.271141052246094,212.71682788901285,-221.23670868519946,-25.277481622125443,0.9581427463682431,0.34626184415501793,0.0792872594093557,3.709525874100153e-05,20.41719775111029,27.348554496032797,nan,nan,nan
155.24,211.99270629882812,-220.6155242919922,-25.27207374572754,212.72555288258926,-221.23307551318138,-25.277804114153785,0.958366559957576,0.34630805512864177,0.07930942278558382,3.630961488765886e-05,20.19184892345772,26.693645409756485,nan,0.3413619890375538,nan
155.25,212.0012969970703,-220.61163330078125,-25.273094177246094,212.72876217165037,-221.22890178055445,-25.278867465450762,0.9540750951602356,0.34624747886474044,0.0793002713679479,3.701151401752516e-05,20.424463179149296,27.346515204283058,0.6627766525043075,nan,nan
155.26,212.0098876953125,-220.60768127441406,-25.274202346801758,212.73749691133827,-221.22525014864794,-25.280815196849716,0.954384731360417,0.34629349918639607,0.07932242345836817,3.623056655083223e-05,20.6927404433383,27.44830408550492,nan,0.4068905953762299,nan
155.27,212.01849365234375,-220.60366821289062,-25.2753963470459,212.74622160789096,-221.22153325178817,-25.28207206662658,0.9546673498180975,0.3463396050639655,0.07934464058218293,3.695375873455295e-05,20.655309593789177,26.90129385943605,nan,nan,nan
155.28,212.02708435058594,-220.599609375,-25.276676177978516,212.754944868011,-221.21776104152246,-25.283276706963328,0.9549533929117441,0.3463857961047287,0.07936692230058588,3.617639345525264e-05,20.615389289298687,27.4370186561377,nan,0.012744505229516121,nan
155.29,212.0356903076172,-220.5955047607422,-25.278039932250977,212.76367019531872,-221.21393792646748,-25.2847047929168,0.955227050357476,0.34643207297727446,0.0793892693220312,3.689861173663356e-05,20.57667168319754,27.301573256674114,nan,nan,nan
155.3,212.04428100585938,-220.59133911132812,-25.27948570251465,212.7473748344096,-221.1988918956937,-25.284557931587052,0.9292400362896261,0.34637144207488607,0.07938004589776958,3.610257696078687e-05,20.0473008611267,26.49990074115143,6.1647326044581785,1.637500208035549,nan
155.31,212.05287170410156,-220.58712768554688,-25.281015396118164,212.75605816211444,-221.19494753098732,-25.286137686996753,0.9294850171507832,0.3464175279904689,0.07940238089217656,3.682299406335172e-05,20.008506382437584,26.62708334204911,nan,nan,nan
155.32,212.0614776611328,-220.58285522460938,-25.282625198364258,212.7647112456949,-221.1909214863926,-25.285389174507024,0.9296718199123809,0.34646369902462193,0.07942478071501227,3.6053327464399315e-05,19.471314829048186,25.505646672936933,nan,3.8639593777632366,nan
155.33,212.070068359375,-220.57855224609375,-25.284317016601562,212.7733946590105,-221.18687592497673,-25.28710965536597,0.9299104155132193,0.34650995579568283,0.07944724600158547,3.677292484293053e-05,19.431607934697066,26.38847248371098,nan,nan,nan
155.34,212.07867431640625,-220.57418823242188,-25.286088943481445,212.78207492749885,-221.1827775151407,-25.288648761385694,0.9301397139104334,0.3465562979860392,0.07946977642217079,3.600642709030078e-05,19.363940678980494,25.651602184610006,nan,0.04588410107112399,nan
155.35,212.08726501464844,-220.5697784423828,-25.28793716430664,212.77138007166963,-221.17264421283323,-25.290411262187042,0.91184794213959,0.3464956124632114,0.07946047811981577,3.670241657807925e-05,19.65802239677144,25.96774411362368,4.778457953832245,nan,nan
155.36,212.0958709716797,-220.5653076171875,-25.28986358642578,212.78002952310595,-221.16844996604078,-25.292558708609327,0.9120640767805317,0.3465417634135483,0.07948299579289766,3.5939894538569414e-05,19.657465210758144,25.30348832454342,nan,0.02459587320949007,nan
155.37,212.10446166992188,-220.56080627441406,-25.291868209838867,212.78867657449516,-221.1642055920235,-25.294594420940545,0.9122763859482156,0.3465880000070149,0.07950557909063087,3.665715588186598e-05,19.619216752929084,26.074554246160947,nan,nan,nan
155.38,212.11306762695312,-220.55624389648438,-25.293947219848633,212.79734365290395,-221.1599340508858,-25.29844837574105,0.9125216395333475,0.34663432197162064,0.07952822774721995,3.5897546401250124e-05,19.944604329453682,25.731904450459293,nan,2.0325347548271253,nan
155.39000000000001,212.1216583251953,-220.55165100097656,-25.29610252380371,212.8059900935461,-221.1555958014167,-25.300654856415665,0.9127321704010315,0.34668072985750614,0.07955094230262091,3.661418592394709e-05,19.907147458268916,26.470445332404033,nan,nan,nan
155.4,212.13026428222656,-220.5469970703125,-25.29833221435547,212.7731277038294,-221.1355389829002,-25.30200852303662,0.8715896264600685,0.3466199887807115,0.07954156526850266,3.5835573308497306e-05,20.02750114719596,25.371303786093183,16.81146598118219,0.5994081286136317,nan
155.41,212.13885498046875,-220.5423126220703,-25.300582885742188,212.78169980282848,-221.1310904271698,-25.304330299786113,0.8717355175306896,0.34666620511699814,0.07956426630700078,3.655075823839073e-05,19.995925339772228,26.081132289032873,nan,nan,nan
155.42000000000002,212.14744567871094,-220.53756713867188,-25.302820205688477,212.79024699744755,-221.12657305114354,-25.30444493097851,0.8718509849901972,0.3467125067737563,0.07958703292234738,3.579752139985621e-05,19.648877754639706,25.284390146219916,nan,3.303143446552682,nan
155.43,212.1560516357422,-220.5327911376953,-25.305030822753906,212.79881836713437,-221.12203469218034,-25.306732056779733,0.8719861992508536,0.34675889425986484,0.0796098655989513,3.6512207891806416e-05,19.616890669202224,25.43365874701042,nan,nan,nan
155.44,212.16464233398438,-220.5279541015625,-25.307207107543945,212.80738428673064,-221.11744743422665,-25.308514904821564,0.8721360658803663,0.3468053673650495,0.07963276415395348,3.576151508405792e-05,19.54929067926966,25.049582453931603,nan,0.15152356948813647,nan
155.45000000000002,212.17323303222656,-220.52308654785156,-25.309343338012695,212.8350231264453,-221.12095250504382,-25.310584705652303,0.8918583814536162,0.3467445706160251,0.07962330534071965,3.645319078024766e-05,19.52933097532786,25.516227529962237,4.337132515564791,nan,nan
155.46,212.1818389892578,-220.5181884765625,-25.311437606811523,212.84364830558243,-221.11631680361856,-25.31488155798284,0.8920543299601286,0.34679085187952635,0.0796461896217326,3.570583690632576e-05,19.780946166496282,25.941854660170463,nan,3.0563238564688064,nan
155.47,212.1904296875,-220.5132293701172,-25.313493728637695,212.8522506380827,-221.11161762647825,-25.3170364639908,0.8922376516123912,0.34683721888132535,0.07966914012601489,3.641879502024746e-05,19.756690560309593,25.526524417396004,nan,nan,nan
155.48,212.1990203857422,-220.50823974609375,-25.315507888793945,212.8608404331131,-221.10686526233195,-25.317972941250716,0.8923924922796688,0.34688367144833865,0.079692156718708,3.5673759502818305e-05,19.544325244557992,25.71918042758305,nan,0.9439286761392812,nan
155.49,212.20761108398438,-220.50318908691406,-25.317481994628906,212.8694418963179,-221.1020826472835,-25.320037575212684,0.8925805575958835,0.34693021003381563,0.07971523981254597,3.6386374550956e-05,19.51788492760646,25.094323695412733,nan,nan,nan
155.5,212.21620178222656,-220.4981231689453,-25.31941795349121,212.89352827240324,-221.10521390905174,-25.323355939255656,0.9095855367967961,0.34686935676135566,0.0797056954936745,3.562198568401567e-05,19.932040172899413,26.27567854764739,2.4267991480572246,1.2238424284396492,nan
155.51,212.2248077392578,-220.4929962158203,-25.321313858032227,212.9021539959227,-221.10036435675914,-25.325356205458462,0.9097858817425921,0.3469157031909832,0.07972876351632195,3.6333418480356954e-05,19.911453096790584,25.386307876075875,nan,nan,nan
155.52,212.2333984375,-220.4878387451172,-25.32317352294922,212.91079661509096,-221.09549049605474,-25.329106456805313,0.9100242530422816,0.34696213512968077,0.07975189783119824,3.5593588848102856e-05,20.41371153111066,26.410658324821807,nan,2.179276975023326,nan
155.53,212.2419891357422,-220.48265075683594,-25.324995040893555,212.91942146839182,-221.0905615185188,-25.33105078524185,0.9102234514274862,0.3470086529973143,0.07977509880985088,3.6304775527931225e-05,20.396941442687925,26.694922395098118,nan,nan,nan
155.54,212.25057983398438,-220.4774169921875,-25.326780319213867,212.9280418607712,-221.08558999648545,-25.332535577046915,0.9104187629259617,0.34705525667076587,0.07979836637899283,3.5566940908484655e-05,20.281062938045174,26.355968615790864,nan,0.12273902921746022,nan
155.55,212.25917053222656,-220.47213745117188,-25.32853126525879,212.91890565190266,-221.07259440856632,-25.334426901889856,0.8920951431034215,0.34699434664395157,0.07978873337841993,3.625556104985073e-05,20.281820288142445,25.958032456281064,2.954147830219547,nan,nan
155.56,212.26776123046875,-220.46682739257812,-25.330245971679688,212.92749493181122,-221.06753318026446,-25.33580662256624,0.8922594470697336,0.3470407578610215,0.07981198508473543,3.552051123430158e-05,20.156628599543048,26.102120259023916,nan,0.14241663379885913,nan
155.57,212.27635192871094,-220.4614715576172,-25.331926345825195,212.93608812191283,-221.06243789227972,-25.337604040140288,0.8924374578820518,0.3470872549181632,0.07983530361645835,3.623044292118307e-05,20.13991829195304,25.83426361659448,nan,nan,nan
155.58,212.28494262695312,-220.45608520507812,-25.333574295043945,212.944670863762,-221.05729659401518,-25.3382538113662,0.8925908236720806,0.34713383772211487,0.07985868893540742,3.5497192697636814e-05,19.83031778925703,25.70806717603112,nan,0.8525344465282466,nan
155.59,212.2935333251953,-220.45066833496094,-25.335187911987305,212.95326306544197,-221.05212698474688,-25.339974998959267,0.8927590681532894,0.3471805066480583,0.07988214136064889,3.620699741729966e-05,19.808883968107157,25.92539744588264,nan,nan,nan
155.6,212.30210876464844,-220.44520568847656,-25.33677101135254,212.96305727982968,-221.04284596775986,-25.341655297870084,0.8910952246516066,0.3471195390809869,0.0798724160505472,3.545404787667607e-05,19.302604604565246,25.65868206122123,1.940820716504196,0.004022981126950983,nan
155.61,212.31069946289062,-220.43971252441406,-25.338321685791016,212.97165608422083,-221.03758876882938,-25.343314572752075,0.8912601123334334,0.3471660152318085,0.07989585178845207,3.616287980510473e-05,19.28174528081558,25.55938862869914,nan,nan,nan
155.62,212.3192901611328,-220.43418884277344,-25.339841842651367,212.98025527058317,-221.03229696591202,-25.345060632766703,0.8914232657079108,0.34721257706837,0.07991935450470407,3.5433824900553515e-05,19.32319374830385,25.745479818935,nan,0.009415395726704367,nan
155.63,212.327880859375,-220.42861938476562,-25.341331481933594,212.98885286592184,-221.02696929147555,-25.34666142414169,0.8915912811273332,0.34725922493927214,0.07994292448870624,3.6142604529447674e-05,19.304081774590518,25.384832936508126,nan,nan,nan
155.64000000000001,212.3364715576172,-220.4230194091797,-25.342790603637695,212.99743959363192,-221.02159853248432,-25.346982265581833,0.8917361053132105,0.3473059587910616,0.07996656174668071,3.5415069989242536e-05,18.97730415245995,25.202858334113987,nan,1.0790275168145889,nan
155.65,212.3450469970703,-220.41738891601562,-25.344221115112305,212.9905566654362,-221.0058863768377,-25.34859791123296,0.8735165423116849,0.3472449333610335,0.07995674086169778,3.610160527184567e-05,18.592615614804537,25.34841432252539,3.51408818015346,nan,nan
155.66,212.3536376953125,-220.41171264648438,-25.345623016357422,212.99711234448762,-221.0029244885626,-25.350180726720268,0.8738488651181734,0.346798720665569,0.07923007958571478,3.5376146803726315e-05,25.692692551145765,31.78154037096557,nan,0.0043408962368657305,0.008267271634060137
155.67000000000002,212.36221313476562,-220.40602111816406,-25.34699821472168,213.00568234802577,-220.99744327499042,-25.351659211308725,0.8739877120920829,0.3468440757688611,0.07925054982480202,3.6084026512942946e-05,25.65204453768,32.61281927921625,nan,nan,nan
155.68,212.3708038330078,-220.40028381347656,-25.348344802856445,213.01425203084386,-220.99192393679368,-25.352833213798345,0.8741188504144857,0.3468895152303659,0.0792710802369258,3.536016944927098e-05,25.56744220595133,31.869059925352342,nan,0.053420777008815055,nan
155.69,212.37939453125,-220.39459228515625,-25.34966468811035,213.02282044115375,-220.98641334115644,-25.354256424433416,0.8742254559912505,0.3469350392040731,0.07929167188082578,3.606808600817549e-05,25.523209347128727,32.02034146792136,nan,nan,nan
155.70000000000002,212.38796997070312,-220.38897705078125,-25.3509578704834,213.06614867920885,-221.00028865614124,-25.355856992263842,0.9130455853420016,0.3468735397626271,0.07928265383443683,3.5324202417035725e-05,26.237155812117482,32.841968469405046,12.83279311794055,0.027324916094838076,nan
155.71,212.39654541015625,-220.38345336914062,-25.35222625732422,213.07476868997162,-220.99496050519608,-25.357231394032777,0.913210187264536,0.3469188747514957,0.07930323847629907,3.603130362039332e-05,26.19012539724583,32.72838408051568,nan,nan,nan
155.72,212.40513610839844,-220.37803649902344,-25.35346794128418,213.08338766382923,-220.9897352064958,-25.358932824308685,0.9133621111662725,0.34696429403856377,0.07932388357843297,3.531077971886867e-05,26.277369611083895,32.77519662000907,nan,0.08575953662173705,nan
155.73,212.41371154785156,-220.37271118164062,-25.354686737060547,213.09200710839087,-220.98460586096854,-25.360262051082316,0.913526710153346,0.3470097977798433,0.07934459010244622,3.601797399592118e-05,26.23202675970082,32.62353252292375,nan,nan,nan
155.74,212.42230224609375,-220.36749267578125,-25.355878829956055,213.1006286434645,-220.97956069578132,-25.360397979103826,0.9136598848509151,0.34705538610780595,0.0793653573977892,3.5298566441265434e-05,25.885617864847934,32.160970371487984,nan,0.9496958529285487,nan
155.75,212.43087768554688,-220.3623809814453,-25.3570499420166,213.115893016569,-220.97485845110097,-25.36162365407337,0.9189099920085388,0.3469938548002624,0.07935630082754615,3.598374311615438e-05,25.4311883310325,32.379301701650235,1.6780331571027178,nan,nan
155.76,212.439453125,-220.3573760986328,-25.358196258544922,213.1245267838922,-220.97003453301983,-25.363087544936686,0.919075731382388,0.3470392539262978,0.07937706062699515,3.526624479269262e-05,25.463499962627633,32.6565252739574,nan,0.032456657154757186,nan
155.77,212.4480438232422,-220.3524627685547,-25.35931968688965,213.13316082739738,-220.9653074896493,-25.364315458024702,0.9192327884085382,0.3470847374477045,0.07939788203860734,3.597281207059208e-05,25.416730335033588,32.05898329905078,nan,nan,nan
155.78,212.4566192626953,-220.34764099121094,-25.36042022705078,213.14179190284688,-220.96069819866221,-25.366770906425156,0.9194242859250228,0.3471303054950363,0.07941876449963625,3.525629101782469e-05,25.804823027017182,32.5994861744606,nan,1.0852764061950846,nan
155.79,212.46519470214844,-220.34292602539062,-25.361499786376953,213.15042571046286,-220.95616622722952,-25.36796870711115,0.919590630031898,0.347175958227228,0.07943970884157438,3.596301540583749e-05,25.760922349499868,32.918424689232474,nan,nan,nan
155.8,212.47378540039062,-220.3383026123047,-25.362558364868164,213.14591019275497,-220.94408191987634,-25.369076777761578,0.9048551241494134,0.3471143946110332,0.07943060986181902,3.522616986230545e-05,25.497897513813022,32.27917848045445,2.263803226776637,0.0001690733723010543,nan
155.81,212.48236083984375,-220.33377075195312,-25.36359405517578,213.15452450078988,-220.93972194540274,-25.370232028201187,0.9049999439919288,0.3471598579203167,0.07945154614879696,3.5932193354619514e-05,25.45508079043273,32.57248483789801,nan,nan,nan
155.82,212.49093627929688,-220.32933044433594,-25.36461067199707,213.16313693637437,-220.93546526748943,-25.372189645493126,0.9051577697031565,0.34720540569402875,0.07947254375611336,3.521828345162394e-05,25.79696295636022,32.94221204094005,nan,0.47129088234856586,nan
155.83,212.49952697753906,-220.32496643066406,-25.3656063079834,213.17175154259232,-220.93128606197683,-25.373313763532593,0.9053003733829658,0.3472510380928535,0.07949360343631089,3.592450535899374e-05,25.759925374892656,32.23165575551256,nan,nan,nan
155.84,212.5081024169922,-220.32070922851562,-25.3665828704834,213.1803664206626,-220.92719458263107,-25.374418853295616,0.9054417584881749,0.34729675525323705,0.0795147250303632,3.6645066836923846e-05,25.718320028839273,33.1785270367451,nan,nan,nan
155.85,212.51669311523438,-220.3165283203125,-25.367538452148438,213.17576048632282,-220.91704962585072,-25.375475975833425,0.8916606093806146,0.3472351588933754,0.07950558112726838,3.735622460542725e-05,25.668456130552755,32.47674723575292,1.6640103341224537,nan,nan
155.86,212.5252685546875,-220.31228637695312,-25.36858367919922,213.18435361451864,-220.91305519330368,-25.376885659098956,0.8918437136977078,0.3472806863951298,0.07952669382098629,3.655716054201847e-05,25.817515324281537,32.571604158471224,nan,0.05376997314639173,nan
155.87,212.5338592529297,-220.30799865722656,-25.369714736938477,213.1929478783121,-220.9090060831827,-25.378098187126845,0.8920078611761108,0.34732629846204865,0.0795478688014118,3.7289774770233214e-05,25.76748855298907,32.46097492124176,nan,nan,nan
155.88,212.5424346923828,-220.30368041992188,-25.370933532714844,213.20153822256793,-220.90492971352654,-25.381117688780908,0.8922005904489064,0.3473719952191172,0.07956910565119095,3.6494600537625386e-05,26.67120117763103,34.34497596223742,nan,1.9169023766878022,nan
155.89000000000001,212.551025390625,-220.29928588867188,-25.372236251831055,213.21013334355828,-220.90078110298828,-25.382521407133016,0.8923707586452065,0.3474177768307125,0.07959040505850969,3.722579915602091e-05,26.622594489254013,33.11099391032479,nan,nan,nan
155.9,212.55960083007812,-220.29486083984375,-25.37362289428711,213.23701790847412,-220.91013320519718,-25.38454618028704,0.9151903079945748,0.3473561472389262,0.07958121246673724,3.641175076867469e-05,27.89519030163156,34.923517966774035,6.515673500938891,0.1698131194455022,nan
155.91,212.5681915283203,-220.29037475585938,-25.375091552734375,213.2456358603926,-220.90592074075184,-25.38612553414359,0.9153957785132363,0.34740173897057464,0.07960250268833986,3.71407014883042e-05,27.84862458351736,34.20246917361114,nan,nan,nan
155.92000000000002,212.57676696777344,-220.28585815429688,-25.376644134521484,213.25425535070994,-220.9016533863862,-25.387218233315867,0.9155905681270201,0.34744741532955165,0.07962385503835678,3.63539342921424e-05,27.594806192611976,34.799125043751864,nan,0.21251641357011897,nan
155.93,212.58535766601562,-220.28128051757812,-25.378276824951172,213.2628733542387,-220.89734603779488,-25.388958150143015,0.9157938216084368,0.34749317648140277,0.07964527013535219,3.708164783657204e-05,27.547710597616682,34.01727628052054,nan,nan,nan
155.94,212.5939483642578,-220.2766571044922,-25.379989624023438,213.27150231215708,-220.89294339308205,-25.38672960380953,0.9159331684928055,0.3475390225493014,0.07966674766538351,3.629840158457174e-05,25.674151792590383,32.1842393043117,nan,10.751933606412805,nan
155.95000000000002,212.60252380371094,-220.27200317382812,-25.38178062438965,213.27289869589,-220.88298510756155,-25.388556702025962,0.9070542071127116,0.34747735925657447,0.07965750367840348,3.70016111787687e-05,25.296260282587987,32.797621724098875,1.1578784136744935,nan,nan
155.96,212.61111450195312,-220.2672882080078,-25.383651733398438,213.28151060161767,-220.8785169338046,-25.389735986499893,0.9072312295222233,0.34752301520887136,0.07967897144459817,3.622274395341389e-05,25.02856878667621,31.676035862608078,nan,0.3815405984681175,nan
155.97,212.61968994140625,-220.2625274658203,-25.385601043701172,213.290120458359,-220.8740128091177,-25.391748000284036,0.9074299908005513,0.34756875589147607,0.0797005021471469,3.6947308362206175e-05,24.97966691920509,31.896522908650027,nan,nan,nan
155.98,212.62828063964844,-220.2577362060547,-25.387624740600586,213.29873167580482,-220.86945847517723,-25.393313578425076,0.9076018341207682,0.347614581426664,0.0797220955330728,3.6171726261401715e-05,24.8010288715673,31.966224300899526,nan,0.18148798759498716,nan
155.99,212.63687133789062,-220.2528839111328,-25.389724731445312,213.30734123083923,-220.8648662463487,-25.395475225735442,0.9077914541079241,0.34766049198138843,0.07974375213037314,3.689528796431388e-05,24.754581343049754,31.33135120602643,nan,nan,nan
156.0,212.64544677734375,-220.2480010986328,-25.39189910888672,213.33789569470053,-220.87056916059046,-25.397596725594926,0.9311868543715823,0.34759879445816655,0.07973445307754648,3.610068130925969e-05,24.854372364805776,32.31869549331946,4.534074574344612,0.004288887856618023,nan
156.01,212.65403747558594,-220.24307250976562,-25.394147872924805,213.34654140075565,-220.86590828909607,-25.39990846930645,0.9314071498868253,0.34764451465748475,0.07975609928291644,3.682240752793004e-05,24.807252262032776,31.849099365224074,nan,nan,nan
156.02,212.66261291503906,-220.23809814453125,-25.39641761779785,213.35518688306107,-220.86120477085174,-25.402235940261907,0.9316407149875665,0.34769031964522484,0.079777808415281,3.605400221846371e-05,24.795417516304894,32.033344432419874,nan,0.0006855046041026042,nan
156.03,212.67120361328125,-220.23309326171875,-25.398672103881836,213.36383209061302,-220.85645987602638,-25.404599812483994,0.931855826388153,0.3477362095889702,0.07979958094954563,3.6774873939065434e-05,24.761713004168264,32.12585085661543,nan,nan,nan
156.04,212.67977905273438,-220.22804260253906,-25.40089988708496,213.37247586947285,-220.85167849928044,-25.407410245610684,0.9320906588911679,0.34778218460999033,0.07982141671167861,3.600940569764627e-05,24.932756963566607,32.42193043233019,nan,0.14497280134582086,nan
156.05,212.68836975097656,-220.2229461669922,-25.403091430664062,213.38794464565044,-220.85756997769812,-25.40957003212307,0.9445604197984075,0.3477204523535151,0.07981205968863238,3.6706554079424e-05,26.062067385228495,32.39287068784028,8.198708784732219,nan,nan
156.06,212.6969451904297,-220.2178192138672,-25.405242919921875,213.39658721279656,-220.85274282296777,-25.412506874179012,0.9448172912718985,0.34776623677459934,0.07983388443990896,3.594485356161165e-05,26.337210627371263,33.328781621506124,nan,0.2912124300574085,nan
156.07,212.7055206298828,-220.212646484375,-25.4073543548584,213.40523141672148,-220.84786932898086,-25.414751321462845,0.9450703479860616,0.3478121060872523,0.0798557727829275,3.666331080171649e-05,26.313224585383107,33.10567256790046,nan,nan,nan
156.08,212.714111328125,-220.20742797851562,-25.409423828125,213.41387081879162,-220.84297147094895,-25.418557910889415,0.9453371393425255,0.34785806041237055,0.07987772458965292,3.5904328549035987e-05,27.098182914395124,33.39601235268099,nan,1.7201432465919761,nan
156.09,212.72268676757812,-220.20217895507812,-25.411453247070312,213.4225143397858,-220.8380196661118,-25.42073845763729,0.9455888407575292,0.34790409991815635,0.0798997402665896,3.662212301680634e-05,27.080033057262177,33.94340566449465,nan,nan,nan
156.1,212.7312774658203,-220.19688415527344,-25.413440704345703,213.42307695493633,-220.8294976892392,-25.422373795727783,0.9374786486205795,0.3478423323627103,0.07989032169383839,3.584389210230166e-05,26.961236560475253,33.20330062030256,1.1184855755904533,0.25484985052522785,nan
156.11,212.73985290527344,-220.19155883789062,-25.415390014648438,213.43170594062065,-220.82446423836785,-25.424471986545853,0.9377165620196382,0.3478881810197624,0.07991232569937705,3.65601879016646e-05,26.94258076700094,33.70529821012355,nan,nan,nan
156.12,212.74842834472656,-220.1862030029297,-25.417301177978516,213.44033908218682,-220.81937967799925,-25.42495502625012,0.9379295026057746,0.34793411462376556,0.07993439339834181,3.580724435321071e-05,26.273142102111997,33.247275818532586,nan,1.6762747669018248,nan
156.13,212.7570037841797,-220.18080139160156,-25.419174194335938,213.44896736079693,-220.81427182796332,-25.426962007578197,0.9381679141520355,0.3479801333430538,0.0799565251576514,3.6522998282260974e-05,26.249688674627418,32.93423098501848,nan,nan,nan
156.14000000000001,212.76559448242188,-220.1753692626953,-25.421009063720703,213.45759396385114,-220.80913153504443,-25.429412959399688,0.9383967847419709,0.3480262372982677,0.07997872090820053,3.577245269976508e-05,26.51551575745399,33.10380486381589,nan,0.15606848409851565,nan
156.15,212.774169921875,-220.16989135742188,-25.422807693481445,213.48360107768514,-220.81987396532375,-25.431252518870185,0.9622064593863817,0.34796443390910753,0.0799692377287676,3.646508733730321e-05,27.749600935854755,33.82000562954808,10.146001848460992,nan,nan
156.16,212.78274536132812,-220.1643829345703,-25.424570083618164,213.4922484628643,-220.81469339748296,-25.432276076602886,0.9624747953016654,0.34801034676245396,0.07999142115010857,3.5717753025448926e-05,27.410304591173407,33.65522151677261,nan,0.5226624236103644,nan
156.17000000000002,212.79132080078125,-220.15884399414062,-25.42629623413086,213.5008930907831,-220.80948443809757,-25.434134703066913,0.9627498447915916,0.34805634466481616,0.08001366882070732,3.643168792034905e-05,27.387388151287073,33.802280663855385,nan,nan,nan
156.18,212.79989624023438,-220.15325927734375,-25.427989959716797,213.50953455283087,-220.80424812131417,-25.43695407269782,0.9630438022230807,0.34810242773692385,0.08003598070531247,3.568655329282627e-05,27.907407615622386,33.95842037956345,nan,0.6715520966298156,nan
156.19,212.8084716796875,-220.14764404296875,-25.429649353027344,213.5181782663457,-220.79896974544678,-25.43875544292541,0.9633231704510008,0.3481485961470324,0.08005835712044405,3.640009982989437e-05,27.888017863307002,34.06145124629356,nan,nan,nan
156.20000000000002,212.81704711914062,-220.14199829101562,-25.431276321411133,213.531745940789,-220.79986295745616,-25.441979403718985,0.9714395920423294,0.34808675632656316,0.0800488058203399,3.563545141116873e-05,29.444368343029062,35.42547330580322,2.0240442096804214,1.5673479672864221,nan
156.21,212.82562255859375,-220.13632202148438,-25.43286895751953,213.5403913825874,-220.79453516549904,-25.443730127393216,0.9717288612148681,0.3481327333773231,0.08007116921372033,3.6347769040401676e-05,29.42957899253981,35.52348778297349,nan,nan,nan
156.22,212.83419799804688,-220.13059997558594,-25.434431076049805,213.5490338744331,-220.78918000504575,-25.44628220244058,0.9720382886331537,0.3481787955309307,0.08009359703828488,3.56076434190097e-05,30.084850160011648,35.79697890361133,nan,0.47240893263771705,nan
156.23,212.8427734375,-220.12486267089844,-25.435962677001953,213.5576780507598,-220.78378618374995,-25.447979645202356,0.9723236135019252,0.3482249429553537,0.08011608958183801,3.631966949765873e-05,30.07026617790179,36.268742247393476,nan,nan,nan
156.24,212.85134887695312,-220.11907958984375,-25.437461853027344,213.56631691961857,-220.7783707393356,-25.45126402938003,0.9726431112711463,0.3482711757716995,0.0801386468519288,3.558145508988693e-05,31.403989767101425,37.239242942962775,nan,1.7848601854072632,nan
156.25,212.85992431640625,-220.11328125,-25.438932418823242,213.56315450693293,-220.77393253857835,-25.452850830321307,0.9649800765544632,0.34820929895506963,0.08012902425968307,3.6270819851870065e-05,32.34782962979011,37.97904620372438,5.625447600058221,nan,nan
156.26,212.86849975585938,-220.10743713378906,-25.44037437438965,213.5717716917363,-220.7684498867285,-25.45329142899542,0.9652440756825861,0.3482553401506031,0.08015156781317684,3.5535320294917756e-05,31.659215598847872,36.881514529053554,nan,0.9594537613147308,nan
156.27,212.87705993652344,-220.1015625,-25.44178581237793,213.58038517524068,-220.76294356986688,-25.454876269922366,0.9655375037116072,0.3483014665489036,0.08017417627244122,3.624600023256691e-05,31.64747600083376,37.21818536342619,nan,nan,nan
156.28,212.88563537597656,-220.0956573486328,-25.44317054748535,213.58900123836872,-220.75739926566283,-25.45525757190875,0.9658012203826614,0.34834767827153934,0.08019684966918944,3.551223598417179e-05,30.99065618650516,36.242150017067026,nan,0.9485080463755566,nan
156.29,212.8942108154297,-220.0897216796875,-25.44452667236328,213.59761330190008,-220.75183150498435,-25.456776637441752,0.9660820567486939,0.3483939754858362,0.08021958825521115,3.622274448822388e-05,30.97635232725044,36.23775849932422,nan,nan,nan
156.3,212.90277099609375,-220.08375549316406,-25.44585609436035,213.58658623709954,-220.7321587011859,-25.456531917967702,0.9424139097098062,0.3483320610476329,0.08020989090305485,3.5469185135083745e-05,29.243471303573184,34.912483660466926,6.262899192711591,1.9609773039451557,nan
156.31,212.91134643554688,-220.0778350830078,-25.447160720825195,213.59517119733576,-220.72652984273338,-25.457981245749334,0.9426230847431414,0.34837816637527813,0.08023261504850863,3.6178676273660686e-05,29.215851980235914,34.936463457091385,nan,nan,nan
156.32,212.919921875,-220.0719757080078,-25.448436737060547,213.60375237222493,-220.72096210506075,-25.460568987175225,0.9428439340566895,0.3484243569589384,0.08025540433726444,3.5449007887806665e-05,30.080338063284906,35.39945171011345,nan,0.9317244412031664,nan
156.33,212.92848205566406,-220.06622314453125,-25.449687957763672,213.6123361766436,-220.71547323982495,-25.46197963723191,0.9430446598140042,0.3484706329653301,0.08027825900099017,3.615840359756051e-05,30.051008039008877,36.0120614309229,nan,nan,nan
156.34,212.9370574951172,-220.06056213378906,-25.45091438293457,213.6209179698039,-220.71008667325003,-25.463890350784588,0.943247396997406,0.34851699451688817,0.0803011791014309,3.543021576643942e-05,30.571625358116428,35.85650866415064,nan,0.1893335347978689,nan
156.35,212.94561767578125,-220.0550079345703,-25.452117919921875,213.62650946105106,-220.70533927068652,-25.46527811057137,0.9416568698844241,0.3484550418642074,0.08029140373527385,3.611728923203285e-05,30.8929855478607,36.23141295418053,0.4393701047068323,nan,nan
156.36,212.95419311523438,-220.04957580566406,-25.45329475402832,213.63508738114714,-220.7001625635811,-25.465518635862956,0.9418224642771065,0.3485012112596003,0.08031430866504388,3.539138164476135e-05,30.264833223701707,35.79595880736955,nan,0.8422103027775807,nan
156.37,212.96275329589844,-220.0442352294922,-25.454450607299805,213.6436621677586,-220.69509862881287,-25.466830057943902,0.9420261711605541,0.3485474660079576,0.08033727915341245,3.609979850433141e-05,30.234464075295698,35.56305946616321,nan,nan,nan
156.38,212.9713134765625,-220.0390167236328,-25.455581665039062,213.65223583584134,-220.690142611958,-25.468467367101667,0.9422240832895233,0.3485938062324467,0.08036031527870544,3.537521853563829e-05,30.627177466460466,36.48791597650092,nan,0.0837398504264294,nan
156.39000000000001,212.97988891601562,-220.0338897705078,-25.45669174194336,213.66081030698047,-220.68528958630375,-25.46973828639661,0.9424149155306538,0.3486402320987279,0.08038341724784757,3.6083631523797395e-05,30.59781137665515,35.799187862839474,nan,nan,nan
156.4,212.9884490966797,-220.02886962890625,-25.457778930664062,213.69202292780307,-220.6981047822277,-25.470856470910114,0.9711142303260126,0.34857824058211434,0.08037356043233733,3.533897730702623e-05,31.855582015315562,37.209298275174675,9.684506075708683,0.01490860198827481,nan
156.41,212.9970245361328,-220.02394104003906,-25.458845138549805,213.70062595071823,-220.69349757030167,-25.47208429237146,0.9713579016087867,0.3486244740183677,0.08039664647609816,3.604653496463327e-05,31.82816206748478,36.657088257521835,nan,nan,nan
156.42000000000002,213.00558471679688,-220.0191192626953,-25.459888458251953,213.70923091151138,-220.6889865390075,-25.472607794146764,0.9715976104929986,0.34867079286097163,0.08041979835226262,3.532525628482815e-05,31.492897198567146,36.90038377205001,nan,0.3240854433755148,nan
156.43,213.01416015625,-220.014404296875,-25.460912704467773,213.71783441230087,-220.6845754676869,-25.473788396156063,0.9718295325069068,0.3487171972747548,0.08044301625428411,3.603286849613207e-05,31.461037059837974,36.87461618855576,nan,nan,nan
156.44,213.02272033691406,-220.009765625,-25.461915969848633,213.72644188176423,-220.6802546485848,-25.473680284220258,0.9720688980348207,0.34876368738409175,0.08046630028062521,3.5312696611604714e-05,30.728210347865318,35.97173286996788,nan,1.1168562333261574,nan
156.45000000000002,213.0312957763672,-220.00521850585938,-25.46289825439453,213.77055156569577,-220.69260958827778,-25.474833788358882,1.0095286420974783,0.34870165638484013,0.08045635870551755,3.599823058771733e-05,30.927825927372087,36.309179299848154,11.66267974979502,nan,nan
156.46,213.03985595703125,-220.00064086914062,-25.46396827697754,213.7792171926584,-220.68843407662825,-25.47523647886425,1.0098720242624692,0.348747953786874,0.08047962604283043,3.52799653488548e-05,30.526903774033954,36.72079253657262,nan,0.40329189725663545,nan
156.47,213.04843139648438,-219.99600219726562,-25.465126037597656,213.78788103659008,-220.68421473229233,-25.476481725164607,1.0102233491958401,0.34879433668866205,0.08050295958561898,3.59868769072115e-05,30.47171200001794,35.93923589713843,nan,nan,nan
156.48,213.05699157714844,-219.99131774902344,-25.46636962890625,213.79654618858277,-220.67994783821493,-25.477360661480105,1.010580637965473,0.3488408052154857,0.08052635944312973,3.5269588122950856e-05,30.27299447710159,36.10203131814432,nan,0.14301646474385196,nan
156.49,213.06556701660156,-219.98660278320312,-25.467697143554688,213.80521029276161,-220.67563706498998,-25.478774784429707,1.0109219216011023,0.3488873595308486,0.0805498257927013,3.597662189178184e-05,30.21702771123676,36.14021876099321,nan,nan,nan
156.5,213.0741424560547,-219.98182678222656,-25.46910858154297,213.83427660489593,-220.6959100931899,-25.479626033800066,1.0429906596096346,0.34882528837893334,0.08053979604588472,3.523899487041265e-05,32.32138074291376,37.23233508893829,24.478834253537695,0.28954746857873487,nan
156.51,213.08270263671875,-219.97702026367188,-25.47060203552246,213.8429554480836,-220.6915789043267,-25.481202893969062,1.0434034532827647,0.34887164970544743,0.08056324492176899,3.594529411964999e-05,32.269695792072014,37.88341487504422,nan,nan,nan
156.52,213.09127807617188,-219.97215270996094,-25.472179412841797,213.85163100965107,-220.68720788167846,-25.48421578799801,1.043832053721909,0.3489180965857208,0.08058676029838711,3.5230627955471855e-05,33.22008346864659,38.07917714914109,nan,1.2750614394523845,nan
156.53,213.099853515625,-219.96725463867188,-25.473834991455078,213.86030999125217,-220.6827899438525,-25.485971549897194,1.0442375784916171,0.3489646291822959,0.08061034234462107,3.593709330540755e-05,33.16928141188235,38.352812884426335,nan,nan,nan
156.54,213.10841369628906,-219.96231079101562,-25.47557258605957,213.8689923407367,-220.6783259551386,-25.48647922198246,1.04464182586713,0.34901124762186303,0.08063399118238102,3.522321564194726e-05,32.40981192476099,37.86460256039974,nan,1.2318810319857394,nan
156.55,213.1169891357422,-219.95733642578125,-25.477388381958008,213.91414837134113,-220.68397199480324,-25.488495877379005,1.0786961914844841,0.348949135675209,0.08062386991928282,3.5907772286011956e-05,31.631956378745546,38.19138642909126,16.048661981246063,nan,nan
156.56,213.12554931640625,-219.95230102539062,-25.47928237915039,213.92289640088313,-220.6794318184929,-25.490468204474073,1.0791694427148604,0.3489955608411872,0.08064750048781429,3.5195485933882486e-05,31.7133351969699,38.21338906821377,nan,0.00013267794399214375,nan
156.57,213.13412475585938,-219.94723510742188,-25.481252670288086,213.93164426615334,-220.6748507973368,-25.492532800079655,1.0796245656884702,0.3490420716504408,0.0806711979008668,3.59014552729006e-05,31.664095234480918,38.03141672439534,nan,nan,nan
156.58,213.1427001953125,-219.942138671875,-25.483299255371094,213.94038746399184,-220.67023349973894,-25.496528858490944,1.0800935512139846,0.349088668230655,0.08069496228682933,3.518984857705932e-05,33.05374076967721,39.66768691618056,nan,2.4002593103618928,nan
156.59,213.15126037597656,-219.93698120117188,-25.485422134399414,213.94913489326905,-220.6655719934146,-25.498766379827078,1.080567608607455,0.34913535074290797,0.08071879380488729,3.589603211572048e-05,33.00306568754316,39.51617083043088,nan,nan,nan
156.6,213.1598358154297,-219.93179321289062,-25.48761749267578,213.9791806918905,-220.6654031177372,-25.501064938739553,1.0998592423020448,0.3490731973140978,0.08070857763131013,3.5163846905016475e-05,32.52453479587116,39.69314727126058,6.985972977414487,0.009933103318012974,nan
156.61,213.1684112548828,-219.92657470703125,-25.48988914489746,213.98796954672738,-220.6606604202395,-25.503451777802205,1.100337027041706,0.34911968626387524,0.08073239006641489,3.586938315603859e-05,32.47011724381494,39.81696185968943,nan,nan,nan
156.62,213.17697143554688,-219.9213104248047,-25.492176055908203,213.9967648621242,-220.6558735562264,-25.50294523762522,1.1007998144886764,0.3491662609118155,0.0807562696517086,3.515983015506522e-05,30.600510741877397,38.23342712346579,nan,6.047776700280341,nan
156.63,213.185546875,-219.916015625,-25.49445152282715,214.00555307038593,-220.65105390661523,-25.505352899237167,1.1012766573022477,0.34921292141798566,0.08078021654158107,3.586561275233219e-05,30.575353377516063,37.94834219963279,nan,nan,nan
156.64000000000001,213.19410705566406,-219.91067504882812,-25.49669647216797,214.01434242967903,-220.64619549554698,-25.507125079123504,1.1017645629489135,0.34925966791156177,0.08080423087161927,3.515658231825569e-05,30.315432299711752,37.92930376672463,nan,0.26463274091422984,nan
156.65,213.2026824951172,-219.90528869628906,-25.498905181884766,214.00971560917742,-220.63009053154144,-25.50952059802156,1.0847823904519878,0.3491974723377284,0.08079391642655645,3.58405687289264e-05,29.625451641802705,36.545223715113416,3.901948654290874,nan,nan
156.66,213.21124267578125,-219.89988708496094,-25.501073837280273,214.03444452221734,-220.62557066918163,-25.509486220559584,1.0974282266169466,0.34206883978946706,0.0808123905864293,3.5132790579629345e-05,35.49539368359393,43.39796530052847,nan,3.8655885179072325,0.03546642852890539
156.67000000000002,213.21981811523438,-219.89442443847656,-25.50320053100586,214.04322138244322,-220.62056490210347,-25.511736006947835,1.097882401587736,0.34211000173539713,0.08083671300117866,3.583822051597386e-05,35.46153329183877,42.31585898292261,nan,nan,nan
156.68,213.22837829589844,-219.88894653320312,-25.505287170410156,214.0519978483732,-220.61552322839754,-25.513945440615828,1.0983341144029433,0.342151247513039,0.08086109673465906,3.655797665941879e-05,35.4216284724507,43.237728533619915,nan,nan,nan
156.69,213.2369384765625,-219.8834228515625,-25.50733184814453,214.0607739406841,-220.61044600087715,-25.516114499152213,1.0987923673481552,0.34219257726689284,0.08088554193137071,3.729220351016412e-05,35.38367080905765,42.94676401876181,nan,nan,nan
156.70000000000002,213.24551391601562,-219.87786865234375,-25.509336471557617,214.02809172363246,-220.58197691061525,-25.51771606286308,1.052742457532204,0.3421269020112134,0.0808750312538778,3.647552121030928e-05,34.37428383255722,41.119229172575885,16.68557864368058,0.1987405320765799,nan
156.71,213.2540740966797,-219.87228393554688,-25.511301040649414,214.0368076586548,-220.57678434884164,-25.51980119140195,1.05312150957881,0.342168064051908,0.08089945062758833,3.720738544557492e-05,34.33234700757211,41.60910384045188,nan,nan,nan
156.72,213.26263427734375,-219.8666534423828,-25.513225555419922,214.04552148238474,-220.571557552336,-25.52192191079696,1.053507383288148,0.342209309096318,0.08092393155014067,3.6418048247784636e-05,34.41042275867047,41.37573589371555,nan,0.003554793986701338,nan
156.73,213.27120971679688,-219.8610076904297,-25.515113830566406,214.05423651578238,-220.56629697332235,-25.52393173896089,1.0538698667298472,0.3422506388399579,0.08094847416666487,3.714856640165731e-05,34.3680990972726,41.480742562154354,nan,nan,nan
156.74,213.27976989746094,-219.85531616210938,-25.516963958740234,214.06292679492987,-220.5610033863616,-25.52700925437783,1.0542438486851136,0.34229205190329043,0.08097307862118534,3.6362637367015965e-05,34.99224824675816,42.15361489935846,nan,0.7972595064099917,nan
156.75,213.288330078125,-219.84959411621094,-25.518775939941406,214.06928365331183,-220.559632550291,-25.528854570166903,1.0555305032329465,0.3422264645727304,0.08096246790247537,3.706837009476809e-05,35.8820386391295,42.51507951389737,4.408627384194189,nan,nan
156.76,213.29689025878906,-219.8438262939453,-25.520551681518555,214.07795540725223,-220.5542889769371,-25.531880232547092,1.0559111355299233,0.34226770978984,0.08098704594259976,3.628673678745106e-05,36.62455275263454,42.910755003386534,nan,0.8166849937229164,nan
156.77,213.3054656982422,-219.83804321289062,-25.522293090820312,214.0866510325558,-220.54891287379783,-25.533766548327428,1.05627545724218,0.34230903959900605,0.08101168590333675,3.701388364128587e-05,36.588544118634864,42.99016746557456,nan,nan,nan
156.78,213.31402587890625,-219.8322296142578,-25.52400016784668,214.09534785802092,-220.54350476871483,-25.53554607980521,1.056650220497994,0.342350452728081,0.0810363879291282,3.623545591535575e-05,36.65361316154177,43.482457766652026,nan,0.003475384602443185,nan
156.79,213.3225860595703,-219.8263702392578,-25.525671005249023,214.1040426374554,-220.53806507096013,-25.537364155894508,1.057033890830218,0.34239195071217676,0.08106115216448857,3.6961492590136724e-05,36.61914631910388,43.07574671436267,nan,nan,nan
156.8,213.33114624023438,-219.82049560546875,-25.527311325073242,214.1192264696272,-220.53730060448476,-25.53817794993816,1.0653628199398213,0.34232644886847186,0.08105043873122125,3.616382941769276e-05,36.519444763192084,43.34699659333049,0.9843525483832357,0.7436417651325173,nan
156.81,213.33970642089844,-219.8145751953125,-25.52891731262207,214.1279265160878,-220.5318094957167,-25.539922780308604,1.065756576548137,0.34236777881069524,0.08107517594430262,3.688791974470962e-05,36.48349873387786,42.92316546747582,nan,nan,nan
156.82,213.3482666015625,-219.8086395263672,-25.53049087524414,214.1366240557248,-220.52628792825794,-25.54173305305614,1.0661393393133891,0.3424091920701694,0.08109997544576522,3.6116564848613755e-05,36.642460312612,43.52023154923846,nan,0.006194797833099803,nan
156.83,213.35682678222656,-219.8026580810547,-25.532033920288086,214.1453230301045,-220.52073628629662,-25.543416916955113,1.0665328004211487,0.3424506900795174,0.08112483738019668,3.6839695620434766e-05,36.60613948788087,43.05185268090478,nan,nan,nan
156.84,213.36538696289062,-219.79666137695312,-25.533546447753906,214.15403506848534,-220.51515512638005,-25.544398143151327,1.0669193323380626,0.3424922717196936,0.0811497618919398,3.607123995562666e-05,36.29681428957159,43.153960967654605,nan,0.30041867662551003,nan
156.85,213.3739471435547,-219.79061889648438,-25.5350284576416,214.1494583793471,-220.50540939073244,-25.546195434735868,1.0547359048051232,0.34242685568505604,0.08113894305747385,3.6770407093816524e-05,36.76939392364089,42.70259818960338,4.026015109450307,nan,nan
156.86,213.38250732421875,-219.78456115722656,-25.536479949951172,214.1580932341442,-220.49976619648626,-25.54951049117122,1.0550931460595452,0.3424682691313625,0.08116383992301868,3.600570357114825e-05,38.038441126995274,44.362418461721276,nan,1.977867134958222,nan
156.87,213.39105224609375,-219.77847290039062,-25.537904739379883,214.16676177571063,-220.49409507919336,-25.551091596346925,1.0554687443640733,0.34250976722362464,0.0811887994415518,3.672621055033357e-05,38.001250298963804,44.64141721765534,nan,nan,nan
156.88,213.3996124267578,-219.77235412597656,-25.53929901123047,214.17543258810355,-220.48839584140768,-25.552504236170495,1.0558347593036401,0.3425513489400072,0.08121382175697739,3.596421026766333e-05,38.06043939822915,44.28822753347865,nan,0.013255697832915735,nan
156.89000000000001,213.40817260742188,-219.76622009277344,-25.540666580200195,214.1841000406394,-220.48266873255125,-25.554029178658517,1.0561915518013667,0.3425930155678532,0.08123890701452335,3.6683954424399886e-05,38.02240401641581,44.614586435523876,nan,nan,nan
156.9,213.41673278808594,-219.76004028320312,-25.542007446289062,214.16936416691075,-220.47260883589783,-25.55457358540282,1.0365162046651257,0.3425276830585379,0.08122798007938502,3.59025870262971e-05,38.70554354732879,43.76409244040014,13.091415438117608,0.5403831140384815,nan
156.91,213.42527770996094,-219.75384521484375,-25.543319702148438,214.17797345484493,-220.46683150457125,-25.556035947738852,1.036851983943594,0.34256918128336833,0.08125303705126508,3.6620731253569475e-05,38.668183362183434,44.42089324648982,nan,nan,nan
156.92000000000002,213.433837890625,-219.7476806640625,-25.544607162475586,214.18660596311446,-220.4610582087613,-25.556210623661983,1.0371605143619236,0.3426107631225045,0.08127815703598694,3.5864778671580415e-05,37.94816893612656,43.29143204203727,nan,1.0702944876509533,nan
156.93,213.4423828125,-219.74159240722656,-25.545867919921875,214.195214199311,-220.45533959233086,-25.55761006087233,1.0374622976697494,0.3426524297715991,0.08130334017948337,3.6582285193504056e-05,37.89947248775262,43.56260703680826,nan,nan,nan
156.94,213.45094299316406,-219.735595703125,-25.547103881835938,214.20385747453173,-220.44971051736357,-25.55705303882704,1.0377567970834813,0.34269418034586857,0.08132858662463115,3.582874356105725e-05,36.83031661551477,41.98576073953302,nan,2.51296440579508,nan
156.95000000000002,213.45948791503906,-219.72972106933594,-25.548316955566406,214.1836273975567,-220.43554587217847,-25.558253472699878,1.0112691910769147,0.342628931344354,0.08131754888020236,3.6522932802448456e-05,37.576702103094,42.64725783883864,13.371203234560532,nan,nan
156.96,213.46804809570312,-219.72393798828125,-25.549503326416016,214.19221427130284,-220.4301242203206,-25.55728026097266,1.0115216878128555,0.342670513344837,0.08134276638432485,3.577263170454545e-05,36.502559948444485,40.78387648941605,nan,3.5088632007433933,nan
156.97,213.47659301757812,-219.71829223632812,-25.550668716430664,214.2007596591763,-220.42481234414896,-25.558541147523016,1.0117558809960274,0.3427121800551782,0.08136804726043068,3.648813163291803e-05,36.442902371621926,41.718279185063416,nan,nan,nan
156.98,213.4851531982422,-219.71273803710938,-25.551809310913086,214.20931040875146,-220.41961240645927,-25.55946106524892,1.0119948561730916,0.34275393067659304,0.0813933916505129,3.574005803821254e-05,36.32009083843969,40.79571506788771,nan,0.06866001770145526,nan
156.99,213.4936981201172,-219.70730590820312,-25.552927017211914,214.21785538217867,-220.41452256383744,-25.560674374581886,1.0122347354982344,0.3427957662761467,0.08141879970179776,3.645508079359689e-05,36.26243529340287,41.393125165997866,nan,nan,nan
157.0,213.50225830078125,-219.70196533203125,-25.55402183532715,214.2231847279889,-220.40765851148663,-25.562297500270656,1.0088638479034122,0.34273059863307526,0.08140764842707231,3.568744286744248e-05,36.46676066041529,40.85079541181144,0.3745220322029229,0.08376961769917185,nan
157.01,213.51080322265625,-219.69674682617188,-25.555095672607422,214.23172492684924,-220.40278084103215,-25.563473310039218,1.0090997564786084,0.34277226543686373,0.0814330268671607,3.640114819792457e-05,36.41040770126525,41.54760937990671,nan,nan,nan
157.02,213.5193634033203,-219.69163513183594,-25.556148529052734,214.2402651798455,-220.3980081629137,-25.56462850309139,1.009323605386717,0.3428140165557432,0.08145846903183845,3.712923268503136e-05,36.354594295664846,41.32227796501072,nan,nan,nan
157.03,213.5279083251953,-219.68661499023438,-25.557180404663086,214.24880556410014,-220.39333841305822,-25.56576348554939,1.0095664885018465,0.34285585213421377,0.08148397506560578,3.787184082896285e-05,36.29939332942222,41.28475051096262,nan,nan,nan
157.04,213.53646850585938,-219.6816864013672,-25.558191299438477,214.25733915257112,-220.38876921101027,-25.567301714549032,1.0098037376871074,0.34289777188123427,0.08150954511072417,3.7039342571465324e-05,36.53426129188255,41.03745629770649,nan,0.11252918579002609,nan
157.05,213.54501342773438,-219.67672729492188,-25.559289932250977,214.26465808322638,-220.3829382382181,-25.568408270674084,1.0083181396291208,0.3428326852735892,0.08149827758238715,3.775556805647195e-05,36.384067992792,41.55325863884114,0.15797731309587482,nan,nan
157.06,213.55357360839844,-219.67173767089844,-25.560474395751953,214.27318947929442,-220.37835188645,-25.570237561557054,1.0085861245681764,0.34287443603842765,0.08152381733059667,3.692955552104763e-05,36.71070583036732,41.980416157977544,nan,0.2190172593835887,nan
157.07,213.56211853027344,-219.66668701171875,-25.561744689941406,214.28173086062628,-220.37372480505744,-25.57157113175152,1.0088810168517084,0.34291627161825056,0.08154942115620763,3.76670759862147e-05,36.642930006419896,41.65348304971004,nan,nan,nan
157.08,213.5706787109375,-219.66160583496094,-25.563098907470703,214.29025618126644,-220.36905557847624,-25.574022306379355,1.0091561802063045,0.3429581913503376,0.08157508919841372,3.684630823806717e-05,37.26693088897199,42.32132043437437,nan,0.6770160435802466,nan
157.09,213.57923889160156,-219.65647888183594,-25.56453514099121,214.2987979869711,-220.3643473688737,-25.57553643023296,1.0094375240871147,0.3430001961659906,0.0816008216072602,3.758194026601113e-05,37.19902309685929,42.13718107157702,nan,nan,nan
157.1,213.58778381347656,-219.6513214111328,-25.566055297851562,214.27574749895317,-220.3459719612258,-25.57755075040644,0.9777349153571749,0.34293518853141886,0.08158943508799144,3.674335246953572e-05,37.711693605879056,42.87489391081896,10.380184089578517,0.16126874207160008,nan
157.11,213.59634399414062,-219.6461181640625,-25.567657470703125,214.2842337686314,-220.34116390598044,-25.57923505073377,0.9779647056855296,0.3429770241277916,0.08161513649999529,3.747628809449483e-05,37.64171186062617,42.393094711054395,nan,nan,nan
157.12,213.60488891601562,-219.640869140625,-25.569339752197266,214.29273154887014,-220.33631787828747,-25.580247205788808,0.9782103080792018,0.34301894385616033,0.08164090233034539,3.6666518924583965e-05,37.25942596697024,42.09077790334606,nan,0.3652144996785515,nan
157.13,213.6134490966797,-219.63558959960938,-25.57110023498535,214.30121802033696,-220.3314321433657,-25.582087007450564,0.978439393738398,0.34306094857006725,0.08166673273010983,3.73978033345855e-05,37.19178444409118,42.052931121355364,nan,nan,nan
157.14000000000001,213.62200927734375,-219.63026428222656,-25.572940826416016,214.30971555867652,-220.32650942683853,-25.583249441914333,0.9786743576561961,0.3431030377231686,0.08169262783698854,3.6592759745695234e-05,36.81878979399976,41.46580596346801,nan,0.3699085005674513,nan
157.15,213.63055419921875,-219.6249237060547,-25.574859619140625,214.29297985811846,-220.30666217624275,-25.585168051376524,0.9506215645977305,0.3430381085194555,0.08168111959551815,3.729895022862227e-05,36.17572035495891,41.924170039657724,6.56839133209957,nan,nan
157.16,213.6391143798828,-219.61952209472656,-25.576852798461914,214.30141357089596,-220.30163230967202,-25.588407800521615,0.9508144308024578,0.3430800282480062,0.08170698299056821,3.6499470300220436e-05,36.93493296880927,41.71433764495193,nan,0.889691484307088,nan
157.17000000000002,213.64767456054688,-219.6140899658203,-25.57892417907715,214.30986386872513,-220.2965677676664,-25.590564912815083,0.9510027006061688,0.3431220328661622,0.08173291115430362,3.722685377072411e-05,36.86590948937955,41.84058362144798,nan,nan,nan
157.18,213.65621948242188,-219.60862731933594,-25.581069946289062,214.3182789877106,-220.29146313501346,-25.59528503610693,0.9512042937737845,0.34316412189801054,0.0817589042234411,3.643176902362257e-05,38.71921768709137,44.1305355055984,nan,4.022928160395138,nan
157.19,213.66477966308594,-219.60313415527344,-25.583288192749023,214.32672847032623,-220.28632664913118,-25.597618557579185,0.951385077887276,0.34320629609168596,0.0817849623504861,3.7157813482650995e-05,38.646523980146014,44.03066012536109,nan,nan,nan
157.20000000000002,213.67332458496094,-219.59759521484375,-25.585580825805664,214.36422592852904,-220.30712302383398,-25.599111094884464,0.990432959092148,0.34314144333040525,0.08177332963905413,3.6344634973561384e-05,40.42919224364774,44.82747146326588,21.386441960431245,0.40667904179257225,nan
157.21,213.681884765625,-219.59202575683594,-25.587890625,214.37269535274834,-220.30197845837432,-25.601554887282816,0.9906759398345525,0.3431834478514525,0.08179935532556674,3.706852862977081e-05,40.38095748013321,44.69329813077687,nan,nan,nan
157.22,213.6904296875,-219.58641052246094,-25.590185165405273,214.38116151708695,-220.2967989536863,-25.60422527293631,0.9909385996331258,0.3432255367570886,0.08182544611231801,3.6282729459108625e-05,40.729542079881924,44.977979547685244,nan,0.03318599563837976,nan
157.23,213.69898986816406,-219.58078002929688,-25.592449188232422,214.38963023389832,-220.29158576066538,-25.606651514501205,0.9911763761305605,0.34326771073189893,0.08185160215273313,3.70054782059971e-05,40.697584748307875,45.269294747696236,nan,nan,nan
157.24,213.70753479003906,-219.57510375976562,-25.594675064086914,214.39811130573003,-220.2863405856914,-25.608058107948633,0.9914297012092363,0.3433099693951222,0.08187782358218473,3.6223594870241765e-05,40.14254213921312,44.623661590429265,nan,0.6412964425768288,nan
157.25,213.71609497070312,-219.56939697265625,-25.59686279296875,214.37078275430184,-220.2535930868809,-25.61039276035272,0.947060439851079,0.34324519227993255,0.08186606366706903,3.6922249737797414e-05,38.22702859565459,43.243415955518955,20.378367738939758,nan,nan
157.26,213.72463989257812,-219.56365966796875,-25.59900665283203,214.37923051076257,-220.24822023355367,-25.61141385681544,0.947241249143912,0.34328728104730677,0.0818922519128149,3.614508902991561e-05,37.475394055746435,42.82183438763914,nan,1.091883257017322,nan
157.27,213.73318481445312,-219.55789184570312,-25.601110458374023,214.387661747537,-220.24281259098626,-25.613666706283887,0.9474250063301416,0.34332945479293314,0.08191850560448095,3.6864903423317456e-05,37.44024266918919,42.861238454110314,nan,nan,nan
157.28,213.7417449951172,-219.55209350585938,-25.603172302246094,214.39608470807795,-220.23737167656026,-25.616527719925095,0.9475995981310368,0.3433717131931889,0.08194482487660207,3.609135781277335e-05,38.053640469639646,43.32930578203404,nan,0.2790864573228791,nan
157.29,213.7502899169922,-219.54624938964844,-25.605192184448242,214.40451528050932,-220.23190008853118,-25.618706304227935,0.9477923499274125,0.3434140568471117,0.08197120988382858,3.681027927063004e-05,38.022123277879224,43.09167292519319,nan,nan,nan
157.3,213.7588348388672,-219.54039001464844,-25.607173919677734,214.41462373246944,-220.2197663782824,-25.61928036015796,0.9443293293855014,0.34334935347396645,0.08195932001307735,3.601828671551392e-05,35.911186449424065,42.06352164519733,5.838101817760575,1.8156428432954266,nan
157.31,213.76739501953125,-219.5345001220703,-25.609113693237305,214.42307251916554,-220.21420958852838,-25.621366060461146,0.9444935483220482,0.3433915269729697,0.08198567108016401,3.6735496933087534e-05,35.874398492353436,41.82870751180097,nan,nan,nan
157.32,213.77593994140625,-219.528564453125,-25.61101722717285,214.4315148848375,-220.20862117774567,-25.623913851508306,0.9446808869009293,0.3434337850895835,0.08201208791570713,3.596968199273688e-05,36.35913610608898,42.03799670982348,nan,0.16713790677070733,nan
157.33,213.78448486328125,-219.52261352539062,-25.61288070678711,214.43996247711726,-220.20300363997958,-25.625929011284235,0.944855474938247,0.34347612837169056,0.08203857067510051,3.6686155391430023e-05,36.320974029804475,42.528528970449415,nan,nan,nan
157.34,213.79302978515625,-219.51663208007812,-25.614709854125977,214.44840413781085,-220.19735536705738,-25.62839475334236,0.9450328100229379,0.34351855657229546,0.08206511949179186,3.5923522077168e-05,36.83825361623151,43.03898911310653,nan,0.15883707007198852,nan
157.35,213.80157470703125,-219.51060485839844,-25.616500854492188,214.44023396211867,-220.18013688315085,-25.63020897468839,0.9253900198495747,0.3434539259301601,0.08205309693465751,3.661666387512427e-05,36.11921331626019,42.02662411959698,4.2347589376267845,nan,nan
157.36,213.81011962890625,-219.5045623779297,-25.618255615234375,214.44866444494963,-220.17440664815717,-25.63174011853831,0.9255337164478769,0.34349618373559476,0.08207961104093767,3.5858000322238575e-05,36.00297315848134,42.42143062010565,nan,0.09642229748663686,nan
157.37,213.8186798095703,-219.4984893798828,-25.619976043701172,214.45709033797468,-220.16864688860954,-25.633611871958294,0.9256700411553873,0.343538526619734,0.08210619125632737,3.6572312514180415e-05,35.962344495778524,42.10639644245499,nan,nan,nan
157.38,213.8272247314453,-219.49240112304688,-25.621662139892578,214.4655014160669,-220.16285600272533,-25.636800770477233,0.9258164234621037,0.34358095438120034,0.0821328377136336,3.581656218801027e-05,37.21993590308363,44.0960325049859,nan,1.2293835736991616,nan
157.39000000000001,213.8357696533203,-219.48626708984375,-25.623313903808594,214.47392628809632,-220.1570396603183,-25.63861899424255,0.9259665099790997,0.34362346749955086,0.08215955056918767,3.653033687908786e-05,37.17953612763096,43.424270153169886,nan,nan,nan
157.4,213.8443145751953,-219.4801025390625,-25.62493324279785,214.4940241661464,-220.14651913268833,-25.63739803679174,0.9308001933406505,0.34355890774403963,0.0821473925756449,3.575574734862889e-05,33.554178865396985,40.483799018757985,11.685140485389562,6.050666520222923,nan
157.41,213.8528594970703,-219.4739227294922,-25.62652015686035,214.5024890845877,-220.14062406278754,-25.639122648252265,0.9309501015549029,0.3436012501971767,0.08217406993769316,3.646815830917199e-05,33.5065971269987,40.910138568354185,nan,nan,nan
157.42000000000002,213.8614044189453,-219.46771240234375,-25.628076553344727,214.51098126637336,-220.13470770841724,-25.638026221305857,0.9310917328229097,0.3436436774835814,0.08220081372288858,3.571875327855157e-05,31.866314231711065,39.14271909893319,nan,5.273226551439633,nan
157.43,213.86993408203125,-219.4614715576172,-25.629600524902344,214.519444985447,-220.12875902050297,-25.63966186916593,0.9312562496052688,0.34368619004232714,0.08222762408809622,3.643074998766731e-05,31.816371895502584,39.229417245108245,nan,nan,nan
157.44,213.87847900390625,-219.45521545410156,-25.631093978881836,214.52792683355253,-220.12278783196768,-25.639331585815683,0.9313985297873759,0.3437287877327064,0.08225450116534189,3.568387333830136e-05,30.881596847873862,38.46902398149921,nan,2.5446594195937724,nan
157.45000000000002,213.88702392578125,-219.44891357421875,-25.632558822631836,214.558136712158,-220.12569687240332,-25.640660000766395,0.9531493239923682,0.3436642976730309,0.08224220501275063,3.6373107215186116e-05,30.663026372722477,37.616972802162515,7.19286451829912,nan,nan
157.46,213.89556884765625,-219.44261169433594,-25.633995056152344,214.5666492526756,-220.11968482163715,-25.64098911198754,0.9533235791332393,0.3437067244418193,0.08226904580021728,3.562953783692172e-05,30.173125646882614,38.1178237016779,nan,0.973288521290636,nan
157.47,213.90411376953125,-219.43626403808594,-25.635400772094727,214.57515014542903,-220.1136448208409,-25.64247415404712,0.9535117069842448,0.343749236399467,0.08229595334599801,3.6339979471915384e-05,30.1216817202151,37.29459121198019,nan,nan,nan
157.48,213.9126434326172,-219.42990112304688,-25.63677978515625,214.5836632757598,-220.1075826570229,-25.6425368564047,0.9537048994592531,0.3437918334410337,0.08232292778169337,3.5598703288274934e-05,29.618135766270704,37.47935524503432,nan,1.3273930570728054,nan
157.49,213.9211883544922,-219.4235076904297,-25.63813018798828,214.5921632697859,-220.10149277212233,-25.643953999856883,0.9538894195533776,0.3438345159519996,0.08234996926479127,3.6308884777701e-05,29.565414795026204,36.91243739727082,nan,nan,nan
157.5,213.9297332763672,-219.41709899902344,-25.639453887939453,214.64119562460118,-220.11534664744045,-25.647687903257147,0.9968932994472196,0.34377009378290435,0.08233753221108438,3.5548367937628864e-05,30.820912162821493,38.63157464808311,15.44231626329378,3.868049692743258,nan
157.51,213.93826293945312,-219.41065979003906,-25.6407527923584,214.64976054500434,-220.10924191063174,-25.649075997058212,0.9971534975385424,0.3438126050913205,0.08236453659574089,3.625745464320339e-05,30.767730163798326,38.702634082328025,nan,nan,nan
157.52,213.94680786132812,-219.4042510986328,-25.64202308654785,214.65832669265305,-220.10314520141634,-25.65021719177413,0.9973861627253684,0.34385520143337683,0.08239160804482741,3.552131066837512e-05,30.688336660612944,37.96719252566347,nan,0.0337054824437643,nan
157.53,213.95533752441406,-219.39793395996094,-25.64327049255371,214.66689027706465,-220.09710899299986,-25.651553554598564,0.9976079669622004,0.34389788316312736,0.08241874671614988,3.623023254582722e-05,30.627313288028027,38.57785252100289,nan,nan,nan
157.54,213.96388244628906,-219.3917236328125,-25.64449119567871,214.67543931121276,-220.09116208734505,-25.654571225641075,0.9978120718366589,0.3439406502227504,0.08244595274084247,3.549604597340466e-05,31.5306947452665,39.27554728455593,nan,1.9953355503248924,nan
157.55,213.972412109375,-219.3856201171875,-25.645689010620117,214.66937530871652,-220.08865326168157,-25.655912185869585,0.9900089983458621,0.3438762946043692,0.08243337207639269,3.618261850422127e-05,33.06835169393462,39.93959554086189,11.784760213813412,nan,nan
157.56,213.98095703125,-219.37962341308594,-25.646862030029297,214.67788972373955,-220.08295167040984,-25.657551013851627,0.9902020348323731,0.3439188901898199,0.08246054018147102,3.545116584542619e-05,33.34040539639647,39.61152262868002,nan,0.08695794227022109,nan
157.57,213.98948669433594,-219.37376403808594,-25.648012161254883,214.686406866236,-220.07736697206707,-25.65881513204548,0.9903895793504635,0.3439615710820215,0.0824877756801858,3.615899710848688e-05,33.27852135035609,40.61679436869383,nan,nan,nan
157.58,213.99801635742188,-219.36801147460938,-25.649139404296875,214.69492646096762,-220.0718989971982,-25.659728434824604,0.9905823865019407,0.3440043372506237,0.08251507870345715,3.542929945292506e-05,33.150788577800036,40.189997296541996,nan,0.0743572670005392,nan
157.59,214.00656127929688,-219.36236572265625,-25.650243759155273,214.70344338331222,-220.06654504003117,-25.66094530612044,0.9907712657434676,0.344047189008501,0.08254244940940536,3.6137081883110816e-05,33.09242400784507,39.59631356556926,nan,nan,nan
157.6,214.0150909423828,-219.35684204101562,-25.65132713317871,214.72780383176283,-220.07062666154314,-25.661803649866187,1.0087407519238663,0.3439828981580799,0.08252972240596523,3.53877545181258e-05,33.373860000452495,40.490355852325116,2.6705878289928746,0.04987009143701742,nan
157.61,214.0236358642578,-219.35140991210938,-25.652387619018555,214.7363437294772,-220.06551468075514,-25.66297429243636,1.0089649148519764,0.344025578150005,0.08255705435917847,3.6094645242233535e-05,33.31698471561361,39.50817748257651,nan,nan,nan
157.62,214.03216552734375,-219.34609985351562,-25.653427124023438,214.74489314994426,-220.06051455608932,-25.662787158484544,1.009186128281768,0.3440683433625932,0.08258445400479904,3.536903553093746e-05,32.62551186545541,39.63822317438416,nan,1.2362878905435313,nan
157.63,214.04071044921875,-219.3408966064453,-25.654447555541992,214.75343340947964,-220.05561836133438,-25.663904209842382,1.0094011260669937,0.3441111940848592,0.0826119215010622,3.60759494456308e-05,32.56507204490419,39.3256501668402,nan,nan,nan
157.64000000000001,214.0492401123047,-219.33566284179688,-25.655553817749023,214.76198427060552,-220.05075902056262,-25.663542250527808,1.0096685570698947,0.34415413032224534,0.08263945697871827,3.535180672564277e-05,31.837775651142056,39.23557602071381,nan,1.584051192011156,nan
157.65,214.0577850341797,-219.3303680419922,-25.65674591064453,214.77589599305452,-220.0443264024349,-25.664682536910217,1.012661285790399,0.344089902777524,0.08262658094439385,3.6036662250025345e-05,31.213076914757394,37.83561102344201,2.016389685961411,nan,nan
157.66,214.06631469726562,-219.32505798339844,-25.658023834228516,214.78446074073014,-220.03938129410477,-25.664944916944265,1.012936046030623,0.34413266696294426,0.08265407682434933,3.531476548485343e-05,30.767524081166368,38.54672533121615,nan,0.7594844369086547,nan
157.67000000000002,214.07485961914062,-219.3197021484375,-25.659385681152344,214.79301902340526,-220.03439626460573,-25.666329351365874,1.0132071970605354,0.3441755165789341,0.08268164071951473,3.602093528856616e-05,30.6978461351014,37.870434664958005,nan,nan,nan
157.68,214.08338928222656,-219.31430053710938,-25.660831451416016,214.8090666486821,-220.02462041053417,-25.668188082821242,1.0154881007641983,0.34304573663241633,0.08223724723737119,3.53000964205763e-05,39.83253768661689,47.06753127905895,nan,0.1034949198626512,0.047855362225731876
157.69,214.09193420410156,-219.30886840820312,-25.6623592376709,214.81763201523557,-220.0195486199842,-25.669744752646416,1.0157550011362642,0.3430867291400022,0.08226241038166386,3.600636869640366e-05,39.74375848667521,46.90067395412844,nan,nan,nan
157.70000000000002,214.1004638671875,-219.30340576171875,-25.663969039916992,214.81146881610576,-220.0092045139039,-25.67253123780274,1.0018748560598871,0.34301856255235336,0.0822511222792688,3.526579042742092e-05,40.6077404154162,47.958282455672105,3.7295228910521296,0.7092358573820562,nan
157.71,214.1090087890625,-219.2978973388672,-25.66565704345703,214.82000417612352,-220.0040549739822,-25.674264891801915,1.0021213205527526,0.34305938793760926,0.08227625569236914,3.5971320186768e-05,40.51983008965983,47.2323276396763,nan,nan,nan
157.72,214.1175537109375,-219.2923583984375,-25.66742706298828,214.82858769619602,-219.99885326365575,-25.67369563230325,1.002369002779727,0.3431002964414463,0.0823014506163953,3.525393729470374e-05,39.50465272062595,46.42223048795538,nan,3.95331168202494,nan
157.73,214.12608337402344,-219.2867889404297,-25.669273376464844,214.83712280384742,-219.993633277325,-25.67556657261749,1.0026193653042963,0.34314128938950406,0.08232670733750976,3.5959628002216926e-05,39.419023877076086,46.85501477718624,nan,nan,nan
157.74,214.13462829589844,-219.2811737060547,-25.67119789123535,214.84565324764864,-219.98838048818104,-25.677754247703746,1.0028663422944384,0.3431823657738109,0.08235202586102197,3.524329791849038e-05,39.46861844846755,46.21820329107604,nan,0.0392526981440388,nan
157.75,214.14315795898438,-219.27554321289062,-25.673200607299805,214.84485823744194,-219.96668421708495,-25.679744291208106,0.9849375555157044,0.34311432054556024,0.08234063258377727,3.592712679396226e-05,37.04699458546591,46.14830193240314,20.478246768448102,nan,nan
157.76,214.15170288085938,-219.26986694335938,-25.675277709960938,214.85345072850734,-219.9613007562645,-25.679872655289913,0.9851659113213656,0.3431552297080026,0.0823659207865704,3.521263412478217e-05,36.38056647237104,44.69524818043456,nan,2.7309775664431895,nan
157.77,214.1602325439453,-219.26416015625,-25.67742919921875,214.86200507189747,-219.95589737649036,-25.682036438912576,0.9853965138520704,0.3431962232065173,0.08239127100708263,3.591783150172956e-05,36.29586814890024,45.0968837092606,nan,nan,nan
157.78,214.1687774658203,-219.25840759277344,-25.679655075073242,214.87055471247336,-219.95046284250353,-25.684523062296215,0.9856244060992589,0.3432373001430863,0.08241668326192303,3.520424996714677e-05,36.30579973512558,44.29423736115485,nan,0.04274854289856602,nan
157.79,214.17730712890625,-219.2526397705078,-25.681955337524414,214.87910886685646,-219.94499422326194,-25.68683899042536,0.985852026271721,0.3432784616779575,0.0824421578211154,3.590966727565575e-05,36.2199788623686,45.25433888556447,nan,nan,nan
157.8,214.18585205078125,-219.24684143066406,-25.684268951416016,214.90331241727276,-219.94891328374004,-25.689168691652117,1.003831794586149,0.34321053607597185,0.08243065667873836,3.660650453311777e-05,36.63883612125159,45.24338881094355,2.4975512726771325,nan,nan
157.81,214.1943817138672,-219.24099731445312,-25.686569213867188,214.91188648198386,-219.9434000262908,-25.691530447357557,1.0040952523066746,0.3432515302266009,0.08245610030583576,3.733980237978266e-05,36.568659250411436,44.99887533918284,nan,nan,nan
157.82,214.2029266357422,-219.23513793945312,-25.688838958740234,214.92047294305186,-219.93785116226525,-25.693156502753897,1.0043391946125866,0.3432926077750646,0.08248160619069222,3.6541284735757434e-05,36.344398393991874,45.05495564030148,nan,0.32951892024623775,nan
157.83,214.21145629882812,-219.22923278808594,-25.691072463989258,214.9290462198131,-219.93227604905545,-25.695456406695055,1.0046015829409756,0.3433337698557488,0.0825071746020306,3.727310980613814e-05,36.27623719689515,44.786052212076,nan,nan,nan
157.84,214.22000122070312,-219.2233123779297,-25.69326400756836,214.93762074709738,-219.926669902457,-25.69761971444054,1.0048425568982815,0.3433750156504992,0.08253280556272341,3.647852384773558e-05,36.20553975516695,44.97230750601176,nan,0.006297782583605476,nan
157.85,214.22853088378906,-219.21734619140625,-25.69541358947754,214.93219943355692,-219.91098591095638,-25.6998730053214,0.9880816640640859,0.34330720850396407,0.08252119392724272,3.7185369654582244e-05,35.52630097794553,44.288708467303934,2.847232530720415,nan,nan
157.86,214.237060546875,-219.21136474609375,-25.697521209716797,214.9407678261337,-219.9052947996188,-25.701462131170977,0.9883108746385735,0.3433482867948898,0.08254679333442788,3.6395586373576464e-05,35.341247044756386,44.717925295112394,nan,0.2278313931204385,nan
157.87,214.24560546875,-219.20533752441406,-25.699588775634766,214.9493258722263,-219.89957776328754,-25.703595727879247,0.9885383003233777,0.3433894495111225,0.08257245548158024,3.712381218317254e-05,35.274440651736846,43.66737143747927,nan,nan,nan
157.88,214.25413513183594,-219.1992950439453,-25.701614379882812,214.95788360725192,-219.89383162375617,-25.705689211716344,0.9887666972547918,0.34343069635541407,0.0825981804570751,3.7866578228319636e-05,35.20403037809574,44.533502832575564,nan,nan,nan
157.89000000000001,214.26266479492188,-219.19322204589844,-25.70359992980957,214.96644109175475,-219.88805668035323,-25.7077432364737,0.9889961639014722,0.3434720274722648,0.08262396840541265,3.862402900921776e-05,35.13396830495802,44.425251219668084,nan,nan,nan
157.9,214.27120971679688,-219.18711853027344,-25.70554542541504,214.97632952535344,-219.8859360885972,-25.70868261150757,0.9927485916267985,0.34340433712897583,0.08261224358298906,3.771991899377705e-05,35.521744948782924,43.99362343062495,1.271774884061098,0.6466038673546152,nan
157.91,214.2797393798828,-219.1809844970703,-25.70745277404785,214.98488010355032,-219.88011583897975,-25.710648420567345,0.9929845344068092,0.34344550056293144,0.0826379993350886,3.847335182544732e-05,35.45228731308737,44.20362137304825,nan,nan,nan
157.92000000000002,214.28826904296875,-219.17481994628906,-25.709321975708008,214.9934510575456,-219.87426031826965,-25.7112463160873,0.9932281765661397,0.34348674766869036,0.08266381807848378,3.760204624937674e-05,35.21194555008736,43.87216807974444,nan,1.0797747322826696,nan
157.93,214.2967987060547,-219.16864013671875,-25.711153030395508,215.0020007525318,-219.86838498978221,-25.713125021702588,0.9934569313735,0.3435280793928991,0.08268970006287622,3.835260877202294e-05,35.13927706888237,44.315667480705386,nan,nan,nan
157.94,214.30532836914062,-219.1624298095703,-25.712949752807617,215.01054307710578,-219.86248493516015,-25.715418505248778,0.9936855930995493,0.3435694951024802,0.08271564533010708,3.748850259208956e-05,35.125572716882765,44.185103749255696,nan,0.1245777448644653,nan
157.95000000000002,214.31387329101562,-219.15618896484375,-25.71470832824707,214.99630709059176,-219.84463139827835,-25.717201237478065,0.9693683972328094,0.3435019211356556,0.08270380478527622,3.821163121111693e-05,34.84535399655836,43.38070183266745,4.79498304723043,nan,nan
157.96,214.32240295410156,-219.14991760253906,-25.716432571411133,215.00483675517125,-219.83864819675128,-25.717838393291867,0.9695708847637193,0.3435431690233971,0.0827297172046819,3.735559337589189e-05,34.662196170457115,43.37552604773314,nan,0.8038362484996578,nan
157.97,214.3309326171875,-219.1436309814453,-25.718122482299805,215.01334902170856,-219.832644990712,-25.71957080740046,0.9697600485536643,0.34358450142625546,0.08275569307178973,3.809995260330279e-05,34.58899101960451,43.77365033656032,nan,nan,nan
157.98,214.33946228027344,-219.13731384277344,-25.71977996826172,215.02186971229472,-219.8266126419845,-25.720646512210553,0.9699554055574408,0.34362591780389234,0.08278173243932554,3.725062583777571e-05,34.479683325013795,43.48662596301464,nan,0.24178717872831443,nan
157.99,214.34799194335938,-219.13096618652344,-25.721403121948242,215.03038096270896,-219.82055810361285,-25.722307459492608,0.9701508149098981,0.3436674189634949,0.0828078355412333,3.799259369828339e-05,34.407634567282145,43.24172654731756,nan,nan,nan
158.0,214.3565216064453,-219.12460327148438,-25.722993850708008,215.05207714084187,-219.82028745301176,-25.724885619547084,0.9837568605333596,0.34359995930512843,0.0827958765221305,3.712648278325185e-05,34.437960172919766,43.77479602560666,1.7696522951176785,0.5912558932014783,nan
158.01,214.36505126953125,-219.1182098388672,-25.72455406188965,215.0606107950293,-219.8141916572395,-25.726493118217117,0.9839702764592729,0.34364129244940467,0.08282194610375276,3.7865270042676985e-05,34.36698280028532,43.480104644269694,nan,nan,nan
158.02,214.3735809326172,-219.11180114746094,-25.72608184814453,215.06915672568945,-219.80806672119803,-25.727123104856247,0.9841811404894402,0.3436827095525301,0.0828480793994461,3.702973254853178e-05,34.221522983396156,43.743201076306974,nan,0.5645144418314043,nan
158.03,214.38209533691406,-219.1053466796875,-25.72757911682129,215.0776891255893,-219.80192231261367,-25.728660943872775,0.9844132778360095,0.34372421134025155,0.08287427663334655,3.776642423342856e-05,34.150527909935484,43.161895931038806,nan,nan,nan
158.04,214.390625,-219.09889221191406,-25.729047775268555,215.08623088466854,-219.79575019715716,-25.72940488658552,0.984621107792771,0.3437657973947724,0.08290053787240276,3.6936898856489775e-05,34.047337047436585,43.703614909289804,nan,0.369941138085467,nan
158.05,214.39915466308594,-219.0924072265625,-25.730485916137695,215.07810525866591,-219.78481570708055,-25.73089305791209,0.9697440801036891,0.343698451285021,0.08288845780361771,3.764775761533095e-05,34.56189433102159,43.48527576889559,4.42498853759164,nan,nan
158.06,214.40768432617188,-219.0858917236328,-25.731895446777344,215.08660854739293,-219.77859427812365,-25.731644917891902,0.9699355596757264,0.3437398691630258,0.08291468484073593,3.682506222484803e-05,34.48717802178585,43.13469343268933,nan,0.30577431088718365,nan
158.07,214.4162139892578,-219.07936096191406,-25.733278274536133,215.09510232159835,-219.7723529705949,-25.733055668546257,0.9701171792299387,0.34378137163147116,0.08294097601681327,3.755703462853682e-05,34.41344316439549,43.40364205742416,nan,nan,nan
158.08,214.4247283935547,-219.0727996826172,-25.73463249206543,215.10359083431237,-219.7660903236252,-25.734812484571872,0.9703124026714756,0.34382295834388765,0.08296733140760582,3.6739911709910734e-05,34.33984096199843,43.385882341847314,nan,0.08888772976525652,nan
158.09,214.43325805664062,-219.06622314453125,-25.735960006713867,215.1120835358063,-219.75980333824572,-25.736173794797338,0.9704934631324723,0.343864629918747,0.08299375122445754,3.7470177627758184e-05,34.267030748526345,43.31064139031558,nan,nan,nan
158.1,214.44178771972656,-219.0596160888672,-25.737260818481445,215.09269468672497,-219.74582818382356,-25.737895479509397,0.9458156912137272,0.34379739539729837,0.08298154736820075,3.663584709709569e-05,35.19379472424694,43.27345557911718,12.604880238837668,0.08747464041734301,nan
158.11,214.45030212402344,-219.05299377441406,-25.738534927368164,215.10112573462155,-219.73949317608398,-25.73920979268191,0.9459668366535424,0.3438388985907842,0.08300793228228014,3.7363610670424053e-05,35.122504649755236,43.79762791061056,nan,nan,nan
158.12,214.45883178710938,-219.04640197753906,-25.739784240722656,215.1095316871118,-219.7331734811004,-25.742613598924812,0.9460832221506256,0.3438804860009435,0.0830343816167656,3.655800620664148e-05,35.2537520679091,43.51930411820259,nan,2.8879271697899225,nan
158.13,214.46734619140625,-219.03988647460938,-25.741008758544922,215.11796138026764,-219.72690253131773,-25.743899683243498,0.9462026968878621,0.3439221581840393,0.08306089557512311,3.728430267094428e-05,35.178980677279014,43.52592929411983,nan,nan,nan
158.14000000000001,214.4758758544922,-219.0334930419922,-25.74220848083496,215.12640174691307,-219.72072047803968,-25.744151366314295,0.9462923757329916,0.3439639148872229,0.08308747424457033,3.648364396873519e-05,34.974553110914385,43.790563253501794,nan,0.6626705523380654,nan
158.15,214.48439025878906,-219.02720642089844,-25.743385314941406,215.13411420540194,-219.7204997387488,-25.745181700349313,0.950157912338109,0.343896790920824,0.08307514399660855,3.718533849698902e-05,36.064471601213,44.13443093620723,5.965122148629219,nan,nan
158.16,214.492919921875,-219.02102661132812,-25.744537353515625,215.1425303488301,-219.71456658813645,-25.745984708522013,0.950259701911316,0.34393837906070474,0.0831016870526639,3.639041106390918e-05,35.955732712104265,43.33562551715976,nan,0.10417177999227498,nan
158.17000000000002,214.50143432617188,-219.01498413085938,-25.745668411254883,215.15094207167542,-219.7087541690821,-25.747161335689864,0.9503575149532099,0.34398005188643954,0.08312829492728017,3.711318431396984e-05,35.87422032084991,44.254441337286096,nan,nan,nan
158.18,214.5099639892578,-219.00904846191406,-25.746774673461914,215.15935505460035,-219.70306017993113,-25.74817836628608,0.9504540971794826,0.344021809199244,0.08315496771469236,3.632281232916506e-05,35.787975866819416,43.482529503977894,nan,0.012446000086252332,nan
158.19,214.5184783935547,-219.00323486328125,-25.747859954833984,215.16776646483683,-219.69748483067195,-25.749310718239382,0.9505577949003085,0.3440636514740581,0.08318170560814145,3.704442970610938e-05,35.70823590222793,43.879934371071144,nan,nan,nan
158.20000000000002,214.52700805664062,-218.99754333496094,-25.748924255371094,215.14251858068818,-219.66619589725624,-25.749948495625294,0.9088181904789693,0.34399663616863163,0.08316924624576011,3.623635904698539e-05,33.834064120543474,43.08005499976875,17.582203284985983,0.16431180666235806,nan
158.21,214.5355224609375,-218.99195861816406,-25.749967575073242,215.1508979899433,-219.6607937007737,-25.75103537824871,0.9088611278034875,0.3440383096633615,0.08319594779754316,3.695601551267624e-05,33.752253117790644,43.01026196335013,nan,nan,nan
158.22,214.54405212402344,-218.98634338378906,-25.751096725463867,215.15927556616825,-219.65543170446094,-25.752368027250284,0.9089448172646404,0.3440800676083883,0.08322271446003425,3.617515080359507e-05,33.69592257227185,42.9372653875058,nan,0.029630296628563816,nan
158.23,214.5525665283203,-218.98068237304688,-25.75231170654297,215.16765541254898,-219.65003469767416,-25.753578385348685,0.9090481144916444,0.34412191043191065,0.08324954642025366,3.689384222915005e-05,33.62539980564979,42.667506272959486,nan,nan,nan
158.24,214.56109619140625,-218.97500610351562,-25.753612518310547,215.17603911529602,-219.64460261167983,-25.754485869268997,0.9091287291300901,0.3441638380055017,0.0832764437815161,3.611697846703262e-05,33.531746881554156,43.15358449509079,nan,0.10048803312934476,nan
158.25,214.56961059570312,-218.9692840576172,-25.75499725341797,215.19831679503847,-219.65554799291556,-25.755935813780876,0.9307150771688669,0.34409693010462794,0.08326385268165472,3.681199942948883e-05,35.29682882728334,43.62203120959595,10.550412147650558,nan,nan
158.26,214.57814025878906,-218.96353149414062,-25.7564640045166,215.2067100858543,-219.65008810280364,-25.755946226898438,0.9308384781955115,0.3441386886968038,0.0832907129627759,3.603990365281192e-05,35.213377015894835,43.44526148999754,nan,1.4068547760908552,nan
158.27,214.58665466308594,-218.95774841308594,-25.758012771606445,215.2150907226969,-219.64460082289742,-25.75748012055707,0.930966378340457,0.3441805320857333,0.08331763873016047,3.6756020754076685e-05,35.14508075563698,43.77006767168296,nan,nan,nan
158.28,214.59518432617188,-218.95193481445312,-25.7596435546875,215.22347657227218,-219.63907950525183,-25.758506513111136,0.9310855306931547,0.3442224601832148,0.08334463009260969,3.5987583979117226e-05,35.10568790089975,43.56010274099454,nan,0.23224746223217405,nan
158.29,214.6037139892578,-218.94607543945312,-25.7613525390625,215.23185722279604,-219.6335285952478,-25.760198682948857,0.9312127010709528,0.34426447335693094,0.08337168722912386,3.6702980583702983e-05,35.0409405828723,43.00750339673532,nan,nan,nan
158.3,214.6122283935547,-218.94020080566406,-25.763141632080078,215.2646210514783,-219.6347119534661,-25.76216954035902,0.9528708514254428,0.34419767100073856,0.08335896168566043,3.5916327679425836e-05,34.27876136603104,43.538349329107476,9.006603158658821,0.023601607389467864,nan
158.31,214.62075805664062,-218.93429565429688,-25.7650089263916,215.2730535316631,-219.62910264798285,-25.764024091624282,0.9530199972242175,0.34423951496397603,0.08338598098728403,3.663018834428252e-05,34.21023831676706,43.2469873586559,nan,nan,nan
158.32,214.6292724609375,-218.92835998535156,-25.76695442199707,215.28147598452452,-219.62346674530562,-25.76721188552194,0.9531751728830428,0.34428144359108886,0.0834130660742717,3.586949969271799e-05,34.11575675486745,43.47047471262231,nan,1.0571118809559081,nan
158.33,214.63780212402344,-218.92237854003906,-25.76897621154785,215.2899082386083,-219.61779695909803,-25.769235271417994,0.953335842899785,0.344323457215368,0.0834402171208131,3.65827894114173e-05,34.04988116813011,42.49614255252181,nan,nan,nan
158.34,214.6463165283203,-218.9163818359375,-25.771072387695312,215.29834841358306,-219.61209430370596,-25.770262327903254,0.9534999073962378,0.3443655558003936,0.08346743424275375,3.582527546513653e-05,33.996912007789085,43.39398036851596,nan,0.7754703727366381,nan
158.35,214.65484619140625,-218.9103546142578,-25.773242950439453,215.32492009089583,-219.61543729290406,-25.77241521383329,0.972697948826886,0.34429885755089146,0.08345457162302995,3.6515585633328065e-05,34.144000174787855,43.146812562163056,3.0447721957066647,nan,nan
158.36,214.66336059570312,-218.904296875,-25.775487899780273,215.33340630870575,-219.60968499427347,-25.77120511178632,0.9729090392212161,0.3443407867059118,0.08348175014487125,3.5762005209649126e-05,34.56960793966823,43.8398630456859,nan,8.044874620956405,nan
158.37,214.67189025878906,-218.89820861816406,-25.777807235717773,215.34186717166494,-219.60391429893147,-25.77348564480142,0.9730921065357261,0.3443828007802611,0.0835089948085738,3.647345972429548e-05,34.50176968993884,43.40396548266786,nan,nan,nan
158.38,214.68040466308594,-218.89210510253906,-25.78013801574707,215.35033154710231,-219.59811373007213,-25.775270696810498,0.9732799714741108,0.3444248997667506,0.0835363057341749,3.5722758461708764e-05,34.58255503524942,44.45881838293896,nan,0.19757438016426931,nan
158.39000000000001,214.68893432617188,-218.88595581054688,-25.782455444335938,215.3587918918059,-219.59228675660628,-25.777590693523145,0.9734660905233441,0.3444670839546871,0.08356368308971747,3.643383015901216e-05,34.50282465440253,43.30173233034663,nan,nan,nan
158.4,214.69744873046875,-218.87979125976562,-25.784740447998047,215.35811572524915,-219.57866967675193,-25.779982317629337,0.9617351815994108,0.34440048796195216,0.08355068070616338,3.566439903432304e-05,33.89427273099027,43.8723345045785,1.9565890324577426,5.647641570782209e-06,nan
158.41,214.70596313476562,-218.87359619140625,-25.7869873046875,215.3665680886319,-219.57277000392352,-25.782248349861575,0.9619071591767342,0.34444250247833486,0.0835780186813721,3.637426180518952e-05,33.807680628513836,43.69919872345816,nan,nan,nan
158.42000000000002,214.71449279785156,-218.86737060546875,-25.789194107055664,215.37501770448313,-219.56684434658536,-25.784846384992154,0.9620683808749977,0.3444846018555889,0.08360542310132628,3.562978947313225e-05,33.65345481514439,43.10312426770134,nan,0.09330778254561592,nan
158.43,214.72300720214844,-218.8611297607422,-25.791358947753906,215.38346912517486,-219.5608910528272,-25.7870375758503,0.9622341149238952,0.34452678635838185,0.08363289413044277,3.633938433720837e-05,33.56651808213861,43.85069483440149,nan,nan,nan
158.44,214.7315216064453,-218.8548583984375,-25.793481826782227,215.39191590716305,-219.55491322861164,-25.789879800507265,0.9623982399526205,0.3445690560166349,0.08366043189408574,3.5597373790975784e-05,33.34763798962788,43.48110386942132,nan,0.32662281935233833,nan
158.45000000000002,214.74005126953125,-218.8485565185547,-25.795562744140625,215.37895307495702,-219.5463037963041,-25.792031441644355,0.9460757108605806,0.34450256069548035,0.08364728711294532,3.628448891295225e-05,34.53384016336981,43.47922712699661,10.849607226533381,nan,nan
158.46,214.74856567382812,-218.84222412109375,-25.7976016998291,215.3873541435373,-219.54027825131035,-25.793522065986377,0.9462277321861441,0.3445446604455563,0.0836747847054424,3.554569816958501e-05,34.5922732139256,43.66126127204883,nan,0.23483920388141316,nan
158.47,214.757080078125,-218.83587646484375,-25.79960060119629,215.39575126216639,-219.53422871430763,-25.795553016644853,0.946368389474621,0.34458684524604494,0.08370234908312317,3.625402125142236e-05,34.50820331891103,44.031044575376846,nan,nan,nan
158.48,214.76559448242188,-218.82949829101562,-25.801559448242188,215.4041523075116,-219.52815230156816,-25.79672819643307,0.9465182847882506,0.34462911514747596,0.0837299803744644,3.551744050659999e-05,34.646764228634396,43.97794330306666,nan,0.45718516029338135,nan
158.49,214.7741241455078,-218.82308959960938,-25.80348014831543,215.41254839842588,-219.52205303110452,-25.7986737626148,0.9466564881861678,0.3446714703834999,0.0837576787393042,3.6225636776597305e-05,34.562782497289476,43.410733559542294,nan,nan,nan
158.5,214.7826385498047,-218.81666564941406,-25.805360794067383,215.4098491625886,-219.50276780798106,-25.799995053695458,0.9296010520372805,0.34460507387612677,0.08374438889389488,3.546983770990117e-05,33.41862390376111,43.692351141301494,6.136247154364177,0.17674134385504062,nan
158.51,214.79115295410156,-218.8102264404297,-25.807205200195312,215.41824317213977,-219.4965868503901,-25.8018597739014,0.9297103460231452,0.34464725894986437,0.08377204628287986,3.6177070814626884e-05,33.326929592926895,43.99474721808762,nan,nan,nan
158.52,214.79966735839844,-218.8037567138672,-25.80901336669922,215.42663676220684,-219.49038200988258,-25.803688336552714,0.9298243309282409,0.3446895291038529,0.0837997707674393,3.6898633344037065e-05,33.23696822654826,43.635476010894216,nan,nan,nan
158.53,214.8081817626953,-218.79725646972656,-25.8107852935791,215.4350299569491,-219.48415352238038,-25.805481504016647,0.9299431970649988,0.3447318844825926,0.08382756249207342,3.763466979833172e-05,33.14854261484535,43.28815903573631,nan,nan,nan
158.54,214.8166961669922,-218.79074096679688,-25.81252098083496,215.44341789855957,-219.47790365376525,-25.808254679635283,0.9300488635046817,0.34477432519558765,0.08385542159499601,3.681514544337625e-05,32.82688374415918,43.399413376886635,nan,0.6556653265026589,nan
158.55,214.82521057128906,-218.78419494628906,-25.81422233581543,215.4620575524721,-219.46973940337404,-25.809936919174167,0.935715579050415,0.3447080257980486,0.08384198405824343,3.752556680229054e-05,31.786720783401524,42.57751298917771,5.475610927045657,nan,nan
158.56,214.83372497558594,-218.7776336669922,-25.81589126586914,215.47047672450856,-219.4634306559391,-25.81257058432872,0.9358318902081553,0.3447502960963416,0.0838698013700812,3.671224934068177e-05,31.52843263297465,42.64943325582381,nan,0.557895468071661,nan
158.57,214.8422393798828,-218.7710418701172,-25.817523956298828,215.47889959244893,-219.45709771831451,-25.81424758699887,0.935959180576948,0.34479265158444755,0.08389768609844646,3.74439275440233e-05,31.446917850898387,42.318725148824925,nan,nan,nan
158.58,214.8507537841797,-218.76443481445312,-25.81912612915039,215.4873160992371,-219.45074506007978,-25.8172763802028,0.9360751870306858,0.34483509234793397,0.08392563837711661,3.663559603907142e-05,31.18482944788579,42.33213068853867,nan,1.2319621089610648,nan
158.59,214.85926818847656,-218.75779724121094,-25.820695877075195,215.4957377333649,-219.44436789393973,-25.818903591238744,0.93620294543829,0.34487761858672683,0.08395365836078014,3.736572752972536e-05,31.110102488149337,41.90339811083573,nan,nan,nan
158.6,214.86778259277344,-218.7511444091797,-25.822235107421875,215.52409978197437,-219.4488950949427,-25.82208486410413,0.9579187308412137,0.3448114144187815,0.08394007048921592,3.6539627247293355e-05,31.32358429688148,42.188760027487895,3.683640384150176,1.6081380036438795,nan
158.61,214.8762969970703,-218.74447631835938,-25.82374382019043,215.53255047506036,-219.4424949663521,-25.823667277532678,0.9580702824836947,0.3448537699759355,0.08396804785358682,3.726740095145596e-05,31.254634089369553,42.40878051660569,nan,nan,nan
158.62,214.88479614257812,-218.73777770996094,-25.825220108032227,215.5410004706191,-219.43607392762098,-25.825296487812896,0.9582388708312324,0.34489621074758114,0.0839960929367423,3.646948282725207e-05,31.186674346994543,42.34958570957258,nan,0.0037539203602492883,nan
158.63,214.893310546875,-218.73106384277344,-25.826669692993164,215.5494504352146,-219.429632037749,-25.826821613009404,0.9583929774270084,0.3449387369214696,0.08402420589136107,3.7195923284820606e-05,31.119524866726355,42.119058809594996,nan,nan,nan
158.64000000000001,214.90182495117188,-218.72433471679688,-25.828088760375977,215.5579037784885,-219.42316802243897,-25.827287016177383,0.9585447613552484,0.3449813486015268,0.08405238685419322,3.640243829858467e-05,31.068251785873688,42.38846757471274,nan,0.6933918338332816,nan
158.65,214.91033935546875,-218.7175750732422,-25.829479217529297,215.55453763257066,-219.40715529128002,-25.828937613103317,0.9436697466092279,0.3449152378673522,0.08403864603531891,3.710438108483121e-05,30.4287363931104,41.71374465722523,3.7698114852655746,nan,nan
158.66,214.91883850097656,-218.71080017089844,-25.830842971801758,215.53253111720053,-219.36737021952678,-25.82996714568477,0.8987233295264064,0.34113173462243435,0.07950067587606187,3.631589327058802e-05,39.23246392876514,51.05665901275194,nan,0.11236099179688114,0.24227141574784034
158.67000000000002,214.92735290527344,-218.70399475097656,-25.83218002319336,215.5409797358466,-219.36079553676865,-25.831372974481575,0.8988469339904297,0.3411772013556193,0.07952054619084886,3.703903562035396e-05,39.13889870803894,50.195504705604066,nan,nan,nan
158.68,214.93585205078125,-218.6971893310547,-25.8334903717041,215.54941732197565,-219.35418756410527,-25.832291312796652,0.8989496415204348,0.3412227516228693,0.07954047573478298,3.6254890672728295e-05,39.065551196015114,51.39430649352336,nan,0.14014494586769763,nan
158.69,214.94436645507812,-218.6903533935547,-25.83477210998535,215.5578649547424,-219.3475741915633,-25.833641624697275,0.8990666629468446,0.3412683871549107,0.07956046734166664,3.6976977596268856e-05,38.96890800522865,50.57183843960899,nan,nan,nan
158.70000000000002,214.952880859375,-218.68350219726562,-25.836030960083008,215.5572965939078,-219.32991886520642,-25.833518556703766,0.8849741244314757,0.3412088644567497,0.0795516133102296,3.6174654423547636e-05,37.68191897103072,50.327713508772696,8.079060673621944,1.5352263824155323,nan
158.71,214.9613800048828,-218.6766815185547,-25.837263107299805,215.56573834176308,-219.32326492496807,-25.834806137741765,0.8850565730535125,0.3412543119319118,0.07957160079063488,3.689486833902478e-05,37.57198587061858,49.916484139607235,nan,nan,nan
158.72,214.96987915039062,-218.6699676513672,-25.838472366333008,215.57417555747224,-219.3166737909328,-25.835891747443714,0.8851043091960843,0.34129984292530374,0.07959164784648852,3.611935772755113e-05,37.48606323308359,50.62597375188799,nan,0.02101733340092132,nan
158.73,214.9783935546875,-218.66336059570312,-25.839656829833984,215.58261627228887,-219.31018816967284,-25.837130404176246,0.8851425793281794,0.3413454590822467,0.07961175709753437,3.683868759270336e-05,37.36858395914832,50.058647847056925,nan,nan,nan
158.74,214.9868927001953,-218.65687561035156,-25.840816497802734,215.59106666643993,-219.30383074962032,-25.83879928712688,0.885201221673872,0.34139115906697126,0.07963192626247442,3.606677395334554e-05,37.19927748793379,50.411986634921696,nan,0.13631490922460787,nan
158.75,214.9954071044922,-218.6505126953125,-25.841955184936523,215.60966322903656,-219.29841956319888,-25.83995236426309,0.8928033978907406,0.3413315797560897,0.07962304394247076,3.6762459792285535e-05,36.41113518379708,49.64392914859584,3.183783411132395,nan,nan
158.76,215.00390625,-218.64427185058594,-25.843069076538086,215.61811372240467,-219.29227079339182,-25.840552404872074,0.8928380495204908,0.3413770914515119,0.07964320852717703,3.59949284895744e-05,36.369001645172496,49.99052209041437,nan,0.22049853916545614,nan
158.77,215.01242065429688,-218.63815307617188,-25.844161987304688,215.62657665423203,-219.2862611400444,-25.84170041594627,0.8928816909571359,0.3414226882087983,0.07966343544117428,3.671181725917306e-05,36.25091755938374,49.50275055547452,nan,nan,nan
158.78,215.0209197998047,-218.6321563720703,-25.845233917236328,215.63504208132642,-219.28037658540043,-25.842944707360278,0.8929394504181447,0.3414683687766396,0.0796837226037445,3.5947580002438316e-05,36.1233051405915,49.781004428809865,nan,0.009212488595982631,nan
158.79,215.0294189453125,-218.62612915039062,-25.846389770507812,215.64350512052897,-219.27453480256884,-25.844106051846303,0.8930492347791201,0.34151413467497077,0.07970407233779404,3.666380422379187e-05,36.02662581469801,49.80921965911624,nan,nan,nan
158.8,215.03793334960938,-218.62008666992188,-25.847633361816406,215.65063833425947,-219.2718419530246,-25.847903274245642,0.8945347506497959,0.34145449702748304,0.07969515621742336,3.588095110388654e-05,36.58672673273821,50.11589772887091,2.0252394379827496,4.240642771134987,nan
158.81,215.0464324951172,-218.61399841308594,-25.848960876464844,215.65909389794524,-219.26595647982595,-25.849262922455146,0.8946526736864906,0.3415000743564399,0.07971550079295155,3.659568525285358e-05,36.49614740978528,49.63003877492402,nan,nan,nan
158.82,215.05494689941406,-218.60789489746094,-25.850372314453125,215.66750801407494,-219.2599912391249,-25.848726487467513,0.8946862392775288,0.34154573547721284,0.07973590594265087,3.5838520672486644e-05,36.47707534711071,49.94495943065974,nan,2.6406524222163665,nan
158.83,215.06344604492188,-218.60174560546875,-25.851865768432617,215.67596346221802,-219.2540493674299,-25.850235689614525,0.894807488522958,0.34159148182688076,0.07975637380231194,3.655272560879975e-05,36.38422370500911,49.41903258321287,nan,nan,nan
158.84,215.07196044921875,-218.5955810546875,-25.85344123840332,215.6844411371135,-219.2481070977034,-25.852901699278522,0.8949430825256471,0.34163731227722965,0.07977690256833765,3.579842426027276e-05,36.22872056453643,49.5908422593972,nan,0.7772274415742527,nan
158.85,215.08045959472656,-218.58938598632812,-25.8550968170166,215.68782377600579,-219.24245551429718,-25.854567281659616,0.8918471491631264,0.34157761732425007,0.07976795151827323,3.6489624715135446e-05,36.718064545075634,49.90892154485818,1.216282664943633,nan,nan
158.86,215.08897399902344,-218.5831756591797,-25.85683250427246,215.6962869162544,-219.23646312798368,-25.857318961588593,0.8919718229701128,0.3416232589635293,0.07978847462471253,3.573896286297319e-05,36.62555058434914,50.109009353841934,nan,0.6574961764091226,nan
158.87,215.09747314453125,-218.57691955566406,-25.8586483001709,215.7047300147343,-219.23041966039753,-25.85917471487762,0.8920894408118009,0.3416689857301776,0.07980906058141013,3.645139447481811e-05,36.537559050222754,49.408989379011956,nan,nan,nan
158.88,215.10597229003906,-218.57064819335938,-25.86054039001465,215.71315932871798,-219.22433313698644,-25.86041802991656,0.8921771799572047,0.3417147965766224,0.07982970775852334,3.570333307169087e-05,36.439362505984995,49.96679912545208,nan,0.3242458958984773,nan
158.89000000000001,215.11448669433594,-218.56434631347656,-25.86250877380371,215.72160209606764,-219.21823746744587,-25.862424426285017,0.8922795298412212,0.3417606928199966,0.07985041803430348,3.641540558148985e-05,36.35045619680867,49.392264488360404,nan,nan,nan
158.9,215.12298583984375,-218.5580291748047,-25.86455535888672,215.71436018126073,-219.2100083928888,-25.861725041199254,0.8802320848492992,0.34170093900838694,0.0798414269427483,3.564828934628064e-05,37.52812094677251,50.63746836077172,5.879823188836656,5.010555331570913,nan
158.91,215.13150024414062,-218.5516815185547,-25.866674423217773,215.72276844342193,-219.20387025212412,-25.86385748323395,0.8803159448897453,0.3417466461536634,0.07986213094825202,3.635916877265036e-05,37.43372032028413,50.17087771832535,nan,nan,nan
158.92000000000002,215.13999938964844,-218.54530334472656,-25.86886978149414,215.73115577205547,-219.19768215956208,-25.864989943828473,0.8803857334413573,0.3417924373559226,0.07988289647930287,3.56168261954381e-05,37.55000255712198,50.30413556827151,nan,0.7883104143779393,nan
158.93,215.14849853515625,-218.5388946533203,-25.871137619018555,215.7395636338345,-219.19149416694188,-25.867262077296154,0.8804879873560375,0.34183831385434316,0.0799037252535457,3.63274514196589e-05,37.45388318061176,50.04703574950605,nan,nan,nan
158.94,215.15701293945312,-218.532470703125,-25.873477935791016,215.74795880302887,-219.18526683208327,-25.8689475559165,0.8805568261060668,0.34188427471736865,0.0799246158793625,3.558733657687283e-05,37.529882869086855,50.34072706331307,nan,0.29800543426559173,nan
158.95000000000002,215.16551208496094,-218.52603149414062,-25.875831604003906,215.74468629321612,-219.17378556575443,-25.87145437411284,0.8689345550395593,0.34182446284482865,0.07991558312552416,3.627542593988358e-05,37.47470567076604,51.093553089242185,1.9704654400922494,nan,nan
158.96,215.17401123046875,-218.51956176757812,-25.8781681060791,215.7530961416586,-219.16754359742487,-25.87505386867311,0.8690394033954458,0.34187023435856007,0.0799364669340983,3.553831283151151e-05,37.13064900473209,50.47403696695953,nan,1.009595866981497,nan
158.97,215.18252563476562,-218.5130615234375,-25.88047218322754,215.76148300797016,-219.16125134173313,-25.87742748115546,0.8691092858442636,0.3419160910681184,0.07995741413200647,3.624767802758834e-05,37.02749451326868,49.819187176134854,nan,nan,nan
158.98,215.19102478027344,-218.5065460205078,-25.882740020751953,215.76991287443883,-219.15498676641548,-25.882128734038897,0.8692451899154654,0.34196203211679466,0.07997842347538812,3.551256799991987e-05,36.693547356258115,50.09717161149244,nan,3.8234880769726303,nan
158.99,215.19952392578125,-218.5,-25.884963989257812,215.77829894127734,-219.14864833600276,-25.88445260495653,0.8693247056627119,0.34200805863227435,0.07999949646257039,3.6221807675294054e-05,36.60310921551222,49.78247567751293,nan,nan,nan
159.0,215.20802307128906,-218.49343872070312,-25.88714599609375,215.77315531317788,-219.1388272270006,-25.88671094620549,0.8578467020112501,0.3419481873073987,0.07999041727808771,3.546722228267786e-05,37.09674302549792,50.27741595583401,2.6724992798807667,0.00017016328113772313,nan
159.01,215.21652221679688,-218.4868621826172,-25.889286041259766,215.7815139764018,-219.13244448262418,-25.888951832117726,0.8578999395031751,0.3419940241803142,0.08001148280578335,3.617549414486303e-05,37.00573750679719,50.54291795709061,nan,nan,nan
159.02,215.2250213623047,-218.48025512695312,-25.89138412475586,215.789834141957,-219.125995748415,-25.88900877970516,0.8579044635206344,0.34203994536465565,0.08003261076423528,3.544494527525195e-05,37.074820668020735,50.21656214904056,nan,3.159515334954821,nan
159.03,215.23353576660156,-218.47361755371094,-25.89344024658203,215.79819178394573,-219.1195691193423,-25.891146418890468,0.8579598502902349,0.3420859519166757,0.08005380251648998,3.615317122480999e-05,36.97722396924093,49.4747151589328,nan,nan,nan
159.04,215.24203491210938,-218.4669647216797,-25.895456314086914,215.80656395543065,-219.11313809189167,-25.894097643351003,0.8580413224958993,0.3421320430861239,0.08007505701963111,3.5424307529792706e-05,36.79747697425745,49.868046792179996,nan,0.5022577533537923,nan
159.05,215.2505340576172,-218.46029663085938,-25.897430419921875,215.81455817611996,-219.0957718989796,-25.896224988582194,0.8496784543049243,0.34207211289007555,0.08006592936492919,3.6110331471598594e-05,34.78193625307694,49.593875472412144,13.583136355985053,nan,nan
159.06,215.259033203125,-218.45361328125,-25.89936637878418,215.82294111074705,-219.08925452741624,-25.89900568750875,0.8497246920059778,0.342118014156213,0.08008717581732212,3.538392952072062e-05,34.6548332959925,49.75072855588534,nan,0.3899674677313272,nan
159.07,215.2675323486328,-218.4468994140625,-25.901264190673828,215.831310798007,-219.08270156549096,-25.90100430267927,0.8497591325084963,0.3421640006915702,0.0801084862148177,3.6091280578054284e-05,34.56441261379979,49.15416008894708,nan,nan,nan
159.08,215.27603149414062,-218.44015502929688,-25.90312385559082,215.8396931681398,-219.0761425040366,-25.903747392412047,0.8498205337361123,0.34221007181366037,0.08012985963775554,3.536637473519427e-05,34.48683242556049,48.634760520214975,nan,0.422445841551545,nan
159.09,215.28451538085938,-218.43341064453125,-25.904945373535156,215.84806208090765,-219.06954797205915,-25.90568011522739,0.8498565305126523,0.34225622847767523,0.08015129726599085,3.607377440168886e-05,34.39928381248128,49.990919100170984,nan,nan,nan
159.1,215.2930145263672,-218.4266357421875,-25.9067325592041,215.84669488576765,-219.05164047740018,-25.907619162937593,0.8349812246333924,0.3421962385563853,0.0801421171511018,3.6772488556558856e-05,33.159314234124935,48.72919531931603,6.30050721957236,nan,nan
159.11,215.301513671875,-218.4198455810547,-25.90848159790039,215.85505588525785,-219.04497265722722,-25.90948191015028,0.8349813434954138,0.34224220501784175,0.08016354605636097,3.7507807965270676e-05,33.07447238024088,49.02192943765787,nan,nan,nan
159.12,215.3100128173828,-218.41302490234375,-25.910198211669922,215.86340905556818,-219.0382768404716,-25.910841943829414,0.834977722434233,0.3422882560025251,0.08018503821530461,3.669777690565174e-05,32.9710619086203,48.22518011327991,nan,0.14061349994873779,nan
159.13,215.31851196289062,-218.40618896484375,-25.91187858581543,215.87176930562012,-219.03157002330582,-25.912632064194902,0.8349824688560273,0.3423343924626254,0.08020659477221785,3.7431450679514495e-05,32.88637419029189,48.46471758377066,nan,nan,nan
159.14000000000001,215.32701110839844,-218.3993377685547,-25.91352653503418,215.88012056644098,-219.02483456031692,-25.913849737900833,0.834970905805137,0.34238061375258483,0.08022821490071452,3.662598421552204e-05,32.78500370298446,48.54644405546617,nan,0.18737479449602093,nan
159.15,215.3354949951172,-218.39247131347656,-25.915142059326172,215.8925678946326,-219.01874794906846,-25.915445821872325,0.8381841873565143,0.3423205637126388,0.08021897895803594,3.7334409317612314e-05,32.5562743448243,48.8471782442568,0.9553753893162668,nan,nan
159.16,215.343994140625,-218.38558959960938,-25.916725158691406,215.90097834493812,-219.01202938846936,-25.9199180843014,0.8382531883000598,0.3423665945324929,0.08024058973194652,3.6534361261894524e-05,32.74283527628173,48.94896396240207,nan,5.022644939546261,nan
159.17000000000002,215.3524932861328,-218.37867736816406,-25.918275833129883,215.9093453020674,-219.0052452004567,-25.921600694660988,0.8382615766087079,0.3424127107267594,0.08026226505300703,3.726412237875576e-05,32.67276620975821,48.26326800744531,nan,nan,nan
159.18,215.36099243164062,-218.3717498779297,-25.919795989990234,215.9177376286025,-218.99847085315974,-25.92495310052377,0.8383143747559723,0.3424589117191051,0.08028400420774157,3.6468325056007546e-05,33.01741706541746,48.7639376614919,nan,1.8760175736944789,nan
159.19,215.36947631835938,-218.36480712890625,-25.921287536621094,215.92610401737372,-218.99165064189185,-25.92659307740997,0.838328893600354,0.3425051983583552,0.08030580817237096,3.719673757243541e-05,32.95548606481388,49.08133060436399,nan,nan,nan
159.20000000000002,215.3779754638672,-218.35784912109375,-25.922746658325195,215.9252803560653,-218.97588982184456,-25.927096116239344,0.8255518582092061,0.34244508745771296,0.0802965126257461,3.638256528531107e-05,31.889442159116786,48.56588924819994,3.411560872463376,0.695941423432204,nan
159.21,215.38645935058594,-218.35086059570312,-25.924179077148438,215.93363673688262,-218.96900987006336,-25.928667124560068,0.8255493686243855,0.3424911833203,0.08031830652945812,3.710880644952158e-05,31.82436399476128,47.97674964378943,nan,nan,nan
159.22,215.39495849609375,-218.3438720703125,-25.925580978393555,215.94198951696742,-218.96210910116417,-25.929994041740386,0.8255176795456846,0.3425373639461055,0.0803401645202637,3.632203785420966e-05,31.728281374216316,48.63208965474425,nan,0.030609529178548,nan
159.23,215.4034423828125,-218.33685302734375,-25.926956176757812,215.9503450411893,-218.95519461018682,-25.931507899856552,0.8255116891938381,0.3425836301204341,0.08036208747430118,3.7047116159874396e-05,31.66320600085038,48.05947283831211,nan,nan,nan
159.24,215.4119415283203,-218.329833984375,-25.928302764892578,215.95869156530858,-218.94825409915484,-25.932388022902312,0.8254669773188931,0.342629981361854,0.08038407482719759,3.626414307911086e-05,31.47459911453924,48.56044428207165,nan,0.24199179386423095,nan
159.25,215.42042541503906,-218.32278442382812,-25.929622650146484,215.95752207069563,-218.93465705239132,-25.93375807141024,0.8141732203968196,0.3425698098539026,0.08037471705439372,3.696495807184723e-05,31.067446750458785,47.955163953976765,1.728937327984158,nan,nan
159.26,215.42892456054688,-218.3157196044922,-25.930917739868164,215.96587272356228,-218.92768712731038,-25.935888100215312,0.8141512655715989,0.3426159700407926,0.08039669367388227,3.61866029930925e-05,31.20021736620019,47.79034531468329,nan,0.3254077057089841,nan
159.27,215.43740844726562,-218.3086395263672,-25.932186126708984,215.97421304109758,-218.9206906715194,-25.937297606365306,0.8141203249308427,0.3426622156792175,0.08041873541116526,3.690869388706743e-05,31.137070735053964,48.10831455629937,nan,nan,nan
159.28,215.44589233398438,-218.30154418945312,-25.933429718017578,215.9825284763353,-218.91365423397247,-25.93688354445538,0.814044829721191,0.34270854634584974,0.08044084179023261,3.613384909355956e-05,30.671326879292444,47.49736992043029,nan,2.1414063531261043,nan
159.29,215.4543914794922,-218.29452514648438,-25.934646606445312,215.99086786005634,-218.90666841302138,-25.938226564630213,0.8139650494771952,0.34275496273916845,0.08046301355555181,3.68550187390165e-05,30.593942737739276,47.91604005140588,nan,nan,nan
159.3,215.46287536621094,-218.28759765625,-25.935840606689453,215.991761737636,-218.89752992676895,-25.939351963936947,0.8073106577577844,0.34269472959424563,0.08045358946917777,3.6061494347303455e-05,30.743871563802905,47.63224904626476,0.6400690450773261,0.025357893082090077,nan
159.31,215.4713592529297,-218.28079223632812,-25.93701171875,216.00008617930368,-218.8907347145412,-25.940646452637157,0.80721447007101,0.34274095462231385,0.08047574976628331,3.678091577626561e-05,30.662255348125985,47.73914416009104,nan,nan,nan
159.32,215.4798583984375,-218.27410888671875,-25.93815803527832,216.00839040313326,-218.88404109366823,-25.940375689728057,0.8070739092878938,0.342787264636857,0.08049797494029189,3.601362225236652e-05,30.342134014063795,46.995567376674295,nan,1.585664967138342,nan
159.33,215.48834228515625,-218.26754760742188,-25.93928337097168,216.0167143906232,-218.87749458545574,-25.94161044711182,0.8069806770496963,0.34283366028339557,0.08052026565804428,3.6732273092346385e-05,30.255422417634374,46.79147311541356,nan,nan,nan
159.34,215.496826171875,-218.26112365722656,-25.940383911132812,216.02505135957148,-218.87108913797692,-25.943854577143686,0.8069025852893009,0.342880141217783,0.08054262155931281,3.596807837566029e-05,30.34406768681619,47.52392732135939,nan,0.7100779378360683,nan
159.35,215.50531005859375,-218.25466918945312,-25.941572189331055,216.03370132794805,-218.86432829984378,-25.945163094155788,0.8067803040541035,0.34281984652186176,0.08053312828999995,3.66632256743084e-05,30.256485149989416,47.05751503399113,0.14980749755213807,nan,nan
159.36,215.51380920410156,-218.24819946289062,-25.94284439086914,216.04202313617162,-218.8579327667219,-25.946238458974403,0.8067193933036464,0.34286613580370684,0.08055547201108873,3.5902932671856504e-05,30.14044248430179,47.220844169241225,nan,0.04825422692993745,nan
159.37,215.5222930908203,-218.24169921875,-25.944202423095703,216.05034811752452,-218.8515169117683,-25.947665113239278,0.806679440774819,0.34291251062402484,0.08057788143385972,3.66193424611546e-05,30.062024098104487,46.99225711445135,nan,nan,nan
159.38,215.53077697753906,-218.2351837158203,-25.945642471313477,216.05868395862325,-218.84508853300872,-25.95008492528568,0.8066532105585024,0.34295897068678055,0.08060035626596615,3.586189360314667e-05,30.19883182212833,47.662234391275554,nan,0.5546256695953303,nan
159.39000000000001,215.5392608642578,-218.2286376953125,-25.94716453552246,216.06700897922823,-218.8386263426971,-25.951688835935652,0.8066130993773609,0.3430055165655536,0.0806228970729873,3.6577725674069594e-05,30.123455555611073,47.18877211798274,nan,nan,nan
159.4,215.54776000976562,-218.22206115722656,-25.948768615722656,216.06575489160744,-218.82522449539178,-25.95061938109068,0.7950648624190179,0.34294515940041215,0.08061333070537098,3.580125277314114e-05,29.237952907734023,45.9038364044189,1.49517997819396,5.0683171202422015,nan
159.41,215.55624389648438,-218.21548461914062,-25.95045280456543,216.0740669163774,-218.8187013795802,-25.952360321523976,0.7949935714377223,0.3429915133117385,0.08063585856911896,3.651567425140358e-05,29.1551209117342,47.44291574419428,nan,nan,nan
159.42000000000002,215.56472778320312,-218.2088623046875,-25.95221710205078,216.0823753521994,-218.81215284966692,-25.953886137416468,0.7949347602340443,0.34303795241748103,0.08065845206098911,3.576445963615405e-05,29.05050721358262,45.95365407542103,nan,0.059197500098370354,nan
159.43,215.57321166992188,-218.20223999023438,-25.954057693481445,216.09068687980343,-218.8055857466958,-25.9557848679502,0.7948645657051434,0.34308447724767943,0.08068111168755102,3.6478423518916415e-05,28.968334544985648,47.25312468384153,nan,nan,nan
159.44,215.5817108154297,-218.19558715820312,-25.955976486206055,216.0989875104031,-218.7989867083227,-25.956790224388882,0.794774721802952,0.3431310875714408,0.08070383724457657,3.5729687257334744e-05,28.821721543105117,46.29648667710006,nan,0.6398981879175741,nan
159.45000000000002,215.59019470214844,-218.18890380859375,-25.95797348022461,216.09580424813842,-218.77468525998438,-25.958908388299268,0.7738099222952748,0.34307066788304474,0.08069419472098124,3.6420722590178516e-05,26.899310432417447,45.796464222717034,15.622840035397425,nan,nan
159.46,215.5986785888672,-218.1822052001953,-25.960044860839844,216.104119282432,-218.76800918671748,-25.961839381557446,0.7737181823126269,0.3431170859432265,0.08071690658551116,3.56752568963665e-05,26.880872935618818,46.21255745246172,nan,0.4417944218016548,nan
159.47,215.60716247558594,-218.1754913330078,-25.962190628051758,216.11242519687355,-218.76130398286332,-25.96404795024673,0.7736086400108465,0.3431635896372454,0.08073968474426975,3.6387570734302865e-05,26.800142694915916,46.50358212668417,nan,nan,nan
159.48,215.6156463623047,-218.1687469482422,-25.96441078186035,216.12071832423516,-218.7545667375792,-25.965168898160833,0.7734876127304768,0.3432101787734751,0.08076252904404624,3.564435982055855e-05,26.637959154695405,45.71882460050986,nan,0.9201063723627023,nan
159.49,215.62413024902344,-218.16200256347656,-25.966703414916992,216.12902312549392,-218.74782062867763,-25.967515744929603,0.7733694344274314,0.34325685382320553,0.08078543991522034,3.6356366824637664e-05,26.55372761274844,46.929773241775074,nan,nan,nan
159.5,215.6326141357422,-218.15521240234375,-25.96906852722168,216.15060978278453,-218.73282254659136,-25.969302377652564,0.7758563164520782,0.3431963707838206,0.08077571745366649,3.5593774851204815e-05,24.45815499863643,44.82418174567663,19.228993347461106,0.21435104031652524,nan
159.51,215.64111328125,-218.14842224121094,-25.97144317626953,216.15895276453395,-218.72599493247014,-25.971757029481484,0.7757242052688761,0.3432428532508678,0.08079861384129239,3.6304635467511386e-05,24.374582709208504,45.76678261230848,nan,nan,nan
159.52,215.64959716796875,-218.1416015625,-25.973800659179688,216.16729663046632,-218.719149016273,-25.97433842523891,0.775612070575424,0.3432894211063992,0.08082157657414688,3.55665032791847e-05,24.296137017942037,45.26468533584243,nan,0.011347608688630998,nan
159.53,215.6580810546875,-218.134765625,-25.976125717163086,216.1756387803395,-218.71228276855246,-25.976768443607167,0.7754949797235002,0.34333607478643935,0.08084460603881334,3.627715106694969e-05,24.215282514778064,45.43227976098771,nan,nan,nan
159.54,215.66656494140625,-218.12791442871094,-25.978412628173828,216.1839750244,-218.70539279043206,-25.978614369622743,0.7753673277481671,0.3433828141521563,0.08086770214756203,3.554095364897974e-05,24.12073027533487,45.528625583649024,nan,0.2067870582879446,nan
159.55,215.67503356933594,-218.1210479736328,-25.98065757751465,216.22186444616477,-218.69994395666652,-25.981046089115264,0.7963320400230136,0.34332226759225476,0.0808578965517288,3.6229098508453234e-05,22.481103246905704,45.810224232739415,19.864614761861347,nan,nan
159.56,215.6835174560547,-218.11415100097656,-25.982858657836914,216.23026822994103,-218.6929999990837,-25.983356983476362,0.7962429401152591,0.34336881420049953,0.08088097749440637,3.69530362834538e-05,22.400815575617955,44.593181922149604,nan,nan,nan
159.57,215.69200134277344,-218.10723876953125,-25.985017776489258,216.23867161844424,-218.68603754382076,-25.985626053883834,0.7961512302461277,0.3434154464153242,0.08090412522677441,3.769147200660381e-05,22.320964389811493,44.66200948080647,nan,nan,nan
159.58,215.7004852294922,-218.10031127929688,-25.987133026123047,216.24706326319097,-218.67904693258572,-25.98661389390236,0.7960419416136016,0.34346216424899967,0.08092733979229967,3.686962128313956e-05,22.235441860065556,44.803961687835056,nan,0.9755748751869425,nan
159.59,215.70896911621094,-218.09336853027344,-25.989208221435547,216.2554658874311,-218.6720483082096,-25.988787840953247,0.7959454648818952,0.34350896811054044,0.08095062153741193,3.760617946073661e-05,22.14977915334661,44.79345478740232,nan,nan,nan
159.6,215.7174530029297,-218.08641052246094,-25.991241455078125,216.24681571763392,-218.6625954803363,-25.98983536561256,0.7824423087285499,0.3434483572653606,0.08094072912119739,3.676647706666228e-05,22.86141642740952,45.04264128043955,4.8993222177826725,0.6999865959546616,nan
159.61,215.72593688964844,-218.0794219970703,-25.993234634399414,216.25518285598523,-218.65556824380783,-25.99191805051261,0.7823346623451025,0.34349496791652445,0.08096399477983797,3.750034470949816e-05,22.77298318977875,44.09058330628082,nan,nan,nan
159.62,215.73440551757812,-218.0724334716797,-25.99518585205078,216.26357010859292,-218.6485410404837,-25.996336883757515,0.7822508677471177,0.34354166412941434,0.0809873274643343,3.668954329596163e-05,22.67906382796967,45.56536953702009,nan,3.618042772571899,nan
159.63,215.74288940429688,-218.06541442871094,-25.997100830078125,216.2719366168919,-218.64147946074158,-25.99836560233297,0.7821403160123461,0.34358844628146556,0.08101072748652453,3.742176730163714e-05,22.60494740897361,44.099815514998085,nan,nan,nan
159.64000000000001,215.75137329101562,-218.05838012695312,-25.99897575378418,216.2802927094786,-218.63439273000023,-25.99914931062093,0.7820142583216048,0.3436353142914983,0.08103419483126426,3.66157090419844e-05,22.48238145182403,44.12850040002333,nan,0.9387339702324216,nan
159.65,215.7598419189453,-218.05133056640625,-26.00081443786621,216.238871043422,-218.61204225382363,-26.0010951282613,0.7374731027572743,0.3435746389162351,0.08102421231536037,3.732278365787316e-05,23.40601653576352,45.06789532616932,26.603600510852562,nan,nan
159.66,215.76832580566406,-218.0442657470703,-26.00261688232422,216.24445910228155,-218.60881951759688,-26.00401833981902,0.7385295119673408,0.3432331888924608,0.08023765554281062,3.652204791926142e-05,33.27965244791173,54.701805192134465,nan,0.6719740769118422,0.018698211812180072
159.67000000000002,215.7768096923828,-218.0371856689453,-26.004383087158203,216.25272843635605,-218.60169005378756,-26.00589963023212,0.7383536762785766,0.34327881817230477,0.08025783900904274,3.725037226745066e-05,33.17350841405608,54.68285098143403,nan,nan,nan
159.68,215.7852783203125,-218.03009033203125,-26.006113052368164,216.26099720187554,-218.59454566234498,-26.007799089623475,0.7381877247128964,0.34332453169932087,0.08027808265768191,3.645431636421778e-05,33.07450297523829,54.97047081453931,nan,0.0017965624143343954,nan
159.69,215.79376220703125,-218.02297973632812,-26.007810592651367,216.26926551245592,-218.58738434124217,-26.009612699131168,0.7380102974252651,0.3433703296193122,0.08029838770933115,3.718130486970413e-05,32.97015958763147,54.562338145482514,nan,nan,nan
159.70000000000002,215.80223083496094,-218.01585388183594,-26.009471893310547,216.27796129310647,-218.5740173855377,-26.011681863273413,0.7333967886752881,0.3433093874434206,0.08028912830747165,3.6367104826144854e-05,31.76282454598164,54.94054813229628,6.535868941762246,0.023647514111914132,nan
159.71,215.8107147216797,-218.0087127685547,-26.01110076904297,216.2862395551559,-218.5667990162364,-26.01343359175645,0.7332049980502275,0.3433549954239657,0.08030942734498293,3.7091941136016105e-05,31.660864060098763,54.53910899150323,nan,nan,nan
159.72,215.81918334960938,-218.00155639648438,-26.012699127197266,216.29451687822817,-218.55957599335827,-26.01575135607235,0.7330328437564008,0.3434006875935895,0.08032978686110019,3.6305187099186756e-05,31.655434923290056,54.7381367676746,nan,0.2341439175876598,nan
159.73,215.82766723632812,-217.994384765625,-26.014263153076172,216.30279432060695,-218.55232730514214,-26.017446167279868,0.7328408798624408,0.34344646409913926,0.08035020795900483,3.702887875082325e-05,31.558799874498863,54.4606981858247,nan,nan,nan
159.74,215.8361358642578,-217.9871826171875,-26.015796661376953,216.31107165525577,-218.54505738066726,-26.018744964165887,0.7326642817742594,0.3434923250824584,0.08037068985109731,3.624604408328841e-05,31.413296056231417,53.5331736879987,nan,0.08787728408287243,nan
159.75,215.8446044921875,-217.97998046875,-26.01729965209961,216.3271052844401,-218.53315969371806,-26.020452463690084,0.7340464628901807,0.3434313406318554,0.08036139968408847,3.6945580118210074e-05,29.91234858592328,54.41445725012197,10.546631036928943,nan,nan
159.76,215.85308837890625,-217.97276306152344,-26.018774032592773,216.33540530518707,-218.52586060459547,-26.023339955760797,0.7338714854684464,0.343477011449744,0.08038187508311347,3.6167473130723586e-05,30.106153874042445,54.16864088382579,nan,1.089226897965308,nan
159.77,215.86155700683594,-217.9655303955078,-26.020217895507812,216.34370615473443,-218.5185256716898,-26.024927020278827,0.733685049701119,0.34352276654576563,0.08040241224410011,3.688822388229422e-05,30.016674332107076,54.353646252036455,nan,nan,nan
159.78,215.87002563476562,-217.9582977294922,-26.02163314819336,216.35200726352298,-218.51116963012925,-26.026058692501383,0.7334802072421901,0.34356860606053186,0.08042301048459727,3.611373259227939e-05,29.84150400334878,55.16156031426771,nan,0.12090691054554237,nan
159.79,215.87850952148438,-217.95103454589844,-26.023019790649414,216.36030761184253,-218.50380647744052,-26.027585819045118,0.7332851128918677,0.3436145301427658,0.08044367075182207,3.6833586658048635e-05,29.75336878454079,53.60897636419719,nan,nan,nan
159.8,215.88697814941406,-217.94375610351562,-26.02437973022461,216.383080538459,-218.4992212996905,-26.02945273520403,0.7447717099603237,0.34355350302107407,0.08043434577252136,3.6040591403433096e-05,29.179915172264018,53.623029013749395,4.7288461735509015,0.16130495179104884,nan
159.81,215.89544677734375,-217.9364776611328,-26.025711059570312,216.39141015128598,-218.4918253841126,-26.030929405797337,0.744592501203395,0.3435992367079484,0.08045499899339922,3.6758726490828083e-05,29.091837474009132,54.559298931140376,nan,nan,nan
159.82,215.90391540527344,-217.92916870117188,-26.02701759338379,216.39974123543078,-218.4843942022298,-26.030979627594757,0.7444019805127636,0.343645054753692,0.08047571357095891,3.5991967246050156e-05,28.675667776770613,52.86145227721955,nan,1.308312119089874,nan
159.83,215.91238403320312,-217.92185974121094,-26.028295516967773,216.4080699987089,-218.47697105668155,-26.032391228022746,0.7442243773298126,0.34369095730834465,0.08049649035864959,3.670935941750445e-05,28.583052200072576,53.806338435369796,nan,nan,nan
159.84,215.9208526611328,-217.91453552246094,-26.029550552368164,216.41639638331526,-218.46955610143578,-26.035204361046464,0.744072166683165,0.3437369445105147,0.08051732881321012,3.594577986573526e-05,28.902704782048524,53.848663275444906,nan,1.3603358416498508,nan
159.85,215.92933654785156,-217.90721130371094,-26.030778884887695,216.418343570018,-218.45862548959218,-26.036480867322705,0.7370332317628959,0.343675874311455,0.08050796658234158,3.663977519252145e-05,28.744224783578556,52.69519915093954,0.8613010843953199,nan,nan
159.86,215.93780517578125,-217.8999786376953,-26.031984329223633,216.42666269068485,-218.45121278498817,-26.03685605459871,0.7367933826572683,0.3437216708832623,0.08052879746616633,3.58801661984941e-05,28.398580069592743,53.508367885911014,nan,0.6388218874905358,nan
159.87,215.94627380371094,-217.89285278320312,-26.033164978027344,216.43497990912388,-218.44390856615607,-26.038173726745097,0.7365603987165527,0.34376755190459996,0.08054969074420032,3.65953791119346e-05,28.30126503376941,53.15906724502375,nan,nan,nan
159.88,215.95474243164062,-217.88584899902344,-26.034320831298828,216.44329729824415,-218.4367187665959,-26.03924497496696,0.7363203146037673,0.34381351751276296,0.08057064595647168,3.5838680722805216e-05,28.170625829425518,52.883597812493235,nan,0.03361305992870251,nan
159.89000000000001,215.9632110595703,-217.8789825439453,-26.03545570373535,216.4516142506813,-218.42965981054886,-26.040515211097595,0.7360765773043567,0.34385956785980115,0.08059166383276603,3.65533469354071e-05,28.071579053883873,53.149460889740006,nan,nan,nan
159.9,215.9716796875,-217.87208557128906,-26.03667640686035,216.4767125882665,-218.43714066775956,-26.04358681693232,0.7578873575085449,0.3437984541482745,0.08058226047498161,3.577775319902878e-05,29.79862969174151,52.63300320549149,9.211200124407057,1.8084467644897873,nan
159.91,215.9801483154297,-217.86517333984375,-26.037979125976562,216.48504768533797,-218.4301580178698,-26.044994447956494,0.757746840891106,0.3438443136261568,0.08060327019377175,3.649104310459436e-05,29.70553461798228,52.861175281352025,nan,nan,nan
159.92000000000002,215.98861694335938,-217.85824584960938,-26.03936767578125,216.49338288189574,-218.42315479293077,-26.046304910684878,0.7576007472139304,0.343890257629381,0.08062434210671764,3.5740687705778724e-05,29.596188384623016,52.876844062807585,nan,0.02252206973175198,nan
159.93,215.99708557128906,-217.85130310058594,-26.04084014892578,216.50171756164346,-218.4161358780129,-26.047880184538958,0.7574556582707284,0.3439362863112473,0.08064547686998266,3.645355242265347e-05,29.501979222599047,52.918408735886125,nan,nan,nan
159.94,216.00555419921875,-217.84434509277344,-26.04239273071289,216.51005344979197,-218.40908932910995,-26.048774565692664,0.7572953678202147,0.3439823998071351,0.08066667413299505,3.5705722842156104e-05,29.175651628017476,52.84573559706003,nan,0.39570954805017877,nan
159.95000000000002,216.01402282714844,-217.83737182617188,-26.044025421142578,216.5470099891385,-218.41586251302806,-26.050555951710326,0.7866189912880693,0.34392124214605296,0.08065722694356835,3.6395758878061505e-05,29.292759703527526,52.689221160420445,7.79201562932914,nan,nan
159.96,216.02249145507812,-217.8303680419922,-26.045738220214844,216.555389334369,-218.4088279771985,-26.053515183268473,0.7865472188915087,0.3439671645290797,0.08067841548123332,3.565123734917487e-05,29.712764349916576,52.216389593406355,nan,0.8900152040937048,nan
159.97,216.0309600830078,-217.82334899902344,-26.047531127929688,216.56377058859746,-218.40176226162467,-26.055422163483797,0.7864548338346052,0.3440131715296534,0.08069966705553636,3.6362520477764344e-05,29.624109427971213,52.20229372629193,nan,nan,nan
159.98,216.03941345214844,-217.8163299560547,-26.049402236938477,216.57215231484247,-218.394675967599,-26.05710108775145,0.7863549308026143,0.3440592632820152,0.08072098138068143,3.562029017544244e-05,29.467459405725346,53.569285115018346,nan,0.06445660583624145,nan
159.99,216.04788208007812,-217.8092803955078,-26.051349639892578,216.58053318543827,-218.38757685291966,-26.059163118532904,0.7862601625066258,0.34410543994121934,0.0807423590165595,3.633130002144287e-05,29.379450350974118,52.14698379349531,nan,nan,nan
160.0,216.0563507080078,-217.80221557617188,-26.053373336791992,216.61684377935327,-218.39365190446247,-26.059686393459536,0.8148553663887973,0.3440442378596842,0.08073286425032403,3.556977835707865e-05,28.863172785688736,51.41033041195957,7.526015379556931,1.9571472546694568,nan
160.01,216.0648193359375,-217.79513549804688,-26.055471420288086,216.6252702890868,-218.38654213916257,-26.061887423461975,0.8148056523726697,0.34409022315856985,0.08075423254084023,3.6279677508792743e-05,28.773606168891558,51.393542954240495,nan,nan,nan
160.02,216.0732879638672,-217.7880401611328,-26.057645797729492,216.63369275521393,-218.37943612081062,-26.065946667087207,0.8147831709845986,0.3441362931462517,0.08077566382648518,3.554257984013428e-05,29.474083352827808,52.05995778851222,nan,2.1744622732847927,nan
160.03,216.08175659179688,-217.7809295654297,-26.059890747070312,216.64211846146657,-218.37229444705784,-26.06831588583322,0.8147323678153242,0.3441824479787805,0.08079715861048455,3.625229987241103e-05,29.39023497550322,52.14211113796131,nan,nan,nan
160.04,216.09022521972656,-217.7738037109375,-26.062210083007812,216.65054414423852,-218.36513471503014,-26.070545994302552,0.8146773232296093,0.3442286877888561,0.08081871669133639,3.551715909972781e-05,29.28571696273318,51.96472910686026,nan,0.031121162151558503,nan
160.05,216.0986785888672,-217.76666259765625,-26.064599990844727,216.6670094583705,-218.35739216240967,-26.073101695303386,0.8197766005948548,0.3441674408213678,0.080809171432443,3.620446574155095e-05,28.603950068915598,52.28019196332527,2.7796204189955964,nan,nan
160.06,216.10714721679688,-217.75950622558594,-26.066997528076172,216.67545567010507,-218.35017962728716,-26.074313183668217,0.8197091462193071,0.34421348901901516,0.08083071955859202,3.547206191595611e-05,28.013763149535748,51.322347224820795,nan,1.2387671379693785,nan
160.07,216.11561584472656,-217.75233459472656,-26.069377899169922,216.68389865262438,-218.34296622076863,-26.076850825743836,0.8196626818788951,0.34425962199863447,0.08085233137015302,3.618065926325188e-05,27.946405689697784,51.10328868245415,nan,nan,nan
160.08,216.1240692138672,-217.74514770507812,-26.07172393798828,216.69234054756376,-218.33574148287107,-26.079673844132554,0.8196319418353141,0.34430583989209207,0.08087400671492258,3.545001116441951e-05,28.083062556425162,51.6364210410238,nan,0.06618607523019757,nan
160.09,216.13253784179688,-217.73794555664062,-26.074031829833984,216.70078267537346,-218.32849932434937,-26.082154700719354,0.8195864350225004,0.34435214285673826,0.08089574602278117,3.615854402015894e-05,28.023964198363014,51.01040372604091,nan,nan,nan
160.1,216.14100646972656,-217.73072814941406,-26.076297760009766,216.7127605675891,-218.31481259603225,-26.085739983697554,0.8174023151374448,0.34429085049999814,0.08088614662241914,3.540822339987947e-05,27.42888154862625,51.58588654194604,7.3987903620494055,0.9294714166256299,nan
160.11,216.1494598388672,-217.72349548339844,-26.078519821166992,216.72121875062464,-218.30751374839733,-26.088150085402322,0.8173605868988456,0.34433696159633637,0.08090787532267966,3.611584668233077e-05,27.377361395559685,51.85863119748298,nan,nan,nan
160.12,216.15792846679688,-217.71624755859375,-26.080698013305664,216.7296770489276,-218.30019870513408,-26.090275246166758,0.8173047816473054,0.3443831575420606,0.08092966778627983,3.538929284749596e-05,27.301456400463547,51.232816710305336,nan,0.040624298270579874,nan
160.13,216.1663818359375,-217.70899963378906,-26.082834243774414,216.73813452525852,-218.292872037179,-26.092598500157553,0.8172536092846983,0.34442943849518254,0.08095152440050503,3.60969230261963e-05,27.24829040765294,52.498296981049144,nan,nan,nan
160.14000000000001,216.1748504638672,-217.70172119140625,-26.08492660522461,216.7465946168295,-218.28551994630664,-26.09354323183634,0.8171821149070726,0.344475804586528,0.08097344507658757,3.5371838974002545e-05,26.60748356120566,50.272031378108906,nan,1.235461204364177,nan
160.15,216.1833038330078,-217.69444274902344,-26.086978912353516,216.76620643947015,-218.28632779610643,-26.095912611201665,0.8307726334901391,0.34441446634866757,0.08096378845450414,3.605735038687338e-05,27.145583616894985,51.530602015833,3.081810518461489,nan,nan
160.16,216.1917724609375,-217.6871337890625,-26.088991165161133,216.77467923234033,-218.27897456068283,-26.09742690171584,0.8307388065755913,0.3444606403114768,0.08098569787405763,3.5334518532582877e-05,26.849102923711023,49.55658687378685,nan,0.3164654068604574,nan
160.17000000000002,216.20022583007812,-217.67982482910156,-26.090961456298828,216.78315018296502,-218.2716137688558,-26.099571055110033,0.8307160017693891,0.34450689921701194,0.08100767163068505,3.604136955468802e-05,26.792205729706172,50.870917162023154,nan,nan,nan
160.18,216.20867919921875,-217.67250061035156,-26.092893600463867,216.79162086986227,-218.26423945218622,-26.101612761647544,0.8306936090281573,0.3445532431956128,0.08102970967217869,3.531983792341956e-05,26.789090720151755,50.62375198486062,nan,0.002831422675763394,nan
160.19,216.21714782714844,-217.6651611328125,-26.094785690307617,216.80009099870048,-218.25685278298388,-26.103679936468367,0.8306629026003638,0.34459967240606854,0.08105181233137239,3.6026779689855116e-05,26.735348810561707,49.99099798364388,nan,nan,nan
160.20000000000002,216.22560119628906,-217.65782165527344,-26.096641540527344,216.7759811187447,-218.22923544983422,-26.105871657358875,0.7934210601650054,0.3445382877549793,0.08104209490830065,3.528522266979891e-05,26.086247966662057,51.5655864375409,12.909837407158673,0.01335629309471495,nan
160.21,216.2340545654297,-217.65045166015625,-26.098461151123047,216.78440261434432,-218.2217797266667,-26.10786738779764,0.7933392791328928,0.3445845245728701,0.08106418562566794,3.599140298856144e-05,26.03309595634941,50.20165408180179,nan,nan,nan
160.22,216.24252319335938,-217.64308166503906,-26.100242614746094,216.7928225257528,-218.21431530657452,-26.11035785113947,0.7932462079718999,0.34463084639792824,0.08108634084521124,3.527308907333142e-05,26.37813465524006,51.030109278225204,nan,0.19543506944251138,nan
160.23,216.2509765625,-217.6356964111328,-26.10198974609375,216.8012432061762,-218.20683459753016,-26.11228839222865,0.793157152912416,0.3446772533892581,0.08110856086864744,3.597941292542502e-05,26.32768834239615,51.095638670835505,nan,nan,nan
160.24,216.25942993164062,-217.6282958984375,-26.103700637817383,216.80966009021228,-218.199351905466,-26.115626904365104,0.7930954711753638,0.34472374567667957,0.08113084569016688,3.526215862376574e-05,27.316798113810975,51.86122263734004,nan,1.4462769038802414,nan
160.25,216.26788330078125,-217.62088012695312,-26.105379104614258,216.82622694206495,-218.1965002535892,-26.117518623857602,0.802018403702759,0.34466231409602294,0.08112106426125944,3.5946564898142076e-05,27.48026297000928,51.436175488513165,0.7162279779480184,nan,nan
160.26,216.27633666992188,-217.6134490966797,-26.107023239135742,216.83465819275412,-218.1889939328772,-26.119511836694826,0.801954329373142,0.3447086137228147,0.08114333645428763,3.523115800390075e-05,27.71274218871963,51.40555099276333,nan,0.015337127715585572,nan
160.27,216.28480529785156,-217.60601806640625,-26.10863494873047,216.84308932798032,-218.1814750309231,-26.12132603617169,0.8018683433134209,0.3447549984494238,0.08116567363585352,3.59369521451917e-05,27.67261489906758,51.67649436412475,nan,nan,nan
160.28,216.2932586669922,-217.59857177734375,-26.110214233398438,216.85152013917053,-218.17394462114495,-26.123108656732008,0.8017955143649302,0.34480146841297366,0.08118807588553904,3.665707860960668e-05,27.63137950270456,51.753690455890165,nan,nan,nan
160.29,216.3017120361328,-217.5911102294922,-26.11176300048828,216.85995054314702,-218.16640261141634,-26.12486047972114,0.8017250771777562,0.34484802375796436,0.08121054334784442,3.73916818973457e-05,27.589226246957317,51.38158748445839,nan,nan,nan
160.3,216.31016540527344,-217.58364868164062,-26.113279342651367,216.88986100175123,-218.17246961435137,-26.124537037448217,0.8263678424686149,0.34478654468981257,0.08120069437832576,3.656741878629936e-05,26.991458386903172,50.77988638391877,5.805045220072489,2.6145006340983135,nan
160.31,216.31861877441406,-217.576171875,-26.11476707458496,216.89832136868378,-218.16493456158807,-26.126208606979986,0.8263337749269297,0.3448329071022885,0.08122314849501024,3.72995779041004e-05,26.941135766219666,50.363987892488545,nan,nan,nan
160.32,216.3270721435547,-217.5686798095703,-26.11622428894043,216.9067864815675,-218.15737532859657,-26.125606882786666,0.8262682136488874,0.344879354676338,0.08124566782234299,3.650319908206691e-05,25.74993682836017,48.876501051377176,nan,3.264515587758652,nan
160.33,216.3355255126953,-217.56117248535156,-26.117650985717773,216.91524601816153,-218.14981806624866,-26.127199054356236,0.8262388577054477,0.34492588757245957,0.08126825260898107,3.7233940025302025e-05,25.694498106545893,48.543900993186234,nan,nan,nan
160.34,216.34397888183594,-217.55364990234375,-26.119050979614258,216.92370764952486,-218.14224406920547,-26.127721332025327,0.826198349284658,0.34497250591918893,0.08129090290050729,3.6441454786507037e-05,25.21767644463934,47.704285769944235,nan,0.7063579823903967,nan
160.35,216.35243225097656,-217.54612731933594,-26.120424270629883,216.922440549482,-218.13849931287353,-26.129353377695498,0.822127586233274,0.34491097882582106,0.08128098310352408,3.7147335943980176e-05,26.428361581064173,48.32537400902217,7.7715445201050555,nan,nan
160.36,216.36087036132812,-217.53860473632812,-26.121767044067383,216.9308694868917,-218.1309395093116,-26.132157136188574,0.8221115742056596,0.3449574039644518,0.0813036193272214,3.635960791272781e-05,27.156832510019555,50.24702250765154,nan,1.1058509791241153,nan
160.37,216.36932373046875,-217.5310516357422,-26.123085021972656,216.9393011279435,-218.12336239572096,-26.133646683333865,0.8220813942119352,0.34500391435688293,0.08132632119122228,3.7086856257863926e-05,27.105472764795294,48.364630645867,nan,nan,nan
160.38,216.37777709960938,-217.52349853515625,-26.12437629699707,216.9477377842768,-218.11576304116502,-26.13273960641712,0.8220111751605504,0.3450505101319176,0.08134908876075687,3.6302763976174795e-05,25.933198436413523,47.85255493096865,nan,3.684686118378846,nan
160.39000000000001,216.38623046875,-217.51593017578125,-26.125642776489258,216.95616867919705,-218.10816520905652,-26.13415515578757,0.8219758870961279,0.3450971914496964,0.08137192225515172,3.702885233835726e-05,25.873190745078652,47.39616701469532,nan,nan,nan
160.4,216.39468383789062,-217.50836181640625,-26.126882553100586,216.92553666067838,-218.08494466418642,-26.13503966131464,0.7837850714516275,0.3450356157510229,0.08136192812731909,3.6225929119886835e-05,25.99382336364903,48.02488705589355,15.38484465573107,0.08357797540491956,nan
160.41,216.4031219482422,-217.50082397460938,-26.12809944152832,216.93389841993076,-218.07733159562204,-26.13640020193871,0.7836795280005984,0.34508210358124297,0.08138474680525862,3.6950027311082144e-05,25.92765608235978,47.662095266056234,nan,nan,nan
160.42000000000002,216.4115753173828,-217.49337768554688,-26.129289627075195,216.94226038003444,-218.06978393858768,-26.137447624533877,0.7835415478381693,0.3451286767253064,0.08140763138442168,3.6173796007460746e-05,25.806381384356428,47.04951937505674,nan,0.05540672356495227,nan
160.43,216.42002868652344,-217.48605346679688,-26.13045883178711,216.95062138022422,-218.0623445737829,-26.138758822291546,0.7833957725455237,0.34517533534297923,0.08143058206820211,3.689689703777701e-05,25.73559261477819,47.008326058388846,nan,nan,nan
160.44,216.42848205566406,-217.4787139892578,-26.131711959838867,216.95898067706287,-218.05496110558704,-26.14069235249948,0.7833072027219734,0.3452220795635857,0.08145359894565614,3.612392229300882e-05,26.013086260427073,47.1729539906755,nan,0.23096146580995533,nan
160.45000000000002,216.43692016601562,-217.47137451171875,-26.13304901123047,216.95006649474794,-218.04204313783487,-26.14206667762711,0.7675044975972154,0.34516045470091217,0.0814435271333472,3.6823031253133304e-05,26.273259828057505,48.40252977046096,3.3610835980472373,nan,nan
160.46,216.44537353515625,-217.46401977539062,-26.134469985961914,216.95839810087128,-218.03462169976663,-26.142019900232068,0.7673576495573509,0.3452070051510987,0.08146652843778934,3.605414612986653e-05,25.557258108377013,47.137589877709985,nan,1.627462691225973,nan
160.47,216.45382690429688,-217.45663452148438,-26.13597297668457,216.9667259103203,-218.02719380167773,-26.143606241809845,0.7672428229257257,0.3452536410049298,0.08148959602443075,3.6774563598526576e-05,25.474908324015765,45.866173253518,nan,nan,nan
160.48,216.46226501464844,-217.44924926757812,-26.137556076049805,216.97505292050414,-218.01975414818713,-26.145479018199097,0.7671310371787053,0.3453003623921931,0.08151272999507915,3.600869623730782e-05,25.54555480401613,47.14194471492667,nan,0.02761866491493368,nan
160.49,216.47071838378906,-217.4418487548828,-26.13922119140625,216.98338002318457,-218.0123014110396,-26.147232118199565,0.7670087120575023,0.34534716947199523,0.08153593053406782,3.672832812803735e-05,25.463079951401994,46.45467200003995,nan,nan,nan
160.5,216.4791717529297,-217.4344482421875,-26.14096450805664,216.98594843332555,-218.00686456738302,-26.1470780855075,0.7645393573732071,0.3452854948470735,0.08152577756064903,3.594339682804375e-05,25.374784093129986,46.52146922372051,2.3631216839459133,2.4586769254970045,nan
160.51,216.48760986328125,-217.42701721191406,-26.14278793334961,216.99425942349964,-217.99940028439,-26.148971584998822,0.7644307660437236,0.3453321078697802,0.08154896174780907,3.666140999651598e-05,25.292258416887698,45.50940890038987,nan,nan,nan
160.52,216.49606323242188,-217.41958618164062,-26.14468765258789,217.00257036678298,-217.99192357282945,-26.150749333962786,0.7643011909532882,0.3453788063556545,0.08157221250477001,3.5902162547282264e-05,25.186670776230706,45.865194620332815,nan,0.025417403049797286,nan
160.53,216.50450134277344,-217.41213989257812,-26.146665573120117,217.0108805992099,-217.9844359421,-26.152797716792602,0.7641860524986781,0.34542559046326665,0.08159553000584979,3.6619523189486244e-05,25.1039103291786,45.81380188985296,nan,nan,nan
160.54,216.51295471191406,-217.40469360351562,-26.148717880249023,217.01918689025953,-217.97694177009222,-26.15659365282522,0.7640687209514286,0.34547246032317563,0.0816189143678585,3.586294500559562e-05,25.720130431011572,46.892861951565365,nan,1.8748166914668725,nan
160.55,216.52139282226562,-217.397216796875,-26.15084457397461,217.01322508311728,-217.9702832203275,-26.158846899900084,0.7552272080131299,0.3454107353584638,0.08160867683773808,3.655698672383631e-05,26.742052233350837,46.12996628969671,6.328368926055682,nan,nan
160.56,216.52984619140625,-217.38973999023438,-26.153045654296875,217.021500936268,-217.9627784011216,-26.16146962596356,0.7550949422396349,0.34545741087142856,0.08163204405876573,3.580389128757984e-05,26.8879983261235,46.65871867551067,nan,0.07262030027384131,nan
160.57,216.5382843017578,-217.3822479248047,-26.15532112121582,217.02977706257968,-217.95526160989886,-26.163841921888082,0.7549718016519549,0.3455041719345198,0.08165547819718909,3.65192255517875e-05,26.809678834422666,46.58515657122785,nan,nan,nan
160.58,216.54672241210938,-217.374755859375,-26.15766716003418,217.0380532372888,-217.94773311563543,-26.165992000610466,0.7548365511379613,0.3455510186788891,0.08167897937752246,3.576858309711168e-05,26.67344818279456,47.173920417694376,nan,0.05912073490222793,nan
160.59,216.55517578125,-217.3672332763672,-26.16008186340332,217.04632821268615,-217.94019463820035,-26.16850545951193,0.7547094739240772,0.3455979512622466,0.08170254776255076,3.6483434768862076e-05,26.59922024054659,45.47638981154409,nan,nan,nan
160.6,216.56361389160156,-217.35971069335938,-26.162504196166992,217.08828937827886,-217.94378133713371,-26.171027244296273,0.7851722903850101,0.3455361753443321,0.08169222221842434,3.571344931042212e-05,26.102693470318126,46.093424605920724,11.740505360495234,0.0033156624546204884,nan
160.61,216.57205200195312,-217.35218811035156,-26.164907455444336,217.09662493929454,-217.93623142344438,-26.173575161804013,0.7850850191495052,0.34558291328718,0.08171577265426865,3.642698053094206e-05,26.046198952859964,46.656255186962255,nan,nan,nan
160.62,216.58050537109375,-217.3446502685547,-26.16727638244629,217.10495959100135,-217.92867175863762,-26.17633926824679,0.7849939270826286,0.34562973683951836,0.08173939030880263,3.568183593974582e-05,26.202660287888328,46.154339806609926,nan,0.039629733618955956,nan
160.63,216.5889434814453,-217.33709716796875,-26.169607162475586,217.11329439469893,-217.9211012610533,-26.178828475661984,0.784913812839536,0.34567664615842303,0.08176307533906568,3.6394991347035214e-05,26.154212252531522,46.05930194326504,nan,nan,nan
160.64000000000001,216.59738159179688,-217.32952880859375,-26.171894073486328,217.12163090724513,-217.91351864940506,-26.180251182358806,0.7848256622890825,0.3457236413759706,0.08178682787819717,3.565198595248215e-05,25.694861950225526,45.27843887928125,nan,0.716080645117998,nan
160.65,216.60581970214844,-217.32196044921875,-26.174137115478516,217.13006944148216,-217.89172401648096,-26.182550294975606,0.7742990981268759,0.3456618139106809,0.08177641090247105,3.634233461061708e-05,23.760860193221614,45.83309915111616,16.494960263435743,nan,nan
160.66,216.61427307128906,-217.3143768310547,-26.17633628845215,217.09601292627556,-217.8836996536304,-26.18496729649588,0.7458392980313139,0.33923950796807,0.08179964073775198,3.5602184792827466e-05,34.848437700069304,56.17045259756964,nan,0.0033284880427226354,0.27798416549249133
160.67000000000002,216.62271118164062,-217.30677795410156,-26.178491592407227,217.1043455904331,-217.87606930920066,-26.187277377763365,0.7457489797162079,0.3392811872882546,0.08182351866962549,3.6313835191466316e-05,34.762167609707205,56.091577093173896,nan,nan,nan
160.68,216.6311492919922,-217.29917907714844,-26.180604934692383,217.11264630532256,-217.86843128392923,-26.19093949295125,0.7456502208577888,0.3393229495961436,0.08184745796900644,3.5575723343210786e-05,35.51773635590807,57.46014636348792,nan,1.3274103503678856,nan
160.69,216.63958740234375,-217.29156494140625,-26.182676315307617,217.1209780895786,-217.8607819368025,-26.193180065892847,0.745557047033128,0.33936479653507134,0.08187145878544357,3.628713154226626e-05,35.436594907459614,57.006886457252875,nan,nan,nan
160.70000000000002,216.6480255126953,-217.28395080566406,-26.184707641601562,217.06976883043333,-217.81554822033848,-26.196103033086366,0.6786700909074264,0.33930056932972213,0.08186092609528214,3.552937821344908e-05,34.17034791010665,58.88571732274698,41.96189856544604,0.538459270960941,nan
160.71,216.65646362304688,-217.2763214111328,-26.186697006225586,217.0780235503395,-217.8078005755645,-26.198268820944495,0.6784664924812895,0.33934224625433485,0.0818849028360673,3.6239700764465325e-05,34.08968487599893,58.38731879483912,nan,nan,nan
160.72,216.66490173339844,-217.2686767578125,-26.18864631652832,217.08623429351098,-217.80004574731512,-26.20237940315459,0.6782792396088185,0.3393840061620159,0.08190894117513771,3.550609122992153e-05,35.58703215156861,59.46664454887427,nan,2.698518275598236,nan
160.73,216.67333984375,-217.2610321044922,-26.1905574798584,217.09448802252956,-217.7922796390385,-26.204487759269934,0.6780735831274928,0.3394258506033803,0.08193304125985329,3.6216255645370955e-05,35.51294706596488,60.03169115915614,nan,nan,nan
160.74,216.68177795410156,-217.25338745117188,-26.192432403564453,217.10272835049926,-217.7845048099297,-26.207157464223226,0.6778655562961388,0.33946777833935377,0.08195720323224794,3.5484315935358585e-05,36.14351455028265,61.274194522581716,nan,0.24619374215826031,nan
160.75,216.69020080566406,-217.24571228027344,-26.19426727294922,217.09286134301422,-217.7795285533156,-26.209279011023604,0.6688203600248404,0.3394036158245814,0.08194657930842435,3.617205472364901e-05,38.25541393159798,60.518001469964666,24.559813408843365,nan,nan
160.76,216.69863891601562,-217.238037109375,-26.19606590270996,217.10108642081718,-217.7717610452015,-26.209755864550175,0.6685900454316545,0.33944537339974196,0.08197071662819178,3.544258219386804e-05,37.19660286653051,59.76243508158747,nan,1.6093400537830114,nan
160.77,216.7070770263672,-217.23036193847656,-26.197830200195312,217.10927864963827,-217.76398602203065,-26.211711489431842,0.6683662906682997,0.33948721541115184,0.08199491591901077,3.615165207397347e-05,37.12092545586591,60.24824965089497,nan,nan,nan
160.78,216.71551513671875,-217.22267150878906,-26.19955825805664,217.11751589613652,-217.75620135465041,-26.211469627324227,0.668132163359267,0.339529140710365,0.08201917732425881,3.5423682226613936e-05,35.67985192475612,58.353173552659456,nan,3.2237194782914895,nan
160.79,216.7239532470703,-217.2149658203125,-26.201251983642578,217.1257076265566,-217.74840951930588,-26.21333569626745,0.6679182416605679,0.3395711507127772,0.08204350098931622,3.613269627406856e-05,35.60103207472142,57.79888019272425,nan,nan,nan
160.8,216.7323760986328,-217.20726013183594,-26.202911376953125,217.1499090872195,-217.74288418192134,-26.213026308101096,0.6792122138331641,0.3395070506534577,0.08203278310628376,3.538478709885648e-05,33.45902358072809,57.05501675882542,7.263349575824678,3.1449003973939544,nan
160.81,216.74081420898438,-217.19955444335938,-26.204538345336914,217.15814037109183,-217.73506966414305,-26.214805602143905,0.6790015418485245,0.3395488902947353,0.08205708152431992,3.6092896041559106e-05,33.370660917458416,57.2111551989019,nan,nan,nan
160.82,216.74925231933594,-217.1918182373047,-26.206132888793945,217.1663175022558,-217.7272479037749,-26.21920797935121,0.6788219593777529,0.33959081321497664,0.08208144227973753,3.536856152709285e-05,35.17033150745435,57.42765589721743,nan,4.872194636857245,nan
160.83,216.75767517089844,-217.18409729003906,-26.20769691467285,217.1745480521076,-217.71941750679716,-26.22095063925244,0.6786209507322937,0.339632820741701,0.0821058655172555,3.6076679471016864e-05,35.08760249461827,59.269448126719794,nan,nan,nan
160.84,216.76611328125,-217.1763458251953,-26.209228515625,217.18277573390674,-217.71157924855373,-26.222793789350934,0.6784293873242531,0.3396749118575892,0.08213035138123366,3.535360699327341e-05,35.31095847946128,57.60030924495241,nan,0.011873621504745187,nan
160.85,216.77455139160156,-217.16860961914062,-26.210729598999023,217.1873622298677,-217.69419930487322,-26.224441102346763,0.6684648915706247,0.33961087453948885,0.08211953679985197,3.603957518253019e-05,33.90042804868527,59.19262339256214,8.052896235438585,nan,nan
160.86,216.78297424316406,-217.16085815429688,-26.212200164794922,217.1956080213698,-217.6863152855493,-26.2259189596175,0.6682514773883867,0.3396527951306733,0.08214399680633433,3.531856170491263e-05,33.89594339383927,58.96037253695768,nan,0.02140562967736292,nan
160.87,216.79141235351562,-217.15309143066406,-26.213642120361328,217.2038498994245,-217.67842346070748,-26.227542201180295,0.6680356901481049,0.33969480023206206,0.08216851951390601,3.6025895752267263e-05,33.81658607962606,58.00083735459257,nan,nan,nan
160.88,216.79983520507812,-217.14532470703125,-26.215055465698242,217.2121376648529,-217.6705241182083,-26.226715509391944,0.6678051335951127,0.33973688891086334,0.08219310506705522,3.530600154772889e-05,32.188421717168985,57.23107508102005,nan,4.068823122332947,nan
160.89000000000001,216.8082733154297,-217.13754272460938,-26.216440200805664,217.22037866151155,-217.66261686323224,-26.228259236312056,0.667587714776192,0.3397790623683873,0.08221775361030902,3.6013420724992106e-05,32.10351195517272,56.282609471106184,nan,nan,nan
160.9,216.81671142578125,-217.1297607421875,-26.217798233032227,217.2553125375149,-217.66321896339898,-26.22900630333502,0.6907056028671076,0.3397150856855011,0.08220683957601177,3.527330405069638e-05,31.074173119560122,55.926593168210786,10.30666274098645,0.3442858062851201,nan
160.91,216.82513427734375,-217.12196350097656,-26.219127655029297,217.26360780432307,-217.65530335310373,-26.23048882756427,0.6905356674134132,0.33975708840431296,0.08223146163500902,3.597995347444472e-05,30.9867526031654,55.63970371663821,nan,nan,nan
160.92000000000002,216.83355712890625,-217.11416625976562,-26.22043228149414,217.27191944532038,-217.64738089124324,-26.23103801145337,0.6903563175503953,0.33979917468635146,0.08225614675502152,3.526295278027079e-05,30.474831886322487,55.609020736384444,nan,0.5730945047683804,nan
160.93,216.8419952392578,-217.10635375976562,-26.221710205078125,217.28021383829542,-217.639451075705,-26.23246092937982,0.6901766925050975,0.33984134565219026,0.08228089508086027,3.596973622247805e-05,30.386946424258348,54.56558523702222,nan,nan,nan
160.94,216.8504180908203,-217.09854125976562,-26.22296142578125,217.28851534043622,-217.6315144049442,-26.233435257028155,0.6899994744516491,0.33988360048960126,0.08230570675660308,3.5253649600039e-05,30.172323533847337,55.227696979378386,nan,0.1250637819784953,nan
160.95000000000002,216.85885620117188,-217.09072875976562,-26.22418975830078,217.29441462663465,-217.63031995940568,-26.23477743426206,0.6935285888864762,0.3398196844309896,0.08229469050226484,3.593847655241981e-05,31.427710950373932,55.20990431719796,7.994543267667963,nan,nan
160.96,216.86727905273438,-217.0829620361328,-26.225393295288086,217.30269980565097,-217.62243065308516,-26.235289726244837,0.6933365417260359,0.33986176834898174,0.0823194750508976,3.5224103696268715e-05,30.973422715557383,53.79140677751487,nan,0.48376693365168577,nan
160.97,216.87570190429688,-217.07521057128906,-26.226680755615234,217.3109697989981,-217.61456913681906,-26.236657908763814,0.6931560761856951,0.3399039368566282,0.08234432301769369,3.593033316043186e-05,30.850525273323157,55.31056312966065,nan,nan,nan
160.98,216.88414001464844,-217.0674285888672,-26.228052139282227,217.31924798038932,-217.60670033230073,-26.237615584070216,0.6929822613842564,0.3399461892182712,0.08236923454614364,3.521675480066332e-05,30.569613253179455,53.072017730873185,nan,0.17145042461718676,nan
160.99,216.89256286621094,-217.05966186523438,-26.22950553894043,217.327517371276,-217.5988237278072,-26.239148649749907,0.6928015048449865,0.3399885264400842,0.08239420978192001,3.592317292331669e-05,30.449067892694597,54.91983724780946,nan,nan,nan
161.0,216.90098571777344,-217.05186462402344,-26.231042861938477,217.35798339744957,-217.59898118942033,-26.23901936400137,0.7129144688854486,0.33992466901731033,0.0823830885280436,3.51891131213984e-05,29.249010354910755,52.09373435062808,6.1683868830798785,2.312863733843642,nan
161.01,216.909423828125,-217.04408264160156,-26.2326602935791,217.3662952294666,-217.59109882776409,-26.240701627154305,0.7127572155603183,0.339966835092865,0.08240803597845463,3.5894859911023774e-05,29.13229265573848,53.193756861916064,nan,nan,nan
161.02,216.9178466796875,-217.03627014160156,-26.234355926513672,217.37460969049928,-217.58320951198766,-26.242273220479323,0.7126273966582582,0.34000908500217053,0.08243304719868123,3.518355170955723e-05,29.005428368863694,51.8152269151963,nan,0.02576714800043061,nan
161.03,216.92626953125,-217.02847290039062,-26.236133575439453,217.38292061906506,-217.57531279508947,-26.24411537830054,0.7124800317299003,0.34005141967924607,0.08245812233519943,3.588952311553634e-05,28.88868955950422,53.25708270488776,nan,nan,nan
161.04,216.9346923828125,-217.02066040039062,-26.237987518310547,217.39126479221702,-217.56741085878105,-26.243968356855937,0.7123413502031767,0.3400938384962535,0.0824832615303229,3.517883751008725e-05,28.021819485570123,51.817949432246394,nan,2.9907085664983324,nan
161.05,216.943115234375,-217.01283264160156,-26.239917755126953,217.37062774603615,-217.54948079256448,-26.246066753152547,0.6861457540023562,0.3400300394272055,0.08247203249001692,3.586298218773259e-05,28.562607426977806,51.575531368595605,11.158169284548272,nan,nan
161.06,216.95155334472656,-217.0050048828125,-26.241926193237305,217.37890995957133,-217.54155545620702,-26.246265129140465,0.6859584684413053,0.34007228690026076,0.08249714322565828,3.515372359263869e-05,27.93784131194119,51.08128257655532,nan,2.424329666719121,nan
161.07,216.95997619628906,-216.99717712402344,-26.244009017944336,217.3871623401534,-217.5336214479062,-26.248382915756302,0.6857693818754096,0.34011461904964774,0.08252231808311901,3.585930556705246e-05,27.82789430834136,51.806639006888695,nan,nan,nan
161.08,216.96839904785156,-216.9893341064453,-26.246166229248047,217.3954394308108,-217.52568245240113,-26.24896501773809,0.6855952669793748,0.3401570353150811,0.08254755720377044,3.5150571455580366e-05,27.411102416878688,50.78886079646546,nan,1.817685762247298,nan
161.09,216.97682189941406,-216.9814910888672,-26.248395919799805,217.4036910883463,-217.51773523619795,-26.2512173921399,0.6854072152467717,0.34019953652959656,0.08257286073547354,3.5856415448275184e-05,27.303469500881373,51.15047240924352,nan,nan,nan
161.1,216.98524475097656,-216.9736328125,-26.250699996948242,217.4026633151635,-217.5093046427323,-26.253528280595035,0.6791101284921994,0.3401357939281719,0.0825615211093661,3.5126970723136546e-05,27.88024392728392,50.52996567815399,3.738017058956683,0.01149582441991557,nan
161.11,216.99366760253906,-216.9657745361328,-26.253074645996094,217.4108893862372,-217.501351239758,-26.255926300261272,0.6789142465660328,0.3401781235597369,0.08258679549277619,3.583221230592091e-05,27.774336523428165,50.88756781628034,nan,nan,nan
161.12,217.00209045410156,-216.95790100097656,-26.25551414489746,217.41911728643112,-217.49339181096133,-26.25822981888791,0.6787261313270503,0.3402205372806958,0.08261213434044551,3.512523423876022e-05,27.6540613304505,50.145182494732424,nan,0.018776808491770984,nan
161.13,217.01051330566406,-216.9500274658203,-26.257963180541992,217.42734218255637,-217.48542595793202,-26.260732520146746,0.6785318910770846,0.3402630358612241,0.08263753780125557,3.58307635619799e-05,27.554211622616283,50.449554598285175,nan,nan,nan
161.14000000000001,217.0189208984375,-216.94215393066406,-26.26038932800293,217.43558816996205,-217.47745603578034,-26.261731452789277,0.6783522390326168,0.34030561883502514,0.08266300601507914,3.512416855536469e-05,27.285805905553257,50.95481694002505,nan,1.573923791337325,nan
161.15,217.02734375,-216.93426513671875,-26.26278305053711,217.43216607838997,-217.46385804121587,-26.26428206303435,0.6665973365497646,0.3402419321761278,0.08265155300373049,3.580795334938819e-05,27.22194766125299,50.0873662398413,1.6913647270123895,nan,nan
161.16,217.0357666015625,-216.92637634277344,-26.26513671875,217.44036442757377,-217.45586491663872,-26.267101912839795,0.6663793309030099,0.3402843433526293,0.08267699136499576,3.510255163186821e-05,27.166111214110042,50.419521659267055,nan,0.1113296864590331,nan
161.17000000000002,217.044189453125,-216.91848754882812,-26.267446517944336,217.44856804539893,-217.44786672351532,-26.269486378964345,0.6661595285777417,0.3403268393002084,0.08270249453802447,3.580780438550741e-05,27.06867905528554,50.73225110808159,nan,nan,nan
161.18,217.0526123046875,-216.91058349609375,-26.269710540771484,217.45677357532313,-217.43986319849932,-26.271658661860943,0.6659482947167268,0.34036941961070527,0.08272806266164308,3.51027069932554e-05,26.958879066912246,49.9722575223361,nan,0.020162135784001695,nan
161.19,217.06101989746094,-216.90267944335938,-26.27193260192871,217.4649762491834,-217.4318538511643,-26.273955742163988,0.6657404757629113,0.3404120849673432,0.08275369588627254,3.580827140825334e-05,26.86175026612629,50.533565434235506,nan,nan,nan
161.20000000000002,217.06944274902344,-216.894775390625,-26.27410888671875,217.4892093960396,-217.4318252282562,-26.274907004920202,0.6816356820469079,0.3403484524500865,0.08274212667612917,3.5082266603595395e-05,26.807935751573904,50.188848595905334,2.513312543010161,1.2815842255651215,nan
161.21,217.07786560058594,-216.88685607910156,-26.276243209838867,217.49743727141737,-217.42381829363896,-26.277105807570372,0.6814466603337566,0.34039094575878887,0.08276772932982777,3.578727456018013e-05,26.709842345897602,49.38156460723758,nan,nan,nan
161.22,217.08627319335938,-216.87892150878906,-26.278335571289062,217.50567249697175,-217.41580678980958,-26.278665880730212,0.6812794507038618,0.34043352339730115,0.08279339712823146,3.508351741617508e-05,26.592219885459794,48.910615322239714,nan,0.25049723989066686,nan
161.23,217.09469604492188,-216.87100219726562,-26.280385971069336,217.51389949528397,-217.40778884654736,-26.28077609240666,0.6810811932781978,0.3404761859953987,0.08281913022279334,3.5788854869370093e-05,26.491664528290034,49.94236601750309,nan,nan,nan
161.24,217.1031036376953,-216.86306762695312,-26.282394409179688,217.52210423336825,-217.39976264095054,-26.284554092437304,0.6808874366998847,0.34051893322488364,0.08284492875082176,3.5085287848113496e-05,26.51945494703681,49.637699443292775,nan,2.0496356075847264,nan
161.25,217.1115264892578,-216.85513305664062,-26.284364700317383,217.49297544061878,-217.37735322595913,-26.28663252327442,0.6467011293931604,0.34045535411035405,0.08283324053636094,3.576892844936795e-05,26.95234116515095,50.377361680855174,15.331459017335288,nan,nan
161.26,217.11993408203125,-216.84718322753906,-26.28629493713379,217.50114917683183,-217.36930374943984,-26.287174322580647,0.646479358690219,0.34049792906137577,0.0828590077601607,3.506636800499031e-05,26.73145916313589,49.72727771308018,nan,1.5160060253031546,nan
161.27,217.12835693359375,-216.8392333984375,-26.288185119628906,217.5093042551483,-217.36124670724132,-26.2891315497838,0.646234982106302,0.34054058888640776,0.08288484047178972,3.577150197145919e-05,26.635952090043038,49.75392277749277,nan,nan,nan
161.28,217.1367645263672,-216.83128356933594,-26.2900390625,217.51747069954428,-217.35318651691338,-26.29006934446871,0.6460030014652921,0.34058333330610013,0.08291073880757165,3.506906999909251e-05,26.51096660836931,50.20126584931363,nan,0.6788147356712664,nan
161.29,217.1451873779297,-216.8233184814453,-26.29185676574707,217.52562488784645,-217.34511977109946,-26.291943595417383,0.6457625665643606,0.34062616287713327,0.08293670292041017,3.577454713948218e-05,26.414221891540876,49.11684381593049,nan,nan,nan
161.3,217.15359497070312,-216.8153533935547,-26.293638229370117,217.50035416545364,-217.31642532477846,-26.292781346350708,0.6093568360598429,0.3405626354321206,0.08292489287996546,3.5051043541869146e-05,25.63131912549066,50.458166817666765,12.162499851199714,0.5780994088811471,nan
161.31,217.16200256347656,-216.80738830566406,-26.29538345336914,217.50846136050555,-217.30830701447104,-26.294574638846264,0.6090598534237462,0.3406052924628192,0.0829508249416799,3.575599279363181e-05,25.52956413477619,50.743680568404734,nan,nan,nan
161.32,217.17042541503906,-216.79940795898438,-26.29709243774414,217.51657360859184,-217.30018454078825,-26.295874956397103,0.6087669825506773,0.34064803404879684,0.0829768228148167,3.5054571736946076e-05,25.457414666267148,49.74154447167758,nan,0.1482881240365419,nan
161.33,217.1788330078125,-216.7914276123047,-26.298768997192383,217.5246804455704,-217.29205617467704,-26.297596302561818,0.6084741431477679,0.3406908607023582,0.08300288665319283,3.575987610675227e-05,25.35596944325023,50.21061017908163,nan,nan,nan
161.34,217.18724060058594,-216.783447265625,-26.300413131713867,217.53278657789454,-217.28392286612478,-26.299316865770145,0.6081768253795894,0.3407337722105801,0.08302901659178641,3.5058493066954963e-05,25.253816442083618,50.432222951439755,nan,0.0007165833217002376,nan
161.35,217.19566345214844,-216.77545166015625,-26.30202293395996,217.540781666191,-217.2790699113339,-26.300896222765473,0.6105237047496814,0.3406702955111639,0.08301708191965679,3.574212417246023e-05,25.71723064037677,49.422937226488806,1.3246098187496866,nan,nan
161.36,217.20407104492188,-216.76747131347656,-26.303600311279297,217.54889506729182,-217.27094059984805,-26.30114312720279,0.6102384505063474,0.3407130342329306,0.08304317904591459,3.504160174142234e-05,25.75558371610446,51.13921029981771,nan,1.335271527786706,nan
161.37,217.2124786376953,-216.75946044921875,-26.305147171020508,217.55699341870744,-217.26280401600388,-26.302722335214852,0.6099598842452637,0.34075585793939256,0.08306934232212337,3.574674602673081e-05,25.653532946445278,49.169598771059654,nan,nan,nan
161.38,217.22088623046875,-216.75146484375,-26.306663513183594,217.56508577817166,-217.2546618522033,-26.30480948546654,0.6096589172430886,0.3407987664577043,0.0830955718824382,3.504621468026179e-05,25.49030435479131,50.409287318068955,nan,0.2039812901345098,nan
161.39000000000001,217.22930908203125,-216.7434539794922,-26.308149337768555,217.57318335750836,-217.24651626626516,-26.306334163387156,0.6093639934933737,0.34084176024017077,0.08312186788189048,3.575172023592737e-05,25.39057056745562,49.324028464334646,nan,nan,nan
161.4,217.2377166748047,-216.73544311523438,-26.30960464477539,217.58517887787144,-217.24776603673845,-26.307334965885616,0.6190395059289354,0.34077833260398727,0.08310980575453508,3.5029984121787005e-05,26.541164600011435,49.859707280701436,5.220426730701262,0.19787234395918438,nan
161.41,217.24612426757812,-216.72743225097656,-26.311033248901367,217.59326733472787,-217.23963923161247,-26.308797949644998,0.6187643304563154,0.34082115332720775,0.08313606816730769,3.573497764621371e-05,26.438947062614993,50.027553135945716,nan,nan,nan
161.42000000000002,217.25453186035156,-216.7194061279297,-26.31243133544922,217.60135454679002,-217.23150796035446,-26.310329572762722,0.6184971139848529,0.34086405881696985,0.08316239704469425,3.5035202209244e-05,26.332202737056654,49.216735848083275,nan,0.006518548004205538,nan
161.43,217.262939453125,-216.7113800048828,-26.31380271911621,217.60944251528917,-217.22337268759148,-26.311738926924836,0.6182274164695185,0.3409070494896077,0.083188792542447,3.5740564709168865e-05,26.231970857999602,49.39822273149921,nan,nan,nan
161.44,217.27134704589844,-216.70335388183594,-26.31514549255371,217.61752570260808,-217.21523213862332,-26.31361079858648,0.6179493243127258,0.3409501252261514,0.08321525479365655,3.504071014414444e-05,26.086374468832524,49.604086894640794,nan,0.168507795418444,nan
161.45000000000002,217.27975463867188,-216.69532775878906,-26.31646156311035,217.66187525260005,-217.2192499616524,-26.314872803433786,0.6484698623678092,0.3408867455717297,0.08320306241068404,3.572440701456157e-05,25.36459122730012,48.84112035190815,16.2198039235437,nan,nan
161.46,217.2881622314453,-216.68728637695312,-26.317752838134766,217.67002098834854,-217.211111102832,-26.317556764731286,0.6482349050387084,0.3409296479879754,0.08322949028721034,3.5025301621053875e-05,25.202851990974487,47.88766167795746,nan,1.2849313751972042,nan
161.47,217.29656982421875,-216.6792449951172,-26.31901741027832,217.6781789120099,-217.20297087770828,-26.318879170159963,0.6480079591262392,0.34097263550652657,0.08325598496187747,3.57305261051279e-05,25.109848522809077,48.10013840178138,nan,nan,nan
161.48,217.3049774169922,-216.67120361328125,-26.32025718688965,217.68631784116954,-217.19482225870962,-26.322282422642193,0.6477662437421843,0.34101570804050607,0.08328254656716547,3.5031307041075396e-05,25.133710104021002,48.400231922215795,nan,3.124340120712324,nan
161.49,217.31338500976562,-216.66314697265625,-26.32158088684082,217.6944751712158,-217.18667384013688,-26.323631939601217,0.6475448238891446,0.34105886595817964,0.08330917525972988,3.573690135068035e-05,25.043628675140322,47.57974803618605,nan,nan,nan
161.5,217.32179260253906,-216.65509033203125,-26.322988510131836,217.69849108110563,-217.18337138870484,-26.323794610083237,0.6488322343962766,0.34099553263868887,0.08329684980197452,3.501637275701821e-05,25.898009913914215,47.84665022869151,4.314126612261973,1.1075475813984348,nan
161.51,217.3302001953125,-216.64703369140625,-26.324478149414062,217.70662791196926,-217.17523368402385,-26.325300012594607,0.6486090760448442,0.34103851695261295,0.08332344331916533,3.5721461979157714e-05,25.80753765397217,48.03910763709249,nan,nan,nan
161.52,217.33860778808594,-216.63897705078125,-26.326047897338867,217.7147689164552,-217.1670934797493,-26.32635808703544,0.6483858829891709,0.3410815862311838,0.08335010394079133,3.502280626698854e-05,25.700335429342037,48.234740719801046,nan,0.1983090989069744,nan
161.53,217.34701538085938,-216.63092041015625,-26.327699661254883,217.72290505637793,-217.15894848989257,-26.328023167330134,0.6481564670722982,0.3411247408142228,0.08337683182400484,3.5728270111416396e-05,25.609271941480493,48.37315022714021,nan,nan,nan
161.54,217.3554229736328,-216.6228485107422,-26.329431533813477,217.73104098827542,-217.15079987817393,-26.329752737936403,0.6479364494062593,0.34116798065748016,0.08340362710054937,3.5029447372169e-05,25.520043735449345,47.491795882034836,nan,0.00019154101511364248,nan
161.55,217.36383056640625,-216.61477661132812,-26.331239700317383,217.74285116695592,-217.14910041817564,-26.331641746494387,0.6551020591069555,0.3411046924593153,0.0833911657781064,3.571324343196128e-05,26.18463581581086,47.77085028201764,2.059313045643926,nan,nan
161.56,217.3722381591797,-216.60670471191406,-26.333127975463867,217.75097668272412,-217.14096047673488,-26.334383889882297,0.6548844697974682,0.3411477584235484,0.08341792506560715,3.5015087030945055e-05,26.135828781416112,47.9059053004098,nan,0.49289078803693753,nan
161.57,217.38064575195312,-216.59861755371094,-26.33509063720703,217.75910811184593,-217.13281886318595,-26.336376606202855,0.6546804186904519,0.3411909096135453,0.08344475178557827,3.572042030775115e-05,26.04978909962444,47.1092301745669,nan,nan,nan
161.58,217.3890380859375,-216.5905303955078,-26.33713150024414,217.76723910996503,-217.1246739856075,-26.338446621837914,0.6544823289935832,0.3412341460890155,0.08347164607598416,3.6440080457302885e-05,25.962469671030025,47.43562653797246,nan,nan,nan
161.59,217.39744567871094,-216.58245849609375,-26.339244842529297,217.77536973706447,-217.1165257880677,-26.34059315939985,0.6542601043905725,0.34127746799445907,0.083498608081325,3.7174211979800257e-05,25.874074958161632,48.45082228109583,nan,nan,nan
161.6,217.40585327148438,-216.57435607910156,-26.341434478759766,217.74693800044494,-217.10065543714254,-26.342895136666282,0.6271618133511982,0.34121422328701184,0.08348600808500851,3.636680482752159e-05,27.220311579153606,47.681991009968556,21.991195584699188,0.013051252754085063,nan
161.61,217.4142608642578,-216.56626892089844,-26.34369468688965,217.7549885231148,-217.09250255224958,-26.345191960817797,0.6269126048377054,0.34125737101954357,0.0835129332753924,3.709867020005042e-05,27.134717706011788,48.92235327912235,nan,nan,nan
161.62,217.4226531982422,-216.5581817626953,-26.34602928161621,217.76304111374708,-217.08434709705415,-26.347205207194925,0.6266699888327809,0.34130060389742867,0.08353992619629282,3.6317943300623815e-05,27.023756034542583,49.177782822777864,nan,0.08358123993234476,nan
161.63,217.43106079101562,-216.55007934570312,-26.348434448242188,217.77109085722748,-217.07618765994346,-26.349644861139243,0.6264278644347028,0.3413439222119739,0.08356698700668921,3.704854773036222e-05,26.93971517772853,48.133713174076576,nan,nan,nan
161.64000000000001,217.43946838378906,-216.54197692871094,-26.350902557373047,217.77915697653495,-217.0680306387189,-26.349587040155548,0.6261969150677618,0.34138732596641064,0.08359411583658073,3.6270607771896473e-05,26.862205595625767,48.262034618803945,nan,4.320389018927882,nan
161.65,217.44786071777344,-216.53387451171875,-26.353376388549805,217.7724700919064,-217.04456896576426,-26.351947732060783,0.6051298308852359,0.34132412343897606,0.08358137439297628,3.697649125542353e-05,25.6377769980325,48.83473743480843,7.912075755561769,nan,nan
161.66,217.45626831054688,-216.5257568359375,-26.3558292388916,217.7805070293387,-217.0363622998591,-26.35467698171446,0.6048553663868381,0.3413673527322048,0.08360846556973187,3.6202257735434825e-05,25.534976828972482,47.68913329794399,nan,0.032271283271220835,nan
161.67000000000002,217.46466064453125,-216.5176544189453,-26.358245849609375,217.78854482836317,-217.0281532703963,-26.357160069712137,0.6045752399720279,0.3414106673837843,0.08363562479997598,3.6929630287432406e-05,25.44268032081264,49.078268248498546,nan,nan,nan
161.68,217.4730682373047,-216.50953674316406,-26.36062240600586,217.78418174415876,-217.02949045671065,-26.359340695449326,0.6059250128191378,0.3405263653642465,0.08311292368287372,3.6157791975627894e-05,38.399673852647155,60.9866807867387,nan,0.04433118289164468,0.16579794660016298
161.69,217.48146057128906,-216.5014190673828,-26.362957000732422,217.79220658166273,-217.021299151442,-26.36174288034955,0.6056730626772574,0.3405680457035457,0.0831374773275682,3.6884104679829205e-05,38.268847683212684,61.227793309171915,nan,nan,nan
161.70000000000002,217.4898681640625,-216.49330139160156,-26.365243911743164,217.8538951492443,-217.04269790657352,-26.36057892985493,0.6590705111442169,0.34050180545302433,0.08312630307500918,3.6092767687969746e-05,39.6515814016981,60.53755818086594,27.152195121155557,8.018019639794852,nan
161.71,217.49826049804688,-216.4851837158203,-26.367488861083984,217.86199810924012,-217.03455675106787,-26.36285852754136,0.6588909026860176,0.3405433155377957,0.08315082955187,3.681718173675658e-05,39.506150500180595,60.77655618147743,nan,nan,nan
161.72,217.50665283203125,-216.47705078125,-26.369688034057617,217.87010479188643,-217.02641103356606,-26.364868636594746,0.6587239486607782,0.3405849087231094,0.08317541753447466,3.605168357607523e-05,39.4461187556093,59.98889370011849,nan,0.03389744154814562,nan
161.73,217.5150604248047,-216.4689178466797,-26.371843338012695,217.8782067351445,-217.01826416589896,-26.367059165459786,0.6585434757555376,0.3406265862212607,0.08320006735649702,3.677517851635932e-05,39.30344722787678,59.87745949109046,nan,nan,nan
161.74,217.52345275878906,-216.46078491210938,-26.37395668029785,217.8863253147281,-217.01010696712436,-26.368272550196934,0.6583794660487418,0.34066834713570326,0.08322477897680398,3.601212195397402e-05,39.45563994348204,60.482227406492264,nan,0.5823153078862273,nan
161.75,217.53184509277344,-216.45265197753906,-26.376028060913086,217.88674139604646,-216.99186442466856,-26.37036661055692,0.6455489921271484,0.34060219715366197,0.08321351028053853,3.6711661441056875e-05,38.07777869305549,60.490618716684764,5.9636269191649705,nan,nan
161.76,217.54025268554688,-216.44451904296875,-26.3780574798584,217.89484654409586,-216.9836807131964,-26.37242128752424,0.645340125691374,0.3406437876999449,0.08323819416184657,3.595192631542e-05,37.96523747137234,60.398370505169844,nan,3.7923808610534107e-06,nan
161.77,217.54864501953125,-216.43638610839844,-26.380046844482422,217.9029511925199,-216.97549435028225,-26.374438658168366,0.6451372043516431,0.34068546245548403,0.0832629401005964,3.667285746352067e-05,37.814579999074574,60.72232140390674,nan,nan,nan
161.78,217.55703735351562,-216.42823791503906,-26.381996154785156,217.91102046489507,-216.9673201207528,-26.378405909502245,0.6449236834852963,0.3407272206263115,0.08328774807133879,3.591542323071882e-05,37.19396864866555,59.33604589980453,nan,2.649162894330024,nan
161.79,217.5654296875,-216.4200897216797,-26.3839054107666,217.91912400331907,-216.95912827470931,-26.380366145293742,0.6447284367042306,0.3407690632705814,0.08331261838516503,3.663561268821293e-05,37.05490548906175,59.47050113730707,nan,nan,nan
161.8,217.57383728027344,-216.4119415283203,-26.385778427124023,217.9532463104367,-216.96312393594812,-26.38156350758347,0.6691569503446432,0.3407030015468728,0.08330125238242764,3.585840579714028e-05,37.14155717081381,58.84473462858755,6.514461836431235,0.3413963859054167,nan
161.81,217.5822296142578,-216.40379333496094,-26.387615203857422,217.96139298156498,-216.95494600886602,-26.383442266893653,0.6689929315496056,0.3407446736499494,0.08332609436090128,3.657701061784046e-05,36.99977324333518,59.16393144205047,nan,nan,nan
161.82,217.5906219482422,-216.39564514160156,-26.389413833618164,217.969530327448,-216.94676925688836,-26.38581313614428,0.66882158705094,0.34078642916273744,0.08335099860113877,3.5824894287911866e-05,36.763003123905605,59.202613189387684,nan,0.18772648615318205,nan
161.83,217.59901428222656,-216.3874969482422,-26.391176223754883,217.9776760879388,-216.93858620469916,-26.38762597071457,0.6686529264006827,0.34082826905007185,0.08337596539953748,3.654287228447261e-05,36.62326661594718,59.29214022820277,nan,nan,nan
161.84,217.60740661621094,-216.37933349609375,-26.39290428161621,217.9858216134008,-216.9304005958345,-26.389404203029994,0.6684946589651889,0.34087019304657945,0.08340099482489226,3.7275268143401354e-05,36.48703639540931,58.317903700546275,nan,nan,nan
161.85,217.6157989501953,-216.3711700439453,-26.39459800720215,218.01730673882437,-216.93635623736625,-26.39100981389219,0.6932941747156708,0.340804219383177,0.08338952897542196,3.799756336782272e-05,37.05991326699087,58.0673488731552,6.378491947363565,nan,nan
161.86,217.6241912841797,-216.36300659179688,-26.396257400512695,218.0254434166704,-216.92821116589263,-26.39522647765631,0.6931526146593251,0.34084597228525654,0.08341452938274191,3.7158055693905467e-05,36.63012417703568,57.874940079950946,nan,3.931325479431256,nan
161.87,217.63258361816406,-216.35484313964844,-26.397884368896484,218.03361933558085,-216.9200464987373,-26.396927514103574,0.6930262616527737,0.34088780949624664,0.08343959256593424,3.790171319496017e-05,36.505981247423286,57.929929457872504,nan,nan,nan
161.88,217.64097595214844,-216.3466796875,-26.399477005004883,218.04174913033893,-216.9118995053863,-26.401588759129904,0.692890353803399,0.34092973038834173,0.08346471852337721,3.706776572877582e-05,36.482271807978805,58.16261796012441,nan,5.622341821609166,nan
161.89000000000001,217.6493682861328,-216.3385009765625,-26.40104103088379,218.04992452377562,-216.90373009051876,-26.40325633379365,0.6927728042766423,0.34097173585532264,0.08348990754229794,3.780920070939232e-05,36.37473278679555,57.12323990794232,nan,nan,nan
161.9,217.6577606201172,-216.33033752441406,-26.402570724487305,218.0476289609752,-216.8831950953267,-26.408178119675377,0.6765207016785201,0.34090584835295806,0.08347833898700242,3.695741125627761e-05,35.62611221638183,59.006145540313724,7.3225236294216085,6.811444239166823,nan
161.91,217.66615295410156,-216.32215881347656,-26.404071807861328,218.0558053263757,-216.87498771341419,-26.40981795997786,0.6763739957222218,0.34094768295891165,0.08350349843836703,3.769581718298093e-05,35.53269525664957,57.96009508144477,nan,nan,nan
161.92000000000002,217.67454528808594,-216.31398010253906,-26.405542373657227,218.0639695639818,-216.86678325906948,-26.41225420297826,0.6762304675033826,0.34098960123469324,0.0835287208865558,3.6873551197135275e-05,35.75982811533902,58.386629718699524,nan,0.4327805064453388,nan
161.93,217.6829376220703,-216.30580139160156,-26.406984329223633,218.07214559372088,-216.85857107138935,-26.413844314188292,0.676080042215974,0.34103160398860577,0.08355400660444509,3.7609995063166256e-05,35.67059507066326,58.44707689366223,nan,nan,nan
161.94,217.6913299560547,-216.29762268066406,-26.408397674560547,218.0803409565377,-216.85034787968127,-26.414024804749555,0.6759189069108533,0.3410736907213416,0.0835793556112387,3.67927877450974e-05,35.16108941929866,58.099601728241765,nan,1.2173053938742737,nan
161.95000000000002,217.69972229003906,-216.28944396972656,-26.40978240966797,218.1050492488611,-216.8489964254506,-26.41554777251555,0.690957403653419,0.3410078889268702,0.08356768176188542,3.750352514924585e-05,34.96893967098879,57.910950838836875,2.9007478258531916,nan,nan
161.96,217.70811462402344,-216.28125,-26.4111385345459,218.1132933150615,-216.8407696910743,-26.41425279640625,0.6908268632574637,0.3410498046453632,0.08359300056497421,3.6692245617398043e-05,34.23067972571548,56.31491119505434,nan,4.987772049998221,nan
161.97,217.7165069580078,-216.2730712890625,-26.4124698638916,218.12149876581142,-216.83255771114668,-26.415692856260343,0.6906908198060839,0.34109180474826156,0.08361838284301898,3.7424192150559115e-05,34.12476481094565,57.33336010429185,nan,nan,nan
161.98,217.7248992919922,-216.26487731933594,-26.413772583007812,218.12968012192994,-216.82435399775667,-26.418881222234727,0.6905706134614651,0.3411338888120385,0.08364382862827265,3.6617646261940954e-05,34.44350980991902,56.85997862217911,nan,2.0263687839516025,nan
161.99,217.73329162597656,-216.25668334960938,-26.415050506591797,218.13788473059486,-216.81613748126247,-26.42028786914344,0.6904432892677672,0.3411760575311122,0.08366933817464516,3.734797647793945e-05,34.34877931302275,56.88220505935663,nan,nan,nan
162.0,217.74166870117188,-216.2484893798828,-26.416301727294922,218.1460401823544,-216.803474992613,-26.42117922446096,0.6866943389236896,0.34111033963075704,0.08365755617825404,3.652342715352282e-05,33.420454068420185,57.145187304589605,2.3516579815358396,0.16009026102014823,nan
162.01,217.75006103515625,-216.24029541015625,-26.417638778686523,218.15425510393368,-216.79523912793314,-26.422586562376946,0.6865565203960563,0.3411523371367241,0.08368303486221396,3.7251333259088273e-05,33.3092918818222,56.81491778901916,nan,nan,nan
162.02,217.75845336914062,-216.23208618164062,-26.419057846069336,218.16245128279508,-216.78700956759877,-26.425570862649657,0.6864376868335389,0.34119441858123284,0.08370857726768514,3.645477742658963e-05,33.70144866277923,56.38050936133309,nan,1.4467284420614719,nan
162.03,217.766845703125,-216.22389221191406,-26.420560836791992,218.1706660532753,-216.77876940603315,-26.427161505671393,0.6862966884508815,0.3412365845917908,0.08373418363675912,3.718128311162916e-05,33.59259291247924,57.44336330145328,nan,nan,nan
162.04,217.77523803710938,-216.21568298339844,-26.422142028808594,218.17890169145028,-216.77051739952984,-26.42710372403518,0.6861561000087694,0.3412788348454782,0.08375985401889319,3.638898312175802e-05,32.98294343298261,56.076078182143,nan,1.9547360305515267,nan
162.05,217.7836151123047,-216.2074737548828,-26.423805236816406,218.2066726802914,-216.77505264537592,-26.42890115786248,0.7079191134413119,0.34121320010864925,0.08374796123688402,3.709092660885338e-05,33.59804873683435,56.28419440863589,4.501120347616914,nan,nan
162.06,217.79200744628906,-216.19927978515625,-26.425548553466797,218.21492540293877,-216.766826625202,-26.42955657626001,0.7078029937414643,0.3412552789759752,0.08377360008918254,3.6303709006630114e-05,33.22385853616928,56.72237235358134,nan,0.8894295006647078,nan
162.07,217.80039978027344,-216.19107055664062,-26.427370071411133,218.22316407159477,-216.75860492155397,-26.431445371112996,0.7077015680650116,0.3412974423224688,0.08379930310455544,3.702679496583469e-05,33.11607279058206,55.723437323318095,nan,nan,nan
162.08,217.8087921142578,-216.182861328125,-26.42926788330078,218.23139661693722,-216.7503840423176,-26.433921793496616,0.7076003502610385,0.34133968988408003,0.08382507034311905,3.624352920216648e-05,33.151321572064425,55.951583674964354,nan,0.17020595081119178,nan
162.09,217.81716918945312,-216.1746368408203,-26.431241989135742,218.2396346666393,-216.74215871009926,-26.435972498675664,0.707517158268627,0.3413820221998319,0.08385090203142521,3.6965497643004186e-05,33.046758913217275,55.33484553490695,nan,nan,nan
162.1,217.8255615234375,-216.1664276123047,-26.43329429626465,218.24409986353,-216.726300686149,-26.43958729071629,0.6990506438895743,0.3413164688970686,0.08383889562470487,3.616394502297925e-05,32.47040588956348,56.34488165771102,4.470438325576958,1.7268882956569742,nan
162.11,217.83395385742188,-216.15821838378906,-26.4354190826416,218.25234468749323,-216.71804954280427,-26.44180470496888,0.6989296026529526,0.34135862961620006,0.08386469509505924,3.6883983086771324e-05,32.36664585301188,56.44669271444512,nan,nan,nan
162.12,217.8423309326172,-216.14999389648438,-26.437618255615234,218.26060060808535,-216.7097915310487,-26.44302380545415,0.698821960909296,0.3414008745186633,0.08389055899480838,3.610913173899082e-05,31.957609707117825,55.43888622544913,nan,0.7635160736866028,nan
162.13,217.85072326660156,-216.1417694091797,-26.439889907836914,218.26884465263348,-216.7015371596672,-26.445380058545357,0.6987099324454292,0.34144320409193524,0.08391648754093452,3.682822812182448e-05,31.855432499177024,55.10889561481063,nan,nan,nan
162.14000000000001,217.85911560058594,-216.13356018066406,-26.44223403930664,218.2770763248999,-216.69328661040424,-26.448969913318884,0.6985915940071465,0.3414856181494877,0.08394248080752692,3.605688612929673e-05,32.18141832649251,56.61877345208211,nan,0.8943355373986156,nan
162.15,217.86749267578125,-216.12533569335938,-26.44464874267578,218.29046227906912,-216.68260529861507,-26.451598961453364,0.6996434833459065,0.34142014532133436,0.08393035809909234,3.6752302643348035e-05,31.378034567591836,55.98058712831767,3.6362880423887725,nan,nan
162.16,217.87588500976562,-216.1171112060547,-26.447126388549805,218.29873295524143,-216.67432993176246,-26.45337946924541,0.6995228332875842,0.34146238759016345,0.08395631845015337,3.598526949828887e-05,31.038737750344374,55.32109404266752,nan,0.430574990891969,nan
162.17000000000002,217.88426208496094,-216.10888671875,-26.449609756469727,218.30699505209014,-216.6660566854373,-26.455990042562213,0.6994156427524403,0.3415047144482618,0.08398234364117246,3.670181947956381e-05,30.948693491086864,55.70340099647498,nan,nan,nan
162.18,217.8926544189453,-216.10064697265625,-26.452070236206055,218.31524656070937,-216.65778675698326,-26.459651607255108,0.6993184787689074,0.3415471257540419,0.08400843375478932,3.593801848119648e-05,31.33012243625925,54.774078454339445,nan,0.7488210491087444,nan
162.19,217.90103149414062,-216.09242248535156,-26.454496383666992,218.3235080238183,-216.64951081564797,-26.462238361906202,0.699209385025683,0.3415896219274205,0.08403458899548383,3.665385371111373e-05,31.253741231877342,56.18882326277667,nan,nan,nan
162.20000000000002,217.909423828125,-216.08419799804688,-26.45688247680664,218.32567370501351,-216.65106105402677,-26.46221294554446,0.703296593295839,0.3415242278963387,0.08402234716069323,3.58714119148092e-05,32.495883328878136,55.18813941052648,18.72722446016565,4.895627885483071,nan
162.21,217.9178009033203,-216.07595825195312,-26.4592227935791,218.33389557407168,-216.64281928093746,-26.464696733859302,0.7032042130356265,0.3415665520590497,0.08404846876928805,3.658571225444385e-05,32.414617016819385,54.589757349494285,nan,nan,nan
162.22,217.9261932373047,-216.06773376464844,-26.461519241333008,218.34212432302962,-216.63457264304043,-26.46632978174753,0.7030847199506567,0.34160896062960566,0.08407465549876238,3.5828892663967074e-05,32.13204441405722,55.05392959208168,nan,0.4389410660951503,nan
162.23,217.9345703125,-216.0594940185547,-26.46377182006836,218.35034563328577,-216.62632795738006,-26.46871863577839,0.7029895465541861,0.3416514539889676,0.08410090754599667,3.6542618832445014e-05,32.047837949146626,54.34520067374874,nan,nan,nan
162.24,217.9429473876953,-216.05125427246094,-26.465978622436523,218.3585707800758,-216.61808001521604,-26.470599314231517,0.7028908718545196,0.3416940320541503,0.0841272250047596,3.5788630904704534e-05,31.866887405869942,54.29653776216328,nan,0.1455725598219237,nan
162.25,217.9513397216797,-216.04302978515625,-26.468141555786133,218.3943641050811,-216.62878854450952,-26.47283693555284,0.7344426288270882,0.3416287156728936,0.08411486133931394,3.647934398880637e-05,32.85927861677014,54.7414544298946,9.43674831721299,nan,nan
162.26,217.959716796875,-216.0347900390625,-26.47026252746582,218.4026151595499,-216.62058142323352,-26.475406196560368,0.7343956445682763,0.3416711215175617,0.08414114443937828,3.572897181435711e-05,32.88859004043273,54.18516165576046,nan,0.06742416890523757,nan
162.27,217.9680938720703,-216.02655029296875,-26.472339630126953,218.41086859773225,-216.61237154578313,-26.477621155699413,0.7343458942803369,0.34171361207354084,0.08416749304479507,3.644084555091337e-05,32.80680461164917,54.25736140086552,nan,nan,nan
162.28,217.9764862060547,-216.018310546875,-26.474376678466797,218.41912830909993,-216.60415714624918,-26.478972757762854,0.7342815490882922,0.3417561872914377,0.0841939072560497,3.569305770458622e-05,32.52769517822476,53.64451362336418,nan,0.458914759793265,nan
162.29,217.98486328125,-216.0100555419922,-26.47637176513672,218.4273810330808,-216.59594454042056,-26.481098758534955,0.7342412571024377,0.34179884750170386,0.08422038726017327,3.6404535353105724e-05,32.44566791648699,53.074586002958455,nan,nan,nan
162.3,217.9932403564453,-216.00181579589844,-26.478328704833984,218.46863113883188,-216.6009646191509,-26.484922822311095,0.7648654723336714,0.34173360711916656,0.08420789895497392,3.563772057420181e-05,32.65268785769647,54.31387439832769,12.19541650273768,2.360042410616848,nan
162.31,218.00161743164062,-215.9935760498047,-26.48024559020996,218.4769437446227,-216.5927666802641,-26.48698708986468,0.7648594401987104,0.34177609487511157,0.08423434385636093,3.6347973663025466e-05,32.57651821667481,54.34472296867091,nan,nan,nan
162.32,218.010009765625,-215.98532104492188,-26.482126235961914,218.48525950210748,-216.5845659195188,-26.488544136276808,0.764851568084825,0.34181866724629756,0.08426085455412226,3.560589052939146e-05,32.38043543865229,52.765267037863495,nan,0.15044595069878175,nan
162.33,218.0183868408203,-215.97708129882812,-26.483966827392578,218.49357159590517,-216.57636562250636,-26.490529383073888,0.7648433298451393,0.34186132453441287,0.08428743122938967,3.631585768228923e-05,32.30340519873653,54.23401440708083,nan,nan,nan
162.34,218.02676391601562,-215.9688262939453,-26.48577308654785,218.50189545935888,-216.56815822578233,-26.490776133297594,0.7648357853003535,0.3419040667333472,0.08431407399131312,3.557600363895979e-05,31.717595457529924,52.65763824420122,nan,1.9790360273539505,nan
162.35,218.03514099121094,-215.9605712890625,-26.48754119873047,218.52861540689364,-216.5712687989105,-26.492680202077995,0.785171864513323,0.3418389010490453,0.08430145832508598,3.6263449552719474e-05,32.16174632442842,52.76643276731327,3.4512775737224897,nan,nan
162.36,218.04351806640625,-215.9523162841797,-26.489274978637695,218.53695424850355,-216.56308555490736,-26.494189314975817,0.7852022150819591,0.34188147056709456,0.08432806522980714,3.552660190826548e-05,32.01036153712043,52.66486809230836,nan,0.08546584599502526,nan
162.37,218.05189514160156,-215.94406127929688,-26.49097442626953,218.54529031150201,-216.55490203143822,-26.496014320534403,0.785232843615127,0.3419241249275055,0.08435473829355024,3.623525612885329e-05,31.92874282843735,52.67175604498028,nan,nan,nan
162.38,218.06028747558594,-215.93580627441406,-26.492639541625977,218.5536230489815,-216.5467185983371,-26.49825675353214,0.7852549958887067,0.3419668641486372,0.0843814776306129,3.550042127903945e-05,32.01502405569379,52.42058710631556,nan,0.13927673311377986,nan
162.39000000000001,218.06866455078125,-215.92755126953125,-26.494272232055664,218.56195837743948,-216.5385324140066,-26.500020618937953,0.78528326244437,0.3420096884953766,0.08440828341455696,3.620892584716285e-05,31.93622730617008,52.84132292260673,nan,nan,nan
162.4,218.07704162597656,-215.91929626464844,-26.495872497558594,218.55760167995885,-216.52589401809152,-26.50432091258708,0.7739316350183315,0.34194459586508735,0.08439553759533128,3.545467388759615e-05,33.243018621121834,54.01006601136192,2.1167388437513024,4.280888128653983,nan
162.41,218.08541870117188,-215.91104125976562,-26.497440338134766,218.56591239393288,-216.517700333114,-26.506047869534775,0.7739402494093496,0.3419872472851956,0.08442230675157074,3.6162191783334314e-05,33.176499207945156,54.03920574974261,nan,nan,nan
162.42000000000002,218.0937957763672,-215.9027862548828,-26.49897575378418,218.57422287362445,-216.50950525495645,-26.507753591330598,0.773947796211984,0.3420299835135528,0.08444914236409726,3.5431945652240176e-05,33.20019510018824,54.182826098996095,nan,6.047717015045165e-05,nan
162.43,218.1021728515625,-215.89451599121094,-26.5004825592041,218.58253320208297,-216.50130878710561,-26.509420044819436,0.7739660471564321,0.3420728047944115,0.08447604460201497,3.6139398295217914e-05,33.13636127932837,53.15232309464274,nan,nan,nan
162.44,218.1105499267578,-215.88626098632812,-26.5019588470459,218.59085972330698,-216.4931029700907,-26.5081332516829,0.7739462624695627,0.3421157111771939,0.08450301358618777,3.541085574208436e-05,31.90080030824856,52.972656027534555,nan,5.895136953111175,nan
162.45000000000002,218.11892700195312,-215.87799072265625,-26.50340461730957,218.60483241759266,-216.4977283763376,-26.50978883515095,0.7875402152117249,0.34205069017609196,0.08449013488523335,3.609613926513184e-05,33.587420528309224,52.35525787920674,9.275227139714353,nan,nan
162.46,218.12730407714844,-215.86972045898438,-26.50482177734375,218.61312350819375,-216.48956873991796,-26.51273511729131,0.7875881105670874,0.34209342338992055,0.08451706646053238,3.537007702930775e-05,34.13063363498447,52.97315775727174,nan,1.3415430747066852,nan
162.47,218.13568115234375,-215.86146545410156,-26.50621223449707,218.62142186264091,-216.48140418619997,-26.514274507156703,0.7876122583074807,0.342136241583654,0.08454406483658526,3.6076625738694914e-05,34.06142915697121,53.871437429496275,nan,nan,nan
162.48,218.14405822753906,-215.8531951904297,-26.5075740814209,218.62972749872054,-216.47323459577353,-26.514310749365837,0.7876349965841405,0.3421791448239713,0.0845711301380858,3.535208159821933e-05,33.445535504589564,52.41916153852964,nan,1.5077175470566266,nan
162.49,218.15245056152344,-215.8449249267578,-26.508909225463867,218.63802540472486,-216.46506754928555,-26.51578216951703,0.7876592143723203,0.3422221333291637,0.08459826252849005,3.605866627660179e-05,33.375140690117476,52.013439591549485,nan,nan,nan
162.5,218.16082763671875,-215.83665466308594,-26.510215759277344,218.63710960550893,-216.45529846474906,-26.516490010237604,0.7807714347720226,0.3421571823054416,0.08458524817299995,3.531433088808931e-05,33.60019006272434,52.38997154692568,1.6398142943677187,0.38584852423982496,nan
162.51,218.16920471191406,-215.82838439941406,-26.511499404907227,218.64538647791434,-216.4471307274606,-26.517903201531624,0.7807926109751744,0.3421999973840052,0.08461234235858885,3.602010633453673e-05,33.52661434733098,52.305121964728045,nan,nan,nan
162.52,218.17758178710938,-215.8201141357422,-26.51286506652832,218.65366936766304,-216.4389586774812,-26.518028244652047,0.7808038227403509,0.34224289745178155,0.0846395036451975,3.529919329249883e-05,33.04609953803443,51.981106105785344,nan,1.2056054647967052,nan
162.53,218.1859588623047,-215.8118438720703,-26.514312744140625,218.66194630760228,-216.43078849572134,-26.519542687278353,0.7808225454817942,0.342285882712793,0.08466673219302243,3.600506775252314e-05,32.95337603768581,52.01785523212404,nan,nan,nan
162.54,218.1943359375,-215.80355834960938,-26.515844345092773,218.67021722048017,-216.42262022439755,-26.522513181792796,0.780861750689602,0.34232895325521007,0.08469402813157301,3.528540857072425e-05,33.35944701941471,51.52644899208698,nan,1.308483641673686,nan
162.55,218.2027130126953,-215.7952880859375,-26.5174560546875,218.68174264415555,-216.40924546654387,-26.52396034242247,0.7787524374131344,0.34226407068371606,0.08468087539409154,3.596935651590724e-05,32.18342514152379,52.11770371356278,6.7965923379087965,nan,nan
162.56,218.21109008789062,-215.78701782226562,-26.519145965576172,218.6900404778442,-216.4010516196325,-26.525124592298525,0.7787597346569554,0.3423069675423183,0.08470813232112415,3.5251731652086246e-05,31.923752864354803,52.01365540887439,nan,0.2557244826593284,nan
162.57,218.21946716308594,-215.7787322998047,-26.520915985107422,218.69833571531154,-216.39285784818102,-26.526969689830555,0.77878233597075,0.342349949522719,0.08473545667851873,3.59570031303467e-05,31.83401385744469,51.02951025386919,nan,nan,nan
162.58,218.22784423828125,-215.7704620361328,-26.52276611328125,218.70662640511256,-216.38466537865165,-26.530057287588846,0.7788011751787329,0.3423930167247569,0.08476284859853132,3.5240476207275566e-05,32.226083818382776,52.392132184430146,nan,0.9416833981448861,nan
162.59,218.2362060546875,-215.76217651367188,-26.524690628051758,218.71492153564535,-216.37646960965134,-26.532071986819137,0.7788318200574417,0.34243616933489396,0.08479030823729623,3.594591912737931e-05,32.13745706964498,51.90211941489736,nan,nan,nan
162.6,218.2445831298828,-215.75389099121094,-26.526691436767578,218.7153647069076,-216.3613726230824,-26.533854283501086,0.7685834585134319,0.34237135354607945,0.08477701436661891,3.5209256442321996e-05,31.555861568391013,51.31354382530109,1.8995502346113633,0.024319834542506077,nan
162.61,218.25296020507812,-215.74562072753906,-26.52876853942871,218.72365256376904,-216.3531591438408,-26.536018961493582,0.7685745197653602,0.3424143322028873,0.08480443417352698,3.5914018170741586e-05,31.46542624287076,52.238455538701146,nan,nan,nan
162.62,218.26133728027344,-215.73733520507812,-26.530920028686523,218.73194422665247,-216.34494248533207,-26.537059921689973,0.7685669803497217,0.3424573960198231,0.08483192171139853,3.5200315858755046e-05,30.97817107473487,50.851739000339975,nan,1.004426358709002,nan
162.63,218.26971435546875,-215.7290496826172,-26.533145904541016,218.74023171221646,-216.3367270982575,-26.539363711099764,0.7685682049099832,0.3425005451739538,0.08485947713408157,3.5905294750230106e-05,30.88961470729064,50.80806084186248,nan,nan,nan
162.64000000000001,218.27809143066406,-215.72076416015625,-26.535442352294922,218.74852351641405,-216.32850841127626,-26.540314789694897,0.7685591471830425,0.34254377977927836,0.08488710057722029,3.519246874997554e-05,30.393270902169725,50.43623995767407,nan,1.4215191274157288,nan
162.65,218.28646850585938,-215.7124786376953,-26.537811279296875,218.73352415374933,-216.30573892419667,-26.542693512192617,0.7428595803030563,0.3424790291674952,0.08487366285513279,3.587567980454287e-05,29.799687699048366,50.42684442888371,5.70843842812455,nan,nan
162.66,218.2948455810547,-215.70419311523438,-26.540252685546875,218.74178069053096,-216.29749132080542,-26.544610360285947,0.7428140697008375,0.3425220895482783,0.08490124563535122,3.5164517042641e-05,29.581188038505037,50.22066564252463,nan,0.24435863810710579,nan
162.67000000000002,218.30322265625,-215.69590759277344,-26.542753219604492,218.7500351214933,-216.2892437588041,-26.547178842167018,0.7427710085563675,0.34256523519530047,0.08492889646326016,3.586910638146484e-05,29.493285416190197,50.23050599567189,nan,nan,nan
162.68,218.31158447265625,-215.6876220703125,-26.545257568359375,218.7652037969994,-216.2886261702984,-26.550966162802776,0.7530000050915677,0.33879912697670195,0.08032352550148189,3.5158456786717715e-05,43.11859804800116,64.32146955094063,nan,0.9861420451860947,0.012562511753202773
162.69,218.31996154785156,-215.67933654785156,-26.547739028930664,218.77345508713844,-216.28038383955717,-26.553571897733367,0.7529596665161177,0.33884541262752715,0.08034289121286908,3.5863307329377644e-05,43.00505690489644,63.921981391327655,nan,nan,nan
162.70000000000002,218.32833862304688,-215.67105102539062,-26.550186157226562,218.78354815881065,-216.2815115570687,-26.558804116608247,0.7615458301447551,0.3387860944867267,0.08033380004610628,3.513246374642778e-05,45.95028233327254,65.26663016010892,10.98138190883711,4.844511317386063,nan
162.71,218.3367156982422,-215.66275024414062,-26.552589416503906,218.7917904250242,-216.2733049035378,-26.561370670228143,0.7615425854699696,0.3388321890411826,0.08035316418584142,3.5836721961133204e-05,45.85903281478334,64.35594093310834,nan,nan,nan
162.72,218.34507751464844,-215.6544647216797,-26.554950714111328,218.80001264489763,-216.26507244479745,-26.5630559328913,0.7614942277111416,0.33887836698545154,0.0803725878189834,3.512847868199222e-05,45.44369787310175,65.2538632638259,nan,0.49376900642284627,nan
162.73,218.35345458984375,-215.64617919921875,-26.557266235351562,218.8082542729592,-216.2568645321917,-26.565528422151367,0.7614772428647691,0.3389246300519013,0.0803920736619609,3.5833035655779016e-05,45.346563787561934,64.8569422299485,nan,nan,nan
162.74,218.36183166503906,-215.63787841796875,-26.55953598022461,218.81648886775747,-216.24864774669095,-26.567676095687492,0.7614582105219188,0.33897097681737104,0.08041161933515709,3.5125357592148045e-05,45.199348878239626,63.84275098140814,nan,0.05517565546385719,nan
162.75,218.3701934814453,-215.6295928955078,-26.56175994873047,218.85112323237058,-216.2618947726358,-26.56995094196049,0.794459678973522,0.33891158855368897,0.08040251414289008,3.580824314332306e-05,47.152227215859845,65.35828905048473,20.19848648453454,nan,nan
162.76,218.37857055664062,-215.6212921142578,-26.563940048217773,218.85938186974576,-216.25372455403075,-26.571653699956638,0.7944871365290871,0.33895774398084183,0.08042205780994491,3.5101925220522675e-05,46.848376551564925,63.84805232973766,nan,0.28146242710710223,nan
162.77,218.38694763183594,-215.61300659179688,-26.566078186035156,218.8676548195114,-216.24557194363373,-26.573940779646676,0.794531399634797,0.3390039844302134,0.08044166382395031,3.580623738308374e-05,46.7512656541865,64.67998884824084,nan,nan,nan
162.78,218.3953094482422,-215.60470581054688,-26.568172454833984,218.87594017712124,-216.23743436056623,-26.576742391715626,0.7946224004963314,0.3390503085620056,0.0804613300007798,3.5100381383118763e-05,46.9904301177009,64.53015887932239,nan,0.2171975771025401,nan
162.79,218.4036865234375,-215.59642028808594,-26.570226669311523,218.88421280157488,-216.2292803017892,-26.578952459016023,0.7946656154201103,0.3390967179846196,0.08048105876765067,3.580502353004304e-05,46.8961123601583,64.98971607971937,nan,nan,nan
162.8,218.41204833984375,-215.58811950683594,-26.57223892211914,218.91454380496276,-216.24247633658544,-26.582366632043694,0.8250982508848914,0.3390372578506637,0.08047193387757515,3.507846043639091e-05,50.10768763249037,65.91808106960467,22.646361800947872,1.0489787731853721,nan
162.81,218.42042541503906,-215.57981872558594,-26.57421112060547,218.92283918046925,-216.23438315710098,-26.584509878517938,0.8252152756177576,0.33908347564663543,0.08049166008122477,3.578256807059555e-05,50.02667607346927,65.51573776265734,nan,nan,nan
162.82,218.42880249023438,-215.571533203125,-26.57614517211914,218.93109724968878,-216.22624378919383,-26.5849339244504,0.8252413095897988,0.339129777107579,0.08051144677252203,3.507833075108001e-05,49.14007469068582,65.5038991826271,nan,1.9853470550906798,nan
162.83,218.43716430664062,-215.563232421875,-26.578039169311523,218.93939211503857,-216.2181494813373,-26.586984069289972,0.8253660627494719,0.3391761637584278,0.08053129619334973,3.57827897955759e-05,49.05151068470313,65.06562178008467,nan,nan,nan
162.84,218.44554138183594,-215.554931640625,-26.57989501953125,218.94767340902632,-216.21003789866649,-26.588372601764394,0.8254529977266796,0.33922263438357164,0.08055120643396806,3.5078867355311324e-05,48.74324843410939,64.46655920958857,nan,0.27424320201376073,nan
162.85,218.4539031982422,-215.546630859375,-26.581714630126953,218.95776405305764,-216.20981549737564,-26.59027032312007,0.832924261249485,0.3391631035661861,0.08054206075669353,3.576170585535707e-05,50.27540228400337,65.26962848641078,7.043555499893349,nan,nan
162.86,218.4622802734375,-215.538330078125,-26.583498001098633,218.96602947991954,-216.20172067600947,-26.59110038599274,0.8330114913066218,0.3392093823152448,0.08056196795255537,3.505890183930117e-05,49.75862739737674,64.45210817779629,nan,0.8567093711191167,nan
162.87,218.47064208984375,-215.530029296875,-26.585247039794922,218.9743183655469,-216.19365379157608,-26.59298789650263,0.8331549564973124,0.3392557461527987,0.08058193801820768,3.5763206986666464e-05,49.66550822551337,64.78883845875063,nan,nan,nan
162.88,218.47901916503906,-215.521728515625,-26.586959838867188,218.98260077045933,-216.185578518054,-26.594540999219603,0.8332759045087802,0.3393021939458269,0.08060196921842386,3.506063678549271e-05,49.51077331586646,64.36289093736227,nan,0.06334279097843558,nan
162.89000000000001,218.4873809814453,-215.513427734375,-26.588638305664062,218.9908893339242,-216.1775102144491,-26.596357368167197,0.833418133521992,0.339348727096225,0.08062206353645128,3.5765310854562015e-05,49.41737839814478,64.72040668023784,nan,nan,nan
162.9,218.49575805664062,-215.505126953125,-26.59028434753418,218.98738084762076,-216.16489317165485,-26.598638286088583,0.8228330450423379,0.3392891240276833,0.08061289178601541,3.504181208379956e-05,49.91729453363614,64.69154974639324,1.4543012203320986,0.14860782811976614,nan
162.91,218.50411987304688,-215.496826171875,-26.59189796447754,218.99564810664106,-216.1568186747432,-26.600394799087084,0.8229594792338313,0.3393354650069031,0.08063298246709721,3.5745986251253934e-05,49.825914616536565,65.02508670035024,nan,nan,nan
162.92000000000002,218.5124969482422,-215.48851013183594,-26.593477249145508,219.00390378466278,-216.14873003184704,-26.601559801013366,0.8230651996629795,0.3393818899212402,0.08065313458935108,3.504460820446355e-05,49.555776759369294,63.69781616425995,nan,0.22092918168172018,nan
162.93,218.52085876464844,-215.48020935058594,-26.59502601623535,219.01217086978554,-216.14065448788426,-26.603248620306562,0.8231907283570205,0.3394284000916596,0.08067334997272708,3.574916484653012e-05,49.46344080338866,64.84245106921625,nan,nan,nan
162.94,218.52923583984375,-215.47190856933594,-26.59654426574707,219.02039329535336,-216.1325252758085,-26.60267844349549,0.8232178977099347,0.3394749945057523,0.08069362712417548,3.5047904550798425e-05,48.52784702072418,63.617969245811835,nan,3.4978458577309204,nan
162.95000000000002,218.53759765625,-215.46360778808594,-26.598033905029297,219.03516277627736,-216.12595920143312,-26.604253786892777,0.8284438003638183,0.33941532014208015,0.08068442771022975,3.573086037588648e-05,48.18595001181989,63.82066320676137,0.6966229121613126,nan,nan
162.96,218.5459747314453,-215.45529174804688,-26.599491119384766,219.04348162665462,-216.1179267383953,-26.607846768510353,0.8286543658771084,0.33946172212748144,0.0807047006969207,3.50305299132201e-05,48.98138746462052,63.55819425181507,nan,2.8638381631183525,nan
162.97,218.55433654785156,-215.44699096679688,-26.600919723510742,219.0517606964863,-216.10984691235566,-26.609415922141366,0.8287828265588028,0.3395082092677928,0.08072503708909222,3.573498395019973e-05,48.888710159512854,64.74747801246072,nan,nan,nan
162.98,218.56271362304688,-215.4386749267578,-26.60232162475586,219.06002708700936,-216.10175147931105,-26.61029751146333,0.8288876948978187,0.33955478062916716,0.08074543554552487,3.503470942314677e-05,48.5696075475994,63.25641264077665,nan,0.3067923474790251,nan
162.99,218.57107543945312,-215.4303741455078,-26.603694915771484,219.0683062330786,-216.0936702570113,-26.611805007298383,0.8290150585180217,0.33960143741537624,0.08076589766080307,3.573955340056828e-05,48.47452556805613,64.46853918582725,nan,nan,nan
163.0,218.57945251464844,-215.42205810546875,-26.605039596557617,219.07420115389087,-216.0816792858358,-26.612096248183708,0.8245763239101854,0.33954169036505893,0.08075666563904797,3.501817024517385e-05,47.438054107361424,62.60078728033169,2.367971651725065,0.725043330089399,nan
163.01,218.5878143310547,-215.4137420654297,-26.606359481811523,219.08247950125806,-216.07358384839966,-26.613537610906793,0.8247037860363209,0.33958815442173756,0.08077712296377966,3.5722532021266e-05,47.341492437128785,62.92213806613469,nan,nan,nan
163.02,218.59619140625,-215.4054412841797,-26.607650756835938,219.0907285997892,-216.06545431465713,-26.613396182667092,0.8247528394080438,0.3396347026748513,0.08079764264071598,3.5023120287987714e-05,46.72300043476647,62.88884789543342,nan,1.710094652180295,nan
163.03,218.60455322265625,-215.39712524414062,-26.609027862548828,219.09900645593822,-216.05735762687559,-26.61482610797164,0.8248784266574466,0.33968133625251706,0.08081822612412837,3.5727879916747624e-05,46.60477993614991,62.3419272242336,nan,nan,nan
163.04,218.61293029785156,-215.38880920410156,-26.610485076904297,219.10729492104906,-216.0492725898674,-26.616928235429665,0.8250150173774173,0.3397280543337796,0.08083887228120598,3.5028434589201456e-05,46.733757179900444,62.244501158471294,nan,0.24369567743838685,nan
163.05,218.6212921142578,-215.3804931640625,-26.61202621459961,219.1562609641323,-216.06411412855007,-26.61859943903144,0.8680855376645606,0.33966823533407564,0.0808296056251097,3.571159288659815e-05,47.61915098624287,63.04408613984982,18.308446116321875,nan,nan
163.06,218.62965393066406,-215.3721923828125,-26.6136474609375,219.1645951028886,-216.05605331941894,-26.61988478465178,0.8682549985829672,0.3397147604199094,0.08085024641872093,3.501293402216474e-05,47.40199131121138,63.747997375801305,nan,0.113775819661614,nan
163.07,218.63803100585938,-215.36387634277344,-26.61534881591797,219.17293621111065,-216.04800012375514,-26.621648877448028,0.8684403359384575,0.3397613707305406,0.08087095116749245,3.5717613988786954e-05,47.28845632979651,62.45391609615623,nan,nan,nan
163.08,218.64639282226562,-215.35556030273438,-26.617128372192383,219.18128487462573,-216.0399549234601,-26.623923759442,0.868649343431623,0.33980806551729786,0.08089171886748987,3.501887598694312e-05,47.38076588548501,63.0746108380773,nan,0.13073256636563457,nan
163.09,218.65476989746094,-215.3472442626953,-26.618988037109375,219.18962610608077,-216.03190075974123,-26.625851739799632,0.8688341575128071,0.33985484580035935,0.08091255078142584,3.5723954235010816e-05,47.267310173379165,62.558717551710856,nan,nan,nan
163.1,218.6631317138672,-215.33892822265625,-26.620922088623047,219.19855815644507,-216.03860157433226,-26.62586625421631,0.8810497824927762,0.33979495362556755,0.0809032448409572,3.5003965689436873e-05,49.71759667643895,63.56666467792294,24.240892852927523,3.045189103822931,nan
163.11,218.6715087890625,-215.3306121826172,-26.62293243408203,219.20688348116755,-216.03060380606254,-26.627930945694573,0.8812714218437956,0.33984154060739613,0.08092407073323069,3.5708567660460946e-05,49.60983924315084,63.120420789713236,nan,nan,nan
163.12,218.67987060546875,-215.32229614257812,-26.625019073486328,219.21519763277632,-216.02259346853495,-26.6294265349541,0.8814821589940622,0.33988821203556274,0.0809449598462033,3.5010445063254546e-05,49.35439603457567,63.32699675586685,nan,0.29427831486240424,nan
163.13,218.688232421875,-215.31398010253906,-26.627180099487305,219.22352266047304,-216.0145947892265,-26.631637156605077,0.8817122229495409,0.33993496886166036,0.08096591332493187,3.571544939029831e-05,49.2451380119846,63.30313666265934,nan,nan,nan
163.14000000000001,218.6966094970703,-215.3056640625,-26.629413604736328,219.23185965025863,-216.00660887358765,-26.634648650329627,0.881954511514728,0.3399818104394637,0.08098693034048228,3.501718030394165e-05,49.36244083400639,63.12406677838847,nan,0.371812097860203,nan
163.15,218.70497131347656,-215.29734802246094,-26.6317195892334,219.21550062795757,-215.98612466291664,-26.636949954516734,0.8573685310896838,0.3399218456257708,0.08097758271842577,3.570057080277905e-05,49.10312225052289,63.27834147412189,6.128060741834229,nan,nan
163.16,218.71334838867188,-215.28903198242188,-26.634098052978516,219.22377519932684,-215.97809150865544,-26.638797510797918,0.8575317164002836,0.3399684936279691,0.08099859309576514,3.5002982395232804e-05,48.858575919765954,62.714344413834915,nan,0.2466388342168731,nan
163.17000000000002,218.72171020507812,-215.28070068359375,-26.636547088623047,219.23205911769014,-215.97006844073593,-26.641302457049946,0.8577333680814695,0.3400152269304972,0.08101966799153208,3.570791074549102e-05,48.753486440747395,62.28536298165747,nan,nan,nan
163.18,218.73007202148438,-215.2723846435547,-26.639055252075195,219.24032081106705,-215.9620211260203,-26.642478485754328,0.8578834558067522,0.3400620449517616,0.08104080668355704,3.501014372548579e-05,48.344300335372665,62.71565871972163,nan,1.3728077344642986,nan
163.19,218.7384490966797,-215.26406860351562,-26.64156723022461,219.24860446192503,-215.95399767228122,-26.64506791675173,0.8580634425393763,0.3401089485467633,0.08106201015800324,3.5715470220268944e-05,48.243585611690186,62.30367277329732,nan,nan,nan
163.20000000000002,218.74681091308594,-215.25575256347656,-26.64405632019043,219.23502600201607,-215.93284717827734,-26.64734997858007,0.8347586109989289,0.3400489100192812,0.08105261645164495,3.4996344548568673e-05,47.56625192725859,62.37537764494212,6.9786305854879,0.15689730127802565,nan
163.21,218.7551727294922,-215.24742126464844,-26.646509170532227,219.24327567130618,-215.9247955730301,-26.64990119992259,0.8349203203458443,0.34009561972847974,0.08107381259823081,3.570119298464372e-05,47.47069083363146,61.54812960220113,nan,nan,nan
163.22,218.76353454589844,-215.23910522460938,-26.6489200592041,219.25152619804305,-215.91674467762434,-26.65248928821226,0.8350711468138268,0.3401424141209801,0.08109507279275537,3.500386145811768e-05,47.40134384287613,62.34705199613969,nan,0.003971063951617901,nan
163.23,218.77191162109375,-215.2307891845703,-26.651287078857422,219.25977538109623,-215.90869223578767,-26.654960812437032,0.8352108066182908,0.3401892939912579,0.08111639792510177,3.570910968809977e-05,47.30589433106259,61.92658575029811,nan,nan,nan
163.24,218.7802734375,-215.22247314453125,-26.653610229492188,219.26800056408385,-215.90061406937232,-26.655767550492993,0.8353188121812805,0.34023625884820236,0.08113778741649488,3.501155027156068e-05,46.95004344897662,61.95496229484425,nan,1.8537135379382332,nan
163.25,218.78863525390625,-215.21414184570312,-26.655885696411133,219.23904110903453,-215.8636804469421,-26.658195906800657,0.7904246744031856,0.34017614696318693,0.08112834492133686,3.569516622163619e-05,44.576525736369895,60.439163142739936,28.753834502109715,nan,nan
163.26,218.7969970703125,-215.20582580566406,-26.658117294311523,219.2472232313621,-215.85553760117557,-26.65933971858054,0.7904622113936584,0.34022291765158164,0.08114972642639776,3.499821216860473e-05,44.35650047042252,61.112667003424285,nan,0.9834814961630074,nan
163.27,218.80535888671875,-215.197509765625,-26.660303115844727,219.2554221961222,-215.8474124323433,-26.661608141135577,0.7905265092138001,0.3402697737226717,0.08117117302519176,3.57033759614869e-05,44.24842583325613,61.107104591027856,nan,nan,nan
163.28,218.81373596191406,-215.18917846679688,-26.662446975708008,219.26362839668477,-215.83929475750801,-26.664367829890335,0.7906061497311488,0.34031671474167885,0.0811926842252392,3.500617267876223e-05,44.19763461061842,59.8755470370717,nan,0.20127884294727502,nan
163.29,218.8220977783203,-215.1808624267578,-26.664548873901367,219.27182688361904,-215.83116887984335,-26.666556888204273,0.7906698319772445,0.34036374141883263,0.08121426078783954,3.571172926240284e-05,44.092340489338085,61.022915288420705,nan,nan,nan
163.3,218.83045959472656,-215.1725311279297,-26.666606903076172,219.27794974548013,-215.8279772975126,-26.668305881311305,0.7936371984536825,0.34030355523460587,0.08120476530435251,3.49930881607597e-05,45.23016502517608,60.532370691561724,3.518567056284199,0.09171250889331409,nan
163.31,218.8388214111328,-215.16421508789062,-26.668624877929688,219.28613813883155,-215.81987151544834,-26.67040902820001,0.7937132914781235,0.3403503874290161,0.08122633316030739,3.569816032096031e-05,45.12578524292319,61.335442104951284,nan,nan,nan
163.32,218.84718322753906,-215.1558837890625,-26.670602798461914,219.29432425492777,-215.81176317641143,-26.672312454293895,0.793798332101111,0.34039730453010114,0.0812479658524143,3.500126675107655e-05,45.0122264447586,60.41427765223882,nan,0.01811457897620136,nan
163.33,218.8555450439453,-215.14756774902344,-26.672542572021484,219.3025123091785,-215.8036567683556,-26.674335772143547,0.7938738898874046,0.34044430719596747,0.08126966406513288,3.570673199495199e-05,44.90794851723437,61.20395160736727,nan,nan,nan
163.34,218.86392211914062,-215.1392364501953,-26.674442291259766,219.31073454913695,-215.79558499250047,-26.678938511412156,0.7940119473792453,0.340491395069814,0.08129142742056944,3.500955425718256e-05,45.28906995401246,60.4944269121868,nan,4.834686306196981,nan
163.35,218.87228393554688,-215.13092041015625,-26.67630386352539,219.30885869233433,-215.7878539744538,-26.680908876277375,0.7887841481084444,0.3404311347854606,0.08128187599623095,3.569336701208492e-05,46.3013248726105,62.078713129804925,3.186571214706291,nan,nan
163.36,218.88064575195312,-215.12258911132812,-26.678129196166992,219.3170234637696,-215.77975739558048,-26.682787371167894,0.788870939882881,0.34047802788568904,0.08130362994648117,3.499674337114665e-05,46.221150940508856,61.18771298778867,nan,0.0024821017605830267,nan
163.37,218.88900756835938,-215.1142578125,-26.679916381835938,219.32518899314573,-215.77166116179424,-26.684688891735004,0.7889589189829078,0.34052500645821004,0.08132544957548041,3.570210894532948e-05,46.133084064899684,61.21279385378249,nan,nan,nan
163.38,218.89736938476562,-215.10594177246094,-26.681669235229492,219.333362063938,-215.7635720114155,-26.687165862409838,0.7890483891306773,0.3405720701941781,0.08134733457332037,3.5005188223074253e-05,46.24920313452276,62.213601101484045,nan,0.26309346246294374,nan
163.39000000000001,218.90573120117188,-215.0976104736328,-26.683387756347656,219.34152742772483,-215.75547480101392,-26.689004298354284,0.7891358373958811,0.34061921967993997,0.08136928552304308,3.571093845945211e-05,46.16357053618027,61.3235125339011,nan,nan,nan
163.4,218.91409301757812,-215.0892791748047,-26.68507194519043,219.33909639310096,-215.74881706027978,-26.692353977428382,0.7846471306111237,0.3405588844684053,0.0813596741218292,3.499252471477023e-05,48.058769372958814,62.51159443517068,4.540428853339753,1.6426734066960875,nan
163.41,218.92245483398438,-215.08096313476562,-26.686721801757812,219.3472370696812,-215.74073458303948,-26.694141661027274,0.7847250257463153,0.34060583886262386,0.08138161491608006,3.569778188668753e-05,47.97841947905304,63.32861065868346,nan,nan,nan
163.42000000000002,218.9308319091797,-215.0726318359375,-26.688339233398438,219.35537758557666,-215.73265193640108,-26.69589862055881,0.7848074341502912,0.34065287837332614,0.08140362129849814,3.500108732519233e-05,47.96623447897847,62.21213517021745,nan,1.802827389520871e-06,nan
163.43,218.93919372558594,-215.06430053710938,-26.689924240112305,219.36351780677649,-215.7245689574299,-26.69762233719826,0.7848978108324174,0.3407000035429868,0.08142569379240198,3.5706728871617867e-05,47.889319934593125,62.47574436842624,nan,nan,nan
163.44,218.9475555419922,-215.05596923828125,-26.691476821899414,219.37166040273326,-215.7164882043828,-26.699548905246935,0.7849938827874057,0.34074721412843473,0.0814478321770561,3.5009713338193605e-05,47.98698126487176,62.644627261797844,nan,0.03855964376634688,nan
163.45000000000002,218.95591735839844,-215.0476531982422,-26.69300079345703,219.42201085875058,-215.71612596488208,-26.701165201642816,0.8149635871440718,0.34068680405457696,0.08143815765220098,3.5693683170000936e-05,45.692944375460016,62.32985561014527,27.2854601418877,nan,nan
163.46,218.9642791748047,-215.03932189941406,-26.69449234008789,219.43025328755687,-215.70804812660768,-26.704571300898696,0.815124669080021,0.3407338192498344,0.08146028514471038,3.4997188897992826e-05,46.6222631951752,62.4987637769985,nan,2.2164727089137592,nan
163.47,218.97264099121094,-215.03099060058594,-26.695955276489258,219.43847590646197,-215.69995093418746,-26.7061945435499,0.8152391911513666,0.340780920014013,0.08148247890791332,3.570271266462902e-05,46.55039384982305,62.44195172820789,nan,nan,nan
163.48,218.9810028076172,-215.0226593017578,-26.6973876953125,219.44669491418185,-215.69185000636637,-26.70745801304158,0.815344558177883,0.34082810614386283,0.08150473877318087,3.5005890889806406e-05,46.405197312704,62.366641644051626,nan,0.0774667234152819,nan
163.49,218.98936462402344,-215.0143280029297,-26.698793411254883,219.45491757344928,-215.68375218333648,-26.709021529426888,0.8154587030829624,0.3408753781220913,0.08152706518601312,3.571179016551657e-05,46.33211144679932,62.291546363003846,nan,nan,nan
163.5,218.9977264404297,-215.00599670410156,-26.700170516967773,219.47353999905005,-215.67597755189286,-26.710532518049487,0.8218152164814962,0.3408148924551447,0.08151732363075065,3.4993439353149946e-05,45.62308726481301,62.0912190945898,2.600726442078153,5.351995313631771e-06,nan
163.51,219.00608825683594,-214.99766540527344,-26.701519012451172,219.48178477875442,-215.66787024855358,-26.712041753749986,0.8219321389299394,0.34086196872169267,0.08153963837183123,3.569883627277158e-05,45.55060268730169,62.087213310786446,nan,nan,nan
163.52,219.01446533203125,-214.9893341064453,-26.70284080505371,219.49003675497082,-215.65976926026792,-26.714212109605672,0.8220588667273915,0.34090913030149067,0.08156201942002923,3.500218904136221e-05,46.038680387194916,62.23109389363821,nan,0.3334503758166796,nan
163.53,219.0228271484375,-214.9810028076172,-26.704246520996094,219.49828182398818,-215.65166129369612,-26.715731253340884,0.8221750741355044,0.3409563776411229,0.08158446717574665,3.570796113610754e-05,45.932668392319954,62.56199915794737,nan,nan,nan
163.54,219.03118896484375,-214.97267150878906,-26.70573616027832,219.5065087178961,-215.64353617125624,-26.715500653423412,0.8222430348232468,0.3410037105914441,0.08160698153777535,3.5010970744804255e-05,44.85663252652707,61.49917145548813,nan,2.372620254890096,nan
163.55,219.03955078125,-214.96434020996094,-26.707304000854492,219.48808144969968,-215.62336808531978,-26.717246628656895,0.7972429723036291,0.3409431492841077,0.08159716965867839,3.569505450225078e-05,44.93894033469929,61.735997936213174,6.8805104817888605,nan,nan
163.56,219.04791259765625,-214.9560089111328,-26.708955764770508,219.4962591049053,-215.61521957878466,-26.71667434802026,0.7972658724891005,0.3409902862167587,0.08161967157611646,3.499856619704554e-05,43.76652904270024,60.53711810691683,nan,3.811402722930007,nan
163.57,219.0562744140625,-214.9476776123047,-26.710683822631836,219.504459306432,-215.6070909658233,-26.718482945848955,0.7973433983359205,0.34103750882136785,0.08164224036015541,3.570420220172124e-05,43.66277108240723,60.56152174180342,nan,nan,nan
163.58,219.06463623046875,-214.9393310546875,-26.712491989135742,219.51265590073587,-215.59895884622864,-26.719985206558274,0.7974249786826585,0.3410848169813057,0.08166487594832024,3.500736886901048e-05,43.460889572078564,59.502391911326235,nan,0.1054227247781138,nan
163.59,219.072998046875,-214.93099975585938,-26.714378356933594,219.52085616248294,-215.59082955615438,-26.721949320785622,0.797502085619145,0.34113221109445474,0.08168757868310082,3.5713371389843285e-05,43.357105718712724,60.33731927939082,nan,nan,nan
163.6,219.08135986328125,-214.92266845703125,-26.716339111328125,219.49979371370134,-215.57602347457274,-26.72426415059229,0.7759010712528714,0.34107157349505285,0.08167769267427438,3.4994987831776885e-05,44.80724424298386,61.14997210829351,11.195172607536527,0.0829473476054687,nan
163.61,219.0897216796875,-214.91433715820312,-26.7183780670166,219.50793804023408,-215.5678968084192,-26.72638547013599,0.7759569956667005,0.3411187712655783,0.08170038215619091,3.570047912991873e-05,44.7052342187089,61.042663078687085,nan,nan,nan
163.62,219.0980987548828,-214.906005859375,-26.720491409301758,219.5160697846472,-215.55975907219386,-26.727162378424325,0.7759752230724262,0.34116605453393045,0.08172313863431196,3.500379201622157e-05,44.07869690045411,60.17705377856244,nan,1.4250693744956562,nan
163.63,219.10646057128906,-214.8976593017578,-26.72267723083496,219.52421399873725,-215.5516317399418,-26.729421196199013,0.7760433989912209,0.34121342366888935,0.08174596241817074,3.570964979210076e-05,43.980724428132554,59.60587742987754,nan,nan,nan
163.64000000000001,219.1148223876953,-214.8893280029297,-26.724937438964844,219.53236745487445,-215.54351201534905,-26.732851336072482,0.7761206317307616,0.3412608785974368,0.08176885349462651,3.5012607892870525e-05,44.39289255712086,60.91359386735903,nan,0.8489975250069028,nan
163.65,219.12318420410156,-214.88099670410156,-26.72726821899414,219.5365341088456,-215.52575003868517,-26.73517078074953,0.7659160898498468,0.3412001645669747,0.08175888995714069,3.569676410135348e-05,42.93036952525474,60.430757125501934,5.600606895563424,nan,nan
163.66,219.1315460205078,-214.87266540527344,-26.729673385620117,219.55189197183464,-215.50758358403075,-26.735866354983866,0.7614789329869217,0.34083538496478977,0.08099392323602833,3.499996904936508e-05,54.880240921138956,72.33923116679185,nan,2.284434050303413,0.12680802997555188
163.67000000000002,219.13990783691406,-214.86431884765625,-26.732147216796875,219.5600466127153,-215.499404112336,-26.738409045154803,0.761504494300266,0.34088155775300416,0.081013593142163,3.5705668301210695e-05,54.7457196628672,71.41087504964379,nan,nan,nan
163.68,219.1482696533203,-214.85598754882812,-26.734676361083984,219.56819909207564,-215.49126804533233,-26.7433058427229,0.761575019761913,0.34092781470388966,0.08103332328516208,3.500877956343753e-05,55.63413541269023,73.32235321510193,nan,3.699573854062993,nan
163.69,219.15663146972656,-214.84765625,-26.737211227416992,219.57635339630335,-215.4830884241914,-26.745966945320927,0.7615886069545422,0.3409741559640664,0.0810531148319184,3.5714837526252124e-05,55.513034195400294,73.20052066164409,nan,nan,nan
163.70000000000002,219.1649932861328,-214.83932495117188,-26.739721298217773,219.57019430147767,-215.4707429566873,-26.748856466933855,0.7503066118814735,0.34091349681889493,0.08104363807085699,3.4996388093425196e-05,56.31879865441614,73.72103355021332,3.855579602002358,0.10920003746816331,nan
163.71,219.17335510253906,-214.8309783935547,-26.74219512939453,219.5783208125059,-215.46256304875854,-26.751480249971994,0.7503216752847051,0.3409596456721778,0.08106342568858514,3.5701927324846634e-05,56.213745310726424,72.742834885764,nan,nan,nan
163.72,219.1817169189453,-214.82264709472656,-26.744625091552734,219.58644902330943,-215.4543541514271,-26.75245263050009,0.7502820484019641,0.34100587863091414,0.08108327383341965,3.5005171963092435e-05,55.41036266735744,72.93985451340747,nan,1.8364037973810718,nan
163.73,219.19007873535156,-214.81431579589844,-26.747011184692383,219.59457532564213,-215.44617414416584,-26.75497908324375,0.7502839137548022,0.34105219584304913,0.08110318356573516,3.5711070337277145e-05,55.299059342188315,72.85820316237292,nan,nan,nan
163.74,219.1984405517578,-214.80596923828125,-26.749351501464844,219.6027006166424,-215.438005188423,-26.75809370979106,0.7503146463574523,0.34109859744925064,0.0811231541385092,3.5013955464500147e-05,55.5690308488936,72.27424358828853,nan,0.2821491817111289,nan
163.75,219.206787109375,-214.79763793945312,-26.751646041870117,219.6000958185188,-215.4169502475472,-26.76059884639458,0.7337026838945208,0.34103788362823173,0.08111365843632466,3.5698142983400384e-05,53.71510435951241,73.12715260526078,10.402384350383178,nan,nan
163.76,219.21514892578125,-214.789306640625,-26.753896713256836,219.60821410473918,-215.40872665349684,-26.7628328210591,0.7336628934858522,0.34108409259259925,0.08113362461460583,3.5001517483358335e-05,53.610418597142406,72.7431984900222,nan,0.01962411840274281,nan
163.77,219.2235107421875,-214.7809600830078,-26.756101608276367,219.61633194933412,-215.4005056873621,-26.765187947334073,0.7336401149176198,0.3411303857537142,0.08115365256443781,3.570724915331742e-05,53.50405877841234,71.76306776578761,nan,nan,nan
163.78,219.23187255859375,-214.7726287841797,-26.75826072692871,219.62445098400005,-215.39226906781724,-26.766558754979428,0.7335807784221479,0.3411767632507475,0.0811737416356092,3.50102676850646e-05,53.018139031836085,72.32182678826163,nan,0.624920863336901,nan
163.79,219.240234375,-214.76429748535156,-26.760379791259766,219.63256852756268,-215.38404776787976,-26.768818744400495,0.7335446243351357,0.34122322523393744,0.08119389274487752,3.5716351221301284e-05,52.90494724001809,72.21981828786244,nan,nan,nan
163.8,219.24859619140625,-214.75595092773438,-26.762454986572266,219.6485998841187,-215.38031418822789,-26.770449306817127,0.7415499608211628,0.3411624563927208,0.081184374036692,3.499780663617786e-05,52.8853959566444,70.98862109792643,0.8623103567592294,0.19449231412023288,nan
163.81,219.2569580078125,-214.74761962890625,-26.764490127563477,219.656729133352,-215.37210150235038,-26.772620348380443,0.7415259021544273,0.34120872549573283,0.08120452021548871,3.570336499471221e-05,52.771183155367744,71.86984936846143,nan,nan,nan
163.82,219.26531982421875,-214.73927307128906,-26.766483306884766,219.66485613929848,-215.36391051637904,-26.77616030890814,0.74154895269576,0.3412550788756651,0.08122472778915661,3.5006515528937454e-05,53.45902823833375,71.69579077752164,nan,1.4010148517128183,nan
163.83,219.273681640625,-214.73094177246094,-26.7684383392334,219.67298541524985,-215.3556973989201,-26.77826649370144,0.7415252455866237,0.34130151668431624,0.08124499758699476,3.5712426760411934e-05,53.34950373900048,72.58418693841398,nan,nan,nan
163.84,219.2820281982422,-214.72259521484375,-26.770353317260742,219.68111334236104,-215.3474966800322,-26.78117348931876,0.7415442465385428,0.3413480390584676,0.08126532908862023,3.5015218152989145e-05,53.851146190754584,72.52854922299079,nan,0.49668393661752674,nan
163.85,219.29039001464844,-214.71426391601562,-26.77223014831543,219.67199481564813,-215.32216510794296,-26.783184536181594,0.7178342997560235,0.34128721484930474,0.08125578484947993,3.569941223884961e-05,51.76299233448347,72.91000150390325,14.24291592140544,nan,nan
163.86,219.2987518310547,-214.7059326171875,-26.77406883239746,219.68010876175012,-215.3138905182781,-26.78442556413866,0.7177417223349133,0.34133354410018485,0.0812761109096521,3.500269428552472e-05,51.324771503166865,72.53843124209888,nan,0.4083782538491673,nan
163.87,219.30711364746094,-214.6975860595703,-26.7758731842041,219.68822139320875,-215.30562670658279,-26.786383409503525,0.717681689277475,0.3413799577215068,0.08129649938010582,3.570842728053362e-05,51.216249766761734,71.4474604826887,nan,nan,nan
163.88,219.3154754638672,-214.6892547607422,-26.777639389038086,219.69633293024634,-215.29737012366954,-26.788844917110893,0.7176226502726918,0.34142645584852166,0.08131694981899691,3.501135503484279e-05,51.56818829148095,72.9076506988222,nan,0.20514818732129145,nan
163.89000000000001,219.32383728027344,-214.680908203125,-26.77937126159668,219.70444536147926,-215.28910567272396,-26.790737961716108,0.717562453990845,0.3414730386353859,0.08133746293898546,3.57174345026518e-05,51.46186044380355,71.82285311149076,nan,nan,nan
163.9,219.3321990966797,-214.67257690429688,-26.781068801879883,219.74517341266196,-215.2993230757248,-26.7915082457199,0.7506447435693352,0.3414121586816168,0.0813278892530032,3.4998801900943766e-05,51.64803817762089,71.95645573989658,12.240829137567,0.6579135980487337,nan
163.91,219.34054565429688,-214.6642303466797,-26.782732009887695,219.75333616204125,-215.29109538604055,-26.793322209987537,0.7506450114367731,0.3414585480988325,0.0813483963601665,3.570435124013988e-05,51.53796472789022,71.26584295338029,nan,nan,nan
163.92000000000002,219.34890747070312,-214.6558837890625,-26.78436279296875,219.7614995823035,-215.28286144641294,-26.794658195275858,0.750625891293494,0.3415050219611465,0.08136896569344826,3.500741610083708e-05,51.28904714418,70.72858654173474,nan,0.14005969845719635,nan
163.93,219.35726928710938,-214.64755249023438,-26.785961151123047,219.76966202864358,-215.2746331886706,-26.796403525475238,0.750604435640691,0.3415515804241517,0.08138959789542846,3.571331350375044e-05,51.17578022521942,71.65220169593233,nan,nan,nan
163.94,219.36563110351562,-214.6392059326172,-26.787527084350586,219.77782280015205,-215.26641521867336,-26.798936774395276,0.7506155236324547,0.3415982236208814,0.08141029262841551,3.501602236358201e-05,51.705045270242834,71.27833801414829,nan,0.47292745133529857,nan
163.95000000000002,219.37399291992188,-214.63087463378906,-26.789060592651367,219.82277608210092,-215.27260910635195,-26.80050501504797,0.7831733107907719,0.3415372875513544,0.08140068671079283,3.5700199338187294e-05,51.02713709133749,71.67803039774172,13.953543432698797,nan,nan
163.96,219.38235473632812,-214.62252807617188,-26.790565490722656,219.83100363937106,-215.26439792755332,-26.80226594456545,0.7832111113449515,0.34158373712749246,0.08142137487609341,3.5003402464560956e-05,51.13421923851311,70.8417812801304,nan,0.00719102134705524,nan
163.97,219.39071655273438,-214.6141815185547,-26.79203987121582,219.83923152177695,-215.2561852430544,-26.803897707515024,0.7832464924967555,0.3416302712442798,0.08144212609734686,3.5709113032816146e-05,51.025703117492334,70.79112992137888,nan,nan,nan
163.98,219.39906311035156,-214.60585021972656,-26.79348373413086,219.84746417860683,-215.24794585268688,-26.803284573190986,0.7832281764118675,0.3416768900334586,0.08146294009900445,3.501196568667403e-05,49.691955996869986,70.9164499795612,nan,3.4656057570169114,nan
163.99,219.4074249267578,-214.59750366210938,-26.79490089416504,219.85569207794512,-215.23973271900334,-26.80483732559198,0.7832626207230899,0.3417235936526285,0.08148381743125808,3.571801876910867e-05,49.577998424489095,69.44132278037469,nan,nan,nan
164.0,219.41578674316406,-214.5891571044922,-26.796289443969727,219.85112899739855,-215.21851908587257,-26.80466876679194,0.7653035966072318,0.3416626010610515,0.08147417548096064,3.499931694777641e-05,47.276694841081074,68.37403603038653,7.8414197067745075,1.894904532437664,nan
164.01,219.4241485595703,-214.58082580566406,-26.797649383544922,219.85934414921883,-215.2102683869058,-26.806149736991546,0.7652878022930275,0.341709110805399,0.08149504563939548,3.570483638841871e-05,47.15534276377931,69.34217969981941,nan,nan,nan
164.02,219.43251037597656,-214.57247924804688,-26.798982620239258,219.86755679694815,-215.20202957806882,-26.80869005106245,0.7653059784452959,0.34175570516005155,0.08151597882110101,3.5007834600094105e-05,47.68799954112064,68.89343176854841,nan,0.8321866429526121,nan
164.03,219.4408721923828,-214.5641326904297,-26.800289154052734,219.8757720095443,-215.1937783483408,-26.810129525967646,0.7653027756468951,0.34180238428372356,0.08153697552154605,3.571369868945953e-05,47.57234990605418,68.86034551093668,nan,nan,nan
164.04,219.44923400878906,-214.55580139160156,-26.801677703857422,219.8839874205537,-215.18552678028223,-26.81159856573605,0.7652862325237673,0.3418491483138352,0.08155803571002752,3.6433880203115474e-05,47.42434177383692,69.8232360736106,nan,nan,nan
164.05,219.4575958251953,-214.54745483398438,-26.803152084350586,219.86525552457277,-215.1635008159819,-26.81322551730017,0.7387831593121309,0.34178809880748956,0.081548354731714,3.714466246723072e-05,47.15047378718034,68.9445879465511,7.2359270181445625,nan,nan
164.06,219.4659423828125,-214.5391082763672,-26.804704666137695,219.87343067595907,-215.1552108257854,-26.813572111281267,0.7387203070408225,0.3418346686963041,0.08156940697398664,3.6362003487000844e-05,46.445089574334034,68.70750036389423,nan,1.0891950230343053,nan
164.07,219.47430419921875,-214.53076171875,-26.80634117126465,219.88160284331627,-215.14693395000114,-26.81527922478142,0.7386746867528082,0.34188132329285686,0.08159052293481922,3.709435494133928e-05,46.30201480372841,68.21215613960219,nan,nan,nan
164.08,219.482666015625,-214.5224151611328,-26.808053970336914,219.8897769722855,-215.13864898939326,-26.81627073910044,0.7386142277362785,0.3419280627250672,0.08161170244415959,3.631440819510644e-05,45.87350931344947,67.87902229929443,nan,0.4155863493830019,nan
164.09,219.49102783203125,-214.5140838623047,-26.80984878540039,219.89794931399092,-215.13037162356017,-26.818130970683775,0.738555544117443,0.3419748871542368,0.08163294594889924,3.7045463503006696e-05,45.72901181296318,68.8262798645611,nan,nan,nan
164.1,219.4993896484375,-214.5057373046875,-26.811717987060547,219.9156015457531,-215.11699826075164,-26.818377124642492,0.7395381288269333,0.3419137802998549,0.08162322221687726,3.6245538526282564e-05,43.13808980950622,66.68878628838603,11.110037855780359,1.6718321339294993,nan
164.11,219.50775146484375,-214.4973907470703,-26.81366729736328,219.9238013907971,-215.10869081372894,-26.820377310883654,0.7394797743441557,0.34196041033382574,0.08164445731047887,3.697445029058647e-05,42.997486816748314,66.5562706268049,nan,nan,nan
164.12,219.51611328125,-214.48904418945312,-26.815690994262695,219.93199756797458,-215.1003981728673,-26.82406482255435,0.7394481415089558,0.34200712513997994,0.08166575618377588,3.620075986157281e-05,43.582210751925935,67.20109342158871,nan,1.7084275571210938,nan
164.13,219.52447509765625,-214.48069763183594,-26.81778907775879,219.94019778948453,-215.09209086036392,-26.82623491315663,0.7393905385697015,0.34205392488021963,0.0816871192380922,3.692852210524355e-05,43.442648863133485,67.10027649121496,nan,nan,nan
164.14000000000001,219.5328369140625,-214.47235107421875,-26.819961547851562,219.94839984213522,-215.08377728093618,-26.82777337170791,0.7393210250230898,0.3421008096814881,0.0817085463712716,3.61573804046845e-05,43.06491404218128,66.77264659190911,nan,0.3305660344770612,nan
164.15,219.5411834716797,-214.46400451660156,-26.822208404541016,219.92313318473413,-215.06187012631202,-26.830315928039695,0.709503067304224,0.3420396450673892,0.08169877674441323,3.686070536904253e-05,43.49807012658036,67.63852693888872,12.854540247539052,nan,nan
164.16,219.54954528808594,-214.45567321777344,-26.824525833129883,219.93127578290117,-215.05354305589336,-26.83242440856277,0.7093862851079713,0.3420863352076743,0.08172019482989774,3.6093026739239364e-05,43.30753346710708,68.2569588780912,nan,0.05319360105959802,nan
164.17000000000002,219.5579071044922,-214.44732666015625,-26.826915740966797,219.93941746382023,-215.0452183866309,-26.83488637754745,0.7092871082354065,0.34213311021826925,0.08174167728118033,3.681777581846399e-05,43.17214840395623,67.03588938884717,nan,nan,nan
164.18,219.56626892089844,-214.43898010253906,-26.829376220703125,219.94756600807517,-215.03687005343033,-26.83451230400013,0.7091447252979202,0.3421799702257231,0.08176322403505448,3.605253028062499e-05,42.046223049704786,65.94352609044996,nan,5.621565863815542,nan
164.19,219.5746307373047,-214.43063354492188,-26.83189582824707,219.9557071598181,-215.028545316109,-26.83708290697192,0.7090448728433437,0.3422269153926021,0.08178483543481008,3.67763260823019e-05,41.91437064268531,65.82858371078301,nan,nan,nan
164.20000000000002,219.58299255371094,-214.4222869873047,-26.83441734313965,219.93348678398758,-215.01079366922067,-26.839677036732258,0.6849919594372378,0.34216569256201085,0.08177501624239471,3.599124135870921e-05,42.83373164220862,66.47899898710523,10.427796344947318,2.4369615883978237e-08,nan
164.21,219.59133911132812,-214.4139404296875,-26.836915969848633,219.94157135728258,-215.00246440386607,-26.84227078791338,0.6848735418789007,0.34221244279864427,0.08179661791986684,3.671324160927161e-05,42.714469294927504,66.6971154202406,nan,nan,nan
164.22,219.59970092773438,-214.4055938720703,-26.839380264282227,219.94965586776618,-214.9941345595012,-26.844765224551505,0.6847463753911944,0.34225927796722655,0.08181828411777833,3.595362813566682e-05,42.61005152352169,66.2835087269251,nan,0.0033445811611807403,nan
164.23,219.60806274414062,-214.39724731445312,-26.841800689697266,219.95773989019375,-214.98580524635335,-26.847291496223637,0.6846201097184041,0.34230619823052294,0.081840015146395,3.667480320839723e-05,42.49600008128776,66.20997072519759,nan,nan,nan
164.24,219.61642456054688,-214.38890075683594,-26.844175338745117,219.96582875395274,-214.97746131638345,-26.847726014946186,0.6844701819115064,0.34235320371471417,0.08186181099177334,3.591743187952338e-05,41.89569952510512,65.66793319574178,nan,2.8128371799734526,nan
164.25,219.62477111816406,-214.3805694580078,-26.846506118774414,219.98102975062508,-214.98041480674704,-26.85014909137742,0.6976732235484335,0.34229192223696486,0.08185193895684562,3.6614884562906076e-05,43.43454499179636,67.0703799060032,7.121497463660509,nan,nan
164.26,219.6331329345703,-214.37222290039062,-26.848791122436523,219.98912116941335,-214.97210685284338,-26.85047202655879,0.69756089712345,0.34233873251807945,0.08187372440449878,3.586063093435425e-05,43.02377964184405,65.31143374531706,nan,2.8289332245908887,nan
164.27,219.64149475097656,-214.36387634277344,-26.851030349731445,219.99720742725827,-214.9638127474708,-26.852782165173505,0.6974656024536515,0.34238562782831056,0.08189557486629988,3.657942610912727e-05,42.90203315752831,65.25504446332916,nan,nan,nan
164.28,219.6498565673828,-214.35552978515625,-26.853225708007812,220.00529211401607,-214.95552265138383,-26.855670018766673,0.6973749651296334,0.3424326082938199,0.08191749035608957,3.5827287103550245e-05,42.858338162524646,65.2336925144718,nan,0.2598455746780001,nan
164.29,219.658203125,-214.34718322753906,-26.855379104614258,220.0133783485474,-214.94722854169194,-26.857899694673858,0.6972877252849256,0.3424796740774661,0.08193947114269177,3.6545425429681504e-05,42.73777955486664,65.43664949566454,nan,nan,nan
164.3,219.66656494140625,-214.33883666992188,-26.857486724853516,220.02483237766594,-214.93918401007787,-26.860534029395552,0.6991292947527232,0.3424183334763225,0.08192954264337358,3.5773453941954065e-05,42.53680476823371,65.0625063938713,0.27470749397284916,0.1455581975749933,nan
164.31,219.6749267578125,-214.3304901123047,-26.859554290771484,220.032925395569,-214.93088749645383,-26.862684264626964,0.6990349349388706,0.34246520378054035,0.08195151232514282,3.649009429263556e-05,42.42003726808767,64.93898964334814,nan,nan,nan
164.32,219.6832733154297,-214.3221435546875,-26.86157989501953,220.0410151873085,-214.92259832757085,-26.866023066240135,0.6989598865058302,0.3425121591736717,0.08197354724078065,3.5742908870775276e-05,42.5771887170933,65.44375637098898,nan,1.0218329883823252,nan
164.33,219.69163513183594,-214.3137969970703,-26.86356544494629,220.04910792822784,-214.9143020495282,-26.8681052641093,0.6988660301844222,0.3425591998184308,0.08199564763597318,3.645900150872303e-05,42.46517841503398,65.04256557260324,nan,nan,nan
164.34,219.6999969482422,-214.3054656982422,-26.865510940551758,220.057199509312,-214.90600795695866,-26.870575055248057,0.6987634216219201,0.34260632584113443,0.08201781355912,3.571372900797279e-05,42.49032674619635,66.19137820870962,nan,0.12337589012160889,nan
164.35,219.70835876464844,-214.297119140625,-26.86741828918457,220.0727391390011,-214.90194710873823,-26.872512161035736,0.7061273792707644,0.34254492566834166,0.0820078252187501,3.6406671780524244e-05,42.60623159652881,64.9198453342052,0.8178440559477831,nan,nan
164.36,219.71670532226562,-214.2887725830078,-26.869287490844727,220.08084102298736,-214.89366299109483,-26.875302194756433,0.7060618889296667,0.34259185593199715,0.08202997932463423,3.566416045127759e-05,42.782692397396126,65.4464064701766,nan,0.4565199271879322,nan
164.37,219.72506713867188,-214.28042602539062,-26.871118545532227,220.08894494689306,-214.88537455116003,-26.877244073036763,0.7059796740938356,0.3426388713799045,0.08205219909097865,3.63784093384963e-05,42.67623631721807,65.06746297687307,nan,nan,nan
164.38,219.73342895507812,-214.27207946777344,-26.872913360595703,220.09704954535928,-214.87708476246115,-26.87891439455578,0.7058947178476236,0.34268597213866875,0.08207448458525814,3.5637680999203586e-05,42.532042872515056,64.96958788074882,nan,0.03783605467147928,nan
164.39000000000001,219.7417755126953,-214.26373291015625,-26.87467384338379,220.10515359894117,-214.8687960570137,-26.880783023060236,0.7058203506027991,0.3427331583706277,0.08209683602467416,3.635152275286819e-05,42.42389060695875,65.17893983431885,nan,nan,nan
164.4,219.75013732910156,-214.25538635253906,-26.87639808654785,220.12124360058948,-214.86397540271238,-26.881905030058046,0.7128329559969533,0.3426716981336665,0.08208678425371914,3.5590877571005986e-05,42.17905858546543,64.52768738287837,2.1505734638192515,0.5572909464490319,nan
164.41,219.7584991455078,-214.24703979492188,-26.878087997436523,220.1293613096274,-214.85569159013536,-26.883700518559184,0.7127603054221097,0.3427186883234323,0.08210912313687467,3.630346955834587e-05,42.072370734945835,64.44316186948718,nan,nan,nan
164.42000000000002,219.76686096191406,-214.2386932373047,-26.879745483398438,220.13747779608113,-214.84740984081648,-26.88591713310402,0.7126926619651998,0.3427657637562094,0.08213152794305638,3.556700878781278e-05,42.15360860308928,64.5196183942362,nan,0.1409540434956438,nan
164.43,219.77520751953125,-214.2303466796875,-26.88136863708496,220.14559523676945,-214.8391259319712,-26.887651502321727,0.7126280330492363,0.3428129245939227,0.08215399887395303,3.6279284484389214e-05,42.04774746889592,64.81262119748132,nan,nan,nan
164.44,219.7835693359375,-214.2220001220703,-26.882959365844727,220.15371234732797,-214.83084225108232,-26.889495832799515,0.712556883582865,0.34286017096374427,0.0821765360202423,3.554440638219544e-05,42.04025368472375,64.52320652995499,nan,0.013772057944977743,nan
164.45000000000002,219.79193115234375,-214.21365356445312,-26.884519577026367,220.15534213461504,-214.8199685824398,-26.891170548739833,0.7069156091757332,0.3427986501982869,0.08216641737217317,3.623398055601352e-05,42.11388892425177,64.58977930039413,0.3948527022449936,nan,nan
164.46,219.80027770996094,-214.20530700683594,-26.88604736328125,220.16344651075113,-214.81168386024842,-26.8936805180907,0.7068541089037799,0.3428457002397685,0.08218894121459952,3.550151520458656e-05,42.412150299649596,65.28334901540394,nan,0.5156955795843654,nan
164.47,219.8086395263672,-214.19696044921875,-26.887544631958008,220.17155296797634,-214.803395557941,-26.895302167756753,0.7067742826060082,0.3428928356170831,0.08221153135910621,3.621238997839559e-05,42.3122879656018,64.88397505421045,nan,nan,nan
164.48,219.81700134277344,-214.18861389160156,-26.889013290405273,220.17965441239357,-214.79511455976632,-26.898960712570616,0.7067243172531557,0.34294005645791986,0.08223418790880928,3.54813817012545e-05,43.31901955406032,65.90668071803132,nan,2.9316951693371744,nan
164.49,219.8253631591797,-214.18026733398438,-26.890451431274414,220.18776078121786,-214.7868258544538,-26.900544985409862,0.7066449993087599,0.34298736292347426,0.0822569110467999,3.619205453702685e-05,43.22523658253184,65.86110841687177,nan,nan,nan
164.5,219.83370971679688,-214.1719207763672,-26.891862869262695,220.16923766399287,-214.75889966482788,-26.900729312734857,0.6761670153652538,0.342925781123665,0.08224672195334709,3.5440986872475564e-05,41.2774726797567,65.72234464919698,12.167449661658813,1.129628429673944,nan
164.51,219.84207153320312,-214.16355895996094,-26.89324378967285,220.17730723747593,-214.75056462489653,-26.90224369808579,0.6760470593362545,0.3429728909712453,0.0822694310173368,3.6150611991854544e-05,41.18242961951961,64.32085749548558,nan,nan,nan
164.52,219.85043334960938,-214.15521240234375,-26.89459800720215,220.18537433585547,-214.74223268236352,-26.904843879130333,0.6759313954193631,0.34302008621299446,0.08229220667182342,3.5423210789388836e-05,41.785390239845164,66.03706423782853,nan,0.8532759806825335,nan
164.53,219.85877990722656,-214.14686584472656,-26.895925521850586,220.1934442239599,-214.73389695995843,-26.906315802351962,0.6758059581520784,0.3430673670095053,0.0823150490901199,3.613270790518991e-05,41.688690509127454,66.26769570019766,nan,nan,nan
164.54,219.8671417236328,-214.13851928710938,-26.897226333618164,220.20151382440486,-214.7255614830013,-26.907926953884903,0.6756757689945668,0.3431147334893283,0.08233795838999267,3.540657330387732e-05,41.815393029644056,66.12422007493787,nan,0.018782881427988344,nan
164.55,219.87550354003906,-214.1301727294922,-26.898502349853516,220.1948931720834,-214.71445112687755,-26.909306235407882,0.6659637427455742,0.3430530901764241,0.08232769535923942,3.609371148615109e-05,42.51829328883925,66.44976424880711,3.238302169979672,nan,nan
164.56,219.8838653564453,-214.121826171875,-26.899860382080078,220.2029359155612,-214.70611697164856,-26.91015020693088,0.6658135181039846,0.3431002597458666,0.08235058980407423,3.536966251687471e-05,42.159672836161086,66.14750288810816,nan,0.25505845082339834,nan
164.57,219.8922119140625,-214.1134796142578,-26.901302337646484,220.21097743856672,-214.69778450202728,-26.911680052699325,0.6656811237022197,0.34314751479929195,0.0823735511857242,3.6078115530034143e-05,42.03201763358063,66.30395798825481,nan,nan,nan
164.58,219.90057373046875,-214.10513305664062,-26.9028263092041,220.21901708219667,-214.6894540245991,-26.914119198080733,0.6655559264215192,0.34319485546591955,0.08239657962947512,3.5355216470815736e-05,42.53635029729851,66.5596777701431,nan,0.4716183935152589,nan
164.59,219.908935546875,-214.09677124023438,-26.90443229675293,220.22705848476713,-214.68112127011952,-26.915823268964814,0.6654298725544403,0.34324228190537565,0.08241967529738083,3.606363197867179e-05,42.41254641913436,65.37019424072888,nan,nan,nan
164.6,219.91729736328125,-214.0884246826172,-26.906116485595703,220.2047169095141,-214.6620867037642,-26.91599832231937,0.6417131452294021,0.3431805765628797,0.08240933477572294,3.53204984114515e-05,42.17367033750728,66.4518693256454,9.075896267547478,1.8386639900185244,nan
164.61,219.9256591796875,-214.080078125,-26.907880783081055,220.2127042387257,-214.65374342055898,-26.917848785805155,0.6415497629376298,0.3432278057961398,0.08243241478817023,3.6028026611488134e-05,42.05049882887389,66.34693306084017,nan,nan,nan
164.62,219.9340057373047,-214.0717315673828,-26.90972328186035,220.22069131437328,-214.64540039796472,-26.91994141761481,0.6413961003768771,0.34327512057171794,0.08245556203906249,3.5308121843140525e-05,42.13238914163519,66.6960554603924,nan,0.018338231510436283,nan
164.63,219.94236755371094,-214.06338500976562,-26.91164207458496,220.2286786763643,-214.6370569754197,-26.921951636474088,0.6412330857019115,0.34332252104852157,0.08247877668485641,3.601567136962706e-05,42.010625626732555,66.36297723355058,nan,nan,nan
164.64000000000001,219.9507293701172,-214.05502319335938,-26.913637161254883,220.23666929248813,-214.62871055530047,-26.922494051237734,0.6410594925251515,0.3433700073568146,0.08250205885924193,3.5296741438917724e-05,41.16911933130435,64.46789232272806,nan,1.6578248491466994,nan
164.65,219.95909118652344,-214.0466766357422,-26.915708541870117,220.23556916074847,-214.6153276763433,-26.92468893439624,0.6323643915166528,0.3433082394933585,0.08249163732935169,3.598218659875527e-05,41.02898750824462,65.72737649892915,0.9344947042774392,nan,nan
164.66,219.96743774414062,-214.038330078125,-26.9178524017334,220.24354228246486,-214.60697383574043,-26.92663130665744,0.6321918287433831,0.34335552829706334,0.0825149030354737,3.526504488548e-05,40.85694022038095,65.84779600558272,nan,0.05600765559666221,nan
164.67000000000002,219.97579956054688,-214.0299835205078,-26.920072555541992,220.25151462996703,-214.59862046783806,-26.92892952315327,0.6320167903226092,0.3434029027295884,0.08253823630448873,3.5971830479241025e-05,40.73768103776216,65.4500710819834,nan,nan,nan
164.68,219.98416137695312,-214.02162170410156,-26.92236328125,220.26674907969627,-214.59026333840208,-26.93090905058314,0.6350449969688035,0.3372460061777551,0.08256163590266576,3.525546694597204e-05,54.31682972278625,77.96252935905889,nan,0.10771352400045757,0.00849846342642558
164.69,219.99252319335938,-214.01327514648438,-26.924726486206055,220.27472414068401,-214.58190515445594,-26.933350605964304,0.6348636358134471,0.3372884070751023,0.08258509732885858,3.596234109469745e-05,54.15650059202692,78.94393269202125,nan,nan,nan
164.70000000000002,220.00086975097656,-214.0049285888672,-26.927160263061523,220.28078140795,-214.57164434285733,-26.9362071894673,0.6321385357717237,0.3372253933518435,0.0825745938958108,3.522565161818685e-05,54.112629427469884,79.36074395311819,0.2224531143625674,0.1000525486269398,nan
164.71,220.0092315673828,-213.99658203125,-26.929655075073242,220.28875547930937,-214.56328122530374,-26.938791075436008,0.6319533688354817,0.33726762163096435,0.08259803343735835,3.5931762539171656e-05,53.955545756404874,78.99724893262923,nan,nan,nan
164.72,220.01759338378906,-213.9882354736328,-26.93215560913086,220.29673681224972,-214.55491785224734,-26.94109093733212,0.6317672134378735,0.33730993274472265,0.08262153450514005,3.521793854199975e-05,53.74336977850461,78.82131529520507,nan,0.07032680268110453,nan
164.73,220.02593994140625,-213.97987365722656,-26.934633255004883,220.3047106882127,-214.5465549367665,-26.94369746377012,0.6316034845823798,0.3373523283358731,0.0826450972472157,3.5924186115845795e-05,53.60925486180912,77.86386999786689,nan,nan,nan
164.74,220.0343017578125,-213.97152709960938,-26.937074661254883,220.31269833753953,-214.5381914555296,-26.94565414893809,0.6314164675419176,0.3373948070738212,0.08266872180497076,3.521107547000761e-05,53.25695750053248,78.43861551082735,nan,0.2696463220421299,nan
164.75,220.04266357421875,-213.9631805419922,-26.93947410583496,220.261858386922,-214.50087003883039,-26.94819155999246,0.580717104047328,0.33733183628345703,0.08265813733616108,3.5895401787725657e-05,53.02115881036999,80.36022549018234,32.91869995304967,nan,nan
164.76,220.05101013183594,-213.954833984375,-26.941829681396484,220.26976650161004,-214.4924567890354,-26.949237607909687,0.5804717967161567,0.3373741422505969,0.08268173945147536,3.5183816179665037e-05,52.30709645140389,79.85725098888237,nan,1.4618947203529367,nan
164.77,220.0593719482422,-213.9464874267578,-26.944141387939453,220.2776424874189,-214.48404452187836,-26.95167229946739,0.5802295868148833,0.33741653259736054,0.08270540346684305,3.588951386190567e-05,52.17287164182256,79.6043958764503,nan,nan,nan
164.78,220.06773376464844,-213.93812561035156,-26.946407318115234,220.28550397389492,-214.4756324475254,-26.954725889815027,0.5800057436603687,0.3374590060869257,0.0827291295252011,3.517854990372846e-05,52.40871613305212,78.76403437835006,nan,0.3072035432713059,nan
164.79,220.07608032226562,-213.92977905273438,-26.948627471923828,220.29337986240853,-214.46721989581266,-26.957079084838885,0.5797699368852118,0.33750156422231753,0.08275291777232371,3.588443572506555e-05,52.27626270845335,80.00918761728643,nan,nan,nan
164.8,220.08444213867188,-213.9214324951172,-26.950803756713867,220.28029326876896,-214.4527386993624,-26.95687070295299,0.5662868139613022,0.3374386341220532,0.08274224949257689,3.5152861577232496e-05,52.20563259088193,79.92261689708096,7.170511215173908,4.468806263832891,nan
164.81,220.09280395507812,-213.9130859375,-26.952938079833984,220.28812421099448,-214.44432389777728,-26.959112961785866,0.5660405479980357,0.33748101927888224,0.08276601472139225,3.58580771104762e-05,52.06972190886965,79.8154145437694,nan,nan,nan
164.82,220.1011505126953,-213.9047393798828,-26.955028533935547,220.29591346996057,-214.43590984870684,-26.963290959527885,0.5658117568150346,0.3375234875726743,0.0827898422167087,3.5149072605571124e-05,52.795013536713526,80.76097421396929,nan,2.737433336894015,nan
164.83,220.10951232910156,-213.89637756347656,-26.95707893371582,220.30374433576264,-214.42749488768,-26.965470174823295,0.5655812031953916,0.3375660404149065,0.08281373212345437,3.585451096803951e-05,52.66853611055827,79.39130900566359,nan,nan,nan
164.84,220.1178741455078,-213.88803100585938,-26.959087371826172,220.31154127634215,-214.41908027074334,-26.969247843024124,0.5653525576791586,0.33760867670519684,0.08283768458582016,3.514599184281173e-05,53.490616253013926,81.40242058425967,nan,1.8802212646826355,nan
164.85,220.126220703125,-213.8796844482422,-26.961055755615234,220.30852232416586,-214.4026899621564,-26.971184115062513,0.5539595944506025,0.33754578775395067,0.08282692970413152,3.582963506915981e-05,52.72601670721673,81.68350175127648,3.3848446573781548,nan,nan
164.86,220.13458251953125,-213.871337890625,-26.96298599243164,220.31635282897736,-214.39425639724968,-26.972685400509658,0.5536951223225469,0.33758825089708056,0.08285085855580045,3.512241409932334e-05,52.390217389047805,81.21951901568568,nan,0.22967311099293594,nan
164.87,220.14292907714844,-213.8629913330078,-26.964876174926758,220.3241716073751,-214.38582303820868,-26.974715482336016,0.5534425523001508,0.3376307984915425,0.0828748500382774,3.58274605323896e-05,52.26117018629978,81.27848213200684,nan,nan,nan
164.88,220.1512908935547,-213.85462951660156,-26.96673011779785,220.3319992710797,-214.37738984791264,-26.97625738604607,0.5531949480431473,0.337673429525521,0.08289890429604226,3.5120646957063526e-05,51.996326944817085,79.72092712199382,nan,0.14277442789970515,nan
164.89000000000001,220.15965270996094,-213.84628295898438,-26.96854591369629,220.33981805063675,-214.36895674558312,-26.97820983010338,0.5529383586428285,0.33771614527838995,0.08292302147359504,3.582595272584104e-05,51.868314963034784,80.80695741640751,nan,nan,nan
164.9,220.16799926757812,-213.8379364013672,-26.970325469970703,220.34142837163512,-214.3579339514324,-26.97982656547685,0.548238430816043,0.33765329538177546,0.08291217718011909,3.509835249565721e-05,51.86876139209834,81.16229908907503,0.420209897930647,0.07075199833376296,nan
164.91,220.17636108398438,-213.82958984375,-26.972070693969727,220.3492358990663,-214.34949721086198,-26.98170586600873,0.5479801169815753,0.33769583776668105,0.08293627013767643,3.580305522186627e-05,51.74039410928073,80.90843620432517,nan,nan,nan
164.92000000000002,220.18472290039062,-213.8212432861328,-26.97378158569336,220.35704485960298,-214.34106054538958,-26.983476624781918,0.5477214934900142,0.33773846358020587,0.08296042608650649,3.509778818263915e-05,51.676370670348184,80.8778511197545,nan,0.0038844836019248687,nan
164.93,220.1930694580078,-213.81288146972656,-26.97545623779297,220.36485251406367,-214.3326238003316,-26.98528763488007,0.5474834837137276,0.3377811740167078,0.08298464517125625,3.5802775875162614e-05,51.55095029379125,79.79400991673116,nan,nan,nan
164.94,220.20143127441406,-213.80453491210938,-26.977100372314453,220.37265800685196,-214.32418683382224,-26.987187324358946,0.5472279783077442,0.3378239681912012,0.08300892753619672,3.509780024271031e-05,51.60161963422235,80.89877784595912,nan,0.010348561323030536,nan
164.95000000000002,220.20977783203125,-213.7961883544922,-26.978710174560547,220.39836739788328,-214.32274662711936,-26.988943477643822,0.5594053622484857,0.3377611575117813,0.08299799100559245,3.578107499636058e-05,51.22927588969907,80.17853923928197,3.5809434049768254,nan,nan
164.96,220.2181396484375,-213.787841796875,-26.980287551879883,220.40623013575262,-214.31431866723273,-26.989511707568102,0.5591431046595018,0.3378037781334798,0.08302224852468366,3.5077206449878924e-05,50.57999312633972,79.40888504226984,nan,0.9265617258029673,nan
164.97,220.22650146484375,-213.77947998046875,-26.98183250427246,220.4140717549401,-214.3058900620132,-26.99118578327887,0.5589075697345885,0.33784648328295896,0.0830465693924569,3.578191442015062e-05,50.45464516014325,78.18259424815766,nan,nan,nan
164.98,220.23484802246094,-213.77113342285156,-26.983348846435547,220.42191183690983,-214.29746139256798,-26.992912158177045,0.5586639950036535,0.3378892721562052,0.08307095375271012,3.507827271482856e-05,50.46768386903128,79.52011216725631,nan,0.00478927213211392,nan
164.99,220.2432098388672,-213.76278686523438,-26.984834671020508,220.4297533559754,-214.28903277373863,-26.994527216221904,0.5584148864644011,0.3379321458267024,0.0830954017507837,3.578329002359712e-05,50.338524228598125,79.27541655389321,nan,nan,nan
165.0,220.25157165527344,-213.75442504882812,-26.986289978027344,220.4553679858501,-214.29003879251357,-26.996870772873194,0.5731727313828017,0.3378693724079869,0.0830843701428134,3.505870230280736e-05,51.06442267802078,77.99730458802681,3.0560541461119,0.37058825892879454,nan
165.01,220.25991821289062,-213.74607849121094,-26.987716674804688,220.4632377480876,-214.28162696168204,-26.998436710384095,0.572944950915421,0.3379120722928033,0.08310879265318942,3.576316310096025e-05,50.936417188351186,79.2508901187298,nan,nan,nan
165.02,220.26828002929688,-213.73773193359375,-26.98911476135254,220.4711218219005,-214.27321560562046,-26.999158520267844,0.5727027439492662,0.33795485588448887,0.08313327886474352,3.5060723364533806e-05,50.454113854893265,78.62788061173431,nan,0.4689272877151984,nan
165.03,220.27664184570312,-213.72938537597656,-26.9904842376709,220.47899173619203,-214.26480356494338,-27.00066134026566,0.5724698146405627,0.3379977241799413,0.08315782892352677,3.576551190492354e-05,50.32692177401561,78.5437136920196,nan,nan,nan
165.04,220.2849884033203,-213.7210235595703,-26.9918270111084,220.48687593411086,-214.2563921000849,-27.001298830868407,0.5722479922472273,0.33804067648949715,0.08318244297229697,3.50632024596074e-05,49.84581345228843,77.12999886803065,nan,0.4948709758750164,nan
165.05,220.29335021972656,-213.71267700195312,-26.993144989013672,220.5057998000477,-214.25621019199735,-27.0028356808907,0.5836583438685153,0.3379779402216923,0.08317131343592396,3.574632733005827e-05,50.50576631513898,77.84835398250718,2.36454605854918,nan,nan
165.06,220.3017120361328,-213.70433044433594,-26.994434356689453,220.51366323546043,-214.24781536614373,-27.005407918805453,0.5834548741713845,0.33802071854453825,0.08319590133880682,3.5044967813251034e-05,51.17051314655187,78.60940246625782,nan,0.9378705784788658,nan
165.07,220.31005859375,-213.6959686279297,-26.995698928833008,220.52154596864327,-214.23942114084042,-27.006812651547115,0.5832589976681041,0.33806358147863935,0.08322055329490356,3.5749552387698536e-05,51.04703882407208,77.59017418766203,nan,nan,nan
165.08,220.31842041015625,-213.6876220703125,-26.997047424316406,220.52949281054657,-214.2310304929941,-27.00429328633994,0.5830066676842639,0.3381065284062663,0.08324526944610264,3.5048271176710035e-05,48.946277851717674,76.50488426419932,nan,11.010217310299648,nan
165.09,220.3267822265625,-213.67926025390625,-26.998477935791016,220.5373757829025,-214.22263570568504,-27.005773543467296,0.5828033574535199,0.338149560216859,0.08327004993973247,3.575319831836667e-05,48.796666134330934,75.27803704967633,nan,nan,nan
165.1,220.3351287841797,-213.67091369628906,-26.99999237060547,220.5288295578652,-214.20229333879226,-27.00759542282845,0.5656342639871632,0.33808685926602555,0.08325881960958435,3.503083227838225e-05,48.04604547769383,77.10269107855171,4.037296641963904,0.05380857761410248,nan
165.11,220.34349060058594,-213.66256713867188,-27.0015869140625,220.53669394708533,-214.19387165863714,-27.00924425488176,0.5653942526259892,0.3381297168456837,0.08328357328387839,3.573523322056292e-05,47.89311175392331,76.80946530372192,nan,nan,nan
165.12,220.3518524169922,-213.65420532226562,-27.00326156616211,220.5445343592743,-214.18544828322797,-27.012532638660794,0.5651825963694619,0.33817265839546473,0.08330839135487085,3.50348732456993e-05,48.56559777845291,76.3402294041316,nan,1.7102926213000282,nan
165.13,220.36021423339844,-213.64585876464844,-27.005014419555664,220.5523988751108,-214.17702669961974,-27.014359198785613,0.5649439233681984,0.33821568473767866,0.08333327397085596,3.573962956667082e-05,48.41269327017982,77.41473127814552,nan,nan,nan
165.14000000000001,220.36856079101562,-213.6374969482422,-27.006847381591797,220.56027538690623,-214.16860591649746,-27.01546884850989,0.5647172320112885,0.3382587953549021,0.0833582212723046,3.5039269266095926e-05,47.94969410323799,75.98545380578875,nan,0.4468270124450939,nan
165.15,220.37692260742188,-213.629150390625,-27.008756637573242,220.54250200356023,-214.14499583347512,-27.017425685860577,0.5418378075891239,0.3381961293665074,0.0833468872792797,3.5722387382490494e-05,47.28528752084356,77.81675219516349,6.75917127657342,nan,nan
165.16,220.38528442382812,-213.6208038330078,-27.0107421875,220.55036137610475,-214.13654695759988,-27.01729169344149,0.5415572608367467,0.3382390655358194,0.083371807071996,3.5022850825394043e-05,46.264083215274866,76.81560845490033,nan,3.376017616258716,nan
165.17000000000002,220.3936309814453,-213.61244201660156,-27.01280403137207,220.55818851153336,-214.12809535066873,-27.01940090641753,0.5413141974894334,0.3382820864081084,0.08339679160881185,3.5727450767087555e-05,46.11711838130635,75.64488691414338,nan,nan,nan
165.18,220.40199279785156,-213.60409545898438,-27.01494026184082,220.56605401497202,-214.11964753016906,-27.018919643645873,0.5410414554776903,0.3383251915281952,0.08342184102919024,3.5027873284546004e-05,45.209610641281124,75.79544298367308,nan,5.012548138993239,nan
165.19,220.4103546142578,-213.59573364257812,-27.017148971557617,220.57388127643142,-214.11119602275926,-27.021153391152477,0.5407942954580174,0.33836838162534855,0.0834469554829078,3.573283615585136e-05,45.068180483266055,74.52858383078541,nan,nan,nan
165.20000000000002,220.41871643066406,-213.58738708496094,-27.019432067871094,220.58938554936614,-214.109624546805,-27.022300935043507,0.549425286122449,0.33830574886997433,0.08343551494241191,3.5012056841900364e-05,45.470605744154824,75.25962568651846,1.5262957456125772,0.9093430506498963,nan
165.21,220.42706298828125,-213.57904052734375,-27.021785736083984,220.59721904309887,-214.10118977033426,-27.024670820263314,0.5491823364397123,0.33834876426421306,0.08346060118335423,3.571651152564535e-05,45.32722684415751,75.34665819520747,nan,nan,nan
165.22,220.4354248046875,-213.5706787109375,-27.02420997619629,220.60505084627653,-214.09275473460627,-27.027222429155692,0.5489493996242212,0.3383918638761934,0.08348575250249547,3.5017632147776e-05,45.21691635680009,73.93933384874788,nan,0.0083807050293573,nan
165.23,220.44378662109375,-213.5623321533203,-27.026697158813477,220.6128839964946,-214.08432003634363,-27.029733135840857,0.5487025510667177,0.33843504837782745,0.08351096905062055,3.572245839210891e-05,45.07663230166128,74.95449899153039,nan,nan,nan
165.24,220.45213317871094,-213.55397033691406,-27.02918815612793,220.6207162314248,-214.07588549655182,-27.03233264494115,0.5484756761534003,0.338478317399698,0.08353625096571023,3.502347543813709e-05,44.96375991134251,73.87315912117289,nan,0.0020986276873626902,nan
165.25,220.4604949951172,-213.54562377929688,-27.031658172607422,220.6753693159124,-214.09532125180004,-27.034774572870273,0.5902101294998052,0.3384157173073141,0.08352470099744123,3.570667251073243e-05,46.03321096580296,73.24023288036611,22.927981831877517,nan,nan
165.26,220.46884155273438,-213.5372772216797,-27.034093856811523,220.6832656634114,-214.08694146293738,-27.03758766966085,0.5900175286254167,0.338458811393765,0.08354995398028439,3.5008414529094706e-05,45.971354547168474,73.40474122569694,nan,0.06529692323517508,nan
165.27,220.47720336914062,-213.52891540527344,-27.03648567199707,220.69116573338283,-214.07856221781472,-27.040062291202187,0.5898341326626033,0.33850199028351985,0.0835752723842892,3.5713110948908665e-05,45.84726583997069,71.98912694088953,nan,nan,nan
165.28,220.48556518554688,-213.52056884765625,-27.038835525512695,220.69906616220004,-214.07018323411523,-27.04245623494741,0.5896369648956478,0.33854525365969174,0.08360065634646276,3.501471878102711e-05,45.72712691823245,72.98715143116428,nan,0.0010653586347535175,nan
165.29,220.49391174316406,-213.51222229003906,-27.041139602661133,220.70696600183297,-214.06180446442235,-27.044845144103107,0.5894458538103383,0.3385886021156258,0.08362610601902346,3.5719788972999015e-05,45.599701834518626,73.0933782798413,nan,nan,nan
165.3,220.5022735595703,-213.5038604736328,-27.043397903442383,220.72642623791504,-214.0547166756357,-27.047203098871783,0.5947280538249413,0.33852603304237744,0.08361444372547273,3.500009944253434e-05,44.75290731151286,71.09007038962311,3.2698668241017126,0.0002483082991391541,nan
165.31,220.51063537597656,-213.49551391601562,-27.045612335205078,220.73435383160327,-214.04633317567112,-27.049504267893056,0.5945308665960737,0.33856920629752574,0.08363986373220127,3.570467047866242e-05,44.62763728343857,72.1152710764404,nan,nan,nan
165.32,220.51898193359375,-213.48716735839844,-27.04778289794922,220.74226567471933,-214.03794750791633,-27.05307522619535,0.594341998257108,0.3386124640025089,0.08366534948488524,3.50068037000332e-05,44.86661695648116,72.61057012329309,nan,1.2168026344747802,nan
165.33,220.52734375,-213.4788055419922,-27.049911499023438,220.75019307382388,-214.029564155565,-27.05530374611938,0.5941598672766013,0.3386558067028573,0.08369090113665639,3.5711754140400034e-05,44.7486679933131,71.11820996136649,nan,nan,nan
165.34,220.5356903076172,-213.470458984375,-27.0519962310791,220.75812901910757,-214.02118213822078,-27.056741675949343,0.593967584804391,0.33869923415322545,0.08371651882317714,3.5013704358407854e-05,44.441460816730675,72.24065523425026,nan,0.3956426003962923,nan
165.35,220.54405212402344,-213.4621124267578,-27.054039001464844,220.7873846592415,-214.0275682146355,-27.058924934798043,0.6156093266711883,0.3386366953428592,0.08370474131912975,3.569702401066356e-05,45.34606902091066,71.48987040326723,5.916681877497949,nan,nan
165.36,220.55239868164062,-213.45375061035156,-27.056041717529297,220.79536569983526,-214.01922119942103,-27.058618496291462,0.6154645390448956,0.3386799473449561,0.08373032859140829,3.499962400585688e-05,44.735437367433015,70.02341558215646,nan,4.086697426245311,nan
165.37,220.56076049804688,-213.44540405273438,-27.05800437927246,220.803319764984,-214.01086961811495,-27.06065452481431,0.6152993798791307,0.33872328425898385,0.08375598194801052,3.5704456110537796e-05,44.609503518718725,70.83359048028854,nan,nan,nan
165.38,220.56912231445312,-213.43704223632812,-27.05992889404297,220.81128283644517,-214.00251955749172,-27.061828631585136,0.615150329728067,0.3387667058828592,0.0837817015237662,3.500685100844917e-05,44.38627805692493,69.4896230690615,nan,0.4785561134703794,nan
165.39000000000001,220.5774688720703,-213.42869567871094,-27.061813354492188,220.819237084808,-213.9941680238004,-27.06378027154457,0.6149916345073688,0.33881021269737116,0.08380748747303463,3.57120609866434e-05,44.257771879168054,70.80512134892189,nan,nan,nan
165.4,220.58583068847656,-213.42034912109375,-27.063661575317383,220.8426805588967,-213.9887384688608,-27.064016859093957,0.623729454825116,0.33874770257306686,0.0837955918545627,3.499308301392784e-05,43.25994539633062,69.7205195644776,4.589719241671953,2.142656809837852,nan
165.41,220.59417724609375,-213.4119873046875,-27.065473556518555,220.85066909538716,-213.9803840178482,-27.06587960989411,0.623588852662697,0.3387910336638883,0.08382134662754921,3.569779661262542e-05,43.13026589983362,68.75265993096248,nan,nan,nan
165.42000000000002,220.6025390625,-213.4036407470703,-27.06724739074707,220.85867145940648,-213.97203209388454,-27.06636622470022,0.6234366883108082,0.3388344494217745,0.08384716780071252,3.500058707496728e-05,43.01590359060987,69.58434438180265,nan,1.2693890628864057,nan
165.43,220.61090087890625,-213.39529418945312,-27.068988800048828,220.8666602532149,-213.9636774770697,-27.068145516167558,0.6232761268621402,0.33887795028861684,0.08387305552915032,3.570568213945139e-05,42.881995812683606,69.44230425691751,nan,nan,nan
165.44,220.61924743652344,-213.38693237304688,-27.07069206237793,220.87465414045215,-213.95532371707617,-27.069391484347495,0.6231396279184707,0.33892153612056913,0.08389900994660318,3.500823032840716e-05,42.780587221068764,68.58317790455419,nan,0.17590183519966482,nan
165.45000000000002,220.6276092529297,-213.3785858154297,-27.072364807128906,220.87250719466263,-213.93945405882835,-27.071194915011215,0.6120045399878146,0.33885905376796727,0.08388699332943356,3.569168673071502e-05,42.23014869854633,69.51096024607138,1.9139350135412672,nan,nan
165.46,220.63595581054688,-213.3702392578125,-27.07400131225586,220.88046106044715,-213.93107766754284,-27.075296766592814,0.6118204125881931,0.3389024636143999,0.08391291579439605,3.499482922557804e-05,42.107456592299144,69.74239828070469,nan,4.156674324159292,nan
165.47,220.64431762695312,-213.36187744140625,-27.075607299804688,220.88843832875003,-213.92270610769094,-27.076965024434365,0.6116580363149402,0.3389459584889118,0.08393890499294647,3.569980721223463e-05,41.983462145676256,68.19485534632057,nan,nan,nan
165.48,220.6526641845703,-213.35353088378906,-27.077178955078125,220.896423046781,-213.9143361298286,-27.077809511859588,0.6114910502154267,0.3389895382824196,0.08396496105819075,3.500269240041903e-05,41.81159296893575,69.51626159786788,nan,0.4434731396315324,nan
165.49,220.66102600097656,-213.3451690673828,-27.07872200012207,220.90440051456392,-213.90596439003684,-27.07940794156505,0.6113288953502712,0.3390332033847642,0.08399108414616421,3.5708047856865536e-05,41.68634444463014,67.97239929794058,nan,nan,nan
165.5,220.6693878173828,-213.33682250976562,-27.080232620239258,220.94525000903806,-213.89757896900878,-27.081031439797187,0.6249387117793554,0.33897074727695753,0.08397894362647139,3.498950254759302e-05,38.791411606120796,67.73883102958995,33.55121691849531,0.0005069550211271372,nan
165.51,220.677734375,-213.32847595214844,-27.08171272277832,220.95331101760928,-213.8891809771442,-27.082571333687742,0.6247666350086273,0.3390142361085487,0.08400503397257836,3.5694360313262205e-05,38.66164355129515,67.98786047492474,nan,nan,nan
165.52,220.68609619140625,-213.3201141357422,-27.08316421508789,220.96137511286267,-213.88078361778796,-27.083740607820346,0.6246031419423541,0.3390578098106074,0.08403119135970905,3.4997546734837874e-05,38.522714766967596,66.32853284662384,nan,0.08250733946024495,nan
165.53,220.69444274902344,-213.311767578125,-27.08458709716797,220.9694362388484,-213.87238546480495,-27.085220204192336,0.6244311292177146,0.33910146874211183,0.08405741594442481,3.5702784276226276e-05,38.393025922128764,67.75401692177354,nan,nan,nan
165.54,220.7028045654297,-213.30340576171875,-27.085981369018555,220.9775076175187,-213.86398977686042,-27.085444921606854,0.6242727710185731,0.33914521284021576,0.08408370785905313,3.500568574162771e-05,38.262996688536376,66.11924613336802,nan,1.0632302954741935,nan
165.55,220.71116638183594,-213.29505920410156,-27.08734703063965,220.9897756865156,-213.8580310003272,-27.086907442479387,0.6281405744237178,0.3390827819308705,0.08407144055903286,3.568927369780677e-05,38.30483357259721,67.14832763546458,0.2891566227383228,nan,nan
165.56,220.71951293945312,-213.2866973876953,-27.088687896728516,220.99785234908887,-213.849639739398,-27.087167957855804,0.6279962010323713,0.33912634948274123,0.0840976989289324,3.49927300515742e-05,38.23800388602914,66.21926691827757,nan,0.8965054170509698,nan
165.57,220.72787475585938,-213.27835083007812,-27.09000015258789,221.00592016280746,-213.84124597679698,-27.08851783952615,0.6278235355389142,0.3391700021852775,0.08412402466784896,3.569784533499871e-05,38.10500862787375,67.01710621700333,nan,nan,nan
165.58,220.73623657226562,-213.26998901367188,-27.091285705566406,221.01397527207328,-213.83284856471505,-27.09149633299151,0.6276541276334319,0.33921374000286175,0.0841504179076942,3.5001007391020615e-05,37.91923077103339,65.70925651365124,nan,1.9313967644344021,nan
165.59,220.7445831298828,-213.2616424560547,-27.092546463012695,221.0220433784924,-213.82445452974522,-27.092812669064042,0.6274883988696569,0.33925756325368017,0.0841768788056465,3.570649697599204e-05,37.790882219823594,67.1056959425467,nan,nan,nan
165.6,220.75294494628906,-213.25328063964844,-27.093782424926758,221.04945327438202,-213.83001510771496,-27.09392401406391,0.6484904435162739,0.3391951560507267,0.08416448182800111,3.498818628677881e-05,38.60309552583387,65.21124433388468,5.311056230609084,0.04942866844476424,nan
165.61,220.7613067626953,-213.24493408203125,-27.095102310180664,221.0575453118173,-213.82165132467992,-27.095245777556126,0.6483518154035482,0.3392388024604616,0.08419090836565142,3.569317444881176e-05,38.476597131389724,66.29235406190733,nan,nan,nan
165.62,220.7696533203125,-213.23658752441406,-27.096506118774414,221.06562880758295,-213.81328478095682,-27.097825270891367,0.6482152072662548,0.33928253393149754,0.08421740257192578,3.49965719704362e-05,38.39830855272498,66.62165803685855,nan,0.9714874259647257,nan
165.63,220.77801513671875,-213.2282257080078,-27.097991943359375,221.07372091152337,-213.8049206344812,-27.099327514888834,0.6480900610441775,0.3393263507581695,0.08424396460430947,3.570193602461049e-05,38.275421497651074,65.01552358107769,nan,nan,nan
165.64000000000001,220.786376953125,-213.21986389160156,-27.099557876586914,221.0818185401377,-213.7965581888749,-27.100139180521317,0.6479678863635533,0.33937025294061657,0.08427059459425676,3.5005019175367655e-05,38.11234473880635,64.91862974377446,nan,0.4220741444784807,nan
165.65,220.7947235107422,-213.21151733398438,-27.101205825805664,221.1076681474644,-213.78673089018395,-27.10181701988684,0.6548323101735021,0.3393078682893866,0.08425806507292509,3.5688721906484e-05,36.38524929164049,65.80108832593027,11.326183021302036,nan,nan
165.66,220.80308532714844,-213.20315551757812,-27.10293197631836,221.11579931542371,-213.7783461646853,-27.10477105463471,0.6547042853011256,0.33935159334234066,0.08428465987420244,3.4992333228017635e-05,36.34872421193216,64.24170769925392,nan,1.041002762968141,nan
165.67000000000002,220.8114471435547,-213.19480895996094,-27.104738235473633,221.1239387258916,-213.76996409000742,-27.1066031815254,0.6545669489624365,0.3393954036737368,0.08431132266619869,3.56975662764175e-05,36.22460562851751,65.28655930754371,nan,nan,nan
165.68,220.81979370117188,-213.1864471435547,-27.10662078857422,221.13328751102043,-213.76068812898433,-27.109603795571612,0.65424764156343,0.3384633429721623,0.08381387208601182,3.5000606865898886e-05,50.04493860367622,78.3725897957982,nan,0.8370213539950894,0.001516099673119084
165.69,220.82815551757812,-213.1781005859375,-27.10858154296875,221.14142827467242,-213.7523037754021,-27.111603960312696,0.6541087510004707,0.3385054658459152,0.08383800682963784,3.570620403399612e-05,49.873256864653754,79.01825003129638,nan,nan,nan
165.70000000000002,220.83651733398438,-213.16973876953125,-27.11061668395996,221.1122228270691,-213.7233763228634,-27.11393544689224,0.618497432140268,0.338440403634553,0.0838268428651718,3.498800841347129e-05,49.23910608729964,78.50142772603333,13.22532173558927,0.04907687700212334,nan
165.71,220.84486389160156,-213.16139221191406,-27.112728118896484,221.12030793915253,-213.7149537049016,-27.116091278057098,0.6183130765958227,0.33848235425623796,0.08385095210641161,3.5693099540986367e-05,49.066646079200545,79.90268228826378,nan,nan,nan
165.72,220.8532257080078,-213.1530303955078,-27.114912033081055,221.12837480326806,-213.7065383937024,-27.119242208596532,0.6181398540038566,0.3385243878717365,0.08387512286265249,3.499659761347712e-05,49.116645887741186,78.49077479718738,nan,0.5973518741168935,nan
165.73,220.86158752441406,-213.14468383789062,-27.117170333862305,221.13645962032524,-213.69811587489582,-27.121557090555207,0.6179489722692363,0.33856650572075264,0.0838993554540882,3.5702059990820286e-05,48.94791915468288,79.54089520557042,nan,nan,nan
165.74,220.86993408203125,-213.13632202148438,-27.11949920654297,221.14454340926696,-213.6896938563806,-27.123996893490787,0.6177790053482949,0.33860870687876526,0.08392364985261769,3.5005224160864425e-05,48.817116778540324,78.64144577711232,nan,0.0018650329118753018,nan
165.75,220.8782958984375,-213.1279754638672,-27.12190055847168,221.11376142783354,-213.65819533223367,-27.126453577945743,0.5801705390061289,0.3385437156756,0.08391239940572272,3.5689014500256e-05,47.7377093932813,80.27172221720379,15.358794312167406,nan,nan
165.76,220.88665771484375,-213.11961364746094,-27.124364852905273,221.12180310810885,-213.64972251461063,-27.128375337301446,0.5799352127519254,0.33858574446067974,0.0839366677442544,3.4992689438560014e-05,47.44861456610293,78.76020046539739,nan,0.2611284037814947,nan
165.77,220.89500427246094,-213.11126708984375,-27.1268367767334,221.1298331781399,-213.64125442638996,-27.13093488444453,0.5796964605106213,0.3386278573776196,0.08396099813668045,3.5698011123273034e-05,47.28686238174814,80.18099549848824,nan,nan,nan
165.78,220.9033660888672,-213.1029052734375,-27.12928581237793,221.13789056099807,-213.63277523457603,-27.131981705639724,0.5794576529701694,0.3386700536031215,0.08398539056876067,3.50013506523637e-05,46.8569818507857,78.2501042071172,nan,1.6024288408084697,nan
165.79,220.91172790527344,-213.0945587158203,-27.13170051574707,221.1459201772053,-213.62430739001306,-27.134492968907033,0.5792128070374787,0.3387123342249571,0.08400984534076399,3.5707037115309736e-05,46.697726372915355,79.33680472502814,nan,nan,nan
165.8,220.92007446289062,-213.08619689941406,-27.134075164794922,221.16110001749112,-213.61845298090114,-27.136833256820193,0.5842922738853178,0.3386474120542755,0.08399850551958131,3.498885486807428e-05,46.4368102248377,78.1171691140867,2.235684985106933,0.07472066694006657,nan
165.81,220.92843627929688,-213.07785034179688,-27.13640594482422,221.16914342960516,-213.60998793477305,-27.139266855192815,0.5840535376796745,0.33868952012376724,0.08402293364936186,3.569402999772539e-05,46.279642785313335,78.91659274839549,nan,nan,nan
165.82,220.93678283691406,-213.06948852539062,-27.13869285583496,221.1772126382839,-213.60151218211175,-27.14015643763512,0.5838302859301969,0.3387317114972575,0.0840474240475481,3.49975341580475e-05,45.94471731573005,77.67604500263899,nan,1.5907715795275539,nan
165.83,220.9451446533203,-213.06114196777344,-27.140933990478516,221.18525572192686,-213.5930472203411,-27.142488090311755,0.58359141375002,0.3387739871693698,0.08407197700124096,3.570307532142783e-05,45.78307478922461,78.46465020966231,nan,nan,nan
165.84,220.95350646972656,-213.05279541015625,-27.143131256103516,221.19329694828158,-213.5845831979956,-27.144881511495548,0.5833530563000998,0.3388163464566342,0.08409659251517283,3.5006234209047965e-05,45.63538005245513,78.34604802066393,nan,0.00782900339994496,nan
165.85,220.96185302734375,-213.04443359375,-27.14528465270996,221.21953140705244,-213.58566599554086,-27.147161053104544,0.5994448940445203,0.3387514932166461,0.08408516072599885,3.569009365426067e-05,45.748930645734376,76.89557932261984,3.1371055257112754,nan,nan
165.86,220.97021484375,-213.0360870361328,-27.14739418029785,221.22758125919162,-213.57722714785302,-27.15066694023251,0.5992335131377601,0.3387936798107302,0.08410974900625383,3.49937535760876e-05,45.7900711978295,77.9103284023697,nan,1.1956782758167375,nan
165.87,220.9785614013672,-213.02772521972656,-27.149463653564453,221.23565244989908,-213.56877940947064,-27.152843343578795,0.5990382840682522,0.33883595060801,0.08413440005440283,3.569914365870577e-05,45.63985879308664,76.84220964611298,nan,nan,nan
165.88,220.98692321777344,-213.01937866210938,-27.151491165161133,221.24371174383816,-213.5603364843172,-27.155718588023674,0.5988268394372239,0.33887830501022104,0.0841591138875946,3.50024592738835e-05,45.66510131697223,77.82651266406523,nan,0.3860396206558241,nan
165.89000000000001,220.99526977539062,-213.01101684570312,-27.153478622436523,221.25178274463224,-213.55188857030814,-27.157822027367818,0.5986317658066143,0.33892074388407395,0.0841838907749922,3.5708209045778115e-05,45.519669529749,76.80982210525,nan,nan,nan
165.9,221.00363159179688,-213.00267028808594,-27.155426025390625,221.27495516817928,-213.55297289079581,-27.160203016792494,0.6135733511953191,0.33885595774481103,0.08417236412574551,3.498999158622619e-05,46.06256045838628,77.44256065097812,3.1319859509610204,0.02742232051140158,nan
165.91,221.01199340820312,-212.9943084716797,-27.15733528137207,221.28304624288614,-213.54454466247023,-27.162233643093945,0.6133950593157271,0.3388982237343122,0.08419711316478527,3.5695224991258313e-05,45.92245174004561,76.09415632514909,nan,nan,nan
165.92000000000002,221.0203399658203,-212.9859619140625,-27.159204483032227,221.2911421172071,-213.53611431571548,-27.163912182123678,0.6132076586858574,0.33894057331454186,0.08422192520983772,3.499869104361882e-05,45.71893202802142,77.57026675673112,nan,0.06981134208753975,nan
165.93,221.02870178222656,-212.9776153564453,-27.161039352416992,221.2992331936547,-213.52768575323643,-27.165865272938248,0.6130154773772872,0.3389830072747409,0.08424680051843729,3.570428556325395e-05,45.575426640251585,77.02516476159566,nan,nan,nan
165.94,221.03704833984375,-212.96925354003906,-27.1628360748291,221.30733026067742,-213.51925454544354,-27.167377655422257,0.6128409652020355,0.33902552513296846,0.08427173912456594,3.500740057210558e-05,45.35188300391504,76.0142407647098,nan,0.11570568289833252,nan
165.95000000000002,221.04541015625,-212.96090698242188,-27.164596557617188,221.30361753058477,-213.49942922593496,-27.169259429075126,0.5972428294165266,0.33896080569491266,0.08426011496218279,3.5691305617186934e-05,44.09059332212198,76.9710921364941,4.808046163495222,nan,nan
165.96,221.0537567138672,-212.95254516601562,-27.166322708129883,221.3116966048198,-213.4909739793391,-27.171528037355724,0.5970474602691993,0.3390031505085874,0.0842850250956074,3.499491707486913e-05,44.095273792929525,76.08873103204982,nan,0.12777487971072138,nan
165.97,221.06211853027344,-212.94419860839844,-27.168014526367188,221.3197818065281,-213.48251602223365,-27.173341668037857,0.5968286022024311,0.3390455796126558,0.08430999869876017,3.570035099349988e-05,43.954296575445575,76.874341657422,nan,nan,nan
165.98,221.0704803466797,-212.9358367919922,-27.1696720123291,221.32787512094336,-213.47405457261672,-27.174533389855185,0.5966188751540624,0.3390880925951986,0.08433503581643652,3.500361409957734e-05,43.6765824856693,75.37337188187666,nan,0.24483180952049896,nan
165.99,221.07882690429688,-212.927490234375,-27.171297073364258,221.3359602652226,-213.46559654975601,-27.17627577232386,0.5964065386942254,0.3391306901403189,0.0843601366904814,3.5709403128354415e-05,43.533402949757054,76.8648886893544,nan,nan,nan
166.0,221.08718872070312,-212.91912841796875,-27.172889709472656,221.33087168397344,-213.4470813019414,-27.176545501612395,0.5814886061647467,0.3390660356860455,0.08434841212552983,3.499112777547996e-05,42.38972713185944,75.10670573115047,3.311357135071687,1.6739996177155942,nan
166.01,221.0955352783203,-212.91078186035156,-27.174449920654297,221.33894349639644,-213.4386001376863,-27.17821162648429,0.5812519633914063,0.33910845998387473,0.08437348388075704,3.5696396009739254e-05,42.24257431578517,76.64703969785215,nan,nan,nan
166.02,221.10389709472656,-212.9024200439453,-27.175979614257812,221.34702679341413,-213.43011407721494,-27.178982749827767,0.5810181253244376,0.339150968136896,0.08439861936366976,3.4999803958500265e-05,41.94728892851405,74.72648081199824,nan,0.5277119649056607,nan
166.03,221.11224365234375,-212.89407348632812,-27.177478790283203,221.3550990286269,-213.4216327222623,-27.180579883009056,0.5807814545809658,0.3391935607663161,0.08442381880612403,3.570542900202141e-05,41.79826605806817,76.24607556161884,nan,nan,nan
166.04,221.12060546875,-212.88571166992188,-27.1789493560791,221.36318480221007,-213.41314539009412,-27.18107554225471,0.5805476577028925,0.33923623755468374,0.08444908226743418,3.5008483988322544e-05,41.50241293733385,74.32189925168872,nan,0.8116358622427075,nan
166.05,221.12896728515625,-212.8773651123047,-27.180389404296875,221.38682916917244,-213.4105730430874,-27.18246586285448,0.5922902669790381,0.3391716474306253,0.08443725459779514,3.569241382558348e-05,41.112229050971415,75.08177066021213,3.648270686211808,nan,nan
166.06,221.13731384277344,-212.86900329589844,-27.181800842285156,221.3949316457793,-213.40209792207975,-27.18393942383063,0.5920822463306841,0.3392141507928821,0.08446248828406144,3.49959641477596e-05,40.96579737616647,74.05789130784632,nan,0.0004232507783405717,nan
166.07,221.1456298828125,-212.86065673828125,-27.183183670043945,221.40301046944182,-213.39362280628276,-27.185409794400485,0.5918636258837842,0.3392567385471799,0.08448778612989973,3.570142045497446e-05,40.81436678415041,74.83298888244947,nan,nan,nan
166.08,221.15382385253906,-212.852294921875,-27.184539794921875,221.41101456963202,-213.38514701248232,-27.186766365924537,0.5916784371952472,0.3392994104322253,0.08451314820378727,3.5004621640538286e-05,40.656752964394414,73.8403026078442,nan,0.005335857879487437,nan
166.09,221.16189575195312,-212.8439483642578,-27.185867309570312,221.41889877239694,-213.37667128762433,-27.188182716937416,0.5914808760295579,0.3393421669848863,0.08453857472423468,3.57104292023111e-05,40.501978429446574,74.79557937852269,nan,nan,nan
166.1,221.16983032226562,-212.83558654785156,-27.187170028686523,221.44989747719512,-213.38071565425608,-27.187884294769436,0.612865290333632,0.33927763955562446,0.08452664106562133,3.499209073168296e-05,40.57132780894019,72.57771428799118,5.589596250390524,2.286473135649032,nan
166.11,221.17759704589844,-212.82723999023438,-27.188446044921875,221.45753059856654,-213.37226171612988,-27.189233922226702,0.6127088185738391,0.3393202224679591,0.08455203713450542,3.569737385097311e-05,40.4102882674141,74.23944765862521,nan,nan,nan
166.12,221.1852264404297,-212.81887817382812,-27.189697265625,221.46501483342075,-213.363806545351,-27.190422397718518,0.6125593854963327,0.3393628894794323,0.08457749763682253,3.5000719920676964e-05,40.248749581830936,72.49994313187639,nan,0.01313424273769813,nan
166.13,221.1927032470703,-212.81051635742188,-27.1909236907959,221.47234721790198,-213.3553514247599,-27.19172165688846,0.6124105140946082,0.33940564107710136,0.08460302278273434,3.57063563126842e-05,40.09260525760362,72.47660287237252,nan,nan,nan
166.14000000000001,221.2000274658203,-212.8021697998047,-27.19212532043457,221.47952061433475,-213.34689996064083,-27.193957355824153,0.6122505406651308,0.33944847707451065,0.08462861265289798,3.5009349980365235e-05,40.00875675885485,73.91756388550529,nan,0.6504952212403343,nan
166.15,221.20721435546875,-212.79380798339844,-27.19330406188965,221.4937069177849,-213.33232321973523,-27.19514214104206,0.6099836281116975,0.33938401147280567,0.08461657026448051,3.569328735222261e-05,38.11068533029868,72.14969798333453,11.133959387279358,nan,nan
166.16,221.21424865722656,-212.7854461669922,-27.1944580078125,221.50062345257922,-213.32384300593785,-27.19731021349592,0.609827692612605,0.33942667363328344,0.08464212899603803,3.4996777415374455e-05,38.08967598897818,72.55729193820162,nan,0.6112540374360143,nan
166.17000000000002,221.22129821777344,-212.77708435058594,-27.195697784423828,221.50748654951235,-213.31535733372564,-27.198589419264117,0.6096309762091077,0.33946942030003224,0.08466775256508634,3.570223854328671e-05,37.94010358654524,72.58471321601587,nan,nan,nan
166.18,221.22837829589844,-212.7687225341797,-27.197021484375,221.51439194857636,-213.30685881813122,-27.197337745108793,0.6094215040874267,0.3395122513305001,0.08469344105983614,3.500538071099305e-05,37.55897378100853,71.94348878642553,nan,4.833843367657769,nan
166.19,221.23545837402344,-212.76036071777344,-27.198429107666016,221.52128773271968,-213.29837070487005,-27.198761790921644,0.6092235051166003,0.3395551671457938,0.08471919467940976,3.5711190042087546e-05,37.408272011993674,72.35342617493164,nan,nan,nan
166.20000000000002,221.24256896972656,-212.7519989013672,-27.199920654296875,221.53055045742602,-213.29934587133704,-27.20073027462653,0.618484194040435,0.3394907617913119,0.0847070406843921,3.499279413517766e-05,38.92549748035108,71.8859618967876,7.207897873823538,0.1309287483200025,nan
166.21,221.24969482421875,-212.74362182617188,-27.201492309570312,221.53746445161278,-213.29088510743122,-27.202326271163436,0.6183115339027598,0.3395335035440135,0.08473276245946662,3.5698076205440324e-05,38.780836754353494,70.6748801844407,nan,nan,nan
166.22,221.25682067871094,-212.73526000976562,-27.203144073486328,221.54439487665823,-213.28242299321346,-27.203919996476436,0.6181317431074461,0.33957632962135526,0.0847585493579223,3.5001366669773434e-05,38.62914026444603,72.34154264668197,nan,0.005041037915456725,nan
166.23,221.26397705078125,-212.72689819335938,-27.204875946044922,221.5513399946298,-213.27396017617613,-27.20567842568494,0.6179441063027361,0.33961924040602604,0.08478440157209577,3.570699928456014e-05,38.482218525439436,71.88253248497523,nan,nan,nan
166.24,221.27114868164062,-212.71852111816406,-27.20668601989746,221.55830907871683,-213.26549243574595,-27.206534180950914,0.6177691631680088,0.3396622358132153,0.08481031920013068,3.500993934619229e-05,38.32024528801089,70.5805141519121,nan,0.6814977311173283,nan
166.25,221.2783203125,-212.7101593017578,-27.208576202392578,221.58452470718424,-213.2727521280349,-27.208405603673526,0.6405246666650074,0.33959788966137094,0.08479805082911258,3.5693870813396685e-05,39.48973349226396,71.86064296271064,6.953820921393268,nan,nan
166.26,221.2855224609375,-212.7017822265625,-27.210540771484375,221.59151851811004,-213.2643297682061,-27.212172746452982,0.6403873725774808,0.3396407107924565,0.08482393589589297,3.4997309530871485e-05,39.421811980548995,70.32377352988416,nan,2.2415797885343074,nan
166.27,221.292724609375,-212.69342041015625,-27.212581634521484,221.59854228890845,-213.2558996076508,-27.21425342860377,0.6402422163718925,0.33968361655452417,0.08484988646614089,3.5702761978033145e-05,39.27687705378088,71.9252094701462,nan,nan,nan
166.28,221.29995727539062,-212.68504333496094,-27.214698791503906,221.6055869456487,-213.24746573094527,-27.215633784730038,0.6401010241041192,0.33972660689615136,0.084875902644051,3.500585514631854e-05,39.08107309980352,70.08682739581175,nan,0.42591182670340577,nan
166.29,221.30718994140625,-212.67666625976562,-27.216888427734375,221.61263962773592,-213.23903412600302,-27.21785874065847,0.6399672408510162,0.3397696821498595,0.08490198461308816,3.571165353851576e-05,38.93901911775179,70.47822523763196,nan,nan,nan
166.3,221.314453125,-212.66830444335938,-27.219152450561523,221.61076415232844,-213.22378166169884,-27.219076901887604,0.6295674473145713,0.3397053936526021,0.08488959899913309,3.499321188624743e-05,38.38493386284933,71.2564996957104,1.2349572549813936,0.8073804049209843,nan
166.31,221.32171630859375,-212.65992736816406,-27.22148895263672,221.61783523030914,-213.21533373455335,-27.221439283774792,0.6294145296151317,0.3397482943931143,0.08491564767268912,3.569848099538563e-05,38.24219123599618,70.31064427601277,nan,nan,nan
166.32,221.32899475097656,-212.65155029296875,-27.223892211914062,221.62492095078085,-213.20688496337795,-27.223760634239024,0.6292606210480514,0.3397912796675258,0.08494176214399002,3.500172757907747e-05,38.100480076087656,70.23593374444386,nan,0.008867217720374956,nan
166.33,221.33628845214844,-212.64317321777344,-27.22630500793457,221.63201947833767,-213.1984360446266,-27.226232596320006,0.6291054378872676,0.3398343497795792,0.08496794259114629,3.570734527507015e-05,37.95847278482855,70.12014000335128,nan,nan,nan
166.34,221.34359741210938,-212.63479614257812,-27.228700637817383,221.63914222361174,-213.1899815293612,-27.227186830207877,0.6289513819977872,0.3398775047211243,0.08499418912621547,3.50102441368437e-05,37.88264510504158,69.98494354789462,nan,1.617735565251178,nan
166.35,221.35092163085938,-212.6264190673828,-27.231060028076172,221.6437855235911,-213.18151850226948,-27.22959024239258,0.6276199507245128,0.3398132726884545,0.08498168348110192,3.569415995096459e-05,38.03979757386446,70.00206442343902,0.23477597211228737,nan,nan
166.36,221.35824584960938,-212.6180419921875,-27.233381271362305,221.65091227030214,-213.17307192640538,-27.232673565622633,0.6274650289270628,0.3398562528872766,0.08500789597535717,3.499756023394175e-05,37.85236455272118,70.1895966603887,nan,0.33757163043468946,nan
166.37,221.3656005859375,-212.6096649169922,-27.235660552978516,221.65805662571586,-213.16462254611,-27.235032361158833,0.6273028773597822,0.3398993178501108,0.08503417462704116,3.570299436577387e-05,37.70978885217068,69.60176533063847,nan,nan,nan
166.38,221.37295532226562,-212.60128784179688,-27.23789405822754,221.66521356511277,-213.1561728258168,-27.237378575217257,0.6271463080698438,0.3399424675934207,0.08506051955291134,3.5006051892751553e-05,37.566290804745826,69.94087885372664,nan,0.0006049573281871573,nan
166.39000000000001,221.3803253173828,-212.59291076660156,-27.24008560180664,221.67238327579045,-213.14772242699706,-27.23965327999584,0.6269880513073587,0.33998570238395365,0.08508693092416639,3.571183043531216e-05,37.42449820369522,69.73149069202357,nan,nan,nan
166.4,221.38771057128906,-212.58453369140625,-27.242233276367188,221.65496079273754,-213.12242406945495,-27.242245881804216,0.6006236257595365,0.33992152528157343,0.08507430239333084,3.499335723328205e-05,36.45710102473555,70.10504328743932,9.192473284520755,0.01621266344277228,nan
166.41,221.39511108398438,-212.57615661621094,-27.244338989257812,221.66212425843744,-213.11393698747307,-27.244441844185996,0.600419664589257,0.33996458508088323,0.08510067896226076,3.5698605181820126e-05,36.31890054764554,69.92023680370961,nan,nan,nan
166.42000000000002,221.4025115966797,-212.56777954101562,-27.246402740478516,221.66929221266344,-213.1054529697192,-27.247875328199893,0.6002222767551483,0.34000772960929426,0.08512712198799212,3.500182178243033e-05,36.24142913385709,70.21671142638291,nan,1.1543288949959136,nan
166.43,221.40992736816406,-212.5594024658203,-27.248424530029297,221.67647967973937,-213.09696485332105,-27.250002319136957,0.6000216201772295,0.3400509591127059,0.08515363163763406,3.5707417045589607e-05,36.11077080856456,70.04427633081829,nan,nan,nan
166.44,221.4173583984375,-212.55101013183594,-27.250408172607422,221.68367493695465,-213.08847819730275,-27.25277924401963,0.5998350123692617,0.3400942736389448,0.08518020803396817,3.501028876224742e-05,36.06660005074687,68.6007734270238,nan,0.33575791113968245,nan
166.45000000000002,221.4248046875,-212.54263305664062,-27.252349853515625,221.69984515151822,-213.076815727581,-27.254882423145844,0.6008367471196097,0.34003015015894694,0.0851674538195938,3.569418249193763e-05,34.74523694953433,69.61331561119263,6.187013094748314,nan,nan
166.46,221.43226623535156,-212.5342559814453,-27.254253387451172,221.70709796939028,-213.06830886851156,-27.256740461804764,0.6006256352815501,0.3400732894492992,0.08519399464085009,3.499755842871276e-05,34.60572212707794,69.35784612911185,nan,0.01802020405713473,nan
166.47,221.43972778320312,-212.52587890625,-27.256120681762695,221.71436134532868,-213.05980200627488,-27.258719267921084,0.6004200386695735,0.34011651364291945,0.08522060226137522,3.570296804290478e-05,34.48105422623997,69.517184808262,nan,nan,nan
166.48,221.44720458984375,-212.51748657226562,-27.257949829101562,221.7216341367601,-213.051295744067,-27.261027303415958,0.6002276892714442,0.34015982280512885,0.08524727680747675,3.50060040192554e-05,34.42877523146686,68.10962119521791,nan,0.09439492841445389,nan
166.49,221.45469665527344,-212.5091094970703,-27.259740829467773,221.72892006063506,-213.0427883372193,-27.262937511614712,0.6000181657646997,0.34020321715552226,0.08527401844106308,3.571175713160743e-05,34.308876347100984,69.2413427551661,nan,nan,nan
166.5,221.46218872070312,-212.50071716308594,-27.261497497558594,221.7616008578191,-213.05745184611726,-27.264842220966614,0.6321489716174673,0.3401391457629831,0.0852611357036903,3.4993266706663457e-05,36.18509881041051,67.81625200899491,15.113784996985627,0.000772576792947317,nan
166.51,221.46969604492188,-212.49234008789062,-27.263219833374023,221.76892987329,-213.04899828234065,-27.2666839804535,0.6319978083848041,0.34018236461763685,0.08528784097446232,3.5698488513491584e-05,36.06688174352885,68.7914372203323,nan,nan,nan
166.52,221.4772186279297,-212.4839630126953,-27.264907836914062,221.77626961679417,-213.04054432484386,-27.26849202722524,0.6318442034188598,0.3402256684149155,0.08531461335332179,3.641801341485008e-05,35.949570983770755,68.5814047453594,nan,nan,nan
166.53,221.48475646972656,-212.47557067871094,-27.26656150817871,221.78362013098393,-213.03208991749648,-27.27026708683725,0.6317015770692621,0.3402690572993193,0.08534145298476892,3.715198591093894e-05,35.83589073513058,67.15807606115061,nan,nan,nan
166.54,221.49227905273438,-212.46719360351562,-27.26818084716797,221.790967958161,-213.02363636821818,-27.27259015463908,0.631556058166767,0.34031253138599854,0.08536836000618658,3.636898969033192e-05,35.86688811389114,68.6197098319118,nan,0.21984562687372713,nan
166.55,221.4997100830078,-212.45880126953125,-27.2697696685791,221.79531633493139,-213.005815765602,-27.274260370780727,0.6217942436964956,0.34024851067846534,0.0853553459470021,3.707786299923503e-05,34.4865454086097,67.53283567157932,5.316095392434022,nan,nan
166.56,221.5070343017578,-212.45040893554688,-27.27132797241211,221.80253256021743,-212.9973336540189,-27.27652687863336,0.6216694435584353,0.3402918090106996,0.08538221580666007,3.6298585201171325e-05,34.551913800383645,67.42535522550178,nan,0.2217197564321743,nan
166.57,221.5142364501953,-212.44203186035156,-27.272851943969727,221.80963061164078,-212.98884971987488,-27.278187386566753,0.621527110476639,0.34033519239177656,0.08540915309567747,3.702897838080138e-05,34.43848071557344,68.54502475851339,nan,nan,nan
166.58,221.52130126953125,-212.4336395263672,-27.274349212646484,221.81659667678454,-212.98036548350947,-27.27995204434348,0.6214016748296233,0.34037866091690067,0.08543615794641447,3.625236712107228e-05,34.40054210336667,67.19992082315319,nan,0.011781670833493888,nan
166.59,221.52822875976562,-212.42526245117188,-27.275814056396484,221.82342801855697,-212.971880375706,-27.28155499342489,0.6212621959937079,0.34042221477689694,0.08546323051489876,3.6981541085242174e-05,34.28849304355059,68.52034430432464,nan,nan,nan
166.6,221.5350341796875,-212.4168701171875,-27.277250289916992,221.8747183077257,-212.98855738206777,-27.28325345724295,0.6650170476651617,0.34035824320658603,0.08545008231215523,3.6185014847899494e-05,34.99931540143544,66.29740712099202,19.09327097831011,0.021294539399170094,nan
166.61,221.54168701171875,-212.40847778320312,-27.278657913208008,221.88134628181345,-212.98011685127733,-27.284800826038186,0.6649641939894577,0.3404016210407838,0.08547711690593052,3.691212461855557e-05,34.89145677785039,66.83107502746671,nan,nan,nan
166.62,221.5482177734375,-212.40008544921875,-27.280038833618164,221.88784101319874,-212.97167518061067,-27.286320828677802,0.6649046769880181,0.34044508397695183,0.08550421923426074,3.765373630119587e-05,34.784186906624434,66.41912903446467,nan,nan,nan
166.63,221.5546112060547,-212.39169311523438,-27.281391143798828,221.89420479986708,-212.96323207816891,-27.287813931460846,0.6648472360716096,0.3404886321595903,0.08553138944164611,3.8409994396020385e-05,34.676865306695596,66.70136406322737,nan,nan,nan
166.64000000000001,221.56088256835938,-212.38330078125,-27.282716751098633,221.90044596050578,-212.9547846754213,-27.287496218392082,0.6647706235167012,0.3405322657160749,0.08555862766808361,3.754647659318904e-05,34.07879427695063,65.99644502903047,nan,1.9485482304504982,nan
166.65,221.56703186035156,-212.37490844726562,-27.284015655517578,221.91409193304872,-212.95127648179746,-27.28878160224273,0.6728101660489688,0.3404683418084948,0.0855453425307643,3.827473822848302e-05,34.23986895415202,65.7519141699981,1.3860026380637118,nan,nan
166.66,221.5730438232422,-212.36651611328125,-27.285287857055664,221.92009295081192,-212.94283693792852,-27.288543377838405,0.6727550730277604,0.34051179906706236,0.08557254195849953,3.741864345011293e-05,33.79705298601273,65.92941113619696,nan,1.645079316564717,nan
166.67000000000002,221.57894897460938,-212.3581085205078,-27.286537170410156,221.92596803830298,-212.93439833533324,-27.289898392476236,0.6727135193023057,0.3405553415209038,0.08559980943295899,3.8168284112184975e-05,33.681005382740835,64.21957982676587,nan,nan,nan
166.68,221.58473205566406,-212.34971618652344,-27.28775978088379,221.91908412916246,-212.91185811281724,-27.29186862182184,0.6540731892715365,0.33690667245548234,0.08103113935134662,3.731802469082415e-05,46.01767983387707,78.09990768950263,nan,0.250522702825935,0.04326295395629036
166.69,221.5904083251953,-212.34130859375,-27.288957595825195,221.92472955123137,-212.90340349474496,-27.293182046069706,0.6540177412598656,0.33695331765787234,0.08105019264873868,3.806506035497965e-05,45.85554583282812,76.61699144228857,nan,nan,nan
166.70000000000002,221.59596252441406,-212.33291625976562,-27.290132522583008,221.90711070368772,-212.88610921260548,-27.293717099539002,0.6347034596793525,0.3368940105666212,0.08104085098088368,3.719746361512139e-05,46.0986346775397,78.188547754518,5.570088065036074,0.40085677067068987,nan
166.71,221.60140991210938,-212.3245086669922,-27.291284561157227,221.91248876130226,-212.8776424903156,-27.294977676175193,0.6346185594655054,0.3369404630387862,0.08105990388205285,3.794110132403964e-05,45.934671379503634,76.84083963414186,nan,nan,nan
166.72,221.60675048828125,-212.31610107421875,-27.29241371154785,221.91778095170437,-212.86920475188737,-27.297221280654,0.6345760318105795,0.33698699872772103,0.0810790161497395,3.710393120490041e-05,46.02055453318523,77.04244684774429,nan,0.6331247140899302,nan
166.73,221.6119842529297,-212.3076934814453,-27.29351806640625,221.92294184782642,-212.8607347124664,-27.298448105719515,0.6344868275393298,0.3370336195528966,0.08109819088480344,3.7845263247598146e-05,45.86254469027994,77.14250953046361,nan,nan,nan
166.74,221.6171112060547,-212.29928588867188,-27.29460334777832,221.9280188141913,-212.85229059182905,-27.300581922274976,0.6344395052833535,0.33708032391104675,0.08111742533668231,3.70136821110049e-05,46.008688240188675,77.42883974482612,nan,0.5429171634782335,nan
166.75,221.62213134765625,-212.29086303710938,-27.295665740966797,221.94119053388366,-212.85053237912567,-27.30185947954004,0.6442568580205862,0.3370209406100047,0.08110807814966509,3.772868411147984e-05,46.600231579200376,76.4160707444511,2.2340554565079107,nan,nan
166.76,221.62705993652344,-212.28245544433594,-27.296707153320312,221.94603397705492,-212.84205171018505,-27.302254242973863,0.644145317058871,0.3370674519976393,0.08112731179420161,3.6903581704140696e-05,46.24145649309522,77.20527760618289,nan,0.38573260450357055,nan
166.77,221.6320343017578,-212.27403259277344,-27.297834396362305,221.95086642414924,-212.83359166539407,-27.303455474884586,0.6440433793964773,0.33711404840902165,0.08114660801584218,3.7639767481644314e-05,46.08271494207565,75.99954802125517,nan,nan,nan
166.78,221.6370391845703,-212.265625,-27.299049377441406,221.95572666271323,-212.8251114184767,-27.304116702146963,0.6439040603728514,0.3371607283503606,0.08116596431082093,3.681991222828565e-05,45.77168663566694,77.39076922633825,nan,0.25058241614971344,nan
166.79,221.64208984375,-212.2572021484375,-27.30034828186035,221.96064258656986,-212.81664733208711,-27.305485384260944,0.6438021072409456,0.3372074935779513,0.08118538341433057,3.755418305221757e-05,45.611895436707144,76.08116008734697,nan,nan,nan
166.8,221.64718627929688,-212.248779296875,-27.30173110961914,221.99311189670814,-212.8307975886875,-27.307000463944917,0.6770801953097615,0.3371480321745491,0.0811760246495158,3.6716600616731547e-05,47.728565056094006,75.82816490287443,21.98380774132357,0.012327416405874132,nan
166.81,221.65231323242188,-212.2403564453125,-27.303197860717773,221.99814441129416,-212.82239127938448,-27.308538597850188,0.6770467309030498,0.3371946041322003,0.08119544238548818,3.744815698586596e-05,47.57090009228086,76.13695363407986,nan,nan,nan
166.82,221.65748596191406,-212.23191833496094,-27.304746627807617,222.00319884188346,-212.81396071489067,-27.309344673507784,0.6769873480614406,0.3372412596142446,0.08121492054018871,3.663931613666298e-05,47.22716654505482,74.64709937473089,nan,0.4278628415987146,nan
166.83,221.66270446777344,-212.22349548339844,-27.30637550354004,222.00831083442344,-212.8055510057089,-27.311041049544478,0.6769447237704485,0.33728800027168093,0.08123446162067768,3.736920154011033e-05,47.070819793888056,75.65008110494912,nan,nan,nan
166.84,221.66795349121094,-212.21507263183594,-27.30808448791504,222.0134340941344,-212.79710507339908,-27.31153077694541,0.6768533718143032,0.3373348247677412,0.08125406346144678,3.6565101982659364e-05,46.65052847432248,75.64725113503494,nan,1.0720082289353225,nan
166.85,221.67323303222656,-212.20663452148438,-27.309873580932617,221.98050336090085,-212.77061919112384,-27.31343480808392,0.6422666461920388,0.33727528661170797,0.08124469227663417,3.726996863273963e-05,46.564726741179115,75.03644993591294,13.898432488701111,nan,nan
166.86,221.67855834960938,-212.19821166992188,-27.31174087524414,221.98569201156204,-212.76220615794682,-27.316515758237998,0.6422177732939021,0.33732191758854974,0.08126429228703883,3.647144741343851e-05,46.687150017740564,76.29472092072407,nan,0.8648275565328885,nan
166.87,221.68392944335938,-212.1897735595703,-27.31368637084961,221.99089378375353,-212.75376112592056,-27.318532840095095,0.6421312712642532,0.3373686336309268,0.08128395534420217,3.719740683575694e-05,46.53531828039798,74.87496255711731,nan,nan,nan
166.88,221.6893310546875,-212.18133544921875,-27.315706253051758,221.99609819656956,-212.74527227704533,-27.31899015379178,0.6419825613843931,0.3374154335027965,0.08130367949276174,3.640330201066887e-05,46.041359313012535,74.79707455703405,nan,1.7480808425306054,nan
166.89000000000001,221.69476318359375,-212.1728973388672,-27.31780433654785,222.00137378421513,-212.73682439156002,-27.3211463016778,0.6418994858255924,0.33746231870484694,0.08132346692800127,3.712791203882084e-05,45.886655376146614,74.88553887355535,nan,nan,nan
166.9,221.7002410888672,-212.16445922851562,-27.319974899291992,222.02536926001807,-212.74136866174382,-27.323404314482953,0.6622269873028017,0.3374027021430396,0.08131407775526141,3.631582466500116e-05,46.757308443816065,74.60194414753644,6.0299121682127295,0.0001735769321621214,nan
166.91,221.70574951171875,-212.15602111816406,-27.322219848632812,222.03074386550907,-212.73294965121275,-27.325712276766517,0.6621782685165407,0.3374493935221969,0.08133386276821293,3.703828105296301e-05,46.60527778107599,74.7026749800563,nan,nan,nan
166.92000000000002,221.71128845214844,-212.1475830078125,-27.324539184570312,222.03614700231643,-212.72452119387916,-27.327755298631725,0.6621186385752831,0.33749616871892046,0.08135370919313076,3.625350529227468e-05,46.4034537128373,74.71942150774707,nan,0.0755467114012161,nan
166.93,221.71685791015625,-212.13914489746094,-27.32686996459961,222.0415919582033,-212.71610001857397,-27.3301782889845,0.6620727745118433,0.3375430291380172,0.0813736190324348,3.697481200507117e-05,46.255950517437284,74.90805423828176,nan,nan,nan
166.94,221.72247314453125,-212.1306915283203,-27.329185485839844,222.04707745183646,-212.70768521765055,-27.332904466004294,0.6620449415723042,0.3375899736865853,0.08139359061710184,3.61939777726125e-05,46.18846574191034,73.42156761771145,nan,0.060724936301945386,nan
166.95000000000002,221.72811889648438,-212.12225341796875,-27.331470489501953,222.03846790643675,-212.69137253230835,-27.335469398587193,0.6482507736663197,0.3375302797964693,0.0813841820200111,3.689128083219705e-05,45.905927304962916,74.83361928078835,3.3153360674520758,nan,nan
166.96,221.7338104248047,-212.1138153076172,-27.333717346191406,222.043943775304,-212.6828741839958,-27.335360492626442,0.6480844079342089,0.33757703026382757,0.08140415066982128,3.611519103834691e-05,45.39145741422802,74.06669798150996,nan,4.079777677910096,nan
166.97,221.73951721191406,-212.10536193847656,-27.33592414855957,222.0495017627806,-212.67443347658303,-27.33767057522957,0.6480246039039812,0.33762386584695425,0.0814241828648455,3.683356613779477e-05,45.24538143633712,73.34845730822497,nan,nan,nan
166.98,221.74525451660156,-212.096923828125,-27.33808708190918,222.05507276967117,-212.66596796601652,-27.338901707085792,0.6479191650337174,0.3376707855437745,0.08144427711241599,3.60611180650923e-05,45.02356552429755,74.54801358975023,nan,0.7167016947472028,nan
166.99,221.75103759765625,-212.08847045898438,-27.340208053588867,222.06069651168738,-212.6575254700889,-27.341120281898924,0.6478526691020111,0.3377177906234293,0.0814644351529867,3.677860301500509e-05,44.875144697947526,72.94071647731461,nan,nan,nan
167.0,221.75685119628906,-212.08001708984375,-27.342288970947266,222.07693637206438,-212.6477588268646,-27.342427150431323,0.6517554900421827,0.33765801797027384,0.08145500197644563,3.598782141805734e-05,43.472434891871686,72.6716816319454,5.6506409270474345,0.4459571043467448,nan
167.01,221.7626953125,-212.0715789794922,-27.34432601928711,222.08264869400455,-212.63929710715306,-27.344555407487757,0.6516702321189008,0.3377048286612668,0.08147515645885414,3.6703604417780525e-05,43.316684429872765,73.93687073591998,nan,nan,nan
167.02,221.7685546875,-212.06312561035156,-27.346324920654297,222.0883764853393,-212.63081588780614,-27.345796953747037,0.6515815468831708,0.3377517234472604,0.08149537329109563,3.593893533750577e-05,43.16822911446903,73.10003657632676,nan,0.4797178230430523,nan
167.03,221.7744598388672,-212.05467224121094,-27.348281860351562,222.09415104916434,-212.62235228007648,-27.34783768711423,0.6515084755837873,0.3377987035117487,0.08151565405300833,3.66539886780193e-05,43.01274819555822,72.6765188015748,nan,nan,nan
167.04,221.7803955078125,-212.0462188720703,-27.350202560424805,222.0999110104409,-212.61383475245592,-27.34736563298561,0.6513723913730921,0.337845767980633,0.08153599749068002,3.5892527041615856e-05,43.078715088659656,72.7557104649627,nan,4.106331220822407,nan
167.05,221.78636169433594,-212.0377655029297,-27.352083206176758,222.12140474379854,-212.6072972925688,-27.349439658870285,0.660777793774194,0.33778591739615,0.08152653779676029,3.658434733934505e-05,41.878185640955465,72.62841355102903,6.131696803938927,nan,nan
167.06,221.7923583984375,-212.02931213378906,-27.353925704956055,222.12725517379278,-212.59876663271092,-27.348732578570203,0.6606521361861813,0.3378327872091277,0.08154687711602035,3.5826875816233446e-05,42.286986226657255,73.11126970850624,nan,4.595934422162662,nan
167.07,221.79837036132812,-212.02085876464844,-27.355731964111328,222.13318204541542,-212.59028971012452,-27.350576358901122,0.6605884087177473,0.3378797421975472,0.08156728050410901,3.653979224148485e-05,42.107704189877715,73.4778565333784,nan,nan,nan
167.08,221.80442810058594,-212.0124053955078,-27.35750389099121,222.1391403905489,-212.58181467518898,-27.352515911376287,0.6605180730153543,0.3379267815677075,0.08158774685281943,3.5785258068635774e-05,41.92344828885488,72.79959565333026,nan,0.0116018380905017,nan
167.09,221.81051635742188,-212.0039520263672,-27.35923957824707,222.1451253056382,-212.5733363591291,-27.35429094502549,0.6604439079830415,0.337973906382924,0.08160827752530182,3.649764985467492e-05,41.747584066319206,72.68572475714065,nan,nan,nan
167.1,221.81661987304688,-211.99549865722656,-27.360939025878906,222.14254190543835,-212.55995494375262,-27.352984920724378,0.6518430320144412,0.33791397662760264,0.08159878650107316,3.572438206637092e-05,42.61627757543135,74.230710260095,1.2466912269498625,5.874166662660438,nan
167.11,221.82275390625,-211.98704528808594,-27.362606048583984,222.14857007744408,-212.55146569399264,-27.354661674395697,0.651758916392172,0.33796090647601656,0.08161931240078843,3.643542842239684e-05,42.425521280374966,74.01881317883162,nan,nan,nan
167.12,221.82891845703125,-211.9785919189453,-27.364240646362305,222.15464442073312,-212.54299666102486,-27.357393780141237,0.6516878055391555,0.33800792068058105,0.08163990153677583,3.568727963362419e-05,41.85560774761125,73.43204468293918,nan,0.8031768339072529,nan
167.13,221.83511352539062,-211.97012329101562,-27.365840911865234,222.16072782216827,-212.53450607582926,-27.359016864914743,0.6516127421074358,0.33805502022947476,0.08166055514058847,3.6397927768300875e-05,41.673680095574575,72.13689496982775,nan,nan,nan
167.14000000000001,221.84132385253906,-211.961669921875,-27.36741065979004,222.1668478459819,-212.52602535987089,-27.36117328643671,0.6515380537841544,0.33810220444135114,0.08168127229987021,3.565232778695424e-05,41.33404195474286,73.41410109017205,nan,0.2168100325430145,nan
167.15,221.8475799560547,-211.95321655273438,-27.368947982788086,222.18068166533885,-212.51596475530445,-27.362809779813894,0.6539724503063086,0.3380421961290235,0.08167174759085534,3.634031430910423e-05,40.213269165278064,72.6987952424705,3.5214291671521853,nan,nan
167.16,221.85379028320312,-211.9447479248047,-27.370454788208008,222.18684283490833,-212.50746350586616,-27.364647215140245,0.6539163213069646,0.3380891850981577,0.08169245937156062,3.559803585998436e-05,39.97331542349424,71.99219546096742,nan,0.06112038030671849,nan
167.17000000000002,221.8599395751953,-211.93629455566406,-27.371932983398438,222.19294940413,-212.49895616803278,-27.36615882943412,0.653847824080243,0.33813625931217617,0.08171323576597521,3.630716873133447e-05,39.78998753227908,72.62869875503365,nan,nan,nan
167.18,221.86598205566406,-211.92782592773438,-27.373380661010742,222.19896067760882,-212.49043759294875,-27.367036708968634,0.6537942292763361,0.3381834181596476,0.08173407598008801,3.556720088420101e-05,39.8505200578434,71.90679444161157,nan,0.2501027645276085,nan
167.19,221.87191772460938,-211.91937255859375,-27.374797821044922,222.20487898170367,-212.4819290786434,-27.368485513551267,0.6537376248940163,0.3382306625241756,0.08175498106925773,3.627609361097707e-05,39.661791257809064,73.07751101996156,nan,nan,nan
167.20000000000002,221.87774658203125,-211.91090393066406,-27.376188278198242,222.23627993426294,-212.47955375892394,-27.37047685332595,0.6722658791107533,0.3381705745865551,0.08174541814178463,3.551697713123759e-05,38.316342286242545,71.29101194431173,9.011852025432507,0.2307210067891166,nan
167.21,221.8834686279297,-211.90245056152344,-27.377552032470703,222.24202484628975,-212.47104034314913,-27.37187699753656,0.6722269761883433,0.3382176233942279,0.08176631716731389,3.622479948927131e-05,38.13278172818592,72.16403522601607,nan,nan,nan
167.22,221.88906860351562,-211.89398193359375,-27.378887176513672,222.24763966881176,-212.46250692218328,-27.372100775036138,0.6721903947270766,0.3382647568029466,0.08178728026825649,3.5489989140511745e-05,38.3896573405359,71.73786466185756,nan,0.9079729143550959,nan
167.23,221.89456176757812,-211.88551330566406,-27.380197525024414,222.2531606640745,-212.45399144274583,-27.373437523508468,0.6721653505863506,0.33831197563154436,0.08180830839406629,3.619766874882446e-05,38.203361146913714,71.462010052527,nan,nan,nan
167.24,221.8999481201172,-211.87705993652344,-27.381479263305664,222.25858626927607,-212.44549051322662,-27.375712910954583,0.6721368115068918,0.33835927936550414,0.0818294009085279,3.5464828215565273e-05,37.725263119606694,72.38190301575888,nan,0.6386230346573616,nan
167.25,221.9052276611328,-211.86859130859375,-27.38273811340332,222.273419274067,-212.4386560802474,-27.377039427109082,0.678654096533051,0.3382991122265653,0.0818197970683266,3.615025782479314e-05,37.11297644762352,70.94860963405552,1.548801119405289,nan,nan
167.26,221.910400390625,-211.86012268066406,-27.383970260620117,222.27865457356233,-212.43015470589842,-27.379633909573275,0.678650467460257,0.3383462201193646,0.08184088286993062,3.542015736340294e-05,36.595850029987105,70.67975509340374,nan,1.204421798016871,nan
167.27,221.91546630859375,-211.85165405273438,-27.385177612304688,222.2837667085412,-212.42163159656005,-27.380895730391526,0.6786294420224647,0.33839341333607387,0.08186203384738601,3.612679623595568e-05,36.42294697375037,70.78623848253993,nan,nan,nan
167.28,221.92042541503906,-211.8431854248047,-27.386362075805664,222.28872998974748,-212.41305702250497,-27.378818224868947,0.6785711512461897,0.33844069142192423,0.0818832494588006,3.539845970624484e-05,37.373532627152116,72.03589384305245,nan,7.587938320291706,nan
167.29,221.92529296875,-211.83470153808594,-27.387521743774414,222.29364058574336,-212.40453119018997,-27.380001349940922,0.6785590288877619,0.338488055106334,0.08190453051304594,3.610507426849156e-05,37.18635917896232,70.57253322152955,nan,nan,nan
167.3,221.93006896972656,-211.82623291015625,-27.38865852355957,222.28058777328937,-212.3955356178197,-27.381540244024112,0.6685952994955692,0.3384278078452765,0.08189488145078441,3.535718378472716e-05,38.405128135693836,71.5406194534066,9.51753196974766,0.03388885882385689,nan
167.31,221.9347381591797,-211.81776428222656,-27.389774322509766,222.28526674859725,-212.38702369809224,-27.38268479129952,0.6685632625291161,0.3384749753713416,0.08191615507677003,3.6062934634732375e-05,38.217708779027795,71.84670499807359,nan,nan,nan
167.32,221.9393310546875,-211.8092803955078,-27.390865325927734,222.28984983561324,-212.37850850511026,-27.383680400160976,0.6685324821588833,0.33852222772756557,0.08193749357420305,3.533869425821089e-05,38.14130424301249,70.25962682732874,nan,0.011275277149531904,nan
167.33,221.94381713867188,-211.80081176757812,-27.391935348510742,222.29434220267424,-212.36999377792355,-27.38478150546551,0.6684961921096071,0.3385695655884985,0.08195889766841229,3.6044493962495835e-05,37.95314314526961,71.91490350876329,nan,nan,nan
167.34,221.94822692871094,-211.79232788085938,-27.392986297607422,222.29876226989273,-212.36149653191904,-27.387251474175013,0.668476526862629,0.3386169885815143,0.08198036694212492,3.532172425727356e-05,37.32142317535746,69.67802308669314,nan,1.337799629685106,nan
167.35,221.95252990722656,-211.78384399414062,-27.394014358520508,222.29117755591503,-212.34554709582255,-27.388205960076807,0.6559164138011834,0.33855666145969177,0.08197066969211929,3.600555962917755e-05,36.9314094421826,70.43565445193686,2.426218126151083,nan,nan
167.36,221.95675659179688,-211.77536010742188,-27.395021438598633,222.29536890260135,-212.33699466572827,-27.387989193907693,0.655851451609098,0.33860388800209373,0.08199213084710562,3.528503362175928e-05,37.252685817639914,70.60085575675998,nan,1.1176692219164899,nan
167.37,221.96090698242188,-211.76687622070312,-27.39600944519043,222.29949129425992,-212.32845731661877,-27.38900901999365,0.6557908732710402,0.3386511999564385,0.0820136577533457,3.599014449244615e-05,37.0705391106663,70.27622880094178,nan,nan,nan
167.38,221.9649658203125,-211.75839233398438,-27.396976470947266,222.30356531304582,-212.31995393884253,-27.39280308781981,0.6557579352603059,0.3386985970002719,0.08203525006716861,3.5270914761636434e-05,36.05996382088344,69.7947794530313,nan,5.423343241218408,nan
167.39000000000001,221.9689483642578,-211.74990844726562,-27.397926330566406,222.30752243926287,-212.31141305504315,-27.393812972017454,0.6556956218699879,0.338746079733026,0.0820569084040871,3.597616014623588e-05,35.894434653561305,69.53045714452497,nan,nan,nan
167.4,221.97299194335938,-211.7414093017578,-27.398962020874023,222.2937685689344,-212.29350874996823,-27.393364146082362,0.6385473987353892,0.33868567195444893,0.08204715883442741,3.52369978544626e-05,36.07316462484162,68.77885201680459,3.7545933058824614,1.315764527269261,nan
167.41,221.97706604003906,-211.73292541503906,-27.400087356567383,222.2977369091663,-212.28494690712887,-27.394482090128164,0.6384269363425479,0.3387329579164199,0.08206880830729393,3.5941529896705216e-05,35.92056291938175,70.64738567411742,nan,nan,nan
167.42000000000002,221.98121643066406,-211.72442626953125,-27.401296615600586,222.3017733894887,-212.27639887039243,-27.3969965495178,0.6383173243149999,0.3387803289226825,0.08209052340867896,3.5225496232550584e-05,35.43860343958512,68.47511953098366,nan,1.193920119644584,nan
167.43,221.9853973388672,-211.7159423828125,-27.402591705322266,222.3058460082471,-212.26783351005693,-27.398301780102322,0.6381924235658704,0.33882778552700415,0.0821123046896624,3.5930216155079834e-05,35.288995769984446,70.38283809486042,nan,nan,nan
167.44,221.98963928222656,-211.7074432373047,-27.40397071838379,222.3099659275372,-212.25926258000132,-27.399349110240067,0.6380713956384098,0.3388753274753281,0.08213415190279803,3.5215231154854996e-05,35.25007384978221,68.96393561656467,nan,0.08229538243316242,nan
167.45000000000002,221.9939422607422,-211.69894409179688,-27.405433654785156,222.3290487420572,-212.26040338666093,-27.400763572489875,0.6538766728345778,0.3388148391644777,0.08212434683643359,3.5898175268502336e-05,35.674919985560905,68.43435119008218,3.1281567209564933,nan,nan
167.46,221.99827575683594,-211.69044494628906,-27.406978607177734,222.33329273169625,-212.25185192391868,-27.40205242686363,0.6537877600783458,0.33886218404223933,0.08214618445594306,3.51850181846046e-05,35.62379019935296,69.16812863251053,nan,0.049267856406476906,nan
167.47,222.00267028808594,-211.68194580078125,-27.40860366821289,222.33758922341156,-212.24330202710232,-27.40368688607099,0.6536938739316019,0.33890961442812345,0.08216808841147416,3.588930113028141e-05,35.47554138388874,68.85925773234354,nan,nan,nan
167.48,222.00711059570312,-211.67344665527344,-27.410310745239258,222.34195690398673,-212.23477217264272,-27.40741613630657,0.6536182107177889,0.3389571301094555,0.08219005851164567,3.517704804810983e-05,34.90797967071248,68.44283852423482,nan,2.8322242607451966,nan
167.49,222.0115966796875,-211.66494750976562,-27.41209602355957,222.34635075601466,-212.2262196566644,-27.409233168794973,0.6535249883817831,0.33900473157802025,0.08221209522379702,3.588157802993087e-05,34.766122806703386,68.59039242482108,nan,nan,nan
167.5,222.01612854003906,-211.65643310546875,-27.413959503173828,222.34611318277243,-212.20970371799874,-27.41124444594952,0.6442092879374706,0.3389441620426955,0.08220223066712397,3.514905140188755e-05,33.72365580144814,67.48533438707648,3.38530509940109,0.018084862707069466,nan
167.51,222.0207061767578,-211.64793395996094,-27.41590118408203,222.35059890891236,-212.20112366442976,-27.413221043351953,0.6440925764306141,0.33899156611758835,0.08222425701087294,3.585297311722518e-05,33.58224177904778,68.69366274011584,nan,nan,nan
167.52,222.02532958984375,-211.63943481445312,-27.41792106628418,222.35513542580622,-212.19254677012782,-27.41569540144733,0.6439795637511783,0.33903905543695834,0.08224634970524854,3.514316757079606e-05,33.391087210725,68.53535394168834,nan,0.12329194313032003,nan
167.53,222.03001403808594,-211.63092041015625,-27.420013427734375,222.3597137111708,-212.18396479467648,-27.41783160706023,0.6438670095781291,0.3390866304552714,0.08226850916916717,3.5847373891037255e-05,33.25518627345816,66.98018240259829,nan,nan,nan
167.54,222.03472900390625,-211.62242126464844,-27.422182083129883,222.36432231871865,-212.17536780469496,-27.418548822683064,0.64373506188487,0.3391342910157748,0.08229073528364944,3.5138267307635046e-05,33.36696183656036,68.79467411351101,nan,1.5660610304165552,nan
167.55,222.03948974609375,-211.61390686035156,-27.42442512512207,222.35158912451138,-212.14852019415028,-27.420847173242713,0.6190559267333599,0.3390736402673431,0.08228080790021121,3.582081334224051e-05,31.64716352912235,67.78354845655679,12.597799610684776,nan,nan
167.56,222.04429626464844,-211.6053924560547,-27.42668914794922,222.35628182353145,-212.1398854925067,-27.423152057313192,0.6188944223188603,0.3391211031273734,0.0823030228797138,3.5113193244964715e-05,31.518065914123408,67.58636645260458,nan,0.00019181521855015504,nan
167.57,222.0491485595703,-211.59689331054688,-27.428939819335938,222.3610182003704,-212.13125034370134,-27.425477952140096,0.6187181072660669,0.3391686515988012,0.08232530478567458,3.581713472680044e-05,31.366468612424033,68.73453583357961,nan,nan,nan
167.58,222.05404663085938,-211.58837890625,-27.431161880493164,222.36578386709382,-212.1226023192505,-27.42636112394523,0.6185449108322025,0.33921628555837824,0.08234765354064133,3.5110096249716524e-05,31.56145958057216,67.59164910218736,nan,1.4211456742674107,nan
167.59,222.05897521972656,-211.57986450195312,-27.433347702026367,222.37060564025103,-212.11396596765707,-27.428621993148592,0.618385176882298,0.3392640054103695,0.08237006950143597,3.581436059497784e-05,31.401246362377545,67.86417302182028,nan,nan,nan
167.6,222.06394958496094,-211.57135009765625,-27.43549346923828,222.3860431949074,-212.1158792498494,-27.43188394307897,0.6326684122315737,0.3392032728414507,0.08236007540423895,3.5086751215792435e-05,31.992390242153668,67.19446199893724,4.627950760842937,0.945182928647441,nan
167.61,222.0689697265625,-211.56283569335938,-27.437599182128906,222.39096121962456,-212.1072695755201,-27.434078048835072,0.6325339295473374,0.3392507946669388,0.08238247942637017,3.579047682400363e-05,31.8416286248975,66.919371748027,nan,nan,nan
167.62,222.07403564453125,-211.55433654785156,-27.439664840698242,222.39592341134767,-212.09866175249525,-27.43655532166459,0.6323854298962532,0.3392984019243204,0.0824049504900438,3.508527609516076e-05,31.64323197231712,67.84319066684945,nan,0.07325590770898852,nan
167.63,222.07913208007812,-211.5458221435547,-27.441688537597656,222.40092335480082,-212.09005077272587,-27.438673306321615,0.6322527318381919,0.3393460949879361,0.08242748891678414,3.5789349863773524e-05,31.49617898451985,66.86731081670005,nan,nan,nan
167.64000000000001,222.0842742919922,-211.5373077392578,-27.44367218017578,222.4059636827723,-212.08143943749113,-27.44077508330556,0.6321168897704156,0.339393873779397,0.08245009468198214,3.5084564389959435e-05,31.35669308982448,66.56973246886615,nan,0.00037581705384896736,nan
167.65,222.08944702148438,-211.52879333496094,-27.44561767578125,222.41107340206838,-212.08905870852652,-27.44272986393702,0.6460256627730826,0.33933305930969154,0.082440030419462,3.5767040280765436e-05,33.91265025836167,66.48302118466258,21.53761495227849,nan,nan
167.66,222.09466552734375,-211.52027893066406,-27.44752311706543,222.41618463808805,-212.080510472604,-27.445513535050544,0.6459395928243505,0.33938063976133204,0.08246262344446603,3.506346680513603e-05,33.67110452919541,66.12378596918836,nan,0.43166440333860867,nan
167.67000000000002,222.0999298095703,-211.5117645263672,-27.449392318725586,222.42797645900808,-212.06163755432786,-27.447490282614226,0.6402956885903195,0.33908089476176145,0.0816483985212396,3.576712066644701e-05,43.71297110085841,75.89811034826803,nan,nan,0.12722857177743846
167.68,222.105224609375,-211.50323486328125,-27.451221466064453,222.4331688204291,-212.05305368830193,-27.44900193011595,0.6401976821660986,0.3391275675745151,0.08166774207476021,3.5063884265908834e-05,43.58861406560312,75.05282350241917,nan,0.1258181879519913,nan
167.69,222.11056518554688,-211.49472045898438,-27.45301628112793,222.43839917719416,-212.04447786593153,-27.450896464614207,0.6400881393954252,0.3391743246222588,0.08168714709755703,3.5768168225183147e-05,43.407875887398006,75.77243799482696,nan,nan,nan
167.70000000000002,222.11593627929688,-211.4862060546875,-27.454774856567383,222.4629648353405,-212.04112240194604,-27.452017317417834,0.6544987205385859,0.3391137315135127,0.08167745029391825,3.504410903396271e-05,42.575261763894204,75.82015616193952,6.361919107822093,0.24744908051635303,nan
167.71,222.121337890625,-211.47769165039062,-27.456499099731445,222.4683066143181,-212.0325439097627,-27.45383344943288,0.6544122787990911,0.3391602942410971,0.08169685290780783,3.574789698530612e-05,42.39000834359128,75.8671465342026,nan,nan,nan
167.72,222.1267852783203,-211.46917724609375,-27.458187103271484,222.47368557702478,-212.02394512799464,-27.45455509936188,0.6543091100408469,0.33920694100303517,0.08171631601515245,3.504601165294654e-05,42.40196907530137,75.74096693516545,nan,0.7925100068916567,nan
167.73,222.13226318359375,-211.4606475830078,-27.459842681884766,222.47910011170697,-212.01536602325797,-27.456294102187968,0.6542331351089189,0.33925367194456896,0.0817358407702908,3.575018635623019e-05,42.215257161070795,74.5359924969515,nan,nan,nan
167.74,222.1377716064453,-211.45213317871094,-27.46146583557129,222.48455002735446,-212.00679117010816,-27.45824487331196,0.654149168941547,0.3393004872092396,0.08175542633450815,3.5048490907040096e-05,41.9931789104578,75.68688003176695,nan,0.041965115854504145,nan
167.75,222.14332580566406,-211.44361877441406,-27.463054656982422,222.46292979791292,-211.98940993661358,-27.459870250136973,0.6324909841598291,0.3392398315153773,0.08174572010588231,3.573109342872349e-05,42.739001483216406,75.47404647608593,8.843707077509892,nan,nan
167.76,222.14891052246094,-211.4351043701172,-27.46461296081543,222.46840082478028,-211.98080450105266,-27.46028390461499,0.6323617848246998,0.33928645221920883,0.08176530281103966,3.5030393941559524e-05,42.826715059392754,75.68426015334434,nan,1.0692315019968313,nan
167.77,222.15452575683594,-211.42657470703125,-27.466140747070312,222.47390536681948,-211.9722207186498,-27.461886543270733,0.6322586523871636,0.33933315704654865,0.08178494734320432,3.573447844169688e-05,42.637991718264,74.45494068745573,nan,nan,nan
167.78,222.16018676757812,-211.41806030273438,-27.46763801574707,222.47944282989974,-211.96365868141152,-27.464727547966387,0.6321475262681407,0.3393799461400185,0.08180465296938767,3.503389736827768e-05,42.211463225510386,74.90710878078488,nan,1.133698372523489,nan
167.79,222.16580200195312,-211.4095458984375,-27.469104766845703,222.48498330670313,-211.95507447849047,-27.46628336189493,0.6320491256875722,0.3394268196462698,0.0818244206870182,3.573837898662686e-05,42.02627369922605,75.28676358571953,nan,nan,nan
167.8,222.17135620117188,-211.40101623535156,-27.470542907714844,222.4735645730509,-211.94060585919365,-27.468064583643297,0.618460188114019,0.3393661010617374,0.08181470084060166,3.501676850919405e-05,42.334412431140706,73.7748014376916,3.132775576841745,0.0503318487902816,nan
167.81,222.17681884765625,-211.3925018310547,-27.471952438354492,222.47894393615286,-211.93201698344944,-27.46956627360399,0.6183541562444919,0.33941277976310624,0.08183446517358038,3.5720776532779875e-05,42.151427720708625,74.91290152134852,nan,nan,nan
167.82,222.18218994140625,-211.3839874267578,-27.47333335876465,222.48422601059477,-211.9234764601777,-27.474022956828215,0.6182836564366516,0.3394595426726789,0.08185429087785924,3.502116873951838e-05,41.83932247253534,74.50225628334309,nan,6.272553997105037,nan
167.83,222.1874542236328,-211.37545776367188,-27.474685668945312,222.48941121278133,-211.91488680662962,-27.475500284395977,0.6181928334106491,0.3395063899382495,0.08187417885528475,3.572558322152827e-05,41.68105396361721,73.40346516223994,nan,nan,nan
167.84,222.19261169433594,-211.366943359375,-27.47601318359375,222.4944945406538,-211.9062942232781,-27.476799479959237,0.6180883638736238,0.3395533217006919,0.08189412851481427,3.502599136906416e-05,41.5136232054939,74.50395209719494,nan,0.01626045524626156,nan
167.85,222.1976776123047,-211.35841369628906,-27.477312088012695,222.4826581830878,-211.88713784480106,-27.47828562231059,0.6006364114109624,0.33949253991210504,0.08188439255928512,3.5708834477016686e-05,40.89219234633371,73.30903565550986,3.9464438308444643,nan,nan
167.86,222.20263671875,-211.3498992919922,-27.478586196899414,222.48751422327842,-211.87851627814015,-27.479243292221337,0.600492749668773,0.33953927662138084,0.08190433833732798,3.5010073536734345e-05,40.71243343355326,74.519597293681,nan,0.13787230746020504,nan
167.87,222.20748901367188,-211.34136962890625,-27.479835510253906,222.49227040800423,-211.86990071230895,-27.48061380594896,0.600371680232253,0.33958609762908054,0.08192434657056118,3.5714427850696147e-05,40.55430799114712,73.43076885387333,nan,nan,nan
167.88,222.21226501464844,-211.33285522460938,-27.481060028076172,222.49692973237833,-211.86127797445405,-27.48153984084178,0.6002206546712171,0.33963300307482736,0.08194441675386376,3.5015629640039884e-05,40.38043677320324,73.98291272091359,nan,0.12462866557133719,nan
167.89000000000001,222.21693420410156,-211.32432556152344,-27.48225975036621,222.50149281898925,-211.85266063336235,-27.482858312729075,0.6000932525189124,0.339679993108343,0.08196454966143012,3.572039236812158e-05,40.22281169675286,73.0397242571789,nan,nan,nan
167.9,222.2215118408203,-211.3157958984375,-27.483434677124023,222.5099393108271,-211.84872447165054,-27.485143282323982,0.6059754029109844,0.3396191477837718,0.08195479356811922,3.5000400255268095e-05,40.78596897269245,72.89398415394375,1.9602802349419295,0.8858711258875653,nan
167.91,222.22598266601562,-211.30726623535156,-27.484586715698242,222.51431984016605,-211.8401195563214,-27.486424344663885,0.6058666227362806,0.3396659425127291,0.08197492203283795,3.570469772098921e-05,40.63606940496542,73.27874126710215,nan,nan,nan
167.92000000000002,222.2303924560547,-211.2987518310547,-27.485715866088867,222.51861113681264,-211.83150467264957,-27.487061693342167,0.6057205704087267,0.33971282162006794,0.08199511270835043,3.500658701428899e-05,40.43212177668809,73.58100811258345,nan,0.27258627117126416,nan
167.93,222.2346954345703,-211.29022216796875,-27.4868221282959,222.5228130961007,-211.8228974621615,-27.488292449997047,0.6056045886343485,0.33975978525678596,0.08201536629208567,3.571129761098646e-05,40.28146357286582,72.84646242972994,nan,nan,nan
167.94,222.23892211914062,-211.2816925048828,-27.48790740966797,222.52692806929622,-211.81429316483297,-27.489784132231318,0.6054869217348584,0.33980683356053915,0.08203568239305177,3.50130721499784e-05,40.163386480735625,72.50078013836878,nan,0.0561873953750405,nan
167.95000000000002,222.24305725097656,-211.27316284179688,-27.488969802856445,222.51614645934873,-211.80068739980618,-27.49103620654704,0.5940236906525385,0.33974592436718887,0.08202590338734228,3.5696197390041905e-05,40.50561610047254,72.96797811229993,2.567594940064316,nan,nan
167.96,222.2471160888672,-211.26461791992188,-27.490013122558594,222.52006666181506,-211.79207192669784,-27.492043339874865,0.5938971849730806,0.33979277711080513,0.08204621450363737,3.499868019122754e-05,40.349759518006756,71.4100170800258,nan,0.019268185451044383,nan
167.97,222.25108337402344,-211.25608825683594,-27.49103355407715,222.52390491923583,-211.78345760491052,-27.493193950322528,0.5937631616500217,0.33983971432456045,0.08206658871203919,3.5703337456397e-05,40.20498369826946,72.95656525248982,nan,nan,nan
167.98,222.25497436523438,-211.24755859375,-27.492034912109375,222.52766373468572,-211.77483844893186,-27.494026113657565,0.5936223570385291,0.3398867361448806,0.08208702568972832,3.500566748278329e-05,40.030449693641714,72.72365010596042,nan,0.06302095217167426,nan
167.99,222.25880432128906,-211.23902893066406,-27.49301528930664,222.53134365498912,-211.7662220560613,-27.49513503826581,0.5934768514571025,0.33993384272467225,0.08210752603274718,3.5710734193965425e-05,39.88788115106792,72.2801716456182,nan,nan,nan
168.0,222.26254272460938,-211.23048400878906,-27.493976593017578,222.54637193887822,-211.75854395937952,-27.499345273835274,0.5995291127408192,0.3398728693059946,0.0820977202126368,3.499174365171414e-05,39.626740103900225,72.0467622092069,4.224490177106944,6.293737321125629,nan
168.01,222.26620483398438,-211.22195434570312,-27.494918823242188,222.54992358726162,-211.74991605744012,-27.500449700547666,0.5993917672317628,0.33991978006705803,0.08211821497445174,3.569634406046513e-05,39.50365877916808,73.26324685833121,nan,nan,nan
168.02,222.26980590820312,-211.21340942382812,-27.49584197998047,222.55339967593875,-211.74129734326362,-27.502426966768446,0.5992782681154273,0.339966775373423,0.08213877275083929,3.4999152218908846e-05,39.733741842566985,72.0425555978829,nan,0.560336224185884,nan
168.03,222.27333068847656,-211.20486450195312,-27.496746063232422,222.55680495297503,-211.73266683294267,-27.503504793772922,0.5991482618429782,0.34001385537913364,0.0821593940777073,3.570416380851184e-05,39.62223356967022,72.17035482838476,nan,nan,nan
168.04,222.2767791748047,-211.19631958007812,-27.49763298034668,222.56014260788908,-211.72401454839908,-27.502765536905788,0.598985106607385,0.340061020218846,0.08218007872173957,3.5006762252232474e-05,38.94313358781022,71.70620621925235,nan,2.286601485735083,nan
168.05,222.28028869628906,-211.1877899169922,-27.49860954284668,222.56420998152024,-211.7109455750623,-27.503903352262107,0.5952572243965061,0.3399999822247742,0.08217024308232711,3.569016683763176e-05,37.987478666181865,72.96957305539023,2.8317295128753512,nan,nan
168.06,222.2838592529297,-211.1792449951172,-27.49967384338379,222.56760817475498,-211.70227140257742,-27.503153798076735,0.5950480515239436,0.3400469509831693,0.08219092156012794,3.499338556015358e-05,37.4024271653735,71.19640094845894,nan,2.6012062646644063,nan
168.07,222.28749084472656,-211.1707000732422,-27.500823974609375,222.57106109888886,-211.69361681020575,-27.50439230870779,0.5948669900494835,0.34009400437990234,0.0822116637730329,3.569833572220217e-05,37.26756805641904,71.14693231789605,nan,nan,nan
168.08,222.2911834716797,-211.16213989257812,-27.502059936523438,222.57457177684404,-211.68496136039002,-27.505757523995356,0.5946973102865186,0.3401411425486225,0.0822324695404223,3.50013190228336e-05,37.159441681769415,69.83826481765502,nan,0.001095632208609862,nan
168.09,222.294921875,-211.15359497070312,-27.503379821777344,222.57813982179977,-211.67630419904975,-27.507169965857102,0.5945180468079564,0.34018836564495264,0.08225333931975307,3.57066731996222e-05,37.02540822768639,71.41925002065224,nan,nan,nan
168.1,222.29872131347656,-211.14505004882812,-27.504785537719727,222.60953855337314,-211.6875958507903,-27.506031504500577,0.6252718259100826,0.3401272626967625,0.08224347005346123,3.4988242043474596e-05,37.911684759784194,70.43809826897892,14.472834677601774,5.500738347530726,nan
168.11,222.30258178710938,-211.13650512695312,-27.50627326965332,222.61325780255234,-211.6789843764221,-27.50758864649848,0.625144025719028,0.3401742894461791,0.08226433303544231,3.569312315681088e-05,37.77231867056747,70.29196037210009,nan,nan,nan
168.12,222.30648803710938,-211.12794494628906,-27.507843017578125,222.6170322088586,-211.67037247636668,-27.509278544236363,0.625033894065198,0.34022140090480124,0.08228525980294737,3.499643703941111e-05,37.64159924413638,69.34263226809908,nan,0.0017139100388961302,nan
168.13,222.31045532226562,-211.11940002441406,-27.50949478149414,222.62086135193346,-211.6617591727827,-27.511002279272798,0.6249060902430439,0.34026859722910646,0.08230625076760562,3.570172217637481e-05,37.50320685791378,70.26590007300794,nan,nan,nan
168.14000000000001,222.31446838378906,-211.11083984375,-27.5112247467041,222.62474388074781,-211.65314760775345,-27.51307568219797,0.6247975839210876,0.3403158785513947,0.0823273058170842,3.500476013905776e-05,37.3967341347563,69.37908032828024,nan,0.05068739652315459,nan
168.15,222.31854248046875,-211.102294921875,-27.51303482055664,222.60142388339264,-211.63258935685832,-27.51501180311918,0.601030768226152,0.34025471028334375,0.08231739973604106,3.568841399018238e-05,37.50900758021156,70.60154919483372,6.956165231814036,nan,nan
168.16,222.32266235351562,-211.09373474121094,-27.514923095703125,222.6053632911779,-211.623969767412,-27.518430203910544,0.6009004101958606,0.3403017949893861,0.08233844736176978,3.4992011845605056e-05,37.61117540791467,69.74740727893673,nan,1.4836654581580142,nan
168.17000000000002,222.3268280029297,-211.08517456054688,-27.516887664794922,222.60935756641936,-211.6153365111068,-27.5204924390942,0.6007558925761016,0.3403489644982922,0.08235955936888083,3.569721884284778e-05,37.48368330651813,69.89541493679828,nan,nan,nan
168.18,222.3310546875,-211.07662963867188,-27.518930435180664,222.61340069905123,-211.6067116249504,-27.523695890821383,0.6006071028412354,0.3403962189416734,0.08238073568460065,3.500052477770347e-05,37.62683905464685,70.95050779217212,nan,0.7985701159675437,nan
168.19,222.3353271484375,-211.0680694580078,-27.521047592163086,222.61749687940713,-211.59807692529074,-27.525923590308434,0.6004593639948083,0.34044355847710767,0.08240197666160386,3.570612677509306e-05,37.50495998033769,69.88000689661965,nan,nan,nan
168.20000000000002,222.33966064453125,-211.05950927734375,-27.523239135742188,222.63618881684064,-211.60238213723355,-27.528561740840114,0.6186018340605739,0.34038232449109357,0.08239203002597564,3.498795181602462e-05,38.73062736053843,69.48280172272294,6.614195089888689,0.04451627446160993,nan
168.21,222.3440399169922,-211.05096435546875,-27.52545738220215,222.64040242430332,-211.59378090118983,-27.530920428938934,0.6184742378854227,0.3404294671379103,0.08241326291413487,3.569307099815148e-05,38.61739868574378,70.57095789695806,nan,nan,nan
168.22,222.34844970703125,-211.0424041748047,-27.527664184570312,222.6446662016924,-211.58517468648063,-27.532695988642562,0.61836021792036,0.3404766946549376,0.08243456032889583,3.499660861607654e-05,38.36664014549472,69.73686439415003,nan,0.2471039268973089,nan
168.23,222.35292053222656,-211.03384399414062,-27.529844284057617,222.64897714106266,-211.5765727278061,-27.53503984989033,0.6182483221861517,0.34052400720027204,0.08245592258908825,3.570212200518275e-05,38.26262789436628,69.28984718355747,nan,nan,nan
168.24,222.35745239257812,-211.02528381347656,-27.5319881439209,222.65333567508677,-211.56797165419107,-27.53753454632556,0.6181324873415862,0.3405714049046819,0.08247734967243028,3.500533998565301e-05,38.25018417994945,68.99590836977471,nan,0.0229915558430351,nan
168.25,222.3620147705078,-211.0167236328125,-27.534095764160156,222.68731814911834,-211.57069517737813,-27.539816855302803,0.642448045531865,0.3405101048206075,0.08246735915278229,3.5689198519501385e-05,37.76651110007612,68.97971510657878,8.408009062868528,nan,nan
168.26,222.3666229248047,-211.00816345214844,-27.536163330078125,222.69182521785294,-211.56209642467954,-27.54097130548532,0.6423561209239754,0.3405573053605813,0.08248877748135015,3.499293734473589e-05,37.3739813431978,68.61063620897266,nan,0.835755720389884,nan
168.27,222.37127685546875,-210.99960327148438,-27.538190841674805,222.6963758971487,-211.5535051474194,-27.543163683446824,0.6422782918804362,0.34060459086422784,0.0825102608380788,3.5698351904496594e-05,37.27042742328144,68.51048372841257,nan,nan,nan
168.28,222.3759765625,-210.9910430908203,-27.540178298950195,222.70097079550968,-211.54491805588341,-27.545954311483683,0.6422087594653212,0.34065196146196447,0.08253180922938978,3.500176251139206e-05,37.39562352629648,68.61829686813626,nan,0.2866509418997789,nan
168.29,222.38072204589844,-210.98248291015625,-27.542125701904297,222.70561225202772,-211.53632640638105,-27.548075527267578,0.642130566762782,0.3406994173124765,0.0825534229312902,3.570756156608817e-05,37.29909971141987,68.53185129312047,nan,nan,nan
168.3,222.38552856445312,-210.9739227294922,-27.544034957885742,222.7005063986306,-211.51396392581609,-27.548278109879355,0.6251987956553708,0.3406380507157746,0.08254338483440408,3.4989447070141676e-05,35.13503576064927,67.58189934909925,10.409962206180722,2.8655462074756617,nan
168.31,222.39035034179688,-210.96536254882812,-27.54590606689453,222.7052296659413,-211.50532969181717,-27.55030666720796,0.6250862896948786,0.3406853091229583,0.0825649890831184,3.569475251929095e-05,35.027327870571185,68.36082616393092,nan,nan,nan
168.32,222.39523315429688,-210.95680236816406,-27.547740936279297,222.70999685120412,-211.4966939848097,-27.552097034664257,0.6249624934410812,0.34073265255849133,0.08258665857251234,3.4998333037325507e-05,34.893209801439134,67.61321757807221,nan,0.028712579677928805,nan
168.33,222.40016174316406,-210.9482421875,-27.549537658691406,222.71480649352324,-211.48805913775018,-27.554051002089686,0.6248392024950344,0.3407800811812485,0.08260839355451433,3.570402203295264e-05,34.78841733120337,67.48791114270061,nan,nan,nan
168.34,222.40512084960938,-210.93968200683594,-27.551300048828125,222.71966126282592,-211.47941706891447,-27.554769521015615,0.6247092491876651,0.3408275951213032,0.08263019407151398,3.500725623163172e-05,34.42807074476123,67.36986780625588,nan,1.0163172581789206,nan
168.35,222.41012573242188,-210.93112182617188,-27.55302619934082,222.74433131598096,-211.48256028772093,-27.556610136540545,0.6448182639810277,0.3407661616187497,0.08262010496199558,3.569126954947508e-05,34.829027467694544,66.98683808389693,4.488556161432969,nan,nan
168.36,222.41517639160156,-210.9225616455078,-27.554718017578125,222.7492994405193,-211.4739444711488,-27.55755479955903,0.644724188752008,0.3408134778334245,0.08264189532217509,3.499500150777753e-05,34.56730066901064,66.55146437224529,nan,0.5630281288883018,nan
168.37,222.42025756835938,-210.91400146484375,-27.55637550354004,222.75430657645015,-211.46533356425823,-27.55935026991387,0.6446430585108218,0.3408608791688962,0.08266375135516303,3.570057024824481e-05,34.45301180574505,66.79195547730235,nan,nan,nan
168.38,222.42538452148438,-210.9054412841797,-27.558000564575195,222.75935566974516,-211.45671877911477,-27.56038084700535,0.6445535431885944,0.340908365755198,0.08268567312332827,3.500395278117464e-05,34.23569864389221,66.3227075253685,nan,0.37868899125151745,nan
168.39000000000001,222.43055725097656,-210.89688110351562,-27.559593200683594,222.76444297746622,-211.4481078606843,-27.56210479492442,0.6444663872366436,0.34095593775132016,0.08270766084875779,3.5709895462548756e-05,34.12012555520891,66.00995701570963,nan,nan,nan
168.4,222.43576049804688,-210.88832092285156,-27.561155319213867,222.78358646885508,-211.44523135429446,-27.563146196342473,0.6566095477605605,0.34089443691475035,0.08269751706415604,3.499172606100517e-05,33.86687105830801,66.04059330557058,2.737042803298115,0.4481612878375132,nan
168.41,222.44100952148438,-210.8797607421875,-27.562685012817383,222.78877644975304,-211.4366277668204,-27.56480349328355,0.6565418550864968,0.3409418109003522,0.08271949390176057,3.5697164624939305e-05,33.749759953251676,65.71852565454572,nan,nan,nan
168.42000000000002,222.4462890625,-210.87120056152344,-27.564184188842773,222.79400845125892,-211.4280169586166,-27.564860171576505,0.6564706622106985,0.34098927006955676,0.0827415366698077,3.5000682644071774e-05,33.5073793358022,65.7163295728698,nan,1.7419408018666414,nan
168.43,222.45155334472656,-210.86264038085938,-27.56565284729004,222.79924582887847,-211.41941342636667,-27.566442551208407,0.6564197676574611,0.3410368145812577,0.08276364557403991,3.570649446839365e-05,33.380609031773474,65.43934317875386,nan,nan,nan
168.44,222.4567413330078,-210.8540802001953,-27.567092895507812,222.80443854405885,-211.4108167592142,-27.569522662006214,0.6563953461795078,0.3410844445655811,0.08278582070127605,3.500965192298038e-05,33.39835558801832,65.86060576151633,nan,1.6441998844139716,nan
168.45000000000002,222.4618682861328,-210.84552001953125,-27.568504333496094,222.81826819989104,-211.40999233160187,-27.57108723992297,0.6675751351172627,0.34102287598989167,0.08277561873037073,3.569377104519844e-05,33.991540546389764,64.97404624028871,2.1124074068105645,nan,nan
168.46,222.46688842773438,-210.8369598388672,-27.569889068603516,222.82331596138928,-211.40141005646942,-27.572796281116936,0.6675725329753482,0.3410703076756634,0.08279778223023386,3.499741465787004e-05,33.91326614312546,65.35848992931747,nan,0.026852132262225627,nan
168.47,222.47183227539062,-210.82839965820312,-27.571243286132812,222.82827133976645,-211.39282682671478,-27.574285503752154,0.6675598027557077,0.34111782463574897,0.08282001204303278,3.5703086180886104e-05,33.799890628757254,64.76884312524719,nan,nan,nan
168.48,222.47666931152344,-210.81983947753906,-27.572572708129883,222.83313157320288,-211.38424345021096,-27.575757279733875,0.6675532412218084,0.34116542700049174,0.08284230826876124,3.50063699935899e-05,33.69881403147546,64.91838321233072,nan,5.597742094697219e-05,nan
168.49,222.4813995361328,-210.811279296875,-27.573875427246094,222.83789659792316,-211.37565993282044,-27.57719449581928,0.667552749609741,0.3412131149285065,0.08286467109345863,3.5712405776355015e-05,33.58559588744465,65.21337095590664,nan,nan,nan
168.5,222.48605346679688,-210.80271911621094,-27.575151443481445,222.8145867065638,-211.35626382554364,-27.57776603665499,0.6437023154839798,0.34115147817465735,0.08285440729353288,3.4994123889911145e-05,33.79836600387265,64.56408130186333,7.400381563591053,0.5353007927058311,nan
168.51,222.49061584472656,-210.79415893554688,-27.57640266418457,222.8191156176899,-211.34766741713105,-27.57914545311008,0.643654614613827,0.34119896751301526,0.08287675772806172,3.5699646137184845e-05,33.68416722291437,64.42326267980822,nan,nan,nan
168.52,222.4950714111328,-210.7855987548828,-27.57762908935547,222.82355386825904,-211.33906965331153,-27.580212119539304,0.6436127967125126,0.3412465421872983,0.08289917476090533,3.500305030694476e-05,33.53367724993055,64.79926775371243,nan,0.058836557378982884,nan
168.53,222.49945068359375,-210.77703857421875,-27.57883071899414,222.82790197475325,-211.33047242633552,-27.581540926879953,0.6435655557594185,0.3412942023557996,0.08292165856769385,3.570893665070794e-05,33.41982087542015,64.32947941298664,nan,nan,nan
168.54,222.5037384033203,-210.76846313476562,-27.580007553100586,222.83216383690007,-211.3218722987926,-27.582076859284136,0.6435287486034943,0.34134194814930163,0.08294420926401859,3.501197468546604e-05,33.210115916224794,63.16848199138141,nan,0.4181382247561192,nan
168.55,222.50794982910156,-210.75990295410156,-27.581161499023438,222.8355944000688,-211.30555849060585,-27.583325364970783,0.6364712182950001,0.3412802428016405,0.08293388007318361,3.569615544801353e-05,31.966112723371033,63.96667601043549,4.676026558861203,nan,nan
168.56,222.51206970214844,-210.7513427734375,-27.582292556762695,222.83968556513943,-211.29693754358766,-27.586410757059024,0.6364139898464061,0.34132778971172967,0.08295641760561853,3.499967590275727e-05,32.19148991298,64.47066297124249,nan,2.3712849404560554,nan
168.57,222.51609802246094,-210.74276733398438,-27.58340072631836,222.8436977817549,-211.28831075610313,-27.587660150071248,0.636362609207375,0.3413754220461448,0.0829790220845059,3.5705404520399915e-05,32.08925580035671,63.509433872551675,nan,nan,nan
168.58,222.5200653076172,-210.7342071533203,-27.584487915039062,222.847626331491,-211.2796861206478,-27.589997088885795,0.6362970054576647,0.3414231399360774,0.08300169363347959,3.500856219287892e-05,32.32173247791353,64.29949690777491,nan,0.8678322974663268,nan
168.59,222.52394104003906,-210.72564697265625,-27.585552215576172,222.8514775840741,-211.27105793203427,-27.59121540687339,0.6362274546290319,0.34147094353924495,0.08302443241612488,3.571464678320354e-05,32.22592522054987,64.67731440270877,nan,nan,nan
168.6,222.52774047851562,-210.71707153320312,-27.58659553527832,222.82860236948923,-211.2538432767059,-27.593645598992833,0.6153791396055042,0.34140916915037856,0.0830140342045937,3.4996234375739264e-05,33.318777195409645,64.12835244666459,8.570001653665022,0.7921125408203663,nan
168.61,222.53146362304688,-210.70851135253906,-27.58761978149414,222.8322507974574,-211.24520792964583,-27.594837638008407,0.615278991694534,0.3414567735733538,0.08303675902964672,3.5701797541038313e-05,33.23184780199118,65.21535898828543,nan,nan,nan
168.62,222.5351104736328,-210.69993591308594,-27.588621139526367,222.835828985874,-211.23656670751575,-27.593793185727414,0.6151674432191864,0.3415044634815905,0.08305955110111925,3.500507331321674e-05,32.413503615586144,63.43316031529947,nan,3.4694858971006752,nan
168.63,222.5386962890625,-210.6913604736328,-27.589603424072266,222.8393290297926,-211.22792909151613,-27.59492447001654,0.6150725485875987,0.34155223903232534,0.08308241057658045,3.5710992924613876e-05,32.32006998144327,63.01343060969327,nan,nan,nan
168.64000000000001,222.54220581054688,-210.68280029296875,-27.590566635131836,222.84275952375998,-211.2192881982946,-27.59487863947052,0.6149556085348984,0.3416001003574364,0.08310533758869822,3.501390268501196e-05,31.933688330004767,63.99257555250222,nan,0.9467812340387525,nan
168.65,222.54563903808594,-210.67422485351562,-27.591510772705078,222.8491082605848,-211.2190187596287,-27.596014641833957,0.6236299014472891,0.3415382565025986,0.0830948667646822,3.569810785309011e-05,33.04129334109839,62.89794897876058,4.206427628252073,nan,nan
168.66,222.54901123046875,-210.6656494140625,-27.592435836791992,222.85239689696215,-211.21040380665008,-27.596189002182015,0.6235497551339018,0.34158591834829616,0.08311777901299787,3.500150132569451e-05,32.754395954023636,62.47460768055042,nan,0.5606454809067279,nan
168.67000000000002,222.55230712890625,-210.65707397460938,-27.593341827392578,222.85561593626053,-211.20178938873832,-27.597228084692617,0.623479123952156,0.3416336657649365,0.08314075883290782,3.570724899722761e-05,32.65343057200329,62.72881401506733,nan,nan,nan
168.68,222.5555419921875,-210.64849853515625,-27.59423065185547,222.8772361195009,-211.19285659488963,-27.598172380298344,0.6323198130437996,0.33595799094843837,0.08316211626831367,3.5010185000242276e-05,42.66004793055986,72.5931585390593,nan,0.00450836245092568,0.059586873895492984
168.69,222.5587158203125,-210.63992309570312,-27.59510040283203,222.88033143848764,-211.18422629231523,-27.599176441741218,0.6322334930937508,0.33600097729966855,0.08318508118052731,3.571627959692128e-05,42.51762063843435,72.5324793316274,nan,nan,nan
168.70000000000002,222.56195068359375,-210.63134765625,-27.596059799194336,222.87681542021548,-211.17441831168563,-27.599456023026367,0.6277555842041314,0.3359388017293183,0.08317456785280254,3.499774924735145e-05,42.73196076615384,72.51202552465793,1.3576484269910882,0.4912486889760572,nan
168.71,222.56524658203125,-210.62277221679688,-27.597108840942383,222.87995663685933,-211.1657878847751,-27.60057916265157,0.6276308448542925,0.33598161263171256,0.0831975129629431,3.570331633190145e-05,42.58323438100523,72.45528135660534,nan,nan,nan
168.72,222.568603515625,-210.61419677734375,-27.598243713378906,222.8831902324261,-211.15715437532148,-27.600433610478525,0.6275129889004314,0.3360245063463826,0.08322051959546398,3.5006477682556714e-05,42.22658820666654,72.27070033985466,nan,1.2999936010213269,nan
168.73,222.572021484375,-210.60560607910156,-27.599464416503906,222.88645418154917,-211.14852206099314,-27.601719025393738,0.627400006141831,0.33606748446354184,0.08324358790148381,3.5712395319049034e-05,42.07909275020786,71.08249079900929,nan,nan,nan
168.74,222.57550048828125,-210.59703063964844,-27.60076904296875,222.889772933401,-211.1398893265317,-27.60333749775514,0.6272713293672336,0.3361105457035576,0.08326671801954359,3.501519406579096e-05,41.96938437679955,72.26620020839636,nan,0.04286309858638179,nan
168.75,222.57904052734375,-210.58843994140625,-27.60215950012207,222.89772799775994,-211.13293144444646,-27.60479426465652,0.6309038299672991,0.3360483947303475,0.08325613338268355,3.5699392135806504e-05,41.79440059838091,70.87430646680347,0.2565762515094573,nan,nan
168.76,222.58262634277344,-210.57986450195312,-27.6036319732666,222.90119876602196,-211.12429750430542,-27.60545601318811,0.6307923668105093,0.3360912803606956,0.08327924315572326,3.5002678644820984e-05,41.53865821804763,72.32306646760215,nan,0.5501664677483145,nan
168.77,222.58628845214844,-210.57127380371094,-27.605188369750977,222.90470843792505,-211.11566400384916,-27.607075245923845,0.6306786326253704,0.33613425029929195,0.0833024148274789,3.570841367763593e-05,41.39231070755848,70.46734592709228,nan,nan,nan
168.78,222.58999633789062,-210.5626983642578,-27.606822967529297,222.9083166072056,-211.10702792899576,-27.60687357529236,0.6305731293559096,0.3361773033545179,0.08332564853887603,3.501134338797535e-05,41.13758999956134,71.95588526669599,nan,2.5566927802515633,nan
168.79,222.59376525878906,-210.55410766601562,-27.608539581298828,222.91194055133872,-211.09839310955988,-27.608638144200835,0.6304618708200116,0.33622044098560816,0.08334894443751652,3.57174227970528e-05,40.9865869691075,70.54003133128788,nan,nan,nan
168.8,222.59759521484375,-210.5455322265625,-27.610336303710938,222.93742602890802,-211.09756230109974,-27.610601364866085,0.6482455211095519,0.3361583124768681,0.08333828565805061,3.499879020936655e-05,40.37297250804526,71.25963408212087,6.120809334587806,0.02380366762549365,nan
168.81,222.60147094726562,-210.5369415283203,-27.612211227416992,222.94120432929614,-211.0889333734691,-27.61252719322604,0.6481619148106839,0.33620127428548163,0.08336156064973373,3.570433754190386e-05,40.22229077120016,70.32331002419028,nan,nan,nan
168.82,222.6053924560547,-210.52835083007812,-27.61416244506836,222.9450638109291,-211.08030322784174,-27.61326410524815,0.6480963552849637,0.33624431920294895,0.08338489790480665,3.5007400633039844e-05,40.09057820033202,70.58373516736133,nan,1.1345045413628498,nan
168.83,222.60939025878906,-210.519775390625,-27.61618995666504,222.94895090032486,-211.0716737704695,-27.61533439191681,0.647992270745733,0.33628744860195386,0.08340829756933663,3.5713294101434316e-05,39.93548513320405,71.01684238810607,nan,nan,nan
168.84,222.61341857910156,-210.5111846923828,-27.61829376220703,222.95289250063735,-211.06304402145588,-27.617424600943984,0.6479135883195858,0.3363306614197134,0.08343175978652069,3.501599984902002e-05,39.78532580570269,70.43436584085252,nan,0.0023237589906210136,nan
168.85,222.61752319335938,-210.50259399414062,-27.620473861694336,222.9336374693882,-211.0436814283345,-27.619656519065394,0.6266614037905343,0.33626855585978627,0.08342102401646193,3.570017147703025e-05,39.78483227133735,69.78934974241032,5.260841359129666,nan,nan
168.86,222.6216583251953,-210.49400329589844,-27.622676849365234,222.9376442580141,-211.03503455490082,-27.62186654582307,0.6265481542139382,0.3363115926794205,0.08344446474811155,3.500337050671159e-05,39.634729111370525,70.45883537873777,nan,0.0029405759160068055,nan
168.87,222.6258544921875,-210.4854278564453,-27.6248722076416,222.9417013263362,-211.02638755010875,-27.624149672585272,0.6264161036141208,0.3363547138862746,0.08346796810820316,3.570907361946572e-05,39.478654253228065,71.16784622489976,nan,nan,nan
168.88,222.63009643554688,-210.47683715820312,-27.627042770385742,222.94584404397142,-211.01773994223902,-27.624658211388006,0.6263210519575508,0.3363979185017916,0.08349153424078226,3.5011921446656336e-05,39.47753298832559,70.05881724510445,nan,2.180179961385602,nan
168.89000000000001,222.6343994140625,-210.46824645996094,-27.62917709350586,222.95000255222595,-211.00909288616782,-27.626877457163815,0.6261992381715928,0.33644120777315545,0.08351516329066268,3.5717965412599564e-05,39.315702337828235,69.71759821105651,nan,nan,nan
168.9,222.6387481689453,-210.45965576171875,-27.63127326965332,222.9722275768229,-211.00241739096754,-27.631354418737168,0.6370233184494505,0.3363791231749168,0.08350434765835144,3.499925895094893e-05,37.779897831225355,69.4775403797805,9.762336272614734,3.535441151424123,nan
168.91,222.6431427001953,-210.45108032226562,-27.633331298828125,222.97652974457435,-210.99376014063574,-27.633524180539826,0.6369052863883053,0.33642223622280015,0.08352795462644041,3.57047677798004e-05,37.629593509154596,70.55293160450341,nan,nan,nan
168.92000000000002,222.6475830078125,-210.44248962402344,-27.635347366333008,222.98086495627007,-210.98510300290963,-27.636477859901017,0.6367946404687037,0.33646543266711787,0.08355162458312589,3.5007760492291366e-05,37.517120823329094,69.44247045563142,nan,0.47777507663567015,nan
168.93,222.65206909179688,-210.43389892578125,-27.637325286865234,222.98526393895824,-210.97644571342502,-27.63857800568181,0.6366925413901875,0.3365087136738066,0.08357535767292433,3.5713612491305804e-05,37.37687928014723,69.28965172614959,nan,nan,nan
168.94,222.65660095214844,-210.42530822753906,-27.639263153076172,222.98971301201163,-210.96778842609913,-27.64050277670585,0.6365924496275613,0.33655207838539886,0.0835991540403276,3.501625367775684e-05,37.22946844560386,69.25542787207016,nan,0.013234885159175149,nan
168.95000000000002,222.66119384765625,-210.41671752929688,-27.641162872314453,222.97514689155437,-210.94897035039867,-27.642732226995832,0.6179498703113627,0.33649001495743763,0.0835882556569512,3.570038394768592e-05,36.97646746203789,68.93978084544335,5.421663100135761,nan,nan
168.96,222.6658172607422,-210.40814208984375,-27.64302635192871,222.9796461655127,-210.9402947276471,-27.645285367422613,0.6178026501574214,0.33653320325476066,0.08361202932951514,3.500352421422494e-05,36.903830635625916,70.47240876983419,nan,0.22422545275029399,nan
168.97,222.67050170898438,-210.39955139160156,-27.644851684570312,222.98420150197765,-210.93161927539478,-27.647244000562,0.6176645661392772,0.33657647602149277,0.08363586634767968,3.570918089721109e-05,36.773723318943134,68.6922530411926,nan,nan,nan
168.98,222.6752166748047,-210.39096069335938,-27.646638870239258,222.98880292195426,-210.9229438440542,-27.64912057466165,0.6175342629210048,0.336619832477862,0.08365976685580724,3.501197576044769e-05,36.643908019047515,69.0927873073724,nan,0.0015096945362217493,nan
168.99,222.67999267578125,-210.3823699951172,-27.648391723632812,222.99344813346204,-210.91426844860882,-27.65100787404112,0.6173954429857941,0.33666327367391913,0.0836837309986024,3.571797110110487e-05,36.51615918673882,68.37515267666056,nan,nan,nan
169.0,222.68479919433594,-210.37379455566406,-27.650110244750977,222.98564365390692,-210.9017062365637,-27.651869675542084,0.6076193111493066,0.33660122956675653,0.08367274695827655,3.499922045339411e-05,36.73689989674205,69.82052146840437,2.3208605314268627,0.6143856650418366,nan
169.01,222.6896514892578,-210.36520385742188,-27.65179443359375,222.99035163395655,-210.89302875288806,-27.65367842149684,0.6074728361878796,0.33664449411167824,0.08369668777653835,3.570467888320247e-05,36.60465952736115,68.39324797656498,nan,nan,nan
169.02,222.69454956054688,-210.3566131591797,-27.653444290161133,222.99511354577035,-210.8843516869745,-27.65483018779773,0.6073290571384764,0.33668784232846,0.08372069229349952,3.5007630007374034e-05,36.417637699935845,68.1653180439363,nan,0.2748944573835704,nan
169.03,222.69947814941406,-210.3480224609375,-27.655061721801758,222.99990743099337,-210.87567441637233,-27.65656764453292,0.6071874563162005,0.33673127519341434,0.08374476065431959,3.5713429878685114e-05,36.28318792829038,68.35516526175518,nan,nan,nan
169.04,222.7044677734375,-210.33944702148438,-27.656646728515625,223.00475693327675,-210.86699769625102,-27.65745557547709,0.6070287869591627,0.3367747920367795,0.0837688930026965,3.5016035071343106e-05,36.094633553760836,68.82022003577609,nan,0.472038783601402,nan
169.05,222.70948791503906,-210.3308563232422,-27.658199310302734,222.99202781803044,-210.84410677802381,-27.65913140811525,0.5858802735391028,0.33671276720404686,0.08375782038525481,3.570011509109681e-05,34.95409817757704,68.10829640606609,6.277354217645592,nan,nan
169.06,222.71453857421875,-210.322265625,-27.65972137451172,222.99692092891607,-210.83539595504675,-27.660636785352832,0.5856990420303727,0.3367561071903008,0.08378192876273702,3.500322475351764e-05,34.81224955599248,67.67014494057864,nan,0.012153806290399886,nan
169.07,222.71954345703125,-210.31369018554688,-27.66121482849121,223.00180358157485,-210.82668540827504,-27.662242220263682,0.5855219312571827,0.33679953173403093,0.08380610118988022,3.570882668162956e-05,34.67091108357095,68.85180766863911,nan,nan,nan
169.08,222.72447204589844,-210.3050994873047,-27.662675857543945,223.00666527141078,-210.81797665311515,-27.66176889151431,0.585386048964455,0.3368430402349317,0.08383033780969362,3.501159629778888e-05,34.51929898737481,67.78717001265075,nan,2.964350024885433,nan
169.09,222.7293243408203,-210.2965087890625,-27.66411018371582,223.01141836449125,-210.8092663811108,-27.663296196016844,0.5852333286561918,0.3368866335656311,0.0838546387683503,3.5717535784196723e-05,34.36928664848355,67.33222153542869,nan,nan,nan
169.1,222.73410034179688,-210.28793334960938,-27.66551399230957,223.03936068790833,-210.8029007898281,-27.664942792013196,0.5986448610514331,0.336824626281983,0.08384347463876676,3.4998768508223055e-05,32.71959660775664,68.012806079987,15.361880295857322,0.0009348844626629548,nan
169.11,222.73876953125,-210.2793426513672,-27.66689109802246,223.04399416948272,-210.79417806073488,-27.6664172463307,0.5985129932244716,0.3368680425079846,0.08386775096434974,3.570417035258627e-05,32.57161368109796,67.02216621053793,nan,nan,nan
169.12,222.74334716796875,-210.270751953125,-27.66823959350586,223.048565209863,-210.7854570966167,-27.66599387081042,0.5984016051992231,0.33691154266721335,0.08389209168417563,3.5007106393160184e-05,32.564974833021644,67.09643975134506,nan,2.4713494548487325,nan
169.13,222.7478485107422,-210.26217651367188,-27.6695613861084,223.0530170176683,-210.7767342725145,-27.66739684072044,0.5982492708406661,0.33695512756732093,0.08391649694526677,3.5712848950329434e-05,32.40674807751838,67.7641391332133,nan,nan,nan
169.14000000000001,222.7522430419922,-210.2535858154297,-27.67085838317871,223.057412278012,-210.76801355970116,-27.66656017793238,0.5981493469506564,0.3369987967050259,0.08394096688938424,3.501544396259317e-05,32.65960833754761,67.25771150796835,nan,3.4581481651721786,nan
169.15,222.75656127929688,-210.2449951171875,-27.67212677001953,223.08025764666755,-210.76495485638094,-27.66783113367065,0.6124997315286924,0.33693680669421644,0.08392970830447091,3.569946974956722e-05,32.02934293361306,66.79174156298077,4.842014399559351,nan,nan
169.16,222.7607879638672,-210.23641967773438,-27.673372268676758,223.08446043967223,-210.75623291866498,-27.67062093397857,0.6123538575718801,0.3369802985062445,0.08395415293699732,3.5002573819445954e-05,31.584143437444926,67.71672085509948,nan,1.557608261079404,nan
169.17000000000002,222.7649383544922,-210.2278289794922,-27.674592971801758,223.08859993532482,-210.7475123294074,-27.67191614477522,0.6122375098677977,0.3370238749711908,0.08397866230978179,3.570811765415305e-05,31.42783799214404,66.06207251790924,nan,nan,nan
169.18,222.76901245117188,-210.21923828125,-27.67578887939453,223.0926251210367,-210.7387887282343,-27.67537276016896,0.6120931303436116,0.33706753564614617,0.0840032365636407,3.5010886226034085e-05,31.09246868871879,65.61076409226808,nan,3.368667837701718,nan
169.19,222.7729949951172,-210.2106475830078,-27.676959991455078,223.09659961960622,-210.73006725652698,-27.67664343292707,0.6119778185839332,0.3371112812485711,0.08402787584698877,3.571676737740422e-05,30.9504097672793,65.89061690971387,nan,nan,nan
169.20000000000002,222.77688598632812,-210.20205688476562,-27.67810821533203,223.11027613764293,-210.72471594937556,-27.678322236885805,0.6199367198495901,0.33704930689261653,0.08401651984843897,3.4998006924412953e-05,30.662241060559577,66.11945967585987,1.247856246868512,0.16181447266139962,nan
169.21,222.7807159423828,-210.1934814453125,-27.67923355102539,223.11411074114696,-210.71599660749067,-27.679552269426832,0.6198179475704787,0.3370928749116455,0.08404113312654306,3.5703350501400636e-05,30.522818595972726,66.71357596780747,nan,nan,nan
169.22,222.7844696044922,-210.1848907470703,-27.68033790588379,223.11787405928786,-210.70727734362097,-27.68034646424328,0.6197146817743029,0.33713652711034364,0.08406581148029332,3.5006293873017815e-05,30.382126763762713,65.26309787489811,nan,0.12116835925296861,nan
169.23,222.78814697265625,-210.17630004882812,-27.68141746520996,223.12155627981477,-210.69855698834425,-27.681529720298197,0.6196080128386645,0.33718026415043745,0.08409055505909402,3.571197819912102e-05,30.245039921026535,65.36015657967934,nan,nan,nan
169.24,222.791748046875,-210.16770935058594,-27.682477951049805,223.12515808742572,-210.68983526535402,-27.68317770202086,0.6194983580800351,0.3372240856723075,0.08411536400230399,3.501458451827622e-05,30.1215135385259,65.24512985083598,nan,0.16640657390542798,nan
169.25,222.79527282714844,-210.15911865234375,-27.683515548706055,223.14017725403957,-210.69283536350386,-27.684414272745876,0.6354631375347951,0.33716212649227456,0.08410390763136134,3.5698555877693007e-05,31.10622887251239,65.19483362536573,5.22084042435487,nan,nan
169.26,222.79873657226562,-210.15052795410156,-27.684534072875977,223.1436350331938,-210.68414187985314,-27.686699016189504,0.6353766261723678,0.33720577019513315,0.08412868985981317,3.5001674861773404e-05,31.081980201506347,64.81083007603145,nan,0.9443984689053407,nan
169.27,222.8021240234375,-210.14193725585938,-27.685531616210938,223.14703807833072,-210.6754493900196,-27.687819260948686,0.6353000361069745,0.33724949865428455,0.08415353750542826,3.5707161067267016e-05,30.95901911425636,65.01337387874074,nan,nan,nan
169.28,222.80543518066406,-210.1333465576172,-27.68651008605957,223.15036714744306,-210.66675532445782,-27.689381171141104,0.6352253280356694,0.337293311561235,0.08417845070657491,3.500994813009009e-05,30.912061338143417,65.28870228204255,nan,0.14983460440895707,nan
169.29,222.80870056152344,-210.12474060058594,-27.687467575073242,223.15363506524926,-210.65806102851374,-27.690468065544405,0.6351531261426216,0.3373372095012817,0.0842034296141193,3.57157720430683e-05,30.79741820745002,63.356726627790884,nan,nan,nan
169.3,222.8118896484375,-210.11614990234375,-27.688405990600586,223.17305365150509,-210.6601121871044,-27.691209561758136,0.6529488987394558,0.3372752639684315,0.08419186989555465,3.499703686426127e-05,31.213445694565465,64.75331198989534,3.3928047776536765,0.11197512516420612,nan
169.31,222.8150177001953,-210.10755920410156,-27.689327239990234,223.17621379564187,-210.65143900046732,-27.69225737492095,0.6528984897757154,0.3373189838220446,0.08421682136427389,3.570232384420705e-05,31.095884918158802,64.52053893877721,nan,nan,nan
169.32,222.81808471679688,-210.0989532470703,-27.690229415893555,223.1793054596587,-210.64276410387325,-27.693774448620246,0.6528577489066276,0.3373627880867881,0.08424183857622193,3.500529208254229e-05,31.0839947273532,63.36095603105106,nan,0.1672658361918875,nan
169.33,222.8210906982422,-210.09036254882812,-27.691112518310547,223.18234122136784,-210.6340891288121,-27.694792434932506,0.65280477635045,0.33740667730135526,0.08426692168322368,3.571092039676762e-05,30.971691380572384,64.53242458563349,nan,nan,nan
169.34,222.82403564453125,-210.08177185058594,-27.691978454589844,223.18532043233782,-210.62541400423567,-27.69544833177583,0.6527522724380489,0.33745065122695006,0.08429207082223256,3.501355456019678e-05,30.80423124808969,64.41636957775596,nan,0.08411940744934529,nan
169.35,222.82704162597656,-210.0731658935547,-27.692934036254883,223.17427687702727,-210.60677437562885,-27.69644144767216,0.6366495375389688,0.33738871868724074,0.0842804047885033,3.569747404214513e-05,30.210668159772364,63.38106977964371,2.770453903384639,nan,nan
169.36,222.83010864257812,-210.06455993652344,-27.69397735595703,223.17728230656977,-210.59807176647246,-27.699351756043125,0.6365479635041008,0.33743251427665333,0.08430552574933803,3.500062346814972e-05,30.566445480508705,63.964938394327234,nan,2.2551812371664792,nan
169.37,222.833251953125,-210.05596923828125,-27.69510841369629,223.18037196662976,-210.58937121427778,-27.70058135899478,0.6364274702609765,0.3374763947335063,0.0843307127904315,3.5706055224790175e-05,30.454033039319057,64.69715753528797,nan,nan,nan
169.38,222.83645629882812,-210.04736328125,-27.696325302124023,223.18354608960155,-210.5806730965202,-27.69995548616541,0.6363205639918054,0.3375203598612261,0.08435596604783731,3.500887531371122e-05,29.86813228891649,63.03126160347538,nan,2.6647623965659113,nan
169.39000000000001,222.8397216796875,-210.03875732421875,-27.697628021240234,223.18676179534503,-210.57197076763552,-27.70134008969573,0.6362131699109839,0.3375644101353463,0.08438128567471052,3.571464560112598e-05,29.754297550836625,62.984363514823855,nan,nan,nan
169.4,222.84304809570312,-210.03016662597656,-27.699012756347656,223.19412458819943,-210.56573007743089,-27.705011818373027,0.6404052645492214,0.33750248913129466,0.08436951034029302,3.4995949008265085e-05,30.423957634410627,64.92225804043113,0.657931350140767,3.1037437853968624,nan
169.41,222.846435546875,-210.0215606689453,-27.700481414794922,223.19746955335125,-210.55703154543983,-27.706589690045195,0.6403055866561744,0.3375463607924211,0.08439480103561076,3.570118338146874e-05,30.31823347779266,63.561948257356896,nan,nan,nan
169.42000000000002,222.84988403320312,-210.01295471191406,-27.70203399658203,223.2008981096209,-210.54833676348767,-27.70599809957763,0.640203512254621,0.337590317081698,0.08442015812816266,3.500418905819366e-05,29.60006317595961,62.740908048034164,nan,3.5836387055692485,nan
169.43,222.85337829589844,-210.0043487548828,-27.70366668701172,223.2043636527182,-210.53963737558922,-27.707719805857753,0.6401101904610231,0.33763435843664863,0.08444558177192557,3.5709765711914434e-05,29.488508624693388,63.20800165273124,nan,nan,nan
169.44,222.85694885253906,-209.99574279785156,-27.705379486083984,223.20789979764075,-210.5309396771141,-27.70837589167168,0.6400087842261057,0.337678484717586,0.08447107210173761,3.501243933238206e-05,29.163914942612475,62.31962514999688,nan,0.9290991440371403,nan
169.45000000000002,222.86058044433594,-209.9871368408203,-27.707170486450195,223.22670065879288,-210.52526810041837,-27.71010842128961,0.6508747156340554,0.3376165744467254,0.08445918449657608,3.569631131800616e-05,28.45154045545442,62.10946962520608,4.884795547355895,nan,nan
169.46,222.8642578125,-209.97853088378906,-27.709041595458984,223.23037401641963,-210.5165652290262,-27.71212701811408,0.6507930172184171,0.3376605218513856,0.0844846451268141,3.4999501857132885e-05,28.360919027765885,62.38883504660686,nan,0.0033265124615544485,nan
169.47,222.8679962158203,-209.9699249267578,-27.710988998413086,223.23410516506033,-210.50786203803773,-27.71415675456664,0.6507089465228347,0.3377045542417377,0.08451017248656649,3.570488411953537e-05,28.249852833750097,62.22336053577575,nan,nan,nan
169.48,222.8717803955078,-209.96131896972656,-27.713014602661133,223.2378908224008,-210.4991581908214,-27.71646896060951,0.650630313631706,0.337748671512105,0.08453576670994217,3.500774698390694e-05,28.18923587055753,62.45108576192847,nan,0.029466604651639094,nan
169.49,222.87564086914062,-209.9527130126953,-27.71511459350586,223.24173414987072,-210.49045460183984,-27.718655891841202,0.6505404274027186,0.33779287404910435,0.08456142795199863,3.571346886432379e-05,28.08105025966244,61.65601590631998,nan,nan,nan
169.5,222.87953186035156,-209.94410705566406,-27.7172908782959,223.23816310937582,-210.47914402461285,-27.72182721247675,0.6441284881499999,0.3377309731084027,0.08454942508699212,3.4994819380104996e-05,28.404698642556625,62.59973677821367,1.0185188158057539,0.4674567103835781,nan
169.51,222.8834991455078,-209.9355010986328,-27.719491958618164,223.24210195876708,-210.47043769687807,-27.72415140504804,0.6440301640922548,0.33777499648316023,0.08457505584790986,3.5700006580079255e-05,28.30704373341465,61.73397146722923,nan,nan,nan
169.52,222.88751220703125,-209.92689514160156,-27.721683502197266,223.24607866147744,-210.46172759154928,-27.728354242124347,0.6439411079767786,0.33781910468958976,0.08460075364667667,3.5003057671810426e-05,28.852313054839257,62.5586310445064,nan,2.467061200903915,nan
169.53,222.89157104492188,-209.9182891845703,-27.72385025024414,223.25012471656785,-210.4530211462895,-27.730689655291123,0.643852299674592,0.3378632980840776,0.08462651863897772,3.5708588304439314e-05,28.773096102011948,62.58450333657935,nan,nan,nan
169.54,222.89569091796875,-209.90968322753906,-27.725982666015625,223.25422677234835,-210.4443155435736,-27.732570337827447,0.6437569958020302,0.3379075766062225,0.08465235095799027,3.501130850634453e-05,28.58581959035178,62.04169100863291,nan,0.12768129570722858,nan
169.55,222.8998565673828,-209.9010772705078,-27.728076934814453,223.25707971949114,-210.4290660809546,-27.734776809127485,0.6375150607437052,0.33784568406969095,0.08464022986645574,3.5695138446953015e-05,27.675399507080037,62.24565814459694,3.0747406980646566,nan,nan
169.56,222.90406799316406,-209.89247131347656,-27.730131149291992,223.2612856057569,-210.4203381866875,-27.73744325163634,0.6374177009000631,0.33788978315343343,0.0846660309088101,3.4998376406780385e-05,27.828892962038665,62.52355623810867,nan,0.13594337054062777,nan
169.57,222.90834045410156,-209.8838653564453,-27.732145309448242,223.26554572692342,-210.41161132944626,-27.739636450735333,0.6373127459483587,0.33793396734722436,0.08469189931613298,3.570371512717586e-05,27.757525097360073,62.0076485817948,nan,nan,nan
169.58,222.91265869140625,-209.87525939941406,-27.734121322631836,223.2698715176085,-210.40288864040716,-27.739797728556358,0.6372015699435788,0.3379782366173647,0.08471783522108067,3.5006626276590656e-05,26.991002354275693,61.25418455744518,nan,2.804115545481911,nan
169.59,222.9170379638672,-209.8666534423828,-27.736055374145508,223.2742312880665,-210.3941620441232,-27.741893969365996,0.6370922107174014,0.3380225912802486,0.0847438387801137,3.571230583093766e-05,26.91117899808527,60.81120810082292,nan,nan,nan
169.6,222.92144775390625,-209.85804748535156,-27.737953186035156,223.30415189864797,-210.39192576289548,-27.742823160846044,0.6568958778150576,0.33796070578437937,0.08473159647604,3.499370782450146e-05,25.794804967840467,61.08492105354106,9.12067521519527,0.9045258568042595,nan
169.61,222.92591857910156,-209.84945678710938,-27.73981285095215,223.30866100860473,-210.3832004208317,-27.744833263844328,0.6568098951954976,0.33800488071393453,0.08475756794982181,3.5698854018979886e-05,25.707807886321845,61.69844993820004,nan,nan,nan
169.62,222.93043518066406,-209.84085083007812,-27.741636276245117,223.31322047115867,-210.37447592047462,-27.74644672894731,0.6567369764029688,0.3380491406663681,0.08478360708882399,3.5001954537356626e-05,25.550149268259908,60.25675082469375,nan,0.09156851381919934,nan
169.63,222.9349822998047,-209.83224487304688,-27.74342155456543,223.31782459691374,-210.36575061857252,-27.74838089341836,0.6566743485217513,0.3380934859346559,0.08480971404991962,3.5707445400412504e-05,25.464462239806906,60.83628878342465,nan,nan,nan
169.64000000000001,222.93959045410156,-209.82363891601562,-27.74517250061035,223.32248746068896,-210.35702898289642,-27.748554837939032,0.6566022550269671,0.33813791652019715,0.08483588896514875,3.501021548469606e-05,24.99052384021623,59.66277557398517,nan,2.100014528586909,nan
169.65,222.94424438476562,-209.81503295898438,-27.746889114379883,223.32615483060826,-210.35466400361554,-27.75023117425962,0.6611115052225927,0.3380760370380518,0.08482352249081267,3.5694009298440836e-05,25.89014159547728,59.18615564453578,5.029369701234647,nan,nan
169.66,222.94894409179688,-209.80642700195312,-27.74856948852539,223.33088076791114,-210.34595952944602,-27.75259375947389,0.6610500491950296,0.3381202876019144,0.08484966449894164,3.4997297314358216e-05,25.928900849683195,59.21351227489792,nan,0.2153764913305571,nan
169.67000000000002,222.9536895751953,-209.79782104492188,-27.75021743774414,223.33565549994287,-210.33725645892554,-27.754376564926606,0.6609885262911017,0.33816462340510867,0.08487587449378184,3.570259883294244e-05,25.840162770992826,58.992819800085236,nan,nan,nan
169.68,222.95846557617188,-209.78921508789062,-27.751832962036133,223.34046844033722,-210.32855136738348,-27.757118886881646,0.6609370254488671,0.3382090444694346,0.08490215260706799,3.50055602531415e-05,26.042885416866195,59.64834226971357,nan,0.6942157267291622,nan
169.69,222.9633026123047,-209.78060913085938,-27.753416061401367,223.34533179047327,-210.31984864963357,-27.758848069047097,0.6608744648471822,0.33825355105729504,0.08492849899613189,3.571120384712766e-05,25.961644723333986,58.86205917974178,nan,nan,nan
169.70000000000002,222.96810913085938,-209.7720184326172,-27.754966735839844,223.34740912061912,-210.31233290744768,-27.7592700577689,0.6601717447170251,0.33743826318681686,0.08429863846159541,3.499239830820318e-05,35.8540676910886,70.81766253571625,0.5845747224174817,1.0975353899514144,0.018660078614871373
169.71,222.97286987304688,-209.76341247558594,-27.756486892700195,223.35225121669293,-210.3036308358642,-27.760924746864518,0.6601407238142525,0.3374809611564147,0.0843220492964606,3.5697504120755185e-05,35.716936315006336,69.02082268644833,nan,nan,nan
169.72,222.97755432128906,-209.7548065185547,-27.757978439331055,223.35703512569026,-210.29492542017525,-27.762161186469474,0.660114841652877,0.3375237421422365,0.08434552149498209,3.5000669773495885e-05,35.505091730662265,68.789912756394,nan,0.10666198212298492,nan
169.73,222.98216247558594,-209.74620056152344,-27.759437561035156,223.361733018699,-210.28622387772404,-27.76375360307269,0.6600890905463526,0.3375666072466862,0.0843690554381417,3.57061217894904e-05,35.367843756446526,68.48605588922324,nan,nan,nan
169.74,222.98666381835938,-209.73760986328125,-27.7608699798584,223.36632100427943,-210.27753516833536,-27.76671298303398,0.6600704921026384,0.3376095556791956,0.08439265103807275,3.5008956474302146e-05,35.65792351621026,70.65569571062152,nan,1.373842971841335,nan
169.75,222.9910888671875,-209.72900390625,-27.762271881103516,223.37306186860422,-210.26911256367455,-27.768143257329797,0.661555144107463,0.3375457438409513,0.08438153951068715,3.569271507730515e-05,35.405080246850254,68.88514429486825,0.8033435471167399,nan,nan
169.76,222.9954376220703,-209.72039794921875,-27.763647079467773,223.377533210519,-210.26039716174154,-27.76814403802952,0.6615258202621332,0.33758851619887015,0.08440511211759609,3.499606691235416e-05,34.85991774287909,67.87698079887474,nan,1.6314921404159797,nan
169.77,222.9996795654297,-209.7117919921875,-27.76499366760254,223.38189146668066,-210.2516949890649,-27.769623055192106,0.661515392658806,0.3376313725806592,0.08442874668675893,3.570133266366699e-05,34.723885946612356,68.606562649134,nan,nan,nan
169.78,223.0038604736328,-209.7032012939453,-27.766315460205078,223.38618614891416,-210.24298177159062,-27.769810235719618,0.6614741865577487,0.33767431228430667,0.0844524431484981,3.500435719040989e-05,34.31392946875288,68.45254611572949,nan,1.1312228805474194,nan
169.79,223.0079345703125,-209.69459533691406,-27.767608642578125,223.39037546461796,-210.23427921527173,-27.771225115999293,0.6614626256080811,0.3377173362794361,0.08447620185752833,3.5709966484170743e-05,34.17406591588227,68.110447956721,nan,nan,nan
169.8,223.01194763183594,-209.6859893798828,-27.768877029418945,223.3763981905986,-210.22023290678973,-27.774433028118455,0.6467389155957027,0.33765356836337435,0.08446501334519993,3.4991485059768546e-05,35.218431153069766,67.60382583529118,5.195173736596323,2.239367290608673,nan
169.81,223.015869140625,-209.67738342285156,-27.77012062072754,223.3803868142409,-210.2115280254843,-27.775817030212348,0.646696250167774,0.33769641609967244,0.0844887484986911,3.569656381008499e-05,35.09046886859196,67.89373331094284,nan,nan,nan
169.82,223.01971435546875,-209.6687774658203,-27.771339416503906,223.38430359954705,-210.20281942441878,-27.77674195529096,0.6466493005227938,0.3377393471478968,0.08451254577668366,3.4999775854616896e-05,34.86138018056071,67.58865974508001,nan,0.1336167331836834,nan
169.83,223.0234832763672,-209.66018676757812,-27.772533416748047,223.38813615611673,-210.19411424399115,-27.778073834557457,0.6465918101924273,0.33778236239618326,0.0845364055165652,3.570520191295989e-05,34.73092863482789,68.71672562742913,nan,nan,nan
169.84,223.0271759033203,-209.65158081054688,-27.77370262145996,223.39188194071104,-210.18541440618117,-27.780084791814975,0.6465520347470318,0.3378254612647211,0.08456032767373142,3.500808248774698e-05,34.881842161471646,67.74220344133059,nan,0.34804500267104704,nan
169.85,223.03079223632812,-209.64297485351562,-27.774850845336914,223.37446100918794,-210.16722107588092,-27.78133573111805,0.6268846631134347,0.3377617371619386,0.08454905956161032,3.569181781347598e-05,34.92149833839576,67.66180250848227,4.468160955865716,nan,nan
169.86,223.0343475341797,-209.63436889648438,-27.77597427368164,223.37805961551405,-210.15848715254623,-27.780903901509326,0.6267872385610895,0.3378046596208475,0.08457295759302086,3.4995214858324023e-05,34.28678413159521,66.74239916202707,nan,2.0458662179984692,nan
169.87,223.03782653808594,-209.62576293945312,-27.777076721191406,223.38156055910505,-210.1497662059321,-27.78213529168384,0.626704148400219,0.3378476661902868,0.08459691829780103,3.5700456853724495e-05,34.158317676403456,66.77040593506827,nan,nan,nan
169.88,223.04122924804688,-209.61715698242188,-27.778156280517578,223.38500340650154,-210.14103870236372,-27.78254494120887,0.6266194928767354,0.3378907563649837,0.08462094164772782,3.5003525971150196e-05,33.840918553739,66.75185590089158,nan,0.4524434686173008,nan
169.89000000000001,223.04457092285156,-209.60855102539062,-27.77921485900879,223.38836563164296,-210.13231700398313,-27.783726501742734,0.6265348809476486,0.3379339309212834,0.08464502795642641,3.570911255269728e-05,33.711016659350946,66.39583457790357,nan,nan,nan
169.9,223.0478515625,-209.59994506835938,-27.780250549316406,223.37076189526724,-210.11073224640842,-27.784992548487406,0.6043154067399651,0.33787024901198226,0.08463367722791895,3.4990676394480575e-05,33.17468690761686,66.47343647100281,4.908740517142615,0.001067583371560731,nan
169.91,223.05105590820312,-209.59133911132812,-27.781267166137695,223.37396216776844,-210.10198341578212,-27.786135442338438,0.6041934774978364,0.33791324696329345,0.0846577388146362,3.569573349762156e-05,33.04675215761198,66.69116472918692,nan,nan,nan
169.92000000000002,223.05419921875,-209.58273315429688,-27.782264709472656,223.37710090485285,-210.09323232028527,-27.78703884003926,0.6040676201267339,0.337956328501269,0.08468186327044044,3.499898863617421e-05,32.88558466463957,66.42631319455039,nan,0.03416167619094375,nan
169.93,223.05728149414062,-209.57412719726562,-27.783239364624023,223.38017317559678,-210.08448215753765,-27.788140913171958,0.6039414281252873,0.33799949433448284,0.08470605089357461,3.570439404386632e-05,32.75945939163246,66.41264247806185,nan,nan,nan
169.94,223.060302734375,-209.5655059814453,-27.784196853637695,223.3831837603893,-210.07573102725456,-27.789198901839338,0.6038267755054509,0.33804274405932905,0.08473030167816785,3.5007316951847484e-05,32.65678063308887,65.02626920604303,nan,0.000453894679865275,nan
169.95000000000002,223.06326293945312,-209.55690002441406,-27.78513526916504,223.38049779664618,-210.0638332219221,-27.790210653678347,0.5980342639698629,0.3379791039759993,0.08471886564224979,3.569103386150353e-05,32.501333428686614,66.26283697644837,0.4343377279285021,nan,nan
169.96,223.066162109375,-209.5482940673828,-27.786054611206055,223.38335589217417,-210.05508722927902,-27.793001447635255,0.597912588366877,0.33802217692727027,0.0847430911002823,3.499447234287156e-05,33.012167355801004,66.89013548830209,nan,2.149802169386507,nan
169.97,223.0690155029297,-209.5396728515625,-27.786954879760742,223.38617869047798,-210.04632841736392,-27.79404773645,0.5977814471103684,0.3380653340891367,0.08476737993113359,3.5699695645508745e-05,32.90018229728246,65.21292539831393,nan,nan,nan
169.98,223.07179260253906,-209.53106689453125,-27.787837982177734,223.38894889321975,-210.0375663789057,-27.79472015493108,0.5976430411974328,0.3381085751192503,0.08479173214327439,3.5002805367153245e-05,32.69806502552917,66.91890219629529,nan,0.08981784359507991,nan
169.99,223.07452392578125,-209.52244567871094,-27.7887020111084,223.39165837781297,-210.02880601351683,-27.795728822684218,0.597515209355475,0.33815190063428724,0.08481614801406422,3.5708374177375585e-05,32.58562095889083,65.32037431200145,nan,nan,nan
170.0,223.07720947265625,-209.5138397216797,-27.78955078125,223.389999345861,-210.01627638138706,-27.79602213205277,0.5918800386721664,0.33808830085724484,0.08480462365920491,3.498997881028395e-05,32.02357406604086,66.01990214460504,0.4724472176693335,0.352793900182795,nan
170.01,223.079833984375,-209.50521850585938,-27.790382385253906,223.39259623423334,-210.00750537448536,-27.796991216340192,0.5917398076679274,0.338131449392417,0.08482901357455641,3.56950190703093e-05,31.909291328165295,64.94837249199747,nan,nan,nan
170.02,223.08251953125,-209.49661254882812,-27.791301727294922,223.39520361333663,-209.99873212346458,-27.797772575856268,0.5915549630461708,0.3381746817690752,0.08485346708709882,3.4998312973059286e-05,31.743374488830547,66.44102989972264,nan,0.035776137754524706,nan
170.03,223.0852813720703,-209.4879913330078,-27.79231071472168,223.39787691576328,-209.98995956990709,-27.79886702014582,0.5913806472427717,0.33821799854886836,0.08487798446090809,3.570370240568367e-05,31.61589255395298,64.82725000735621,nan,nan,nan
170.04,223.08810424804688,-209.4793701171875,-27.793407440185547,223.4006067458189,-209.98119245362022,-27.801030041132673,0.5912204094090004,0.3382613994720272,0.08490256572382798,3.500666316641551e-05,31.93653745257579,65.42532147497847,nan,0.6771302267004433,nan
170.05,223.09100341796875,-209.47076416015625,-27.794591903686523,223.39989197377452,-209.96598426618874,-27.802284887291247,0.5837073541795971,0.3381978394133554,0.08489095029458162,3.569036591389054e-05,31.05302774497135,66.46003696116725,2.6542423912411754,nan,nan
170.06,223.09396362304688,-209.46214294433594,-27.795860290527344,223.4027908175717,-209.95717942642392,-27.80190629209172,0.5834997076357828,0.3382410631709544,0.08491550496414307,3.4993841238042966e-05,30.3051296697403,64.70463045946266,nan,2.154555476792216,nan
170.07,223.0970001220703,-209.45352172851562,-27.797212600708008,223.40573539807042,-209.9483846233065,-27.8033428170101,0.5833046672533887,0.33828437125137933,0.08494012369454251,3.569905024979547e-05,30.18020046190026,64.29879906900179,nan,nan,nan
170.08,223.10008239746094,-209.4449005126953,-27.798648834228516,223.4087404085857,-209.93959164818799,-27.805257479425713,0.5831232816119226,0.33832776344399723,0.08496480652584254,3.500219586875458e-05,30.241191655230942,64.98807361866896,nan,0.10905620288337947,nan
170.09,223.10324096679688,-209.436279296875,-27.800168991088867,223.41181383618104,-209.93079597885813,-27.806867070862037,0.5829312384426032,0.33837124023672294,0.08498955370426654,3.570775117543998e-05,30.117248352898415,64.42014247960289,nan,nan,nan
170.1,223.10646057128906,-209.4276580810547,-27.801769256591797,223.4428290569446,-209.92951821916503,-27.807642598262824,0.6041869350695293,0.33830771845019436,0.08497784419593561,3.498939154145946e-05,28.82589048313942,64.14850944161769,12.662545885838226,0.4660951576764878,nan
170.11,223.1097412109375,-209.41903686523438,-27.803451538085938,223.44608710264373,-209.92072297746222,-27.80940719658626,0.6040306150669192,0.3383510178602407,0.08500256412052404,3.569441908205984e-05,28.701652803855442,64.06271540212174,nan,nan,nan
170.12,223.1130828857422,-209.41041564941406,-27.805212020874023,223.4494202705861,-209.9119201326684,-27.809975457554636,0.603864449605086,0.3383944013482115,0.08502734835389457,3.499774688473077e-05,28.22466319526898,63.67014704192974,nan,1.1527176648092392,nan
170.13,223.11648559570312,-209.40179443359375,-27.807052612304688,223.4528014650003,-209.90312410554296,-27.811888773111086,0.6037078700573348,0.3384378693584344,0.08505219713110522,3.570312433059565e-05,28.100266497806096,63.52666737186301,nan,nan,nan
170.14000000000001,223.11993408203125,-209.39317321777344,-27.808969497680664,223.45624713959302,-209.89432546010718,-27.813478971534884,0.6035564414676788,0.33848142174571294,0.08507711050855574,3.500611801652342e-05,27.89432377595688,63.918957072209146,nan,0.11434916531645581,nan
170.15,223.1234588623047,-209.38455200195312,-27.810964584350586,223.43142264819878,-209.86931139979578,-27.815438143319007,0.5743286341014472,0.33841793745830934,0.08506530411316153,3.568981020801994e-05,27.371979637631632,63.42400064402586,8.388355965541937,nan,nan
170.16,223.12704467773438,-209.3759307861328,-27.81303596496582,223.43494809502653,-209.86047946248274,-27.816813104966574,0.5741134042323353,0.3384613122608625,0.08509018956659847,3.499331741553904e-05,27.089567979001036,63.04943596686144,nan,0.4161519514145814,nan
170.17000000000002,223.13067626953125,-209.3673095703125,-27.815181732177734,223.43852458201235,-209.85165161887818,-27.81902454562276,0.5739098977378176,0.33850477150900665,0.08511513975754785,3.56985158457356e-05,26.965768217858276,63.35823794170869,nan,nan,nan
170.18,223.13436889648438,-209.3586883544922,-27.817358016967773,223.4421593636354,-209.84282358409033,-27.821224332509804,0.5737044889165127,0.3385483150959684,0.08514015475254187,3.5001692368324524e-05,26.85022573514306,63.011423971901344,nan,0.0029398336191344687,nan
170.19,223.13812255859375,-209.35006713867188,-27.81952476501465,223.44585051681355,-209.833996011966,-27.823499489417657,0.5734975580697234,0.3385919434084,0.0851652347717891,3.5707237746106265e-05,26.73750118390647,62.79080033357728,nan,nan,nan
170.20000000000002,223.14193725585938,-209.34144592285156,-27.821666717529297,223.48036133369885,-209.82942568649622,-27.827625421257174,0.5938776072039716,0.3385284952238553,0.08515332849303675,3.498890861763132e-05,25.64603574731708,63.29511331511138,22.48039056497923,2.6184635733121966,nan
170.21,223.1457977294922,-209.33282470703125,-27.823776245117188,223.48423625750434,-209.82058600217871,-27.829874879407978,0.5937077661839824,0.33857194572366467,0.08517837989724567,3.5693926872413454e-05,25.546236759342943,63.46011608156784,nan,nan,nan
170.22,223.1497039794922,-209.32420349121094,-27.825847625732422,223.48816973917923,-209.81174430192877,-27.831656500516992,0.5935392620730227,0.33861548052126555,0.08520349630543797,3.4997283567483646e-05,25.341333119841565,63.54477928081567,nan,0.13257708841947688,nan
170.23,223.1536865234375,-209.31558227539062,-27.827880859375,223.49215387473808,-209.80290486940186,-27.8338297829001,0.5933623245719039,0.33865909996968374,0.0852286779286902,3.570265232770356e-05,25.24352415800601,62.52945616672027,nan,nan,nan
170.24,223.15769958496094,-209.3069610595703,-27.829872131347656,223.49618938462228,-209.7940668663599,-27.836253995734847,0.5932016012082081,0.3387028040126503,0.08525392484693677,3.500567393466252e-05,25.289842286672982,63.48897113921625,nan,0.058925281154067775,nan
170.25,223.1617889404297,-209.29833984375,-27.83182716369629,223.50214206369108,-209.78179159003784,-27.83831893204279,0.5912765702772379,0.33863939100460927,0.08524191583601674,3.5689358537294875e-05,24.60441552403401,62.54627739211244,2.028493927942956,nan,nan
170.26,223.16590881347656,-209.2897186279297,-27.833742141723633,223.5063213656766,-209.772925164305,-27.837290192966556,0.5910853163112733,0.338682917017354,0.08526713343792026,3.4992892652776274e-05,23.658911322927242,62.4231041162514,nan,6.744370776557873,nan
170.27,223.1700897216797,-209.28109741210938,-27.83561897277832,223.51052802884377,-209.76407294479864,-27.83928328086049,0.5909120351752408,0.3387265276071569,0.0852924164426358,3.569808353565729e-05,23.55210063198966,61.8810912578709,nan,nan,nan
170.28,223.17433166503906,-209.27247619628906,-27.837459564208984,223.51478706794063,-209.75522027138783,-27.841061652189875,0.590732340781892,0.33877022274697743,0.08531776493826954,3.500128601097845e-05,23.42481065715656,61.25445455182808,nan,0.022394428341813898,nan
170.29,223.17860412597656,-209.26385498046875,-27.839262008666992,223.51909508009987,-209.7463686387523,-27.84298039608124,0.5905652772343974,0.3388140027459533,0.08534317912388809,3.570682436661684e-05,23.318750838005528,61.88131001429718,nan,nan,nan
170.3,223.1829376220703,-209.25523376464844,-27.841028213500977,223.4690666423875,-209.7038623640011,-27.844479387822993,0.5321177943172148,0.338750623548213,0.08533106439451654,3.49885206543584e-05,22.10500487461834,62.123076128759436,31.310404523098004,0.10482350035935435,nan
170.31,223.18731689453125,-209.24661254882812,-27.84276008605957,223.47339752528123,-209.6949440592462,-27.846324463012373,0.5318420586105707,0.33879422527833064,0.08535644854327488,3.569353239911791e-05,21.999979399981182,62.01410785370788,nan,nan,nan
170.32,223.19174194335938,-209.23800659179688,-27.844457626342773,223.47778763353193,-209.6860199119133,-27.84664408411268,0.531547601316767,0.3388379115114596,0.08538189837506752,3.499691312598297e-05,21.65843124687104,63.09717054917628,nan,1.5715246747786413,nan
170.33,223.19622802734375,-209.22938537597656,-27.84612274169922,223.48221553242038,-209.67710208489484,-27.848407424687924,0.5312667167072777,0.3388816825315399,0.08540741408170258,3.570227585336485e-05,21.5494071800141,61.01786248608715,nan,nan,nan
170.34,223.20074462890625,-209.22076416015625,-27.84775161743164,223.48668372817897,-209.66818894968094,-27.851233959347457,0.5310011652334934,0.33892553834939404,0.0854329957619691,3.500532057178609e-05,21.63053143321425,61.7038239588663,nan,0.8474865507773938,nan
170.35,223.20529174804688,-209.21214294433594,-27.849349975585938,223.48183654592643,-209.65018942872192,-27.852908358624113,0.5180486558297434,0.3388621919101902,0.08542077243577403,3.568899995563544e-05,20.9431878201885,61.56172688804927,2.67527315723162,nan,nan
170.36,223.20980834960938,-209.20352172851562,-27.850915908813477,223.4863464287569,-209.64124230321457,-27.852550634928782,0.5177598700776662,0.3389058692268415,0.0854463233479167,3.499255624026393e-05,20.545448207305427,60.96240934989742,nan,2.9274594635149147,nan
170.37,223.21426391601562,-209.19491577148438,-27.85245132446289,223.49079537320358,-209.63230319421862,-27.85417767954752,0.5174750087516111,0.33894963125883687,0.08547194031668567,3.5697741985186184e-05,20.431031010276044,62.129980490004876,nan,nan,nan
170.38,223.2186279296875,-209.18629455566406,-27.853954315185547,223.4951800068653,-209.62336211721487,-27.85516475495262,0.5172142398617333,0.3389934780385531,0.08549762344726802,3.50009657397073e-05,20.26909829892128,61.12340905398357,nan,0.26265558244634124,nan
170.39000000000001,223.22293090820312,-209.17767333984375,-27.85542869567871,223.49948348807183,-209.61442338810485,-27.856726376032743,0.5169464363572059,0.33903740981755315,0.08552337292204351,3.5706499367274135e-05,20.155780877554868,60.26046932648017,nan,nan,nan
170.4,223.22714233398438,-209.16905212402344,-27.856874465942383,223.49497428624773,-209.59683973968203,-27.858540366723158,0.5047167264807738,0.33897409478457174,0.0855110380245692,3.4988216333757865e-05,19.53074716264675,60.818099677560035,2.417145735488858,0.0703391800787855,nan
170.41,223.2312774658203,-209.1604461669922,-27.85828971862793,223.4991079847829,-209.58787978351756,-27.860047692985297,0.5044162704528656,0.3390178478130415,0.08553675598227302,3.5693223745907414e-05,19.4188069286478,61.902901206942936,nan,nan,nan
170.42000000000002,223.23532104492188,-209.15182495117188,-27.859678268432617,223.503155756261,-209.57892259227543,-27.862296958476826,0.504137565721786,0.33906168553700367,0.08556254028623303,3.499662399096268e-05,19.411000756034017,60.713988418828706,nan,0.41805866517388357,nan
170.43,223.2393035888672,-209.14320373535156,-27.861038208007812,223.50712706659652,-209.56996284762673,-27.863757555042678,0.5038453631633605,0.3391056081897615,0.08558839111323611,3.570198275343929e-05,19.306868432019495,59.91921390047863,nan,nan,nan
170.44,223.24319458007812,-209.13458251953125,-27.86237144470215,223.51101836211046,-209.5610034302317,-27.865265795262854,0.5035600744398514,0.3391496158311451,0.08561430857672347,3.5005046152021306e-05,19.223667240484723,60.18045955110315,nan,0.0038561010542787037,nan
170.45000000000002,223.24700927734375,-209.1259765625,-27.863677978515625,223.52232160880286,-209.55358705316348,-27.866790447629704,0.5085836205019767,0.33908633105127767,0.08560185921069463,3.568872215283743e-05,18.92933092710744,61.51390461357429,1.5685468336021064,nan,nan
170.46,223.25074768066406,-209.1173553466797,-27.864957809448242,223.52607120423013,-209.5446282205962,-27.868785718980664,0.50831073597269,0.33913015969583965,0.08562774439708182,3.4992296272238574e-05,18.96284109589922,60.083655367571275,nan,0.2621515837530069,nan
170.47,223.25440979003906,-209.10873413085938,-27.866212844848633,223.52974865311293,-209.53566743576968,-27.870153020464056,0.5080345080251227,0.3391740731990274,0.08565369628226562,3.5697478733542026e-05,18.865777046826217,59.969703637040574,nan,nan,nan
170.48,223.25799560546875,-209.10011291503906,-27.867443084716797,223.53336986775133,-209.52669565124927,-27.867897238835287,0.5077440510889588,0.3392180716359961,0.08567971498453461,3.5000719523677344e-05,18.32398201946144,59.50173300291468,nan,9.14447181129277,nan
170.49,223.2615203857422,-209.09149169921875,-27.868648529052734,223.5369016539955,-209.51773415436668,-27.869180458698843,0.5074620738779253,0.33926215521701897,0.0857058006735137,3.570625017713569e-05,18.214422179418108,59.0255256082904,nan,nan,nan
170.5,223.2649688720703,-209.0828857421875,-27.869829177856445,223.54598832919143,-209.50434466388563,-27.871683094193784,0.5065599618657068,0.3391988993392869,0.08569323387843449,3.498798357003205e-05,17.372477519945598,61.12543586864918,4.850941407033347,1.1213932619773892,nan
170.51,223.26834106445312,-209.0742645263672,-27.870986938476562,223.54940187233098,-209.4953633210627,-27.872932408787786,0.5062836729282358,0.3392428036635465,0.08571928651400573,3.569298830326737e-05,17.269938546057674,59.78923036871698,nan,nan,nan
170.52,223.2716522216797,-209.06564331054688,-27.872121810913086,223.55274869904952,-209.48638081077013,-27.873839805125975,0.5060021987975494,0.3392867928648432,0.08574540614359873,3.499640402377534e-05,17.13889544811745,59.38355693826584,nan,0.07217955497675656,nan
170.53,223.27490234375,-209.05702209472656,-27.873233795166016,223.55602739876886,-209.47739877359683,-27.875041861660666,0.5057184175030653,0.3393308671407427,0.08577159293267773,3.570176038103218e-05,17.037687949369264,59.07869354904015,nan,nan,nan
170.54,223.278076171875,-209.04840087890625,-27.87432289123535,223.55923926016837,-209.46841718195515,-27.87658955410918,0.505441900524789,0.33937502658551877,0.08579784700568845,3.5004838517085376e-05,16.98441332127885,59.44426951669312,nan,0.09515741702685744,nan
170.55,223.2812042236328,-209.03977966308594,-27.875391006469727,223.57077896289687,-209.47293821666543,-27.877776500643908,0.521042755195171,0.3393117983758446,0.0857851598753187,3.5688512509527684e-05,18.066027433578743,57.907788937370576,7.900286538883618,nan,nan
170.56,223.2842559814453,-209.03115844726562,-27.87643814086914,223.57386316147873,-209.46399207446964,-27.87891971634035,0.5207911537097316,0.3393557783255212,0.08581138011601852,3.640763349233136e-05,17.967459279619185,58.286660049865496,nan,nan,nan
170.57,223.28724670410156,-209.0225372314453,-27.877464294433594,223.576886005337,-209.4550453286144,-27.880042833403976,0.5205389781757012,0.3393998432593236,0.08583766767722552,3.7141194366356305e-05,17.86961464209856,58.193647252307635,nan,nan,nan
170.58,223.29019165039062,-209.013916015625,-27.878469467163086,223.57984868881655,-209.44609782855758,-27.881101000581697,0.5202780451907498,0.3394439933014498,0.08586402269489705,3.635866645206719e-05,17.774693763199917,57.60629266230926,nan,0.0013336806596381465,nan
170.59,223.29306030273438,-209.0052947998047,-27.87945556640625,223.5827520826408,-209.43714975174706,-27.882184581911222,0.5200264170098772,0.3394882286369707,0.08589044533057666,3.709086776523726e-05,17.67819963195245,58.10792638915177,nan,nan,nan
170.6,223.29588317871094,-208.99667358398438,-27.880420684814453,223.56824760550222,-209.41830318309778,-27.884360713963485,0.5019655602325404,0.3394250267351666,0.08587763492026897,3.628835292875104e-05,17.645623870929807,58.19915721543071,2.9333173142967937,0.7817275029792219,nan
170.61,223.29864501953125,-208.98805236816406,-27.88136863708496,223.57101019051547,-209.40933561356496,-27.885418484481416,0.5016759516707084,0.3394690822840181,0.08590402291236927,3.7018347279410236e-05,17.55561873440839,58.16736835972069,nan,nan,nan
170.62,223.30136108398438,-208.9794158935547,-27.882295608520508,223.57371429646315,-209.4003694593825,-27.887371279786127,0.5014019738388028,0.3395132228809062,0.08593047853066771,3.624220095777146e-05,17.72097920741025,56.69551398949193,nan,0.5484120029309318,nan
170.63,223.30401611328125,-208.97079467773438,-27.88320541381836,223.57636680095374,-209.39140071713445,-27.88840218327369,0.5011101115206726,0.3395574487018328,0.08595700193348321,3.697098649949804e-05,17.636564696862408,58.15900632247618,nan,nan,nan
170.64000000000001,223.30661010742188,-208.96217346191406,-27.884096145629883,223.5789626427146,-209.38243348291468,-27.890442060748036,0.5008339638747552,0.33960175986178154,0.08598359325219475,3.619745057776167e-05,17.914677097395916,58.70621355719727,nan,0.6944444006680828,nan
170.65,223.3091583251953,-208.95355224609375,-27.88496971130371,223.58773418164202,-209.36925679589862,-27.891508665174833,0.5004573292911357,0.3395385829725286,0.08597065665710715,3.6901679834548476e-05,17.08591808337619,58.87581590641862,4.726921538268383,nan,nan
170.66,223.31166076660156,-208.94491577148438,-27.885826110839844,223.59024753458016,-209.36027070538438,-27.893961757534566,0.5001964585590132,0.33958271407403734,0.08599721251837558,3.6131675017798205e-05,17.659390976491363,57.842228391473164,nan,1.4137928338337362,nan
170.67000000000002,223.31411743164062,-208.93629455566406,-27.88666534423828,223.59271466274163,-209.35128116545678,-27.894951408425637,0.4998989521334466,0.3396269303301472,0.08602383632755631,3.685733316696644e-05,17.58969686765988,58.99082897644886,nan,nan,nan
170.68,223.31651306152344,-208.9276580810547,-27.887487411499023,223.62143137891283,-209.37042733120285,-27.89481461075129,0.5376555375007548,0.33536991963108,0.08112543217155002,3.608956260603902e-05,26.3448087742589,66.76410472982587,nan,0.8087059267058296,0.1607619051467129
170.69,223.31898498535156,-208.91903686523438,-27.888399124145508,223.62385079000975,-209.36146114990095,-27.895814989753003,0.5373429087420093,0.33541741620576265,0.08114357747002467,3.681420836231856e-05,26.205550613317307,67.86874700887553,nan,nan,nan
170.70000000000002,223.321533203125,-208.910400390625,-27.8893985748291,223.6171916088639,-209.35411391910839,-27.89744686957157,0.5332545014263833,0.3353580060305337,0.08113408136381062,3.6026890960026104e-05,27.395746288047338,66.10912587837998,6.827639186992206,0.09735465387089129,nan
170.71,223.3241424560547,-208.90176391601562,-27.890485763549805,223.6197317586914,-209.34516589512373,-27.898633162949217,0.5329584702649974,0.33540530597180634,0.08115223043388864,3.674968883889245e-05,27.26200029442997,66.32138290074194,nan,nan,nan
170.72,223.3268280029297,-208.8931427001953,-27.891660690307617,223.622339117155,-209.33621431896339,-27.89981841387696,0.5326404288469705,0.3354526889968343,0.08117043875978279,3.598796086084423e-05,27.161386213249518,67.35119008105377,nan,0.005300580480937818,nan
170.73,223.32957458496094,-208.88450622558594,-27.892921447753906,223.62501754624884,-209.3272650290643,-27.901178969672113,0.5323439565735607,0.3355001572958228,0.08118870956736275,3.670988465080189e-05,27.02863885580568,66.10671964864869,nan,nan,nan
170.74,223.33238220214844,-208.87586975097656,-27.89426612854004,223.62779134388467,-209.3183485953332,-27.9036830780174,0.532111612034517,0.33554770899751085,0.08120703998028793,3.595046296838347e-05,27.496919343318122,66.84657522522033,nan,0.7474431216378835,nan
170.75,223.33526611328125,-208.86724853515625,-27.895694732666016,223.62635043205296,-209.31360268596418,-27.905265663434857,0.5329668951201794,0.335488207470812,0.0811975570513436,3.664857273329076e-05,28.46465421316138,67.27880664417263,5.774209456519374,nan,nan
170.76,223.33822631835938,-208.85861206054688,-27.897205352783203,223.62919547931048,-209.30464933953752,-27.906018297830958,0.5326255484619414,0.33553556228368175,0.08121589084400042,3.5892337024246084e-05,27.99095017481449,65.1590213087986,nan,0.513182065930026,nan
170.77,223.34124755859375,-208.8499755859375,-27.8987979888916,223.6321284756465,-209.2957225768031,-27.907720281948272,0.5323360734391099,0.3355830022525855,0.08123428722989154,3.6611787680357136e-05,27.863452844076242,65.18629415202582,nan,nan,nan
170.78,223.3443145751953,-208.84133911132812,-27.90047264099121,223.63512345326586,-209.28679182296162,-27.909388305767514,0.5320501958882142,0.33563052562683543,0.08125274357755566,3.585773061888814e-05,27.76699434293915,65.68993207885515,nan,0.009101893686744245,nan
170.79,223.3474578857422,-208.83270263671875,-27.902225494384766,223.63818540586632,-209.2778642908735,-27.911253000547823,0.5317639374335718,0.33567813441656197,0.08127126274990577,3.6576481226699206e-05,27.640945790597065,65.19591900610105,nan,nan,nan
170.8,223.35067749023438,-208.82408142089844,-27.9040584564209,223.63904202706422,-209.25906462378993,-27.91295196171326,0.5219612891155951,0.33561853948320425,0.08126178671656559,3.5802620288240924e-05,26.105171367635958,66.75560191040191,11.599644702896272,0.018068633619183563,nan
170.81,223.35394287109375,-208.81544494628906,-27.905967712402344,223.6422337912773,-209.2500969461948,-27.91497330279294,0.5216465434953164,0.33566595106503155,0.08128030872802602,3.651983062038895e-05,25.98025931264801,65.82870219768255,nan,nan,nan
170.82,223.35726928710938,-208.8068084716797,-27.907955169677734,223.64549175071704,-209.24113436208478,-27.91725207412003,0.5213421141980163,0.335713446052851,0.08129889104784395,3.577085787123234e-05,26.039940311047562,65.83852096653915,nan,0.021590848483205954,nan
170.83,223.3606719970703,-208.7981719970703,-27.910018920898438,223.6488065614952,-209.2321665193061,-27.919431507114044,0.5210195479310382,0.33576102633898797,0.08131753630939816,3.6487480970003345e-05,25.917704166101075,65.1859448121689,nan,nan,nan
170.84,223.36412048339844,-208.78953552246094,-27.912158966064453,223.65216084346523,-209.22317370727794,-27.920811512512383,0.5206574602546479,0.33580869034873195,0.08133624222166093,3.57404840201263e-05,25.449754663938478,65.12076714619761,nan,0.5194228711744229,nan
170.85,223.3676300048828,-208.78089904785156,-27.91432762145996,223.66073985069505,-209.2175655357273,-27.9231071193013,0.5259924742124572,0.3357490037092349,0.08132677226566348,3.643388837229347e-05,25.52904876273324,64.79500487317112,0.41046326303106956,nan,nan
170.86,223.37120056152344,-208.7722625732422,-27.916488647460938,223.6643001951583,-209.20867469531754,-27.927902639721303,0.5258262210564604,0.33579647024880177,0.08134548057333894,3.568971790308241e-05,26.930713176157848,66.06514974423229,nan,4.182003766568823,nan
170.87,223.3748321533203,-208.76364135742188,-27.918624877929688,223.6678604155784,-209.19971515329306,-27.930225427185913,0.5255097436494726,0.3358440219701429,0.08136425194250049,3.640442271020228e-05,26.842448189338043,67.1969800307503,nan,nan,nan
170.88,223.37850952148438,-208.7550048828125,-27.92072868347168,223.6715172545234,-209.19080137811605,-27.934202596416924,0.5253129193819408,0.3358916574126878,0.08138308429609495,3.566209671252933e-05,28.104205907348383,67.37368197148382,nan,1.9235442624592645,nan
170.89000000000001,223.3822479248047,-208.74636840820312,-27.922794342041016,223.67519218945716,-209.18184194231708,-27.936479654083058,0.525015074899916,0.3359393782981371,0.08140197994989434,3.637636005336606e-05,28.030673921505564,67.10888940993485,nan,nan,nan
170.9,223.38604736328125,-208.73773193359375,-27.924819946289062,223.68844186187695,-209.18293911372115,-27.937926856482616,0.5383527255552416,0.33587959817555185,0.08139251027234336,3.5614154032410756e-05,28.486620710458308,65.80844379705097,6.439168213534351,0.2794726935163672,nan
170.91,223.38990783691406,-208.72909545898438,-27.926807403564453,223.69223987173086,-209.17401085135077,-27.940119064208083,0.5380813748403702,0.3359271212683797,0.08141140774614644,3.63271343367237e-05,28.411458767146538,65.40650949862145,nan,nan,nan
170.92000000000002,223.39381408691406,-208.72047424316406,-27.928756713867188,223.69604086438397,-209.16502245302462,-27.93994731658758,0.5376703130165535,0.335974728077402,0.08143036652822769,3.5589198987196865e-05,26.92054234525836,65.46859090517552,nan,3.6909402899831782,nan
170.93,223.3977813720703,-208.7118377685547,-27.930665969848633,223.6999483785947,-209.15609444590194,-27.942040351781575,0.5373995457421749,0.3360224202145163,0.08144938873592861,3.630183194548452e-05,26.837391894693717,63.80308362785359,nan,nan,nan
170.94,223.40179443359375,-208.7032012939453,-27.932538986206055,223.70388746319247,-209.14714092956623,-27.943082623143795,0.5370789205389151,0.33607019638332347,0.08146847258691584,3.5565538063162096e-05,26.270970745373514,63.36777947652431,nan,0.7021741599651191,nan
170.95000000000002,223.40586853027344,-208.69456481933594,-27.93437385559082,223.70756239794196,-209.13786234744617,-27.945005516755966,0.5363253867164647,0.3360103241801443,0.08145900175595108,3.6255419412385075e-05,26.15260297050071,62.93766541866948,0.3376374791531694,nan,nan
170.96,223.4099884033203,-208.68594360351562,-27.93617057800293,223.71164200197362,-209.1289486881237,-27.9475719924427,0.5360768515990246,0.33605790228668225,0.08147808693266922,3.552159825741912e-05,26.565272480078722,64.86529820944465,nan,0.2425835483470036,nan
170.97,223.41415405273438,-208.67730712890625,-27.93793296813965,223.71576060836554,-209.12002074286997,-27.949514040105566,0.5358133813338302,0.33610556560762705,0.08149723566306266,3.623277236847953e-05,26.480802563527128,63.49382764416268,nan,nan,nan
170.98,223.4183807373047,-208.66867065429688,-27.939661026000977,223.7199120463343,-209.1110721093325,-27.95055153455864,0.5354986283076583,0.33615331295147405,0.08151644634785041,3.5500464900753916e-05,25.994797657165265,62.58986649519313,nan,0.5193101364119092,nan
170.99,223.4226531982422,-208.66004943847656,-27.94135284423828,223.7241326715441,-209.1021448577118,-27.952416779538627,0.5352201819770271,0.33620114577320637,0.08153572083231671,3.621141057286429e-05,25.907131920114267,63.947893992516754,nan,nan,nan
171.0,223.42697143554688,-208.6514129638672,-27.943012237548828,223.72831011536718,-209.09400234944604,-27.953269626898916,0.5355329851831653,0.3361411799729292,0.08152624346529773,3.545908401922987e-05,25.540676117569358,61.802026058428524,0.17627242713354194,0.7223343661494727,nan
171.01,223.43125915527344,-208.6427764892578,-27.944639205932617,223.73258743700373,-209.0850796833128,-27.955060181565955,0.5352937937011192,0.33618881440745263,0.08154551866640736,3.6168956577420997e-05,25.449439770317973,61.90903139563462,nan,nan,nan
171.02,223.4355010986328,-208.6341552734375,-27.946231842041016,223.73678841206802,-209.0761132470571,-27.954899314133716,0.534954223046629,0.3362365328531118,0.08156485612337291,3.5440367793091474e-05,24.43800145077639,61.966614967742515,nan,2.5363692847380728,nan
171.03,223.43968200683594,-208.62551879882812,-27.94779396057129,223.74096810303735,-209.06719107109436,-27.956607789631168,0.5347199186824794,0.33628433666530483,0.08158425751349022,3.615008867632864e-05,24.34132532022795,60.21483165461678,nan,nan,nan
171.04,223.44378662109375,-208.6168975830078,-27.949323654174805,223.745076195906,-209.05826918653574,-27.958285879878527,0.5344760254500858,0.3363322253828545,0.08160372221551496,3.687413718614839e-05,24.2429377125301,61.4338556277215,nan,nan,nan
171.05,223.4477996826172,-208.60826110839844,-27.950824737548828,223.74561296621548,-209.0471924086793,-27.95984427389058,0.5305042792378494,0.336272167113614,0.08159423635238763,3.7588546286166185e-05,24.07251114169679,60.41430907493806,0.495277674305311,nan,nan
171.06,223.45175170898438,-208.59963989257812,-27.952295303344727,223.74955861642428,-209.0382625880445,-27.961302731309008,0.5302451856034444,0.3363198565393665,0.08161370044400836,3.677412181555478e-05,23.988177962276303,61.0695204189152,nan,0.01611555660187639,nan
171.07,223.4556121826172,-208.59100341796875,-27.9537353515625,223.75342962468613,-209.02933632399626,-27.962889876181446,0.5300139343715529,0.3363676312673573,0.08163322866133087,3.7509858924876234e-05,23.891733564751426,60.06640155825863,nan,nan,nan
171.08,223.4593963623047,-208.58238220214844,-27.95514678955078,223.7572264681917,-209.02041328645328,-27.964594339076992,0.5297766123395732,0.3364154902615308,0.08165281969950638,3.6700010354315174e-05,23.96366460460858,61.40638167285293,nan,0.013543916402968186,nan
171.09,223.46311950683594,-208.57374572753906,-27.956531524658203,223.7609447479008,-209.01148707819195,-27.966127384761016,0.5295370098660386,0.336463434820439,0.08167247511161492,3.743400272301932e-05,23.869358526287627,59.461394430349145,nan,nan,nan
171.1,223.4667510986328,-208.56512451171875,-27.957887649536133,223.74446567157935,-208.9879883052667,-27.966715959936625,0.5059813346213129,0.33640328276518844,0.08166297567407166,3.6605794585068857e-05,22.728635328531958,61.63907048216023,8.108320042335881,0.6811690102785469,nan
171.11,223.47032165527344,-208.55648803710938,-27.959217071533203,223.748006525671,-208.9790258807529,-27.968187654274903,0.5056951531440358,0.3364510283328483,0.08168263061757094,3.733722681647777e-05,22.633724227071585,59.75892020198563,nan,nan,nan
171.12,223.47381591796875,-208.5478515625,-27.960519790649414,223.75145747451202,-208.97004370883664,-27.96865783390615,0.5053684498424489,0.3364988581542142,0.08170234867045997,3.653713224968047e-05,22.17038810089979,59.42137815930315,nan,0.6159108283505323,nan
171.13,223.4772491455078,-208.5392303466797,-27.9617977142334,223.75485593971828,-208.96108109618518,-27.97006893472646,0.5050663324144733,0.3365467734263869,0.08172213122943232,3.726703562033505e-05,22.071948445164487,60.32408981216478,nan,nan,nan
171.14000000000001,223.48060607910156,-208.5305938720703,-27.963048934936523,223.75820307439085,-208.95213766930706,-27.97244265911621,0.5048242336064933,0.3365947732652267,0.08174197722258777,3.6471099781502624e-05,22.536390470173814,59.68142857704033,nan,0.6328191271135745,nan
171.15,223.48390197753906,-208.52197265625,-27.964275360107422,223.7507285551868,-208.94126191054855,-27.97376294494352,0.49708139733394174,0.33653452838469444,0.0817324619018649,3.7176103643325995e-05,22.89193513793386,60.6059274845932,2.030117766238113,nan,nan
171.16,223.48712158203125,-208.51333618164062,-27.965476989746094,223.7538637036554,-208.9322607668273,-27.972870398391002,0.4966928930574584,0.33658232895020584,0.08175230683955159,3.6385185438640875e-05,21.85437291803075,58.521583556142204,nan,3.2727745834822066,nan
171.17000000000002,223.49029541015625,-208.5047149658203,-27.966655731201172,223.75697363060831,-208.92330184956475,-27.97417242699326,0.4963756170703704,0.3366302148551399,0.0817722164187513,3.711140742867702e-05,21.755577808092692,59.189165133323264,nan,nan,nan
171.18,223.49339294433594,-208.49607849121094,-27.967809677124023,223.75996864182812,-208.91428756935701,-27.972487401578707,0.49596705197352703,0.3366781853084727,0.08179218970713595,3.6324377667980554e-05,20.71839405435429,57.23207218688062,nan,5.752327076595788,nan
171.19,223.49642944335938,-208.48744201660156,-27.968942642211914,223.76295257319808,-208.90532758934205,-27.97371537130399,0.4956669341267884,0.3367262413678615,0.08181222789344907,3.7049356057964183e-05,20.614331215780354,57.06570147815792,nan,nan,nan
171.20000000000002,223.49940490722656,-208.47882080078125,-27.970050811767578,223.788159762057,-208.9035683788535,-27.974813895398935,0.5136268667350509,0.3366659025295039,0.0818026918696814,3.62438134324811e-05,20.114822000249934,58.30077329630984,5.3181018040627785,0.002563962103851065,nan
171.21,223.5023193359375,-208.47018432617188,-27.97113800048828,223.7910624717811,-208.89461109469525,-27.975997145090748,0.5133559112567534,0.33671375898447886,0.0818227283229613,3.696673111659487e-05,20.012403807063365,56.867767502627494,nan,nan,nan
171.22,223.5051727294922,-208.4615478515625,-27.97220230102539,223.79394415588865,-208.8856931231596,-27.979452499621992,0.5131673347953037,0.3367616999655964,0.08184282875068259,3.618804705440177e-05,20.71145810737353,57.70898390321847,nan,3.467748544900341,nan
171.23,223.5079803466797,-208.45291137695312,-27.973247528076172,223.79673037820518,-208.87673454335294,-27.98061725752541,0.5128907973392519,0.3368097264453592,0.08186299421756921,3.690990007112366e-05,20.61688989232639,57.20987025938862,nan,nan,nan
171.24,223.51072692871094,-208.4442901611328,-27.97426986694336,223.7994665708029,-208.86778211379897,-27.982151045041594,0.5126188914355444,0.33685783776031625,0.08188322397622094,3.6134704164308524e-05,20.749052217232848,58.8807033711507,nan,0.10008341412369855,nan
171.25,223.51341247558594,-208.43565368652344,-27.97527313232422,223.8120278243697,-208.86642720426195,-27.983258274540404,0.524214376577247,0.3367974056832689,0.08187366453956152,3.683258923332417e-05,21.0853337732715,57.242638062155805,2.082560842742827,nan,nan
171.26,223.51605224609375,-208.42701721191406,-27.976255416870117,223.8146738558571,-208.85749828548592,-27.98509602292719,0.5239913900406119,0.3368453171034284,0.08189389193195078,3.606170551435541e-05,21.40926963262425,57.34013364436295,nan,0.3523931879932976,nan
171.27,223.51864624023438,-208.4183807373047,-27.977218627929688,223.81725526818082,-208.84855683500356,-27.986193917887537,0.5237359854281339,0.3368933139170509,0.08191418450700662,3.678076691081972e-05,21.320896955629166,57.01278663986658,nan,nan,nan
171.28,223.52117919921875,-208.4097442626953,-27.97816276550293,223.81977547014534,-208.83960579533672,-27.986694411404823,0.5234629492503614,0.3369413955383018,0.08193454162708376,3.601311711718972e-05,21.040672607613313,56.992193888377386,nan,0.22334609027179803,nan
171.29,223.52365112304688,-208.40110778808594,-27.979087829589844,223.82225340662046,-208.83066355108176,-27.987750126821712,0.5232174621241281,0.33698956282340553,0.08195496419322125,3.673134681549986e-05,20.95100145078059,57.24483604544796,nan,nan,nan
171.3,223.52609252929688,-208.39247131347656,-27.979995727539062,223.82982975504018,-208.8202337913477,-27.988958564978073,0.5247069393782172,0.3369290365802662,0.0819453767861242,3.594492881613961e-05,20.57399047839304,56.949218922537895,1.7221347938697298,0.010562575072027168,nan
171.31,223.52847290039062,-208.3838348388672,-27.980884552001953,223.83222023520688,-208.81127877290615,-27.989981640151118,0.5244554482198404,0.3369770036391195,0.08196579627809009,3.6661504873099714e-05,20.48690052831362,57.30397418071424,nan,nan,nan
171.32,223.5308074951172,-208.3751983642578,-27.981754302978516,223.83453017548382,-208.80228997964738,-27.988764803404795,0.524121991163691,0.33702505547438427,0.08198628055959238,3.590088125520086e-05,19.489630296588246,56.26934220462679,nan,3.312672286059878,nan
171.33,223.53311157226562,-208.36656188964844,-27.982608795166016,223.83682566376123,-208.79333352496405,-27.989732163391363,0.5238578246603196,0.3370731928718084,0.08200683043502713,3.661677113791669e-05,19.398974240480396,55.618375062877675,nan,nan,nan
171.34,223.5353546142578,-208.35792541503906,-27.983444213867188,223.83905846933982,-208.78435956475155,-27.9895205245192,0.5235637852103863,0.3371214153511837,0.08202744541100473,3.5859009095960554e-05,18.93498392078562,55.7190382160903,nan,0.9087027338556517,nan
171.35,223.5375518798828,-208.34927368164062,-27.984264373779297,223.85046202673672,-208.77231050591806,-27.990368056249224,0.5262225476341387,0.3370607954595894,0.08201782700595486,3.655164744859292e-05,17.94885420280189,54.798981764617714,5.90704306487896,nan,nan
171.36,223.53970336914062,-208.34063720703125,-27.985069274902344,223.85261208715588,-208.76329875255752,-27.98904299322385,0.5258996466189149,0.3371088174146619,0.08203843823072943,3.57975491759871e-05,17.264430227941066,55.50782761647344,nan,3.359404441069485,nan
171.37,223.54193115234375,-208.33200073242188,-27.9859619140625,223.85480848204878,-208.75431734569185,-27.989965380379687,0.5256040078136025,0.33715692483209836,0.08205911519865279,3.6511366962788515e-05,17.159986090949882,55.38112589946988,nan,nan,nan
171.38,223.5442352294922,-208.32334899902344,-27.9869441986084,223.85705633065692,-208.7453128274414,-27.989305240235602,0.5252771538384582,0.33720511729546426,0.0820798575010375,3.575989774802234e-05,16.77701169226347,53.573151033799626,nan,1.89098068194943,nan
171.39000000000001,223.54661560058594,-208.31471252441406,-27.988014221191406,223.8594001958077,-208.7363300385227,-27.9903905298351,0.5249773119421098,0.33725339549493577,0.08210066581583447,3.6473215552698745e-05,16.674844646843727,54.717205534455424,nan,nan,nan
171.4,223.549072265625,-208.3060760498047,-27.98917007446289,223.83797692550618,-208.71684191315978,-27.991655368315804,0.502195851918805,0.33719268119744433,0.08209101205859189,3.570266481601047e-05,16.698436674006224,54.779831072763386,5.244951722652527,0.00910786496170349,nan
171.41,223.5515899658203,-208.29742431640625,-27.990413665771484,223.84042438420542,-208.7078429143272,-27.992916916699226,0.5018715104769933,0.3372407585405762,0.08211181588400779,3.6414654082494575e-05,16.598608755065474,53.61566369824546,nan,nan,nan
171.42000000000002,223.55418395996094,-208.28878784179688,-27.991741180419922,223.84298152762594,-208.69888126724763,-27.997293290793163,0.5016088900894299,0.33728892089030776,0.08213268526997503,3.566900702671707e-05,17.190822092948892,55.3852007980283,nan,6.2313857011051255,nan
171.43,223.5568389892578,-208.28013610839844,-27.993152618408203,223.84556956793676,-208.68988148467648,-27.998756145932006,0.5012863652307169,0.3373371688793421,0.08215362082064297,3.638061234596971e-05,17.09161784831189,54.165417412168566,nan,nan,nan
171.44,223.5595703125,-208.27149963378906,-27.994646072387695,223.8482372549027,-208.68089158320478,-28.001155021974597,0.5009717939238215,0.3373855021774129,0.0821746222376018,3.5637256589150824e-05,17.318391094344516,55.51236757908886,nan,0.4938742421503725,nan
171.45000000000002,223.56236267089844,-208.26284790039062,-27.99622344970703,223.83245124887284,-208.67307419775048,-28.002788820662488,0.4911991033110667,0.3373246938261164,0.08216492985441633,3.632614928881246e-05,18.423896065445994,53.74866750740497,10.761152773809608,nan,nan
171.46,223.5652313232422,-208.25421142578125,-27.997879028320312,223.83520757178647,-208.6640987712461,-28.004658990402202,0.4908571876178438,0.33737282596276785,0.08218592606362282,3.558587500235972e-05,18.430130404308635,54.84656169322844,nan,0.015198622869702225,nan
171.47,223.5681610107422,-208.2455596923828,-27.999616622924805,223.8380286829469,-208.6551214014278,-28.006462823333965,0.4905264768359556,0.33742104364348735,0.08220698859033915,3.629597784320199e-05,18.33282010427598,53.49893978551485,nan,nan,nan
171.48,223.57115173339844,-208.23690795898438,-28.001432418823242,223.84089381660868,-208.64612346472686,-28.006514441331365,0.490146864263611,0.3374693465896145,0.08222811720010888,3.555778722680583e-05,17.67113792056238,52.96213593865425,nan,2.296998562892043,nan
171.49,223.57421875,-208.228271484375,-28.003328323364258,223.8438457482594,-208.6371460079527,-28.00846068772838,0.4897993827938586,0.33751773535649326,0.08224931240151614,3.626765142576653e-05,17.5737184974493,53.74188987006841,nan,nan,nan
171.5,223.57733154296875,-208.21961975097656,-28.005300521850586,223.83356772676163,-208.6216468311398,-28.010750529211787,0.4767729623726083,0.3374568323328295,0.08223957719346023,3.551004099673901e-05,17.589063152285924,53.229672114382666,1.9542836580866736,0.0235899277521216,nan
171.51,223.5805206298828,-208.2109832763672,-28.007347106933594,223.83662534345393,-208.61265851510603,-28.01285692651926,0.4764063180113388,0.33750501960545554,0.08226076641889189,3.621883059913896e-05,17.49405785459614,54.085554190556955,nan,nan,nan
171.52,223.58377075195312,-208.20233154296875,-28.009471893310547,223.83973475972323,-208.60365976782225,-28.014035775994632,0.47602809408999125,0.33755329209688995,0.08228202193713151,3.5485388169181575e-05,17.14829728190641,52.37630170787515,nan,0.6927787341799385,nan
171.53,223.5870819091797,-208.1936798095703,-28.011627197265625,223.84291754415256,-208.59467125907506,-28.016263270779856,0.4756758432751402,0.3376016503163443,0.08230334420173022,3.619402970424904e-05,17.061005226467447,52.257441420014615,nan,nan,nan
171.54,223.5904541015625,-208.18504333496094,-28.013774871826172,223.84616798916505,-208.5856888627521,-28.019107593620983,0.47532606616260503,0.3376500940543463,0.08232473306055497,3.5462371220614754e-05,17.173661203119693,53.642213479441416,nan,0.25053821579898466,nan
171.55,223.59388732910156,-208.1763916015625,-28.015897750854492,223.84751123260602,-208.57404913886148,-28.021426030490836,0.47168544950556823,0.3375890965766136,0.08231495156819228,3.6148694945486336e-05,16.96233906957413,52.42002195251561,0.6572543710022984,nan,nan
171.56,223.59738159179688,-208.16775512695312,-28.017990112304688,223.8508774244557,-208.565056301896,-28.023988476594198,0.4713219082119124,0.33763733850888933,0.08233633369368493,3.541960580480449e-05,17.0384823367721,53.6599131980211,nan,0.08738513025458523,nan
171.57,223.60093688964844,-208.1591033935547,-28.020042419433594,223.85429909299094,-208.55606023213164,-28.02616435385842,0.4709613740602101,0.33768566607770123,0.08235778272005145,3.612718530895587e-05,16.968168398944258,52.19556923021951,nan,nan,nan
171.58,223.60455322265625,-208.1504669189453,-28.022058486938477,223.8577728831711,-208.54705852661795,-28.027665876327966,0.47057044378433077,0.3377340791146545,0.0823792985422057,3.539969873365147e-05,16.726020127416746,53.07703459061933,nan,0.2804392187030969,nan
171.59,223.60821533203125,-208.14181518554688,-28.02403450012207,223.86131119144426,-208.53806278351922,-28.029760965796743,0.47021533934994925,0.3377825780673684,0.08240088154332523,3.6107240511491824e-05,16.654611956407756,51.96699071233546,nan,nan,nan
171.6,223.6119384765625,-208.1331787109375,-28.025972366333008,223.87018434886483,-208.52619409401112,-28.03037341773532,0.4702886253643998,0.33772148562889004,0.08239104968491143,3.535999505984697e-05,15.644992754567427,52.96642725077206,2.8428257852937,1.2588889519852797,nan
171.61,223.61572265625,-208.12452697753906,-28.027870178222656,223.8738491861038,-208.51718269107565,-28.032377912830746,0.4699235410772524,0.33776978244205025,0.08241262515479592,3.606665568056796e-05,15.571106424053099,51.37434214033201,nan,nan,nan
171.62,223.6195526123047,-208.1158905029297,-28.02973175048828,223.87759478769493,-208.5081930443979,-28.036953099370802,0.46961600931210856,0.3378181646702992,0.08243426761575154,3.534297900886528e-05,16.39201333471237,53.7051581725693,nan,4.707397160503441,nan
171.63,223.62344360351562,-208.10723876953125,-28.031557083129883,223.88137054198003,-208.49918209619588,-28.038909934916845,0.4692546657540668,0.3378666327248583,0.08245597741107806,3.604967096612902e-05,16.327601791736967,51.99601214998076,nan,nan,nan
171.64000000000001,223.6273956298828,-208.09860229492188,-28.033344268798828,223.88519450727085,-208.49016625655483,-28.040150050062667,0.4688591642389417,0.33791518649193825,0.08247775449541209,3.5327336246246696e-05,16.04956919181938,52.78019415274551,nan,0.3214031494343986,nan
171.65,223.6313934326172,-208.0899658203125,-28.035097122192383,223.8380122933917,-208.45262085134993,-28.042067033961146,0.41744293602189964,0.3378539992048453,0.08246786867659756,3.601199033335307e-05,15.526631324809374,54.38420652746304,27.830628605208357,nan,nan
171.66,223.63543701171875,-208.08131408691406,-28.036813735961914,223.84186424708108,-208.44355318443905,-28.04354373387466,0.41698280557711154,0.3379023505151207,0.08248963743560064,3.529178336840492e-05,15.37373228116917,52.96513158508706,nan,0.09446360022352623,nan
171.67000000000002,223.6394805908203,-208.0726776123047,-28.038497924804688,223.84574373367835,-208.43448869651564,-28.045351828727842,0.4165317764091585,0.33795078756320046,0.08251147368354024,3.5997744792639246e-05,15.305750985204254,53.98702490591104,nan,nan,nan
171.68,223.64349365234375,-208.0640411376953,-28.040145874023438,223.84139845219354,-208.4442220176798,-28.049106944885608,0.42870049230245577,0.3378109850680743,0.0815497139043968,3.527845915917654e-05,25.16688982431487,63.4963321233291,nan,2.751295595618826,0.3586657547003279
171.69,223.64743041992188,-208.05538940429688,-28.041763305664062,223.84518584458,-208.43519334708495,-28.050869179931006,0.4283003150655402,0.33785880534270823,0.0815680014974483,3.598452696573936e-05,25.05999023561947,62.310214489131724,nan,nan,nan
171.70000000000002,223.65130615234375,-208.0467529296875,-28.04334831237793,223.85252096142187,-208.43350475522598,-28.049616421571475,0.4360087879189555,0.33779805392130896,0.08155818289336501,3.5245440550969754e-05,24.686846730885307,61.393081875874145,7.067354153559404,5.3897751791611865,nan
171.71,223.65512084960938,-208.03811645507812,-28.04490089416504,223.85617397462758,-208.42450478011477,-28.051284561573624,0.4356134157872049,0.33784567489553874,0.0815764732663581,3.5950770606525165e-05,24.570740052528297,60.94800391001404,nan,nan,nan
171.72,223.65884399414062,-208.02947998046875,-28.046422958374023,223.8597563592695,-208.41552930374493,-28.054102264017057,0.435268687363151,0.3378933799263916,0.08159482393630733,3.523477163053139e-05,24.975266395905294,61.76323577727362,nan,0.9696395477415459,nan
171.73,223.66250610351562,-208.0208282470703,-28.047914505004883,223.8632631946271,-208.4065296929475,-28.055722148577935,0.4348907613199565,0.33794116916980926,0.08161323625938906,3.5940265702183974e-05,24.86612469636829,59.992260911200916,nan,nan,nan
171.74,223.6660919189453,-208.01219177246094,-28.049375534057617,223.86669348193652,-208.39748710138068,-28.0551631174883,0.4344271788042883,0.33798904275991243,0.08163170920023526,3.522523092585216e-05,23.98725783713035,60.52383952173079,nan,3.2212036367445003,nan
171.75,223.6696014404297,-208.00355529785156,-28.05080795288086,223.85170944409933,-208.38822628605737,-28.056838310071345,0.4256424078679456,0.3379282099910826,0.08162190361883116,3.5908877787646385e-05,25.310230180456237,60.31861860726628,13.202318968504692,nan,nan
171.76,223.6730499267578,-207.9949188232422,-28.05221176147461,223.85496479408178,-208.37927399571007,-28.059606009345487,0.4252958881271776,0.33797588402061707,0.08164037891865905,3.519559693022855e-05,25.719058492264775,60.50385023700085,nan,1.0945266270291507,nan
171.77,223.67642211914062,-207.98626708984375,-28.0535888671875,223.85814861907292,-208.37029732312993,-28.061106846844073,0.42492382949606283,0.3380236422039203,0.0816589160416398,3.590060265420313e-05,25.61058163871754,59.22799349993898,nan,nan,nan
171.78,223.6797332763672,-207.97763061523438,-28.0549373626709,223.86126499518693,-208.36132947366332,-28.06305018685098,0.42455199541811184,0.338071484678643,0.08167751407819954,3.518815614883582e-05,25.77598364712982,60.55467362876367,nan,0.15369706358720622,nan
171.79,223.68296813964844,-207.968994140625,-28.056259155273438,223.8643141400578,-208.3523526510236,-28.064502896201336,0.4241675124570403,0.3381194115953198,0.08169617419757866,3.589338302873609e-05,25.66803996960241,60.67676182383513,nan,nan,nan
171.8,223.68614196777344,-207.96035766601562,-28.057554244995117,223.87945848195892,-208.3449465852217,-28.066924313792462,0.4305435049123184,0.3380584972891448,0.0816863771383517,3.516055954375143e-05,25.521467102407417,61.10211651177154,4.111102490805952,0.8698927810423575,nan
171.81,223.6892547607422,-207.9517059326172,-28.05882453918457,223.88240271382537,-208.3359605192856,-28.068334809454413,0.43017224968208573,0.3381062243805742,0.08170503910921058,3.586515072630868e-05,25.419453789996528,59.59291780163637,nan,nan,nan
171.82,223.6923065185547,-207.9430694580078,-28.060068130493164,223.885284674044,-208.32698197846258,-28.070157963717417,0.42980367214866927,0.33815403570689395,0.08172376228101984,3.515503526192599e-05,25.665052208292913,61.15907854995408,nan,0.13376096931086354,nan
171.83,223.69529724121094,-207.93443298339844,-28.061288833618164,223.888104691199,-208.3179952851166,-28.071524193244457,0.4294176459542879,0.33820193141622557,0.0817425477093281,3.585988452033285e-05,25.562753408235583,61.019114844810225,nan,nan,nan
171.84,223.6982421875,-207.92578125,-28.062482833862305,223.89086433933332,-208.30900830407242,-28.07286701898961,0.4290385759470618,0.3382499116512386,0.08176139508377503,3.657904975612467e-05,25.465325885337922,59.32197724246914,nan,nan,nan
171.85,223.70111083984375,-207.91714477539062,-28.06365394592285,223.9143909274962,-208.30712032327222,-28.074129516786254,0.4446111349477244,0.3381889156247599,0.0817516040915951,3.728887965707597e-05,24.957972792490796,60.675610179348375,4.742497037471611,nan,nan
171.86,223.70391845703125,-207.90850830078125,-28.064802169799805,223.91707079500034,-208.29813637165012,-28.07542594753462,0.4442485986967692,0.33823669576782706,0.08177045282196241,3.803616296937067e-05,24.85580068619352,60.67602934500682,nan,nan,nan
171.87,223.70668029785156,-207.8998565673828,-28.065927505493164,223.91969406793595,-208.28915203498576,-28.076700222383934,0.4438939949706142,0.33828456023351433,0.08178936358083935,3.879817726698876e-05,24.756728562004753,58.98089897369946,nan,nan,nan
171.88,223.70938110351562,-207.89122009277344,-28.06702995300293,223.92226125450665,-208.28015435055022,-28.07715988608589,0.443497949378127,0.3383325091655595,0.08180833606715188,3.790815826663147e-05,24.347448665056564,60.05364007163458,nan,0.3770112172259782,nan
171.89000000000001,223.7120361328125,-207.88258361816406,-28.068111419677734,223.9247746215081,-208.27116924196366,-28.078383226019078,0.44312747782294953,0.3383805427100127,0.08182737131524524,3.866686607676239e-05,24.245282256408604,59.71938943281816,nan,nan,nan
171.9,223.71463012695312,-207.87393188476562,-28.069169998168945,223.94641891348866,-208.2707293415643,-28.07954415173735,0.4596540942358454,0.33831946476600827,0.0818175820273898,3.776032097656038e-05,24.21375127969789,58.30882244464699,3.422544132799376,0.0037284535136500973,nan
171.91,223.71717834472656,-207.86529541015625,-28.070207595825195,223.94885914528606,-208.26175574188053,-28.080726310022307,0.45931191071774113,0.33836729794911186,0.08183661811193335,3.8514935711210044e-05,24.113487326590086,59.345159529793065,nan,nan,nan
171.92000000000002,223.7196807861328,-207.8566436767578,-28.071226119995117,223.95124868140732,-208.25280035721428,-28.08310050445083,0.45902593238112216,0.33841521553964987,0.08185571620415798,3.7641317615442425e-05,24.866992934237626,58.63906768727459,nan,0.8942508108727508,nan
171.93,223.7221221923828,-207.84800720214844,-28.072223663330078,223.95358745445319,-208.24382579861302,-28.084254875027135,0.4586864712495836,0.3384632176827203,0.08187487722467733,3.839299142055223e-05,24.769178791173807,60.1772807126633,nan,nan,nan
171.94,223.72451782226562,-207.83935546875,-28.073200225830078,223.9558769622655,-208.23484621821967,-28.085091255582753,0.45834635502657495,0.3385113045223783,0.08189410056748317,3.752661540422615e-05,24.647720420017833,58.69508766588502,nan,0.05470649658015447,nan
171.95000000000002,223.72686767578125,-207.83070373535156,-28.07415771484375,223.94734625664714,-208.2143857932087,-28.086289075864446,0.4426848721859956,0.3384501444612471,0.08188431031222554,3.825071853827798e-05,23.728165075365602,59.422237316880256,7.165747121365676,nan,nan
171.96,223.7291717529297,-207.8220672607422,-28.075096130371094,223.9495276837106,-208.20536315016227,-28.086582402651974,0.44227187286506364,0.3384980306674824,0.0819035339777104,3.7392462954925884e-05,23.289221791617233,60.266641943694076,nan,0.3983005988974951,nan
171.97,223.73143005371094,-207.81341552734375,-28.07601547241211,223.951662739734,-208.19635183245308,-28.08765334287337,0.4419028058211262,0.33854600136578017,0.08192282074044974,3.813779785231432e-05,23.195160967587007,58.80731252151751,nan,nan,nan
171.98,223.733642578125,-207.8047637939453,-28.07691764831543,223.95375215555873,-208.18733184372996,-28.088116283350455,0.44151098312582854,0.33859405670057274,0.08194217009340247,3.728630194047136e-05,22.890756002434415,58.510506365071244,nan,0.21644233267897672,nan
171.99,223.73580932617188,-207.79612731933594,-28.077800750732422,223.95579699841497,-208.17831941407562,-28.089146962433514,0.44112822369511145,0.33864219681637525,0.0819615828097926,3.8029182115678994e-05,22.79435001699713,59.84387676908293,nan,nan,nan
172.0,223.73793029785156,-207.7874755859375,-28.07866668701172,223.96882675900648,-208.16926911161033,-28.08880872701473,0.4462984797139436,0.3385809544311726,0.08195178733875674,3.716089912583889e-05,21.38451141071141,58.12553528291721,4.087239568033164,1.1962965604434828,nan
172.01,223.74000549316406,-207.77882385253906,-28.07951545715332,223.97080801687162,-208.16024197446055,-28.08979341427116,0.4459318614793116,0.3386288936386389,0.0819711997927905,3.790053646092728e-05,21.28867071961044,58.118404436120976,nan,nan,nan
172.02,223.74205017089844,-207.77017211914062,-28.080347061157227,223.9727471078175,-208.1512212451115,-28.09129319489805,0.44557752518598365,0.33867691742151873,0.0819906750961601,3.706293925324838e-05,21.620517592381645,58.143231793667205,nan,0.17719151660636442,nan
172.03,223.74404907226562,-207.7615203857422,-28.08116340637207,223.97464517853007,-208.1421928401227,-28.09225128095464,0.445206719076843,0.3387250259243765,0.08201021393631797,3.780042247548782e-05,21.526521248515685,58.20594767644704,nan,nan,nan
172.04,223.74600219726562,-207.75286865234375,-28.08196258544922,223.97650297763786,-208.13316470234528,-28.09327519854804,0.44484117459392547,0.3387732192915799,0.08202981593408162,3.696889212243875e-05,21.62246690312951,58.48213360821284,nan,0.004164354337595203,nan
172.05,223.748046875,-207.7442169189453,-28.08285140991211,224.01477236795637,-208.1301036328294,-28.094281927972,0.4692352302291317,0.33871189437040444,0.0820200122567997,3.7680438800726405e-05,20.112701543906173,58.425491212188675,24.060091177273435,nan,nan
172.06,223.75015258789062,-207.73556518554688,-28.08382797241211,224.01679561355132,-208.12103912112696,-28.094083760956007,0.4688217564744036,0.3387598865517452,0.0820396134309194,3.685579915426266e-05,19.391333029673792,58.201670150773104,nan,1.025974634222076,nan
172.07,223.75234985351562,-207.72691345214844,-28.08489418029785,224.01889383051844,-208.11198948967072,-28.095233117855397,0.46844011354724524,0.33880796339132696,0.08205927831638654,3.758845201323937e-05,19.27501051397765,57.52537079707181,nan,nan,nan
172.08,223.75460815429688,-207.71826171875,-28.08604621887207,224.0210663169195,-208.1029414482152,-28.096655478657357,0.4680715790163306,0.3388561250331737,0.0820790066080969,3.6769441995311146e-05,19.38584338528606,58.06479708530768,nan,0.02176780711260296,nan
172.09,223.75694274902344,-207.70960998535156,-28.087284088134766,224.02331249409585,-208.09389068232142,-28.097982453169728,0.4676953604302676,0.3389043716223791,0.08209879888309299,3.750033676738565e-05,19.270985936969605,57.844002160035856,nan,nan,nan
172.1,223.75933837890625,-207.70095825195312,-28.088607788085938,224.0263053330291,-208.07729902246226,-28.096874645953132,0.4614889717859217,0.3388429639478161,0.08208898290004378,3.666414094095441e-05,17.051317710179863,57.75646437250638,7.0479596580336885,4.031310456983938,nan
172.11,223.76182556152344,-207.6923065185547,-28.090015411376953,224.0287039170326,-208.06821617623405,-28.098348626674785,0.4610873776770383,0.33889100907122377,0.08210877373226706,3.739248327704143e-05,16.94094305031833,56.957975623524916,nan,nan,nan
172.12,223.76437377929688,-207.68365478515625,-28.09150505065918,224.03117298272173,-208.05914390010267,-28.10089251056431,0.46071901935436865,0.3389391389339184,0.0821286282116844,3.6585112311527824e-05,17.389068771098863,57.684904851503255,nan,0.6265447016432473,nan
172.13,223.76699829101562,-207.67498779296875,-28.093076705932617,224.0337128463214,-208.05006060165914,-28.10254400570853,0.4603323751333447,0.33898735368153593,0.08214854685169082,3.731194041370919e-05,17.28173601643845,55.950056978980946,nan,nan,nan
172.14000000000001,223.76968383789062,-207.6663360595703,-28.094730377197266,224.03632241337078,-208.04097213697833,-28.103824216725318,0.45992501383063816,0.33903565345726927,0.08216852944214262,3.650957423997196e-05,17.042187879091237,57.32322306594587,nan,0.13343770071163358,nan
172.15,223.77243041992188,-207.65768432617188,-28.096464157104492,224.0170624844148,-208.0208658397488,-28.105576055709935,0.4379825173203782,0.338974162808479,0.08215869791579535,3.721172453017207e-05,16.845430571063353,57.880081588972075,4.765949627984358,nan,nan
172.16,223.77525329589844,-207.64903259277344,-28.098276138305664,224.01977261088513,-208.0117583275337,-28.107050797006014,0.437534739985568,0.3390222608357366,0.08217867845728531,3.64151521691837e-05,16.627260268855554,57.32801264097442,nan,0.1126189682466017,nan
172.17000000000002,223.7781524658203,-207.640380859375,-28.10016632080078,224.02254939002916,-208.0026551430478,-28.109017073210577,0.4370936386995416,0.3390704436847071,0.08219872333688431,3.713836869614678e-05,16.521996188559747,56.85523817523844,nan,nan,nan
172.18,223.78111267089844,-207.6317138671875,-28.102134704589844,224.02539449561397,-207.99352986625524,-28.108773598175613,0.436610240346904,0.33911871149792705,0.08221883239887995,3.634641096881242e-05,15.527217596603768,54.534008267310256,nan,3.42449893504164,nan
172.19,223.7841339111328,-207.62306213378906,-28.10417938232422,224.0283034342152,-207.98442695595077,-28.11087433597793,0.43617440674879204,0.3391670644220487,0.08223900607547219,3.706843082652411e-05,15.424217541125525,55.87595582253593,nan,nan,nan
172.20000000000002,223.78721618652344,-207.61441040039062,-28.106298446655273,224.00183123016387,-207.968300815654,-28.113620154723996,0.41394643419302035,0.33910549057134004,0.08222915500923623,3.62588109494101e-05,16.409747637280503,56.05999116889495,11.693292966967233,0.26702713018817564,nan
172.21,223.7903594970703,-207.6057586669922,-28.108449935913086,224.00481482567474,-207.95920305878377,-28.115857145128203,0.4134838482989548,0.33915364146214333,0.08224932598355594,3.6978830781836064e-05,16.315279686057487,55.95878017257857,nan,nan,nan
172.22,223.7935791015625,-207.59710693359375,-28.110595703125,224.00786169835644,-207.95010491822862,-28.118052603752094,0.4130135758204486,0.3392018772524915,0.08226956136544793,3.619650093126686e-05,16.26930493188133,55.455392852821966,nan,0.002008410418390848,nan
172.23,223.79684448242188,-207.58843994140625,-28.112716674804688,224.0109709354641,-207.94100758698352,-28.120288598581656,0.4125668632234296,0.3392501980897484,0.0822898615408729,3.691551893030489e-05,16.189227872566544,54.34042154696071,nan,nan,nan
172.24,223.80018615722656,-207.5797882080078,-28.114803314208984,224.0141423209963,-207.93190775995004,-28.122169971680346,0.41209184233294555,0.3392986041153498,0.08231022642317176,3.613724834731047e-05,16.0404493273409,55.11446012187199,nan,0.07073141320855518,nan
172.25,223.8035888671875,-207.57113647460938,-28.11685562133789,224.01615760105878,-207.91450279400613,-28.124276207752423,0.40390711929656004,0.3392369468352634,0.08230035239083526,3.683254271779184e-05,15.09210305422178,55.77937410862848,6.517492171490044,nan,nan
172.26,223.80703735351562,-207.56248474121094,-28.118867874145508,224.01945546020812,-207.9053650842217,-28.125236758072663,0.4033967579895507,0.33928515053998903,0.08232071392215791,3.605910018197138e-05,14.62588862076435,55.63028679337757,nan,0.9140419702992924,nan
172.27,223.81056213378906,-207.5538330078125,-28.120840072631836,224.02281188134845,-207.89623726779146,-28.12732094914478,0.40290524239719094,0.3393334392268161,0.08234114042536712,3.677547576239315e-05,14.548472632506382,55.00470396863392,nan,nan,nan
172.28,223.8141326904297,-207.54518127441406,-28.12277603149414,224.02622757935265,-207.88710803334882,-28.12915659844308,0.4024162795134709,0.3393818130364649,0.0823616318528401,3.600574927261848e-05,14.44234523428776,55.12315485407908,nan,0.029597307865854405,nan
172.29,223.81776428222656,-207.53652954101562,-28.124671936035156,224.02970125317998,-207.87798063937336,-28.131163526642116,0.40193068180374464,0.33943027211741345,0.08238218853225461,3.672137314090352e-05,14.365260575793272,54.89371718339093,nan,nan,nan
172.3,223.8214569091797,-207.5278778076172,-28.126529693603516,224.0435551059165,-207.88189638872444,-28.12987716075355,0.41793297345299646,0.33936853117098703,0.08237228760588185,3.59334745993585e-05,14.377556860950499,52.717849178055154,8.477881310551385,7.2096755461731705,nan
172.31,223.8251953125,-207.51922607421875,-28.12835121154785,224.04715442519708,-207.87280935981101,-28.13177904189919,0.41749100299337355,0.33941678764146693,0.08239284024702687,3.664753301486644e-05,14.292068965989614,52.812362218323734,nan,nan,nan
172.32,223.82901000976562,-207.5105743408203,-28.130138397216797,224.05081083808227,-207.86371915475016,-28.13313270183759,0.4170321725090965,0.3394651291684448,0.08241345802379835,3.5885668245407224e-05,14.128664483081996,51.97144022017073,nan,0.17633949706723956,nan
172.33,223.8328094482422,-207.50192260742188,-28.131887435913086,224.0544973698807,-207.85463301240182,-28.13495903150469,0.41660484764461764,0.3395135559010844,0.08243414123120524,3.6599127968617724e-05,14.042177646132185,52.38563258121436,nan,nan,nan
172.34,223.83657836914062,-207.49327087402344,-28.133602142333984,224.05817017858686,-207.84554150465382,-28.135886655331294,0.4161763402910149,0.33956206797903693,0.08245488987046382,3.584049238266107e-05,13.835396569727587,51.92905503548562,nan,0.5025371746061685,nan
172.35,223.84030151367188,-207.484619140625,-28.135282516479492,224.08540985301684,-207.85325026935843,-28.137717244392324,0.44268830455269165,0.3395002431338307,0.08244495848280875,3.653093755936565e-05,14.429482039252179,50.505732135503266,9.618732873715283,nan,nan
172.36,223.84396362304688,-207.47596740722656,-28.136930465698242,224.08901122382395,-207.84421081435065,-28.140301658395487,0.44233799122068845,0.33954855230913017,0.0824657023947881,3.5776290462059276e-05,14.490682459569955,50.39211883824678,nan,0.506258099611889,nan
172.37,223.84754943847656,-207.46731567382812,-28.1385440826416,224.0925481148927,-207.83516617322712,-28.141996456059378,0.44198445700722394,0.3395969466236193,0.08248651191486778,3.6487864413957675e-05,14.405525563410682,50.476209288756166,nan,nan,nan
172.38,223.85105895996094,-207.4586639404297,-28.140127182006836,224.09601755637811,-207.82611746661811,-28.142939577325837,0.44162735132055986,0.33964542621632116,0.08250738707137402,3.5736148819801566e-05,14.206251032712514,50.37213143317063,nan,0.3508393429571367,nan
172.39000000000001,223.85450744628906,-207.45001220703125,-28.141677856445312,224.0994171295724,-207.81707343077125,-28.144564722442613,0.4412743239015097,0.33969399123738503,0.08252832811879937,3.644731697979497e-05,14.12060648360463,49.994662570621095,nan,nan,nan
172.4,223.85789489746094,-207.44137573242188,-28.143198013305664,224.08344971806653,-207.79922028311296,-28.145514011871768,0.42300480305439087,0.3396320822486459,0.08251836238572144,3.567691806906431e-05,14.002210347892273,51.29423388995867,3.5069126995329287,0.3299800158696012,nan
172.41,223.8612060546875,-207.43272399902344,-28.14468765258789,224.08668124915488,-207.79016340591426,-28.147073448801766,0.4226200243033177,0.3396804440729019,0.08253929798501994,3.638685594804966e-05,13.916222404542667,50.03135218918723,nan,nan,nan
172.42000000000002,223.8644561767578,-207.424072265625,-28.146146774291992,224.0898434460601,-207.78111783200032,-28.1506572952288,0.42225738884113073,0.3397288911074919,0.08256029941991076,3.5641471712103704e-05,14.239356648966277,50.19211015597783,nan,2.8691481521508444,nan
172.43,223.86764526367188,-207.41542053222656,-28.1475772857666,224.09294344502487,-207.77206095315188,-28.152179568888545,0.4218682749018814,0.33977742350311874,0.0825813669226523,3.635112163151853e-05,14.160723800452969,49.95285502210104,nan,nan,nan
172.44,223.87075805664062,-207.40676879882812,-28.14897918701172,224.0959797189334,-207.7630028537753,-28.153449173149298,0.42148247869407096,0.33982604139793327,0.08260250055485062,3.5608247975326845e-05,14.048593902903319,50.130361405026534,nan,0.034487266672780716,nan
172.45000000000002,223.8738250732422,-207.3981170654297,-28.150354385375977,224.09848250512277,-207.74623247196578,-28.15489517781421,0.414337925808076,0.3397640480294677,0.08259249680689605,3.6295397320028634e-05,13.2073107021054,50.26934100473389,5.208490606341822,nan,nan
172.46,223.87681579589844,-207.3894805908203,-28.151700973510742,224.10139766886098,-207.7371505538768,-28.15719040600812,0.4139342396374199,0.33981246243090324,0.08261362426371732,3.5555791888256704e-05,13.39662924115204,52.216296272260244,nan,0.5023913154455972,nan
172.47,223.87974548339844,-207.38082885742188,-28.15302085876465,224.10425373235543,-207.72806442978555,-28.1586107007081,0.4135308246036992,0.33986096212521055,0.08263481796357056,3.626413419021068e-05,13.322750083758713,50.7139596199283,nan,nan,nan
172.48,223.88262939453125,-207.37217712402344,-28.154314041137695,224.10705113949666,-207.71897636016837,-28.159592010548415,0.41311340666350804,0.3399095472500734,0.08265607798608107,3.552678495473894e-05,13.158409799308899,50.141850397827284,nan,0.11697375381887028,nan
172.49,223.8854522705078,-207.363525390625,-28.155582427978516,224.10978999629253,-207.70988995791024,-28.160957388964885,0.4127041541910549,0.33995821795693676,0.08267740453654757,3.6234984358995e-05,13.085142832928886,50.1074301384462,nan,nan,nan
172.5,223.88821411132812,-207.35487365722656,-28.156824111938477,224.12164828442369,-207.6939496089458,-28.162410957320407,0.4116979803744813,0.33989613995792395,0.08266735891614084,3.5478462292228656e-05,12.01004347188149,51.197072851169736,11.18704235612412,0.016114413959113814,nan
172.51,223.89093017578125,-207.34622192382812,-28.158042907714844,224.12429837865187,-207.6848270864121,-28.163728573136236,0.4112742406604957,0.33994460687290146,0.08268867853744188,3.618568391711145e-05,11.940008723071452,50.768163696314005,nan,nan,nan
172.52,223.89358520507812,-207.3375701904297,-28.15923500061035,224.1268974665351,-207.6756948800003,-28.16265148435647,0.4108218463088019,0.33999315914903616,0.0827100646697025,3.5453358440062077e-05,11.292505682385292,50.27357378584968,nan,3.8669145378029164,nan
172.53,223.89617919921875,-207.32891845703125,-28.1604061126709,224.12943938876828,-207.66657179176985,-28.163898768147,0.4104050305869258,0.3400417969381483,0.0827315175038603,3.616052584979051e-05,11.217405180024322,50.3658495923284,nan,nan,nan
172.54,223.89874267578125,-207.3202667236328,-28.16155242919922,224.13192836655088,-207.65744969210508,-28.165530701575832,0.40998017910452594,0.34009052037731957,0.08275303714106709,3.5430097903713014e-05,11.244995369380923,49.76376566543794,nan,0.11427260392861521,nan
172.55,223.9012451171875,-207.31161499023438,-28.162675857543945,224.08559437171385,-207.61593816195628,-28.166635897970547,0.3558270962300118,0.34002835750880717,0.08274294590809769,3.611512560457475e-05,10.284279749780977,52.214816388621585,33.58134128883148,nan,nan
172.56,223.9036865234375,-207.30296325683594,-28.163776397705078,224.0879085734232,-207.60674176522988,-28.167717673597185,0.3552952005285742,0.3400768768553674,0.08276445785259522,3.538735665767345e-05,10.208704155829468,52.381924335697654,nan,0.007060281186623872,nan
172.57,223.9060821533203,-207.2943115234375,-28.16485595703125,224.0901732063937,-207.59754527236706,-28.16887852179369,0.35476246044192816,0.34012548164504536,0.08278603667076334,3.609364697995976e-05,10.138402528164802,52.165644946768765,nan,nan,nan
172.58,223.908447265625,-207.28565979003906,-28.165912628173828,224.0923875809105,-207.5883516608879,-28.171074838580527,0.35423587718013166,0.3401741720146413,0.08280768247499426,3.536756162110426e-05,10.365170018404454,51.92353387301763,nan,0.7710926145115818,nan
172.59,223.91075134277344,-207.27700805664062,-28.166950225830078,224.09455614935626,-207.57915437261485,-28.17220501867822,0.353700743606265,0.3402229481164347,0.08282939543938704,3.607390346385145e-05,10.298724674583067,52.08813603249802,nan,nan,nan
172.6,223.9130096435547,-207.2683563232422,-28.167964935302734,224.11730886382995,-207.5730300360583,-28.171705250181482,0.3668490597529529,0.340160700123342,0.08281925475178273,3.532819340777776e-05,9.310905393188795,51.89825302923904,6.540506692230536,1.806468446209065,nan
172.61,223.91522216796875,-207.25970458984375,-28.168960571289062,224.1194244938273,-207.56382287358065,-28.172780344748226,0.3663346981360016,0.3402092718298903,0.08284095923750304,3.6033742339322403e-05,9.243609798215548,51.7447676640177,nan,nan,nan
172.62,223.9174041748047,-207.25103759765625,-28.169937133789062,224.12149556287517,-207.55461524552163,-28.17381745044086,0.36582473921993214,0.34025792904545576,0.08286273088782291,3.531158015964153e-05,9.191224298851685,49.83924528335102,nan,0.00024721689037764425,nan
172.63,223.91952514648438,-207.2423858642578,-28.1708927154541,224.12352271152633,-207.54540711538408,-28.17485451040803,0.3653116217648075,0.3403066719225073,0.0828845698682716,3.6017245577430486e-05,9.12528229297508,51.647126194508196,nan,nan,nan
172.64000000000001,223.92161560058594,-207.23373413085938,-28.171831130981445,224.1255056519941,-207.53620037735752,-28.176600885406742,0.36480095105574617,0.34035550059752645,0.08290647630411037,3.529646607168355e-05,9.259716677119641,51.35614660425631,nan,0.36751074467905087,nan
172.65,223.9236602783203,-207.22508239746094,-28.172748565673828,224.1284754946995,-207.52486899864616,-28.1775247667666,0.36310341668389373,0.3402931672390264,0.08289628237665529,3.598023466920389e-05,8.983062337183954,51.6793814281278,0.86413667624197,nan,nan
172.66,223.9256591796875,-207.21641540527344,-28.173648834228516,224.13037879964494,-207.51565248333003,-28.179244424767447,0.3626075872246013,0.34034179121415004,0.0829181795358299,3.526160675403776e-05,9.164994815877257,50.48434949137544,nan,0.37151941688733353,nan
172.67000000000002,223.92762756347656,-207.207763671875,-28.174531936645508,224.13224310677316,-207.50643379792913,-28.180223315971908,0.3620825272702218,0.34039050077922123,0.0829401441926033,3.596670568335167e-05,9.105264289291332,51.54865423248428,nan,nan,nan
172.68,223.92955017089844,-207.19911193847656,-28.175395965576172,224.06041961907897,-207.50066092081957,-28.181135057620523,0.328772776240178,0.3353553535598141,0.082951044375369,3.524918192391911e-05,16.77897595590862,59.34743965050552,nan,0.0011088641008621548,1.0669069055512639
172.69,223.93142700195312,-207.19044494628906,-28.176244735717773,224.06217237801212,-207.49150007271996,-28.182080179720014,0.3282721354575109,0.33539961771463483,0.08297276174177992,3.59544688664079e-05,16.67409190980813,57.9806802722818,nan,nan,nan
172.70000000000002,223.9332733154297,-207.18179321289062,-28.177074432373047,224.07207297466366,-207.48177554633753,-28.183138296849087,0.3305926742021059,0.3353388362308724,0.08296255066843929,3.521702363805715e-05,16.095545977136883,59.660366531235915,3.8022711009457484,0.015087456770510113,nan
172.71,223.93508911132812,-207.17312622070312,-28.177888870239258,224.07377305018244,-207.47260211111671,-28.184052868168717,0.3300864109678457,0.3353829188160251,0.08298425408503966,3.592164837725828e-05,15.994180841435554,57.89329269645007,nan,nan,nan
172.72,223.93685913085938,-207.1644744873047,-28.178686141967773,224.07545321495735,-207.46342609127754,-28.18418317063936,0.3295612219134922,0.3354270843241213,0.08300601889104571,3.5207243719278215e-05,15.677880088837119,59.31957214353201,nan,0.41239039185890763,nan
172.73,223.93861389160156,-207.1558074951172,-28.179468154907227,224.07708119123583,-207.45425149537124,-28.185059632704164,0.3290490525432352,0.3354713342229449,0.08302784524936975,3.591210515538978e-05,15.57719242961609,57.166128602607145,nan,nan,nan
172.74,223.9404296875,-207.14715576171875,-28.180339813232422,224.07875131924965,-207.4450741324432,-28.185022382634124,0.3284968125891083,0.33551566735248245,0.08304973328745012,3.519865793085458e-05,15.21769275575439,58.78747893493068,nan,0.63240697834556,nan
172.75,223.94232177734375,-207.13848876953125,-28.18130111694336,224.0799796124826,-207.4282553691332,-28.185892029267485,0.32083553153596134,0.33545487305136756,0.08303947186690838,3.5881776726187475e-05,14.185183078121502,58.2620245761897,8.613800026225768,nan,nan
172.76,223.9442901611328,-207.12982177734375,-28.182350158691406,224.08174377876853,-207.41905563707618,-28.189632841778206,0.3203166559668871,0.3354990244258394,0.08306134543923499,3.517006543913109e-05,14.997749725727244,59.0993929293783,nan,4.938843467437095,nan
172.77,223.94635009765625,-207.1211700439453,-28.183486938476562,224.08364025434096,-207.40984973870835,-28.190830777827603,0.3197475336377201,0.3355432601014736,0.08308328078912824,3.5874575772817976e-05,14.884666388905949,60.001359322253506,nan,nan,nan
172.78,223.94847106933594,-207.1125030517578,-28.184709548950195,224.08561099405054,-207.40064359151387,-28.192196894714222,0.31919960831465466,0.33558757899565367,0.08310527804904796,3.516367858998884e-05,14.86880912039998,58.88869161619375,nan,0.004536468373254783,nan
172.79,223.95068359375,-207.1038360595703,-28.186016082763672,224.0876585193917,-207.39143697381036,-28.19356990035607,0.3186431801976636,0.33563198246133485,0.08312733737447371,3.586847463952171e-05,14.760169225906907,58.28219891629539,nan,nan,nan
172.8,223.9529571533203,-207.09518432617188,-28.187408447265625,224.09592355011094,-207.3745340485428,-28.19491540949956,0.3138980925109242,0.33557117348709437,0.0831170226295553,3.513719726080651e-05,13.463782058619737,61.400850437837136,16.27113397818556,0.0077894728479320895,nan
172.81,223.95530700683594,-207.08651733398438,-28.18888282775879,224.09814861391752,-207.36529084867783,-28.196457394340314,0.31333013143821337,0.33561539496650367,0.08313906695183129,3.584141906789127e-05,13.357923904945995,59.62546863138849,nan,nan,nan
172.82,223.9577178955078,-207.07785034179688,-28.190439224243164,224.10045315810012,-207.35604684736845,-28.197739475170227,0.3127618016368486,0.3356596996509386,0.08316117341035352,3.51327923178413e-05,13.171345615160094,59.73081947334415,nan,0.08267823959740248,nan
172.83,223.96022033691406,-207.06918334960938,-28.19207763671875,224.1028226736796,-207.3468032061251,-28.19944435988666,0.3121898137240111,0.33570408881695596,0.08318334215690656,3.5837331201491725e-05,13.06774700995613,58.924059165267934,nan,nan,nan
172.84,223.96278381347656,-207.06053161621094,-28.19379425048828,224.1052631851502,-207.3375595135234,-28.201231003012587,0.31160894167205455,0.33574856204329234,0.08320557333238586,3.655619997778152e-05,12.963842418686406,60.587630291204654,nan,nan,nan
172.85,223.9654083251953,-207.05186462402344,-28.195592880249023,224.1293221682902,-207.3414630799725,-28.20298931565634,0.332850898906629,0.33568773895049914,0.0831952022822456,3.7265765166008296e-05,13.15373825031973,58.16653132564429,5.821515369914914,nan,nan
172.86,223.96810913085938,-207.04319763183594,-28.19746971130371,224.13189389043671,-207.3322495739818,-28.206975772536964,0.3323655185609352,0.3357320294025212,0.08321741789747604,3.6472319051658905e-05,14.063334070745276,58.758676535025614,nan,2.7047773347455917,nan
172.87,223.97088623046875,-207.03453063964844,-28.19942283630371,224.13457337229988,-207.32303353143126,-28.209020326414205,0.3318425994117087,0.33577640428874833,0.08323969602039988,3.720335578062392e-05,13.962704548204792,58.34197136359566,nan,nan,nan
172.88,223.97372436523438,-207.02586364746094,-28.201452255249023,224.13732114057618,-207.31381751118562,-28.211108618433858,0.33132246812760147,0.3358208626323485,0.08326203679116838,3.641358055155481e-05,13.948988538812642,58.43298344741932,nan,0.000770662126686511,nan
172.89000000000001,223.97662353515625,-207.0172119140625,-28.20355987548828,224.14013514675318,-207.30460165061345,-28.213308201580876,0.3307928924016615,0.3358654056779449,0.08328444035807606,3.714331794466648e-05,13.84693259899078,59.85779433904683,nan,nan,nan
172.9,223.97958374023438,-207.008544921875,-28.205698013305664,224.14170890317945,-207.30089652978924,-28.215488358029507,0.334439653689303,0.33580456671400066,0.0832740099809187,3.6334538177445284e-05,14.520018457629805,57.66225108905966,4.890668609059713,0.003979345288339172,nan
172.91,223.9826202392578,-206.9998779296875,-28.20783042907715,224.14464110641669,-207.29170302462288,-28.217756601998598,0.33393289196756426,0.33584892733361926,0.08329639741700393,3.706214034077452e-05,14.442891868959233,57.14133779640559,nan,nan,nan
172.92000000000002,223.9857177734375,-206.9912109375,-28.20993995666504,224.14765192379446,-207.28250912243294,-28.219245384631243,0.3334124961465743,0.3358933713992177,0.0833188477191648,3.628033814259153e-05,14.074022557394366,56.73616339972378,nan,0.38484621739053626,nan
172.93,223.9888916015625,-206.98255920410156,-28.212017059326172,224.15071269512023,-207.2733159445747,-28.22146526815322,0.3328885956304701,0.3359379000712015,0.08334136103390292,3.7006808005482175e-05,14.002059805098446,57.65790171275532,nan,nan,nan
172.94,223.9921112060547,-206.97389221191406,-28.21405601501465,224.15385916253172,-207.26412194825946,-28.222394068755985,0.33236309124781904,0.3359825124980563,0.0833639375040346,3.622832131509245e-05,13.41281678496502,56.04779768356724,nan,1.0407369041303756,nan
172.95000000000002,223.99539184570312,-206.96522521972656,-28.2160587310791,224.14514048434654,-207.25172893142675,-28.224625577658855,0.32339205688121675,0.33592165805751345,0.08335344476273115,3.693045968286391e-05,13.677764147489787,55.896095212220544,2.5633868461539526,nan,nan
172.96,223.99874877929688,-206.95657348632812,-28.218021392822266,224.14836241306654,-207.24253678713285,-28.226843741866602,0.3228576817415926,0.33596608785038373,0.08337600451125811,3.615614353740955e-05,13.747056916621112,56.8973256318856,nan,0.008946863366731943,nan
172.97,224.0021514892578,-206.94790649414062,-28.219945907592773,224.15164741292784,-207.23334495375497,-28.228909185542317,0.3223421873918522,0.33601060215508927,0.08339862748560561,3.687965970835284e-05,13.678190070060284,55.67368716078496,nan,nan,nan
172.98,224.005615234375,-206.93923950195312,-28.221832275390625,224.15496341577085,-207.22415412791597,-28.23263175444002,0.32186620220447515,0.33605520019948604,0.08342131382961909,3.610843301628774e-05,14.635815837455054,56.48957835566309,nan,1.9024866837830252,nan
172.99,224.0091552734375,-206.9305877685547,-28.22368049621582,224.15836823137792,-207.2149629441604,-28.234639756220094,0.321331375215595,0.3360998830257929,0.08344406368827342,3.6831035712484944e-05,14.572860938498252,57.26235046599474,nan,nan,nan
173.0,224.0126953125,-206.9219207763672,-28.225492477416992,224.148940542708,-207.19822680582314,-28.236900461281635,0.3082822193445507,0.336039011464312,0.08343350551923498,3.604064777288194e-05,14.705579447923526,56.882386546656036,1.849239919777268,0.039504017843268964,nan
173.01,224.01620483398438,-206.91326904296875,-28.22726821899414,224.1523549687262,-207.1890213134891,-28.23883996595285,0.30775002715681105,0.33608351140254045,0.08345623804718723,3.676150058192616e-05,14.641693448521202,58.18805426640594,nan,nan,nan
173.02,224.01966857910156,-206.90460205078125,-28.2290096282959,224.15574895428992,-207.1798161616128,-28.239656903076586,0.30720358033795,0.3361280950623885,0.08347903415533432,3.599706753043873e-05,14.054917519190836,55.90613413486348,nan,0.7889329033466784,nan
173.03,224.0230712890625,-206.8959503173828,-28.230714797973633,224.15907136121805,-207.17061145193225,-28.241516727398803,0.306678072476015,0.3361727634116548,0.08350189398823349,3.671714545536218e-05,13.988730625313963,57.276333438023855,nan,nan,nan
173.04,224.0264129638672,-206.8872833251953,-28.23238754272461,224.1623217705377,-207.16140691512823,-28.24405666451425,0.30618803812632595,0.3362175157890622,0.08352481769035769,3.595546871607875e-05,14.505471893617168,56.16383676668787,nan,0.3403626651932689,nan
173.05,224.02969360351562,-206.87863159179688,-28.234025955200195,224.1917379420922,-207.1729383950392,-28.24578656463465,0.3361743209016912,0.3361566272594369,0.08351419101150398,3.665194377663178e-05,15.27617891547272,55.71991531703962,14.117076292234634,nan,nan
173.06,224.0329132080078,-206.86996459960938,-28.235631942749023,224.19493917762958,-207.16378490255818,-28.245295305458203,0.3356727064204781,0.33620119652718383,0.08353709675657292,3.589385361875359e-05,14.011729637947438,52.84565675365021,nan,3.4207113158692453,nan
173.07,224.0360565185547,-206.86131286621094,-28.237205505371094,224.19804074259332,-207.15463130470016,-28.247008891111197,0.3352173944877017,0.3362458503929858,0.08356006643320511,3.661166379988178e-05,13.9412023571468,54.47854475289745,nan,nan,nan
173.08,224.03915405273438,-206.85264587402344,-28.23874855041504,224.20108240280058,-207.14547778005215,-28.248492090944158,0.33476297932359983,0.336290588264986,0.0835831001858181,3.585612139345779e-05,13.873010019219027,52.41642931045036,nan,0.026828587322889865,nan
173.09,224.04217529296875,-206.843994140625,-28.240259170532227,224.20405892552665,-207.13632435814168,-28.250142939837893,0.33430667875347336,0.33633541100750686,0.08360619815904832,3.6573335344909546e-05,13.803802266537652,54.09074415816181,nan,nan,nan
173.1,224.04515075683594,-206.83534240722656,-28.241741180419922,224.1953247117457,-207.11811881585564,-28.2517022456472,0.3203341018856143,0.33627450400821896,0.0835954998695162,3.579841066129792e-05,13.479597278509845,54.31901227115863,2.997971451474431,0.01773362236496745,nan
173.11,224.0480499267578,-206.82667541503906,-28.243192672729492,224.19816682150642,-207.1089436953204,-28.25329513980411,0.3198632895205963,0.3363191433787668,0.08361857924214229,3.651418905143907e-05,13.413654836027892,53.263857077509776,nan,nan,nan
173.12,224.0509033203125,-206.81802368164062,-28.24461555480957,224.20094844146595,-207.09976835077362,-28.255001380511544,0.3193766778309349,0.3363638667306774,0.08364172289387595,3.576435498299374e-05,13.544952015474092,54.3913818647124,nan,0.013545453974305545,nan
173.13,224.05369567871094,-206.80935668945312,-28.24601173400879,224.2036750144174,-207.09059287198085,-28.2565398704172,0.31890191777088944,0.3364086748638387,0.0836649309697708,3.6479650106212726e-05,13.479716459406069,52.9462068941465,nan,nan,nan
173.14000000000001,224.0564422607422,-206.8007049560547,-28.247377395629883,224.20635661466943,-207.08141769416505,-28.25728701183408,0.318389942278579,0.3364535672824831,0.08368820361363317,3.573205866308947e-05,13.101396246829536,53.64576881576763,nan,0.3953603579530597,nan
173.15,224.0591278076172,-206.7920379638672,-28.24871826171875,224.21147387536934,-207.0723980527353,-28.258810976044455,0.31923810341521514,0.3363926417528601,0.08367743059671932,3.6424314673426024e-05,12.983866964796585,52.379924230301064,0.27619769500743363,nan,nan
173.16,224.06175231933594,-206.78338623046875,-28.250030517578125,224.21407099536688,-207.06322181045223,-28.2581455219067,0.31870799203622946,0.3364373505647408,0.08370068397929369,3.5679780547167924e-05,11.945589152383045,52.910138733889426,nan,3.0451769506251076,nan
173.17000000000002,224.0643310546875,-206.77471923828125,-28.251317977905273,224.21658495645022,-207.05404403646907,-28.259551584648435,0.31823165424677136,0.3364821440697067,0.08372400198620313,3.6393363232796314e-05,11.877692659722799,51.15491881095948,nan,nan,nan
173.18,224.06686401367188,-206.7660675048828,-28.252578735351562,224.21903821354735,-207.0448654314766,-28.261569679581324,0.31775164524968785,0.3365270218315013,0.08374738476057532,3.5650883551300055e-05,12.196771984216578,52.69532129330068,nan,0.27588538208529506,nan
173.19,224.0693359375,-206.7574005126953,-28.253814697265625,224.2214495316339,-207.0356870146653,-28.262932707130286,0.317277576899041,0.3365719845612261,0.0837708324484677,3.6364125798422677e-05,12.131534854647985,51.438266422588526,nan,nan,nan
173.20000000000002,224.07176208496094,-206.74874877929688,-28.25502586364746,224.21287349535865,-207.01404168553964,-28.264348872219916,0.3006321252561098,0.33651103912162006,0.08375998157146954,3.560200794062285e-05,11.544408136543996,53.95028187044708,6.634513856630305,0.011893565255899836,nan
173.21,224.0741424560547,-206.74008178710938,-28.256214141845703,224.21517925724928,-207.00482838150734,-28.26566462857964,0.3001190601012026,0.33655581797436174,0.083783409321087,3.6314066101900177e-05,11.481097953317361,52.265950603295416,nan,nan,nan
173.22,224.0764617919922,-206.73143005371094,-28.25737762451172,224.21743216516856,-206.99561446065127,-28.267330665140403,0.2996082609035608,0.3366006810524629,0.0838069020341229,3.557631676413705e-05,11.723469166595576,54.29750635559177,nan,0.09506522143188184,nan
173.23,224.07875061035156,-206.72276306152344,-28.25851821899414,224.21964301739288,-206.98640036489007,-28.268604875933548,0.2990936955814049,0.3366456290123362,0.08383045985749546,3.6288124885677424e-05,11.662572542145812,52.28647097541363,nan,nan,nan
173.24,224.08099365234375,-206.714111328125,-28.259634017944336,224.22182302045206,-206.97718698043244,-28.268686466414145,0.29853585476801286,0.336690661499357,0.08385408293306068,3.5552156188619365e-05,11.082978879095002,53.11156357888712,nan,0.9373398785224003,nan
173.25,224.08319091796875,-206.7054443359375,-28.260730743408203,224.21851605417595,-206.97464793902358,-28.269978683064437,0.3014448486737037,0.3366296959038329,0.08384315105370632,3.624135265117802e-05,11.925089326546164,50.691687828100825,9.236397885586431,nan,nan
173.26,224.08534240722656,-206.69677734375,-28.261804580688477,224.22057623923425,-206.96546255386806,-28.27054761169651,0.30092585805623107,0.3366745442663389,0.08386675349721583,3.5507970724479034e-05,11.637724678092223,50.409039539223905,nan,0.27276233140200573,nan
173.27,224.0874481201172,-206.68812561035156,-28.262855529785156,224.22258509222337,-206.9562761821626,-28.27172040642479,0.3004085824846806,0.33671947742547176,0.0838904212444663,3.621850695220532e-05,11.573462234596082,51.777793250614664,nan,nan,nan
173.28,224.08950805664062,-206.67945861816406,-28.263887405395508,224.22455038157185,-206.9470894043642,-28.272966501108186,0.2999084814137283,0.3367644950766175,0.08391415443634148,3.548673931441503e-05,11.647063566744727,50.46534800480622,nan,0.006008693142456177,nan
173.29,224.09153747558594,-206.67079162597656,-28.2648983001709,224.22647539475494,-206.93790227477353,-28.274100282331982,0.29940109753655425,0.336809597801514,0.08393795322120097,3.619713708818854e-05,11.585070992943635,50.102332106290454,nan,nan,nan
173.3,224.09352111816406,-206.66212463378906,-28.265888214111328,224.19739864190367,-206.92788803017308,-28.27352356266167,0.28544530359304743,0.3367486107718178,0.08392693718122397,3.544546291609454e-05,12.149877311974878,48.905870066917714,28.76956418102162,2.1721463066300193,nan
173.31,224.095458984375,-206.65347290039062,-28.26685905456543,224.19917004043853,-206.918725790669,-28.274603083434958,0.2849123530736593,0.3367935290943054,0.0839507146246768,3.615487362030237e-05,12.082036696792624,50.32428158654066,nan,nan,nan
173.32,224.0973663330078,-206.64480590820312,-28.26780891418457,224.20090837616317,-206.90956354976154,-28.27514895958876,0.28437904235526457,0.3368385318709917,0.08397455770171726,3.542697184227131e-05,11.864645867994314,48.55718471972182,nan,0.1827546986637045,nan
173.33,224.09922790527344,-206.63613891601562,-28.268741607666016,224.20260271301422,-206.9004001893707,-28.276186724285544,0.28385876987011394,0.33688361963811686,0.08399846656173406,3.613631504972438e-05,11.798435860271143,48.60659008227991,nan,nan,nan
173.34,224.10105895996094,-206.62747192382812,-28.269655227661133,224.20425918440924,-206.89123642084377,-28.27726252605276,0.2833370205266408,0.3369287921590388,0.08402244134408594,3.540978646934276e-05,11.820294562506604,48.44492211656023,nan,0.002148608678683001,nan
173.35,224.1028594970703,-206.61880493164062,-28.270551681518555,224.1741914306701,-206.8799788872605,-28.278186290864763,0.2708474978748933,0.3368677832911474,0.08401133798372808,3.609683462375002e-05,13.029944764748736,48.07443005416091,26.076430169478297,nan,nan
173.36,224.1046142578125,-206.61013793945312,-28.27142906188965,224.17569308647796,-206.8708350473033,-28.280082283559214,0.27035173417450803,0.33691277114992857,0.0840352906990265,3.5372482027564774e-05,13.452479291458127,48.66484201196624,nan,0.5741263729962494,nan
173.37,224.10633850097656,-206.6014862060547,-28.272289276123047,224.17716931843808,-206.8616919964932,-28.281059386063674,0.2698165541777671,0.3369578439167093,0.08405930938386115,3.6080895191002435e-05,13.386948950264431,49.83464342651983,nan,nan,nan
173.38,224.1080322265625,-206.5928192138672,-28.27313232421875,224.17862089820213,-206.85254969067137,-28.281084414438297,0.26926922750963067,0.3370030013960329,0.0840833941765525,3.5357771603378475e-05,12.96539461378115,47.99854512397772,nan,0.6057971912734718,nan
173.39000000000001,224.10968017578125,-206.5841522216797,-28.273958206176758,224.18002860687147,-206.84340546855213,-28.2820201063705,0.2687492176835048,0.3370482440625942,0.08410754522803168,3.606620219031808e-05,12.900600304393636,48.14119608268502,nan,nan,nan
173.4,224.11129760742188,-206.5754852294922,-28.27476692199707,224.1746835883179,-206.8411122320281,-28.282746029625407,0.27320167131427525,0.33698721216043237,0.08409635137026567,3.532290778637231e-05,13.862422615143622,47.469365154179144,10.063899682229762,0.00782025975305344,nan
173.41,224.11289978027344,-206.56680297851562,-28.27556037902832,224.1759991996633,-206.83199719436945,-28.2836479974741,0.27271765330060066,0.3370322698794612,0.084120479614099,3.603050209579526e-05,13.799219555804948,45.84308944206048,nan,nan,nan
173.42000000000002,224.1144561767578,-206.55813598632812,-28.276338577270508,224.17729837307905,-206.8228840147847,-28.282971935286625,0.272184976897502,0.3370774122672732,0.08414467414789778,3.5310494178054684e-05,13.15190769787426,46.677333718456424,nan,1.6941653240057297,nan
173.43,224.1160888671875,-206.54946899414062,-28.277206420898438,224.17860666511666,-206.81376784925666,-28.283881479983588,0.27167428344867384,0.3371226397614832,0.08416893512360492,3.601816047011309e-05,13.067699403768827,46.67925991326292,nan,nan,nan
173.44,224.11781311035156,-206.54080200195312,-28.27816390991211,224.18000581594882,-206.80465289681513,-28.283860856694083,0.2711414438104643,0.33716795222207707,0.08419326267803738,3.529917308839218e-05,12.675834844763392,46.082457619841236,nan,0.7231949430253226,nan
173.45000000000002,224.11961364746094,-206.53213500976562,-28.27920913696289,224.20971739777121,-206.81844163295096,-28.284953567389156,0.3002052077840938,0.33710689674899913,0.08418197515295908,3.5984772393332155e-05,13.579854724131902,44.47424242555333,15.311057964373967,nan,nan
173.46,224.12149047851562,-206.52346801757812,-28.28034019470215,224.21130036205506,-206.80937888465903,-28.285974122084642,0.2997375188962333,0.33715202399071886,0.08420627914346293,3.5267608730469155e-05,13.488214371988146,44.448778373048086,nan,0.015216275436485188,nan
173.47,224.12344360351562,-206.51478576660156,-28.281558990478516,224.2129600685854,-206.80031542825,-28.287228772378093,0.2992867047271727,0.3371972362586985,0.0842306497555611,3.597460371989387e-05,13.408989510100072,43.14053632167634,nan,nan,nan
173.48,224.12547302246094,-206.50611877441406,-28.28286361694336,224.21470137331903,-206.79125242910123,-28.288107933306577,0.2988149970905677,0.3372425334461346,0.08425508712511512,3.525833804232045e-05,13.221362743433744,44.170068328731425,nan,0.1484651361951672,nan
173.49,224.12757873535156,-206.49745178222656,-28.284250259399414,224.21651469269332,-206.78218835241543,-28.289530086174175,0.29834945195523277,0.3372879159409765,0.08427959140549096,3.596546766162321e-05,13.14270575316219,44.08414173594076,nan,nan,nan
173.5,224.1297607421875,-206.48878479003906,-28.285720825195312,224.22771887046173,-206.77545797968872,-28.2916956081357,0.30300661806318013,0.33722683576567897,0.08426820702439707,3.52287825968062e-05,13.120450113656924,44.08946744702949,1.322192208147878,0.25617516752096453,nan
173.51,224.13201904296875,-206.4801025390625,-28.287273406982422,224.22970060476288,-206.76639326509226,-28.293292925620626,0.3025562789462892,0.3372720327489,0.08429268697017159,3.5935188310288065e-05,13.044284222238838,42.7256776827765,nan,nan,nan
173.52,224.1343536376953,-206.471435546875,-28.288908004760742,224.23174880672562,-206.75732702452706,-28.295808973430955,0.3021049144140266,0.3373173146023409,0.08431723384876537,3.5221399038746606e-05,13.315866767081841,44.09332117602418,nan,0.4873200041351501,nan
173.53,224.13674926757812,-206.4627685546875,-28.29062271118164,224.23387705899756,-206.74826232572858,-28.297578926293827,0.30164364753456835,0.33736268168437894,0.08434184781442226,3.59279804085658e-05,13.238217707733194,44.21155430373019,nan,nan,nan
173.54,224.13922119140625,-206.4541015625,-28.292417526245117,224.23608789922744,-206.7391999543867,-28.29816739642457,0.3011599461209515,0.3374081339324638,0.08436652900169482,3.52149120397381e-05,12.75844837057142,43.58226016913746,nan,1.1114857555191358,nan
173.55,224.1417694091797,-206.44541931152344,-28.29429054260254,224.24466958991053,-206.7342050412635,-28.299902054977903,0.306622135481239,0.33734702840897784,0.08435504459130881,3.589958518654322e-05,12.75966898084327,41.85739104047883,1.9967038477183734,nan,nan
173.56,224.14437866210938,-206.43675231933594,-28.296239852905273,224.24702865785667,-206.72515070181473,-28.300898086298375,0.30615739053899554,0.33739229486311023,0.08437970065829145,3.518804383274107e-05,12.427841109137175,42.877616875753034,nan,0.6952924190682866,nan
173.57,224.14706420898438,-206.42808532714844,-28.298267364501953,224.24944918481793,-206.7160945457542,-28.302960016090683,0.3057024930504739,0.33743764646754537,0.0844044239851552,3.589414415295629e-05,12.354040702907946,42.5976707582344,nan,nan,nan
173.58,224.1498260498047,-206.41940307617188,-28.300369262695312,224.25194130738916,-206.70703926050126,-28.304740001324266,0.30525596427142015,0.33748308318592,0.0844292147056688,3.5183221619732045e-05,12.215117753179168,41.06563405468866,nan,0.09012005298983841,nan
173.59,224.1526336669922,-206.41073608398438,-28.302505493164062,224.25449865122877,-206.6979835113376,-28.306930739945464,0.3048067294920646,0.33752860533742063,0.08445407297524803,3.58895420513867e-05,12.147256656885515,42.54100593590613,nan,nan,nan
173.6,224.15553283691406,-206.40206909179688,-28.30463409423828,224.25973080988436,-206.69322075301145,-28.307542908579553,0.3092490397721467,0.3374674733839569,0.08444248534236566,3.515797485417583e-05,12.099884881341788,41.43703363761941,0.9145476990611416,1.882216761571769,nan
173.61,224.15847778320312,-206.39340209960938,-28.30674171447754,224.26242161758182,-206.68417794680542,-28.30971969523554,0.3088102692387652,0.33751280944152845,0.08446731769209266,3.586365251166352e-05,12.036659458596224,41.64596934327299,nan,nan,nan
173.62,224.1614990234375,-206.38473510742188,-28.308815002441406,224.2651814271432,-206.67513632214002,-28.31140353685776,0.3083660274063784,0.33755823055882983,0.08449221760417498,3.515467157636566e-05,11.911033803994087,41.28382943910652,nan,0.15194644421645576,nan
173.63,224.16458129882812,-206.3760528564453,-28.31085205078125,224.2680026322945,-206.66609394862107,-28.3135153175295,0.307939767416032,0.33760373703200575,0.08451718523470782,3.586059945770039e-05,11.85096928181307,40.033429698112855,nan,nan,nan
173.64000000000001,224.167724609375,-206.3673858642578,-28.31285285949707,224.27089167579953,-206.6570528889729,-28.315073102613955,0.3074985500477047,0.3376493288592022,0.08454222071644163,3.515208958383339e-05,11.72491356514136,41.05639086293597,nan,0.1875379946867684,nan
173.65,224.17092895507812,-206.3587188720703,-28.31481170654297,224.2838046013607,-206.66046805147738,-28.31713878634676,0.32217835758623553,0.33758816974133704,0.08453052669075121,3.5836215007454597e-05,12.448179661082177,40.34772057731527,5.673978529340116,nan,nan
173.66,224.17420959472656,-206.3500518798828,-28.316734313964844,224.2868118009064,-206.65145696191567,-28.32064649133058,0.32177567565548326,0.3376335751819156,0.08455553543876868,3.512898680296039e-05,12.664968432283125,40.20485021932248,nan,1.602249543873837,nan
173.67000000000002,224.177490234375,-206.3413848876953,-28.318618774414062,224.28986679706736,-206.64244933212402,-28.32261986363769,0.32137874891891927,0.3376790659014398,0.0845806120712202,3.5834568722524244e-05,12.606862809283413,40.31428213597795,nan,nan,nan
173.68,224.1807403564453,-206.3327178955078,-28.320465087890625,224.29291996835585,-206.6334435262854,-28.32381094293521,0.3209849919870855,0.33772464191820784,0.0846057567202879,3.512772833439089e-05,12.408920281451993,40.160157142922984,nan,0.3896159400437477,nan
173.69,224.1839599609375,-206.3240509033203,-28.322275161743164,224.29593266812955,-206.62443642334085,-28.3257041350122,0.3205949245568424,0.33777030349818327,0.0846309695429223,3.5833590424972e-05,12.34909715556148,39.74610523241906,nan,nan,nan
173.70000000000002,224.18711853027344,-206.3153839111328,-28.32404899597168,224.28001323778724,-206.63993449664557,-28.327147947763308,0.33759756033323696,0.3371427358599263,0.08391172014593407,3.510563946699831e-05,21.948436101098135,48.15864688414189,6.858366034189444,0.06930900106058273,0.41187624518723487
173.71,224.19021606445312,-206.3067169189453,-28.325786590576172,224.28288331098457,-206.63099349016892,-28.328966119158473,0.3372723270982435,0.3371868117495175,0.08393379134162286,3.581090918928221e-05,21.849406901710317,48.09535052958351,nan,nan,nan
173.72,224.19325256347656,-206.2980499267578,-28.327489852905273,224.2856891015549,-206.62205646948175,-28.331093921528563,0.3369536208597089,0.3372309707936015,0.08395592373801264,3.510558682242438e-05,21.82967257927544,48.066709511095546,nan,0.08286208107042976,nan
173.73,224.1962432861328,-206.2893829345703,-28.329160690307617,224.28844150239246,-206.6131164215356,-28.332848172842624,0.3366266168793187,0.3372752139567591,0.08397811777020361,3.58111585595003e-05,21.733437093974477,47.67805484498946,nan,nan,nan
173.74,224.19915771484375,-206.2807159423828,-28.33079719543457,224.29115370905114,-206.60416528852642,-28.333427426431225,0.33628806191422855,0.3373195405830117,0.0840003732974648,3.510610247212212e-05,21.444067960796083,47.69916729453887,nan,0.9156232347112268,nan
173.75,224.2020263671875,-206.2720489501953,-28.332401275634766,224.33431478455796,-206.61868811084008,-28.335187132937833,0.3710346265024398,0.33725733549861875,0.08398968631692963,3.578993849700808e-05,21.988810597800967,46.25774320880254,17.38541862843279,nan,nan
173.76,224.204833984375,-206.2633819580078,-28.333972930908203,224.33695716415355,-206.60979180513993,-28.336523460015886,0.3707597901925495,0.33730147937774657,0.08401192524080049,3.508596458956187e-05,21.852415595616094,46.22092753637446,nan,0.06852280247223037,nan
173.77,224.20758056640625,-206.2547149658203,-28.335512161254883,224.3395380975002,-206.6008985653519,-28.3381383339934,0.3704899072583718,0.337345707286347,0.08403422601712883,3.5791282715042e-05,21.75482833652818,46.24090133042893,nan,nan,nan
173.78,224.2102813720703,-206.2460479736328,-28.33702278137207,224.34206007197793,-206.59200737107236,-28.339942340530804,0.3702189274628648,0.3373900186450136,0.08405658852829428,3.508750875106657e-05,21.701325347526684,45.98173653618252,nan,0.033741906552888556,nan
173.79,224.21292114257812,-206.2373809814453,-28.338502883911133,224.34453119003123,-206.58311398441217,-28.34149997140537,0.3699479645362781,0.3374344143038283,0.08407901317578041,3.5793147535206024e-05,21.605520313293816,46.04788460831396,nan,nan,nan
173.8,224.21551513671875,-206.2287139892578,-28.33995246887207,224.34354869728557,-206.56828962766295,-28.34349276773987,0.362928010142159,0.33737221167002457,0.08406827086983769,3.5068362436192986e-05,21.00600023945355,46.21347927947063,3.137110015045128,0.09008231060835176,nan
173.81,224.2180633544922,-206.2200469970703,-28.341373443603516,224.3459170747227,-206.5593771715203,-28.344999033750135,0.36263574833841333,0.33741642437751584,0.08409067837630074,3.577345217925095e-05,20.913832830477443,45.992809883930555,nan,nan,nan
173.82,224.22055053710938,-206.2113800048828,-28.3427677154541,224.34823892335783,-206.55046191078773,-28.346174335077954,0.3623430252566037,0.33746072051863946,0.08411314785332326,3.5070826578805566e-05,20.77479275519485,46.044499917652054,nan,0.06473322722900686,nan
173.83,224.22299194335938,-206.2027130126953,-28.344131469726562,224.35050618659074,-206.54154928881866,-28.347622980687156,0.36205261343179146,0.33750510087317426,0.08413567968052399,3.577625191801345e-05,20.68285025186541,45.93109248801839,nan,nan,nan
173.84,224.22537231445312,-206.1940460205078,-28.345470428466797,224.35271926644043,-206.53263962649157,-28.349400761291616,0.36177109297131116,0.3375495649668699,0.08415827377213533,3.507372887289611e-05,20.680301554267025,46.16510909625277,nan,0.0888997794529479,nan
173.85,224.22772216796875,-206.1853790283203,-28.34678077697754,224.3540771587572,-206.51947063914574,-28.350829869399202,0.3572102787862036,0.33748736474580854,0.08414747342062881,3.575745631964333e-05,20.077998092422884,45.97581911516947,2.0452907871230637,nan,nan
173.86,224.23001098632812,-206.1767120361328,-28.348066329956055,224.35621932105835,-206.51053405562908,-28.351270203098455,0.3568976733729918,0.3375316457132769,0.08417004982701354,3.5055857282847916e-05,19.81104258281005,45.98509276522898,nan,0.6146601483247383,nan
173.87,224.23226928710938,-206.1680450439453,-28.349327087402344,224.3583020864394,-206.50160536870658,-28.35261098431886,0.3565915601087098,0.3375760108089903,0.08419268879445714,3.5761087521870094e-05,19.720013205145502,45.57999080218652,nan,nan,nan
173.88,224.23446655273438,-206.1593780517578,-28.350561141967773,224.36032822366954,-206.4926834109018,-28.35475314638635,0.3563021127438663,0.33762045962288467,0.08421539025773637,3.505953952409512e-05,19.81922330611382,46.0660262332874,nan,0.47967817539835733,nan
173.89000000000001,224.23663330078125,-206.1507110595703,-28.351770401000977,224.3623211854215,-206.48375421854803,-28.356054040162736,0.3559965444378178,0.3376649928387129,0.08423815456648491,3.57651155078972e-05,19.7319629959901,45.69534419258578,nan,nan,nan
173.9,224.23875427246094,-206.1420440673828,-28.352956771850586,224.40199921065516,-206.49582630788814,-28.356298122917938,0.38964336022824664,0.3376027937067056,0.08422729295773371,3.504241693353216e-05,19.878218798816167,44.588690559575895,14.098203960993853,0.7169260237162413,nan
173.91,224.24082946777344,-206.1333770751953,-28.35411834716797,224.4039635557879,-206.48693637572998,-28.35754212486706,0.3893952130170671,0.3376471435829325,0.08425003900777976,3.574746654334876e-05,19.78894250418389,44.603974197979745,nan,nan,nan
173.92000000000002,224.24285888671875,-206.1247100830078,-28.355257034301758,224.40587695204056,-206.47805190447048,-28.359470301307763,0.38915688871544063,0.3376915771531037,0.08427284778100852,3.504678858388137e-05,19.86906244125493,44.811290903714614,nan,0.35159952711523523,nan
173.93,224.24485778808594,-206.1160430908203,-28.356372833251953,224.4077587416788,-206.46916127967125,-28.360676922810633,0.38890577414814037,0.3377360950427085,0.084295719607872,3.5752194012933085e-05,19.783301285314547,44.52241550281947,nan,nan,nan
173.94,224.24681091308594,-206.1073760986328,-28.357467651367188,224.40959077624336,-206.46027638325106,-28.362625511136038,0.3886675935173687,0.33778069692887985,0.08431865445118092,3.505149024312681e-05,19.92672658800727,44.78053656888764,nan,0.4104667152957004,nan
173.95000000000002,224.24871826171875,-206.09869384765625,-28.358539581298828,224.40658104949514,-206.45267067695136,-28.363850452289892,0.3876189634074111,0.33771849863606396,0.08430772876654077,3.5735215976939135e-05,20.405382890003693,43.78939843745508,2.012264753821244,nan,nan
173.96,224.25059509277344,-206.09002685546875,-28.359590530395508,224.4083159830272,-206.44379766992196,-28.366164407620538,0.38739241634690924,0.33776291699262784,0.08433064477008957,3.503531323108045e-05,20.7531361050833,45.05968188991844,nan,0.9518171134143427,nan
173.97,224.25244140625,-206.08135986328125,-28.360620498657227,224.41002744081783,-206.43491551578,-28.367307521207856,0.387142963225765,0.3378074195875243,0.08435362403249984,3.57405575721259e-05,20.675203293964213,44.82216333912089,nan,nan,nan
173.98,224.25424194335938,-206.07269287109375,-28.361629486083984,224.41170178327746,-206.42603308439226,-28.368430943428976,0.3868968432836872,0.33785200635178486,0.08437666661453878,3.646012842783043e-05,20.59705923142203,44.97921020790785,nan,nan,nan
173.99,224.25601196289062,-206.0640106201172,-28.36261749267578,224.4133398562467,-206.4171501513584,-28.369535082313458,0.3866619293381836,0.3378966774299097,0.08439977266070661,3.7194170298394036e-05,20.521908030104008,43.7513747133105,nan,nan,nan
174.0,224.2577362060547,-206.0553436279297,-28.363588333129883,224.40676260940577,-206.40392350485325,-28.37024489396336,0.37915842242252623,0.33783447873331546,0.08438877968513196,3.6385104866249986e-05,20.341918608706365,45.025314379480896,0.9231822818184494,0.055353523611326436,nan
174.01,224.2594451904297,-206.0466766357422,-28.364538192749023,224.408317494014,-206.3950320838815,-28.37130685681475,0.3788935151676099,0.33787896605937845,0.08441186628327309,3.7116868334143584e-05,20.264726548842727,44.55982414268268,nan,nan,nan
174.02,224.2611083984375,-206.0380096435547,-28.365468978881836,224.40981411462954,-206.38615572792025,-28.37449773445951,0.37868272275685544,0.3379235373077854,0.08443501633411678,3.633460793587503e-05,21.179809667154963,45.74596750538735,nan,3.015558744329898,nan
174.03,224.26272583007812,-206.02932739257812,-28.36638069152832,224.4113012056365,-206.37726371494824,-28.375545264673615,0.37844195862468943,0.3379681930064203,0.08445823013705431,3.706510012206467e-05,21.109790774805298,44.88940438583353,nan,nan,nan
174.04,224.2643280029297,-206.02066040039062,-28.36727523803711,224.41275287628147,-206.3683726884034,-28.376786841711063,0.378185468876094,0.3380129329286006,0.0844815076857904,3.628574908250611e-05,21.244036232118997,45.71984859057063,nan,0.029337845143087245,nan
174.05,224.26589965820312,-206.01197814941406,-28.368152618408203,224.43126692000055,-206.36481423809022,-28.377687537585242,0.38978269770524715,0.33795073342995835,0.0844704445289959,3.699151948421482e-05,20.768828675222604,44.25293420236051,4.370885368659006,nan,nan
174.06,224.26742553710938,-206.00331115722656,-28.36901092529297,224.43269926788977,-206.3559181423136,-28.377856690792054,0.38951936997473646,0.33799528939673834,0.0844937020133343,3.621598992284898e-05,20.378560809123464,45.34059775485606,nan,0.4505316132594799,nan
174.07,224.26893615722656,-205.99464416503906,-28.36985206604004,224.43409198978486,-206.3470271259639,-28.378828253671607,0.3892695365971768,0.3380399297338097,0.08451702344848532,3.694323520252373e-05,20.307164582974274,44.914177216897514,nan,nan,nan
174.08,224.27041625976562,-205.9859619140625,-28.370677947998047,224.43545409303172,-206.33813609350523,-28.379822838899088,0.3890344047830711,0.33808465426112444,0.08454040884490055,3.61704679442546e-05,20.348871439629068,43.84836226643052,nan,0.0010088744887079538,nan
174.09,224.2718505859375,-205.977294921875,-28.37148666381836,224.4367869532694,-206.3292446359287,-28.380763024305693,0.3887912773648721,0.3381294634367316,0.08456385847737231,3.6896653916164754e-05,20.276939282713215,45.25506975177378,nan,nan,nan
174.1,224.2732696533203,-205.96861267089844,-28.372278213500977,224.42839267615977,-206.32215874152948,-28.381918869975554,0.38620061953699847,0.33806726195551373,0.08455272192422239,3.610422150713962e-05,21.327903978860626,44.00349345152187,5.774957672633221,0.048896245398282766,nan
174.11,224.274658203125,-205.95993041992188,-28.373056411743164,224.42964097720477,-206.31328243298202,-28.382830780366348,0.38597000359755984,0.3381118869431648,0.0845761508499412,3.682850493597315e-05,21.259207753571264,43.95499144599803,nan,nan,nan
174.12,224.27601623535156,-205.95126342773438,-28.373817443847656,224.43086599991477,-206.30440258102078,-28.38322910805485,0.38571270473277175,0.3381565960846085,0.08459964394822055,3.606199755697079e-05,21.030932058371647,44.90171724036038,nan,0.16530208289346063,nan
174.13,224.2774658203125,-205.9425811767578,-28.37466812133789,224.43211415810353,-206.29552542913643,-28.384159621717046,0.38545536998215413,0.3382013897969733,0.08462320147878793,3.6785359154317636e-05,20.93971345550267,43.59303442109805,nan,nan,nan
174.14000000000001,224.27899169921875,-205.9339141845703,-28.375608444213867,224.43345262826216,-206.28664312675252,-28.38440557000518,0.38516655446199183,0.3382462679615311,0.08464682347424925,3.602138153780136e-05,20.552981460093225,44.46206507575704,nan,0.4004652316991124,nan
174.15,224.2805938720703,-205.92523193359375,-28.376638412475586,224.42452696665842,-206.26968164695512,-28.38542522434895,0.3734160532373204,0.33818406393912265,0.08463561055995034,3.672079479532161e-05,20.05492716701075,43.65043445306241,2.292643911647054,nan,nan
174.16,224.28228759765625,-205.9165496826172,-28.37775421142578,224.4260092590884,-206.2607842346662,-28.386657342987508,0.3731388595962779,0.33822875769815997,0.08465921119750315,3.5960220746132055e-05,20.073311874353557,43.499141230946165,nan,0.0011262504960162334,nan
174.17000000000002,224.2840576171875,-205.90786743164062,-28.378957748413086,224.42757220050197,-206.2518861636288,-28.3879366551456,0.3728618301043788,0.3382735359519689,0.08468287646074543,3.668101670823265e-05,19.98367565886992,43.4744524494871,nan,nan,nan
174.18,224.28590393066406,-205.89920043945312,-28.380245208740234,224.4292222413955,-206.24298257344392,-28.38839059730464,0.37254884404202404,0.3383183986175539,0.08470660639576355,3.592282014326563e-05,19.54761155492979,44.22694066596596,nan,0.5571470671138703,nan
174.19,224.28782653808594,-205.89051818847656,-28.38161849975586,224.43094283780937,-206.23408373379894,-28.389833614005674,0.37227281297635334,0.3383633460585083,0.08473040124244052,3.66428749305096e-05,19.459468407587366,43.08265349320192,nan,nan,nan
174.20000000000002,224.28982543945312,-205.8818359375,-28.383073806762695,224.45587227083485,-206.2431362209544,-28.391822670305654,0.39772602083523645,0.3383011383753995,0.08471910875997904,3.586498535429327e-05,20.59337963283186,42.72177978521415,9.709003966283417,0.17325355334590942,nan
174.21,224.29190063476562,-205.8731689453125,-28.384613037109375,224.45777420730462,-206.23427938894866,-28.393438313665406,0.39748293054702155,0.3383459011697366,0.08474288157395071,3.658345700840605e-05,20.503908833812932,43.64827079853864,nan,nan,nan
174.22,224.29405212402344,-205.86448669433594,-28.386232376098633,224.45976866952282,-206.22541126362128,-28.39301359351446,0.39720838746897086,0.33839074833268507,0.08476671926251018,3.583071562821635e-05,19.576419926809365,41.665340335684874,nan,3.034330787242593,nan
174.23,224.29627990722656,-205.85580444335938,-28.38793182373047,224.4618210614456,-206.2165542493459,-28.39477297032506,0.39697745218867936,0.33843568019682835,0.08479062205354648,3.6548562610733164e-05,19.49203101652825,41.559212496905204,nan,nan,nan
174.24,224.298583984375,-205.8471221923828,-28.389711380004883,224.46395661491366,-206.20769090112492,-28.395406056690607,0.3967245013832399,0.3384806967256664,0.08481459001082355,3.579796420178832e-05,19.036344158872186,41.040278542490434,nan,0.9832008625765875,nan
174.25,224.30096435546875,-205.83843994140625,-28.391571044921875,224.487374752146,-206.21349986694173,-28.397370459591908,0.41887040590445646,0.33841848469377217,0.08480321493646349,3.649248125931096e-05,19.594797479452183,40.46642344051776,6.216547312983461,nan,nan
174.26,224.30340576171875,-205.82977294921875,-28.39350700378418,224.4896738107872,-206.20467561198382,-28.399485184929816,0.418668760838341,0.33846331634505683,0.08482716017634548,3.5744872715412214e-05,19.59019063180007,41.77902877887318,nan,0.010678060011930748,nan
174.27,224.30592346191406,-205.8210906982422,-28.395519256591797,224.49204532370638,-206.19585079556236,-28.401553799814412,0.418476873545447,0.33850823262421026,0.08485117070662933,3.646072792221781e-05,19.508960558481757,40.54720647771784,nan,nan,nan
174.28,224.3085174560547,-205.81240844726562,-28.397607803344727,224.49448973846074,-206.18702460755787,-28.40338374535831,0.41827780108627505,0.3385532335214923,0.08487524660168863,3.5715112865909685e-05,19.364804538413562,40.25780042430219,nan,0.06769361009580072,nan
174.29,224.31117248535156,-205.80374145507812,-28.399730682373047,224.4970017687674,-206.17820029323033,-28.405582496890606,0.41807438067680563,0.33859831932937373,0.08489938807376067,3.643049369041645e-05,19.289014539290964,41.34202698670254,nan,nan,nan
174.3,224.3138885498047,-205.79505920410156,-28.4018497467041,224.51097811591328,-206.1741183451312,-28.40944656499652,0.4273029851465703,0.33853610186922933,0.08488792720833913,3.566507384864314e-05,19.836233427806853,40.95057519066948,1.3354245966836833,1.932792036786535,nan
174.31,224.31668090820312,-205.786376953125,-28.403945922851562,224.51364746727927,-206.16530097790962,-28.411664132674513,0.42712856696332757,0.3385810025497973,0.08491204525681137,3.637913694593086e-05,19.776618757478065,40.632773442412706,nan,nan,nan
174.32,224.31954956054688,-205.7777099609375,-28.406007766723633,224.51637954337195,-206.1564872547685,-28.41456284903698,0.42695136713008675,0.3386259877995391,0.08493622886462739,3.5638191406377395e-05,20.11281825338141,41.754673309034054,nan,0.3411202859925163,nan
174.33,224.32247924804688,-205.76902770996094,-28.408035278320312,224.5191828353632,-206.147670786985,-28.41672728924724,0.42677679423244363,0.3386710578880013,0.08496047823470035,3.635187678183439e-05,20.05946048050565,40.73777573668486,nan,nan,nan
174.34,224.32546997070312,-205.76034545898438,-28.410024642944336,224.52206024664196,-206.13884896789517,-28.417522530398752,0.42657808331859987,0.338716212839838,0.08498479345517654,3.5612698449340394e-05,19.48180508621544,40.21680392194282,nan,1.210900862523302,nan
174.35,224.32847595214844,-205.75167846679688,-28.41197395324707,224.5062726889521,-206.1350056222019,-28.419452272861054,0.42261958420450363,0.3386539891601118,0.08497324373027063,3.6303538403507874e-05,21.197883525795078,40.94102290600611,23.002092405504914,nan,nan
174.36,224.33145141601562,-205.7429962158203,-28.41388702392578,224.50911760799184,-206.12622512641718,-28.421610786195973,0.4224799760843102,0.3386989587411364,0.08499753481019671,3.5566956313548497e-05,21.25510050750048,40.087057214218135,nan,0.010078680135073115,nan
174.37,224.33438110351562,-205.7343292236328,-28.415760040283203,224.51192995035868,-206.11744439393783,-28.423611922120983,0.42232982227346344,0.3387440130895206,0.08502189183467078,3.627912251694623e-05,21.19513884695599,41.09574812455197,nan,nan,nan
174.38,224.33726501464844,-205.72564697265625,-28.417598724365234,224.51469809640557,-206.1086629190689,-28.42531006585333,0.4221885579877317,0.3387891522494248,0.08504631489997938,3.554416654422381e-05,21.089046074723875,39.8567070995816,nan,0.04859088987805281,nan
174.39000000000001,224.34010314941406,-205.71697998046875,-28.41939926147461,224.5174134802912,-206.09988283371445,-28.42723609681287,0.42203668613945483,0.33883437646114006,0.08507080419700148,3.625607706351146e-05,21.02901878922007,40.612199285231256,nan,nan,nan
174.4,224.34288024902344,-205.7082977294922,-28.42116355895996,224.51891753259855,-206.08068888384952,-28.42809611061211,0.41196159690497824,0.3387721455059301,0.08505916242183213,3.550115197965326e-05,19.399393843920787,39.5082588468672,9.325542941257504,0.8712365024469375,nan
174.41,224.34559631347656,-205.6996307373047,-28.42289161682129,224.52153846091707,-206.071874348678,-28.429943252080488,0.4117895955631321,0.33881718408835065,0.08508362684174792,3.6211960431155656e-05,19.337516866318524,40.58022804812052,nan,nan,nan
174.42000000000002,224.3482666015625,-205.69094848632812,-28.42458724975586,224.52410157929646,-206.06306266370544,-28.432485623987528,0.41164218043757184,0.33886230742836443,0.08510815748906746,3.5480934525192466e-05,19.644042964408325,39.65943797904265,nan,0.3650530049162413,nan
174.43,224.35089111328125,-205.68228149414062,-28.42624855041504,224.52661522253715,-206.054248181328,-28.434272914036292,0.4114639344614047,0.3389075157498128,0.08513275454761723,3.619156584151176e-05,19.58527771427499,40.45157797976621,nan,nan,nan
174.44,224.35345458984375,-205.67359924316406,-28.42787742614746,224.5290846861171,-206.04542764948835,-28.434351503325754,0.4112714531084716,0.33895280912155384,0.08515741812412408,3.5461954964152906e-05,18.91007802819361,38.95064084880308,nan,1.931833294172685,nan
174.45000000000002,224.35597229003906,-205.66493225097656,-28.429471969604492,224.562823568652,-206.03858885231284,-28.436052414912897,0.4271416737412073,0.3388905700181625,0.08514568119868941,3.615011207742356e-05,17.326996966465476,39.735053659375545,24.6411220435356,nan,nan
174.46,224.35842895507812,-205.65625,-28.4310359954834,224.5652593572919,-206.0297501826876,-28.436738284480104,0.4269821048327159,0.33893567750530945,0.08517031915016803,3.54227344474344e-05,16.969647804661054,38.578148416380046,nan,0.6745845530223871,nan
174.47,224.36083984375,-205.6475830078125,-28.43256950378418,224.56764092575276,-206.0209148381623,-28.438373364406846,0.4268220095870972,0.33898086990374693,0.08519502368938554,3.613222702662092e-05,16.905294740864438,39.44142637348963,nan,nan,nan
174.48,224.3632049560547,-205.63890075683594,-28.434070587158203,224.56997418509374,-206.0120792054394,-28.439902542878226,0.42667280237555094,0.33902614729608804,0.08521979492913125,3.540613540354928e-05,16.85725373206648,38.3067254292337,nan,0.003996893493706486,nan
174.49,224.3655242919922,-205.63023376464844,-28.435543060302734,224.57225940049094,-206.00324382140144,-28.441477763807782,0.4265104081151601,0.3390715098855319,0.08524463304425016,3.61155474529779e-05,16.79416051078497,39.19383026156896,nan,nan,nan
174.5,224.3677978515625,-205.62155151367188,-28.436986923217773,224.61233070962825,-206.01089362200864,-28.44231854474803,0.45979563089057635,0.33900926158908584,0.085232797787471,3.5369294229103355e-05,16.412424418139228,37.680438324811945,13.791881148365633,0.27751161972894145,nan
174.51,224.37002563476562,-205.61288452148438,-28.438400268554688,224.61458867606459,-206.00208153052827,-28.44382927657422,0.4596899685072414,0.3390544380267346,0.0852576095117331,3.6077775434363585e-05,16.34886238366066,38.62881707218969,nan,nan,nan
174.52,224.37222290039062,-205.6042022705078,-28.439786911010742,224.61680194432128,-205.99326934261973,-28.445238701980998,0.45958874807435646,0.33909969940010004,0.0852824881153347,3.535493828178996e-05,16.29862928096314,37.12749564653728,nan,0.003751890670740895,nan
174.53,224.37435913085938,-205.5955352783203,-28.441144943237305,224.61897090488165,-205.98445728738554,-28.446694066569993,0.45948453934318334,0.33914504590100986,0.0853074337679581,3.6063401462641346e-05,16.235551349691644,38.5754960323454,nan,nan,nan
174.54,224.37644958496094,-205.58685302734375,-28.442476272583008,224.62110173823422,-205.97564139275156,-28.446833562544352,0.4593800770098027,0.3391904776291642,0.08533244659005271,3.534165880420767e-05,15.844561717806165,37.250731695668534,nan,1.151374468696222,nan
174.55,224.37850952148438,-205.57818603515625,-28.44378089904785,224.57036101066956,-205.93887812878805,-28.44833088197903,0.40856637484714253,0.3391282192036607,0.08532050988230841,3.602792510360886e-05,15.529316369542665,38.44510063665554,26.91475284470388,nan,nan
174.56,224.38052368164062,-205.5695037841797,-28.445058822631836,224.5723181482706,-205.93001707374307,-28.45007765264408,0.4083872402957527,0.3391734645136341,0.0853454955359501,3.5308089682058934e-05,15.594695470911251,37.61635832682538,nan,0.09972925978504583,nan
174.57,224.3824920654297,-205.5608367919922,-28.446311950683594,224.57423596910272,-205.9211545766706,-28.451424151397276,0.40819206894239046,0.33921879488158263,0.08537054840920658,3.6015713093876e-05,15.531895769336789,38.711180942215634,nan,nan,nan
174.58,224.38442993164062,-205.55215454101562,-28.447540283203125,224.5761236577906,-205.91228462448714,-28.449874659342086,0.4079774638119338,0.3392642104165021,0.08539566862688162,3.5296857367887713e-05,14.888095635629533,36.78142652811645,nan,5.724183567345042,nan
174.59,224.38632202148438,-205.54348754882812,-28.44874382019043,224.57796261765827,-205.90342178259704,-28.4511448559959,0.4077800089676282,0.3393097112962608,0.08542085635219254,3.600453710817616e-05,14.819556864148048,37.94603875570208,nan,nan,nan
174.6,224.38818359375,-205.53480529785156,-28.449922561645508,224.5461947566154,-205.88121727302322,-28.45063387559886,0.3807483290835906,0.3392474416987306,0.08540881502414899,3.526531757288718e-05,14.93466538684296,36.869631401320056,12.30870398532904,1.7599020372365703,nan
174.61,224.3900146484375,-205.52613830566406,-28.451078414916992,224.5478982618197,-205.87233771368676,-28.45183893940586,0.3805020944586095,0.3392927558844529,0.08543397478700676,3.597219906098897e-05,14.863353669709744,37.693043166423415,nan,nan,nan
174.62,224.3917999267578,-205.5174560546875,-28.452211380004883,224.54956968521827,-205.86345444924595,-28.451478264909387,0.38027190690273194,0.3393381551753083,0.0854592020655693,3.525599618028639e-05,14.790988503260461,36.76821345441149,nan,1.657425301971621,nan
174.63,224.39353942871094,-205.50877380371094,-28.453323364257812,224.5512005710846,-205.85457458206656,-28.452624034572864,0.38004697497537016,0.33938363974168273,0.08548449701942509,3.5962982667549585e-05,14.717597816924101,36.890558900733325,nan,nan,nan
174.64000000000001,224.395263671875,-205.50010681152344,-28.454410552978516,224.5527926089544,-205.84569713216052,-28.454986786381802,0.3798004315167986,0.3394292097038264,0.08550985977877484,3.524758990439972e-05,14.641363480498466,37.49310768137461,nan,1.0671616791057101,nan
174.65,224.39694213867188,-205.49142456054688,-28.455476760864258,224.57255150072154,-205.8492919333834,-28.456233145291108,0.3986330100453402,0.33936692794971873,0.08549771070203671,3.593258062580054e-05,15.024910311345023,36.29307159427294,4.935818069891884,nan,nan
174.66,224.39859008789062,-205.4827423095703,-28.45652198791504,224.57410155201174,-205.8404388041473,-28.45795273480097,0.3984383306200119,0.33941231094102187,0.08552304469296328,3.5218809164767966e-05,14.996784832236107,36.17749429400379,nan,0.26929548467847286,nan
174.67000000000002,224.4001922607422,-205.4740753173828,-28.45754623413086,224.5756200754186,-205.8315842668711,-28.459036875926593,0.3982333350428126,0.3394577791383102,0.0855484465237463,3.5925184728265635e-05,14.928178297544664,37.44711519079813,nan,nan,nan
174.68,224.4017791748047,-205.46539306640625,-28.45855140686035,224.60041272937312,-205.84754744502436,-28.46009746656835,0.4306967011692859,0.33515530112783554,0.08064380824166172,3.521186757751042e-05,23.312925311888893,44.37176238782982,nan,2.120848104702007e-06,0.12493239838964368
174.69,224.40333557128906,-205.4567108154297,-28.459535598754883,224.60185829851653,-205.8387140134063,-28.461142669584394,0.43051167134799595,0.33520403096284684,0.08066076318268636,3.591839774761048e-05,23.21379689446992,44.31594060701373,nan,nan,nan
174.70000000000002,224.40484619140625,-205.44802856445312,-28.460498809814453,224.6007387025813,-205.83195052699196,-28.462763233458322,0.43101633016462476,0.33514353904429983,0.08065103581771878,3.518478928088257e-05,23.749703423382176,44.625882839531215,1.6993946922636132,0.21462118658488552,nan
174.71,224.40634155273438,-205.43936157226562,-28.461444854736328,224.6021166161142,-205.8231293913293,-28.46377754928993,0.43082601575826635,0.33519206616311653,0.08066800019647924,3.589062135592435e-05,23.651075725274243,45.209868923560975,nan,nan,nan
174.72,224.40780639648438,-205.43067932128906,-28.462371826171875,224.60345126471617,-205.8142917344593,-28.46427784557848,0.430626323990649,0.3352406764365714,0.08068502380879204,3.517970412877026e-05,23.500946861627963,44.111471700364966,nan,0.17194315075854255,nan
174.73,224.4092254638672,-205.4219970703125,-28.46327781677246,224.60476972636286,-205.8054698426973,-28.465251600521267,0.43045652693129544,0.335289372069193,0.08070210983558561,3.588573392459176e-05,23.403506335766,44.480035766371714,nan,nan,nan
174.74,224.41062927246094,-205.41331481933594,-28.464168548583984,224.60603152882837,-205.79661396185043,-28.46515512217452,0.4302339453986335,0.3353381511743374,0.08071925544258174,3.517537993057948e-05,23.22121973396135,43.97951152591492,nan,0.7748822949409824,nan
174.75,224.41200256347656,-205.40463256835938,-28.46504020690918,224.6367136985772,-205.79666785543748,-28.466087134740036,0.4518715045347674,0.33527755540123627,0.08070956609551437,3.5859554966718464e-05,22.378202168344874,43.855332025461834,10.109693415835315,nan,nan
174.76,224.41334533691406,-205.3959503173828,-28.46589469909668,224.63797641263855,-205.78781653916735,-28.46611068338862,0.45168385249646137,0.33532613151580737,0.0807267207667601,3.515057656596424e-05,22.247398638015287,43.831240829208774,nan,0.5534323239694423,nan
174.77,224.4146728515625,-205.38726806640625,-28.466732025146484,224.63923507809866,-205.7789929009045,-28.466998351731544,0.4515269764692036,0.3353747928731663,0.08074393797056151,3.5856165994726825e-05,22.14770605916582,43.46254225958434,nan,nan,nan
174.78,224.4159698486328,-205.37860107421875,-28.467554092407227,224.6404996536954,-205.77020781512104,-28.469136691170196,0.4514110958986294,0.3354235377025397,0.08076121510631035,3.5147666479691884e-05,22.11433452924204,44.58984310760413,nan,1.1231461147830717,nan
174.79,224.417236328125,-205.3699188232422,-28.46835708618164,224.64170555031288,-205.7613836324915,-28.470005427029584,0.4512580698644318,0.3354723680348821,0.08077855500836742,3.5853493228129465e-05,22.01859155906138,43.64051463860217,nan,nan,nan
174.8,224.41847229003906,-205.36123657226562,-28.469146728515625,224.6512661566918,-205.74913834717398,-28.47105664009677,0.4523985180020334,0.33541166644808795,0.08076889729141432,3.512424552364476e-05,20.873753954691505,43.99679212507503,8.94980500201942,0.0012250135938108439,nan
174.81,224.41969299316406,-205.35255432128906,-28.469919204711914,224.65243938398552,-205.7402863052925,-28.471898927996286,0.4522288062075887,0.3354602934556815,0.08078624574049188,3.582944690127076e-05,20.779522520310273,43.72647742876435,nan,nan,nan
174.82,224.42088317871094,-205.3438720703125,-28.47067642211914,224.653645998124,-205.7315022769666,-28.475051254179824,0.45216683466104274,0.3355090039334249,0.08080365446449238,3.512263068029757e-05,21.115221666582144,44.258903574607814,nan,3.7880715506400233,nan
174.83,224.4221649169922,-205.33517456054688,-28.47152328491211,224.65482517730368,-205.7226493478998,-28.47594087586487,0.45198121937999025,0.33555779979757566,0.08082112607671849,3.5828096872379594e-05,21.022107323418734,43.052120274636756,nan,nan,nan
174.84,224.42352294921875,-205.3264923095703,-28.472461700439453,224.65607128337226,-205.71377465892,-28.476185000346245,0.45175237553063363,0.33560667944914824,0.08083865830461275,3.512163502255424e-05,20.776691486004708,44.05440370420805,nan,0.38026899710333467,nan
174.85,224.4249725341797,-205.31781005859375,-28.473485946655273,224.63259646620872,-205.6875312966738,-28.477445007680313,0.42404854109269213,0.33554587388889634,0.0808290312248498,3.580534020236949e-05,19.93516766408149,44.55297134762069,13.843575117979142,nan,nan
174.86,224.42649841308594,-205.3091278076172,-28.474599838256836,224.63397552477258,-205.6786171357114,-28.478034220122314,0.42376987909493513,0.3355945499371969,0.08084657157371725,3.51000480671789e-05,19.73834331218162,44.492250951477395,nan,0.22541782949630193,nan
174.87,224.42811584472656,-205.30044555664062,-28.475797653198242,224.6354505668531,-205.66971865427126,-28.479272418066383,0.4235119616066455,0.3356433112554182,0.08086417493449809,3.580519563921604e-05,19.645375240769972,44.257170442344645,nan,nan,nan
174.88,224.4298095703125,-205.29176330566406,-28.477083206176758,224.6370263444478,-205.6608426148407,-28.481412992645776,0.423293131288727,0.33569215635692573,0.0808818392423629,3.510018817658021e-05,19.74816812888799,44.41218909031924,nan,0.46674153249814526,nan
174.89000000000001,224.43157958984375,-205.2830810546875,-28.478450775146484,224.63866313303924,-205.65194430046154,-28.48283222454544,0.4230400513476158,0.3357410869896072,0.08089956680207751,3.580562740902864e-05,19.65626725476997,44.46801974078642,nan,nan,nan
174.9,224.4334259033203,-205.27439880371094,-28.479904174804688,224.65949556233411,-205.65356332577494,-28.483518560985438,0.441459272533836,0.3356801757757048,0.0808899644200311,3.507970503330893e-05,19.65392779390325,43.92011023686987,4.097442930266771,0.4606391269716957,nan
174.91,224.4353485107422,-205.2657012939453,-28.48143768310547,224.66132141000284,-205.64468609035683,-28.48509857350725,0.4412557412996202,0.3357289024687016,0.08090769954537891,3.578456981096247e-05,19.564803611970753,42.882144260104084,nan,nan,nan
174.92000000000002,224.43736267089844,-205.25701904296875,-28.483055114746094,224.6632139146192,-205.63579653871366,-28.486291891925305,0.4410120772717154,0.3357777129386806,0.08092549594005329,3.5080874952873936e-05,19.39685269568202,43.34295082530965,nan,0.15502638552355041,nan
174.93,224.43943786621094,-205.2483367919922,-28.484750747680664,224.66519373613934,-205.62691925427043,-28.488032436440264,0.44079605605416394,0.33582660882443643,0.08094335571482537,3.5786051286326246e-05,19.30641679320365,43.746696966917106,nan,nan,nan
174.94,224.44158935546875,-205.23965454101562,-28.486528396606445,224.66725413903112,-205.61804742687664,-28.49007244851037,0.44058861868456883,0.3358755888028039,0.08096127709316372,3.508253766347502e-05,19.27117691687532,43.63601234544082,nan,0.033422862448506216,nan
174.95000000000002,224.44383239746094,-205.23097229003906,-28.48838233947754,224.67086841758237,-205.62025022435978,-28.491952946773306,0.4506610853158323,0.33581457348971283,0.08095169780527178,3.57660115066158e-05,20.682301416904192,42.6792913787684,14.387119105493205,nan,nan
174.96,224.44613647460938,-205.22227478027344,-28.49031639099121,224.67305750465516,-205.61140565705756,-28.493384671792835,0.45047242700402707,0.33586334924493155,0.08096962627147158,3.5063498484216286e-05,20.505769379060222,41.74109663347347,nan,0.21392303000790772,nan
174.97,224.44850158691406,-205.21359252929688,-28.492324829101562,224.67533185948076,-205.60257510677258,-28.495440820277587,0.45029893130378745,0.33591221030131135,0.08098761824806124,3.576843958819804e-05,20.41752616363897,43.04533142571376,nan,nan,nan
174.98,224.45095825195312,-205.2049102783203,-28.49441146850586,224.67767840267481,-205.5937449351142,-28.497574468205393,0.45011600908474225,0.33596115610888655,0.08100567298853949,3.6487695459691434e-05,20.330765912969024,42.37030166585867,nan,nan,nan
174.99,224.45347595214844,-205.19622802734375,-28.496530532836914,224.6800962261188,-205.58491524446077,-28.499764126575936,0.4499388374579861,0.33601018681215733,0.08102379063740654,3.722141059889649e-05,20.247678146271173,42.56276802311729,nan,nan,nan
175.0,224.45606994628906,-205.1875457763672,-28.498647689819336,224.66504861415976,-205.5713928011083,-28.50034964540802,0.4370509337370552,0.3359490659336987,0.08101422883048616,3.64098955279966e-05,20.504553071911804,42.07157770244361,4.471613474908957,1.4405723264807087,nan
175.01,224.45872497558594,-205.17886352539062,-28.50074005126953,224.66757555400898,-205.56256598755536,-28.502525336482854,0.4368630572870753,0.33599789207630415,0.08103235297524583,3.714130322105605e-05,20.421698285178532,42.23104062031193,nan,nan,nan
175.02,224.46144104003906,-205.17018127441406,-28.50279998779297,224.6701676968047,-205.5537398561718,-28.504694422814673,0.43667790391616906,0.3360468022418026,0.08105053927462559,3.6356770963967596e-05,20.345593009270768,42.13580859370385,nan,0.00026068940478231887,nan
175.03,224.46417236328125,-205.1614990234375,-28.504825592041016,224.67279119686648,-205.54491361532132,-28.506810588053874,0.4365002946219752,0.3360957979068795,0.08106878952623521,3.708688116929095e-05,20.26341103565885,41.68894524027819,nan,nan,nan
175.04,224.4668731689453,-205.15281677246094,-28.506811141967773,224.6754049972098,-205.53608933402154,-28.508957492828774,0.4363347186124114,0.33614487791198316,0.08108710226501546,3.6305446724289476e-05,20.193465432856815,41.78692913250562,nan,0.002906578996802625,nan
175.05,224.4695281982422,-205.14413452148438,-28.508758544921875,224.68237214266856,-205.52263570688612,-28.510921424143984,0.43424689990376514,0.33608365286072245,0.0810775559361395,3.701083881368029e-05,19.215424269027462,42.001128049608916,5.587435610351539,nan,nan
175.06,224.47213745117188,-205.1354522705078,-28.510669708251953,224.68485017593724,-205.51370785563057,-28.509409285850595,0.43396495206214203,0.33613252801986526,0.08109587464737247,3.623340398442701e-05,19.04183139216063,41.73032049036089,nan,8.138475872176397,nan
175.07,224.47470092773438,-205.12677001953125,-28.512540817260742,224.68735156238606,-205.50485784736608,-28.511342093806544,0.43378812214322343,0.3361814885597305,0.08111425743817835,3.69602270018822e-05,18.94629042606433,41.619578796613844,nan,nan,nan
175.08,224.4772186279297,-205.1180877685547,-28.514375686645508,224.68979904051548,-205.49600260765115,-28.512982487896444,0.43360350370725287,0.3362305334302718,0.08113270301440015,3.6185722527114487e-05,18.871097859242035,41.4173864431068,nan,0.04319515590425556,nan
175.09,224.47967529296875,-205.10940551757812,-28.51617431640625,224.6922023505475,-205.48715305398932,-28.514840495663837,0.4334313446736112,0.33627966394398917,0.08115121291913041,3.691147046530386e-05,18.7753564365328,41.60881234078322,nan,nan,nan
175.1,224.4821014404297,-205.10072326660156,-28.51793670654297,224.69850325307914,-205.48797460193632,-28.51791209593878,0.44361395586951413,0.33621833346639873,0.08114167674781436,3.6117487111155035e-05,19.741473010581217,40.742112769580345,7.965507239010151,0.9010930252043058,nan
175.11,224.48446655273438,-205.092041015625,-28.519664764404297,224.70081182625987,-205.47916126594131,-28.51971364386154,0.4434719472198742,0.33626725879263225,0.08116019199315545,3.684132090485514e-05,19.65263524171931,40.936578909465155,nan,nan,nan
175.12,224.48678588867188,-205.08335876464844,-28.5213565826416,224.70306484835015,-205.47033956923326,-28.52106324771121,0.4433179644025452,0.33631626843616674,0.08117877031176537,3.607338366073692e-05,19.56656625436292,40.85696009366341,nan,0.11603015630781696,nan
175.13,224.4890594482422,-205.07467651367188,-28.52301597595215,224.7052788851762,-205.4615264569151,-28.522793582062206,0.4431746528789591,0.33636536360803804,0.08119741309288862,3.679628560643799e-05,19.477569231021423,40.71773799160397,nan,nan,nan
175.14000000000001,224.4912872314453,-205.0659942626953,-28.524642944335938,224.70746319237514,-205.45273080662184,-28.52536502183407,0.44305498743168126,0.3364145434103612,0.08121611927164608,3.603101857541227e-05,19.403122854578488,40.612022423359335,nan,0.5078768092895236,nan
175.15,224.4934844970703,-205.0573272705078,-28.526235580444336,224.69895130268984,-205.44149774620973,-28.527141868815598,0.43566544959537845,0.3363531086211815,0.08120659075478422,3.672999453632813e-05,19.714288051374798,41.33569484989019,1.9527484719732886,nan,nan
175.16,224.49562072753906,-205.04864501953125,-28.52779769897461,224.7009876030428,-205.43266271732833,-28.527473969004394,0.4354827787371442,0.3364020829439597,0.08122530170029257,3.596826225599849e-05,19.60794949649079,40.607743843025276,nan,1.1524598558083294,nan
175.17000000000002,224.4977264404297,-205.0399627685547,-28.529329299926758,224.70300437830926,-205.4238527648868,-28.529076390689454,0.4353281808326132,0.33645114268258247,0.08124407724523501,3.6688587147987583e-05,19.521006694948564,40.23670614831616,nan,nan,nan
175.18,224.49978637695312,-205.03128051757812,-28.53082847595215,224.70498763198933,-205.4150521755148,-28.531147784976163,0.4351877094566787,0.33650028703277346,0.08126291646261634,3.5929356182401215e-05,19.436449876788494,40.2962465012698,nan,0.16650124720175172,nan
175.19,224.50180053710938,-205.02259826660156,-28.532299041748047,224.7069206639413,-205.40624228897136,-28.53269611680929,0.43503696394700236,0.33654951706518366,0.08128182053613671,3.664893696317092e-05,19.352335631229558,40.29369764513168,nan,nan,nan
175.20000000000002,224.50376892089844,-205.013916015625,-28.533740997314453,224.69249153256825,-205.40123707418576,-28.53605547849078,0.4308586582433019,0.3364879769619139,0.08127229466949024,3.5870158153665715e-05,21.02480278708801,40.41047144757492,14.928591689990437,2.190930743992704,nan
175.21,224.50570678710938,-205.00523376464844,-28.535152435302734,224.69431084910056,-205.3924622881239,-28.537565580219994,0.43072409366201025,0.33653700117456276,0.08129120284522708,3.658815593461638e-05,20.950500047072246,40.21275188841351,nan,nan,nan
175.22,224.5076141357422,-204.99655151367188,-28.536537170410156,224.696099658593,-205.38369620018923,-28.53955383986662,0.4306006280970547,0.3365861099760476,0.08131017495869781,3.58346038136856e-05,20.96200756713445,40.03395307101467,nan,0.1720246527960609,nan
175.23,224.5094757080078,-204.9878692626953,-28.537893295288086,224.6978417684415,-205.37492099237994,-28.541014765098872,0.4304655128450446,0.3366353043510417,0.08132921207064786,3.655197777634952e-05,20.891112028196275,40.18095219202861,nan,nan,nan
175.24,224.51129150390625,-204.97918701171875,-28.539222717285156,224.69957850943584,-205.36617892416717,-28.544412613338004,0.4303971093918106,0.3366845836242414,0.08134831343750776,3.580067016520571e-05,21.293125720533652,40.7785989771626,nan,2.5985090516795193,nan
175.25,224.51307678222656,-204.9705047607422,-28.540525436401367,224.6796449632733,-205.3502908129612,-28.545770940393492,0.4147407861658201,0.336622939085161,0.08133878731085134,3.649474647065982e-05,21.67944022897578,40.82575339621382,4.809044009230865,nan,nan
175.26,224.51483154296875,-204.96182250976562,-28.54180335998535,224.68128503646724,-205.3415586014948,-28.550046343977108,0.4146977352779819,0.3366720122401742,0.08135789215811201,3.574652222714684e-05,22.74400459603618,41.773506305201934,nan,5.584721428393831,nan
175.27,224.51654052734375,-204.95314025878906,-28.543054580688477,224.6828439690106,-205.33277879913746,-28.551452040305605,0.4145512915866052,0.33672117086213404,0.0813770621482663,3.646191195088448e-05,22.694536205577645,41.97419290399223,nan,nan,nan
175.28,224.5182342529297,-204.9444580078125,-28.544281005859375,224.68433553630283,-205.32396534761628,-28.55073736589876,0.4143152687122493,0.33677041435437777,0.08139629664686704,3.57157694525115e-05,21.846506439472087,40.73964628231938,nan,2.9767199940903466,nan
175.29,224.51988220214844,-204.93577575683594,-28.545482635498047,224.68582588823045,-205.31518517036736,-28.552074102693005,0.4141645294644688,0.3368197435836185,0.08141559655183654,3.643069016136363e-05,21.790317017337856,40.93091262160542,nan,nan,nan
175.3,224.52149963378906,-204.92709350585938,-28.546661376953125,224.69625397785543,-205.30273414083146,-28.555098932376637,0.41438648596910693,0.33675799381965893,0.0814060654105838,3.566485261294622e-05,21.493653613174306,41.6027136134106,6.582345880009304,1.8489755307808184,nan
175.31,224.5230712890625,-204.9184112548828,-28.54781723022461,224.6976973824568,-205.29392835345692,-28.55640733928954,0.41422355532902316,0.336807116591725,0.08142536809894461,3.6378463120064816e-05,21.443850478515,41.800569941874194,nan,nan,nan
175.32,224.52462768554688,-204.90972900390625,-28.548948287963867,224.69907594465204,-205.28508911957618,-28.555479549879152,0.41396868108925167,0.33685632420255346,0.08144473554065478,3.563714706682043e-05,20.531695564825107,40.618786168312965,nan,3.3357282991500075,nan
175.33,224.52615356445312,-204.9010467529297,-28.55005645751953,224.70045636180976,-205.27628260340234,-28.556721821298773,0.4137968532028591,0.33690561744724934,0.08146416853733104,3.635038752299937e-05,20.476411952390187,40.57115466857155,nan,nan,nan
175.34,224.52764892578125,-204.89236450195312,-28.551143646240234,224.7017928265702,-205.26746242000766,-28.55701875733534,0.41359287136170286,0.33695499583659183,0.08148366659834229,3.561090927828648e-05,20.143290341535025,40.211905329397275,nan,0.5818838255080336,nan
175.35,224.5290985107422,-204.88368225097656,-28.552209854125977,224.71154242627625,-205.25693341843075,-28.558326720785296,0.41549925677315175,0.3368931415278494,0.08147412720669096,3.630134036741099e-05,19.432773644447604,40.57539629024634,3.9815136594719536,nan,nan
175.36,224.53053283691406,-204.875,-28.553253173828125,224.71285355254014,-205.2481135255826,-28.559783786801546,0.41532781657973245,0.3369423131557143,0.08149362738378588,3.556452220655851e-05,19.521410381937955,40.39870129459684,nan,0.055304731705129596,nan
175.37,224.5319366455078,-204.86631774902344,-28.554275512695312,224.7141318818855,-205.23928947805624,-28.56093906624069,0.41514746507992306,0.336991570316206,0.0815131932657016,3.627626250322392e-05,19.466579063764115,40.39361415962665,nan,nan,nan
175.38,224.53330993652344,-204.85763549804688,-28.555278778076172,224.715370085142,-205.2304535482481,-28.56121395383021,0.41493905887744226,0.33704091258503854,0.08153282444635557,3.554113066033067e-05,19.1541972717804,40.08992580424329,nan,0.5070639064561347,nan
175.39000000000001,224.53466796875,-204.8489532470703,-28.55626106262207,224.71659223259275,-205.22162893497074,-28.56232196136397,0.4147533491369778,0.33709034065990084,0.08155252160108994,3.625262553747179e-05,19.09786969299786,39.81045026041358,nan,nan,nan
175.4,224.53598022460938,-204.8402557373047,-28.55722427368164,224.71722117465868,-205.20906885448943,-28.561758728363266,0.4109646683859329,0.33702838119583073,0.08154296939774866,3.54976045657857e-05,18.196262969995217,38.80199646227821,1.3954320452980904,2.0349729891877772,nan
175.41,224.5372772216797,-204.83157348632812,-28.558168411254883,224.71839024403815,-205.2002297137591,-28.5628138740803,0.4107686955164751,0.3370776021713013,0.08156266793935536,3.620800906154545e-05,18.13468406518356,39.51613579969352,nan,nan,nan
175.42000000000002,224.53854370117188,-204.82289123535156,-28.559093475341797,224.7195332965184,-205.19139038338423,-28.563863040549865,0.41057472459562433,0.33712690821549834,0.08158243200630945,3.547691206593532e-05,18.101573310620896,39.58971323661346,nan,9.898928061152159e-05,nan
175.43,224.539794921875,-204.814208984375,-28.560001373291016,224.72065049151368,-205.1825507838909,-28.564882563910142,0.410375735590928,0.33717629996750087,0.08160226220019748,3.618715089819174e-05,18.041344713671176,39.25077520609956,nan,nan,nan
175.44,224.541015625,-204.80552673339844,-28.560890197753906,224.72177648785183,-205.1737434240728,-28.568564355177212,0.4102644434048253,0.33722577709098045,0.08162215822519212,3.545751544232181e-05,18.966455855201282,40.31904539662761,nan,4.93810815440937,nan
175.45000000000002,224.54220581054688,-204.7968292236328,-28.56175994873047,224.67081124956613,-205.137462902836,-28.56956040880869,0.36418609189571066,0.33716371298861425,0.08161258971977015,3.614531580567718e-05,18.593714525033963,40.48687658420318,27.6795958499405,nan,nan
175.46,224.5433807373047,-204.78814697265625,-28.56261444091797,224.6717790686125,-205.12858129238813,-28.57134698926021,0.3639476815896611,0.3372129827030563,0.08163248642126303,3.541795458329516e-05,18.986656846213727,41.68525220395237,nan,0.43209974767087855,nan
175.47,224.54452514648438,-204.7794647216797,-28.56344985961914,224.67271347920266,-205.11969021092875,-28.572333330624666,0.3636819327887545,0.3372623380286781,0.08165244940303382,3.612707965917772e-05,18.941174407699528,41.81707585903752,nan,nan,nan
175.48,224.54563903808594,-204.77076721191406,-28.56427001953125,224.67363398807728,-205.11080740453602,-28.57407366934683,0.3634640991506187,0.3373117786818298,0.08167247843321175,3.540104299415153e-05,19.396588144849787,41.311418065898856,nan,0.4090768746209946,nan
175.49,224.5467529296875,-204.7620849609375,-28.565073013305664,224.6745227082714,-205.10191571320325,-28.57503611023742,0.3631932265411373,0.33736130522255153,0.08169257401777266,3.611010020826842e-05,19.35518191907469,41.93491551134205,nan,nan,nan
175.5,224.54782104492188,-204.75340270996094,-28.565860748291016,224.65872302179378,-205.06923006014728,-28.574654205466953,0.33484845600498914,0.3372991360183013,0.08168298479580384,3.5363957564671504e-05,16.921091870880947,42.87081056535901,28.82687570040712,1.137225322052251,nan
175.51,224.54888916015625,-204.7447052001953,-28.566633224487305,224.6595480195063,-205.06026266423675,-28.575573223014697,0.3345172937810314,0.33734845481294917,0.08170308029580661,3.607209744615198e-05,16.877252552896692,41.339807461946315,nan,nan,nan
175.52,224.5499267578125,-204.73602294921875,-28.5673885345459,224.6603551773378,-205.05129822710745,-28.576797566605556,0.3341877714264166,0.3373978588881828,0.08172324205450651,3.534938020522907e-05,17.09119037045542,42.827195906702414,nan,0.07079487171278824,nan
175.53,224.55104064941406,-204.72732543945312,-28.568235397338867,224.66119157885578,-205.04233034737743,-28.577743701079253,0.3338438663706328,0.3374473487569279,0.08174347052283136,3.6057515154667436e-05,17.023581533845313,41.79653113391903,nan,nan,nan
175.54,224.55226135253906,-204.71864318847656,-28.569171905517578,224.6621003443456,-205.0333493396748,-28.57747301074391,0.3334268646510964,0.3374969242062535,0.08176376555128836,3.533592060522333e-05,16.39550388653492,41.91107819533278,nan,1.1844096052157036,nan
175.55,224.55355834960938,-204.70994567871094,-28.5701961517334,224.673393627378,-205.03348343692764,-28.578453673560666,0.3451164462272139,0.3374346502855644,0.08175415192868987,3.60218915046806e-05,16.774579608371035,40.37914038943127,3.8783391522301387,nan,nan
175.56,224.554931640625,-204.70126342773438,-28.571308135986328,224.67449540750636,-205.02453307309392,-28.57904039543449,0.3447586776252616,0.33748401767438435,0.08177444612150928,3.5302228007267514e-05,16.50392403369966,41.29830650789951,nan,0.26117427730072523,nan
175.57,224.556396484375,-204.69256591796875,-28.572505950927734,224.67568750839658,-205.0155883363047,-28.580322142683325,0.3444342085410141,0.3375334707639543,0.08179480717898556,3.600955021306749e-05,16.43795112597823,40.01534392499492,nan,nan,nan
175.58,224.5579376220703,-204.6838836669922,-28.573789596557617,224.67696726868428,-205.00664764266853,-28.582160898826185,0.34411439881108347,0.3375830093832958,0.08181523499867394,3.529088868148416e-05,16.656433621818604,41.40426898651428,nan,0.15348567309869343,nan
175.59,224.5595703125,-204.67518615722656,-28.575157165527344,224.6783241037141,-204.99770259930347,-28.583620087384705,0.34378909142674663,0.3376326339823821,0.08183572996109992,3.599828052573673e-05,16.592050602355794,40.07990541069831,nan,nan,nan
175.6,224.561279296875,-204.66650390625,-28.576608657836914,224.6803507112532,-204.99150762076857,-28.584218888500956,0.3462128417370655,0.337570255000737,0.08182608763301302,3.5259291384667116e-05,16.48336533721019,40.59410112281204,2.1432764331159504,0.395018619566562,nan
175.61,224.5630645751953,-204.65780639648438,-28.578144073486328,224.68186838010666,-204.98257280448414,-28.585835652863235,0.34589987600430366,0.3376196712029472,0.08184658096735745,3.5965898690716786e-05,16.417632639616528,39.45986897431805,nan,nan,nan
175.62,224.56492614746094,-204.6491241455078,-28.57975959777832,224.68345035250596,-204.97362538033676,-28.585999679120892,0.3455256534647247,0.3376691728814378,0.0818671412596979,3.524992537416436e-05,15.807785914767726,39.96809468368367,nan,1.6412476230602242,nan
175.63,224.56687927246094,-204.6404266357422,-28.58145523071289,224.68512552126361,-204.9646906288411,-28.5877661691885,0.34520883609897174,0.33771876044902377,0.08188776885070892,3.5956650880081e-05,15.74385338307238,38.617174007393594,nan,nan,nan
175.64000000000001,224.5688934326172,-204.63174438476562,-28.58323097229004,224.68688566070497,-204.9557623000614,-28.590428069488482,0.34490806533019835,0.3377684337905113,0.08190846369764983,3.5241502358831126e-05,16.0368370834906,40.20692038948667,nan,0.4616652069673932,nan
175.65,224.5709991455078,-204.623046875,-28.585084915161133,224.68744474392668,-204.94753199450184,-28.59236235301693,0.3448233334201708,0.3377059500293997,0.08189878883780277,3.59262605762368e-05,16.15267886232456,38.79086385641623,0.13878105030418122,nan,nan
175.66,224.5731658935547,-204.61436462402344,-28.587017059326172,224.68934755040632,-204.93860274282537,-28.594525415707075,0.3445067640679183,0.3377554146553514,0.08191948126715583,3.5212744673472714e-05,16.211002221820465,40.10146002637233,nan,0.015273903152068818,nan
175.67000000000002,224.57540893554688,-204.6056671142578,-28.589025497436523,224.6913237685346,-204.92967248996777,-28.596620317545717,0.34419967066808066,0.337804965080748,0.08194024115027865,3.591888565768263e-05,16.149416361245567,38.947286253296625,nan,nan,nan
175.68,224.57772827148438,-204.59698486328125,-28.59111213684082,224.6889115415851,-204.93160505756185,-28.59890493831103,0.35269409085698256,0.33768509319402795,0.08095717119455792,3.5205819062440456e-05,23.98908319278733,47.70007051999751,nan,0.00968563208381455,0.11752194634145012
175.69,224.5801239013672,-204.58828735351562,-28.593231201171875,224.6910245547259,-204.92269541927334,-28.601134517329236,0.35240625954357135,0.3377340717875197,0.08097434043793775,3.591212700758066e-05,23.90698697072648,46.51065540784566,nan,nan,nan
175.70000000000002,224.58255004882812,-204.57960510253906,-28.595346450805664,224.6990409071154,-204.9237352655448,-28.602775554240228,0.363388058049103,0.3376723383360044,0.08096434268678725,3.517880652306137e-05,24.81958717417367,47.015368735913206,9.03895146030373,0.22595506095920992,nan
175.71,224.58499145507812,-204.57090759277344,-28.597436904907227,224.7012383316965,-204.91486398148027,-28.60500209520357,0.36314813197920737,0.3377211119203086,0.08098152006818926,3.588442924498473e-05,24.748369469623793,45.63519723045911,nan,nan,nan
175.72,224.58740234375,-204.56222534179688,-28.599496841430664,224.7034176502972,-204.90595455637597,-28.60534662674291,0.36282715485008454,0.3377699696393262,0.08099875768302853,3.517379295805666e-05,24.02581996079592,45.94844817469791,nan,2.4068701772903554,nan
175.73,224.5897674560547,-204.55352783203125,-28.601520538330078,224.70557030317164,-204.89708401664376,-28.607495182272878,0.36259736314008195,0.33781891165209177,0.08101605691662309,3.587962573951524e-05,23.948968491770753,45.006094616363896,nan,nan,nan
175.74,224.59210205078125,-204.5448455810547,-28.60350799560547,224.70768472044512,-204.8882202529121,-28.609937426296995,0.36236287941624645,0.33786793808983945,0.0810334167051901,3.5169557737566345e-05,24.02916197849192,45.88047399718154,nan,0.07602164834083139,nan
175.75,224.59439086914062,-204.53616333007812,-28.60545539855957,224.72157561524324,-204.88920422453995,-28.61209027816666,0.37531034415666464,0.337806111136942,0.08102345496979675,3.585355928431597e-05,24.7006198260515,45.504647861797345,4.902317985125734,nan,nan
175.76,224.5966339111328,-204.5274658203125,-28.607364654541016,224.72361839044433,-204.8803394228353,-28.61296267531845,0.37506822736678813,0.33785493228864977,0.08104082249552011,3.514486944831173e-05,24.2675533934968,44.105708319408365,nan,0.9591118613102533,nan
175.77,224.5988311767578,-204.51878356933594,-28.609235763549805,224.7256193558385,-204.87149788794272,-28.614956788631005,0.3748537888735058,0.33790383767397747,0.08105825180941675,3.5850285986058454e-05,24.189698737336474,45.04483733936089,nan,nan,nan
175.78,224.60098266601562,-204.51010131835938,-28.61107063293457,224.7275771621595,-204.86266311676792,-28.617252316907116,0.37465210711768704,0.3379528274283485,0.08107574197605788,3.514207716559372e-05,24.265210761921185,45.12774123674448,nan,0.07996350391620986,nan
175.79,224.60308837890625,-204.50140380859375,-28.61286735534668,224.72949133698665,-204.85382213051219,-28.61917732069174,0.37445453275122503,0.3380019017043474,0.08109329418983934,3.584774253613767e-05,24.19218364162438,44.13785910268726,nan,nan,nan
175.8,224.60516357421875,-204.4927215576172,-28.6146297454834,224.72347879010618,-204.83081458398297,-28.620030992965045,0.3582381306645378,0.337939981165854,0.08108336380787035,3.5118795456134364e-05,22.247346710940583,45.156791483161165,17.786910643894487,0.8952480768198394,nan
175.81,224.60719299316406,-204.48403930664062,-28.616355895996094,224.725302237144,-204.8219211806932,-28.62187693541058,0.3579726752183982,0.3379888498750932,0.08110092326930812,3.582384683106003e-05,22.16908627591101,45.167032301038915,nan,nan,nan
175.82,224.6091766357422,-204.47535705566406,-28.61804962158203,224.72708198219306,-204.81298878527298,-28.621522873005013,0.35764356423100135,0.3380378028961376,0.08111854387276644,3.511732093357141e-05,21.56335170870422,44.59003116267626,nan,3.290928570908632,nan
175.83,224.6111297607422,-204.46665954589844,-28.619707107543945,224.7288245993931,-204.8040956179046,-28.623280401301184,0.35739046736628943,0.3380868403786197,0.0811362266965042,3.58226479955111e-05,21.481219725028446,43.37557820819515,nan,nan,nan
175.84,224.613037109375,-204.45797729492188,-28.621334075927734,224.73052893736218,-204.79521695703056,-28.62582940397126,0.35714860676918375,0.3381359624625307,0.08115397097793772,3.511647503469597e-05,21.602814253356957,44.59435067185842,nan,0.47603078711904373,nan
175.85,224.6149139404297,-204.4492950439453,-28.622926712036133,224.74636147217237,-204.79079742295448,-28.62748430684175,0.3659550520768615,0.33807394826962145,0.08114406937758645,3.580005955727821e-05,21.22022584923434,44.19549341852069,2.271977768414374,nan,nan
175.86,224.6167449951172,-204.4405975341797,-28.624488830566406,224.7480120394793,-204.78188290646503,-28.627848316446208,0.3656747576971741,0.3381228645055617,0.08116182045424347,3.509505314088208e-05,20.867094239461125,42.9372608919181,nan,1.1971246079765538,nan
175.87,224.61854553222656,-204.43191528320312,-28.626018524169922,224.7496271089491,-204.77299050326988,-28.62947444830027,0.3654129566822319,0.33817186514232744,0.08117963392543831,3.580008244277898e-05,20.78314558464419,43.82029622970916,nan,nan,nan
175.88,224.62030029296875,-204.42323303222656,-28.627517700195312,224.75120669780162,-204.76411236872553,-28.631935516493456,0.3651776635818392,0.3382209503218711,0.0811975091330987,3.509535739532182e-05,20.909387245729373,44.145683835710756,nan,0.5250677668330977,nan
175.89000000000001,224.62203979492188,-204.41455078125,-28.62898826599121,224.75275003863842,-204.7552199545248,-28.633511428352822,0.36491247228605156,0.3382701201907984,0.08121544699989329,3.580068820312196e-05,20.830271975123328,43.65432455817478,nan,nan,nan
175.9,224.62371826171875,-204.40585327148438,-28.630428314208984,224.75786659212372,-204.7487781787837,-28.63389783482158,0.36824625479423273,0.33820801226148783,0.0812055697104027,3.507505013584704e-05,20.658946732526235,42.74105621508414,0.23187757616542803,0.9487797238791994,nan
175.91,224.62538146972656,-204.3971710205078,-28.6318416595459,224.75934651276464,-204.73989166848935,-28.635405789321585,0.3679901878177399,0.3382569759984753,0.08122351384430497,3.577981605534726e-05,20.576609561224654,43.293784293792704,nan,nan,nan
175.92000000000002,224.62701416015625,-204.38848876953125,-28.633224487304688,224.7607931305916,-204.73100999182233,-28.63720700349016,0.36774102448011653,0.33830602421846356,0.0812415199854488,3.507639400983348e-05,20.58011717017237,43.33175881562056,nan,0.07226608608942088,nan
175.93,224.62860107421875,-204.37979125976562,-28.634580612182617,224.76220679186866,-204.72212307258437,-28.638663886180694,0.3675026952051617,0.33835515706689423,0.08125958896300867,3.578148060847306e-05,20.50193916864871,42.45526756953078,nan,nan,nan
175.94,224.63015747070312,-204.37110900878906,-28.635910034179688,224.7635892195887,-204.7132670404721,-28.642158462880147,0.3673080357371642,0.3384043746875323,0.08127772025818684,3.507823431695776e-05,21.055276509100352,44.028051390492955,nan,2.994251801105495,nan
175.95000000000002,224.63169860839844,-204.3624267578125,-28.6372127532959,224.77827044341086,-204.7083980017401,-28.643592746989675,0.37579264064542,0.33834217294283503,0.08126786435441799,3.576163216369998e-05,20.704524934621183,43.515495376395975,1.9675238953855865,nan,nan
175.96,224.63319396972656,-204.35372924804688,-28.63848876953125,224.77961319005095,-204.69951906301245,-28.64556698994648,0.3755786008528338,0.33839118414631164,0.08128600141457581,3.505937986148897e-05,20.904538274393328,43.006249642590895,nan,0.2315680483759059,nan
175.97,224.63465881347656,-204.3450469970703,-28.639739990234375,224.78092556822682,-204.69063152962855,-28.646948658881616,0.37533264924907767,0.3384402799167181,0.0813042014890446,3.576424843075091e-05,20.8358477642963,43.99135615768299,nan,nan,nan
175.98,224.6361083984375,-204.33636474609375,-28.640966415405273,224.78220811409815,-204.68171890067023,-28.646529212301676,0.37502741727595357,0.3384894603983701,0.08132246414218149,3.506211468304071e-05,20.17410085643719,43.02867479427636,nan,2.2216215100944816,nan
175.99,224.63751220703125,-204.32766723632812,-28.642168045043945,224.78346200502202,-204.6728310634856,-28.64784537720157,0.374795468505118,0.338538725735856,0.08134079007926043,3.5767319646734284e-05,20.102714654960295,42.279404257903245,nan,nan,nan
176.0,224.63890075683594,-204.31898498535156,-28.643346786499023,224.7600498143938,-204.65269366396004,-28.649461241764808,0.3550717714617261,0.338476430092434,0.08133095123637954,3.5044122668748266e-05,20.270209684273492,43.63655580056122,5.519730818208511,0.08106764895156346,nan
176.01,224.6402587890625,-204.31028747558594,-28.644500732421875,224.76120648041746,-204.6437886585164,-28.650734702275013,0.354810154082773,0.3385254887255062,0.08134928237227175,3.5748794675598896e-05,20.201866651916408,42.59318945726733,nan,nan,nan
176.02,224.64158630371094,-204.30160522460938,-28.645631790161133,224.76233587584125,-204.6348494547587,-28.64938579808471,0.35446617422957977,0.338574632007865,0.08136767634044687,3.5047656866892996e-05,19.426306257100492,42.94015653713613,nan,4.761170468386475,nan
176.03,224.64288330078125,-204.29290771484375,-28.646739959716797,224.76343840069993,-204.6259441957917,-28.65058949627645,0.3542056587497191,0.3386238600840194,0.08138613377270015,3.575267854721931e-05,19.350309998235037,41.88247473143756,nan,nan,nan
176.04,224.6441650390625,-204.2842254638672,-28.6478271484375,224.76451478978774,-204.61704038414965,-28.651889609667357,0.35392984792680443,0.33867317309841954,0.08140465434294908,3.5051573955381276e-05,19.31725020397632,42.688658780864316,nan,0.009757239710209564,nan
176.05,224.64541625976562,-204.27554321289062,-28.64889144897461,224.75383496653956,-204.5985295881674,-28.653023550284942,0.3407225980973337,0.33861078347176465,0.0813948293459145,3.5734935579424405e-05,18.725094382492497,43.22725303151169,3.865272620100969,nan,nan
176.06,224.64663696289062,-204.266845703125,-28.649934768676758,224.7548436328298,-204.58958045709866,-28.65274301015763,0.34040313021765645,0.33865988949282094,0.08141335456512412,3.503468740084596e-05,18.38497149727841,41.93607703944563,nan,1.4258664372570766,nan
176.07,224.64784240722656,-204.25816345214844,-28.650959014892578,224.75582716264094,-204.58064820195366,-28.653850813684823,0.3400962860119142,0.33870908024495605,0.08143194342861952,3.57395410798675e-05,18.305302594674227,42.740082633650225,nan,nan,nan
176.08,224.64901733398438,-204.2494659423828,-28.651960372924805,224.756785751279,-204.57173699151608,-28.656751326201135,0.339846456666744,0.3387583558723602,0.0814505956748371,3.5039281688583843e-05,18.639806950748202,42.181138728582916,nan,2.314076097096837,nan
176.09,224.65017700195312,-204.24078369140625,-28.652942657470703,224.75772139219447,-204.562804392573,-28.65783828725312,0.33953953384441593,0.3388077165199436,0.08146931183935732,3.574449312065972e-05,18.5675498344907,43.01265036785697,nan,nan,nan
176.1,224.65130615234375,-204.23208618164062,-28.653905868530273,224.75592918587174,-204.56034691880544,-28.65950203672981,0.344575692420549,0.3387452328235603,0.08145949646993728,3.50230452995753e-05,19.778920652290516,41.95356216219973,7.148550580503534,0.1886321560206902,nan
176.11,224.6524200439453,-204.223388671875,-28.654850006103516,224.75681015070722,-204.55144441063936,-28.660558577797566,0.34431155937142327,0.33879438618728913,0.08147821667975517,3.5727742784790664e-05,19.71208766795314,41.77765542843922,nan,nan,nan
176.12,224.65350341796875,-204.21470642089844,-28.65577507019043,224.75766944031747,-204.54252856339406,-28.660395119465864,0.344004741504649,0.3388436243624062,0.08149700051016694,3.502823685188007e-05,19.32230086745009,42.59025027914008,nan,1.0185966668364275,nan
176.13,224.65457153320312,-204.2060089111328,-28.656681060791016,224.75850613338528,-204.53362565302095,-28.661404014483807,0.3437403627332793,0.3388929474943212,0.08151584844051661,3.573330099751406e-05,19.25294076720555,41.367603339923036,nan,nan,nan
176.14000000000001,224.65560913085938,-204.19732666015625,-28.657569885253906,224.75932182425882,-204.52471566312676,-28.661727059743363,0.34344892507900615,0.338942355726457,0.08153476029317261,3.503371631009999e-05,19.03547208135792,42.34021002753166,nan,0.3149562803983529,nan
176.15,224.65663146972656,-204.18862915039062,-28.65843963623047,224.7426396488085,-204.4997259318492,-28.662786307030782,0.3227963876035948,0.3388797778734134,0.08152495110303727,3.571713185590217e-05,18.00284557909267,42.04742200066224,11.724952050164205,nan,nan
176.16,224.6576385498047,-204.179931640625,-28.65929412841797,224.7433895628956,-204.4907639808238,-28.662476479285917,0.3224594661606749,0.33892897852932224,0.081543866405435,3.501829649486282e-05,17.679716766420217,41.59453704352703,nan,1.1256195216966307,nan
176.17000000000002,224.6586151123047,-204.17124938964844,-28.66012954711914,224.7441182060555,-204.48181446154533,-28.663401189491353,0.32213684447310936,0.33897826407789644,0.0815628459889329,3.5723220663259336e-05,17.604523602560004,42.834507245438004,nan,nan,nan
176.18,224.65957641601562,-204.1625518798828,-28.66094970703125,224.74482566248062,-204.47288025614506,-28.665933100950973,0.32186327741973364,0.33902763466191027,0.08158188972456806,3.502427316464172e-05,17.93089905990955,41.98373935646878,nan,1.8573113393608807,nan
176.19,224.6605224609375,-204.1538543701172,-28.661752700805664,224.74551507218402,-204.4639300394154,-28.666842668936855,0.32155337415865237,0.3390770904277812,0.08160099801904323,3.5729566512522585e-05,17.864466780136635,41.88251379088259,nan,nan,nan
176.20000000000002,224.6614532470703,-204.14517211914062,-28.662540435791016,224.79301106167998,-204.46983761698957,-28.66674795641381,0.35033248109212234,0.3390144183278925,0.08159119086392087,3.5009329362464144e-05,16.69126298459783,41.83011099193335,22.126208281926058,0.7074984900736065,nan
176.21,224.662353515625,-204.136474609375,-28.663311004638672,224.79374429249575,-204.46089229237634,-28.667617642304002,0.3500413067319888,0.3390636662238403,0.08161030196755796,3.571411841005973e-05,16.622677948480877,40.95314334609566,nan,nan,nan
176.22,224.6632537841797,-204.12777709960938,-28.664066314697266,224.79445939952922,-204.4519454808033,-28.668338471336273,0.34974033823320916,0.3391129990896069,0.08162947744688075,3.501573763126709e-05,16.543742336412297,40.5224933874272,nan,0.012760529836696285,nan
176.23,224.66412353515625,-204.11907958984375,-28.66480827331543,224.79515656398195,-204.44299943999707,-28.66917824935031,0.349446448911888,0.3391624170723413,0.08164871766683265,3.5720901654359455e-05,16.47586224022593,40.67862412049589,nan,nan,nan
176.24,224.66506958007812,-204.11038208007812,-28.665639877319336,224.79588872506767,-204.4340593127761,-28.670794351728073,0.349152070406642,0.33921192031368264,0.08166802256083946,3.502235640503289e-05,16.621317850280754,41.11819975053997,nan,0.3836312261726805,nan
176.25,224.66612243652344,-204.10169982910156,-28.666561126708984,224.79489564105594,-204.41692036992092,-28.671846452574318,0.34055023451690586,0.3391491538795944,0.08165821380869906,3.5705872152917985e-05,15.727130860180402,42.306208034681994,6.1646854342046336,nan,nan
176.26,224.66726684570312,-204.09300231933594,-28.667570114135742,224.79580429745846,-204.40795426201234,-28.674372568931606,0.3402394393521189,0.3391984489554359,0.08167752087264052,3.500799504436077e-05,16.19001819636147,41.58517282187733,nan,1.499897437137575,nan
176.27,224.66848754882812,-204.0843048095703,-28.668668746948242,224.79680117790735,-204.3989762236514,-28.675544541513084,0.33989669430309694,0.3392478290825591,0.08169689285800563,3.571303147344612e-05,16.115243501506864,41.64797326070941,nan,nan,nan
176.28,224.66978454589844,-204.0756072998047,-28.669851303100586,224.7978850300349,-204.3899890969664,-28.675631954139547,0.3395277077781026,0.33929729440184664,0.08171632973375226,3.501496582117925e-05,15.668853187886594,41.43688869943454,nan,0.9701459537643453,nan
176.29,224.67117309570312,-204.06690979003906,-28.67112159729004,224.79905224627137,-204.38101091427728,-28.676967300952548,0.3391854443355147,0.3393468450616294,0.08173583181174124,3.572037587897244e-05,15.594962293958805,41.14662001425606,nan,nan,nan
176.3,224.6726531982422,-204.05821228027344,-28.672473907470703,224.81150777078497,-204.37124703245644,-28.675960335069316,0.34246679191961354,0.3392839841998021,0.08172601736627708,3.500094129449962e-05,14.256759864320015,40.50648183958744,4.473154029232927,3.885233870448897,nan
176.31,224.67420959472656,-204.04953002929688,-28.673912048339844,224.81286341832526,-204.36225246173223,-28.677441994720336,0.3421003698745026,0.33933332639731467,0.0817455209373388,3.5705850226079514e-05,14.181444875824209,41.64409002723364,nan,nan,nan
176.32,224.67584228515625,-204.04083251953125,-28.675432205200195,224.81430119158927,-204.35325541693672,-28.67866012312921,0.34174457574043676,0.3393827537197514,0.08176508960936857,3.5008211443337985e-05,14.0548778566183,40.48129366276385,nan,0.08540822252002461,nan
176.33,224.6775665283203,-204.03213500976562,-28.677034378051758,224.81581932496246,-204.3442608870552,-28.680305991959457,0.34138995666353716,0.33943226631618456,0.08178472366430774,3.571349770096274e-05,13.982669338984834,40.14858895175449,nan,nan,nan
176.34,224.67935180664062,-204.0234375,-28.6787166595459,224.81741900915344,-204.33525898350618,-28.680901814447097,0.3410278066194182,0.33948186432633765,0.08180442311586363,3.501563070633288e-05,13.744437856370647,40.297025769153535,nan,0.9043490913218571,nan
176.35,224.6812286376953,-204.01473999023438,-28.680479049682617,224.8015824873297,-204.32495144360772,-28.682652255591925,0.33274752854039996,0.3394189089502509,0.08179459920403581,3.5699262480928314e-05,14.470333126082853,39.870053901345806,6.401817325482632,nan,nan
176.36,224.6831817626953,-204.00604248046875,-28.68231964111328,224.8033070468259,-204.3159638881147,-28.683227475224665,0.3323886083599723,0.3394682981995696,0.0818142994677778,3.500200389319818e-05,14.287695061214166,39.71393792699178,nan,1.1973688441352737,nan
176.37,224.68521118164062,-203.99734497070312,-28.68423843383789,224.80510697986458,-204.30698468536318,-28.68517153967631,0.33204310866666353,0.33951777265556454,0.08183406529362233,3.5707164404854675e-05,14.214950867952943,39.63600605480573,nan,nan,nan
176.38,224.68731689453125,-203.98866271972656,-28.686235427856445,224.806985445709,-204.29799614024782,-28.685599895352752,0.33167473689432897,0.3395673324572668,0.08185389672021018,3.500966117742255e-05,14.127181192286534,40.617030772445005,nan,1.7941087140244592,nan
176.39000000000001,224.689453125,-203.97996520996094,-28.688308715820312,224.8089113223611,-204.2890171418438,-28.68768456596625,0.3313363051045462,0.339616977754838,0.08187379399219706,3.5715195144547256e-05,14.052673233963523,39.28718634486995,nan,nan,nan
176.4,224.6915740966797,-203.9712677001953,-28.69041633605957,224.78431099531926,-204.27242930901707,-28.688936540799354,0.31512003552838075,0.3395539277684802,0.08186395654599045,3.4996263012137726e-05,14.612094942504735,39.729316802879566,7.762091268618993,0.4463739637899591,nan
176.41,224.69366455078125,-203.9625701904297,-28.692520141601562,224.78617996292363,-204.26345062214975,-28.691085059297066,0.31478595130206183,0.33960336400551355,0.08188385391772962,3.570129483270105e-05,14.532000762205806,39.702597224484926,nan,nan,nan
176.42000000000002,224.6957244873047,-203.95387268066406,-28.69460105895996,224.78802104472317,-204.25446651368077,-28.692091605514573,0.31445445507350045,0.3396528855194704,0.08190381708909561,3.5004117062873466e-05,14.579374132952701,39.65203083023732,nan,0.9014621177343333,nan
176.43,224.69775390625,-203.9451904296875,-28.696651458740234,224.78982530514273,-204.24548876561738,-28.6941908431535,0.31410553590375495,0.3397024924611346,0.08192384628424249,3.5709524725664795e-05,14.493102194168525,40.51155717128512,nan,nan,nan
176.44,224.69973754882812,-203.93649291992188,-28.698665618896484,224.7915913852205,-204.23651321888136,-28.696676153642485,0.3137726326812624,0.3397521849685549,0.0819439415725129,3.5012072921199484e-05,14.362315328680054,39.40348096261985,nan,0.12369090809787633,nan
176.45000000000002,224.70167541503906,-203.92779541015625,-28.700641632080078,224.78953449953605,-204.22316848380402,-28.69870570048594,0.3081691405639349,0.33968904028702407,0.0819340867140713,3.5695816693911076e-05,14.029429076731919,39.687823050427376,0.8633277289233504,nan,nan
176.46,224.70358276367188,-203.9191131591797,-28.70258140563965,224.79122184320974,-204.21417041537987,-28.699047786174717,0.30781793184469697,0.3397385234325568,0.08195418138151758,3.49989308748102e-05,14.206121639221927,40.779390724885644,nan,1.9365860808238855,nan
176.47,224.70545959472656,-203.91041564941406,-28.70448112487793,224.7928687922555,-204.20518020598797,-28.700992286187642,0.30747143545420824,0.3397880919368041,0.08197434224922809,3.570420807246478e-05,14.117581658884664,39.49072293386642,nan,nan,nan
176.48,224.70729064941406,-203.90171813964844,-28.706342697143555,224.79448002799552,-204.19618551029757,-28.701821877686736,0.3071375228183522,0.33983774593727933,0.08199456940317189,3.500703790410971e-05,14.287757342170531,39.80302856360159,nan,0.8205459349455331,nan
176.49,224.70909118652344,-203.89303588867188,-28.70816993713379,224.79605259882177,-204.18719578515214,-28.70368267634189,0.3067775536697835,0.33988748558561865,0.08201486304261285,3.57126855773331e-05,14.194077147600465,40.597946909753084,nan,nan,nan
176.5,224.71084594726562,-203.88433837890625,-28.709959030151367,224.8073040278263,-204.17701753341595,-28.70567702078255,0.3081940693689526,0.33982424611162043,0.08200498671830957,3.499404293646833e-05,13.501564577015902,39.731661509049516,3.598144977130201,0.005144653537746161,nan
176.51,224.71258544921875,-203.87564086914062,-28.711711883544922,224.80882377091288,-204.16801294734248,-28.707469529158956,0.3078331435133458,0.33987377609559843,0.08202527898971881,3.569918498391679e-05,13.411255780179248,39.28017364515798,nan,nan,nan
176.52,224.71426391601562,-203.86695861816406,-28.713430404663086,224.81030823493037,-204.15900935487747,-28.70946577549351,0.30746359507280513,0.33992339150552003,0.08204563773567002,3.5002269547227516e-05,13.28317734165357,40.73111971208724,nan,0.03999110301877432,nan
176.53,224.71592712402344,-203.85826110839844,-28.71511459350586,224.81175913507798,-204.15000487425797,-28.711192906388966,0.30710515933553467,0.3399730924934622,0.08206606314219214,3.570778373811107e-05,13.194696243146137,39.166494889959395,nan,nan,nan
176.54,224.71755981445312,-203.8495635986328,-28.716766357421875,224.81317512452486,-204.14100383265526,-28.71389361590655,0.3067375917147846,0.34002287919623075,0.08208655531510312,3.5010562665513755e-05,12.930054044404118,38.8312294114211,nan,0.7148489426625252,nan
176.55,224.71914672851562,-203.84088134765625,-28.7183837890625,224.81559808457993,-204.13396491264433,-28.7155735250812,0.30855913166913523,0.33995954484699314,0.08207665357253499,3.569440266096473e-05,13.027315708000332,40.062675249075006,0.2212888732063657,nan,nan
176.56,224.720703125,-203.83218383789062,-28.719968795776367,224.81695217951693,-204.1249663843755,-28.717123292885688,0.3082103127870301,0.34000912158145713,0.0820971436190605,3.4997718748380146e-05,12.967793947416133,38.81627734759992,nan,0.005837602085911285,nan
176.57,224.7222442626953,-203.823486328125,-28.72152328491211,224.81827467261238,-204.11596831380072,-28.718732161755817,0.3078560409381719,0.34005878382326865,0.0821177004989695,3.570309416267291e-05,12.88616393724926,38.41000381295718,nan,nan,nan
176.58,224.72373962402344,-203.81480407714844,-28.723047256469727,224.8195658955741,-204.10697113751849,-28.720585377826584,0.3074903678670767,0.34010853170889127,0.08213832432840232,3.500609905098354e-05,12.770699908388611,39.62197626287401,nan,0.053264522191676086,nan
176.59,224.72520446777344,-203.8061065673828,-28.724538803100586,224.82082742153676,-204.09797322744583,-28.722136845664043,0.30714111730976923,0.34015836539095906,0.08215901527791594,3.571184050304072e-05,12.690619478733357,38.49377668994205,nan,nan,nan
176.6,224.72665405273438,-203.7974090576172,-28.726001739501953,224.79794928941922,-204.08725638649346,-28.724390025215836,0.29849134401788147,0.3400949360692269,0.0821490840690309,3.499334283153337e-05,13.56468073371334,38.23165824791361,11.092310751514097,0.2998730364162655,nan
176.61,224.72805786132812,-203.78872680664062,-28.727436065673828,224.79910745523037,-204.07827732682048,-28.725892142249716,0.2981441467304701,0.34014455947792477,0.08216977211106928,3.569857399106822e-05,13.487167173656605,39.47510794070082,nan,nan,nan
176.62,224.7294464111328,-203.780029296875,-28.72884178161621,224.80023782502576,-204.069297105626,-28.726920811890366,0.2978103080574124,0.34019426845866996,0.08219052728134793,3.5001786698958235e-05,13.458352222106015,38.15504356922466,nan,0.1403551759420894,nan
176.63,224.7307891845703,-203.77133178710938,-28.7302188873291,224.8013394856583,-204.06031797700982,-28.728363803943303,0.29747908207325857,0.3402440631643403,0.08221134974260462,3.570738527085624e-05,13.381266077338118,38.37013061410028,nan,nan,nan
176.64000000000001,224.7321319580078,-203.7626495361328,-28.7315673828125,224.80241881105596,-204.05133227453408,-28.72694987469558,0.2971519586734599,0.34029394373099314,0.08223223962272846,3.5010271705841994e-05,13.825930619996734,39.52495150730429,nan,5.652754192010663,nan
176.65,224.73342895507812,-203.7539520263672,-28.732891082763672,224.82518785480707,-204.04568654644208,-28.728386798355356,0.30585783374114817,0.3402304193565036,0.08222227494560812,3.56941863638999e-05,13.046975779342755,38.37883543107058,6.956832906037649,nan,nan
176.66,224.73471069335938,-203.74525451660156,-28.734188079833984,224.82624577989236,-204.03670060005933,-28.731359935588106,0.30549548282969863,0.34028008934343584,0.08224316112397284,3.4997591498995885e-05,12.64124417478047,37.82143040308568,nan,1.8885826665024377,nan
176.67000000000002,224.73594665527344,-203.73655700683594,-28.735458374023438,224.82728069400864,-204.02771122327817,-28.732689087093632,0.305156276903942,0.3403298449829522,0.08226411476165311,3.570304152730637e-05,12.561027195740087,38.09609198353428,nan,nan,nan
176.68,224.7371826171875,-203.72787475585938,-28.736703872680664,224.7901095979294,-204.02082954695084,-28.734269608349216,0.297707407628243,0.33542394330779607,0.08227003966650119,3.5006012280926937e-05,20.176094817699337,46.36923952971043,nan,0.055918844361974834,0.29414918431217263
176.69,224.73838806152344,-203.71917724609375,-28.73792266845703,224.79107710786613,-204.0118708265582,-28.735553041473427,0.2974076037724125,0.33546932778084443,0.08229068133284827,3.5711820799040156e-05,20.065872248544444,45.37577111313113,nan,nan,nan
176.70000000000002,224.73956298828125,-203.71047973632812,-28.739118576049805,224.79279579938716,-204.011829253754,-28.736977822450477,0.30602262442018824,0.3354090941617279,0.08228067789343851,3.6409020235096025e-05,21.26211762195804,45.03984647944381,12.171338286931356,nan,nan
176.71,224.74070739746094,-203.70179748535156,-28.740291595458984,224.79370332395717,-204.00290577986948,-28.73821816865116,0.3057434747487026,0.3354542915940587,0.08230131076251018,3.714269941654073e-05,21.152004999689307,46.127003499282694,nan,nan,nan
176.72,224.74183654785156,-203.69309997558594,-28.741439819335938,224.7945877625709,-203.9939820561618,-28.739435975289616,0.30547787556054856,0.3354995726870001,0.08232200493131911,3.7890973244733046e-05,21.04548197668689,44.911600782609504,nan,nan,nan
176.73,224.74295043945312,-203.6844024658203,-28.74256706237793,224.79544945574818,-203.9850582157359,-28.74063174747945,0.3052110288194251,0.3355449375850522,0.0823427605443655,3.865398621987298e-05,20.940550120841856,44.644780331977,nan,nan,nan
176.74,224.74403381347656,-203.6757049560547,-28.743669509887695,224.79633423379735,-203.97612906509008,-28.739695352339744,0.3049684790001341,0.33559038566582516,0.08236357773656035,3.777676189845384e-05,21.165606026535688,45.14322571151374,nan,2.6914308643560094,nan
176.75,224.74510192871094,-203.66700744628906,-28.7447509765625,224.7930918933231,-203.95702103228086,-28.74079621887169,0.29398393981932547,0.3355301124456379,0.08235354239745984,3.851104257062994e-05,19.878652061221132,45.37823190598526,10.050223649625401,nan,nan
176.76,224.7461395263672,-203.6583251953125,-28.745811462402344,224.79389165425494,-203.94806013292956,-28.742019087732764,0.29366814927635776,0.3355753732907864,0.08237435029650757,3.764164009664574e-05,19.75616590635413,46.52120814430235,nan,0.007680459339823405,nan
176.77,224.74716186523438,-203.64962768554688,-28.746849060058594,224.79467265458587,-203.93909875785337,-28.743110249656002,0.2933679524254513,0.3356207186264616,0.0823952198768163,3.839742028016091e-05,19.642688355526914,45.30470417169618,nan,nan,nan
176.78,224.7481689453125,-203.64093017578125,-28.747867584228516,224.79542598863677,-203.93013787129902,-28.744511834918324,0.29306241714673337,0.3356661471484576,0.082416151268059,3.753448936275912e-05,19.483952604410234,45.017078645544984,nan,0.06682935982919122,nan
176.79,224.7491455078125,-203.63223266601562,-28.748865127563477,224.79616593497502,-203.921176180488,-28.745566952869765,0.2927629639870901,0.33571166042352335,0.08243714462834711,3.8287384615360835e-05,19.373006753151042,45.14470595836054,nan,nan,nan
176.8,224.7501220703125,-203.62353515625,-28.74984359741211,224.78778359826234,-203.90913716415395,-28.747576656768587,0.288083384849185,0.3356513464564642,0.08242707430434265,3.7406827616278956e-05,19.356412037957185,44.845877414107306,1.0350706680849582,0.5451790459223194,nan
176.81,224.7510528564453,-203.61483764648438,-28.75080108642578,224.78846731558767,-203.90017308720826,-28.748604341679656,0.2877863463986567,0.3356966722390841,0.08244805785306049,3.8156036105379623e-05,19.25081966032964,45.248877794727505,nan,nan,nan
176.82,224.75198364257812,-203.60614013671875,-28.751739501953125,224.78915548944727,-203.89120694270912,-28.748447472757093,0.287498987012895,0.33574208120820215,0.08246910344038462,3.730664822330899e-05,19.321855970773974,45.03163679632746,nan,0.8432681832938271,nan
176.83,224.7528839111328,-203.59744262695312,-28.752660751342773,224.7898011780742,-203.88224263985546,-28.749427517205795,0.2872009501213024,0.3357875748248662,0.08249021122016784,3.805328388118593e-05,19.2126438887223,45.057605646586445,nan,nan,nan
176.84,224.7537841796875,-203.5887451171875,-28.753562927246094,224.79042399856158,-203.8732785389012,-28.750615960188,0.286897941808698,0.33583315194177576,0.0825113813284051,3.7209837601494744e-05,19.079511355063044,44.69081569843973,nan,0.03184250549654339,nan
176.85,224.75465393066406,-203.58006286621094,-28.754446029663086,224.7893861016115,-203.87109787854877,-28.75166848646839,0.2931133174241692,0.33577279811509203,0.08250127291822683,3.7929555694196694e-05,20.07472403933553,45.74969013630703,8.160031625536753,nan,nan
176.86,224.7554931640625,-203.5713653564453,-28.755313873291016,224.79000606681294,-203.8621585904189,-28.75043238298223,0.2928748441377398,0.33581818753235565,0.08252243267924485,3.7092964365049015e-05,20.421301995505356,45.13404900332014,nan,2.9492024966530526,nan
176.87,224.75633239746094,-203.5626678466797,-28.756162643432617,224.79056641415292,-203.85322229503262,-28.751326779153263,0.2926042394427563,0.33586366149330854,0.0825436548530989,3.783393660712754e-05,20.30610144427014,44.84791896287978,nan,nan,nan
176.88,224.7571563720703,-203.55397033691406,-28.756994247436523,224.79110765964344,-203.84428609610575,-28.752330549936794,0.2923314557780038,0.3359092189500467,0.08256493957884235,3.700293667344415e-05,20.185324630340048,44.76692838843552,nan,0.009934267858539864,nan
176.89000000000001,224.75796508789062,-203.54527282714844,-28.757810592651367,224.79163490028313,-203.83534942396184,-28.753194120308063,0.292060610323081,0.3359548612159557,0.08258628700579439,3.774175406867067e-05,20.07213342405621,44.60550439798801,nan,nan,nan
176.9,224.7587432861328,-203.5365753173828,-28.758609771728516,224.787620029249,-203.8163672939816,-28.755339304883186,0.2812971958897734,0.3358944657853148,0.0825761373582691,3.689309682281795e-05,18.64259477280254,45.03134697419142,8.378298538474219,0.9953020710524649,nan
176.91,224.759521484375,-203.5278778076172,-28.7593936920166,224.78811930454748,-203.8073956729877,-28.75618564626961,0.28099530945803636,0.33593992008845547,0.08259747388153683,3.76289597926162e-05,18.536524264824273,44.66758845843412,nan,nan,nan
176.92000000000002,224.76026916503906,-203.5191650390625,-28.760160446166992,224.78862747770702,-203.7984225596921,-28.755700697610674,0.280729132942697,0.3359854578794892,0.08261887317621418,3.680967354604212e-05,18.715131515668606,44.09872374549905,nan,1.1039989710847744,nan
176.93,224.76101684570312,-203.51046752929688,-28.760913848876953,224.78909601092593,-203.78945043536444,-28.756504493127416,0.28042707397047345,0.3360310803787022,0.08264033538955018,3.7543643191763186e-05,18.603689975048386,44.75113539743339,nan,nan,nan
176.94,224.76173400878906,-203.50177001953125,-28.76165008544922,224.78954144520551,-203.78047855323746,-28.757744672901975,0.28011953257115746,0.33607678667658536,0.0826618606636769,3.672942840338696e-05,18.4114468159867,44.934732114761154,nan,0.12997394802642132,nan
176.95000000000002,224.762451171875,-203.49307250976562,-28.762372970581055,224.76136426708257,-203.75503940337776,-28.75831675152316,0.2620005488999359,0.33601635024778354,0.08265166660990785,3.74379164892034e-05,18.02986181768064,45.571968027847106,10.604723831374004,nan,nan
176.96,224.7632598876953,-203.484375,-28.763187408447266,224.76178068340937,-203.7460346609519,-28.760101829609475,0.26168203417801333,0.3360618683628817,0.08267318040605112,3.662962632617253e-05,17.765835890434253,45.327175782364804,nan,0.6054309390650148,nan
176.97,224.76414489746094,-203.47567749023438,-28.764089584350586,224.76230469788698,-203.73702911588433,-28.76101780344025,0.26137615499946654,0.3361074710868126,0.08269475733511146,3.7359242607212076e-05,17.673439085550093,45.55025022583804,nan,nan,nan
176.98,224.76512145996094,-203.46697998046875,-28.76508331298828,224.76293204553045,-203.72802301746842,-28.76122673706424,0.2610807037668918,0.3361531575969236,0.08271639754049553,3.655568820952405e-05,17.743165707610995,45.49218185939415,nan,0.41070305645105126,nan
176.99,224.7661895751953,-203.45828247070312,-28.766162872314453,224.7636337594023,-203.71901723030777,-28.762314168593445,0.26077568824718317,0.3361989289843035,0.08273810116756035,3.728375735259106e-05,17.649562739552977,45.45656647412677,nan,nan,nan
177.0,224.76734924316406,-203.44956970214844,-28.7673282623291,224.76995952941417,-203.71251355561233,-28.762622374803872,0.26299891453416663,0.3361384500116506,0.08272785950601065,3.646233240009798e-05,17.791673685818928,44.31568439287371,0.8464008790856754,0.36615743178587773,nan
177.01,224.7686004638672,-203.4408721923828,-28.76858139038086,224.77084420670795,-203.70351131639381,-28.763875811567587,0.2626908569310514,0.33618403294706395,0.08274955106146008,3.718805158060955e-05,17.69698036559711,45.19813679677208,nan,nan,nan
177.02,224.76991271972656,-203.4321746826172,-28.76991844177246,224.77181356573095,-203.6945089403208,-28.76525394787527,0.26238260895826937,0.33622969965281246,0.08277130610500166,3.639446718904338e-05,17.615417337355815,45.531969320538096,nan,0.0009687040678738678,nan
177.03,224.77133178710938,-203.42347717285156,-28.771339416503906,224.7728679207745,-203.68550639974634,-28.76667892663145,0.2620751716961483,0.33627545113926866,0.08279312478135813,3.711885459781979e-05,17.52052180881932,45.13501076856818,nan,nan,nan
177.04,224.7728271484375,-203.41477966308594,-28.772842407226562,224.77400641352193,-203.67650388064118,-28.76815362689569,0.26176887015463357,0.336321286703916,0.08281500723488547,3.6329514217974845e-05,17.45818687706627,45.24220652628456,nan,0.0007814834463988525,nan
177.05,224.77439880371094,-203.4060821533203,-28.77442741394043,224.7906286765195,-203.6680470365521,-28.769749115726253,0.2625088480265236,0.33626076554564044,0.08280471474180437,3.702953875487973e-05,16.520467213953218,45.143843890705625,7.4696998152604746,nan,nan
177.06,224.77606201171875,-203.39736938476562,-28.776094436645508,224.7919678160234,-203.65903053850843,-28.771321566751315,0.2621875936722058,0.3363064124259095,0.08282658451205772,3.624525574244324e-05,16.47836015528623,43.77132433452744,nan,0.006907564070838063,nan
177.07,224.7777862548828,-203.388671875,-28.777841567993164,224.79338573491916,-203.65001415839708,-28.773077090772382,0.2618507840580081,0.3363521439918747,0.08284851812296117,3.696636402034963e-05,16.38167710435734,45.13450180859153,nan,nan,nan
177.08,224.7795867919922,-203.37997436523438,-28.779666900634766,224.79488245597346,-203.6409979855686,-28.774250826176544,0.2615274776606562,0.3363979596157378,0.08287051571900506,3.618601311610431e-05,16.496849732172073,45.00216179886799,nan,0.2896024393673852,nan
177.09,224.78138732910156,-203.37127685546875,-28.781570434570312,224.79640222320742,-203.63198195763786,-28.776160304840722,0.26119316002856646,0.33644386019660416,0.08289257744471004,3.6906070955041764e-05,16.396293435680725,45.077672146334066,nan,nan,nan
177.1,224.78318786621094,-203.36257934570312,-28.783550262451172,224.77343320556523,-203.62175263148356,-28.777337000529986,0.25943120492770533,0.33638329547804113,0.08288223087283884,3.610752287099931e-05,17.957343296866135,45.45123734545346,17.758041967109428,0.36826414547524666,nan
177.11,224.78494262695312,-203.3538818359375,-28.785608291625977,224.7748781991854,-203.61275815933192,-28.77939410717939,0.2591464057416951,0.33642900709944695,0.08290427928544375,3.682572080098069e-05,17.853023601275172,45.54513951111153,nan,nan,nan
177.12,224.78668212890625,-203.34518432617188,-28.787702560424805,224.77628747508462,-203.60376376006047,-28.78209886359262,0.25884894026518046,0.3364748027552395,0.08292639188750986,3.60537258292761e-05,17.592678640139386,45.11587365397813,nan,0.23158324361215363,nan
177.13,224.78839111328125,-203.33648681640625,-28.789794921875,224.77767499076504,-203.59476993361005,-28.784237108911938,0.25856506569764637,0.33652068327563556,0.08294856882381073,3.677104753409028e-05,17.479477774353203,44.92721552552547,nan,nan,nan
177.14000000000001,224.79006958007812,-203.32778930664062,-28.7918643951416,224.7790304372973,-203.58577643231487,-28.786364173025508,0.2582817688694303,0.33656664846240936,0.08297081023870509,3.750274749394792e-05,17.364311037368587,44.84600980536465,nan,nan,nan
177.15,224.7917022705078,-203.31907653808594,-28.793901443481445,224.7866771841974,-203.58779882370013,-28.788463343571383,0.26882427570584555,0.33650604032678766,0.08296040632050808,3.8224356618754375e-05,18.300251655393787,43.43117894207289,7.405911439137128,nan,nan
177.16,224.79331970214844,-203.3103790283203,-28.7959041595459,224.78795199814786,-203.5788400512495,-28.791591619243665,0.2685493084747791,0.33655181595714356,0.0829826337742919,3.736574930417603e-05,17.94360354842642,43.836407473413495,nan,0.693231289921651,nan
177.17000000000002,224.79489135742188,-203.3016815185547,-28.797868728637695,224.78920989270011,-203.5698820510754,-28.79363560318787,0.2682940998919989,0.3365976763870572,0.0830049257635388,3.810845174446306e-05,17.834911714179093,43.92768458863565,nan,nan,nan
177.18,224.7964324951172,-203.29298400878906,-28.799795150756836,224.79043209501586,-203.56092408036355,-28.795913726668594,0.26803535626791775,0.3366436211049159,0.08302728243178382,3.725687022262058e-05,17.688321936808272,43.76840346498366,nan,0.045558965541529994,nan
177.19,224.79795837402344,-203.28428649902344,-28.801685333251953,224.791627168406,-203.5519664287462,-28.797887037693318,0.2677817319947405,0.3366896508941616,0.08304970392464685,3.7997154079218774e-05,17.584229524654788,43.39085841013987,nan,nan,nan
177.20000000000002,224.7994384765625,-203.2755889892578,-28.803537368774414,224.7850082554941,-203.534714326841,-28.800269833066903,0.2595473919099994,0.33662899809022667,0.0830392393730298,3.712919132657306e-05,16.88094532043059,43.91234860450699,2.9884897320303963,0.0925064943083614,nan
177.21,224.80088806152344,-203.2668914794922,-28.80535316467285,224.78613623458236,-203.52573418195774,-28.80217556020072,0.25928219797732716,0.3366748383948059,0.08306164624008515,3.7866279105146214e-05,16.78036015767719,43.74924576036659,nan,nan,nan
177.22,224.8023223876953,-203.25819396972656,-28.807130813598633,224.78725322718904,-203.51675524687496,-28.802680497232057,0.25903825770480177,0.33672076296047304,0.08308411798324636,3.702905722039344e-05,16.97009251605482,43.87570326672317,nan,1.1731332405721908,nan
177.23,224.8037109375,-203.24949645996094,-28.808874130249023,224.78832311702533,-203.50777520449068,-28.804502506827955,0.25877365782891937,0.33676677250499193,0.08310665474887466,3.776403513689587e-05,16.86212971128285,43.919475421260906,nan,nan,nan
177.24,224.80508422851562,-203.2407989501953,-28.810583114624023,224.7893593054358,-203.49879481646477,-28.80671679505997,0.25850355634877403,0.3368128666147536,0.08312925667941012,3.6933086587074926e-05,16.682747984819255,43.56209099731131,nan,0.11494768666188425,nan
177.25,224.80642700195312,-203.2321014404297,-28.812257766723633,224.80960679328598,-203.49715509794189,-28.808393130582463,0.2651009012546307,0.3367521691461454,0.08311872819288921,3.764233506147139e-05,16.39395128662116,42.92399129109719,4.022778155501976,nan,nan
177.26,224.8077392578125,-203.22340393066406,-28.813899993896484,224.81061736680095,-203.488182326445,-28.810974934441692,0.26481019307514836,0.3367980735171766,0.08314131481507331,3.6818456665689264e-05,16.15179869257699,42.65853693086716,nan,0.4681705581186666,nan
177.27,224.8090362548828,-203.21470642089844,-28.815507888793945,224.81161240255835,-203.4792103878749,-28.812675655519463,0.26453167414971884,0.33684406277637924,0.08316396665415662,3.7548708382639453e-05,16.05628941625793,42.502065401570185,nan,nan,nan
177.28,224.81028747558594,-203.2060089111328,-28.81708526611328,224.81256382910297,-203.4702369136702,-28.815768454777373,0.26424108897429677,0.33689013656911876,0.08318668385171406,3.673063167235739e-05,15.812281367265705,42.45229057814101,nan,1.2964110488312293,nan
177.29,224.81153869628906,-203.1973114013672,-28.81863021850586,224.81350740522197,-203.4612647154607,-28.8174212556063,0.26396342441159565,0.3369362955251476,0.08320946655538955,3.74591786186657e-05,15.72831970108723,42.07647025447607,nan,nan,nan
177.3,224.812744140625,-203.18861389160156,-28.820144653320312,224.8424505668064,-203.45970673723068,-28.819462602984615,0.2727164606334237,0.3368755522464535,0.0831988708137983,3.662421449999797e-05,14.941531212113885,41.66871680048055,10.510963161564254,0.12555134785894234,nan
177.31,224.81393432617188,-203.179931640625,-28.82162857055664,224.84339905291117,-203.4507337913725,-28.821059681090034,0.27240098862984663,0.33692152117555796,0.08322163751011873,3.7350269832180586e-05,14.859983017818205,42.53905368970987,nan,nan,nan
177.32,224.81509399414062,-203.17123413085938,-28.823083877563477,224.844313086539,-203.44175959268244,-28.823530657740097,0.27209921070759374,0.3369675746031674,0.08324446975499586,3.654412081010596e-05,14.780994566306179,41.409708899798005,nan,0.5269817506181875,nan
177.33,224.8162384033203,-203.16253662109375,-28.824508666992188,224.8452143460884,-203.4327862873554,-28.825079440180915,0.2717992147815594,0.33701371310624284,0.08326736769700914,3.726871934595935e-05,14.709283840893411,41.26498109425995,nan,nan,nan
177.34,224.81736755371094,-203.15382385253906,-28.82590675354004,224.8460893815397,-203.42381264890656,-28.82688143532142,0.2715139841009519,0.3370599364089921,0.08329033147634712,3.646770253141178e-05,14.65412128343076,39.89889683412301,nan,0.05119562697432049,nan
177.35,224.81846618652344,-203.14512634277344,-28.827274322509766,224.82605326980013,-203.4007705534241,-28.8283254171487,0.2557589315582013,0.336999147153789,0.08327966515296337,3.7167821082353115e-05,14.166754528837894,41.93541564486198,5.9952153989617605,nan,nan
177.36,224.8195343017578,-203.1364288330078,-28.828617095947266,224.82686666160063,-203.39176728598687,-28.828951733803834,0.2554439293721806,0.33704518016421137,0.08330261220887068,3.637270355547828e-05,14.06579875945427,41.78924780149735,nan,0.46384205153379615,nan
177.37,224.82058715820312,-203.1277313232422,-28.829931259155273,224.82764910913076,-203.3827628294713,-28.83038676975811,0.2551296686202883,0.33709129816371464,0.08332562514949639,3.709381475074415e-05,13.994677037293354,41.71157823919389,nan,nan,nan
177.38,224.82162475585938,-203.11903381347656,-28.831220626831055,224.82840572826768,-203.3737576926987,-28.832235566363707,0.25481614221831717,0.3371375009236334,0.08334870411406936,3.6303413675833654e-05,13.94447436287232,41.4614864932824,nan,0.1263932532129802,nan
177.39000000000001,224.8226318359375,-203.11033630371094,-28.832483291625977,224.82914639480558,-203.36475296181106,-28.83362445440417,0.25450260833352684,0.33718378895054063,0.08337184925259482,3.7023389665863806e-05,13.87810091461883,41.57314869994222,nan,nan,nan
177.4,224.82362365722656,-203.1016387939453,-28.833723068237305,224.82256766295953,-203.35576702734193,-28.83631000724307,0.2541435940302162,0.33712295268426873,0.08336110900153211,3.6215538124473575e-05,14.380113238032482,41.48959912925142,1.6321244404584634,1.2214303779881546,nan
177.41,224.82460021972656,-203.0929412841797,-28.834936141967773,224.82325152122206,-203.3467688446779,-28.83766286074805,0.253845788721109,0.33716905012554965,0.08338423668475138,3.6933580616281664e-05,14.324506063506167,41.46868941484495,nan,nan,nan
177.42000000000002,224.82554626464844,-203.08424377441406,-28.836124420166016,224.82393493591564,-203.337773021419,-28.83713973979659,0.25353640042630227,0.3372152322850563,0.08340743057511137,3.615296834685246e-05,14.079299275663976,41.38285166060082,nan,2.2681579624045547,nan
177.43,224.8264923095703,-203.07554626464844,-28.837289810180664,224.82458010964058,-203.3287743006415,-28.838427970533274,0.2532378133898303,0.3372614996274485,0.08343069082356645,3.687007179082627e-05,14.01483422694371,40.97538105592068,nan,nan,nan
177.44,224.82740783691406,-203.0668487548828,-28.83843231201172,224.82518690101998,-203.31977260122184,-28.841646975248977,0.25295402480076074,0.33730785198671,0.08345401756793505,3.609358760467861e-05,14.194640184691586,41.25161605424926,nan,2.5300928376985587,nan
177.45000000000002,224.8282928466797,-203.0581512451172,-28.83955192565918,224.81701429197005,-203.31136343791343,-28.842911158659167,0.25348551205811937,0.33724696840512836,0.08344320004523652,3.6787147667159207e-05,14.710568343064244,41.46656247764041,2.6561775386398283,nan,nan
177.46,224.8291778564453,-203.04945373535156,-28.840648651123047,224.8175955061532,-203.30237678834712,-28.84292508959873,0.2531983486261619,0.33729312990283306,0.08346650858596177,3.6015542799401584e-05,14.477172955677458,40.98813545722102,nan,1.0036099694621619,nan
177.47,224.8300323486328,-203.04075622558594,-28.841724395751953,224.8181472118233,-203.29338809609976,-28.84413314079642,0.2529227560520875,0.3373393765003988,0.0834898836654871,3.673013412946792e-05,14.420327440099125,40.99636211479657,nan,nan,nan
177.48,224.8308868408203,-203.0320587158203,-28.842777252197266,224.8186811612002,-203.28439934262784,-28.84536565894691,0.25264890738355505,0.33738570806896023,0.08351332542072161,3.596229539505857e-05,14.378991199975287,40.76783218274701,nan,0.0013676330739296602,nan
177.49,224.8317108154297,-203.02334594726562,-28.84381103515625,224.8191987265896,-203.27541066667678,-28.846533219429997,0.2523897490513136,0.33743212501764414,0.08353683400397398,3.667619832252635e-05,14.326324550112698,39.68732478403632,nan,nan,nan
177.5,224.83251953125,-203.0146484375,-28.84482192993164,224.81957450644535,-203.2767957586379,-28.845667557067785,0.2624681061238062,0.337371193172602,0.08352593584563164,3.589033005406007e-05,15.272420428398162,40.338211862917554,10.551911478923087,3.1730875982576627,nan
177.51,224.83331298828125,-203.00595092773438,-28.845813751220703,224.82004597900712,-203.26784383896836,-28.846777653811554,0.262230508518549,0.33741741896116184,0.08354942546169727,3.6602734009048196e-05,15.208334151748918,40.193045489050995,nan,nan,nan
177.52,224.83409118652344,-202.99725341796875,-28.846786499023438,224.8205006540288,-203.25889167864952,-28.84795129358464,0.2619935853640617,0.337463729672258,0.08357298192988429,3.5842824819992654e-05,15.151588010485352,40.07022675885088,nan,0.004564879612879377,nan
177.53,224.83485412597656,-202.98855590820312,-28.84773826599121,224.8209403199343,-203.249939669711,-28.8490248292057,0.26175698658010715,0.3375101256822338,0.08359660540334954,3.655469280092083e-05,15.090125430961471,40.05615163549665,nan,nan,nan
177.54,224.83560180664062,-202.9798583984375,-28.84867286682129,224.8213551898416,-203.24098559786262,-28.85114754913537,0.2615272536895141,0.3375566069112682,0.08362029601773768,3.579803898003505e-05,15.147320849507901,40.0102728768118,nan,0.7682930861662415,nan
177.55,224.83633422851562,-202.9711456298828,-28.84958839416504,224.8455961843718,-203.24085363176363,-28.852230707832653,0.2698799213100922,0.33749562638824915,0.08360931386999826,3.6487050633230246e-05,14.83843794238668,38.32441443806654,5.73001891065577,nan,nan
177.56,224.83706665039062,-202.9624481201172,-28.85048484802246,224.84604505706113,-203.23191299989708,-28.851774219278873,0.26961749887455,0.33754191617145396,0.08363298473787333,3.573439771972253e-05,14.62635300798623,38.93749045281045,nan,1.498051148286906,nan
177.57,224.8377685546875,-202.95375061035156,-28.851364135742188,224.84646699444968,-203.222969484639,-28.85277357965381,0.2693630480578883,0.33758829117306005,0.08365672278486054,3.6444506772892786e-05,14.566497119556853,39.04512514864004,nan,nan,nan
177.58,224.8384552001953,-202.94505310058594,-28.85222625732422,224.84686027694613,-203.21402250207225,-28.85556155042836,0.26912136375840723,0.337634751342059,0.08368052814583433,3.569479820155159e-05,14.756017672851085,39.20914223912061,nan,2.210851515853973,nan
177.59,224.83912658691406,-202.93634033203125,-28.853069305419922,224.84725418124887,-203.20507861437946,-28.856545885966085,0.2688836343131192,0.3376812970116909,0.08370440097510275,3.6404562355151526e-05,14.710631152383604,38.26678547065695,nan,nan,nan
177.6,224.8397979736328,-202.92764282226562,-28.853897094726562,224.85063689743953,-203.19360332129818,-28.859301034285537,0.26623612053531104,0.3376202669288016,0.08369333146351204,3.563625872168284e-05,14.739126463382656,39.506921586597755,1.3888645117994307,2.0871633872051345,nan
177.61,224.84043884277344,-202.9189453125,-28.854707717895508,224.85101412139022,-203.18464755056,-28.860272079051775,0.26597082160076496,0.3376666208486744,0.08371718375228958,3.634485521870885e-05,14.704585636656178,39.710790393487855,nan,nan,nan
177.62,224.84107971191406,-202.9102325439453,-28.85550308227539,224.85139714331044,-203.17569644544122,-28.858719431126524,0.2656837919180978,0.33771305988199324,0.08374110352477297,3.560147976565038e-05,14.078857640065417,37.77016476477502,nan,4.291204016393773,nan
177.63,224.84170532226562,-202.9015350341797,-28.856281280517578,224.8517487340332,-203.16674044551198,-28.859635661926593,0.2654167142334842,0.3377595843368098,0.08376509093595107,3.63098473594412e-05,14.032275541867373,38.85034470209531,nan,nan,nan
177.64000000000001,224.84231567382812,-202.89283752441406,-28.857044219970703,224.85209375745592,-203.15778594208587,-28.859695224779596,0.2651420426351152,0.33780619419983043,0.08378914611967862,3.55689785747139e-05,13.85423405099872,38.662287909163275,nan,0.4846199715555298,nan
177.65,224.84291076660156,-202.88412475585938,-28.8577938079834,224.87481547179317,-203.1601670280249,-28.86058113992389,0.27789389243919765,0.33774511405569163,0.08377798588767979,3.625498003199151e-05,13.898843499211491,36.914019027144285,4.745983638005849,nan,nan
177.66,224.843505859375,-202.87542724609375,-28.8585262298584,224.87515227420982,-203.15122611314376,-28.86346209751364,0.27765243277788715,0.3377915318741767,0.08380201972187543,3.551736502170175e-05,14.305722438951642,38.23752574880197,nan,2.7845391815612386,nan
177.67000000000002,224.84417724609375,-202.86672973632812,-28.859350204467773,224.87554310710146,-203.14228892378614,-28.8643858516626,0.27738428357055006,0.33783803503551413,0.08382612136176044,3.6224542209248065e-05,14.25713852206905,38.378187199298424,nan,nan,nan
177.68,224.84495544433594,-202.85801696777344,-28.86026382446289,224.8760347373139,-203.13335433465753,-28.864037593912208,0.27711158292379023,0.3378846235483242,0.08385029094060605,3.548917036858698e-05,13.898351947840833,36.72106175124571,nan,1.2751598559732409,nan
177.69,224.84580993652344,-202.8493194580078,-28.861265182495117,224.87660803289853,-203.1244169539206,-28.86512900904355,0.27684306773586537,0.3379312976878494,0.08387452861427828,3.619626041072587e-05,13.84739696898936,37.96645123754937,nan,nan,nan
177.70000000000002,224.84677124023438,-202.8406219482422,-28.862356185913086,224.88023127712,-203.13866463197945,-28.866966356621376,0.2999504443598282,0.3373129678707985,0.08314983653661234,3.544148383886489e-05,22.692907350889676,44.860753188032,8.500905935719453,0.32313645729708407,0.10219704909958745
177.71,224.84780883789062,-202.8319091796875,-28.8635311126709,224.880980352755,-203.12978680900355,-28.868241335897178,0.2997559301301426,0.33735806970812166,0.08317091863534887,3.614764642153342e-05,22.618885310452352,44.17683532364954,nan,nan,nan
177.72,224.84893798828125,-202.82321166992188,-28.86479377746582,224.8817773755004,-203.12093291877548,-28.871925682997304,0.2996118012502012,0.3374032547605287,0.08319206181961977,3.54172714946816e-05,23.35130381011035,45.737316006787694,nan,3.7166030447099634,nan
177.73,224.8501434326172,-202.8144989013672,-28.866140365600586,224.88270093917126,-203.11205491552516,-28.873396986687602,0.2994198245677808,0.33744852402556713,0.0832132665462517,3.6123433370237604e-05,23.28482486823582,44.883188245505494,nan,nan,nan
177.74,224.8514404296875,-202.80580139160156,-28.867570877075195,224.8837014631286,-203.1031822398935,-28.8754799497482,0.2992301733449798,0.33749387681549453,0.08323453265334457,3.539493130522491e-05,23.50464717956304,45.97651343217173,nan,0.1913357498138093,nan
177.75,224.8528289794922,-202.79708862304688,-28.869083404541016,224.89535043158477,-203.10465824951586,-28.877255300629635,0.3106025255853839,0.3374322624269363,0.08322410809867563,3.607906468374245e-05,24.3574400443387,44.69787205016357,5.822078670643241,nan,nan
177.76,224.8542938232422,-202.78839111328125,-28.870677947998047,224.8965420238233,-203.09580578128933,-28.878617112982518,0.31040573271044575,0.33747742740515485,0.08324536240066999,3.535318912992311e-05,24.201002270471243,45.54744027145857,nan,0.09466785888996493,nan
177.77,224.85577392578125,-202.77969360351562,-28.87235450744629,224.8977808975571,-203.08695713663377,-28.88042755690282,0.31022675350387113,0.3375226765028338,0.08326667846184876,3.605857849332108e-05,24.13462012836617,45.57775624405436,nan,nan,nan
177.78,224.85726928710938,-202.77098083496094,-28.874109268188477,224.89903121728182,-203.07810886842142,-28.88234139109211,0.3100636315283269,0.3375680091137884,0.08328805614551535,3.53343560686151e-05,24.157049742784206,44.41770315283978,nan,0.0003417368150907458,nan
177.79,224.85873413085938,-202.7622833251953,-28.875944137573242,224.90027315757578,-203.0692606542488,-28.88431345796649,0.30988807143420216,0.3376134261138582,0.083309495871726,3.603984630045475e-05,24.09101556782593,45.45836318833883,nan,nan,nan
177.8,224.8601837158203,-202.7535858154297,-28.877857208251953,224.89793328118984,-203.05883842993583,-28.888058729395414,0.30774707046869765,0.33755178922687257,0.08329903238851788,3.5296014508347644e-05,25.066008546347394,46.40575835775145,1.262759493194551,1.6288716090142645,nan
177.81,224.86160278320312,-202.744873046875,-28.879846572875977,224.8991263120809,-203.04998822646286,-28.89020687997515,0.30758840029747875,0.3375970181943883,0.08332045978907493,3.600076108659361e-05,25.010153809051467,45.47514540473681,nan,nan,nan
177.82,224.86300659179688,-202.73617553710938,-28.881914138793945,224.90028146890833,-203.04114555278034,-28.89321504708991,0.30744729214994554,0.3376423306598211,0.08334194904999864,3.528038940132865e-05,25.55849347991938,46.662160830451086,nan,0.4253583872093894,nan
177.83,224.86436462402344,-202.7274627685547,-28.884016036987305,224.90142142299823,-203.03229579228113,-28.895505298516348,0.307292013945934,0.33768772742460157,0.08336350056762529,3.5985298854939705e-05,25.518059579124596,45.96718096194962,nan,nan,nan
177.84,224.86570739746094,-202.71876525878906,-28.8861141204834,224.9025735573013,-203.0234217719207,-28.89514248311319,0.30701175232665645,0.3377332079936342,0.0833851142399091,3.5266272663128435e-05,24.071137459419024,45.2727851832628,nan,4.95777101522858,nan
177.85,224.86703491210938,-202.71006774902344,-28.88819122314453,224.91652253691646,-203.03199846758994,-28.89742256415475,0.3258429533113162,0.33767154871745947,0.08337460901453934,3.594937412417567e-05,25.81436180449071,44.64321322802856,18.597117400143585,nan,nan
177.86,224.86831665039062,-202.7013702392578,-28.890235900878906,224.91759177691924,-203.02319943271814,-28.899231862029644,0.32570384580898626,0.337716841065554,0.08339620983411992,3.523245680305608e-05,25.652294822700675,44.77944187173295,nan,0.13147952372154545,nan
177.87,224.8695831298828,-202.69265747070312,-28.892244338989258,224.91862882034536,-203.0144044616558,-28.901438543430228,0.32559351857085794,0.33776221762510955,0.08341787312165848,3.5936889220673084e-05,25.62256622305586,43.65680694959439,nan,nan,nan
177.88,224.87081909179688,-202.6839599609375,-28.894216537475586,224.91965039438222,-203.00560331845534,-28.90288884181218,0.32544454890201885,0.3378076779686007,0.08343959879730373,3.5221137356008275e-05,25.31808876999521,44.2202833749121,nan,0.3618785236485934,nan
177.89000000000001,224.87203979492188,-202.67526245117188,-28.896150588989258,224.9206369234488,-202.99680856919665,-28.90501554833711,0.32531857374287837,0.3378532227965574,0.08346138722491862,3.592580219178238e-05,25.283719141747422,44.00733737913653,nan,nan,nan
177.9,224.87322998046875,-202.6665496826172,-28.89804458618164,224.90930519517482,-202.98058889361377,-28.908950441791404,0.3162925621098712,0.3377915399180361,0.08345083691451334,3.519001482198655e-05,26.205423881269933,44.70302316332065,1.998080155104804,2.1759166631749522,nan
177.91,224.8743896484375,-202.65785217285156,-28.899904251098633,224.91022557789773,-202.97177854329857,-28.911022491797002,0.31616071099764603,0.3378368962971373,0.08347261193145258,3.58940586438037e-05,26.182366083022007,45.51392430259739,nan,nan,nan
177.92000000000002,224.8755340576172,-202.64915466308594,-28.901723861694336,224.91113374973423,-202.9629611137413,-28.912208500750317,0.31599328190308035,0.337882336436371,0.08349444956578947,3.518123074272646e-05,25.77687062589082,45.092138261129044,nan,0.5046600071054407,nan
177.93,224.8766632080078,-202.6404571533203,-28.90350914001465,224.91200785536012,-202.9541507810212,-28.914200319295077,0.31585952173555853,0.33792786097521954,0.08351635016073472,3.58855500124208e-05,25.752040682916487,44.83133289604179,nan,nan,nan
177.94,224.8777618408203,-202.63174438476562,-28.905258178710938,224.9128622592685,-202.94533862661947,-28.915930561057333,0.31573293721763723,0.3379734695773633,0.08353831366668986,3.5173635934242024e-05,25.721706790607552,43.99218870565945,nan,0.035901606906411164,nan
177.95000000000002,224.8788299560547,-202.623046875,-28.906972885131836,224.933386015213,-202.94924850209225,-28.917766795858164,0.3309084066887401,0.3379117629983461,0.08352771534601891,3.585628104294037e-05,26.178997137105604,44.47791682201549,5.290012982291329,nan,nan
177.96,224.8798828125,-202.61434936523438,-28.908653259277344,224.93423686138013,-202.9404561035954,-28.91841047897191,0.33074940781549894,0.3379571829495003,0.08354966487564305,3.5146055618151054e-05,25.55358473738277,43.7217920633864,nan,1.0788205654954068,nan
177.97,224.88092041015625,-202.60565185546875,-28.910301208496094,224.93505116027399,-202.931673468823,-28.920250135550873,0.330634559040572,0.33800268721703275,0.08357167757162912,3.5850097560758094e-05,25.521554619299806,43.526007528536354,nan,nan,nan
177.98,224.88192749023438,-202.59693908691406,-28.911914825439453,224.9358564987477,-202.92288309907536,-28.92106161319303,0.33050189220221843,0.33804827551950467,0.08359375340348243,3.5140641351908856e-05,25.059049149418335,42.360673399972825,nan,0.6947455399527658,nan
177.99,224.8829345703125,-202.58824157714844,-28.913496017456055,224.93662913250986,-202.91410029770552,-28.922827737421574,0.3303847647367809,0.33809394841439444,0.08361589268638984,3.584500331841883e-05,25.024666713785617,42.90729560485799,nan,nan,nan
178.0,224.88389587402344,-202.5795440673828,-28.91504669189453,224.93615449498597,-202.90553650548915,-28.92661850537376,0.3303572914809353,0.3380322170372696,0.08360524301060035,3.511514578372047e-05,26.489169557735707,44.59178380007308,0.09567608960072697,2.9220998178716533,nan
178.01,224.88485717773438,-202.5708465576172,-28.91656494140625,224.93688381571022,-202.89675583683263,-28.92834423623387,0.33024594036025856,0.3380777010461353,0.0836273677228786,3.5818966923717135e-05,26.466858513379698,44.28724025332906,nan,nan,nan
178.02,224.8857879638672,-202.5621337890625,-28.918054580688477,224.93762460261286,-202.88795530957947,-28.92733252265217,0.33004966377125644,0.3381232690583875,0.08364955579174209,3.5111687683826336e-05,24.963844474353525,41.965567724023664,nan,5.143390684764053,nan
178.03,224.88670349121094,-202.55343627929688,-28.919513702392578,224.93831593396507,-202.87917461499498,-28.928972377043507,0.3299375306274998,0.33816892158244255,0.083671807514808,3.581585729755735e-05,24.927456160069017,42.76673454377796,nan,nan,nan
178.04,224.88760375976562,-202.54473876953125,-28.920944213867188,224.9390048237863,-202.87038347028255,-28.929115431544695,0.32977766647878376,0.3382146584102119,0.08369412288738423,3.5109145246008064e-05,24.249003718794846,42.011330655566994,nan,1.5128916390431575,nan
178.05,224.88848876953125,-202.53604125976562,-28.922346115112305,224.9877151807451,-202.87207585444867,-28.930699233739674,0.35047810787120764,0.33815290196420467,0.0836834188352824,3.5791712120149283e-05,22.41779150765741,41.15432491362846,39.61235989286078,nan,nan
178.06,224.88934326171875,-202.52732849121094,-28.92371940612793,224.9884676841659,-202.86327347000983,-28.930649308491088,0.35033227577891185,0.33819844969074414,0.08370571903410025,3.508635414283245e-05,21.755629332995188,39.861875907934085,nan,1.781687487700945,nan
178.07,224.89019775390625,-202.5186309814453,-28.925065994262695,224.9891859349226,-202.85448181454106,-28.93214938604992,0.35020653407845675,0.33824408184979654,0.08372808308738056,3.5790372658007156e-05,21.706629975293854,40.36045266888188,nan,nan,nan
178.08,224.89102172851562,-202.5099334716797,-28.9263858795166,224.98987564442155,-202.84569750900198,-28.934752954753097,0.3501136863890263,0.338289798276898,0.0837505110064915,3.5085468324617646e-05,22.217245624428465,41.15020827059943,nan,0.8964945157335467,nan
178.09,224.89183044433594,-202.50123596191406,-28.92767906188965,224.99056019080223,-202.83690535814685,-28.936212735566716,0.3499918998934249,0.33833559941523894,0.08377300306543461,3.5789860968381786e-05,22.1741792419438,41.094287291076526,nan,nan,nan
178.1,224.8926239013672,-202.49252319335938,-28.928945541381836,224.98971785430152,-202.82473204373704,-28.937417707019414,0.3462105335720686,0.3382738168916561,0.08376224129076845,3.506424978746757e-05,21.781200364148095,40.20332480070101,1.5010999696257477,0.08841531227546626,nan
178.11,224.89340209960938,-202.48382568359375,-28.93018913269043,224.99037158690962,-202.81592841774395,-28.938826763904288,0.3460779047704363,0.3383194286865518,0.08378471754642601,3.5768149769348264e-05,21.738113214786882,40.97363814717492,nan,nan,nan
178.12,224.8941650390625,-202.47512817382812,-28.931406021118164,224.9910099180465,-202.80712451001375,-28.940179696085302,0.34594432384205054,0.33836512471093894,0.0838072578801397,3.506483260274469e-05,21.765864061247452,41.0478289791876,nan,0.000724154972542957,nan
178.13,224.89491271972656,-202.46641540527344,-28.932598114013672,224.99163242505196,-202.79832067457951,-28.941541006223257,0.34582623456360795,0.33841090536945784,0.08382986255132022,3.576912430305445e-05,21.72719806128577,40.09320237695106,nan,nan,nan
178.14000000000001,224.89566040039062,-202.4577178955078,-28.933767318725586,224.99223969509174,-202.7895166811278,-28.94287702288505,0.3456891392765062,0.3384567705553207,0.08385253159281446,3.5066101874619213e-05,21.777831502812585,40.72185889351154,nan,4.3362997215923645e-06,nan
178.15,224.89637756347656,-202.4490203857422,-28.934913635253906,224.9733343789322,-202.77704540457464,-28.944161271448266,0.3370582786407802,0.3383949615419556,0.08384170899388566,3.574881917103756e-05,22.549886123038476,41.19600803522699,6.99705286965825,nan,nan
178.16,224.89707946777344,-202.4403076171875,-28.936037063598633,224.9738716922066,-202.76824722154387,-28.945451528721993,0.33694222352261655,0.3384406371567987,0.08386436159268401,3.504689018233312e-05,22.608530828604877,40.33659458026347,nan,6.36162176435809e-06,nan
178.17000000000002,224.89776611328125,-202.43161010742188,-28.937137603759766,224.97439472544667,-202.75944895556805,-28.94672320298917,0.33681172525432373,0.3384863973296925,0.08388707872367503,3.575110235117539e-05,22.56965138497064,41.24951295405127,nan,nan,nan
178.18,224.89845275878906,-202.42291259765625,-28.938217163085938,224.97492133862818,-202.75063877117955,-28.94593608844377,0.33661769163773436,0.3385322419877147,0.08390986043287665,3.5049381263929075e-05,21.62066903788147,39.99036163960503,nan,2.9234083172402063,nan
178.19,224.89910888671875,-202.41419982910156,-28.939273834228516,224.97541693337132,-202.7418402112112,-28.94714568098479,0.33650126885978043,0.3385781714848391,0.08393270696028897,3.575399694944046e-05,21.576215463237315,39.404379605152805,nan,nan,nan
178.20000000000002,224.89976501464844,-202.40550231933594,-28.940309524536133,225.00755480508445,-202.7586345308363,-28.94689030796398,0.3692753775056004,0.33851633503889017,0.08392182019013479,3.503132095666971e-05,22.48324769180234,39.037021893114,21.07862476968553,1.44542684895334,nan
178.21,224.900390625,-202.3968048095703,-28.94132423400879,225.00806151581983,-202.74989842664607,-28.948045073438344,0.3692063011816233,0.33856207471553185,0.08394464961119816,3.5735468812127156e-05,22.43230808975839,39.344274947165985,nan,nan,nan
178.22,224.90101623535156,-202.38809204101562,-28.942319869995117,225.00854638497094,-202.74116812228095,-28.950287131024808,0.3691733054910147,0.3386078988325011,0.08396754381433892,3.503487992735534e-05,22.904660178842317,38.65733479555857,nan,0.8634243015153525,nan
178.23,224.90162658691406,-202.37939453125,-28.943296432495117,225.0090274056509,-202.73243148087383,-28.951414007408633,0.36910150187653834,0.33865380771423004,0.08399050302774648,3.573944110612262e-05,22.85901493693416,39.5099280297098,nan,nan,nan
178.24,224.90223693847656,-202.3706817626953,-28.944252014160156,225.00949611519005,-202.72369461270137,-28.952522192735252,0.36904064696495725,0.3386998014153298,0.08401352735417968,3.6458339612563924e-05,22.81683280214413,38.42155680404832,nan,nan,nan
178.25,224.90281677246094,-202.3619842529297,-28.945188522338867,224.99409935767113,-202.70771105450692,-28.953617257612134,0.3576738392303575,0.3386379370106625,0.08400257324551152,3.716793938711195e-05,22.87406747079241,39.807405910921446,2.3364583935348,nan,nan
178.26,224.9033966064453,-202.353271484375,-28.94610595703125,224.9945121017884,-202.69896692366626,-28.955419084125715,0.35762285242231145,0.3386837405625281,0.08402557974901022,3.638229253672565e-05,23.27229710766695,39.12476365502374,nan,0.34716974603417466,nan
178.27,224.90396118164062,-202.34457397460938,-28.947006225585938,224.99491883661767,-202.6902188564267,-28.956481241127186,0.357538047269015,0.33872962881189145,0.08404865145488945,3.7113454237517665e-05,23.230810063286775,40.006161498465445,nan,nan,nan
178.28,224.90451049804688,-202.33587646484375,-28.947887420654297,224.99530603046213,-202.6814762964357,-28.958687070557527,0.35749084567438855,0.33877560174355725,0.08407178843135732,3.6330920507344725e-05,23.945612676893443,40.811928133256494,nan,0.8818246032026777,nan
178.29,224.90505981445312,-202.32716369628906,-28.948753356933594,224.9956901850464,-202.67272796119815,-28.95972671185492,0.35741983685053536,0.33882165965513517,0.08409499089656462,3.706086116193442e-05,23.91100151339912,39.61974976490314,nan,nan,nan
178.3,224.9055938720703,-202.31846618652344,-28.949600219726562,225.00780254116378,-202.66798217798768,-28.962301993055494,0.3643753221237574,0.33875976639022326,0.08408396610028827,3.6258779209026855e-05,24.857784710642346,41.58234700582721,1.932388050009744,1.794757784958596,nan
178.31,224.90611267089844,-202.30975341796875,-28.950429916381836,225.00818677657102,-202.65923651522908,-28.963323849381275,0.36431279393911925,0.3388056339853112,0.08410715008801754,3.698665279631182e-05,24.82953784031508,40.76489927398811,nan,nan,nan
178.32,224.9066162109375,-202.30105590820312,-28.951242446899414,225.00857471002234,-202.6504807946687,-28.962133287150586,0.36415916467733905,0.33885158621345335,0.08413039954248856,3.621106482657953e-05,23.534318734054064,40.43557382096407,nan,3.1790277551578727,nan
178.33,224.90711975097656,-202.29234313964844,-28.95203971862793,225.00893803566194,-202.64173503057145,-28.963102370727167,0.3640934479093278,0.33889762334815854,0.08415371467161385,3.693786631802158e-05,23.49913219745951,39.29793991741415,nan,nan,nan
178.34,224.90760803222656,-202.2836456298828,-28.952821731567383,225.00929420322467,-202.63298704688958,-28.963603855184544,0.3639996664809594,0.3389437454103497,0.08417709555874593,3.616512528726004e-05,23.325447559604594,40.078776114137206,nan,0.13524660057646526,nan
178.35,224.90809631347656,-202.27493286132812,-28.953588485717773,225.00432369679615,-202.61776985231245,-28.964625616738,0.35625655074521484,0.33888182267912026,0.0841659968613689,3.686762288464731e-05,22.86926797392155,39.09924843473549,2.087444913866678,nan,nan
178.36,224.9085693359375,-202.26622009277344,-28.95433807373047,225.0046541379554,-202.60900530838842,-28.96554759054968,0.35617361846485873,0.3389277542290478,0.08418935859020904,3.760700973253465e-05,22.833775352328814,39.2187822610702,nan,nan,nan
178.37,224.90902709960938,-202.2575225830078,-28.955074310302734,225.00497518399214,-202.60024057332663,-28.966455509591842,0.35607750207244276,0.33897377055892264,0.08421278614964904,3.836105174978232e-05,22.794546428475805,40.15074207892848,nan,nan,nan
178.38,224.90948486328125,-202.24880981445312,-28.955795288085938,225.00530119305134,-202.5914652758801,-28.964846075504383,0.3559149491792037,0.33901987175975523,0.08423627965686305,3.7499502826026375e-05,21.53051581306246,37.8207231089853,nan,3.8441875975067954,nan
178.39000000000001,224.91001892089844,-202.2401123046875,-28.956605911254883,225.00565521191902,-202.58270006881796,-28.965754300590845,0.35580383544801947,0.3390660580829326,0.08425983931087241,3.825078307519556e-05,21.462570132077236,39.04449880513095,nan,nan,nan
178.4,224.91065979003906,-202.2313995361328,-28.957508087158203,225.03130152423998,-202.59138285583555,-28.967103526630794,0.379782162500924,0.33900410500779893,0.08424866336145387,3.73718297161797e-05,22.41612209931123,37.829013557572935,9.283362801880386,0.03323466874994805,nan
178.41,224.91139221191406,-202.2227020263672,-28.958498001098633,225.03187559246075,-202.58265586174812,-28.968197779054336,0.3797065897318523,0.3390501005001973,0.08427220310121414,3.8119544762558596e-05,22.35074496326061,38.68126811719782,nan,nan,nan
178.42000000000002,224.91221618652344,-202.2139892578125,-28.959577560424805,225.03254100401367,-202.5739286737697,-28.969364456194732,0.3796448711526056,0.3390961808099295,0.08429580897713851,3.727175768797188e-05,22.38478737078687,37.79542344386038,nan,0.00017747521040426423,nan
178.43,224.9131317138672,-202.2052764892578,-28.96074104309082,225.0332964961631,-202.56520140646953,-28.970636034751738,0.379583234342685,0.33914234616960254,0.08431948117977037,3.801701724662785e-05,22.32299605765853,37.78841935888481,nan,nan,nan
178.44,224.91412353515625,-202.1965789794922,-28.961992263793945,225.03414622385515,-202.5564703597793,-28.97096345456141,0.3794835090899988,0.33918859663978823,0.08434321980942676,3.717525471300256e-05,21.842527209764757,38.37187207963894,nan,0.6640328504411325,nan
178.45000000000002,224.91522216796875,-202.1878662109375,-28.963327407836914,225.0186111952131,-202.54297448375536,-28.972446153427555,0.3699653063455609,0.3391266125478795,0.08433196335863694,3.7893792696100103e-05,22.261712730180122,37.31962576765628,3.385471889707928,nan,nan
178.46,224.91635131835938,-202.17916870117188,-28.964746475219727,225.01959024232738,-202.53423687438755,-28.971453631940193,0.3698332989389384,0.33917267192739003,0.08435568133367082,3.7058941698643594e-05,21.21095551128979,37.40196631484867,nan,3.9693246199754837,nan
178.47,224.91749572753906,-202.1704559326172,-28.966249465942383,225.0205848873418,-202.5255080333879,-28.973033874431067,0.36977749705609425,0.3392188162849115,0.08437946581242192,3.7798763441486474e-05,21.14586229026055,36.35704439339848,nan,nan,nan
178.48,224.9186248779297,-202.1617431640625,-28.967832565307617,225.021589827185,-202.51677337424533,-28.97294171398028,0.36969492060045495,0.33926504569653976,0.0844033169024132,3.6969552013820184e-05,20.56443398280024,36.0204181425819,nan,1.9463122209896675,nan
178.49,224.9197540283203,-202.15304565429688,-28.969497680664062,225.0225767894092,-202.50804455492315,-28.9746703065137,0.3696261566799361,0.3393113603716089,0.08442723478349991,3.7707326224294984e-05,20.49698740102853,36.52620626527496,nan,nan,nan
178.5,224.9208526611328,-202.1443328857422,-28.971242904663086,225.03147486327748,-202.5052395826035,-28.974791252143667,0.37749636583221297,0.33924934440478094,0.08441589448459293,3.6860550496007946e-05,20.38373681207471,35.430958265122136,1.04290861653055,1.8788570542635685,nan
178.51,224.92193603515625,-202.1356201171875,-28.973066329956055,225.03243691903256,-202.496524444876,-28.976665439894887,0.37745904767813904,0.3392954677171884,0.08443979095146473,3.75954740936822e-05,20.317713083059477,35.314602937917286,nan,nan,nan
178.52,224.92300415039062,-202.12692260742188,-28.9749698638916,225.03337536623377,-202.48781192667184,-28.97945071600602,0.377416194765232,0.3393416760253385,0.08446375420993245,3.67780220667608e-05,20.44864773149289,36.14731208499398,nan,0.4412014410925689,nan
178.53,224.92404174804688,-202.1182098388672,-28.976947784423828,225.03429661572605,-202.4790970313849,-28.981491483673462,0.37738090409179004,0.33938796952586026,0.08448778443377442,3.7511152286159086e-05,20.384266007420162,35.525094894021784,nan,nan,nan
178.54,224.92506408691406,-202.10951232910156,-28.97900390625,225.0351933131671,-202.47038529324246,-28.984579243062353,0.37734444093361147,0.33943434831392577,0.08451188173954108,3.66987789877062e-05,20.61071417464722,36.427617722180074,nan,0.6019674463289242,nan
178.55,224.9260711669922,-202.10079956054688,-28.981098175048828,225.03738197187693,-202.45101482521073,-28.986787930409058,0.3675230607781292,0.33937229974017524,0.08450045431492899,3.74065709841624e-05,19.190458908527354,35.30691811851115,10.734917430384389,nan,nan
178.56,224.92706298828125,-202.09210205078125,-28.98318862915039,225.03825825661212,-202.44226220121638,-28.988989690629968,0.3674373020886935,0.3394184868958276,0.08452452943487396,3.660011282733668e-05,19.1749209007359,36.12551810503269,nan,5.288286736716048e-06,nan
178.57,224.9280242919922,-202.08338928222656,-28.98525619506836,225.03911486105378,-202.4335097139141,-28.991183156109805,0.3673697865729921,0.33946475917291696,0.08454867169148166,3.732907797173484e-05,19.128459523477687,35.426842322100185,nan,nan,nan
178.58,224.928955078125,-202.07469177246094,-28.987293243408203,225.0399503951861,-202.42475861925448,-28.993815072975238,0.36730000257877565,0.3395111166769162,0.08457288120638753,3.652734211744305e-05,19.281535331528946,36.67985647781646,nan,0.13928340655647165,nan
178.59,224.9298858642578,-202.06597900390625,-28.989294052124023,225.0407684381178,-202.4160062515744,-28.995955285148504,0.367230705853095,0.3395575595889997,0.08459715814581333,3.725484866667979e-05,19.241034602777866,35.36423256557165,nan,nan,nan
178.6,224.93080139160156,-202.05728149414062,-28.99125862121582,225.07527466919692,-202.42117844541224,-28.99427311961226,0.391538767281735,0.33949547756377124,0.08458564025737784,3.643525039121562e-05,18.011929676194757,34.842489810629345,10.954844360166547,9.710399306945899,nan
178.61,224.9316864013672,-202.04856872558594,-28.99318504333496,225.07611422706566,-202.41244453277218,-28.9963045976837,0.3915031692218667,0.339541728564404,0.0846098942218893,3.716049101702048e-05,17.957264670640715,34.20905466222701,nan,nan,nan
178.62,224.93255615234375,-202.0398712158203,-28.995071411132812,225.0769390076347,-202.40370818828137,-28.99724629153665,0.39144409758785387,0.3395880647296596,0.08463421561734272,3.6368668083790595e-05,17.756886585429278,34.87914250579036,nan,0.7239163308317436,nan
178.63,224.93341064453125,-202.03115844726562,-28.996923446655273,225.07774303090795,-202.39497430078842,-28.99919412531264,0.3914063987893893,0.33963448623247705,0.08465860460574937,3.709265774070862e-05,17.699458561900443,33.83005858861555,nan,nan,nan
178.64000000000001,224.9342498779297,-202.0224609375,-28.998737335205078,225.07852634208135,-202.38624307661527,-29.00234404144681,0.39136447357585064,0.33968099319070755,0.08468306131501259,3.630504187404045e-05,17.85090972959923,34.853918791577584,nan,1.004276455956693,nan
178.65,224.93505859375,-202.0137481689453,-29.00051498413086,225.0731677244161,-202.36705632376578,-29.00433860947779,0.379361838284746,0.3396188769387823,0.08467144966935188,3.7004765385327776e-05,16.984777494095802,34.37360118277269,5.41679749656144,nan,nan
178.66,224.9358673095703,-202.0050506591797,-29.00225830078125,225.07391876834538,-202.35829263553347,-29.006622449940718,0.37928504442719424,0.3396651917066658,0.08469588260223804,3.6222160138373116e-05,17.04822747774074,34.892139910423346,nan,0.12032115224474445,nan
178.67000000000002,224.93666076660156,-201.996337890625,-29.003965377807617,225.07465480584315,-202.3495281539986,-29.008449035584782,0.379217378551114,0.3397115917414625,0.08472038329345526,3.6943019893041155e-05,17.001398670843333,33.97085771143704,nan,nan,nan
178.68,224.9374237060547,-201.98764038085938,-29.005640029907227,225.07537222867046,-202.34076602659096,-29.011371315809576,0.3791574398628023,0.3397580771675143,0.08474495187435548,3.6164298617210936e-05,17.298042382206855,35.442654396492536,nan,0.8420490522487498,nan
178.69,224.9381866455078,-201.9789276123047,-29.007280349731445,225.07607690372976,-202.3320016120348,-29.013143081672233,0.3790901531611371,0.33980464814801337,0.08476958850181478,3.688417734555417e-05,17.257010191625135,34.17332704307645,nan,nan,nan
178.70000000000002,224.9389190673828,-201.97023010253906,-29.008888244628906,225.05372172823817,-202.3277048562512,-29.015964540730142,0.37552353381316605,0.335448668866099,0.07986331137761804,3.608693715385405e-05,27.117580568782742,44.020394825613145,18.025590286560462,0.8912597534715742,0.009682489352886741
178.71,224.9396514892578,-201.96151733398438,-29.01046371459961,225.05433103451605,-202.3189636477501,-29.01768289616116,0.37546155849536395,0.33549809476069875,0.07987937619528805,3.680501431747255e-05,27.05399550523376,42.82162990373656,nan,nan,nan
178.72,224.9403533935547,-201.95281982421875,-29.012008666992188,225.05487433274655,-202.31015955756953,-29.017497896613197,0.37528237659984515,0.33554760376734416,0.0798954999262678,3.603455321561105e-05,26.378525201067518,43.32826983977964,nan,2.3329240020515623,nan
178.73,224.94105529785156,-201.94410705566406,-29.013521194458008,225.05545471352562,-202.30141819608963,-29.019136809538306,0.37521995217673876,0.33559719830900214,0.07991168609194757,3.675181650344235e-05,26.308709963263343,42.15763976809818,nan,nan,nan
178.74,224.94174194335938,-201.93540954589844,-29.015005111694336,225.05603908433847,-202.292698752402,-29.021412722692656,0.37518058451717307,0.3356468762856871,0.07992793152640985,3.59847745462841e-05,26.497532511158244,43.225930173634666,nan,0.2962175028046803,nan
178.75,224.94241333007812,-201.92669677734375,-29.01645851135254,225.0638447231759,-202.28329508531007,-29.022826389493822,0.37676051590649795,0.3355850428946751,0.07991807474471356,3.667858867371807e-05,25.739620097527034,42.17955455391473,3.9413561126270524,nan,nan
178.76,224.9430694580078,-201.91799926757812,-29.01788330078125,225.06436423974995,-202.27450089526099,-29.02316207108353,0.3766081518426086,0.33563451330481214,0.07993433354098081,3.59157498512209e-05,25.31555668264362,42.69719969520083,nan,0.9970158616649093,nan
178.77,224.94371032714844,-201.90928649902344,-29.01927947998047,225.06490332887353,-202.2657460311926,-29.024678178377332,0.376537232801459,0.33568406912312154,0.07995065487432614,3.663071119837872e-05,25.243592553701006,41.80735754078255,nan,nan,nan
178.78,224.94435119628906,-201.9005889892578,-29.020647048950195,225.0654344830819,-202.2569970601546,-29.026353585996254,0.3764577531489776,0.33573370838413835,0.07996703584630786,3.587100400746978e-05,25.26272821329576,42.48827832859623,nan,0.023311694116395564,nan
178.79,224.94496154785156,-201.89187622070312,-29.021987915039062,225.06594802669272,-202.24824209491783,-29.027818019852653,0.3763885684891737,0.33578343330889704,0.07998347958126753,3.658536489797029e-05,25.19231877466519,41.917673419821185,nan,nan,nan
178.8,224.94557189941406,-201.8831787109375,-29.02330207824707,225.05255476948682,-202.23135580785387,-29.029002836241986,0.36428714491158526,0.33572148922262157,0.07997367307406723,3.5806995569026554e-05,24.87130716991522,42.660081459287014,3.5615881688327344,0.11316704349127876,nan
178.81,224.9461669921875,-201.8744659423828,-29.02459144592285,225.05302090218427,-202.22258323061885,-29.03041484499511,0.364194064239338,0.3357710062323701,0.07999012966414856,3.651993314717222e-05,24.801741832260223,41.71410309857625,nan,nan,nan
178.82,224.94674682617188,-201.8657684326172,-29.025854110717773,225.05345987735396,-202.2137925864221,-29.031209253982013,0.3640565402291203,0.3358206066902879,0.08000664625217455,3.576698576846974e-05,24.581956881237698,42.52636855880911,nan,0.23726620550013827,nan
178.83,224.9473114013672,-201.8570556640625,-29.027090072631836,225.05390244765323,-202.20501991269722,-29.032566252729968,0.36396532530551395,0.33587029268629776,0.08002322571210245,3.647945446858798e-05,24.511677715193827,41.68923849279018,nan,nan,nan
178.84,224.9478759765625,-201.84835815429688,-29.028303146362305,225.05433364218288,-202.19624728953738,-29.03389955644389,0.36385629689965565,0.335920063391773,0.08003986682495329,3.720628515995604e-05,24.439555098683485,42.25369878027505,nan,nan,nan
178.85,224.94842529296875,-201.8396453857422,-29.029491424560547,225.05702738693324,-202.18229355475293,-29.035174584620044,0.35949197605530714,0.335858010710449,0.08003010977559587,3.792332719922685e-05,23.42525141559326,41.44272081014164,5.539713547582364,nan,nan
178.86,224.94895935058594,-201.83094787597656,-29.030656814575195,225.05740643979541,-202.17345235954699,-29.035028091285135,0.3592898558043702,0.3359075722012242,0.08004676193375349,3.708460885749077e-05,22.996235975622547,42.03617900353495,nan,1.2885887098906568,nan
178.87,224.94947814941406,-201.82223510742188,-29.031797409057617,225.05781042577377,-202.1646526143229,-29.036277966588674,0.3591736439793161,0.3359572191800126,0.08006347717919453,3.7822844220995504e-05,22.92142633049973,41.19652978518377,nan,nan,nan
178.88,224.9499969482422,-201.81353759765625,-29.032917022705078,225.0581518817041,-202.15579191871737,-29.03537479691924,0.3589450523008329,0.33600694986155105,0.08008025302053166,3.6990220970593416e-05,22.46231264015867,41.42239681306318,nan,2.8642611182349302,nan
178.89000000000001,224.95050048828125,-201.80482482910156,-29.034013748168945,225.05853525164278,-202.1469917086211,-29.036560075054464,0.3588260962016675,0.33605676628281633,0.08009709217476425,3.772642578294238e-05,22.38144311081915,40.56252720380391,nan,nan,nan
178.9,224.9510040283203,-201.79612731933594,-29.03508758544922,225.05346253467522,-202.13069463236698,-29.039167569296144,0.34992810510372346,0.3359946031815712,0.08008737821213006,3.6876756283262494e-05,21.86650003632473,41.751431992541555,4.143761121696221,1.3666770633749379,nan
178.91,224.9514923095703,-201.78741455078125,-29.03614044189453,225.05381843965645,-202.12186764516167,-29.040325143421175,0.3497813902509853,0.33604421105534876,0.08010422927575493,3.7610135837323995e-05,21.791702721269825,40.81065553777224,nan,nan,nan
178.92000000000002,224.95196533203125,-201.77871704101562,-29.037172317504883,225.0541052950794,-202.1129724560882,-29.038956108948565,0.3495174337121463,0.33609390264175737,0.08012114128543453,3.679007694375527e-05,21.32124761483356,41.41647233888788,nan,4.005871379477942,nan
178.93,224.95242309570312,-201.77000427246094,-29.038185119628906,225.05444184419287,-202.1041454347322,-29.040048722462384,0.34937317353071934,0.3361436798345801,0.08013811671165935,3.7521690464561606e-05,21.238138076978043,40.47795535841642,nan,nan,nan
178.94,224.952880859375,-201.76129150390625,-29.039175033569336,225.05479259258232,-202.09534513131211,-29.042132268924487,0.3492657621200244,0.33619354106350124,0.08015515342982574,3.670706835783529e-05,21.295560994627902,40.44466489104069,nan,0.6539849362148975,nan
178.95000000000002,224.95333862304688,-201.75259399414062,-29.04014778137207,225.05877179977472,-202.08158465035743,-29.043102610619172,0.34548478642158265,0.336131269451297,0.08014548122741966,3.7413470563711744e-05,20.275469765301395,41.24741987801102,6.093305620086012,nan,nan
178.96,224.95376586914062,-201.74388122558594,-29.041099548339844,225.05906950821563,-202.07270732680863,-29.043284017537477,0.3452828306670167,0.33618092184857074,0.08016252940514487,3.660508817551516e-05,20.083431506452303,40.61060867922669,nan,0.47946726768128917,nan
178.97,224.95420837402344,-201.7351837158203,-29.04203224182129,225.05937796287625,-202.06385211418166,-29.044301547249884,0.34509231844248606,0.33623065972183513,0.08017964110853648,3.733260626556396e-05,20.001713843170357,41.02971762917007,nan,nan,nan
178.98,224.95462036132812,-201.72647094726562,-29.04294776916504,225.0597479649521,-202.05507644139465,-29.048442414678686,0.34505590118822443,0.3362804816347486,0.08019681443714015,3.652924880663629e-05,20.60198133323558,41.09080972694449,nan,6.384389670569339,nan
178.99,224.9550323486328,-201.71775817871094,-29.04384422302246,225.06003917679746,-202.04622089935887,-29.049455636802193,0.34488502545232386,0.3363303892799817,0.08021405152782964,3.7255346992648795e-05,20.533317288808163,40.8631748530781,nan,nan,nan
179.0,224.9554443359375,-201.7090606689453,-29.044721603393555,225.0491920284316,-202.02833083678357,-29.051580276122188,0.33281993827148515,0.3362680075931118,0.08020441509616215,3.6434489382091624e-05,20.399101600145183,42.46571946198332,4.599985775785486,0.6239528254121196,nan
179.01,224.95584106445312,-201.70034790039062,-29.045583724975586,225.04944947954834,-202.01944983043754,-29.052572201450143,0.33262203165114995,0.33631770605488176,0.08022166305935276,3.715836536559881e-05,20.335483112328966,41.46984881920806,nan,nan,nan
179.02,224.9562225341797,-201.69163513183594,-29.04642677307129,225.049685426462,-202.01055349519703,-29.05291400168075,0.3323948237529018,0.3363674885554308,0.08023897296902115,3.6365447260316926e-05,20.091413579919337,41.422303190224596,nan,0.2623092629865894,nan
179.03,224.95660400390625,-201.6829376220703,-29.04725456237793,225.04992730919673,-202.00167239468783,-29.05386725457606,0.3321819114340641,0.33641735666251876,0.08025634675890557,3.708811609962391e-05,20.024935451221857,42.16980456680434,nan,nan,nan
179.04,224.9569854736328,-201.67422485351562,-29.048065185546875,225.05020194119993,-201.99283615680218,-29.056713061348663,0.33208019839119346,0.336467309127337,0.0802737828310895,3.6299636917610666e-05,20.820816347022262,41.80190277283261,nan,2.386900167187086,nan
179.05,224.9573516845703,-201.66551208496094,-29.048858642578125,225.0453946161,-201.98529057580865,-29.057615906872858,0.3317929032982891,0.3364048189391582,0.08026418019185005,3.6998166157901817e-05,21.296716475078515,41.8678944248779,1.7504622967879029,nan,nan
179.06,224.95770263671875,-201.65679931640625,-29.049636840820312,225.04562234151197,-201.97644080653438,-29.059385450685124,0.3316558338044996,0.33645456193026324,0.08028162663143613,3.621490382972512e-05,21.762603819493613,42.48229527508018,nan,0.4695626291315048,nan
179.07,224.9580535888672,-201.64810180664062,-29.050399780273438,225.04582526751523,-201.96757149974505,-29.060304178482152,0.3314556523711821,0.3365043904048725,0.08029913707374735,3.6934537944592574e-05,21.70755252584226,43.25973216362762,nan,nan,nan
179.08,224.95840454101562,-201.63938903808594,-29.0511474609375,225.0460336490584,-201.9587158129553,-29.061824281173532,0.33130415665244073,0.336554303230242,0.08031671010436606,3.6155351433607735e-05,22.12053135737379,42.52674100571917,nan,0.25061919523550324,nan
179.09,224.958740234375,-201.63067626953125,-29.0518798828125,225.04622273848338,-201.94984610702673,-29.06272041896963,0.3311194511292527,0.3366043017998869,0.08033434738366706,3.6874053247503655e-05,22.070414543471117,42.6513960836281,nan,nan,nan
179.1,224.95907592773438,-201.62197875976562,-29.05259895324707,225.0338788711395,-201.9389247636177,-29.063761362681817,0.3258448236266208,0.33654170185929855,0.08032477296688537,3.607686758695541e-05,22.819605596382655,43.717474087854704,2.817613310628216,0.03746270800251105,nan
179.11,224.95950317382812,-201.61326599121094,-29.053407669067383,225.0340833211454,-201.93006205995843,-29.064683714633897,0.32565180292968027,0.33659149060633686,0.08034241999297402,3.679382531652889e-05,22.741844684366583,42.7551370922997,nan,nan,nan
179.12,224.96002197265625,-201.60455322265625,-29.054306030273438,225.03437859035563,-201.92119512579828,-29.065496891171833,0.32544774816972394,0.3366413636929328,0.0803601299024532,3.6023208360705124e-05,22.682958097497444,42.74453323843609,nan,0.026787295392753097,nan
179.13,224.96063232421875,-201.59584045410156,-29.055294036865234,225.03477138899257,-201.91233236707822,-29.06659903616386,0.3252561066518247,0.33669132240515004,0.08037790419058116,3.6739402239968894e-05,22.605534168547354,42.69178465169806,nan,nan,nan
179.14000000000001,224.96133422851562,-201.58714294433594,-29.05636978149414,225.0352207843951,-201.9034306043879,-29.065909289130968,0.3249432400386662,0.3367413657715831,0.08039574168908588,3.597234603005851e-05,21.57527228858764,42.66355820084513,nan,2.3626848063889554,nan
179.15,224.96209716796875,-201.57843017578125,-29.057531356811523,225.01034714509396,-201.88726870544693,-29.06722222282592,0.3127350485358975,0.3366786573617303,0.08038619297648844,3.6665205358768614e-05,22.213471982948956,41.95479794716528,6.98689535707954,nan,nan
179.16,224.962890625,-201.56971740722656,-29.058778762817383,225.01087255407583,-201.87837384436367,-29.06695376820145,0.3124706264867752,0.33672849060958987,0.0804040396641199,3.590247463725686e-05,21.433590181266982,41.03829085620258,nan,1.754510852991906,nan
179.17000000000002,224.9636688232422,-201.56100463867188,-29.06011199951172,225.01143993718452,-201.86951131506038,-29.06837344324077,0.3122926514602298,0.33677840936695996,0.08042195086373062,3.661646908188172e-05,21.354629999963294,41.22927803084038,nan,nan,nan
179.18,224.96444702148438,-201.5522918701172,-29.0615291595459,225.01198066170141,-201.86062262974744,-29.06853379811324,0.3120518694831201,0.3368284127615632,0.080439925555072,3.585698312416677e-05,20.777999876076752,40.541047122892216,nan,1.2151589061728043,nan
179.19,224.96522521972656,-201.54359436035156,-29.06302833557129,225.01253716168188,-201.85176016003,-29.070109860260192,0.3118569029778887,0.3368785019306371,0.08045796501269095,3.657042782743521e-05,20.698672895602694,41.281042295842724,nan,nan,nan
179.20000000000002,224.96597290039062,-201.53488159179688,-29.06460952758789,225.03895099666127,-201.85712682860267,-29.072786934342954,0.33050667944922174,0.33681568407010865,0.08044843677014529,3.579243322834701e-05,21.42534277290661,40.5214434299208,7.437083084166253,0.6894532913057292,nan
179.21,224.9667205810547,-201.5261688232422,-29.066272735595703,225.0395246306153,-201.8482924310834,-29.074538927892814,0.33035190070007264,0.3368655627745172,0.08046648476269239,3.6504506159812666e-05,21.349139906224107,40.15184855720526,nan,nan,nan
179.22,224.9674530029297,-201.5174560546875,-29.068016052246094,225.0400590502638,-201.83943152947973,-29.07492828813539,0.3301327361564625,0.33691552609518344,0.08048459651841162,3.5751964549067574e-05,20.73417477020571,39.561759828100875,nan,1.4101536431802164,nan
179.23,224.96815490722656,-201.50875854492188,-29.06983757019043,225.04060455810924,-201.8305971828037,-29.07682834101689,0.3299665613716004,0.336965575078249,0.08050277317974691,3.6463618724897176e-05,20.655673960924958,40.80592078860686,nan,nan,nan
179.24,224.96885681152344,-201.5000457763672,-29.07173728942871,225.04113683373538,-201.82176400945107,-29.078861634967225,0.3298147652985355,0.3370157089882279,0.0805210139235648,3.571387492186814e-05,20.657514006087453,39.548591802257974,nan,0.0019280217790347048,nan
179.25,224.96954345703125,-201.4913330078125,-29.073715209960938,225.0774253705227,-201.82309804297037,-29.08099402337819,0.3489405779450732,0.3369527827129163,0.08051150319177562,3.6402786299756996e-05,19.771311265624302,39.1662310745778,13.645422395790463,nan,nan
179.26,224.97021484375,-201.4826202392578,-29.075767517089844,225.07797483027295,-201.81424689165055,-29.08217218279209,0.34875416988962404,0.3370027058569815,0.08052975186293972,3.565660052975662e-05,19.387493172831665,38.8525933609644,nan,0.6267569999290483,nan
179.27,224.9708709716797,-201.4739227294922,-29.07785987854004,225.07852674044605,-201.8054125218419,-29.084358543222347,0.3485935736977756,0.3370527145536705,0.0805480655814776,3.636670033220117e-05,19.317790560294387,39.696635723419156,nan,nan,nan
179.28,224.97152709960938,-201.4652099609375,-29.079946517944336,225.079045547435,-201.79655796824872,-29.08534661142166,0.3483975883692497,0.33710280815090476,0.08056644364164631,3.562304112935026e-05,18.897589750068352,38.08908258439268,nan,1.0081891253491824,nan
179.29,224.97215270996094,-201.4564971923828,-29.082014083862305,225.07957108848774,-201.78772398661414,-29.0875282052731,0.3482532164919975,0.337152987569599,0.08058488701069934,3.6332885229144155e-05,18.837600816296646,38.31323374230278,nan,nan,nan
179.3,224.9727783203125,-201.44778442382812,-29.084049224853516,225.09817027922634,-201.7956497240932,-29.090355762669557,0.36982858584483713,0.33708995212757,0.0805753888199157,3.5570222557245114e-05,20.15414954443449,37.84671986865999,14.139918121962548,0.525428243274509,nan
179.31,224.973388671875,-201.4390869140625,-29.086048126220703,225.09869816913525,-201.78686384352824,-29.09248372169786,0.3697197312308043,0.33713992043688523,0.08059383942863478,3.627897872979214e-05,20.098984930078974,38.79089009929019,nan,nan,nan
179.32,224.97398376464844,-201.4303741455078,-29.088010787963867,225.09921893720454,-201.77808341983305,-29.09490927725136,0.36963925258472136,0.3371899736166626,0.08061235462916981,3.5540869358478085e-05,20.21984846775709,37.98545091767588,nan,0.075985554257522,nan
179.33,224.9745635986328,-201.42166137695312,-29.089935302734375,225.0997227477378,-201.76929792141678,-29.096968121694374,0.3695476155975511,0.33724011251176444,0.08063093528500165,3.624946958532404e-05,20.168881482633115,38.02484684396397,nan,nan,nan
179.34,224.97512817382812,-201.4129638671875,-29.091821670532227,225.10022199372966,-201.76051941860487,-29.099459259030944,0.36946130765841684,0.33729033658432106,0.08064958084537632,3.5513504127459216e-05,20.368631314593223,39.24025601742257,nan,0.15092724597932958,nan
179.35,224.97569274902344,-201.4042510986328,-29.093669891357422,225.11969837281052,-201.76042087795184,-29.101422858502154,0.38425855863210306,0.3372271928041233,0.08064009188207667,3.619978480944592e-05,20.324850520786114,37.84032609272037,3.319460858490658,nan,nan
179.36,224.9762420654297,-201.39553833007812,-29.095483779907227,225.12019083516816,-201.75164042134188,-29.102811898455027,0.3841661737231514,0.3372772054612524,0.08065874402719365,3.546672517351075e-05,20.103278569918164,37.652860367735705,nan,0.2189959581105297,nan
179.37,224.97677612304688,-201.3868408203125,-29.097259521484375,225.12068056219067,-201.74286815943537,-29.104724537910606,0.38408290807903556,0.3373273037295876,0.08067746177556238,3.617425779486395e-05,20.05245832410227,38.67866843617492,nan,nan,nan
179.38,224.97731018066406,-201.3781280517578,-29.099000930786133,225.1211774098392,-201.73411352073796,-29.10785915973318,0.38405976354680205,0.33737748714033655,0.08069624466771048,3.544311265423751e-05,20.651564284619266,38.071009987727884,nan,1.0869065759674874,nan
179.39000000000001,224.9778289794922,-201.36941528320312,-29.100706100463867,225.1216455956123,-201.72534095798108,-29.109715452018083,0.38398889756581284,0.3374277564346488,0.08071509343077181,3.615061012058384e-05,20.60861533320322,38.17021915025208,nan,nan,nan
179.4,224.97833251953125,-201.3607177734375,-29.102378845214844,225.10822906926646,-201.69602408617726,-29.11131000560059,0.3596987665006388,0.33736450375684257,0.08070560892953003,3.539999905003328e-05,18.841629194671764,39.53523196256485,24.067505158496854,0.02396447334867035,nan
179.41,224.9788360595703,-201.3520050048828,-29.104019165039062,225.10865781719338,-201.68718403118461,-29.1130976424378,0.359556792700186,0.33741456129467506,0.08072446355639347,3.6106619562149824e-05,18.797272020141992,38.20771937170998,nan,nan,nan
179.42000000000002,224.97930908203125,-201.34329223632812,-29.10562515258789,225.10905140516797,-201.67831978381605,-29.113010768314982,0.3593481255111214,0.33746470393646844,0.08074338355819535,3.537984423835246e-05,17.98181291160629,37.891171757065784,nan,2.3442989973593855,nan
179.43,224.97979736328125,-201.3345947265625,-29.10719871520996,225.10946019441954,-201.66947988629843,-29.114716480523658,0.35918941630492096,0.33751493236090824,0.08076236958226381,3.6086503748757856e-05,17.93151184405788,38.206417951408646,nan,nan,nan
179.44,224.98025512695312,-201.3258819580078,-29.108741760253906,225.10983003218146,-201.6606115468506,-29.114163635449625,0.35897486046020705,0.3375652461930105,0.08078142128843586,3.536132002217546e-05,17.12294641755862,36.90997311858162,nan,3.432107572567356,nan
179.45000000000002,224.980712890625,-201.3171844482422,-29.110254287719727,225.09997014735995,-201.6519079137785,-29.115818529454394,0.3553773381219862,0.33750188527521374,0.08077193765689304,3.604595224474419e-05,17.706200064016812,37.57302559986918,2.704858732859424,nan,nan
179.46,224.98117065429688,-201.3084716796875,-29.111736297607422,225.10030670381758,-201.64305558200488,-29.11542703573709,0.35518080963541016,0.33755198704049927,0.08079099452711416,3.532312793556025e-05,17.160779548613984,35.856077473074016,nan,2.732384705963704,nan
179.47,224.9816131591797,-201.2997589111328,-29.113187789916992,225.10065986245533,-201.63422750725752,-29.116972684111957,0.35504321536750866,0.3376021744892328,0.08081011757169057,3.602907702655203e-05,17.100545361618632,35.95676576138054,nan,nan,nan
179.48,224.98204040527344,-201.2910614013672,-29.11461067199707,225.10100000524824,-201.62539545041233,-29.118156257411627,0.35488478968957565,0.3376524473026824,0.08082930651983038,3.5307653394200784e-05,16.984872507061446,36.94166770007406,nan,0.07728304323950849,nan
179.49,224.9824676513672,-201.2823486328125,-29.11600685119629,225.1013356383357,-201.61656724328301,-29.119642657028038,0.3547462431017942,0.3377028060750772,0.08084856191514876,3.601372790955796e-05,16.924366067281312,35.68142653691588,nan,nan,nan
179.5,224.98287963867188,-201.2736358642578,-29.117374420166016,225.13555783664788,-201.61294603083073,-29.122493724980533,0.3721131932070163,0.3376393365169531,0.08083907454272893,3.527241990765728e-05,16.026844832415655,36.1814380629337,16.8804970265802,1.185429702001743,nan
179.51,224.9832763671875,-201.2649383544922,-29.11871337890625,225.13593648512486,-201.60410027805463,-29.123940852149993,0.3719721071259764,0.33768948288365347,0.08085833434823195,3.5977769459758664e-05,15.970084618494589,37.337974729061365,nan,nan,nan
179.52,224.98367309570312,-201.2562255859375,-29.120027542114258,225.1363221897069,-201.59526837288197,-29.126653315373254,0.3718812419987466,0.3377397145690282,0.08087766027149867,3.525973222361233e-05,16.384782761016076,36.48446051868891,nan,1.1598710055093016,nan
179.53,224.98406982421875,-201.2475128173828,-29.121313095092773,225.13668461059788,-201.58642226339464,-29.128061727300363,0.3717478038324694,0.3377900321168921,0.08089705279627736,3.5965260759710616e-05,16.335939377548982,36.288898425271796,nan,nan,nan
179.54,224.9844512939453,-201.2388153076172,-29.122575759887695,225.1370377528535,-201.57757464713356,-29.12931563070412,0.3715991703574312,0.33784043528422963,0.08091651174136844,3.5248355953070904e-05,16.28642407518264,37.33646134102196,nan,0.011699570884343568,nan
179.55,224.98483276367188,-201.2301025390625,-29.123811721801758,225.1246231120363,-201.56281076654216,-29.130615247100767,0.3609465252429971,0.3377768576050967,0.08090701682162102,3.593204965090008e-05,16.257398659599446,36.19586662566278,1.6475256006075656,nan,nan
179.56,224.98519897460938,-201.2213897705078,-29.125022888183594,225.12495033415738,-201.55396336170045,-29.132763353987848,0.36082620590133363,0.33782704805264135,0.08092647943475163,3.521705365576427e-05,16.600855341858868,36.699247015577846,nan,0.46342705286352553,nan
179.57,224.9855499267578,-201.2126922607422,-29.126211166381836,225.12526112732675,-201.54510791380946,-29.134080815039248,0.36066787677660833,0.3378773242676312,0.08094600880372986,3.592212487803304e-05,16.552188566458252,37.78854096977411,nan,nan,nan
179.58,224.98590087890625,-201.2039794921875,-29.12737464904785,225.1255490340894,-201.53623848630653,-29.133900591050686,0.3604722379574771,0.33792768605203527,0.080965604798668,3.520810526244958e-05,15.968724241172625,36.01902214316833,nan,1.516960884516487,nan
179.59,224.9862518310547,-201.1952667236328,-29.128515243530273,225.12584582681717,-201.52738326008796,-29.135157839985418,0.3603220802664806,0.33797813388212966,0.08098526782652896,3.59134145224706e-05,15.919379437894353,35.771632575772394,nan,nan,nan
179.6,224.98658752441406,-201.18655395507812,-29.1296329498291,225.13290596769352,-201.52150997749334,-29.13667360843414,0.3655874651427977,0.3379144478111612,0.08097576086398357,3.517914281757241e-05,16.04742373111479,36.044837182774266,0.4244614513433563,0.04782152341663199,nan
179.61,224.98692321777344,-201.1778564453125,-29.130727767944336,225.13320032652183,-201.51265889614106,-29.137890323149453,0.3654325872464949,0.3379646825845107,0.08099542677354472,3.588383233133831e-05,15.998487375207416,36.800436401307564,nan,nan,nan
179.62,224.98724365234375,-201.1691436767578,-29.13180160522461,225.1334966090517,-201.50381515830492,-29.139924721596437,0.3653230254532812,0.3380150028744385,0.08101515950819926,3.517239312125911e-05,16.376878003577392,36.37389235418883,nan,0.49185249589870755,nan
179.63,224.98756408691406,-201.16043090820312,-29.132854461669922,225.13377770688413,-201.49496401360602,-29.141107839235303,0.36518343269717857,0.338065409117292,0.08103495943131349,3.587735803231523e-05,16.33213718306009,36.1208218630484,nan,nan,nan
179.64000000000001,224.98788452148438,-201.1517333984375,-29.13388442993164,225.13404798829617,-201.48610920178584,-29.1418394380812,0.36501262861707834,0.3381159011750124,0.08105482647831432,3.5166676099042415e-05,16.16462558893207,36.79640301654423,nan,0.13002679476640372,nan
179.65,224.98818969726562,-201.1430206298828,-29.13489532470703,225.13954981197028,-201.47491570426692,-29.1429434690648,0.36486846582219584,0.33805210712193884,0.0810453035073535,3.584992446917045e-05,15.629927263320578,36.039341764071274,1.9554655575276771,nan,nan
179.66,224.9884796142578,-201.13430786132812,-29.13588523864746,225.13980378262065,-201.46603456382013,-29.14217944085625,0.36466591019502764,0.3381023858055826,0.08106517265386944,3.514078615662134e-05,14.88364738965783,35.524546720898634,nan,2.4828338058731756,nan
179.67000000000002,224.98878479003906,-201.12559509277344,-29.136856079101562,225.1400694698114,-201.45716830299614,-29.143260617020307,0.36451181898144364,0.33815275035049597,0.08108510914373007,3.584546509016662e-05,14.835011161172815,34.90047123924438,nan,nan,nan
179.68,224.98907470703125,-201.1168975830078,-29.137807846069336,225.13646806346995,-201.45743913015798,-29.14438765644453,0.3711288735227536,0.3380263309628457,0.08011499093756,3.513668379138517e-05,21.902402346624562,43.18596516898929,nan,0.0033450875751216227,0.08431295169374887
179.69,224.98934936523438,-201.10818481445312,-29.13874053955078,225.13671354059096,-201.44858970157753,-29.14543290465088,0.37099390171179364,0.3380761142618016,0.0801313670196143,3.5841669589556244e-05,21.82335661365532,42.34407304364828,nan,nan,nan
179.70000000000002,224.9896240234375,-201.09947204589844,-29.1396541595459,225.15184777139987,-201.44529281808647,-29.146569647599637,0.38204237311417283,0.3380133283161816,0.0801212523360587,3.511261290851532e-05,21.65842061478833,42.2680506018863,3.3669952889534382,0.0027850765266619107,nan
179.71,224.98989868164062,-201.09075927734375,-29.140548706054688,225.15210752353863,-201.43644748101167,-29.14758269563204,0.38191821055616026,0.338062902519236,0.08013764039720986,3.58170482939382e-05,21.582713049346104,42.08215887409608,nan,nan,nan
179.72,224.9901580810547,-201.08204650878906,-29.141427993774414,225.1523624024,-201.42760579065575,-29.14875241371681,0.38180506318644475,0.33811256093344666,0.08015408856702236,3.511048936088522e-05,21.63387887386377,42.34229104380128,nan,0.021178949244097252,nan
179.73,224.9904327392578,-201.07334899902344,-29.142288208007812,225.1526115769789,-201.418760471653,-29.149733402975293,0.3816627984972998,0.33816230372056805,0.08017059827865271,3.581526316778798e-05,21.557758670498274,42.74165729911327,nan,nan,nan
179.74,224.9906768798828,-201.06463623046875,-29.143131256103516,225.15285812442315,-201.4099392361695,-29.151866148499398,0.3815930033055986,0.3382121310092852,0.08018716842177621,3.510916036493098e-05,22.088249677701654,42.97194344655627,nan,0.957475607868828,nan
179.75,224.99093627929688,-201.05592346191406,-29.143957138061523,225.14286859325847,-201.40379393227127,-29.152756504580346,0.3797034645923081,0.3381492467094853,0.0801771059623434,3.5792282965821116e-05,23.14587882445211,42.113313280516884,8.791235640557348,nan,nan
179.76,224.99118041992188,-201.04721069335938,-29.144765853881836,225.14308312999074,-201.39498052998405,-29.153946441927744,0.37960845062918525,0.33819886461596954,0.08019368769956164,3.508743302185842e-05,23.291810126064796,42.53707515527523,nan,0.042795215659349045,nan
179.77,224.99142456054688,-201.0384979248047,-29.145559310913086,225.14329214075974,-201.38616223844105,-29.15487669182159,0.379501054653271,0.3382485668339584,0.08021033114674969,3.579203019417391e-05,23.223056264598572,42.312511902194814,nan,nan,nan
179.78,224.9916534423828,-201.02980041503906,-29.146337509155273,225.1434880341315,-201.37725818778284,-29.15141018316984,0.37921811548661494,0.33829835349687315,0.08022703532680217,3.5087538504341824e-05,21.436088047126127,41.75212128123717,nan,13.488348313584016,nan
179.79,224.99188232421875,-201.02108764648438,-29.1471004486084,225.14368733987808,-201.36843976872697,-29.152267307863198,0.37911074376799975,0.3383482247591526,0.08024380147458265,3.579249574268746e-05,21.356673061675544,40.596230306682465,nan,nan,nan
179.8,224.9921112060547,-201.0123748779297,-29.147846221923828,225.15489560000796,-201.36685343730005,-29.151366519298744,0.3900848631536873,0.33828524208872757,0.08023378644349799,3.506717585763875e-05,21.22482053406399,39.92876800991352,2.2475311597556544,1.9951684354301358,nan
179.81,224.99232482910156,-201.003662109375,-29.148578643798828,225.155103164758,-201.358052417379,-29.152177296324897,0.39000285545911595,0.3383349036789635,0.08025056370869282,3.5771624374782474e-05,21.141988099046984,40.12210676299106,nan,nan,nan
179.82,224.9925537109375,-200.9949493408203,-29.149295806884766,225.15530770692712,-201.34927038222781,-29.154007173134968,0.38994161174030784,0.33838464965613024,0.08026740199945608,3.506855244960989e-05,21.323153349861023,39.81279384206713,nan,0.7502810245471602,nan
179.83,224.99285888671875,-200.98623657226562,-29.150104522705078,225.15555668335872,-201.34046921442,-29.15485358498159,0.38983828877072385,0.3384344801712623,0.08028430243005624,3.5773376729641465e-05,21.23345338981767,40.271182867898894,nan,nan,nan
179.84,224.9932403564453,-200.97752380371094,-29.151002883911133,225.15588562316756,-201.3316675354676,-29.155773613836512,0.3897358405301077,0.33848439536306335,0.08030126420298381,3.5070524961734146e-05,21.16478301984232,39.9016383337344,nan,0.00021910358274096175,nan
179.85,224.99365234375,-200.96881103515625,-29.15199089050293,225.18367725474135,-201.33317395057009,-29.15672838685356,0.4109650165133452,0.33842131432695116,0.08029129397311102,3.575372604389234e-05,20.723132918397095,39.71032118707777,7.099862749387619,nan,nan
179.86,224.9940643310547,-200.96011352539062,-29.153064727783203,225.18411541269126,-201.32435939737405,-29.15660228329527,0.41086127000144257,0.3384710195572101,0.0803082664253276,3.5051901286095466e-05,20.361149531461184,40.63573557392969,nan,1.0846528778819524,nan
179.87,224.99447631835938,-200.95140075683594,-29.154226303100586,225.1845600880347,-201.3155663174984,-29.15779339564084,0.4108054517843806,0.3385208092636557,0.08032530119075977,3.575661111762884e-05,20.27090031151403,39.61238812978131,nan,nan,nan
179.88,224.99488830566406,-200.94268798828125,-29.155473709106445,225.18500148003304,-201.3067433725243,-29.157305899085824,0.41070999352964344,0.3385706835873208,0.08034239758046345,3.5054931887165524e-05,19.922148277882766,39.189568613095716,nan,2.1952126334881044,nan
179.89000000000001,224.99530029296875,-200.93397521972656,-29.15680694580078,225.1854399709514,-201.29795012415698,-29.158653185798194,0.41065099147646683,0.3386206426756342,0.08035955654698068,3.576002737457883e-05,19.833663660257248,38.940053894480165,nan,nan,nan
179.9,224.99569702148438,-200.92526245117188,-29.158222198486328,225.18314594669118,-201.28909084657036,-29.159860605129886,0.40928093680961253,0.3385574632648163,0.08034962651665888,3.503730854516877e-05,19.93912382298352,39.08929586297587,0.9157273486085791,0.007020786412879223,nan
179.91,224.99607849121094,-200.9165496826172,-29.15972137451172,225.18356606414557,-201.2803007797878,-29.16137419292,0.40922998730107585,0.3386072120997784,0.08036679564601282,3.574191719417114e-05,19.85049014180102,39.237007583113595,nan,nan,nan
179.92000000000002,224.9964599609375,-200.9078369140625,-29.16130256652832,225.18397840906997,-201.27149650547625,-29.162069064782465,0.4091601817586816,0.3386570454913658,0.08038402667342132,3.504126384743911e-05,19.703192670783487,38.894072844086224,nan,0.5732823516669986,nan
179.93,224.99684143066406,-200.8991241455078,-29.1629638671875,225.18438398384666,-201.26270658717033,-29.163739532726947,0.40910268001634037,0.3387069635855503,0.08040132045427528,3.5746267255907156e-05,19.616445250187294,38.639022860898635,nan,nan,nan
179.94,224.99720764160156,-200.89041137695312,-29.164705276489258,225.18478301833616,-201.2539424043201,-29.167161018058348,0.40907867272967086,0.3387569665256377,0.0804186764444391,3.504565325038563e-05,19.68471025006827,38.94225611695103,nan,1.962610696038363,nan
179.95000000000002,224.99757385253906,-200.88169860839844,-29.166526794433594,225.2133421081404,-201.25465175312576,-29.16901737508721,0.43087839500169517,0.338693688737808,0.08040878361457686,3.572903745959772e-05,19.12698298186959,38.78373689323115,7.6899381380703655,nan,nan
179.96,224.9979248046875,-200.8730010986328,-29.168426513671875,225.21377392385446,-201.24587095182693,-29.17123071517838,0.4308487358833085,0.3387434811322089,0.0804261492782306,3.5029278996944735e-05,19.08933193570124,39.94199605846969,nan,0.05679681713931914,nan
179.97,224.99827575683594,-200.86428833007812,-29.1704044342041,225.21419852628804,-201.2370861366973,-29.17324191806665,0.43082351178016637,0.3387933581666194,0.08044357787271836,3.5734196986693335e-05,19.004585347523133,38.68856324510928,nan,nan,nan
179.98,224.9986114501953,-200.85557556152344,-29.172456741333008,225.21461638723164,-201.2283153210143,-29.176313741058777,0.43082239679043444,0.3388433199851244,0.08046106894033123,3.5034422731394395e-05,19.118117484265664,39.1319558891229,nan,0.6804925301761064,nan
179.99,224.9989471435547,-200.84686279296875,-29.17454719543457,225.21502705951292,-201.21953036940818,-29.178470317137258,0.4307981470406369,0.3388933667324856,0.08047862320761033,3.5739737156693716e-05,19.03909981157449,38.81929847809101,nan,nan,nan
180.0,224.999267578125,-200.83815002441406,-29.1766357421875,225.22327939274217,-201.220302478885,-29.180343559346802,0.4429848072500104,0.3388299905617669,0.08046876312349355,3.501875741120308e-05,19.768421271304895,38.817800587458095,5.642834775513141,0.05711102883923396,nan
180.01,224.9995880126953,-200.82943725585938,-29.178701400756836,225.2236873363054,-201.21154969575937,-29.182503748361373,0.4429953514610912,0.33887982646956777,0.08048632650862374,3.572359310657386e-05,19.69647110657389,38.55673807633487,nan,nan,nan
180.02,224.99990844726562,-200.8207244873047,-29.180736541748047,225.22408874182062,-201.20279714423086,-29.18463843412773,0.44300287177571496,0.3389297470986505,0.08050395287630471,3.6442761632799236e-05,19.62621653059806,38.265747950578785,nan,nan,nan
180.03,225.00021362304688,-200.81202697753906,-29.182735443115234,225.2244838047568,-201.19404467702,-29.1867406219216,0.44300189455371863,0.33897975259351526,0.08052164237103668,3.717640749007921e-05,19.554275586701497,39.399502876873406,nan,nan,nan
180.04,225.00051879882812,-200.80331420898438,-29.184696197509766,225.224872694266,-201.1853124672344,-29.19037546969911,0.44304581460251874,0.33902984309865564,0.0805393948820672,3.63912034345961e-05,19.92625202924882,38.692451080231784,nan,1.603692574198804,nan
180.05,225.0008087158203,-200.7946014404297,-29.186620712280273,225.23744773911568,-201.1725298031214,-29.192331043172913,0.4459377563650805,0.33896636854021417,0.08052956423865312,3.7099819042990614e-05,18.57039782095815,39.107685173513374,11.898489386325329,nan,nan
180.06,225.0010986328125,-200.785888671875,-29.188507080078125,225.237848402347,-201.16375421066212,-29.195152797106537,0.4459562583172703,0.3390162479109066,0.08054732533072147,3.631857892397493e-05,18.82481347389062,39.170892607688934,nan,0.4346958052790189,nan
180.07,225.0013885498047,-200.7771759033203,-29.19035530090332,225.23824338581144,-201.1549686190468,-29.1971313259558,0.4459523112523271,0.3390662120836679,0.08056514999994333,3.704874871608114e-05,18.766060784579548,38.9245273081763,nan,nan,nan
180.08,225.0016632080078,-200.7684783935547,-29.192167282104492,225.23863240522266,-201.14618677754757,-29.199369724637155,0.44594831420872083,0.3391162612028516,0.08058303793597399,3.627039840261462e-05,18.872815607148436,40.25160220241558,nan,0.05740761038332393,nan
180.09,225.00193786621094,-200.759765625,-29.193944931030273,225.23901586268596,-201.13740146056355,-29.20128009147542,0.44594686375525644,0.3391663954131751,0.08060098972097066,3.699940134273256e-05,18.815306233496003,39.01613174316355,nan,nan,nan
180.1,225.00221252441406,-200.7510528564453,-29.1956844329834,225.23550825561304,-201.11884448603013,-29.20366475162233,0.4356159621431459,0.3391028224618641,0.0805911841550843,3.620134533305156e-05,18.058228278818163,39.36243143733241,8.24788895248918,0.20831986811126565,nan
180.11,225.00247192382812,-200.74234008789062,-29.197391510009766,225.23587747168926,-201.11002202883734,-29.20551105973559,0.435584763919089,0.3391527452417923,0.08060914392507144,3.692833428079345e-05,18.00313860165225,39.53381069232937,nan,nan,nan
180.12,225.0027313232422,-200.73362731933594,-29.19906234741211,225.2362406252044,-201.1012181620787,-29.20897736664362,0.43560065355504574,0.33920275290338064,0.08062716720479951,3.615651038822882e-05,18.85635007902248,40.24005135032684,nan,1.8062241386683702,nan
180.13,225.0029754638672,-200.7249298095703,-29.200702667236328,225.23659927068275,-201.09239609511692,-29.210774141762474,0.4355605454165339,0.33925284559175917,0.08064525451235208,3.688247484713948e-05,18.805094484505222,41.398766786205066,nan,nan,nan
180.14000000000001,225.0032196044922,-200.71621704101562,-29.202308654785156,225.23695402438224,-201.083549722373,-29.210258800981762,0.4354632965693915,0.33930302345064706,0.08066340563307992,3.611330642751398e-05,17.72511279995223,39.17752385090038,nan,3.443890864869355,nan
180.15,225.0034637451172,-200.70750427246094,-29.203882217407227,225.24722094971744,-201.07392055816544,-29.21201364982907,0.44016427548955683,0.3392393521021764,0.0806536216215415,3.681506242643767e-05,17.06726232060384,39.25637784612429,3.7266573912053027,nan,nan
180.16,225.0037078857422,-200.69879150390625,-29.205425262451172,225.24758377300827,-201.06506858155552,-29.21233022749211,0.44009319983763434,0.3392893182334753,0.08067178014269266,3.60494345048879e-05,16.515226822605968,38.495075726732594,nan,1.237959825568714,nan
180.17000000000002,225.00393676757812,-200.69009399414062,-29.20693588256836,225.24794098195196,-201.05623075936018,-29.213967829826746,0.4400495832970095,0.3393393693264853,0.08069000287065109,3.677262965640976e-05,16.456700171798495,39.788678457946205,nan,nan,nan
180.18,225.00416564941406,-200.68138122558594,-29.208417892456055,225.24829352057534,-201.04739233651404,-29.21550377929572,0.4400145004347759,0.3393895055243333,0.08070828964578927,3.600950325848273e-05,16.428181291919536,38.53785317254317,nan,0.003471893240200636,nan
180.19,225.00437927246094,-200.67266845703125,-29.209869384765625,225.2486414053911,-201.0385545545634,-29.217082389648386,0.4399871059364652,0.3394397269730734,0.08072664090402441,3.673186189537732e-05,16.37186068058345,38.85104651225441,nan,nan,nan
180.20000000000002,225.00460815429688,-200.66395568847656,-29.211292266845703,225.23589614167852,-201.02000346573743,-29.21665697001663,0.4246091530331998,0.33937595722198755,0.08071687414716534,3.594903015106867e-05,15.28491491138042,37.6175889843672,3.6142980231007567,2.674743418229005,nan
180.21,225.00482177734375,-200.65525817871094,-29.212688446044922,225.23621468867975,-201.01114060726854,-29.218160473380962,0.4245290631461845,0.3394259666451574,0.08073523217241776,3.6669707821846034e-05,15.221938927081391,38.86169844956967,nan,nan,nan
180.22,225.00502014160156,-200.64654541015625,-29.214054107666016,225.23652808851773,-201.00228555564223,-29.22049357705593,0.42448609796052195,0.3394760611066546,0.08075365447208278,3.591229290052919e-05,15.4826604475462,38.482298777696826,nan,0.49179265470334,nan
180.23,225.00523376464844,-200.63783264160156,-29.215394973754883,225.23683811192714,-200.993422714444,-29.221951716779135,0.42441473167359167,0.33952624075323296,0.08077214143518921,3.663225558568093e-05,15.425608225738054,37.73328273921388,nan,nan,nan
180.24,225.00543212890625,-200.62911987304688,-29.216707229614258,225.23714570514267,-200.98454475337144,-29.221656852354613,0.42431418280711636,0.3395765057269299,0.08079069297220305,3.587710481281936e-05,14.858674962174044,37.54593098915429,nan,2.0022460115999468,nan
180.25,225.00563049316406,-200.6204071044922,-29.217994689941406,225.2607332607002,-200.98837891198966,-29.222982939390533,0.4477784672693781,0.33951263757137684,0.08078093974023628,3.6573521197465825e-05,15.033092804323395,37.29555360052323,6.00903121802898,nan,nan
180.26,225.00582885742188,-200.61170959472656,-29.219255447387695,225.26106826244,-200.97954745859766,-29.225144419570086,0.44775721989112577,0.33956269022021945,0.08079949741421279,3.5821490226393376e-05,15.244134356748885,38.36222993717999,nan,0.42888294450896924,nan
180.27,225.00601196289062,-200.60299682617188,-29.220491409301758,225.26140017954444,-200.97070942832198,-29.226491269763546,0.44774065854150275,0.3396128279875526,0.08081811993137658,3.653928346817842e-05,15.185980367808037,37.66097428059237,nan,nan,nan
180.28,225.00619506835938,-200.5942840576172,-29.221702575683594,225.2617289952755,-200.9618657954547,-29.227107104357447,0.44770875658960757,0.33966305101467004,0.08083680724186265,3.578936479533079e-05,14.94227141573915,37.26449781536574,nan,0.33738990391131135,nan
180.29,225.00637817382812,-200.5855712890625,-29.222888946533203,225.26205333071454,-200.9530277086812,-29.22839985401285,0.44768781116881845,0.33971335944949205,0.08085555967541058,3.65066007218844e-05,14.883942563727542,37.089347573805874,nan,nan,nan
180.3,225.00656127929688,-200.5768585205078,-29.22405242919922,225.25978739514431,-200.94826562157124,-29.22887594591794,0.44954417667349944,0.3396493928836068,0.08084581572310064,3.573688675740778e-05,15.259809442530226,36.48254225788971,2.9092834433316,0.47474021018461987,nan
180.31,225.00672912597656,-200.5681610107422,-29.22519302368164,225.26009839981478,-200.93944729732388,-29.23011593542449,0.4495261178051354,0.33969948869363736,0.08086457362323636,3.645272059872791e-05,15.197839946785303,37.76198057741458,nan,nan,nan
180.32,225.0069122314453,-200.5594482421875,-29.22631072998047,225.2604043263408,-200.93063787861777,-29.232581300099,0.44953232188280706,0.339749669695324,0.08088339653004051,3.5707714271899984e-05,15.561492595568403,36.51225890426976,nan,1.0547008030197393,nan
180.33,225.007080078125,-200.5507354736328,-29.227405548095703,225.26070837221013,-200.92181956576155,-29.233790232845042,0.44952361360766563,0.3397999360373312,0.08090228474001107,3.642309240602607e-05,15.506577905917629,36.83772688907895,nan,nan,nan
180.34,225.00723266601562,-200.54202270507812,-29.228479385375977,225.26100949378062,-200.91299921376498,-29.234685930548107,0.4495161504450346,0.33985028785978505,0.08092123825302651,3.5679968214771604e-05,15.393804623788212,37.09004952392529,nan,0.05793452117562684,nan
180.35,225.0074005126953,-200.53330993652344,-29.22953224182129,225.26599210344568,-200.90331785391967,-29.23586578365032,0.45145939296331766,0.3397862228852391,0.08091149969271895,3.6372323475433204e-05,15.039324162307409,36.53474803740336,0.981405988759025,nan,nan
180.36,225.00755310058594,-200.5246124267578,-29.230562210083008,225.2662953614414,-200.89449006975917,-29.236972130085405,0.45144004631763807,0.3398363617817182,0.0809304579990106,3.5631917066214354e-05,15.015752976624816,37.94646263760265,nan,0.000980427568690012,nan
180.37,225.00772094726562,-200.51589965820312,-29.2315731048584,225.26659558796766,-200.8856624814783,-29.238096337345265,0.45142350142312804,0.33988658595032684,0.08094948178735871,3.634562382136987e-05,14.962594756044801,36.22722468561404,nan,nan,nan
180.38,225.0078582763672,-200.50718688964844,-29.232563018798828,225.26689413015717,-200.87682867528264,-29.238170131548838,0.45140454467022884,0.33993689553048345,0.08096857108523874,3.5606955470168734e-05,14.602915955098059,36.78122540196735,nan,0.7249873795287394,nan
180.39000000000001,225.0080108642578,-200.49847412109375,-29.23353385925293,225.26718819985064,-200.86800111884503,-29.2392462455387,0.4513930933334572,0.3399872906719697,0.08098772614786451,3.632033571338198e-05,14.547769856150163,36.088823811782405,nan,nan,nan
180.4,225.00816345214844,-200.48976135253906,-29.234485626220703,225.24146579423018,-200.84717292316003,-29.240066906646632,0.42685379736599116,0.33992312728299684,0.08097798876494018,3.556172370387609e-05,14.485311734253886,35.81924181523924,7.860377471666002,0.1319875583766825,nan
180.41,225.00830078125,-200.48104858398438,-29.235416412353516,225.24171109031994,-200.83832642824936,-29.241106155025438,0.4268023003153003,0.33997330919672475,0.08099714791405217,3.627393040951031e-05,14.431216777733532,36.176215553075835,nan,nan,nan
180.42000000000002,225.00843811035156,-200.4723358154297,-29.236330032348633,225.24195314600138,-200.82948096845337,-29.2423339917988,0.4267528321311084,0.34002357645233666,0.08101637277371887,3.5539418625199135e-05,14.482932316820566,36.08672404383904,nan,0.029157578621543764,nan
180.43,225.00857543945312,-200.463623046875,-29.237226486206055,225.2421926970655,-200.82063427154958,-29.243340198087097,0.4266982716990191,0.340073929200261,0.08103566357652922,3.625138207470034e-05,14.430054094448659,35.90813637952681,nan,nan,nan
180.44,225.0087127685547,-200.45492553710938,-29.23810386657715,225.24243041987884,-200.81178439394503,-29.243739961144527,0.426619209371196,0.3401243675788918,0.08105502038385431,3.5518392514623575e-05,14.222510480019144,36.62442821292693,nan,0.23822902803185794,nan
180.45000000000002,225.00885009765625,-200.4462127685547,-29.238964080810547,225.23444176030497,-200.81052293872565,-29.244685734881827,0.4285396547251214,0.34006010578126217,0.08104528017316796,3.620773838305299e-05,15.438725543310216,35.062535629393324,11.962710970732747,nan,nan
180.46,225.00897216796875,-200.4375,-29.23980712890625,225.23465285462578,-200.80172447197248,-29.24740682569217,0.428542872656699,0.34011033062922724,0.08106464035253653,3.547709404833563e-05,16.093135202375095,36.08112965439213,nan,2.1532316517802568,nan
180.47,225.0091094970703,-200.4287872314453,-29.240633010864258,225.23486406891166,-200.79291737631294,-29.248358974735567,0.4285038851939772,0.34016064089966924,0.08108406665171686,3.6187790679239236e-05,16.046481572300458,35.490793040827405,nan,nan,nan
180.48,225.0092315673828,-200.42007446289062,-29.24144172668457,225.23507349796816,-200.78410806922173,-29.248836246798703,0.4284620439159868,0.340211036730414,0.08110355915039266,3.545853606392997e-05,15.87055229686911,35.6999966805521,nan,0.14503656775201035,nan
180.49,225.0093536376953,-200.41136169433594,-29.24223518371582,225.23527963857043,-200.77530077455094,-29.249753010241832,0.4284282083323219,0.3402615182727966,0.08112311805372989,3.61690927676393e-05,15.823010616827734,35.53415044420721,nan,nan,nan
180.5,225.0094757080078,-200.40264892578125,-29.243013381958008,225.22004416146743,-200.75891348360042,-29.252936248295445,0.41395890137405655,0.3401971580616968,0.08111337081478245,3.5419712785894484e-05,16.95652036099716,36.57288365460206,2.263206076739152,3.5335272482002584,nan
180.51,225.00958251953125,-200.39393615722656,-29.2437744140625,225.22022014480953,-200.75009299455567,-29.2538458644199,0.41390498435202355,0.34024742576991496,0.08113293234766288,3.612927915636493e-05,16.916076482790434,36.93558072900293,nan,nan,nan
180.52,225.00970458984375,-200.38522338867188,-29.244522094726562,225.22039524261686,-200.741268983493,-29.253908874209273,0.41382016430636304,0.3402977789672832,0.08115256027006815,3.54034869206158e-05,16.530418893935366,35.97780133404109,nan,0.4776422227152512,nan
180.53,225.0098114013672,-200.3765106201172,-29.245254516601562,225.2205668231641,-200.73244813890216,-29.25478161051344,0.41376337514816025,0.34034821780561564,0.08117225477260204,3.611298022031894e-05,16.487728913063698,36.302072875238736,nan,nan,nan
180.54,225.00991821289062,-200.3677978515625,-29.2459716796875,225.22073609704844,-200.72362723352052,-29.255661844302708,0.41370596881804117,0.3403987424219682,0.081192015956795,3.538838079434332e-05,16.560866757339333,36.309478089471654,nan,0.00030801780801775557,nan
180.55,225.00999450683594,-200.3590850830078,-29.246780395507812,225.22642975673256,-200.72703513732668,-29.256557922413233,0.42699772821814436,0.3403342838075467,0.08118225760015427,3.607556318283478e-05,17.58199421263578,35.724466966266796,9.267874034634993,nan,nan
180.56,225.01004028320312,-200.35037231445312,-29.247676849365234,225.22655371160732,-200.71825691890936,-29.257771402906805,0.426988345141252,0.3403845942852674,0.08120202066034293,3.535297257470849e-05,17.747430681028096,36.22796810534477,nan,0.03462144300418602,nan
180.57,225.0100860595703,-200.34165954589844,-29.24866485595703,225.22666269004102,-200.70947795769817,-29.25885378202255,0.42696561353262746,0.34043499033245994,0.0812218504739751,3.606152025741536e-05,17.678029013716976,35.777471226509505,nan,nan,nan
180.58,225.01011657714844,-200.33294677734375,-29.249738693237305,225.22676557018815,-200.7006953588722,-29.25888782547955,0.42691862459032054,0.34048547208579616,0.08124174715394004,3.53400038313284e-05,17.101882548386516,35.51987051319139,nan,0.8959646663035703,nan
180.59,225.01014709472656,-200.32423400878906,-29.250900268554688,225.22686220145098,-200.69191631148192,-29.26013639600222,0.4268969656091803,0.34053603969771506,0.08126171087381184,3.604855894151489e-05,17.034237266872353,35.323045609780124,nan,nan,nan
180.6,225.0101776123047,-200.31552124023438,-29.252147674560547,225.20974399776617,-200.69148992847104,-29.26174741392236,0.4257597347523316,0.34047148267712685,0.08125193720271792,3.530672132481107e-05,19.090932894988157,35.23869512114642,23.40182079667547,0.016577032376452753,nan
180.61,225.0102081298828,-200.3068084716797,-29.253480911254883,225.20980211981808,-200.6827621482949,-29.26317357579333,0.42576152424171526,0.3405218358453469,0.08127190202121604,3.601442955398798e-05,19.024760337056957,35.113718835009365,nan,nan,nan
180.62,225.01023864746094,-200.298095703125,-29.25489616394043,225.20985871545543,-200.6740354029882,-29.265027664262696,0.425771625144448,0.340572274647094,0.0812919338861987,3.529575375322579e-05,19.259995971939244,35.35231477733361,nan,0.08149482605852261,nan
180.63,225.01026916503906,-200.2893829345703,-29.25639533996582,225.2099150257255,-200.6653078435016,-29.26662678451472,0.4257730490552353,0.34062279923509514,0.08131203296262356,3.600352200148496e-05,19.195302167754015,35.23208987245611,nan,nan,nan
180.64000000000001,225.0102996826172,-200.28067016601562,-29.257976531982422,225.20996944289686,-200.6565819186227,-29.26893304198874,0.42579068100391565,0.3406734097455451,0.08133219937632957,3.5285744988067044e-05,19.626072984504912,35.62868190028017,nan,0.2701083932693284,nan
180.65,225.01031494140625,-200.27195739746094,-29.2596378326416,225.21583675526958,-200.65532410641134,-29.270656476633594,0.43512143135055875,0.3406087543334498,0.08132240624420026,3.59714283031705e-05,20.125876556072765,35.936924626944716,2.651998074251128,nan,nan
180.66,225.01034545898438,-200.26324462890625,-29.26137924194336,225.21589694904844,-200.64662197584752,-29.27360422790455,0.4351770392576326,0.3406591500943305,0.08134257296581397,3.525536330296066e-05,20.926728392015153,36.30522759358492,nan,0.8351582713356249,nan
180.67000000000002,225.0103759765625,-200.25454711914062,-29.263200759887695,225.21595844329525,-200.63791761366542,-29.275547673823876,0.4351890772800454,0.3407096315683252,0.08136280706791482,3.5962434766327505e-05,20.86218813234005,37.00393335554641,nan,nan,nan
180.68,225.01039123535156,-200.24583435058594,-29.265100479125977,225.21602060332245,-200.62921202922118,-29.276873287214602,0.43520165493497864,0.3407601988914344,0.08138310868266073,3.524716492669464e-05,20.492071099555982,36.196426927835056,nan,0.3385969148983667,nan
180.69,225.0104217529297,-200.23712158203125,-29.26707649230957,225.2160811685494,-200.62050770250465,-29.278968200902895,0.4352265218687397,0.34081085221671714,0.0814034779655222,3.595435727580325e-05,20.430754741188696,35.73068489177927,nan,nan,nan
180.70000000000002,225.0104522705078,-200.22840881347656,-29.26913070678711,225.20778671763378,-200.60539628317972,-29.28177180180063,0.42569969887097364,0.3357455799521336,0.08137758428474985,3.521845729480236e-05,26.872828021916593,43.35116517763588,10.397824929017002,0.4111564125941405,0.05333182596459082
180.71,225.01046752929688,-200.21969604492188,-29.271221160888672,225.2078559477717,-200.5966686851416,-29.284007244546185,0.4257159183745798,0.33579147246542723,0.0813974896644294,3.592490946498773e-05,26.79584078400366,43.689917049703965,nan,nan,nan
180.72,225.010498046875,-200.2109832763672,-29.27330780029297,225.20795350423745,-200.58793780371812,-29.284996712894365,0.425699429187288,0.3358374479481062,0.0814174561364976,3.521194226854633e-05,26.03641828533402,42.52129474066689,nan,1.1147348991071178,nan
180.73,225.01051330566406,-200.2022705078125,-29.275373458862305,225.20802175627034,-200.5792104065701,-29.287226702519582,0.4257156030984535,0.33588350803344574,0.08143748386686936,3.5918555950888527e-05,25.978012971121874,42.85689104050884,nan,nan,nan
180.74,225.01052856445312,-200.1935577392578,-29.277408599853516,225.20811240946242,-200.57048055507306,-29.288412086652624,0.4257126514592789,0.33592965139771364,0.08145757298012665,3.5206230895087326e-05,25.416033223946854,42.25512706239696,nan,0.7244586655895348,nan
180.75,225.01055908203125,-200.18484497070312,-29.279407501220703,225.22355073837036,-200.568450592061,-29.290646200122886,0.438913461584915,0.3358693894966719,0.08144770319840934,3.589092116282064e-05,25.359136879144184,41.892794085757636,2.491784171417458,nan,nan
180.76,225.0105743408203,-200.17613220214844,-29.281370162963867,225.22368863674834,-200.55972812921488,-29.290771005869594,0.4389213075691297,0.3359153420755885,0.08146778652139501,3.5180051696046626e-05,24.263244242176494,41.200769717632575,nan,2.802653040627399,nan
180.77,225.01060485839844,-200.16741943359375,-29.283292770385742,225.223781843635,-200.5510104900723,-29.2928419967229,0.4389506958287135,0.3359613791616727,0.08148793133093918,3.588615640457403e-05,24.204832456559288,40.727291760178915,nan,nan,nan
180.78,225.0106201171875,-200.15870666503906,-29.285179138183594,225.22388617468255,-200.54229186470434,-29.294350255893324,0.43898078099362925,0.3360074995170425,0.08150813775718471,3.517584065947794e-05,23.96680733436454,40.89260232569984,nan,0.19333164629485688,nan
180.79,225.01063537597656,-200.15000915527344,-29.28702735900879,225.22397866253385,-200.53357456368383,-29.296342741156487,0.4390040509979987,0.3360537046480911,0.08152840595779894,3.588215127204473e-05,23.90397785257643,41.69710433074514,nan,nan,nan
180.8,225.01065063476562,-200.14129638671875,-29.28883934020996,225.22875047390755,-200.52390545929475,-29.297081794890424,0.44048289445830147,0.33599338878755197,0.08151851353928795,3.515113295901522e-05,22.89629428124702,40.28590759418436,2.6165204636702892,0.7908330616193583,nan
180.81,225.01068115234375,-200.13258361816406,-29.290616989135742,225.22885438039646,-200.51517876206412,-29.298989401070727,0.4405095899710426,0.3360394028748944,0.08153877544786342,3.585678738678524e-05,22.832142526277558,39.73935362875676,nan,nan,nan
180.82,225.0106964111328,-200.12387084960938,-29.292356491088867,225.2289606063838,-200.50645171031337,-29.300737266221198,0.44054240578789633,0.336085500220573,0.08155909920285735,3.514830132268301e-05,22.788416249337963,40.20495952713947,nan,0.01094346508026306,nan
180.83,225.01071166992188,-200.1151580810547,-29.294063568115234,225.22906400535936,-200.49772480239184,-29.302574893200536,0.44057630589986757,0.3361316822460191,0.0815794849577747,3.5854192130681955e-05,22.723769524547876,40.10324340801613,nan,nan,nan
180.84,225.01072692871094,-200.1064453125,-29.295734405517578,225.22917383652842,-200.4889974406687,-29.304061840436603,0.4406070000280848,0.33617794783903615,0.08159993284894365,3.514612927540568e-05,22.58987741222632,39.9997590279326,nan,0.07050300595757436,nan
180.85,225.0107421875,-200.0977325439453,-29.297372817993164,225.20546066687743,-200.4605405417558,-29.305844384535945,0.4118454770007733,0.3361175789407254,0.0815900146239756,3.5830207397347276e-05,21.34368658396427,39.99650632581787,15.532724988828958,nan,nan
180.86,225.01077270507812,-200.0890350341797,-29.298978805541992,225.2055458145455,-200.45176059822518,-29.307035857442052,0.4117903775818837,0.33616365327134745,0.08161045570340067,3.5123383460708996e-05,21.10123272989682,40.21424848660637,nan,0.20824965448324848,nan
180.87,225.0107879638672,-200.080322265625,-29.300552368164062,225.20561934027714,-200.44298159553537,-29.308735643479466,0.41176209247540446,0.33620981218564805,0.08163095900524212,3.582890218443319e-05,21.035885328780626,39.644823240226316,nan,nan,nan
180.88,225.01080322265625,-200.0716094970703,-29.302095413208008,225.20571329369858,-200.434201403514,-29.309375240087263,0.4117229921823563,0.3362560546546307,0.08165152466882211,3.5122427770113426e-05,20.589922467366126,39.18380563169501,nan,0.7432477908031916,nan
180.89000000000001,225.0108184814453,-200.06289672851562,-29.303607940673828,225.20578625140843,-200.42542230267063,-29.311004165033363,0.4116939729648457,0.3363023819764499,0.08167215284320217,3.582821380379529e-05,20.522384622699438,39.12388443111011,nan,nan,nan
180.9,225.01083374023438,-200.05418395996094,-29.30508804321289,225.19502965014846,-200.41206421681693,-29.312283948668345,0.40256451971294116,0.3362419584125966,0.08166220558916622,3.510086799083548e-05,20.499882654606676,38.97404548531882,1.8268253774792453,0.02611533359391732,nan
180.91,225.01084899902344,-200.04547119140625,-29.306541442871094,225.19508325188897,-200.4032789086293,-29.313849874445122,0.40251960896999445,0.3362880942059636,0.08168282641067769,3.580605584820785e-05,20.431625717351498,38.85441129625861,nan,nan,nan
180.92000000000002,225.0108642578125,-200.03677368164062,-29.307964324951172,225.19517530753325,-200.39449180429298,-29.313391097368125,0.4024453604925228,0.3363343135392154,0.08170350981549279,3.5101019949635864e-05,19.692333898834804,39.05064874517551,nan,2.797717883443677,nan
180.93,225.01087951660156,-200.02806091308594,-29.309358596801758,225.195228140484,-200.38570663929727,-29.314881129602146,0.402399526556769,0.33638061762974486,0.08172425595065556,3.58064975218841e-05,19.621007807329505,38.037688745380905,nan,nan,nan
180.94,225.01089477539062,-200.01934814453125,-29.310726165771484,225.19526672468282,-200.3769220903046,-29.317066092934724,0.4023584683564586,0.33642700556830424,0.08174506495849193,3.510170190914326e-05,19.83062543365125,38.21904829730598,nan,0.3659181429713778,nan
180.95000000000002,225.0109100341797,-200.01063537597656,-29.31206512451172,225.19469741093303,-200.37430263698525,-29.318409068650194,0.4075192292526421,0.33636652802683764,0.08173508543086125,3.5785438945879e-05,20.666437635426824,37.99213158787086,5.7495026250018695,nan,nan
180.96,225.01092529296875,-200.00192260742188,-29.313377380371094,225.19469051769306,-200.36554451256728,-29.32245800942569,0.40752055843058976,0.33641272420829677,0.08175588652619752,3.508170283447201e-05,21.80968536376296,39.13238485946241,nan,4.873226497256676,nan
180.97,225.0109405517578,-199.9932098388672,-29.314664840698242,225.19473256878825,-200.35678471518844,-29.323874388348813,0.40749357293589283,0.3364590050518231,0.08177675056822575,3.578690444136829e-05,21.747039834495414,39.045516722107635,nan,nan,nan
180.98,225.0109405517578,-199.9844970703125,-29.31592559814453,225.19480057676284,-200.3480240951096,-29.323834012648593,0.4074542300340564,0.33650536972588085,0.08179767770049316,3.5083348686161687e-05,21.076793962326832,38.821558710737,nan,1.4410043019456502,nan
180.99,225.01095581054688,-199.97579956054688,-29.317161560058594,225.19484192802133,-200.33926400835423,-29.32518716014663,0.40741246823889926,0.3365518193324916,0.08181866806822867,3.578886021479665e-05,21.010079897115233,39.23153868812851,nan,nan,nan
181.0,225.01097106933594,-199.9670867919922,-29.31837272644043,225.19780888189533,-200.33078204553752,-29.325782574633404,0.4089468321232267,0.33649128635899117,0.0818086529866794,3.5064284718588206e-05,20.582035803160693,38.030432844486945,0.3102566890187956,0.4274393224543773,nan
181.01,225.010986328125,-199.9583740234375,-29.31955909729004,225.19785587831734,-200.32201955833025,-29.327081453985425,0.4089191725595387,0.3365375439356847,0.08182963486234612,3.576923777551251e-05,20.51709072400066,37.99367962407306,nan,nan,nan
181.02,225.01100158691406,-199.9496612548828,-29.320722579956055,225.19792170195998,-200.31325667791447,-29.327269837905664,0.4088809455636286,0.3365838853230981,0.08185068004203874,3.506679929009178e-05,20.076798534760947,37.52581970383472,nan,0.8320230914313129,nan
181.03,225.01101684570312,-199.94094848632812,-29.321863174438477,225.1979679142524,-200.30449405772333,-29.328512671456718,0.40885241875690825,0.336630311549037,0.08187178867041198,3.5772078339514606e-05,20.009985498096267,37.45413143510209,nan,nan,nan
181.04,225.01101684570312,-199.93223571777344,-29.322980880737305,225.1979926494318,-200.29573151171388,-29.330965712936944,0.40884336968774865,0.3366768218922128,0.08189296089187431,3.506973055384706e-05,20.51085617349207,38.39045341367642,nan,1.0677141726879829,nan
181.05,225.0110321044922,-199.92352294921875,-29.32407569885254,225.19927216326465,-200.2923728377695,-29.33214170706229,0.4141854904496361,0.3366162339566284,0.08188290695015026,3.575331266972768e-05,21.13148038245412,37.818197055803694,2.8326348375432255,nan,nan
181.06,225.01104736328125,-199.91482543945312,-29.325149536132812,225.19932894745952,-200.2836298348367,-29.33244112759331,0.41414949511129595,0.3366625520310924,0.08190407008128593,3.505187893933234e-05,20.74732484612059,38.31660145389315,nan,0.5577831817294611,nan
181.07,225.0110626220703,-199.90611267089844,-29.326200485229492,225.19937042332546,-200.27488676207184,-29.333601161510934,0.4141363644305383,0.33670895485074304,0.08192529687100739,3.575694618428722e-05,20.683359556826662,37.37603944024235,nan,nan,nan
181.08,225.0110626220703,-199.89739990234375,-29.327232360839844,225.19943021602023,-200.26614389978292,-29.3336238704154,0.4141199554387031,0.3367554417646331,0.08194658746378869,3.5055555677738566e-05,20.237402357153606,37.32546501629865,nan,0.8783492985999273,nan
181.09,225.01107788085938,-199.88868713378906,-29.328243255615234,225.19947141391327,-200.2574009096502,-29.334732785567102,0.4141063701578298,0.33680201369597257,0.08196794200418431,3.5760960820729216e-05,20.171432452808418,36.84345512705455,nan,nan,nan
181.1,225.01109313964844,-199.87997436523438,-29.329233169555664,225.20075053378451,-200.2524603750999,-29.3358382114074,0.4180423199556366,0.33674136950400624,0.0819578458692781,3.5038424280651986e-05,20.639951489669983,36.800105512173744,1.68431835667104,0.01019698340759739,nan
181.11,225.01109313964844,-199.8712615966797,-29.330204010009766,225.200789328591,-200.243730930265,-29.336908157309303,0.41804664112013784,0.33678774888777013,0.08197919070233238,3.574329654703676e-05,20.573893148341863,37.13734365162066,nan,nan,nan
181.12,225.0111083984375,-199.862548828125,-29.331153869628906,225.200837887494,-200.23500178631483,-29.3373250993597,0.4180389565081033,0.33683421234022975,0.08200059954475329,3.5042765171899855e-05,20.326103809040408,36.485918803122594,nan,0.2834647907135032,nan
181.13,225.01112365722656,-199.8538360595703,-29.33208656311035,225.20087635412185,-200.2262723480372,-29.338351859845236,0.41803603778766457,0.3368807607183763,0.08202207254142521,3.574798658358141e-05,20.26052759623811,36.41911531201754,nan,nan,nan
181.14000000000001,225.01112365722656,-199.84512329101562,-29.33300018310547,225.20092464240332,-200.21754302876784,-29.33872275920847,0.4180354326115769,0.33692739346978257,0.08204360983633954,3.504742627143309e-05,20.01925312767458,36.60847445424459,nan,0.2867058028118117,nan
181.15,225.01113891601562,-199.83641052246094,-29.333894729614258,225.1821518357707,-200.1927643647545,-29.33975700896162,0.39530728042839414,0.3368666932939586,0.0820334681517714,3.573097397897502e-05,19.05896055062601,36.24280619780102,9.452513615078928,nan,nan
181.16,225.0111541748047,-199.82769775390625,-29.33477210998535,225.1821650692929,-200.183992591209,-29.34083105427914,0.3952561801265201,0.3369131332488778,0.08205499510375752,3.503121240365181e-05,19.068632763842373,36.256504534146835,nan,0.007794907054223261,nan
181.17000000000002,225.0111541748047,-199.81898498535156,-29.33563232421875,225.18217963764678,-200.17522070623085,-29.341784244306172,0.395210632310794,0.3369596580385917,0.08207658641325166,3.5736261862970637e-05,19.002603611986483,36.58756405028298,nan,nan,nan
181.18,225.01116943359375,-199.81027221679688,-29.336475372314453,225.18219454788692,-200.16644874055666,-29.342682689592994,0.39515798939714497,0.33700626717258664,0.08209824222362343,3.503643483857087e-05,18.967406160694143,36.15099357954194,nan,0.0010323164771766315,nan
181.19,225.01116943359375,-199.80157470703125,-29.33730125427246,225.18220882316965,-200.15767664708963,-29.343602999220618,0.39509843898606944,0.3370529614156657,0.08211996268067852,3.574183912538689e-05,18.900230370507042,37.415301703749336,nan,nan,nan
181.20000000000002,225.0111846923828,-199.79286193847656,-29.338111877441406,225.19528636883706,-200.1397015704657,-29.34444946939512,0.39272295917528066,0.33699220440018435,0.08210977206787064,3.643866138095325e-05,16.92749928524873,36.32369275403702,26.32202754133158,nan,nan
181.21,225.01119995117188,-199.78414916992188,-29.338905334472656,225.19534019377133,-200.13088047836348,-29.345337562335537,0.392646918685851,0.3370387055625957,0.0821314815285874,3.717193997162444e-05,16.86294062617951,36.25272453077169,nan,nan,nan
181.22,225.01119995117188,-199.7754364013672,-29.33968162536621,225.19538782528826,-200.12205894495557,-29.346629784410958,0.39258201386373454,0.337085291014782,0.08215325568917228,3.638672816432508e-05,17.000817707578065,36.84428568964544,nan,0.11457153428956413,nan
181.23,225.01121520996094,-199.7667236328125,-29.340444564819336,225.1954411342641,-200.1132376820543,-29.347492435624087,0.39250585981634967,0.33713196150978797,0.0821750946964088,3.71186581837083e-05,16.937595243838956,36.29653218160911,nan,nan,nan
181.24,225.01121520996094,-199.7580108642578,-29.341190338134766,225.1955131669087,-200.10441763467358,-29.346971049256954,0.3924242654909154,0.33717871659891363,0.08219699869229063,3.633640908872829e-05,16.443833633230152,36.26450704977492,nan,1.227067572538652,nan
181.25,225.01123046875,-199.74929809570312,-29.341922760009766,225.2020372123332,-200.10466222738089,-29.347848880891195,0.40339310652094484,0.337117902251075,0.08218675575305281,3.704345481748616e-05,17.159361728938332,35.57521149364612,4.371926810073626,nan,nan
181.26,225.01123046875,-199.74058532714844,-29.342639923095703,225.20210885198665,-200.09586959870543,-29.347537853318347,0.4033428572855721,0.3371644640022654,0.08220864808099937,3.626509095769035e-05,16.79832154815614,35.665592566584,nan,0.8221102810259383,nan
181.27,225.01113891601562,-199.73187255859375,-29.343448638916016,225.20211565282327,-200.08707566124582,-29.34837366111068,0.40331825396201665,0.33721111070439924,0.08223060545206448,3.6993623748223024e-05,16.715922462165064,35.346017836644194,nan,nan,nan
181.28,225.01095581054688,-199.72315979003906,-29.34434700012207,225.20201408071776,-200.0782809349364,-29.350037502815866,0.40329477057705043,0.3372578419689223,0.0822526280072829,3.62180813751607e-05,16.878501767152866,35.31909169091639,nan,0.35744943457217265,nan
181.29,225.0106658935547,-199.71444702148438,-29.345333099365234,225.2018273044751,-200.06948698749233,-29.351062132046508,0.4032727170333665,0.3373046584591967,0.0822747158948615,3.6945484363210266e-05,16.79663736393252,35.6957464751406,nan,nan,nan
181.3,225.01034545898438,-199.70571899414062,-29.346406936645508,225.21487671053947,-200.0680829439355,-29.35084395436598,0.4161254042952608,0.33724378603168675,0.08226441721127405,3.6150267318887435e-05,16.553020002606008,34.07713577814225,2.6802633579409534,1.442626334883145,nan
181.31,225.010009765625,-199.69700622558594,-29.34756851196289,225.21461391248778,-200.05930271770043,-29.35203426954519,0.41610280953473233,0.3372904088926806,0.08228649274228128,3.687569750744672e-05,16.476570125780093,34.833426693128004,nan,nan,nan
181.32,225.00965881347656,-199.68829345703125,-29.34881591796875,225.2143537889852,-200.05052370184643,-29.35215376489162,0.416079228608476,0.33733711628119445,0.08230863364945597,3.6106546731188e-05,16.171718101478003,34.82453727978563,nan,0.8886923498982489,nan
181.33,225.00930786132812,-199.67958068847656,-29.350149154663086,225.21407685423577,-200.04174320745568,-29.353506186069275,0.4160568474013787,0.3373839088061504,0.08233084008202637,3.683098924882418e-05,16.096965071333194,34.7544274160739,nan,nan,nan
181.34,225.00897216796875,-199.67086791992188,-29.351564407348633,225.21378977264396,-200.03296144548906,-29.35596444641367,0.4160304469463055,0.3374307861602246,0.08235311217951193,3.6064433633457774e-05,16.25667533394348,34.60471947734477,nan,0.6916580264449658,nan
181.35,225.00863647460938,-199.6621551513672,-29.353063583374023,225.2036949642729,-200.00833481769288,-29.35756843018078,0.39737698651524545,0.33736985563359434,0.08234275432440992,3.676479964715784e-05,14.939192700300747,34.99566100965202,13.620742947906848,nan,nan
181.36,225.00830078125,-199.6534423828125,-29.354644775390625,225.2033820533971,-199.9995000826349,-29.362970067537567,0.39734361054160294,0.337416539091169,0.0823650133589752,3.600172011061592e-05,16.24138656101818,36.46895844271432,nan,9.548761163544373,nan
181.37,225.0079803466797,-199.6447296142578,-29.356306076049805,225.2031196519917,-199.99067076716108,-29.36470689855954,0.3972722033675835,0.33746330759720333,0.08238733810851914,3.672347045907935e-05,16.167790984492978,36.105624616480036,nan,nan,nan
181.38,225.00765991210938,-199.63601684570312,-29.358047485351562,225.2028742840735,-199.98184292035805,-29.365578520823302,0.39719144178576143,0.3375101608934345,0.08240972871152526,3.596283633660007e-05,15.752957491274344,35.87617941632175,nan,0.5988923702075555,nan
181.39000000000001,225.00735473632812,-199.62730407714844,-29.3598690032959,225.20262440298387,-199.97301352771842,-29.367468350124955,0.39711839166862484,0.33755709951555835,0.08243218531876237,3.6683786528421624e-05,15.680744761773118,35.52813664923353,nan,nan,nan
181.4,225.00704956054688,-199.61859130859375,-29.36176872253418,225.1848085974077,-199.9560635616988,-29.371178695554914,0.38154206110696315,0.3374961099413881,0.08242176484174969,3.590347671355208e-05,16.551623873715982,36.52581191858262,2.8858112846414334,2.0954445933347268,nan
181.41,225.00674438476562,-199.60987854003906,-29.363744735717773,225.18454175758836,-199.94722160141345,-29.373244049614698,0.3814478782279711,0.33754285437134374,0.08244420766336268,3.6622785648609906e-05,16.479854933334934,36.611221490079174,nan,nan,nan
181.42000000000002,225.00645446777344,-199.60116577148438,-29.365798950195312,225.1842696098428,-199.9383782414284,-29.376446993809566,0.3813710207497621,0.33758968354970464,0.08246671652354705,3.586775007083568e-05,17.10833831621748,36.91954834403088,nan,0.7544055159435247,nan
181.43,225.00616455078125,-199.5924530029297,-29.367887496948242,225.18401481495363,-199.92953676019755,-29.37865829292879,0.38127704615680486,0.33763659796816825,0.08248929157408623,3.6586379882995014e-05,17.049505538109003,37.03183988843196,nan,nan,nan
181.44,225.00588989257812,-199.583740234375,-29.369976043701172,225.18377056167958,-199.92069605694687,-29.380417775683952,0.38116897640267716,0.3376835974341893,0.08251193295195462,3.5833557235115134e-05,16.85352312711208,36.50381520862979,nan,0.1486611407807428,nan
181.45000000000002,225.005615234375,-199.5750274658203,-29.372041702270508,225.17380455541343,-199.9047774752798,-29.38251328490355,0.3703138810424616,0.33762254865526536,0.08250144640340579,3.652875885330372e-05,16.506833254679478,36.61675962945836,2.134872922736803,nan,nan
181.46,225.00534057617188,-199.56631469726562,-29.37407684326172,225.17354713636934,-199.89591897920323,-29.3852613493452,0.3702128073708393,0.3376693536523583,0.08252407325586573,3.577900058838597e-05,16.933568804356234,37.1342099119142,nan,0.21346625709778236,nan
181.47,225.00506591796875,-199.55760192871094,-29.376075744628906,225.17330078808655,-199.88706177163888,-29.387420256507756,0.3701019556492903,0.33771624380483034,0.08254676648134884,3.649553515152026e-05,16.89610536538432,37.19978886175609,nan,nan,nan
181.48,225.0048065185547,-199.5489044189453,-29.378036499023438,225.17306945703797,-199.87820658121717,-29.3885575596963,0.3699500280600499,0.3377632189594167,0.08256952621586627,3.574784054638754e-05,16.397824919054635,37.369491651485234,nan,0.6576196840825358,nan
181.49,225.0045623779297,-199.54019165039062,-29.379961013793945,225.17283367642418,-199.8693499440088,-29.39063444340889,0.36983014243622336,0.33781027954913184,0.08259235261263727,3.646385278729403e-05,16.35968255055411,36.004529472532745,nan,nan,nan
181.5,225.00430297851562,-199.53147888183594,-29.381847381591797,225.18880474816385,-199.86848215630954,-29.390464389979428,0.384299834559954,0.33774917071301963,0.08258179651865406,3.569638766288124e-05,15.320371278668311,35.37531725301118,3.031013027761621,2.973699372168221,nan
181.51,225.00405883789062,-199.52276611328125,-29.383695602416992,225.18860558165912,-199.8596393995938,-29.39244488892705,0.38421043931808857,0.3377960365337642,0.08260460763447176,3.641103544709852e-05,15.27689578222042,34.997099078656994,nan,nan,nan
181.52,225.0038299560547,-199.51405334472656,-29.385507583618164,225.18840613006356,-199.85079585193807,-29.39495736959552,0.38412651383348195,0.33784298730858675,0.0826274854376367,3.566815392082296e-05,15.613199945160408,35.00943849171613,nan,0.2190801523956172,nan
181.53,225.0035858154297,-199.50534057617188,-29.387283325195312,225.18821694604196,-199.84195333275352,-29.396872239636597,0.3840426402950878,0.33789002343561686,0.08265043008225866,3.638238023653809e-05,15.571269797544911,35.52461255725015,nan,nan,nan
181.54,225.00335693359375,-199.4966278076172,-29.38902473449707,225.18804302178265,-199.8331129318928,-29.397586135611864,0.3839329207274877,0.3379371448137466,0.08267344170302013,3.564133522371768e-05,15.035785979222114,34.6431294242767,nan,0.9256086057574167,nan
181.55,225.0031280517578,-199.4879150390625,-29.390729904174805,225.17837232052088,-199.82707311409249,-29.399514538652223,0.38185851227286877,0.33787597565207544,0.08266281259929693,3.633264315396855e-05,15.834788237080232,34.5754339442226,5.495335302480435,nan,nan
181.56,225.00291442871094,-199.4792022705078,-29.39240264892578,225.17817455647395,-199.8182498499468,-29.401229108312982,0.38176862088476327,0.3379229019755841,0.0826858081671824,3.5594266307958275e-05,15.835428886623276,34.251141379219916,nan,0.005351282166714205,nan
181.57,225.00270080566406,-199.4705047607422,-29.394041061401367,225.17798053034954,-199.8094263241532,-29.402998572055175,0.3816687634951297,0.3379699135691838,0.08270887075228371,3.630689126212823e-05,15.790982057833302,35.261960539584436,nan,nan,nan
181.58,225.0024871826172,-199.4617919921875,-29.395647048950195,225.17779737612918,-199.8006042623438,-29.403951002427945,0.38157092918753016,0.3380170103625985,0.08273200048848232,3.557020848886558e-05,15.455608007697895,34.07955853775288,nan,0.42124560375740205,nan
181.59,225.0022735595703,-199.4530792236328,-29.397220611572266,225.17761173847097,-199.79178071542978,-29.405649742345464,0.38148817513952243,0.33806419270785504,0.08275519753108612,3.628253992847084e-05,15.41137364806164,34.125825541658365,nan,nan,nan
181.6,225.0020751953125,-199.44436645507812,-29.39876365661621,225.1928708709378,-199.78252717111792,-29.405921481514213,0.38833863336930013,0.33800296244375544,0.0827444919283501,3.5525931742211166e-05,14.073122935318429,33.4164647760807,6.7804325504710965,1.2469808026095648,nan
181.61,225.00186157226562,-199.43565368652344,-29.4002742767334,225.19272701416918,-199.77368774831157,-29.407545159622,0.38826474161325036,0.3380499494299263,0.08276767213095049,3.62371246512268e-05,14.026392113479451,33.92059428044048,nan,nan,nan
181.62,225.00167846679688,-199.42694091796875,-29.401756286621094,225.19257333008832,-199.76484510261014,-29.410844931119733,0.3882044439313446,0.3380970215623059,0.08279091965625225,3.5504508033210516e-05,14.832217805189952,33.88181856326866,nan,1.994763442081798,nan
181.63,225.00148010253906,-199.41822814941406,-29.403207778930664,225.19243670071486,-199.75600597421715,-29.412427370166114,0.38812791986421974,0.338144179165829,0.08281423466026398,3.621548971041686e-05,14.790314988745571,34.376616295504846,nan,nan,nan
181.64000000000001,225.0012969970703,-199.40953063964844,-29.404630661010742,225.19230155262545,-199.74716620108404,-29.414297050609477,0.3880385956018119,0.33819142221076504,0.08283761727581689,3.54843533049962e-05,15.013355660151971,35.19645718463557,nan,0.0683105627185574,nan
181.65,225.0010986328125,-199.40081787109375,-29.406024932861328,225.17389327836284,-199.73597436783535,-29.415858937371812,0.37720627577452176,0.3381301304879677,0.08282683170241187,3.617280867734104e-05,15.65048522775957,34.56189984079612,5.861974045251096,nan,nan
181.66,225.0009307861328,-199.39210510253906,-29.407392501831055,225.17373876237332,-199.72714555650478,-29.416290411753796,0.3770860316252601,0.33817717787991874,0.08285019667519979,3.5443971883163885e-05,15.149805120696058,33.31671894159815,nan,0.7904833879482432,nan
181.67000000000002,225.00074768066406,-199.38339233398438,-29.40873146057129,225.1735799066463,-199.71831431674374,-29.417756357181943,0.3769949092922524,0.338224310662868,0.08287362929557923,3.615375154335393e-05,15.10731920356489,33.77427309897546,nan,nan,nan
181.68,225.00057983398438,-199.3746795654297,-29.410045623779297,225.1734360724018,-199.70948641414043,-29.417558362990945,0.3768704636263044,0.33827152883076467,0.08289712969578802,3.542626359891272e-05,14.386930347065075,32.68850383230912,nan,1.8482091938720009,nan
181.69,225.00039672851562,-199.365966796875,-29.411331176757812,225.1732840564296,-199.70065510618264,-29.418956724021477,0.3767816894589057,0.33831883267310414,0.08292069803272735,3.613593381979187e-05,14.34153551935412,33.161451939713224,nan,nan,nan
181.70000000000002,225.00022888183594,-199.3572540283203,-29.4125919342041,225.17451573658767,-199.70767883009066,-29.42039422580224,0.39145156174068013,0.33768698730458113,0.08220834303021168,3.683645873848957e-05,21.56086114625416,39.659719273762555,1.6604978569307611,nan,0.1105207936566115
181.71,225.0000762939453,-199.3485565185547,-29.413827896118164,225.17437390773998,-199.69888316222574,-29.421744398152182,0.39137077873136317,0.33773271162268015,0.08222879101372398,3.757402251573679e-05,21.485728949293943,40.195160060484376,nan,nan,nan
181.72,224.99990844726562,-199.33984375,-29.4150390625,225.17421182692732,-199.6901012261523,-29.424399854661885,0.3913433175511896,0.3377785191593175,0.08224929993784057,3.6760754251036235e-05,22.11223997227516,40.406949744285214,nan,1.1289647113205452,nan
181.73,224.999755859375,-199.3311309814453,-29.416227340698242,225.1740764984204,-199.68130550796232,-29.425715679284547,0.39127983948541606,0.33782441104701477,0.0822698702813819,3.749651012187457e-05,22.04156928741822,40.001660117008015,nan,nan,nan
181.74,224.99960327148438,-199.32241821289062,-29.417390823364258,225.1739276167171,-199.67251943809345,-29.427970198364594,0.39124387331270755,0.3378703864673974,0.0822905018612829,3.668775823310428e-05,22.603346349339812,40.67537602769685,nan,0.5930724242550283,nan
181.75,224.99945068359375,-199.31370544433594,-29.418529510498047,225.19140117145895,-199.67285727041977,-29.429286197182282,0.40737050737560937,0.3378088520515151,0.082280272971639,3.739798435750278e-05,22.707751234530306,40.74079974473759,3.027823829671348,nan,nan
181.76,224.99929809570312,-199.30499267578125,-29.419647216796875,225.19129457250293,-199.66408302500588,-29.43106987955554,0.4073561135349527,0.3378546364819207,0.0823008958812684,3.659463405865237e-05,23.09171411100581,41.19615013537785,nan,0.17759628749589645,nan
181.77,224.99916076660156,-199.29627990722656,-29.420743942260742,225.19119977840793,-199.65530338495827,-29.432312327589354,0.40732133157649797,0.3379005051605997,0.08232158042703584,3.732616519499197e-05,23.0251577920466,40.780640658982435,nan,nan,nan
181.78,224.99900817871094,-199.28756713867188,-29.421815872192383,225.1910977753073,-199.64652939808747,-29.434138371838518,0.4073133447394376,0.3379464573675881,0.08234232645423803,3.652705477921245e-05,23.50943093352759,41.8306902494998,nan,0.23657909618455197,nan
181.79,224.99887084960938,-199.2788543701172,-29.422868728637695,225.1910085581416,-199.6377494105884,-29.435345272302754,0.4072814914241485,0.33799249408869725,0.08236313440022612,3.72570895045512e-05,23.4442849993272,41.38761039077076,nan,nan,nan
181.8,224.9987335205078,-199.27015686035156,-29.423898696899414,225.22018905206127,-199.6447825484906,-29.437902777980554,0.4354113835859229,0.3379309246147239,0.08235287683773942,3.6439516491057186e-05,24.872925955521875,43.57846278476623,8.50783812316912,1.2260740979347597,nan
181.81,224.9986114501953,-199.26144409179688,-29.424909591674805,225.22015144253052,-199.63603219978302,-29.43908322585077,0.43542750344262393,0.3379767701130843,0.08237367560388138,3.716723621298068e-05,24.811417776743962,42.22681092013346,nan,nan,nan
181.82,224.99847412109375,-199.2527313232422,-29.425899505615234,225.2201605271595,-199.62725559698148,-29.437443028819228,0.4353694375840529,0.33802269913063715,0.08239453609216023,3.637718983444174e-05,22.983819380911825,40.96165783900285,nan,5.120867841653015,nan
181.83,224.99835205078125,-199.2440185546875,-29.426870346069336,225.2201284500251,-199.6185049296901,-29.4385573250101,0.4353864970355765,0.3380687125644697,0.0824154587135886,3.710360923698575e-05,22.917439177095424,40.517644700487836,nan,nan,nan
181.84,224.9982147216797,-199.2353057861328,-29.42782211303711,225.2201224775775,-199.6097400357594,-29.438116509919357,0.4353734420335994,0.33811480982696696,0.08243644335201697,3.6317391275927536e-05,22.068861910631355,40.22571511654281,nan,1.546025664738443,nan
181.85,224.9980926513672,-199.22659301757812,-29.428752899169922,225.1901806362858,-199.58799077570876,-29.439150717952998,0.40940719115250507,0.33805320558021945,0.0824261542533424,3.701933874827586e-05,22.191232918085117,39.6388245671683,8.507132574470175,nan,nan
181.86,224.9979705810547,-199.21788024902344,-29.42966651916504,225.19011324804742,-199.57921688846807,-29.439619674693656,0.4093678502144464,0.3380991114276361,0.08244712919667002,3.623779190606257e-05,21.920476877061684,39.430856044598954,nan,0.21750992113411194,nan
181.87,224.99786376953125,-199.20916748046875,-29.43056297302246,225.19003967753287,-199.57044812201215,-29.440640573564792,0.409337073330707,0.3381451015962691,0.08246816648478421,3.696096430562442e-05,21.851583514442932,38.990717135650755,nan,nan,nan
181.88,224.99774169921875,-199.20045471191406,-29.431440353393555,225.1899637082532,-199.5616820837475,-29.441964230297728,0.40932293718290125,0.3381911755782229,0.08248926602588932,3.6182982528604334e-05,22.081031124310922,39.73728036101735,nan,0.06746707697178807,nan
181.89000000000001,224.99761962890625,-199.19174194335938,-29.43229866027832,225.18989458137696,-199.55291311667094,-29.44295467977154,0.4093016302561034,0.3382373341516544,0.08251042819530584,3.6905111978629304e-05,22.013393072248203,39.75872858234115,nan,nan,nan
181.9,224.9975128173828,-199.1830291748047,-29.433141708374023,225.15441655380394,-199.52513713067003,-29.44346826099383,0.3765146393678273,0.33817569390837504,0.08250010413568974,3.610846177544147e-05,21.540127411993154,39.300434861904435,14.176592182234636,0.2977821766299839,nan
181.91,224.99740600585938,-199.17431640625,-29.43396759033203,225.1542961299469,-199.5163325288248,-29.444423867854884,0.37642910737206864,0.3382216608290787,0.08252125606218741,3.682872675541909e-05,21.473135103984994,39.295223581778636,nan,nan,nan
181.92000000000002,224.99729919433594,-199.1656036376953,-29.434778213500977,225.1542021512595,-199.50751317661042,-29.443594666917868,0.37629562918449105,0.33826771154354557,0.08254247047334334,3.605843948127164e-05,20.577813722503606,38.44807726014533,nan,2.0794868788534724,nan
181.93,224.9971923828125,-199.15689086914062,-29.435571670532227,225.15408604523824,-199.49870839630205,-29.44450148381255,0.37621082486996066,0.3383138467585976,0.08256374772205663,3.677782276078569e-05,20.508216547097298,38.448085399170246,nan,nan,nan
181.94,224.99708557128906,-199.14817810058594,-29.43634796142578,225.15397634648292,-199.48990063840853,-29.445056984874665,0.3761181400654253,0.3383600660728288,0.08258508774942673,3.6010713386724316e-05,20.364276133222912,38.389696354403384,nan,0.0753068828766727,nan
181.95000000000002,224.9969940185547,-199.13946533203125,-29.437110900878906,225.17649840351825,-199.48736033452553,-29.446024095583564,0.391576559591465,0.33829838988727884,0.08257472574263076,3.670644829425382e-05,19.771510443070845,38.08376934072211,7.55535491797559,nan,nan
181.96,224.99688720703125,-199.13075256347656,-29.437856674194336,225.17643569278837,-199.47855277355802,-29.446653034605255,0.39150992430187775,0.33834441734278026,0.08259605497196174,3.594333164286087e-05,19.678063638171334,38.488482928409006,nan,0.036017873584397536,nan
181.97,224.99679565429688,-199.12203979492188,-29.438589096069336,225.1763719581115,-199.4697470100273,-29.44749750741021,0.39144260897443894,0.3383905292102446,0.08261744724533324,3.6660267797311105e-05,19.609412795273748,38.03217520215834,nan,nan,nan
181.98,224.9967041015625,-199.1133270263672,-29.439306259155273,225.17631053221604,-199.460940860099,-29.448296496282772,0.3913753590831069,0.3384367251518569,0.08263890252439263,3.590008551835172e-05,19.61556291845322,38.108900253923665,nan,0.0006752174321315864,nan
181.99,224.99661254882812,-199.1046142578125,-29.44001007080078,225.17625053501948,-199.4521347426644,-29.44911349369753,0.39130955237897014,0.33848300577950424,0.08266042113185881,3.661634830952871e-05,19.54715485686887,38.09157074629368,nan,nan,nan
182.0,224.9964141845703,-199.0959014892578,-29.44080352783203,225.15209425835744,-199.43796714202597,-29.450136568491583,0.3759418862351226,0.3384212925758608,0.08265001774993859,3.5837215028077696e-05,20.471964544333513,38.31262749126755,10.810895703455797,0.0746437727149205,nan
182.01,224.99612426757812,-199.08718872070312,-29.441688537597656,225.1518401056034,-199.42916618315823,-29.451084535851276,0.37587802785256347,0.3384673811018633,0.08267152497433962,3.655197755583205e-05,20.37404086632976,38.057903512596596,nan,nan,nan
182.02,224.99574279785156,-199.07847595214844,-29.44266128540039,225.15148883253653,-199.42036573110877,-29.452194672145545,0.375814227698302,0.3385135536732619,0.08269309542720249,3.579822709515634e-05,20.415512731294747,38.01765270184884,nan,0.0034688605182143233,nan
182.03,224.99526977539062,-199.06976318359375,-29.443721771240234,225.1510432158986,-199.41156479299528,-29.453323248099007,0.3757471135152407,0.33855981084551956,0.08271472941250384,3.651244638529581e-05,20.320064719791453,37.83261946082498,nan,nan,nan
182.04,224.99468994140625,-199.06105041503906,-29.444869995117188,225.1504924844049,-199.402770983732,-29.455519611023142,0.3757137125413782,0.33860615236511443,0.08273642691944813,3.576127544268355e-05,20.884704380809517,38.74059735072054,nan,0.6481378810853873,nan
182.05,224.99403381347656,-199.05233764648438,-29.446104049682617,225.16746046267502,-199.4004394107273,-29.456844812614367,0.38905912778085566,0.3385444020095066,0.08272597907103588,3.6452475031737385e-05,20.58619087178324,38.361901776795065,3.2383327436591016,nan,nan
182.06,224.9933319091797,-199.0436248779297,-29.44742202758789,225.16681935784152,-199.39163257312453,-29.456514246659864,0.38896004834130105,0.3385905512086896,0.08274766460113815,3.5704681684735395e-05,19.65734611890143,37.6918698970002,nan,2.0327921692869295,nan
182.07,224.9926300048828,-199.034912109375,-29.44882583618164,225.16613519448586,-199.3828376752443,-29.457983634659108,0.38889602142168883,0.33863678492535626,0.08276941386490237,3.641709527901797e-05,19.567283022552328,37.289262809046846,nan,nan,nan
182.08,224.99192810058594,-199.0261993408203,-29.4503116607666,225.16545020211652,-199.37404018524603,-29.45916657929355,0.38882075864401133,0.338683102955835,0.082791226868544,3.5671661713384266e-05,19.385416743653472,37.16524281437778,nan,0.093433986217631,nan
182.09,224.99122619628906,-199.01748657226562,-29.451879501342773,225.16476591122944,-199.3652453670296,-29.46080021808679,0.38875672493797075,0.3387295057811163,0.0828131038910023,3.6383697040612527e-05,19.297534228322398,37.2652817731675,nan,nan,nan
182.1,224.99053955078125,-199.00877380371094,-29.453527450561523,225.1346324457454,-199.34079077885693,-29.461723545962844,0.3620292945937843,0.3386677173112569,0.0828026081443744,3.561899021792131e-05,18.7425550636149,36.9587989099796,9.521742957439503,0.6187662851671966,nan
182.11,224.9898681640625,-199.00006103515625,-29.455257415771484,225.13392205196945,-199.33196747371414,-29.46351538227798,0.36191380270461554,0.33871392756761154,0.08282447256881525,3.6329813697158105e-05,18.65780529176541,36.75866241211575,nan,nan,nan
182.12,224.98919677734375,-198.99134826660156,-29.45706558227539,225.13320031359694,-199.32315956726765,-29.467758850988453,0.3618702857363628,0.33876022210098733,0.08284640094719059,3.558967448717843e-05,19.917336059130708,38.33483379046712,nan,3.836057202601205,nan
182.13,224.98855590820312,-198.98263549804688,-29.458953857421875,225.13251488604286,-199.3143368240174,-29.46973483720619,0.3617543178406806,0.338806601348568,0.0828683935430806,3.630022264026216e-05,19.831490192924832,37.76663768493584,nan,nan,nan
182.14000000000001,224.9879150390625,-198.9739227294922,-29.460918426513672,225.13184504082886,-199.30551228053267,-29.471493407813092,0.36163421574455007,0.33885306517217556,0.0828904503853308,3.556212517127548e-05,19.698932157879085,37.97603856471069,nan,0.060079662356057294,nan
182.15,224.98728942871094,-198.9652099609375,-29.46295928955078,225.1347924846918,-199.29502439309513,-29.47362412898245,0.36145324729936323,0.3387912383030445,0.08287990356102092,3.6250122581239525e-05,19.231233830800562,37.89377763850568,1.352589606904006,nan,nan
182.16,224.98667907714844,-198.9564971923828,-29.465038299560547,225.13416157180362,-199.28618753751954,-29.475118018000174,0.3613148358840395,0.3388375093270561,0.08290194717407563,3.5514856526546763e-05,18.87997615534019,37.44313570295949,nan,0.3308447535114499,nan
182.17000000000002,224.986083984375,-198.94778442382812,-29.467117309570312,225.1335363573787,-199.27735508912656,-29.477318951609323,0.3611967597168654,0.33888386498604567,0.08292405520048343,3.6224102317488857e-05,18.818276835231927,37.255456972487494,nan,nan,nan
182.18,224.98548889160156,-198.93907165527344,-29.469173431396484,225.13292973438007,-199.26851872706158,-29.478770784027546,0.36106271533701767,0.3389303051801413,0.08294622768288228,3.5490684038104846e-05,18.466231428354558,37.17662414157477,nan,0.3741909805759967,nan
182.19,224.9849090576172,-198.93035888671875,-29.4711971282959,225.13232832016303,-199.25968703541204,-29.480928468867827,0.36094898182518426,0.3389768302892607,0.08296846486451126,3.6199781949808035e-05,18.41317365734114,37.0314454782873,nan,nan,nan
182.20000000000002,224.98434448242188,-198.92164611816406,-29.473188400268555,225.11106178279053,-199.24449300448106,-29.482895450368176,0.34696053527589404,0.338914964143367,0.08295786352701714,3.5446756092913274e-05,18.841593882443885,36.9146414704305,5.164171434697414,0.028803160447238803,nan
182.21,224.98379516601562,-198.91293334960938,-29.475139617919922,225.11044445239503,-199.23565903135326,-29.48498467265435,0.3468268047602358,0.3389612961985061,0.08298008682320714,3.615486539972398e-05,18.79154697739826,36.761469342175474,nan,nan,nan
182.22,224.98326110839844,-198.9042205810547,-29.477054595947266,225.1098259113922,-199.22683353587274,-29.488520521609168,0.34674087648353324,0.33900771274497987,0.08300237478093121,3.542573788912696e-05,19.749749955208713,37.58747627454238,nan,1.5149592761798345,nan
182.23,224.98272705078125,-198.8955078125,-29.478933334350586,225.10923083466147,-199.21800014446998,-29.49055158506895,0.3466114471064202,0.3390542141294189,0.08302472763111564,3.613377901413008e-05,19.701998375367623,37.76158468098329,nan,nan,nan
182.24,224.98220825195312,-198.8867950439453,-29.48077392578125,225.1086444343666,-199.2091681057468,-29.492808972354897,0.34649003094547454,0.3391008003017563,0.08304714543457724,3.540621996930047e-05,19.985405102276275,37.94767208261398,nan,0.04759327275080655,nan
182.25,224.981689453125,-198.87808227539062,-29.482576370239258,225.11917936405723,-199.20300999723074,-29.49488434668338,0.3530339733120697,0.3390388944744306,0.08303648633247522,3.609205058607202e-05,19.741355498011046,38.246656502425274,2.3583566844306674,nan,nan
182.26,224.98118591308594,-198.869384765625,-29.484344482421875,225.11864213295826,-199.19417210830187,-29.496230522984124,0.35287718586632644,0.33908528735103405,0.08305888958321163,3.5366847370330716e-05,19.4653978799335,38.771077547541054,nan,0.23445202030954654,nan
182.27,224.98069763183594,-198.8606719970703,-29.4860782623291,225.11811052959598,-199.18533726093077,-29.498118835111992,0.35275319051899423,0.33913176498952713,0.08308135791672475,3.607397161134375e-05,19.418634885729126,37.604162979138685,nan,nan,nan
182.28,224.980224609375,-198.85195922851562,-29.487775802612305,225.117592730288,-199.17650013500003,-29.499455090672686,0.35260914111021774,0.33917832736860104,0.08310389140475677,3.535016917348403e-05,19.18816997598618,37.22749921634016,nan,0.1858020366884722,nan
182.29,224.97975158691406,-198.84324645996094,-29.48944091796875,225.11708078716634,-199.16766565630448,-29.50127106780733,0.35248698790639593,0.33922497479186375,0.08312649026208947,3.6057320899286036e-05,19.140287658002187,37.38883457609846,nan,nan,nan
182.3,224.9792938232422,-198.83453369140625,-29.491071701049805,225.1307041050939,-199.16097726301297,-29.502603240274226,0.3600325753187518,0.33916302846684165,0.08311576995676592,3.531358450178199e-05,18.458887962026402,37.095845282070215,4.130139307368122,0.08905888041506052,nan
182.31,224.9788360595703,-198.82582092285156,-29.4926700592041,225.13024018487857,-199.15213665861415,-29.504349029246686,0.35991883377769573,0.33920948233390935,0.08313835357116535,3.601991596935951e-05,18.409899802557305,37.25494192864417,nan,nan,nan
182.32,224.9783935546875,-198.81712341308594,-29.49423599243164,225.1298027888924,-199.1432846372132,-29.503520869575897,0.35971114699199763,0.3392560208917636,0.08316100253733369,3.529953606851559e-05,16.994136636406306,36.603660409090814,nan,4.4863433721682355,nan
182.33,224.9779510498047,-198.80841064453125,-29.495771408081055,225.1293569866052,-199.13444449870656,-29.505179453568573,0.35959747369348677,0.3393026444193518,0.08318371706042398,3.6005955266058454e-05,16.940518263372937,35.79030284808359,nan,nan,nan
182.34,224.97752380371094,-198.79969787597656,-29.497276306152344,225.12894063321946,-199.1255903038406,-29.503635308320657,0.3594069666911079,0.339349352932294,0.08320649722642336,3.5286735551799625e-05,15.559241579349475,34.22691516329787,nan,6.990333828641809,nan
182.35,224.97711181640625,-198.79098510742188,-29.49875259399414,225.11368364552717,-199.11564042240835,-29.505207536742947,0.35227064076401693,0.3392873656117568,0.0831957124096348,3.597118267747932e-05,16.215164376534407,33.89720671316842,5.203854121399453,nan,nan
182.36,224.97669982910156,-198.7822723388672,-29.50019645690918,225.11324253966606,-199.10680322775272,-29.504968336194896,0.3521178502732462,0.33933388031643663,0.08321847663062855,3.525391248443476e-05,15.634216057631566,33.5352077171721,nan,2.199610799746745,nan
182.37,224.97630310058594,-198.7735595703125,-29.50161361694336,225.11279862918963,-199.09797354323976,-29.506461261473756,0.3519928334735563,0.3393804799170328,0.08324130659319744,3.595970180327286e-05,15.573919257972026,33.2832466402441,nan,nan,nan
182.38,224.9759063720703,-198.7648468017578,-29.503002166748047,225.112358827225,-199.08914669344597,-29.50859478015211,0.35188203931342904,0.3394271644501651,0.08326420239175586,3.5243449794595566e-05,15.739850148553264,33.61996368457803,nan,0.310990435880805,nan
182.39000000000001,224.97552490234375,-198.7561492919922,-29.504362106323242,225.1119309325847,-199.08031725428805,-29.510039337566468,0.35174380423787666,0.3394739341633412,0.08328716421897957,3.594939617727141e-05,15.679884871815643,34.31251605216751,nan,nan,nan
182.4,224.9751434326172,-198.7474365234375,-29.50569725036621,225.12890282784474,-199.0746573356563,-29.511228535828973,0.36158817277220645,0.3394119050733405,0.08327631145037516,3.5212905590419223e-05,15.047959036860828,33.478214805473044,5.3969383043753325,0.0745965396858813,nan
182.41,224.9747772216797,-198.7387237548828,-29.507003784179688,225.12852536678153,-199.06582286912277,-29.512619359252863,0.3614745597441461,0.3394584807115714,0.0832992566095457,3.591815479981941e-05,14.99037855981408,33.219357147227214,nan,nan,nan
182.42000000000002,224.9744110107422,-198.73001098632812,-29.508283615112305,225.12815058256703,-199.05699163424927,-29.514854335137517,0.36137982016359027,0.33950514122737635,0.08332226779389398,3.520458860769518e-05,15.272020527778455,33.695316795301814,nan,0.527605339138625,nan
182.43,224.97406005859375,-198.72129821777344,-29.509538650512695,225.1277878812556,-199.04815697677472,-29.51620335107373,0.36126625919089705,0.3395518868505434,0.08334534518877885,3.5910039207322915e-05,15.216485254326775,33.418483380299875,nan,nan,nan
182.44,224.9737091064453,-198.71258544921875,-29.51076889038086,225.12743626236733,-199.03931964955876,-29.51678256236045,0.36114185632570595,0.3395987176442515,0.08336848889946175,3.519728787751796e-05,14.940864973559654,33.30059514590929,nan,0.38784404019432484,nan
182.45000000000002,224.97337341308594,-198.70388793945312,-29.51197624206543,225.1156325500833,-199.03207395711092,-29.51797027507464,0.3577424390214733,0.3395366462158205,0.08335756482803909,3.588092608348319e-05,15.658749246348874,33.78947878101387,5.971097923585183,nan,nan
182.46,224.97303771972656,-198.69517517089844,-29.51315689086914,225.11526044516683,-199.0232580765224,-29.519866925195895,0.35764608365672207,0.33958328267292465,0.08338069113515331,3.516978374623149e-05,15.8720307405894,33.25520422110886,nan,0.27633530125993333,nan
182.47,224.9727020263672,-198.68646240234375,-29.514314651489258,225.11489819559276,-199.0144399075257,-29.521118490307302,0.3575406084215797,0.33963000416504363,0.0834038838316559,3.587481100356663e-05,15.816520256612115,33.36336015911322,nan,nan,nan
182.48,224.97238159179688,-198.67774963378906,-29.51544952392578,225.11454122598914,-199.00562226926928,-29.522598366481237,0.35743661345797606,0.33967681077017847,0.08342714302910931,3.5164365810672e-05,15.91450161160954,33.2491267674255,nan,0.04393951106510108,nan
182.49,224.97207641601562,-198.66903686523438,-29.516563415527344,225.11419178470706,-198.99680358614134,-29.523808142310166,0.3573237851285084,0.3397237026959088,0.08345046890352474,3.586964247424617e-05,15.860141417516177,32.96342013065491,nan,nan,nan
182.5,224.9717559814453,-198.6603240966797,-29.51765251159668,225.11738714519987,-198.98642224160912,-29.525229668223897,0.3572196093238404,0.33966158818264236,0.08343947008928206,3.513868465497908e-05,15.644963306123508,33.66654037306845,1.0607039417853268,0.027446522303380762,nan
182.51,224.97146606445312,-198.651611328125,-29.518720626831055,225.11705999644408,-198.97759469603344,-29.52639989812657,0.35710183476586105,0.3397082854987799,0.08346277780538791,3.5843350757814045e-05,15.592751517760078,32.991581403391066,nan,nan,nan
182.52,224.97116088867188,-198.6428985595703,-29.51976776123047,225.11673954226603,-198.96876670792196,-29.527401687066728,0.3569894554690532,0.33975506786855475,0.08348615220380533,3.513497843449213e-05,15.541784098018963,33.446258714360916,nan,0.015319323653171424,nan
182.53,224.9708709716797,-198.6342010498047,-29.520793914794922,225.11642437549096,-198.959939101672,-29.52852964305429,0.3568625972094408,0.3398019354872916,0.08350959345517193,3.5839925553807784e-05,15.48754952532379,34.085444408643795,nan,nan,nan
182.54,224.97059631347656,-198.62548828125,-29.521800994873047,225.1161143379901,-198.95111186192736,-29.52981549250504,0.35674983381041614,0.33984888845137856,0.08353310167903319,3.513208182985479e-05,15.583286257075038,33.00000719035638,nan,0.022079874328521296,nan
182.55,224.97030639648438,-198.6167755126953,-29.52278709411621,225.11324513294014,-198.93747644560412,-29.530855608428702,0.3512060245373922,0.3397867302311733,0.08352202474115918,3.5815316859170285e-05,15.160947306775686,33.553356223773754,1.2998032107666657,nan,nan
182.56,224.97003173828125,-198.60806274414062,-29.523752212524414,225.11295441002196,-198.92862874211295,-29.530014189003452,0.35103940163878683,0.3398334883150906,0.08354551403910875,3.510880232944658e-05,14.397278081013514,32.52100034456676,nan,2.566228811581787,nan
182.57,224.9697723388672,-198.59934997558594,-29.52469825744629,225.1126620876796,-198.91978639782405,-29.53104780842486,0.35090924440668636,0.33988033157641084,0.08356907036292889,3.5813468448617486e-05,14.344030451866473,32.21766469601324,nan,nan,nan
182.58,224.96951293945312,-198.59063720703125,-29.52562713623047,225.1123841994835,-198.91093737829385,-29.52953674135695,0.35074161667210846,0.33992726012153857,0.08359269383670162,3.510738711150312e-05,13.591551344017445,31.5728393687362,nan,4.479801781720688,nan
182.59,224.96925354003906,-198.58192443847656,-29.52653694152832,225.11210251816414,-198.9020949497894,-29.530509527294374,0.35061484324449466,0.3399742741307773,0.08361638462432094,3.581236543768851e-05,13.534731804651248,31.62405120584082,nan,nan,nan
182.6,224.968994140625,-198.57321166992188,-29.527427673339844,225.12309315682162,-198.9058165295821,-29.531572533749795,0.3665919793587711,0.3399120714736121,0.08360522612593392,3.5085532774367965e-05,14.313491661845791,31.52928510904538,5.710424800141635,0.006352134504494258,nan
182.61,224.96875,-198.5644989013672,-29.528301239013672,225.12283192343153,-198.89700781014804,-29.53251239750403,0.36649849577157195,0.3399588903233617,0.0836288972023733,3.578995849509217e-05,14.257898585829585,31.204493102197944,nan,nan,nan
182.62,224.968505859375,-198.5557861328125,-29.529157638549805,225.12257444881567,-198.88819977595452,-29.533834470771076,0.366412108368177,0.34000579439377243,0.08365263560252939,3.508545039250935e-05,14.324363723402211,31.408351231923508,nan,0.11177459880187374,nan
182.63,224.96827697753906,-198.5470733642578,-29.529996871948242,225.12232314583275,-198.87939054817025,-29.53474551972964,0.36631609621365524,0.34005278385708876,0.08367644148651364,3.579021004167308e-05,14.270302228334264,31.094571980431606,nan,nan,nan
182.64000000000001,224.96803283691406,-198.53836059570312,-29.530818939208984,225.12207863145687,-198.87057973777766,-29.534978850832353,0.36621983840554073,0.3400998588318216,0.08370031498403997,3.5085998158327667e-05,14.072014680389431,31.399250811873532,nan,0.3076970571947445,nan
182.65,224.96780395507812,-198.52964782714844,-29.53162384033203,225.1396697330561,-198.87428610256313,-29.535965435248873,0.3851392423101224,0.34003761107698693,0.0836890715263606,3.57691026425803e-05,14.510524766498161,30.98613554409472,5.038915908201019,nan,nan
182.66,224.96759033203125,-198.52093505859375,-29.532413482666016,225.13945703635974,-198.86550492806637,-29.53702017263594,0.3850815246121223,0.34008449061336016,0.0837129245143815,3.5065994812686435e-05,14.528856921682166,30.710017952778166,nan,0.02668415371034281,nan
182.67000000000002,224.9673614501953,-198.51223754882812,-29.533187866210938,225.13924940291167,-198.8567232564985,-29.537867040877945,0.38501657854402027,0.3401314554712892,0.0837368451531073,3.57705659453678e-05,14.473522449656086,32.057807389406726,nan,nan,nan
182.68,224.96714782714844,-198.50352478027344,-29.533946990966797,225.13904715279614,-198.84794072268468,-29.53834414050425,0.3849559123707745,0.3401785057756636,0.08376083357536422,3.5067678897192723e-05,14.352947514273945,30.756749264937525,nan,0.08874449353750473,nan
182.69,224.96693420410156,-198.49481201171875,-29.53468894958496,225.13884834674892,-198.83915871394828,-29.53915869116233,0.38490141902608654,0.3402256416891525,0.08378488993662744,3.577260224343243e-05,14.300242249700613,30.839275055059534,nan,nan,nan
182.70000000000002,224.96673583984375,-198.48609924316406,-29.535417556762695,225.1771492736244,-198.8628009995336,-29.54062003119426,0.4315148805168364,0.33585641979545744,0.07891974010351918,3.504849421488204e-05,22.51155122989427,37.712085196837144,14.146273242739952,0.303108140631338,0.021174652682644537
182.71,224.96653747558594,-198.47738647460938,-29.5361328125,225.17699358978473,-198.85407890406088,-29.541413259155668,0.43152849908971064,0.33590637070326423,0.07893528151146759,3.575289497638711e-05,22.433643820603365,37.76125372700729,nan,nan,nan
182.72,224.9662322998047,-198.4686737060547,-29.536937713623047,225.1768101061949,-198.84537895601318,-29.542906649222147,0.4316080236540857,0.33595640483669303,0.07895088183035559,3.505119792268963e-05,22.580699021230963,38.22966805288513,nan,0.30779742617522177,nan
182.73,224.96583557128906,-198.4599609375,-29.537832260131836,225.17651203506912,-198.83665656130762,-29.543836670916264,0.43164825765378895,0.3360065245580555,0.0789665444381576,3.575596547783337e-05,22.483620548578358,38.054544262832614,nan,nan,nan
182.74,224.96534729003906,-198.4512481689453,-29.538816452026367,225.17611471493427,-198.8279291518792,-29.544705472736624,0.43167829556965903,0.336056727823748,0.07898226630550942,3.5054379738699206e-05,22.37626895239932,37.86821242301936,nan,0.01616679964549207,nan
182.75,224.9647674560547,-198.44253540039062,-29.539888381958008,225.19036440310123,-198.81931997594495,-29.54572396939966,0.43919773789622524,0.33599401657128114,0.07897238418475436,3.573751899359776e-05,21.270701383301045,37.85314960555772,7.954427950493721,nan,nan
182.76,224.96409606933594,-198.43382263183594,-29.541046142578125,225.1897863000033,-198.81054748002384,-29.546031686331176,0.4391839558856898,0.33604400951474533,0.07898812206863826,3.503685973657827e-05,20.938956202341462,37.531126275395934,nan,0.554674755343972,nan
182.77,224.9633331298828,-198.4250946044922,-29.54228973388672,225.18914060718888,-198.80180376167155,-29.54730510868437,0.43923110078234995,0.3360940879266297,0.07900392235817219,3.574149431409705e-05,20.847628808305977,36.619898902590954,nan,nan,nan
182.78,224.96246337890625,-198.4163818359375,-29.54361915588379,225.1884210678362,-198.7930801927141,-29.549293611849414,0.4393071005973512,0.3361442498818608,0.07901978226577995,3.5040888368031424e-05,20.974030790713606,38.07077879865687,nan,0.27854457846255837,nan
182.79,224.96153259277344,-198.4076690673828,-29.545032501220703,225.18759487688146,-198.78433666360243,-29.550744922142773,0.43933502716127026,0.3361944975646289,0.07903570481064964,3.5745898419001145e-05,20.881564648730162,37.18830036945637,nan,nan,nan
182.8,224.9604949951172,-198.39895629882812,-29.546527862548828,225.17210047174518,-198.77270161672166,-29.552269510189006,0.4295292852692649,0.33613167516001824,0.07902588468642154,3.6442355078158026e-05,21.396820350805875,37.84119346152599,3.3748642505187294,nan,nan
182.81,224.95945739746094,-198.39024353027344,-29.548105239868164,225.17111269990082,-198.76396556052737,-29.55388857176402,0.4295341312117745,0.3361817121699478,0.07904182275747197,3.7175248438141616e-05,21.30852915085638,36.99027116474046,nan,nan,nan
182.82,224.95838928222656,-198.38153076171875,-29.54976463317871,225.170087940911,-198.75520452098309,-29.55477593805035,0.4295037993173611,0.33623183264412737,0.07905782068929161,3.638942384213832e-05,21.014808207165395,37.465386610259706,nan,0.43222195778007055,nan
182.83,224.9573516845703,-198.37281799316406,-29.551504135131836,225.16908717702253,-198.7464683121929,-29.556550732414042,0.4295019765012223,0.33628203880276875,0.07907388148559276,3.712099061358682e-05,20.92880091404192,36.78984122615016,nan,nan,nan
182.84,224.95631408691406,-198.36410522460938,-29.553321838378906,225.16807615938103,-198.73770657571575,-29.55754648483638,0.42946361024154706,0.33633232875016594,0.0790900024941177,3.6338226795345785e-05,20.65138837233567,36.94285438035289,nan,0.48342946648296914,nan
182.85,224.95530700683594,-198.35540771484375,-29.555217742919922,225.17566230256622,-198.7307750889017,-29.55943012862255,0.4352871076161767,0.3362693953302663,0.07908024063284969,3.704495314758707e-05,20.277675407384653,37.41732412420308,1.1553941212418717,nan,nan
182.86,224.95431518554688,-198.34669494628906,-29.557191848754883,225.17475384679022,-198.72207221212344,-29.562686074636332,0.43535213516656435,0.33631947431955656,0.07909637677430097,3.626616171688691e-05,20.549774149055448,36.921732503626316,nan,1.0280961715038068,nan
182.87,224.95333862304688,-198.33798217773438,-29.559242248535156,225.17383290305332,-198.7133329362522,-29.56478125054142,0.4353580135689291,0.33636963886120397,0.07911257588542342,3.6994376380675574e-05,20.465531693740026,36.9642256828925,nan,nan,nan
182.88,224.95237731933594,-198.3292694091797,-29.561330795288086,225.172924377179,-198.70458620069994,-29.56666290474432,0.4353528799853425,0.33641988719868915,0.07912883556277704,3.621848643879963e-05,20.340001024038315,36.92465813982286,nan,0.04853147545224587,nan
182.89000000000001,224.95143127441406,-198.320556640625,-29.56341552734375,225.17204170129008,-198.69584754058053,-29.568831892425465,0.4353637066253348,0.33647022134316157,0.07914515844016014,3.6945594049911096e-05,20.26788042164183,36.99429313648463,nan,nan,nan
182.9,224.9505157470703,-198.3118438720703,-29.565479278564453,225.17234994700794,-198.6867424658093,-29.569692788960918,0.4356341601840842,0.3364071761453497,0.07913544986582648,3.615011834541871e-05,19.795870414739504,36.25283991069244,0.7855591081704993,0.902876199797496,nan
182.91,224.94961547851562,-198.30313110351562,-29.5675106048584,225.17150690590785,-198.67800093161236,-29.57181128546252,0.4356394029711866,0.33645729897573406,0.07915178733432689,3.6875275903103724e-05,19.726237460527994,36.30714504250491,nan,nan,nan
182.92000000000002,224.94873046875,-198.29441833496094,-29.569507598876953,225.17068938586124,-198.66926781286946,-29.574199296698975,0.43566030804049743,0.33650750560575865,0.0791681857117721,3.610591233509351e-05,19.754308709985636,36.39763857450174,nan,0.06027234180891807,nan
182.93,224.94786071777344,-198.28570556640625,-29.571468353271484,225.16988252043168,-198.660526584762,-29.576253457206185,0.4356688810054406,0.33655779791352347,0.07918464740218216,3.6830104852048306e-05,19.68648903354447,36.39081391711238,nan,nan,nan
182.94,224.947021484375,-198.27700805664062,-29.573389053344727,225.16910018205508,-198.65179346026446,-29.57857191269325,0.43567179018589636,0.3366081743423283,0.0792011703439178,3.606339377539779e-05,19.72877930004882,36.96503990258621,nan,0.060093942974571615,nan
182.95000000000002,224.94618225097656,-198.26829528808594,-29.575273513793945,225.19082291692945,-198.65087147897307,-29.580681628896993,0.45413967562915,0.33654501930327174,0.07919151358522195,3.6763546334422364e-05,19.376493628059,36.71795781422851,5.391329569042703,nan,nan
182.96,224.94537353515625,-198.25958251953125,-29.577119827270508,225.19003386328598,-198.64205458066064,-29.579541902932224,0.45403680484694287,0.3365951841276665,0.07920805067089724,3.600036086604458e-05,18.665479221398467,35.59248296682871,nan,6.3649662449376985,nan
182.97,224.94456481933594,-198.25086975097656,-29.578929901123047,225.18933270945806,-198.63331858770982,-29.581425425437207,0.454075610878916,0.3366454345023965,0.07922465118637716,3.672190568906119e-05,18.592958205296238,35.99450401047642,nan,nan,nan
182.98,224.94378662109375,-198.24215698242188,-29.580705642700195,225.18866169460176,-198.62459876830303,-29.583897724434344,0.4541318207297522,0.3366957689971586,0.07924131328122208,3.5961210459991526e-05,18.628806782406865,35.55492149281512,nan,0.26021361251520425,nan
182.99,224.94302368164062,-198.2334442138672,-29.582443237304688,225.18799220000088,-198.6158630570383,-29.585717587034345,0.45416348154172304,0.3367461893001997,0.0792580390451291,3.668197690688773e-05,18.560098226261545,35.564561164872316,nan,nan,nan
183.0,224.9422607421875,-198.22474670410156,-29.584148406982422,225.177504335953,-198.60797350783162,-29.58840474191477,0.449689279271712,0.33668292291614754,0.0792484280978546,3.5901655364678156e-05,19.46494411380011,36.86892183111837,3.98804371310875,0.49942326354558125,nan
183.01,224.9415283203125,-198.21603393554688,-29.585817337036133,225.1768479826713,-198.59925492635458,-29.590166714218086,0.44972501416995,0.3367331312610795,0.07926516742749115,3.662080170934927e-05,19.400268183188366,35.51712249990493,nan,nan,nan
183.02,224.94081115722656,-198.2073211669922,-29.58745574951172,225.1761923386328,-198.59052090864913,-29.591247227753502,0.44973405238362707,0.3367834237214324,0.07928196865369402,3.586577724580521e-05,19.208216704699026,35.26087868305915,nan,0.28285929173797847,nan
183.03,224.94009399414062,-198.1986083984375,-29.589059829711914,225.17556557159054,-198.5818028195746,-29.592938183944298,0.4497775781526832,0.33683380186604794,0.0792988336729624,3.658426531560112e-05,19.141620926134138,35.64848296255331,nan,nan,nan
183.04,224.9394073486328,-198.18991088867188,-29.59063148498535,225.1749818186209,-198.5731164269174,-29.595932904399813,0.44985544400398464,0.3368842644439624,0.0793157609225547,3.5831483151874475e-05,19.437126336848856,36.32841992960293,nan,1.1998770727596382,nan
183.05,224.938720703125,-198.1811981201172,-29.592172622680664,225.19700475559023,-198.57609968092592,-29.597613706502568,0.4718977642246165,0.336820888336519,0.07930619369111022,3.6526570684689625e-05,19.594787494811737,36.01937410383518,5.375077002927966,nan,nan
183.06,224.9380645751953,-198.1724853515625,-29.59368324279785,225.1964442147893,-198.5673891407182,-29.598589377348084,0.47194608908483954,0.3368711386616158,0.07932313400452685,3.5776876943961164e-05,19.382408085717106,35.2758906244225,nan,0.274025229809358,nan
183.07,224.93740844726562,-198.1637725830078,-29.595163345336914,225.19591034330602,-198.55869341573697,-29.600166418010126,0.4720283096554115,0.3369214745490438,0.07934013823841582,3.649330952436306e-05,19.320318458947856,35.623251686539334,nan,nan,nan
183.08,224.936767578125,-198.1550750732422,-29.59661293029785,225.19539413361804,-198.55000258905102,-29.60193537633639,0.47210567289639843,0.33697189486002294,0.07935720500593846,3.574570046294042e-05,19.350048585243602,36.46223002716083,nan,0.03291925090729909,nan
183.09,224.93614196777344,-198.1463623046875,-29.598033905029297,225.1948862205846,-198.54130657077232,-29.60345788351006,0.4721853250776094,0.33702240099489467,0.07937433594154394,3.646162981835114e-05,19.289994138909865,35.499539135356315,nan,nan,nan
183.1,224.93553161621094,-198.1376495361328,-29.599428176879883,225.1971845671728,-198.52684980402256,-29.60407521332089,0.46899969106619416,0.33695891396004835,0.0793648068106885,3.569427166731932e-05,18.121980762671736,35.1997948265428,5.887226166317358,0.5366451871369733,nan
183.11,224.93492126464844,-198.12893676757812,-29.600793838500977,225.1967076689766,-198.5181246541191,-29.605534413489845,0.46906482022479723,0.33700920749114455,0.07938195019616981,3.640885466382612e-05,18.059335734498195,35.5235933995931,nan,nan,nan
183.12,224.934326171875,-198.12022399902344,-29.602130889892578,225.1962272509899,-198.5093826727926,-29.606173080284115,0.46909805788820835,0.3370595854323203,0.07939915640837811,3.566608921033754e-05,17.82580092001254,35.22063687864958,nan,0.42819338803786405,nan
183.13,224.93374633789062,-198.1115264892578,-29.603443145751953,225.19577429514072,-198.50065742193794,-29.607571611005007,0.4691466480478296,0.33711004907906356,0.07941642692240004,3.6380268487332336e-05,17.76027690810709,35.87125723923258,nan,nan,nan
183.14000000000001,224.9331817626953,-198.10281372070312,-29.60472869873047,225.19532527574353,-198.4919236972918,-29.608546482158356,0.46919118788017444,0.33716059745008403,0.07943376058895184,3.563935046992236e-05,17.62728009075172,34.79559603980215,nan,0.10787368184429029,nan
183.15,224.93263244628906,-198.09410095214844,-29.605987548828125,225.2067634137328,-198.47639315374465,-29.60986546905149,0.4704361306045487,0.33709700083036553,0.07942426693756874,3.6330630014887135e-05,16.06155114905309,34.95030165026633,17.18096714285009,nan,nan
183.16,224.9320831298828,-198.08538818359375,-29.607223510742188,225.2063672399217,-198.46762259264204,-29.611184802209145,0.4704791263280486,0.3371473368243431,0.0794416130919932,3.705792088491439e-05,15.997407274291973,35.20610326751538,nan,nan,nan
183.17000000000002,224.93154907226562,-198.07669067382812,-29.60843276977539,225.20598217022382,-198.45885218050822,-29.612480255653747,0.47050751809600794,0.3371977578815352,0.07945902309325203,3.779972416708273e-05,15.932420520979148,35.92670460150597,nan,nan,nan
183.18,224.9310302734375,-198.06797790527344,-29.609619140625,225.2056008162459,-198.45007440335496,-29.613368729926172,0.47053243909871445,0.3372482636029459,0.07947649648076284,3.6972284135591016e-05,15.806790212700678,34.707280600210765,nan,0.09287451332234456,nan
183.19,224.93051147460938,-198.05926513671875,-29.610780715942383,225.20523707442567,-198.4413040956467,-29.614614048490047,0.47057689676778086,0.337298855220416,0.07949403460821268,3.77120114660372e-05,15.743390822706058,35.00473630890112,nan,nan,nan
183.20000000000002,224.9300079345703,-198.05055236816406,-29.611919403076172,225.19644674755438,-198.43459295219998,-29.61759615185373,0.4674495017942441,0.3372351480379282,0.07948457109491908,3.686656035075327e-05,16.90479758482472,35.05658066887606,4.012813980831696,1.923699115685263,nan
183.21,224.9295196533203,-198.04183959960938,-29.613037109375,225.1960883087988,-198.42584208487568,-29.618814878011882,0.467493464536922,0.33728552640455595,0.0795021204685627,3.760339991801616e-05,16.846922358005394,34.7869817239716,nan,nan,nan
183.22,224.9290313720703,-198.03314208984375,-29.6141300201416,225.19576199359946,-198.4171142500421,-29.62126699199568,0.46757970511555735,0.33733598941972276,0.07951973350700332,3.678709941651698e-05,17.270144626946042,36.46934911950484,nan,1.0045931539176478,nan
183.23,224.92855834960938,-198.02442932128906,-29.615201950073242,225.1954232051461,-198.4083631900296,-29.622455523959086,0.4676266470388969,0.33738653821167397,0.07953741141937022,3.7522108553883734e-05,17.21656439171443,35.31940714446663,nan,nan,nan
183.24,224.9281005859375,-198.01571655273438,-29.616252899169922,225.19509980167626,-198.39961823675662,-29.623968841238245,0.4676843165664581,0.33743717196565676,0.07955515331856426,3.671061073744201e-05,17.3655350133845,35.262122668249624,nan,0.076462118389526,nan
183.25,224.92764282226562,-198.0070037841797,-29.61728286743164,225.1787745351135,-198.392234422638,-29.62514972892423,0.4599257217362978,0.3373733553970155,0.07954571697277622,3.742012236374359e-05,18.428749292063987,35.26937583823237,8.956155619026488,nan,nan
183.26,224.9272003173828,-197.998291015625,-29.6182918548584,225.1784539008198,-198.38352785104505,-29.62737538651769,0.4600198833765539,0.3374237755995422,0.07956346951667863,3.6614293168999086e-05,18.95840505088603,35.62937798191044,nan,0.7706209317240037,nan
183.27,224.9267578125,-197.98959350585938,-29.619281768798828,225.17812382576665,-198.37480228283107,-29.628498788607875,0.4600604611741345,0.33747428146268693,0.07958128707186496,3.7345049092874516e-05,18.907612885076066,36.68050293388558,nan,nan,nan
183.28,224.92633056640625,-197.9808807373047,-29.620250701904297,225.17777895777354,-198.36605280561034,-29.628175063402608,0.46005066158979296,0.33752487226563127,0.07959916887873682,3.654371049355233e-05,18.281586943524893,34.99593734177774,nan,1.3188805519088247,nan
183.29,224.92591857910156,-197.97216796875,-29.621200561523438,225.17746632656684,-198.3573272067502,-29.629246758360907,0.4600963476874143,0.33757554899555836,0.0796171159561089,3.727296137426623e-05,18.2312158932228,34.755095600066866,nan,nan,nan
183.3,224.92550659179688,-197.9634552001953,-29.622133255004883,225.1915041800555,-198.35820515777468,-29.628735758710192,0.47605234903683397,0.3375116222668783,0.07960770166179938,3.645344358741407e-05,18.028971519521278,34.47141442314693,3.4842338148631242,1.5326407288349249,nan
183.31,224.92510986328125,-197.95474243164062,-29.623044967651367,225.1912316358634,-198.34950232714877,-29.62975580508353,0.4761315031405812,0.33756208509766034,0.07962565869680728,3.7180376488076086e-05,17.976020745628354,34.24328970940243,nan,nan,nan
183.32,224.92471313476562,-197.94602966308594,-29.623939514160156,225.19094922043197,-198.34078146431895,-29.629614272620525,0.47617522066066403,0.3376126328416414,0.07964368023862603,3.638855333029854e-05,17.581169639363655,34.07090036817675,nan,0.8538693413216967,nan
183.33,224.92431640625,-197.93731689453125,-29.62481689453125,225.19069274623732,-198.3320786397179,-29.630588617403628,0.4762630604537466,0.33766326640111854,0.07966176719412846,3.711418465937364e-05,17.525020759863818,34.25383018338121,nan,nan,nan
183.34,224.9239501953125,-197.92861938476562,-29.625675201416016,225.19044264597284,-198.32337430805117,-29.631452815516372,0.47632242918198014,0.33771398518278906,0.07967991897094952,3.6326393812080464e-05,17.47727304554629,34.3610707747334,nan,0.005718236002893598,nan
183.35,224.92356872558594,-197.91990661621094,-29.626516342163086,225.1895646941776,-198.31285983413508,-29.632294875878532,0.47455187096444246,0.33764994923782754,0.07967052337366164,3.702760555355646e-05,17.245094062555843,34.14130837228004,0.6721669951804429,nan,nan
183.36,224.92320251464844,-197.91119384765625,-29.627342224121094,225.18933211033485,-198.30415180548673,-29.63335972811155,0.4746336784055508,0.3377004538148796,0.07968868445762435,3.624467368007054e-05,17.274742987454122,33.89350929516671,nan,0.013346141420843553,nan
183.37,224.9228515625,-197.90248107910156,-29.628150939941406,225.18910464498714,-198.29544168405332,-29.634267871723946,0.4747063911855238,0.3377510440985483,0.07970691110063224,3.696706650282306e-05,17.220958876528424,33.59346000826205,nan,nan,nan
183.38,224.92250061035156,-197.89376831054688,-29.628942489624023,225.18886470397393,-198.2867124319829,-29.633818461872465,0.4747406534601373,0.33780171957201727,0.07972520280819871,3.618787619097468e-05,16.798756196517935,33.40228314556327,nan,1.1882989368045944,nan
183.39000000000001,224.9221649169922,-197.8850555419922,-29.62972068786621,225.18865133618553,-198.27800220990883,-29.634683050193757,0.47481230026311955,0.3378524810227214,0.07974356034097481,3.690923354815391e-05,16.742605000212883,33.05950360564682,nan,nan,nan
183.4,224.9218292236328,-197.8763427734375,-29.630481719970703,225.1695158102596,-198.2645465075845,-29.63581685139584,0.4605206271469621,0.3377883353036721,0.07973417854615836,3.611158571586733e-05,17.30496513982369,33.17232800549411,3.8650054548776414,0.05122939922758323,nan
183.41,224.92149353027344,-197.8676300048828,-29.631227493286133,225.16928397934709,-198.2558389460023,-29.636655033605685,0.46058196535596646,0.3378388822059628,0.07975254466586562,3.6831089985239766e-05,17.25002455676115,33.32327639850192,nan,nan,nan
183.42000000000002,224.92117309570312,-197.85891723632812,-29.6319580078125,225.16903728116623,-198.2471106569796,-29.63592710817092,0.46059368214298724,0.337889514261785,0.07977097608478222,3.605990777850427e-05,16.821253222595097,32.64384774375568,nan,1.6005358870518342,nan
183.43,224.9208526611328,-197.85020446777344,-29.632675170898438,225.1688187063979,-198.23840286317113,-29.636722273344215,0.4606533760127658,0.33794023218991137,0.0797894734784418,3.677854227620597e-05,16.763742397058184,32.77938358830136,nan,nan,nan
183.44,224.92044067382812,-197.8415069580078,-29.633481979370117,225.16856096572923,-198.2296997972843,-29.63793714008193,0.4607355078302466,0.3379910355766745,0.07980803647963425,3.601067859726191e-05,16.79949739277915,33.57977553390958,nan,0.09637685480643489,nan
183.45000000000002,224.91993713378906,-197.83279418945312,-29.634380340576172,225.14525385539235,-198.20898900678787,-29.63876685136438,0.438530964813747,0.33792678083872,0.0797986648337918,3.670572512108506e-05,16.57131247144308,32.411073104664055,5.884766813391341,nan,nan
183.46,224.91934204101562,-197.82408142089844,-29.635366439819336,225.14475120138033,-198.20024596098435,-29.638774114072316,0.43854379831230056,0.3379773693674535,0.07981723572525289,3.594198171102488e-05,16.30261904576705,32.11979816965015,nan,0.6836495721432124,nan
183.47,224.91864013671875,-197.81536865234375,-29.63644027709961,225.14416899965903,-198.19151538735437,-29.63987174655865,0.4385902521271245,0.3380280436656994,0.07983587274213845,3.665819976879257e-05,16.2326813748409,32.469072948257654,nan,nan,nan
183.48,224.91786193847656,-197.80665588378906,-29.63759994506836,225.14348410358625,-198.1827746635858,-29.640190572400986,0.43860849200003776,0.3380788033812316,0.07985457559089311,3.589751051746259e-05,16.031479487095474,31.86124091156622,nan,0.5041808492904407,nan
183.49,224.9169921875,-197.79794311523438,-29.63884735107422,225.1427195811289,-198.17404441369126,-29.64145533717837,0.43864774538001094,0.3381296491405555,0.07987334483692203,3.6613072138797516e-05,15.963571086897444,31.80419504678221,nan,nan,nan
183.5,224.91603088378906,-197.7892303466797,-29.640178680419922,225.16656640731566,-198.18040852378323,-29.642223616261724,0.46453481737474817,0.33806528500172733,0.07986397861051572,3.58335839456877e-05,16.30129321727391,31.90883283800438,8.319126877810785,0.28939484272513605,nan
183.51,224.91497802734375,-197.780517578125,-29.64159393310547,225.16566397440667,-198.17171114061748,-29.643654867901123,0.46462898622731114,0.33811591556263787,0.07988275499351798,3.654766475011068e-05,16.234523976233497,31.971367947270593,nan,nan,nan
183.52,224.91384887695312,-197.7718048095703,-29.643091201782227,225.1646896415585,-198.1630279170026,-29.64647285869466,0.4647451393831566,0.3381666314960661,0.0799015974251322,3.579361631191898e-05,16.37234841783671,31.82614053810044,nan,1.1441297555518497,nan
183.53,224.91261291503906,-197.76309204101562,-29.644672393798828,225.16361314661424,-198.15433048302398,-29.648084798148773,0.4648443602533725,0.33821743337376464,0.07992050640744507,3.650717314326451e-05,16.30558236602689,32.3326366813666,nan,nan,nan
183.54,224.91131591796875,-197.75437927246094,-29.646333694458008,225.16243995063317,-198.14562312518132,-29.648827766523638,0.46490994016970155,0.3382683209257632,0.07993948174167327,3.575579689060565e-05,16.095917610408073,31.43605281481288,nan,0.6119927860287718,nan
183.55,224.90994262695312,-197.74566650390625,-29.648075103759766,225.17037347367287,-198.14403755030824,-29.65061678950395,0.47595186384864735,0.3382038479907266,0.07993011705301671,3.644639459469974e-05,16.409038549026203,31.89694086949758,1.902259131726018,nan,nan
183.56,224.90855407714844,-197.73695373535156,-29.64989471435547,225.1690880729048,-198.13533611525924,-29.650237337306464,0.476011135327908,0.3382545200312254,0.0799490987840549,3.5698478154612e-05,16.172156623188794,31.637793222873093,nan,3.3631253202668483,nan
183.57,224.90716552734375,-197.72824096679688,-29.651792526245117,225.16782229252615,-198.12665736841865,-29.65214224998487,0.47610681640078517,0.3383052779181819,0.0799681472194804,3.641027156832361e-05,16.1098332242812,31.749948117988612,nan,nan,nan
183.58,224.9058074951172,-197.71954345703125,-29.65376853942871,225.16656446208043,-198.1179759767312,-29.653841258982123,0.4761750454008019,0.3383561214302443,0.07998726221461318,3.566479196253061e-05,16.04374253250464,32.06035335484146,nan,0.0550078708518483,nan
183.59,224.9044647216797,-197.71083068847656,-29.655820846557617,225.16532864198544,-198.10929744310857,-29.655899817593244,0.4762622656695338,0.3384070510661561,0.08000644419057228,3.637622871444023e-05,15.982688121895034,31.389285797099472,nan,nan,nan
183.6,224.90313720703125,-197.70211791992188,-29.65791130065918,225.1344126342918,-198.09403507069746,-29.657221504514396,0.45506906305013245,0.33834246909430044,0.079997076430928,3.561158092091322e-05,16.790262417877646,31.40716610984284,10.804571103956604,0.6106465950858,nan
183.61,224.90185546875,-197.6934051513672,-29.659997940063477,225.13317277461164,-198.08536362957963,-29.659349865511807,0.4551258777902286,0.3383931828813056,0.08001626401758064,3.6321828889334604e-05,16.72873640300308,30.812815944127518,nan,nan,nan
183.62,224.90057373046875,-197.6846923828125,-29.662063598632812,225.13195580269104,-198.0766906549831,-29.661260310740655,0.45519331497953935,0.3384439822412246,0.08003551836500207,3.558177443148521e-05,16.67447229990976,31.426271909318082,nan,0.029217742466531766,nan
183.63,224.8993377685547,-197.6759796142578,-29.66409683227539,225.13076598993712,-198.06801986286172,-29.66335022322475,0.4552528260238713,0.3384948676298299,0.08005483984845503,3.629176954140961e-05,16.61221668453269,30.819964478016118,nan,nan,nan
183.64000000000001,224.8981170654297,-197.6672821044922,-29.666095733642578,225.12960755940432,-198.05935505123176,-29.666070767612354,0.45531203035827567,0.33854583889032736,0.08007422839196639,3.555381373318133e-05,16.53536730699292,31.75469002357771,nan,0.30042911049777005,nan
183.65,224.8969268798828,-197.6585693359375,-29.66805648803711,225.10916940109496,-198.04197294067646,-29.667913848171683,0.4382296570103941,0.33848114836827703,0.08006485351043206,3.624131397424827e-05,16.536193271513326,30.620564294232793,4.904713811620195,nan,nan
183.66,224.895751953125,-197.6498565673828,-29.669981002807617,225.10801665749543,-198.033286571659,-29.669510718941616,0.4382637266163149,0.33853190346393747,0.08008424688348349,3.550623833640561e-05,16.482431838222173,30.74262579843593,nan,0.1053922187959677,nan
183.67000000000002,224.89459228515625,-197.64114379882812,-29.671865463256836,225.10689120957068,-198.02460365849143,-29.671459139503288,0.438306356763755,0.3385827444944383,0.08010370754728359,3.621497755335556e-05,16.42112929928777,30.95429729776072,nan,nan,nan
183.68,224.8934783935547,-197.6324462890625,-29.67371368408203,225.10637480101144,-198.01441568177162,-29.673923087388683,0.43729342680208855,0.338482997818313,0.07910553174677724,3.54815080327814e-05,22.553595124930116,37.2582394898619,nan,0.2086569039103447,0.002238911405403792
183.69,224.89236450195312,-197.6237335205078,-29.675525665283203,225.10529639641192,-198.00573023654144,-29.675804352434586,0.43733460920079587,0.33853332285994203,0.07912137620308893,3.6190115817152016e-05,22.471744465767085,36.97804721685694,nan,nan,nan
183.70000000000002,224.89129638671875,-197.61502075195312,-29.67730140686035,225.1219361487599,-198.000034934691,-29.675576149028903,0.44881354397822226,0.33846967955077667,0.07911125797239052,3.543741078473405e-05,21.699923750543135,36.442907306981155,5.83368001240694,2.997392115549298,nan
183.71,224.89022827148438,-197.6063232421875,-29.679040908813477,225.12093241512488,-197.99133780176058,-29.67736686518556,0.44884676159934683,0.33851979266319965,0.07912711713337302,3.614505395586399e-05,21.608173060569627,37.809032345731524,nan,nan,nan
183.72,224.88919067382812,-197.5976104736328,-29.680747985839844,225.1199445922434,-197.98260184299713,-29.677338730706982,0.4488622821863898,0.33856999007864647,0.07914303628678265,3.5416251927854935e-05,21.776816545300566,36.86797020656243,nan,2.1955481547868305,nan
183.73,224.88816833496094,-197.58889770507812,-29.682418823242188,225.11898314736504,-197.97390481608375,-29.679044434979268,0.44890682735528264,0.33862027196878447,0.07915901695105576,3.612385009288724e-05,21.681660163756366,37.017282579928306,nan,nan,nan
183.74,224.88717651367188,-197.5802001953125,-29.684057235717773,225.11803778610462,-197.9651738081553,-29.679106382269072,0.4489166076727116,0.3386706384528882,0.07917505793303325,3.5396646883634113e-05,21.975375363984558,37.85231768921681,nan,1.7913554487219576,nan
183.75,224.88619995117188,-197.5714874267578,-29.6856632232666,225.12290857823618,-197.96270744152028,-29.680690086204574,0.45728416348005113,0.33860689478420797,0.07916500218650041,3.6082083413919e-05,22.471154132055702,37.150806690228045,2.6572269644218567,nan,nan
183.76,224.88523864746094,-197.56277465820312,-29.687236785888672,225.12201721781105,-197.95403748691976,-29.682573747321612,0.45735373229160675,0.33865704904714444,0.07918105749734257,3.53572601978707e-05,22.31992996306223,37.158099779780635,nan,0.058531381008029126,nan
183.77,224.88430786132812,-197.5540771484375,-29.688777923583984,225.12114418415467,-197.94536174074165,-29.68413853837153,0.45740201123275803,0.3387072877212673,0.079197174483417,3.606398779932857e-05,22.219740403518987,37.581725056337355,nan,nan,nan
183.78,224.8833770751953,-197.5453643798828,-29.690288543701172,225.12028586985826,-197.936652616236,-29.683994437475004,0.45746243197689834,0.33875761093232043,0.07921335209407313,3.534058755370576e-05,22.663138656649686,37.77191499083105,nan,1.9510462273885765,nan
183.79,224.88247680664062,-197.53665161132812,-29.691770553588867,225.11945016752395,-197.92797734751213,-29.685483027731667,0.45752785549045455,0.3388080188419739,0.07922959163553887,3.604736508743907e-05,22.55920950175378,37.32324629310476,nan,nan,nan
183.8,224.881591796875,-197.5279541015625,-29.693222045898438,225.08981997002172,-197.9044136474343,-29.6895201494532,0.4302260636076243,0.33874417483720437,0.07921959343234596,3.530407058931985e-05,21.56900632591594,37.35461323133648,8.609619080162728,4.613628209152,nan
183.81,224.88072204589844,-197.5192413330078,-29.694644927978516,225.08897252611325,-197.8957103179562,-29.690977226490798,0.43024482701361344,0.3387943702298828,0.07923584683009022,3.60100503989793e-05,21.474654855371366,36.530154864492246,nan,nan,nan
183.82,224.8798828125,-197.51052856445312,-29.6960391998291,225.0881427606586,-197.88701153969592,-29.692653022862224,0.4302593437092792,0.3388446501010434,0.07925216115013835,3.5290104548641475e-05,21.347405943609218,36.10643147022254,nan,0.042179616051603565,nan
183.83,224.87904357910156,-197.5018310546875,-29.697406768798828,225.08732947467303,-197.878308145862,-29.694057613422814,0.4302664654780314,0.3388950146074736,0.0792685375700453,3.599619375466431e-05,21.25228336185842,37.25586384627755,nan,nan,nan
183.84,224.87823486328125,-197.4931182861328,-29.698745727539062,225.08653363361518,-197.86961126700646,-29.695788175153336,0.43028373137485243,0.33894546388248975,0.07928497523086817,3.527742006437407e-05,21.110280194556637,36.023316969036266,nan,0.08635680679777377,nan
183.85,224.87742614746094,-197.4844207763672,-29.700057983398438,225.12274848624156,-197.8728863250838,-29.69715375174935,0.4594528996599925,0.3388815196026094,0.07927503194224354,3.59615773640145e-05,20.29622358916318,37.41907353134651,13.548544076117842,nan,nan
183.86,224.87664794921875,-197.4757080078125,-29.701343536376953,225.12204917917404,-197.8642078394052,-29.69971212753109,0.45951773013230474,0.33893175606624254,0.0792914830289791,3.524476064934143e-05,20.058698965147308,35.98003636066384,nan,1.0499998082985347,nan
183.87,224.87588500976562,-197.4669952392578,-29.702604293823242,225.12136367986275,-197.85550751643356,-29.701029573452796,0.45956941448837324,0.33898207710153644,0.07930799638630265,3.5950262274479397e-05,19.97389848191321,35.9022721468048,nan,nan,nan
183.88,224.8751220703125,-197.4582977294922,-29.703840255737305,225.12069742997537,-197.8468470091774,-29.70461747609182,0.45965030630787024,0.3390324828453889,0.07932457127088,3.5234470140472575e-05,19.840815380949337,37.06519635723062,nan,3.6686287809288514,nan
183.89000000000001,224.8743896484375,-197.4495849609375,-29.70505142211914,225.12004280976137,-197.83814669884538,-29.705909297801362,0.45970255142329713,0.3390829734490429,0.0793412086879856,3.594014904385364e-05,19.76640003283767,35.73708246633582,nan,nan,nan
183.9,224.87367248535156,-197.4408721923828,-29.70623779296875,225.09507583773402,-197.81585365399468,-29.706619994345324,0.43546605731865345,0.339018928930718,0.07933131558246613,3.520413716416658e-05,19.377258467508092,35.55366389112672,7.068254632206252,0.17666397150262306,nan
183.91,224.87295532226562,-197.4321746826172,-29.707401275634766,225.09441078338287,-197.80712477003075,-29.70785926726657,0.4354656118069798,0.33906920642611366,0.07934796591283065,3.5909138802983516e-05,19.29830074228042,36.721842350845336,nan,nan,nan
183.92000000000002,224.8722686767578,-197.4234619140625,-29.708541870117188,225.09376022075753,-197.79839951570514,-29.70930989995009,0.43547364909801406,0.33911956856882824,0.07936467804826185,3.519603663463349e-05,19.23204627800976,35.37341932182268,nan,0.03814692486144529,nan
183.93,224.87158203125,-197.4147491455078,-29.709657669067383,225.09312335607902,-197.78967031298595,-29.71050712886515,0.4354849733482347,0.33917001550759857,0.07938145289073621,3.590125874558127e-05,19.15754066725413,35.76862492895623,nan,nan,nan
183.94,224.8709259033203,-197.4060516357422,-29.71075439453125,225.09250063485385,-197.78094656353554,-29.712035874064874,0.4354804366778538,0.33922054738322216,0.0793982898509461,3.5188971029333536e-05,19.105470816881684,36.017468043676764,nan,0.0870556016193694,nan
183.95000000000002,224.87026977539062,-197.3973388671875,-29.71182632446289,225.08234025931873,-197.76303342642797,-29.712933100025143,0.4227382473395609,0.3391564026789098,0.07938844390512771,3.587241206365022e-05,18.394209179110195,35.502583557030476,7.603811254681531,nan,nan
183.96,224.86962890625,-197.3886260986328,-29.71287727355957,225.08173017467834,-197.75429114601832,-29.71509788052598,0.422732546704952,0.3392067211497565,0.07940529329573894,3.516172978979938e-05,18.423158392953347,35.498197866853396,nan,0.7459720718229551,nan
183.97,224.86900329589844,-197.37991333007812,-29.713909149169922,225.08113217393236,-197.74553293881527,-29.716220189904856,0.4227075822578948,0.33925712435245975,0.07942220556896826,3.586656509287351e-05,18.355092318935142,35.324698605690934,nan,nan,nan
183.98,224.86837768554688,-197.3712158203125,-29.71491813659668,225.08054681128388,-197.73677628655253,-29.717441836180882,0.42267784594561175,0.33930761242946533,0.07943918022730875,3.515657597212176e-05,18.307997688808484,36.59170192750968,nan,0.009909623470504529,nan
183.99,224.86778259277344,-197.3625030517578,-29.71590805053711,225.07997369183127,-197.7280178852865,-29.71852625074102,0.4226499864204263,0.33935818552695296,0.07945621803583282,3.586167794083693e-05,18.242141185332798,35.107413966712535,nan,nan,nan
184.0,224.8671875,-197.35379028320312,-29.71687889099121,225.0539564452412,-197.71536728427986,-29.719241783413974,0.40697192762494,0.3392939406810068,0.07944641467586754,3.5131180171734336e-05,19.251296337528554,35.24412591168134,11.324268517146987,0.11712703288601356,nan
184.01,224.86660766601562,-197.3450927734375,-29.717830657958984,225.0533634248118,-197.70662530783784,-29.720285818474412,0.40692691565762346,0.33934430007566946,0.07946346436253164,3.583568828663588e-05,19.18317271608895,35.96864125538338,nan,nan,nan
184.02,224.8660430908203,-197.3363800048828,-29.718761444091797,225.05278142358688,-197.69786251299126,-29.71981061321995,0.4068684177331454,0.33939474428102345,0.07948057669381366,3.5127758467106766e-05,18.971465210513507,34.898679240380815,nan,1.5795344519264105,nan
184.03,224.86549377441406,-197.32766723632812,-29.719675064086914,225.05221165970985,-197.6891203077536,-29.720804100040176,0.40683309385351646,0.33944527344228914,0.07949775235370816,3.583256357447153e-05,18.901336848185295,34.71037416895172,nan,nan,nan
184.04,224.8649444580078,-197.31895446777344,-29.720569610595703,225.05165298635183,-197.68037435816217,-29.72150555819291,0.4067988295495631,0.3394958877034149,0.07951499096570334,3.5125154170659915e-05,18.81585959145431,34.94366630572713,nan,0.052882547251185553,nan
184.05,224.86441040039062,-197.3102569580078,-29.721446990966797,225.07269236596477,-197.68626364440738,-29.722449963925012,0.42984114665229944,0.3394315427652933,0.0795052268439466,3.580827020215427e-05,19.418782922113696,35.577715907179396,8.334226080379144,nan,nan
184.06,224.8638916015625,-197.30154418945312,-29.722307205200195,225.0721897910075,-197.67754316452064,-29.72228434209484,0.42984109331311204,0.3394819430252496,0.07952247680086516,3.510217978046767e-05,19.317437478011176,34.528627076039264,nan,0.8573735495460517,nan
184.07,224.86337280273438,-197.29283142089844,-29.7231502532959,225.07169813121234,-197.6688368418015,-29.72319668208957,0.4298598855319841,0.3395324281759645,0.07953979026525584,3.580673392339233e-05,19.243762678301778,34.7641374125478,nan,nan,nan
184.08,224.8628692626953,-197.28411865234375,-29.723976135253906,225.07121696217797,-197.6601365899653,-29.72459556491357,0.42988211987239794,0.33958299836181816,0.07955716693178404,3.510106643971539e-05,19.181442497715587,34.60740523606743,nan,0.17723528916851694,nan
184.09,224.8623809814453,-197.27542114257812,-29.72478485107422,225.07074586379662,-197.65143003949746,-29.725481337080428,0.42988265823654886,0.3396336537273586,0.07957460737821524,3.5805946826918417e-05,19.1093380114301,35.272922627582254,nan,nan,nan
184.1,224.8618927001953,-197.26670837402344,-29.72557830810547,225.0663186828101,-197.64911662194763,-29.727757091407984,0.4336251809398891,0.33956920874565244,0.07956487803436224,3.5079522012592536e-05,20.33423995551742,34.76119376697332,7.87880991939442,1.3925828623054062,nan
184.11,224.86141967773438,-197.25799560546875,-29.726356506347656,225.06585825503737,-197.6404430524858,-29.72862656901794,0.43366615593571994,0.33961964981075854,0.07958232923433438,3.5783863145823065e-05,20.27137452475339,34.54631708003732,nan,nan,nan
184.12,224.8609619140625,-197.24928283691406,-29.72711753845215,225.06540729344857,-197.63176504919394,-29.729086433843808,0.4336985501611589,0.33967017584533504,0.07959984387926881,3.507974515175865e-05,20.166919557482128,34.36280727644334,nan,0.10962793313648185,nan
184.13,224.86050415039062,-197.24057006835938,-29.727863311767578,225.0649657486688,-197.6230914393208,-29.72992304239568,0.4337411519592541,0.3397207869939032,0.07961742248488886,3.5784432957511505e-05,20.103599071099612,34.579065049634664,nan,nan,nan
184.14000000000001,224.8600616455078,-197.2318572998047,-29.728595733642578,225.06453390778552,-197.61439885973888,-29.729049071594485,0.4337593303125012,0.3397714834008948,0.07963506483852852,3.508059868874225e-05,19.920080017891852,34.22440867177808,nan,2.0231510695783217,nan
184.15,224.859619140625,-197.22315979003906,-29.729312896728516,225.03974643002505,-197.5953750793095,-29.72979241038411,0.4135097240532843,0.33970693842574445,0.07962536666310698,3.576364699808586e-05,20.01928404883884,35.196013180020586,5.284722438784335,nan,nan
184.16,224.8590850830078,-197.21444702148438,-29.730121612548828,225.03923953098527,-197.58671363591168,-29.733119367233876,0.4135783406760814,0.33975742023237443,0.07964301918887283,3.5060903130181005e-05,20.19518493213639,34.50575418841074,nan,4.385771993978865,nan
184.17000000000002,224.85845947265625,-197.2057342529297,-29.731019973754883,225.03863984082074,-197.57802592535745,-29.73406576124963,0.41361253759093686,0.3398079870866266,0.07966073585592291,3.576542592723007e-05,20.12466825290369,34.442769040096394,nan,nan,nan
184.18,224.8577423095703,-197.197021484375,-29.732006072998047,225.03794715585474,-197.56935317047072,-29.73659799568205,0.4136734906290357,0.3398586391326696,0.07967851650529913,3.506288938510501e-05,20.393333278957165,34.78502983943624,nan,1.5734624700444666,nan
184.19,224.85694885253906,-197.1883087158203,-29.73307991027832,225.0371637976633,-197.56066491868324,-29.737738920765416,0.41370070659276803,0.3399093765154334,0.07969636157250415,3.576777525971451e-05,20.32665894114694,34.43551499325136,nan,nan,nan
184.20000000000002,224.85604858398438,-197.17959594726562,-29.734241485595703,225.05012884321522,-197.56240369045463,-29.736943325158418,0.4292041649443697,0.33984473159777145,0.07968669018240328,3.504427351912495e-05,20.452131693146928,34.33774941808103,5.54674626657271,2.434270264198192,nan
184.21,224.8550567626953,-197.1708984375,-29.735488891601562,225.04918776507338,-197.55374222456146,-29.738237696362653,0.4292595570322116,0.33989525407969773,0.07970454479176856,3.5748652992729506e-05,20.38053599292606,35.147772134818595,nan,nan,nan
184.22,224.85398864746094,-197.1621856689453,-29.736820220947266,225.04815820737142,-197.54508171446298,-29.73972021306915,0.42932459703958725,0.3399458616859167,0.07972246361118975,3.5047262775312454e-05,20.337583582240324,34.09800024209526,nan,0.007290461005395079,nan
184.23,224.8528289794922,-197.15347290039062,-29.738235473632812,225.04704140111832,-197.536420325568,-29.741187423644988,0.4293901596133108,0.3399965545618252,0.07974044703006453,3.575201838192111e-05,20.26976819223216,34.175750362193064,nan,nan,nan
184.24,224.85157775878906,-197.14476013183594,-29.739734649658203,225.04583916035256,-197.52774743832168,-29.741426412951782,0.42944106828488227,0.34004733285087063,0.07975849495836361,3.5050725623615656e-05,20.036011316184126,34.0476068207055,nan,1.212957895553239,nan
184.25,224.85025024414062,-197.13604736328125,-29.741315841674805,225.0327741212713,-197.51408048264517,-29.742971515749154,0.419793694944875,0.33998258804384857,0.07974884653674094,3.573386201340088e-05,20.06504554678146,33.766220302519024,1.4765772362662886,nan,nan
184.26,224.8488311767578,-197.12733459472656,-29.742977142333984,225.03138072793533,-197.50542615401778,-29.746217603041156,0.4198667246019551,0.3400331511307565,0.07976690337974468,3.5033481392954214e-05,20.217038333604947,34.144985492173355,nan,1.6783431772034847,nan
184.27,224.8473358154297,-197.11863708496094,-29.744718551635742,225.02990508322986,-197.49675893752053,-29.748017452327677,0.41990303127503376,0.340083799419587,0.07978502500306306,3.573812083462624e-05,20.14944480310014,34.72861715756964,nan,nan,nan
184.28,224.84576416015625,-197.10992431640625,-29.746540069580078,225.0283472629336,-197.48808841617637,-29.749479095521192,0.41994441733190474,0.34013453305319463,0.07980321135592282,3.503777948805683e-05,20.021770842233046,33.67162886067121,nan,0.1236418221810633,nan
184.29,224.84410095214844,-197.10121154785156,-29.748437881469727,225.02670750862774,-197.47942147386104,-29.751435253232607,0.4199962938393688,0.34018535217790147,0.07982146276903752,3.5742802064824595e-05,19.956520238016775,33.93731679889332,nan,nan,nan
184.3,224.8424072265625,-197.09249877929688,-29.75041389465332,225.02157218974355,-197.47831458142718,-29.75240954572694,0.42539146656736015,0.3401205075340048,0.07981183298111451,3.5021326808533864e-05,21.042060091207034,33.62090759591284,9.810027716510632,0.5645066040337465,nan
184.31,224.8406982421875,-197.0837860107422,-29.75246810913086,225.01984290552494,-197.46968403828387,-29.754510368796353,0.4254577169207172,0.340171111154933,0.0798300926409945,3.572585999897639e-05,20.978649460679506,33.792608322425444,nan,nan,nan
184.32,224.83900451660156,-197.07508850097656,-29.75455665588379,225.0181199471278,-197.46105486038235,-29.756806247012044,0.42550843552836226,0.34022180005146924,0.07984841724455183,3.5026353756512e-05,20.938613955978706,34.6122340415775,nan,0.013304465748132478,nan
184.33,224.83734130859375,-197.06637573242188,-29.75664520263672,225.0164172361168,-197.4524250242875,-29.758984441163744,0.4255675217930463,0.3402725743705973,0.0798668070894162,3.57312778586189e-05,20.88246995949548,33.59117398702412,nan,nan,nan
184.34,224.83570861816406,-197.0576629638672,-29.758710861206055,225.01474158038963,-197.44379220894083,-29.76068355700188,0.4256201205219359,0.34032343425414074,0.0798852621743271,3.503172610729187e-05,20.776049626130217,33.481383406958,nan,0.15436751298879442,nan
184.35,224.8341064453125,-197.04896545410156,-29.760746002197266,225.00788255960757,-197.42194762374595,-29.76275460497319,0.4114825284957287,0.340258489830907,0.07987564704268575,3.5715032199898746e-05,19.314593745962178,33.973512878170155,13.192556583399817,nan,nan
184.36,224.83253479003906,-197.04025268554688,-29.76274299621582,225.00626067632223,-197.41326846541187,-29.764618141657333,0.4114911563613391,0.3403091339081841,0.0798941097029926,3.5016257073526323e-05,19.237189423825647,33.189968166261835,nan,0.040551595726756,nan
184.37,224.83099365234375,-197.0315399169922,-29.764705657958984,225.0046693930691,-197.40459127801114,-29.766683529622135,0.41150272520471237,0.34035986333877194,0.07991263778436582,3.5721087317032056e-05,19.181653937534602,33.02546534280748,nan,nan,nan
184.38,224.82948303222656,-197.02284240722656,-29.76662826538086,225.00310899052155,-197.3959136938023,-29.768591956893776,0.41149971366391924,0.3404106782638135,0.07993123131314481,3.5022223865198735e-05,19.115850036430224,33.82051084872249,nan,0.01022935366745833,nan
184.39000000000001,224.8280029296875,-197.01412963867188,-29.76851463317871,225.00157873818384,-197.38723731488972,-29.77058295958356,0.4115120621828141,0.34046157883135947,0.07994989054566232,3.5727445439019544e-05,19.061345888502295,32.89867604584478,nan,nan,nan
184.4,224.82655334472656,-197.00543212890625,-29.770362854003906,225.0122451359561,-197.3843343360863,-29.772309160531908,0.42196221637139497,0.34039653468278935,0.07994028576201004,3.5007315307487766e-05,19.04678776096744,33.6355990427254,1.709980549213437,0.07109392766301524,nan
184.41,224.82513427734375,-196.99671936035156,-29.772174835205078,225.01079412271653,-197.37566814863322,-29.77422649362187,0.42199048760160973,0.3404472191413396,0.07995895186470887,3.5712053484135414e-05,18.99299708405836,32.74499838463985,nan,nan,nan
184.42000000000002,224.82373046875,-196.98802185058594,-29.77395248413086,225.00937184413561,-197.36700291684892,-29.776243208888467,0.4220125783206033,0.3404979890236103,0.07997768361673425,3.501379133965909e-05,18.958996215502378,33.75265114669684,nan,0.012806843198939419,nan
184.43,224.82235717773438,-196.97930908203125,-29.775691986083984,225.0079779153373,-197.35833708699772,-29.77809182629368,0.42204626050961774,0.3405488444783167,0.07999648125169544,3.5718925032641034e-05,18.906685068903023,32.9431021586418,nan,nan,nan
184.44,224.82102966308594,-196.97059631347656,-29.77739715576172,225.00661163316408,-197.34967114063448,-29.779837198750496,0.4220714939588808,0.3405997856455592,0.08001534482997931,3.502051070884651e-05,18.85307372157298,32.44248952049306,nan,0.0033786784541891424,nan
184.45000000000002,224.81971740722656,-196.96189880371094,-29.779069900512695,225.0135134857764,-197.34833176307592,-29.781613901753936,0.4323121835979037,0.34053464183430665,0.08000574629596349,3.570401626201181e-05,19.293798863097216,33.413312000668,2.1829250211221334,nan,nan
184.46,224.81842041015625,-196.95318603515625,-29.78070831298828,225.01221309888803,-197.33968676384507,-29.783361807387276,0.4323719007005451,0.34058536659147387,0.08002461606620923,3.642298191068415e-05,19.24288536390441,32.908670205777085,nan,nan,nan
184.47,224.81716918945312,-196.94448852539062,-29.78231430053711,225.0109386977562,-197.33104179426792,-29.785077593561468,0.43240916712769883,0.34063617684779823,0.08004355186195444,3.7156412168444985e-05,19.1915240468454,33.120393335401744,nan,nan,nan
184.48,224.81593322753906,-196.93577575683594,-29.78388786315918,225.0096870187834,-197.32240595860972,-29.78871675077069,0.43248903188492477,0.3406870727449764,0.08006255379430152,3.6372581797746024e-05,19.56510051193738,32.993482888408145,nan,2.494425085689588,nan
184.49,224.81471252441406,-196.9270782470703,-29.785430908203125,225.00846283009136,-197.313761118598,-29.790389952239156,0.43253602878915415,0.3407380544331007,0.08008162207443692,3.7104694069795855e-05,19.52249764968896,33.89633560574081,nan,nan,nan
184.5,224.8135223388672,-196.91836547851562,-29.786941528320312,225.02462341642607,-197.32740772062166,-29.793239399638136,0.46034648250724347,0.34067281101489577,0.08007202549051831,3.630103055867908e-05,21.78825043164627,33.83303102828628,25.059927915594997,1.038251796989409,nan
184.51,224.81236267089844,-196.90966796875,-29.788423538208008,225.02347245387682,-197.3188329117895,-29.79486464782805,0.46046148478982024,0.34072357598679665,0.08009109918592754,3.703097544831813e-05,21.75412129046314,34.27096806649868,nan,nan,nan
184.52,224.81121826171875,-196.9009552001953,-29.789875030517578,225.02234433154558,-197.31025995617136,-29.796919466577503,0.4606020242080385,0.3407744265273371,0.08011023920944786,3.625380966692085e-05,21.942362538822213,33.99611972550856,nan,0.13807949241599246,nan
184.53,224.8101043701172,-196.8922576904297,-29.791297912597656,225.02123992596447,-197.3016851644276,-29.79849226394597,0.46071774233099605,0.34082536278713405,0.08012944575640324,3.6982586116038386e-05,21.911519419099065,34.45332559120848,nan,nan,nan
184.54,224.8090057373047,-196.883544921875,-29.792694091796875,225.0201599228619,-197.29310561793315,-29.798784847537988,0.46082876552952023,0.3408763849044271,0.0801487189238837,3.620815023198924e-05,21.476665747163075,33.433700157186486,nan,1.0336761664483372,nan
184.55,224.8079376220703,-196.87484741210938,-29.79405975341797,224.99884019190918,-197.27619510706145,-29.800326266347458,0.4444806324225241,0.3408110419477844,0.08013912010847687,3.6912407241676506e-05,21.63664287418469,33.97739849695452,3.5930176832477674,nan,nan
184.56,224.806884765625,-196.8661346435547,-29.795398712158203,224.99776804057643,-197.26761119640628,-29.80227940932648,0.4445977858011685,0.34086184704448536,0.08015839793841996,3.6141607606691427e-05,21.82336486934151,33.58517509114762,nan,0.14816700973522032,nan
184.57,224.80584716796875,-196.85743713378906,-29.79671287536621,224.99671773917754,-197.25902570873075,-29.803738104148508,0.44469575252829446,0.3409127377879507,0.08017774246540135,3.686733308997574e-05,21.79052775726581,34.320601745422145,nan,nan,nan
184.58,224.80484008789062,-196.84873962402344,-29.797998428344727,224.9956881578008,-197.25044032971562,-29.805171406682323,0.4447897192609836,0.3409637143193983,0.08019715381504743,3.760756829697549e-05,21.759155500044265,34.128775943803305,nan,nan,nan
184.59,224.80384826660156,-196.84002685546875,-29.799259185791016,224.9946789795097,-197.24185510458102,-29.80657981226637,0.44489987002206766,0.3410147767833283,0.08021663213185838,3.83624577278907e-05,21.72906136526375,33.471099727669916,nan,nan,nan
184.6,224.80288696289062,-196.83132934570312,-29.800495147705078,225.01539864129833,-197.25197933126537,-29.807803759510538,0.4713396223740423,0.3409493343461988,0.08020702678408442,3.747752797399972e-05,22.88874415670188,34.22926708540132,13.800426365404565,0.0010706220527792955,nan
184.61,224.8019256591797,-196.82261657714844,-29.801706314086914,225.01446296136075,-197.24344431868178,-29.809161011545218,0.47151210522812015,0.34100017948493916,0.08022650898586411,3.822866301239014e-05,22.85894224885617,34.02373380903239,nan,nan,nan
184.62,224.80099487304688,-196.8139190673828,-29.802894592285156,225.01354653914976,-197.23490900632612,-29.810480618602938,0.4716654399570688,0.34105111033430424,0.0802460581744355,3.737518102332422e-05,22.88554180432758,34.396152344109794,nan,0.0001222577966395116,nan
184.63,224.80007934570312,-196.80520629882812,-29.804058074951172,225.01264901245736,-197.2263736491791,-29.811791282948015,0.471834295840802,0.3411021270465157,0.08026567451929026,3.812368264627954e-05,22.856926871058192,33.83111425471975,nan,nan,nan
184.64000000000001,224.7991943359375,-196.79649353027344,-29.80519676208496,225.01176749008707,-197.21784238586562,-29.814655283038448,0.47202930798051884,0.34115322975826873,0.08028535814204485,3.727628124615492e-05,23.631638115670317,34.35386369196512,nan,1.541575148917022,nan
184.65,224.79830932617188,-196.7877960205078,-29.80631446838379,225.02548598254074,-197.21488890505123,-29.815815971521236,0.48384692185485983,0.3410876879151784,0.0802757420202407,3.799768740064488e-05,23.452855602398824,35.34651824741526,2.4173930578474754,nan,nan
184.66,224.79745483398438,-196.77908325195312,-29.807409286499023,225.0246648344273,-197.2063627921567,-29.818375923142813,0.4840583197272246,0.34113857299666234,0.08029542873730867,3.7157282236353216e-05,24.256998083763037,35.17763990012428,nan,1.059399132826818,nan
184.67000000000002,224.79660034179688,-196.7703857421875,-29.808483123779297,225.02386310993654,-197.19783359612478,-29.819625791025533,0.48423567882948415,0.3411895438668528,0.08031518277991709,3.789999957245132e-05,24.236712020141272,36.23183833061447,nan,nan,nan
184.68,224.7957763671875,-196.7616729736328,-29.80953598022461,225.02307672445932,-197.18930628100068,-29.82183989259799,0.48444513027376984,0.3412406006622355,0.08033500427711382,3.7065312172388124e-05,24.988421966680768,35.94850295213368,nan,0.6092258813757766,nan
184.69,224.7949676513672,-196.7529754638672,-29.810565948486328,225.02230833576837,-197.18077683383044,-29.823058839350075,0.48461724200503264,0.3412917435353907,0.08035489338723246,3.780581896524122e-05,24.97383322357544,36.66961053211883,nan,nan,nan
184.70000000000002,224.79417419433594,-196.7442626953125,-29.81157684326172,225.0570966929789,-197.17509429290126,-29.825063494563175,0.5049019662636163,0.3364290576781541,0.0803214111849603,3.695336244719925e-05,31.253148636961747,42.9046353883344,4.866803589842711,0.4008315545667823,0.048059506766896215
184.71,224.79339599609375,-196.73556518554688,-29.81256675720215,225.05640256619463,-197.16654557154592,-29.82625166925423,0.5050780393661899,0.3364755668948797,0.08034073677977219,3.7690853255419194e-05,31.21967640489187,43.60382046248592,nan,nan,nan
184.72,224.79263305664062,-196.7268524169922,-29.81353759765625,225.05575001779155,-197.1579932062589,-29.826282101247724,0.5052477983985905,0.3365221591237039,0.08036012335748456,3.686813154504904e-05,30.579022395249122,42.273881367483995,nan,0.8236111031472688,nan
184.73,224.79188537597656,-196.71815490722656,-29.81448745727539,225.0550868202698,-197.14944452529463,-29.827421703258448,0.5054236140610062,0.33656883612971433,0.08037957109412765,3.760367651702987e-05,30.542586181377203,42.95710255472917,nan,nan,nan
184.74,224.79115295410156,-196.70944213867188,-29.815420150756836,225.0544968961713,-197.1408880554593,-29.825932957612515,0.5055750488753856,0.33661559646240813,0.08039908010465137,3.6786136555020184e-05,29.02098743437074,40.71171676525164,nan,4.346608627796133,nan
184.75,224.79043579101562,-196.7007293701172,-29.816333770751953,225.0509185265183,-197.12378623871214,-29.82711901327008,0.49693529862196495,0.3365550976900023,0.08038937379985206,3.749604999211845e-05,27.89365886812155,40.507253463025464,8.265718636651727,nan,nan
184.76,224.78973388671875,-196.69203186035156,-29.817228317260742,225.05031695090372,-197.1152032186028,-29.827555525660358,0.4970756310839987,0.33660166400236397,0.08040887998560366,3.668454759330211e-05,27.61797488394881,40.94174540071929,nan,0.2518897342369015,nan
184.77,224.78904724121094,-196.68331909179688,-29.818105697631836,225.04971579281317,-197.10662199469994,-29.828595437715588,0.49723583544188604,0.33664831498499415,0.08042844755890577,3.741563445291431e-05,27.573657701389347,40.14563307544973,nan,nan,nan
184.78,224.7883758544922,-196.67462158203125,-29.818965911865234,225.04914688808736,-197.09803861221178,-29.828781136617785,0.4973729506578943,0.3366950492926695,0.08044807664211208,3.660896914797476e-05,27.184171597666996,40.426758942128686,nan,0.45180727592687947,nan
184.79,224.78770446777344,-196.66590881347656,-29.819808959960938,225.04857338804223,-197.08945741448423,-29.82977985563559,0.4975393750632322,0.3367418685347894,0.08046776740026593,3.73384604031429e-05,27.13670565733527,40.05980964319895,nan,nan,nan
184.8,224.7870635986328,-196.65719604492188,-29.820634841918945,225.04154634049792,-197.0759518774384,-29.830353369623683,0.49011464266489335,0.33668130647751354,0.08045804808176103,3.6513936913569555e-05,26.723842002562847,39.35130561375055,1.0006111283760124,0.1299296502125467,nan
184.81,224.7864227294922,-196.64849853515625,-29.82144546508789,225.04099081924318,-197.06735787651672,-29.831317086917437,0.4902504554632695,0.33672793142940416,0.0804777355212202,3.7241027555995915e-05,26.673238398061272,40.37534265285721,nan,nan,nan
184.82,224.78579711914062,-196.63978576660156,-29.82223892211914,225.04045490049657,-197.05876302288289,-29.831950098808452,0.4903945695446158,0.3367746397020745,0.080497484702372,3.644452973479163e-05,26.566360024422334,39.517626658584405,nan,0.06468436196468431,nan
184.83,224.78518676757812,-196.63107299804688,-29.823015213012695,225.03992480719177,-197.0501688676197,-29.832880412713948,0.4905406597667029,0.33682143280389876,0.08051729578456827,3.7170242695953515e-05,26.519486483680318,39.42220877613727,nan,nan,nan
184.84,224.7845916748047,-196.62237548828125,-29.82377815246582,225.03943727960382,-197.04157166624066,-29.832322771095406,0.49065744507623,0.3368683095391813,0.08053716889862317,3.637807889576948e-05,25.828712973213936,39.32802794131104,nan,1.4163987876549657,nan
184.85,224.7840118408203,-196.61366271972656,-29.82452392578125,225.05365284753793,-197.0408098725968,-29.833068098074577,0.5052068542577669,0.3368076852775029,0.0805274333339077,3.707930227156505e-05,25.91061008408082,38.626578064866614,3.0466361208513693,nan,nan
184.86,224.78343200683594,-196.60494995117188,-29.82525634765625,225.05314956766912,-197.0322328746059,-29.835531576116654,0.5053947364190217,0.33685436750123676,0.080547302617722,3.6292288537529824e-05,26.773819948343185,39.800586081716844,nan,1.665804756952337,nan
184.87,224.78286743164062,-196.59625244140625,-29.825973510742188,225.05269041091114,-197.023652943926,-29.836403040812048,0.5055535627349864,0.3369011344498437,0.08056723402570962,3.7014630973985403e-05,26.72428527741187,40.383496693435625,nan,nan,nan
184.88,224.78221130371094,-196.58753967285156,-29.8267822265625,225.05220805166172,-197.01507143899522,-29.836443362964626,0.5057420217091875,0.33694798502402606,0.08058722769294811,3.623163286734208e-05,26.281567747002338,39.205381655140336,nan,0.4984003925885016,nan
184.89000000000001,224.78146362304688,-196.57882690429688,-29.827680587768555,225.0516161495735,-197.00649127866666,-29.83743689590246,0.5059391171299401,0.33699492058931396,0.08060728377245925,3.695288246608641e-05,26.201367332315648,39.15671023909972,nan,nan,nan
184.9,224.78062438964844,-196.57012939453125,-29.82866668701172,225.05396652692647,-196.9948390838837,-29.838308462031037,0.5051605765171168,0.33693423248406146,0.08059752866193486,3.61516974201098e-05,25.46423718472905,39.81466265039197,2.7143655463643444,0.026070346430993145,nan
184.91,224.77969360351562,-196.56141662597656,-29.829740524291992,225.0532039264017,-196.98624282781924,-29.839479305848627,0.505351404829871,0.3369809732627502,0.08061758037710748,3.687104301796831e-05,25.38482038640236,39.07419555575924,nan,nan,nan
184.92000000000002,224.7786865234375,-196.55270385742188,-29.830902099609375,225.05234724802648,-196.9776469324429,-29.840997639273787,0.5055380590143539,0.3370277976562718,0.08063769457490204,3.609656476653338e-05,25.556938336030264,38.889218250589295,nan,0.04450787278197672,nan
184.93,224.777587890625,-196.5439910888672,-29.832149505615234,225.05140762180224,-196.96905068320697,-29.84234676354285,0.5057241224141101,0.33707470693863834,0.08065787140527278,3.681499399462158e-05,25.478765003324362,38.94529958144521,nan,nan,nan
184.94,224.77639770507812,-196.53529357910156,-29.83348274230957,225.0503339932827,-196.96045734386044,-29.846255609973138,0.5059332594400066,0.3371217001462674,0.08067811100786308,3.604407049265349e-05,27.098982485866863,41.44216942397192,nan,4.068925930978788,nan
184.95000000000002,224.77511596679688,-196.52658081054688,-29.834897994995117,225.03290149051458,-196.9507971800575,-29.847862025841657,0.49656920010706224,0.337060949016627,0.08066833303594431,3.673888584994671e-05,28.118597616747717,40.87496444936193,7.778171405422239,nan,nan
184.96,224.7737579345703,-196.5178680419922,-29.836397171020508,225.03168498823638,-196.94221478274127,-29.84863600728941,0.4967356545592911,0.3371077472061509,0.08068856772166523,3.597230845355349e-05,27.63046936609392,40.1447740373322,nan,0.489446215989465,nan
184.97,224.77230834960938,-196.50917053222656,-29.837976455688477,225.03036862125938,-196.93363346714003,-29.850341214941576,0.4969072088336166,0.3371546301834558,0.0807088652571255,3.668824346479996e-05,27.553444242129554,41.062266011387656,nan,nan,nan
184.98,224.77078247070312,-196.50045776367188,-29.83963966369629,225.0290026652597,-196.92505059500547,-29.850305600512325,0.4970618709022836,0.33720159707139397,0.08072922578405499,3.5924933250046914e-05,26.475742932449066,39.0344827479022,nan,2.225681672730175,nan
184.99,224.76918029785156,-196.4917449951172,-29.841381072998047,225.0275212999143,-196.9164694275981,-29.852156791521576,0.49723941215746315,0.33724864901567875,0.08074964944930713,3.6640179045340994e-05,26.401605504348865,38.865531151192904,nan,nan,nan
185.0,224.76748657226562,-196.4830322265625,-29.843202590942383,225.00799654620204,-196.89233362202853,-29.853749016152673,0.4748514578034375,0.3371878334283833,0.08073984525645622,3.585829283014007e-05,25.224919988090203,38.68843472287012,10.168498862347727,0.12871394100455813,nan
185.01,224.76571655273438,-196.47433471679688,-29.84510040283203,225.00633154145478,-196.8837109607711,-29.855758004017535,0.47497164798586183,0.3372346900748271,0.08076026343145654,3.6572030154387676e-05,25.14912543008557,39.31850483305137,nan,nan,nan
185.02,224.7638702392578,-196.4656219482422,-29.847078323364258,225.0046256130163,-196.87508709978485,-29.85566633161354,0.47507748231959784,0.3372816306143046,0.08078074481332136,3.581575510509379e-05,24.025613681876802,37.31920184765805,nan,3.199970170110256,nan
185.03,224.76194763183594,-196.45692443847656,-29.849130630493164,225.00280304397964,-196.86646468884553,-29.85781044588795,0.4751945763857925,0.3373286561112913,0.08080128954762375,3.6528943502539294e-05,23.949913523159363,38.00480855698108,nan,nan,nan
185.04,224.75994873046875,-196.44821166992188,-29.851221084594727,225.00094632994418,-196.85784154577246,-29.857704040671333,0.47530885417986696,0.3373757658093071,0.08082189777800516,3.5775522049466775e-05,22.98570242821754,36.41559490954503,nan,3.59731505796093,nan
185.05,224.75794982910156,-196.4394989013672,-29.853307723999023,225.01738195049097,-196.85450562978767,-29.859819435235814,0.4894670700119774,0.3373148863488812,0.08081206398001936,3.646575449374587e-05,22.46528343299498,36.02891166175716,4.505841949132593,nan,nan
185.06,224.75595092773438,-196.43080139160156,-29.85537338256836,225.01547304555507,-196.8458847142938,-29.862177836078146,0.4895836956056887,0.3373618005075162,0.0808326661279821,3.571596456528714e-05,22.52324171597246,37.17777122538391,nan,0.020511986685693456,nan
185.07,224.7539825439453,-196.42208862304688,-29.85740852355957,225.01358628375047,-196.83726408118775,-29.86433817794431,0.48970683359863915,0.33740879952609565,0.08085333183923303,3.6427351094798845e-05,22.472759375765726,36.19679794616715,nan,nan,nan
185.08,224.7520294189453,-196.41339111328125,-29.859407424926758,225.01170352886402,-196.82864413426128,-29.867983617347363,0.48983595812429903,0.33745588272411503,0.08087406125804918,3.56801601665981e-05,23.140680914323006,38.133926260399996,nan,1.5638738910663268,nan
185.09,224.75013732910156,-196.40467834472656,-29.86136817932129,225.0098798213403,-196.82002425223322,-29.870090820643505,0.4899535382345503,0.3375030510531096,0.08089485452905654,3.6391174968626065e-05,23.099066357671887,36.59383662726816,nan,nan,nan
185.1,224.74826049804688,-196.39598083496094,-29.863292694091797,225.01622923620377,-196.81279493825193,-29.87312921017973,0.4956188034976255,0.33744210646920486,0.08088498771093448,3.5624995207767165e-05,23.352242063686244,38.55613852210903,1.8980591405274372,0.48257088425027783,nan
185.11,224.74642944335938,-196.3872833251953,-29.865177154541016,225.0144942107404,-196.80417244428276,-29.87517404858771,0.49573702203398695,0.33748907897473307,0.08090577428784738,3.6334810105605124e-05,23.313232237297797,38.27525658144509,nan,nan,nan
185.12,224.74464416503906,-196.37857055664062,-29.867027282714844,225.01281741399143,-196.79555040469418,-29.875809226950768,0.4958489766864485,0.3375361356351306,0.08092662478008837,3.5593341537493426e-05,22.659067368489584,36.49035319516966,nan,1.2865805147128948,nan
185.13,224.7428741455078,-196.369873046875,-29.868839263916016,225.0111546126814,-196.78692858397028,-29.877768106401028,0.4959732395168413,0.33758327733121973,0.08094753933216169,3.630289399563775e-05,22.614681797986933,37.83402051388123,nan,nan,nan
185.14000000000001,224.74114990234375,-196.3611602783203,-29.870615005493164,225.00954882100328,-196.77830723096145,-29.87828629906792,0.4960931448634397,0.33763050348768103,0.08096851808853338,3.556366015643573e-05,22.002714156164853,36.125965124434856,nan,1.3499470317184097,nan
185.15,224.7394561767578,-196.3524627685547,-29.87235450744629,225.02035799539917,-196.78153518512673,-29.880150809243027,0.5129032586177402,0.33756949415807425,0.08095861481001597,3.6250738781626593e-05,22.849500589765043,37.19278563119242,5.786043381255507,nan,nan
185.16,224.73780822753906,-196.34376525878906,-29.874061584472656,225.0188049227449,-196.77294703801886,-29.882546725607185,0.5130576380481257,0.3376165242397721,0.08097958624182841,3.5514512450351785e-05,23.12903347921383,37.050078511038215,nan,0.21108447217557855,nan
185.17000000000002,224.73617553710938,-196.33505249023438,-29.875732421875,225.01729357558753,-196.7643591061311,-29.88435973868327,0.5132308959969406,0.33766363926313786,0.08100062193776385,3.622279806842119e-05,23.086722131649438,36.865219746415896,nan,nan,nan
185.18,224.73458862304688,-196.32635498046875,-29.877370834350586,225.01577823741718,-196.75577023318476,-29.888622105239104,0.5134117739120173,0.33771083871834634,0.08102172204201612,3.54885852834509e-05,24.528075187994848,38.62407775166616,nan,4.228735526549202,nan
185.19,224.7330322265625,-196.31765747070312,-29.878976821899414,225.01433174074825,-196.74718228618457,-29.890394884936665,0.5135672847437107,0.3377581233887335,0.08104288669949151,3.619674320081118e-05,24.49193698602288,38.61484658010638,nan,nan,nan
185.20000000000002,224.73150634765625,-196.30894470214844,-29.880550384521484,225.0402884786512,-196.75980421106604,-29.890811664743822,0.5465583180915001,0.3376970482222629,0.08103294349605472,3.544313162222743e-05,25.042174763587777,37.81095137489583,15.674780097228984,1.0820602443791927,nan
185.21,224.72999572753906,-196.3002471923828,-29.88209342956543,225.03894038213033,-196.7512695963729,-29.892508374964756,0.546787417182579,0.33774413652968116,0.08105410018007456,3.615032470352882e-05,25.00161544493543,38.91713786470136,nan,nan,nan
185.22,224.72853088378906,-196.2915496826172,-29.88360595703125,225.03760270113156,-196.74273413397947,-29.895560833271727,0.5470244203802991,0.3377913092374988,0.08107532147281003,3.542069408041244e-05,25.96685406665695,39.37950292845178,nan,1.3233618872158328,nan
185.23,224.7270965576172,-196.2828369140625,-29.885086059570312,225.03631412305114,-196.73419947720532,-29.897211833988237,0.5472574353857558,0.33783856706868626,0.08109660751973716,3.6127842677966375e-05,25.93510872614076,38.66790563255581,nan,nan,nan
185.24,224.72567749023438,-196.27413940429688,-29.886539459228516,225.03505225445284,-196.72566462310496,-29.899007517217214,0.5474881007153747,0.3378859096033278,0.08111795846420873,3.539991046200773e-05,26.187003443786118,39.99732137883462,nan,0.02075866495921032,nan
185.25,224.72430419921875,-196.26544189453125,-29.887962341308594,225.02273181259977,-196.71095930974843,-29.900456306610533,0.5363775786319356,0.33782476879902995,0.08110797185061891,3.60849276943006e-05,25.95697126097037,39.112556814763316,2.25902308391886,nan,nan
185.26,224.7229461669922,-196.25674438476562,-29.88935661315918,225.02154328275537,-196.7024141345493,-29.89960200904624,0.5365507725753527,0.33787191471002276,0.08112931415420492,3.5359467429189665e-05,24.530695461639734,38.059681551083806,nan,4.047466057430793,nan
185.27,224.72161865234375,-196.24803161621094,-29.890724182128906,225.02034950736146,-196.69386715952155,-29.901115960525072,0.5367657258776042,0.33791914565375325,0.08115072140954455,3.60657521427437e-05,24.489851457881556,37.20179606357995,nan,nan,nan
185.28,224.72032165527344,-196.2393341064453,-29.89206314086914,225.01919295706006,-196.68532086841614,-29.901814941836662,0.5369574885472437,0.3379664612656722,0.08117219375921081,3.534180172142464e-05,24.118226572901065,37.43765743801125,nan,0.4302832442422972,nan
185.29,224.7190399169922,-196.2306365966797,-29.893375396728516,225.01805230312286,-196.67677397173873,-29.903268310709443,0.5371636940739386,0.3380138621862415,0.08119373134983805,3.6048141293841594e-05,24.073690181983206,37.71006056115002,nan,nan,nan
185.3,224.71778869628906,-196.221923828125,-29.894662857055664,225.0070552891979,-196.6628742486913,-29.90418012003975,0.5274495364159466,0.3379526547887247,0.08118369781901838,3.53044037902197e-05,23.80040840237914,36.45806023817799,1.0893754282715837,0.15170227677541434,nan
185.31,224.71656799316406,-196.21322631835938,-29.895923614501953,225.00594974971798,-196.6543172680891,-29.905577225737538,0.527632655518585,0.33799985879346744,0.08120522608378264,3.600995263659018e-05,23.75500570264575,36.96456540418814,nan,nan,nan
185.32,224.71536254882812,-196.20452880859375,-29.897159576416016,225.0048772461873,-196.64576102114694,-29.90628463276318,0.527814259029537,0.3380471474283469,0.0812268196361187,3.528961158647072e-05,23.458433944632482,36.95668547851493,nan,0.3073497797588438,nan
185.33,224.7141876220703,-196.19581604003906,-29.89837074279785,225.00382066380877,-196.63720403167432,-29.907626835675728,0.5280116791149939,0.3380945212832998,0.08124847862358152,3.599527701913905e-05,23.413625564043226,36.012162519936034,nan,nan,nan
185.34,224.71304321289062,-196.18711853027344,-29.89955711364746,225.00278674363724,-196.6286467404385,-29.90902962730429,0.5281933381784272,0.33814198006911994,0.08127020318737783,3.527617800937994e-05,23.510072206777608,36.639134396712684,nan,0.004922391284651157,nan
185.35,224.7119140625,-196.1784210205078,-29.900720596313477,224.99159888175,-196.61879259574062,-29.91026693559216,0.5217680087793359,0.33808070612582836,0.08126011921904848,3.595994570212216e-05,23.951951189407538,36.72677957843097,2.1319511164726968,nan,nan
185.36,224.71080017089844,-196.1697235107422,-29.9018611907959,224.990616201894,-196.61024349542362,-29.909446363489558,0.5219314159452649,0.3381279677262085,0.08128183375391738,3.524286706681801e-05,22.983000721365805,35.97671946506812,nan,3.051386760648465,nan
185.37,224.709716796875,-196.1610107421875,-29.902978897094727,224.9896314424219,-196.60169193080472,-29.910676675043664,0.5221219920460051,0.3381753144591263,0.08130361391464049,3.594796287592935e-05,22.93442030132393,35.01163898773244,nan,nan,nan
185.38,224.70864868164062,-196.15231323242188,-29.90407371520996,224.9886759949122,-196.59314100799844,-29.91124903900058,0.5222986781233314,0.33822274608125313,0.0813254598414248,3.523196863498652e-05,22.680561544425412,35.673449170276584,nan,0.2822458861008836,nan
185.39000000000001,224.70761108398438,-196.14361572265625,-29.905147552490234,224.98773479125148,-196.58458914714757,-29.91243056464214,0.5224747790531843,0.3382702631140834,0.0813473716833135,3.593725147790167e-05,22.629130130760956,35.3583123609301,nan,nan,nan
185.4,224.7065887451172,-196.13490295410156,-29.906200408935547,225.00095516038888,-196.59276023959941,-29.91395807832213,0.5443758460454335,0.3382089217831224,0.08133723373549774,3.5201116024076574e-05,24.250866314027533,35.55812125535612,12.129499219160145,0.10494748594751249,nan
185.41,224.70558166503906,-196.12620544433594,-29.907230377197266,225.0000690802245,-196.5842566296932,-29.915102207574463,0.5446059968667917,0.33825624133444826,0.08135913482859428,3.5905732725571206e-05,24.201731308953637,36.37408377671632,nan,nan,nan
185.42000000000002,224.70460510253906,-196.1175079345703,-29.908241271972656,224.9992102413361,-196.57575374362065,-29.915577477486128,0.544825870557886,0.3383036457307106,0.08138110187400913,3.5192532953339336e-05,23.94076125102582,35.798595560897006,nan,0.29430546614258524,nan
185.43,224.70364379882812,-196.10879516601562,-29.909231185913086,224.99836408304995,-196.56724976031043,-29.916676193632952,0.5450652154575247,0.338351135451968,0.08140313502181647,3.5897381087606416e-05,23.893008315743366,35.25528696604114,nan,nan,nan
185.44,224.70269775390625,-196.10009765625,-29.910202026367188,224.99753571030269,-196.55874534912982,-29.917902507198217,0.5452948047808991,0.3383987103167502,0.08142523441068876,3.5185042260960684e-05,23.96944851700943,36.11628272314724,nan,0.015006412150125598,nan
185.45000000000002,224.7017822265625,-196.0913848876953,-29.911151885986328,225.01469255257066,-196.56265533740816,-29.918881782044437,0.5657459325422979,0.33833730151953095,0.08141503893708758,3.586814337924563e-05,24.509479390639427,35.54890603685034,5.088820290643054,nan,nan
185.46,224.70086669921875,-196.0826873779297,-29.912084579467773,225.01396250917202,-196.554183952532,-29.91665952591149,0.5660025938164561,0.3383846786247641,0.0814371268397993,3.515745114391379e-05,23.374546388101113,35.61110950940138,nan,7.460140573811828,nan
185.47,224.69998168945312,-196.07398986816406,-29.91299819946289,225.0132173674664,-196.54570737453767,-29.917652521746277,0.5662646541288755,0.33843214097015323,0.08145928102874093,3.586193638976969e-05,23.31976062263573,35.20427037606231,nan,nan,nan
185.48,224.69911193847656,-196.06527709960938,-29.91389274597168,225.0124908621852,-196.53723080812864,-29.91853484714472,0.566540556282748,0.3384796884114588,0.08148150164156417,3.515197601307788e-05,23.2672942509128,34.6149266892823,nan,0.006095755774849032,nan
185.49,224.69825744628906,-196.05657958984375,-29.914772033691406,225.01178070995235,-196.52875384994945,-29.919492524158816,0.566804773969573,0.3385273213731401,0.08150378882986631,3.585674009241424e-05,23.212143324442064,35.2535305783362,nan,nan,nan
185.5,224.6974334716797,-196.04786682128906,-29.915630340576172,225.00023595021582,-196.51000562071218,-29.920234418080017,0.5525240342912946,0.338465844360748,0.08149353226166348,3.5126325915656844e-05,22.469152778166134,33.814978170923496,3.7714125699736822,0.03642901716082645,nan
185.51,224.6966094970703,-196.03916931152344,-29.916473388671875,224.9995466154374,-196.50150121586066,-29.921157388001507,0.5527600087762787,0.33851327926297314,0.08151580721029038,3.583050911706809e-05,22.413994200927345,34.90721613895407,nan,nan,nan
185.52,224.69580078125,-196.03045654296875,-29.917299270629883,224.99887240897363,-196.4929965274489,-29.92221863564161,0.5530098090685726,0.33856079921109217,0.08153814876219906,3.512267358114452e-05,22.428809405453837,34.31337040560417,nan,0.016688326539540964,nan
185.53,224.6950225830078,-196.02175903320312,-29.918109893798828,224.99821584426425,-196.484492241536,-29.923111548428093,0.5532388203248073,0.33860840459630276,0.08156055706996629,3.5827166381638536e-05,22.375179418661087,34.47456453173984,nan,nan,nan
185.54,224.69424438476562,-196.0130615234375,-29.918903350830078,224.99757320471545,-196.47598765097104,-29.924188899395194,0.5534771084597655,0.3386560953240741,0.08158303226978136,3.5119879789655056e-05,22.408717027474438,35.00577301363538,nan,0.028017532445354234,nan
185.55,224.69349670410156,-196.0043487548828,-29.919679641723633,225.01247549274854,-196.4825293427084,-29.92520061350079,0.5748344312141386,0.33859454991533733,0.08157271104298018,3.580271490413526e-05,23.521642539938632,34.57200476918123,8.975430444607108,nan,nan
185.56,224.6927490234375,-195.9956512451172,-29.920442581176758,225.0118783259619,-196.4740636216269,-29.926663163987012,0.5751179091089743,0.33864204229771216,0.08159517323277844,3.509677155290911e-05,23.71030414573507,35.83230428741861,nan,0.26089303955223586,nan
185.57,224.69203186035156,-195.9869384765625,-29.921188354492188,225.01130145225267,-196.46559873769823,-29.92750787297098,0.5754030363293423,0.3386896200345703,0.08161770235536765,3.580103942949407e-05,23.663930462931766,34.744676489793285,nan,nan,nan
185.58,224.69131469726562,-195.97824096679688,-29.921920776367188,225.01073142906705,-196.45713188314477,-29.92928073713364,0.5756889154202227,0.33873728306093437,0.08164029854602453,3.509554168992674e-05,24.029647769495,36.18122031118068,nan,0.6233125744966717,nan
185.59,224.6906280517578,-195.9695281982422,-29.922637939453125,225.01018365854233,-196.44866658299028,-29.930107152081394,0.5759732343639972,0.33878503172382474,0.08166296195869176,3.5800148660769726e-05,23.985490671337686,35.037470612455834,nan,nan,nan
185.6,224.68983459472656,-195.96083068847656,-29.923446655273438,224.9773370702009,-196.42539290542442,-29.93094676391014,0.5463807998538504,0.3387234173389948,0.08165257249080793,3.6496224969426827e-05,23.97532747362908,35.54858150016137,9.572023629168646,nan,nan
185.61,224.68894958496094,-195.95211791992188,-29.924345016479492,224.9766064216879,-196.41690471482198,-29.9319033190376,0.5466537737607221,0.3387709673528056,0.08167522210754853,3.722870964202368e-05,23.905471944267855,34.8942110611349,nan,nan,nan
185.62,224.68798828125,-195.9434051513672,-29.925331115722656,224.97578595157296,-196.40841634079828,-29.932985188916017,0.5469200034519619,0.3388186025936056,0.0816979389646081,3.64382673095429e-05,23.916636552940155,34.59172960699535,nan,0.0008047322933624826,nan
185.63,224.6869354248047,-195.93470764160156,-29.926406860351562,224.97487718839963,-196.39992798038077,-29.934121440348786,0.547174503774196,0.33886632339684086,0.08172072321755221,3.716939503147577e-05,23.84583548237448,35.24387554883154,nan,nan,nan
185.64000000000001,224.685791015625,-195.92599487304688,-29.927568435668945,224.9738944556039,-196.391442969847,-29.933554351684784,0.5474315976750644,0.3389141297227174,0.08174357499964142,3.638239223469199e-05,23.16725896122385,34.09600528050443,nan,2.0945170315448025,nan
185.65,224.6845703125,-195.91729736328125,-29.928813934326172,224.99316532146804,-196.39281406354507,-29.934877749379528,0.5669072072595148,0.33885244590992925,0.08173311370688499,3.708868495516572e-05,23.22388356047876,34.79489233269259,3.8887448180863093,nan,nan
185.66,224.68324279785156,-195.90858459472656,-29.930147171020508,224.99203227184853,-196.38434242645405,-29.935972554177017,0.5672128249522292,0.3389000532940065,0.08175595089110292,3.6306009805661824e-05,23.10472898629101,34.64999501360542,nan,0.053718438483769476,nan
185.67000000000002,224.68185424804688,-195.89988708496094,-29.931562423706055,224.99081252738364,-196.37587027029255,-29.93743613729391,0.5674942392663347,0.33894774615836426,0.08177885564120943,3.703374257274642e-05,23.038762486839037,34.58702403990643,nan,nan,nan
185.68,224.6803741455078,-195.89117431640625,-29.933061599731445,224.98949890293366,-196.36739520516497,-29.940412964479123,0.5678014557108729,0.33899552448855885,0.08180182808981713,3.6254300719689786e-05,23.536642401544057,34.69658820108143,nan,1.3416587741121715,nan
185.69,224.67881774902344,-195.88247680664062,-29.934642791748047,224.98811269528923,-196.3589229764684,-29.942058549887143,0.5680838934505075,0.339043388582105,0.08182486839346678,3.698091224156404e-05,23.470432870594937,35.10924288010014,nan,nan,nan
185.70000000000002,224.6771697998047,-195.87376403808594,-29.936304092407227,224.9981098567152,-196.34489038172765,-29.943937746174473,0.5701059765278422,0.33841939645383917,0.08110730856914486,3.6181922301193634e-05,30.180581139631013,41.32995344725143,0.5954989994845892,0.009400175075883444,0.1245655081463205
185.71,224.67544555664062,-195.8650665283203,-29.938045501708984,224.99657447973405,-196.33640826361,-29.945748863829355,0.570391232805161,0.3384656978178427,0.08112721295847733,3.6906568073633823e-05,30.09374047359886,41.7907074764193,nan,nan,nan
185.72,224.67364501953125,-195.85635375976562,-29.93986701965332,224.9949786620124,-196.32791495278389,-29.94655582589495,0.5706750464843698,0.3385120825219365,0.08114717817749546,3.613427045507086e-05,29.64300876424146,40.61315387926324,nan,0.7784439384103491,nan
185.73,224.6717529296875,-195.84765625,-29.94176483154297,224.9932845472309,-196.31943365668556,-29.94851630142783,0.5709659226999757,0.3385585516719177,0.08116720470973983,3.685794588589829e-05,29.557016563269553,41.59961213115115,nan,nan,nan
185.74,224.6697998046875,-195.8389434814453,-29.943742752075195,224.99149514552934,-196.31096310820797,-29.95154587083765,0.5712716595726851,0.3386051044748098,0.0811872923673997,3.608857028472813e-05,29.92729135222981,40.81733738778828,nan,0.6506201433636768,nan
185.75,224.6677703857422,-195.8302459716797,-29.9457950592041,224.99865959596346,-196.30857931886985,-29.953622610951186,0.581680093385833,0.3385434250910596,0.08117726337582808,3.6788236881121334e-05,30.206226255142127,41.63353930634579,1.3976605520033687,nan,nan
185.76,224.6656494140625,-195.821533203125,-29.947885513305664,224.9967409711729,-196.30011720881467,-29.956135860350937,0.5820071631158195,0.33858978385301447,0.08119734516750622,3.602263723122808e-05,30.34991006793908,41.648934054222636,nan,0.07225546230925557,nan
185.77,224.66346740722656,-195.81283569335938,-29.94997215270996,224.99475259106063,-196.29165210869354,-29.958341206913836,0.5823101181412704,0.3386362269591328,0.0812174884905521,3.6743665648443324e-05,30.284724442685864,41.80374705581411,nan,nan,nan
185.78,224.6612091064453,-195.8041229248047,-29.952037811279297,224.99269430036426,-196.28318467537,-29.9602498568089,0.5826234052404363,0.33868275371021755,0.08123769318540995,3.5980789796445574e-05,30.17371555461394,41.127285924273615,nan,0.054370895697070265,nan
185.79,224.65890502929688,-195.79542541503906,-29.954072952270508,224.99057559891642,-196.27472056558628,-29.9624154995231,0.5829226416811196,0.33872936507241796,0.08125795969427405,3.6701044443121106e-05,30.11506882613384,41.94005590381368,nan,nan,nan
185.8,224.6566162109375,-195.78672790527344,-29.956071853637695,224.96024594242297,-196.25820250353013,-29.96377967759852,0.5608375176407684,0.3386676412282463,0.08124791059164128,3.5918790472734155e-05,30.750835198348923,41.12597770093984,11.298024046872108,0.3089398078526434,nan
185.81,224.6543426513672,-195.7780303955078,-29.958032608032227,224.95807188120418,-196.2497396815987,-29.9658693609922,0.5610904653785328,0.338714058311931,0.08126817073251659,3.6637432854488806e-05,30.696765186196206,41.380722613236884,nan,nan,nan
185.82,224.65211486816406,-195.76931762695312,-29.959957122802734,224.95596213078568,-196.24125634066633,-29.965741556948764,0.5613223389304127,0.33876055902829044,0.08128849248727883,3.588064514280342e-05,29.880810117644856,39.64707572053113,nan,3.19258197650997,nan
185.83,224.64991760253906,-195.7606201171875,-29.961843490600586,224.95385513216553,-196.2327941428457,-29.967736349962998,0.5615701721184806,0.33880714425840014,0.08130887627172856,3.6598638826277777e-05,29.82181238167933,40.45658179398299,nan,nan,nan
185.84,224.64776611328125,-195.75192260742188,-29.96369171142578,224.95176559788737,-196.2243462462747,-29.9711832576761,0.5618326302849982,0.33885381342982124,0.08132932196497483,3.5844280047816484e-05,30.36404077262337,40.91052595142694,nan,1.4901946565396194,nan
185.85,224.64566040039062,-195.74322509765625,-29.965503692626953,224.95655864234075,-196.2166944794672,-29.973017088116436,0.5664692608358478,0.3387920454537867,0.08131924982915802,3.653891506793826e-05,29.911178930041547,40.68060710568593,1.649186802659523,nan,nan
185.86,224.64358520507812,-195.73451232910156,-29.9672794342041,224.95457826027214,-196.20823522668866,-29.975662702792256,0.5667453954549996,0.33883852014822635,0.08133968864626524,3.57878160781032e-05,30.25722801623668,40.75387658807564,nan,0.37519154185128367,nan
185.87,224.6415557861328,-195.72581481933594,-29.96902084350586,224.95265005117452,-196.19976933055622,-29.977535329773115,0.5669964875766795,0.338885079261521,0.08136018970595212,3.6503779887586544e-05,30.204566719127147,41.17095529968891,nan,nan,nan
185.88,224.6395721435547,-195.7171173095703,-29.970726013183594,224.95074721391651,-196.1913130041677,-29.980416570575613,0.5672613049485792,0.3389317222980872,0.08138075291185522,3.575492506418916e-05,30.770649809412696,41.61955182400809,nan,0.7349361203144358,nan
185.89000000000001,224.6376190185547,-195.7084197998047,-29.972396850585938,224.94889931682752,-196.1828475777017,-29.98223210834826,0.5675155265086291,0.33897845002445937,0.08140137864379786,3.647040069088729e-05,30.721676453648918,41.85093775924981,nan,nan,nan
185.9,224.63571166992188,-195.69972229003906,-29.974037170410156,224.9305627146781,-196.1712074682795,-29.9837760759593,0.5561746651687366,0.3389166367706094,0.08139127997950958,3.5701970731382487e-05,31.49092621240689,41.57080965990069,5.215444721258649,0.02721989183412221,nan
185.91,224.6338348388672,-195.69102478027344,-29.97564125061035,224.92875896564078,-196.16274856250843,-29.985524060567464,0.5564182214952152,0.3389631697779956,0.08141189829409293,3.6416116789786025e-05,31.44282843968803,41.80823212663051,nan,nan,nan
185.92000000000002,224.6320037841797,-195.6823272705078,-29.977216720581055,224.92698056754406,-196.15429754853753,-29.988145301386503,0.5566746625685978,0.3390097866866589,0.0814325789880089,3.56723865903259e-05,32.03609018639773,42.130083500134866,nan,0.5559931818908946,nan
185.93,224.6302032470703,-195.6736297607422,-29.978757858276367,224.9252512956939,-196.14583893249136,-29.989840083056297,0.556918008854711,0.33905648819402623,0.08145332241840184,3.6386146464109274e-05,31.990201317113627,42.315398585036746,nan,nan,nan
185.94,224.62843322753906,-195.66493225097656,-29.980270385742188,224.92356853930917,-196.13737385899597,-29.990718578056605,0.5571490733764565,0.3391032739075723,0.08147412852220848,3.564438804821466e-05,31.603976141042633,42.05762101131034,nan,0.4207091636598146,nan
185.95000000000002,224.626708984375,-195.65621948242188,-29.981752395629883,224.93998742867072,-196.13789096051835,-29.992406116246556,0.5746862606979264,0.33904141548605843,0.08146400027941217,3.6335291596463186e-05,31.740721847076195,41.518990044039036,3.2152782394295145,nan,nan
185.96,224.62501525878906,-195.64752197265625,-29.983203887939453,224.93840715177777,-196.12943940947764,-29.992971845946276,0.5749385249808591,0.3390880062696273,0.08148479841699745,3.559632137123577e-05,31.22487651676854,41.750666913900716,nan,0.7302334424354666,nan
185.97,224.62335205078125,-195.63882446289062,-29.98462677001953,224.93684771920383,-196.1209961228403,-29.99453373988161,0.5752105630377339,0.33913468156287735,0.08150565949869876,3.6308550934036245e-05,31.174871268780066,41.82368314267217,nan,nan,nan
185.98,224.62173461914062,-195.630126953125,-29.986021041870117,224.93532176482137,-196.11255273186205,-29.99606800954937,0.5754758652504853,0.33918144126566624,0.08152658357354296,3.7035153173726314e-05,31.125559234140148,41.44540911682226,nan,nan,nan
185.99,224.62013244628906,-195.62142944335938,-29.987388610839844,224.93382853322203,-196.10410929774642,-29.997575249565482,0.5757506790240706,0.33922828552249423,0.08154757078603028,3.777627259050598e-05,31.07389833732261,41.89317135949457,nan,nan,nan
186.0,224.6185760498047,-195.61273193359375,-29.988727569580078,224.95872982032253,-196.10760986220794,-29.99928437383667,0.6005998650874695,0.3391663809165427,0.08153740945518563,3.692687821853058e-05,31.269398289916857,42.20341734157901,6.394754727217014,0.03059640280817835,nan
186.01,224.61705017089844,-195.60403442382812,-29.990041732788086,224.95734432836488,-196.0991840594441,-30.00074127659979,0.6009057792151844,0.339213029996677,0.08155838812207049,3.766504926450486e-05,31.219098191254695,42.161848671650716,nan,nan,nan
186.02,224.61553955078125,-195.5953369140625,-29.9913272857666,224.95598695518746,-196.09076011248783,-30.002409131526985,0.6012249063456717,0.33925976320872075,0.08157942990853131,3.68450562994193e-05,31.439922012177828,42.912349219788425,nan,0.035541935304803055,nan
186.03,224.61407470703125,-195.58663940429688,-29.99258804321289,224.95466274198526,-196.08233439014333,-30.003818082468158,0.6015312480069729,0.3393065811355011,0.08160053513508446,3.7581342209073956e-05,31.391091544953564,42.395047008310335,nan,nan,nan
186.04,224.6126251220703,-195.57794189453125,-29.993824005126953,224.953366240303,-196.07391009359665,-30.005395161939873,0.6018495292086202,0.33935348349727584,0.08162170377501944,3.676630421497203e-05,31.604489127522076,43.06651428518076,nan,0.023659289963481843,nan
186.05,224.61122131347656,-195.56924438476562,-29.99503517150879,224.95311836989148,-196.067965437574,-30.006771113166067,0.6047760064900626,0.3392915326744763,0.08161150621032104,3.747696077524674e-05,31.958336652071356,42.68928811932143,0.49719944183371023,nan,nan
186.06,224.60983276367188,-195.560546875,-29.99622344970703,224.95189073318946,-196.05954257433922,-30.007253404134044,0.6050801784591769,0.33933823963818843,0.08163266571681517,3.666774300869675e-05,31.529654795772316,42.65163508421218,nan,0.47167524644872333,nan
186.07,224.6084747314453,-195.55184936523438,-29.997386932373047,224.9506815172649,-196.0511257751694,-30.008561308675073,0.6053984509926692,0.33938503122970354,0.08165388886467928,3.7399670194405695e-05,31.47929705599181,42.55649475552546,nan,nan,nan
186.08,224.60714721679688,-195.54315185546875,-29.998525619506836,224.94949069147063,-196.04271466890606,-30.01068339710386,0.6057308567154198,0.33943190722349365,0.08167517564659263,3.659508142393795e-05,32.10885107172914,43.124114695306616,nan,0.4512607625208612,nan
186.09,224.60585021972656,-195.53443908691406,-29.999643325805664,224.9483355916577,-196.03429767299068,-30.011955224172393,0.6060580986198514,0.3394788681214523,0.08169652635449208,3.7325455565921086e-05,32.06290684039215,42.37991030044624,nan,nan,nan
186.1,224.6045684814453,-195.52574157714844,-30.00074005126953,224.9542058957967,-196.02219563154043,-30.01454894963741,0.6073743782138787,0.3394168701687486,0.08168628903477905,3.650275302909429e-05,32.08091682975234,44.190099896465156,5.9142058909457855,1.1672803401646177,nan
186.11,224.6033172607422,-195.5170440673828,-30.001811981201172,224.95312309063408,-196.01375634783287,-30.01579150812159,0.6076862968252352,0.339463635415678,0.08170762999235724,3.723076053728338e-05,32.03413964581006,44.0509599830404,nan,nan,nan
186.12,224.6020965576172,-195.5083465576172,-30.002864837646484,224.95204726175024,-196.00532892021556,-30.01884568868557,0.6080397615756822,0.3395104850285646,0.08172903480030534,3.643595107082906e-05,33.72279707363247,45.552784268873836,nan,2.1837036033749517,nan
186.13,224.60089111328125,-195.49964904785156,-30.003894805908203,224.95101455338653,-195.99688982131633,-30.020065556190932,0.6083554086812256,0.33955741946200957,0.08175050373321831,3.7162613000853895e-05,33.67803829248795,45.819873123039194,nan,nan,nan
186.14000000000001,224.59971618652344,-195.49095153808594,-30.004905700683594,224.95000941365913,-195.98844852493215,-30.020901325136613,0.6086579145134353,0.3396044385611473,0.08177203680936257,3.637195623163701e-05,33.60475361380361,45.53273983007163,nan,0.08664592464067657,nan
186.15,224.5985565185547,-195.4822540283203,-30.005895614624023,224.93539436956658,-195.9770104046208,-30.02205933914219,0.5987527668033042,0.33954239328867286,0.08176175649068211,3.707409302780452e-05,34.13606286225267,45.66992182741275,2.8761240716298446,nan,nan
186.16,224.59742736816406,-195.4735565185547,-30.006866455078125,224.93441841678109,-195.9685656303297,-30.02185355197178,0.5990171956309598,0.33958921650393,0.08178327919022764,3.6288415309423776e-05,33.20806576537596,44.53077638293809,nan,1.219505213273376,nan
186.17000000000002,224.5963134765625,-195.46484375,-30.0078182220459,224.9334524829771,-195.9601289779547,-30.022979302234187,0.5993329834314367,0.33963612445780833,0.08180486621098097,3.701175372384808e-05,33.16023385422386,44.12050358127565,nan,nan,nan
186.18,224.59523010253906,-195.45614624023438,-30.00874900817871,224.93250824311488,-195.95169270114295,-30.024173512956718,0.5996338502594216,0.3396831170365326,0.08182651758665042,3.6229927420132005e-05,33.44630392164704,44.809613034020835,nan,0.004931858905409705,nan
186.19,224.5941619873047,-195.44744873046875,-30.009662628173828,224.93158682871248,-195.94325574823807,-30.025264254374182,0.599936274289596,0.33973019463331716,0.0818482335690308,3.695219161219161e-05,33.395937320808734,44.972677334984745,nan,nan,nan
186.20000000000002,224.59312438964844,-195.43875122070312,-30.01055908203125,224.9257105597085,-195.92996209978625,-30.02621841679592,0.5934196685399928,0.3396681012262771,0.08183790672762929,3.6151959573088076e-05,33.17999202945789,44.62005096993847,0.9852976787685557,0.015171056501137951,nan
186.21,224.59210205078125,-195.4300537109375,-30.011436462402344,224.92482636690258,-195.9215115537514,-30.02727350181493,0.5937062351188968,0.33971498268157446,0.08185961168081074,3.687233138047897e-05,33.12867189076023,44.77572475918389,nan,nan,nan
186.22,224.59109497070312,-195.42135620117188,-30.012296676635742,224.92397097895636,-195.9130554262132,-30.027352016962666,0.5939707299599865,0.3397619487178105,0.081881381196381,3.609872321088439e-05,32.53458432773306,44.369363185696265,nan,0.6106852143143063,nan
186.23,224.59010314941406,-195.4126434326172,-30.013139724731445,224.9231279203442,-195.9046043990663,-30.0283645637946,0.5942750931068163,0.33980899969269474,0.08190321551245537,3.681818964145601e-05,32.482476492129344,43.87028536265619,nan,nan,nan
186.24,224.58914184570312,-195.40394592285156,-30.013965606689453,224.92232381798541,-195.8961404100981,-30.02699651835515,0.5945043688558027,0.33985613554554506,0.08192511468296189,3.6047996113009666e-05,30.82699661913334,42.53042959987437,nan,3.7180957876851104,nan
186.25,224.58819580078125,-195.39524841308594,-30.014774322509766,224.95624210708243,-195.90009196706382,-30.027918925094443,0.6248982942464051,0.33979399369186725,0.08191473799510357,3.674378974294931e-05,30.233089959767135,43.17252727272183,12.279674534044565,nan,nan
186.26,224.5872802734375,-195.3865509033203,-30.015567779541016,224.95550973333496,-195.89165803185782,-30.03009496346191,0.6252496985272771,0.33984093315984126,0.08193662547306325,3.597781250627547e-05,31.32665843040388,43.88938308236263,nan,1.0162247186855795,nan
186.27,224.58636474609375,-195.37783813476562,-30.016345977783203,224.954805651194,-195.88321749723406,-30.031034385775655,0.6255979139107144,0.3398879574882319,0.08195857794249065,3.669479365801067e-05,31.27161301996852,43.852493682519345,nan,nan,nan
186.28,224.58547973632812,-195.369140625,-30.017107009887695,224.9541324921299,-195.87476816759943,-30.030251847743674,0.6258888503221952,0.33993506664688516,0.08198059546936921,3.5931958611729145e-05,30.130641084401994,42.94041619171927,nan,1.9510408494170635,nan
186.29,224.58460998535156,-195.36044311523438,-30.017854690551758,224.95346419872908,-195.86632727998725,-30.03114554663067,0.6262179059475761,0.3399822609478686,0.08200267827398303,3.66482518945907e-05,30.071797564880402,42.974879579762636,nan,nan,nan
186.3,224.58375549316406,-195.35174560546875,-30.018587112426758,224.96928189264358,-195.85604249636384,-30.030095543755266,0.6348845586827091,0.3399200699038916,0.08199224821271935,3.5866659603182395e-05,27.52773085158279,41.935594701658765,11.432755602358167,2.7169050638680274,nan
186.31,224.5828094482422,-195.34303283691406,-30.0194091796875,224.96863354930355,-195.8475774372617,-30.030995936101647,0.6352635229760601,0.339967067557379,0.08201431863753635,3.658144020554864e-05,27.43234963396333,41.28530736670049,nan,nan,nan
186.32,224.581787109375,-195.33433532714844,-30.020320892333984,224.96790683291346,-195.8391052042298,-30.030481522104882,0.6355975992021204,0.3400141499908207,0.08203645431874061,3.5825414698870475e-05,26.570199046063706,40.67414244188574,nan,1.5269507128492072,nan
186.33,224.58065795898438,-195.3256378173828,-30.02132225036621,224.96708177866478,-195.83063985252952,-30.03154831788953,0.6359677636293329,0.34006131749021223,0.08205865546605702,3.653964241781947e-05,26.475395247534266,41.285255031378426,nan,nan,nan
186.34,224.5794677734375,-195.31692504882812,-30.022411346435547,224.96618529213043,-195.82216384889858,-30.03037275573972,0.6363018689260342,0.34010857006442097,0.0820809221611051,3.578636652281084e-05,25.31381093189635,38.58696879831286,nan,3.6683761186902393,nan
186.35,224.5781707763672,-195.3082275390625,-30.02358627319336,224.96419074818508,-195.81204245799785,-30.031669363254732,0.6347489484268988,0.3400463294245744,0.08207043533963636,3.647756679701772e-05,25.14095564224432,39.92280035814295,0.40292668268922427,nan,nan
186.36,224.57679748535156,-195.29953002929688,-30.02484703063965,224.96312006490166,-195.80356337048565,-30.03104115706604,0.6350851216194132,0.3400933850982074,0.08209268895585232,3.57278281638398e-05,24.350114374813437,38.85736144436709,nan,2.5430561006873353,nan
186.37,224.57533264160156,-195.2908172607422,-30.02619171142578,224.9619531231673,-195.79509263197275,-30.03241811647894,0.6354587436771355,0.34014052576217657,0.08211500822364484,3.644023655964007e-05,24.268393432687553,38.41703748390201,nan,nan,nan
186.38,224.57379150390625,-195.28211975097656,-30.02762222290039,224.9607063867897,-195.78661973914453,-30.033346949915813,0.6358114006193878,0.34018775144747804,0.08213739323382474,3.569300590805741e-05,24.049440497593153,38.63370291253452,nan,0.19293966560628129,nan
186.39000000000001,224.57217407226562,-195.27342224121094,-30.029132843017578,224.95937444059905,-195.77814926404645,-30.03488802711241,0.6361655562523819,0.3402350624069967,0.08215984418249793,3.6405032091438794e-05,23.968435581579403,38.39585572894603,nan,nan,nan
186.4,224.5704803466797,-195.26470947265625,-30.03072738647461,224.93677430997093,-195.7578999945962,-30.03738504315315,0.6143716162612346,0.3401727714774578,0.08214929707123447,3.563866736839428e-05,24.003971446951855,37.292606976592346,4.967532098529512,0.6426192151489337,nan
186.41,224.56869506835938,-195.25601196289062,-30.03240203857422,224.9352484197669,-195.74940710227042,-30.03909907797717,0.6146909575782536,0.3402198852685055,0.08217173422028277,3.634947888434494e-05,23.921245030656888,38.32030372959786,nan,nan,nan
186.42000000000002,224.56683349609375,-195.247314453125,-30.034156799316406,224.93363325935715,-195.74092149357435,-30.04272266163356,0.615031178647463,0.34026708402518074,0.08219423730241439,3.560781001897448e-05,24.675545058064177,38.97931051021874,nan,2.278796586506144,nan
186.43,224.5648956298828,-195.2386016845703,-30.03598976135254,224.93194985989533,-195.73242927031734,-30.04461648798591,0.6153607987410505,0.34031436798174436,0.08221680650579427,3.631834516736349e-05,24.594139265555754,38.163043088229465,nan,nan,nan
186.44,224.56288146972656,-195.2299041748047,-30.037900924682617,224.93018581208696,-195.72393973028326,-30.0472107360847,0.6156868380777454,0.3403617371970928,0.08223944193301434,3.557883780557382e-05,24.90939102661275,39.13666938532765,nan,0.2631877281298803,nan
186.45000000000002,224.560791015625,-195.22120666503906,-30.03989028930664,224.92453369449194,-195.70998840606765,-30.049350792832186,0.609348691570922,0.34029939550207416,0.08222883109735075,3.626682303425221e-05,24.413296584159557,38.93675229774889,1.7056607458978352,nan,nan
186.46,224.55862426757812,-195.21250915527344,-30.041955947875977,224.92261634344788,-195.7014825210216,-30.051963376715435,0.6096600137281788,0.3403465672869449,0.08225145199161624,3.553025876370443e-05,24.6926253268771,39.255324545846456,nan,0.15435275765374074,nan
186.47,224.55638122558594,-195.20379638671875,-30.044055938720703,224.92062667986374,-195.69297515458558,-30.054162965673903,0.6099776798273776,0.34039382419779546,0.08227413918690067,3.62394925762266e-05,24.623443801059317,38.575030050656885,nan,nan,nan
186.48,224.55406188964844,-195.19509887695312,-30.046154022216797,224.91856862377995,-195.68446409464363,-30.05525277115077,0.6102673698836093,0.34044116630907184,0.08229689279260467,3.550487944207624e-05,24.065036832133238,38.80734026617914,nan,0.8714475042549338,nan
186.49,224.5516815185547,-195.1864013671875,-30.048229217529297,224.9164323648159,-195.67595710651275,-30.05744711342892,0.610567745102365,0.3404885938317489,0.08231971298678621,3.621396757571359e-05,24.00929494185453,38.35391472568146,nan,nan,nan
186.5,224.54922485351562,-195.17770385742188,-30.050273895263672,224.9025419953517,-195.66314109262402,-30.059361574267065,0.6004705637627702,0.3404262007108781,0.08230903489608157,3.545984342296697e-05,24.119927543752407,38.19337814626474,1.345604013983077,0.03641084238987514,nan
186.51,224.54669189453125,-195.16900634765625,-30.052282333374023,224.90024183075852,-195.6546307672363,-30.061494464288387,0.6007607657418725,0.3404734305297396,0.08233183980411256,3.616794556723416e-05,24.06702893477566,38.30301167129341,nan,nan,nan
186.52,224.5441131591797,-195.16030883789062,-30.05425262451172,224.89787632317052,-195.6461218476377,-30.063869339807184,0.6010450381205878,0.3405207454887715,0.08235471130529962,3.5437808117452824e-05,24.26148963398826,38.09637926741195,nan,0.0530917867062944,nan
186.53,224.54151916503906,-195.151611328125,-30.056184768676758,224.89548176886913,-195.6376123965001,-30.065932590829412,0.6013165417719774,0.34056814578610733,0.08237764957191729,3.6145845816062684e-05,24.212941060627177,38.45650811061416,nan,nan,nan
186.54,224.53895568847656,-195.14291381835938,-30.05807876586914,224.8931147317175,-195.6290909683871,-30.063779987616897,0.6015225291274021,0.34061563151545077,0.08240065472196338,3.5417359015223146e-05,22.435692842610106,36.44147055580756,nan,12.035669865693876,nan
186.55,224.5364227294922,-195.13421630859375,-30.0599365234375,224.8627387767835,-195.60185551721042,-30.06577993589316,0.5702654974874197,0.3405531864414224,0.08238990590767675,3.610319033118224e-05,21.686822920511087,35.985285104805484,10.504189541356503,nan,nan
186.56,224.533935546875,-195.12551879882812,-30.061756134033203,224.86039331891965,-195.59330089035325,-30.06568069756233,0.5704473369898998,0.34060047419670697,0.08241289500534658,3.537713543125884e-05,21.110523269640208,35.32027533151699,nan,2.7969642998206425,nan
186.57,224.53150939941406,-195.1168212890625,-30.063541412353516,224.85808479586768,-195.58475238134002,-30.067538138889557,0.5706373371169119,0.3406478472173316,0.08243595104235517,3.608426502832323e-05,21.053159550298943,34.766336606372235,nan,nan,nan
186.58,224.52911376953125,-195.10812377929688,-30.065290451049805,224.85582199922905,-195.57620481453853,-30.069551749451115,0.5708382271442876,0.3406953056074914,0.08245907414156567,3.535968097601215e-05,21.0586347710679,35.27797904924287,nan,0.025231896528144514,nan
186.59,224.52676391601562,-195.09942626953125,-30.06700325012207,224.85360679276076,-195.5676571187653,-30.071341993172112,0.5710387193043377,0.3407428495495943,0.08248226446801668,3.606684333914586e-05,21.001825050176787,35.26780009751087,nan,nan,nan
186.6,224.52447509765625,-195.09072875976562,-30.068683624267578,224.8522814670663,-195.55353853504792,-30.072866554644673,0.5671572981362231,0.3406803518832003,0.08247144140095947,3.5322389155213755e-05,20.199347942212437,34.60069587712404,3.324992859033107,0.013316412497678726,nan
186.61,224.522216796875,-195.08203125,-30.070329666137695,224.85016666168949,-195.5449705780344,-30.074587166527397,0.5673465092713132,0.3407276975723785,0.08249461489060342,3.602873645144717e-05,20.141949490929125,35.015849371037305,nan,nan,nan
186.62,224.52000427246094,-195.07333374023438,-30.071943283081055,224.8481009034102,-195.53640011156992,-30.07502921469307,0.5675274323555091,0.34077512856699277,0.08251785561748992,3.530769898518701e-05,19.843706092177584,34.657956086875934,nan,1.0774493745821927,nan
186.63,224.51785278320312,-195.0646514892578,-30.073524475097656,224.84607548728974,-195.52783284907682,-30.076673939635096,0.5676944906272936,0.34082264504100657,0.08254116374261443,3.6014139902190396e-05,19.783841995495308,34.82702433902698,nan,nan,nan
186.64000000000001,224.51573181152344,-195.0559539794922,-30.0750732421875,224.84409726128325,-195.51926289345508,-30.07709489012612,0.5678759595315042,0.34087024711129443,0.08256453939486309,3.529431717895377e-05,19.560004968990967,34.26414454347123,nan,0.9883299559224787,nan
186.65,224.51364135742188,-195.04725646972656,-30.07659149169922,224.852862561568,-195.51234505032633,-30.07867803317095,0.575658550533187,0.34080769628856405,0.08255363858512182,3.597879022558777e-05,19.14079756100688,34.74840927215891,1.8335205497171374,nan,nan
186.66,224.51161193847656,-195.03855895996094,-30.078081130981445,224.85098617210005,-195.50377424068932,-30.08036487539838,0.5758518415002972,0.340855099828074,0.0825769966028411,3.526096711066794e-05,19.104211645780204,34.0189802909676,nan,0.014377695713880735,nan
186.67000000000002,224.50961303710938,-195.0298614501953,-30.079538345336914,224.8491511060691,-195.49520352539682,-30.08188031872087,0.5760510672371543,0.3409025887743373,0.08260042218670186,3.5966790024115606e-05,19.044975620819628,34.308379492029964,nan,nan,nan
186.68,224.50765991210938,-195.02117919921875,-30.080968856811523,224.84735829617267,-195.48663134595702,-30.08255473957991,0.5762319047593913,0.34095016325092115,0.08262391546890689,3.525003087317329e-05,18.89869119040019,34.705284556419215,nan,0.45936430742401435,nan
186.69,224.5057373046875,-195.01248168945312,-30.082368850708008,224.84560272188,-195.47806084991834,-30.084005683297928,0.5764331146662631,0.3409978234217469,0.08264747660550904,3.595601716169686e-05,18.83829997497785,34.181658808805444,nan,nan,nan
186.70000000000002,224.5038604736328,-195.0037841796875,-30.083742141723633,224.82836937462113,-195.44754041924517,-30.08626308320799,0.5497562933818774,0.3365874829902009,0.07780806502715745,3.5218781619118245e-05,24.47507839428051,39.81023276996974,2.564889755226047,0.7546099955617807,0.11013609511355969
186.71,224.50201416015625,-194.99508666992188,-30.0850887298584,224.82671041312793,-195.43894795232382,-30.087666432835643,0.5499519426840684,0.33663793189243896,0.0778231362039686,3.5924070374549657e-05,24.39333730167757,39.98285636702578,nan,nan,nan
186.72,224.50021362304688,-194.9864044189453,-30.086406707763672,224.82504833540588,-195.43030728108477,-30.087627375775952,0.5500625704402661,0.33668846408394876,0.07783826616008445,3.521009294395971e-05,24.162828568650642,40.25274777100437,nan,1.39927507575948,nan
186.73,224.49844360351562,-194.9777069091797,-30.08769989013672,224.82346276669554,-195.42171484480855,-30.0889650561452,0.5502563984004228,0.3367390820182835,0.07785345836869476,3.591558974166492e-05,24.079495186827348,39.6006415557297,nan,nan,nan
186.74,224.49671936035156,-194.96900939941406,-30.088966369628906,224.8219295564331,-195.41314247504016,-30.090877035740103,0.5504720802597359,0.33678978356249817,0.07786870970789196,3.520246137241602e-05,24.054031266728924,39.251967789388964,nan,0.25066698374885726,nan
186.75,224.49501037597656,-194.96031188964844,-30.090208053588867,224.81696656480725,-195.41040993142767,-30.09211831364801,0.5533964978506525,0.33672611470138425,0.0778588558769643,3.588614868225365e-05,25.229185135030047,39.98118047821724,8.693159381766952,nan,nan
186.76,224.49334716796875,-194.9516143798828,-30.0914249420166,224.8154881139237,-195.4018611038762,-30.093694221110365,0.553626273902466,0.3367766032089365,0.07787412571721249,3.51746603663072e-05,25.190697086540716,39.57923554052685,nan,0.06580795026495032,nan
186.77,224.49171447753906,-194.94293212890625,-30.092618942260742,224.8140346962784,-195.39330221207067,-30.09494273987244,0.5538311432675529,0.33682717733491546,0.07788945792261856,3.587974641954426e-05,25.109052491514902,40.33090152079839,nan,nan,nan
186.78,224.4901123046875,-194.93423461914062,-30.093786239624023,224.8125783354376,-195.38470106032221,-30.09485652000761,0.5539905243942586,0.33687783507182195,0.07790484962317955,3.516898325198799e-05,24.907902521452307,39.525677247562136,nan,1.202739845916123,nan
186.79,224.48855590820312,-194.925537109375,-30.094932556152344,224.8111895962343,-195.37614179760078,-30.096046190965296,0.5542006151982755,0.33692857868450365,0.07792030391812121,3.58743250501654e-05,24.827875380034538,38.988736452316566,nan,nan,nan
186.8,224.4870147705078,-194.91683959960938,-30.09605598449707,224.8065633257152,-195.37229351710712,-30.096871140321635,0.55637237043026,0.3368647974934657,0.07791051953316375,3.514307017088253e-05,25.800729515985672,39.631030252061265,5.7482476190160146,0.07256354314885746,nan
186.81,224.48550415039062,-194.90814208984375,-30.09715461730957,224.8052310192652,-195.36376122845036,-30.098013242929476,0.5566101035580628,0.33691532771450233,0.07792599183887486,3.584780710561965e-05,25.720806785719855,39.61393691406816,nan,nan,nan
186.82,224.48403930664062,-194.8994598388672,-30.098234176635742,224.80396053956792,-195.35526555783065,-30.10032380323749,0.5568777381587953,0.33696594154642817,0.07794152399531198,3.513916480086114e-05,25.741734228242944,39.83537437353595,nan,0.9917028227364321,nan
186.83,224.4825897216797,-194.89076232910156,-30.09929084777832,224.8026883230707,-195.34673313044098,-30.1014353251081,0.5571149657562701,0.3370166411292347,0.07795711886288921,3.584418872846501e-05,25.66460892799015,39.5503336927711,nan,nan,nan
186.84,224.48117065429688,-194.88206481933594,-30.100326538085938,224.8014554815879,-195.33821251459705,-30.102924148865714,0.5573686733811216,0.33706742464312794,0.07797277392630866,3.513609530240565e-05,25.64744763240387,39.523826231584906,nan,0.1108338686131523,nan
186.85,224.4797821044922,-194.8733673095703,-30.101341247558594,224.82913452116068,-195.33307990321197,-30.10383778025083,0.5773984867146242,0.3370035333578601,0.07796305802479749,3.581940744655696e-05,24.01305241328142,39.60049468470873,18.586454652138745,nan,nan
186.86,224.47842407226562,-194.8646697998047,-30.102336883544922,224.82804684855682,-195.32457925746797,-30.106845931845715,0.5777310156693015,0.33705410318655876,0.07797873070709466,3.511266143764468e-05,24.336290308260804,39.84360732462976,nan,2.683685122842439,nan
186.87,224.47708129882812,-194.85597229003906,-30.10331153869629,224.8269364621655,-195.31602089998657,-30.107898732869984,0.5779830457537967,0.3371047586411687,0.07799446621925667,3.581741517233485e-05,24.2623189643841,40.217803065075984,nan,nan,nan
186.88,224.47576904296875,-194.8472900390625,-30.104267120361328,224.82586961345336,-195.30748160995455,-30.109596539400883,0.5782517566605776,0.3371554980248106,0.0780102622708824,3.5111118413493464e-05,24.399418274199064,40.99970251331309,nan,0.3089922551839777,nan
186.89000000000001,224.4744873046875,-194.83859252929688,-30.10520362854004,224.82481232946978,-195.2989228099256,-30.110618975598555,0.5784988472211523,0.3372063232926479,0.07802612138807756,3.581618963024552e-05,24.327811099913255,40.04720588925638,nan,nan,nan
186.9,224.47323608398438,-194.82989501953125,-30.106121063232422,224.84186536070442,-195.2989947545939,-30.110838666132842,0.5966274891991836,0.3371423201877787,0.07801646756047936,3.5089149843503405e-05,24.17022165102811,40.06682545601711,3.121408587006777,0.4330233224781867,nan
186.91,224.4720001220703,-194.82119750976562,-30.10702133178711,224.84088909578225,-195.29045012923012,-30.11181796944295,0.5969087899615296,0.3371929314157354,0.07803234376520467,3.5793672982533444e-05,24.097536326347335,40.370447480747835,nan,nan,nan
186.92000000000002,224.47079467773438,-194.8125,-30.10790252685547,224.8398989235622,-195.2818613316366,-30.111190173399716,0.5971170844512965,0.3372436265686361,0.0780482808435384,3.508897630318694e-05,23.68215879783725,39.778638229577254,nan,1.7755360823801083,nan
186.93,224.46961975097656,-194.80380249023438,-30.108766555786133,224.83897163909373,-195.2733161546686,-30.112119528901967,0.5973902750923308,0.33729440748173944,0.07806428111109384,3.5793838106356025e-05,23.608201125394082,39.48397148908487,nan,nan,nan
186.94,224.4684600830078,-194.79510498046875,-30.1096134185791,224.83807294041586,-195.2647763483718,-30.11324038947684,0.5976771813505715,0.3373452726383882,0.07808034259051859,3.508944854798748e-05,23.588595633276842,39.798936495943515,nan,0.030332923865517,nan
186.95000000000002,224.4673309326172,-194.78640747070312,-30.110443115234375,224.81379537176701,-195.25112062407402,-30.114081535353453,0.5796629715725228,0.33728115964389355,0.07807074920093715,3.577265275546621e-05,24.40979948585111,39.16288861778352,7.429185858264957,nan,nan
186.96,224.46621704101562,-194.7777099609375,-30.111255645751953,224.81285252056153,-195.24253219351937,-30.113007570218123,0.5798438865951324,0.3373318104651534,0.07808682732075006,3.506937694010951e-05,24.047990113632984,39.090548027655096,nan,2.690472216289229,nan
186.97,224.46511840820312,-194.76901245117188,-30.11205291748047,224.81197816242664,-195.23399500282807,-30.113854655790202,0.580106635633172,0.33738254692338165,0.07810296875574468,3.577405835722732e-05,23.97157861562494,39.29314276805598,nan,nan,nan
186.98,224.46405029296875,-194.76031494140625,-30.112834930419922,224.811103352777,-195.22543257435473,-30.113717345940078,0.5803283703723354,0.33743336761785336,0.07811917172434808,3.507101148297652e-05,23.82417133264955,38.854680932814276,nan,0.6606399492644083,nan
186.99,224.46299743652344,-194.75161743164062,-30.11359977722168,224.81027225924043,-195.21689499025004,-30.114524850774725,0.580589239307566,0.3374842742095486,0.07813543825081157,3.577604898018917e-05,23.746774412342013,39.027003579439906,nan,nan,nan
187.0,224.46197509765625,-194.742919921875,-30.114349365234375,224.8053575994628,-195.21236560936222,-30.115172279924913,0.5816282947345933,0.33742004990068386,0.07812589930433232,3.505204895041629e-05,24.626974019973996,38.80475408142008,4.528645665667203,0.005980622528636962,nan
187.01,224.46096801757812,-194.73422241210938,-30.11508560180664,224.80456096551094,-195.20385138925624,-30.115949207177042,0.581900537772062,0.33747074180380604,0.07814218190052703,3.575657300626198e-05,24.55101694075838,38.93526421014382,nan,nan,nan
187.02,224.45999145507812,-194.72552490234375,-30.115806579589844,224.80380470162763,-195.19535875544403,-30.117609332408932,0.5821981174305647,0.33752151793318025,0.07815852634248881,3.505471397115602e-05,24.546220832406238,38.629767200950226,nan,0.5664345268680515,nan
187.03,224.4589080810547,-194.71682739257812,-30.11661720275879,224.80299472434132,-195.18684403377813,-30.118420511821082,0.582507092675075,0.3375723798385531,0.07817493447346398,3.575960777676467e-05,24.462902266794497,39.25553374474609,nan,nan,nan
187.04,224.45774841308594,-194.7081298828125,-30.11751937866211,224.8020927759792,-195.17832407480418,-30.119109146328736,0.5828019782055508,0.3376233262863624,0.07819140478138897,3.505786539700166e-05,24.363485304718914,38.80496301273512,nan,0.032214185069007056,nan
187.05,224.4564971923828,-194.69943237304688,-30.11850929260254,224.84259231731372,-195.18866997748964,-30.120063836823295,0.6232377521492408,0.33755899230520875,0.07818191805232298,3.5741125595687186e-05,24.32606303539191,40.02407996054904,15.693793739646935,nan,nan
187.06,224.45516967773438,-194.69073486328125,-30.119586944580078,224.84159050141972,-195.18018153572683,-30.121051632462056,0.6236034344487699,0.3376097237663081,0.07819840392888361,3.5040314477506945e-05,24.240023638254684,39.651846146758544,nan,0.005875423800274817,nan
187.07,224.45375061035156,-194.68203735351562,-30.120752334594727,224.84050632341604,-195.17169515498804,-30.122218073186318,0.6239766762631686,0.3376605408834955,0.07821495362792377,3.574507987739513e-05,24.158954576532665,39.8753977999981,nan,nan,nan
187.08,224.45225524902344,-194.67333984375,-30.12200164794922,224.83931366536973,-195.16318142338986,-30.12226987794822,0.6243068658567704,0.33771144252912905,0.07823156580371533,3.504432575073537e-05,24.02163017920596,39.572692778884296,nan,1.0174892435775813,nan
187.09,224.45068359375,-194.66464233398438,-30.123336791992188,224.83806388592458,-195.15469490264954,-30.123597945308997,0.6246719771381178,0.33776243009376394,0.07824824205170243,3.574946872412382e-05,23.94283345013901,39.28333086239241,nan,nan,nan
187.1,224.4490203857422,-194.65594482421875,-30.124755859375,224.85681261912444,-195.14818499085257,-30.123340654710056,0.6392158399623875,0.3376979852953642,0.0782388018989272,3.5027590775603095e-05,22.900837623683618,39.98877696217653,8.454907316034163,2.2371260572157263,nan
187.11,224.44728088378906,-194.64723205566406,-30.126256942749023,224.85543493758118,-195.13968118924743,-30.12482257433728,0.6396076439557962,0.33774875752246003,0.07825549310694338,3.5732238770112605e-05,22.824228587780844,39.097243996851496,nan,nan,nan
187.12,224.44544982910156,-194.63853454589844,-30.12784194946289,224.85395229906769,-195.13115078235646,-30.12513143904093,0.6399627889629476,0.3377996142609223,0.07827224708212391,3.503235373014809e-05,22.89658742036643,40.337643053541115,nan,1.1128000427963074,nan
187.13,224.4435577392578,-194.6298370361328,-30.129505157470703,224.85241612948798,-195.1226473416933,-30.12676695277885,0.6403395023681986,0.33785055680112813,0.07828906526797506,3.573738757232086e-05,22.818305702646647,39.673117772946476,nan,nan,nan
187.14000000000001,224.4415740966797,-194.6211395263672,-30.131250381469727,224.85086750749696,-195.11421324227152,-30.131808486276952,0.6408144013168825,0.3379015841659667,0.07830594654524395,3.503747273017032e-05,22.538379974023925,39.93415387574397,nan,7.787052663726213,nan
187.15,224.4395294189453,-194.61244201660156,-30.133073806762695,224.8446436131574,-195.1014898607231,-30.133647315702976,0.6350477408073499,0.33783702992989373,0.07829655023772554,3.572087714451318e-05,22.191323048426387,39.094646576693464,0.8909654460010961,nan,nan
187.16,224.43739318847656,-194.60374450683594,-30.13497543334961,224.84285821717327,-195.0929627944658,-30.13498599952965,0.6354025673218154,0.3378878416560699,0.07831344592165954,3.5021754549857595e-05,22.103537011137792,39.65132684970963,nan,0.23059565205547763,nan
187.17000000000002,224.43519592285156,-194.5950469970703,-30.13695526123047,224.8410086946845,-195.08444738995016,-30.13696953155327,0.6357646974607126,0.33793873906836347,0.07833040595679809,3.5726684832830916e-05,22.026132943929408,39.04321157566186,nan,nan,nan
187.18,224.43292236328125,-194.5863494873047,-30.13901138305664,224.83908505059233,-195.0759322545778,-30.139030840920636,0.6361284579023011,0.3379897217858489,0.07834742990892896,3.644594380524339e-05,21.948870422089236,39.079803650216164,nan,nan,nan
187.19,224.43057250976562,-194.57765197753906,-30.141103744506836,224.8370880638282,-195.0674174763654,-30.141149945722955,0.6364944160555931,0.3380407899530264,0.07836451792255233,3.717967596729502e-05,21.871722168056127,39.163769141802845,nan,nan,nan
187.20000000000002,224.4281463623047,-194.56895446777344,-30.143192291259766,224.84552510773995,-195.0548913097867,-30.143737384823705,0.6405778084619671,0.33797612534823807,0.07835516007045318,3.6371493951454806e-05,20.61808779358642,39.34517210168652,8.788286380618379,0.10176959716753589,nan
187.21,224.4256591796875,-194.5602569580078,-30.145261764526367,224.84340209832217,-195.04634652505976,-30.14586863791991,0.640931027148383,0.3380269775288517,0.07837226184517,3.710297622228471e-05,20.543068036480523,38.772313804621874,nan,nan,nan
187.22,224.423095703125,-194.5515594482422,-30.147296905517578,224.84115274404198,-195.0377450663564,-30.144882309130843,0.6412128936609609,0.3380779144521033,0.07838942722081409,3.6321557952717516e-05,20.61687371178379,39.141361735539164,nan,6.258467241283029,nan
187.23,224.4204559326172,-194.54286193847656,-30.1492977142334,224.83888896046355,-195.02920118573243,-30.146924481685122,0.6415743873057971,0.3381289372504954,0.0784066573876084,3.705179600372482e-05,20.531476656603008,39.28496058431685,nan,nan,nan
187.24,224.41775512695312,-194.5341796875,-30.151262283325195,224.83658051131337,-195.02068290307227,-30.15033426325889,0.6419508879718998,0.33818004510459854,0.07842395147639876,3.627326430091416e-05,20.325078361985337,39.46721743039775,nan,1.292795062948045,nan
187.25,224.4149932861328,-194.52548217773438,-30.153188705444336,224.8151417694881,-194.99805663349434,-30.152310735625512,0.6192303253227868,0.33811527135597813,0.0784146290096719,3.697882097622744e-05,19.546912702818524,37.71582278983167,8.064640299706433,nan,nan
187.26,224.4121551513672,-194.51678466796875,-30.155075073242188,224.81264158547614,-194.9894776848622,-30.15427175152135,0.6195391169659377,0.33816616292203244,0.0784319362590294,3.6204085105349926e-05,19.468043006341915,38.04118626554901,nan,0.00013671725207311627,nan
187.27,224.4093017578125,-194.50808715820312,-30.15692710876465,224.8101005240242,-194.9808988985883,-30.156182083715752,0.6198315480073524,0.3382171402466323,0.07844930843975129,3.693112689376392e-05,19.39125282996917,37.92380227335127,nan,nan,nan
187.28,224.40646362304688,-194.49940490722656,-30.158740997314453,224.8075829044385,-194.97234066981824,-30.159241353109294,0.6201331823070168,0.33826820260282586,0.0784667448066752,3.615912847518588e-05,19.308171448170494,38.87817998565319,nan,0.9274166138351002,nan
187.29,224.40367126464844,-194.49070739746094,-30.160518646240234,224.8050754245137,-194.9637630338211,-30.161092349657267,0.6204089488271851,0.33831935098419585,0.07848424636493315,3.6885134453694336e-05,19.238503616282173,37.7395767808517,nan,nan,nan
187.3,224.4009246826172,-194.4820098876953,-30.162260055541992,224.79465097659477,-194.9437235252125,-30.16393778994533,0.6067970768151447,0.3382544673583242,0.07847495410432521,3.6093455169630714e-05,18.255647914860663,37.45502439807021,8.475844595755198,0.8265963382693035,nan
187.31,224.3982391357422,-194.47332763671875,-30.16396713256836,224.7922220612694,-194.93510754940237,-30.16572939425544,0.6070142823124759,0.3383053991041793,0.07849246813849324,3.681758095072411e-05,18.18949034418327,37.76546615761491,nan,nan,nan
187.32,224.39559936523438,-194.46463012695312,-30.16564178466797,224.7898389729454,-194.9264868120352,-30.167171132442608,0.6072386719797733,0.33835641585341725,0.07851004661368062,3.605178908817313e-05,18.099449140733324,37.039198225143224,nan,0.06669588332085041,nan
187.33,224.39300537109375,-194.4559326171875,-30.167282104492188,224.78751251245612,-194.91787125978678,-30.168893974694175,0.6074749313658298,0.3384075185155117,0.07852769042566857,3.677501423032157e-05,18.03460877617622,37.21846714609105,nan,nan,nan
187.34,224.3904571533203,-194.44725036621094,-30.16888999938965,224.78524043915885,-194.9092587913259,-30.17077160170747,0.6077081273785663,0.3384587064898854,0.07854539899265985,3.601172539712089e-05,17.989713794102876,38.18223286357443,nan,0.023263350656173416,nan
187.35,224.38796997070312,-194.4385528564453,-30.17046546936035,224.81037414498854,-194.90732003609364,-30.172517558541543,0.6310088479880437,0.33839371398316026,0.07853613348988954,3.671102957987767e-05,17.280615197592567,37.57902501189861,8.395318494760545,nan,nan
187.36,224.38552856445312,-194.42987060546875,-30.172008514404297,224.80824466918986,-194.8986988699769,-30.174065233070746,0.6312630805751224,0.3384446850166152,0.07855385388298952,3.595111609450028e-05,17.212023740073967,38.488661191272506,nan,0.0047604063944484045,nan
187.37,224.3831329345703,-194.42117309570312,-30.17352294921875,224.80616542045559,-194.8900790616411,-30.175666255627984,0.6315329625355001,0.3384957418530227,0.0785716397602432,3.667181459773479e-05,17.150078027696892,37.64342246000454,nan,nan,nan
187.38,224.38079833984375,-194.41249084472656,-30.175004959106445,224.80414133440996,-194.88146625985019,-30.177724012032744,0.6317947643716895,0.338546883968002,0.07858949063581515,3.5914251336358574e-05,17.160262052871005,37.96541766310453,nan,0.15848705066826566,nan
187.39000000000001,224.3784942626953,-194.40379333496094,-30.17645835876465,224.80215705276026,-194.87284665842247,-30.179271358246098,0.6320673167487907,0.33859811215657043,0.07860740726211451,3.663422658827675e-05,17.10126158901395,37.700986231292454,nan,nan,nan
187.4,224.37623596191406,-194.39511108398438,-30.17788314819336,224.79845724337412,-194.86460508107197,-30.179475037719207,0.6314253383665567,0.33853301025005605,0.07859816354951492,3.585694693619468e-05,17.064332982784837,38.267862455619216,0.19963906680891735,1.2289534329634313,nan
187.41,224.37403869628906,-194.38641357421875,-30.179279327392578,224.79656139285115,-194.85598926850915,-30.18095361511659,0.6316878699308598,0.3385840211544688,0.0786160912830601,3.657535579592229e-05,17.002575231691132,36.73992711744767,nan,nan,nan
187.42000000000002,224.3718719482422,-194.3777313232422,-30.180646896362305,224.79469539861458,-194.84735969684291,-30.181362378978594,0.6319264129556957,0.33863511730001566,0.078634084249832,3.5823192066129534e-05,16.870192269297686,37.96849823311371,nan,0.7320780829765731,nan
187.43,224.3697509765625,-194.36903381347656,-30.181987762451172,224.79288767854635,-194.83874407484308,-30.182776813953833,0.6321969794304964,0.3386862994129946,0.0786521431185374,3.654099211944307e-05,16.80513821046623,36.9682956926173,nan,nan,nan
187.44,224.36767578125,-194.3603515625,-30.183303833007812,224.7911231259041,-194.83012877173408,-30.18419177836096,0.6324547955841006,0.33873756707227703,0.07867026752850736,3.579094408685434e-05,16.740937534601336,37.51707945251443,nan,0.00047655230413405544,nan
187.45000000000002,224.36563110351562,-194.35165405273438,-30.18459129333496,224.79448302547772,-194.82198050829055,-30.18556713072753,0.6364918679961534,0.3386723565750812,0.07866104186063752,3.6485431031013386e-05,16.500897063869516,37.291028443426875,0.44813305266070935,nan,nan
187.46,224.3636474609375,-194.3429718017578,-30.185853958129883,224.79281307544716,-194.81336411179834,-30.187151475712753,0.6367524900419228,0.3387234066414354,0.07867917668145048,3.573834507481294e-05,16.453775696446403,37.210107013261286,nan,0.040863328950470804,nan
187.47,224.36167907714844,-194.3342742919922,-30.187089920043945,224.79118017330637,-194.80474458839427,-30.18846817771203,0.6370364126105604,0.3387745425711184,0.07869737755638984,3.645418197195665e-05,16.39140011469858,37.382319211512,nan,nan,nan
187.48,224.35977172851562,-194.32559204101562,-30.188302993774414,224.78957733319677,-194.79611634828422,-30.189037132589107,0.6372805665526877,0.3388257640047309,0.07871564419738668,3.570906268902661e-05,16.286619453540776,37.1381929538477,nan,0.35517602979032786,nan
187.49,224.35789489746094,-194.31689453125,-30.189491271972656,224.78802233729797,-194.78749649780175,-30.190299360735374,0.6375550787426846,0.3388770715758522,0.07873397716458505,3.642443820949741e-05,16.22330027846232,36.59037030380438,nan,nan,nan
187.5,224.35604858398438,-194.30821228027344,-30.190656661987305,224.81699122785713,-194.77516279207694,-30.1909864822378,0.6561333783579045,0.33881175214535647,0.07872476473225697,3.565948735280407e-05,14.242170721915906,38.58423362307542,30.734550025741843,0.20847983079092625,nan
187.51,224.354248046875,-194.2995147705078,-30.191797256469727,224.81556387278013,-194.7664919774003,-30.192197922522627,0.6564146277475351,0.33886284178419074,0.07874310735748723,3.637355702086195e-05,14.178273331996792,37.29012015999611,nan,nan,nan
187.52,224.35247802734375,-194.29083251953125,-30.192916870117188,224.81415715966654,-194.75780667385567,-30.192093831144778,0.6566682262927577,0.33891401688123074,0.07876151596606466,3.563305414467756e-05,14.125969806806195,38.29511748832475,nan,1.138851027544876,nan
187.53,224.35073852539062,-194.28213500976562,-30.194013595581055,224.81280181055152,-194.74913533187464,-30.193248552060975,0.6569568978518987,0.33896527801486703,0.07877999105560708,3.63467573353748e-05,14.057837414360888,37.560046972234936,nan,nan,nan
187.54,224.3490447998047,-194.27345275878906,-30.195087432861328,224.8114697010297,-194.74045356750085,-30.193398133575958,0.6572133583110557,0.3390166249086218,0.07879853243163822,3.560799600895962e-05,14.055845597562122,37.95736889181683,nan,0.6600676149612075,nan
187.55,224.34738159179688,-194.26475524902344,-30.19614028930664,224.79987567458787,-194.72907484970887,-30.194607667475704,0.6483409099163903,0.33895119720313494,0.07878932926120474,3.629886233942121e-05,14.20476979005308,36.89737997217595,1.55273851468095,nan,nan
187.56,224.3457489013672,-194.25607299804688,-30.197172164916992,224.79860091336073,-194.72039959747485,-30.195274054078368,0.6485967456962024,0.3390023258530281,0.07880787955484514,3.556267174773351e-05,14.175427612337813,37.8454536330799,nan,0.11982095607763088,nan
187.57,224.34414672851562,-194.24737548828125,-30.198183059692383,224.79736390599257,-194.71172846849825,-30.196335076574453,0.6488704918843067,0.3390535404402903,0.07882649648439001,3.627487552507047e-05,14.104126037203642,37.002403880149224,nan,nan,nan
187.58,224.3425750732422,-194.2386932373047,-30.199174880981445,224.79617227072288,-194.70306852580816,-30.198550927558916,0.6491496094529332,0.33910484073757957,0.07884517990885866,3.554028644536745e-05,13.955387282842386,37.753933312115585,nan,0.9437493890579366,nan
187.59,224.34104919433594,-194.22999572753906,-30.20014762878418,224.7949994206954,-194.69439717189877,-30.199585327288414,0.649414987290998,0.3391562272494892,0.07886393024580216,3.625224337968231e-05,13.890179856422682,36.18764659568744,nan,nan,nan
187.6,224.33953857421875,-194.2213134765625,-30.201099395751953,224.77955508015842,-194.68009800464506,-30.200764429577415,0.6356869362426987,0.3390906910691317,0.07885473164425566,3.549765794288934e-05,13.924641799845947,37.25409915346682,3.4329846125473917,0.08941780499650126,nan
187.61,224.3380584716797,-194.21261596679688,-30.2020320892334,224.77841979361492,-194.67141974013362,-30.20176210602257,0.6359395169161187,0.3391418590013353,0.0788734901124379,3.620852062249662e-05,13.860205749753426,36.297389403862866,nan,nan,nan
187.62,224.3366241455078,-194.20391845703125,-30.202945709228516,224.77733105984686,-194.6627555516222,-30.204350733727992,0.6362043993975225,0.33919311259050117,0.07889231527728853,3.547781394675449e-05,13.851567381960024,35.619545889905666,nan,1.777664445755671,nan
187.63,224.335205078125,-194.1952362060547,-30.203842163085938,224.77625463142576,-194.65407705455175,-30.20532905434452,0.6364446901042666,0.33924445229769895,0.07891120751097785,3.6188506881944444e-05,13.792818915352278,36.93406575533601,nan,nan,nan
187.64000000000001,224.3338165283203,-194.18653869628906,-30.204721450805664,224.77520213401286,-194.6453946775121,-30.205830423622427,0.6366877525423494,0.33929587796098115,0.07893016674052517,3.545919245477874e-05,13.704190083497748,35.842270460057584,nan,0.14541059792865454,nan
187.65,224.3324432373047,-194.17784118652344,-30.205581665039062,224.7769342209073,-194.640882428459,-30.206639431342715,0.641857106455012,0.33923023384505147,0.07892096856412371,3.614741355886759e-05,13.97665652821904,36.361511974186186,1.6878381304240127,nan,nan
187.66,224.33111572265625,-194.16915893554688,-30.2064266204834,224.77595473117316,-194.63222458079701,-30.20845894960283,0.642118108817127,0.33928144061480975,0.07893993514294122,3.5420310176392054e-05,13.999259787828674,36.39121036670063,nan,0.5565275060960556,nan
187.67000000000002,224.32980346679688,-194.16046142578125,-30.207252502441406,224.77499333815575,-194.62355934331146,-30.209372797332172,0.6423847744395653,0.33933273340733866,0.0789589689464237,3.612987685038795e-05,13.945363759512215,36.017579265552726,nan,nan,nan
187.68,224.32852172851562,-194.15176391601562,-30.20806312561035,224.77404484862492,-194.6148827997426,-30.208834969988636,0.6426278446816467,0.3393841120990716,0.07897806993977703,3.540403805707552e-05,13.776484590732696,35.64802814402137,nan,1.42281207036074,nan
187.69,224.3272705078125,-194.14308166503906,-30.208858489990234,224.7731358218075,-194.6062169246062,-30.20970394377302,0.6428770190870723,0.3394355770934384,0.07899723843796358,3.611352964684805e-05,13.717050740662682,36.20012709150109,nan,nan,nan
187.70000000000002,224.32603454589844,-194.13438415527344,-30.209636688232422,224.76939497772386,-194.5886006407492,-30.20856466250975,0.6347300508291197,0.33923158208278686,0.07794487530248431,3.5367208988115674e-05,17.824328837870883,41.93601901985452,26.82800044957496,3.0962939136507472,0.069008119422997
187.71,224.3248291015625,-194.1256866455078,-30.210399627685547,224.76853135338763,-194.57988046842783,-30.209385631313825,0.6349525535361156,0.3392821736261525,0.0779602377502553,3.607576758081061e-05,17.732080498660313,41.598968444301626,nan,nan,nan
187.72,224.3236541748047,-194.11700439453125,-30.21114730834961,224.7676820676323,-194.57109103074717,-30.207109177916152,0.6351155401155152,0.33933284956272775,0.07797565996636756,3.53531594868758e-05,18.075205232581094,42.603029225344706,nan,6.575636563763186,nan
187.73,224.32249450683594,-194.10830688476562,-30.21187973022461,224.76686647295554,-194.56237043264602,-30.20787114141164,0.6353394514517462,0.339383610066619,0.07799114354217747,3.606170470110419e-05,17.971861840780278,41.96401166720345,nan,nan,nan
187.74,224.3212432861328,-194.099609375,-30.212703704833984,224.76601988344456,-194.55365048670546,-30.2087067570516,0.635606425570512,0.33943445525481036,0.07800668721265172,3.5340171323773457e-05,17.887432393238576,42.131877083654494,nan,0.0008389932967167844,nan
187.75,224.31991577148438,-194.09091186523438,-30.21361541748047,224.76110394442753,-194.54166398163517,-30.20957931036025,0.6307461966158817,0.339369826789638,0.07799667638201063,3.6026518073011036e-05,17.626498124621815,41.7588880006943,0.5803875989033294,nan,nan
187.76,224.31851196289062,-194.0822296142578,-30.214616775512695,224.76007755257913,-194.53290606172322,-30.20929449337206,0.6309657336053908,0.3394204571474604,0.0780122368728967,3.5306872968338314e-05,17.885397948205433,42.64849769311007,nan,1.1135200922441508,nan
187.77,224.3170166015625,-194.0735321044922,-30.215707778930664,224.75897140593085,-194.52417469976427,-30.210353316858388,0.6312142806067617,0.33947117200764587,0.07802785888780675,3.601458579916948e-05,17.789877206143416,41.971740337357666,nan,nan,nan
187.78,224.3154296875,-194.06483459472656,-30.216882705688477,224.75778336303316,-194.51544770386533,-30.211726958164093,0.6314709257898876,0.3395219714941158,0.07804354130855264,3.5295902092296756e-05,17.657436918884155,42.40115799665625,nan,0.03562931281604503,nan
187.79,224.31378173828125,-194.05613708496094,-30.2181453704834,224.7565129929809,-194.50671566841325,-30.21296354513742,0.6317110692933413,0.3395728557702347,0.07805928550782479,3.600367434735633e-05,17.56225658391145,41.433665615836546,nan,nan,nan
187.8,224.31204223632812,-194.0474395751953,-30.21949005126953,224.7487571200025,-194.49011348769727,-30.216424381548983,0.6218436143946048,0.33950812653825035,0.07804934123015063,3.52646033642052e-05,16.360887357084597,41.48374279630374,4.710534624490193,3.2823896348507824,nan
187.81,224.31021118164062,-194.0387420654297,-30.22092056274414,224.7473162561645,-194.4813534138335,-30.217852873741965,0.6220731971610544,0.339558795685038,0.07806510178680957,3.597157970247881e-05,16.26754986309047,41.85959938036805,nan,nan,nan
187.82,224.30831909179688,-194.03005981445312,-30.22243309020996,224.7457955883216,-194.4725842973707,-30.21889835411927,0.6222749371075929,0.33960954939866134,0.07808092305134226,3.525551460548735e-05,16.27138626337832,42.11851133423337,nan,0.15189553631668187,nan
187.83,224.3063507080078,-194.0213623046875,-30.224027633666992,224.74419796623073,-194.46382445616067,-30.220489679253063,0.6224913606958917,0.3396603878372219,0.07809680626332671,3.5962598140754326e-05,16.178623705696552,41.02849019948109,nan,nan,nan
187.84,224.30429077148438,-194.01266479492188,-30.2257022857666,224.74252176480664,-194.4550487299434,-30.221320164376444,0.622711130831323,0.3397113111328193,0.07811275050288947,3.5247327076156825e-05,16.288541117853153,41.82026218464228,nan,0.49484355342331654,nan
187.85,224.3021697998047,-194.00396728515625,-30.22745704650879,224.75162760658648,-194.45232707083898,-30.222987768251137,0.6348691140248554,0.3396464812368909,0.07810287016913994,3.593241024020772e-05,16.393251580301822,41.347285879071094,1.692241436000125,nan,nan
187.86,224.2999725341797,-193.99526977539062,-30.229291915893555,224.74982103527498,-194.44359505434764,-30.22562815075636,0.6351162514568051,0.3396971891060959,0.0781188303470854,3.521874532861125e-05,16.133387956439694,41.12821808107753,nan,0.4630837501701021,nan
187.87,224.29769897460938,-193.98658752441406,-30.231203079223633,224.74793859769895,-194.43484809649223,-30.227541085496938,0.6353476755900994,0.3397479816352912,0.07813485264307303,3.592522083560013e-05,16.038802061708257,42.16022212122274,nan,nan,nan
187.88,224.29534912109375,-193.97789001464844,-30.233192443847656,224.74598267244048,-194.4261012736628,-30.229534539912212,0.6355920944818294,0.33979885896046147,0.07815093625727085,3.5212251813338e-05,15.960997360040395,41.24612129747588,nan,2.7991512437783518e-06,nan
187.89000000000001,224.2929229736328,-193.9691925048828,-30.235258102416992,224.74395409411346,-194.41735476276594,-30.231603755721288,0.6358394728881691,0.3398498212336814,0.07816708225037113,3.591888874379084e-05,15.868539003470813,41.31451660466211,nan,nan,nan
187.9,224.29043579101562,-193.96051025390625,-30.23736000061035,224.74352497124445,-194.4172924673,-30.232640673685502,0.6433988403470671,0.33978489075038637,0.07815726102308757,3.518533725663133e-05,17.08593186070473,41.71826123260405,9.824651767806225,0.6570497453816775,nan
187.91,224.28787231445312,-193.95181274414062,-30.239458084106445,224.7413553360427,-194.40858440836445,-30.234772494633763,0.6436685162849791,0.33983563729789984,0.07817342245058315,3.5891276200380166e-05,16.98152418271409,40.99196718769429,nan,nan,nan
187.92000000000002,224.28524780273438,-193.943115234375,-30.241535186767578,224.73911351429092,-194.3998497820135,-30.23529479214563,0.6439250528270377,0.3398864685791015,0.07818964547834395,3.518040977839234e-05,17.394575033651773,40.975493372603346,nan,1.7841280273881461,nan
187.93,224.2825469970703,-193.93443298339844,-30.243579864501953,224.73680451252332,-194.3911424494443,-30.237373160222415,0.6441831648680676,0.3399373847433234,0.07820593105941641,3.588654653387619e-05,17.276983163583385,42.08485601469186,nan,nan,nan
187.94,224.27976989746094,-193.9257354736328,-30.245588302612305,224.7344273674213,-194.38244252520457,-30.239849657540237,0.6444592135995709,0.339988385930826,0.07822227855447188,3.517623126558768e-05,17.05754009414479,41.31584617868632,nan,0.12974714488627986,nan
187.95000000000002,224.2769317626953,-193.9170379638672,-30.24755859375,224.73319629029885,-194.37821688847953,-30.242107196685666,0.6487626972829331,0.33992335495492915,0.07821251341355209,3.5860506471788634e-05,17.401476033531996,40.96211263701481,4.868309507080509,nan,nan
187.96,224.27403259277344,-193.90835571289062,-30.249492645263672,224.73068535586768,-194.36952656891864,-30.24388795680493,0.6490313682896536,0.33997414011820337,0.07822887587057828,3.5151555688784046e-05,17.383944253180637,41.48567872659961,nan,0.028425592262025366,nan
187.97,224.2710723876953,-193.899658203125,-30.251386642456055,224.72810817872073,-194.36083977909922,-30.245831242551446,0.6493081108105753,0.3400250100990504,0.07824530105642882,3.585725115194023e-05,17.271233276610072,40.37865587755093,nan,nan,nan
187.98,224.26803588867188,-193.89097595214844,-30.253244400024414,224.72546481759858,-194.35214190055248,-30.246988426868757,0.6495801676364178,0.3400759650395577,0.07826178842777451,3.5148768527295476e-05,17.442082549086262,41.829321415605364,nan,0.3931861219460552,nan
187.99,224.2649383544922,-193.8822784423828,-30.25506591796875,224.7227575222197,-194.34345586912178,-30.248851586854,0.64986277565613,0.340127005086217,0.07827833879449793,3.585470060900964e-05,17.326313404452144,40.67650265370125,nan,nan,nan
188.0,224.26181030273438,-193.87359619140625,-30.25684928894043,224.73435023922124,-194.3416572640081,-30.249713282302732,0.665151172178876,0.34006187370375374,0.07826862506555181,3.512545352322455e-05,17.713462745971086,42.61152860673633,2.0137527601355165,0.7106218435639832,nan
188.01,224.2587127685547,-193.8649139404297,-30.25859832763672,224.73161986008327,-194.3329841080153,-30.25149678500789,0.6654180873025262,0.34011269742639066,0.07828518984985011,3.583075905146757e-05,17.593556890197473,41.90402387239733,nan,nan,nan
188.02,224.25564575195312,-193.85621643066406,-30.260313034057617,224.7289185903041,-194.32430241058628,-30.25260701416047,0.6656959117068248,0.3401636060440018,0.07830181708319295,3.5123940512977275e-05,17.801436929197695,41.61218070691299,nan,0.2861444290332903,nan
188.03,224.2526397705078,-193.8475341796875,-30.261993408203125,224.7262627026954,-194.3156302807381,-30.254316167678418,0.66595163618301,0.3402145997019893,0.07831850749037912,3.582950972757345e-05,17.679875032815886,41.889288344447436,nan,nan,nan
188.04,224.2496795654297,-193.83885192871094,-30.263639450073242,224.72365877451475,-194.30694550744278,-30.255044336521014,0.6662145037987792,0.34026567854414946,0.07833526065504619,3.512303673823659e-05,18.062327791739165,42.688660576494634,nan,0.6302564324918777,nan
188.05,224.2467803955078,-193.83016967773438,-30.2652530670166,224.7181339832861,-194.3042463926662,-30.256623582939522,0.6685786448484824,0.3402004468475022,0.07832559497814463,3.5806837343731146e-05,18.911052810238928,42.21743513919363,6.783623686374632,nan,nan
188.06,224.24392700195312,-193.82147216796875,-30.266834259033203,224.715635953969,-194.29559387862443,-30.257332404479897,0.6688729454589625,0.34025130906593354,0.07834236203663833,3.510152617113165e-05,19.33010285913262,42.29188700095528,nan,0.5603754800780019,nan
188.07,224.2411346435547,-193.8127899169922,-30.26838493347168,224.71319452798278,-194.28695357719656,-30.25889507369471,0.6691500344341718,0.34030225625841154,0.07835919244794712,3.580677372122537e-05,19.19839971583752,42.754142844327966,nan,nan,nan
188.08,224.2384033203125,-193.80410766601562,-30.2699031829834,224.7108086902805,-194.27830792413047,-30.25998206530971,0.6694259831726542,0.3403532885692537,0.07837608587066516,3.5101739585767996e-05,19.41338109967524,42.845330650058926,nan,0.13952796057578898,nan
188.09,224.23573303222656,-193.79542541503906,-30.271392822265625,224.70847771759074,-194.26966831642045,-30.26148124201209,0.6696955326667733,0.34040440614304907,0.07839304291772496,3.580727715531573e-05,19.279527499543928,42.375972157775806,nan,nan,nan
188.1,224.23309326171875,-193.7867431640625,-30.272851943969727,224.72941662891304,-194.26880975701047,-30.262521880955923,0.6919767301444586,0.3403390742238577,0.07838342073694614,3.508131529440796e-05,19.221387459844077,44.359899739969755,5.220898786374682,0.08251071509932643,nan
188.11,224.23052978515625,-193.77804565429688,-30.274280548095703,224.72723114488983,-194.26017447321343,-30.26395834772452,0.6922911140636975,0.3403899748735832,0.0784003910935731,3.5786276406455496e-05,19.086275062202155,42.43494648910311,nan,nan,nan
188.12,224.22799682617188,-193.7693634033203,-30.27568244934082,224.72509742991366,-194.2515447629872,-30.265830681363664,0.6926073427151488,0.3404409605749173,0.07841742470821085,3.508254160708544e-05,18.80211254342588,43.842461300306105,nan,0.1510768031187676,nan
188.13,224.22552490234375,-193.76068115234375,-30.277055740356445,224.72301464337127,-194.24290968543835,-30.267216797573976,0.6929193353870824,0.3404920314723662,0.07843452212821722,3.578781237433434e-05,18.668061220507234,43.285759165614,nan,nan,nan
188.14000000000001,224.2230987548828,-193.7519989013672,-30.27840232849121,224.72098197977854,-194.23425508125342,-30.266854092399214,0.6932474957963237,0.3405431877103872,0.07845168311012413,3.5084252812486906e-05,19.691936699399903,44.45208578621112,nan,2.0838870865958086,nan
188.15,224.22073364257812,-193.74331665039062,-30.279722213745117,224.70261164125372,-194.21807181578646,-30.268211162209543,0.676558480092506,0.3404777556624397,0.07844210078943623,3.5767813372212226e-05,19.521253857180707,43.33463806881818,2.5050705637865422,nan,nan
188.16,224.21839904785156,-193.73463439941406,-30.281015396118164,224.70064801092133,-194.2094378577265,-30.270668589831246,0.6768378260762705,0.3405286946757328,0.07845927450798967,3.506524924795362e-05,18.797615330203836,43.40467250193041,nan,0.9560701789509922,nan
188.17000000000002,224.21612548828125,-193.7259521484375,-30.28228187561035,224.69873150329664,-194.20079103485583,-30.271946761665458,0.6771169384709603,0.34057971881765103,0.07847651221284416,3.577028046197534e-05,18.659628839548542,42.72063339431536,nan,nan,nan
188.18,224.21388244628906,-193.71725463867188,-30.283523559570312,224.69686038037756,-194.19215600902555,-30.274308802846893,0.6774097047737533,0.3406308282324178,0.07849381371751152,3.506783643701768e-05,18.02514902925836,41.9050613709814,nan,0.8638580913190509,nan
188.19,224.21170043945312,-193.7085723876953,-30.284740447998047,224.69503466614208,-194.1835093116695,-30.275549865638975,0.6776883673541747,0.3406820230649031,0.07851117948424621,3.577319382076317e-05,17.894605954923517,41.95918857130661,nan,nan,nan
188.20000000000002,224.2095489501953,-193.69989013671875,-30.285934448242188,224.66652823775988,-194.15841516069213,-30.27552744135138,0.6474438760736182,0.3406164909832293,0.07850163254897827,3.504968044996712e-05,18.044329295223125,42.40235786812245,10.680127028807412,0.8856203636804948,nan
188.21,224.2074432373047,-193.6912078857422,-30.2871036529541,224.6647464478054,-194.1497310370528,-30.27670847802023,0.64767103245705,0.34066746829008204,0.07851901042880921,3.575449475030431e-05,17.905966997800917,42.23620723767382,nan,nan,nan
188.22,224.20538330078125,-193.68252563476562,-30.28824806213379,224.66300645860463,-194.1410569928122,-30.278897639264272,0.6478868661241027,0.34071853080119857,0.07853645233966676,3.505305318979408e-05,17.307871332041174,41.6055652517104,nan,0.7476215214951955,nan
188.23,224.20335388183594,-193.67384338378906,-30.289371490478516,224.66130844651374,-194.13237292737398,-30.280044424704407,0.6481193715708432,0.34076967866190777,0.07855395869469416,3.575820753621886e-05,17.176200807966342,41.816082945134355,nan,nan,nan
188.24,224.2013702392578,-193.6651611328125,-30.29047203063965,224.65965051511833,-194.12369676563324,-30.2820246176915,0.6483418053732348,0.3408209120157232,0.07857152938081903,3.5056803219950165e-05,16.70917441276861,41.1685471762156,nan,0.514764707881297,nan
188.25,224.19943237304688,-193.65647888183594,-30.29155158996582,224.6192041125691,-194.10179886804525,-30.283128707628634,0.6120368848082917,0.34075527999787975,0.07856201397483062,3.574028060468654e-05,17.08938631668016,39.828172767240275,13.38800080572115,nan,nan
188.26,224.19752502441406,-193.6477813720703,-30.2926082611084,224.61756006364462,-194.09311719310512,-30.285449280596826,0.6122129357340639,0.3408062955246513,0.07857959615412358,3.503973810403639e-05,16.499276472046816,38.81630032784959,nan,1.0649607800721266,nan
188.27,224.19566345214844,-193.63909912109375,-30.293643951416016,224.6159555187482,-194.08442446139645,-30.28653221984587,0.61238113678357,0.3408573963321726,0.0785972429590172,3.574470596968088e-05,16.382710303219387,39.28411752087192,nan,nan,nan
188.28,224.19383239746094,-193.6304168701172,-30.294658660888672,224.6143894398667,-194.0757209067141,-30.286337455180973,0.6125627750614828,0.3409085825633564,0.07861495431843536,3.5044157556758695e-05,16.874712966526847,40.055188373908265,nan,1.1142359268412172,nan
188.29,224.19204711914062,-193.62173461914062,-30.295654296875,224.61285920349212,-194.06702799200394,-30.287368618253044,0.612729671814959,0.3409598543644714,0.07863273058274592,3.574947448395606e-05,16.75105358410711,39.567492315255656,nan,nan,nan
188.3,224.19029235839844,-193.61305236816406,-30.296628952026367,224.64839450094726,-194.06809421522877,-30.29006966142939,0.6457272488295801,0.3408941225078406,0.07862324228274642,3.502773763674769e-05,15.265535070421045,40.057097978952946,14.20699291573702,2.001918297756911,nan
188.31,224.18856811523438,-193.60435485839844,-30.29758644104004,224.64699786254056,-194.05939713555256,-30.29108026907994,0.6459594704672992,0.34094517618046766,0.07864102937801408,3.5732532139292737e-05,15.155848133020594,39.14130204248625,nan,nan,nan
188.32,224.18687438964844,-193.59567260742188,-30.29852294921875,224.64563494973498,-194.0507075249573,-30.293068953463433,0.6461793665361666,0.34099631520651197,0.07865888124513218,3.503274996389958e-05,14.752657903532501,39.9145653937047,nan,0.6995227388300527,nan
188.33,224.1852264404297,-193.5869903564453,-30.299440383911133,224.6443070567628,-194.04200987147067,-30.294053366414513,0.6463952284045891,0.34104753973292395,0.07867679819890633,3.5737903082789736e-05,14.6488118116585,39.35077287355406,nan,nan,nan
188.34,224.18360900878906,-193.57830810546875,-30.30034065246582,224.6430122191912,-194.03331498565228,-30.295430175299703,0.6466116945494773,0.34109884990155176,0.07869478022147483,3.503804889538827e-05,14.4583551734086,39.196114629615714,nan,0.11847967731998689,nan
188.35,224.18202209472656,-193.56961059570312,-30.30122184753418,224.62019751300895,-194.01582187072748,-30.29624306964113,0.6254014609633637,0.34103301830880905,0.07868531499961172,3.5721540711264506e-05,14.510096601282761,37.817083051363014,4.876858597291866,nan,nan
188.36,224.1804656982422,-193.56092834472656,-30.302085876464844,224.61893010498375,-194.00712665162433,-30.299149552026957,0.6255817988551687,0.3410841100469556,0.07870330718834789,3.5022443484511895e-05,13.995955826806217,38.21953199439916,nan,2.743768286712333,nan
188.37,224.17893981933594,-193.55224609375,-30.302932739257812,224.6176960752098,-193.99841741776956,-30.300086681486338,0.625766731690541,0.3411352872151479,0.07872136464429828,3.572744143069829e-05,13.910371337499072,38.11640697409995,nan,nan,nan
188.38,224.1774444580078,-193.54356384277344,-30.303762435913086,224.6164918948902,-193.98971297540362,-30.30174445184534,0.6259518932309082,0.34118654995452546,0.07873948737942561,3.5028239478101165e-05,13.734089630147215,37.95366745734526,nan,0.38270520888826354,nan
188.39000000000001,224.1759796142578,-193.5348663330078,-30.304576873779297,224.61531869399408,-193.981003446257,-30.302657104919785,0.6261476154345006,0.3412378984131526,0.07875767566391516,3.5733599524442276e-05,13.65711635733227,36.89440068884775,nan,nan,nan
188.4,224.17454528808594,-193.52618408203125,-30.305374145507812,224.61822147209983,-193.9635478698645,-30.30529835982641,0.6230053329727192,0.3411719671837997,0.07874822912541228,3.5013111982158686e-05,12.409908198456991,37.92118946550969,11.345299236053382,2.3810900892891924,nan
188.41,224.1731414794922,-193.51748657226562,-30.306156158447266,224.61711518214338,-193.95479654997771,-30.30619679647526,0.6231794820946908,0.3412230969100184,0.07876642687590686,3.5717960926735024e-05,12.346939118530768,36.79804433205076,nan,nan,nan
188.42000000000002,224.17176818847656,-193.50880432128906,-30.306921005249023,224.6160363787914,-193.9460491657834,-30.307778023994796,0.6233442174622424,0.3412743121356301,0.07878469011040991,3.501934171803878e-05,12.303853785569842,37.624962505833174,nan,0.3433800075067276,nan
188.43,224.17041015625,-193.5001220703125,-30.30767250061035,224.61498607262325,-193.93729737392115,-30.30865400784949,0.6235149997080244,0.34132561300939734,0.07880301907440242,3.5724559196507234e-05,12.24559559651417,37.908853339202615,nan,nan,nan
188.44,224.16897583007812,-193.49142456054688,-30.308513641357422,224.61390647632183,-193.92855003346452,-30.31040626105442,0.6237351529692963,0.3413769996713616,0.07882141381685541,3.50257835883517e-05,12.256389668684362,36.7548483086963,nan,0.4947365038964406,nan
188.45000000000002,224.16744995117188,-193.4827423095703,-30.3094425201416,224.60461927535064,-193.93093405986264,-30.311462932240886,0.6260965940636226,0.3413109689138577,0.0788119818033524,3.5709343775847e-05,13.757868363252909,37.57597569808186,20.71560269261349,nan,nan
188.46,224.16586303710938,-193.4740447998047,-30.310462951660156,224.60336103562878,-193.922229850748,-30.311255470791114,0.6263185824196236,0.3413621365409889,0.078830385304263,3.501124488976058e-05,13.597557926682779,35.580945503200134,nan,1.2151229554969787,nan
188.47,224.1641845703125,-193.46536254882812,-30.311569213867188,224.60201981244225,-193.91353231179826,-30.31243607624061,0.6265433641352385,0.341413389744401,0.07884885471310835,3.571632280369424e-05,13.534873644710936,36.88491953475337,nan,nan,nan
188.48,224.16241455078125,-193.4566650390625,-30.312761306762695,224.60059779787156,-193.90483688417444,-30.314165215859944,0.6267890647916593,0.3414647286634793,0.07886739009906607,3.5018043670432195e-05,13.505714380146314,36.50485977446201,nan,0.1495962517529341,nan
188.49,224.16058349609375,-193.44798278808594,-30.31403923034668,224.59909706095257,-193.89613896624485,-30.31552564042573,0.6270090238601975,0.34151615344802433,0.07888599167735663,3.5723489691146265e-05,13.446415076182719,36.60968729623093,nan,nan,nan
188.5,224.15866088867188,-193.43930053710938,-30.315401077270508,224.59943878104062,-193.88524071529247,-30.31699967081118,0.6270170240275049,0.34145002326427204,0.07887656980615987,3.5003848125604174e-05,13.104139616004526,37.27481127622543,1.3455144791111626,0.004325413244432015,nan
188.51,224.1566619873047,-193.43060302734375,-30.316848754882812,224.59778544240945,-193.87653153539654,-30.318532565521664,0.6272519208069534,0.34150122871165456,0.07889517940559544,3.570878780136158e-05,13.047447207799006,36.14210268444612,nan,nan,nan
188.52,224.15460205078125,-193.4219207763672,-30.318376541137695,224.59605837633464,-193.8678137424807,-30.31814714033233,0.6274585860639258,0.34155251980143614,0.0789138551757362,3.5010952601744555e-05,12.905931591474907,36.41331062476411,nan,2.8293060519314004,nan
188.53,224.15245056152344,-193.41322326660156,-30.31998634338379,224.59425270394792,-193.8591048903761,-30.319827152064367,0.6276938591483553,0.341603896684011,0.07893259731555054,3.571626467028003e-05,12.842677690734648,36.06060541402634,nan,nan,nan
188.54,224.1502227783203,-193.404541015625,-30.321678161621094,224.59237243498154,-193.85039474062626,-30.321227611746558,0.6279188370946747,0.3416553594978223,0.07895140591859463,3.501820965255e-05,12.78402551306146,36.820803576565034,nan,0.09226703534560333,nan
188.55,224.14793395996094,-193.39584350585938,-30.323448181152344,224.55329475167594,-193.83053176671987,-30.32305842059894,0.5943663916331594,0.3415891300022939,0.07894198993544967,3.570186131729082e-05,13.290857519961117,34.72299817600809,12.618930618095298,nan,nan
188.56,224.14556884765625,-193.3871612548828,-30.325298309326172,224.55120492910092,-193.82181923051357,-30.324619622764413,0.5945322926171988,0.34164037317622287,0.07896080581137739,3.5004423321375165e-05,13.236634865737406,35.54823503614601,nan,0.090867965471279,nan
188.57,224.14312744140625,-193.3784637451172,-30.327224731445312,224.549042286338,-193.81310839974154,-30.326615334966164,0.5947127108895104,0.34169170206948246,0.0789796882322265,3.570960064343879e-05,13.172474019453873,34.860330343018994,nan,nan,nan
188.58,224.140625,-193.36978149414062,-30.3292293548584,224.54680627124023,-193.80440231324508,-30.329942164763295,0.5948772895339962,0.34174311682000014,0.07899863730439052,3.501192631796028e-05,13.114411485683757,35.20743531606783,nan,1.107358136911966,nan
188.59,224.13804626464844,-193.36109924316406,-30.331308364868164,224.54450164850024,-193.79569200127378,-30.33210614156705,0.5950440999717506,0.34179461757899465,0.07901765320759191,3.5717472990334904e-05,13.055608919135985,35.43900004770727,nan,nan,nan
188.6,224.13539123535156,-193.35240173339844,-30.333423614501953,224.50782704707188,-193.77513169573857,-30.33462438997642,0.5633919566106722,0.34172828887657153,0.07900823873116541,3.4998377451698416e-05,13.396397253969933,34.00408333762918,10.60518760151778,0.11422470140605072,nan
188.61,224.13267517089844,-193.34371948242188,-30.335535049438477,224.50532625634284,-193.76641315168945,-30.336862952434075,0.5635073494180376,0.3417795696930507,0.07902726113368878,3.570341817306762e-05,13.342867189459048,34.478842404672235,nan,nan,nan
188.62,224.1298828125,-193.33502197265625,-30.337623596191406,224.50275751352925,-193.757694484551,-30.338901028710954,0.5636392701124594,0.3418309362920881,0.07904635037098157,3.500608587934166e-05,13.279906324637484,33.79333434018129,nan,0.024993252992556007,nan
188.63,224.1270294189453,-193.3263397216797,-30.339679718017578,224.50012090487448,-193.74897657709136,-30.341099124797406,0.5637563153887523,0.3418823888253323,0.07906550661288018,3.5711498854265016e-05,13.22854323386892,34.374701962930715,nan,nan,nan
188.64000000000001,224.12411499023438,-193.31765747070312,-30.341699600219727,224.49741736506212,-193.7402591768402,-30.343334277479926,0.5638701421885571,0.34193392743001877,0.079084729980632,3.501390055408935e-05,13.187859528948886,34.09066927401455,nan,0.003459598523187747,nan
188.65,224.12112426757812,-193.30897521972656,-30.34368133544922,224.47169790805154,-193.72337606669754,-30.345397747980787,0.5428009630030369,0.3418674996411645,0.07907531268952372,3.5697646208036714e-05,13.374647878137484,34.00680976159747,4.693655369376475,nan,nan
188.66,224.11807250976562,-193.30029296875,-30.345624923706055,224.4688276443064,-193.71464772068614,-30.345742681048925,0.5428803171285306,0.34191881800044593,0.07909454176959714,3.500062193415437e-05,13.232092794102028,33.65942957322068,nan,2.1537904676984634,nan
188.67000000000002,224.11495971679688,-193.29159545898438,-30.347530364990234,224.46589031884875,-193.70592421470496,-30.34777936170908,0.5429739103058537,0.34197022221887624,0.07911383802540971,3.5705898044283046e-05,13.175025319392576,32.601027484429906,nan,nan,nan
188.68,224.11178588867188,-193.2829132080078,-30.34939956665039,224.46288769844782,-193.6972033329742,-30.350788124585176,0.5430568262767184,0.34202171243335183,0.0791332015855979,3.500859716627841e-05,13.168819022463092,33.22373120975729,nan,0.7186743897776834,nan
188.69,224.10855102539062,-193.27423095703125,-30.35123062133789,224.45982367458205,-193.6884805108124,-30.35276144203993,0.5431367325912306,0.34207328879607407,0.07915263260890563,3.5714240874756485e-05,13.120219677377689,33.12461296318661,nan,nan,nan
188.70000000000002,224.10523986816406,-193.2655487060547,-30.353025436401367,224.44940171189361,-193.68701709237882,-30.35526029376262,0.5441396603239106,0.33747222066941207,0.07910772039866273,3.499535422082799e-05,19.363019677421853,38.815191723522595,4.443503039562585,0.25750446877808864,0.008195710645677727
188.71,224.1018829345703,-193.25686645507812,-30.35478401184082,224.44620752035104,-193.67832833783325,-30.35716787154318,0.5442382031570766,0.33751933578846594,0.07912646591565767,3.570048674191598e-05,19.296515322156555,38.26030460512882,nan,nan,nan
188.72,224.09848022460938,-193.24818420410156,-30.35650634765625,224.44293080488396,-193.6696462309272,-30.360715564445684,0.5443290914634847,0.3375665341290058,0.07914527224540288,3.500346240314255e-05,19.56084202084477,39.07971224527336,nan,1.979572610561748,nan
188.73,224.09510803222656,-193.239501953125,-30.358196258544922,224.43968735756147,-193.66095854858528,-30.362571725498192,0.544407676301769,0.3376138172756063,0.0791641395701616,3.570896476589837e-05,19.510862989605844,38.51361922501719,nan,nan,nan
188.74,224.09178161621094,-193.23081970214844,-30.359851837158203,224.43651456784377,-193.65226526866158,-30.362620584775165,0.5444858487035606,0.3376611839517226,0.07918306799885187,3.501164186087452e-05,19.115053191269823,38.022181456044436,nan,2.221513816783705,nan
188.75,224.08851623535156,-193.22213745117188,-30.361474990844727,224.40624355815456,-193.63029161311334,-30.364372055421576,0.5172512586247257,0.3376002662189647,0.07917353660356972,3.569546869760624e-05,18.96867893870936,37.50893201418076,6.988773929322499,nan,nan
188.76,224.08529663085938,-193.2134552001953,-30.363065719604492,224.4030901027958,-193.62158259282367,-30.36620943945583,0.5172722130498931,0.33764743557744437,0.0791924651749586,3.499868988648664e-05,18.93792129324222,37.80394263509942,nan,0.0065377275809909725,nan
188.77,224.08213806152344,-193.2047882080078,-30.3646240234375,224.39999875211825,-193.6128737134916,-30.367920585666727,0.5172814183149329,0.3376946896463095,0.07921145497154068,3.5704049527419196e-05,18.880137845214684,38.60969218947811,nan,nan,nan
188.78,224.07904052734375,-193.19610595703125,-30.366151809692383,224.39692789553388,-193.60417099576364,-30.371492474409898,0.5172987312860303,0.3377420272295864,0.07923050611045107,3.500696618672267e-05,19.313251898106312,38.124086143338936,nan,2.5241035608817897,nan
188.79,224.07601928710938,-193.1874237060547,-30.36764907836914,224.39395906636304,-193.59546298476423,-30.37316243093372,0.5173124329244072,0.3377894497931255,0.07924961876175063,3.5712690136974e-05,19.273667021806425,37.609872475532114,nan,nan,nan
188.8,224.0730438232422,-193.17874145507812,-30.369115829467773,224.40454389784688,-193.58910592451147,-30.373411814557333,0.5275507110450306,0.33772846160620296,0.07924008391628004,3.4994111735054596e-05,18.37406965511857,37.757751385235665,3.6539838396390634,1.3136450785072393,nan
188.81,224.07012939453125,-193.17005920410156,-30.370553970336914,224.40172158603917,-193.58039164568046,-30.375009630166264,0.5275850139888782,0.33777568658411544,0.07925919622612111,3.569932391070532e-05,18.32629246698505,37.55672461157101,nan,nan,nan
188.82,224.06727600097656,-193.16139221191406,-30.371963500976562,224.39896538189214,-193.57167680569378,-30.37621933379015,0.5276072454184902,0.33782299506031394,0.0792783701124279,3.500246113009132e-05,18.209522432573223,38.15286872256216,nan,0.09149869633086749,nan
188.83,224.06446838378906,-193.1527099609375,-30.37334442138672,224.39625914651066,-193.56296315480574,-30.37775804927756,0.5276478687701027,0.33787038842030576,0.07929760573877509,3.570803933030388e-05,18.161177261307582,37.579213118887324,nan,nan,nan
188.84,224.0617218017578,-193.14402770996094,-30.374696731567383,224.39359741709498,-193.55425095306532,-30.379848354748383,0.5276846335264092,0.3379178655866526,0.07931690323194328,3.501085630936984e-05,18.297813106087716,37.60046703606992,nan,0.23601343732099112,nan
188.85,224.0590362548828,-193.13534545898438,-30.37602424621582,224.38824451447292,-193.5460012662988,-30.38141583352753,0.5263509660645993,0.3378568079528538,0.0793073616446446,3.5694750637213365e-05,18.547357283901547,37.22634208696346,0.7301429978889183,nan,nan
188.86,224.05641174316406,-193.12667846679688,-30.3773250579834,224.38571031371578,-193.53729193102197,-30.38226313251079,0.5263699745904704,0.3379040873040514,0.0793266582944709,3.4998092130154064e-05,18.353350158007753,37.62838265408842,nan,0.27145875857735535,nan
188.87,224.05381774902344,-193.1179962158203,-30.378599166870117,224.38321672396137,-193.52858415665645,-30.38369901059314,0.5264144282371241,0.33795145144219196,0.0793460169090253,3.570351955051958e-05,18.30966679588698,37.3987324212689,nan,nan,nan
188.88,224.05130004882812,-193.10931396484375,-30.37984848022461,224.38076360080765,-193.51987759413942,-30.385699143675577,0.5264436874407495,0.3379988993689986,0.07936543762009417,3.5006538374455175e-05,18.48541093340797,36.79373899080745,nan,0.24482015214483255,nan
188.89000000000001,224.04881286621094,-193.10064697265625,-30.381071090698242,224.37837329807354,-193.51116975002427,-30.387092004966913,0.5264743872175033,0.3380464323529559,0.07938492058381441,3.571232595631007e-05,18.445996387659772,38.26098681128981,nan,nan,nan
188.9,224.04638671875,-193.0919647216797,-30.38227081298828,224.4040458004711,-193.514410606394,-30.389923725419116,0.5535694277308898,0.33798530380627534,0.07937536888496624,3.4993829590856136e-05,18.945702607684925,37.87002527921976,7.64647463692829,1.3262118797789753,nan
188.91,224.04400634765625,-193.08328247070312,-30.383447647094727,224.40180205310187,-193.5057187429191,-30.391285215674134,0.5536529584498749,0.33803263870091954,0.07939485048003929,3.569910118314299e-05,18.91924540368416,37.82721183381322,nan,nan,nan
188.92000000000002,224.0416717529297,-193.07461547851562,-30.384599685668945,224.3996186479866,-193.49702582439153,-30.39197258196268,0.55372451596769,0.3380800573648588,0.07941439439725456,3.5002309313801434e-05,18.676191416173502,38.51045191414401,nan,0.2996999237934496,nan
188.93,224.0393829345703,-193.06593322753906,-30.38572883605957,224.3974698036591,-193.488334039063,-30.39328278244948,0.5538101782162929,0.33812756098934266,0.07943400078901038,3.570794269959331e-05,18.648032202033153,37.61803921871853,nan,nan,nan
188.94,224.03713989257812,-193.0572509765625,-30.3868350982666,224.39538481375558,-193.4796408790933,-30.393630486521843,0.5538942413592673,0.33817514869037374,0.07945366979265926,3.501081702335077e-05,18.2960644480053,37.22622909523169,nan,0.6244275532559664,nan
188.95000000000002,224.03494262695312,-193.04856872558594,-30.387920379638672,224.3633802026665,-193.4624855026634,-30.394884417259448,0.5284381111413715,0.33811395002450034,0.07944410460041722,3.5694759201798156e-05,18.98984887499829,36.69975035030762,11.29037262760838,nan,nan
188.96,224.03277587890625,-193.03990173339844,-30.38898277282715,224.36129493642255,-193.45379537284833,-30.397000909621397,0.5284855782763909,0.3381613393987544,0.07946377169153028,3.499814606584396e-05,19.393264030107837,38.36794902704374,nan,0.5466926961441011,nan
188.97,224.03067016601562,-193.03121948242188,-30.390024185180664,224.35926933550283,-193.4451039669523,-30.398225856520025,0.5285310285455885,0.33820881363714445,0.07948350147594975,3.5703620207536085e-05,19.368852885539305,36.92932484392253,nan,nan,nan
188.98,224.02859497070312,-193.0225372314453,-30.39104652404785,224.35731797728968,-193.43641025351135,-30.39768953408595,0.5285771684775559,0.33825637193030683,0.07950329409370402,3.5006673437026606e-05,18.673408467756843,36.45925219003001,nan,2.1397637247472674,nan
188.99,224.02658081054688,-193.01385498046875,-30.392045974731445,224.3553765859932,-193.4277183369429,-30.398857390605095,0.5286170023463131,0.3383040153588939,0.07952314969321204,3.571250353922806e-05,18.64132389792065,35.96958435123039,nan,nan,nan
189.0,224.0245819091797,-193.00518798828125,-30.393028259277344,224.3466688407241,-193.41257346567548,-30.401672871248852,0.5194012398710277,0.3382427452816574,0.07951356757444483,3.4994029451729715e-05,19.0006625347613,38.21154014951393,2.4772010636388035,1.7014784405935397,nan
189.01,224.02264404296875,-192.9965057373047,-30.39398956298828,224.344800488948,-193.40386264318585,-30.40282050667719,0.5194250764272897,0.33829019010410133,0.07953342069589191,3.569933943434689e-05,18.979065064771465,36.776227482148975,nan,nan,nan
189.02,224.02073669433594,-192.98782348632812,-30.394929885864258,224.34302865596922,-193.39514865612497,-30.40068138656108,0.5194410286488033,0.33833771895741,0.07955333686821174,3.500256372330105e-05,17.668698592317625,35.76238926267086,nan,7.541872972586909,nan
189.03,224.01885986328125,-192.97914123535156,-30.39585304260254,224.34123816250641,-193.38643719069452,-30.401760073352627,0.519473441152025,0.33838533285070305,0.07957331623803807,3.570823140646244e-05,17.629614525155564,35.85698256121982,nan,nan,nan
189.04,224.01702880859375,-192.970458984375,-30.396759033203125,224.3394919862867,-193.37772520285841,-30.40244049803199,0.5195002913649025,0.33843303108069767,0.07959335894806309,3.5011114227451344e-05,17.503930742021712,35.40708409608148,nan,0.10221033653833339,nan
189.05,224.01522827148438,-192.96177673339844,-30.397645950317383,224.3342043033187,-193.36091399631025,-30.403475980756117,0.5109699137761616,0.3383716901849398,0.07958375644586979,3.569508486606151e-05,16.68357851398804,35.70029856942565,5.228051933401017,nan,nan
189.06,224.0134735107422,-192.95310974121094,-30.398513793945312,224.33254464772753,-193.35217246752998,-30.403356960088114,0.5109607678213614,0.3384191895631069,0.07960379609330205,3.499847371979722e-05,16.329578108691933,35.99497490698172,nan,0.920880324561951,nan
189.07,224.01173400878906,-192.94442749023438,-30.39936637878418,224.33090143015622,-193.34343121531745,-30.404351902730482,0.5109761941043335,0.338466773886397,0.07962389915074707,3.5703974245507226e-05,16.284506598054776,35.55086718970446,nan,nan,nan
189.08,224.0100555419922,-192.9357452392578,-30.40020179748535,224.32930553702485,-193.33468927007178,-30.40457440972793,0.5109755559596499,0.3385144425195309,0.07964406576195461,3.500702364138979e-05,16.06521972220026,34.5612125354564,nan,0.40363627533377405,nan
189.09,224.00839233398438,-192.92706298828125,-30.401020050048828,224.32773141638316,-193.32594735563086,-30.40552976963607,0.5109858370189442,0.3385621963706608,0.07966429607198301,3.571287628872005e-05,16.018403449440786,35.07392445327871,nan,nan,nan
189.1,224.0067596435547,-192.9183807373047,-30.40182113647461,224.32760613511715,-193.32333675380144,-30.405656451981663,0.5166687101904857,0.3385007835263652,0.0796546696942109,3.499439220328104e-05,16.50811693271558,34.86462466543677,3.585854262672509,0.5015005311734699,nan
189.11,224.0051727294922,-192.90969848632812,-30.402606964111328,224.32609502916443,-193.3146175268625,-30.40657358669854,0.5166878031354574,0.3385483382418252,0.07967489633691448,3.5699721053517355e-05,16.45970053139652,34.38967157909287,nan,nan,nan
189.12,224.0036163330078,-192.90101623535156,-30.403377532958984,224.32461677511165,-193.3058981828242,-30.407418969675383,0.5167078559793944,0.3385959772378705,0.07969518674317433,3.500293243637456e-05,16.416955551412844,34.35441705970468,nan,0.0022960934452210696,nan
189.13,224.00209045410156,-192.892333984375,-30.404130935668945,224.3231690637331,-193.29717860414473,-30.408306257666606,0.5167282390514455,0.33864370135846683,0.07971554105758329,3.570861536771954e-05,16.37009254413472,34.40932825978203,nan,nan,nan
189.14000000000001,224.00057983398438,-192.88365173339844,-30.404870986938477,224.32174546840494,-193.28845882261353,-30.409617985773565,0.5167578525862042,0.3386915100636979,0.07973595942459201,3.50114817413487e-05,16.456417981406585,34.8412306267443,nan,0.135842772972171,nan
189.15,223.99900817871094,-192.87496948242188,-30.405702590942383,224.34601784885373,-193.2885360820786,-30.410480289658445,0.5398850525151202,0.3386300256809024,0.07972630565256988,3.5695463454216766e-05,16.058336263756043,34.3360981694848,6.895416255415818,nan,nan
189.16,223.99734497070312,-192.8662872314453,-30.4066219329834,224.34451871410178,-193.27982241884604,-30.41285408515306,0.5399812950877604,0.338677634996508,0.07974671972843951,3.499883310319656e-05,16.457673095849003,35.15238103779173,nan,1.3209800380706913,nan
189.17000000000002,223.99560546875,-192.85760498046875,-30.407630920410156,224.34295947128697,-193.27110867121885,-30.41396391488321,0.5400742654130174,0.33872532934401106,0.07976719791844929,3.570434207048382e-05,16.400837315993236,34.92646247468093,nan,nan,nan
189.18,223.9937744140625,-192.8489227294922,-30.40872573852539,224.3413333161854,-193.2623949746545,-30.41428498724833,0.5401734843648025,0.3387731082436447,0.0797877403670501,3.5007369952796295e-05,16.08960715945372,35.05654110164814,nan,0.5437736288683782,nan
189.19,223.99188232421875,-192.84024047851562,-30.409908294677734,224.33961534168955,-193.25368108598568,-30.415563044762195,0.5402623099412646,0.3388209724499249,0.07980834721883182,3.57132277968785e-05,16.03266161080322,34.40586320718781,nan,nan,nan
189.20000000000002,223.98989868164062,-192.83154296875,-30.411176681518555,224.33933528447542,-193.2400691319087,-30.415761991765347,0.5376063526930863,0.3387594155448369,0.07979866250724293,3.499472027640734e-05,15.048991331811665,33.76893818210761,3.3737705199185384,0.9617478032654643,nan
189.21,223.98785400390625,-192.82286071777344,-30.41252899169922,224.33747025385887,-193.23133400088426,-30.417201498638352,0.5376837151777631,0.33880708007368693,0.0798192644250339,3.570005129202785e-05,14.990903105247185,34.105889113212946,nan,nan,nan
189.22,223.9857177734375,-192.81417846679688,-30.413965225219727,224.33554581703416,-193.2225993274998,-30.417539268258732,0.5377732173766512,0.33885482911964504,0.07983993080374649,3.500323823034986e-05,14.674951342922288,34.26615562572898,nan,0.9941827149103528,nan
189.23,223.9835205078125,-192.8054962158203,-30.415483474731445,224.33352976999066,-193.2138642234662,-30.41913581361853,0.5378515156235235,0.33890266338123126,0.07986066178833176,3.5708920354123856e-05,14.615284761673916,33.7918933124351,nan,nan,nan
189.24,223.9812469482422,-192.79681396484375,-30.417083740234375,224.33143001509524,-193.20512876695136,-30.4215056457297,0.5379300244260345,0.33895058246200477,0.07988145752270963,3.501176145752709e-05,14.732099507387167,33.96939682526694,nan,0.3361924507305413,nan
189.25,223.9788818359375,-192.7881317138672,-30.418766021728516,224.3339457293966,-193.18684224621035,-30.423159885217622,0.533909882916634,0.3388889532829939,0.07987173830287696,3.5695739803241064e-05,13.383925316686526,34.79262928386844,14.931192464675284,nan,nan
189.26,223.97647094726562,-192.77944946289062,-30.4205265045166,224.33171337704442,-193.17806448273365,-30.426126435078295,0.5339686106709757,0.3389366724242459,0.07989252844152714,3.4999083841409816e-05,13.672324417069452,34.27024750500829,nan,0.8836523794473721,nan
189.27,223.97396850585938,-192.77076721191406,-30.422367095947266,224.32942419333511,-193.16928755979947,-30.42806593627617,0.5340409068776026,0.3389844766909753,0.07991338338534221,3.570458656084367e-05,13.618563101102918,34.79393957858488,nan,nan,nan
189.28,223.97140502929688,-192.7620849609375,-30.424283981323242,224.32704529556403,-193.1605097304035,-30.431538203091193,0.5341113363785427,0.33903236573852963,0.07993430327761512,3.5007588774364826e-05,14.145636932694694,35.077518044258845,nan,1.490403732118599,nan
189.29,223.96878051757812,-192.75338745117188,-30.426279067993164,224.32461534808402,-193.1517330972498,-30.433650485714953,0.5341835060628815,0.33908034018830563,0.07995528826422865,3.571343781793226e-05,14.099788924438272,33.774145342577505,nan,nan,nan
189.3,223.966064453125,-192.7447052001953,-30.4283504486084,224.3296266599948,-193.15671183540087,-30.435227622828734,0.5495218296325471,0.3390186378796138,0.07994553094461654,3.499490554810489e-05,15.010579554426148,34.909373937613864,11.98514783822168,0.3442026330596868,nan
189.31,223.9633026123047,-192.73602294921875,-30.430458068847656,224.32706204421973,-193.14798100978663,-30.437469075917438,0.5496176145231689,0.3390664120984448,0.07996650965568299,3.5700225446612564e-05,14.970661803753513,34.07647986540548,nan,nan,nan
189.32,223.96046447753906,-192.7273406982422,-30.432559967041016,224.32441723672028,-193.13924966062558,-30.44074642903654,0.5497250425143358,0.33911427105722053,0.0799875535103008,3.500338760191606e-05,15.443039952154786,34.87298298204051,nan,0.7328066862147349,nan
189.33,223.95755004882812,-192.71865844726562,-30.434640884399414,224.3217181727488,-193.13051964958706,-30.44300308453772,0.549834519513567,0.3391622153297406,0.08000866265516851,3.5709056338669156e-05,15.421154359008238,35.02487673325724,nan,nan,nan
189.34,223.95458984375,-192.70997619628906,-30.436689376831055,224.31895449271923,-193.12179014241536,-30.445108047582522,0.549930175258466,0.3392102446422798,0.08002983723236828,3.501187348084784e-05,15.42306478062685,34.34691228591647,nan,0.011130704284660724,nan
189.35,223.95155334472656,-192.70130920410156,-30.438703536987305,224.2738264370865,-193.09245254763613,-30.447276896238474,0.5068792397992777,0.33914846931303433,0.08002003820482988,3.56958373142273e-05,15.2669432983493,35.105431706790554,16.779224459333676,nan,nan
189.36,223.94845581054688,-192.692626953125,-30.4406795501709,224.27085465288232,-193.08368805728983,-30.450063650646744,0.5069101124179662,0.3391962981246797,0.08004120580818204,3.499915846633793e-05,15.65987256081472,34.46711537679002,nan,0.27723738333402803,nan
189.37,223.94528198242188,-192.68394470214844,-30.442615509033203,224.26782644220077,-193.07492459857548,-30.452193051081792,0.5069437219809041,0.3392442121624333,0.08006243889425568,3.570464377626183e-05,15.648583984764244,34.820749358575625,nan,nan,nan
189.38,223.9420623779297,-192.67526245117188,-30.444515228271484,224.26472317720518,-193.06616043358372,-30.455348907824742,0.506979874014161,0.3392922111960444,0.08008373760419789,3.500762434918483e-05,16.369010373867553,34.892050388229535,nan,0.7985190677579704,nan
189.39000000000001,223.9387664794922,-192.6665802001953,-30.44637680053711,224.26156975653467,-193.05739798669558,-30.45741483060667,0.5070131517250296,0.33934029573448976,0.08010510208610032,3.5713454128102956e-05,16.364460207169955,35.22896362368544,nan,nan,nan
189.4,223.9354248046875,-192.65789794921875,-30.44820213317871,224.29577392917315,-193.06865367072137,-30.459528050885854,0.5465345649422608,0.3392784466381067,0.08009525772058418,3.499490287601643e-05,16.91147278958196,35.0470114149438,14.071589907160414,0.004113358306301493,nan
189.41,223.9320068359375,-192.64923095703125,-30.44999122619629,224.29255776950393,-193.05993014319162,-30.461522656191875,0.5466294641584539,0.3393263303808286,0.08011661451305847,3.5700201891875526e-05,16.906437736427453,36.31516957571345,nan,nan,nan
189.42000000000002,223.9285430908203,-192.6405487060547,-30.45174217224121,224.28926888143923,-193.05120554397774,-30.464654670564872,0.5467438771157509,0.3393742990728148,0.08013803711743821,3.50033453911957e-05,17.883486949827404,36.00296990503946,nan,0.9704403306272088,nan
189.43,223.92501831054688,-192.63186645507812,-30.453460693359375,224.2859330353721,-193.04248289686413,-30.466591570676712,0.5468434152477172,0.3394223531835777,0.08015952568281498,3.5708991656441666e-05,17.887349992933885,35.867040251139635,nan,nan,nan
189.44,223.92141723632812,-192.62319946289062,-30.45514488220215,224.282554430516,-193.03376286876647,-30.4669439355158,0.5469201047039379,0.33947049254175,0.08018108034884669,3.5011791829777956e-05,16.971813768872178,36.27894899304972,nan,1.6971795505315357,nan
189.45000000000002,223.9178009033203,-192.61451721191406,-30.45679473876953,224.23878198508083,-193.00825033143985,-30.468843903993022,0.5081336503738447,0.33940856967043637,0.08017118700729124,3.569573325212488e-05,17.18766866021387,34.49214381792088,14.903079322211365,nan,nan
189.46,223.91419982910156,-192.60585021972656,-30.458412170410156,224.23527967299148,-192.99950885840266,-30.469166330081226,0.5081092814611109,0.3394565079554602,0.08019273325038932,3.499903920423537e-05,16.36450724569357,34.535996461003016,nan,1.5915823363836301,nan
189.47,223.91064453125,-192.59716796875,-30.459997177124023,224.23179420952835,-192.99076584270213,-30.470943369422688,0.5081104420928214,0.3395045315739443,0.08021434564006591,3.5704499352693326e-05,16.35813261733849,33.561579543076256,nan,nan,nan
189.48,223.90713500976562,-192.58848571777344,-30.461549758911133,224.22835911559085,-192.98202335011126,-30.472785800924186,0.5081171546694663,0.33955264039013,0.08023602431496209,3.500746659257726e-05,16.550868134428626,34.033754912314635,nan,0.006561859512409434,nan
189.49,223.90370178222656,-192.57981872558594,-30.463071823120117,224.22498525613483,-192.9732816842513,-30.474502464819757,0.5081012005673021,0.3396008348203749,0.08025776942568781,3.57132699980566e-05,16.544852705167067,34.409596712260445,nan,nan,nan
189.5,223.90032958984375,-192.57115173339844,-30.464563369750977,224.21407170067656,-192.96786392769488,-30.47535555154714,0.5058963810912697,0.3395388375183828,0.08024782344770713,3.4994708977152164e-05,16.900727450995028,33.91852798606182,4.603435113586107,0.5647733821116165,nan
189.51,223.8970184326172,-192.56246948242188,-30.466026306152344,224.21080863477553,-192.95914331628683,-30.477005683123494,0.5059001563177944,0.3395868305773639,0.08026955938540968,3.5699980631077824e-05,16.892707991006688,33.08213358128043,nan,nan,nan
189.52,223.89378356933594,-192.55380249023438,-30.467458724975586,224.20762121504438,-192.95042498252482,-30.477483938481576,0.5058695228617225,0.3396349087820511,0.08029136178945559,3.500311466574936e-05,16.330128659511622,33.0292282936759,nan,0.9229881271236337,nan
189.53,223.89060974121094,-192.5451202392578,-30.46886444091797,224.2044877230023,-192.94170517729725,-30.479066370345677,0.5058686389738086,0.33968307251687463,0.08031323081145217,3.570873259061943e-05,16.31797104669011,32.15613788164454,nan,nan,nan
189.54,223.8874969482422,-192.5364532470703,-30.470239639282227,224.2014363874531,-192.93298903456045,-30.478538185139975,0.5058334391040579,0.3397313216937708,0.08033516658855067,3.501152530495246e-05,15.31324689827031,32.075367199569065,nan,3.062819053797278,nan
189.55,223.88442993164062,-192.5277862548828,-30.471590042114258,224.2056407101023,-192.93089110488907,-30.480059672704776,0.5155013277779833,0.33966924985759367,0.0803251643149465,3.569543936140812e-05,15.683631806495093,32.384709884317225,1.5531474723250225,nan,nan
189.56,223.88143920898438,-192.51910400390625,-30.472911834716797,224.2026999310476,-192.92218869125782,-30.48201898282162,0.5155275519935777,0.3397172973787735,0.08034709015166969,3.4998739821651e-05,15.988877464227082,31.454295498184834,nan,0.16084771901795178,nan
189.57,223.87850952148438,-192.51043701171875,-30.474206924438477,224.1998236155112,-192.91348739127454,-30.48348027113795,0.5155369535148391,0.33976543034676104,0.08036908278500846,3.5704170105993496e-05,15.971364150762142,32.19226058837392,nan,nan,nan
189.58,223.87564086914062,-192.50177001953125,-30.47547721862793,224.19703420560043,-192.9047920344035,-30.481604829624164,0.5155171857552131,0.33981364870194714,0.08039114235116691,3.500713387611245e-05,14.579475881161128,30.662551279384346,nan,7.740968213440703,nan
189.59,223.87281799316406,-192.4930877685547,-30.476722717285156,224.1942751658371,-192.89609103043927,-30.482983438249885,0.515543925945743,0.33986195278624115,0.08041326900317086,3.5712906760140206e-05,14.549765766690237,30.09348175106809,nan,nan,nan
189.6,223.87005615234375,-192.4844207763672,-30.477941513061523,224.19895269869585,-192.87748927471537,-30.48474226121461,0.5125641742957431,0.3397998058339858,0.0804032067516498,3.499434613787715e-05,13.404008094658252,31.283398643327807,15.191061467635441,0.1650467676531963,nan
189.61,223.8673553466797,-192.4757537841797,-30.479137420654297,224.19632977854243,-192.86874462294836,-30.4860763882379,0.5125564607403215,0.33984790796122355,0.08042532267996842,3.569958681365285e-05,13.375859502222715,30.99604124158436,nan,nan,nan
189.62,223.8647003173828,-192.4670867919922,-30.480308532714844,224.19376479335298,-192.86000079893012,-30.48694094167672,0.5125512999126811,0.33989609541867644,0.08044750571543217,3.5002721318785925e-05,13.228479911424177,31.08977060153515,nan,0.14071678546752303,nan
189.63,223.8621063232422,-192.45840454101562,-30.481456756591797,224.19124977566122,-192.8512560387859,-30.488224935091843,0.512555869940897,0.3399443685230624,0.08046975601194167,3.570830780098293e-05,13.201289292038842,29.943633522972547,nan,nan,nan
189.64000000000001,223.85955810546875,-192.44973754882812,-30.482582092285156,224.1887744088702,-192.84250797135144,-30.4911880143829,0.5125680843845056,0.339992727252448,0.08049207370438914,3.501110295038346e-05,13.978960833221294,31.726299046488627,nan,2.042468169496535,nan
189.65,223.85707092285156,-192.44107055664062,-30.483686447143555,224.18916607335058,-192.83522088781248,-30.4925345975089,0.5154803219452089,0.3399305050043125,0.08048194780278033,3.569498718818219e-05,14.050141393901093,31.43088080879892,0.44152883194846754,nan,nan
189.66,223.8546142578125,-192.43238830566406,-30.484766006469727,224.1868032849479,-192.82647671221196,-30.494694682493556,0.5155131429286817,0.33997866148564887,0.08050425397170162,3.49982919317008e-05,14.62015231970104,31.75520652912481,nan,0.6012462425325039,nan
189.67000000000002,223.8522186279297,-192.42372131347656,-30.48582649230957,224.1844965017488,-192.817734236439,-30.495920330292392,0.5155159109633679,0.3400269035321662,0.08052662757342545,3.57036902101996e-05,14.603047918609596,32.12231408818089,nan,nan,nan
189.68,223.84986877441406,-192.41505432128906,-30.48686408996582,224.18224521053725,-192.80899353316877,-30.49610139167033,0.5155070568761764,0.34007523114409416,0.08054906874205879,3.5006660143764654e-05,14.132914531909927,31.73790371855391,nan,0.7401637450637165,nan
189.69,223.84756469726562,-192.4063720703125,-30.487882614135742,224.18003404355048,-192.80025041455568,-30.49727638618721,0.5155232868030105,0.3401236446049971,0.08057157763268342,3.571240081547814e-05,14.11400437037727,30.850359212369696,nan,nan,nan
189.70000000000002,223.84530639648438,-192.397705078125,-30.488880157470703,224.1860777259268,-192.80560195791125,-30.50039073954638,0.5316365835879174,0.34006134653784087,0.08056138438526998,3.499385011909708e-05,16.415679923937383,32.87973457312142,10.564941906357943,2.301930802916403,nan
189.71,223.8430938720703,-192.38902282714844,-30.489856719970703,224.1839637831898,-192.79690128655378,-30.501548068745812,0.5316895913873606,0.3401095574461594,0.08058388093715482,3.5699058549068654e-05,16.406268573942864,32.042812104819205,nan,nan,nan
189.72,223.84092712402344,-192.38035583496094,-30.490814208984375,224.1796973050651,-192.7909906784936,-30.50481256641133,0.5325243321170992,0.3396867439162116,0.07983454055080542,3.500190934380902e-05,23.446330916341196,39.80485338605483,nan,3.1961109068421156,0.01011719950034094
189.73,223.83880615234375,-192.37168884277344,-30.49175262451172,224.17766854456582,-192.782295536867,-30.505954105202672,0.5325666720240015,0.3397338869974058,0.0798538837131359,3.570745702758907e-05,23.420212781532385,39.69620743142522,nan,nan,nan
189.74,223.83673095703125,-192.36300659179688,-30.492673873901367,224.17568255128728,-192.77360023422065,-30.507077779057184,0.532618808277803,0.33978111430399016,0.07987328791241947,3.642731424394767e-05,23.394206150046145,38.70165977267554,nan,nan,nan
189.75,223.83468627929688,-192.35433959960938,-30.493576049804688,224.19378607523552,-192.77580216517455,-30.508037455845695,0.5538885175562348,0.33971910298146674,0.07986348182724785,3.713778573808861e-05,23.522208259003715,39.836042953095024,5.05452487972572,nan,nan
189.76,223.8326873779297,-192.3456573486328,-30.49445915222168,224.19192729377235,-192.76711891009327,-30.508335449840697,0.5539636419106819,0.33976613217067564,0.07988288337859283,3.6355358860364723e-05,23.114280962723836,38.495451279939786,nan,0.405725958648947,nan
189.77,223.83071899414062,-192.3369903564453,-30.495325088500977,224.190096072268,-192.75844415882543,-30.509396578822283,0.5540516209378799,0.3398132457910265,0.07990234624674743,3.708738287525981e-05,23.08125927103069,39.53695619633883,nan,nan,nan
189.78,223.8288116455078,-192.32830810546875,-30.496173858642578,224.18830196374716,-192.74977079468792,-30.510593644216804,0.5541407921527625,0.33986044319542597,0.0799218702046113,3.630767881653996e-05,23.397348049914065,38.38267633302644,nan,0.01526792450139038,nan
189.79,223.82691955566406,-192.31964111328125,-30.497005462646484,224.18654881277067,-192.7410955289211,-30.51162350119748,0.5542298386774752,0.33990772529929014,0.07994145576060313,3.703841093348145e-05,23.364570928889606,39.845769029137784,nan,nan,nan
189.8,223.8250732421875,-192.3109588623047,-30.497821807861328,224.17899913572757,-192.73359649187154,-30.51196861180613,0.5514401473468108,0.3398456601523469,0.07993164059215987,3.623875800508398e-05,23.611250363319396,38.3205095299196,2.9781321489957895,0.20262105117457155,nan
189.81,223.82327270507812,-192.3022918701172,-30.498620986938477,224.1773067677089,-192.72493276442935,-30.512959741495216,0.5515170377513983,0.33989274432627503,0.07995122320970438,3.6967352050063865e-05,23.57699057144678,38.83539109272304,nan,nan,nan
189.82,223.82150268554688,-192.29360961914062,-30.49940299987793,224.17565259597492,-192.71626736323944,-30.513813173371453,0.5516061827091924,0.3399399122679599,0.07997086716449721,3.619392194571674e-05,23.68117371778306,38.347973710683796,nan,0.009885699062500551,nan
189.83,223.81976318359375,-192.28494262695312,-30.500171661376953,224.17403226981963,-192.7076027433929,-30.514772994028785,0.5516895489307494,0.33998716481271163,0.0799905729332165,3.6921371418004874e-05,23.644702505365636,39.21559650992164,nan,nan,nan
189.84,223.81805419921875,-192.27626037597656,-30.50092315673828,224.1724464865505,-192.69893814711202,-30.51575123666564,0.5517882415262274,0.3400345014326182,0.08001034033532599,3.615049828229573e-05,23.88080448160589,38.81432975251802,nan,0.0007142129679519766,nan
189.85,223.81626892089844,-192.267578125,-30.501766204833984,224.1665247787131,-192.68462981359872,-30.51667651263636,0.5448243700269717,0.33997238281340797,0.08000051316070457,3.685353535255691e-05,23.292779400385932,38.57805867910392,2.210513853017964,nan,nan
189.86,223.8144073486328,-192.2589111328125,-30.50269889831543,224.16485656289026,-192.67593086744645,-30.51624800805911,0.5448886943428767,0.3400195212996089,0.08002027713169654,3.6086131614439656e-05,22.270975072345273,38.31874433985381,nan,1.4974909272597177,nan
189.87,223.81246948242188,-192.25022888183594,-30.503719329833984,224.1630886034407,-192.66724668475385,-30.517396878924405,0.5449997168105917,0.3400667442948091,0.08004010312974556,3.681057949913038e-05,22.191686124125965,37.39272279090054,nan,nan,nan
189.88,223.81045532226562,-192.24154663085938,-30.504825592041016,224.1612479828749,-192.65855905170957,-30.51829394374767,0.5451020513430211,0.3401140513433799,0.08005999100384587,3.604561558650696e-05,22.068149456891888,37.294611062123444,nan,0.077182651770101,nan
189.89000000000001,223.80836486816406,-192.23287963867188,-30.50602149963379,224.15932616371353,-192.64987466547367,-30.51961641314504,0.5452004264713783,0.34016144317305647,0.08007994118730086,3.676911596720942e-05,21.98669778048436,37.96954344174219,nan,nan,nan
189.9,223.8061981201172,-192.2241973876953,-30.507301330566406,224.13234745658534,-192.63204459445188,-30.52038835422307,0.5223830050125492,0.3400992700526235,0.08007009838624254,3.5984336515412974e-05,21.98740947213749,36.643296971334685,7.43371052946679,0.15008626949910076,nan
189.91,223.803955078125,-192.21551513671875,-30.508665084838867,224.1302309511921,-192.62335175673402,-30.521876109472704,0.5224568739552105,0.3401464635039528,0.08009004460962865,3.670604806419882e-05,21.909596550420503,36.64018112648463,nan,nan,nan
189.92000000000002,223.80165100097656,-192.20684814453125,-30.510112762451172,224.12803265663024,-192.61466440760807,-30.52405093605829,0.5225259441029539,0.34019374098308075,0.08011005294726484,3.594672638994462e-05,22.48515754509443,37.693504772066895,nan,0.24231994110069505,nan
189.93,223.79925537109375,-192.1981658935547,-30.511642456054688,224.12576941117248,-192.6059712727115,-30.525713749055104,0.5226037188199909,0.3402411031528233,0.08013012380511929,3.6667618931331405e-05,22.4076714154129,37.34335463875859,nan,nan,nan
189.94,223.7967987060547,-192.18948364257812,-30.513254165649414,224.123432262984,-192.5972793464352,-30.527589327421634,0.5226780208308108,0.3402885496542329,0.08015025707237498,3.591054400178413e-05,22.65827173498282,37.26963474999781,nan,0.011285731379552601,nan
189.95000000000002,223.7942657470703,-192.18080139160156,-30.51494598388672,224.15059261193926,-192.59756613302454,-30.529379608755168,0.5485161928763269,0.3402263221832918,0.08014039557503796,3.660773796312374e-05,21.995344176342392,37.623282405933416,10.485003535269216,nan,nan
189.96,223.7916717529297,-192.17213439941406,-30.5167179107666,224.14820453767072,-192.5888506696056,-30.52849292496062,0.5485496580956052,0.34027357009120685,0.08016052434745767,3.58537835796307e-05,20.098385244559825,36.256818939959494,nan,5.256186894428473,nan
189.97,223.78900146484375,-192.1634521484375,-30.51856803894043,224.1457120543907,-192.5801601882856,-30.53045491124846,0.548661400958958,0.34032090260119263,0.08018071584828217,3.6572309707542355e-05,20.023404546878886,35.569482169625076,nan,nan,nan
189.98,223.78627014160156,-192.15476989746094,-30.520496368408203,224.1431713458659,-192.57145494121548,-30.53077376622508,0.54873538267543,0.340368319412352,0.08020096999186468,3.582047322805908e-05,19.038012356967368,34.33166215280973,nan,1.9977634429385382,nan
189.99,223.78346252441406,-192.14610290527344,-30.522502899169922,224.14054176449966,-192.56276480818505,-30.53287609567235,0.5488354291075894,0.34041582110103075,0.08022128714712774,3.653834909945676e-05,18.961498605604483,35.30820576839572,nan,nan,nan
190.0,223.7805938720703,-192.13742065429688,-30.52458381652832,224.13656694784584,-192.556242551253,-30.53579423065702,0.5497765777404092,0.34035353839256466,0.08021140333135274,3.576669829238761e-05,19.839742276468783,34.80687248717,1.366932598166806,0.2752655714775322,nan
190.01,223.77764892578125,-192.1287384033203,-30.52669906616211,224.13379874895293,-192.54756320789642,-30.538038448116975,0.5498958947442206,0.34040084123921044,0.08023171542369747,3.6483083488033784e-05,19.780198507060376,35.02131332046589,nan,nan,nan
190.02,223.77464294433594,-192.1200714111328,-30.528810501098633,224.1309309836266,-192.5389089634766,-30.543278444189653,0.5500685262512228,0.34044822835314176,0.08025209038774377,3.5736204256870964e-05,22.041564497106712,37.92514422452558,nan,6.00767288684603,nan
190.03,223.77157592773438,-192.11138916015625,-30.530900955200195,224.12803207744122,-192.53023056281393,-30.545556157520387,0.550185316233652,0.340495700259057,0.08027252856935727,3.6452048492540464e-05,22.00702868766203,36.917679443042374,nan,nan,nan
190.04,223.76844787597656,-192.10272216796875,-30.532957077026367,224.12507291616785,-192.52154981063495,-30.54746799858977,0.5502804561288593,0.34054325673304775,0.08029302991685815,3.57070836511048e-05,21.94154435597572,37.587694931733324,nan,0.07815062466639516,nan
190.05,223.76524353027344,-192.0940399169922,-30.53497886657715,224.1391338545687,-192.5194377597387,-30.549583927535632,0.566542678904793,0.34048091877377973,0.08028312058563482,3.6399800013981414e-05,21.71482882764673,37.20760225907774,3.2337741971480685,nan,nan
190.06,223.76199340820312,-192.0853729248047,-30.536962509155273,224.1360837071652,-192.51076080794877,-30.550896070120036,0.5666502863534936,0.34052827617996223,0.0803036162945794,3.565759626970953e-05,21.22975424952536,36.96304190043573,nan,0.5082839616221421,nan
190.07,223.7586669921875,-192.07669067382812,-30.53890609741211,224.13296225623984,-192.502091040658,-30.553027420442596,0.5667996370456958,0.3405757182941568,0.08032417542426619,3.637161096966409e-05,21.199494898385666,36.58765821657939,nan,nan,nan
190.08,223.7552947998047,-192.06802368164062,-30.540813446044922,224.12976631898692,-192.49343151794776,-30.55640772218742,0.5669602519741349,0.3406232449381905,0.08034479794402316,3.563119059930249e-05,22.472948291764986,38.1240307639805,nan,1.125817300721052,nan
190.09,223.75184631347656,-192.05934143066406,-30.542682647705078,224.12652313777315,-192.4847627274108,-30.55847788325427,0.5671115338773438,0.3406708565685765,0.08036548416873779,3.6344805030338516e-05,22.444964431801125,37.75805434417598,nan,nan,nan
190.1,223.74835205078125,-192.05067443847656,-30.54451560974121,224.118341107448,-192.4786904623924,-30.562347660060766,0.5660455819105649,0.3406084625825605,0.0803555456966027,3.5584480997944033e-05,25.071718788384217,39.939844246155886,3.524046242086884,2.6257199957834962,nan
190.11,223.7447967529297,-192.0419921875,-30.546310424804688,224.11496544214683,-192.47003853611125,-30.564362357588745,0.5661929064492024,0.3406558748924414,0.08037622567665965,3.629685303595536e-05,25.047799315357913,39.182549777818764,nan,nan,nan
190.12,223.74118041992188,-192.0333251953125,-30.54806900024414,224.11152268459648,-192.4613936400042,-30.5672379709084,0.5663598112343462,0.3407033716909149,0.08039696926663169,3.5560698568790337e-05,26.33521110550294,41.297392374180205,nan,0.548849416860564,nan
190.13,223.7375030517578,-192.024658203125,-30.549795150756836,224.10803050058087,-192.45274282076528,-30.569192150526607,0.5665009036105897,0.34075095339421924,0.08041777676237016,3.62727611642983e-05,26.307358110640017,41.29248916153789,nan,nan,nan
190.14000000000001,223.7337646484375,-192.0159912109375,-30.551485061645508,224.10450444576563,-192.44407491311256,-30.568592996490356,0.5665653844221873,0.3407986198842738,0.08043864816130028,3.5538188299364915e-05,24.103094612010608,39.19104628561246,nan,4.345132031448005,nan
190.15,223.72998046875,-192.00730895996094,-30.55314064025879,224.12723661575254,-192.45182850649027,-30.57054724119147,0.5964168536635904,0.3407361697269368,0.0804286772432945,3.62275690959154e-05,24.744399305862412,38.52052911060384,9.08087216655283,nan,nan
190.16,223.72613525390625,-191.99864196777344,-30.554763793945312,224.12363204730656,-192.44320090543147,-30.570351146963965,0.596556213100904,0.3407836366608228,0.08044954178234846,3.5495406605290044e-05,23.159780336701836,37.81326261704807,nan,2.821847132851457,nan
190.17000000000002,223.72227478027344,-191.98997497558594,-30.55635643005371,224.1199667950547,-192.43458745821835,-30.572131206106313,0.5967311303198771,0.34083118841921356,0.08047047042521446,3.620608234439621e-05,23.123490843837658,37.288380915178266,nan,nan,nan
190.18,223.71841430664062,-191.98130798339844,-30.55791473388672,224.11630959245156,-192.42596647833787,-30.57265162546767,0.5968743683270653,0.3408788249193112,0.08049146318646999,3.547537502242845e-05,22.30856001342358,37.22313123199175,nan,1.0370321436667913,nan
190.19,223.71461486816406,-191.97264099121094,-30.5594425201416,224.11267866702477,-192.41735417675224,-30.57435830263307,0.597031896907562,0.3409265465247073,0.08051252033662767,3.618585555645704e-05,22.27276019272533,36.790785335870645,nan,nan,nan
190.20000000000002,223.7108917236328,-191.96397399902344,-30.560941696166992,224.1263329522692,-192.41765209643802,-30.57761155855162,0.6153804634829932,0.3408640395049502,0.0805025133430667,3.5435097725352145e-05,24.07179826154864,38.24288041258396,3.270962495854889,1.5036017327622189,nan
190.21,223.70721435546875,-191.95530700683594,-30.562408447265625,224.12285080602837,-192.40905689109331,-30.579276255209088,0.6155705803904192,0.3409115612970883,0.08052356299034961,3.614453762270758e-05,24.040138770488394,38.923286242325275,nan,nan,nan
190.22,223.70361328125,-191.94664001464844,-30.563846588134766,224.11943705522145,-192.40046238352963,-30.58094800939152,0.615756942393506,0.3409591677832432,0.08054467696697583,3.5417431607700565e-05,24.365093546862646,38.991532499172656,nan,0.0008746818766659039,nan
190.23,223.70008850097656,-191.93797302246094,-30.565258026123047,224.11609333760956,-192.39186805938257,-30.582556387304173,0.615938277706208,0.34100685929629254,0.08056585552809524,3.612675009216694e-05,24.33040921836261,38.71001387888035,nan,nan,nan
190.24,223.69662475585938,-191.92930603027344,-30.566638946533203,224.1128193214068,-192.3832741806255,-30.58414706319121,0.6161262306331303,0.3410546357993088,0.08058709871100263,3.540090768399486e-05,24.64616523960845,39.30029494164537,nan,6.543496499263038e-05,nan
190.25,223.6932373046875,-191.92063903808594,-30.5679931640625,224.10087721556067,-192.36677714279085,-30.585776653275314,0.6045872624319529,0.34099207166932516,0.08057705224734253,3.608788447019547e-05,24.253905862194696,38.93965810576725,2.646199984398014,nan,nan
190.26,223.68991088867188,-191.91197204589844,-30.569320678710938,224.09772850375603,-192.35816405540731,-30.58751762325423,0.6047591630667617,0.3410396481142463,0.0805982872739163,3.5364123622895946e-05,24.79394718200746,39.65002285229377,nan,0.030936092606846405,nan
190.27,223.68666076660156,-191.90330505371094,-30.570621490478516,224.09464821406374,-192.3495502283639,-30.5890235004427,0.6049191244773846,0.34108730950851107,0.08061958707774958,3.607241129985287e-05,24.75897090219503,39.26858447768728,nan,nan,nan
190.28,223.6834716796875,-191.8946533203125,-30.571897506713867,224.0916405155924,-192.34093122931606,-30.589532360903558,0.6050427743150304,0.3411350558417707,0.08064095170981318,3.53497967631265e-05,24.10783815052215,39.487184872745644,nan,0.6535020526506726,nan
190.29,223.6803436279297,-191.885986328125,-30.57314682006836,224.08869002472144,-192.33231772783574,-30.590978604225704,0.6052077913136912,0.3411828874072091,0.08066238140501815,3.605805325333586e-05,24.06961998171679,38.7619404221953,nan,nan,nan
190.3,223.67727661132812,-191.8773193359375,-30.574371337890625,224.12832511801523,-192.3403146167273,-30.592319031645317,0.6466308878559802,0.34112026553895886,0.08065229183712164,3.5315209514986343e-05,24.049060377488402,39.916010274335434,17.293068221482386,0.00019673088669328175,nan
190.31,223.6742706298828,-191.86865234375,-30.575571060180664,224.1255726419874,-192.33172013327368,-30.59371553902904,0.6468651373637813,0.3411678967846262,0.08067371269723327,3.602258523454668e-05,24.008430780340994,39.87078904720041,nan,nan,nan
190.32,223.67132568359375,-191.8599853515625,-30.57674789428711,224.12288393272252,-192.3231230671469,-30.594589101917435,0.6470855466185881,0.3412156129160038,0.08069519858787917,3.5302956288533144e-05,23.82717162925489,39.63562575742869,nan,0.17334910913261437,nan
190.33,223.66842651367188,-191.851318359375,-30.577899932861328,224.12025135128306,-192.31452873374673,-30.595935042443696,0.647328973540978,0.3412634142034454,0.08071674973187731,3.601035942776922e-05,23.784348605311557,40.05608666475738,nan,nan,nan
190.34,223.6656036376953,-191.84266662597656,-30.579030990600586,224.11768011577342,-192.30593191571498,-30.596763503245615,0.6475355686853307,0.3413113006707325,0.08073836619811348,3.529170096638451e-05,23.602151392859987,39.94797457958122,nan,0.17038963806004412,nan
190.35,223.66282653808594,-191.83399963378906,-30.580137252807617,224.09746208890212,-192.28668308059954,-30.59802092260433,0.6278138184962981,0.3412486207368721,0.0807282300591445,3.597701444274087e-05,23.25370386791511,39.1444287389262,3.68649460752305,nan,nan
190.36,223.6601104736328,-191.82533264160156,-30.581222534179688,224.09496889719267,-192.27807082152333,-30.60016987524539,0.6280387805170154,0.3412963066310575,0.08074983699996546,3.526013899008474e-05,24.48775393039095,40.17937247329951,nan,0.531423277580898,nan
190.37,223.65745544433594,-191.81666564941406,-30.582286834716797,224.092535946547,-192.26945439547208,-30.601432528120196,0.6282350273081901,0.34134407760573526,0.08077150938145916,3.596679031257513e-05,24.440600363077017,39.89233213545633,nan,nan,nan
190.38,223.65484619140625,-191.80799865722656,-30.583328247070312,224.09015672557257,-192.26083797745855,-30.60267488766958,0.6284369527699754,0.3413919337525766,0.08079324731449053,3.66877486225016e-05,24.393791129469136,40.09541561362354,nan,nan,nan
190.39000000000001,223.65228271484375,-191.79933166503906,-30.5843505859375,224.0878302126726,-192.25222148201485,-30.603897229553098,0.6286436832276023,0.34143987521608166,0.08081505094355977,3.7423158420064146e-05,24.34367985980999,40.272474040356464,nan,nan,nan
190.4,223.6497802734375,-191.79066467285156,-30.585351943969727,224.07268735943705,-192.23276331070466,-30.604302513898766,0.6120953627342965,0.3413771366302543,0.08080486459306581,3.6597060958423736e-05,23.372557717776612,39.29076221366777,4.0346122261526824,0.41376625661713784,nan
190.41,223.64732360839844,-191.78199768066406,-30.586332321166992,224.07044633659234,-192.2241187151174,-30.605477928501564,0.6122666139032584,0.34142487725424137,0.08082665798334128,3.732992015540271e-05,23.32199205471405,39.38466878204541,nan,nan,nan
190.42000000000002,223.64491271972656,-191.77334594726562,-30.58729362487793,224.06825393962492,-192.21547433203773,-30.606768241292585,0.6124333088351096,0.3414727029405429,0.08084851708552256,3.653174961231932e-05,23.82578516201078,40.806929321490706,nan,0.01159165517746406,nan
190.43,223.64254760742188,-191.76467895507812,-30.588237762451172,224.0661107334023,-192.206829091285,-30.607907730762243,0.6126086616196449,0.3415206139205826,0.08087044210179473,3.7263087850217984e-05,23.77040658499172,40.040645074229126,nan,nan,nan
190.44,223.64022827148438,-191.75601196289062,-30.589160919189453,224.0640213649826,-192.19817850517438,-30.607770699641033,0.6127464085087991,0.34156861025594504,0.08089243312123372,3.646881470862245e-05,22.827016496042422,39.121540820279016,nan,1.0286588394596863,nan
190.45000000000002,223.63796997070312,-191.74734497070312,-30.59006690979004,224.06631241947676,-192.18842712608165,-30.608873602236883,0.615129590326744,0.3415058126383568,0.08088219304102025,3.717516359485985e-05,22.498222465114765,38.73030144291507,1.0173860453882215,nan,nan
190.46,223.6357421875,-191.73867797851562,-30.590953826904297,224.06431927561465,-192.17977278609047,-30.609948235051036,0.6153078394325598,0.3415536079090322,0.08090417312046759,3.79186627694054e-05,22.44251322977,39.18964482367437,nan,nan,nan
190.47,223.63357543945312,-191.73001098632812,-30.59182357788086,224.06237089099477,-192.1711181682932,-30.611006134367567,0.6154746588750275,0.34160148836286086,0.08092621927104013,3.867682132354435e-05,22.3863960590864,38.558593836560306,nan,nan,nan
190.48,223.63143920898438,-191.72134399414062,-30.592674255371094,224.06047070255775,-192.16245957994798,-30.61107799988735,0.6156213774164974,0.3416494541092804,0.08094833161290732,3.7793191286629476e-05,21.778566715143455,38.384838150716234,nan,0.5676485197751412,nan
190.49,223.6293487548828,-191.71267700195312,-30.593509674072266,224.05860892514772,-192.1538043923332,-30.61209390318567,0.615794642629452,0.3416975053628518,0.08097051033912119,3.8548168390351214e-05,21.720844232350245,38.23116601781346,nan,nan,nan
190.5,223.62728881835938,-191.70401000976562,-30.594329833984375,224.08485434880564,-192.15554361478442,-30.612044065808757,0.6430883338414443,0.3416346481539091,0.0809602128830713,3.764811056387937e-05,20.850980989948063,38.62762012421597,7.75377361207413,0.5572750548658131,nan
190.51,223.6252899169922,-191.69534301757812,-30.595130920410156,224.0831249057088,-192.14689859042142,-30.61301736520342,0.6433002698322938,0.341682498035538,0.08098237989790488,3.839912632292149e-05,20.793214768490245,37.80690954540669,nan,nan,nan
190.52,223.62332153320312,-191.68666076660156,-30.595916748046875,224.0814362541723,-192.13825285081947,-30.61386963489131,0.6435268558832568,0.34173043314854895,0.08100461329049036,3.753161490282207e-05,20.9961225577188,37.591776019492606,nan,0.006862248223293225,nan
190.53,223.6213836669922,-191.67799377441406,-30.59668731689453,224.07978673079631,-192.1296072685103,-30.614812104148143,0.6437519901855241,0.3417784536939843,0.08102691324570184,3.827980998752145e-05,20.935456597332852,38.62030921390022,nan,nan,nan
190.54,223.619384765625,-191.66932678222656,-30.597549438476562,224.07811754373228,-192.12096225755428,-30.615990122677555,0.6440111979758701,0.3418265597627652,0.08104927986945949,3.7419410712379344e-05,21.3850349257997,38.48654746625431,nan,0.023965659691588634,nan
190.55,223.61729431152344,-191.66065979003906,-30.598499298095703,224.09776120280821,-192.1280228594718,-30.617102610366732,0.6705391528597713,0.34176364254083885,0.08103892147957428,3.814037495494964e-05,21.964230383660023,39.42788798969629,7.678973435239717,nan,nan
190.56,223.61514282226562,-191.65199279785156,-30.599536895751953,224.09597534104387,-192.11940923215315,-30.616951781381783,0.6708064641991278,0.3418115469696381,0.08106127563239744,3.7287951215541816e-05,20.96774124669392,37.88224056786641,nan,1.0723102470333843,nan
190.57,223.61289978027344,-191.64332580566406,-30.600662231445312,224.0941096666666,-192.11079943031385,-30.618191247586513,0.6711198185962155,0.3418595367563703,0.0810836965232311,3.8030048954490384e-05,20.857391796500643,38.43499853045192,nan,nan,nan
190.58,223.610595703125,-191.6346435546875,-30.60187339782715,224.09217750506548,-192.10218290300284,-30.617427088525034,0.6713836395666029,0.341907612002917,0.08110618426484072,3.718425780312458e-05,19.22955377356731,35.57916409400935,nan,2.728960571249236,nan
190.59,223.60821533203125,-191.6259765625,-30.60317039489746,224.09016485684762,-192.09357265322015,-30.618820152526308,0.6716891866342163,0.34195577289390616,0.08112873903191613,3.792401397182431e-05,19.126061608005756,36.347034782951155,nan,nan,nan
190.6,223.60577392578125,-191.6173095703125,-30.604551315307617,224.06658696505795,-192.08637409775605,-30.621406417324575,0.6577646102803593,0.34189279512116355,0.08111831606239026,3.7061499325891544e-05,21.430427709101266,36.50915332521858,14.0844804076077,0.702647759978463,nan
190.61,223.60325622558594,-191.608642578125,-30.606016159057617,224.06438424758397,-192.07778923432636,-30.6229812216856,0.6580466936674856,0.3419407540956616,0.08114085757922763,3.779813057498607e-05,21.324306978308524,36.58536101511468,nan,nan,nan
190.62,223.6006622314453,-191.59996032714844,-30.607563018798828,224.0621150205815,-192.06920053448462,-30.623291200860717,0.6583102798023478,0.34198879846477903,0.08116346612518158,3.696597282982001e-05,20.34822991715339,35.094279997130826,nan,1.1483345027546799,nan
190.63,223.59799194335938,-191.59129333496094,-30.609189987182617,224.05977163295648,-192.06061566090133,-30.625019029002413,0.6586003992675971,0.34203692840436734,0.08118614186926433,3.770055817036713e-05,20.247034273590277,35.921198022914695,nan,nan,nan
190.64000000000001,223.5952606201172,-191.58262634277344,-30.610898971557617,224.05735663714967,-192.052033159921,-30.627694892995716,0.6589063605087122,0.3420851440294771,0.08120888493270224,3.687434393360921e-05,21.19678128718605,36.60449990894783,nan,0.47636795661514336,nan
190.65,223.59246826171875,-191.57395935058594,-30.612686157226562,224.06572312159915,-192.0569502766309,-30.629586755383475,0.6764140945162468,0.3420221052494701,0.08119839379506158,3.758327954881818e-05,22.029623451189032,36.50416856991543,7.378178441986867,nan,nan
190.66,223.589599609375,-191.56527709960938,-30.614551544189453,224.06318837995957,-192.0484011891199,-30.63026637919136,0.6767142421497436,0.3420701186831784,0.08122112281599007,3.676382040545239e-05,21.094611085150664,35.19404107406142,nan,1.078751977163383,nan
190.67000000000002,223.586669921875,-191.55661010742188,-30.616497039794922,224.06058336367073,-192.03985555792477,-30.63231209876902,0.6770304511886982,0.3421182176133337,0.08124391920471315,3.749379097028899e-05,20.994532632594435,35.590587227677645,nan,nan,nan
190.68,223.58367919921875,-191.54794311523438,-30.61851692199707,224.05791351599967,-192.03130915480014,-30.63403207134314,0.677334212392518,0.34216640216192873,0.08126678308712297,3.6679840649465674e-05,20.833267953727514,35.23444732548104,nan,0.10473442547072023,nan
190.69,223.5806121826172,-191.53927612304688,-30.62061309814453,224.05517744146164,-192.02276390248835,-30.63622941482177,0.6776551387821922,0.3422146724944074,0.08128971462527815,3.7408154046637546e-05,20.736270132813342,35.528240962949496,nan,nan,nan
190.70000000000002,223.57748413085938,-191.53060913085938,-30.622743606567383,224.0138971984425,-191.99776735323383,-30.63933811230638,0.6395064877779468,0.33768479979024385,0.07646387183782982,3.6576748533286044e-05,27.91194787706053,41.339491759462895,10.708838015489365,0.379924400013206,0.013792890807735032
190.71,223.5742950439453,-191.5219268798828,-30.624868392944336,224.01098001261863,-191.98921409135014,-30.64161531295282,0.6397902462494206,0.3377358347460852,0.0764783560591486,3.730260689748307e-05,27.829772151332744,40.524833143056604,nan,nan,nan
190.72,223.571044921875,-191.5132598876953,-30.626970291137695,224.00803558536842,-191.98070344160593,-30.645101542670695,0.6401508090717021,0.3377869529746155,0.07649289872167803,3.6500063667259046e-05,29.244042172801258,42.57542559079496,nan,0.9680143550164978,nan
190.73,223.56773376464844,-191.5045928955078,-30.629039764404297,224.0049936979626,-191.97215094356108,-30.64735075922525,0.6404233522542783,0.3378381572199827,0.07650750367239117,3.72245041158458e-05,29.171215358448237,42.478576391617366,nan,nan,nan
190.74,223.56436157226562,-191.4959259033203,-30.631071090698242,224.00185111149887,-191.9635522699655,-30.64819551218762,0.6405971913235666,0.33788944506814905,0.07652216742873652,3.642684779830634e-05,28.140962937692613,41.42923406914397,nan,1.2236569453577038,nan
190.75,223.56092834472656,-191.4872589111328,-30.633066177368164,224.01461709852083,-191.9632886585378,-30.650437917831546,0.6578294483379294,0.3378245364087672,0.07651233779789265,3.712685071246927e-05,28.35365457035587,41.864636796926725,3.046059384277479,nan,nan
190.76,223.55743408203125,-191.4785919189453,-30.63502311706543,224.01139685676458,-191.95472677588867,-30.65175454110894,0.6580779158964232,0.3378756080099087,0.07652702310981783,3.633486047062364e-05,27.85742704100179,41.418505628165526,nan,0.43379341377239383,nan
190.77,223.55389404296875,-191.4699249267578,-30.636940002441406,224.0081403534308,-191.9461924725688,-30.653839945301822,0.6583738252922158,0.3379267654837283,0.07654177079881058,3.705587975210442e-05,27.789206444670263,40.89954469019685,nan,nan,nan
190.78,223.55027770996094,-191.4612579345703,-30.63882064819336,224.00488781000396,-191.93773192934097,-30.658132677022266,0.6588404702288164,0.3379780065767749,0.07655657768376209,3.626838884185313e-05,30.292734521896804,44.038126031668945,nan,3.3080386822119032,nan
190.79,223.54661560058594,-191.4525909423828,-30.640663146972656,224.0015149380485,-191.92919843168855,-30.660166224186078,0.6591422275252804,0.3380293337914443,0.07657144716363064,3.698830046189538e-05,30.222000709918383,43.56252298851389,nan,nan,nan
190.8,223.54287719726562,-191.4439239501953,-30.642467498779297,224.0365353636937,-191.93040386853,-30.659855678970967,0.6932989579066349,0.33796431362491564,0.07656169793324973,3.618315699022073e-05,27.207250089495474,43.059923931948305,17.66818912852048,3.2932059292087956,nan
190.81,223.5391082763672,-191.4352569580078,-30.644237518310547,224.0331121458442,-191.9218615543068,-30.661794145262018,0.6936368584118509,0.3380154242252539,0.07657658847470324,3.6901159636656234e-05,27.133394950543334,42.037429714347134,nan,nan,nan
190.82,223.53526306152344,-191.42660522460938,-30.645973205566406,224.02966718108266,-191.91335959523585,-30.66496398088558,0.6940647666524526,0.33806661845816083,0.07659153859021695,3.6123059689496794e-05,28.69044923923285,45.05302657170026,nan,1.060808054859778,nan
190.83,223.5313720703125,-191.41793823242188,-30.647672653198242,224.02613276570543,-191.90481863795176,-30.66684669903405,0.6944122111745691,0.33811789867117586,0.07660655139855777,3.684014460041891e-05,28.615196376520682,43.89662155899459,nan,nan,nan
190.84,223.52743530273438,-191.40927124023438,-30.649337768554688,224.02253447910323,-191.89626753108706,-30.66834885941656,0.6947301658350173,0.33816926284390103,0.0766216241352687,3.606599242739738e-05,28.58695084961994,43.551949556673684,nan,0.08016912002713669,nan
190.85,223.52342224121094,-191.40060424804688,-30.650970458984375,223.99799289075298,-191.87190154009843,-30.6701241217369,0.6691078401115392,0.33810413367484615,0.07661195455229314,3.675955239234202e-05,27.609159794997794,43.60351456167726,12.48780982383268,nan,nan
190.86,223.51937866210938,-191.39195251464844,-30.652570724487305,223.9942182441838,-191.86326829088446,-30.670280096559228,0.6692718517110683,0.33815528094265573,0.07662704797570569,3.59901090459431e-05,26.271127769128533,42.178878253722424,nan,1.76135733424402,nan
190.87,223.51527404785156,-191.38328552246094,-30.65414047241211,223.99043338472103,-191.85468438922317,-30.67201374683755,0.6695616035419238,0.33820651405080243,0.0766422041945974,3.670471656909687e-05,26.190170339439412,41.68531198887667,nan,nan,nan
190.88,223.5111541748047,-191.3746337890625,-30.655675888061523,223.98654583205433,-191.84602346721445,-30.67107577356761,0.6696585793703865,0.3382578311273628,0.07665742070395637,3.5938880528952446e-05,24.01496769155289,40.10306808011275,nan,4.665697219735323,nan
190.89000000000001,223.50706481933594,-191.365966796875,-30.657182693481445,223.98273373331736,-191.837440883244,-30.672722684933472,0.669918070498235,0.33830923429643184,0.07667270023656089,3.665281333048203e-05,23.93768809904916,39.372286509954655,nan,nan,nan
190.9,223.50302124023438,-191.3572998046875,-30.658658981323242,223.96974626121047,-191.82549906956467,-30.67285904655525,0.6612446133536795,0.33824399425690505,0.07666310358464687,3.5868795965515785e-05,23.03601172437484,38.518169884667316,1.0283726543780407,1.3132774595869614,nan
190.91,223.49905395507812,-191.34864807128906,-30.660106658935547,223.96602554408273,-191.8169151217745,-30.674432503617748,0.661469368401655,0.33829518015725063,0.07667840327169957,3.65812414372311e-05,22.957149290301356,38.862764781163484,nan,nan,nan
190.92000000000002,223.4951629638672,-191.33999633789062,-30.661523818969727,223.96238543092832,-191.80834338343442,-30.67639385776792,0.6617151251483928,0.33834645003118696,0.07669376359955751,3.582304555662869e-05,23.45259945507074,39.19315631465548,nan,0.11646589524118324,nan
190.93,223.49134826660156,-191.33132934570312,-30.662914276123047,223.95880850297286,-191.7997602304889,-30.677915961400178,0.6619453277806697,0.3383978058612008,0.07670918706172464,3.653496462126743e-05,23.375601439441354,38.350751725053954,nan,nan,nan
190.94,223.48760986328125,-191.3226776123047,-30.664276123046875,223.9553139148518,-191.79118618103038,-30.67973459458837,0.66218299824695,0.3384492459884284,0.07672467150935772,3.577989335005528e-05,23.828447342630902,39.451058531510846,nan,0.07063520189332038,nan
190.95000000000002,223.4839324951172,-191.3140106201172,-30.665611267089844,223.96057557392774,-191.78844080357777,-30.681219212605907,0.6726932670390563,0.33838389721388157,0.07671514626970768,3.6468960120397354e-05,24.058574058740806,39.37137150688138,1.4845389244638902,nan,nan
190.96,223.48033142089844,-191.30535888671875,-30.666919708251953,223.9571726705665,-191.77980344285803,-30.680061778585475,0.6727911475694752,0.33843511977891,0.07673065043799832,3.571776689190465e-05,22.14841249331059,38.05499659295137,nan,4.59227375154307,nan
190.97,223.476806640625,-191.2967071533203,-30.668201446533203,223.9539045266586,-191.7712359172389,-30.68145707975422,0.6730346591787905,0.33848642816569485,0.0767462178559113,3.6427941015617915e-05,22.071059492084302,37.81248198478591,nan,nan,nan
190.98,223.47335815429688,-191.2880401611328,-30.669458389282227,223.9507131945375,-191.76267496278183,-30.68308145742758,0.6732990549267366,0.3385378208497201,0.0767618465943777,3.567957771769592e-05,22.38617537356971,37.216248676308766,nan,0.04376572080053742,nan
190.99,223.469970703125,-191.27938842773438,-30.670690536499023,223.94758524254553,-191.7541073678169,-30.684430116054962,0.6735447248589711,0.3385892996113496,0.076777538819623,3.6389411580714036e-05,22.307213244971926,38.13231517555895,nan,nan,nan
191.0,223.46664428710938,-191.27073669433594,-30.671897888183594,223.9238903602567,-191.74235334153823,-30.684262081272628,0.6570000811246014,0.33852384059066276,0.07676807875818888,3.56223416300429e-05,22.1637321323695,36.9973259905641,8.573968953121371,1.9484791927045426,nan
191.01,223.46339416503906,-191.26206970214844,-30.673080444335938,223.92086350511022,-191.73379965891067,-30.685551072947423,0.6572388194484577,0.33857510143036124,0.07678379013422808,3.633101119953311e-05,22.09074694088933,35.89304451030555,nan,nan,nan
191.02,223.460205078125,-191.25341796875,-30.674240112304688,223.91786509405324,-191.72520508773582,-30.685178515128335,0.657385293778851,0.33862644656354896,0.07679956315473493,3.5588774032035704e-05,21.10804516052276,35.75488607581452,nan,1.8327201320262532,nan
191.03,223.4570770263672,-191.24476623535156,-30.67537498474121,223.91496812948827,-191.7166512320714,-30.68640609203719,0.657617972515122,0.33867787764376767,0.07681539978495042,3.629721676076073e-05,21.03438752836032,35.76521455777039,nan,nan,nan
191.04,223.45401000976562,-191.23609924316406,-30.676488876342773,223.91213012278754,-191.70809283036164,-30.687431990055817,0.6578538865497313,0.33872939333726915,0.07683129839526716,3.555739317072397e-05,20.987684795991797,35.096308755988815,nan,0.02209552309945305,nan
191.05,223.45101928710938,-191.22744750976562,-30.677581787109375,223.8997012952199,-191.70223317026856,-30.68858515279353,0.6533437394493621,0.33866382587236743,0.07682190133782883,3.624346597860119e-05,21.857445389380267,35.1797285604424,6.299581193081864,nan,nan
191.06,223.4480743408203,-191.2187957763672,-30.67864990234375,223.89694598321645,-191.6936745031697,-30.688483910239075,0.653522963810959,0.33871512334736054,0.07683781860838249,3.550680932904074e-05,21.177533121761734,34.93848148220592,nan,1.0928265771500194,nan
191.07,223.4451904296875,-191.2101287841797,-30.679698944091797,223.89427741676042,-191.68514561272605,-30.689612137457722,0.6537724227613011,0.3387665066411122,0.07685379961522758,3.6214062663049014e-05,21.106856107183233,34.14997778333163,nan,nan,nan
191.08,223.44236755371094,-191.20147705078125,-30.680727005004883,223.89166682336437,-191.67661667125637,-30.690720283448112,0.6540086836353137,0.33881797520370854,0.076869843686401,3.693563558293231e-05,21.034652825418046,34.64444781987114,nan,nan,nan
191.09,223.43959045410156,-191.1928253173828,-30.681734085083008,223.8891131695285,-191.6680874534044,-30.6918087105588,0.6542524495170878,0.33886952917964985,0.07688595096640295,3.7671672588890614e-05,20.96229621870675,34.94217756798147,nan,nan,nan
191.1,223.43687438964844,-191.1841583251953,-30.682720184326172,223.8809228924672,-191.66165204421458,-30.691999432676802,0.652123783501555,0.338803852027521,0.07687661101753934,3.682626405684349e-05,21.200317002098732,33.699077317892026,2.662892315077215,0.46086745814694197,nan
191.11,223.43421936035156,-191.17550659179688,-30.683687210083008,223.87847050624052,-191.65313959296765,-30.693040838695456,0.6523648172604567,0.3388551874296899,0.07689273635076026,3.755955477088849e-05,21.130238858446596,34.08464005905539,nan,nan,nan
191.12,223.43161010742188,-191.16685485839844,-30.684635162353516,223.8760709073269,-191.6446260818755,-30.694024626402484,0.6526093063005538,0.33890660737507033,0.07690892421741567,3.6743476887069246e-05,21.138602770032122,34.34635733242653,nan,0.000982256300266175,nan
191.13,223.42906188964844,-191.15818786621094,-30.685564041137695,223.873724725718,-191.6361131538848,-30.695029170239504,0.6528607868822289,0.3389581133225286,0.07692517625474475,3.747507483568989e-05,21.070849388370295,33.359070313653525,nan,nan,nan
191.14000000000001,223.4265594482422,-191.1495361328125,-30.68647575378418,223.87138746630643,-191.6275547208574,-30.69389094763354,0.6530151003393638,0.3390097041330357,0.07694149115759942,3.666417573793033e-05,20.118693196424314,33.268002133011585,nan,2.900009387042396,nan
191.15,223.42410278320312,-191.140869140625,-30.687368392944336,223.8874291388152,-191.62816558232458,-30.694734280017443,0.6724458269557658,0.3389439189049662,0.07693220571224522,3.737062579468479e-05,20.18415288740026,33.12725585692952,3.8405983439040936,nan,nan
191.16,223.42169189453125,-191.13221740722656,-30.688241958618164,223.8852546635548,-191.61965798358213,-30.695154241707687,0.6727083587708286,0.3389952908456625,0.07694853812775786,3.656571685752793e-05,19.977797506529516,33.64952447208321,nan,0.16770872557835909,nan
191.17000000000002,223.41934204101562,-191.12355041503906,-30.68910026550293,223.8831385920488,-191.61116076652772,-30.696062225513142,0.6729929899459111,0.33904674865876744,0.07696493484100529,3.729334666958589e-05,19.91250031536167,32.549841653373846,nan,nan,nan
191.18,223.41702270507812,-191.11489868164062,-30.689939498901367,223.88107242435424,-191.60266561348914,-30.697069884437497,0.6732826777535935,0.3390982913235103,0.07698139471400424,3.64932272084032e-05,19.944864122765146,33.776635087470105,nan,0.008707336009287551,nan
191.19,223.41476440429688,-191.10623168945312,-30.690763473510742,223.87905072146333,-191.59416782886382,-30.69794678343132,0.6735688980293071,0.3391499201209711,0.07699791913458041,3.721949284978798e-05,19.879835509065177,32.602697377882826,nan,nan,nan
191.20000000000002,223.4125518798828,-191.0975799560547,-30.691570281982422,223.87023511790295,-191.58432844821874,-30.697415124187792,0.6681558225212022,0.33908402582213837,0.07698868258316204,3.640163534036921e-05,19.632976621941907,32.64047864608105,0.6199364064629306,1.221647917065107,nan
191.21,223.41036987304688,-191.0889129638672,-30.692359924316406,223.86829256822887,-191.57583309529196,-30.698247302054895,0.668445263552737,0.3391354353954119,0.07700522386850579,3.712572807771179e-05,19.569544946757844,32.39114732852729,nan,nan,nan
191.22,223.40823364257812,-191.08026123046875,-30.69313621520996,223.86636661879228,-191.56730926197756,-30.697582366207115,0.6686713521231007,0.33918692980400145,0.07702182859670181,3.633560684252304e-05,19.119632330082272,32.555338483461036,nan,1.4374508409917846,nan
191.23000000000002,223.40603637695312,-191.07159423828125,-30.694000244140625,223.86445219367192,-191.55881310934754,-30.69842348007524,0.6689894276871687,0.3392385102212036,0.0770384980073206,3.705853801846569e-05,19.042743934936887,31.35631666957021,nan,nan,nan
191.24,223.40374755859375,-191.06292724609375,-30.694955825805664,223.86244294340386,-191.55029556114735,-30.698205942601856,0.6692831193325235,0.33929017578831794,0.07705523118374549,3.6272651344649854e-05,18.74437021965958,31.677589095444997,nan,0.8669729008649026,nan
191.25,223.40139770507812,-191.0542755126953,-30.69599723815918,223.89718431545188,-191.56137181102332,-30.699469332813496,0.7091988961110665,0.3392241737370654,0.07704604041920171,3.697146431972041e-05,19.18644599988486,32.93739964475007,17.73083781184053,nan,nan
191.26,223.3989715576172,-191.0456085205078,-30.697126388549805,223.89511463963112,-191.5529173494406,-30.700785873603916,0.7096010129462217,0.33927561977972065,0.07706278986611907,3.619059881499569e-05,19.17014177420735,32.4645504508409,nan,0.030032192439716734,nan
191.27,223.396484375,-191.0369415283203,-30.69834327697754,223.8929695453605,-191.54445872128736,-30.70197875994459,0.7099890437756389,0.3393271517100803,0.07707960413372017,3.69105714800041e-05,19.098655528726475,32.05805087678897,nan,nan,nan
191.28,223.39390563964844,-191.0282745361328,-30.699644088745117,223.8907394427428,-191.53598533839545,-30.702423882188626,0.710367379517795,0.33937876876739964,0.07709648243639561,3.613359666314382e-05,18.893845813493694,32.60529441131018,nan,0.46088674871507007,nan
191.29,223.3912811279297,-191.01962280273438,-30.70102882385254,223.88845348951136,-191.5275260435699,-30.703781050957573,0.7107416084105209,0.33943047197772913,0.07711342581809491,3.685266949263834e-05,18.82449323209762,32.3015370026395,nan,nan,nan
191.3,223.38856506347656,-191.01095581054688,-30.702497482299805,223.9009584740142,-191.52162278874798,-30.706784995495564,0.7234266739323639,0.33936436145349186,0.07710427552419467,3.60574952757957e-05,18.597499882676335,33.051397979954906,3.063292347227578,1.7325555341491239,nan
191.31,223.3857879638672,-191.00228881835938,-30.70404624938965,223.89855929276126,-191.5131556992894,-30.70832491665194,0.7238354182827121,0.3394158447908548,0.07712123449403106,3.6774851261950114e-05,18.525745814463093,32.69709604389752,nan,nan,nan
191.32,223.38294982910156,-190.99362182617188,-30.705678939819336,223.89606277150082,-191.50465933581742,-30.70813231695795,0.7241893723203439,0.3394674132278071,0.07713825775835613,3.600610233073169e-05,18.135927736839545,32.07184360846577,nan,2.1958368222894924,nan
191.33,223.3800506591797,-190.98497009277344,-30.7073917388916,223.89352876222958,-191.4961922507651,-30.70981879770247,0.7245783240946623,0.33951906770169066,0.07715534624590321,3.672271944344159e-05,18.06856638198457,32.43763035771008,nan,nan,nan
191.34,223.3770751953125,-190.97630310058594,-30.709182739257812,223.89090241014446,-191.48769914641127,-30.709929840249686,0.7249447430995367,0.3395708075851367,0.07717249934324429,3.595737253418219e-05,17.864607437956078,31.981024790384414,nan,1.8332950989320436,nan
191.35,223.37403869628906,-190.96763610839844,-30.71105194091797,223.91612281734032,-191.48168377340434,-30.71168352392659,0.7470613061128496,0.3395045896644497,0.0771633860129049,3.665064844488811e-05,16.646913856051025,32.32132952050217,13.948604111318504,nan,nan
191.36,223.3709259033203,-190.958984375,-30.71299934387207,223.9134337959905,-191.4731873127429,-30.71324173811131,0.7474754400967645,0.33955610937110065,0.07718055405341917,3.5889476704313774e-05,16.576341506605193,33.3984343078486,nan,0.08236473812636486,nan
191.37,223.36776733398438,-190.9503173828125,-30.715024948120117,223.91068645301527,-191.46469632923524,-30.715225188541563,0.7478949862303393,0.33960771500132575,0.07719778746360893,3.660393298801575e-05,16.517468692355013,31.951450031530047,nan,nan,nan
191.38,223.36453247070312,-190.941650390625,-30.717124938964844,223.90791337621107,-191.45624194558954,-30.719773776421928,0.7483811149750714,0.3396594060078363,0.0772150857309315,3.5845863506550375e-05,16.65333661943052,32.602728321958566,nan,4.162736809585296,nan
191.39000000000001,223.3612518310547,-190.9329833984375,-30.719257354736328,223.9050404997413,-191.44775144949293,-30.72191417396776,0.7487985852469128,0.33971118320761506,0.07723244963335597,3.655978547706215e-05,16.592998165427968,31.891070487437894,nan,nan,nan
191.4,223.35789489746094,-190.92433166503906,-30.721385955810547,223.9132062756883,-191.45887350738212,-30.723752192857987,0.77078616170898,0.3396448573965603,0.07722336817261852,3.5783042879044485e-05,18.320565284951062,34.00471210678758,25.804692567736467,0.0543618663163374,nan
191.41,223.35447692871094,-190.91566467285156,-30.72348976135254,223.91022924826538,-191.45045337562806,-30.725890608572588,0.771275152831261,0.33969641407638285,0.077240746301299,3.649560437528881e-05,18.265117683592035,33.35142222149763,nan,nan,nan
191.42000000000002,223.35101318359375,-190.90701293945312,-30.725563049316406,223.9071876379119,-191.44202946981025,-30.727698793769964,0.7717365306863762,0.3397480560952671,0.07725818952571854,3.5744217508775194e-05,18.176993077323996,33.28374680931306,nan,0.062126227509315714,nan
191.43,223.34747314453125,-190.89834594726562,-30.727598190307617,223.90409097552146,-191.4336102306533,-30.729773541474067,0.7722279423845401,0.33979978419819146,0.07727569853601195,3.645637032920257e-05,18.122602530706246,33.29599752655552,nan,nan,nan
191.44,223.34388732910156,-190.88967895507812,-30.729595184326172,223.90095861303706,-191.42521318264457,-30.733463182186483,0.772748526810748,0.33985159794611747,0.07729327295101467,3.570766092348068e-05,18.356147052633595,33.02045451091292,nan,1.8481434012094342,nan
191.45000000000002,223.34024047851562,-190.8810272216797,-30.73155403137207,223.89354324956275,-191.4240126756051,-30.735501525192788,0.7752372168120417,0.33978516512438484,0.07728421953914437,3.6397046766504186e-05,19.47294279490164,34.031127116334495,7.968945644218602,nan,nan
191.46,223.33653259277344,-190.8723602294922,-30.733474731445312,223.8902634569213,-191.41562818364133,-30.737320361156517,0.7757401167808807,0.33983675804561897,0.07730180748760643,3.565178285231797e-05,19.404875510329816,33.54837608678189,nan,0.017709033299438855,nan
191.47,223.33277893066406,-190.86370849609375,-30.7353572845459,223.88692928438488,-191.40724634516278,-30.739261831282843,0.7762288666267878,0.33988843694393606,0.07731946137395578,3.636239310809313e-05,19.353481783963545,33.6232873031926,nan,nan,nan
191.48000000000002,223.32894897460938,-190.85504150390625,-30.737201690673828,223.88355136649426,-191.39887639834222,-30.742102023413093,0.7767652275633727,0.3399402014448129,0.07733718089309563,3.5619548919357416e-05,19.553561427296646,34.05788991986337,nan,0.5961857230695706,nan
191.49,223.32508850097656,-190.8463897705078,-30.739009857177734,223.88010582113466,-191.39049565893708,-30.743979935909014,0.7772516614208562,0.3399920521962766,0.07735496662138971,3.632990686190953e-05,19.50420350698163,33.5852428261304,nan,nan,nan
191.5,223.32115173339844,-190.83773803710938,-30.740781784057617,223.86285681133756,-191.3706049381831,-30.746500628671456,0.7598843536411809,0.3399255120549039,0.07734593632947429,3.55679276275525e-05,19.048297124930784,33.86536520358284,5.5532712446781805,0.30727040702474434,nan
191.51,223.31716918945312,-190.82907104492188,-30.74251937866211,223.85927932486305,-191.36219322537139,-30.748315314880003,0.7603527149146323,0.33997714164136855,0.07736373483987044,3.62771978671551e-05,19.000780240769096,32.893544811336774,nan,nan,nan
191.52,223.31314086914062,-190.82041931152344,-30.744220733642578,223.85564878535016,-191.35378241433156,-30.750142304603106,0.7608062194736297,0.340028856784451,0.07738159920339546,3.553970981556072e-05,19.006177656601473,33.18846326127185,nan,0.0014868260343274939,nan
191.53,223.30905151367188,-190.811767578125,-30.74588966369629,223.8519648899058,-191.34537163275266,-30.751889737308627,0.7612648830020577,0.34008065807462956,0.07739952993098892,3.624882385253608e-05,18.957260706049254,33.43405783671243,nan,nan,nan
191.54,223.30491638183594,-190.80311584472656,-30.74752426147461,223.8482225913486,-191.3369558796231,-30.753086071348278,0.7617071313060001,0.3401325452238909,0.0774175268155045,3.5513391208821926e-05,18.78029329000532,33.00772509726929,nan,0.18436792478467343,nan
191.55,223.30072021484375,-190.79444885253906,-30.749126434326172,223.81562129247013,-191.3130420163337,-30.754637072973786,0.7308162261565053,0.34006589848488183,0.07740851558210393,3.620015179993183e-05,18.383464686133507,31.656520503167247,9.860535784295077,nan,nan
191.56,223.29649353027344,-190.78579711914062,-30.75069808959961,223.81174767070416,-191.30461309172938,-30.75734574245502,0.731232544361032,0.3401175641601207,0.07742652451079694,3.546754347885914e-05,18.736335449233074,31.859525445594326,nan,0.7788571002200533,nan
191.57,223.2921905517578,-190.7771453857422,-30.75223731994629,223.80781132201858,-191.29617385465508,-30.75897000680955,0.7316424395418624,0.34016931588081156,0.07744459995883099,3.6175583503089344e-05,18.68808935840051,32.73670094981844,nan,nan,nan
191.58,223.28785705566406,-190.76849365234375,-30.753746032714844,223.80384549653766,-191.2877532119541,-30.76238180147312,0.7320854716929989,0.34022115341007453,0.07746274177496595,3.5444812246894765e-05,19.48502652376572,32.80345112262017,nan,2.2731509029860764,nan
191.59,223.28350830078125,-190.7598419189453,-30.755224227905273,223.79983203875486,-191.27931528592606,-30.76396454479748,0.7324746920793436,0.3402730772615579,0.07748095038645235,3.615281242742544e-05,19.440901254247084,33.124867209072356,nan,nan,nan
191.6,223.27920532226562,-190.75119018554688,-30.756671905517578,223.77844271306418,-191.26909973607658,-30.76679647508572,0.719423923573698,0.3402063237648276,0.07747195340258346,3.5402473073855396e-05,20.904029654452877,33.44320443747694,4.56684689286607,1.1110733554707877,nan
191.61,223.27496337890625,-190.74253845214844,-30.758092880249023,223.77447030351004,-191.26067538168135,-30.768334801488688,0.7197763141585137,0.34025802580837605,0.07749017327276252,3.610958927823546e-05,20.86308323556257,33.45001091115915,nan,nan,nan
191.62,223.2707977294922,-190.73388671875,-30.759483337402344,223.77055509922073,-191.25224230732908,-30.768832819935568,0.7200953809272754,0.34030981360690515,0.07750845971534852,3.53830497959823e-05,20.378780690756596,32.84177596308085,nan,0.7081174621753168,nan
191.63,223.26670837402344,-190.72523498535156,-30.760848999023438,223.76672557689935,-191.24381874763,-30.770306417919198,0.7204413678037089,0.3403616876288565,0.07752681311022414,3.6090197995059755e-05,20.337048818551835,32.81053565852593,nan,nan,nan
191.64000000000001,223.2626953125,-190.71658325195312,-30.762184143066406,223.76297450972703,-191.23539614225817,-30.771830935917187,0.7207906429311495,0.3404136477053015,0.07754523337713908,3.536518759905782e-05,20.440675354398937,32.98613393880386,nan,0.004134658534280357,nan
191.65,223.25875854492188,-190.7079315185547,-30.76349449157715,223.7252804933421,-191.21511202598217,-30.773267457400145,0.6891808952177738,0.3403467880488409,0.07753624640175254,3.605027054309164e-05,20.814896364924838,32.285808811612505,9.789794821643047,nan,nan
191.66,223.25489807128906,-190.6992950439453,-30.76477813720703,223.72160709683354,-191.20666181604355,-30.77250123692719,0.6894185972421583,0.3403985260066249,0.07755467714687223,3.532756315207104e-05,19.802850148222163,31.915923481208182,nan,3.2418201217319016,nan
191.67000000000002,223.25111389160156,-190.69064331054688,-30.766036987304688,223.71803238994596,-191.19822977023298,-30.773851762737415,0.6897231102898687,0.34045035009048474,0.07757317500081498,3.6033983008556525e-05,19.760175344476043,31.272109960551592,nan,nan,nan
191.68,223.24742126464844,-190.68199157714844,-30.767271041870117,223.71453402016485,-191.18979850123506,-30.77522478973251,0.6900184494790769,0.3405022601712838,0.07759173992313859,3.5312622697456576e-05,19.80873857841598,30.786165003969657,nan,0.0015295267493308019,nan
191.69,223.24378967285156,-190.67333984375,-30.76848030090332,223.71110950936665,-191.18136700788477,-30.77652731269357,0.6903217970613859,0.3405542566576834,0.07761037223407968,3.601915829335152e-05,19.766360677715276,31.152780021365825,nan,nan,nan
191.70000000000002,223.24021911621094,-190.66470336914062,-30.769664764404297,223.71954733670142,-191.16782281467943,-30.778145669676704,0.6949508221392982,0.3403892494370967,0.07650752541044846,3.52775367923878e-05,25.18781359724957,37.21233078059876,4.996202724935648,0.057181281341597286,0.20511494042962267
191.71,223.2367401123047,-190.6560516357422,-30.770824432373047,223.71629179711732,-191.1593964101303,-30.779406036130315,0.69526931777083,0.3404404811427988,0.0765222600016886,3.598332925977464e-05,25.132667126526407,35.929851333641764,nan,nan,nan
191.72,223.2333221435547,-190.64739990234375,-30.771963119506836,223.71310025924248,-191.1509352774503,-30.779136831282955,0.6955475371369361,0.34049179737954594,0.07653705419121219,3.5265279187561824e-05,24.48189061452744,35.57261546224661,nan,1.5796265523937474,nan
191.73000000000002,223.22996520996094,-190.6387481689453,-30.77307891845703,223.7099837195088,-191.14250883949722,-30.780337959362324,0.6958773429120543,0.3405431983408733,0.07655190965210674,3.5971240012373676e-05,24.42356926998147,35.766319432364746,nan,nan,nan
191.74,223.2266845703125,-190.63009643554688,-30.774171829223633,223.7069337261828,-191.13407615657226,-30.781246938802877,0.6961931255725805,0.3405946841252235,0.07656682503969778,3.5254280165874724e-05,24.315340284922545,35.39737515630025,nan,0.050989218878389135,nan
191.75,223.2234649658203,-190.6214599609375,-30.77524185180664,223.69290267203368,-191.1240995564606,-30.782518448416972,0.6878017678522873,0.3405287592543064,0.07655686053577258,3.593836852985443e-05,24.8768270839988,36.06591983024035,2.9676978414080875,nan,nan
191.76,223.22030639648438,-190.61280822753906,-30.77629280090332,223.68996473445827,-191.11567143692292,-30.783181255756528,0.6881117733264739,0.34058002671089566,0.07657179606060885,3.5223280429619404e-05,24.687859464525165,35.426616686542154,nan,0.15728341662858117,nan
191.77,223.21722412109375,-190.60415649414062,-30.777320861816406,223.68709200555625,-191.1072535756649,-30.7842942811435,0.6884265617076631,0.3406313788236761,0.07658679301873142,3.5928760295449806e-05,24.632368122596674,34.98678898732682,nan,nan,nan
191.78,223.2141876220703,-190.5955047607422,-30.778329849243164,223.6842848903958,-191.098856713669,-30.78638103674942,0.6887811349206394,0.34068281570110853,0.07660185022033711,3.5214613386862474e-05,25.056741431722774,35.93179377444411,nan,0.6884732159837604,nan
191.79,223.2112274169922,-190.5868682861328,-30.77931785583496,223.68153523916612,-191.09043857832611,-30.78746467575893,0.6890855225968052,0.34073433752122795,0.07661696910778479,3.592031926691335e-05,24.999549239101512,35.96502611575377,nan,nan,nan
191.8,223.20831298828125,-190.57821655273438,-30.78028678894043,223.64898285604158,-191.06844581261979,-30.78953920609394,0.6592421913249261,0.34066831224658445,0.07660708284838504,3.518586497540186e-05,25.519197452422468,35.683772806252584,8.1695148068824,0.6355016445608592,nan
191.81,223.20545959472656,-190.56956481933594,-30.78123664855957,223.6463019652407,-191.0600059186578,-30.79059620134109,0.6595165416976446,0.34071961543455487,0.07662222141530753,3.589093801538519e-05,25.4644922850724,35.58874505999131,nan,nan,nan
191.82,223.20266723632812,-190.5609130859375,-30.78216552734375,223.64367832975705,-191.05156319054223,-30.791511885243764,0.6597845588387169,0.3407710033272189,0.07663742053307802,3.517931222001744e-05,25.44465201826156,35.489132566848774,nan,0.010610487540114767,nan
191.83,223.19992065429688,-190.55226135253906,-30.783077239990234,223.64111153509086,-191.04312274514197,-30.792531654270963,0.6600633954350361,0.34082247609471,0.07665268150359812,3.588464806714528e-05,25.389587708464738,35.7596674095675,nan,nan,nan
191.84,223.19723510742188,-190.54360961914062,-30.783971786499023,223.6386000036671,-191.0346821832579,-30.79353801007939,0.6603383583435612,0.3408740338577464,0.07666800334641834,3.517375360972734e-05,25.43799655249396,35.64455379530204,nan,1.1613785168526942e-05,nan
191.85,223.19461059570312,-190.5349578857422,-30.784847259521484,223.5751427367659,-190.99849951780683,-30.79448692791955,0.5998070341750004,0.3408079083492385,0.07665819270770359,3.5857337688267186e-05,25.335357229233704,34.417845246915746,33.535741177621055,nan,nan
191.86,223.19203186035156,-190.52630615234375,-30.78570556640625,223.57263448280247,-190.98999337053755,-30.79432260258106,0.5999487026781948,0.3408592471793167,0.07667353381939576,3.514796512601195e-05,24.793980887340677,34.08162607879223,nan,0.8972430365174762,nan
191.87,223.1894989013672,-190.5176544189453,-30.78654670715332,223.57018119371736,-190.98150842056418,-30.795262777913763,0.6001295796878554,0.3409106708163035,0.07668893695265717,3.585298860597129e-05,24.737431239323634,34.20453168898516,nan,nan,nan
191.88,223.18702697753906,-190.50900268554688,-30.787370681762695,223.5677787888472,-190.9730235908192,-30.79622540881176,0.6003047130710197,0.34096217938704115,0.07670440125376579,3.514422774484443e-05,24.78731725918449,34.04176942530869,nan,0.0010372476136207354,nan
191.89000000000001,223.18460083007812,-190.50035095214844,-30.788179397583008,223.565426061519,-190.96453748918478,-30.79713432384463,0.6004807980045077,0.34101377305217573,0.07671992783569002,3.584955136597971e-05,24.73077725171548,34.10674130682387,nan,nan,nan
191.9,223.18222045898438,-190.49169921875,-30.788970947265625,223.54075250333003,-190.94392082051365,-30.797994284024163,0.5771750380349228,0.3409475474302204,0.07671018783894176,3.5120186639991543e-05,24.471394382760888,33.91178095628137,6.447045807697807,0.0053442334137982885,nan
191.91,223.1797637939453,-190.48304748535156,-30.789854049682617,223.53840000868954,-190.9354089159728,-30.798924327605814,0.5773500397344419,0.3409989218587796,0.07672573319032201,3.582494587153192e-05,24.382319139986485,33.976425279852535,nan,nan,nan
191.92000000000002,223.17724609375,-190.47439575195312,-30.79082489013672,223.53597526429812,-190.9268894434222,-30.799538133447374,0.5775059127233578,0.34105038115794767,0.0767413399962493,3.511808439417625e-05,24.18132487404344,33.57858427479896,nan,0.11599213895704814,nan
191.93,223.17465209960938,-190.4657440185547,-30.79188346862793,223.53348071058662,-190.91837664835293,-30.800644006393828,0.5776772599262318,0.34110192548375,0.07675700925599717,3.582316868034394e-05,24.095119711760642,33.6728428598884,nan,nan,nan
191.94,223.1719970703125,-190.45709228515625,-30.793027877807617,223.53091657686753,-190.90986481194304,-30.801910807557714,0.577845203873443,0.34115355497021194,0.07677274028543826,3.511675017263944e-05,24.13366377484387,33.55260676230813,nan,0.0036913391666849238,nan
191.95000000000002,223.1692657470703,-190.4484405517578,-30.794260025024414,223.53290997938657,-190.8981321561875,-30.80332209153782,0.5783958746748834,0.3410872293920331,0.07676306787315833,3.580015159066831e-05,23.370230087638227,33.605638607775234,4.498653539899985,nan,nan
191.96,223.1664581298828,-190.43978881835938,-30.795576095581055,223.5302186180926,-190.88962277599867,-30.80629107135325,0.5786078922153148,0.34113863934041294,0.07677881720671721,3.5094976135200725e-05,24.28010490174738,34.77214423378495,nan,1.792803715570537,nan
191.97,223.16360473632812,-190.43112182617188,-30.796977996826172,223.52745711680424,-190.88108701916082,-30.80776347206626,0.5787690006866877,0.34119013424739153,0.07679462916843374,3.5799856735910826e-05,24.194126303796274,33.54946839696759,nan,nan,nan
191.98000000000002,223.16067504882812,-190.42247009277344,-30.798460006713867,223.52462936684728,-190.8725563459172,-30.80965278361843,0.5789349351426325,0.34124171425037897,0.07681050317561766,3.509503033624858e-05,24.44781650165478,34.71645810111341,nan,0.07758358629385524,nan
191.99,223.1576690673828,-190.413818359375,-30.800025939941406,223.52173521913338,-190.86402041987233,-30.811296525117463,0.5790967831172255,0.3412933795001493,0.07682644007620704,3.580025790245071e-05,24.359171837594303,34.912540546453485,nan,nan,nan
192.0,223.1546173095703,-190.40516662597656,-30.801673889160156,223.48107853507244,-190.84281478196954,-30.812224883415407,0.5460990420062803,0.34122695410156717,0.07681683044225214,3.507458046287062e-05,24.5797660969779,33.97932544071831,12.968656216516873,0.5514095026901487,nan
192.01,223.1514892578125,-190.39651489257812,-30.80340003967285,223.47799303524914,-190.83427226537333,-30.814025835471277,0.5462134579569651,0.3412783995102246,0.0768327851064523,3.577928593278669e-05,24.495708704122745,34.20214518697826,nan,nan,nan
192.02,223.14830017089844,-190.38784790039062,-30.805206298828125,223.47484630548814,-190.82575666377718,-30.817735757990437,0.5464004487673154,0.341329929949081,0.07684880208368206,3.5075867383494286e-05,25.75241075270904,34.77220499329356,nan,2.349985614331726,nan
192.03,223.14505004882812,-190.3791961669922,-30.807090759277344,223.47163450820054,-190.81721435055172,-30.819715285078825,0.5465132357812369,0.34138154556654904,0.07686488213194267,3.578093586651843e-05,25.665845772959685,35.318261212931745,nan,nan,nan
192.04,223.1417236328125,-190.37054443359375,-30.809051513671875,223.4683608530913,-190.80867774282703,-30.822171395241554,0.546648700376729,0.34143324650372087,0.07688102480280552,3.507773331042758e-05,26.052725755784788,36.04675626728807,nan,0.11114182237111293,nan
192.05,223.1383514404297,-190.3618927001953,-30.81109046936035,223.49020258715592,-190.80990106381472,-30.824357919120928,0.5698129066181761,0.3413667214366259,0.07687147453074868,3.5761151767692975e-05,25.82517864196877,35.75580850014458,5.45567385797033,nan,nan
192.06,223.13491821289062,-190.35324096679688,-30.813203811645508,223.48684837300036,-190.80136985036074,-30.826603339617332,0.5699595435019291,0.3414182022307703,0.07688763444729575,3.50589746158639e-05,25.95953207133378,35.92498253317158,nan,0.0005087489785587755,nan
192.07,223.1314239501953,-190.34458923339844,-30.815349578857422,223.48343432658262,-190.7928385423197,-30.828876842752848,0.5701067750002942,0.341469768134918,0.07690385761321118,3.5763903435259e-05,25.890145397829233,35.89226679441031,nan,nan,nan
192.08,223.12786865234375,-190.33592224121094,-30.817489624023438,223.4799605809788,-190.7842984978067,-30.830472253842608,0.5702442830627942,0.3415214192917047,0.0769201436593224,3.506187042997019e-05,25.518417888055616,34.91759677934209,nan,0.33703891619332793,nan
192.09,223.124267578125,-190.3272705078125,-30.81960678100586,223.47642865252382,-190.77576794595498,-30.832739114626534,0.5703856875206694,0.3415731558471438,0.07693649322530241,3.5767172849633964e-05,25.469374126941787,35.221085209736515,nan,nan,nan
192.1,223.12059020996094,-190.31861877441406,-30.82168960571289,223.45835659830232,-190.75849584675055,-30.835804747169746,0.554776720022429,0.34150653125721214,0.07692699763436367,3.504408838647689e-05,25.989905817865996,36.29988924054718,3.073889173866886,0.5331323402579807,nan
192.11,223.1168670654297,-190.30996704101562,-30.8237361907959,223.4546854630201,-190.7499460879312,-30.83801839149122,0.5548935147683612,0.341558047367058,0.07694336386497125,3.574889188625567e-05,25.946685858682915,35.98812999068415,nan,nan,nan
192.12,223.1130828857422,-190.3013153076172,-30.825742721557617,223.4509573235927,-190.74138538856846,-30.839259792431324,0.5549806511097997,0.34160964866146387,0.07695979322581761,3.504788664158054e-05,25.390038676445098,35.53931058728292,nan,0.6162913437001577,nan
192.13,223.1092529296875,-190.29266357421875,-30.827713012695312,223.4471736704613,-190.732836542067,-30.841389600252345,0.5550943322685301,0.3416613352855565,0.07697628628722343,3.575307341239471e-05,25.345504831534164,35.26176671487919,nan,nan,nan
192.14000000000001,223.10536193847656,-190.2840118408203,-30.82964324951172,223.44333424621522,-190.7242694413142,-30.841899128461527,0.5551596546576952,0.34171310738336286,0.07699284278363402,3.505210956454059e-05,24.335861682211448,34.388659073654054,nan,1.7625108564199368,nan
192.15,223.10140991210938,-190.27536010742188,-30.83153533935547,223.4387031569753,-190.71621565144795,-30.843871976307664,0.5552229609283106,0.34164638342215276,0.07698339816540034,3.573565534301115e-05,24.402207108449822,34.4631547284086,0.27482495557661235,nan,nan
192.16,223.097412109375,-190.26670837402344,-30.833389282226562,223.43475457953798,-190.70767303348816,-30.84602609611861,0.5553462542755149,0.3416979347722852,0.0769999707581312,3.503555095739288e-05,24.6388065692542,34.52489424452845,nan,0.016650376643069786,nan
192.17000000000002,223.09335327148438,-190.25807189941406,-30.835206985473633,223.43075261071544,-190.6991290736152,-30.847991883072986,0.5554576479215049,0.3417495713825798,0.07701660723219692,3.574063000191415e-05,24.58938585410128,35.329857354746004,nan,nan,nan
192.18,223.08924865722656,-190.24942016601562,-30.83698844909668,223.42669784233226,-190.69058849400014,-30.850180628340937,0.5555857087240124,0.3418012933974459,0.07703330738231469,3.5040513704764155e-05,24.920648221290875,34.81057809569963,nan,0.04707454564351106,nan
192.19,223.08509826660156,-190.2407684326172,-30.838735580444336,223.42259089967627,-190.68204569037027,-30.85207862910962,0.5557021977079663,0.34185310096141375,0.07705007168875297,3.574597863110382e-05,24.873212226040806,34.62320761879047,nan,nan,nan
192.20000000000002,223.0808868408203,-190.23211669921875,-30.84044647216797,223.43133688073073,-190.69276592181578,-30.854924129969504,0.5789840579220416,0.34178627778089976,0.07704067344827871,3.5024653085350484e-05,27.74590063796719,36.392949972921855,25.562345152434812,0.7876199333376906,nan
192.21,223.07662963867188,-190.22348022460938,-30.84212303161621,223.42714843990717,-190.6842922622917,-30.856763403904196,0.5791593084748804,0.3418378642950254,0.0770574532299956,3.5729628871384725e-05,27.699059831643364,36.84133544741397,nan,nan,nan
192.22,223.07232666015625,-190.21482849121094,-30.843767166137695,223.42290973823282,-190.67580930729454,-30.857580479252984,0.5793121913527874,0.341889536143674,0.07707429692191824,3.503025368417003e-05,27.088353605436588,35.51659771590345,nan,0.6899734021630959,nan
192.23000000000002,223.06796264648438,-190.2061767578125,-30.845378875732422,223.41862121615267,-190.6673368484474,-30.859344992541878,0.5795041967880352,0.34194129347138,0.07709120495236253,3.5735620649540384e-05,27.040408660286506,35.73045843086363,nan,nan,nan
192.24,223.0635528564453,-190.19754028320312,-30.846956253051758,223.41428401085338,-190.65884790101302,-30.859311111847045,0.5796289360079475,0.341993136422556,0.07710817719373551,3.503615601070341e-05,25.877929866814732,35.11787879164959,nan,2.200146839588128,nan
192.25,223.05909729003906,-190.1888885498047,-30.84850311279297,223.43603331779568,-190.66633837696625,-30.8610861826482,0.6084385261672075,0.3419262141772166,0.07709882138950565,3.571987648104861e-05,26.551176346027045,34.96069721736388,10.079949931715205,nan,nan
192.26,223.05459594726562,-190.18023681640625,-30.850019454956055,223.43164242245183,-190.6578944833543,-30.86171523698625,0.6086523495082434,0.3419778357765054,0.07711580848969489,3.502114813618742e-05,25.96721541140358,34.324284278383125,nan,0.7446410653536102,nan
192.27,223.050048828125,-190.17160034179688,-30.85150718688965,223.42720382151714,-190.6494606554699,-30.863332052841677,0.6088811015946368,0.34202954278416153,0.07713286011008522,3.572641733649524e-05,25.91593737839951,34.817075449861555,nan,nan,nan
192.28,223.0454559326172,-190.1629638671875,-30.852962493896484,223.4227182980756,-190.64103087002619,-30.865293495008494,0.6091198610970348,0.34208133534431634,0.07714997616750918,3.5027561462337325e-05,26.284196625159936,35.15018113783722,nan,0.09844425067043865,nan
192.29,223.04087829589844,-190.15431213378906,-30.85439109802246,223.41821898234554,-190.6325984618109,-30.866856734980036,0.6093432508247918,0.34213321360194127,0.07716715702385413,3.5733219136477266e-05,26.23724398168055,34.612731270268476,nan,nan,nan
192.3,223.03634643554688,-190.1456756591797,-30.855789184570312,223.40115700717413,-190.60994085016438,-30.86720615513125,0.5905584373691127,0.34206619244797315,0.07715783911491667,3.501303375410863e-05,24.406378644908592,34.1987258171836,11.146465124784477,0.9057197514899819,nan
192.31,223.03189086914062,-190.13702392578125,-30.857160568237305,223.3967369943188,-190.60146390792102,-30.868702118206155,0.5907202378818485,0.342117849051917,0.07717503416967021,3.571820319442466e-05,24.35874532018706,33.40923442910998,nan,nan,nan
192.32,223.02752685546875,-190.12838745117188,-30.858503341674805,223.39239260436761,-190.59298599342816,-30.869965401839107,0.590855480645989,0.34216959113656,0.07719229388129638,3.50198784127225e-05,24.32577151972314,33.69026705503272,nan,0.029970090397523533,nan
192.33,223.0232391357422,-190.1197509765625,-30.859821319580078,223.38812892294794,-190.58451017575368,-30.871406868854596,0.5909990651362135,0.34222141884734947,0.07720961857406682,3.572543881828634e-05,24.27612032769464,33.79799897068666,nan,nan,nan
192.34,223.01902770996094,-190.11111450195312,-30.861112594604492,223.38394913513787,-190.57602260996242,-30.871225922032547,0.5911086827628347,0.34227333232768103,0.07722700822111918,3.502692945498738e-05,23.383553387521825,33.073460194384744,nan,1.7980553999957323,nan
192.35,223.01490783691406,-190.1024627685547,-30.862377166748047,223.39729765334673,-190.57731790757526,-30.87272454247154,0.6097675318922943,0.3422062124244463,0.07721772408377806,3.571083010992491e-05,23.725691290498933,32.558548721019825,4.278180117865152,nan,nan
192.36,223.0108642578125,-190.0938262939453,-30.863616943359375,223.39331056600872,-190.5688654178494,-30.87432072035035,0.6099523905472872,0.3422579039492573,0.07723512726683036,3.501296846173537e-05,23.945166109997036,33.51175921869188,nan,0.04173589914950709,nan
192.37,223.00689697265625,-190.08518981933594,-30.864831924438477,223.38940456507632,-190.56041179202643,-30.87565206077538,0.6101352775714486,0.342309681028187,0.07725259561216496,3.571842698294617e-05,23.89600980838057,33.55211976417269,nan,nan,nan
192.38,223.00302124023438,-190.07655334472656,-30.86602210998535,223.3855795867368,-190.55194668457477,-30.875216513842737,0.6102739164612937,0.3423615438040355,0.07727012912446002,3.502035489347225e-05,22.978458046905494,32.3244707352093,nan,2.1435303315756595,nan
192.39000000000001,222.99920654296875,-190.0679168701172,-30.867189407348633,223.38183132546135,-190.54349367454975,-30.876483885885804,0.6104599973979253,0.34241349242317987,0.07728772808078506,3.572619840827174e-05,22.927881891980544,32.699578189415824,nan,nan,nan
192.4,222.9954833984375,-190.0592803955078,-30.86833381652832,223.3932477786468,-190.54245754305984,-30.878030546458795,0.6259158766568829,0.34234627393008293,0.0772784732036093,3.500670853940391e-05,23.283563135335857,32.7590778383141,2.2291311012855557,0.0756856422079855,nan
192.41,222.9918212890625,-190.05062866210938,-30.869455337524414,223.38967627199344,-190.53401806155966,-30.879256391489324,0.6261389299530178,0.3423980002923,0.07729608499685783,3.571205932301732e-05,23.235396006830655,32.485417473393866,nan,nan,nan
192.42000000000002,222.9882354736328,-190.0419921875,-30.870553970336914,223.38617993291768,-190.52556991909458,-30.87901548465229,0.6263216525030867,0.3424498122780391,0.07731376216405897,3.501436968484765e-05,22.536482424047907,32.300383433721215,nan,1.4736104961723808,nan
192.43,222.98472595214844,-190.03335571289062,-30.87162971496582,223.3827543957814,-190.5171306462513,-30.88018407262461,0.6265285349638632,0.3425017100343378,0.07733150495616427,3.5720106333313076e-05,22.486805313640097,32.1394432608183,nan,nan,nan
192.44,222.98129272460938,-190.02471923828125,-30.8726863861084,223.37939905924895,-190.5086938098173,-30.881776519232364,0.6267397147890527,0.34255369370296684,0.0773493134169895,3.502216544335407e-05,22.744477366033717,32.25546966372706,nan,0.13935409536433147,nan
192.45000000000002,222.9779052734375,-190.01608276367188,-30.873720169067383,223.38644959402652,-190.5022501194717,-30.882987998035578,0.6351008206456109,0.342486376785305,0.07734008353745354,3.570622608322079e-05,22.44122121766803,32.929642009393916,1.5483152514777485,nan,nan
192.46,222.974609375,-190.0074462890625,-30.874732971191406,223.38324980511487,-190.49380044423233,-30.883011773548397,0.6352919832202333,0.3425381378955171,0.07735790412901251,3.500887161864824e-05,21.940359422846406,31.769929898431403,nan,0.838704051549845,nan
192.47,222.9713592529297,-189.99879455566406,-30.8757266998291,223.38011537069463,-190.485356434066,-30.884095610564835,0.6355266036848447,0.34258998470281243,0.0773757905247597,3.571449414984514e-05,21.891468216698772,31.703624880763535,nan,nan,nan
192.48000000000002,222.9681854248047,-189.9901580810547,-30.87670135498047,223.377047259295,-190.4769076562136,-30.884286455425617,0.6357284659105141,0.34264191734828436,0.07739374278986498,3.501687212360238e-05,21.519929847002587,31.63739252605917,nan,0.5389249399460904,nan
192.49,222.96507263183594,-189.9815216064453,-30.877655029296875,223.37404193392274,-190.4684631062001,-30.885323863455774,0.6359455363866905,0.34269393598003206,0.07741176114329205,3.572287280636129e-05,21.469636087294997,31.661913704115168,nan,nan,nan
192.5,222.96202087402344,-189.97288513183594,-30.878589630126953,223.3755077698227,-190.4626177048304,-30.886623921770873,0.6409945053521839,0.34262652080012673,0.07740255176180882,3.500377114419877e-05,21.743042111843653,31.97623046338254,0.7307984790130977,0.10534284724242439,nan
192.51,222.95904541015625,-189.9642333984375,-30.879507064819336,223.37263368348738,-190.45417814814323,-30.887626903857228,0.6412230886261306,0.34267831657247905,0.0774205815090159,3.570927176070234e-05,21.694800395833187,30.931556150621432,nan,nan,nan
192.52,222.95611572265625,-189.95559692382812,-30.88040542602539,223.36982143377566,-190.44573237837648,-30.887293182065374,0.6414301368047796,0.34273019810811733,0.07743867732105213,3.501193144522927e-05,21.150216539530813,31.388243436690995,nan,1.2282644387171604,nan
192.53,222.95323181152344,-189.94696044921875,-30.88128662109375,223.367066678869,-190.43729242009562,-30.888248663593995,0.64166440537924,0.3427821655558016,0.07745683939971586,3.571781032717243e-05,21.098341706204604,31.70550795886894,nan,nan,nan
192.54,222.95042419433594,-189.9383087158203,-30.88214874267578,223.36437001760302,-190.42885163733789,-30.889010724727484,0.6418960891366594,0.3428342190555892,0.07747506783593248,3.5020174168516395e-05,21.03508421526361,30.529592051118343,nan,0.02203001479971033,nan
192.55,222.94766235351562,-189.92967224121094,-30.882993698120117,223.34562159714824,-190.42026184795992,-30.889901990862366,0.6317415977687209,0.3427667057851095,0.07746587458754108,3.570436091806153e-05,21.922978250537636,31.47380166771217,5.476400042080907,nan,nan
192.56,222.94496154785156,-189.92103576660156,-30.88382339477539,223.3430108477918,-190.4118364116164,-30.89015424766505,0.6319561678061231,0.34281853612448715,0.0774841136696701,3.5007270844893726e-05,21.67909711102007,31.096210429227614,nan,0.29996223299358576,nan
192.57,222.9423065185547,-189.91238403320312,-30.88463592529297,223.34045369632088,-190.4034130279194,-30.89103613648514,0.6321958648382443,0.3428704523009221,0.07750241919470553,3.5713019597638205e-05,21.630597755647383,30.719342281284412,nan,nan,nan
192.58,222.93971252441406,-189.90374755859375,-30.88543128967285,223.33795092038534,-190.39498635839047,-30.891123940639197,0.6324095071443189,0.34292245445385533,0.07752079126712155,3.501562462265379e-05,21.35697896078252,30.834236872908992,nan,0.42764375907195395,nan
192.59,222.9370574951172,-189.8950958251953,-30.88631820678711,223.33543865696478,-190.38656210262602,-30.892020452252726,0.6326761948816971,0.34297454273301814,0.07753923006839886,3.572174327101724e-05,21.288680198952132,29.995225340093114,nan,nan,nan
192.6,222.93431091308594,-189.88645935058594,-30.887292861938477,223.30926151178554,-190.36308322217343,-30.892911910617613,0.6064567916515535,0.3429069315373727,0.07753004845372889,3.500282792340502e-05,20.68188032756455,30.63858866524834,8.479217233271784,0.021882451229204566,nan
192.61,222.9315185546875,-189.8778076171875,-30.888355255126953,223.30657334339105,-190.35462334055683,-30.89398793103471,0.6066721154128991,0.3429587963556377,0.07754849712698163,3.570843814803338e-05,20.614866315111747,29.44856843321883,nan,nan,nan
192.62,222.92864990234375,-189.86917114257812,-30.88950538635254,223.3038163845774,-190.3461661187685,-30.896200197437306,0.6068928383148858,0.3430107470740823,0.07756701253272803,3.501126046147748e-05,20.950668415461593,30.658513133194937,nan,0.7749341812752606,nan
192.63,222.9257049560547,-189.8605194091797,-30.89073944091797,223.30099418277763,-190.33770521984619,-30.89746236234884,0.6071190157360513,0.343062783842992,0.07758559484202529,3.571724053527708e-05,20.881541068117713,30.249959244591523,nan,nan,nan
192.64000000000001,222.92271423339844,-189.8518829345703,-30.892061233520508,223.29810513788823,-190.32924569918723,-30.89936572005928,0.6073276675238507,0.3431149068009324,0.07760424417501302,3.501973903658346e-05,21.084630593633186,30.582218933812893,nan,0.2170842775119618,nan
192.65,222.91964721679688,-189.84323120117188,-30.893465042114258,223.30087130458088,-190.3355448310698,-30.900821138549873,0.6227026798117902,0.34304719785821186,0.07759506975685931,3.5704012883449335e-05,22.636973928429487,30.913171158650215,14.419575989371321,nan,nan
192.66,222.91651916503906,-189.83457946777344,-30.89495277404785,223.2978613632994,-190.3271385161426,-30.903036221711318,0.6229780336661185,0.34309909705482605,0.07761372817430738,3.500703272167107e-05,22.935981442692288,31.148828310664143,nan,0.3370407688060204,nan
192.67000000000002,222.913330078125,-189.82594299316406,-30.896520614624023,223.29478893333348,-190.3187304947864,-30.904650677301344,0.6232306779125039,0.34315108222537577,0.0776324536676046,3.5712865870059835e-05,22.86657288802471,31.620497703320343,nan,nan,nan
192.68,222.91006469726562,-189.81729125976562,-30.89817237854004,223.2916536941151,-190.31032230730418,-30.906299388527373,0.623502866589146,0.343203153507948,0.07765124636467088,3.501555816269841e-05,22.84964314831398,31.380969347833826,nan,0.0016370925245643981,nan
192.69,222.90675354003906,-189.80865478515625,-30.89990234375,223.28845622040464,-190.301914111323,-30.908077203407714,0.6237535790511768,0.3432553110535888,0.077670106424881,3.5721752863033904e-05,22.78087942296079,31.514024274017874,nan,nan,nan
192.70000000000002,222.9033660888672,-189.8000030517578,-30.90171241760254,223.32634478858682,-190.2927126195652,-30.90843980446299,0.6493989192779999,0.3388616058570588,0.07761279382013826,3.500277302477887e-05,26.483689877094534,35.293256028912985,1.0757572836384184,1.6149175673300245,0.21848289436295765
192.71,222.89993286132812,-189.79135131835938,-30.90359878540039,223.32305689201,-190.28427593838924,-30.910363271271017,0.6496571285233071,0.33890944479717205,0.07763085547134305,3.5708448021531005e-05,26.404668468939406,34.88035687795414,nan,nan,nan
192.72,222.8964385986328,-189.78271484375,-30.90556526184082,223.31976542098243,-190.27582917774413,-30.90985241411997,0.6499120898904455,0.33895736712370805,0.07764897778079641,3.50113268565515e-05,25.578193139480277,34.67247346875452,nan,4.457080978375877,nan
192.73000000000002,222.89288330078125,-189.77406311035156,-30.90760612487793,223.31635833144742,-190.26739270223396,-30.911907530135885,0.6501720463936915,0.3390053744094235,0.07766716093933514,3.5717363733118634e-05,25.50372680670945,34.11951619697567,nan,nan,nan
192.74,222.88926696777344,-189.7654266357422,-30.90972328186035,223.31292171274941,-190.25895139701643,-30.912731145347053,0.6504299194949557,0.3390534653889605,0.07768540504766844,3.501990270246893e-05,25.173947662956753,34.45668410387518,nan,1.2076372938163833,nan
192.75,222.88558959960938,-189.75677490234375,-30.91187286376953,223.31661833524515,-190.256651727006,-30.914850049704814,0.6600541450625635,0.3389919514050797,0.07767608158456683,3.570422245602348e-05,25.616635401124014,34.19986789249353,1.9538508173958362,nan,nan
192.76,222.88186645507812,-189.74813842773438,-30.91401481628418,223.3130325225217,-190.24823599539587,-30.917719364371834,0.6603146814756082,0.33903984116408775,0.0776943294188897,3.5007269020822944e-05,25.691910348944653,34.58729671362164,nan,0.32924059809027995,nan
192.77,222.87808227539062,-189.73948669433594,-30.916133880615234,223.3094052506343,-190.23981819230212,-30.919898561494993,0.6605946485192579,0.33908781578566544,0.07771263833366673,3.571314361018485e-05,25.63055761235868,34.09743608449573,nan,nan,nan
192.78,222.87423706054688,-189.73085021972656,-30.91822052001953,223.30574990525216,-190.23139652538075,-30.92076631740544,0.6608754953348058,0.33913587408296253,0.0777310084392121,3.501585032809047e-05,25.34985063549774,34.54032154918747,nan,1.1629746069278324,nan
192.79,222.87034606933594,-189.72219848632812,-30.920269012451172,223.3020118080311,-190.22297961097624,-30.922871391995475,0.6611533991036874,0.3391840175132795,0.07774943991208598,3.572207900991114e-05,25.28875156945675,33.70016151247531,nan,nan,nan
192.8,222.86639404296875,-189.71356201171875,-30.922279357910156,223.2874321425553,-190.20761763309906,-30.92579187784174,0.6491350985097112,0.3391224252304093,0.07774012422606556,3.500322849815167e-05,25.089337089051437,34.29467751807895,1.7908496673282377,0.5106048674992917,nan
192.81,222.86239624023438,-189.7049102783203,-30.924251556396484,223.28356973444153,-190.19918484650643,-30.927831153916213,0.649389924849959,0.33917036716631804,0.07775855894913032,3.570893347868863e-05,25.030095620783495,33.48243511524691,nan,nan,nan
192.82,222.85833740234375,-189.69627380371094,-30.926183700561523,223.27962603077816,-190.19075648413772,-30.93118718134489,0.649632407219771,0.3392183927589386,0.07777705509958016,3.501180030551858e-05,25.31780256353945,34.57476041250573,nan,1.294476297226205,nan
192.83,222.85423278808594,-189.6876220703125,-30.92807960510254,223.27565804792928,-190.18232449104823,-30.93316491202873,0.6498889097856348,0.3392665033870396,0.077795612846301,3.571785999691092e-05,25.26141767747231,33.785083203422175,nan,nan,nan
192.84,222.85006713867188,-189.67898559570312,-30.929935455322266,223.27165907966935,-190.1738899317313,-30.934081503664725,0.6501440273126974,0.33931469797943153,0.0778142323110287,3.502037948387929e-05,24.95990203776091,34.32795760200097,nan,0.7396976180031729,nan
192.85,222.84585571289062,-189.67034912109375,-30.9317569732666,223.3129547369835,-190.18665330398133,-30.935892487464127,0.6962532657398498,0.33925302846809713,0.07780492103377339,3.570471425868082e-05,25.044190729318927,34.93320405818488,19.315310014127736,nan,nan
192.86,222.8415985107422,-189.66171264648438,-30.93354034423828,223.3089462775643,-190.17825206993282,-30.935832009202596,0.6965860771350397,0.3393010213304571,0.0778235432552109,3.500773543629489e-05,24.64839317012445,34.417385244230964,nan,2.5943494005226344,nan
192.87,222.8372802734375,-189.65306091308594,-30.93528938293457,223.3048489123506,-190.16985612853554,-30.93763476540123,0.696924118986824,0.3393490991303025,0.07784222729895315,3.571361940418714e-05,24.587402227902626,34.134189912465416,nan,nan,nan
192.88,222.83291625976562,-189.64442443847656,-30.937002182006836,223.30065879358432,-190.16146568426666,-30.94157298701768,0.6972342648276503,0.3393972608740303,0.07786097329274927,3.501629578031139e-05,24.96302829066053,34.980089429982414,nan,3.3206342250693925,nan
192.89000000000001,222.82850646972656,-189.6357879638672,-30.93868064880371,223.2964627327587,-190.15307078311926,-30.943329874669026,0.6975573055351953,0.33944550782589056,0.07787978139654228,3.572252743470318e-05,24.90494681771057,34.83904875466412,nan,nan,nan
192.9,222.8240509033203,-189.6271514892578,-30.940326690673828,223.2938104891598,-190.14079398386133,-30.944989702391148,0.6960778867546951,0.33938375969905776,0.07787047106816675,3.500364286674357e-05,24.179316591068538,34.53773134123442,2.8908718195925305,0.005973437007571385,nan
192.91,222.81954956054688,-189.61851501464844,-30.941940307617188,223.28952510778495,-190.1323815478554,-30.94668125630581,0.6963894783426473,0.33943180464180195,0.07788928141070052,3.5709344866977437e-05,24.12092310928462,34.44262237991456,nan,nan,nan
192.92000000000002,222.8149871826172,-189.60987854003906,-30.94352149963379,223.28518416912425,-190.12397036699775,-30.948779580983526,0.6967088775704865,0.33947993350644223,0.07790815393118654,3.5012174858199625e-05,24.213719987148473,34.96214448804583,nan,0.1355583793101745,nan
192.93,222.81039428710938,-189.6012420654297,-30.945070266723633,223.2808047944936,-190.11555882739447,-30.950413185867312,0.6970196007863761,0.3395281474813468,0.07792708878498483,3.571822571545233e-05,24.157212766625616,34.43514665056978,nan,nan,nan
192.94,222.8057403564453,-189.5926055908203,-30.94658851623535,223.2763829337112,-190.10714751665205,-30.95180922602141,0.6973414406048036,0.33957644568503387,0.07794608610667268,3.502070644268926e-05,24.069397131717547,34.78369544522458,nan,0.030324477982725768,nan
192.95000000000002,222.80105590820312,-189.58396911621094,-30.948076248168945,223.27945902449108,-190.10953483121273,-30.953400510904483,0.710715984225092,0.33951461980870723,0.07793677326028299,3.570502781121777e-05,25.215451655041345,34.876146295279064,7.930218128591306,nan,nan
192.96,222.79632568359375,-189.57533264160156,-30.949535369873047,223.2748985260837,-190.10116572802403,-30.957658907641033,0.7110544228196211,0.33956271576087,0.07795577228404128,3.500800926644949e-05,26.242691550940197,35.92703917847726,nan,5.2043184676675,nan
192.97,222.79153442382812,-189.5666961669922,-30.950963973999023,223.27034380829392,-190.09279287521795,-30.959200528268873,0.7114098775563462,0.33961089672556505,0.07797483386134468,3.5713873736416e-05,26.19239942462969,36.394075472795215,nan,nan,nan
192.98000000000002,222.78672790527344,-189.5580596923828,-30.95236587524414,223.26576211564188,-190.0844197252375,-30.960205847347673,0.7117514482266133,0.3396591618947948,0.07799395813014526,3.5016510034264976e-05,25.98498980680854,35.79219836500323,nan,0.1824521501964702,nan
192.99,222.78195190429688,-189.54942321777344,-30.953737258911133,223.26117406577023,-190.07604791706856,-30.961687487248295,0.7120748978060482,0.3397075123481677,0.07801314524078004,3.572271718906394e-05,25.9379728293813,35.861746950123795,nan,nan,nan
193.0,222.77725219726562,-189.54080200195312,-30.9550838470459,223.24982763209405,-190.0622402207393,-30.962934865081582,0.7037662936645847,0.33964560795974935,0.07800382635183917,3.642029284342717e-05,25.48010507533465,35.625016024391165,3.0755698476926496,nan,nan
193.01,222.77261352539062,-189.53216552734375,-30.956401824951172,223.2453501041023,-190.05385520363885,-30.96435942807992,0.704062010516444,0.33969375587866335,0.07802301460539117,3.715437584101343e-05,25.432179984690254,35.51938386580943,nan,nan,nan
193.02,222.76806640625,-189.52352905273438,-30.95769500732422,223.2409505502403,-190.04547100343075,-30.965945853533928,0.7043513966745314,0.33974198794084726,0.0780422657699114,3.637129716073329e-05,25.54060267866887,35.41023713498826,nan,0.022931354831605487,nan
193.03,222.76361083984375,-189.51490783691406,-30.958961486816406,223.2366398537488,-190.03708716684818,-30.967321754554373,0.7046258543958569,0.33979030522525894,0.07806157999370626,3.7104014247561155e-05,25.491929145943704,35.79745787681773,nan,nan,nan
193.04,222.7592315673828,-189.5062713623047,-30.960203170776367,223.23242975824283,-190.0287030201185,-30.967862866204683,0.704918460428829,0.339838706961237,0.0780809574179449,3.632364895911302e-05,25.164495879397823,35.21219294127983,nan,0.42976209700624685,nan
193.05,222.75494384765625,-189.4976348876953,-30.9614200592041,223.24301774214453,-190.02859161663983,-30.96922273680193,0.7212434098625196,0.3397767238342111,0.07807162893270335,3.7031412512345095e-05,25.436067995933602,35.48771092550811,2.4810947973323123,nan,nan
193.06,222.75074768066406,-189.489013671875,-30.96261215209961,223.23899800809411,-190.0202251081799,-30.96997457704827,0.7215456864244826,0.339824922788428,0.07809100692137315,3.6254704963852724e-05,25.227354470842563,35.651659161941886,nan,0.19504494203174452,nan
193.07,222.7466278076172,-189.48037719726562,-30.963781356811523,223.2350533590188,-190.01185927369102,-30.971242833341766,0.7218645236160439,0.33987320686319983,0.07811044818332746,3.698398127957809e-05,25.179687954353696,35.27513481129654,nan,nan,nan
193.08,222.74258422851562,-189.4717559814453,-30.96492576599121,223.2311767592807,-190.00349413236006,-30.973383567640674,0.7221770258505763,0.3399215753653868,0.07812995286134733,3.620988362009878e-05,25.589352989117643,36.45927090940436,nan,0.5275239707272384,nan
193.09,222.73863220214844,-189.46311950683594,-30.966049194335938,223.22739605797537,-189.99512837461629,-30.974616506660922,0.7224935577568921,0.3399700292588889,0.07814952110133737,3.6938005595849e-05,25.543450318387002,35.517996510757,nan,nan,nan
193.1,222.73475646972656,-189.45449829101562,-30.967147827148438,223.2058937359253,-189.9779628316897,-30.977335658818642,0.7043360283688905,0.3399079667706047,0.0781401794322941,3.6143995558254694e-05,26.290868012887298,36.60869434294512,3.0148015840247258,1.5133578378492707,nan
193.11,222.73094177246094,-189.44586181640625,-30.96822738647461,223.20224172662887,-189.96958149437467,-30.97854070345957,0.7046362979560932,0.33995621759287603,0.07815974763727038,3.687011766939931e-05,26.24538132897935,36.47931977330596,nan,nan,nan
193.12,222.7272186279297,-189.43724060058594,-30.969284057617188,223.1986637047002,-189.96119991238206,-30.979878078136913,0.70491563615783,0.3400045528153751,0.07817937947009836,3.6102041488387305e-05,26.40938851218349,36.78199768156072,nan,0.015567279205055061,nan
193.13,222.72357177734375,-189.42860412597656,-30.970319747924805,223.1951630293362,-189.95281797485237,-30.9810432061673,0.7052045524992411,0.3400529733299492,0.0781990750757834,3.6827148211979634e-05,26.36559416973708,36.1356203822428,nan,nan,nan
193.14000000000001,222.71998596191406,-189.4199676513672,-30.97133445739746,223.1917440146424,-189.94443562659168,-30.981656534730995,0.7054990167467312,0.3401014785504818,0.07821883459845488,3.6061504157476894e-05,26.139353495751482,36.28001987882391,nan,0.18794321248415724,nan
193.15,222.71649169921875,-189.41134643554688,-30.97233009338379,223.22606172700037,-189.94794804173267,-30.98265242431138,0.7400739473122386,0.3400393372474632,0.07820947612854857,3.676246523211665e-05,25.34692331544294,36.77441497431426,15.548563681227938,nan,nan
193.16,222.71304321289062,-189.4027099609375,-30.973304748535156,223.22285419931234,-189.9395706931126,-30.983085146915084,0.7404203831745511,0.3400876391418427,0.07822923499738041,3.600015098911776e-05,25.046544463155197,36.71020539680234,nan,0.295952948621767,nan
193.17000000000002,222.70968627929688,-189.3940887451172,-30.974260330200195,223.21970571417577,-189.93119321813543,-30.98415888253186,0.740742209023262,0.3401360262304366,0.07824905784664145,3.672250613732669e-05,24.997781675221063,36.50682594170334,nan,nan,nan
193.18,222.7063751220703,-189.3854522705078,-30.975196838378906,223.21662586281425,-189.92281561384326,-30.98514368637742,0.7410898197759107,0.3401844979937579,0.07826894482079588,3.596250189534978e-05,25.021900676801852,36.654231880511894,nan,0.0033426868849683773,nan
193.19,222.70314025878906,-189.37681579589844,-30.97611427307129,223.21361134489626,-189.91443780728198,-30.986180675401773,0.7414307043355007,0.340233055224609,0.07828889606434757,3.668402628128323e-05,24.974813714714326,36.299084252640995,nan,nan,nan
193.20000000000002,222.69996643066406,-189.36819458007812,-30.977012634277344,223.19267909146518,-189.89761591043586,-30.983868333025583,0.7232563250720992,0.3401708341663466,0.07827951714663811,3.590418971887345e-05,23.450387705907733,35.0645595296672,3.0065559949206864,7.3555772654211635,nan
193.21,222.69686889648438,-189.35955810546875,-30.977895736694336,223.1897634477127,-189.8892237522795,-30.984837448086314,0.7235598962069799,0.3402191877794064,0.0782994670977972,3.662404127794874e-05,23.39950874036873,34.02410071645151,nan,nan,nan
193.22,222.69381713867188,-189.35092163085938,-30.978759765625,223.18692616164944,-189.88083158173504,-30.984663134683764,0.7238756207700175,0.34026762603300237,0.07831948137804536,3.586940392335108e-05,22.99680783516501,34.15657882613025,nan,0.8525003856155817,nan
193.23000000000002,222.69082641601562,-189.34230041503906,-30.97960662841797,223.18413431742096,-189.87243871837924,-30.98558791247576,0.7241789019408923,0.34031614965862717,0.07833956013199588,3.658854490553489e-05,22.942337389476002,34.73520994479292,nan,nan,nan
193.24,222.6879119873047,-189.3336639404297,-30.980436325073242,223.18137713012771,-189.86404465303147,-30.988351143779138,0.7244820162270921,0.3403647582279988,0.07835970350395755,3.5836020244750036e-05,23.65516686590866,34.36873169393134,nan,2.314076172198989,nan
193.25,222.68504333496094,-189.3250274658203,-30.98124885559082,223.15110514054916,-189.84268583945754,-30.989247819963943,0.6965972881485711,0.34030245778723817,0.07835030046580158,3.653167135389113e-05,23.557200366213046,34.14071528436945,7.022960206214033,nan,nan
193.26,222.68209838867188,-189.31639099121094,-30.982152938842773,223.14839424078016,-189.83427050234948,-30.989332187689516,0.6969092848889998,0.34035086247619956,0.07837044188755243,3.5782123328558206e-05,23.183412712394,34.079906592994355,nan,0.504091347337004,nan
193.27,222.67910766601562,-189.30775451660156,-30.983144760131836,223.1456057643079,-189.82585446611233,-30.99036222834401,0.6972088103579638,0.3403993524429701,0.07839064798392134,3.6499105497882874e-05,23.108785373315538,33.4581073716745,nan,nan,nan
193.28,222.67604064941406,-189.2991180419922,-30.984224319458008,223.14276728129732,-189.81743862353238,-30.990315527028166,0.697514929565613,0.34044792731541024,0.07841091889877311,3.575154062694352e-05,22.657356585052966,33.376643024906315,nan,0.9188611731292767,nan
193.29,222.67291259765625,-189.2904815673828,-30.985389709472656,223.13984911691864,-189.8090218819451,-30.991511321950373,0.6978189199115872,0.34049658774144226,0.07843125477738039,3.646796894285156e-05,22.585440285583402,33.248127387888324,nan,nan,nan
193.3,222.6697235107422,-189.2818603515625,-30.98664093017578,223.12275278520454,-189.79442412238998,-30.992354837607834,0.6840977937567966,0.3404342071230678,0.07842182392171351,3.570053809444038e-05,22.474240704862652,33.432233949014844,1.8102860027169565,0.120825352889269,nan
193.31,222.66647338867188,-189.27322387695312,-30.987977981567383,223.11968463249417,-189.78599766114564,-30.993719541225452,0.6843758841377846,0.34048266337496363,0.0784421571736101,3.641557054768379e-05,22.403784655211222,32.72001941186123,nan,nan,nan
193.32,222.66314697265625,-189.26458740234375,-30.989398956298828,223.1165658216085,-189.77757156011415,-30.99424724929706,0.6846640816149144,0.3405312044916397,0.07846255544084889,3.567268583012589e-05,22.095484677599,32.85774655707739,nan,0.5774454112029787,nan
193.33,222.65977478027344,-189.25595092773438,-30.99090003967285,223.11337425646641,-189.76914477206074,-30.995771880060847,0.6849409766438157,0.34057983106986095,0.0784830188693931,3.638726590989222e-05,22.027950501326952,32.38892543072023,nan,nan,nan
193.34,222.65634155273438,-189.247314453125,-30.99248504638672,223.11014076946356,-189.76071929186904,-30.995829399534916,0.6852221845852544,0.3406285428136947,0.07850354760208332,3.564616199074077e-05,21.628682229153476,32.013667556178206,nan,1.6348259484565086,nan
193.35,222.65284729003906,-189.23867797851562,-30.994152069091797,223.11891680366014,-189.75845243708523,-30.99751830251641,0.6981386759346448,0.3405660822440599,0.07849408521196408,3.6337773189075686e-05,21.717672727808782,32.2654956468546,1.428686461561838,nan,nan
193.36,222.6492919921875,-189.23004150390625,-30.99589729309082,223.11557973918266,-189.75003797673958,-30.998012031506555,0.6984447486204574,0.3406145895438744,0.07851461062253058,3.5599290684468855e-05,21.471014080200103,32.117540988257964,nan,1.0873728741197306,nan
193.37,222.6456756591797,-189.22140502929688,-30.99772071838379,223.11216930337338,-189.74162250742978,-30.9998363144683,0.698746749813452,0.3406631822143118,0.0785352013885166,3.631220906965035e-05,21.408196029593615,32.163566787455146,nan,nan,nan
193.38,222.64199829101562,-189.2127685546875,-30.999624252319336,223.1086856018076,-189.73320579417154,-31.00309312838418,0.6990450624939423,0.3407118600058319,0.0785558576519047,3.557537858149453e-05,21.56268529424937,32.426494415855565,nan,1.250611461407499,nan
193.39000000000001,222.63827514648438,-189.20413208007812,-31.001604080200195,223.10516020629836,-189.72479052761068,-31.005088751878613,0.6993418484555523,0.34076062344605584,0.07857657955993684,3.6287974187858326e-05,21.499441253119965,32.05653932670062,nan,nan,nan
193.4,222.63449096679688,-189.19549560546875,-31.003660202026367,223.12304233439517,-189.72344976011144,-31.0067231877899,0.7193242732373352,0.3406980822518178,0.07856708189592419,3.5531167693408885e-05,21.081816555125318,32.435142757538195,4.664268226721408,0.09935377338206128,nan
193.41,222.63064575195312,-189.18685913085938,-31.00579071044922,223.11944227636798,-189.71503960877772,-31.008868554818186,0.7196569548472693,0.3407466409522173,0.07858779976860791,3.624259634765029e-05,21.019157238736184,32.56649328731394,nan,nan,nan
193.42000000000002,222.6267547607422,-189.17822265625,-31.007951736450195,223.1157866041397,-189.7066296975219,-31.011111924769008,0.7199834247485887,0.34079528472655,0.07860858332841658,3.550976730500526e-05,20.979757075103514,32.249110417978535,nan,0.0013440931311490905,nan
193.43,222.622802734375,-189.16958618164062,-31.010107040405273,223.1120769549996,-189.69822004285922,-31.013324305958637,0.7203147735485682,0.34084401406057935,0.07862943272355523,3.622095694407417e-05,20.924806344160363,32.41057399420509,nan,nan,nan
193.44,222.61880493164062,-189.16094970703125,-31.012237548828125,223.1083295336749,-189.68981242547142,-31.01400102073815,0.7206477785894478,0.34089282876719856,0.07865034809457204,3.548958290820683e-05,20.667832871795543,31.922942867371788,nan,1.5882789203411525,nan
193.45000000000002,222.61474609375,-189.15231323242188,-31.01433563232422,223.1271977533576,-189.69766484300314,-31.01614354549757,0.7483437386309826,0.34083020705389344,0.07864081140561041,3.617820820658406e-05,21.483061662966826,32.93324789631641,8.815461718571997,nan,nan
193.46,222.6106414794922,-189.14369201660156,-31.016395568847656,223.12336076580536,-189.68929505160216,-31.018325541457276,0.748710533620052,0.34087881674402415,0.07866172200966527,3.544911469934599e-05,21.438090589474786,33.269474528056456,nan,0.0026071855303460637,nan
193.47,222.6064910888672,-189.1350555419922,-31.018417358398438,223.11947235049746,-189.68092572561645,-31.0204096361537,0.7490847757927159,0.3409275119057769,0.07868269863627655,3.6159049486277256e-05,21.38570094889504,32.43921507346562,nan,nan,nan
193.48000000000002,222.60227966308594,-189.1264190673828,-31.02039909362793,223.1155456343937,-189.6725585485312,-31.021123892082024,0.7494736923363904,0.34097629238962746,0.07870374142497949,3.543128868041691e-05,21.23329068238005,32.610089532621636,nan,1.2215128439618066,nan
193.49,222.59800720214844,-189.11778259277344,-31.022342681884766,223.11155479721606,-189.66419001034194,-31.02311870008241,0.7498618543290894,0.3410251586252605,0.07872485052549229,3.614108881784004e-05,21.17724529420004,32.886333832826246,nan,nan,nan
193.5,222.5937042236328,-189.10914611816406,-31.024246215820312,223.111604558868,-189.66249815605897,-31.02635777652897,0.7579074440641194,0.3409624558196953,0.0787152710380831,3.539319513224259e-05,21.928339141385592,32.71763904935175,2.406037507513258,1.0875468539330064,nan
193.51,222.58934020996094,-189.10052490234375,-31.026113510131836,223.10751682844173,-189.65415170541743,-31.028290734947866,0.758297029751322,0.34101111674092205,0.07873637462295575,3.610201296538705e-05,21.875273872081145,33.563598779631825,nan,nan,nan
193.52,222.58493041992188,-189.09188842773438,-31.027944564819336,223.10338970213323,-189.64580715982447,-31.02914901892319,0.7587011531433834,0.3410598629313517,0.0787575445526644,3.537761085386553e-05,21.729013121628913,32.75798233089064,nan,0.744334880115226,nan
193.53,222.58047485351562,-189.083251953125,-31.02973747253418,223.0992045116009,-189.63746145057604,-31.030999232943174,0.7590982922399006,0.34110869478710676,0.07877878097794791,3.608636165546605e-05,21.676476790531023,32.65206958166733,nan,nan,nan
193.54,222.5759735107422,-189.0746307373047,-31.031494140625,223.09498508311006,-189.62911850912198,-31.031294656623917,0.7594930816936679,0.34115761220878393,0.07880008403681661,3.536310768611998e-05,21.57612041601991,33.05711424623755,nan,1.59669777360227,nan
193.55,222.5714111328125,-189.0659942626953,-31.03321647644043,223.07785051827537,-189.61075349115958,-31.033004996790027,0.7438034100947913,0.3410948283189171,0.07879045797511035,3.6049600386218124e-05,20.9999863751701,32.34880170490922,3.5046317482953264,nan,nan
193.56,222.5668182373047,-189.057373046875,-31.0349063873291,223.07350291034308,-189.6023840238391,-31.034961408958036,0.7441547728334299,0.3411435401432518,0.07881175475191725,3.5328311342416154e-05,20.941593989538106,32.32508438373177,nan,0.0352412938163305,nan
193.57,222.5621795654297,-189.04873657226562,-31.03656005859375,223.06911118832664,-189.59401547727836,-31.03666161539049,0.7445191500952909,0.3411923375471789,0.07883311820459915,3.603613207523963e-05,20.886779753424605,31.741753101583182,nan,nan,nan
193.58,222.55747985839844,-189.0401153564453,-31.03818130493164,223.06465355221655,-189.5856434526845,-31.04072018871623,0.7448707978021061,0.3412412204611143,0.07885454847017441,3.531587911015121e-05,21.01131925015168,32.92767285749108,nan,3.9622041028972563,nan
193.59,222.55274963378906,-189.03147888183594,-31.039770126342773,223.06017082965218,-189.57727596360297,-31.042380043767626,0.7452365638812489,0.3412901892366365,0.07887604570086781,3.60237145255482e-05,20.963264185831274,31.81876061520185,nan,nan,nan
193.6,222.5479736328125,-189.02285766601562,-31.04132843017578,223.06590094441165,-189.5875861209534,-31.044349334287684,0.7662741374850056,0.3412273237701935,0.07886636926593879,3.528314775312835e-05,22.89376178666165,33.416223191130385,19.014112477528226,0.13152024322319505,nan
193.61,222.54315185546875,-189.0142364501953,-31.04285430908203,223.0613361652913,-189.57927965758665,-31.045950084219893,0.7666801086431448,0.34127608664829034,0.07888785943174911,3.5990146069369564e-05,22.846723536944037,33.452649226110765,nan,nan,nan
193.62,222.5382843017578,-189.00559997558594,-31.04435157775879,223.056729799465,-189.57097418883086,-31.047279719626086,0.7670999342393089,0.3413249349783045,0.07890941658634458,3.527266321216123e-05,22.770929880843347,32.896404475738066,nan,0.04043500473900446,nan
193.63,222.5333709716797,-188.99697875976562,-31.04581642150879,223.05207850234714,-189.56266893755054,-31.048819140652782,0.7675101927243161,0.3413738690854765,0.07893104088288662,3.5979729577708166e-05,22.723839521708864,33.510511858669076,nan,nan,nan
193.64000000000001,222.52842712402344,-188.9883575439453,-31.04725456237793,223.04739677947902,-189.55436702260909,-31.048757977466206,0.7679182856774833,0.341422888939601,0.07895273245698917,3.526311518444122e-05,22.483625738232146,32.85607750451583,nan,1.7187167963305325,nan
193.65,222.52342224121094,-188.979736328125,-31.048662185668945,223.06102638807923,-189.55935669275644,-31.050330703200142,0.7905572526871252,0.3413599418275882,0.07894300185683233,3.594814856811914e-05,23.189362378443015,34.330821670915796,6.156502156499767,nan,nan
193.66,222.51840209960938,-188.97109985351562,-31.0500431060791,223.05628876673916,-189.55108759727443,-31.050024124466095,0.7910169719713469,0.34140875549559563,0.07896468556621306,3.523321545346697e-05,23.061846387390943,32.85733146348723,nan,2.130315190756538,nan
193.67000000000002,222.51336669921875,-188.9624786376953,-31.051395416259766,223.05152067083898,-189.5428159060776,-31.051422289750967,0.7914550163883212,0.3414576548568444,0.07898643659091309,3.593960425357471e-05,23.01000169275608,34.002320767263654,nan,nan,nan
193.68,222.50839233398438,-188.953857421875,-31.05272102355957,223.04678471554243,-189.53454557318568,-31.052437222250855,0.7918744636213202,0.34150663990426494,0.07900825506568689,3.5225440007802846e-05,22.962462163490624,33.68882224777585,nan,0.08879290417464417,nan
193.69,222.5034942626953,-188.9452362060547,-31.054019927978516,223.042110381182,-189.52627503236465,-31.053779827468567,0.7922837234359794,0.34155571092850046,0.07903014114498838,3.593195884059808e-05,22.91282794987094,33.625987245044755,nan,nan,nan
193.70000000000002,222.49867248535156,-188.93661499023438,-31.055294036865234,223.0166050140611,-189.5097538495668,-31.056219073762634,0.772491496435784,0.34149268174290387,0.07902035256398647,3.5197292866128906e-05,23.07640012911101,33.3749702104477,4.31902928137597,1.0369151451121543,nan
193.71,222.49395751953125,-188.92799377441406,-31.056541442871094,223.0120632012062,-189.50147413688126,-31.05752212332262,0.7728610387731455,0.34154154627872013,0.07904222996294206,3.5903085662512245e-05,23.031277032482063,32.83232619791482,nan,nan,nan
193.72,222.48931884765625,-188.91937255859375,-31.057764053344727,223.0233668571687,-189.47277011729724,-31.060071896314614,0.7690653162003649,0.3411273197326113,0.07828673287867893,3.519086379863075e-05,26.936535427993235,37.2038183730659,nan,1.1049186207680486,0.5364744568718125
193.73000000000002,222.48477172851562,-188.91075134277344,-31.058963775634766,223.01902720881216,-189.46444795544932,-31.06134028610698,0.7694247883436361,0.3411751402052684,0.07830543697328758,3.5896821065845816e-05,26.88015409072001,37.134479314062354,nan,nan,nan
193.74,222.48033142089844,-188.9021453857422,-31.060138702392578,223.01482805610544,-189.45609141169285,-31.059619806823473,0.769768226134827,0.3412230446522322,0.07832420176119641,3.518554127827062e-05,26.666830220758705,36.96649474304057,nan,6.145258573599621,nan
193.75,222.4759521484375,-188.89352416992188,-31.061290740966797,223.01257524054475,-189.4456386533113,-31.060829549234214,0.7699317881792759,0.3411605642577291,0.07831464537978546,3.586962578309485e-05,26.144582904412125,37.158556167661644,1.390322809972404,nan,nan
193.76,222.4716796875,-188.88490295410156,-31.06241798400879,223.00852366103413,-189.4372951386834,-31.0611158194425,0.7702858385947159,0.3412082673466295,0.07833341109494137,3.515977839354794e-05,26.12457547761833,36.572816548106246,nan,0.5486288057336212,nan
193.77,222.4674835205078,-188.87628173828125,-31.06352424621582,223.00454358878196,-189.42896199192197,-31.06225714044823,0.7706429687319678,0.34125605500259687,0.0783522379755426,3.586524942349841e-05,26.05816939652641,36.787130436710456,nan,nan,nan
193.78,222.46337890625,-188.86766052246094,-31.064607620239258,223.00063132844318,-189.42064078716734,-31.064409419323677,0.7709911657021793,0.34130392661495046,0.07837112580223926,3.515593606459328e-05,25.952226150093846,36.46927384579434,nan,0.7456480289190307,nan
193.79,222.4593505859375,-188.85903930664062,-31.065670013427734,222.99681836205824,-189.41230811928432,-31.065518712403048,0.7713481783891963,0.3413518830645624,0.07839007507617676,3.586162387421524e-05,25.889043812086282,36.617395291629656,nan,nan,nan
193.8,222.4553985595703,-188.8504180908203,-31.06671142578125,222.96111505757943,-189.39168721333098,-31.067764100461044,0.7407580897067961,0.3412893407009156,0.07838051952652839,3.513162570649337e-05,26.247782058205217,36.097350442001385,9.741445234573725,0.9205094645962316,nan
193.81,222.4515380859375,-188.841796875,-31.067731857299805,222.95740707284958,-189.38334154015695,-31.06884459679217,0.7410636237655848,0.3413370955476366,0.07839946924726597,3.583667010711079e-05,26.189387021770575,35.72073942627855,nan,nan,nan
193.82,222.44773864746094,-188.83319091796875,-31.06873321533203,222.953774047844,-189.37499767862093,-31.07009709830556,0.741369174235095,0.3413849343292938,0.07841848016260392,3.5129147513798325e-05,26.142595869084886,36.705508143427046,nan,0.025702900030793667,nan
193.83,222.44403076171875,-188.82456970214844,-31.069713592529297,222.95022028424575,-189.3666515506885,-31.071140849086447,0.7416755357256871,0.34143285785306504,0.0784375527437473,3.583443960933891e-05,26.084990154141245,35.702424026826314,nan,nan,nan
193.84,222.4403839111328,-188.81594848632812,-31.0706729888916,222.94671952766848,-189.3583203716281,-31.073628566232156,0.7419917479149137,0.34148086561773433,0.07845668681528256,3.5127323106902966e-05,26.21428417623503,36.29871290070154,nan,1.499289750995731,nan
193.85,222.4368133544922,-188.8073272705078,-31.07161521911621,222.95612325605433,-189.3506583607692,-31.0746960835668,0.7515989217866508,0.34141826167229156,0.07844712909320443,3.581085062621517e-05,25.387212304834172,36.168034429176,5.066895755739694,nan,nan
193.86,222.43331909179688,-188.7987060546875,-31.072538375854492,222.95281057841026,-189.34230240058736,-31.076065587661375,0.751918102696429,0.3414660676238008,0.07846626312562037,3.51049543394959e-05,25.413560886395242,36.0770468516341,nan,0.09345989139306239,nan
193.87,222.42990112304688,-188.7900848388672,-31.073442459106445,222.9495734984355,-189.3339422608416,-31.0770561446588,0.7522322326928069,0.3415139582240925,0.07848545903954474,3.580989910852268e-05,25.361264970344365,35.89003008534766,nan,nan,nan
193.88,222.42652893066406,-188.78146362304688,-31.07432746887207,222.94644371382176,-189.3255545130709,-31.075305435112714,0.7525604525691089,0.3415619330391364,0.07850471668772029,3.51043364554735e-05,24.959627465231833,36.23534285558147,nan,5.20780134493793,nan
193.89000000000001,222.42324829101562,-188.77284240722656,-31.075197219848633,222.94334320209072,-189.3171938593041,-31.076234813534978,0.7528733602046138,0.3416099927762625,0.0785240364999767,3.580956037736053e-05,24.9000011830684,35.40332986668133,nan,nan,nan
193.9,222.42001342773438,-188.76422119140625,-31.076047897338867,222.94928938666908,-189.30806729484564,-31.07700166731552,0.7588824247600082,0.34154732631377976,0.07851447291219894,3.5083143760503504e-05,24.120044665461958,36.04306957045897,3.752138326465043,0.01579849900065112,nan
193.91,222.41685485839844,-188.75559997558594,-31.07688331604004,222.94634007290287,-189.2996916301626,-31.077897050143715,0.759204418200805,0.34159518398957334,0.07853379216337442,3.5787782919566026e-05,24.058836470864584,35.62414187112084,nan,nan,nan
193.92000000000002,222.41375732421875,-188.74697875976562,-31.077699661254883,222.94345418895628,-189.29131560178573,-31.078812637748495,0.7595278828389791,0.3416431258506298,0.07855317338832085,3.508362625629287e-05,24.00121845575202,35.754436210328166,nan,0.0009113552231383689,nan
193.93,222.41058349609375,-188.73834228515625,-31.0786075592041,222.94056865038098,-189.28293872276467,-31.07973009124624,0.75991499767989,0.34169115254336624,0.07857261699055261,3.578856719995368e-05,23.934134967398364,35.53432101846682,nan,nan,nan
193.94,222.40736389160156,-188.72972106933594,-31.07960319519043,222.93759422494492,-189.27458013520484,-31.08273174885414,0.760279814216429,0.3417392637243374,0.0785921228615188,3.5084636207018394e-05,24.109831272587442,35.81060925007861,nan,2.794096063134925,nan
193.95000000000002,222.40406799316406,-188.72109985351562,-31.080686569213867,222.95724674932143,-189.28220164420574,-31.08394708979511,0.7879419945490441,0.34167653494868655,0.07858255025502854,3.576788143861537e-05,25.020033472250574,37.22649313922355,9.808362974925416,nan,nan
193.96,222.40072631835938,-188.7124786376953,-31.081857681274414,222.95420599600743,-189.27386343044495,-31.085153652014608,0.7883549343557552,0.341724444071287,0.07860205515346076,3.64865498384581e-05,24.954103678532917,36.66231157302233,nan,nan,nan
193.97,222.39730834960938,-188.703857421875,-31.083112716674805,222.95110435543123,-189.26552510309855,-31.08644740601229,0.7887786256918081,0.34177243771403854,0.07862162252274932,3.7219661947427614e-05,24.88770453301856,37.205168928280116,nan,nan,nan
193.98000000000002,222.3938446044922,-188.69522094726562,-31.084453582763672,222.94793959266647,-189.257188793326,-31.088064575688566,0.7892034941607339,0.3418205157939155,0.07864125238645395,3.643050644812424e-05,24.882924394833154,36.20398787143628,nan,0.03660655210846574,nan
193.99,222.39031982421875,-188.6865997314453,-31.085878372192383,222.94471807953855,-189.24885017684062,-31.089532083276254,0.7896178432973381,0.3418686789100675,0.07866094513035189,3.716222445158868e-05,24.817899622869657,36.76842157992703,nan,nan,nan
194.0,222.38671875,-188.677978515625,-31.087385177612305,222.92895389269069,-189.240458123042,-31.090897739775492,0.7812903409243742,0.3418058870065089,0.0786513597938241,3.635365377158987e-05,25.645927543044237,37.30149484080417,5.4054026838584255,0.00689713528654839,nan
194.01,222.38307189941406,-188.66934204101562,-31.088973999023438,222.9255889262691,-189.23213337229643,-31.09252986088227,0.7817105929600967,0.3418538475895622,0.0786710508854679,3.7083138351309945e-05,25.584557759676702,36.35812987175755,nan,nan,nan
194.02,222.37937927246094,-188.6607208251953,-31.09064292907715,222.92215979398807,-189.2238134270828,-31.094823988870388,0.7821134534776184,0.3419018925756655,0.07869080470344351,3.630140956881438e-05,25.66070186465533,36.65634732951701,nan,0.22023438715061203,nan
194.03,222.3756103515625,-188.652099609375,-31.092391967773438,222.91868053042586,-189.21548869285604,-31.096625517703263,0.7825282113133673,0.3419500225089475,0.07871062160812531,3.7029665562138904e-05,25.597462184465083,37.24942036031646,nan,nan,nan
194.04,222.37179565429688,-188.64346313476562,-31.094219207763672,222.91513865011947,-189.20716889934985,-31.09909531747546,0.7829492809760327,0.34199823714677136,0.07873050153385176,3.625101797946911e-05,25.706863122210695,36.561553192185244,nan,0.22719499764312817,nan
194.05,222.36793518066406,-188.6348419189453,-31.096126556396484,222.91251427082003,-189.20401765653668,-31.101131281474277,0.7877515172761496,0.34193538219957403,0.07872090020080832,3.695473860025696e-05,26.460162340986518,37.08225664246797,2.9514039298204975,nan,nan
194.06,222.36399841308594,-188.626220703125,-31.09811019897461,222.90888101340462,-189.19570203498665,-31.101745508630707,0.7881746322644944,0.34198339407597567,0.07874077790427196,3.618006146295432e-05,26.083312541367302,37.44923968838395,nan,1.3548327071266995,nan
194.07,222.3600311279297,-188.6175994873047,-31.100168228149414,222.90517814008086,-189.18739785917006,-31.10385588548232,0.7885867411099372,0.3420314908122839,0.07876071889836626,3.690516935293008e-05,26.023937562872533,36.728680386248826,nan,nan,nan
194.08,222.35598754882812,-188.6089630126953,-31.102304458618164,222.9014292361805,-189.17908809200526,-31.10531235925166,0.7890236294472993,0.34207967221438423,0.07878072314043649,3.613339776022714e-05,25.844170527608334,36.71954287514289,nan,0.35327278926082273,nan
194.09,222.35191345214844,-188.600341796875,-31.104467391967773,222.89761969442168,-189.17078425849024,-31.107546032011296,0.7894361170444111,0.34212793875413183,0.07880079095689171,3.685749669170213e-05,25.78851027794407,36.58321236930136,nan,nan,nan
194.1,222.34776306152344,-188.5917205810547,-31.106626510620117,222.9117537674769,-189.1729726184429,-31.11158159337023,0.8099160451645089,0.3420650200482031,0.0787911699011959,3.6066315372246645e-05,26.581034825019824,38.38081968456879,3.901107031770935,1.9699583266317655,nan
194.11,222.3435821533203,-188.58309936523438,-31.1087589263916,222.90786792751214,-189.16469123100387,-31.11383149630599,0.8103661297525052,0.3421130835702746,0.07881123489341448,3.678856856494518e-05,26.53798047597829,37.72819171397031,nan,nan,nan
194.12,222.33934020996094,-188.574462890625,-31.110858917236328,222.90392802831397,-189.15641234711228,-31.11637916916034,0.8108360177741133,0.3421612317162015,0.07883136335606411,3.602329625878755e-05,26.62454283767884,37.64401398602332,nan,0.07067198143525776,nan
194.13,222.33505249023438,-188.5658416748047,-31.11292266845703,222.89994089301385,-189.14813143622433,-31.118569912685054,0.8112904320995428,0.3422094649152683,0.07885155559482235,3.6744681382174295e-05,26.584674110665844,37.91276969666878,nan,nan,nan
194.14000000000001,222.33071899414062,-188.55722045898438,-31.114946365356445,222.89590141671533,-189.13985284217253,-31.120993253862654,0.8117439433636271,0.34225778303682514,0.07887181159766858,3.59820443555294e-05,26.6715239305207,37.91698703187742,nan,0.04855044240788509,nan
194.15,222.32632446289062,-188.54859924316406,-31.116931915283203,222.9034967081988,-189.13569494312648,-31.123109364030658,0.8233148380428078,0.3421948005223776,0.07886216743521879,3.667965849506936e-05,26.51854191502275,38.560895068643894,1.3317643405583568,nan,nan
194.16,222.32188415527344,-188.53997802734375,-31.118877410888672,222.89937462616268,-189.12742442209563,-31.126013906817967,0.8237957515361507,0.3422429153887558,0.07888242000311951,3.592051153643735e-05,26.834256519160686,38.79668440130054,nan,0.4553284366651632,nan
194.17000000000002,222.31739807128906,-188.53135681152344,-31.120784759521484,222.8952118360869,-189.11914873419775,-31.128064105208924,0.8242700285856902,0.34229111522514727,0.07890273654617805,3.6639446407769344e-05,26.80125383225132,38.66699132468758,nan,nan,nan
194.18,222.3128662109375,-188.52273559570312,-31.12265396118164,222.89098082850944,-189.11088929722658,-31.132431641122896,0.8247647486957262,0.3423393999380767,0.0789231170709595,3.588276052267075e-05,27.958247372906037,39.77325516504441,nan,3.720820678698299,nan
194.19,222.30828857421875,-188.5141143798828,-31.124486923217773,222.88672349490741,-189.10261464365365,-31.134431348283552,0.8252383955684189,0.3423877699014064,0.07894356185565818,3.660101118924489e-05,27.935010832867672,39.6687036908393,nan,nan,nan
194.20000000000002,222.3036651611328,-188.5054931640625,-31.126283645629883,222.88122327264816,-189.09463117088123,-31.13657933810732,0.825083610635374,0.3423247229582677,0.07893389085595448,3.582481270433777e-05,28.30959373122415,39.9125049494223,0.5626049874773682,0.004052078269615411,nan
194.21,222.2989959716797,-188.4968719482422,-31.128042221069336,222.87687076088272,-189.086359902715,-31.138510761878543,0.8255573334491508,0.3423728894069476,0.07895433156601753,3.654154149374282e-05,28.289639885410708,39.94169491443113,nan,nan,nan
194.22,222.29428100585938,-188.48825073242188,-31.12976837158203,222.87248171508003,-189.07808200978303,-31.13932572277935,0.8260195753483498,0.3424211406834513,0.07897483647108651,3.579044092951869e-05,27.78269882435752,39.38433930788274,nan,0.7897317812650557,nan
194.23000000000002,222.28952026367188,-188.47962951660156,-31.131458282470703,222.86803911226994,-189.06981129388436,-31.141178251504833,0.8264944441543047,0.3424694771293716,0.07899540583278711,3.650660294247564e-05,27.75853313018134,39.436029869577624,nan,nan,nan
194.24,222.28472900390625,-188.47100830078125,-31.133115768432617,222.8635620532918,-189.06153356272375,-31.141765502448305,0.8269477625290264,0.34251789869938915,0.07901603968220829,3.575770040199794e-05,27.20404227765421,38.395766936819406,nan,1.026506167028441,nan
194.25,222.27987670898438,-188.46238708496094,-31.13473892211914,222.8153683930489,-189.0263694674289,-31.14356569386011,0.7777566350317366,0.3424547871739675,0.07900633836370828,3.6450693309390074e-05,26.131876993870318,37.32855332530904,23.842743988153256,nan,nan
194.26,222.2749786376953,-188.45376586914062,-31.136329650878906,222.81073754289034,-189.01803493985338,-31.144155788212288,0.7781378008324535,0.3425030049834213,0.07902696748848624,3.570482030675243e-05,25.648658718102915,36.92172012351074,nan,0.9026645871734238,nan
194.27,222.27005004882812,-188.44515991210938,-31.137889862060547,222.80605525818308,-189.00970772974404,-31.1458574103688,0.7785109534732003,0.34255130788229293,0.0790476612638472,3.641911007333085e-05,25.613915633217708,37.02712640770744,nan,nan,nan
194.28,222.26507568359375,-188.43653869628906,-31.13941764831543,222.80132197977866,-189.0013879972691,-31.148748094747813,0.7789107010564772,0.34259969585312305,0.07906841973556687,3.567526931548488e-05,26.25086267844087,37.25328098960508,nan,1.009808205910845,nan
194.29,222.2600555419922,-188.42791748046875,-31.14091682434082,222.79655584441898,-188.9930618352123,-31.15040180524274,0.7793014057893456,0.3426481691959303,0.0790892431435183,3.638914268236579e-05,26.222607285797253,37.2993127670546,nan,nan,nan
194.3,222.2550048828125,-188.4193115234375,-31.142385482788086,222.79536889833332,-188.98504043747982,-31.151891236748813,0.7823891824480046,0.34258499253899893,0.0790795077702286,3.5625616747958224e-05,26.08670446573213,37.53253546704953,1.5555268679589878,0.0009747535607254439,nan
194.31,222.24990844726562,-188.4106903076172,-31.143823623657227,222.79052815605044,-188.97671271217834,-31.153484191803194,0.7827798915203894,0.34263326185826154,0.07910032577725436,3.633823297067016e-05,26.059008653735084,37.1276036912675,nan,nan,nan
194.32,222.24476623535156,-188.40206909179688,-31.145233154296875,222.7856407464464,-188.96839078769727,-31.15601684258493,0.7831869431576869,0.34268161619495924,0.07912120868505435,3.5599110934028696e-05,26.697569474908978,37.92857168699603,nan,0.6386198270064283,nan
194.33,222.23959350585938,-188.39346313476562,-31.146615982055664,222.78072010512355,-188.9600643170944,-31.157564037713488,0.7835654128215912,0.3427300558252265,0.07914215672056629,3.6311406639834325e-05,26.67071731059237,38.12146134711223,nan,nan,nan
194.34,222.234375,-188.3848419189453,-31.14797019958496,222.77576294643004,-188.95173616357786,-31.15863509437782,0.7839539100726413,0.34277858076728385,0.07916316994874424,3.557406971200631e-05,26.507947200446285,37.60265120372793,nan,0.13786440972030387,nan
194.35,222.2291259765625,-188.37623596191406,-31.1492977142334,222.7389827856688,-188.92429394272966,-31.160049977304183,0.7486234883363488,0.34271533874633325,0.07915339696036328,3.6263660311842986e-05,25.78545086931682,37.02350630421927,12.191313521025709,nan,nan
194.36,222.22390747070312,-188.3676300048828,-31.150598526000977,222.7339456001308,-188.91592503818006,-31.160668060736356,0.7489110311233886,0.3427636594112299,0.0791744040997398,3.552892544022637e-05,25.391840664219128,36.79577533318995,nan,0.48789486597885223,nan
194.37,222.21876525878906,-188.3590087890625,-31.151874542236328,222.72895602159792,-188.907560727136,-31.16209646738067,0.7492051327729533,0.3428120652919264,0.07919547655545901,3.6239817168639555e-05,25.365544947505192,35.92640597753363,nan,nan,nan
194.38,222.21371459960938,-188.35040283203125,-31.15312385559082,222.7240436490419,-188.89919696145657,-31.163500147496823,0.749478753948448,0.34286055647765556,0.07921661443669241,3.696505658380053e-05,25.33829307844952,36.30943390348744,nan,nan,nan
194.39000000000001,222.208740234375,-188.341796875,-31.154348373413086,222.7192197842544,-188.89083391860268,-31.164879804038144,0.7497612667536574,0.34290913311291754,0.07923781788794017,3.77047881859093e-05,25.309923540290992,36.721771253401315,nan,nan,nan
194.4,222.20387268066406,-188.3331756591797,-31.155548095703125,222.7277495682554,-188.88738866908702,-31.167331677543658,0.7627174486688537,0.34284582522648505,0.07922800354040296,3.685992170040737e-05,25.99353239552383,36.82731727503545,2.061256279313105,0.6249714347944106,nan
194.41,222.1990966796875,-188.32456970214844,-31.15672492980957,222.72313703126542,-188.87903188558855,-31.168676764889376,0.7630134004779083,0.3428941973178652,0.0792492001911129,3.759677396245118e-05,25.96968732640981,37.46373510474992,nan,nan,nan
194.42000000000002,222.1944122314453,-188.3159637451172,-31.157878875732422,222.71862984120247,-188.87066656900984,-31.16798998828819,0.7632834072683025,0.342942654600625,0.0792704624279873,3.678101715302091e-05,24.893538382498757,36.43645330786141,nan,2.575585635711004,nan
194.43,222.1898193359375,-188.30735778808594,-31.159008026123047,222.71420514809577,-188.8623102841636,-31.16927009738288,0.7635823878287622,0.34299119731033273,0.07929179045594921,3.751604666597823e-05,24.86480838586477,36.480755350303326,nan,nan,nan
194.44,222.18531799316406,-188.29873657226562,-31.16011619567871,222.70987912367127,-188.8539486256809,-31.169189776823742,0.7638763864470601,0.3430398255045975,0.07931318436147768,3.6705053446883294e-05,24.246727104343027,35.21612586613292,nan,1.1484148932157618,nan
194.45000000000002,222.180908203125,-188.29013061523438,-31.16120147705078,222.73363903642846,-188.8574204452749,-31.170357209472126,0.7920940302690772,0.34297645146947003,0.07930332503803068,3.741459056268531e-05,24.156480180055894,36.36518618193131,7.132838508006899,nan,nan
194.46,222.1765899658203,-188.28152465820312,-31.162263870239258,222.7295351261048,-188.8490785867828,-31.170937178641047,0.7924273079638886,0.34302487485951344,0.07932471141893468,3.66092286686901e-05,23.91534331430328,36.0320771647327,nan,0.24926055963825847,nan
194.47,222.17234802246094,-188.27291870117188,-31.163307189941406,222.72551498286575,-188.8407391161824,-31.172112639957664,0.7927743977552497,0.3430733835995061,0.07934616377360645,3.734001785182415e-05,23.880968800800645,36.289805929211056,nan,nan,nan
194.48000000000002,222.16819763183594,-188.26431274414062,-31.164329528808594,222.72157460545543,-188.83240394465386,-31.174419528158012,0.7931301880017623,0.3431219777627343,0.0793676821977941,3.6539111527262845e-05,24.535225265183524,36.72067843343469,nan,0.8574680382874467,nan
194.49,222.1641387939453,-188.2556915283203,-31.16533088684082,222.71772311587316,-188.82406421722698,-31.17556659170934,0.7934783454092849,0.3431706575613259,0.07938926688264612,3.72684011029762e-05,24.507280797555318,35.838931749766246,nan,nan,nan
194.5,222.16014099121094,-188.24708557128906,-31.16631317138672,222.70568771087338,-188.81536670465377,-31.175103941841332,0.7878083190205025,0.34310721691033647,0.079379358833256,3.644927980107133e-05,24.256738513253353,36.27479875041508,1.5388193067549218,1.6126026809039977,nan
194.51,222.15623474121094,-188.2384796142578,-31.167274475097656,222.70198152032225,-188.8070336185287,-31.176197304804322,0.7881451767109892,0.34315569163377996,0.07940093524729243,3.717625603520884e-05,24.22334220671421,35.895919398965574,nan,nan,nan
194.52,222.15240478515625,-188.22987365722656,-31.168216705322266,222.69834437978977,-188.7987082312988,-31.179531147494423,0.7885117819349505,0.34320425171725066,0.07942257791876126,3.6384800560295345e-05,25.5452106567608,37.290017096591725,nan,3.3278831093383574,nan
194.53,222.14865112304688,-188.2212677001953,-31.16914176940918,222.69479385572103,-188.79037453556063,-31.18061078957401,0.7888510714551021,0.34325289735996733,0.07944428703095277,3.711047939798081e-05,25.516434380187516,37.2443261919631,nan,nan,nan
194.54,222.1449737548828,-188.212646484375,-31.170045852661133,222.69133049202637,-188.7820309001998,-31.178791174472504,0.7891646075818936,0.34330162865454816,0.07946606269130889,3.63230266666756e-05,24.02479599539782,35.19021503048221,nan,5.436004731084915,nan
194.55,222.14137268066406,-188.20404052734375,-31.170934677124023,222.67228497136773,-188.77068190678858,-31.179716799830473,0.7765484138149977,0.3432381210591533,0.07945610225134915,3.702428626128087e-05,24.527166154695117,35.389755281844494,3.7095338996608738,nan,nan
194.56,222.13783264160156,-188.1954345703125,-31.171804428100586,222.66892920298704,-188.76235018845048,-31.180272605591284,0.7768710225219297,0.3432866470116577,0.07947786888176642,3.624166455314327e-05,24.368016298527,35.62296953179175,nan,0.12846382788570093,nan
194.57,222.13436889648438,-188.1868133544922,-31.172657012939453,222.66564304812874,-188.75401957475967,-31.18124959831512,0.7772058627152791,0.343335258447469,0.07949970213001742,3.6964111426767e-05,24.33448013468018,34.86295993432687,nan,nan,nan
194.58,222.1309814453125,-188.17820739746094,-31.173492431640625,222.66243481899414,-188.74568137693333,-31.17990162010424,0.7775027224856512,0.3433839554697386,0.07952160211015341,3.618520498671866e-05,23.418370720380562,34.31468632687644,nan,3.516598749109953,nan
194.59,222.1275177001953,-188.16958618164062,-31.17441749572754,222.65922269176377,-188.73734972122617,-31.1808766619956,0.7778864671469728,0.3434327382619196,0.07954356899562691,3.69066189893541e-05,23.35698975445053,34.22159638762495,nan,nan,nan
194.6,222.12400817871094,-188.16098022460938,-31.175430297851562,222.64368612367167,-188.7236034660284,-31.18307370067108,0.7659428829032434,0.34336916328250483,0.07953355241433617,3.610922667020002e-05,23.842296475094273,34.60883697340897,1.4737539625842755,0.7666483421925093,nan
194.61,222.1204376220703,-188.15235900878906,-31.176530838012695,222.64033484437624,-188.71526280029883,-31.18423916894309,0.7662983874596275,0.34341774045783385,0.07955550949069654,3.682878957601688e-05,23.78201630966283,34.07833027734497,nan,nan,nan
194.62,222.11680603027344,-188.1437530517578,-31.177717208862305,222.63692451121796,-188.70692233436188,-31.185728717406143,0.7666466326528527,0.34346640315261906,0.07957753347877879,3.605784318067168e-05,23.890814572916156,34.89986644679669,nan,0.03706053607737137,nan
194.63,222.1131134033203,-188.1351318359375,-31.178991317749023,222.6334571255374,-188.69858079058451,-31.18707132415287,0.7670056063987005,0.34351515154183304,0.0795996245465347,3.677653803817405e-05,23.83004668284772,34.352955317230716,nan,nan,nan
194.64000000000001,222.109375,-188.12652587890625,-31.180347442626953,222.62993246183993,-188.6902390992636,-31.188541699290436,0.7673459530910147,0.343563985741344,0.07962178281621599,3.600888825346883e-05,23.8623091626409,34.70726253277564,nan,0.0011599000547939243,nan
194.65,222.10557556152344,-188.11790466308594,-31.181787490844727,222.60069016321034,-188.67172160830353,-31.190198034800776,0.7429148099636765,0.3435003430184935,0.0796117063961397,3.670399257320484e-05,24.08413948768675,33.90630987084964,6.776163881824903,nan,nan
194.66,222.10171508789062,-188.1092987060547,-31.183311462402344,222.59701219097832,-188.66336490379445,-31.19101687749185,0.7432146024040132,0.3435489713282349,0.07963385406404562,3.5940442553033816e-05,23.75141344028243,34.30943211558317,nan,0.4093980584011047,nan
194.67000000000002,222.09780883789062,-188.10067749023438,-31.18491554260254,222.59327698874355,-188.65501015176977,-31.19269325609828,0.74352799609817,0.34359768525685025,0.07965606898293016,3.665672313913644e-05,23.69486681226897,33.458453855130536,nan,nan,nan
194.68,222.09384155273438,-188.09205627441406,-31.186599731445312,222.58949401215511,-188.64664938271054,-31.19191365994269,0.7438233084112423,0.3436464849269446,0.0796783512795738,3.589620796978995e-05,22.776188481526795,32.76637206103199,nan,4.319795127132526,nan
194.69,222.08981323242188,-188.0834503173828,-31.188365936279297,222.5856505712323,-188.63829461043377,-31.19372836184001,0.7441341355546817,0.34369537050339516,0.0797007011151757,3.6611832771133796e-05,22.71754822551489,33.48455570171436,nan,nan,nan
194.70000000000002,222.0857391357422,-188.0748291015625,-31.190208435058594,222.5409700763126,-188.57972250467697,-31.19502102592276,0.6798350673449738,0.33898105054052574,0.07485673458909194,3.5832197320841414e-05,26.28917426844687,36.72684299718199,1.9412136856149962,0.355333111561591,0.5799682117241564
194.71,222.0816192626953,-188.06622314453125,-31.192129135131836,222.53705790223256,-188.5713207490797,-31.196990631448912,0.6801261490712972,0.3390326963259936,0.07487062064788425,3.654633480514596e-05,26.21606931449947,37.09574565811551,nan,nan,nan
194.72,222.07745361328125,-188.05760192871094,-31.194128036499023,222.5330940587336,-188.5629190799031,-31.199042054489652,0.6804247103051234,0.33908442550265316,0.0748845650482785,3.5792443143023753e-05,26.1737387873055,36.30910971244347,nan,8.016750501352107e-06,nan
194.73000000000002,222.07322692871094,-188.0489959716797,-31.19620132446289,222.5290788955566,-188.55451722490602,-31.201167499494122,0.6807183088730837,0.3391362408987754,0.07489857159403575,3.6506057092184956e-05,26.10116817935582,37.19827767600446,nan,nan,nan
194.74,222.06893920898438,-188.04037475585938,-31.19835090637207,222.52499985460307,-188.54610000927167,-31.202921175440956,0.6810067780723102,0.33918814001517283,0.07491263684201703,3.575482121702906e-05,25.938185111570437,36.75357801851415,nan,0.1358606722260838,nan
194.75,222.0646209716797,-188.03175354003906,-31.200529098510742,222.51041325409534,-188.53490107667974,-31.205119480833748,0.6722419760018078,0.3391218280990132,0.07490288559471836,3.644547234961462e-05,26.21385024454213,36.074957916121285,1.31864817997792,nan,nan
194.76,222.06024169921875,-188.0231475830078,-31.202699661254883,222.50617657843978,-188.52643896313222,-31.205506037510315,0.6724343875510028,0.3391735076029138,0.07491697563938632,3.569768108616915e-05,25.78350630842752,36.5909400645037,nan,2.383500022560887,nan
194.77,222.05581665039062,-188.0145263671875,-31.204845428466797,222.5019460002258,-188.51804055411435,-31.207733422537142,0.6727304614261944,0.339225273182159,0.07493112792729717,3.640953159664084e-05,25.72205743184581,35.8692137667431,nan,nan,nan
194.78,222.0513458251953,-188.00592041015625,-31.20695686340332,222.4976771533871,-188.5096540719029,-31.21028209412681,0.6730306929564859,0.3392771224945891,0.074945339302799,3.566416284159739e-05,25.730913530710858,36.4325513140082,nan,0.08310970688260214,nan
194.79,222.0468292236328,-187.99729919433594,-31.209030151367188,222.49335037336726,-188.50125639003937,-31.21244994430112,0.6733243551551941,0.33932905813183295,0.07495961314239048,3.6375656401787725e-05,25.673137425068905,35.76330805690027,nan,nan,nan
194.8,222.04226684570312,-187.9886932373047,-31.2110652923584,222.49224361747474,-188.4869434743654,-31.214691367256712,0.6713758576864631,0.3392626364712938,0.0749499531757619,3.5611102457529685e-05,24.492298422572933,35.98364678594014,9.189937063547102,0.0005367215886963772,nan
194.81,222.0376434326172,-187.98008728027344,-31.213062286376953,222.4878268252301,-188.47851265790447,-31.216786509132145,0.6716448569640298,0.3393143521251546,0.07496425132662318,3.6321406630437465e-05,24.4310828040763,36.33932443470168,nan,nan,nan
194.82,222.03298950195312,-187.97146606445312,-31.21501922607422,222.4833527607642,-188.47006938140464,-31.21843918188652,0.6718958465861721,0.3393661515229502,0.07497860893963387,3.5581437368836816e-05,24.307829336217353,35.17356679718817,nan,0.11153732080254719,nan
194.83,222.02828979492188,-187.96286010742188,-31.216936111450195,222.47884461819774,-188.46163943254197,-31.22045403020215,0.6721553687182386,0.3394180371026903,0.0749930291213959,3.6291488017013e-05,24.247763683387515,35.78854876477423,nan,nan,nan
194.84,222.02354431152344,-187.95425415039062,-31.21881675720215,222.47431687654142,-188.45323860871653,-31.223351639285266,0.6724596346095432,0.33947000675358596,0.07500750911756868,3.555360582775741e-05,24.41298898818609,35.94040989890165,nan,0.5791925262414106,nan
194.85,222.0187530517578,-187.9456329345703,-31.220657348632812,222.46873672307808,-188.43986525289614,-31.225205687728646,0.6684097368539156,0.33940347799545606,0.07499793958097588,3.6241157161941346e-05,23.668600747423227,35.09093796042367,3.6234812585733227,nan,nan
194.86,222.013916015625,-187.93702697753906,-31.222463607788086,222.46403166158174,-188.43134583288517,-31.22487831430531,0.6685514612154452,0.33945522736831,0.07501244351616329,3.550614456805118e-05,23.18926212705119,35.259398698715025,nan,3.4375826127017555,nan
194.87,222.009033203125,-187.9284210205078,-31.224233627319336,222.45934381872854,-188.42289499026776,-31.226732348902726,0.668797727945421,0.33950706278124443,0.07502701012829274,3.621493741583887e-05,23.124763687780373,35.28058840657633,nan,nan,nan
194.88,222.0041046142578,-187.9197998046875,-31.225967407226562,222.4545396970459,-188.41436248388,-31.22579861982836,0.6689424758120648,0.3395589822725366,0.07504163691507466,3.548180808832432e-05,22.882878839664134,34.5156134999295,nan,5.204974235981188,nan
194.89000000000001,221.9991455078125,-187.91119384765625,-31.2276668548584,222.44976649882028,-188.40591239219657,-31.227556807017354,0.66918288080274,0.339610988055686,0.07505632660810262,3.619047493243851e-05,22.81077207613739,34.7483641239742,nan,nan,nan
194.9,221.994140625,-187.902587890625,-31.229333877563477,222.4415399596483,-188.39124489405054,-31.232425993442142,0.6625416159164568,0.3395443502950257,0.07504684070964218,3.543779380403836e-05,22.322741561685014,34.81860687156535,3.9781808530240808,6.511227553435046,nan
194.91,221.9890899658203,-187.89398193359375,-31.230966567993164,222.43667644739406,-188.3827707554926,-31.234150117978373,0.6627656492994672,0.33959613543257916,0.07506155381540773,3.614549437557233e-05,22.260950720251877,34.915830157088415,nan,nan,nan
194.92000000000002,221.9840087890625,-187.8853759765625,-31.232566833496094,222.43174667035834,-188.37426895803483,-31.234852370014785,0.662941008957335,0.3396480046527415,0.07507632744519031,3.5416711820009614e-05,22.05661355792293,34.411180811920545,nan,0.6753939311038625,nan
194.93,221.9788818359375,-187.87677001953125,-31.234134674072266,222.4268020338495,-188.36579590148844,-31.236503460286993,0.6631624447069222,0.3396999600253805,0.07509116409639832,3.612436574359133e-05,21.992912995207597,34.518285113100816,nan,nan,nan
194.94,221.9737091064453,-187.8681640625,-31.235671997070312,222.42182953388547,-188.35733663219602,-31.23859958921889,0.6634080880031162,0.3397519998050039,0.07510606161533552,3.539717466941934e-05,22.008061538517808,34.69099757398258,nan,0.15616271727663752,nan
194.95000000000002,221.968505859375,-187.85955810546875,-31.2371768951416,222.40580064912044,-188.34297526677767,-31.240098470029064,0.6518645722742602,0.33968525531822324,0.0750966577519035,3.6082661973716394e-05,21.817973930759173,34.18249645645298,1.8393853280958337,nan,nan
194.96,221.9632568359375,-187.8509521484375,-31.2386531829834,222.4006835602337,-188.3344527686502,-31.2402358713071,0.6520103479063023,0.3397370741562308,0.07511157825253971,3.535784438335972e-05,21.581154624838522,34.12036302289783,nan,1.4074757977311565,nan
194.97,221.95797729492188,-187.84234619140625,-31.240100860595703,222.3955634210052,-188.32596941579965,-31.241757141508575,0.6522083901482211,0.33978897900902055,0.0751265618932807,3.606462415799588e-05,21.516022234660063,33.81947281838195,nan,nan,nan
194.98000000000002,221.95265197753906,-187.833740234375,-31.241518020629883,222.3904445498701,-188.31752949186534,-31.244869734141854,0.6524765252748546,0.33984096826852983,0.07514160673688525,3.534122343241073e-05,21.687237147796434,34.244461629520536,nan,1.8157023746063146,nan
194.99,221.94729614257812,-187.82513427734375,-31.242908477783203,222.3852484647244,-188.30904721228222,-31.246351196844678,0.6526758900010242,0.3398930437977425,0.07515671495839367,3.604805131117763e-05,21.628326644600516,33.945275631324904,nan,nan,nan
195.0,221.94189453125,-187.81654357910156,-31.24427032470703,222.40253506443693,-188.31606579354403,-31.24813921195496,0.6795050491532658,0.33982619104165507,0.07514738680183518,3.5304747943414586e-05,22.51578522210772,35.4750919802401,11.080008105824637,0.11221956884527659,nan
195.01,221.93646240234375,-187.8079376220703,-31.24560546875,222.39730358922174,-188.307625769095,-31.249569874790765,0.6797636062009671,0.33987804526600945,0.07516251743920925,3.601077615128543e-05,22.459860264211837,34.547710671651906,nan,nan,nan
195.02,221.93099975585938,-187.79933166503906,-31.246912002563477,222.39200721038534,-188.29915577239902,-31.249752687515734,0.6799706471000702,0.3399299838933545,0.07517770960391904,3.5290819462699604e-05,22.18434702870684,34.14615030569719,nan,1.0369378346547582,nan
195.03,221.925537109375,-187.79074096679688,-31.24819564819336,222.3867281570067,-188.2907173038356,-31.25112017408412,0.6802073748982573,0.3399820086560038,0.0751929652719792,3.5996955170954754e-05,22.12431056993293,35.059295972053,nan,nan,nan
195.04,221.92015075683594,-187.78213500976562,-31.24945068359375,222.3814838946582,-188.28227717900435,-31.252371789984824,0.6804255920865308,0.34003411814254053,0.07520828280270664,3.5278166137206406e-05,22.064639261791804,33.94421031526504,nan,0.0057640446786474155,nan
195.05,221.9148406982422,-187.77352905273438,-31.250682830810547,222.43978956176736,-188.29434410625427,-31.253633702124368,0.7394784222212364,0.33996715905249725,0.07519902809792575,3.596236533183048e-05,20.99295952207692,35.092386179111216,35.64979258757061,nan,nan
195.06,221.9096221923828,-187.7649383544922,-31.251890182495117,222.43479843417046,-188.28590087991483,-31.254337597089602,0.739741865566048,0.34001904693625556,0.07521436755642145,3.5245529422771396e-05,20.854873942439813,35.69174108480568,nan,0.24115210752575472,nan
195.07,221.9044952392578,-187.75633239746094,-31.25307273864746,222.42991628907694,-188.2774722199861,-31.255600866279163,0.7400407999859947,0.34007102082302443,0.07522977064693366,3.595107363564778e-05,20.798947558873248,35.20047130055002,nan,nan,nan
195.08,221.89947509765625,-187.74774169921875,-31.25423240661621,222.42510534054682,-188.269015359861,-31.255612305817852,0.7402805452275275,0.3401230794248553,0.07524523591081994,3.5235258718296905e-05,20.610047758867253,35.373975220435035,nan,1.0517351543284224,nan
195.09,221.89456176757812,-187.7391357421875,-31.255367279052734,222.42042022335758,-188.26058746027047,-31.25681799939067,0.7405681024699459,0.3401752242882701,0.07526076505272976,3.594097827545597e-05,20.552245243051072,34.42318622916068,nan,nan,nan
195.1,221.88973999023438,-187.7305450439453,-31.256481170654297,222.38479314117757,-188.24121310881105,-31.258635115651405,0.7112412630124562,0.3401081576509116,0.07525157786086706,3.5204938164597045e-05,20.96527638645271,34.653366253873635,8.176784733085903,0.2975860289001392,nan
195.11,221.885009765625,-187.72195434570312,-31.257572174072266,222.38025135643102,-188.23277739052395,-31.25980377770663,0.711483939691455,0.3401600805532624,0.07526712832617756,3.5909978469215256e-05,20.90767746794755,34.76857468908257,nan,nan,nan
195.12,221.88037109375,-187.71334838867188,-31.258642196655273,222.3758081457008,-188.22434575879666,-31.261128579937697,0.7117459988099504,0.34021208815811055,0.07528274126534185,3.5196847735962774e-05,20.8822816799171,34.14428350100055,nan,0.021876217543964693,nan
195.13,221.87582397460938,-187.7047576904297,-31.25969123840332,222.3714543445517,-188.21591043461396,-31.262257619145014,0.7119924001043715,0.34026418189599417,0.0752984182174074,3.5902106591894785e-05,20.8256833320501,34.78751540455507,nan,nan,nan
195.14000000000001,221.87136840820312,-187.69615173339844,-31.260719299316406,222.36720545231233,-188.20748913840416,-31.264016257119355,0.7122718483835327,0.34031636065345683,0.07531415797072523,3.5189787895684904e-05,20.88903773114342,34.178470827786235,nan,0.29459735611847193,nan
195.15,221.86700439453125,-187.68756103515625,-31.2617244720459,222.34252491600395,-188.192617698723,-31.26503739068183,0.6936951601278107,0.3402491880981869,0.07530503548227505,3.587326167206372e-05,21.217815064461664,34.45067382499105,3.9801479179056285,nan,nan
195.16,221.86273193359375,-187.678955078125,-31.262712478637695,222.3383822728794,-188.18415529560224,-31.264912722960283,0.6938842454449219,0.3403011445945134,0.07532079601585771,3.5162546503576815e-05,20.988403305226658,33.36915127678195,nan,1.0070478847599886,nan
195.17000000000002,221.85853576660156,-187.6703643798828,-31.26367950439453,222.33435006043774,-188.17571764129448,-31.265957154229124,0.6941083119564293,0.34035318709763157,0.07533662069996949,3.586741471314841e-05,20.931579939858683,34.3211869037033,nan,nan,nan
195.18,221.85443115234375,-187.66175842285156,-31.26462745666504,222.3304302854364,-188.16730843731418,-31.268396521432475,0.6943847619852536,0.3404053146024119,0.07535250847279795,3.5157390942186375e-05,21.129930078663595,33.627178312431596,nan,1.397647113783835,nan
195.19,221.85040283203125,-187.65316772460938,-31.26555633544922,222.32656518444182,-188.15887025365726,-31.269418497300638,0.6946081989386215,0.3404575283764417,0.0753684606498352,3.5862523957105645e-05,21.07832219328559,34.46161575351474,nan,nan,nan
195.20000000000002,221.84646606445312,-187.64456176757812,-31.26646614074707,222.3306519153863,-188.14885994474554,-31.26948721655271,0.6991149523771423,0.34039024898341397,0.07535939724474851,3.5131988361874134e-05,20.21626973723429,33.2588373062109,3.411191932827165,0.7523628955255469,nan
195.21,221.84259033203125,-187.63597106933594,-31.267358779907227,222.32695947608806,-188.14040362995968,-31.27046566050691,0.6993392085667833,0.34044224014333935,0.07537536955996199,3.5836525655724115e-05,20.161618683521997,34.45679121854178,nan,nan,nan
195.22,221.83880615234375,-187.6273651123047,-31.268234252929688,222.32333327214403,-188.1319353276629,-31.270821888716043,0.6995458011506712,0.34049431628319116,0.07539140524172386,3.512855869036218e-05,20.021664816547194,33.179904837720336,nan,0.25674805833766307,nan
195.23000000000002,221.8350830078125,-187.6187744140625,-31.26909065246582,222.3197946852672,-188.12347819318418,-31.27176059629596,0.6997702791064452,0.3405464785699455,0.07540750547073541,3.583339118116061e-05,19.965941104326774,34.335124177550654,nan,nan,nan
195.24,221.83131408691406,-187.61016845703125,-31.270036697387695,222.3162715076489,-188.11502668369826,-31.273058229007074,0.7000533255491886,0.34059872614979997,0.07542366938641201,3.5125943704749985e-05,19.96189574173517,33.334160208560625,nan,0.07271840616465809,nan
195.25,221.82748413085938,-187.6015625,-31.271072387695312,222.31574369507098,-188.10365125506704,-31.273908999705156,0.7003560283002954,0.34053134128051243,0.07541466179282945,3.5809083824054145e-05,19.336880270031497,33.27950459567232,4.13990293932163,nan,nan
195.26,221.8236083984375,-187.5929718017578,-31.272193908691406,222.3121197775352,-188.09518840344504,-31.27574901013992,0.7006265205261007,0.3405833659440208,0.07543084525074266,3.510295477058361e-05,19.405439027452733,33.825185692454376,nan,0.33176423207294387,nan
195.27,221.81967163085938,-187.58436584472656,-31.273401260375977,222.30842859922996,-188.0867129693804,-31.276996043600313,0.7008915253055888,0.3406354766344115,0.07544709340109695,3.5807532791876574e-05,19.341328246186794,33.30496044931967,nan,nan,nan
195.28,221.815673828125,-187.5757598876953,-31.274694442749023,222.30463762492636,-188.07819230350697,-31.275737756331164,0.701088450585206,0.3406876725908195,0.07546340550387956,3.510182620328507e-05,18.946280683600808,33.159285842286714,nan,4.715956254917658,nan
195.29,221.81163024902344,-187.56716918945312,-31.276071548461914,222.3008387945662,-188.06971633329286,-31.277131297705687,0.7013413975247742,0.34073995484046166,0.07547978255974565,3.580672879381396e-05,18.880061895710135,33.60191006824267,nan,nan,nan
195.3,221.8075408935547,-187.55856323242188,-31.27753257751465,222.3249828025459,-188.06422245070206,-31.27794898377869,0.7234898393248971,0.3406724638304752,0.07547082541208013,3.508026339350706e-05,17.65992206196814,32.9239279044821,13.126596270242533,0.22287717754335196,nan
195.31,221.8033905029297,-187.54995727539062,-31.27907371520996,222.3211237009854,-188.05572353691534,-31.279503312356848,0.7237730032402313,0.3407245228162487,0.0754872213310469,3.578462508038369e-05,17.59540073746364,33.266552629359595,nan,nan,nan
195.32,221.7991943359375,-187.54135131835938,-31.280698776245117,222.3171967121518,-188.04720860162595,-31.280165094535473,0.7240292380930967,0.3407766670372113,0.07550368145926932,3.5080467739230204e-05,17.534147778231723,32.974196581686535,nan,0.6685309902413745,nan
195.33,221.79493713378906,-187.53274536132812,-31.28240203857422,222.31323522244273,-188.03870947775988,-31.28187423562007,0.724315452268256,0.3408288974352019,0.07552020669022347,3.5785174517575837e-05,17.469264935108846,33.352286333969374,nan,nan,nan
195.34,221.79063415527344,-187.52415466308594,-31.2841854095459,222.30925879636308,-188.0302443740734,-31.285835883372833,0.7246385567830211,0.3408812133777445,0.07553679644405263,3.508130098310869e-05,17.47317007740508,33.95371672280862,nan,3.3145271090370976,nan
195.35,221.78628540039062,-187.5155487060547,-31.286046981811523,222.31097194117189,-188.02572788077038,-31.287824025852444,0.731834622217417,0.34081361735929294,0.07552788609274153,3.576436569251658e-05,17.640349999392285,33.280970320273155,1.07407261724593,nan,nan
195.36,221.78189086914062,-187.50694274902344,-31.287986755371094,222.30687424264818,-188.0172417407329,-31.290001744374475,0.7321315889782124,0.3408657097337206,0.07554449406330133,3.50615828964303e-05,17.604786240285236,33.14699981976886,nan,0.02959424012242508,nan
195.37,221.77745056152344,-187.4983367919922,-31.290002822875977,222.30272441085853,-188.00875236188315,-31.292054616041327,0.7324212453483444,0.3409178881711827,0.0755611672877163,3.5766121639163866e-05,17.54399592698824,33.01827242969715,nan,nan,nan
195.38,221.77294921875,-187.48974609375,-31.292095184326172,222.29855229929757,-188.00028743988264,-31.295862210559697,0.7327518371718129,0.34097015211722537,0.07557790528082779,3.506354654220883e-05,17.765972690558,34.43430117983341,nan,1.9798625540188806,nan
195.39000000000001,221.76840209960938,-187.48114013671875,-31.294261932373047,222.294306656346,-187.9917980720261,-31.298085117282625,0.7330496207158071,0.34102250239638876,0.0755947087945826,3.576844693278031e-05,17.70711654711842,33.59714383771343,nan,nan,nan
195.4,221.76382446289062,-187.4725341796875,-31.29645538330078,222.27123287031077,-187.97391887197887,-31.300865162096333,0.7133507886964037,0.3409548009226087,0.07558584007174092,3.5044906365833676e-05,17.672489943986662,32.77245964557195,4.149466413043453,0.10815705042757809,nan
195.41,221.75918579101562,-187.46392822265625,-31.298641204833984,222.2668627019149,-187.96541257262004,-31.303156896873556,0.7136124932997134,0.34100692729152793,0.07560266108664151,3.574929897139728e-05,17.625597182209816,33.19356127417591,nan,nan,nan
195.42000000000002,221.75450134277344,-187.45533752441406,-31.30080223083496,222.262433805232,-187.9568943544373,-31.30454107940897,0.7138407519544216,0.341059139129498,0.07561954710787247,3.504787140131841e-05,17.390047919511964,33.66675072515478,nan,0.5597526576208851,nan
195.43,221.74978637695312,-187.4467315673828,-31.302928924560547,222.2579728291105,-187.94838861563042,-31.306779127155142,0.7140924927996632,0.3411114371901523,0.07563649880428992,3.575263881674709e-05,17.344682865828123,32.383117445341206,nan,nan,nan
195.44,221.74501037597656,-187.43812561035156,-31.305015563964844,222.25345732348822,-187.93987414212816,-31.3082887941114,0.7143392762612787,0.3411638210256466,0.07565351581501442,3.505130942068993e-05,17.173995725735555,32.81573597288188,nan,0.338503134698914,nan
195.45000000000002,221.7401885986328,-187.42953491210938,-31.307065963745117,222.23918090668707,-187.93730518681974,-31.310424041801028,0.711923627972119,0.34109601503694326,0.07564468476943763,3.573445572767661e-05,18.390815468454633,33.4471428890534,10.045251239796594,nan,nan
195.46,221.73533630371094,-187.42092895507812,-31.30907440185547,222.2345605405882,-187.92882680087294,-31.31167147012649,0.7121739992532085,0.3411481746562403,0.07566171858695242,3.5034039349769744e-05,18.207728847749678,32.187190853199596,nan,0.5358771911213965,nan
195.47,221.73043823242188,-187.41233825683594,-31.31104278564453,222.229908898167,-187.92035961447957,-31.31374373530626,0.7124352187329211,0.34120042038978676,0.07567881823496857,3.573868811292452e-05,18.15750246164432,32.94439328639493,nan,nan,nan
195.48000000000002,221.72549438476562,-187.4037322998047,-31.31297492980957,222.22522157410464,-187.91189893562947,-31.316286955555967,0.7127212379638248,0.3412527518538445,0.07569598342502747,3.503831189213767e-05,18.206573684525228,32.311062492693445,nan,0.18251998998317281,nan
195.49,221.72052001953125,-187.39512634277344,-31.31486701965332,222.2204854415556,-187.9034325978239,-31.318288772957633,0.7129883453038286,0.34130516970569225,0.07571321471765734,3.574334262827354e-05,18.162064745076634,31.940952294188236,nan,nan,nan
195.5,221.71548461914062,-187.38653564453125,-31.316720962524414,222.20301885969846,-187.89502862324838,-31.31949680544379,0.7044589771057196,0.3412372589367802,0.07570441633079378,3.502183303851555e-05,18.717683378416464,32.99417092565607,3.7156379043061776,0.3360980869533638,nan
195.51,221.71041870117188,-187.3779296875,-31.318538665771484,222.19817916201683,-187.88657816423031,-31.321417430711303,0.7047281939381518,0.34128945223551127,0.07572166367875918,3.572637328289275e-05,18.67097776783065,31.91398029216935,nan,nan,nan
195.52,221.705322265625,-187.3693389892578,-31.32032012939453,222.19329190077704,-187.8781220606937,-31.322765027925954,0.7049684788265207,0.34134173121713,0.07573897678907185,3.502683419545437e-05,18.549899039992248,32.140427621549854,nan,0.20372996645115568,nan
195.53,221.70016479492188,-187.36074829101562,-31.322065353393555,222.18837134948066,-187.86967239955757,-31.324609750881173,0.7052346149530325,0.3413940964812859,0.07575635615963779,3.573176429677096e-05,18.499779542955107,32.75781752308707,nan,nan,nan
195.54,221.69497680664062,-187.35214233398438,-31.323776245117188,222.18341116829743,-187.8612231096097,-31.326420283253388,0.7055057424968594,0.34144654773087546,0.0757738015957556,3.503218076484665e-05,18.460111332473026,31.726736547452063,nan,1.306577118155684e-08,nan
195.55,221.68975830078125,-187.3435516357422,-31.32545280456543,222.16775516396316,-187.85004084628184,-31.328143533441516,0.6964334581470922,0.3413785329652492,0.07576503168166533,3.571549156855839e-05,18.67714069610656,31.928455110956808,1.196799259220735,nan,nan
195.56,221.6844940185547,-187.3349609375,-31.327096939086914,222.16271467739236,-187.84160660621774,-31.331149829734677,0.6967074408187288,0.34143075935444855,0.07578249243323754,3.5016685819941966e-05,18.884290362322503,32.307724301940354,nan,1.125844452683716,nan
195.57,221.67919921875,-187.32635498046875,-31.32870864868164,222.15762084941053,-187.83315995671515,-31.33287341423316,0.6969618970245777,0.3414830719226606,0.07580001960282477,3.5721520117335146e-05,18.844100459542965,31.34174785537316,nan,nan,nan
195.58,221.67385864257812,-187.31776428222656,-31.330286026000977,222.15248664834695,-187.8247118972187,-31.334355318241435,0.6972067207018223,0.34153547042431764,0.0758176130494645,3.502262718464765e-05,18.772642529838254,32.21379690592226,nan,0.031196376019616553,nan
195.59,221.66847229003906,-187.30917358398438,-31.331832885742188,222.14731736469236,-187.81626658558397,-31.3360146009906,0.6974621169163443,0.3415879553816249,0.0758352731906085,3.572785191372274e-05,18.730405002657392,32.374382205548855,nan,nan,nan
195.6,221.66307067871094,-187.3005828857422,-31.333349227905273,222.12073463541535,-187.8013197798776,-31.336853833934864,0.6783848588213951,0.34151983650250095,0.07582652684033568,3.500769333907263e-05,18.915419707029514,31.276730434881507,4.1207967574570405,0.518422032871419,nan
195.61,221.65762329101562,-187.2919921875,-31.334835052490234,222.1154567656786,-187.79287323252032,-31.338446099716407,0.6786061828812741,0.34157209626743723,0.07584420151021554,3.571243383290904e-05,18.872082227814587,31.493881870924355,nan,nan,nan
195.62,221.65213012695312,-187.2834014892578,-31.336292266845703,222.11016314327648,-187.78444396005779,-31.341886213004102,0.6788734004372511,0.34162444191084307,0.07586194266194757,3.501414460909675e-05,19.342749455764498,32.2037639248494,nan,2.4851658258551015,nan
195.63,221.6466064453125,-187.27479553222656,-31.337718963623047,222.10481350801135,-187.77599840312513,-31.343439887611893,0.6791102701883962,0.34167687390911156,0.07587975066729835,3.5719279820978984e-05,19.309818476571046,31.37546496477317,nan,nan,nan
195.64000000000001,221.64105224609375,-187.26620483398438,-31.33911895751953,222.0994285907006,-187.76755335450235,-31.344965923313207,0.6793330547895444,0.3417293922407673,0.07589762555720919,3.6438745701193685e-05,19.27485358008728,31.807576843873868,nan,nan,nan
195.65,221.63546752929688,-187.2576141357422,-31.34048843383789,222.08010419349867,-187.74732141325367,-31.346391017463432,0.6614754880520267,0.3416611699063076,0.07588889840783643,3.7148870412617095e-05,18.570578627026936,31.31098823361668,6.001480004246947,nan,nan
195.66,221.6298370361328,-187.24903869628906,-31.341833114624023,222.07461685938992,-187.7388371903206,-31.346911015161844,0.6616324062544495,0.3417134625702475,0.07590678693238387,3.6365243697914226e-05,18.282811686518674,31.947717244600682,nan,0.5903471057287759,nan
195.67000000000002,221.62417602539062,-187.24044799804688,-31.343149185180664,222.0691051213504,-187.73036134199594,-31.348346235656102,0.661818702020861,0.3417658415015937,0.07592474247690639,3.7096944365340585e-05,18.245108497541054,31.12413191845956,nan,nan,nan
195.68,221.61849975585938,-187.2318572998047,-31.344440460205078,222.0635494233783,-187.72187786469837,-31.348685239913227,0.6619723398543215,0.341818306541421,0.07594276499257073,3.631620621240995e-05,17.957652794269936,30.264808068239606,nan,0.7506449235102671,nan
195.69,221.61279296875,-187.2232666015625,-31.345705032348633,222.05798480557544,-187.71340335771174,-31.350059215536245,0.6621546422216975,0.3418708581269017,0.07596085480749468,3.704666242993381e-05,17.917414473738813,30.914663104656647,nan,nan,nan
195.70000000000002,221.60714721679688,-187.2146759033203,-31.34694480895996,222.0883354976349,-187.70150515238288,-31.351965437440573,0.6845217937136874,0.3417462268178683,0.07478628532061787,3.624581223327137e-05,21.759870534678402,34.81128589759239,11.40783749123596,0.3871768146608,0.286092810367028
195.71,221.60159301757812,-187.2061004638672,-31.348159790039062,222.08293006455685,-187.6930249383364,-31.353294649160198,0.6846949418606194,0.3417981487096615,0.07480034175582473,3.6974168797794476e-05,21.70693167901778,35.15864416289109,nan,nan,nan
195.72,221.59613037109375,-187.197509765625,-31.349349975585938,222.07760932950956,-187.6845277416583,-31.35386167070595,0.6848568111434565,0.34185015528892715,0.07481445756033131,3.6200002583353506e-05,21.488274398632143,34.371032321718786,nan,0.35976514204014026,nan
195.73000000000002,221.59075927734375,-187.1889190673828,-31.35051727294922,222.0723910351225,-187.67604866623864,-31.355137197769416,0.6850443342498658,0.3419022467899436,0.07482863459452624,3.6927261145688096e-05,21.43590241265276,34.59383708925818,nan,nan,nan
195.74,221.5854949951172,-187.1803436279297,-31.351661682128906,222.06727687639105,-187.66757792093844,-31.356724065759394,0.6852274550363137,0.341954423272065,0.07484287133209783,3.61557685553718e-05,21.49690545360817,35.222945507062555,nan,0.07357779125898492,nan
195.75,221.58033752441406,-187.1717529296875,-31.352781295776367,222.09954732771305,-187.67049883946962,-31.357830918319735,0.7199665277316708,0.34188695498644983,0.07483298858216474,3.685866888766058e-05,20.721775273385756,34.946825838944115,13.889786720061785,nan,nan
195.76,221.57528686523438,-187.1631622314453,-31.353879928588867,222.09469284911958,-187.66200209696513,-31.358206536109527,0.7201683879900744,0.3419389093664904,0.07484724912404947,3.609074696068624e-05,20.481511165214048,34.50663858276469,nan,0.46244907329532436,nan
195.77,221.57032775878906,-187.1545867919922,-31.354957580566406,222.0899434899706,-187.6535243836209,-31.359387931172936,0.7203879902094977,0.3419909485947104,0.07486157104825288,3.6815092971306495e-05,20.42620566349027,35.4288014434751,nan,nan,nan
195.78,221.5654754638672,-187.14599609375,-31.35601234436035,222.08528130282374,-187.64498868227588,-31.3579064395665,0.7205520808475531,0.342043072746263,0.07487595300492385,3.6049701128075004e-05,19.92569121433434,34.00750008793486,nan,4.641399139298192,nan
195.79,221.5607147216797,-187.13742065429688,-31.357046127319336,222.08072907429235,-187.63651114066704,-31.35902075444258,0.7207705180295941,0.3420952820310158,0.0748903965914417,3.677314300957771e-05,19.862898363380367,34.82315387358944,nan,nan,nan
195.8,221.55604553222656,-187.1288299560547,-31.358060836791992,222.07197740882665,-187.62692279053329,-31.358294394919763,0.7171347346213373,0.3420277149305287,0.07488060439752148,3.598801584254005e-05,19.84080251189712,33.99600587919458,0.45284054491590997,2.402189789382721,nan
195.81,221.5514678955078,-187.1202392578125,-31.359054565429688,222.06760805821756,-187.61844632216778,-31.359351979228226,0.7173639487669571,0.342079701801818,0.07489507133113672,3.670970960100727e-05,19.77470900067115,34.042844735085275,nan,nan,nan
195.82,221.5469970703125,-187.11166381835938,-31.360027313232422,222.06332850925608,-187.60995795595574,-31.359829239063256,0.7175620123988073,0.34213177353678487,0.0749095986156967,3.595010515477556e-05,19.705270243531555,34.22383137965769,nan,0.2106431478456926,nan
195.83,221.5426025390625,-187.1030731201172,-31.36098289489746,222.0591415335851,-187.6014811458799,-31.360843585869965,0.7177904376725053,0.3421839303324291,0.07492418768949805,3.667102052179046e-05,19.638082200624517,33.84654759315064,nan,nan,nan
195.84,221.53829956054688,-187.094482421875,-31.36191749572754,222.0550383712688,-187.59298042694118,-31.3606670159909,0.7179977877827005,0.3422361722838254,0.07493883743992036,3.591372086430189e-05,19.614812469731323,33.78910868098264,nan,0.921254587235268,nan
195.85,221.53407287597656,-187.08590698242188,-31.36283302307129,222.0321711808738,-187.57425982718146,-31.361576861658985,0.6975614670176253,0.3421685066278722,0.07492913323277296,3.6610972158633485e-05,19.2909786857043,34.385308632733576,4.446383481851593,nan,nan
195.86,221.52993774414062,-187.0773162841797,-31.363731384277344,222.02821365890077,-187.56576446065412,-31.362736391994503,0.6977546118377871,0.34222052586081736,0.07494380592920077,3.585684118477309e-05,19.208915259769718,33.34887897668235,nan,0.030049528537311552,nan
195.87,221.52589416503906,-187.0687255859375,-31.364612579345703,222.02433855323346,-187.5572646755777,-31.363669415073296,0.6979384928400273,0.3422726300821653,0.07495854057720279,3.657546534851544e-05,19.13971961249435,33.011050374061824,nan,nan,nan
195.88,221.52191162109375,-187.06015014648438,-31.365474700927734,222.02054610462295,-187.54877042431508,-31.364909154425277,0.6981306782505948,0.3423248193973648,0.07497333620694159,3.582349317780096e-05,19.05511847943729,34.37526936363687,nan,0.07057671191330506,nan
195.89000000000001,221.51788330078125,-187.0515594482422,-31.36642837524414,222.01676613390316,-187.5402694023499,-31.365865059162232,0.6983708311153335,0.34237709398737376,0.07498819404376054,3.6541503001681635e-05,18.984452464509744,33.31816682364753,nan,nan,nan
195.9,221.51380920410156,-187.04296875,-31.367467880249023,222.00024078218289,-187.53020892290314,-31.367371458157766,0.6884901419356634,0.34230932993306784,0.0749785726254317,3.57697401785685e-05,19.497940223048293,33.013707399019424,2.961850411689748,0.1452714732617954,nan
195.91,221.50967407226562,-187.0343780517578,-31.368595123291016,221.99633513211575,-187.5217181515708,-31.368509956731945,0.6887229975204309,0.3423613814953976,0.07499345290972681,3.648629203314013e-05,19.428206909499103,33.23621828408048,nan,nan,nan
195.92000000000002,221.5054931640625,-187.02578735351562,-31.369808197021484,221.99238160876467,-187.5132511361979,-31.371082128662632,0.6889723651303069,0.3424135180881046,0.07500839447112344,3.5739336598929276e-05,19.40427432839445,33.1114936269956,nan,1.2259806914786826,nan
195.93,221.5012664794922,-187.01719665527344,-31.37110710144043,221.9883726534376,-187.5047595089635,-31.37240826947404,0.6891963827766348,0.34246573988391293,0.07502339840745441,3.645538003075058e-05,19.336659484402794,32.91711113492734,nan,nan,nan
195.94,221.49697875976562,-187.00860595703125,-31.372488021850586,221.98431422219036,-187.49627391918094,-31.374185961673174,0.6894336641357184,0.34251804700103394,0.07503846393916715,3.571035949360131e-05,19.301816883423022,33.32399272875455,nan,0.09080988435676447,nan
195.95000000000002,221.49264526367188,-187.00003051757812,-31.37395477294922,221.99575258257292,-187.49144625759257,-31.375686155339015,0.7032847229612785,0.34245018478484973,0.07502892226056473,3.640329079249178e-05,18.83891393567226,34.04003711683287,2.756357231415426,nan,nan
195.96,221.48826599121094,-186.99143981933594,-31.37550163269043,221.99162172494263,-187.48296606623148,-31.378272397305462,0.7035429789318818,0.3425022685693511,0.07504400978181494,3.5661046093974655e-05,18.903337289114198,33.385125871431164,nan,0.6832899260682144,nan
195.97,221.4838409423828,-186.98284912109375,-31.37713050842285,221.9874393051561,-187.47446884882098,-31.379948617225555,0.7037820752305026,0.34255443748521686,0.0750591598479504,3.637531828618661e-05,18.838272591754787,33.23158852848399,nan,nan,nan
195.98000000000002,221.47935485839844,-186.97425842285156,-31.37883949279785,221.98320670988795,-187.46595898948055,-31.380937166991206,0.7040174257145241,0.3426066916570972,0.07507437179274547,3.563486699539666e-05,18.674768316857772,33.51576677024734,nan,0.40288097734045647,nan
195.99,221.47482299804688,-186.96566772460938,-31.38062858581543,221.97892834290926,-187.45746145181124,-31.382768341679323,0.7042640466395265,0.3426590312477511,0.07508964654490131,3.634876626111003e-05,18.60888788105231,33.42740313486994,nan,nan,nan
196.0,221.4702606201172,-186.9570770263672,-31.38249397277832,221.96414848286187,-187.45207930395205,-31.382959826935114,0.6992515232738553,0.3425910710519814,0.0750801796097906,3.5588398455283436e-05,19.51144289604727,32.853129910823235,7.884852994906933,2.0381274428384657,nan
196.01,221.46563720703125,-186.948486328125,-31.38443946838379,221.9597604074672,-187.44361071092118,-31.384933393017718,0.6995042069994335,0.34264318700265833,0.07509547581187413,3.630107928952088e-05,19.445058142697732,33.185803782856986,nan,nan,nan
196.02,221.46096801757812,-186.9398956298828,-31.386459350585938,221.95532636921266,-187.43514216507995,-31.38698408499102,0.6997568047556084,0.3426953881427213,0.07511083416700527,3.556490114621284e-05,19.37928440484521,33.24224508314955,nan,8.381117697154792e-07,nan
196.03,221.45626831054688,-186.93130493164062,-31.3885555267334,221.95084696052706,-187.42667383097918,-31.38911312430447,0.6999990702587878,0.3427476746300091,0.07512625550372845,3.627729641929615e-05,19.3144327552777,32.731427391320096,nan,nan,nan
196.04,221.45150756835938,-186.92271423339844,-31.39072608947754,221.94632457760073,-187.4182201324386,-31.392286373737324,0.7002659516963008,0.34280004659680974,0.07514173930539182,3.5542697961329885e-05,19.307945195204777,33.26905243505048,nan,0.641039816460322,nan
196.05,221.4467010498047,-186.91412353515625,-31.392925262451172,221.96216688748586,-187.41228212414748,-31.39438006237665,0.716846654484008,0.34273198864521254,0.07513234367036974,3.623241087004086e-05,18.412815951076006,33.3890540873148,8.395534616228428,nan,nan
196.06,221.44186401367188,-186.90553283691406,-31.39511489868164,221.95758485417053,-187.4037795395798,-31.395318593934977,0.7170898155277907,0.34278413666747154,0.07514784840962184,3.5500218143858455e-05,18.289795246630597,32.85798279349861,nan,1.2224409211067415,nan
196.07,221.43698120117188,-186.89694213867188,-31.397279739379883,221.95296195391867,-187.39529639645642,-31.397562636566583,0.7173515062282594,0.3428363699651629,0.07516341630597254,3.62112675595829e-05,18.225154832744423,32.85381218576002,nan,nan,nan
196.08,221.4320526123047,-186.8883514404297,-31.3994083404541,221.94829700674626,-187.38681882955981,-31.4001665646605,0.7176200859246467,0.3428886886742445,0.07517904693081524,3.54805223129103e-05,18.173523920504522,32.988414952312795,nan,0.10383798781864775,nan
196.09,221.4270782470703,-186.87977600097656,-31.401500701904297,221.94358914034135,-187.37833606161863,-31.40235055566611,0.7178762840395789,0.3429410929468702,0.07519474098120581,3.619139535775892e-05,18.109690888313754,33.704656838628864,nan,nan,nan
196.1,221.4220733642578,-186.87118530273438,-31.403553009033203,221.92912116786093,-187.36022081610605,-31.404288158319435,0.7044528010604499,0.342872937438539,0.07518541179586254,3.544056512004654e-05,17.37006667903971,32.363075252110264,5.80159388342387,0.06815128591144312,nan
196.11,221.41702270507812,-186.8625946044922,-31.40556526184082,221.92431357546604,-187.35170737045328,-31.4063950613725,0.7046814979636611,0.3429251174609306,0.0752011262034503,3.6150413067205594e-05,17.308664443869866,32.46741793433582,nan,nan,nan
196.12,221.41192626953125,-186.85400390625,-31.40753746032715,221.91946715925127,-187.34321270735393,-31.409911496007297,0.7049316575815995,0.3429773828254478,0.07521690359502368,3.54232476399534e-05,17.383503570122418,32.72360580560531,nan,1.4448492063526013,nan
196.13,221.4067840576172,-186.8454132080078,-31.40947151184082,221.9145784900152,-187.3346998426441,-31.41195593832219,0.7051686101799202,0.3430297336816137,0.07523274459073637,3.613298979852659e-05,17.329999125214645,32.799571881776195,nan,nan,nan
196.14000000000001,221.401611328125,-186.8368377685547,-31.411367416381836,221.9096506053147,-187.32619483211613,-31.41456683536235,0.7053966820922345,0.34308217016947895,0.07524864887691528,3.5407074209987264e-05,17.38192327848726,33.26401257362164,nan,0.2517226516221707,nan
196.15,221.3964080810547,-186.8282470703125,-31.413225173950195,221.9208703162658,-187.32890649030057,-31.41663227412048,0.7250738578358664,0.34301391732268854,0.07523938237863473,3.609446099059282e-05,17.923839222584373,32.652000666106915,5.7745345245712025,nan,nan
196.16,221.3911590576172,-186.8196563720703,-31.41504669189453,221.91589083702092,-187.32042668888738,-31.41877998756643,0.7253470121382266,0.34306612925639873,0.07525530645771024,3.5370612623575684e-05,17.933008941474768,32.83536284690933,nan,0.02947354313911532,nan
196.17000000000002,221.3858642578125,-186.8110809326172,-31.41683006286621,221.9108726264143,-187.31194491611762,-31.42068763228976,0.7256124295460323,0.3431184266094558,0.07527129432001477,3.6079348960160455e-05,17.886089711530467,33.79397423344743,nan,nan,nan
196.18,221.3805389404297,-186.802490234375,-31.4185791015625,221.905815397126,-187.30345124631106,-31.42146815507198,0.725868884902502,0.3431708095237065,0.07528734571863394,3.535663057620046e-05,17.64704428422046,32.51557523663073,nan,0.8251036404911916,nan
196.19,221.37518310546875,-186.79391479492188,-31.4202938079834,221.90072145368848,-187.2949706262499,-31.423295927422004,0.7261243104857817,0.34322327814588827,0.07530346117395308,3.6065346833352424e-05,17.596948612690934,32.90452949558006,nan,nan,nan
196.20000000000002,221.36978149414062,-186.7853240966797,-31.421974182128906,221.89627635784052,-187.28430983698829,-31.42520750565925,0.7253923523960963,0.3431549281707612,0.07529425261226129,3.532235394612724e-05,17.30440937427849,32.42072895432435,0.7151626840081345,0.009654297917308926,nan
196.21,221.3643341064453,-186.7767333984375,-31.423620223999023,221.89110965296499,-187.27581991954116,-31.426970070310897,0.7256659379003335,0.34320717193461914,0.07531038723969462,3.603019749648802e-05,17.257389766537322,32.68747127380409,nan,nan,nan
196.22,221.35887145996094,-186.76815795898438,-31.425233840942383,221.88590657552007,-187.26732541983446,-31.42820872570208,0.7259084080951836,0.3432595011881669,0.07532658564201464,3.531043051879127e-05,17.13359681001993,32.55088694269928,nan,0.16771323308449104,nan
196.23000000000002,221.35336303710938,-186.75958251953125,-31.426815032958984,221.88066813078186,-187.2588365836068,-31.429902851178813,0.7261644558433471,0.3433119160770219,0.07534284828209037,3.601830982388221e-05,17.0844493786398,32.830479566276324,nan,nan,nan
196.24,221.34780883789062,-186.75099182128906,-31.428363800048828,221.87539478849286,-187.2503564813201,-31.43239641515101,0.7264490766360236,0.34336441674478063,0.07535917499903891,3.529949486319119e-05,17.218788016338966,32.62459178805166,nan,0.4782459519906969,nan
196.25,221.3422393798828,-186.74241638183594,-31.42988395690918,221.87453730758554,-187.24088730877392,-31.434060812789777,0.7292679856980416,0.34329596985904487,0.07535002035714918,3.5985261083481733e-05,16.861168683404827,32.61503291993725,0.9959466077035374,nan,nan
196.26,221.3366241455078,-186.73382568359375,-31.431371688842773,221.86920091157856,-187.23238791794898,-31.435514202048704,0.7295337371906246,0.34334824536542063,0.07536636563235177,3.526821154514071e-05,16.80216767052305,32.26761177165162,nan,0.017574592472097132,nan
196.27,221.3309783935547,-186.72525024414062,-31.432830810546875,221.8638305294472,-187.2238905435757,-31.4370957769981,0.7297888303370605,0.3434006064339535,0.07538277532614847,3.597535021872914e-05,16.759091865904054,32.74181744207593,nan,nan,nan
196.28,221.32530212402344,-186.7166748046875,-31.434261322021484,221.85842626929568,-187.21538581382956,-31.437776797747528,0.7300317688164839,0.34345305320883507,0.07539924932685096,3.525914689878698e-05,16.542328784116794,32.362018663023576,nan,0.5288710526978712,nan
196.29,221.319580078125,-186.70809936523438,-31.43566131591797,221.85298898476822,-187.2068897790912,-31.439293240441238,0.7302945498341862,0.34350558583475793,0.07541578802375414,3.5966386651623866e-05,16.49658836953759,32.77779107672728,nan,nan,nan
196.3,221.3138427734375,-186.6995086669922,-31.437036514282227,221.84204799468367,-187.18837951258573,-31.438694773871674,0.719720924558902,0.34343704225577476,0.07540668261465193,3.522971444406664e-05,15.28246157901497,30.751112878042477,7.443395914858793,2.8942517483762007,nan
196.31,221.3080596923828,-186.69093322753906,-31.43838119506836,221.83653522197838,-187.17984802613057,-31.440136136496886,0.7199494048073856,0.34348934941758147,0.07542323920913573,3.593619855338363e-05,15.228670947524952,31.970863472779598,nan,nan,nan
196.32,221.30224609375,-186.68235778808594,-31.439701080322266,221.83099042470653,-187.1713340732604,-31.443559329529876,0.720196682211622,0.3435417422122913,0.0754398603340003,3.5222391071477016e-05,15.504564106373978,32.09320016113718,nan,2.81026966318233,nan
196.33,221.29640197753906,-186.6737823486328,-31.440994262695312,221.82541380364017,-187.16280391316783,-31.444969002157006,0.7204244591134467,0.3435942207844102,0.07545654633684894,3.592901947382218e-05,15.461023215798058,31.977808840515593,nan,nan,nan
196.34,221.29052734375,-186.6652069091797,-31.4422607421875,221.81980588616156,-187.15427102512126,-31.445906988143307,0.7206474728107978,0.34364678527842873,0.07547329716841131,3.521590170045246e-05,15.338597009540047,31.816119455587142,nan,0.13916895106882293,nan
196.35,221.28463745117188,-186.65663146972656,-31.44350242614746,221.8215893523475,-187.15839077056842,-31.447236618753774,0.7349106641979334,0.343578145226585,0.07546423677675225,3.59005910116533e-05,16.418910160254143,31.45790148609731,11.100516618327575,nan,nan
196.36,221.2787628173828,-186.64805603027344,-31.444719314575195,221.81596964874046,-187.14990509541283,-31.448166828004574,0.7351568194524613,0.34363048395446777,0.07548100484482044,3.518897577020009e-05,16.31028078667051,32.25040475921497,nan,0.11237411771435729,nan
196.37,221.2729949951172,-186.6394805908203,-31.445911407470703,221.81041090811166,-187.1414230942979,-31.449470640049995,0.735373924254579,0.34368290838551624,0.07549783797179604,3.589506479495748e-05,16.270043764855636,31.259811102040864,nan,nan,nan
196.38,221.26730346679688,-186.6309051513672,-31.447080612182617,221.80494044368223,-187.13292612065655,-31.448610228437026,0.7355820227864032,0.3437354186641066,0.07551473614342535,3.518404816854066e-05,15.92790924096238,31.524201711496517,nan,3.2025915921533383,nan
196.39000000000001,221.26171875,-186.62232971191406,-31.448226928710938,221.799569536382,-187.12444520530627,-31.44984722286234,0.7358030052054492,0.34378801493492084,0.0755316996548994,3.589032956988136e-05,15.879413388494514,31.34803682286554,nan,nan,nan
196.4,221.25624084472656,-186.61375427246094,-31.449350357055664,221.80144880347802,-187.11617366328437,-31.451780447436192,0.7414060074618923,0.3437192786324933,0.07552267962927751,3.515865639912169e-05,15.624009195585263,31.43995001626186,1.7494949562441278,0.5005052385635863,nan
196.41,221.25086975097656,-186.60519409179688,-31.450450897216797,221.79630136991432,-187.10768625960344,-31.45297996083804,0.7416201357883981,0.3437716488358291,0.07553965967731177,3.586426949913631e-05,15.578055732938926,32.11779101033747,nan,nan,nan
196.42000000000002,221.24562072753906,-186.59661865234375,-31.451528549194336,221.79125960904892,-187.09920753058944,-31.455422860241914,0.7418440100251031,0.3438241048115365,0.07555670498002759,3.5155168701080305e-05,15.777532410299994,31.055003434510024,nan,1.1187606811177258,nan
196.43,221.24044799804688,-186.58804321289062,-31.452585220336914,221.78632333194003,-187.09072086133514,-31.45659338547501,0.7420786776255215,0.34387664670463003,0.07557381580354737,3.5861006864965994e-05,15.739412547962802,31.936053044984114,nan,nan,nan
196.44,221.2353973388672,-186.5794677734375,-31.453622817993164,221.78148977186814,-187.08224082696347,-31.458772633112215,0.7423100493247323,0.34392927465897594,0.07559099217718206,3.515237001189846e-05,15.992290253718586,31.430368505301708,nan,0.7407357571535867,nan
196.45000000000002,221.23043823242188,-186.57089233398438,-31.45463752746582,221.7403249372126,-187.06745701663382,-31.459721552402726,0.7117491012194131,0.3438604423309456,0.07558200815066962,3.583638926150092e-05,17.007139246507954,31.07463719097395,17.699507905237937,nan,nan
196.46,221.2255859375,-186.5623321533203,-31.45563316345215,221.73563516717573,-187.0589754883865,-31.458747365464053,0.7119090652693191,0.3439128439169787,0.07559920035484761,3.5129030929342165e-05,16.507188214486824,30.993742766129085,nan,3.066394088340126,nan
196.47,221.2208251953125,-186.5537567138672,-31.456607818603516,221.73104194638353,-187.05050597795181,-31.459825083970077,0.7121034441979146,0.34396533134489077,0.07561645825936578,3.583447772062508e-05,16.466802404881843,30.455765401208637,nan,nan,nan
196.48000000000002,221.21615600585938,-186.54518127441406,-31.457563400268555,221.72654383339767,-187.0420425654073,-31.462033309372714,0.7123109272460396,0.3440179047580723,0.0756337819173834,3.5127506788336236e-05,16.693511249944308,30.79962773233614,nan,0.9254130937273183,nan
196.49,221.2115936279297,-186.53660583496094,-31.4585018157959,221.72214047079584,-187.03357243317654,-31.463085769721,0.7124990464107104,0.34407056430227695,0.07565117155929506,3.583321251492233e-05,16.65867350291668,30.296985533308398,nan,nan,nan
196.5,221.2071075439453,-186.5280303955078,-31.45941925048828,221.74337485116934,-187.03244645751562,-31.462427786161136,0.7362249925774471,0.344001636174567,0.07564221889595392,3.510541191916265e-05,15.902574621568165,30.893533886174975,5.909055187148538,1.870248693180794,nan
196.51,221.2027130126953,-186.5194549560547,-31.46031951904297,221.73919529780125,-187.02397637222666,-31.46342764071249,0.7364541818938668,0.3440540690504952,0.07565962362993318,3.581051230448057e-05,15.861593722626468,30.762542128869416,nan,nan,nan
196.52,221.19827270507812,-186.51087951660156,-31.461307525634766,221.7350377621822,-187.015497098166,-31.46263517175419,0.7367207020276489,0.34410658783495246,0.07567709431545304,3.510505151573299e-05,15.586107987483691,30.469736813066397,nan,2.346907095903498,nan
196.53,221.19378662109375,-186.5023193359375,-31.462383270263672,221.73083052496065,-187.00702627040891,-31.46374236579603,0.7369851365697961,0.34415919267425665,0.07569463116364927,3.581043496777808e-05,15.530094710727813,31.07644501324624,nan,nan,nan
196.54,221.1892547607422,-186.49374389648438,-31.463546752929688,221.72657637288683,-186.998551380925,-31.46409161277967,0.7372553208334505,0.3442118837109246,0.0757122342565792,3.510524808603814e-05,15.431577195148321,30.2023622808245,nan,0.5022865253564938,nan
196.55,221.18466186523438,-186.48516845703125,-31.46479606628418,221.73311078011588,-186.99683844300026,-31.4653247830455,0.7500684410889699,0.34414286001414224,0.07570330847712976,3.578889147381786e-05,15.649045606836813,30.943376164165937,1.7972736185092546,nan,nan
196.56,221.18003845214844,-186.47659301757812,-31.466127395629883,221.72878086471712,-186.98838008660508,-31.466079649114132,0.7503627400495235,0.34419532408300485,0.07572092591335929,3.50847963077189e-05,15.586545353151493,30.46647720404103,nan,0.2568862971564914,nan
196.57,221.1753692626953,-186.468017578125,-31.467544555664062,221.72440435792828,-186.97992409622537,-31.467518154484445,0.750658257643346,0.3442478741298329,0.07573860968914424,3.578989316964638e-05,15.53193199289246,30.35632194279283,nan,nan,nan
196.58,221.17063903808594,-186.4594268798828,-31.469043731689453,221.7199831689874,-186.97146547260698,-31.4684092603146,0.7509746314948005,0.3443005102965397,0.07575635990183563,3.508600916887164e-05,15.48995290051443,30.2502716467946,nan,0.2803009251348592,nan
196.59,221.16587829589844,-186.4508514404297,-31.470624923706055,221.7155167263299,-186.96300926303363,-31.470009062450025,0.7512712018616516,0.3443532327303826,0.07577417673963385,3.579141155921437e-05,15.434797778568475,30.413946777133763,nan,nan,nan
196.6,221.16107177734375,-186.44227600097656,-31.472288131713867,221.68748431204975,-186.9529909283356,-31.47189069948409,0.7334439662818911,0.3442841136935548,0.07576527321018804,3.506654404255097e-05,16.36231109045992,30.101985391473313,9.03549416872367,0.02650651169239647,nan
196.61,221.15621948242188,-186.43370056152344,-31.474029541015625,221.68289144429502,-186.94455504624295,-31.473656061146716,0.7337273331889484,0.3443366088610231,0.07578310361514473,3.577138456560765e-05,16.307858076940114,30.214215055358025,nan,nan,nan
196.62,221.1513214111328,-186.4251251220703,-31.475849151611328,221.6782559882741,-186.93611622231444,-31.474618987139284,0.734011898010098,0.3443891900701658,0.07580100064432753,3.506867524648827e-05,16.29333873614724,30.330224708896,nan,0.5483547668798763,nan
196.63,221.14637756347656,-186.4165496826172,-31.47774887084961,221.67357677786214,-186.92768058035935,-31.476535843915464,0.7342991745261739,0.3444418574688481,0.0758189644740741,3.57738386617652e-05,16.237600922448966,30.338732856572136,nan,nan,nan
196.64000000000001,221.1414031982422,-186.40797424316406,-31.47972297668457,221.6688550037961,-186.91924647616736,-31.479002849130367,0.7345782613213858,0.3444946111980379,0.07583699521956284,3.507124678392862e-05,16.158286590207002,30.034500951387965,nan,0.15633229852228542,nan
196.65,221.13638305664062,-186.39939880371094,-31.481775283813477,221.66893578351093,-186.91926546939683,-31.480958647359667,0.7442274006535025,0.3444253970578145,0.07582810938092711,3.575471817548633e-05,16.87417466607879,30.331125221140915,4.921138348748769,nan,nan
196.66,221.13131713867188,-186.3908233642578,-31.483901977539062,221.66414045958604,-186.91085879027946,-31.48294151372339,0.7445390910612121,0.34447792322250764,0.07584615290415979,3.5053065590850505e-05,16.82921709186124,30.50213016748459,nan,0.020106939299442156,nan
196.67000000000002,221.126220703125,-186.3822479248047,-31.486103057861328,221.65930434667195,-186.90245278151693,-31.485167410141415,0.7448437013232674,0.34453053549841883,0.07586426340111176,3.5758013052031195e-05,16.775441846277307,30.146169323032193,nan,nan,nan
196.68,221.12107849121094,-186.37367248535156,-31.48832893371582,221.6544288920998,-186.89404555546338,-31.486828886655196,0.7451530261409919,0.3445832340259333,0.07588244099591603,3.5056427822129995e-05,16.763125471343844,30.30777883976173,nan,0.2659348466146214,nan
196.69,221.1158905029297,-186.36509704589844,-31.49054527282715,221.6495129340353,-186.88564011417077,-31.489107022000994,0.7454663328889353,0.3446360189538263,0.0759006858514649,3.5761711732914716e-05,16.704650381197766,30.433362854088575,nan,nan,nan
196.70000000000002,221.1106719970703,-186.3565216064453,-31.492734909057617,221.64720076475527,-186.85652645641855,-31.491671149349273,0.7333955959337459,0.3404326648966975,0.07582844779066884,3.503887733255778e-05,19.092791061252186,33.03365321243423,14.703080815403219,0.037593414726949125,0.10470184972680727
196.71,221.1054229736328,-186.3479461669922,-31.494888305664062,221.64218620980807,-186.84804953275128,-31.493905774987113,0.7336341823548291,0.3404812690161073,0.07584577484593212,3.574362446500462e-05,19.018917267972807,32.78265665071578,nan,nan,nan
196.72,221.10012817382812,-186.33938598632812,-31.49700355529785,221.6371284097782,-186.83957414909472,-31.49632960022139,0.7338650460389147,0.3405299567225614,0.07586316238004687,3.5042950024364855e-05,18.93389658093676,33.59659732694706,nan,0.035625013384500984,nan
196.73000000000002,221.09478759765625,-186.330810546875,-31.49907875061035,221.63203764987693,-186.83109828167406,-31.498492538168506,0.7341156447362563,0.3405787295565775,0.07588061059912042,3.574804593020724e-05,18.861559569600058,33.08315879920123,nan,nan,nan
196.74,221.08941650390625,-186.32223510742188,-31.501115798950195,221.62690075311892,-186.8226247612872,-31.5010136172207,0.7343562720425678,0.3406275862840672,0.07589811958919059,3.504736280955824e-05,18.78398296092782,32.70643505695027,nan,0.11110199493054121,nan
196.75,221.08399963378906,-186.31365966796875,-31.503110885620117,221.62121712405335,-186.8142708436861,-31.503190255596774,0.7343120504244486,0.34056530742331365,0.07588903738358416,3.573079276589111e-05,18.79726106243474,33.01905861863024,0.37211763363259953,nan,nan
196.76,221.0785675048828,-186.30508422851562,-31.50506591796875,221.61599238393956,-186.80580221711648,-31.50625794116101,0.7345375590512249,0.34061395880147805,0.07590655400512691,3.503092715620412e-05,18.77084312393751,32.364240970076146,nan,0.727853044778925,nan
196.77,221.0730743408203,-186.29652404785156,-31.506982803344727,221.61075342793455,-186.79732984943553,-31.508281520296347,0.7347835996304509,0.34066269521003245,0.07592413154400499,3.573585185953614e-05,18.707266958060274,33.73241212289789,nan,nan,nan
196.78,221.06756591796875,-186.28794860839844,-31.508861541748047,221.60544958597694,-186.78886327299202,-31.511633934098946,0.7350115833605568,0.3407115154899466,0.07594177009815832,3.503593873952648e-05,18.812919978290097,32.50627250200429,nan,1.3153644454549644,nan
196.79,221.06201171875,-186.2793731689453,-31.51070213317871,221.6001395227758,-186.78039174284393,-31.51359677196275,0.7352615342792876,0.3407604210716235,0.07595946985598782,3.5741219026944255e-05,18.76107377704334,32.79307127411194,nan,nan,nan
196.8,221.05642700195312,-186.2707977294922,-31.51250648498535,221.61304050623707,-186.78198526051233,-31.51444740287774,0.7557347763494717,0.3406980567319494,0.07595040729014309,3.502007966872937e-05,18.89337021094185,32.83410208829375,3.91254546879975,0.7377884119363488,nan
196.81,221.05081176757812,-186.26223754882812,-31.5142765045166,221.60769019249187,-186.77353571135637,-31.516327610411594,0.7560050252310315,0.3407467566839666,0.07596811421146228,3.572484350129504e-05,18.83597560636092,33.25170858587197,nan,nan,nan
196.82,221.04515075683594,-186.253662109375,-31.516008377075195,221.60229298119822,-186.76508867633797,-31.518803065007518,0.7562885704831955,0.3407955404844341,0.07598588238783532,3.502561904965644e-05,18.875265406383626,33.122183176811525,nan,0.2797613927133573,nan
196.83,221.0394744873047,-186.24510192871094,-31.51770782470703,221.59687524229633,-186.75663973543809,-31.520620880639147,0.7565547007793574,0.34084440948844963,0.07600371199799792,3.573074676859103e-05,18.823077849542162,33.0549998528178,nan,nan,nan
196.84,221.03375244140625,-186.2365264892578,-31.519372940063477,221.5914378611006,-186.74818911742034,-31.521739798872353,0.7568469293182429,0.34089336264765285,0.07602160315428537,3.503141464749075e-05,18.680424418551706,32.65342427802409,nan,0.3123663984411115,nan
196.85,221.0279998779297,-186.22796630859375,-31.52100372314453,221.5777997240392,-186.73726017781416,-31.52347563463006,0.7494439447710196,0.3408309139516848,0.07601255678219018,3.5714887006242196e-05,18.808222959903816,33.08395476924222,0.7348660844612933,nan,nan
196.86,221.022216796875,-186.21939086914062,-31.52260398864746,221.572216320525,-186.72882012564702,-31.52782234158789,0.749696521672134,0.34087966123828045,0.0760304546167253,3.5016277695319144e-05,19.350678311339234,32.8139011126426,nan,4.89147053803117,nan
196.87,221.01638793945312,-186.21083068847656,-31.524171829223633,221.56665360174725,-186.72037257122747,-31.529530724005724,0.7499692974586472,0.3409284936296787,0.07604841411234611,3.572125920373071e-05,19.31016916816409,33.86488098573397,nan,nan,nan
196.88,221.0105438232422,-186.20225524902344,-31.525707244873047,221.56105412467167,-186.71192626752946,-31.531464308055213,0.7502394836726696,0.3409774101521289,0.07606643538911335,3.502251314295202e-05,19.389168011158926,32.79193751017407,nan,0.046125578399222475,nan
196.89000000000001,221.00466918945312,-186.19369506835938,-31.527212142944336,221.55542849786863,-186.70347963993743,-31.533114759029193,0.7505004770831206,0.341026412050814,0.07608451861426384,3.5727860442714236e-05,19.352770485738315,33.37559104864811,nan,nan,nan
196.9,220.99876403808594,-186.18511962890625,-31.528688430786133,221.54380862255505,-186.69786620655813,-31.53483798185039,0.7483451536096926,0.340963877712688,0.07607548487569199,3.500779896112369e-05,20.178598260573406,32.6492025153056,4.553349948749274,0.02446547573928253,nan
196.91,220.99281311035156,-186.1765594482422,-31.530134201049805,221.53810742457492,-186.6894402766007,-31.536430348219717,0.748620247315827,0.34101267345428626,0.07609357426790454,3.571263845644297e-05,20.143502894292276,33.709650236806205,nan,nan,nan
196.92000000000002,220.98684692382812,-186.16799926757812,-31.531551361083984,221.53235243690227,-186.68101806655002,-31.539228937830664,0.7488814980205876,0.34106155330134813,0.07611172567201437,3.5014415902751326e-05,20.653278800049335,33.71544702127457,nan,1.0754453482919215,nan
196.93,220.98085021972656,-186.15943908691406,-31.532939910888672,221.52659120458588,-186.67259363865762,-31.540777512050713,0.7491476787138337,0.3411105184258881,0.07612993924921711,3.571962674585218e-05,20.626141567330556,33.68162395262957,nan,nan,nan
196.94,220.97482299804688,-186.15087890625,-31.534299850463867,221.52081634026132,-186.6641679198068,-31.541445609071875,0.7494167085451836,0.3411595679620817,0.07614821512857949,3.502122070882583e-05,20.30124378568141,33.38746814546599,nan,0.513679338487044,nan
196.95000000000002,220.96876525878906,-186.14230346679688,-31.535634994506836,221.50551624819886,-186.64034885299682,-31.542654448385246,0.7322568566290122,0.3410969489120783,0.07613919046846258,3.5704776916108164e-05,18.688274123190055,32.0702031207084,21.48531606541056,nan,nan
196.96,220.96267700195312,-186.1337432861328,-31.536941528320312,221.49968434502415,-186.63186880476886,-31.542753400444752,0.7324887007225575,0.34114579204272555,0.07615747198516575,3.500702185482707e-05,18.209076802455538,32.366008652459904,nan,1.2986575914735392,nan
196.97,220.95655822753906,-186.12518310546875,-31.538223266601562,221.49379916012325,-186.6233922076104,-31.544169727878895,0.7327178785197221,0.3411947203521457,0.0761758158966604,3.571209767438801e-05,18.170432699802173,32.30665248071859,nan,nan,nan
196.98000000000002,220.95042419433594,-186.1166229248047,-31.539480209350586,221.48791974593988,-186.61491279860303,-31.54368885295408,0.7329474599212222,0.3412437330455557,0.07619422233661757,3.5014138268655254e-05,17.623273313360162,31.309426712819086,nan,2.472990190188502,nan
196.99,220.94424438476562,-186.10806274414062,-31.54071044921875,221.4819788228452,-186.6064375348294,-31.5450371755164,0.7331810679847846,0.34129283118998743,0.07621269145937476,3.571958392838095e-05,17.577879177172097,31.84926993457821,nan,nan,nan
197.0,220.93812561035156,-186.09950256347656,-31.541915893554688,221.4728039917072,-186.59478244435886,-31.546245229744937,0.7288359726630584,0.3412301263149121,0.07620367224820988,3.500023925059921e-05,17.334520153433193,31.27979005265672,0.5617165308862129,0.015646857737928347,nan
197.01,220.9320831298828,-186.0909423828125,-31.54309844970703,221.4669330349085,-186.58629904697435,-31.5475457488272,0.7290146940254333,0.3412790177660962,0.07622214645485358,3.570518004043797e-05,17.293329214804796,31.378488566021485,nan,nan,nan
197.02,220.9261474609375,-186.08238220214844,-31.54425811767578,221.46116690422238,-186.5778150880939,-31.548091890474712,0.7291873881129506,0.3413279935716919,0.07624068341218648,3.5007620377402524e-05,17.100697465198824,30.969645113397945,nan,0.37773718797016315,nan
197.03,220.92031860351562,-186.07383728027344,-31.545392990112305,221.45549262953048,-186.5693325386498,-31.54934008167512,0.7293437932321203,0.3413770547303328,0.07625928327116818,3.5712934710265866e-05,17.056961190596212,31.73916524995483,nan,nan,nan
197.04,220.9145965576172,-186.06527709960938,-31.546504974365234,221.44992235263632,-186.56085078123564,-31.550901243468793,0.7295110060276764,0.34142620054841183,0.07627794617051262,3.501513515103288e-05,17.11455764102251,31.203966402647513,nan,0.07907660301187411,nan
197.05,220.9089813232422,-186.0567169189453,-31.547595977783203,221.4398290500187,-186.54692602728497,-31.552205611780952,0.72258254037067,0.34136341059585457,0.0762689287620699,3.569878976369611e-05,16.703404474096963,31.23193410255653,2.1233680683936162,nan,nan
197.06,220.9034881591797,-186.04815673828125,-31.54866600036621,221.43449177584196,-186.53842607107788,-31.5527679835472,0.7227348655318112,0.34141234946637383,0.07628759617255275,3.5001588287579836e-05,16.53129268003554,30.680180856266173,nan,0.2774151952034698,nan
197.07,220.89810180664062,-186.0395965576172,-31.549713134765625,221.4292538202348,-186.52992688523778,-31.55393040433632,0.7228859364327866,0.3414613735924097,0.07630632670036797,3.570676947769167e-05,16.49106890890148,30.760847196115684,nan,nan,nan
197.08,220.892822265625,-186.0310516357422,-31.550739288330078,221.4241368004444,-186.52142682720128,-31.55427981274138,0.7230321560082871,0.34151048234565795,0.07632512048658291,3.500931399472157e-05,16.291685713870727,31.304903096511133,nan,0.4437064183731941,nan
197.09,220.88763427734375,-186.02249145507812,-31.551746368408203,221.4191127728812,-186.5129274704561,-31.555394467059838,0.7231944309951133,0.34155967662801473,0.07634397767864794,3.5714864990120184e-05,16.248208932922815,30.89266577802743,nan,nan,nan
197.1,220.882568359375,-186.01393127441406,-31.552732467651367,221.43163974429845,-186.51992119695376,-31.555446339565627,0.7466676319181464,0.34149680064748206,0.07633495837753124,3.499597139372373e-05,17.042967504584368,30.49179096685627,10.979204933683501,0.6658863409588411,nan
197.11,220.87759399414062,-186.00537109375,-31.553699493408203,221.42684556495777,-186.51146576467863,-31.556511666953664,0.7468714831264583,0.34154578769204635,0.07635381948603596,3.5701016745388566e-05,16.997505441412844,30.72806630752907,nan,nan,nan
197.12,220.8727264404297,-185.99681091308594,-31.55464744567871,221.42213439592612,-186.50301097245767,-31.558652781075633,0.747063346967553,0.34159485932939454,0.07637274406706428,3.5003871181526946e-05,17.178296719049715,30.685438084916193,nan,0.8454327200529339,nan
197.13,220.86795043945312,-185.98826599121094,-31.55557632446289,221.41753839086047,-186.49455493406606,-31.559692264831632,0.747256549623086,0.34164401639952985,0.07639173226656787,3.5709288882157555e-05,17.13626656585988,31.531406585271935,nan,nan,nan
197.14000000000001,220.86326599121094,-185.97970581054688,-31.556486129760742,221.41304971441565,-186.486097925365,-31.559977109529605,0.747467258942184,0.3416932583659108,0.07641078422785805,3.501186283059024e-05,16.953574745961227,30.80596446538783,nan,0.3830409772059453,nan
197.15,220.85853576660156,-185.9711456298828,-31.557483673095703,221.3898619106578,-186.46891191038745,-31.560855224373466,0.7280728732229397,0.34163029693742486,0.07640175931231225,3.5695612858417995e-05,16.82344267564441,30.39942048960804,4.564320848026405,nan,nan
197.16,220.853759765625,-185.96258544921875,-31.558570861816406,221.38530226745166,-186.46044024710773,-31.562578056772498,0.7282945068038331,0.3416793314057246,0.07642081457571602,3.499874728563714e-05,16.903808285423292,30.47393913455998,nan,0.2434406431714561,nan
197.17000000000002,220.8489532470703,-185.9540252685547,-31.559743881225586,221.38070695158106,-186.45196796439936,-31.56380761140034,0.7285090558866761,0.3417284512111726,0.07643993366693697,3.5704027914463014e-05,16.84844949845271,30.07379332707615,nan,nan,nan
197.18,220.84408569335938,-185.94546508789062,-31.56100082397461,221.3760677940504,-186.44349537101297,-31.565124029265558,0.7287359735764709,0.3417776561801116,0.07645911673022011,3.64236256322575e-05,16.792849928396187,30.609457411962264,nan,nan,nan
197.19,220.8391876220703,-185.93690490722656,-31.56234359741211,221.37138532506242,-186.43502256526864,-31.566526372858622,0.7289534223349488,0.3418269464570417,0.07647836391006567,3.71576849392206e-05,16.737974868677966,30.165417997266292,nan,nan,nan
197.20000000000002,220.83424377441406,-185.9283447265625,-31.563770294189453,221.34265195188715,-186.40772285762475,-31.565777211229644,0.6987748529950437,0.3417638987542147,0.0764693296240248,3.635151585600474e-05,15.34821368444779,29.500962502919272,13.932686108891696,3.3989870324370273,nan
197.21,220.82925415039062,-185.91978454589844,-31.565279006958008,221.33784995946485,-186.39919985045307,-31.567326794942854,0.6989369962197648,0.3418129812407671,0.07648857947114537,3.708330654882092e-05,15.290963153334081,29.58361475092365,nan,nan,nan
197.22,220.82423400878906,-185.91122436523438,-31.56686782836914,221.332999420225,-186.390676721459,-31.569449522693255,0.6990875988804999,0.3418621485247479,0.07650789349656668,3.6303716641913504e-05,15.302715527763043,29.371134867227443,nan,0.15747576168495855,nan
197.23000000000002,220.8191680908203,-185.9026641845703,-31.568538665771484,221.32811461915472,-186.38215334581207,-31.571168933713988,0.6992448374935766,0.3419114013486013,0.07652727184479571,3.703424255018581e-05,15.247132852247427,29.425359012523774,nan,nan,nan
197.24,220.81405639648438,-185.89410400390625,-31.570289611816406,221.32319481882263,-186.37362989906018,-31.57256619294772,0.6994084643796555,0.34196073927332166,0.07654671466032369,3.625735098368448e-05,15.144416997101308,29.489238421581483,nan,0.10684347200298039,nan
197.25,220.80889892578125,-185.8855438232422,-31.572118759155273,221.34455764422964,-186.3814265303718,-31.57460121851016,0.7299562209368609,0.34189760577497647,0.07653766722027246,3.6963157110176124e-05,15.713324407024682,30.14915518710567,10.394222671028054,nan,nan
197.26,220.8037109375,-185.87698364257812,-31.574026107788086,221.33963171959496,-186.3729400811197,-31.573689464965074,0.7301944856957749,0.34194673564479544,0.07655711204862106,3.618989005574818e-05,15.49185588538846,29.651781842573165,nan,5.43529850087446,nan
197.27,220.79849243164062,-185.86842346191406,-31.57600975036621,221.3346283042606,-186.364453124239,-31.57569815215348,0.7304020789329781,0.3419959509576566,0.0765766214025232,3.691717556288536e-05,15.434104402412466,29.391620115679533,nan,nan,nan
197.28,220.79322814941406,-185.85986328125,-31.57806968688965,221.3296031531385,-186.35596665170198,-31.576471487579816,0.7306293540744357,0.3420452513316978,0.07659619542629828,3.614648852742996e-05,15.44475694739968,29.620427987441055,nan,1.139471482605772,nan
197.29,220.7879180908203,-185.85130310058594,-31.5802059173584,221.32452261891433,-186.3474799884289,-31.578621016878547,0.7308477512519613,0.34209463742436724,0.07661583426470692,3.687271468935726e-05,15.384681262803111,29.771119855506157,nan,nan,nan
197.3,220.78257751464844,-185.84274291992188,-31.582414627075195,221.33051881586997,-186.351492473477,-31.581949834195623,0.7477071578227066,0.3420314174205972,0.0766067698605606,3.608219064402919e-05,16.201189390628446,29.80749022986857,7.660066098279118,0.8573450777023759,nan
197.31,220.77720642089844,-185.8341827392578,-31.58464813232422,221.32537685564836,-186.34304417196253,-31.584235700136112,0.7479511704172448,0.3420805951626844,0.07662641003798261,3.680651307272616e-05,16.14395073238959,29.51754628056008,nan,nan,nan
197.32,220.77178955078125,-185.82562255859375,-31.586872100830078,221.3202006166253,-186.33459637988938,-31.58631898275519,0.7482040856905847,0.34212985792340844,0.0766461150841855,3.604175947182676e-05,16.091716605766635,29.7044842892083,nan,0.029414670276732467,nan
197.33,220.76634216308594,-185.8170623779297,-31.589067459106445,221.31498527010984,-186.32614891047515,-31.588592791704396,0.7484507878365518,0.3421792063082205,0.0766658851444321,3.67651568377768e-05,16.033796331336365,29.523631023109512,nan,nan,nan
197.34,220.76084899902344,-185.80850219726562,-31.591228485107422,221.30973053186898,-186.3177016432451,-31.59111928743462,0.7487022270628081,0.34222864001266273,0.07668572036229887,3.600278778596833e-05,15.972173307528005,29.731133761413535,nan,0.053311510889885796,nan
197.35,220.7553253173828,-185.79994201660156,-31.59334945678711,221.28329974070212,-186.29119630835808,-31.593425008597354,0.7211711146161014,0.34216533383605807,0.07667663516094937,3.670223063606004e-05,14.921792506546074,29.183562843637933,13.200914522255173,nan,nan
197.36,220.74977111816406,-185.7913818359375,-31.59543228149414,221.277961082189,-186.2827015959499,-31.59449284085347,0.721374124310001,0.3422145589190918,0.0766964710246839,3.594313062590101e-05,14.890791221214696,28.934529025933333,nan,0.8189284654197154,nan
197.37,220.74417114257812,-185.78282165527344,-31.59747314453125,221.27257470597286,-186.27420658455088,-31.596616956081863,0.7215748108047502,0.3422638695328742,0.07671637209844388,3.666395273243071e-05,14.830542661941195,29.24096209257931,nan,nan,nan
197.38,220.73855590820312,-185.77426147460938,-31.59947395324707,221.26713810143949,-186.26571098562147,-31.600099125127546,0.721749366276456,0.3423132654200482,0.07673633852506748,3.590710618602525e-05,14.766932786921162,28.60772630632644,nan,1.3087748694186938,nan
197.39000000000001,220.73289489746094,-185.76571655273438,-31.601436614990234,221.2616835638817,-186.2572168697107,-31.6021588021664,0.7219352719442276,0.3423627471159116,0.07675637045091833,3.662718050779497e-05,14.713766495713445,29.547864269310786,nan,nan,nan
197.4,220.72720336914062,-185.7571563720703,-31.60335922241211,221.28164036039598,-186.26472464465414,-31.603268466475107,0.7516820716517467,0.34229935418359125,0.07674726059597348,3.585052551984155e-05,15.24301390885614,29.214267219839886,8.769941977511522,0.5710261834641909,nan
197.41,220.7214813232422,-185.74859619140625,-31.605243682861328,221.2761585099045,-186.2562668869634,-31.605243396058423,0.751928398540162,0.3423486269614032,0.07676729245615534,3.6569009870783934e-05,15.189063236201164,29.073160022838035,nan,nan,nan
197.42000000000002,220.71571350097656,-185.7400360107422,-31.60708999633789,221.2706433030265,-186.24780948798983,-31.60724299688541,0.7521841614980419,0.34239798496372675,0.0767873898608682,3.581739862642906e-05,15.135601002852875,29.44131497511785,nan,0.002546667606707794,nan
197.43,220.70993041992188,-185.7314910888672,-31.60890007019043,221.2650964449443,-186.23935266502258,-31.609145729945087,0.7524179398598624,0.34244742868339983,0.07680755295737587,3.6535250225367894e-05,15.08185220893143,29.515941699736686,nan,nan,nan
197.44,220.7041015625,-185.72293090820312,-31.610673904418945,221.25952040857663,-186.23089647426318,-31.610746366832437,0.752674641615226,0.3424969579263591,0.07682778188717576,3.5785685044803344e-05,15.026885335075454,29.186709797632417,nan,0.047949489952344035,nan
197.45000000000002,220.69825744628906,-185.71437072753906,-31.61241340637207,221.23496392485416,-186.19906256502193,-31.612474519784737,0.7231735788806958,0.34243347845138566,0.07681864350688332,3.648019866331602e-05,13.356878664250733,28.17639854272333,26.7817704747673,nan,nan
197.46,220.69236755371094,-185.70582580566406,-31.614116668701172,221.2293124320618,-186.19053647478074,-31.61305209064117,0.7233639253302562,0.3424827984996485,0.07683887164061365,3.573353431401011e-05,13.33349056500441,29.387462141518583,nan,1.0007295472472084,nan
197.47,220.6864471435547,-185.697265625,-31.615785598754883,221.22361766730228,-186.18200958856238,-31.614800290479813,0.7235536280233994,0.3425322041749102,0.07685916565524509,3.644937706962968e-05,13.275298218079264,28.55886253936438,nan,nan,nan
197.48000000000002,220.68051147460938,-185.68870544433594,-31.61742401123047,221.21789611661157,-186.1734837277287,-31.61615500177582,0.7237360346798072,0.3425816953212084,0.07687952569127941,3.5704624637250157e-05,13.24161193560089,27.95038705915912,nan,0.08835807862188497,nan
197.49,220.67453002929688,-185.68016052246094,-31.619028091430664,221.2121409943679,-186.16495790181668,-31.617835173837296,0.7239167575399651,0.3426312723745608,0.07689995189746861,3.641998364715547e-05,13.181408269672604,29.161840970023945,nan,nan,nan
197.5,220.6685333251953,-185.67160034179688,-31.6205997467041,221.19622012893714,-186.1426577977341,-31.62020913036788,0.7073532655034848,0.3425677058785594,0.07689078109751486,3.5655353430399405e-05,12.168851193444507,27.82196898466189,9.471061682542704,0.3760121233552928,nan
197.51,220.66249084472656,-185.66305541992188,-31.622140884399414,221.19039484328462,-186.1340902554524,-31.621834250285044,0.7075002063613428,0.34261707343951947,0.07691120575965647,3.6369385750061644e-05,12.11348348304015,28.967710905057533,nan,nan,nan
197.52,220.65643310546875,-185.6544952392578,-31.62364959716797,221.1845546140781,-186.12552531415724,-31.621920648458808,0.7076613940149828,0.3426665264168581,0.07693169662780784,3.5629159979323775e-05,12.14351142607318,27.84584113250391,nan,1.5498471402424605,nan
197.53,220.6503448486328,-185.6459503173828,-31.62512969970703,221.17867142979853,-186.11695883749212,-31.6234712738585,0.7077999383710821,0.3427160652125774,0.07695225385176081,3.634280486038174e-05,12.08270321475416,28.513189928132935,nan,nan,nan
197.54,220.64422607421875,-185.6374053955078,-31.62657928466797,221.17275029042656,-186.10839125209998,-31.626059449248174,0.7079306424055979,0.3427656897214868,0.07697287757046309,3.5604284149439004e-05,11.962210761911715,28.501247757730255,nan,0.7756432343254547,nan
197.55,220.63807678222656,-185.62884521484375,-31.628002166748047,221.17911787547192,-186.11679962450495,-31.627551840785156,0.7285774998457,0.3427020363213842,0.07696367045041035,3.6295077273665416e-05,13.10506955187709,27.730915771358198,14.126879086784058,nan,nan
197.56,220.63189697265625,-185.62030029296875,-31.62939453125,221.17316965640512,-186.10828804785828,-31.62844620184133,0.7287723008069794,0.34275145105593885,0.07698429185884127,3.555909623627948e-05,13.072695846841388,28.589265294593144,nan,0.2313166287212174,nan
197.57,220.62570190429688,-185.61175537109375,-31.630760192871094,221.16718918529543,-186.09977610738022,-31.629889363191534,0.7289536836268314,0.3428009515209671,0.07700497980524706,3.62712030578697e-05,13.017015229107754,28.105908204551508,nan,nan,nan
197.58,220.61947631835938,-185.60321044921875,-31.632099151611328,221.16116607275174,-186.09126181627175,-31.633170713553582,0.7291248693748985,0.342850537641501,0.07702573442753592,3.553679683652574e-05,12.977222808484795,28.141935369716382,nan,2.3802219122468355,nan
197.59,220.61322021484375,-185.5946502685547,-31.63340950012207,221.15513231250432,-186.08275077453368,-31.634579804231436,0.729323107504168,0.3429002097744176,0.07704655587705751,3.624863829673142e-05,12.933129563801463,27.54051247647843,nan,nan,nan
197.6,220.60693359375,-185.5861053466797,-31.634695053100586,221.1665021540024,-186.09062948275994,-31.63778430686102,0.7534395271017096,0.34283646907643955,0.07703730851347092,3.5494221053641906e-05,14.055415415398615,28.79925048514014,10.23096329061837,2.3198723177540432,nan
197.61,220.6006317138672,-185.5775604248047,-31.635953903198242,221.1604395791903,-186.08216420923108,-31.639160549811884,0.7536710873567849,0.34288593113615007,0.0770581268696328,3.6204951566498883e-05,14.020478083501878,28.433040298180835,nan,nan,nan
197.62,220.59429931640625,-185.5690155029297,-31.637189865112305,221.1543410457776,-186.07369742878896,-31.641780919264566,0.7539042795372112,0.34293547879151,0.07707901207936664,3.547438697187414e-05,14.280610402246115,28.726345302984292,nan,1.1051777044302338,nan
197.63,220.58795166015625,-185.5604705810547,-31.638399124145508,221.14822715232134,-186.0652334135587,-31.643121858908106,0.7541329116422028,0.34298511237269264,0.07709996429502775,3.618493099772025e-05,14.253534647221075,28.425061764943926,nan,nan,nan
197.64000000000001,220.5816192626953,-185.5519256591797,-31.639585494995117,221.14211582029685,-186.05676992715314,-31.644548947568182,0.7543532076224455,0.34303483184463823,0.07712098365301615,3.5455743690129544e-05,14.283453143454855,28.8762811052602,nan,0.0082443444014607,nan
197.65,220.57537841796875,-185.5433807373047,-31.6407470703125,221.1187410599802,-186.04087752058823,-31.645895550152506,0.7367309664699885,0.34297100389017654,0.07711169212594882,3.614381066921341e-05,14.304056902174924,28.197899493387343,2.7723714215945687,nan,nan
197.66,220.56922912597656,-185.5348358154297,-31.64188575744629,221.11272825231111,-186.03240021964365,-31.649634289849033,0.7369000450682655,0.3430205130021371,0.07713270758995884,3.541682261551921e-05,15.219447982473786,29.3199253553214,nan,4.18619158945801,nan
197.67000000000002,220.5631866455078,-185.5262908935547,-31.643001556396484,221.10683934450483,-186.0239276943689,-31.6509110399472,0.7370639067145964,0.3430701079539061,0.07715379023512138,3.612621060903696e-05,15.20974147436946,29.382108368064088,nan,nan,nan
197.68,220.55726623535156,-185.5177459716797,-31.64409637451172,221.10106319608533,-186.01545564317814,-31.6520880558679,0.7372204002720536,0.3431197887338965,0.07717494019689243,3.540047826767628e-05,15.236613581795787,29.068792650987497,nan,0.004215640327565434,nan
197.69,220.5514678955078,-185.50921630859375,-31.64516830444336,221.09540085203403,-186.00698373782302,-31.65332135012264,0.7373614764487766,0.34316955563719437,0.07719615762904704,3.610977718679159e-05,15.226755642669046,29.55220175981844,nan,nan,nan
197.70000000000002,220.5457763671875,-185.50067138671875,-31.64621925354004,221.12483623653654,-186.01663239973288,-31.653396731818518,0.7756143471052704,0.3431056400999007,0.07718681799492276,3.536386338240422e-05,15.152535456907213,29.344668518868716,12.719585746748752,1.0926748444496182,nan
197.71,220.54019165039062,-185.49212646484375,-31.647249221801758,221.11945806114917,-186.00819449458336,-31.654579435243267,0.7758411680115447,0.3431551963431088,0.07720803071626399,3.607222393171615e-05,15.140397385075836,29.49012167182314,nan,nan,nan
197.72,220.53472900390625,-185.48358154296875,-31.64826011657715,221.12035501110702,-185.99087098482454,-31.65566952201565,0.7748259787960327,0.34280897712348396,0.07640641203259028,3.534937971710892e-05,18.491317856316503,32.40108586653472,nan,0.004239316732398799,0.09594770856973336
197.73000000000002,220.52935791015625,-185.47503662109375,-31.649248123168945,221.11520678709698,-185.9824143407358,-31.656812287016727,0.7750537230260871,0.3428575992202168,0.07642434311468756,3.605770744064601e-05,18.464414625430305,33.035270727962725,nan,nan,nan
197.74,220.52410888671875,-185.46649169921875,-31.650218963623047,221.1101712126308,-185.97395377575523,-31.657631322975174,0.7752688256645761,0.3429063055079284,0.07644233468116061,3.533627012305409e-05,18.372816566214436,32.34234511847095,nan,0.06432996607320833,nan
197.75,220.5189666748047,-185.45794677734375,-31.651168823242188,221.11817269082235,-185.97060890766156,-31.65879057269585,0.7886243722828273,0.3428431612725907,0.07643306511974705,3.602240270698255e-05,18.331403615224136,32.65935630292597,1.6756047284733373,nan,nan
197.76,220.513916015625,-185.44940185546875,-31.652099609375,221.11336536285415,-185.96215593905887,-31.659741144677948,0.7888692307306662,0.34289166188878256,0.07645106171649359,3.530285322571377e-05,18.31289812652087,33.00558512210074,nan,0.012597132979324941,nan
197.77,220.5088348388672,-185.44085693359375,-31.653120040893555,221.10858691226485,-185.95370408915036,-31.660860791888126,0.7891607401114618,0.3429402472391784,0.0764691193188045,3.601032806574952e-05,18.259592825612675,32.61359552238667,nan,nan,nan
197.78,220.5037078857422,-185.4323272705078,-31.654226303100586,221.10376904768918,-185.94525110850321,-31.66201857295786,0.7894459963358109,0.3429889167582945,0.07648723766280884,3.529174149237932e-05,18.25077836452429,33.546563033081036,nan,0.001774216191013716,nan
197.79,220.49853515625,-185.4237823486328,-31.655420303344727,221.0989106657642,-185.9367981850626,-31.663314067556087,0.7897457263990884,0.3430376712828306,0.07650541729311963,3.5999266342327634e-05,18.197635449788656,32.99933106475876,nan,nan,nan
197.8,220.4933319091797,-185.4152374267578,-31.65669822692871,221.08308558946499,-185.92919499055841,-31.663010868650364,0.7823053305733062,0.3429744562864594,0.07649616066031198,3.526031062504773e-05,18.305485844006075,31.934346022699717,5.9758950020799055,2.18039204091375,nan
197.81,220.4880828857422,-185.4066925048828,-31.65806007385254,221.0781256215708,-185.92075912505754,-31.664462924684795,0.7825956277546882,0.3430230048877761,0.07651434484833468,3.596703200742169e-05,18.25266852755765,32.133565862200236,nan,nan,nan
197.82,220.48280334472656,-185.39813232421875,-31.65950584411621,221.07315041364762,-185.91230517864633,-31.664413259742588,0.7828840710744023,0.34307163763210624,0.07653259003091432,3.525107065849605e-05,17.73617477612223,30.727204296316895,nan,1.7516165339651104,nan
197.83,220.47747802734375,-185.38958740234375,-31.661035537719727,221.06811368178532,-185.90386900183017,-31.666017997205962,0.7831735853375469,0.34312035528618706,0.07655089671864439,3.59578915408291e-05,17.681257083226285,31.501636984510785,nan,nan,nan
197.84,220.4721221923828,-185.38104248046875,-31.662643432617188,221.06302956451916,-185.89543998353045,-31.668367861752316,0.7834596879802525,0.3431691573882803,0.07656926469767944,3.524272942901337e-05,17.859142008084696,31.592032918119813,nan,0.3056521114752959,nan
197.85,220.4667205810547,-185.37249755859375,-31.66433334350586,221.0521114761465,-185.88914074386022,-31.670072006942156,0.7807916579963732,0.34310587205776677,0.07656001794027004,3.592756006766897e-05,18.432688524907295,31.67623405366222,3.584327840395897,nan,nan
197.86,220.46128845214844,-185.36395263671875,-31.66610336303711,221.04695432527893,-185.8807166919014,-31.671569445066986,0.7810758488977091,0.34315446801838156,0.07657839000043266,3.5214009614040004e-05,18.303769239679376,31.326334317926772,nan,0.0890468288666251,nan
197.87,220.45582580566406,-185.35540771484375,-31.667951583862305,221.04175573387514,-185.8722965696862,-31.673500585832553,0.7813569993649745,0.3432031487948423,0.07659682378184232,3.592021052439567e-05,18.25228848881265,31.13430699719679,nan,nan,nan
197.88,220.4503173828125,-185.34686279296875,-31.669876098632812,221.0365369157425,-185.8638643685091,-31.6743581789674,0.7816418994296438,0.3432519139890516,0.07661531910254986,3.520736277737309e-05,17.90505428235001,31.162942577101425,nan,0.9270492114356235,nan
197.89000000000001,220.4447784423828,-185.33831787109375,-31.671878814697266,221.0312670341844,-185.85544447845106,-31.676435230338388,0.7819268234776079,0.343300764273323,0.07663387642618892,3.59137198360241e-05,17.852412128888627,30.91665203405413,nan,nan,nan
197.9,220.439208984375,-185.32977294921875,-31.6739559173584,221.02553687305533,-185.84670657444488,-31.67867542919473,0.7816796272935199,0.3432374080448113,0.07662463587249438,3.661142674857022e-05,17.836903791985282,30.877779140871198,0.32484099144652495,nan,nan
197.91,220.43359375,-185.32122802734375,-31.67610740661621,221.02019701480913,-185.83828608663262,-31.680907947434065,0.7819689713488926,0.3432860519341715,0.07664319676286856,3.73456401401271e-05,17.785502498021973,31.206403208256013,nan,nan,nan
197.92000000000002,220.42794799804688,-185.31268310546875,-31.678335189819336,221.01481934954725,-185.82986869824197,-31.6835053465258,0.7822567680144626,0.34333478018845187,0.0766618194241509,3.65474898092395e-05,17.84013506720929,31.07988500328193,nan,0.05416073539196945,nan
197.93,220.42227172851562,-185.30413818359375,-31.680583953857422,221.00941182264555,-185.82144865577672,-31.68586542656764,0.7825416977510203,0.3433835934610049,0.07668050431397128,3.728016464758343e-05,17.7976273618778,30.99869881111394,nan,nan,nan
197.94,220.41656494140625,-185.29559326171875,-31.68282127380371,221.00398448844487,-185.81301834377027,-31.687155637009397,0.7828213247500843,0.34343249140225274,0.07669925127138755,3.6485789009965734e-05,17.505310882025164,30.61781580157103,nan,0.7516888185687176,nan
197.95000000000002,220.41082763671875,-185.28704833984375,-31.68503189086914,221.0197216445474,-185.815920061634,-31.689377418415173,0.8065209820510854,0.3433690640351901,0.07669001339954487,3.7193369465797665e-05,17.746286930332946,30.952711340217846,5.251382247845758,nan,nan
197.96,220.40505981445312,-185.27850341796875,-31.687206268310547,221.01425200941065,-185.80752116390053,-31.6914767542564,0.8068414608571683,0.3434177553557655,0.07670876340289329,3.64036621603659e-05,17.68154236966663,30.850842883269053,nan,0.027520671094686592,nan
197.97,220.3992462158203,-185.26995849609375,-31.689342498779297,221.00874782173452,-185.79912446620568,-31.693743277239268,0.8071729668339683,0.34346653160185614,0.07672757584400726,3.713260786073267e-05,17.643574862169196,31.214288304928072,nan,nan,nan
197.98000000000002,220.39341735839844,-185.2614288330078,-31.691438674926758,221.00321257120277,-185.7907276611609,-31.69591530651883,0.8074821925427955,0.3435153924818775,0.07674645059302208,3.634645630647263e-05,17.614013309072693,31.233931992062125,nan,0.002023217171618341,nan
197.99,220.38754272460938,-185.2528839111328,-31.693492889404297,220.997645382597,-185.78233172292786,-31.69810282198863,0.8078127816372834,0.3435643385630094,0.07676538806169528,3.7074128486593494e-05,17.57787923484627,31.09120210279152,nan,nan,nan
198.0,220.3816375732422,-185.2443389892578,-31.695507049560547,220.98322743754167,-185.76417338004862,-31.70241852323709,0.795101205599074,0.3435008396138372,0.07675614918423695,3.6268991191740975e-05,17.539960703405537,31.46481728160944,5.451104895283224,2.9385303509021043,nan
198.01,220.37571716308594,-185.2357940673828,-31.697481155395508,220.97758904854223,-185.75574771307384,-31.704549326206802,0.7953939396354005,0.3435495788165409,0.07677508914144225,3.69945608872647e-05,17.516146378370642,30.9243593577771,nan,nan,nan
198.02,220.3697509765625,-185.2272491455078,-31.69941520690918,220.9719252819019,-185.74731858510052,-31.706199909559523,0.7956960149449648,0.3435984026149486,0.07679409164211563,3.621616901557119e-05,17.378961991595382,31.28777779115197,nan,0.12847745122970508,nan
198.03,220.36376953125,-185.21871948242188,-31.701311111450195,220.9662267779714,-185.73889382045917,-31.70824995423719,0.795980039711354,0.34364731152491956,0.07681315706976535,3.694063371668772e-05,17.352663292316624,31.404555099272784,nan,nan,nan
198.04,220.3577423095703,-185.21017456054688,-31.703170776367188,220.96051242320846,-185.73045844687044,-31.70898928955945,0.796279465614344,0.3436963053311933,0.07683228533625862,3.6165465655654596e-05,16.92804126589535,30.75987849359361,nan,1.071072820033002,nan
198.05,220.35169982910156,-185.20162963867188,-31.704992294311523,220.92246254084782,-185.70516945348675,-31.71103938953628,0.761156347660841,0.3436327349461133,0.07682304210823787,3.68657539078111e-05,16.60360706565252,29.686409948840353,10.803671854560783,nan,nan
198.06,220.3456268310547,-185.19308471679688,-31.706777572631836,220.9166449855585,-185.69669790459227,-31.71106955157846,0.7613845262268258,0.3436815216400784,0.07684217229985725,3.60946633574194e-05,16.06548583941882,29.179442932046143,nan,2.3940008246956217,nan
198.07,220.3395233154297,-185.18455505371094,-31.708526611328125,220.91077929809066,-185.68824279280562,-31.712946092720678,0.7616129384773143,0.3437303933577423,0.07686136562327839,3.681623705034483e-05,16.027364509317607,29.87705224208743,nan,nan,nan
198.08,220.33338928222656,-185.17601013183594,-31.710243225097656,220.90489626603025,-185.67977944143672,-31.713729982164317,0.7618503181773177,0.34377934992907705,0.07688062201592927,3.604815641451218e-05,15.777782401206549,28.921984682309244,nan,0.7446419941504847,nan
198.09,220.3272247314453,-185.16748046875,-31.711923599243164,220.89897486579187,-185.67132514987628,-31.7155279963958,0.7620831125955921,0.34382839180266106,0.07689994182353146,3.6768846172275895e-05,15.735801779166756,29.682085822505723,nan,nan,nan
198.1,220.321044921875,-185.158935546875,-31.71356964111328,220.89496295369406,-185.65333080480806,-31.717440505562358,0.7575114269140433,0.34376474938721135,0.07689069039168153,3.598164477117776e-05,14.557487871941516,28.71839230813006,12.89214498791035,0.006893713417229836,nan
198.11,220.31483459472656,-185.15040588378906,-31.715185165405273,220.8889987164027,-185.64483578042888,-31.719175312746827,0.7577211113511408,0.34381358388884503,0.0769100115271621,3.670062025983199e-05,14.517302277747714,29.392509229810408,nan,nan,nan
198.12,220.30859375,-185.14186096191406,-31.716766357421875,220.8830101731161,-185.63633924085178,-31.72061054442948,0.7579431200693488,0.34386250319850387,0.07692939595765229,3.5939181799020075e-05,14.438944480933916,28.75880114186329,nan,0.04811358776061457,nan
198.13,220.3023223876953,-185.13333129882812,-31.71831703186035,220.8769927653418,-185.62784523365053,-31.722280350045196,0.7581594704077392,0.3439115077251016,0.07694884400585959,3.665741323020603e-05,14.39887149911755,29.505918096352197,nan,nan,nan
198.14000000000001,220.29603576660156,-185.12478637695312,-31.719837188720703,220.87094408693034,-185.61935612743082,-31.72450136627564,0.7583802274737158,0.3439605973576645,0.07696835564326274,3.589866556572336e-05,14.521510779517579,28.527943952175228,nan,0.22673846282258311,nan
198.15,220.2897186279297,-185.1162567138672,-31.72132682800293,220.8659250639286,-185.61245300426464,-31.72604373770292,0.7604254498159964,0.343896882937274,0.07695909253306239,3.6593441096295754e-05,14.622883125114203,29.298637833940344,0.39634306523642016,nan,nan
198.16,220.2833709716797,-185.1077117919922,-31.72278594970703,220.85983152504974,-185.60396563850009,-31.727611047514777,0.7606562504406628,0.3439457649561611,0.07697860489293325,3.583821112914285e-05,14.609787924816603,28.744646905231523,nan,0.0002069934661896743,nan
198.17000000000002,220.27700805664062,-185.09918212890625,-31.72421646118164,220.85371279245936,-185.59547884240394,-31.729167150151817,0.7608700871145098,0.3439947321079381,0.07699818107069192,3.655424334061756e-05,14.574963632685385,29.05246756645657,nan,nan,nan
198.18,220.27061462402344,-185.0906524658203,-31.725618362426758,220.8475721647524,-185.58699007794854,-31.73033366971699,0.761086895919249,0.34404378431625326,0.07701782105843427,3.5801502697390616e-05,14.469845607222076,29.083945809191146,nan,0.08819469382089819,nan
198.19,220.26419067382812,-185.0821075439453,-31.726993560791016,220.84140377644837,-185.57850437300283,-31.73183109911259,0.7613200243733668,0.3440929219384692,0.07703752514834405,3.65169712350027e-05,14.43568780134196,28.462856699428865,nan,nan,nan
198.20000000000002,220.25775146484375,-185.07357788085938,-31.72834014892578,220.8065752628674,-185.56057400882452,-31.73514096596267,0.7337704280239916,0.3440291350107512,0.07702824650245566,3.574489668058293e-05,15.383411097770587,28.984906389402475,8.26044726485493,2.487114048402098,nan
198.21,220.25128173828125,-185.06504821777344,-31.729660034179688,220.800308616135,-185.55208336089578,-31.736603127723477,0.7339495553442293,0.3440780647573997,0.07704795067884343,3.645896737426718e-05,15.356701595645198,29.101210326252993,nan,nan,nan
198.22,220.2447967529297,-185.0565185546875,-31.730953216552734,220.79401201267126,-185.54359855455357,-31.73883384020994,0.7341297106314107,0.34412707950854726,0.07706771888153607,3.571181995764156e-05,15.719210237301958,29.19861712045231,nan,0.4273683483705036,nan
198.23000000000002,220.23828125,-185.04798889160156,-31.732221603393555,220.7876983790993,-185.53510910518125,-31.740253218940833,0.7343090569194605,0.3441761795915144,0.07708755138435024,3.6425440807584185e-05,15.696724067551962,29.30667173787398,nan,nan,nan
198.24,220.23175048828125,-185.03945922851562,-31.733463287353516,220.78135502337742,-185.52662584487817,-31.74250954091063,0.7344918595871713,0.3442253649747267,0.07710744820659896,3.5680485501328665e-05,16.165623925368813,29.538137582342017,nan,0.5039550419233046,nan
198.25,220.22518920898438,-185.0309295654297,-31.73468017578125,220.7806842760061,-185.5231337581092,-31.743972265527514,0.7422439489201709,0.34416150547207425,0.07709815044275066,3.6371204744546425e-05,16.50376480574266,29.86639599227456,1.3244925458493007,nan,nan
198.26,220.21861267089844,-185.02239990234375,-31.73587417602539,220.77431688929545,-185.51465407709676,-31.74434950863719,0.7424238561420862,0.34421048273086025,0.07711804670551148,3.5629251788910814e-05,16.092900021292618,29.151804904002038,nan,0.6542141228561901,nan
198.27,220.21206665039062,-185.0138702392578,-31.737043380737305,220.76794785700736,-185.5061809801308,-31.74567411475394,0.742595630890902,0.34425954524027386,0.07713800746364959,3.6341232532836366e-05,16.074993410552636,29.20750142323019,nan,nan,nan
198.28,220.20559692382812,-185.00534057617188,-31.738189697265625,220.7616312079088,-185.49771225148734,-31.747650363163512,0.7427607258904496,0.344308692994667,0.07715803275274874,3.560128736678895e-05,16.488920622161473,29.71909436665977,nan,0.3099642278343949,nan
198.29,220.19923400878906,-184.99681091308594,-31.73931312561035,220.75541179407327,-185.48924001875164,-31.74893714478146,0.7429083218643991,0.3443579262827161,0.07717812282250103,3.63129621125e-05,16.476008939416232,29.574876134002416,nan,nan,nan
198.3,220.19297790527344,-184.98828125,-31.740415573120117,220.77657353880602,-185.48885256624575,-31.749684545077038,0.7689222457228301,0.34429399377219516,0.07716880207735159,3.555342623407548e-05,15.926085294438767,30.029672603603043,7.848747961809129,0.1465264212667158,nan
198.31,220.18685913085938,-184.97975158691406,-31.741493225097656,220.77062764884866,-185.48038369238856,-31.75092299555755,0.7690949929613098,0.3443430186713831,0.07718889091401844,3.6263955587166574e-05,15.91346512164343,29.481501098189387,nan,nan,nan
198.32,220.18084716796875,-184.97122192382812,-31.742551803588867,220.76479699867355,-185.47191783707947,-31.752642633000445,0.769282540530445,0.3443921287580273,0.07720904448884962,3.55286457484947e-05,16.278898233174104,30.113076238208745,nan,0.17250775675712773,nan
198.33,220.17494201660156,-184.9626922607422,-31.743587493896484,220.75908812651738,-185.4634491610258,-31.75384499234968,0.7694734350099178,0.34444132429858654,0.07722926303721599,3.623895987441465e-05,16.267432253792666,30.502715940235834,nan,nan,nan
198.34,220.16917419433594,-184.9541778564453,-31.744604110717773,220.75350065743405,-185.45497697719958,-31.754399707623943,0.7696318136250208,0.3444906053205663,0.07724954661595625,3.550538812791657e-05,16.01711652604213,30.242923359806095,nan,0.27018245748128195,nan
198.35,220.16351318359375,-184.94564819335938,-31.7455997467041,220.77787760253258,-185.45771072420632,-31.755584563278195,0.799844591978623,0.3444265996645036,0.07724019921968768,3.619321730552051e-05,15.88618841534494,30.456166837791507,8.057201520510908,nan,nan
198.36,220.157958984375,-184.93711853027344,-31.7465763092041,220.77255034756612,-185.44926813720514,-31.759448215258015,0.800115897576645,0.3444756720422837,0.07726048088029899,3.546218491475619e-05,17.75579359390948,32.469612142694444,nan,5.107318301717216,nan
198.37,220.15252685546875,-184.9285888671875,-31.74753189086914,220.76735084455626,-185.44081126963573,-31.76059450339007,0.8003442752798261,0.34452482979480165,0.07728082770452949,3.617130086636307e-05,17.753574552350734,32.11566154076268,nan,nan,nan
198.38,220.1470489501953,-184.92005920410156,-31.748577117919922,220.76219127976395,-185.43235175937954,-31.7613000958387,0.8006282670425141,0.34457407296847786,0.07730123976174169,3.544184212380438e-05,17.552740301580677,32.17728402117059,nan,0.15593534417576385,nan
198.39000000000001,220.14154052734375,-184.91152954101562,-31.74970817565918,220.75699317429326,-185.42389456650105,-31.762565407852012,0.8009152192320311,0.3446234018015478,0.07732171726870958,3.615085469853126e-05,17.507773231194832,31.97422139371159,nan,nan,nan
198.4,220.135986328125,-184.9029998779297,-31.750925064086914,220.75157186572628,-185.42271981053509,-31.76357099176105,0.805738345828192,0.3445593226182627,0.07731233935133351,3.540153080990309e-05,18.200245256163473,32.24772879436229,5.302572751144422,0.07525637253581575,nan
198.41,220.1304168701172,-184.89447021484375,-31.752227783203125,220.74629778720316,-185.4142907247913,-31.765006453746288,0.8060309925887728,0.34460844253992917,0.07733281423013029,3.6109594792748565e-05,18.155682179867952,31.521381747137635,nan,nan,nan
198.42000000000002,220.1248016357422,-184.8859405517578,-31.75361442565918,220.74099618469285,-185.40585507067246,-31.76513877744847,0.8063123711186118,0.34465764782054303,0.07735335454033655,3.538391714741683e-05,17.33713765131581,31.060851713807605,nan,1.3313583651558978,nan
198.43,220.119140625,-184.87741088867188,-31.755083084106445,220.73565328216296,-185.39742583485432,-31.7667302669131,0.8066220041398511,0.3447069386823754,0.07737396048785718,3.6091948599346335e-05,17.292253802025158,31.42206624560912,nan,nan,nan
198.44,220.11346435546875,-184.86888122558594,-31.756633758544922,220.73028189930065,-185.3889920272865,-31.767353964067613,0.8069039913340738,0.3447563151956982,0.07739463215821205,3.53676053991165e-05,16.733903527437285,30.235543461805815,nan,0.7637011452804451,nan
198.45000000000002,220.1077423095703,-184.8603515625,-31.758264541625977,220.74455655333216,-185.38500119789865,-31.769150162761466,0.8251715686627908,0.3446921622962171,0.07738521998090894,3.605345667713211e-05,16.34471581444738,31.18639421275678,4.838459845063986,nan,nan
198.46,220.1020050048828,-184.85182189941406,-31.759977340698242,220.73915920455266,-185.37655954494304,-31.76885011945179,0.8254658060725638,0.3447413296369158,0.07740588830046821,3.533124588481577e-05,15.237834967220158,29.40073454556786,nan,3.1405096348090824,nan
198.47,220.09622192382812,-184.84329223632812,-31.761768341064453,220.7337192797085,-185.36812692505393,-31.770738594142724,0.8257934334230813,0.3447905824809417,0.07742662244200944,3.6038420033176985e-05,15.19356756555354,29.824598459690616,nan,nan,nan
198.48000000000002,220.0904083251953,-184.8347625732422,-31.76363754272461,220.72824806767028,-185.35969369683932,-31.772525380135626,0.8261181605892217,0.34483992091193094,0.0774474225004132,3.531740032351573e-05,15.14895392926905,29.714082079922242,nan,0.022758473876018318,nan
198.49,220.08456420898438,-184.82623291015625,-31.76558494567871,220.72274431651874,-185.35126136162015,-31.77457034660367,0.8264438649593425,0.3448893451321913,0.07746828866766314,3.602462643318441e-05,15.105194190531726,29.597820452615196,nan,nan,nan
198.5,220.0786895751953,-184.8177032470703,-31.767606735229492,220.73988543492445,-185.35025824250548,-31.777802976020666,0.8490575666067443,0.3448251181717489,0.07745883835440212,3.5283468607488677e-05,15.575357306408197,30.98359704783129,5.834272057180948,0.6418108486212112,nan
198.51,220.07278442382812,-184.80918884277344,-31.76970672607422,220.7343590758765,-185.34183137475483,-31.78001535740194,0.8494088267662082,0.34487433294925063,0.07747970042556153,3.598989561135691e-05,15.532427869993542,31.515465129705785,nan,nan,nan
198.52,220.0668487548828,-184.8006591796875,-31.771879196166992,220.72880356593487,-185.33340331346855,-31.781938280644805,0.849765655421315,0.3449236332475064,0.07750062860357143,3.5271911593437544e-05,15.401042062108154,30.7482557671829,nan,0.09296826609131278,nan
198.53,220.06088256835938,-184.79212951660156,-31.774126052856445,220.72321632490548,-185.32497685149343,-31.784298441137288,0.8501269110228061,0.344973019257759,0.07752162307242828,3.597844458495841e-05,15.361245258832419,30.66720864503878,nan,nan,nan
198.54,220.0548858642578,-184.78359985351562,-31.77639389038086,220.71760357644962,-185.31654670014112,-31.785601481024553,0.8504774465594371,0.34502249108019806,0.077542683938906,3.526144391761509e-05,14.842468152361247,30.16364725901092,nan,0.8497907022308664,nan
198.55,220.04885864257812,-184.7750701904297,-31.778648376464844,220.73515019643798,-185.31378330472361,-31.788032175107627,0.8725227630776236,0.3449581898336263,0.07753319169875796,3.594601235475812e-05,14.475971491448128,30.968626187688134,6.11598793834836,nan,nan
198.56,220.04281616210938,-184.76654052734375,-31.78087615966797,220.7295101074087,-185.30536187500994,-31.792249820715856,0.8729297677231371,0.3450074519467484,0.07755424771044696,3.523079373689003e-05,15.652240045524604,31.554700077589114,nan,2.341857009964317,nan
198.57,220.03672790527344,-184.7580108642578,-31.78306770324707,220.72384784918808,-185.2969346150951,-31.79462110786115,0.8733304687802661,0.34505679969464004,0.07757537019200896,3.5936725126787584e-05,15.648505989121754,32.138064346817494,nan,nan,nan
198.58,220.03062438964844,-184.74948120117188,-31.785219192504883,220.7181574258435,-185.28850780324865,-31.79687684802559,0.8737203525947274,0.3451062331865541,0.0775965592569686,3.5222367632080834e-05,15.747050350245024,31.689513127644048,nan,0.00432518794823018,nan
198.59,220.0244903564453,-184.740966796875,-31.787328720092773,220.71243875664172,-185.28008177511038,-31.799171445767275,0.8741042336254428,0.34515575260017856,0.07761781507926657,3.592846665165215e-05,15.74550956151123,32.44298535226729,nan,nan,nan
198.6,220.018310546875,-184.73243713378906,-31.789400100708008,220.69752252920512,-185.27434640646928,-31.79930603934886,0.8689607035867399,0.3450913767486128,0.07760827703193095,3.51937129388503e-05,15.231611672034681,30.90218192901467,4.3535265911734315,3.125700030765451,nan
198.61,220.0121307373047,-184.72390747070312,-31.79142951965332,220.69172897232065,-185.26594055138148,-31.80149960456121,0.8693417211870846,0.34514068617975296,0.07762952722011214,3.589912302075951e-05,15.22359674715123,29.865506412889683,nan,nan,nan
198.62,220.0059051513672,-184.71539306640625,-31.79341697692871,220.68591468660028,-185.25752931544199,-31.801628057554616,0.8697080558276522,0.34519008128529516,0.07765084417356106,3.51871641662769e-05,14.268362971084592,30.26998674982843,nan,2.8658362210644106,nan
198.63,219.99966430664062,-184.7068634033203,-31.795366287231445,220.68006783647792,-185.24912432161085,-31.803723074208886,0.8700952262878647,0.345239562235613,0.07767222806057987,3.589278203728462e-05,14.253526655570319,29.108357716525376,nan,nan,nan
198.64000000000001,219.99339294433594,-184.69833374023438,-31.797277450561523,220.67419325668138,-185.24072114370824,-31.806270790007503,0.8704906897211266,0.34528912915091853,0.07769367900310452,3.5181507513428195e-05,14.562427382922404,29.508755275681903,nan,0.16839032856974634,nan
198.65,219.98709106445312,-184.6898193359375,-31.799150466918945,220.6964521443889,-185.2418577147418,-31.808248290674364,0.8989005972840438,0.34522467844495996,0.07768409132082965,3.586530698033243e-05,14.345846658711112,31.220993569629105,7.383653869991327,nan,nan
198.66,219.98077392578125,-184.68128967285156,-31.80098533630371,220.69057373758082,-185.23346400729025,-31.810980685573316,0.8993398553664437,0.34527403510637983,0.07770553583597639,3.5155518932091645e-05,14.836489517047527,30.643644113645703,nan,0.38901064540563307,nan
198.67000000000002,219.97442626953125,-184.67276000976562,-31.802783966064453,220.68467191736733,-185.22506877171364,-31.81293920675462,0.8997760708688064,0.3453234775354904,0.07772704745787766,3.586072078887943e-05,14.827081808544653,30.787627722538684,nan,nan,nan
198.68,219.96804809570312,-184.66424560546875,-31.804546356201172,220.6787506235251,-185.21666813671024,-31.812507122982883,0.9001844865823667,0.3453730058583178,0.07774862631312089,3.515151517533191e-05,13.70937925313992,30.497554498250672,nan,3.8838246457599297,nan
198.69,219.96165466308594,-184.6557159423828,-31.8062744140625,220.67279871302574,-185.20827359920872,-31.814373006679656,0.9006172389445514,0.3454226202365289,0.0777702725630677,3.58569678335472e-05,13.692871383138641,29.4137881215756,nan,nan,nan
198.70000000000002,219.95523071289062,-184.64720153808594,-31.807968139648438,220.65376229561448,-185.2083597841304,-31.8159035319123,0.8960512929608373,0.34535809437501425,0.07776063136411365,3.5127131519847406e-05,14.958357306755875,29.85696832291912,17.074829717231495,0.07721366822161797,nan
198.71,219.9487762451172,-184.638671875,-31.809627532958984,220.64773027322207,-185.20001035397576,-31.817700265496605,0.896494724130307,0.34540749822309197,0.0777822703745673,3.583197350320876e-05,14.941670321596945,29.450467907006452,nan,nan,nan
198.72,219.9423065185547,-184.63015747070312,-31.811254501342773,220.61704564305077,-185.16683610050472,-31.819227994319252,0.8621835155010282,0.34069773900916706,0.07296879651277977,3.512433478300984e-05,18.50674300407637,33.23678987700018,nan,0.041292907778575104,0.12745650969803798
198.73000000000002,219.93582153320312,-184.62164306640625,-31.812847137451172,220.61097379537,-185.1584658378449,-31.820958248568143,0.8625978525174172,0.3407502722540303,0.07298205775579364,3.5829449837233196e-05,18.4735144194364,32.93423890122676,nan,nan,nan
198.74,219.92930603027344,-184.6131134033203,-31.814409255981445,220.60488712391614,-185.15010560143426,-31.822926279267797,0.8630428579209641,0.34080288929185615,0.07299537740001198,3.5122561534029494e-05,18.645116032266653,32.72711841346078,nan,0.05066656393436431,nan
198.75,219.92276000976562,-184.60459899902344,-31.815940856933594,220.60658844155887,-185.15625487059023,-31.824709947391266,0.8786480647622132,0.3407347422233947,0.07298568248209666,3.5805952055268945e-05,20.200864708052546,34.463249948441415,23.93976991145163,nan,nan
198.76,219.91619873046875,-184.59608459472656,-31.817441940307617,220.6004969559743,-185.14798220805244,-31.827344606384685,0.8791775132590053,0.34078713569331553,0.07299903079603107,3.5100305435673375e-05,20.78975745675572,34.76500648436082,nan,0.6893825914663508,nan
198.77,219.9096221923828,-184.58755493164062,-31.818912506103516,220.594352320064,-185.13967541870608,-31.828968929838624,0.8796553368507539,0.3408396155149756,0.07301244116655606,3.58051344471294e-05,20.765913501297444,33.92686955580706,nan,nan,nan
198.78,219.90301513671875,-184.57904052734375,-31.82035255432129,220.58810861400434,-185.13128288926606,-31.828050245786645,0.8799908825520241,0.3408921791411922,0.07302591032339657,3.509983930200941e-05,19.57268696874547,33.57901678974603,nan,4.438143061976651,nan
198.79,219.89637756347656,-184.57052612304688,-31.821765899658203,220.58191962946105,-185.12297707993886,-31.829592864047797,0.8804721718354962,0.3409448293678383,0.0730394417590405,3.580497665936448e-05,19.538334836754554,33.808654493194354,nan,nan,nan
198.8,219.8897247314453,-184.56201171875,-31.823150634765625,220.56116363318213,-185.09935289441802,-31.830092418823973,0.8600080965896477,0.340876576452907,0.07302985177861855,3.5078844563967236e-05,17.955998560059506,32.248478619698794,17.78290725092981,0.805375735839394,nan
198.81,219.883056640625,-184.55349731445312,-31.824506759643555,220.55490308343167,-185.09099389108448,-31.831571068482173,0.8604243819544906,0.3409290027357933,0.07304341141246834,3.578342459516286e-05,17.919630969610935,31.99278529812726,nan,nan,nan
198.82,219.87637329101562,-184.54498291015625,-31.825836181640625,220.54863931025793,-185.08265510022292,-31.833629110967312,0.86086800053578,0.3409815128337341,0.0730570302084292,3.5079556561447944e-05,18.19947091321468,32.04316857170988,nan,0.2580229097200432,nan
198.83,219.86965942382812,-184.5364532470703,-31.82714080810547,220.54233651122172,-185.0742966941906,-31.835061543071316,0.8612971470735031,0.34103410938504763,0.07307071139238144,3.578446519020241e-05,18.166444938610688,31.722897252519353,nan,nan,nan
198.84,219.8629150390625,-184.52793884277344,-31.82841682434082,220.53600417698075,-185.065929216076,-31.83617288753331,0.8617092235006045,0.3410867900801019,0.073084452090354,3.508082803702866e-05,18.070724370425005,32.60927674153508,nan,0.06158399260790417,nan
198.85,219.85617065429688,-184.51942443847656,-31.829669952392578,220.51903177690912,-185.049435204855,-31.837512844876557,0.8487389417897216,0.34101843422544037,0.07307496623696431,3.5764066592351064e-05,17.58025804959091,31.293986684007578,3.7408925772934776,nan,nan
198.86,219.84939575195312,-184.5109100341797,-31.830896377563477,220.51264437243395,-185.0410495007539,-31.838732593021025,0.8491218951728956,0.3410708906791327,0.07308873477233571,3.506147348519168e-05,17.555023747311342,31.661605111929948,nan,0.012784560730225308,nan
198.87,219.84259033203125,-184.50241088867188,-31.83209800720215,220.50624089797498,-185.0326683584162,-31.840062009934535,0.8495107316783032,0.3411234334393111,0.07310256580714596,3.576618118926063e-05,17.518020109453488,32.63653595533455,nan,nan,nan
198.88,219.83578491210938,-184.493896484375,-31.833276748657227,220.49980206302868,-185.0242704204693,-31.84081202526881,0.8498659124807627,0.34117606035141035,0.07311645671921,3.506375307845347e-05,17.30828631547827,31.042327450108374,nan,0.21759781949501245,nan
198.89000000000001,219.82901000976562,-184.48538208007812,-31.83443260192871,220.49338986872664,-185.01589015004845,-31.842090035214913,0.8502341122192323,0.3412287738199551,0.0731304103598413,3.576880612376196e-05,17.27377732170977,31.370044137545293,nan,nan,nan
198.9,219.82232666015625,-184.47686767578125,-31.83556365966797,220.47540775993536,-185.00853090162536,-31.841767245534,0.8421515262001631,0.34116031298294786,0.073121021641456,3.504536588907467e-05,17.453129816483376,30.488877104896524,7.344363955030737,1.3346385812608204,nan
198.91,219.8157501220703,-184.46835327148438,-31.836673736572266,220.4691418606412,-185.00017387239183,-31.842983706113973,0.8424925704704279,0.3412128018374298,0.07313500260412817,3.574989517255473e-05,17.417272777823637,30.514478531936867,nan,nan,nan
198.92000000000002,219.80929565429688,-184.4598388671875,-31.83776092529297,220.46293016217913,-184.99175228259043,-31.8419776434134,0.8427263684564497,0.3412653748496924,0.07314904379729553,3.5048543586924226e-05,16.76001841160231,29.74457078078549,nan,3.411709363043289,nan
198.93,219.80296325683594,-184.4513397216797,-31.838825225830078,220.45689911000676,-184.9833959306566,-31.84312990734487,0.8430506745481418,0.3413180342730581,0.0731631478360095,3.575343183373989e-05,16.71845179424436,30.337199172319124,nan,nan,nan
198.94,219.7967529296875,-184.4428253173828,-31.83987045288086,220.45096333038214,-184.97500999524243,-31.84323075350106,0.8433404243517809,0.34137077818077616,0.07317731244970557,3.5052148656262656e-05,16.47183236104464,29.497658511822127,nan,0.7481199861237604,nan
198.95000000000002,219.79066467285156,-184.43431091308594,-31.84089469909668,220.43665540631784,-184.9561612761294,-31.844348451519988,0.8304479258440512,0.3413022148822655,0.07316801929661834,3.573539375598491e-05,15.60614015516294,29.001588116384287,8.521664182984303,nan,nan
198.96,219.78469848632812,-184.42579650878906,-31.84189796447754,220.43096908243658,-184.94776147455576,-31.845239179082267,0.830737186237163,0.34135473387867593,0.07318221081255545,3.5034998302670155e-05,15.540007862175697,28.90544579615653,nan,0.025779724098709662,nan
198.97,219.7788543701172,-184.41729736328125,-31.842880249023438,220.42540726300757,-184.93936682976835,-31.846300202616977,0.831022783818607,0.34140733914209015,0.07319646529378213,3.573973734923983e-05,15.49605603341889,29.415556600190833,nan,nan,nan
198.98000000000002,219.77296447753906,-184.40878295898438,-31.843950271606445,220.41991645424514,-184.93100084843994,-31.848450233892432,0.8314316772242304,0.34146002889185983,0.07321078068998468,3.5039359456346254e-05,15.691700214755965,29.524052185628065,nan,0.7827125942828267,nan
198.99,219.76705932617188,-184.4002685546875,-31.845108032226562,220.4143675047151,-184.9226055104352,-31.849644750757538,0.831783839205691,0.3415128051611846,0.07322515928821237,3.574446566799978e-05,15.635529618545567,28.926597098561775,nan,nan,nan
199.0,219.7611083984375,-184.39175415039062,-31.846351623535156,220.39279654673757,-184.9167102851697,-31.8503094887158,0.8213552975672264,0.3414441377383528,0.07321595516886602,3.502293103451612e-05,16.60741118002612,29.17147560843453,12.219716624477392,0.29832686100603534,nan
199.01,219.75514221191406,-184.38323974609375,-31.847679138183594,220.3871640108708,-184.90834920271502,-31.851671369914456,0.8217100666924988,0.3414966887282997,0.0732303601121735,3.5727532619035206e-05,16.553298510694436,28.669310677853492,nan,nan,nan
199.02,219.7491455078125,-184.37474060058594,-31.849090576171875,220.3814847711219,-184.89997003715473,-31.85243589469063,0.8220280385224363,0.3415493242034423,0.07324482630023885,3.5027956655665725e-05,16.371954893057534,29.13061057188658,nan,0.3282192656833483,nan
199.03,219.7431182861328,-184.36622619628906,-31.850584030151367,220.37579328082165,-184.89160867912491,-31.853959926767015,0.8223842160774056,0.34160204605690514,0.07325935581605292,3.5732934169996786e-05,16.318642135561994,28.561001273730227,nan,nan,nan
199.04,219.73704528808594,-184.3577117919922,-31.85215950012207,220.3700808302189,-184.88325563660547,-31.855891170005584,0.8227662217025047,0.34165485271897944,0.07327394691332421,3.503330004220069e-05,16.343721531157126,29.165427202297646,nan,0.07403455874355787,nan
199.05,219.73097229003906,-184.3491973876953,-31.85381507873535,220.36115956654533,-184.8739078511629,-31.85751771866766,0.8200431595258976,0.3415860833293343,0.07326482958947513,3.571664276182124e-05,16.349772197692328,28.12039185986505,0.28525370978698755,nan,nan
199.06,219.724853515625,-184.34068298339844,-31.85555076599121,220.35534632781838,-184.86551427999214,-31.857994436522453,0.8203505638673086,0.3416386644141924,0.07327944655426544,3.5017775709789365e-05,16.083968818783138,28.449281886586558,nan,1.1845410104297716,nan
199.07,219.7187042236328,-184.33216857910156,-31.857364654541016,220.3495360046626,-184.85715293627507,-31.859834396328154,0.8207090902741384,0.34169133173808786,0.07329412697538411,3.572263131145734e-05,16.031725865369907,28.507741187335682,nan,nan,nan
199.08,219.71253967285156,-184.32366943359375,-31.859256744384766,220.34371128061883,-184.84880553489947,-31.862320276018313,0.8210693689160268,0.3417440838645792,0.07330886929442189,3.50236681362743e-05,16.075448419952775,28.751861000486496,nan,0.22639796196043696,nan
199.09,219.70632934570312,-184.31515502929688,-31.86122703552246,220.33784595277697,-184.84044447319985,-31.864323432118184,0.8214327803039289,0.3417969224861174,0.07332367531430267,3.5728901732456026e-05,16.02342734572855,28.703280081781017,nan,nan,nan
199.1,219.70010375976562,-184.306640625,-31.863271713256836,220.2979301434019,-184.82554793134267,-31.86567255342505,0.7916229794422094,0.3417280498193547,0.07331463864851573,3.5008666009678506e-05,16.858514730940357,27.70326573233445,14.166365308206935,0.3829153785342526,nan
199.11,219.69386291503906,-184.29812622070312,-31.865392684936523,220.29195800221385,-184.81720323984476,-31.867822455722163,0.7919372379738476,0.3417806625012494,0.07332946993850381,3.571340380018936e-05,16.80896338283473,27.308067280788286,nan,nan,nan
199.12,219.6875762939453,-184.28961181640625,-31.86758804321289,220.2859302136094,-184.80882886846268,-31.868740885360697,0.7922216163224506,0.34183335997605274,0.073344363432803,3.5015032957236044e-05,16.630538819537772,27.726610169760697,nan,1.2054128890327025,nan
199.13,219.6812744140625,-184.28111267089844,-31.869855880737305,220.2799057727135,-184.8004847064308,-31.871028102671485,0.7925327683809983,0.341886143810297,0.07335932076240555,3.572015410274397e-05,16.57880507134065,27.97044763646325,nan,nan,nan
199.14000000000001,219.67494201660156,-184.27259826660156,-31.872142791748047,220.2738906529301,-184.79217625366994,-31.87494994379173,0.7929114917242917,0.3419390127570856,0.07337434062531671,3.502162908722634e-05,16.714867034670732,27.702365616797103,nan,1.776879295102991,nan
199.15,219.66859436035156,-184.2640838623047,-31.874418258666992,220.27683496807163,-184.78464542202985,-31.87734481233837,0.800593241952217,0.34187003863959753,0.07336538180365998,3.5705112115811546e-05,16.34463583354105,27.44761424860887,1.5269434389235736,nan,nan
199.16,219.66221618652344,-184.25558471679688,-31.876663208007812,220.2707079319991,-184.7762525042762,-31.87776932602572,0.8008485329497111,0.34192268134776205,0.07338042640305764,3.500726357506298e-05,16.087735599301425,27.97890171722956,nan,2.5765024014571494,nan
199.17000000000002,219.6558074951172,-184.2470703125,-31.87887191772461,220.264597216734,-184.7679013581984,-31.880053607206943,0.8011811903056544,0.341975410282112,0.07339553497485063,3.571227299182011e-05,16.041643148667593,27.526089770427262,nan,nan,nan
199.18,219.64938354492188,-184.23855590820312,-31.881040573120117,220.25847201402584,-184.75956038717976,-31.882763887307103,0.8015219274111693,0.3420282243139223,0.07341070637342274,3.501424309140951e-05,16.03776710591094,27.25584179538542,nan,0.15133335484856428,nan
199.19,219.64292907714844,-184.2300567626953,-31.883167266845703,220.2523132612514,-184.75121007524137,-31.884976284310607,0.8018435829741092,0.34208112483186276,0.07342594199645203,3.571963373619932e-05,15.993003840127637,28.02595534336048,nan,nan,nan
199.20000000000002,219.63645935058594,-184.22154235839844,-31.88525390625,220.24536875036043,-184.75216141428302,-31.889067737169928,0.8076767824494301,0.3420120482709083,0.07341705520903251,3.50002415042943e-05,17.471444369722537,27.889188169983814,11.38877332055131,2.4668174886688545,nan
199.21,219.6299591064453,-184.21304321289062,-31.887298583984375,220.23916469622188,-184.74385526459358,-31.891219389628006,0.8080273866429311,0.34206472219405054,0.07343231493206127,3.570513816481095e-05,17.43635970503836,28.625642911970335,nan,nan,nan
199.22,219.62344360351562,-184.20452880859375,-31.88930320739746,220.23295677445418,-184.7355686965147,-31.89430107700769,0.8084148976925761,0.3421174811956659,0.07344763776567943,3.5007545217606514e-05,17.671769156688583,28.064286751825435,nan,0.6638674364050485,nan
199.23000000000002,219.6168975830078,-184.19602966308594,-31.89126968383789,220.22670651166038,-184.72726331587327,-31.896383407764784,0.808765895355739,0.3421703265542223,0.07346302496621857,3.571282621885881e-05,17.64082404085285,28.751580769657686,nan,nan,nan
199.24,219.61033630371094,-184.18751525878906,-31.8931941986084,220.22042237141622,-184.71894723744828,-31.897848703702195,0.8091023559274866,0.3422232573068275,0.07347847559906484,3.501500845986912e-05,17.480087646618667,27.89432599472448,nan,0.23609242083541046,nan
199.25,219.60374450683594,-184.17901611328125,-31.895082473754883,220.20680413923014,-184.69640491325387,-31.899833772705083,0.7946034642526165,0.3421540798355338,0.07346965754695374,3.569864148515134e-05,16.137880260607794,27.975021763519507,16.501153925600114,nan,nan
199.26,219.5971221923828,-184.17050170898438,-31.89693260192871,220.20047318346477,-184.68804750280688,-31.90188583340506,0.7949280480930346,0.3422067836930006,0.07348513169216543,3.500143428239336e-05,16.15760939355977,27.675457975959933,nan,0.005591956555299535,nan
199.27,219.5904998779297,-184.16200256347656,-31.898744583129883,220.19411877755115,-184.6796889014297,-31.90381352841777,0.7952236255858416,0.34225957378071625,0.07350067034894336,3.570660246305005e-05,16.12688284384932,27.57536663723519,nan,nan,nan
199.28,219.58384704589844,-184.15350341796875,-31.900522232055664,220.1877427559155,-184.67133087701058,-31.905705668216555,0.7955263502393678,0.34231244972794517,0.0735162731711248,3.642609272130596e-05,16.09532298216048,27.74857043513941,nan,nan,nan
199.29,219.57716369628906,-184.14498901367188,-31.902263641357422,220.1813454527842,-184.66297325693705,-31.907563034671302,0.7958463135065972,0.34236541167918755,0.07353194030320992,3.71600495573611e-05,16.065417535024164,27.43437121055176,nan,nan,nan
199.3,219.57046508789062,-184.13648986816406,-31.903968811035156,220.21114274430974,-184.6647784295198,-31.90975167097723,0.8304156218202504,0.34229613254571106,0.0735231854053959,3.635360926887952e-05,15.64241779692561,28.74106265469728,11.823979630628642,0.11922474272465927,nan
199.31,219.56375122070312,-184.12799072265625,-31.905641555786133,220.20476195868326,-184.65642048974695,-31.91154459183673,0.830763282041273,0.3423488672521941,0.0735388753751338,3.708530938414074e-05,15.613209468432448,28.471068766528496,nan,nan,nan
199.32,219.55702209472656,-184.11949157714844,-31.90728187561035,220.19835151212789,-184.64805406926214,-31.91278846860916,0.8310908808669649,0.34240168726500986,0.07355462927905036,3.630548239006837e-05,15.46032087147498,28.10991577376829,nan,0.1746936892589068,nan
199.33,219.55026245117188,-184.11097717285156,-31.90888786315918,220.19192995118257,-184.63969661089064,-31.914511536985916,0.8314523741247267,0.3424545936842537,0.07357044813510326,3.7035929730294834e-05,15.431965101031105,27.86283786952399,nan,nan,nan
199.34,219.54348754882812,-184.10247802734375,-31.910463333129883,220.18552962998666,-184.6313786635359,-31.918601107696873,0.8318774791504823,0.34250758572427514,0.07358633124328204,3.62588373112836e-05,16.3561000298583,29.167973653949613,nan,3.777431571827434,nan
199.35,219.53668212890625,-184.09397888183594,-31.912006378173828,220.1770304798966,-184.62198475582747,-31.920097634480975,0.8300010132609675,0.34243820628427557,0.07357763587218825,3.696458084182188e-05,16.260008448876555,29.344059783911774,1.5546345251713012,nan,nan
199.36,219.5298614501953,-184.08547973632812,-31.91351890563965,220.17056193279834,-184.61364153050988,-31.92270065064521,0.8303832209783537,0.34249097078056584,0.07359354118133243,3.6191144692663124e-05,16.77014573615033,29.665663753953872,nan,0.5976139482475079,nan
199.37,219.5230255126953,-184.0769805908203,-31.915000915527344,220.16405805029382,-184.605283659676,-31.924331542893935,0.8307309476776222,0.3425438215575307,0.07360951158791222,3.6918374959616756e-05,16.75115943074135,29.49708350093533,nan,nan,nan
199.38,219.51617431640625,-184.0684814453125,-31.916454315185547,220.157562604051,-184.5969519321191,-31.92761296215704,0.8311344694787524,0.34259675792651845,0.07362554650298214,3.614754742566045e-05,17.790244467682513,30.355783236655153,nan,1.8647545527819829,nan
199.39000000000001,219.50930786132812,-184.0599822998047,-31.917877197265625,220.1510209419536,-184.588594964715,-31.929203350863165,0.8314777862966253,0.3426497808417576,0.07364164677850445,3.6873729815151215e-05,17.777574345176145,30.242915467682618,nan,nan,nan
199.4,219.50241088867188,-184.05148315429688,-31.919273376464844,220.12276823171334,-184.56735322466764,-31.92811777495599,0.8068725958628613,0.3425803005574862,0.07363300553809823,3.6083092654407475e-05,16.030959816673832,28.574688622974023,6.815888379499976,4.862513368989618,nan
199.41,219.49549865722656,-184.04298400878906,-31.92064094543457,220.11615266820985,-184.5589679156394,-31.929627772976033,0.8071750470297349,0.3426330955832107,0.07364912729984907,3.6807382228195555e-05,16.01001963470542,28.433600010805442,nan,nan,nan
199.42000000000002,219.4885711669922,-184.03448486328125,-31.921979904174805,220.1095188128046,-184.55058315772646,-31.93111084868901,0.8074755739444701,0.3426859761676162,0.07366531381723002,3.604253498459511e-05,16.082109786617032,28.412316724131312,nan,1.1582405056510838e-07,nan
199.43,219.48162841796875,-184.02598571777344,-31.923294067382812,220.1028669390478,-184.5421989479696,-31.93256839730565,0.8077743572914214,0.3427389431777236,0.07368156584531947,3.676591039567901e-05,16.061814662196632,28.2318756535126,nan,nan,nan
199.44,219.4746551513672,-184.01748657226562,-31.92458152770996,220.0961711250371,-184.53379152212148,-31.93226686895815,0.8080296846296032,0.3427919960560544,0.07369788294009703,3.600346689879601e-05,15.315966038231068,27.866806484344746,nan,2.0033294310029235,nan
199.45000000000002,219.46768188476562,-184.0089874267578,-31.925844192504883,220.06972042803332,-184.511022743825,-31.93365212812046,0.7839329250779222,0.34272241604301945,0.07368929185455796,3.670289892587063e-05,14.672415446486275,26.703235164570494,8.892117331535715,nan,nan
199.46,219.46067810058594,-184.00048828125,-31.927080154418945,220.06297327368623,-184.50259441366026,-31.934449892391658,0.784171127230328,0.3427752407308271,0.07370562974856543,3.5943740695290954e-05,14.475828265584234,26.914189473104372,nan,0.2153559039406119,nan
199.47,219.4536590576172,-183.99200439453125,-31.92829132080078,220.05621726511086,-184.4941739068592,-31.935785414240037,0.7844149246197177,0.3428281517267491,0.07372203330516909,3.6664561326109604e-05,14.448625809905408,27.472358358854617,nan,nan,nan
199.48000000000002,219.44662475585938,-183.98350524902344,-31.929479598999023,220.0494789320993,-184.48578472394044,-31.9395210089937,0.7847411411717282,0.3428811485514011,0.07373850216440048,3.5907670700522044e-05,15.678844126730448,27.940449101062217,nan,3.936162139223073,nan
199.49,219.4395751953125,-183.97500610351562,-31.93064308166504,220.04268943350004,-184.47736507787386,-31.940834357967358,0.7849937487238132,0.3429342319543882,0.07375503695561446,3.662775339711335e-05,15.66067776059522,27.87608581519796,nan,nan,nan
199.5,219.43258666992188,-183.9665069580078,-31.931785583496094,220.02382196720615,-184.46894091328792,-31.941327940993226,0.7759446583100112,0.3428645518969613,0.07374649080795849,3.5851065305491774e-05,15.863843065517349,27.156347549437672,3.584235662991728,0.31499097454425967,nan
199.51,219.42568969726562,-183.95802307128906,-31.932903289794922,220.01710992029152,-184.46053679390482,-31.942588020121992,0.7761389795794649,0.3429174067709782,0.07376304564788556,3.656956714570127e-05,15.844447747845873,27.937972414302866,nan,nan,nan
199.52,219.41891479492188,-183.94952392578125,-31.933998107910156,220.01049155275675,-184.45212230324157,-31.942893965778,0.7763036298532723,0.3429703474301674,0.07377966601820334,3.581793340003716e-05,15.447165942380543,26.684151384484824,nan,0.5857655402727059,nan
199.53,219.41224670410156,-183.9410400390625,-31.93507194519043,220.00400571887002,-184.4437193100374,-31.944102187964738,0.7764964432063826,0.343023374554533,0.07379635247584915,3.6535811543596764e-05,15.425865287737185,27.792577396912616,nan,nan,nan
199.54,219.4057159423828,-183.9325408935547,-31.936124801635742,219.9976308033753,-184.4353038488007,-31.94416494764472,0.7766585065389376,0.3430764877693684,0.07381310476928106,3.578623191705652e-05,14.958747795773517,26.34970729141616,nan,0.8542507293123467,nan
199.55,219.39932250976562,-183.92404174804688,-31.937156677246094,219.96824397667385,-184.4128690271764,-31.945310136461035,0.7501268047652743,0.34300670859011917,0.07380459931471195,3.6480778355702675e-05,14.514127680391326,25.573338646945185,7.79382297334253,nan,nan
199.56,219.39303588867188,-183.91555786132812,-31.938167572021484,219.9621029733594,-184.40443806825317,-31.946829631410868,0.7502774385990211,0.34305959297360633,0.07382137092238246,3.5734105792259935e-05,14.74794252001056,27.032884735303867,nan,0.09920126833615055,nan
199.57,219.3868865966797,-183.9070587158203,-31.939159393310547,219.9560824188461,-184.3960027924943,-31.94795053969413,0.7504182022985745,0.3431125637115645,0.07383820877341081,3.6449991587402774e-05,14.727091597912722,25.94484410930586,nan,nan,nan
199.58,219.38070678710938,-183.89857482910156,-31.940237045288086,219.9501180176434,-184.38757404068767,-31.94974239557887,0.7506262252774416,0.34316562049106175,0.07385511267825096,3.570523581870343e-05,15.091249276925524,27.101301254728583,nan,0.2744939050466227,nan
199.59,219.37451171875,-183.89007568359375,-31.941402435302734,219.94411849734027,-184.37913846999624,-31.950992288690387,0.7508170593078877,0.3432187638992404,0.0738720831010307,3.642064566120653e-05,15.041977847995025,26.043110383063343,nan,nan,nan
199.6,219.36827087402344,-183.88157653808594,-31.94265365600586,219.94075438655256,-184.36539438296285,-31.95376662317888,0.7496269586790505,0.3431488854605401,0.07386361325215102,3.565601219700519e-05,15.335793058274742,27.464957116489334,3.821039740275709,1.357282851701914,nan
199.61,219.3620147705078,-183.8730926513672,-31.943988800048828,219.93470429527204,-184.35693286944158,-31.955203847970864,0.7498002572024409,0.34320179970565357,0.07388060220316117,3.63701023271489e-05,15.285004713196283,27.801316766762753,nan,nan,nan
199.62,219.35572814941406,-183.86459350585938,-31.945405960083008,219.92862923003554,-184.34847235486026,-31.956842526863387,0.7499901224332243,0.3432547999398203,0.07389765741877086,3.5629878940087874e-05,15.453694273591182,27.419608905588735,nan,0.00924325111766506,nan
199.63,219.3494110107422,-183.85609436035156,-31.94690704345703,219.92252681681762,-184.34001066001463,-31.95844982017995,0.7501799437118832,0.3433078866956355,0.07391477931047165,3.6343588561301564e-05,15.404769332088485,27.47255561543532,nan,nan,nan
199.64000000000001,219.34307861328125,-183.8476104736328,-31.948490142822266,219.91637915070868,-184.33153266585597,-31.95836812935266,0.7503011188573182,0.34336105974219505,0.0739319677676041,3.560507141456263e-05,14.434365453764118,26.9025809010598,nan,2.141066438538506,nan
199.65,219.3367156982422,-183.839111328125,-31.950153350830078,219.9220960309421,-184.32026501928783,-31.96014082148471,0.7578118222893825,0.34329108281454546,0.07392352907720544,3.629593118065417e-05,13.708227879345607,26.52663320655441,5.631631040099165,nan,nan
199.66,219.330322265625,-183.8306121826172,-31.951894760131836,219.9159198565502,-184.31176482778284,-31.9605100954087,0.7579621563437303,0.3433440263949382,0.07394073528332298,3.555995392021901e-05,13.003835453686342,26.002406505316632,nan,1.4719651670555305,nan
199.67000000000002,219.32391357421875,-183.82212829589844,-31.953716278076172,219.9097346878752,-184.30327743192782,-31.96241243697454,0.7581335578162193,0.3433970563919134,0.07395800832353652,3.627213765726632e-05,12.957130092655925,26.359858155126886,nan,nan,nan
199.68,219.31747436523438,-183.81362915039062,-31.955615997314453,219.90351750024033,-184.2947840084453,-31.963660346487032,0.7583015660479894,0.3434501726225174,0.07397534813152885,3.553773455450305e-05,12.650223739123682,25.499016815214013,nan,0.3683437500246467,nan
199.69,219.31101989746094,-183.8051300048828,-31.957590103149414,219.89728396687653,-184.28629667518334,-31.965712782568293,0.7584806534228574,0.3435033755472784,0.07399275505235167,3.62496585769739e-05,12.60695287641171,25.252487584340763,nan,nan,nan
199.70000000000002,219.30453491210938,-183.79664611816406,-31.95964241027832,219.87494729058312,-184.262770467209,-31.967243839246457,0.7366817304718576,0.34340478346817815,0.07275944376771894,3.549491758845433e-05,15.252715469400664,28.57617076990939,3.105916559858061,0.18657139248728843,0.03854935932602567
199.71,219.29803466796875,-183.78814697265625,-31.961769104003906,219.86864341079462,-184.25425752097544,-31.969443496796668,0.7368258118093275,0.34345747545165795,0.0727727181571292,3.620572819878806e-05,15.194153237977394,27.582834584375398,nan,nan,nan
199.72,219.29150390625,-183.7796630859375,-31.963970184326172,219.8623173752153,-184.24574794417995,-31.971845353899848,0.7369702366655653,0.3435102522945074,0.07278605167314396,3.5475181790316993e-05,15.256304704276499,28.577644821428116,nan,0.010991129411536722,nan
199.73000000000002,219.28494262695312,-183.7711639404297,-31.966243743896484,219.85596770035144,-184.2372354749642,-31.974196678142334,0.7371265555628982,0.34356311428542186,0.07279944626277127,3.6185811112296665e-05,15.198331423613594,28.018528943465,nan,nan,nan
199.74,219.27838134765625,-183.76266479492188,-31.968536376953125,219.84960198186747,-184.22874679036875,-31.977561034689685,0.7372970119806956,0.34361606143123125,0.07281290031404217,3.545663876667666e-05,15.691112929039754,27.881988865266113,nan,0.6416532629665347,nan
199.75,219.2717742919922,-183.75418090820312,-31.97081756591797,219.82474896685622,-184.21400287025858,-31.979978842200477,0.7192365096493899,0.3435466473318606,0.07280309559914432,3.614478980315857e-05,15.863206961073478,28.900789502857037,2.874534385733443,nan,nan
199.76,219.26516723632812,-183.7456817626953,-31.973068237304688,219.81829650208599,-184.20546434471507,-31.98134189277195,0.7193194427661288,0.34359936812963765,0.0728165776324429,3.5417813123364955e-05,15.418052209923335,27.17289171571103,nan,0.7291468412506383,nan
199.77,219.25851440429688,-183.73719787597656,-31.97528076171875,219.81182902904945,-184.19695033794153,-31.983691376939568,0.719444326335487,0.34365217399595815,0.072830120892542,3.6127295172370956e-05,15.384673295422495,28.512085196593997,nan,nan,nan
199.78,219.25186157226562,-183.72869873046875,-31.977455139160156,219.80532836567806,-184.1883926613324,-31.984086389516005,0.7195053682665559,0.3437050649601829,0.0728437239479907,3.540157007784208e-05,14.613260988174616,26.39145938604365,nan,2.5359318005481444,nan
199.79,219.24517822265625,-183.72021484375,-31.97958755493164,219.79881830419382,-184.17987965751541,-31.986340341329225,0.7196212066240452,0.3437580412762396,0.07285738847664125,3.611096702583568e-05,14.576394624911492,27.30922230782808,nan,nan,nan
199.8,219.2384796142578,-183.71173095703125,-31.981678009033203,219.77827490342207,-184.16398223336165,-31.987489722672535,0.704232878501018,0.34368853232226854,0.07284768863898651,3.536504970015433e-05,14.06337555664313,26.689071171589216,2.4000923104999767,0.8476912438303958,nan
199.81,219.23175048828125,-183.70323181152344,-31.983728408813477,219.77169989918676,-184.15545469683764,-31.989653011328024,0.7043337314470032,0.34374128197181364,0.07286138070041719,3.607351147141544e-05,14.025802353431818,26.131788854253543,nan,nan,nan
199.82,219.22500610351562,-183.6947479248047,-31.98573875427246,219.76510041805406,-184.14691195721988,-31.991064958461358,0.7044022638079583,0.34379411666012033,0.07287513288053785,3.5350980686988484e-05,13.798438830895979,26.4877116051243,nan,0.35029595732491486,nan
199.83,219.21824645996094,-183.68624877929688,-31.987707138061523,219.75848447364538,-184.138384916735,-31.993142145625136,0.7044953779226591,0.34384703662226535,0.07288894669335365,3.605941979147804e-05,13.760596292687833,25.61453003198748,nan,nan,nan
199.84,219.21145629882812,-183.67776489257812,-31.98963737487793,219.75185357516548,-184.1298791942515,-31.99616623755574,0.7046127901892592,0.34390004191673745,0.0729028209518213,3.533795737948594e-05,14.091115662249997,26.89519158226447,nan,0.6724268445669782,nan
199.85,219.20465087890625,-183.66928100585938,-31.99152946472168,219.75784894478792,-184.1259173968349,-31.99806383602788,0.7173476086715129,0.34383043847202194,0.07289322340419505,3.602419667795714e-05,13.949129805180908,26.800506766794364,1.8826789851823702,nan,nan
199.86,219.1978302001953,-183.66078186035156,-31.993383407592773,219.75119398563635,-184.11739543355742,-32.000035270060785,0.7174619721962597,0.3438832168282942,0.07290712541403495,3.674606878880449e-05,13.914253164921941,25.926674851296458,nan,nan,nan
199.87,219.1909942626953,-183.6522979736328,-31.995201110839844,219.74451981275914,-184.1088738530051,-32.001970575053925,0.717563860463845,0.3439360803437327,0.07292108861037905,3.748240107970745e-05,13.877673266345877,26.481827717697808,nan,nan,nan
199.88,219.1841278076172,-183.64381408691406,-31.99698257446289,219.73782339346212,-184.1003387624408,-32.00317862535562,0.7176572804588712,0.3439890291269134,0.07293511251506336,3.6675316097021784e-05,13.646541219827455,26.545890857744865,nan,0.3071489105261286,nan
199.89000000000001,219.17724609375,-183.6353302001953,-31.998727798461914,219.73111153024237,-184.09181775425515,-32.00503672936605,0.7177657078473236,0.34404206339435883,0.07294919851621559,3.740994834749402e-05,13.608814147065909,26.41078159558759,nan,nan,nan
199.9,219.17034912109375,-183.62684631347656,-32.00043869018555,219.74269893180377,-184.0871292447405,-32.00501169473893,0.7344832162843311,0.3439723656429481,0.07293969784623605,3.658422711847348e-05,12.661741777069192,26.049833754962883,4.100154349745812,2.279913058554668,nan
199.91,219.16343688964844,-183.61834716796875,-32.002113342285156,219.73597836062143,-184.0786007293541,-32.00678455792723,0.7346147949826396,0.3440251726202878,0.07295381049644864,3.7316336060285766e-05,12.62239497337339,25.228846570444738,nan,nan,nan
199.92000000000002,219.156494140625,-183.60986328125,-32.00375747680664,219.72924453568612,-184.07009422456576,-32.00968564848564,0.7347725358554469,0.34407806480233444,0.07296798416338264,3.6518547687600253e-05,12.945563292455518,26.566853261974526,nan,0.8724178803845244,nan
199.93,219.14955139160156,-183.60137939453125,-32.005367279052734,219.72248766110403,-184.06156625839583,-32.01140540974887,0.7348907249429801,0.3441310423916322,0.072982220086513,3.724916181140218e-05,12.90868234974653,26.026968395932236,nan,nan,nan
199.94,219.142578125,-183.5928955078125,-32.0069465637207,219.71572027025218,-184.05307117591167,-32.01486817630289,0.7350621171851303,0.3441841054779647,0.0729965173494183,3.6455320682569586e-05,13.597611613728851,27.018316986587376,nan,2.0462136934723003,nan
199.95000000000002,219.13558959960938,-183.58441162109375,-32.00849151611328,219.72176541784566,-184.0484916837492,-32.01643769955708,0.7476867902207391,0.344114313751566,0.07298711055585826,3.716101650114628e-05,13.392749807299582,27.10035324745031,1.9059663480897824,nan,nan
199.96,219.1285858154297,-183.575927734375,-32.010009765625,219.71497119645954,-184.03993992186744,-32.01662826225372,0.7477960482141347,0.3441671492401069,0.07300143402152938,3.637199329589823e-05,12.845157536133613,26.39324370599276,nan,1.3762267030051625,nan
199.97,219.12156677246094,-183.56744384765625,-32.01149368286133,219.70816556009746,-184.0314143440402,-32.01822685812807,0.7479385635335132,0.344220070059242,0.07301581990646569,3.709897758250541e-05,12.810380147069747,26.346796224903493,nan,nan,nan
199.98000000000002,219.11453247070312,-183.5589599609375,-32.0129508972168,219.7013442030716,-184.02289500989812,-32.02013254382292,0.748087772221533,0.34427307631003695,0.07303026742560578,3.631365303779105e-05,12.956567693086878,26.369325589563598,nan,0.07390481880278586,nan
199.99,219.1074676513672,-183.55047607421875,-32.01437759399414,219.6945048692855,-184.01437034051003,-32.021677458058726,0.7482405185062936,0.3443261681776183,0.07304477762229422,3.7039414196137765e-05,12.92255297642588,26.733126941737307,nan,nan,nan
200.0,219.10040283203125,-183.5419921875,-32.015777587890625,219.6969586163216,-183.99901451399194,-32.02359400263196,0.7515379611315702,0.34425628269504105,0.0730354594726053,3.623534809699621e-05,12.054042730771023,26.80056524195174,15.59075958796765,0.1168819966058491,nan
200.01,219.09332275390625,-183.53350830078125,-32.017147064208984,219.69009767077537,-183.9904452626922,-32.02508788062878,0.7516613234229642,0.3443091466530443,0.0730499953344101,3.695906277956466e-05,12.023021376767067,26.732928636428035,nan,nan,nan
200.02,219.08621215820312,-183.5250244140625,-32.018489837646484,219.68322117713066,-183.9818788655915,-32.02669693153489,0.7517999168347832,0.3443620959757216,0.07306459311488127,3.618173615350839e-05,12.127198224187453,27.220556133409705,nan,0.013270668650716607,nan
200.03,219.0791015625,-183.5165557861328,-32.019805908203125,219.6763284801109,-183.97331051465045,-32.028139413085846,0.7519137719485285,0.34441513083922276,0.07307925374184689,3.6904399056783316e-05,12.095528027747775,27.48492712512112,nan,nan,nan
200.04,219.07196044921875,-183.50807189941406,-32.02109909057617,219.66942367860523,-183.964760831925,-32.03073515689386,0.7520770873527319,0.34446825135850234,0.07309397660284159,3.6130400556338635e-05,12.732984201836288,27.672795060492554,nan,0.9196846808230295,nan
200.05,219.06480407714844,-183.4995880126953,-32.022361755371094,219.65430270087217,-183.95061637498102,-32.03228892424122,0.7423164821287994,0.34439827242648446,0.07308474364991299,3.682905258481968e-05,12.595088850092269,27.76010998291488,2.423941254645692,nan,nan
200.06,219.05764770507812,-183.49110412597656,-32.02360153198242,219.64734679609214,-183.94202048390616,-32.03276397970046,0.7423978247809141,0.34445116472963,0.07309949167285827,3.6059217301375524e-05,12.19783482411232,26.845271675039132,nan,0.5460757696980741,nan
200.07,219.0504608154297,-183.4826202392578,-32.024818420410156,219.64037849805416,-183.93343857542845,-32.03411264150801,0.7425135871123916,0.3445041424976888,0.07311430271342233,3.67791021682157e-05,12.168530424342933,27.19730546198185,nan,nan,nan
200.08,219.04327392578125,-183.47415161132812,-32.02600860595703,219.63339769619344,-183.92486935747684,-32.03628147397741,0.7426291691795032,0.34455720585266425,0.07312917626027111,3.6012358959752866e-05,12.699844150894272,28.101666640948014,nan,0.4741894761344832,nan
200.09,219.0360565185547,-183.46566772460938,-32.02717590332031,219.6264000594784,-183.91628825161737,-32.037591976064775,0.7427468278240894,0.344610354959819,0.07314411309014313,3.6731415538599553e-05,12.673828120949363,27.68497775981773,nan,nan,nan
200.1,219.02883911132812,-183.45718383789062,-32.028316497802734,219.62869780921537,-183.91395434535684,-32.03937743679269,0.754050461370632,0.3445402828239496,0.07313496027952339,3.5945720292146846e-05,13.318870572284874,27.762716326640476,2.0732011408225417,0.11257668706626114,nan
200.11,219.02166748046875,-183.44871520996094,-32.02943801879883,219.6217228210984,-183.9053902349469,-32.04064921317178,0.7541512985756601,0.3445932034062676,0.0731499216929559,3.666312182704966e-05,13.294909386830637,28.736052529526024,nan,nan,nan
200.12,219.0146026611328,-183.4402313232422,-32.03053665161133,219.61482460423892,-183.89682135458483,-32.04150380183969,0.754228822103529,0.34464620950529407,0.0731649458760766,3.590314857041501e-05,13.170930079632168,27.538567412672304,nan,0.10491494822829929,nan
200.13,219.00765991210938,-183.4317626953125,-32.031612396240234,219.60803592219685,-183.88825838930975,-32.04272897948327,0.7542965269372436,0.34469930128087184,0.0731800335175927,3.661986218587152e-05,13.149049741214215,28.168200176938633,nan,nan,nan
200.14000000000001,219.00083923339844,-183.42327880859375,-32.03266906738281,219.60136884192383,-183.87968813896487,-32.04334590492929,0.7543601808323824,0.34475247886339827,0.07319518423779212,3.5862633363528484e-05,12.908292885758742,27.22448909093271,nan,0.23201850773602375,nan
200.15,218.994140625,-183.41481018066406,-32.0337028503418,219.58377411793344,-183.88030693521097,-32.04454400231022,0.7513137926716092,0.34468231381578684,0.07318610776390913,3.655603951292081e-05,14.234106292811965,27.74697762473152,23.134480118571194,nan,nan
200.16,218.9874267578125,-183.4063262939453,-32.03482437133789,219.57727494797908,-183.87178195807357,-32.04419509217348,0.7514370719633429,0.3447352625683772,0.07320128251043667,3.5802367294624864e-05,13.424355043853836,26.038552195568833,nan,1.6441859066104605,nan
200.17000000000002,218.98069763183594,-183.39784240722656,-32.03602981567383,219.57075812576454,-183.86327652393115,-32.045479710051545,0.7515913809987419,0.34478829692171126,0.07321652089188577,3.651699667681857e-05,13.370259466645527,25.857019777424213,nan,nan,nan
200.18,218.97393798828125,-183.38937377929688,-32.037322998046875,219.56422325383363,-183.8547875820412,-32.04822360360124,0.7517749169230387,0.34484141701026516,0.07323182260476471,3.576585130494317e-05,14.19845187116908,27.6611036968819,nan,1.273429496414232,nan
200.19,218.9671630859375,-183.38088989257812,-32.038700103759766,219.55766570405024,-183.84628189785403,-32.04969368277719,0.751933454071791,0.3448946229875788,0.07324718822383415,3.6479972694459e-05,14.142519045818274,26.740985981840684,nan,nan,nan
200.20000000000002,218.9603729248047,-183.37242126464844,-32.040157318115234,219.5491309851481,-183.82910713588333,-32.05009394652019,0.7451823771325943,0.3448243652914684,0.07323818315417388,3.570960236729957e-05,12.816014401765134,26.925416097824908,7.837256069450074,0.8403565601572223,nan
200.21,218.9535675048828,-183.3639373779297,-32.04169845581055,219.54252801617122,-183.8205642900594,-32.05172014866275,0.7453073561060799,0.3448773421329742,0.07325357218052717,3.6422383619400465e-05,12.762537134999492,25.96020062217025,nan,nan,nan
200.22,218.9467315673828,-183.35546875,-32.04331970214844,219.53590623211426,-183.81202564380197,-32.05380635846765,0.7454401067827477,0.34493040463682684,0.07326902478319071,3.5676879169871556e-05,13.039826863316389,27.30981774048068,nan,0.09681380732089082,nan
200.23000000000002,218.93988037109375,-183.34698486328125,-32.045021057128906,219.5292647929991,-183.80348295114737,-32.05560017966709,0.7455712030676941,0.3449835529536025,0.07328454147138587,3.6389265196340026e-05,12.987216102177854,26.368283870666076,nan,nan,nan
200.24,218.93299865722656,-183.33851623535156,-32.04680252075195,219.52260440493006,-183.7949410035454,-32.057517717146645,0.7457032400221842,0.34503678722237413,0.07330012203968811,3.564596994727258e-05,13.085245393988696,27.508963781653925,nan,0.0012646463749073822,nan
200.25,218.92611694335938,-183.3300323486328,-32.04866027832031,219.48404094493165,-183.774182554322,-32.05954536886377,0.7132090029860219,0.34496643716287084,0.07329118428478719,3.6335582376120734e-05,13.181989355952712,25.86740902553714,8.515858080100687,nan,nan
200.26,218.91920471191406,-183.32156372070312,-32.05059814453125,219.4772891227851,-183.76560773792625,-32.05968213284307,0.7132431687247789,0.3450194419924486,0.07330678765174921,3.559529521076228e-05,12.192477210697263,25.877827774203414,nan,2.4567412070336747,nan
200.27,218.9122772216797,-183.31307983398438,-32.052608489990234,219.47052128931892,-183.75705272321915,-32.06177557535813,0.7133248915354164,0.34507253255875997,0.07332245528384393,3.6306150394990245e-05,12.143712543570954,25.026296776851947,nan,nan,nan
200.28,218.90533447265625,-183.3046112060547,-32.05469512939453,219.4637344397843,-183.74848798407373,-32.0629214395124,0.7133756300374553,0.34512570900294276,0.07333818703163467,3.556787681383184e-05,11.685498271952042,25.225912028841773,nan,0.7172657128487873,nan
200.29,218.89837646484375,-183.296142578125,-32.05685806274414,219.45693096348438,-183.73993349706507,-32.06515787523988,0.7134440374499049,0.34517897147238036,0.07335398332058483,3.6278478288400036e-05,11.63583842848264,25.076287644247955,nan,nan,nan
200.3,218.8914031982422,-183.28765869140625,-32.0590934753418,219.481467703724,-183.73389853015996,-32.068061005928236,0.7398557500792046,0.3451085293240662,0.07334510802596679,3.552067676455297e-05,11.063586010742812,25.219244350052684,16.862904893473093,0.20084658134020736,nan
200.31,218.8843994140625,-183.27919006347656,-32.061405181884766,219.47467796468493,-183.72531583183942,-32.07045318156099,0.7399586710218418,0.3451615620510881,0.07336092645416742,3.623018601103524e-05,11.014070657808617,26.247344386634868,nan,nan,nan
200.32,218.8773956298828,-183.2707061767578,-32.06372833251953,219.4678712589562,-183.7167338069383,-32.07292412641386,0.7400585639254291,0.3452146805808652,0.07337680922665281,3.54965395546659e-05,11.093668216411912,25.100339944858213,nan,0.0007592270578519615,nan
200.33,218.870361328125,-183.26223754882812,-32.0660400390625,219.46104765297042,-183.70815192373095,-32.075363777086494,0.7401600476890859,0.3452678850594468,0.07339275672146575,3.620588383493503e-05,11.067875620548877,26.134380897818442,nan,nan,nan
200.34,218.8633270263672,-183.25376892089844,-32.06831741333008,219.45420749473206,-183.6995735029437,-32.07812569204851,0.7402551287218935,0.3453211756300461,0.0734087688601858,3.5473967260172407e-05,11.33502480538519,25.94191021847464,nan,0.08130659301316188,nan
200.35,218.85626220703125,-183.24530029296875,-32.070560455322266,219.48226911247298,-183.70285593870182,-32.080646618153494,0.7754634390373211,0.34525064167620073,0.07339995171524212,3.616093322394577e-05,11.220756573401347,26.926690425221263,10.678955995363028,nan,nan
200.36,218.84918212890625,-183.23683166503906,-32.07276153564453,219.47545294479536,-183.69428918232285,-32.08365450114369,0.7756295324774758,0.34530370220291257,0.07341598533574761,3.54315393149369e-05,11.71320568781551,27.37048617409883,nan,0.29527896449218793,nan
200.37,218.8420867919922,-183.2283477783203,-32.074920654296875,219.46862048247914,-183.68571751991502,-32.08597387924835,0.7757923173268946,0.34535684860149923,0.07343208385923672,3.6139784186589675e-05,11.70326573196021,26.497311783369078,nan,nan,nan
200.38,218.83497619628906,-183.21987915039062,-32.0770378112793,219.46177159051416,-183.67713525140482,-32.08683368461561,0.7759198201302256,0.34541008101593673,0.07344824724712253,3.5411948221117995e-05,10.989890700742887,26.494550923777524,nan,1.3873313694473495,nan
200.39000000000001,218.82785034179688,-183.21141052246094,-32.07911682128906,219.4549074397026,-183.66856422975258,-32.08905707574286,0.7760727574029633,0.34546339959109346,0.07346447581781138,3.612013654117304e-05,10.973340931191586,26.36831526485494,nan,nan,nan
200.4,218.82070922851562,-183.20294189453125,-32.08115005493164,219.41778402378313,-183.65606576816128,-32.08930577154539,0.7495906027363876,0.3453927741134337,0.0734557120128868,3.537246358143815e-05,10.775288969173216,24.77089549669034,13.00811266386439,2.2897287823878543,nan
200.41,218.8135528564453,-183.19447326660156,-32.08314514160156,219.41084197039936,-183.64751570645547,-32.0914284971988,0.749713513241384,0.34544586234400676,0.07347196136606228,3.6079750192701076e-05,10.754095365625847,24.677366628873603,nan,nan,nan
200.42000000000002,218.80638122558594,-183.18600463867188,-32.08509826660156,219.40388457079618,-183.63895151234757,-32.09141466975412,0.7498073184884273,0.3454990365133854,0.07348827579787752,3.5355650245771774e-05,9.938577626571089,23.847565520630916,nan,3.0431334901509888,nan
200.43,218.7991943359375,-183.1775360107422,-32.087013244628906,219.39691248493102,-183.63040253337658,-32.09343926248176,0.7499309079272943,0.3455522967661241,0.07350465559364439,3.606294860045569e-05,9.913185391645076,23.772987271129132,nan,nan,nan
200.44,218.79200744628906,-183.1690673828125,-32.08889389038086,219.38992573901695,-183.62184854452755,-32.09458976833908,0.7500330047460398,0.3456056432466943,0.07352110076438569,3.534015842624496e-05,9.644924908631518,23.006042646728474,nan,0.484436684087879,nan
200.45000000000002,218.7847900390625,-183.1605987548828,-32.09073257446289,219.3347529147505,-183.5949604836506,-32.09661114458612,0.7008308167024737,0.345534926530023,0.07351238582009684,3.602536249095999e-05,9.76781210848585,22.93986647207497,19.138606187384347,nan,nan
200.46,218.77755737304688,-183.15213012695312,-32.09253692626953,219.327658719539,-183.58640458746916,-32.100479802792584,0.7009057623934836,0.3455880423666093,0.07352885106945063,3.530467397801366e-05,10.553769603872208,23.679781255232292,nan,2.6687212494811408,nan
200.47,218.7703094482422,-183.14366149902344,-32.094303131103516,219.32055040992944,-183.57783684451985,-32.10237117082332,0.7009553764829551,0.345641244208627,0.07354538186273482,3.6011200733702146e-05,10.532802808639053,23.67437686586719,nan,nan,nan
200.48000000000002,218.7630615234375,-183.13519287109375,-32.09603500366211,219.3134278515655,-183.5692754144879,-32.1052212452062,0.7010100831302908,0.3456945322005276,0.07356197823816754,3.529167408794923e-05,11.075518199112466,23.81663134538529,nan,0.6851914391333026,nan
200.49,218.7557830810547,-183.12673950195312,-32.09773254394531,219.3062916156012,-183.5607085603208,-32.10705381172502,0.7010532620722082,0.3457479064868949,0.07357864044031082,3.5998293106943186e-05,11.055594592853543,24.944716405997195,nan,nan,nan
200.5,218.74850463867188,-183.11827087402344,-32.099395751953125,219.28535155765272,-183.55040550592108,-32.10897866386083,0.6892291249687308,0.3456770988175084,0.07356996961214647,3.6696253427193465e-05,11.447208763892233,23.670348303422912,3.2040181579814546,nan,nan
200.51,218.7412109375,-183.10980224609375,-32.10102844238281,219.27816621786323,-183.54184863689713,-32.11074802809777,0.689260130330089,0.3457302421616442,0.073586651154492,3.743074511437866e-05,11.428114931433008,23.605870945171386,nan,nan,nan
200.52,218.73388671875,-183.10133361816406,-32.10262680053711,219.27096767563776,-183.53328888924202,-32.11185827649969,0.6892942264461173,0.34578347157690825,0.0736033984772229,3.6626080092989164e-05,11.190175917091985,23.76486535357878,nan,0.25308084287955257,nan
200.53,218.72657775878906,-183.09288024902344,-32.10419464111328,219.26375580082998,-183.52473279808575,-32.1135579939208,0.6893072938525552,0.3458367872081725,0.0736202118095532,3.735897243282496e-05,11.16926458247684,23.77697919827611,nan,nan,nan
200.54,218.71923828125,-183.08441162109375,-32.10572814941406,219.2565311724447,-183.51617498723067,-32.11477009362469,0.6893366463647226,0.34589018919945935,0.07363709121645741,3.655853843072467e-05,11.018836971008279,23.274366072541504,nan,0.1349095280375357,nan
200.55,218.71188354492188,-183.07594299316406,-32.10723114013672,219.2597135336121,-183.50600734401172,-32.11629752534654,0.6965308620004845,0.34581929086550206,0.07362845981102867,3.726627215178008e-05,10.489244447539587,23.437661272316138,4.083466429519789,nan,nan
200.56,218.7045135498047,-183.06748962402344,-32.108707427978516,219.25248058533802,-183.4974181106048,-32.11449108326423,0.6965197960386995,0.3458724616173481,0.07364535781037372,3.647093902464255e-05,9.160045149536003,22.860161530318752,nan,7.548225776336331,nan
200.57,218.6971435546875,-183.05902099609375,-32.11015319824219,219.24523328075904,-183.48884503573146,-32.116031989374456,0.6965526635228872,0.34592571850608894,0.07366232199643022,3.720000087415373e-05,9.13308456025049,21.71974747271082,nan,nan,nan
200.58,218.68975830078125,-183.05055236816406,-32.111568450927734,219.23797194507452,-183.48028346505185,-32.12011817451641,0.6966204943835171,0.34597906167530895,0.07367935245309638,3.640862583806138e-05,10.173084899158328,22.810572666399967,nan,4.314657708770826,nan
200.59,218.68235778808594,-183.04209899902344,-32.11295700073242,219.23069985435941,-183.47171126637193,-32.12162876096493,0.6966497838418569,0.34603249127055774,0.07369644938120384,3.713637325400439e-05,10.150619175023268,23.577547650223877,nan,nan,nan
200.6,218.67494201660156,-183.03363037109375,-32.11431884765625,219.23990071973503,-183.46165477094524,-32.121961211223685,0.7088311708971199,0.3459615025612783,0.07368785265649157,3.632638802893832e-05,9.088400914443007,22.788764388643596,7.421368227529642,0.988203913431567,nan
200.61,218.6675262451172,-183.02517700195312,-32.11565017700195,219.23262981680062,-183.4530579712936,-32.123407773280846,0.7088613058653568,0.34601470062123707,0.07370496739971373,3.7051997079584955e-05,9.066353062669469,23.256733200108037,nan,nan,nan
200.62,218.66009521484375,-183.01670837402344,-32.11695861816406,219.2253461261056,-183.44446651676296,-32.12611805472555,0.7089213754997309,0.3460679848813974,0.07372214860440186,3.626911604512173e-05,9.718100292413071,23.088539973013543,nan,1.0922935946846954,nan
200.63,218.65264892578125,-183.0082550048828,-32.11823654174805,219.2180515266071,-183.43587090984562,-32.12752582727927,0.7089582174031654,0.3461213554878497,0.0737393964566732,3.699358993523476e-05,9.699415329061914,23.953346867442033,nan,nan,nan
200.64000000000001,218.6451873779297,-182.99978637695312,-32.11949157714844,219.21074509304222,-183.4272768956621,-32.12923132731915,0.7090123662128581,0.3461748125833447,0.07375671106254245,3.621426441663631e-05,9.949428071707302,23.42808479668179,nan,0.06845444522112207,nan
200.65,218.63771057128906,-182.9913330078125,-32.120723724365234,219.1800674693279,-183.41726466492614,-32.13058813789813,0.6896854993663569,0.3461037337917084,0.07374814432799125,3.691453728873416e-05,10.54308656370515,23.76588190142532,8.540548864229255,nan,nan
200.66,218.63023376464844,-182.98287963867188,-32.12192916870117,219.17270023963525,-183.4086987414381,-32.13427540261083,0.6897421360602738,0.34615695905699967,0.07376547595932477,3.613960176417246e-05,12.086956475938493,25.020854908418258,nan,3.6502468661066447,nan
200.67000000000002,218.62274169921875,-182.9744110107422,-32.123111724853516,219.1653237970538,-183.400125843559,-32.13561335700098,0.6897715147624435,0.3462102705881745,0.07378287441231383,3.686113753393411e-05,12.072500446074411,24.285409648327548,nan,nan,nan
200.68,218.615234375,-182.96595764160156,-32.124267578125,219.1579379866261,-183.39154797555514,-32.135036905815426,0.6897610606910524,0.34626366852739193,0.0738003398041586,3.608950245697861e-05,11.008430892538698,24.069311485051394,nan,2.3737468571946723,nan
200.69,218.60775756835938,-182.95750427246094,-32.125404357910156,219.15055283489718,-183.38297603438153,-32.13631125207917,0.6897621922866434,0.3463171530216592,0.07381787230418094,3.681013703801401e-05,10.989893208488628,23.614123054178584,nan,nan,nan
200.70000000000002,218.600341796875,-182.9490509033203,-32.12651824951172,219.12698695670454,-183.3723845996337,-32.13692245351611,0.6757771750120065,0.3424571998145236,0.07371811287023201,3.601950969909065e-05,13.61200147857622,26.01836084243634,4.638071226675262,0.3721107889076168,0.0005335090010477272
200.71,218.59304809570312,-182.94058227539062,-32.12760543823242,219.1197212108336,-183.36382447271217,-32.13814832770928,0.6757437978356373,0.34250673895901607,0.07373454154776125,3.673841234301292e-05,13.58527764292235,25.100096964431955,nan,nan,nan
200.72,218.5858917236328,-182.93212890625,-32.1286735534668,219.1126188648609,-183.35525359478044,-32.13737254680326,0.6756860630761641,0.342556361920987,0.07375103047226017,3.5973954658201906e-05,12.615660378815285,24.61695126884092,nan,2.6195275299311116,nan
200.73000000000002,218.57870483398438,-182.92367553710938,-32.12982940673828,219.10553044056354,-183.34669398100786,-32.13859133011117,0.6756971177435895,0.3426060702276326,0.07376757988072608,3.6692102965236564e-05,12.553234262082341,24.8711252930186,nan,nan,nan
200.74,218.57151794433594,-182.91522216796875,-32.13106918334961,219.09846638717693,-183.33812480238498,-32.13804658074585,0.6756996253389209,0.3426558626588459,0.07378418982953171,3.593057269210285e-05,11.765578256494598,23.759953839293786,nan,2.2916441113888455,nan
200.75,218.56431579589844,-182.90676879882812,-32.13239669799805,219.1106452581773,-183.33596741113095,-32.13946266367681,0.6947929605483611,0.34259238608222164,0.07377534458666818,3.662526311205317e-05,11.56025286367756,23.860369547194665,3.7306655980524686,nan,nan
200.76,218.5570831298828,-182.89830017089844,-32.13380432128906,219.10357677768832,-183.3274045355534,-32.139443673281505,0.694850822226325,0.3426419680733531,0.07379196692071206,3.586747191991034e-05,11.034810188599272,22.992531216102908,nan,1.467883108506559,nan
200.77,218.5498504638672,-182.8898468017578,-32.13529586791992,219.09646282270728,-183.31884945105705,-32.14097262196753,0.694881694591972,0.3426916353077051,0.07380864997143258,3.6583408508924454e-05,10.979450778845717,23.310889451584604,nan,nan,nan
200.78,218.5426025390625,-182.8813934326172,-32.13686752319336,219.08933046085383,-183.31029553356709,-32.14278704676824,0.6949125653093754,0.3427413866429229,0.07382539381175737,3.582831215176584e-05,11.027212356394323,23.407994482239978,nan,0.027556181181466907,nan
200.79,218.53533935546875,-182.87294006347656,-32.138519287109375,219.08218826097226,-183.30174076684378,-32.14448319318848,0.6949455639360003,0.34279122349233,0.07384219865402823,3.654368268067099e-05,10.973306849096074,23.382521459121104,nan,nan,nan
200.8,218.52806091308594,-182.86448669433594,-32.14025115966797,219.09318924902615,-183.30111661675124,-32.145943232034675,0.7141765362421129,0.3427276552986387,0.07383338814406426,3.576944997248689e-05,10.903915283746136,23.395275179759892,3.367403663304116,0.03174839939410121,nan
200.81,218.52076721191406,-182.8560333251953,-32.14206314086914,219.08604963696823,-183.2925745084857,-32.14779651545542,0.7142445634149657,0.3427772814192102,0.07385020491338591,3.6483421986487504e-05,10.850442391110654,23.352218177843977,nan,nan,nan
200.82,218.51345825195312,-182.8475799560547,-32.143951416015625,219.07892211229986,-183.28402718973197,-32.14846047469456,0.714321983949088,0.34282699161569724,0.0738670827167732,3.573428837985939e-05,10.469895589783233,23.036346817389997,nan,1.08920959691662,nan
200.83,218.50613403320312,-182.83912658691406,-32.14591979980469,219.07175591758568,-183.27548547112278,-32.15045876545036,0.7143933049304676,0.3428767872246356,0.07388402175295096,3.644781213668259e-05,10.41782177386623,22.984731308345353,nan,nan,nan
200.84,218.49880981445312,-182.83067321777344,-32.1479606628418,219.0645465043078,-183.26695014371433,-32.15406019496618,0.7144457730634922,0.3429266672163339,0.07390102211514914,3.570103580692866e-05,10.847093630711505,23.138212756052752,nan,1.578628709129998,nan
200.85,218.49147033691406,-182.8222198486328,-32.15007781982422,219.0662930191633,-183.25444806843683,-32.15638859608813,0.719223314360862,0.3428630085985239,0.07389224280526305,3.6391666762364475e-05,10.129270304891653,23.59109876878382,10.277986613328823,nan,nan
200.86,218.48410034179688,-182.8137664794922,-32.15226745605469,219.05912920781157,-183.24587362515516,-32.157489700430915,0.7193066480434223,0.3429126776117659,0.07390925462035652,3.5648046148267934e-05,9.752191185420749,23.680956058801947,nan,0.8910316875852398,nan
200.87,218.4767303466797,-182.80531311035156,-32.1545295715332,219.0519306427276,-183.23730399557738,-32.15979869646794,0.7193742205343231,0.3429624319356144,0.07392632789648797,3.635993732861809e-05,9.703762041765815,23.294541214075483,nan,nan,nan
200.88,218.4693603515625,-182.79685974121094,-32.15686798095703,219.0447276972236,-183.22873339247727,-32.1617727430637,0.7194348405537095,0.34301227061551703,0.07394346273795892,3.561846644806967e-05,9.569365308154957,22.749598178480504,nan,0.11378346944674798,nan
200.89000000000001,218.4619598388672,-182.7884063720703,-32.159217834472656,219.03750485139022,-183.22016481977298,-32.16419556944798,0.7195083018619314,0.34306219487751005,0.07396065932699716,3.633005758802747e-05,9.5293136614903,23.195279983442468,nan,nan,nan
200.9,218.45455932617188,-182.7799530029297,-32.16155242919922,219.01704169621607,-183.20534611237852,-32.166367270232904,0.7052438563158564,0.3429984446588333,0.0739519075265474,3.556913227287691e-05,9.40021395900348,22.693954634566374,1.6591818427299332,0.049928420079514986,nan
200.91,218.4471435546875,-182.77149963378906,-32.16385269165039,219.00977342512076,-183.19676767910326,-32.16876501106608,0.7052867589506712,0.3430481576514302,0.07396911506596036,3.6279584641038885e-05,9.367688653110537,22.762434341152744,nan,nan,nan
200.92000000000002,218.43971252441406,-182.7630615234375,-32.16611862182617,219.00244778936266,-183.18819745082968,-32.173581870263384,0.7053135722879663,0.3430979549716595,0.07398638440552593,3.5543001825315284e-05,10.222537243986832,24.389398097477308,nan,4.116896614921652,nan
200.93,218.43226623535156,-182.75460815429688,-32.16834259033203,218.99515602311251,-183.17962003625502,-32.175931492513435,0.705363455537278,0.3431478377725965,0.0740037157186139,3.625324694446069e-05,10.19843083005202,23.635720459747898,nan,nan,nan
200.94,218.42481994628906,-182.74615478515625,-32.17052459716797,218.9878683310474,-183.17104055885193,-32.177388212860464,0.7054066298868447,0.3431978052071335,0.0740211091227428,3.5518514239335767e-05,9.89130394358736,23.00828273986009,nan,0.4976499553934905,nan
200.95000000000002,218.4173583984375,-182.73770141601562,-32.17266082763672,218.97861024225134,-183.15520320937284,-32.179580971065434,0.6995421845936074,0.3431339643916314,0.0740123811736278,3.620628663032574e-05,9.290528399767608,23.379297090591706,5.872285586422722,nan,nan
200.96,218.40988159179688,-182.72926330566406,-32.17475891113281,218.9712877059806,-183.1465971346231,-32.1816185975402,0.6995651543166506,0.3431837203026613,0.07402978500780033,3.5474196392246086e-05,9.248605407786009,24.152077169830218,nan,0.021999160249124707,nan
200.97,218.4023895263672,-182.72080993652344,-32.176815032958984,218.96395083557954,-183.13799197834786,-32.18379258310823,0.6996003475064642,0.34323356159332097,0.0740472510386001,3.6183261054883435e-05,9.223403422323406,23.37355706460773,nan,nan,nan
200.98000000000002,218.3948974609375,-182.71237182617188,-32.178829193115234,218.95659747909033,-183.12938806560302,-32.186240747130654,0.6996173135901619,0.34328348748679965,0.07406477939050747,3.5452839411281524e-05,9.382364069464563,24.04743873088941,nan,0.06800944135150319,nan
200.99,218.38739013671875,-182.70391845703125,-32.18080139160156,218.9492388693662,-183.12078370571322,-32.188338055493816,0.6996480795649102,0.3433334990324627,0.07408237022651236,3.6161810633640076e-05,9.360214625656827,23.317926309005678,nan,nan,nan
201.0,218.37986755371094,-182.69546508789062,-32.182735443115234,218.92546821554367,-183.10046980958154,-32.18954544670607,0.6795257779754663,0.34326956662010333,0.07407366236833618,3.5411613178890784e-05,8.660473607671946,23.260732976550848,5.7868961921364095,0.5534223200032952,nan
201.01,218.37234497070312,-182.68702697753906,-32.18463134765625,218.91806345161177,-183.09183565639077,-32.19155813959682,0.6795047515106093,0.3433193663497951,0.07409126308841614,3.6119645662292136e-05,8.635340996372799,23.74860288382155,nan,nan,nan
201.02,218.36480712890625,-182.67857360839844,-32.186492919921875,218.9106482324865,-183.08320202894276,-32.19353370995759,0.6794970506148079,0.3433692510684731,0.07410892636203371,3.684201173386321e-05,8.610017878997452,22.91120044624086,nan,nan,nan
201.03,218.3572540283203,-182.67013549804688,-32.18831253051758,218.90322273105224,-183.07456888730334,-32.1954730300189,0.6794847043615954,0.34341922092063754,0.07412665233368913,3.7578855893804e-05,8.58526115735248,23.868688907601303,nan,nan,nan
201.04,218.34970092773438,-182.6616973876953,-32.19009780883789,218.89577953576207,-183.06593696551153,-32.197823155040645,0.6794638793876036,0.3434692756144717,0.0741444411418686,3.676454820402646e-05,8.801201604992208,23.763608229728522,nan,0.1272846211795653,nan
201.05,218.34213256835938,-182.6532440185547,-32.19184875488281,218.90174809825737,-183.06701769530846,-32.19967863646096,0.6960168847972603,0.3434052524318837,0.07413574961215592,3.7475741396071864e-05,9.123257720630544,22.812237144486076,3.9128663226083584,nan,nan
201.06,218.3345489501953,-182.64480590820312,-32.19356155395508,218.89431376865505,-183.05841110944775,-32.201439622516354,0.6960373398361083,0.34345509505362826,0.07415354773950987,3.666716472629369e-05,9.137053362414116,23.779559114099065,nan,0.003870387948953815,nan
201.07,218.32696533203125,-182.6363525390625,-32.19524383544922,218.886868393109,-183.0498051232839,-32.20324403947874,0.6960592506878407,0.343505023158186,0.07417140878927701,3.739967739767598e-05,9.114684144840787,22.602837917078244,nan,nan,nan
201.08,218.31936645507812,-182.62791442871094,-32.1968879699707,218.8794643228807,-183.04119449903888,-32.20182512762602,0.6960850620240073,0.3435550360739494,0.07418933289707597,3.659564372085811e-05,8.027218316331155,22.4695039920277,nan,6.562343722111175,nan
201.09,218.31175231933594,-182.61947631835938,-32.19850540161133,218.87199929141778,-183.03258946608435,-32.20353286980525,0.6961066139511582,0.3436051347441389,0.07420732021538588,3.732661427718132e-05,7.996159420385194,22.4378629017397,nan,nan,nan
201.1,218.30413818359375,-182.6110382080078,-32.2000846862793,218.91328693237557,-183.04017489980882,-32.20495600466806,0.7451471184505867,0.3435410199309438,0.07419864118532885,3.6504347695531974e-05,7.647676080875948,22.90631948059889,22.25243938023114,0.032092970771284236,nan
201.11,218.2965087890625,-182.6025848388672,-32.201637268066406,218.90588629058507,-183.03158135000126,-32.206598679365925,0.7452540248325962,0.3435909062328386,0.07421663723432774,3.723295845223628e-05,7.619175386558394,22.11784752905354,nan,nan,nan
201.12,218.28887939453125,-182.59414672851562,-32.203155517578125,218.89848921500578,-183.02298727006496,-32.207380916593834,0.7453497147595611,0.34364087731250736,0.07423469655878141,3.6438545891500656e-05,7.407854034311521,22.44857141408861,nan,0.44826293590545707,nan
201.13,218.28123474121094,-182.58570861816406,-32.20464324951172,218.89107033313726,-183.01439467796644,-32.20895542372872,0.7454460288280403,0.3436909340440382,0.07425281930817139,3.7165817683822054e-05,7.378110060864223,22.55276785932519,nan,nan,nan
201.14000000000001,218.27357482910156,-182.5772705078125,-32.20610427856445,218.8836786090085,-183.00579966607776,-32.208110214623794,0.745565480370274,0.3437410758582725,0.0742710056226018,3.63754840965422e-05,6.948392207442274,22.232576956222537,nan,3.730212563958633,nan
201.15,218.2659149169922,-182.56883239746094,-32.20753479003906,218.8850852484265,-183.00244467997086,-32.209723853231324,0.7559076020715724,0.3436768701330233,0.07426233524390274,3.707819589959573e-05,7.064617703431376,22.021136894641728,1.6389785312717264,nan,nan
201.16,218.25823974609375,-182.56039428710938,-32.20893859863281,218.877640325059,-182.99386522023872,-32.212120114051636,0.7560186830567474,0.34372679931726613,0.07428052968099812,3.6292773189373736e-05,7.174776740998858,22.268296870923383,nan,0.5650130203802484,nan
201.17000000000002,218.2505645751953,-182.55194091796875,-32.21031188964844,218.8702004402117,-182.98528527370985,-32.21357008127181,0.7561392409337941,0.3437768140521823,0.07429878775427222,3.7016727163166547e-05,7.144843071689792,21.195846489905144,nan,nan,nan
201.18,218.2428741455078,-182.5435028076172,-32.2116584777832,218.86274256121985,-182.97670637576363,-32.21564827732607,0.7562526712366349,0.3438269138324708,0.07431710960582431,3.62350899259307e-05,7.258477455633672,22.236014657471056,nan,0.28210880960598705,nan
201.19,218.23516845703125,-182.53506469726562,-32.21297836303711,218.85528564988297,-182.96812723961,-32.217051974015206,0.7563762904523607,0.3438770994375045,0.07433549538215509,3.695797080881812e-05,7.22934056339876,22.36576915852529,nan,nan,nan
201.20000000000002,218.2274627685547,-182.52662658691406,-32.214271545410156,218.847019796555,-182.94796711718615,-32.21792852123018,0.7492610538835566,0.3438128020702832,0.07432682976196067,3.6157827942263854e-05,6.323085127058046,22.642410162341232,14.404709185051544,0.14696200619646047,nan
201.21,218.21975708007812,-182.5181884765625,-32.215538024902344,218.8395500567319,-182.939341007147,-32.21927618283321,0.7493508936084475,0.34386277474930926,0.07434522303113941,3.687881429384562e-05,6.295251957671621,22.328660189370773,nan,nan,nan
201.22,218.2120361328125,-182.50975036621094,-32.21678161621094,218.83207092445514,-182.93071540451257,-32.22068622740781,0.7494464305794124,0.3439128324335464,0.07436368028792725,3.610527617848675e-05,6.3018139688060435,22.451301151353775,nan,0.0050111424033553904,nan
201.23000000000002,218.2042999267578,-182.50131225585938,-32.21799850463867,218.82458488209699,-182.92209009658666,-32.22198618557516,0.7495487433559511,0.3439629758436193,0.07438220167765093,3.6825355257286954e-05,6.27465126653266,22.62749802140185,nan,nan,nan
201.24,218.19656372070312,-182.4928741455078,-32.21919250488281,218.81709536399146,-182.91346506688967,-32.22292846828545,0.7496467173899335,0.344013204561443,0.07440078734417346,3.605517673942771e-05,6.193735106806856,22.22729472701787,nan,0.07423490330057297,nan
201.25,218.18881225585938,-182.4844512939453,-32.22036361694336,218.84067139513147,-182.91335255654803,-32.224264324226,0.7803152222224455,0.3439488161113247,0.07439212256306728,3.675154100924271e-05,5.947766940069645,24.036984907424433,10.382122370273654,nan,nan
201.26,218.18106079101562,-182.47601318359375,-32.22150802612305,218.8332176197894,-182.90472848555132,-32.22533618545738,0.7804613983104586,0.34399883163619027,0.07441071507281231,3.598552906607269e-05,5.906165665459833,22.898684894099215,nan,0.016524697965646443,nan
201.27,218.17335510253906,-182.4675750732422,-32.222633361816406,218.82577960756382,-182.89610482407738,-32.22654157166552,0.7805835997584727,0.34404893278921467,0.07442937192034473,3.6703113507850584e-05,5.881211213030155,22.669997089320834,nan,nan,nan
201.28,218.16574096679688,-182.45913696289062,-32.223731994628906,218.8184042963803,-182.88748159177126,-32.22832636293499,0.7806853726655427,0.34409911920614544,0.07444809325004784,3.594019548632102e-05,6.0192864872093415,23.021947206530946,nan,0.24186124623575236,nan
201.29,218.1582489013672,-182.45069885253906,-32.22481155395508,218.81114730261757,-182.8788586363902,-32.22949451072113,0.7807810531428281,0.34414939152762936,0.0744668792064681,3.665708641510958e-05,5.997671788805773,22.943929809197705,nan,nan,nan
201.3,218.1507568359375,-182.4422607421875,-32.22597885131836,218.81032561852473,-182.8740765558796,-32.23050605919342,0.788363096250277,0.3440849114104893,0.07445821131382363,3.587533018919782e-05,6.030473845741064,22.53146064786647,0.6198161084790058,0.03682570862382436,nan
201.31,218.1432342529297,-182.433837890625,-32.227230072021484,218.80312415907736,-182.8654628561803,-32.23179259541716,0.7885274984082227,0.34413497024313716,0.0744770034434775,3.659070024149857e-05,5.993171605911262,23.945819399052073,nan,nan,nan
201.32,218.13571166992188,-182.42539978027344,-32.22856521606445,218.7959149528532,-182.85684945597896,-32.23291109641445,0.7886926423745246,0.3441851142931883,0.07449586025690848,3.583450673040831e-05,5.917893541175777,22.64722819066268,nan,0.04333765559274942,nan
201.33,218.12818908691406,-182.41696166992188,-32.22998046875,218.78869214669984,-182.84823619906444,-32.23436551362208,0.7888480462624318,0.34423534415217005,0.07451478189866083,3.654931626479646e-05,5.884016085739896,22.313361151126372,nan,nan,nan
201.34,218.12063598632812,-182.4085235595703,-32.231483459472656,218.78146760018325,-182.83962333421078,-32.23518560039839,0.789024171627756,0.34428565952887075,0.07453376851312987,3.579583344786864e-05,5.707650395439113,22.636154234015873,nan,0.3477561946471032,nan
201.35,218.1130828857422,-182.4001007080078,-32.233062744140625,218.78862324956083,-182.83393760270775,-32.23675401654976,0.8028591780898466,0.34422108816984903,0.07452509353231905,3.648757085825448e-05,5.514822869554474,23.658361204002542,2.682079335125559,nan,nan
201.36,218.10552978515625,-182.39166259765625,-32.23472595214844,218.7813937970916,-182.82532080691976,-32.23855243427721,0.8030356449476322,0.34427118978590887,0.07454408563030639,3.5737591269153044e-05,5.519423045374581,22.384179394301107,nan,0.007265862298942363,nan
201.37,218.0979461669922,-182.3832244873047,-32.23646926879883,218.7741555252674,-182.8167042468065,-32.240329178119715,0.8032301644091001,0.3443213771163386,0.07456314275482989,3.6450562278358515e-05,5.486566508922998,22.984993048874692,nan,nan,nan
201.38,218.09036254882812,-182.37478637695312,-32.23828887939453,218.76693260924765,-182.80808889614852,-32.239965632058095,0.8034307258853401,0.34437164991456093,0.07458226504989346,3.5703057468865116e-05,5.125151033558299,22.300574669107416,nan,3.3423464509026375,nan
201.39000000000001,218.08277893066406,-182.36636352539062,-32.24018859863281,218.75967473424785,-182.7994727315511,-32.241879329883986,0.8036008785102651,0.3444220087056902,0.0746014526606241,3.641563626719952e-05,5.093057070513198,22.678650737343748,nan,nan,nan
201.4,218.07516479492188,-182.35792541503906,-32.24216079711914,218.78114304254422,-182.8150238990254,-32.24415454344049,0.841040002141934,0.344357345643478,0.07459276659038165,3.564893409021018e-05,5.8910797609010634,22.60460311850047,23.617074298896483,0.043388055512420094,nan
201.41,218.06756591796875,-182.34950256347656,-32.24421310424805,218.77390815476483,-182.8064746397251,-32.24622667614118,0.8412769391970518,0.3444074903781464,0.07461195897570605,3.636028630051353e-05,5.8588133166185,22.339427345313304,nan,nan,nan
201.42000000000002,218.0599365234375,-182.341064453125,-32.246337890625,218.7666662901005,-182.79792610049589,-32.24815521225618,0.8415419363192025,0.34445772052821555,0.07463121672574062,3.561828682338826e-05,5.808457868689084,22.2576217595173,nan,0.032921331544911746,nan
201.43,218.05230712890625,-182.33262634277344,-32.24853515625,218.75941296684044,-182.78937793925894,-32.25037661243749,0.8417981218163677,0.3445080365784249,0.0746505399862979,3.632935149451976e-05,5.777968283868662,21.909177342218424,nan,nan,nan
201.44,218.04466247558594,-182.32420349121094,-32.25080871582031,218.75216878725453,-182.78083162382296,-32.25092949871633,0.8420655836288242,0.34455843834232575,0.07466992890036263,3.55894881000583e-05,5.653102524887476,22.633133920966696,nan,2.0733047534439377,nan
201.45000000000002,218.03701782226562,-182.31576538085938,-32.25315475463867,218.7367097933824,-182.7733815313194,-32.25320566888905,0.8360510739179653,0.34449368389165025,0.07466122771915093,3.627795869864759e-05,5.8956191775552815,21.096454633971636,2.638300604780171,nan,nan
201.46,218.02935791015625,-182.30734252929688,-32.25551223754883,218.729404324387,-182.76484705177188,-32.25653028262714,0.8362872751502215,0.34454387132285275,0.074680620679503,3.554101729194639e-05,5.892734528983003,22.090346271998953,nan,0.5913764473949029,nan
201.47,218.02169799804688,-182.2989044189453,-32.25785446166992,218.72209959187975,-182.75631369602618,-32.258934307770076,0.8365326087313525,0.34459414456230386,0.07470007934179126,3.625075567934932e-05,5.865166763910109,20.95460779545181,nan,nan,nan
201.48000000000002,218.01402282714844,-182.2904815673828,-32.260162353515625,218.7147801206674,-182.74778011336963,-32.261939846053046,0.8367711180851051,0.34464450345991776,0.07471960384811137,3.5515744663941615e-05,5.890502591272991,21.992668027498134,nan,0.2670500238682382,nan
201.49,218.00633239746094,-182.28204345703125,-32.26243591308594,218.70745858430826,-182.7392475996574,-32.26429354426464,0.8370286785476189,0.3446949484462519,0.07473919434560528,3.622532491535337e-05,5.866365273804194,21.305657408215065,nan,nan,nan
201.5,217.99864196777344,-182.27362060546875,-32.26466369628906,218.66514974625284,-182.72031112911148,-32.265176749836115,0.802349865027534,0.3446301022477431,0.07473047400965599,3.547075540754706e-05,5.95608074125693,20.78788322021884,11.720584309576212,1.5004512921831117,nan
201.51,217.99095153808594,-182.26519775390625,-32.26685333251953,218.65775145893963,-182.71177545606776,-32.26743684075044,0.8025298243680384,0.34468033260552,0.07475006780687483,3.617933582293307e-05,5.926772152946267,20.34099963261837,nan,nan,nan
201.52,217.98324584960938,-182.2567596435547,-32.26899719238281,218.65034250753382,-182.70324003522379,-32.26989881369733,0.8027225573508895,0.3447306485636701,0.07476972763508663,3.544876733992216e-05,5.9100218914677685,19.835286174372616,nan,0.040785782320962666,nan
201.53,217.97552490234375,-182.2483367919922,-32.27110290527344,218.6429276100278,-182.69470521356138,-32.2720782050061,0.8029147484059286,0.34478105052016256,0.07478945364245476,3.615727030600354e-05,5.882207358310197,20.6281884054058,nan,nan,nan
201.54,217.96780395507812,-182.2399139404297,-32.273162841796875,218.63551362421825,-182.68617191878528,-32.27322234823911,0.8031079560371989,0.34483153837351377,0.07480924596954867,3.542833799933774e-05,5.825228765256426,20.36592860931221,nan,0.6807359074015521,nan
201.55,217.96006774902344,-182.2314910888672,-32.275184631347656,218.61201992028123,-182.67217712348275,-32.275465002458624,0.7869217834835296,0.3447666006527211,0.07480050242345253,3.6114593127402363e-05,5.857597611050686,20.14694767877242,3.370145350335055,nan,nan
201.56,217.95233154296875,-182.22305297851562,-32.277164459228516,218.60453679686918,-182.6636364722537,-32.27944252022697,0.7870773136939532,0.3448168735972762,0.07482029728486313,3.538808194455221e-05,5.972424483545619,19.31216369491672,nan,2.5611498199699696,nan
201.57,217.944580078125,-182.21463012695312,-32.27910232543945,218.5970626324763,-182.65509867659077,-32.28147424640507,0.787243071078917,0.344867232450477,0.07484015850994258,3.6095649250208926e-05,5.951083271987381,20.252376797319165,nan,nan,nan
201.58,217.93682861328125,-182.20620727539062,-32.281005859375,218.58958009527527,-182.64656114530607,-32.283522043003885,0.7874022854773437,0.344917677139909,0.07486008623817023,3.537059814161111e-05,5.944063634142477,19.85709239086165,nan,0.0020311578749767608,nan
201.59,217.92906188964844,-182.19778442382812,-32.28287124633789,218.5820905648635,-182.63802406086236,-32.28547883745743,0.7875685292091302,0.3449682080201694,0.07488008061934373,3.6078184738855983e-05,5.923409386090227,20.034185676151512,nan,nan,nan
201.6,217.92129516601562,-182.18936157226562,-32.284698486328125,218.60391877026044,-182.65255725394294,-32.286751746878075,0.8249420831037644,0.3449031785010821,0.07487130978560654,3.533322970798848e-05,6.575473598554598,19.88979693740575,19.4732484733871,0.3190789063297147,nan
201.61,217.91351318359375,-182.18093872070312,-32.2864875793457,218.5964582034596,-182.644080739878,-32.288629970932824,0.8251781746548269,0.34495349417654636,0.07489130591824293,3.603998681306716e-05,6.553341344570216,20.11984735316384,nan,nan,nan
201.62,217.90573120117188,-182.17251586914062,-32.28824234008789,218.58899088744388,-182.63560477539997,-32.29039640508642,0.8254088526185178,0.3450038956255612,0.07491136873395937,3.531846751060438e-05,6.52758739243199,19.797837085408528,nan,0.004101536874773833,nan
201.63,217.89794921875,-182.16409301757812,-32.28996276855469,218.58151574173942,-182.62712920606063,-32.29220474719855,0.8256335323038273,0.34505438317693465,0.07493149838366348,3.6025304678920766e-05,6.506351366632763,19.49193583089463,nan,nan,nan
201.64000000000001,217.89013671875,-182.15567016601562,-32.291648864746094,218.57402920013595,-182.61865335147658,-32.29449417726818,0.8258755668496068,0.34510495679676745,0.07495169500517027,3.530499422388379e-05,6.566374253604436,20.227730427863627,nan,0.18372506380628023,nan
201.65,217.88233947753906,-182.14723205566406,-32.29330062866211,218.57053865140787,-182.6079387754557,-32.296204401140685,0.8281770441575184,0.345039835634567,0.0749428928045511,3.598982612270632e-05,6.314820120892419,19.035220137044305,1.427532274462378,nan,nan
201.66,217.87452697753906,-182.13882446289062,-32.294918060302734,218.56304757944653,-182.5994512228557,-32.29823354751389,0.8284012455944204,0.3450901937657945,0.07496309037649232,3.527151244570046e-05,6.362493206545707,20.70233421923275,nan,0.06899736456431373,nan
201.67000000000002,217.86669921875,-182.13040161132812,-32.296504974365234,218.55555194635414,-182.59096464272514,-32.29991923256062,0.8286422891551579,0.34514063791139854,0.07498335495998518,3.597770375276077e-05,6.34611814211121,20.162053030868837,nan,nan,nan
201.68,217.85887145996094,-182.12197875976562,-32.29806137084961,218.54805587042068,-182.58247995634835,-32.30069535613804,0.8288808367632641,0.34519116806024314,0.07500368669175733,3.526045095672926e-05,6.190499070307868,19.72164361141612,nan,0.5370964896799062,nan
201.69,217.85104370117188,-182.11355590820312,-32.29958724975586,218.54054671611854,-182.57399407548075,-32.30231128080458,0.8291110503736396,0.3452417845071295,0.07502408572435161,3.596679220085301e-05,6.17202551436838,19.454297443293804,nan,nan,nan
201.70000000000002,217.84320068359375,-182.10513305664062,-32.30107879638672,218.5365797985903,-182.57045358670806,-32.30138099276374,0.8350436420560887,0.34517657149296643,0.0750152480547621,3.522931771920559e-05,6.172793279462807,19.541647080484143,1.3627172744354412,4.183400041066997,nan
201.71,217.83535766601562,-182.09671020507812,-32.30254364013672,218.52906170258714,-182.5619835918714,-32.30291275113301,0.8352872266811214,0.3452269721550075,0.07503564722003017,3.593495363463079e-05,6.146079567410134,19.20472089107828,nan,nan,nan
201.72,217.82749938964844,-182.08828735351562,-32.303977966308594,218.51755178635833,-182.55981531191975,-32.306096329052465,0.8357723453324692,0.34493546417818216,0.07419546931298732,3.5220142701125396e-05,8.733435263620505,22.085719630765496,nan,1.9771835157913078,0.04618173829955641
201.73000000000002,217.81964111328125,-182.07986450195312,-32.30538558959961,218.51001529002852,-182.55135863327428,-32.307588378226214,0.83601918163849,0.34498502840980144,0.0742124975816227,3.592596599220157e-05,8.69966472680623,21.78399928214307,nan,nan,nan
201.74,217.81178283691406,-182.07144165039062,-32.3067626953125,218.5024873261684,-182.54288992865946,-32.3081122408369,0.8362643074003926,0.3450346770888439,0.07422958609965097,3.521234688258475e-05,8.575356906082474,21.51880840710864,nan,0.6172961870692834,nan
201.75,217.8039093017578,-182.0630340576172,-32.3081169128418,218.4871114077236,-182.52328518494105,-32.30955447861004,0.8237707717528652,0.34497048555434756,0.07422060992446759,3.5896328183169256e-05,7.854809664721798,22.53000737113378,10.26474775258088,nan,nan
201.76,217.79603576660156,-182.0546112060547,-32.30944061279297,218.47953474501563,-182.51479973563772,-32.31182330179508,0.8239842313174126,0.3450199234396691,0.07423770827511542,3.5184352031528325e-05,7.918054676043728,21.746080530432817,nan,0.5243693933457959,nan
201.77,217.78814697265625,-182.0461883544922,-32.31073760986328,218.47196524271345,-182.50630369091107,-32.31320869258492,0.8242085024565695,0.34506944626177277,0.07425486744114082,3.5889738173992595e-05,7.886247231958641,21.98491581269914,nan,nan,nan
201.78,217.78025817871094,-182.0377655029297,-32.312007904052734,218.46439009606658,-182.49780775337553,-32.314548012701216,0.8244281683032945,0.34511905350343075,0.07427208711856192,3.517848965211263e-05,7.859392556482386,21.76333705089046,nan,0.0003060918061107755,nan
201.79,217.77236938476562,-182.0293426513672,-32.313255310058594,218.45680862309305,-182.48931251261513,-32.31588340471782,0.8246431052887173,0.34516874595449837,0.07428936789113304,3.5884118928592984e-05,7.82880251022115,21.440889958727283,nan,nan,nan
201.8,217.76446533203125,-182.02093505859375,-32.314476013183594,218.44806647291432,-182.4752718600356,-32.31630073787417,0.8208140950186265,0.34510447598592114,0.07428041920594264,3.51523655223492e-05,7.2867118444079795,22.623443367461707,3.9134797743380343,0.6100521280243382,nan
201.81,217.7565460205078,-182.01251220703125,-32.315673828125,218.44047468526253,-182.46675383325322,-32.31757992880116,0.8210344126074979,0.345153957384929,0.07429770934783832,3.585737699548782e-05,7.253734640813674,22.099442831199053,nan,nan,nan
201.82,217.74864196777344,-182.00408935546875,-32.31684875488281,218.4328619310521,-182.45824882692543,-32.31991634027066,0.8212351634842224,0.3452035231724239,0.07431506025854583,3.5148258275439667e-05,7.381479384666163,21.51261924749532,nan,0.8171482158841414,nan
201.83,217.74072265625,-181.9956817626953,-32.317996978759766,218.42525901880552,-182.44973133465555,-32.32116031485788,0.8214384043574349,0.3452531740733052,0.07433247248407958,3.585354458196951e-05,7.352933968900678,22.57648189191565,nan,nan,nan
201.84,217.7327880859375,-181.9872589111328,-32.319122314453125,218.41765947500107,-182.44120661040895,-32.32172824413138,0.8216593723103629,0.34530290966643595,0.07434994577606566,3.5144979769484823e-05,7.228315727341211,21.976698657397225,nan,0.29937568532269426,nan
201.85,217.72486877441406,-181.9788360595703,-32.320335388183594,218.43243819505497,-182.44021858692588,-32.32289324506391,0.8447099290330035,0.3452385617363569,0.07434102145702805,3.5828526794860755e-05,7.078404259977387,21.809889698127215,5.134700048177068,nan,nan
201.86,217.71693420410156,-181.97042846679688,-32.321632385253906,218.42488822587364,-182.4316806194947,-32.321924236234004,0.84495711754422,0.34528808605086236,0.07435850365214981,3.512131633099941e-05,6.859548114500268,22.658863041766892,nan,3.7136278973074606,nan
201.87,217.708984375,-181.96200561523438,-32.32301712036133,218.4173019882345,-182.42316885603105,-32.32331894801493,0.8452132671582041,0.34533769538431197,0.07437604737910783,3.582630839182222e-05,6.822103763766978,22.105949564777333,nan,nan,nan
201.88,217.70103454589844,-181.95359802246094,-32.32447814941406,218.40970605613487,-182.41466107977192,-32.32513704171777,0.8454554313367416,0.3453873893747314,0.07439365242487486,3.511955357498955e-05,6.793604767442265,22.809039431976693,nan,0.0806426603373923,nan
201.89000000000001,217.69308471679688,-181.94517517089844,-32.32602310180664,218.40210932238531,-182.40614993237523,-32.326702730992174,0.8457033072799564,0.3454371686594395,0.07441131928332734,3.5824851725152756e-05,6.75740433981973,21.78388804539517,nan,nan,nan
201.9,217.6851348876953,-181.936767578125,-32.32765197753906,218.39166492114072,-182.4042326490394,-32.32710288368963,0.8471768305315076,0.34537274208631585,0.07440241536203973,3.509734787388456e-05,7.324670226209534,21.74907380805716,8.68182446889676,1.2042028294237908,nan
201.91,217.6771697998047,-181.9283447265625,-32.3293571472168,218.384048429999,-182.39575490377777,-32.328820388308856,0.8474372895382533,0.34542230983301353,0.07442009061644157,3.5802086426386915e-05,7.287287499690106,21.46117927802218,nan,nan,nan
201.92000000000002,217.66920471191406,-181.91993713378906,-32.33114242553711,218.37643045049907,-182.38727456781155,-32.33034228328336,0.8476869485744466,0.34547196219838266,0.07443782743738117,3.509694731209327e-05,7.259835787492653,21.921308619008204,nan,0.053502734381516315,nan
201.93,217.66123962402344,-181.91151428222656,-32.333003997802734,218.3688041381623,-182.37879744803888,-32.33221701660442,0.8479396901074623,0.3455216997661495,0.07445562628582704,3.580201371017551e-05,7.222834647381582,21.0967008928176,nan,nan,nan
201.94,217.65325927734375,-181.90310668945312,-32.33494567871094,218.36117481039332,-182.37031921575473,-32.33402837771411,0.848193838758046,0.3455715222537401,0.07447348699732828,3.5097189751199284e-05,7.192174250405394,21.99284893394266,nan,0.014164399659997903,nan
201.95000000000002,217.64527893066406,-181.89468383789062,-32.33695983886719,218.33067089804769,-182.35130702493817,-32.33608141658384,0.823570067164388,0.34550701735772765,0.07446460016905741,3.5780575964666714e-05,7.057965631572105,20.762394205096413,4.766364325585519,nan,nan
201.96,217.6372833251953,-181.8862762451172,-32.33905029296875,218.32300243823232,-182.34280532862397,-32.33735652687169,0.8237914632450347,0.34555662807376014,0.07448246876441915,3.507687519526065e-05,7.080981507494395,21.761429531872345,nan,0.4862498179159889,nan
201.97,217.62930297851562,-181.87786865234375,-32.341217041015625,218.31531930947367,-182.3343123302389,-32.3395308446376,0.8239915537733439,0.34560632390168483,0.07450039959947989,3.5781740106117595e-05,7.0423154954960445,21.027788243775564,nan,nan,nan
201.98000000000002,217.62130737304688,-181.8694610595703,-32.34345626831055,218.3076367448092,-182.3258153671553,-32.34133000022542,0.8242037257929621,0.34565610460721535,0.07451839254023486,3.5078277131039375e-05,7.055316193974387,21.386736261401797,nan,0.14223816168669245,nan
201.99,217.61331176757812,-181.8610382080078,-32.345767974853516,218.29994464856046,-182.3173233037997,-32.34364827896375,0.8244181554275528,0.34570597070249637,0.07453644800266741,3.578348820118759e-05,7.0171163034488435,20.503434631178617,nan,nan,nan
202.0,217.6053009033203,-181.85263061523438,-32.348148345947266,218.3122785629086,-182.3282048442896,-32.346487821616144,0.8520510641032317,0.3456413869303504,0.07452757429221447,3.5059071381060796e-05,7.832460274099425,21.54593896279564,19.62843252896863,0.1495354098943922,nan
202.01,217.5972900390625,-181.84422302246094,-32.35054397583008,218.30460447580717,-182.31977277550325,-32.348924511975234,0.8523167854203099,0.34569104099353826,0.07454563708868352,3.576375910437199e-05,7.791105917838974,21.20131344890228,nan,nan,nan
202.02,217.5892791748047,-181.8358154296875,-32.3529167175293,218.29692604164828,-182.31134131874774,-32.351358872942846,0.8525792550841431,0.3457407800516688,0.07456376235089829,3.648277110369489e-05,7.748616974338595,21.178779636346924,nan,nan,nan
202.03,217.58126831054688,-181.82740783691406,-32.35525894165039,218.28924321478036,-182.30291039513594,-32.35376919769944,0.8528384180118734,0.34579060424924224,0.07458195022335896,3.7216251879229494e-05,7.706421508951492,20.913454676645124,nan,nan,nan
202.04,217.5732421875,-181.81898498535156,-32.35756301879883,218.28155090943966,-182.29448448077076,-32.35665282712566,0.8531130312969019,0.34584051356566675,0.0746002007254368,3.642772935482702e-05,7.635303584394209,20.493133511991477,nan,0.16801035441232842,nan
202.05,217.56521606445312,-181.81057739257812,-32.359825134277344,218.26551374617347,-182.28235476651867,-32.358932248275295,0.8443882583447807,0.34577585111269593,0.07459133666953886,3.7136152793578345e-05,7.583312427465106,20.74671107457072,0.7772411148803131,nan,nan
202.06,217.55718994140625,-181.8021697998047,-32.36204147338867,218.25778635585976,-182.2739353838202,-32.36306898758445,0.844629598103241,0.34582554815809535,0.07460959394969408,3.635184183101369e-05,7.556060083838608,20.669367994585368,nan,2.2092409194401377,nan
202.07,217.5491485595703,-181.79376220703125,-32.36421585083008,218.25007339066636,-182.2655003859524,-32.36534312176128,0.8448868557615408,0.34587533042922336,0.07462791417757599,3.7081771111340965e-05,7.526341906449184,20.891652366068335,nan,nan,nan
202.08,217.54112243652344,-181.7853546142578,-32.36634826660156,218.24237240077377,-182.25705169210855,-32.36593105386245,0.845133018926897,0.34592519777276276,0.07464629726956648,3.630058268000997e-05,7.462744292309687,20.181584966640994,nan,1.7713844542970694,nan
202.09,217.5330810546875,-181.77694702148438,-32.368438720703125,218.23465146340072,-182.2486172763636,-32.36810510339123,0.8453839240371126,0.34597515062115397,0.07466474359168575,3.7029313805469044e-05,7.4266767217907,20.45929550643592,nan,nan,nan
202.1,217.52503967285156,-181.76853942871094,-32.370487213134766,218.22436299278198,-182.2382163018879,-32.369431748039474,0.8424076121464843,0.34591040902892484,0.07465588519934566,3.6228658190982815e-05,7.360808674973938,20.330014540595176,0.2453130067232004,0.47848060179066576,nan
202.11,217.51698303222656,-181.76014709472656,-32.372493743896484,218.216630574464,-182.22977741720354,-32.37151725682441,0.8426507441851119,0.34596014934332,0.07467433770751596,3.69553490050802e-05,7.320603416236619,21.315321464657888,nan,nan,nan
202.12,217.50892639160156,-181.75173950195312,-32.37445831298828,218.20888891544112,-182.22134369205668,-32.374155204735594,0.8428972191301098,0.34600997468079053,0.07469285330949414,3.618111566376104e-05,7.263592520726328,20.52587805822052,nan,0.23117816639154734,nan
202.13,217.50086975097656,-181.7433319091797,-32.37638854980469,218.2011487488909,-182.21290561740273,-32.37616836369861,0.8431430429388281,0.3460598854361026,0.07471143234551551,3.6906758651314156e-05,7.228961163031089,20.149987590036368,nan,nan,nan
202.14000000000001,217.49281311035156,-181.73492431640625,-32.37827682495117,218.19340468543908,-182.20446796650174,-32.37814348069423,0.8433859212776141,0.3461098816287411,0.07473007486243602,3.764691633439588e-05,7.195044522127686,20.09659918457138,nan,nan,nan
202.15,217.48475646972656,-181.7265167236328,-32.380130767822266,218.21743582525525,-182.20851028124812,-32.38015354695776,0.8770044629986141,0.34604506101217203,0.07472121854862207,3.837655070747203e-05,7.1647352547395915,20.658307968939422,9.019881968341375,nan,nan
202.16,217.4766845703125,-181.71810913085938,-32.3819465637207,218.20973777524543,-182.20008851695755,-32.38205675800786,0.8773090345076776,0.34609484441726807,0.0747398666465683,3.914518357964546e-05,7.132472251045444,21.025432902433767,nan,nan,nan
202.17000000000002,217.46861267089844,-181.709716796875,-32.383724212646484,218.2020358407238,-182.1916669987883,-32.38392463819592,0.8776021782854345,0.3461447130462366,0.07475857829409566,3.992874564897244e-05,7.0997991929226325,21.57133939710999,nan,nan,nan
202.18,217.46054077148438,-181.70130920410156,-32.385467529296875,218.19433503542527,-182.1832413225674,-32.385159724281834,0.8779024338418551,0.3461946669247708,0.07477735354030213,3.896415050546095e-05,7.069296406215021,20.701412998468488,nan,0.20283019504074318,nan
202.19,217.45245361328125,-181.69290161132812,-32.387176513671875,218.18662587014128,-182.17482031630678,-32.38695271076468,0.8782110173750955,0.346244706434761,0.07479619272006084,3.974292739375851e-05,7.036056673903632,21.017873328396664,nan,nan,nan
202.20000000000002,217.4443817138672,-181.68450927734375,-32.388851165771484,218.1714912160956,-182.15385275733723,-32.388423351978865,0.8654315186471365,0.3461798063952191,0.07478733446597378,3.876411798834094e-05,6.339544891367575,21.183899140697797,10.892621922868052,0.02894533490918856,nan
202.21,217.43629455566406,-181.6761016845703,-32.3904914855957,218.16376863215524,-182.1453887872409,-32.39014689081978,0.8657072458084248,0.34622963286184494,0.07480617860032693,3.953737028026309e-05,6.306757776865044,20.86717101758719,nan,nan,nan
202.22,217.42820739746094,-181.66769409179688,-32.3921012878418,218.15604802775803,-182.13692037227358,-32.39114720884652,0.865982791785151,0.3462795445259141,0.07482508655572175,3.8596218958761415e-05,6.296574795787935,20.619162417607665,nan,0.27612013297673693,nan
202.23000000000002,217.4201202392578,-181.6593017578125,-32.3936767578125,218.14831885922496,-182.12845700429713,-32.39280020002087,0.8662451406961386,0.34632954173416414,0.07484405864155572,3.936521461562818e-05,6.26101112707638,21.222232343371196,nan,nan,nan
202.24,217.41201782226562,-181.65089416503906,-32.39522171020508,218.14057948054736,-182.12000012379795,-32.39534841409985,0.8665232290684439,0.34637962443661774,0.07486309484309668,3.8434538974490694e-05,6.2113435171418585,20.801492216322913,nan,0.500166600366143,nan
202.25,217.40391540527344,-181.64248657226562,-32.39673614501953,218.12790838136706,-182.10461678323892,-32.3969687262883,0.8589122280077163,0.34631464503764814,0.07485423096988626,3.9173652575580486e-05,5.864201985996579,20.72593244106518,2.877599920240864,nan,nan
202.26,217.39581298828125,-181.63409423828125,-32.398223876953125,218.1201657649342,-182.0961298128426,-32.39825731675132,0.8591646049060097,0.34636451444698635,0.07487327148553183,3.825430434917711e-05,5.832186761666263,21.12070327885115,nan,0.04730755886949433,nan
202.27,217.38771057128906,-181.6256866455078,-32.39967727661133,218.11241793598614,-182.0876448622308,-32.39979769576181,0.8594219993372562,0.34641446931469455,0.07489237632634174,3.9014521130296444e-05,5.803128608469108,20.449619351486497,nan,nan,nan
202.28,217.37960815429688,-181.61729431152344,-32.40110397338867,218.10466792042072,-182.0791589119177,-32.4011457155168,0.8596688753766276,0.34646450962051295,0.07491154549959282,3.810489304630578e-05,5.772712159941,20.879066618703035,nan,0.01594949146665061,nan
202.29,217.37149047851562,-181.60888671875,-32.40250015258789,218.0969135566004,-182.07067421197428,-32.40262820768178,0.8599339204348658,0.34651463566693885,0.07493077928199655,3.886155299981375e-05,5.743880151146182,20.595798494765855,nan,nan,nan
202.3,217.36337280273438,-181.60049438476562,-32.40386962890625,218.0870852770752,-182.067857621246,-32.402935970295886,0.8615039245693129,0.3464495765695492,0.07492190575603967,3.7937160223184193e-05,6.162445030920439,20.817841492935926,4.619483095944343,0.8606126033880374,nan
202.31,217.35525512695312,-181.5920867919922,-32.40521240234375,218.07931763850905,-182.0593987884981,-32.40435412705518,0.8617701313897413,0.34649948905617806,0.07494114318085415,3.868951637615921e-05,6.129363454220251,19.974566947604238,nan,nan,nan
202.32,217.34713745117188,-181.5836944580078,-32.406524658203125,218.07155918942135,-182.05092887771175,-32.403805827580015,0.8620337869506207,0.34654948692220333,0.07496044515005591,3.779942739644603e-05,6.27602004414374,20.81145783734715,nan,2.272338409920719,nan
202.33,217.33901977539062,-181.57528686523438,-32.407814025878906,218.0637853487524,-182.04247059273246,-32.40515361542998,0.8622951057226095,0.346599570445112,0.07497981192141505,3.8548653383962465e-05,6.235469010417245,19.863064193842213,nan,nan,nan
202.34,217.3308868408203,-181.56689453125,-32.409080505371094,218.05600496770782,-182.03401596205768,-32.4070733828197,0.8625559446213327,0.3466497396419301,0.07499924353037016,3.766722747598684e-05,6.129119004153454,20.700086478275722,nan,0.2164170806192053,nan
202.35,217.32275390625,-181.55850219726562,-32.410316467285156,218.05338197907156,-182.02271266349558,-32.40831766969639,0.8656285190219772,0.3465846008336937,0.07499035656517887,3.838889380715078e-05,5.802214956693242,21.103899146306457,2.8516403716256074,nan,nan
202.36,217.3146209716797,-181.5500946044922,-32.411529541015625,218.04560666098712,-182.0142412720027,-32.41026823937956,0.8658947960434829,0.34663455621528916,0.07500979113515947,3.751692051103936e-05,5.7127369461868565,20.15025614841554,nan,0.27601322272125384,nan
202.37,217.30648803710938,-181.5417022705078,-32.4127197265625,218.03783236369412,-182.0057662535361,-32.411530766477355,0.8661531723649506,0.34668459717093936,0.07502929069784715,3.825951638684979e-05,5.678790265917611,20.63004591283834,nan,nan,nan
202.38,217.29835510253906,-181.53329467773438,-32.41388702392578,218.03005787603465,-181.99728878828464,-32.41229837072694,0.8664190713421789,0.34673472373864556,0.07504885530492611,3.739554895498742e-05,5.682028398203303,19.81374299649872,nan,0.13736548931402756,nan
202.39000000000001,217.2902069091797,-181.52490234375,-32.4150276184082,218.0222780119653,-181.98881394093806,-32.413510851617346,0.8666858543444874,0.34678493616463596,0.07506848519001226,3.81355760997245e-05,5.6465309276483415,20.986589137605353,nan,nan,nan
202.4,217.2820587158203,-181.51651000976562,-32.416255950927734,217.98909596714972,-181.97392226436273,-32.414711781353006,0.8420985867953511,0.34671971736880336,0.07505958075170005,3.7256173106311136e-05,5.836343764590585,20.022243290212934,6.982420716438683,0.0010141394716901263,nan
202.41,217.27391052246094,-181.5081024169922,-32.41756820678711,217.98126626266765,-181.96544980086136,-32.41604197924243,0.8423307557639566,0.3467697157118102,0.07507921288890369,3.7992872574898e-05,5.806202552653837,19.250857177829186,nan,nan,nan
202.42000000000002,217.26576232910156,-181.4997100830078,-32.41896438598633,217.97343755780727,-181.95697409016375,-32.41671989731287,0.8425554220900807,0.3468197996028857,0.07509891027280108,3.7145058375515045e-05,5.852375566530303,19.863708438328004,nan,0.33993953867788185,nan
202.43,217.2576141357422,-181.49131774902344,-32.42044448852539,217.96560216686913,-181.94850221157506,-32.418211864937874,0.842774981608797,0.34686996927077707,0.07511867312314932,3.7879530474442714e-05,5.820462765108922,19.67784884299652,nan,nan,nan
202.44,217.2494659423828,-181.48291015625,-32.42200469970703,217.95776718980844,-181.94002767498483,-32.41914924919699,0.843003699064601,0.34692022477957685,0.07513850151226306,3.7038802519651116e-05,5.882321994101751,19.05523714918981,nan,0.2556233350138241,nan
202.45000000000002,217.24130249023438,-181.47451782226562,-32.42364501953125,217.9722708608099,-181.93584377125552,-32.420827499819424,0.8643751086250762,0.3468549259307575,0.07512957573078306,3.774748173513851e-05,5.600275287228066,20.849534218840375,6.4113180332169595,nan,nan
202.46,217.23313903808594,-181.46612548828125,-32.42536544799805,217.96446352449087,-181.92737022455876,-32.42346687087034,0.8646304503973076,0.3469049670962443,0.07514940565144698,3.691459110414598e-05,5.460759074670105,20.59575579399186,nan,0.5213452327221256,nan
202.47,217.2249755859375,-181.45773315429688,-32.427162170410156,217.95665803210665,-181.91889296833028,-32.42528795692044,0.8648879053308567,0.34695509395755225,0.07516930122433008,3.764414632879849e-05,5.429822075488618,20.586636773657624,nan,nan,nan
202.48000000000002,217.21681213378906,-181.4493408203125,-32.429039001464844,217.9488513665264,-181.91041482250168,-32.426925913962656,0.8651445768773138,0.34700530659326395,0.07518926253350955,3.6817773265787925e-05,5.4314285588620645,20.40007176886863,nan,0.0438110567717966,nan
202.49,217.20864868164062,-181.44093322753906,-32.430992126464844,217.9410412955346,-181.90193797481618,-32.428901871787176,0.8654066599368813,0.34705560521050804,0.07520928978123204,3.754554656813389e-05,5.401272417065577,19.658944218763597,nan,nan,nan
202.5,217.20046997070312,-181.4325408935547,-32.433021545410156,217.96971421535503,-181.90715955683024,-32.432593678146134,0.9038803939293842,0.3469902260761545,0.07520033861933637,3.670300964015829e-05,5.273766469718814,21.627915816268636,12.016972848129466,1.9476423667294867,nan
202.51,217.1923065185547,-181.4241485595703,-32.43512725830078,217.96196104611226,-181.89869879810797,-32.434738379693876,0.9041936584120671,0.34704031008084435,0.07522036665353811,3.742822766529692e-05,5.2477209594302785,20.92230612501532,nan,nan,nan
202.52,217.1841278076172,-181.41575622558594,-32.43730545043945,217.95420523334752,-181.8902388296831,-32.43707309759351,0.9045181243060539,0.34709047979166646,0.07524046061731351,3.661508523988184e-05,5.219983226012712,21.387990323908067,nan,0.008446400630217668,nan
202.53,217.1759490966797,-181.40736389160156,-32.43955612182617,217.9464476565897,-181.8817788867406,-32.439369005667224,0.9048412310724022,0.3471407354038431,0.07526062070299944,3.733879133456494e-05,5.194524901735127,21.290285598695416,nan,nan,nan
202.54,217.1677703857422,-181.3989715576172,-32.44187927246094,217.93869122506123,-181.8733162096064,-32.4408647587789,0.9051645257107471,0.34719107701375085,0.0752808470094453,3.653137083120224e-05,5.197091030635409,21.175859365118974,nan,0.4941726970297463,nan
202.55,217.1595916748047,-181.3905792236328,-32.44427490234375,217.8881962100836,-181.8515034544419,-32.44342089836653,0.8621580160845003,0.3471256174925896,0.07527186653419449,3.7230611300424486e-05,5.317523403837209,19.685877328523432,17.57739736848636,nan,nan
202.56,217.1514129638672,-181.38218688964844,-32.446678161621094,217.88035897342257,-181.84303698631066,-32.44587546723973,0.86240694614467,0.34717574422533665,0.07529209286903187,3.642964252686301e-05,5.290524440549195,19.68088044556232,nan,0.000305192385379465,nan
202.57,217.14321899414062,-181.37379455566406,-32.44906234741211,217.87251944033878,-181.8345711303328,-32.44834833112372,0.8626672025801898,0.3472259567794176,0.07531238550630527,3.714978143806065e-05,5.261379366114123,20.035624432830456,nan,nan,nan
202.58,217.13504028320312,-181.3654022216797,-32.451416015625,217.86467290906754,-181.8261104726529,-32.452164115731584,0.8629115950631184,0.34727625526091305,0.07533274455315225,3.635404552327086e-05,5.238435797003371,19.3136694056682,nan,1.2222118609724888,nan
202.59,217.12684631347656,-181.3570098876953,-32.45372772216797,217.85682903369928,-181.81764566375037,-32.45459056720883,0.8631690648460321,0.3473266398505492,0.0753531701895547,3.707302092928448e-05,5.218426739583976,19.773069774338982,nan,nan,nan
202.6,217.11865234375,-181.34861755371094,-32.45600128173828,217.86804763832484,-181.82137817721275,-32.4566928100931,0.8860566533107227,0.34726109974108377,0.07534415635984247,3.626038009398069e-05,5.480025592542384,19.779605652403582,5.105443508159098,0.039711153731830144,nan
202.61,217.11045837402344,-181.34022521972656,-32.458229064941406,217.86022895998622,-181.8129418117464,-32.45903454847472,0.8863506962537753,0.3473112691825845,0.07536458124454364,3.69774032180195e-05,5.460027687010759,19.766971796042238,nan,nan,nan
202.62,217.10226440429688,-181.33184814453125,-32.460411071777344,217.85241187661762,-181.80450228414512,-32.46021367972121,0.8866358919460428,0.34736152447969687,0.07538507272357683,3.619238912447628e-05,5.41855241107182,20.38395111878379,nan,0.8276502152616825,nan
202.63,217.0940704345703,-181.32345581054688,-32.46255111694336,217.84458953583083,-181.7960663588753,-32.46245995889641,0.8869270883550576,0.3474118658053354,0.07540563097006284,3.690845922534493e-05,5.393761268136331,19.571845742919884,nan,nan,nan
202.64000000000001,217.08587646484375,-181.3150634765625,-32.46465301513672,217.8367620943763,-181.78763382348558,-32.46573202431343,0.8872165044059378,0.34746229327727296,0.07542625610138275,3.6127994154600014e-05,5.402036347418967,19.285706545859934,nan,0.7539485583898151,nan
202.65,217.07766723632812,-181.30667114257812,-32.46670913696289,217.82436925718818,-181.7684220190276,-32.46775189278507,0.8779401273424426,0.3473966724551688,0.07541720493929092,3.682057870024901e-05,4.894733382587729,19.96799898346919,8.099214357216221,nan,nan
202.66,217.06947326660156,-181.29827880859375,-32.46872329711914,217.81653461066514,-181.75995404114835,-32.47118930703187,0.8782088324272971,0.3474468845106098,0.07543782852492545,3.6045383713088137e-05,5.011209023666933,19.542967804415955,nan,1.1351884470172575,nan
202.67000000000002,217.06126403808594,-181.28990173339844,-32.470699310302734,217.8087016449062,-181.75148271949158,-32.47329355118138,0.878479773755573,0.34749718251488004,0.07545851905294229,3.675893381363373e-05,5.0020198913420515,20.495564728393063,nan,nan,nan
202.68,217.0530548095703,-181.28150939941406,-32.47263717651367,217.80086302653345,-181.74301546371458,-32.47683347037713,0.8787619618679062,0.3475475665919639,0.07547927664634276,3.5987870475118886e-05,5.285666799103058,19.93732787522592,nan,1.450105343423405,nan
202.69,217.0448455810547,-181.2731170654297,-32.47453308105469,217.7930261320737,-181.73454475651138,-32.478875575496495,0.8790383997744708,0.3475980369054843,0.07550010146985704,3.6700735230654676e-05,5.287832857611717,19.954192127231565,nan,nan,nan
202.70000000000002,217.03663635253906,-181.26473999023438,-32.47639465332031,217.78012761450162,-181.7147147246093,-32.4818931319278,0.8690723511063219,0.34753233519083554,0.07549100893191266,3.591204533458632e-05,5.134700117578965,20.969788131773015,7.532320017949634,0.7257376342726816,nan
202.71,217.02842712402344,-181.25634765625,-32.47821807861328,217.772283408892,-181.7062068201043,-32.483871383390984,0.8693258305704964,0.3475825898150053,0.07551183139583525,3.662342057733762e-05,5.144342394409256,20.18310199800025,nan,nan,nan
202.72,217.0202178955078,-181.24795532226562,-32.480003356933594,217.7878699037771,-181.72062980530777,-32.48460024784031,0.9015164469520479,0.34253771734284716,0.07065126716776436,3.586062069634142e-05,7.3712430856400175,22.354670401331592,nan,0.9802537908122438,0.10774209485920952
202.73000000000002,217.01199340820312,-181.2395782470703,-32.481754302978516,217.78001499315934,-181.71214247226612,-32.48649588210885,0.9017741316240028,0.342591105943406,0.07066367017500538,3.657146464344839e-05,7.360131547925721,23.379654240676604,nan,nan,nan
202.74,217.0037841796875,-181.23118591308594,-32.48347091674805,217.77215192169342,-181.70364820307935,-32.488161665184975,0.9020153022770729,0.34264457836630485,0.07067613125914904,3.581255235014757e-05,7.32506616635075,22.023687973663268,nan,0.02579342345865959,nan
202.75,216.9955596923828,-181.22280883789062,-32.48515319824219,217.73748428902562,-181.6847792170528,-32.48987084539515,0.8740085780594471,0.34257397770915726,0.07066650708279494,3.6500618562605494e-05,7.287061859455212,22.392758724890186,6.4684589892736915,nan,nan
202.76,216.98733520507812,-181.21441650390625,-32.48680114746094,217.7294788698623,-181.6761693110495,-32.48853318510566,0.8740685751349109,0.3426272218536908,0.07067900154098414,3.574597575258094e-05,6.726345479434955,21.057819337980938,nan,6.620370074083281,nan
202.77,216.9791259765625,-181.20603942871094,-32.48841857910156,217.72157343128373,-181.66767143447976,-32.49026117781483,0.8742629621242081,0.3426805527799847,0.07069155804111661,3.645509754874432e-05,6.700232871929232,21.08706425833209,nan,nan,nan
202.78,216.9709014892578,-181.19764709472656,-32.4900016784668,217.71364234835994,-181.65914731653677,-32.49120398304423,0.8744414697662378,0.3427339675564448,0.07070417302528884,3.5703650112759016e-05,6.613244505266882,20.7734033327089,nan,0.38504257889837357,nan
202.79,216.96267700195312,-181.1892547607422,-32.491554260253906,217.70573376985766,-181.6506497630819,-32.4928620965812,0.8746544568849208,0.3427874693537074,0.07071685026413231,3.641244915255336e-05,6.5856593321440355,20.62026483550496,nan,nan,nan
202.8,216.95443725585938,-181.18087768554688,-32.49307632446289,217.65223569396338,-181.61993628323097,-32.493931574732386,0.8244366827560088,0.34271676973808507,0.07070734692331263,3.564269547122683e-05,6.19132968231253,21.00451525719941,22.235390154022525,0.2433864934580884,nan
202.81,216.9462127685547,-181.1724853515625,-32.494564056396484,217.64424650605773,-181.6113960983626,-32.49552484660914,0.824557254207929,0.34277004286500146,0.0707200570606071,3.635035297357505e-05,6.162347611633193,19.94050158789429,nan,nan,nan
202.82,216.93798828125,-181.1641082763672,-32.49602508544922,217.6362579401475,-181.6028583556863,-32.497157309927,0.8246717107865432,0.3428233998671347,0.07073282607728434,3.560568154757595e-05,6.138269400146077,20.437518371490718,nan,0.0031737753375132224,nan
202.83,216.92974853515625,-181.1557159423828,-32.497459411621094,217.62826559121166,-181.59431838578533,-32.49869370060784,0.8248028276068616,0.3428768437226602,0.07074565744278866,3.631313704357512e-05,6.110484076579934,19.916364544880622,nan,nan,nan
202.84,216.9215087890625,-181.1473388671875,-32.498863220214844,217.6202240415826,-181.58572708410102,-32.49864150759385,0.8248559158964162,0.3429303717904648,0.07075854804739407,3.55711691913504e-05,6.035352471626557,20.576972886075087,nan,1.6639025648837633,nan
202.85,216.9132843017578,-181.1389617919922,-32.50023651123047,217.5779774993365,-181.56323619553584,-32.50014993517639,0.7885593344226608,0.34285957654988786,0.07074916487222374,3.6256341981904776e-05,5.9577531501854,19.824867555716406,9.925751740128657,nan,nan
202.86,216.90504455566406,-181.1305694580078,-32.5015869140625,217.56988336187197,-181.55463417093847,-32.50023082101788,0.7885704521355508,0.34291287565130774,0.07076208802731877,3.5517805738576403e-05,5.976008829809535,19.221188191670667,nan,1.2657659139407291,nan
202.87,216.8968048095703,-181.1221923828125,-32.502906799316406,217.56182849539493,-181.5460761811643,-32.50163143734321,0.788628939211004,0.3429662614404485,0.07077507362975852,3.622413132107767e-05,5.934991692797603,20.023275678327334,nan,nan,nan
202.88,216.88856506347656,-181.11380004882812,-32.50419998168945,217.55376652978177,-181.53751256942618,-32.502824006236274,0.7886870001430252,0.3430197314623505,0.0707881188509696,3.548800402779173e-05,5.910647414065052,19.216382584061343,nan,0.022857138524604154,nan
202.89000000000001,216.8803253173828,-181.1054229736328,-32.505470275878906,217.545708297031,-181.5289548023844,-32.50417224198419,0.7887429267278184,0.34307328841428897,0.07080122674180925,3.619427427225111e-05,5.8702435378316675,19.74245573152956,nan,nan,nan
202.9,216.8720703125,-181.09703063964844,-32.5067138671875,217.53262747419035,-181.52304702486774,-32.505579035433456,0.7860197276015646,0.3430023952574597,0.07079195639322702,3.543921989897596e-05,6.162451949648439,19.02144880153216,3.5282182036468352,0.01604943080940124,nan
202.91,216.86383056640625,-181.08865356445312,-32.5079345703125,217.5245611516897,-181.51450988744608,-32.506878839870765,0.7860786402955308,0.34305572285744446,0.07080509631666623,3.614460272263118e-05,6.123509596125805,19.210380970743856,nan,nan,nan
202.92000000000002,216.8555908203125,-181.0802764892578,-32.50912857055664,217.51648807701568,-181.505967114496,-32.50797099547511,0.7861291448060801,0.34310913470705784,0.07081829622679855,3.541374283927648e-05,6.097307282351688,19.25073473778368,nan,0.023377972776167752,nan
202.93,216.8473358154297,-181.07188415527344,-32.51029968261719,217.50841876857388,-181.4974298680993,-32.5092225891834,0.786206706135586,0.34316263332466623,0.07083155891325993,3.611915839930222e-05,6.059291608130517,18.79051767934167,nan,nan,nan
202.94,216.83908081054688,-181.06350708007812,-32.51155471801758,217.50033112653963,-181.4888749574952,-32.50990579180639,0.7862522054000747,0.34321621652513074,0.07084488193655991,3.539029754933813e-05,6.070927928948504,19.542360579795883,nan,0.24866172165572864,nan
202.95000000000002,216.83084106445312,-181.0551300048828,-32.51289367675781,217.49249473235872,-181.48672018854975,-32.511317451458595,0.7899735105538588,0.34314522831968497,0.07083572290423043,3.607376281883485e-05,6.494198070384955,18.851870895989215,6.101178179325443,nan,nan
202.96,216.8225860595703,-181.04673767089844,-32.51431655883789,217.48440972194666,-181.4781979792229,-32.51219116270565,0.7900462486775072,0.34319858187224456,0.07084907754982449,3.534763993673741e-05,6.521377485221381,18.487973903472422,nan,0.22876376894832165,nan
202.97,216.8143310546875,-181.03836059570312,-32.51582336425781,217.47633921335188,-181.46969251006556,-32.51371769844689,0.7901306577486201,0.34325202203322236,0.07086249508268813,3.605235256101268e-05,6.483925406372071,19.036811979247542,nan,nan,nan
202.98000000000002,216.8060760498047,-181.0299835205078,-32.51741027832031,217.46823709958215,-181.46115550825456,-32.514202300792554,0.7901751894230165,0.3433055467883261,0.07087597330485984,3.5327986121469044e-05,6.619831176397176,19.216426112365838,nan,0.8763297848038679,nan
202.99,216.79782104492188,-181.02159118652344,-32.51907730102539,217.46016436801523,-181.4526503223076,-32.51588234627877,0.7902663246812175,0.34335915839831366,0.07088951464606091,3.60328345441348e-05,6.580731330411546,18.512187535620356,nan,nan,nan
203.0,216.78956604003906,-181.01321411132812,-32.52082443237305,217.46176723761116,-181.44374077507075,-32.516993676101364,0.7982620703154605,0.34328807330137523,0.07088046010755683,3.528898851469953e-05,6.396027887946179,19.57222505378119,3.007348388171841,0.3389333184670852,nan
203.01,216.7812957763672,-181.0048370361328,-32.522647857666016,217.4537051910297,-181.43522020139517,-32.518828403913595,0.7983599927946105,0.3433414548852991,0.07089403251209628,3.599312898063244e-05,6.353619196779876,19.976788004335905,nan,nan,nan
203.02,216.77304077148438,-180.99644470214844,-32.5245475769043,217.44562836885197,-181.42668613432946,-32.52022611616685,0.7984362473740753,0.3433949210704533,0.07090766594695119,3.527278667854119e-05,6.447599013027236,19.043881272248427,nan,0.18494760248530204,nan
203.03,216.76478576660156,-180.98806762695312,-32.526527404785156,217.43756392240724,-181.418166262595,-32.52221249402369,0.7985198192688593,0.343448473955409,0.07092136261962591,3.59771250590834e-05,6.404682817066679,19.494940577890112,nan,nan,nan
203.04,216.7565155029297,-180.9796905517578,-32.52857971191406,217.4295321992223,-181.40968122393502,-32.52560034141398,0.7986565771948669,0.34350211177032325,0.07093512066344804,3.5258202389659557e-05,6.10778331435604,19.72232817771028,nan,1.2201282085258376,nan
203.05,216.74826049804688,-180.9713134765625,-32.53070831298828,217.42888528787046,-181.39970205625224,-32.52766985962286,0.804223919023701,0.3434309322221369,0.07092616837947625,3.594080074235585e-05,5.802934214444624,19.501843595628223,3.1028942605844714,nan,nan
203.06,216.739990234375,-180.9629364013672,-32.53291320800781,217.42081124953876,-181.3911494426922,-32.529265138276,0.8042990562360521,0.343484339714481,0.07093995701585146,3.522405003933116e-05,5.893553207845757,19.81386592067014,nan,0.27746881108063226,nan
203.07,216.73171997070312,-180.9545440673828,-32.535186767578125,217.4127517907101,-181.3826132278921,-32.53155936665184,0.8044008354537125,0.3435378337544588,0.070953809012735,3.592798136365821e-05,5.852865166122913,19.248341367046095,nan,nan,nan
203.08,216.7234649658203,-180.9461669921875,-32.53753662109375,217.40472325756772,-181.37410966220278,-32.53522970913308,0.8045204228216994,0.34359141272528315,0.07096772270687685,3.5212453878976356e-05,5.608290350741371,19.103146754236022,nan,1.18357944032831,nan
203.09,216.71519470214844,-180.9377899169922,-32.53995132446289,217.39666196197967,-181.36557420885848,-32.537681177791335,0.8046130623817556,0.3436450784948877,0.070981700002397,3.5916651863853694e-05,5.5710264552225,19.562105844751237,nan,nan,nan
203.1,216.70692443847656,-180.92941284179688,-32.54237365722656,217.37991330140164,-181.35679529541636,-32.538994409248936,0.7972334605370626,0.34357380305940194,0.0709728435840058,3.518116561739102e-05,5.930570720113553,19.54381545063344,1.7978666767294584,1.0523128153098669,nan
203.11,216.6986541748047,-180.92103576660156,-32.54478073120117,217.37183785532946,-181.34827141854953,-32.54147041435845,0.7973189626604165,0.34362723813633334,0.07098685087305426,3.58847766244313e-05,5.881837047035682,19.24055559322901,nan,nan,nan
203.12,216.6903839111328,-180.91265869140625,-32.547149658203125,217.36379035363856,-181.3397768506751,-32.54516181856154,0.7974397220429249,0.3436807581405402,0.07100092017449912,3.5172264689723896e-05,5.659508418718269,19.214538211134087,nan,1.0763765610430314,nan
203.13,216.68211364746094,-180.90428161621094,-32.54948425292969,217.3557126568857,-181.33125345312854,-32.547588916628015,0.7975237722591659,0.34373436479632913,0.07101505320722301,3.5876184298786735e-05,5.618223394983037,18.827638121443194,nan,nan,nan
203.14000000000001,216.67384338378906,-180.89590454101562,-32.55177307128906,217.3476834274128,-181.322779437374,-32.552128457481935,0.7976733089624813,0.3437880567032781,0.07102924858437759,3.516462335781318e-05,5.492834429745861,18.785842918325947,nan,3.242037684732071,nan
203.15,216.66555786132812,-180.8875274658203,-32.55401611328125,217.32889444519284,-181.3078597173224,-32.55434957035678,0.7852991381249264,0.34371668743800765,0.07102048517106575,3.584692386246923e-05,5.32329694592006,19.075577932096397,2.776319316831003,nan,nan
203.16,216.65728759765625,-180.879150390625,-32.55622100830078,217.32080674460815,-181.2993330458016,-32.55719290188527,0.785373838792823,0.3437701483548905,0.07103471001262844,3.513708077094014e-05,5.3186786193326,18.37656691126227,nan,0.1921351493810097,nan
203.17000000000002,216.64901733398438,-180.8707733154297,-32.55837631225586,217.31270647321,-181.29079497772435,-32.559475236548536,0.7854315234044401,0.34382369577927985,0.07104899871874804,3.584078745168733e-05,5.297302011937939,18.616774028554648,nan,nan,nan
203.18,216.64073181152344,-180.86239624023438,-32.56049346923828,217.30456479671955,-181.2822177581657,-32.559881459822854,0.7854455510778986,0.3438773284447804,0.07106335007036767,3.513173942550705e-05,5.245951934281377,18.598204397946706,nan,2.3573366103924034,nan
203.19,216.63246154785156,-180.85401916503906,-32.562564849853516,217.29646222505988,-181.27368033156804,-32.562062231116975,0.7855015255562331,0.34393104787384376,0.07107776553592406,3.583579709582474e-05,5.214596373944286,18.34851713255036,nan,nan,nan
203.20000000000002,216.62417602539062,-180.84564208984375,-32.564598083496094,217.25694667633283,-181.2617003435748,-32.564811329409295,0.7572999489405599,0.34385958370334035,0.07106908909378248,3.510638533138882e-05,5.740039706654428,17.72145518863312,15.125317011707095,0.2969499584672125,nan
203.21,216.61590576171875,-180.83726501464844,-32.56658935546875,217.24879558655894,-181.25318981453492,-32.566917185776305,0.7573262685392401,0.34391307178062364,0.0710835333854598,3.580993228443342e-05,5.713661904879735,17.41889698498452,nan,nan,nan
203.22,216.6076202392578,-180.82888793945312,-32.56854248046875,217.24067100140118,-181.24470592692086,-32.57029059533761,0.7574040678908528,0.3439666450844358,0.07109804061338,3.5103096392217605e-05,5.769433556469006,17.653308070769558,nan,1.1984341419991718,nan
203.23000000000002,216.59933471679688,-180.8205108642578,-32.57045364379883,217.2325182080327,-181.23619577064812,-32.5723318998574,0.7574422768898846,0.3440203050128472,0.07111261209485166,3.580702101304811e-05,5.752824916292461,17.733446849277446,nan,nan,nan
203.24,216.591064453125,-180.8121337890625,-32.572330474853516,217.22436355656296,-181.2276848597435,-32.5742832354017,0.7574656824128839,0.3440740504867551,0.0711272468365188,3.510076423685615e-05,5.735448998022245,17.16270708244349,nan,0.0019324542193550611,nan
203.25,216.58277893066406,-180.80377197265625,-32.57416915893555,217.1834227899387,-181.21427376827205,-32.57618601771568,0.7275223966363303,0.34400249313352166,0.07111865398538929,3.578312760933629e-05,6.250024898667679,17.583226159229707,13.927178288307042,nan,nan
203.26,216.57449340820312,-180.79539489746094,-32.57596969604492,217.17518590661936,-181.205754273428,-32.57651937946454,0.7274796198172692,0.34405600695730204,0.0711333169680829,3.5078231378836005e-05,6.116909062648017,16.835630954457606,nan,1.790499054564363,nan
203.27,216.5662078857422,-180.78701782226562,-32.577735900878906,217.1669799731333,-181.19726531617175,-32.57839784649808,0.7274823334050993,0.3441096072698473,0.07114804434666763,3.578206032065538e-05,6.092656184002307,16.70828799184534,nan,nan,nan
203.28,216.55792236328125,-180.7786407470703,-32.579463958740234,217.15876623736892,-181.18876990661238,-32.57989099265563,0.7274747218242911,0.3441632931068642,0.07116283526314927,3.507762223959627e-05,6.057893590511868,16.785256840378295,nan,0.0865381927281842,nan
203.29,216.5496368408203,-180.770263671875,-32.58116149902344,217.1505584787371,-181.1802809971951,-32.58169766939415,0.7274759854853773,0.3442170656935906,0.07117769083263581,3.578185158626557e-05,6.033181048001055,16.53500469211114,nan,nan,nan
203.3,216.54135131835938,-180.7618865966797,-32.582820892333984,217.12423130059014,-181.16101923442412,-32.58270117283478,0.706438922010191,0.3441454143948003,0.07116917582201285,3.505671648534484e-05,5.75787992740342,16.76044395447925,5.018552719652672,0.429162008523895,nan
203.31,216.53306579589844,-180.75352478027344,-32.584449768066406,217.11599068310346,-181.15250526520916,-32.58443451582152,0.7063900138840891,0.3441989549781425,0.07118405895564567,3.576047819817943e-05,5.7291960685477505,17.237825878400503,nan,nan,nan
203.32,216.52476501464844,-180.74514770507812,-32.58604431152344,217.1077351869401,-181.14397822682614,-32.58537308371763,0.7063430168171244,0.34425258106050055,0.07119900589530385,3.505762556681095e-05,5.714558851543227,16.877259146525283,nan,0.409745910704331,nan
203.33,216.5164794921875,-180.7367706298828,-32.58761215209961,217.09949285293922,-181.13546444841842,-32.5870359981635,0.7063014028776078,0.3443062937617179,0.07121401763560417,3.5761803195665805e-05,5.684075365095612,16.313000762146586,nan,nan,nan
203.34,216.50819396972656,-180.7283935546875,-32.589141845703125,217.09123034259193,-181.12693309038175,-32.5876055991868,0.7062347581709301,0.34436009227614706,0.07122909349865526,3.505924098983001e-05,5.715371180790514,16.641224178748015,nan,0.794807840929943,nan
203.35,216.49989318847656,-180.72003173828125,-32.59064483642578,217.11062579178827,-181.1265857767466,-32.58908925558557,0.7336776668075168,0.34428834846744577,0.07122065252220597,3.574187281135683e-05,5.533083364243857,17.471616460801364,6.818829781601291,nan,nan
203.36,216.49160766601562,-180.71165466308594,-32.59211730957031,217.10243736092372,-181.11808537385141,-32.591362164492104,0.7336889048356472,0.34434191467933195,0.07123575531084263,3.504039629369889e-05,5.455559975789378,16.43647133913541,nan,0.35784485971807045,nan
203.37,216.48330688476562,-180.70327758789062,-32.593563079833984,217.09423552457682,-181.10957347321778,-32.59290080596238,0.7336965230815871,0.3443955673822041,0.07125092304974966,3.574453932198644e-05,5.425263769317005,16.54045608856209,nan,nan,nan
203.38,216.4750213623047,-180.6949005126953,-32.59497833251953,217.0860184679439,-181.1010485219564,-32.59357225594139,0.7336727101218611,0.34444930586665673,0.07126615516764677,3.5043261920162354e-05,5.443656722063291,16.324232101450832,nan,0.49594135104937914,nan
203.39000000000001,216.4667205810547,-180.68653869628906,-32.59636306762695,217.0778149434093,-181.0925366895257,-32.59504696398171,0.733670513474929,0.3445031311077102,0.07128145249977211,3.5747829492767464e-05,5.408775186128669,17.332025212783716,nan,nan,nan
203.4,216.4584197998047,-180.67816162109375,-32.597721099853516,217.0778485804591,-181.08417849602137,-32.597343359446384,0.7406361182907585,0.3444312942915059,0.0712730800270234,3.50255884309084e-05,5.162356601446704,16.70263203101502,1.4568568301208062,0.44637901541450103,nan
203.41,216.45013427734375,-180.66978454589844,-32.59905242919922,217.06965555254843,-181.0756570743384,-32.598773545035,0.7406343210720523,0.3444848868850735,0.07128840356984968,3.572970776133222e-05,5.135396420345106,16.342406206999193,nan,nan,nan
203.42000000000002,216.44183349609375,-180.66140747070312,-32.60036087036133,217.06147909868798,-181.0671511633773,-32.60124567948446,0.740668211715902,0.3445385652243954,0.07130379173914392,3.5029538708779394e-05,5.130318777160428,16.428460029292978,nan,0.8035395841894808,nan
203.43,216.43353271484375,-180.65304565429688,-32.60163879394531,217.05328452360965,-181.05862979607716,-32.602635602074535,0.7406698280331766,0.3445923301970966,0.07131924527646247,3.573409026940942e-05,5.1097842655686545,17.262629050414844,nan,nan,nan
203.44,216.42523193359375,-180.64466857910156,-32.60289001464844,217.0450709860999,-181.05009255390974,-32.6028630430573,0.7406544748318411,0.3446461812252853,0.07133476375067947,3.5033993152457045e-05,5.057097776406023,16.548611767567905,nan,0.9123056555595325,nan
203.45000000000002,216.41693115234375,-180.63629150390625,-32.604122161865234,217.03964935754584,-181.0473237702781,-32.604170883040744,0.7461403952760123,0.3445742525968675,0.07132645563328774,3.571698778025084e-05,5.324467792141696,16.01723970976931,2.571615877478788,nan,nan
203.46,216.40863037109375,-180.6279296875,-32.605323791503906,217.03146953824415,-181.0388344313764,-32.60620016519647,0.746171632205068,0.34462787067790057,0.07134199962876789,3.501777041030939e-05,5.3206423521661215,16.94341795165819,nan,0.369616866674969,nan
203.47,216.40032958984375,-180.6195526123047,-32.60661315917969,217.02327776016952,-181.0303354391737,-32.60754398922345,0.7461955643176272,0.3446815752718,0.07135760914729115,3.572230914457161e-05,5.2984048613407415,16.093370037676866,nan,nan,nan
203.48000000000002,216.39202880859375,-180.61117553710938,-32.60798645019531,217.01506431301405,-181.021818473213,-32.60757152350697,0.7461910163652546,0.34473536587961995,0.07137328383950794,3.502309705266757e-05,5.2546711484426,16.027259314930816,nan,1.3849670256698823,nan
203.49,216.38372802734375,-180.60279846191406,-32.60944366455078,217.00687099045325,-181.013319568057,-32.60907071577663,0.7462136893360359,0.3447892432702311,0.07138902432462517,3.572806700642214e-05,5.229391407228096,15.955131327605955,nan,nan,nan
203.5,216.37542724609375,-180.5944366455078,-32.61097717285156,217.01887916971296,-181.01553755887528,-32.61152844504653,0.7689971788954825,0.34471722255227183,0.07138077519791586,3.500768443965227e-05,5.401905253349425,16.8046380744291,5.958783755099592,0.7614014160952451,nan
203.51,216.3671112060547,-180.5860595703125,-32.61259841918945,217.0107187326078,-181.00706122921835,-32.613200248363476,0.7690730831563838,0.3447708666587959,0.07139654045196972,3.571220946309766e-05,5.379152292082011,16.111202256822786,nan,nan,nan
203.52,216.3588104248047,-180.5776824951172,-32.614295959472656,217.00257554441254,-180.99860045368894,-32.61625483171823,0.7691614227536321,0.3448245967338072,0.07141237110857565,3.5013752715176936e-05,5.454889220208625,16.019083013740218,nan,1.1954017929307879,nan
203.53,216.3505096435547,-180.56932067871094,-32.61606979370117,216.99441337634562,-180.99012421223827,-32.61810093352746,0.7692150261534024,0.3448784134752739,0.07142826771611586,3.571871147507765e-05,5.436330555353902,16.735078795627224,nan,nan,nan
203.54,216.34219360351562,-180.56094360351562,-32.61792755126953,216.98626822588977,-180.98166314060913,-32.62133245092359,0.7693169967056678,0.34493231649091854,0.07144423003129821,3.502016618709418e-05,5.628143154210412,16.30721927028681,nan,1.2027771204360225,nan
203.55,216.33389282226562,-180.5525665283203,-32.61985778808594,216.95600615768717,-180.97811732262292,-32.62343983761184,0.753744858503,0.3448602046816468,0.0714360354791168,3.570354211670935e-05,6.4806941953182715,15.770227400185034,19.756705697582454,nan,nan
203.56,216.32557678222656,-180.54420471191406,-32.621864318847656,216.94782458629518,-180.96970090495836,-32.62654957615318,0.7538310763025288,0.34491387411343044,0.07145202182553173,3.500572703910775e-05,6.723457664237493,16.849949748064518,nan,0.7245755290858146,nan
203.57,216.31727600097656,-180.53582763671875,-32.62395095825195,216.93962914242792,-180.96127361241327,-32.62873289918998,0.7538902956453042,0.3449676300976987,0.07146807428137662,3.571066882960861e-05,6.7133071428723365,15.700922580219551,nan,nan,nan
203.58,216.3089599609375,-180.5274658203125,-32.62610626220703,216.93143789082438,-180.95285065578426,-32.63137045339411,0.7539620303134974,0.3450214723055132,0.07148419266423775,3.501271858843772e-05,6.839809390380074,16.935135805585823,nan,0.10106610165011874,nan
203.59,216.3006591796875,-180.5190887451172,-32.62833786010742,216.923241083098,-180.94442404403463,-32.633708489973124,0.7540206805019197,0.3450754013395948,0.07150037743133866,3.571808697104644e-05,6.832769234926926,15.91487647188859,nan,nan,nan
203.6,216.29234313964844,-180.51071166992188,-32.63064193725586,216.91767356967614,-180.9381886220261,-32.635638402586856,0.7574956474889846,0.3450031983406872,0.07149223221001597,3.499881142293477e-05,6.8028645316080265,16.044460244788876,0.34789818598760147,0.1299955522090693,nan
203.61,216.28404235839844,-180.50234985351562,-32.63301467895508,216.90948052206718,-180.92976866741776,-32.638118313826126,0.7575524972830201,0.34505689346157803,0.07150844021916598,3.570372804664414e-05,6.795273304629394,16.4218618333476,nan,nan,nan
203.62,216.27572631835938,-180.4939727783203,-32.63545608520508,216.9012978590013,-180.9213579169525,-32.641586018507184,0.7576512293047786,0.3451106747518998,0.07152471436757055,3.500628081085417e-05,7.11608205826273,16.240187023816578,nan,0.5955963775457596,nan
203.63,216.2674102783203,-180.48561096191406,-32.63790512084961,216.8931036710964,-180.91293866523662,-32.64418176837389,0.7577206504344101,0.3451645427581356,0.07154105506060687,3.571162342290586e-05,7.121943467274176,16.776400242146646,nan,nan,nan
203.64000000000001,216.25909423828125,-180.47723388671875,-32.64033126831055,216.88490367608688,-180.90451548938478,-32.646314886244895,0.7577881129359515,0.34521849723593584,0.07155746219357695,3.501397401197801e-05,7.0185280550466835,16.176255556698113,nan,0.14765500449678756,nan
203.65,216.25079345703125,-180.4688720703125,-32.64272689819336,216.91067323041545,-180.90613773790608,-32.64888917959384,0.7916315766123192,0.345146203887612,0.07154936168328067,3.569770156306113e-05,6.866061500682358,16.602644499106713,9.301251956415568,nan,nan
203.66,216.2424774169922,-180.4604949951172,-32.64508056640625,216.90252924562282,-180.89772045888208,-32.651169224474636,0.7917522304358432,0.34519992415281076,0.07156579127491261,3.5000677912565456e-05,6.839283025014253,16.348683128911738,nan,0.04200262016760694,nan
203.67000000000002,216.23416137695312,-180.45213317871094,-32.64739227294922,216.89438760790625,-180.8893056768801,-32.65364998365825,0.7918697040153493,0.3452537310255516,0.0715822875713104,3.570598380186834e-05,6.853829539164923,16.800952586848034,nan,nan,nan
203.68,216.22584533691406,-180.44375610351562,-32.649658203125,216.88623570090093,-180.8808836782011,-32.65517205636869,0.7919762319506117,0.34530762431114126,0.07159885051153621,3.500872722974729e-05,6.603647988478832,16.001353608875498,nan,0.5922691770544498,nan
203.69,216.217529296875,-180.43539428710938,-32.651878356933594,216.87809335756748,-180.8724695654222,-32.65755789916164,0.7920933874175982,0.3453616044814128,0.07161548043538374,3.571444848910303e-05,6.61571390421016,16.594887067250436,nan,nan,nan
203.70000000000002,216.209228515625,-180.42703247070312,-32.654056549072266,216.86855173674832,-180.86818783614171,-32.65861064068261,0.793313245898539,0.34527896099117616,0.0703215848962947,3.4995432275686606e-05,8.458953189877233,18.045008288181535,0.11457388637467672,1.1551797536623654,0.023567130375646794
203.71,216.20091247558594,-180.4186553955078,-32.656192779541016,216.86040330477573,-180.85977887187155,-32.66089809597335,0.7934357032472141,0.3453325417037127,0.0703339704086597,3.570068186417483e-05,8.454589812256783,17.676341597999027,nan,nan,nan
203.72,216.19259643554688,-180.41029357910156,-32.658287048339844,216.85223866523415,-180.85132196035522,-32.66126539061462,0.7935003306746212,0.34538620749508037,0.07034641484441469,3.5003773888590204e-05,8.054822624708484,17.7770996757905,nan,2.4903216112622935,nan
203.73000000000002,216.1842803955078,-180.40191650390625,-32.660335540771484,216.84408915498335,-180.84291315954414,-32.66345094274952,0.7936216700002191,0.3454399587083271,0.07035892021017424,3.5709437025793056e-05,8.04164450544317,17.35396858025495,nan,nan,nan
203.74,216.17596435546875,-180.3935546875,-32.66234588623047,216.83593802099506,-180.8345009286645,-32.66545958066004,0.7937307615799855,0.34549379529773494,0.07037148483496318,3.501224959673558e-05,8.014038202907576,17.746758195966443,nan,0.013183436746112718,nan
203.75,216.1676483154297,-180.38519287109375,-32.6643180847168,216.83970312157516,-180.82856534435464,-32.667623198036694,0.8051383336314086,0.3454218370083642,0.0703617747171176,3.5696265336764636e-05,7.83180068217475,17.834931833334558,1.888928173552942,nan,nan
203.76,216.15933227539062,-180.37681579589844,-32.6662483215332,216.83157386631854,-180.8201643332355,-32.67023557833586,0.805284161243111,0.3454754423385779,0.0703743722074079,3.499963380066234e-05,7.948966966113586,17.470939601930066,nan,0.209958399224841,nan
203.77,216.15101623535156,-180.3684539794922,-32.66814041137695,216.8234399757667,-180.8117501800643,-32.67227032680313,0.8054081352438496,0.34552913300482335,0.07038703078206394,3.5705233234887605e-05,7.940263624397428,17.98860136417214,nan,nan,nan
203.78,216.14268493652344,-180.36009216308594,-32.66999435424805,216.81531005839153,-180.80335009026896,-32.67485803663384,0.8055593087942139,0.34558290899030086,0.07039974895320945,3.500830372819332e-05,8.105789720517722,18.49083634524115,nan,0.24562109751193106,nan
203.79,216.13436889648438,-180.35171508789062,-32.67181396484375,216.80717525356832,-180.7949361081477,-32.676825465494446,0.8056912448755218,0.3456367705934353,0.07041252845434554,3.5714304520438526e-05,8.102763803825516,17.41087976399291,nan,nan,nan
203.8,216.1260528564453,-180.34335327148438,-32.6735954284668,216.79391581419347,-180.78899585039554,-32.67924966168435,0.8029135749406562,0.3455647247102266,0.07040293959268784,3.4995862833621635e-05,8.667329355524437,18.029553141619903,3.7213381612730663,0.24251135601774032,nan
203.81,216.11773681640625,-180.33499145507812,-32.67533874511719,216.7857749466766,-180.78060268442388,-32.68115059678796,0.8030430180469788,0.34561835472742325,0.0704157515154355,3.570138482020064e-05,8.668549402936373,18.10490821494622,nan,nan,nan
203.82,216.1094207763672,-180.3266143798828,-32.67705154418945,216.7776356708639,-180.77221595944158,-32.6833051820841,0.8031880358418205,0.34567207000454236,0.07042862336202411,3.500467317965048e-05,8.809752004856849,17.48048796819772,nan,0.05849238698953653,nan
203.83,216.10108947753906,-180.31825256347656,-32.67872619628906,216.769493968744,-180.76382284536652,-32.68514139716482,0.8033296924480663,0.3457258708154263,0.0704415566987829,3.571059378242839e-05,8.813436591041267,18.496709060865456,nan,nan,nan
203.84,216.0927734375,-180.3098907470703,-32.68037033081055,216.76135743275955,-180.75544948311904,-32.68784374220256,0.803481796846946,0.345779757181243,0.07045455028728549,3.5013554062170484e-05,9.22526962419801,18.404983520585535,nan,0.5700194109482155,nan
203.85,216.08445739746094,-180.301513671875,-32.681983947753906,216.7477444177063,-180.74158005406545,-32.689531786220634,0.7960308171331474,0.34570762418251494,0.07044508002444407,3.5697797329360915e-05,8.932898051786506,17.642852523340686,2.6054758680870282,nan,nan
203.86,216.0761260986328,-180.29315185546875,-32.683563232421875,216.73957967830276,-180.73313149488507,-32.6895683755921,0.7961085335695628,0.3457612786486758,0.07045810564925553,3.500127066061563e-05,8.33612356822383,18.006249064859574,nan,2.0661298588274195,nan
203.87,216.06781005859375,-180.2847900390625,-32.68510818481445,216.73142506588178,-180.7247189371785,-32.69126771998225,0.7962162100641558,0.34581501856554386,0.07047119292693532,3.570709719418063e-05,8.337794315714454,17.76135079939745,nan,nan,nan
203.88,216.05947875976562,-180.27642822265625,-32.68662643432617,216.72326974315973,-180.7163062011248,-32.69293685984359,0.7963359385630625,0.345868844023601,0.07048434136927509,3.64272630252602e-05,8.337553661451977,17.881747134023144,nan,nan,nan
203.89000000000001,216.05116271972656,-180.26805114746094,-32.6881103515625,216.71511390329715,-180.7078934449331,-32.694576584103196,0.7964510235875393,0.3459227551673475,0.07049755112077503,3.716191265405433e-05,8.340482981530762,17.135641850624943,nan,nan,nan
203.9,216.04283142089844,-180.2596893310547,-32.68956756591797,216.6889773273131,-180.68793223392433,-32.697070813405986,0.7752114646710956,0.3458505352730811,0.07048819386421265,3.635593519898568e-05,8.385996255008603,18.187889179678596,6.766911854852469,0.5756580761241791,nan
203.91,216.03451538085938,-180.25132751464844,-32.69099807739258,216.68078880445884,-180.67948856741668,-32.69866196086359,0.7752741194367619,0.34590421419567796,0.07050143516347686,3.708832928936749e-05,8.39098170138843,17.75580843398514,nan,nan,nan
203.92000000000002,216.02618408203125,-180.24295043945312,-32.6923942565918,216.67260514734977,-180.67106484091823,-32.701252083044864,0.7753841599612621,0.34595797854324994,0.07051473729149836,3.6308917955994656e-05,8.939012592249219,18.20281092779308,nan,0.6905410884245917,nan
203.93,216.0178680419922,-180.23458862304688,-32.69376754760742,216.66441549067628,-180.66262128317797,-32.70279843511939,0.7754463994810085,0.3460118285469297,0.07052810153553597,3.7040060303615337e-05,8.950150374020536,18.251089449798137,nan,nan,nan
203.94,216.00953674316406,-180.22622680664062,-32.69511032104492,216.65623219097085,-180.6542037262981,-32.70570064064579,0.7755587668531523,0.34606576426913177,0.07054152693260185,3.6263296637030316e-05,9.811003483428696,19.487281674962105,nan,1.2555767733157297,nan
203.95000000000002,216.00120544433594,-180.21786499023438,-32.69642639160156,216.6201618726992,-180.6382580038323,-32.707238044144674,0.7483009006575405,0.3459934579130254,0.07053227959920282,3.6969689299119286e-05,10.127026103183404,19.18735826880513,7.081791510491734,nan,nan
203.96,215.99288940429688,-180.20948791503906,-32.69771957397461,216.6119307406079,-180.62983121051073,-32.709430647339566,0.7483567406986352,0.3460471611025442,0.07054573610283196,3.619650238494892e-05,10.725989235389111,18.766134070154397,nan,0.33240284165700434,nan
203.97,215.98455810546875,-180.2011260986328,-32.6989860534668,216.60369565271588,-180.62139163411047,-32.710895299308646,0.7483957862374955,0.34610094986636236,0.07055925488544217,3.6924422159899304e-05,10.748327753157932,19.613083980361793,nan,nan,nan
203.98000000000002,215.97622680664062,-180.19276428222656,-32.700225830078125,216.59546294292775,-180.61296350930448,-32.71297896642161,0.7484540235761206,0.3461548242824422,0.0705728351201159,3.615376748056852e-05,11.376292667495985,20.244834508095163,nan,0.27370026972815786,nan
203.99,215.96791076660156,-180.1844024658203,-32.701438903808594,216.58722670240374,-180.6045239590719,-32.71440165665974,0.7484800133550397,0.3462087845579319,0.07058647789087354,3.688063500079644e-05,11.404837420415348,20.043127208718115,nan,nan,nan
204.0,215.95957946777344,-180.176025390625,-32.702632904052734,216.57028146811155,-180.58660299076007,-32.71570023387663,0.7360038410622372,0.34613639200354196,0.07057733506817025,3.6090057318123814e-05,11.10218406283348,19.783994734843986,6.645867432790566,0.016861843877113373,nan
204.01,215.9512481689453,-180.16766357421875,-32.70390701293945,216.56202649806312,-180.57812983708223,-32.71713081852172,0.7360078731257761,0.3461901194293939,0.07059100840996506,3.681502440210086e-05,11.091626810289853,20.53857362924029,nan,nan,nan
204.02,215.9429168701172,-180.1593017578125,-32.70526885986328,216.5537670066995,-180.56964049495795,-32.71767100720932,0.735982052650436,0.34624393243942186,0.07060474349277333,3.6050214184155785e-05,10.579354323615352,19.854846983337893,nan,0.6331627067224455,nan
204.03,215.93458557128906,-180.1509246826172,-32.70671081542969,216.54551111926526,-180.56116716078046,-32.71926183506556,0.7359935082277924,0.3462978312281548,0.07061854128060846,3.677425985374634e-05,10.568651376010887,19.30766863690049,nan,nan,nan
204.04,215.92625427246094,-180.14256286621094,-32.70823287963867,216.53726229479926,-180.5527243747673,-32.72285027463413,0.7360549807585587,0.3463518158930548,0.07063240112591611,3.6011791415974955e-05,12.189590981598961,21.575497412797855,nan,2.441198517479845,nan
204.05,215.9179229736328,-180.1342010498047,-32.7098388671875,216.55689272461998,-180.55218218134277,-32.72450435423966,0.7636790199481348,0.34627933753667256,0.07062335926603026,3.671184281923972e-05,11.887350204215153,21.537318465113934,7.294362185519852,nan,nan
204.06,215.9095916748047,-180.12583923339844,-32.711524963378906,216.5486710212776,-180.5436726091434,-32.72405054480673,0.7636517734968009,0.3463330890425409,0.07063724918286898,3.5952604371615075e-05,10.36456838094265,19.963029525375138,nan,3.5627105674031037,nan
204.07,215.90126037597656,-180.11746215820312,-32.71329116821289,216.5404572324311,-180.53519870627258,-32.72596301579289,0.7636995617488803,0.34638692624671213,0.07065120197595018,3.6674075494515175e-05,10.352354631691266,19.26671343492542,nan,nan,nan
204.08,215.89292907714844,-180.10910034179688,-32.71513366699219,216.53224318672133,-180.52672535831528,-32.727986597697345,0.7637397350856425,0.3464408492567811,0.07066521710302893,3.5917051422140514e-05,10.545553579408459,20.10046809670721,nan,0.0006647813885340334,nan
204.09,215.8845977783203,-180.10073852539062,-32.7170524597168,216.52402863414474,-180.5182516838512,-32.730057718270785,0.763778890529278,0.3464948582516438,0.07067929537073048,3.6637773947935526e-05,10.534980560180987,20.084665386955812,nan,nan,nan
204.1,215.8762664794922,-180.09237670898438,-32.719051361083984,216.51172226651553,-180.51444570975607,-32.73281365247066,0.7629781774979499,0.34642229439114014,0.07067034924345998,3.586086474213304e-05,11.623327396019551,20.29556711543213,5.954199184131177,0.3736226780657206,nan
204.11,215.86793518066406,-180.08399963378906,-32.72112274169922,216.50350391609842,-180.50600013534785,-32.735044204898614,0.76303725198388,0.34647606991463786,0.07068445700526464,3.6579993350405184e-05,11.61366630558678,19.75884360491625,nan,nan,nan
204.12,215.85960388183594,-180.0756378173828,-32.7232666015625,216.4952872892725,-180.49756394910654,-32.738012743498366,0.7631071378407553,0.34652993117225106,0.07069862736856677,3.582813407819142e-05,12.35746541320209,21.11943935214002,nan,0.29497917140264296,nan
204.13,215.8512725830078,-180.06727600097656,-32.725486755371094,216.48706856584042,-180.48911885060696,-32.740401043929666,0.7631581471579645,0.34658387833487353,0.07071286104814549,3.65466266213337e-05,12.347532104624626,20.982958321474023,nan,nan,nan
204.14000000000001,215.8429412841797,-180.0589141845703,-32.727779388427734,216.47884513515305,-180.480652497475,-32.74125978947208,0.7631635692738271,0.34663791152247186,0.07072715763912571,3.579678002827301e-05,11.310710002046834,19.914552619776707,nan,1.7346816332302974,nan
204.15,215.83460998535156,-180.05055236816406,-32.73014450073242,216.44194820458398,-180.46358397332213,-32.74378121998243,0.7346024635894965,0.34656526252982006,0.07071830332098253,3.649188961293048e-05,11.49480440039591,19.64794796943211,6.74785749316812,nan,nan
204.16,215.82627868652344,-180.04217529296875,-32.732574462890625,216.4336850591283,-180.45514556124354,-32.74698134459762,0.7346390285034288,0.3466190619391497,0.07073262885103837,3.574491446895512e-05,12.17977100286458,19.760826844657156,nan,0.2516948584319362,nan
204.17000000000002,215.81793212890625,-180.0338134765625,-32.73501205444336,216.42542020532977,-180.44669957780008,-32.7496161164628,0.7346631705886607,0.34667294717372926,0.07074701787430702,3.646138649670934e-05,12.195392176682487,20.607702404205515,nan,nan,nan
204.18,215.80960083007812,-180.02545166015625,-32.73743438720703,216.41715400660854,-180.43824707227049,-32.7517049519832,0.7346594881942187,0.34672691835974456,0.07076147006555883,3.571629373393729e-05,12.021202006167055,19.985297291714154,nan,0.19854089600980593,nan
204.19,215.80126953125,-180.01708984375,-32.73981857299805,216.40888887917492,-180.4298014693863,-32.75430389165558,0.7346713430947681,0.34678097565849286,0.07077598602046535,3.643227555611938e-05,12.052184205791336,20.094299822169955,nan,nan,nan
204.20000000000002,215.79293823242188,-180.00872802734375,-32.742164611816406,216.4143977113026,-180.42824169704517,-32.75684352743524,0.7499460470732504,0.34670824185399196,0.07076721840628557,3.566723996683401e-05,12.427460972456355,20.284439952676152,2.208444214314895,0.0049821920609870885,nan
204.21,215.78460693359375,-180.0003662109375,-32.74446487426758,216.40615553974018,-180.41981015007443,-32.759366055414866,0.7499852885762889,0.34676206506642177,0.07078176268111758,3.638188612628855e-05,12.463419259750687,20.345827521450975,nan,nan,nan
204.22,215.77627563476562,-179.99200439453125,-32.74672317504883,216.39791556115648,-180.41139197748097,-32.762997913631175,0.7500580043780375,0.3468159741554798,0.07079637037246486,3.564126875055077e-05,13.765765798747125,21.542152738464182,nan,0.9027461462904136,nan
204.23000000000002,215.76792907714844,-179.983642578125,-32.748939514160156,216.38967313388204,-180.4029607929112,-32.76544647306651,0.7501106031962024,0.3468699692777494,0.07081104200742949,3.6355519321093155e-05,13.802939246169958,21.753196613038835,nan,nan,nan
204.24,215.7595977783203,-179.97528076171875,-32.75110626220703,216.38142960840514,-180.39452393734072,-32.76731488587085,0.7501349109948952,0.34692405056671,0.07082577736341492,3.561658311942017e-05,13.658736274089406,21.442487793655744,nan,0.1967932804124574,nan
204.25,215.7512664794922,-179.96690368652344,-32.75323486328125,216.3830983827388,-180.3809985084265,-32.76969847678477,0.7556170498716728,0.34685123230797904,0.07081709223107507,3.630793530505088e-05,13.126328454702218,21.020757409622345,9.657235049163061,nan,nan
204.26,215.74293518066406,-179.9585418701172,-32.75532150268555,216.37486970379032,-180.3725497373175,-32.773728764581406,0.7557000614748426,0.34690507920648206,0.0708318552991411,3.5571518832604153e-05,15.161058916886349,23.582450882229665,nan,2.005811111775235,nan
204.27,215.73458862304688,-179.95018005371094,-32.757362365722656,216.3666378377279,-180.36408352969335,-32.77602169175936,0.7557449752776104,0.3469590120584858,0.07084668249117562,3.628421135146501e-05,15.20608565269885,23.93970089362474,nan,nan,nan
204.28,215.72625732421875,-179.9418182373047,-32.759368896484375,216.35840228210958,-180.3555945616314,-32.77597543383132,0.7557075303599753,0.3470130310009469,0.0708615736432147,3.554934944397409e-05,13.343190362070008,21.590631756777604,nan,3.6155104513266068,nan
204.29,215.71792602539062,-179.93345642089844,-32.761329650878906,216.35017001907164,-180.34712873472637,-32.778165987969565,0.7557385215933514,0.34706713618508217,0.07087652919461797,3.626176641456075e-05,13.378006593098261,21.710837687150978,nan,nan,nan
204.3,215.7095947265625,-179.9250946044922,-32.76325225830078,216.38066796293947,-180.35226068269532,-32.78032229323881,0.7956767767389513,0.34699423380635325,0.0708679215187024,3.550684080391384e-05,13.682404321242196,22.35273704403129,11.820800067105415,0.0003076560583307283,nan
204.31,215.7012481689453,-179.91673278808594,-32.765140533447266,216.37249722658552,-180.34380672447014,-32.782436179677205,0.7957804872576865,0.3470481042960027,0.07088290412164829,3.621813468944356e-05,13.71089696719027,22.574880554140286,nan,nan,nan
204.32,215.6929168701172,-179.9083709716797,-32.76698684692383,216.36432657598155,-180.33535599916,-32.784879258685635,0.7958814894316091,0.34710206079879824,0.0708979509164113,3.5487081224784434e-05,14.448861583666243,23.039551848569307,nan,0.092058707220301,nan
204.33,215.68458557128906,-179.90000915527344,-32.768798828125,216.3561551633032,-180.32690181847477,-32.7869236467557,0.7959720923899108,0.3471561034635042,0.0709130622926526,3.619817741635761e-05,14.479108862072291,22.978946693395084,nan,nan,nan
204.34,215.67623901367188,-179.8916473388672,-32.770572662353516,216.34798294348852,-180.31844215110394,-32.78830699028337,0.7960579284102587,0.34721023243087756,0.07092823816085751,3.546848614001053e-05,14.247022439893797,23.062462010032267,nan,0.26890337305063133,nan
204.35,215.66790771484375,-179.88328552246094,-32.77231216430664,216.3368493470612,-180.30632131361574,-32.79025533969184,0.7916843723698264,0.3471372462823879,0.07091970348582285,3.615705965665031e-05,14.113350405339098,22.764018123294285,0.8857909288064297,nan,nan
204.36,215.65956115722656,-179.8749237060547,-32.774017333984375,216.32867060121842,-180.29784393979202,-32.79096246847187,0.7917424516383651,0.347191140254112,0.07093490574751397,3.542955619547091e-05,13.289710013126156,22.212887898695268,nan,1.0361523394368597,nan
204.37,215.65122985839844,-179.86656188964844,-32.775691986083984,216.3204928158723,-180.28937677570994,-32.79285046594715,0.7918205273627951,0.3472451203076314,0.07095017277239721,3.6139471398297405e-05,13.308624405296278,21.81641313040429,nan,nan,nan
204.38,215.6428985595703,-179.8582000732422,-32.77732849121094,216.3123154191679,-180.28091599420773,-32.79551520443605,0.7919207272758931,0.34729918658533443,0.07096550451272861,3.5413211752589395e-05,14.478874935949165,23.032015156420023,nan,0.45169843692990364,nan
204.39000000000001,215.63455200195312,-179.84983825683594,-32.778934478759766,216.30413723009116,-180.27244874922704,-32.79734658268132,0.7920120021758055,0.34735333923346673,0.07098090129561438,3.612302553991952e-05,14.500431494954025,23.29928887445836,nan,nan,nan
204.4,215.626220703125,-179.8414764404297,-32.7805061340332,216.31315175955606,-180.25935196632122,-32.79704621307358,0.8042187548442795,0.34728026965750824,0.07097243464123185,3.537654374149022e-05,12.218228822757611,21.907608281591365,14.51091957387206,3.15007843353781,nan
204.41,215.6178741455078,-179.83311462402344,-32.782047271728516,216.30499596898977,-180.25084285148284,-32.798795369538354,0.8043094995720232,0.3473341870097853,0.07098785711617396,3.608540535732068e-05,12.236010323860253,22.213885091159902,nan,nan,nan
204.42000000000002,215.6095428466797,-179.8247528076172,-32.7835578918457,216.29683949505733,-180.24232685835065,-32.79953896846562,0.804363204980823,0.3473881905068291,0.07100334452365371,3.536233176529679e-05,11.663292004026895,21.245982351834062,nan,0.6579178101968793,nan
204.43,215.6011962890625,-179.81639099121094,-32.78504180908203,216.28868324004685,-180.23381801996527,-32.80121888831691,0.8044534355703882,0.34744228029391633,0.07101889715605805,3.6071154677607834e-05,11.674220572727386,21.505811371732136,nan,nan,nan
204.44,215.59286499023438,-179.8080291748047,-32.78649139404297,216.2805258639626,-180.2252945205413,-32.80070708756019,0.8044811569897249,0.3474964565149429,0.07103451501770257,3.534914695373712e-05,10.1145751753388,19.631805591526277,nan,3.2365283194399694,nan
204.45000000000002,215.5845184326172,-179.79966735839844,-32.78791427612305,216.28105910156347,-180.2159724761128,-32.80228994951148,0.8115944273568378,0.3474233038590521,0.07102611174966081,3.603573143030823e-05,9.916134096055298,20.196921182305157,2.1244107090952697,nan,nan
204.46,215.576171875,-179.7913055419922,-32.789310455322266,216.27291419260666,-180.20744367995852,-32.802975824003006,0.8116696060067592,0.34747724448619477,0.07104175459759193,3.531560789017833e-05,9.448016811615773,19.674152121716766,nan,0.5456854461398589,nan
204.47,215.56784057617188,-179.78294372558594,-32.79067611694336,216.26476928095434,-180.1989205319572,-32.804512975308306,0.811749827002151,0.34753127132252476,0.07105746285173627,3.602354991924314e-05,9.454372619753528,19.328882568579484,nan,nan,nan
204.48000000000002,215.5594940185547,-179.7745819091797,-32.792015075683594,216.25662397193796,-180.1903932097167,-32.80534926242685,0.8118294217965579,0.34758538451239485,0.07107323654494928,3.530438502451802e-05,9.154993391186402,19.33706022842855,nan,0.3154480035413911,nan
204.49,215.55116271972656,-179.76622009277344,-32.79332733154297,216.24847853164266,-180.18186983698868,-32.80682717293254,0.8119090448639855,0.347639584200375,0.07108907592684205,3.601236345915018e-05,9.15904967290274,18.966369777412023,nan,nan,nan
204.5,215.54281616210938,-179.7578582763672,-32.794612884521484,216.25624308450887,-180.17675480030962,-32.808601990333166,0.8274345692904529,0.34756634881101733,0.07108073108496595,3.527280011992605e-05,9.525844280598843,20.08966714520462,2.430906153833757,0.08677888156084308,nan
204.51,215.5344696044922,-179.74949645996094,-32.795875549316406,216.24812173126634,-180.1682269743607,-32.810032432100186,0.8275475932349174,0.34762031260858184,0.0710965947114798,3.597996044289291e-05,9.528111757657015,20.02456276422296,nan,nan,nan
204.52,215.52613830566406,-179.7411346435547,-32.79711151123047,216.24000003959563,-180.1596920970123,-32.81013707307318,0.8276222461232119,0.34767436267846163,0.07111252398116974,3.526341774001912e-05,8.749688913753953,18.865041917831277,nan,1.177681081947905,nan
204.53,215.51779174804688,-179.73277282714844,-32.79832077026367,216.23187804033427,-180.15116415477277,-32.811506137946,0.8277344923252409,0.3477284991651664,0.07112851912053535,3.5970663905583954e-05,8.75188668301443,19.205143092827868,nan,nan,nan
204.54,215.5094451904297,-179.7244110107422,-32.799617767333984,216.2237556021058,-180.14264129795117,-32.81390196300006,0.8278647085204379,0.34778272221315143,0.07114458019712537,3.5254919738452545e-05,9.686700358311821,20.075505623062845,nan,0.6898092825899111,nan
204.55,215.5010986328125,-179.71604919433594,-32.800994873046875,216.2064626994811,-180.13323869115325,-32.81547314043662,0.8196311139949298,0.3477094044381249,0.07113628901367422,3.5940136515300466e-05,9.82606060996671,19.879396142152856,1.4107660489578238,nan,nan
204.56,215.49276733398438,-179.7076873779297,-32.802459716796875,216.19832614026492,-180.12471863828551,-32.81717695482032,0.8197224520098513,0.34776339130091743,0.07115237358378923,3.522600608919363e-05,10.123074069234626,19.75133252065044,nan,0.010554284731491947,nan
204.57,215.4844207763672,-179.69932556152344,-32.80400085449219,216.1901893748294,-180.11619802193388,-32.8188419453067,0.8198245060990437,0.3478174644986954,0.07116852420291889,3.593260414455814e-05,10.08464516866492,20.07417719959261,nan,nan,nan
204.58,215.47607421875,-179.6909637451172,-32.805625915527344,216.18205145157822,-180.1076894177045,-32.82333636108267,0.8199864629046684,0.3478716241756856,0.07118474095703553,3.521917780140022e-05,12.841575743563563,22.767165807200033,nan,5.262480386909533,nan
204.59,215.4677276611328,-179.68260192871094,-32.80733108520508,216.17391429599317,-180.09916901881923,-32.82519180776939,0.8200894519667982,0.3479258704767486,0.07120102404499927,3.592591848210287e-05,12.796074608443181,22.675872949336878,nan,nan,nan
204.6,215.4593963623047,-179.6742401123047,-32.809112548828125,216.1701030296222,-180.09490240024581,-32.82728718140947,0.8260696367346351,0.34785247066427516,0.07119278156282706,3.519191425895061e-05,13.416752682744008,22.744586278101956,0.9716243457553986,0.026995995610872934,nan
204.61,215.4510498046875,-179.66587829589844,-32.81097412109375,216.16197331299887,-180.0863954921842,-32.829303116036336,0.8261857533856383,0.347906480487181,0.0712090873632244,3.5897939174328556e-05,13.370150332518978,22.99008909883809,nan,nan,nan
204.62,215.4427032470703,-179.6575164794922,-32.81291198730469,216.15384351358963,-180.07788749360373,-32.83108298453286,0.8262944107947253,0.347960576706484,0.07122545949122505,3.518663725435436e-05,13.376610394485539,22.969368031796822,nan,0.06909645868029601,nan
204.63,215.43435668945312,-179.64915466308594,-32.81492614746094,216.14571348246116,-180.06938079213677,-32.83325168550149,0.82641049838455,0.34801475946748023,0.07124189813132295,3.589284290863091e-05,13.330428902687736,22.88569824502667,nan,nan,nan
204.64000000000001,215.42601013183594,-179.6407928466797,-32.8170166015625,216.13758418945855,-180.06087141296604,-32.83462933163419,0.8265070172692324,0.34806902891373126,0.07125840339108643,3.518210448497765e-05,12.772762383307827,22.286650342835724,nan,0.5258116639154841,nan
204.65,215.41766357421875,-179.63243103027344,-32.81917953491211,216.14682294571296,-180.05594178839934,-32.83700484741403,0.8434171524530375,0.3479955474135774,0.07125020474629626,3.586642937336722e-05,12.693296202446255,22.685150006361436,3.0052939214738155,nan,nan
204.66,215.40933227539062,-179.6240692138672,-32.821414947509766,216.13872096319812,-180.04742817493667,-32.83854207299856,0.8435247514133102,0.3480495800902295,0.07126673192434682,3.515706955918158e-05,12.160301733982752,21.75196867734486,nan,0.5063590901678245,nan
204.67000000000002,215.40098571777344,-179.61570739746094,-32.82372283935547,216.13061833857805,-180.0389175209531,-32.8409953256489,0.8436639785786841,0.34810369922558415,0.07128332579061371,3.586280253848927e-05,12.117832199304608,22.030732766338563,nan,nan,nan
204.68,215.39263916015625,-179.6073455810547,-32.82610321044922,216.12251487340845,-180.0304101426835,-32.844564013335095,0.8438263928941677,0.34815790496263427,0.07129998646358968,3.515392515122523e-05,13.475916585462002,23.34750230001177,nan,0.7604266665066765,nan
204.69,215.38429260253906,-179.59898376464844,-32.82855224609375,216.11441221808954,-180.02190000851846,-32.84717006680807,0.8439664836880995,0.34821219744755183,0.07131671411136106,3.5859880207938265e-05,13.429997397213016,23.250047382424604,nan,nan,nan
204.70000000000002,215.37594604492188,-179.5906219482422,-32.83100509643555,216.08481664100847,-180.0047142465578,-32.85049724389826,0.8211881010664853,0.34813863460833455,0.07130855433963071,3.513025281715641e-05,14.508796760002511,24.094098335085853,3.9559366334061696,0.2783372241132946,nan
204.71,215.3675994873047,-179.58226013183594,-32.833438873291016,216.07667877708198,-179.9961924414311,-32.85314269523677,0.8212926620377965,0.34819269003418085,0.07132530308612485,3.5835567869020306e-05,14.510046082158528,24.054187076187283,nan,nan,nan
204.72,215.3592529296875,-179.5738983154297,-32.83583450317383,216.0341423276764,-179.99372677370704,-32.85589440450399,0.7950685715953828,0.34457500047063994,0.07122832163829801,3.512823473876201e-05,16.939450402500064,26.463090885798575,nan,0.013616198125641328,0.3222501974461138
204.73000000000002,215.3509063720703,-179.56553649902344,-32.83819580078125,216.02598731390296,-179.98523882141959,-32.85847880566312,0.7951702444995107,0.3446256118379086,0.07124393724792416,3.583379692630403e-05,16.936484944573884,26.420291141667438,nan,nan,nan
204.74,215.3425750732422,-179.55718994140625,-32.84050750732422,216.0178391762893,-179.97674899141623,-32.86070010639577,0.7952478521609238,0.34467630755038137,0.07125961307819893,3.512698504479899e-05,17.034259837925195,26.826185019918125,nan,0.07274963359414074,nan
204.75,215.334228515625,-179.548828125,-32.84278106689453,216.0036450629644,-179.96891683065056,-32.86312710316972,0.7905738394730037,0.3446114590985555,0.07125105073220372,3.581076794033915e-05,17.172332779623105,26.17988162248809,2.0319135505133774,nan,nan
204.76,215.3258819580078,-179.54046630859375,-32.84500503540039,215.99545638503787,-179.9604461646022,-32.86662059148728,0.7906833911563105,0.34466193946328477,0.07126674386293741,3.510513463015595e-05,18.893925302141625,27.890800953307878,nan,0.7603838545091972,nan
204.77,215.31753540039062,-179.5321044921875,-32.84718704223633,215.98729012219596,-179.9519698237839,-32.86904009608674,0.7907817903946027,0.34471250530664577,0.07128249740569234,3.581035236867562e-05,18.892049766228105,27.87292779344318,nan,nan,nan
204.78,215.30918884277344,-179.52374267578125,-32.849327087402344,215.97911873665703,-179.94349483954238,-32.87165555226071,0.7908833681674958,0.3447631554647282,0.07129831142270933,3.510501273243617e-05,19.730438487723102,28.696573231331662,nan,0.03994000462934205,nan
204.79,215.30084228515625,-179.515380859375,-32.85142517089844,215.9709523350801,-179.9350187491791,-32.873993190639034,0.7909821446045537,0.3448138913743908,0.07131418613670096,3.5810510085499464e-05,19.723277688329194,28.673707122085673,nan,nan,nan
204.8,215.29249572753906,-179.50701904296875,-32.853477478027344,215.98090607583663,-179.9351278127573,-32.87558146866779,0.8109713390837334,0.34474894714186965,0.07130567364946104,3.508426240929471e-05,19.516922615199412,28.50896653350293,5.090782612422238,0.17405807096197812,nan
204.81,215.28414916992188,-179.49867248535156,-32.855491638183594,215.97276900622848,-179.9266674051185,-32.87782822632768,0.8110954650786559,0.34479946740875517,0.07132156521937573,3.5789173969246295e-05,19.503161349927332,29.12214727048359,nan,nan,nan
204.82,215.27581787109375,-179.4903106689453,-32.85746765136719,215.96463889342337,-179.91820550351378,-32.87970394388538,0.8112107266047148,0.3448500719594549,0.07133751751232002,3.508516772280825e-05,19.628787234916317,28.289292714155685,nan,0.07713030364735474,nan
204.83,215.26747131347656,-179.48194885253906,-32.85940170288086,215.95650203098955,-179.90974521244024,-32.88186872785644,0.8113432211046209,0.34490076216018417,0.07135353073614864,3.5790379984494703e-05,19.612366381403096,28.59596253181625,nan,nan,nan
204.84,215.25912475585938,-179.4735870361328,-32.861297607421875,215.94841749613693,-179.90127345878068,-32.88143774563928,0.8114467222708349,0.34495153695016095,0.07136960497526262,3.508656596246433e-05,17.04286030381075,26.031183468454792,nan,4.596428556509414,nan
204.85,215.2507781982422,-179.46522521972656,-32.863155364990234,215.9301073490363,-179.88952749605116,-32.88350273923635,0.8012081704847893,0.3448864982468229,0.07136113872876713,3.577006396258825e-05,17.079487395524033,25.842137315483143,0.9682153849321562,nan,nan
204.86,215.242431640625,-179.4568634033203,-32.86497497558594,215.92194124721516,-179.88106827400804,-32.88613733722875,0.8013307203107894,0.34493705713597167,0.07137722936314392,3.506726245503027e-05,18.249584459532876,26.994811835860773,nan,0.25897990470248766,nan
204.87,215.2340850830078,-179.44851684570312,-32.86676025390625,215.91378726941917,-179.87260643078162,-32.88813574333053,0.8014386750915878,0.34498770157281894,0.07139338115971304,3.577221966520069e-05,18.22389470741806,27.61193529186092,nan,nan,nan
204.88,215.22573852539062,-179.44015502929688,-32.86851119995117,215.9056683170276,-179.8641374362021,-32.888328040691825,0.8015349712255698,0.3450384305673071,0.07140959421512283,3.506955508386781e-05,16.622770421057634,25.39522002086889,nan,2.2064367351159513,nan
204.89000000000001,215.21739196777344,-179.43179321289062,-32.87022399902344,215.89751424012573,-179.85567558670962,-32.89023967698993,0.8016502975415982,0.34508924538206326,0.0714258687189704,3.577483152256118e-05,16.597279274310495,25.331460602209923,nan,nan,nan
204.9,215.20904541015625,-179.42343139648438,-32.87190628051758,215.89324993670067,-179.85038595925784,-32.890622969399686,0.8067071012825285,0.3450241110904633,0.07141744491494345,3.505111938103576e-05,15.487636311175722,24.101444226445572,1.5149765142665692,1.9058819956125514,nan
204.91,215.20069885253906,-179.41506958007812,-32.87355422973633,215.88510141786094,-179.8419337152329,-32.89245493850597,0.8068315177858326,0.34507470970762777,0.07143373532367454,3.575584678524888e-05,15.458424422961448,24.05093606865616,nan,nan,nan
204.92000000000002,215.19235229492188,-179.40672302246094,-32.87516784667969,215.87696803322933,-179.83347863916407,-32.89344783171905,0.8069406566650209,0.34512539284971294,0.07145008723023046,3.505421779946867e-05,14.97333711385517,24.1500720088766,nan,0.45842716676061745,nan
204.93,215.1840057373047,-179.3983612060547,-32.876747131347656,215.86881886789092,-179.8250264616576,-32.89520821641593,0.8070644805862199,0.3451761617093275,0.07146650081426177,3.575927953690536e-05,14.945942612031887,23.47619358074913,nan,nan,nan
204.94,215.1756591796875,-179.38999938964844,-32.878299713134766,215.86067080439062,-179.81657399888388,-32.89686897570358,0.8071874879698852,0.34522701539915873,0.07148297618726224,3.505770396745763e-05,15.225571691196409,23.814669727378185,nan,0.0033289182509313535,nan
204.95000000000002,215.1673126220703,-179.3816375732422,-32.879817962646484,215.84816461493435,-179.80027618307696,-32.898613048052006,0.7994816927652063,0.34516178665493347,0.07147459107076523,3.574108972868382e-05,14.861602397527852,23.996392632409094,5.483703191267795,nan,nan
204.96,215.15896606445312,-179.37327575683594,-32.881309509277344,215.84002691981678,-179.79179089937745,-32.899312197283045,0.7995767067771811,0.3452124238866544,0.07149108184024675,3.504039176098072e-05,14.202247364759767,23.373708206576204,nan,0.6642008953035542,nan
204.97,215.15061950683594,-179.3649139404297,-32.88276672363281,215.83187091362032,-179.7833083527889,-32.900943761465705,0.7996797910685858,0.3452631467330043,0.07150763451340135,3.574525767305042e-05,14.171608883465591,23.288988811112702,nan,nan,nan
204.98000000000002,215.14227294921875,-179.3565673828125,-32.88419723510742,215.82374508900068,-179.7748208294587,-32.90087946417335,0.7997615392709189,0.34531395437524337,0.07152424920967201,3.5044569287483736e-05,12.8440108231501,22.615797063455236,nan,1.9583963320757871,nan
204.99,215.13392639160156,-179.34820556640625,-32.88560104370117,215.81558856742024,-179.7663381152015,-32.9024384275713,0.7998635182326135,0.3453648479051096,0.07154092609685227,3.57497802130334e-05,12.808423556932865,21.948631957455536,nan,nan,nan
205.0,215.12557983398438,-179.33984375,-32.8869743347168,215.81443922371872,-179.76199972724996,-32.9033809596624,0.808091644119124,0.345299523762639,0.07153257579407803,3.5027924992059194e-05,12.637256401944757,21.64731845108451,1.0384133722995355,0.32450591476622925,nan
205.01,215.1172332763672,-179.33148193359375,-32.88832092285156,215.8062934200767,-179.75352681834676,-32.90488109884986,0.8082078976502676,0.34535020053680443,0.07154926754245132,3.5732610320537946e-05,12.603266995421475,21.611331421593583,nan,nan,nan
205.02,215.10887145996094,-179.3231201171875,-32.88964080810547,215.79817707598943,-179.74504978534273,-32.90467951835573,0.8083273099209201,0.3454009620709133,0.07156602154375352,3.503271782706531e-05,11.359955109882957,20.71240320179895,nan,1.9788106037277848,nan
205.03,215.10052490234375,-179.31475830078125,-32.890933990478516,215.7900311497426,-179.73657663333225,-32.90611126962487,0.8084428988372772,0.34545180939014564,0.07158283795956498,3.5737758714001124e-05,11.32592743077544,20.32919660152492,nan,nan,nan
205.04,215.09217834472656,-179.30641174316406,-32.8922004699707,215.781886604315,-179.728102949485,-32.90742542115989,0.8085497857099542,0.34550274177380524,0.07159971691861107,3.5037808457658055e-05,11.471446371107561,21.08550110524004,nan,0.006018851503324888,nan
205.05,215.08383178710938,-179.2980499267578,-32.8934440612793,215.7533727530387,-179.7191148583608,-32.90886850903743,0.7910870339425551,0.3454373231998789,0.07159139755951413,3.572119261549666e-05,11.945029753058314,19.950717290396998,10.751937634795683,nan,nan
205.06,215.0754852294922,-179.28968811035156,-32.89466094970703,215.74519695365558,-179.71066344463856,-32.90983063275314,0.7911789587973558,0.3454880385643993,0.07160829082517198,3.502201288842478e-05,11.831525605452004,19.807535574651194,nan,0.11065432558545582,nan
205.07,215.067138671875,-179.2813262939453,-32.89585494995117,215.73701414220793,-179.7022127661162,-32.91116154000752,0.7912729364191339,0.34553883961181847,0.07162524672590342,3.57268942076659e-05,11.79489284410711,19.77434262461155,nan,nan,nan
205.08,215.0587921142578,-179.27296447753906,-32.897132873535156,215.7288595622546,-179.6937588945688,-32.91081162217195,0.791356704926786,0.34558972568546953,0.07164226539516463,3.502762304729274e-05,10.55515805360638,18.499326690335018,nan,2.067158552214401,nan
205.09,215.05043029785156,-179.2646026611328,-32.898494720458984,215.72067644981112,-179.68530816924894,-32.91224252283694,0.7914619579272721,0.34564069771603434,0.07165934698747406,3.573286472046504e-05,10.4788728671267,18.733600734708475,nan,nan,nan
205.1,215.04208374023438,-179.25624084472656,-32.899940490722656,215.69926366641036,-179.67556087973543,-32.914459613038076,0.7796958073770307,0.3455751839296025,0.07165105462441403,3.501232789204383e-05,11.43426857169274,18.861998476007212,3.5981580601115444,0.270776059351891,nan
205.11,215.0337371826172,-179.24789428710938,-32.901466369628906,215.691057520294,-179.6671203334022,-32.91606616047756,0.7797651300915664,0.34562593864329066,0.07166814994416995,3.571705746146577e-05,11.356774883086336,19.339674448683688,nan,nan,nan
205.12,215.025390625,-179.23953247070312,-32.903076171875,215.68286784489555,-179.6586780148545,-32.916723161440075,0.7798368561357754,0.3456767783430614,0.07168530825361892,3.5018393859926236e-05,10.68392300752678,18.122131350354106,nan,0.7510315222244864,nan
205.13,215.01702880859375,-179.23117065429688,-32.904762268066406,215.67466176735346,-179.6502371401363,-32.918483104737945,0.7799269769406795,0.3457277038984683,0.07170252970381481,3.572349097570815e-05,10.611894252465337,18.292161665319433,nan,nan,nan
205.14000000000001,215.00868225097656,-179.22280883789062,-32.90652847290039,215.66647446039747,-179.64179460855638,-32.91912823012178,0.779998987612965,0.3457787147431637,0.07171981443339769,3.5024682739330846e-05,9.851424652984498,17.235773915640557,nan,1.0073221056295105,nan
205.15,215.00033569335938,-179.21444702148438,-32.90837478637695,215.64556264368335,-179.62975385556055,-32.92089731008229,0.767433643681786,0.3457131065535936,0.07171154510026538,3.570812947125917e-05,9.777182576428679,16.96454532555041,2.461763341425081,nan,nan
205.16,214.9919891357422,-179.20608520507812,-32.91029739379883,215.63734926023392,-179.62131135256476,-32.92194225160328,0.7674881409858142,0.34576389981481215,0.071728842958093,3.501000888711942e-05,9.23585352037266,16.39877844275663,nan,0.6218180379216944,nan
205.17000000000002,214.983642578125,-179.19772338867188,-32.912296295166016,215.62912138376436,-179.61286990532815,-32.9239939266252,0.7675456686108048,0.3458147788309503,0.07174620417117525,3.571496582568458e-05,9.170958666847273,16.327734245790072,nan,nan,nan
205.18,214.97528076171875,-179.18936157226562,-32.91436767578125,215.62091515178358,-179.60442694816507,-32.92467603986479,0.7676127241487134,0.34586574309357254,0.0717636288805584,3.501667569711306e-05,8.35109273606192,15.736137211776624,nan,1.4752336601598293,nan
205.19,214.96693420410156,-179.18101501464844,-32.9165153503418,215.61268715449808,-179.59598546870507,-32.926865648684085,0.7676616959061726,0.3459167933865356,0.0717811172337004,3.5722000734390956e-05,8.291754327905505,15.982658581911723,nan,nan,nan
205.20000000000002,214.95858764648438,-179.1726531982422,-32.918739318847656,215.63365399490715,-179.6065962559105,-32.92803888176288,0.8025631650791031,0.34585109016503746,0.07177286691306292,3.500236555137086e-05,8.257871401407067,14.978622481688484,14.482479227276784,0.8727923221237371,nan
205.21,214.95022583007812,-179.16429138183594,-32.9210319519043,215.625472603443,-179.59820204586654,-32.93036698758412,0.8026978336773437,0.34590192257711755,0.07179036777252633,3.570718484508914e-05,8.204875981993013,15.168560348593436,nan,nan,nan
205.22,214.94187927246094,-179.1559295654297,-32.923397064208984,215.6173161847726,-179.58980656428034,-32.93103022428064,0.8028216101833746,0.34595284019073375,0.07180793234124301,3.500935812582285e-05,7.40641500594634,14.056092149364222,nan,2.132211304613008,nan
205.23000000000002,214.93353271484375,-179.14756774902344,-32.92583084106445,215.60913485471139,-179.5814123170598,-32.93348433376736,0.8029432959798221,0.3460038437352503,0.0718255607651481,3.571455035209777e-05,7.360104515044842,14.024801359707642,nan,nan,nan
205.24,214.92518615722656,-179.1392059326172,-32.92827224731445,215.60099877591747,-179.57301632687066,-32.932758960266234,0.8030780063837705,0.3460549327829478,0.07184325318757337,3.5016512925879685e-05,6.272825306337087,12.908800415583384,nan,7.304484904019497,nan
205.25,214.91683959960938,-179.130859375,-32.93069076538086,215.59647097230533,-179.5644121676793,-32.93510026442715,0.8061552396867795,0.3459891351968774,0.07183501783394504,3.5700052954306935e-05,6.125868597341885,13.446891359663818,0.9966147833771216,nan,nan
205.26,214.90847778320312,-179.12249755859375,-32.93307876586914,215.5883054660214,-179.55601264610044,-32.936867943845435,0.806297319412479,0.3460400060938664,0.0718527221204214,3.5002640777183506e-05,5.969237182402026,13.08697137125542,nan,0.30720920743959446,nan
205.27,214.90013122558594,-179.1141357421875,-32.9354248046875,215.58013109174937,-179.54761336748274,-32.93925246093593,0.8064225446788029,0.34609096282302376,0.07187049047020548,3.570770036574484e-05,5.94762815396906,12.728643345109203,nan,nan,nan
205.28,214.89178466796875,-179.10577392578125,-32.93772888183594,215.5719796307416,-179.5392135703476,-32.93988785937839,0.8065604590155628,0.3461420050075539,0.0718883230274348,3.501005992304586e-05,5.648852168799142,12.42470429069676,nan,2.0593517335764004,nan
205.29,214.88343811035156,-179.09742736816406,-32.93998718261719,215.56380526077228,-179.53081428193408,-32.94217191478403,0.8066774135014306,0.3461931333012983,0.07190621993683734,3.5715490086188496e-05,5.626885894951571,12.910543517657217,nan,nan,nan
205.3,214.8750762939453,-179.0890655517578,-32.942203521728516,215.57464113413502,-179.53616736645668,-32.94289751501475,0.8302357978088845,0.3461272408586589,0.07189799546889565,3.499644286853416e-05,5.911770157642896,12.748700660708428,8.115506021415866,1.4204690892844518,nan
205.31,214.86672973632812,-179.08070373535156,-32.94437789916992,215.56649676666166,-179.52780432290513,-32.94507936720486,0.8304055179187799,0.3461781507049277,0.07191590357886521,3.5701368785756764e-05,5.890591612689825,12.392586754468654,nan,nan,nan
205.32,214.85838317871094,-179.0723419189453,-32.94650650024414,215.55834661734022,-179.51944129708434,-32.947667411571196,0.8305708982772906,0.3462291459565475,0.07193387610138528,3.5004084606215696e-05,5.8942115644177075,12.35733298969921,nan,0.14203647719761917,nan
205.33,214.85003662109375,-179.06399536132812,-32.94858932495117,215.55020216630686,-179.5110782165068,-32.94976986338503,0.830732365909313,0.3462802272200719,0.071951913180957,3.570938436684784e-05,5.872756746653305,12.795994829052649,nan,nan,nan
205.34,214.8416748046875,-179.05563354492188,-32.95063781738281,215.54204836986548,-179.5027151650863,-32.952585213193835,0.8309084776552779,0.3463313941889001,0.07197001496206605,3.501184073630253e-05,5.920784560708539,12.712647890204401,nan,0.40088233013414293,nan
205.35,214.8333282470703,-179.04727172851562,-32.952640533447266,215.56974450046505,-179.50994755837579,-32.954715254801364,0.8697023204921472,0.34626540743267653,0.07196179726966379,3.569548186877411e-05,6.054874278594694,12.927890011309673,11.838575813859299,nan,nan
205.36,214.82498168945312,-179.03890991210938,-32.95460510253906,215.5616565811353,-179.50160920698798,-32.95691150266178,0.869934395800995,0.34631635568105745,0.07197990956754571,3.4998517960246273e-05,6.06589922189193,12.932236481807609,nan,0.029507728337230987,nan
205.37,214.81663513183594,-179.0305633544922,-32.95652770996094,215.55357113429554,-179.49327102206354,-32.9588671386609,0.8701600601481883,0.34636738984478155,0.07199808662396077,3.5703684771035855e-05,6.0459596885915605,13.367855593656738,nan,nan,nan
205.38,214.8082733154297,-179.02220153808594,-32.95841598510742,215.54548761879627,-179.48493300589976,-32.96062956844399,0.8704080883956696,0.346418509660882,0.07201632858317199,3.5006449858303864e-05,6.0121220037336665,13.21992163353919,nan,0.017136753417995632,nan
205.39000000000001,214.7999267578125,-179.0138397216797,-32.96026611328125,215.53740231165946,-179.47659487710675,-32.96250941580683,0.8706420382697067,0.34646971567107687,0.07203463559001085,3.571198629240297e-05,5.9929950481258,12.824534967300458,nan,nan,nan
205.4,214.7915802001953,-179.0054931640625,-32.96207809448242,215.48441566303862,-179.46467015351783,-32.963361306807506,0.8311835734977132,0.3464036342290355,0.07202642053526571,3.499329832177056e-05,6.778012212276751,12.36077094216114,35.62568492028313,0.7693087118145269,nan
205.41,214.78323364257812,-178.99713134765625,-32.9638557434082,215.47625171158916,-179.45636716510367,-32.965160017529065,0.8313683185768886,0.3464546212228255,0.07204473735509857,3.5698328921860895e-05,6.758510929705893,11.894094818363685,nan,nan,nan
205.42000000000002,214.77487182617188,-178.98876953125,-32.96559524536133,215.46809964516316,-179.44806473557153,-32.965842246120665,0.8315749844395003,0.34650569381387375,0.07206311927528343,3.500137330484301e-05,6.69217442320446,12.114772279114897,nan,0.8259199444367175,nan
205.43,214.7665252685547,-178.98040771484375,-32.96730041503906,215.45993515600748,-179.4397616191026,-32.96756101222606,0.8317591894809626,0.3465568525038808,0.07208156644121806,3.5706775844976765e-05,6.672386646487521,11.782536188087938,nan,nan,nan
205.44,214.7581787109375,-178.97206115722656,-32.968971252441406,215.45175073597252,-179.43145714692895,-32.97105188974632,0.8319201634276058,0.3466080970893939,0.07210007899632494,3.500952608648333e-05,6.773211107472089,12.32893260556377,nan,2.300399818256863,nan
205.45000000000002,214.7498321533203,-178.9636993408203,-32.970611572265625,215.47684064950968,-179.43723469184064,-32.97266255808401,0.8676296956307482,0.3465419213985876,0.07209186241751465,3.5693261492549204e-05,6.854012348898397,12.442286102089462,9.81350628790602,nan,nan
205.46,214.74147033691406,-178.95533752441406,-32.97221755981445,215.46873256211273,-179.42895235625593,-32.97413206347172,0.8678853717316484,0.34659294669176605,0.0721103840618348,3.4996559473002006e-05,6.82102866407852,12.745765175815793,nan,0.02001948099153852,nan
205.47,214.73312377929688,-178.94699096679688,-32.973793029785156,215.46062265057805,-179.42066980392573,-32.975736951869614,0.8681186712035371,0.34664405798947506,0.07212897114657184,3.570182398426053e-05,6.801705820574894,12.812912680381153,nan,nan,nan
205.48000000000002,214.7247772216797,-178.93862915039062,-32.97533416748047,215.45253358480562,-179.41238890645852,-32.975284404545185,0.8683764350880007,0.3466952551247415,0.07214762381433579,3.500482104330792e-05,6.676610473684155,12.24664691937401,nan,2.9002333406163867,nan
205.49,214.71641540527344,-178.93026733398438,-32.97684860229492,215.44442341077942,-179.40410605477163,-32.976808615373045,0.8686304110477934,0.3467465385449692,0.07216634221173927,3.571045220844554e-05,6.656929108334578,12.57236254070289,nan,nan,nan
205.5,214.70806884765625,-178.92190551757812,-32.978328704833984,215.45268476533724,-179.40330524802462,-32.97962043523602,0.8866793298060426,0.3466802683355988,0.07215811992279038,3.4991962951823204e-05,6.783345902522285,12.600294858752124,2.4679598663349265,1.2605866459871713,nan
205.51,214.69972229003906,-178.91355895996094,-32.97978210449219,215.44460085764433,-179.3950349530237,-32.9810996209067,0.8869413442967635,0.3467313321684106,0.07217684666665812,3.5697084951485984e-05,6.764320882620239,12.98056949322209,nan,nan,nan
205.52,214.69137573242188,-178.9051971435547,-32.981204986572266,215.43652213267515,-179.38676538238707,-32.98198231735276,0.8872157182476416,0.34678248177872983,0.07219563918379984,3.500030828752807e-05,6.714109579686169,12.498736178812738,nan,0.22791986454591726,nan
205.53,214.68301391601562,-178.89683532714844,-32.982601165771484,215.42843754494825,-179.37849515410454,-32.98339970329777,0.8874982890894227,0.3468337175809069,0.07221449762180884,3.570579876166281e-05,6.695549099635339,12.82658584984651,nan,nan,nan
205.54,214.67466735839844,-178.8884735107422,-32.98396682739258,215.42035982913737,-179.37022583391646,-32.984051357646734,0.8877739402268505,0.34688503945720983,0.07223342212183022,3.500870435052801e-05,6.659205793756986,12.428256545239577,nan,0.3850522332374899,nan
205.55,214.6663055419922,-178.880126953125,-32.98530578613281,215.42802759505173,-179.37492147655558,-32.98534508323297,0.9083182856677537,0.3468186750785358,0.07222518992120425,3.569251883783293e-05,7.125036882220389,13.643744109865183,6.940776833513373,nan,nan
205.56,214.657958984375,-178.87176513671875,-32.98662185668945,215.41997377378107,-179.36668758915457,-32.98595056754172,0.9086337126850258,0.3468697770887989,0.07224412200545234,3.4995950750805496e-05,7.119627797633282,12.855365723156606,nan,0.36972767572989496,nan
205.57,214.6496124267578,-178.8634033203125,-32.98790740966797,215.411913123153,-179.35845282897208,-32.987246802599465,0.9089426847444088,0.3469209651984262,0.07226312019830715,3.5701295641607755e-05,7.100799332455351,12.839275128974553,nan,nan,nan
205.58,214.64125061035156,-178.85504150390625,-32.98917007446289,215.40386178965198,-179.35021937085742,-32.98744464146321,0.9092743853377391,0.3469722393194582,0.07228218463983532,3.500440671179915e-05,7.155126535564815,13.247542344948162,nan,0.813460883511021,nan
205.59,214.63290405273438,-178.84669494628906,-32.99040603637695,215.395800774401,-179.34198431717235,-32.988680747252715,0.9095745958755784,0.34702359982186315,0.07230131547924698,3.5710114305295984e-05,7.134340443904686,13.263657421058618,nan,nan,nan
205.6,214.6245574951172,-178.8383331298828,-32.99161911010742,215.41432372964005,-179.3470933112301,-32.9913502573918,0.9394507435723989,0.34695714108983533,0.07229306914174868,3.499171642755003e-05,7.276024139067634,13.533806073248345,7.79349519493318,1.2463836552437393,nan
205.61,214.61619567871094,-178.82997131347656,-32.99280548095703,215.4063062227691,-179.33888332439307,-32.992554920017085,0.939822413793029,0.34700828143198975,0.07231220678504173,3.569691075377154e-05,7.257698457022414,13.918466112818082,nan,nan,nan
205.62,214.60784912109375,-178.8216094970703,-32.99396896362305,215.39828000262065,-179.33067186616643,-32.994753051345015,0.9401734355397939,0.34705950772086025,0.07233141086013932,3.50002135390132e-05,7.255946009127808,13.511460408694573,nan,0.729141881860187,nan
205.63,214.5994873046875,-178.81326293945312,-32.99522018432617,215.3902620683525,-179.32246176648357,-32.995977020313816,0.9405364134893187,0.3471108202997639,0.07235068151737305,3.570577221654552e-05,7.235519555798015,14.252529447686307,nan,nan,nan
205.64000000000001,214.5911407470703,-178.80490112304688,-32.996551513671875,215.38224749692648,-179.31425223747846,-32.99684130933516,0.9408977263349145,0.3471622191205076,0.07237001889512835,3.500874213317331e-05,7.204459255807525,13.468240982308219,nan,0.14002013661201826,nan
205.65,214.58277893066406,-178.79653930664062,-32.99796676635742,215.36921164058336,-179.29912176797646,-32.998200345816365,0.933308947901367,0.34709566631364447,0.07236175419009061,3.569261671611056e-05,6.863817096927664,13.628334237831863,2.4987832577294906,nan,nan
205.66,214.57443237304688,-178.78817749023438,-32.99946594238281,215.36119605941025,-179.29089142934717,-32.99840687185318,0.9336592121265509,0.34714684469313123,0.07238109757255534,3.499609953786858e-05,6.876908233553847,13.2250569408147,nan,1.1326573204388193,nan
205.67000000000002,214.56607055664062,-178.77981567382812,-33.00104904174805,215.3531702833638,-179.2826591879344,-32.999949865703805,0.934012198889507,0.34719810927178857,0.0724005077179081,3.5701504228739805e-05,6.860975475886014,13.583351802949375,nan,nan,nan
205.68,214.55772399902344,-178.77146911621094,-33.002708435058594,215.34515699588766,-179.27442967369896,-32.999907740370965,0.9343596153676444,0.3472494600251381,0.07241998476341785,3.500465383876419e-05,7.032947599396694,13.788242987706514,nan,1.9618173121030154,nan
205.69,214.54937744140625,-178.7631072998047,-33.00444793701172,215.33713107731407,-179.26619748724474,-33.00159689928577,0.9346997678402246,0.34730089726109376,0.07243952886109481,3.5710417025789364e-05,7.01927046628345,13.38717106336635,nan,nan,nan
205.70000000000002,214.541015625,-178.75474548339844,-33.00626754760742,215.30328465843763,-179.24684176728147,-33.00161373212847,0.9073227044155471,0.3472342502657057,0.0724312415336821,3.4992043431200544e-05,7.3072882096549305,13.492638507868827,6.034314762476288,2.328948960783527,nan
205.71,214.5326690673828,-178.7463836669922,-33.00815963745117,215.2952161916104,-179.23859229984885,-33.00344492983746,0.9076175865386578,0.347285466767013,0.07245079081954048,3.569728914827189e-05,7.29372577458385,13.193379777704134,nan,nan,nan
205.72,214.52430725097656,-178.73802185058594,-33.0101318359375,215.28524313436805,-179.23352654518,-33.004923931247234,0.9080613653651424,0.3470214839432562,0.07159257655337044,3.500027973870778e-05,9.676835855406512,15.908712268532792,nan,0.12948165805671696,0.01154175410112533
205.73000000000002,214.51596069335938,-178.72967529296875,-33.01218032836914,215.27717175021257,-179.22528336029714,-33.00690586436438,0.9083487488003076,0.3470719263016301,0.07160871405315253,3.5705878312585494e-05,9.654463445332087,15.942349561115329,nan,nan,nan
205.74,214.50759887695312,-178.7213134765625,-33.014305114746094,215.26909298009505,-179.21704654661875,-33.00944117908069,0.9086518605810906,0.3471224533476307,0.07162491152128418,3.5008876010947315e-05,9.525398000510735,15.787417632249817,nan,0.16073890343376698,nan
205.75,214.49925231933594,-178.71295166015625,-33.01649856567383,215.28466257516234,-179.21577848325822,-33.01155228657973,0.9325923813033198,0.347057071820256,0.07161628044098907,3.569278427856568e-05,9.31541112396504,16.051941009855174,5.841679391283935,nan,nan
205.76,214.4908905029297,-178.70458984375,-33.018768310546875,215.27662555032126,-179.20754169230486,-33.014173314962406,0.9329315305254726,0.34710738326873036,0.07163249253330209,3.4996286743776925e-05,9.207696750599618,16.309759988034923,nan,0.11800997212973693,nan
205.77,214.4825439453125,-178.69622802734375,-33.02111053466797,215.26859494207582,-179.1992997350175,-33.01646320038347,0.9332625087778557,0.34715777989399604,0.07164876518930124,3.5701723938785264e-05,9.184359591463133,15.908236402448097,nan,nan,nan
205.78,214.47418212890625,-178.68788146972656,-33.023521423339844,215.2605528235312,-179.19106778349834,-33.01959424177777,0.9335902519238294,0.3472082611757742,0.07166509807972002,3.500488578776767e-05,8.99326013045627,16.544872054917587,nan,0.4186433584572903,nan
205.79,214.46583557128906,-178.6795196533203,-33.02593994140625,215.25252239690752,-179.1828261928751,-33.0220028704715,0.933921375110243,0.3472588279071667,0.07168149181319483,3.571067785587337e-05,8.961899772070169,15.756577548559312,nan,nan,nan
205.8,214.4574737548828,-178.67115783691406,-33.02833938598633,215.24103363839035,-179.1741715373123,-33.02604313610192,0.9311252045746625,0.34719336254825506,0.07167290195046018,3.4992308183003985e-05,8.7448156774917,15.792167009061046,0.2554089364819863,1.9368475198707156,nan
205.81,214.44912719726562,-178.66281127929688,-33.03070831298828,215.23299680304768,-179.16593299105125,-33.0284392291156,0.9314441284635343,0.34724371341606874,0.07168930985477288,3.5697579261695726e-05,8.712471893250674,15.728810506014959,nan,nan,nan
205.82,214.44078063964844,-178.65444946289062,-33.03303527832031,215.2249438387856,-179.1577083946899,-33.03193170691506,0.9317632173393826,0.3472941489062073,0.071705778254993,3.500090002711686e-05,8.578548445446568,15.261088204119902,nan,0.9044494832872562,nan
205.83,214.4324188232422,-178.64608764648438,-33.03532028198242,215.21690735880318,-179.14947010594025,-33.03426366712613,0.9321036848706474,0.3473446697470278,0.07172230772039825,3.570652782466179e-05,8.550105022233081,15.619792341582992,nan,nan,nan
205.84,214.424072265625,-178.63772583007812,-33.037559509277344,215.2088790397841,-179.14122525172507,-33.03598527077639,0.932435423282329,0.3473952755138222,0.07173889797977051,3.500950196066148e-05,8.565317066325154,15.293723933115029,nan,0.22774277494212938,nan
205.85,214.41571044921875,-178.62937927246094,-33.039756774902344,215.18791725898805,-179.1299810677229,-33.03838441263642,0.9202757183864871,0.3473297268874302,0.07173034613732113,3.569343420283316e-05,8.711255835309693,15.775706760949896,3.2392636386258284,nan,nan
205.86,214.40736389160156,-178.6210174560547,-33.04191207885742,215.17983821693565,-179.12176376026477,-33.04209135967556,0.9205777949863997,0.3473801165571116,0.071746950111364,3.499690962498304e-05,8.635387975275457,14.906637500325818,nan,1.6002180979817668,nan
205.87,214.3990020751953,-178.61265563964844,-33.04402160644531,215.17177973253257,-179.11352893927028,-33.0442659634727,0.9209014223379672,0.34743059148008076,0.07176361537000983,3.570236864924877e-05,8.61168239386953,15.332095391327734,nan,nan,nan
205.88,214.39065551757812,-178.60430908203125,-33.04609298706055,215.16372513861958,-179.10529102775683,-33.04611130375298,0.9212054869873912,0.3474811512907624,0.07178034167903871,3.500550044359373e-05,8.584855053846503,15.239997731953887,nan,0.05843945752387499,nan
205.89000000000001,214.38230895996094,-178.595947265625,-33.04812240600586,215.15566674136915,-179.09705656057946,-33.0482008186958,0.9215165704982913,0.34753179663015177,0.07179712955310122,3.5711310796258816e-05,8.561262587216145,14.847266538893798,nan,nan,nan
205.9,214.3739471435547,-178.58758544921875,-33.05010986328125,215.1544977921524,-179.1012215318698,-33.051800082453525,0.9343897459134943,0.34746616414129883,0.07178861163912524,3.499290778532368e-05,9.487983463405907,15.766689707756434,13.751372539046962,1.5831652954593434,nan
205.91,214.3656005859375,-178.57923889160156,-33.052059173583984,215.1464469502234,-179.09303438276515,-33.0538265044549,0.9347245448884728,0.34751659311772687,0.07180541272917675,3.569819377794077e-05,9.469857648062913,15.697363016766365,nan,nan,nan
205.92000000000002,214.35723876953125,-178.5708770751953,-33.0539665222168,215.1383894352761,-179.08485325003167,-33.05634632351179,0.9350794267586346,0.3475671069406596,0.07182227512136521,3.500148038602759e-05,9.5211040022585,15.849501524723753,nan,0.19944195329073483,nan
205.93,214.34889221191406,-178.56251525878906,-33.05583953857422,215.1303384020567,-179.07666641241724,-33.05830266107263,0.935422697948945,0.3476177061974049,0.07183919929579069,3.570711980331276e-05,9.50676391963531,15.381641076923115,nan,nan,nan
205.94,214.3405303955078,-178.55416870117188,-33.05767059326172,215.12229724561226,-179.06847069524864,-33.059389308715176,0.9357718220893222,0.34766839060177557,0.07185618506928086,3.50100584376012e-05,9.396933515935459,16.107358371780517,nan,0.48975704691245614,nan
205.95000000000002,214.33218383789062,-178.54580688476562,-33.059471130371094,215.09692399566546,-179.0485838184662,-33.06123648620727,0.9152132376971303,0.34760267466621997,0.0718476976938324,3.5693998699151764e-05,8.957829132236299,14.679354137252373,5.83080344533455,nan,nan
205.96,214.32383728027344,-178.53744506835938,-33.06123352050781,215.08884602212106,-179.04036632600315,-33.06303962967348,0.9155170279812387,0.347653142468464,0.07186469617983442,3.499743786091913e-05,8.940958109398972,14.71884103866197,nan,0.0009406339178929386,nan
205.97,214.3154754638672,-178.5290985107422,-33.062957763671875,215.0807676497288,-179.03214929133154,-33.06484434457516,0.9158251889852785,0.3477036956110099,0.07188175666263522,3.5702902372774815e-05,8.922891370311154,15.515970723255075,nan,nan,nan
205.98000000000002,214.30712890625,-178.52073669433594,-33.06465148925781,215.07268285363074,-179.0239379449603,-33.067184603970865,0.9161281360433685,0.3477543338561309,0.07189887899110765,3.500599744085023e-05,8.98386763082271,14.761663168349102,nan,0.2288122490428485,nan
205.99,214.29876708984375,-178.5123748779297,-33.06631088256836,215.06460453833967,-179.0157205805722,-33.068928212221394,0.9164446215139997,0.34780505771942505,0.0719160635979609,3.5711810386138116e-05,8.969281712122111,15.130362340893301,nan,nan,nan
206.0,214.29042053222656,-178.5040283203125,-33.067935943603516,215.05436126961487,-179.00314075688627,-33.070069367910186,0.9125366984857489,0.34773925787420373,0.07190760265907806,3.49933705853736e-05,8.598697050177359,15.021716554379513,2.0293929041045446,0.30907126577108135,nan
206.01,214.2820587158203,-178.49566650390625,-33.06952667236328,215.04628038133663,-178.99490670632017,-33.071744198263296,0.9128419639630605,0.34778976486965124,0.0719247994357493,3.569865648459098e-05,8.583144723000876,15.02157817308868,nan,nan,nan
206.02,214.27371215820312,-178.4873046875,-33.07109069824219,215.03820347472663,-178.98666894781186,-33.07300701408993,0.9131348803890277,0.34784035691987486,0.07194205830002715,3.500190663182577e-05,8.52765615365126,14.50268514822512,nan,0.10258185615331007,nan
206.03,214.26535034179688,-178.4789581298828,-33.0726203918457,215.03012236238584,-178.97843471563965,-33.07461692486781,0.9134314913222247,0.3478910344969956,0.07195937965509178,3.5707543336571477e-05,8.5100057823377,15.323468581784928,nan,nan,nan
206.04,214.2570037841797,-178.47059631347656,-33.074119567871094,215.02201978278174,-178.97021944861308,-33.07823467242845,0.9137229828379364,0.3479417974276821,0.07197676339351518,3.5010446072131515e-05,8.859543133099084,14.915026629666627,nan,2.9300577686280103,nan
206.05,214.2486572265625,-178.4622344970703,-33.07558822631836,215.03009782168618,-178.9660115311459,-33.079911696654534,0.9297630860412827,0.34787591396730183,0.0719683253315385,3.56943815371796e-05,8.705782751510045,15.3270858823347,3.4416785852479412,nan,nan
206.06,214.24029541015625,-178.45388793945312,-33.077030181884766,215.02203148238445,-178.95778645114495,-33.082698717265934,0.9300844741212384,0.3479264597857638,0.07198572069025795,3.49977857008318e-05,9.076123742349491,16.40849852885006,nan,1.0893662187410778,nan
206.07,214.23194885253906,-178.44552612304688,-33.07844161987305,215.0139775732947,-178.94955016397455,-33.08422829743242,0.9303991829085799,0.3479770910410208,0.0720031787495407,3.570324275387952e-05,9.073591709879562,15.67123502599027,nan,nan,nan
206.08,214.2235870361328,-178.43716430664062,-33.07982635498047,215.0059325906851,-178.94130557074521,-33.084801837330396,0.9307243073678161,0.3480278075985181,0.07202069942898749,3.500630389643395e-05,8.82017410948824,15.753163352844131,nan,0.6089268843394764,nan
206.09,214.21524047851562,-178.42880249023438,-33.081180572509766,214.99787834583384,-178.93306903772003,-33.086268130139786,0.9310384876664047,0.3480786098729098,0.07203828309174656,3.571210717603162e-05,8.81562116961068,15.44324907803624,nan,nan,nan
206.1,214.20687866210938,-178.4204559326172,-33.08251190185547,214.98248037219153,-178.92923685807153,-33.087711429349305,0.9276007103677236,0.3480126424420517,0.07202986379305203,3.4993635449152894e-05,9.446455240249245,16.107344038769842,7.068944075739328,0.0007996743866443927,nan
206.11,214.1985321044922,-178.41209411621094,-33.08381271362305,214.97441076387838,-178.92102807876512,-33.089125805768894,0.9279168611897128,0.34806322733848016,0.07204745849069259,3.5698909695753306e-05,9.44310515946048,15.46226435404465,nan,nan,nan
206.12,214.19017028808594,-178.4037322998047,-33.08509063720703,214.96634180534187,-178.91281859613528,-33.09044145916162,0.9282455023357595,0.34811389748331373,0.07206511604067639,3.500212871242241e-05,9.448375669735285,15.759023151009103,nan,0.0038226952387877084,nan
206.13,214.18182373046875,-178.3953857421875,-33.086341857910156,214.95827218448875,-178.90460953891647,-33.09180527179424,0.9285531356881991,0.34816465325684354,0.07208283678157452,3.5707751827412306e-05,9.443620617920198,15.792880916448427,nan,nan,nan
206.14000000000001,214.1734619140625,-178.38702392578125,-33.08756637573242,214.95021314981759,-178.89639060379082,-33.09192406135698,0.9288788318922766,0.34821549457549084,0.07210062066941424,3.501062505994378e-05,9.128241249239167,15.50800347070127,nan,1.0518900195828271,nan
206.15,214.16510009765625,-178.378662109375,-33.08877182006836,214.92204840714743,-178.8735410947974,-33.09313632785647,0.9043754764380108,0.34814944337204956,0.07209221642768716,3.569454614743381e-05,8.55687735362609,14.740692783230418,9.323333832909789,nan,nan
206.16,214.15675354003906,-178.37030029296875,-33.08994674682617,214.91395422243033,-178.8652867898312,-33.0936214609703,0.9046424757958312,0.34820006706360795,0.07211001075621201,3.499792258642703e-05,8.387290181098935,14.384934076516908,nan,0.44520117354570565,nan
206.17000000000002,214.1483917236328,-178.36195373535156,-33.091102600097656,214.90585325827027,-178.85703864722578,-33.09486998303315,0.9049150455125686,0.34825077629659745,0.07212786848059234,3.570336265586398e-05,8.37562018767031,15.02531793294042,nan,nan,nan
206.18,214.14004516601562,-178.3535919189453,-33.09223556518555,214.8977755228445,-178.84876899123904,-33.09327836040688,0.9051832488547797,0.34830157101770415,0.07214578957905239,3.500639794541528e-05,7.987520396153131,13.885369174865533,nan,5.604610451303828,nan
206.19,214.13168334960938,-178.34523010253906,-33.09345245361328,214.8896746294426,-178.84052018861647,-33.09450852294459,0.905463508349286,0.3483524515623022,0.07216377435724106,3.5712182691594525e-05,7.965658744854992,14.27188479774637,nan,nan,nan
206.20000000000002,214.1233367919922,-178.3368682861328,-33.09475326538086,214.88653379584565,-178.84161200741298,-33.096289403766924,0.9150072407275214,0.34828631631683105,0.07215538104569214,3.499368828194696e-05,8.587445600864946,14.258738615151648,6.548393659972795,0.16505569100703354,nan
206.21,214.11497497558594,-178.32852172851562,-33.09613800048828,214.87843788464005,-178.83339660328122,-33.09769525633458,0.9153014135882834,0.3483369789683991,0.07217337563770063,3.5698942659339993e-05,8.56528058428964,14.971008048328686,nan,nan,nan
206.22,214.1066131591797,-178.32015991210938,-33.09760665893555,214.87033214067822,-178.82518999486973,-33.100443229611045,0.9156036879170365,0.34838772704883125,0.07219143382638833,3.500213981951625e-05,8.705873913672326,14.718222094876184,nan,1.1172682581503899,nan
206.23000000000002,214.0982666015625,-178.31179809570312,-33.09915542602539,214.86223595902587,-178.81697450707972,-33.10202899314028,0.915893357952927,0.3484385608670323,0.07220955589749589,3.570774175943237e-05,8.686445241827263,14.416621847308296,nan,nan,nan
206.24,214.08990478515625,-178.30343627929688,-33.10078430175781,214.85412931686875,-178.80876868487454,-33.10511673525128,0.9161979835046962,0.3484894804090143,0.07222774185879775,3.501059522720382e-05,8.970094289897506,15.07158795982803,nan,1.4227664097154982,nan
206.25,214.08155822753906,-178.2950897216797,-33.10249710083008,214.87185543779717,-178.8069729698023,-33.106980396080694,0.9416019542177063,0.34842326124455614,0.07221935564695711,3.569449538923503e-05,8.708600771155401,15.570558139630823,7.600507447673486,nan,nan
206.26,214.0731964111328,-178.28672790527344,-33.10428237915039,214.86379655787442,-178.7987610851476,-33.1097816679219,0.941943104171841,0.3484739626401165,0.07223755078466045,3.499785417055683e-05,8.988489380646378,16.009729082887773,nan,0.6452981969834124,nan
206.27,214.06483459472656,-178.2783660888672,-33.10615158081055,214.85574437105006,-178.7905429878929,-33.11171567201346,0.9422814915356279,0.34852474968840674,0.07225581000475238,3.570327089166832e-05,8.970470620858144,15.830274877522315,nan,nan,nan
206.28,214.05648803710938,-178.27000427246094,-33.10809326171875,214.8476817248072,-178.7823349384386,-33.115291599441974,0.9426144380498064,0.34857562239843515,0.07227413333273684,3.500629067613342e-05,9.563035483446079,16.176864205291164,nan,1.7256571007893393,nan
206.29,214.04812622070312,-178.2616424560547,-33.11011505126953,214.8396298072012,-178.7741172421801,-33.11739690170942,0.9429535297136414,0.3486265810449292,0.07229252102802222,3.571205110795589e-05,9.54679014966973,16.410262447768837,nan,nan,nan
206.3,214.03977966308594,-178.2532958984375,-33.11220932006836,214.81603254606026,-178.75042469261072,-33.12047631090278,0.9218318281875059,0.34856027775906695,0.07228413777493836,3.499354487473664e-05,9.292325548078171,16.43924012342291,12.287651226073942,0.7214927127643864,nan
206.31,214.0314178466797,-178.24493408203125,-33.114376068115234,214.8079581020888,-178.7421606303691,-33.12274178195842,0.9221274281849272,0.34861101799280303,0.07230253397956958,3.569877416866814e-05,9.278618856211162,16.415784671421825,nan,nan,nan
206.32,214.02305603027344,-178.236572265625,-33.11661911010742,214.7998932650952,-178.73388760979165,-33.123552073588044,0.922413522738977,0.34866184382423826,0.07232099450536882,3.500196011029767e-05,8.670387723571775,15.713470735047235,nan,1.6526393440701994,nan
206.33,214.01470947265625,-178.22821044921875,-33.11893081665039,214.79181895567865,-178.72562375068068,-33.12595077734838,0.9226962777224166,0.34871275550827874,0.07233951959607475,3.570753620809264e-05,8.656710486980362,15.438658924995917,nan,nan,nan
206.34,214.00634765625,-178.21986389160156,-33.12131881713867,214.78374707948342,-178.71735787473523,-33.12804417791226,0.9229817749963362,0.3487637530834268,0.07235810930048427,3.5010380606292765e-05,8.54656971764012,15.969446307710024,nan,0.10073532795739838,nan
206.35,213.9980010986328,-178.2115020751953,-33.123714447021484,214.75424220906174,-178.69651311364635,-33.13055114448469,0.8984336730968719,0.348697365743041,0.07234972507298655,3.569425595049942e-05,8.241039509105294,14.802144673879871,5.857244409405301,nan,nan
206.36,213.98963928222656,-178.20314025878906,-33.12609100341797,214.7461472360416,-178.68821002147556,-33.1309124988464,0.8986769195190798,0.3487481446482501,0.07236832260761432,3.499760773491851e-05,7.574843159617588,14.4936183976229,nan,3.250332796501619,nan
206.37,213.98129272460938,-178.19479370117188,-33.12843704223633,214.73804015489185,-178.67991879720316,-33.13337342365237,0.8989090053503596,0.3487990093226449,0.07238698490195247,3.570299747605771e-05,7.571564925443839,14.528237025216342,nan,nan,nan
206.38,213.97293090820312,-178.18643188476562,-33.130741119384766,214.7299312584019,-178.67162952129922,-33.136142894594514,0.8991637536479561,0.3488499598216848,0.0724057120185411,3.500601235581707e-05,7.701794778936279,14.614003200179909,nan,0.08328184291073071,nan
206.39000000000001,213.96456909179688,-178.17807006835938,-33.13300704956055,214.72182427249757,-178.66333857534698,-33.13853259492355,0.8994172914857625,0.3489009963750385,0.07242450418067924,3.571174533034547e-05,7.702492258667798,14.49476362746001,nan,nan,nan
206.4,213.9562225341797,-178.16970825195312,-33.13522720336914,214.69779444613434,-178.63200984718452,-33.14054923085985,0.873887858669624,0.3488345248289121,0.07241611482350102,3.4993237922026314e-05,6.535806612728192,13.917904671241361,31.32425773271133,0.04925728944048469,nan
206.41,213.94786071777344,-178.16136169433594,-33.13740539550781,214.6896680512711,-178.6236425601475,-33.142851039041936,0.8740774416262483,0.348885342445414,0.07243491410987338,3.5698439454666914e-05,6.535518769463392,14.739371703507567,nan,nan,nan
206.42000000000002,213.93951416015625,-178.1529998779297,-33.1395378112793,214.68154531365164,-178.61527215592622,-33.14445247777682,0.874259712962106,0.3489362458183464,0.07245377842275323,3.500162448499695e-05,6.374692355919576,13.776387184626252,nan,0.3059219349104327,nan
206.43,213.93115234375,-178.14463806152344,-33.141632080078125,214.67341961379998,-178.60690508799968,-33.146663965303496,0.8744580171875348,0.34898723516300467,0.07247270797348945,3.570717251077787e-05,6.37326864282332,13.994793046769221,nan,nan,nan
206.44,213.9228057861328,-178.13629150390625,-33.143680572509766,214.6653018422293,-178.59853036239198,-33.147186602319124,0.8746298919303251,0.3490383105562687,0.07249170284241258,3.5010017948966e-05,5.99435970786976,13.892059682517202,nan,1.9167715998526096,nan
206.45000000000002,213.91444396972656,-178.1279296875,-33.14569091796875,214.66485747634738,-178.58314306327247,-33.14928923167036,0.8776973261111236,0.3489717548307585,0.07248330433976247,3.569386677589449e-05,5.423927364619999,13.951374013332067,10.245925931910005,nan,nan
206.46,213.90609741210938,-178.11956787109375,-33.14766311645508,214.65675932078025,-178.57472919222343,-33.14900781304595,0.8778763794469256,0.34902261102665727,0.07250230561363706,3.4997221418955095e-05,5.093411602993323,13.195945918832244,nan,3.9193238598862923,nan
206.47,213.89773559570312,-178.11122131347656,-33.149593353271484,214.64865042173702,-178.56632585460036,-33.151020057709104,0.878063354658745,0.34907355311191013,0.07252137231478559,3.570258277993734e-05,5.078277001025308,14.157353022585161,nan,nan,nan
206.48000000000002,213.88938903808594,-178.1028594970703,-33.151485443115234,214.64054052696,-178.5579233171342,-33.15320496484903,0.8782451800743583,0.34912458117547185,0.07254050453383934,3.500560234522317e-05,5.086509891727632,13.240578705447142,nan,0.03126439534310957,nan
206.49,213.8810272216797,-178.09451293945312,-33.15333938598633,214.6324315056404,-178.5495197035769,-33.15514447111654,0.8784320188183119,0.3491756954146411,0.07255970246680596,3.571130684899547e-05,5.073032735500349,14.148631399304016,nan,nan,nan
206.5,213.8726806640625,-178.08615112304688,-33.155155181884766,214.60750572505924,-178.52744565795317,-33.156113175110235,0.8571520603475462,0.34910905539681336,0.07255129064998905,3.499280760038424e-05,4.5940303047583715,13.087287812809311,7.487525942554105,0.5583623366207915,nan
206.51,213.86431884765625,-178.07778930664062,-33.15693664550781,214.59937156119076,-178.51900551124132,-33.157971242898505,0.857307005260341,0.34915995017097184,0.07257049424426686,3.569798071844957e-05,4.578763624792498,13.35958127743341,nan,nan,nan
206.52,213.85597229003906,-178.06944274902344,-33.15868377685547,214.59123355530747,-178.510569272096,-33.16077585675895,0.8574416098840278,0.34921093085161203,0.07258976355201878,3.500117380109333e-05,4.654424929593259,13.619896530748754,nan,0.6799664099398908,nan
206.53,213.8476104736328,-178.0610809326172,-33.16039276123047,214.58309907771107,-178.50212921631302,-33.162574665982966,0.8575965461616392,0.34926199762600346,0.07260909876046365,3.570669344788016e-05,4.64393284135918,13.443727470664376,nan,nan,nan
206.54,213.83926391601562,-178.05271911621094,-33.162071228027344,214.57496729626166,-178.4936860368333,-33.16353945791301,0.8577373983263287,0.3493131505980721,0.07262849997333731,3.500954855166612e-05,4.553796912054276,12.907980939171532,nan,0.4522593393872527,nan
206.55,213.83090209960938,-178.04437255859375,-33.16371536254883,214.57089368306228,-178.48136825917985,-33.165399207966175,0.8593925885456891,0.3492464262865201,0.07262007076245634,3.569337087214125e-05,4.297266152180641,14.176354190498847,3.684940052722564,nan,nan
206.56,213.82254028320312,-178.0360107421875,-33.16532516479492,214.56276760522655,-178.47290847272637,-33.16722871687192,0.8595462400188287,0.3492973595301587,0.07263947687878242,3.4996736632461905e-05,4.303279119763194,13.609324853253016,nan,0.012762447767548793,nan
206.57,213.81419372558594,-178.02764892578125,-33.16690444946289,214.55464204539015,-178.46444820245097,-33.16889374165306,0.859686733457887,0.3493483787857083,0.07265894907960568,3.5702069932633406e-05,4.292867790372208,13.193683138431203,nan,nan,nan
206.58,213.8058319091797,-178.01930236816406,-33.16844940185547,214.5465200482681,-178.45598444260264,-33.169475299698426,0.8598320801113493,0.3493994841653318,0.07267848747608263,3.500510207299572e-05,4.193518917746739,14.109795053470627,nan,0.7822389774930849,nan
206.59,213.7974853515625,-178.0109405517578,-33.16996765136719,214.5383946128335,-178.44752433468415,-33.17106895169323,0.8599727587626461,0.3494506758440038,0.07269809224436424,3.57107787133065e-05,4.179941201954133,13.011898596230873,nan,nan,nan
206.6,213.78912353515625,-178.00257873535156,-33.17145538330078,214.52052005806036,-178.44212915686896,-33.17282363913718,0.8533154861458747,0.3493838671538513,0.07268964145929835,3.499229508002825e-05,4.5032895252126375,12.984158287007073,4.944191453973537,0.035336921856613496,nan
206.61,213.78077697753906,-177.99423217773438,-33.172908782958984,214.51237533064653,-178.4336912485414,-33.17436086625969,0.8534415819082511,0.3494348388355926,0.07270925035102457,3.569744065187665e-05,4.490353753493386,13.337960361069669,nan,nan,nan
206.62,213.7724151611328,-177.98587036132812,-33.174339294433594,214.5042348125096,-178.4252488506245,-33.1743728051674,0.8535885777823996,0.3494858965664703,0.07272892562562042,3.5000648898406386e-05,4.413420875977588,12.8320347709282,nan,1.5824828286219457,nan
206.63,213.76406860351562,-177.97750854492188,-33.17573547363281,214.49608983759725,-178.4168109088371,-33.1758391197546,0.8537222410306641,0.34953704051479395,0.07274866745305127,3.570614128537899e-05,4.396162473859932,12.648452266056246,nan,nan,nan
206.64000000000001,213.75570678710938,-177.9691619873047,-33.17710876464844,214.48794944365554,-178.40836790237253,-33.17551507297209,0.8538639726265089,0.3495882708026937,0.0727684759537122,3.5009012770766354e-05,4.449978355420235,13.44957932301687,nan,2.1941068052893775,nan
206.65,213.74734497070312,-177.96080017089844,-33.17845153808594,214.49242185034143,-178.40783706415317,-33.1769800201519,0.86889798357887,0.3495213777149203,0.07275999946733082,3.569280984685951e-05,4.596136953991757,13.095074210125043,2.4283484551133783,nan,nan
206.66,213.73899841308594,-177.9524383544922,-33.17976760864258,214.48429847990087,-178.39941461345828,-33.1775551945551,0.8690597565471319,0.3495723877399559,0.07277981129659239,3.4996193036080517e-05,4.658083461118958,12.809921435374758,nan,0.44636497961335697,nan
206.67000000000002,213.7306365966797,-177.94407653808594,-33.181060791015625,214.47617314762624,-178.39099429621982,-33.17889188458076,0.8692323829033397,0.3496234839006792,0.0727996898566639,3.570149983451758e-05,4.63256111129476,13.029647278708213,nan,nan,nan
206.68,213.7222900390625,-177.93572998046875,-33.18232345581055,214.46804473825443,-178.38257710974574,-33.18146951470534,0.8693809047393151,0.3496746663245307,0.07281963527302737,3.500455046036563e-05,4.503829988652583,13.252644989299005,nan,1.1314220973746667,nan
206.69,213.71392822265625,-177.9273681640625,-33.18356704711914,214.4599191250167,-178.37415935232627,-33.182769308702895,0.8695547301356656,0.34972593517188083,0.07283964770804925,3.57102009950361e-05,4.4837461243283885,12.64404589787459,nan,nan,nan
206.70000000000002,213.70556640625,-177.9191131591797,-33.18478012084961,214.44132558834252,-178.37611980036672,-33.18334144405874,0.8661401237175321,0.34965895762183324,0.07283114133190469,3.4991738369003374e-05,5.241311934187871,13.061419576045981,19.787648498965762,0.18296339161832884,nan
206.71,213.6972198486328,-177.9109649658203,-33.185970306396484,214.43317666786183,-178.36790227598422,-33.184584794392265,0.8662713575046989,0.34971000593687895,0.07285115628046122,3.5696858325760834e-05,5.215282361712466,12.111567600919283,nan,nan,nan
206.72,213.68885803222656,-177.90296936035156,-33.187137603759766,214.43751447587522,-178.37179646509375,-33.18587175698067,0.8833385121943145,0.34453009222857933,0.06805730513128722,3.499976877576805e-05,7.745841067386722,15.289455929977436,nan,0.003422229412979477,0.02980758428080039
206.73000000000002,213.6804962158203,-177.89511108398438,-33.18828201293945,214.42936174802068,-178.36386744731396,-33.18707026769397,0.8834781162011114,0.3445842153965775,0.06806896645323927,3.570522879955632e-05,7.707651884802329,14.863270024774664,nan,nan,nan
206.74,213.67214965820312,-177.8874053955078,-33.18940353393555,214.42130597126035,-178.35619297755332,-33.191085758360984,0.8837419353819245,0.344638422571523,0.06808068570575913,3.500813946356189e-05,7.71427167667299,14.60413409795343,nan,5.688857660150762,nan
206.75,213.66378784179688,-177.87985229492188,-33.19050216674805,214.45496386913325,-178.36211245005975,-33.19214009470496,0.9265727420302062,0.3445654390089941,0.06807124022158605,3.5691906707545506e-05,7.500120828513008,15.675052477689048,14.71677860776396,nan,nan
206.76,213.65542602539062,-177.87245178222656,-33.19158172607422,214.44689138480368,-178.35465731551994,-33.19379864151376,0.9267925907146933,0.34461941370891247,0.06808299701067685,3.4995329212432203e-05,7.532220264270226,15.729101399322726,nan,0.17549555444133394,nan
206.77,213.64706420898438,-177.8650360107422,-33.192745208740234,214.43880121920938,-178.347252426378,-33.194997063723065,0.9270303316070827,0.3446734754886748,0.06809481560637476,3.570060542892122e-05,7.5075870709820585,15.682357137133653,nan,nan,nan
206.78,213.63870239257812,-177.8576202392578,-33.193992614746094,214.43069199041952,-178.3398159055977,-33.19573440672234,0.9272341762280075,0.3447276212971219,0.06810669253038595,3.5003695538383795e-05,7.4251535458678815,16.04459272432082,nan,0.21196532081728306,nan
206.79,213.63034057617188,-177.8501739501953,-33.19532775878906,214.42260023779983,-178.3323868225358,-33.19710016613783,0.9274738633090994,0.34478185442562215,0.06811863147927294,3.5709316358979106e-05,7.400997460181751,15.302282231839724,nan,nan,nan
206.8,213.62197875976562,-177.8427276611328,-33.19674301147461,214.4486760679241,-178.3381766136945,-33.19704021920126,0.9637936460899604,0.3447087805875503,0.0681093195842528,3.499089480244542e-05,7.339600055101664,16.450389336665097,9.585899861306418,1.709617904428082,nan
206.81,213.61361694335938,-177.83526611328125,-33.1982421875,214.44063846501527,-178.3307403645328,-33.19855995302912,0.9640847638616878,0.3447627808473496,0.06812129560473545,3.569598597935715e-05,7.314382933581101,16.241340389795607,nan,nan,nan
206.82,213.60525512695312,-177.82778930664062,-33.19982147216797,214.43260817030912,-178.32330124245112,-33.200410596583026,0.9643886581397959,0.3448168651564621,0.06813333034183681,3.499925399909345e-05,7.29638643443703,16.140830233466456,nan,0.04347509359746175,nan
206.83,213.59689331054688,-177.8203125,-33.201480865478516,214.42456907056737,-178.31584246366546,-33.20209749332896,0.964674809894872,0.3448710366166761,0.06814542721009617,3.5704693317404995e-05,7.271307698894001,16.48454843335569,nan,nan,nan
206.84,213.58853149414062,-177.8128204345703,-33.203224182128906,214.41654203045033,-178.30838630028532,-33.20426815314026,0.9649808626999933,0.3449252924631956,0.06815758315073596,3.500762535628595e-05,7.266467808002012,16.18356346963307,nan,0.11445445580219193,nan
206.85,213.5801544189453,-177.80531311035156,-33.205039978027344,214.42629981742664,-178.30284921643914,-33.20605196658317,0.9815830257052893,0.3448521318613152,0.068148404011123,3.5691373724163555e-05,6.904375975543485,17.069605700393424,5.703859160499226,nan,nan
206.86,213.57179260253906,-177.79779052734375,-33.20693588256836,214.41832865348704,-178.2953887001971,-33.209443464334,0.9819539272022342,0.3449061545399775,0.06816059667539034,3.4994817920525916e-05,7.031055537399651,16.52341303411187,nan,1.509221410647376,nan
206.87,213.5634307861328,-177.79026794433594,-33.20891189575195,214.41031130624773,-178.28787002426486,-33.21146598101293,0.9822530064353243,0.34496026420122133,0.06817285157946128,3.570007448848206e-05,7.0091682763681895,16.741513528397288,nan,nan,nan
206.88,213.5550537109375,-177.78273010253906,-33.210960388183594,214.4022507970925,-178.2802963960258,-33.212174872236545,0.9825052641971788,0.3450144582667469,0.06818516593133332,3.500318662806925e-05,6.843713813491151,16.95491712531505,nan,1.365811831806527,nan
206.89000000000001,213.54669189453125,-177.7751922607422,-33.21308517456055,214.39423263225854,-178.27275656398652,-33.214337212457075,0.9828006438587754,0.3450687395566867,0.0681975427484033,3.570878831816979e-05,6.82038871616622,16.81535255970994,nan,nan,nan
206.9,213.53831481933594,-177.7676239013672,-33.21528244018555,214.36883270905543,-178.25736001170708,-33.21462669947758,0.964158624351218,0.34499548983198874,0.06818848896798159,3.499039025169602e-05,6.6675694156817285,16.089168972472336,3.1890311915669844,2.450874474823325,nan
206.91,213.5299530029297,-177.7600555419922,-33.217552185058594,214.36078433820455,-178.24978636831526,-33.21691882532002,0.9644259386133545,0.3450495375659737,0.0682009019975444,3.5695462866903866e-05,6.642254506394322,16.03374756003421,nan,nan,nan
206.92000000000002,213.52157592773438,-177.7524871826172,-33.21989440917969,214.3527347143016,-178.24220204707828,-33.21925721074145,0.9646999445339889,0.34510366971957507,0.06821337484002736,3.499875334744035e-05,6.617399038959701,16.746987489434964,nan,0.0005327938600493316,nan
206.93,213.51321411132812,-177.74488830566406,-33.222251892089844,214.3446853418051,-178.23460884664388,-33.22166673729868,0.9649719984406778,0.3451578889312266,0.06822591026219937,3.5704174633340614e-05,6.592132283457359,15.545973357589919,nan,nan,nan
206.94,213.5048370361328,-177.7373046875,-33.22459030151367,214.33663838468573,-178.22700904876484,-33.22417869366529,0.9652481620377609,0.3452121928968139,0.06823850584529913,3.500712930731715e-05,6.562100752082536,16.8426452593928,nan,0.007482207539219368,nan
206.95000000000002,213.49647521972656,-177.7296905517578,-33.22690200805664,214.31094708648973,-178.2046357037155,-33.22658202045519,0.9428347795392661,0.3451388570917075,0.0682295757798286,3.569086132338494e-05,5.97628570388808,15.253038050668835,14.161721727833202,nan,nan
206.96,213.48809814453125,-177.72207641601562,-33.22917175292969,214.3028735938478,-178.1969785239605,-33.22938141762298,0.9430753357493568,0.34519292720437156,0.06824220716570997,3.499432820466591e-05,5.9503621509135,16.074641092726694,nan,0.14041309325090023,nan
206.97,213.47972106933594,-177.71444702148438,-33.23139953613281,214.29478695987203,-178.18929887460925,-33.23170055426274,0.9433010012416141,0.3452470842104854,0.06825490124878615,3.569956784803179e-05,5.927856744513593,15.846247007532485,nan,nan,nan
206.98000000000002,213.4713592529297,-177.70681762695312,-33.233585357666016,214.28666517560688,-178.1815748568026,-33.23274178933166,0.9434611207963983,0.34530132598131097,0.06826765584413368,3.500270274879066e-05,5.921759878951837,15.754163682008299,nan,1.0804117546121346,nan
206.99,213.46298217773438,-177.6991729736328,-33.2357292175293,214.2785776309084,-178.17387689658418,-33.2349662991247,0.94368444924563,0.345355654890678,0.06828047337006735,3.570828804979027e-05,5.89403453374076,15.837667285000801,nan,nan,nan
207.0,213.45460510253906,-177.69151306152344,-33.237831115722656,214.27475352557843,-178.17334682724345,-33.23834922425447,0.9512136889460453,0.34528223109812445,0.06827166010629267,3.49899137767257e-05,6.2392481068064995,15.548404394717128,5.692033085242547,1.2419548694288647,nan
207.01,213.4462432861328,-177.68385314941406,-33.239891052246094,214.26667706379513,-178.165660399801,-33.24050216027701,0.9514463639678824,0.34533632577383644,0.06828451288003111,3.5694970573452636e-05,6.21877710709132,15.43774428966291,nan,nan,nan
207.02,213.4378662109375,-177.6761932373047,-33.241912841796875,214.25858479261302,-178.15794973934575,-33.24204290101581,0.9516660834986834,0.3453905052213583,0.0682974265067666,3.4998283762545165e-05,6.184720468843349,15.98840040379465,nan,0.23094135283951311,nan
207.03,213.4294891357422,-177.66851806640625,-33.243892669677734,214.25050761626494,-178.1502458294954,-33.24411017806214,0.951910200807121,0.3454447716465994,0.06831040318804478,3.5703689762222105e-05,6.162059391925055,15.767453967574799,nan,nan,nan
207.04,213.42111206054688,-177.66082763671875,-33.24583053588867,214.24244778972255,-178.14255112005534,-33.24681406198092,0.9521821578574393,0.3454991231740255,0.06832344106208936,3.500666709078817e-05,6.165445277649168,15.610622280073683,nan,0.32203135655758974,nan
207.05,213.41273498535156,-177.6531219482422,-33.24773025512695,214.22682299231113,-178.14014658093572,-33.248925549681076,0.9486483566921619,0.34542561399510074,0.06831474224042638,3.5690385314395095e-05,6.710373099690018,15.206660238875315,10.0130560944957,nan,nan
207.06,213.4043731689453,-177.6454315185547,-33.249595642089844,214.21873501786,-178.13245031144348,-33.25075902402989,0.9488803291522918,0.3454797309928626,0.06832781489200954,3.499387469170368e-05,6.685490636291222,15.420666242949089,nan,0.011672488180536542,nan
207.07,213.39599609375,-177.63771057128906,-33.25141906738281,214.21064988657352,-178.12474890926256,-33.252683161806495,0.9491410552454521,0.3455339348101485,0.06834095072526879,3.569910013553488e-05,6.669321069460761,15.220847323129124,nan,nan,nan
207.08,213.3876190185547,-177.62998962402344,-33.253211975097656,214.20262093363408,-178.11709484948383,-33.256807214275675,0.9494801461845572,0.34558822373094633,0.06835414807807906,3.500225740348338e-05,6.971133340077317,15.55228905743534,nan,3.5290190745504706,nan
207.09,213.37924194335938,-177.6222686767578,-33.25496292114258,214.1945347553818,-178.10937689472868,-33.25868291133647,0.9497318693595712,0.34564259972066536,0.06836740885421001,3.570782902496397e-05,6.966252132512338,16.023286983538895,nan,nan,nan
207.1,213.37086486816406,-177.61453247070312,-33.256683349609375,214.1755902563276,-178.10091254221885,-33.26027176268502,0.9402985701525952,0.34556900366638127,0.06835881797493953,3.4989477786077635e-05,7.15793731836013,15.36057999195776,2.3439530543194387,0.07353164686096697,nan
207.11,213.36248779296875,-177.60678100585938,-33.25836944580078,214.16748816817642,-178.09319017860207,-33.262077556510576,0.9405494338405391,0.34562314475425665,0.06837211293151318,3.569452144586449e-05,7.153202081455445,15.105706720987348,nan,nan,nan
207.12,213.35411071777344,-177.59902954101562,-33.26001739501953,214.15935321614552,-178.08542844577963,-33.2625096590291,0.9407473556274422,0.34567737094268247,0.06838546972391212,3.499785658242825e-05,6.923092124033324,15.2693098371845,nan,1.2696260255864835,nan
207.13,213.34573364257812,-177.59127807617188,-33.26163864135742,214.15125052763545,-178.07769067962502,-33.2642370849609,0.9409895986777386,0.3457316840465852,0.06839889007317602,3.5703249951850084e-05,6.9119263792515095,15.259620615518338,nan,nan,nan
207.14000000000001,213.3373565673828,-177.58351135253906,-33.263221740722656,214.1431671097499,-178.0699643836409,-33.26676102132106,0.9412649510978549,0.3457860825767304,0.06841237258984018,3.5006249002980246e-05,7.058502132175612,15.345814215893629,nan,0.4840797546023011,nan
207.15,213.3289794921875,-177.5757293701172,-33.26477813720703,214.1355566868958,-178.07214827174735,-33.26844011922895,0.9471071254253834,0.345712401846631,0.06840388667636363,3.568995588589088e-05,7.765341604589791,15.05266827813212,12.84949837608905,nan,nan
207.16,213.3206024169922,-177.56796264648438,-33.266300201416016,214.1274912886334,-178.06446861442515,-33.27139246161883,0.9474248036088142,0.3457665651791632,0.06841740284438114,3.4993466676384726e-05,8.10820753054649,15.895399098027145,nan,1.2111951961459124,nan
207.17000000000002,213.31222534179688,-177.5602569580078,-33.26779556274414,214.1193950595522,-178.05679927651258,-33.27301870304357,0.9476837597647714,0.34582081527682446,0.0684309827057773,3.5698680505548866e-05,8.107497954228375,15.258661586519064,nan,nan,nan
207.18,213.30384826660156,-177.5526885986328,-33.269256591796875,214.1112544749958,-178.04918384456502,-33.27267878957361,0.9478523228987057,0.34587515079136233,0.06844462503728839,3.500185890899815e-05,7.651065990222165,15.609116699641266,nan,2.649297552763841,nan
207.19,213.29547119140625,-177.54522705078125,-33.27069091796875,214.10315745721653,-178.04173320448004,-33.274228349999404,0.9480970298786321,0.34592957332528596,0.06845833131186292,3.570741939789178e-05,7.641399539250062,14.788017246262916,nan,nan,nan
207.20000000000002,213.28709411621094,-177.5379180908203,-33.272098541259766,214.0787644152082,-178.03410715621374,-33.27736943161788,0.9343303662065151,0.3458558068052587,0.06844994420764948,3.498908966406162e-05,8.492786485599545,15.338624530949456,6.142790268515146,1.587518178790904,nan
207.21,213.27870178222656,-177.53074645996094,-33.273475646972656,214.07064391065103,-178.02695153572094,-33.278881224814675,0.9345699718347844,0.3459099937786149,0.06846368349563695,3.5694122686170895e-05,8.490522042195927,15.649569211090272,nan,nan,nan
207.22,213.27032470703125,-177.5237274169922,-33.27482604980469,214.06248749944706,-178.0199033226826,-33.27874381409798,0.9347340626899072,0.3459642661549293,0.06847748554635978,3.4997478281795046e-05,8.083258346053704,15.162007031716373,nan,1.858981242072012,nan
207.23000000000002,213.26194763183594,-177.51683044433594,-33.27614974975586,214.05436535087753,-178.01302763410433,-33.28018635196093,0.9349619172685583,0.3460186254054751,0.06849135168255813,3.5702861475899376e-05,8.075311390605867,14.662775434086205,nan,nan,nan
207.24,213.25355529785156,-177.51007080078125,-33.27744674682617,214.0462475896559,-178.00629457207694,-33.28185683516145,0.9352104306326268,0.3460730703796794,0.06850528090530311,3.500588064375412e-05,8.14849896314873,15.07443452357145,nan,0.04540887972515568,nan
207.25,213.24517822265625,-177.50344848632812,-33.278717041015625,214.00877479704755,-177.99265232708174,-33.28333580257634,0.9068745553760864,0.34599921991422805,0.06849698911322742,3.568957843507651e-05,8.471955260193637,14.429553948013652,7.99452392369188,nan,nan
207.26,213.23678588867188,-177.49696350097656,-33.27996063232422,214.00063809182305,-177.98621986746662,-33.286337684511814,0.9071287930633419,0.34605342903202824,0.0685109507635988,3.499310893446199e-05,9.009994064064864,15.422790451908986,nan,1.8785734156477116,nan
207.27,213.22840881347656,-177.4906005859375,-33.281185150146484,213.99246656133056,-177.97988675832843,-33.28770085472128,0.9073189378354218,0.34610772488215796,0.06852497664436036,3.569831350142624e-05,9.012010662074749,14.678669946010341,nan,nan,nan
207.28,213.2200164794922,-177.484375,-33.282379150390625,213.9842834670559,-177.97367218415997,-33.28853393475521,0.9074985642286938,0.3461621064354482,0.0685390658914944,3.5001511238273435e-05,8.878913935957707,15.306989777267212,nan,0.18114806025185662,nan
207.29,213.2116241455078,-177.47825622558594,-33.28355407714844,213.97610923309242,-177.9675922797596,-33.28984556255183,0.9077041400379693,0.3462165749803482,0.06855321962619686,3.570706289538524e-05,8.880615915943103,14.663232277533059,nan,nan,nan
207.3,213.20323181152344,-177.47227478027344,-33.28470230102539,213.98421681235865,-177.9609586687503,-33.291100532550296,0.9212982425648542,0.3461426397824223,0.06854501726586999,3.4988752633651844e-05,8.43005631300433,15.368791910361947,6.677011951792381,0.004892058061426185,nan
207.31,213.19483947753906,-177.46640014648438,-33.28582763671875,213.9760616625519,-177.95509743680344,-33.292367833781924,0.9215074161931927,0.34619687211744654,0.06855920275037578,3.569377725999845e-05,8.434038366137257,14.978623124799626,nan,nan,nan
207.32,213.1864471435547,-177.4606475830078,-33.28693389892578,213.9679058680427,-177.9493551640332,-33.29366766968712,0.9217148048603558,0.3462511901305826,0.06857345187160731,3.499715135355847e-05,8.506809883229828,15.016526407040502,nan,0.0020700374502199545,nan
207.33,213.1780548095703,-177.45501708984375,-33.28801727294922,213.9597474287656,-177.9437278327017,-33.29489266483078,0.9219158378630391,0.3463055949986533,0.06858776563039026,3.570252655920158e-05,8.510406597721515,15.197981830886903,nan,nan,nan
207.34,213.16964721679688,-177.44949340820312,-33.28907775878906,213.95160122112898,-177.93822665867168,-33.2968424435855,0.9221564646710259,0.34636008586056666,0.06860214334263769,3.50055638119646e-05,8.884141961531427,15.73542676788112,nan,0.39238950413401125,nan
207.35,213.1612548828125,-177.44407653808594,-33.29011535644531,213.95444218967884,-177.93403507645434,-33.29791764411064,0.9323445440322976,0.3462860674686944,0.06859402648743383,3.5689254502348575e-05,8.656998927500931,15.395892202365985,2.2448131197382555,nan,nan
207.36,213.15284729003906,-177.4387664794922,-33.291133880615234,213.94629745526277,-177.92873604546327,-33.29926822235774,0.9325768106633332,0.3463403218248336,0.06860843530938877,3.499280262508379e-05,8.818514904644971,15.739408599251213,nan,0.023251050593329714,nan
207.37,213.1444549560547,-177.43356323242188,-33.29213333129883,213.93814737560265,-177.92354106679568,-33.30041964487661,0.9327886137910649,0.346394662902406,0.06862290892075099,3.569799999783558e-05,8.827972075786402,15.317829801870648,nan,nan,nan
207.38,213.13604736328125,-177.428466796875,-33.293113708496094,213.93000556898008,-177.9184600137406,-33.302136692482236,0.933029688279433,0.3464490899423594,0.06863744674414236,3.500121492827455e-05,9.207114187472216,16.02055611701583,nan,0.24160698330271746,nan
207.39000000000001,213.1276397705078,-177.42332458496094,-33.2941780090332,213.92185134203783,-177.91340146493116,-33.3033093499072,0.9332902817557215,0.34650360396792146,0.06865204962085136,3.570675976316301e-05,9.198273046042598,15.92330292742478,nan,nan,nan
207.4,213.1192169189453,-177.41815185546875,-33.29533004760742,213.92998235570394,-177.9109834931362,-33.302406664487854,0.9488275370344519,0.34642950187328647,0.06864401260568831,3.4988466663933676e-05,8.071540414543632,15.777013459051208,4.16859053958493,2.80169278761469,nan
207.41,213.11080932617188,-177.41293334960938,-33.29656982421875,213.92184785481282,-177.90583720237092,-33.303731449932904,0.9490990421921831,0.3464837790490266,0.06865864587516764,3.569348484054626e-05,8.059271202217683,15.086206345417702,nan,nan,nan
207.42000000000002,213.10240173339844,-177.40768432617188,-33.29789352416992,213.91370673205756,-177.90064787810215,-33.30486890242285,0.9493563715922307,0.34653814215133,0.06867334360650847,3.4996875214751714e-05,7.994290627385633,15.241967996732527,nan,0.052797219584187254,nan
207.43,213.09397888183594,-177.4023895263672,-33.29930114746094,213.9055681041321,-177.8954237646401,-33.306362286050444,0.9496366070949572,0.3465925921107032,0.06868810654707562,3.570224431843692e-05,7.982415722180892,15.325777293582053,nan,nan,nan
207.44,213.08555603027344,-177.3970489501953,-33.3007926940918,213.89743129119432,-177.89016477342284,-33.30817793654188,0.9499258898560264,0.34664712830766004,0.06870293426001418,3.500529740667867e-05,8.1264662022313,15.155272687810136,nan,0.040001580164401536,nan
207.45000000000002,213.0771484375,-177.3916778564453,-33.302364349365234,213.91341508995797,-177.88877779412724,-33.30990366964421,0.9728859662914726,0.34657294379132264,0.06869497281195386,3.568898270344165e-05,7.856536879128355,15.519182755354063,6.44677497579058,nan,nan
207.46,213.0687255859375,-177.3862762451172,-33.30401611328125,213.90528991881848,-177.88341393385312,-33.31056950278195,0.9731540019566565,0.34662724284272783,0.06870983022579663,3.4992546182472195e-05,7.473179916604889,15.68363822838386,nan,0.8254829760007135,nan
207.47,213.060302734375,-177.38082885742188,-33.305747985839844,213.8971801829468,-177.87802785888692,-33.31238682515486,0.9734550760940938,0.346681628625594,0.06872475300593445,3.569773812372589e-05,7.463189077854624,15.351722993179298,nan,nan,nan
207.48000000000002,213.0518798828125,-177.37535095214844,-33.307559967041016,213.8890698143666,-177.8726062117855,-33.31434909094682,0.9737534939273249,0.34673610060421667,0.06873974079761687,3.5000967961573596e-05,7.527852504204745,15.49744554101342,nan,0.0029432145297115337,nan
207.49,213.04345703125,-177.36984252929688,-33.3094482421875,213.88095694365737,-177.86714792345722,-33.316326988732484,0.9740462388908228,0.3467906595830394,0.06875479422536014,3.570650767703332e-05,7.518359639184931,15.662104141188387,nan,nan,nan
207.5,213.03501892089844,-177.36428833007812,-33.31141662597656,213.89896347987647,-177.87910335962928,-33.31789810015227,1.0057219919774052,0.34671639236725266,0.06874690284177795,3.4988229337465364e-05,7.900057173026798,16.289674794937756,13.919581170112922,0.19242689847612254,nan
207.51,213.02659606933594,-177.35870361328125,-33.31345748901367,213.89089455617025,-177.87362033697903,-33.32002773780058,1.0060786623603863,0.34677071386561453,0.0687619852150482,3.569324270385679e-05,7.891965895507569,16.060554982077328,nan,nan,nan
207.52,213.01815795898438,-177.35308837890625,-33.31557846069336,213.8828082615944,-177.86808942078613,-33.32112518955646,1.0064178978645202,0.34682512151387224,0.06877713283109238,3.4996647059376174e-05,7.5443378931107645,16.033026567331174,nan,0.8684822567076079,nan
207.53,213.00973510742188,-177.34744262695312,-33.31776809692383,213.87473664249748,-177.86253766410715,-33.32339639221049,1.0067682110057394,0.34687961604122086,0.06879234624322517,3.570201164127285e-05,7.535379607956537,15.868116597411749,nan,nan,nan
207.54,213.0012969970703,-177.3417510986328,-33.32003402709961,213.8666815577709,-177.85696694612983,-33.32701482555717,1.0071675823606168,0.3469341970251912,0.06880762520332233,3.5005078263591755e-05,8.023634435781014,16.29774141099171,nan,1.1425339702253003,nan
207.55,212.9928741455078,-177.33602905273438,-33.32231903076172,213.84114134979183,-177.8405296085569,-33.329469771208466,0.986979834534618,0.3468598481792714,0.06879979933898488,3.568875958898304e-05,7.766913233418749,15.43616505045838,5.238094487583947,nan,nan
207.56,212.98443603515625,-177.3302764892578,-33.32459259033203,213.83306228502082,-177.83487377866098,-33.33385536142792,0.9873554250423667,0.34691419138759616,0.06881510650357328,3.499233613276277e-05,8.769178489649303,16.770323051494742,nan,2.7557516267767146,nan
207.57,212.9759979248047,-177.32449340820312,-33.32683181762695,213.82495542867835,-177.82916387742807,-33.33626514988927,0.9876791552162579,0.346968621356485,0.06883047962470502,3.569752410229747e-05,8.793158252494528,16.938338730120332,nan,nan,nan
207.58,212.96755981445312,-177.3186798095703,-33.32904052734375,213.81687255896736,-177.8234424430352,-33.340563143184305,0.9880537560338063,0.3470231377306774,0.06884591851553176,3.50007665636417e-05,10.076805140226863,18.007388361739793,nan,2.6031810532562227,nan
207.59,212.95912170410156,-177.31283569335938,-33.33120346069336,213.80876355402145,-177.81766907320227,-33.34292312577121,0.9883751135517476,0.34707774113827694,0.06886142363760987,3.57063025618135e-05,10.113270656709338,18.199079650545062,nan,nan,nan
207.6,212.95068359375,-177.3069610595703,-33.33332824707031,213.77057978049862,-177.7990865223076,-33.34194294068535,0.9562904585247055,0.3470033105718823,0.06885365790833009,3.4988036625456714e-05,8.245915683143405,15.590659958909642,8.79257910458065,7.0589463909108545,nan
207.61,212.94224548339844,-177.30105590820312,-33.335411071777344,213.76241921458416,-177.7932307524045,-33.34418902948466,0.9565553194317933,0.34705767587763153,0.06886919044173953,3.569304652413587e-05,8.266527505505893,15.596969712978531,nan,nan,nan
207.62,212.93380737304688,-177.2951202392578,-33.33745574951172,213.75427799917097,-177.7873602386413,-33.348056427234404,0.9568618707492179,0.34711212753372966,0.06888478895941418,3.499646261166473e-05,9.301826635561982,16.50167147026454,nan,1.949566626764574,nan
207.63,212.9253692626953,-177.2891387939453,-33.33945846557617,213.7461156912307,-177.78144350010538,-33.35023925289672,0.957133663098418,0.3471666661086282,0.06890045387066379,3.5701823958351556e-05,9.330318264019677,16.067965268047686,nan,nan,nan
207.64000000000001,212.91693115234375,-177.28314208984375,-33.3414192199707,213.73795707458083,-177.77550046258858,-33.352753342290086,0.9574073294716012,0.34722129133681184,0.06891618506695775,3.500490188540145e-05,9.728004323649698,16.890057357428958,nan,0.09688726213829213,nan
207.65,212.90847778320312,-177.27711486816406,-33.34334182739258,213.70800309217648,-177.76421218256343,-33.35483767665401,0.9362887737948469,0.34714677994900695,0.06890847471955457,3.568858039112954e-05,9.894601451070297,16.73597933032749,3.9729200194947465,nan,nan
207.66,212.90003967285156,-177.27105712890625,-33.3452262878418,213.69979404738143,-177.75820163211543,-33.35599998827505,0.9365003466137134,0.34720116678115936,0.06892423253956917,3.49921677996852e-05,9.492175544183095,15.889562329734403,nan,0.5828799753386465,nan
207.67000000000002,212.89158630371094,-177.26498413085938,-33.34707260131836,213.6915945173407,-177.75217040132029,-33.35802451121583,0.9367409184673638,0.3472556404196848,0.06894005691520284,3.569735297269045e-05,9.517522642162849,16.610514176772753,nan,nan,nan
207.68,212.88314819335938,-177.2588653564453,-33.34888458251953,213.6833877128655,-177.74610594319134,-33.35941707831373,0.9369619049991718,0.3473102006517115,0.06895594778207542,3.500060588423475e-05,9.310847738243291,15.44508015509841,nan,0.25066046603360637,nan
207.69,212.8747100830078,-177.25271606445312,-33.35065841674805,213.67518691904365,-177.74001850208344,-33.361364142115825,0.937198721353189,0.3473648479665322,0.06897190548332637,3.57061392874439e-05,9.335374984610151,15.416353558147055,nan,nan,nan
207.70000000000002,212.8662567138672,-177.24655151367188,-33.35239791870117,213.66555825438144,-177.71700597037358,-33.36323138341965,0.9275385234354171,0.3472761581834669,0.06770549578942357,3.640270560179589e-05,9.730292970297295,16.11149914485692,2.07282932261796,nan,0.3231466131608189
207.71,212.85780334472656,-177.2403564453125,-33.354103088378906,213.65736691659234,-177.7108477363908,-33.365108737226784,0.9277850423141388,0.34733037734167205,0.06771724660733246,3.713607461696449e-05,9.747684089681634,15.992837602447674,nan,nan,nan
207.72,212.849365234375,-177.234130859375,-33.355770111083984,213.64916845574396,-177.7046427085737,-33.36618815984181,0.9279952202939709,0.347384681809418,0.06772905606840812,3.635377177975695e-05,9.452158943777318,15.344466038746393,nan,0.3820923497368749,nan
207.73000000000002,212.84091186523438,-177.22789001464844,-33.35740661621094,213.640975707056,-177.698430696811,-33.36799199445203,0.9282363571811122,0.3474390719433943,0.06774092636295381,3.708578573711332e-05,9.467413790214009,15.902054138551751,nan,nan,nan
207.74,212.83245849609375,-177.22161865234375,-33.359012603759766,213.63277851396896,-177.69217992254644,-33.369274516595674,0.9284639717735944,0.3474935476851646,0.06775285564313326,3.630619914763152e-05,9.326376467915557,15.551729126501515,nan,0.1568458088335679,nan
207.75,212.8240203857422,-177.21531677246094,-33.3605842590332,213.65018487154975,-177.6871304299954,-33.370982755106,0.9514536319581197,0.34741952898523454,0.06774341021428915,3.7013315479880195e-05,8.772594785218324,15.628885627320717,15.858694906082969,nan,nan
207.76,212.81556701660156,-177.208984375,-33.362125396728516,213.64201237755555,-177.68076982745413,-33.37119548591835,0.9516699608097424,0.3474737697359935,0.06775537604620051,3.623738628683347e-05,8.102009732714638,15.110094790491594,nan,1.4632777626617364,nan
207.77,212.80711364746094,-177.20263671875,-33.3636360168457,213.63385092089945,-177.67442043599104,-33.372854955682634,0.9519240431776024,0.34752809606261237,0.06776740285520867,3.696598464256564e-05,8.11088822131905,15.39936257419934,nan,nan,nan
207.78,212.7986602783203,-177.19625854492188,-33.365116119384766,213.62568259577762,-177.66802525115497,-33.37362616678233,0.9521565835455783,0.34758250793851797,0.0677794890021223,3.6192667088279434e-05,7.793205951268135,14.890430150449282,nan,0.4864919075792879,nan
207.79,212.7902069091797,-177.18984985351562,-33.3665657043457,213.61752006871677,-177.6616259262708,-33.37521892766183,0.9524151432234207,0.34763700567116074,0.06779163636590771,3.6920123448413085e-05,7.80127323178529,14.71185297412754,nan,nan,nan
207.8,212.78175354003906,-177.18344116210938,-33.36798858642578,213.5732575939508,-177.64115633252425,-33.3780672549656,0.9143759752673881,0.3475629068733518,0.06778232197519021,3.6126934687796155e-05,8.497814750227977,14.974706415875831,11.14256140708375,1.3118781561622597,nan
207.81,212.77330017089844,-177.17709350585938,-33.369380950927734,213.56503599960155,-177.63474836679575,-33.37961573630209,0.9145481644082782,0.34761716928552044,0.06779450544222951,3.685240564977995e-05,8.505912934773098,15.060656991109834,nan,nan,nan
207.82,212.7648468017578,-177.1708221435547,-33.37074661254883,213.55681453345127,-177.62841814295206,-33.381240535124334,0.9147224218959455,0.3476715171858378,0.06780674858755616,3.608510865815955e-05,8.692688156444813,14.720537160614839,nan,0.007096548967633443,nan
207.83,212.7563934326172,-177.1646728515625,-33.37208557128906,213.54859175599728,-177.62218506277256,-33.382736425987346,0.9148819856562646,0.3477259508549606,0.06781905310188024,3.680957730851909e-05,8.698916398191663,15.13379313801715,nan,nan,nan
207.84,212.74794006347656,-177.1586456298828,-33.37339782714844,213.54037332877,-177.61607931477027,-33.384963372241856,0.9150572757191926,0.34778047030777126,0.06783141762705608,3.604471231543223e-05,9.30363891959465,15.967436945081463,nan,0.381015041080428,nan
207.85,212.73948669433594,-177.1527099609375,-33.37468338012695,213.54027396077402,-177.61056414068292,-33.38647510834259,0.9225127320823476,0.347706291946664,0.06782223166524518,3.6745088500706304e-05,9.205794303328958,15.432090713778777,1.5653255598635893,nan,nan
207.86,212.7310333251953,-177.14691162109375,-33.37594223022461,213.53205177440807,-177.6046325541486,-33.38650017680908,0.9226323638220675,0.3477605757639976,0.06783463191411956,3.598355005741947e-05,8.495706079804942,15.388472172510856,nan,1.3142671968954904,nan
207.87,212.72256469726562,-177.14122009277344,-33.37717819213867,213.52383746172893,-177.59884607218447,-33.38789035911206,0.922807851409947,0.3478149452632954,0.0678470936881214,3.670529577260919e-05,8.500639419513517,15.38774532603736,nan,nan,nan
207.88,212.714111328125,-177.13563537597656,-33.378387451171875,213.5156218154704,-177.59317189974905,-33.38919107437953,0.9229709909769129,0.3478694004818219,0.06785961579821649,3.5946065890144196e-05,8.598816713508493,14.967595933497439,nan,0.0028740889942374583,nan
207.89000000000001,212.70565795898438,-177.1301727294922,-33.379573822021484,213.5074055604398,-177.58761089935308,-33.39053337084361,0.9231300056847807,0.3479239416656415,0.06787219968262595,3.6666994724836725e-05,8.604454243260959,15.263551534614724,nan,nan,nan
207.9,212.6971893310547,-177.12481689453125,-33.3807373046875,213.5055633564062,-177.58853471156854,-33.39250179518511,0.9320092177320615,0.3478496840059125,0.06786313640124361,3.588796581892335e-05,9.424195188009257,16.106757813808887,3.2676360409879375,0.34634305737323323,nan
207.91,212.68873596191406,-177.1195526123047,-33.381874084472656,213.49735849542728,-177.58321364415823,-33.393804669825826,0.9321986338928507,0.34790398923121096,0.06787575551747453,3.660723735684184e-05,9.43433093205593,15.355938379709702,nan,nan,nan
207.92000000000002,212.68026733398438,-177.11441040039062,-33.382991790771484,213.48914738744514,-177.57797944510392,-33.39412924767143,0.9323664746489395,0.3479583801091151,0.0678884352841472,3.585336712089106e-05,8.98296725258071,15.636261924049707,nan,0.6146659657377729,nan
207.93,212.6717987060547,-177.10935974121094,-33.38408660888672,213.48094012486797,-177.5728675542422,-33.39537895770222,0.9325646602364766,0.34801285686717814,0.06790117698832367,3.6571942283335736e-05,8.988074771726174,15.270648510826955,nan,nan,nan
207.94,212.663330078125,-177.1044158935547,-33.38515853881836,213.47273857862692,-177.5678839083431,-33.39801317319936,0.9327968498240911,0.34806741957131476,0.06791397966677523,3.5820181321459596e-05,10.09232753644694,16.531103279966246,nan,1.3308910096414224,nan
207.95000000000002,212.65487670898438,-177.0995635986328,-33.38621139526367,213.45753498452726,-177.5585000352948,-33.39914924002412,0.9246893251360263,0.34799308308977267,0.06790503589098384,3.651531579168537e-05,9.925627952480763,15.755395747325242,1.3530114403613216,nan,nan
207.96,212.6464080810547,-177.09481811523438,-33.38724136352539,213.44929869359925,-177.55362613498423,-33.3977323638916,0.9247962996182683,0.3480474095230019,0.06791787336006196,3.57665251494757e-05,8.39690184551522,14.851795649367464,nan,4.625984288301983,nan
207.97,212.63792419433594,-177.0901641845703,-33.38825225830078,213.44107366606485,-177.5488959040727,-33.398886342223356,0.924984836717301,0.3481018217519185,0.06793077293285894,3.6482971564966344e-05,8.397488805062288,15.011968191871658,nan,nan,nan
207.98000000000002,212.62945556640625,-177.08560180664062,-33.38924026489258,213.432848697397,-177.54426467812957,-33.40031187056011,0.9251674081254938,0.3481563198576165,0.06794373378062285,3.573615939090293e-05,8.706790971953387,14.952763369626858,nan,0.057292716263330636,nan
207.99,212.62098693847656,-177.0811309814453,-33.39020919799805,213.42462087308348,-177.53972010091434,-33.4014304509235,0.9253417735433723,0.34821090404418664,0.06795675698952382,3.645206640542082e-05,8.709904088778394,14.91137771812345,nan,nan,nan
208.0,212.6125030517578,-177.07675170898438,-33.39116287231445,213.41568188558438,-177.53860921481828,-33.40199034665544,0.9265666889127407,0.34813648905281774,0.06794792721281723,3.568541364500958e-05,8.744430706904541,14.958930739360037,2.462943172038373,0.12349809907064721,nan
208.01,212.60403442382812,-177.07244873046875,-33.392093658447266,213.40745244620055,-177.53426033704386,-33.403065770504305,0.9267528612760243,0.3481908366513218,0.06796098467722084,3.639994048915081e-05,8.746383470205096,14.328152283938856,nan,nan,nan
208.02,212.59555053710938,-177.0682373046875,-33.39300537109375,213.39921304801805,-177.5299637719221,-33.402082918913045,0.9269019170653376,0.34824527005553235,0.06797410370739311,3.5657795130441335e-05,7.72926984098954,13.745580812075657,nan,2.8302273865876026,nan
208.03,212.5870819091797,-177.06411743164062,-33.39390182495117,213.39098011241424,-177.52578612457827,-33.40310274507255,0.9270787238059025,0.3482997894572537,0.06798728527052585,3.6371884048515594e-05,7.725289565060779,13.564465153238926,nan,nan,nan
208.04,212.57859802246094,-177.06007385253906,-33.394779205322266,213.38274936964905,-177.52170810616883,-33.40512893758522,0.9272932062010809,0.3483543949566034,0.06800052871571441,3.5631513008870795e-05,8.383617155406462,14.331996374327769,nan,0.7130176410475777,nan
208.05,212.5701141357422,-177.05596923828125,-33.39574432373047,213.35256408341002,-177.50393770569667,-33.406322263179085,0.9016737554164962,0.3482799018928133,0.06799180929747128,3.632267741776182e-05,8.095473453635732,13.85723629744977,10.146872602056327,nan,nan
208.06,212.56161499023438,-177.05181884765625,-33.39679718017578,213.3442877268116,-177.49977440261597,-33.40778624998551,0.9018655950061596,0.34833427049473514,0.06800508649803899,3.558491875085964e-05,8.392045286177948,14.62056121516874,nan,0.07069699723077026,nan
208.07,212.55313110351562,-177.04762268066406,-33.3979377746582,213.33600848758945,-177.49555418528678,-33.409020203339225,0.9020324005008467,0.3483887250111236,0.06801842640545534,3.629737585855878e-05,8.365813498548658,14.428870178464516,nan,nan,nan
208.08,212.54464721679688,-177.0433807373047,-33.399166107177734,213.3277278643761,-177.4912842709949,-33.41043892611352,0.9021972913681544,0.3484432655519248,0.06803182847353453,3.556126164872468e-05,8.538959178672632,14.697823668621794,nan,0.006447989303700711,nan
208.09,212.53614807128906,-177.03907775878906,-33.40047836303711,213.31944526825208,-177.4869623940066,-33.411848060757066,0.9023770914979626,0.34849789229374983,0.06804529351294028,3.627341024866867e-05,8.51310632049131,14.609381854921573,nan,nan,nan
208.1,212.5276641845703,-177.03472900390625,-33.40187454223633,213.30559326017013,-177.47910654589805,-33.413905186645046,0.8959853697997215,0.34842332150083455,0.06803667912199385,3.551733807610265e-05,8.926889122608632,14.88616529144346,1.5632314423916869,0.1163654137368869,nan
208.11,212.5191650390625,-177.0303192138672,-33.403350830078125,213.29729775672038,-177.4746761717991,-33.415491573156466,0.8961534634172001,0.34847771103352215,0.06805017733862226,3.622833489206485e-05,8.904789658097208,14.78536440022149,nan,nan,nan
208.12,212.51068115234375,-177.02587890625,-33.404911041259766,213.28899877801825,-177.4701882086401,-33.41651331948388,0.896283267436123,0.3485321865159307,0.0680637379856004,3.5496203618654876e-05,8.612354710034754,14.688874911774004,nan,0.28829185661003437,nan
208.13,212.50218200683594,-177.02137756347656,-33.40655517578125,213.28070022494933,-177.4656613012212,-33.41825937554132,0.8964461187661021,0.3485867481169509,0.06807736178199983,3.62069754428128e-05,8.58787458768212,14.46134534129464,nan,nan,nan
208.14000000000001,212.49368286132812,-177.01683044433594,-33.40827560424805,213.27239981121016,-177.46108404786355,-33.419881927932515,0.896602508935997,0.348641395958489,0.06809104831863838,3.5476290162351276e-05,8.585849122764447,14.526788037266531,nan,0.02886508908861853,nan
208.15,212.4851837158203,-177.0122528076172,-33.41007614135742,213.24584546531352,-177.44389326926338,-33.421647975634485,0.8746734777165407,0.3485667478480969,0.06808253493621388,3.6164536796386124e-05,8.14413062148536,14.816210348087434,8.903316817328852,nan,nan
208.16,212.4766845703125,-177.0076141357422,-33.411956787109375,213.23750836418043,-177.4391815928604,-33.42296104815866,0.8747710609755577,0.34862115817448175,0.06809625409372257,3.543612084521061e-05,7.843001927544682,13.95616733653534,nan,0.30900400794855687,nan
208.17000000000002,212.4681854248047,-177.0029296875,-33.41391372680664,213.22917188611416,-177.43443254783102,-33.425016313734275,0.8748819235797772,0.3486756545371096,0.0681100365799015,3.6145666323269476e-05,7.820497473291997,13.927077017237286,nan,nan,nan
208.18,212.45968627929688,-176.99819946289062,-33.41594696044922,213.22083845330397,-177.4296603459623,-33.42892631740039,0.8750311933431772,0.34873023706384365,0.06812388206520434,3.541857323348985e-05,9.151126507317905,15.206495843675329,nan,2.1760876950772703,nan
208.19,212.451171875,-176.99343872070312,-33.418052673339844,213.21249995903145,-177.4248212332283,-33.431153969634515,0.8751473976491779,0.3487849059143651,0.06813779114959459,3.61279975984471e-05,9.129421752223145,15.954104499113349,nan,nan,nan
208.20000000000002,212.4426727294922,-176.98861694335938,-33.42023849487305,213.19591553731013,-177.41295146962455,-33.4322668148833,0.8646266235736733,0.3487101808493371,0.06812937356495494,3.538078321933835e-05,8.247250232959907,14.362397988305792,3.0284462000546735,1.1045587628534823,nan
208.21,212.43417358398438,-176.9837646484375,-33.422447204589844,213.1875593159871,-177.40800273429275,-33.43461097891865,0.8647057141486538,0.34876461187809304,0.06814331464934034,3.608923943345732e-05,8.242118955948017,14.822310952977096,nan,nan,nan
208.22,212.4256591796875,-176.97885131835938,-33.424644470214844,213.17920187967744,-177.4030082763227,-33.43674049736394,0.8648017342545187,0.34881912899331047,0.06815731898372585,3.536548261614287e-05,8.264612025077867,14.48341610825634,nan,0.034700565083189784,nan
208.23000000000002,212.4171600341797,-176.97390747070312,-33.42681884765625,213.17084420344938,-177.39797379449686,-33.43907522214381,0.8648828202128062,0.3488737323502019,0.06817138709934158,3.6073884918048627e-05,8.276433016640555,14.561812971724013,nan,nan,nan
208.24,212.4086456298828,-176.96893310546875,-33.428958892822266,213.16248462019294,-177.3928884640979,-33.440605365076976,0.8649549177489774,0.3489284220835591,0.06818551876952812,3.535126534989277e-05,7.933252917856555,14.864833803887361,nan,0.4158887779752987,nan
208.25,212.400146484375,-176.96389770507812,-33.431060791015625,213.18886300006764,-177.39474134916424,-33.44271914661638,0.8987969209065266,0.3488536204596551,0.06817719266160932,3.6037443380005746e-05,7.640672838116336,14.367840291583043,12.966825303963027,nan,nan
208.26,212.39163208007812,-176.95883178710938,-33.43312072753906,213.1805546217646,-177.3895611247172,-33.44423823306398,0.89891609062594,0.3489080720688254,0.0681913557218629,3.531677604327519e-05,7.354171917735396,14.757173265368564,nan,0.34236614082040284,nan
208.27,212.3831329345703,-176.95372009277344,-33.435142517089844,213.1722467324119,-177.38434774088086,-33.446414391851235,0.8990371585308067,0.34896260983738714,0.06820558274580477,3.6024274574421616e-05,7.367271640504913,14.212706848122453,nan,nan,nan
208.28,212.37461853027344,-176.94857788085938,-33.4371223449707,213.16393810549818,-177.3790944535303,-33.44855801262334,0.8991666617885442,0.34901723390337963,0.06821987356568374,3.530463187069111e-05,7.52986836126888,14.999213018052288,nan,2.7207540624330868e-05,nan
208.29,212.36610412597656,-176.94338989257812,-33.439064025878906,213.15562867490024,-177.37380148727664,-33.450656956216974,0.8992983655260804,0.3490719444169936,0.06823422862456549,3.6012157508487264e-05,7.543396799904867,14.731640323402322,nan,nan,nan
208.3,212.35760498046875,-176.93817138671875,-33.44096755981445,213.16412716520958,-177.3666174833066,-33.45143475237366,0.91332012694376,0.3489970666081927,0.06822598885919023,3.527220718906644e-05,6.607535720995628,14.657248981325349,8.813945205720886,1.1147395629270695,nan
208.31,212.34909057617188,-176.9329071044922,-33.44283676147461,213.1558387021774,-177.3612163255355,-33.45344584682262,0.9134571037197476,0.34905153869582445,0.06824037464498199,3.597890854644622e-05,6.616221065006306,14.619428472851618,nan,nan,nan
208.32,212.340576171875,-176.92759704589844,-33.444664001464844,213.14754960237264,-177.35577614278014,-33.455328134280194,0.9135957422537927,0.3491060970008079,0.06825482446090522,3.526201096807849e-05,6.700013123012801,14.429201518914038,nan,0.005908383362060938,nan
208.33,212.33206176757812,-176.92225646972656,-33.44645690917969,213.13926002446425,-177.35029915246662,-33.457265838902345,0.9137321254771835,0.3491607416710954,0.0682693386999852,3.5968792275270134e-05,6.709896213606395,14.632407672952251,nan,nan,nan
208.34,212.32354736328125,-176.91688537597656,-33.448211669921875,213.1309704249272,-177.34479141101383,-33.45990410681072,0.9138776112693823,0.34921547284820276,0.06828391726943735,3.525275106835106e-05,7.326465104224517,15.492912969874924,nan,0.37663276966753395,nan
208.35,212.31504821777344,-176.91146850585938,-33.44993209838867,213.0806775215166,-177.32242371723206,-33.461680718246164,0.8690284498065461,0.34914051924127726,0.0682757592880886,3.593752804437651e-05,7.135597902183833,14.361630292340246,15.031647988524952,nan,nan
208.36,212.30653381347656,-176.906005859375,-33.451622009277344,213.07231738867395,-177.31680690849817,-33.46282700769638,0.8690843100599385,0.34919501169376194,0.0682903679235302,3.52231545903198e-05,6.846369838029792,13.910638081438494,nan,0.3352221888714338,nan
208.37,212.2980194091797,-176.90052795410156,-33.45327377319336,213.0639574502841,-177.3111599024418,-33.464626818955,0.869142434504634,0.34924959042890247,0.06830504116584354,3.5929281906327554e-05,6.8556952824135,14.726032756302246,nan,nan,nan
208.38,212.2895050048828,-176.89500427246094,-33.45489501953125,213.05559760870202,-177.30548317848098,-33.467127253743286,0.8692182910337991,0.349304255589647,0.06831977896438558,3.5215664938428626e-05,7.5041406003780065,14.913627247389835,nan,0.374787127323692,nan
208.39000000000001,212.28099060058594,-176.8894500732422,-33.45648193359375,213.04723711074803,-177.2997654192279,-33.46886998453233,0.8692789318124603,0.349359007321732,0.06833458164906553,3.592193337037126e-05,7.514248331797991,15.087416353782714,nan,nan,nan
208.4,212.27247619628906,-176.88385009765625,-33.458038330078125,213.0365057622322,-177.28093442157567,-33.46889774554438,0.8611243027821595,0.3492839782960051,0.06832650036037323,3.5187816559277836e-05,6.151417239479095,14.367837610419224,17.145038916517993,1.8578738280312566,nan
208.41,212.2639617919922,-176.87823486328125,-33.459564208984375,213.02813387794168,-177.2750914115316,-33.47056145431045,0.8611475113117109,0.3493384910062689,0.06834133240617477,3.589337026174205e-05,6.157254890341455,15.136173364827883,nan,nan,nan
208.42000000000002,212.2554473876953,-176.87257385253906,-33.4610595703125,213.01976146901745,-177.26920841630258,-33.47138480042976,0.8611629360673592,0.3493930900600208,0.06835622922764135,3.518197330413345e-05,5.806371172757146,14.25670588142357,nan,0.45914662737098894,nan
208.43,212.24693298339844,-176.86688232421875,-33.4625244140625,213.0113891541533,-177.26329756275481,-33.4729814758394,0.8611896588381728,0.3494477756022119,0.06837119111958935,3.5887708687389064e-05,5.811394809698568,14.35597353522645,nan,nan,nan
208.44,212.23841857910156,-176.86114501953125,-33.463958740234375,213.0030164193535,-177.25734580447335,-33.47343451699358,0.8612053818061222,0.34950254777701695,0.06838621808399824,3.5176919722656734e-05,5.305691208794427,13.308716851503712,nan,0.8686575691905943,nan
208.45000000000002,212.22988891601562,-176.8553924560547,-33.46536636352539,212.99937440248976,-177.25615947883372,-33.474926274361295,0.8676482653337725,0.34942744371488854,0.06837820874673271,3.586080563287813e-05,5.400799110438605,14.090386458644609,1.3803399581924019,nan,nan
208.46,212.22137451171875,-176.849609375,-33.46674728393555,212.99101041195522,-177.25015220962834,-33.47319840538598,0.8676494673961765,0.34948197657314806,0.06839326436284679,3.515143585653227e-05,4.024578071334355,11.86800669982372,nan,7.296482058299848,nan
208.47,212.21286010742188,-176.84388732910156,-33.46809768676758,212.9826468610602,-177.24418147327967,-33.474640427976176,0.8676692085137289,0.3495365958364959,0.06840838523268504,3.585670488262719e-05,4.021494595453955,12.361416393963161,nan,nan,nan
208.48000000000002,212.204345703125,-176.83824157714844,-33.469425201416016,212.97428323885484,-177.23827347825554,-33.475736302565494,0.8676803333179874,0.3495913016493954,0.06842357138712328,3.5147856947022126e-05,3.9476166363161767,12.050249052737968,nan,0.0715700591319597,nan
208.49,212.19583129882812,-176.8326873779297,-33.47072219848633,212.96591939795667,-177.23245557640698,-33.47712306706028,0.8676930701876623,0.3496460941563496,0.06843882307766448,3.585335205498167e-05,3.943923143658301,11.879957446265745,nan,nan,nan
208.5,212.18731689453125,-176.82723999023438,-33.47199630737305,212.9672462326078,-177.23529833531296,-33.47691548905201,0.8802417757236931,0.3495709154386829,0.06843088061855761,3.512381835049555e-05,3.664639295266184,11.362526295795368,3.923751262791987,1.620380763230799,nan
208.51,212.17880249023438,-176.8218994140625,-33.473243713378906,212.9589001849409,-177.22970827828493,-33.4782363315468,0.880275757510665,0.3496254683363192,0.06844616021493652,3.5828679454755544e-05,3.6575986904361977,11.447637157020493,nan,nan,nan
208.52,212.17027282714844,-176.816650390625,-33.474464416503906,212.95055382193172,-177.22422216429877,-33.47949741401924,0.8803286389636304,0.3496801076996524,0.06846150530229612,3.512159696318885e-05,3.669725801130469,11.227060697895777,nan,0.0008929298221498718,nan
208.53,212.16175842285156,-176.81150817871094,-33.47566223144531,212.9422070599074,-177.21884010436767,-33.4807702899979,0.8803666650911411,0.34973483367327735,0.06847691610870116,3.582671449835563e-05,3.663548654225207,11.031767304377858,nan,nan,nan
208.54,212.1532440185547,-176.8064727783203,-33.476837158203125,212.93386033326138,-177.21355081860744,-33.48009688319527,0.8803891114031864,0.34978964640152516,0.06849239270021266,3.512002594524371e-05,3.2245750214353337,10.750350700823015,nan,2.593963818587126,nan
208.55,212.14471435546875,-176.80154418945312,-33.47798538208008,212.90308633622539,-177.18805893856165,-33.48129204919325,0.851194834642791,0.3497143934092431,0.06848451224101595,3.580339787243529e-05,2.7998261666584594,11.861898598505574,21.30879273289368,nan,nan
208.56,212.13619995117188,-176.7967071533203,-33.4791145324707,212.89469539397757,-177.1829123056662,-33.481461972626526,0.8511611286535644,0.3497689662374575,0.06850001598285299,3.509791658802195e-05,2.6396127020258406,11.087012270579185,nan,0.7245598898396673,nan
208.57,212.127685546875,-176.79196166992188,-33.480220794677734,212.88630318011016,-177.17786790668225,-33.48261588233431,0.8511345801168911,0.3498236255916662,0.06851558562501096,3.580270377180205e-05,2.631296070118594,10.825745086452029,nan,nan,nan
208.58,212.11915588378906,-176.78732299804688,-33.48130416870117,212.87790963386973,-177.17292278170493,-33.484575356808016,0.8511199369596795,0.349878371615836,0.06853122125226349,3.5097544092493065e-05,2.7641434031580827,11.694440020729733,nan,0.48003826710379893,nan
208.59,212.1106414794922,-176.7827606201172,-33.482364654541016,212.86951564944084,-177.1680675764744,-33.48569539625198,0.8510949126113223,0.3499332044551232,0.06854692306460054,3.580261833437818e-05,2.7580066750684242,10.72591336373216,nan,nan,nan
208.6,212.10211181640625,-176.77830505371094,-33.48340606689453,212.89731813872334,-177.18241116996015,-33.48721344220053,0.8920029957067436,0.34985787756830034,0.06853909953334021,3.507660143131429e-05,3.110374371330321,11.63013669872388,15.735435352945045,0.08868614724164085,nan
208.61,212.0935821533203,-176.77392578125,-33.48442459106445,212.88898344961578,-177.17777788657344,-33.48829777908701,0.8920620755912334,0.34991247021907734,0.06855482770998612,3.578109883037371e-05,3.1051845402071665,11.087196945275354,nan,nan,nan
208.62,212.08505249023438,-176.76963806152344,-33.48542404174805,212.88064646926694,-177.17324033799534,-33.491349792442094,0.8921321043250547,0.3499671494544395,0.06857062206652714,3.5077320580672166e-05,3.6758380772945607,11.768282299769664,nan,2.7757735953999827,nan
208.63,212.0765380859375,-176.76544189453125,-33.48640441894531,212.8723099288034,-177.16878163403035,-33.492415295380184,0.892172574109344,0.3500219154200984,0.06858648278833958,3.5782127119009564e-05,3.6734671135211343,11.675553898845468,nan,nan,nan
208.64000000000001,212.06800842285156,-176.76132202148438,-33.48736572265625,212.86397144075073,-177.16441153492448,-33.49461016137778,0.8922391851969544,0.3500767682591693,0.0686024099821656,3.5078562798080266e-05,4.14904205061149,12.07987787920305,nan,0.9265274171795124,nan
208.65,212.05947875976562,-176.7572784423828,-33.48830795288086,212.83398676066057,-177.1492710942431,-33.49567431389991,0.8680870612083748,0.350001367858891,0.0685946384013278,3.576168876191633e-05,4.022509803005989,11.78837599996285,5.096245176091,nan,nan
208.66,212.0509490966797,-176.75332641601562,-33.489227294921875,212.82560938918485,-177.1450438481673,-33.49795764211358,0.8681113605971086,0.35005598022280415,0.06861059116015333,3.505915527937513e-05,4.668512314635228,12.868104771688259,nan,1.119257248732429,nan
208.67000000000002,212.0424041748047,-176.74945068359375,-33.49013137817383,212.81723182805482,-177.14089226948371,-33.49897470981603,0.8681374383815531,0.35011067923160194,0.06862661046229865,3.576372574584733e-05,4.67066631375212,12.952593345763066,nan,nan,nan
208.68,212.03387451171875,-176.7456512451172,-33.49101638793945,212.80885378038442,-177.13681608265452,-33.49907631557434,0.8681404030574034,0.3501654650277274,0.06864269642563531,3.506134709547293e-05,4.326516534512847,12.256693677885568,nan,0.5675019763962229,nan
208.69,212.0253448486328,-176.74192810058594,-33.491886138916016,212.80047354280674,-177.13281899563484,-33.50005022716598,0.8681513904273049,0.35022033775793,0.06865884921882343,3.576624632777405e-05,4.327098080434315,12.205825838721749,nan,nan,nan
208.70000000000002,212.0167999267578,-176.73828125,-33.49273681640625,212.8085218166488,-177.14057193746473,-33.50138214912684,0.8881081521589922,0.3501448642222135,0.06865112450764436,3.5042858383415306e-05,4.781651094013216,12.62658190180258,6.0480438432544625,0.12590862786874327,nan
208.71,212.00827026367188,-176.7346954345703,-33.49357223510742,212.8001683364258,-177.1367541131758,-33.50232681075187,0.888161236076025,0.35019949619297874,0.06866730204065055,3.57472192027167e-05,4.782758349629196,11.839051645274068,nan,nan,nan
208.72,211.99972534179688,-176.73106384277344,-33.4944953918457,212.79564373412643,-177.13228271954617,-33.50208852742867,0.8913586988610226,0.3464405631752007,0.0685709187332203,3.5045747198049135e-05,4.384422581825326,12.16551591000253,nan,1.0500578604121873,0.0038440221511565117
208.73000000000002,211.99119567871094,-176.7273712158203,-33.495506286621094,212.78728966497923,-177.12841079040282,-33.50314841601453,0.8914352346051414,0.34649173473306405,0.06858596311068516,3.5750448551099124e-05,4.362388935278544,11.691889673638043,nan,nan,nan
208.74,211.98265075683594,-176.72361755371094,-33.496604919433594,212.77894062899762,-177.12448014340418,-33.50401650695524,0.8915286355201563,0.3465429908057721,0.06860106749454016,3.5049209568810604e-05,4.28566902069871,11.685692347873367,nan,0.05553826846577515,nan
208.75,211.97410583496094,-176.71981811523438,-33.4977912902832,212.7571324602604,-177.11374789812487,-33.50492493634984,0.8765627522785999,0.3464771229848698,0.06859291079100127,3.5732267025471324e-05,4.043724573002993,11.854455153744858,6.782443559324544,nan,nan
208.76,211.96556091308594,-176.71595764160156,-33.499061584472656,212.74873808958452,-177.10969636045087,-33.50684763515851,0.8766169580236675,0.34652816048144325,0.06860803581553754,3.5031915239392036e-05,4.33970363977157,11.893969795285939,nan,0.2607571569445265,nan
208.77,211.95701599121094,-176.7120361328125,-33.50041580200195,212.74035605755242,-177.10558636029094,-33.508253927774966,0.8766783203090189,0.34657928374967356,0.06862322104358277,3.573644241429956e-05,4.318310539236443,11.597772041277722,nan,nan,nan
208.78,211.94847106933594,-176.70806884765625,-33.50185775756836,212.73198159365919,-177.1014199089889,-33.50935463182088,0.8767382746865635,0.3466304915028848,0.06863846653455787,3.503610967837141e-05,4.19311449883244,11.719956694717245,nan,0.10745391262167546,nan
208.79,211.93992614746094,-176.7040557861328,-33.50337600708008,212.72359734097674,-177.09720175297872,-33.51092600771262,0.8767903360001376,0.34668178529910865,0.06865377251389766,3.574099248030427e-05,4.173512558853763,12.031902791909143,nan,nan,nan
208.8,211.93138122558594,-176.69998168945312,-33.504981994628906,212.68575448415856,-177.09073108930377,-33.51335415503023,0.8496082625556978,0.34661582041866623,0.06864567277490302,3.501951995238376e-05,4.7893718337830995,11.120940527774945,20.185105862614783,0.3975727591098372,nan
208.81,211.92283630371094,-176.6958465576172,-33.50666427612305,212.6773183288445,-177.08643665104506,-33.515098341560225,0.8496322032464674,0.34666689533807743,0.06866099895229454,3.5723888502515766e-05,4.768244604419974,10.805774412123538,nan,nan,nan
208.82,211.91427612304688,-176.69166564941406,-33.508426666259766,212.66887759247962,-177.08209091685802,-33.51709898446787,0.8496649199724817,0.34671805471222805,0.06867638564426932,3.502436507161392e-05,4.913292154850041,11.36479942121143,nan,0.02173374169720205,nan
208.83,211.90573120117188,-176.68743896484375,-33.51026916503906,212.6604399512558,-177.0776929790682,-33.519006081773234,0.8496821916372869,0.3467693000213986,0.06869183306103571,3.5729099874053604e-05,4.891394487381889,11.272392238232218,nan,nan,nan
208.84,211.89718627929688,-176.6831512451172,-33.51218795776367,212.65202210140077,-177.07323999593387,-33.520037339276016,0.8497105181384539,0.34682063009236624,0.06870734128472882,3.5029524078235845e-05,4.503256514635243,10.504869032259569,nan,0.6432965738578819,nan
208.85,211.8886260986328,-176.67881774902344,-33.51418685913086,212.6430633426686,-177.0678584499994,-33.52210136041646,0.8488762345211295,0.34675456963848206,0.06869929482777345,3.571263114951161e-05,4.464729603282118,10.855096436566003,0.0765547747765241,nan,nan
208.86,211.8800811767578,-176.6744384765625,-33.516258239746094,212.63463203759653,-177.06330484050696,-33.52380809178619,0.8488940162739187,0.34680568057322714,0.06871482279053147,3.501382882681205e-05,4.328058412799128,10.638969983964651,nan,0.12816689443401977,nan
208.87,211.87152099609375,-176.67001342773438,-33.51840591430664,212.6261909223045,-177.05870419969798,-33.526013295229156,0.8489199526345745,0.3468568773342584,0.06873041171189315,3.5718426022581496e-05,4.309564811825375,10.902273711844856,nan,nan,nan
208.88,211.86297607421875,-176.66554260253906,-33.52058410644531,212.61775880163523,-177.05405348881823,-33.52780098829068,0.8489344837779041,0.3469081588261567,0.06874606168657416,3.5019535307517115e-05,4.165970405878205,10.572658231036305,nan,0.15607537267338914,nan
208.89000000000001,211.8544158935547,-176.6610107421875,-33.52275085449219,212.6093165382241,-177.04935697543158,-33.53006614788912,0.8489648365595907,0.34695952641529115,0.06876177290602467,3.5724503466231425e-05,4.166402469496779,10.337761361263475,nan,nan,nan
208.9,211.8458709716797,-176.6564483642578,-33.524898529052734,212.6329014705396,-177.0571887749968,-33.531951202103826,0.8832098409393391,0.3468933692208113,0.06875377586172805,3.500436480167442e-05,4.180722189412769,10.733598650270663,9.678204041579852,0.03372250482937129,nan
208.91,211.83731079101562,-176.65182495117188,-33.527008056640625,212.62451164112224,-177.05241469349426,-33.53416750850475,0.8832941626737288,0.3469445173721875,0.06876950633096124,3.5708831915713215e-05,4.185380041633179,10.492561387200954,nan,nan,nan
208.92000000000002,211.82876586914062,-176.6471710205078,-33.52907943725586,212.61612577474207,-177.04759372992933,-33.536140760692824,0.8833593999374626,0.34699575022235957,0.06878529809529361,3.501055050121909e-05,4.164072794270189,10.750345845632364,nan,0.030664130229523835,nan
208.93,211.82020568847656,-176.6424560546875,-33.5311164855957,212.6077354587368,-177.04272784969893,-33.53828324553178,0.8834432700382173,0.3470470690607114,0.06880115133593202,3.571539557867164e-05,4.168332356549649,10.389968157641999,nan,nan,nan
208.94,211.8116455078125,-176.63771057128906,-33.533111572265625,212.59937217493612,-177.03781229556125,-33.53901244783714,0.8835324058549175,0.3470984729047507,0.06881706616288305,3.501696952412782e-05,3.7146026435634156,10.4389263106019,nan,1.333739704251728,nan
208.95000000000002,211.8031005859375,-176.63290405273438,-33.535064697265625,212.5935083646279,-177.03378227995626,-33.54100964113143,0.8862748738582227,0.3470322202653748,0.06880911470712966,3.570018948757276e-05,3.709129999636011,9.615593384726521,0.1905111866018746,nan,nan
208.96,211.79454040527344,-176.62806701660156,-33.536983489990234,212.5851102826858,-177.02878583751655,-33.54360273352772,0.8863521415849975,0.34708340441051144,0.06882504827630066,3.50024491121543e-05,3.961200870788212,10.521432920448916,nan,0.23781318289930709,nan
208.97,211.78598022460938,-176.62318420410156,-33.53886032104492,212.57672315333372,-177.02374406036287,-33.54558364591113,0.8864354352534015,0.3471346744347142,0.06884104355046175,3.570717493276076e-05,3.9658458454807275,10.44658854335248,nan,nan,nan
208.98000000000002,211.77743530273438,-176.61825561523438,-33.54070281982422,212.56834857195156,-177.0186573590578,-33.54686077697573,0.8865118590954916,0.3471860294308408,0.06885710064782932,3.5009263300073025e-05,3.7738285756766037,9.846240867795512,nan,0.3138554763303916,nan
208.99,211.7688751220703,-176.61329650878906,-33.54250717163086,212.55996107725247,-177.01353002282548,-33.54876200096298,0.8865906480075082,0.3472374705774716,0.06887321973736223,3.571436721603834e-05,3.7764622723000905,10.520296610568389,nan,nan,nan
209.0,211.76031494140625,-176.60829162597656,-33.54427719116211,212.54642821392736,-177.01046488138712,-33.552851341103825,0.8830577108256253,0.34717112151605456,0.06886530992226994,3.4995120720325723e-05,4.886395773635066,11.03725557806843,2.4343018471371876,3.571419407189161,nan
209.01,211.75177001953125,-176.60324096679688,-33.5460090637207,212.53803155108298,-177.00527019103816,-33.5547045591454,0.8831253052556055,0.34722234266235796,0.06888144721904406,3.5699729122889904e-05,4.894146107199047,10.651158660579654,nan,nan,nan
209.02,211.7432098388672,-176.59814453125,-33.54771041870117,212.52966249412177,-177.00003081581298,-33.55502535641323,0.883217907987911,0.34727364874512395,0.06889764657154357,3.5002274224992406e-05,4.295472096986545,10.073182717636044,nan,1.5856796674820588,nan
209.03,211.73464965820312,-176.593017578125,-33.549373626708984,212.52126574618745,-176.99475462046337,-33.55679667318502,0.8832964523202461,0.34732504086984456,0.06891390814228883,3.570726518815182e-05,4.300270615194843,10.437251826814352,nan,nan,nan
209.04,211.72608947753906,-176.5878448486328,-33.55100631713867,212.51287164988904,-176.98943795272078,-33.558394270184216,0.8833786220126413,0.3473765182370086,0.06893023205911651,3.500959573425168e-05,4.306796063168195,10.203473156161374,nan,0.014045050529476064,nan
209.05,211.71754455566406,-176.58262634277344,-33.55260467529297,212.4992420325416,-176.97954929430227,-33.560034463897765,0.8767291352326351,0.3473100738647838,0.06892235994123444,3.569295580823781e-05,4.193738793085801,9.829552674840416,1.2863178247916771,nan,nan
209.06,211.708984375,-176.57737731933594,-33.55417251586914,212.49080530338583,-176.97414446409644,-33.563499107776344,0.8767868136212366,0.34736133096821453,0.06893870151074949,3.499590623986269e-05,5.123597172424334,11.238774632071287,nan,2.267635032838691,nan
209.07,211.70042419433594,-176.5720977783203,-33.55570983886719,212.4824000786124,-176.9686975394885,-33.56515916003147,0.8768505823793775,0.34741267400547693,0.06895510552154203,3.570078357087284e-05,5.129770712191657,11.483630884599888,nan,nan,nan
209.08,211.69186401367188,-176.5667724609375,-33.557212829589844,212.47401876640066,-176.96320990418408,-33.56540743851361,0.876924087501039,0.34746410224732277,0.06897157210637131,3.500350074284243e-05,4.538157324808061,10.628400236161493,nan,1.3479232991759051,nan
209.09,211.68331909179688,-176.5614013671875,-33.55868911743164,212.4656134376423,-176.95768734960097,-33.566994322789014,0.8769811855650997,0.3475156166955743,0.06898810142040837,3.570875764960007e-05,4.542832813971849,10.063460693362579,nan,nan,nan
209.1,211.6747589111328,-176.55599975585938,-33.56013488769531,212.47636322770234,-176.95615702774063,-33.56606421167981,0.8959522752162947,0.34744907621701343,0.06898026297514591,3.499007242486716e-05,3.576767019665281,9.978009216259862,4.318662973091349,4.326767501513114,nan
209.11,211.66619873046875,-176.55056762695312,-33.561553955078125,212.46799046939702,-176.95055529668653,-33.56756909551166,0.8960448149879665,0.34750037010093415,0.06899680936224659,3.569483416130267e-05,3.5773042390399175,10.150407986308307,nan,nan,nan
209.12,211.6576385498047,-176.5451202392578,-33.56294250488281,212.45960327754793,-176.94492933617346,-33.569924888342825,0.8961269397800605,0.34755174914951326,0.06901341854716729,3.499789531753913e-05,3.948168762260348,10.514646191459043,nan,0.5451623630943636,nan
209.13,211.6490936279297,-176.5397186279297,-33.56430435180664,212.45123092992404,-176.93931759851145,-33.571383827715366,0.8961884330429186,0.3476032142975418,0.06903009068145416,3.5703039430133136e-05,3.949755907912034,10.211397353979091,nan,nan,nan
209.14000000000001,211.64053344726562,-176.53439331054688,-33.565635681152344,212.4428684313254,-176.93376641579678,-33.572222369632044,0.8962609487801372,0.3476547649147879,0.06904682590329063,3.500583477669383e-05,3.775795233526337,10.295380254173788,nan,0.24892858833968315,nan
209.15,211.63197326660156,-176.52914428710938,-33.56694412231445,212.44689716014665,-176.93192038288714,-33.57353270783433,0.9090505734335221,0.3475881292692351,0.06903901708734796,3.5689337675926985e-05,3.758310237557966,9.950300817913886,1.7886949249878785,nan,nan
209.16,211.6234130859375,-176.52401733398438,-33.5682258605957,212.4385631653215,-176.92654658770334,-33.57383006478459,0.9091374258735032,0.34763945905618937,0.06905576878228445,3.499270527388162e-05,3.429987491535061,10.509633053751575,nan,0.8179998651473556,nan
209.17000000000002,211.6148681640625,-176.5189666748047,-33.569480895996094,212.43021189779728,-176.92127154923222,-33.57516799612295,0.9092122740243729,0.34769087483637,0.06907258364353959,3.569773303845652e-05,3.429668527507866,9.436966810208121,nan,nan,nan
209.18,211.60630798339844,-176.51402282714844,-33.57071304321289,212.42186035374877,-176.9160949959246,-33.57649359832324,0.9092970430534744,0.3477423760430027,0.06908946181183442,3.50008225942978e-05,3.4693263493688615,9.994578636798764,nan,0.00010146666941939807,nan
209.19,211.59774780273438,-176.50917053222656,-33.57191848754883,212.41350880674722,-176.91101648974953,-33.57778374934085,0.9093847318607662,0.347793963516997,0.06910640343492232,3.5706227783307895e-05,3.4693598455161165,9.776975275276842,nan,nan,nan
209.20000000000002,211.5891876220703,-176.50442504882812,-33.57310104370117,212.42156401689545,-176.9148030714672,-33.58026327250275,0.928068899192641,0.3477272320766006,0.06909862015115005,3.4987864392074616e-05,4.083144904330819,10.679190168803006,4.695289393741402,1.3898712444138699,nan
209.21,211.5806427001953,-176.49977111816406,-33.57426071166992,212.41323844174457,-176.90993523536827,-33.581517596671354,0.928171823676943,0.3477785984210228,0.06911557762420777,3.569277151225278e-05,4.083764818446947,10.260331547961073,nan,nan,nan
209.22,211.57208251953125,-176.49520874023438,-33.57539749145508,212.40491570441557,-176.90516073878376,-33.58252669113301,0.9282901380749711,0.34783005014686175,0.0691325986197968,3.4996124802119636e-05,4.052049115088663,10.441678814118056,nan,0.03507215501108616,nan
209.23000000000002,211.5635223388672,-176.49073791503906,-33.57651138305664,212.39658896846188,-176.9004782567082,-33.583734434116025,0.9284068770760016,0.3478815880353615,0.06914968328404263,3.5701411154322986e-05,4.0526044393144245,10.426155999231295,nan,nan,nan
209.24,211.55496215820312,-176.48634338378906,-33.57760238647461,212.38826172079186,-176.89588574937576,-33.58492086329441,0.928529305043137,0.34793321191277016,0.06916683176064459,3.642101595710573e-05,4.0537800451316075,9.984380529346106,nan,nan,nan
209.25,211.54640197753906,-176.4820556640625,-33.578670501708984,212.38131687029028,-176.89844593283715,-33.58612177502157,0.9330162139759283,0.3478663854611571,0.06915906988301318,3.713125957225709e-05,4.2414398993681335,10.31550813730825,4.961126438665052,nan,nan
209.26,211.537841796875,-176.47784423828125,-33.57971954345703,212.37299665923692,-176.89405650237333,-33.58679164026564,0.9331485988097935,0.3479177876124018,0.06917623356523785,3.6349132983715884e-05,4.113301722318694,9.831607221104248,nan,0.1481167970574895,nan
209.27,211.52928161621094,-176.4737091064453,-33.580745697021484,212.36466904915588,-176.88975223995678,-33.587912705846946,0.9332820678015203,0.3479692758460215,0.06919346112668852,3.708094566193554e-05,4.114106879496858,9.576780063590489,nan,nan,nan
209.28,211.52072143554688,-176.46966552734375,-33.58175277709961,212.35634765431362,-176.88553083192483,-33.588523570064545,0.9334136128652174,0.3480208496941537,0.06921075271136076,3.6301564193847196e-05,3.983107294985537,9.699431446370026,nan,0.15765038737298817,nan
209.29,211.5121612548828,-176.46571350097656,-33.58273696899414,212.34801855121876,-176.88139087476114,-33.58960071395933,0.9335374710794551,0.348072509898692,0.06922810846409669,3.703211630728329e-05,3.983633672698124,10.039385205949271,nan,nan,nan
209.3,211.50360107421875,-176.46182250976562,-33.58370590209961,212.36144744254287,-176.89765130168587,-33.59204122555499,0.962245605409889,0.3480055879394187,0.0692203638289036,3.623281294883438e-05,5.037655432195458,9.961629880608376,20.757127762475058,1.1779803993389215,nan
209.31,211.49502563476562,-176.4580078125,-33.584651947021484,212.3531506675463,-176.89373112032786,-33.593095119058866,0.9624472245392554,0.34805702644809317,0.06923773412239169,3.696125679886224e-05,5.0398357300704495,10.219665221169443,nan,nan,nan
209.32,211.48646545410156,-176.45428466796875,-33.58557891845703,212.34485814222836,-176.88988771063958,-33.59373598841057,0.9626289812819199,0.3481085505242957,0.06925516864668949,3.618817729488313e-05,4.940577011122077,10.216868854722644,nan,0.10288721727175597,nan
209.33,211.4779052734375,-176.45062255859375,-33.586490631103516,212.3365593533726,-176.88611950526627,-33.594750149874024,0.9628149558459219,0.3481601608513183,0.06927266754631489,3.691550557827997e-05,4.9412109169919,9.786630672796695,nan,nan,nan
209.34,211.46932983398438,-176.44703674316406,-33.58738327026367,212.32828808850533,-176.88242502668848,-33.59355650337322,0.9630214687363164,0.34821185704832625,0.0692902309657577,3.61449912301746e-05,4.138730690147865,9.352864011543698,nan,3.1729131765587315,nan
209.35,211.4607696533203,-176.4435272216797,-33.5882568359375,212.3026052235097,-176.8709807434934,-33.59449370529444,0.9441623478440468,0.3481448402698031,0.06928249937935203,3.68479407704441e-05,4.039462132817571,8.910989627681216,2.7847720678945964,nan,nan
209.36,211.4521942138672,-176.44009399414062,-33.589115142822266,212.29427762916885,-176.8674156010425,-33.59522674876785,0.9443228186264145,0.3481963145011801,0.06930007665349447,3.6080898938213425e-05,4.00995508526818,9.305282471909354,nan,0.028735171298629326,nan
209.37,211.44363403320312,-176.43670654296875,-33.5899543762207,212.2859463499222,-176.86391967398606,-33.59614970955766,0.9444784170987833,0.3482478748792443,0.06931771850681408,3.6805279565747956e-05,4.009399676586319,8.368081888784529,nan,nan,nan
209.38,211.43505859375,-176.43341064453125,-33.59077835083008,212.27760275962444,-176.86049153624973,-33.59796771965563,0.9446324399173569,0.34829952107645157,0.06933542508365417,3.604067849815832e-05,4.391783153297456,9.659448905463032,nan,0.5519239443737135,nan
209.39000000000001,211.42648315429688,-176.43016052246094,-33.591583251953125,212.2692693259894,-176.857130429611,-33.59886822226008,0.9447988693898027,0.34835125369689396,0.06935319652874893,3.676413699718958e-05,4.392999054415947,9.068838501921917,nan,nan,nan
209.4,211.41790771484375,-176.42686462402344,-33.59247970581055,212.24540011893686,-176.8557139989869,-33.59832463262025,0.9320352077082392,0.3482841417201945,0.06934547376842777,3.597971976971164e-05,4.0869551169829395,8.497326336980823,8.049323530779713,1.4608150816881118,nan
209.41,211.40933227539062,-176.42349243164062,-33.59346389770508,212.237037605597,-176.85231898728873,-33.599338136729735,0.9322139428077618,0.3483356520776753,0.06936325836178966,3.6701413015674524e-05,4.070915492133726,8.074375755148994,nan,nan,nan
209.42000000000002,211.4007568359375,-176.42007446289062,-33.59453582763672,212.2286841601993,-176.84886357140041,-33.59959421042757,0.932389050274815,0.34838724820072237,0.0693811078786397,3.5942446167559796e-05,3.8354437872389773,8.210056871334375,nan,0.47952709014643197,nan
209.43,211.39218139648438,-176.4165802001953,-33.59569549560547,212.22031987242485,-176.84534743233223,-33.60077677656093,0.932566616442772,0.34843893064519316,0.0693990224642185,3.666334331487092e-05,3.821184713050938,7.744977235903949,nan,nan,nan
209.44,211.38360595703125,-176.4130401611328,-33.59694290161133,212.21196462932247,-176.84177222146883,-33.601178242713324,0.9327417689984099,0.34849069915529823,0.0694170022621187,3.590661586402754e-05,3.609543890255823,7.847054201619246,nan,0.5052282870007148,nan
209.45000000000002,211.37503051757812,-176.40943908691406,-33.598270416259766,212.2005239389069,-176.84096357205794,-33.602325179338976,0.9314876333260828,0.3484234925393331,0.06940928407995554,3.660383432044765e-05,3.6774924849941026,7.602699108269579,3.391203866576444,nan,nan
209.46,211.366455078125,-176.40577697753906,-33.59968566894531,212.19217835767515,-176.83728771733925,-33.60132915160475,0.9316776019574622,0.3484750385137987,0.06942727629936811,3.58502172389784e-05,3.296806061935807,7.087837288487255,nan,3.9522005398836964,nan
209.47,211.35787963867188,-176.40206909179688,-33.60118103027344,212.18380516391642,-176.83355283788404,-33.60281794289469,0.9318443410091722,0.34852667070911464,0.06944533378450797,3.656878950250347e-05,3.2875253959740096,7.385390535031631,nan,nan,nan
209.48000000000002,211.3492889404297,-176.39828491210938,-33.602760314941406,212.1754331378568,-176.82976138828758,-33.60421593410757,0.9320344968212307,0.34857838891295645,0.06946345667820207,3.581727897605235e-05,3.266757885156892,7.086633984454782,nan,0.02043375142077624,nan
209.49,211.34071350097656,-176.3944549560547,-33.60441970825195,212.16705865211972,-176.82591369065852,-33.60586864547992,0.9322044024262295,0.348630193616483,0.06948164512683559,3.653522025413302e-05,3.25826152847469,7.08156528034395,nan,nan,nan
209.5,211.33213806152344,-176.3905792236328,-33.60615921020508,212.1471606515514,-176.81818066983217,-33.60645979021684,0.9203830232006661,0.3485628921059664,0.06947392724971138,3.576387766512376e-05,3.1833594026701073,7.0762009560878,2.0744339643734113,0.6665564013071256,nan
209.51,211.32354736328125,-176.3866424560547,-33.60797882080078,212.13876600288933,-176.81421937472592,-33.608261550225116,0.9205452360860701,0.3486144739788158,0.06949212737376541,3.648034567184613e-05,3.17591765040449,7.124512305189541,nan,nan,nan
209.52,211.31497192382812,-176.3826446533203,-33.6098747253418,212.13037126904226,-176.8102041130673,-33.610103898463095,0.9206971469028732,0.34866614180058747,0.06951039309896878,3.573376457216575e-05,3.1685206987972,6.717575406263017,nan,0.001027862434441612,nan
209.53,211.30638122558594,-176.37860107421875,-33.611846923828125,212.12197565075334,-176.8061353662015,-33.61206357463321,0.9208582323696201,0.34871789602346387,0.06952872457265165,3.644970853509912e-05,3.161304799155773,7.145991641581985,nan,nan,nan
209.54,211.2978057861328,-176.37449645996094,-33.61389923095703,212.11357597161972,-176.8020132985708,-33.61447314804554,0.9210059566610616,0.3487697364931947,0.06954712193622985,3.570502624865158e-05,3.1626696138989785,6.661142326541665,nan,0.0938177414003794,nan
209.55,211.28921508789062,-176.37034606933594,-33.616024017333984,212.1452973464971,-176.81478935033317,-33.616524416975004,0.964576028068371,0.3487023405421819,0.06953940007403263,3.639785071067075e-05,3.33679648461328,7.7115952806027295,14.254260238769984,nan,nan
209.56,211.2806396484375,-176.36614990234375,-33.61817932128906,212.13697800809078,-176.81059110503801,-33.61756130494338,0.9648024413371868,0.3487539579060731,0.06955780834712906,3.565591273366016e-05,3.334083474716942,7.571822685496411,nan,0.8747056437573294,nan
209.57,211.2720489501953,-176.3618927001953,-33.620330810546875,212.12864771325565,-176.80634054384146,-33.61973444970511,0.965036622229672,0.3488056615734948,0.06957628255873519,3.637005687566185e-05,3.3268307471188336,7.561453566254408,nan,nan,nan
209.58,211.2634735107422,-176.35760498046875,-33.62245559692383,212.12032459293218,-176.80204064570353,-33.62111916513419,0.9652557296554971,0.348857451424989,0.06959482284921405,3.5629884919055785e-05,3.360401347972212,7.820900296239112,nan,0.4079627611616309,nan
209.59,211.2548828125,-176.35324096679688,-33.624549865722656,212.11199414590632,-176.797690067099,-33.6232425983607,0.9654929049769859,0.3489093278608727,0.06961342936747374,3.634364235575684e-05,3.351278343103686,7.4148883438160285,nan,nan,nan
209.6,211.24630737304688,-176.34884643554688,-33.62660598754883,212.07782123847775,-176.78629446708507,-33.624195296124306,0.9395647397245107,0.34884183731512125,0.06960569920592902,3.558353956206345e-05,3.4760218459896817,7.230867540769327,6.0815151752549745,0.8826741851165173,nan
209.61,211.2377166748047,-176.3444061279297,-33.62862014770508,212.06944719793026,-176.78184526712667,-33.62623648707764,0.9397522787618664,0.3488934903522093,0.06962431584935042,3.629606636808522e-05,3.462277000212292,7.584819001032954,nan,nan,nan
209.62,211.22914123535156,-176.33990478515625,-33.63059997558594,212.0610687637317,-176.77734756425795,-33.628725553429774,0.9399271838410245,0.34894522950834017,0.06964299875706297,3.556012378283483e-05,3.3982054825503396,6.8792875353981096,nan,0.16129098237440967,nan
209.63,211.22055053710938,-176.33535766601562,-33.632537841796875,212.05269448520625,-176.77280316245609,-33.63069577948393,0.9401199422966482,0.34899705515293566,0.06966174807907982,3.6272352612176356e-05,3.3864545638683525,7.20357538714114,nan,nan,nan
209.64000000000001,211.2119598388672,-176.3307647705078,-33.63444137573242,212.04433795186466,-176.76821491396484,-33.63054124602128,0.94033566454728,0.3490489672126406,0.06968056395410789,3.553797278447089e-05,3.71443610717835,7.48377400010368,nan,2.981530569401538,nan
209.65,211.20338439941406,-176.3261260986328,-33.63630294799805,212.0346666143344,-176.7683500638441,-33.63264834549203,0.9415973196486717,0.34898138244316035,0.06967282117191088,3.622751908671325e-05,3.8285529045973834,7.2327972821496225,4.859192909921794,nan,nan
209.66,211.19479370117188,-176.3214569091797,-33.63813018798828,212.02628454948797,-176.76368627146263,-33.63503688869462,0.941782038583831,0.349033070826851,0.06969164636859715,3.549553070371135e-05,3.7223741112557964,7.664915806073369,nan,0.20430629317016238,nan
209.67000000000002,211.18621826171875,-176.3167266845703,-33.63991928100586,212.0179070985635,-176.7589780730894,-33.636849516413896,0.9419671095287243,0.3490848456038533,0.06971053816258861,3.6206391887575605e-05,3.7067535979551134,7.09737728300303,nan,nan,nan
209.68,211.17762756347656,-176.31195068359375,-33.64167404174805,212.00953393635305,-176.75422593756474,-33.63810507102545,0.9421721451304101,0.3491367067281141,0.06972949669148339,3.547583951740917e-05,3.799120443705591,7.379477543901306,nan,0.18714684746395271,nan
209.69,211.16905212402344,-176.30714416503906,-33.64339065551758,212.0011567009391,-176.74942873728438,-33.63984290909743,0.9423514505081874,0.3491886545282987,0.06974852210696118,3.618651405416773e-05,3.7811949678685575,7.496887588058225,nan,nan,nan
209.70000000000002,211.16046142578125,-176.30227661132812,-33.645076751708984,211.97938624392353,-176.74268765459232,-33.64231280532734,0.9298426663678204,0.3491209754621323,0.06974076235836371,3.543588002106767e-05,3.720673855757446,6.89149423461192,3.709019161819941,0.6243616984133356,nan
209.71,211.15188598632812,-176.29737854003906,-33.646728515625,211.9709865647365,-176.7378097364814,-33.64398947007323,0.9300069347693688,0.34917269929521644,0.06975979627431439,3.61455208288239e-05,3.70603360342872,6.937239962972223,nan,nan,nan
209.72,211.14329528808594,-176.2924346923828,-33.648345947265625,211.9725355292325,-176.71849228008142,-33.64617780074005,0.9322924146595328,0.34882987269490806,0.068953186247384,3.541818322593116e-05,3.396819437898756,6.82859510537866,nan,0.19707348590023577,0.25098618810649914
209.73000000000002,211.1347198486328,-176.28744506835938,-33.649932861328125,211.964149576774,-176.71349933846759,-33.64779584130115,0.9324593727645109,0.3488807253937203,0.06896890373239607,3.6127701705985955e-05,3.383608987729922,6.487566043738784,nan,nan,nan
209.74,211.12612915039062,-176.2824249267578,-33.651485443115234,211.9557264239604,-176.70849293786932,-33.65151608157144,0.9326122384708772,0.34893166291659694,0.06898468097709969,3.540197769927208e-05,3.249759896149901,6.885046509457222,nan,3.138708034039155,nan
209.75,211.1175537109375,-176.27735900878906,-33.65300750732422,211.91457635130845,-176.6874527124033,-33.65298194439002,0.8963380699609969,0.34886556877193214,0.06897651194219694,3.6089147563248506e-05,3.025829418090629,6.232121508929756,11.369983901919905,nan,nan
209.76,211.1089630126953,-176.27224731445312,-33.654502868652344,211.90615395804772,-176.682292433653,-33.65355354103203,0.8964660084768667,0.34891628819629605,0.06899230641710827,3.5365486243777824e-05,3.0440247736710613,6.260115951194291,nan,0.6568254788655518,nan
209.77,211.1003875732422,-176.26710510253906,-33.65596389770508,211.8977151786487,-176.67710449374042,-33.6550613492995,0.8965665762911201,0.348967093094501,0.06900816124808712,3.6073985114846066e-05,3.0337045032941896,6.386684971141347,nan,nan,nan
209.78,211.091796875,-176.2619171142578,-33.65739822387695,211.88927951881794,-176.67187461292903,-33.656369347843516,0.896685438988228,0.3490179827914902,0.06902407610792775,3.535145119768691e-05,3.0337392419044082,6.395442685633687,nan,0.020337716397616164,nan
209.79,211.08322143554688,-176.25672912597656,-33.6588020324707,211.88084114099792,-176.66663190196414,-33.657819335633164,0.8967822734528152,0.34906895823112866,0.06904005160300558,3.605992366191806e-05,3.0229112610535447,6.034384481103859,nan,nan,nan
209.8,211.0746307373047,-176.25161743164062,-33.66018295288086,211.85533523191955,-176.6509606699182,-33.6610010199073,0.8769123098141154,0.3490027789468731,0.06903192742308521,3.5317128657245896e-05,2.8211749314097645,6.533049711034099,5.043598944693415,2.338354196444576,nan
209.81,211.06605529785156,-176.24656677246094,-33.661529541015625,211.84687021438307,-176.64579197750672,-33.662413755445705,0.8769569431033176,0.34905353601634714,0.06904791969440208,3.602472367263616e-05,2.815041614746171,6.092169718135701,nan,nan,nan
209.82,211.05746459960938,-176.24160766601562,-33.6628532409668,211.8383552601243,-176.64074507469923,-33.666974434933955,0.8769936595721854,0.3491043778555496,0.06906397225901797,3.530513923692295e-05,3.2651497056252814,6.689063781272746,nan,6.9895767736798495,nan
209.83,211.04888916015625,-176.23675537109375,-33.66415023803711,211.82989049334043,-176.63575037107606,-33.668366591437994,0.8770278616340229,0.3491553053278867,0.06908008568331885,3.601276500509931e-05,3.26815005183771,6.866567406833685,nan,nan,nan
209.84,211.04031372070312,-176.2319793701172,-33.66542053222656,211.8214311070619,-176.63084465594036,-33.66938143724586,0.8770710212265235,0.34920631787713435,0.06909625969909768,3.529413348191483e-05,3.2100813571635487,6.392766931431554,nan,0.08605550816826532,nan
209.85,211.03172302246094,-176.22731018066406,-33.66666793823242,211.78994997224743,-176.61535394332057,-33.67069641466979,0.8517642266152948,0.3491400542038356,0.06908817712846003,3.597965789557285e-05,3.0840160698424453,6.739216174582135,5.004618319432044,nan,nan
209.86,211.0231475830078,-176.2227325439453,-33.66788864135742,211.78141095562663,-176.61064792970845,-33.674425455405455,0.8517537312538872,0.3491908481523005,0.06910436746373248,3.526279291045144e-05,3.835420687807553,7.34224134645878,nan,4.055183001762767,nan
209.87,211.01455688476562,-176.21823120117188,-33.66908264160156,211.77290777024754,-176.60600560708392,-33.67574014126457,0.8517683826565804,0.3492417276266236,0.0691206188805024,3.596967084827289e-05,3.847002276176682,7.191149359024513,nan,nan,nan
209.88,211.0059814453125,-176.21383666992188,-33.670257568359375,211.7644017192032,-176.60145526653213,-33.67720894204611,0.851761592162189,0.3492926921437764,0.06913693114794439,3.525365455978429e-05,3.976272779581537,7.486764838449419,nan,0.021821263009135325,nan
209.89000000000001,210.99740600585938,-176.2095184326172,-33.67140579223633,211.7558980496799,-176.59699141192618,-33.67847981091402,0.8517602549860366,0.3493437424589793,0.0691533047772401,3.596063044825165e-05,3.988425604249308,7.275204256144414,nan,nan,nan
209.9,210.9888153076172,-176.20529174804688,-33.67253112792969,211.74450957694455,-176.5925777604111,-33.67968969061945,0.8491852148306559,0.34927739372067385,0.06914525968022667,3.52241641145352e-05,4.071541213129822,7.5330121006412325,0.4556950606334614,0.0007032144349321053,nan
209.91,210.98023986816406,-176.20114135742188,-33.67363357543945,211.73599998309876,-176.5882891648509,-33.68091556763104,0.8491818436197794,0.3493282251651529,0.06916164912928381,3.593038268699026e-05,4.083990805251025,7.2017442206132,nan,nan,nan
209.92000000000002,210.97164916992188,-176.19708251953125,-33.67471694946289,211.72749564487242,-176.5840794531358,-33.68170922386489,0.8491875012126537,0.349379141614855,0.06917809968344497,3.521676822300533e-05,3.9875579358975166,7.389359686025287,nan,0.11772226087912221,nan
209.93,210.96307373046875,-176.19309997558594,-33.675777435302734,211.71898515467507,-176.5799558601419,-33.682888921377966,0.8491820357823125,0.34943014375876086,0.069194611819149,3.592312910783522e-05,3.998546268888635,7.157219486445458,nan,nan,nan
209.94,210.95448303222656,-176.18919372558594,-33.676815032958984,211.7104907745679,-176.57589932612603,-33.6828008504591,0.8491906487828563,0.3494812312118355,0.06921118535691177,3.5210208352741964e-05,3.59986091978196,6.838083760701721,nan,1.0853371266624423,nan
209.95000000000002,210.94589233398438,-176.1853790283203,-33.677833557128906,211.71010098890142,-176.5832802371708,-33.68398048341936,0.8616136169755109,0.3494147979768796,0.06920317429197684,3.589464546712734e-05,3.928494108690126,6.944222988174959,10.041095325639782,nan,nan
209.96,210.93731689453125,-176.18162536621094,-33.6788330078125,211.70160068239267,-176.57943199365772,-33.684981105018004,0.8616365941205295,0.3494656663228052,0.0692197631448006,3.518323079536462e-05,3.9418166277202458,6.4415087891484415,nan,0.008120338618503522,nan
209.97,210.92872619628906,-176.17794799804688,-33.6798095703125,211.69309854582912,-176.57566040147108,-33.68606932822699,0.8616724604790327,0.3495166202610588,0.06923641379624758,3.5889050796627065e-05,3.9507810018677985,6.6729545471926635,nan,nan,nan
209.98000000000002,210.92013549804688,-176.17434692382812,-33.68077087402344,211.68460579210443,-176.57195496104805,-33.6863592617367,0.8617065694513225,0.34956765946624463,0.06925312609892956,3.51782392724892e-05,3.738189800433488,6.430370844382624,nan,0.42470394228576497,nan
209.99,210.9115447998047,-176.1708221435547,-33.68170928955078,211.67610254182466,-176.56832984219068,-33.68740280626965,0.8617385493815345,0.3496187845390592,0.06926990048181511,3.5884251238664744e-05,3.745169872792759,6.599814269431297,nan,nan,nan
210.0,210.9029541015625,-176.16737365722656,-33.6826286315918,211.67010936588954,-176.56472852695154,-33.68923286014138,0.8639801548146735,0.34955226629584146,0.06926191930159556,3.515280383337651e-05,4.047603079999246,7.0791247179522605,0.4538759154052425,0.544136287501002,nan
210.01,210.89437866210938,-176.1639862060547,-33.68353271484375,211.6616091434975,-176.56124107185573,-33.69024821218383,0.8640018158998071,0.3496031719930302,0.06927870845532763,3.5858148369902316e-05,4.056400706221376,6.690218954756676,nan,nan,nan
210.02,210.8857879638672,-176.16065979003906,-33.684417724609375,211.65314414034722,-176.55779302021142,-33.688204273280824,0.8640397224896731,0.34965416291168894,0.0692955595047334,3.514926133281053e-05,3.198660211645932,5.833964210989645,nan,6.478116617714275,nan
210.03,210.877197265625,-176.15740966796875,-33.68528366088867,211.64464206957157,-176.55444054734727,-33.68915545661403,0.8640717777400297,0.3497052395991143,0.0693124728493054,3.585483144784587e-05,3.200594232224923,6.0834341705186015,nan,nan,nan
210.04,210.8686065673828,-176.15420532226562,-33.686134338378906,211.6361476161557,-176.55114679741962,-33.68935671818385,0.8641135226232933,0.34975640180903256,0.06932944838528012,3.514641314895226e-05,3.0704192183020416,5.498174810506238,nan,0.37687781200669507,nan
210.05,210.86000061035156,-176.15109252929688,-33.68696594238281,211.6375683817902,-176.55182745883735,-33.690300360418284,0.874763534492322,0.34968979897778707,0.06932149347634657,3.5830181922137904e-05,3.1099273887897994,6.395248883753693,0.8838509438875319,nan,nan
210.06,210.85140991210938,-176.1480255126953,-33.687782287597656,211.6291007928677,-176.54865637599372,-33.68939027901077,0.8748204274468279,0.34974074157038376,0.0693384832318324,3.512304607342023e-05,2.865565747668566,5.577357135270718,nan,2.288108155500051,nan
210.07,210.8428192138672,-176.14501953125,-33.68858337402344,211.62061237636672,-176.5455629341492,-33.69025328175493,0.874871424741328,0.3497917698345496,0.06935553549482189,3.5828227888562116e-05,2.8621792414203506,5.548886887585283,nan,nan,nan
210.08,210.834228515625,-176.14207458496094,-33.68936538696289,211.61210569357812,-176.54254403067623,-33.69271506217183,0.8749170825031468,0.34984288357156934,0.06937265018845575,3.5121484111801466e-05,3.096255871208782,5.869138995458194,nan,1.8261045743753495,nan
210.09,210.82562255859375,-176.13906860351562,-33.69023895263672,211.6036155633372,-176.53950834445786,-33.69361727303454,0.8750065797491668,0.34989408325823634,0.06938982767237797,3.5826926602312164e-05,3.0896161885123155,6.0975907538883485,nan,nan,nan
210.1,210.81703186035156,-176.135986328125,-33.69120407104492,211.58878484647082,-176.53832816586927,-33.69216040645766,0.8703347290329425,0.34982739546067276,0.06938189487368066,3.509937323542237e-05,2.9243798406956896,5.223093411363616,2.7626623369820056,4.10959968951433,nan
210.11,210.8084259033203,-176.1328582763672,-33.69225311279297,211.58028101785956,-176.53517909463153,-33.69321830968681,0.8704155847951784,0.34987837526271415,0.06939908598968403,3.5804213215763145e-05,2.9183579099781154,5.842064775077288,nan,nan,nan
210.12,210.79983520507812,-176.12965393066406,-33.693389892578125,211.57177558248915,-176.53196719455673,-33.69444652466595,0.870487808675583,0.34992944048506963,0.06941633977090376,3.5098987663090495e-05,2.9188044805604108,5.4193768923200984,nan,0.004690708420658655,nan
210.13,210.79122924804688,-176.1263885498047,-33.69461441040039,211.56327023145207,-176.52869181147585,-33.69568132392247,0.8705724166966095,0.34998059156242994,0.06943365655257906,3.580411314471147e-05,2.9132548282612567,5.5553819932435635,nan,nan,nan
210.14000000000001,210.7826385498047,-176.12306213378906,-33.6959228515625,211.5547676582674,-176.52535143085413,-33.69664023349029,0.8706437579775962,0.35003182835855706,0.06945103629402273,3.5099165680597765e-05,2.8907464435388257,5.446830334676584,nan,0.09220998527090485,nan
210.15,210.77403259277344,-176.11968994140625,-33.69731903076172,211.55423725643215,-176.5216533909598,-33.69806791795941,0.8776642255463258,0.3499650558972511,0.06944312184391767,3.57825697277981e-05,2.798948085500284,5.976531701403209,1.9021973111961248,nan,nan
210.16,210.7654266357422,-176.11624145507812,-33.69879150390625,211.54572501785302,-176.5181987479584,-33.70156460135831,0.877748779830476,0.3500160725623469,0.06946051462088276,3.507871707591638e-05,2.997101881804762,6.003357408386228,nan,2.8350659125542217,nan
210.17000000000002,210.7568359375,-176.11273193359375,-33.70035171508789,211.537230930656,-176.51466877415518,-33.70315654960204,0.8778254019109396,0.3500671749891485,0.06947797060579637,3.5783562456042935e-05,2.9925568041882404,5.6773154241500645,nan,nan,nan
210.18,210.74822998046875,-176.10916137695312,-33.70199203491211,211.52874469063062,-176.5110726351265,-33.703901050145525,0.8779177162836723,0.3501183630784781,0.06949548977996747,3.5079924665483526e-05,2.8713632122193093,5.69642604994561,nan,0.6079960569477949,nan
210.19,210.7396240234375,-176.1055450439453,-33.70370864868164,211.52024949649203,-176.5074249493437,-33.70564798780625,0.8780019069346328,0.35016963721000904,0.06951307244601135,3.578507889297842e-05,2.866973746345527,6.072175935137293,nan,nan,nan
210.20000000000002,210.73101806640625,-176.10186767578125,-33.705509185791016,211.50521044231579,-176.4939403751191,-33.70582990285176,0.8678104282284008,0.35010277981267035,0.06950517216810866,3.5060475581465884e-05,2.524920096892683,5.9249272978593215,6.581008218956464,1.9762352481737462,nan
210.21,210.722412109375,-176.09812927246094,-33.7073860168457,211.49670579906433,-176.49014382580464,-33.707720972369735,0.8678745532167534,0.35015383354673074,0.06952276724028882,3.576507215728571e-05,2.519891937282015,5.872701673518154,nan,nan,nan
210.22,210.71380615234375,-176.09432983398438,-33.7093391418457,211.48820064499296,-176.48629115465812,-33.709718816448216,0.8679404652984748,0.35020497288450997,0.06954042572664634,3.5062614744371345e-05,2.5158007886639004,5.807722593788325,nan,0.0005540487078877669,nan
210.23000000000002,210.70521545410156,-176.09048461914062,-33.71137237548828,211.4796954350139,-176.48238242066915,-33.71176687513827,0.867988066338953,0.35025619817327586,0.06955814791010383,3.576753800616537e-05,2.5108444682000526,5.793726445674654,nan,nan,nan
210.24,210.6966094970703,-176.08657836914062,-33.713478088378906,211.47118243010928,-176.47842476877548,-33.714813726213634,0.8680487390877403,0.3503075093620095,0.0695759338012003,3.5065200855322944e-05,2.552252605476419,5.946009809258742,nan,0.5975997953040604,nan
210.25,210.68800354003906,-176.08262634277344,-33.71561813354492,211.48128255952324,-176.486561291761,-33.71687292356252,0.8902003259184705,0.350240567240128,0.06956804380850241,3.574845078615235e-05,2.7428322649032655,6.057449312397374,6.6675907884446275,nan,nan
210.26,210.6793975830078,-176.07861328125,-33.717750549316406,211.47280617563788,-176.48251941950238,-33.719074723403125,0.8903028230968358,0.3502916578678228,0.0695858415258235,3.6467127252514835e-05,2.7418194056240277,5.974328385399918,nan,nan,nan
210.27,210.67079162597656,-176.07455444335938,-33.71986389160156,211.46432985878837,-176.4784244626736,-33.72126325291902,0.8904020876250531,0.3503428342694758,0.06960370308261273,3.7200250679676415e-05,2.7411389214922774,5.999123166562144,nan,nan,nan
210.28,210.6621856689453,-176.0704345703125,-33.72193908691406,211.45584964615603,-176.4742803762478,-33.7239543939827,0.8905043543723093,0.3503940965024046,0.06962162856237858,3.6412647891801694e-05,2.7950796337047,6.031308468339009,nan,0.18269137194253898,nan
210.29,210.65357971191406,-176.06626892089844,-33.72397994995117,211.44737352416286,-176.47008109739315,-33.72608764061654,0.8906050373817842,0.350445444885326,0.06963961823132568,3.714439803417714e-05,2.798031039317845,6.086147567219455,nan,nan,nan
210.3,210.6449737548828,-176.0620574951172,-33.72598648071289,211.40595663298572,-176.44478476952227,-33.728301470562435,0.8518101117721799,0.3503784178429574,0.0696317343269442,3.633726851133248e-05,2.4909144991359917,6.144425816414245,17.472291951214917,0.020652874767188724,nan
210.31,210.63638305664062,-176.0577850341797,-33.72794723510742,211.39742869579322,-176.44043218783153,-33.730361329988405,0.8518304625482354,0.35042954531196696,0.06964973509162738,3.7066803636239925e-05,2.4957866342266324,5.955995342601007,nan,nan,nan
210.32,210.62777709960938,-176.053466796875,-33.72987365722656,211.38889634894224,-176.43603305073955,-33.73300796844495,0.851862238984564,0.3504807585491874,0.06966779999563265,3.628641522339982e-05,2.604242927886754,6.167352515883139,nan,0.25578104773644694,nan
210.33,210.61917114257812,-176.04910278320312,-33.73176193237305,211.38036833794888,-176.43158070667556,-33.73499906605714,0.8518926054489374,0.35053205784661984,0.06968592928811411,3.7014738401977206e-05,2.611505055400681,6.255100717527625,nan,nan,nan
210.34,210.61056518554688,-176.044677734375,-33.733612060546875,211.37185545752322,-176.42706676901733,-33.73470294605928,0.8519304208981614,0.3505834432071817,0.0697041230127412,3.623733365777748e-05,2.356470193435171,5.713474275747302,nan,3.331332679510671,nan
210.35,210.60195922851562,-176.04022216796875,-33.73542404174805,211.35867046627808,-176.42247858189106,-33.736687481284434,0.847781492850721,0.3505163313996252,0.0696962412144227,3.694113098382855e-05,2.3934050344285054,6.1432394228703835,0.8259828476421187,nan,nan
210.36,210.59335327148438,-176.03570556640625,-33.73720169067383,211.35013350654125,-176.4178868280043,-33.73871269755628,0.8478096036441328,0.35056749559260203,0.06971444535260755,3.616760377306252e-05,2.408389028648732,5.776949214288033,nan,0.017591638307684326,nan
210.37,210.58474731445312,-176.03114318847656,-33.73894500732422,211.3415978503917,-176.4132467507249,-33.74054140768032,0.847837492994673,0.3506187457569513,0.06973271407586751,3.689280630006589e-05,2.4093972636554133,5.7790117448246825,nan,nan,nan
210.38,210.57615661621094,-176.0265350341797,-33.74065017700195,211.33305618831278,-176.4085649763275,-33.74332851624833,0.847850819688548,0.3506700819182826,0.06975104744267771,3.6122097291954065e-05,2.534070179799044,5.900974473764291,nan,0.6520972513877857,nan
210.39000000000001,210.5675506591797,-176.02188110351562,-33.74232482910156,211.32452067118143,-176.40383181089913,-33.74509977832069,0.8478783180880693,0.35072150433481425,0.06976944568017114,3.6846302210908844e-05,2.5395466724354288,5.92935650632669,nan,nan,nan
210.4,210.55894470214844,-176.01719665527344,-33.74396514892578,211.30163289713266,-176.3959842230039,-33.7450921453966,0.8337068109096426,0.350654307625609,0.06976156177207798,3.605609383764435e-05,2.382553479941416,6.08119194136158,3.629268954981913,2.467062512017638,nan
210.41,210.5503387451172,-176.012451171875,-33.74557113647461,211.29307313679908,-176.391163300014,-33.74678309236543,0.8337138126621886,0.35070550860848276,0.06977996971330575,3.677846252052211e-05,2.3822322820310267,5.739029615070384,nan,nan,nan
210.42000000000002,210.54173278808594,-176.00765991210938,-33.74714660644531,211.2845179957986,-176.3862939690279,-33.74765697193928,0.8337229002062175,0.35075679552007516,0.06979844250507497,3.601409195667788e-05,2.344554372241896,5.617012295586821,nan,0.4109891329926498,nan
210.43,210.53314208984375,-176.00283813476562,-33.748687744140625,211.27595879670872,-176.38138434635425,-33.74927772644621,0.8337111264610444,0.35080816859948155,0.06981698036175793,3.673560096972394e-05,2.3416010679618564,5.913878726483027,nan,nan,nan
210.44,210.5245361328125,-175.99795532226562,-33.75020217895508,211.2674039200772,-176.3764277266816,-33.75011683702176,0.8337229261230584,0.3508596279008214,0.06983558336082957,3.597379210623418e-05,2.327512625049818,5.478670078722844,nan,0.3772228576699908,nan
210.45000000000002,210.51593017578125,-175.9930419921875,-33.751686096191406,211.26135556471263,-176.365899940799,-33.751678322425136,0.8334758906931353,0.350792346390639,0.06982769327408091,3.6671528927495e-05,2.1721850876160693,5.989787087231623,4.196874936103078,nan,nan
210.46,210.50733947753906,-175.98809814453125,-33.753135681152344,211.25279039041934,-176.36085467293285,-33.75568492552068,0.8334572524292356,0.35084358400136045,0.0698463052539536,3.5913140711220494e-05,2.3482961457354157,6.1180094507053076,nan,4.1256036210155544,nan
210.47,210.4987335205078,-175.9832000732422,-33.75456237792969,211.24423811760843,-176.3558026527306,-33.75720640096535,0.8334367266909898,0.35089490769308906,0.06986498249013669,3.663221208668773e-05,2.3523443655026806,6.3062364289824995,nan,nan,nan
210.48000000000002,210.49012756347656,-175.9783477783203,-33.75595474243164,211.23568487216752,-176.3508025468068,-33.75896900839861,0.8334190668026177,0.3509463175359427,0.06988372507102188,3.587621965173988e-05,2.4090810903564552,6.042922252271195,nan,0.048486404192292505,nan
210.49,210.48153686523438,-175.9735870361328,-33.75732421875,211.22713322716436,-176.34587459927053,-33.760438496460566,0.833379663368327,0.3509978137451675,0.0699025331947231,3.659461155218488e-05,2.414898717284039,6.035874536404661,nan,nan,nan
210.5,210.47293090820312,-175.9689178466797,-33.758663177490234,211.21053385436397,-176.3357119160145,-33.76188002486873,0.8237756633886518,0.350930447348319,0.06989463270087111,3.581903626316197e-05,2.359673160674614,6.46777303866084,1.0736949930132056,7.722977498848707e-05,nan
210.51,210.46434020996094,-175.96434020996094,-33.759979248046875,211.20197014627894,-176.3309426618253,-33.763296989764086,0.8237149313176043,0.35098172160108737,0.0699134490575311,3.653590965188629e-05,2.366011460646175,6.287067789184708,nan,nan,nan
210.52,210.4557342529297,-175.9598388671875,-33.76126480102539,211.19339933096887,-176.32626912514533,-33.766310719164444,0.8236785553815674,0.35103308193239074,0.0699323309569733,3.578538348970141e-05,2.770451567456062,6.5878953952513255,nan,1.776069570941623,nan
210.53,210.44712829589844,-175.95542907714844,-33.76252746582031,211.18483568317026,-176.32167845401284,-33.76769325676171,0.8236367407328529,0.35108452854422345,0.06995127858805833,3.6501692832189835e-05,2.7842443237046526,6.566301319609398,nan,nan,nan
210.54,210.43853759765625,-175.95111083984375,-33.763763427734375,211.17627454225223,-176.31717362994647,-33.7684425951743,0.8235773553999216,0.3511360615264903,0.06997029205297585,3.57533105156937e-05,2.659823127478267,6.468279141505926,nan,0.250564964753356,nan
210.55,210.429931640625,-175.94688415527344,-33.764976501464844,211.19454808522005,-176.32364188444788,-33.76982261219392,0.8524131501959921,0.3510686103064323,0.0699623770162808,3.644644322898185e-05,2.7878093331129765,6.739833698401368,6.254777415223717,nan,nan
210.56,210.42132568359375,-175.94273376464844,-33.76616668701172,211.18603394366514,-176.31932144442845,-33.76964091564328,0.8524136753056515,0.3511199210725417,0.06998139795211097,3.570103988847457e-05,2.476150730558198,6.168041782027363,nan,1.5002961144813254,nan
210.57,210.41273498535156,-175.93865966796875,-33.767330169677734,211.1775135674169,-176.31508962420577,-33.77090908586046,0.85240753174729,0.3511713180336197,0.0700004848054579,3.641547956488222e-05,2.4846656933003466,5.979091730951698,nan,nan,nan
210.58,210.4041290283203,-175.93467712402344,-33.768470764160156,211.16898505145795,-176.31094681220156,-33.77428476693416,0.8524185691312959,0.35122280129044375,0.07001963768628132,3.5672060923004366e-05,3.0751827074815985,6.925406048879783,nan,3.081528553253725,nan
210.59,210.39553833007812,-175.93077087402344,-33.769588470458984,211.16046426568664,-176.30687718553008,-33.77552943663162,0.8524100771346873,0.3512743710287771,0.07003885677185365,3.6386084504583866e-05,3.0924616682802464,6.710259303458633,nan,nan,nan
210.6,210.38693237304688,-175.92694091796875,-33.77068328857422,211.15151606899025,-176.30829824349516,-33.77659187853571,0.8544334668483062,0.35120683493639265,0.07003092295252435,3.5622927119304456e-05,3.214072352976063,6.629397349119165,2.838852859054777,0.012046375920058252,nan
210.61,210.37832641601562,-175.92318725585938,-33.771759033203125,211.14299201507757,-176.30440605209674,-33.777791950482346,0.8544458116722914,0.3512581821926922,0.07005014872440747,3.6335692899505734e-05,3.230275242942853,6.541133247978848,nan,nan,nan
210.62,210.36972045898438,-175.9195098876953,-33.77281188964844,211.13446502883042,-176.30059162031463,-33.77973400633998,0.8544620879504526,0.3513096156685446,0.07006944071334324,3.559690731024362e-05,3.569272735532792,6.934518852055373,nan,0.39687653101232073,nan
210.63,210.3611297607422,-175.91590881347656,-33.773841857910156,211.12594015143327,-176.29684888481682,-33.780900717780604,0.8544589511289821,0.3513611355409095,0.07008879909015737,3.630935160250014e-05,3.5901844922727886,6.940631900714075,nan,nan,nan
210.64000000000001,210.35252380371094,-175.91236877441406,-33.77485656738281,211.11741755988078,-176.293176178497,-33.781154685019885,0.8544684918226987,0.3514127419237313,0.07010822397443815,3.557231240423069e-05,3.3278573220068957,6.385949199053976,nan,0.5450271276303646,nan
210.65,210.3439178466797,-175.90892028808594,-33.77584457397461,211.10665066546716,-176.288897502709,-33.78225734201778,0.852164984074187,0.351345120998522,0.07010026718757212,3.626204088130571e-05,3.3393338297098207,7.061561968690936,0.0560352645375869,nan,nan
210.66,210.33531188964844,-175.905517578125,-33.776817321777344,211.09812536445517,-176.28536315056496,-33.78168264669192,0.8521682507788529,0.35139650463734107,0.07011969795864088,3.552756807416407e-05,2.866561613789989,5.897049265162699,nan,1.9209141659462419,nan
210.67000000000002,210.3267059326172,-175.90219116210938,-33.77777099609375,211.08959446121216,-176.28190156967165,-33.78274751089433,0.8521758424013591,0.3514479745877149,0.07013919529766514,3.623860458234757e-05,2.878568984570867,6.07069658193266,nan,nan,nan
210.68,210.31809997558594,-175.89894104003906,-33.77870178222656,211.08106130605682,-176.2785083607642,-33.784329936941305,0.8521813298129997,0.351499530970621,0.07015875932951486,3.550573065346896e-05,3.082035302126066,6.605630872875385,nan,0.19683936660715604,nan
210.69,210.3094940185547,-175.89573669433594,-33.77961730957031,211.0725288557262,-176.27517949498028,-33.785364175792786,0.8521924830515486,0.35155117395250385,0.07017839021712673,3.621656422986675e-05,3.09700859607554,6.064906351542576,nan,nan,nan
210.70000000000002,210.30088806152344,-175.89260864257812,-33.780513763427734,211.0512675416841,-176.27228610147233,-33.78728060067129,0.8409935357211884,0.3514834681712393,0.07017040621431388,3.5463753344356314e-05,3.5476363454401696,6.535794543215857,3.667933604449077,0.6354121441037394,nan
210.71,210.2922821044922,-175.88954162597656,-33.78139114379883,211.04271096822717,-176.26909866633608,-33.788288666768,0.8409843055825479,0.3515348881430077,0.07019004216864977,3.617353829726199e-05,3.566346368408388,6.544855809140005,nan,nan,nan
210.72,210.28367614746094,-175.88653564453125,-33.78225326538086,211.007244489363,-176.24010530598446,-33.789212386505696,0.8053639427425654,0.3466203296132568,0.06562078847069285,3.54441898380594e-05,3.51871974146275,6.414390997747199,nan,0.003853090913365362,0.14581290607502317
210.73000000000002,210.2750701904297,-175.8835906982422,-33.78309631347656,210.99869385755872,-176.23701680990294,-33.790187058342866,0.805351790645347,0.34667469492453795,0.065632254491693,3.615384021868296e-05,3.5367689082827227,6.491045806407641,nan,nan,nan
210.74,210.26644897460938,-175.88070678710938,-33.7839241027832,210.9901147530163,-176.2339573698888,-33.79032258710716,0.8053068195867503,0.3467291444706546,0.06564377823322892,3.542622814234501e-05,3.295353125919553,6.358195632287938,nan,0.46680263012363626,nan
210.75,210.25784301757812,-175.87786865234375,-33.784732818603516,210.9698132333483,-176.2238451109039,-33.79125570945851,0.791608391900169,0.3466553096512253,0.06563481437768309,3.611351147351617e-05,3.2075822145546153,6.159667273475327,2.842409140356994,nan,nan
210.76,210.24923706054688,-175.87509155273438,-33.785526275634766,210.96126290642002,-176.22093754324905,-33.792914922553244,0.7916090237293454,0.3467095248985063,0.06564637714005374,3.538809043139589e-05,3.566138682259962,6.574455555013456,nan,0.3780007143773996,nan
210.77,210.24061584472656,-175.87237548828125,-33.78630447387695,210.95268717329859,-176.21805959488998,-33.79382651229775,0.7915804820725464,0.3467638273983224,0.06565800153655033,3.6096700835806924e-05,3.5848505982789423,6.770061995376028,nan,nan,nan
210.78,210.2320098876953,-175.86959838867188,-33.787174224853516,210.94406370195153,-176.21512485022902,-33.79333623462428,0.7914841378053317,0.3468182141516334,0.06566968405905887,3.537252646093576e-05,3.0862727275643658,6.296996174402693,nan,1.432991441163437,nan
210.79,210.223388671875,-175.86672973632812,-33.78813171386719,210.93548676355277,-176.21217303509306,-33.79436235565556,0.7914882094698706,0.3468726883979437,0.0656814284315064,3.608110278262228e-05,3.0847579456692413,5.888154931862623,nan,nan,nan
210.8,210.21478271484375,-175.8638153076172,-33.78917694091797,210.9142826785023,-176.2079807205923,-33.7956210633728,0.7796098751047618,0.3467987670972094,0.06567259746100641,3.5336773440458925e-05,3.237899857627541,6.183153954496786,3.0045540460875144,0.02201438181766585,nan
210.81,210.20616149902344,-175.86082458496094,-33.79030990600586,210.90568727350077,-176.20490930605376,-33.796826182339885,0.7795980158420799,0.3468530066566565,0.06568438038312639,3.60444653813799e-05,3.2364223517705337,6.010545268204931,nan,nan,nan
210.82,210.1975555419922,-175.85777282714844,-33.791526794433594,210.89711833827468,-176.20180133628813,-33.79897080745848,0.7796147345794414,0.34690733048670286,0.06569622182619633,3.532345796562454e-05,3.622796042968312,6.456933896401167,nan,0.5032899556648517,nan
210.83,210.18893432617188,-175.8546600341797,-33.79283142089844,210.88852188771216,-176.1986002078363,-33.80035808247355,0.7795987749806257,0.34696174163930854,0.06570812522367027,3.6031175458211065e-05,3.6218251521047273,6.518138299890512,nan,nan,nan
210.84,210.18031311035156,-175.8514862060547,-33.794219970703125,210.87999352458962,-176.19540813412786,-33.80402851839399,0.7796994179077698,0.3470162373989234,0.06572008749959653,3.531121896399884e-05,4.769581952247843,7.723013768546325,nan,3.348992330488626,nan
210.85,210.1717071533203,-175.84825134277344,-33.795692443847656,210.89901473697066,-176.1936106550824,-33.80557689234281,0.8052000236934181,0.3469422330893001,0.06571138858060246,3.599682532152741e-05,4.628245503131739,8.063317008772403,16.293838415695696,nan,nan
210.86,210.1630859375,-175.84494018554688,-33.797245025634766,210.8904080096796,-176.19013992165307,-33.80578039033075,0.8051292485917354,0.34699649386755693,0.06572338905636273,3.527872774961545e-05,3.975358137417689,7.224559046016148,nan,1.4792187164766,nan
210.87,210.1544647216797,-175.84158325195312,-33.79887771606445,210.88184567312203,-176.18665485118916,-33.80751123032244,0.8051285578644722,0.3470508417987436,0.06573545159422697,3.5985689554699475e-05,3.9775728051415795,7.618120438225001,nan,nan,nan
210.88,210.14584350585938,-175.83815002441406,-33.800594329833984,210.87323469438897,-176.18305833161452,-33.80772373083301,0.8050531099778355,0.3471052743509138,0.06574757339129167,3.526852627749977e-05,3.3437537450611505,6.4915062035264075,nan,1.7797421570058765,nan
210.89000000000001,210.13722229003906,-175.8346710205078,-33.80238723754883,210.86467188571714,-176.17945222282654,-33.80960107573097,0.8050521915912467,0.34715979429857546,0.06575975747450456,3.597558369630637e-05,3.3451364960829775,6.911066269634247,nan,nan,nan
210.9,210.1286163330078,-175.8311309814453,-33.80426025390625,210.86376426039865,-176.18277220175736,-33.814220933545705,0.8149805139440296,0.34708570467964867,0.06575118317322245,3.523804563847644e-05,4.821639689256447,7.887211501721937,3.5085030847794907,4.927406637172438,nan
210.91,210.1199951171875,-175.82752990722656,-33.806209564208984,210.85521711964861,-176.1790723056107,-33.8162833871316,0.8150060936415632,0.3471399892641939,0.06576340493997083,3.594434366064829e-05,4.825486492799092,7.958289369211686,nan,nan,nan
210.92000000000002,210.1113739013672,-175.82386779785156,-33.80823516845703,210.84665135375403,-176.17529563240058,-33.81779344035877,0.8150005002734888,0.34719435848087044,0.0657756863356681,3.52297372064822e-05,4.591671119141925,7.636161721801445,nan,0.2767827257870345,nan
210.93,210.10275268554688,-175.8201446533203,-33.810340881347656,210.83810386740694,-176.17148089821816,-33.820004673701455,0.8150287765009153,0.347248814925945,0.06578803013209189,3.593617663916402e-05,4.593461584606404,7.422413880803221,nan,nan,nan
210.94,210.09413146972656,-175.81637573242188,-33.81247329711914,210.82958222936057,-176.1676363239449,-33.82317052818098,0.8150989226809988,0.3473033563366006,0.06580043390637835,3.522233329645253e-05,5.239639409066802,8.455506704327686,nan,0.5636901939149318,nan
210.95000000000002,210.08551025390625,-175.8125457763672,-33.814605712890625,210.83980208193773,-176.16548199637364,-33.82551922071635,0.8328500716699162,0.34722918441750883,0.06579198256325719,3.590684361428827e-05,5.26267808888175,8.581290934982249,6.093366812851705,nan,nan
210.96,210.07688903808594,-175.80865478515625,-33.81671142578125,210.83128207157236,-176.16148324619283,-33.82786048694727,0.832899197655498,0.3472834901727338,0.06580442360850483,3.5194571428961456e-05,5.474234390897666,8.705594407924483,nan,0.0027646602447630435,nan
210.97,210.0682830810547,-175.80471801757812,-33.81878662109375,210.82276021472182,-176.1574281200359,-33.830112485135025,0.8329276299887205,0.34733788299118057,0.06581692717259811,3.590046938619897e-05,5.512158755789032,8.729407805102804,nan,nan,nan
210.98000000000002,210.05966186523438,-175.8007354736328,-33.820823669433594,210.81423837719285,-176.15331906027038,-33.83233102376048,0.8329665762617569,0.3473923618776693,0.0658294922077668,3.6620682705488216e-05,5.551567238937713,9.106432815733628,nan,nan,nan
210.99,210.05104064941406,-175.79669189453125,-33.82282257080078,210.80571663536733,-176.14915652413848,-33.83451316688957,0.8330089008741806,0.3474469269767002,0.06584211885851106,3.735535588702921e-05,5.590932946319989,8.931682172660889,nan,nan,nan
211.0,210.04241943359375,-175.79258728027344,-33.82478332519531,210.80815045726047,-176.1561511714811,-33.83814212341339,0.8477624437810195,0.34737267081512985,0.0658337834463525,3.6534029277870214e-05,6.989140980787279,9.730704049167821,9.50924351950178,1.3484738626216866,nan
211.01,210.03379821777344,-175.78843688964844,-33.82670593261719,210.79965264199012,-176.15192351278458,-33.84026457015577,0.8478439484616762,0.3474269998847778,0.06584644680831092,3.726625160317502e-05,7.034093098018922,9.875130701427715,nan,nan,nan
211.02,210.02517700195312,-175.78424072265625,-33.828590393066406,210.79117895697695,-176.14766827295605,-33.84324761037989,0.847970172492295,0.347481413850395,0.06585917076623078,3.647256280771968e-05,7.987813100896658,10.915336213332163,nan,0.5233293562903305,nan
211.03,210.01657104492188,-175.7799835205078,-33.83043670654297,210.7826815241442,-176.14333799871812,-33.84530487209677,0.8480405683436951,0.3475359150427925,0.06587195768194598,3.7203357145035025e-05,8.036316237138145,10.590316462379077,nan,nan,nan
211.04,210.00794982910156,-175.77569580078125,-33.83224868774414,210.7741853646114,-176.1389584931423,-33.847369666863756,0.8481186966156323,0.347590501466957,0.06588480554048842,3.641333098270341e-05,8.369791982472567,11.401238756938866,nan,0.0012386731372800582,nan
211.05,209.99932861328125,-175.77133178710938,-33.834022521972656,210.7443102487423,-176.126457861958,-33.84938281304141,0.8254381289674668,0.3475161638093899,0.06587658385371228,3.7119251625559176e-05,8.371752486248043,10.802033863912412,3.7089367778046447,nan,nan
211.06,209.99070739746094,-175.76693725585938,-33.835758209228516,210.73576473214038,-176.12195498655723,-33.85080744264296,0.8254541177411696,0.3475705139188146,0.0658894679560281,3.633376991218333e-05,8.24519339096269,11.09818633832916,nan,0.18193943668388773,nan
211.07,209.9821014404297,-175.7624969482422,-33.83746337890625,210.72723296628027,-176.11741694365492,-33.852720285403535,0.8254828690869691,0.347624951084173,0.06590241513180212,3.706104787392431e-05,8.28910131192806,10.95431554652755,nan,nan,nan
211.08,209.97348022460938,-175.75799560546875,-33.839134216308594,210.71870145518307,-176.11283077092136,-33.85460007086163,0.8255312651841872,0.3476794744474463,0.06591542453299629,3.780283931352111e-05,8.33230128169879,10.829007399782304,nan,nan,nan
211.09,209.96485900878906,-175.75344848632812,-33.84077072143555,210.71017011454174,-176.10819708647907,-33.856447283722225,0.825579171413898,0.3477340841531346,0.06592849630411082,3.855928873117372e-05,8.374970951609018,10.892612223987149,nan,nan,nan
211.1,209.9562530517578,-175.74887084960938,-33.842376708984375,210.716676608687,-176.1127211092552,-33.859527893115384,0.8431637803501081,0.34765966333172654,0.0659203816027866,3.765960822865029e-05,9.934640815078302,12.416048920767091,4.499867227217952,1.1068675210849872,nan
211.11,209.9476318359375,-175.74423217773438,-33.84394836425781,210.70817308884483,-176.1080182076342,-33.86132339422116,0.8432467993359638,0.3477140363516129,0.06593348900979881,3.841208542500837e-05,9.979497905948769,12.32079607212217,nan,nan,nan
211.12,209.9390106201172,-175.7395477294922,-33.845489501953125,210.69959877307133,-176.10319971017628,-33.86013116412905,0.8431793876399813,0.3477684945436615,0.06594665796182322,3.754488735638226e-05,7.826821486621755,10.123596814430865,nan,5.34967396172254,nan
211.13,209.93040466308594,-175.7348175048828,-33.84699630737305,210.69109584603163,-176.0984055135637,-33.86183644861161,0.8432482111809271,0.3478230399433182,0.06595989041677965,3.829453368704829e-05,7.864639664608243,10.05409118235642,nan,nan,nan
211.14000000000001,209.92178344726562,-175.73011779785156,-33.84847640991211,210.68255691047491,-176.09356351131277,-33.86196766586153,0.8432384377765715,0.34787767085027327,0.06597318475884473,3.743429698100794e-05,6.9717496705149395,9.424533576053147,nan,1.4684489088283013,nan
211.15,209.91317749023438,-175.7254638671875,-33.84992599487305,210.6778706563278,-176.0978407382931,-33.86347639887147,0.8506490380015077,0.3478031693135924,0.06596517430485664,3.8156604212243455e-05,7.106435702867897,8.867581349266032,8.951523982980477,nan,nan
211.16,209.90455627441406,-175.72088623046875,-33.851348876953125,210.66941808848424,-176.09321206891076,-33.86670203399801,0.8508089350879583,0.34785756325347156,0.06597850375953726,3.730420847148464e-05,8.60836145700171,10.502117549276376,nan,1.6359938413373414,nan
211.17000000000002,209.8959503173828,-175.71640014648438,-33.85274124145508,210.66092841224508,-176.0886248081841,-33.86829159168475,0.8508727859021329,0.3479120442303109,0.06599189683556479,3.804772436906319e-05,8.640019296181121,10.59008046915351,nan,nan,nan
211.18,209.8873291015625,-175.7119903564453,-33.85410690307617,210.65242629912814,-176.0841083509243,-33.8692855424011,0.8509265036591703,0.34796661071915297,0.06600535212226066,3.720183222617842e-05,8.472581040630864,10.376809750938236,nan,0.20144463340224583,nan
211.19,209.87872314453125,-175.70767211914062,-33.855445861816406,210.64393716965873,-176.07968951356,-33.87081577570763,0.8509909989273673,0.34802126449130183,0.06601887127125161,3.7942987982080245e-05,8.500670808859056,10.340369589208533,nan,nan,nan
211.20000000000002,209.87010192871094,-175.70343017578125,-33.85675811767578,210.62679061814146,-176.06905173198643,-33.872175647724866,0.8405323285316221,0.3479466809358029,0.06601095867496677,3.708016682197018e-05,8.581412606865092,10.471752712244804,2.6266251978862987,0.0007694936715750278,nan
211.21,209.8614959716797,-175.69927978515625,-33.8580436706543,210.6182852643103,-176.06478415513206,-33.87365222474581,0.8405754605462649,0.3480010973754917,0.06602451228464372,3.781817336601791e-05,8.608263037324562,10.500183996870247,nan,nan,nan
211.22,209.85287475585938,-175.69520568847656,-33.85930252075195,210.60978054694627,-176.06060029827876,-33.875131351996494,0.840636752320491,0.34805559932465063,0.06603812841527704,3.6985691318151866e-05,8.935840384030312,10.84392102215387,nan,0.0004734547025431742,nan
211.23000000000002,209.84426879882812,-175.6912078857422,-33.860538482666016,210.60127528558888,-176.05649761699792,-33.87655908242983,0.8406854752971179,0.3481101883959354,0.06605180853740808,3.7721629141313875e-05,8.961177139802466,10.61248879248882,nan,nan,nan
211.24,209.8356475830078,-175.6873016357422,-33.86174774169922,210.59279387842037,-176.05249771225354,-33.879103494756116,0.8407971866748912,0.348164863303413,0.06606555151093704,3.6894990192324364e-05,10.316732294601213,12.329586437387984,nan,0.8247915826438448,nan
211.25,209.82704162597656,-175.6834716796875,-33.86293411254883,210.59641199242807,-176.05577756345474,-33.88038548823608,0.854895889787064,0.3480901997359081,0.06605773341620173,3.7605167593322815e-05,10.348660713190414,12.085217176894144,3.000575232903679,nan,nan
211.26,209.81842041015625,-175.67970275878906,-33.86409378051758,210.5879066437038,-176.0519087224244,-33.88070869338841,0.854939996908915,0.3481446370266485,0.06607151026656012,3.678519688948826e-05,9.750332461367087,11.389612305661,nan,0.6942773441326145,nan
211.27,209.809814453125,-175.676025390625,-33.865234375,210.57942256666018,-176.04813566363498,-33.88204238184941,0.8550118202650753,0.34819916128389755,0.06608535124273258,3.751646591434524e-05,9.77161439462921,11.48559730637289,nan,nan,nan
211.28,209.8011932373047,-175.6724090576172,-33.86635208129883,210.57092470084183,-176.04442434746682,-33.88268097221849,0.855072239357353,0.3482537713649543,0.06609925536399895,3.6701920250832764e-05,9.501955054174712,11.131134644013837,nan,0.2903785729090231,nan
211.29,209.79257202148438,-175.66888427734375,-33.86744689941406,210.56243988529755,-176.04079837972537,-33.88396445803552,0.8551546392468462,0.34830846866678467,0.06611322386277343,3.743150450053373e-05,9.521317387904952,11.482717805950687,nan,nan,nan
211.3,209.78396606445312,-175.6654052734375,-33.8685188293457,210.53625711621683,-176.03283043463315,-33.88547124792215,0.8373950442527032,0.34823372418064474,0.06610549423602295,3.659965416133876e-05,10.075495968708296,11.325816344290976,2.8522334161020386,0.018760032722802283,nan
211.31,209.7753448486328,-175.66201782226562,-33.86956787109375,210.52774420372828,-176.02934755291068,-33.88671607522563,0.8374544653106726,0.3482881835131209,0.06611949592327836,3.7326758417399705e-05,10.096703422238164,11.838671016103921,nan,nan,nan
211.32,209.7667236328125,-175.65869140625,-33.87059783935547,210.51922502082286,-176.02592768752703,-33.887629144825276,0.8375027705086736,0.3483427286507329,0.06613356103781771,3.652346133430428e-05,10.156087895210337,11.749957420980058,nan,0.06281722625811298,nan
211.33,209.75811767578125,-175.65542602539062,-33.87160873413086,210.51071143541225,-176.0225802451167,-33.888830906306204,0.8375536945847828,0.34839736086152295,0.06614769067236667,3.7249117476926565e-05,10.172660656097815,11.531032118868843,nan,nan,nan
211.34,209.74949645996094,-175.6522216796875,-33.872596740722656,210.5021543981982,-176.01925925688042,-33.887698281163225,0.8375193201275375,0.34845207919697285,0.06616188405508282,3.645064589068855e-05,8.462381883188971,9.878700557404779,nan,3.4830213674014234,nan
211.35,209.74087524414062,-175.6490936279297,-33.873565673828125,210.5020220544262,-176.02208398021742,-33.888898843467466,0.8477625704162727,0.34837725543712483,0.06615423904962212,3.7151757995607434e-05,8.627353148407,10.163389461144451,2.017477348138266,nan,nan
211.36,209.7322540283203,-175.64601135253906,-33.874515533447266,210.49350890215766,-176.0189349684858,-33.8892715309596,0.8478199960690311,0.348431735517039,0.06616846498013103,3.635890224218728e-05,8.28373288398583,9.544586111694029,nan,0.36812959544172563,nan
211.37,209.72364807128906,-175.64300537109375,-33.875450134277344,210.48500881571462,-176.01586022652896,-33.89036948140117,0.8478876772854129,0.3484863025272028,0.06618275557666708,3.708107170301848e-05,8.29362705833624,9.622131707652157,nan,nan,nan
211.38,209.71502685546875,-175.6400604248047,-33.87636184692383,210.476532512204,-176.0128682856276,-33.892835901926574,0.8480259198983009,0.3485409556348509,0.06619711018936493,3.629266637250522e-05,9.764595713068141,11.245042631107298,nan,1.2601656249517998,nan
211.39000000000001,209.70640563964844,-175.6371612548828,-33.877254486083984,210.46803113956256,-176.00991391635472,-33.89391225845594,0.8481128640306168,0.3485956959337736,0.06621152972857741,3.701369580020252e-05,9.779478408081298,11.050245439373315,nan,nan,nan
211.4,209.69778442382812,-175.6343231201172,-33.87813186645508,210.48856472059916,-176.01147145017563,-33.89436543831551,0.876263584478155,0.3485207923157069,0.06620396357641484,3.620752847090965e-05,9.51581075725711,11.20285555584402,9.214977398807777,0.2605287135003651,nan
211.41,209.6891632080078,-175.6315460205078,-33.878990173339844,210.4801047777138,-176.00861675774027,-33.89540233013386,0.8763790655056852,0.34857529401807463,0.06621841493809577,3.6926613724485585e-05,9.528442477714826,11.285368359255187,nan,nan,nan
211.42000000000002,209.6805419921875,-175.6288299560547,-33.87983322143555,210.4716168882694,-176.0057938018095,-33.894791463155705,0.8764273964297395,0.3486298817853059,0.06623293057391934,3.614752292623355e-05,8.420300740421968,10.251016484163404,nan,1.7595454697868322,nan
211.43,209.6719207763672,-175.62615966796875,-33.88066101074219,210.46315576937283,-176.00304971206057,-33.89577992361048,0.8765429259417353,0.34868455660762737,0.06624751128827501,3.686565732730127e-05,8.427429999939392,10.098819929708622,nan,nan,nan
211.44,209.66329956054688,-175.62355041503906,-33.8814697265625,210.45468574375903,-176.0003519407011,-33.896238617596815,0.876635386499273,0.348739317808213,0.06626215658986875,3.609048161524525e-05,8.267246149787711,10.066404764588807,nan,0.17536210153549367,nan
211.45000000000002,209.6546630859375,-175.62098693847656,-33.882259368896484,210.45269051156336,-176.0050680323847,-33.8970500677577,0.885767928704536,0.3486643356839104,0.06625466506004729,3.6784993677024106e-05,8.293968613932694,10.054458273214475,4.309170639844581,nan,nan
211.46,209.6460418701172,-175.61846923828125,-33.88303756713867,210.44421113793385,-176.0024807683969,-33.896078523973195,0.8858380788292592,0.3487188580008232,0.06626934149001604,3.601450315229422e-05,7.065741888109821,8.54557576659889,nan,2.420757390375269,nan
211.47,209.63742065429688,-175.6160125732422,-33.8838005065918,210.43576124600102,-175.99997018389348,-33.89698000125666,0.8859711317075734,0.3487734672405151,0.06628408315270903,3.6730091219902565e-05,7.069162924372089,8.704995005627744,nan,nan,nan
211.48000000000002,209.62879943847656,-175.6134796142578,-33.88465118408203,210.42732503071537,-175.9974615391656,-33.89886112793594,0.8861642977577932,0.3488281628185434,0.06629888964845604,3.5963184568822215e-05,7.952770939602962,9.497975501947227,nan,0.5918296912802036,nan
211.49,209.6201629638672,-175.61087036132812,-33.88559341430664,210.41887371038885,-175.9948701198655,-33.89990119909401,0.8863404446777126,0.3488829455861097,0.06631376164455578,3.667806443446331e-05,7.917463089859995,9.526127535540374,nan,nan,nan
211.5,209.61154174804688,-175.6082000732422,-33.88662338256836,210.3957568301731,-175.98909723925615,-33.901055880108146,0.8719427980647277,0.34880788462937495,0.06630633916307259,3.58929018313107e-05,8.139492554112431,9.518968972806658,1.9256872341790765,0.0012978202643576936,nan
211.51,209.6029052734375,-175.60545349121094,-33.88773727416992,210.38728216194212,-175.98637072490322,-33.9022749020091,0.8720988388750274,0.34886242818280666,0.06632124152505849,3.660625905845078e-05,8.107537044562346,9.533762128873452,nan,nan,nan
211.52,209.5942840576172,-175.60264587402344,-33.88894271850586,210.3788031379521,-175.98357283716157,-33.90331861321148,0.8722282986717265,0.34891705802994993,0.06633620895716902,3.5846962103713235e-05,8.097241076850928,9.44520163278866,nan,0.04648990929168495,nan
211.53,209.5856475830078,-175.5997772216797,-33.890228271484375,210.37032729046706,-175.98071092986115,-33.904709176414855,0.8723774584059428,0.3489717749399313,0.06635124204798146,3.655975969400223e-05,8.065386857722274,9.659314082456278,nan,nan,nan
211.54,209.5770263671875,-175.59683227539062,-33.8916015625,210.36182251624862,-175.97775878271,-33.904165861762,0.8724493459082018,0.34902657845185553,0.0663663405157284,3.5803575789103506e-05,6.7367402859413446,8.009756625164899,nan,2.749653863264619,nan
211.55,209.56838989257812,-175.5938262939453,-33.89305877685547,210.2959487499,-175.94417967426006,-33.90565813562143,0.8076187998101465,0.34895143978034193,0.06635898255583018,3.649343516670704e-05,6.2940148945056835,7.896076887237897,41.69217841220049,nan,nan
211.56,209.5597686767578,-175.59075927734375,-33.894596099853516,210.2873696282121,-175.9410507278347,-33.907060489951384,0.8076277644216743,0.34900600379093333,0.06637411064513091,3.574112492916121e-05,6.288334417420771,7.862211215059876,nan,0.0333069001056703,nan
211.57,209.55113220214844,-175.58761596679688,-33.89621353149414,210.27879318295723,-175.93786018592058,-33.90876542154172,0.8076627179491187,0.34906065474083176,0.0663893045525279,3.64521101622689e-05,6.261196818989743,7.695583395692374,nan,nan,nan
211.58,209.54249572753906,-175.5844268798828,-33.89791488647461,210.27017828801095,-175.93457503457995,-33.90765467764481,0.8076016979828465,0.3491153922418056,0.06640456406349299,3.5702624955746324e-05,4.593409756994523,6.33772019627054,nan,5.692941400522476,nan
211.59,209.53387451171875,-175.58116149902344,-33.899696350097656,210.2616016560526,-175.93125836862458,-33.909493975316174,0.8076203366463295,0.34917021695366823,0.06641988966591979,3.641323756752042e-05,4.570188805727282,5.966184854709884,nan,nan,nan
211.6,209.52523803710938,-175.5778350830078,-33.901554107666016,210.26948683108304,-175.93052580315373,-33.91141937693834,0.8236469722800656,0.34909500044543645,0.06641259079191097,3.5644998728545794e-05,4.654945326637392,6.305714365678907,3.1332761553302486,0.005685404487537655,nan
211.61,209.5166015625,-175.574462890625,-33.90348815917969,210.26093427554525,-175.92707805993354,-33.91341882624888,0.823691242811427,0.3491495853351327,0.06642794521635104,3.63544136277417e-05,4.634746308246525,6.582560413670227,nan,nan,nan
211.62,209.5079803466797,-175.57101440429688,-33.90550231933594,210.252377193857,-175.92356612227982,-33.9151420963947,0.8237185837663218,0.34920425672100663,0.06644336546332913,3.561105702128978e-05,4.5293066098929495,6.050188853825933,nan,0.0856826490518037,nan
211.63,209.4993438720703,-175.5675048828125,-33.907588958740234,210.2438246880629,-175.9199980109367,-33.91729386225202,0.8237701596367292,0.3492590151988431,0.06645885196376353,3.632021362800751e-05,4.510832881076052,6.112673145459824,nan,nan,nan
211.64000000000001,209.49070739746094,-175.56394958496094,-33.90971374511719,210.2352580138402,-175.91635959527005,-33.918296649681864,0.8237852280586052,0.3493138604767666,0.06647440458853737,3.5579274096432555e-05,3.985706417016885,5.819895619917007,nan,0.9916236574686171,nan
211.65,209.48208618164062,-175.56033325195312,-33.91183090209961,210.21550938244906,-175.90214691873507,-33.920501159143114,0.8092103234884017,0.34923856706458495,0.06646716005116603,3.626598732146616e-05,3.849320778639106,5.830802489717639,5.820119819024637,nan,nan
211.66,209.47344970703125,-175.55665588378906,-33.91392517089844,210.206935935125,-175.89837108714394,-33.92271173958007,0.8092271194147191,0.3492931722338214,0.06648274070632915,3.5528223792527644e-05,3.9473044248895572,5.947566045605837,nan,8.885569793183917e-05,nan
211.67000000000002,209.46481323242188,-175.55291748046875,-33.91598892211914,210.19836264131195,-175.89453804831197,-33.92488461073608,0.8092456245989017,0.34934786437863685,0.066498387777038,3.6236128381116166e-05,3.9559626568779103,5.86016045060906,nan,nan,nan
211.68,209.45619201660156,-175.54913330078125,-33.91801834106445,210.18979938770218,-175.89065619501224,-33.927911567752446,0.8092685204253112,0.34940264326334664,0.06651410118209089,3.550053538309825e-05,4.526922984151132,6.5363894528694075,nan,0.5399243359477806,nan
211.69,209.4475555419922,-175.5452880859375,-33.920005798339844,210.18122620695829,-175.88671114758455,-33.93002398877661,0.809285311738616,0.3494575093992311,0.06652988128059847,3.620832212034283e-05,4.539574316302934,6.530122144317462,nan,nan,nan
211.70000000000002,209.4389190673828,-175.5413818359375,-33.92195510864258,210.1781901524791,-175.8724178643904,-33.93190980809289,0.8100652352955545,0.3493591552562229,0.06530161429598053,3.690699875527797e-05,4.362265482512991,6.151936125229242,2.0220877604421843,nan,0.13906231759166549
211.71,209.4302978515625,-175.5374298095703,-33.92387008666992,210.16963321359066,-175.8683486212024,-33.93394388069223,0.8100774770127204,0.3494135433057776,0.06531323803869574,3.7642659724735e-05,4.371418262115423,6.218375733442182,nan,nan,nan
211.72,209.42166137695312,-175.53341674804688,-33.925743103027344,210.1610751224675,-175.86422155601105,-33.935792506037124,0.81010215314408,0.3494680168689026,0.06532492018621329,3.6822134640158974e-05,4.416513856906702,6.217484771843532,nan,0.014003256655303926,nan
211.73000000000002,209.4130401611328,-175.52935791015625,-33.927581787109375,210.152518385662,-175.86004509469458,-33.93775126025225,0.8101144837334673,0.3495225762885917,0.06533666301163031,3.7555994706030674e-05,4.425858040164101,6.2593752622452525,nan,nan,nan
211.74,209.40440368652344,-175.52523803710938,-33.92938232421875,210.1439831949772,-175.85588741129308,-33.9424827456537,0.8102335953381433,0.34957722151976683,0.065348464587785,3.674073637249984e-05,6.341690999167727,8.098968113849791,nan,5.0450006922673705,nan
211.75,209.39578247070312,-175.5210723876953,-33.93114471435547,210.11968190229805,-175.8399577507892,-33.944455362400475,0.7911355352974404,0.3495026119190612,0.06533954874615379,3.7449204201422387e-05,6.286572918912859,8.489014182231495,9.053938639069665,nan,nan
211.76,209.38714599609375,-175.51686096191406,-33.93287658691406,210.11108769142103,-175.83556331973995,-33.94533003595724,0.7910865057060389,0.34955702070277633,0.06535138802838786,3.664003768418655e-05,5.786842667529077,8.181232935488259,nan,0.6524271072109056,nan
211.77,209.37852478027344,-175.51258850097656,-33.9345703125,210.10250123028425,-175.83114291248057,-33.947168160779604,0.7910610084185645,0.34961151525087564,0.06536328812789693,3.7369717950780005e-05,5.799627103381868,7.878178288497007,nan,nan,nan
211.78,209.36988830566406,-175.50827026367188,-33.93623352050781,210.09391686834942,-175.82667814061148,-33.94921903494802,0.7910559773282122,0.34966609554879696,0.06537524733906414,3.6565433548739376e-05,6.162907474610983,8.407675955852161,nan,0.03903708675540122,nan
211.79,209.36126708984375,-175.50390625,-33.93785858154297,210.0853311003758,-175.82215771141068,-33.950993926170966,0.7910279522977071,0.349720761892319,0.06538726760439484,3.729365046630215e-05,6.176411624509164,8.41840827188009,nan,nan,nan
211.8,209.35263061523438,-175.49949645996094,-33.939456939697266,210.0945288343861,-175.83110777632564,-33.952684376425175,0.8127447310219957,0.34964607484503724,0.06537848028649793,3.647160753303823e-05,6.4767829629910505,8.395062666558376,12.263545028827554,0.01151123914086973,nan
211.81,209.34400939941406,-175.4950408935547,-33.94102096557617,210.08597842880462,-175.82653288303345,-33.95439669688759,0.8127631203810088,0.34970050441817424,0.06539053780194007,3.7197551709160456e-05,6.487556660922815,8.35109223562239,nan,nan,nan
211.82,209.3353729248047,-175.49057006835938,-33.94255447387695,210.07743210716419,-175.8219464126381,-33.95668424271931,0.8128110248016602,0.34975501967687783,0.06540265477703945,3.640346612924333e-05,7.160450224800475,8.86922578083186,nan,0.23910719117281817,nan
211.83,209.32675170898438,-175.48614501953125,-33.944053649902344,210.06888234478856,-175.8173665730143,-33.958342042097044,0.8128159424140066,0.3498096208914512,0.06541483295572853,3.712815565721337e-05,7.172818709011752,8.82916261853806,nan,nan,nan
211.84,209.31813049316406,-175.48179626464844,-33.945526123046875,210.0603233334355,-175.81280620472913,-33.95840590872796,0.8127629921825817,0.34986430808680463,0.06542707092886219,3.633840199930693e-05,6.236990904909817,8.099326373969827,nan,1.6011777049929448,nan
211.85,209.3094940185547,-175.47750854492188,-33.94696807861328,210.03895356000768,-175.80930532578,-33.960027231773175,0.8014804226466706,0.34978954412346186,0.06541840957215628,3.7038776876968883e-05,6.297656808503602,7.675008597181153,5.983181538838275,nan,nan
211.86,209.30087280273438,-175.4733123779297,-33.94838333129883,210.03039768379446,-175.8049837683458,-33.96310457250165,0.8015167984820074,0.34984399423936835,0.06543068441368037,3.6254151548656554e-05,7.668132233187888,9.166089816206535,nan,1.518855088921712,nan
211.87,209.29225158691406,-175.4691925048828,-33.94976806640625,210.02183316567695,-175.8007095571808,-33.96464927944642,0.8015075087209357,0.3498985302224981,0.06544302061303184,3.697570217134968e-05,7.676862185250572,9.091441573103529,nan,nan,nan
211.88,209.2836151123047,-175.46514892578125,-33.95112991333008,210.01326207990456,-175.79649010881104,-33.964929726130045,0.8014749601407344,0.3499531521189025,0.06545541693847494,3.619506648922588e-05,6.946503689004629,8.373968921335571,nan,1.009622429029402,nan
211.89000000000001,209.27499389648438,-175.461181640625,-33.952457427978516,210.00469797530295,-175.79237690777498,-33.96640907675256,0.8014692733539572,0.3500078601661669,0.06546787486907128,3.6915633105611523e-05,6.9554278995360255,8.224339687071007,nan,nan,nan
211.9,209.26637268066406,-175.45730590820312,-33.95376205444336,209.98132036939182,-175.77805523065018,-33.96654283533417,0.7837050936593388,0.3499330195675233,0.065459333666367,3.6116810690395644e-05,6.093307788048309,7.8861211807513305,6.4561950964874795,1.3188491405465306,nan
211.91,209.25775146484375,-175.4534912109375,-33.95504379272461,209.97272833176277,-175.7740689510951,-33.967959121882814,0.7836637119588692,0.349987490218887,0.06547182796704158,3.683557656820971e-05,6.096684699307181,7.58143316975835,nan,nan,nan
211.92000000000002,209.24911499023438,-175.44976806640625,-33.956295013427734,209.96412833893714,-175.7701284493484,-33.96779737588358,0.7835860949021799,0.35004204671392186,0.06548438271390991,3.606337378229658e-05,5.234588879350122,7.076555541647878,nan,1.602940235280302,nan
211.93,209.24049377441406,-175.4461212158203,-33.957523345947266,209.9555359610499,-175.76629348285834,-33.96914956767238,0.7835373496399642,0.35009668927284066,0.06549699922818598,3.678132251297718e-05,5.238514217509143,7.047220297201432,nan,nan,nan
211.94,209.23187255859375,-175.44253540039062,-33.9587287902832,209.94693735543845,-175.76250744031202,-33.96920229266608,0.783459931502675,0.3501514179686233,0.06550967651393663,3.601262149774389e-05,4.607384800034562,6.1860658951222405,nan,1.0842953516345253,nan
211.95000000000002,209.22323608398438,-175.43902587890625,-33.95990753173828,209.95824842492772,-175.76089665747065,-33.970428980387624,0.8024678437883649,0.3500765012099112,0.06550125231730335,3.670707425442171e-05,4.603550922907548,6.6209427286777025,6.505995344688586,nan,nan
211.96,209.21461486816406,-175.43557739257812,-33.961063385009766,209.9496778255836,-175.7572377352071,-33.970510645568446,0.8024164617719389,0.35013099220348626,0.06551396552893489,3.5942654884752434e-05,4.069466502918779,5.810677598976687,nan,0.9419146285259863,nan
211.97,209.20599365234375,-175.4322052001953,-33.962196350097656,209.94111223033633,-175.7536701048667,-33.971745041809726,0.802390295404069,0.35018556917460875,0.06552674067375164,3.665829252687393e-05,4.072095884824609,5.954485826861701,nan,nan,nan
211.98000000000002,209.19735717773438,-175.4289093017578,-33.96330642700195,209.93254886545424,-175.75018213209958,-33.97360519526473,0.8023896271986076,0.3502402322104166,0.06553957689571929,3.5897074573831524e-05,4.538096187811357,6.689525402240862,nan,0.28119160900636564,nan
211.99,209.18873596191406,-175.4256591796875,-33.96439743041992,209.9239823196319,-175.74674910449045,-33.974802832016294,0.8023678824141057,0.3502949815092082,0.06555247530707096,3.6612108106606926e-05,4.5393783104179715,6.190950339397347,nan,nan,nan
212.0,209.18011474609375,-175.4224853515625,-33.96546173095703,209.92286845398294,-175.74813145420728,-33.97742071781623,0.8110927641876602,0.3502199889150446,0.06554416256950103,3.583225192929202e-05,5.614744676339934,7.361852133959613,2.927081500120843,1.8202881457263347,nan
212.01,209.17147827148438,-175.41937255859375,-33.96650695800781,209.9143149400688,-175.74484038578166,-33.97858911792762,0.8110990083315113,0.350274500201083,0.06555709636580029,3.654585607249992e-05,5.616456045878765,7.414845840913188,nan,nan,nan
212.02,209.16285705566406,-175.4163360595703,-33.967533111572266,209.9057589721235,-175.74160262775268,-33.97919552178856,0.8110718893342843,0.35032909747791746,0.06557009153461474,3.579152345930171e-05,5.420704392069885,7.4097988330710045,nan,0.19824466727835202,nan
212.03,209.1542205810547,-175.41334533691406,-33.968536376953125,209.89720438523003,-175.73843514072132,-33.980319014046344,0.8110777671365247,0.35038378093246036,0.06558314906479598,3.650465462364101e-05,5.422368555679522,7.1917034095966335,nan,nan,nan
212.04,209.14559936523438,-175.41041564941406,-33.969520568847656,209.8886564701054,-175.73536101355853,-33.98345943116685,0.8111212256260018,0.35043855066950597,0.06559626828473629,3.5753096641406684e-05,7.052228259611374,8.748564653626492,nan,2.8032669104718897,nan
212.05,209.136962890625,-175.4075469970703,-33.97048568725586,209.9038950492615,-175.74292126940668,-33.98461384771811,0.8371740819053389,0.35036348267767836,0.06558806337994086,3.6443341641841976e-05,7.201022098346353,8.983565420464123,5.497687788438212,nan,nan
212.06,209.1283416748047,-175.40472412109375,-33.971431732177734,209.89537681727825,-175.73993807208868,-33.98495602273318,0.8371942481683039,0.3504180140988256,0.0656012174811369,3.5695330643070536e-05,6.84691613445983,8.292422409442553,nan,0.37736965816711837,nan
212.07,209.1197052001953,-175.4019775390625,-33.97235870361328,209.88686053210122,-175.7370234510954,-33.98601876087454,0.8372393108341336,0.3504726316126992,0.0656144341180576,3.6406796960983654e-05,6.846995453045676,8.770315080676923,nan,nan,nan
212.08,209.11106872558594,-175.39926147460938,-33.9732666015625,209.87833961769678,-175.73414482570206,-33.98577971625725,0.8372622401368646,0.3505273353331397,0.0656277127274049,3.566130074401772e-05,6.111387084863617,7.573250534540287,nan,1.120818767029044,nan
212.09,209.10244750976562,-175.39662170410156,-33.97415542602539,209.86982213465998,-175.73134024425494,-33.98679471571235,0.8372932984910098,0.35058212543305545,0.06564105413614545,3.63724582294992e-05,6.111678761481047,7.843211370838323,nan,nan,nan
212.1,209.09381103515625,-175.39402770996094,-33.97502899169922,209.8702749746898,-175.73136096296085,-33.98777317853878,0.8466713573008564,0.35050698240909756,0.06563295202188042,3.70747107209402e-05,6.133341588148468,7.912332134461133,0.6405359191618152,nan,nan
212.11,209.08517456054688,-175.3914794921875,-33.97588348388672,209.86177027469336,-175.72866344208862,-33.98875408421997,0.8467346524469991,0.3505615338879646,0.06564632772915989,3.781382303820614e-05,6.132545421176579,7.7796820366724475,nan,nan,nan
212.12,209.0765380859375,-175.3889923095703,-33.97671890258789,209.8532696223223,-175.7260423511517,-33.99148007519769,0.8468367625236451,0.35061617149512836,0.06565976565760785,3.69827597432305e-05,7.642700728938121,9.453702563880375,nan,1.9578133621899512,nan
212.13,209.06790161132812,-175.3865509033203,-33.9775390625,209.8447636332465,-175.72344687311613,-33.99244600752524,0.8468976990013233,0.3506708953983042,0.06567326658904929,3.771986908684801e-05,7.641441083657442,9.36804032344969,nan,nan,nan
212.14000000000001,209.05926513671875,-175.3841552734375,-33.97834396362305,209.8362509922316,-175.72086772986304,-33.990988188488586,0.8469015139918153,0.3507257057205432,0.06568683005448217,3.689449984287331e-05,6.082795912300558,7.753521111873422,nan,3.6773534972900723,nan
212.15,209.05064392089844,-175.38180541992188,-33.97913360595703,209.83817839905504,-175.72153198721506,-33.99206784170994,0.8577831831323766,0.35065048805311266,0.06567882608436308,3.760582715077367e-05,6.238452390491505,7.796637429897827,2.0324251858126363,nan,nan
212.16,209.04200744628906,-175.37950134277344,-33.97990798950195,209.82968092449602,-175.71904993540898,-33.99048418553897,0.857808026865003,0.35070505945479646,0.06569242328919582,3.678698107343755e-05,4.8299600031331,6.489625612139157,nan,3.934648873704207,nan
212.17000000000002,209.0333709716797,-175.3772430419922,-33.98066329956055,209.82118839863278,-175.71664701035064,-33.99134519304713,0.8578842898648533,0.3507597170679014,0.06570608367290592,3.7519528800568205e-05,4.830000302238641,6.453456310214742,nan,nan,nan
212.18,209.02471923828125,-175.3750457763672,-33.981407165527344,209.81270077870428,-175.7143237197845,-33.99488726950721,0.8580245591707948,0.35081446102128266,0.06571980685694583,3.67059638575215e-05,6.738863334432242,8.809218150990763,nan,4.6540235996988075,nan
212.19,209.01608276367188,-175.3727569580078,-33.98223876953125,209.80420661082104,-175.7119517079278,-33.99579966882321,0.8581236360852018,0.35086929147366713,0.06573359348785747,3.743687380520927e-05,6.700394108732065,8.27385965681197,nan,nan,nan
212.20000000000002,209.0074462890625,-175.3704071044922,-33.98316192626953,209.77938082441432,-175.7069828540472,-33.99719592325978,0.8422369708869744,0.35079399954475077,0.06572568273148642,3.660577943346203e-05,7.118862066551564,8.69893041080786,3.0848402553057594,0.09284612955350709,nan
212.21,208.99880981445312,-175.3679656982422,-33.98417282104492,209.7708614779274,-175.70447410333605,-33.998293335187924,0.8423188628375202,0.3508485907765213,0.06573950247358373,3.733424573915552e-05,7.07869591648258,8.31995376668603,nan,nan,nan
212.22,208.99017333984375,-175.365478515625,-33.98527145385742,209.7623367171141,-175.70186263697482,-33.996820675997746,0.8423324419882481,0.350903268268567,0.06575338527342643,3.6531653740525004e-05,5.388675726714325,7.047771793905112,nan,4.575165256276954,nan
212.23000000000002,208.9815216064453,-175.36289978027344,-33.98645782470703,209.7538161508351,-175.6992114927545,-33.99806898897974,0.8424246259351222,0.35095803217531585,0.06576733170028627,3.7258707809527e-05,5.355513325378191,6.7718777114497355,nan,nan,nan
212.24,208.97288513183594,-175.36026000976562,-33.987728118896484,209.74529654836198,-175.69650038480148,-34.00030736819278,0.8425171948968615,0.3510128826323025,0.065781341491294,3.64608077244239e-05,6.076494744693784,7.49795651460464,nan,0.5298648279638011,nan
212.25,208.96424865722656,-175.35755920410156,-33.98908233642578,209.76092177948942,-175.70274089624547,-34.001789705567774,0.8683317001917512,0.350937516841314,0.06577351966223347,3.716325627895981e-05,6.1834345337714485,7.828869066191899,4.758618799899439,nan,nan
212.26,208.95559692382812,-175.3547821044922,-33.99052047729492,209.7524412219806,-175.69990876998608,-34.00479317930982,0.8684911978574431,0.35099212778176936,0.06578756195154477,3.637084570091965e-05,7.439060596641782,9.085949545128376,nan,1.4446666041556318,nan
212.27,208.94696044921875,-175.3519287109375,-33.992042541503906,209.743958278903,-175.69699285888072,-34.00640768506664,0.8686087520090696,0.3510468250524799,0.06580166804904869,3.7094464746818125e-05,7.400977555400712,8.757090364063178,nan,nan,nan
212.28,208.93832397460938,-175.34902954101562,-33.99364471435547,209.735472841163,-175.6939921518078,-34.00636848245235,0.8686814217921609,0.3511016087920638,0.0658158377575262,3.6306379325131e-05,6.29677622443092,7.978366229065266,nan,1.9763060797899512,nan
212.29,208.92967224121094,-175.34605407714844,-33.99532699584961,209.72698937660562,-175.69094330218016,-34.008131032417275,0.8688078816915642,0.35115647915017245,0.06583007154800061,3.702887946761298e-05,6.264913800048632,7.9069270043593844,nan,nan,nan
212.3,208.92103576660156,-175.34300231933594,-33.99708938598633,209.66889233509053,-175.669806466308,-34.01093318380884,0.8162610172294023,0.35108103987598444,0.06582233347142197,3.622282052638788e-05,6.926147981979646,8.104863683420007,19.462296465828658,0.6784364685047698,nan
212.31,208.9123992919922,-175.33990478515625,-33.998931884765625,209.66032886814597,-175.66660711183295,-34.012866381137265,0.8162886936192798,0.3511356704223866,0.06583659909064303,3.694338853982004e-05,6.890410500204705,8.381192249216513,nan,nan,nan
212.32,208.90374755859375,-175.33673095703125,-34.000850677490234,209.65176385300683,-175.66332999748872,-34.01340952221311,0.8163044986498493,0.3511903873552843,0.0658509285599089,3.616438418680516e-05,5.99522369836169,7.343535900071751,nan,1.426509999907687,nan
212.33,208.89511108398438,-175.33349609375,-34.00284957885742,209.6432003201588,-175.66000379410974,-34.01548640859269,0.8163360050493887,0.3512451908222373,0.06586532229489438,3.688401392664874e-05,5.962748671046425,7.252736326789461,nan,nan,nan
212.34,208.88645935058594,-175.3302001953125,-34.004920959472656,209.634635960113,-175.65660699666935,-34.016708606787205,0.8163630244227367,0.3513000809651201,0.06587978018130436,3.610881297597833e-05,5.480670730077069,6.856627337315287,nan,0.5758857927334153,nan
212.35,208.87782287597656,-175.3268585205078,-34.00703048706055,209.61557987016175,-175.65772197819442,-34.01895652194445,0.8086397469884561,0.35122456859797363,0.0658721213173237,3.6804733169915914e-05,5.525311451340597,6.725172299687431,8.309438055064447,nan,nan
212.36,208.86917114257812,-175.3234405517578,-34.00913619995117,209.60700421179973,-175.6542416162931,-34.02076363607844,0.8086792810537107,0.3512792186370902,0.06588661036787037,3.603411466915136e-05,5.411813274445611,6.446920688393954,nan,0.11342773102047393,nan
212.37,208.86053466796875,-175.31996154785156,-34.0112190246582,209.5984290676827,-175.65070449746375,-34.02296765326824,0.808713221186348,0.35133395512547533,0.06590116386786025,3.675120715983927e-05,5.414740903637458,6.35670964477851,nan,nan,nan
212.38,208.85189819335938,-175.31642150878906,-34.013267517089844,209.58985452902314,-175.64711304804692,-34.0257792840094,0.8087601571507307,0.3513887782063133,0.06591578174932225,3.59840704579137e-05,6.008387483019865,6.915864778381151,nan,0.26787601755633716,nan
212.39000000000001,208.84324645996094,-175.31283569335938,-34.015281677246094,209.58127959965736,-175.64345757375733,-34.027930969458424,0.808803899398067,0.3514436880251334,0.06593046435855637,3.670045621032588e-05,6.016702619678792,7.1937052897733675,nan,nan,nan
212.4,208.83460998535156,-175.30918884277344,-34.01726150512695,209.5902479261451,-175.64809748629852,-34.03156959169649,0.8282828548050538,0.3513681029483028,0.06592287958979692,3.5914875212335394e-05,7.441371258583812,8.44259014697064,3.183619237468675,1.5530930277099015,nan
212.41,208.8259735107422,-175.30548095703125,-34.01919937133789,209.58170271291814,-175.6443425732982,-34.03366353870584,0.8283495844981141,0.35142277237282904,0.06593759265246214,3.662973225107533e-05,7.451862688921621,8.389041724085779,nan,nan,nan
212.42000000000002,208.81732177734375,-175.3017120361328,-34.02109909057617,209.57315770228251,-175.64053040802042,-34.035656864933955,0.8284309043914663,0.3514775283054647,0.06595237031985329,3.587002011836946e-05,7.647752854325374,8.616109158557714,nan,0.0026975363683751884,nan
212.43,208.80868530273438,-175.2978973388672,-34.02296447753906,209.56461280278677,-175.63666259085102,-34.037676106687414,0.8284954515984553,0.35153237089105,0.06596721289989411,3.658431271386134e-05,7.654577581202284,8.682306907535729,nan,nan,nan
212.44,208.800048828125,-175.2940216064453,-34.02478790283203,209.55606802794406,-175.63273950625162,-34.03969157646674,0.828563193505521,0.3515873002738492,0.06598212038216089,3.5827626134951505e-05,7.9374213588910285,8.861697139589761,nan,0.00070829566982299,nan
212.45000000000002,208.79139709472656,-175.2900848388672,-34.026580810546875,209.5081869122144,-175.613558216867,-34.04161499763941,0.7865422401310636,0.35151164287292924,0.0659746049764318,3.6518878897017615e-05,7.775126838982267,8.737799956311903,12.625616185944828,nan,nan
212.46,208.7827606201172,-175.28610229492188,-34.02833557128906,209.49957837186855,-175.60950367196165,-34.043284842310705,0.7865364712466801,0.35156633157336464,0.06598954219853655,3.576598803234456e-05,7.833084376591,8.847009300049045,nan,0.03966681236370772,nan
212.47,208.7741241455078,-175.28207397460938,-34.030052185058594,209.49096982807072,-175.60539714575296,-34.04516029348539,0.7865328095811751,0.35162110684127984,0.0660045445173355,3.647844625524773e-05,7.840707288761841,8.954368221781603,nan,nan,nan
212.48000000000002,208.76548767089844,-175.27798461914062,-34.03173828125,209.48236159543626,-175.60123897990792,-34.04720252610374,0.7865371881266816,0.35167596882115715,0.06601961195387801,3.5728302636651356e-05,8.27570097759869,9.281544284939958,nan,0.027162749800817388,nan
212.49,208.7568359375,-175.27383422851562,-34.033390045166016,209.4737537519848,-175.5970274471874,-34.04901369836407,0.7865552160276605,0.35173091765749726,0.06603474476891626,3.644037549170841e-05,8.279873156011549,9.202138055700559,nan,nan,nan
212.5,208.74819946289062,-175.2696533203125,-34.03500747680664,209.46805414002333,-175.5858197652446,-34.05083330989803,0.7863856776950235,0.3516551883164823,0.06602729363633456,3.567131804960364e-05,8.544375165980163,10.047169287506113,6.746511813272775,8.885438615842849e-05,nan
212.51,208.73956298828125,-175.26544189453125,-34.03659439086914,209.45944699659458,-175.5814873130514,-34.052581560853504,0.7863671417327649,0.35170989618440196,0.06604245543983235,3.6382174366572266e-05,8.547284102361152,9.864680981872471,nan,nan,nan
212.52,208.73092651367188,-175.26126098632812,-34.03814697265625,209.45084002730442,-175.5771653977455,-34.05503786266139,0.7863563863979729,0.3517646906782713,0.06605768257058932,3.563802283034377e-05,9.526579761903458,10.802276945389588,nan,0.37160290173554955,nan
212.53,208.7222900390625,-175.25714111328125,-34.0396728515625,209.4422334879809,-175.57288397807815,-34.05673228226858,0.786322548631725,0.3518195719427303,0.06607297526390883,3.6348603796939894e-05,9.526282325393776,10.896157069999536,nan,nan,nan
212.54,208.71365356445312,-175.25308227539062,-34.04116439819336,209.4336275648874,-175.56866100097992,-34.05749032942282,0.7862690566061885,0.3518745401220549,0.0660883335790433,3.5606805700114134e-05,9.004157639579798,10.213783821454339,nan,0.5604308625485394,nan
212.55,208.70501708984375,-175.2490997314453,-34.04262924194336,209.4358456230157,-175.5672512357791,-34.0591513163625,0.7972475798340354,0.3517987392246716,0.06608094184481118,3.629483605607526e-05,9.07320883744079,10.356288369255422,0.9968653210504772,nan,nan
212.56,208.69638061523438,-175.2451934814453,-34.044063568115234,209.42725745013888,-175.5631726128504,-34.05937872819475,0.7971989901758664,0.35185346615158125,0.06609632838838474,3.555615972536252e-05,8.147776960244354,9.424176835358226,nan,1.2858316377211645,nan
212.57,208.687744140625,-175.2413787841797,-34.045467376708984,209.4186689407754,-175.55917671377168,-34.06093594749462,0.7971736725519818,0.3519082797626876,0.06611178067708177,3.626544539309594e-05,8.147910490763207,9.67796657821521,nan,nan,nan
212.58,208.67910766601562,-175.2376251220703,-34.046844482421875,209.41008022036323,-175.55525921368923,-34.06307249241106,0.7971672595360645,0.3519631802018745,0.0661272987904308,3.552888503133323e-05,8.96124415076396,10.25158597858282,nan,0.2519707856973758,nan
212.59,208.67047119140625,-175.23394775390625,-34.048194885253906,209.40149197936194,-175.55141383029056,-34.064581812664834,0.7971478115557796,0.35201816761438753,0.06614288293331741,3.623803053756456e-05,8.958260694214156,10.28748642168312,nan,nan,nan
212.6,208.66183471679688,-175.2303466796875,-34.04951858520508,209.409439248905,-175.55481620850443,-34.06538697735972,0.8151348461627974,0.35194229554314854,0.06613554551492495,3.5482108241379845e-05,8.715095905290053,10.0349648250406,2.4795842364456964,0.32289065880882983,nan
212.61,208.6531982421875,-175.226806640625,-34.05081558227539,209.40087870553603,-175.55112905536942,-34.06683797333311,0.8151489563226636,0.3519970414215286,0.06615115709490554,3.61902734478316e-05,8.711145240293213,9.859430482846738,nan,nan,nan
212.62,208.64456176757812,-175.2233428955078,-34.05208969116211,209.39231818872898,-175.5475113637316,-34.06788014022419,0.8151528687580406,0.3520518740405186,0.06616683469702471,3.5458482729553404e-05,8.648647611099085,9.916598381022384,nan,0.10131200879148332,nan
212.63,208.63592529296875,-175.21995544433594,-34.0533332824707,209.38375720061157,-175.54396485428447,-34.06927769627879,0.8151618760440017,0.35210679354593105,0.06618257851035077,3.616659103294707e-05,8.645253860965466,9.981770689296049,nan,nan,nan
212.64000000000001,208.62728881835938,-175.2166290283203,-34.0545539855957,209.37519701347426,-175.5404825010191,-34.069484074632705,0.8151506901535052,0.35216180008077846,0.0661983886381892,3.543658102836415e-05,7.9055550236564365,9.150017521646106,nan,0.9376638176988865,nan
212.65,208.61863708496094,-175.21336364746094,-34.05575180053711,209.33970120455004,-175.5232996693384,-34.07065098447503,0.7849941323972102,0.3520858572190843,0.06619110055850347,3.612248597184187e-05,7.637565722883894,9.091144011086708,9.624956680128594,nan,nan
212.66,208.61000061035156,-175.21017456054688,-34.056922912597656,209.3310940397106,-175.51992527742573,-34.071835981752415,0.7849481766991652,0.35214062193993056,0.06620693731938505,3.539502814672506e-05,7.774798798283272,9.334328092345102,nan,0.011080057969427652,nan
212.67000000000002,208.6013641357422,-175.20704650878906,-34.05807113647461,209.32248639710429,-175.51661572698987,-34.0731238208386,0.7849057268207474,0.3521954734597215,0.06622284047109929,3.610224464650996e-05,7.766858965620138,9.278137526315465,nan,nan,nan
212.68,208.5927276611328,-175.2039794921875,-34.059200286865234,209.31388111673957,-175.5133599349799,-34.0712787095813,0.7848085455773809,0.35225041192079837,0.06623881012899874,3.537636799026825e-05,5.6138786907653175,7.148929949812376,nan,6.6852879534402225,nan
212.69,208.58409118652344,-175.2009735107422,-34.060302734375,209.30527276593713,-175.5101754024549,-34.07249161386456,0.7847657288054609,0.3523054374700119,0.06625484646405888,3.608362666792743e-05,5.606633382140426,7.082253506461231,nan,nan,nan
212.70000000000002,208.57545471191406,-175.19802856445312,-34.06138610839844,209.2699719222155,-175.5052860087189,-34.07094267968114,0.7595081438117048,0.3522294241977242,0.06624760263574984,3.533797526461579e-05,4.0149657988692455,5.348645551944404,9.55048052022629,5.370822618490929,nan
212.71,208.5668182373047,-175.19512939453125,-34.06244659423828,209.2613236953491,-175.5022437663988,-34.07208684552996,0.7594405856326333,0.352284207655458,0.06626366477343801,3.6044427697228175e-05,4.00760933906731,5.127889234438129,nan,nan,nan
212.72,208.5581817626953,-175.1923065185547,-34.06348419189453,209.25430120496358,-175.49898785801784,-34.07350589342663,0.7607471040893939,0.3483749816801206,0.06616849672448122,3.5322124270282065e-05,4.271258143024639,5.650269838673504,nan,0.06030429601395834,0.0006673064617437289
212.73000000000002,208.54953002929688,-175.1895294189453,-34.06450271606445,209.24565298299777,-175.49605924090335,-34.074612598560876,0.7606904154404559,0.348426285378355,0.06618342823717256,3.6028676298462105e-05,4.263578884417725,5.510122538016452,nan,nan,nan
212.74,208.5408935546875,-175.1868133544922,-34.06550216674805,209.23698798963676,-175.4931907476685,-34.07638739382891,0.7606136059691856,0.34847767371553484,0.06619841954865437,3.530785040313435e-05,4.781312760677368,6.102733854510788,nan,0.3279610580937312,nan
212.75,208.53225708007812,-175.18414306640625,-34.06647872924805,209.24927257364246,-175.4985621078581,-34.077509691135205,0.7830020649774581,0.3484114119306556,0.06619076217437163,3.599243686040709e-05,4.8863171274813215,5.918145338488325,3.8430104476879903,nan,nan
212.76,208.52362060546875,-175.18153381347656,-34.067440032958984,209.24066671076108,-175.49580674789095,-34.078179257504445,0.7829673846107273,0.34846258046737905,0.06620577521164765,3.527368856393238e-05,4.774146677363738,5.968043509196056,nan,0.10435615276173305,nan
212.77,208.5149688720703,-175.17897033691406,-34.06837844848633,209.23205108783515,-175.4931062683601,-34.079213990334736,0.7829468031474535,0.34851383504524797,0.06622084825398461,3.597964241694207e-05,4.766825943839791,5.860534311449668,nan,nan,nan
212.78,208.50633239746094,-175.1764678955078,-34.069297790527344,209.22353002805076,-175.4904349716979,-34.07614227306142,0.7829397251360877,0.34856517423531835,0.06623598135483694,3.526202894474698e-05,2.8311711483721442,4.015302763296206,nan,11.625897126308818,nan
212.79,208.49769592285156,-175.17401123046875,-34.0702018737793,209.21491348372425,-175.487836834313,-34.07710113294865,0.7829017428959055,0.3486165997352444,0.06625117474531195,3.596815655878651e-05,2.825072478335669,3.969671236598769,nan,nan,nan
212.8,208.48904418945312,-175.17160034179688,-34.07108688354492,209.19296963078034,-175.47595883529303,-34.078964926487075,0.7669466624684927,0.3485502420922248,0.0662435718735605,3.5230399345595566e-05,3.19300077047391,4.556861276051157,4.521976801805243,0.556904924056609,nan
212.81,208.48040771484375,-175.1692352294922,-34.07195281982422,209.18433057316676,-175.47343247923942,-34.07989929174706,0.7668810231316453,0.34860144749346195,0.06625878654250524,3.5935844977737744e-05,3.1878531865158424,4.46251186436482,nan,nan,nan
212.82,208.4717559814453,-175.16693115234375,-34.07280349731445,209.17569221732955,-175.4709533574107,-34.08076540678968,0.7668240458978464,0.3486527374794886,0.06627406152468432,3.522112080814803e-05,3.2298002321670136,4.7818369393754026,nan,0.0018678350059228054,nan
212.83,208.46311950683594,-175.16465759277344,-34.07363510131836,209.16705223704076,-175.46852109234203,-34.08166665944195,0.766758645826433,0.3487041136595892,0.06628939703489843,3.592678426054113e-05,3.2247913962820203,4.456280881612755,nan,nan,nan
212.84,208.4544677734375,-175.1624298095703,-34.0744514465332,209.15841997786444,-175.46613293159567,-34.08217812260349,0.7667098499227664,0.3487555747339792,0.0663047931509221,3.521296275638896e-05,3.1241431895250313,4.392801714309491,nan,0.09753134554494806,nan
212.85,208.44581604003906,-175.16026306152344,-34.075252532958984,209.13125453688815,-175.45660609944736,-34.08301858830022,0.7467967867527798,0.34868912286303877,0.06629724109442738,3.589681513987264e-05,3.0367791094166217,4.723659966941024,2.9500192355578587,nan,nan
212.86,208.4371795654297,-175.1581268310547,-34.07603454589844,209.1225636602123,-175.45430261415464,-34.084698025300725,0.7466903693976618,0.34874036358735416,0.06631265802576444,3.518468260336798e-05,3.4890473314088584,4.9092500763325,nan,0.4801663059673347,nan
212.87,208.42852783203125,-175.15603637695312,-34.076805114746094,209.11389045782377,-175.45203853572443,-34.08554175465966,0.7466026625370886,0.3487916903895444,0.06632813572099334,3.588995317081428e-05,3.48185250870955,4.994534759474142,nan,nan,nan
212.88,208.4198760986328,-175.1539764404297,-34.07755661010742,209.10521966763446,-175.4498160979127,-34.086232190675425,0.7465200440777009,0.34884310205751196,0.06634367427134676,3.517858958761427e-05,3.49393769116303,4.782597834760074,nan,0.013425829478207354,nan
212.89000000000001,208.41123962402344,-175.15196228027344,-34.07829284667969,209.09654540487026,-175.44763560779646,-34.08704553059024,0.7464203503028568,0.3488946000719985,0.06635927387156369,3.5884124867624274e-05,3.488577695159794,4.842953961961866,nan,nan,nan
212.9,208.402587890625,-175.14988708496094,-34.079124450683594,209.10082160005467,-175.44736548028288,-34.08744340158496,0.7590078481882381,0.34882805269374345,0.06635176874756935,3.51522972494468e-05,3.3675284463638366,5.08612844797491,2.9360947059121303,0.09577124685476478,nan
212.91,208.39393615722656,-175.14772033691406,-34.080039978027344,209.09216786675623,-175.4450838713741,-34.088381513767715,0.758961246071095,0.3488793300595422,0.06636738866915579,3.5857235291485134e-05,3.3390329119010045,4.710495819679551,nan,nan,nan
212.92000000000002,208.38528442382812,-175.14549255371094,-34.08104705810547,209.0834865538244,-175.44273220185087,-34.09069544565725,0.7589009909995097,0.348930692261206,0.06638306969047757,3.514806786127636e-05,4.046783801844021,5.658077160331527,nan,1.1573867494070718,nan
212.93,208.3766326904297,-175.14317321777344,-34.0821418762207,209.07483162267098,-175.44030192710056,-34.091825421116816,0.758855051990198,0.3489821406933073,0.06639881199532391,3.585330111696958e-05,4.013367306590722,5.312428010886885,nan,nan,nan
212.94,208.36798095703125,-175.1407928466797,-34.08332443237305,209.06619096790917,-175.43779589677607,-34.09233109613985,0.7588077167826501,0.3490336742702848,0.06641461569126925,3.514471424778708e-05,3.7058494581291055,5.201112925813571,nan,0.3554224476000111,nan
212.95000000000002,208.3593292236328,-175.13833618164062,-34.08458709716797,209.08247814485486,-175.44570568554843,-34.09360416562831,0.7858127523276535,0.3489670327997172,0.06640715366973135,3.582822985915383e-05,3.7688249303821126,4.967981675696301,5.508245631011791,nan,nan
212.96,208.35067749023438,-175.1358184814453,-34.085941314697266,209.07386057557883,-175.44307528490444,-34.0951215938452,0.7858020079673284,0.3490183454745884,0.06642297717515315,3.5121019173180606e-05,3.8989752225155794,5.305333646718494,nan,0.012514904310551698,nan
212.97,208.34202575683594,-175.1332244873047,-34.08737564086914,209.06524526772125,-175.44037387032907,-34.09659208678873,0.7857939598220646,0.3490697442640522,0.0664388621949432,3.582599641379419e-05,3.8702224983818505,5.131840367798054,nan,nan,nan
212.98000000000002,208.3333740234375,-175.13055419921875,-34.088890075683594,209.0566356387294,-175.43760186771405,-34.097840420705126,0.7857898851213715,0.3491212281664173,0.06645480884544883,3.511926009461407e-05,3.7801856688218987,4.904386154876925,nan,0.06584747402521805,nan
212.99,208.32472229003906,-175.12782287597656,-34.09048843383789,209.04801965502406,-175.4347618463156,-34.09947527464063,0.7857807410560874,0.34917279845281785,0.06647081729737439,3.582456171304285e-05,3.7534533300657427,5.005243365939831,nan,nan,nan
213.0,208.31607055664062,-175.12503051757812,-34.09217071533203,209.07995951358754,-175.4473102280321,-34.10147920437029,0.8291424475226942,0.34910606182309933,0.06646339441985191,3.509709067930082e-05,4.141720553308114,5.46579584973419,13.953381827469801,0.04872904833688028,nan
213.01,208.3074188232422,-175.12216186523438,-34.093929290771484,209.07141057638427,-175.44435442687194,-34.10328060097482,0.8292037702797802,0.3491574109093217,0.06647942214161698,3.580184966636192e-05,4.115731110106192,5.258265960804904,nan,nan,nan
213.02,208.29876708984375,-175.1192169189453,-34.095767974853516,209.06288481875373,-175.44132890153594,-34.103950380559546,0.829276181212356,0.34920884507454075,0.06649551172926758,3.509675580928027e-05,3.581124213798141,4.573446487780803,nan,1.0317716505980568,nan
213.03,208.2901153564453,-175.11622619628906,-34.09768295288086,209.05433574452104,-175.43824056827597,-34.10589980605885,0.8293332104726596,0.3492603655089159,0.06651166334662802,3.580185939269749e-05,3.5596432481774993,4.839177338964797,nan,nan,nan
213.04,208.28146362304688,-175.1131591796875,-34.099674224853516,209.04578802868397,-175.4350867783707,-34.10785020645776,0.8293949737740329,0.3493119713300929,0.06652787712032335,3.5097089831911996e-05,3.5787268062919644,4.667822630733918,nan,0.004227867689041168,nan
213.05,208.27281188964844,-175.1100311279297,-34.10174560546875,209.00725282118125,-175.4276970730355,-34.110144093935666,0.8002410069468335,0.349245140750293,0.0665204894370362,3.5780525742419244e-05,3.5272166133841685,4.392335842151769,15.35200450321061,nan,nan
213.06,208.26416015625,-175.10684204101562,-34.103851318359375,208.9986740359737,-175.42443107164175,-34.11118024998469,0.8002669211704061,0.3492965251153469,0.0665367219215534,3.507688553783566e-05,3.086899338424658,3.9726915530975595,nan,0.8966364454926362,nan
213.07,208.25550842285156,-175.1035919189453,-34.105953216552734,208.99007468404255,-175.4211050110424,-34.11335161775972,0.8002855065997346,0.3493479956353728,0.06655301666103976,3.578181814632409e-05,3.0850209435365663,3.9802730282025593,nan,nan,nan
213.08,208.24685668945312,-175.10028076171875,-34.1080322265625,208.98146266796726,-175.41771849053234,-34.11622143455835,0.8002997678811633,0.3493995515055626,0.06656937378738279,3.5078419881652144e-05,3.466801804923178,4.368483131126165,nan,0.35465409306379336,nan
213.09,208.2382049560547,-175.09689331054688,-34.11008071899414,208.97286369269221,-175.41426909889515,-34.11836206019143,0.800324578505222,0.3494511938015879,0.06658579345655186,3.578371300134246e-05,3.471280117295296,4.1742108455875275,nan,nan,nan
213.1,208.22955322265625,-175.0934600830078,-34.112091064453125,208.9462843288644,-175.40222649322436,-34.120213575997965,0.7804525289075436,0.3493842684058149,0.06657843693447114,3.50593574335504e-05,3.35942931540231,4.369862693621567,3.4137219336989606,0.02460247125721107,nan
213.11,208.2209014892578,-175.0899658203125,-34.11406707763672,208.93765625707266,-175.39864010986327,-34.122282526910524,0.7804387918483787,0.34943568894886223,0.06659487473016387,3.5764140103665945e-05,3.364442942598159,4.3624872626763604,nan,nan,nan
213.12,208.21224975585938,-175.08641052246094,-34.11600112915039,208.92902187052604,-175.3949951690621,-34.12468964568143,0.7804243965953404,0.3494871948031622,0.06661137513900654,3.50619511305775e-05,3.6299631738872495,4.580644266593185,nan,0.09896615283702677,nan
213.13,208.20359802246094,-175.08279418945312,-34.11790084838867,208.9203942436308,-175.39129127742126,-34.126688511525444,0.7804130310237091,0.3495387869706476,0.06662793831308972,3.576710698525656e-05,3.6356229361244097,4.551105645380528,nan,nan,nan
213.14000000000001,208.1949462890625,-175.07913208007812,-34.11975860595703,208.91176225794462,-175.38752990087258,-34.12892774673018,0.7803963238366087,0.34959046475549777,0.0666445643901037,3.5065042780343616e-05,3.873845621336452,4.952823181287571,nan,0.05410955593673348,nan
213.15,208.18629455566406,-175.0753936767578,-34.121585845947266,208.86268074854902,-175.36243797894994,-34.13075341521969,0.7348311082641672,0.3495234455625106,0.06663723497972929,3.574855136990945e-05,3.6605809183918163,4.99625716020404,19.41899680944692,nan,nan
213.16,208.17764282226562,-175.0716094970703,-34.12337112426758,208.85398145352846,-175.3585169993251,-34.13303697912684,0.7347402859097435,0.34957490133564667,0.06665387857872705,3.5047425974714444e-05,3.974999021198671,5.4550859765075845,nan,0.10889669565352408,nan
213.17000000000002,208.1689910888672,-175.06777954101562,-34.1251220703125,208.84528896752255,-175.35453938973075,-34.13489634559902,0.734646559895463,0.34962644331029735,0.06667058516217972,3.57524579064509e-05,3.9810102065045068,5.633044643567736,nan,nan,nan
213.18,208.1603546142578,-175.0638885498047,-34.12683868408203,208.83661635179394,-175.35050508464278,-34.135525063993036,0.7345436875325578,0.3496780708602581,0.06668735487049769,3.505139515942568e-05,3.461067041146684,5.0156529726971515,nan,1.0076478725368498,nan
213.19,208.15170288085938,-175.0599365234375,-34.12852096557617,208.82792480303138,-175.34641763033403,-34.1373046897386,0.7344553536089335,0.34972978488441986,0.06670418785170688,3.575680664419688e-05,3.4658031848741704,4.888093975217499,nan,nan,nan
213.20000000000002,208.14305114746094,-175.0559539794922,-34.13017272949219,208.81699114153923,-175.34170703593304,-34.13793224398937,0.7320588329832345,0.34966267121240674,0.06669688144907036,3.5034608674138425e-05,3.0180558852632045,4.368620746570275,0.5750411154933609,1.0643994191517114,nan
213.21,208.1343994140625,-175.05201721191406,-34.13178634643555,208.80829664887494,-175.33758123956684,-34.139636748328506,0.7319466686767674,0.349714162929671,0.06671373132442915,3.573952581038333e-05,3.0234756330494212,4.664666369247711,nan,nan,nan
213.22,208.12574768066406,-175.04812622070312,-34.13337326049805,208.7996038404576,-175.33349507325417,-34.14122439179255,0.7318327311350505,0.34976574017773326,0.06673064454254236,3.503934128392393e-05,3.0578926634337247,4.597411226452187,nan,0.005110073152694734,nan
213.23000000000002,208.1171112060547,-175.04429626464844,-34.134925842285156,208.79091015552441,-175.32946735808025,-34.142865311407704,0.7317039100657807,0.34981740379018494,0.06674762124968518,3.574464533414841e-05,3.06179251769208,4.541852370733675,nan,nan,nan
213.24,208.10845947265625,-175.04052734375,-34.136444091796875,208.78222510440756,-175.32550635358632,-34.14392104646148,0.7315935124285793,0.3498691532375692,0.06676466158889471,3.504443394312302e-05,2.8932214343034555,4.206527364251571,nan,0.2168326331932741,nan
213.25,208.0998077392578,-175.03684997558594,-34.137935638427734,208.802871014156,-175.3405987990975,-34.14562045291278,0.7659114652940715,0.3498019459346908,0.06675737406224777,3.57280922445966e-05,3.0756964164319136,4.1553955697774105,15.891381574783422,nan,nan
213.26,208.09117126464844,-175.03323364257812,-34.13939666748047,208.79421991392002,-175.3368288743672,-34.14752030972614,0.7658416687351179,0.3498534728135791,0.06677443064713755,3.50286761738563e-05,3.3060773741601723,4.20924425916198,nan,0.08687638477503094,nan
213.27,208.08251953125,-175.02967834472656,-34.140830993652344,208.7855743250669,-175.3331303022126,-34.149044203668396,0.7657914797317881,0.34990508594816033,0.06679155093386482,3.573387663799547e-05,3.309264311672213,4.0960485432261375,nan,nan,nan
213.28,208.07386779785156,-175.02621459960938,-34.142234802246094,208.77692334775037,-175.3295026493803,-34.15091161489091,0.7657323517098061,0.3499567848698291,0.06680873506642823,3.5034388396701984e-05,3.569828091450203,4.638701209141099,nan,0.09718129665255734,nan
213.29,208.0652313232422,-175.02279663085938,-34.14360809326172,208.76827780812624,-175.3259445176616,-34.152384090569385,0.7656696541650528,0.350008570321914,0.06682598318966283,3.573997558103919e-05,3.5752429603151095,4.311716665175805,nan,nan,nan
213.3,208.05657958984375,-175.01947021484375,-34.14495849609375,208.7587441337987,-175.31847987720653,-34.15252993237616,0.763216320332017,0.34994126887040605,0.06681871036977159,3.501921419366667e-05,3.047187750017221,4.280213452063781,2.505295988570313,0.9271862738732028,nan
213.31,208.0479278564453,-175.0161895751953,-34.146278381347656,208.75009769179528,-175.31504131376195,-34.15393520460095,0.76316018388149,0.3499928314607492,0.06683597406852403,3.5724312137496174e-05,3.050964646072445,3.9611071907090896,nan,nan,nan
213.32,208.03929138183594,-175.0129852294922,-34.14757537841797,208.74145241171246,-175.3116686919497,-34.155220274420245,0.7630860810273988,0.35004447978782544,0.06685330182298889,3.502545572221216e-05,3.0781322871571914,4.1340800319577635,nan,0.0062818806823249,nan
213.33,208.0306396484375,-175.0098419189453,-34.148841857910156,208.7328055893977,-175.30836075928036,-34.15657368667397,0.7630270557821379,0.35009621453860384,0.06687069377767922,3.573094420741882e-05,3.0823004490178887,4.093146573483405,nan,nan,nan
213.34,208.02198791503906,-175.0067596435547,-34.150089263916016,208.7241769631356,-175.30511614803072,-34.15654888908588,0.76297299414016,0.35014803532815525,0.06688815007708482,3.50319488521634e-05,2.600028228566838,3.6025727580647295,nan,1.2916994626946652,nan
213.35,208.0133514404297,-175.0037384033203,-34.15130615234375,208.75848497789994,-175.32225550215483,-34.15798545179643,0.8103837016833874,0.35008064042744863,0.06688088776530061,3.57157821654886e-05,2.8380441186808563,3.4901534251560813,18.957314964284947,nan,nan
213.36,208.00469970703125,-175.00079345703125,-34.15250015258789,208.74989280059566,-175.3191717406701,-34.16044928952658,0.8103953769407781,0.35013223809088273,0.06689835894940824,3.501747713798802e-05,3.393273716216407,4.312527791006958,nan,1.0039918816613278,nan
213.37,207.9960479736328,-174.99789428710938,-34.15367126464844,208.74131606107005,-175.3161477912608,-34.161708748159576,0.8104161993680816,0.3501839220724379,0.06691589453986953,3.572286459630364e-05,3.3970587936700385,4.137375454950367,nan,nan,nan
213.38,207.98741149902344,-174.9950408935547,-34.15481948852539,208.7327470470676,-175.31318238369934,-34.16231506778525,0.8104290657658942,0.35023569203906507,0.06693349468099742,3.502438897683093e-05,3.1926413896844146,3.731645817944343,nan,0.28017713930262295,nan
213.39000000000001,207.978759765625,-174.9922637939453,-34.15594482421875,208.72416960417667,-175.31027396900373,-34.16352326814598,0.8104466248079911,0.35028754860063377,0.06695115951756662,3.573016255744686e-05,3.1958017037990656,4.026066192033948,nan,nan,nan
213.4,207.97010803222656,-174.98953247070312,-34.157047271728516,208.69297871237868,-175.30036810816551,-34.16618652266455,0.7869207962990303,0.35022005987556765,0.06694390348662113,3.50103105081322e-05,3.884309787588765,4.5765849484020995,4.389639986878913,1.5501699872712333,nan
213.41,207.96145629882812,-174.9868621826172,-34.15812683105469,208.68436285696447,-175.2975659887447,-34.16736670679376,0.7869028670950037,0.35027169301982614,0.06696158249668142,3.57155929283139e-05,3.888588430234834,4.658733159048312,nan,nan,nan
213.42000000000002,207.95281982421875,-174.98423767089844,-34.15918731689453,208.67575150683254,-175.29481790209616,-34.16814576997063,0.7868739108771818,0.35032341209299556,0.06697932625959177,3.501757138824355e-05,3.7895726018184073,4.438677573225941,nan,0.10209028363910155,nan
213.43,207.9441680908203,-174.98167419433594,-34.16022491455078,208.6671355086377,-175.29212226493854,-34.16928105068285,0.7868557080990526,0.35037521765747415,0.06699713492068762,3.572324157710915e-05,3.7931861556745146,4.577183014899501,nan,nan,nan
213.44,207.93551635742188,-174.97914123535156,-34.16123962402344,208.65851219237774,-175.2894779616711,-34.17099672969365,0.7868462760776881,0.3504271094508236,0.06701500862345032,3.5025000937690325e-05,4.215150452789787,4.745613349324202,nan,0.25408225594130107,nan
213.45000000000002,207.92686462402344,-174.9766845703125,-34.16223907470703,208.62669284904362,-175.2790696334869,-34.17214912570773,0.7624267047242788,0.3503595274745476,0.06700775462138975,3.5709001295238723e-05,4.158184335063281,5.090242872790475,4.640391206651818,nan,nan
213.46,207.918212890625,-174.97425842285156,-34.16321563720703,208.61803712036894,-175.27651871824187,-34.173250975421865,0.7623752007504062,0.3504111955836367,0.06702564176605469,3.501137675280612e-05,4.283798781966535,4.9696141992296985,nan,0.00023542472720924812,nan
213.47,207.90956115722656,-174.97189331054688,-34.1641731262207,208.60938126218736,-175.27401651839085,-34.1743159638104,0.7623184958923933,0.350462950081464,0.06704359400815832,3.571693756899725e-05,4.287119186835432,5.129251611711128,nan,nan,nan
213.48000000000002,207.90090942382812,-174.96957397460938,-34.16511154174805,208.60070236379318,-175.2715603290825,-34.17738796216014,0.7622707049408528,0.3505147907487733,0.06706161149034365,3.501907309228664e-05,5.709865147979927,6.529152894156805,nan,2.893153006007773,nan
213.49,207.8922576904297,-174.96728515625,-34.16603088378906,208.59204559519782,-175.2691526933195,-34.17843687473646,0.76222111634851,0.350566718083682,0.06707969435919943,3.572501480384402e-05,5.71381749577078,6.34238328679608,nan,nan,nan
213.5,207.88360595703125,-174.96505737304688,-34.16693115234375,208.60802521433862,-175.26886950666034,-34.17968367027722,0.7856511309749233,0.3504990426021779,0.06707243810909376,3.500569967379571e-05,6.144831418438221,7.072764394184611,9.434693424844154,0.030162728113471402,nan
213.51,207.8749542236328,-174.96287536621094,-34.167816162109375,208.59940955115678,-175.26653492717264,-34.180699835868275,0.7856275450815376,0.35055074596368746,0.06709053366893368,3.57111442668064e-05,6.147295489994878,7.093912143403826,nan,nan,nan
213.52,207.86630249023438,-174.96072387695312,-34.16868209838867,208.59079652464698,-175.2642447003443,-34.181397287253354,0.7856068814358567,0.350602535432953,0.06710869466360449,3.5013610423920665e-05,6.116784857471241,6.879799325636267,nan,0.06424710360528675,nan
213.53,207.85765075683594,-174.95863342285156,-34.16952896118164,208.5821796041317,-175.26199713804428,-34.18237689231346,0.7855804628385538,0.3506544114690471,0.06712692124072561,3.571943639805472e-05,6.120637895867914,7.129932258095634,nan,nan,nan
213.54,207.8489990234375,-174.95657348632812,-34.17036056518555,208.57358473214737,-175.25979429074957,-34.18112445113693,0.7855464128498976,0.35070637391088827,0.06714521354140081,3.502162840326266e-05,4.807727326205779,5.655257662565346,nan,3.46320949261296,nan
213.55,207.84034729003906,-174.95455932617188,-34.17117691040039,208.59362663488784,-175.2668087885719,-34.18204347475034,0.8155044943871714,0.35063860539284314,0.06713795075015815,3.5705768542108735e-05,4.933930020179391,5.832669368834802,6.947773483367467,nan,nan
213.56,207.83168029785156,-174.95257568359375,-34.171974182128906,208.58504378667914,-175.26469181403303,-34.18415595427532,0.8155497659563581,0.35069034359204504,0.06715625497101972,3.500852636958978e-05,5.8662263437234445,6.6943709561099,nan,1.0208008979529979,nan
213.57,207.82302856445312,-174.9506378173828,-34.17275619506836,208.5764724277531,-175.26261596370932,-34.185062482917175,0.8155730890915405,0.35074216825823334,0.06717462496658186,3.571422881962938e-05,5.868327435403485,6.7080907130329885,nan,nan,nan
213.58,207.8143768310547,-174.94874572753906,-34.17352294921875,208.56790948749912,-175.26058017745248,-34.18502271126479,0.8155883968081736,0.3507940792654251,0.06719306087680252,3.5016699999994253e-05,5.404987498547943,6.338360823680734,nan,0.6120354529275248,nan
213.59,207.80572509765625,-174.94688415527344,-34.17427444458008,208.55933702274322,-175.25858151090046,-34.18589049175769,0.8156108800710054,0.35084607702036513,0.06721156285101867,3.5722775794312534e-05,5.406075178534515,6.230600627742557,nan,nan,nan
213.6,207.79705810546875,-174.94505310058594,-34.175010681152344,208.54028501551835,-175.24599350232174,-34.184430385123775,0.8018978089767367,0.3507782153124613,0.06720428920120089,3.500374571710078e-05,4.146776251724297,5.1619266551647245,5.321470777555186,3.8070909512921243,nan
213.61,207.7884063720703,-174.94326782226562,-34.17573547363281,208.5316953047051,-175.24403706534642,-34.1852472290463,0.8018921675959898,0.3508299885375994,0.06722280230637101,3.5709316563254085e-05,4.146373960620737,5.24701322242821,nan,nan,nan
213.62,207.7797393798828,-174.94140625,-34.17654800415039,208.523118130471,-175.24206163973685,-34.18464967437063,0.8019172446482458,0.3508818480368304,0.06724138151372151,3.501203673529237e-05,3.4881300032945113,4.666484096476714,nan,1.4905554787512996,nan
213.63,207.77108764648438,-174.939453125,-34.17744827270508,208.514527269669,-175.24000586016356,-34.185582408241686,0.8019355236526989,0.3509337941855433,0.06726002697379008,3.571798097210647e-05,3.466321404875641,4.364140140743371,nan,nan,nan
213.64000000000001,207.76242065429688,-174.93743896484375,-34.17844009399414,208.5059233328453,-175.2378706193044,-34.18804209457293,0.801964843634533,0.3509858269045474,0.067278738824735,3.502039114406485e-05,4.24730198818218,5.440653144717427,nan,1.4556500532157346,nan
213.65,207.75376892089844,-174.93533325195312,-34.17951965332031,208.50538734130848,-175.2373261971531,-34.189105188232865,0.810075225722769,0.3509178723913363,0.06727144999312715,3.5704634672227936e-05,4.234330162958626,5.154878121944388,0.8437110444721674,nan,nan
213.66,207.74510192871094,-174.93316650390625,-34.180686950683594,208.4968063371911,-175.23503952322145,-34.19059568189608,0.8101142021179529,0.3509696803093436,0.06729017216657442,3.500757851767888e-05,4.466374783179672,5.666314873724753,nan,0.05423400658191171,nan
213.67000000000002,207.7364501953125,-174.93092346191406,-34.18193817138672,208.488227427057,-175.23267870316104,-34.191899026751486,0.8101385378002103,0.3510215747793244,0.06730896077791641,3.571338289439517e-05,4.440655900203839,5.520252210856235,nan,nan,nan
213.68,207.727783203125,-174.92860412597656,-34.18327331542969,208.4796567131575,-175.23024581652726,-34.192265352675435,0.8101742660074546,0.3510735557499349,0.06732781596410888,3.5016010479594506e-05,3.972399682519198,5.071894592393395,nan,0.7388790796497924,nan
213.69,207.71913146972656,-174.92620849609375,-34.184696197509766,208.47107732636383,-175.22773818527176,-34.19373022591612,0.8102001841760977,0.351125623554988,0.0673467378774973,3.5722179941923254e-05,3.9486097171060086,4.924665823179541,nan,nan,nan
213.70000000000002,207.71046447753906,-174.92373657226562,-34.18619918823242,208.45327716327554,-175.23033951951686,-34.19609117613084,0.8036628053971214,0.35105757616513766,0.067339429515779,3.5003274238516394e-05,4.377851412701315,5.100477574389198,6.970987675224547,0.5337844005863757,nan
213.71,207.70179748535156,-174.92120361328125,-34.187782287597656,208.44468028519654,-175.2277178873582,-34.19773148691565,0.803694494870724,0.3511094188838804,0.06735836092555773,3.570893054437294e-05,4.354702740648419,5.202456334416181,nan,nan,nan
213.72,207.69314575195312,-174.91859436035156,-34.189449310302734,208.44189087758704,-175.21737906693073,-34.197020914822616,0.8061940791404736,0.3507069206389329,0.0665836667851029,3.5011403918140316e-05,3.3434129890766315,4.058701006256264,nan,4.195777689563325,0.07375106218081988
213.73000000000002,207.68447875976562,-174.91592407226562,-34.191192626953125,208.43330062901705,-175.21460059103214,-34.19880084437478,0.8062256134011268,0.35075783224198487,0.0665993389396573,3.571741754075693e-05,3.327668953617387,4.199470776818875,nan,nan,nan
213.74,207.67581176757812,-174.91317749023438,-34.19301986694336,208.4247619393215,-175.2117171028853,-34.19789217041129,0.8062729062899856,0.3508088288138886,0.06661507066416224,3.501993224132601e-05,2.385888534710651,3.1486083318676443,nan,5.408017218558655,nan
213.75,207.6671600341797,-174.91036987304688,-34.19491958618164,208.41370321566416,-175.21301431794933,-34.19980926325607,0.8055707857123174,0.35074243322832666,0.06660741047933195,3.5704233396423745e-05,2.3175860062426166,2.930301308324377,4.344111299159509,nan,nan
213.76,207.6584930419922,-174.90750122070312,-34.1968994140625,208.405092332319,-175.2100650359493,-34.202613319624945,0.8055979216268976,0.35079321084020504,0.06662316019447667,3.500726229109286e-05,2.5812731324523375,3.3037220713332496,nan,0.46636563623293315,nan
213.77,207.6498260498047,-174.90455627441406,-34.19895553588867,208.39649616190576,-175.2070389599587,-34.204690426882266,0.8056332418253584,0.350844074162569,0.06663897005824639,3.571312078600874e-05,2.5701837536148338,3.168076899980003,nan,nan,nan
213.78,207.64117431640625,-174.90155029296875,-34.2010498046875,208.3879128417475,-175.20393819714738,-34.20610630805612,0.8056565261007171,0.35089502242970344,0.06665483976242145,3.5015815719982795e-05,2.3799940118093277,2.979364130843181,nan,0.3644718857543949,nan
213.79,207.63250732421875,-174.89846801757812,-34.20314025878906,208.37931694927087,-175.20078159475275,-34.208251944050716,0.8056948829059466,0.350946056674363,0.06667076989497264,3.57220317858307e-05,2.381835394430434,2.8925545419744902,nan,nan,nan
213.8,207.6238555908203,-174.8953399658203,-34.2052116394043,208.37163555588657,-175.20083237943308,-34.20935081244894,0.8077856297823955,0.35087957767305755,0.06666315071042245,3.5003175036850726e-05,2.1230890033683383,2.689772845147709,1.3632068140071698,0.7326047245625503,nan
213.81,207.6151885986328,-174.8921356201172,-34.20724868774414,208.36304049159244,-175.19756218327367,-34.21144905279493,0.8078276315845148,0.3509303926906627,0.06667909837467086,3.5708870698726414e-05,2.1281690180459525,2.600927254772545,nan,nan,nan
213.82,207.6065216064453,-174.8888702392578,-34.209251403808594,208.35444283692973,-175.19423133617434,-34.21368450717266,0.8078683178122745,0.3509812926251698,0.06669510614517182,3.5011735062484677e-05,2.195871837158456,2.678057381542732,nan,0.02027806232430381,nan
213.83,207.59786987304688,-174.8855438232422,-34.21121597290039,208.3458483233939,-175.1908365909075,-34.215716718761776,0.8078958428446151,0.35103227842170265,0.06671117457201758,3.571778870173113e-05,2.2020678238224773,2.649173639856332,nan,nan,nan
213.84,207.58920288085938,-174.8821563720703,-34.21314239501953,208.33726193901853,-175.18737502461587,-34.21723497775192,0.8079403007581163,0.35108334944405084,0.06672730340281378,3.502030939904604e-05,2.1136918657633066,2.601670775467424,nan,0.16071965146302,nan
213.85,207.58055114746094,-174.87872314453125,-34.215030670166016,208.3269276480642,-175.18341871221142,-34.219214148926056,0.8061853205754052,0.3510167878657382,0.06671972195463363,3.57046412764331e-05,2.1173379055899693,2.7160667779909042,0.061485826608263794,nan,nan
213.86,207.57188415527344,-174.87521362304688,-34.216880798339844,208.3183450173897,-175.17983260454398,-34.2202617399319,0.8062307196613993,0.35106763943863895,0.06673586785436056,3.500766662064195e-05,1.9541381263129307,2.419500168960157,nan,0.5348146120492914,nan
213.87,207.563232421875,-174.87164306640625,-34.21869659423828,208.30974895855337,-175.17619718724904,-34.22213506283363,0.8062580077883743,0.351118576760408,0.06675207463561479,3.571355063033385e-05,1.9590035939597386,2.358305585224634,nan,nan,nan
213.88,207.5545654296875,-174.86802673339844,-34.22047424316406,208.30115505650505,-175.17250204534693,-34.223859502166825,0.806295694169466,0.3511695992749892,0.06676834208158659,3.50162336526169e-05,1.9557574492527623,2.52655100108911,nan,0.009074182310456983,nan
213.89000000000001,207.54591369628906,-174.86434936523438,-34.22221755981445,208.29255977499437,-175.16875042467524,-34.225661519903184,0.8063201800127725,0.35122070780895204,0.06678467068986456,3.572246825545844e-05,1.9609109461551555,2.448730207665063,nan,nan,nan
213.9,207.53726196289062,-174.8606414794922,-34.22392654418945,208.3184081182178,-175.1750955164568,-34.22730103570344,0.8420700947894703,0.3511540629035904,0.06677712285742586,3.5003591871967564e-05,2.1410391382580753,2.7021602319939233,11.451841813092203,0.003553620129095842,nan
213.91,207.52859497070312,-174.85694885253906,-34.22560119628906,208.3098717742019,-175.1713007636319,-34.22903411863879,0.8421534020882638,0.35120495172281746,0.06679346802979545,3.5709299501777864e-05,2.1470774080134305,2.7189738121355274,nan,nan,nan
213.92000000000002,207.5199432373047,-174.8533172607422,-34.22724151611328,208.30133155611205,-175.16754428804342,-34.23103050628349,0.8422117820962064,0.3512559256982178,0.06680987412296834,3.5012139505475046e-05,2.2285413286810383,2.8618789166209306,nan,0.06174230047547924,nan
213.93,207.51129150390625,-174.84974670410156,-34.22884750366211,208.29279612409323,-175.1638383637385,-34.23270211157544,0.8422694937068834,0.3513069855834798,0.06682634160132338,3.571819863950745e-05,2.235999742893175,2.893770098475759,nan,nan,nan
213.94,207.50262451171875,-174.84622192382812,-34.23042678833008,208.28429000438226,-175.16017346885107,-34.232306722009625,0.8423598098163377,0.35135813093043694,0.06684287029708469,3.502069042384403e-05,1.9224377519204876,2.440925835830759,nan,2.922354891843509,nan
213.95000000000002,207.4939727783203,-174.8427734375,-34.231971740722656,208.27080426913517,-175.1569137603506,-34.23375215488205,0.8379465838804318,0.3512914033366063,0.06683535262686122,3.5705021771831616e-05,1.8692121538874404,2.3386853716714153,1.815316306204108,nan,nan
213.96,207.48532104492188,-174.8394012451172,-34.233482360839844,208.2622446350813,-175.15342160860365,-34.236464310995395,0.8379904209817032,0.35134232874039323,0.06685189737615486,3.5008014896293584e-05,2.035739973027275,2.6197413382014036,nan,0.9436055534083606,nan
213.97,207.47665405273438,-174.83609008789062,-34.23496627807617,208.25370120574732,-175.14998449050242,-34.23800225630382,0.8380579879461418,0.3513933399466725,0.06686850373078575,3.5713892435976425e-05,2.0412087975821236,2.6254552244281504,nan,nan,nan
213.98000000000002,207.46800231933594,-174.8328399658203,-34.23642349243164,208.2451808731525,-175.1465965686416,-34.23779675840259,0.8381238549198873,0.35144443657316077,0.0668851715537599,3.501654070523343e-05,1.838206132964152,2.287336842695295,nan,2.073922481428792,nan
213.99,207.4593505859375,-174.82965087890625,-34.23784637451172,208.23663747041195,-175.1432906487224,-34.23926046928563,0.8381806521570111,0.35149561927594963,0.06690190126396262,3.5722763177222564e-05,1.8415215314723066,2.2857274349383685,nan,nan,nan
214.0,207.45069885253906,-174.8265380859375,-34.23924255371094,208.21740345493424,-175.13614137486755,-34.24057777579249,0.8268566542444108,0.35142880842372365,0.06689440962139781,3.500385141046328e-05,1.7864077755928462,2.3255989727414494,1.117080001300256,0.002598581221423165,nan
214.01,207.44203186035156,-174.823486328125,-34.2406120300293,208.20884239159778,-175.13295768907201,-34.24198480467967,0.8269055560260501,0.35147977091965643,0.06691115483573158,3.570954172669588e-05,1.7895317383446199,2.3784065650358786,nan,nan,nan
214.02,207.43338012695312,-174.8204803466797,-34.2419548034668,208.20028957912723,-175.1298293950771,-34.24271352665595,0.8269507344692629,0.3515308187909274,0.06692796176465743,3.501234458757427e-05,1.7542365044819244,2.133047160366782,nan,0.2998644954534165,nan
214.03,207.4247283935547,-174.8175506591797,-34.24327087402344,208.19172843803838,-175.12676751390185,-34.2440617099308,0.8269853426172019,0.3515819526344303,0.06694483079871454,3.5718381311084446e-05,1.7564744236109946,2.2911499906425625,nan,nan,nan
214.04,207.41607666015625,-174.81466674804688,-34.24455642700195,208.18316954243025,-175.12376298887895,-34.24518876396051,0.8270262244826231,0.35163317215565343,0.06696176184283163,3.5020835800658237e-05,1.7514424440668876,2.1979881896163715,nan,0.02699637688680562,nan
214.05,207.40740966796875,-174.8118438720703,-34.245819091796875,208.15942502917338,-175.1118558167919,-34.24646145394975,0.8096509637445526,0.35156627851930183,0.06695429260746508,3.570514173596623e-05,1.710922561158197,2.3090749467108913,3.3401386704880944,nan,nan
214.06,207.3987579345703,-174.80908203125,-34.2470588684082,208.1508369871585,-175.10894846705858,-34.24794892918692,0.8096564536114538,0.35161727759967626,0.06697123859864437,3.500809812429935e-05,1.723239621330278,2.3081749107901843,nan,0.03305242523623764,nan
214.07,207.39010620117188,-174.80636596679688,-34.24827194213867,208.14225119195993,-175.1060951092373,-34.249198312904284,0.8096669093883125,0.3516683625500921,0.06698824691014728,3.571394411672045e-05,1.7257829019672992,2.228054987348375,nan,nan,nan
214.08,207.38143920898438,-174.8037109375,-34.24946212768555,208.1336718039296,-175.1032914204259,-34.24984720984191,0.80969283739971,0.3517195331289177,0.06700531747282998,3.501655669596948e-05,1.7073232922399082,2.319640349903014,nan,0.2349341946305949,nan
214.09,207.37278747558594,-174.80111694335938,-34.25062561035156,208.12508552507737,-175.1005461215296,-34.251044420547466,0.8096976987804024,0.3517707898545993,0.06702245063885343,3.5722743370064704e-05,1.7092790688300887,2.389913594878491,nan,nan,nan
214.1,207.3641357421875,-174.79856872558594,-34.251766204833984,208.12149634264782,-175.10226076321797,-34.254699582196174,0.8159856233742454,0.3517038130112846,0.0670149996611784,3.500379983061333e-05,1.9526252678436813,2.495893964530774,1.0008465498116579,4.3040392420268345,nan
214.11,207.35546875,-174.7960662841797,-34.25288772583008,208.11291707349565,-175.0996326897379,-34.25587727245089,0.8160205038716228,0.35175484903379217,0.06703214718160494,3.5709450594871385e-05,1.9582151247999167,2.4636480545340063,nan,nan,nan
214.12,207.34681701660156,-174.79360961914062,-34.25398254394531,208.10432050591749,-175.09706762297108,-34.258606796366536,0.8160390187515661,0.35180597063232477,0.06704935718968934,3.501222132793506e-05,2.3196502218986006,2.7863860645121155,nan,1.7467863823234901,nan
214.13,207.33816528320312,-174.7912139892578,-34.25505828857422,208.0957404765418,-175.0945392323361,-34.259757430341274,0.8160566515775675,0.35185717827839125,0.06706663001403507,3.571821480311346e-05,2.328191492349926,2.8751653872547562,nan,nan,nan
214.14000000000001,207.32949829101562,-174.7888641357422,-34.25611114501953,208.08717955026574,-175.09204461951487,-34.2590227197833,0.8160929932471468,0.3519084718000575,0.06708396562039383,3.5020639536224915e-05,1.9531944810548019,2.540853706395188,nan,2.4518335632523107,nan
214.15,207.3208465576172,-174.78656005859375,-34.257144927978516,208.0553024675931,-175.08025813624488,-34.26006772572616,0.7910073244042557,0.35184141209250386,0.06707652913576853,3.57049017987445e-05,1.8488714022947517,2.428840398293377,4.728338850217648,nan,nan
214.16,207.3121795654297,-174.78428649902344,-34.258155822753906,208.0466999616543,-175.07784550351306,-34.25946357815145,0.7910112589660636,0.3518924846719934,0.0670938784943383,3.5007831107564957e-05,1.6592830550244515,2.133855103762402,nan,1.978210938225108,nan
214.17000000000002,207.30352783203125,-174.78207397460938,-34.25914764404297,208.03808039420412,-175.07549098854656,-34.260497350781584,0.7909885159538141,0.3519436432012559,0.06711129087934871,3.5713627489159254e-05,1.6622740748685203,2.2612810900919915,nan,nan,nan
214.18,207.29486083984375,-174.7799072265625,-34.2601203918457,208.02942855801797,-175.0732054418435,-34.26479951572133,0.7909712193695427,0.3519948875497671,0.06712876627780942,3.501621596331016e-05,2.237485330109402,2.8640293098757765,nan,7.62426636500827,nan
214.19,207.2862091064453,-174.7777862548828,-34.26107406616211,208.02080795304002,-175.07093982216236,-34.265828422152566,0.7909469535486446,0.35204621812751996,0.06714630498681134,3.572235012729563e-05,2.245840461741542,2.8720274183878955,nan,nan,nan
214.20000000000002,207.2775421142578,-174.77569580078125,-34.26200866699219,208.0195940033294,-175.07586067709363,-34.26581397118168,0.8004713857386124,0.3519790752503337,0.06713887882977926,3.500338898961126e-05,2.027396991203419,2.427369982997189,3.032266858173205,0.6238416861550276,nan
214.21,207.26889038085938,-174.77365112304688,-34.26292419433594,208.01098323035086,-175.0737019054651,-34.266795540528115,0.8004668991391961,0.3520301846246467,0.06715643065636097,3.570898482353327e-05,2.0339711769699265,2.4530199815265363,nan,nan,nan
214.22,207.26022338867188,-174.7716522216797,-34.26382064819336,208.00236467863016,-175.0715900337664,-34.26856809917406,0.8004741867612734,0.3520813797591207,0.06717404572327502,3.50117379971792e-05,2.258687644317415,2.750503489908486,nan,0.46113028985468973,nan
214.23000000000002,207.25155639648438,-174.76968383789062,-34.26469802856445,207.99375307592197,-175.0695130391333,-34.26952340045032,0.8004853184786469,0.3521326610274654,0.06719172430856428,3.571767414415297e-05,2.2674645176622215,2.695255167615905,nan,nan,nan
214.24,207.24290466308594,-174.76776123046875,-34.265560150146484,207.9851329531552,-175.06748163944766,-34.271394974310354,0.8004806077042919,0.352184028353112,0.06720946642749726,3.50200848689134e-05,2.5882775601558334,3.0259008581221942,nan,0.6138336412971828,nan
214.25,207.23423767089844,-174.765869140625,-34.26640319824219,207.9792930878298,-175.06249481917843,-34.27233994486514,0.8019536223725878,0.3521168025464757,0.06720204671142649,3.5704291424618455e-05,2.650282778340927,3.1476281913159267,1.8950461090547932,nan,nan
214.26,207.22557067871094,-174.76402282714844,-34.26723098754883,207.97068831478367,-175.06051660532648,-34.272992074167995,0.8019613720148534,0.35216794842524307,0.06721980130209072,3.50072102907671e-05,2.6121958823241846,3.1657939339102175,nan,0.04914856734155801,nan
214.27,207.21690368652344,-174.76222229003906,-34.268043518066406,207.96208099522076,-175.0585772752065,-34.273889795037846,0.801966132442883,0.3522191803437392,0.06723761961616324,3.571294548632701e-05,2.622179220194136,3.2530146372027784,nan,nan,nan
214.28,207.208251953125,-174.76043701171875,-34.268836975097656,207.95348957126902,-175.0566617791941,-34.272726854570976,0.8019621883387661,0.3522704982569796,0.06725550168585799,3.5015527261569755e-05,2.0979652260545585,2.5335419517924915,nan,2.9507408909893504,nan
214.29,207.1995849609375,-174.75869750976562,-34.269615173339844,207.9448810795305,-175.05479491321498,-34.27357352061928,0.8019698530695578,0.3523219024916919,0.0672734477640623,3.572159854001547e-05,2.105382724180443,2.6449805866927836,nan,nan,nan
214.3,207.19091796875,-174.7570037841797,-34.27037811279297,207.93055063648646,-175.05279614064742,-34.273726841305134,0.796593255878011,0.3522545935418771,0.06726603030704244,3.500263835541325e-05,1.9449288592786138,2.5557369502156972,0.7363691734434519,0.2961727461421721,nan
214.31,207.1822509765625,-174.7553253173828,-34.27112579345703,207.92193099079532,-175.0510042655778,-34.27453748151399,0.7965953825352959,0.35230577606919306,0.0672839881816533,3.5708170042463174e-05,1.951172617571326,2.3932664173797953,nan,nan,nan
214.32,207.173583984375,-174.75369262695312,-34.2718620300293,207.9132998307017,-175.04925459419593,-34.27682321237458,0.7965933863129486,0.35235704452629807,0.06730201002942357,3.5010924003548505e-05,2.328976132022274,2.8456555969660196,nan,1.5644976791976952,nan
214.33,207.1649169921875,-174.75209045410156,-34.272579193115234,207.9046790890036,-175.0475294586054,-34.27762112422327,0.7965912291365365,0.35240839921263717,0.06732009608828175,3.571679472907324e-05,2.3384198194014614,2.8834602128774627,nan,nan,nan
214.34,207.15625,-174.75050354003906,-34.273284912109375,207.89606948445078,-175.04582775457345,-34.276759456326175,0.7965935812701995,0.3524598401238557,0.06733824641266768,3.501921005988892e-05,1.9719905128605868,2.34122806683057,nan,1.9109588968405766,nan
214.35,207.1475830078125,-174.7488555908203,-34.274078369140625,207.84140832261855,-175.02146605107995,-34.277381988633024,0.7454669304606587,0.35239244819345317,0.06733082722723861,3.570335431784288e-05,1.7756068423049822,2.7612252677935265,22.757385102902468,nan,nan
214.36,207.138916015625,-174.7471160888672,-34.27496337890625,207.83271218176054,-175.01962363461223,-34.278196174217655,0.7454018604738576,0.35244366714996744,0.06734898866005241,3.5006281427685324e-05,1.7684698570477884,2.6161508990255653,nan,0.004574521733324812,nan
214.37,207.1302490234375,-174.7453155517578,-34.275936126708984,207.82401507714363,-175.0177019949741,-34.27918036118583,0.7453296161969739,0.3524949722443819,0.06736721450365502,3.57119494617821e-05,1.7648243251732931,2.8418759991839537,nan,nan,nan
214.38,207.12158203125,-174.74342346191406,-34.277000427246094,207.81532142946844,-175.0156985352213,-34.27965782902958,0.7452617861994445,0.3525463634957377,0.06738550482558785,3.501454322720933e-05,1.6718315949260902,2.5584287308942586,nan,0.25061143420404536,nan
214.39000000000001,207.1129150390625,-174.741455078125,-34.27814865112305,207.80662348264218,-175.01362024155827,-34.28081354291563,0.7451928492200314,0.352597841168632,0.0674038598443024,3.5720546645107384e-05,1.6690191205629896,2.6128149926391973,nan,nan,nan
214.4,207.104248046875,-174.73939514160156,-34.27938461303711,207.75555975849517,-174.99862429376404,-34.28072965015942,0.7010053552929022,0.35253036611381033,0.06739643473241282,3.500160623549807e-05,1.316537119736989,2.5024298127992664,16.297896392370852,1.0612788698026383,nan
214.41,207.09556579589844,-174.73727416992188,-34.280704498291016,207.7467897404695,-174.99638514828126,-34.282044655475936,0.7008801046615087,0.3525816215719239,0.0674148001448187,3.570706974683624e-05,1.3149011183751658,2.592145241807479,nan,nan,nan
214.42000000000002,207.08689880371094,-174.73507690429688,-34.282108306884766,207.7380241550771,-174.99406728067038,-34.28267658973792,0.7007428638175461,0.35263296311696674,0.06743323024404614,3.500984281062067e-05,1.2734627247342263,2.6238446348726487,nan,0.41671523165683105,nan
214.43,207.07823181152344,-174.73281860351562,-34.283592224121094,207.72925381080975,-174.99167875585022,-34.284153811131034,0.700598699257576,0.35268439099365245,0.06745172523717238,3.5715645000509714e-05,1.2728029050930263,2.8286977467948162,nan,nan,nan
214.44,207.06956481933594,-174.73046875,-34.28516387939453,207.72048127955043,-174.9892182750278,-34.28606085441104,0.7004601055338255,0.3527359052506773,0.0674702852086651,3.501808294494698e-05,1.286543290730517,2.57643275250864,nan,0.0844780512856065,nan
214.45000000000002,207.06089782714844,-174.72805786132812,-34.28681182861328,207.74449211576285,-174.996087366067,-34.287715123768436,0.7342627477810334,0.352668347177331,0.06746285010184273,3.5702162787376594e-05,1.4490792756340365,2.624569844307789,9.693928156007214,nan,nan
214.46,207.05223083496094,-174.72557067871094,-34.288543701171875,207.73578204596686,-174.99348052045826,-34.28839911079571,0.7341784267322988,0.352719638968941,0.06748141973848495,3.500511572186132e-05,1.4267947411907027,2.5035137514295536,nan,0.771074490139978,nan
214.47,207.04354858398438,-174.72300720214844,-34.29035186767578,207.72706624478664,-174.9908072280951,-34.29019869066107,0.7341071243277982,0.35277101700289915,0.06750005446318176,3.5710715165918106e-05,1.426895415088169,2.4725474775688743,nan,nan,nan
214.48000000000002,207.03488159179688,-174.7203826904297,-34.292240142822266,207.71835010447015,-174.9880642747917,-34.292192146625375,0.7340181474091804,0.3528224813446566,0.06751875437018723,3.501333804066543e-05,1.4263110249594513,2.587701005793848,nan,0.009177155360122894,nan
214.49,207.02621459960938,-174.71768188476562,-34.29420471191406,207.70963482394163,-174.98525151771986,-34.294151456138174,0.7339323636015702,0.35287403221393693,0.0675375196520089,3.5719272955137945e-05,1.4262647104005073,2.545348502101065,nan,nan,nan
214.5,207.01754760742188,-174.7149200439453,-34.29624557495117,207.715098748297,-174.98331368842335,-34.296354332741,0.7474040101315099,0.3528063910302665,0.06753007033737665,3.5000368910475936e-05,1.537207677973185,2.725683608714722,3.7166034555932366,0.04401364477887744,nan
214.51,207.00888061523438,-174.7120819091797,-34.29832458496094,207.7064088062624,-174.98035391201216,-34.29845082879017,0.7473389195807242,0.352857719174221,0.0675488445314922,3.5705764328956624e-05,1.5375438137203976,2.640334095162916,nan,nan,nan
214.52,207.0001983642578,-174.7091827392578,-34.3004035949707,207.69772087387588,-174.97732611868724,-34.3002291812698,0.7472874639493581,0.3529091335516568,0.06756768410768489,3.500857247914728e-05,1.538401337526995,2.6582499177819896,nan,0.08041171383651201,nan
214.53,206.9915313720703,-174.7062225341797,-34.302459716796875,207.68903174603403,-174.97423346691838,-34.302331108169724,0.7472192772454223,0.35296063436833236,0.06758658925013045,3.571430691683533e-05,1.5383553384011914,2.7677264850666297,nan,nan,nan
214.54,206.9828643798828,-174.7032012939453,-34.30448532104492,207.6803395331371,-174.97107806678136,-34.30518471042001,0.7471479398202514,0.35301222171055935,0.06760556006550184,3.501678282929473e-05,1.5522742381634547,2.8320058404100785,nan,0.4257574751606549,nan
214.55,206.9741973876953,-174.70010375976562,-34.30647659301758,207.64410718588616,-174.96117437258306,-34.30726528387835,0.718983744337966,0.3529444974828153,0.06759809241186217,3.570079959652728e-05,1.3965741818272779,2.7162407574298135,7.42941480541731,nan,nan
214.56,206.9655303955078,-174.6969451904297,-34.30842971801758,207.63537199093903,-174.9578890104315,-34.30935549044675,0.7188743264448766,0.3529958618462594,0.0676170713720145,3.500379302091006e-05,1.4035758058753371,2.778756146794298,nan,0.003721194267871155,nan
214.57,206.9568634033203,-174.6937255859375,-34.31034469604492,207.62663749950966,-174.95454021868542,-34.31133748434184,0.7187646333886274,0.3530473125609901,0.06763611608681232,3.570932591609267e-05,1.4066547846710928,2.813583789526024,nan,nan,nan
214.58,206.9481964111328,-174.69044494628906,-34.312225341796875,207.61790474295793,-174.95112807639484,-34.31298917969933,0.718655360716158,0.3530988497248358,0.06765522666994529,3.501199186283231e-05,1.3956950885958792,2.7510342742954284,nan,0.06087495380895143,nan
214.59,206.9395294189453,-174.68710327148438,-34.314064025878906,207.60917144383382,-174.94765519308828,-34.31489543219831,0.7185460573858371,0.3531504735263535,0.06767440329512701,3.571786089271095e-05,1.398370415119256,2.866186878149608,nan,nan,nan
214.6,206.9308624267578,-174.68370056152344,-34.31586837768555,207.62482044337676,-174.95786902332614,-34.317317526582244,0.7461555965812302,0.3530826662005244,0.06766691307716492,3.49990062579463e-05,1.5029582286079382,2.536248938301674,7.759964458832008,0.3160125081685104,nan
214.61,206.9221954345703,-174.68026733398438,-34.3176383972168,207.61612650817418,-174.95432119948728,-34.319157051795145,0.7460885754532263,0.35313406676328096,0.06768609705746283,3.570433671994032e-05,1.5076526649709556,2.4758292984642734,nan,nan,nan
214.62,206.9135284423828,-174.67684936523438,-34.31937026977539,207.60743751288015,-174.9507663760713,-34.31965432321793,0.746016358822431,0.3531855536971992,0.06770534709746912,3.5007192425089506e-05,1.445619444432288,2.429703747820863,nan,1.2067558151139075,nan
214.63,206.9048614501953,-174.67347717285156,-34.32107162475586,207.59874435479455,-174.94724769615271,-34.32141216650151,0.7459382686873883,0.35323712718147127,0.06772466336506659,3.5712862746518316e-05,1.4469323559270415,2.365239345876873,nan,nan,nan
214.64000000000001,206.8961944580078,-174.670166015625,-34.32273483276367,207.59005804288947,-174.94377317614533,-34.3211697129025,0.7458619190661213,0.35328878732793806,0.06774404598265124,3.5015388327577115e-05,1.5141114383924488,2.5823091437566035,nan,2.7295729673522655,nan
214.65,206.8875274658203,-174.6669158935547,-34.32436752319336,207.56932986564266,-174.94856467244716,-34.32293331460632,0.7376873348576634,0.35322089694418773,0.06773652902312666,3.569934585268545e-05,1.3823525556077192,2.299521596370141,15.43606418523302,nan,nan
214.66,206.8788604736328,-174.66372680664062,-34.325965881347656,207.5606160353755,-174.94525547545237,-34.32369122040261,0.7376003060007502,0.35327233359606974,0.0677559181909473,3.5002390683171044e-05,1.472357280123172,2.435986416347475,nan,0.5524873092044001,nan
214.67000000000002,206.8701934814453,-174.6605987548828,-34.32753372192383,207.55189992348332,-174.94201049850298,-34.32529366408993,0.7375101764874573,0.3533238567110834,0.06777537376878165,3.570786153139237e-05,1.4648653687296456,2.4001767669274363,nan,nan,nan
214.68,206.8615264892578,-174.65753173828125,-34.32906723022461,207.54318172682898,-174.93882946561686,-34.327717779837734,0.7374171786232858,0.3533754664085759,0.06779489588380258,3.501058068123215e-05,1.3761571381411657,2.388394592237053,nan,0.5127498876685955,nan
214.69,206.85287475585938,-174.65452575683594,-34.33057403564453,207.53446605878696,-174.93570771309524,-34.32926807146425,0.737313842467896,0.35342716285651127,0.06781448469675885,3.571638871853444e-05,1.3716227280594604,2.371249181561087,nan,nan,nan
214.70000000000002,206.84420776367188,-174.65158081054688,-34.33205032348633,207.5725176394359,-174.95246315782887,-34.330069805870274,0.7880161067461393,0.3533591893876037,0.06780693676135888,3.499759252335561e-05,1.6226629958849368,2.2765667694012044,19.03358881929894,0.3765091539424912,nan
214.71,206.83554077148438,-174.64869689941406,-34.33349609375,207.56387874005475,-174.949492740233,-34.33155511515665,0.7880089477366962,0.3534106620807255,0.06782653129940788,3.570286325447207e-05,1.6161941296874702,2.3236145052224595,nan,nan,nan
214.72,206.82687377929688,-174.6458740234375,-34.33491134643555,207.53984403977356,-174.93182406883145,-34.33455209399981,0.7681758586725427,0.348647176284082,0.06341880703318313,3.5005434318148965e-05,1.4903085598361614,2.2695100035117473,nan,1.664946431439188,0.04920351513299906
214.73000000000002,206.81820678710938,-174.64309692382812,-34.336299896240234,207.5312096181863,-174.9289550231279,-34.33599705031928,0.7681718439090582,0.348701502911199,0.06343035390582119,3.5711038355840704e-05,1.4894457024451018,2.191139502172664,nan,nan,nan
214.74,206.80953979492188,-174.640380859375,-34.33766174316406,207.52268011922527,-174.92625545939316,-34.3405318277828,0.7683109048222697,0.3487559139885375,0.06344195835518124,3.5013640760952976e-05,1.7224269615108432,2.4390543440732664,nan,6.853449464657125,nan
214.75,206.80088806152344,-174.63771057128906,-34.33899688720703,207.51723814040562,-174.92119971091248,-34.341871771612134,0.7704101458049992,0.34868220477782935,0.06343361329380307,3.5697537341323245e-05,1.7577772412099397,2.4738470279532985,2.441565028811108,nan,nan
214.76,206.79222106933594,-174.63510131835938,-34.34030532836914,207.5086112254403,-174.9184836223654,-34.343432397412684,0.7704090890869459,0.34873638115351935,0.06344525685157583,3.50006594091518e-05,1.806142132496527,2.5706274870300225,nan,0.019233976520793103,nan
214.77,206.78355407714844,-174.63253784179688,-34.341583251953125,207.49997895687522,-174.91581403659393,-34.34480451812363,0.770402743625684,0.3487906449203926,0.06345696179325164,3.570606736892557e-05,1.8178276997285199,2.669362178106523,nan,nan,nan
214.78,206.77488708496094,-174.63003540039062,-34.34284210205078,207.49139333045454,-174.91324589359402,-34.34757778322311,0.7704620756195727,0.34884499314691875,0.06346872471107087,3.500886425176745e-05,2.168351318630667,2.9201538104428097,nan,1.4346363033779095,nan
214.79,206.76622009277344,-174.62757873535156,-34.34407043457031,207.48276094668597,-174.91067816128594,-34.348915257450365,0.7704541210213741,0.34889942900854426,0.06348054923270278,3.571461105966336e-05,2.185464447238826,3.0450881797542775,nan,nan,nan
214.8,206.75755310058594,-174.6251678466797,-34.34527587890625,207.4994325361535,-174.91209659406664,-34.35147969303003,0.7954569066296313,0.34882563307202435,0.06347232975791153,3.4995896266144986e-05,2.8010265752331645,3.6836580954451117,9.048508999979685,0.9343941784910902,nan
214.81,206.74888610839844,-174.622802734375,-34.346458435058594,207.49083535472883,-174.9096096565465,-34.352783205558744,0.7954790364664617,0.34887983385627874,0.06348419291492952,3.570110757804333e-05,2.8227999895702496,3.6477523677892574,nan,nan,nan
214.82,206.74021911621094,-174.62049865722656,-34.347618103027344,207.4822532639039,-174.90718637765437,-34.35454324862293,0.795520259344823,0.3489341191090972,0.06349611443820119,3.500409747134801e-05,3.0735769141127953,3.9824713773261022,nan,0.16225617529847808,nan
214.83,206.7315673828125,-174.61822509765625,-34.3487548828125,207.47365578994808,-174.9047935631546,-34.355806149220776,0.7955290125325871,0.34898849183035535,0.06350809767942428,3.570965149103168e-05,3.0967404213713636,3.844158968498351,nan,nan,nan
214.84,206.722900390625,-174.61599731445312,-34.3498649597168,207.4650348568259,-174.9024220136119,-34.35630429122453,0.7955150150699525,0.34904294935386837,0.06352013964116499,3.501231267224333e-05,2.889694500511323,3.7510342498029368,nan,0.3892298898004908,nan
214.85,206.7142333984375,-174.61383056640625,-34.350955963134766,207.4561888927858,-174.9015443849557,-34.357588186456844,0.7958147921244884,0.34896907009896966,0.06351204484985325,3.5696163640587014e-05,2.9210633350895896,3.8032487422036714,0.6139772232990202,nan,nan
214.86,206.70556640625,-174.6116943359375,-34.352027893066406,207.44754612737225,-174.89924598086668,-34.35730494366649,0.7957686236093778,0.34902329225687656,0.06352412508805327,3.4999344779856075e-05,2.48539418180614,3.198269060579954,nan,1.5376271711405696,nan
214.87,206.6968994140625,-174.60960388183594,-34.35307312011719,207.43894847478418,-174.89703811495136,-34.35846213584781,0.7957916111490035,0.3490776017165023,0.0635362671604856,3.570470543616289e-05,2.5040756650092098,3.371895265113508,nan,nan,nan
214.88,206.688232421875,-174.6075439453125,-34.35409927368164,207.4303912482577,-174.89491487017276,-34.360945367356955,0.7958823035043595,0.3491319959854889,0.0635484683308847,3.5007561759842174e-05,3.030337048952413,3.770835514554215,nan,1.279012631665252,nan
214.89000000000001,206.6795654296875,-174.6055450439453,-34.355106353759766,207.42179280150503,-174.89279054645203,-34.36207623254257,0.7959020224850234,0.34918647780106565,0.06356073156231916,3.5713262584872894e-05,3.0527990991554876,3.8905320714544995,nan,nan,nan
214.9,206.6708984375,-174.6035614013672,-34.35609436035156,207.3916554134005,-174.88080669043566,-34.36343589897355,0.7722755122423954,0.3491125129658407,0.06355275411528609,3.499461023185955e-05,3.155677082041067,3.8782173692534543,5.0226280338841365,0.06826820902253311,nan
214.91,206.66221618652344,-174.6016387939453,-34.357059478759766,207.38301947035214,-174.87874327696102,-34.36453067251358,0.7722694395233747,0.3491667590449403,0.06356505510379087,3.5699776993630736e-05,3.180106305235819,4.136008026013361,nan,nan,nan
214.92000000000002,206.65354919433594,-174.59974670410156,-34.35800552368164,207.374377496836,-174.87671300896423,-34.36541306868332,0.7722426091827229,0.3492210899384299,0.063577415557541,3.500282653532174e-05,3.184993050108102,4.046166528825187,nan,0.026490160070352865,nan
214.93,206.64488220214844,-174.597900390625,-34.35893630981445,207.36574086318683,-174.87472676399025,-34.36646908114003,0.7722219841654763,0.34927550821320585,0.06358983819413931,3.570833733744815e-05,3.207309432120237,4.039381600572462,nan,nan,nan
214.94,206.63621520996094,-174.5960693359375,-34.35984420776367,207.35710422005923,-174.87277822975517,-34.36752114894374,0.7722096297147382,0.3493300116340358,0.063602320642724,3.5011058200956364e-05,3.3022125313597144,4.0772787457367565,nan,0.0001318708241881461,nan
214.95000000000002,206.62754821777344,-174.59429931640625,-34.36073684692383,207.3245809616651,-174.8690048903943,-34.36850397391129,0.7492517111751537,0.3492559641875701,0.06359445884403424,3.56948699575604e-05,3.1347040166177385,3.941200906785006,10.136785095825065,nan,nan
214.96,206.61888122558594,-174.59254455566406,-34.361610412597656,207.31586848113906,-174.8671100702613,-34.36802459953752,0.7491452449315991,0.34931023158646723,0.06360697862923957,3.499811053452226e-05,2.6202316318209227,3.3392090230237965,nan,1.5531339790763499,nan
214.97,206.61019897460938,-174.59083557128906,-34.36246871948242,207.30719736597987,-174.86529305872702,-34.368996923431105,0.7491170051671604,0.34936458620265287,0.06361956072190152,3.570343073464339e-05,2.6386213268101897,3.336764668330787,nan,nan,nan
214.98000000000002,206.60153198242188,-174.5891571044922,-34.36330795288086,207.2985528427697,-174.86353802538721,-34.370934532329876,0.7491202401653088,0.3494190259661545,0.06363220298027161,3.5006346331447275e-05,3.1066543552499173,3.8523235514175846,nan,0.6800055898603166,nan
214.99,206.59286499023438,-174.5875244140625,-34.36412811279297,207.2898808176449,-174.8617893564085,-34.37188459669107,0.7490744190688257,0.3494735531944485,0.06364490778066959,3.571200802847406e-05,3.130003350495614,3.9986660354512424,nan,nan,nan
215.0,206.58419799804688,-174.58590698242188,-34.36493682861328,207.26385434321702,-174.85914660584965,-34.37406527186343,0.7325817140887148,0.3493994212975536,0.06363715476454913,3.4993417015967895e-05,3.720848133818829,4.399845848967381,5.761317413712996,1.0451467686998488,nan
215.01,206.5755157470703,-174.58433532714844,-34.365726470947266,207.25515802665362,-174.85748276648897,-34.37499726458163,0.7325360738080365,0.34945371213971876,0.06364989633813586,3.5698546054925644e-05,3.7471158352554146,4.490319884718448,nan,nan,nan
215.02,206.5668487548828,-174.58277893066406,-34.36650085449219,207.2464490619788,-174.85583819814025,-34.37545215539684,0.7324602833925454,0.3495080881273014,0.06366269842065815,3.5001654102601604e-05,3.628493827001531,4.335084518735039,nan,0.15075511551863566,nan
215.03,206.55816650390625,-174.58126831054688,-34.36725997924805,207.23775204944207,-174.8542372048371,-34.37634990757292,0.7324146078200419,0.34956255141878523,0.06367556317596458,3.570712849153394e-05,3.653229948887107,4.354929449581853,nan,nan,nan
215.04,206.54949951171875,-174.5797882080078,-34.368003845214844,207.22908565233578,-174.85269783967183,-34.37841879601423,0.7324107186366808,0.3496171001839953,0.06368848877893006,3.500990743497753e-05,4.437347054113568,5.179087190075563,nan,0.9917008949637538,nan
215.05,206.54083251953125,-174.5783233642578,-34.36873245239258,207.2224164096761,-174.84909003195258,-34.37929380968812,0.7334730601102146,0.34954288638903935,0.06368084214940312,3.569368631169604e-05,4.487648666173026,5.213511818815091,1.1124519637122907,nan,nan
215.06,206.5321502685547,-174.576904296875,-34.36944580078125,207.21366518155546,-174.84751306122348,-34.378073942970836,0.7333253880933757,0.34959719848414866,0.06369380404476507,3.4996984310086626e-05,3.4898768147769585,4.256159094569524,nan,3.077722545857596,nan
215.07,206.5234832763672,-174.57550048828125,-34.370147705078125,207.20496691159425,-174.84601781856645,-34.378907442938214,0.733264143453305,0.3496515977244898,0.06370682874663595,3.5702270753692576e-05,3.5117977471844264,4.1912083921176535,nan,nan,nan
215.08,206.51480102539062,-174.5740203857422,-34.37093734741211,207.19621718390718,-174.84444531015865,-34.37775261702422,0.7331466897783776,0.34970608243159745,0.06371991462565363,3.500524319755199e-05,2.689083288159428,3.425400127901187,nan,2.9022792440946388,nan
215.09,206.50611877441406,-174.5724639892578,-34.37181854248047,207.18751792012716,-174.84284023238098,-34.37869664506465,0.7331135088914268,0.34976065453518573,0.06373306355379027,3.571087240477127e-05,2.6866427373376833,3.427026980470834,nan,nan,nan
215.1,206.49745178222656,-174.57081604003906,-34.37278747558594,207.20684918965154,-174.85439911269452,-34.37918693675743,0.7640058860121894,0.34968635739789217,0.06372551685110703,3.499233951686677e-05,2.6346907287817585,3.2075857587153855,8.5368255593931,0.23000402849937174,nan
215.11,206.48876953125,-174.569091796875,-34.37384796142578,207.19819703699878,-174.852658191958,-34.38030579219878,0.7640281342408751,0.34974069247510475,0.06373870146590198,3.569743738164085e-05,2.632406689024349,3.1310567309902684,nan,nan,nan
215.12,206.4801025390625,-174.56729125976562,-34.37499237060547,207.18952714211272,-174.85082079114915,-34.38079916531915,0.7640065323309568,0.34979511300829313,0.06375194757693065,3.5000600785596426e-05,2.4272642819007126,3.028521763875426,nan,0.3598889089739498,nan
215.13,206.47142028808594,-174.56539916992188,-34.376224517822266,207.18087406331554,-174.84892125853946,-34.38208677540176,0.7640312820726296,0.34984962078346027,0.06376525687693198,3.5706045227684675e-05,2.4261127632908135,2.9376286192115453,nan,nan,nan
215.14000000000001,206.46273803710938,-174.56344604492188,-34.377540588378906,207.17221914886636,-174.8469423981866,-34.383395718608725,0.7640470619041304,0.3499042143387436,0.06377862800389796,3.5008878765374806e-05,2.4427339112581388,3.043763990284331,nan,0.0029943414773001935,nan
215.15,206.45407104492188,-174.5614013671875,-34.37894058227539,207.17755428120168,-174.85703587974814,-34.38492633977644,0.7815776272947732,0.34982983602882156,0.06377117822812414,3.569263072811832e-05,2.502877918071956,3.025494337963539,9.597521233456623,nan,nan
215.16,206.4453887939453,-174.55929565429688,-34.38042068481445,207.16888851229515,-174.85490690746695,-34.38473876113263,0.7815730939817308,0.3498841922744416,0.0637845845023304,3.499598237229008e-05,2.0317989323719656,2.64782823697671,nan,2.119685677181702,nan
215.17000000000002,206.43670654296875,-174.55709838867188,-34.381988525390625,207.16026264687807,-174.85274099568227,-34.38634993753141,0.7816373893949763,0.3499386356102923,0.06379805410814023,3.5701241318337325e-05,2.0317320988286944,2.508221586016914,nan,nan,nan
215.18,206.42803955078125,-174.55484008789062,-34.38363265991211,207.15161752692316,-174.85048235909957,-34.38719497788933,0.7816534591445109,0.34999316470967934,0.06381158584661868,3.500426654524519e-05,1.861326385797542,2.478472977247498,nan,0.5084993814971284,nan
215.19,206.4193572998047,-174.55250549316406,-34.38536071777344,207.14299137119943,-174.84816828144008,-34.388961852670505,0.78171332458071,0.3500477811549223,0.06382518116715764,3.5709869414233335e-05,1.8618914466588052,2.39362352241585,nan,nan,nan
215.20000000000002,206.41067504882812,-174.5500946044922,-34.38716506958008,207.0913711526932,-174.82914713823476,-34.391742865489164,0.7356891045955664,0.3499733205852161,0.06381782219608748,3.499138994972977e-05,1.9239048220087116,2.704932297907267,16.035751627425448,0.46278982303325855,nan
215.21,206.40200805664062,-174.54762268066406,-34.3890495300293,207.08267480136965,-174.82666536200114,-34.393680743542134,0.7356585373163228,0.35002769937318773,0.06383145201711772,3.569646266288833e-05,1.9254969392380807,2.7379018435676796,nan,nan,nan
215.22,206.39332580566406,-174.54507446289062,-34.391014099121094,207.07395927594345,-174.8240943529416,-34.394800137447106,0.7356142698417563,0.350082163903955,0.06384514426651813,3.49996768730187e-05,1.7339008007907215,2.429806797922195,nan,0.5685613481097708,nan
215.23000000000002,206.3846435546875,-174.54244995117188,-34.39305114746094,207.06526328681858,-174.8214712596191,-34.39688596136508,0.735602349188379,0.3501367156335372,0.06385890024625343,3.5705097270804805e-05,1.7359164998204835,2.5393142046936443,nan,nan,nan
215.24,206.3759765625,-174.53976440429688,-34.39512634277344,207.05653718802037,-174.81875042775044,-34.39757783943057,0.7355283652769448,0.35019135342549806,0.06387271897750436,3.500798063183262e-05,1.4953589476671876,2.385735831026473,nan,1.4892315664322562,nan
215.25,206.36729431152344,-174.53700256347656,-34.39720153808594,207.03336346097166,-174.8063544660529,-34.39971913747668,0.7184740061928924,0.35011681242456694,0.06386544730167518,3.5691711088220934e-05,1.4531721675296563,2.3815805180825196,4.782106877671509,nan,nan
215.26,206.35861206054688,-174.5341796875,-34.39925765991211,207.02466324782708,-174.80351851204733,-34.40288328317029,0.7184571884461298,0.35017121227626036,0.06387929993748057,3.4995111429451664e-05,1.650808082764577,2.545698430844667,nan,0.7425127593908921,nan
215.27,206.34994506835938,-174.5312957763672,-34.40127944946289,207.0159423447164,-174.8005959267579,-34.40500716196044,0.7183932342080397,0.3502256991827027,0.06389321645422463,3.570034851126884e-05,1.6639509869772615,2.729107358416531,nan,nan,nan
215.28,206.3412628173828,-174.52833557128906,-34.40326690673828,207.00719906191853,-174.79758632116113,-34.40597169391692,0.7183135554663338,0.35028027212472057,0.06390719600553925,3.5003421393718236e-05,1.4833038631442834,2.4209355472292327,nan,0.8970045075732058,nan
215.29,206.3325958251953,-174.5253143310547,-34.40522003173828,206.9984786100916,-174.79453191903582,-34.40801703723594,0.718251916906165,0.35033493238173435,0.0639212396955744,3.57090034236915e-05,1.4929048215224678,2.4368722252876216,nan,nan,nan
215.3,206.32391357421875,-174.52223205566406,-34.40713119506836,206.98093489775994,-174.78703624001784,-34.41117515874649,0.7083887557558441,0.35026031017632936,0.06391404946493356,3.499057176632959e-05,1.7102029803761156,2.81208577647081,0.912375978094268,0.9444937614699397,nan
215.31,206.31524658203125,-174.51907348632812,-34.40900802612305,206.97219983242337,-174.78384388347934,-34.41315891394175,0.7083136072941602,0.3503147321544707,0.06392812637275036,3.569562467702261e-05,1.7249657222106634,2.765501173769551,nan,nan,nan
215.32,206.3065643310547,-174.5159149169922,-34.41084671020508,206.96348055539153,-174.7806254745081,-34.41591436521681,0.7082628651741327,0.35036924013716086,0.06394226658879264,3.499888428862677e-05,1.9757010534542285,3.0232471751556194,nan,0.46113408335493394,nan
215.33,206.2978973388672,-174.5127716064453,-34.41264724731445,206.9547463782419,-174.77739642697338,-34.417833923399094,0.708169370825802,0.35042383529561805,0.06395647109900242,3.57042858510275e-05,1.995003977614238,3.1185239354154355,nan,nan,nan
215.34,206.28921508789062,-174.50965881347656,-34.41441345214844,206.94597171717288,-174.7741635208888,-34.41751851497492,0.7080265897299223,0.3504785167735915,0.06397073923366313,3.500721350977753e-05,1.516648299293789,2.479087686374241,nan,3.41566156940495,nan
215.35,206.28054809570312,-174.50662231445312,-34.41614532470703,206.9325706473155,-174.76492858568992,-34.41927505076906,0.7013311149211708,0.350403814896016,0.06396362651842101,3.569092720289693e-05,1.5160677793802253,2.762901064154958,2.904289195465911,nan,nan
215.36,206.27186584472656,-174.5036163330078,-34.417842864990234,206.92379888776892,-174.7617859119286,-34.41951839257128,0.7011925780292352,0.3504582578123342,0.06397792722077536,3.499437063280382e-05,1.321637498075979,2.348768102644705,nan,1.6955163707386252,nan
215.37,206.26319885253906,-174.5006866455078,-34.41950607299805,206.91505557172073,-174.75872458490437,-34.421262380132134,0.7010733521715515,0.35051278776815,0.0639922923744637,3.569959076089468e-05,1.3276251037121956,2.5435856506330943,nan,nan,nan
215.38,206.25453186035156,-174.497802734375,-34.42113494873047,206.9063203836265,-174.75572722343895,-34.4234118246306,0.7009696892845647,0.35056740400646474,0.0640067214145877,3.500270560445838e-05,1.389077330453318,2.5784963491187574,nan,0.13541415882469873,nan
215.39000000000001,206.245849609375,-174.49497985839844,-34.422733306884766,206.89757777773923,-174.75278019658288,-34.42509598652202,0.7008681773789366,0.3506221075490959,0.06402121517041703,3.570827156021147e-05,1.3971600693934838,2.4845860041149996,nan,nan,nan
215.4,206.2371826171875,-174.49221801757812,-34.42429733276367,206.8547975471706,-174.73201628523074,-34.42718168749927,0.6625403613437112,0.350547325494976,0.06401417433325429,3.4989881661884504e-05,1.379454899878303,3.2394333908234914,14.838911172778777,0.150486667118738,nan
215.41,206.228515625,-174.489501953125,-34.42583084106445,206.8459966504773,-174.72914118237864,-34.428808160169815,0.662358393508255,0.3506017901463679,0.06402869993077577,3.5694919378029925e-05,1.3897431483573672,3.1594676265633987,nan,nan,nan
215.42000000000002,206.21983337402344,-174.48684692382812,-34.42733383178711,206.83720800432917,-174.7263309365864,-34.43112066532993,0.6622071931202729,0.3506563410391518,0.06404328966803864,3.499821859225182e-05,1.5510072282277734,3.249089378237238,nan,0.3620836168903936,nan
215.43,206.21116638183594,-174.48423767089844,-34.428810119628906,206.82840750925712,-174.7235638009886,-34.43269507546369,0.6620262070386154,0.35071097910464644,0.06405794428203104,3.5703605780316555e-05,1.5637069168162023,3.2481188440593467,nan,nan,nan
215.44,206.20249938964844,-174.481689453125,-34.43025207519531,206.8196245131717,-174.72086412123608,-34.43532273521544,0.6618713255177999,0.35076570372206906,0.06407266334588847,3.500657189861486e-05,1.8752303465747087,3.746696918124187,nan,0.826162358010552,nan
215.45000000000002,206.19381713867188,-174.47918701171875,-34.43166732788086,206.8184865852434,-174.7223945245342,-34.43679436061933,0.6703641534528387,0.3506908427725866,0.06406569011830016,3.569027286791833e-05,1.8977628132538733,3.397877784446779,0.9558476276451822,nan,nan
215.46,206.18515014648438,-174.47674560546875,-34.43305587768555,206.80971320360223,-174.7198031544091,-34.43915928798235,0.6702187971331037,0.350745328216353,0.06408044032212934,3.499375354141963e-05,2.225567782019959,3.869805228476938,nan,0.5285139137653411,nan
215.47,206.17648315429688,-174.47433471679688,-34.43441390991211,206.8009262004815,-174.71724966885216,-34.44064110836003,0.6700563930453032,0.35079990070399836,0.06409525556473836,3.569896087395635e-05,2.2469667983265844,3.843163915989435,nan,nan,nan
215.48000000000002,206.1678009033203,-174.47198486328125,-34.43574905395508,206.79212033912907,-174.71472875061195,-34.4408720023356,0.6698698361361681,0.35085455969679136,0.06411013549994873,3.500211182150813e-05,1.9103681379674275,3.3729730216372467,nan,1.0589709512206946,nan
215.49,206.1591339111328,-174.46966552734375,-34.43705368041992,206.7833329682853,-174.71227097219807,-34.44228961234662,0.6697083542902459,0.3509093060025947,0.06412508074404821,3.5707665715249184e-05,1.9279686115332895,3.4965687528689866,nan,nan,nan
215.5,206.15045166015625,-174.4674072265625,-34.438331604003906,206.7467979242625,-174.69312171790128,-34.44205869866636,0.6376439363378446,0.350834365878115,0.06411816964976876,3.498931148175113e-05,1.5033996515756236,3.7353403688217774,12.971047659046404,1.9372333889352595,nan
215.51,206.14178466796875,-174.46519470214844,-34.4395866394043,206.73796142099755,-174.69071391489862,-34.443410426171425,0.6374168632195627,0.3508888726894843,0.06413314526931033,3.5694337862313994e-05,1.5158585084963754,3.8243400910823406,nan,nan,nan
215.52,206.13311767578125,-174.46302795410156,-34.44081497192383,206.72912008345,-174.68834690498736,-34.444416696262465,0.6371816632589418,0.3509434659553997,0.06414818581628112,3.499767085217211e-05,1.476751163850416,3.8405748172391583,nan,0.07286486598478577,nan
215.53,206.1244354248047,-174.4608917236328,-34.442020416259766,206.72028307623452,-174.68602756607447,-34.44571731263792,0.6369727139440097,0.350998146409776,0.06416329183698359,3.570304738129705e-05,1.4887213013269687,3.5683187930947247,nan,nan,nan
215.54,206.1157684326172,-174.45880126953125,-34.44320297241211,206.71140374739568,-174.68371651902945,-34.44397398349028,0.6366858661272372,0.3510529136251513,0.06417846309002243,3.500604615561319e-05,1.1226584062912246,3.3362328088368565,nan,6.441110064596662,nan
215.55,206.10708618164062,-174.45675659179688,-34.444358825683594,206.69940792410125,-174.67949969529406,-34.4450641722441,0.6328191165419377,0.35097789539882346,0.06417160959451744,3.568973774741323e-05,1.1160238355507437,3.374441149906441,0.9989316409503126,nan,nan
215.56,206.09841918945312,-174.4547576904297,-34.445491790771484,206.69056891542274,-174.6773043333835,-34.44654505222397,0.6325894526591396,0.3510324228380209,0.06418681047222777,3.49932499108802e-05,1.1336384356550258,3.583585097701357,nan,0.05596284282373341,nan
215.57,206.08975219726562,-174.45278930664062,-34.44660568237305,206.68172592293476,-174.67514640817834,-34.447725564401885,0.6323581474311898,0.3510870373436063,0.06420207698882338,3.5698447873576905e-05,1.1368216275499443,3.4224657846875433,nan,nan,nan
215.58,206.08106994628906,-174.45086669921875,-34.44769287109375,206.67289192731212,-174.6730355147457,-34.44958530505128,0.6321517390002076,0.3511417385543921,0.06421740896314801,3.5001629214910114e-05,1.2039291013199571,3.5251804103291717,nan,0.346583569088233,nan
215.59,206.07240295410156,-174.448974609375,-34.448760986328125,206.6640483771478,-174.67095605839336,-34.45073055235753,0.6319208411741042,0.3511965271046139,0.06423280685131509,3.570717433411208e-05,1.2099750236300422,3.5519387518774916,nan,nan,nan
215.6,206.063720703125,-174.44712829589844,-34.449806213378906,206.64905772181828,-174.67666229639096,-34.452889309429295,0.6287406367621664,0.35112143068021223,0.06422600559628686,3.498884991420171e-05,1.277392134454973,3.356735065594904,10.140807840443262,0.9169356905478987,nan
215.61,206.0550537109375,-174.4453125,-34.45083236694336,206.64020918615557,-174.67469872636096,-34.45400333421159,0.6285181191144978,0.3511759791419125,0.06424143230674981,3.569386810417633e-05,1.2868063541817116,3.4297610330806854,nan,nan,nan
215.62,206.04637145996094,-174.44354248046875,-34.451839447021484,206.63137947438892,-174.67278667219816,-34.45665131489097,0.6283394229706069,0.3512306142495438,0.06425692469319322,3.499722928760773e-05,1.6662135679552779,3.690576809228827,nan,1.7047789886903673,nan
215.63,206.03770446777344,-174.44180297851562,-34.452823638916016,206.62253041459334,-174.67089558713892,-34.457741847887014,0.6281154353931324,0.3512853365783109,0.06427248316036056,3.570259816929303e-05,1.6815233626917654,3.889689939732068,nan,nan,nan
215.64000000000001,206.02902221679688,-174.44009399414062,-34.45378875732422,206.61368072028822,-174.66903921264984,-34.458782603115665,0.6279063762048864,0.3513401458558265,0.0642881076040856,3.500562408605758e-05,1.7158876512400938,3.7346489203185653,nan,0.0006736435885965119,nan
215.65,206.0203399658203,-174.43841552734375,-34.454734802246094,206.59823379966954,-174.67097891534576,-34.45987960532236,0.6229554411341375,0.3512649721379795,0.06428135385221626,3.5689308998237564e-05,1.6988118812512414,3.6763202158123773,3.6957691979976115,nan,nan
215.66,206.0116729736328,-174.43678283691406,-34.45566177368164,206.58937877075002,-174.6692157967353,-34.461102394983556,0.6227348305613206,0.3513195410463024,0.06429700632099472,3.4992847227326374e-05,1.8023331308930537,3.997064911410268,nan,0.024702650397784166,nan
215.67000000000002,206.00299072265625,-174.4351806640625,-34.45656967163086,206.58052128958587,-174.66748415595106,-34.462122203046555,0.6225249382047222,0.35137419705957723,0.06431272503699913,3.5698038566815834e-05,1.8194178388932438,3.8542207907460235,nan,nan,nan
215.68,205.9943084716797,-174.43360900878906,-34.457462310791016,206.57166150419405,-174.66578341727984,-34.462951109003505,0.6223115032018895,0.3514289399576988,0.06432850993947745,3.500124495950247e-05,1.8158326855772537,3.7661294630427093,nan,0.021248370905983336,nan
215.69,205.9856414794922,-174.4320526123047,-34.45833206176758,206.56280333697174,-174.66411580521134,-34.4639348482106,0.622093663725329,0.3514837702372644,0.06434436136811633,3.570678392541666e-05,1.8334538389562467,4.018629838191204,nan,nan,nan
215.70000000000002,205.97695922851562,-174.4305419921875,-34.459190368652344,206.51510153980013,-174.63976621691927,-34.464915106402515,0.5774120677917505,0.35139021703950757,0.06310662814664733,3.498812638826417e-05,1.8090969422500527,4.418275461632681,13.305203252262698,0.008126716118843939,0.12371605621611766
215.71,205.96827697753906,-174.42906188964844,-34.460025787353516,206.50618805020324,-174.63813921433737,-34.465865206557126,0.5771444781078984,0.35144459858023497,0.06311829260790332,3.569313069749088e-05,1.8269852776371946,4.583966656836666,nan,nan,nan
215.72,205.9595947265625,-174.4276123046875,-34.46084976196289,206.4972671123077,-174.6365193461456,-34.46592477666554,0.5768531027375527,0.35149906582299995,0.06313001536652056,3.499653516822113e-05,1.6068385210723963,4.233603350671522,nan,0.5403407096185086,nan
215.73000000000002,205.950927734375,-174.4261932373047,-34.46165466308594,206.4883529315659,-174.6349516073093,-34.4668346794546,0.576569798196411,0.35155361909834054,0.06314179850685571,3.5701891013498297e-05,1.6216063202367867,4.524777494575132,nan,nan,nan
215.74,205.94224548339844,-174.42478942871094,-34.46244430541992,206.47944011693244,-174.63341810204446,-34.46794411347073,0.5763108931151912,0.3516082583726697,0.063153640281467,3.500495871343815e-05,1.7332736011112644,4.3584303533307045,nan,0.032562825828051346,nan
215.75,205.93356323242188,-174.42343139648438,-34.46321487426758,206.48903979765137,-174.63722906023045,-34.46877455027286,0.595226482559139,0.35153365572343215,0.06314532308087374,3.5688631848842685e-05,1.8115399888860093,4.261819916690907,2.913455359438821,nan,nan
215.76,205.9248809814453,-174.42208862304688,-34.46397399902344,206.48013982732317,-174.63570178077018,-34.467871007306776,0.5949438240302123,0.35158805798759085,0.06315720285492472,3.499221032630751e-05,1.3787297562793275,3.668117074963627,nan,2.2126831718584206,nan
215.77,205.91619873046875,-174.4207763671875,-34.464717864990234,206.47125276781534,-174.6342455369563,-34.468705331819265,0.5947015812222572,0.35164254619153723,0.06316914316983809,3.5697390228799456e-05,1.3894541221286965,3.7029669330463313,nan,nan,nan
215.78,205.9075164794922,-174.41949462890625,-34.46544647216797,206.46235792805587,-174.63278986080857,-34.46845740856952,0.5944349878115524,0.3516971203290325,0.06318114246661687,3.500063540770144e-05,1.2024149976206897,3.5432046599292164,nan,0.8056642162513306,nan
215.79,205.89883422851562,-174.41822814941406,-34.46615982055664,206.453470386021,-174.63138590133488,-34.46925316319843,0.5941944657979903,0.35175178068828433,0.06319320254863023,3.5706163675894615e-05,1.2106404623503084,3.528403566865639,nan,nan,nan
215.8,205.89016723632812,-174.4169921875,-34.46685791015625,206.4360128736068,-174.6247866806881,-34.46762408439574,0.5840604405011844,0.35167710080969844,0.0631850075657704,3.498790135040079e-05,0.9477493093355067,3.796107806061335,1.5654452891264148,4.2646649835245904,nan
215.81,205.88148498535156,-174.41578674316406,-34.46754455566406,206.42710907589782,-174.62341866811855,-34.468369754775395,0.5837956366728906,0.3517315238447751,0.06319710519363686,3.56929038658353e-05,0.9494254401630432,3.5798352793350032,nan,nan,nan
215.82,205.872802734375,-174.41448974609375,-34.468318939208984,206.41820378587792,-174.62201632904345,-34.46898677332677,0.5835495142776476,0.3517860327457313,0.06320926214071995,3.49963239825626e-05,0.9418583346300521,3.652276430514098,nan,0.019989868984696568,nan
215.83,205.86410522460938,-174.41310119628906,-34.46918869018555,206.4092991303318,-174.62053308726607,-34.469862071645764,0.5833222417101439,0.3518406277775702,0.06322148003799899,3.570167828610221e-05,0.9406220190336411,3.3213167739261955,nan,nan,nan
215.84,205.8554229736328,-174.41163635253906,-34.47014236450195,206.4003959662738,-174.61897256165196,-34.471115735112846,0.5830821672523799,0.35189530897000315,0.06323375758361993,3.500476079438637e-05,0.9537590763798609,3.722150472178251,nan,0.05837891590840256,nan
215.85,205.84674072265625,-174.41009521484375,-34.471187591552734,206.3729082046155,-174.6092926055849,-34.4722602022905,0.5626126287626438,0.3518205523818336,0.06322568214363802,3.568843277960091e-05,0.9055159481252184,4.153001231186359,3.5622421640232687,nan,nan
215.86,205.8380584716797,-174.40846252441406,-34.47231674194336,206.36397535596163,-174.60756077523203,-34.47404632411058,0.562344800016922,0.35187499594876803,0.06323799684240156,3.499202523803274e-05,0.9574512383102153,4.252678909031525,nan,0.28689045934791474,nan
215.87,205.82937622070312,-174.40675354003906,-34.473533630371094,206.35503850341178,-174.60573421444465,-34.475288900475846,0.56206514321964,0.35192952555654605,0.06325037265884122,3.5697204052158593e-05,0.9569986186694874,4.2391432598654735,nan,nan,nan
215.88,205.82069396972656,-174.40496826171875,-34.47483825683594,206.34610246296884,-174.60383094381777,-34.47678067610645,0.5617866357393725,0.3519841412544136,0.06326280844786626,3.500046243319536e-05,0.9772550968770519,4.230552929239693,nan,0.01868211235723085,nan
215.89000000000001,205.81201171875,-174.40310668945312,-34.47622299194336,206.33716537720852,-174.6018450008012,-34.478197074502454,0.561504388577512,0.3520388432771403,0.06327530560655426,3.570598981313141e-05,0.9773948083049294,4.378432954201202,nan,nan,nan
215.9,205.80332946777344,-174.40115356445312,-34.47769546508789,206.30644717421353,-174.5969100142017,-34.4788251342809,0.5398604359500672,0.3519640102600898,0.0632673440162825,3.4987740049049265e-05,0.7915386045365387,4.40711258557766,7.438423926265121,0.7134192391846559,nan
215.91,205.79464721679688,-174.39913940429688,-34.479244232177734,206.29747932000524,-174.59478475081326,-34.48040261438997,0.5395540450036601,0.3520184743492386,0.0632798778292253,3.56927418623363e-05,0.7914406379580518,4.68161581826739,nan,nan,nan
215.92000000000002,205.7859649658203,-174.39703369140625,-34.48088073730469,206.28851115790837,-174.5925816846094,-34.48199604311758,0.5392522014188224,0.3520730244560856,0.0632924719291779,3.4996173694147236e-05,0.7880803972499413,4.419278352462838,nan,0.0031449568681157663,nan
215.93,205.7772674560547,-174.39486694335938,-34.48259353637695,206.27954322655668,-174.59030426942678,-34.483737338791734,0.5389601157207414,0.3521276607991329,0.06330512757153801,3.570152746482814e-05,0.7880478385347365,4.4061451575081065,nan,nan,nan
215.94,205.76858520507812,-174.3926239013672,-34.4843864440918,206.27056895590084,-174.5879274502115,-34.484273957178225,0.5386382598131475,0.3521823834528333,0.06331784382270408,3.500462099502302e-05,0.7505400259690722,4.575979373818285,nan,1.1666401728643663,nan
215.95000000000002,205.75990295410156,-174.3903045654297,-34.48625946044922,206.24833106402235,-174.5857674864987,-34.4861340854716,0.526087243518135,0.3521074744756127,0.0633099928766802,3.568829268789927e-05,0.6863140288752523,4.6331466649848725,4.705807702904176,nan,nan
215.96,205.751220703125,-174.38790893554688,-34.48820877075195,206.2393460047688,-174.58329000001112,-34.488195621298345,0.5257756847068383,0.3521619588971819,0.0633227453291044,3.499189549058558e-05,0.6847255003342313,4.68499111774044,nan,0.006268966928867976,nan
215.97,205.74253845214844,-174.38543701171875,-34.490234375,206.23036067139725,-174.58073853928346,-34.49024215751514,0.5254647507897297,0.3522165294668049,0.0633355594987273,3.5697074069512826e-05,0.6835619397637742,4.707852707079289,nan,nan,nan
215.98000000000002,205.73385620117188,-174.38290405273438,-34.4922981262207,206.2213830270918,-174.57814641554094,-34.494050251769245,0.5251714540698016,0.3522711862723515,0.063348434579222,3.500034215727793e-05,0.7701478005985523,4.881798688872341,nan,2.0462191391647795,nan
215.99,205.7251739501953,-174.3802947998047,-34.49436569213867,206.2123983363649,-174.57545302463623,-34.496193437371204,0.5248596725319815,0.3523259295115603,0.06336137163596092,3.570586943082168e-05,0.7748608854903081,4.7137779959446675,nan,nan,nan
216.0,205.71649169921875,-174.37762451171875,-34.49640655517578,206.2276986373026,-174.5795372717251,-34.49901592109864,0.5496436163451465,0.35225094489578845,0.06335362586212956,3.498762881578748e-05,0.9554637885883493,4.612156818287002,5.015636356462581,0.2620749863276809,nan
216.01,205.7078094482422,-174.37489318847656,-34.49842071533203,206.21875211961805,-174.5767059428063,-34.501132344294824,0.549361587822165,0.35230544960031407,0.06336659857677204,3.56926306397272e-05,0.9657923466663942,4.515754008913753,nan,nan,nan
216.02,205.69912719726562,-174.3720703125,-34.50040054321289,206.20980471229157,-174.57380170478115,-34.50293606740473,0.5490842447818852,0.3523600404644461,0.06337963249512336,3.4996070973722954e-05,0.942314640257692,4.371668287711827,nan,0.05570427388665093,nan
216.03,205.69044494628906,-174.36920166015625,-34.502342224121094,206.2008585878756,-174.57083567690498,-34.50498279010905,0.5488035484730209,0.35241471767500865,0.0633927285689613,3.570142486028757e-05,0.9528366433294891,4.480794912411509,nan,nan,nan
216.04,205.6817626953125,-174.36631774902344,-34.50424575805664,206.19191486848575,-174.56784547315874,-34.507621819412755,0.5485253514458818,0.3524694813367878,0.06340588616164912,3.500452633448295e-05,1.0821516429825402,4.5850656532693055,nan,0.27880816637730466,nan
216.05,205.67308044433594,-174.36346435546875,-34.50611114501953,206.17329194199755,-174.55845781026105,-34.50957326962643,0.5368854403981353,0.3523944215157343,0.06339824191068805,3.568819827380305e-05,1.0762795704532253,4.945896398624339,2.2549378761927565,nan,nan
216.06,205.66439819335938,-174.36065673828125,-34.50794219970703,206.16432796211447,-174.55548279102953,-34.511377996303466,0.5365619900955076,0.3524489463473616,0.0634114346502218,3.4991808480263406e-05,1.0769302138756638,4.879973990474017,nan,0.013646920766516942,nan
216.07,205.6557159423828,-174.35789489746094,-34.509735107421875,206.15536460768422,-174.5525546874778,-34.513284868339014,0.5362404529587949,0.35250355743842476,0.06342468972592516,3.569698735376358e-05,1.091730878212529,4.935114634535801,nan,nan,nan
216.08,205.64703369140625,-174.3551788330078,-34.51149368286133,206.14639941184205,-174.549665997404,-34.51447914026477,0.5359107134748698,0.352558254902475,0.06343800660190621,3.500026233754538e-05,0.9925337480744758,4.7553937833853235,nan,0.32430663403193405,nan
216.09,205.6383514404297,-174.35252380371094,-34.51321792602539,206.13743660066933,-174.54683940449706,-34.5163100092103,0.535587631353383,0.35261303891277246,0.06345138607942957,3.5705789980465054e-05,1.0048465921731116,4.775689751780591,nan,nan,nan
216.1,205.6296844482422,-174.34991455078125,-34.5149040222168,206.13796941998714,-174.55134994360202,-34.518148223562456,0.5467543825384484,0.35253790423524367,0.06344383804412085,3.49875557934621e-05,1.0483646590996982,4.779440352950054,3.2643850689038745,0.006752466624342534,nan
216.11,205.62100219726562,-174.3473663330078,-34.51655960083008,206.12902512897313,-174.54864949695124,-34.519912234938886,0.5464553516832178,0.35259244911801746,0.06345725208136527,3.569255805215586e-05,1.0616422604887756,4.478205079093521,nan,nan,nan
216.12,205.61231994628906,-174.3448486328125,-34.51818084716797,206.12008219476255,-174.54600636636198,-34.522103181136835,0.5461705955517688,0.3526470802942137,0.06347072819177572,3.499600433293377e-05,1.1854394002642121,4.571364754666641,nan,0.1490721776734034,nan
216.13,205.6036376953125,-174.34239196777344,-34.519771575927734,206.111137978494,-174.54340693676707,-34.52380750713157,0.5458753007139179,0.352701797930185,0.06348426708789771,3.570135871170829e-05,1.2012182469339292,4.547163551534343,nan,nan,nan
216.14000000000001,205.59495544433594,-174.33999633789062,-34.521331787109375,206.1021943742573,-174.5408598572911,-34.525699180570506,0.5455791047862415,0.3527566021501935,0.06349786836647053,3.500446569558505e-05,1.289061625271025,4.642956011376977,nan,0.03364148357640436,nan
216.15,205.58627319335938,-174.33763122558594,-34.522857666015625,206.07701583269719,-174.53519598923884,-34.52727766316029,0.5290365868975676,0.3526813930258893,0.0634904125329726,3.568813818118547e-05,1.2346084123054095,4.935208295513798,2.8117256398501853,nan,nan
216.16,205.57760620117188,-174.3353271484375,-34.52435302734375,206.0680466118149,-174.5327422360781,-34.52847064934121,0.5286978986441716,0.3527359578262505,0.06350404780452153,3.499175347859852e-05,1.170772510393149,5.153592595152533,nan,0.12541676906600605,nan
216.17000000000002,205.5689239501953,-174.3330535888672,-34.525821685791016,206.05907839289034,-174.53034054292615,-34.53005155382267,0.5283856657017724,0.3527906089999229,0.06351774604671809,3.569693293555987e-05,1.1865172418053502,4.764361444891203,nan,nan,nan
216.18,205.56024169921875,-174.33084106445312,-34.52725601196289,206.05011431321773,-174.52800773186726,-34.53344225070045,0.5280986103324947,0.35284534667651,0.06353150693389634,3.500021261727263e-05,1.7778147254543064,5.544922452802306,nan,2.3868413245290974,nan
216.19,205.5515594482422,-174.3286590576172,-34.52866744995117,206.04114629018892,-174.52569656915395,-34.5349847803397,0.5277868560538544,0.3529001710140983,0.06354533106259713,3.5705740879182403e-05,1.8011883748402504,5.335727231177285,nan,nan,nan
216.20000000000002,205.54287719726562,-174.32652282714844,-34.53004837036133,206.00907924370063,-174.51551492221247,-34.53694035938569,0.5031002480714839,0.3528248878087118,0.06353796223995366,3.4987511010852146e-05,1.9752616755426748,6.175823662550856,4.256727819225114,0.1726214455201943,nan
216.21,205.53421020507812,-174.32443237304688,-34.53139877319336,206.00007447872207,-174.51328289476362,-34.538432665557416,0.5027360307878042,0.35287947243416623,0.06355181973137422,3.569251391687684e-05,2.0028001758913474,6.560067996448046,nan,nan,nan
216.22,205.52552795410156,-174.3223876953125,-34.5327262878418,205.99107135861144,-174.51110419901195,-34.540854345373575,0.5024048622081885,0.3529341434802857,0.06356574012249756,3.4995964169024506e-05,2.5034777419473433,6.658426550840632,nan,0.6450642621463644,nan
216.23000000000002,205.516845703125,-174.32037353515625,-34.534027099609375,205.9820661234681,-174.50895567681127,-34.542303999956395,0.502057537275108,0.3529889011011443,0.06357972394253839,3.570131921848078e-05,2.5336028173903458,6.645745862123369,nan,nan,nan
216.24,205.50816345214844,-174.3184051513672,-34.53529739379883,205.97306362927438,-174.50686791279873,-34.54553879567814,0.5017522032344106,0.35304374543257216,0.06359377096656149,3.500442984152576e-05,3.6101157127836028,7.8652903425889615,nan,2.3136662397160523,nan
216.25,205.49948120117188,-174.3164825439453,-34.53654861450195,205.94659082943053,-174.50041398184956,-34.54711572977072,0.48357983565924656,0.3529683885409689,0.0635864848472328,3.568810300179547e-05,3.695213713840994,8.264275059009265,3.6682791318091748,nan,nan
216.26,205.4907989501953,-174.31459045410156,-34.53776931762695,205.93755839389814,-174.4983879026807,-34.548700590176665,0.48321319866226364,0.353022992871692,0.06360056461398858,3.499172162358399e-05,3.9802449928644097,8.671856227666279,nan,0.024974846843599276,nan
216.27,205.48211669921875,-174.312744140625,-34.538970947265625,205.92852544299032,-174.4963979181045,-34.55007564184896,0.48283826561281123,0.3530776836907169,0.06361470799713541,3.56969017811741e-05,4.018869099781679,8.549898768534977,nan,nan,nan
216.28,205.47344970703125,-174.31092834472656,-34.54014587402344,205.91949264128837,-174.49444872853937,-34.551768269187285,0.48246151198292175,0.35313246113679003,0.06362891482970416,3.500018449237075e-05,4.422791893950825,9.282805954195874,nan,0.08203592841287377,nan
216.29,205.4647674560547,-174.30914306640625,-34.541297912597656,205.9104590161949,-174.4925325742527,-34.55310072694483,0.48209126189434676,0.35318732535947184,0.0636431855541885,3.5705713463277245e-05,4.463929964658577,8.982201910182077,nan,nan,nan
216.3,205.45608520507812,-174.30740356445312,-34.54242706298828,205.8998563277604,-174.49174281833754,-34.55220269136284,0.4806343025206075,0.35311189515676256,0.06363597702327264,3.4987486327805286e-05,3.2900817987956,7.809479020075765,0.6435698401298942,3.1877882530290678,nan
216.31,205.44740295410156,-174.30569458007812,-34.54353332519531,205.8908206231084,-174.48990461526307,-34.553468592236776,0.4802616742792191,0.3531665190908941,0.06365027981774711,3.569248994601981e-05,3.3233476803881055,7.824492379128625,nan,nan,nan
216.32,205.438720703125,-174.30401611328125,-34.54461669921875,205.8817858359819,-174.48811249245318,-34.55594245805446,0.4799233913771285,0.35322122956759144,0.06366464629999784,3.499594268920877e-05,4.222216694802793,8.72468120391485,nan,1.0672736394178468,nan
216.33,205.43003845214844,-174.30238342285156,-34.545677185058594,205.8727494593505,-174.48634262404076,-34.55717851148986,0.47954802065039503,0.353276026734408,0.06367907686307622,3.5701298451190474e-05,4.261105611681705,8.80712782222038,nan,nan,nan
216.34,205.42135620117188,-174.30076599121094,-34.54671859741211,205.8637125401458,-174.48460273262936,-34.558063852820126,0.4791698998748017,0.3533309107332103,0.06369357141405169,3.500441132113268e-05,4.232075684365906,8.656921136631643,nan,0.07697764769268203,nan
216.35,205.4126739501953,-174.2991943359375,-34.5477409362793,205.85773044881364,-174.4800448155111,-34.559157726380654,0.48053358469582835,0.35325540760561097,0.06368643593219964,3.5688085167956856e-05,4.213795950834077,8.639862640823472,2.208863173670696,nan,nan
216.36,205.40399169921875,-174.2976531982422,-34.54874038696289,205.84869717390376,-174.47837076119094,-34.56214850874153,0.48020992753439373,0.353310051031004,0.06370096188239285,3.499170580809081e-05,5.698246691927661,10.173704751954018,nan,2.3404867235361144,nan
216.37,205.3953094482422,-174.29612731933594,-34.549720764160156,205.8396620141916,-174.4767124422289,-34.563318131377976,0.47983859564580167,0.35336478105970864,0.06371555210174173,3.56968866677814e-05,5.738919679403004,10.124868588101158,nan,nan,nan
216.38,205.38662719726562,-174.29464721679688,-34.550682067871094,205.8306270089099,-174.47509032491786,-34.56516049445077,0.4794842779953509,0.3534195978348705,0.06373020653910215,3.500017118381516e-05,6.547785290738975,10.93889482118531,nan,0.33773039880436945,nan
216.39000000000001,205.37794494628906,-174.29319763183594,-34.5516242980957,205.8215913687911,-174.47349265807802,-34.56629981266752,0.4791073109590786,0.35347450150206244,0.06374492552496243,3.570570084765436e-05,6.589376956995454,10.959238625316637,nan,nan,nan
216.4,205.3692626953125,-174.29176330566406,-34.552547454833984,205.83276087443926,-174.4789915802153,-34.56782275521646,0.5001183096498594,0.35339892582890325,0.06373785802154532,3.498747529382777e-05,7.279067638446733,11.031652517600643,3.261548155835706,0.13969689399335877,nan
216.41,205.36058044433594,-174.29037475585938,-34.55345153808594,205.8237571635294,-174.47746001775522,-34.568930199442406,0.49977310589790497,0.3534535886392839,0.06375260769209393,3.5692479592355504e-05,7.321609293213679,11.117656600278544,nan,nan,nan
216.42000000000002,205.3518829345703,-174.28900146484375,-34.55433654785156,205.81475217906896,-174.47594067242068,-34.56784779193319,0.4993763696340389,0.35350833810976073,0.06376742180436915,3.499593375614149e-05,5.824524125352508,9.319753179989133,nan,3.333615738018615,nan
216.43,205.34320068359375,-174.28765869140625,-34.555206298828125,205.80574752866434,-174.47446468590766,-34.568899229497546,0.499032624000412,0.3535631743852133,0.06378230065394859,3.570129018444543e-05,5.8589390989686265,9.554517007447808,nan,nan,nan
216.44,205.3345184326172,-174.28634643554688,-34.55605697631836,205.79674233535388,-174.47301131388943,-34.56929375122079,0.49866815145705956,0.35361809760987156,0.06379724424201776,3.500440430256304e-05,5.6116007337583875,9.345112850416534,nan,0.28958816103776897,nan
216.45000000000002,205.32583618164062,-174.28504943847656,-34.55689239501953,205.7721924150903,-174.46928275462867,-34.570521870002054,0.4830751126978935,0.35354244977288896,0.06379023999896008,3.5688078774525566e-05,5.768995671458869,9.841674959674627,4.677515197281024,nan,nan
216.46,205.31715393066406,-174.28379821777344,-34.557708740234375,205.7631636644812,-174.4679045560843,-34.57312114463651,0.48276015647039766,0.35359713185970537,0.06380521355258424,3.499170050374202e-05,7.351404244390206,11.507825190257552,nan,1.8048001100871318,nan
216.47,205.3084716796875,-174.2825469970703,-34.558509826660156,205.75413435986025,-174.46654132274273,-34.57412254199606,0.48240324756220443,0.35365190066401825,0.06382025203112388,3.569688199514002e-05,7.390459375655077,11.449268361520692,nan,nan,nan
216.48000000000002,205.29977416992188,-174.28134155273438,-34.559295654296875,205.74510464012346,-174.46518750261714,-34.572566822593195,0.4819695891715665,0.35370675633030124,0.06383535546459441,3.50001674522425e-05,5.593115787546778,9.385573742703917,nan,4.562851465605892,nan
216.49,205.2910919189453,-174.2801513671875,-34.56006622314453,205.7360746217709,-174.4638740097372,-34.57351298059498,0.4816060947344305,0.35376169900305515,0.06385052410537241,3.570569772846162e-05,5.624133148752991,9.645481410589273,nan,nan,nan
216.5,205.28240966796875,-174.27899169921875,-34.56081771850586,205.76699704098624,-174.47637259808215,-34.573704162144864,0.5234025236410093,0.35368597938236745,0.06384357807256416,3.498747295521433e-05,5.410606379805786,8.445420090548604,12.485744589887052,0.3406770183843383,nan
216.51,205.27371215820312,-174.27784729003906,-34.56155776977539,205.75803085821101,-174.47512132636908,-34.57461369380294,0.5231176786722864,0.3537406806381643,0.0638587759233669,3.5692477844751855e-05,5.439189177420482,8.136337866501995,nan,nan,nan
216.52,205.26502990722656,-174.27671813964844,-34.56228256225586,205.749064825837,-174.47387993038924,-34.57310184552351,0.5227615432037407,0.35379546866796063,0.06387403893976779,3.499593268802458e-05,4.007443168276758,6.9346243136124555,nan,4.093617180364426,nan
216.53,205.25634765625,-174.27561950683594,-34.562992095947266,205.74009810498572,-174.47267427871898,-34.57395989394956,0.5224608811833745,0.3538503436163583,0.0638893673506941,3.5701289685576026e-05,4.031094417373689,6.969711199859333,nan,nan,nan
216.54,205.24765014648438,-174.27455139160156,-34.563690185546875,205.73113080400526,-174.47149757253004,-34.57610798130479,0.5222025909842138,0.35390530562768346,0.0639047612213514,3.500440436742772e-05,5.066036529193136,7.736286567451007,nan,1.1991514914078132,nan
216.55,205.2389678955078,-174.27349853515625,-34.56437301635742,205.71143428904836,-174.46751808476674,-34.577071764065465,0.5109103021564709,0.3538295146031765,0.06389786854678221,3.568807936254005e-05,5.149470385137797,8.338497777347456,1.5483250094211642,nan,nan
216.56,205.23028564453125,-174.27235412597656,-34.56514358520508,205.7024504272287,-174.4663210069642,-34.577372720218534,0.5105999262465559,0.3538842349204222,0.0639132908623314,3.499170155065673e-05,4.903961745163743,8.147990623586658,nan,0.24264021083033102,nan
216.57,205.22158813476562,-174.27113342285156,-34.566009521484375,205.69346607452297,-174.46504031696506,-34.578345621380194,0.5103144647910953,0.3539390420678983,0.06392877875789328,3.569688356452428e-05,4.89229708233206,7.8124109581875825,nan,nan,nan
216.58,205.21290588378906,-174.2698211669922,-34.566959381103516,205.68448185339756,-174.46366910857589,-34.57829602783736,0.5099896460984247,0.35399393618958336,0.06394433231744402,3.5000169383616586e-05,4.300288396986548,7.549382336632468,nan,0.8749748452047382,nan
216.59,205.20420837402344,-174.26841735839844,-34.56800079345703,205.6754966974546,-174.46221839066698,-34.57943822361603,0.5097080916755726,0.3540489174306153,0.06395995174175637,3.570570015824382e-05,4.29117879909173,7.220221358944517,nan,nan,nan
216.6,205.19552612304688,-174.26693725585938,-34.569129943847656,205.66314685828866,-174.4579906291374,-34.5809501641796,0.5052823577740235,0.35397305538109286,0.06395310737939475,3.49874756380991e-05,4.611191847666146,7.942963006770729,0.3933145968082532,0.04526863165262259,nan
216.61,205.18682861328125,-174.265380859375,-34.570343017578125,205.6541548262039,-174.45636585245362,-34.582271894883206,0.5049864898981138,0.35402779465309503,0.0639687544529599,3.56924810010413e-05,4.603725683252662,7.730562708307942,nan,nan,nan
216.62,205.1781463623047,-174.26373291015625,-34.5716438293457,205.64516346692105,-174.4546555073429,-34.5826544941901,0.5046559707969943,0.3540826208099239,0.06398446738954994,3.499593603926261e-05,4.080269783432686,7.379015816372838,nan,0.7429192513504838,nan
216.63,205.16944885253906,-174.2620086669922,-34.573028564453125,205.63617153258932,-174.45286847484343,-34.58413795957813,0.5043619186520198,0.35413753399723724,0.06400024637523859,3.570129348541857e-05,4.072116915753779,7.1217669094283,nan,nan,nan
216.64000000000001,205.1607666015625,-174.2602081298828,-34.574493408203125,205.6271793761755,-174.4510020715018,-34.58581649885316,0.5040549740480331,0.3541925343582157,0.06401609151609242,3.500440828982141e-05,4.27696784170736,7.644049301717263,nan,0.008593652684510235,nan
216.65,205.15206909179688,-174.25833129882812,-34.57604217529297,205.63082216683446,-174.44517635919783,-34.58739334803094,0.5140471112310938,0.354116601663204,0.06400929051726305,3.568808368927415e-05,4.275870880313926,7.2809451618535395,7.303646862855225,nan,nan
216.66,205.1433868408203,-174.25637817382812,-34.577674865722656,205.6218473131758,-174.44311761803704,-34.58773960161612,0.5137093950267019,0.35417135978198805,0.0640251624985173,3.499170593611712e-05,3.559274816447797,6.761385862843629,nan,1.3615649900354028,nan
216.67000000000002,205.1346893310547,-174.25433349609375,-34.579383850097656,205.6128714021047,-174.44098616919223,-34.58954220157333,0.5134203984584093,0.3542262048418409,0.06404110071101943,3.569688834817511e-05,3.5540218151979817,6.524326742880543,nan,nan,nan
216.68,205.12600708007812,-174.25222778320312,-34.5811767578125,205.60389771931824,-174.43877074091856,-34.5888419865167,0.5130657792892009,0.35428113698531893,0.06405710527206328,3.500017416764455e-05,2.340858662968305,5.532777365586525,nan,4.713934941660668,nan
216.69,205.1173095703125,-174.2500457763672,-34.583045959472656,205.59492188639558,-174.43648758042298,-34.59077976168569,0.5127707894083804,0.35433615635904464,0.0640731763508632,3.570570531546326e-05,2.336223887143705,5.319345150487948,nan,nan,nan
216.70000000000002,205.10862731933594,-174.24778747558594,-34.584991455078125,205.57962320028437,-174.4279700467579,-34.593409773318314,0.5043547827735235,0.3542601533948927,0.06406641366358226,3.498748072775473e-05,2.6852612954448083,6.236547297153622,2.1307236578224726,0.21768280626857156,nan
216.71,205.0999298095703,-174.24545288085938,-34.587013244628906,205.57063562919183,-174.42551952091802,-34.59551156092292,0.5040438322878308,0.35431493025554506,0.06408251074804094,3.569248643876493e-05,2.682060232729004,5.979453899815335,nan,nan,nan
216.72,205.09124755859375,-174.2430419921875,-34.58907699584961,205.5870818069189,-174.41856444347056,-34.59936166610696,0.526085075970485,0.35040525689792057,0.06397809107921609,3.499576774395799e-05,4.003531635550865,7.471880600824112,nan,2.0025245464075065,0.16318412388477316
216.73000000000002,205.08255004882812,-174.24057006835938,-34.59114074707031,205.57810626842715,-174.41594503527438,-34.60155991730786,0.5257764780894566,0.3504566104092103,0.06399300164200732,3.570112133304222e-05,4.020235358020048,7.27757489007889,nan,nan,nan
216.74,205.07386779785156,-174.23802185058594,-34.59318161010742,205.56909859522796,-174.41326286275583,-34.60507675757683,0.525456420219323,0.35050804872854124,0.0640079718006776,3.500424565610381e-05,5.019847053212915,8.503853808897711,nan,1.2456141937986807,nan
216.75,205.065185546875,-174.2354278564453,-34.59519577026367,205.54396421906588,-174.3962133689745,-34.60724929351481,0.5051992531733407,0.3504415116022025,0.06400080662797952,3.5687917433166883e-05,5.155933259841865,9.274131195465877,13.588617576858404,nan,nan
216.76,205.05648803710938,-174.23284912109375,-34.597171783447266,205.53496813747367,-174.39339814721484,-34.60922902682614,0.5048411367459593,0.3504927292716055,0.06401579912800595,3.499154891720988e-05,5.23916278787447,9.225320667084185,nan,0.019286925335088103,nan
216.77,205.0478057861328,-174.23028564453125,-34.5991096496582,205.52596850418925,-174.39059968991916,-34.611337507407185,0.504469720194271,0.35054403319400573,0.06403085143781835,3.5696727829543926e-05,5.2726127766255955,9.408949847325063,nan,nan,nan
216.78,205.0391082763672,-174.22776794433594,-34.60101318359375,205.5169809878966,-174.38783165692405,-34.61291031171068,0.5041073915044249,0.35059542189587284,0.06404596360576703,3.5000022614434505e-05,5.127932790901543,8.999858357713666,nan,0.1763573518026786,nan
216.79,205.03042602539062,-174.22528076171875,-34.60287857055664,205.50798161194427,-174.38510825657178,-34.61494147790313,0.5037357244560345,0.35064689711912506,0.06406113586804467,3.5705550430250856e-05,5.15873710870749,9.171220360926343,nan,nan,nan
216.8,205.02174377441406,-174.2228546142578,-34.604705810546875,205.48224778980645,-174.37434884405678,-34.61369997547143,0.48486631648072454,0.35058026591646246,0.06405402111291109,3.498733458335681e-05,3.3758341133494385,8.115507183401032,3.1279048695306764,7.110363313815626,nan
216.81,205.0130615234375,-174.22047424316406,-34.60649490356445,205.47322139269133,-174.3717012944954,-34.6156266051208,0.48445857851769836,0.3506315201987031,0.06406921526392086,3.569233712886961e-05,3.3998654894230143,8.145432311815743,nan,nan,nan
216.82,205.00436401367188,-174.2181396484375,-34.608253479003906,205.46420861201804,-174.36909760961535,-34.61693310400469,0.48406683067658607,0.3506828592314331,0.06408446953035278,3.499580049373376e-05,3.2162848894579383,7.597912294056936,nan,0.2420688918678632,nan
216.83,204.9956817626953,-174.21585083007812,-34.6099739074707,205.45518229500252,-174.3665435174596,-34.618785028467485,0.4836596541723064,0.35073428466655265,0.0640997841318878,3.570115525428914e-05,3.2379724948188437,7.92054856389085,nan,nan,nan
216.84,204.98699951171875,-174.21360778808594,-34.61166000366211,205.4461577845654,-174.36403505299074,-34.62051904305821,0.4832526917972435,0.3507857951621395,0.06411515914147818,3.500427808152283e-05,3.305236266663434,7.981084701559496,nan,0.005021559231942184,nan
216.85,204.9783172607422,-174.21141052246094,-34.613311767578125,205.43562651773527,-174.36459677733149,-34.6222785000134,0.48236727449465067,0.3507190715564326,0.06410809112160712,3.568795095338358e-05,3.2336165018218352,7.86727580932174,1.9896178066619767,nan,nan
216.86,204.96961975097656,-174.20924377441406,-34.614933013916016,205.42660465985637,-174.3621925336825,-34.623695437716144,0.4819806116188605,0.3507703608675158,0.06412348755161644,3.499158092285667e-05,3.1743252145796887,7.382445221558233,nan,0.07914539723545322,nan
216.87,204.9609375,-174.20713806152344,-34.616519927978516,205.4175754337303,-174.35983333803577,-34.625411921658944,0.4815735847638043,0.3508217364614162,0.06413894455488259,3.569676090136102e-05,3.194638322797659,7.827638579900543,nan,nan,nan
216.88,204.95225524902344,-174.20506286621094,-34.61807632446289,205.40857402003428,-174.35751134418734,-34.625837368987746,0.48117314246151066,0.3508731970859823,0.06415446221812317,3.500005415659681e-05,2.6999434468318397,7.216845100996094,nan,1.120860751886938,nan
216.89000000000001,204.94357299804688,-174.20303344726562,-34.61960220336914,205.39954486878435,-174.35523671403703,-34.62747965835108,0.48076838042524206,0.3509247442614611,0.06417004074051691,3.570558298747975e-05,2.71632174820615,7.245319114598454,nan,nan,nan
216.9,204.93487548828125,-174.2010498046875,-34.621097564697266,205.37408676498578,-174.3486275266115,-34.629870466552816,0.46342495983671705,0.3508579269316742,0.06416301556948531,3.498736558244406e-05,3.0882473680239158,7.891992131899437,2.6843118906681958,0.4009916384575035,nan
216.91,204.9261932373047,-174.1990966796875,-34.622562408447266,205.3650300576936,-174.34643395719146,-34.63146203212309,0.46299593040640374,0.3509092526308288,0.06417861501305253,3.569236909190071e-05,3.1066636652943047,8.147415207610997,nan,nan,nan
216.92000000000002,204.91751098632812,-174.1971893310547,-34.624000549316406,205.35601359025452,-174.3442721065268,-34.631129173643366,0.4625675018584898,0.3509606633295782,0.06419427536381134,3.499583091603921e-05,2.3389480965104914,7.392881606581551,nan,2.539239193462659,nan
216.93,204.90882873535156,-174.1953125,-34.625404357910156,205.34695643395725,-174.3421562476786,-34.632645569119916,0.4621378600132103,0.3510121604596298,0.06420999680961635,3.5701186591212854e-05,2.354660537710684,7.4258521106612845,nan,nan,nan
216.94,204.900146484375,-174.1934814453125,-34.62678527832031,205.33793755858844,-174.34007138570314,-34.632298881940386,0.4617142353334638,0.35106374289890097,0.06422577945406935,3.500430787862848e-05,1.7536289898435924,6.814204765132211,nan,2.379261451488282,nan
216.95000000000002,204.89144897460938,-174.19168090820312,-34.628135681152344,205.31774581014395,-174.33451689451158,-34.6338623686945,0.4496264070555739,0.3509968332973651,0.06421879330801308,3.5687981599395055e-05,1.7559952324242993,6.924060957801355,1.7296405176693042,nan,nan
216.96,204.8827667236328,-174.18991088867188,-34.62946319580078,205.30865415706782,-174.33251193627487,-34.63603739638718,0.44917522733191806,0.35104819401480897,0.06423459635667142,3.499161003660997e-05,2.071145476772282,7.460263517392969,nan,0.40220620683398084,nan
216.97,204.87408447265625,-174.1881866455078,-34.630760192871094,205.29957775347356,-174.3305397919874,-34.63743967097786,0.4487243761610178,0.3510996410441369,0.06425046073341299,3.569679083342527e-05,2.0849488461672587,7.601383535954752,nan,nan,nan
216.98000000000002,204.8654022216797,-174.18649291992188,-34.63203048706055,205.29052850974477,-174.3285980997895,-34.63746234247805,0.4482808807014713,0.3511511733496613,0.06426638655102498,3.5000082566036456e-05,1.6771340809724422,7.169460562078908,nan,1.295362271736091,nan
216.99,204.85670471191406,-174.18482971191406,-34.633277893066406,205.28145185372807,-174.3266950202818,-34.63880124284541,0.4478464107149032,0.3512027922358785,0.06428237398367327,3.570561216910639e-05,1.6876623583510084,6.799138131806493,nan,nan,nan
217.0,204.8480224609375,-174.18321228027344,-34.63450241088867,205.27284878450897,-174.3286659683871,-34.63876604180669,0.44905718915714893,0.35113578925925476,0.06427542290326238,3.4987393242018174e-05,1.2899525407479682,6.665045977362732,2.580061429327994,1.0527516504268013,nan
217.01,204.83934020996094,-174.18161010742188,-34.63570022583008,205.26377222018235,-174.32684583707905,-34.640042457681815,0.44861431480403297,0.35118718613216626,0.06429143019521193,3.5692397478141855e-05,1.297355648036811,6.600108152895504,nan,nan,nan
217.02,204.8306427001953,-174.1800537109375,-34.636871337890625,205.25471171629707,-174.32505553263198,-34.640463405127235,0.4481885336097514,0.35123866824636274,0.06430749916579086,3.4995857812019855e-05,1.1368695515427185,6.239908044514025,nan,0.4892204976610172,nan
217.03,204.82196044921875,-174.17852783203125,-34.638023376464844,205.2456348635204,-174.3232991130081,-34.641685597773225,0.4477411584771136,0.3512902368227832,0.06432362998185473,3.570121417017752e-05,1.142756498900361,6.4957286313730505,nan,nan,nan
217.04,204.8132781982422,-174.17701721191406,-34.63915252685547,205.23655255630757,-174.32157417769412,-34.64316323567317,0.4472963048544216,0.3513418909489326,0.06433982276710035,3.500433398751284e-05,1.2252832448846451,6.4936566694778355,nan,0.054423126889411956,nan
217.05,204.80458068847656,-174.17555236816406,-34.640254974365234,205.2266101900774,-174.31458610961633,-34.64434548273478,0.4443602297037661,0.3512747958367928,0.06433290280958653,3.568800833767615e-05,1.3197105441344354,6.640199385136697,3.26071815299458,nan,nan
217.06,204.7958984375,-174.17410278320312,-34.64133834838867,205.21749821716287,-174.31290181544816,-34.64731532037635,0.44390006731028936,0.3513262277015246,0.06434911489010121,3.499163532955398e-05,1.8706758258938758,7.359677777576296,nan,2.314774332205095,nan
217.07,204.78721618652344,-174.17269897460938,-34.642398834228516,205.20842002796115,-174.3112421434973,-34.64847231218413,0.4434453436691798,0.3513777459107363,0.06436538904349562,3.5696816725356025e-05,1.882275219098609,7.51107168196353,nan,nan,nan
217.08,204.7785186767578,-174.1713104248047,-34.64344024658203,205.19934684753838,-174.30961025005527,-34.64932442639656,0.44300994860042336,0.35142934963203715,0.06438172539916012,3.500010703827261e-05,1.8372629139087149,7.024548547858878,nan,0.05717307260074869,nan
217.09,204.76983642578125,-174.16995239257812,-34.64445877075195,205.1902681224378,-174.3080068570498,-34.65043826831041,0.4425580200438345,0.35148103996805347,0.06439812411545903,3.570563720054656e-05,1.8483658171896429,7.400061423060159,nan,nan,nan
217.1,204.7611541748047,-174.1686248779297,-34.64545822143555,205.20765036896418,-174.3135152278475,-34.65357191168978,0.46948684419028913,0.3514138518237766,0.06439123124978285,3.498741687428103e-05,2.8718426228877867,7.593670020290894,7.817373713565585,3.424252487046834,nan
217.11,204.75245666503906,-174.16732788085938,-34.64643859863281,205.19861564022787,-174.3119664668338,-34.654665721978866,0.46909043611308326,0.3514653196080173,0.06440764867184129,3.569242163081947e-05,2.8861395308953783,7.340095565141934,nan,nan,nan
217.12,204.7437744140625,-174.16604614257812,-34.647396087646484,205.18957842436419,-174.3104442814227,-34.65586738684781,0.4686830496326894,0.35151687286442107,0.06442412852500191,3.499588060447146e-05,3.0395147507728857,7.735505600259953,nan,0.011320018340408376,nan
217.13,204.73507690429688,-174.164794921875,-34.648338317871094,205.1805431038255,-174.30894763765315,-34.65692536702291,0.4682882422203523,0.35156851261939914,0.06444067096332978,3.570123744598793e-05,3.0536875372876793,7.448768836562168,nan,nan,nan
217.14000000000001,204.7263946533203,-174.16357421875,-34.649261474609375,205.17150034351076,-174.30747691073915,-34.658385728263184,0.467878522916341,0.35162023815324966,0.06445727612263982,3.500435593493677e-05,3.3659322614382217,8.087723841374867,nan,0.12465924316765649,nan
217.15,204.7176971435547,-174.16236877441406,-34.65016174316406,205.1630409630959,-174.30363016357495,-34.65928768850355,0.46729988289059904,0.3515529580191959,0.0644504063070487,3.568803072691023e-05,3.37979671393387,7.8725195524062,1.5411813031295227,nan,nan
217.16,204.70901489257812,-174.16119384765625,-34.65105056762695,205.15396266290853,-174.30220047634415,-34.66288620740943,0.46690627541829477,0.35160446075022417,0.06446702956261263,3.4991656425080387e-05,5.048868525775678,9.791572195960605,nan,4.744330710859091,nan
217.17000000000002,204.7003173828125,-174.1600341796875,-34.65191650390625,205.14492795124286,-174.30079070212784,-34.66390230762475,0.46651325346687356,0.35165604986473614,0.06448371562466186,3.5696838233976234e-05,5.0693710723627525,9.517140998488525,nan,nan,nan
217.18,204.69163513183594,-174.15890502929688,-34.652767181396484,205.13589685302316,-174.2994037868267,-34.66465662679272,0.4661005649980313,0.3517077247149969,0.06450046463213198,3.500012728793664e-05,5.083101686829547,9.848139980269156,nan,0.04251674586762506,nan
217.19,204.6829376220703,-174.1577911376953,-34.65359878540039,205.12686144743714,-174.2980400036039,-34.6656377172769,0.465707035589632,0.35175948622085873,0.06451727673442911,3.570565783036356e-05,5.102830160629792,9.536196364261844,nan,nan,nan
217.20000000000002,204.6742401123047,-174.15670776367188,-34.6544189453125,205.13500108480233,-174.30738604612543,-34.667607942559805,0.48495212983191677,0.35169211339007567,0.06451042586969111,3.4987436278107806e-05,5.985583314353065,9.780272818870559,4.986197998895304,0.7741339102921722,nan
217.21,204.66555786132812,-174.1556396484375,-34.655216217041016,205.125992981196,-174.30609331716192,-34.66856701030892,0.4845771865464347,0.3517436518043915,0.06452725543526452,3.569244138305729e-05,6.006723494684996,10.084255324205508,nan,nan,nan
217.22,204.6568603515625,-174.15460205078125,-34.656002044677734,205.11697849867699,-174.30482231467258,-34.669898555296726,0.48421890710197507,0.3517952759088349,0.06454414816661874,3.4995899171582955e-05,6.530389430559987,10.354300744345554,nan,0.10608025232963578,nan
217.23000000000002,204.64817810058594,-174.15357971191406,-34.65677261352539,205.10796988903908,-174.30357201867335,-34.67083163833265,0.48384278127760205,0.35184698655576113,0.06456110421103443,3.5701256331310476e-05,6.547710146351502,10.58608617207971,nan,nan,nan
217.24,204.6394805908203,-174.15257263183594,-34.65752410888672,205.09898281877764,-174.30234127496726,-34.67034448884088,0.48346386225375426,0.3518987831974703,0.06457812371063067,3.500437367275316e-05,5.7059327396908746,9.467249565682177,nan,1.394893637330898,nan
217.25,204.6307830810547,-174.15158081054688,-34.65826416015625,205.0673655313543,-174.29528090268755,-34.67107390113788,0.4598021768705316,0.3518313185353461,0.06457128767344887,3.568804875251775e-05,5.483373994971796,9.846088594089505,6.024988127238667,nan,nan
217.26,204.62210083007812,-174.15061950683594,-34.65898513793945,205.05834234843198,-174.29409008549604,-34.670360560658125,0.45936899059336556,0.35188289183142696,0.06458832398292924,3.499167334227917e-05,4.582410261542654,9.337756701240965,nan,1.778504493731507,nan
217.27,204.6134033203125,-174.14967346191406,-34.65969467163086,205.04929498574447,-174.2929196714415,-34.67120446543053,0.45897003811833087,0.35193455155807857,0.06460542382036476,3.5696855412911164e-05,4.594467330299852,9.000160245858696,nan,nan,nan
217.28,204.60470581054688,-174.1487579345703,-34.66039276123047,205.0402822139483,-174.29176689574652,-34.669663863189285,0.4585458750314427,0.35198629723047764,0.06462258732918032,3.500014339709078e-05,3.3383163862129237,7.809326630227635,nan,3.9702715250091454,nan
217.29,204.59600830078125,-174.14784240722656,-34.66107177734375,205.03123414653436,-174.29063381684512,-34.670457682336284,0.4581473765993772,0.35203812960768494,0.06463981465470363,3.5705674175045025e-05,3.3486107004863968,7.732855740264761,nan,nan,nan
217.3,204.5873260498047,-174.1468505859375,-34.66184616088867,205.00118274320187,-174.2808006253009,-34.670649327482714,0.43508329255119493,0.3519705725762687,0.0646329892831613,3.4987451592512885e-05,3.043831913814442,8.574909661623101,4.008356049847116,0.2396966753097243,nan
217.31,204.57862854003906,-174.14576721191406,-34.6627082824707,204.99209938777278,-174.27953042786984,-34.67156780913659,0.4346599027759721,0.3520221813210536,0.06465023274333709,3.569245690804651e-05,3.025957099683445,8.230376337986897,nan,nan,nan
217.32,204.56993103027344,-174.1446075439453,-34.66366195678711,204.98298504227952,-174.27817370898666,-34.674761384041446,0.43425422803186325,0.35207387595999085,0.06466754008716336,3.4995913705482646e-05,4.3453725500105875,9.61300255619815,nan,3.3699278051083277,nan
217.33,204.5612335205078,-174.14334106445312,-34.66469955444336,204.9739010138674,-174.27673022732841,-34.67588206061215,0.4338342739946475,0.35212565719393685,0.06468491145933439,3.570127105215705e-05,4.325477305263142,9.478936245333161,nan,nan,nan
217.34,204.5525360107422,-174.14199829101562,-34.665828704833984,204.96482118090273,-174.2752015288503,-34.676776908596146,0.43340746102203254,0.35217752462450685,0.06470234700423078,3.500438744158237e-05,4.24504492003013,9.410407569345926,nan,0.0698742463779376,nan
217.35,204.54385375976562,-174.1405792236328,-34.66704177856445,204.9311882500609,-174.27043720908898,-34.678079023331556,0.40867214797571316,0.3521098759349095,0.0646955281088886,3.568806268760834e-05,4.06365680820579,10.438881205640527,8.3368020174953,nan,nan
217.36,204.53515625,-174.13906860351562,-34.668338775634766,204.92206400351404,-174.2687545499298,-34.67929256837966,0.4082107788901711,0.3521615194760146,0.06471297909273964,3.499168636487461e-05,4.077033524641712,10.051699592621985,nan,0.01967567622395119,nan
217.37,204.52645874023438,-174.13748168945312,-34.66972351074219,204.91293752646965,-174.26698969503647,-34.68075694658002,0.40774981597353704,0.3522132495035572,0.06473049431313788,3.5696868578906985e-05,4.056332340299435,10.025301482621543,nan,nan,nan
217.38,204.51776123046875,-174.1358184814453,-34.67118835449219,204.90381069514606,-174.26514343443904,-34.682333990549395,0.4072878071432898,0.35226506567269505,0.064748073914564,3.500015568932583e-05,4.193378438715248,10.209345347661744,nan,0.0005525918517888919,nan
217.39000000000001,204.50906372070312,-174.13406372070312,-34.67273712158203,204.89468427648362,-174.26321656097392,-34.6839669929483,0.40682893112630325,0.3523169686046953,0.06476571804155985,3.5705686590691e-05,4.173942752599456,10.097789909188206,nan,nan,nan
217.4,204.5003662109375,-174.13223266601562,-34.67436599731445,204.87140728731586,-174.25490759229274,-34.68737643574541,0.391011367360687,0.3522492278656915,0.06475890140481357,3.498746317599078e-05,5.454913200531372,12.014311785881075,1.9083044996307084,2.116808248781581,nan
217.41,204.49168395996094,-174.1303253173828,-34.67607879638672,204.86225815516002,-174.2528111899168,-34.68919092345103,0.39051242104958783,0.35230090662348623,0.06477656025456077,3.56924685961795e-05,5.431647202474345,12.327784526463878,nan,nan,nan
217.42000000000002,204.4829864501953,-174.1283416748047,-34.6778678894043,204.8531092169081,-174.25063718647542,-34.69108894854657,0.39002801312057583,0.35235267146533816,0.06479428368983407,3.4995924596707546e-05,5.607511818277012,12.15108928273641,nan,4.403396109167924e-06,nan
217.43,204.4742889404297,-174.12628173828125,-34.67973709106445,204.84396050467547,-174.2483863607591,-34.693064610389136,0.389543613750409,0.35240452296355973,0.06481207185549388,3.5701282030337854e-05,5.586033256784071,12.102871754302525,nan,nan,nan
217.44,204.46559143066406,-174.1241455078125,-34.68168258666992,204.83479667206245,-174.24605910290487,-34.69639815577177,0.3890912269871682,0.3524564608461417,0.06482992489555206,3.500439766037493e-05,6.795129224923647,13.3006881152097,nan,1.1545920714837363,nan
217.45000000000002,204.45689392089844,-174.12193298339844,-34.6837043762207,204.790187038655,-174.23036241782503,-34.69847736814714,0.3507983550195524,0.35238862863793635,0.06482310627549867,3.5688072980785126e-05,6.632766789389148,14.663730869506676,10.76210165455879,nan,nan
217.46,204.4481964111328,-174.11965942382812,-34.685768127441406,204.78099303753424,-174.22786971895846,-34.69958176660371,0.3502197583564849,0.3524403420865156,0.0648409733018783,3.499169593590045e-05,5.968921028765216,14.057076290372937,nan,0.8535826883940659,nan
217.47,204.43951416015625,-174.1173553466797,-34.68783187866211,204.77178659989949,-174.2253311034749,-34.70179497397653,0.34965512480039607,0.3524921420861247,0.06485890525996177,3.569687820484827e-05,5.975786518983199,14.341082423466785,nan,nan,nan
217.48000000000002,204.43081665039062,-174.1150665283203,-34.68987274169922,204.76261137590376,-174.22279291658893,-34.70126396312194,0.3490307644509842,0.35254402840924765,0.06487690229313048,3.500016462941582e-05,4.220069947564345,12.177402555875629,nan,5.280102526890657,nan
217.49,204.422119140625,-174.11280822753906,-34.6918830871582,204.75340555423296,-174.22027471215728,-34.70341570492222,0.3484719994919379,0.3525960015619517,0.06489496454718613,3.5705695571176914e-05,4.236357501112456,12.17685979056278,nan,nan,nan
217.5,204.41343688964844,-174.110595703125,-34.6938591003418,204.75274385793105,-174.21971771866546,-34.7053663100284,0.3566079764608799,0.3525280776177163,0.06488813967865663,3.4987471511135314e-05,4.334052226323141,12.43289861735493,1.3923688935521312,0.06095712840884629,nan
217.51,204.4047393798828,-174.10841369628906,-34.695796966552734,204.74355294588312,-174.21727058862965,-34.707450941645334,0.3560621724521656,0.3525798260537283,0.06490621516320046,3.569247695833662e-05,4.353406390414756,11.969716063499058,nan,nan,nan
217.52,204.3960418701172,-174.1062774658203,-34.69770050048828,204.73437352662637,-174.21486534213986,-34.708454571748035,0.3554930192401771,0.3526316607500275,0.06492435591981513,3.499593234364614e-05,3.851873063693208,11.456370459049928,nan,0.7710705763044445,nan
217.53,204.38735961914062,-174.1041717529297,-34.699562072753906,204.72518314361315,-174.21250072693942,-34.71045631850735,0.3549346205818447,0.3526835821724883,0.06494256209515849,3.57012897917217e-05,3.870252141856776,11.815394206392837,nan,nan,nan
217.54,204.378662109375,-174.10211181640625,-34.701393127441406,204.7159925717532,-174.21017744827967,-34.71244575771742,0.3543898732702483,0.35273559015349065,0.06496083383133534,3.500440484058949e-05,4.034591735737254,11.55848198228921,nan,0.0003970066315483142,nan
217.55,204.36996459960938,-174.10009765625,-34.703182220458984,204.712876799716,-174.21278507288315,-34.71427879150283,0.3611237526643185,0.3526675749452388,0.06495399843221894,3.568808016932748e-05,3.9742889734776345,11.256071433200393,1.4655901886844376,nan,nan
217.56,204.3612823486328,-174.09812927246094,-34.70493698120117,204.7037094245156,-174.21055813791216,-34.714863797725094,0.3605483237661638,0.35271935794729115,0.0649722826232876,3.499170257655554e-05,3.3389748216314494,11.025423463038793,nan,1.2098116046846712,nan
217.57,204.3525848388672,-174.09619140625,-34.706661224365234,204.6945288957324,-174.2083695760496,-34.71671015955943,0.36001480650600437,0.35277122757309726,0.06499063242738777,3.569688483770864e-05,3.3504946804675626,10.56509505176472,nan,nan,nan
217.58,204.34390258789062,-174.09429931640625,-34.70834732055664,204.68535278301374,-174.20622065708613,-34.71805676911276,0.35945638906612964,0.35282318369113275,0.06500904798562122,3.5000170746704445e-05,3.213948365369103,10.866222676782261,nan,0.15346054318516403,nan
217.59,204.335205078125,-174.09243774414062,-34.709999084472656,204.67617218869407,-174.2041094976905,-34.719831989347355,0.3589231631547298,0.3528752267134496,0.06502752944614791,3.570570167076182e-05,3.227098012507909,10.432216116228242,nan,nan,nan
217.6,204.32650756835938,-174.09060668945312,-34.71162033081055,204.65869011114285,-174.1956858423152,-34.72072413089388,0.34852510565562433,0.35280712007749965,0.06502067921261716,3.4987477132476916e-05,2.910923084111665,10.538808884430424,1.6792318915258844,0.520147454605512,nan
217.61,204.3178253173828,-174.0888214111328,-34.71320724487305,204.64949686621625,-174.1936316985301,-34.72242690879979,0.3479600765214311,0.35285893784014033,0.0650391723339643,3.5692482553065746e-05,2.9224071073757694,11.005127127476444,nan,nan,nan
217.62,204.3091278076172,-174.0870819091797,-34.71476364135742,204.64031052444508,-174.1916144545779,-34.7233425910584,0.3473940750083476,0.3529108420264979,0.0650577313991279,3.499593748467842e-05,2.6429958948863588,10.394829226156462,nan,0.4037408914225378,nan
217.63,204.30044555664062,-174.08535766601562,-34.716285705566406,204.63111729032371,-174.18963145139296,-34.72497627416203,0.346831866696838,0.35296283301641074,0.06507635655735582,3.5701294897830604e-05,2.6540902225731613,10.660791669721325,nan,nan,nan
217.64000000000001,204.291748046875,-174.08367919921875,-34.71778106689453,204.6219131936629,-174.18768118862735,-34.72782299897347,0.346303737135906,0.35301491072643326,0.06509504794812115,3.5004409522516795e-05,3.4183146846138164,11.076707685113652,nan,1.0903333139562967,nan
217.65,204.28306579589844,-174.08203125,-34.71924591064453,204.6149844477683,-174.17939722562406,-34.72942233750517,0.3460544528423042,0.3529467130477382,0.06508817856895334,3.568808481509699e-05,3.5569485189237433,11.747072101135805,4.615109846155936,nan,nan
217.66,204.2743682861328,-174.08041381835938,-34.72068405151367,204.6058059662148,-174.1774900719374,-34.72984028560832,0.34548309858757537,0.35299856523371326,0.06510688080733368,3.4991706826606824e-05,3.050120295869978,10.818351528634436,nan,0.9197893144470951,nan
217.67000000000002,204.2656707763672,-174.07884216308594,-34.72208786010742,204.59661755638044,-174.17561377427108,-34.73136021042369,0.3449296919850407,0.3530505041233483,0.06512564932599274,3.569688903861311e-05,3.0620318938069184,10.969432546830657,nan,nan,nan
217.68,204.25698852539062,-174.07728576660156,-34.72346878051758,204.58743758865467,-174.1737707931636,-34.731831267954895,0.34434847895540477,0.35310252966177635,0.06514448426328617,3.500017457943992e-05,2.6504181042284327,10.767200746104946,nan,0.7370755103230525,nan
217.69,204.248291015625,-174.0757598876953,-34.72481918334961,204.57824914221757,-174.17195748567224,-34.73328706712107,0.3437994302156085,0.353154642186163,0.06516338577013998,3.570570544817493e-05,2.659618896546909,10.382031870220688,nan,nan,nan
217.70000000000002,204.23960876464844,-174.07427978515625,-34.72614288330078,204.57204309990362,-174.15914028105144,-34.73561993156502,0.3432254440800348,0.3530863533847708,0.06515649291224233,3.498748057463257e-05,3.4650569056033147,12.071386222281173,13.438995039505556,0.42118352756413785,nan
217.71,204.2309112548828,-174.07281494140625,-34.727439880371094,204.5628619727583,-174.15734119954286,-34.737034063614,0.3426777141349071,0.35313824010620765,0.06517540443583457,3.5692485934570004e-05,3.4765200009261954,11.523286850362489,nan,nan,nan
217.72,204.2222137451172,-174.07138061523438,-34.72871398925781,204.55396003609903,-174.1551909831712,-34.737441922826335,0.3422805226393836,0.3527752456899625,0.0643742203510471,3.499557717096395e-05,3.3553253226686124,11.393055780019619,nan,0.6800339502165346,0.00017784888569172586
217.73000000000002,204.21353149414062,-174.06997680664062,-34.72996139526367,204.54477919951918,-174.15344913139467,-34.73879636465604,0.34171732177717956,0.35282627069934297,0.06438980499651435,3.570092643501952e-05,3.3646482363910026,11.798687667969752,nan,nan,nan
217.74,204.204833984375,-174.068603515625,-34.73118209838867,204.53561453678964,-174.15172331669527,-34.73923896040954,0.34115918309686,0.35287738089065357,0.06440544898619043,3.500406155209407e-05,3.032652423622194,11.116147802492836,nan,0.5564185351391119,nan
217.75,204.19613647460938,-174.0672607421875,-34.73237991333008,204.5099616069041,-174.15119397862648,-34.74051650488823,0.32495723712685015,0.35281058500828105,0.06439826252801738,3.568772929175917e-05,2.768930525745011,11.377848236952905,11.07937879060555,nan,nan
217.76,204.1874542236328,-174.06594848632812,-34.73355484008789,204.5007581459418,-174.1495557717065,-34.741359465462764,0.3243615853947272,0.35286147507957527,0.06441392545903549,3.499137120515937e-05,2.6537644773137714,11.691494946089888,nan,0.13150857735571367,nan
217.77,204.1787567138672,-174.0646514892578,-34.734703063964844,204.49154690925735,-174.14794984243713,-34.742606840911435,0.3237881895076234,0.3529124510431018,0.06442964836162729,3.56965461104678e-05,2.662048893597274,11.18850986710774,nan,nan,nan
217.78,204.17005920410156,-174.06338500976562,-34.73583221435547,204.4823505300332,-174.1463585163742,-34.74297271350538,0.3232049841496326,0.3529635121610484,0.06444543088317929,3.4999850982538466e-05,2.3679546803528932,10.918572743050948,nan,0.5213403000178303,nan
217.79,204.161376953125,-174.0621337890625,-34.736934661865234,204.4731390802612,-174.14480384126753,-34.74416736855769,0.3226178443517551,0.35301465943869365,0.06446127365523387,3.5705374939643926e-05,2.374968747180313,11.248381550179397,nan,nan,nan
217.8,204.15267944335938,-174.0609130859375,-34.73801803588867,204.49063576628384,-174.15357891113132,-34.74629263557329,0.3505280307813064,0.35294778192026205,0.0644541255293861,3.49871689596406e-05,2.938571253987946,10.294524114691663,6.590782100122307,0.5007541687912521,nan
217.81,204.14398193359375,-174.05972290039062,-34.739078521728516,204.48146841066674,-174.15208767618486,-34.74745544420675,0.3499979240579308,0.3529987088176752,0.0644699867784207,3.5692167797188047e-05,2.9469019011588324,10.356367083714769,nan,nan,nan
217.82,204.13528442382812,-174.05856323242188,-34.74011993408203,204.47232000555542,-174.15060599927477,-34.7474514739248,0.34945472633326546,0.3530497208382439,0.06448590791647155,3.499564058503835e-05,2.5162121700560363,9.970594279600377,nan,0.9281885343357207,nan
217.83,204.12660217285156,-174.05740356445312,-34.74113845825195,204.46315252825008,-174.14916227405146,-34.748562538039884,0.3489139141202546,0.3531008189014714,0.06450188953378987,3.570099177695655e-05,2.5226815152396753,10.161256573881799,nan,nan,nan
217.84,204.11790466308594,-174.05628967285156,-34.74213790893555,204.45398301973214,-174.147743094602,-34.74976921100807,0.34838287404405066,0.353152002396343,0.06451793133860599,3.5004123715159996e-05,2.641922477313288,10.081537022347693,nan,0.009349779219163239,nan
217.85,204.1092071533203,-174.05519104003906,-34.74311828613281,204.48281156579282,-174.15847998773398,-34.75092846513285,0.3876981591790973,0.35308504405974483,0.06451081831448051,3.568779326499174e-05,2.86774909720796,8.811432425801797,13.200467341206013,nan,nan
217.86,204.1005096435547,-174.05410766601562,-34.744075775146484,204.47372419796528,-174.15710003173874,-34.75091506370277,0.38722513721231727,0.35313600695781805,0.06452687812986681,3.499143203298662e-05,2.4945843758324564,8.388119768202323,nan,0.8090538985742092,nan
217.87,204.09182739257812,-174.0530548095703,-34.745018005371094,204.46461979079388,-174.15575479800725,-34.7519428193187,0.38674204948596824,0.3531870557838592,0.06454299865054546,3.56966087151116e-05,2.50046683332746,8.787160141491873,nan,nan,nan
217.88,204.0831298828125,-174.05201721191406,-34.74593734741211,204.45550987244644,-174.1544349170893,-34.75329830024065,0.3862776548542267,0.3532381900051923,0.06455917962357223,3.499991047538361e-05,2.7045685205783316,8.621322970383288,nan,0.0843637475437787,nan
217.89000000000001,204.07443237304688,-174.05099487304688,-34.74684143066406,204.44640510085446,-174.15313186977377,-34.75429412132443,0.3858124141744112,0.3532894104254239,0.06457542158192175,3.57054361365619e-05,2.711206779691904,8.561638229337927,nan,nan,nan
217.9,204.06573486328125,-174.0500030517578,-34.74772644042969,204.44140023987788,-174.155975749494,-34.75456027647177,0.39038620512771777,0.3532223705504009,0.06456833949311867,3.498722704766626e-05,2.4310893925789943,8.173128130398966,1.1372228134594515,0.3427004990702597,nan
217.91,204.05703735351562,-174.0490264892578,-34.748592376708984,204.4323009336172,-174.15472709828802,-34.755514740513235,0.38992729119753333,0.35327337011535587,0.06458459895182277,3.569222751592468e-05,2.4379543211756056,8.143819753713629,nan,nan,nan
217.92000000000002,204.04833984375,-174.04806518554688,-34.74944305419922,204.42319177251446,-174.15350561023484,-34.75712130105623,0.3894747836915891,0.35332445503566356,0.06460091912294444,3.499569727511687e-05,2.7790163276332978,8.440835957531448,nan,0.31587705885582645,nan
217.93,204.03964233398438,-174.04713439941406,-34.75027847290039,204.41409191930632,-174.1522961385182,-34.75804962658585,0.3890139768038997,0.35337562604380734,0.06461730050319192,3.570105002767924e-05,2.785205816204219,8.525527727326935,nan,nan,nan
217.94,204.03094482421875,-174.0462188720703,-34.751094818115234,204.4049924042262,-174.15110504739405,-34.75891561387287,0.38855355709316214,0.35342688271242306,0.06463374289316062,3.500417898218838e-05,2.840152467991144,8.564002400047015,nan,0.0015259597233073718,nan
217.95000000000002,204.0222625732422,-174.04531860351562,-34.751895904541016,204.4200400700196,-174.1581402100398,-34.75993084729794,0.41354590089409987,0.3533597619207194,0.06462668831267047,3.568784999089197e-05,3.00621308631375,8.198267599888187,5.647398278784737,nan,nan
217.96,204.01356506347656,-174.04443359375,-34.75267791748047,204.41097774411176,-174.15699573071845,-34.76097137498934,0.4131293439662814,0.3534107975115096,0.06464314768863905,3.499148582691065e-05,3.161992931514125,8.039342344841156,nan,0.017294461592875652,nan
217.97,204.00486755371094,-174.04356384277344,-34.753448486328125,204.40191730018628,-174.15586738714194,-34.7618420944467,0.41271181217783554,0.35346191908121743,0.06465966849487073,3.5696663932213744e-05,3.1690381669595604,8.005430251397943,nan,nan,nan
217.98000000000002,203.9961700439453,-174.04270935058594,-34.75419998168945,204.39286306120653,-174.15475149220745,-34.762209035863556,0.41228986937797174,0.3535131262666781,0.06467625056560562,3.499996281148313e-05,3.027091132863237,7.864703464028801,nan,0.1690022667379513,nan
217.99,203.9874725341797,-174.04188537597656,-34.754940032958984,204.3838022599813,-174.15365784796325,-34.76304611568391,0.41186896657207056,0.35356441970525326,0.06469289434783321,3.5705489830278163e-05,3.0340236236044875,7.946912645698201,nan,nan,nan
218.0,203.97877502441406,-174.04107666015625,-34.75566482543945,204.35775043875432,-174.14273499358794,-34.765054240236815,0.3924855953289456,0.35349721745195517,0.06468586310407819,3.498727788756868e-05,3.759150282991146,9.406343388967494,4.839886808185361,1.2164814142196685,nan
218.01,203.97007751464844,-174.04026794433594,-34.756370544433594,204.34866237349408,-174.1416510024004,-34.76587446139479,0.3920399778686908,0.3535482895558055,0.06470252331758566,3.569227964799895e-05,3.769009468855111,9.2989652811392,nan,nan,nan
218.02,203.9613800048828,-174.03948974609375,-34.7570686340332,204.3395645916573,-174.14059075001208,-34.7674513907401,0.3916028553316795,0.3535994472273636,0.06471924504558539,3.499574663891197e-05,4.318220118158847,9.929441385950168,nan,0.4187623993514038,nan
218.03,203.9526824951172,-174.03872680664062,-34.757747650146484,204.33047608099548,-174.13953888086135,-34.768253028384756,0.3911539732782914,0.3536506910463927,0.06473602870405692,3.570110062139477e-05,4.328503402847106,9.95714172833787,nan,nan,nan
218.04,203.94398498535156,-174.03797912597656,-34.75841522216797,204.3214221740258,-174.1384749124391,-34.766140994248126,0.3906634383267401,0.3537020207351453,0.06475287417309794,3.500422686556407e-05,2.941728137599572,8.553158513338301,nan,5.94106655347526,nan
218.05,203.93527221679688,-174.03713989257812,-34.75917434692383,204.30626455743493,-174.1315071518364,-34.76700095545728,0.38288608257960216,0.3536347374813871,0.06474586266623107,3.5687899018818455e-05,3.043090889180455,8.716508676899204,2.2064829455728248,nan,nan
218.06,203.92657470703125,-174.0362091064453,-34.76002502441406,204.29714610580947,-174.13034083481244,-34.769643857156076,0.3824610644512094,0.3536858456073746,0.06476272400553444,3.499153220717844e-05,3.9686751509660114,9.926884872712453,nan,2.1631474815411944,nan
218.07,203.91787719726562,-174.03518676757812,-34.760963439941406,204.28804793033805,-174.1290694035745,-34.77064518408396,0.3820131635620022,0.3537370397770528,0.06477964749163667,3.569671142167291e-05,3.9482569124701423,9.879963083320003,nan,nan,nan
218.08,203.9091796875,-174.03407287597656,-34.76198959350586,204.2789695273482,-174.12769403615158,-34.7699721291469,0.3815405196866271,0.35378831976404895,0.06479663303302535,3.5000007714553955e-05,3.1406363834750954,9.03535779079807,nan,2.1972937906875507,nan
218.09,203.90048217773438,-174.0328826904297,-34.76310348510742,204.26987124496773,-174.12624738578398,-34.77113413029364,0.3810902000737315,0.3538396860718988,0.06481368100366061,3.570553578545387e-05,3.1242659351652793,9.105058107347284,nan,nan,nan
218.1,203.89178466796875,-174.03160095214844,-34.764305114746094,204.27065600380325,-174.13087731025166,-34.772016943892666,0.3917381226074976,0.353772321415462,0.06480668505491359,3.498732129977206e-05,2.9758956243261574,8.485733296793944,1.6535653516258508,0.10987192972480245,nan
218.11,203.88308715820312,-174.03024291992188,-34.76559066772461,204.26157301399638,-174.12927504414952,-34.773350116414775,0.39130437476288266,0.3538234659049711,0.06482374829789816,3.5692324055827816e-05,2.9609732304933756,8.549286768868471,nan,nan,nan
218.12,203.8743896484375,-174.02879333496094,-34.766963958740234,204.2524991983908,-174.1275812787832,-34.77387474788639,0.3908626979095672,0.35387469615638234,0.06484087383613966,3.4995788589313e-05,2.636566696245694,8.135056136619726,nan,0.5650697065426962,nan
218.13,203.8656768798828,-174.0272674560547,-34.76841735839844,204.2434158324406,-174.12581205643835,-34.77536990799343,0.3904434562008997,0.35392601262770046,0.0648580620177788,3.570114351390229e-05,2.6240185978475346,7.887997328922157,nan,nan,nan
218.14000000000001,203.8569793701172,-174.02565002441406,-34.76995086669922,204.23432760646097,-174.12396478580033,-34.777430648303245,0.3900172187366109,0.35397741516017367,0.06487531278954607,3.500426736525314e-05,2.8660464473003424,8.371031778518375,nan,0.1636809893261541,nan
218.15,203.84828186035156,-174.0239715576172,-34.77157211303711,204.24376720345285,-174.12755402396658,-34.77904180904634,0.408893360549465,0.3539099694339201,0.06486832864993217,3.5687940391090606e-05,2.9374404285473377,7.972318136577303,3.223686953127024,nan,nan
218.16,203.83958435058594,-174.02220153808594,-34.77326965332031,204.23471124246714,-174.12554778887295,-34.781194065591315,0.4084954155792623,0.3539611499150706,0.0648855940877596,3.4991571254284576e-05,3.1666996837210415,8.11505804858505,nan,0.1155372770081414,nan
218.17000000000002,203.8308868408203,-174.0203399658203,-34.775047302246094,204.22565941125038,-174.1234589675267,-34.783027145678695,0.4080962984126269,0.35401241651672377,0.06490292238045134,3.5696751308167005e-05,3.153666548591675,7.990667549504476,nan,nan,nan
218.18,203.8221893310547,-174.01841735839844,-34.77690505981445,204.21661520263748,-174.1212856842199,-34.784147826263016,0.4076838460093689,0.3540637691202342,0.06492031349806017,3.500004534167137e-05,2.8668482355274447,7.826328662152211,nan,0.4437052125692935,nan
218.19,203.81349182128906,-174.01644897460938,-34.778839111328125,204.207563603003,-174.11905679323357,-34.78613257886304,0.4072764764317868,0.35411520812401825,0.06493776775415658,3.5705574203776044e-05,2.8566097763728617,7.8230890919951275,nan,nan,nan
218.20000000000002,203.80479431152344,-174.01446533203125,-34.78084945678711,204.22111186350216,-174.1256735518143,-34.7888807590121,0.4309896449432366,0.3540476810392477,0.06493079123569805,3.498735751160247e-05,3.279169544055101,7.427870431531202,4.782684706958687,0.2407067410838743,nan
218.21,203.79608154296875,-174.01251220703125,-34.782901763916016,204.21209785229436,-174.12344048264433,-34.791011657664946,0.43062793956269696,0.3540988977371516,0.06494825951803546,3.569236101158096e-05,3.278323832595904,7.249582083856516,nan,nan,nan
218.22,203.78738403320312,-174.0105743408203,-34.78495407104492,204.20306975271424,-174.12124233711225,-34.794804093031246,0.4302778703836377,0.3541502003749433,0.06496579085542263,3.4995823420183586e-05,4.207597064681989,8.31829643736726,nan,1.9001806692328667,nan
218.23000000000002,203.7786865234375,-174.00868225097656,-34.7869873046875,204.19405649015908,-174.11906305829692,-34.7969633264946,0.42990191077742274,0.3542015893159564,0.0649833855405102,3.5701179044059536e-05,4.2228076024060925,8.403810642601167,nan,nan,nan
218.24,203.76998901367188,-174.00682067871094,-34.78899002075195,204.18506756893123,-174.1168980745522,-34.79625702339623,0.4294881249101337,0.35425306449372396,0.06500104357438467,3.5004300836820637e-05,2.9437446860748073,7.0774167073553516,nan,5.698727695368702,nan
218.25,203.76129150390625,-174.00498962402344,-34.79095458984375,204.19847233182648,-174.12942601460918,-34.79826688383778,0.4546041808501988,0.35418545628354275,0.06499407080208858,3.568797450701119e-05,2.8333277874949525,6.16339603167834,9.136185184136542,nan,nan
218.26,203.75259399414062,-174.00320434570312,-34.792884826660156,204.18949414554643,-174.12738962072703,-34.800341596903955,0.4542679036137706,0.35423670891807707,0.06501174221211946,3.4991603379579764e-05,2.9237783185776216,6.286278347167292,nan,0.0008918837358463055,nan
218.27,203.743896484375,-174.00144958496094,-34.79478073120117,204.18051632418425,-174.12538834780685,-34.8023453096884,0.4539327310279821,0.3542880477599908,0.06502947717631483,3.569678404792084e-05,2.9372626803609414,6.239790614450361,nan,nan,nan
218.28,203.73519897460938,-173.99972534179688,-34.796634674072266,204.17153776400556,-174.123422855603,-34.80442998087527,0.45360046391257125,0.35433947277330397,0.06504727571439287,3.500007615664096e-05,3.069808141498635,6.382143628484605,nan,0.009678841547035457,nan
218.29,203.72650146484375,-173.99803161621094,-34.79845428466797,204.16256038674803,-174.12149096102834,-34.806362803849424,0.4532682846512718,0.35439098427599436,0.06506513809134695,3.570560559372358e-05,3.08456128888218,6.345708904085473,nan,nan,nan
218.3,203.7178192138672,-173.9963836669922,-34.80023956298828,204.16049194783014,-174.11559805147814,-34.807801341694514,0.45850670590494214,0.3543232947399479,0.06505816486652692,3.4987387033721365e-05,3.187457295235693,6.709986148665065,5.045385506854691,0.13830452425076753,nan
218.31,203.70912170410156,-173.99476623535156,-34.80198669433594,204.1515285268247,-174.11370935695552,-34.80965904754122,0.45818132652104887,0.35437458344554656,0.06507603993918748,3.569239107024046e-05,3.2024501048353287,6.479559326385496,nan,nan,nan
218.32,203.70042419433594,-173.99317932128906,-34.8036994934082,204.14256661958646,-174.11185223807328,-34.81129597467255,0.45785466243349376,0.3544259582548561,0.06509397880629056,3.499585168598147e-05,3.2021738215993687,6.453114909168424,nan,0.024604909588284235,nan
218.33,203.6917266845703,-173.9916229248047,-34.80537796020508,204.13360366926358,-174.11002821010555,-34.81308439625413,0.4575308408679909,0.3544774194595678,0.065111981716362,3.5701207810251526e-05,3.216675311972297,6.451784071781703,nan,nan,nan
218.34,203.6830291748047,-173.99009704589844,-34.80702590942383,204.12464088412528,-174.10823545368788,-34.814839955035126,0.4572074414452372,0.35452896713064647,0.06513004876200698,3.642087018719177e-05,3.229578108826853,6.4296609528043405,nan,nan,nan
218.35,203.67433166503906,-173.9886016845703,-34.80863571166992,204.10464851247744,-174.10921595742414,-34.81652594666447,0.4469705223095032,0.3544611964263925,0.06512307110573129,3.713115661444892e-05,2.9919875237082123,6.425098838156752,5.898614407698418,nan,nan
218.36,203.66563415527344,-173.9871368408203,-34.810218811035156,204.09567090109425,-174.10750185836162,-34.81731169043187,0.4466202516030931,0.3545125209863932,0.06514115010284098,3.634906941636528e-05,2.6987291769752915,6.083402760120745,nan,0.5358471181538014,nan
218.37,203.6569366455078,-173.98570251464844,-34.811767578125,204.0866873065605,-174.10582226708942,-34.818963025373506,0.4462803603821309,0.35456393185384216,0.06515929334786097,3.708090277215525e-05,2.710298072143197,6.122089406421187,nan,nan,nan
218.38,203.6482391357422,-173.9842987060547,-34.81328582763672,204.07771726671507,-174.1041598181762,-34.81843649309036,0.4459200382776988,0.35461542904463134,0.06517750089237268,3.630153251137106e-05,2.044247901735557,5.46249020222521,nan,3.023134379232061,nan
218.39000000000001,203.63954162597656,-173.98292541503906,-34.81477355957031,204.06873349664238,-174.1025371924661,-34.82000683866398,0.44557830552546945,0.35466701282621765,0.06519577297014546,3.703208085243595e-05,2.0524562589851127,5.489601644519959,nan,nan,nan
218.4,203.63084411621094,-173.9815673828125,-34.81623077392578,204.0553627180113,-174.09426793713064,-34.82399957493613,0.43929239976045226,0.354599160816277,0.06518878666934255,3.62327668773346e-05,3.1077889700314953,6.727663415702574,2.8748698713490963,3.8619025347382445,nan
218.41,203.6221466064453,-173.98023986816406,-34.81766128540039,204.04637347628602,-174.0926772722182,-34.82553731179444,0.4389449153561732,0.3546505213061379,0.06520707003066109,3.696118431199892e-05,3.1198770713140176,6.737808657151492,nan,nan,nan
218.42000000000002,203.6134490966797,-173.97894287109375,-34.819061279296875,204.03738797292345,-174.09111011465058,-34.826410884690645,0.43858827847698845,0.35470196804761145,0.06522541790337232,3.618807499982541e-05,2.9338815215994787,6.588175372531431,nan,0.26707190550002136,nan
218.43,203.60475158691406,-173.97767639160156,-34.8204345703125,204.0283987648103,-174.0895722774967,-34.827887268286126,0.43823870587477126,0.35475350128732436,0.0652438305074991,3.691535447878336e-05,2.945565597115448,6.622792421958375,nan,nan,nan
218.44,203.5960693359375,-173.97642517089844,-34.821781158447266,204.01941231013134,-174.08805750846807,-34.82881955115856,0.43787051917491304,0.35480512107224493,0.06526230791508256,3.614479590578608e-05,2.810757675449598,6.6687078978003065,nan,0.17706169823393514,nan
218.45000000000002,203.58737182617188,-173.97520446777344,-34.823097229003906,204.02844137370892,-174.09069536094052,-34.830357848534405,0.455996939425064,0.3547371878678736,0.06525530891358138,3.6847680114751e-05,3.017496728937431,6.256649356756649,3.8866335124484355,nan,nan
218.46,203.57867431640625,-173.97401428222656,-34.82439041137695,204.01948039301297,-174.08923282352848,-34.832159923438326,0.455681549715173,0.35478858411698033,0.06527379687193689,3.608058383335383e-05,3.2599724708297924,6.5113428736374654,nan,0.10989557276078883,nan
218.47,203.56997680664062,-173.97283935546875,-34.82565689086914,204.01052132493217,-174.0877925327228,-34.833533943575794,0.4553633203463744,0.35484006677251884,0.06529234975704104,3.680487491542763e-05,3.272544891665359,6.463370833221694,nan,nan,nan
218.48000000000002,203.561279296875,-173.9716796875,-34.82689666748047,204.00155547881803,-174.08638150700918,-34.83618121891136,0.4550668375967695,0.35489163589885414,0.06531096765269628,3.604021207374117e-05,3.9780456482056117,7.130918714913845,nan,1.1201761770691434,nan
218.49,203.55258178710938,-173.97055053710938,-34.8281135559082,203.99259600945183,-174.0849879105576,-34.837519724633786,0.4547492763220833,0.35494329171666283,0.06532965076141556,3.6763561851604176e-05,3.9925339058293687,7.170407396839509,nan,nan,nan
218.5,203.54388427734375,-173.96945190429688,-34.829307556152344,203.9715392844132,-174.0820793079734,-34.83850767907396,0.4423328830103738,0.3548752772273224,0.06532263483343052,3.597908605236866e-05,3.8078837306448703,7.328354950248951,2.0263588732440803,0.05775158422697984,nan
218.51,203.53518676757812,-173.96836853027344,-34.830474853515625,203.9625585938074,-174.0807364634185,-34.83979597209411,0.44199560349101047,0.3549267092556288,0.06534132773480855,3.670065337490758e-05,3.8221536784348062,7.312234052739729,nan,nan,nan
218.52,203.5264892578125,-173.96731567382812,-34.83161926269531,203.95357699817947,-174.07941602331698,-34.8412229401633,0.44165898264180964,0.3549782276784793,0.06536008584950295,3.594161910143961e-05,4.020632497180763,7.570026062274497,nan,0.01740011679742245,nan
218.53,203.51779174804688,-173.9662628173828,-34.832740783691406,203.94459594721968,-174.07811597704645,-34.84246809149482,0.44132479453955775,0.35502983270216765,0.06537890937005572,3.666237331811372e-05,4.034452622896421,7.444974435081267,nan,nan,nan
218.54,203.50909423828125,-173.9652557373047,-34.83384323120117,203.93562599483352,-174.07682653882875,-34.84107133850725,0.44094175197582686,0.355081524412548,0.06539779839513235,3.5905579250290314e-05,2.9084694349315097,6.457436663574803,nan,4.601446888804055,nan
218.55,203.50039672851562,-173.96424865722656,-34.83491897583008,203.94248518211472,-174.08555040176486,-34.842219190454784,0.45848621262502925,0.35501342870780356,0.065390761417825,3.660264919139452e-05,2.853624394208519,5.814146603395959,3.8771805805280755,nan,nan
218.56,203.49169921875,-173.96327209472656,-34.835975646972656,203.93352545114593,-174.0843376455783,-34.84397894097333,0.4581826491161298,0.35506489638167466,0.0654096594636261,3.584896845105982e-05,3.183680799828932,6.177585340806138,nan,0.24598484185539202,nan
218.57,203.48300170898438,-173.96231079101562,-34.837013244628906,203.92456795171722,-174.08314224883213,-34.84511971950509,0.4578719284408952,0.3551164505661663,0.06542862310512808,3.6567367897001834e-05,3.1932140411100387,6.151483572773864,nan,nan,nan
218.58,203.4742889404297,-173.96136474609375,-34.83802795410156,203.91560868863823,-174.0819675942646,-34.84667537936368,0.4575838121147157,0.35516809135890937,0.06544765244937169,3.581579848308655e-05,3.483243524104449,6.202670099046539,nan,0.12726359378216223,nan
218.59,203.46559143066406,-173.96044921875,-34.839019775390625,203.90665099081235,-174.0808104394373,-34.84778125289959,0.45727138827142877,0.3552198189486071,0.0654667476764121,3.653355312460681e-05,3.4959392205620663,6.531587817135486,nan,nan,nan
218.6,203.45689392089844,-173.9595489501953,-34.839996337890625,203.92750212970998,-174.08143034205793,-34.84929180785375,0.48622378144740175,0.3551516419764339,0.06545968541669522,3.57621699848907e-05,4.2016984643366255,6.6140269229614725,14.541454326908532,0.1230435258917454,nan
218.61,203.4481964111328,-173.9586639404297,-34.84095001220703,203.9185964517201,-174.0802880159082,-34.850364472810085,0.4859601279827135,0.35520314527596286,0.06547878886966745,3.6478439500593016e-05,4.215263295783403,6.638545787096384,nan,nan,nan
218.62,203.4394989013672,-173.95779418945312,-34.841888427734375,203.9096899779471,-174.0791639156762,-34.851532276640235,0.4856987366264753,0.3552547351037658,0.0654979582194467,3.573181357523626e-05,4.388255478968488,6.764681359959628,nan,0.008678151122819645,nan
218.63,203.43080139160156,-173.95693969726562,-34.842803955078125,203.90078363105067,-174.07805698719488,-34.85257001292688,0.48543596818047324,0.3553064116390322,0.06551719363913604,3.6447547274756775e-05,4.402009608128158,6.793535873110903,nan,nan,nan
218.64000000000001,203.42210388183594,-173.95611572265625,-34.84370422363281,203.89188292449828,-174.07696201386813,-34.85174352663029,0.4851399853826667,0.35535817499363037,0.06553649524615658,3.570282916880921e-05,3.595626336555556,6.054855597858356,nan,2.312052978439853,nan
218.65,203.4134063720703,-173.95529174804688,-34.84458541870117,203.85815131023307,-174.07512790512433,-34.85268196878732,0.4606781074544185,0.35528991679642874,0.0655294035327053,3.639544674299794e-05,3.2440388659708814,6.104321544168714,10.941142319053657,nan,nan
218.66,203.40469360351562,-173.95449829101562,-34.8454475402832,203.8491968702976,-174.07409549438879,-34.85465898749782,0.46040362291614,0.35534145561143654,0.06554871255621719,3.565348265362685e-05,3.822313078515222,6.540752971872848,nan,0.6935357106916161,nan
218.67000000000002,203.39599609375,-173.95370483398438,-34.84629440307617,203.8402453411927,-174.0730764513918,-34.85561980003039,0.46010209728302487,0.35539308104456546,0.06556808783369107,3.6367396871585663e-05,3.832570642534596,6.679476533256393,nan,nan,nan
218.68,203.38729858398438,-173.95294189453125,-34.84712600708008,203.83129206918292,-174.07207467085,-34.85709960689121,0.45980681376568894,0.3554447932152663,0.06558752948824828,3.562720964207385e-05,4.232664784462017,7.14028721634484,nan,0.19489935291108185,nan
218.69,203.37860107421875,-173.9521942138672,-34.847938537597656,203.82234008741764,-174.07108713585598,-34.85803393668233,0.4595016385350967,0.3554965922913864,0.0656070376844801,3.634072828171193e-05,4.244373215453615,7.163417089545856,nan,nan,nan
218.70000000000002,203.36990356445312,-173.95144653320312,-34.84873580932617,203.82372333096217,-174.06924415814012,-34.85788055595872,0.4689480646149344,0.35542825284392476,0.06559991227899456,3.558063653574989e-05,3.964220975280033,6.616436905191475,2.6427528191899,0.796898305086379,nan
218.71,203.36119079589844,-173.9507293701172,-34.84951400756836,203.81478983353554,-174.06827365353217,-34.858773600951544,0.46867311164442965,0.3554798271265879,0.06561942706153293,3.629291751347583e-05,3.9761764579194003,6.53037111766361,nan,nan,nan
218.72,203.3524932861328,-173.95001220703125,-34.85028076171875,203.7948051391657,-174.05684823215887,-34.85826817177244,0.45510164833564903,0.3506838355716543,0.06129342941760276,3.555662105571844e-05,3.932225605791056,6.582225150433844,nan,1.3149149958798618,0.025208003702660665
218.73000000000002,203.3437957763672,-173.94932556152344,-34.85103225708008,203.78587449603015,-174.05589666388738,-34.859118415070526,0.45481466575843144,0.35073821480293554,0.061304950588886326,3.626858884405245e-05,3.9407623975322688,6.680975340922602,nan,nan,nan
218.74,203.33509826660156,-173.94863891601562,-34.85176467895508,203.77689837852884,-174.05491033600146,-34.85862974517388,0.4544536090064082,0.3507926785520122,0.061316529042369845,3.5534250392586794e-05,3.4636101981973315,6.149249637178739,nan,1.2015602581811735,nan
218.75,203.32638549804688,-173.94796752929688,-34.85248565673828,203.7649322579558,-174.04747461938035,-34.859383710586975,0.44974715646726426,0.350718778504866,0.06130872935618316,3.622354645038646e-05,3.682307656892421,6.475849151633843,5.709450703191121,nan,nan
218.76,203.31768798828125,-173.94732666015625,-34.85319137573242,203.75597975329052,-174.04652275247042,-34.859849625391284,0.4494261544390369,0.3507730067288744,0.061320347543403826,3.549161096166207e-05,3.6187037277683007,6.783583072360086,nan,0.07419073722487186,nan
218.77,203.30899047851562,-173.94667053222656,-34.853885650634766,203.7470380900109,-174.04559584090381,-34.8606277738123,0.4491295835931419,0.3508273226381341,0.061332027011884366,3.620220125695995e-05,3.6247936055182692,6.556283538448381,nan,nan,nan
218.78,203.30027770996094,-173.946044921875,-34.85456085205078,203.73811025161254,-174.04469672209638,-34.86181552245288,0.4488676224218707,0.35088172308429577,0.061343764177412795,3.5471714047789456e-05,3.8535733848239886,6.731431650423006,nan,0.12272781605841074,nan
218.79,203.2915802001953,-173.9454345703125,-34.855228424072266,203.72916794774844,-174.0437951770859,-34.86257217847458,0.4485663568550051,0.3509362114537374,0.06135556283798928,3.6182113491383636e-05,3.8608225384503903,6.936639454417184,nan,nan,nan
218.8,203.2828826904297,-173.94473266601562,-34.85598373413086,203.7095949694841,-174.0352433452763,-34.86253214827686,0.4362550101533168,0.35086222549276497,0.061347884106156395,3.543157339273997e-05,3.7100377831880467,7.330311616675247,3.8303797600869913,0.4612032360112188,nan
218.81,203.274169921875,-173.9439239501953,-34.85683059692383,203.70063177129828,-174.0341866981472,-34.86341235648771,0.4359591635007866,0.35091647796208225,0.061359722015705706,3.6140936546433135e-05,3.6963702961344893,6.933783322223554,nan,nan,nan
218.82,203.26547241210938,-173.9430389404297,-34.857765197753906,203.69168144046145,-174.03305325847558,-34.86478448252291,0.43566728550667616,0.3509708149857257,0.06137161802615898,3.541403670187997e-05,3.887306275682067,7.491694667183252,nan,0.11090273712552574,nan
218.83,203.2567596435547,-173.9420623779297,-34.85879135131836,203.68271793019642,-174.0318167230011,-34.86584945566215,0.43536894842752005,0.3510252397528508,0.061383575636898106,3.6123282480324925e-05,3.8736230653812633,7.201427274402823,nan,nan,nan
218.84,203.24806213378906,-173.9409942626953,-34.859901428222656,203.6736985819009,-174.0304336342962,-34.865258579944054,0.43496492528501146,0.3510797494130225,0.06139559170781015,3.53976396023006e-05,3.303314623551586,6.86327711802637,nan,2.1008373484858027,nan
218.85,203.23936462402344,-173.93984985351562,-34.86109924316406,203.67492168714733,-174.03573239753428,-34.86663668441314,0.44602026942750905,0.35100568114720326,0.061388033187882385,3.60845516664639e-05,3.250405660777698,6.485647771195857,3.78458512178611,nan,nan
218.86,203.23065185546875,-173.9385986328125,-34.86238098144531,203.66597537034693,-174.03425154705138,-34.86789235639629,0.44574254661422263,0.35105995463049355,0.061400088148842846,3.536098345021136e-05,3.2572728454166087,6.128192853076519,nan,0.0023891691093936894,nan
218.87,203.22195434570312,-173.93728637695312,-34.86375045776367,203.65703102356167,-174.03268725977838,-34.86929210604087,0.445447812797298,0.35111431567850393,0.06141220481889869,3.6069206173131515e-05,3.2480851007214437,6.488008728707175,nan,nan,nan
218.88,203.21324157714844,-173.9358673095703,-34.86520004272461,203.64809025853327,-174.03104223956896,-34.87089197524668,0.44517866199786976,0.3511687616336259,0.06142438033820199,3.534677782571982e-05,3.310937663793112,6.19413680794541,nan,0.009188455576217204,nan
218.89000000000001,203.2045440673828,-173.93438720703125,-34.866737365722656,203.6391458745485,-174.0293100020325,-34.87246183225554,0.44488407177556766,0.3512232953938084,0.06143661778905185,3.605497295025031e-05,3.3016111309894973,6.522221276903536,nan,nan,nan
218.9,203.1958465576172,-173.9328155517578,-34.868350982666016,203.6266400038061,-174.01771004427408,-34.87459293725203,0.4391230239192318,0.3511491423868101,0.061429172010140004,3.5312312389272866e-05,3.88879819405683,7.674121471036574,12.247336286316246,0.1321955740143527,nan
218.91,203.1871337890625,-173.93116760253906,-34.87004470825195,203.61768252784813,-174.0157759620722,-34.876332832050934,0.43882836220292337,0.3512034396012451,0.06144144782192946,3.601963029817114e-05,3.8824318192292155,7.346936003094557,nan,nan,nan
218.92000000000002,203.17843627929688,-173.9295196533203,-34.871822357177734,203.60869895680534,-174.0137734567594,-34.87727619874377,0.4384682650301312,0.35125782173388037,0.06145378286065719,3.5300174659219275e-05,3.6282465091704372,7.435478276545471,nan,0.5343122417458016,nan
218.93,203.16973876953125,-173.92787170410156,-34.87367630004883,203.59974183805286,-174.0117934860735,-34.87916860000365,0.4381502821933828,0.351312291495678,0.06146617994708104,3.600752328794755e-05,3.6245274766324203,7.371451389219494,nan,nan,nan
218.94,203.16102600097656,-173.92623901367188,-34.8756103515625,203.5907706657788,-174.00981324525864,-34.880650765315885,0.4378247764598341,0.35136684651120664,0.06147863661073637,3.528903201563164e-05,3.5082212121456067,6.9459348929578315,nan,0.1664858263661531,nan
218.95000000000002,203.15232849121094,-173.9246368408203,-34.87761688232422,203.60474456194376,-174.01274158022207,-34.88266571282827,0.46094276960576935,0.3512926118857935,0.06147130199192203,3.597429718998817e-05,3.7875556805857933,7.144108490283159,5.119644193553752,nan,nan
218.96,203.1436309814453,-173.92306518554688,-34.879669189453125,203.59581800047994,-174.01081486003272,-34.88461047593806,0.4606490224323926,0.3513469300804389,0.061483796594690256,3.52575826491703e-05,3.773940685463165,7.081474475976491,nan,0.017829594945293986,nan
218.97,203.13491821289062,-173.92152404785156,-34.881717681884766,203.58689629225148,-174.00892209939119,-34.8867352855797,0.46037786652106794,0.3514013357305062,0.06149635336511353,3.596418574594015e-05,3.7843361217176277,6.943481553961285,nan,nan,nan
218.98000000000002,203.126220703125,-173.92001342773438,-34.88374710083008,203.5780157629306,-174.0071004246121,-34.89030195035769,0.46015854565817677,0.3514558266404341,0.06150897007538469,3.524833047022194e-05,4.30576390387424,7.647740875075,nan,1.4653755349247455,nan
218.99,203.11752319335938,-173.9185333251953,-34.88574981689453,203.56909432141205,-174.00526748202495,-34.892407740787476,0.45987348869257455,0.35151040524980426,0.06152164918479433,3.5955032995014893e-05,4.3221883633858855,7.613810639568276,nan,nan,nan
219.0,203.1088104248047,-173.91708374023438,-34.88771438598633,203.58117235013734,-174.00797417231786,-34.89374069373242,0.4810646271898818,0.3514360870343329,0.06151441877140537,3.521875405725709e-05,4.396847423029838,7.250640173808415,5.075665275119773,0.5464805276263633,nan
219.01,203.10011291503906,-173.9156494140625,-34.88964080810547,203.5722828485778,-174.00619373956667,-34.89577442493731,0.4808121694325343,0.3514904284616496,0.061527135248234555,3.5924701932963526e-05,4.415445145795536,7.307944532018742,nan,nan,nan
219.02,203.09141540527344,-173.9142608642578,-34.89153289794922,203.5634175602465,-174.00446604551183,-34.898659586522605,0.48059733531753346,0.351544855151113,0.06153991201616748,3.5211267283965975e-05,4.814066022510396,7.84738907624613,nan,0.5491681456250143,nan
219.03,203.0827178955078,-173.9128875732422,-34.89339065551758,203.5545281197933,-174.00274244519784,-34.9006300736924,0.4803448708272025,0.3515993693704975,0.061552751310622045,3.591735979630396e-05,4.833477648262029,7.68128279345629,nan,nan,nan
219.04,203.07400512695312,-173.9115447998047,-34.895206451416016,203.54565022137083,-174.0010574765134,-34.90299277411564,0.48012731769920486,0.3516539691833145,0.061565651237425745,3.5204627910901195e-05,5.099635682635636,7.865501327077039,nan,0.12789009903842843,nan
219.05,203.0653076171875,-173.9102325439453,-34.89698791503906,203.58345751369205,-174.01852257615417,-34.90486785803644,0.5294035699021272,0.35157957004697366,0.061558522716632105,3.5888816014523035e-05,5.237699357354355,7.102002388952015,19.495008023198295,nan,nan
219.06,203.05661010742188,-173.90895080566406,-34.89873504638672,203.5746594834715,-174.0169246657549,-34.90724919577488,0.529250414480821,0.3516339324031831,0.06157145952772388,3.5177597846690135e-05,5.571494503604397,7.45254021802149,nan,0.18391471558076808,nan
219.07,203.04791259765625,-173.90768432617188,-34.900447845458984,203.56584809171468,-174.01533949598192,-34.909088454437395,0.5290760547557432,0.35168838212266884,0.06158445899639918,3.58831559536144e-05,5.594067240602324,7.359075443472881,nan,nan,nan
219.08,203.03921508789062,-173.9064483642578,-34.902122497558594,203.55699602862276,-174.0137401646292,-34.90930940630468,0.5288291639742633,0.3517429174319092,0.06159751943386096,3.517254889496249e-05,4.984812695621915,6.85026735669368,nan,1.756114722476301,nan
219.09,203.03050231933594,-173.9052276611328,-34.90376663208008,203.54818460304213,-174.01220521254203,-34.91106698141958,0.5286704441041222,0.35179754035298944,0.06161064276932236,3.5878302356544727e-05,5.004431018324072,6.608044025469187,nan,nan,nan
219.1,203.0218048095703,-173.904052734375,-34.90538024902344,203.56509375289994,-174.01566920100842,-34.91315077908664,0.5546904476421212,0.3517230587512708,0.06160360962333235,3.514708211726239e-05,5.625197980984807,7.297888519308717,6.709183000941701,0.12184451851378687,nan
219.11,203.0131072998047,-173.9028778076172,-34.906959533691406,203.5563209947311,-174.01417291232397,-34.91484792283079,0.5545538254944318,0.35177744386325616,0.06161676923012884,3.58521724995831e-05,5.646045754601853,7.0890949530989,nan,nan,nan
219.12,203.00440979003906,-173.9017333984375,-34.908504486083984,203.54749114905965,-174.01264520047584,-34.914190948761345,0.5543204183546057,0.35183191455697255,0.061629990131130255,3.514350329335437e-05,4.834017032732421,6.372454303660232,nan,3.779588060612284,nan
219.13,202.99569702148438,-173.90061950683594,-34.9100227355957,203.5387184777903,-174.01119559682758,-34.91580396391322,0.554195629978533,0.35188647270090345,0.06164327406821697,3.5848823211353265e-05,4.850511064024589,6.311004593936433,nan,nan,nan
219.14000000000001,202.98699951171875,-173.89952087402344,-34.9115104675293,203.52993051847793,-174.00975374992373,-34.91674936593704,0.5540332220059628,0.3519411167530054,0.06165661963203384,3.514062902403232e-05,4.702664752229023,6.18940421454431,nan,0.2852392880497559,nan
219.15,202.97830200195312,-173.89845275878906,-34.912967681884766,203.53582700127845,-174.01661481820744,-34.91849398148025,0.5699359061735928,0.35186655494399477,0.06164967892191601,3.582416719288007e-05,4.702556698609423,5.977197391898719,5.184087679775253,nan,nan
219.16,202.9696044921875,-173.89739990234375,-34.91439437866211,203.52704752594911,-174.01522090891794,-34.91861947493284,0.569773970024961,0.351920960912427,0.06166306021464509,3.5117260298490515e-05,4.361552527071737,5.594277648794735,nan,1.3709125337841668,nan
219.17000000000002,202.96090698242188,-173.8963623046875,-34.915794372558594,203.51830079732753,-174.0138794277656,-34.920101378184576,0.5696636634094646,0.3519754541727061,0.06167650468481808,3.582220117414015e-05,4.373846636118698,5.530280679039918,nan,nan,nan
219.18,202.9521942138672,-173.89535522460938,-34.91716384887695,203.50954717032667,-174.01255223824973,-34.92126222762638,0.5695561910722379,0.3520300333266602,0.06169001109298717,3.511569151304045e-05,4.338000746668659,5.537096137396702,nan,0.06057090896123629,nan
219.19,202.94349670410156,-173.8943634033203,-34.91851043701172,203.50080011874206,-174.01125169755608,-34.92268748122981,0.5694448322688584,0.35208470002600956,0.0617035809274951,3.582089769798478e-05,4.349719254105159,5.5258102119864905,nan,nan,nan
219.20000000000002,202.93479919433594,-173.8933868408203,-34.91982650756836,203.49039613621113,-174.01392721393475,-34.92537918078119,0.5685497124715166,0.35201005684713754,0.061696726495385865,3.509359695400402e-05,4.498897681977376,5.565985858448754,2.7887644081826575,1.2888588620521215,nan
219.21,202.9261016845703,-173.89244079589844,-34.92111587524414,203.48164914743387,-174.0126868400699,-34.92676502202792,0.5684399770357529,0.3520644851195592,0.06171033140559624,3.579820601201541e-05,4.514291388525399,5.669057151192742,nan,nan,nan
219.22,202.91738891601562,-173.89151000976562,-34.92238235473633,203.47294503969894,-174.01150580231445,-34.9300880583498,0.5684197169870442,0.3521189992666101,0.06172399855462109,3.509322239215034e-05,5.317449955684217,6.312699109770634,nan,2.7038560372120757,nan
219.23000000000002,202.90869140625,-173.89059448242188,-34.923622131347656,203.46419748767343,-174.0103033023081,-34.93144406435907,0.5683118780150594,0.3521736008060521,0.061737729277615304,3.5798121915193434e-05,5.336562404002238,6.417495619914089,nan,nan,nan
219.24,202.89999389648438,-173.8896942138672,-34.92483901977539,203.45544398991947,-174.0091138728998,-34.93250718400112,0.5681942115184898,0.3522282885414877,0.06175152256384719,3.5093419917495637e-05,5.304818645234544,6.333735587121894,nan,0.050831400806447644,nan
219.25,202.89129638671875,-173.88880920410156,-34.926029205322266,203.42999031198468,-174.00098061463157,-34.93378554964367,0.550303308490819,0.35215356588765684,0.06174475094599328,3.577661689945933e-05,5.278720341677162,6.590042119219324,2.569310222513581,nan,nan
219.26,202.88258361816406,-173.88795471191406,-34.92719650268555,203.42117478129103,-173.99978383485208,-34.933158765251356,0.5501106636945414,0.3522080149213227,0.06175857870852656,3.507301188867526e-05,4.61335073722774,5.903264357459456,nan,2.563186163453807,nan
219.27,202.87388610839844,-173.88711547851562,-34.928340911865234,203.412399032011,-173.99864087913832,-34.93439996279385,0.549973450250058,0.35226255119774286,0.061772470195336354,3.577764215903535e-05,4.62804984623277,6.0070404613072155,nan,nan,nan
219.28,202.8651885986328,-173.88629150390625,-34.92946243286133,203.40362458282513,-173.99751619616424,-34.93570071616119,0.549839210514824,0.3523171736445274,0.06178642453300002,3.507425451285573e-05,4.713485622325338,6.083830155794456,nan,0.004666818443811954,nan
219.29,202.85647583007812,-173.88546752929688,-34.93056106567383,203.39484819314586,-173.9964064861319,-34.936899246336544,0.5497203161543996,0.3523718835927038,0.0618004428516106,3.577919894814311e-05,4.728222434328303,5.872718727634972,nan,nan,nan
219.3,202.8477783203125,-173.88467407226562,-34.931636810302734,203.3821197199407,-173.99158896015444,-34.93913196908213,0.5449841300570459,0.35229708063441295,0.06179374817865557,3.505486006254268e-05,5.317620044969322,6.85358409536061,1.3412747710954585,0.6400987100599286,nan
219.31,202.83908081054688,-173.88389587402344,-34.93269348144531,203.373334835679,-173.99049928929952,-34.94030013271245,0.5448389786550754,0.35235155154697834,0.06180780028088455,3.5759252726037405e-05,5.335198139472839,6.828312821040743,nan,nan,nan
219.32,202.83038330078125,-173.8831329345703,-34.9337272644043,203.36456756805367,-173.98944160359426,-34.94237052435406,0.5447284373461488,0.3524061085997587,0.06182191551185762,3.5057048185442324e-05,5.850088728831222,7.3558336802590105,nan,0.5990691775412533,nan
219.33,202.82167053222656,-173.88238525390625,-34.93474197387695,203.35578217472658,-173.98838357322057,-34.94350747997927,0.5445986820115917,0.3524607530096439,0.06183609487937284,3.576177299009643e-05,5.869886738086416,7.22658445466138,nan,nan,nan
219.34,202.81297302246094,-173.88165283203125,-34.935733795166016,203.3470308896335,-173.98737131472885,-34.94643269036458,0.5445260961893787,0.3525154838760912,0.06185033769276408,3.5059689774615834e-05,6.988157999300103,8.497560220329525,nan,2.2992646275808095,nan
219.35,202.80426025390625,-173.8809356689453,-34.936710357666016,203.31095565151747,-173.97806655805027,-34.94760345904531,0.5160361375295113,0.35244060219487205,0.06184371607018086,3.574275878769411e-05,6.828622930288942,8.578105844339381,5.878989299850729,nan,nan
219.36,202.79556274414062,-173.88023376464844,-34.93766403198242,203.30211784436787,-173.97704056451852,-34.94823861135087,0.5158308325373157,0.3524950937506285,0.061857992013321136,3.5041616366808774e-05,6.70131847423157,8.65201638375137,nan,0.15162276516138132,nan
219.37,202.786865234375,-173.87954711914062,-34.9385986328125,203.2932884912125,-173.97603614317944,-34.94931485079096,0.515644726680719,0.352549672522473,0.06187233225056329,3.574614550345414e-05,6.72422126114786,8.671673456904855,nan,nan,nan
219.38,202.7781524658203,-173.87887573242188,-34.93951416015625,203.28446710790135,-173.97505263423767,-34.95082020287923,0.5154923276156372,0.35260433771433713,0.06188673619949338,3.504507279958806e-05,7.160966094035629,8.965952592181623,nan,0.1408251460937399,nan
219.39000000000001,202.7694549560547,-173.87820434570312,-34.94041442871094,203.27563769973798,-173.97407566582493,-34.9518653682388,0.5153090374141697,0.35265909038586324,0.061901204706110935,3.574994830586297e-05,7.182023121959025,8.988304754203499,nan,nan,nan
219.4,202.76075744628906,-173.8775634765625,-34.94129180908203,203.27645864336344,-173.98193311701468,-34.95358380679229,0.5263001422380315,0.3525841294358882,0.06189465048929319,3.502778525636701e-05,7.618700952015791,9.253707842428161,4.645800386307483,0.36263040058894647,nan
219.41,202.75204467773438,-173.87692260742188,-34.94215774536133,203.26764815872124,-173.98101115043718,-34.95460170504466,0.5261522845388265,0.3526386424722078,0.06190915139415852,3.573213826458299e-05,7.639532294818272,8.962919397667406,nan,nan,nan
219.42000000000002,202.74334716796875,-173.8762969970703,-34.94300079345703,203.25885410878595,-173.98011617014467,-34.95657113780155,0.5260323003145188,0.35269324188768614,0.06192371626760122,3.503196989502298e-05,8.562996424392784,10.10678529881422,nan,0.6602508403905347,nan
219.43,202.73463439941406,-173.8756866455078,-34.94383239746094,203.25004345102428,-173.97921965271362,-34.95756641357793,0.5258842051835432,0.3527479286468807,0.061938345860466947,3.573668171137948e-05,8.585232149704293,9.929918058241668,nan,nan,nan
219.44,202.72593688964844,-173.87509155273438,-34.94464111328125,203.24122416702357,-173.97832839942598,-34.95802911494871,0.5256976919562747,0.3528027020968338,0.06195303973266932,3.5036505016904605e-05,8.42346321874465,9.99144284813073,nan,0.1883069436395921,nan
219.45000000000002,202.71722412109375,-173.87449645996094,-34.945438385009766,203.2203748932756,-173.97277586834178,-34.95899765517042,0.5128385666719701,0.35272766319522136,0.061946548681394556,3.571958443452579e-05,8.418673578830369,9.93716478805697,1.2278668810615672,nan,nan
219.46,202.70852661132812,-173.87393188476562,-34.94622039794922,203.21155586518742,-173.97191894637467,-34.9606736502632,0.5126878104494652,0.3527821967348817,0.06196127424612482,3.502022342634375e-05,9.237387575800723,11.012733300910503,nan,0.3778488974196397,nan
219.47,202.69981384277344,-173.8733673095703,-34.946983337402344,203.2027249779668,-173.97106350425392,-34.96160998112538,0.5125213118141818,0.35283681748533635,0.06197606469321351,3.572478526959403e-05,9.261473115639063,10.831686243381602,nan,nan,nan
219.48000000000002,202.6911163330078,-173.872802734375,-34.94773483276367,203.19388469548562,-173.97021148526537,-34.96193837660687,0.5123145827676046,0.35289152487970094,0.06199091966565373,3.5025375749487566e-05,9.032468268892284,10.656774630756962,nan,0.2482503838149136,nan
219.49,202.68240356445312,-173.8722686767578,-34.94846725463867,203.18505347986977,-173.96937816243764,-34.96284001882367,0.5121462350029266,0.35294631975303425,0.06200583979001486,3.573030343807496e-05,9.055103654670184,10.66525166069011,nan,nan,nan
219.5,202.6737060546875,-173.87173461914062,-34.949188232421875,203.18851845417348,-173.97611625099475,-34.965989389087625,0.525556477077721,0.3528712025900845,0.061999406429580246,3.500968665285978e-05,11.256136240859686,12.613125542556443,2.7016079226913803,3.5863686869143194,nan
219.51,202.6649932861328,-173.8712158203125,-34.949893951416016,203.17970898592813,-173.97532390372254,-34.966885840148386,0.5254136170007287,0.35292575723763986,0.06201435747675285,3.571410896690948e-05,11.277908511640568,12.5117118883668,nan,nan,nan
219.52,202.6562957763672,-173.87071228027344,-34.950584411621094,203.1709030256681,-173.97454529053212,-34.96803166429824,0.5252678570771506,0.3529803984782572,0.06202937328719826,3.501538277451482e-05,11.887285710542093,13.292253718726682,nan,0.04869421299428097,nan
219.53,202.6475830078125,-173.87020874023438,-34.95125961303711,203.16209300645534,-173.97377379828654,-34.96890446871327,0.5251262713715941,0.3530351270695319,0.062044454415521116,3.572017924855441e-05,11.909887534477091,13.12343130922429,nan,nan,nan
219.54,202.63888549804688,-173.86972045898438,-34.951927185058594,203.15326682366225,-173.97299934753903,-34.9686401647535,0.5249133268009087,0.35308994256113413,0.06205960061245955,3.502134251633723e-05,11.169483872788664,12.507846765495117,nan,0.8916661125391967,nan
219.55,202.6301727294922,-173.869140625,-34.95268249511719,203.15049280790092,-173.97233505783737,-34.96956197558519,0.5307230839380958,0.3530147482356558,0.06205322043214266,3.570451396135848e-05,11.304935188939762,12.489753305071895,0.6279863353967355,nan,nan
219.56,202.6214599609375,-173.8684539794922,-34.95352554321289,203.14169337170648,-173.97143487413234,-34.97072712922079,0.5306069740423706,0.3530693232267544,0.06206839679697479,3.500639525799909e-05,11.775089578740058,12.908453182041217,nan,0.023811547055050362,nan
219.57,202.61276245117188,-173.86769104003906,-34.954463958740234,203.1328911634905,-173.9704406877852,-34.97180132665294,0.5304639024630635,0.3531239854428795,0.0620836386460749,3.571106671205622e-05,11.737433156190061,13.041999825301607,nan,nan,nan
219.58,202.6040496826172,-173.86683654785156,-34.95548629760742,203.12406279049878,-173.96933496539515,-34.97102063360587,0.5302460500206748,0.35317873450304,0.0620989457920453,3.5012807279630564e-05,10.210625805381918,11.392024660692341,nan,2.6684183877974665,nan
219.59,202.59535217285156,-173.8658905029297,-34.95659637451172,203.11526033128027,-173.96815997614456,-34.97225399736248,0.5301025367848308,0.3532335710605481,0.062114318696871035,3.5717854675324495e-05,10.179916144410154,11.4827440819146,nan,nan,nan
219.6,202.58663940429688,-173.86485290527344,-34.957794189453125,203.0743564450552,-173.95152337891489,-34.97208278909617,0.49556417034229905,0.3531582994549385,0.062107986346439596,3.499829279218163e-05,9.178839677087971,11.01357429607813,11.157041670572054,1.5893014920785145,nan
219.61,202.5779266357422,-173.8637237548828,-34.959075927734375,203.06549947711665,-173.9501407907122,-34.97347605163288,0.4953812100754247,0.35321289520505517,0.06212338861184052,3.570284310499394e-05,9.151150817102149,10.963895473712604,nan,nan,nan
219.62,202.56922912597656,-173.86251831054688,-34.960445404052734,203.05666246430792,-173.94868688490092,-34.976541847461604,0.4952528425092329,0.3532675777393054,0.062138856395082834,3.500509643800926e-05,10.74272128910907,12.771777623146086,nan,1.77729211943642,nan
219.63,202.56051635742188,-173.86123657226562,-34.96189498901367,203.04780563907508,-173.94713438351852,-34.9781214252899,0.49506825309886293,0.3533223476493123,0.0621543901054629,3.571002806368957e-05,10.71288487408362,12.604259749868884,nan,nan,nan
219.64000000000001,202.5518035888672,-173.85992431640625,-34.96342849731445,203.03894925790595,-173.94552824605697,-34.97980094958893,0.49488078648130307,0.3533772046468816,0.062169989634548777,3.501209247002306e-05,10.995533180861486,12.846946725302901,nan,0.00018216992772447516,nan
219.65,202.54310607910156,-173.8585968017578,-34.96504211425781,203.04361967950302,-173.95501345207927,-34.981459225044766,0.5099799566381364,0.3533018566835559,0.062163700397857034,3.5695396150114485e-05,10.670231455463549,12.195245095712258,6.61967362550427,nan,nan
219.66,202.53439331054688,-173.8572998046875,-34.966739654541016,203.03476809638153,-173.95341724335384,-34.98154383181787,0.509737826710649,0.3533564725998145,0.06217932848603262,3.499810448229291e-05,9.382014970813763,10.802784254172824,nan,2.144260834698284,nan
219.67000000000002,202.52569580078125,-173.85601806640625,-34.96851348876953,203.02593718818804,-173.95185240863879,-34.98343498769935,0.5095569820502156,0.35341117577252273,0.06219502266933425,3.57029212577546e-05,9.35592263558903,10.925622313156317,nan,nan,nan
219.68,202.51698303222656,-173.85475158691406,-34.970367431640625,203.0170880810449,-173.9502949924431,-34.98378993602869,0.5093267770476337,0.35346596596806507,0.0622107828838011,3.5005418977345264e-05,8.266338888177366,9.631899425826122,nan,1.8443881024467994,nan
219.69,202.50828552246094,-173.853515625,-34.97229766845703,203.00825735759213,-173.94877401892543,-34.98582451583578,0.5091453359677492,0.3535208436960065,0.062226609472090015,3.5710615184969726e-05,8.243350896483937,9.807919116616699,nan,nan,nan
219.70000000000002,202.49957275390625,-173.852294921875,-34.974308013916016,202.97008327859808,-173.9429346953415,-34.98824766282344,0.47936419994770685,0.3534163890723789,0.061025956934013664,3.499136620939223e-05,9.145158558111216,11.027829567677498,6.302262850419945,0.07057085405301254,0.016654012947741898
219.71,202.49085998535156,-173.85110473632812,-34.976356506347656,202.96120385430993,-173.94146220699145,-34.990423833909425,0.4791510380622459,0.35347076709725517,0.06103764885841317,3.5696059051655484e-05,9.135673284010409,11.052317800113052,nan,nan,nan
219.72,202.48216247558594,-173.84994506835938,-34.97840881347656,202.95233404806862,-173.94004557097335,-34.99384901009153,0.47897579042540367,0.3535252310085317,0.0610493988837717,3.499896269275481e-05,10.403515175112855,12.529229619800716,nan,1.0633749213170451,nan
219.73000000000002,202.47344970703125,-173.8488006591797,-34.980438232421875,202.94345507580337,-173.93862019021037,-34.9960503287223,0.4787654252137294,0.35357978111661953,0.06106120910494825,3.570403878441589e-05,10.418366088030073,12.310798124978675,nan,nan,nan
219.74,202.46475219726562,-173.84767150878906,-34.98243713378906,202.93456020653193,-173.93716135774307,-34.99602075535032,0.4784480258202508,0.3536344174075627,0.06107307776448697,3.500669465696956e-05,8.861572323651142,10.919252220988286,nan,3.437215450413073,nan
219.75,202.45603942871094,-173.84657287597656,-34.98440170288086,202.93270948415676,-173.9385997407933,-34.99811039708298,0.4856657429791093,0.35355981304414846,0.061065327176088355,3.5690134509537506e-05,8.882467803301465,10.624024815458132,0.4798521754551397,nan,nan
219.76,202.4473419189453,-173.8455047607422,-34.986328125,202.92384693049544,-173.93726155609798,-35.000821067382866,0.4854754174057305,0.3536142117936941,0.06107723418811087,3.499337927426529e-05,9.619309426763408,11.589952999272215,nan,0.27318669439127735,nan
219.77,202.43862915039062,-173.84445190429688,-34.98822021484375,202.9149799618669,-173.9359296366993,-35.00288043743645,0.4852764091175839,0.35366869664597517,0.06108920155643089,3.5698341551962985e-05,9.637322699617986,11.380930019697367,nan,nan,nan
219.78,202.429931640625,-173.84341430664062,-34.990074157714844,202.90611223491382,-173.93461594034457,-35.004774976744656,0.4850585639360159,0.35372326761257683,0.06110122771402163,3.500132389228229e-05,9.790414474911312,11.696730577823505,nan,0.011721908378973498,nan
219.79,202.4212188720703,-173.84239196777344,-34.99189376831055,202.89724552804515,-173.93332612027007,-35.00676125219997,0.48486228907398643,0.35377792496436256,0.06111331447185827,3.570666510379565e-05,9.805648829717946,11.497902817450509,nan,nan,nan
219.8,202.4125213623047,-173.84140014648438,-34.993675231933594,202.92630152850066,-173.95162822347282,-35.00944969802693,0.5257082098592916,0.3537032435438256,0.06110568026171531,3.4988212515121844e-05,10.595350846780676,11.667529384713987,19.84917784235091,0.34033134991637454,nan
219.81,202.40382385253906,-173.84042358398438,-34.995418548583984,202.91750118114308,-173.9504253764651,-35.01137333878798,0.5255657405131965,0.3537576630479156,0.06111780491222,3.569305742187817e-05,10.613704575016078,11.681555955367593,nan,nan,nan
219.82,202.39511108398438,-173.8394775390625,-34.99713134765625,202.90869325292863,-173.94921297532323,-35.011997461500705,0.5253851078681752,0.353812168595617,0.06112998869252187,3.4996331220848046e-05,9.796372720881187,10.731545162573822,nan,1.1306408217004145,nan
219.83,202.38641357421875,-173.8385467529297,-34.998809814453125,202.8998930405015,-173.9480487849891,-35.01384085539637,0.5252406967391181,0.35386676043631105,0.061142233239528734,3.5701557176171265e-05,9.808578427619127,10.881471058116475,nan,nan,nan
219.84,202.37770080566406,-173.83763122558594,-35.000450134277344,202.8910928753181,-173.9469034166425,-35.01565165709652,0.5251122881993656,0.3539214386619499,0.06115453795259875,3.6421101393609474e-05,9.82406892022274,10.745842203615007,nan,nan,nan
219.85,202.36900329589844,-173.83673095703125,-35.0020637512207,202.8759862254605,-173.9462563003083,-35.017418799777765,0.5189058384750419,0.35384668068595193,0.06114701746449033,3.713128791008889e-05,9.64971849738413,10.775968723581048,1.379670730970644,nan,nan
219.86,202.36029052734375,-173.83584594726562,-35.00364303588867,202.8671815248475,-173.945170888171,-35.0197310389135,0.5187959617187002,0.3539011207185581,0.0611593589129846,3.634910302041808e-05,10.418592517222578,11.384932539347055,nan,0.20848815451761588,nan
219.87,202.35159301757812,-173.83497619628906,-35.00518798828125,202.85837379684054,-173.94409095784928,-35.021453418173394,0.5186495479895259,0.3539556469563862,0.061171761351605715,3.708085714638668e-05,10.430558241772868,11.554078697449826,nan,nan,nan
219.88,202.34288024902344,-173.83413696289062,-35.00670623779297,202.84955338130982,-173.9429767998958,-35.02070322206437,0.5184203783310406,0.35401025945544795,0.06118422352679358,3.630142862278452e-05,8.691410176438929,9.66793889856369,nan,3.9096843317933896,nan
219.89000000000001,202.3341827392578,-173.83331298828125,-35.0081901550293,202.8407457420261,-173.94193093039112,-35.0223414323957,0.5182703848117269,0.3540649584437659,0.061196746939248745,3.703192441332812e-05,8.700491535305261,9.824113807048102,nan,nan,nan
219.9,202.32546997070312,-173.83248901367188,-35.009647369384766,202.7995224067938,-173.9283242212798,-35.02386426870766,0.48385144353109916,0.353990124201438,0.06118933444121541,3.62325874267764e-05,8.75852950731848,10.295463195327951,9.524291832049377,0.001641273101174644,nan
219.91,202.3167724609375,-173.83169555664062,-35.01107406616211,202.79066204922557,-173.92729261238202,-35.02544306828423,0.48364926049385104,0.35404458474702144,0.06120189484342967,3.6960977326359976e-05,8.764217152647264,10.496879931469216,nan,nan,nan
219.92000000000002,202.30807495117188,-173.83091735839844,-35.012474060058594,202.78179989881318,-173.92626976480724,-35.02663266915767,0.48343342213517304,0.3540991314791899,0.061214515307666285,3.6187870103243224e-05,8.71562173983256,10.45835109328329,nan,0.0861648838997615,nan
219.93,202.2993621826172,-173.8301544189453,-35.01384735107422,202.7729393034047,-173.92526994792235,-35.028152830874205,0.48324621047483673,0.3541537646099367,0.06122719717549414,3.691514679304831e-05,8.717960277294099,10.27637454388919,nan,nan,nan
219.94,202.29066467285156,-173.82940673828125,-35.01519012451172,202.76408096296933,-173.92429559524888,-35.03016629583288,0.4830643483356381,0.3542084842201283,0.06123993943090879,3.6144613148748806e-05,9.377318159099552,11.115797545840373,nan,0.17870541292568515,nan
219.95000000000002,202.28195190429688,-173.82867431640625,-35.01650619506836,202.7586861278497,-173.92781054505832,-35.0317312580801,0.48717072395781524,0.3541335741712429,0.06123263182586005,3.684751644730881e-05,9.316289297155611,10.741469285221438,2.18480816226488,nan,nan
219.96,202.27325439453125,-173.8279571533203,-35.01779556274414,202.74983031679434,-173.9268593163043,-35.03243400364322,0.48695023511215885,0.35418805504710427,0.061245410616160824,3.608046271498204e-05,8.961984694900462,10.578654923004278,nan,0.3697740223891425,nan
219.97,202.26454162597656,-173.82723999023438,-35.01906204223633,202.74097747791697,-173.92593651791302,-35.033850712470425,0.4867759549908934,0.3542426222314764,0.06125825097978319,3.680479663156434e-05,8.962307200297936,10.416803531430746,nan,nan,nan
219.98000000000002,202.25584411621094,-173.82655334472656,-35.020301818847656,202.732127669114,-173.92504231358322,-35.036040814323165,0.48661464808509736,0.3542972758182206,0.06127115204208018,3.604019049349536e-05,9.89089466022008,11.51969868709281,nan,0.42346303271175234,nan
219.99,202.24713134765625,-173.8258819580078,-35.02151870727539,202.72327463964248,-173.92414753073484,-35.037416879565896,0.48643736407582516,0.3543520159992091,0.06128411493358892,3.676360472378278e-05,9.890572874099595,11.345443129496235,nan,nan,nan
220.0,202.23843383789062,-173.82521057128906,-35.022708892822266,202.70992932600166,-173.9220338848613,-35.03897235209696,0.481609021372883,0.3542770304692282,0.061276906687665555,3.5979190989154046e-05,10.328657578103902,12.062132407219377,0.23015814103680643,0.017613046561002967,nan
220.01,202.22972106933594,-173.82455444335938,-35.02387619018555,202.70106887008606,-173.92116627232934,-35.040304121921785,0.4814275352636484,0.3543315316204188,0.061289905561732,3.670084245579817e-05,10.32785479752597,11.870777518247833,nan,nan,nan
220.02,202.2210235595703,-173.8239288330078,-35.025020599365234,202.6922032813249,-173.92028781846136,-35.04020441633341,0.4811714170314959,0.354386119095302,0.06130296543521881,3.5941881896647804e-05,9.386653070949174,11.125917380305719,nan,1.3281191114359583,nan
220.03,202.21231079101562,-173.82330322265625,-35.02613830566406,202.6833425067589,-173.919446052409,-35.04147788555445,0.48098817413749834,0.3544407930753685,0.061316087313767996,3.6662739702793615e-05,9.387656958622316,10.918450436407394,nan,nan,nan
220.04,202.20361328125,-173.82269287109375,-35.02723693847656,202.67448141759647,-173.9186165286722,-35.042707048970435,0.4807883882003772,0.3544955536705865,0.061329270509308156,3.590602335647437e-05,9.632126115671586,11.380880688307291,nan,0.0003462877758530517,nan
220.05,202.1949005126953,-173.82208251953125,-35.028316497802734,202.6863358925849,-173.92596177367093,-35.04393094439548,0.5025370065878182,0.3544204930848881,0.06132215804875368,3.660320708968772e-05,9.695891572979304,10.926194145318096,3.635755653122549,nan,nan
220.06,202.1862030029297,-173.82150268554688,-35.02936935424805,202.6775026702415,-173.9251409076457,-35.04334067941499,0.5023061238999759,0.3544750143616101,0.06133537671276361,3.5849605171914285e-05,8.477444215802961,9.832907548995808,nan,2.178689709045288,nan
220.07,202.177490234375,-173.8209228515625,-35.03040313720703,202.66867484509342,-173.92436050317494,-35.04451232333369,0.5021560899868277,0.35452962205473454,0.06134865756002955,3.656814294748022e-05,8.473617123819587,9.68045890624071,nan,nan,nan
220.08,202.16879272460938,-173.8203582763672,-35.03141784667969,202.6598404866807,-173.9235563987708,-35.043356807136234,0.5019166224381102,0.3545843162824112,0.06136200001227509,3.5816651281891235e-05,7.0066255434549625,8.398882227855825,nan,3.586300599244947,nan
220.09,202.1600799560547,-173.81979370117188,-35.03240966796875,202.6510127916456,-173.922799020222,-35.04446622923892,0.5017673818450231,0.35463909721345915,0.061375404911126814,3.653456043926147e-05,7.002559835715747,8.221469353668521,nan,nan,nan
220.1,202.1513671875,-173.8192596435547,-35.03338623046875,202.6695959794898,-173.92883022985225,-35.046178302621655,0.5298400054155625,0.3545639619234448,0.06136838289827689,3.576324164576498e-05,7.896974736893357,8.753291651020144,6.811690708727021,0.17835776147505564,nan
220.11,202.14266967773438,-173.8187255859375,-35.034339904785156,202.66081007431046,-173.92809200514114,-35.04725722297292,0.5297143959933636,0.3546185032455952,0.061381822670908144,3.647967988033997e-05,7.892858914237248,8.880807633152395,nan,nan,nan
220.12,202.1339569091797,-173.81820678710938,-35.035274505615234,202.65202687201827,-173.92738220102848,-35.04955987849012,0.5296412269434385,0.35467313102038184,0.06139532432722711,3.57331234130377e-05,9.027931901168166,9.87047630255567,nan,1.0442217563615885,nan
220.13,202.12525939941406,-173.81768798828125,-35.036190032958984,202.64324043854847,-173.9266650754687,-35.05061491276228,0.5295171759178013,0.3547278454103112,0.061408888612928224,3.644903988693686e-05,9.022768247807377,10.027375636949149,nan,nan,nan
220.14000000000001,202.11654663085938,-173.81719970703125,-35.037086486816406,202.63445331615944,-173.92595512778894,-35.05144170339822,0.5293969668082639,0.3547826465433348,0.061422515093147646,3.5704384539052634e-05,9.08418374837885,9.9277765486206,nan,0.03014789470213004,nan
220.15,202.1078338623047,-173.8166961669922,-35.037967681884766,202.64480472543238,-173.92873366871837,-35.05233437781433,0.5487226180804603,0.35470743695228635,0.06141557956938063,3.6397185228369146e-05,9.264945371022943,9.946148570757284,4.408045371529135,nan,nan
220.16,202.09913635253906,-173.81622314453125,-35.0388298034668,202.6360488073011,-173.92805263907246,-35.05437468495102,0.5486551405649157,0.3547619981909122,0.06142924035289161,3.565527596068913e-05,10.369779389333512,11.15786711369521,nan,0.7369270590531707,nan
220.17000000000002,202.09042358398438,-173.8157501220703,-35.039676666259766,202.62729053691888,-173.92736755605966,-35.05536793468232,0.5485715929833166,0.35481664595647505,0.06144296394991028,3.6369397036988875e-05,10.360696420940712,11.046614593506579,nan,nan,nan
220.18,202.0817108154297,-173.81529235839844,-35.040504455566406,202.61853258165362,-173.92669646880924,-35.05670135352012,0.5484987001001306,0.35487138038169136,0.06145675000891089,3.5629255340086776e-05,10.952409590463436,11.625003089933342,nan,0.08629860594377467,nan
220.19,202.07301330566406,-173.81483459472656,-35.041316986083984,202.6097737388752,-173.92603019811912,-35.0576667000614,0.5484008917042138,0.3549262016216854,0.06147059915101291,3.6342991832423075e-05,10.942303053135753,11.763370540403963,nan,nan,nan
220.20000000000002,202.06430053710938,-173.81439208984375,-35.0421142578125,202.60576361611703,-173.93647262537905,-35.05979121880015,0.5553362927405306,0.3548509180964423,0.06146374491572384,3.558292160864324e-05,11.92483578227786,12.532183957609107,12.228008018398844,1.065069380627739,nan
220.21,202.0555877685547,-173.81394958496094,-35.04289245605469,202.59701830197713,-173.93587023861636,-35.06073735098228,0.5552748045651384,0.35490549915636993,0.06147762772426533,3.6295429530367394e-05,11.913746516762032,12.530910744908377,nan,nan,nan
220.22,202.04689025878906,-173.8135223388672,-35.04365921020508,202.58827117151736,-173.93526332498809,-35.06054378253629,0.5551569590224229,0.35496016679141884,0.061491573253955954,3.555951920887278e-05,11.154315351282671,11.925104581778262,nan,0.8649758755483401,nan
220.23000000000002,202.03817749023438,-173.8131103515625,-35.04440689086914,202.57952576782202,-173.9346781914284,-35.061449475146304,0.555092016710394,0.3550149211532413,0.06150558205403518,3.627173114781709e-05,11.142250767523983,11.73408696750469,nan,nan,nan
220.24,202.0294647216797,-173.8126983642578,-35.04513931274414,202.57078049787893,-173.93410151955828,-35.062341149607896,0.5550291874042157,0.35506976238274635,0.0615196540669246,3.699829837616941e-05,11.129542564759552,11.748825380713829,nan,nan,nan
220.25,202.02076721191406,-173.8123016357422,-35.045860290527344,202.55334273397915,-173.9280523769491,-35.06324867865011,0.5452864172472643,0.3549944053133258,0.06151287685583925,3.77150881182925e-05,11.221475566116542,12.08764755549812,1.5556971195385634,nan,nan
220.26,202.01205444335938,-173.81190490722656,-35.046566009521484,202.54458220158924,-173.9274805437081,-35.06440032466092,0.5452170245231954,0.35504900607766304,0.061526981710755206,3.689288086708712e-05,11.823112542600729,12.577284457669801,nan,0.05209724782609059,nan
220.27,202.0033416748047,-173.8115234375,-35.04725646972656,202.53582113084576,-173.92691360606113,-35.06525498884121,0.5451359544156716,0.35510369348080323,0.061541150038149785,3.763100741906553e-05,11.807928335584968,12.537346793943827,nan,nan,nan
220.28,201.99462890625,-173.81114196777344,-35.047935485839844,202.52706006221734,-173.9263558409778,-35.06623210432504,0.545061408165601,0.3551584676629118,0.06155538162825999,3.681368703559708e-05,12.290119589470526,13.077449342581675,nan,0.011659987732279034,nan
220.29,201.98593139648438,-173.81077575683594,-35.04859924316406,202.51829869472567,-173.92580419697805,-35.06706264668722,0.5449654847308448,0.35521332877221795,0.06156967696417149,3.75499239644975e-05,12.272281881086865,13.159405201821517,nan,nan,nan
220.3,201.9772186279297,-173.810302734375,-35.049354553222656,202.5001479286402,-173.91993894171966,-35.068252788378736,0.5346328598155099,0.35513789853328637,0.06156297165462522,3.671441395506635e-05,12.967238989837107,13.881869530215337,1.6880096667185207,0.10951793518799444,nan
220.31,201.968505859375,-173.80975341796875,-35.05019760131836,202.49136985742552,-173.91923665130042,-35.06921774092745,0.5345419577066763,0.35519251889925463,0.061577299354129755,3.744794865983419e-05,12.895518192674153,13.753822306765057,nan,nan,nan
220.32,201.9597930908203,-173.80909729003906,-35.0511360168457,202.48259214852854,-173.91844729306072,-35.07090962762604,0.5344785061952809,0.3552472259575745,0.06159169056068954,3.664098943466483e-05,13.90072927409576,14.865219341655624,nan,0.26025311006992347,nan
220.33,201.9510955810547,-173.808349609375,-35.05215835571289,202.47381390444906,-173.91755966117216,-35.07206144507827,0.5343757236178011,0.35530201985479415,0.06160614570023617,3.7372864111919965e-05,13.82361984924702,14.87975693952566,nan,nan,nan
220.34,201.9423828125,-173.80752563476562,-35.05326843261719,202.46503452097306,-173.9165653202921,-35.071601288279524,0.534219575629967,0.35535690073370185,0.061620664648600235,3.65703468443533e-05,12.40993977507836,13.301329815984989,nan,1.8676259943708688,nan
220.35,201.9336700439453,-173.8065948486328,-35.054466247558594,202.42661444023022,-173.91319629583927,-35.072765412341276,0.5046710867554742,0.3552813977080694,0.06161402676069701,3.727707871623828e-05,11.675933653082442,13.03859533755113,13.241520035623621,nan,nan
220.36,201.92495727539062,-173.80564880371094,-35.055747985839844,202.41779272388385,-173.91208181100262,-35.073061237017164,0.5044943141394145,0.355336037565171,0.06162857739846397,3.6479864698697445e-05,10.905844075903087,12.1756200812391,nan,0.7850998426799064,nan
220.37,201.916259765625,-173.8046875,-35.0571174621582,202.4089717683984,-173.9109559657701,-35.07453216185176,0.5043425187900853,0.35539076417256715,0.061643192156495136,3.720781120331525e-05,10.835783554981566,12.353341871121756,nan,nan,nan
220.38,201.9075469970703,-173.80372619628906,-35.05856704711914,202.40015068135648,-173.90982443944142,-35.07551348645076,0.5041848954285942,0.35544557767402507,0.06165787095842689,3.641475100544143e-05,10.567803610546553,11.882186248609665,nan,0.21504873851752127,nan
220.39000000000001,201.89883422851562,-173.8027801513672,-35.06010055541992,202.3913298881257,-173.9087066248547,-35.077147782830394,0.5040466253062862,0.35550047821457315,0.06167261415862666,3.714134131246383e-05,10.502401295879409,11.823035492425921,nan,nan,nan
220.4,201.89012145996094,-173.80184936523438,-35.06171417236328,202.39364245578793,-173.89946782888663,-35.07755920964083,0.513141133501063,0.3554249027801259,0.06166603861665478,3.63299321489829e-05,10.205241199956403,11.413828046507787,16.037790614598364,1.102916140269949,nan
220.41,201.88140869140625,-173.80093383789062,-35.06340789794922,202.38483297974713,-173.89833061686835,-35.07934572844907,0.513006979570259,0.3554795620219228,0.06168081278533367,3.7054352028828e-05,10.147459213563865,11.349225868742991,nan,nan,nan
220.42000000000002,201.87271118164062,-173.800048828125,-35.065185546875,202.37602341058448,-173.89720263103135,-35.08016575488745,0.5128220625672161,0.3555343080693578,0.061695651226055886,3.627015255295132e-05,9.477395886540538,10.890564206234652,nan,0.7208198903283336,nan
220.43,201.86399841308594,-173.79916381835938,-35.067039489746094,202.36721424182448,-173.8960997773128,-35.082103660093885,0.5126886771321459,0.3555891410670305,0.06171055425359363,3.6993406488512056e-05,9.422146032464049,10.640759872093746,nan,nan,nan
220.44,201.85528564453125,-173.79830932617188,-35.0689697265625,202.3584052096392,-173.89500580821058,-35.08291247003831,0.5125172255921693,0.3556440611593852,0.06172552185093555,3.621293539056393e-05,8.654232558649651,9.836412703040969,nan,0.962084143174418,nan
220.45000000000002,201.84657287597656,-173.79747009277344,-35.07097625732422,202.36550356717447,-173.89445637427986,-35.08493985087505,0.5281007318802298,0.35556841369522896,0.061719003983097535,3.6912042541467414e-05,8.913817439801473,9.920021421699873,4.167300240418266,nan,nan
220.46,201.83787536621094,-173.796630859375,-35.073028564453125,202.35671823224283,-173.8933836589135,-35.08623811005514,0.5279521909659387,0.3556230922140653,0.06173400182589242,3.613612407064786e-05,8.45771003141483,9.676867887832685,nan,0.47171772890217967,nan
220.47,201.82916259765625,-173.7958221435547,-35.075077056884766,202.34793313075045,-173.89233299327236,-35.08839419461978,0.5278395175406245,0.3556778575938664,0.06174906444326122,3.6856397111716267e-05,8.439353104664503,9.445395350684363,nan,nan,nan
220.48000000000002,201.82044982910156,-173.79502868652344,-35.07710647583008,202.33914821010956,-173.89129562142185,-35.09009108837305,0.5277157694990169,0.3557327099790958,0.061764191850675464,3.608393673558413e-05,8.298493479620113,9.31992175486637,nan,0.13450648138911864,nan
220.49,201.81173706054688,-173.79425048828125,-35.079105377197266,202.33036328705225,-173.89027722665978,-35.09220972108138,0.5276040382061686,0.3557876495143215,0.06177938431424112,3.680329206152185e-05,8.290490671818212,9.30716359768667,nan,nan,nan
220.5,201.80303955078125,-173.79348754882812,-35.08107376098633,202.35309721593754,-173.90332552108063,-35.09306229892678,0.5610450429222945,0.35571193039848487,0.061772919079385445,3.601221607469256e-05,7.645241715659912,8.437611344304397,9.683728461846556,0.9686737050757407,nan
220.51,201.79432678222656,-173.79273986816406,-35.08300018310547,202.34436502257245,-173.90236439165525,-35.09510280343842,0.560986698070811,0.3557666280873694,0.06178814102720158,3.672983450801552e-05,7.640487037420389,8.238018560816485,nan,nan,nan
220.52,201.78561401367188,-173.79200744628906,-35.08489227294922,202.33563306315858,-173.90141888624623,-35.09723811919985,0.5609315804190441,0.35582141269173,0.06180342797919351,3.5964832865730616e-05,7.889053481388059,8.524309487572264,nan,0.01136895841663553,nan
220.53,201.77691650390625,-173.79129028320312,-35.08674621582031,202.3269014841846,-173.90048716715714,-35.09920823768039,0.5608589305572944,0.35587628435641944,0.061818780175176696,3.668168834940684e-05,7.882869079504934,8.613153539473613,nan,nan,nan
220.54,201.76820373535156,-173.79058837890625,-35.08856201171875,202.3181700475807,-173.8995706467852,-35.10130103552317,0.5608051016408963,0.35593124322546815,0.061834197670074566,3.5919749925973e-05,8.165473908260427,8.766556785689184,nan,0.016825485406536275,nan
220.55,201.75949096679688,-173.78990173339844,-35.0903434753418,202.32034698148473,-173.91661931645862,-35.10321555994604,0.5751369451097882,0.35585545283579845,0.06182778025511358,3.661322517752238e-05,7.575569980857555,8.106681189525546,22.866551138906722,nan,nan
220.56,201.75079345703125,-173.7892303466797,-35.09209060668945,202.31164000842386,-173.9158015951858,-35.1061687066849,0.5751237502110882,0.355910169587521,0.06184322646499572,3.585515093278254e-05,8.574867375024429,9.218706845376442,nan,0.7946670407998496,nan
220.57,201.74208068847656,-173.78855895996094,-35.09380340576172,202.30293353193838,-173.914992053717,-35.108011279842245,0.5751026890059016,0.3559649733094082,0.0618587381052159,3.656979192843549e-05,8.56405946832698,9.190607253076006,nan,nan,nan
220.58,201.73338317871094,-173.7879180908203,-35.09547805786133,202.29422744869052,-173.91419135553753,-35.108890644275554,0.5750401116666504,0.35601986414499764,0.06187431525168179,3.5814534102321336e-05,8.064400448105166,8.653568425196452,nan,0.5823979637656118,nan
220.59,201.72467041015625,-173.7872772216797,-35.09712219238281,202.2855207301309,-173.91340805113347,-35.110657826251646,0.575017635328354,0.3560748422399053,0.061889958112740305,3.652861073243179e-05,8.053989247438343,8.651472927078862,nan,nan,nan
220.6,201.71595764160156,-173.78665161132812,-35.098731994628906,202.28672805102516,-173.92146184312892,-35.11054224589406,0.5865936761564324,0.3559989809526662,0.06188358348974128,3.575440948772789e-05,6.768470539523962,7.335495103603301,4.439714028761731,2.1068400525155733,nan
220.61,201.70726013183594,-173.78604125976562,-35.100311279296875,202.27803977755818,-173.92073130193333,-35.11222671739983,0.5865771808510192,0.3560537166614266,0.061899254264959375,3.6467095729348285e-05,6.757330225943106,7.428641718264275,nan,nan,nan
220.62,201.69854736328125,-173.7854461669922,-35.10186004638672,202.26935109844877,-173.9200152553363,-35.114397231836726,0.5865858203519412,0.35610853939260223,0.06191499074831856,3.571801953126989e-05,7.261710518373128,7.836075583049329,nan,0.1809682438388486,nan
220.63,201.68983459472656,-173.7848663330078,-35.10337448120117,202.26066286262972,-173.91930918164405,-35.11602591902376,0.5865831994403857,0.3561634492924391,0.061930793131748714,3.643026489036819e-05,7.251877173116999,7.755965512497296,nan,nan,nan
220.64000000000001,201.68113708496094,-173.78428649902344,-35.104862213134766,202.25197648092484,-173.91860655588926,-35.11540443082318,0.5865241955918425,0.35621844650350315,0.06194666151582679,3.568364737854758e-05,5.969276290001458,6.701004535573983,nan,3.347505702144562,nan
220.65,201.67242431640625,-173.78372192382812,-35.106319427490234,202.25435484389604,-173.9254973371119,-35.1169472126687,0.5990462056086543,0.35614251469657876,0.06194032477117711,3.6373089932677433e-05,5.872532388738133,6.470047215951353,2.669137463777231,nan,nan
220.66,201.66371154785156,-173.78317260742188,-35.10774612426758,202.24568471571928,-173.92485112466633,-35.11991067367741,0.5990939380672423,0.3561972692543402,0.06195622025632852,3.5629719125975755e-05,6.917320309607682,7.46779087545783,nan,1.4194098205162407,nan
220.67000000000002,201.65501403808594,-173.78262329101562,-35.10914611816406,202.23701579593202,-173.92421107569524,-35.12141658593543,0.5991024213652818,0.35625211088956044,0.06197218182497971,3.634035734607004e-05,6.903516126662415,7.660929684761325,nan,nan,nan
220.68,201.64630126953125,-173.78208923339844,-35.11051559448242,202.22834785362662,-173.92357861849052,-35.12184312996479,0.5991041522230711,0.35630703974410133,0.061988209590266845,3.559922500832211e-05,6.361377833119496,6.957237141504696,nan,0.7551328787681895,nan
220.69,201.63758850097656,-173.7815704345703,-35.11185836791992,202.21967889108282,-173.92295999165702,-35.123284743461475,0.5991250213146252,0.35636205596530046,0.06200430372526443,3.630957757425668e-05,6.349645710832854,6.921244439470893,nan,nan,nan
220.70000000000002,201.62889099121094,-173.78106689453125,-35.11317825317383,202.18953208008472,-173.91382579057833,-35.12413148477604,0.5762493629460673,0.3562860540122337,0.06199799983118382,3.554914734689395e-05,6.058873235109752,6.861434632460371,4.052865352517373,0.1808083950829032,nan
220.71,201.62017822265625,-173.7805633544922,-35.11446762084961,202.18082778655602,-173.9132144591615,-35.12551508400284,0.576234583753109,0.35634082731522226,0.06201412022767163,3.625838053274423e-05,6.046586269402788,6.752484663479364,nan,nan,nan
220.72,201.61146545410156,-173.7800750732422,-35.1157341003418,202.16996537960526,-173.91295606549633,-35.12584551495538,0.5741792103477518,0.35213237039378065,0.06192126280490249,3.552210558852753e-05,6.4306263089195,7.142810331508242,nan,0.723678354231638,0.0010935288907829425
220.73000000000002,201.60276794433594,-173.77960205078125,-35.116973876953125,202.1612601891296,-173.91236708018621,-35.12716963220045,0.5741464046326687,0.35218362203883724,0.06193625822772189,3.623114516394019e-05,6.416861659408372,7.169802921746471,nan,nan,nan
220.74,201.59405517578125,-173.7791290283203,-35.118186950683594,202.15256634945152,-173.9117850780485,-35.12803467721541,0.5741335527225984,0.35223495852519404,0.0619513130651582,3.549698805646741e-05,6.2748238461627315,6.962342923484609,nan,0.12995154810109363,nan
220.75,201.58534240722656,-173.77867126464844,-35.11937713623047,202.16112561198113,-173.91488878471154,-35.12938256907761,0.5917614556018705,0.35216846671987645,0.06194465541421975,3.618364905355119e-05,6.557240591460468,7.060186221634661,3.9095229421972295,nan,nan
220.76,201.57664489746094,-173.77821350097656,-35.12054443359375,202.15247308681387,-173.91431775385462,-35.12971524460898,0.5917656420236376,0.3522195826113094,0.06195973268234007,3.545219556824175e-05,6.157901406470492,6.825110315929502,nan,0.5801844928950018,nan
220.77,201.56793212890625,-173.77777099609375,-35.12168884277344,202.1437970988074,-173.91376103527858,-35.13093472142891,0.5917763433839284,0.3522707850434243,0.06197486958535027,3.616009880355034e-05,6.1454865621658445,6.684094502537679,nan,nan,nan
220.78,201.55921936035156,-173.77734375,-35.12281036376953,202.13515920756302,-173.91320437298683,-35.1306182044659,0.5917987655112725,0.35232207229656565,0.06199006616799721,3.5430373857648965e-05,5.498160222121011,5.991277783644282,nan,1.5786998774707701,nan
220.79,201.55052185058594,-173.77691650390625,-35.12390899658203,202.12648316096403,-173.9126650214507,-35.131779134062924,0.5917947533832395,0.35237344635385576,0.06200532266983212,3.613820628737575e-05,5.4867263487732,6.115169342811153,nan,nan,nan
220.8,201.54180908203125,-173.7764892578125,-35.12498474121094,202.11637850622537,-173.9047513783827,-35.13511459151467,0.588798614688512,0.35230686160603264,0.06199870905665262,3.538882739370051e-05,7.072687434583932,7.530527445159529,7.574092931796668,3.208711772149391,nan
220.81,201.53309631347656,-173.77609252929688,-35.126041412353516,202.10770159975945,-173.90419625840295,-35.13625567020987,0.5888005872098625,0.35235801477833556,0.06201398752896968,3.609574747470448e-05,7.060813678354544,7.452797745732178,nan,nan,nan
220.82,201.52439880371094,-173.7756805419922,-35.1270751953125,202.09900671895903,-173.90365319635453,-35.138101247469955,0.5887892919852421,0.352409252750319,0.062029325940842144,3.537007120466015e-05,7.603062627596615,8.169795956602913,nan,0.3630646940437734,nan
220.83,201.51568603515625,-173.77529907226562,-35.12808609008789,202.09032937577246,-173.90311456639552,-35.13920924263604,0.588791553927899,0.35246057739574826,0.06204472451442918,3.6076994136273524e-05,7.592530892874837,7.939675559652776,nan,nan,nan
220.84,201.50697326660156,-173.77491760253906,-35.12908172607422,202.08167385318643,-173.9025794025313,-35.13938792127358,0.5887992162509534,0.3525119871552981,0.0620601833203813,3.535277054661591e-05,7.164272100465103,7.616435136567678,nan,0.5725607301786383,nan
220.85,201.49826049804688,-173.7745361328125,-35.13005447387695,202.08147008834527,-173.91218052803384,-35.14047602748993,0.5993229634609203,0.35244531136460727,0.06205361008179045,3.6037616368449695e-05,6.814394250278587,7.341046331677989,8.187469494214746,nan,nan
220.86,201.48956298828125,-173.774169921875,-35.13100814819336,202.07279173215363,-173.9117041807654,-35.14207098048872,0.5993278120577145,0.352496500006579,0.06206909038293801,3.5315628358311526e-05,7.261586618689407,7.8175745825469205,nan,0.2117246522425779,nan
220.87,201.48085021972656,-173.7738037109375,-35.13194274902344,202.0641261864713,-173.91123267137792,-35.1431004818906,0.599351372362219,0.3525477751913791,0.062084631085776484,3.602176966068223e-05,7.247607788931674,7.784647111259733,nan,nan,nan
220.88,201.47213745117188,-173.77345275878906,-35.13285827636719,202.05550265305527,-173.91076040658672,-35.14230176118192,0.599380954249988,0.35259913546721444,0.062100232275383756,3.5301069721875706e-05,6.313602305894973,6.7886299303935,nan,2.2740905291462,nan
220.89000000000001,201.4634246826172,-173.77310180664062,-35.133758544921875,202.04683673578478,-173.91030318893948,-35.143277923630876,0.5994034214591599,0.3526505825498058,0.06211589415244078,3.600730097605004e-05,6.2994603609540905,6.871115447769449,nan,nan,nan
220.9,201.45472717285156,-173.77276611328125,-35.134639739990234,202.02521641262854,-173.906957715529,-35.14284748088095,0.586116648650809,0.3525838141804049,0.06210935741767973,3.526660785474976e-05,5.519591621949132,6.21958345464103,2.6447381873134668,1.1015404842971546,nan
220.91,201.44601440429688,-173.77243041992188,-35.135501861572266,202.0165282840467,-173.90651692127813,-35.143774451540835,0.5861174904214561,0.3526350398552488,0.062125040283490654,3.5972080104439826e-05,5.507034774060977,6.144745065349879,nan,nan,nan
220.92000000000002,201.4373016357422,-173.7720947265625,-35.13634490966797,202.00789435692292,-173.9060735200249,-35.142278216488926,0.586141258308869,0.3526863505962085,0.062140783885684024,3.525457720434091e-05,4.597947367992441,5.268171980552937,nan,4.030088396363301,nan
220.93,201.4285888671875,-173.7717742919922,-35.137176513671875,201.999205880679,-173.905646209103,-35.14314871001765,0.5861408818757436,0.3527377480141619,0.062156588413127885,3.596019419245394e-05,4.586501625660114,5.260361708519935,nan,nan,nan
220.94,201.4198760986328,-173.77146911621094,-35.13798522949219,201.99052250357852,-173.90522448989495,-35.143768502838675,0.5861409947422271,0.35278923081163005,0.06217245396850591,3.5243744078318363e-05,4.539392213775817,5.053818074284121,nan,0.038422387580668564,nan
220.95000000000002,201.4111785888672,-173.7711639404297,-35.1387825012207,201.9476432644287,-173.88456872405771,-35.144544155282816,0.548350426034827,0.3527223714970031,0.062165949934143074,3.592748976354316e-05,4.76005387449217,5.663312274770103,18.916918959408434,nan,nan
220.96,201.4024658203125,-173.77085876464844,-35.13956069946289,201.93889917851556,-173.88410925170132,-35.1453801153697,0.5482885063652334,0.35277363265115264,0.062181835954503335,3.5212879258730624e-05,4.793404326679065,5.551419774029612,nan,0.00016650955402913522,nan
220.97,201.3937530517578,-173.7705535888672,-35.14032745361328,201.93015535102717,-173.88365590630866,-35.146185925344305,0.5482279476304592,0.35282498035329146,0.062197783135094886,3.591797389052018e-05,4.782451590898927,5.630492181547257,nan,nan,nan
220.98000000000002,201.38504028320312,-173.770263671875,-35.141075134277344,201.92147447273942,-173.88319908910708,-35.1440369859216,0.5482014417474723,0.3528764134072966,0.06221379158813999,3.520427822983337e-05,4.071824686732058,4.8102384086006005,nan,6.032692239574043,nan
220.99,201.37632751464844,-173.76998901367188,-35.14181137084961,201.912730498203,-173.88275777723595,-35.14478510476667,0.5481366598717927,0.35292793327457755,0.06222986148829827,3.590957929831976e-05,4.065156786784069,4.7978812465142555,nan,nan,nan
221.0,201.36761474609375,-173.7696990966797,-35.14252853393555,201.90609275966645,-173.8786529462924,-35.14702220375898,0.5494085051353959,0.3528609817363044,0.062223386214812805,3.517557979812252e-05,4.665155262641131,5.363888323040019,2.723654392135561,1.5555780998686066,nan
221.01,201.35890197753906,-173.76943969726562,-35.14323425292969,201.89735307728006,-173.87820374169192,-35.147758090242455,0.5493447635832033,0.35291227967093913,0.062239476028183006,3.58802316663828e-05,4.6585321950329135,5.288660534621068,nan,nan,nan
221.02,201.35020446777344,-173.7691650390625,-35.143924713134766,201.8886591808157,-173.87775365424142,-35.14626914487368,0.5492999742436474,0.3529636629274238,0.06225562735400025,3.516901761323572e-05,4.239865653790013,5.054420914056078,nan,3.419948363690744,nan
221.03,201.34149169921875,-173.76890563964844,-35.14460372924805,201.8799197463363,-173.87731499374866,-35.14695693994205,0.5492384614899196,0.3530151328698954,0.0622718403593684,3.587391545512565e-05,4.234366194350028,4.894165051387333,nan,nan,nan
221.04,201.33277893066406,-173.76864624023438,-35.145267486572266,201.87114493820923,-173.87688622096223,-35.1493758269351,0.5491545592714534,0.3530666884458435,0.06228811516778108,3.516341939753324e-05,4.556094374548826,5.210954666144562,nan,2.1265473702842557,nan
221.05,201.32406616210938,-173.76840209960938,-35.14591979980469,201.8557339323397,-173.86767649241813,-35.1500263913634,0.5408723389705284,0.3529996460664346,0.06228166473478151,3.584657875086021e-05,4.896048520294942,5.583358375544781,5.78083993709684,nan,nan
221.06,201.3153533935547,-173.76805114746094,-35.14665985107422,201.8470068197509,-173.8671690104176,-35.149633644781844,0.5408221147404059,0.3530509794706993,0.062297958885767314,3.513759378751743e-05,4.6708965815877725,5.330843394375794,nan,0.86681628771399,nan
221.07,201.306640625,-173.76760864257812,-35.147491455078125,201.83825757647796,-173.86656854237998,-35.150434450162535,0.5407571599965894,0.35310239943487454,0.06231431494570282,3.584215152459158e-05,4.654733199966026,5.304783992276182,nan,nan,nan
221.08,201.2979278564453,-173.76707458496094,-35.148414611816406,201.82951463696082,-173.86587563372845,-35.15100106156154,0.5406966267498718,0.35315390499911653,0.06233073304393642,3.513377146427998e-05,4.597359569724145,5.262958610875204,nan,0.07413193132055981,nan
221.09,201.28921508789062,-173.76651000976562,-35.1494255065918,201.8207651820048,-173.865120134351,-35.151979735219875,0.5406255481453152,0.35320549739053964,0.062347213338844215,3.583861657551652e-05,4.584856269999552,5.221740358352017,nan,nan,nan
221.1,201.28050231933594,-173.7659149169922,-35.1505241394043,201.81702595699238,-173.873532535544,-35.1515666342042,0.5472113416060331,0.35313836313162195,0.06234078373845374,3.510965775902515e-05,4.027601673877473,4.731556999370209,8.422393081973734,1.2099846954237554,nan
221.11,201.27178955078125,-173.7653350830078,-35.151710510253906,201.80828267438028,-173.87277868871016,-35.15270616447641,0.5471471387137973,0.35318973306354856,0.062357282779854736,3.5813928844189576e-05,4.0204042205782935,4.645571780822324,nan,nan,nan
221.12,201.26307678222656,-173.76475524902344,-35.15298080444336,201.79952729449684,-173.8720283755764,-35.15457349813548,0.5470733154419888,0.35324118855943465,0.06237384409050504,3.510744136879315e-05,4.0609040493604205,4.695649314183904,nan,0.28816467844038235,nan
221.13,201.25437927246094,-173.76419067382812,-35.154335021972656,201.79078384108638,-173.87128385923637,-35.15589232614055,0.5469929037925481,0.3532927307586928,0.06239046782438679,3.581202735034058e-05,4.05234935539694,4.7795060574502815,nan,nan,nan
221.14000000000001,201.24566650390625,-173.7636260986328,-35.1557731628418,201.78204623233523,-173.87054777723037,-35.15697604730372,0.5469340959884453,0.35334435883128834,0.06240715411741201,3.5105983305987155e-05,4.021699949176238,4.662904865756602,nan,0.07183832237122369,nan
221.15,201.23695373535156,-173.76307678222656,-35.15729522705078,201.74928779189665,-173.85717930836026,-35.1584658037995,0.5209057891506016,0.3532771338459496,0.062400741332489615,3.578890949754118e-05,4.116714312129556,5.00236678817753,6.924702282506398,nan,nan
221.16,201.22824096679688,-173.76254272460938,-35.158897399902344,201.740465192675,-173.85643912796127,-35.162260801790886,0.5207701072557188,0.35332853921630936,0.06241744575610825,3.5084109521145033e-05,4.397541169133175,5.259961305198156,nan,3.4860020937140104,nan
221.17000000000002,201.2195281982422,-173.7620086669922,-35.160579681396484,201.73168254986228,-173.85570601363005,-35.16393289589233,0.5206654556409845,0.35338003116770833,0.0624342128263023,3.5788477046358894e-05,4.385331209513906,5.278031084569176,nan,nan,nan
221.18,201.2108154296875,-173.76148986816406,-35.16234588623047,201.72291740050613,-173.85498183445148,-35.16468711341569,0.5205714721547361,0.3534316089525637,0.06245104268214755,3.508402994492131e-05,4.223705962524294,5.108377987028159,nan,0.7016284177978416,nan
221.19,201.2021026611328,-173.760986328125,-35.164188385009766,201.71413476303866,-173.85426922695177,-35.166511023426715,0.5204651450816465,0.35348327358809717,0.06246793547290483,3.5788737980038865e-05,4.214804417278073,5.07751212685082,nan,nan,nan
221.20000000000002,201.19338989257812,-173.76048278808594,-35.166107177734375,201.73174061094792,-173.86510664410153,-35.16720854438439,0.5484239785287907,0.3534159570554589,0.06246153543024102,3.5063476285842024e-05,4.134149641507272,4.7328817415002415,6.559624175152703,1.121548749761015,nan
221.21,201.18467712402344,-173.75999450683594,-35.16810607910156,201.72300120268497,-173.8644350906464,-35.16917901882764,0.5483628364624212,0.35346739870288885,0.06247844571231633,3.576765865762971e-05,4.128054329061755,4.703958042909063,nan,nan,nan
221.22,201.17596435546875,-173.759521484375,-35.17014694213867,201.71427696648288,-173.8637724639396,-35.17030880966448,0.548314471921113,0.35351892614104036,0.06249541900243615,3.506462939031573e-05,4.0932362007607415,4.648045958568775,nan,0.5715313479539473,nan
221.23000000000002,201.16725158691406,-173.75904846191406,-35.17218780517578,201.70553781753628,-173.86312024896367,-35.172353381739605,0.5482545306267647,0.3535705403100919,0.0625124554477329,3.576917059744664e-05,4.089333171760746,4.6875278332464525,nan,nan,nan
221.24,201.15855407714844,-173.7585906982422,-35.1742057800293,201.69680572333843,-173.86247719575994,-35.1739757471959,0.548185453936754,0.353622240576738,0.06252955519046945,3.506636444688236e-05,4.0860799581441665,4.796279861201048,nan,0.1202713430948327,nan
221.25,201.14984130859375,-173.75814819335938,-35.17619705200195,201.68718195201765,-173.86897375412997,-35.175907333197244,0.5486504861314863,0.35355483344591765,0.06252316379378027,3.574928585067872e-05,3.677579887785073,4.298722591142244,6.612759975216078,nan,nan
221.26,201.14112854003906,-173.75770568847656,-35.17815399169922,201.67845856408516,-173.8683800991327,-35.17674326600951,0.5486113105491339,0.353606310477991,0.06254028036826947,3.504751142568015e-05,3.7275080217658534,4.405210140416957,nan,0.913870977649171,nan
221.27,201.13241577148438,-173.7572784423828,-35.18007278442383,201.6697172433113,-173.86779616205894,-35.17867267207936,0.5485517280114787,0.35365787412276717,0.06255746031485249,3.57519094946475e-05,3.721382534738128,4.3686886484804015,nan,nan,nan
221.28,201.1237030029297,-173.75685119628906,-35.18195724487305,201.66097249419582,-173.8672210829354,-35.180801172797935,0.5484900679377294,0.3537095238184859,0.06257470377707074,3.5050287556455025e-05,3.7000444341998424,4.397405028703534,nan,0.03877088012060049,nan
221.29,201.114990234375,-173.75643920898438,-35.18380355834961,201.65223159174383,-173.86665436756226,-35.18266149876535,0.5484313644823235,0.3537612603990946,0.06259201090014503,3.5755058171183744e-05,3.694106885878816,4.355839087631428,nan,nan,nan
221.3,201.10629272460938,-173.7560272216797,-35.185611724853516,201.6435787145542,-173.86217418933867,-35.185497757123294,0.547670910970107,0.3536937620412572,0.06258562401599392,3.5032425277744904e-05,3.8724340321562827,4.677523077697378,2.0329274983960794,0.8437561667272282,nan
221.31,201.0975799560547,-173.75563049316406,-35.18738555908203,201.63483904711578,-173.86160728251087,-35.18729655749494,0.5476115582503055,0.35374527510359993,0.06260294728954731,3.573669847249067e-05,3.8683093166024425,4.4951287412932475,nan,nan,nan
221.32,201.0888671875,-173.75523376464844,-35.189125061035156,201.62610297566664,-173.86104832223162,-35.18881863479756,0.5475574002610101,0.3537968741673635,0.06262033429297374,3.503612038323291e-05,3.866345540450398,4.540243268800365,nan,0.041293192288463954,nan
221.33,201.0801544189453,-173.75485229492188,-35.19083023071289,201.61736320788324,-173.86049735893076,-35.19054638713328,0.5474981671465008,0.3538485600004461,0.06263778517091038,3.5740777644293753e-05,3.8618804561585636,4.499822547938954,nan,nan,nan
221.34,201.07144165039062,-173.75448608398438,-35.192501068115234,201.60864005986826,-173.8599541409665,-35.191091433399485,0.5474555956960535,0.35390033213924116,0.0626553000677801,3.504025000880645e-05,3.912682202043235,4.518838317157533,nan,0.9306256722950251,nan
221.35,201.062744140625,-173.7541046142578,-35.19413757324219,201.582265489811,-173.8346914804085,-35.192775672840405,0.5257361791133736,0.3538327433267963,0.06264891353617011,3.572330102202187e-05,4.877054005090757,5.834923498924064,39.56971625702687,nan,nan
221.36,201.0540313720703,-173.75375366210938,-35.19573974609375,201.57350708779938,-173.8340782199827,-35.19398085889618,0.52565211643629,0.3538842916972644,0.06266644388187302,3.5023640249914236e-05,4.911845043688612,5.726338873461593,nan,0.12064534116088826,nan
221.37,201.04531860351562,-173.75340270996094,-35.19731140136719,201.56474292121922,-173.83347204149283,-35.195564174569625,0.5255623392855423,0.35393592672303975,0.06268403831229266,3.5728195454225146e-05,4.906869520645238,5.715241675754899,nan,nan,nan
221.38,201.03660583496094,-173.7530517578125,-35.1988525390625,201.55596787844885,-173.832872798793,-35.19791463631617,0.5254609504622751,0.3539876480011329,0.06270169697188636,3.502853169425077e-05,4.843981016164275,5.6592786795364125,nan,0.44860925687294584,nan
221.39000000000001,201.02789306640625,-173.75271606445312,-35.20036315917969,201.54720374113512,-173.83228079126317,-35.19944530426412,0.5253712640574842,0.3540394562092853,0.06271942000523678,3.573347602919938e-05,4.840357914577822,5.656315603756805,nan,nan,nan
221.4,201.01919555664062,-173.75238037109375,-35.20184326171875,201.52216510136003,-173.8262801450756,-35.199977917883544,0.5083729133396452,0.35397177647898026,0.06271302963921967,3.501264265599519e-05,4.802694337828726,6.036769178835763,2.366921548432577,0.7419571688926533,nan
221.41,201.01048278808594,-173.75205993652344,-35.20329284667969,201.5133738887053,-173.82569610504555,-35.2014412532715,0.5082569948312793,0.3540233606373551,0.06273076739940109,3.571710327635751e-05,4.797096469631223,5.8851609415587784,nan,nan,nan
221.42000000000002,201.00177001953125,-173.75173950195312,-35.204715728759766,201.5045847664157,-173.82511872158307,-35.20271930804334,0.5081448270460295,0.3540750309918746,0.06274856959516956,3.501819610248341e-05,4.812289628741309,5.886841704281082,nan,0.017388269405249915,nan
221.43,200.99305725097656,-173.7514190673828,-35.20610809326172,201.49579358883275,-173.82454782523175,-35.20412515177645,0.5080310745244988,0.35412678816497273,0.06276643637150245,3.572305254551699e-05,4.805481258776362,5.921536962841066,nan,nan,nan
221.44,200.98434448242188,-173.75111389160156,-35.20747375488281,201.48700844263806,-173.82398362194283,-35.20501975926064,0.5079242823440697,0.3541786318359889,0.06278436787227491,3.502406399714501e-05,4.864797372042529,5.973200749847978,nan,0.16541888130523644,nan
221.45000000000002,200.97564697265625,-173.7508087158203,-35.20880889892578,201.47946263774128,-173.83441994646265,-35.20630789812054,0.5107125583727334,0.35411086181091483,0.06277796946176906,3.570731084739211e-05,4.268065186689838,5.603447006882734,11.404018066456533,nan,nan
221.46,200.96693420410156,-173.75051879882812,-35.210121154785156,201.4706688281355,-173.8339114105983,-35.20775491236002,0.5105962184071459,0.3541624811787628,0.06279591494722106,3.500906455068718e-05,4.249261138584436,5.353669950047758,nan,0.011264961873397334,nan
221.47,200.95822143554688,-173.75022888183594,-35.21140670776367,201.46187641496303,-173.83340875652917,-35.20905146664772,0.5104828861043067,0.3542141872551529,0.06281392521652866,3.5713835758529164e-05,4.2407447655044095,5.382057623237764,nan,nan,nan
221.48000000000002,200.9495086669922,-173.74993896484375,-35.21266555786133,201.45309500526568,-173.8329125214736,-35.20939890578942,0.5103866007364113,0.3542659797695981,0.0628320004128545,3.5015469110775523e-05,4.385934297322954,5.575901042694974,nan,0.6025481550846727,nan
221.49,200.9407958984375,-173.74966430664062,-35.21390151977539,201.44430251510008,-173.8324212151028,-35.210636883979724,0.5102727474283653,0.3543178592697948,0.06285014068223956,3.57206352160905e-05,4.375832202167951,5.5156473052439265,nan,nan,nan
221.5,200.93209838867188,-173.7493896484375,-35.215110778808594,201.44321148380388,-173.8344065820598,-35.21441557843156,0.5181360422915217,0.35424999862628814,0.06284372999469388,3.500097475578403e-05,4.154842234061877,5.409657314917579,0.679420276606036,4.417352038915947,nan
221.51,200.9233856201172,-173.74913024902344,-35.2162971496582,201.43443191443728,-173.83392870125104,-35.21563221524606,0.518034298648527,0.35430165354405746,0.06286188348735908,3.570566084314766e-05,4.150011470091697,5.206009939141114,nan,nan,nan
221.52,200.9146728515625,-173.74887084960938,-35.21745681762695,201.42563630558442,-173.83345481315078,-35.218240748760174,0.5179176698881832,0.3543533948374078,0.0628801021058996,3.500783635563284e-05,4.1514637699315875,5.283569675422075,nan,1.4126366903696272,nan
221.53,200.9059600830078,-173.7486114501953,-35.218597412109375,201.41685651684693,-173.83298750295788,-35.21942630008076,0.5178177009765043,0.3544052230087894,0.06289838599729691,3.5712920790822495e-05,4.149112542887694,5.250633674965365,nan,nan,nan
221.54,200.89724731445312,-173.7483673095703,-35.2197151184082,201.40808154241824,-173.83252580310372,-35.22014884004236,0.517720434799505,0.35445713785517163,0.0629167353033114,3.5014917236060895e-05,4.131753159638799,5.2098715928912265,nan,0.13729036353974614,nan
221.55,200.88853454589844,-173.7481231689453,-35.22080612182617,201.38853924373262,-173.82865203762287,-35.221263579628925,0.506448226193344,0.3543891870932442,0.06291030809071248,3.569837899852911e-05,4.05465865043812,5.38067940081536,0.9979484520704565,nan,nan
221.56,200.8798370361328,-173.7478790283203,-35.22187805175781,201.37973810206992,-173.82819644998625,-35.222700254343735,0.5063127886644923,0.35444087710082534,0.06292866983891506,3.50010263812757e-05,4.0635601393307725,5.552874148636091,nan,0.07253599885137027,nan
221.57,200.87112426757812,-173.7476348876953,-35.222930908203125,201.370940166609,-173.82774595006313,-35.22379905826495,0.5061960775453137,0.3544926538799828,0.06294709705621337,3.570602614180954e-05,4.06090816959049,5.371141773690589,nan,nan,nan
221.58,200.86241149902344,-173.74740600585938,-35.223960876464844,201.36215174749037,-173.82730130830086,-35.223933497971515,0.5060865301898405,0.35454451726825464,0.06296558988328124,3.5008467350247776e-05,4.035931492463749,5.346173366671243,nan,0.6292425760183978,nan
221.59,200.85369873046875,-173.74717712402344,-35.22496795654297,201.35335358310797,-173.82686027713672,-35.22498305180876,0.505968750896601,0.35459646770757575,0.06298414846872694,3.571386064680605e-05,4.031758553867623,5.412516517950515,nan,nan,nan
221.6,200.84498596191406,-173.74696350097656,-35.22595977783203,201.32995664066203,-173.82229648424325,-35.22594771137787,0.490786733478734,0.35452842661871714,0.06297770046166087,3.499491416626376e-05,3.9001695587965926,5.400652001263034,1.9731791757675858,9.932089305847583e-05,nan
221.61,200.83627319335938,-173.74673461914062,-35.2269287109375,201.32113391019917,-173.8218622828122,-35.226957697075854,0.49064659524278736,0.35458015194203635,0.06299627068988131,3.569982469986712e-05,3.8953441743887054,5.545537625837445,nan,nan,nan
221.62,200.8275604248047,-173.74652099609375,-35.22787857055664,201.3123443435486,-173.82143711951144,-35.22449336345893,0.4905500311362096,0.3546319638061882,0.06301490671938904,3.500265330249746e-05,4.218439146866064,5.82530211198806,nan,8.432547576054905,nan
221.63,200.81886291503906,-173.74632263183594,-35.22880935668945,201.30352159638898,-173.82101151343988,-35.22543242866333,0.4903915477309723,0.3546838626169584,0.06303360869996054,3.570795881534787e-05,4.206346213423357,5.986283837164107,nan,nan,nan
221.64000000000001,200.81015014648438,-173.74610900878906,-35.22972106933594,201.29467251565367,-173.8205861601819,-35.2291779153207,0.4902132875813403,0.3547358482658575,0.06305237677052102,3.5010538473207984e-05,3.8906774861847455,5.585956718884977,nan,5.628627407164151,nan
221.65,200.8014373779297,-173.74591064453125,-35.230613708496094,201.31639836684485,-173.82235296214458,-35.230176844898885,0.5206039174616173,0.35466771725119106,0.06304590369399987,3.569420368097205e-05,4.539481767423296,5.73866465581678,14.075325682968804,nan,nan
221.66,200.792724609375,-173.74571228027344,-35.23149108886719,201.3076066452737,-173.82191592565712,-35.23350069746032,0.5204945196518826,0.3547194775251289,0.06306468258885775,3.49973698134735e-05,4.64617306201106,5.8271479232911325,nan,4.092565412546713,nan
221.67000000000002,200.7840118408203,-173.7455291748047,-35.23234939575195,201.29883633384856,-173.82148664990095,-35.23442472397781,0.52040186743711,0.3547713246423031,0.0630835276238873,3.570258116538186e-05,4.6486530919925695,5.84533316534831,nan,nan,nan
221.68,200.77529907226562,-173.74533081054688,-35.233192443847656,201.29007144796364,-173.8210622376169,-35.23469092046526,0.5203153786503095,0.3548232585262457,0.06310243893682116,3.5005480730757896e-05,4.588292246391755,5.802913291844122,nan,0.2904093053457702,nan
221.69,200.76658630371094,-173.74514770507812,-35.23401641845703,201.28130078905596,-173.82064046855223,-35.23557616787114,0.5202235976762154,0.35487527953491355,0.06312141667922641,3.5711079973412316e-05,4.589038590178112,5.829744024932608,nan,nan,nan
221.70000000000002,200.75787353515625,-173.74496459960938,-35.234825134277344,201.28347917180272,-173.83679005861632,-35.23703073457179,0.5335710495042251,0.3548070584789305,0.06311491423623315,3.499252375057713e-05,4.043636935445124,5.217790646472226,15.258345214790785,0.23933217546106136,nan
221.71,200.74916076660156,-173.74478149414062,-35.235618591308594,201.27472330158486,-173.83643023062544,-35.23789101634002,0.5334984845272313,0.354858853837313,0.06313390196693408,3.5697633760094365e-05,4.04463543628802,5.234552826687108,nan,nan,nan
221.72,200.74044799804688,-173.74461364746094,-35.236392974853516,201.2639079088294,-173.83855793663557,-35.237644698704344,0.5318245711487665,0.3543812714080837,0.062390549043098015,3.500043843047047e-05,5.0494235621029135,6.251908922804798,nan,0.8388981637708006,0.008080342341864713
221.73000000000002,200.7317352294922,-173.74444580078125,-35.23715591430664,201.25514981347112,-173.83821080673664,-35.2384644384312,0.5317484511486977,0.35443208143838967,0.06240632773025495,3.570592832968047e-05,5.046971872549858,6.189015277342249,nan,nan,nan
221.74,200.7230224609375,-173.74427795410156,-35.2379035949707,201.2463906426614,-173.8378677549924,-35.23931325044953,0.5316721655309152,0.35448297669051715,0.06242216561245249,3.500883279841068e-05,5.049860798261119,6.226975505047388,nan,0.0013422850751879933,nan
221.75,200.7143096923828,-173.74411010742188,-35.23863220214844,201.22157483529895,-173.82595889410973,-35.24016008889369,0.5138282626889186,0.354416277750273,0.062415476172074054,3.5692664388024403e-05,5.374279958434204,6.811511726234493,7.357558209466969,nan,nan
221.76,200.70559692382812,-173.7439422607422,-35.239349365234375,201.21283236659986,-173.82556179882187,-35.23890714084739,0.5137603906127657,0.35446695350143204,0.06243133254873256,3.499611130602296e-05,5.308809421682001,6.705542925842674,nan,2.9157391916213893,nan
221.77,200.6968994140625,-173.74378967285156,-35.24005126953125,201.20404944555236,-173.82519424782174,-35.23965245781279,0.5136419164330588,0.3545177153958182,0.062447248720770794,3.570149304606143e-05,5.302380587517378,6.857628587967413,nan,nan,nan
221.78,200.6881866455078,-173.74363708496094,-35.24073791503906,201.19530262018287,-173.82480587322064,-35.238507032730105,0.5135756621901592,0.3545685624926308,0.0624632243635641,3.500463233551434e-05,5.435039411635377,6.883093307610812,nan,2.488864103023133,nan
221.79,200.67947387695312,-173.7434844970703,-35.24141311645508,201.18651935292849,-173.8244445894439,-35.23920757039801,0.5134729941268883,0.35461949599530046,0.06247926008119981,3.5710394560355507e-05,5.4237557069924165,6.851185406241887,nan,nan,nan
221.8,200.67076110839844,-173.7433319091797,-35.2420768737793,201.17698507483055,-173.82545014894893,-35.24122382810764,0.5128419222138357,0.35455271823538226,0.06247260059234802,3.4992030679461257e-05,5.191648846436555,6.641575948997855,0.411777841465877,1.2394844848377473,nan
221.81,200.66204833984375,-173.74319458007812,-35.24272155761719,201.16819943336066,-173.82510183194634,-35.24191271691545,0.5127361715348774,0.3546034319799332,0.062488654331375265,3.5697295868859415e-05,5.184219347351707,6.734416179562567,nan,nan,nan
221.82,200.65333557128906,-173.74301147460938,-35.24346160888672,201.15942189036312,-173.82473392974845,-35.242183618341414,0.5126436923319359,0.3546542309031713,0.06250476781219182,3.500064386985889e-05,5.205211432731487,6.7587526145787145,nan,0.1480929300216906,nan
221.83,200.6446075439453,-173.74282836914062,-35.244293212890625,201.15063567127632,-173.82434941715672,-35.24299987813336,0.5125542114104256,0.3547051161040025,0.06252094159963878,3.570628946169926e-05,5.200086706649704,6.545046448469387,nan,nan,nan
221.84,200.63589477539062,-173.7426300048828,-35.24521255493164,201.14183283116583,-173.82396665673525,-35.244827839805254,0.5124344984696935,0.3547560867964122,0.06253717542685075,3.5009309271404076e-05,5.151222028699381,6.775217216668676,nan,0.598158946262057,nan
221.85,200.62718200683594,-173.742431640625,-35.246219635009766,201.11845662837771,-173.81561665153254,-35.245781179697524,0.4966960759212954,0.35468923120597756,0.06253054266218953,3.569327911106962e-05,5.2573426357668165,7.108948745506372,2.896259870225109,nan,nan
221.86,200.61846923828125,-173.74224853515625,-35.247314453125,201.10968290752513,-173.81517824282534,-35.24482586880497,0.4966042732041773,0.3547399819360681,0.06254679403489805,3.4996814030792556e-05,5.42417765455464,7.256694208611196,nan,2.9680469476613807,nan
221.87,200.60975646972656,-173.74205017089844,-35.248497009277344,201.10087350175212,-173.81476586110645,-35.24598811595732,0.496477396558706,0.35479081881845825,0.06256310594322965,3.570233438609708e-05,5.417513096400388,7.315674326883376,nan,nan,nan
221.88,200.60104370117188,-173.7418670654297,-35.2497673034668,201.09204047554726,-173.81437242485285,-35.24863456451048,0.4963226195627821,0.35484174116272127,0.0625794781571949,3.500553640576278e-05,5.272698000903878,7.104398501728123,nan,1.3778384414213727,nan
221.89000000000001,200.5923309326172,-173.74168395996094,-35.25111770629883,201.08323099880408,-173.81396659378314,-35.24998404976913,0.4961944571553576,0.3548927499261072,0.06259591118729796,3.571142867984384e-05,5.266590290735416,7.271424344858186,nan,nan,nan
221.9,200.5836181640625,-173.7415008544922,-35.25255584716797,201.0888694314094,-173.821470729665,-35.24991700316944,0.5115476396079316,0.35482581559942095,0.06258930103611429,3.499309744962903e-05,5.329826131038355,7.076836353895636,2.746276101835149,1.6395786176537546,nan
221.91,200.5749053955078,-173.74131774902344,-35.25407409667969,201.08008239209263,-173.82109049057166,-35.2514208244207,0.5114435726707902,0.35487660414542466,0.06260575109319405,3.5698484053984886e-05,5.321822361467743,7.200131010609515,nan,nan,nan
221.92000000000002,200.56619262695312,-173.74114990234375,-35.255672454833984,201.0713005812329,-173.82071014787044,-35.25267281099012,0.5113441854642986,0.3549274781194343,0.06262226171701896,3.500185226544687e-05,5.376272211248151,7.284429419508289,nan,0.07926639938540199,nan
221.93,200.55747985839844,-173.74098205566406,-35.257354736328125,201.0625133352837,-173.82033706775871,-35.25433891125445,0.5112388149585725,0.3549784383918024,0.06263883338367188,3.570761074579278e-05,5.36822188102807,7.243164515351372,nan,nan,nan
221.94,200.54876708984375,-173.74081420898438,-35.259117126464844,201.0537042350392,-173.81998241522692,-35.25749320430659,0.5111083667882576,0.35502948440098075,0.06265546591392254,3.501063262675786e-05,5.1828694534386885,7.10936359939388,nan,1.396410217495853,nan
221.95000000000002,200.54005432128906,-173.7406463623047,-35.260955810546875,201.06402878782475,-173.8210732640811,-35.25924649101241,0.5301138084260627,0.3549624720860723,0.06264887496134136,3.569470054142719e-05,5.697753968949742,7.4106998223869995,7.799194088205312,nan,nan
221.96,200.53134155273438,-173.74049377441406,-35.262874603271484,201.05527722164416,-173.8206943960276,-35.26109727468641,0.5300413981568238,0.3550132976665205,0.06266552399522177,3.499822201095901e-05,5.701839881270861,7.338615607575519,nan,0.0033777070585154136,nan
221.97,200.5226287841797,-173.74032592773438,-35.264869689941406,201.0465246726442,-173.82031965134144,-35.26309520278182,0.5299707978476117,0.35506420942730205,0.06268223429589276,3.570383840437386e-05,5.694073988397231,7.476171225223031,nan,nan,nan
221.98000000000002,200.513916015625,-173.74017333984375,-35.26690673828125,201.03777187882312,-173.8199485324684,-35.26517661574141,0.5298981412397601,0.355115206885409,0.06269900571603465,3.5007012854870955e-05,5.686542291048226,7.468455276159466,nan,0.00035635243401741347,nan
221.99,200.5052032470703,-173.7400360107422,-35.26894760131836,201.02901944684942,-173.8195804414472,-35.26725857164343,0.5298241032913176,0.35516629079464107,0.06271583868462388,3.57129929302206e-05,5.67692791269064,7.340912800958543,nan,nan,nan
222.0,200.49649047851562,-173.73988342285156,-35.270965576171875,201.00799116439217,-173.8140060627518,-35.268324623548615,0.5168501640018205,0.3550991997986147,0.06270926281401441,3.4994616993230986e-05,5.779562565216045,7.786942889897669,1.3983231562339282,0.77028940135903,nan
222.01,200.48777770996094,-173.73973083496094,-35.272953033447266,200.9992188321792,-173.81363507707815,-35.2703643299876,0.516759673237369,0.3551500630259594,0.0627261117235947,3.57000833198694e-05,5.762449600209691,7.8259454154032415,nan,nan,nan
222.02,200.47906494140625,-173.73959350585938,-35.27490997314453,200.99043260686997,-173.8132768760112,-35.273395769201485,0.5166511600028887,0.3552010119072834,0.06274302200375377,3.5003401515447636e-05,5.635569217539672,7.534312621463066,nan,0.7385853445260564,nan
222.03,200.47035217285156,-173.7394561767578,-35.27682876586914,200.9816607065207,-173.81291195601705,-35.275379992754324,0.5165600323805574,0.3552520471258293,0.06275999405407753,3.570923180521624e-05,5.62393333900106,7.590512492706225,nan,nan,nan
222.04,200.46163940429688,-173.73931884765625,-35.278709411621094,200.9729208444875,-173.81252787599993,-35.27495562566896,0.5165097906365421,0.3553031683033815,0.06277702777066561,3.501219461226358e-05,5.962480229674777,7.997033858739535,nan,3.972706846421378,nan
222.05,200.4529266357422,-173.7391815185547,-35.28055191040039,200.96095888205636,-173.80451859741655,-35.27687855438656,0.5122296269385725,0.35523599917601895,0.0627704634024315,3.5696322750300856e-05,6.398484092241798,8.514585760318308,5.578915370235035,nan,nan
222.06,200.44422912597656,-173.7390594482422,-35.2823600769043,200.95218234543094,-173.80413428514717,-35.27899244301445,0.5121157569439692,0.35528689945374203,0.06278751249049021,3.499977795555945e-05,6.3406433814138845,8.540312147954577,nan,0.04769661255635122,nan
222.07,200.43551635742188,-173.73892211914062,-35.28413391113281,200.94340930176872,-173.8037502002223,-35.28081382642558,0.5120243607256484,0.35533788595719623,0.06280462356771453,3.5705450955411804e-05,6.320613260009473,8.358599918077207,nan,nan,nan
222.08,200.4268035888672,-173.73880004882812,-35.28586959838867,200.9346530977252,-173.80335697008053,-35.2812602876621,0.5119569957274641,0.35538895837118195,0.06282179655709119,3.500855286284844e-05,6.614957305648422,8.745822952946986,nan,1.267703013058315,nan
222.09,200.4180908203125,-173.73867797851562,-35.28757095336914,200.925880202308,-173.80297790133793,-35.2829996965986,0.5118646627095838,0.3554401172853061,0.06283903181844859,3.571458224652634e-05,6.589156600107122,8.740135871507725,nan,nan,nan
222.1,200.4093780517578,-173.73855590820312,-35.289241790771484,200.92833398851542,-173.80047912402154,-35.2840596335056,0.52266299247908,0.3553728695070411,0.06283247482837924,3.499612614441716e-05,7.318527176693574,9.190649914440323,5.941916635895773,0.2680282600242075,nan
222.11,200.40066528320312,-173.73843383789062,-35.29087448120117,200.9195831526478,-173.8000833854906,-35.28572651153745,0.522592502376307,0.3554238072697804,0.06284972485574862,3.570163478400316e-05,7.290279997089744,9.372873080185327,nan,nan,nan
222.12,200.39195251464844,-173.7383270263672,-35.292476654052734,200.9108468757746,-173.79967971782918,-35.28612281956178,0.5225474925505881,0.3554748308910851,0.06286703703644025,3.5004871839479245e-05,7.699038968406373,9.719360966227853,nan,1.0829820596893343,nan
222.13,200.38323974609375,-173.7382049560547,-35.29404830932617,200.90209627952754,-173.7992885034812,-35.287714141855076,0.5224781562234815,0.3555259409046396,0.06288441170584931,3.571073762339947e-05,7.665629985363041,9.682323966193485,nan,nan,nan
222.14000000000001,200.37452697753906,-173.73809814453125,-35.295589447021484,200.8933486560573,-173.7988976523906,-35.28903480470444,0.5224131292304232,0.3555771370784137,0.06290184882311972,3.5013616416729155e-05,7.766492733977735,9.765793625325703,nan,0.040665521161798855,nan
222.15,200.36581420898438,-173.7379913330078,-35.297096252441406,200.89122585025,-173.79904545313065,-35.29043007088426,0.5289890701498225,0.3555098110399492,0.06289529548980373,3.569777178894834e-05,7.9817161008119335,10.01409251409839,1.5975732828311198,nan,nan
222.16,200.35711669921875,-173.73788452148438,-35.29857635498047,200.88248199977485,-173.79865954856476,-35.292422100597015,0.5289046963225438,0.3555607858384329,0.06291274675877573,3.500114135002575e-05,7.81585125952882,9.887372106902433,nan,0.1735949351458295,nan
222.17000000000002,200.34840393066406,-173.73777770996094,-35.300025939941406,200.87374346609602,-173.79827177121393,-35.293894480215755,0.5288466259068969,0.35561184692331105,0.06293026073045356,3.570683706046231e-05,7.783815521011496,9.796550530240813,nan,nan,nan
222.18,200.33969116210938,-173.7376708984375,-35.30144500732422,200.86500619702096,-173.79788506979142,-35.295205959456545,0.5287916017244362,0.35566299411188057,0.06294783738603225,3.500985225418223e-05,7.839771405050643,9.948697686943543,nan,0.012427148449518035,nan
222.19,200.3309783935547,-173.73757934570312,-35.30283737182617,200.85626743698285,-173.7975015111476,-35.29662119033962,0.5287323386832886,0.35571422786443996,0.06296547702824863,3.5715898303181826e-05,7.807759325617435,9.88147590421223,nan,nan,nan
222.20000000000002,200.322265625,-173.7374725341797,-35.30419921875,200.8786134040183,-173.8076763374705,-35.297870365084606,0.5607953990572704,0.3556468231841026,0.06295892321824664,3.499735451246463e-05,8.138877260312812,10.110385413530585,9.54435311782498,0.06979985116014803,nan
222.21,200.3135528564453,-173.7373809814453,-35.305538177490234,200.86992626931237,-173.8073082255269,-35.29923255190047,0.5607860152716577,0.3556978353110457,0.06297657636516406,3.57028741550819e-05,8.106132075267984,9.917698429440392,nan,nan,nan
222.22,200.30484008789062,-173.73728942871094,-35.306846618652344,200.86124548048616,-173.80693762413668,-35.29992309829384,0.5607903058805581,0.3557489334820624,0.06299429242739225,3.500602486795895e-05,8.35969138917169,10.370987335073,nan,0.2943684422250004,nan
222.23000000000002,200.29612731933594,-173.73719787597656,-35.30813217163086,200.85255837147767,-173.80657352237498,-35.30122762970539,0.5607817479197712,0.35580011811424145,0.06301207168790693,3.5711896150149094e-05,8.32295368402653,10.233477734592062,nan,nan,nan
222.24,200.28741455078125,-173.7371063232422,-35.30938720703125,200.84388148658715,-173.80620374291425,-35.30141302449562,0.5607971929652081,0.35585138908922725,0.06302991415719442,3.501468965572449e-05,8.801544360619811,10.968047004823495,nan,0.8448686820501523,nan
222.25,200.27871704101562,-173.7370147705078,-35.31062316894531,200.86071717937696,-173.81449707091375,-35.30263072089622,0.5871895325656176,0.3557839060332998,0.06302335602962233,3.569884536615472e-05,9.00370370430787,10.820000040536705,5.5540311710634125,nan,nan
222.26,200.27000427246094,-173.73692321777344,-35.311832427978516,200.85207679184342,-173.81414396881573,-35.303369404162076,0.5872334160995258,0.3558349551534601,0.06304121134597589,3.500213143787712e-05,9.25819101921849,11.132845002638996,nan,0.16360177254358282,nan
222.27,200.26129150390625,-173.73684692382812,-35.31301498413086,200.84343196523616,-173.81379569423737,-35.30456126192697,0.5872649277830237,0.35588609063359145,0.06305913006945457,3.570782258231436e-05,9.211998250757258,11.228916786404596,nan,nan,nan
222.28,200.25257873535156,-173.73675537109375,-35.31417465209961,200.83480086763348,-173.81343920433838,-35.30415538433147,0.5873358556453008,0.3559373123929426,0.06307711222812619,3.50107564053439e-05,10.075155161493225,12.122140965521586,nan,1.750120638041708,nan
222.29,200.24386596679688,-173.73667907714844,-35.31531524658203,200.8261559165746,-173.8130943308235,-35.305286252901894,0.5873682467759164,0.3559886207925896,0.06309515807888776,3.571679319742865e-05,10.022217152136626,11.923526642321667,nan,nan,nan
222.3,200.2351531982422,-173.73658752441406,-35.316429138183594,200.8166245226422,-173.80911186958932,-35.306863074975546,0.5860547681811871,0.3559210590864955,0.06308859148993538,3.499817139223856e-05,10.088630874509631,12.292980111587553,1.7410167528447746,0.09052354663476321,nan
222.31,200.2264404296875,-173.73651123046875,-35.31752014160156,200.8079793790336,-173.80875624702543,-35.307956556686314,0.5860873264115892,0.35597214538182737,0.06310664950048957,3.5703677501124253e-05,10.0341925784521,12.311885941064709,nan,nan,nan
222.32,200.2177276611328,-173.73643493652344,-35.3185920715332,200.7993350332142,-173.808401680479,-35.30893007005069,0.5861225996049123,0.35602331789010644,0.0631247711681443,3.50067524838466e-05,10.137607205394966,12.327967140163485,nan,0.006915858231661647,nan
222.33,200.20901489257812,-173.73635864257812,-35.31964111328125,200.7906899037577,-173.80804953480546,-35.30998086953134,0.5861558862354185,0.35607457693993516,0.0631429567342751,3.57126060780806e-05,10.08211565544947,12.39167087221733,nan,nan,nan
222.34,200.20030212402344,-173.7362823486328,-35.32067108154297,200.78205928999682,-173.80768838712248,-35.309117495692455,0.5862369041950353,0.35612592249898567,0.06316120624999416,3.501532714149562e-05,11.279193497205405,13.558013153166721,nan,2.5308585157067087,nan
222.35,200.19158935546875,-173.73622131347656,-35.321678161621094,200.779595437248,-173.81110160495544,-35.310004637294995,0.5928697002137394,0.3560582823143919,0.06315462726059794,3.5699462688467053e-05,11.221520331741159,13.560597458548134,1.0694413052914962,nan,nan
222.36,200.18287658691406,-173.73614501953125,-35.32266616821289,200.77095721208738,-173.81076475617826,-35.31128460455918,0.5929051077471961,0.35610940553526865,0.06317288823667579,3.5002679966412116e-05,11.10273465712683,13.468431284900694,nan,0.06767024834102793,nan
222.37,200.17416381835938,-173.73606872558594,-35.32363510131836,200.76232113619253,-173.81042740157343,-35.31223911986199,0.5929486584930043,0.35616061520019576,0.06319121331472592,3.570834605253117e-05,11.036179307314564,13.433398245975669,nan,nan,nan
222.38,200.16546630859375,-173.7360076904297,-35.3245849609375,200.75367164921906,-173.81010122036196,-35.31505203418079,0.5929302240656209,0.3562119113046842,0.06320960255945575,3.5011214893574046e-05,9.992778232502076,12.478387151648198,nan,2.4859422195238627,nan
222.39000000000001,200.15675354003906,-173.73593139648438,-35.32551574707031,200.74503533448532,-173.80976679508805,-35.31598866364296,0.5929737777360037,0.35626329413582,0.06322805619204423,3.5717223248074165e-05,9.93538640597117,12.450872665019864,nan,nan,nan
222.4,200.14804077148438,-173.73587036132812,-35.3264274597168,200.70934111671846,-173.79391578136241,-35.31528177250521,0.5644037337671338,0.35619557527925927,0.06322146064772584,3.499854234666158e-05,11.224578388586215,13.877796882924573,11.509055302191339,1.415313709364037,nan
222.41,200.1393280029297,-173.73580932617188,-35.32732009887695,200.70066195675136,-173.79354836694532,-35.3161651258736,0.5644059159551884,0.35624673552318625,0.06323992501439749,3.5704017048535525e-05,11.158851895449796,13.923252536382192,nan,nan,nan
222.42000000000002,200.130615234375,-173.73574829101562,-35.32819747924805,200.69198801863146,-173.79317845719882,-35.316222175584954,0.5644298315907,0.3562979821347133,0.06325845376046192,3.500703526645865e-05,11.768694375768208,14.460872830050254,nan,0.4624078683455354,nan
222.43,200.1219024658203,-173.73568725585938,-35.32905578613281,200.68330897066176,-173.7928137723099,-35.31706390665605,0.5644329080886784,0.3563493153772752,0.0632770470952949,3.5712854565726505e-05,11.6971401999955,14.532552512679679,nan,nan,nan
222.44,200.11318969726562,-173.73562622070312,-35.32989501953125,200.6746218563837,-173.79245635889745,-35.319185038696766,0.5644027264185167,0.35640073528169847,0.06329570510115666,3.501552316363422e-05,10.94435036531156,13.950083577383635,nan,1.1843865011521786,nan
222.45000000000002,200.10447692871094,-173.73556518554688,-35.330718994140625,200.6755614645681,-173.80263152052243,-35.320036778802624,0.5751082942427107,0.35633293785517667,0.06328908898458833,3.569962412102821e-05,10.396305591361473,13.32256906788566,5.817369099487885,nan,nan
222.46,200.09576416015625,-173.73550415039062,-35.33152770996094,200.66689328338214,-173.80230504452797,-35.32117607537843,0.5751156328885949,0.3563841349345072,0.06330775698486756,3.5002793313099356e-05,10.25812654332804,13.175513150705987,nan,0.07780945362787013,nan
222.47,200.08705139160156,-173.73544311523438,-35.33231735229492,200.658226911994,-173.80197837953574,-35.321971313295926,0.5751308173052462,0.35643541855014454,0.06332648977184793,3.5708420195006026e-05,10.191082582318883,13.32541748083251,nan,nan,nan
222.48000000000002,200.07833862304688,-173.73538208007812,-35.33309555053711,200.64956632935366,-173.80164852597352,-35.32170234256071,0.5751714000992333,0.35648678875283696,0.06334528743794517,3.501124539817392e-05,10.897534870293953,13.854852212576409,nan,0.7768406358286113,nan
222.49,200.0696258544922,-173.73533630371094,-35.33385467529297,200.6408997523063,-173.80132409338447,-35.32245757305952,0.5751853167884612,0.3565382457762733,0.0633641501774251,3.571721234839152e-05,10.824327373773492,14.017859096477018,nan,nan,nan
222.5,200.0609130859375,-173.7352752685547,-35.33460235595703,200.65266212455774,-173.80029633070464,-35.32368994684785,0.5954105675108964,0.3564703696461195,0.0633575093242051,3.499849487969722e-05,11.368047561091817,14.244604159890773,9.702694779254436,0.194888441938992,nan
222.51,200.0522003173828,-173.7352294921875,-35.335330963134766,200.64403271570654,-173.79995151082622,-35.32442104171771,0.5954607911421347,0.3565216035955364,0.06337638129410582,3.570392635902024e-05,11.298257455203183,14.443267726638721,nan,nan,nan
222.52,200.04348754882812,-173.73516845703125,-35.3360481262207,200.63541365965068,-173.79959965743168,-35.323062028212306,0.5955640511313968,0.3565729240552529,0.0633953183469749,3.5006909867094594e-05,12.7794580134806,15.823128291441877,nan,3.042795748238563,nan
222.53,200.03475952148438,-173.73512268066406,-35.33675003051758,200.62678397141573,-173.79925650857217,-35.32374513861289,0.595630107039702,0.3566243312423605,0.0634143206684323,3.5712684166223545e-05,12.697186567987243,15.798002619631403,nan,nan,nan
222.54,200.0260467529297,-173.73507690429688,-35.33743667602539,200.61814798494078,-173.79891889600177,-35.325688699698084,0.5956489602120394,0.35667582523242564,0.06343338836377334,3.5015322529452835e-05,11.90154379277269,15.19642583378152,nan,1.144388273951757,nan
222.55,200.017333984375,-173.7350311279297,-35.33810806274414,200.61829190201723,-173.798870377046,-35.326299975599305,0.6044545470311595,0.35660787045134473,0.06342671869665563,3.569937985235542e-05,12.172613086731868,15.544440264809914,1.5454644827780235,nan,nan
222.56,200.0086212158203,-173.7349853515625,-35.338768005371094,200.60967681361802,-173.79852319659156,-35.32708832457724,0.6045174144210789,0.3566591411260585,0.06344579484411175,3.5002523172633235e-05,12.163170750383504,15.475244090407447,nan,0.012348718696822783,nan
222.57,199.99990844726562,-173.7350311279297,-35.33952331542969,200.6010621600429,-173.79822586921836,-35.32778585217387,0.6045801268286193,0.3567104984353704,0.06346493645229799,3.570810225708372e-05,12.12623398733501,15.325967669311932,nan,nan,nan
222.58,199.99119567871094,-173.73516845703125,-35.340362548828125,200.59243956090538,-173.79802484266426,-35.33043024305272,0.6046021681974867,0.3567619424685271,0.06348414363379033,3.501090596853154e-05,11.087988840747615,14.78704425171824,nan,2.4272699012350643,nan
222.59,199.98248291015625,-173.73533630371094,-35.3412971496582,200.58382490436873,-173.79787755664137,-35.33132958093746,0.6046676399045576,0.3568134734221677,0.06350341656335867,3.571682391985102e-05,11.051736194071534,14.473055791287221,nan,nan,nan
222.6,199.97377014160156,-173.7355194091797,-35.342315673828125,200.54561288438808,-173.79857920979023,-35.33373650176999,0.5753731512017652,0.356745439899307,0.06349671390988218,3.499809225941372e-05,9.30414297281877,13.25782979549475,19.487528523832736,1.6608269185096434,nan
222.61,199.96505737304688,-173.7357177734375,-35.343421936035156,200.53694421104726,-173.79850333958257,-35.334827832779965,0.5753872099768917,0.3567967472884822,0.06351599449114573,3.570347387778503e-05,9.266584474670069,13.26089678468757,nan,nan,nan
222.62,199.9563446044922,-173.7359161376953,-35.3446159362793,200.52826826951625,-173.79843710032137,-35.33786940548687,0.5753703720734787,0.35684814132075,0.06353534084104322,3.500644432415476e-05,8.494575647174354,12.486134074765165,nan,2.4478592479205417,nan
222.63,199.9476318359375,-173.73611450195312,-35.34589767456055,200.51959932851975,-173.7983654144209,-35.33915419124085,0.5753846220061646,0.35689962218163274,0.06355475312829503,3.571216790450869e-05,8.464124848663623,12.36204633726558,nan,nan,nan
222.64000000000001,199.9389190673828,-173.73629760742188,-35.347259521484375,200.5109336478874,-173.7982892479129,-35.33963178848265,0.5754144820139363,0.35695118997702635,0.0635742314745057,3.501479732636182e-05,8.84779310652494,13.155578089444516,nan,0.5629028566398583,nan
222.65,199.93020629882812,-173.7364959716797,-35.34870910644531,200.4675208013846,-173.78291449429187,-35.34084211780303,0.5393731949302982,0.35688307773197486,0.06356749171420449,3.5698806466006303e-05,8.91243095367941,13.134099770080923,13.428318146058986,nan,nan
222.66,199.92147827148438,-173.73667907714844,-35.35023880004883,200.45879567451007,-173.78280729272916,-35.34236841286328,0.5393512277369826,0.3569344217345127,0.06358697690632187,3.641829026835155e-05,8.876014449382868,13.226563832335959,nan,nan,nan
222.67000000000002,199.9127655029297,-173.7368621826172,-35.35184860229492,200.45007054183355,-173.78269669907806,-35.34397775727427,0.5393138770067267,0.3569858524582322,0.0636065282124195,3.715222018425706e-05,8.838679090566515,13.459771609500015,nan,nan,nan
222.68,199.904052734375,-173.73704528808594,-35.35354232788086,200.4413430426688,-173.78258455370946,-35.34643391442628,0.5392635994036752,0.3570373700325974,0.0636261457678501,3.6369164839944324e-05,8.556843258753215,13.029521128884172,nan,0.3818422728686873,nan
222.69,199.8953399658203,-173.73721313476562,-35.355316162109375,200.43261801753033,-173.78246694421523,-35.348214244960715,0.5392272705883862,0.3570889746321578,0.0636458297353657,3.7101723386168094e-05,8.522307731615856,13.066896714375002,nan,nan,nan
222.70000000000002,199.88662719726562,-173.73739624023438,-35.3571662902832,200.40436479546864,-173.7883458543067,-35.349314483732684,0.5202977365252032,0.3570207836027296,0.06363904869006048,3.629866309176629e-05,7.834449495739352,12.972503461080702,18.286433672304074,0.54561630462075,nan
222.71,199.87791442871094,-173.73756408691406,-35.359092712402344,200.3956020373687,-173.78826211457942,-35.35124845862472,0.520223300597222,0.3570721641440258,0.06365873865840146,3.702900215212422e-05,7.791888457652401,13.163452417582588,nan,nan,nan
222.72,199.86920166015625,-173.7377166748047,-35.36109924316406,200.40363836419522,-173.8039658538194,-35.35279419430994,0.5385912347788684,0.35231823919791383,0.05943125479221426,3.6251948030012745e-05,9.118426913176004,14.405735792334562,nan,0.14023794295879327,0.058716993774224194
222.73000000000002,199.86048889160156,-173.73788452148438,-35.3631477355957,200.39487155390248,-173.80389024284216,-35.3548621869609,0.5385074143741693,0.3523723698549525,0.0594430157254951,3.698105790939167e-05,9.065531211832822,14.270550250617248,nan,nan,nan
222.74,199.85177612304688,-173.738037109375,-35.365196228027344,200.3862298363026,-173.8039448347252,-35.36057119597282,0.5385220429983947,0.35242658507825075,0.05945483367768908,3.620703163995292e-05,7.792296195317964,13.113573954312631,nan,8.630767177539116,nan
222.75,199.8430633544922,-173.7382049560547,-35.36722183227539,200.3424064556386,-173.7970704613566,-35.36277877561299,0.5028204661004586,0.3523535304813075,0.05944767284037323,3.6911553755769734e-05,7.031792886224349,13.07203428112025,13.811773265565698,nan,nan
222.76,199.8343505859375,-173.7383575439453,-35.36922073364258,200.33361379221466,-173.79702776554177,-35.365643511714815,0.5027113889311156,0.3524075110255209,0.059459529799333284,3.6141064539878004e-05,6.8424290723533465,12.730325908195615,nan,0.39228930917361593,nan
222.77,199.8256378173828,-173.73849487304688,-35.37118148803711,200.3247951196281,-173.79695419778915,-35.367714317833396,0.5025808654369402,0.35246157947723145,0.05947144794032212,3.686702444406408e-05,6.804784247827238,13.010106551580717,nan,nan,nan
222.78,199.81692504882812,-173.7386474609375,-35.37310791015625,200.31596053064192,-173.7968603643224,-35.36926224873107,0.5024340188934479,0.3525157325210644,0.059483423528364665,3.609903679335297e-05,6.880229761181395,12.79177721617785,nan,0.15802179588730103,nan
222.79,199.80821228027344,-173.73878479003906,-35.374996185302734,200.30714267517544,-173.79678097455513,-35.371257892140285,0.5023037638832306,0.3525699737063939,0.059495460507064675,3.6823979460548166e-05,6.840859477691636,12.928164604349895,nan,nan,nan
222.8,199.79949951171875,-173.7389373779297,-35.37685012817383,200.25500440566225,-173.78171815733492,-35.37454266356365,0.45751527612302095,0.3524968295057658,0.05948840985534355,3.603615498421301e-05,6.312790224731712,12.838814897651915,15.826226007686643,1.442981520790619,nan
222.81,199.79078674316406,-173.73907470703125,-35.378665924072266,200.24611681836112,-173.78161650159828,-35.37647813423234,0.4573183443601642,0.35255083563999456,0.059500485341941294,3.6759238231628934e-05,6.286066009650357,12.965343319944136,nan,nan,nan
222.82,199.78207397460938,-173.7392120361328,-35.38044357299805,200.23718812854815,-173.78146892613523,-35.37711801135097,0.4570837967247982,0.3526049263897469,0.059512618691344374,3.599702868298064e-05,6.454117927860079,13.252954188482873,nan,1.05892765411888,nan
222.83,199.7733612060547,-173.7393341064453,-35.38218688964844,200.22830056245377,-173.7813613329349,-35.378970921953716,0.4568877851457943,0.3526591050917429,0.05952481352902263,3.671922712394287e-05,6.418581395675179,13.230290810540081,nan,nan,nan
222.84,199.7646484375,-173.73947143554688,-35.3838996887207,200.21939775359388,-173.7812353225968,-35.380316583216334,0.4566771303606393,0.35271336875145287,0.05953706659301777,3.595933077362242e-05,6.485373739599047,12.892191318627974,nan,0.1496323630459092,nan
222.85,199.7559356689453,-173.73959350585938,-35.38557434082031,200.21959599060074,-173.78717970852009,-35.3819876911709,0.46610964870616645,0.35264013869961996,0.059530125563682444,3.665768781315576e-05,6.3131722499327285,12.837147078395583,2.808414514468556,nan,nan
222.86,199.74722290039062,-173.73971557617188,-35.38721466064453,200.2106555067808,-173.78701018427944,-35.38152146615822,0.4658744177190825,0.35269416704227313,0.059542416773037045,3.590098595398536e-05,6.855349106046379,13.416460780654557,nan,3.2812406448697664,nan
222.87,199.738525390625,-173.73983764648438,-35.388824462890625,200.20178503028632,-173.78691025860982,-35.38321361625791,0.46567886590587465,0.3527482831497166,0.05955476957307869,3.6620689825585514e-05,6.802142987954133,13.476206713074847,nan,nan,nan
222.88,199.7298126220703,-173.73995971679688,-35.39039993286133,200.19287675846766,-173.78676921307516,-35.383659645628256,0.4654728293157768,0.3528024842338458,0.05956718099859683,3.586617422966135e-05,7.199800919066687,13.757280275609332,nan,0.9912078504489268,nan
222.89000000000001,199.72109985351562,-173.74008178710938,-35.391944885253906,200.1840062496657,-173.7866646146406,-35.38527750144854,0.4652921076316213,0.3528567733199754,0.059579654233570166,3.65851679245109e-05,7.138989793083081,13.639801959996827,nan,nan,nan
222.9,199.71238708496094,-173.7401885986328,-35.39345932006836,200.17299801851848,-173.78922986533635,-35.388128235684015,0.46324496588020847,0.3527834548312665,0.05957281528685659,3.581084208931098e-05,6.446705392682276,13.033236630089169,2.950655152090004,1.3713830442278652,nan
222.91,199.70367431640625,-173.7403106689453,-35.39494705200195,200.16412672505493,-173.78913649651537,-35.389697610578125,0.46306364433361846,0.3528375082350552,0.05958532612614813,3.652828509433235e-05,6.398128868128421,12.600375576678971,nan,nan,nan
222.92000000000002,199.69496154785156,-173.74041748046875,-35.396400451660156,200.15526133339176,-173.7890465359442,-35.391427270743385,0.462888118375511,0.3528916466308797,0.05959789597762345,3.577887108160244e-05,6.324691357691256,12.975799400761476,nan,0.024153706693004748,nan
222.93,199.68624877929688,-173.7405242919922,-35.3978271484375,200.14639038743456,-173.78894839746118,-35.39294144488208,0.4627084002146957,0.35294587284513645,0.05961052774988499,3.649571716794768e-05,6.2773473619697295,12.764472416888356,nan,nan,nan
222.94,199.6775360107422,-173.74063110351562,-35.39922332763672,200.137565450306,-173.7888942895095,-35.39597751012302,0.462565623148766,0.35300018438963143,0.059623218887612156,3.574828741207291e-05,5.908035462475675,12.515936987706652,nan,1.6239773664460695,nan
222.95000000000002,199.6688232421875,-173.74073791503906,-35.40059280395508,200.11293136496099,-173.78131079133848,-35.397311829386204,0.4459696713888951,0.3529267806973008,0.05961648058562427,3.644189178019238e-05,5.959287848840312,12.689214737666902,3.7324397826331017,nan,nan
222.96,199.6601104736328,-173.7408447265625,-35.40193557739258,200.1040040293742,-173.78116019826047,-35.397731586523896,0.445740394878223,0.35298085629386927,0.059629208901431495,3.5697298210930736e-05,6.149480984226049,12.834122224503403,nan,0.7130870830659176,nan
222.97,199.65139770507812,-173.74093627929688,-35.40325164794922,200.0951065674374,-173.78103750168674,-35.39914052037615,0.4455362655758155,0.35303501952808086,0.05964199925407514,3.641220687277354e-05,6.108055729649685,12.901949160779315,nan,nan,nan
222.98000000000002,199.64268493652344,-173.7410430908203,-35.404541015625,200.08627161277508,-173.78097541606493,-35.40271779910465,0.4453841645881683,0.3530892681020623,0.059654849342463415,3.5669466634591875e-05,5.727845013704761,12.421884878105107,nan,3.269739585588008,nan
222.99,199.63397216796875,-173.7411346435547,-35.40580368041992,200.0773739091734,-173.78084905056562,-35.40409801131845,0.44518001699831405,0.3531436045553062,0.059667761696596294,3.638392483521296e-05,5.704351780793793,12.571515555146338,nan,nan,nan
223.0,199.62527465820312,-173.74122619628906,-35.40704345703125,200.08329839918687,-173.79150380908587,-35.40597694704191,0.46077621802437924,0.3530701135691386,0.059661117055338574,3.562130226056274e-05,5.3405926055689825,12.065110347426913,7.413103136656526,0.13862850207666244,nan
223.01,199.61656188964844,-173.74131774902344,-35.40825653076172,200.0744286074507,-173.7914071114211,-35.40731434616297,0.4605993521578584,0.35312421371723995,0.059674066005673834,3.633446828361109e-05,5.322550653201071,11.86927083742758,nan,nan,nan
223.02,199.60784912109375,-173.7414093017578,-35.409446716308594,200.06557970758905,-173.79132921231422,-35.40938576291407,0.46044466659807176,0.3531783992102971,0.05968707504988781,3.5596137820689285e-05,5.2878026411526475,11.73156746343229,nan,0.3914299106797397,nan
223.03,199.59913635253906,-173.7415008544922,-35.41061019897461,200.0567100092626,-173.79122897849456,-35.410684347204686,0.46026790366274056,0.3532326724068556,0.05970014648447327,3.630894798899547e-05,5.277553508939941,11.87886508100532,nan,nan,nan
223.04,199.59042358398438,-173.7415771484375,-35.4117546081543,200.0478217762058,-173.79110887653772,-35.41127602458519,0.46007252404187504,0.35328703128170086,0.05971327835625493,3.557226827379181e-05,5.272582649347786,11.747212779215701,nan,0.32009025353594267,nan
223.05,199.5817108154297,-173.74166870117188,-35.412872314453125,200.06540182960512,-173.79419409310518,-35.41271671564683,0.48653462179252543,0.35321345575618,0.059706725181626334,3.626230794077958e-05,5.869866835947027,11.960043297296508,10.991500182946941,nan,nan
223.06,199.572998046875,-173.7417449951172,-35.413970947265625,200.05656449820762,-173.79406412857355,-35.413708863592504,0.48638860314351584,0.3532675780598144,0.05971989316161253,3.552811116613012e-05,5.861040972505948,11.851319057200303,nan,0.03860033064132682,nan
223.07,199.5642852783203,-173.74183654785156,-35.41504669189453,200.04773319058097,-173.79393852716026,-35.414915165893156,0.48624738294016806,0.3533217878945476,0.05973312366092456,3.623944585841147e-05,5.850735923002031,11.760115300878622,nan,nan,nan
223.08,199.55557250976562,-173.74191284179688,-35.416099548339844,200.0389281595056,-173.79383699751918,-35.41712436228545,0.48613768865069357,0.3533760834061344,0.05974641493977358,3.550677220396814e-05,5.869957945053371,11.976926001079509,nan,0.7182863419907733,nan
223.09,199.54685974121094,-173.7419891357422,-35.41713333129883,200.0300964323102,-173.7937082877202,-35.41829987351196,0.4859978715247748,0.35343046669554384,0.059759768976586275,3.621787067726622e-05,5.868158539260109,11.79980073590188,nan,nan,nan
223.1,199.53814697265625,-173.7420654296875,-35.41814422607422,200.0134775510268,-173.78924936402865,-35.420090515059364,0.47767067152464054,0.35335680499139444,0.059753300750217994,3.546517860728231e-05,6.010321622439501,12.186389605851506,0.9717443370714394,0.2814023413314782,nan
223.11,199.52943420410156,-173.7421417236328,-35.41913604736328,200.0046318907935,-173.78910683242125,-35.421233164003475,0.4775174978773787,0.3534109513612596,0.059766690273485315,3.617519614093062e-05,6.01564898047052,12.089054715335426,nan,nan,nan
223.12,199.52072143554688,-173.74221801757812,-35.420108795166016,199.99578248693817,-173.7889594799265,-35.42221054445334,0.4773595963228678,0.3534651834018253,0.05978014090705391,3.5446260923156595e-05,6.0093442622449755,11.996481174999591,nan,0.014744961261563988,nan
223.13,199.5120086669922,-173.74229431152344,-35.42106246948242,199.98693667987422,-173.78881411253647,-35.423314188339006,0.47720622328735046,0.3535195030534452,0.05979365443537322,3.615611949530297e-05,6.015695829932352,11.926459503925477,nan,nan,nan
223.14000000000001,199.5032958984375,-173.7423553466797,-35.4219970703125,199.9780725639117,-173.7886499177425,-35.42365150494845,0.47703124273222464,0.35357390870378025,0.05980722940794554,3.542851341971567e-05,5.942438806109585,11.948001551049774,nan,0.38532633674147615,nan
223.15,199.4945831298828,-173.742431640625,-35.42291259765625,199.94324885076483,-173.77587998788474,-35.42484226940465,0.4499149304724686,0.35350016314527144,0.05980084329392112,3.6115962899909054e-05,6.0733027769576635,12.557231138634904,8.7389283264528,nan,nan
223.16,199.48587036132812,-173.74249267578125,-35.42380905151367,199.93434008920863,-173.77568599588972,-35.4251460555235,0.44969843329142434,0.3535543316090735,0.05981445320547053,3.539050594289606e-05,6.010877063396578,12.626507640469612,nan,0.3793392929009858,nan
223.17000000000002,199.47715759277344,-173.74256896972656,-35.424686431884766,199.92544866234266,-173.77550721013853,-35.426166668057164,0.44950194864547593,0.35360858752078145,0.059828126152276576,3.609926270494828e-05,6.01245006833182,12.558642260196864,nan,nan,nan
223.18,199.46844482421875,-173.7426300048828,-35.4255485534668,199.9165596662827,-173.77532931162375,-35.42727659916491,0.4493096287431045,0.3536629294180979,0.059841860859265614,3.537501554170751e-05,6.026510453036478,12.506266736530211,nan,0.007759540470547367,nan
223.19,199.45973205566406,-173.74269104003906,-35.426395416259766,199.90766825382033,-173.77514780917366,-35.428265363975314,0.4491144355126085,0.35371735901544543,0.05985565884918232,3.608370844159583e-05,6.029426508694799,12.358946150344632,nan,nan,nan
223.20000000000002,199.45101928710938,-173.7427520751953,-35.427223205566406,199.9085178212725,-173.76921277421738,-35.42747655437536,0.45826317934105687,0.3536435283637123,0.05984934871000173,3.533926991534255e-05,6.693366634975283,12.953953803548863,10.759545939783857,2.247997128020938,nan
223.21,199.4423065185547,-173.74281311035156,-35.42803192138672,199.8996366253124,-173.76898999680623,-35.42841666090311,0.45807881849741366,0.3536977204354724,0.05986318097799,3.604705023458933e-05,6.6876123533263945,13.098650939632588,nan,nan,nan
223.22,199.43359375,-173.7428741455078,-35.428829193115234,199.89079449898307,-173.7688018810006,-35.43109625650629,0.45794094806523117,0.3537519984749144,0.059877075311255815,3.532591488992241e-05,6.821032087803745,12.898419436292508,nan,2.1336421307842524,nan
223.23000000000002,199.4248809814453,-173.74293518066406,-35.42960739135742,199.88191340090563,-173.7685764196917,-35.432023438762094,0.45775751535249176,0.35380636405705845,0.059891033074777035,3.6033693027365135e-05,6.829635038487904,13.079794894806934,nan,nan,nan
223.24,199.41616821289062,-173.7429962158203,-35.43037033081055,199.87302805335926,-173.76834578380937,-35.43273816760136,0.45756870640520125,0.3538608159294789,0.05990505322898354,3.531358820010354e-05,6.818573952703395,13.018953295879935,nan,0.027131479717442005,nan
223.25,199.40745544433594,-173.74305725097656,-35.43111801147461,199.87661583282406,-173.77527594073297,-35.43350604474711,0.47027142885662754,0.35378690213105013,0.05989881569413002,3.599922693136418e-05,6.687868871937523,12.515793639561926,3.317887741033742,nan,nan
223.26,199.39874267578125,-173.74310302734375,-35.43185043334961,199.86778689853583,-173.7750923998362,-35.435796979992745,0.47015037815821453,0.35384111620986136,0.05991286952195836,3.52809661122188e-05,6.961812231279541,12.885579762610789,nan,1.3830012594649308,nan
223.27,199.39002990722656,-173.7431640625,-35.43257141113281,199.8589281068055,-173.7748804583831,-35.43667725356939,0.46998756289747073,0.35389541767768184,0.059926986930343894,3.5987937024294995e-05,6.980893576147124,12.56090563329452,nan,nan,nan
223.28,199.38131713867188,-173.74322509765625,-35.43327331542969,199.85004337318537,-173.77464398184654,-35.436288550187854,0.4697877402036064,0.3539498054109226,0.05994116702083884,3.5270598810164004e-05,6.762396866060128,12.604883234515164,nan,1.0957845807191091,nan
223.29,199.3726043701172,-173.74327087402344,-35.433963775634766,199.84118454115495,-173.7744300860998,-35.437129708992224,0.46962569810543636,0.35400428079068985,0.059955410947713686,3.597764091830188e-05,6.7742814437439005,12.506123824592752,nan,nan,nan
223.3,199.3638916015625,-173.74331665039062,-35.43464279174805,199.83132838652017,-173.7756018837665,-35.43931040939153,0.4685736557684011,0.35393028295428297,0.05994924018363917,3.523992216202449e-05,6.983664644926141,12.627095785583641,0.6581232971551647,1.1197712770266905,nan
223.31,199.3551788330078,-173.74337768554688,-35.435306549072266,199.82246850112966,-173.77539350007734,-35.44014013888179,0.46841008732084866,0.35398452021073495,0.059963517084643106,3.594618234964913e-05,7.007493087998774,12.598111806443498,nan,nan,nan
223.32,199.34645080566406,-173.74342346191406,-35.43595504760742,199.81363756581786,-173.77521002304448,-35.4424317220311,0.46831165012530573,0.3540388437030386,0.059977856949187384,3.5231389240777626e-05,7.539663555315119,13.0655226318645,nan,1.5145876008565569,nan
223.33,199.33773803710938,-173.7435760498047,-35.43669509887695,199.80477746749486,-173.77504950175242,-35.44330352448954,0.46814536097389675,0.3540932546938617,0.05999226080606638,3.593776873718676e-05,7.5594908832079835,13.24252573689813,nan,nan,nan
223.34,199.3290252685547,-173.7438201904297,-35.43752670288086,199.79590412304455,-173.77497535707369,-35.4435866585535,0.46795644267510256,0.35414775223786354,0.06000672794430504,3.522373732673362e-05,7.381608234598739,13.047962964967223,nan,0.3230562066668644,nan
223.35,199.3203125,-173.74415588378906,-35.43844985961914,199.75879183055963,-173.7554587591213,-35.44456750231391,0.4386676462550418,0.35407367198540973,0.060000620143913025,3.590817222832306e-05,7.952689181442795,14.160389711617537,20.291132699966127,nan,nan
223.36,199.3115997314453,-173.74459838867188,-35.43946075439453,199.7498717650993,-173.75552548579964,-35.445270651107805,0.43844672633589193,0.35412793113717284,0.060015119597501956,3.519571375058699e-05,7.865943174917022,14.062691953354982,nan,0.13145440219505142,nan
223.37,199.30288696289062,-173.7451171875,-35.44055938720703,199.74095987015457,-173.75569039543868,-35.44649237019908,0.43824064746664304,0.3541822776429187,0.060029683201538876,3.5901511858603395e-05,7.882602849740754,14.084727878154425,nan,nan,nan
223.38,199.29417419433594,-173.7456817626953,-35.441741943359375,199.7320330035217,-173.75590490876,-35.446988142949834,0.43800955709571293,0.3542367106656336,0.060044310355967974,3.518972033510064e-05,7.678168021204162,13.994490542711386,nan,0.4625961971790007,nan
223.39000000000001,199.28546142578125,-173.74624633789062,-35.44301223754883,199.72312090850482,-173.75615768024676,-35.44837681937406,0.43780456400467926,0.3542912313050054,0.06005900192383493,3.5895692453044734e-05,7.689692533549181,13.930066850628936,nan,nan,nan
223.4,199.27674865722656,-173.746826171875,-35.444366455078125,199.71354857307702,-173.74752966809183,-35.449175295429214,0.4368269523958155,0.3542170680405169,0.060052951489957276,3.516333014888395e-05,8.23799129539152,14.62831521225646,8.710425996634461,0.3790992384865183,nan
223.41,199.26803588867188,-173.7473907470703,-35.445804595947266,199.70463067065987,-173.74774800769003,-35.45072888189454,0.4366226974017536,0.3542713499671159,0.060067674635594315,3.586861878147478e-05,8.249172388386937,14.609032220012917,nan,nan,nan
223.42000000000002,199.25930786132812,-173.74795532226562,-35.44732666015625,199.69574243784143,-173.74798489134943,-35.45407436015254,0.4364867373768875,0.3543257183700183,0.06008246159154828,3.515887367885904e-05,8.861975186346795,14.849669591791628,nan,2.0408234098001237,nan
223.43,199.25059509277344,-173.74850463867188,-35.44892883300781,199.6868246199385,-173.74818793468023,-35.455812107359186,0.436283944396162,0.3543801742503628,0.060097313123468075,3.5864372943182054e-05,8.880732996433013,15.23218387227315,nan,nan,nan
223.44,199.24188232421875,-173.74905395507812,-35.45061111450195,199.67789555433578,-173.7483717129143,-35.456963851377594,0.43606004122971936,0.35443471691940687,0.06011222877695252,3.515515404120139e-05,8.70109579302901,15.038438048163489,nan,0.31246532815021666,nan
223.45000000000002,199.23316955566406,-173.7495880126953,-35.45237350463867,199.70322632414204,-173.76433673002134,-35.45875657465135,0.4703314085169155,0.35436047199159765,0.0601062315535807,3.583884385814517e-05,8.612547444717457,13.98009974313978,12.758809964979829,nan,nan
223.46,199.22445678710938,-173.75010681152344,-35.45421600341797,199.6943464897616,-173.76452363572983,-35.459501804213296,0.4701405291706463,0.3544147756783494,0.0601211780744312,3.5130963122102786e-05,8.263434911275962,13.561922478555417,nan,1.055844875459915,nan
223.47,199.2157440185547,-173.7506103515625,-35.45613479614258,199.68548708922972,-173.76471683719288,-35.461541770474476,0.4699859367635147,0.35446916670650525,0.060136189335100204,3.5836048705417155e-05,8.275995811286673,13.6725650440758,nan,nan,nan
223.48000000000002,199.20703125,-173.75111389160156,-35.458133697509766,199.67666886089006,-173.7649335920717,-35.466230517037815,0.46991065977489666,0.35452364447652646,0.060151264966162556,3.512861323196258e-05,9.31927498952032,14.491546217369375,nan,4.630001706347673,nan
223.49,199.1983184814453,-173.75160217285156,-35.46017074584961,199.6678099414088,-173.76510650812315,-35.468435214677434,0.4697583415914742,0.3545782098553901,0.060166405606179314,3.5833948526968653e-05,9.351482565128867,14.73603513826911,nan,nan,nan
223.5,199.18960571289062,-173.75209045410156,-35.46221160888672,199.62767911563674,-173.7519897711538,-35.47167372582362,0.43817559036023646,0.3545038829138989,0.0601604561750294,3.510576159567397e-05,9.996600470422038,15.901297619339736,9.183443471824102,0.7493292018789058,nan
223.51,199.18089294433594,-173.7525634765625,-35.464229583740234,199.61876834947356,-173.7521195155572,-35.473902249739446,0.43798245169565797,0.3545582089987562,0.06017562690723888,3.5810485028044696e-05,10.051724515935799,16.081001057214866,nan,nan,nan
223.52,199.17218017578125,-173.75302124023438,-35.46622085571289,199.60983801715346,-173.75222366841288,-35.47477970760407,0.43774224856768384,0.3546126217745446,0.060190862250445176,3.5104668041434773e-05,9.51812958201192,15.318945670616365,nan,1.2364796070373627,nan
223.53,199.16346740722656,-173.75347900390625,-35.468177795410156,199.60092783178888,-173.75233463964773,-35.476940149953776,0.43754966744924784,0.35466712202794165,0.06020616276963584,3.5809668337698114e-05,9.56853227714334,15.275418010434592,nan,nan,nan
223.54,199.15475463867188,-173.75392150878906,-35.470096588134766,199.59201505504515,-173.75243443336612,-35.47888210775371,0.4373511958086091,0.35472170928019237,0.060221528205519674,3.510417636377833e-05,9.615733218911572,15.367064671697758,nan,0.023748781558274888,nan
223.55,199.1460418701172,-173.7543487548828,-35.471981048583984,199.58781315326863,-173.75864599391187,-35.481015769288184,0.44188455399430393,0.3546473014484077,0.06021562213852457,3.5787456051262104e-05,9.38935399100954,14.839946099197626,2.549909101302515,nan,nan
223.56,199.1373291015625,-173.75477600097656,-35.47382354736328,199.57892254239576,-173.75875906369902,-35.48372619994282,0.4417224177056435,0.35470164913695634,0.06023101690727668,3.5083103764986976e-05,9.895820475255329,15.501541462380194,nan,0.30362040321312506,nan
223.57,199.1286163330078,-173.7552032470703,-35.47563552856445,199.57002293054381,-173.7588562618079,-35.48574993227454,0.4415375748760159,0.3547560841746819,0.0602464770195571,3.578781025307775e-05,9.952019997709936,15.137076796668907,nan,nan,nan
223.58,199.11990356445312,-173.755615234375,-35.47740936279297,199.56109920007407,-173.75892625837878,-35.48596974635124,0.4412910965990433,0.3548106061547461,0.06026200227930985,3.508371566760818e-05,9.17444066792401,14.441286303950875,nan,2.1980753946716574,nan
223.59,199.11119079589844,-173.75601196289062,-35.47914505004883,199.5521998194473,-173.75900691154305,-35.48790609787552,0.4411062054970234,0.3548652157556985,0.06027759315686746,3.578872538949024e-05,9.222118245453657,14.623881520128863,nan,nan,nan
223.6,199.10247802734375,-173.75640869140625,-35.48085021972656,199.5597494643389,-173.7733396785293,-35.48969025578821,0.4576701559574704,0.3547907268832585,0.06027172516732345,3.5063715124253535e-05,8.782508697975508,13.523470868238535,11.013986216665096,0.023123832350072038,nan
223.61,199.09376525878906,-173.7567901611328,-35.48251724243164,199.5508808867492,-173.77344818876648,-35.49155913313138,0.4575084075702565,0.35484509661714675,0.060287344565520505,3.576816289626554e-05,8.830431692279666,13.776445505986569,nan,nan,nan
223.62,199.08505249023438,-173.75717163085938,-35.484153747558594,199.54202694274986,-173.77355987277645,-35.494535813999896,0.45738606453252195,0.3548995532331723,0.06030302933458818,3.5065328314793684e-05,9.610081270781942,14.316853136672547,nan,0.9149358652753294,nan
223.63,199.0763397216797,-173.75753784179688,-35.48575973510742,199.53315837862178,-173.77365270189793,-35.49635148491717,0.45722550148748703,0.3549540973458504,0.06031877989099979,3.577009888453373e-05,9.66335921870918,14.263530587409921,nan,nan,nan
223.64000000000001,199.067626953125,-173.75790405273438,-35.48733139038086,199.52426893152705,-173.77372239618646,-35.496456913958234,0.4570069929542267,0.3550087286446406,0.060334596119405934,3.506742155592979e-05,8.89321137573013,13.500451379030078,nan,1.9825021169937356,nan
223.65,199.05892944335938,-173.7582550048828,-35.488868713378906,199.51316579411377,-173.78134010017808,-35.49821998438105,0.4549187072882597,0.35493415967289077,0.06032876157331668,3.5750525469838304e-05,8.375708566161373,13.508235872132577,6.612675175128075,nan,nan
223.66,199.0502166748047,-173.75860595703125,-35.490379333496094,199.5042683140771,-173.78142356579679,-35.49748942068072,0.45468020380870244,0.35498855083522923,0.060344605516776756,3.50488239569133e-05,7.362650432946468,11.930935814856813,nan,4.1860546623827215,nan
223.67000000000002,199.04150390625,-173.75894165039062,-35.491859436035156,199.4954003709343,-173.78152179127213,-35.499143552885194,0.45451614027823534,0.3550430293723695,0.060360515416877224,3.5753382311597034e-05,7.39432795671147,12.02144845288474,nan,nan,nan
223.68,199.0327911376953,-173.75927734375,-35.493309020996094,199.48650681430814,-173.78159434452132,-35.49854527160133,0.4542943781823265,0.35509759503048605,0.06037649120374161,3.505178360053324e-05,6.683047864532921,11.252911782849353,nan,3.4807141879745647,nan
223.69,199.02407836914062,-173.75961303710938,-35.49473190307617,199.47763922568512,-173.78167906986863,-35.500120060346354,0.45412926863381115,0.3551522483388468,0.06039253322571357,3.575668107561389e-05,6.703730345876768,11.080837258560184,nan,nan,nan
223.70000000000002,199.01536560058594,-173.7599334716797,-35.496124267578125,199.45007119435147,-173.78754883059779,-35.501260697060346,0.43561214882856725,0.3550542304479389,0.059180726151146196,3.503364040297264e-05,7.574765724108101,12.564684588130064,4.679685588888959,0.15125430473276658,0.03373896678688714
223.71,199.00665283203125,-173.76023864746094,-35.49748611450195,199.44117286583716,-173.78764746868865,-35.50277733803476,0.4354157786601858,0.35510841539704957,0.05919260145824149,3.5738000013673506e-05,7.591176082767299,12.784078373573061,nan,nan,nan
223.72,198.99794006347656,-173.76055908203125,-35.49882507324219,199.43229030560713,-173.7877912320531,-35.506190513051244,0.43526540470989944,0.3551626863649749,0.05920453464809541,3.5037389810027285e-05,8.344049409731198,13.088337398751506,nan,2.60571056357427,nan
223.73000000000002,198.98922729492188,-173.76084899902344,-35.50013732910156,199.4233920470174,-173.78787730708316,-35.50767380691999,0.4350705229001806,0.355217043686603,0.05921652789575506,3.5742102654217704e-05,8.37064810646704,13.33928433507508,nan,nan,nan
223.74,198.9805145263672,-173.7611541748047,-35.50142288208008,199.4145020635977,-173.7879840380909,-35.51016581760434,0.43490396981050866,0.3552714873242435,0.05922857936536239,3.504151257480078e-05,8.95057726792804,13.672997945357908,nan,0.7534400215117736,nan
223.75,198.9718017578125,-173.76144409179688,-35.502681732177734,199.38413539171944,-173.7832752147309,-35.5115248214527,0.4130058399192293,0.3551975178837142,0.05922142833211783,3.5724587937864123e-05,8.590859207323579,13.917306634555631,4.779075862364127,nan,nan
223.76,198.96310424804688,-173.76173400878906,-35.50391387939453,199.37520329996943,-173.78334261405257,-35.51270603794962,0.41275884299304716,0.3552517245289833,0.059233517703687066,3.502484097488562e-05,8.595189800043725,14.198107667306823,nan,0.03916682363572386,nan
223.77,198.9543914794922,-173.7620086669922,-35.505123138427734,199.3662730050496,-173.78341023462158,-35.514096691998574,0.41253477775357467,0.35530601743063495,0.059245667291998344,3.572939433353812e-05,8.627845198803186,13.919170796493125,nan,nan,nan
223.78,198.9456787109375,-173.7622833251953,-35.506309509277344,199.35733842702888,-173.78345738787024,-35.51486147041555,0.41229261310615983,0.3553603965792879,0.05925787545889773,3.5029624748453315e-05,8.448379433147998,13.588044100390176,nan,0.2558666494944234,nan
223.79,198.9369659423828,-173.76254272460938,-35.507469177246094,199.34840809223803,-173.78351402986894,-35.51619976994223,0.41206875830448514,0.35541486226608787,0.05927014408482628,3.573453992363018e-05,8.479209202146007,13.838667529325946,nan,nan,nan
223.8,198.92825317382812,-173.7628173828125,-35.508609771728516,199.35109491837835,-173.78613090147726,-35.51625207061244,0.4235529079336394,0.3553408131261315,0.05926310017513788,3.501358844311926e-05,8.20791016465714,12.896432400801864,1.808736370427386,1.329395143443135,nan
223.81,198.91954040527344,-173.7630615234375,-35.50972366333008,199.342182191237,-173.78617385856677,-35.51753470420027,0.42334533378444344,0.35539504152067264,0.059275406233878364,3.5717994712723794e-05,8.233608102923721,13.356383791589568,nan,nan,nan
223.82,198.91082763671875,-173.76332092285156,-35.51081848144531,199.3332696469185,-173.78621220183092,-35.51882740954864,0.42313757285813886,0.3554493560909336,0.059287771217197124,3.501895678406737e-05,8.344395969200898,13.073341393303451,nan,0.0006967462239927675,nan
223.83,198.90211486816406,-173.76356506347656,-35.51189041137695,199.3243568406856,-173.78624457614043,-35.520067975847944,0.4229296823518338,0.3555037571040964,0.05930019682481151,3.5723734067903485e-05,8.371118768754934,13.230196032928998,nan,nan,nan
223.84,198.89340209960938,-173.76380920410156,-35.512939453125,199.31544688558455,-173.7862825005364,-35.52174746337137,0.4227344692191294,0.35555824458784485,0.059312681687978715,3.50246079133041e-05,8.701078706830543,13.557300024434351,nan,0.1488017226671711,nan
223.85,198.8846893310547,-173.76405334472656,-35.51396942138672,199.34242016329932,-173.79345434415586,-35.52294334932324,0.45876188261168593,0.3554841162599844,0.05930574234602482,3.570775854673612e-05,9.427441548881882,13.294745748298357,13.226093791979395,nan,nan
223.86,198.8759765625,-173.7642822265625,-35.51498031616211,199.3335567495328,-173.7934439293654,-35.52343713296703,0.4585864697369504,0.3555383661644205,0.05931826423842212,3.500937172510209e-05,9.20250015057,13.091310742234548,nan,0.3368807209389995,nan
223.87,198.8672637939453,-173.76451110839844,-35.515968322753906,199.32469736930503,-173.79344404087766,-35.524595510905144,0.45842885906497693,0.3555927024174556,0.05933084692320814,3.571401891921757e-05,9.231618848344286,13.151839234616475,nan,nan,nan
223.88,198.85855102539062,-173.76473999023438,-35.516937255859375,199.31583338691584,-173.7934215914366,-35.52490441337206,0.45825022423173417,0.35564712506689966,0.059343489195888485,3.5015511457937725e-05,8.948705576097076,12.769589335040887,nan,0.48649630458077203,nan
223.89000000000001,198.84983825683594,-173.76495361328125,-35.517887115478516,199.3069742075433,-173.7934122890434,-35.52601701245789,0.4580930788389624,0.35570163434883634,0.0593561925112548,3.572053256858769e-05,8.97365538907535,12.87625008783634,nan,nan,nan
223.9,198.84112548828125,-173.76516723632812,-35.51881790161133,199.31285047991776,-173.7910511459474,-35.528099157065796,0.4725257519061278,0.3556274271014508,0.059349352029918374,3.50007431773001e-05,10.344976871165214,13.848304965723587,9.669803041738536,0.6615680164343286,nan
223.91,198.83241271972656,-173.765380859375,-35.51972961425781,199.3040099466465,-173.79100164447476,-35.52918614722401,0.4723873358626718,0.3556816985096879,0.05936209186107468,3.5705265558020646e-05,10.378002757524714,13.84545968469639,nan,nan,nan
223.92000000000002,198.82369995117188,-173.7655792236328,-35.52062225341797,199.29516417196947,-173.79092720024354,-35.52923793869892,0.47222374087227614,0.35573605623825366,0.059374891602292194,3.500730796828951e-05,9.982445088613943,13.542435771980976,nan,0.7311636783882492,nan
223.93,198.8149871826172,-173.7657928466797,-35.52149963378906,199.28632343788092,-173.79086932203117,-35.53028027059795,0.4720845207427004,0.3557905005065128,0.059387752559982,3.5712210261447474e-05,10.011219542534386,13.308357250287576,nan,nan,nan
223.94,198.8062744140625,-173.7659912109375,-35.52235794067383,199.2774866248087,-173.79082376291373,-35.5321400716369,0.4719674705741286,0.3558450313881412,0.05940067375101702,3.50140807671966e-05,10.574446809524382,14.004493301809205,nan,0.49068964466659476,nan
223.95000000000002,198.7975616455078,-173.76617431640625,-35.52320098876953,199.2569410765792,-173.78858744739335,-35.53300745275453,0.4600304086340543,0.3557707456807692,0.05939392903202619,3.569735570161778e-05,10.290844069339975,13.923796706415096,2.476942121175938,nan,nan
223.96,198.78884887695312,-173.76637268066406,-35.524024963378906,199.2480765176592,-173.78849860174873,-35.53275672229588,0.4598432624124192,0.3558250384038299,0.059406886275108005,3.499988621528687e-05,9.764744163394033,13.29451605785859,nan,1.102935035289089,nan
223.97,198.78013610839844,-173.7665557861328,-35.52483367919922,199.23921766484492,-173.78842985036542,-35.5337275712602,0.45968842868987353,0.3558794175743835,0.05941990491075128,3.5704671726869395e-05,9.790192119733872,13.348978436654521,nan,nan,nan
223.98000000000002,198.77142333984375,-173.76673889160156,-35.52562713623047,199.23036185334763,-173.78837098978642,-35.53542046741964,0.45955240852900764,0.3559338832798586,0.05943298408908069,3.500700677050615e-05,10.303179484733995,13.791614146511478,nan,0.3836969692980893,nan
223.99,198.76271057128906,-173.7669219970703,-35.52640151977539,199.22150259507822,-173.7882946446016,-35.536368634899205,0.4593977084606965,0.35598843571836924,0.05944612491766576,3.571217108690699e-05,10.334242456868498,13.895308704966325,nan,nan,nan
224.0,198.75399780273438,-173.76708984375,-35.527164459228516,199.20732294348412,-173.78652566294332,-35.53681863583943,0.45384428764667956,0.3559140718619892,0.059439470498190906,3.4993144743039564e-05,10.16904656250977,13.759404001515586,0.3985492983205272,0.12435125392794352,nan
224.01,198.7452850341797,-173.76727294921875,-35.52790832519531,199.1984546597314,-173.78644021886757,-35.53773241765632,0.4536811727867371,0.3559683858526247,0.05945264682184398,3.569781379737097e-05,10.198764890960021,13.754701896392044,nan,nan,nan
224.02,198.736572265625,-173.76744079589844,-35.52864074707031,199.18957695290675,-173.78630982568794,-35.536238099871525,0.45346114139363397,0.35602278629814665,0.059465883987985795,3.500056150165638e-05,9.132807035920656,12.64656814841906,nan,4.047264167542364,nan
224.03,198.7278594970703,-173.76759338378906,-35.529354095458984,199.18070845130353,-173.786217278981,-35.537100291284325,0.45329794657819106,0.35607727338551476,0.05947918298528467,3.570561316091668e-05,9.151728364841711,12.918235074414511,nan,nan,nan
224.04,198.71914672851562,-173.76776123046875,-35.53005599975586,199.17183815183128,-173.78611332733354,-35.53747567811918,0.4531240181560719,0.35613184721942104,0.059492543141390755,3.500812624954722e-05,9.03286546694728,12.522170427602758,nan,0.15814638735532247,nan
224.05,198.71043395996094,-173.76791381835938,-35.53074645996094,199.1734640565011,-173.78790478906564,-35.53831863962402,0.4635232972749309,0.3560574056378399,0.0594859754708189,3.569154295289901e-05,9.292302293523859,12.565284347812558,1.150851364055153,nan,nan
224.06,198.70172119140625,-173.76808166503906,-35.53142166137695,199.16461378543926,-173.78781026778069,-35.53988808697533,0.46339017225137236,0.35611174074153096,0.05949937060036354,3.499465727415005e-05,9.724188133717517,12.888355380743908,nan,0.3987544207418781,nan
224.07,198.69300842285156,-173.7682342529297,-35.532081604003906,199.155760894083,-173.78770040491025,-35.54070095446211,0.46324191725926867,0.35616616239618576,0.05951282774362019,3.569959444474848e-05,9.745899544776302,13.04429975174087,nan,nan,nan
224.08,198.68429565429688,-173.76837158203125,-35.53273010253906,199.14690798968803,-173.78758775192065,-35.54151826117452,0.4630946617846942,0.3562206707154248,0.059526346333672105,3.500245795222578e-05,9.859188243201045,13.199458649741175,nan,0.0002007448238074087,nan
224.09,198.6755828857422,-173.7686309814453,-35.53346633911133,199.13805490059698,-173.7875220529294,-35.54235906322177,0.4629431041151564,0.35627526587241054,0.05953992720174808,3.57077739528108e-05,9.861610981203185,13.129427851657903,nan,nan,nan
224.1,198.6668701171875,-173.7689666748047,-35.534297943115234,199.1231682725133,-173.7864491422862,-35.54127074792458,0.4566861758690414,0.3562007469049489,0.05953344100145551,3.498921510792632e-05,8.917702364775632,12.357176872950124,0.5559336535478262,3.074084064727965,nan
224.11,198.6581573486328,-173.7694091796875,-35.53521728515625,199.1143056911135,-173.78657814641628,-35.542275274534134,0.456525901762932,0.3562551030471297,0.059547056243078066,3.569403488712827e-05,8.916917964562385,12.321721931631382,nan,nan,nan
224.12,198.64942932128906,-173.7699432373047,-35.536224365234375,199.1054438074904,-173.7868060154403,-35.543665698803444,0.45638682973678874,0.35630954577061946,0.05956073321067534,3.499721088850697e-05,9.096944482503478,12.311999807918003,nan,0.06184183443918403,nan
224.13,198.64071655273438,-173.77056884765625,-35.53731918334961,199.09658095193393,-173.78712320293545,-35.54485212133696,0.45622707316752104,0.35636407524157193,0.05957447264264008,3.570241189631964e-05,9.096756701027699,12.574838490060078,nan,nan,nan
224.14000000000001,198.6320037841797,-173.7712860107422,-35.53850173950195,199.08771853583235,-173.78753625849959,-35.546378264377445,0.4560724120906025,0.3564186915844609,0.05958827411077572,3.50053078986864e-05,9.27218653874553,12.726495157388303,nan,0.044709226494699245,nan
224.15,198.623291015625,-173.7720947265625,-35.539772033691406,199.09201414741716,-173.80293437002888,-35.547673585352655,0.4698030357552401,0.35634409563149655,0.059581865459973286,3.5688862883080256e-05,8.498586353879023,11.725794710065557,16.90592743710393,nan,nan
224.16,198.6145782470703,-173.77297973632812,-35.54112243652344,199.0831789841125,-173.8035812230473,-35.549345843603106,0.46967087004613856,0.3563984726800521,0.05959570072455591,3.499231813913709e-05,8.671746224163009,12.197518214323402,nan,0.035286384516772414,nan
224.17000000000002,198.60586547851562,-173.77391052246094,-35.54256057739258,199.0743433758634,-173.80428596380895,-35.55088191236459,0.46953535794038115,0.35645293638585285,0.05960959864079074,3.569739993526346e-05,8.667769173174426,11.910524460599781,nan,nan,nan
224.18,198.59715270996094,-173.7748565673828,-35.5440788269043,199.06550709684998,-173.8050065979197,-35.55210452623673,0.469392445517995,0.35650748687876666,0.05962355886166879,3.500056495860069e-05,8.55666487917095,11.798117598090446,nan,0.11162426089423902,nan
224.19,198.58843994140625,-173.77578735351562,-35.545677185058594,199.05667176158565,-173.80573345897434,-35.55380397067964,0.4692588318883161,0.356562124316611,0.05963758200426141,3.5706022584311015e-05,8.553103202336617,11.966263909791131,nan,nan,nan
224.20000000000002,198.57972717285156,-173.77670288085938,-35.547359466552734,199.07711086990915,-173.8183175645535,-35.55444195144811,0.4991717996741477,0.35648745173515706,0.05963124575665652,3.4987720284557844e-05,8.193301334148725,11.090047636481568,7.897723639181688,0.7929737108355306,nan
224.21,198.57101440429688,-173.77760314941406,-35.54911804199219,199.06832402691995,-173.81904219157616,-35.55629278122977,0.49908469406699657,0.35654184959849244,0.05964530205346579,3.5692678065189246e-05,8.188341927650553,11.202231011013465,nan,nan,nan
224.22,198.5623016357422,-173.7784881591797,-35.550960540771484,199.059536159681,-173.81974431386843,-35.55765738673801,0.49898806583148464,0.35659633416301323,0.059659420915348545,3.4996085353361736e-05,8.01417093931346,10.870295175831622,nan,0.22677654558105487,nan
224.23000000000002,198.5535888671875,-173.7793731689453,-35.552879333496094,199.05074940091293,-173.82043651045274,-35.55966282529204,0.4988995991889149,0.3566509055825099,0.05967360288893807,3.5701420566038445e-05,8.009422720761263,10.721793789769638,nan,nan,nan
224.24,198.5448760986328,-173.7802276611328,-35.554874420166016,199.04195860557263,-173.82108284132414,-35.55921415849954,0.49877750328462533,0.35670556399309195,0.059687847732566746,3.500451639189084e-05,7.245345145802657,10.15910138488816,nan,4.528406669165507,nan
224.25,198.53616333007812,-173.7810516357422,-35.55691146850586,199.00489158458396,-173.81602266805007,-35.56129600239927,0.4700514586832243,0.35663081516910994,0.05968157967036679,3.568819344190729e-05,6.756026081489637,10.414956571948219,7.4016069778859235,nan,nan
224.26,198.52745056152344,-173.78187561035156,-35.5589485168457,198.99606439982088,-173.8166893937838,-35.56508888180514,0.4699453511234732,0.356685233728693,0.059695857038125154,3.499181988704116e-05,7.281435312073501,10.70964933717323,nan,1.927252412413686,nan
224.27,198.51873779296875,-173.78268432617188,-35.56096649169922,198.98723498792984,-173.81732149394148,-35.56723798180411,0.46981771642376724,0.35673973905317163,0.059710197707800165,3.5697027192438304e-05,7.292413116585068,10.674387709388183,nan,nan,nan
224.28,198.51002502441406,-173.78347778320312,-35.562957763671875,198.97840414090197,-173.81792332192578,-35.56803275605652,0.46967142498516196,0.3567943312815582,0.05972460149836503,3.500033663076833e-05,6.913233002190984,10.171508514952627,nan,1.2501350117884458,nan
224.29,198.50131225585938,-173.78424072265625,-35.564910888671875,198.96957536313803,-173.81852299544508,-35.57011375529692,0.46954518599060385,0.3568490105631558,0.05973906886576714,3.57059151256881e-05,6.921243258858397,10.502108603124666,nan,nan,nan
224.3,198.4925994873047,-173.78500366210938,-35.566829681396484,198.96116382556733,-173.81880700253063,-35.57308438376108,0.46982371823568997,0.35677418586366483,0.05973286393196162,3.498772562407087e-05,7.318047380285678,10.540310693968514,0.7578762987542799,0.7846190132952223,nan
224.31,198.48388671875,-173.78575134277344,-35.56871032714844,198.95233604372643,-173.81937387342228,-35.57510319483931,0.4696978958814069,0.35682862501825413,0.05974736313951046,3.5692799297297596e-05,7.331924457703154,10.57422444892606,nan,nan,nan
224.32,198.4751739501953,-173.78646850585938,-35.570556640625,198.9435083617856,-173.81992331861764,-35.576839868154195,0.4695698292314983,0.35688315098864215,0.05976192571151632,3.499630426926234e-05,7.300890561338633,10.680911246041575,nan,0.04280393391863718,nan
224.33,198.46646118164062,-173.7871856689453,-35.57236099243164,198.9346812722054,-173.82046053937657,-35.578784561107554,0.4694449195009423,0.356937763922159,0.05977655205220681,3.5701750381020317e-05,7.3155379859086835,10.640411875163986,nan,nan,nan
224.34,198.45774841308594,-173.7878875732422,-35.574134826660156,198.92585504542012,-173.82099033335115,-35.58145127026438,0.46933265634206184,0.3569924639608814,0.059791242057974356,3.5004923281106725e-05,7.675948517617225,10.840832037244095,nan,0.4047541495332183,nan
224.35,198.44903564453125,-173.78857421875,-35.575870513916016,198.8813545501959,-173.80763432867965,-35.58332999862417,0.4328031514415411,0.3569175637637761,0.05978509580157524,3.568869959988056e-05,7.600966447379972,11.512964836237792,10.784669952619318,nan,nan
224.36,198.44032287597656,-173.78924560546875,-35.57757568359375,198.87246957765154,-173.8081112247544,-35.58556102292651,0.43263200182586553,0.3569720234022139,0.05979981696690544,3.4992384769518926e-05,7.850798324538407,11.655484212520642,nan,0.10335823325853555,nan
224.37,198.43161010742188,-173.78990173339844,-35.57924270629883,198.86358433919094,-173.80857132120116,-35.587380181988046,0.4324540541280502,0.35702656991342374,0.05981460209228989,3.5697692528129136e-05,7.870093425191385,11.815556063207787,nan,nan,nan
224.38,198.4228973388672,-173.79054260253906,-35.58087921142578,198.85469908985453,-173.80901663877844,-35.58898354965441,0.43227274083480777,0.35708120344071337,0.05982945111782842,3.50010436525136e-05,7.878095115131939,11.757928391807038,nan,0.023723265653165973,nan
224.39000000000001,198.41419982910156,-173.7911834716797,-35.582481384277344,198.84581413764317,-173.80945034142033,-35.59073639084806,0.4320795470760651,0.3571359241295086,0.05984436438233302,3.5706717321856794e-05,7.8969919298710405,11.917805601353583,nan,nan,nan
224.4,198.40548706054688,-173.7917938232422,-35.584049224853516,198.83872771438138,-173.8127892732251,-35.59041477553728,0.43379579676437574,0.35706094880649314,0.05983827180141172,3.4988548660921625e-05,6.992541639047287,10.983483895349023,1.597666246153906,2.5416840379773413,nan
224.41,198.3967742919922,-173.7924041748047,-35.58559036254883,198.8298471013313,-173.81320857332864,-35.592083781282945,0.43362085474947804,0.3571154288229629,0.059853215500386976,3.569371211063191e-05,7.0026811288839745,10.691282680154188,nan,nan,nan
224.42000000000002,198.3880615234375,-173.79299926757812,-35.58709716796875,198.82096678668108,-173.81362432625772,-35.59487509349961,0.4334660956927273,0.3571699957655885,0.059868223328027166,3.499722990258029e-05,7.536741968605885,11.368075122923683,nan,0.9374965307094917,nan
224.43,198.3793487548828,-173.7935791015625,-35.58857727050781,198.81208615982874,-173.81401971555835,-35.596496469431926,0.4332922732422775,0.3572246497791587,0.059883295586632634,3.5702760466151535e-05,7.551204974098186,11.334370173467871,nan,nan,nan
224.44,198.37063598632812,-173.79415893554688,-35.59002685546875,198.80320566906053,-173.8144035652701,-35.59808911955515,0.4331182004419171,0.3572793910080274,0.05989843234192121,3.6422608685206545e-05,7.566601947587294,11.206448862820277,nan,nan,nan
224.45000000000002,198.36192321777344,-173.79470825195312,-35.59144592285156,198.7956547152,-173.80702325368438,-35.599830220457754,0.43398728964552286,0.35720434093319414,0.059892388807024396,3.7133079352600315e-05,8.272153663162475,12.093622132759908,8.552166826836075,nan,nan
224.46,198.3532257080078,-173.79525756835938,-35.592838287353516,198.78677235553116,-173.80735019632482,-35.60156342802641,0.4338030144081555,0.35725884121975143,0.059907555192130965,3.635103118647508e-05,8.460365716864285,12.3765174246048,nan,0.02429366013318313,nan
224.47,198.34451293945312,-173.79580688476562,-35.594200134277344,198.7778900176944,-173.80766480146727,-35.60307882953592,0.4336301804106178,0.35731342848630876,0.059922786204400086,3.708307321283859e-05,8.480271557211623,12.05408438931147,nan,nan,nan
224.48000000000002,198.33580017089844,-173.79632568359375,-35.59553909301758,198.7690077101654,-173.80796418279047,-35.603852214590475,0.43344357733339645,0.35736810287735216,0.05993808185871959,3.6303733881914536e-05,8.244981079691792,11.927317148731465,nan,0.3354779490455164,nan
224.49,198.32708740234375,-173.79684448242188,-35.59684753417969,198.76012540387862,-173.8082577193434,-35.605307932384434,0.43327099036067734,0.357422864537384,0.05995344242172605,3.7034502270378105e-05,8.261798213466811,11.907210846641235,nan,nan,nan
224.5,198.31837463378906,-173.79734802246094,-35.5981330871582,198.72478508225885,-173.7978984641604,-35.60570991883077,0.4064814435981927,0.3573477400836262,0.05994744295584796,3.623519590538024e-05,7.868595620463486,12.102892896190571,6.3903422661379174,0.8126373644461166,nan
224.51,198.30966186523438,-173.7978515625,-35.59939193725586,198.7158592997331,-173.79815401075467,-35.607106071052286,0.40627079039542024,0.35740226053317414,0.059962832459217325,3.696384279259285e-05,7.882258278926007,12.025006488944808,nan,nan,nan
224.52,198.3009490966797,-173.79833984375,-35.600624084472656,198.70693360417928,-173.79840007799442,-35.60856809605538,0.40606222586923835,0.3574568680157511,0.05997828682073932,3.619074530699151e-05,8.003827672991552,12.237472202471352,nan,0.005368694663548343,nan
224.53,198.29225158691406,-173.79881286621094,-35.60183334350586,198.69800792597147,-173.7986358536332,-35.609916980176365,0.40583689236014625,0.3575115626760125,0.05999380628056798,3.691826364889782e-05,8.016940926963004,12.580408737802674,nan,nan,nan
224.54,198.28353881835938,-173.7992706298828,-35.6030158996582,198.68908213139352,-173.79886245389773,-35.611334691824624,0.40562882991406407,0.3575663446582168,0.06000939089332549,3.6147705926483296e-05,8.148310338673058,12.534989809718027,nan,0.00559429764288603,nan
224.55,198.2748260498047,-173.7997283935547,-35.60417938232422,198.67782269714002,-173.79847063319698,-35.612665304870305,0.40308794400985326,0.3574911461984608,0.06000343074270118,3.685082143728903e-05,8.163220408287735,12.382658176967006,0.07323168870306933,nan,nan
224.56,198.26611328125,-173.80018615722656,-35.605316162109375,198.66889360465845,-173.79867151750682,-35.61269694881453,0.40285079008347907,0.35754568670368836,0.06001904352191606,3.6083714896621664e-05,7.707123574241287,11.915805590992399,nan,1.0376675235354196,nan
224.57,198.2574005126953,-173.80062866210938,-35.60643005371094,198.65996396321853,-173.79886952606634,-35.61394486075226,0.40263742819271703,0.35760031429483075,0.060034721587568673,3.680825990077762e-05,7.719517867418381,11.993133027269968,nan,nan,nan
224.58,198.24868774414062,-173.80105590820312,-35.60752487182617,198.65103473275218,-173.79905525688443,-35.614433225880276,0.40241126625160806,0.35765502911575014,0.060050465015402454,3.604357474138205e-05,7.49681842853157,11.751123835113084,nan,0.36215912359601204,nan
224.59,198.23997497558594,-173.80148315429688,-35.60859298706055,198.64210506449655,-173.79923569469682,-35.61563100545643,0.4021979527357764,0.3577098313117138,0.06006627401390114,3.676718511563185e-05,7.5080018400737885,11.785051677428243,nan,nan,nan
224.6,198.23126220703125,-173.80189514160156,-35.60964584350586,198.59777240225728,-173.79464901849525,-35.61673365304323,0.36665033280869996,0.35763455921795884,0.06006034821052579,3.598265837980252e-05,6.849709221604621,12.108763612664005,13.918951175929342,0.03282352150438233,nan
224.61,198.22256469726562,-173.8022918701172,-35.61067199707031,198.5887882850049,-173.79482950396533,-35.61789140866286,0.36637074532358666,0.35768911967241446,0.06007618457011073,3.670449117825785e-05,6.859598377948734,12.715771270461989,nan,nan,nan
224.62,198.21385192871094,-173.8026885986328,-35.61167907714844,198.5798036830062,-173.79500458677157,-35.619708011666255,0.36612046419115696,0.35774376726385654,0.06009208649565666,3.594541013654762e-05,7.2200352904882985,12.551714820329835,nan,0.3081136099866532,nan
224.63,198.20513916015625,-173.80308532714844,-35.612667083740234,198.570819489972,-173.7951690128799,-35.62083312832907,0.36585715235591254,0.35779850213811515,0.06010805417914041,3.666643484123728e-05,7.2329125232505405,12.429614045876994,nan,nan,nan
224.64000000000001,198.19642639160156,-173.803466796875,-35.6136360168457,198.5618366084091,-173.79531867892575,-35.62002190367658,0.36555683268687456,0.35785332443818796,0.060124087721107555,3.5909581241590324e-05,6.536953857780013,11.8101678212218,nan,2.463623203768694,nan
224.65,198.18771362304688,-173.80384826660156,-35.614585876464844,198.54549928733215,-173.7980632171357,-35.62118254782876,0.35789323050102595,0.3577779790836687,0.060118191412881446,3.6606908305990454e-05,6.220118039200204,11.676850388468203,2.985182284395912,nan,nan
224.66,198.1790008544922,-173.80421447753906,-35.615516662597656,198.53650523710058,-173.79822314798702,-35.6220464859245,0.35761420302707797,0.3578325593792386,0.06013425149851503,3.58531559438814e-05,6.207461905177275,11.772454740509819,nan,0.023836745497952134,nan
224.67000000000002,198.1702880859375,-173.8045654296875,-35.61642837524414,198.52751078153304,-173.79837650820448,-35.62307905300072,0.3573381990667773,0.35788722686487795,0.060150377527307244,3.657183266149874e-05,6.213984961582177,11.915321274294708,nan,nan,nan
224.68,198.1615753173828,-173.80491638183594,-35.6173210144043,198.51851634414,-173.79852225691528,-35.623974596455625,0.3570602912255823,0.3579419816829242,0.06016656961241535,3.582017890617423e-05,6.227265025462871,11.833975779898001,nan,0.009654579444349352,nan
224.69,198.15286254882812,-173.80526733398438,-35.61819839477539,198.50952179417445,-173.79866120748343,-35.6249716208594,0.3567847177079465,0.3579968239802279,0.060182827926883564,3.65382135793143e-05,6.234242620182264,11.670249975148979,nan,nan,nan
224.70000000000002,198.14414978027344,-173.80560302734375,-35.619056701660156,198.4885888748171,-173.81323167378125,-35.62587720514943,0.3445910697687642,0.353823030586886,0.06005370352706863,3.576651964960367e-05,6.710094437040122,12.991558480324349,33.1812072946407,0.00017897043517064252,0.00019292042956538602
224.71,198.13543701171875,-173.80593872070312,-35.619895935058594,198.4795817001888,-173.8134306853377,-35.626839439441106,0.3442962509080447,0.35387408850324265,0.06006865652681415,3.6483065680761214e-05,6.712003714974946,12.913279016658683,nan,nan,nan
224.72,198.12672424316406,-173.80625915527344,-35.62071990966797,198.47061398006352,-173.8136126384905,-35.62625534662909,0.3440128862739754,0.35392523115019336,0.060083668567086204,3.573634251079501e-05,6.228346111946265,12.558347457182022,nan,1.585233607982547,nan
224.73000000000002,198.11801147460938,-173.80657958984375,-35.62152862548828,198.46160678373244,-173.81379850960843,-35.627171182731495,0.3437174533045756,0.35397646062997656,0.060098739931854335,3.645235439489219e-05,6.225329660594085,12.409359199378116,nan,nan,nan
224.74,198.1092987060547,-173.806884765625,-35.622318267822266,198.45266059199645,-173.81396205829225,-35.62566210391049,0.3434510940858472,0.354027775155247,0.06011387063204447,3.5707526606006064e-05,5.6453799400525195,12.086589268620813,nan,3.936466688660933,nan
224.75,198.1005859375,-173.80718994140625,-35.62309646606445,198.47110330540062,-173.8261530265948,-35.626364747049294,0.3710167114517428,0.3539611458620262,0.06010765971640498,3.640040548820217e-05,5.592842317957464,11.144737231145395,8.258139757092412,nan,nan
224.76,198.0918731689453,-173.8074951171875,-35.62385559082031,198.46217027467597,-173.82633533091933,-35.62602699773266,0.37078243644210224,0.35401223939375004,0.060122813069333744,3.565832042137262e-05,5.412961213624812,10.935061271786457,nan,0.9493459596043748,nan
224.77,198.08316040039062,-173.8077850341797,-35.624603271484375,198.45320740111435,-173.82651910848116,-35.62684479757044,0.37052769494837495,0.35406341962509164,0.06013802599129142,3.63725134715146e-05,5.3995501968234185,11.0353838511225,nan,nan,nan
224.78,198.07444763183594,-173.80807495117188,-35.62533187866211,198.44422472190845,-173.8267019087139,-35.62844713431395,0.37025905081111377,0.354114684879888,0.06015329851579034,3.563219352132634e-05,5.5149406950045785,11.140060916571635,nan,0.4341777739477373,nan
224.79,198.06573486328125,-173.80836486816406,-35.62604904174805,198.43526175347046,-173.82687425014893,-35.62924510527074,0.37000396567659743,0.3541660370974711,0.06016863089320208,3.634599088596888e-05,5.505255568102627,10.953096797946042,nan,nan,nan
224.8,198.05702209472656,-173.8086395263672,-35.62675094604492,198.44980935199462,-173.8405368580757,-35.629108972825065,0.3940873374425763,0.35409931652483567,0.06016245860463585,3.5585738132088226e-05,5.120298756005962,10.48419997488055,10.497732330295682,0.3505309007834877,nan
224.81,198.04830932617188,-173.8089141845703,-35.627437591552734,198.44088381547368,-173.8407326556262,-35.629869354699146,0.393869341562541,0.3541504474649357,0.0601778131625476,3.62982963946988e-05,5.1081349755417955,10.394725276740134,nan,nan,nan
224.82,198.0395965576172,-173.80917358398438,-35.628108978271484,198.43190543740758,-173.8409351251175,-35.63281288515301,0.39362060337016636,0.35420166340516585,0.0601932275849049,3.5562207589298456e-05,5.547935067719276,11.107386722814349,nan,3.2961108704090467,nan
224.83,198.0308837890625,-173.80943298339844,-35.6287727355957,198.42297962824995,-173.8411203827608,-35.63356948252629,0.39340341529729417,0.35425296617500757,0.06020870210310172,3.62744596752521e-05,5.540963894385341,10.842151521852234,nan,nan,nan
224.84,198.0221710205078,-173.8096923828125,-35.629417419433594,198.41406123808403,-173.8412988746842,-35.633992885567196,0.3931893282513047,0.35430435425953805,0.06022423677890563,3.553993566951778e-05,5.477072690022051,10.806491930133058,nan,0.07035907706077824,nan
224.85,198.01345825195312,-173.81004333496094,-35.630157470703125,198.41927602046047,-173.84332006861024,-35.634845813079735,0.407206805926534,0.3542375442597713,0.06021809945622948,3.622949638975808e-05,5.798888677478588,10.683614756188078,3.52118794673271,nan,nan
224.86,198.00474548339844,-173.81048583984375,-35.630985260009766,198.41043456673611,-173.8436196612389,-35.63312324036649,0.40704551762624325,0.35428871084037583,0.06023365582617826,3.54973669757931e-05,5.305695629221454,10.36159066639378,nan,4.628621683991453,nan
224.87,197.99603271484375,-173.81103515625,-35.63190460205078,198.40153254678464,-173.84402650746833,-35.63406354238567,0.4068454300869902,0.3543399641177432,0.06024927253241183,3.6208236334662414e-05,5.2913281193385835,10.053151740264608,nan,nan,nan
224.88,197.98731994628906,-173.81166076660156,-35.632911682128906,198.3926658451662,-173.8445195228764,-35.63355213843117,0.40667604525557227,0.35439130268442726,0.0602649496524962,3.54775464342927e-05,5.158621780784714,10.316326225579664,nan,1.6327459280592445,nan
224.89000000000001,197.97860717773438,-173.81239318847656,-35.63400650024414,198.38376389727688,-173.84511200060493,-35.634656237667215,0.40647621113203314,0.3544427282117899,0.060280687394312894,3.6188222114852627e-05,5.144277704858725,9.999096538921863,nan,nan,nan
224.9,197.9698944091797,-173.81320190429688,-35.635189056396484,198.40155623685118,-173.85572221920216,-35.63543449062857,0.43375104712991625,0.3543758272895047,0.06027458115223692,3.5437454798855944e-05,5.245443395656495,9.920706532259713,6.040466584813026,0.11975129133015994,nan
224.91,197.961181640625,-173.81410217285156,-35.63645553588867,198.39269878606157,-173.85651004644723,-35.636709560246814,0.43359605519078287,0.3544270310290317,0.06029034007012363,3.614709027598625e-05,5.230306306514757,9.934413284085231,nan,nan,nan
224.92000000000002,197.9524688720703,-173.8151092529297,-35.63780975341797,198.38379649993203,-173.85739535477055,-35.640104730847014,0.4334015503976806,0.35447832003049934,0.06030615965321897,3.5419972717615474e-05,5.363315786058396,9.601222025058497,nan,2.851208815035001,nan
224.93,197.94375610351562,-173.81617736816406,-35.639244079589844,198.37493935689935,-173.85836032127273,-35.641571111726456,0.43324798281134963,0.35452969586096833,0.060322040096414266,3.6129487308956255e-05,5.348664418254321,10.308044170635757,nan,nan,nan
224.94,197.93504333496094,-173.81735229492188,-35.64076232910156,198.36612296670896,-173.8594051920648,-35.64125199519384,0.4331262343001212,0.3545811572666468,0.060337981496630125,3.540361956030647e-05,5.191158351563977,9.677797677218786,nan,2.411286537852153,nan
224.95000000000002,197.92633056640625,-173.818603515625,-35.642364501953125,198.3298451767004,-173.84905639304316,-35.64271728043361,0.4046622578355088,0.3545141670071407,0.06033190253384427,3.609078013397314e-05,5.155533058150142,10.12202230198087,7.783851310781857,nan,nan
224.96,197.91761779785156,-173.81988525390625,-35.64404296875,198.32093987729138,-173.85022840500145,-35.64457307636519,0.4044622202333959,0.3545654063951978,0.060347864575481934,3.5366981360684135e-05,5.1434042204324495,10.202430258996316,nan,0.017960515862260645,nan
224.97,197.90890502929688,-173.8211669921875,-35.64580535888672,198.3120382252775,-173.85141418173606,-35.64635072949353,0.4042666986114865,0.3546167324815235,0.06036388771281967,3.607546430257068e-05,5.126098152509992,10.115225141857179,nan,nan,nan
224.98000000000002,197.9001922607422,-173.8224334716797,-35.64764404296875,198.3031753825586,-173.85258798149732,-35.64636727984715,0.4041117680237948,0.3546681441127275,0.06037997205332087,3.5352799344804814e-05,5.145728322263782,10.302864017490307,nan,2.346295576278035,nan
224.99,197.8914794921875,-173.8236846923828,-35.64956283569336,198.29427406493545,-173.8537528411961,-35.64828678396005,0.40391730554197347,0.3547196427076955,0.060396117776176414,3.60612503408303e-05,5.126610171764517,10.184752466696626,nan,nan,nan
225.0,197.8827667236328,-173.8249053955078,-35.651554107666016,198.27581704318075,-173.84961428113536,-35.650595689906325,0.3938273749884512,0.35465256187113287,0.06039006214507765,3.5318332681807364e-05,5.181291853393514,10.731684664074182,1.4862463582844452,0.03940805239240204,nan
225.01,197.87405395507812,-173.82611083984375,-35.65359115600586,198.26690029010015,-173.8507244265238,-35.65265838934921,0.3936177608329334,0.3547038381654794,0.06040622794633733,3.602590125274122e-05,5.161207997123302,10.482973772324266,nan,nan,nan
225.02,197.86534118652344,-173.82728576660156,-35.65563201904297,198.25794327132144,-173.85181768935317,-35.656740884604616,0.393369345278023,0.3547551999718931,0.060422455192297886,3.530619945312352e-05,5.15319152573788,10.550983142046524,nan,2.7664519015284,nan
225.03,197.85662841796875,-173.8284454345703,-35.657649993896484,198.2490269947235,-173.85288185364092,-35.65883762146839,0.3931605169334688,0.3548066486132847,0.060438744053744935,3.6013793970345594e-05,5.13945501295384,10.462507356391415,nan,nan,nan
225.04,197.84791564941406,-173.82958984375,-35.659637451171875,198.24012685525537,-173.8539207238936,-35.66011213748316,0.3929654527349034,0.3548581830780614,0.0604550946506771,3.529505212327779e-05,5.08921204457818,10.283685595492909,nan,0.4424383225874111,nan
225.05,197.83920288085938,-173.83070373535156,-35.661590576171875,198.24965283927486,-173.86765600471207,-35.66215074493589,0.41211036429967196,0.3547910130002363,0.06044905843393136,3.598054326954973e-05,4.758401834532422,10.04234135764282,7.89458781290591,nan,nan
225.06,197.83050537109375,-173.831787109375,-35.663509368896484,198.24077891708288,-173.86868559690492,-35.66350195640312,0.41192946116469265,0.35484232493085105,0.06046542852796909,3.526357516335533e-05,4.730635220969933,10.458418570478322,nan,0.2922101223056171,nan
225.07,197.82179260253906,-173.83285522460938,-35.66539001464844,198.23189272126223,-173.8696949776861,-35.665459414568694,0.41175147795710004,0.354893723569,0.06048186046762453,3.597041348508821e-05,4.71268666426319,10.022777965024032,nan,nan,nan
225.08,197.81307983398438,-173.8339080810547,-35.667236328125,198.2229964445444,-173.8706843346429,-35.66793195637002,0.41156360910515977,0.35494520799418816,0.06049835437946396,3.525430128835989e-05,4.708672908375923,9.815990020945877,nan,0.2110774583794489,nan
225.09,197.8043670654297,-173.83493041992188,-35.669044494628906,198.21411100221215,-173.87165131152963,-35.6698236809838,0.4113868310262672,0.35499677939454044,0.060514910424484536,3.596123378096469e-05,4.693662609129015,10.072163835511128,nan,nan,nan
225.1,197.795654296875,-173.8359375,-35.670814514160156,198.1980087338198,-173.86836724917026,-35.67235867027716,0.4036621929020838,0.35492951907191805,0.06050888961165388,3.522468168591289e-05,4.809690326634618,10.17289093025869,0.9434114040233132,0.3774666091724999,nan
225.11,197.7869415283203,-173.83692932128906,-35.672550201416016,198.18911208316206,-173.8692823940766,-35.67418683338478,0.4034731156653625,0.35498086765662046,0.060525464546822914,3.593085361207559e-05,4.799260643323271,10.021852522707096,nan,nan,nan
225.12,197.7782440185547,-173.837890625,-35.67425537109375,198.18018979333752,-173.8701803856568,-35.6773934247569,0.40325287586059,0.3550323019892606,0.06054210168650684,3.521715772330184e-05,4.985966008120114,10.63625326343664,nan,1.3908251259061355,nan
225.13,197.76953125,-173.83883666992188,-35.67592239379883,198.17129340814822,-173.87105597749078,-35.679168492890625,0.40306507248761436,0.3550838231720376,0.06055880118671703,3.5923468815262505e-05,4.982084572191753,10.35382702586439,nan,nan,nan
225.14000000000001,197.7608184814453,-173.8397674560547,-35.677555084228516,198.16242506608404,-173.87190947439774,-35.6793456400657,0.40289473098882145,0.3551354304117111,0.06057556318146527,3.521047383864047e-05,4.7625522243095215,10.083560153477555,nan,1.7091945226696283,nan
225.15,197.75210571289062,-173.84068298339844,-35.67915725708008,198.17675623383968,-173.88014424559964,-35.68104278051952,0.42648424514330985,0.3550680809537298,0.06056955376001142,3.5894861756986204e-05,4.941719792465079,9.64808669283458,4.599021930486757,nan,nan
225.16,197.743408203125,-173.84156799316406,-35.680728912353516,198.1679117841337,-173.88096934545587,-35.681976269180204,0.42633005142810687,0.35511946514028975,0.060586334018586284,3.518337995018262e-05,4.868852490085324,10.1065993903887,nan,0.37280535883265814,nan
225.17000000000002,197.7346954345703,-173.84243774414062,-35.68227005004883,198.1590544862977,-173.8817777918286,-35.68360237715883,0.42618073540527385,0.35517093605351363,0.06060317686184517,3.588914496397065e-05,4.856716296815827,9.727693601315245,nan,nan,nan
225.18,197.72598266601562,-173.8433074951172,-35.68377685546875,198.15018664914913,-173.88256968338231,-35.6858146618857,0.42602193768477903,0.3552224929806938,0.060620082427449616,3.517827334506675e-05,4.909133940871493,9.532968350794562,nan,0.26530770913073776,nan
225.19,197.71726989746094,-173.84414672851562,-35.68525314331055,198.1413295709097,-173.88334345847227,-35.68738768555555,0.42587268820078655,0.35527413690462206,0.06063705086596551,3.58842280438621e-05,4.901068077917686,9.82522298823842,nan,nan,nan
225.20000000000002,197.7085723876953,-173.844970703125,-35.686702728271484,198.0937070162506,-173.87647472315123,-35.689035463246825,0.3864280360464163,0.3552066975203028,0.06063104876487847,3.515273109762739e-05,4.33467208918012,10.595322149117454,18.135735566095498,0.004181506762348492,nan
225.21,197.69985961914062,-173.84576416015625,-35.6881217956543,198.08478398454199,-173.87722356894685,-35.690554237872824,0.3862154557448995,0.35525811811150876,0.06064803481742512,3.585801656187506e-05,4.326989391891364,10.636858292957298,nan,nan,nan
225.22,197.69114685058594,-173.8465576171875,-35.68951416015625,198.07587510523103,-173.87795519481784,-35.69118699935151,0.38601092755813177,0.3553096246708648,0.06066508381595651,3.514908305674956e-05,4.224774469557027,10.081790905975174,nan,0.5155805208719852,nan
225.23000000000002,197.68243408203125,-173.8473358154297,-35.690879821777344,198.06695235682324,-173.87867196153744,-35.69264227626181,0.3857970502060656,0.3553612181061294,0.060682195908517055,3.5854592340109816e-05,4.215072955736288,10.031025547074435,nan,nan,nan
225.24,197.67372131347656,-173.8480987548828,-35.69221496582031,198.0580355353761,-173.8793727818813,-35.6937008713524,0.38558746586759457,0.3554128978159452,0.060699371236542135,3.514613420872181e-05,4.174621532545766,10.098465729215292,nan,0.09599213099452132,nan
225.25,197.66502380371094,-173.8488311767578,-35.69352340698242,198.04895132893003,-173.8803067383695,-35.69510517475204,0.3852188437614471,0.35534536941476125,0.06069337236613127,3.5829844639405894e-05,4.153359568453559,10.80115576005208,0.011872386127753758,nan,nan
225.26,197.65631103515625,-173.8495635986328,-35.69480895996094,198.04002854241176,-173.88097871354066,-35.696479209931276,0.38500496692123315,0.35539682589696836,0.06071056463936026,3.6549007431697746e-05,4.143349616587022,9.984664608834766,nan,nan,nan
225.27,197.64759826660156,-173.85028076171875,-35.696067810058594,198.0311056742949,-173.88163603068762,-35.69782824349499,0.3847910910788639,0.3554483687896226,0.06072782022352357,3.728261320316811e-05,4.1336607541024755,10.030977290024252,nan,nan,nan
225.28,197.63888549804688,-173.85098266601562,-35.69729995727539,198.02220692766375,-173.88227816515067,-35.6975527715677,0.3845969196245586,0.355499997880178,0.06074513926246832,3.648891440783739e-05,4.0357911435465015,10.02511839672788,nan,1.660445918668542,nan
225.29,197.63018798828125,-173.85166931152344,-35.698509216308594,198.01328361831963,-173.88290731346154,-35.698837537081246,0.384367249273557,0.35555171402699054,0.06076252190197952,3.722105545471497e-05,4.020035622462594,10.315427332153037,nan,nan,nan
225.3,197.62147521972656,-173.8523406982422,-35.69969177246094,198.01933469796379,-173.90201907872952,-35.70313209423176,0.4009637660997891,0.35548409597919034,0.0607565221351173,3.640818788315022e-05,3.6662706272709316,10.250508270980012,21.985735413613785,5.4979166298232744,nan
225.31,197.61276245117188,-173.85299682617188,-35.70085525512695,198.01043238816558,-173.90268312610885,-35.704401856324615,0.4007776011331752,0.3555355882743516,0.06077392102747693,3.71380300378998e-05,3.6633822460395846,10.141742334715259,nan,nan,nan
225.32,197.6040496826172,-173.85365295410156,-35.70199203491211,198.0015287170363,-173.90333389188413,-35.705733761434864,0.4005892895461422,0.35558716671918783,0.0607913835900217,3.6352287462034753e-05,3.694105337287306,9.921404937136982,nan,0.004681845613783923,nan
225.33,197.59535217285156,-173.85427856445312,-35.70310592651367,197.99262608955357,-173.90397161468323,-35.70695982899138,0.40038833236900284,0.35563883209936437,0.06080890996765331,3.708084122151897e-05,3.6925951935868118,10.733957009994397,nan,nan,nan
225.34,197.58663940429688,-173.8549041748047,-35.704200744628906,197.98371704130997,-173.90459668764115,-35.70861288832402,0.40019927868487376,0.3556905839349101,0.06082650030459333,3.6298424170443104e-05,3.812528038730902,10.054801776883295,nan,0.1318439809191031,nan
225.35,197.5779266357422,-173.8555145263672,-35.70526885986328,197.96768991297586,-173.90609511463376,-35.70988684155972,0.39305869020322015,0.35562287702774004,0.0608204954902501,3.7002372336116545e-05,3.637560901117502,10.498224641554785,1.9346964713627164,nan,nan
225.36,197.5692138671875,-173.85610961914062,-35.70631790161133,197.95878963529407,-173.90670633032735,-35.70992102616784,0.3928642116371825,0.3556744047683571,0.0608381013685068,3.622416196979661e-05,3.4036987496319036,10.268098031944517,nan,0.8479442114334695,nan
225.37,197.5605010986328,-173.856689453125,-35.70734786987305,197.94987360181466,-173.90730560638943,-35.71105890113073,0.39266615968068913,0.3557260193256356,0.06085577127293514,3.694946233570338e-05,3.402023169378602,10.28936268508228,nan,nan,nan
225.38,197.5518035888672,-173.8572540283203,-35.70835494995117,197.94096420267755,-173.90789323584218,-35.71167101258887,0.3924554865855707,0.35577772028525817,0.06087350534802163,3.617437903957733e-05,3.3168495061815335,10.723400538191708,nan,0.16899296139520367,nan
225.39000000000001,197.5430908203125,-173.85781860351562,-35.70934295654297,197.93204815827926,-173.90846948577095,-35.71276477249105,0.39225633386321795,0.35582950833517857,0.06089130373826897,3.689862459777164e-05,3.3147410257850747,10.01285895061841,nan,nan,nan
225.4,197.5343780517578,-173.85836791992188,-35.71031188964844,197.934427745094,-173.90993098330586,-35.714479520701964,0.4033805595123871,0.3557617120836158,0.06088528969944779,3.610433595860716e-05,3.674942254075695,10.08331108673826,2.1613029291183805,0.2203084339514604,nan
225.41,197.52566528320312,-173.85891723632812,-35.71126174926758,197.9255314909646,-173.9104774343072,-35.715542991528864,0.40319941364105033,0.35581327576135174,0.06090310289915872,3.682669404251821e-05,3.676546453924871,9.781828406917288,nan,nan,nan
225.42000000000002,197.51695251464844,-173.85943603515625,-35.71219253540039,197.91662775200015,-173.9110126824111,-35.71716835397207,0.403020104541522,0.3558649257851393,0.06092098047701156,3.60585238996501e-05,3.8495255751512145,10.47550014795529,nan,0.22349269524642226,nan
225.43,197.5082550048828,-173.85995483398438,-35.713104248046875,197.9077312523718,-173.91153734454588,-35.718201658583546,0.40282503807222864,0.3559166627838911,0.060938922577728837,3.6779976071327355e-05,3.8536918422925197,10.515689165264222,nan,nan,nan
225.44,197.49954223632812,-173.86045837402344,-35.71399688720703,197.89886189029727,-173.91205255282415,-35.7170025737349,0.40265019493806353,0.35596848643124057,0.06095692934547712,3.601463166430275e-05,3.3825734081355563,9.889502376213434,nan,3.268219226611029,nan
225.45000000000002,197.49082946777344,-173.8609619140625,-35.71487045288086,197.9239145832872,-173.9215925472082,-35.71791547249741,0.43731917760336464,0.35590060145911684,0.06095090188345349,3.6712276692737444e-05,3.6844144931782474,9.209093412659685,10.48251061820329,nan,nan
225.46,197.48211669921875,-173.8614501953125,-35.715728759765625,197.9150805604387,-173.92209045297236,-35.71838699910508,0.4371979096563982,0.3559522004869477,0.0609689227089057,3.595060508126785e-05,3.6132736975287627,9.200168882347246,nan,0.15881677984932857,nan
225.47,197.47340393066406,-173.86192321777344,-35.71657180786133,197.90624054277743,-173.92257832012547,-35.7193249535776,0.43707454059741774,0.3560038863762954,0.0609870082614118,3.666954209034461e-05,3.608077727086796,9.295872416328944,nan,nan,nan
225.48000000000002,197.46469116210938,-173.86239624023438,-35.7173957824707,197.8974010232615,-173.92305668078924,-35.72017693040666,0.43694993737319493,0.356055658853674,0.06100515868455601,3.5910503074549805e-05,3.601965528602822,9.110635993607543,nan,0.0032909881144959473,nan
225.49,197.4559783935547,-173.86285400390625,-35.71820068359375,197.88856055749903,-173.9235254555158,-35.72108274773007,0.43682566304747833,0.3561075184691881,0.06102337412392937,3.662872826123773e-05,3.5983196932256027,9.35213288767304,nan,nan,nan
225.5,197.44728088378906,-173.86329650878906,-35.718994140625,197.85525329865882,-173.91580488275747,-35.72160088090926,0.4113458590120726,0.3560395444402585,0.061017329019446585,3.585034241590224e-05,3.4156193550812666,9.882109908469221,5.045078124397432,0.07721523378293342,nan
225.51,197.43856811523438,-173.86373901367188,-35.71976852416992,197.84637189153543,-173.91624558308865,-35.72247294983063,0.4111790044682135,0.35609117916163846,0.061035557745603056,3.656702129327953e-05,3.4113448251481038,9.439767978294524,nan,nan,nan
225.52,197.4298553466797,-173.8641815185547,-35.72053146362305,197.83748526632485,-173.91667705452178,-35.72378882154719,0.4110091763781417,0.35614290040757596,0.06105385154225295,3.5813885654782386e-05,3.4933490902499207,9.163022752463636,nan,0.1415272969796915,nan
225.53,197.421142578125,-173.86459350585938,-35.721275329589844,197.82860361489492,-173.91710019272045,-35.72463630597975,0.4108439421642191,0.356194708681034,0.061072210555834505,3.6529975917309085e-05,3.4910507777004605,9.841133268480085,nan,nan,nan
225.54,197.4124298095703,-173.86500549316406,-35.72200393676758,197.81969788151972,-173.9175126985941,-35.727737379480025,0.4106789030578424,0.3562466037788481,0.06109063492867002,3.577918417544987e-05,4.085810971769486,10.22247347319543,nan,3.4717190634494917,nan
225.55,197.40371704101562,-173.86541748046875,-35.722721099853516,197.79913630507286,-173.90895015239096,-35.72844341914651,0.3978495103055247,0.35617854118646786,0.06108456794756885,3.647209190449372e-05,4.247160388885721,9.950092982389101,4.298413979816171,nan,nan
225.56,197.39500427246094,-173.86581420898438,-35.72342300415039,197.79023296524753,-173.90932266386199,-35.729635615591576,0.3976648108502332,0.35623021113933456,0.061103004816774456,3.5724468517769285e-05,4.415090037504683,10.321231198899739,nan,0.09073364174299553,nan
225.57,197.38629150390625,-173.8662109375,-35.7241096496582,197.78133329884025,-173.9096875350527,-35.730452336867366,0.39747762699361067,0.3562819680106473,0.0611215071000526,3.643865073121896e-05,4.424539588652246,10.165888390158743,nan,nan,nan
225.58,197.37757873535156,-173.86659240722656,-35.72478485107422,197.7724389652058,-173.9100451030669,-35.7307366573332,0.3972885121597061,0.3563338116390859,0.06114007493870169,3.569318995147631e-05,4.298455061883525,10.129069202243937,nan,0.1831530585037485,nan
225.59,197.36886596679688,-173.86695861816406,-35.72544479370117,197.76353944802983,-173.91039439164803,-35.73152287328952,0.39710296682116775,0.356385742465173,0.06115870848069241,3.640694120164892e-05,4.305905167328047,10.382913243021282,nan,nan,nan
225.6,197.3601531982422,-173.86732482910156,-35.72608947753906,197.76327320625427,-173.91712423509554,-35.73265968413043,0.4062374789598651,0.35631759109275224,0.061152615369855355,3.5641926613031814e-05,4.369431426600873,10.37596582731945,2.6642299810243575,0.03103189931390898,nan
225.61,197.3514404296875,-173.8677978515625,-35.726829528808594,197.75438656319736,-173.91752673755164,-35.73347883515255,0.4060575844472315,0.3563692965015579,0.061171260599603164,3.635440853465307e-05,4.363255559734895,9.953138149197573,nan,nan,nan
225.62,197.3427276611328,-173.86834716796875,-35.727657318115234,197.7454931373706,-173.91802259716655,-35.73509688246417,0.4058854816727758,0.3564210885976998,0.06118997157717884,3.56139062096715e-05,4.689136105501677,10.821070704049093,nan,0.34041787172794485,nan
225.63,197.3340301513672,-173.86900329589844,-35.72857666015625,197.7366063113522,-173.9186124983893,-35.73610631335522,0.4056911796395863,0.356472967784751,0.06120874845168441,3.6326057083938275e-05,4.684131778183037,10.699124110743902,nan,nan,nan
225.64000000000001,197.3253173828125,-173.86973571777344,-35.729583740234375,197.72773175383537,-173.91929625964124,-35.73585905975904,0.4055033328483261,0.3565249339565828,0.06122759136272561,3.558744934373653e-05,4.21790006956684,10.343583800799685,nan,1.238147602104194,nan
225.65,197.3166046142578,-173.87057495117188,-35.73067855834961,197.72543481145556,-173.93013505375882,-35.73702696978889,0.41319467359673956,0.35645669419482273,0.06122146786355357,3.627689603408422e-05,3.888926554877826,9.871091233130585,5.810538165708315,nan,nan
225.66,197.30789184570312,-173.87149047851562,-35.73186111450195,197.7165441237253,-173.93102946194932,-35.739710974771235,0.41304139645715615,0.35650843469563415,0.06124032163484629,3.554099360841058e-05,4.499958912505906,10.81727869203261,nan,1.381821415918999,nan
225.67000000000002,197.29917907714844,-173.87249755859375,-35.73312759399414,197.70766602598727,-173.93201490782548,-35.741075122877724,0.41287657410730116,0.3565602621818285,0.06125924149307287,3.625172498647142e-05,4.496902935071063,10.766397816275708,nan,nan,nan
225.68,197.29046630859375,-173.87359619140625,-35.73448181152344,197.6988040960857,-173.933090922145,-35.74063970491602,0.4126951554483374,0.3566121765797502,0.06127822757666164,3.551755188509626e-05,3.8107779719176023,9.84333478558536,nan,2.4362038655373586,nan
225.69,197.28175354003906,-173.87478637695312,-35.73591613769531,197.68992636548407,-173.93425102829448,-35.74215611569017,0.41252883234543225,0.3566641782444555,0.06129728003648202,3.622807723576672e-05,3.8067889139441395,9.81652505965816,nan,nan,nan
225.70000000000002,197.27304077148438,-173.8760528564453,-35.73743438720703,197.66997077490595,-173.92681762867372,-35.74385168474127,0.40021453174927957,0.35659584997146637,0.0612911218709798,3.5474108203256684e-05,4.053601202874869,10.230423281214009,3.264916476370251,0.0010165010679380076,nan
225.71,197.2643280029297,-173.8773956298828,-35.73903274536133,197.66107616045417,-173.92812507401376,-35.7455370480444,0.40003110248367135,0.35664762569476555,0.06131018434616689,3.618358416812864e-05,4.0499746461860475,10.497537760733895,nan,nan,nan
225.72,197.255615234375,-173.87884521484375,-35.74071502685547,197.65807273340684,-173.9224668659514,-35.74683567584718,0.40486090119496754,0.3561640461826376,0.06056138987690546,3.545311079744394e-05,5.623621778949218,11.359319863109338,nan,0.15464985090207936,0.06473052223430031
225.73000000000002,197.2469024658203,-173.88035583496094,-35.74247360229492,197.6491848290058,-173.92392600352127,-35.748680056247906,0.4046825662036242,0.3562148435156468,0.060577214581901434,3.616245128712118e-05,5.614263624752262,12.035075342963232,nan,nan,nan
225.74,197.23818969726562,-173.88194274902344,-35.74431610107422,197.64029809188312,-173.92546084351682,-35.750560382271686,0.4045046064235494,0.35626572621844005,0.06059309833514636,3.543388660105386e-05,5.631631817993288,11.711644562154973,nan,0.001356610996318698,nan
225.75,197.22947692871094,-173.88356018066406,-35.74623107910156,197.6349712273033,-173.92683423235167,-35.752608985878304,0.4078467205154834,0.356198811686635,0.060586832010396,3.612088109303423e-05,5.768437038913616,11.58158458849671,0.5713234902789344,nan,nan
225.76,197.22076416015625,-173.88516235351562,-35.748226165771484,197.6261364100751,-173.92838453259407,-35.75241233726011,0.40769147869473044,0.3562494744627961,0.060602734550832975,3.5394606281595905e-05,5.117344020496758,11.048648356834113,nan,3.587327489874325,nan
225.77,197.21205139160156,-173.88673400878906,-35.75026321411133,197.61725652431247,-173.92995243228475,-35.75453386924189,0.40752579084023405,0.35630022357070257,0.0606186967850807,3.610291238864004e-05,5.106276157179253,11.345775303133358,nan,nan,nan
225.78,197.20335388183594,-173.8883056640625,-35.75230026245117,197.60838978094162,-173.9314897174905,-35.756025582755626,0.4073485240505893,0.35635105802996553,0.06063471834745423,3.5377976917789255e-05,4.973424375351896,10.90608814178637,nan,0.294147348643683,nan
225.79,197.19464111328125,-173.88983154296875,-35.75431823730469,197.59951069151856,-173.9330092617352,-35.75815487799714,0.4071835097247134,0.35640197908212506,0.060650799881963334,3.608625335123935e-05,4.968316791929017,11.008989786735608,nan,nan,nan
225.8,197.18592834472656,-173.89132690429688,-35.756309509277344,197.60372601309336,-173.94123453829428,-35.757998207163375,0.4207713337722827,0.35633498795274704,0.06064455877027793,3.534126696319084e-05,4.553860977069927,10.49855649858799,2.792655008595246,3.967349927895411,nan
225.81,197.17721557617188,-173.89280700683594,-35.758262634277344,197.59486809838964,-173.94271187691444,-35.76005153224679,0.42062730002742094,0.356385688825699,0.06066065860930821,3.604866493816034e-05,4.542199027057056,10.246715377641669,nan,nan,nan
225.82,197.16851806640625,-173.8942413330078,-35.76018142700195,197.58599290196162,-173.9441720944544,-35.76301971762386,0.42045971882484806,0.35643647502680026,0.06067681805139215,3.5327061879882114e-05,4.660230357929551,11.036842389510436,nan,0.6241616012944537,nan
225.83,197.15980529785156,-173.89566040039062,-35.762062072753906,197.57713562532672,-173.94559182730396,-35.765012593087775,0.4203170888678725,0.3564873476878171,0.06069303769684189,3.6034491822790774e-05,4.653981787221862,10.414056221331048,nan,nan,nan
225.84,197.15109252929688,-173.8970489501953,-35.7639045715332,197.5682772561284,-173.94698424233218,-35.76704966182655,0.42017439390714767,0.3565383059910452,0.06070931724429988,3.5314013874294306e-05,4.672635646376306,10.520053150982458,nan,0.004455423212519094,nan
225.85,197.1423797607422,-173.89840698242188,-35.76571273803711,197.55114302321067,-173.94097633374454,-35.769072784708975,0.4109876449840649,0.35647123928524443,0.06070309815585831,3.599935731192573e-05,4.949382726258573,10.642346826267385,3.861206867918291,nan,nan
225.86,197.13368225097656,-173.8997344970703,-35.76748275756836,197.54228482002648,-173.94228182703193,-35.77038977535737,0.4108220849388237,0.35652197721224166,0.06071939552479837,3.5280806064042175e-05,4.854861577589053,10.990281109012095,nan,0.22691538860971686,nan
225.87,197.12496948242188,-173.9010467529297,-35.769222259521484,197.53341666980572,-173.9435672295229,-35.77223778852105,0.41066554424084906,0.35657280146954656,0.06073575332574378,3.598749594683295e-05,4.8489030766751835,10.225888572838462,nan,nan,nan
225.88,197.1162567138672,-173.90232849121094,-35.77092361450195,197.52455494222554,-173.94482195996557,-35.77368167817315,0.4105127830927806,0.3566237113393567,0.06075217129811865,3.526994236171151e-05,4.792573976469844,10.398298283388105,nan,0.09524278338672434,nan
225.89000000000001,197.10755920410156,-173.90357971191406,-35.77259063720703,197.51568715412247,-173.94605511749793,-35.775458853529756,0.4103423087285303,0.35667470780529653,0.060768649982136325,3.5976736472802606e-05,4.785558528137817,10.813271536110367,nan,nan,nan
225.9,197.09884643554688,-173.90480041503906,-35.774227142333984,197.5080774077545,-173.94298485024473,-35.778092666201445,0.4110267411991026,0.3566075645834714,0.06076244877464632,3.523888189728782e-05,5.302533889374652,10.727722533043398,3.265346235055036,0.5466688856700715,nan
225.91,197.0901336669922,-173.906005859375,-35.77582931518555,197.49921441164824,-173.94414755854976,-35.77981407642784,0.41087433989779126,0.35665834042308436,0.06077894475253074,3.594492609469886e-05,5.301306119918044,10.560194072211793,nan,nan,nan
225.92000000000002,197.08143615722656,-173.90719604492188,-35.77739715576172,197.4903500313185,-173.94528701272256,-35.78159237244487,0.41070558566435306,0.35670920184105753,0.060795501166297936,3.523004050252698e-05,5.340424328917195,10.754426221442579,nan,0.005433718077996789,nan
225.93,197.07272338867188,-173.90834045410156,-35.77893829345703,197.48148723936578,-173.94640169969037,-35.78325243057838,0.41055469285952567,0.3567601497305652,0.060812118518314674,3.593623570965811e-05,5.339046384112324,10.815784927882476,nan,nan,nan
225.94,197.06402587890625,-173.90948486328125,-35.78044509887695,197.4726128991952,-173.94750120801464,-35.785624920249305,0.4103844857751698,0.3568111835080363,0.06082879660382167,3.522216244207221e-05,5.564392641680807,10.899745953921784,nan,0.3843397254706109,nan
225.95000000000002,197.05531311035156,-173.91058349609375,-35.78192138671875,197.4468248789634,-173.9457655192498,-35.78735811352723,0.39312694859716796,0.356743964538322,0.06082260989289089,3.5906452983996435e-05,5.308517560195323,11.472240348761922,4.693493564765761,nan,nan
225.96,197.04660034179688,-173.91168212890625,-35.78337097167969,197.4379129555118,-173.94683145562365,-35.790206134636605,0.3929475235622864,0.3567947774848173,0.06083930474173336,3.519399499085797e-05,5.794677417575359,11.303603360495186,nan,1.1196544345626989,nan
225.97,197.03790283203125,-173.91275024414062,-35.7847900390625,197.42902048891133,-173.94786195045256,-35.791772215493786,0.3927525992673002,0.3568456767812606,0.06085606075285796,3.589966924497157e-05,5.806097680178422,11.871644256871132,nan,nan,nan
225.98000000000002,197.02919006347656,-173.91378784179688,-35.78618240356445,197.42013129369744,-173.9488690292364,-35.793104291013826,0.3925731113113065,0.35689666192556346,0.060872877756420966,3.518791546733936e-05,5.790575103102572,11.699420308710188,nan,0.029743735788522224,nan
225.99,197.02047729492188,-173.91481018066406,-35.78754806518555,197.41123923602274,-173.94985733500997,-35.79461369570825,0.3923940886090702,0.35694773368991817,0.06088975620324629,3.5893792850944434e-05,5.801090565963554,11.521683386505236,nan,nan,nan
226.0,197.01177978515625,-173.9158172607422,-35.788883209228516,197.40876567416322,-173.953346787364,-35.795583894355254,0.3988121871511456,0.35688043825366644,0.06088357985184199,3.5161503894683e-05,5.69374516235796,11.574391061153797,0.3596985248498757,0.17462780141614961,nan
226.01,197.00306701660156,-173.91680908203125,-35.790191650390625,197.39988431458264,-173.95429804450907,-35.79703581783296,0.3986429892932299,0.35693128893906434,0.06090047449070576,3.586672529636705e-05,5.704948547404843,11.160343463055113,nan,nan,nan
226.02,196.99436950683594,-173.9177703857422,-35.79147720336914,197.391002987516,-173.95522964524557,-35.798462520445426,0.3984596701971004,0.35698222570573085,0.06091743051351623,3.658625831268149e-05,5.713667633530438,11.626410127226462,nan,nan,nan
226.03,196.98565673828125,-173.91871643066406,-35.7927360534668,197.3821216829613,-173.95614185427917,-35.79986447330775,0.3982912615942664,0.3570332486981662,0.06093444806477362,3.732024744382633e-05,5.723375115403234,11.250618881281053,nan,nan,nan
226.04,196.97694396972656,-173.91964721679688,-35.793968200683594,197.37322186242113,-173.95704804487966,-35.80261395232348,0.3981328160314668,0.35708435777843484,0.060951527148042604,3.6523922459287276e-05,6.39051168532977,11.862591363243764,nan,1.2183444305030675,nan
226.05,196.96824645996094,-173.92054748535156,-35.7951774597168,197.35747376373484,-173.95735256147034,-35.804054000444104,0.3910643177362241,0.3570169864366134,0.06094535760214897,3.723270399880069e-05,6.296100169776694,12.568367172790252,1.095234551898851,nan,nan
226.06,196.95953369140625,-173.92144775390625,-35.79636001586914,197.34857118508322,-173.9582199544006,-35.80608129051853,0.3908924013030442,0.3570678742282525,0.06096245230163546,3.644108209172271e-05,6.755800061247774,12.33279077541746,nan,0.30260316652627556,nan
226.07,196.95083618164062,-173.9223175048828,-35.79751968383789,197.33967753547705,-173.959063028332,-35.80741041219948,0.39069893582453236,0.3571188484277351,0.06097960889550847,3.717127847713992e-05,6.775736928908273,12.927545430652279,nan,nan,nan
226.08,196.94212341308594,-173.9231719970703,-35.79866027832031,197.33078228493542,-173.95988951979308,-35.80884051992921,0.39052212800483915,0.3571699086692381,0.06099682727169633,3.6383241161792996e-05,6.97455875574928,12.607232173579217,nan,0.009920684833672604,nan
226.09,196.93341064453125,-173.92401123046875,-35.799774169921875,197.32188847092874,-173.96069766944635,-35.8101266098778,0.3903435530662918,0.3572210555908006,0.06101410782377328,3.7112133764488574e-05,6.9961800514029076,12.68922029499101,nan,nan,nan
226.1,196.92471313476562,-173.92483520507812,-35.800865173339844,197.3305965371136,-173.9601088389753,-35.81151869950186,0.4075525281108657,0.35715360778785105,0.061007940939664634,3.630506576625233e-05,7.803742858456321,12.956783057421486,10.146890024499463,0.01805691616266219,nan
226.11,196.91600036621094,-173.92562866210938,-35.801937103271484,197.3217358044974,-173.9608586566923,-35.81276309611609,0.4074059407039699,0.35720453317254336,0.0610252364933177,3.703182251219461e-05,7.82430350429053,12.91215703683009,nan,nan,nan
226.12,196.90728759765625,-173.92642211914062,-35.80298614501953,197.31288346272905,-173.9615862636365,-35.81327453021431,0.407247312688731,0.3572555445492271,0.061042594074468125,3.62516066776168e-05,7.562294828863274,12.305307472301646,nan,0.3334764897849799,nan
226.13,196.89859008789062,-173.9272003173828,-35.80401611328125,197.30402265113597,-173.9623040499148,-35.81447100419114,0.4070837016158988,0.35730664249219346,0.06106001404734667,3.697722817890374e-05,7.581059604613433,12.521400951226278,nan,nan,nan
226.14000000000001,196.88987731933594,-173.92794799804688,-35.805023193359375,197.2951827454573,-173.96299113432147,-35.81382818263291,0.4069128133636181,0.3573578267305002,0.06107749634332587,3.620026415279734e-05,6.748874934028456,11.805702151703874,nan,2.18251689642843,nan
226.15,196.88116455078125,-173.92869567871094,-35.80601119995117,197.26522628606358,-173.9623877803817,-35.81496354614062,0.38564066010388937,0.3572903028950876,0.06107132843833581,3.690160688285664e-05,6.272886910780002,11.68502267841226,8.5471109385743,nan,nan
226.16,196.87246704101562,-173.92942810058594,-35.80698013305664,197.2563377954707,-173.96306876056914,-35.815115401587605,0.38542785670483726,0.35734126537992295,0.061088825115079425,3.612875301988844e-05,5.915528255389135,11.615523623836019,nan,0.6211867448453993,nan
226.17000000000002,196.86375427246094,-173.9301300048828,-35.807926177978516,197.24743850444375,-173.9637429827732,-35.81620794243778,0.3852427932842595,0.35739231431994223,0.06110638439695653,3.685142036355899e-05,5.9269980634974475,11.807308558446554,nan,nan,nan
226.18,196.85504150390625,-173.9308319091797,-35.80885696411133,197.23856869716874,-173.96438154828223,-35.81453455637151,0.3850336625667827,0.3574434494998332,0.06112400624148945,3.608160415630512e-05,4.942265549977187,10.350941450225305,nan,5.01120746363625,nan
226.19,196.84634399414062,-173.9315185546875,-35.80976867675781,197.22966926738835,-173.96502730082508,-35.815564384902295,0.38483073085585146,0.3574946714110808,0.06114169097417204,3.680335757514321e-05,4.944238133196944,10.721389543948503,nan,nan,nan
226.20000000000002,196.83763122558594,-173.93218994140625,-35.81066131591797,197.18361040788443,-173.95522856743986,-35.81622527461968,0.3467900380776306,0.3574270711182494,0.06113551789749909,3.601438506744642e-05,4.544389544993853,10.988985660736924,13.664551718160455,0.024763895704008946,nan
226.21,196.82891845703125,-173.93284606933594,-35.81153869628906,197.17464756579272,-173.95584192953476,-35.81721556344362,0.34653954038749724,0.3574780710297519,0.06115321635542428,3.673439183026711e-05,4.545007077746883,10.954995300090145,nan,nan,nan
226.22,196.82020568847656,-173.93348693847656,-35.81239700317383,197.1657023962216,-173.95642945416176,-35.81644512976897,0.34628127500279154,0.3575291571221041,0.061170977610641455,3.597127769490355e-05,4.106155122598976,10.601385704910127,nan,2.0312811974087777,nan
226.23000000000002,196.81150817871094,-173.9341278076172,-35.813236236572266,197.15673982223677,-173.95701673884176,-35.81738533061752,0.3460144590122629,0.35758032983851346,0.06118880196546993,3.669051081130891e-05,4.103098765294634,10.707952947145367,nan,nan,nan
226.24,196.80279541015625,-173.9347381591797,-35.81406021118164,197.14779701589353,-173.95757667192083,-35.81623495901571,0.3457635538249677,0.3576315890356058,0.06120668941179259,3.593011518625457e-05,3.7482792784213244,10.374846795069285,nan,2.8804504035619454,nan
226.25,196.79408264160156,-173.9353485107422,-35.81486892700195,197.13058726623905,-173.9589591788649,-35.816979460810245,0.33733852493388683,0.3575639125729085,0.06120050735343722,3.6625801348514464e-05,3.4834941885934483,10.15305942325433,3.083540538617816,nan,nan
226.26,196.78538513183594,-173.93594360351562,-35.81565856933594,197.12161255551214,-173.95951782906914,-35.81746356149906,0.3370576842902355,0.3576149495476556,0.06121840786073931,3.5868955378664075e-05,3.435816208848789,10.637155878351631,nan,0.09994359542243471,nan
226.27,196.77667236328125,-173.9365234375,-35.816436767578125,197.1126341583142,-173.96006710240786,-35.81831450508916,0.3367909704508298,0.35766607304121983,0.06123637167652049,3.658592847667509e-05,3.4247246106965075,10.220729653576456,nan,nan,nan
226.28,196.76795959472656,-173.93710327148438,-35.817195892333984,197.10364587454762,-173.96061185126143,-35.820247371604566,0.3365222775820005,0.3577172829519158,0.061254398813087516,3.5831599624882424e-05,3.5722964837684548,10.17857008875381,nan,0.8094188660315477,nan
226.29,196.75924682617188,-173.9376678466797,-35.81793975830078,197.0946670341102,-173.9611378974784,-35.821080158746426,0.33625499445039414,0.3577685796608292,0.061272489542462574,3.654798024873768e-05,3.566197588228612,10.279156755807461,nan,nan,nan
226.3,196.75054931640625,-173.93821716308594,-35.81867218017578,197.08181372672655,-173.95728925149174,-35.81963925234153,0.3318143898772168,0.35770082672257175,0.06126629435220472,3.577429165397166e-05,3.4578817126214663,10.476390020988958,1.1821261519834418,3.300979741670465,nan
226.31,196.74183654785156,-173.93875122070312,-35.81938552856445,197.07282927044065,-173.95777859990636,-35.820421362929295,0.3315407916367332,0.35775190096413423,0.06128439744729119,3.648924384520134e-05,3.444760601038512,10.314379570806175,nan,nan,nan
226.32,196.73312377929688,-173.93927001953125,-35.82008743286133,197.06385411574323,-173.95825009003786,-35.820051798101396,0.33127450821363924,0.35780306155630015,0.061302564087734594,3.5740567962901536e-05,3.3988392588522944,10.300814106615228,nan,0.8764105432433469,nan
226.33,196.7244110107422,-173.93978881835938,-35.82077407836914,197.05486945102638,-173.95871791814412,-35.820795778740994,0.33100013904019165,0.35785430884439196,0.06132079452767403,3.645504221473938e-05,3.3829177811882016,10.069650556117725,nan,nan,nan
226.34,196.7156982421875,-173.94029235839844,-35.821449279785156,197.04589213632678,-173.95916971602875,-35.820569752912895,0.3307342376070054,0.3579056427800782,0.06133908880597068,3.57085864757486e-05,3.3884683750799605,10.142633784659369,nan,0.620849073377407,nan
226.35,196.70700073242188,-173.9407958984375,-35.82210922241211,197.04977667426527,-173.9633068549434,-35.82131408180638,0.34351524233725456,0.35783781354810745,0.06133287657079287,3.640007935419894e-05,3.4790313709429745,10.041194063997777,1.528910966883222,nan,nan
226.36,196.6982879638672,-173.94139099121094,-35.82286071777344,197.04080669968286,-173.96380252101693,-35.82295437110245,0.34325117599792426,0.3578889247887023,0.06135118250871145,3.565665771375859e-05,3.449232141998658,9.724240738669838,nan,0.5394307269307714,nan
226.37,196.6895751953125,-173.9420623779297,-35.82370376586914,197.0318433072197,-173.9643859350532,-35.82380476671304,0.3429953524937889,0.3579401226244571,0.06136955245007061,3.6369434885953065e-05,3.4357289945258485,10.099254682065794,nan,nan,nan
226.38,196.6808624267578,-173.94284057617188,-35.82463455200195,197.0228691176857,-173.9650691676933,-35.8262028213417,0.342731887032987,0.3579914070375372,0.061387986449288216,3.562804920097184e-05,3.4917949916134234,9.855200009482061,nan,1.4451063210518051,nan
226.39000000000001,196.67214965820312,-173.94371032714844,-35.82565689086914,197.0139056109189,-173.96583539303987,-35.82724845328365,0.3424750835145302,0.3580427783277706,0.06140648473739329,3.63404934661277e-05,3.479852896967086,9.736953793379328,nan,nan,nan
226.4,196.66343688964844,-173.9446563720703,-35.82676315307617,197.0063123663931,-173.9658452527138,-35.82797041598425,0.343531685146414,0.3579748725851419,0.06140025130459348,3.557950035382698e-05,3.5233147136541456,10.076771050781499,0.67725787713666,0.06410942054253758,nan
226.41,196.6547393798828,-173.94569396972656,-35.82795715332031,196.99735166301005,-173.96678521138583,-35.82918738387614,0.343263063104099,0.35802602093596475,0.06141876051848037,3.629077103635735e-05,3.510629140885793,10.323239177503975,nan,nan,nan
226.42000000000002,196.64602661132812,-173.9468231201172,-35.8292350769043,196.98838603011652,-173.96781670411875,-35.83124230874828,0.3430083543910129,0.35807725579136235,0.06143733400519777,3.555408058815162e-05,3.569432881493773,9.974652894975934,nan,0.3858844428443788,nan
226.43,196.63731384277344,-173.9480438232422,-35.83060073852539,196.97942543784708,-173.96893106303926,-35.83263933816555,0.3427546880185128,0.3581285774253644,0.061455971982347014,3.626511005715243e-05,3.5582030007916687,9.75469195141448,nan,nan,nan
226.44,196.62860107421875,-173.9493408203125,-35.83204650878906,196.97046268808003,-173.970132651232,-35.834450129354146,0.34250173818047613,0.3581799858586719,0.06147467452431552,3.5530186044608505e-05,3.5932430849927783,10.11557008514385,nan,0.07408701198381044,nan
226.45000000000002,196.61988830566406,-173.95071411132812,-35.83357620239258,196.95114365774802,-173.96156081552715,-35.83597046926342,0.3314415360061204,0.35811200371010327,0.06146841589986105,3.621866178065218e-05,3.8775587849630986,10.47180878509913,4.806189813952583,nan,nan
226.46,196.61117553710938,-173.9521942138672,-35.83518981933594,196.9421815034086,-173.96289016627907,-35.835536286047386,0.33117891412778233,0.35816318897187444,0.06148712862133181,3.5486308604607945e-05,3.7107287056022034,9.743414864103068,nan,2.9850362635787424,nan
226.47,196.60247802734375,-173.9537353515625,-35.83687973022461,196.9332067551027,-173.96431184860307,-35.837248810195966,0.33089800524441026,0.35821446091477166,0.061505906031899336,3.619608779846891e-05,3.6976388237262303,10.713155835429305,nan,nan,nan
226.48000000000002,196.59376525878906,-173.9553680419922,-35.838653564453125,196.92423885042845,-173.96581008820357,-35.83787964004121,0.33063942605066615,0.3582658195811578,0.061524748217449944,3.5465336637658545e-05,3.6982557131763403,9.991905914147585,nan,0.9292433095447192,nan
226.49,196.58505249023438,-173.9570770263672,-35.84050369262695,196.9152645001288,-173.96739430189336,-35.83974180662801,0.3303740276157967,0.3583172652127108,0.0615436553784775,3.617498792685386e-05,3.6847034014094295,10.168429268275348,nan,nan,nan
226.5,196.5763397216797,-173.9588623046875,-35.842430114746094,196.8795716671236,-173.948551916236,-35.84206728226866,0.30340739690246027,0.35824920650579956,0.06153736740595554,3.5424362916413824e-05,4.186708121907793,11.053173479715253,17.79865624536906,0.09679589526107493,nan
226.51,196.567626953125,-173.9607391357422,-35.84443664550781,196.87055858562354,-173.95023896398723,-35.844091095146695,0.3031137525421225,0.3583004287217102,0.061556283975286286,3.613304021630506e-05,4.174534536946612,10.72490888041496,nan,nan,nan
226.52,196.55892944335938,-173.96266174316406,-35.84648513793945,196.86154390962741,-173.95199265095985,-35.84652812086421,0.3028024877220862,0.35835173758323324,0.061575265525416284,3.5406129734453865e-05,4.158016774166661,11.201137627741469,nan,0.08586922089859542,nan
226.53,196.5502166748047,-173.96458435058594,-35.84852981567383,196.85253161068698,-173.9537742370382,-35.84863763105395,0.30250816623123794,0.3584031333140408,0.06159431224708731,3.6114751035259645e-05,4.1437303905040315,11.056197736948263,nan,nan,nan
226.54,196.54150390625,-173.96649169921875,-35.85055923461914,196.8435233391236,-173.9555486335647,-35.850049293653555,0.30221804803650054,0.35845461598342754,0.06161342424071289,3.538920330553651e-05,4.135633012202392,10.858747011389177,nan,0.3275193989495453,nan
226.55,196.53280639648438,-173.9683837890625,-35.85255432128906,196.8212506152997,-173.9574406983657,-35.85233698231939,0.2886518072664907,0.35838648076847196,0.06160710286485388,3.607558605813338e-05,3.789690987726494,11.528507209568133,5.7527566496065115,nan,nan
226.56,196.5240936279297,-173.97023010253906,-35.85451889038086,196.81222485529958,-173.95917273695795,-35.852314238698355,0.288351747017967,0.3584377397863659,0.061626223481952465,3.5352201601866036e-05,3.9101872947202385,11.384212962517124,nan,2.9520481970690455,nan
226.57,196.51539611816406,-173.9720458984375,-35.8564453125,196.8031897267577,-173.96087939581608,-35.85430222524416,0.2880181326776572,0.3584890855783495,0.06164540946365644,3.605991901899493e-05,3.884228892590673,11.744164781223589,nan,nan,nan
226.58,196.50668334960938,-173.9738311767578,-35.858333587646484,196.794151997308,-173.96255392620733,-35.856881507837734,0.28769342767159106,0.35854051822854055,0.06166466091856784,3.533775378691384e-05,3.801332936749976,11.211647835330433,nan,0.2724676320427302,nan
226.59,196.4979705810547,-173.9755859375,-35.86018371582031,196.78511726520935,-173.96419162227448,-35.85880355502109,0.2873759793098724,0.3585920379384464,0.061683978025226884,3.604550131259079e-05,3.779602612675069,11.14635463239576,nan,nan,nan
226.6,196.48927307128906,-173.977294921875,-35.86199951171875,196.78286206724334,-173.96119263440218,-35.86199818615405,0.2940302402969072,0.35852382610875305,0.06167761908635131,3.530319590511307e-05,4.148022552702201,11.628528959500326,5.946581718359035,0.9107114012176775,nan
226.61,196.48056030273438,-173.97897338867188,-35.8637809753418,196.77384266561916,-173.9627375540322,-35.863863620594756,0.29373143096367,0.35857512192289787,0.06169694400917563,3.6010121926914016e-05,4.133090673115233,11.095907225879248,nan,nan,nan
226.62,196.47186279296875,-173.98062133789062,-35.86552429199219,196.76482236385928,-173.96424954857042,-35.865952149164265,0.2934169877898498,0.35862650451317224,0.061716334602282145,3.5291050745794256e-05,4.122827213026976,11.51901536209824,nan,0.04614098289888871,nan
226.63,196.46315002441406,-173.98223876953125,-35.86723327636719,196.75580333531752,-173.9657274992454,-35.867751400993775,0.29311917522117026,0.35867797406904245,0.06173579103742186,3.599806202807793e-05,4.110428695731649,11.050767570294665,nan,nan,nan
226.64000000000001,196.45445251464844,-173.98382568359375,-35.8689079284668,196.7467863938523,-173.96717167908156,-35.8690692452861,0.2928079213747139,0.3587295306926631,0.0617553134333286,3.528000196687615e-05,4.08883383435793,11.394403170590401,nan,0.13951308397025985,nan
226.65,196.44573974609375,-173.98538208007812,-35.870548248291016,196.73056558259748,-173.9608761954084,-35.87077230958137,0.2858782008600109,0.35866124226184076,0.06174891283260667,3.596499995496147e-05,4.357537365982652,11.340741504618702,2.8340894131590875,nan,nan
226.66,196.43704223632812,-173.9868927001953,-35.87215805053711,196.72153227101782,-173.96223976838408,-35.874112399180326,0.28556289388373474,0.35871257475069945,0.06176844222293378,3.524875172363068e-05,4.449062161001162,12.003511019397,nan,1.879977161689415,nan
226.67000000000002,196.4283447265625,-173.98838806152344,-35.87373352050781,196.7125048933998,-173.9635682690053,-35.87579419095539,0.2852494853287857,0.3587639941114057,0.06178803764247708,3.5955120640356826e-05,4.444324038316486,11.824793697759686,nan,nan,nan
226.68,196.4196319580078,-173.98983764648438,-35.87527847290039,196.7034741840982,-173.96486965508475,-35.878534996249904,0.28495686489504163,0.3588155004557649,0.06180769921552435,3.523976092272658e-05,4.6121718445091995,11.831283928318236,nan,0.8267542934765177,nan
226.69,196.4109344482422,-173.99127197265625,-35.87679672241211,196.69444728471314,-173.96613885546205,-35.88016689120604,0.284644620643706,0.35886709395879346,0.061827427105536716,3.59462784153882e-05,4.612715584717244,11.813935086786746,nan,nan,nan
226.70000000000002,196.4022216796875,-173.99267578125,-35.87828063964844,196.67964908086302,-173.96364523399075,-35.88146589402978,0.2789603581920663,0.358798728851546,0.061820980681952464,3.521052561709529e-05,4.657061616523318,11.81160369789177,0.640541738122059,0.08716707886663916,nan
226.71,196.39352416992188,-173.99404907226562,-35.87973403930664,196.67061365010477,-173.96484842774268,-35.88303719818371,0.2786434433593391,0.35885009797509576,0.06184071472425386,3.5916334820145973e-05,4.65809895062136,12.288178318682437,nan,nan,nan
226.72,196.3848114013672,-173.99539184570312,-35.881160736083984,196.6450640345656,-173.95077934477266,-35.88334708806084,0.26405773698367835,0.35392191632855213,0.05762033832088901,3.5203050581515154e-05,6.7395443731463125,13.929786681518493,nan,1.0691181926562365,0.05478900089873579
226.73000000000002,196.37611389160156,-173.99671936035156,-35.8825569152832,196.6360325594851,-173.95191320934248,-35.88485017759751,0.2637623250857573,0.35397602833447056,0.057632117004684597,3.5909041090621694e-05,6.730276127206971,14.204810445850363,nan,nan,nan
226.74,196.36741638183594,-173.99801635742188,-35.88392639160156,196.62699282876923,-173.9530117256772,-35.88609677305857,0.2634578889246963,0.3540302250485854,0.057643952598819,3.519686891048407e-05,6.697417170436151,14.190843240955457,nan,0.03670590578699137,nan
226.75,196.35870361328125,-173.99928283691406,-35.88526916503906,196.59845337471359,-173.96065621118717,-35.887486035907415,0.24285155720800752,0.35395723258325146,0.057637288961738434,3.588100159614889e-05,5.492742780578253,13.601752432667466,32.522890953176834,nan,nan
226.76,196.35000610351562,-174.00051879882812,-35.8865852355957,196.5894044798169,-173.96177617668826,-35.88899941950533,0.2425250536128275,0.35401119430503614,0.05764916393501564,3.517034345702953e-05,5.49929249683162,14.1438921549182,nan,0.00612097117679023,nan
226.77,196.34129333496094,-174.00173950195312,-35.887874603271484,196.58035237419762,-173.96286780847004,-35.89039484103031,0.24221185849038884,0.35406524411338,0.05766109989382553,3.5875883896574956e-05,5.489727783163122,13.532683195126147,nan,nan,nan
226.78,196.3325958251953,-174.0029296875,-35.889137268066406,196.57126251445067,-173.96389561228645,-35.89067343200307,0.24184252601130526,0.3541193786462525,0.05767309318170795,3.516583368358884e-05,5.358007254080236,13.979320049046953,nan,0.8338638515216665,nan
226.79,196.32388305664062,-174.0041046142578,-35.890377044677734,196.56221072122594,-173.96493873441827,-35.89200875557862,0.24152992429667822,0.35417360150328175,0.05768514766912387,3.5871609071234436e-05,5.344578002360074,13.286094677955907,nan,nan,nan
226.8,196.315185546875,-174.0052490234375,-35.8915901184082,196.57901125830116,-173.97150855516344,-35.89345811235784,0.2659810418249218,0.35410051888969174,0.0576785892951252,3.514093458357071e-05,5.752851791440971,13.396748941240867,6.898003176287184,0.0393522542895899,nan
226.81,196.30648803710938,-174.00637817382812,-35.89278030395508,196.56999850787298,-173.97249781108252,-35.89474644911629,0.2656868700343057,0.35415450639066964,0.05769068266276229,3.584608331881799e-05,5.740900518169708,13.176362399479409,nan,nan,nan
226.82,196.2977752685547,-174.00747680664062,-35.893943786621094,196.56096161565378,-173.97343976106833,-35.89529954316276,0.26538163434279893,0.35420857863174643,0.057702833767807105,3.513795006479639e-05,5.664796707314949,12.991785850403728,nan,0.35532077928757644,nan
226.83,196.28907775878906,-174.008544921875,-35.89508819580078,196.5519487214498,-173.9743841574474,-35.89653526202625,0.26508525956213536,0.3542627390116008,0.05771504618131534,3.58433638158877e-05,5.649238568302059,13.384432620705836,nan,nan,nan
226.84,196.28036499023438,-174.00961303710938,-35.89620590209961,196.54291888678236,-173.97528935594934,-35.89723956205813,0.2647899774043861,0.3543169844713467,0.057727316691741824,3.5135690033006464e-05,5.60183668437857,12.665932945280076,nan,0.1817871027904717,nan
226.85,196.27166748046875,-174.01065063476562,-35.89730453491211,196.50481272743835,-173.96565662078456,-35.898379606987994,0.23744962256995092,0.35424381552375594,0.057720862959211285,3.581934695976335e-05,5.487090144524485,13.914269338507179,7.030962757409286,nan,nan
226.86,196.26295471191406,-174.01165771484375,-35.898380279541016,196.49572845153313,-173.96649930805916,-35.89883007099225,0.23711410306414868,0.3542978253638525,0.0577331719777308,3.5112940966598834e-05,5.439782582188928,13.692188471226432,nan,0.3581780925002004,nan
226.87,196.25425720214844,-174.0126495361328,-35.89943313598633,196.48666736613347,-173.96734527432687,-35.89996752269949,0.23678523186738643,0.3543519231576691,0.05774554241666852,3.581803935318451e-05,5.421169815201192,14.06919887935238,nan,nan,nan
226.88,196.24554443359375,-174.0136260986328,-35.90046691894531,196.47759164040872,-173.9681565869845,-35.9006336573654,0.23646016679742538,0.3544061060447144,0.05775797134677984,3.511200911334091e-05,5.394062750731894,13.465700076578537,nan,0.1428409671579556,nan
226.89000000000001,196.23684692382812,-174.01458740234375,-35.9014778137207,196.46853038066843,-173.96896288407729,-35.901726741702426,0.2361331887000611,0.35446037712440753,0.057770461919296134,3.581740224830172e-05,5.374993953875188,13.875802097515951,nan,nan,nan
226.9,196.2281494140625,-174.01551818847656,-35.902469635009766,196.4689989247198,-173.97510974589272,-35.90389220514345,0.24421988600788364,0.35438711919567395,0.05776410533971564,3.5090544390761214e-05,5.310931171972564,13.755529154749707,1.658761748162908,0.9037506982476646,nan
226.91,196.2194366455078,-174.01644897460938,-35.9034423828125,196.45995462664246,-173.9758921122959,-35.9049573741044,0.24391812874080143,0.3544411542966649,0.05777663387699345,3.579536660724209e-05,5.298410011281713,12.938601234626447,nan,nan,nan
226.92000000000002,196.2107391357422,-174.01734924316406,-35.904396057128906,196.45094739106804,-173.97669322636182,-35.90719417621069,0.24364061052975308,0.3544952745018425,0.057789221288634195,3.509081217838221e-05,5.4370981103599165,13.71879362382498,nan,0.9950792142277,nan
226.93,196.2020263671875,-174.01821899414062,-35.905330657958984,196.44190299929852,-173.97743938551056,-35.90823428906161,0.2433355834778933,0.35454948271660697,0.05780187046135753,3.579595040687301e-05,5.428780214845549,13.561827861698282,nan,nan,nan
226.94,196.19332885742188,-174.0190887451172,-35.906246185302734,196.43293903132766,-173.9782476455249,-35.91189222773399,0.2431314637191259,0.35460377637290375,0.0578145788594605,3.509164995614776e-05,6.081859918944107,14.26781154598001,nan,4.8795017526547655,nan
226.95000000000002,196.1846160888672,-174.0199432373047,-35.907142639160156,196.44408523724306,-173.98670023711838,-35.91301585416228,0.26165593949831795,0.35453043277825164,0.05780831797520223,3.57750925016276e-05,6.168848385270855,13.408565728614624,3.888628033168447,nan,nan
226.96,196.17591857910156,-174.02076721191406,-35.90802001953125,196.43515274070523,-173.98748425879316,-35.91667033642312,0.26150513091168337,0.3545844901939532,0.05782106390401702,3.507185992345448e-05,7.317643893103245,15.274933811018881,nan,4.895705184711509,nan
226.97,196.16720581054688,-174.02157592773438,-35.90888214111328,196.42614072545152,-173.98817332173755,-35.917695856565,0.2612292208465921,0.35463863543792606,0.05783387171610107,3.57767730707248e-05,7.335427154409895,14.75827641218942,nan,nan,nan
226.98000000000002,196.1584930419922,-174.0223846435547,-35.90972900390625,196.41711215170716,-173.9888297992817,-35.918147336503296,0.2609226701681243,0.3546928661301087,0.05784673912202082,3.507372772542603e-05,7.166019728052714,14.169826739047481,nan,0.21874998943258483,nan
226.99,196.14979553222656,-174.02316284179688,-35.910552978515625,196.40809990401377,-173.98948634772665,-35.91913506386588,0.26063174581428683,0.3547471848925722,0.05785966864186043,3.577897506161534e-05,7.183859857067196,15.082192398600537,nan,nan,nan
227.0,196.14108276367188,-174.02392578125,-35.9113655090332,196.40201780585048,-173.99115047979464,-35.92048832896355,0.2631435776638297,0.35467375346699087,0.05785349649427846,3.5054928376718424e-05,7.5041665337609,14.712532824119616,0.21349349757965186,0.13564933389521477,nan
227.01,196.13238525390625,-174.02467346191406,-35.91215896606445,196.3930096787965,-173.99177731619503,-35.92144818163221,0.2628564946475545,0.35472783563637533,0.057866462959161785,3.575964088508316e-05,7.523057716079467,15.20500175723303,nan,nan,nan
227.02,196.12367248535156,-174.02540588378906,-35.912940979003906,196.3840037370869,-173.99239132470333,-35.92247069820811,0.2625892939360457,0.3547820032571329,0.05787948937508934,3.50577162421605e-05,7.680968120636452,14.797832022079572,nan,0.0042539745695875635,nan
227.03,196.11497497558594,-174.02613830566406,-35.91370391845703,196.37499540458538,-173.99298842640175,-35.923401239346084,0.2623043576164597,0.354836258770621,0.05789257803424795,3.5762777476709234e-05,7.701168142373353,14.98919132798972,nan,nan,nan
227.04,196.10626220703125,-174.02684020996094,-35.914451599121094,196.36596065014842,-173.99354539837154,-35.923365630298754,0.261975735113185,0.35489060006898515,0.05790572698664334,3.506094214323432e-05,7.318537848947145,14.516739763737693,nan,0.6371119140021012,nan
227.05,196.09754943847656,-174.02752685546875,-35.915184020996094,196.3729131128013,-174.00540052210266,-35.92419710185184,0.2763981971583156,0.3548170836548378,0.05789964138425313,3.574434029961217e-05,6.983279035837082,13.987030834441395,7.9190590588723175,nan,nan
227.06,196.08885192871094,-174.02821350097656,-35.9159049987793,196.36389674334066,-174.00595254222068,-35.92367792927704,0.27605365200980847,0.35487118809858725,0.057912826787068626,3.5043414028342314e-05,6.415618183598464,13.337548774850669,nan,1.3738476277187768,nan
227.07,196.08013916015625,-174.0288848876953,-35.91660690307617,196.3549183062678,-174.0065272359043,-35.92452816222259,0.27580099723869966,0.3549253802602241,0.057926074565981645,3.5748306566437896e-05,6.428062313759623,13.187214647255098,nan,nan,nan
227.08,196.07144165039062,-174.02952575683594,-35.91729736328125,196.34589435637753,-174.00704574106769,-35.923681314950805,0.27544580913746614,0.35497965820425725,0.05793938298060537,3.5047417819645674e-05,5.815447827468029,13.256037326299717,nan,1.9972082559557132,nan
227.09,196.06272888183594,-174.03016662597656,-35.91797637939453,196.33691531050408,-174.0075939648297,-35.924488934586456,0.2751910901031685,0.35503402411244234,0.05795275401076597,3.575266856554271e-05,5.820059267191954,12.4962785951016,nan,nan,nan
227.1,196.05401611328125,-174.03079223632812,-35.91864013671875,196.34067397582896,-174.00251239060904,-35.92304644473272,0.2880831397090652,0.35496042099416203,0.057946748447912526,3.503063441688278e-05,5.9469027439119415,12.049141588465677,13.817732757059213,3.5518602629163962,nan
227.11,196.04531860351562,-174.03140258789062,-35.919288635253906,196.33170882115488,-174.0029930793729,-35.92380685977846,0.2878313243664247,0.35501454970312796,0.05796015530203731,3.573537171084036e-05,5.944883113165784,12.53678545566935,nan,nan,nan
227.12,196.03660583496094,-174.03211975097656,-35.92002868652344,196.3227568786442,-174.00352612502118,-35.92512843683654,0.28762131822860465,0.35506876418778865,0.05797362312330203,3.50353242040959e-05,6.102251104069095,12.065918668490035,nan,0.19119347063089573,nan
227.13,196.02789306640625,-174.0329132080078,-35.920860290527344,196.3137913575645,-174.0041381361774,-35.92602634680476,0.28738915390722836,0.35512306646664304,0.057987153699912745,3.574042927573964e-05,6.091862633946821,12.325552169122632,nan,nan,nan
227.14000000000001,196.01919555664062,-174.03379821777344,-35.921783447265625,196.30482908356817,-174.00484375706037,-35.927146940090886,0.28714741781102116,0.355177454849989,0.05800074557718128,3.5040342151130944e-05,6.150962534827915,12.662458021345735,nan,0.012212255584721565,nan
227.15,196.01048278808594,-174.03477478027344,-35.922794342041016,196.28370167484823,-174.0035169157276,-35.92823160064117,0.27505486354667114,0.3551037674362889,0.05799481723232948,3.572379722419748e-05,5.946749153028087,12.472804354275317,1.5054813589564404,nan,nan
227.16,196.00177001953125,-174.0358428955078,-35.92388916015625,196.27473712872262,-174.0044201438722,-35.930192284324505,0.274842066276119,0.35515791835840493,0.058008444380209204,3.5024495932056884e-05,6.23906738487928,12.823422958330516,nan,0.44147869938329004,nan
227.17000000000002,195.99307250976562,-174.0369873046875,-35.92507553100586,196.2657530175116,-174.00539279047706,-35.93145749474146,0.2745789542079265,0.3552121569080259,0.05802213442650879,3.5729463687372044e-05,6.229012840361088,13.245096942171868,nan,nan,nan
227.18,195.98435974121094,-174.03822326660156,-35.92634582519531,196.25671960549883,-174.00640648566528,-35.93076180500889,0.2742475234195937,0.355266481549021,0.05803588609066028,3.503008385147247e-05,5.630947800005044,12.207374030429708,nan,2.9561020027062486,nan
227.19,195.97564697265625,-174.03955078125,-35.92770004272461,196.24773552554106,-174.00755088855666,-35.932179606145475,0.27400043837880367,0.3553208940687138,0.05804970090115503,3.573542256195535e-05,5.621445912297342,12.103215386479285,nan,nan,nan
227.20000000000002,195.96694946289062,-174.04095458984375,-35.92913818359375,196.22649215293615,-173.99781943910457,-35.93272000665513,0.26312711498779395,0.35524712105031375,0.05804384364513968,3.5014781377607766e-05,5.845779006411331,13.04996584374798,8.055571614190695,0.7461976106171626,nan
227.21,195.95823669433594,-174.0424346923828,-35.93065643310547,196.21748417155928,-173.99909545086354,-35.93429810815768,0.26287032183059084,0.3553012957728443,0.05805769306014795,3.571961739555663e-05,5.83579009592189,12.876136774778619,nan,nan,nan
227.22,195.94952392578125,-174.04400634765625,-35.93225860595703,196.20845732381898,-174.00043675262506,-35.9351297068064,0.26258914191305094,0.35535555656905965,0.05807160439964462,3.502086421874401e-05,5.685718348065284,12.480082384171816,nan,0.48543224753216135,nan
227.23000000000002,195.94082641601562,-174.04566955566406,-35.93394088745117,196.1994497520644,-174.00187702233714,-35.93686485713075,0.2623211114700307,0.35540990508274184,0.058085579034884594,3.572607724273104e-05,5.675764342745281,12.699234236219418,nan,nan,nan
227.24,195.93211364746094,-174.04739379882812,-35.935707092285156,196.19044728943652,-174.0034022949649,-35.93889409324667,0.2620718984623212,0.3554643399937823,0.05809961591996354,3.502718603884707e-05,5.711602758027628,12.57476686331566,nan,0.031924965406745165,nan
227.25,195.92340087890625,-174.04920959472656,-35.93754577636719,196.16580244503152,-174.00370691885038,-35.94078263245519,0.24665662368809216,0.35539048339283996,0.05809382640208464,3.571074959572659e-05,5.3501191545389055,12.795103491161386,3.4084254723940126,nan,nan
227.26,195.91470336914062,-174.0511016845703,-35.93946838378906,196.15677031149178,-174.00539679492059,-35.942650988752014,0.246364507369635,0.3554446802438284,0.05810789728180448,3.501255105474798e-05,5.331156038911552,13.010037165890152,nan,0.008535661991070784,nan
227.27,195.90599060058594,-174.0530548095703,-35.941463470458984,196.14774102033476,-174.00716674237162,-35.944706675152034,0.24608839577811423,0.3554989646545557,0.058122031609402214,3.571764045018912e-05,5.320790770201827,13.090207928604546,nan,nan,nan
227.28,195.8972930908203,-174.0550994873047,-35.943504333496094,196.13868597069475,-174.00899064327967,-35.94560303661151,0.24576605238756066,0.3555533354382452,0.058136228480095926,3.5019275738575966e-05,5.137149247095528,12.882789657188319,nan,1.0497256640670947,nan
227.29,195.88858032226562,-174.05722045898438,-35.94554138183594,196.1296574592138,-174.01091371677924,-35.94772978560335,0.24549397027998943,0.35560779403805903,0.058150489054459714,3.572474095642826e-05,5.131016075667861,12.618594071543273,nan,nan,nan
227.3,195.87986755371094,-174.05941772460938,-35.94756317138672,196.15633750614327,-174.02308266189243,-35.949852036182364,0.2788567917097147,0.3555338529026762,0.05814476144978607,3.500502447058681e-05,5.457535678385241,11.653262534137331,10.723718677824907,0.012938791117113227,nan
227.31,195.8711700439453,-174.0616455078125,-35.949554443359375,196.14736686153827,-174.02513788410954,-35.95194522597296,0.27860941204205886,0.3555880731155392,0.05815905531391294,3.570999045247574e-05,5.452023821794635,11.984018081758697,nan,nan,nan
227.32,195.8624725341797,-174.06385803222656,-35.951507568359375,196.1384425564458,-174.0272433357597,-35.95626120630194,0.278428960886985,0.3556423796723316,0.05817341200451407,3.501209211944716e-05,5.919716820477296,12.718592470962925,nan,3.58450461717104,nan
227.33,195.853759765625,-174.0660400390625,-35.953426361083984,196.12947281654218,-174.02929186127182,-35.95831148710828,0.2781941398974218,0.3556967738931142,0.05818783255633377,3.5717437613958367e-05,5.92433978639239,12.356120632072502,nan,nan,nan
227.34,195.84506225585938,-174.0681915283203,-35.9553108215332,196.12050623306263,-174.03131257501673,-35.96046116015828,0.27794957773356477,0.3557512547763123,0.05820231625256263,3.501932826359343e-05,5.995145080851424,12.60141212729818,nan,0.01284715746368253,nan
227.35,195.8363494873047,-174.0703125,-35.957157135009766,196.1150041678578,-174.03316040096638,-35.96250351508589,0.28117128807307873,0.35567723079278407,0.058196646775849604,3.5703017506367165e-05,6.142175398863404,12.168124146205674,0.43203922543569157,nan,nan
227.36,195.82765197753906,-174.0723876953125,-35.95896530151367,196.10604218743535,-174.03510065691898,-35.96455123357553,0.2809317262881817,0.3557314730251975,0.058211163097904105,3.5005532432851125e-05,6.214546384934452,12.752149320339726,nan,0.007343295767811244,nan
227.37,195.81895446777344,-174.07443237304688,-35.96073913574219,196.0970785056367,-174.03699931917672,-35.9664628359522,0.280690175644783,0.3557858027729482,0.0582257434407782,3.5710756134259394e-05,6.222893949215839,12.502298775649258,nan,nan,nan
227.38,195.81024169921875,-174.076416015625,-35.96247482299805,196.0881279595113,-174.03886896162405,-35.969028999830655,0.28048798932838614,0.355840219147456,0.05824038719914185,3.501304071662193e-05,6.513746301629995,12.935172229839495,nan,0.3350714971750327,nan
227.39000000000001,195.80154418945312,-174.07838439941406,-35.96417999267578,196.07916448630314,-174.04068770646015,-35.97087898105912,0.28024800860686516,0.3558947232988266,0.05825509524116866,3.571863991776678e-05,6.525911060655724,12.663991992285386,nan,nan,nan
227.4,195.7928466796875,-174.08029174804688,-35.965850830078125,196.07841171330185,-174.03990917155627,-35.97192916617237,0.2884702533656753,0.3558206158218105,0.0582494783064078,3.4999504619127905e-05,6.737418303464889,12.966178961488824,3.7314869967139965,0.519012718861794,nan
227.41,195.7841339111328,-174.08216857910156,-35.96748352050781,196.06945937562404,-174.04162974611864,-35.97370657053476,0.288258120472584,0.355874881004552,0.05826421823128686,3.570460333765825e-05,6.748990862839976,12.640257959364774,nan,nan,nan
227.42000000000002,195.7754364013672,-174.08401489257812,-35.96908950805664,196.060498689505,-174.0433054235375,-35.97497063770157,0.2880145077488995,0.35592923277390454,0.0582790218336467,3.500723834466347e-05,6.635048084450286,12.52675372106086,nan,0.16362726716384518,nan
227.43,195.76673889160156,-174.0858154296875,-35.97066116333008,196.0515467408852,-174.0449512336161,-35.97668020195164,0.2877874603940426,0.35598367217686755,0.05829388988359903,3.571271478998581e-05,6.6435851707308125,12.76966671902985,nan,nan,nan
227.44,195.75804138183594,-174.08758544921875,-35.97220230102539,196.04259353143607,-174.0465594269047,-35.978280208884875,0.2875586919446465,0.3560381984799404,0.058308821922447206,3.5015086431566944e-05,6.66670806079529,12.641647753773622,nan,0.004397858546657419,nan
227.45000000000002,195.74932861328125,-174.08932495117188,-35.97370910644531,195.99933817420853,-174.04094214088678,-35.97990889607643,0.2547236036915415,0.3559640089107893,0.05830325339598276,3.5698896299283514e-05,6.205683439253195,12.856680926367437,10.165947283040264,nan,nan
227.46,195.74063110351562,-174.0910186767578,-35.975189208984375,195.99033290884523,-174.0424859801182,-35.98149727193207,0.25445275767051767,0.3560182959806407,0.058318216602276506,3.500184375514312e-05,6.247886979972428,13.361177656107895,nan,0.0006241824872631387,nan
227.47,195.73193359375,-174.0926971435547,-35.97663879394531,195.98132830550946,-174.04399592612216,-35.9830863604404,0.2541871396170641,0.3560726705441239,0.05833324442138586,3.570719290925037e-05,6.258677057014529,13.03804311086125,nan,nan,nan
227.48000000000002,195.72323608398438,-174.09432983398438,-35.97806167602539,195.97228734805574,-174.04544280416746,-35.98242142839514,0.2538414490594311,0.3561271319612956,0.058348336480280955,3.500986469639874e-05,5.6200112212834625,12.536569901418119,nan,3.4961615703598206,nan
227.49,195.71453857421875,-174.09591674804688,-35.979454040527344,195.963282943627,-174.0468863897519,-35.983932364501484,0.25357009431804467,0.35618168113848103,0.05836349342096038,3.5715585903003813e-05,5.620462421082097,12.858159627437324,nan,nan,nan
227.5,195.70582580566406,-174.0974884033203,-35.98081970214844,195.9651416434719,-174.060561692287,-35.98583141486043,0.2619797759179588,0.3561074090885939,0.058357967898996825,3.4996788568027454e-05,5.265497743970929,11.722871693450752,10.458273823719894,0.05337433561946279,nan
227.51,195.69712829589844,-174.09902954101562,-35.982154846191406,195.9561593780767,-174.06198353366463,-35.98729423470349,0.2617172548942326,0.3561617187235366,0.05837315522665259,3.570200531395889e-05,5.27052919213864,12.184231447721093,nan,nan,nan
227.52,195.6884307861328,-174.1005401611328,-35.98346710205078,195.9471547397866,-174.06335682959744,-35.98729005697974,0.2614102127360591,0.35621611516155605,0.05838840703672795,3.5004946827197794e-05,4.931200115553724,11.709473314960043,nan,1.4660558026414006,nan
227.53,195.6797332763672,-174.1020050048828,-35.9847526550293,195.93817224817118,-174.06471737483227,-35.98868725218399,0.2611446927599011,0.3562705992245878,0.058403723896982195,3.571053706030181e-05,4.929289043434148,12.0616384143107,nan,nan,nan
227.54,195.67103576660156,-174.10345458984375,-35.98601150512695,195.92919351612946,-174.06605125919333,-35.990316012079774,0.260888791566751,0.3563251703995906,0.058419105545508096,3.5013179183480714e-05,5.008014629069159,11.865945904675709,nan,0.046391710115643345,nan
227.55,195.66232299804688,-174.10487365722656,-35.98724365234375,195.92049148848096,-174.06581075922267,-35.99161145195644,0.2611435565487583,0.3562508170340334,0.0584136186223796,3.5697091564304404e-05,5.111370960176818,11.615345816359937,0.41073062071216787,nan,nan
227.56,195.65362548828125,-174.10626220703125,-35.98845291137695,195.9115192609795,-174.06708562338866,-35.99367364336578,0.2609046928380974,0.35630514840180016,0.05842902989365634,3.500027663139193e-05,5.338641571605838,12.196045706157445,nan,0.3831606069406736,nan
227.57,195.64492797851562,-174.1076202392578,-35.98963928222656,195.90253620855458,-174.06832441010928,-35.994983156169226,0.2606428962411757,0.35635956726251944,0.05844450638402569,3.5705730114195696e-05,5.342535174722917,12.21610618841491,nan,nan,nan
227.58,195.63623046875,-174.1089630126953,-35.99080276489258,195.89353447772163,-174.0695215153403,-35.9949516281672,0.2603424625621965,0.35641407317885065,0.05846004789542111,3.500860892809718e-05,5.018091216653876,11.611226803262301,nan,1.2265398695140242,nan
227.59,195.62753295898438,-174.11026000976562,-35.991939544677734,195.88455123869124,-174.07070566503594,-35.99620297017492,0.2600790631470421,0.356468666858937,0.058475654900044034,3.571442941860461e-05,5.017924770450712,12.125380794916081,nan,nan,nan
227.6,195.6188201904297,-174.11154174804688,-35.99305725097656,195.88944595453606,-174.07726574124882,-35.998808787373186,0.27284836266889795,0.3563942319991417,0.05847020130683551,3.499580529963034e-05,5.470004611271327,11.493620964992912,1.8232569507431151,1.4591712339837204,nan
227.61,195.61012268066406,-174.11280822753906,-35.99414825439453,195.88048544423177,-174.07840630687915,-36.00002953157055,0.27260613619337043,0.356448585571389,0.058485837116833646,3.570111605755601e-05,5.477614791601041,11.774450198437531,nan,nan,nan
227.62,195.60142517089844,-174.11402893066406,-35.99522018432617,195.8715293032786,-174.07952492279736,-36.00156780220762,0.2723730183782492,0.3565030261390885,0.05850153817318061,3.5004211165639776e-05,5.642621644107771,12.277643861517463,nan,0.08098104772871652,nan
227.63,195.5927276611328,-174.11524963378906,-35.996273040771484,195.8625686052693,-174.0806153081545,-36.00275019794433,0.2721316321372336,0.35655755434289305,0.05851730489369232,3.570989005362808e-05,5.650775388918792,11.686963185027144,nan,nan,nan
227.64000000000001,195.58401489257812,-174.11642456054688,-35.99729919433594,195.85359706634284,-174.08167343002606,-36.00307407947058,0.2718741230468684,0.35661216984693445,0.05853313716179426,3.5012662289105424e-05,5.411932161440777,11.71544198749435,nan,0.49600529063680066,nan
227.65,195.5753173828125,-174.11758422851562,-35.99831008911133,195.8211996997395,-174.0798437941433,-36.004221357712694,0.24883206638309965,0.3565376544663713,0.058527712287054265,3.569665276350441e-05,5.027812605096276,12.12948858787962,5.789409687785056,nan,nan
227.66,195.56661987304688,-174.11871337890625,-35.999298095703125,195.8122040881186,-174.08087555857887,-36.00543675772831,0.248557821262936,0.35659202959764064,0.05854357255012558,3.499994692055369e-05,5.10886007207601,12.447216967366575,nan,0.007081214350035493,nan
227.67000000000002,195.55792236328125,-174.1198272705078,-36.000267028808594,195.80320704490677,-174.08188331530474,-36.006534095530526,0.24828128181939743,0.3566464922399028,0.05855949864807375,3.5705478048239975e-05,5.1159846988176865,12.253532218514366,nan,nan,nan
227.68,195.54920959472656,-174.1209259033203,-36.001216888427734,195.79421218501545,-174.08287021545834,-36.00781714830548,0.248028361397175,0.3567010421171234,0.05857549051023497,3.500844655380591e-05,5.244975325194239,11.835651609234663,nan,0.029436386564959522,nan
227.69,195.54051208496094,-174.1219940185547,-36.00214767456055,195.78521472332048,-174.08383347329112,-36.00887987276269,0.24775175262259214,0.3567556797800364,0.0585915484856406,3.57143391249554e-05,5.253453940319378,12.408164576654894,nan,nan,nan
227.70000000000002,195.5318145751953,-174.123046875,-36.00305938720703,195.76041218569125,-174.0723050253738,-36.01112860683011,0.23430048043755056,0.35666346099298807,0.05736419604514848,3.4995387373079956e-05,7.8954339620079095,15.478860316707667,2.317627806751128,0.9642853289632495,0.059549417031667676
227.71,195.52310180664062,-174.1240692138672,-36.00395584106445,195.75139336166734,-174.07321132559707,-36.0121686455301,0.23403206842867103,0.3567176631783556,0.057376046859289355,3.5700755573124724e-05,7.900661916356983,15.198617220685163,nan,nan,nan
227.72,195.514404296875,-174.1250762939453,-36.00482940673828,195.7423659754312,-174.07407084649938,-36.012232881424744,0.23371541240738114,0.3567719515262435,0.057387955354639426,3.5003929782864216e-05,7.553716461914234,15.278167720521267,nan,0.6489299512160356,nan
227.73000000000002,195.50570678710938,-174.12606811523438,-36.00569152832031,195.73334688054223,-174.07493618419045,-36.01322967415379,0.23343373824922117,0.3568263264008598,0.05739992377763279,3.570966102681445e-05,7.556098791328653,14.989945512275872,nan,nan,nan
227.74,195.4969940185547,-174.1270294189453,-36.00653076171875,195.72432216489193,-174.07576463524506,-36.013569012101385,0.23314309154124357,0.3568807877362016,0.057411950222533405,3.5012497602580224e-05,7.356340936868515,14.801762644877444,nan,0.29016266301803734,nan
227.75,195.48829650878906,-174.1279754638672,-36.007354736328125,195.71252237797412,-174.07456487280712,-36.01442828758708,0.2306078202849936,0.3568067598345341,0.05740527372537261,3.5696532150680724e-05,7.405585833981907,15.134617906938939,0.7326307908302532,nan,nan
227.76,195.47959899902344,-174.12890625,-36.00816345214844,195.70349143303093,-174.07534608197614,-36.01463971928447,0.23030079383398291,0.35686098368909963,0.05741733864107452,3.499987769912611e-05,7.179315995533055,14.780948033751136,nan,0.37569806787713994,nan
227.77,195.47088623046875,-174.1298065185547,-36.00895690917969,195.6944661095876,-174.07612743824208,-36.015557957405655,0.23002821532953752,0.35691529396920046,0.057429463642305945,3.5705451144999496e-05,7.177987441301074,14.623616768567176,nan,nan,nan
227.78,195.46218872070312,-174.13070678710938,-36.009735107421875,195.68542721689585,-174.0768473044716,-36.01474868236127,0.22969851106628406,0.3569696906408089,0.057441647027219135,3.500845923425896e-05,6.653320622890407,14.083932181807178,nan,2.06990223279543,nan
227.79,195.4534912109375,-174.13157653808594,-36.010494232177734,195.67640138565184,-174.07759222847358,-36.01562015802644,0.22941126125652284,0.3570241740188026,0.05745389073849718,3.5714389175650206e-05,6.6477788319670115,14.461536771661041,nan,nan,nan
227.8,195.4447784423828,-174.13243103027344,-36.0112419128418,195.65829794636696,-174.0709375559949,-36.01397267152014,0.2222149477497846,0.3569500663919935,0.057447317359693266,3.4995859940046e-05,6.41793174356877,13.828843243821677,4.207740626535986,4.676508847676052,nan
227.81,195.4360809326172,-174.13327026367188,-36.01197052001953,195.64925401749156,-174.07162257176716,-36.01479158040438,0.22192602464273628,0.3570043119924495,0.05745959906621549,3.570126977529135e-05,6.40535595810363,14.320755453148285,nan,nan,nan
227.82,195.4273681640625,-174.13409423828125,-36.01268768310547,195.64020193351993,-174.07226322882795,-36.01444758592908,0.22164021388146657,0.3570586439127704,0.05747193950738771,3.500444171087915e-05,6.249219025743111,13.630287589989242,nan,0.9323084240775827,nan
227.83,195.41867065429688,-174.13490295410156,-36.013389587402344,195.63115812192143,-174.07291464341859,-36.01522804929328,0.2213523311396341,0.3571130624406448,0.05748434043931183,3.5710209361351215e-05,6.233352689094343,14.04121859490368,nan,nan,nan
227.84,195.40997314453125,-174.1356964111328,-36.014076232910156,195.62211467563492,-174.07355104076044,-36.01604524770535,0.22106549549170354,0.3571675675840297,0.05749680043821919,3.501303619105072e-05,6.227536162655311,14.064273516444104,nan,0.0017533584211042817,nan
227.85,195.40126037597656,-174.136474609375,-36.01475143432617,195.61158580969598,-174.07678294161698,-36.016788654593825,0.21864133537694555,0.35709338077276104,0.057490327683640215,3.5697100240408924e-05,5.961204733714185,13.481860423877851,1.5840971849650436,nan,nan
227.86,195.39256286621094,-174.13722229003906,-36.015411376953125,195.60253710914014,-174.07738768183202,-36.016902862836766,0.21833824118354656,0.3571476478562073,0.05750282527085911,3.500042987828381e-05,5.885302980315478,14.223856714880853,nan,0.2783958472837836,nan
227.87,195.38385009765625,-174.13807678222656,-36.01616668701172,195.59349220270735,-174.07804393892988,-36.01767868702376,0.21807347529806992,0.3572020014495001,0.05751538351617788,3.570602973423005e-05,5.868620806747999,13.338420938674997,nan,nan,nan
227.88,195.37515258789062,-174.13902282714844,-36.017005920410156,195.58444603166862,-174.07878581970192,-36.01836392791109,0.21779367956609047,0.35725644158353886,0.05752800116555104,3.500901649984802e-05,5.839818909919387,13.906518315440648,nan,0.023543623595056372,nan
227.89000000000001,195.36643981933594,-174.14004516601562,-36.017940521240234,195.5754008844969,-174.0796203910661,-36.01932098787373,0.21752651762263653,0.35731096851061905,0.057540679722041785,3.571496803947793e-05,5.822571991797069,13.569133157475681,nan,nan,nan
227.9,195.3577423095703,-174.1411590576172,-36.018959045410156,195.56268348168868,-174.07672357470798,-36.019433372611054,0.21483258708419,0.35723670277171243,0.057534301835376556,3.49964119774882e-05,5.955463673964955,14.280606364820297,1.4810403171154318,0.7251318138718688,nan
227.91,195.34902954101562,-174.14236450195312,-36.02006912231445,195.5536304361897,-174.07771867497783,-36.020561058712694,0.21457131973489638,0.3572909913477672,0.0575470174605774,3.570183884304923e-05,5.938918606292169,13.634700931424648,nan,nan,nan
227.92000000000002,195.34033203125,-174.14364624023438,-36.021263122558594,195.54457612874182,-174.0787952424662,-36.02156737479762,0.2142927806558134,0.35734536638777015,0.05755979281654091,3.500498149570165e-05,5.916662227917279,14.338384473577838,nan,0.03096786514488389,nan
227.93,195.3316192626953,-174.14501953125,-36.022544860839844,195.53552298347432,-174.07996109103453,-36.0228679826527,0.21403138180766837,0.35739982812486054,0.05757262925288842,3.571076169191815e-05,5.899874650669819,13.69845060680707,nan,nan,nan
227.94,195.3229217529297,-174.14646911621094,-36.02390670776367,195.52646874540946,-174.08120694350617,-36.02404755798511,0.213753477568183,0.35745437661952384,0.05758552574444701,3.5013556352309876e-05,5.8793699354944975,14.432196189099916,nan,0.03020442448126055,nan
227.95000000000002,195.314208984375,-174.14801025390625,-36.02535629272461,195.5156572868069,-174.08008974715455,-36.02557839902299,0.2125903646013049,0.3573800324343089,0.05757923967727872,3.569762824432711e-05,6.015129689672073,13.873907179389654,0.7474381807922993,nan,nan
227.96,195.30551147460938,-174.14962768554688,-36.026885986328125,195.50659377793363,-174.081471471787,-36.02592050902767,0.21232120556055142,0.357434342297529,0.057592172770281655,3.5000923686443065e-05,6.022726791561362,14.517750276551917,nan,1.037709760273653,nan
227.97,195.2967987060547,-174.1513214111328,-36.02849578857422,195.49753660794693,-174.08295763090558,-36.02754597333032,0.21206181611042768,0.3574887387626384,0.05760516711939227,3.5706527739530746e-05,6.003879336694207,14.239995329354937,nan,nan,nan
227.98000000000002,195.28810119628906,-174.15310668945312,-36.030189514160156,195.48848512569165,-174.08454584673277,-36.03042088073015,0.211788483746964,0.35754322190596793,0.057618221837320495,3.500947876634655e-05,5.963117408787525,14.288291859161252,nan,0.9618499661123332,nan
227.99,195.27938842773438,-174.1549530029297,-36.03196334838867,195.47942810348167,-174.0861915467304,-36.03222108216378,0.21152795597373922,0.3575977919362128,0.057631338067972014,3.57154305493827e-05,5.9454708882850955,14.230311005086032,nan,nan,nan
228.0,195.27069091796875,-174.15689086914062,-36.0338134765625,195.4652592407983,-174.08237202143167,-36.03489771507549,0.208353225282762,0.35752336961007,0.057625138322525415,3.49968380114498e-05,6.2540473174731295,14.839906365296583,3.253418492618676,0.6069947794463584,nan
228.01,195.26199340820312,-174.15890502929688,-36.035743713378906,195.45619184853393,-174.0841530123819,-36.036864300637575,0.20809169607550157,0.3575777007230073,0.05763829059175788,3.570226146223959e-05,6.238593752778191,14.76559300037199,nan,nan,nan
228.02,195.25328063964844,-174.16099548339844,-36.03774642944336,195.44712628216976,-174.08601644603414,-36.039250555594506,0.2078467020764606,0.35763211843312137,0.05765150353368224,3.50053671041997e-05,6.251547203858907,14.533893972421241,nan,0.08214370741434755,nan
228.03,195.2445831298828,-174.1631622314453,-36.039794921875,195.4380596052551,-174.08794934842524,-36.04135941493996,0.20758750428005376,0.357686622936173,0.05766477816910401,3.57111403031704e-05,6.2385732809737995,14.765751245533396,nan,nan,nan
228.04,195.2358856201172,-174.16539001464844,-36.04184341430664,195.42900184859224,-174.08999290894423,-36.04560892288627,0.2073470045693029,0.3577412143284755,0.05767811379449561,3.501389799812008e-05,6.5570811523681405,15.33699475413557,nan,3.1676645155768166,nan
228.05,195.2271728515625,-174.16770935058594,-36.04386901855469,195.38634090912348,-174.0825105631841,-36.04762051040102,0.18057513010808796,0.35766671430146135,0.057671996860176766,3.569796024399741e-05,6.2339442444628705,15.511365079697919,9.630923741756146,nan,nan
228.06,195.21847534179688,-174.1700897216797,-36.045867919921875,195.37722111573328,-174.08465594473267,-36.0494363311626,0.18031052255728858,0.3577210664983948,0.05768536799882513,3.50012192699496e-05,6.18589750715643,16.016114928446633,nan,0.06367064799587072,nan
228.07,195.20977783203125,-174.17254638671875,-36.04783248901367,195.3681028799811,-174.0868786769443,-36.05151814775676,0.18005377359748234,0.35777550539472613,0.057698801013551314,3.570680984136209e-05,6.185275431176554,15.895632467363647,nan,nan,nan
228.08,195.20106506347656,-174.175048828125,-36.04975891113281,195.35898604971138,-174.08917131215637,-36.05385404381517,0.17980755199380577,0.35783003109719763,0.057712295310035244,3.50097252988763e-05,6.265605713272596,15.804830596724377,nan,0.05879672701952517,nan
228.09,195.19236755371094,-174.1775665283203,-36.0516471862793,195.34986865241356,-174.09149060124133,-36.055868483452144,0.17953685043706563,0.3578846437854816,0.05772585174603266,3.5715660577635296e-05,6.265611091318092,16.055910173925724,nan,nan,nan
228.1,195.1836700439453,-174.18006896972656,-36.053497314453125,195.35147618736656,-174.09634230620313,-36.0566913926906,0.18756134487272497,0.35781006639562185,0.057719812321349935,3.4997034822866566e-05,6.184732275549079,15.44243876347117,0.9789893831996382,0.9178198345065071,nan
228.11,195.1749725341797,-174.18252563476562,-36.05531311035156,195.34237634260654,-174.09862155309273,-36.058622183802946,0.18728288753726013,0.35786443960750025,0.057733403665105106,3.570243905961382e-05,6.178553694779883,15.509210064460824,nan,nan,nan
228.12,195.16627502441406,-174.1849365234375,-36.05709457397461,195.333274005105,-174.10084727324954,-36.059540307166,0.1869910242761193,0.357918899541008,0.05774705657341364,3.50055118400321e-05,6.020921912027281,15.34377712650409,nan,0.674325938950516,nan
228.13,195.15757751464844,-174.18731689453125,-36.058837890625,195.3241751298802,-174.10304396993476,-36.06139128487746,0.18671692757530278,0.357973446367558,0.05776077180783046,3.571126317111458e-05,6.011896440594649,15.132450605843147,nan,nan,nan
228.14000000000001,195.1488800048828,-174.18963623046875,-36.060546875,195.315079587577,-174.10521031798265,-36.06424081787895,0.18645021105063425,0.35802808020665866,0.05777454891776095,3.501398974154525e-05,6.197153122726569,15.578512257504931,nan,0.7526423796689485,nan
228.15,195.1401824951172,-174.19192504882812,-36.06222152709961,195.34935378091043,-174.12370778797086,-36.06603234404131,0.2200471399610355,0.35795342586653733,0.057768583114147856,3.569802924149716e-05,6.28542615974765,13.962548903831488,15.768697078400471,nan,nan
228.16,195.13148498535156,-174.19415283203125,-36.063865661621094,195.34032312541544,-174.12577410091663,-36.06637637725834,0.219761969656252,0.3580078199538388,0.057782394550886955,3.5001259112739815e-05,6.036876246644794,13.93151324206049,nan,1.4174619716459853,nan
228.17000000000002,195.12278747558594,-174.19635009765625,-36.06547546386719,195.33129652944322,-174.12781518387644,-36.06809127199633,0.21949920819774021,0.3580623008415858,0.05779626850140905,3.570682317954946e-05,6.027732801012027,13.691056656482202,nan,nan,nan
228.18,195.1140899658203,-174.198486328125,-36.06705093383789,195.32226603641857,-174.1297896193055,-36.06804896398006,0.2192202322700262,0.35811686865571224,0.057810204599283314,3.5009711626530276e-05,5.842647621397169,13.936086111895229,nan,2.102257461867281,nan
228.19,195.1053924560547,-174.20059204101562,-36.06859588623047,195.31324000128217,-174.1317434893904,-36.0696847015821,0.21895641264153543,0.35817152355771786,0.05782420348031388,3.571561827923839e-05,5.826539149610574,13.6262682249316,nan,nan,nan
228.20000000000002,195.09669494628906,-174.20265197753906,-36.07011032104492,195.31082014990523,-174.13958037218174,-36.07166952944392,0.22322647996338757,0.35809679262601957,0.05781830613856541,3.499696965853249e-05,5.610818175759309,13.421843504856636,2.4524679525406214,0.0705787420308257,nan
228.21,195.08799743652344,-174.20468139648438,-36.071598052978516,195.30180732437495,-174.14146984704942,-36.073250094046074,0.22296434101607396,0.3581512074996829,0.057832338698828166,3.570234345337754e-05,5.597497212054722,13.048051591429731,nan,nan,nan
228.22,195.0792999267578,-174.2066650390625,-36.07305145263672,195.29279231865505,-174.1433034867616,-36.07355598961772,0.22269697408260236,0.3582057092123937,0.05784643367007448,3.5005393942745735e-05,5.507729614290296,13.238924512164491,nan,1.0956755098174604,nan
228.23000000000002,195.0706024169922,-174.20860290527344,-36.07447814941406,195.28378005560174,-174.1451124080391,-36.07506715464686,0.22243222736234153,0.3582602979207862,0.05786059161505928,3.571111304715194e-05,5.489220123962649,13.279032536354347,nan,nan,nan
228.24,195.06190490722656,-174.21051025390625,-36.07587432861328,195.27476657497374,-174.14687461586317,-36.075894797550745,0.2221701700144215,0.3583149737583205,0.0578748122765827,3.5013819863165596e-05,5.459257940440979,13.15237461277352,nan,0.30349414751173326,nan
228.25,195.05320739746094,-174.21237182617188,-36.07724380493164,195.29202773295185,-174.16191178995638,-36.07720213424462,0.24409295285875843,0.35824016663035696,0.05786897920523292,3.5697827682961625e-05,5.259174807045717,12.456506649402513,9.72207670807399,nan,nan
228.26,195.0445098876953,-174.21420288085938,-36.07858657836914,195.2830599769469,-174.1636338696714,-36.07839662082119,0.24385119654892143,0.3582946021670755,0.05788323291192345,3.500104037242987e-05,5.239865835019716,12.25697208498579,nan,0.03587001025817971,nan
228.27,195.0358123779297,-174.2159881591797,-36.07990264892578,195.27409248112193,-174.16532137605304,-36.07978804295119,0.24360735543951778,0.3583491246072381,0.05789754978327064,3.5706569259464864e-05,5.218362192505602,12.448245068723102,nan,nan,nan
228.28,195.02711486816406,-174.21774291992188,-36.08119201660156,195.2651213636371,-174.16694694073942,-36.07874874795707,0.24337890818665217,0.3584037340878802,0.05791192962498873,3.500944319469406e-05,5.3681407433944885,12.500999203212483,nan,4.082824612457777,nan
228.29,195.01841735839844,-174.21946716308594,-36.082454681396484,195.25615411920774,-174.16856291452405,-36.08006571758431,0.24313723924944983,0.3584584307601193,0.057926372905759374,3.571531335361229e-05,5.337487411323228,12.408514764474932,nan,nan,nan
228.3,195.0097198486328,-174.22116088867188,-36.08369445800781,195.26820236286437,-174.16352799338603,-36.082380332939415,0.26483294301727894,0.3583835478065053,0.05792059904290453,3.4996655194046304e-05,6.33729474557345,12.305508290852702,23.66191304293823,0.6913290772346867,nan
228.31,195.0010223388672,-174.22280883789062,-36.08490753173828,195.25926208611668,-174.16502150668165,-36.083659495834695,0.2646293640194765,0.3584380039056034,0.05793507467974867,3.570199146319897e-05,6.311894933805674,12.598462075438814,nan,nan,nan
228.32,194.99232482910156,-174.22442626953125,-36.086097717285156,195.25032448469761,-174.166502229502,-36.08702022336814,0.2644236519649221,0.35849254695554944,0.05794961353336956,3.500503280928953e-05,6.273167293267687,12.485876134280693,nan,3.1272602240509797,nan
228.33,194.98362731933594,-174.22601318359375,-36.08726501464844,195.24138444325095,-174.16792982101347,-36.08827429319653,0.26422231279882286,0.3585471771049596,0.0579642160187669,3.571071336202452e-05,6.258158045737092,12.405355668182048,nan,nan,nan
228.34,194.9749298095703,-174.22756958007812,-36.08840560913086,195.2324435996178,-174.16931758131983,-36.08867060804836,0.2640202977961764,0.35860189449474467,0.05797888202200096,3.501341376128185e-05,6.212581981528374,12.473418937836179,nan,0.49228870965872334,nan
228.35,194.9662322998047,-174.22909545898438,-36.08952713012695,195.21471518573347,-174.16134273766664,-36.089796087929116,0.25755435966753254,0.35852693610078035,0.05797316293875177,3.5697384642168865e-05,6.6562679800773275,12.8308798579299,6.031608869348441,nan,nan
228.36,194.95753479003906,-174.2305908203125,-36.09062576293945,195.2057571208904,-174.16264121063392,-36.09065373871402,0.25735476636618043,0.35858141264806753,0.057987860613398036,3.500059354338854e-05,6.635814584776104,12.837588440734258,nan,0.0725966987441506,nan
228.37,194.94883728027344,-174.2320556640625,-36.09170150756836,195.19679923131514,-174.1639123781288,-36.09180765479306,0.25715491021849657,0.35863597620247883,0.058002622112162915,3.5706082362948655e-05,6.617665048915966,12.879787126548699,nan,nan,nan
228.38,194.94015502929688,-174.23348999023438,-36.09275436401367,195.18784213969792,-174.16516343330306,-36.09405947550257,0.2569418734984741,0.3586906269065629,0.058017447366493814,3.500895519174948e-05,6.647038970111808,13.35547364870804,nan,0.8830190662294529,nan
228.39000000000001,194.93145751953125,-174.23489379882812,-36.093788146972656,195.17888412166545,-174.16637608185204,-36.09518367054253,0.25674218287870815,0.3587453649064076,0.0580323367234689,3.571478464903702e-05,6.634335679955791,12.949958564275338,nan,nan,nan
228.4,194.92276000976562,-174.23626708984375,-36.09479904174805,195.19981443748327,-174.18205636852764,-36.097017673573724,0.28231698594087845,0.3586703314485305,0.058026667419337256,3.499613050297137e-05,6.536065549221169,12.369507396472931,10.298107644956074,0.38798825750449467,nan
228.41,194.9140625,-174.2376251220703,-36.09579086303711,195.19090656853268,-174.18324438642605,-36.09810987278468,0.2821440775510777,0.35872482833754893,0.05804158771772867,3.5701425685383775e-05,6.528129566399002,12.087090588024866,nan,nan,nan
228.42000000000002,194.90536499023438,-174.23895263671875,-36.096763610839844,195.18199803589735,-174.18439670321183,-36.09805828805836,0.2819643027453752,0.35877941228471794,0.05805657200272879,3.500447105860094e-05,6.4072402990637976,12.00814378134441,nan,0.8929191277609564,nan
228.43,194.89666748046875,-174.24024963378906,-36.09771728515625,195.17308997318963,-174.18553095832644,-36.09910145626534,0.28178971566767613,0.35883408343518536,0.05807162058348028,3.571011012288066e-05,6.394616671172612,12.0648217075404,nan,nan,nan
228.44,194.88796997070312,-174.24151611328125,-36.09865188598633,195.16418051128002,-174.18661558898845,-36.09687295026842,0.2816194150013372,0.3588888419329633,0.05808673344826803,3.5012817077770795e-05,6.412656628811906,12.191530815625011,nan,7.468366961387155,nan
228.45000000000002,194.8792724609375,-174.24276733398438,-36.09956741333008,195.13491275715575,-174.18872534612785,-36.09787179504717,0.2612955656405182,0.3588137337913939,0.05808110931294313,3.569674881241162e-05,5.716420557056879,12.052120734844285,8.702744307895388,nan,nan
228.46,194.87057495117188,-174.24398803710938,-36.1004638671875,195.1259745816665,-174.1898054255815,-36.098238703365354,0.26109323622569097,0.358868250912253,0.058096252386372255,3.499996661652337e-05,5.758673011490465,12.261309295628799,nan,0.24609101238454842,nan
228.47,194.8618621826172,-174.24517822265625,-36.10134506225586,195.1170362710001,-174.19086500592226,-36.09917290279964,0.2608993276548415,0.35892285514361544,0.0581114599476176,3.57054135887017e-05,5.730742841044289,11.945011602067023,nan,nan,nan
228.48000000000002,194.85316467285156,-174.24635314941406,-36.10220718383789,195.10809764407455,-174.19190196521564,-36.10031478311595,0.26069010809327364,0.35897754662989395,0.05812673201630733,3.5008297699303205e-05,5.682512851094938,12.147074357329643,nan,0.035521243331795835,nan
228.49,194.84446716308594,-174.2475128173828,-36.103050231933594,195.0991587394794,-174.19291398396246,-36.10121834582973,0.26048452449877285,0.3590323255156163,0.05814206885463677,3.571408521523085e-05,5.656422911445232,12.05346826343068,nan,nan,nan
228.5,194.8357696533203,-174.24864196777344,-36.103878021240234,195.06314826547265,-174.18546812418634,-36.103399190550874,0.23599194277923574,0.35895714306855414,0.058136484921849405,3.4995447167215236e-05,5.38614492302103,12.628460115872416,5.728250628161525,1.1060766519837992,nan
228.51,194.8270721435547,-174.24974060058594,-36.10469055175781,195.05416564146083,-174.18642639756422,-36.10428428166451,0.23575476697388298,0.3590116803128529,0.05815185119862789,3.570070052581955e-05,5.365440332523038,12.74516899668359,nan,nan,nan
228.52,194.81837463378906,-174.25082397460938,-36.10548400878906,195.0451828316225,-174.1873658851778,-36.10573962392471,0.23551847710499124,0.35906630471896606,0.05816728220024706,3.50037615611774e-05,5.344435566037587,12.709899012302216,nan,0.24203033201676333,nan
228.53,194.80967712402344,-174.2518768310547,-36.106266021728516,195.03619988599735,-174.188280305426,-36.10660026792161,0.23528109036819783,0.3591210164314373,0.05818277816339378,3.5709358884267756e-05,5.326889838138499,12.722136341344427,nan,nan,nan
228.54,194.8009796142578,-174.2529296875,-36.10702896118164,195.02721687560086,-174.1891721392124,-36.10726080086553,0.2350497333189023,0.35917581559466477,0.05819833914596089,3.501208361186142e-05,5.3080199783445,12.384947592043543,nan,0.02421642380944845,nan
228.55,194.7922821044922,-174.25393676757812,-36.1077766418457,195.03325421311422,-174.19867067089476,-36.10809792841549,0.24722864276095424,0.35910055922039325,0.05819279067105384,3.569597638161513e-05,5.133000096106585,12.4824192733439,3.524527369089426,nan,nan
228.56,194.78358459472656,-174.25494384765625,-36.1085090637207,195.0242964833321,-174.19954648835449,-36.10961928542667,0.24700670704637523,0.35915511647947446,0.05820838031359423,3.49992138439565e-05,5.147788289564131,12.055406575957493,nan,0.3518024396156733,nan
228.57,194.77487182617188,-174.25592041015625,-36.109230041503906,195.01533880781477,-174.20039840810335,-36.110428029355276,0.2467964690738077,0.3592097609514042,0.05822403510792375,3.570461959195728e-05,5.135009098957029,11.79207919445514,nan,nan,nan
228.58,194.76617431640625,-174.2568817138672,-36.10993194580078,195.00638116644544,-174.20122888199708,-36.110850079367665,0.24657131112551803,0.3592644927802631,0.05823975513236835,3.50075252706539e-05,5.101072290379198,12.221651606499167,nan,0.09833465859659468,nan
228.59,194.75747680664062,-174.2578125,-36.11062240600586,194.9974232638132,-174.20204172202654,-36.11162847952449,0.24634466539659927,0.35931931211108303,0.058255540592978064,3.571327187176123e-05,5.086833839917052,12.353310897852,nan,nan,nan
228.6,194.748779296875,-174.2587432861328,-36.11130142211914,195.02580794163737,-174.20813881950207,-36.11172163409175,0.2816129589347019,0.3592439821870487,0.05825002262463727,3.4994659634844675e-05,5.733024281730174,11.456083607775941,14.555618868264899,0.44621292274324315,nan
228.61,194.74008178710938,-174.2596435546875,-36.11196517944336,195.01690689051725,-174.20889807456578,-36.11246914121994,0.2814382625142425,0.3592985593529089,0.058265835935649914,3.5699872561312976e-05,5.717475896149111,11.77218534394433,nan,nan,nan
228.62,194.7313690185547,-174.26063537597656,-36.11271667480469,195.00800414683323,-174.2097032382798,-36.11592478076195,0.28130298397258763,0.35935322378124607,0.05828171468205619,3.5002958541740516e-05,5.991152387187592,11.858207489191596,nan,5.0256792388730895,nan
228.63,194.72267150878906,-174.26171875,-36.113563537597656,194.99910304113928,-174.21058600544202,-36.11683103515882,0.28113986943127056,0.3594079756176242,0.05829765905389106,3.570851586692283e-05,5.982665249285135,11.909860969818206,nan,nan,nan
228.64000000000001,194.71397399902344,-174.26287841796875,-36.114498138427734,194.99020110723797,-174.21155985820312,-36.11885739138766,0.28098756729675384,0.35946281500531035,0.058313669153540006,3.5011267134253724e-05,6.212256986029412,12.445911305491796,nan,0.7473814785709787,nan
228.65,194.7052764892578,-174.26412963867188,-36.11552047729492,194.9741832636755,-174.20787352387092,-36.12007070815772,0.2747659156102441,0.35938741190967616,0.0583081768517376,3.569512287228294e-05,6.377620299911349,12.678105975732036,1.6775702805363482,nan,nan
228.66,194.69656372070312,-174.26547241210938,-36.11663055419922,194.96526974086873,-174.20900052702916,-36.12072372755779,0.2746065424309791,0.3594420088731205,0.05832421397993592,3.499838822946249e-05,6.263525538751457,12.102671984291561,nan,0.20268083096639292,nan
228.67000000000002,194.6878662109375,-174.2668914794922,-36.117828369140625,194.95635565808058,-174.21021358617816,-36.12199508047123,0.27443820488595844,0.3594966931501997,0.05834031692070288,3.570375511283012e-05,6.257346696066562,12.53563287038838,nan,nan,nan
228.68,194.67916870117188,-174.2683868408203,-36.119110107421875,194.9474411667363,-174.21151108619586,-36.12368039285696,0.27427332125650444,0.3595514648835138,0.05835648578867019,3.500669006689229e-05,6.353545067543955,12.847843969378166,nan,0.07546219269808145,nan
228.69,194.67047119140625,-174.2699737548828,-36.12047576904297,194.9385269527596,-174.212889988442,-36.1251278739841,0.2741059825435625,0.3596063242196543,0.05837272075548913,3.571239839154474e-05,6.349327388175588,12.670308379661536,nan,nan,nan
228.70000000000002,194.66175842285156,-174.2716522216797,-36.121925354003906,194.89106457281991,-174.20378036370258,-36.12614301395093,0.2391771062915553,0.3553563917768184,0.058240243717364526,3.499362122833118e-05,8.148551907313117,14.849269149849022,10.896497714980944,0.14956429988188394,0.00028915662641851563
228.71,194.65306091308594,-174.2733917236328,-36.12345886230469,194.88209038823607,-174.2053147903,-36.12775340891895,0.23897157251473275,0.35540747454916244,0.05825515029314974,3.5698791845276086e-05,8.136702188654185,15.5231125722432,nan,nan,nan
228.72,194.6443634033203,-174.2752227783203,-36.12507247924805,194.8731751020611,-174.2069133741408,-36.12724242216327,0.23880049587943478,0.35545864218868173,0.05827011574430683,3.500192040850052e-05,7.735607143534686,14.928555497972031,nan,3.4304535602219777,nan
228.73000000000002,194.6356658935547,-174.27711486816406,-36.126766204833984,194.8642015213878,-174.20860590760697,-36.12899565505827,0.2385937579107854,0.355509896838263,0.05828514035494675,3.5707436323817756e-05,7.71968722962584,15.30117640513466,nan,nan,nan
228.74,194.626953125,-174.2790985107422,-36.1285400390625,194.85520012002348,-174.21038333112247,-36.131901476262414,0.2383899450636886,0.35556123666833583,0.05830022413578405,3.50102309663377e-05,7.884548137580448,14.799447260923872,nan,0.810224783587469,nan
228.75,194.61825561523438,-174.28115844726562,-36.130393981933594,194.83634814978265,-174.21520609827013,-36.13377312475137,0.22787164055647113,0.3554944715564162,0.05829442718932839,3.5694048559260516e-05,7.236936664050303,15.096440342483204,7.777614168981908,nan,nan
228.76,194.60955810546875,-174.28329467773438,-36.13232421875,194.82731471737944,-174.21716570427674,-36.13741529526782,0.22763326255513003,0.3555455898947848,0.05830953429416552,3.499735783809427e-05,7.637471012202585,15.565323745623203,nan,1.8964416131150268,nan
228.77,194.60086059570312,-174.28550720214844,-36.134334564208984,194.81832398336584,-174.21918992595226,-36.13951357646902,0.227409604598871,0.35559679511096026,0.058324700805184974,3.570268528332743e-05,7.628102302449461,15.38123457170689,nan,nan,nan
228.78,194.5921630859375,-174.28778076171875,-36.136383056640625,194.80934900468625,-174.22128464610554,-36.141065847204125,0.2271857944983506,0.35564808548112287,0.05833992675548983,3.5005664743422106e-05,7.482135823435841,15.644981087985572,nan,0.25924556645025415,nan
228.79,194.58346557617188,-174.29013061523438,-36.138431549072266,194.80035882819934,-174.223456288595,-36.143239647212404,0.22696093588013466,0.35569946299340777,0.058355212395900254,3.5711334600801816e-05,7.482279762611761,15.544150239478718,nan,nan,nan
228.8,194.57476806640625,-174.2925567626953,-36.14046096801758,194.7995546464497,-174.2296648224393,-36.14599713952923,0.23348458602615538,0.35563260705912236,0.0583494511031123,3.49928022582339e-05,7.6486777132830435,15.377412327308924,0.7745696149620799,0.26966780497364334,nan
228.81,194.56605529785156,-174.29505920410156,-36.142459869384766,194.79057875418928,-174.2319893952854,-36.14814331312769,0.2332828428383054,0.3556837628003046,0.05836475959087874,3.569794023916179e-05,7.658213366278591,14.890172237378096,nan,nan,nan
228.82,194.55735778808594,-174.29762268066406,-36.14442443847656,194.78158706214242,-174.23438846893316,-36.150913723767346,0.23306532067364968,0.35573500366848537,0.058380127781831576,3.5001103047614494e-05,7.935683676738879,15.722451951497046,nan,0.30341923472143445,nan
228.83,194.5486602783203,-174.30026245117188,-36.1463508605957,194.77261203640023,-174.2368540802226,-36.15300071905807,0.23285023528246127,0.35578633154537437,0.058395555907888225,3.570658709455252e-05,7.95077797269363,15.631209774649129,nan,nan,nan
228.84,194.5399627685547,-174.302978515625,-36.14824295043945,194.76370782744357,-174.23937369956082,-36.15217003045709,0.2326431730380506,0.3558377448632094,0.0584110440302831,3.5009416549563136e-05,7.133274328739274,14.491267374541373,nan,5.861195300927865,nan
228.85,194.53128051757812,-174.3057403564453,-36.15009689331055,194.7436490340953,-174.24928467706553,-36.15401871681134,0.21977946046324495,0.355770800018842,0.058405314729169676,3.56932050470957e-05,6.13294379375624,15.452608716389886,20.869094993497097,nan,nan
228.86,194.5225830078125,-174.3085479736328,-36.151912689208984,194.73468641422588,-174.25197285035316,-36.15460596692048,0.2195355400182341,0.35582199134189524,0.05842082520812971,3.499654949638863e-05,5.887013921915931,14.205137549645166,nan,1.3069260940386562,nan
228.87,194.51388549804688,-174.3113250732422,-36.15369415283203,194.7256916317592,-174.25467092859444,-36.15650443994739,0.21927021707837624,0.3558732695399105,0.05843639586465942,3.570184673006568e-05,5.876099583264974,14.466945364013279,nan,nan,nan
228.88,194.50518798828125,-174.31407165527344,-36.15543746948242,194.71670069999962,-174.25734243844946,-36.15821419113684,0.21900580230456662,0.3559246331508278,0.05845202677579354,3.500486175726136e-05,5.850018253754071,14.410682804878887,nan,0.016719007183930684,nan
228.89000000000001,194.49649047851562,-174.3167724609375,-36.15715026855469,194.7077064380885,-174.25997444707588,-36.160042216519884,0.21873856386095292,0.35597608390093743,0.05846771814994227,3.571050221311173e-05,5.838488913088855,14.225921453411267,nan,nan,nan
228.9,194.48779296875,-174.3194122314453,-36.1588249206543,194.69435828265222,-174.2589337400756,-36.16071529658297,0.2152450936654053,0.3559090486071314,0.05846201695405237,3.499200751223637e-05,5.835549893985209,14.626341213774875,1.7466309746783222,0.6697256088791792,nan
228.91,194.47909545898438,-174.322021484375,-36.16046905517578,194.68535801519354,-174.26145775636635,-36.162464641728604,0.21497950974438304,0.35596027708216615,0.058477730162256276,3.569711697677543e-05,5.820217950700839,13.977095132477787,nan,nan,nan
228.92000000000002,194.4704132080078,-174.32456970214844,-36.162078857421875,194.6763446370977,-174.2639338872856,-36.16476368889538,0.21468969200017898,0.3560115909406002,0.05849350387844272,3.500031578804541e-05,5.888605999774985,14.777418559502035,nan,0.2390009902316836,nan
228.93,194.4617156982422,-174.3270721435547,-36.163658142089844,194.6673447621078,-174.26635719632807,-36.16645529059117,0.21442350795264561,0.3560629918048483,0.058509338297984534,3.570577214247371e-05,5.876722451569372,14.157512573268576,nan,nan,nan
228.94,194.45301818847656,-174.32952880859375,-36.16520309448242,194.65839909112026,-174.26872094667684,-36.16571293584792,0.2141942370370033,0.3561144783658048,0.05852523351733375,3.5008637763241016e-05,5.640387640786707,13.934452400485942,nan,4.076082924939718,nan
228.95000000000002,194.4443359375,-174.33192443847656,-36.16672134399414,194.61854150008907,-174.25825964357136,-36.16720946555847,0.18914100112894458,0.35604735427184026,0.05851955662584107,3.5692401110008025e-05,5.644338073925867,15.319949431265458,9.136966632702824,nan,nan
228.96,194.43563842773438,-174.3342742919922,-36.16820526123047,194.60949852366468,-174.26051187002844,-36.16846858868388,0.1888605231174637,0.35609861833131345,0.05853547314019603,3.4995781704699864e-05,5.614545328695436,14.942499073511469,nan,0.07056257754805517,nan
228.97,194.42694091796875,-174.33657836914062,-36.16966247558594,194.60044891065593,-174.26271799938664,-36.1700116318076,0.18857491788834624,0.35614996926375037,0.058551450595451644,3.570105296382974e-05,5.591098331179461,14.765600997275222,nan,nan,nan
228.98000000000002,194.4182586669922,-174.33885192871094,-36.17108917236328,194.59143357091833,-174.26487201628146,-36.169957903141345,0.18831849235524717,0.3562014058610775,0.058567489098671245,3.500410416013692e-05,5.600228591960324,14.880585500876997,nan,1.736385053207864,nan
228.99,194.40956115722656,-174.341064453125,-36.172489166259766,194.58238446748925,-174.26698582095932,-36.171428978405025,0.1880336786641639,0.3562529295966377,0.05858358882943,3.5709719470566714e-05,5.570526593480477,14.724966001175071,nan,nan,nan
229.0,194.40086364746094,-174.34323120117188,-36.173858642578125,194.59206920369772,-174.27437832033135,-36.173333187216585,0.2032253922107009,0.3561857154165865,0.058577932294900804,3.499126239240846e-05,5.7101870162922514,14.330459897281774,3.6053251535850994,0.2233549629579525,nan
229.01,194.39218139648438,-174.34536743164062,-36.175201416015625,194.5830516779866,-174.2764066872664,-36.174754009550604,0.20294641853929876,0.35623701637067856,0.05859405275321629,3.569634759262856e-05,5.683979042404714,14.393028990643066,nan,nan,nan
229.02,194.38348388671875,-174.3474578857422,-36.176517486572266,194.5740369473444,-174.2783917525439,-36.17601445365724,0.2026841205197939,0.3562884029556975,0.058610234503029816,3.4999582323281644e-05,5.662014449947421,14.035216998445112,nan,0.012737231961165937,nan
229.03,194.37478637695312,-174.34950256347656,-36.17781066894531,194.56501937505828,-174.28033520960201,-36.17738231035953,0.20241763732729046,0.35633987654756266,0.05862647771543642,3.57050152352598e-05,5.636125468662724,13.990370916331342,nan,nan,nan
229.04,194.36610412597656,-174.35150146484375,-36.179073333740234,194.5559836724404,-174.28224010910267,-36.179618329555694,0.2021179719491564,0.35639143608210905,0.05864278251014194,3.500791661449957e-05,5.614932229494446,14.693471907411393,nan,0.5630340519463672,nan
229.05,194.35740661621094,-174.3534698486328,-36.18031311035156,194.55329473011892,-174.29458773472632,-36.18085014016328,0.20454717037774658,0.3563241332137301,0.05863714241679475,3.5691658775167536e-05,5.015230096502681,13.640689305153575,9.725752987200481,nan,nan
229.06,194.3487091064453,-174.3553924560547,-36.1815299987793,194.54430754498057,-174.29644663609156,-36.181042686319934,0.204288022952862,0.3563754697370028,0.058653467353376246,3.499507481351225e-05,4.990103898089998,13.715364693964126,nan,0.8682902576946858,nan
229.07,194.34002685546875,-174.35726928710938,-36.18272018432617,194.5352979817697,-174.29826972610277,-36.182309180932094,0.20399002399530206,0.3564268931368479,0.0586698539845865,3.570032430438667e-05,4.963369690236841,14.409828890090132,nan,nan,nan
229.08,194.33132934570312,-174.35911560058594,-36.18388748168945,194.52629603687615,-174.30005396995833,-36.18315952423639,0.20371749262496397,0.3564784024422436,0.05868630243676974,3.500341067764123e-05,4.950166814923038,13.764564043125048,nan,0.10914949552182825,nan
229.09,194.32264709472656,-174.36093139648438,-36.185028076171875,194.51728631141748,-174.30180175827707,-36.18437686488869,0.20342360449248795,0.35652999889130405,0.05870281287112987,3.570900502011369e-05,4.923441183884192,14.119641065343245,nan,nan,nan
229.1,194.31394958496094,-174.3627166748047,-36.18614959716797,194.5347407633396,-174.31376485126086,-36.18689165589516,0.22615387710420776,0.35646260628765564,0.05869718521006752,3.49905840427788e-05,4.956321500482118,12.839032422886326,6.473118485699643,1.0511029258857705,nan
229.11,194.3052520751953,-174.3644561767578,-36.18724822998047,194.52577495285144,-174.3154563022453,-36.18807974502013,0.2259026752591469,0.3565139794466194,0.0587137151749356,3.569564910871051e-05,4.936839802586656,13.113796880394712,nan,nan,nan
229.12,194.29656982421875,-174.36614990234375,-36.188323974609375,194.5168086574594,-174.31711279328013,-36.18927603368552,0.22563396940399158,0.35656543847142635,0.05873030719505973,3.499891824867663e-05,4.919155150525315,13.835887972672332,nan,0.0006100202506875773,nan
229.13,194.28787231445312,-174.36782836914062,-36.18938064575195,194.5078429071398,-174.31873488695888,-36.190422391613865,0.2253848195289532,0.35661698451179746,0.058746961426597064,3.5704331804766445e-05,4.901311690964948,12.80434074888274,nan,nan,nan
229.14000000000001,194.2791748046875,-174.3694610595703,-36.19041442871094,194.49890362634056,-174.32032053725746,-36.19011370085629,0.225156915140234,0.3566686167276118,0.058763678003426044,3.500726719138417e-05,4.850414861131659,13.147884520337067,nan,1.4525852048081518,nan
229.15,194.27049255371094,-174.37107849121094,-36.19142532348633,194.45235839249258,-174.30311841324442,-36.191204955600064,0.19414892241517206,0.35660113555454276,0.058758058764670336,3.569099194306895e-05,5.078554122129143,14.172264428390255,15.93326442053172,nan,nan
229.16,194.2617950439453,-174.37265014648438,-36.192420959472656,194.44331517618656,-174.30460175863834,-36.19318013042663,0.19385746784135277,0.35665254424670223,0.058774794241317097,3.499444146268138e-05,5.071137500465085,13.888390420883168,nan,0.5759166790123673,nan
229.17000000000002,194.2530975341797,-174.3741912841797,-36.19339370727539,194.4342880670216,-174.30605186766664,-36.194242267361005,0.19358127318647858,0.35670403982778626,0.05879159215541248,3.5699673155684946e-05,5.052476849084333,13.96991955168743,nan,nan,nan
229.18,194.24441528320312,-174.37570190429688,-36.1943473815918,194.42527962655916,-174.30746934578713,-36.194219905313766,0.19330703295172014,0.356755621540939,0.058808452644532744,3.500279253448073e-05,5.010091311733627,14.333148459864356,nan,0.8020110318986725,nan
229.19,194.2357177734375,-174.37718200683594,-36.195281982421875,194.4162521325796,-174.30885787384133,-36.195234501458025,0.19303068210714627,0.356807290412418,0.058825375859319254,3.570836981805335e-05,4.987535311879144,13.908088436561926,nan,nan,nan
229.20000000000002,194.22702026367188,-174.37863159179688,-36.196197509765625,194.40648005775998,-174.3050363314134,-36.195736349877585,0.193964668724744,0.35673971984089436,0.05881976097469966,3.498998233963912e-05,5.330847331740599,14.061162130977424,2.9244048222984578,0.14670948074419018,nan
229.21,194.21832275390625,-174.3800506591797,-36.19709777832031,194.39745223081016,-174.30634461032517,-36.19671057767813,0.19370106106562837,0.3567911649116067,0.058836702435124365,3.569503110461e-05,5.30693477134977,13.976169767918716,nan,nan,nan
229.22,194.2096405029297,-174.38145446777344,-36.197975158691406,194.38841061293357,-174.30762535542843,-36.19848358413985,0.19341599870974643,0.356842696068218,0.058853706696114616,3.499833212437792e-05,5.28867129822947,14.276210985211423,nan,0.47001466267490566,nan
229.23000000000002,194.20094299316406,-174.3828125,-36.19883728027344,194.37938253296062,-174.3088770010364,-36.19943208153466,0.19315144617202548,0.35689431425907364,0.05887077390575581,3.57037300874081e-05,5.268987749340467,14.166229422724964,nan,nan,nan
229.24,194.19224548339844,-174.3841552734375,-36.199684143066406,194.3703342625578,-174.31010220172095,-36.201568066485834,0.19288084368485206,0.3569460188429422,0.05888790420544859,3.500669678842782e-05,5.339210744649787,13.890849502608567,nan,1.0230327888201047,nan
229.25,194.1835479736328,-174.38546752929688,-36.20051193237305,194.34060170194815,-174.3014697400169,-36.20232678983893,0.17811455833056203,0.35687835983157046,0.058882289588844436,3.569040758335524e-05,5.4240024635647925,14.64556254902324,5.743226349953994,nan,nan
229.26,194.17486572265625,-174.38674926757812,-36.201324462890625,194.33152787919522,-174.30262091118976,-36.20393356444474,0.17784099373026455,0.3569298403772626,0.05889943746008857,3.499388775581355e-05,5.504190688640776,15.231805774557076,nan,0.3437047031946708,nan
229.27,194.16616821289062,-174.3880157470703,-36.202117919921875,194.32246519178358,-174.30374548448495,-36.20483452900806,0.17758829559460723,0.3569814078347315,0.058916648499623026,3.5699105252602205e-05,5.495618367879911,14.642751286073725,nan,nan,nan
229.28,194.157470703125,-174.38925170898438,-36.20289993286133,194.3133876897286,-174.30484515247772,-36.20666178994614,0.1773378838871707,0.3570330616351641,0.05893392285046104,3.50022546735118e-05,5.672137190156153,14.763090761107515,nan,0.6255454967990257,nan
229.29,194.14877319335938,-174.3904571533203,-36.20366287231445,194.30432475022744,-174.30591928812737,-36.20754230812059,0.17708186671037743,0.3570848026193245,0.05895126065827836,3.5707818418890054e-05,5.667915078303699,15.01334284358515,nan,nan,nan
229.3,194.14007568359375,-174.3916473388672,-36.20441436767578,194.29592908464937,-174.30342397588456,-36.209762545428624,0.17917100044886183,0.3570170545320754,0.05894564218662189,3.4989461142907605e-05,6.3304958201097286,15.151205608281032,1.7690085710741486,1.1734929557366318,nan
229.31,194.13137817382812,-174.39280700683594,-36.20514678955078,194.28686801150815,-174.30443382990111,-36.210628278507016,0.1789328218759504,0.35706857120295843,0.05896299687018708,3.569449703598255e-05,6.333864331618049,15.440262500084916,nan,nan,nan
229.32,194.12269592285156,-174.39395141601562,-36.205867767333984,194.27780549178692,-174.30542023994457,-36.211577084871514,0.17868783903383523,0.3571201741639113,0.05898041508228265,3.4997826755668636e-05,6.402755340251389,15.644873183457289,nan,0.0066207059091972775,nan
229.33,194.11399841308594,-174.3950653076172,-36.20656967163086,194.2687443227479,-174.3063835099084,-36.2124166620636,0.17845152030479106,0.3571718641888066,0.05899789696774824,3.57032124689895e-05,6.408175510409623,15.544523709397053,nan,nan,nan
229.34,194.1053009033203,-174.3961639404297,-36.2072639465332,194.25967934681353,-174.3073242607359,-36.213495685370525,0.1782246533799961,0.35722364080828256,0.05901544267085593,3.500620720886267e-05,6.539843423312178,15.264763364596915,nan,0.04504838595872143,nan
229.35,194.0966033935547,-174.39723205566406,-36.20793914794922,194.24656792242186,-174.31052466866575,-36.21436272772239,0.17334587752678357,0.35715580442369055,0.059009816197636275,3.568990709498742e-05,6.30127782776504,15.754797766641023,1.6855892674631987,nan,nan
229.36,194.08790588378906,-174.39828491210938,-36.20860290527344,194.23748267855223,-174.31143544657564,-36.21625845607056,0.17313189958272765,0.3572073564887285,0.05902737806060974,3.499341457411584e-05,6.799651057832265,16.025339117349656,nan,0.8414006541502028,nan
229.37,194.07920837402344,-174.39942932128906,-36.20935821533203,194.2284125607087,-174.31237908949885,-36.21711378220618,0.17291553139230043,0.3572589954995411,0.05904500380988973,3.5698621033919334e-05,6.793534558215376,15.930949474715119,nan,nan,nan
229.38,194.0705108642578,-174.40065002441406,-36.210205078125,194.219354138687,-174.31340958449056,-36.21718862981333,0.17266726584687533,0.35731072104817063,0.05906269358996585,3.500179707892319e-05,6.4850841051889745,15.807090143470816,nan,0.5373565717194672,nan
229.39000000000001,194.0618133544922,-174.40196228027344,-36.21113967895508,194.21028358834036,-174.3145256971269,-36.21821791479815,0.17244902966941628,0.3573625338171217,0.059080447545349656,3.570735035500919e-05,6.478391881493152,15.703086239048462,nan,nan,nan
229.4,194.05311584472656,-174.40335083007812,-36.212162017822266,194.21505540082111,-174.32235730101823,-36.218876523221006,0.18118900673171773,0.3572946086657183,0.05907480889870483,3.498901961970889e-05,6.287964742384637,15.38429620792688,2.0055904769249198,0.16409261437075845,nan
229.41,194.04441833496094,-174.4048309326172,-36.21327209472656,194.20600711410256,-174.3236551157331,-36.22008028135009,0.18096076424568405,0.3573461966072475,0.05909257827778654,3.56940456119222e-05,6.281577121847337,15.157437655889161,nan,nan,nan
229.42000000000002,194.0357208251953,-174.40638732910156,-36.21446990966797,194.19696532131314,-174.32503567873803,-36.22087104052501,0.18071760573173903,0.3573978710270611,0.05911041189693251,3.499740051522588e-05,6.1369785967870705,15.101684641493867,nan,0.17714829490543918,nan
229.43,194.0270233154297,-174.4080352783203,-36.21575164794922,194.1879170036931,-174.32649786625254,-36.22224457452928,0.1804917909082963,0.35744963255163964,0.05912830990092489,3.570277685816204e-05,6.1309005656792674,14.916581325670228,nan,nan,nan
229.44,194.01832580566406,-174.40975952148438,-36.21712112426758,194.17885515066965,-174.32804056168416,-36.22477152814963,0.18029472448829337,0.3575014808564561,0.05914627243385741,3.5005796080806305e-05,6.605695267182161,15.356610294938948,nan,0.8045502815029332,nan
229.45000000000002,194.00962829589844,-174.41156005859375,-36.218570709228516,194.16255136123644,-174.3265044470539,-36.22635839817783,0.17515869680366591,0.3574334675643662,0.059140617420712804,3.568948766801099e-05,6.643287097411525,15.837078542268163,0.5352438080874208,nan,nan
229.46,194.0009307861328,-174.41343688964844,-36.2201042175293,194.15347789309294,-174.32820028883427,-36.22907523132553,0.17497536126206786,0.35748509079709473,0.05915859462125484,3.4993018879349664e-05,7.227137020388936,16.407681394072334,nan,0.8196888705511955,nan
229.47,193.9922332763672,-174.41539001464844,-36.221717834472656,194.1444179205862,-174.32997476630396,-36.23080861420778,0.17475289085450385,0.3575368010205437,0.05917663641265104,3.5698216991300006e-05,7.225547148846276,16.469152951020828,nan,nan,nan
229.48000000000002,193.98353576660156,-174.41741943359375,-36.223411560058594,194.1353596083677,-174.33182641827972,-36.23251212991039,0.1745263979196471,0.35758859796099857,0.059194742938358094,3.5001416064984785e-05,7.2599740219165705,16.504122975452542,nan,0.008834319038247837,nan
229.49,193.97483825683594,-174.41954040527344,-36.22518539428711,194.12630014902632,-174.333753974143,-36.234407453756376,0.17431311750078335,0.35764048216922034,0.05921291434410849,3.5706961468958574e-05,7.259899661297849,16.105314201703976,nan,nan,nan
229.5,193.9661407470703,-174.42172241210938,-36.2270393371582,194.09511509639162,-174.3252579269156,-36.23383896378115,0.1612017822753982,0.35757238040730094,0.05920723875121565,3.498865351283113e-05,6.299196035254104,15.984131456102375,6.295212382428441,3.971313384552709,nan
229.51,193.9574432373047,-174.42398071289062,-36.22896957397461,194.0860200004494,-174.32731385926542,-36.23586673368679,0.16100942650249706,0.35762403927253317,0.05922542404936566,3.569367210444418e-05,6.294274379069158,15.97956621451534,nan,nan,nan
229.52,193.94874572753906,-174.42630004882812,-36.230979919433594,194.07692337381044,-174.32944326059163,-36.23813015389671,0.1608162687169371,0.3576757847889343,0.059243674283425904,3.499704859072247e-05,6.405351981356105,16.236870306539053,nan,0.01745490667732761,nan
229.53,193.9400634765625,-174.4287109375,-36.233028411865234,194.06782887595062,-174.33164548507492,-36.2402981440116,0.1606192651607309,0.3577276174614603,0.05926198960003383,3.570241797265379e-05,6.408631479242666,16.370317826107787,nan,nan,nan
229.54,193.93136596679688,-174.43118286132812,-36.235076904296875,194.0587626887498,-174.33392204722546,-36.23995320070761,0.16035388673477388,0.35777953708471155,0.05928037014129785,3.500545808112008e-05,5.591271765947719,15.284829554432413,nan,4.535400396415132,nan
229.55,193.92266845703125,-174.43373107910156,-36.23710632324219,194.06782081741443,-174.35601508718707,-36.24199725340272,0.1647206857741194,0.35771134735334337,0.05927466974125945,3.568914354143602e-05,4.792778169750728,14.260737685488785,20.890762565051567,nan,nan
229.56,193.91397094726562,-174.43634033203125,-36.23910903930664,194.05874709197232,-174.35849184735687,-36.24479660732441,0.16447755795909594,0.3577630413857773,0.0592930633802047,3.4992694909302186e-05,5.030152942452423,14.5715346988564,nan,0.3171667519793605,nan
229.57,193.9052734375,-174.43902587890625,-36.24107360839844,194.04968089540105,-174.3610386608419,-36.24690127457001,0.16422387698464658,0.3578148224640281,0.05931152230062254,3.569788689871148e-05,5.0407764317201575,14.487759783426924,nan,nan,nan
229.58,193.89657592773438,-174.44178771972656,-36.24300003051758,194.04065248033893,-174.3636582512794,-36.24533220052262,0.16391371470131672,0.3578666904237448,0.059330046643538616,3.50011054430733e-05,4.229029789525608,13.497730053925892,nan,9.351004662009103,nan
229.59,193.8878936767578,-174.44461059570312,-36.24489212036133,194.03158704005133,-174.3663414794939,-36.24733021578128,0.16364529176255677,0.35791864570863086,0.05934863655721108,3.570664511219612e-05,4.223642883982871,13.987538244618925,nan,nan,nan
229.6,193.8791961669922,-174.44749450683594,-36.24674606323242,194.04670408836367,-174.37115219941379,-36.248997233601706,0.1840981243597125,0.35785036779422535,0.05934290710372702,3.498835627551776e-05,4.6684566581194415,13.06624476623559,8.32284153947388,0.040059330322731505,nan
229.61,193.87049865722656,-174.450439453125,-36.24856185913086,194.03768151395508,-174.37395441211572,-36.25091979340037,0.1838630711592672,0.35790209721934546,0.05936150930220435,3.569336951279854e-05,4.662852199763261,13.21982299430456,nan,nan,nan
229.62,193.86181640625,-174.45346069335938,-36.250343322753906,194.0286530412157,-174.3768213803281,-36.253477522833826,0.18362426386163472,0.3579539134542846,0.05938017711734427,3.499676408759143e-05,4.771589952884264,13.379420311651662,nan,0.3176578529594352,nan
229.63,193.85311889648438,-174.45652770996094,-36.25209045410156,194.01963170280865,-174.37974382536336,-36.25533644317892,0.1833925190649017,0.35800581690619215,0.05939891069859414,3.570212846945725e-05,4.769741350086432,12.85332092368508,nan,nan,nan
229.64000000000001,193.8444366455078,-174.45957946777344,-36.25379943847656,194.01059897201839,-174.38268219236957,-36.25842970192188,0.1831517104902854,0.35805780746531196,0.05941771018520014,3.500518600467261e-05,5.068450514601195,13.82479162944141,nan,1.135938484740184,nan
229.65,193.8357391357422,-174.4626007080078,-36.25547790527344,194.0420629365945,-174.39432149750695,-36.26028783143604,0.21738145453202135,0.3579894417671514,0.05941194742750508,3.568886709632172e-05,5.588586874363937,12.35647498903125,15.763110860949704,nan,nan
229.66,193.82705688476562,-174.465576171875,-36.25712203979492,194.0331087834458,-174.3971963847969,-36.262372018185225,0.21716524239310248,0.35804120621591645,0.05943075836713148,3.4992435210887666e-05,5.708666245140446,12.820361718521056,nan,0.06883107086965057,nan
229.67000000000002,193.818359375,-174.46849060058594,-36.258731842041016,194.02415778743733,-174.40002181447127,-36.26411500389565,0.21695607773301717,0.3580930577745627,0.05944963526461772,3.5697622868927294e-05,5.7132096447029275,12.680504396833804,nan,nan,nan
229.68,193.80967712402344,-174.4713592529297,-36.260311126708984,194.01519587487965,-174.40279135304053,-36.267128308797524,0.21676251479519437,0.3581449963656912,0.05946857825797786,3.500085751913303e-05,6.20986470455112,13.252558557379082,nan,1.1963550622334107,nan
229.69,193.8009796142578,-174.4741668701172,-36.26185607910156,194.0062456062988,-174.40550775035825,-36.26882223248617,0.21655652728009928,0.3581970223481067,0.05948758749850899,3.5706393164057416e-05,6.221864897486068,13.10405981314608,nan,nan,nan
229.70000000000002,193.79229736328125,-174.47691345214844,-36.26337432861328,194.0334858521241,-174.42787621319872,-36.2697133148731,0.2462046317616969,0.3581285687456742,0.05948178716618406,3.498812003127997e-05,5.702202231729482,12.424478132773107,16.134020004048015,0.357167228927471,nan
229.71,193.78359985351562,-174.4796142578125,-36.26485824584961,194.02459406919257,-174.43052669240268,-36.271339343600914,0.24602805875686848,0.35818036835055506,0.05950080701061195,3.569312954294813e-05,5.711658828505058,11.985301932187415,nan,nan,nan
229.72,193.77491760253906,-174.48226928710938,-36.26631546020508,194.02573774585557,-174.42140083219772,-36.271995360718286,0.25816268972584555,0.35767456498371836,0.05875756186156761,3.499613561993283e-05,8.692867949081537,14.98431998446609,nan,0.6370554879300783,0.18030024507759163
229.73000000000002,193.7662353515625,-174.48486328125,-36.26774215698242,194.01685672275295,-174.4239184503914,-36.273554908689015,0.2579905660836582,0.3577253781660937,0.0587733486521814,3.570148757773943e-05,8.68779776033772,15.23846055112011,nan,nan,nan
229.74,193.75753784179688,-174.48739624023438,-36.269142150878906,194.00795089471487,-174.42640045344183,-36.27626063480874,0.25783300000506143,0.357776276845865,0.05878919433168596,3.500458240844727e-05,9.159178212918825,15.566524562571697,nan,0.9729645938621057,nan
229.75,193.7488555908203,-174.48988342285156,-36.270511627197266,194.05367492562527,-174.44323798600044,-36.277769428561214,0.30845307476277384,0.3577091905878726,0.05878333116682638,3.568825220047496e-05,9.93689996133966,15.232419798548257,29.978565661315404,nan,nan
229.76,193.74017333984375,-174.49232482910156,-36.27185821533203,194.04491589951823,-174.4455858397479,-36.27790982138106,0.30836533971658997,0.357759868886859,0.05879919626085455,3.499185631650244e-05,9.479030106812143,14.51690653383469,nan,1.2854677155653957,nan
229.77,193.73147583007812,-174.49472045898438,-36.27317428588867,194.03612932613981,-174.44790273944835,-36.27935961047155,0.30829192296484054,0.3578106336940358,0.05881512089092663,3.569703301245703e-05,9.476769154939426,14.295110316102607,nan,nan,nan
229.78,193.72279357910156,-174.4970703125,-36.27446365356445,194.02738627126323,-174.45014263253069,-36.278625883108475,0.3082145996223556,0.3578614839793086,0.05883110469113921,3.500030242771669e-05,8.872261397152872,13.909807885129782,nan,3.2884186458130427,nan
229.79,193.714111328125,-174.49937438964844,-36.27573013305664,194.0185996370772,-174.45236381375997,-36.280003521619854,0.3081256016363133,0.35791242103336235,0.05884714830601995,3.5705827788986816e-05,8.861220950361679,13.78201891480397,nan,nan,nan
229.8,193.70542907714844,-174.50161743164062,-36.27696990966797,194.00101417765907,-174.44988407780647,-36.28067739455813,0.300101044628343,0.3578452591882268,0.05884130729358371,3.498758849243201e-05,8.829135749689923,14.19845719369775,0.9858387035276144,0.3225721465004553,nan
229.81,193.6967315673828,-174.5038299560547,-36.27818298339844,193.99221332080867,-174.45200254775278,-36.28199964340679,0.30001685578069254,0.35789597561196146,0.05885736983589814,3.569258838279118e-05,8.817770117543605,13.633516672507316,nan,nan,nan
229.82,193.68804931640625,-174.50599670410156,-36.27937316894531,193.98340776565314,-174.4540797814662,-36.28354657835936,0.29991565104807794,0.35794677748996223,0.058873491824792935,3.49960300916113e-05,8.880033591926702,13.974629780616581,nan,0.043442549368467975,nan
229.83,193.6793670654297,-174.50811767578125,-36.280540466308594,193.97460694945286,-174.45611034449092,-36.28482501324015,0.29981612526408313,0.35799766600057803,0.05888967386201214,3.5701382024438826e-05,8.869054165035886,14.000961437379765,nan,nan,nan
229.84,193.67066955566406,-174.51019287109375,-36.28168487548828,193.965817552824,-174.45809062900713,-36.28546666373134,0.299735359576234,0.35804864028022304,0.058905915644572836,3.500448490124016e-05,8.73631740468757,13.676598481931368,nan,0.26626698410236144,nan
229.85,193.6619873046875,-174.51222229003906,-36.282806396484375,193.96190006605363,-174.4556677638706,-36.28687845426254,0.3052255895480359,0.35798140392402344,0.05890009359563445,3.568815485977203e-05,9.403402303743503,14.295554677553369,7.397173371119469,nan,nan
229.86,193.65330505371094,-174.51422119140625,-36.283905029296875,193.95312250568972,-174.45754008924314,-36.287438424152015,0.3051487124873327,0.3580321573805856,0.05891635381774197,3.499176650200089e-05,9.269364079910824,13.942471844455937,nan,0.29820669404855976,nan
229.87,193.6446075439453,-174.51617431640625,-36.28498077392578,193.94433315897584,-174.45938019182032,-36.28862031870839,0.3050807486209734,0.35808299733683124,0.058932674319092375,3.5696943397888636e-05,9.257542262409219,13.848814065192874,nan,nan,nan
229.88,193.63592529296875,-174.51809692382812,-36.28603744506836,193.9355467803362,-174.46117879664104,-36.28960515305234,0.3050007171057697,0.35813392303200653,0.05894905483688453,3.500021985028001e-05,9.22432345493623,13.80939986996897,nan,0.0219497186348283,nan
229.89000000000001,193.6272430419922,-174.5199737548828,-36.287071228027344,193.92675722091073,-174.4629408056921,-36.290744236730234,0.3049180080932725,0.3581849354919321,0.05896549591369416,3.570574550791241e-05,9.212023757967911,14.032939676910981,nan,nan,nan
229.9,193.61856079101562,-174.52182006835938,-36.288082122802734,193.9005322247114,-174.46397334231355,-36.29326072644279,0.2878905192435818,0.35811762364740707,0.05895968868472475,3.4987512826926055e-05,8.972779304271283,14.335308510026762,7.146458714386168,1.482181739673654,nan
229.91,193.60986328125,-174.52362060546875,-36.28907775878906,193.8917103672441,-174.46567701256646,-36.29437400777306,0.2877903578910964,0.3581684150369313,0.0589761476689075,3.569251310030612e-05,8.965537176440044,14.108238098668053,nan,nan,nan
229.92000000000002,193.60118103027344,-174.525390625,-36.2900505065918,193.88292364007015,-174.46732022457198,-36.29334958092227,0.2876837733908001,0.3582192921309347,0.058992666935740734,3.499596092117541e-05,8.46405758470077,13.850024229809566,nan,3.170340920707271,nan
229.93,193.5924835205078,-174.52713012695312,-36.2910041809082,193.87410145165256,-174.46895168860257,-36.29440407788808,0.2875846816689524,0.35827025586166394,0.059009246990308996,3.5701313314430365e-05,8.451364996898153,13.444944440444136,nan,nan,nan
229.94,193.58380126953125,-174.52882385253906,-36.29193878173828,193.86527982269766,-174.470547735254,-36.29540281685504,0.2874687483497415,0.35832130560726466,0.05902588762506241,3.500442187450504e-05,8.443382884090374,13.989585978217871,nan,0.0009940094386565433,nan
229.95000000000002,193.5751190185547,-174.53048706054688,-36.29285430908203,193.8471218859059,-174.47251470078032,-36.296349148465566,0.27813408321616445,0.35825391908942233,0.05902009183543207,3.56880923947915e-05,8.043058706024759,13.920007351767149,2.938431714050976,nan,nan
229.96,193.56642150878906,-174.53211975097656,-36.29375457763672,193.83826086417415,-174.47406985355897,-36.29867189732144,0.27801188060809906,0.3583047475642763,0.05903674984232429,3.4991709305029185e-05,8.365762981756538,13.79119034225786,nan,1.2381366504684554,nan
229.97,193.5577392578125,-174.53372192382812,-36.29463577270508,193.8294206651994,-174.47557810474197,-36.299666800792025,0.2778791141148578,0.3583556625508331,0.0590534688630016,3.569688679022195e-05,8.35741236369968,14.063309742745133,nan,nan,nan
229.98000000000002,193.54905700683594,-174.53529357910156,-36.29549789428711,193.82061309960395,-174.47703172276417,-36.29850715625628,0.27775206764469956,0.35840666351189415,0.05907024872465707,3.500016812050455e-05,7.880918171357658,13.600039876464223,nan,3.226969777035744,nan
229.99,193.5403594970703,-174.5368194580078,-36.29634094238281,193.81177270334888,-174.4784760589343,-36.29944760797265,0.2776305677135553,0.35845775125397417,0.059087089881118354,3.5705694420304026e-05,7.865693136342852,13.730605162991308,nan,nan,nan
230.0,193.53167724609375,-174.538330078125,-36.29717254638672,193.82430584774966,-174.48806122945902,-36.30136253669719,0.2969444589011486,0.35839028931330946,0.059081301392836134,3.498746626117711e-05,8.142457830550713,13.396807456506341,4.109917102420205,0.796671034151897,nan
230.01,193.52297973632812,-174.53981018066406,-36.2979850769043,193.81550006854997,-174.4894569026574,-36.30228014150989,0.2968535749307377,0.3584411555393597,0.05909815934551523,3.569246722167071e-05,8.132271954561785,13.203888926784444,nan,nan,nan
230.02,193.51429748535156,-174.54124450683594,-36.29877853393555,193.80670193054542,-174.49081712992202,-36.30261821138849,0.296745721173003,0.358492107695505,0.05911507839506718,3.4995919191132036e-05,8.009526109977536,13.894832640175569,nan,0.22480557544475882,nan
230.03,193.50559997558594,-174.54266357421875,-36.299560546875,193.79789533074708,-174.49215371713174,-36.30349975778453,0.2966535651131116,0.35854314651213415,0.05913205896333182,3.5701272310385974e-05,7.997562268258037,13.107519291234698,nan,nan,nan
230.04,193.49691772460938,-174.54405212402344,-36.300323486328125,193.78910168449363,-174.4934527414204,-36.30342359186612,0.2965491099089628,0.35859427156520046,0.059149100924731864,3.500438468345728e-05,7.811470670474986,13.383822708286658,nan,0.6277694211033494,nan
230.05,193.48822021484375,-174.54542541503906,-36.30107116699219,193.7911852985951,-174.49523515450235,-36.30424913342959,0.30711073523387067,0.35852673480142083,0.05914331618928289,3.568805596781596e-05,8.165887609751476,12.776466831352048,2.499936848143489,nan,nan
230.06,193.4795379638672,-174.5467529296875,-36.30180740356445,193.7823820145386,-174.4964896158483,-36.30625894740248,0.30701911339150734,0.35857763813109744,0.05916037436560386,3.4991676369669444e-05,8.423147656895303,13.675271239004166,nan,0.9853022643912422,nan
230.07,193.47084045410156,-174.54806518554688,-36.302528381347656,193.77359450146508,-174.49770607492377,-36.30708591882674,0.3069475922134213,0.3586286280033846,0.05917749428188547,3.569685463925926e-05,8.414308130229665,13.135451637238322,nan,nan,nan
230.08,193.462158203125,-174.54934692382812,-36.30323028564453,193.7648352977151,-174.49887622208013,-36.30571815821009,0.3068662653899051,0.3586797040622926,0.05919467584180426,3.500013915978364e-05,7.984000455184699,13.227102260205482,nan,3.3593946672939956,nan
230.09,193.45346069335938,-174.55059814453125,-36.303924560546875,193.75604723946603,-174.50004036266688,-36.306496610909534,0.3067919859365087,0.35873086693700784,0.05921191942396614,3.5705666265233154e-05,7.967359058214846,12.900154434486495,nan,nan,nan
230.1,193.44476318359375,-174.5518341064453,-36.30459976196289,193.75766496650382,-174.5017720676713,-36.30791833261126,0.3168986373995024,0.3586632547861777,0.05920613430593765,3.498744100684618e-05,8.421100312169465,12.9586060277452,2.2643287906080896,0.2557506969418711,nan
230.11,193.4360809326172,-174.5531463623047,-36.30537033081055,193.7488952365868,-174.50293246747773,-36.30873084376625,0.3168367356368476,0.3587141956939373,0.05922339348464859,3.569244278813156e-05,8.402546264406777,13.311659848792033,nan,nan,nan
230.12,193.42738342285156,-174.55455017089844,-36.30622863769531,193.7401174701301,-174.50418284085978,-36.31027157899577,0.3167898319655924,0.35876522273484657,0.0592407145526528,3.4995897391451364e-05,8.534245949339716,13.119499758931536,nan,0.2859985825411981,nan
230.13,193.41868591308594,-174.5560302734375,-36.30717468261719,193.7313473889055,-174.5055111937998,-36.31127313421572,0.31674307123379203,0.35881633647763295,0.059258097861979844,3.570125134299e-05,8.518080376723104,13.334564844430078,nan,nan,nan
230.14000000000001,193.41000366210938,-174.55758666992188,-36.30821228027344,193.72260577003263,-174.50690180251112,-36.30994725768413,0.3166891911782324,0.3588675366562869,0.05927554335561508,3.5004366095974295e-05,8.112889654374523,13.24642750184238,nan,4.124473292380694,nan
230.15,193.40130615234375,-174.55923461914062,-36.3093376159668,193.74063856079815,-174.5173981815494,-36.31102809285604,0.3419058768870449,0.35879984954474,0.05926975416249813,3.568803820894314e-05,8.29048140673034,12.563087698836535,6.324920341698915,nan,nan
230.16,193.39260864257812,-174.5609588623047,-36.310546875,193.73189515404778,-174.51899413270323,-36.31383256005154,0.341887658627842,0.3588508275427166,0.059287214626717225,3.499166075047333e-05,8.499643998454642,12.977607661878437,nan,1.724836895493885,nan
230.17000000000002,193.38392639160156,-174.56277465820312,-36.31184005737305,193.72316948299965,-174.52065728436216,-36.31517680291813,0.34186383562966177,0.35890189213090296,0.059304737548641906,3.569683986159302e-05,8.484230264924564,12.94709144035812,nan,nan,nan
230.18,193.37522888183594,-174.5646514892578,-36.3132209777832,193.71445203029072,-174.52239338942007,-36.31586528725657,0.34185535511683807,0.35895304309667486,0.059322322895237006,3.500012629706545e-05,8.35231823937063,12.947860172238382,nan,0.38844113676246184,nan
230.19,193.3665313720703,-174.56661987304688,-36.31468200683594,193.70572642856172,-174.52421327841122,-36.31737281867802,0.34184623163810013,0.3590042809292821,0.05933997098303485,3.570565424358428e-05,8.336765907354495,12.706998414514075,nan,nan,nan
230.20000000000002,193.35784912109375,-174.5686492919922,-36.316226959228516,193.6814465432728,-174.51326969932168,-36.31837592332537,0.3283090144543326,0.3589365184407191,0.0593341735790839,3.498743067362029e-05,8.843384383228294,13.50284108981291,8.30479928797331,0.23397057431113513,nan
230.21,193.34915161132812,-174.57077026367188,-36.31785583496094,193.67269930171008,-174.51520509040972,-36.32004401296159,0.32829161511393273,0.35898753385040594,0.05935183597791336,3.5692433291047515e-05,8.827806994220358,12.838310176135481,nan,nan,nan
230.22,193.3404541015625,-174.5729522705078,-36.31956100463867,193.6639400384713,-174.51722440360518,-36.32296887710096,0.3282687315630395,0.35903863557616494,0.05936956103702672,3.499588940027478e-05,9.006477122918373,13.50924348193182,nan,0.974673653261002,nan
230.23000000000002,193.33177185058594,-174.57522583007812,-36.321346282958984,193.6551930340531,-174.51930976390418,-36.32481177091748,0.3282375328606696,0.35908982406042855,0.05938734905147149,3.5701244181133174e-05,8.99296027245719,13.327164657115206,nan,nan,nan
230.24,193.3230743408203,-174.5775604248047,-36.323211669921875,193.64645389608063,-174.52146333920388,-36.3259709096741,0.3282207080262843,0.35914109916033743,0.059405200020044326,3.500436025514834e-05,8.85546066053118,13.19377177971384,nan,0.4117616697863065,nan
230.25,193.3143768310547,-174.57997131347656,-36.32515335083008,193.63509745971925,-174.52034066333962,-36.32784798929305,0.32622813668227746,0.3590732615849079,0.059399390592017154,3.56880331686089e-05,9.051085534150282,13.228196916827853,1.3491473998640795,nan,nan
230.26,193.30569458007812,-174.5824432373047,-36.32717514038086,193.62633162355854,-174.52264467669025,-36.331654132996086,0.3261963256664135,0.3591243140425009,0.059417255202466934,3.499165685872785e-05,9.401475467475962,13.949698280258334,nan,2.1283330237452884,nan
230.27,193.2969970703125,-174.58499145507812,-36.3292350769043,193.61758271232685,-174.52500790991948,-36.333801378304486,0.326180978390877,0.3591754531521101,0.05943518297960951,3.5696836776427444e-05,9.393897614236087,13.659571963665334,nan,nan,nan
230.28,193.28831481933594,-174.58761596679688,-36.331295013427734,193.60882617498913,-174.52744711571995,-36.336830380296405,0.3261571094257137,0.3592266788116682,0.05945317394135337,3.500012419973428e-05,9.666848136206422,14.002417677932158,nan,0.5234211744106799,nan
230.29,193.2796173095703,-174.59030151367188,-36.33333206176758,193.6000777899661,-174.529950039461,-36.33899749951142,0.3261430930124842,0.35927799140280914,0.059471228354409544,3.5705652938556905e-05,9.67181994252355,14.032859958624755,nan,nan,nan
230.3,193.27093505859375,-174.5930633544922,-36.3353385925293,193.57402168369907,-174.52918427906158,-36.34125037053826,0.30980152955534396,0.3592100784388124,0.0594654027639015,3.498743018648007e-05,9.43120664717006,14.199623607716374,3.416162909267179,0.016165265416057308,nan
230.31,193.26223754882812,-174.59588623046875,-36.33731460571289,193.5652438737101,-174.5318272848791,-36.34336216297966,0.3097627388460935,0.35926116814629566,0.05948347011936006,3.569243357889078e-05,9.438155342383942,13.954931708598966,nan,nan,nan
230.32,193.25355529785156,-174.59878540039062,-36.33924865722656,193.55647240582843,-174.5345333553676,-36.34475443692211,0.3097053651533406,0.3593123443352281,0.05950160088527153,3.499589038835202e-05,9.261161721091074,13.974177396300329,nan,0.33123861580967356,nan
230.33,193.24485778808594,-174.60174560546875,-36.341148376464844,193.54769566270048,-174.53731000104472,-36.346788816113964,0.3096684355532177,0.35936360735197254,0.05951979531147648,3.570124592619551e-05,9.267676006732367,13.73962879663689,nan,nan,nan
230.34,193.23617553710938,-174.60476684570312,-36.34300994873047,193.53891923719496,-174.54015226635855,-36.3487916193916,0.3096162455702567,0.35941495714708693,0.059538053440920356,3.500436257208827e-05,9.312158013788792,14.155187671412532,nan,1.4511290452069582e-05,nan
230.35,193.2274932861328,-174.60784912109375,-36.3448371887207,193.55608769254886,-174.55386950266998,-36.350824884552424,0.3330524517766855,0.35934696898054347,0.05953220777606925,3.568803620086165e-05,9.351837099054976,13.953141568371871,6.171012150707722,nan,nan
230.36,193.2187957763672,-174.6110076904297,-36.34662628173828,193.5473638893445,-174.55685280706223,-36.35155807324826,0.3330376537653216,0.3593980956676158,0.05955047813711186,3.499166034523595e-05,9.024372331390353,13.149145426492312,nan,1.0088173756315435,nan
230.37,193.21011352539062,-174.6142120361328,-36.34838104248047,193.53863137255144,-174.55990607470534,-36.35343943952078,0.3330145653426489,0.35944930908015793,0.05956881236457238,3.569684097851211e-05,9.02608496040056,13.739536028177909,nan,nan,nan
230.38,193.20143127441406,-174.61749267578125,-36.35009765625,193.52990316465053,-174.5630191296263,-36.35478473613883,0.33299116898815895,0.3595006091990053,0.05958721051617174,3.5000128746988436e-05,8.9182247706426,13.387433510680687,nan,0.17787804576230076,nan
230.39000000000001,193.1927490234375,-174.62083435058594,-36.351783752441406,193.52117172093187,-174.56619506013953,-36.3565934526286,0.33297155059533057,0.3595519963253424,0.05960567281980904,3.57056581793651e-05,8.919809908742684,13.19405153553447,nan,nan,nan
230.4,193.18405151367188,-174.62416076660156,-36.353431701660156,193.47772693817274,-174.55020744186038,-36.35890645211268,0.30289325196932565,0.3594839327412124,0.059599802938174025,3.498743565117911e-05,9.556839147770853,14.072866684418244,15.324411369711205,0.16112780820283992,nan
230.41,193.1753692626953,-174.62745666503906,-36.35504913330078,193.46894211580184,-174.5533464031394,-36.36065581764258,0.3028345850613047,0.35953509651865506,0.0596182767352709,3.569243971325275e-05,9.558169503611241,14.14146155465998,nan,nan,nan
230.42000000000002,193.16668701171875,-174.6306915283203,-36.35663604736328,193.460149107107,-174.55644917783383,-36.36364232132265,0.3027887314782471,0.3595863469279437,0.059636814672929896,3.499589667714006e-05,10.05582839539045,14.828446006716886,nan,1.136518876886892,nan
230.43,193.1580047607422,-174.63388061523438,-36.35818862915039,193.45136507878786,-174.55949231790245,-36.365342215664754,0.3027293655789249,0.3596376842445021,0.05965541696622273,3.570125286086895e-05,10.062960363219993,14.667858727005061,nan,nan,nan
230.44,193.14932250976562,-174.6370086669922,-36.35971450805664,193.44258775659617,-174.56247260105397,-36.36600939533744,0.30265451546276995,0.3596891084876509,0.05967408369193933,3.50043695775749e-05,9.737794424164528,14.233448032473182,nan,0.7095012064444473,nan
230.45000000000002,193.14064025878906,-174.64007568359375,-36.3612060546875,193.4372992482334,-174.57062231158122,-36.36766688892703,0.30474919078007373,0.35962096959472756,0.05966818560365666,3.568804380642618e-05,9.441515651157557,14.201907648739892,1.73025997379169,nan,nan
230.46,193.1319580078125,-174.64309692382812,-36.362667083740234,193.42852754582842,-174.57349942751628,-36.36802805401854,0.3046736653768681,0.35967217026026366,0.0596868630719621,3.499166794686622e-05,9.070425636460525,13.520250221336193,nan,1.0861981290414215,nan
230.47,193.12327575683594,-174.6460418701172,-36.36410140991211,193.41974850406106,-174.5763225613319,-36.369588490165526,0.30460955322251315,0.35972345773389086,0.05970560509654304,3.569684917586328e-05,9.068379136396073,13.8241529164003,nan,nan,nan
230.48000000000002,193.11459350585938,-174.64892578125,-36.36550521850586,193.41096294011265,-174.57909164949,-36.37223697296416,0.3045602798074088,0.35977483205666333,0.05972441176522605,3.500013687166665e-05,9.49542857949253,14.371869488459016,nan,0.8789775286039677,nan
230.49,193.1059112548828,-174.65176391601562,-36.36688232421875,193.40218402915585,-174.58179788791247,-36.373753595068784,0.3044996161361562,0.359826293471538,0.05974328327666746,3.570566687446401e-05,9.499818062856281,14.05076058120439,nan,nan,nan
230.5,193.09722900390625,-174.654541015625,-36.36823272705078,193.41786695865946,-174.59105866298583,-36.37580238889789,0.32694954795106335,0.35975807911848284,0.059737352835044,3.498744419257412e-05,10.109688030830904,14.291969986437817,5.359077100497988,0.23489002665480924,nan
230.51,193.0885467529297,-174.65725708007812,-36.36955642700195,193.40912988979983,-174.59365549300813,-36.37727166447397,0.32692236756234894,0.35980931671500527,0.059756234313537715,3.569244879882811e-05,10.116103693262732,14.408180410446764,nan,nan,nan
230.52,193.07986450195312,-174.65992736816406,-36.370853424072266,193.4003841449893,-174.59620400565805,-36.380364008737075,0.3269311238193281,0.3598606410812082,0.05977518064348785,3.4995905573939024e-05,11.0102701254938,15.107541379483939,nan,1.9198922115063104,nan
230.53,193.07118225097656,-174.66253662109375,-36.37212371826172,193.39164728246433,-174.59869237505362,-36.38179901511872,0.32690600411763987,0.3599120524419097,0.05979419201415411,3.5701262276189085e-05,11.024377397716604,15.319902501380023,nan,nan,nan
230.54,193.0625,-174.66510009765625,-36.37336730957031,193.38292071312875,-174.6011204360217,-36.38117754838106,0.326839150554357,0.35996355086529924,0.059813268527356536,3.500437875470218e-05,10.122227885036256,14.295054344921779,nan,2.9145861340796104,nan
230.55,193.0538330078125,-174.6676025390625,-36.37458801269531,193.3731376593776,-174.60836059755565,-36.382550875790535,0.3248514665709219,0.35989526110568154,0.05980730168345104,3.5688053457922674e-05,9.708008024426523,14.57192037431751,2.556849563184336,nan,nan
230.56,193.04515075683594,-174.67007446289062,-36.37578582763672,193.3643990702755,-174.61071247007882,-36.3833974015203,0.3248095871146438,0.35994653547827316,0.059826387374374145,3.499167731776455e-05,9.564981253130762,13.66241181712501,nan,0.1739204096230805,nan
230.57,193.03646850585938,-174.6724853515625,-36.376956939697266,193.35565818913324,-174.61301643889465,-36.38471204437062,0.32477491764429695,0.3599978967484535,0.059845538300920306,3.56968590133863e-05,9.571149269665446,14.01553113611988,nan,nan,nan
230.58,193.0277862548828,-174.67483520507812,-36.37810516357422,193.34692642134016,-174.61526486667893,-36.38400674072126,0.32470586640256305,0.36004934499939256,0.059864754572823434,3.500014639022559e-05,8.85759628670999,13.595981407574532,nan,2.8165001563011733,nan
230.59,193.01910400390625,-174.67715454101562,-36.37923049926758,193.33818575799748,-174.61747237930666,-36.38525642264306,0.3246712767904141,0.3601008804335025,0.05988403636755315,3.5705676834192e-05,8.857095095941617,13.16870184318295,nan,nan,nan
230.6,193.0104217529297,-174.67942810058594,-36.380332946777344,193.34472851487,-174.6256705711235,-36.383811214053935,0.3386192277413948,0.36003251516135715,0.059878028971447776,3.4987453784328855e-05,8.205933633690048,12.37895254685909,1.998806217635016,5.027794925423905,nan
230.61,193.00173950195312,-174.68165588378906,-36.38141632080078,193.33601306689567,-174.62779553207278,-36.384991370211374,0.3386038019347839,0.3600838263037184,0.05989731913224814,3.569245880605449e-05,8.196102366596024,12.302151764848702,nan,nan,nan
230.62,192.99305725097656,-174.683837890625,-36.382476806640625,193.32729971259343,-174.62987394199524,-36.38562499816805,0.3385853540974732,0.36013522434322076,0.05991667483705463,3.4995915201456035e-05,8.099080906082923,12.274278157169697,nan,0.1951922474018372,nan
230.63,192.984375,-174.68597412109375,-36.383514404296875,193.31858412909293,-174.6319099766068,-36.38675865126881,0.3385693412383528,0.3601867094700749,0.05993609625676005,3.5701272294291663e-05,8.088448163785419,12.380744262573495,nan,nan,nan
230.64000000000001,192.97569274902344,-174.6880645751953,-36.3845329284668,193.3098770755101,-174.63389623268276,-36.38556206086172,0.33854753360994877,0.3602382817857315,0.059955583510911015,3.500438836879488e-05,7.801488440582497,12.136615943039594,nan,3.768452564720479,nan
230.65,192.96701049804688,-174.6901092529297,-36.385528564453125,193.31016982769137,-174.6438678000207,-36.38664758100538,0.3462626888465405,0.36016984101694105,0.05994953147173892,3.5688063423614655e-05,7.462890353962938,12.183988991369121,2.814001339933857,nan,nan
230.66,192.9583282470703,-174.69212341308594,-36.38650894165039,193.3014693083655,-174.64579787593658,-36.386799039165005,0.34625413715295905,0.3602211888052246,0.05996902626578442,3.499168686043805e-05,7.408292210722208,11.74143091478446,nan,0.5741561433568626,nan
230.67000000000002,192.9496612548828,-174.694091796875,-36.38746643066406,193.29276552676058,-174.64768995697156,-36.387824506835464,0.34622796008661544,0.3602726235854327,0.05998858696366152,3.569686889767931e-05,7.386712625185332,12.20929545409897,nan,nan,nan
230.68,192.94097900390625,-174.69602966308594,-36.388404846191406,193.284059989743,-174.64954358086948,-36.38931804455673,0.3462172043873842,0.36032414546881536,0.06000821369030561,3.5000155835043556e-05,7.385446557441918,11.772145131980666,nan,0.16699119270598772,nan
230.69,192.9322967529297,-174.6979217529297,-36.38932418823242,193.27535604560566,-174.65135708938465,-36.39031220092809,0.34620647358402984,0.36037575463090776,0.06002790660856727,3.570568659704953e-05,7.366974599951149,11.961995021211038,nan,nan,nan
230.70000000000002,192.92361450195312,-174.6997833251953,-36.390228271484375,193.28282435127744,-174.66638095272302,-36.3895744281402,0.36076011676666014,0.3603072382906952,0.0600218057754373,3.498746308315687e-05,6.855232762790676,11.478493863785987,7.3100661281926165,2.16929113569656,nan
230.71,192.91493225097656,-174.70159912109375,-36.39111328125,193.2741436083659,-174.668155891534,-36.390516748422606,0.36076530422463376,0.3603586226839892,0.0600415053871352,3.569246839959575e-05,6.830844255228713,11.745607298117466,nan,nan,nan
230.72,192.90625,-174.70338439941406,-36.3919792175293,193.24802336932132,-174.65377155944276,-36.39057822824611,0.3453584118538808,0.35561093581125675,0.05596157488169531,3.499553507377611e-05,10.212518220429317,15.03117543802899,nan,0.5333179391254635,0.06338977330243839
230.73000000000002,192.89755249023438,-174.7051239013672,-36.392826080322266,193.23934676552386,-174.6554583305224,-36.39147887908272,0.3453864654255919,0.3556649831101879,0.055973437780322745,3.570088362722729e-05,10.175562752358047,15.183021342342741,nan,nan,nan
230.74,192.8888702392578,-174.7068328857422,-36.39365768432617,193.23067180211876,-174.65711177506117,-36.3924127321045,0.3454012842008221,0.35571911527577355,0.05598535745228538,3.5004021366060985e-05,10.137186381745694,15.192722828789064,nan,0.0017050385664974996,nan
230.75,192.88018798828125,-174.70851135253906,-36.394474029541016,193.21358706088347,-174.65344450072445,-36.39346226624069,0.33791762819623455,0.35564632121513606,0.05597916206407174,3.5687688468331775e-05,10.315669957120774,15.164939634921403,3.287748820553069,nan,nan
230.76,192.8715057373047,-174.7101593017578,-36.3952751159668,193.20491316012124,-174.65503131266541,-36.394845529730745,0.3379345932497573,0.35570021827279974,0.05599112108884512,3.4991332931871685e-05,10.261683874080452,15.029132748177608,nan,0.19522948640060553,nan
230.77,192.86282348632812,-174.71177673339844,-36.39605712890625,193.19622047446714,-174.6565655578173,-36.39569324042891,0.33793780200510676,0.3557542035297243,0.056003140930324456,3.5696507297331006e-05,10.229875788851507,15.059978468682305,nan,nan,nan
230.78,192.85414123535156,-174.71334838867188,-36.39682388305664,193.1875528298259,-174.65809374321273,-36.397258189137446,0.3379593996273966,0.3558082736643537,0.056015217962287076,3.499981464471539e-05,10.199914785572204,15.420328389326855,nan,0.37847529814603587,nan
230.79,192.845458984375,-174.71490478515625,-36.397579193115234,193.17885939128848,-174.65956368239665,-36.39808387513387,0.3379626069384966,0.3558624322376173,0.056027356026654374,3.570533814172729e-05,10.171822476301214,14.845721245865489,nan,nan,nan
230.8,192.83677673339844,-174.71641540527344,-36.3983154296875,193.16334583584143,-174.65871725845057,-36.398634050858284,0.3316271344999731,0.3557895474323155,0.056021259897771056,3.498713453857154e-05,10.106422628540482,15.37908266189735,0.43767860654861485,0.03466720948190135,nan
230.81,192.82809448242188,-174.7178955078125,-36.3990364074707,193.15464044436916,-174.66012300566666,-36.39942872998659,0.3316173716578005,0.35584347054235954,0.05603343681239503,3.569213299094738e-05,10.076507777793427,15.413885911946329,nan,nan,nan
230.82,192.81939697265625,-174.7193603515625,-36.39974594116211,193.14596852862164,-174.66153364218638,-36.40121347978068,0.3316550363744242,0.35589747854094345,0.05604567132486556,3.499560809171564e-05,10.104656908219235,14.754432067943906,nan,0.711270814340253,nan
230.83,192.8107147216797,-174.72079467773438,-36.40044021606445,193.13726251438433,-174.6628802286333,-36.40199159325858,0.33164732941206576,0.35595157479412365,0.05605796698337772,3.570095897034547e-05,10.080697974292354,15.055762325095099,nan,nan,nan
230.84,192.80203247070312,-174.72218322753906,-36.401123046875,193.12852399252108,-174.66416512236032,-36.401785128635446,0.3316070757685892,0.356005756274243,0.056070320597983433,3.500409313623387e-05,9.99420478312297,15.398157730795376,nan,0.6667682988999055,nan
230.85,192.79335021972656,-174.72366333007812,-36.401893615722656,193.1338152052237,-174.66842662166218,-36.402643991568844,0.3449174732745552,0.35593278449702503,0.05606432309913604,3.56877624172599e-05,10.279893752326213,15.364590847617501,2.072098380403622,nan,nan
230.86,192.78465270996094,-174.72523498535156,-36.40275573730469,193.1252416102601,-174.66996451817803,-36.40695136950627,0.34506988694777035,0.3559867302556587,0.05607671518552545,3.499140332477307e-05,10.744379983100533,15.388530797371404,nan,8.256012165026993,nan
230.87,192.77597045898438,-174.7268829345703,-36.40370559692383,193.11655592898302,-174.67147077939356,-36.40796518285233,0.3450900076614966,0.35604076408473223,0.056089168534079234,3.569657982487696e-05,10.725502693166355,15.786167453721873,nan,nan,nan
230.88,192.7672882080078,-174.72860717773438,-36.404747009277344,193.1078178112294,-174.6730053606209,-36.407449352954956,0.34504967091410427,0.35609488315002785,0.05610168023274709,3.499988363541964e-05,10.401275430148363,15.484963721782881,nan,1.8513492308570643,nan
230.89000000000001,192.75860595703125,-174.73040771484375,-36.4058723449707,193.09913154928765,-174.67467250207818,-36.40862506496784,0.3450676316187547,0.35614909052587684,0.056114253416599966,3.570540917510226e-05,10.379901407506209,15.690755845134822,nan,nan,nan
230.9,192.74990844726562,-174.7322998046875,-36.40708541870117,193.0594982286083,-174.6651598387777,-36.40925271162197,0.31679378922697105,0.3560760291529908,0.05610834709847955,3.498720201928945e-05,10.175130041897063,15.077822096658531,8.42813987576753,0.19839664903196147,nan
230.91,192.74122619628906,-174.7342529296875,-36.408382415771484,193.0507609756609,-174.66696775965647,-36.410595480045615,0.31677116567066743,0.35613000045590004,0.05612095820665476,3.569220242180422e-05,10.152672705744154,15.818771521723752,nan,nan,nan
230.92000000000002,192.7325439453125,-174.73629760742188,-36.40976333618164,193.04206126514092,-174.66889030685192,-36.413231334745646,0.31679132320493547,0.35618405700231115,0.05613362804827544,3.499567404906798e-05,10.335234928700997,15.631373415723687,nan,1.0297855454834999,nan
230.93,192.72384643554688,-174.7384033203125,-36.41122817993164,193.0333240017146,-174.67085159419824,-36.41475627911795,0.31678391238504633,0.3562382016765639,0.056146359497288426,3.570102678919391e-05,10.315393743392193,15.763787219686282,nan,nan,nan
230.94,192.7151641845703,-174.7406005859375,-36.412776947021484,193.0245633018223,-174.672865014192,-36.41560200386798,0.316739486616654,0.3562924319307379,0.05615915003000302,3.500415751995648e-05,10.170974042871803,15.376123207689187,nan,0.4108055844292275,nan
230.95000000000002,192.70648193359375,-174.74285888671875,-36.414405822753906,193.06594320749846,-174.69031123815105,-36.417389527088126,0.36329404798144943,0.3562192842486452,0.05615333344117939,3.5687828536227574e-05,10.69136988051219,15.762759073261932,20.200700681578454,nan,nan
230.96,192.69778442382812,-174.7451934814453,-36.416114807128906,193.05736162922554,-174.69258144206492,-36.42165131820925,0.363447996670942,0.35627327817350707,0.05616616145848129,3.4991466056737484e-05,11.29451471739201,16.143965269760393,nan,4.394648998500268,nan
230.97,192.68910217285156,-174.7476043701172,-36.417903900146484,193.0487053939307,-174.69485055365533,-36.423524998608485,0.3634955825174555,0.35632736004495463,0.056179051208553134,3.569664424469128e-05,11.279958020225212,16.19860816852943,nan,nan,nan
230.98000000000002,192.680419921875,-174.75009155273438,-36.41977310180664,193.04007035431744,-174.69721204464125,-36.4261907256596,0.36357373643886925,0.356381527499784,0.05619200041137285,3.499994471692223e-05,11.548354709861275,16.29413582121034,nan,0.3579370131117271,nan
230.99,192.67172241210938,-174.7526397705078,-36.42171859741211,193.031414660024,-174.6996240588739,-36.42823067130169,0.3636366125629802,0.35643578314399615,0.056205011578232655,3.570547186154063e-05,11.535715889051511,16.419828559602415,nan,nan,nan
231.0,192.6630401611328,-174.75526428222656,-36.42374038696289,193.00181265764593,-174.6936157465977,-36.430207856532064,0.344396827078215,0.3563625470008499,0.05619927779299236,3.498726138968993e-05,11.547007584966158,16.53367842051512,4.197206301588938,0.027450935500136903,nan
231.01,192.65435791015625,-174.75794982910156,-36.42580032348633,192.99312218418143,-174.6961520990256,-36.43238460089103,0.3444176904679719,0.3564165659702415,0.05621232585441328,3.569226331466795e-05,11.541829054631172,16.821123559885287,nan,nan,nan
231.02,192.6456756591797,-174.76071166992188,-36.427860260009766,192.98444290507732,-174.69876767829055,-36.434967796718276,0.34445728627850003,0.3564706705232155,0.056225433726602624,3.499573171800825e-05,11.74730544973775,16.785454527358365,nan,0.10504262341494325,nan
231.03,192.63697814941406,-174.76353454589844,-36.429901123046875,192.97575302731096,-174.70144046585537,-36.43715953942692,0.3444949597291628,0.35652486308772086,0.0562386036949384,3.570108590194423e-05,11.756045853404776,16.676368449244137,nan,nan,nan
231.04,192.6282958984375,-174.76641845703125,-36.43191146850586,192.96706363128123,-174.70418046565018,-36.43932662913569,0.34451724048935517,0.35657914266622226,0.05625183483450208,3.642074633575524e-05,11.765352118177242,17.03933211509496,nan,nan,nan
231.05,192.61961364746094,-174.76937866210938,-36.43388748168945,192.97260851287612,-174.7144447281517,-36.441492621607495,0.3573247126392497,0.35650582088458593,0.056246181676476444,3.713103082728965e-05,11.634267327421307,16.64883799456405,3.002021219671925,nan,nan
231.06,192.61093139648438,-174.77239990234375,-36.43582534790039,192.9639447650405,-174.71733515520648,-36.44359338241397,0.3573666284319844,0.35655986348968594,0.056259449159547024,3.787878991164488e-05,11.645355765538195,16.800594375653805,nan,nan,nan
231.07,192.6022491455078,-174.77549743652344,-36.43772888183594,192.95528167114085,-174.72029035991565,-36.44565793864968,0.35741104544260605,0.3566139928749359,0.05627277791045921,3.8641270278431375e-05,11.656272340056683,16.35623841749168,nan,nan,nan
231.08,192.59356689453125,-174.7786407470703,-36.43959045410156,192.94661118366153,-174.72330203679317,-36.44739350061387,0.35744024742258135,0.35666820800124155,0.05628616700142632,3.776458563272357e-05,11.616691805906132,16.964238515432957,nan,0.05177563166619001,nan
231.09,192.5848846435547,-174.7818603515625,-36.4414176940918,192.93794883251329,-174.7263845469284,-36.449382681991196,0.3574847233897309,0.3567225113809089,0.05629961871951558,3.852384607301555e-05,11.62767742360659,16.5017289357116,nan,nan,nan
231.1,192.57620239257812,-174.78512573242188,-36.443206787109375,192.91377483231406,-174.72247239474663,-36.45290878809923,0.34347448466272945,0.35664910209542333,0.056294039570940084,3.7629494955528516e-05,12.562581844781729,17.853581619256076,4.01890430944979,1.890878718370722,nan
231.11,192.56752014160156,-174.78846740722656,-36.44496536254883,192.90508696496235,-174.72566414677036,-36.454841571918976,0.3435013089776322,0.3567031682062839,0.05630752705260724,3.838473271841198e-05,12.578732198807142,17.265173872302896,nan,nan,nan
231.12,192.558837890625,-174.7918701171875,-36.44668197631836,192.89640561933646,-174.7289223826869,-36.456970657313754,0.343540748242182,0.35675732007600625,0.056321075232714735,3.752232385786258e-05,12.835379442088808,17.720564303529805,nan,0.03259338073831369,nan
231.13,192.55015563964844,-174.79531860351562,-36.448368072509766,192.88771907567602,-174.73223534560955,-36.458837736230784,0.3435668561273353,0.35681156000140973,0.05633468615638917,3.8274676608828054e-05,12.853235689022343,17.975638534628416,nan,nan,nan
231.14000000000001,192.54147338867188,-174.79884338378906,-36.45001983642578,192.87903777903648,-174.7356124947681,-36.46085736316286,0.34360633718600847,0.35686588602602815,0.05634835812287792,3.741856119004514e-05,13.105085604827437,17.78524202861099,nan,0.02116224922344522,nan
231.15,192.53280639648438,-174.8024139404297,-36.45164108276367,192.87523412685556,-174.74255655652146,-36.46272112472355,0.34779652710360676,0.3567923919429762,0.05634285046905918,3.814333909295014e-05,13.027707188483664,18.25866269103652,0.8804144993124464,nan,nan
231.16,192.5241241455078,-174.80599975585938,-36.45322799682617,192.86655536944068,-174.74602814724386,-36.46437480178598,0.34782177652484997,0.35684648045326456,0.056356557651451575,3.729446175125158e-05,13.114595780116439,17.874988914228787,nan,0.008892261180906047,nan
231.17000000000002,192.51544189453125,-174.80955505371094,-36.45478439331055,192.85788032406964,-174.74948818203893,-36.466115910418964,0.34785127623333323,0.35690065682876576,0.05637032770113785,3.804054917574789e-05,13.13070704656269,17.74524861105751,nan,nan,nan
231.18,192.5067596435547,-174.81304931640625,-36.45630645751953,192.84916373740128,-174.7528667714097,-36.46607516999119,0.347790065914084,0.3569549193092065,0.05638415913197658,3.7197615251775955e-05,12.291274171685979,17.246415923749694,nan,1.912900967120287,nan
231.19,192.4980926513672,-174.8164825439453,-36.457801818847656,192.84048987329177,-174.756228376193,-36.46773899595117,0.3478004741255874,0.35700926989624926,0.056398053668948143,3.794126827938534e-05,12.298048377568012,17.359851991316845,nan,nan,nan
231.20000000000002,192.48941040039062,-174.81985473632812,-36.459266662597656,192.86394506734047,-174.77335879829138,-36.46866383814347,0.37752668238070836,0.3569356894511853,0.05639261117708243,3.7080740359670906e-05,11.985310510150203,16.826203201373218,10.560383742206051,0.3939651799631339,nan
231.21,192.48072814941406,-174.8231658935547,-36.46070098876953,192.85532602489482,-174.7766212924364,-36.47026404702112,0.37759955017330477,0.3569898021830916,0.05640654024907399,3.7821161232621305e-05,11.992523141506467,16.752903371650444,nan,nan,nan
231.22,192.47206115722656,-174.82640075683594,-36.46210479736328,192.84668464552854,-174.7797982817963,-36.470844565118405,0.3776121452069247,0.3570440010179523,0.056420531026819806,3.699066873674505e-05,11.608507379067921,16.929270606258697,nan,0.6204697302302518,nan
231.23000000000002,192.46337890625,-174.82958984375,-36.46348571777344,192.8380664374,-174.7829316760122,-36.47237988719186,0.3776861618666557,0.3570982877793358,0.056434585045640875,3.772893784027894e-05,11.611790516692277,16.06083047132965,nan,nan,nan
231.24,192.4547119140625,-174.83270263671875,-36.46483612060547,192.82943427721008,-174.7859886031338,-36.47325321383948,0.37771668990818363,0.3571526609749539,0.056448701102543075,3.690386423779513e-05,11.404671471777174,16.47976110327587,nan,0.2557185769452045,nan
231.25,192.44602966308594,-174.83575439453125,-36.46615982055664,192.82067337878863,-174.7797802452964,-36.47480601144351,0.3789007465220086,0.3570789963811797,0.05644332062925893,3.761614175339813e-05,12.358731329148247,16.58394495092891,10.741447828101167,nan,nan
231.26,192.43736267089844,-174.8387451171875,-36.46745681762695,192.81205912291065,-174.7826914413229,-36.47662454350506,0.3789769028928455,0.35713313147138426,0.05645747061346656,3.679736074615382e-05,12.626403857052235,17.02888959843746,nan,0.08585563059891117,nan
231.27,192.42868041992188,-174.8416748046875,-36.468727111816406,192.8034370432304,-174.7855351169025,-36.478054518086566,0.37905301972933053,0.35718735431426246,0.05647168397907221,3.753078239902728e-05,12.632029351961183,16.906657530154412,nan,nan,nan
231.28,192.42001342773438,-174.8445587158203,-36.469974517822266,192.79477908844245,-174.78828736188504,-36.47777710790208,0.3790470236416914,0.3572416635787863,0.05648595969014736,3.6717078174924366e-05,11.94436575549914,15.966229546152436,nan,1.8131843307235647,nan
231.29,192.4113311767578,-174.84738159179688,-36.471195220947266,192.78615732417018,-174.7910138080661,-36.47914189227879,0.37912414511867276,0.3572960608459629,0.05650029903259793,3.744872402342553e-05,11.945290993493225,15.958788359526986,nan,nan,nan
231.3,192.4026641845703,-174.8501434326172,-36.47239303588867,192.78860329861877,-174.79616366730124,-36.48070811020987,0.3897844985078775,0.35722231098527135,0.05649497463479444,3.6617277847344455e-05,12.340451012543838,16.482397624370066,1.0817850921675494,0.023677674411547514,nan
231.31,192.39398193359375,-174.85284423828125,-36.473567962646484,192.77999868866883,-174.79877693161825,-36.482029005303374,0.38987664471127764,0.3572764698187332,0.05650934718876761,3.734634854181405e-05,12.341221211770407,16.449710746513077,nan,nan,nan
231.32,192.38531494140625,-174.85549926757812,-36.47471618652344,192.77137910152865,-174.80132240257686,-36.48259389765119,0.38992656586207786,0.357330715054492,0.05652378238364747,3.654330513220428e-05,12.094914477059799,16.226443290354975,nan,0.3476898123040211,nan
231.33,192.3766326904297,-174.85809326171875,-36.4758415222168,192.7627745473052,-174.80382743996356,-36.4838626507011,0.3900187835786977,0.3573850481280091,0.05653828135882263,3.727083434623982e-05,12.095253891887868,16.276194017302558,nan,nan,nan
231.34,192.3679656982422,-174.8606414794922,-36.47694778442383,192.7541939076061,-174.8063009834899,-36.48631220513156,0.3901446034349511,0.35743946792723263,0.05655284329728707,3.6472363509251304e-05,12.745760170987445,16.831080027937777,nan,0.9386225142691462,nan
231.35,192.35928344726562,-174.86314392089844,-36.478031158447266,192.78321383785672,-174.81900519748638,-36.48742197503649,0.42632545127798543,0.3573656346070835,0.056547571334167115,3.717514178935647e-05,13.202985860128088,16.787606111453904,11.820503023417002,nan,nan
231.36,192.35061645507812,-174.86558532714844,-36.47909164428711,192.77466355206715,-174.82135611996205,-36.4883586252183,0.4264481682089137,0.3574198157186933,0.05656216582016334,3.6382069492472816e-05,13.163701167839772,17.189767602160867,nan,0.0503301758088653,nan
231.37,192.34193420410156,-174.86798095703125,-36.48012924194336,192.766118554864,-174.82366240726273,-36.48954984744245,0.4265972867861436,0.35747408450848195,0.0565768242391265,3.7105922053340626e-05,13.168543847443843,17.037463781992933,nan,nan,nan
231.38,192.33326721191406,-174.87034606933594,-36.48114776611328,192.75757934000785,-174.82592536358553,-36.49103332991763,0.42674548095858494,0.35752843999540085,0.05659154590204569,3.631710003374765e-05,13.442374618088781,16.92622547705644,nan,0.06384117508109738,nan
231.39000000000001,192.3245849609375,-174.87265014648438,-36.482147216796875,192.74903414948312,-174.8281357380756,-36.49218804116195,0.426895144464015,0.35758288341789973,0.05660633175707224,3.703971891841367e-05,13.447413951136875,17.13342025801297,nan,nan,nan
231.4,192.31591796875,-174.87489318847656,-36.48312759399414,192.78045273704063,-174.84604922686427,-36.49576082031539,0.46560081988717317,0.35750896588461245,0.05660110657976381,3.623286567070726e-05,15.184619454521105,19.648512272416205,14.136752785342754,3.9330458126393792,nan
231.41,192.30723571777344,-174.8771209716797,-36.48408508300781,192.77197342934252,-174.8481943044916,-36.49690162040767,0.46581343503596195,0.35756317030252743,0.05661592423102088,3.695344576989986e-05,15.200680496743278,18.84501604247489,nan,nan,nan
231.42000000000002,192.29856872558594,-174.87928771972656,-36.48502731323242,192.76349384326005,-174.85029488466694,-36.49802301297845,0.466009482458213,0.35761746138311346,0.05663080539648564,3.617361461601343e-05,15.397847221878735,19.466006954854606,nan,7.663387687646171e-07,nan
231.43,192.28988647460938,-174.88140869140625,-36.48594665527344,192.7550140717536,-174.85235185038553,-36.49912758392502,0.4662206757699493,0.3576718402473303,0.05664575091308412,3.689315188831047e-05,15.412142680574213,19.56760685443497,nan,nan,nan
231.44,192.28121948242188,-174.88348388671875,-36.48685073852539,192.74653594913318,-174.8543676270088,-36.50031993064224,0.46642104359523345,0.3577263060908663,0.05666076025813961,3.611710134399057e-05,15.699091221787963,19.94737240142808,nan,0.007340522676026802,nan
231.45000000000002,192.2725372314453,-174.88552856445312,-36.487735748291016,192.73857181788208,-174.85938111181824,-36.50141517770641,0.46696793447056834,0.35765230582187246,0.05665557783801665,3.681284318441143e-05,15.486647698200642,19.543266284834043,0.9418658391696806,nan,nan
231.46,192.26385498046875,-174.8875274658203,-36.48860168457031,192.73008453343283,-174.86131738975746,-36.50193344536436,0.46715596966128575,0.35770653240434236,0.05667061826250589,3.6041368878908446e-05,15.309086996077177,19.530062266825137,nan,0.1910426765557344,nan
231.47,192.25518798828125,-174.88949584960938,-36.48945236206055,192.72160609917955,-174.86322090737693,-36.50296579526924,0.46735301394165196,0.35776084662297075,0.056685723199518666,3.6758178600311314e-05,15.320160406823637,19.29145339694422,nan,nan,nan
231.48000000000002,192.2465057373047,-174.89141845703125,-36.49028396606445,192.71313986256868,-174.8650951771281,-36.5047355601392,0.4675993696499748,0.35781524777849283,0.05670089222256934,3.5990189559361425e-05,16.12972883291143,20.25450391983058,nan,0.37882158651442444,nan
231.49,192.23782348632812,-174.89329528808594,-36.4911003112793,192.70466088888315,-174.8669205751133,-36.50574354402942,0.4678110838512584,0.3578697368339249,0.05671612602474776,3.6706203483156666e-05,16.142373381559153,20.446091289568912,nan,nan,nan
231.5,192.22915649414062,-174.8951416015625,-36.49190139770508,192.69541443611345,-174.86966893138097,-36.50486321123495,0.46713310093472993,0.35779565336960945,0.05671098093099416,3.591981122957108e-05,14.855822646428784,19.097541336313558,0.8785925083492426,2.6880561811637467,nan
231.51,192.22047424316406,-174.89695739746094,-36.4926872253418,192.68693458312924,-174.87142444359296,-36.50582351365978,0.4673432812873528,0.35784990285725604,0.056726245025511865,3.6634216070905534e-05,14.864186515826848,18.831685884821884,nan,nan,nan
231.52,192.2117919921875,-174.8987274169922,-36.49345397949219,192.67843777569257,-174.8731301121178,-36.505692090027075,0.4675075193292184,0.35790423923428705,0.05674157345455286,3.5873692086167984e-05,14.303186390290183,18.610534832538722,nan,0.7787168329371085,nan
231.53,192.203125,-174.9004669189453,-36.494205474853516,192.66995739890703,-174.87481352155518,-36.50661255355093,0.467701316086188,0.35795866337017884,0.05675696682855229,3.658745368022148e-05,14.309942267140421,18.55516848316203,nan,nan,nan
231.54,192.19444274902344,-174.9021759033203,-36.49494552612305,192.661439779468,-174.8764325595477,-36.50508513380005,0.46781594440172214,0.35801317470635363,0.056772424844745935,3.582998813103912e-05,12.947466735550268,16.90863118998238,nan,3.9873781632328273,nan
231.55,192.18576049804688,-174.90383911132812,-36.495670318603516,192.64842273496205,-174.8748799150683,-36.50586397068265,0.46367972897042015,0.35793900925915156,0.05676731275218351,3.652067529166447e-05,13.043625658586972,17.178777820373742,0.868217165020354,nan,nan
231.56,192.1770782470703,-174.9054718017578,-36.49637985229492,192.63993313968606,-174.87645130755917,-36.50671277769259,0.4638788743294384,0.35799328076941805,0.0567828002943285,3.57670464552462e-05,13.158388448517513,17.235845305218984,nan,1.2933026067776252e-05,nan
231.57,192.16839599609375,-174.90707397460938,-36.497074127197266,192.6314431720318,-174.87798997746083,-36.50755262540903,0.4640779729303134,0.3580476399012123,0.056798352948446595,3.647883478443903e-05,13.158311230378805,17.202250870208196,nan,nan,nan
231.58,192.15972900390625,-174.9087677001953,-36.497859954833984,192.62297882669222,-174.87957270059945,-36.51024635233167,0.46433411371081074,0.3581020861789595,0.056813970482374805,3.57279998891503e-05,14.423357280389627,18.246642761073634,nan,2.2286479230453944,nan
231.59,192.1510467529297,-174.9105224609375,-36.49873352050781,192.61448846586472,-174.8812156180625,-36.511235401373774,0.46453569222681673,0.35815662034736284,0.056829653400886665,3.643933891318326e-05,14.397992637850606,18.73342171171845,nan,nan,nan
231.6,192.14236450195312,-174.91236877441406,-36.499698638916016,192.61396340879446,-174.8850556184143,-36.513102461429874,0.4725793053896816,0.3580823726915578,0.056824569037051756,3.566968946865972e-05,15.258165128893118,19.199591421026984,0.6778079906071081,0.3542816888572271,nan
231.61,192.13368225097656,-174.91429138183594,-36.50075149536133,192.60548520220644,-174.88685754366603,-36.51428013487376,0.4727934690253352,0.3581366667365994,0.056840280658649024,3.6379756583780176e-05,15.232927223117336,19.241304738499604,nan,nan,nan
231.62,192.125,-174.91629028320312,-36.50189208984375,192.59700686645115,-174.88873703613163,-36.5155468108249,0.47300752087709186,0.35819104786890427,0.05685605738970834,3.563502271572066e-05,15.41480764660995,19.439492424606755,nan,3.7719328951966506e-08,nan
231.63,192.11631774902344,-174.91836547851562,-36.50312042236328,192.5885285610948,-174.8906929895713,-36.51690075379574,0.4732216343489046,0.3582455167598636,0.056871899675179326,3.634475999185137e-05,15.38800712628366,19.36749274439238,nan,nan,nan
231.64000000000001,192.10763549804688,-174.92051696777344,-36.50442886352539,192.58003588905586,-174.89271400889913,-36.51723595353043,0.47339112317618426,0.3583000730441495,0.05688780737253562,3.560244029319426e-05,14.750767491466473,18.807116962242688,nan,0.8327701141436221,nan
231.65,192.0989532470703,-174.9227294921875,-36.50582504272461,192.5794348380882,-174.89981227129647,-36.518765577631974,0.48120184513790876,0.3582257441823996,0.05688274619122471,3.6289633870929437e-05,14.60396696062347,19.214047113264137,1.2081643299914373,nan,nan
231.66,192.09027099609375,-174.92503356933594,-36.50730514526367,192.5709518823954,-174.9019932543993,-36.51891531293698,0.481372793748803,0.35828006008441055,0.0568986817786784,3.5550498844473626e-05,13.7619993159155,17.838376035272923,nan,1.4383241838783865,nan
231.67000000000002,192.08160400390625,-174.92739868164062,-36.50886535644531,192.56248711063088,-174.9042609181695,-36.52058466518766,0.48158203935464466,0.35833446361610505,0.05691468309055861,3.625884920428292e-05,13.737330827513214,18.28162566609178,nan,nan,nan
231.68,192.0729217529297,-174.92984008789062,-36.51050567626953,192.5540058086048,-174.90658892918634,-36.520957645790794,0.4817589943870201,0.35838895447664876,0.05693075003464715,3.552189635472678e-05,13.005020152718108,17.373441480659263,nan,1.3029456017137335,nan
231.69,192.06423950195312,-174.93235778808594,-36.51222610473633,192.54554151442494,-174.9090005707322,-36.52277780375259,0.4819839469982991,0.3584435332405038,0.05694688298053378,3.623006534390177e-05,12.983316106261825,17.207716089930248,nan,nan,nan
231.70000000000002,192.05555725097656,-174.93495178222656,-36.51403045654297,192.52257580382792,-174.91428619398482,-36.52255306648739,0.46755323774412866,0.35833175805088846,0.05577461161366793,3.547346032991712e-05,14.687931338257515,18.510957182441715,1.4700137914784173,3.0733037751656824,0.052166848449634734
231.71,192.046875,-174.93759155273438,-36.515907287597656,192.51408488261143,-174.91684437192973,-36.524512709842284,0.4677494769779367,0.35838581520719626,0.055786625092361465,3.6180606299466933e-05,14.65876319835401,19.31927656699258,nan,nan,nan
231.72,192.03819274902344,-174.94032287597656,-36.51786422729492,192.5055875503198,-174.9194485225951,-36.52570476850319,0.46792639698397115,0.35843995866931666,0.055798696066518716,3.544858312639941e-05,14.320512939745383,18.267510557561298,nan,0.4930616330476084,nan
231.73000000000002,192.02951049804688,-174.943115234375,-36.519901275634766,192.49709713318705,-174.92214404042676,-36.52781304286413,0.468123539675182,0.3584941887608951,0.055810826856894355,3.615563966045001e-05,14.291111237981356,18.389881965993414,nan,nan,nan
231.74,192.0208282470703,-174.9459686279297,-36.52197265625,192.48859608239135,-174.92486719647502,-36.52849297246029,0.4682889414601319,0.35854850545542566,0.05582301548659223,3.542546656210552e-05,13.732742040163345,18.10802157365608,nan,1.5239095766420023,nan
231.75,192.0121612548828,-174.9488983154297,-36.524044036865234,192.44030900305782,-174.9179801548737,-36.53075567976661,0.4293151209425667,0.35847492038305095,0.055816828192256265,3.611035882290384e-05,13.031584623783687,17.441874083679178,14.164345418817582,nan,nan
231.76,192.00347900390625,-174.95187377929688,-36.526092529296875,192.4317635894322,-174.9209000441328,-36.533723531043655,0.4294709427386253,0.35852899989844056,0.055829054877233275,3.538280541189146e-05,13.400493557462516,18.327750159911147,nan,0.44631315098031576,nan
231.77,191.9947967529297,-174.95494079589844,-36.528114318847656,192.42321270009816,-174.92386413541072,-36.535870388051244,0.4296116143970279,0.35858316594251977,0.055841341531901324,3.608892031201881e-05,13.395278143412089,17.43692055331642,nan,nan,nan
231.78,191.98611450195312,-174.9580535888672,-36.53009796142578,192.41466436958206,-174.92690090386668,-36.53831386082682,0.4297592114550691,0.35863741851682635,0.055853686395168196,3.53630175425038e-05,13.608743335109422,18.257529641388324,nan,0.07466321863198075,nan
231.79,191.97744750976562,-174.9612274169922,-36.532047271728516,192.40611424026923,-174.92999305603672,-36.5403968909372,0.4298842487064151,0.35869175790170293,0.05586609146632962,3.60691532377981e-05,13.603369843191446,18.41330328110149,nan,nan,nan
231.8,191.96876525878906,-174.9644775390625,-36.53395462036133,192.38265865998758,-174.91964588539608,-36.54099725582473,0.4163738986060682,0.35861809169944375,0.05585999950154636,3.5323612464258644e-05,13.939249493387308,17.56318303724382,14.854181364202724,1.5039134280359192,nan
231.81,191.9600830078125,-174.9677734375,-36.53582763671875,192.37408008399714,-174.92281485293034,-36.542993735446295,0.4164927446990076,0.35867219361687186,0.05587244214292693,3.602892765547368e-05,13.93300155747984,17.948108996979027,nan,nan,nan
231.82,191.951416015625,-174.9711456298828,-36.537662506103516,192.3655143082246,-174.92609305790705,-36.546944325170635,0.41664527159289994,0.35872638198947465,0.05588494335043003,3.5306900778770913e-05,14.921365544527696,18.688783778424956,nan,2.747717999932674,nan
231.83,191.94273376464844,-174.97457885742188,-36.53946304321289,192.35693650483427,-174.92938425587587,-36.54888854559421,0.4167676835858211,0.3587806570741383,0.05589750492723171,3.601230489930491e-05,14.922548296527,18.49085108812936,nan,nan,nan
231.84,191.93405151367188,-174.97805786132812,-36.54122543334961,192.34836276678735,-174.9327495958317,-36.5514043167332,0.41690558049436555,0.35883501890866737,0.05591012540451292,3.5291644970841076e-05,15.364117141261499,19.361567951500405,nan,0.25552714473508414,nan
231.85,191.92538452148438,-174.9816131591797,-36.54295349121094,192.32963601050687,-174.9353830977979,-36.55333022963293,0.407018625682596,0.3587612720723001,0.05590412635653332,3.59751443799352e-05,15.036128926087857,18.915834559244537,1.8336274552167355,nan,nan
231.86,191.9167022705078,-174.98521423339844,-36.544647216796875,192.32103817039965,-174.9388343912211,-36.55397755125647,0.40709417195885067,0.35881539616353153,0.055916783992804094,3.525662491746647e-05,14.484880675353718,18.560718761854837,nan,1.002894550665673,nan
231.87,191.9080352783203,-174.98887634277344,-36.54630661010742,192.31244748837273,-174.94237083398409,-36.55578052126884,0.40718761398147685,0.3588696068693565,0.055929502163498596,3.59614138507842e-05,14.483901684706325,18.631138463765673,nan,nan,nan
231.88,191.8993682861328,-174.99258422851562,-36.547935485839844,192.30385604303316,-174.9459594791082,-36.55732070233116,0.4072742258333703,0.35892390424704373,0.055942279577175826,3.52440933302095e-05,14.458287678788956,18.889188441684926,nan,0.03692324627027908,nan
231.89000000000001,191.89068603515625,-174.99636840820312,-36.549530029296875,192.29526636738288,-174.94960981179295,-36.55905700635112,0.4073847994889491,0.3589782885234168,0.055955117772607844,3.59490500331098e-05,14.457890033362531,18.19029680789808,nan,nan,nan
231.9,191.88201904296875,-175.0001983642578,-36.551090240478516,192.31014611817074,-174.95791762154607,-36.561194910719195,0.4303284304876164,0.358904461325951,0.05594920587456887,3.5211718060422895e-05,15.386454553835627,19.265427433836283,5.775395595194983,0.18795538925069777,nan
231.91,191.87335205078125,-175.0040283203125,-36.5526237487793,192.301593529413,-174.96164849497043,-36.56287292009593,0.43045540899076545,0.3589586075759466,0.05596208070131654,3.591599291995025e-05,15.380963059544918,19.390752723206116,nan,nan,nan
231.92000000000002,191.8646697998047,-175.00784301757812,-36.55412292480469,192.2930452700781,-174.9653823022991,-36.56531774324071,0.43062022692133906,0.35901284041789727,0.055975015102578456,3.5201680928219955e-05,15.986432333085279,19.40424205565527,nan,0.4428927272457633,nan
231.93,191.8560028076172,-175.01158142089844,-36.55559539794922,192.28449372458073,-174.9690550474226,-36.5669445471187,0.4307455879613092,0.3590671600626625,0.05598801045754456,3.59061727974588e-05,15.979196784050519,20.069103696390915,nan,nan,nan
231.94,191.8473358154297,-175.01527404785156,-36.557037353515625,192.2759281481743,-174.9726035935795,-36.565326618041226,0.43079097862145427,0.3591215665922059,0.05600106571277498,3.5192821452867395e-05,14.311780354773514,17.904233554447472,nan,7.221938802550219,nan
231.95000000000002,191.8386688232422,-175.01889038085938,-36.558448791503906,192.2770876860688,-174.98460970058156,-36.56696150545768,0.43983943731928526,0.3590476594792752,0.055995237981997265,3.5875576930707395e-05,13.856402020595953,18.14157596397621,5.651357913189769,nan,nan
231.96,191.8300018310547,-175.02243041992188,-36.55983352661133,192.26855132714346,-174.98809393927039,-36.56727958662145,0.43995465474627854,0.35910182770837296,0.056008329396623355,3.516396673254039e-05,13.37813164035079,17.85169824687602,nan,0.998388120925425,nan
231.97,191.8213348388672,-175.02590942382812,-36.56119155883789,192.2600205206945,-174.99153239720334,-36.56875353557256,0.4400955474575805,0.3591560826450659,0.05602148193983846,3.586807442235873e-05,13.36161240509974,17.586628463551023,nan,nan,nan
231.98000000000002,191.81265258789062,-175.02931213378906,-36.562522888183594,192.25148941433903,-174.99489890053982,-36.57003072697767,0.4402481101757679,0.35921042438427275,0.056034694701027885,3.515728631169053e-05,13.33649323681447,17.672557040328893,nan,0.020290577500669805,nan
231.99,191.80398559570312,-175.03265380859375,-36.56382369995117,192.2429592690791,-174.99820046346855,-36.571450633953674,0.4403897013212265,0.35926485311683887,0.0560479688463345,3.5861664635062895e-05,13.321306765821642,17.642551237864563,nan,nan,nan
232.0,191.79531860351562,-175.0359344482422,-36.565101623535156,192.23740586874695,-175.00687127307077,-36.57339826411077,0.4431192305413913,0.3591908664023673,0.056042219793610945,3.513053169677604e-05,13.18888116755473,17.672276070336427,3.0580072595505916,0.22948182958484503,nan
232.01,191.78665161132812,-175.0391387939453,-36.56635284423828,192.2288836030546,-175.0100626471689,-36.57477322445367,0.44326680410415514,0.35924505655615563,0.05605552952840904,3.583432379909347e-05,13.173357569017073,18.025956357041526,nan,nan,nan
232.02,191.77798461914062,-175.0422821044922,-36.56758117675781,192.2203488059017,-175.01312581897045,-36.57252907620331,0.4433516036095157,0.35929933342863823,0.05606889978876555,3.5125826793847104e-05,11.857390354305336,16.601134955381532,nan,9.059313061463552,nan
232.03,191.76931762695312,-175.0453643798828,-36.568782806396484,192.21182688539878,-175.0161892344515,-36.57382058535929,0.44349860443741923,0.35935369720031163,0.05608233161374526,3.58299237968278e-05,11.83480503078149,16.557611616568707,nan,nan,nan
232.04,191.76065063476562,-175.0483856201172,-36.56996154785156,192.20331177730426,-175.01922559363658,-36.57713615749089,0.443678565271572,0.35940814798211335,0.05609582428240461,3.51220526170811e-05,12.558339497428681,17.262433446800515,nan,2.9393108181626992,nan
232.05,191.75198364257812,-175.0513458251953,-36.57111740112305,192.16640679638365,-175.0039649457472,-36.57841628046323,0.41718673491258,0.35933408207819917,0.056090150453825136,3.580451353221293e-05,13.29997406482275,17.275525732136444,18.95869705985306,nan,nan
232.06,191.74331665039062,-175.05426025390625,-36.57225036621094,192.15783568959225,-175.0068010071357,-36.580121970226074,0.41730130135722737,0.3593882940093181,0.05610367818188504,3.509805740017258e-05,13.546189712736478,17.162146107051083,nan,0.1499647711691756,nan
232.07,191.73464965820312,-175.05709838867188,-36.573360443115234,192.14926309510983,-175.00957112126252,-36.58134831213196,0.4174050182525588,0.35944259274579377,0.056117267657180885,3.580192570264978e-05,13.529768871712252,17.68668913931274,nan,nan,nan
232.08,191.72598266601562,-175.0598907470703,-36.57444763183594,192.1406905281715,-175.01228439250394,-36.58256677056337,0.41751035477298276,0.3594969784067057,0.056130918271187956,3.509598370689575e-05,13.593938875686414,17.459717323115488,nan,0.00012915880490903982,nan
232.09,191.71731567382812,-175.0626220703125,-36.57551193237305,192.13211773575125,-175.01494139113194,-36.58375081028744,0.41761474692841555,0.3595514511599684,0.05614463089516073,3.5800190796537995e-05,13.579281681710672,17.628382375119607,nan,nan,nan
232.1,191.70864868164062,-175.06529235839844,-36.57655715942383,192.1250605924351,-175.01570520663716,-36.584665730638996,0.4194323711856835,0.35947730640704484,0.056139027011171086,3.507361560651692e-05,13.817036483527158,17.826675370838128,0.781250041296085,0.03309915537251029,nan
232.11,191.69998168945312,-175.0679168701172,-36.577579498291016,192.11648865094165,-175.01824266228928,-36.585806860319174,0.41953934902184564,0.35953154003564686,0.05615277408278031,3.577729856801405e-05,13.802695374704605,17.640278207421655,nan,nan,nan
232.12,191.69131469726562,-175.07049560546875,-36.578582763671875,192.10791398216145,-175.02071179861323,-36.58588497711242,0.4196268746420687,0.35958586050172037,0.05616658257888026,3.50730666007642e-05,13.400146235758772,17.04514495968221,nan,0.7654810542526688,nan
232.13,191.68264770507812,-175.07301330566406,-36.579566955566406,192.09934184539603,-175.0231446545524,-36.586976849606046,0.41973300497893934,0.3596402679669208,0.05618045327193509,3.577711107667673e-05,13.382650145076502,17.29792399560566,nan,nan,nan
232.14000000000001,191.67398071289062,-175.0754852294922,-36.58053207397461,192.0907667680524,-175.0255079899537,-36.58673779728056,0.4198176404713644,0.35969476256002453,0.05619438570098954,3.507323490861498e-05,12.914714156911323,16.710246625802736,nan,1.2106499030170905,nan
232.15,191.66531372070312,-175.07791137695312,-36.58147430419922,192.08351382947725,-175.03016154659494,-36.587660962039905,0.4209627679654903,0.35962053934893906,0.056188847924787545,3.5755694611712176e-05,12.689081045641908,16.54372064866122,1.1401508606405213,nan,nan
232.16,191.65664672851562,-175.0802764892578,-36.582401275634766,192.0749452435045,-175.03246161034022,-36.58920828446752,0.42107748177388993,0.35967479454794665,0.056202814215799396,3.5052972900255424e-05,12.908271594635083,17.100169356709728,nan,0.194896239264356,nan
232.17000000000002,191.64797973632812,-175.0825958251953,-36.583309173583984,192.06637529979884,-175.03470665147782,-36.59021708153114,0.42118397367839605,0.35972913665293826,0.05621684289202573,3.575688602123419e-05,12.88897890494327,17.05683551238544,nan,nan,nan
232.18,191.63931274414062,-175.0848846435547,-36.584197998046875,192.05780114131557,-175.03687611863532,-36.58904443993424,0.42126101770037006,0.3597835657973847,0.05623093357876453,3.505443233532655e-05,12.194297405956538,15.929303269831411,nan,3.2967973408829816,nan
232.19,191.63064575195312,-175.0871124267578,-36.58506774902344,192.049230855532,-175.03902849412552,-36.5899974390731,0.4213666519309523,0.35983808213568436,0.056245086919632585,3.575872586523889e-05,12.172128326101754,16.396316419091928,nan,nan,nan
232.20000000000002,191.62196350097656,-175.0893096923828,-36.58592224121094,192.04222736548792,-175.0366159597635,-36.59193544881388,0.42359710095449127,0.3597637808228622,0.05623961012356166,3.503539692587712e-05,13.073903490116127,16.36314094182601,3.362399565143902,0.793489395108691,nan
232.21,191.61329650878906,-175.09144592285156,-36.586761474609375,192.03365657675957,-175.03865695655338,-36.59286514476563,0.4237056956147456,0.3598180574971244,0.05625379667315891,3.5739203076000566e-05,13.052933031313021,16.960473532900817,nan,nan,nan
232.22,191.60462951660156,-175.0935516357422,-36.587581634521484,192.02508713450928,-175.0406675376087,-36.594815041743196,0.4238321111856177,0.35987242112134493,0.05626804549939722,3.503799934681874e-05,13.473907545533189,17.083640120844063,nan,0.7563024737627128,nan
232.23000000000002,191.59596252441406,-175.09561157226562,-36.588382720947266,192.0165158145549,-175.04262322613573,-36.59572355813848,0.42394188583405956,0.35992687184653727,0.05628235717116533,3.574220002604026e-05,13.458010788403865,17.228454656380297,nan,nan,nan
232.24,191.58729553222656,-175.09762573242188,-36.58917236328125,192.00794381811255,-175.04453529866285,-36.59642639178423,0.42404739771051975,0.359981409811424,0.0562967314254839,3.504113936726493e-05,13.421288600846617,17.28092094175969,nan,0.025560483502453206,nan
232.25,191.57861328125,-175.099609375,-36.589942932128906,191.99591860887554,-175.03936206516187,-36.59727901051534,0.4216957349244647,0.35990703077526315,0.056291311467531885,3.5723772854443186e-05,14.0371468632637,17.133497954521655,4.554731991364799,nan,nan
232.26,191.5699462890625,-175.10154724121094,-36.590702056884766,191.98733636158084,-175.041151840778,-36.596733021823006,0.42178009622125157,0.3599613288093863,0.05630571829191111,3.5023663306871086e-05,13.539716974247748,16.910021462394536,nan,1.3968236080263792,nan
232.27,191.561279296875,-175.10345458984375,-36.5914421081543,191.9787555079695,-175.04291834411023,-36.59756631521662,0.4218868684724359,0.36001571385148307,0.05632018815367914,3.5727786675997665e-05,13.522510394032343,16.750375970125774,nan,nan,nan
232.28,191.5526123046875,-175.10531616210938,-36.59217071533203,191.97017355962893,-175.0446375184655,-36.597550641066775,0.4219813301837376,0.3600701860425992,0.05633472085411448,3.502775319759374e-05,13.269789896571005,16.671601564809613,nan,0.4917232192056782,nan
232.29,191.54393005371094,-175.10714721679688,-36.59288024902344,191.9615920833563,-175.0463280992948,-36.598348153450175,0.4221023975767353,0.36012474553015483,0.05634931686604089,3.573227900526154e-05,13.252412791942337,16.41213318188843,nan,nan,nan
232.3,191.53526306152344,-175.1089324951172,-36.59357833862305,191.97954445694606,-175.05541489304997,-36.59944396898365,0.44753156052866655,0.36005028913565573,0.0563439487229402,3.501117308802292e-05,13.753357930859817,17.118319237444332,5.681939927479249,0.1011761559586934,nan
232.31,191.52658081054688,-175.1107940673828,-36.59436798095703,191.9710042574127,-175.05709385314475,-36.60027006342498,0.44769492705497776,0.36010460842629155,0.056358576610691345,3.5715229792323915e-05,13.72370433508607,17.047040690100626,nan,nan,nan
232.32,191.51791381835938,-175.1127471923828,-36.59524917602539,191.96246442413636,-175.0588624239013,-36.60237362799276,0.44786110256062966,0.36015901477439816,0.056373267585674756,3.501609104535699e-05,14.17641070764033,17.263300165264354,nan,0.9918589918382151,nan
232.33,191.50924682617188,-175.11477661132812,-36.59621810913086,191.95392351720503,-175.06069644951558,-36.60339382590267,0.44801061858069174,0.36021350832593846,0.056388022065967394,3.5720558142277944e-05,14.146715244020074,17.282061041080382,nan,nan,nan
232.34,191.5005645751953,-175.1168670654297,-36.59727478027344,191.94538145826087,-175.06259160802892,-36.60287505031025,0.4481509207406629,0.36026808922422704,0.056402839934774754,3.502139918108071e-05,13.57811434060064,17.009505671587082,nan,1.8700342679968704,nan
232.35,191.4918975830078,-175.11904907226562,-36.59841537475586,191.9207739464502,-175.0533078569757,-36.60397263423711,0.4339213357744736,0.3601935558433916,0.056397519226448374,3.570429485197335e-05,14.081160897371191,16.92451664064926,7.14340818727957,nan,nan
232.36,191.48321533203125,-175.1212921142578,-36.59964370727539,191.91220277139257,-175.055322546289,-36.603758134819174,0.43404969247977565,0.36024789628092635,0.056412368281995834,3.500593251326996e-05,13.678234696482946,16.69683952756234,nan,1.5502823854225327,nan
232.37,191.47454833984375,-175.1236114501953,-36.60095977783203,191.90363192321877,-175.0574243189147,-36.60509740665786,0.4341780485485208,0.36030232382862215,0.05642728103636835,3.571034536931798e-05,13.652087914772387,16.739314694903534,nan,nan,nan
232.38,191.4658660888672,-175.12600708007812,-36.60235595703125,191.89506089388433,-175.05959950894922,-36.60657337037006,0.4343223834114676,0.3603568386305728,0.05644225741899283,3.5011913420243625e-05,13.659746134735267,16.59074013515584,nan,0.0018479691041419276,nan
232.39000000000001,191.4571990966797,-175.12847900390625,-36.60383987426758,191.88648981740442,-175.06184621986267,-36.608083158398635,0.43445190328732447,0.3604114408315341,0.05645729777878745,3.571673688671098e-05,13.634683485858993,16.548410519145996,nan,nan,nan
232.4,191.44851684570312,-175.13101196289062,-36.605403900146484,191.85080256021544,-175.0601685910336,-36.60776357322166,0.4084827383057692,0.36033683083293766,0.05645201954871602,3.4997076827644104e-05,12.550604634745058,15.975022658608832,7.549984133487654,2.6225248773130287,nan
232.41,191.43984985351562,-175.1336212158203,-36.60704803466797,191.84218985732767,-175.0625684282446,-36.609420552115274,0.40857264486109846,0.3603911923105792,0.05646709036055337,3.5701436614473914e-05,12.526600295293152,16.004688194006917,nan,nan,nan
232.42000000000002,191.43116760253906,-175.13629150390625,-36.60877227783203,191.83357708086584,-175.0650312773752,-36.61029545738512,0.40867313125337024,0.3604456409492411,0.05648222503360154,3.500363284353691e-05,12.41238935002292,15.955876364878277,nan,0.5264973551889046,nan
232.43,191.42250061035156,-175.1390380859375,-36.61057662963867,191.82496442514994,-175.06756960488494,-36.6121060237237,0.40876301820528377,0.36050017689343206,0.05649742387820245,3.570840700447083e-05,12.388936860876074,15.919285136335992,nan,nan,nan
232.44,191.413818359375,-175.141845703125,-36.612457275390625,191.81635219276419,-175.0701700545384,-36.6131775172158,0.40886599806243074,0.3605548002876401,0.05651268688157257,3.5010461361095986e-05,12.31550079150837,15.89645779179253,nan,0.4730651493567669,nan
232.45000000000002,191.4051513671875,-175.1447296142578,-36.614418029785156,191.81784474490604,-175.07561968852227,-36.61518735773753,0.41844067406671703,0.36048011404082775,0.05650744656869639,3.569364708125658e-05,12.460398075014595,15.856281928597513,0.9030252213156078,nan,nan
232.46,191.396484375,-175.14767456054688,-36.616455078125,191.80924903986107,-175.07836682180405,-36.618057967169726,0.41854605536404965,0.36053449645090846,0.056522739287123744,3.499638426804218e-05,12.494518520630985,16.051144193016597,nan,0.4872583831001073,nan
232.47,191.38780212402344,-175.1506805419922,-36.6185302734375,191.80065374360163,-175.0811740826827,-36.62016480585026,0.41866487716344714,0.36058896607266017,0.05653809637049488,3.5701106242211456e-05,12.473387751009028,16.016946402080837,nan,nan,nan
232.48000000000002,191.37913513183594,-175.1537628173828,-36.620601654052734,191.79205838186263,-175.08405407923752,-36.62347406854391,0.4187757984308857,0.36064352305042335,0.05655351783784943,3.5003666709777206e-05,12.612274224915222,16.08218010510776,nan,0.9878820678849033,nan
232.49,191.37045288085938,-175.15689086914062,-36.62265396118164,191.7834637131201,-175.08699040772217,-36.62560177162661,0.4188946307338402,0.36069816752893297,0.05656900395186976,3.5708798213243344e-05,12.59666170162593,16.328855706463298,nan,nan,nan
232.5,191.36178588867188,-175.16009521484375,-36.62467575073242,191.77329794213443,-175.08989962359493,-36.629063301022704,0.4174791513037423,0.36062340540288795,0.05656379663795707,3.499001183027527e-05,12.855421596156093,16.42414299283321,0.03658029743538248,1.3223238605977203,nan
232.51,191.35311889648438,-175.16336059570312,-36.62666320800781,191.76470165742754,-175.0929632662281,-36.63114735142308,0.4175838366663374,0.3606778086381475,0.05657931169253348,3.5694676687703316e-05,12.845887190383703,16.434491933854744,nan,nan,nan
232.52,191.3444366455078,-175.16668701171875,-36.62861251831055,191.75610562099763,-175.096093045925,-36.63394217396665,0.41771193257643413,0.36073229913476923,0.05659489135022713,3.49976719222872e-05,13.07209945119561,16.53917375811184,nan,0.3929269368830481,nan
232.53,191.3357696533203,-175.17007446289062,-36.630523681640625,191.74751034856232,-175.0992798259279,-36.635962123727836,0.4178179716017329,0.3607868770379253,0.05661053584786707,3.570274743293859e-05,13.06613191964422,16.71078222552224,nan,nan,nan
232.54,191.3271026611328,-175.17352294921875,-36.63240051269531,191.73891627967046,-175.10251971691028,-36.63654007925389,0.4179103389754992,0.3608415424912883,0.05662624524327069,3.5005513299100836e-05,12.70455302245272,16.273440239374057,nan,1.394091922574296,nan
232.55,191.3184356689453,-175.17701721191406,-36.63423538208008,191.73844579498322,-175.1070881264094,-36.63834549420564,0.4258115498616538,0.36076670485545775,0.05662106623405053,3.568897717024416e-05,12.902572917554222,16.779745454377615,1.3747070621594992,nan,nan
232.56,191.3097686767578,-175.1805877685547,-36.63603973388672,191.72986285397675,-175.11046243597107,-36.64238285602864,0.42595412335336075,0.3608211288078841,0.056636803787557005,3.499234512151979e-05,13.557076667720905,16.877483729843185,nan,3.2429571739000362,nan
232.57,191.3011016845703,-175.1842041015625,-36.63780212402344,191.72128182107514,-175.11388459248835,-36.644263882989165,0.4260726872243453,0.36087564007217954,0.05665260637269458,3.569735729050337e-05,13.553616309322575,17.314614996403886,nan,nan,nan
232.58,191.29241943359375,-175.18789672851562,-36.63953399658203,191.7127003761862,-175.11736819409566,-36.64688372096651,0.4262210263728888,0.3609302387913864,0.05666847406794716,3.500047273638535e-05,13.906546369550098,16.958361469357527,nan,0.42231270655174397,nan
232.59,191.28375244140625,-175.19163513183594,-36.64122772216797,191.70411983006474,-175.12090537334424,-36.648704105076085,0.42634180710462927,0.3609849251116509,0.05668440707916034,3.570588768253532e-05,13.906084983120614,17.456313427997124,nan,nan,nan
232.6,191.27508544921875,-175.19541931152344,-36.64289093017578,191.7095011423358,-175.13118251521453,-36.65117358081609,0.4392174435607317,0.36091001233360404,0.056679251474491536,3.4987569248790204e-05,14.201298460336577,18.03443950037924,2.17878937641166,0.3213736775254011,nan
232.61,191.26641845703125,-175.1992645263672,-36.6445198059082,191.7009449452802,-175.13484618200735,-36.6529351722558,0.43935613170957677,0.36096445689714457,0.05669521183028492,3.5692509622100525e-05,14.201532109870222,17.906034808584156,nan,nan,nan
232.62,191.25775146484375,-175.2031707763672,-36.646114349365234,191.69238931751752,-175.13856502856004,-36.65466497168044,0.4394963922133689,0.36101898882092837,0.05671123752571006,3.6411773754789245e-05,14.202862663219017,17.774791881962457,nan,nan,nan
232.63,191.24908447265625,-175.20713806152344,-36.64767837524414,191.6838343048882,-175.1423383569171,-36.656363507997774,0.4396383171127387,0.36107360824945567,0.05672732870526718,3.7145506147056367e-05,14.203812556395555,17.56758073746261,nan,nan,nan
232.64000000000001,191.2404327392578,-175.2111358642578,-36.64921188354492,191.67527916048675,-175.14616832658461,-36.65875084016718,0.4397762871055878,0.361128315325703,0.05674348549260443,3.6362820933256664e-05,14.650672934498095,18.794837802214435,nan,0.33793908176081683,nan
232.65,191.2317657470703,-175.2152099609375,-36.65071487426758,191.6386358223314,-175.13775596500125,-36.660351362399126,0.4142888382915491,0.36105332777598215,0.056738348504476545,3.707152042487628e-05,14.760444614283069,18.014617353129307,7.81299333449233,nan,nan
232.66,191.2230987548828,-175.2192840576172,-36.65218734741211,191.63003801566276,-175.14163641356512,-36.65996949093086,0.4143540519274726,0.36110779284100347,0.056754531811022656,3.629259158302119e-05,13.899576781100844,17.353840565737322,nan,2.6157277505212067,nan
232.67000000000002,191.2144317626953,-175.2233123779297,-36.653629302978516,191.6214386163626,-175.1455091468602,-36.66153626336161,0.41445197757943447,0.36116234531644287,0.056770780814313984,3.70228515006842e-05,13.891816576158762,17.602714379701617,nan,nan,nan
232.68,191.2057647705078,-175.227294921875,-36.65504455566406,191.61283926959865,-175.1493361801373,-36.663531177144456,0.4145590862199658,0.3612169853431741,0.05678709562673062,3.624662035681544e-05,14.162607608936318,17.53019257395766,nan,0.13686940887464188,nan
232.69,191.19711303710938,-175.231201171875,-36.656429290771484,191.6042409904144,-175.15309897986938,-36.665046923012454,0.4146412742888365,0.3612717130695482,0.05680347642197344,3.697571180854354e-05,14.154575694456106,17.95382816836774,nan,nan,nan
232.70000000000002,191.18844604492188,-175.2350311279297,-36.65778732299805,191.60059798689014,-175.15890687574938,-36.665769523873,0.4191990464791495,0.3568184874102058,0.056677158224361146,3.61793696554496e-05,18.956324835689227,22.35919979721786,3.2590861153021975,0.47018469343504593,0.021953730853290304
232.71,191.17977905273438,-175.23880004882812,-36.65911865234375,191.59201893038,-175.16252325612314,-36.66722510914195,0.41931560961697445,0.3568693867677138,0.056692239748461506,3.6906438892843146e-05,18.937761902812337,22.027836074076074,nan,nan,nan
232.72,191.17112731933594,-175.24249267578125,-36.660423278808594,191.58348209741985,-175.16605551409876,-36.66716012962586,0.41943353210447937,0.3569203709244595,0.056707380009689785,3.613640378250601e-05,18.373854869872932,21.707880977620388,nan,1.4780133055997722,nan
232.73000000000002,191.16246032714844,-175.24610900878906,-36.66170120239258,191.57490349476424,-175.1695250463311,-36.66854961111443,0.4195490084849957,0.35697144240258505,0.056722579302120185,3.6862443843858877e-05,18.351415352395062,21.63240063643013,nan,nan,nan
232.74,191.15380859375,-175.24964904785156,-36.66295623779297,191.56631301979664,-175.1729252120959,-36.67035238134269,0.41964407707072165,0.3570225990023109,0.05673783762700294,3.609491127939838e-05,18.554404802269804,22.085898630988858,nan,0.1273061916578062,nan
232.75,191.1451416015625,-175.2531280517578,-36.6641845703125,191.56446844903758,-175.1811710885807,-36.67173565905444,0.42552300584603836,0.35695593525363656,0.05673243342359862,3.679673254166615e-05,18.27521434784995,21.59748137671711,1.5057074382487357,nan,nan
232.76,191.13648986816406,-175.25653076171875,-36.66538619995117,191.5559117306719,-175.1844399185096,-36.67266283775048,0.4256345120896774,0.3570068708904173,0.0567477146172856,3.6032599127875326e-05,18.15504729915274,21.867768260263166,nan,0.10355246997236343,nan
232.77,191.12782287597656,-175.25987243652344,-36.666568756103516,191.54734449212287,-175.18764281232683,-36.67395717610942,0.42575825743698825,0.3570578936966318,0.05676305508952459,3.675585711197083e-05,18.13253427761328,21.443682224536925,nan,nan,nan
232.78,191.11915588378906,-175.2631378173828,-36.667724609375,191.5387848471711,-175.19077681226827,-36.674947638536985,0.42588349829564215,0.35710900161385556,0.05677845486585274,3.599409489220933e-05,18.057392862632845,21.69267120329527,nan,0.05267453183225096,nan
232.79,191.11050415039062,-175.26634216308594,-36.66885757446289,191.53021761988083,-175.19384688554035,-36.67619401046117,0.4259915316424414,0.35716019695651946,0.0567939142042524,3.671650814101474e-05,18.034213376799492,21.73838199435273,nan,nan,nan
232.8,191.10183715820312,-175.2694854736328,-36.66996765136719,191.498756616943,-175.18715902062053,-36.67666805269116,0.4054227385949777,0.35709344462004966,0.05678853863717401,3.593491722463629e-05,17.872293660456684,21.279751230858302,5.467517926851641,0.26683476506636583,nan
232.81,191.0931854248047,-175.27256774902344,-36.67105484008789,191.49015201101494,-175.19008326405412,-36.677862385506586,0.40550277866212453,0.3571444187185555,0.056804020359751795,3.66556409874385e-05,17.848609263851383,21.42472406591189,nan,nan,nan
232.82,191.0845184326172,-175.2755889892578,-36.672122955322266,191.48153935971314,-175.19294723073014,-36.67934704860579,0.40559519761511464,0.3571954779155456,0.0568195616526867,3.5899359753023984e-05,18.00043629523689,21.355872388066132,nan,0.06504145401639572,nan
232.83,191.07586669921875,-175.27854919433594,-36.67316818237305,191.47293470732,-175.19574858032468,-36.680502680112035,0.40567565812509065,0.35724662438707694,0.056835162753584,3.661935879344522e-05,17.97726899488065,21.57745403661112,nan,nan,nan
232.84,191.06719970703125,-175.2814483642578,-36.6741943359375,191.46431821174497,-175.1984927897395,-36.682090584546195,0.4057672792030074,0.35729785627835126,0.056850823718290595,3.5865240257093384e-05,18.208867727977537,21.670738613803625,nan,0.13755521204199314,nan
232.85,191.0585479736328,-175.28428649902344,-36.67519760131836,191.48206258112225,-175.2029930512276,-36.68312662198841,0.4313190429140056,0.35723101755943687,0.05684547315749508,3.6561681231195394e-05,19.395586860363952,22.482189258584594,14.401214939586334,nan,nan
232.86,191.0498809814453,-175.2870635986328,-36.67618179321289,191.4735152987105,-175.20559536158476,-36.68379710069182,0.43146390500303344,0.3572820279972902,0.05686115600859486,3.581058957598344e-05,19.25887831872381,22.31548394859395,nan,0.12405926438029691,nan
232.87,191.04122924804688,-175.289794921875,-36.677146911621094,191.46495707252748,-175.2081438058054,-36.68487383881591,0.43159226058671746,0.35733312555983693,0.056876898911137765,3.652839873746573e-05,19.237892942060114,22.218685621012387,nan,nan,nan
232.88,191.03256225585938,-175.29248046875,-36.67809295654297,191.4564520916812,-175.21062706352652,-36.683787862968884,0.4317580396691341,0.3573843085265642,0.05689270193791378,3.5779334244274515e-05,18.475905176330226,21.126248426778055,nan,3.1042722036383132,nan
232.89000000000001,191.02391052246094,-175.2950897216797,-36.679019927978516,191.44789363860278,-175.213066856703,-36.684806933648254,0.43188299640869415,0.35743557887553556,0.056908565301336436,3.649657506482508e-05,18.449140728015664,21.83795515319149,nan,nan,nan
232.9,191.01524353027344,-175.29766845703125,-36.679927825927734,191.45396544456344,-175.2222881823516,-36.68620353765711,0.4451948881633419,0.35736865194280615,0.05690323588268064,3.572763748532837e-05,18.507499929841735,21.30930728621637,2.470150739003354,0.07040388346421952,nan
232.91,191.00657653808594,-175.30018615722656,-36.680816650390625,191.44543055549804,-175.22463785721587,-36.687192214405854,0.4453549618559963,0.35741970055769806,0.05691912060257914,3.644346558320598e-05,18.485104857720117,21.563224381259573,nan,nan,nan
232.92000000000002,190.9979248046875,-175.30264282226562,-36.68169021606445,191.4369203966727,-175.2269324945647,-36.687119332827024,0.44550943739928967,0.3574708345585316,0.056935065702128404,3.5699164862598174e-05,18.157678217751705,21.646679681625965,nan,0.7401331256617165,nan
232.93,190.9892578125,-175.30506896972656,-36.68254470825195,191.4283846667268,-175.22918197468056,-36.68806420575614,0.4456699394988807,0.3575220557940002,0.056951071379824095,3.6414525905541386e-05,18.134357418961287,21.05572999456265,nan,nan,nan
232.94,190.9805908203125,-175.30743408203125,-36.683380126953125,191.41986125245836,-175.23138057882088,-36.688452187129364,0.4458344689485249,0.35757336273455576,0.056967137729173535,3.567204282018716e-05,17.98293120898081,21.281320563293193,nan,0.1984922532252695,nan
232.95000000000002,190.97193908691406,-175.3097686767578,-36.6842041015625,191.40202909695,-175.22740147100484,-36.68942413347564,0.43793723528542505,0.3575063494576308,0.056961825684306855,3.636437158059154e-05,18.33603707834639,21.122918315145412,2.0951966496576278,nan,nan
232.96,190.96327209472656,-175.31204223632812,-36.68500900268555,191.39345624373718,-175.22949424599858,-36.691247002615334,0.4380770313661251,0.35755743445021687,0.05697791284434109,3.562454782184477e-05,18.644011094347537,21.700106862239863,nan,0.588766415319496,nan
232.97,190.95460510253906,-175.31427001953125,-36.685794830322266,191.38490463280317,-175.23153757210864,-36.69213402106063,0.4382265726097232,0.35760860653150967,0.056994060821295635,3.6338215393630974e-05,18.622567867062383,21.75323018247855,nan,nan,nan
232.98000000000002,190.94595336914062,-175.3164520263672,-36.68656921386719,191.37631793405058,-175.2335413926302,-36.69453104784196,0.43835057056771565,0.35765986429569,0.057010269719965735,3.560007669745445e-05,19.261334037607696,22.527973882675333,nan,1.586216055406168,nan
232.99,190.93728637695312,-175.318603515625,-36.68732833862305,191.3677656898267,-175.23549574701744,-36.69540357553216,0.43850262196044126,0.35771120940853407,0.05702653972205263,3.631340653152629e-05,19.24307049957995,22.056199308164032,nan,nan,nan
233.0,190.92861938476562,-175.32069396972656,-36.68806838989258,191.3522950515939,-175.23273004752855,-36.69629029606326,0.432789004033051,0.3576441082719523,0.05702124113139948,3.5555279725818776e-05,19.605064200808073,22.789978330914405,1.1649075599368193,4.967711396575362e-05,nan
233.01,190.91995239257812,-175.32275390625,-36.68879699707031,191.34373168377192,-175.2345855531841,-36.697135269175575,0.4329342593382625,0.3576952311576267,0.057037531369809075,3.626742562090274e-05,19.58719557889242,22.46205030338567,nan,nan,nan
233.02,190.91128540039062,-175.32476806640625,-36.689510345458984,191.33519752330434,-175.23639530811695,-36.69661216214936,0.43308390429705257,0.3577464397008485,0.05705388277529533,3.553335262150392e-05,19.055242078182655,22.082399065171998,nan,1.2565191209504087,nan
233.03,190.90261840820312,-175.32675170898438,-36.690208435058594,191.32663316498252,-175.2381684256549,-36.6974171984801,0.4332291291247536,0.35779773544981197,0.05707029552056356,3.624524443479595e-05,19.036676141697928,21.8611530609002,nan,nan,nan
233.04,190.8939666748047,-175.3288116455078,-36.69099807739258,191.31805675348878,-175.23996101318082,-36.69880225192702,0.4333678977997183,0.35784911717269513,0.05708676972381283,3.5512655026085606e-05,19.291983319101348,22.3000954317255,nan,0.20025983618449714,nan
233.05,190.8852996826172,-175.3309326171875,-36.69187927246094,191.32177860781815,-175.24893871399735,-36.6997734067065,0.44418371161089093,0.357781929736528,0.05708148070557526,3.620192403126552e-05,19.01929555819569,22.37590626129624,2.3825878299110568,nan,nan
233.06,190.8766326904297,-175.33314514160156,-36.692848205566406,191.31325513890292,-175.25089629430815,-36.69972196887572,0.4443549077189158,0.35783308901334704,0.05709797455301841,3.547164528023097e-05,18.60435981253514,21.585928531320285,nan,0.8071791027038141,nan
233.07,190.8679656982422,-175.33541870117188,-36.693904876708984,191.30470870017962,-175.25293105956698,-36.70083292970295,0.44451845707140575,0.35788433535504,0.05711452997362752,3.6182250154526996e-05,18.571533042296934,21.899089033074862,nan,nan,nan
233.08,190.8592987060547,-175.3377685546875,-36.69504928588867,191.29615541003642,-175.25504004555418,-36.702354826499665,0.4446809608706259,0.3579356676408087,0.057131147092630785,3.545333036117e-05,18.723314362836703,21.988158109312536,nan,0.07155918384931856,nan
233.09,190.8506317138672,-175.34019470214844,-36.6962776184082,191.28760853587124,-175.25722092406883,-36.703644898843955,0.444845667213458,0.3579870872543518,0.057147826072266726,3.616378541898353e-05,18.69216620855346,21.918672293969237,nan,nan,nan
233.1,190.8419647216797,-175.34268188476562,-36.697593688964844,191.26906989965775,-175.26430868959156,-36.70540442297353,0.4343065718397777,0.3579198122913863,0.057142542649839465,3.541471943189412e-05,17.768987578758576,21.808795505635953,9.513551623633273,0.12201459659526195,nan
233.11,190.8332977294922,-175.34524536132812,-36.69898986816406,191.26050276720792,-175.26666352528628,-36.70686979064873,0.4344437160136819,0.35797100918170044,0.05715924065582928,3.61241753363459e-05,17.735996192097296,21.7024881110747,nan,nan,nan
233.12,190.8246307373047,-175.34788513183594,-36.70047378540039,191.25195076958937,-175.2690868095998,-36.7076447872868,0.43458371903129106,0.3580222919828688,0.0571760005961816,3.5398666492460894e-05,17.441355333329938,21.175050256622228,nan,0.41437057905725927,nan
233.13,190.8159637451172,-175.3505859375,-36.7020378112793,191.24338331435487,-175.2715810396969,-36.7092704597239,0.4347201090905824,0.35807366197436874,0.05719282262779631,3.6108040225176665e-05,17.407891625558282,21.41316846048836,nan,nan,nan
233.14000000000001,190.8072967529297,-175.35336303710938,-36.70368194580078,191.2348260368221,-175.2741429652319,-36.71046207058445,0.4348598377246678,0.3581251181899515,0.057209706883866944,3.53837030825973e-05,17.229786693960875,21.054714687255697,nan,0.1842148482447768,nan
233.15,190.7986297607422,-175.356201171875,-36.705406188964844,191.21095097565254,-175.27267293768816,-36.71226825951848,0.42075270430955264,0.35805775698238734,0.05720442508329504,3.6070765406401656e-05,16.978032680532845,21.116936794227005,2.1528620189665872,nan,nan
233.16,190.7899627685547,-175.35910034179688,-36.707210540771484,191.2023892083838,-175.27536576140568,-36.71248147621726,0.4208738896437801,0.3581089902507379,0.05722132772889715,3.534841849952685e-05,16.42815112885686,20.731377582047344,nan,1.8901917928965408,nan
233.17000000000002,190.7812957763672,-175.36207580566406,-36.7090950012207,191.19379622509408,-175.27812733653474,-36.71441105441139,0.4209895795510473,0.3581603105741977,0.057238292693207696,3.605683041279458e-05,16.396845263833658,20.397797232721675,nan,nan,nan
233.18,190.7726287841797,-175.3651123046875,-36.711055755615234,191.18521159599027,-175.2809534785304,-36.71597674078965,0.421107469319595,0.3582117170837792,0.05725532011333279,3.533554174866237e-05,16.268759158103176,20.422346667752734,nan,0.13583668539242422,nan
233.19,190.7639617919922,-175.3682098388672,-36.71309280395508,191.17661909752127,-175.28384489315724,-36.718058803005,0.4212222180960159,0.3582632109145861,0.05727241014033976,3.604395332176156e-05,16.237582565517567,20.509407104426437,nan,nan,nan
233.20000000000002,190.7552947998047,-175.3713836669922,-36.71516799926758,191.14032987649182,-175.27715963863534,-36.72118978856327,0.3964422275005264,0.35819576249163565,0.05726712592942343,3.53023386614015e-05,16.396550678030025,20.51281134098211,7.166149273227767,0.5139777111977349,nan
233.21,190.7466278076172,-175.37460327148438,-36.71724319458008,191.1316920104406,-175.2801651468301,-36.72336143608348,0.3965229281685158,0.3582470331003932,0.05728423368571583,3.60098967579265e-05,16.37812955161232,20.946910111753745,nan,nan,nan
233.22,190.7379608154297,-175.37789916992188,-36.719295501708984,191.1230714653062,-175.28323184695154,-36.72456750345549,0.39661052518698064,0.35829838985387735,0.05730140412494994,3.529142316431693e-05,16.09716670398792,20.31700689931882,nan,0.6338200594503389,nan
233.23000000000002,190.7292938232422,-175.38124084472656,-36.721317291259766,191.1144343290736,-175.28636144849074,-36.72669471679706,0.39669160032391876,0.35834983379692964,0.057318637395483665,3.599903445882264e-05,16.08193717176868,20.754187747905114,nan,nan,nan
233.24,190.7206268310547,-175.38465881347656,-36.723304748535156,191.10582448880285,-175.28955061407086,-36.72722068747955,0.396784752361634,0.3584013641946548,0.057335933638474626,3.52814498926615e-05,15.68423797293197,19.913975128799308,nan,1.7107449985982042,nan
233.25,190.7119598388672,-175.38812255859375,-36.72525405883789,191.08786247579425,-175.28858444512392,-36.72935001697558,0.38887967979173266,0.3583338295950762,0.0573306429694141,3.596698024091679e-05,15.775198403630805,20.431774099660068,1.177125331512826,nan,nan
233.26,190.7032928466797,-175.39166259765625,-36.72716522216797,191.07921421799782,-175.29188635321876,-36.73116340714707,0.388957789291948,0.358385136541749,0.05734795626179786,3.525109928883962e-05,15.733660349344614,19.946214787317768,nan,0.0268476172350226,nan
233.27,190.69464111328125,-175.39524841308594,-36.729042053222656,191.0705629492091,-175.29524713004622,-36.733134729670866,0.3890170090593182,0.35843653054855745,0.057365332606558926,3.5958002303508e-05,15.715139327991187,20.446150951620826,nan,nan,nan
233.28,190.68597412109375,-175.39889526367188,-36.73088073730469,191.06191318378012,-175.29866600143387,-36.734997243716606,0.3890925718737387,0.35848801096390837,0.05738277214657284,3.524290994952292e-05,15.700392395409223,20.156610016504178,nan,0.003671793259560952,nan
233.29,190.67730712890625,-175.402587890625,-36.73268127441406,191.05326257918816,-175.3021423636275,-36.736895956404894,0.3891652194566746,0.3585395787087886,0.05740027502763207,3.594992847647231e-05,15.682553038867644,20.496979927964347,nan,nan,nan
233.3,190.66864013671875,-175.40635681152344,-36.73444747924805,191.0516398355628,-175.3007806319629,-36.73677425167074,0.39729147093178907,0.358471957184686,0.05739497381647458,3.521432461601407e-05,16.29151956092409,19.999925645892773,6.291256581573117,2.645659630748126,nan
233.31,190.6599884033203,-175.41017150878906,-36.736175537109375,191.04300455942513,-175.3043426392934,-36.73858345037976,0.39737504136817303,0.358523301206151,0.057412493045437385,3.5920601528095063e-05,16.269916151142475,20.5357449163843,nan,nan,nan
233.32,190.6513214111328,-175.41404724121094,-36.73787307739258,191.0343855162257,-175.3079597772875,-36.739352083147054,0.3974856551755715,0.3585747315866759,0.05743007568839371,3.5207795939849854e-05,16.142812891996726,19.968783278149818,nan,0.7071668783617602,nan
233.33,190.6426544189453,-175.41796875,-36.73953628540039,191.02575135529838,-175.31163218395068,-36.74108446097685,0.3975841103086055,0.3586262491707885,0.05744772189023298,3.591422981020376e-05,16.1185038180427,20.207809459792735,nan,nan,nan
233.34,190.63400268554688,-175.4219512939453,-36.74116516113281,191.01711467163216,-175.31535903437666,-36.74299469128375,0.3976682673570205,0.3586778534206654,0.05746543179518918,3.5202063632116726e-05,16.118019980493514,20.2790040777613,nan,0.030821773878284674,nan
233.35,190.62533569335938,-175.4259796142578,-36.742759704589844,190.9974798533684,-175.31262551067405,-36.74477420790428,0.38903018758406976,0.3586101458023733,0.057460115936135606,3.588658169319059e-05,16.401076490610432,20.524648503543286,2.3829301376771643,nan,nan
233.36,190.61668395996094,-175.43006896972656,-36.74432373046875,190.98884383079204,-175.3164426762363,-36.745497376029064,0.3891211655426295,0.35866152609510144,0.057477841467637465,3.5175868887985685e-05,16.298861498755915,20.416636003363106,nan,0.588842808403502,nan
233.37,190.60801696777344,-175.4342041015625,-36.74585723876953,190.9801948277581,-175.32031213559964,-36.74709879606222,0.38921623917582,0.3587129934675837,0.05749563077240362,3.588178676623026e-05,16.27436350021545,20.322485253637815,nan,nan,nan
233.38,190.599365234375,-175.43838500976562,-36.74736022949219,190.97152796379999,-175.32423303914086,-36.74995848813969,0.3892846266147311,0.3587645474517962,0.057513483994922274,3.51716267495316e-05,16.393615901597993,20.826561000536124,nan,1.159693833485188,nan
233.39000000000001,190.59071350097656,-175.442626953125,-36.74883270263672,190.96288045873786,-175.32820499164086,-36.75151402748692,0.3893684877107127,0.3588161887883363,0.057531401279700016,3.587774737023245e-05,16.373580653936617,20.567860516685244,nan,nan,nan
233.4,190.58204650878906,-175.44691467285156,-36.75027847290039,190.9671067085689,-175.3306642852954,-36.75292749250742,0.40223441842578533,0.35874839451751095,0.05752606664274773,3.514689613689908e-05,17.21834246693417,20.748090371406526,5.705508953769108,0.0001504992096580926,nan
233.41,190.57339477539062,-175.4512176513672,-36.75168991088867,190.95848430211632,-175.33469534367526,-36.75442409955744,0.4023417298408729,0.35879981162694574,0.057543998812579905,3.585235851826987e-05,17.197993755907966,20.815552400469713,nan,nan,nan
233.42000000000002,190.5647430419922,-175.45545959472656,-36.75307846069336,190.94986617603672,-175.3387085514331,-36.75562318186972,0.4024389520067168,0.35885131529090597,0.05756199511089029,3.5144027931616175e-05,17.13916478917612,21.157781773262837,nan,0.05112257201674091,nan
233.43,190.5560760498047,-175.45965576171875,-36.75443649291992,190.9412450591787,-175.34267048560332,-36.75706278975496,0.4025513855957092,0.3589029061866205,0.05758005568244328,3.584972440493724e-05,17.11422762667953,20.593673437530672,nan,nan,nan
233.44,190.54742431640625,-175.46377563476562,-36.755767822265625,190.93261929157163,-175.34656523132367,-36.75888286405749,0.4026451925120263,0.3589545839404954,0.057598180671350876,3.5141818011571824e-05,17.16301215389999,20.95007482237741,nan,0.115976417202906,nan
233.45000000000002,190.5387725830078,-175.4678192138672,-36.75707244873047,190.9349653622893,-175.35562299919118,-36.76030199768865,0.41178530683947306,0.35888670367300596,0.05759282310652087,3.582571232511829e-05,17.08199180290289,20.85206773140509,1.2792480260630823,nan,nan
233.46,190.53012084960938,-175.47178649902344,-36.75835418701172,190.92636321621114,-175.35937769630107,-36.76171746511639,0.4118920534062978,0.3589381569616931,0.057610962219247976,3.5119045750195726e-05,17.077903040332746,20.758778418894934,nan,0.0016624720237871284,nan
233.47,190.52146911621094,-175.47567749023438,-36.759605407714844,190.91776220001847,-175.36305478444626,-36.76306008183159,0.4120000205169591,0.35898969736346786,0.05762916581266342,3.582436745302561e-05,17.054120778162996,20.82954300145601,nan,nan,nan
233.48000000000002,190.5128173828125,-175.4794921875,-36.760833740234375,190.9091644011468,-175.36665469792462,-36.76415589829003,0.4121095664144531,0.3590413245619565,0.05764743403023635,3.511805221688036e-05,17.000585827178604,20.71869286622659,nan,0.034738144814640236,nan
233.49,190.50416564941406,-175.48321533203125,-36.76203918457031,190.90056411363884,-175.37017803020044,-36.76544834844365,0.4122145029511519,0.3590930391490738,0.057665767017689565,3.5823640159016514e-05,16.974277325252107,21.071806645559985,nan,nan,nan
233.5,190.49551391601562,-175.48687744140625,-36.76321792602539,190.9162849138071,-175.38094541150858,-36.766536369835464,0.43391340104908815,0.3590250724843961,0.05766038235602219,3.509646756387827e-05,17.275547419145035,20.86883143780753,5.012810120813525,0.019949708973555306,nan
233.51,190.4868621826172,-175.490478515625,-36.764373779296875,190.9077258736819,-175.38432664389927,-36.76778093096639,0.4340576862699086,0.35907656233861956,0.05767872868710925,3.5801457256051285e-05,17.253398153035846,20.558733239719462,nan,nan,nan
233.52,190.47821044921875,-175.49398803710938,-36.76551055908203,190.89916508810944,-175.38763542373195,-36.76915693059782,0.43419693964954614,0.35912813892518697,0.05769713984536528,3.509658445370637e-05,17.273017710538117,20.99637677071038,nan,0.01659437442448102,nan
233.53,190.4695587158203,-175.4974365234375,-36.76662063598633,190.89060611096514,-175.39087340532424,-36.77035876399138,0.43433924609830576,0.3591798027846404,0.05771561597743818,3.58018635241002e-05,17.25074242939895,20.846957593812576,nan,nan,nan
233.54,190.46090698242188,-175.5008087158203,-36.76770782470703,190.88204877854972,-175.39404209840316,-36.77139019216616,0.434480244511288,0.3592315536772656,0.05773415722541961,3.509723355839666e-05,17.212236926519132,21.03821744094894,nan,0.015580570315725083,nan
233.55,190.45225524902344,-175.50411987304688,-36.768775939941406,190.90001134781306,-175.40533769079008,-36.77250804192969,0.45853829951266994,0.3591635011285202,0.057728741284927325,3.578078459240629e-05,17.533062156387352,20.99096856717407,5.9819777138024595,nan,nan
233.56,190.443603515625,-175.5073699951172,-36.76982116699219,190.89151597132417,-175.4083819524848,-36.77188578372053,0.4587248229569496,0.35921502704627406,0.057747295077003845,3.507721620166473e-05,17.23278879972535,20.628778707816775,nan,2.1751092759817503,nan
233.57,190.43495178222656,-175.5105438232422,-36.77084732055664,190.88300094340073,-175.4113589972737,-36.77298508271113,0.4589011337513806,0.35926664012282244,0.05776591404324435,3.5782220251651434e-05,17.20515657185836,20.874721713432805,nan,nan,nan
233.58,190.42630004882812,-175.513671875,-36.7718505859375,190.87450121650056,-175.41427354456948,-36.77263653543488,0.45909142064726355,0.3593183401643207,0.05778459832462702,3.5078834969838894e-05,17.06346876329404,20.36109766315449,nan,1.4336533018134692,nan
233.59,190.4176483154297,-175.5167236328125,-36.77283477783203,190.86598613694107,-175.41712364556503,-36.77368261739593,0.4592686343407303,0.35937012764283505,0.05780334806946559,3.578414959438511e-05,17.03275870513187,20.686035491111433,nan,nan,nan
233.6,190.40899658203125,-175.51971435546875,-36.773799896240234,190.83850162012467,-175.40512041954787,-36.774832029121335,0.44453055372578915,0.3593019889381709,0.057797896650307996,3.505975910692383e-05,17.922719793664818,21.187507340130527,9.935466073054116,0.0005847598825755787,nan
233.61,190.4003448486328,-175.52264404296875,-36.77474594116211,190.82995790137107,-175.40780763589862,-36.77584306670263,0.44469762665919005,0.3593535511761339,0.05781665812172446,3.5764516776439016e-05,17.89391547464435,21.22102445707612,nan,nan,nan
233.62,190.3916778564453,-175.52552795410156,-36.775672912597656,190.82142700227914,-175.41043742462048,-36.77553358800054,0.4448934453692032,0.3594052003081867,0.05783548510382162,3.506225371125928e-05,17.831143957016565,20.74359873981714,nan,1.1937629158992158,nan
233.63,190.38302612304688,-175.52835083007812,-36.776580810546875,190.81288289669044,-175.4130074385131,-36.77649621888896,0.4450628618304698,0.3594569367656894,0.05785437774614079,3.5767338599485376e-05,17.799992819267338,20.99166783442274,nan,nan,nan
233.64000000000001,190.37437438964844,-175.53111267089844,-36.77747344970703,190.8043414489907,-175.41552112425617,-36.77714225482078,0.44523385705113927,0.35950876041561963,0.05787333618782419,3.5065168973500614e-05,17.771583541368305,21.027896757364438,nan,0.06300560205060499,nan
233.65,190.36572265625,-175.5338134765625,-36.778343200683594,190.75439756665605,-175.3914578926581,-36.77805239906882,0.4139243684702461,0.3594405359541053,0.057867845086849265,3.574857050946085e-05,19.01215236509037,22.242347141565826,28.755195401796335,nan,nan
233.66,190.35707092285156,-175.53646850585938,-36.77920150756836,190.74578726430488,-175.3937938137388,-36.77908746045351,0.4140730308668975,0.35949213411810294,0.057886814418827114,3.5047316970102e-05,18.980930809303175,21.923617202451798,nan,0.011309571579435304,nan
233.67000000000002,190.34841918945312,-175.5390625,-36.78003692626953,190.73717796657914,-175.3960766058389,-36.779980850214194,0.4142201780045045,0.3595438194973527,0.05790584960417714,3.575219382397002e-05,18.950413835574395,22.242940970989697,nan,nan,nan
233.68,190.3397674560547,-175.54161071777344,-36.78085708618164,190.7285775601241,-175.39830880165076,-36.77982376191519,0.4143788169657632,0.3595955919947484,0.057924950780766156,3.505098606959236e-05,18.95132888687447,22.12184035844628,nan,0.7536798472180338,nan
233.69,190.33111572265625,-175.5441131591797,-36.78166198730469,190.71996725873376,-175.4004882298514,-36.78067554919065,0.41452938435598313,0.3596474519879691,0.0579441181000493,3.575620279370523e-05,18.919262851908965,21.99813656940588,nan,nan,nan
233.70000000000002,190.32244873046875,-175.5465545654297,-36.78245162963867,190.68821520256517,-175.40116767363142,-36.78267040890575,0.3936019668154538,0.35957914160047216,0.05793858309525012,3.5033862610065424e-05,17.93671028581591,21.511655337795183,8.432046746721054,1.1583267865636209,nan
233.71,190.3137969970703,-175.54896545410156,-36.783226013183594,190.67956349263375,-175.40326195822382,-36.783502528792695,0.39371908062555544,0.35963077584384695,0.057957760451386744,3.573854915259162e-05,17.908459969456484,21.341956395787864,nan,nan,nan
233.72,190.30514526367188,-175.5513153076172,-36.78398513793945,190.66016227991744,-175.41749148630046,-36.78613047047091,0.3794080908828743,0.359097578945167,0.057223035946113276,3.5037785893594224e-05,22.503491436765305,26.23606464389453,nan,2.3323219388787275,0.19697886615062898
233.73000000000002,190.29649353027344,-175.55361938476562,-36.784725189208984,190.65149915156715,-175.41951727850974,-36.7869519349619,0.37949614549959176,0.35914821296237165,0.05723899293780153,3.574281464387133e-05,22.470622133692004,26.337792318175982,nan,nan,nan
233.74,190.28782653808594,-175.55587768554688,-36.78545379638672,190.6428790898064,-175.42146911538254,-36.78578646459529,0.37964205363074627,0.35919893254401075,0.05725500868306218,3.5042467269164335e-05,22.29577600087259,25.867746612189276,nan,2.7418843541247115,nan
233.75,190.2791748046875,-175.55809020996094,-36.78616714477539,190.64641952375297,-175.42391251845442,-36.78646477317596,0.3909890345804583,0.3591318067801358,0.05724951154407788,3.5725836892801107e-05,23.00544813723057,26.440982014895415,4.119034112610509,nan,nan
233.76,190.2705078125,-175.5603790283203,-36.78697204589844,190.63781562354058,-175.42582544335232,-36.78553837035982,0.3911799467057417,0.3591823064791063,0.05726554627565379,3.50262888459988e-05,23.03368748418165,26.241361103743706,nan,2.128914652044926,nan
233.77,190.26185607910156,-175.56272888183594,-36.787864685058594,190.6291740649475,-175.42783547837627,-36.786423643123435,0.39130654176069324,0.35923289285884263,0.057281640423769466,3.573115241306793e-05,23.002047950155227,26.790380894255485,nan,nan,nan
233.78,190.25320434570312,-175.56517028808594,-36.788848876953125,190.62049809091164,-175.42993995667612,-36.78901620106142,0.3913974524698164,0.35928356478796253,0.057297793609004,3.503153997196226e-05,22.916571930141288,26.28162783876618,nan,1.8432137454450104,nan
233.79,190.24453735351562,-175.5676727294922,-36.789920806884766,190.61185560638708,-175.43209462321641,-36.790096923243794,0.39154074221061047,0.35933432365558915,0.05731400648910367,3.573676172287771e-05,22.887547239338403,26.310896963074185,nan,nan,nan
233.8,190.2358856201172,-175.5702362060547,-36.79107666015625,190.5987415840843,-175.43075388582807,-36.7906214138691,0.38874152787101585,0.3592671259051894,0.0573085248371825,3.501591021500151e-05,23.190941887112324,27.081490969316945,0.8131635718736129,0.3265381866856222,nan
233.81,190.2272186279297,-175.57289123535156,-36.792320251464844,190.59009250298286,-175.43303818589695,-36.79187169555362,0.38889140623092044,0.359317664645031,0.057324756208442865,3.572061808702656e-05,23.164098443492655,26.386457473521926,nan,nan,nan
233.82,190.21856689453125,-175.57559204101562,-36.79364776611328,190.58144487175062,-175.43539057916283,-36.79312422306904,0.3890207582556512,0.3593682889142319,0.057341046895492236,3.502166290664457e-05,23.134809835807918,27.12688869386491,nan,0.004974203859448801,nan
233.83,190.20989990234375,-175.57838439941406,-36.79505920410156,190.572795418331,-175.43781257979398,-36.794545138858034,0.3891707289327205,0.3594189999789362,0.057357397511986326,3.572673689301093e-05,23.107495564728225,26.450663817704868,nan,nan,nan
233.84,190.2012481689453,-175.5812225341797,-36.79655456542969,190.5640952428506,-175.44033527070945,-36.79866558822217,0.3892450082749933,0.3594697968902796,0.0573738077433021,3.502765974391721e-05,23.195780225036298,27.216424038983448,nan,4.821828313108681,nan
233.85,190.1925811767578,-175.58413696289062,-36.79813003540039,190.57595306025863,-175.4552116089565,-36.80020185121492,0.4044750182233427,0.35940252830461566,0.057368338425506954,3.57110834997992e-05,22.545778599082766,26.293831221808844,7.511485026980369,nan,nan
233.86,190.18392944335938,-175.58712768554688,-36.79978942871094,190.56732016226835,-175.45787606306428,-36.802643171726714,0.40460174135700555,0.35945310490494126,0.05738476665296003,3.5012715379358266e-05,22.628242307013508,26.292784451461028,nan,0.3926160385079086,nan
233.87,190.17526245117188,-175.5901641845703,-36.8015251159668,190.55870146352274,-175.46059656568693,-36.80442748557967,0.40474889475461806,0.3595037681614501,0.05740125504173338,3.571764728550217e-05,22.59936142067158,26.649471654997203,nan,nan,nan
233.88,190.16661071777344,-175.59327697753906,-36.8033447265625,190.5500951146853,-175.46337348517307,-36.805630678447095,0.4048955736727059,0.3595545172376741,0.05741780331857648,3.5019129648171584e-05,22.481437449871905,26.335280719014644,nan,0.30878981997701516,nan
233.89000000000001,190.15794372558594,-175.59645080566406,-36.80523681640625,190.54147680275003,-175.46622202508834,-36.807568412443736,0.40504640834017486,0.35960535323284315,0.05743441203626388,3.572442911613789e-05,22.453575719618918,26.37490087084582,nan,nan,nan
233.9,190.1492919921875,-175.5996856689453,-36.80720901489258,190.54031429472622,-175.46702206269936,-36.811434600890166,0.41293574449529513,0.3595380127347539,0.05742895092305443,3.5004586603634786e-05,23.63643107877866,27.349683147244566,3.834903199353531,2.468892263003993,nan
233.91,190.140625,-175.6029815673828,-36.809261322021484,190.53171190605144,-175.4699783795578,-36.813547107195006,0.41310674650876594,0.35958862817618936,0.05744557709708715,3.570938005126442e-05,23.61103837024775,27.062644243387297,nan,nan,nan
233.92000000000002,190.13197326660156,-175.60633850097656,-36.811344146728516,190.52312460988702,-175.47298645295268,-36.81486812870478,0.4132729854649953,0.3596393294056791,0.057462263427487004,3.501136224604449e-05,23.420639362254303,27.327172812774858,nan,0.5092345810673647,nan
233.93,190.12330627441406,-175.60975646972656,-36.81343078613281,190.51452297182576,-175.47606502152453,-36.817049121550774,0.4134452805478189,0.3596901174203248,0.057479010428454796,3.5716528561144046e-05,23.402758610196077,26.938290444666002,nan,nan,nan
233.94,190.11465454101562,-175.6132354736328,-36.815494537353516,190.5059176484646,-175.47920660588358,-36.819463457818436,0.41360163076373224,0.3597409915354305,0.05749581788355106,3.501831653243639e-05,23.45538213010928,27.217484703944855,nan,0.0420282624904822,nan
233.95000000000002,190.1060028076172,-175.6167755126953,-36.81752395629883,190.51090973801746,-175.49201348802,-36.82158850084002,0.4237118190581664,0.3596735799890485,0.05749036163064518,3.570183219480846e-05,22.83204889388267,26.82976247709093,4.71884336664903,nan,nan
233.96,190.0973358154297,-175.620361328125,-36.819522857666016,190.50230730244184,-175.49531273769287,-36.82503141617688,0.4238742731975605,0.35972423335875164,0.05750718600002727,3.5004260804513896e-05,23.20340996917401,27.179601651897734,nan,1.2456738499748714,nan
233.97,190.08868408203125,-175.6240234375,-36.82147979736328,190.4937269402115,-175.498655576545,-36.82712386099358,0.424038527704176,0.35977497338321573,0.05752407126706085,3.570929494947188e-05,23.197659059116127,27.067250467413356,nan,nan,nan
233.98000000000002,190.0800323486328,-175.6277313232422,-36.823402404785156,190.48517124354566,-175.5020395797075,-36.827656753395836,0.4242098985715615,0.3598257994700158,0.05754101725103079,3.501150966668034e-05,22.789733169308178,26.814121188722385,nan,1.6366283976880243,nan
233.99,190.0713653564453,-175.63150024414062,-36.82528305053711,190.47659188283575,-175.50549631298685,-36.829660554658155,0.42438743018495945,0.35987671247906317,0.05755802441346469,3.57169148688375e-05,22.778081820611998,26.65988458470161,nan,nan,nan
234.0,190.06271362304688,-175.63531494140625,-36.82712936401367,190.49645548345777,-175.52059063964126,-36.83030077291494,0.4486688363621713,0.3598092290544871,0.05755256890269315,3.499773754575609e-05,22.515084665885173,26.703475172588533,7.227810969721081,1.3458666105108956,nan
234.01,190.05406188964844,-175.63919067382812,-36.828941345214844,190.48792354080715,-175.52417913844315,-36.83221956150036,0.44885892251328285,0.3598599210775709,0.05756959239630408,3.570263913515923e-05,22.495840956884532,26.474177779673788,nan,nan,nan
234.02,190.04541015625,-175.64312744140625,-36.83071517944336,190.47938489057947,-175.5278272876315,-36.83458648473803,0.4490469713754845,0.35991069912049295,0.05758667686470724,3.500523593318524e-05,22.591020139780774,26.48437298701079,nan,0.16504208692067002,nan
234.03,190.03675842285156,-175.64710998535156,-36.83245086669922,190.4708539856938,-175.5315248090211,-36.836439893588405,0.4492380248845574,0.3599615639602974,0.05760382273655609,3.5710512119948406e-05,22.57518982537791,26.776032147832964,nan,nan,nan
234.04,190.02809143066406,-175.65115356445312,-36.83415603637695,190.46233814761467,-175.53526594823927,-36.83724803850409,0.4494549045802789,0.36001251512786014,0.057621029879646485,3.5012861039234164e-05,22.371391240340767,26.11236543649865,nan,0.7216612794830406,nan
234.05,190.01943969726562,-175.65524291992188,-36.8358268737793,190.44703305900015,-175.54865092131735,-36.8389422576905,0.4406899621988828,0.3599449604528595,0.05761557159953756,3.5696480723761876e-05,20.553035483737993,25.47058785480932,19.306332997220686,nan,nan
234.06,190.0107879638672,-175.65939331054688,-36.83746337890625,190.43846358952365,-175.55256962914757,-36.842184970512314,0.44084014462800614,0.3599956904349946,0.0576327944859958,3.4999420044368816e-05,20.882937669055188,25.59664265954051,nan,1.590805770915827,nan
234.07,190.00213623046875,-175.66358947753906,-36.83906555175781,190.42991553961576,-175.55652584342508,-36.84390977784676,0.44100025579401847,0.3600465070916478,0.05765007899824505,3.5704565110356976e-05,20.867152870524276,25.802563640711213,nan,nan,nan
234.08,189.9934844970703,-175.66783142089844,-36.84063720703125,190.42132814421535,-175.56055999730202,-36.84853548945085,0.44115725947551876,0.3600974100276882,0.057667425034131796,3.50072433546572e-05,21.955099453665074,26.999914250481368,nan,6.068376728062408,nan
234.09,189.98483276367188,-175.672119140625,-36.84217834472656,190.41278104606852,-175.56461754588778,-36.85022774344999,0.44131747993603093,0.36014839991002234,0.05768483297792161,3.5712759088657464e-05,21.94986695504919,27.10222035443551,nan,nan,nan
234.1,189.97618103027344,-175.6764678955078,-36.84368896484375,190.40888366748794,-175.5690360563008,-36.85244804275437,0.4459258837224319,0.360080773355344,0.057679367818069587,3.499399453888186e-05,22.56112120630327,27.203320524939528,0.5639007861675038,0.2696862851725491,nan
234.11,189.967529296875,-175.6808624267578,-36.84516525268555,190.4003464271595,-175.57318941242357,-36.85408550801137,0.4460983268726761,0.3601315418134641,0.057696790880084024,3.56990055489887e-05,22.561747448943347,27.41925323997978,nan,nan,nan
234.12,189.95889282226562,-175.685302734375,-36.84661865234375,190.39182271979928,-175.57738262035275,-36.854671724403794,0.44625093743170996,0.36018239649866557,0.05771427571323718,3.500198065478227e-05,22.148399945641803,27.053655923165966,nan,0.7377205120775765,nan
234.13,189.9502410888672,-175.68980407714844,-36.84803771972656,190.383286621358,-175.58163263808987,-36.85624160888429,0.4464266986141861,0.3602333380122035,0.05773182267450558,3.5707364775955036e-05,22.14603168881083,26.64888863119617,nan,nan,nan
234.14000000000001,189.94158935546875,-175.6943359375,-36.849430084228516,190.3747608734038,-175.58592325796548,-36.85698303327369,0.44659592482835164,0.36028436605674824,0.057749431702078496,3.501005351431706e-05,21.85376443049442,26.79063654943841,nan,0.45262125033864414,nan
234.15,189.9329376220703,-175.69886779785156,-36.85079574584961,190.3523924632678,-175.5833529514638,-36.85845804602915,0.43513762694580793,0.3602166680600453,0.057743956007988755,3.569377267274521e-05,22.060221891194434,26.544300981848426,2.137007460336814,nan,nan
234.16,189.92430114746094,-175.70333862304688,-36.852134704589844,190.34385726985215,-175.58761006537523,-36.85817106477687,0.4352664431598394,0.3602674744738404,0.057761579521621934,3.4997016223627616e-05,21.412105796529076,26.408856008641298,nan,2.2052999808976588,nan
234.17000000000002,189.9156494140625,-175.70774841308594,-36.85344314575195,190.33530183966582,-175.59182237838556,-36.85960767179914,0.4354136024718195,0.36031836760056507,0.057779265380903666,3.5702264777521575e-05,21.39160662370034,26.084875529265997,nan,nan,nan
234.18,189.90701293945312,-175.7120819091797,-36.85472869873047,190.3267458534516,-175.5959624096213,-36.861133877557805,0.4355461899582504,0.3603693472007901,0.05779701354863639,3.5005213936135186e-05,21.454225437939023,26.199938880983566,nan,0.00936035033017819,nan
234.19,189.8983612060547,-175.71633911132812,-36.855987548828125,190.31819192065836,-175.60002219125238,-36.86252105541802,0.43569500975900766,0.360420413789494,0.05781482434537847,3.571083042390134e-05,21.433943463969605,25.8893906366478,nan,nan,nan
234.20000000000002,189.88970947265625,-175.7205047607422,-36.85722351074219,190.34752081877164,-175.61761835029588,-36.863262169637565,0.46926890743769384,0.360352643880464,0.05780933401090479,3.4992299976504994e-05,21.517227438571133,26.151337584944194,12.460418757337028,0.3623455917770589,nan
234.21,189.88107299804688,-175.72459411621094,-36.85843276977539,190.3390306330105,-175.62153363137307,-36.864595979934776,0.46945142892100183,0.36040348860095406,0.05782715862778654,3.569740858132118e-05,21.494718590711678,26.171825639930773,nan,nan,nan
234.22,189.87242126464844,-175.72860717773438,-36.859619140625,190.3305400253494,-175.62536804161175,-36.86597806033134,0.46965045937735084,0.36045441973397613,0.05784504579047228,3.500059534370621e-05,21.543061458978073,25.913411450097417,nan,0.0036383016227185577,nan
234.23000000000002,189.86378479003906,-175.73252868652344,-36.86077880859375,190.32205043840025,-175.6291217304411,-36.86726612004841,0.4698324044210069,0.360505437743796,0.05786299579747589,3.570607372960045e-05,21.52113161640118,26.487436681425294,nan,nan,nan
234.24,189.8551483154297,-175.7363739013672,-36.86191940307617,190.31355951648473,-175.63279755936014,-36.86866765715649,0.47001534741901757,0.3605565424666198,0.05788100864424643,3.500894766744799e-05,21.598345862753053,26.406383888229307,nan,0.013027460146876252,nan
234.25,189.84649658203125,-175.74014282226562,-36.863037109375,190.30952138659288,-175.6389673359592,-36.869948226120435,0.4740002238431378,0.3604887009336638,0.057875499895357105,3.569275195895048e-05,21.529155507420207,26.26058328927368,0.3375453936883931,nan,nan
234.26,189.83786010742188,-175.7438507080078,-36.86412811279297,190.30102513565333,-175.64250489093226,-36.87257046199749,0.4741983670105267,0.360539583575422,0.05789352588722615,3.499615661754577e-05,22.184939978950663,26.75770012539224,nan,1.3802447038839611,nan
234.27,189.82920837402344,-175.74746704101562,-36.86520004272461,190.2925426927976,-175.6459583463488,-36.873787421544804,0.4744011478926774,0.360590552984379,0.057911614935968275,3.570149201376674e-05,22.169735366403703,27.05808109914532,nan,nan,nan
234.28,189.82057189941406,-175.7510223388672,-36.86625289916992,190.2840606988482,-175.6493387641674,-36.87495788551969,0.4745916069127047,0.36064160904087,0.05792976705663511,3.5004579840255135e-05,22.225633663649525,26.864558684749063,nan,0.00046895472580258995,nan
234.29,189.81192016601562,-175.75450134277344,-36.86728286743164,190.27557856819533,-175.65264805438443,-36.87613375498882,0.4747963189390163,0.3606927521433353,0.057947982518688455,3.571027923346611e-05,22.21145620317262,26.943377694892785,nan,nan,nan
234.3,189.80328369140625,-175.75791931152344,-36.868289947509766,190.30975052925572,-175.67637940714815,-36.87896176579927,0.5130996994272946,0.3606248386389255,0.05794245125062701,3.4991862092480564e-05,22.8427192333165,28.0385236317558,18.642766742129567,2.0438828087450625,nan
234.31,189.79464721679688,-175.76126098632812,-36.86927795410156,190.30133604734908,-175.67959262319795,-36.88011502235831,0.5133427067672502,0.36067575942370766,0.05796067915232574,3.5697049471667276e-05,22.833889939204855,28.254097203340223,nan,nan,nan
234.32,189.78599548339844,-175.76454162597656,-36.8702507019043,190.29292072134828,-175.6827391238745,-36.88136393939517,0.5136033004841286,0.36072676678756566,0.057978970353444896,3.500033577554538e-05,23.030226644464697,28.05789919912805,nan,0.009305431907883644,nan
234.33,189.77735900878906,-175.7677459716797,-36.87120056152344,190.28450629684966,-175.6858191040839,-36.882480520042215,0.513845911616955,0.36077786109083637,0.057997325106149085,3.570588876306705e-05,23.020483993132004,28.601298337348776,nan,nan,nan
234.34,189.76870727539062,-175.77088928222656,-36.87213134765625,190.2760987687027,-175.688829720094,-36.88274641945515,0.5140939398321458,0.3608290422707512,0.058015743451150334,3.500884505279948e-05,22.63236479150872,28.018517512126845,nan,0.4890534026804965,nan
234.35,189.76007080078125,-175.7739715576172,-36.873043060302734,190.2643536396942,-175.6867350985698,-36.883887070816456,0.5118876575707381,0.360761056969159,0.05801018579263884,3.5692715390833774e-05,23.208127864188835,28.328059120007843,1.9005796846883674,nan,nan
234.36,189.7514190673828,-175.77699279785156,-36.87393569946289,190.2559418930367,-175.68960353034325,-36.88416981057168,0.5121375818191838,0.3608120156129705,0.058028615860907046,3.4996187065350835e-05,22.864366558261068,27.894592810898878,nan,0.42273164983888295,nan
234.37,189.74278259277344,-175.77996826171875,-36.874813079833984,190.24752373263266,-175.69241539808883,-36.88520121253938,0.5123836799677464,0.3608630610912575,0.058047109688111984,3.570158847188754e-05,22.853445793439768,27.458028454825804,nan,nan,nan
234.38,189.734130859375,-175.78286743164062,-36.87567138671875,190.2390978102627,-175.69517297526434,-36.88719401385003,0.5126545719136475,0.360914193373912,0.058065667330108955,3.500472914697304e-05,23.581593428437994,28.67279017461871,nan,0.6756633562159617,nan
234.39000000000001,189.72549438476562,-175.78570556640625,-36.87651443481445,190.2306790884911,-175.69786699804493,-36.8882018587471,0.5128974506157449,0.36096541277250066,0.058084289016582934,3.571049022016646e-05,23.570371229345014,28.837603023371237,nan,nan,nan
234.4,189.7168426513672,-175.7884979248047,-36.87733840942383,190.2194407552435,-175.69353166125782,-36.8888790285893,0.5116215702282799,0.36089735541848006,0.05807870086238301,3.499210965616134e-05,24.34698100290332,28.71555453593335,4.299446243928828,0.02853151829554774,nan
234.41,189.70819091796875,-175.79122924804688,-36.87814712524414,190.21102003300862,-175.69608696685918,-36.889850820071565,0.511884898267172,0.36094835204473363,0.05809733352838277,3.569735436130575e-05,24.337442405268856,28.84789835559341,nan,nan,nan
234.42000000000002,189.69955444335938,-175.79391479492188,-36.87894058227539,190.20260353451147,-175.6985840332299,-36.89015364927917,0.5121250580720971,0.3609994354005403,0.05811603022715669,3.5000669509334606e-05,24.05245235110732,28.388090360718913,nan,0.30150244675741594,nan
234.43,189.69090270996094,-175.79653930664062,-36.87971878051758,190.19418205927778,-175.70103039705995,-36.8910884592057,0.512387865636515,0.3610506057697232,0.0581347911752486,3.5706275501143295e-05,24.040269620368,28.502360570088715,nan,nan,nan
234.44,189.6822509765625,-175.7991180419922,-36.88047790527344,190.18576584397468,-175.70341948773904,-36.89114203420351,0.5126394041010537,0.36110186316365145,0.05815361644804276,3.500925035265387e-05,23.62903675403699,27.969409850550694,nan,0.5301294562584725,nan
234.45000000000002,189.67361450195312,-175.8016357421875,-36.8812255859375,190.1761470924162,-175.7078828373633,-36.89192270984974,0.5113150106348214,0.3610337338467516,0.05814799385037955,3.569316643626151e-05,23.241171042389247,28.04123165015176,1.270482473617037,nan,nan
234.46,189.6649627685547,-175.80410766601562,-36.8819580078125,190.16771891833767,-175.71018395249084,-36.8930517727851,0.5115745123910711,0.3610847682450682,0.05816682934656434,3.49966477803105e-05,23.511810703378117,28.07869604873264,nan,0.04343556874855951,nan
234.47,189.65631103515625,-175.806640625,-36.88277816772461,190.1592919819775,-175.71249426564907,-36.8939742161797,0.511838569614725,0.361135889555401,0.05818572929395977,3.570209365600942e-05,23.472764777403338,28.43285831119463,nan,nan,nan
234.48000000000002,189.6476593017578,-175.80926513671875,-36.883689880371094,190.1508775808471,-175.7148656531441,-36.892859580320106,0.5120781017636797,0.36118709781248354,0.058204693779251464,3.500523590976143e-05,22.33310332798681,26.615239277812467,nan,3.1976614649810258,nan
234.49,189.63902282714844,-175.8119354248047,-36.88468933105469,190.1424498443811,-175.71731605094035,-36.89394222581959,0.5123252908570773,0.3612383932652125,0.05822372300217924,3.5711037267989175e-05,22.29388969039635,27.462289679436896,nan,nan,nan
234.5,189.63037109375,-175.814697265625,-36.88577651977539,190.16433330257226,-175.72241962473404,-36.89759758046797,0.542006034038962,0.3611701917974861,0.05821806185467105,3.4992648969676304e-05,25.22574786337411,29.218421986218768,13.817799570536913,4.494483246501157,nan
234.51,189.62171936035156,-175.8175048828125,-36.8869514465332,190.1559599233317,-175.72498926127835,-36.898881540755646,0.5423231937777812,0.36122126401833804,0.058237100520214184,3.5697929870434274e-05,25.187609347767804,29.81690375698279,nan,nan,nan
234.52,189.61306762695312,-175.8203887939453,-36.88821029663086,190.14759428098614,-175.72762027621647,-36.89881261462611,0.5426206325787938,0.36127242310581703,0.05825620393249153,3.5001233540119954e-05,24.381622712010227,28.77379022673761,nan,1.463904843167654,nan
234.53,189.6044158935547,-175.82334899902344,-36.889556884765625,190.13922054851858,-175.73032357543335,-36.900255284866915,0.5429403320530638,0.3613236692893592,0.05827537228162589,3.570687170543965e-05,24.34619116668276,28.405550221851428,nan,nan,nan
234.54,189.59576416015625,-175.82635498046875,-36.89098358154297,190.1308491266543,-175.7330908818728,-36.901313592955624,0.5432502393878258,0.36137500263282973,0.05829460566862061,3.500982974879464e-05,24.156702531868184,28.89055289953798,nan,0.15557065813044307,nan
234.55,189.5871124267578,-175.82943725585938,-36.892494201660156,190.1385842627271,-175.73701231327703,-36.90293035085717,0.5592606450383901,0.3613067290431069,0.058288901966004524,3.5693772376877725e-05,24.93020896673638,29.137948905597618,4.044996041959871,nan,nan
234.56,189.57846069335938,-175.83258056640625,-36.89408874511719,190.13024147116894,-175.73989948735556,-36.9043135862436,0.5596037495855382,0.3613578389272253,0.05830814400132699,3.49972325718755e-05,24.836463509297545,29.108701003440235,nan,0.06671312268387437,nan
234.57,189.56980895996094,-175.83578491210938,-36.89575958251953,190.12189710067932,-175.74285124733103,-36.90608326722259,0.5599504974878242,0.36140903580863964,0.05832745116967868,3.570270290852512e-05,24.804220212563973,29.23657638845481,nan,nan,nan
234.58,189.5611572265625,-175.8390655517578,-36.89751434326172,190.11354994095447,-175.74586786498364,-36.90852482880997,0.5603077284184066,0.36146031976725046,0.05834682358015765,3.5005820202053886e-05,25.253908711334198,29.236910244689604,nan,0.24621888660087154,nan
234.59,189.55252075195312,-175.84239196777344,-36.89934539794922,190.10520577246544,-175.7489446658788,-36.91046211630897,0.5606395558263549,0.36151169100849606,0.05836626141083022,3.571164231213569e-05,25.21984095754027,29.786157501089033,nan,nan,nan
234.6,189.5438690185547,-175.8457794189453,-36.9012565612793,190.13005810533792,-175.77167900669153,-36.91163781702957,0.5909452487590516,0.36144334515624743,0.05836051104621256,3.499322485200945e-05,24.051627449253136,29.50601072323334,15.36399407452459,0.5661921696569201,nan
234.61,189.53521728515625,-175.8492431640625,-36.90324401855469,190.12176467792298,-175.77492430406159,-36.913725202155845,0.5913298505258873,0.36149449270148126,0.058379956708674303,3.5698522965484214e-05,24.019675889715288,28.99592216910755,nan,nan,nan
234.62,189.5265655517578,-175.85275268554688,-36.90530776977539,190.11347311999475,-175.7782282266994,-36.91548959984698,0.5917077473583648,0.3615457272394147,0.05839946781333038,3.500179619045189e-05,23.872822391938243,29.297932297353665,nan,0.11329612103420518,nan
234.63,189.51791381835938,-175.8563232421875,-36.907405853271484,190.10518011730133,-175.78159251202396,-36.917707913869194,0.5920916486122029,0.36159704896246075,0.0584190445315246,3.5707448105458225e-05,23.852131126750226,29.2581297371934,nan,nan,nan
234.64000000000001,189.50926208496094,-175.8599395751953,-36.90950393676758,190.0968863629551,-175.78501586805814,-36.92022487946719,0.5924785165655465,0.3616484579700464,0.05843868698238287,3.501037375681364e-05,24.130072780741518,29.887380909190433,nan,0.05563766797570412,nan
234.65,189.5006103515625,-175.86363220214844,-36.91157913208008,190.1090369798158,-175.79821377760595,-36.92250675437718,0.6120310001677882,0.3615800398424784,0.05843288591020518,3.569432619939179e-05,24.041182307346972,29.709698830634412,4.259317655524952,nan,nan
234.66,189.49197387695312,-175.86737060546875,-36.91361999511719,190.10078179037626,-175.80176719555368,-36.92350147880186,0.6124120561835198,0.36163122492297184,0.058452535362026416,3.499775271070207e-05,23.453107466439025,29.538240252231745,nan,1.0304427216401115,nan
234.67000000000002,189.4833221435547,-175.8711700439453,-36.91563034057617,190.09252259804876,-175.80538039322917,-36.925659320110185,0.6128246505548137,0.36168249709154116,0.05847225061758925,3.570323032511673e-05,23.449019945902872,29.285268452741484,nan,nan,nan
234.68,189.47467041015625,-175.87503051757812,-36.917598724365234,190.08427192783776,-175.8090431870532,-36.92534401650756,0.6132114869274539,0.36173385645804074,0.05849203180152328,3.500631297821238e-05,22.31503845425841,28.05165222799776,nan,4.193556145274684,nan
234.69,189.4660186767578,-175.87893676757812,-36.919532775878906,190.0760133052945,-175.81276734998264,-36.92740507583184,0.6136235097966,0.3617853031992591,0.05851187907696019,3.57121393022415e-05,22.304985666007077,28.289441639709622,nan,nan,nan
234.70000000000002,189.45738220214844,-175.8828887939453,-36.921424865722656,190.12781991961737,-175.86321146977141,-36.92901443935567,0.6707693580654399,0.3569935643632602,0.054526762749881566,3.4993283634953423e-05,25.592196859896195,32.417852569041926,3.321433531762975,0.08998237209438836,0.36673197396294654
234.71,189.44873046875,-175.8869171142578,-36.923282623291016,190.11958112450986,-175.86709791310193,-36.930997299085774,0.6711876930416074,0.35704720519449207,0.05453879757082488,3.569857397194668e-05,25.574732929385725,31.596015642631976,nan,nan,nan
234.72,189.44007873535156,-175.89097595214844,-36.92510223388672,190.11135195653506,-175.87104686591232,-36.93319698309099,0.6716177714451542,0.35710093071352256,0.05455088881453779,3.5001834893573166e-05,25.73728129366359,32.55735431393345,nan,0.045192691891949854,nan
234.73000000000002,189.4314422607422,-175.8950958251953,-36.926883697509766,190.1031142847477,-175.87503874908117,-36.93511066444042,0.6720217832174743,0.35715474469589575,0.05456304068273718,3.570747672218945e-05,25.718787800620596,32.270144976965184,nan,nan,nan
234.74,189.42279052734375,-175.89927673339844,-36.92863464355469,190.09485068837608,-175.87905493479155,-36.936243154835125,0.6724073695533155,0.3572086437036235,0.05457524933856226,3.50103896508236e-05,25.43729041948039,31.62691109476592,nan,0.39304050384762435,nan
234.75,189.41415405273438,-175.9034881591797,-36.93034744262695,190.06594679932275,-175.89077613753554,-36.93805806916408,0.6519622947388044,0.35713657080443206,0.05456955601447776,3.56943302679965e-05,22.915281755925776,31.421323892409443,38.30073692035051,nan,nan
234.76,189.40550231933594,-175.9077606201172,-36.93202590942383,190.05756389124622,-175.8948599657647,-36.936340478050106,0.6522034467459208,0.35719023547055334,0.054581803110542615,3.4997744004638426e-05,21.735783532692853,29.82917236094797,nan,8.75372748865877,nan
234.77,189.39686584472656,-175.91209411621094,-36.93367004394531,190.04930429682082,-175.89912193415904,-36.938075570688525,0.6525822706327727,0.3572439884167492,0.05459411094119607,3.570320737728766e-05,21.702532342422607,29.395992974444518,nan,nan,nan
234.78,189.38821411132812,-175.9164581298828,-36.93528366088867,190.04100612181705,-175.9033928395311,-36.93863837344106,0.6529313630592837,0.3572978263968619,0.05460647597673276,3.5006277424470586e-05,21.433495708784655,29.860424983555014,nan,0.9176083018980588,nan
234.79,189.37957763671875,-175.92088317871094,-36.93686294555664,190.03274771561013,-175.9077536272316,-36.94029851019896,0.6533110592860256,0.3573517528971054,0.054618901962891,3.5712087571335965e-05,21.396531439020343,29.411448781552878,nan,nan,nan
234.8,189.3709259033203,-175.92535400390625,-36.93841552734375,190.0519279664553,-175.92178505845072,-36.9430474565275,0.6810271669572003,0.35727958676856847,0.05461329786493,3.499362340649064e-05,21.89680304170464,30.517952577110073,6.516388040763406,1.0381930002113813,nan
234.81,189.36228942871094,-175.92987060546875,-36.93993377685547,190.04371580609157,-175.9262548580039,-36.94465658802805,0.6814523360919622,0.35733327858018854,0.054625761775254286,3.569890498760973e-05,21.862379028920852,30.595937832944603,nan,nan,nan
234.82,189.35365295410156,-175.93443298339844,-36.94142150878906,190.03548973127226,-175.93075672570936,-36.945798216271626,0.6818607344183367,0.3573870554339311,0.054638283297587756,3.500213149585243e-05,21.738573759154804,30.541123854884646,nan,0.1354328713177851,nan
234.83,189.3450164794922,-175.9390411376953,-36.94287872314453,190.0272789797623,-175.93532026663092,-36.94734447598514,0.6822872614263862,0.3574409206234606,0.054650865885726804,3.570776240597546e-05,21.70346423897054,30.578057690872257,nan,nan,nan
234.84,189.33636474609375,-175.94369506835938,-36.944305419921875,190.0190690213493,-175.93993014722975,-36.94886559092083,0.6827298860038802,0.3574948711927444,0.05466350644356464,3.5010642383632824e-05,21.69350329612083,30.643925897429398,nan,7.124235095852219e-06,nan
234.85,189.32772827148438,-175.9484100341797,-36.945709228515625,190.00741726022449,-175.94104593835655,-36.95039353854911,0.6797450213737034,0.3574226155177807,0.054657990869292086,3.569457097737654e-05,22.037312508838635,29.875606684548213,1.1593563856399867,nan,nan
234.86,189.319091796875,-175.95315551757812,-36.947078704833984,189.99920133346285,-175.9457329444352,-36.95185729211219,0.6801668260406243,0.3574763326258078,0.054670670475628666,3.641396942850643e-05,22.00423738669297,30.53507020991752,nan,nan,nan
234.87,189.31045532226562,-175.9579315185547,-36.94842529296875,189.99098603669546,-175.95046172143847,-36.95329445471381,0.6805891270711274,0.3575301364059766,0.054683409751939305,3.71478141165155e-05,21.968274352959522,30.77686391039084,nan,nan,nan
234.88,189.30181884765625,-175.9626922607422,-36.949745178222656,189.9827749552594,-175.9551993585728,-36.95481951069664,0.6810162354268885,0.3575840254572152,0.0546962072734444,3.636502929200643e-05,21.987986167837725,30.28532551970055,nan,0.008512902755588199,nan
234.89000000000001,189.29318237304688,-175.96739196777344,-36.95103454589844,189.97456080698484,-175.9598886273219,-36.956205825486585,0.6814393681658438,0.3576380030160947,0.05470906632003342,3.709750979997687e-05,21.948283715535784,30.33185253794698,nan,nan,nan
234.9,189.2845458984375,-175.9720001220703,-36.952301025390625,189.9572580370899,-175.96067033024778,-36.95626803339634,0.6728192348807708,0.35756565511930627,0.05470363182885785,3.6294715269039244e-05,21.66948958269508,30.325014572226845,1.15461100877055,0.9545309777408306,nan
234.91,189.27590942382812,-175.97654724121094,-36.95354461669922,189.94902990418083,-175.9652034747652,-36.95759105959675,0.6732282197052933,0.3576193973951401,0.054716527846907885,3.702498322303154e-05,21.62539827554989,29.378512426882207,nan,nan,nan
234.92000000000002,189.26727294921875,-175.98098754882812,-36.95476150512695,189.9407737745252,-175.96962342020421,-36.95795943302426,0.6736042843173599,0.3576732249635529,0.05472948251084084,3.62485705838128e-05,21.409369724982316,30.037661524075688,nan,0.5695460974171016,nan
234.93,189.25863647460938,-175.9853515625,-36.95595169067383,189.93254655782366,-175.97398550995845,-36.95922592087435,0.6740138781892123,0.35772714083977203,0.054742498806006464,3.697762465583618e-05,21.362846298392476,29.641720703933295,nan,nan,nan
234.94,189.25,-175.9896240234375,-36.957122802734375,189.92431287711216,-175.97825472375604,-36.9602462038243,0.6744159494324635,0.3577811423518288,0.0547555741044537,3.620381802243945e-05,21.28736019135749,29.73519452815055,nan,0.032820360752075735,nan
234.95000000000002,189.2413787841797,-175.9938201904297,-36.95826721191406,189.91511801011077,-175.98233221160714,-36.96164536923646,0.6738456278425659,0.35770870564958385,0.05475021940084242,3.6908293385030564e-05,21.27458624003833,29.48540686888573,1.4040652018911033,nan,nan
234.96,189.2327423095703,-175.9979248046875,-36.959388732910156,189.90691450545194,-175.98646325573608,-36.96365846279399,0.6742831359284449,0.3577624716359628,0.054763331224980595,3.613801506376886e-05,21.41530157871217,29.99150900575105,nan,0.43723582682453166,nan
234.97,189.22410583496094,-176.001953125,-36.960487365722656,189.89868718429113,-175.9904881824554,-36.9648450611652,0.6746928421743257,0.3578163257341427,0.05477650479251134,3.6863930361089136e-05,21.372384860927568,29.752586035812797,nan,nan,nan
234.98000000000002,189.21546936035156,-176.0059051513672,-36.96156692504883,189.8904573339332,-175.9944295156719,-36.96591966166513,0.6750995489633406,0.3578702654824358,0.05478973774559955,3.609614527651456e-05,21.329341546764546,29.5239019358231,nan,0.005473576323750112,nan
234.99,189.2068328857422,-176.00978088378906,-36.962623596191406,189.88223018972977,-175.998294080579,-36.96706366631656,0.675509569957669,0.3579242935795534,0.054803032667477686,3.682104848485198e-05,21.28758424185788,29.441758392381068,nan,nan,nan
235.0,189.19821166992188,-176.01356506347656,-36.96365737915039,189.8649487924568,-176.0072749176892,-36.9674361819018,0.6667775010079547,0.3578517657907015,0.05479775076218053,3.603342056321506e-05,19.864571280181554,29.539781239340265,10.175486984837482,0.30288368377024694,nan
235.01,189.1895751953125,-176.0172882080078,-36.96467208862305,189.85671145915586,-176.01102101256944,-36.9685322785532,0.6671768681090777,0.35790555801720236,0.05481108160055865,3.675646923501336e-05,19.82037942730385,28.852660900517833,nan,nan,nan
235.02,189.18093872070312,-176.0209197998047,-36.965667724609375,189.8484260811148,-176.01464604948416,-36.967899226882665,0.6675205733569846,0.35795943590287926,0.05482447219343146,3.59944453893398e-05,19.497753960927795,29.275136872452467,nan,1.9495995360009375,nan
235.03,189.17230224609375,-176.0244903564453,-36.966644287109375,189.8401884056878,-176.01824397181198,-36.96894004207351,0.6679193139812086,0.3580134019478304,0.054837924877521746,3.6716613849319634e-05,19.44922551327432,28.73648992231592,nan,nan,nan
235.04,189.16368103027344,-176.0279998779297,-36.96759796142578,189.8320045960321,-176.02182183102576,-36.97193198302051,0.6683661725095855,0.35806745398924994,0.054851437662176865,3.5956895041023135e-05,19.775109946766932,28.71967976760404,nan,2.5928576449582326,nan
235.05,189.15504455566406,-176.0314178466797,-36.968536376953125,189.84691695002599,-176.0321178102256,-36.97294377498807,0.6918867863939187,0.35799483800284826,0.05484622647362989,3.66552281520844e-05,20.122096597923516,30.285816239691265,4.239247305294269,nan,nan
235.06,189.1464080810547,-176.03477478027344,-36.969451904296875,189.83877917012967,-176.03556999974495,-36.9763110244122,0.6924055205511006,0.358048653928665,0.0548597746668141,3.589869550738695e-05,20.849440135977403,30.79014574409386,nan,3.7402307787053064,nan
235.07,189.1377716064453,-176.03807067871094,-36.97035217285156,189.83057747068742,-176.03889403942296,-36.97732249948386,0.6928414168512669,0.3581025578284662,0.05487338507894404,3.6618377801936275e-05,20.813354330372317,30.45889271135219,nan,nan,nan
235.08,189.12913513183594,-176.0413055419922,-36.97123336791992,189.82239157538575,-176.04216707690748,-36.97892662154197,0.6932996645874274,0.35815654772598515,0.05488705594326537,3.58640234762394e-05,21.085318737438058,30.56499432011206,nan,0.24977196183994824,nan
235.09,189.12049865722656,-176.04446411132812,-36.97209548950195,189.81418922978878,-176.04535987373387,-36.97991024514651,0.693735167955157,0.35821062584063906,0.054900789262873846,3.65829994216852e-05,21.05137129125688,31.076987212104605,nan,nan,nan
235.1,189.1118621826172,-176.0475616455078,-36.97294235229492,189.8365855524134,-176.06177156287922,-36.97899964068397,0.7248879742574729,0.3581379198713727,0.05489564231038136,3.580882802732137e-05,20.276052212253013,31.337873791272834,9.767192295315104,2.5119891352953325,nan
235.11,189.1032257080078,-176.05059814453125,-36.97377395629883,189.8284344775473,-176.06486494185108,-36.979932913592556,0.725375236465703,0.35819176153477456,0.05490941039180811,3.652625685241511e-05,20.23772361591548,31.249259637405334,nan,nan,nan
235.12,189.0946044921875,-176.05357360839844,-36.974586486816406,189.8202882183335,-176.06790221816743,-36.9810581956859,0.7258540228356866,0.3582456891917112,0.05492323926457784,3.577698840720552e-05,20.31691628412674,31.37130059502649,nan,0.029138222852099983,nan
235.13,189.08596801757812,-176.05650329589844,-36.97538375854492,189.8121362926674,-176.07087472235685,-36.98196240697681,0.7263402647931324,0.3582997048873257,0.05493713072944687,3.649382366835659e-05,20.28202697706169,30.76849998520062,nan,nan,nan
235.14000000000001,189.07733154296875,-176.05935668945312,-36.976165771484375,189.80398275618734,-176.07378717652142,-36.98280302700495,0.7268247916726008,0.3583538069075393,0.054951083321346385,3.5746531958404565e-05,20.276074785564973,31.54624936324884,nan,0.0015964140601483052,nan
235.15,189.06869506835938,-176.06216430664062,-36.976932525634766,189.82595366597724,-176.0884269113579,-36.98370973306199,0.7577441775515141,0.35828101337624424,0.05494599786518548,3.644012918969964e-05,20.364293234232186,32.216296726178186,8.165671665396525,nan,nan
235.16,189.06004333496094,-176.06491088867188,-36.97768020629883,189.81778687349313,-176.09118779030567,-36.98194347817078,0.7582110004700672,0.35833487869763775,0.05495998465137243,3.569566614841447e-05,19.562875545573938,31.797154773752116,nan,4.679026080467643,nan
235.17000000000002,189.05140686035156,-176.06759643554688,-36.978416442871094,189.80968351909627,-176.0939517433745,-36.982763241038505,0.7587469855637198,0.3583888318836197,0.054974034170889204,3.641057000376524e-05,19.521015132198805,31.88288634174249,nan,nan,nan
235.18,189.0427703857422,-176.0703582763672,-36.97924041748047,189.80153293643014,-176.0966795071161,-36.98165201314222,0.7592227810782907,0.35844287138209724,0.05498814514063579,3.5667953113946067e-05,19.1228282117589,31.182868029849423,nan,2.6357600897930284,nan
235.19,189.0341339111328,-176.0731964111328,-36.98015594482422,189.79342847702625,-176.09951774944918,-36.982582002569096,0.7597545237787369,0.35849699899455384,0.05500231908997718,3.638240921759463e-05,19.08042019536942,30.73122423401543,nan,nan,nan
235.20000000000002,189.02549743652344,-176.07608032226562,-36.981163024902344,189.77837596848602,-176.1149473928344,-36.982870190014225,0.753883046285992,0.35842411655127854,0.054997289061140014,3.5619903060700945e-05,17.013698682770407,31.579634246545243,27.562756800523626,0.39985400837562424,nan
235.21,189.01686096191406,-176.07904052734375,-36.98225402832031,189.77026629681282,-176.11798425879786,-36.98397250757912,0.7544131269035841,0.35847800713876316,0.0550114965208778,3.633306945833529e-05,16.968576036920034,31.104885012645145,nan,nan,nan
235.22,189.00820922851562,-176.0820770263672,-36.98343276977539,189.76215979105373,-176.12108968786706,-36.98531529162142,0.754961576768867,0.35853198402125636,0.055025765742555174,3.559484841070934e-05,16.94448375632634,30.59317391172101,nan,0.015856276919315272,nan
235.23000000000002,188.99957275390625,-176.0851593017578,-36.98469543457031,189.75404955045244,-176.1242566554089,-36.986594232466736,0.7554915254472186,0.3585860488504342,0.055040098092764396,3.630766127242769e-05,16.898805822471154,31.45890706916968,nan,nan,nan
235.24,188.99093627929688,-176.08831787109375,-36.98604202270508,189.745943473945,-176.12749174278997,-36.9881668916317,0.7560257742048654,0.35864020029953086,0.05505449253132901,3.557108435237353e-05,16.882617962387396,30.84037781083848,nan,0.029464315162087477,nan
235.25,188.9822998046875,-176.09153747558594,-36.98747634887695,189.73412038498932,-176.1184440513828,-36.98965415948204,0.7523050522530845,0.35856723095837584,0.05504951464850099,3.62611286002276e-05,18.242870154530085,30.547130751413395,15.67691158775548,nan,nan
235.26,188.97364807128906,-176.09481811523438,-36.988990783691406,189.72596173797206,-176.12171684834703,-36.98951800597323,0.7527945754881685,0.35862114513243615,0.05506394197317005,3.552702811495207e-05,18.077986245623524,30.604154187236077,nan,1.916884385680215,nan
235.27,188.9650115966797,-176.09815979003906,-36.99058532714844,189.71783919862278,-176.12508365351692,-36.99112134723419,0.7533090866234787,0.35867514709012743,0.05507843257876026,3.623836955244951e-05,18.03535128737925,30.57461051498644,nan,nan,nan
235.28,188.9563751220703,-176.1015625,-36.99226379394531,189.7097273989893,-176.12852117934162,-36.99332089642074,0.7538352213822931,0.3587292356425624,0.05509298556994916,3.5505785968895015e-05,18.01620177215156,30.50690314797208,nan,0.18119265624888597,nan
235.29,188.94772338867188,-176.1050262451172,-36.9940185546875,189.7016044851714,-176.1320097102169,-36.99509277454152,0.7543646127678644,0.35878341223407945,0.05510760209710265,3.621689298118833e-05,17.97481177459569,30.603546049954844,nan,nan,nan
235.3,188.9390869140625,-176.10853576660156,-36.995853424072266,189.69537380544057,-176.14175510084783,-36.996661513491624,0.7570165382913217,0.3587103550195257,0.05510267061710915,3.546428442200456e-05,17.276343543610963,31.320548936647665,3.8730571093287143,0.04121684633334042,nan
235.31,188.93045043945312,-176.11212158203125,-36.99776840209961,189.68725642445486,-176.14538822732823,-36.99858975777031,0.7575372223520747,0.3587642940192455,0.05511731930955349,3.617431207842856e-05,17.233976647412415,30.39369979382855,nan,nan,nan
235.32,188.92181396484375,-176.11575317382812,-36.999759674072266,189.67916847793714,-176.14910518198437,-37.00205806244944,0.7580920112625587,0.3588183195833888,0.055132030674384415,3.5445455051438476e-05,17.320287148635064,31.123123017676846,nan,1.470049744102421,nan
235.33,188.9131622314453,-176.11944580078125,-37.001827239990234,189.67105141484032,-176.15285424743985,-37.00415676708728,0.7586287401040039,0.35887243303002403,0.055146805733817625,3.615532522791128e-05,17.278566748354944,30.964889059636338,nan,nan,nan
235.34,188.90452575683594,-176.12319946289062,-37.003929138183594,189.66296636646052,-176.15668737169443,-37.007934121675504,0.7591901199676769,0.35892663336014885,0.05516164378396522,3.5427791738725204e-05,17.538314117392936,31.01719616275348,nan,1.811079391744124,nan
235.35,188.89588928222656,-176.12701416015625,-37.00602722167969,189.6456698270636,-176.16682070681645,-37.009988950044836,0.7508469363757141,0.3588534899399237,0.05515675498841071,3.6115253391733617e-05,16.30893092126316,30.576609849662926,10.762928134740084,nan,nan
235.36,188.8872528076172,-176.13087463378906,-37.00810623168945,189.63751385223333,-176.17075181015042,-37.010665904389406,0.7513244147419842,0.35890745242599675,0.055171624525662044,3.538986359714028e-05,16.015223396925396,30.683988781103082,nan,1.5498175304654176,nan
235.37,188.87860107421875,-176.13479614257812,-37.01015090942383,189.62938672507332,-176.17476221367068,-37.012800531518614,0.7518533107361675,0.35896150264192345,0.0551865579186194,3.60986344463544e-05,15.981906571754568,30.473700267840133,nan,nan,nan
235.38,188.86996459960938,-176.13876342773438,-37.01216125488281,189.62122930364512,-176.17880124603334,-37.0132574813337,0.75233163175324,0.3590156397037986,0.05520155457613229,3.537444925746006e-05,15.777115025166237,30.593606052251577,nan,1.8698369438957565,nan
235.39000000000001,188.861328125,-176.14279174804688,-37.01413345336914,189.61310279061928,-176.18291977660573,-37.015307486343744,0.7528457909136675,0.3590698647566561,0.05521661535198445,3.6083157313056306e-05,15.738059958114352,30.19813818108076,nan,nan,nan
235.4,188.85269165039062,-176.14686584472656,-37.01607131958008,189.57393517327856,-176.17924473644285,-37.01780114917151,0.7219720245598058,0.3589966344709599,0.05521176374956463,3.5338774859611e-05,15.206121239046205,29.407033238524534,7.777697048233977,0.18067744534969854,nan
235.41,188.84405517578125,-176.15098571777344,-37.017967224121094,189.56575954600407,-176.1834667267093,-37.01978171124244,0.7224371988648756,0.35905062137206856,0.05522685525503891,3.60465712246135e-05,15.167709648318255,29.797813936664586,nan,nan,nan
235.42000000000002,188.83541870117188,-176.15516662597656,-37.01982498168945,189.5575818638735,-176.18773838064757,-37.02158366673865,0.722899471391892,0.3591046950768048,0.055242010289484514,3.532548808765095e-05,15.120062043439944,29.273753671367356,nan,0.013937269850710069,nan
235.43,188.8267822265625,-176.15940856933594,-37.02164840698242,189.54940711190764,-176.1920633222858,-37.02348973614149,0.7233646717274538,0.3591588566258194,0.05525722960816447,3.603328309858136e-05,15.083979665064279,28.66169563498511,nan,nan,nan
235.44,188.81814575195312,-176.16368103027344,-37.023433685302734,189.54123538132274,-176.1964409290314,-37.025511522686,0.7238343322036505,0.3592131052921511,0.0552725127672446,3.5313225903916334e-05,15.06740883899611,29.708693488807608,nan,0.01587722985466074,nan
235.45000000000002,188.80950927734375,-176.1680145263672,-37.025184631347656,189.5259219051629,-176.20431112625988,-37.02734717606452,0.7173347705654363,0.3591397895193735,0.0552676942944081,3.5998881158910096e-05,14.357283078149521,28.98481677846092,3.7021457905653565,nan,nan
235.46,188.80087280273438,-176.17239379882812,-37.02690124511719,189.51774500296565,-176.2088124184906,-37.02948445651523,0.7178013236987528,0.35919379977996413,0.055283007453894265,3.5280663610673385e-05,14.37259477714816,29.160569446492115,nan,0.07784949433541422,nan
235.47,188.792236328125,-176.17681884765625,-37.02857971191406,189.50956294142134,-176.21335791960365,-37.03125681004245,0.718261610262137,0.3592478977416863,0.05529838506501577,3.598765267137125e-05,14.33851626101262,29.37339133447162,nan,nan,nan
235.48000000000002,188.78359985351562,-176.18130493164062,-37.03022766113281,189.5013826957645,-176.21795274749473,-37.03308285194016,0.7187234677873707,0.35930208277180187,0.05531382676949216,3.5270353554008864e-05,14.327958987824953,28.59342714353411,nan,0.005212129409908967,nan
235.49,188.77496337890625,-176.18582153320312,-37.03184509277344,189.49320157420888,-176.2225941528051,-37.03479086504565,0.7191849611318728,0.35935635576934233,0.05532933319465409,3.5977414325651504e-05,14.293773040611647,29.387901649809013,nan,nan,nan
235.5,188.76632690429688,-176.19039916992188,-37.03342819213867,189.46444838041336,-176.22420230465974,-37.03630441565522,0.6989452911314886,0.359282954110737,0.055324542550035306,3.523972957512079e-05,13.69847708132203,28.105871884666904,4.279319854529772,0.029945126281767775,nan
235.51,188.75770568847656,-176.1950225830078,-37.034976959228516,189.45623598561693,-176.22894507711428,-37.03794864491625,0.6993598090720091,0.3593369884034289,0.055340078181760476,3.594600879468851e-05,13.665887744143594,28.184362065199462,nan,nan,nan
235.52,188.7490692138672,-176.19967651367188,-37.0364990234375,189.44805318572458,-176.23375653399287,-37.04146448681022,0.699831905906779,0.3593911097112544,0.05535567815135759,3.523124704226361e-05,14.07574372452633,29.279822465055325,nan,2.519960678589616,nan
235.53,188.7404327392578,-176.2043914794922,-37.037986755371094,189.43984172648024,-176.2385907400934,-37.0430678364503,0.7002630493022629,0.3594453188486406,0.05537134301243592,3.593764590726856e-05,14.051784597206485,28.506989654754328,nan,nan,nan
235.54,188.7318115234375,-176.20913696289062,-37.03944778442383,189.43161934723153,-176.24346092306803,-37.04387040318074,0.7006630317365601,0.3594996153100359,0.055387072517061535,3.5223642254536085e-05,13.844177227634543,28.968066898816254,nan,0.4150431615861477,nan
235.55,188.72317504882812,-176.2139434814453,-37.04087829589844,189.4096970450977,-176.25081237616615,-37.04538171013621,0.6875260340522952,0.3594261289069066,0.05538230537139349,3.590809558049091e-05,13.014757553214148,27.858252062142665,5.653587969044176,nan,nan
235.56,188.71453857421875,-176.21878051757812,-37.04228210449219,189.4014331821188,-176.25577701587778,-37.04448195339872,0.6878937291354112,0.35948018640826424,0.05539806330515441,3.519566148438596e-05,12.544086711504121,28.044271352777677,nan,4.053438881028074,nan
235.57,188.70591735839844,-176.22366333007812,-37.04365539550781,189.39320486606525,-176.26081143548691,-37.04594047605849,0.6882945020290663,0.3595343316044211,0.0554138863017972,3.5901479344357387e-05,12.508487445263999,27.951447090768593,nan,nan,nan
235.58,188.69728088378906,-176.2285919189453,-37.04500198364258,189.38498134374314,-176.26589168605085,-37.0476585371371,0.6887163803218561,0.35958856406542705,0.055429774176445935,3.518970897043663e-05,12.521167526311583,27.72896069664506,nan,0.057253748146774634,nan
235.59,188.68865966796875,-176.23355102539062,-37.046321868896484,189.37675452048947,-176.2710112451231,-37.04906695590406,0.6891192419535218,0.35964288449210335,0.05544572738832951,3.589570095054303e-05,12.486504591457276,28.356831203588396,nan,nan,nan
235.6,188.68002319335938,-176.23854064941406,-37.0476188659668,189.36499696377106,-176.28227181751294,-37.050432925862296,0.686374096355909,0.359569313418301,0.05544097872346727,3.6593060915618585e-05,11.743388512316459,27.793413199107647,5.109665217998319,nan,nan
235.61,188.67140197753906,-176.24349975585938,-37.048885345458984,189.35676821373073,-176.287440643693,-37.05179055212783,0.6867795276221699,0.35962339459378523,0.05545695953489615,3.732689888144769e-05,11.707510443795318,27.346971608089806,nan,nan,nan
235.62,188.66278076171875,-176.2483673095703,-37.05012893676758,189.34852511548854,-176.29254389870843,-37.05198565237958,0.6871683470212312,0.3596775629509831,0.055473005440331555,3.652988870391162e-05,11.526901327193238,28.373258136295945,nan,0.8380381910471364,nan
235.63,188.65414428710938,-176.253173828125,-37.05134582519531,189.34029760827994,-176.29758233320732,-37.053283576302,0.6875916305165398,0.3597318191637865,0.05548911686742572,3.72622074842555e-05,11.48667899264056,27.125731388364258,nan,nan,nan
235.64000000000001,188.64552307128906,-176.25787353515625,-37.05253982543945,189.33207696409733,-176.30253989587487,-37.05504291048162,0.6880098814295867,0.35978616286479986,0.055505293690625505,3.646892533669945e-05,11.508711281985084,28.189667661956577,nan,0.15255900755671709,nan
235.65,188.63690185546875,-176.2624969482422,-37.0537109375,189.2936486902845,-176.30049749872407,-37.056212191311886,0.6578500612966927,0.35971250754923556,0.0555005586919987,3.717619013214053e-05,10.959135291668748,26.57459722375408,7.734400816776936,nan,nan
235.66,188.62828063964844,-176.26702880859375,-37.05485534667969,189.2853671975481,-176.3052669357247,-37.05683693851395,0.6582012045302877,0.3597666117449953,0.05551676229261952,3.638752946812194e-05,10.851220874517383,26.63136788792555,nan,0.24069180936674667,nan
235.67000000000002,188.61964416503906,-176.27146911621094,-37.05598068237305,189.27709359330478,-176.30995196890595,-37.058041047929876,0.6585779572569199,0.3598208036653005,0.0555330315860649,3.711615593511462e-05,10.810792608714426,26.529310197160523,nan,nan,nan
235.68,188.61102294921875,-176.27581787109375,-37.05708312988281,189.2688281298588,-176.31455377306327,-37.05986891130199,0.6589505947765745,0.3598750830088171,0.05554936649569732,3.633100779359492e-05,10.86253265493468,26.86005739806096,nan,0.2725193717533533,nan
235.69,188.60240173339844,-176.2800750732422,-37.058162689208984,189.2605553830471,-176.31906297536366,-37.0610365579019,0.6593136902711338,0.3599294503501947,0.05556576737588603,3.705837752355925e-05,10.824146218234793,27.096864743779296,nan,nan,nan
235.70000000000002,188.59378051757812,-176.2842559814453,-37.05921936035156,189.24028521937348,-176.29947554055045,-37.06141548476513,0.6466875500466127,0.35981669875896777,0.054394535398097604,3.625376094874596e-05,17.091743101009552,31.57130478676271,8.611191955774883,0.27440300110241134,0.11718654783616478
235.71,188.5851593017578,-176.28836059570312,-37.06025695800781,189.23199494491354,-176.3037565168508,-37.06253332659611,0.6470228477408012,0.35987054206235564,0.05440679780352172,3.697903442920396e-05,17.03040529049211,31.09817479558893,nan,nan,nan
235.72,188.5765380859375,-176.29237365722656,-37.06127166748047,189.22371912002558,-176.3080083006877,-37.06557549548626,0.6473841640749133,0.3599244717908816,0.05441911756531909,3.620158991976342e-05,17.332489467313934,32.00395616882959,nan,2.4913252357573348,nan
235.73000000000002,188.56790161132812,-176.2963104248047,-37.0622673034668,189.21542885388854,-176.31212612016853,-37.06667330210064,0.6477353463426998,0.3599784882568099,0.054431497099698155,3.69257741853358e-05,17.278781426254774,31.650277387792112,nan,nan,nan
235.74,188.5592803955078,-176.3001708984375,-37.0632438659668,189.20715009067868,-176.316208096158,-37.069373915729926,0.6480971463766977,0.3600325914447306,0.054443934337869405,3.615151402765663e-05,17.724508379884682,32.04234481154183,nan,1.7385543916483792,nan
235.75,188.5506591796875,-176.30393981933594,-37.06420135498047,189.22338873736558,-176.33011264297656,-37.070496798073115,0.6732679311201474,0.35995963694655725,0.05443821956259413,3.68515535231038e-05,17.71674760308053,33.6098131557128,5.715575413327518,nan,nan
235.76,188.5420379638672,-176.30764770507812,-37.06513977050781,189.21513630940586,-176.3340050753455,-37.071143119694334,0.6736409532798384,0.3600135036398164,0.05445069405294061,3.6081331397009094e-05,17.572893644565998,32.64623513863051,nan,0.11296926084856793,nan
235.77,188.53341674804688,-176.311279296875,-37.06605911254883,189.20688635051013,-176.33783354879455,-37.07218004134495,0.6740206966454008,0.3600674569687968,0.054463228463442696,3.680265456143446e-05,17.524804040329837,32.749033008109755,nan,nan,nan
235.78,188.52479553222656,-176.31483459472656,-37.066959381103516,189.19862958934274,-176.34156303274403,-37.072169168931346,0.6743840803412533,0.36012149694510776,0.05447582095483448,3.603540579280499e-05,17.192510362782915,32.67730063452379,nan,0.7063169262884809,nan
235.79,188.5161590576172,-176.31832885742188,-37.067840576171875,189.19037931369982,-176.34524713228964,-37.073161411827286,0.6747783773403394,0.36017562383931107,0.054488473601552005,3.675585863934908e-05,17.14453823257041,32.064548024726186,nan,nan,nan
235.8,188.50753784179688,-176.32174682617188,-37.06870651245117,189.20937834511514,-176.35668683625855,-37.07505031476979,0.7027383156131103,0.3601025862121178,0.05448284496987829,3.596946738014037e-05,17.889756463389677,33.47831345908,6.650960131894925,0.7318579908355617,nan
235.81,188.49891662597656,-176.32508850097656,-37.06955337524414,189.20117111711824,-176.36023613771135,-37.07601691014688,0.7031632129030428,0.36015647633120007,0.05449553437034066,3.66882193988476e-05,17.842814934295866,33.932310463858755,nan,nan,nan
235.82,188.49029541015625,-176.32838439941406,-37.07038497924805,189.19296500063112,-176.36372384647197,-37.07721496766866,0.7035908460449899,0.3602104530206322,0.05450828221605546,3.5927542437460655e-05,17.93880385899642,32.81469533770365,nan,0.04101386203517799,nan
235.83,188.48165893554688,-176.33160400390625,-37.07120132446289,189.18475724714062,-176.36713945069096,-37.07815217937862,0.7040300548472547,0.36026451652855884,0.05452109037406858,3.664556270669845e-05,17.894773655912253,33.30862782086194,nan,nan,nan
235.84,188.47303771972656,-176.33474731445312,-37.071998596191406,189.17656039327517,-176.37053694184624,-37.08106772899382,0.704490808169775,0.36031866690124187,0.05453395731409144,3.58875439445932e-05,18.80203265611293,34.99102650983421,nan,2.667027100744374,nan
235.85,188.46441650390625,-176.3378448486328,-37.07278060913086,189.20309843991134,-176.38886068042245,-37.08185610048787,0.740497118304179,0.36024554661591474,0.05452841251242948,3.658213241896955e-05,18.611894449746764,35.2963001886862,13.237085221263056,nan,nan
235.86,188.45578002929688,-176.3408660888672,-37.07354736328125,189.1949433309401,-176.3920976235618,-37.08191938133967,0.7409839049059413,0.36029945994481183,0.05454131578781675,3.582759886478268e-05,18.252312153013673,35.77543658591775,nan,0.48155917478776883,nan
235.87,188.44715881347656,-176.34384155273438,-37.07429885864258,189.1867924480228,-176.39529282378126,-37.08280561520717,0.7414698318553942,0.36035345999385127,0.05455427953702016,3.654344315496505e-05,18.21318423736473,34.87794948480421,nan,nan,nan
235.88,188.4385223388672,-176.3468780517578,-37.075138092041016,189.17863814493452,-176.39847685382688,-37.08311335647976,0.7419551520196717,0.36040754682774984,0.054567302416361034,3.5791368768519956e-05,17.955441630252484,34.94825968434405,nan,0.25685743509373776,nan
235.89000000000001,188.42990112304688,-176.3499755859375,-37.076072692871094,189.17048644760138,-176.40173926294003,-37.08412301543699,0.74243579446019,0.36046172066615617,0.05458038601481822,3.6506659940981846e-05,17.89781426381795,34.931438698808556,nan,nan,nan
235.9,188.4212646484375,-176.35313415527344,-37.077091217041016,189.15915768468733,-176.41534205065517,-37.08185591113682,0.7405259330392442,0.3603885179882691,0.0545749192507717,3.573523262542929e-05,15.27792290962564,34.72143406451616,20.63694952844549,8.232482410795484,nan
235.91,188.4126434326172,-176.35635375976562,-37.07819747924805,189.15100631783372,-176.41878603801024,-37.08301252384826,0.7410133091156973,0.3604424545072346,0.05458803864522097,3.644913633805448e-05,15.221773097856357,34.774928597765985,nan,nan,nan
235.92000000000002,188.4040069580078,-176.35964965820312,-37.07939147949219,189.1428492930532,-176.42226786722497,-37.08307132400702,0.7415002207768123,0.3604964777292946,0.054601217506278665,3.570259729143336e-05,14.91064318083008,33.58771027593141,nan,0.9532997066664722,nan
235.93,188.3953857421875,-176.3629913330078,-37.08066940307617,189.1346972478052,-176.42583622418837,-37.08439092050043,0.7419870837003538,0.36055058785908506,0.054614457255812585,3.641606065964645e-05,14.85485555061435,34.529470372705276,nan,nan,nan
235.94,188.38674926757812,-176.36639404296875,-37.08203125,189.12654437517838,-176.42946317480218,-37.085676844241064,0.7424875803519351,0.3606047849845452,0.054627756799300126,3.5671686903003307e-05,14.79123967693303,34.45951685999616,nan,0.009716103212753612,nan
235.95000000000002,188.37811279296875,-176.369873046875,-37.08347702026367,189.1058683937397,-176.42898189612313,-37.08711501472251,0.7301611503747819,0.3605315003378516,0.05462236517104713,3.636226685157048e-05,14.64182664895765,32.971988596575976,1.3608012763415942,nan,nan
235.96,188.36949157714844,-176.37339782714844,-37.08500671386719,189.09769272219583,-176.43271349283955,-37.088037010233926,0.730619215830507,0.36058545987659385,0.054635700031160785,3.5620868815872986e-05,14.47958271749778,33.60507639131424,nan,0.28790252319980136,nan
235.97,188.36085510253906,-176.37698364257812,-37.08661651611328,189.08951967684465,-176.43651662054344,-37.089685548679626,0.7310989374046776,0.36063950622692453,0.054649095952606204,3.633270994361464e-05,14.426204450910129,33.41953805220493,nan,nan,nan
235.98000000000002,188.35223388671875,-176.38063049316406,-37.08830642700195,189.08135190042375,-176.4404034076388,-37.0927653870123,0.7315775840868208,0.3606936394888655,0.05466255198982212,3.559329493298954e-05,14.670561403628719,33.4917661008385,nan,1.242512102907319,nan
235.99,188.34359741210938,-176.3843231201172,-37.0900764465332,189.07317909480716,-176.44432208208656,-37.09459011676571,0.7320585225133984,0.3607478598483882,0.05467606934255297,3.6304838152094235e-05,14.617690118369548,34.11762398859579,nan,nan,nan
236.0,188.3349609375,-176.38809204101562,-37.09192657470703,189.08134643873723,-176.4461055939593,-37.09509397868461,0.7486433872213474,0.3606744935374324,0.054670747359066234,3.554581598731156e-05,15.373431573109084,32.739647855800115,9.705710387799055,1.224060502082608,nan
236.01,188.3263397216797,-176.39190673828125,-37.09385299682617,189.07319679216204,-176.45010730836637,-37.097063542575846,0.749128225133535,0.3607284760388834,0.05468429944812818,3.625622174495472e-05,15.321461819675111,33.291377112763406,nan,nan,nan
236.02,188.3177032470703,-176.39576721191406,-37.09585952758789,189.0650480511157,-176.45416783927027,-37.09929902037184,0.7496310555999142,0.3607825453663785,0.05469791196418706,3.5521394667362296e-05,15.315954666327427,33.77688590968083,nan,0.024173457877563434,nan
236.03,188.30906677246094,-176.39968872070312,-37.097938537597656,189.0568989384127,-176.45827994558837,-37.10142575232493,0.7501320155360744,0.36083670169632304,0.05471158597491931,3.623159244097842e-05,15.265240237973641,33.44624642579869,nan,nan,nan
236.04,188.30044555664062,-176.40367126464844,-37.10005187988281,189.04874883394817,-176.4624398205122,-37.10323252958205,0.7506141848646547,0.36089094514354825,0.054725320731824456,3.549848150312421e-05,15.161572080372407,32.94350281161251,nan,0.0971819007787467,nan
236.05,188.29180908203125,-176.40769958496094,-37.1021614074707,189.03194767776196,-176.45935054528064,-37.10551382230122,0.7419462253272638,0.36081749756122355,0.05472006500922297,3.6186207921107424e-05,15.61841867538379,32.85651761191654,3.961724080594073,nan,nan
236.06,188.28318786621094,-176.4117889404297,-37.104251861572266,189.02378042550018,-176.4635832183061,-37.106755035086735,0.7424057192485582,0.36087150288488956,0.05473383396488717,3.54556146266875e-05,15.432304569958026,32.0811970280876,nan,0.6130770113891089,nan
236.07,188.27455139160156,-176.41592407226562,-37.10630798339844,189.01561620113276,-176.4678839557445,-37.10890480390884,0.7428887028979566,0.36092559511618333,0.05474766459685812,3.61646277905001e-05,15.389950092967277,32.48116141452681,nan,nan,nan
236.08,188.26593017578125,-176.42010498046875,-37.10832977294922,189.0074519301069,-176.47223471489212,-37.110912059869534,0.7433563678041469,0.36097977437739037,0.05476155627311993,3.5435587923636616e-05,15.338270496287384,32.69871212988885,nan,0.008269387912739526,nan
236.09,188.25729370117188,-176.42434692382812,-37.11030960083008,188.9992882707106,-176.47663827088755,-37.11299173974794,0.7438397139649185,0.361034040833396,0.05477550988752825,3.6144503829248285e-05,15.29788082317279,32.18377220844508,nan,nan,nan
236.1,188.24867248535156,-176.4286346435547,-37.11225509643555,188.96381192357887,-176.47040961259077,-37.11283456844666,0.7163587787790777,0.36096051230923476,0.05477031516148147,3.5395584787839974e-05,15.02353392732309,31.070815144972446,7.815052909610893,2.8461008874329674,nan
236.11,188.2400360107422,-176.43296813964844,-37.11416244506836,188.95560415430793,-176.47489537963418,-37.11481657262602,0.7167957096842956,0.3610145403742296,0.054784302353531183,3.610355808137745e-05,14.973869048535501,31.21912640757032,nan,nan,nan
236.12,188.23141479492188,-176.43736267089844,-37.116031646728516,188.94739886352198,-176.4794443175515,-37.117686070056514,0.7172215756589764,0.361068655380548,0.05479835087842881,3.537826073981864e-05,14.98819212869864,30.60731083256109,nan,0.5903033255357534,nan
236.13,188.22279357910156,-176.44178771972656,-37.117862701416016,188.9391917702436,-176.4840281911677,-37.11960384868308,0.7176445201441826,0.3611228574874087,0.05481246152792604,3.608620694984701e-05,14.941648865382081,31.597783399482687,nan,nan,nan
236.14000000000001,188.2141571044922,-176.44627380371094,-37.11965560913086,188.93098406705542,-176.48865360522436,-37.1210294383974,0.7180799601999763,0.36117714682587937,0.054826633822481534,3.5362226201537994e-05,14.860284781287797,30.8076713852987,nan,0.14410414713520966,nan
236.15,188.20553588867188,-176.4508056640625,-37.12141418457031,188.93274535860493,-176.48207201885532,-37.12283182419309,0.7278826882159307,0.36110353773374265,0.05482149632030962,3.604800229554495e-05,16.708067304302002,30.671761423789757,27.378031012615562,nan,nan
236.16,188.19691467285156,-176.45538330078125,-37.123138427734375,188.9245462860465,-176.48671217950752,-37.1229680624005,0.7283057683331016,0.3611575884178194,0.05483570159949048,3.532613636721408e-05,16.603022943548673,30.604602572196235,nan,1.9352093621348756,nan
236.17000000000002,188.1882781982422,-176.4600067138672,-37.12482833862305,188.9163507054225,-176.4914219348046,-37.12472528519423,0.7287499587913439,0.36121172610824,0.05484996919122989,3.603323542993956e-05,16.553247527630276,30.58344121355518,nan,nan,nan
236.18,188.17965698242188,-176.4646759033203,-37.12648391723633,188.90815417873915,-176.49616787789077,-37.12571828999447,0.7291779588615898,0.3612659509402657,0.05486429870495261,3.5312544188783774e-05,16.519649367761662,30.595190901619212,nan,0.37085302861007624,nan
236.19,188.17103576660156,-176.46939086914062,-37.128108978271484,188.89995916266255,-176.50096903963777,-37.12740295912497,0.7296074263876922,0.36132026306663084,0.05487869079955372,3.6019699773134744e-05,16.46717606569321,30.449102339269675,nan,nan,nan
236.20000000000002,188.16241455078125,-176.47415161132812,-37.12969970703125,188.92290164364158,-176.5250658056168,-37.13064458667305,0.7621901117075449,0.36124657375100583,0.05487360542136634,3.527885861451153e-05,15.676583586005618,31.851251835807073,20.541460491001416,1.4788437209413845,nan
236.21,188.15379333496094,-176.4789581298828,-37.13125991821289,188.91476203535183,-176.53000904087455,-37.13228319786651,0.7626798840856732,0.36130064695911634,0.054888029838856454,3.598521953707468e-05,15.630909545651411,31.680129106544598,nan,nan,nan
236.22,188.14517211914062,-176.48379516601562,-37.13278579711914,188.9066196053833,-176.53496445604924,-37.13132900238723,0.763166228811732,0.3613548072178258,0.05490251644666667,3.526753282246418e-05,15.611126835869184,32.47865270781306,nan,4.564346975619357,nan
236.23000000000002,188.13653564453125,-176.4886932373047,-37.13428497314453,188.89848131081067,-176.53999468058862,-37.13288175590486,0.7636720536091524,0.361409054676898,0.054917065826737305,3.597400376703396e-05,15.557897016461919,31.3592593635513,nan,nan,nan
236.24,188.12791442871094,-176.49362182617188,-37.13574981689453,188.8903433240158,-176.54506420551246,-37.13411158108857,0.7641641332884916,0.36146338947620615,0.05493167770351152,3.525728599757636e-05,15.529484952805975,32.11192798237859,nan,0.060018967996105,nan
236.25,188.11929321289062,-176.49859619140625,-37.13718795776367,188.87191746276318,-176.54335480671475,-37.13553465908032,0.7539557868582841,0.36138962030026023,0.05492664036864612,3.594179975601037e-05,15.821956379181865,31.30886355715955,2.7453649711250523,nan,nan
236.26,188.11068725585938,-176.5036163330078,-37.13859939575195,188.8637623087968,-176.54848546276358,-37.13638304536957,0.7544138031417198,0.36144371592027835,0.05494128392256477,3.522684989887892e-05,15.836225786146567,31.053160522520205,nan,0.26294864584851796,nan
236.27,188.10206604003906,-176.5086669921875,-37.13998031616211,188.8556084580208,-176.5536644715175,-37.13781226609565,0.7548878388773551,0.36149789864654747,0.05495599044073197,3.593272672936004e-05,15.778112497183969,31.665911453289553,nan,nan,nan
236.28,188.09344482421875,-176.51376342773438,-37.141334533691406,188.8474566348418,-176.55890201904222,-37.14082588372199,0.7553618746727192,0.36155216862092804,0.054970759713688006,3.5218624810210054e-05,15.605905261355733,31.217606809218868,nan,1.8100206655534978,nan
236.29,188.08482360839844,-176.51890563964844,-37.142662048339844,188.8393040943836,-176.56416259742042,-37.14221792240755,0.7558367503681176,0.3616065259901088,0.05498559222458936,3.592467261412023e-05,15.556081772121392,30.868708258648713,nan,nan,nan
236.3,188.07620239257812,-176.52407836914062,-37.14396286010742,188.8122475349236,-176.5673149684499,-37.143774328855095,0.7373139701879073,0.3615326773063248,0.05498059794707667,3.519016469897104e-05,14.885304288233373,30.82544862172618,4.278570475064597,0.03613475794812144,nan
236.31,188.0675811767578,-176.529296875,-37.14523696899414,188.80406751786936,-176.57266549479587,-37.14511700473073,0.737762144744695,0.36158679523570686,0.0549954614330923,3.589552681604198e-05,14.836344902737283,30.461055873197527,nan,nan,nan
236.32,188.05897521972656,-176.5345001220703,-37.146484375,188.7958885192958,-176.5780334351492,-37.14686833938774,0.7381981494546683,0.36164100032024293,0.05501038792429387,3.518379856794548e-05,14.788025243880874,30.591171638519622,nan,0.13110634085742554,nan
236.33,188.05035400390625,-176.53964233398438,-37.147708892822266,188.78770992797556,-176.58336144129132,-37.14816665263233,0.7386510195267173,0.3616952927054295,0.05502537784756592,3.5889371411647194e-05,14.735598782677316,30.62115073035487,nan,nan,nan
236.34,188.041748046875,-176.54470825195312,-37.14891052246094,188.77953192648943,-176.58861813994176,-37.14917147135767,0.7390894393619861,0.3617496725349861,0.05504043107763407,3.51783159729121e-05,14.676290095557599,30.36411907661767,nan,0.05090912200073027,nan
236.35,188.0331268310547,-176.5496826171875,-37.15008544921875,188.7860779111952,-176.59580013272708,-37.150395614030955,0.7543621481268323,0.3616757447014829,0.05503547553791318,3.586207576103075e-05,15.115763098023834,30.958257397763827,2.351521883872658,nan,nan
236.36,188.02450561523438,-176.5545654296875,-37.15123748779297,188.777923905564,-176.60086831556927,-37.150659314706914,0.7548399908114998,0.36172988483273655,0.05505055904726765,3.5152495534934475e-05,15.067753038138346,30.813153264268777,nan,0.6481344374076231,nan
236.37,188.01589965820312,-176.55935668945312,-37.152366638183594,188.76977078299038,-176.60585142726578,-37.15185363361426,0.7553037115001838,0.36178411217021245,0.05506570618260728,3.585765779178507e-05,15.01052582389935,30.59604996294214,nan,nan,nan
236.38,188.0072784423828,-176.5640411376953,-37.153472900390625,188.76161802337572,-176.61073533896746,-37.15244512192226,0.7557841015882615,0.36183842685820605,0.055080916866152164,3.514864949559774e-05,14.977695259651544,31.287653013609766,nan,0.2364345145914247,nan
236.39000000000001,187.99867248535156,-176.5686492919922,-37.15456008911133,188.7534656787106,-176.6155309002587,-37.15359073366224,0.7562483650129573,0.36189282904132075,0.055096191453744364,3.585406496212221e-05,14.919751448453896,30.239262007743623,nan,nan,nan
236.4,187.9900665283203,-176.57315063476562,-37.15562057495117,188.74211142390257,-176.621605737256,-37.1544319742607,0.7536052247034153,0.3618188224139643,0.05509126974009705,3.512441799659695e-05,14.6107625303966,31.265521010249884,0.9094170623221021,0.0894262301108119,nan
236.41,187.9814453125,-176.57757568359375,-37.15666198730469,188.7339551041814,-176.62622811824954,-37.15553432662896,0.7540817711580933,0.36187298464144013,0.0551065738651098,3.582922512612493e-05,14.552943080599084,30.396213870994938,nan,nan,nan
236.42000000000002,187.97283935546875,-176.5819091796875,-37.157684326171875,188.7257989475198,-176.63074640631928,-37.15466973991314,0.7545477517672861,0.36192723412487393,0.055121941772864634,3.512206232094883e-05,14.72233343970065,30.691566849232487,nan,2.657541220504776,nan
236.43,187.96421813964844,-176.58615112304688,-37.158687591552734,188.71764277302856,-176.6351925745388,-37.155713166706974,0.7550248931999304,0.36198157100877154,0.055137373779561044,3.58271513584046e-05,14.65711426122605,30.890029181262165,nan,nan,nan
236.44,187.9556121826172,-176.59031677246094,-37.15966796875,188.7094863949618,-176.63955515378876,-37.156991670177426,0.755485214155806,0.3620359954375908,0.05515286986678947,3.512041437302337e-05,14.561218840787857,30.447917256339196,nan,0.04528527536292589,nan
236.45000000000002,187.94699096679688,-176.59439086914062,-37.16062927246094,188.72535740673638,-176.65544226775137,-37.15799505102093,0.7807615046984705,0.36196191037306313,0.05514797747901236,3.580378226091609e-05,14.3502788139116,31.96452685216505,6.704533601386956,nan,nan
236.46,187.93838500976562,-176.598388671875,-37.16157150268555,188.71724172300986,-176.65964727183038,-37.15674694540236,0.7812769497349128,0.36201609459040585,0.05516350236030636,3.509827857748957e-05,14.76707853849118,32.07681492789264,nan,3.517111457979138,nan
236.47,187.9297637939453,-176.60231018066406,-37.16249465942383,188.70912521170905,-176.66378725782565,-37.15769679935756,0.7817970772369585,0.36207036611317317,0.055179091534502143,3.580308473587719e-05,14.695647412142133,31.858362241200272,nan,nan,nan
236.48000000000002,187.92115783691406,-176.6061553955078,-37.16339874267578,188.70100918255622,-176.66783692062953,-37.1568911604472,0.7823139270572178,0.3621247250855712,0.055194745015910845,3.509792473058711e-05,15.207880531495842,32.29423328895789,nan,2.1207358120430455,nan
236.49,187.91253662109375,-176.6099090576172,-37.16428756713867,188.69289227203961,-176.6718208210165,-37.15778908210647,0.7828347454719096,0.36217917165249364,0.055210463071742016,3.580304060839984e-05,15.1287641807431,33.01322608744545,nan,nan,nan
236.5,187.9039306640625,-176.6136016845703,-37.165157318115234,188.67406821374155,-176.67204441777648,-37.15773677086113,0.7723875083219607,0.3621050085071798,0.05520559514250047,3.507703766651337e-05,15.419372568469832,32.334340476577985,2.7364296220542723,0.9090877486390487,nan
236.51,187.8953094482422,-176.61721801757812,-37.16600799560547,188.66593353419444,-176.6758735853722,-37.158594154005115,0.7728886870243729,0.36215921460833167,0.05522134121129476,3.578159754706941e-05,15.335291312219077,32.5292658126931,nan,nan,nan
236.52,187.88670349121094,-176.62075805664062,-37.16684341430664,188.6577983810712,-176.6796317431345,-37.1597474074828,0.7733717045786047,0.36221350806320707,0.055237151807834506,3.5077850073796256e-05,15.183399108011768,32.53172057117941,nan,0.06845900062271922,nan
236.53,187.87808227539062,-176.62423706054688,-37.167659759521484,188.64966283796815,-176.68331665115818,-37.16057577208787,0.7738715303280064,0.3622678890172031,0.05525302717271953,3.5782739719510564e-05,15.101055864748732,32.05802055146854,nan,nan,nan
236.54,187.86947631835938,-176.6276397705078,-37.16846466064453,188.64152720243604,-176.68692870401208,-37.16086783411722,0.7743613220021487,0.3623223576137544,0.05526896736016227,3.507921646060182e-05,15.29335694842645,32.44401980844331,nan,0.1906824562923124,nan
236.55,187.86085510253906,-176.63096618652344,-37.16925048828125,188.61384006274898,-176.6886496892501,-37.161611212973526,0.7552298294667464,0.36224811674501534,0.05526411925708172,3.5762438424581105e-05,14.613153978934186,32.51838131138733,4.5808119823894,nan,nan
236.56,187.85223388671875,-176.63424682617188,-37.170021057128906,188.6056721320623,-176.69214566970734,-37.16338346973663,0.7556887740303514,0.3623023446227212,0.05528008666906014,3.5059952765776563e-05,14.189772790469295,30.944714484034908,nan,0.6975438290330385,nan
236.57,187.8436279296875,-176.637451171875,-37.1707763671875,188.59750424515167,-176.69557079717393,-37.16415543624769,0.7561423322293417,0.3623566599036912,0.05529611904174753,3.576464360594949e-05,14.109116360934014,31.50266278296518,nan,nan,nan
236.58,187.8350067138672,-176.64071655273438,-37.1716194152832,188.58933496131954,-176.69899853832848,-37.165799335133514,0.7565988158081357,0.3624110627306941,0.055312216450661304,3.506231695636448e-05,13.806844595630993,31.450333421903416,nan,0.48854345942484323,nan
236.59,187.82638549804688,-176.64404296875,-37.17255401611328,188.58116583088008,-176.70248451432192,-37.166709269817716,0.7570620358596123,0.362465553250157,0.055328379104469125,3.576735404630026e-05,13.7531938037398,31.396271639435643,nan,nan,nan
236.6,187.81776428222656,-176.64743041992188,-37.173580169677734,188.60116514640964,-176.71209222398937,-37.16814704672824,0.7860836989360886,0.3623912350132961,0.05532354598337951,3.504401066587732e-05,14.201947346452611,32.12576186051576,6.827876367193784,0.0931678742414492,nan
236.61,187.80914306640625,-176.65087890625,-37.17469024658203,188.59304034439324,-176.71569806537693,-37.169240813507365,0.7865914836471196,0.36244548456256925,0.055339735042125984,3.5748524876666345e-05,14.148299704110473,32.22304829312409,nan,nan,nan
236.62,187.800537109375,-176.65438842773438,-37.17588424682617,188.58491388657652,-176.71936911746235,-37.17167841322593,0.7870750330729798,0.3624998215608005,0.0553559893452479,3.504726360575248e-05,13.779888157663322,31.922370045850005,nan,1.110789095120792,nan
236.63,187.7919158935547,-176.65794372558594,-37.17716598510742,188.5767882065325,-176.72309432097043,-37.17295962317838,0.7875829107076875,0.3625542461551792,0.055372309084719226,3.5752137543316525e-05,13.727029983659744,32.56624096358104,nan,nan,nan
236.64000000000001,187.78329467773438,-176.6615753173828,-37.17853546142578,188.5686625310978,-176.72687683428094,-37.174055163423404,0.7880907474879155,0.36260875848729845,0.05538869436112772,3.505093960239088e-05,13.763735144633904,31.4522411941908,nan,0.051967111205049446,nan
236.65,187.77467346191406,-176.66525268554688,-37.17998504638672,188.60201838363676,-176.73932021362495,-37.175691538347294,0.8306648255627649,0.36253436324140964,0.05538387149730212,3.5734172094236004e-05,14.587263199386822,33.84470793243697,15.995616284517682,nan,nan
236.66,187.76605224609375,-176.6689910888672,-37.181514739990234,188.59395627142916,-176.74322118130831,-37.179146695133205,0.8312284820835033,0.3625886343530924,0.055400282347494625,3.5033856983976053e-05,14.190421846838335,33.38650258221844,nan,2.5921395406893724,nan
236.67000000000002,187.75743103027344,-176.67279052734375,-37.183128356933594,188.58589620559732,-176.74717196960714,-37.18078610591111,0.8318008366294597,0.36264299296411173,0.05541675882340767,3.573858310409343e-05,14.143413069187801,32.95749566375603,nan,nan,nan
236.68,187.74880981445312,-176.6766357421875,-37.18482208251953,188.57783534059834,-176.7511800114058,-37.183008041586156,0.8323721894790524,0.3626974392152604,0.05543330103839292,3.503828101832449e-05,14.042482014702726,33.449426482196664,nan,0.17645004994202418,nan
236.69,187.7401885986328,-176.6805419921875,-37.18659591674805,188.5697748950436,-176.7552416569791,-37.18481563975681,0.8329445554769542,0.3627519732549674,0.05544990916526967,3.574337488743534e-05,13.996615071926108,33.0562841472532,nan,nan,nan
236.70000000000002,187.7315673828125,-176.68450927734375,-37.18844985961914,188.53255762000472,-176.75114555049595,-37.18549269360402,0.8037627123770487,0.3580394088810802,0.05533205283257211,3.502169471570127e-05,19.224947996677557,36.95666794012636,4.969576675979981,1.1434134848597557,0.006839176802926514
236.71,187.7229461669922,-176.6885223388672,-37.19038009643555,188.52445613561218,-176.7553053300991,-37.18744820081923,0.8042927288786181,0.35809003017591995,0.05534740334775143,3.572627929701656e-05,19.158205418050287,37.44699116917913,nan,nan,nan
236.72,187.71432495117188,-176.6925811767578,-37.192386627197266,188.5163229134709,-176.75952596124472,-37.190555018893924,0.8047892211571709,0.3581407363236813,0.05536281250578006,3.502678287040715e-05,18.954780741373074,37.723512976130586,nan,0.8114843458539417,nan
236.73000000000002,187.70570373535156,-176.6967010498047,-37.1944694519043,188.50822150259472,-176.76379173245272,-37.192677131461245,0.8053192775860362,0.3581915299458294,0.055378280591274996,3.573174412209389e-05,18.891640385550424,37.20552699555927,nan,nan,nan
236.74,187.6970977783203,-176.7008819580078,-37.19658660888672,188.5001540087321,-176.76810183316437,-37.193700195435696,0.8058698109507866,0.3582424087418531,0.05539380761450395,3.503218541192535e-05,18.982863535980876,36.81042571022336,nan,0.9408731808830084,nan
236.75,187.6884765625,-176.70509338378906,-37.198699951171875,188.48243926897874,-176.7705745452112,-37.195864872421616,0.7966634166646241,0.3581759380735215,0.05538876025040151,3.571551343115656e-05,18.652447252965977,37.59704452773046,1.1554732494134508,nan,nan
236.76,187.6798553466797,-176.70936584472656,-37.20079040527344,188.4742748691184,-176.77500703116087,-37.1996684484921,0.7971275944133911,0.3582265969617299,0.055404309213035,3.5016717814199605e-05,18.406169599043576,36.80103786619728,nan,1.8803389269091,nan
236.77,187.67123413085938,-176.71368408203125,-37.202850341796875,188.4661578462993,-176.77947916141764,-37.20182927505692,0.7976426194841634,0.3582773431737532,0.055419917352569986,3.572155852814277e-05,18.341779940593042,36.873944489679104,nan,nan,nan
236.78,187.66261291503906,-176.7180633544922,-37.204872131347656,188.45798572016776,-176.7840126938074,-37.205916771333456,0.7981029418358879,0.35832817454568994,0.05543558470197838,3.502266309086516e-05,18.287922644784857,36.26704455864277,nan,2.7088237999024676,nan
236.79,187.65399169921875,-176.72247314453125,-37.20685577392578,188.44986945130555,-176.78858312675092,-37.208027957161285,0.7986196216155433,0.3583790934982645,0.05545131151216899,3.5727882397148756e-05,18.236975856554544,37.244818238703864,nan,nan,nan
236.8,187.6453857421875,-176.72694396972656,-37.208805084228516,188.45845308088553,-176.7983933290625,-37.21010880792542,0.8162016956013356,0.3583125373726356,0.05544628432185741,3.5007711641535636e-05,18.46026142975782,36.898894849890986,3.0024168828998206,0.010241430433453316,nan
236.81,187.6367645263672,-176.73146057128906,-37.21071243286133,188.4503657969843,-176.80306494210794,-37.21214489439345,0.8167473693965525,0.3583632361448192,0.055462032577778854,3.5712435738407575e-05,18.413112446916735,37.19950434407534,nan,nan,nan
236.82,187.62814331054688,-176.73602294921875,-37.21258544921875,188.44228271127207,-176.80778307248517,-37.21400599375695,0.8172970678102164,0.35841402006212975,0.055477840310464224,3.501412574855776e-05,18.357172123801877,37.01537599054187,nan,0.013427359575665454,nan
236.83,187.61952209472656,-176.74063110351562,-37.21441650390625,188.4341961966992,-176.81254870924863,-37.21596716641578,0.8178437741974284,0.3584648914088791,0.05549370775168826,3.571923371848049e-05,18.310776784581563,37.25714604419395,nan,nan,nan
236.84,187.6109161376953,-176.7452850341797,-37.21621322631836,188.42609315985666,-176.81736367683428,-37.21851701243742,0.8183606879715428,0.358515848221927,0.05550963496285537,3.5020766420118105e-05,18.338180566837682,37.09898218259634,nan,0.27500358022692184,nan
236.85,187.602294921875,-176.74998474121094,-37.21797561645508,188.46116702795368,-176.83629346394395,-37.22038227351668,0.8632011829336425,0.3584492089282156,0.055504624343679546,3.570423747015072e-05,18.85358835831347,39.02836321032644,16.015834283748173,nan,nan
236.86,187.5936737060547,-176.75473022460938,-37.219703674316406,188.45312644210546,-176.84121700995172,-37.223297438284575,0.8638008362368411,0.35849994535878343,0.05552057249338669,3.5006443619676736e-05,19.00561272367371,39.074388105163884,nan,0.7836135695622525,nan
236.87,187.58506774902344,-176.75950622558594,-37.22139358520508,188.44511446930827,-176.84617976889317,-37.22513568279513,0.8644111680655753,0.3585507690677189,0.055536580596859265,3.571144083022543e-05,18.97148293478112,39.88069575538262,nan,nan,nan
236.88,187.57644653320312,-176.76434326171875,-37.223052978515625,188.43708366077232,-176.85118991144654,-37.22768188107167,0.8650202498545124,0.3586016782264763,0.0555526487314637,3.5013462816419234e-05,19.1373838658581,39.0072232434114,nan,0.38721467935689624,nan
236.89000000000001,187.56784057617188,-176.76922607421875,-37.22467803955078,188.42907281633143,-176.8562400750313,-37.229462345417105,0.8656300002947396,0.35865267492083935,0.0555687771052624,3.571884167460223e-05,19.111913139247726,38.77761592097383,nan,nan,nan
236.9,187.55921936035156,-176.77413940429688,-37.22626876831055,188.43901815141604,-176.86940403799846,-37.23179041225979,0.8849586158373223,0.3585859504957194,0.05556377923424166,3.4999499289443186e-05,19.243050733480274,40.86571438332287,3.5965440231366457,0.16698297156372907,nan
236.91,187.5506134033203,-176.7790985107422,-37.22782897949219,188.4310372164343,-176.8745562808968,-37.23351447410131,0.8856018300737771,0.35863672653379103,0.05557992800801207,3.5704384588839185e-05,19.22209088089787,40.43921890709582,nan,nan,nan
236.92000000000002,187.5419921875,-176.7841033935547,-37.2293586730957,188.4230946306615,-176.87974434821692,-37.23370831872686,0.8862886815090077,0.3586875880032583,0.055596137069164164,3.5006838320524886e-05,18.803504942639005,39.85723925257093,nan,1.5875395701420802,nan
236.93,187.53338623046875,-176.7891387939453,-37.230857849121094,188.41511462108156,-176.8849802741663,-37.235357026177795,0.8869333609340613,0.35873853685839796,0.05561240661261893,3.571210832600493e-05,18.774044357557386,40.29376179720099,nan,nan,nan
236.94,187.52476501464844,-176.79421997070312,-37.232330322265625,188.40713989629725,-176.8902563182458,-37.23678019137003,0.8875968753601742,0.3587895714648571,0.05562873673528648,3.501433488138672e-05,18.718565100388798,39.88547410191522,nan,0.027198716229101392,nan
236.95000000000002,187.5161590576172,-176.79934692382812,-37.233768463134766,188.40853181751424,-176.90373970812024,-37.2384972778873,0.8984705658548393,0.3587227638588791,0.05562374787821718,3.569795785782411e-05,18.200774248765963,40.442248557099326,4.8458504663221005,nan,nan
236.96,187.50755310058594,-176.80450439453125,-37.23517990112305,188.40056004293965,-176.90912419296794,-37.2403262940745,0.8991291268095267,0.3587735776026726,0.05564009784629004,3.500079268888447e-05,18.275491518355597,40.945987633014994,nan,0.0497637205470545,nan
236.97,187.4989471435547,-176.80970764160156,-37.23656463623047,188.39259548722603,-176.91454710984956,-37.24186510706703,0.8997926267980587,0.3588244785833197,0.05565650853697175,3.5705950566706685e-05,18.251071017620934,40.42501556186937,nan,nan,nan
236.98000000000002,187.49032592773438,-176.81495666503906,-37.237918853759766,188.3846462590522,-176.92000675754355,-37.24275998410485,0.900481989540407,0.3588754652937267,0.05567298005784065,3.5008540065572085e-05,18.081030443800145,40.10020036243795,nan,0.2687772807316078,nan
236.99,187.48171997070312,-176.8202362060547,-37.2392463684082,188.37668282647294,-176.92550706680404,-37.244239513782276,0.9011467132666617,0.3589265394999293,0.05568951258795815,3.571407779052202e-05,18.05534694688402,40.34627039484507,nan,nan,nan
237.0,187.47311401367188,-176.82554626464844,-37.24055099487305,188.3561781656747,-176.92938919823925,-37.244731976770076,0.8891586652666793,0.35885964706826134,0.05568452886857452,3.499523636412544e-05,17.373865663873485,39.806423505241504,3.045750234336976,0.48892633823992465,nan
237.01,187.46450805664062,-176.83090209960938,-37.241825103759766,188.34819362737804,-176.93497108013895,-37.246149701749786,0.8898029235655205,0.35891050013813786,0.05570108066153161,3.570027782174733e-05,17.34401174244233,39.45367421079758,nan,nan,nan
237.02,187.45590209960938,-176.8363037109375,-37.24307632446289,188.34018198122783,-176.94059380342338,-37.24874655971589,0.8904265741731237,0.35896143891348664,0.05571769353098483,3.5003189072700676e-05,17.68574808497732,39.13533487488518,nan,1.0234067798147448,nan
237.03,187.44729614257812,-176.8417205810547,-37.244300842285156,188.33219871927818,-176.94624588152018,-37.25012717460275,0.8910735406441366,0.35901246503819373,0.05573436764749706,3.570861209738323e-05,17.662891816021578,39.972586740715265,nan,nan,nan
237.04,187.43869018554688,-176.84710693359375,-37.24550247192383,188.3241888622323,-176.95189609623344,-37.25268867487987,0.8917064071381761,0.3590635771860116,0.05575110313129885,3.5011246645420885e-05,18.129340145193083,39.80841514238741,nan,1.0238357594451206,nan
237.05,187.43008422851562,-176.8524169921875,-37.246681213378906,188.28528322271367,-176.94543011303986,-37.254014183717715,0.8602735220742522,0.3589966015588335,0.0557461207075684,3.569500974746138e-05,18.018487114480802,38.4217411096584,8.360918420100722,nan,nan
237.06,187.42147827148438,-176.85763549804688,-37.247833251953125,188.2772383663381,-176.95092155728418,-37.25590939355264,0.8608675001736534,0.3590474923589155,0.055762874853890164,3.4998206982281066e-05,18.314127486576055,39.017088815084406,nan,0.23141450193465388,nan
237.07,187.41287231445312,-176.86276245117188,-37.248966217041016,188.26920672397046,-176.95631971277814,-37.25721559624588,0.8614694622445557,0.35909847036368836,0.055779690482049595,3.5703509811586434e-05,18.295244063573577,38.55351622626972,nan,nan,nan
237.08,187.40428161621094,-176.86778259277344,-37.25007247924805,188.26117590201713,-176.96162138389423,-37.258475709206365,0.8620580897132435,0.3591495343631995,0.055796567718903144,3.500641908242228e-05,18.343294619598684,39.212383024363845,nan,0.00041391511225149927,nan
237.09,187.3956756591797,-176.87271118164062,-37.25115966796875,188.25314480972438,-176.96682532233197,-37.25973843279873,0.8626612375781741,0.3592006858289261,0.05581350672515466,3.57120971324133e-05,18.3256145651757,38.70237116384053,nan,nan,nan
237.1,187.38706970214844,-176.87754821777344,-37.25222396850586,188.1988958485569,-176.96271655291585,-37.26038420855973,0.8163221954725253,0.3591336256585822,0.055808521666431014,3.49935278470444e-05,16.91946837082994,36.408431822139356,23.720638758257998,0.22365147150823128,nan
237.11,187.3784637451172,-176.8822784423828,-37.253265380859375,188.19078467380075,-176.96773387655685,-37.26159927622415,0.8168459929626567,0.35918455550402867,0.0558254787096325,3.569870449367187e-05,16.900168704294092,37.0646014122368,nan,nan,nan
237.12,187.36985778808594,-176.88693237304688,-37.25428771972656,188.18270158516214,-176.97265347762638,-37.26144792237354,0.8173826611309586,0.35923557131264,0.0558424975985047,3.500186011140777e-05,16.359860200873435,35.34204760582321,nan,1.279786609398283,nan
237.13,187.36126708984375,-176.8914794921875,-37.25529098510742,188.1745906611695,-176.9774824263197,-37.26260993954458,0.817890764984836,0.35928667444596124,0.05585957848874158,3.5707413015402635e-05,16.3337458195791,36.06487515021499,nan,nan,nan
237.14000000000001,187.3526611328125,-176.89593505859375,-37.25627517700195,188.16650277647005,-176.98221787833754,-37.26261756095922,0.818427255025411,0.3593378638571437,0.055876721514669,3.501025840353839e-05,15.921996405118506,35.64705459869406,nan,0.9094800846634155,nan
237.15,187.34405517578125,-176.9003143310547,-37.25723648071289,188.1500463223675,-176.98167175527078,-37.26370443045512,0.8101127040260296,0.35927072048090536,0.05587172989160452,3.569413816915482e-05,16.112672962257406,34.60892635924053,1.2758125833478426,nan,nan
237.16,187.33544921875,-176.9045867919922,-37.2581787109375,188.1419041377987,-176.98621940814255,-37.265729224428576,0.8106111464391295,0.3593216880549857,0.055888890310022664,3.4997515893712085e-05,16.50892368500881,36.12221580309797,nan,0.6120390417122721,nan
237.17000000000002,187.3268585205078,-176.90879821777344,-37.25910568237305,188.13378036741994,-176.9906791589706,-37.26681441253544,0.8111022007590276,0.35937274281441134,0.05590611295855266,3.5702937127867404e-05,16.486081100492562,34.46699776509513,nan,nan,nan
237.18,187.31825256347656,-176.91290283203125,-37.260009765625,188.125637727257,-176.9950556422672,-37.26884280355746,0.8116020635025041,0.35942388381550944,0.05592339797516275,3.500599866897793e-05,16.990635545888622,36.48244734231017,nan,0.6515872158876372,nan
237.19,187.3096466064453,-176.9169464111328,-37.26089859008789,188.11751349639707,-176.9993479425257,-37.26990275005927,0.8121083666315738,0.35947511226658113,0.05594074551012078,3.571178915944026e-05,16.97491194116709,35.08036111949294,nan,nan,nan
237.20000000000002,187.30104064941406,-176.9208984375,-37.26176834106445,188.08550769550394,-176.9946185313441,-37.2706328418589,0.7879732089428461,0.3594078846052788,0.055935743339337145,3.4993339906895086e-05,16.79972301952012,34.74742103262336,5.0201248198785375,0.04662428222060779,nan
237.21,187.29244995117188,-176.9247589111328,-37.26262283325195,188.07734337220765,-176.9987358310892,-37.2716556686266,0.7884236546339671,0.3594588909484223,0.05595310759929399,3.569862282557658e-05,16.779597811968394,35.36882651348187,nan,nan,nan
237.22,187.28384399414062,-176.92855834960938,-37.263458251953125,188.06916184828717,-177.0027759556407,-37.27358131490271,0.7888820326828518,0.35950998349363056,0.05597053445549548,3.500188189097259e-05,17.364515065005627,35.00628884204195,nan,0.596439485333999,nan
237.23000000000002,187.27523803710938,-176.93228149414062,-37.264278411865234,188.06099703156002,-177.0067386597072,-37.27458105794666,0.7893460656648494,0.359561163353001,0.05598802405572273,3.570753488338133e-05,17.352362678684027,34.94308869361791,nan,nan,nan
237.24,187.26663208007812,-176.93592834472656,-37.26508331298828,188.05286478223388,-177.01062510104455,-37.27372689980236,0.7898203459879886,0.35961242972585344,0.056005576541660516,3.501046240449779e-05,16.45672315790811,34.10907305848817,nan,2.384685807438551,nan
237.25,187.25802612304688,-176.9394989013672,-37.265869140625,188.05314351763684,-177.0157985752964,-37.274638054298364,0.7988180050976881,0.35954511885679435,0.05600055982424166,3.569443026377668e-05,16.69555485170725,34.641249510490624,0.9320321802337763,nan,nan
237.26,187.24942016601562,-176.94313049316406,-37.266746520996094,188.0450126224152,-177.0196026436291,-37.27445745195921,0.79929644371344,0.35959616289941354,0.056018128348181116,3.499787126693201e-05,16.19110659007324,33.89484217502858,nan,0.9636252756251993,nan
237.27,187.24081420898438,-176.9468231201172,-37.2677116394043,188.03686071995543,-177.0234653086659,-37.275523812002625,0.7997656548861218,0.3596472941226641,0.05603575983845645,3.5703380036026656e-05,16.152946551832898,33.69267855838355,nan,nan,nan
237.28,187.23220825195312,-176.95057678222656,-37.26876449584961,188.02868116183382,-177.0273859104466,-37.2782746384388,0.8002244567393617,0.35969851181498463,0.05605345443828639,3.5006487493923474e-05,16.979187909874057,34.2581179239302,nan,1.7958656606599779,nan
237.29,187.22360229492188,-176.95437622070312,-37.26990509033203,188.02052887957464,-177.03136198971612,-37.27953446598389,0.8006943954045695,0.3597498169558965,0.05607121229316249,3.5712359255367276e-05,16.942980840734332,34.765505297915205,nan,nan,nan
237.3,187.21499633789062,-176.95823669433594,-37.27113342285156,187.9885222029375,-177.03788525157773,-37.28140856595374,0.7776835700546789,0.35968242203570244,0.05606617699688879,3.499393578238864e-05,15.990252027265836,34.29816531778671,17.098064751459358,0.1821407322507172,nan
237.31,187.20639038085938,-176.96214294433594,-37.27244567871094,187.98032462092803,-177.04200521955198,-37.28284754171345,0.7781133527367675,0.35973350457757786,0.05608395018151663,3.569929372643577e-05,15.95438257664267,34.80706268684562,nan,nan,nan
237.32,187.19778442382812,-176.9661102294922,-37.273841857910156,187.97213203948573,-177.0461794490755,-37.284047106084024,0.7785431631512721,0.3597846735406736,0.05610178669548903,3.500256965378736e-05,15.850193308143586,34.26579875459538,nan,0.07448996532436987,nan
237.33,187.1891632080078,-176.9701385498047,-37.27531814575195,187.96393393951033,-177.05040755111662,-37.285652504383734,0.7789862629936973,0.35983592982246654,0.0561196866835459,3.570829149745271e-05,15.818503452618808,33.81973463849749,nan,nan,nan
237.34,187.18055725097656,-176.9741973876953,-37.27688217163086,187.9557297513447,-177.05468880940376,-37.28772020233921,0.7794156382863255,0.3598872728335352,0.05613765029003752,3.501122357268211e-05,16.132658039620793,35.28863864901364,nan,0.10130121499372753,nan
237.35,187.1719512939453,-176.97833251953125,-37.27852249145508,187.94797883045905,-177.05841024516994,-37.28949644443293,0.7802253566854933,0.3598197947149303,0.05613259236182382,3.569525035896201e-05,16.21453145751225,33.97334211673197,0.0635977411372251,nan,nan
237.36,187.16334533691406,-176.98251342773438,-37.280242919921875,187.93980320117115,-177.06279302477182,-37.289972226207624,0.7806575997631526,0.3598709148993396,0.05615057057012024,3.499868542883264e-05,15.497676199318368,33.59901017460397,nan,1.3465041871331942,nan
237.37,187.1547393798828,-176.9867401123047,-37.282047271728516,187.9316061743162,-177.06722732162453,-37.29189574060695,0.7810871907133876,0.3599221222747947,0.05616861246806014,3.570425096426105e-05,15.46143619466759,33.691962397399095,nan,nan,nan
237.38,187.14613342285156,-176.9910125732422,-37.2839241027832,187.92340398180107,-177.07171231625492,-37.29424553090876,0.7815167958595362,0.35997341632694435,0.05618671820012417,3.500734301282506e-05,15.739577834802418,34.4359991712696,nan,0.08473627692406493,nan
237.39000000000001,187.1375274658203,-176.99534606933594,-37.28588104248047,187.9152072379484,-177.07624742593185,-37.296331257754815,0.781946330943209,0.36002479784143177,0.05620488791085444,3.571326565465888e-05,15.70721451873759,33.61184052088752,nan,nan,nan
237.4,187.12890625,-176.9997100830078,-37.28791427612305,187.93011036490512,-177.0885376572007,-37.2976452333693,0.806171857116593,0.35995723588283707,0.0561998032753008,3.4994815797806374e-05,15.545068039594849,35.169208316836205,4.534808324752856,0.46773783585137535,nan
237.41,187.12030029296875,-177.00413513183594,-37.29002380371094,187.9219529456303,-177.0931810822204,-37.29987688882344,0.8066431925488495,0.36000839430395987,0.05621798684006466,3.5700218905932044e-05,15.511413268735984,34.33383884852527,nan,nan,nan
237.42000000000002,187.1116943359375,-177.0086212158203,-37.29216384887695,187.9137874579919,-177.0978724345304,-37.30275846643699,0.8071130047331997,0.36005963934588703,0.05623623445072976,3.500346450676876e-05,15.95306748043948,34.03396592623379,nan,0.24983778291216038,nan
237.43,187.10308837890625,-177.0131378173828,-37.2943000793457,187.90563085349118,-177.10261156328087,-37.30506584651641,0.8075864513850514,0.3601109717259912,0.056254546252195996,3.570922590644033e-05,15.944890093252718,34.940399582278374,nan,nan,nan
237.44,187.094482421875,-177.0177001953125,-37.29641342163086,187.89746136851969,-177.1073973661993,-37.30833284669841,0.8080611634731911,0.36016239103170067,0.05627292238841852,3.501212172250384e-05,16.70990337690246,35.71199435359651,nan,0.6680107282160143,nan
237.45000000000002,187.08587646484375,-177.02232360839844,-37.298492431640625,187.8902497388893,-177.10836445692237,-37.310624982508834,0.8090528971606625,0.3600947458966984,0.05626780695171216,3.569618055909577e-05,17.191571847216007,34.82827032642778,1.76086231275763,nan,nan
237.46,187.0772705078125,-177.0269775390625,-37.300537109375,187.8821058896528,-177.11322750330103,-37.312286185285814,0.809528930290891,0.3601459418764374,0.05628619617464536,3.4999574710178185e-05,16.96522990400871,35.35814716811664,nan,0.23935121325464437,nan
237.47,187.06866455078125,-177.03167724609375,-37.30254364013672,187.8739546592907,-177.11813563563274,-37.314487112700625,0.8100060854843651,0.360197225072271,0.056304649796956645,3.570516912375852e-05,16.9697661127623,35.279895440626426,nan,nan,nan
237.48000000000002,187.06005859375,-177.03643798828125,-37.304508209228516,187.86577907891984,-177.12308742458475,-37.31855582635373,0.8104881002093359,0.3602485951333471,0.056323167961879084,3.500821625249402e-05,18.56679238173588,35.97569236762246,nan,2.562799013184805,nan
237.49,187.05145263671875,-177.04122924804688,-37.30643844604492,187.85762873592554,-177.1280849216979,-37.32070025194993,0.8109668366125274,0.36030005268497584,0.056341750815388905,3.5714162662884936e-05,18.579235113425923,36.591487340502944,nan,nan,nan
237.5,187.0428466796875,-177.0460662841797,-37.308326721191406,187.8250554324899,-177.12138690412448,-37.32052490005342,0.7859214492028512,0.3602323239005545,0.056336600465948926,3.499566355461793e-05,17.259729587568255,34.13596009134417,6.683248094228556,4.01967057344099,nan
237.51,187.03424072265625,-177.0509490966797,-37.310176849365234,187.81686663878858,-177.12644712008034,-37.322573345998066,0.7863567569927442,0.3602835578615168,0.056355195620177184,3.570108558443159e-05,17.267090031795334,33.983366915923455,nan,nan,nan
237.52,187.02565002441406,-177.0558624267578,-37.31199264526367,187.80868142603268,-177.13155054925576,-37.324309162571154,0.7867773283506987,0.36033487862427904,0.05637385552107553,3.500428097323152e-05,17.24933044899704,34.591783846545454,nan,0.05400541714523692,nan
237.53,187.0170440673828,-177.0608367919922,-37.31377410888672,187.8004931207615,-177.13669603095556,-37.32628332252852,0.7872125023156089,0.36038628675869755,0.05639258031560634,3.5710056559831006e-05,17.253396677799984,33.370932219439254,nan,nan,nan
237.54,187.00843811035156,-177.0658416748047,-37.31551742553711,187.79227845698293,-177.14188108943017,-37.33048074755133,0.7876620992465398,0.36043778199670157,0.056411370145534434,3.5012900510972786e-05,19.22104107596789,36.02374928074066,nan,3.5975803845342407,nan
237.55,186.9998321533203,-177.07089233398438,-37.31722640991211,187.78733204300974,-177.1491951850924,-37.33232874594525,0.7915273168414116,0.36036997007106364,0.05640618076065577,3.569696845217812e-05,19.12874780605335,35.800001624912,0.47049725543181503,nan,nan
237.56,186.99122619628906,-177.0759735107422,-37.31890106201172,187.77916413956262,-177.1544715997134,-37.33302020808819,0.7919643317146489,0.3604212414812596,0.056424982086162985,3.500030990865692e-05,18.389671384368253,35.61130935183837,nan,1.018859963435507,nan
237.57,186.98263549804688,-177.0811004638672,-37.32054138183594,187.77098279597985,-177.1597870324715,-37.33486820146409,0.7923940282445342,0.360472600146047,0.05644384850674017,3.5705909719599874e-05,18.39726766725346,35.302400941888735,nan,nan,nan
237.58,186.97402954101562,-177.08627319335938,-37.322147369384766,187.762797828182,-177.1651418465806,-37.337049042939334,0.7928415574217942,0.3605240458468847,0.056462780162993546,3.500890373239443e-05,18.947784276630003,35.4653106530006,nan,0.09398580089598059,nan
237.59,186.96542358398438,-177.0914764404297,-37.323726654052734,187.75461752922544,-177.1705363606588,-37.338837283916526,0.7932880216709893,0.3605755790796616,0.05648177720361813,3.571485139763063e-05,18.953457024027998,35.78338978401724,nan,nan,nan
237.6,186.9568328857422,-177.0967254638672,-37.32527160644531,187.77334904902017,-177.1849446043625,-37.34152041846591,0.8214288073448651,0.3605076836773445,0.056476544643491326,3.4996299400638025e-05,20.33154361813021,37.58484963718805,6.820851417851373,0.44505619737214425,nan
237.61,186.94822692871094,-177.1020050048828,-37.326786041259766,187.76521492020413,-177.1904281794025,-37.34325834855487,0.8219241892923229,0.3605589928194296,0.05649555235683588,3.570171885298208e-05,20.34329886254243,37.99347312559553,nan,nan,nan
237.62,186.93963623046875,-177.10733032226562,-37.328269958496094,187.75708757099048,-177.19595072368222,-37.34437489569364,0.8223987102799623,0.3606103889272388,0.05651462550243436,3.5004861955361625e-05,20.109001083304776,37.27282638062507,nan,0.24726819768212435,nan
237.63,186.9310302734375,-177.11270141601562,-37.3297233581543,187.74895457928022,-177.20151022542515,-37.34604849025053,0.8228934831768921,0.36066187245270703,0.05653376423024051,3.5710631228374877e-05,20.120433207445863,36.79758744478635,nan,nan,nan
237.64000000000001,186.9224395751953,-177.1180877685547,-37.33115005493164,187.74080612154586,-177.20710458264227,-37.34930464327839,0.8233938222102862,0.3607134432429901,0.05655296867897853,3.501342390517304e-05,22.025946803588866,39.86091966482859,nan,1.8307803940116323,nan
237.65,186.91383361816406,-177.12351989746094,-37.33254623413086,187.7164416351845,-177.2011716152081,-37.350827251323345,0.8065628393647762,0.3606454647477306,0.05654768880254376,3.569748266116803e-05,22.417623229266987,38.4783025984402,6.121191399844773,nan,nan
237.66,186.90524291992188,-177.12899780273438,-37.33391571044922,187.70827852904048,-177.20680961056811,-37.353236175801555,0.8070279718400605,0.360696811206155,0.056566903082591845,3.500077432354729e-05,23.678080880890633,39.16097782785774,nan,0.4572171680159802,nan
237.67000000000002,186.8966522216797,-177.13449096679688,-37.33525848388672,187.70012390225764,-177.21248482117255,-37.354822129113955,0.8074853057645802,0.36074824496949726,0.05658618313905169,3.570636107300912e-05,23.68770953463137,40.273107251235366,nan,nan,nan
237.68,186.88804626464844,-177.14004516601562,-37.336570739746094,187.69199061928032,-177.21819892358533,-37.35417473877607,0.8079260089566267,0.3607997659236821,0.05660552910935298,3.5009307009784616e-05,21.779585025320515,36.94158201712142,nan,3.439110320182922,nan
237.69,186.87945556640625,-177.14561462402344,-37.337860107421875,187.68383721244342,-177.2239444062876,-37.35568732686569,0.8083830756665533,0.3608513744626819,0.056624941145391294,3.571523848184583e-05,21.782608394972122,37.93632489030629,nan,nan,nan
237.70000000000002,186.87086486816406,-177.15122985839844,-37.3391227722168,187.65944705317733,-177.22863575675726,-37.35670338186422,0.7925671034408455,0.36078331264868707,0.056619609793180474,3.499664153187332e-05,21.142422498568074,36.75255793295215,4.140993687683395,0.10227410544951643,nan
237.71,186.86227416992188,-177.1568603515625,-37.340362548828125,187.6512658948867,-177.23445970929586,-37.35816123397883,0.7929983578650734,0.36083469659449974,0.05663903080220101,3.5702041982935315e-05,21.14005977825564,37.749442318411084,nan,nan,nan
237.72,186.8536834716797,-177.16253662109375,-37.341575622558594,187.6549304641133,-177.22809752059177,-37.35921646414741,0.8041182585409133,0.3602091554970564,0.05593748915920695,3.5004705864488474e-05,28.09099097634462,43.99523503358347,nan,0.1064905428358596,0.20712276920672118
237.73000000000002,186.84507751464844,-177.16819763183594,-37.34276580810547,187.6467616163852,-177.23393117635933,-37.360623411648646,0.8045726765540704,0.3602594575071758,0.0559537587800746,3.571044369185731e-05,28.063900854995037,43.30954771830296,nan,nan,nan
237.74,186.83648681640625,-177.1737823486328,-37.343929290771484,187.63861120995853,-177.23970703719036,-37.361249676480256,0.805015281255031,0.36030984506987207,0.05597008705976787,3.5013219995926897e-05,27.63025889677541,43.37465380999555,nan,0.4051537210351355,nan
237.75,186.82789611816406,-177.17926025390625,-37.34507369995117,187.59991147792132,-177.23971198961422,-37.362535900858475,0.7745754040193685,0.3602427727055341,0.055964911389222126,3.5697247026308785e-05,26.58577476472666,43.347140112021776,12.716812261030359,nan,nan
237.76,186.81930541992188,-177.18466186523438,-37.34619140625,187.59169835646082,-177.24532788689146,-37.36345167420782,0.774963954935283,0.3602929417155532,0.0559812574968766,3.500052425934158e-05,26.48202420303714,41.988787196586486,nan,0.12134208299358733,nan
237.77,186.8107147216797,-177.18995666503906,-37.3472900390625,187.58347618823126,-177.25084939614766,-37.36475632335845,0.7753536483282363,0.36034319759841277,0.05599766292092197,3.570607580858198e-05,26.440074755868338,42.18349812565632,nan,nan,nan
237.78,186.80213928222656,-177.1951446533203,-37.34836196899414,187.57526354654237,-177.25626336276275,-37.36564087389184,0.7757288091029219,0.3603935390270788,0.056014127288160895,3.500900941172523e-05,26.34891507640094,42.451637948947074,nan,0.1122912961190081,nan
237.79,186.79354858398438,-177.20022583007812,-37.34941864013672,187.56704243892463,-177.26158043454163,-37.366899497352975,0.7761202944700166,0.36044396758166547,0.05603065125034876,3.5714903986579044e-05,26.302122030106357,42.534091379656324,nan,nan,nan
237.8,186.7849578857422,-177.20521545410156,-37.35044860839844,187.57752486681437,-177.27099721321719,-37.366263614420866,0.7954494162004969,0.3603768286766497,0.05602548209121636,3.4996298890576496e-05,25.332423115146824,41.11977597323045,3.9833342688751854,2.3874294313620834,nan
237.81,186.7763671875,-177.21011352539062,-37.351463317871094,187.5693373971124,-177.27611130429227,-37.367463392199674,0.7958727678035064,0.3604270384370072,0.05604202337659602,3.570166105266448e-05,25.284895572083318,40.588352537051485,nan,nan,nan
237.82,186.7677764892578,-177.21490478515625,-37.352455139160156,187.5611965021362,-177.28109927519597,-37.36646228530812,0.7962997095885234,0.36047733373090646,0.056058623884691454,3.500475257142123e-05,23.64706797622811,39.50827327715505,nan,3.3597494351411377,nan
237.83,186.75918579101562,-177.21958923339844,-37.35342788696289,187.5530090066084,-177.28601869171288,-37.367601951679525,0.7967239639025436,0.3605277159976588,0.05607528422388135,3.5710460437668965e-05,23.594698166146465,40.096572450645645,nan,nan,nan
237.84,186.75059509277344,-177.2241973876953,-37.3543815612793,187.54482359863272,-177.29084233258598,-37.36862231608417,0.7971469546428421,0.3605781841194947,0.056092004084622914,3.5013206395648265e-05,23.690275900351565,39.19151815104373,nan,0.007154461385656177,nan
237.85,186.74200439453125,-177.2287139892578,-37.35531234741211,187.5456077234645,-177.29303681384093,-37.36973960172653,0.806302599339743,0.3605109799757584,0.05608683831831012,3.5697203815305223e-05,24.55234633859667,39.43718034743136,5.650649675710442,nan,nan
237.86,186.73342895507812,-177.23312377929688,-37.35622787475586,187.53746389950888,-177.2976430564032,-37.36963684217758,0.8067308903168411,0.36056122913229377,0.05610357499762466,3.5000453816249936e-05,23.78618446538144,39.61641287543243,nan,0.9951280641499168,nan
237.87,186.72483825683594,-177.23745727539062,-37.35712814331055,187.52929600304145,-177.30217482095472,-37.37069191681268,0.807170739116275,0.3606115651128499,0.05612037174142689,3.5705972221794246e-05,23.732114684440727,38.84716539595176,nan,nan,nan
237.88,186.71624755859375,-177.24171447753906,-37.35800552368164,187.52113408540092,-177.3066157359835,-37.371417729055025,0.8076102906949333,0.3606619869285224,0.05613722828092692,3.5008881769166615e-05,23.65013822160957,38.246045821677434,nan,0.06884459662459809,nan
237.89000000000001,186.70765686035156,-177.24586486816406,-37.35886764526367,187.51296572154672,-177.31097484544742,-37.37243612041335,0.8080506014966938,0.36071249582699066,0.05615414516461572,3.571474178445129e-05,23.596133423591,39.4087564409217,nan,nan,nan
237.9,186.69906616210938,-177.2499542236328,-37.359710693359375,187.5118783776676,-177.31531645152472,-37.37455076891993,0.815571055419655,0.36064522517308223,0.05614897870864728,3.499611802713026e-05,25.09907754009694,39.5455979715577,1.4605469750351021,0.9655057971092708,nan
237.91,186.6904754638672,-177.2539520263672,-37.360538482666016,187.5037230213858,-177.31950279720195,-37.37554752417516,0.816023139803069,0.36069551486718404,0.05616591186207315,3.570144449891874e-05,25.048055263458146,40.04349704313255,nan,nan,nan
237.92000000000002,186.681884765625,-177.2578582763672,-37.361351013183594,187.49556157307887,-177.32361198227613,-37.37682582107133,0.816475943618825,0.3607458903711653,0.056182905080412245,3.50045182796238e-05,25.510005848603946,41.1575508088638,nan,0.06236423552931781,nan
237.93,186.6732940673828,-177.26170349121094,-37.362144470214844,187.48740514617597,-177.32763875187993,-37.37779445515351,0.8169266975939965,0.360796352815467,0.0561999588741191,3.5710189340717864e-05,25.46087213339651,40.16022242025677,nan,nan,nan
237.94,186.66470336914062,-177.26559448242188,-37.36302947998047,187.4792593507877,-177.33164694918474,-37.378188010679864,0.8173702690063,0.3608469013856384,0.056217073030351374,3.501292072371405e-05,25.106274369498887,40.30339772140273,nan,0.2651122654248918,nan
237.95000000000002,186.65611267089844,-177.26954650878906,-37.36400604248047,187.4352190087452,-177.33163829207103,-37.37928530086052,0.7817259948094247,0.36077956519186477,0.056211902580910175,3.569688281159624e-05,23.619190766358415,38.84340671085848,21.56625567706586,nan,nan
237.96,186.6475067138672,-177.27354431152344,-37.36506652832031,187.42701546155874,-177.3357683795797,-37.37926290362916,0.782117164780974,0.3608298943769064,0.056229032455864775,3.500012128807219e-05,22.778228753882868,38.4087431302716,nan,1.02128195525451,nan
237.97,186.638916015625,-177.27760314941406,-37.366214752197266,187.41879021657186,-177.33996472555884,-37.38051951311015,0.7824943205330922,0.3608803103637353,0.0562462231346869,3.5705601208823466e-05,22.69212416593698,37.9311486739987,nan,nan,nan
237.98000000000002,186.6303253173828,-177.28170776367188,-37.36745071411133,187.41058085450942,-177.3442037757161,-37.38091364723801,0.782870171424697,0.36093081244394226,0.056263474439792696,3.5008502307981905e-05,22.078945225059883,37.69749883226954,nan,0.6367559915087921,nan
237.99,186.62173461914062,-177.28587341308594,-37.36876678466797,187.4023550139016,-177.34850510225175,-37.3823345394795,0.783246457492893,0.36098140159010594,0.05628078682971247,3.571432313198478e-05,21.99770055405871,37.138112807359654,nan,nan,nan
238.0,186.61312866210938,-177.2900848388672,-37.37017059326172,187.37501990585133,-177.3473101665493,-37.384369728491144,0.7641692357457575,0.3609139988668534,0.056275608318659284,3.499569637734717e-05,22.274752166201537,37.39881581895685,4.873249849204232,0.08118499512130121,nan
238.01,186.6045379638672,-177.29434204101562,-37.37165832519531,187.36676067779945,-177.3517098919624,-37.38596752854208,0.7645124519959966,0.3609643683910761,0.0562929358357202,3.570098320219889e-05,22.189215965245367,37.69654199582079,nan,nan,nan
238.02,186.595947265625,-177.2986602783203,-37.373226165771484,187.35847802765082,-177.35617451046355,-37.3890914440972,0.7648612664993917,0.3610148239713025,0.056310324237883645,3.500405440473916e-05,23.586696933825042,38.48159525748343,nan,1.469463480526435,nan
238.03,186.5873565673828,-177.3030242919922,-37.374874114990234,187.35021851142935,-177.36067451601753,-37.39086957860285,0.7652043837177175,0.36106536648477755,0.056327773951208526,3.570968535423962e-05,23.502334796715076,38.61083281060773,nan,nan,nan
238.04,186.57875061035156,-177.30743408203125,-37.37660217285156,187.34195426304709,-177.36522672284974,-37.393036419856074,0.7655650784193133,0.3611159953651118,0.05634528484597329,3.5012417025375525e-05,23.993576735893626,39.19775746566283,nan,0.06654555301305741,nan
238.05,186.57015991210938,-177.3118896484375,-37.37841033935547,187.31759151488765,-177.36111522953595,-37.39502657487351,0.7492351152668811,0.36104852680872607,0.05634009480777638,3.569634124298371e-05,24.242681909805174,38.92735126331936,3.433191012255393,nan,nan
238.06,186.5615692138672,-177.31639099121094,-37.38029479980469,187.30932691059067,-177.3657282954307,-37.395769216171615,0.749543327739483,0.3610989358773517,0.05635762023353895,3.499958268031234e-05,23.29094059893756,38.09349422076984,nan,1.1593635485139624,nan
238.07,186.552978515625,-177.32095336914062,-37.382259368896484,187.3010429542374,-177.37040078093133,-37.39785911195431,0.7498591886699525,0.3611494317500326,0.05637520719414125,3.570502201419047e-05,23.207951515793138,37.21568067907402,nan,nan,nan
238.08,186.54437255859375,-177.32554626464844,-37.384300231933594,187.29273240916632,-177.37513680992902,-37.40185409411096,0.7502065223707175,0.3612000139455874,0.05639285558956501,3.500792875699125e-05,25.13633957594965,39.93125344466416,nan,2.356917530820732,nan
238.09,186.53578186035156,-177.3302001953125,-37.38641357421875,187.28444878956492,-177.3799022582476,-37.40411662180297,0.7505237263748104,0.36125068321428455,0.05641056580204069,3.5713708849026116e-05,25.052976834104253,39.116240829527655,nan,nan,nan
238.1,186.52719116210938,-177.3348846435547,-37.3885612487793,187.2805314803589,-177.38225415489129,-37.40528214137236,0.7550133071368048,0.3611831480640135,0.05640536017939533,3.499509280841224e-05,24.775056702067467,39.13471981517565,2.8120888146184164,0.7462541807666925,nan
238.11,186.5186004638672,-177.33961486816406,-37.39070129394531,187.27225859547067,-177.38709545876443,-37.40760105389737,0.7553413716342143,0.36123359728604,0.056423084289821034,3.570033896851356e-05,24.72809324605388,39.05476910931815,nan,nan,nan
238.12,186.50999450683594,-177.3444061279297,-37.392822265625,187.26398519286406,-177.3919819497362,-37.40995265425289,0.7556843677437416,0.36128413278255705,0.05644087008356242,3.50034207603834e-05,25.05703665135097,38.373237032958635,nan,0.001517829305894726,nan
238.13,186.50140380859375,-177.34922790527344,-37.39490509033203,187.25571268740316,-177.39691210853923,-37.41223113338483,0.756013134581451,0.3613347552281592,0.056458717915858984,3.5709011083264264e-05,25.023317644842948,39.16307473251479,nan,nan,nan
238.14000000000001,186.49281311035156,-177.35409545898438,-37.39695358276367,187.24746481400425,-177.4018701990536,-37.412639483044984,0.7563251067379791,0.3613854642545203,0.0564766277265544,3.5011755712874685e-05,23.58791820562287,37.57110142164441,nan,2.379924814451142,nan
238.15,186.48422241210938,-177.35899353027344,-37.398963928222656,187.21670457655827,-177.40285358228158,-37.414855770818924,0.7339661954470393,0.3613178629855701,0.0564714029158242,3.5695642004632734e-05,22.958331271245378,37.76502155590652,6.170422038091156,nan,nan
238.16,186.4756317138672,-177.36395263671875,-37.400936126708984,187.20838852625212,-177.40791980385762,-37.417323712088425,0.7342575916102717,0.361368351767284,0.056489325984575074,3.4998898534453655e-05,23.50077825805471,37.24413086958795,nan,0.07008563375789144,nan
238.17000000000002,186.467041015625,-177.3689422607422,-37.40286636352539,187.20007673844137,-177.41302541978067,-37.4194421293488,0.7345471066230941,0.36141892737703885,0.056507311310677516,3.570429767590425e-05,23.466094938525167,37.84005084137604,nan,nan,nan
238.18,186.4584503173828,-177.3739776611328,-37.404762268066406,187.19180075010507,-177.4181499907503,-37.41864156330956,0.7348106468432599,0.36146958951330965,0.05652535885833368,3.5007221652738724e-05,21.217374000971034,35.34599682954933,nan,5.861126109402515,nan
238.19,186.44984436035156,-177.37905883789062,-37.406620025634766,187.18348943359842,-177.42333823177222,-37.420657133026914,0.7351141398489447,0.36152033875104717,0.056543468946775526,3.5712961825452596e-05,21.177431089480237,34.899788553477016,nan,nan,nan
238.20000000000002,186.44125366210938,-177.38417053222656,-37.40843963623047,187.1724060982122,-177.42780919122558,-37.42234256139187,0.7325854958340231,0.3614526707839405,0.0565382208980133,3.4994367452442786e-05,21.11209887940317,35.485201304724846,0.15663812187223203,0.04401761791305103,nan
238.21,186.4326629638672,-177.3893280029297,-37.410221099853516,187.16409064248526,-177.43307760805067,-37.42428294637648,0.7328698469199724,0.3615031995434158,0.05655634357124684,3.569957413966999e-05,21.07203754015237,35.100004214706956,nan,nan,nan
238.22,186.424072265625,-177.39451599121094,-37.41196823120117,187.15578955340564,-177.43837651545417,-37.42496663704095,0.7331458881957412,0.36155381477129656,0.056574528704398955,3.500267697226334e-05,20.30387918907384,34.824067110261865,nan,1.0540399274759589,nan
238.23000000000002,186.41549682617188,-177.39974975585938,-37.41368103027344,187.14747500963276,-177.4437235608564,-37.42682596271552,0.7334156705699132,0.36160451698397,0.05659277659487298,3.570822822480308e-05,20.259743832230413,34.536376202127315,nan,nan,nan
238.24,186.4069061279297,-177.405029296875,-37.41535949707031,187.13916762309137,-177.4491050149991,-37.428054862182535,0.7336966256702475,0.3616553059673424,0.056611087239169106,3.501099568579701e-05,19.970076292506,33.687239647641896,nan,0.2514411575720266,nan
238.25,186.3983154296875,-177.41033935546875,-37.41700744628906,187.159583823371,-177.4580738968638,-37.42981235183062,0.7628709715735633,0.3615875716029848,0.056605812233629565,3.56948458140712e-05,20.943066569119715,34.69360084982263,11.882072341543305,nan,nan
238.26,186.3897247314453,-177.41567993164062,-37.418617248535156,187.15131760263367,-177.4635266796955,-37.4321116962429,0.7632136744472585,0.3616381399027502,0.056624134780533825,3.4998126718426604e-05,21.497790264263298,35.62246562109345,nan,0.20969031353594392,nan
238.27,186.38113403320312,-177.4210662841797,-37.42020034790039,187.14305782838724,-177.46901302041744,-37.43384016208385,0.7635527511014414,0.3616887950731187,0.056642520298518545,3.57034878630664e-05,21.45180837405369,35.10903087378359,nan,nan,nan
238.28,186.37254333496094,-177.42649841308594,-37.421749114990234,187.13482414914517,-177.47451970057006,-37.43304627180671,0.7638754541658945,0.3617395369510059,0.0566609688035048,3.500643776993384e-05,19.83437795988455,32.990532731337886,nan,4.382142115818559,nan
238.29,186.36395263671875,-177.43194580078125,-37.42326736450195,187.12656559758784,-177.4800793020394,-37.43468915239968,0.7642158198229553,0.36179036597663844,0.05667948056413706,3.571214050789774e-05,19.786914769310815,34.09020846955239,nan,nan,nan
238.3,186.35537719726562,-177.43743896484375,-37.42475509643555,187.0953795753399,-177.47764451040794,-37.434711603284434,0.7411606691388418,0.36172256477542636,0.05667417455632961,3.4993575741044875e-05,18.764742957852327,32.223997769472945,4.489477364431627,1.709327216352704,nan
238.31,186.34678649902344,-177.44297790527344,-37.426212310791016,187.0870835410715,-177.48326454699503,-37.43627999177399,0.7414607758787385,0.3617731728846464,0.05669269750732672,3.569874569207456e-05,18.719041084702585,31.493431829694458,nan,nan,nan
238.32,186.33819580078125,-177.4485321044922,-37.42763900756836,187.07879306968647,-177.488916497981,-37.43728164375013,0.7417602000511098,0.3618238676348728,0.05671128367384306,3.5001877089211724e-05,18.481943343975807,32.327135043100235,nan,0.20452617993453845,nan
238.33,186.32962036132812,-177.45413208007812,-37.42904281616211,187.070498104599,-177.49460649075493,-37.4387884039697,0.7420464843091107,0.3618746494222442,0.05672993330737721,3.5707392250455595e-05,18.431840549548603,31.790572884656093,nan,nan,nan
238.34,186.32102966308594,-177.4597625732422,-37.43041229248047,187.06218856221474,-177.50034061881036,-37.44193258090604,0.742358275083779,0.3619255181495676,0.05674864644926598,3.5010189488169735e-05,19.50979446220476,32.92491251465373,nan,1.9553716395944962,nan
238.35,186.3124542236328,-177.46543884277344,-37.431758880615234,187.05960245338454,-177.510474449582,-37.443275878039074,0.748592896260324,0.36185765027847155,0.05674330562718982,3.5694006441292094e-05,19.183962289342634,32.4443376988922,1.592100879820228,nan,nan
238.36,186.30386352539062,-177.47113037109375,-37.43307876586914,187.0513337356236,-177.51626723486197,-37.44277139381927,0.7488945177347196,0.3619082978775068,0.05676202923649478,3.499731809496963e-05,18.098910057371565,32.22889704526093,nan,2.672877459425477,nan
238.37,186.2952880859375,-177.47686767578125,-37.43436813354492,187.04304873433642,-177.52210428057793,-37.444167411072684,0.7491918069143414,0.36195903240505123,0.05678081652132112,3.5702644627732756e-05,18.051659062889073,31.58397394821101,nan,nan,nan
238.38,186.2866973876953,-177.48263549804688,-37.43563461303711,187.0347803770345,-177.52796351603112,-37.443599884182525,0.7494973206739749,0.362009853801742,0.05679966753802422,3.5005626277035997e-05,17.12272283433955,30.65095887431587,nan,2.6526624204443205,nan
238.39000000000001,186.2781219482422,-177.48841857910156,-37.4368782043457,187.02649663441824,-177.53386556672376,-37.44492702722984,0.7497965611703303,0.3620607624071801,0.05681858251582459,3.5711295143794574e-05,17.070159868360264,31.649490142079504,nan,nan,nan
238.4,186.26953125,-177.49424743652344,-37.43809127807617,187.0344044111006,-177.5403891256785,-37.44554022441043,0.7662998726684044,0.36199282753150297,0.056813202836497656,3.4992765014427715e-05,17.535087751829163,30.842352029886847,5.305023677801629,0.24173440432111315,nan
238.41,186.26095581054688,-177.50010681152344,-37.43928527832031,187.02615268696326,-177.5463423788496,-37.44681179692072,0.7666293992833846,0.3620435147761307,0.05683212753172634,3.569790193829561e-05,17.48443962128062,30.94536670581669,nan,nan,nan
238.42000000000002,186.25238037109375,-177.5059814453125,-37.440452575683594,187.01789951106068,-177.55231496889826,-37.448339668355146,0.766960595659506,0.3620942888162787,0.056851116177838876,3.5001066624078513e-05,17.6228468410097,30.489791372451137,nan,0.05508024046194005,nan
238.43,186.24380493164062,-177.51177978515625,-37.44159698486328,187.0096490965448,-177.55826055873004,-37.449568424732135,0.7672947876034091,0.36214514995937686,0.05687016899101586,3.570654954335121e-05,17.567561538188933,31.54302786158623,nan,nan,nan
238.44,186.2352294921875,-177.5175018310547,-37.442718505859375,187.001417915424,-177.56412338719136,-37.44820140513751,0.7676251243821781,0.3621960981941974,0.05688928604697752,3.500938075480957e-05,16.588565735561392,30.07953476788771,nan,4.674033836128861,nan
238.45000000000002,186.2266387939453,-177.52313232421875,-37.44382095336914,186.983162423237,-177.56159303273526,-37.44935034929664,0.7575208261134259,0.3621280963808504,0.05688386362549897,3.569316824783839e-05,17.043641213074924,29.315189235225102,3.1459224816457905,nan,nan
238.46,186.2180633544922,-177.52865600585938,-37.44489669799805,186.97489211587484,-177.56725719507574,-37.451707679224995,0.7578431337224,0.36217882303725446,0.056902989636740245,3.499651434179034e-05,17.45448922583281,29.935707878854622,nan,1.0505964743129255,nan
238.47,186.20948791503906,-177.53407287597656,-37.445953369140625,186.96663095416878,-177.57281082094838,-37.452836999095055,0.7581646222586298,0.36222963669228936,0.05692218001804594,3.5701810326257235e-05,17.39806713579892,29.929032431533134,nan,nan,nan
238.48000000000002,186.20091247558594,-177.5393829345703,-37.446990966796875,186.95837353746066,-177.5782564541292,-37.453449288866295,0.7584854123206507,0.36228053736185395,0.05694143485635666,3.5004826911694363e-05,17.20440722225892,29.790340268044904,nan,0.17432160926462803,nan
238.49,186.1923370361328,-177.54458618164062,-37.44800567626953,186.95011314490404,-177.5835989253729,-37.45453372621403,0.7588077758128589,0.362331525312797,0.05696075435118026,3.571046605987345e-05,17.14830403958081,29.818445012053086,nan,nan,nan
238.5,186.1837615966797,-177.5496826171875,-37.448997497558594,186.96733152181804,-177.5996029716624,-37.45544177424727,0.7851849451398448,0.3622634563032948,0.056955285146302846,3.499197302207763e-05,17.107159410082897,30.635274339267877,5.797038035248425,0.015774130105767732,nan
238.51,186.17518615722656,-177.5546875,-37.449974060058594,186.95911254348476,-177.6047585679683,-37.45648620123216,0.7855508251551863,0.3623142224430995,0.056974612809917086,3.569708113191374e-05,17.052011458574334,30.054118099022045,nan,nan,nan
238.52,186.16661071777344,-177.55958557128906,-37.450927734375,186.95089836241297,-177.60981055284373,-37.45672209240027,0.7859155380136715,0.36236507551788905,0.056994005140396244,3.500028136310374e-05,16.76643971589233,30.14707870886921,nan,0.4406535953013128,nan
238.53,186.1580352783203,-177.5643768310547,-37.451866149902344,186.94267953977646,-177.61476705578363,-37.45772184039647,0.7862824434612954,0.3624160157718871,0.057013462327694595,3.570573631261385e-05,16.70995461425617,30.575514225928476,nan,nan,nan
238.54,186.1494598388672,-177.569091796875,-37.452781677246094,186.93446170418122,-177.61962609153642,-37.458517749406404,0.7866476631931612,0.3624670432548852,0.0570329844729672,3.500860330746785e-05,16.634453302169018,29.450242322940813,nan,0.02441459553091206,nan
238.55,186.14088439941406,-177.57369995117188,-37.45368194580078,186.88905966422092,-177.61040532393787,-37.45963328235938,0.7490987449365673,0.36239890704379235,0.05702746454554253,3.5692365381874885e-05,16.48904190550289,29.189450209900002,12.762989245244722,nan,nan
238.56,186.13230895996094,-177.57821655273438,-37.45456314086914,186.8807801722384,-177.61505486404826,-37.46038682057792,0.7493998479008962,0.36244971249305635,0.05704699405984591,3.499574730701726e-05,16.40971789135757,29.087163243816438,nan,0.026947851543255706,nan
238.57,186.1237335205078,-177.58265686035156,-37.45542526245117,186.87249932239706,-177.61961406665145,-37.461317095758304,0.7497004567666086,0.36250060502039927,0.05706658862820935,3.570101708016639e-05,16.35865601632679,28.31042556154839,nan,nan,nan
238.58,186.11514282226562,-177.5869903564453,-37.45627212524414,186.8642202306334,-177.62408255806864,-37.461816678392154,0.7500156913144347,0.3625515846942849,0.05708624835983407,3.5004069581739105e-05,16.209217571663096,29.01133801031033,nan,0.12123377692544526,nan
238.59,186.1065673828125,-177.59124755859375,-37.45710372924805,186.85593856369428,-177.62846505985806,-37.46271056991564,0.7503157640612285,0.36260265173097467,0.05710597343269696,3.570968336830392e-05,16.156690383619527,28.53614885838093,nan,nan,nan
238.6,186.09799194335938,-177.59542846679688,-37.457916259765625,186.8433529690111,-177.6352320243457,-37.464052861417194,0.7464482832949478,0.3625344481131526,0.05710039874370278,3.49912277436443e-05,15.867193379255468,28.172477387565156,1.7777784214913097,0.11010616842892768,nan
238.61,186.08941650390625,-177.59951782226562,-37.45871353149414,186.83506040486415,-177.63945816182488,-37.46492081726775,0.7467386344340973,0.36258529288276836,0.057120130363866026,3.5696311392721245e-05,15.816199651791475,28.55926320514932,nan,nan,nan
238.62,186.08082580566406,-177.60365295410156,-37.459598541259766,186.82676483711222,-177.64367039557342,-37.46638232261364,0.7470424713155399,0.36263622471453083,0.05713992734837161,3.499954739461789e-05,16.004955826681204,28.966205896059485,nan,0.21810772404027862,nan
238.63,186.07225036621094,-177.60784912109375,-37.460575103759766,186.81847117885874,-177.64793261430998,-37.46738379915501,0.7473276028557709,0.3626872438095072,0.05715978986850973,3.5704978725468335e-05,15.942183816850925,28.512901010320533,nan,nan,nan
238.64000000000001,186.0636749267578,-177.61209106445312,-37.461639404296875,186.81017675009755,-177.65224625037388,-37.468538905642,0.7476128773133194,0.3627383502589528,0.057179718043450595,3.5007881373733354e-05,15.95686458943997,28.80989896386374,nan,0.0029300972430192167,nan
238.65,186.05508422851562,-177.6163787841797,-37.462791442871094,186.7887675286637,-177.64390781565527,-37.46982148059012,0.7342332421788607,0.36267007917871735,0.05717408461635978,3.569162209291317e-05,16.75279487774465,28.602379196042726,7.783884972248246,nan,nan
238.66,186.0465087890625,-177.6207275390625,-37.464027404785156,186.78046344799608,-177.64827923788047,-37.46912668794509,0.7344893056858044,0.36272096313417246,0.05719401850282856,3.499503939542227e-05,16.065631090271868,27.480683820730054,nan,2.7239544142519287,nan
238.67000000000002,186.03793334960938,-177.62510681152344,-37.46534729003906,186.7721510067487,-177.6527053981471,-37.47046237863471,0.7347539820716213,0.3627719342539123,0.05721401811616825,3.570028726295233e-05,16.00801409352745,28.390373696192192,nan,nan,nan
238.68,186.0293426513672,-177.62954711914062,-37.46675109863281,186.76383802877055,-177.65718057378942,-37.47191810197036,0.7350331728338696,0.3628229926413816,0.05723408358102733,3.500337490893999e-05,15.99254436731725,27.618343439529383,nan,0.0008554664546542688,nan
238.69,186.02076721191406,-177.63404846191406,-37.468238830566406,186.75552500831694,-177.66170403598267,-37.47342365502505,0.7352963569585659,0.3628741384793728,0.057254215060525776,3.570896760936365e-05,15.938138572153662,27.037420743566724,nan,nan,nan
238.70000000000002,186.01217651367188,-177.63858032226562,-37.46980667114258,186.71552386350413,-177.64178240973916,-37.476148932570574,0.7033832327830027,0.3578353499354375,0.05323416124413495,3.499012924427417e-05,22.999165551766467,34.15111933907321,3.6532868462954156,0.9792901851828514,0.055245196340694545
238.71,186.00360107421875,-177.64315795898438,-37.471458435058594,186.70719234587733,-177.6463623123447,-37.47783111733056,0.7036274273462745,0.3578887077414282,0.053246417254427206,3.569518316637221e-05,22.92108501105795,34.28300767001916,nan,nan,nan
238.72,185.99501037597656,-177.6477813720703,-37.47319030761719,186.69886366807341,-177.65099197799455,-37.47968023267794,0.7038905340415309,0.35794215017346037,0.053258729465357854,3.4998477397677555e-05,22.921568155219042,34.18628532114768,nan,0.005157750238290869,nan
238.73000000000002,185.98643493652344,-177.6524658203125,-37.474998474121094,186.69053145161837,-177.65566412791344,-37.48152533439157,0.7041340296032625,0.35799568131987614,0.05327110226404376,3.5703880291001206e-05,22.847544082766067,33.531069370094606,nan,nan,nan
238.74,185.97784423828125,-177.6571807861328,-37.47688674926758,186.68220170585295,-177.66038426264026,-37.48352274204919,0.7043960113359141,0.35804929743348884,0.05328353163135808,3.500684012925525e-05,22.84738151701108,34.12005540900633,nan,0.0037227899145451096,nan
238.75,185.96926879882812,-177.6619415283203,-37.478851318359375,186.66461792380326,-177.66256884697046,-37.48552170443116,0.6953814012344057,0.3579780966146088,0.05327828903434005,3.5690554996276176e-05,22.638647099742297,34.01742491784739,0.701400754456565,nan,nan
238.76,185.96067810058594,-177.666748046875,-37.480892181396484,186.65631091037142,-177.66741523584966,-37.488703787194346,0.6956769885344132,0.3580314796599268,0.05329075609759337,3.499402829927793e-05,23.071312092216232,34.22354642333587,nan,0.8550408021716082,nan
238.77,185.9521026611328,-177.67160034179688,-37.48300552368164,186.6479639913157,-177.67226433677982,-37.49087320106186,0.6959061230371396,0.35808495122759715,0.053303283853652704,3.56992502679389e-05,22.99658060041038,34.22963418236145,nan,nan,nan
238.78,185.9435272216797,-177.67649841308594,-37.48515701293945,186.63956663398898,-177.67710515221816,-37.49168473140573,0.6960702857676162,0.3581385077774929,0.0533158686036602,3.500239279277577e-05,22.415686270094174,33.495964593169326,nan,1.4085317310815046,nan
238.79,185.9349365234375,-177.68142700195312,-37.487300872802734,186.63122020243438,-177.6820402642217,-37.49390912044564,0.6963153069299475,0.3581921530861073,0.053328514259463465,3.57079607932706e-05,22.356213512041254,33.917460101915665,nan,nan,nan
238.8,185.92636108398438,-177.68641662597656,-37.489418029785156,186.6384467833162,-177.6929559081669,-37.49762600553095,0.7121630264695714,0.35812085520598863,0.05332335223288176,3.498959608348891e-05,23.083251929685524,34.061412276236126,3.0692274128245507,1.9301252615399365,nan
238.81,185.9177703857422,-177.69142150878906,-37.49150466918945,186.63012695865038,-177.69798447891304,-37.49982318686964,0.712435370597746,0.3581742670983632,0.053336035058153056,3.569463600748415e-05,23.03074836610113,35.201280067969634,nan,nan,nan
238.82,185.90919494628906,-177.6964874267578,-37.493553161621094,186.62182113264296,-177.70306802246833,-37.50237979722749,0.7127112284883259,0.3582277639877389,0.05334877529232651,3.499795887975183e-05,23.254853844703824,34.56419087140328,nan,0.10923282150659515,nan
238.83,185.90061950683594,-177.7015838623047,-37.495567321777344,186.61350184681294,-177.70817857075997,-37.50451026327648,0.7129689313240445,0.35828134944255674,0.05336157654272009,3.570334841611348e-05,23.203930577673912,35.015616050611094,nan,nan,nan
238.84,185.89202880859375,-177.70672607421875,-37.49753952026367,186.60518295612857,-177.71332950296573,-37.506606298874296,0.7132423500407912,0.358335020235764,0.053374435562612906,3.500633634180107e-05,23.249322275525557,34.662061132393156,nan,7.559845145289774e-06,nan
238.85,185.88345336914062,-177.7119140625,-37.499473571777344,186.589422642483,-177.71118455550078,-37.50866543081042,0.706029487597004,0.35826362925569527,0.053369353602108566,3.5690039359943356e-05,23.905310781985655,34.33597178528991,4.5696962353622546,nan,nan
238.86,185.8748779296875,-177.71713256835938,-37.501365661621094,186.5810269989084,-177.71632512504917,-37.50882277785404,0.7061889042662546,0.3583170663884822,0.053382249395385495,3.499354010977488e-05,23.064023684186203,33.9479264398913,nan,2.4442832184798093,nan
238.87,185.8662872314453,-177.72238159179688,-37.50322341918945,186.57269449203608,-177.72156671127524,-37.51078481218585,0.7064481980369545,0.3583705918934463,0.05339520631829882,3.569874998153841e-05,23.013267117836484,34.147336212656015,nan,nan,nan
238.88,185.8577117919922,-177.72769165039062,-37.50504684448242,186.56427430912555,-177.72675966187376,-37.51005099031844,0.7065808522002124,0.35842420274989784,0.05340822141152849,3.500191936241508e-05,22.06650643309724,32.24228016663773,nan,4.994198822854246,nan
238.89000000000001,185.84913635253906,-177.73301696777344,-37.506832122802734,186.55594262989806,-177.732077659278,-37.5119146922155,0.7068251753625948,0.35847790221569475,0.05342129785530889,3.5707475857436004e-05,22.010664748985604,33.31499212151893,nan,nan,nan
238.9,185.84056091308594,-177.73838806152344,-37.50857925415039,186.58455906096444,-177.74943871563826,-37.51265649492779,0.7440913820864752,0.35840641529886186,0.05341628852431318,3.498913813454092e-05,22.156313155014537,33.385700924801654,11.015050034669146,0.8638351955656454,nan
238.91,185.8319854736328,-177.74380493164062,-37.510292053222656,186.57628853880553,-177.75484494363778,-37.514440654049814,0.7443964975597481,0.35845988075947705,0.053429401171893195,3.569416715021638e-05,22.10300714609413,32.90582305875963,nan,nan,nan
238.92000000000002,185.82339477539062,-177.74923706054688,-37.5119743347168,186.56800697666839,-177.76027673802724,-37.51583534771289,0.7447040433567814,0.35851343158253846,0.053442572379399644,3.499751559202895e-05,21.984241919779485,33.746229405236704,nan,0.08954703749355326,nan
238.93,185.8148193359375,-177.7547149658203,-37.51361846923828,186.55973723322813,-177.7657559175632,-37.5175498378274,0.745010088507714,0.3585670708233552,0.05345580505766229,3.5702894776491064e-05,21.929310606920556,33.3470223438583,nan,nan,nan
238.94,185.80624389648438,-177.76023864746094,-37.51523208618164,186.5515110524871,-177.77131260951492,-37.52059955749906,0.745368751827098,0.3586207957658913,0.053469096647894045,3.500590764132717e-05,22.25917977250819,33.17409397423073,nan,1.3199984596917227,nan
238.95000000000002,185.79766845703125,-177.7657928466797,-37.516815185546875,186.56463555928974,-177.78106377072325,-37.522367530923106,0.7671392087536051,0.3585492163564367,0.05346415860600351,3.56896015305534e-05,22.93879699045205,33.93505230862199,4.950739472881402,nan,nan
238.96,185.78909301757812,-177.77137756347656,-37.51836395263672,186.55639548294843,-177.78663862945845,-37.52383153599329,0.7674736920351182,0.35860270705044023,0.05347748594312419,3.499312652564319e-05,22.868835773514174,34.111178810274765,nan,0.020775843765451107,nan
238.97,185.780517578125,-177.77699279785156,-37.51988220214844,186.5481611745,-177.79225321412406,-37.52543511822238,0.767815346445531,0.35865628597227933,0.053490874874816345,3.569832712582973e-05,22.81736231635627,34.27298002220053,nan,nan,nan
238.98000000000002,185.77194213867188,-177.7826385498047,-37.5213737487793,186.53994075691364,-177.7979148437381,-37.52745063848782,0.7681745708926623,0.35870995060272715,0.05350432309310685,3.500152010621473e-05,22.94729902872356,34.56238946555512,nan,0.13770014644899156,nan
238.99,185.76336669921875,-177.788330078125,-37.522830963134766,186.5317073767625,-177.80359731725008,-37.528999787683794,0.7685171043999125,0.3587637037010379,0.053517833135663655,3.5707067833596124e-05,22.89857101310418,33.95498622519952,nan,nan,nan
239.0,185.75479125976562,-177.79405212402344,-37.524261474609375,186.52620376130068,-177.81081907735037,-37.52841860953659,0.7716058968276742,0.35869202946572576,0.05351295949982959,3.4988753621276025e-05,22.245811921858266,33.53870815360702,0.13709422886575515,3.118307155018246,nan
239.01,185.7462158203125,-177.7998046875,-37.52566146850586,186.51797638387634,-177.8165718599807,-37.529890687119384,0.7719542679689402,0.3587455479761513,0.053526504678817914,3.569377437241432e-05,22.193165893725848,33.631135673482135,nan,nan,nan
239.02,185.73765563964844,-177.8055877685547,-37.527034759521484,186.5097105702722,-177.8223202891073,-37.53000108899206,0.7722419259888972,0.35879915219861397,0.05354010950756206,3.49971450592763e-05,21.882606836220063,33.50237373355689,nan,1.2577487724302565,nan
239.03,185.7290802001953,-177.8114013671875,-37.52838134765625,186.5014844394028,-177.82813758144238,-37.53140605294714,0.7725914563696392,0.35885284470275913,0.05355377629171925,3.570251644776841e-05,21.82741498555024,33.434198277341984,nan,nan,nan
239.04,185.7205047607422,-177.81724548339844,-37.529701232910156,186.49329592897135,-177.83402123983484,-37.534074664999345,0.7729856031034764,0.358906623254458,0.053567503068674194,3.500555090143068e-05,22.057532302277135,33.732563796944596,nan,1.1742240932887804,nan
239.05,185.71192932128906,-177.82313537597656,-37.5309944152832,186.4709401325005,-177.83733862630734,-37.53523360693597,0.7591555272812371,0.3588348571442044,0.0535626917652522,3.568923796087078e-05,21.547752288859144,32.565318779304675,3.951407659235082,nan,nan
239.06,185.703369140625,-177.82904052734375,-37.53226089477539,186.46265987989247,-177.84322254308825,-37.53537317324832,0.759429550771638,0.3588884008639582,0.053576453162149096,3.4992783844955136e-05,21.259837793682333,33.168891566065966,nan,1.0127373585440556,nan
239.07,185.69479370117188,-177.83497619628906,-37.533504486083984,186.4544138867555,-177.84916828788542,-37.53667364546631,0.759759360180035,0.35894203268200386,0.05359027664931814,3.56979775487588e-05,21.204260065903846,32.99799522637721,nan,nan,nan
239.08,185.68621826171875,-177.8409423828125,-37.53472137451172,186.446209439441,-177.85518207153913,-37.5394394884131,0.7601392106380632,0.3589957505453696,0.05360416047738161,3.500119076344286e-05,21.499023278317146,33.28893572489245,nan,1.5660115767368885,nan
239.09,185.6776580810547,-177.84695434570312,-37.535911560058594,186.43796460903914,-177.86118764313142,-37.540707433723604,0.760454866284429,0.3590495567512955,0.053618106634399094,3.5706732011518356e-05,21.448848875010892,32.57060281800241,nan,nan,nan
239.1,185.66908264160156,-177.8529815673828,-37.53708267211914,186.3957833806437,-177.85489136139577,-37.54110979910191,0.7267144068953811,0.35897769690496006,0.053613351254640854,3.4988437797119064e-05,21.06607935282416,32.151132809391996,9.89669402508343,0.4352795896407791,nan
239.11,185.6605224609375,-177.85903930664062,-37.53822708129883,186.3874838944193,-177.86093653981047,-37.54232320193708,0.7269754490131584,0.3590312679465331,0.05362733138187974,3.569345248098061e-05,21.012673911529873,32.19636117757514,nan,nan,nan
239.12,185.65194702148438,-177.86505126953125,-37.53934860229492,186.3791845578498,-177.8669758677951,-37.54349744340175,0.727251917329804,0.3590849250269044,0.05364137218681773,3.4996842063064197e-05,20.96983389452411,32.329322703865884,nan,0.00020949932124017778,nan
239.13,185.6433868408203,-177.87098693847656,-37.54045104980469,186.37088645796473,-177.87295632288928,-37.54466718959771,0.7275144996871148,0.3591386702714956,0.0536554754627649,3.570220776769406e-05,20.908217988457274,32.255439717109596,nan,nan,nan
239.14000000000001,185.63482666015625,-177.8768310546875,-37.54153060913086,186.36257494528024,-177.8788357673127,-37.54526798541451,0.7277606429006098,0.35919250188562185,0.05366963975056136,3.500526047322955e-05,20.741447725051557,31.808076334153096,nan,0.21186186633811144,nan
239.15,185.62625122070312,-177.882568359375,-37.54258728027344,186.3716653053736,-177.88949909663734,-37.54630898259421,0.7454555947957472,0.3591205508000535,0.05366493759295375,3.568894259142191e-05,21.003222870867692,32.04788599537968,2.716071514272162,nan,nan
239.16,185.61769104003906,-177.88819885253906,-37.54362106323242,186.36335870018883,-177.89515056119916,-37.54588480081885,0.7457035001623488,0.35917414700411593,0.05367913527671543,3.499250605653996e-05,20.693831177260037,31.76289023156782,nan,1.6416316623107556,nan
239.17000000000002,185.609130859375,-177.89370727539062,-37.54463577270508,186.3550909196293,-177.9007272656865,-37.54694984652481,0.7459966800837678,0.35922783119750573,0.05369339557697017,3.5697694804639727e-05,20.62812605401513,32.30857888891401,nan,nan,nan
239.18,185.60055541992188,-177.8991241455078,-37.545631408691406,186.34682967144497,-177.90620052643072,-37.548251035216545,0.7463123984608895,0.3592816017473338,0.05370771721130992,3.5000924970727043e-05,20.608433298142245,31.340462183453553,nan,0.046150069110837334,nan
239.19,185.5919952392578,-177.9044189453125,-37.546607971191406,186.3385623183048,-177.9115603821212,-37.54928001768696,0.7466060162287284,0.3593354605358039,0.05372210170952603,3.570646159857322e-05,20.543931532099062,32.13485687595448,nan,nan,nan
239.20000000000002,185.58343505859375,-177.9096221923828,-37.54756546020508,186.32354672159377,-177.9188655403389,-37.551119655419946,0.7401779147567973,0.3592634167782055,0.05371744676019706,3.498818401097158e-05,20.02969496147371,31.405820502414524,2.5087956574669374,0.5357506504927861,nan
239.21,185.5748748779297,-177.91470336914062,-37.548500061035156,186.31526988168048,-177.92403144997357,-37.55211935230106,0.7404626080636533,0.35931703983208646,0.053731863966532595,3.569319440264559e-05,19.966885796282988,32.34288278167093,nan,nan,nan
239.22,185.56629943847656,-177.91969299316406,-37.54941940307617,186.30701821336697,-177.92911718732188,-37.55416801323244,0.740793944500825,0.3593707492246041,0.05374634281839675,3.49965996722695e-05,20.177964701104564,31.909118415425617,nan,0.8035386896207616,nan
239.23000000000002,185.5577392578125,-177.92459106445312,-37.55031967163086,186.29874095044372,-177.93408034557564,-37.5551433841392,0.7410781491454941,0.359424546686605,0.05376088468619007,3.570196138957423e-05,20.119649935115497,31.592281864009887,nan,nan,nan
239.24,185.54917907714844,-177.92938232421875,-37.55120086669922,186.29043633580122,-177.93892152563538,-37.55493617558327,0.7413280464150543,0.35947843081268754,0.0537754885252833,3.500502917956516e-05,19.799842579610676,31.771766735850502,nan,0.9587539117101345,nan
239.25,185.5406036376953,-177.93408203125,-37.552066802978516,186.29781310691166,-177.94534506979272,-37.55583905084165,0.7573026252179907,0.35940629647426986,0.05377087755753615,3.5688707864281935e-05,20.40661947603943,31.751782559045818,3.063264873145243,nan,nan
239.26,185.53204345703125,-177.93869018554688,-37.552913665771484,186.2895486051162,-177.95000025001795,-37.5562825138603,0.7575970670950368,0.3594599446179494,0.05378551347494182,3.499228579582586e-05,20.267501395147004,31.6481515357386,nan,0.15568752126848912,nan
239.27,185.5234832763672,-177.94320678710938,-37.553741455078125,186.28129442351886,-177.95457192249447,-37.55717482217499,0.7579041423948508,0.3595136806656852,0.05380021256320705,3.5697471129257704e-05,20.20899481217767,31.620766579214845,nan,nan,nan
239.28,185.51490783691406,-177.94776916503906,-37.55466079711914,186.272995315552,-177.95908316188726,-37.556085644223884,0.7581732400853993,0.3595675033527611,0.05381497392053462,3.50007151804753e-05,19.882460192338133,31.268917914303774,nan,2.877979500353203,nan
239.29,185.50634765625,-177.95237731933594,-37.55567169189453,186.264740267893,-177.9636794224359,-37.55708517305737,0.7584781400001939,0.35962141419859217,0.053829798704174134,3.570624865569344e-05,19.82524704482664,31.344089550128796,nan,nan,nan
239.3,185.49777221679688,-177.95703125,-37.556766510009766,186.25412667092576,-177.9668685923935,-37.55631907620695,0.7564185572703606,0.3595491882243153,0.053825226023800375,3.498798458673155e-05,19.83022719787093,31.19111977833457,0.21488678101248276,2.562824808361945,nan
239.31,185.4892120361328,-177.96173095703125,-37.55794906616211,186.24586683715924,-177.97155300922682,-37.55747751125042,0.7567186947536788,0.35960286277154774,0.05384008216059451,3.5692992079360106e-05,19.775882167503685,31.246840607192006,nan,nan,nan
239.32,185.4806365966797,-177.96646118164062,-37.5592155456543,186.23763522853307,-177.97630684609345,-37.560085771493284,0.7570631565658275,0.35965662392857906,0.053855000854131134,3.4996410084721946e-05,19.73539958137121,31.88229238325137,nan,1.3122244473844287,nan
239.33,185.47207641601562,-177.97125244140625,-37.56056594848633,186.2293746262718,-177.98108122367645,-37.56143051770328,0.7573624836880032,0.3597104730848611,0.05386998313452629,3.5701769138211585e-05,19.680261242923034,31.132207228826157,nan,nan,nan
239.34,185.4635009765625,-177.97608947753906,-37.5620002746582,186.22113417510906,-177.9859168903007,-37.56386353191265,0.757699223510933,0.35976440917098385,0.053885028289837524,3.500484911871785e-05,19.705209589647332,30.98692090174531,nan,0.7104614548783406,nan
239.35,185.45494079589844,-177.98095703125,-37.56351852416992,186.1833936332914,-177.986047117518,-37.56540779502063,0.7284730706267758,0.3596920932992209,0.053880490241206516,3.5688525538652263e-05,18.75826819213518,31.120916411914692,8.658078165462486,nan,nan
239.36,185.4463653564453,-177.9858856201172,-37.56511688232422,186.1750789576708,-177.9909567368736,-37.566671032217904,0.7287329032080657,0.3597457928367575,0.053895566066792966,3.499211510988506e-05,18.674057857958285,30.014770903266193,nan,0.08361426880271502,nan
239.37,185.43780517578125,-177.9908447265625,-37.56679916381836,186.16677087090142,-177.99591458611303,-37.56835678573766,0.7289849890936939,0.35979958021776914,0.053910705641946416,3.569729821624979e-05,18.61755886467303,30.669383031503074,nan,nan,nan
239.38,185.42922973632812,-177.99583435058594,-37.56855773925781,186.1584678896821,-178.00091859602568,-37.57038523119559,0.7292581666224865,0.3598534544921937,0.0539259083671466,3.500055338836126e-05,18.589049700472366,31.146364075439113,nan,0.048386275803458084,nan
239.39000000000001,185.420654296875,-178.00088500976562,-37.570396423339844,186.15015984671743,-178.00595989637628,-37.57223452094988,0.7295255172561407,0.35990741687015654,0.05394117510458325,3.570608483482323e-05,18.534935205279332,30.080100634167973,nan,nan,nan
239.4,185.41209411621094,-178.00596618652344,-37.57231140136719,186.1485928025573,-178.0129159636844,-37.57430320607899,0.7365341687107927,0.35983501037055515,0.053936666245153524,3.4987831512893434e-05,18.649513471472286,30.87840876911304,0.6256658145307108,0.03367635575321527,nan
239.41,185.4035186767578,-178.01109313964844,-37.574302673339844,186.14029560681112,-178.01803985523907,-37.576310428768736,0.7368124134392274,0.3598887358921312,0.05395196289101227,3.5692837166556906e-05,18.595542758578855,30.43610364640172,nan,nan,nan
239.42000000000002,185.39495849609375,-178.01625061035156,-37.57637023925781,186.13197454181497,-178.02318435172725,-37.577081581729935,0.7370490040886835,0.35994254826603583,0.05396732295279294,3.499626528005111e-05,18.441712143448566,30.915954557763463,nan,1.2184555443639715,nan
239.43,185.38638305664062,-178.02145385742188,-37.578514099121094,186.12367786357544,-178.028387808508,-37.57922977797099,0.7373277590101458,0.3599964485934462,0.053982747193997246,3.5701622670178286e-05,18.387996786191163,30.395988471896196,nan,nan,nan
239.44,185.37782287597656,-178.02670288085938,-37.5806884765625,186.11538131523977,-178.03363019128219,-37.58143147868477,0.7375913441806585,0.36005043654044055,0.05399823544987941,3.642128633553645e-05,18.33545914084085,30.121440370264953,nan,nan,nan
239.45000000000002,185.36924743652344,-178.031982421875,-37.582855224609375,186.11745125577715,-178.04582585102372,-37.583605534720576,0.7483322515044425,0.3599779408519779,0.0539937517824792,3.713157400340559e-05,17.985439046942926,30.61214007922689,2.5479015658498168,nan,nan
239.46,185.36068725585938,-178.03729248046875,-37.58499526977539,186.10919794796962,-178.05118381605948,-37.58722819813044,0.7486429131280745,0.36003169120318196,0.05400926890476157,3.634945499641828e-05,18.052367877611353,31.249366687122187,nan,1.325248303090384,nan
239.47,185.35211181640625,-178.0426483154297,-37.58710479736328,186.1009203064045,-178.05655981722114,-37.5894130489105,0.7489412611151585,0.36008552939625554,0.054024850396901546,3.708128932717388e-05,18.005749192902556,30.568614653578045,nan,nan,nan
239.48000000000002,185.3435516357422,-178.04803466796875,-37.589176177978516,186.09260397440184,-178.0619423366333,-37.58924780543055,0.7491814429293275,0.36013945467701797,0.054040495851189224,3.630188942946877e-05,17.807678030732625,30.864844804486285,nan,3.514954586287787,nan
239.49,185.33497619628906,-178.053466796875,-37.591209411621094,186.08432713723357,-178.06739204440996,-37.59133823908618,0.7494803278337914,0.3601934680617785,0.05405620594220469,3.7032438448733267e-05,17.755534768326417,30.189032586010782,nan,nan,nan
239.5,185.326416015625,-178.05892944335938,-37.59320068359375,186.05433345986262,-178.06345708109617,-37.59344199564109,0.727931565025454,0.36012088269741294,0.054051742199032894,3.6233096873927584e-05,17.82183637058652,30.242925648673644,8.224846458657531,0.0381213742594059,nan
239.51,185.31785583496094,-178.06443786621094,-37.59515380859375,186.04602114842695,-178.06895985272266,-37.595459179329524,0.7281794183773306,0.3601746586742243,0.05406748066708888,3.6961514722204746e-05,17.77045521275842,29.64935581311094,nan,nan,nan
239.52,185.3092803955078,-178.06996154785156,-37.597068786621094,186.03769446579287,-178.07448669616724,-37.59650800914436,0.728428341862052,0.3602285216920656,0.05408328334707889,3.6188379772991266e-05,17.72278555928117,30.48581299385799,nan,0.5710114965587526,nan
239.53,185.30072021484375,-178.07553100585938,-37.59894561767578,186.02938300580078,-178.08005989417077,-37.59844073476176,0.7286770400262275,0.36028247266738944,0.054099150832030325,3.6915659434252756e-05,17.667903354963332,30.027729762556064,nan,nan,nan
239.54,185.2921600341797,-178.08114624023438,-37.60078430175781,186.02108734081554,-178.08567924135815,-37.60133292868098,0.7289416077094847,0.36033651099606046,0.05411508283629653,3.614507704495264e-05,17.61776044066372,29.430368318590467,nan,0.6559544482825873,nan
239.55,185.28359985351562,-178.08677673339844,-37.60258865356445,186.00832339423079,-178.08771891454262,-37.60323130979064,0.7247244380997874,0.3602638372045303,0.054110634791789416,3.684796124552807e-05,17.828292298442427,30.22814817019838,0.7328811044589678,nan,nan
239.56,185.2750244140625,-178.0924530029297,-37.60435485839844,186.0000274158133,-178.0934000149124,-37.60654646521506,0.7250069327391248,0.3603176378738548,0.05412659439341809,3.608084287403239e-05,17.899060832556664,29.572732278089404,nan,1.4529248602879676,nan
239.57,185.26646423339844,-178.09815979003906,-37.60608673095703,185.99170969054916,-178.0990977616448,-37.608362173741305,0.7252496332631645,0.3603715263581799,0.05414261896943827,3.680513375963637e-05,17.854540518523812,29.79922450441207,nan,nan,nan
239.58,185.25790405273438,-178.10389709472656,-37.607784271240234,185.98338915525812,-178.10482620201705,-37.609920721001,0.7254888432235408,0.36042550214196706,0.05415870830361944,3.604045043974468e-05,17.788289497263523,29.865241528615712,nan,0.03320446793501873,nan
239.59,185.2493438720703,-178.1096649169922,-37.60944747924805,185.97507223234774,-178.11058968895316,-37.611667584110705,0.7257323452759615,0.3604795660086003,0.054174862885105805,3.676379987046834e-05,17.743397555882474,29.941582889030826,nan,nan,nan
239.6,185.24078369140625,-178.11546325683594,-37.61107635498047,185.93963652355743,-178.10455004850968,-37.61634591280663,0.6989579009935964,0.36040680350782683,0.054170425404053445,3.5979305147766026e-05,18.479082571187334,30.20515603426872,7.48026619946677,5.986670748065193,nan
239.61,185.2322235107422,-178.1212921142578,-37.612674713134766,185.9312748891857,-178.11035367039838,-37.61805788491588,0.6991576773491426,0.36046062942114465,0.05418660674781482,3.670087199461719e-05,18.444547872874015,30.175870190979367,nan,nan,nan
239.62,185.22366333007812,-178.12716674804688,-37.61424255371094,185.92288974270608,-178.1161718309796,-37.61800112316654,0.6993229519772837,0.36051454257542653,0.05420285308057419,3.5941820189048386e-05,17.997537698651215,28.994472323217224,nan,2.0194268621851346,nan
239.63,185.21510314941406,-178.133056640625,-37.61577606201172,185.91452870680055,-178.1220380837404,-37.61963404611202,0.6995229824405631,0.36056854367584007,0.05421916483289648,3.666257382306963e-05,17.958266796334485,29.792812885732637,nan,nan,nan
239.64000000000001,185.20654296875,-178.13897705078125,-37.617279052734375,185.9061574846356,-178.12792736909228,-37.62042607854355,0.6997088466460267,0.36062263232437564,0.054235541876324594,3.590576355826331e-05,17.776086251276798,29.600178512201037,nan,0.4406014250174354,nan
239.65,185.19798278808594,-178.1449432373047,-37.61875534057617,185.90357719929446,-178.14352243108632,-37.62199244280455,0.705603267176286,0.3605497821404427,0.054231110521341296,3.6602832878430855e-05,16.918924581091417,28.759990646806642,6.366778056498144,nan,nan
239.66,185.18942260742188,-178.1509246826172,-37.62019729614258,185.89522978612985,-178.14951412385224,-37.623529243212765,0.7058164528140541,0.3606036328274507,0.05424751361940136,3.733633196063376e-05,16.87809355554157,29.58887065110263,nan,nan,nan
239.67000000000002,185.1808624267578,-178.1569366455078,-37.621612548828125,185.88688286043438,-178.15553539185282,-37.62503803054039,0.7060301340634263,0.36065757108211505,0.054263982191918934,3.80843830883172e-05,16.837244948689673,29.435711921396273,nan,nan,nan
239.68,185.17230224609375,-178.16297912597656,-37.62300109863281,185.8785326600359,-178.16158335577015,-37.62620962374558,0.7062390816039217,0.3607115968010393,0.05428051626790396,3.723973428682501e-05,16.754301287499473,29.249004785226553,nan,0.05968315308822611,nan
239.69,185.1637420654297,-178.16905212402344,-37.62436294555664,185.87018694890827,-178.167662870472,-37.627661089787,0.7064539483744584,0.36076571062457335,0.05429711622267261,3.798529823276845e-05,16.713314557729174,29.090273314767856,nan,nan,nan
239.70000000000002,185.15518188476562,-178.17515563964844,-37.625694274902344,185.87428948517677,-178.16462221312048,-37.629772120554314,0.7191963034308939,0.3606704721187199,0.053088071824743996,3.71223796522183e-05,25.317992276131438,36.85109123573651,5.823795965559407,0.36244962168676237,0.02493172395420804
239.71,185.14663696289062,-178.18128967285156,-37.62699890136719,185.86596578713292,-178.17072272716905,-37.63117737967897,0.71941856899017,0.3607241357452944,0.05310045712263936,3.786464229430962e-05,25.25923248870235,36.85008349980294,nan,nan,nan
239.72,185.13807678222656,-178.18743896484375,-37.62828063964844,185.85764264852074,-178.1768510344373,-37.63255709469046,0.7196564654567519,0.360777885985275,0.05311290078572589,3.8621531400066456e-05,25.19877023227459,37.1833737178182,nan,nan,nan
239.73000000000002,185.1295166015625,-178.19363403320312,-37.62953567504883,185.8493201211542,-178.18300685950112,-37.6339118020306,0.7198952660803111,0.3608317229831619,0.05312540295850379,3.939319146968881e-05,25.1417286851842,36.256290539545866,nan,nan,nan
239.74,185.1209716796875,-178.19984436035156,-37.63076400756836,185.8410021252745,-178.18920264428613,-37.63570894391237,0.7201260591649892,0.36088564676164164,0.053137962473692714,3.846263403252874e-05,25.21885923568734,37.13592057962716,nan,0.12687430225895613,nan
239.75,185.11241149902344,-178.20608520507812,-37.6319694519043,185.79922201311064,-178.18816298857556,-37.63683793162661,0.6870615621615679,0.3608132399445705,0.05313265470737939,3.9204133463813046e-05,24.179386030491465,36.066643781167215,11.855956234048403,nan,nan
239.76,185.10386657714844,-178.21234130859375,-37.63315200805664,185.79085904713435,-178.19444004794244,-37.63941375207649,0.6872541876106814,0.36086692795257397,0.053145251227751496,3.828460336947937e-05,24.52440846013623,37.18201107359358,nan,0.980676288186968,nan
239.77,185.09530639648438,-178.2186279296875,-37.634307861328125,185.78248620012226,-178.20070848697804,-37.640687962487284,0.6874430119258079,0.36092070274213467,0.05315790775539685,3.904726710388309e-05,24.47004496588892,36.7648092490799,nan,nan,nan
239.78,185.08676147460938,-178.22494506835938,-37.63544464111328,185.7741187838736,-178.20701892500585,-37.6425576137336,0.6876278147326423,0.36097456424326135,0.05317062203766581,3.813717963524039e-05,24.68150004692973,36.85861371981498,nan,0.22609777870858425,nan
239.79,185.0782012939453,-178.23121643066406,-37.63655471801758,185.7657472141096,-178.21330549615473,-37.64379378690418,0.6878172708124681,0.36102851280460496,0.05318339654665697,3.8896178752509134e-05,24.624459751438984,36.93884856934021,nan,nan,nan
239.8,185.0696563720703,-178.23741149902344,-37.63764572143555,185.75652500662912,-178.22531439210326,-37.643397594655056,0.6869992323009176,0.3609560203532225,0.05317816849566266,3.797093668840231e-05,23.135492663075404,36.15983833270892,6.507047173169713,1.3831522111225247,nan
239.81,185.06109619140625,-178.24349975585938,-37.63871383666992,185.74815631417928,-178.23147693852496,-37.64457469589772,0.6871903012357204,0.3610097328625637,0.05319097948816487,3.872552055291293e-05,23.068520747397297,36.19387943323395,nan,nan,nan
239.82,185.05255126953125,-178.24948120117188,-37.6397590637207,185.73979196435923,-178.23754690734407,-37.64627454737924,0.6873751897792896,0.361063532011163,0.05320384862986843,3.783452203000712e-05,23.220106000467162,36.39562215024446,nan,0.17772981193474544,nan
239.83,185.04400634765625,-178.25535583496094,-37.640785217285156,185.73142422499836,-178.24349131807398,-37.64741634236769,0.687552235594037,0.36111741811329046,0.05321677812822146,3.858586819326255e-05,23.155290506701455,35.93648139932522,nan,nan,nan
239.84,185.03546142578125,-178.2611083984375,-37.64179229736328,185.72308159170788,-178.24941039012802,-37.65217804360904,0.6877980806257445,0.36117139115187397,0.05322976612501649,3.7703343796449325e-05,24.793169504914015,37.97977274882817,nan,8.035820450302444,nan
239.85,185.0269012451172,-178.26673889160156,-37.64277648925781,185.70750213850943,-178.2523520783014,-37.65339964814721,0.6808358157353621,0.3610988136108017,0.053224615867343,3.8426891166998914e-05,24.81626064904833,38.22596283976797,0.7404612217750162,nan,nan
239.86,185.0183563232422,-178.27227783203125,-37.643741607666016,185.69910782929134,-178.2578972224907,-37.65219757278068,0.6809558856966887,0.3611525503333485,0.053237639935920955,3.7553665527621245e-05,23.70254533309202,36.25276891041188,nan,3.3007861263720004,nan
239.87,185.0098114013672,-178.27769470214844,-37.64468765258789,185.6907286341726,-178.26338642894694,-37.65327753658857,0.6811217150557715,0.3612063739046275,0.053250724499756076,3.829816595975184e-05,23.64270559106313,36.84334890090836,nan,nan,nan
239.88,185.0012664794922,-178.2830047607422,-37.64561462402344,185.68234973406643,-178.2687681588845,-37.654402657831476,0.6812887126850949,0.36126028433593205,0.053263867934400196,3.7432804762935995e-05,23.6973767483127,36.848384127703085,nan,0.0024524023605807816,nan
239.89000000000001,184.99270629882812,-178.2882080078125,-37.64652633666992,185.6739701879081,-178.27404156282057,-37.655447712928094,0.681469563283964,0.3613142818979237,0.053277072098948844,3.817463193838267e-05,23.63843519628647,36.57708109187127,nan,nan,nan
239.9,184.98416137695312,-178.29330444335938,-37.64741516113281,185.66659082584027,-178.27015913666037,-37.65787195675503,0.6829018981561652,0.36124161947526046,0.053271993558352604,3.7293606962886436e-05,25.90684737716132,37.87827603950221,13.731633259279146,1.284013148844361,nan
239.91,184.97561645507812,-178.29830932617188,-37.64828872680664,185.658208200193,-178.27517989204978,-37.658896336839824,0.6830658698927926,0.361295380445377,0.05328523323806788,3.803200126926317e-05,25.854959841343696,37.29064813992483,nan,nan,nan
239.92000000000002,184.96705627441406,-178.30320739746094,-37.649147033691406,185.64982012075336,-178.28007959265952,-37.65896554184254,0.6832260009142508,0.3613492281965739,0.05329853214601707,3.7182580671662376e-05,25.410741211497147,36.95024731439233,nan,0.5500532504906139,nan
239.93,184.95851135253906,-178.30813598632812,-37.650089263916016,185.64143712455905,-178.28497089487044,-37.66000128841868,0.6833904299747521,0.3614031629762969,0.0533118919353665,3.7918646585754995e-05,25.339071961719583,37.835753693716164,nan,nan,nan
239.94,184.94996643066406,-178.31312561035156,-37.651123046875,185.63306460253267,-178.28994644510206,-37.66311735324718,0.6835965546265188,0.36145718483159556,0.053325311288778376,3.707622837030751e-05,26.561284983690825,38.05238106549791,nan,2.487696750926888,nan
239.95000000000002,184.94140625,-178.31814575195312,-37.652244567871094,185.62375298134057,-178.29132803401487,-37.66442667869813,0.6829821780916263,0.3613844379996848,0.053320301839850884,3.778630621666408e-05,27.087841083127966,38.447355133752716,1.8899450585283109,nan,nan
239.96,184.932861328125,-178.32321166992188,-37.65345001220703,185.61536559006672,-178.29632615241343,-37.66562655830122,0.6831421278878119,0.361438222999507,0.05333375623210905,3.6951665666383674e-05,27.105742214080465,38.52816712609745,nan,0.009586002105936416,nan
239.97,184.92430114746094,-178.3283233642578,-37.65474319458008,185.60697849392722,-178.3013675883788,-37.66703497923282,0.6833198820475127,0.36149209492691087,0.053347271663520913,3.7682617166995836e-05,27.037401106295462,37.950886825933594,nan,nan,nan
239.98000000000002,184.91575622558594,-178.33346557617188,-37.6561164855957,185.59857869021076,-178.3063979975473,-37.665940662070604,0.6834293573240191,0.36154605384783006,0.05336084699776338,3.6854440836457063e-05,25.57904881690989,37.29219949161139,nan,4.256993456423388,nan
239.99,184.90719604492188,-178.33865356445312,-37.65757369995117,185.5901913152503,-178.3115197180386,-37.667493688023875,0.683606020362328,0.36160009998066556,0.05337448361808441,3.758351599543766e-05,25.51289826820138,36.71672169970652,nan,nan,nan
240.0,184.89865112304688,-178.34388732910156,-37.659114837646484,185.60117948281865,-178.3213805121771,-37.668710967282706,0.702954293532438,0.3615272690077497,0.05336953758772082,3.673906006158003e-05,25.83979718373606,36.68020170462799,3.209022390600273,0.09393144977037596,nan
240.01,184.8900909423828,-178.34915161132812,-37.660736083984375,185.59282258397457,-178.32658013582602,-37.67042577181695,0.7031608078177255,0.3615810780141029,0.05338320865344874,3.746548677886157e-05,25.774258534871922,36.85881923576721,nan,nan,nan
240.02,184.8815460205078,-178.3544464111328,-37.66244125366211,185.5844661690537,-178.33182087128463,-37.672377779027784,0.7033543806798632,0.36163497392996186,0.05339693994798261,3.665048042874064e-05,25.89505157387954,37.495206590145635,nan,0.015540194512794998,nan
240.03,184.87298583984375,-178.3597869873047,-37.664222717285156,185.57610893929998,-178.33709642169083,-37.6742567422006,0.7035606842432449,0.36168895695853626,0.053410732696023415,3.7375305968521244e-05,25.830084147450584,36.915619438812435,nan,nan,nan
240.04,184.86444091796875,-178.36517333984375,-37.666080474853516,185.5677593979221,-178.3424439254215,-37.6781274016303,0.7037887743979857,0.3617430271891714,0.05342458599785122,3.656600465932624e-05,27.040883174337765,37.980509758152586,nan,2.3602172034377986,nan
240.05,184.8558807373047,-178.37057495117188,-37.66801834106445,185.52870095611067,-178.33646622054718,-37.68008397632204,0.6737922765163795,0.3616701124994851,0.05341970020100229,3.726621264053273e-05,26.83481486975201,38.284862886828726,8.432004583029588,nan,nan
240.06,184.8473358154297,-178.37603759765625,-37.6700325012207,185.52029170971096,-178.34182851224665,-37.68187889558634,0.6739289534008279,0.3617239453411024,0.053433587411383335,3.64633624226691e-05,26.71335011681592,37.21600244516954,nan,0.07406500356195937,nan
240.07,184.83877563476562,-178.3815155029297,-37.672122955322266,185.5118839611688,-178.34723274842193,-37.6840853511717,0.6740869567380531,0.3617778651969525,0.0534475362470204,3.718444959955864e-05,26.64717318446522,37.91826675589378,nan,nan,nan
240.08,184.83023071289062,-178.3870391845703,-37.674285888671875,185.50346937266283,-178.35263925238178,-37.68439847018441,0.6741927859680084,0.3618318721684846,0.05346154594662449,3.638683425777487e-05,25.544273366272947,36.59651065561929,nan,2.5306038880066812,nan
240.09,184.82168579101562,-178.39259338378906,-37.67647933959961,185.4950621236836,-178.3581139473871,-37.68671471849752,0.6743361772240509,0.36188596644028515,0.05347561752834123,3.7106676986199894e-05,25.491616461261465,36.719780712502754,nan,nan,nan
240.1,184.81312561035156,-178.39817810058594,-37.67866134643555,185.5161556342325,-178.3716993772268,-37.689410333467265,0.7036106011075693,0.3618129683415878,0.05347078658868689,3.629211789299324e-05,26.3806406918565,37.49935547087218,7.266861775039885,0.050963716149770785,nan
240.11,184.80458068847656,-178.40380859375,-37.68082046508789,185.5077964001522,-178.37724729745128,-37.691726950564544,0.7038016702409686,0.36186682495757094,0.0534848914475232,3.7009929820861756e-05,26.347729883335,37.03243948148286,nan,nan,nan
240.12,184.7960205078125,-178.4094696044922,-37.68294906616211,185.49942968259325,-178.38279020480383,-37.69154677583209,0.7039674553166713,0.36192076860132816,0.05349905746946102,3.622306935078023e-05,25.111617167590637,35.708923854554826,nan,4.01037508478891,nan
240.13,184.7874755859375,-178.4151611328125,-37.685035705566406,185.49107112090581,-178.38840569401398,-37.693775677644425,0.7041583042502411,0.3619747994479547,0.05351328555234106,3.6939853150381416e-05,25.07479864665727,36.100057324496554,nan,nan,nan
240.14000000000001,184.7789306640625,-178.42088317871094,-37.68708419799805,185.48271086952778,-178.39404357751008,-37.695255540781254,0.7043392028279072,0.3620289176135368,0.05352757511453726,3.6157565716792563e-05,24.78933487168656,35.91129682982093,nan,0.334344659654563,nan
240.15,184.7703857421875,-178.4266357421875,-37.689090728759766,185.46588390597003,-178.3928818948891,-37.69753095108518,0.6963679023226298,0.3619558364992509,0.053522795405775404,3.685075173456429e-05,25.38735775265144,36.10861825101766,3.7163062461152507,nan,nan
240.16,184.76182556152344,-178.43243408203125,-37.69105911254883,185.45751059578026,-178.39856849802817,-37.69930606610632,0.6965576479457893,0.36200971674801596,0.05353711765131011,3.607376878151682e-05,25.27895991747868,35.13491388745662,nan,0.07441546721101268,nan
240.17000000000002,184.75328063964844,-178.43824768066406,-37.692989349365234,185.4491386172085,-178.4042918741475,-37.701374572272,0.6967364162244951,0.36206368410260065,0.053551502139363154,3.678789099979373e-05,25.24094770065602,36.06995453949896,nan,nan,nan
240.18,184.74473571777344,-178.44410705566406,-37.694881439208984,185.44076635617046,-178.4100436123164,-37.70316870416843,0.6969129404169285,0.3621177386864195,0.053565948392416234,3.601507462283673e-05,25.174938690554395,35.34369793295429,nan,0.03736541461278044,nan
240.19,184.73619079589844,-178.44998168945312,-37.69673538208008,185.4323950859413,-178.41583003898572,-37.705160211712844,0.6970923371104203,0.3621718806632886,0.05358045715285962,3.672844518897074e-05,25.136541321030403,36.06475475700419,nan,nan,nan
240.20000000000002,184.72763061523438,-178.45590209960938,-37.698551177978516,185.3738881976998,-178.409478447193,-37.70621522999149,0.6479681752146516,0.3620987168660304,0.053575723511887656,3.5938014319123504e-05,23.694904213909158,34.17581070582085,21.74840278804651,0.3710882495425434,nan
240.21,184.71908569335938,-178.4618377685547,-37.70033264160156,185.3654377555477,-178.41532537349295,-37.70812422422524,0.6480702893585422,0.3621526206630282,0.05359026428560254,3.664983212414752e-05,23.652250446238284,35.08084881207355,nan,nan,nan
240.22,184.71054077148438,-178.4678192138672,-37.70207977294922,185.356983728824,-178.42117832407607,-37.70815504335622,0.6481518175589839,0.3622066115983224,0.05360486710040026,3.588568600109016e-05,22.962057981761237,33.61930344354191,nan,2.2799546084511233,nan
240.23000000000002,184.70199584960938,-178.47381591796875,-37.70378875732422,185.34853403125035,-178.42708499891262,-37.70997698747565,0.6482543430690297,0.3622606898302109,0.053619532609117226,3.65969192113433e-05,22.91576680016529,34.323017863200995,nan,nan,nan
240.24,184.69345092773438,-178.47984313964844,-37.705467224121094,185.34008678336755,-178.4330334683463,-37.712760185431506,0.6483689246120153,0.3623148554906265,0.053634260468081084,3.583636879487353e-05,23.28974723901837,34.57370852546682,nan,0.6658494235568051,nan
240.25,184.68490600585938,-178.4859161376953,-37.70710754394531,185.31688744056663,-178.4404156575687,-37.71448964507302,0.6336602582799822,0.36224160938519767,0.05362956892502989,3.652474624895445e-05,22.253958669746797,33.56503950705194,5.843136077611566,nan,nan
240.26,184.67636108398438,-178.49200439453125,-37.70872116088867,185.30841570541062,-178.4464208874301,-37.715346912031855,0.6337308586175459,0.36229553660662855,0.05364432814982408,3.576851897514109e-05,21.925480751303976,33.77877475730411,nan,0.517512676164833,nan
240.27,184.66781616210938,-178.4981231689453,-37.710296630859375,185.2999460346704,-178.45246485030222,-37.71703968927288,0.6338125327587786,0.3623495510282744,0.053659150256516304,3.647791733390868e-05,21.881318028118567,33.73003609655528,nan,nan,nan
240.28,184.65927124023438,-178.50425720214844,-37.71184539794922,185.2914730932451,-178.45850858608338,-37.71625315561155,0.6338702920548152,0.36240365278611,0.0536740349780375,3.572493842330603e-05,21.113790619409833,33.519554897903475,nan,4.060516572228737,nan
240.29,184.65072631835938,-178.51043701171875,-37.71335983276367,185.28300466471475,-178.46460831719392,-37.71786106966793,0.6339530247939584,0.3624578420322093,0.053688982852755265,3.64339617577159e-05,21.063929235501366,32.61934243036453,nan,nan,nan
240.3,184.64218139648438,-178.51663208007812,-37.714847564697266,185.26494744594166,-178.46252551192723,-37.72011746892038,0.6251342615504447,0.3623845139658536,0.053684328392757025,3.5662720921747794e-05,21.888369923797402,33.37323185090446,4.31344274562992,0.2543080554251932,nan
240.31,184.63363647460938,-178.52285766601562,-37.71630096435547,185.2564628404806,-178.46865269971016,-37.721674166180726,0.6252037521435563,0.36243846451331974,0.05369930692437385,3.637055376772062e-05,21.84110926670821,33.23351635982131,nan,nan,nan
240.32,184.62510681152344,-178.52911376953125,-37.71772766113281,185.24797708323962,-178.47479316414686,-37.721951655667674,0.6252487070653935,0.3624925023036552,0.05371434832701014,3.562446527435822e-05,21.485690135984395,32.93551550307249,nan,1.065710943250836,nan
240.33,184.61656188964844,-178.535400390625,-37.7191276550293,185.23949332620228,-178.4809730478204,-37.72343996959679,0.6253195234028197,0.36254662748610655,0.05372945307400925,3.633204937038786e-05,21.43586749451077,32.35705733895428,nan,nan,nan
240.34,184.60801696777344,-178.5417022705078,-37.720497131347656,185.23100968271257,-178.4871762242294,-37.724644150840525,0.6253880478236368,0.3626008402010207,0.05374462099557321,3.558872261108962e-05,21.3451369937271,32.82980782632381,nan,0.045063826165898144,nan
240.35,184.59947204589844,-178.54803466796875,-37.721839904785156,185.19379258170665,-178.48033643143998,-37.726110620505565,0.5981790614232712,0.36252743053831277,0.05373999938572014,3.6273975218530106e-05,21.595257034903707,32.61747812202497,8.941754078896553,nan,nan
240.36,184.5909423828125,-178.55438232421875,-37.72315979003906,185.1852614935595,-178.48655669226403,-37.72661124076706,0.5981867887719378,0.36258140429762753,0.053755197266087004,3.553414115220466e-05,21.364602699239633,33.12723982099515,nan,0.562334190683678,nan
240.37,184.5823974609375,-178.56076049804688,-37.724449157714844,185.17673184715778,-178.49281083762256,-37.727983658238294,0.5982165257576643,0.3626354653527862,0.05377045868235552,3.624051048052804e-05,21.31277844779756,32.564599996433635,nan,nan,nan
240.38,184.5738525390625,-178.56716918945312,-37.725711822509766,185.1682015356088,-178.49907658965947,-37.72790841539026,0.5982408853150524,0.36268961384599485,0.05378578351951647,3.5503145201279096e-05,21.04364181018145,32.04536745802302,nan,1.388056746956881,nan
240.39000000000001,184.56532287597656,-178.5736083984375,-37.726951599121094,185.1596728069854,-178.50537982357721,-37.729217295154406,0.5982575635094014,0.3627438499236356,0.053801172168973704,3.6209420279103645e-05,20.98937855568925,31.98932287034444,nan,nan,nan
240.4,184.55677795410156,-178.58004760742188,-37.72816848754883,185.12599352800115,-178.51001687656807,-37.73192842203608,0.5735196683123416,0.36267035901950323,0.053796578492997064,3.545318991545188e-05,20.118741236694508,32.84793853869487,8.51440252899576,1.3423604913154135,nan
240.41,184.54824829101562,-178.58653259277344,-37.7293586730957,185.11742717232917,-178.5163863546829,-37.73320404786571,0.5734979342235824,0.3627243558850525,0.05381199635355273,3.615854195826685e-05,20.068067154068395,32.11075584168612,nan,nan,nan
240.42000000000002,184.53970336914062,-178.59303283691406,-37.73052215576172,185.10886110074085,-178.52277328429582,-37.73372304799106,0.5734868558960147,0.36277844009342836,0.053827477873957,3.5426566256498386e-05,19.88735483891982,32.03125610862039,nan,0.3705542560976004,nan
240.43,184.5311737060547,-178.5995635986328,-37.731666564941406,185.1002959581672,-178.52918965401594,-37.73494561761014,0.5734661124399344,0.3628326117899306,0.05384302339991025,3.6131917040069495e-05,19.835101599165107,31.897937685942622,nan,nan,nan
240.44,184.52264404296875,-178.60610961914062,-37.7327880859375,185.09173074285562,-178.53561822607026,-37.73477514498693,0.5734393227611727,0.36288687111844636,0.05385863288484174,3.540200078653751e-05,19.58758019364389,32.023177323869646,nan,1.2965455999888094,nan
240.45000000000002,184.51409912109375,-178.61260986328125,-37.73388671875,185.15647160337977,-178.56678801039942,-37.73592702311598,0.6440079277786369,0.3628132993328171,0.053854062712934345,3.608537608024838e-05,20.131298888352696,32.02173263696428,43.22978270580311,nan,nan
240.46,184.5055694580078,-178.61903381347656,-37.734962463378906,185.1480280251574,-178.57319252122136,-37.737425339361614,0.6440966544996459,0.3628673191946151,0.0538697006630058,3.535825888069573e-05,20.120140054308177,31.91161188405396,nan,0.08690459808056286,nan
240.47,184.49703979492188,-178.62535095214844,-37.736019134521484,185.13958495531048,-178.57949981729953,-37.738551937690794,0.6441839991785329,0.36292142644796466,0.0538854028113546,3.606284660460048e-05,20.057737203601224,31.890984199980508,nan,nan,nan
240.48000000000002,184.48851013183594,-178.63156127929688,-37.73705291748047,185.1311424140848,-178.585699687134,-37.739953963969654,0.6442731966292079,0.3629756212372373,0.053901169149156186,3.533754547919449e-05,20.04988057268044,31.569508818797026,nan,0.060531710229316464,nan
240.49,184.47996520996094,-178.6376495361328,-37.73806381225586,185.12270006777405,-178.59178150560936,-37.741043529733226,0.6443763282340408,0.36302990370698474,0.05391699996560714,3.604224183308929e-05,19.99014645842242,31.507432724982696,nan,nan,nan
240.5,184.471435546875,-178.64361572265625,-37.73905944824219,185.12690416583158,-178.59885702347685,-37.74212633833847,0.6570021745808267,0.3629562513979482,0.05391244844323001,3.529753059555584e-05,20.504234486734475,31.97298840724676,3.3555608921144717,0.01959158849036629,nan
240.51,184.46290588378906,-178.6494598388672,-37.74003219604492,185.11848204790056,-178.60469501632053,-37.74317939482209,0.6571102655939238,0.3630102941474619,0.053928306938696546,3.6001494919950796e-05,20.443870694232906,32.23260493968458,nan,nan,nan
240.52,184.45437622070312,-178.6551971435547,-37.74098587036133,185.11006019174,-178.61040602612655,-37.74253824126813,0.6572139103294797,0.36306442433612357,0.05394422984758072,3.528033568794802e-05,20.16953209632979,31.530018886399365,nan,1.9512389445443232,nan
240.53,184.4458465576172,-178.6608123779297,-37.741920471191406,185.10163820034842,-178.61601292442487,-37.743538315368,0.657322057389098,0.3631186421084607,0.053960217428327024,3.5984474948082056e-05,20.105705918267468,31.894421151413894,nan,nan,nan
240.54,184.4373016357422,-178.66632080078125,-37.742835998535156,185.09321614914666,-178.6215034825187,-37.743896454441426,0.6574447242754298,0.3631729476088931,0.05397626971821558,3.526479259652977e-05,19.998365187511308,31.32146669322616,nan,0.2707326531403292,nan
240.55,184.42877197265625,-178.67172241210938,-37.743736267089844,185.0671129279629,-178.6219460632073,-37.74485708678446,0.640279717286615,0.3630992151352444,0.05397173227265904,3.594718485260485e-05,19.713270145898438,31.205778147195666,2.442724137310762,nan,nan
240.56,184.4202423095703,-178.67701721191406,-37.74461364746094,185.05866225006994,-178.62720291164302,-37.74319543627721,0.6403620040742635,0.3631532806632972,0.05398781145035505,3.522973083910883e-05,19.66914261206044,31.27315432516896,nan,4.72128989431331,nan
240.57,184.41171264648438,-178.6822052001953,-37.745479583740234,185.0502103050288,-178.63236800905764,-37.74409423987416,0.6404411953995707,0.36320743367785463,0.05400395549185838,3.5933423947891884e-05,19.59932505987702,31.173815569202294,nan,nan,nan
240.58,184.40316772460938,-178.6874237060547,-37.746429443359375,185.04175773690685,-178.63750060064035,-37.74513171245062,0.6405397757874259,0.3632616743230274,0.05402016445914968,3.52172480890601e-05,19.536693888754908,31.4196857542679,nan,0.0072677196153225045,nan
240.59,184.39463806152344,-178.69268798828125,-37.74747085571289,185.0333046832014,-178.64267154884132,-37.74615738428018,0.6406234643431382,0.36331600274381715,0.05403643857365934,3.592119058632533e-05,19.48008556800256,31.243094809105425,nan,nan,nan
240.6,184.3861083984375,-178.697998046875,-37.74859619140625,185.00528514408097,-178.64118570379517,-37.74933086954071,0.6217781151052373,0.36324219046404455,0.05403191038587498,3.518512575053181e-05,19.30546110085859,30.85517190011351,3.1043296676712435,2.9320525519253064,nan
240.61,184.3775634765625,-178.70333862304688,-37.74980926513672,184.99679920861692,-178.64642367505266,-37.750553091816336,0.6218462482288427,0.3632962786617869,0.05404821056422129,3.5888466774993575e-05,19.249651690788337,30.863274884710098,nan,nan,nan
240.62,184.36903381347656,-178.70870971679688,-37.75110626220703,184.9883135179557,-178.65169433592342,-37.75075711864578,0.6218988888373598,0.36335045439207003,0.05406457587921624,3.5175412295556265e-05,19.1802685076936,31.488948155676574,nan,0.8528800538034119,nan
240.63,184.36050415039062,-178.71412658691406,-37.75248718261719,184.97982696170294,-178.65700695071223,-37.75214026479955,0.6219513789707294,0.3634047178004418,0.054081006532840946,3.5879048074460584e-05,19.12399616888224,31.023374237057016,nan,nan,nan
240.64000000000001,184.35195922851562,-178.71957397460938,-37.75395202636719,184.97133998516003,-178.66235704089544,-37.75386416346611,0.6220179313531948,0.36345906903017955,0.054097502616277895,3.516699538313052e-05,19.06485589717545,30.963370102787326,nan,0.045922465512260965,nan
240.65,184.3434295654297,-178.72506713867188,-37.75550079345703,184.96045412046374,-178.6732187527975,-37.75536387006165,0.6191991403262445,0.36338517730397313,0.054092979014402694,3.584901845647858e-05,18.25770188508049,30.563695962444438,3.7634701468640923,nan,nan
240.66,184.3348846435547,-178.7305908203125,-37.75712585449219,184.9519647774429,-178.6786648124936,-37.75707371183075,0.6192610149576313,0.3634392880610979,0.054109500327672595,3.5138732539489084e-05,18.201710244628945,30.615183677103172,nan,0.003919875884427186,nan
240.67000000000002,184.32635498046875,-178.73614501953125,-37.75883483886719,184.94347548720063,-178.68414587820442,-37.758791008322504,0.6193073812323378,0.36349348639834206,0.05412608716910744,3.5842133447176595e-05,18.144971552699506,31.01458512203448,nan,nan,nan
240.68,184.31781005859375,-178.74172973632812,-37.760623931884766,184.9349878542079,-178.68965587487727,-37.7588835426213,0.6193731891197096,0.3635477724582865,0.05414273964486687,3.5132690237884835e-05,18.174796429855842,30.958783965015655,nan,2.038033572939828,nan
240.69,184.3092803955078,-178.7473602294922,-37.762489318847656,184.92649898345837,-178.69520627494896,-37.76074450817512,0.6194205878484053,0.3636021463875503,0.054159457934460906,3.583643286163911e-05,18.118038849155635,30.71101816384877,nan,nan,nan
240.70000000000002,184.30075073242188,-178.75302124023438,-37.76443099975586,184.94397426773966,-178.70267131875124,-37.76099228942218,0.6452003221549331,0.35916241665455134,0.054017997102100784,3.510646094671618e-05,27.30451926447757,39.573772022985345,4.031864824536284,2.0689978991181057,0.007186147665584197
240.71,184.29220581054688,-178.7587127685547,-37.766448974609375,184.9355200286709,-178.70827674615003,-37.76299375435047,0.6452975392356427,0.35921304096502854,0.054033326134512734,3.580968045688107e-05,27.222546454122703,39.42840179061388,nan,nan,nan
240.72,184.28367614746094,-178.76443481445312,-37.7685432434082,184.9270390455574,-178.7139223905728,-37.765987306968604,0.6453478569147176,0.3592637502815679,0.054048713663929736,3.510255207270831e-05,26.995356656351518,39.63689604996579,nan,0.5876705692066958,nan
240.73000000000002,184.27513122558594,-178.77020263671875,-37.770713806152344,184.91858484651527,-178.71959352682174,-37.7681511321,0.6454459013658227,0.35931454716627675,0.05406416001306707,3.580614292685073e-05,26.916233163902664,38.651625586982405,nan,nan,nan
240.74,184.2666015625,-178.77598571777344,-37.772911071777344,184.91013847831604,-178.72529500524635,-37.77009997715961,0.6455363758979643,0.3593654293764699,0.05407966515541697,3.509963595590573e-05,26.877697837798937,39.82050239321123,nan,0.05018607334529435,nan
240.75,184.25807189941406,-178.7818145751953,-37.77510070800781,184.88084064373953,-178.72399768812264,-37.77226595059745,0.6254532254206321,0.35929884052621786,0.0540749155305285,3.578168147216497e-05,26.63597456645568,38.993241632067054,3.860497194074137,nan,nan
240.76,184.24952697753906,-178.78765869140625,-37.77726364135742,184.87240672229066,-178.72974153964725,-37.77253797358381,0.6255844505944821,0.35934950252078424,0.05409044305712715,3.507657490010248e-05,26.96865438620668,39.899947670826755,nan,2.63354080196671,nan
240.77,184.24099731445312,-178.79354858398438,-37.77939224243164,184.86391818320112,-178.73553059428284,-37.774697511796745,0.6256345069978967,0.3594002519345159,0.054106029651820334,3.578006204358445e-05,26.87026425274134,39.435215233510114,nan,nan,nan
240.78,184.2324676513672,-178.79945373535156,-37.78148651123047,184.85547907971187,-178.74133826463742,-37.775067478244814,0.6257490325752638,0.3594510866551499,0.05412167531596526,3.5075452425422544e-05,27.34873978730853,40.60511941074252,nan,2.164429039208751,nan
240.79,184.2239227294922,-178.80540466308594,-37.783538818359375,184.84699123656407,-178.74718843229343,-37.77713686670093,0.6258150517664963,0.35950200905325674,0.05413738033090447,3.577933712670883e-05,27.243149088127733,39.54976386341077,nan,nan,nan
240.8,184.21539306640625,-178.81137084960938,-37.78554916381836,184.82601904679422,-178.7505775547347,-37.78130180257038,0.6136594761788129,0.35943533554232365,0.05413264855954035,3.5054088083141225e-05,26.170529140915676,39.883550045423355,2.2656131425592108,3.517977326158572,nan
240.81,184.2068634033203,-178.8173828125,-37.78752136230469,184.8175099416754,-178.756489545369,-37.78331396114158,0.6136895689283793,0.35948603745644897,0.05414837546023907,3.5757504293949607e-05,26.073700394708457,38.974872899503985,nan,nan,nan
240.82,184.19833374023438,-178.8234100341797,-37.78945541381836,184.80902406099233,-178.7624256302368,-37.78444460648334,0.6137482167647165,0.35953682465821507,0.05416416170109659,3.505455165478415e-05,26.215413059692697,39.82877764373748,nan,0.5005331874839758,nan
240.83,184.18978881835938,-178.82948303222656,-37.791351318359375,184.80051567212877,-178.76839618526952,-37.78637250901325,0.613794494377979,0.3595876993876598,0.05418000753983318,3.575838291239028e-05,26.11689679477229,38.62299355985636,nan,nan,nan
240.84,184.18125915527344,-178.8355712890625,-37.793209075927734,184.7919890065035,-178.7743996286869,-37.78895333580908,0.6138004843111291,0.3596386597245304,0.05419591301290943,3.505575425958705e-05,25.861720092271135,39.41005107269683,nan,0.3349010921271835,nan
240.85,184.1727294921875,-178.84169006347656,-37.7950325012207,184.7605481767321,-178.76339736511403,-37.79090163742886,0.5930241281367042,0.35957190380086856,0.054191195519313756,3.573806121514534e-05,27.143909416193143,39.49832558785029,17.29565918735212,nan,nan
240.86,184.16419982910156,-178.8478240966797,-37.79681396484375,184.7520600258859,-178.76938976088692,-37.79072537478214,0.5931008572945297,0.35962264345289835,0.05420712236848182,3.503654913795384e-05,27.646229128272594,40.82241662001265,nan,2.8291928523453116,nan
240.87,184.15567016601562,-178.85400390625,-37.79856491088867,184.7435195472359,-178.7754210630688,-37.792497695877756,0.5931095761674211,0.3596734704827984,0.054223109060316146,3.57403476158353e-05,27.543161618512727,39.69883364546024,nan,nan,nan
240.88,184.1471405029297,-178.86019897460938,-37.80027770996094,184.73491295189572,-178.78149350857413,-37.79679620893757,0.5930287708001454,0.35972438309942517,0.054239155651120675,3.503906474714431e-05,26.78227078421336,39.67309573415896,nan,4.6190277747039605,nan
240.89000000000001,184.13861083984375,-178.86642456054688,-37.80195999145508,184.72637284820496,-178.78757893284654,-37.79852626840941,0.5930367627173014,0.35977538335246534,0.05425526236913484,3.5743289412734195e-05,26.690072131258574,39.312670586322874,nan,nan,nan
240.9,184.1300811767578,-178.8726806640625,-37.80360412597656,184.7112013335268,-178.79155028302398,-37.800454254849704,0.5867646010273364,0.359708543098677,0.05425055530636072,3.502109154065692e-05,26.53978550777912,39.246847452277535,0.6050816021817718,0.0176654582691892,nan
240.91,184.12155151367188,-178.87896728515625,-37.80521774291992,184.70265080406676,-178.79768595316315,-37.80212215551907,0.5867645378594137,0.35975932239707975,0.05426668285743995,3.57248712026536e-05,26.450312705411186,38.89080628791082,nan,nan,nan
240.92000000000002,184.11302185058594,-178.88526916503906,-37.806800842285156,184.69414269641996,-178.80383939307004,-37.80208743875741,0.5868172299776073,0.3598101872597578,0.05428287056694697,3.5024750796660827e-05,26.740335534748066,39.66154799302307,nan,1.9693531241571776,nan
240.93,184.1044921875,-178.8916015625,-37.808349609375,184.68559314813638,-178.81002663927205,-37.80367656114967,0.5868173752811702,0.3598611396099291,0.05429911864664832,3.5728965709356565e-05,26.642196130339297,39.47819396221729,nan,nan,nan
240.94,184.09596252441406,-178.89796447753906,-37.80986785888672,184.67703273638745,-178.8162414843435,-37.805694784144265,0.5868037605643319,0.35991217784312796,0.05431542717734725,3.502894231013554e-05,26.45411075610692,39.079052266308516,nan,0.14869376884429653,nan
240.95000000000002,184.08743286132812,-178.9043426513672,-37.81135940551758,184.65344142198163,-178.8231957312898,-37.807259132704225,0.5718105679403273,0.3598452551814662,0.054310726829517465,3.57116245820149e-05,25.30687679943452,39.21633370516945,6.773504061332306,nan,nan
240.96,184.0789031982422,-178.91075134277344,-37.81281661987305,184.64486074714196,-178.8294778893449,-37.80892849564063,0.5717765637894648,0.3598960722551074,0.054327055635994735,3.501250333684815e-05,25.192313622000515,39.03036536879779,nan,0.018911483996354835,nan
240.97,184.07037353515625,-178.91717529296875,-37.814247131347656,184.63628455910307,-178.83578382250943,-37.81040742649041,0.5717469736006177,0.3599469766682578,0.05434344505303489,3.571671407550255e-05,25.09645149996314,39.32057897234684,nan,nan,nan
240.98000000000002,184.06185913085938,-178.9236297607422,-37.81564712524414,184.62769891486974,-178.84211565627658,-37.81228496523682,0.5716909256894337,0.35999796693915354,0.05435989517494735,3.501761997373305e-05,24.929871363250694,39.321211507390665,nan,0.1281880425419103,nan
240.99,184.05332946777344,-178.9300994873047,-37.817020416259766,184.6191240267203,-178.84846953415868,-37.813713252717555,0.5716623737095076,0.36004904480957717,0.05437640619341797,3.5722266636808615e-05,24.836425096254782,39.23811205828502,nan,nan,nan
241.0,184.0447998046875,-178.9365997314453,-37.81836700439453,184.57930247619228,-178.85166260455654,-37.8163398709847,0.5412130178032771,0.35998203812796464,0.054371708669742766,3.500204136435829e-05,23.17676908893018,38.61310476364504,16.450304232405944,1.2790230222426782,nan
241.01,184.03627014160156,-178.94313049316406,-37.81968688964844,184.57067254457635,-178.85808170800726,-37.81772648829744,0.5411312847501388,0.36003289456892384,0.05438823937726417,3.5706249031906716e-05,23.091448672870385,38.169984898368256,nan,nan,nan
241.02,184.0277557373047,-178.94967651367188,-37.820980072021484,184.56203901989588,-178.86452418459612,-37.819264008086954,0.541029102802123,0.3600838368398309,0.05440483103867559,3.5007948345119216e-05,22.990503502992805,38.89897838014875,nan,0.02193464512513772,nan
241.03,184.01922607421875,-178.9562530517578,-37.82224655151367,184.5534099215124,-178.870988439356,-37.820602050330045,0.54094837204823,0.3601348665643847,0.05442148383477054,3.571259532688069e-05,22.90708037566949,38.041607504156076,nan,nan,nan
241.04,184.0106964111328,-178.9628448486328,-37.823490142822266,184.54475729963215,-178.87747862417456,-37.82298513695517,0.5408407158617845,0.3601859824355909,0.05443819787607486,3.501422345078419e-05,22.76272552320171,38.177752878754305,nan,0.8070944349255369,nan
241.05,184.00218200683594,-178.96945190429688,-37.82470703125,184.56721176421618,-178.89505549584567,-37.82421870936798,0.5699067386633339,0.36011889334661196,0.054433499346825384,3.5697312536565666e-05,22.91790707677066,38.675309757017764,8.395139048633386,nan,nan
241.06,183.99365234375,-178.97608947753906,-37.825897216796875,184.55862451976233,-178.90160389860307,-37.82600389615532,0.569861099319848,0.36016978757863116,0.054450232473951615,3.4999685730661776e-05,22.836641063861588,37.85947984030619,nan,0.1836509064540346,nan
241.07,183.98513793945312,-178.9827423095703,-37.82706832885742,184.55004907507652,-178.9081722274898,-37.82726122947938,0.5698116579216773,0.36022076912000334,0.05446702697100106,3.57043286959398e-05,22.760778068390508,38.304558964422085,nan,nan,nan
241.08,183.9766082763672,-178.9894256591797,-37.82821273803711,184.54148428754897,-178.91476064557642,-37.82803499020324,0.569789262674638,0.3602718367764514,0.054483882957124405,3.500658127753793e-05,22.68661184022625,37.542888283432994,nan,0.15024018447046633,nan
241.09,183.9680938720703,-178.99612426757812,-37.82933807373047,184.5329102926162,-178.92137157094606,-37.82924366140866,0.5697416638141617,0.3603229920046164,0.054500800600280404,3.5711657415580406e-05,22.61034733229107,37.99091585011487,nan,nan,nan
241.1,183.95957946777344,-179.0028533935547,-37.83043670654297,184.51352028276455,-178.92512370344647,-37.832426297752114,0.5593713343661004,0.36025581918257554,0.05449609712734568,3.499261498262379e-05,22.488692656498053,37.76937949630403,1.0908233170480157,2.891578023177139,nan
241.11,183.9510498046875,-179.00953674316406,-37.83151626586914,184.50492915446327,-178.9317513438868,-37.83361200806811,0.5593185984607688,0.36030675250249083,0.05451303322683606,3.569724684961053e-05,22.41920325420939,38.20626655725322,nan,nan,nan
241.12,183.94253540039062,-179.0161590576172,-37.83257293701172,184.4963324233621,-178.9383274464764,-37.83508219854801,0.5592452044839575,0.36035777190290846,0.05453003105468244,3.5000026540727587e-05,22.39471909087511,37.69881822479906,nan,0.06583393117493103,nan
241.13,183.93402099609375,-179.02267456054688,-37.83361053466797,184.48774246091753,-178.9448112170244,-37.83622960758875,0.5591753038306103,0.36040887873364197,0.05454709077218656,3.5705091444159934e-05,22.32359439886112,37.65438702478566,nan,nan,nan
241.14000000000001,183.9254913330078,-179.02906799316406,-37.834625244140625,184.4791886985197,-178.95118084313427,-37.83558936378821,0.5591494525091257,0.36046007195886953,0.054564212508423596,3.500767966280059e-05,22.074117274241438,37.42372492782378,nan,2.205844398678679,nan
241.15,183.91697692871094,-179.03533935546875,-37.83562088012695,184.480577725694,-178.96976516669207,-37.836692048574925,0.5674037187007995,0.360392816731741,0.05455950017077952,3.569115353445031e-05,20.819625388597615,37.62672260033367,10.540030457649346,nan,nan
241.16,183.90846252441406,-179.04148864746094,-37.83659362792969,184.47198479975165,-178.9759439825262,-37.83858650037519,0.5673248006597693,0.36044378783379916,0.05457663971584103,3.4994376000520606e-05,20.815543408250182,37.81802396818547,nan,0.47766594374694155,nan
241.17000000000002,183.8999481201172,-179.0475311279297,-37.83755111694336,184.46340818887703,-178.98200014800094,-37.83964841565343,0.5672618064695903,0.3604948462267466,0.0545938413800771,3.569941940438628e-05,20.742160864736938,36.812922249182655,nan,nan,nan
241.18,183.89141845703125,-179.05343627929688,-37.8384895324707,184.45485748434007,-178.98793355073485,-37.83935264153459,0.5672344223520223,0.3605459909752797,0.05461110529754349,3.500241732811877e-05,20.55586577745562,37.20143705043753,nan,1.2669820536242413,nan
241.19,183.88290405273438,-179.05923461914062,-37.83940505981445,184.44628091994397,-178.99375095368666,-37.840365386572664,0.5671706332098578,0.36059722327994964,0.05462843162212182,3.5707883616534605e-05,20.47716368038686,37.13692769559279,nan,nan,nan
241.20000000000002,183.8743896484375,-179.06491088867188,-37.84030532836914,184.4148446147052,-178.9924066148879,-37.84130634832167,0.5452975722679416,0.36052988508582795,0.05462370643782571,3.640478277965454e-05,20.154499312184694,37.46007866848386,4.5901941002038456,nan,nan
241.21,183.86587524414062,-179.0706329345703,-37.84129333496094,184.40622900687157,-178.99805944367822,-37.84233700533514,0.5452065569356309,0.36058089500005935,0.05464104990008154,3.713816344786708e-05,20.084748709546282,36.77707083043648,nan,nan,nan
241.22,183.8573455810547,-179.0763702392578,-37.842369079589844,184.39759052436696,-179.0037468731609,-37.84468146510415,0.5451092543742898,0.3606319911886843,0.05465845584544956,3.635573952873722e-05,20.1295396676815,37.3694158858609,nan,0.9803617675902279,nan
241.23000000000002,183.8488311767578,-179.0821533203125,-37.84353256225586,184.38897443917583,-179.00946499211827,-37.84590110159351,0.545017382263943,0.3606831748363556,0.05467592442479098,3.708783361381486e-05,20.06197871951867,36.95833065299761,nan,nan,nan
241.24,183.84031677246094,-179.0879669189453,-37.84477996826172,184.3803282844322,-179.01521723500505,-37.84886593367498,0.5449051703629407,0.3607344450725044,0.05469345577697909,3.6308192409662305e-05,20.298796870796167,37.35691051213056,nan,1.8016776124299696,nan
241.25,183.831787109375,-179.09381103515625,-37.84611511230469,184.3455806422252,-179.00956650852248,-37.85017493252015,0.5206701612408954,0.36066702397722467,0.054688713745580673,3.701544430469527e-05,20.40726540292382,37.04127847943296,6.949744809567267,nan,nan
241.26,183.82327270507812,-179.0996856689453,-37.847530364990234,184.33691875967165,-179.01535759964187,-37.851838813246985,0.5205401573349728,0.3607180716053868,0.0547062615452708,3.623951235930892e-05,20.402663660165373,37.69691723866094,nan,0.019380946725797977,nan
241.27,183.81475830078125,-179.1055908203125,-37.849029541015625,184.32825983421478,-179.02117943899313,-37.85341703517797,0.520411718007821,0.36076920655243244,0.05472387220216352,3.69683164577896e-05,20.339767890973985,37.60671945904856,nan,nan,nan
241.28,183.8062286376953,-179.1115264892578,-37.850608825683594,184.31958429031224,-179.027032724488,-37.856048700626665,0.5202910864104034,0.3608204280469697,0.05474154585765282,3.619503782018461e-05,20.566287380294483,37.45553598059488,nan,0.6208984169488111,nan
241.29,183.79771423339844,-179.11749267578125,-37.852272033691406,184.31092535613627,-179.03291543803547,-37.85780139482944,0.5201629931868694,0.3608717371260864,0.05475928265883917,3.692275940742622e-05,20.505816843369796,37.67859637389485,nan,nan,nan
241.3,183.78919982910156,-179.1234893798828,-37.85401153564453,184.2875586514481,-179.04235690378667,-37.85953414662122,0.5049499913061961,0.360804232770624,0.05475451975306313,3.6129621819951215e-05,19.239295247034732,37.88512612876346,9.701445969875397,0.007736977282786813,nan
241.31,183.78067016601562,-179.1295166015625,-37.855831146240234,184.27887089847593,-179.0483272925926,-37.86144730893715,0.5048041352826179,0.36085531897292894,0.05477227228990388,3.685541178238645e-05,19.180915114669666,37.23425710751428,nan,nan,nan
241.32,183.77215576171875,-179.13555908203125,-37.85772705078125,184.2701891068623,-179.0543265094272,-37.863088113711335,0.5046431261024736,0.360906491677582,0.054790088046928635,3.608820515574717e-05,19.04913635723687,38.37907018554107,nan,0.08199882505381628,nan
241.33,183.76364135742188,-179.1416473388672,-37.859703063964844,184.26150184847216,-179.06035462806432,-37.86515530926434,0.5044832012637491,0.3609577518314368,0.05480796716973773,3.681304607583592e-05,18.99036498998019,37.22537538706285,nan,nan,nan
241.34,183.75511169433594,-179.1477508544922,-37.861751556396484,184.25282662613597,-179.06641083896358,-37.866556305843645,0.5043405963038827,0.36100909879746745,0.0548259098019754,3.604828423442248e-05,18.75271514850505,37.39629663447956,nan,0.3677359098689819,nan
241.35,183.74659729003906,-179.15390014648438,-37.86387634277344,184.27733189184295,-179.09352849899537,-37.868749100760695,0.5341794615509551,0.3609415120905505,0.054821121973758186,3.674905526416364e-05,17.72734597866983,36.42237580206838,19.69587446772877,nan,nan
241.36,183.7380828857422,-179.16006469726562,-37.8660774230957,184.2686775302773,-179.09969637988368,-37.87220476140858,0.5340529513331721,0.3609926359563727,0.05483907961051237,3.598762479602699e-05,18.054170301355672,37.365662020023294,nan,0.9073259312446299,nan
241.37,183.7295684814453,-179.16624450683594,-37.86830139160156,184.26004150681527,-179.10589121415347,-37.87455660608677,0.5339319041703976,0.36104384713890253,0.05485710082972422,3.6709837286984114e-05,18.00523904544546,38.09499423393683,nan,nan,nan
241.38,183.72103881835938,-179.17247009277344,-37.87051773071289,184.25138097090476,-179.112113226231,-37.87856163270138,0.5338262399550029,0.3610951450828489,0.05487518577572215,3.5950713753992114e-05,18.67104536199238,37.104618198550156,nan,1.8073645539872185,nan
241.39000000000001,183.7125244140625,-179.1787109375,-37.87270736694336,184.24274559417927,-179.11836158475808,-37.88092185743558,0.5337078058964799,0.3611465306132948,0.05489333459308183,3.667215334070471e-05,18.641230002735224,38.125601405923064,nan,nan,nan
241.4,183.70401000976562,-179.1849822998047,-37.87485885620117,184.21185308438305,-179.11243021261106,-37.88523117789109,0.51310425729112,0.36107886087080715,0.05488851777075723,3.589319022342057e-05,20.186616753805023,39.22261620586178,6.624002935412834,2.7759541691998795,nan
241.41,183.69549560546875,-179.1912841796875,-37.876976013183594,184.20318425148974,-179.11870182381546,-37.887545290738004,0.5129597150952393,0.36113002303516095,0.05490668084140564,3.6613010673066126e-05,20.172000736658692,38.70092742998915,nan,nan,nan
241.42000000000002,183.68698120117188,-179.19760131835938,-37.879051208496094,184.19448743837387,-179.1249988505683,-37.8918170225451,0.5128320047896936,0.3611812719063862,0.0549249078522077,3.585922644057555e-05,21.596161316169024,40.72959336611556,nan,2.6770949496138767,nan
241.43,183.678466796875,-179.20394897460938,-37.88108825683594,184.1858194387047,-179.13132153030102,-37.89407369748325,0.5126890583064372,0.3612326082358834,0.054943198947703845,3.6578388439616634e-05,21.59295123998982,40.30124217262668,nan,nan,nan
241.44,183.66995239257812,-179.2103271484375,-37.88308334350586,184.1771229629721,-179.1376687966267,-37.89836239853328,0.5125765046157963,0.36128403157822525,0.054961554272285766,3.582669596051465e-05,23.431620580899768,41.83059801123664,nan,2.8878584981140456,nan
241.45000000000002,183.66143798828125,-179.2167205810547,-37.88503646850586,184.1300205329939,-179.1258909890437,-37.90048521372201,0.47755447827763714,0.36121627950252777,0.05495670436654681,3.652241233538129e-05,23.783045589751403,42.85580080193924,15.491289400216363,nan,nan
241.46,183.65292358398438,-179.22314453125,-37.88695526123047,184.12128024084868,-179.13224930815284,-37.903504570230716,0.4773822150430135,0.36126747924979746,0.054975073173860106,3.577366944460357e-05,24.836815329875357,43.32734422340244,nan,0.49879389266867735,nan
241.47,183.6444091796875,-179.22959899902344,-37.88883590698242,184.11255201011807,-179.13863186596043,-37.905635466882465,0.47719488072911936,0.36131876632961746,0.0549935062756811,3.6490766961305986e-05,24.848724800520138,42.884494403835305,nan,nan,nan
241.48000000000002,183.63589477539062,-179.23606872558594,-37.89067459106445,184.103825812572,-179.1450382706736,-37.907613178648916,0.47700410378585895,0.3613701403626869,0.055012003815941714,3.5743977737353584e-05,25.07440398124303,43.67515717661226,nan,0.009154277113641179,nan
241.49,183.62738037109375,-179.2425537109375,-37.892478942871094,184.0950985828955,-179.1514681793658,-37.909670074313006,0.47681488516297676,0.36142160200177087,0.05503056593986617,3.646056510950583e-05,25.08514775262865,43.95870606967212,nan,nan,nan
241.5,183.61886596679688,-179.2490692138672,-37.894248962402344,184.09269456346885,-179.16741826107216,-37.90965437731845,0.48105898175297607,0.3613537670906382,0.05502567884474482,3.5693865293864276e-05,22.754324420063718,41.80474889732252,5.663141954244057,2.7414710362043375,nan
241.51,183.6103515625,-179.255615234375,-37.8959846496582,184.0839752574085,-179.1739264009849,-37.911620730442316,0.48087103978270546,0.3614050048713269,0.05504425366205753,3.640909621329056e-05,22.75472571498854,41.28849646450193,nan,nan,nan
241.52,183.60183715820312,-179.26217651367188,-37.897682189941406,184.0752587132692,-179.1804573816169,-37.91336508693142,0.48067862299356884,0.3614563295422852,0.055062893123311515,3.566691729922046e-05,22.869310734902985,41.86008275359533,nan,0.024049371285971715,nan
241.53,183.59332275390625,-179.2687530517578,-37.89934539794922,184.06654046270293,-179.18701062883176,-37.91526226310262,0.4804895110415156,0.36150774169723277,0.05508159737456178,3.6381734124370326e-05,22.870223416009406,42.18141236308797,nan,nan,nan
241.54,183.58480834960938,-179.27536010742188,-37.900978088378906,184.05783125506557,-179.19358662178016,-37.91643336863578,0.48028786964489417,0.3615592410450173,0.05510036655850595,3.564129761963333e-05,22.543056075099067,41.21754912169781,nan,0.32704880032688693,nan
241.55,183.57630920410156,-179.28199768066406,-37.90258026123047,184.0534292988701,-179.21069218086922,-37.91825581403788,0.48267357716032955,0.361491323833869,0.05509543815597228,3.633316357156909e-05,21.56305794603184,41.11693409751768,7.887264518857857,nan,nan
241.56,183.5677947998047,-179.2886505126953,-37.904144287109375,184.04472726297294,-179.21734970700038,-37.91904794574844,0.48246295024313923,0.36154259908934583,0.055114219224913816,3.5595307589809045e-05,20.975408167138934,40.52527586246022,nan,0.6854370185990271,nan
241.57,183.5592803955078,-179.29531860351562,-37.90568161010742,184.0360138900202,-179.22402761550086,-37.92080194832011,0.4822715566874959,0.361593961708898,0.055133065286597435,3.630852981079222e-05,20.966886483176626,40.66252983949044,nan,nan,nan
241.58,183.55076599121094,-179.302001953125,-37.907188415527344,184.02732311615415,-179.23072859496463,-37.92054496842162,0.4820425110120629,0.36164541145384893,0.05515197648263176,3.5572283824056404e-05,19.619761446908846,39.59448923628008,nan,2.681227081093903,nan
241.59,183.54226684570312,-179.3087158203125,-37.90866470336914,184.0186104746802,-179.23744829263103,-37.922220232589744,0.48183613992863866,0.36169694883955544,0.05517095296069957,3.62852138365764e-05,19.604047083049124,39.45047747062386,nan,nan,nan
241.6,183.53375244140625,-179.31546020507812,-37.91011047363281,183.99964464962824,-179.25021450209428,-37.923251096550615,0.4706221705471212,0.3616289489724049,0.05516597911778691,3.552892696914924e-05,18.27009337021022,38.380441218707375,8.970148427765073,0.23782264861871777,nan
241.61,183.52525329589844,-179.32220458984375,-37.91152572631836,183.99091138235144,-179.2570073580031,-37.924862897010115,0.47038921399285616,0.3616802620046399,0.05518496665472316,3.624071647140679e-05,18.253163241778573,40.07985380184309,nan,nan,nan
241.62,183.51673889160156,-179.3289794921875,-37.91291809082031,183.98219527639299,-179.26382236304843,-37.92486827615224,0.470146684078718,0.3617316620918557,0.055204019523924674,3.550838432840664e-05,17.303632731013735,37.78381696789743,nan,1.7092019893170585,nan
241.63,183.50823974609375,-179.3357696533203,-37.914276123046875,183.97346313345312,-179.2706554366997,-37.92641000201521,0.46991477139058074,0.36178314970302805,0.055223137874332195,3.621996057476948e-05,17.282928510088155,38.66476995754124,nan,nan,nan
241.64000000000001,183.49972534179688,-179.34259033203125,-37.915611267089844,183.96473729010015,-179.27750895811073,-37.92735190537082,0.4696908982335419,0.361834724668805,0.05524232184567499,3.548903855628856e-05,17.04035296563871,37.08681413333368,nan,0.22569615361684217,nan
241.65,183.49122619628906,-179.34942626953125,-37.91691970825195,183.94685177346287,-179.28811843882914,-37.928830812951496,0.4598860631673073,0.36176664254872054,0.05523729842660691,3.617804782304586e-05,16.284909227856183,38.09832037399366,4.724291394896627,nan,nan
241.66,183.4827117919922,-179.3562774658203,-37.9182014465332,183.93811924368177,-179.2950344495408,-37.928609977716064,0.45962483790456327,0.36181799292282696,0.05525649261215843,3.5449361453442574e-05,15.357716082162717,36.833147524036086,nan,1.9398896390663465,nan
241.67000000000002,183.47421264648438,-179.36314392089844,-37.919456481933594,183.9293707521591,-179.30196709837253,-37.930026996368134,0.4593726597776255,0.36186943070581223,0.055275752474463966,3.615972585014119e-05,15.329241836967835,37.526951589687236,nan,nan,nan
241.68,183.4656982421875,-179.37002563476562,-37.92068862915039,183.92061361415367,-179.30891717098473,-37.93238027873296,0.45915023104288855,0.3619209557691116,0.05529507815190557,3.5432326897745935e-05,16.035245281081597,37.82144048889475,nan,0.6351801664631,nan
241.69,183.4571990966797,-179.37693786621094,-37.92189407348633,183.9118662305894,-179.31588720973033,-37.93375907125733,0.4589010388814646,0.36197256852072596,0.05531446979544395,3.614257575002158e-05,16.01147127489844,37.55014120651733,nan,nan,nan
241.70000000000002,183.44869995117188,-179.3838653564453,-37.92307662963867,183.90620842284758,-179.30297257817375,-37.935213094338344,0.46476331288833606,0.3613376250553023,0.05455150043698774,3.5394508355155145e-05,24.17465759842094,47.19128126704791,7.2196353394979145,0.0008829992850996736,0.6514608061948381
241.71,183.44020080566406,-179.39080810546875,-37.92423629760742,183.89745072283168,-179.30995231873175,-37.93654722320444,0.46450694708228707,0.3613878899259628,0.05456755063475995,3.610377996032838e-05,24.115113817894127,47.273433380610264,nan,nan,nan
241.72,183.4316864013672,-179.39776611328125,-37.92537307739258,183.88871570484446,-179.31693574180554,-37.93690116660245,0.46426525826369075,0.3614382402292625,0.054583659131386526,3.5379677251657026e-05,23.57853337365743,46.29090463662917,nan,0.6336773255805193,nan
241.73000000000002,183.42318725585938,-179.4047393798828,-37.92648696899414,183.879959139813,-179.32395096036055,-37.938181462728906,0.4640087109992206,0.3614886776551358,0.05459982670922872,3.608889744329801e-05,23.51591667704858,46.89863910626718,nan,nan,nan
241.74,183.41468811035156,-179.4117431640625,-37.92757797241211,183.8712183767745,-179.33097380700576,-37.938769454861834,0.46375513202440516,0.3615392008395175,0.05461605288788909,3.536589778280064e-05,23.174397025282104,45.690782266119236,nan,0.3111574910965514,nan
241.75,183.40618896484375,-179.41868591308594,-37.928646087646484,183.90487908895668,-179.35401039023287,-37.940119320351336,0.5029974137237513,0.36147187648996765,0.05461116997842795,3.605284269286748e-05,23.325409981623785,45.916567586750325,16.02727458395241,nan,nan
241.76,183.39768981933594,-179.425537109375,-37.929691314697266,183.8961795696521,-179.3609925210321,-37.94200769367731,0.5028018777270122,0.36152218016111176,0.05462741494103843,3.533176449349455e-05,23.865181342211976,46.38511153615771,nan,0.3157288229587341,nan
241.77,183.38919067382812,-179.43228149414062,-37.930721282958984,183.88749527132805,-179.36786206546526,-37.943207384115404,0.5026064438529516,0.3615725707963833,0.05464371922000344,3.6040078498693054e-05,23.795016071755043,45.73550446871879,nan,nan,nan
241.78,183.3806915283203,-179.43890380859375,-37.93172836303711,183.8788106525865,-179.37461394202427,-37.94440781191314,0.5024108053446342,0.36162304717837607,0.054660082388730595,3.531999288717571e-05,23.918235577077457,45.85453345623951,nan,0.0002939377016497559,nan
241.79,183.3721923828125,-179.44540405273438,-37.93271255493164,183.87012657494205,-179.38124141373996,-37.945568683098564,0.5022156747512752,0.3616736107791372,0.05467650515053676,3.602833167836646e-05,23.852000224937264,45.591406304763055,nan,nan,nan
241.8,183.3636932373047,-179.45176696777344,-37.93368148803711,183.85580050150307,-179.38731977494444,-37.94434156536579,0.4964238485296675,0.36160621951998767,0.05467162803744134,3.528785882996824e-05,22.145203123607736,44.85984243408337,0.6850055324994545,3.917031106296632,nan
241.81,183.35519409179688,-179.4580078125,-37.934627532958984,183.8471057484911,-179.3936996318229,-37.94544182822391,0.4962152447030641,0.3616565633679316,0.05468806906904134,3.599536731397704e-05,22.071746482323185,44.61871807016931,nan,nan,nan
241.82,183.34669494628906,-179.46412658691406,-37.93555450439453,183.83847289059878,-179.39991478582866,-37.94348748756824,0.49601575996147307,0.3617069929451512,0.054704569274085575,3.527796905159018e-05,20.50526648976797,42.954852513013904,nan,6.405959193084185,nan
241.83,183.33819580078125,-179.47012329101562,-37.936466217041016,183.82977804922365,-179.40604796459317,-37.94452168063889,0.4958060557653614,0.361757509589652,0.05472112930555261,3.598555242874079e-05,20.42373674810136,42.85733880626666,nan,nan,nan
241.84,183.32969665527344,-179.4761505126953,-37.93746566772461,183.82105488395428,-179.41215367422973,-37.947006608582186,0.4956001753212042,0.36180811228329823,0.05473774881086751,3.526898245623799e-05,21.111879933877663,43.49832189429023,nan,1.3916801381961246,nan
241.85,183.32118225097656,-179.48220825195312,-37.93855285644531,183.78998829824232,-179.40950992124493,-37.948313206297286,0.47450966446420767,0.36174065532832855,0.054732874395421044,3.595450508348541e-05,21.117198271112755,43.20084381319047,5.144768075439504,nan,nan
241.86,183.31268310546875,-179.48828125,-37.93972396850586,183.78127365051714,-179.41562863372337,-37.94866333295552,0.47427356430371076,0.3617910380967116,0.054749511660096575,3.523957884361933e-05,20.644589504187522,44.16294777012978,nan,0.581292822393087,nan
241.87,183.30418395996094,-179.49440002441406,-37.940982818603516,183.7725411512225,-179.42178745023972,-37.95000490279301,0.47403843993685235,0.3618415077852352,0.054766208982138624,3.594649229262971e-05,20.553430894785166,42.931439148248614,nan,nan,nan
241.88,183.29568481445312,-179.5005340576172,-37.94232177734375,183.76380301312867,-179.4279780817274,-37.9517204528903,0.4738009631380915,0.3618920634976509,0.05478296605578541,3.5232297455707476e-05,20.706856114064237,43.990544139865754,nan,0.0577912751502012,nan
241.89000000000001,183.2871856689453,-179.50669860839844,-37.943748474121094,183.75507020448424,-179.4341929634085,-37.95323565823585,0.4735641601877343,0.3619427063906785,0.05479978346510324,3.593934347893806e-05,20.61539963951453,43.61555646171094,nan,nan,nan
241.9,183.2786865234375,-179.5128936767578,-37.94525909423828,183.74845411400761,-179.44062870096928,-37.95248641398496,0.47534834598059567,0.3618751825811884,0.05479490759681861,3.5204579018428504e-05,19.626109871282427,42.268321693854716,1.6054374906990212,4.48756733439749,nan
241.91,183.2701873779297,-179.5191192626953,-37.94684600830078,183.73972522445538,-179.44689699554502,-37.95414704108745,0.47511593350683273,0.36192560531221835,0.05481174220773355,3.591089874560245e-05,19.539825501118205,42.07589450134452,nan,nan,nan
241.92000000000002,183.26168823242188,-179.52536010742188,-37.948516845703125,183.73099488051585,-179.45319296814287,-37.955973014924695,0.47488148036786926,0.36197611403663715,0.0548286368427411,3.519888106317329e-05,19.546726210575674,42.70941152975717,nan,0.004859766026035399,nan
241.93,183.25318908691406,-179.53164672851562,-37.95026779174805,183.72226603620626,-179.45951427106766,-37.95779742204034,0.4746503672252868,0.3620267098009211,0.05484559204262277,3.590537203964895e-05,19.46121264420957,41.382261259187324,nan,nan,nan
241.94,183.2446746826172,-179.53793334960938,-37.95209503173828,183.71352046294,-179.46587285537794,-37.96067077501957,0.4744287342986537,0.3620773918729008,0.05486260756538961,3.5193942011658084e-05,19.884326207405564,42.97969509355396,nan,0.6553883439102355,nan
241.95000000000002,183.23617553710938,-179.5442657470703,-37.95399856567383,183.72177188138394,-179.4772676570105,-37.96265149162769,0.4902728085179243,0.3620098021085165,0.054857726946275484,3.587852552908936e-05,20.065563887496218,41.863847024717074,2.5712099192665465,nan,nan
241.96,183.22767639160156,-179.5506134033203,-37.95598220825195,183.7131019484038,-179.48365058152004,-37.96294066989396,0.4900718425788514,0.3620602638365988,0.05487475911338214,3.5168498577963e-05,19.269366096951188,41.63039118441447,nan,2.2210692976044926,nan
241.97,183.21917724609375,-179.55699157714844,-37.95804214477539,183.70440222422465,-179.49007843356716,-37.96507169890875,0.4898673930946779,0.3621108124677017,0.05489185207216765,3.5874497981454564e-05,19.184966917656148,41.17117220434732,nan,nan,nan
241.98000000000002,183.21067810058594,-179.5634002685547,-37.960174560546875,183.69568602115334,-179.49654206671707,-37.968299764497004,0.48966184362813303,0.3621614473688525,0.05490900562042495,3.5164975766267086e-05,19.601082554488606,41.26458027526654,nan,0.7285211705354436,nan
241.99,183.20217895507812,-179.56982421875,-37.96238327026367,183.68698658146315,-179.50301904097344,-37.970592927165235,0.48945762313531943,0.36221216943883683,0.05492622024026453,3.5871188521568435e-05,19.517804027122416,41.69175044543208,nan,nan,nan
242.0,183.1936798095703,-179.57626342773438,-37.96461486816406,183.66974303810773,-179.50901350633987,-37.97105735439754,0.48083287649858214,0.3621445128257858,0.05492133074844554,3.514092266201986e-05,18.3770807067239,41.72369863647843,1.4729785616443865,2.4887125860497,nan
242.01,183.1851806640625,-179.58273315429688,-37.966835021972656,183.66102815379168,-179.51554496703815,-37.9733907682555,0.48061217608171,0.36219501431753853,0.054938561412490254,3.584648629683717e-05,18.310638499525357,41.208760137356826,nan,nan,nan
242.02,183.1766815185547,-179.5892333984375,-37.969032287597656,183.65228989730628,-179.5221157452657,-37.977261611424,0.480391331183904,0.36224560203693656,0.054955852927381255,3.513870270533357e-05,18.95605292420989,41.2719732676616,nan,1.693267402398421,nan
242.03,183.16818237304688,-179.5957489013672,-37.971195220947266,183.64357562966964,-179.52869383903976,-37.97956318016112,0.48017200310673985,0.3622962767940137,0.05497320573888418,3.584450888259647e-05,18.89866538044489,41.69169152399428,nan,nan,nan
242.04,183.15968322753906,-179.602294921875,-37.97331619262695,183.63484689171779,-179.53530493819034,-37.982826783006544,0.47995689077165055,0.3623470380880337,0.054990619698439734,3.513710690671643e-05,19.437135495779124,41.769612728675014,nan,0.6975740068919549,nan
242.05,183.15118408203125,-179.60885620117188,-37.975399017333984,183.6184404954473,-179.53616929564544,-37.98500829779224,0.4729738686062418,0.36227931526916357,0.0549857178640048,3.582111088097166e-05,19.752272866887466,42.09808203326269,1.8418599105636722,nan,nan
242.06,183.14268493652344,-179.61544799804688,-37.977439880371094,183.60971698243827,-179.54279850035647,-37.98718738317338,0.4727492942744016,0.36232985579440197,0.05500314726504524,3.5114907922635954e-05,19.798910396536787,41.624862723680856,nan,0.00023130382499219834,nan
242.07,183.13418579101562,-179.62205505371094,-37.97944259643555,183.6009935570209,-179.5494499162888,-37.989345479825325,0.4725241406344792,0.3623804832295562,0.05502063818527927,3.58203529128974e-05,19.748914219968782,41.92656072966051,nan,nan,nan
242.08,183.1256866455078,-179.62867736816406,-37.98140335083008,183.59226465774486,-179.5561270413093,-37.99188171016546,0.472301161806924,0.36243119715286837,0.05503819050914719,3.511446231102946e-05,20.055529128896904,42.655639171775846,nan,0.1218543036837826,nan
242.09,183.11720275878906,-179.6353302001953,-37.98332595825195,183.58354184694156,-179.56282172468792,-37.99396712225841,0.4720623460208603,0.36248199825666705,0.05505580463366095,3.5820179173879515e-05,20.008222679172942,42.509812121418044,nan,nan,nan
242.1,183.10870361328125,-179.64199829101562,-37.98521041870117,183.55830918135862,-179.5636140690627,-37.99665905641122,0.456530748584099,0.36241420855101447,0.05505088635643375,3.50933858683667e-05,20.458198245170188,43.07850216781988,2.3427884484752517,0.3212740969356687,nan
242.11,183.10020446777344,-179.64869689941406,-37.987056732177734,183.5495597026023,-179.5703422547043,-37.998675940500455,0.4562834463551572,0.36246478865356846,0.05506851528113523,3.5798508887779394e-05,20.414765604106922,42.4096188832576,nan,nan,nan
242.12,183.09170532226562,-179.65541076660156,-37.988868713378906,183.5408133351536,-179.57708926385905,-38.00044518647687,0.4560332002841532,0.3625154551912803,0.05508620585994657,3.5093988089124285e-05,20.382096022797906,42.62035373893643,nan,0.03142675303349015,nan
242.13,183.08322143554688,-179.6621551513672,-37.99064254760742,183.53206450930688,-179.58385847711233,-38.00238849912993,0.4557723570367861,0.36256620878662715,0.055103958460107044,3.579940450504963e-05,20.33801711816676,42.49028212839035,nan,nan,nan
242.14000000000001,183.07472229003906,-179.6688995361328,-37.99238204956055,183.52332685295013,-179.59064057336167,-38.00343015414268,0.4555135340837932,0.3626170491220377,0.055121773010081955,3.5095092738098825e-05,19.881384985464972,42.70719303444955,nan,0.5278530989088466,nan
242.15,183.06622314453125,-179.67567443847656,-37.99408721923828,183.52213569475353,-179.60049935192896,-38.00515449295235,0.46220128908851443,0.36254919296696175,0.05511683467491555,3.5778775507265815e-05,19.77488412573957,41.729633249618324,1.4121251703401738,nan,nan
242.16,183.05772399902344,-179.68247985839844,-37.995758056640625,183.51339594294367,-179.6073370828151,-38.0073343019894,0.46197117513411096,0.36259981210277614,0.05513466337835146,3.507549339163052e-05,20.094820431504097,41.34470155999594,nan,0.08618823260568384,nan
242.17000000000002,183.0492401123047,-179.6892852783203,-37.99739456176758,183.5046607479636,-179.6141913356851,-38.009134637670165,0.4617194873369321,0.3626505181762255,0.05515255432130446,3.578064028108695e-05,20.046110656651994,43.015705054904714,nan,nan,nan
242.18,183.04074096679688,-179.6961212158203,-37.99899673461914,183.49593680130778,-179.62105746476016,-38.009966989242706,0.461473900633399,0.3627013109311603,0.05517050745892614,3.507751077960353e-05,19.54728089249424,41.28067806544939,nan,0.6157764182189591,nan
242.19,183.03225708007812,-179.70297241210938,-38.000572204589844,183.4872023610116,-179.6279504930781,-38.01169476197782,0.4612235989860393,0.36275219089842925,0.055188523118963086,3.5782970199434094e-05,19.495110712657855,41.89616764116192,nan,nan,nan
242.20000000000002,183.0237579345703,-179.7098388671875,-38.002113342285156,183.49540159485977,-179.63049077854197,-38.014322443379264,0.4784275531493392,0.3626842677799543,0.05518356064119034,3.5058797746713105e-05,21.666902774204534,41.78661302582764,14.701403988159955,0.6493224494810638,nan
242.21,183.0152587890625,-179.71673583984375,-38.00362014770508,183.48670348255217,-179.63738733002566,-38.015998579588384,0.4782358315787438,0.36273492631647164,0.05520158977342225,3.576370119575056e-05,21.623656375920596,41.06162684277808,nan,nan,nan
242.22,183.00677490234375,-179.72364807128906,-38.00510025024414,183.47799016747365,-179.6443129158874,-38.019069242051046,0.4780512793688004,0.3627856714722299,0.05521968134021475,3.5061637957976805e-05,22.827944125722023,42.87118585943764,nan,1.4265146640692299,nan
242.23000000000002,182.99827575683594,-179.73057556152344,-38.006553649902344,183.46929262772892,-179.65124601861382,-38.02070138145499,0.4778600499645794,0.36283650372443493,0.055237835645559896,3.576686943206062e-05,22.78266955783734,42.414803754918424,nan,nan,nan
242.24,182.9897918701172,-179.73751831054688,-38.00797653198242,183.46057351197499,-179.6582123959876,-38.02441143991441,0.47769748648401034,0.36288742289703324,0.055256052679796386,3.5064873807164404e-05,24.81266071265531,45.10929579234686,nan,3.120377444879909,nan
242.25,182.98130798339844,-179.74447631835938,-38.009368896484375,183.48978918920884,-179.69028579726645,-38.025984421781054,0.5116305551074944,0.3628194330917433,0.055251062324458505,3.574841298852739e-05,23.53122652574463,45.02630315162171,28.088879007559495,nan,nan
242.26,182.97280883789062,-179.75144958496094,-38.01073455810547,183.4811486422269,-179.69733818753244,-38.027392307954656,0.511483020866146,0.362870130628289,0.05526929214168574,3.504730945911681e-05,23.649806009530035,44.75638729423763,nan,0.018503526367651534,nan
242.27,182.96432495117188,-179.75845336914062,-38.0120735168457,183.47250666146834,-179.70440895286296,-38.02893419389453,0.5113254658641427,0.36292091514770847,0.0552875849109556,3.575233264930514e-05,23.60914231897654,44.29937156326236,nan,nan,nan
242.28,182.95582580566406,-179.76547241210938,-38.01338577270508,183.46387764437299,-179.71148817733058,-38.029147513678915,0.5111549675966142,0.3629717865204985,0.055305940643602225,3.505125199784784e-05,22.671459025982454,42.974531028891256,nan,1.1944192612080229,nan
242.29,182.9473419189453,-179.77249145507812,-38.014671325683594,183.45523677870955,-179.718593333511,-38.0306250021997,0.510995808082393,0.363022745154355,0.05532435961249571,3.5756614437551146e-05,22.625498948784987,44.4517973151248,nan,nan,nan
242.3,182.93885803222656,-179.779541015625,-38.01593017578125,183.4815159314803,-179.75103246149712,-38.03163207237171,0.5436330406050267,0.3629546882760163,0.05531933730540291,3.5034371096380395e-05,21.171913801046824,43.6206240834027,29.58506094121497,0.08870024835323821,nan
242.31,182.9303741455078,-179.78660583496094,-38.01716613769531,183.47292489238998,-179.75824132216565,-38.03305492922131,0.543523975758818,0.36300542504341443,0.05533776833724261,3.5739201995787296e-05,21.12460610984441,43.58413076480394,nan,nan,nan
242.32,182.921875,-179.79368591308594,-38.018375396728516,183.4643447205508,-179.76545938066528,-38.03329653983869,0.543408479284847,0.3630562485940261,0.05535626256214838,3.50389432758785e-05,20.342151042719713,42.404114278462906,nan,0.9439388109085696,nan
242.33,182.91339111328125,-179.80078125,-38.019561767578125,183.45575490672158,-179.7727009871713,-38.034660826622755,0.5433000710284759,0.36310715929546494,0.0553748202345781,3.574412431943855e-05,20.293020776130625,42.81140183433586,nan,nan,nan
242.34,182.9049072265625,-179.80789184570312,-38.02072525024414,183.44717045610923,-179.77995519784486,-38.03542560347333,0.5431813387783803,0.36315815707814114,0.055393441393186915,3.50438199196737e-05,20.008531264217265,42.5154969686562,nan,0.23414538900903703,nan
242.35,182.89642333984375,-179.8150177001953,-38.0218620300293,183.46832607307383,-179.78913529431333,-38.0366030558578,0.5726778615004665,0.3630900332806192,0.055388383303311375,3.572733058515902e-05,21.034186591375835,41.92354932290707,15.60977305438502,nan,nan
242.36,182.887939453125,-179.82215881347656,-38.022979736328125,183.45980896331443,-179.79639393743378,-38.03590914471469,0.5725956122107686,0.3631408089854097,0.05540701579476484,3.502780905211481e-05,19.652030134214456,40.51052558091582,nan,2.7703302434550774,nan
242.37,182.87945556640625,-179.82933044433594,-38.02407455444336,183.45127631288744,-179.80367947076414,-38.037156331945106,0.5725452571230472,0.3631916717325918,0.05542571194224731,3.5732819873468185e-05,19.59837653563582,39.43070198044991,nan,nan,nan
242.38,182.8709716796875,-179.8365020751953,-38.025146484375,183.4427507599697,-179.8109755421838,-38.03754519904204,0.5724828806709761,0.363242621486837,0.05544447180043252,3.50332182490599e-05,19.125401276012088,39.90945208812857,nan,0.49408183173450726,nan
242.39000000000001,182.86248779296875,-179.8436279296875,-38.02619934082031,183.43421934025935,-179.8182612467451,-38.038742404125074,0.5724314449852205,0.36329365856454937,0.055463295599994654,3.573858449850866e-05,19.064562566405982,39.84251966217971,nan,nan,nan
242.4,182.85400390625,-179.8506622314453,-38.02722930908203,183.38529629170003,-179.81293303240548,-38.03917162687871,0.5327642163769326,0.36322546755659796,0.055458197660029025,3.5017721032885525e-05,18.26911634283544,39.52214922209475,13.873052374919341,0.4022173930958467,nan
242.41,182.84552001953125,-179.85757446289062,-38.028236389160156,183.37669766667977,-179.82003168982118,-38.040321365608385,0.5326398401319044,0.36327628232624665,0.05547703203481069,3.5722570121572505e-05,18.205914077567503,39.8692897551423,nan,nan,nan
242.42000000000002,182.8370361328125,-179.8643798828125,-38.02922821044922,183.36811516285914,-179.82699867423216,-38.03921727079107,0.5324866873798076,0.36332718402614533,0.05549593034020075,3.502359828455349e-05,16.88966908462316,37.285596104967524,nan,3.520847191751603,nan
242.43,182.82855224609375,-179.8710479736328,-38.03019714355469,183.3595170023196,-179.8338497017904,-38.04030651457693,0.5323621729278811,0.3633781729436808,0.05551489279306411,3.5728810306845034e-05,16.823554729174262,37.72663046163831,nan,nan,nan
242.44,182.820068359375,-179.87757873535156,-38.03114700317383,183.3509214234671,-179.8405696732585,-38.04099930639899,0.5322327631890197,0.3634292490869478,0.055533919468601874,3.502970416883236e-05,16.65609615520151,38.053013403062174,nan,0.10071363692990865,nan
242.45000000000002,182.81158447265625,-179.8839874267578,-38.03207778930664,183.36265898466047,-179.849174733754,-38.04202001618836,0.5522625184187624,0.3633609909313509,0.05552877777324588,3.571325446786876e-05,17.298361626796545,37.2324302114046,5.939207250870773,nan,nan
242.46,182.8031005859375,-179.89041137695312,-38.03310012817383,183.3540959185301,-179.85570664623694,-38.04340612132104,0.5521833829151962,0.3634118445497728,0.05554781425461663,3.5014846523880515e-05,17.494687728976814,37.9700061930109,nan,0.06438767116173146,nan
242.47,182.79461669921875,-179.89688110351562,-38.03420639038086,183.34553473960324,-179.86226125360702,-38.044581741969075,0.5521022270824109,0.36346278528133735,0.05556691508665796,3.5719909326309896e-05,17.408476774529866,36.50133596165449,nan,nan,nan
242.48000000000002,182.7861328125,-179.90335083007812,-38.035400390625,183.33698219254384,-179.8688334836548,-38.04443088725651,0.5520036562996706,0.36351381315850073,0.055586080356364594,3.5021341549235836e-05,16.65452057777413,37.22994570642996,nan,1.4101295805249272,nan
242.49,182.77764892578125,-179.90985107421875,-38.036678314208984,183.3284209032013,-179.87543534510536,-38.045766540075626,0.5519210173303851,0.36356492843220056,0.055605310263061467,3.5726768274484066e-05,16.57007294063042,36.667006114472116,nan,nan,nan
242.5,182.7691650390625,-179.9163818359375,-38.03804016113281,183.34254568750742,-179.8924533100533,-38.047432118232116,0.5739565760754626,0.36349660290607855,0.055600120749870585,3.500685901805528e-05,16.60785485699082,36.37941443402313,6.029384675334545,0.005464976774781176,nan
242.51,182.76068115234375,-179.9229278564453,-38.039485931396484,183.3340200755457,-179.89912241429172,-38.04894184132233,0.5739108242288478,0.3635474954245183,0.05561935966840883,3.571177573087458e-05,16.52479726676478,36.76728059840228,nan,nan,nan
242.52,182.752197265625,-179.92950439453125,-38.041011810302734,183.32549322971354,-179.90581520905621,-38.05076463598153,0.5738680663335474,0.36359847500623155,0.05563866323516574,3.5013690390233614e-05,16.671693532173485,36.40174963423388,nan,0.03716688587405946,nan
242.53,182.74371337890625,-179.93609619140625,-38.04262161254883,183.31696762031044,-179.91252948012863,-38.0524428129102,0.5738225083986074,0.3636495418819347,0.055658031639506375,3.5718976138528636e-05,16.589128107813575,36.727898621243256,nan,nan,nan
242.54,182.7352294921875,-179.94271850585938,-38.044307708740234,183.30844564589205,-179.91926320966368,-38.053505785991916,0.573769565603295,0.3637006961143814,0.05567746498325832,3.5020688947872845e-05,16.23939126067092,35.84354511899734,nan,0.3425272401867466,nan
242.55,182.72674560546875,-179.94935607910156,-38.046077728271484,183.3013220938535,-179.93464164246086,-38.05537681733009,0.5748400896836791,0.3636323032151209,0.055672223692381874,3.570431314647927e-05,15.357517675738555,36.46103905271759,6.228320121310537,nan,nan
242.56,182.71826171875,-179.9560089111328,-38.04792404174805,183.29279831648455,-179.94145026313473,-38.056368700630735,0.5747830622344132,0.36368323447087847,0.05569166524093215,3.5006660224177693e-05,14.907115342482394,36.40658752358361,nan,0.6001381259042233,nan
242.57,182.70977783203125,-179.9626922607422,-38.04984664916992,183.2842700912187,-179.94828342164166,-38.05835236748778,0.5747358678163641,0.36373425291900163,0.055711171824639506,3.5711805724759675e-05,14.83158265004605,35.68805820486844,nan,nan,nan
242.58,182.7012939453125,-179.96939086914062,-38.051849365234375,183.27575385103913,-179.95512901172117,-38.05788668269742,0.5746686289216141,0.3637853586388424,0.05573074355364511,3.501393286173429e-05,13.782151816558835,34.95302067722282,nan,4.506958096456718,nan
242.59,182.69281005859375,-179.9761199951172,-38.053924560546875,183.26722607180076,-179.9620036530141,-38.06000023533354,0.5746215634372978,0.36383655183625646,0.05575038060492808,3.5719445427800704e-05,13.711420043322477,34.1954664720919,nan,nan,nan
242.6,182.684326171875,-179.9828643798828,-38.05607604980469,183.29663234036292,-179.9758772796739,-38.06148814056686,0.6123699488577987,0.36376809138831023,0.055745083478358395,3.5000169133990054e-05,14.359264653005523,34.093651194644,15.616088505964875,0.45240438248962545,nan
242.61,182.67584228515625,-179.9896240234375,-38.05830001831055,183.2881718322351,-179.98278729137778,-38.06374713684822,0.6123919384115057,0.363819061377989,0.05576472790531832,3.570517388157103e-05,14.289655429740266,34.31781565006488,nan,nan,nan
242.62,182.66737365722656,-179.99639892578125,-38.060546875,183.2797106516384,-179.98971789411652,-38.066287352259856,0.6124003461695577,0.36387011855255635,0.05578443767920127,3.500767357363879e-05,14.33541455543383,35.01465666463012,nan,0.037759751309829725,nan
242.63,182.6588897705078,-180.00320434570312,-38.06278610229492,183.27125086440836,-179.99666754463135,-38.06860641520835,0.6124236402472846,0.36392126310444567,0.05580421297014772,3.571304890180686e-05,14.280215357057575,33.82174471031339,nan,nan,nan
242.64000000000001,182.65040588378906,-180.01002502441406,-38.06499481201172,183.2627945817227,-180.0036343430917,-38.07008600470943,0.612443204230147,0.3639724951331475,0.05582405389850395,3.501529673225707e-05,14.009330764861836,33.828577314033,nan,0.47625234955773005,nan
242.65,182.6419219970703,-180.01686096191406,-38.067169189453125,183.2559183666729,-180.0116521350495,-38.07235418635672,0.6140403553149716,0.3639039670888521,0.05581869693947344,3.56990057779739e-05,13.951833979909283,34.01788228497655,0.04342883983288495,nan,nan
242.66,182.63343811035156,-180.0237274169922,-38.069305419921875,183.24747406092325,-180.01865312651145,-38.07122139042312,0.6140599058408908,0.3639549756843749,0.05583854440043842,3.500184104034981e-05,13.242465945243856,32.503971175606495,nan,7.96806523058925,nan
242.67000000000002,182.62496948242188,-180.03060913085938,-38.0713996887207,183.23901801257512,-180.02568166960822,-38.073375725910914,0.6140714795369626,0.3640060715575348,0.05585845757012413,3.570707707191865e-05,13.185122261225265,32.99933013425855,nan,nan,nan
242.68,182.61648559570312,-180.03750610351562,-38.073455810546875,183.23055886633918,-180.03273121285696,-38.07651183066086,0.6140994386493129,0.36405725481851114,0.055878436574414124,3.500964845872477e-05,13.281321982118888,32.89755105486079,nan,0.7361277382116974,nan
242.69,182.60800170898438,-180.04441833496094,-38.075469970703125,183.22210355069637,-180.03979659188045,-38.07859732837699,0.6141271960019292,0.3641085256437091,0.05589848157518378,3.571525119217687e-05,13.227172176948034,33.030183247286125,nan,nan,nan
242.70000000000002,182.5995330810547,-180.0513458251953,-38.07744598388672,183.12889608511662,-179.98736092023006,-38.079829937777426,0.5332212874305015,0.35900070167289533,0.05190467929304973,3.499593127915463e-05,21.31071644938591,42.062993127781304,5.367155081456462,0.4840755884468024,0.738549214496204
242.71,182.59104919433594,-180.05828857421875,-38.07938003540039,183.1204152613452,-179.9944083717343,-38.08182955904587,0.5332120716341535,0.3590541671845167,0.05191684588143709,3.570101521458947e-05,21.220577506114473,41.800660695760584,nan,nan,nan
242.72,182.5825653076172,-180.0652618408203,-38.081275939941406,183.1118791831887,-180.00141735018002,-38.08236473964966,0.5331514637909786,0.3591077172742541,0.051929068512857106,3.5003904907367615e-05,20.992921858085527,40.734866506945046,nan,1.436447140962653,nan
242.73000000000002,182.5740966796875,-180.07225036621094,-38.08313751220703,183.1033990671653,-180.0085001389724,-38.08427486661312,0.5331288797633335,0.359161356389139,0.05194135173989329,3.570935859623139e-05,20.900910047514305,41.122721746610814,nan,nan,nan
242.74,182.56561279296875,-180.07925415039062,-38.084957122802734,183.09495893109937,-180.01564004255266,-38.08717639544577,0.5331594638012963,0.35921508042947753,0.051953691381572006,3.501195994076286e-05,20.911976969656045,40.94325010050236,nan,0.7455852472614684,nan
242.75,182.55714416503906,-180.08627319335938,-38.08674240112305,183.09986738302956,-180.0307917002114,-38.089068268532806,0.5455566854939075,0.3591435568306797,0.05194874844586745,3.569574095349313e-05,20.430742901078286,41.513002550639996,4.248550818843007,nan,nan
242.76,182.5486602783203,-180.0933074951172,-38.08849334716797,183.09138316225904,-180.0379202540759,-38.09011142027685,0.5455442176226543,0.35919704695624316,0.05196112661793014,3.499889589023598e-05,20.26061823805598,41.05832233582266,nan,0.4194265119300557,nan
242.77,182.54017639160156,-180.10035705566406,-38.0902099609375,183.0829283853725,-180.04509454732656,-38.09188319025484,0.5455606943928661,0.35925062590103013,0.0519735654844173,3.5704207304258716e-05,20.171027833276536,41.044949141631484,nan,nan,nan
242.78,182.53170776367188,-180.107421875,-38.09189224243164,183.0744214535586,-180.0522330652456,-38.092215038940346,0.5455126562328083,0.3593042897967673,0.05198606119911841,3.5007066709005025e-05,20.00169904245571,41.32537470924219,nan,1.396072715994401,nan
242.79,182.5232391357422,-180.11451721191406,-38.093536376953125,183.06596749372721,-180.0594399919623,-38.09390630852473,0.5455160012026276,0.35935804274206373,0.05199861781781631,3.5712742835466674e-05,19.911239858017876,40.31452896940818,nan,nan,nan
242.8,182.51475524902344,-180.12161254882812,-38.09515380859375,183.00656735027454,-180.0479384858359,-38.09650356861791,0.4973015507183994,0.3592864227799794,0.051993754432216883,3.4994118221719324e-05,19.760008805316303,40.76237349640901,22.623060438073765,0.6762428664796126,nan
242.81,182.50628662109375,-180.12872314453125,-38.096736907958984,182.99802936830906,-180.05514652764762,-38.09814013958205,0.49721868131627006,0.3593399414582937,0.05200634904610059,3.569928320831814e-05,19.67002039665365,41.147448501730075,nan,nan,nan
242.82,182.497802734375,-180.1358642578125,-38.09828567504883,182.98953090995573,-180.0624088554696,-38.10083053043084,0.49719087992663974,0.35939354511246735,0.05201900093097521,3.500237934293952e-05,19.710275744421313,39.83262373015092,nan,0.8309102086992659,nan
242.83,182.4893341064453,-180.14300537109375,-38.09980773925781,182.98099328865212,-180.0696480035846,-38.102416613072776,0.49710850026801645,0.3594472376095501,0.0520317138246225,3.570791101446779e-05,19.623422549651174,41.10981124100176,nan,nan,nan
242.84,182.48086547851562,-180.15016174316406,-38.101295471191406,182.97240719503523,-180.07685459569578,-38.10260418781411,0.4969797880076977,0.35950101542962626,0.05204448435299124,3.501069423873252e-05,19.389711136774835,40.907872446026715,nan,1.3224277264209483,nan
242.85,182.47238159179688,-180.1573486328125,-38.10275650024414,182.94174565920403,-180.08249750801903,-38.103999247830124,0.4752966053712136,0.35942930338825474,0.05203970013015004,3.569454545164306e-05,18.33206329748046,39.614628742437276,8.680299632331574,nan,nan
242.86,182.4639129638672,-180.16453552246094,-38.10418701171875,182.9331563027062,-180.08978150734168,-38.10492036481145,0.4751610375735797,0.3594828467046513,0.05205250825578726,3.499785987815993e-05,18.2127289752134,40.92776917579316,nan,0.22305017336978958,nan
242.87,182.4554443359375,-180.17173767089844,-38.1055908203125,182.92458703708567,-180.09709926806613,-38.10637011666443,0.47504354802561516,0.3595364786577333,0.052065377498364256,3.570324249967866e-05,18.123442459571248,40.76043602966197,nan,nan,nan
242.88,182.4469757080078,-180.17897033691406,-38.106964111328125,182.9159656357534,-180.10438094627574,-38.10627536043602,0.47488483224924566,0.3595901959564392,0.05207830478367715,3.500624057898229e-05,18.031721733475827,39.623929595782094,nan,1.6247580542241307,nan
242.89000000000001,182.43849182128906,-180.1862030029297,-38.10831069946289,182.90739705451603,-180.11172747495706,-38.107655834194446,0.4747832672524938,0.3596440021234675,0.05209129340391392,3.5711984319695024e-05,17.94114736384725,40.012520756606584,nan,nan,nan
242.9,182.43002319335938,-180.19345092773438,-38.1096305847168,182.88492616845406,-180.11381982876912,-38.10826163496901,0.46182215483432504,0.35957219489609676,0.052086580766000645,3.499347546956991e-05,17.913789802474877,40.409087037774164,1.7926039391011772,0.4425777199541475,nan
242.91,182.4215545654297,-180.20071411132812,-38.110923767089844,182.8763352481164,-180.12118561692859,-38.10958360893489,0.46168392520242857,0.3596257662110162,0.05209960640568018,3.569870433641638e-05,17.821828312042708,40.225137548832286,nan,nan,nan
242.92000000000002,182.4130859375,-180.20799255371094,-38.1121940612793,182.8677510981027,-180.1285713772295,-38.11107057568167,0.46155107383632554,0.35967942289160787,0.0521126904844793,3.500190283713243e-05,17.71944225633718,39.983849220129215,nan,0.025472926017690686,nan
242.93,182.4046173095703,-180.2152862548828,-38.11343765258789,182.85916098809648,-180.13596491567282,-38.11234497340387,0.46141415722749946,0.3597331682366628,0.05212583601375011,3.570749459895518e-05,17.629280644650702,39.80378877955542,nan,nan,nan
242.94,182.39614868164062,-180.2225799560547,-38.114654541015625,182.850584569831,-180.14338476744953,-38.114000761440714,0.4612854667137405,0.3597869992918366,0.05213904033683107,3.501036425925666e-05,17.519031450147942,40.62936939363954,nan,0.11613322430553936,nan
242.95000000000002,182.38768005371094,-180.2299041748047,-38.115848541259766,182.8392842522254,-180.15712970508142,-38.115225557080954,0.45743072007539093,0.3597151005887234,0.052134398030378316,3.5694268335926545e-05,16.470481832447117,39.675586029810916,7.712112082391573,nan,nan
242.96,182.37921142578125,-180.2372283935547,-38.11701965332031,182.8307266801805,-180.16462748627907,-38.117432553751186,0.4573150852303381,0.3597686965554569,0.05214763891358683,3.499765495580506e-05,16.376780576326624,40.44275205564389,nan,0.7056974762805306,nan
242.97,182.37074279785156,-180.2445831298828,-38.1181640625,182.8221373195113,-180.17210780771438,-38.11862751055958,0.4571760069075767,0.3598223809849669,0.0521609413668129,3.570308991608764e-05,16.292983262242757,39.18716967527766,nan,nan,nan
242.98000000000002,182.36227416992188,-180.25193786621094,-38.11928939819336,182.81359841092157,-180.17964794009046,-38.12138843202317,0.45708184155080417,0.3598761511398506,0.05217430299464428,3.5006147063755627e-05,16.326595241871118,40.01893690413729,nan,1.7801786140279607,nan
242.99,182.3538055419922,-180.25930786132812,-38.12038803100586,182.8050096908669,-180.18715385354295,-38.12255542850284,0.45694209962875587,0.35993000999261515,0.052187726419735965,3.5711939235852685e-05,16.246777474781002,39.807820987458896,nan,nan,nan
243.0,182.3453369140625,-180.2666778564453,-38.12146759033203,182.77887686996428,-180.19093592656955,-38.1226136270145,0.44010799436581305,0.35985801726353717,0.05218314744979194,3.499347494157973e-05,15.703080694702416,40.641401070832316,2.77717890235161,0.810350881351365,nan
243.01,182.3368682861328,-180.27407836914062,-38.122528076171875,182.77026142598004,-180.1984692194574,-38.123727651030784,0.4399406734575703,0.35991164068555326,0.052196606816792564,3.569874834335065e-05,15.621955160489124,39.245212597964866,nan,nan,nan
243.02,182.32839965820312,-180.2814178466797,-38.123565673828125,182.76164825580437,-180.2059804513358,-38.124883928989405,0.43976912776636656,0.359965349844236,0.05221012572731872,3.500198364129868e-05,15.543058418623069,39.23228465507187,nan,0.002765228750017661,nan
243.03,182.31993103027344,-180.2886505126953,-38.12458038330078,182.7530336448536,-180.21340874157895,-38.12595827444683,0.43959196701134146,0.36001914750363573,0.05222370656254774,3.57076160544381e-05,15.455552501651228,39.46397955146522,nan,nan,nan
243.04,182.3114776611328,-180.29574584960938,-38.12557601928711,182.74442184333245,-180.22072706321222,-38.12709180362584,0.43939820301768756,0.36007303123974727,0.05223734728652703,3.50105129839176e-05,15.373539429619402,40.889763750608985,nan,0.004352522124229407,nan
243.05,182.30300903320312,-180.302734375,-38.12655258178711,182.73877628812315,-180.22595170975248,-38.128010495930994,0.4424825461605194,0.36000094765101465,0.05223282964129847,3.5694451679324504e-05,15.703519470625901,38.456190373164695,1.8309719044310089,nan,nan
243.06,182.29454040527344,-180.30972290039062,-38.12761688232422,182.7301279854501,-180.23303744832663,-38.12776645047294,0.44228635625922297,0.36005459571880793,0.05224650578776039,3.4997857293028705e-05,15.561230896444172,39.46388849170837,nan,1.2180953698487342,nan
243.07,182.28607177734375,-180.31674194335938,-38.12876510620117,182.7215181615634,-180.24017535513468,-38.12891064085574,0.4421266980659285,0.3601083320934864,0.0522602439904431,3.5703325281499544e-05,15.47991703467416,38.53937032519268,nan,nan,nan
243.08,182.27761840820312,-180.3237762451172,-38.130001068115234,182.71294033596104,-180.24735940082476,-38.131261878138304,0.4419799820358284,0.3601621545497287,0.05227404243516669,3.500639391876198e-05,15.442869807064456,39.046678773610275,nan,0.8856054933258942,nan
243.09,182.26914978027344,-180.330810546875,-38.13132095336914,182.70433039029706,-180.2545312046629,-38.13259003359987,0.4418170571101514,0.3602160655528614,0.05228790317279191,3.571221538248134e-05,15.359697959451113,39.6392012345869,nan,nan,nan
243.1,182.26068115234375,-180.33787536621094,-38.13272476196289,182.6817573684758,-180.25579642549658,-38.132821685185085,0.4290013306447598,0.3601438890730624,0.052283440356147605,3.499375444746357e-05,15.33177455724397,38.61103561976175,1.9860583872719086,0.951951153631481,nan
243.11,182.25221252441406,-180.34495544433594,-38.134212493896484,182.67312412235034,-180.2629890827974,-38.13430686479776,0.4288182209363419,0.36019756407328285,0.05229733585922913,3.569905351872954e-05,15.251282426047002,38.56530664572723,nan,nan,nan
243.12,182.24375915527344,-180.35205078125,-38.135780334472656,182.6644430184327,-180.27015484171437,-38.13411895491564,0.42858443487492875,0.3602513251551131,0.05231129194597955,3.5002288147474856e-05,15.248967601399206,39.142645544924896,nan,2.177696267938725,nan
243.13,182.23529052734375,-180.35916137695312,-38.137428283691406,182.65581033958972,-180.27737951504292,-38.13575200979274,0.4284016752103905,0.3603051745958671,0.052325310464865826,3.57079426536393e-05,15.16895702952939,38.61021886981228,nan,nan,nan
243.14000000000001,182.22682189941406,-180.3662872314453,-38.139156341552734,182.64715763951142,-180.28460181714695,-38.13671362127164,0.4282062682804398,0.36035911045282903,0.05233938990332475,3.5010833952867e-05,15.181199027126926,38.62473010083974,nan,0.3995941751600448,nan
243.15,182.21836853027344,-180.37344360351562,-38.14096450805664,182.66663314709552,-180.30243399377545,-38.13858167553706,0.45386034114132545,0.3602868437499843,0.05233497925523735,3.5694790188167524e-05,15.16022054258639,37.80118258834183,7.258534529692293,nan,nan
243.16,182.20989990234375,-180.38059997558594,-38.14284896850586,182.65799970460895,-180.30968054033337,-38.13861402545251,0.45369696255245406,0.36034054336426696,0.05234909288147988,3.499818609034235e-05,15.434866509046998,38.68861553080877,nan,2.378635246356527,nan
243.17000000000002,182.20143127441406,-180.3877716064453,-38.14480972290039,182.64941469500368,-180.3169845445535,-38.1405417464153,0.4535616483761963,0.3603943311535002,0.05236326908284865,3.5703669358440054e-05,15.354320098381512,38.59727074439153,nan,nan,nan
243.18,182.19297790527344,-180.39495849609375,-38.146846771240234,182.64083500097095,-180.32430783682824,-38.14274416717444,0.45341407695547425,0.36044820535163274,0.0523775065303343,3.50067247180601e-05,15.246365917078968,38.92396504604609,nan,0.027497333025322927,nan
243.19,182.18450927734375,-180.40216064453125,-38.14896011352539,182.63225039841814,-180.33164143233458,-38.144827664180426,0.45327932660488335,0.36050216797043194,0.052391806798739046,3.571255818635799e-05,15.166335188302357,38.31633324737417,nan,nan,nan
243.20000000000002,182.17604064941406,-180.4093780517578,-38.15114974975586,182.62103404703404,-180.34784980800248,-38.14678489743015,0.44924815040333327,0.36042980948161446,0.05238744223797105,3.499408049268361e-05,14.025738364670204,38.71648025382346,11.893835497715058,0.04707375147964451,nan
243.21,182.16758728027344,-180.41659545898438,-38.15340805053711,182.6124500635143,-180.3552554451501,-38.14901727633991,0.44909327773642704,0.3604835355318013,0.052401775999424714,3.569938847191165e-05,13.942883420592631,40.213333391981706,nan,nan,nan
243.22,182.15911865234375,-180.42384338378906,-38.15568923950195,182.6038520489596,-180.3626624852811,-38.150703344313875,0.44894961360773455,0.36053734797836967,0.05241617132241743,3.500260462250815e-05,14.037631632762414,38.590935258820345,nan,0.24935709933487743,nan
243.23000000000002,182.15066528320312,-180.4311065673828,-38.157958984375,182.59526911240263,-180.3700958437067,-38.15298315161211,0.44879798601824367,0.3605912486681634,0.05243062961635106,3.5708264994487824e-05,13.94529855819938,38.80449900858502,nan,nan,nan
243.24,182.1422119140625,-180.43836975097656,-38.16019821166992,182.58665931386054,-180.3775194416676,-38.15410427854832,0.44863502688836354,0.36064523608299504,0.05244514979896565,3.501113595649365e-05,14.236016846610617,40.09863222678422,nan,0.9158982202433885,nan
243.25,182.1337432861328,-180.44566345214844,-38.16240310668945,182.54202582881197,-180.37538398269882,-38.15630701677269,0.41433199344843374,0.36057278803299897,0.052440828124247545,3.5695095026177976e-05,13.68277645823245,38.6740267994624,10.379574091645601,nan,nan
243.26,182.1252899169922,-180.4529571533203,-38.16456604003906,182.53340864445954,-180.38287219848726,-38.1594685556075,0.4141241129794942,0.3606265386368213,0.052455381166268654,3.499846930457773e-05,13.308934258274085,39.77837731705334,nan,0.6801142736778778,nan
243.27,182.1168212890625,-180.46026611328125,-38.166690826416016,182.52476901404566,-180.39035416004748,-38.16161921354392,0.4139260184876291,0.36068037731068125,0.052469997332415474,3.570395279702832e-05,13.212997619991185,38.91738806643482,nan,nan,nan
243.28,182.10836791992188,-180.4676055908203,-38.16877365112305,182.51613013766632,-180.39784953578987,-38.163744534431316,0.4137163586903223,0.3607343026893809,0.052484675688532656,3.500698557806164e-05,13.142842144695681,38.136911464938876,nan,0.0001529586871885426,nan
243.29,182.09991455078125,-180.4749298095703,-38.170814514160156,182.50749131434006,-180.4053576227226,-38.165815068857746,0.4135022392069704,0.36078831638985354,0.05249941742299908,3.57128166029022e-05,13.045321737635557,40.01664528226077,nan,nan,nan
243.3,182.09146118164062,-180.48228454589844,-38.172813415527344,182.54274292829783,-180.42601669915587,-38.169919550804394,0.4547852898852985,0.3607157776271238,0.05249513288872346,3.49943160626054e-05,12.968730695479287,37.83897800114964,15.584649338855245,2.769032513175914,nan
243.31,182.08299255371094,-180.48965454101562,-38.174774169921875,182.53417670643464,-180.4335627194559,-38.171932641354005,0.45466636823003775,0.3607695541997343,0.05250990675091914,3.5699619141928805e-05,12.884186181576366,37.01974114196177,nan,nan,nan
243.32,182.0745391845703,-180.4970245361328,-38.17669677734375,182.5256120988916,-180.44112205174275,-38.17396411011916,0.4545319892652666,0.36082341745171814,0.052524743094006954,3.5002812015045944e-05,12.798342156732208,38.18335038380347,nan,0.00228261292603351,nan
243.33,182.0660858154297,-180.50440979003906,-38.17858123779297,182.51704659220135,-180.44869249710814,-38.17590160882379,0.4543976445025512,0.36087736885895655,0.052539642974642954,3.57084650791626e-05,12.713812553881022,37.84006550186352,nan,nan,nan
243.34,182.05763244628906,-180.51181030273438,-38.18042755126953,182.50848395035,-180.45627695057757,-38.17791721279013,0.4542657082755342,0.36093140726821643,0.05255460565538444,3.50113128736098e-05,12.62119309654884,37.503502068555946,nan,0.009339079689404494,nan
243.35,182.04917907714844,-180.51922607421875,-38.18223571777344,182.50067156484806,-180.46805155853227,-38.1798404961029,0.4543897386515159,0.36085877963352575,0.052550354619092465,3.569526301175982e-05,12.146485051995107,37.45545104191764,1.9491313594101811,nan,nan
243.36,182.0407257080078,-180.52664184570312,-38.18400955200195,182.49212027041935,-180.47568377999986,-38.18216213924604,0.4542655482961613,0.36091258066987053,0.05256534874049394,3.4998614561869885e-05,12.011880035427449,38.04909495522982,nan,0.16983084263099602,nan
243.37,182.0322723388672,-180.53408813476562,-38.18574905395508,182.48355924277172,-180.4833195361531,-38.183963574281506,0.4541371028428344,0.3609664696991593,0.05258040656104515,3.570408640914297e-05,11.93461092160256,36.58854438264146,nan,nan,nan
243.38,182.02381896972656,-180.54153442382812,-38.18745040893555,182.47500971555158,-180.49097593589792,-38.1862903602048,0.454016074090974,0.36102044569744185,0.052595527459689505,3.500709710609055e-05,11.813898229597267,37.354816174589175,nan,0.2208351545378034,nan
243.39000000000001,182.01536560058594,-180.5489959716797,-38.18912124633789,182.466449355383,-180.49863476933785,-38.18802993615596,0.4538876463410707,0.36107450994635015,0.052610712319232804,3.57129144676644e-05,11.73971414427157,36.85477761607992,nan,nan,nan
243.4,182.0069122314453,-180.55645751953125,-38.190757751464844,182.46023545993972,-180.5073582324451,-38.1887540500187,0.45597884194823,0.3610017926402788,0.052606489299420064,3.4994393639250614e-05,11.763882924259109,37.736940377509654,0.8236003525273926,0.8783469504489743,nan
243.41,181.9984588623047,-180.56393432617188,-38.192359924316406,182.4516800550663,-180.51504190880274,-38.190420741180375,0.4558548875198067,0.3610556192085115,0.05262170483156867,3.56996812582305e-05,11.685430658414488,37.38349382903,nan,nan,nan
243.42000000000002,181.99000549316406,-180.57142639160156,-38.193931579589844,182.443148195483,-180.52275477157178,-38.19327563695591,0.45574956447808357,0.36110953270763535,0.05263698371030274,3.5002854000843364e-05,11.524161894483793,36.81396049840137,nan,1.0499154424397072,nan
243.43,181.98155212402344,-180.5789337158203,-38.195472717285156,182.43459372147228,-180.53046025763797,-38.19489259571956,0.45562781050786116,0.36116353430149084,0.05265232671634752,3.57084898420495e-05,11.453886625572755,36.369498429906734,nan,nan,nan
243.44,181.9730987548828,-180.58645629882812,-38.196983337402344,182.42604584501845,-180.53818130364965,-38.19681017466354,0.4555124275002354,0.3612176231431245,0.05266773338125118,3.501131873913559e-05,11.378744502155737,35.92069364988811,nan,0.07714410081237599,nan
243.45000000000002,181.9646453857422,-180.59397888183594,-38.198463439941406,182.41619072604902,-180.5398983229761,-38.198441785102446,0.4547723624719763,0.3611448176817115,0.052663534384918775,3.569525123516778e-05,11.899074512205877,36.30181178774292,3.6514392523099524,nan,nan
243.46,181.95619201660156,-180.60150146484375,-38.199913024902344,182.40761084026522,-180.54759344056046,-38.19872065779635,0.4546278161082142,0.36119866859522937,0.05267897098461877,3.4998585266073235e-05,11.871250515419357,36.986523786415745,nan,1.1112444693591617,nan
243.47,181.94775390625,-180.6090545654297,-38.201332092285156,182.3990539482932,-180.55531635417668,-38.20021314993892,0.45448957669987194,0.3612526074515295,0.05269447187960415,3.5704036832919685e-05,11.799108258634337,35.99387442959174,nan,nan,nan
243.48000000000002,181.93930053710938,-180.61660766601562,-38.202728271484375,182.39046763021466,-180.5630267901754,-38.19995951272893,0.45434603792915695,0.3613066335103773,0.052710036690323384,3.500703150993404e-05,11.916347248272958,36.15070766523392,nan,2.084819816773945,nan
243.49,181.93084716796875,-180.62417602539062,-38.2040901184082,182.38191153552214,-180.57077043342233,-38.201380574182146,0.4542230317363192,0.3613607477752914,0.052725666064583655,3.5712827196074556e-05,11.83714519599741,35.965211668031735,nan,nan,nan
243.5,181.92239379882812,-180.63174438476562,-38.20542907714844,182.39438622190798,-180.58164388023906,-38.20316986236857,0.4746493569468205,0.36128785365339,0.05272148581235749,3.499429332222877e-05,12.260706425713964,36.05817886327922,4.33705524217247,0.11923272276974231,nan
243.51,181.91395568847656,-180.6393280029297,-38.20674133300781,182.38586402509148,-180.58940023026943,-38.20454236354314,0.4745472538285074,0.36134172969123723,0.05273714431745624,3.569955808494739e-05,12.183821451037433,36.01065882589692,nan,nan,nan
243.52,181.90550231933594,-180.6469268798828,-38.20802688598633,182.3773049680806,-180.5971385133508,-38.20361759643002,0.4744428971317867,0.361395692881691,0.05275286698658176,3.500271807601399e-05,12.53885492007516,35.558627458827104,nan,3.64377654780172,nan
243.53,181.8970489501953,-180.654541015625,-38.209285736083984,182.3687835858213,-180.60491436049782,-38.20491697808963,0.47435794227007533,0.36144974413215875,0.05276865439076008,3.570832989746234e-05,12.453898240956729,35.12319155873149,nan,nan,nan
243.54,181.88861083984375,-180.6621551513672,-38.21051788330078,182.36025708885225,-180.61269581149094,-38.20584629177621,0.4742554525486824,0.36150388284681817,0.05278450626534707,3.5011147793732514e-05,12.477474003407456,36.27012386249102,nan,0.08436483823811258,nan
243.55,181.88015747070312,-180.66976928710938,-38.211727142333984,182.3254997087852,-180.60725835263867,-38.20708562921571,0.44973199751894627,0.3614309013121672,0.05278034049361977,3.5695056811822915e-05,12.724882550033987,36.1951019944299,8.825264924395249,nan,nan
243.56,181.87171936035156,-180.67739868164062,-38.212913513183594,182.3169446468643,-180.61503862024344,-38.20893096051574,0.4495889163820239,0.36148480155039725,0.05279622071323122,3.4998381604795356e-05,12.509306185025752,35.96171589753666,nan,0.2722725099377346,nan
243.57,181.86326599121094,-180.68504333496094,-38.21407699584961,182.3083803269321,-180.62282112640887,-38.21013851863558,0.4494595495752239,0.3615387897061291,0.052812165840119815,3.5703807251597565e-05,12.42691469744245,34.97264043781045,nan,nan,nan
243.58,181.85482788085938,-180.6927032470703,-38.215213775634766,182.29984668687243,-180.63063474907537,-38.21336597381938,0.44933022435640846,0.36159286526961915,0.05282817567542672,3.5006794522490934e-05,12.026678303137787,34.7676080951837,nan,2.9438891375102587,nan
243.59,181.84637451171875,-180.7003631591797,-38.216331481933594,182.29128276720658,-180.6384354221475,-38.21454980939104,0.4492010404843281,0.3616470290189774,0.05284425069172534,3.571256344777933e-05,11.954704125206945,34.65556730651038,nan,nan,nan
243.6,181.8379364013672,-180.70802307128906,-38.21742630004883,182.2718481483946,-180.64995095119636,-38.2163788136255,0.43778176363144555,0.3615739598066616,0.05284009427162807,3.499402566641212e-05,11.076987312408209,35.96967792478775,5.429505634607942,0.339694393240583,nan
243.61,181.82948303222656,-180.7156982421875,-38.21849822998047,182.26326957916763,-180.65779517023708,-38.217526670391024,0.43763509682883495,0.36162788478896923,0.05285619679355902,3.569926302401485e-05,11.009655789212834,35.00422478014566,nan,nan,nan
243.62,181.821044921875,-180.72335815429688,-38.219547271728516,182.25468089720704,-180.6656263329722,-38.21789244599667,0.4374652680428856,0.3616818971183579,0.05287236425423222,3.500241927114858e-05,10.997880662596984,35.14821860538868,nan,0.4094135808097438,nan
243.63,181.81260681152344,-180.73092651367188,-38.220577239990234,182.24610318781617,-180.6734122416079,-38.21899221267867,0.4372979671363236,0.3617359974963181,0.05288859707040539,3.570800304336845e-05,10.923077134144654,35.39711913091782,nan,nan,nan
243.64000000000001,181.8041534423828,-180.73838806152344,-38.221588134765625,182.23750934359578,-180.68108567561976,-38.2188685793354,0.43713647357328994,0.3617901855282285,0.052904895126846756,3.501081905265389e-05,10.997464366872746,34.22884993292703,nan,1.022760631419798,nan
243.65,181.79571533203125,-180.74571228027344,-38.22257614135742,182.19915290784803,-180.68801749735715,-38.219822597371824,0.4075514048082267,0.3617170296693101,0.05290074359297605,3.5694701275196314e-05,9.938226855232434,35.76387224014887,13.002853399173103,nan,nan
243.66,181.7872772216797,-180.7530517578125,-38.22365188598633,182.19054023207326,-180.69555120870373,-38.22172737223442,0.4073463789610483,0.36177097868346514,0.05291706832394008,3.4998025960590685e-05,9.771935173588172,35.43327352286045,nan,0.47872978970351365,nan
243.67000000000002,181.77882385253906,-180.76040649414062,-38.224815368652344,182.1819166362151,-180.7030905418555,-38.22290489687779,0.4071517659797824,0.3618250156119517,0.05293345858481441,3.57034226389197e-05,9.709697212984215,34.65281002906704,nan,nan,nan
243.68,181.7703857421875,-180.76776123046875,-38.2260627746582,182.17756522372247,-180.67133827633614,-38.224555148917666,0.4184432926958171,0.36186477653267096,0.051731351385405515,3.50059457409018e-05,18.91309333838336,45.29604700426938,nan,0.0922417691186742,1.2679540649410899
243.69,181.76194763183594,-180.77513122558594,-38.22739791870117,182.168966634251,-180.67883445370953,-38.22590934805171,0.41825799746490666,0.3619188218719423,0.051743603327830755,3.5711674654618064e-05,18.810706181465186,44.87372187348157,nan,nan,nan
243.70000000000002,181.7534942626953,-180.78253173828125,-38.22881317138672,182.1595325437029,-180.6787920160369,-38.2276724188495,0.4190827089385676,0.36184607092358373,0.0517385140425363,3.499316872863401e-05,19.818591847283006,42.82862346343372,11.618887216614958,0.20726458673572892,nan
243.71,181.74505615234375,-180.7899169921875,-38.23031234741211,182.15092904469742,-180.6862753971593,-38.2291962948779,0.41889811474961475,0.36189987969799825,0.051750804311786684,3.5698366430743444e-05,19.71664829278511,44.975853399233806,nan,nan,nan
243.72,181.7366180419922,-180.79733276367188,-38.23189163208008,182.14231813028718,-180.69374842933442,-38.23001787670886,0.41871922205923306,0.3619537750985072,0.051763151797284045,3.500155350343072e-05,19.68565529520683,43.800456782859854,nan,0.4353065728735718,nan
243.73000000000002,181.72816467285156,-180.8047637939453,-38.233551025390625,182.13371481987443,-180.70125575830315,-38.2316989362231,0.418554973004803,0.36200775752879244,0.0517755589398501,3.570709793016426e-05,19.58679091700401,43.05228481088645,nan,nan,nan
243.74,181.7197265625,-180.81219482421875,-38.23529052734375,182.12510943198419,-180.70876809375238,-38.23321911861977,0.4183738163177716,0.3620618268849071,0.051788023644620214,3.500994574737792e-05,19.51640887488083,44.232511506979655,nan,0.041308835344363234,nan
243.75,181.71128845214844,-180.81964111328125,-38.23711013793945,182.12545776253023,-180.7181739360648,-38.23503555795529,0.4264224543765443,0.3619889913024598,0.0517830196894018,3.569379104552072e-05,19.686101086376336,43.70207585556104,0.7785313825456864,nan,nan
243.76,181.70285034179688,-180.8271026611328,-38.23900604248047,182.11686596039542,-180.7257051105581,-38.23662188111417,0.4262582315117268,0.3620428238305881,0.05179552235032743,3.499714836474115e-05,19.63315255206101,43.49502954582745,nan,0.0779093776524791,nan
243.77,181.6944122314453,-180.83456420898438,-38.2409782409668,182.10827726761366,-180.7332566043001,-38.23861525188303,0.42609046298515374,0.3620967432782927,0.05180808482034333,3.570250657908159e-05,19.531042264292672,44.18557852292067,nan,nan,nan
243.78,181.6859588623047,-180.84205627441406,-38.24302673339844,182.09970565091194,-180.74087157652718,-38.24266725488684,0.425939992715026,0.36215074957936866,0.05182070522971314,3.500552906898007e-05,19.286400262995897,42.199503212320955,nan,2.771497447249073,nan
243.79,181.67752075195312,-180.84954833984375,-38.245147705078125,182.09111775199915,-180.74844560535968,-38.24483375692265,0.42577498744133924,0.3622048430795189,0.0518333856841713,3.571123064847893e-05,19.191385758787852,43.41071507735237,nan,nan,nan
243.8,181.66908264160156,-180.85704040527344,-38.247344970703125,182.09057041136296,-180.75419583770213,-38.24704106950905,0.43385370517410965,0.362131923004416,0.05182846083599483,3.499273438932104e-05,19.86473728641558,43.73509630208064,3.5395219125614563,0.00047669954178200963,nan
243.81,181.66064453125,-180.86456298828125,-38.24961471557617,182.08199390435516,-180.76177256161876,-38.24935715896799,0.43370638958283075,0.3621857793973526,0.05184117873439737,3.5697904798510685e-05,19.77232813935261,42.38653177136703,nan,nan,nan
243.82,181.65220642089844,-180.87208557128906,-38.25190734863281,182.07341845420248,-180.76936159299115,-38.25178687033591,0.43355715566981295,0.3622397225684954,0.051853954937590124,3.500110119215029e-05,19.6781243761113,42.84315987666917,nan,0.0030901089994024677,nan
243.83,181.64376831054688,-180.87960815429688,-38.25418472290039,182.06484291978373,-180.7769594317676,-38.25415584742809,0.43340580016267943,0.36229375283144805,0.05186679134559321,3.5706618343448174e-05,19.58386519946934,43.539765214613574,nan,nan,nan
243.84,181.6353302001953,-180.8871612548828,-38.256431579589844,182.05625575351723,-180.7845278248515,-38.25486198407481,0.4332602059149219,0.3623478701693621,0.051879686395000464,3.500947689642598e-05,19.563763518878517,42.285263297948134,nan,1.9054580207699787,nan
243.85,181.62689208984375,-180.89471435546875,-38.258644104003906,182.04339199297863,-180.7844501871952,-38.25708283882772,0.43085124308207473,0.3622748661599696,0.05187483835975154,3.569329679005337e-05,20.415367535979957,42.609443331959085,6.991228423782594,nan,nan
243.86,181.6184539794922,-180.90228271484375,-38.26081848144531,182.03481086903503,-180.79205612610912,-38.25977036961836,0.4307018213013085,0.36232874612787996,0.05188777042013842,3.499666611097851e-05,20.288515234722595,42.064392791070944,nan,0.12757141102437747,nan
243.87,181.61001586914062,-180.90985107421875,-38.2629508972168,182.02622711304878,-180.7996619124727,-38.26199769127756,0.43055122752517294,0.3623827130818256,0.051900762848780285,3.5701997323850426e-05,20.191496455260094,42.619696755040664,nan,nan,nan
243.88,181.60157775878906,-180.9174346923828,-38.26504135131836,182.01765777547354,-180.80732546709208,-38.26628281216449,0.43040465030400155,0.36243676703204986,0.05191381426912081,3.5005033102604995e-05,20.120171492304962,42.226187451236775,nan,3.1072856791430383,nan
243.89000000000001,181.5931396484375,-180.92503356933594,-38.26708984375,182.00907474086733,-180.81495091495984,-38.268450511959884,0.4302581124477256,0.3624909082505365,0.05192692630283728,3.57107078524627e-05,20.039225158420276,41.81879190838508,nan,nan,nan
243.9,181.58470153808594,-180.93263244628906,-38.26909637451172,181.9811750947548,-180.81318705903152,-38.27018643190094,0.414076888874369,0.36241782053019167,0.05192214924519286,3.499222777954182e-05,20.27646580172835,42.52570766675103,5.099041287723757,0.07601955812117851,nan
243.91,181.57627868652344,-180.94024658203125,-38.27106475830078,181.97256001354552,-180.82080936732973,-38.272270516113394,0.41389079749849583,0.3624717241047275,0.05193529773587824,3.5697371648831936e-05,20.193884932255354,42.49227893320887,nan,nan,nan
243.92000000000002,181.56784057617188,-180.94786071777344,-38.27299499511719,181.96395262721137,-180.82846713491355,-38.275531925112865,0.4137221538915201,0.36252571459461486,0.05194850555737412,3.5000583616100024e-05,20.247508868099256,42.547829099708494,nan,1.043810146377218,nan
243.93,181.5594024658203,-180.9554901123047,-38.27488708496094,181.95533810717038,-180.836108072898,-38.27755177481279,0.4135507272345073,0.36257979224920933,0.05196177416268804,3.570607448482718e-05,20.17416391193468,42.08595171842004,nan,nan,nan
243.94,181.55096435546875,-180.963134765625,-38.27674102783203,181.94673126833376,-180.8437849668823,-38.28081249982228,0.41339134081738016,0.36263395711355717,0.051975102426654804,3.5008949695616664e-05,20.361703455381825,41.89159307043715,nan,1.1527274976386128,nan
243.95000000000002,181.54254150390625,-180.9707794189453,-38.27855682373047,181.93123539778273,-180.85368691053102,-38.282737263199614,0.40596930270374443,0.3625607861713031,0.05197039346821458,3.5692745303978564e-05,19.62139769984782,43.05066880891973,3.176575000030521,nan,nan
243.96,181.5341033935547,-180.9784393310547,-38.280338287353516,181.92261540448925,-180.86138385602743,-38.28514159869763,0.4057913733362781,0.362614713129779,0.05198375769602256,3.499613220708391e-05,19.703911912417087,42.11064385784961,nan,0.1637445898269728,nan
243.97,181.52566528320312,-180.98611450195312,-38.282081604003906,181.91399320484854,-180.8690799874808,-38.28703437264355,0.40561087537739415,0.3626687271504592,0.051997182881217595,3.5701437833203127e-05,19.645867208143844,41.741718783496694,nan,nan,nan
243.98000000000002,181.51724243164062,-180.99378967285156,-38.283790588378906,181.90537329468629,-180.87679202907285,-38.28925469615339,0.4054181446014864,0.36272282829711505,0.0520106680499675,3.5004492139130276e-05,19.724113087740534,42.810624941215615,nan,0.0923227771119209,nan
243.99,181.50880432128906,-181.00146484375,-38.28546905517578,181.89675197989138,-180.88450574913367,-38.291083733832316,0.4052336859700914,0.362777016790334,0.0520242144296643,3.571014166569637e-05,19.66630395087092,42.611170034302155,nan,nan,nan
244.0,181.5003662109375,-181.0091552734375,-38.287109375,181.9023510880896,-180.8928956619282,-38.2912577081783,0.41847980524207,0.3627037629073221,0.05201956804375299,3.499168255027473e-05,19.901962242879552,41.66047210101436,3.409981390075692,1.7980908501785315,nan
244.01,181.491943359375,-181.01686096191406,-38.288719177246094,181.8937519242241,-180.9006134358193,-38.293005667539695,0.41830847960359785,0.36275771322547223,0.05203314979213409,3.5696801653285385e-05,19.83930898830974,41.527414247836184,nan,nan,nan
244.02,181.48350524902344,-181.02456665039062,-38.29029846191406,181.88514838196306,-180.9083209902178,-38.29370608113406,0.41814097098385944,0.3628117505839806,0.05204679183852011,3.500003373968265e-05,19.570734152432543,41.188995040876435,nan,0.7288827724323175,nan
244.03,181.47508239746094,-181.03228759765625,-38.29184341430664,181.8765497972743,-180.9160554114266,-38.295381498658166,0.4179695111721629,0.36286587518814134,0.05206049527541011,3.570550026113077e-05,19.504462485393,41.27865448801689,nan,nan,nan
244.04,181.46664428710938,-181.04000854492188,-38.293357849121094,181.86795293965048,-180.92380402570447,-38.29736577504725,0.41781358087206105,0.3629200871252562,0.05207425933019901,3.500839632940016e-05,19.52761815067428,41.275173474687755,nan,0.08115399135938134,nan
244.05,181.45822143554688,-181.04774475097656,-38.29484558105469,181.82120243359682,-180.9195414278721,-38.29907285846674,0.3849794369504446,0.3628467507424853,0.052069672154763894,3.569216958698392e-05,19.175435354656738,41.72418354289952,11.8247323559109,nan,nan
244.06,181.4497833251953,-181.0554962158203,-38.29629898071289,181.81255286708392,-180.92732967849545,-38.30318594831396,0.38480622673581427,0.36290072424393877,0.05208347102734931,3.4995577929211756e-05,19.94763348685841,41.71118465379094,nan,4.488694485012211,nan
244.07,181.4413604736328,-181.063232421875,-38.297725677490234,181.80389338362988,-180.93508296980895,-38.304775231938265,0.38458040656498654,0.36295478489081,0.05209733147237098,3.5700860175653044e-05,19.898101597507562,43.48962724015944,nan,nan,nan
244.08,181.43292236328125,-181.0709991455078,-38.29912567138672,181.79523151715247,-180.94283209029638,-38.305600187344574,0.3843652382530724,0.36300893278274066,0.052111252836696285,3.50039365254172e-05,19.621712899086788,41.18076833290323,nan,0.3832969737773304,nan
244.09,181.42449951171875,-181.07876586914062,-38.30049514770508,181.78657283602973,-180.95060119267643,-38.3071276673068,0.3841448513087816,0.3630631681060649,0.05212523603456647,3.57095631561841e-05,19.57257233040759,42.217113289298965,nan,nan,nan
244.1,181.41607666015625,-181.08653259277344,-38.30183792114258,181.79499479910658,-180.96576011269445,-38.30891819955207,0.39776259038823963,0.36298974954380914,0.05212070278029481,3.4991128019676556e-05,19.606346322361745,42.56503942290597,4.202786315098103,0.0109816063945324,nan
244.11,181.4076385498047,-181.0943145751953,-38.30315399169922,181.78636547320806,-180.9735599361087,-38.31039764606836,0.39757796204033397,0.36304374616656576,0.05213472016014205,3.569622478225075e-05,19.561578828891285,41.48227637364189,nan,nan,nan
244.12,181.3992156982422,-181.1020965576172,-38.304443359375,181.77773529809028,-180.9813612116421,-38.311459141802985,0.39737052286242475,0.36309782994499035,0.052148798751089444,3.4999479841521465e-05,19.414516631287942,42.265218077821906,nan,0.10871876644749577,nan
244.13,181.39077758789062,-181.10989379882812,-38.30570983886719,181.76910702733215,-180.98917591449876,-38.312884130409046,0.39718691167286413,0.36315200105563483,0.05216293936231719,3.570492453701761e-05,19.368452399592528,41.06293435136294,nan,nan,nan
244.14000000000001,181.38235473632812,-181.11769104003906,-38.30694580078125,181.76047998926856,-180.99700101782187,-38.31450185085418,0.39699103549923975,0.36320625961319974,0.052177141497559296,3.500784399291375e-05,19.47512260444719,42.28369846363467,nan,0.03326739033417195,nan
244.15,181.37393188476562,-181.12550354003906,-38.308162689208984,181.72808395496673,-180.9829417726601,-38.31591398188901,0.3818476514058418,0.3631327592806618,0.052172658410266595,3.569159732693121e-05,21.26251813936928,41.91043653183256,33.214875777642206,nan,nan
244.16,181.36550903320312,-181.13331604003906,-38.30935287475586,181.71941276401967,-180.99070614136377,-38.317478769925266,0.38164311084879643,0.3631867788787817,0.052186894121399575,3.499502932714078e-05,21.384680011721798,42.50691410168792,nan,0.0307891607382192,nan
244.17000000000002,181.35707092285156,-181.14114379882812,-38.310516357421875,181.71074113691586,-180.9984743784386,-38.3188139245355,0.38145253105802246,0.36324088571031055,0.05220119204109553,3.570029086239882e-05,21.34737015530004,41.546275656634705,nan,nan,nan
244.18,181.34864807128906,-181.1489715576172,-38.31166076660156,181.70206662359564,-181.00623365226906,-38.318978866370635,0.38122478581786756,0.3632950798975691,0.05221555176483662,3.5003391167128396e-05,20.868329177543295,41.75848601552504,nan,0.9298162371234003,nan
244.19,181.34022521972656,-181.15679931640625,-38.312782287597656,181.6933954146597,-181.01401529580605,-38.32025797690463,0.3810148934864452,0.3633493616053994,0.05222997396480013,3.570899763255052e-05,20.822286571057777,42.07682153666803,nan,nan,nan
244.20000000000002,181.33180236816406,-181.16464233398438,-38.313880920410156,181.71714546330364,-181.03998341860682,-38.32216798889801,0.405089893306384,0.3632757798479024,0.05222553593071835,3.4990587908714484e-05,20.377379061553363,41.24897515004092,18.52011667113684,0.44282766255175793,nan
244.21,181.32337951660156,-181.1724853515625,-38.31495666503906,181.70853079750276,-181.04782601665204,-38.32340923134915,0.4049109838438302,0.3633298223352858,0.05223999103050297,3.56956651041153e-05,20.335795450462644,41.603975008014956,nan,nan,nan
244.22,181.31494140625,-181.1803436279297,-38.316009521484375,181.69991621825093,-181.0556736879813,-38.32451712057846,0.4047475497692749,0.3633839520859936,0.05225450820564172,3.4998944465199814e-05,20.324174069301627,40.60199234012641,nan,0.008994871384530808,nan
244.23000000000002,181.3065185546875,-181.18817138671875,-38.31704330444336,181.69130234436759,-181.0635120720816,-38.325716766591874,0.40456611137366905,0.3634381692590868,0.05226908804883538,3.570437015025831e-05,20.281871700677627,41.08917194924695,nan,nan,nan
244.24,181.298095703125,-181.19601440429688,-38.31816482543945,181.68268793808127,-181.07133481664033,-38.32653365826383,0.40438375848902375,0.3634924739857927,0.05228373027434453,3.5007314043177536e-05,20.097979357103704,40.349493024518814,nan,0.12262628018443036,nan
244.25,181.2896728515625,-181.20384216308594,-38.31937026977539,181.66810880474281,-181.07376841041244,-38.327789296115235,0.4002547086525907,0.3634188111927592,0.05227933322830179,3.569105011199548e-05,20.464228248034434,41.66668621849072,2.070177401330915,nan,nan
244.26,181.28125,-181.21170043945312,-38.32066345214844,181.6594846826423,-181.0815902887076,-38.32910203988802,0.40007666295797245,0.3634728764421719,0.05229400769497737,3.499450655770561e-05,20.43670116551898,40.09697224372891,nan,0.00560326655548335,nan
244.27,181.2728271484375,-181.21954345703125,-38.32203674316406,181.65086122957038,-181.0894197098298,-38.33058832296126,0.39989384291428787,0.36352702901589345,0.052308745022246465,3.569975024620593e-05,20.371196832071465,41.42508693967671,nan,nan,nan
244.28,181.264404296875,-181.2274169921875,-38.32349395751953,181.64223377490586,-181.09722593489442,-38.32948285510184,0.3996757345178879,0.3635812690494102,0.052323544992675844,3.5002875034984726e-05,19.271884884296778,38.8409248283704,nan,5.055928950881198,nan
244.29,181.2559814453125,-181.2352752685547,-38.325035095214844,181.63361125922148,-181.10506796792626,-38.33111013421918,0.3994935839144079,0.3636355966952368,0.05233840809688203,3.570846421588682e-05,19.202689002642003,39.93979981853454,nan,nan,nan
244.3,181.24755859375,-181.24314880371094,-38.326656341552734,181.6256085695845,-181.117320855922,-38.332670552162234,0.3984854168002845,0.36356185322679346,0.05233404704906366,3.499008000318153e-05,18.620190608198303,39.33604930768607,2.115846725910055,0.02108708211116266,nan
244.31,181.2391357421875,-181.2510223388672,-38.32835388183594,181.61698925678363,-181.12519425466562,-38.33445999809454,0.39830047692947357,0.3636159411379148,0.05234894167853473,3.5695140512633467e-05,18.55385924989237,39.77491444632882,nan,nan,nan
244.32,181.230712890625,-181.2589111328125,-38.330135345458984,181.60836993412678,-181.1330716656996,-38.336117336949485,0.3981158100502448,0.3636701164140245,0.05236389920416404,3.499844422873651e-05,18.456154994098487,38.92336784623845,nan,0.03190519896000427,nan
244.33,181.2222900390625,-181.2667999267578,-38.331993103027344,181.59975127418295,-181.14095723917256,-38.3380646889822,0.3979324442582444,0.363724379204645,0.05237892005841968,3.5703853786245614e-05,18.390119210130408,39.26877014678728,nan,nan,nan
244.34,181.2138671875,-181.2747039794922,-38.333927154541016,181.59113337356507,-181.148851437676,-38.34036663065935,0.3977563378280209,0.3637787296498803,0.05239400411086007,3.500682194416312e-05,18.46759450616234,38.79879921331391,nan,0.05377847509035334,nan
244.35,181.2054443359375,-181.28260803222656,-38.3359375,181.55947660256277,-181.14147482696995,-38.34247806512835,0.3811826418267583,0.3637049058842316,0.05238967475544864,3.5690543436103564e-05,19.293491676020192,39.45896463269819,12.584363062465828,nan,nan
244.36,181.19703674316406,-181.29051208496094,-38.33802032470703,181.55082110720116,-181.14935243491203,-38.34666767539344,0.3810041990752281,0.3637590163401961,0.05240478962455898,3.4994023950157766e-05,20.155751770127523,41.258175134286404,nan,2.84357385684672,nan
244.37,181.18861389160156,-181.2984161376953,-38.34018325805664,181.54216407950366,-181.1572171815025,-38.34894669959371,0.38080398961030815,0.36381321421278384,0.05241996801704482,3.569925265046982e-05,20.094495968993836,40.727708408936444,nan,nan,nan
244.38,181.18019104003906,-181.30633544921875,-38.34241485595703,181.53350656026632,-181.16507629242747,-38.350029185127894,0.38058374140202217,0.3638674996440719,0.05243520985150304,3.500240134364021e-05,19.525588233529433,39.741042226704934,nan,1.1411514272223184,nan
244.39000000000001,181.17176818847656,-181.31427001953125,-38.344722747802734,181.52485069521478,-181.1729518026523,-38.352444286858926,0.38039153138810045,0.36392187278054833,0.05245051548704734,3.570797608147944e-05,19.46644382276211,38.945569734766764,nan,nan,nan
244.4,181.16336059570312,-181.3221893310547,-38.3470458984375,181.50660187365995,-181.17821513097013,-38.35472764689058,0.37229310286750694,0.3638479690854587,0.05244621291684521,3.498961643197841e-05,19.31864489929588,40.8258803829176,0.7218646118327869,0.024456530064960486,nan
244.41,181.15493774414062,-181.33013916015625,-38.3493537902832,181.49793144303192,-181.18609917500012,-38.35718968737055,0.3720935313682174,0.3639021019785934,0.05246154861380875,3.5694663066939273e-05,19.28115821108556,38.79861783419928,nan,nan,nan
244.42000000000002,181.14651489257812,-181.33807373046875,-38.35163497924805,181.48926205389918,-181.19399543343792,-38.360546082520834,0.37190533745899,0.3639563223336997,0.052476947989509776,3.499799019640807e-05,19.75641369300324,40.256368684631795,nan,0.5917796432263075,nan
244.43,181.1381072998047,-181.3460235595703,-38.35387420654297,181.48059259280853,-181.2018895160713,-38.362963381410324,0.3716899400294205,0.3640106302961166,0.052492411362192716,3.570338641042253e-05,19.728737526514116,40.27264513939788,nan,nan,nan
244.44,181.1296844482422,-181.35397338867188,-38.356075286865234,181.47192318534087,-181.20978296523597,-38.364584590762426,0.3714709135778204,0.36406502600970225,0.052507938711665,3.50063777228909e-05,19.411062036143704,39.581516620386566,nan,0.40551844233648143,nan
244.45000000000002,181.12127685546875,-181.36192321777344,-38.358238220214844,181.4706169692187,-181.22158765542153,-38.36685519507895,0.37657248623772294,0.36399104275798433,0.05250365843996148,3.569008721061627e-05,19.251857011143315,39.98301659258479,0.934733575340556,nan,nan
244.46,181.11285400390625,-181.36988830566406,-38.360355377197266,181.46196141747708,-181.22950254803328,-38.36863824015872,0.3763678426413771,0.3640451979761359,0.05251921509489359,3.4993590534184854e-05,19.060964571393356,38.745793930605416,nan,0.18102089482969194,nan
244.47,181.1044464111328,-181.3778533935547,-38.362430572509766,181.45330652249186,-181.2374259192341,-38.37088142519414,0.37615777242082055,0.3640994407034825,0.05253483594186416,3.5698806955136795e-05,19.028992851737357,39.47403518131799,nan,nan,nan
244.48000000000002,181.0960235595703,-181.3858184814453,-38.364463806152344,181.44465199944534,-181.245352044344,-38.37275452881929,0.3759539135638475,0.36415377108439356,0.05255052099433681,3.500197814698444e-05,18.920649212132393,39.11023789386554,nan,0.0767093938377321,nan
244.49,181.08761596679688,-181.393798828125,-38.366458892822266,181.4359980464601,-181.2532852937596,-38.374914005399454,0.3757467440963683,0.3642081892634202,0.05256627052016173,3.570754111057807e-05,18.88822068678658,38.86604092100992,nan,nan,nan
244.5,181.07920837402344,-181.4017791748047,-38.368412017822266,181.44800720693104,-181.25899378392856,-38.377979600980105,0.39559042663990124,0.36413412682571383,0.05256200769078224,3.498920431848778e-05,20.7415779231248,39.44322980064014,10.085257366176076,0.6429019671117405,nan
244.51,181.07078552246094,-181.40975952148438,-38.370330810546875,181.43938530322043,-181.26690669880506,-38.38007078279868,0.39543342598073644,0.36418830425838583,0.05257778572805301,3.569423969776724e-05,20.712817182161356,38.96630400274104,nan,nan,nan
244.52,181.0623779296875,-181.41775512695312,-38.37220764160156,181.43076402834208,-181.27481217884431,-38.38009053296807,0.39522543449565334,0.3642425692463355,0.052593628193264026,3.499758858227913e-05,19.76118046106264,37.99667699649644,nan,2.921230108971038,nan
244.53,181.05397033691406,-181.4257354736328,-38.374046325683594,181.42214290102106,-181.28273412578403,-38.382086975153165,0.3950507239476757,0.36429692193409585,0.052609535326981156,3.570297402507947e-05,19.724813862384877,39.05789141058962,nan,nan,nan
244.54,181.04554748535156,-181.43374633789062,-38.375850677490234,181.4135223118947,-181.2906568356765,-38.38330987878294,0.3948869690142532,0.3643513624660757,0.05262550718358549,3.5005986718167704e-05,19.43602834720937,36.76205384945116,nan,0.38396135257488756,nan
244.55,181.03713989257812,-181.44174194335938,-38.37761688232422,181.36000608850398,-181.28863673383765,-38.385423065071365,0.3574139366944241,0.3642772212135268,0.05262125717875848,3.568968656144274e-05,18.64810271192024,39.29181566059586,18.13770364514817,nan,nan
244.56,181.0287322998047,-181.4497528076172,-38.37935256958008,181.35131463835089,-181.29657192161383,-38.38701535171564,0.35718687995048715,0.36433142074967495,0.0526372567459741,3.499321082427565e-05,18.549858410658153,38.39595885148163,nan,0.06161296638083978,nan
244.57,181.02032470703125,-181.457763671875,-38.38105010986328,181.34262345434377,-181.30451304784944,-38.38886631312596,0.35696404485169647,0.36438570788698255,0.05265332117535967,3.569841743092241e-05,18.514137048924052,38.69445213331484,nan,nan,nan
244.58,181.0119171142578,-181.4657745361328,-38.382713317871094,181.33393323453805,-181.31245157484506,-38.38920149842884,0.35671334242684827,0.36444008276951856,0.052669450543050285,3.500160915517808e-05,17.936117048594188,38.32825441523774,nan,1.5519756720760456,nan
244.59,181.0034942626953,-181.4738006591797,-38.384342193603516,181.32524272580585,-181.3204015547269,-38.39097175783289,0.3565070965391538,0.3644945455423362,0.05268564505700289,3.5707162755563776e-05,17.897248485018235,37.15186978844168,nan,nan,nan
244.6,180.99508666992188,-181.48182678222656,-38.38594055175781,181.32806313486734,-181.32755238693986,-38.3947884176903,0.3670860934170802,0.36442032584551265,0.05268140304884326,3.498884662173386e-05,19.508952088216482,38.55728284397958,3.2632448919452277,3.419718750789923,nan
244.61,180.98667907714844,-181.48985290527344,-38.387508392333984,181.31939092095007,-181.3354966709137,-38.39651520076276,0.366884369644815,0.3644745473745877,0.05269762444134246,3.569387309491469e-05,19.47609153861054,38.69391780806264,nan,nan,nan
244.62,180.978271484375,-181.4978790283203,-38.389041900634766,181.31071893126804,-181.3434449056953,-38.39812396718973,0.3666792700843209,0.36452885654931355,0.05271391098194716,3.49972416130828e-05,19.491792901030742,39.010654366253426,nan,0.00542384909341462,nan
244.63,180.96986389160156,-181.50592041015625,-38.39054870605469,181.30204722035228,-181.35139770747196,-38.39978965791355,0.36648113830867407,0.36458325351533855,0.05273026286166356,3.57026185767693e-05,19.45994533818004,38.2129048325763,nan,nan,nan
244.64000000000001,180.96145629882812,-181.5139617919922,-38.392024993896484,181.2933764717352,-181.3593519458681,-38.40069405158709,0.3662654205114378,0.36463773841582525,0.05274668018208798,3.500565046021677e-05,19.147903835623627,38.10475075919084,nan,0.3782213062577107,nan
244.65,180.9530487060547,-181.52200317382812,-38.39346694946289,181.2663339627562,-181.36121410458654,-38.40231063861637,0.35224847436425805,0.3645634406463733,0.052742441462641766,3.568934274875655e-05,19.065874042446517,38.82765898430851,2.7172595623764404,nan,nan
244.66,180.94464111328125,-181.53005981445312,-38.3948860168457,181.25763300521442,-181.36917211975765,-38.40423597533806,0.35204573061483896,0.36461768405635714,0.05275888481828586,3.499288570899692e-05,19.307054337733078,38.25168904694822,nan,0.08798716322627996,nan
244.67000000000002,180.9362335205078,-181.53811645507812,-38.39627456665039,181.2489325562733,-181.37713274439972,-38.40578434822407,0.35183359421470256,0.3646720151582365,0.0527753937038491,3.569808466948483e-05,19.276267949084854,38.447331335721884,nan,nan,nan
244.68,180.92782592773438,-181.54617309570312,-38.39763259887695,181.24023020828622,-181.38510427018434,-38.409580226040255,0.3516850108491255,0.3647264340944172,0.052791968233791835,3.5001294631894585e-05,20.755135768790964,40.192745426736046,nan,3.6526246967186347,nan
244.69,180.91941833496094,-181.55422973632812,-38.39896774291992,181.2315300443479,-181.39307255956203,-38.41109793468513,0.3514718997472289,0.36478094101170927,0.05280860857981217,3.57068409763007e-05,20.731345837598752,40.20473629878028,nan,nan,nan
244.70000000000002,180.9110107421875,-181.56228637695312,-38.40027618408203,181.2579785896479,-181.39017050842978,-38.41256274761118,0.38750679866579074,0.36032099019233654,0.052658728240284745,3.4988295890313124e-05,32.07155048306137,52.67449103907192,4.245804460316326,0.020376984155688976,0.6299699785307041
244.71,180.90260314941406,-181.5703582763672,-38.401554107666016,181.24927281242523,-181.39810867776774,-38.4140301019561,0.3873053445325483,0.36037176465488197,0.052673927894177006,3.56933095976842e-05,32.01625688855172,52.08527389674582,nan,nan,nan
244.72,180.89419555664062,-181.57843017578125,-38.402809143066406,181.2406091883193,-181.4060396918315,-38.41409654134225,0.3871024264055639,0.3604226241596809,0.05268918597167472,3.499670916372794e-05,31.194086739493546,51.380480542263605,nan,1.3373192194557617,nan
244.73000000000002,180.88580322265625,-181.5865020751953,-38.4040412902832,181.2319041608962,-181.41398538582263,-38.415501204608155,0.38688395831181116,0.36047357145863046,0.052704502793212336,3.570207401628016e-05,31.128734466551926,52.04929828290218,nan,nan,nan
244.74,180.8773956298828,-181.59458923339844,-38.40524673461914,181.22319934824915,-181.42193480332375,-38.41688376115433,0.38668486425897647,0.36052460412162896,0.052719878334355874,3.5005136127410174e-05,31.218907471876243,50.9691721048055,nan,1.8277569020871947e-06,nan
244.75,180.86898803710938,-181.60267639160156,-38.406429290771484,181.18807050272713,-181.41336873024653,-38.41824934703306,0.3712017298483979,0.3604577516086525,0.05271541114511384,3.568881742107364e-05,32.389167149589554,52.01687151782617,15.035630044475626,nan,nan
244.76,180.86058044433594,-181.61074829101562,-38.40758514404297,181.17935223237546,-181.42127220838185,-38.41870789759828,0.3709991299003412,0.3605085630425445,0.052730810082003275,3.4992389738620195e-05,31.907859349940694,52.58973502235795,nan,0.5427010636126819,nan
244.77,180.8521728515625,-181.6188507080078,-38.408721923828125,181.1706084552883,-181.429185463621,-38.42001195992415,0.3708120865931527,0.3605594621148656,0.052746268012780435,3.569757785178728e-05,31.84620785363622,51.01333222991685,nan,nan,nan
244.78,180.84378051757812,-181.62693786621094,-38.40983581542969,181.1618176947248,-181.43711333452916,-38.42291420964826,0.37061036584391666,0.3606104465362236,0.05276178494015475,3.500081634271922e-05,33.06135310050238,53.80000282022155,nan,1.8528248656251713,nan
244.79,180.8353729248047,-181.63504028320312,-38.410926818847656,181.15307420980835,-181.4450335133272,-38.42419133161096,0.37042222718205575,0.36066151885185177,0.05277736114428141,3.570635243077152e-05,33.00446949550434,52.54987925574226,nan,nan,nan
244.8,180.82696533203125,-181.6431427001953,-38.41199493408203,181.16147433717111,-181.4667373400368,-38.42492316647925,0.37839432448867094,0.3605945810240973,0.052772911688232824,3.4988082577337794e-05,31.514032665749504,51.845678836935036,12.484207749707382,0.24037822257791538,nan
244.81,180.8185577392578,-181.6512451171875,-38.41304016113281,181.15275589254446,-181.4747085326993,-38.42615385969259,0.3781871764257477,0.3606454318397972,0.05278851078557778,3.569309251448286e-05,31.45542158609133,51.989521078546545,nan,nan,nan
244.82,180.81016540527344,-181.6593475341797,-38.4141731262207,181.14409063096818,-181.4826711109077,-38.42554727476802,0.3779550054578552,0.3606963679889558,0.05280416915103825,3.499650512651117e-05,30.233101636013934,51.49143290759122,nan,2.4718768734719108,nan
244.83,180.8017578125,-181.66744995117188,-38.4153938293457,181.13537288079834,-181.490648570267,-38.42688002371193,0.3777428685582206,0.36074739187569443,0.052819887041680266,3.5701866467635314e-05,30.131593137439076,50.93668928176737,nan,nan,nan
244.84,180.79335021972656,-181.67556762695312,-38.41669845581055,181.12669922792853,-181.49861975299265,-38.42672931714154,0.37753507061914876,0.3607985014182122,0.052835664494504164,3.500494114319612e-05,29.212787747529774,49.37229413809855,nan,1.739493809837763,nan
244.85,180.7849578857422,-181.68368530273438,-38.418087005615234,181.10820255346812,-181.5064613608958,-38.42814965550629,0.3687773009512384,0.3607314807117329,0.05283122917304428,3.5688619435201396e-05,28.51222898231529,50.199743128123984,2.5341956755432395,nan,nan
244.86,180.77655029296875,-181.69180297851562,-38.4195556640625,181.0994289754714,-181.51446608326262,-38.43113818777472,0.3685555221240964,0.36078236855660567,0.0528470290050579,3.499220381918425e-05,29.410157146523154,50.72977324350926,nan,1.4191591987688745,nan
244.87,180.7681427001953,-181.69992065429688,-38.42110824584961,181.0906946323064,-181.5224657965532,-38.43280668371551,0.3683297827951474,0.36083334398234707,0.0528628886083095,3.5697388909579705e-05,29.31109878667146,50.741566280539914,nan,nan,nan
244.88,180.75975036621094,-181.7080535888672,-38.4227409362793,181.0820009520238,-181.53046045373526,-38.43306812394173,0.36809158168550743,0.3608844050468854,0.05287880803925906,3.500063900017901e-05,28.426999491273875,49.771610921898834,nan,1.5660221127181932,nan
244.89000000000001,180.7513427734375,-181.7161865234375,-38.42445373535156,181.07326757564564,-181.53846632361007,-38.43488507663528,0.36787071177851777,0.3609355539483045,0.052894787526077396,3.570617228920891e-05,28.330626308452864,49.25363751584097,nan,nan,nan
244.9,180.74295043945312,-181.7243194580078,-38.42624282836914,181.08121119236426,-181.55846938451378,-38.437958762619736,0.37691358021879456,0.36086844830830356,0.052890362470883384,3.498791378458596e-05,28.22264238324313,50.390029823246024,8.997169619795498,0.7603094174793114,nan
244.91,180.7345428466797,-181.73245239257812,-38.4281120300293,181.0725028848894,-181.56651719775564,-38.4399480310447,0.37668497080121727,0.3609193752399779,0.05290636378963081,3.569292114063913e-05,28.12661648901502,49.81823584066554,nan,nan,nan
244.92000000000002,180.7261505126953,-181.74058532714844,-38.430057525634766,181.06383404956463,-181.5745605495685,-38.44051749856193,0.3764356636620364,0.36097038779165797,0.05292242519645226,3.499634442299584e-05,27.22924911441865,49.663004156421785,nan,1.5851632143340804,nan
244.93,180.71774291992188,-181.74871826171875,-38.43207931518555,181.05512676289177,-181.58261397808982,-38.442647481413395,0.3762049663075111,0.3610214880244845,0.05293854690330868,3.570170338467596e-05,27.133250186920527,49.12460629377435,nan,nan,nan
244.94,180.7093505859375,-181.75686645507812,-38.43417739868164,181.04641838752272,-181.5906703147048,-38.44490973030657,0.3759668108790892,0.36107267419854977,0.05295472899075418,3.5004788289391843e-05,27.19891697043636,49.00157498523801,nan,0.0021995003834426536,nan
244.95000000000002,180.70094299316406,-181.7650146484375,-38.43634796142578,181.0152711710499,-181.596411543293,-38.4470967795472,0.35685395831966304,0.3610054857094303,0.052950310464394267,3.5688464577113265e-05,26.099881685051567,48.98450802570027,8.515440266817949,nan,nan
244.96,180.6925506591797,-181.77316284179688,-38.438594818115234,181.00647994373836,-181.6044934382979,-38.451245062421414,0.3565963993946386,0.361056449712048,0.052966513822066685,3.4992058740997844e-05,27.33864251892997,50.89689835330882,nan,2.2702524854941872,nan
244.97,180.68414306640625,-181.78131103515625,-38.44091033935547,180.99773426208262,-181.61256992422605,-38.45369268147748,0.35633746476313005,0.3611075012411484,0.052982777721271336,3.569724182833977e-05,27.246161449160724,50.39289863102734,nan,nan,nan
244.98000000000002,180.67575073242188,-181.78945922851562,-38.44324493408203,180.98901489507594,-181.62064433000288,-38.455140504009826,0.35605394274902974,0.3611586386896953,0.05299910225590079,3.5000501277102994e-05,26.6149545205472,50.415631052204446,nan,0.771812180430705,nan
244.99,180.6673583984375,-181.797607421875,-38.445560455322266,180.9802702937332,-181.62872529934964,-38.45762543413905,0.3557816595049208,0.36120986392232934,0.05301548761809528,3.5706032734143785e-05,26.551742731626504,50.56448379093845,nan,nan,nan
245.0,180.65896606445312,-181.80577087402344,-38.44784927368164,180.95984634329326,-181.62781832344282,-38.45898676800694,0.3497429001894277,0.3611425908606245,0.05301107170803292,3.498778331781548e-05,26.683296950915977,49.43218154379142,4.933455620685965,0.7232008234299054,nan
245.01,180.6505584716797,-181.81393432617188,-38.45009994506836,180.95108562354181,-181.6358768133097,-38.46140551485973,0.34949801544692005,0.3611935936499519,0.053027477749335736,3.569278900667546e-05,26.62567616345084,48.891251845810274,nan,nan,nan
245.02,180.6421661376953,-181.8220977783203,-38.45231246948242,180.94236705368482,-181.64393152838946,-38.46203006838739,0.3492251913935194,0.3612446823342581,0.053043944676057914,3.4996220818945284e-05,25.648762975449163,48.5975146583903,nan,2.1780373727997917,nan
245.03,180.63377380371094,-181.83026123046875,-38.4544792175293,180.93360728311765,-181.6519950613991,-38.46435296368594,0.3489648023383872,0.36129585865034497,0.05306047266953868,3.5701578265563745e-05,25.58687073268153,48.73465277918294,nan,nan,nan
245.04,180.62538146972656,-181.8384246826172,-38.45660400390625,180.92484998851455,-181.66006066497178,-38.46654258071258,0.34870315720483347,0.3613471211804069,0.053077061839741535,3.50046713092378e-05,25.583634876574585,48.8355948397473,nan,0.006002706175314485,nan
245.05,180.6169891357422,-181.84658813476562,-38.45869064331055,180.90979696130805,-181.66729766763058,-38.46870120176615,0.3434846511835762,0.36127976529591066,0.05307264469547817,3.568834634789255e-05,25.281149035382846,48.95645828200161,0.846455349167976,nan,nan
245.06,180.60858154296875,-181.85476684570312,-38.460731506347656,180.90103068962006,-181.67537049718024,-38.47074753436894,0.34323443017527505,0.3613308051761177,0.053089253937077856,3.499194825778537e-05,25.249025671561846,47.60791199530586,nan,0.016144867604766085,nan
245.07,180.60018920898438,-181.86294555664062,-38.46273422241211,180.89226146890408,-181.68344590557015,-38.472903652415006,0.34297193333509013,0.36138193253760215,0.05310592448170621,3.569713011045984e-05,25.187113918621904,48.2023238321157,nan,nan,nan
245.08,180.591796875,-181.87110900878906,-38.464698791503906,180.88352430707033,-181.6915190995452,-38.47360063518277,0.3426903455679125,0.36143314608452826,0.05312265644791945,3.500039693599202e-05,24.45978324259265,48.43285877662194,nan,1.4234571640218205,nan
245.09,180.58340454101562,-181.87928771972656,-38.46662139892578,180.8747556672736,-181.69959843104976,-38.475664737794816,0.3424259061678402,0.36148444737290525,0.05313945000427682,3.570592728468904e-05,24.39423985312499,47.6255100668349,nan,nan,nan
245.1,180.57501220703125,-181.88746643066406,-38.468505859375,180.86158723260243,-181.70439094372784,-38.4789101540345,0.34022070563888157,0.3614170072528631,0.053135027666061034,3.498768497826808e-05,25.401478090757344,48.62277792763011,0.6886463710762731,1.137677968119722,nan
245.11,180.56661987304688,-181.89566040039062,-38.47035217285156,180.8528126539284,-181.7124649065639,-38.48091144632938,0.3399682265205047,0.3614680856208285,0.05315184065980731,3.5692689679003174e-05,25.341939965977694,47.798535857999035,nan,nan,nan
245.12,180.5582275390625,-181.90383911132812,-38.472164154052734,180.84407060091888,-181.72053730969552,-38.4813706184677,0.3396918684340508,0.3615192501424913,0.05316871531542312,3.4996128151539905e-05,24.54827537491255,47.948749046243655,nan,1.601666346298418,nan
245.13,180.54983520507812,-181.9120330810547,-38.47393798828125,180.83529646518542,-181.72861559567176,-38.48328529635301,0.3394370002436868,0.3615705022583373,0.05318565179479659,3.570148472065261e-05,24.484171960771537,47.154168920358515,nan,nan,nan
245.14000000000001,180.54144287109375,-181.9202117919922,-38.475677490234375,180.82652087230963,-181.73669620371984,-38.4852404567892,0.3391738318996818,0.36162184084390325,0.05320265022642325,3.500458408818633e-05,24.5576469708823,48.207494090849714,nan,0.003975607535520506,nan
245.15,180.53305053710938,-181.92840576171875,-38.47738265991211,180.83067823286456,-181.75283985166834,-38.48729570201607,0.3456933647846343,0.3615543179307499,0.05319821875293598,3.568825842936886e-05,24.188159139114504,47.124018359551066,5.072996596307632,nan,nan
245.16,180.524658203125,-181.9365997314453,-38.47905349731445,180.8219310892804,-181.7609454484289,-38.48879464112101,0.34542797493520083,0.3616054333840558,0.05321523596988561,3.4991866328888155e-05,24.056821054025395,47.088882869415166,nan,0.07177695243763595,nan
245.17000000000002,180.5162811279297,-181.94479370117188,-38.480690002441406,180.81317779415528,-181.76905366602554,-38.49057643948856,0.3451520418693658,0.3616566362865051,0.05323231524107072,3.569704750494991e-05,23.99275484349465,47.75442901877938,nan,nan,nan
245.18,180.5078887939453,-181.95298767089844,-38.482295989990234,180.80441366090784,-181.77716494687274,-38.49288363693808,0.34489523812145084,0.3617079256222554,0.05324945670001593,3.500032000588073e-05,24.367965994334586,47.580532047106814,nan,0.21918011982963925,nan
245.19,180.49949645996094,-181.96119689941406,-38.48386764526367,180.7956608688367,-181.78527733112298,-38.4946083268842,0.3446395418899666,0.3617593026704823,0.05326666050112124,3.570584976748548e-05,24.308857746142724,46.78716931912459,nan,nan,nan
245.20000000000002,180.49110412597656,-181.96939086914062,-38.485408782958984,180.79956220127625,-181.80942644582623,-38.495765909918916,0.3476237492214175,0.3616916958332984,0.05326221588544048,3.498761288751593e-05,22.498950474359475,47.26476452099603,17.94283717213195,0.26089286253370925,nan
245.21,180.4827117919922,-181.97760009765625,-38.48691940307617,180.79082496052115,-181.81759804857447,-38.49742552744881,0.34733954422244967,0.361742849480678,0.05327943779602965,3.569261708512809e-05,22.437911846672442,46.345484989821365,nan,nan,nan
245.22,180.4743194580078,-181.98580932617188,-38.488399505615234,180.78209463881967,-181.82577109173135,-38.4987038588805,0.3470503970647881,0.3617940895214687,0.05329672212553487,3.499606062996414e-05,22.291996107414533,46.30140199673176,nan,0.08739291693879074,nan
245.23000000000002,180.4659423828125,-181.99400329589844,-38.48985290527344,180.77335776193644,-181.83394662392217,-38.50030163554271,0.34674418456590167,0.3618454171333893,0.05331406902472909,3.570141677285036e-05,22.225665101026657,47.867599068087934,nan,nan,nan
245.24,180.45755004882812,-182.00221252441406,-38.49127197265625,180.76463180661085,-181.84212328625011,-38.5012954837024,0.3464509213619358,0.36189683145137824,0.05333147863255151,3.5004520930993883e-05,21.950581303749892,46.18257201150627,nan,0.23400847945158412,nan
245.25,180.44915771484375,-182.01043701171875,-38.49266815185547,180.71417724812088,-181.83776087833064,-38.50275039868928,0.3164712495022439,0.3618291418587087,0.05332701686170994,3.5688194960376884e-05,21.42921866718301,46.40480097577033,15.092994330257872,nan,nan
245.26,180.44076538085938,-182.01864624023438,-38.49403381347656,180.70537779663638,-181.84592878858746,-38.50386646091058,0.31614510852188055,0.36188033255857793,0.053344443884236495,3.499180737360918e-05,21.25675607133595,47.27215756168179,nan,0.10824141912219139,nan
245.27,180.432373046875,-182.02685546875,-38.4953727722168,180.69657142578296,-181.85409890972008,-38.50534338669243,0.3158243582412159,0.3619316106906324,0.0533619337006744,3.569698826052381e-05,21.191756528026893,47.28078371108511,nan,nan,nan
245.28,180.4239959716797,-182.0350799560547,-38.49668502807617,180.68775449185569,-181.86227140731395,-38.507399547204514,0.315509353908029,0.3619829754839514,0.05337948645241934,3.5000265014809546e-05,21.601289480631298,47.495911748507396,nan,0.2586746863992461,nan
245.29,180.4156036376953,-182.0432891845703,-38.49797058105469,180.67894834423288,-181.8704450412418,-38.50883104604242,0.3151880106286976,0.3620344279762225,0.05339710228658088,3.570579454745292e-05,21.53796767257175,47.79835386237585,nan,nan,nan
245.3,180.40721130371094,-182.051513671875,-38.499229431152344,180.70214318929482,-181.87829640479225,-38.510779543220636,0.3422315646436898,0.3619666547454883,0.0533926193090645,3.498756169890243e-05,23.709304308726477,46.39465547066869,21.719843608374017,0.24576854969160677,nan
245.31,180.39883422851562,-182.0597381591797,-38.500465393066406,180.69339624714206,-181.88644246774425,-38.51216692143923,0.3419577536094611,0.3620178833533659,0.05341025184140146,3.569256572295805e-05,23.647670400599626,47.007977976002195,nan,nan,nan
245.32,180.39044189453125,-182.06796264648438,-38.501678466796875,180.6846497214541,-181.89459046678257,-38.51351666962412,0.3416962118072046,0.3620691985741893,0.05342794753156631,3.4996013026635246e-05,23.73186865668785,46.552943667793315,nan,0.00013419600583855433,nan
245.33,180.38204956054688,-182.07618713378906,-38.502864837646484,180.67590322417507,-181.90274041664546,-38.514856736697496,0.34143453978538496,0.36212060135883745,0.05344570652518677,3.570136904632604e-05,23.671314182322824,46.60232301504224,nan,nan,nan
245.34,180.37367248535156,-182.08441162109375,-38.504024505615234,180.66717411410633,-181.91089163157156,-38.51513253479197,0.3411389469961972,0.3621720910656066,0.05346352896587953,3.500447673356008e-05,23.083503963719252,46.746006828474925,nan,0.7653458627061736,nan
245.35,180.3652801513672,-182.09263610839844,-38.505165100097656,180.632390489499,-181.91354120208103,-38.51643722341788,0.321791825517477,0.3621042351278574,0.053459020713608175,3.5688150705823344e-05,22.482362443591057,46.89120082190578,6.699863130489107,nan,nan
245.36,180.3568878173828,-182.1008758544922,-38.506282806396484,180.62363472639692,-181.92169666196622,-38.51550103218706,0.3214717284452252,0.36215550072766856,0.05347685911660662,3.4991766424602254e-05,21.268803736497564,44.85929373839856,nan,3.4153747679216786,nan
245.37,180.3485107421875,-182.10910034179688,-38.50737762451172,180.61484389647433,-181.9298545144045,-38.51672017925008,0.3211692685158218,0.36220685375856093,0.0534947610406613,3.569694727580633e-05,21.201085435081573,46.43095439399402,nan,nan,nan
245.38,180.34011840820312,-182.11734008789062,-38.50844955444336,180.60605574121277,-181.93801412887646,-38.51776682361522,0.3208851448251444,0.3622582936583858,0.0535127266300824,3.5000227125495674e-05,21.154814937549162,44.91517399044407,nan,0.01620521759989037,nan
245.39000000000001,180.33172607421875,-182.12557983398438,-38.50960922241211,180.5972655685327,-181.94617543589092,-38.518996740120826,0.32060144507551647,0.3623098212595193,0.053530756029459635,3.570575665999057e-05,21.061215376174147,44.87221313354782,nan,nan,nan
245.4,180.32334899902344,-182.13381958007812,-38.5108528137207,180.60014706299438,-181.9575924772643,-38.52219817334653,0.32833196184540375,0.3622418819453355,0.05352621841094637,3.49875267164741e-05,22.39255015631925,46.39311857049588,1.205863537101426,2.4467179404133095,nan
245.41,180.31495666503906,-182.14205932617188,-38.512184143066406,180.59137732293308,-181.96575952227755,-38.523619629883704,0.3280560490563914,0.3622931851756462,0.05354426301662825,3.5692530776020124e-05,22.29628991443546,45.69460520363869,nan,nan,nan
245.42000000000002,180.30657958984375,-182.15029907226562,-38.51359558105469,180.582630271906,-181.97392840232445,-38.52360266377941,0.3277357685502025,0.36234457521830205,0.053562371501973925,3.4995980780066956e-05,21.412242483299035,45.563555503788855,nan,1.638605622892811,nan
245.43,180.29818725585938,-182.15853881835938,-38.51509094238281,180.57386090134267,-181.9820988742688,-38.525177569662574,0.32745801675118635,0.3623960528332152,0.05358054401151266,3.570133686542926e-05,21.319595681892917,44.90912528118948,nan,nan,nan
245.44,180.28981018066406,-182.16677856445312,-38.516666412353516,180.56509148423345,-181.99027100901424,-38.52683543844591,0.32716681114309354,0.36244761785726304,0.05359878068972877,3.642099922569347e-05,21.22758025495834,45.55535801819073,nan,nan,nan
245.45000000000002,180.2814178466797,-182.17501831054688,-38.5183219909668,180.56134993368505,-181.99099579470095,-38.528558761986105,0.3351582479282641,0.3623795958965104,0.05359420959609349,3.71312856864955e-05,22.416081673705875,44.79195282395529,8.464503616702908,nan,nan
245.46,180.27304077148438,-182.1832733154297,-38.520057678222656,180.55259560526878,-181.99913670032868,-38.53022780412903,0.33490391095661165,0.36243093600896015,0.05361246070517267,3.6349188297475215e-05,22.36033270067211,44.547679604399875,nan,0.014889232613513057,nan
245.47,180.2646484375,-182.19151306152344,-38.52186965942383,180.5438393541226,-182.00727891193307,-38.532126037020205,0.3346565150736776,0.36248236358921404,0.053630776049156476,3.7081021600710606e-05,22.27148545098654,44.790876975294076,nan,nan,nan
245.48000000000002,180.2562713623047,-182.19976806640625,-38.52376174926758,180.53505690471286,-182.01542164808768,-38.536043415635845,0.33444853106492367,0.3625338782059305,0.05364915577200999,3.630164191936045e-05,23.510976087461273,45.833461253631825,nan,2.4673558895785366,nan
245.49,180.2478790283203,-182.20802307128906,-38.52573013305664,180.52630082232926,-182.0235667933984,-38.53811793451599,0.33420992124327265,0.3625854805620601,0.05366760001891657,3.703219016142099e-05,23.42173095824188,45.18926127309624,nan,nan,nan
245.5,180.239501953125,-182.21627807617188,-38.527774810791016,180.52117648586466,-182.0302121489779,-38.538727113232795,0.3377588260659232,0.36251737544572676,0.05366299132489173,3.6232867518664606e-05,22.939792761225412,44.883039062033,0.8410407132986608,1.5045079460901314,nan
245.51,180.23110961914062,-182.22451782226562,-38.52989196777344,180.51242850218955,-182.03835087352746,-38.54093972420362,0.3375211099835281,0.3625687529419433,0.053681449208560404,3.6961284816263883e-05,22.851740626027535,45.12241012580136,nan,nan,nan
245.52,180.2227325439453,-182.23277282714844,-38.53208541870117,180.50369328065852,-182.04649151922038,-38.54226205640683,0.3372583953185004,0.36262021741367123,0.053699971677511796,3.61881674784774e-05,22.333164250311185,44.360490836733426,nan,0.6149300555140726,nan
245.53,180.21434020996094,-182.24102783203125,-38.53435134887695,180.49494605829517,-182.054632828981,-38.54461458335159,0.33702829742227686,0.3626717694979526,0.053718558877721846,3.69154467920471e-05,22.247424510506654,43.739079749473966,nan,nan,nan
245.54,180.20596313476562,-182.24929809570312,-38.53668975830078,180.48618395931754,-182.0627746461307,-38.548273257028114,0.3368217409784043,0.3627234088618504,0.0537372109519788,3.6144880821422024e-05,23.03029850105893,44.335935298316734,nan,1.0045927793099396,nan
245.55,180.1975860595703,-182.25755310058594,-38.539039611816406,180.49860346341825,-182.0706010950818,-38.55076717230626,0.3545420503359431,0.3626552211919842,0.05373256052039002,3.684776487552289e-05,24.138255467955542,44.738973592723724,8.606338573851191,nan,nan
245.56,180.18919372558594,-182.26580810546875,-38.541378021240234,180.48988576498067,-182.0787260988826,-38.554086531629935,0.354368291442652,0.3627066354652852,0.05375122541816102,3.608066178265639e-05,24.805348425094838,44.82672484354592,nan,0.4632994734779429,nan
245.57,180.18081665039062,-182.27406311035156,-38.54368209838867,180.48117849587535,-182.08685325875373,-38.55655624786854,0.35416170103937494,0.36275813722682054,0.05376995525079304,3.680495266413393e-05,24.755078008202943,45.441316429158405,nan,nan,nan
245.58,180.1724395751953,-182.28233337402344,-38.54595184326172,180.4724698208642,-182.09498145862426,-38.55915782283854,0.3539679172134953,0.3628097262019751,0.05378875016003387,3.6040283556258315e-05,25.015613928222052,44.855282628306824,nan,0.01818728371816906,nan
245.59,180.1640625,-182.29058837890625,-38.54817581176758,180.4637635832941,-182.10311089380727,-38.56155716136594,0.35376207719846864,0.3628614029406941,0.0538076102934138,3.6763633126247305e-05,24.970199371203947,45.72186042507367,nan,nan,nan
245.6,180.15567016601562,-182.29885864257812,-38.55036163330078,180.42975179918176,-182.10697878820642,-38.56408850462434,0.3348537697996777,0.362793132341977,0.05380291397257866,3.5979151597666585e-05,24.604328400308887,45.22621961100884,6.906335837445844,0.008266376426611726,nan
245.61,180.1472930908203,-182.30711364746094,-38.5525016784668,180.4210024106649,-182.11511500259996,-38.566407850224635,0.3346246449549015,0.36284458372929346,0.05382178609843337,3.670071870950157e-05,24.55953565652929,46.686374964645665,nan,nan,nan
245.62,180.138916015625,-182.3153839111328,-38.554603576660156,180.4122420883922,-182.12325119400114,-38.56972541012911,0.33444101556806205,0.3628961222609149,0.05384072349970695,3.5941679148804815e-05,25.577932195073245,46.86933269965519,nan,0.7229560501824915,nan
245.63,180.1305389404297,-182.3236541748047,-38.55665969848633,180.40349326839745,-182.1313897555856,-38.57197282229789,0.3342217285199473,0.362947748435449,0.0538597263251322,3.666243315805159e-05,25.537071423745576,46.89352116981884,nan,nan,nan
245.64000000000001,180.12216186523438,-182.33192443847656,-38.558677673339844,180.39474118080963,-182.13952884135043,-38.57450599170416,0.334015096567865,0.3629994620550202,0.05387879471466134,3.5905634240851694e-05,26.044294616116467,47.406665474665736,nan,0.07116705727119682,nan
245.65,180.11378479003906,-182.34019470214844,-38.56065368652344,180.398464592855,-182.14750727751297,-38.576546289445545,0.34412731448056366,0.36293110898256675,0.0538740483500441,3.6602704007264844e-05,26.577402538261108,47.02558378397907,3.5939313075428343,nan,nan
245.66,180.10540771484375,-182.34844970703125,-38.562591552734375,180.3897390442988,-182.15563786595322,-38.5786759894652,0.3439177519037448,0.362982597169517,0.05389312788522214,3.7336203561127565e-05,26.530154405258266,47.845604244446484,nan,nan,nan
245.67000000000002,180.09701538085938,-182.3567352294922,-38.564491271972656,180.38101358998748,-182.16376951249612,-38.58076758376433,0.34373779112764924,0.36303417272684047,0.05391227303816335,3.808425516216881e-05,26.485965802801044,45.598805494795,nan,nan,nan
245.68,180.08863830566406,-182.36500549316406,-38.566349029541016,180.3722811583927,-182.17190118551682,-38.58354352212671,0.3435668670160713,0.3630858356434959,0.053931483950061095,3.723961716471872e-05,27.395261333607607,47.97745590667264,nan,0.3239567827855621,nan
245.69,180.08026123046875,-182.37327575683594,-38.56817626953125,180.36355590789856,-182.18003490469656,-38.58556836873948,0.3433662568023867,0.3631375863750038,0.05395076077204738,3.79851816677315e-05,27.345747570461874,47.92502828023163,nan,nan,nan
245.70000000000002,180.07188415527344,-182.3815460205078,-38.56996154785156,180.38637231571255,-182.17225808532203,-38.58458935974303,0.3780452562213123,0.3624162295137523,0.0532159077107936,3.71222420441403e-05,38.30880495751092,57.7971837714375,4.428092419898894,5.461632378262361,0.3553121541356301
245.71,180.06350708007812,-182.3898162841797,-38.571712493896484,180.3776908683614,-182.18034487013142,-38.58651377628146,0.3779005214122595,0.36246655588947296,0.05323189664941099,3.7864504893294316e-05,38.220590762312874,57.78255473271444,nan,nan,nan
245.72,180.0551300048828,-182.39810180664062,-38.57343292236328,180.36902149548274,-182.18842530718,-38.58791714117628,0.37775904342811484,0.36251696760694035,0.05324794375157842,3.703224217909547e-05,37.992856256211844,56.80800345016028,nan,0.14903940400438426,nan
245.73000000000002,180.0467529296875,-182.4063720703125,-38.57511520385742,180.36034031118058,-182.19651401913487,-38.58976864698841,0.37761378533013484,0.36256746676554535,0.0532640498748996,3.777230010211266e-05,37.902442161032766,57.60755001422506,nan,nan,nan
245.74,180.0383758544922,-182.41465759277344,-38.57676315307617,180.3516535124511,-182.20460741533003,-38.59183494875636,0.37747996906491516,0.36261805160442695,0.05328021446628209,3.694541286913301e-05,38.25934966042989,57.227197159997075,nan,0.038802887255159714,nan
245.75,180.02999877929688,-182.4229278564453,-38.5783805847168,180.31235421603512,-182.2031836646939,-38.59362535233235,0.35811242006355126,0.3625505348056575,0.053275612324916836,3.7659312455177854e-05,37.823268280632675,58.86361997479193,8.178640487145952,nan,nan
245.76,180.02162170410156,-182.43121337890625,-38.57996368408203,180.30365101715697,-182.21124760383475,-38.59414536933726,0.3579477557158127,0.3626008995748221,0.05329179633826361,3.683868909987729e-05,37.00441552898618,57.31331321547433,nan,0.9739326801782716,nan
245.77,180.01324462890625,-182.4394989013672,-38.58151626586914,180.29491883844895,-182.21933036539693,-38.59585963484663,0.35779921294829165,0.3626513516002379,0.053308039604041055,3.757378838866417e-05,36.91325815486499,57.288834333082995,nan,nan,nan
245.78,180.00486755371094,-182.44776916503906,-38.583038330078125,180.2861609573538,-182.22742999174736,-38.598668120985735,0.35765852510972873,0.3627018893162858,0.05332434163291151,3.675821202004894e-05,37.97375275458369,59.23957836835809,nan,0.8078751617144723,nan
245.79,179.99649047851562,-182.4560546875,-38.584529876708984,180.27742905678133,-182.23551481057189,-38.60033371358518,0.35751095554322915,0.3627525145320574,0.05334070318874849,3.749148172898357e-05,37.88270028623727,58.40863553322973,nan,nan,nan
245.8,179.9881134033203,-182.46434020996094,-38.58599090576172,180.28172966429793,-182.25252743098068,-38.60002885140028,0.3623150921057064,0.3626849311252447,0.05333610533808444,3.665804182323905e-05,35.78752599808039,56.58820637623624,5.561917188241748,2.0217211827553574,nan
245.81,179.979736328125,-182.47262573242188,-38.587425231933594,180.2730162273771,-182.26064023158634,-38.601616525143164,0.36214961641947835,0.3627353360210412,0.05335248579541912,3.7388679202381364e-05,35.69071447232781,56.555816193801085,nan,nan,nan
245.82,179.9713592529297,-182.4809112548828,-38.588829040527344,180.2643330804793,-182.26873543956117,-38.60180507068947,0.3619677024200431,0.36278582660940467,0.05336892530494403,3.658372935421266e-05,34.79935601714875,55.72601573634242,nan,1.212995283066356,nan
245.83,179.96298217773438,-182.48919677734375,-38.590206146240234,180.25562003199175,-182.2768499492905,-38.603323978486195,0.36180128061060696,0.3628364045238282,0.053385424571903706,3.731277183842199e-05,34.70130173053474,55.70134117035545,nan,nan,nan
245.84,179.95460510253906,-182.4974822998047,-38.591552734375,180.24692361434526,-182.28495527939347,-38.60404190206514,0.36162663903403697,0.36288706845997926,0.05340198319322758,3.651238212333885e-05,34.25430704444899,55.33451217742672,nan,0.38827492646071704,nan
245.85,179.9462432861328,-182.5057830810547,-38.59287643432617,180.2411949135777,-182.30068859798092,-38.6055889640962,0.3594743633874722,0.3628194199837366,0.05339738658419908,3.721652672114997e-05,33.091408776334355,54.90823688269131,6.814751332464689,nan,nan
245.86,179.9378662109375,-182.51406860351562,-38.59416961669922,180.23246867838898,-182.30884452964895,-38.607662244749314,0.3592903913753253,0.36286986343824174,0.05341396359467955,3.6421534746281905e-05,33.63951797113268,55.767559141245144,nan,0.26571471971959293,nan
245.87,179.9294891357422,-182.52235412597656,-38.59543991088867,180.2237557578476,-182.31699311829357,-38.60907779569698,0.35909884469872255,0.3629203940519475,0.05343060059121927,3.7146791704332334e-05,33.540192498896104,55.74471771657757,nan,nan,nan
245.88,179.92111206054688,-182.53065490722656,-38.596683502197266,180.21500087196773,-182.32516889649568,-38.612547851829376,0.3589523807884619,0.36297101067798654,0.0534472972244647,3.6356047222503274e-05,35.35086499738452,56.7581983010157,nan,2.824495488161599,nan
245.89000000000001,179.91273498535156,-182.5389404296875,-38.597904205322266,180.20628815536784,-182.33331949029952,-38.613935223447626,0.3587623557224759,0.36302171471550226,0.05346405412055702,3.7080018378289366e-05,35.25147756743411,57.58899422003375,nan,nan,nan
245.9,179.90435791015625,-182.5472412109375,-38.599098205566406,180.19517944731808,-182.33483939455155,-38.615213752154446,0.36048773754880037,0.3629539997490303,0.053459454548732514,3.6271163995245246e-05,36.460284844240775,57.13752997723766,5.614603862653926,0.0017295950684014841,nan
245.91,179.89598083496094,-182.55552673339844,-38.60026931762695,180.1864672381855,-182.34296513431877,-38.616552318446,0.3603191917970946,0.3630044830608781,0.053476229270679694,3.6993042119338646e-05,36.36093066156359,57.96219580741684,nan,nan,nan
245.92000000000002,179.88760375976562,-182.56382751464844,-38.601417541503906,180.1777924234243,-182.35106843805752,-38.61591976897714,0.36011970202908294,0.3630550523683983,0.05349306390592969,3.621130178801426e-05,34.89832256712816,55.711312700722004,nan,2.5011533426205768,nan
245.93,179.8792266845703,-182.57211303710938,-38.602542877197266,180.16908037819775,-182.3591959486604,-38.617194547429015,0.35994933213388497,0.36310570893005606,0.053509959031600225,3.693208632953265e-05,34.796926262227004,56.546951161272304,nan,nan,nan
245.94,179.87086486816406,-182.58041381835938,-38.60364532470703,180.16036836545516,-182.36732446132007,-38.618439103557805,0.3597752144324086,0.363156451808511,0.05352691437059065,3.615413593673929e-05,34.93350655265886,56.52494741722199,nan,5.114377946269542e-05,nan
245.95000000000002,179.86248779296875,-182.58871459960938,-38.604835510253906,180.17458589796064,-182.38587853342688,-38.619708422134536,0.37251698000457467,0.36308867148711105,0.05352230857115381,3.6850998965896896e-05,34.53404324298033,55.21140251326809,5.2684262321357185,nan,nan
245.96,179.85411071777344,-182.59701538085938,-38.606109619140625,180.16595683245976,-182.39400186557415,-38.61848327886486,0.3723111522482051,0.3631391934664015,0.05353928117625291,3.607764318324479e-05,32.67182788719055,53.417740115837375,nan,4.477855113392905,nan
245.97,179.84573364257812,-182.60531616210938,-38.60746765136719,180.1572806839406,-182.40215535028264,-38.61991534605418,0.37214354696384166,0.36318980254819366,0.053556314497330754,3.6795598600156906e-05,32.535754349381456,53.339043279017325,nan,nan,nan
245.98000000000002,179.8373565673828,-182.61361694335938,-38.60890579223633,180.14856622650697,-182.41033360909353,-38.6236125352161,0.3720105565860853,0.3632404979204047,0.053573408301844046,3.602574398211555e-05,34.22548509932313,55.070513722897154,nan,3.1652854798987087,nan
245.99,179.8289794921875,-182.62191772460938,-38.61042785644531,180.1398901240941,-182.41848848589936,-38.62523410481962,0.3718441893933865,0.3632912806549145,0.053590563101190175,3.6742855341143746e-05,34.0853502840232,54.994484148810876,nan,nan,nan
246.0,179.82061767578125,-182.63021850585938,-38.61203384399414,180.15541357999308,-182.42576749759166,-38.62767649382826,0.39259801929267746,0.36322343389944484,0.053585946913514704,3.5954552093504494e-05,36.66755705965057,56.036048431195965,17.520804855515024,0.5413194883597677,nan
246.01000000000002,179.81224060058594,-182.63851928710938,-38.61371612548828,180.14678527977273,-182.4338958890791,-38.62946778005283,0.3924780146902066,0.363273995495661,0.053603118373834066,3.667000495044777e-05,36.52724432034469,55.379960759349274,nan,nan,nan
246.02,179.80386352539062,-182.64682006835938,-38.615478515625,180.13817561911503,-182.4420133939064,-38.63022889531142,0.39233649283718136,0.3633246433496915,0.05362035058216138,3.59076608326766e-05,35.719641707244406,54.63409076241949,nan,0.8270160173039361,nan
246.03,179.7954864501953,-182.65512084960938,-38.6173210144043,180.1295477699888,-182.45014315509707,-38.63216966596662,0.39221588836119375,0.3633753784223662,0.05363764400957596,3.6622424162167794e-05,35.580258311439316,54.54884754924307,nan,nan,nan
246.04,179.787109375,-182.66343688964844,-38.61923599243164,180.1208972020975,-182.45828802950993,-38.63561335889843,0.3921333784147735,0.36342620006715776,0.05365499848305382,3.586316241291581e-05,36.941102333135774,55.12156885123132,nan,1.3627446377563457,nan
246.05,179.77874755859375,-182.67173767089844,-38.62123107910156,180.11993519270757,-182.4764533626424,-38.637812920588345,0.39347162564831023,0.3633582876907185,0.05365036845920297,3.655474578051191e-05,35.700558818702135,56.14707781304585,7.82657704240511,nan,nan
246.06,179.77037048339844,-182.68003845214844,-38.6233024597168,180.11130134171464,-182.4846288938791,-38.64089221201794,0.3933549859875387,0.3634088880133526,0.05366773898804461,3.579935153359662e-05,36.72034100091165,56.67916932983282,nan,0.5333426734228951,nan
246.07,179.76199340820312,-182.68833923339844,-38.62544631958008,180.10268149093065,-182.4927963176729,-38.64316685437018,0.3932167582342386,0.36345957541568974,0.05368517095803791,3.651205031057347e-05,36.57727146364465,56.569082990726294,nan,nan,nan
246.08,179.7536163330078,-182.6966552734375,-38.627662658691406,180.09409156649352,-182.5009452757351,-38.643546374871924,0.3930369960417536,0.3635103493492743,0.05370266423247333,3.5759478116771456e-05,34.93415292776477,54.08873000115093,nan,2.623260523038738,nan
246.09,179.74525451660156,-182.7049560546875,-38.62995147705078,180.08547240544848,-182.50911365502608,-38.64595077838037,0.3928847605082607,0.363561210628717,0.05372021922878304,3.647168449527529e-05,34.7960636834997,55.40220087276892,nan,nan,nan
246.1,179.73687744140625,-182.71327209472656,-38.63231658935547,180.08105381961383,-182.5264885444927,-38.647910844969154,0.3919038845969684,0.3634932318211184,0.05371557124055074,3.5700277481074366e-05,33.271193692466845,53.51483859310309,7.643455662866235,0.1680113750560685,nan
246.11,179.72850036621094,-182.72157287597656,-38.63468933105469,180.0724366303339,-182.5346928781953,-38.65042669882838,0.39174475375431234,0.36354387154298295,0.053733141646294155,3.641116840102339e-05,33.160682473457044,54.32877264304592,nan,nan,nan
246.12,179.7201385498047,-182.72988891601562,-38.637046813964844,180.0638306037928,-182.54289092699668,-38.652182109869656,0.3915629618003096,0.3635945977499327,0.0537507736095241,3.5664762915331864e-05,32.68303433432681,53.522874989102704,nan,0.39172868448834386,nan
246.13,179.71176147460938,-182.73818969726562,-38.639373779296875,180.0552142642339,-182.55109628529087,-38.654665900561525,0.3914046658868601,0.36364541117039834,0.05376846751513104,3.637528319887211e-05,32.58865442824397,53.82542705773549,nan,nan,nan
246.14000000000001,179.70338439941406,-182.7465057373047,-38.64166259765625,180.04659794975768,-182.5593023553966,-38.65713776248169,0.3912545566043592,0.3636963113845248,0.05378622327452292,3.5631324868976906e-05,32.783600672610014,53.14996068548486,nan,0.00033602579939208947,nan
246.15,179.6950225830078,-182.75482177734375,-38.64390563964844,180.00094238212742,-182.5507125784263,-38.659587136429636,0.36809427857194804,0.36362826670534537,0.05378155372115304,3.631921525213745e-05,33.22986578669897,54.59568534171575,13.538171216141505,nan,nan
246.16,179.6866455078125,-182.76312255859375,-38.64611053466797,179.992269579949,-182.5588836288605,-38.66185750751047,0.36792333582090564,0.36367894516898225,0.05379932424008955,3.557847961689716e-05,33.32968408244012,55.05651964810054,nan,0.006766095062651709,nan
246.17000000000002,179.67828369140625,-182.7714385986328,-38.64826965332031,179.98359560036332,-182.5670559794606,-38.66418455767102,0.36775113997266057,0.3637297107176218,0.05381715691954157,3.628753350052806e-05,33.242825995804345,54.686231230646136,nan,nan,nan
246.18,179.66990661621094,-182.77975463867188,-38.650386810302734,179.97492753278019,-182.5752252285793,-38.66603642027492,0.3675798544940091,0.36378056300679656,0.0538350516999254,3.5549015365903457e-05,33.05627014195011,53.94048551150668,nan,0.1284603383310941,nan
246.19,179.66152954101562,-182.78805541992188,-38.652462005615234,179.96625429537505,-182.583398386493,-38.66827591222711,0.3674122437993172,0.36383150265243913,0.05385300892321012,3.62578505809808e-05,32.965927420300666,54.756878493131154,nan,nan,nan
246.20000000000002,179.65316772460938,-182.79637145996094,-38.65449523925781,179.99806467542834,-182.60105479072124,-38.66898386231714,0.3966263079590976,0.36376339149950865,0.05384831369966362,3.550009705506474e-05,32.91479659615061,52.58897623324484,16.015682956557832,1.5038770696877628,nan
246.21,179.64479064941406,-182.8046875,-38.656490325927734,179.98946238594846,-182.60923045814474,-38.67112833816342,0.3965051482372672,0.36381410916191287,0.05386628499684397,3.620788148865899e-05,32.82480130289796,52.024135634508525,nan,nan,nan
246.22,179.6364288330078,-182.81300354003906,-38.658443450927734,179.98088069536428,-182.61739336581067,-38.67151253319474,0.39633474065971136,0.36386491350726624,0.05388431863698087,3.547434559733038e-05,31.626448535601416,51.36954452835945,nan,2.0355850839134044,nan
246.23000000000002,179.6280517578125,-182.82131958007812,-38.66035842895508,179.9722789800327,-182.62556997587814,-38.673562895481766,0.39621287964697716,0.3639158050859387,0.053902414936337746,3.618200519646416e-05,31.536465886802603,50.7925904923331,nan,nan,nan
246.24,179.61968994140625,-182.8296356201172,-38.662235260009766,179.9636998763216,-182.63373266125302,-38.673607612602716,0.3960430974221189,0.3639667836513922,0.05392057387340258,3.545035788642153e-05,30.27086863971461,50.11781186566114,nan,2.6646671921932317,nan
246.25,179.61131286621094,-182.8379364013672,-38.66407775878906,179.98175251489525,-182.66665180535995,-38.67562346677037,0.4082857449379156,0.363898606388283,0.05391584925398178,3.6135783911689534e-05,27.96917538240808,49.858440164078125,33.40051526281266,nan,nan
246.26000000000002,179.6029510498047,-182.84625244140625,-38.66587829589844,179.9731936420907,-182.67490067307088,-38.676732444878056,0.4081161822378538,0.36394936276972867,0.05393402157238942,3.540679835011504e-05,27.51207553241261,48.94987679977474,nan,0.4556951681078035,nan
246.27,179.59458923339844,-182.8545684814453,-38.66764450073242,179.9646259873355,-182.6831558276341,-38.67861097887551,0.40795803803055697,0.3640002062643885,0.05395225676380157,3.6113448130606026e-05,27.41956604029486,48.90670388072481,nan,nan,nan
246.28,179.58621215820312,-182.86288452148438,-38.669376373291016,179.95607913986433,-182.691398080421,-38.67849573858997,0.40778958595727305,0.36405113668243816,0.0539705548293477,3.538615264367629e-05,26.345420474348014,47.36046733927823,nan,2.6502547051292584,nan
246.29,179.57785034179688,-182.8712158203125,-38.67107391357422,179.9475118785549,-182.69965446005403,-38.680286398259,0.4076368751304415,0.3641021544895401,0.05398891605173736,3.6092791410280686e-05,26.254275935817038,46.8847266508587,nan,nan,nan
246.3,179.56947326660156,-182.87953186035156,-38.67273712158203,179.9337736970152,-182.70019262645764,-38.681728248904385,0.40615047061864584,0.3640339106716982,0.05398415794744925,3.5345869418566743e-05,27.031751099816198,47.302836979642834,4.07713769714817,0.07692738721880481,nan
246.31,179.5611114501953,-182.88784790039062,-38.67436981201172,179.92520236118702,-182.70842370388942,-38.68345025370074,0.40600207903179525,0.364084706063817,0.054002531826925174,3.605165624728351e-05,26.93788640140348,47.796076348931955,nan,nan,nan
246.32,179.552734375,-182.8961639404297,-38.67596435546875,179.91664402551987,-182.71664690252666,-38.68380942022486,0.4058548332593802,0.3641355883122106,0.0540209688120512,3.532831901770249e-05,26.300122755114767,46.63640955619458,nan,1.2272626990827225,nan
246.33,179.54437255859375,-182.90447998046875,-38.67753219604492,179.90807284596747,-182.72487907248862,-38.685455144274314,0.4057057533381277,0.3641865578338225,0.0540394691657335,3.603416534538571e-05,26.20670203294019,47.12017946208261,nan,nan,nan
246.34,179.53599548339844,-182.9127960205078,-38.6790657043457,179.8995109088351,-182.73310547052463,-38.686094747403,0.40556326970025813,0.3642376145116719,0.05405803291848066,3.5312235107660896e-05,25.771625328291453,46.14946264119795,nan,0.6600444237841471,nan
246.35,179.5276336669922,-182.92112731933594,-38.680572509765625,179.83825594847158,-182.7347792680296,-38.68769780567724,0.3623017634775791,0.3641693043542176,0.05405323750409399,3.599612300014371e-05,23.716946860170136,46.73923687128731,36.97182511628441,nan,nan
246.36,179.51927185058594,-182.929443359375,-38.682044982910156,179.82959734484018,-182.7430277023668,-38.68837037431313,0.36206728675529987,0.36422013840952355,0.054071813180349315,3.527637560915047e-05,23.347534769335947,47.309476267192885,nan,0.5315458323187119,nan
246.37,179.51089477539062,-182.93775939941406,-38.68349075317383,179.82093101364595,-182.75128172634908,-38.689880133213535,0.36185247789746267,0.36427105962456674,0.05409045243417619,3.5981550675245034e-05,23.255876794789554,46.64994752865092,nan,nan,nan
246.38,179.50253295898438,-182.9460906982422,-38.684906005859375,179.81226257826413,-182.7595377579443,-38.691629033589265,0.36163467158836954,0.3643220679239489,0.054109155313281,3.526304215495316e-05,23.312670438567707,46.36643668521735,nan,0.04970328032566938,nan
246.39000000000001,179.49415588378906,-182.95440673828125,-38.68629455566406,179.80359648031265,-182.76779276687083,-38.69308568194276,0.3614199447990892,0.36437316366244904,0.05412792205504232,3.596835899047984e-05,23.22163209272485,46.65769784956441,nan,nan,nan
246.4,179.4857940673828,-182.96273803710938,-38.687652587890625,179.8137925769763,-182.779431754255,-38.69523652451133,0.37582140934772656,0.36430478683738654,0.054123085252579424,3.522985877424675e-05,24.087968267808105,46.13310229877493,4.391980609343098,0.26547259439888266,nan
246.41,179.47743225097656,-182.97105407714844,-38.688987731933594,179.80516040671074,-182.78768452294838,-38.69664804682202,0.3756179147653138,0.36435565972337186,0.05414186315613128,3.5934468339671114e-05,23.996759890629367,47.032610743379074,nan,nan,nan
246.42000000000002,179.46905517578125,-182.97938537597656,-38.69029235839844,179.79655057142165,-182.79592291334478,-38.69519201029684,0.37541405933888994,0.36440661961871934,0.05416070490647234,3.5219049682010163e-05,22.95714450706775,44.48056122014593,nan,5.63000288364543,nan
246.43,179.460693359375,-182.98770141601562,-38.69157409667969,179.78791859392177,-182.8041764892981,-38.69652409407178,0.3752096151820277,0.36445766684301606,0.05417961072617208,3.592385247500588e-05,22.866580787700524,45.93000946513817,nan,nan,nan
246.44,179.4523162841797,-182.99603271484375,-38.69282913208008,179.7792921661323,-182.8124269162188,-38.69710931611784,0.3750235147864631,0.3645088013735382,0.054198580684945014,3.520943367058211e-05,22.617139432816053,44.18120011288408,nan,0.3638477611270098,nan
246.45000000000002,179.44395446777344,-183.0043487548828,-38.69405746459961,179.8362600905594,-182.83627699519002,-38.698411310181974,0.4268146834951475,0.36444035798627455,0.05419369859258169,3.589245968967597e-05,23.975642328801833,44.53042171149078,40.37931939069329,nan,nan
246.46,179.4355926513672,-183.01268005371094,-38.69526290893555,179.8277446655225,-182.84453488413016,-38.69928319354597,0.4266991480513615,0.3644912694508808,0.054212678940193104,3.5179822614165936e-05,23.819477125930973,43.47883950353854,nan,0.1014876970825637,nan
246.47,179.42721557617188,-183.02101135253906,-38.69644546508789,179.819226662869,-182.85279511421612,-38.700509176452066,0.4265980645514371,0.36454226813601975,0.05423172356101603,3.588419641407708e-05,23.73386583818771,42.94104977721844,nan,nan,nan
246.48000000000002,179.41885375976562,-183.02932739257812,-38.69760513305664,179.81070025746752,-182.86106160276012,-38.70294774069797,0.42648047697488534,0.3645933540485142,0.054250832537406965,3.517241977845572e-05,23.995950195934327,44.67744575721194,nan,1.066539326734288,nan
246.49,179.4104766845703,-183.03765869140625,-38.69873809814453,179.80218210574336,-182.8693230994107,-38.70414115836741,0.42637917581492313,0.3646445274637373,0.05427000607313897,3.5877043570553024e-05,23.912128030389123,43.189176669557206,nan,nan,nan
246.5,179.40211486816406,-183.04598999023438,-38.699851989746094,179.76373743313698,-182.87131863738773,-38.70463907008867,0.4016265393883677,0.3645760172699934,0.05426507462088616,3.514494650003963e-05,22.967441110664737,43.89089736131779,9.335959271575781,0.23158064710875043,nan
246.51000000000002,179.3937530517578,-183.0543212890625,-38.7010498046875,179.75516695384079,-182.8795822285361,-38.705835606243284,0.401468120513974,0.36462696738968653,0.05428425774745924,3.584896410011189e-05,22.867625826241927,43.82238591107032,nan,nan,nan
246.52,179.3853759765625,-183.06263732910156,-38.70233154296875,179.7465975976066,-182.8878456831619,-38.70693367969945,0.4013157842180067,0.3646780046553452,0.05430350544159349,3.5139555252830256e-05,22.74368701416887,44.14383648398233,nan,0.02392403717139401,nan
246.53,179.37701416015625,-183.0709686279297,-38.703697204589844,179.73802704717696,-182.89611035526593,-38.70830016065297,0.4011569609498213,0.36472912931779905,0.05432281789638377,3.5843859102425425e-05,22.645865167391804,43.64710860014715,nan,nan,nan
246.54,179.36865234375,-183.0792999267578,-38.70514678955078,179.7294576919765,-182.90437464697257,-38.709538167311145,0.4009970536243751,0.3647803414206501,0.05434219521008495,3.513511278997323e-05,22.517685703974944,43.54561799896745,nan,0.03172653266465287,nan
246.55,179.3602752685547,-183.08763122558594,-38.70668029785156,179.7165112996406,-182.90375894242317,-38.71107292816847,0.4009144816047742,0.3647117644471424,0.05433721044005238,3.581775128962505e-05,23.496165430975427,43.11117613842447,5.248948437810045,nan,nan
246.56,179.35191345214844,-183.09596252441406,-38.708290100097656,179.70793933626896,-182.91199378245665,-38.71250430244893,0.4007701182506676,0.36476275303606104,0.05435659653392355,3.511045737548664e-05,23.378121473047266,43.53300366983992,nan,0.02353581084238991,nan
246.57,179.34353637695312,-183.1042938232422,-38.709983825683594,179.69936635091986,-182.92022966270252,-38.71419824081763,0.40063992170434026,0.364813828917079,0.05437604758677903,3.581449779297155e-05,23.28414308964855,42.940621472491415,nan,nan,nan
246.58,179.33517456054688,-183.1126251220703,-38.711753845214844,179.69079681829308,-182.92846365657093,-38.71531765565775,0.400493865526381,0.36486499215397605,0.054395563705794,3.5107753381748575e-05,23.065304031573966,43.265697866204455,nan,0.3009408018456336,nan
246.59,179.32681274414062,-183.12095642089844,-38.71360397338867,179.6822238890438,-182.9367003619231,-38.717165052942,0.40034992004256903,0.3649162429673566,0.05441514507077718,3.581211670914554e-05,22.973209517022262,43.195031464965865,nan,nan,nan
246.6,179.3184356689453,-183.12928771972656,-38.71553039550781,179.6402453328779,-182.92420545796176,-38.7198020956617,0.3816260490495551,0.3648475990278124,0.054410102919810646,3.508476534823316e-05,24.246252312359378,43.5614146150864,17.493678621725756,0.3151818041908039,nan
246.61,179.31007385253906,-183.1376190185547,-38.717533111572266,179.63162333053552,-182.93239098189537,-38.72181292941334,0.38148516441873015,0.36489862609747165,0.05442969223190258,3.578858936288999e-05,24.154417532208306,44.042205084955015,nan,nan,nan
246.62,179.3017120361328,-183.1459503173828,-38.719608306884766,179.62299439913227,-182.94058157471406,-38.725429532021806,0.3813562165508174,0.3649497404364474,0.054449346813089536,3.508362463735691e-05,24.525188033669544,44.42872110969499,nan,1.6429933368761325,nan
246.63,179.2933349609375,-183.15428161621094,-38.721763610839844,179.6143727257697,-182.94876754448936,-38.72760811332044,0.3812288529653578,0.3650009422489877,0.05446906683583198,3.5787796015538507e-05,24.431532942970424,43.77390280294935,nan,nan,nan
246.64000000000001,179.28497314453125,-183.16261291503906,-38.7239875793457,179.60575665818595,-182.95695008308027,-38.72863942661048,0.38107860444394087,0.36505223162341477,0.054488852418267626,3.508322023219288e-05,24.011073206831373,43.914149087720745,nan,1.0496149387686597,nan
246.65,179.276611328125,-183.1709442138672,-38.72628402709961,179.61438541838518,-182.96297893381276,-38.73091558496887,0.396689229860738,0.36498352069022333,0.05448374889062697,3.576578659079327e-05,25.23310273989154,43.670040136054865,8.066909815860571,nan,nan
246.66,179.2682342529297,-183.1792755126953,-38.72865676879883,179.60580159198898,-182.9711414549748,-38.732594469845424,0.3965942509319932,0.3650345860982598,0.05450354157343127,3.506239850845626e-05,24.9946908693399,42.90663969706493,nan,0.35341214411804645,nan
246.67000000000002,179.25987243652344,-183.18760681152344,-38.73103713989258,179.59721530442545,-182.9793061367008,-38.73501788757714,0.39649114493017523,0.36508573887774676,0.05452339989027179,3.5766412529475115e-05,24.914069558936255,43.36310428014685,nan,nan,nan
246.68,179.2515106201172,-183.19595336914062,-38.733402252197266,179.5886353589849,-182.98746689435973,-38.73586110845554,0.3963909001191749,0.3651369791300753,0.05454332396524885,3.506332398793309e-05,24.5644610265364,42.181477523550214,nan,1.7529961106605325,nan
246.69,179.24314880371094,-183.20428466796875,-38.73573303222656,179.58004980639416,-182.9956318381316,-38.738243419212665,0.3962885199584127,0.36518830703989524,0.05456331396192536,3.576770663787099e-05,24.487301206867762,42.94243178072072,nan,nan,nan
246.70000000000002,179.2347869873047,-183.21261596679688,-38.73802947998047,179.53587109086538,-182.97739498889567,-38.740552471498,0.3820823358229825,0.3600416499141854,0.05060850989370574,3.646306840288892e-05,36.57529271124787,55.34817802232113,0.6864371179082857,nan,0.1783306849028768
246.71,179.22640991210938,-183.220947265625,-38.74028015136719,179.52728237549542,-182.98553879837178,-38.742860279152154,0.3820314682560636,0.36009514110663365,0.05062064280726584,3.7195311699713524e-05,36.46384361858166,54.797062211246676,nan,nan,nan
246.72,179.21804809570312,-183.22927856445312,-38.742488861083984,179.51871681494367,-182.9937064323262,-38.745710081291904,0.38197681136975026,0.3601487167125011,0.050632831373769574,3.640729266311998e-05,36.452987560728424,55.36176718695675,nan,0.22174015023837468,nan
246.73000000000002,179.20968627929688,-183.23760986328125,-38.744651794433594,179.51012810013071,-183.00185070940907,-38.74794027948556,0.38191423183015366,0.3602023817223857,0.05064508070623379,3.713820854698236e-05,36.342498477046874,55.30603187734289,nan,nan,nan
246.74,179.20132446289062,-183.24595642089844,-38.74677658081055,179.50158782589293,-183.0100439007626,-38.75136413810211,0.3818819843880986,0.3602561315079931,0.05065738608127939,3.635347736893802e-05,36.51690223013601,54.67135466605403,nan,0.9975474826298252,nan
246.75,179.19296264648438,-183.25428771972656,-38.74885559082031,179.52388783929652,-183.0327987490579,-38.753654463994515,0.39823595587210125,0.36018453086047925,0.0506527500335255,3.705959662104087e-05,35.86330742680178,54.752001090945406,13.312299132369754,nan,nan
246.76000000000002,179.18458557128906,-183.2626190185547,-38.75089645385742,179.51534290164366,-183.04096890869792,-38.755511133267035,0.39818397512817255,0.36023804636916895,0.05066509442996857,3.6279047554622596e-05,35.71316495504697,54.124711638627794,nan,0.04590801752709458,nan
246.77,179.1762237548828,-183.2709503173828,-38.75289535522461,179.50680839503346,-183.04914952033354,-38.75758966952052,0.39812540042294814,0.3602916510454861,0.0506774996568966,3.700662021335126e-05,35.60500589019113,54.569807246029484,nan,nan,nan
246.78,179.16786193847656,-183.279296875,-38.75485610961914,179.49828725596925,-183.0573436693198,-38.75997615445706,0.398083321442882,0.36034534054919576,0.05068996139489729,3.6229168740347136e-05,35.61973138916602,53.763237785940284,nan,0.07924375065984737,nan
246.79,179.1595001220703,-183.28762817382812,-38.75677490234375,179.4897528528368,-183.0655249956539,-38.76198080613468,0.39802486023877187,0.36039911943747743,0.05070248415715422,3.6955642275777005e-05,35.51320660985089,54.60705790365174,nan,nan,nan
246.8,179.15113830566406,-183.29595947265625,-38.7586555480957,179.46779613713588,-183.06874302960267,-38.76645447426969,0.38982087870690013,0.3603274222223323,0.05069792519593626,3.615882548078741e-05,36.420650115175434,55.75525687975486,2.0435543775162177,3.8265075183373733,nan
246.81,179.1427764892578,-183.30429077148438,-38.760501861572266,179.45923898707343,-183.07691624554516,-38.76841046366509,0.38975663375604763,0.3603809664692623,0.05071048642356461,3.688336024703148e-05,36.31856626307061,55.67869088550595,nan,nan,nan
246.82,179.13441467285156,-183.31263732910156,-38.76231002807617,179.450568598284,-183.08497840421222,-38.767266165093766,0.3896234771446037,0.360434595591722,0.05072310461581851,3.611278372066544e-05,35.19046115923687,53.74835951246967,nan,6.219477522201793,nan
246.83,179.1260528564453,-183.3209686279297,-38.76408004760742,179.4420117161847,-183.09315230211968,-38.76912029365067,0.38955831839863075,0.3604883138661964,0.05073578390911387,3.683636574033794e-05,35.08460659798215,54.578483134092174,nan,nan,nan
246.84,179.11767578125,-183.3292999267578,-38.76581573486328,179.43347979861073,-183.10135079026568,-38.77162303608359,0.3895211303076493,0.3605421173746076,0.050748520543789886,3.606859740248568e-05,35.21599588659583,54.23670370209035,nan,0.31008962972897125,nan
246.85,179.10931396484375,-183.337646484375,-38.76751708984375,179.44455393587305,-183.11659080896337,-38.77343366110167,0.40160485009878394,0.36047032831658815,0.050744038708249714,3.6768191241229956e-05,35.232789802456374,53.49621689035804,3.325748489541392,nan,nan
246.86,179.1009521484375,-183.34597778320312,-38.769187927246094,179.43603179369185,-183.1247784033513,-38.77523810603863,0.4015521622081379,0.36052389695949133,0.05075681341995374,3.60040903073823e-05,35.18284158421773,54.34144467844,nan,0.0013487326779829051,nan
246.87,179.09259033203125,-183.3543243408203,-38.77082061767578,179.4275081160956,-183.13296476660196,-38.77696547090575,0.4015068397946916,0.36057755452497015,0.050769649316510575,3.672505535339351e-05,35.082982973521986,53.46156909403459,nan,nan,nan
246.88,179.084228515625,-183.36265563964844,-38.772422790527344,179.41894391016538,-183.14111239575897,-38.77751593847055,0.4014246435028178,0.36063129736634403,0.050782542987946974,3.5963576994495966e-05,34.66195170941226,53.952354293292935,nan,0.8757814463301379,nan
246.89000000000001,179.07586669921875,-183.37098693847656,-38.77399444580078,179.4104200168108,-183.1492993340406,-38.77916879867849,0.40137026571497797,0.3606851293518868,0.050795498050843275,3.6683780731154105e-05,34.55656743830052,53.901540017516666,nan,nan,nan
246.9,179.0675048828125,-183.37933349609375,-38.77553176879883,179.41510674661362,-183.15375458031087,-38.779833625699766,0.4144048852711369,0.3606132449716565,0.0507910853982543,3.590283115825775e-05,36.002737704233716,53.02655679885296,10.60241818360859,0.5367772328625852,nan
246.91,179.05914306640625,-183.38766479492188,-38.77703857421875,179.40660058959588,-183.1619085218297,-38.78141585084799,0.41438120832420816,0.36066684173459124,0.050804077944478575,3.6621433812979314e-05,35.898994161693096,53.810650286064224,nan,nan,nan
246.92000000000002,179.05078125,-183.39601135253906,-38.77851867675781,179.39807125860628,-183.17004049705687,-38.7822871660014,0.4143517577086897,0.3607205238105308,0.05081712868440639,3.5865857515819965e-05,35.663458435692675,52.75274592146254,nan,0.3120775098989236,nan
246.93,179.04241943359375,-183.4043426513672,-38.77996826171875,179.38956522339973,-183.17819486622054,-38.78380472793491,0.4143280567132522,0.3607742948070954,0.05083024091161543,3.658382110759554e-05,35.558691227048946,53.55426491197703,nan,nan,nan
246.94,179.0340576171875,-183.41268920898438,-38.78138732910156,179.38103621115607,-183.18632765649016,-38.7846088129708,0.41429949924941556,0.3608281514695326,0.050843411696560765,3.5830589221709585e-05,35.33809123552597,52.551159700286256,nan,0.31622587195658863,nan
246.95000000000002,179.0256805419922,-183.4210205078125,-38.782779693603516,179.36620919379752,-183.1929994765106,-38.78588975140253,0.40983292434338014,0.3607561758112708,0.05083906727647532,3.6525203903812895e-05,35.10421202707613,52.86397516526106,1.67433467931138,nan,nan
246.96,179.01731872558594,-183.4293670654297,-38.784141540527344,179.3576576296331,-183.2011213265874,-38.78624450218783,0.40979398404006867,0.36080979702463817,0.05085227509136928,3.5775151700695715e-05,34.85545956325926,52.325212665450174,nan,0.7729434950684139,nan
246.97,179.0089569091797,-183.43771362304688,-38.78547668457031,179.34914122957653,-183.20927661213867,-38.7876320810468,0.4097724802015268,0.3608635069393068,0.05086554449600629,3.6491101197012386e-05,34.751778761384934,52.269411554921085,nan,nan,nan
246.98000000000002,179.00059509277344,-183.446044921875,-38.78678894042969,179.3406559157774,-183.2174612931988,-38.78995485845743,0.4097582966553265,0.3609173025492116,0.050878872857764684,3.5743218500248e-05,34.794697481857625,53.19370517861861,nan,0.6248958507018316,nan
246.99,178.9922332763672,-183.4543914794922,-38.78807067871094,179.33213953993268,-183.225617208288,-38.79130055643451,0.40973694889058526,0.36097118708802806,0.05089226302836066,3.6458685992019715e-05,34.6933639745641,52.321914648336616,nan,nan,nan
247.0,178.98387145996094,-183.4627227783203,-38.789329528808594,179.3224217957196,-183.22355661293082,-38.79240449511199,0.41451928776256936,0.36089911732180174,0.05088797958866995,3.569115809991431e-05,36.55000224166329,53.708369437988516,14.235885855695699,0.017588319712021943,nan
247.01000000000002,178.9755096435547,-183.4710693359375,-38.79056167602539,179.31389878066307,-183.23166622385105,-38.79369847036447,0.41452490596869607,0.36095276606329213,0.050901406158744014,3.640530136412765e-05,36.45094847117745,52.871415084913444,nan,nan,nan
247.02,178.96714782714844,-183.4794158935547,-38.791770935058594,179.30533473674336,-183.23973822642253,-38.793653207423695,0.41451093217493606,0.3610065005237309,0.05091489207125243,3.5662406963441535e-05,36.17573687388499,52.629159878462254,nan,1.1759310982907518,nan
247.03,178.9587860107422,-183.48776245117188,-38.7929573059082,179.29681143065946,-183.2478483619007,-38.79488684912058,0.4145161973651577,0.3610603237009288,0.05092843990629659,3.6376168361959376e-05,36.07459146667611,52.59230287141106,nan,nan,nan
247.04,178.95042419433594,-183.49609375,-38.79411697387695,179.28832054508732,-183.25598874424313,-38.79716248121002,0.41452820501809406,0.36111423294340694,0.050942047435682584,3.563518408945668e-05,36.125497025603586,53.5407454999935,nan,0.7719881070759337,nan
247.05,178.94204711914062,-183.5044403076172,-38.79525375366211,179.3061807114496,-183.27422338181967,-38.798273394472595,0.4308157659628113,0.3610420724896395,0.05093782317942718,3.632609237878635e-05,36.02680064659522,51.75415454471683,6.68583778869581,nan,nan
247.06,178.93368530273438,-183.51278686523438,-38.79637145996094,179.29771032447047,-183.28236079950602,-38.799750252299184,0.4308384899874637,0.36109574570510977,0.050951466592192955,3.558783824610133e-05,35.99283213305552,52.18757243326131,nan,0.06207601351078596,nan
247.07,178.92532348632812,-183.5211181640625,-38.79757308959961,179.28923089730466,-183.29049018760918,-38.80096110618875,0.43084724200464375,0.36114950743003715,0.0509651720471591,3.630007573478006e-05,35.88152882505154,52.98282274114817,nan,nan,nan
247.08,178.91696166992188,-183.5294647216797,-38.798858642578125,179.28078471825626,-183.29865002657928,-38.803393404550945,0.43088652571154457,0.361203355235338,0.050978937563387824,3.5563571509419255e-05,36.03994615792887,52.378453134929366,nan,0.8807502379349,nan
247.09,178.90859985351562,-183.53781127929688,-38.800228118896484,179.27230528159893,-183.3067800301733,-38.80478700762985,0.4309035390378578,0.36125729178449706,0.050992765352669216,3.627555309095264e-05,35.931162399842385,52.32082562106602,nan,nan,nan
247.1,178.90023803710938,-183.54615783691406,-38.80167770385742,179.26129280202542,-183.31724330261264,-38.806923911512776,0.42753938997217983,0.36118503840138566,0.050988593603871354,3.5519190621480545e-05,35.479496547705104,52.32797733869136,1.9898926717160696,0.4214576554180696,nan
247.11,178.89187622070312,-183.55450439453125,-38.80321502685547,179.2528104092346,-183.32538705399233,-38.80849018112527,0.42754657224572734,0.36123873858502115,0.05100245660986187,3.623007025338123e-05,35.36905788212532,52.19595677133701,nan,nan,nan
247.12,178.88351440429688,-183.56285095214844,-38.80482864379883,179.24433741328406,-183.33353928682934,-38.81047485666307,0.42756164863758833,0.3612925248580837,0.05101638003080242,3.549771858615835e-05,35.395649303878166,52.312992078021786,nan,0.07751121464271786,nan
247.13,178.87515258789062,-183.57118225097656,-38.806522369384766,179.2358548184633,-183.3416830542599,-38.81220804981967,0.4275608815077798,0.3613463996755137,0.05103036585455779,3.620842275222524e-05,35.28427537956289,53.09585535557726,nan,nan,nan
247.14000000000001,178.86679077148438,-183.57952880859375,-38.80829620361328,179.22742060253273,-183.34986978933304,-38.81577845455835,0.42761328820437944,0.3614003609216903,0.0510444124339498,3.5477585167582595e-05,35.8665022013008,52.83804811843156,nan,2.120343165118434,nan
247.15,178.85841369628906,-183.58787536621094,-38.810150146484375,179.22337539516226,-183.36354422788335,-38.817709728912476,0.4284607899846277,0.36132801747168936,0.051040290684620314,3.616581250241252e-05,35.11620807402077,52.02284841701204,2.52975199377553,nan,nan
247.16,178.8500518798828,-183.59622192382812,-38.812076568603516,179.21486490764687,-183.37167590927822,-38.81832515288324,0.42842560927438056,0.36138174211901947,0.051054371904525116,3.543730041453443e-05,34.5347482295441,51.98605469116689,nan,1.2995942132173517,nan
247.17000000000002,178.84169006347656,-183.6045684814453,-38.814083099365234,179.20639162127898,-183.3798401661091,-38.820378507650446,0.4284269764415465,0.3614355551163297,0.05106851566210577,3.614687068733365e-05,34.426524917518364,51.84974903234038,nan,nan,nan
247.18,178.8333282470703,-183.6129150390625,-38.816162109375,179.19788631004008,-183.38797639846715,-38.82129035861125,0.42839966415647557,0.3614894545425021,0.05108272051195617,3.5419729490068464e-05,33.969994734245155,51.47447935054439,nan,1.0225239809933397,nan
247.19,178.82496643066406,-183.6212615966797,-38.81831741333008,179.1894133188073,-183.39614092367827,-38.82348384420841,0.42840114810528634,0.3615434425601462,0.05109698814110061,3.6129222857174445e-05,33.863920080920245,51.376721507433984,nan,nan,nan
247.20000000000002,178.8166046142578,-183.62960815429688,-38.8205451965332,179.19324783406336,-183.40324204746338,-38.824877536193775,0.43945477414106604,0.3614710073218196,0.05109291018563375,3.538199351681209e-05,34.668802977964084,51.25660943265753,3.9707369244456614,0.4693300404550865,nan
247.21,178.80824279785156,-183.63795471191406,-38.822845458984375,179.18479356166213,-183.41138885156934,-38.827210608757355,0.43947880646580434,0.361524758412245,0.05110721175277481,3.609055945629417e-05,34.56553366769609,51.19331143069794,nan,nan,nan
247.22,178.7998809814453,-183.64630126953125,-38.825218200683594,179.17625475603566,-183.41946263670982,-38.82625560627662,0.439447448223385,0.36157859592554653,0.05112157473657523,3.5366823977156715e-05,33.96747976972195,50.60963764126658,nan,7.8101301962957015,nan
247.23000000000002,178.79151916503906,-183.65463256835938,-38.82760238647461,179.16780083438593,-183.42760930907517,-38.8286715304991,0.43946398943648946,0.361632521843882,0.05113600064325363,3.6075376334860846e-05,33.86577754523262,51.42020250679574,nan,nan,nan
247.24,178.7831573486328,-183.66297912597656,-38.8299674987793,179.1593808012495,-183.435784926783,-38.832457561923114,0.43950823753429274,0.3616865345173328,0.05115048829716246,3.535280206874997e-05,33.90958952825545,50.65701272060881,nan,1.302194452623995,nan
247.25,178.77479553222656,-183.67132568359375,-38.83230209350586,179.1729531552846,-183.44592266947004,-38.834807077366236,0.45753938247917436,0.3616140098649557,0.051146451041632505,3.60391561191668e-05,35.0355526623756,50.6723560730856,6.237936480267294,nan,nan
247.26000000000002,178.7664337158203,-183.67967224121094,-38.834598541259766,179.16452784945355,-183.454050484581,-38.83692388023758,0.4575910002385782,0.36166778537418925,0.051160972000060034,3.531855085825549e-05,34.91627963355541,50.586370868818065,nan,0.04370834234249247,nan
247.27,178.75807189941406,-183.68801879882812,-38.83685302734375,179.1561087958122,-183.46218347838592,-38.83924979604537,0.457646924335457,0.3617216491070827,0.0511755560290657,3.602627246155549e-05,34.82458069199752,50.514451327540186,nan,nan,nan
247.28,178.7497100830078,-183.6963653564453,-38.83906173706055,179.14770798685626,-183.4703316319092,-38.842304828197435,0.4577161715905902,0.3617755995802768,0.05119020211414986,3.530670332296884e-05,34.865187867438905,50.632041149337624,nan,0.4119930648745555,nan
247.29,178.74134826660156,-183.7047119140625,-38.84122848510742,179.13928930600989,-183.47846463201785,-38.8445547531864,0.45777283398788826,0.3618296385256451,0.05120491152104089,3.601448634869092e-05,34.77685308134978,50.55069115646798,nan,nan,nan
247.3,178.7329864501953,-183.7130584716797,-38.843353271484375,179.13993647244564,-183.48423660844088,-38.848274895234034,0.46689612130103925,0.361757023188313,0.05120090913537413,3.527459880761601e-05,36.204989101484635,51.12735043407721,3.609536293055591,1.665322264221749,nan
247.31,178.72462463378906,-183.72140502929688,-38.845436096191406,179.13153089608718,-183.49234972434232,-38.850456488774995,0.46697349321663467,0.36181082465125186,0.05121565110865666,3.598158810568104e-05,36.12269893643608,51.08348106006919,nan,nan,nan
247.32,178.7162628173828,-183.72975158691406,-38.847476959228516,179.12315617268155,-183.50048860083146,-38.8539817006683,0.4670824670601246,0.36186471283376037,0.051230455435692455,3.5264771363433976e-05,36.52609172243043,51.54553738867286,nan,1.332606575335077,nan
247.33,178.70790100097656,-183.73809814453125,-38.84947967529297,179.11475064105284,-183.5086021035602,-38.85609612688885,0.46716040059416086,0.3619186893147754,0.05124532323945526,3.597187088137016e-05,36.44741312376405,51.446982660839865,nan,nan,nan
247.34,178.6995391845703,-183.74644470214844,-38.8514404296875,179.10633153592312,-183.51670433706218,-38.85754113628153,0.46722357719838803,0.36197275284075947,0.05126025371864443,3.5255907633049285e-05,36.19044982797052,51.24881098887769,nan,0.2761935693136457,nan
247.35,178.69119262695312,-183.75479125976562,-38.853363037109375,179.09187510703492,-183.51680073303908,-38.85953513022233,0.4660729936281178,0.3619000487744832,0.051256282635918235,3.594100898009702e-05,37.248336786994564,52.07377879146242,4.883800291885045,nan,nan
247.36,178.68283081054688,-183.7631378173828,-38.85524368286133,179.08344335945415,-183.52487362570406,-38.86085272879517,0.4661455789499687,0.3619538745776211,0.05127124499366069,3.522670697476143e-05,36.98745859434597,51.483210094379864,nan,0.31700998515420076,nan
247.37,178.67446899414062,-183.771484375,-38.85708999633789,179.07502600345202,-183.53295818395455,-38.862801162390944,0.46623307362394284,0.3620077885104033,0.05128627098613383,3.5933205272145354e-05,36.908160306696566,51.3859069693013,nan,nan,nan
247.38,178.66610717773438,-183.7798309326172,-38.85890197753906,179.06660874387254,-183.54104263999878,-38.86471332046258,0.4663208389910417,0.3620617900711671,0.051301360333435714,3.6654029974311084e-05,36.82807281124628,51.28463824062873,nan,nan,nan
247.39000000000001,178.65774536132812,-183.78817749023438,-38.86067199707031,179.0581916157756,-183.5491268793376,-38.866589689336294,0.46640906547031274,0.3621158794044127,0.05131651318006655,3.738932558145863e-05,36.74980703052676,51.30339983763464,nan,nan,nan
247.4,178.64938354492188,-183.79652404785156,-38.86241149902344,179.07422674875392,-183.56909664657155,-38.86778088556216,0.48191679884296795,0.3620430856728926,0.05131256783260754,3.656584050596267e-05,36.08641463574743,50.603895517792175,7.497480271258509,0.29694990851854897,nan
247.41,178.64102172851562,-183.80487060546875,-38.864112854003906,179.0658515427253,-183.57720856439803,-38.86958210314099,0.48201689666654307,0.3620969369749813,0.05132775178419216,3.7298652929397683e-05,36.00640983615726,50.62135244005747,nan,nan,nan
247.42000000000002,178.63265991210938,-183.81321716308594,-38.86578369140625,179.05750282897486,-183.58534160128025,-38.87270660127305,0.4821480087691507,0.3621508752148237,0.051342998940960574,3.6502943062149555e-05,36.4239854235912,51.022042932144565,nan,1.1928389028910922,nan
247.43,178.62429809570312,-183.82156372070312,-38.8674201965332,179.04912733156252,-183.5934537592689,-38.87445508640193,0.48224840468566055,0.36220490172124475,0.05135831018330838,3.723429825380967e-05,36.346889176695655,50.999147991007895,nan,nan,nan
247.44,178.61593627929688,-183.8299102783203,-38.869022369384766,179.04074895560112,-183.60156377491094,-38.876020659700316,0.48234522039240596,0.3622590154882041,0.051373684947430956,3.644234368604822e-05,36.26855477753397,50.97348188842004,nan,0.014812446262676584,nan
247.45000000000002,178.6075897216797,-183.8382568359375,-38.8705940246582,179.0381736825274,-183.61542650916542,-38.877764678136295,0.4848786653792483,0.36218613379128467,0.051369761456131535,3.714876319658976e-05,35.65669035689017,51.0941936304851,2.238827512967937,nan,nan
247.46,178.59922790527344,-183.8466033935547,-38.872135162353516,179.0298440853921,-183.62358559885467,-38.88130991775751,0.48502722343140736,0.3622400092871632,0.05138516658834841,3.6361444447429705e-05,36.49424550550652,51.57025124869537,nan,2.3361572179487755,nan
247.47,178.5908660888672,-183.85494995117188,-38.8736457824707,179.02147956157404,-183.63171787142383,-38.882952825734755,0.48512590670836286,0.36229397288512544,0.051400635966951665,3.7089228013330036e-05,36.42153746690916,51.52892152256659,nan,nan,nan
247.48000000000002,178.58250427246094,-183.86329650878906,-38.8751220703125,179.0131428563426,-183.6398714786617,-38.886102600525376,0.48527199183424413,0.36234802370779184,0.0514161691331001,3.630543389571334e-05,37.31408058783299,52.50766432979885,nan,1.546457974260935,nan
247.49,178.5741424560547,-183.87164306640625,-38.87657165527344,179.0047784878352,-183.6480041259603,-38.887702435343535,0.485371673891695,0.36240216289073407,0.05143176681025497,3.703201815914236e-05,37.24572260687564,52.43245472798052,nan,nan,nan
247.5,178.56578063964844,-183.87998962402344,-38.877994537353516,178.9634638459427,-183.6467732408599,-38.89070030956124,0.46119762639433254,0.362329192579176,0.05142785981171553,3.622926542716311e-05,37.830877995230956,53.56563205861223,9.168979608774483,1.578032943464266,nan
247.51000000000002,178.5574188232422,-183.88833618164062,-38.87938690185547,178.9550456104137,-183.65489812969665,-38.89225725439424,0.4612656847698555,0.3623830931886575,0.051443487045850694,3.6953820424974366e-05,37.7644805584202,53.565318249843045,nan,nan,nan
247.52,178.54905700683594,-183.8966827392578,-38.88075256347656,178.94661639572487,-183.66301519360334,-38.89315254917542,0.4613109030049692,0.36243708098086314,0.051459178323493206,3.6177703155838435e-05,37.439300447326424,53.256656811042056,nan,0.26571910511471103,nan
247.53,178.5406951904297,-183.90504455566406,-38.8820915222168,178.93819783826817,-183.67114047194315,-38.89464962625034,0.4613861521511458,0.36249115697701506,0.05147493427835924,3.690122240312825e-05,37.372934860365774,52.39343945014597,nan,nan,nan
247.54,178.53233337402344,-183.91339111328125,-38.883399963378906,178.92976881750826,-183.6792580491326,-38.89547781223121,0.46143157444902627,0.36254532047155935,0.05149075458593607,3.612828439232786e-05,37.04444875137993,52.94555969707939,nan,0.273596300770785,nan
247.55,178.52398681640625,-183.92173767089844,-38.88468551635742,178.91055809556568,-183.69285733954035,-38.89702899545396,0.4494173132287497,0.36247226292164475,0.051486859890815466,3.682774973868437e-05,35.5148450331084,53.008380031284425,8.700427079886047,nan,nan
247.56,178.515625,-183.93008422851562,-38.88594436645508,178.90211160018882,-183.70100671065111,-38.89761114955964,0.4494268740790706,0.36252618759920824,0.051502708969101745,3.605883594309061e-05,35.05935247929914,52.15328237022162,nan,0.4629056903694011,nan
247.57,178.50726318359375,-183.9384307861328,-38.88718032836914,178.8936785284605,-183.7091660798168,-38.89899535458189,0.4494649253891324,0.3625802003291875,0.05151862289255348,3.677959635651709e-05,34.98709773820607,52.08001109235009,nan,nan,nan
247.58,178.4989013671875,-183.94677734375,-38.888389587402344,178.88528611529196,-183.71735476525643,-38.90296389099759,0.44960015949249,0.3626343005072968,0.05153460141291,3.601364150503858e-05,36.99700014149109,54.12308694688835,nan,4.531925990996744,nan
247.59,178.49053955078125,-183.95513916015625,-38.88957595825195,178.87685321851333,-183.7255142949923,-38.9043266043617,0.4496480958914728,0.3626884890026598,0.05155064504977511,3.6733579776676235e-05,36.932185327153576,53.19721530857637,nan,nan,nan
247.6,178.482177734375,-183.96348571777344,-38.8907356262207,178.88924532187454,-183.73614145976768,-38.90675444190117,0.4665254922259759,0.3626153438517839,0.05154675747916399,3.594849335706352e-05,39.01976028067444,55.29306761634394,4.519921537154016,0.8434316587359528,nan
247.61,178.47381591796875,-183.97183227539062,-38.891876220703125,178.88084514002182,-183.7442919424401,-38.908082668797775,0.46659408449337086,0.362669293237815,0.0515628290416225,3.666677749177535e-05,38.95342110686176,55.2125796849934,nan,nan,nan
247.62,178.4654541015625,-183.9801788330078,-38.89299011230469,178.87246449040518,-183.75245625868047,-38.91072653286506,0.4667221958493467,0.36272333001648815,0.05157896543668257,3.590735081889746e-05,40.45997009913867,56.777375328493385,nan,1.1986292048989762,nan
247.63,178.45709228515625,-183.98854064941406,-38.89419174194336,178.86406443255302,-183.76060710284668,-38.91207880986859,0.4667975766930329,0.362777454967663,0.05159516711970747,3.6624947719822874e-05,40.34628533661209,55.81777669578701,nan,nan,nan
247.64000000000001,178.44873046875,-183.99688720703125,-38.89548110961914,178.85565411571764,-183.76875110277464,-38.91278896424055,0.466832409284555,0.3628316676211847,0.05161143393869418,3.586815414697539e-05,39.87134145684897,56.20353128056998,nan,0.35635608392754226,nan
247.65,178.44036865234375,-184.00523376464844,-38.8968505859375,178.82067873053913,-183.76955276349815,-38.91438988522816,0.44775988755110946,0.362758435990606,0.051607549075891004,3.6562386011581694e-05,39.49820635698916,56.37819773057609,5.850156306085949,nan,nan
247.66,178.4320068359375,-184.01358032226562,-38.8983039855957,178.81221791140666,-183.77768615836374,-38.914720708760406,0.4477454938599105,0.3628124092887866,0.051623842987987674,3.5809047023727735e-05,38.52005884979425,55.41373898084874,nan,1.0899872771387713,nan
247.67000000000002,178.42364501953125,-184.02194213867188,-38.899837493896484,178.8037745376699,-183.78583145566606,-38.916393956274725,0.4477955131935622,0.3628664706186405,0.051640202360069554,3.652455166126925e-05,38.41082985179352,54.48489518255215,nan,nan,nan
247.68,178.415283203125,-184.03028869628906,-38.90145492553711,178.79517263880572,-183.7950906174872,-38.91944820351835,0.44716649881941517,0.3628907854864609,0.050481199248513936,3.5773131132535594e-05,51.982303970837066,68.8893761892772,nan,1.1402094287477913,0.0010340551203835253
247.69,178.40692138671875,-184.03863525390625,-38.90314865112305,178.78672841311945,-183.803237841101,-38.92129805916895,0.4472076925447039,0.36294478349215226,0.05049348949009962,3.648811011611697e-05,51.833729825685,68.83117436525502,nan,nan,nan
247.70000000000002,178.3985595703125,-184.0469970703125,-38.90492630004883,178.77738672224632,-183.81961416251374,-38.923154002527916,0.4422049829422694,0.3628721651838882,0.05048872748294758,3.5717861353944696e-05,50.14241380142005,67.597951922177,12.972212710600465,0.005342169433517125,nan
247.71,178.3902130126953,-184.0553436279297,-38.906776428222656,178.7689458045684,-183.82780455531298,-38.92516350011495,0.4422110826517463,0.36292592661052064,0.05050105616049203,3.643149074186167e-05,49.991016466039625,68.89716178957812,nan,nan,nan
247.72,178.38185119628906,-184.06369018554688,-38.90870666503906,178.76049657866264,-183.8359686905203,-38.92633936428498,0.4421994086073228,0.36297977476916443,0.05051344185740137,3.568607610490406e-05,49.29549407838233,67.77720697765541,nan,0.564679106367071,nan
247.73000000000002,178.3734893798828,-184.07205200195312,-38.91071319580078,178.75205553234454,-183.84415936523706,-38.92849586989685,0.4422257445661483,0.3630337100440676,0.05052588719069709,3.6399301201122964e-05,49.14631624002415,66.77898517315876,nan,nan,nan
247.74,178.36512756347656,-184.0803985595703,-38.91279220581055,178.743620779519,-183.85237070974333,-38.93145298670821,0.4422691936259871,0.36308773235049974,0.05053838989577347,3.565601529006945e-05,50.0973837486076,68.70833906922272,nan,0.35627450988715975,nan
247.75,178.3567657470703,-184.0887451171875,-38.914947509765625,178.7194846805316,-183.84981839106484,-38.933708012045315,0.43474470852762104,0.3630150288434949,0.05053370946817642,3.634640359998082e-05,51.04974202770154,69.00407487511313,8.368264585089388,nan,nan
247.76000000000002,178.34840393066406,-184.09710693359375,-38.917179107666016,178.71101177911115,-183.8579637793513,-38.93568838756566,0.4347602712056966,0.36306881431065696,0.050546250240807486,3.560605370769063e-05,50.86602400115012,67.99324128020982,nan,0.11460109846866683,nan
247.77,178.3400421142578,-184.10545349121094,-38.91947937011719,178.7025423770018,-183.8661204367733,-38.938148770115156,0.43478189696927755,0.36312268678312254,0.05055885079048978,3.631772321716695e-05,50.71614922000575,68.76148995929584,nan,nan,nan
247.78,178.33168029785156,-184.11380004882812,-38.921852111816406,178.69407264044355,-183.8742750306063,-38.94061374297947,0.4348016135289452,0.3631766462129197,0.05057150910228465,3.5579317591928714e-05,50.887391707089506,68.94983095783877,nan,0.0032037895055247955,nan
247.79,178.3233184814453,-184.12216186523438,-38.92423629760742,178.6856036369248,-183.88243129274355,-38.94318938852032,0.4348338773862225,0.36323069292780236,0.05058422742156874,3.629071998945128e-05,50.771205664186255,67.99744113055192,nan,nan,nan
247.8,178.31495666503906,-184.13050842285156,-38.926605224609375,178.68020951759388,-183.8892565077146,-38.94264605199313,0.43802904127447545,0.36315790438289536,0.05057962220104946,3.553267448310343e-05,48.593115213991624,66.21723460643618,0.9152947786653878,6.802215679808315,nan
247.81,178.3065948486328,-184.13885498046875,-38.92893981933594,178.67174482268237,-183.8974022681105,-38.94516551294716,0.43806071381340367,0.3632117139826306,0.050592378065478054,3.6242968262142986e-05,48.49283069569639,66.15601970353751,nan,nan,nan
247.82,178.29824829101562,-184.14720153808594,-38.931236267089844,178.66326619338915,-183.90549840300778,-38.945699390286244,0.4380270042958193,0.3632656104627103,0.05060519206900572,3.550906939149562e-05,46.99573353403541,65.15357451859431,nan,2.609741833907326,nan
247.83,178.28988647460938,-184.1555633544922,-38.93349075317383,178.65480183657627,-183.91364404512169,-38.94812559532145,0.43806660709350514,0.3633195941200295,0.050618066230869674,3.621918262323339e-05,46.89905340593178,63.78266957507255,nan,nan,nan
247.84,178.28152465820312,-184.16390991210938,-38.935699462890625,178.64633780959747,-183.9217908743392,-38.95055506730209,0.43809925001472055,0.36337366495410195,0.050630998872928976,3.548695940545979e-05,47.082265483936354,64.88188307826093,nan,0.0013642704359681688,nan
247.85,178.27316284179688,-184.17225646972656,-38.937870025634766,178.60055727854535,-183.92070751685006,-38.95285467339259,0.4131446872168933,0.36330079191311476,0.05062646670555032,3.617463040272047e-05,46.05071075806482,65.06135454861364,11.620635606582148,nan,nan
247.86,178.26480102539062,-184.1806182861328,-38.93999481201172,178.5920293867274,-183.928837129788,-38.954527684616195,0.4131384217663841,0.3633546253719756,0.05063943646025016,3.5444882971345916e-05,45.68277020622685,63.857697238051074,nan,0.2710204198762074,nan
247.87,178.25645446777344,-184.18896484375,-38.94207763671875,178.58350572019017,-183.93698158223333,-38.95678065972746,0.41312741942109066,0.3634085459017893,0.050652466529239264,3.6153861310398896e-05,45.57982292502323,65.16099983646846,nan,nan,nan
247.88,178.2480926513672,-184.1973114013672,-38.94411849975586,178.57498272503847,-183.9451281096713,-38.95908786807519,0.4131314740651861,0.36346255352778684,0.050665555438244955,3.5425626613129684e-05,45.80360975326176,64.91232003382108,nan,0.006178407766062299,nan
247.89000000000001,178.23973083496094,-184.20567321777344,-38.94612121582031,178.56645907397376,-183.95327232122622,-38.9612614679151,0.4131425685883167,0.3635166485073289,0.050678704902803004,3.61345304026755e-05,45.703132170544,63.969307568057985,nan,nan,nan
247.9,178.2313690185547,-184.21401977539062,-38.948081970214844,178.5292464720394,-183.95030577111783,-38.96119192324632,0.3980551773468355,0.36344369120999404,0.05067423985740404,3.538637542916072e-05,44.278749336716665,63.8873612223006,7.615545269366505,3.5296927747502833,nan
247.91,178.22300720214844,-184.2223663330078,-38.95000457763672,178.52067531786824,-183.95842994779343,-38.963266670115445,0.39805100885831757,0.3634975485437159,0.05068742587243224,3.609435739881567e-05,44.17353138962312,63.8244464783401,nan,nan,nan
247.92000000000002,178.21466064453125,-184.230712890625,-38.95188903808594,178.51209433176416,-183.96651545861306,-38.96353186546251,0.3979982874485632,0.3635514928908035,0.05070067107497883,3.536978340230447e-05,43.01110617947635,63.24955748456284,nan,2.1704408768622634,nan
247.93,178.206298828125,-184.23907470703125,-38.9537353515625,178.50352328234362,-183.9746399563431,-38.965514676262494,0.39800360054582873,0.3636055244874149,0.050713976997748225,3.6077758049907256e-05,42.907031004502784,61.79754306078101,nan,nan,nan
247.94,178.19793701171875,-184.24742126464844,-38.955543518066406,178.49494333329844,-183.9827288514588,-38.96577534610246,0.397969243740529,0.3636596433914227,0.05072734243898798,3.535446065197134e-05,41.901784490069666,61.69937752550835,nan,1.9660283974031603,nan
247.95000000000002,178.1895751953125,-184.25576782226562,-38.95731735229492,178.51052591638046,-184.00865302179793,-38.96757986586597,0.4051918177222111,0.3635866023136008,0.05072294173643921,3.604028032675121e-05,39.99439346557272,60.610966893072124,21.865648737335334,nan,nan
247.96,178.18121337890625,-184.26412963867188,-38.95905685424805,178.50199745887122,-184.0168289105474,-38.96912850816467,0.405168501123282,0.3636404833124849,0.05073634323426717,3.531905763549761e-05,39.8254069628939,59.55751871956682,nan,0.06625909652930541,nan
247.97,178.17286682128906,-184.27247619628906,-38.960758209228516,178.49347041625018,-184.02501110146278,-38.97094925174389,0.4051289863820171,0.3636944514579326,0.05074980562107241,3.602622002718759e-05,39.713474925215145,60.921741828898384,nan,nan,nan
247.98000000000002,178.1645050048828,-184.28082275390625,-38.96242904663086,178.48492880184486,-184.0331323445017,-38.96966749752017,0.4050609136189863,0.3637485068251304,0.05076332785823064,3.530613310191652e-05,38.19332725161655,58.944270004876785,nan,6.534153637067803,nan
247.99,178.15614318847656,-184.2891845703125,-38.96406555175781,178.47640185324818,-184.0413150642562,-38.97139173183546,0.40504145134593783,0.36380264962361436,0.05077691123525058,3.601336771234501e-05,38.0816612273575,57.9524541973062,nan,nan,nan
248.0,178.1477813720703,-184.2975311279297,-38.965667724609375,178.475758582496,-184.04405240935378,-38.9747816397471,0.41461255984189044,0.3637295250592917,0.05077256929063887,3.527308701017574e-05,40.59411037612301,59.974740026163026,10.1810077508445,1.6649899040369953,nan
248.01000000000002,178.13941955566406,-184.30587768554688,-38.96724319458008,178.4672411433452,-184.05220043379106,-38.976460798451996,0.41461320001817287,0.36378342968669836,0.05078618812238478,3.59795408794737e-05,40.482049528142504,59.90177742368716,nan,nan,nan
248.02,178.13107299804688,-184.31423950195312,-38.968780517578125,178.45872728591254,-184.06036463713943,-38.978980861094975,0.4146249224887396,0.3638374214484049,0.0507998671251193,3.52623823257871e-05,40.95483205614061,60.02266732911386,nan,0.5281148666361951,nan
248.03,178.12271118164062,-184.3225860595703,-38.97029113769531,178.4502095716953,-184.06851250779476,-38.98060825811325,0.41462634766010953,0.36389150054000957,0.050813607443651286,3.596895943691691e-05,40.845328585559265,60.3343879361327,nan,nan,nan
248.04,178.11434936523438,-184.33094787597656,-38.971771240234375,178.44169069644687,-184.07665532781243,-38.98191479609295,0.4146322936014881,0.3639456670581681,0.05082740825521983,3.5252733116294275e-05,40.689851615459865,59.34558324407797,nan,0.05910219961707167,nan
248.05,178.10598754882812,-184.33929443359375,-38.97322082519531,178.4377870898928,-184.0891704898935,-38.98346875575921,0.4156416037209677,0.36387245943864166,0.05082312177782358,3.593735750317652e-05,40.122160782177794,59.95726459188286,1.4325624043283072,nan,nan
248.06,178.09762573242188,-184.34764099121094,-38.97464370727539,178.42927242388927,-184.09730765471974,-38.98346952997853,0.415613044148608,0.36392638752768214,0.05083695749166634,3.5222863105603904e-05,39.29341518180668,59.17407915010594,nan,1.6464640439778424,nan
248.07,178.0892791748047,-184.3560028076172,-38.976036071777344,178.42076349401333,-184.1054715955536,-38.98496431885733,0.4156049274192778,0.36398040284588723,0.05085085470028213,3.592886855680911e-05,39.18485201359088,58.68423608682769,nan,nan,nan
248.08,178.08091735839844,-184.36434936523438,-38.97740173339844,178.41225426367657,-184.11363348124712,-38.98630544366218,0.415598213830694,0.36403450550098293,0.05086481270853652,3.5215187212669535e-05,39.10002220369567,59.04525306305943,nan,0.011178540546083757,nan
248.09,178.0725555419922,-184.37271118164062,-38.97874069213867,178.40374548691577,-184.12179760313012,-38.98774551897171,0.41560256304036963,0.3640886956715414,0.05087883247082255,3.5921373504881595e-05,38.99205970361646,58.067149451281594,nan,nan,nan
248.1,178.06419372558594,-184.3810577392578,-38.98005294799805,178.38566984610128,-184.11270724370036,-38.98702374400899,0.41881675769309107,0.36401540532648735,0.05087459613953108,3.518724341805044e-05,40.82046885323605,59.07958070992758,28.680812361454016,3.0183990644860774,nan
248.11,178.0558319091797,-184.389404296875,-38.9813346862793,178.37713955857512,-184.12080237280176,-38.98839083822577,0.4188500787348112,0.3640693568061283,0.050888650162617316,3.5892752316264625e-05,40.713069033393275,59.01736847622708,nan,nan,nan
248.12,178.0474853515625,-184.39776611328125,-38.98259735107422,178.3686119269213,-184.12891156246127,-38.99062387728352,0.41889076382902807,0.3641233955315532,0.050902765281774384,3.518137784872831e-05,41.04563850257419,59.063729683634406,nan,0.5543740785404505,nan
248.13,178.03912353515625,-184.40611267089844,-38.983829498291016,178.3600816581799,-184.13700697233372,-38.99195077186123,0.41892475317086003,0.3641775216727182,0.05091694233957509,3.588710534262656e-05,40.93899412212769,59.32817323148355,nan,nan,nan
248.14000000000001,178.03076171875,-184.4144744873047,-38.985042572021484,178.35155260217056,-184.14510877402236,-38.99367019621041,0.4189738825714354,0.3642317353506311,0.050931180807843916,3.5176371840369805e-05,41.10721211679129,58.69644707642153,nan,0.12115394835628107,nan
248.15,178.02239990234375,-184.42282104492188,-38.98622512817383,178.35584625825717,-184.15907788107316,-38.99490072116984,0.42523193043644375,0.36415836268269175,0.050926990920877616,3.5860282992447854e-05,40.83277455479796,59.13594402710531,2.016271158356579,nan,nan
248.16,178.0140380859375,-184.43118286132812,-38.987388610839844,178.3473383469068,-184.16718866793002,-38.99629725787453,0.4252779821506335,0.3642123374133138,0.05094126304176285,3.515099410167462e-05,40.8820119696018,58.367512502335025,nan,0.013078980636615615,nan
248.17000000000002,178.0056915283203,-184.4395294189453,-38.988529205322266,178.338830211134,-184.17529770645532,-38.99753600906399,0.42530095507283905,0.364266399460283,0.05095559728791588,3.585632344982783e-05,40.772947501664675,59.66800224700155,nan,nan,nan
248.18,177.99732971191406,-184.44789123535156,-38.98964309692383,178.33032109382754,-184.18340144419147,-38.99835727857419,0.42533991938023746,0.36432054895117383,0.05096999322850259,3.5147576840672844e-05,40.56168179177904,58.14074290258257,nan,0.10952800737745913,nan
248.19,177.9889678955078,-184.45623779296875,-38.99073791503906,178.32181284168632,-184.19151073670096,-38.99954865385218,0.42537489539842066,0.36437478604583956,0.0509844515607485,3.585316461539346e-05,40.45418381347892,58.9259995594275,nan,nan,nan
248.20000000000002,177.98060607910156,-184.464599609375,-38.991920471191406,178.31823290825037,-184.19825120665897,-38.99930986072582,0.4301022558277844,0.3643013314067582,0.05098030299114833,3.512374019957198e-05,40.44805760300281,57.55060353769456,1.1732657318554514,1.5480755028413775,nan
248.21,177.9722442626953,-184.4729461669922,-38.99318313598633,178.30973150588093,-184.20634941977545,-39.000606411883645,0.4301471491996932,0.3643553292960852,0.05099479429506049,3.582872351139775e-05,40.32040544420791,58.3260545457126,nan,nan,nan
248.22,177.96388244628906,-184.48130798339844,-38.99453353881836,178.30122886346544,-184.21444000215618,-39.00138417214493,0.4301953693044951,0.3644094145353507,0.05100934756824826,3.512176673051811e-05,40.010767303630864,57.198216461614045,nan,0.25602609346929717,nan
248.23000000000002,177.9555206298828,-184.48965454101562,-38.99596405029297,178.2927274150817,-184.22253851584708,-39.0028447535225,0.4302403176864708,0.364463587279564,0.05102396342385646,3.582703562340456e-05,39.88530427813335,57.98141033974737,nan,nan,nan
248.24,177.94717407226562,-184.49801635742188,-38.99747848510742,178.28422676514245,-184.23064443104136,-39.00497195289513,0.43028875984788906,0.3645178476637755,0.05103864155670844,3.5120478392796395e-05,40.05405767132871,57.83930631724772,nan,0.23833012161506179,nan
248.25,177.93881225585938,-184.50636291503906,-38.99907684326172,178.31695801173115,-184.24809973741023,-39.00654212562266,0.4579845107026041,0.3644443114390241,0.05103453027909462,3.580401760729395e-05,41.1483805452513,57.90871484892716,14.219170725342053,nan,nan
248.26000000000002,177.93045043945312,-184.5147247314453,-39.00075149536133,178.30852229221534,-184.2561988048682,-39.008313298935484,0.45807331447804567,0.364498332363511,0.051049240722515495,3.509866892574273e-05,41.11510622704242,57.076413091972526,nan,0.0023877432950903344,nan
248.27,177.92208862304688,-184.5230712890625,-39.002506256103516,178.30008642665396,-184.26429718587104,-39.01010723793006,0.45815297766035734,0.36455244069419396,0.05106401394015211,3.58036596640346e-05,40.99090116979783,57.830628750020544,nan,nan,nan
248.28,177.91372680664062,-184.53143310546875,-39.004337310791016,178.29164854653789,-184.27237860946926,-39.01048030513831,0.4582268103942357,0.36460663656956027,0.05107884969890687,3.509863067939942e-05,40.346907941198495,56.376488429621816,nan,1.5802363520912763,nan
248.29,177.90536499023438,-184.53977966308594,-39.006248474121094,178.28321277123268,-184.28047686638587,-39.01241742176938,0.458306602501983,0.3646609201393292,0.05109374850420754,3.5803932806209265e-05,40.22640425208252,57.13056160774281,nan,nan,nan
248.3,177.89700317382812,-184.5481414794922,-39.008235931396484,178.26376749677632,-184.2938181882171,-39.01310810403483,0.44634083740888075,0.364587302693039,0.05108966952862427,3.507802679111222e-05,38.01826383858996,55.31889181309591,9.202153998713438,1.2179226607861098,nan
248.31,177.88864135742188,-184.55650329589844,-39.01029586791992,178.2553169104044,-184.30195054310454,-39.01518703393758,0.4463989119778366,0.36464134654847036,0.05110459992429554,3.5782773485818964e-05,37.9038050608909,55.24409928184001,nan,nan,nan
248.32,177.8802947998047,-184.56484985351562,-39.01243209838867,178.24686702518747,-184.31009037574321,-39.01809448194775,0.4464410941261193,0.36469547785233614,0.05111959311682149,3.5079112905906996e-05,38.03921604465218,56.73447736772321,nan,0.3978212977153581,nan
248.33,177.87193298339844,-184.57321166992188,-39.014644622802734,178.2384165197323,-184.31822234798193,-39.020332230287394,0.44649981588582355,0.3647496967520742,0.05113464955041649,3.578418990103085e-05,37.92341322952037,55.287906696437936,nan,nan,nan
248.34,177.8635711669922,-184.58155822753906,-39.01692581176758,178.22996641812247,-184.3263563198811,-39.02285049589359,0.44655189575801135,0.36480400338970154,0.05114976908355803,3.508073292504724e-05,37.91159675148366,56.20052061227726,nan,0.02989003540538934,nan
248.35,177.85520935058594,-184.5899200439453,-39.019283294677734,178.24839946211634,-184.33833346014472,-39.02526671490161,0.46682981296326326,0.3647303050981631,0.05114571813583068,3.5764130525375934e-05,39.05430135299279,55.31884905538346,7.321413867831773,nan,nan
248.36,177.8468475341797,-184.5982666015625,-39.02164840698242,178.23999281968085,-184.3464663381124,-39.02887857550778,0.4669249013730497,0.3647843717693016,0.051160868548090925,3.506169214629431e-05,39.4375110349076,56.623292918040995,nan,0.9796222190706385,nan
248.37,177.8385009765625,-184.60662841796875,-39.02400207519531,178.2315857571243,-184.35458805950856,-39.0313215114391,0.4670048834316211,0.364838525937663,0.05117608239607494,3.576656940917478e-05,39.339833128021304,56.05724776417367,nan,nan,nan
248.38,177.83013916015625,-184.61497497558594,-39.02632141113281,178.22317938298775,-184.3627158320531,-39.034446237348924,0.4670988172329203,0.36489276774663115,0.05119135958976705,3.5064271621059176e-05,39.6184284314584,56.811161725579176,nan,0.3497030533647326,nan
248.39000000000001,177.82177734375,-184.6233367919922,-39.028602600097656,178.21477278409964,-184.3708373635777,-39.036838883346356,0.4671929086009381,0.36494709734153813,0.05120670049633861,3.5769494236902824e-05,39.529248053730505,55.88270500201046,nan,nan,nan
248.4,177.81341552734375,-184.63168334960938,-39.03084182739258,178.23721408687257,-184.40052836172396,-39.03980739396098,0.4828231859251401,0.36487331857467253,0.051202672678191334,3.504615130163827e-05,38.02491214901097,56.345618592571796,25.50094901612178,0.22991261766127702,nan
248.41,177.8050537109375,-184.64004516601562,-39.03303909301758,178.22886143738347,-184.4087131641661,-39.0421267799906,0.4829182851472196,0.36492740795166917,0.05121804370478403,3.575084926684667e-05,37.937205296254355,55.34441445325579,nan,nan,nan
248.42000000000002,177.7967071533203,-184.6483917236328,-39.035194396972656,178.220508831497,-184.4168919779213,-39.04365551636748,0.4829819719526671,0.364981584871225,0.05123347831601165,3.504958373777812e-05,37.56198489297752,56.312486744688194,nan,0.39493187466912755,nan
248.43,177.78834533691406,-184.65675354003906,-39.03730773925781,178.21215667944932,-184.42507681186854,-39.0458841147954,0.4830773381713334,0.36503584947803225,0.05124897683621637,3.575463975261796e-05,37.47299139297665,54.91748907867518,nan,nan,nan
248.44,177.7799835205078,-184.66510009765625,-39.03937911987305,178.20380457026636,-184.43325696840492,-39.0474801235435,0.4831574743910648,0.3650902019164746,0.05126453923952755,3.5053422268053035e-05,37.18186223744233,55.545002124616495,nan,0.24622757517150348,nan
248.45000000000002,177.77162170410156,-184.6734619140625,-39.04140853881836,178.18218597101432,-184.4333536250463,-39.04956915882523,0.4756906593983073,0.3650163430466809,0.05126053009091895,3.57368235634508e-05,37.73049910676778,54.78268592683538,3.4975695170248597,nan,nan
248.46,177.76327514648438,-184.6818084716797,-39.04339599609375,178.1738111203843,-184.4415280252261,-39.05334234478346,0.47578714638602526,0.3650704550174822,0.05127612185551336,3.503647519195732e-05,38.58460719912827,56.99258028070506,nan,1.9716429479406306,nan
248.47,177.75491333007812,-184.69017028808594,-39.045345306396484,178.16543628232253,-184.44969045052423,-39.05542055678479,0.4758793515835242,0.3651246545765851,0.051291777724506125,3.5741378589061795e-05,38.49913894267568,55.59019711548457,nan,nan,nan
248.48000000000002,177.74655151367188,-184.69851684570312,-39.04725646972656,178.15706155654075,-184.4578528131386,-39.05744408874603,0.475963716524393,0.36517894186846445,0.051307497707215224,3.504102993275543e-05,38.516363102831164,56.546249800878634,nan,0.00019126172844701294,nan
248.49,177.73818969726562,-184.70687866210938,-39.04912567138672,178.14868690869483,-184.46601529624047,-39.0594465747522,0.47605634399210406,0.36523331703766976,0.051323282075295865,3.574629845346418e-05,38.43287608672018,55.58757588755198,nan,nan,nan
248.5,177.72984313964844,-184.71522521972656,-39.05096435546875,178.1579302844596,-184.48134911506338,-39.06250757834501,0.4879445479553761,0.36515937843640817,0.05131928675515449,3.502476691367991e-05,39.12813688629989,57.511953274073534,3.28091498814026,0.7118899671140977,nan
248.51000000000002,177.7214813232422,-184.7235870361328,-39.05276107788086,178.14958492652457,-184.4895253651631,-39.064449058289,0.4880514008242484,0.36521351288956067,0.05133509968701107,3.5729528089152685e-05,39.04617638892006,56.14510584018618,nan,nan,nan
248.52,177.71311950683594,-184.73193359375,-39.05452346801758,178.14123996747966,-184.49769748884026,-39.06565793658865,0.4881369255193086,0.365267734975991,0.0513509769567649,3.502994972662415e-05,38.65839309304847,56.69757124561164,nan,0.3429277931084768,nan
248.53,177.70477294921875,-184.74029541015625,-39.056251525878906,178.1328948319866,-184.50587381539094,-39.06752291176551,0.4882303500774971,0.3653220448405703,0.05136691880761698,3.573508420388422e-05,38.57283605358727,56.10443588400294,nan,nan,nan
248.54,177.6964111328125,-184.74864196777344,-39.057945251464844,178.12455041368764,-184.51404336624793,-39.06810544691676,0.4883062330521993,0.36537644262728947,0.051382925291557316,3.503543330873685e-05,37.86106651338416,55.94864375549891,nan,1.0984776969087022,nan
248.55,177.68804931640625,-184.7570037841797,-39.05960464477539,178.09238240598063,-184.5189006928176,-39.06994643444386,0.4693455891499295,0.36530242466632945,0.05137893920606376,3.5718920613356604e-05,36.92226296998742,54.86924856774786,5.666228768687933,nan,nan
248.56,177.6796875,-184.76535034179688,-39.06122970581055,178.08399857573337,-184.52709521017957,-39.07361478144978,0.469453239206259,0.3653565814898211,0.05139497345011303,3.502002401785688e-05,38.205023840241495,57.094562632740235,nan,2.583567501846445,nan
248.57,177.6713409423828,-184.77371215820312,-39.06282424926758,178.07561572487745,-184.53527975675948,-39.07535672410734,0.46951589189811316,0.36541082599192065,0.05141107246960904,3.5725030257908315e-05,38.12027217180895,56.51261512582928,nan,nan,nan
248.58,177.66297912597656,-184.7820587158203,-39.06438446044922,178.06723288467728,-184.5434644596406,-39.07708030308913,0.46958439595662177,0.36546515831601095,0.051427236339163615,3.502602529151515e-05,38.223145416731384,57.16275865340396,nan,0.00011273830297261691,nan
248.59,177.6546173095703,-184.79042053222656,-39.06591796875,178.05885012441664,-184.5516491853368,-39.07876086701035,0.46966037168347496,0.36551957860789736,0.051443465268068575,3.573140622298639e-05,38.13774923994884,56.14811136098342,nan,nan,nan
248.6,177.64625549316406,-184.79876708984375,-39.06741714477539,178.04556102848895,-184.56177626535947,-39.08060244416663,0.46452493318536575,0.36544548165772284,0.05143948360854028,3.50111088933394e-05,37.824927278690446,57.252705634759074,1.3492600782255995,0.014225352621111013,nan
248.61,177.63790893554688,-184.80712890625,-39.06888961791992,178.0371708761636,-184.5699737188859,-39.082226239472426,0.464575661860549,0.3654996607408485,0.05145573946227804,3.571599023304816e-05,37.73884415003305,56.6618909427593,nan,nan,nan
248.62,177.62954711914062,-184.8154754638672,-39.07032775878906,178.02878257776908,-184.5781620546133,-39.08158133568305,0.464578570998365,0.365553927545265,0.051472060377316234,3.501755657019278e-05,36.27359403620182,55.74630237917356,nan,3.539580408078452,nan
248.63,177.62118530273438,-184.82383728027344,-39.07174301147461,178.020392283662,-184.58635951366423,-39.08312604341107,0.46464123436379906,0.3656082822175775,0.05148844654538137,3.572281764184759e-05,36.18530017843442,54.71537567573111,nan,nan,nan
248.64000000000001,177.61282348632812,-184.83218383789062,-39.07312774658203,178.01200361057465,-184.59455071201418,-39.08294624214925,0.4646618953201192,0.3656627248999449,0.05150489806747052,3.5024220432533604e-05,35.20933077990101,54.71469645554044,nan,2.0307822874386967,nan
248.65,177.60447692871094,-184.84054565429688,-39.07448196411133,177.99521235021916,-184.60309033678098,-39.0844914557982,0.4573394662191472,0.36558854933348495,0.05150091614876939,3.570783123402378e-05,34.66730060828197,54.12033378992765,1.4507092068070617,nan,nan
248.66,177.5961151123047,-184.84889221191406,-39.07581329345703,177.98680787589288,-184.6113010879783,-39.08707647371688,0.4574027076032755,0.3656427505625677,0.05151739374952814,3.500990250857557e-05,35.38407533299403,55.35952532471293,nan,0.9119074694334987,nan
248.67000000000002,177.58775329589844,-184.8572540283203,-39.07711410522461,177.97840453082796,-184.6195079909728,-39.08851039090009,0.45745102574330176,0.36569703955921407,0.05153393679502139,3.571504395693441e-05,35.298837673582575,54.34785767054722,nan,nan,nan
248.68,177.5793914794922,-184.86561584472656,-39.078392028808594,177.96437367794303,-184.62862348316244,-39.08851569581097,0.45219372087342974,0.3609904685697822,0.051425330581593834,3.50166645649417e-05,46.87578443587398,65.93439196956676,nan,1.386781829415767,0.006655397997395948
248.69,177.571044921875,-184.87396240234375,-39.079647064208984,177.95596828341507,-184.63683546339198,-39.0898856407272,0.45221677090204143,0.3610413126487208,0.051440647251111325,3.5722177018282385e-05,46.74203521546196,67.24814527130671,nan,nan,nan
248.70000000000002,177.56268310546875,-184.88232421875,-39.08087158203125,177.93728612344745,-184.63775782123503,-39.09132732752966,0.4474924205907061,0.36097465790630556,0.05143645526085728,3.5002697357971304e-05,47.66850718003427,66.23965261947788,4.475079957253819,0.003182043287460842,nan
248.71,177.5543212890625,-184.8906707763672,-39.08207321166992,177.92886561995832,-184.64594738497647,-39.092651809272404,0.44753201095251915,0.36102528154460545,0.05145179554550889,3.570771187057095e-05,47.540872892627355,67.09150972049554,nan,nan,nan
248.72,177.54595947265625,-184.89903259277344,-39.083251953125,177.9204105648993,-184.65414522159963,-39.09502807976242,0.44757359417308035,0.3610759901695029,0.051467194268374615,3.5010032816417205e-05,48.23335551061382,66.91633669231717,nan,0.8154024572393203,nan
248.73000000000002,177.53761291503906,-184.90737915039062,-39.084407806396484,177.9119898366687,-184.66233492019379,-39.096317515207,0.44760093315988936,0.36112678684687727,0.05148265173645445,3.571542789907573e-05,48.10446539799595,68.21578031987252,nan,nan,nan
248.74,177.5292510986328,-184.91574096679688,-39.085540771484375,177.9036070932541,-184.670515721115,-39.09637742907796,0.44765529704943935,0.36117766883832464,0.05149816793854898,3.501751828742362e-05,47.35239738935809,66.13500864330503,nan,1.0282010463205096,nan
248.75,177.52088928222656,-184.92410278320312,-39.08665084838867,177.8881081917829,-184.68183567259118,-39.09755342860654,0.4400703883191957,0.3611109325236099,0.05149399206471321,3.5701254532874144e-05,45.96962210525878,65.8155490866494,5.481217047892951,nan,nan
248.76000000000002,177.5125274658203,-184.9324493408203,-39.087738037109375,177.87962851915134,-184.6900566170209,-39.10015336915689,0.4400813065531158,0.3611615938871385,0.05150953140544627,3.500395087082268e-05,46.90506713027824,67.75600933389902,nan,1.3621852014238478,nan
248.77,177.50416564941406,-184.94081115722656,-39.088802337646484,177.8711921052223,-184.6982679171438,-39.10135718074326,0.440105972077387,0.3612123431347206,0.05152512974187177,3.5709225246807446e-05,46.78071137862681,66.7196764026131,nan,nan,nan
248.78,177.49581909179688,-184.9491729736328,-39.089847564697266,177.8627942633215,-184.70647099316392,-39.101283603626854,0.44012022314981514,0.3612631776914546,0.051540787089080366,3.5011673940164255e-05,45.966041419502474,66.42175395843901,nan,1.1149453360781227,nan
248.79,177.48745727539062,-184.95751953125,-39.09097671508789,177.85435756453762,-184.71468249166256,-39.10248831662217,0.4401342601316413,0.3613141003825809,0.051556503715061756,3.571732399643516e-05,45.802736526199084,66.83618844160183,nan,nan,nan
248.8,177.47909545898438,-184.96588134765625,-39.092193603515625,177.85952562791255,-184.7263593310196,-39.10477427542524,0.44972901083885847,0.3612472798006956,0.05155234014235433,3.499833332998664e-05,46.92569095735967,66.54404749771483,3.6147710911037874,1.0156664356175855,nan
248.81,177.47073364257812,-184.9742431640625,-39.0934944152832,177.8511123513228,-184.73457236854753,-39.106160381636414,0.44976713863142825,0.36129798158915444,0.05156807939327252,3.570348274446917e-05,46.7631061696719,66.44884605970513,nan,nan,nan
248.82,177.46237182617188,-184.9825897216797,-39.09488296508789,177.84267841667614,-184.7427897681069,-39.10832556694514,0.44979753674201595,0.3613487686808809,0.05158387792623434,3.500625049150457e-05,47.29510624236617,68.00231978123196,nan,0.3399275784748584,nan
248.83,177.45401000976562,-184.99095153808594,-39.09634780883789,177.8342650353587,-184.75100308644272,-39.10988783036429,0.44983605471071364,0.36139964373819816,0.05159973598705927,3.571177734746977e-05,47.13362394028118,66.92859042198735,nan,nan,nan
248.84,177.44566345214844,-184.9993133544922,-39.097896575927734,177.82585155130928,-184.75921652083807,-39.11153329739101,0.44986157920691544,0.3614506056471913,0.0516156536698201,3.643163065056404e-05,46.9701985321478,67.26383557986554,nan,nan,nan
248.85,177.4373016357422,-185.00765991210938,-39.09952926635742,177.85335548004034,-184.7835422254446,-39.11315250168799,0.4727738691722644,0.36138370349637067,0.05161149879238505,3.714211387036586e-05,46.2341672215697,67.33100503577202,13.815843164990003,nan,nan
248.86,177.42893981933594,-185.01602172851562,-39.10123825073242,177.84505452330782,-184.79178033925623,-39.113062727063244,0.472837673794178,0.361434442997091,0.05162743852550667,3.635937087283797e-05,44.94998580966469,65.09063690514948,nan,2.349591767276224,nan
248.87,177.4205780029297,-185.02438354492188,-39.103023529052734,177.83669899471212,-184.800028633024,-39.1149305533707,0.47289912615991353,0.36148527038995204,0.051643438036665386,3.709143565790071e-05,44.79443711121192,64.96726222686242,nan,nan,nan
248.88,177.41221618652344,-185.03273010253906,-39.10489273071289,177.8283790857044,-184.80827033479918,-39.11562208952186,0.47295757222926255,0.36153618331781573,0.05165949738579373,3.631146424340304e-05,44.006958854116576,65.21896372953144,nan,1.032343814336908,nan
248.89000000000001,177.4038543701172,-185.0410919189453,-39.106834411621094,177.82002352883546,-184.8165182953058,-39.117634878554384,0.47301874295722884,0.36158718438171283,0.051675616797486355,3.704226495575164e-05,43.8539511575618,64.09068348034539,nan,nan,nan
248.9,177.39549255371094,-185.04945373535156,-39.10885238647461,177.8351762814537,-184.83614144424206,-39.11967907949233,0.48881605053624766,0.3615201982816964,0.0516714667606061,3.624238100151793e-05,43.350082441506274,63.96213438693855,6.406492934880236,0.001360290225547425,nan
248.91,177.38714599609375,-185.05780029296875,-39.11094665527344,177.82685817484807,-184.84441557511224,-39.1218456009998,0.48887485615187953,0.3615709779765185,0.05168760771372309,3.69710692015051e-05,43.192813496713846,65.28580938065349,nan,nan,nan
248.92000000000002,177.3787841796875,-185.066162109375,-39.11311721801758,177.81860334191506,-184.8526792706589,-39.121776903406676,0.48896912790060154,0.3616218432092717,0.05170380876549179,3.619744821624591e-05,41.92027182410437,62.63141768763571,nan,3.5205217657234,nan
248.93,177.37042236328125,-185.07452392578125,-39.1153564453125,177.81028527793111,-184.86095344813467,-39.12407087565551,0.48904772149828873,0.3616727963982374,0.05172007012405471,3.692501741482262e-05,41.77432962575717,62.518049221751454,nan,nan,nan
248.94,177.362060546875,-185.08287048339844,-39.117671966552734,177.8018918811895,-184.86923979436264,-39.129243119718254,0.4891048614851078,0.3617238354567778,0.05173639187380145,3.615398282599499e-05,43.287309772794636,65.10153079476683,nan,5.197145550917482,nan
248.95000000000002,177.35369873046875,-185.0912322998047,-39.12000274658203,177.80101448893083,-184.87411859816189,-39.131700060077904,0.49735960265442564,0.3616567678659241,0.05173224294402487,3.685715442148084e-05,44.548269674133856,64.18574942235267,5.274545454544472,nan,nan
248.96,177.34535217285156,-185.09959411621094,-39.122318267822266,177.79275450405092,-184.88236380335942,-39.13256361543169,0.49745635178558373,0.3617075853655017,0.05174858566269397,3.6089613081523163e-05,43.61494973714852,63.6592370768466,nan,1.657499764553175,nan
248.97,177.3369903564453,-185.10794067382812,-39.124603271484375,177.78445309836565,-184.89061527147268,-39.134970891464505,0.4975547441838633,0.3617584906448438,0.05176498892981678,3.681422705003584e-05,43.49508120912963,64.18667444960415,nan,nan,nan
248.98000000000002,177.32862854003906,-185.11630249023438,-39.126853942871094,177.7761912653376,-184.89886070639963,-39.13582246113963,0.4976683200222929,0.3618094817903578,0.051781452843104994,3.6049144861268875e-05,42.679065060419155,62.391393799273786,nan,1.541975158028208,nan
248.99,177.3202667236328,-185.12466430664062,-39.12906265258789,177.7678901310604,-184.90711167742643,-39.13814368961673,0.4977733687016721,0.36186056096388247,0.051797977590906215,3.677283328004842e-05,42.563233422618396,62.28575823256672,nan,nan,nan
249.0,177.31192016601562,-185.1330108642578,-39.131229400634766,177.79143423142185,-184.93396831250098,-39.1417318770223,0.5192898789140259,0.36179340982329217,0.05179382586876295,3.59879381238592e-05,41.97942389094446,64.33382480474998,17.44927157994254,0.9635735793028626,nan
249.01000000000002,177.30355834960938,-185.14137268066406,-39.13335418701172,177.78318226857448,-184.94226839288334,-39.143985674933255,0.51941760616246,0.36184426715731055,0.0518103709837713,3.670985717054679e-05,41.86572245319558,62.85058301008744,nan,nan,nan
249.02,177.29519653320312,-185.14971923828125,-39.13543701171875,177.77494194640306,-184.95056681530636,-39.145740120470876,0.5195416278924193,0.3618952103494147,0.05182697699500644,3.595044322130224e-05,41.609098498285675,63.65208609898542,nan,0.14045760105190852,nan
249.03,177.28683471679688,-185.1580810546875,-39.13747787475586,177.76669039965228,-184.9588666281545,-39.147907764851745,0.5196697477387958,0.3619462413985107,0.0518436440802127,3.66715627277969e-05,41.49573907475987,62.52155742545472,nan,nan,nan
249.04,177.2784881591797,-185.16644287109375,-39.13947677612305,177.7584330249133,-184.96716712876048,-39.150275315833575,0.5197831317832591,0.36199735863265764,0.05186037235288062,3.5914403075985595e-05,41.64837730027404,63.04850796892206,nan,0.038512145516305336,nan
249.05,177.27012634277344,-185.17478942871094,-39.14143753051758,177.7742782693267,-184.9684904983864,-39.15228520269793,0.5448358337078594,0.36193012596457486,0.05185621399512031,3.661182635462272e-05,44.874290868565,64.28412759817721,34.19658918567894,nan,nan
249.06,177.2617645263672,-185.1831512451172,-39.14336013793945,177.7660425826433,-184.9767403991733,-39.15571392736375,0.5450269823394341,0.3619810211618344,0.051872962016800854,3.5857791870971565e-05,45.793909159612625,64.25093918125107,nan,1.2756326363347348,nan
249.07,177.25341796875,-185.19149780273438,-39.14524459838867,177.75783986537357,-184.9849864010629,-39.15774102194062,0.5452014026167032,0.36203200404871927,0.051889771349027815,3.657657889783176e-05,45.68050208974854,65.48580772405232,nan,nan,nan
249.08,177.24505615234375,-185.19985961914062,-39.147090911865234,177.74966322960833,-184.99322949203753,-39.158607247671014,0.545396129288186,0.3620830731058365,0.0519066421135693,3.582466398653508e-05,44.991110047636035,63.547223351814715,nan,0.8509965174775138,nan
249.09,177.2366943359375,-185.20822143554688,-39.14889907836914,177.74146012853836,-185.0014757498307,-39.16055060421425,0.5455896278309857,0.3621342301056248,0.05192357447585906,3.65428165150673e-05,44.88221648212747,63.49687032398136,nan,nan,nan
249.1,177.22833251953125,-185.21656799316406,-39.150672912597656,177.71526809414448,-185.00026432681628,-39.16203561266034,0.5329377457565955,0.3620669142490029,0.051919405538587496,3.577106905449829e-05,45.29129541240091,64.26351480356797,4.250118785980051,0.13387083281691134,nan
249.11,177.21998596191406,-185.2249298095703,-39.152408599853516,177.7070370750075,-185.00848745293595,-39.16390477103387,0.5331024690083433,0.3621178489349412,0.051936357005757376,3.648774416979409e-05,45.18228186793791,63.53649379065501,nan,nan,nan
249.12,177.2116241455078,-185.2332763671875,-39.15411376953125,177.69885801427827,-185.0167052829074,-39.16342640043377,0.5332791037698894,0.3621688697714977,0.0519533701454808,3.5740783153739416e-05,43.86325985802922,62.89775410625767,nan,3.6217154216342147,nan
249.13,177.20326232910156,-185.24163818359375,-39.15578079223633,177.69062708062376,-185.02492819749946,-39.16520555104265,0.5334570696671218,0.36221997838903436,0.051970445116907356,3.6456930663378534e-05,43.75325752781964,61.857891475753114,nan,nan,nan
249.14000000000001,177.1949005126953,-185.25,-39.15741729736328,177.68242099340148,-185.0331488473618,-39.16582359569012,0.5336396793343361,0.3622711734792387,0.05198758205117007,3.571187920734024e-05,43.17583814372038,61.31411049204378,nan,0.8630709343561007,nan
249.15,177.18655395507812,-185.2583465576172,-39.15902328491211,177.6773775852347,-185.04461928828061,-39.167515822043434,0.535405738449886,0.3622037760713955,0.051983398604211715,3.6404890881398646e-05,42.72621091666812,62.48648792756301,0.6675563260154683,nan,nan
249.16,177.17819213867188,-185.26670837402344,-39.16059112548828,177.6691699804578,-185.05285146335964,-39.16829105295934,0.5355868820709625,0.3622547486429561,0.05200055398117378,3.5662594647122794e-05,42.28807762776063,60.78917287057105,nan,0.5461337336008131,nan
249.17000000000002,177.16983032226562,-185.27505493164062,-39.162132263183594,177.66094316297375,-185.06108544211108,-39.169923191298416,0.5357569069259215,0.36230580883748575,0.05201777142066528,3.637693456383174e-05,42.171819615285905,61.70042097258735,nan,nan,nan
249.18,177.16148376464844,-185.28341674804688,-39.16364288330078,177.65272979688092,-185.06931840866633,-39.17088504519995,0.5359227668411147,0.36235695547830676,0.052035051058425943,3.563641388657207e-05,41.85482168156955,60.7532649830259,nan,0.27908101040430855,nan
249.19,177.1531219482422,-185.29177856445312,-39.165122985839844,177.64450300581223,-185.07755261975606,-39.17245162979077,0.5360986925391233,0.3624081900000613,0.05205239304674599,3.635036345467707e-05,41.741793860997355,60.38115931727625,nan,nan,nan
249.20000000000002,177.14476013183594,-185.3001251220703,-39.16657257080078,177.61869118532405,-185.0768217790827,-39.174138970373576,0.5239582777781936,0.3623407097276159,0.05204819110118893,3.5589909515186974e-05,42.30966733943365,61.42908443666873,3.8320972697994846,0.007796041424644767,nan
249.21,177.1363983154297,-185.30848693847656,-39.167991638183594,177.6104366848024,-185.08503527271097,-39.175650697708896,0.5241199135348508,0.3623917214574875,0.05206555084666841,3.630262426206995e-05,42.19921408906496,60.395476418771146,nan,nan,nan
249.22,177.1280517578125,-185.3168487548828,-39.16938400268555,177.6021974518028,-185.09324804771447,-39.17636579739808,0.5242710757166847,0.36244281960257513,0.05208297302148784,3.556635126130328e-05,41.83516313717143,60.43276556661607,nan,0.4042242959836401,nan
249.23000000000002,177.11968994140625,-185.3251953125,-39.17074966430664,177.59394279751893,-185.10146196568056,-39.17781538594899,0.5244256920025899,0.3624940054761807,0.052100457774743064,3.627876434810932e-05,41.72036021676652,60.987737965092236,nan,nan,nan
249.24,177.111328125,-185.33355712890625,-39.172088623046875,177.58569172274403,-185.10967575601614,-39.17905502138172,0.5245876692199107,0.3625452780821714,0.05211800524694507,3.5544062203536264e-05,41.592508992547934,59.92845148791881,nan,0.023051390578864878,nan
249.25,177.10296630859375,-185.3419189453125,-39.17340087890625,177.60806841679462,-185.12004392617825,-39.18043919654008,0.5517301892591185,0.3624777162498995,0.05211378080500488,3.6233777630160294e-05,43.46771829966548,60.516476118052964,15.000584243493202,nan,nan
249.26000000000002,177.09461975097656,-185.3502655029297,-39.174686431884766,177.59983995889328,-185.1282404346058,-39.183339992269225,0.5519216190356832,0.3625287658521226,0.05213134532986781,3.550147535600361e-05,44.09099277981948,62.439852851209686,nan,1.6075671770352407,nan
249.27,177.0862579345703,-185.35862731933594,-39.17594528198242,177.591640698115,-185.13643550852288,-39.18470039985355,0.5521391043653534,0.3625799030339736,0.052148972657725605,3.6212512885099135e-05,43.984007349121,61.09871606819973,nan,nan,nan
249.28,177.07789611816406,-185.36697387695312,-39.17717742919922,177.58345528271448,-185.14462995050735,-39.185284401086676,0.5523518928015235,0.3626311269106111,0.05216666293112174,3.548165396648001e-05,43.60234067411728,61.72083444640057,nan,0.3884964208977399,nan
249.29,177.0695343017578,-185.37533569335938,-39.17838668823242,177.5752557636316,-185.15282499059253,-39.186589152038046,0.552568991401096,0.3626824386296392,0.05218441629612014,3.619250111477454e-05,43.49503778593949,60.696614404382686,nan,nan,nan
249.3,177.06118774414062,-185.38369750976562,-39.17957305908203,177.51939910135025,-185.14789457187922,-39.18649149813913,0.5153722326539613,0.3626147942216512,0.05218016532617499,3.5441557348296545e-05,41.99115769358333,60.04521541362724,20.805463259728143,1.6137473715727246,nan
249.31,177.05282592773438,-185.39205932617188,-39.18073654174805,177.5111183460374,-185.15607919193937,-39.18773763954012,0.515526507365735,0.3626658826673048,0.052197935018001365,3.6151366572449146e-05,41.88210430357325,59.629628888202184,nan,nan,nan
249.32,177.04446411132812,-185.40040588378906,-39.1818733215332,177.50282186557666,-185.16426439923256,-39.189839770491545,0.5156724696135294,0.3627170577656922,0.05221576787780087,3.5424085436763667e-05,42.20062588058757,60.967633572709225,nan,0.531538233579516,nan
249.33,177.03610229492188,-185.4087677001953,-39.18299102783203,177.49454086620284,-185.17244939499236,-39.19105036085286,0.5158267324023357,0.36276832056286223,0.05223366405055871,3.613377629164334e-05,42.09263956203574,59.9265986035522,nan,nan,nan
249.34,177.02774047851562,-185.41712951660156,-39.184085845947266,177.48623076601896,-185.18063484708617,-39.19393330953745,0.5159845394808348,0.3628196703252856,0.05225162368043913,3.540774633408664e-05,42.920053725883776,60.79678967280839,nan,1.9790260399546165,nan
249.35,177.01947021484375,-185.42547607421875,-39.185157775878906,177.5118642039236,-185.19563673056993,-39.19524129370676,0.5434884007066573,0.36275194436490343,0.05224734213350705,3.609507411524589e-05,44.1505331412156,62.35266007366124,12.257988767289579,nan,nan
249.36,177.01132202148438,-185.433837890625,-39.18620681762695,177.50380533007512,-185.20381940362714,-39.19525585032821,0.5436268928172208,0.3628030706354658,0.05226531734503596,3.5371114359259866e-05,43.53137292960352,60.81869878003525,nan,0.9166863187043023,nan
249.37,177.00331115722656,-185.44219970703125,-39.18723678588867,177.49585915605547,-185.21200243483162,-39.196390595261256,0.5437629147933374,0.36285428446444845,0.052283356087421726,3.607977686190945e-05,43.42132661937499,60.67472684981074,nan,nan,nan
249.38,176.9954376220703,-185.4505615234375,-39.18824768066406,177.48810030272134,-185.22018581819077,-39.19490308061443,0.5439060367588125,0.3629055852105332,0.05230145850514858,3.535695112707703e-05,42.235024566908336,59.30015874059546,nan,4.6850983178503345,nan
249.39000000000001,176.98757934570312,-185.4589080810547,-39.1893424987793,177.48037032821483,-185.22836946341798,-39.19602671259626,0.5440916148784594,0.36295697378230957,0.05231962474272061,3.606558309194035e-05,42.10572730566112,60.65043336647227,nan,nan,nan
249.4,176.9796905517578,-185.46726989746094,-39.19052505493164,177.48527260780938,-185.23506589111307,-39.19534123910829,0.5563767712578895,0.36288916550309236,0.05231530854901241,3.5322493576496425e-05,42.744357303305826,59.00569753731426,5.275858214106618,2.845697781881682,nan
249.41,176.97181701660156,-185.4756317138672,-39.19179153442383,177.47755425551347,-185.24323331584938,-39.19662126465886,0.5565990446610771,0.36294033031678147,0.052333489603309774,3.603024359103499e-05,42.6246281928412,59.36902385770947,nan,nan,nan
249.42000000000002,176.96392822265625,-185.48399353027344,-39.193145751953125,177.46979453182698,-185.25140062259217,-39.20027538653153,0.556822247352655,0.3629915819953097,0.052351734547176745,3.531038062586873e-05,43.30709600725543,59.94466967067666,nan,3.633133901521699,nan
249.43,176.95603942871094,-185.4923553466797,-39.194580078125,177.4620637669961,-185.25956929858899,-39.20174783513836,0.5570469925089098,0.3630429213639793,0.05237004352539613,3.601815731519141e-05,43.183818783011475,60.025738670634865,nan,nan,nan
249.44,176.94813537597656,-185.50071716308594,-39.19609451293945,177.4543249882829,-185.26773842184807,-39.203444673382826,0.5572800394183995,0.3630943479057227,0.05238841668204652,3.52992533319646e-05,43.178574795934395,59.91334419105598,nan,0.013728457332166231,nan
249.45000000000002,176.9402313232422,-185.5090789794922,-39.19769287109375,177.4756545317824,-185.28752970037513,-39.20500826013137,0.5794959967398834,0.3630264580975762,0.05238406175544036,3.598491563326817e-05,43.00598956678316,60.12078354336779,7.798957642394356,nan,nan
249.46,176.93231201171875,-185.51744079589844,-39.199371337890625,177.46795831409796,-185.29572098154648,-39.20641671762044,0.5797639818963569,0.36307766065674013,0.052402448944565215,3.5267784703875446e-05,42.817651553319685,59.81727018847052,nan,0.06764344106097346,nan
249.47,176.9243927001953,-185.5258026123047,-39.20112991333008,177.46025207817755,-185.30391242751895,-39.208214547695626,0.580026481395331,0.36312895077337987,0.05242090037899324,3.5974805133033735e-05,42.69651589996385,59.848962547159886,nan,nan,nan
249.48000000000002,176.91647338867188,-185.53416442871094,-39.202964782714844,177.45253697321138,-185.31210420046165,-39.21032388915448,0.5802836100451745,0.36318032800527617,0.0524394162020739,3.525852867848438e-05,42.72811535561733,60.06220832963089,nan,0.03740281872046571,nan
249.49,176.90853881835938,-185.5425262451172,-39.20487594604492,177.4448194573378,-185.32029653455965,-39.21228250795597,0.5805495888870511,0.3632317930660267,0.05245799655967602,3.596564307662313e-05,42.60905215533514,59.83544698437518,nan,nan,nan
249.5,176.90060424804688,-185.55088806152344,-39.20686721801758,177.47307358989718,-185.33953825864498,-39.21705351651647,0.6103225763581066,0.3631638211675027,0.052453598798425864,3.522891432973706e-05,44.528473629005326,61.889823771662535,11.264840574907792,4.8635543865962445,nan
249.51000000000002,176.89266967773438,-185.5592498779297,-39.20893096923828,177.46540543847956,-185.3477443373432,-39.21919507514603,0.6106277075315566,0.3632150619824741,0.052472192385765996,3.593526713796175e-05,44.406645678319634,61.92914565182891,nan,nan,nan
249.52,176.8847198486328,-185.56761169433594,-39.2110710144043,177.4577318122824,-185.35595068394716,-39.22143526859202,0.6109423144366509,0.36326638985117393,0.05249085056812501,3.522140426257044e-05,44.41740275545409,61.82016761943876,nan,0.0003541507046675431,nan
249.53,176.87677001953125,-185.57598876953125,-39.21328353881836,177.45005350053236,-185.36415716808372,-39.22372845501616,0.6112574524985006,0.3633178054203092,0.05250957349243144,3.5927895486472494e-05,44.29957990125682,60.88135117094417,nan,nan,nan
249.54,176.8688201904297,-185.5843505859375,-39.21556854248047,177.44237059307633,-185.37236388654,-39.22607412104799,0.6115625824710124,0.36336930834756953,0.05252836130045815,3.521473175381454e-05,44.28947701425134,61.945898363504284,nan,0.0003344200513295228,nan
249.55,176.86087036132812,-185.59271240234375,-39.21787643432617,177.4069287359736,-185.3736608640071,-39.22864224162547,0.5884549494862906,0.3633012549589844,0.05252391659346968,3.589928761395634e-05,43.68431862995783,61.51940436114406,7.908487503898732,nan,nan
249.56,176.8529052734375,-185.60107421875,-39.22016906738281,177.39917168194728,-185.38186279000018,-39.23239112326529,0.5887359494804981,0.36335253341062346,0.052542716809498215,3.51876358282488e-05,44.59354899839255,62.32258124629725,nan,1.2306651000314848,nan
249.57,176.8449249267578,-185.60943603515625,-39.22243118286133,177.39142594154444,-185.39006636265185,-39.23480550426775,0.589015735110507,0.3634038994367593,0.05256158197127953,3.589357820663135e-05,44.50786750374577,62.09540731850785,nan,nan,nan
249.58,176.8369598388672,-185.6177978515625,-39.22465515136719,177.38367520154685,-185.39827004653563,-39.23718782193479,0.5892768558168795,0.3634553529612735,0.052580512221467784,3.661383194376336e-05,44.42389407074177,62.41251654758707,nan,nan,nan
249.59,176.8289794921875,-185.6261749267578,-39.22684097290039,177.37591965556285,-185.40647402555564,-39.23953268595612,0.5895533121630262,0.3635068941286662,0.05259950770456317,3.734854153984484e-05,44.34292359091694,61.225422024147775,nan,nan,nan
249.6,176.82098388671875,-185.63453674316406,-39.22898483276367,177.37933375650115,-185.41130616681758,-39.239557626021636,0.6014135442931804,0.3634387588374721,0.0525950119253345,3.652778502930988e-05,44.521171697848345,61.24057370136243,5.8133623553362925,3.657390141984125,nan
249.61,176.81300354003906,-185.6428985595703,-39.2310905456543,177.37159119042104,-185.41948789557136,-39.241800426297765,0.6017035727757561,0.3634900752686536,0.05261401897722156,3.7260039979031207e-05,44.43365225011314,61.466578329465854,nan,nan,nan
249.62,176.8050079345703,-185.65126037597656,-39.233150482177734,177.36385005436136,-185.4276704250584,-39.24348060778455,0.6019997446006031,0.36354147890726096,0.052633091313949304,3.646687073087722e-05,44.17679702151912,61.10672788000283,nan,0.17700843980233266,nan
249.63,176.79701232910156,-185.6596221923828,-39.23516845703125,177.35609847033507,-185.4358523574763,-39.24563753821065,0.6022954872769669,0.3635929702875429,0.05265222908614077,3.71976933329754e-05,44.09214435975919,61.1381963618628,nan,nan,nan
249.64000000000001,176.7890167236328,-185.66799926757812,-39.237152099609375,177.34832890079812,-185.4440325168798,-39.248980094152266,0.6026036163172915,0.36364454917761424,0.05267143243181249,3.640813847643178e-05,44.88613779589904,61.07097211139718,nan,0.9777342481977679,nan
249.65,176.781005859375,-185.67636108398438,-39.23908996582031,177.3164576197475,-185.43919282319325,-39.251097580752806,0.5857487126994455,0.3635763324655977,0.05266688145532753,3.711408147729788e-05,45.6582794428804,61.84277445162218,7.307021857958367,nan,nan
249.66,176.7729949951172,-185.68472290039062,-39.24099349975586,177.30863693237532,-185.4473420983579,-39.25483509103003,0.5860490762490383,0.36362768638616705,0.0526860955121408,3.6329026980976986e-05,46.9436260058031,63.218555604630936,nan,1.8560040406938587,nan
249.67000000000002,176.76498413085938,-185.69308471679688,-39.24285888671875,177.3008294303094,-185.45549428765452,-39.25686791174444,0.5863238437458421,0.36367912792563045,0.05270537520094429,3.7056323907793984e-05,46.86220947977941,63.265231956880086,nan,nan,nan
249.68,176.7569580078125,-185.7014617919922,-39.244686126708984,177.29304430592776,-185.46365103281963,-39.25621767224139,0.5865794513512423,0.3637306569031247,0.0527247206583057,3.627466948633719e-05,45.13201511924596,60.478927172695784,nan,4.597355495193175,nan
249.69,176.74893188476562,-185.70982360839844,-39.24647521972656,177.28522814551468,-185.47180352635633,-39.25815183910056,0.5868590820535684,0.3637822737765877,0.05274413203702095,3.700078694354442e-05,45.04815108711502,61.41840881523992,nan,nan,nan
249.70000000000002,176.74090576171875,-185.7181854248047,-39.24822998046875,177.30423648197424,-185.50844779666807,-39.259546729964,0.6012149714196138,0.36289516786127834,0.052061525825971414,3.6199549323305996e-05,57.02562340096181,74.05649918907336,14.572757783410697,0.13619820626831527,0.20485805529019777
249.71,176.73287963867188,-185.7265625,-39.24995040893555,177.2964659068894,-185.51665995443122,-39.261406100798695,0.6015145827290341,0.3629452176355935,0.05207775954323369,3.6923645451146305e-05,56.906113693770365,73.12831913488893,nan,nan,nan
249.72,176.72483825683594,-185.73492431640625,-39.25163650512695,177.28870444140446,-185.52486521923777,-39.26275102098969,0.6018250832808206,0.3629953526712273,0.05209405142644249,3.614947015470475e-05,56.63068152281066,73.69957214897902,nan,0.1527837554044317,nan
249.73000000000002,176.716796875,-185.7432861328125,-39.25328826904297,177.28092581009201,-185.53307775461982,-39.26453894921793,0.6021258966983936,0.36304557538680754,0.052110402265603116,3.687254826165109e-05,56.50740242944261,73.71893527411314,nan,nan,nan
249.74,176.70875549316406,-185.7516632080078,-39.25490951538086,177.2731351132615,-185.54129485420637,-39.26659528142284,0.6024248973859299,0.3630958837082693,0.05212681157318632,3.61014476822674e-05,56.721762000830516,73.1236398824393,nan,0.05995680747238879,nan
249.75,176.70069885253906,-185.76002502441406,-39.25649642944336,177.3042203206599,-185.56420668810614,-39.26829567628845,0.6346039753604253,0.3630284207641256,0.05212247128169406,3.680051519712551e-05,56.69527255131658,74.54597113840413,13.026116018008508,nan,nan
249.76000000000002,176.69265747070312,-185.76840209960938,-39.258052825927734,177.29653682706154,-185.5724213644352,-39.26831809339134,0.6349677954915257,0.36307851023786986,0.05213889917292724,3.6033338291314305e-05,55.70087109349357,72.87878810342629,nan,1.8622583532173342,nan
249.77,176.68460083007812,-185.77676391601562,-39.25957489013672,177.2888055701716,-185.5806594677678,-39.26996661246791,0.6353174879279068,0.36312868719366004,0.05215538625591978,3.675369068831031e-05,55.57641369070167,73.6637835684671,nan,nan,nan
249.78,176.67652893066406,-185.78512573242188,-39.261070251464844,177.2810703651838,-185.5888976979142,-39.27158551810302,0.6356778731483477,0.3631789507511834,0.052171932381606126,3.74884770990592e-05,55.45065397105991,73.4518033337522,nan,nan,nan
249.79,176.66847229003906,-185.7935028076172,-39.262535095214844,177.27333137900067,-185.59713595706617,-39.27317530058062,0.636024898463112,0.3632293010549401,0.05218853769448646,3.823784202376097e-05,55.327005928709134,72.65972044258582,nan,nan,nan
249.8,176.660400390625,-185.80186462402344,-39.26396942138672,177.24080518671437,-185.5976188932316,-39.276352298216366,0.6154180542597092,0.36316177549591294,0.052184194487595814,3.7358261659999796e-05,56.035650810865455,74.02762346801129,5.6380051731905665,1.4352222415214355,nan
249.81,176.6524200439453,-185.81024169921875,-39.265377044677734,177.23305838031527,-185.60584870188333,-39.27790269760434,0.6156900738224278,0.36321190669974207,0.05220081785508012,3.810407188979127e-05,55.90955872797042,73.19791780408663,nan,nan,nan
249.82,176.64454650878906,-185.818603515625,-39.266754150390625,177.2254403465035,-185.6140620585434,-39.27815469786388,0.615958465192541,0.36326212347292036,0.052217500248332695,3.725574964447785e-05,55.1372617170162,73.31294571364974,nan,1.004617961007796,nan
249.83,176.63681030273438,-185.8269805908203,-39.268104553222656,177.21791814304706,-185.62229217111818,-39.27963880572942,0.6162115790975681,0.3633124278498297,0.05223424236461557,3.7999114259771864e-05,55.009107728393396,72.3000098649525,nan,nan,nan
249.84,176.62921142578125,-185.83534240722656,-39.26942825317383,177.21058736598457,-185.63049426841192,-39.27890134901859,0.6164823463555102,0.36336281813705423,0.052251043808965274,3.7157020046688725e-05,53.77919582566285,72.02405208246394,nan,3.0121861580459908,nan
249.85,176.62176513671875,-185.84371948242188,-39.270729064941406,177.21306151179627,-185.63912393876083,-39.28022272071301,0.6257642280968779,0.3632952319096972,0.05224669465673302,3.7873800350861325e-05,54.497417645449566,71.47582107051196,2.4474121516170224,nan,nan
249.86,176.61447143554688,-185.85208129882812,-39.27199935913086,177.20600518388525,-185.64733818901894,-39.28087096523676,0.6260276526100794,0.3633454029506841,0.05226351363338973,3.703880036181388e-05,54.09884326940702,72.25592644027407,nan,0.3400517709322852,nan
249.87,176.60731506347656,-185.86045837402344,-39.27324676513672,177.19907673071995,-185.65556254439576,-39.28222259126866,0.6262944493385195,0.3633956614044197,0.052280392561929116,3.777676430023878e-05,53.96712142618929,71.17836231424565,nan,nan,nan
249.88,176.6002960205078,-185.86883544921875,-39.27446746826172,177.1922815095217,-185.66379313296972,-39.283978924764185,0.6265617594942945,0.36344600578011216,0.052297331101617446,3.694757907657628e-05,54.14399924472119,71.42350007270565,nan,0.11623839861331944,nan
249.89000000000001,176.59341430664062,-185.877197265625,-39.275665283203125,177.18563638829826,-185.67201955800311,-39.28528705455356,0.6268312884595012,0.36349643781023583,0.05231432986992838,3.7683517057861375e-05,54.009726783504895,72.35025357672849,nan,nan,nan
249.9,176.58668518066406,-185.8855743408203,-39.27684020996094,177.1971263871709,-185.6866696331397,-39.287542038377694,0.6421184302529332,0.363428789103118,0.05230997060453228,3.68370424766353e-05,54.72884356271495,72.59651269833347,2.842796405098759,0.6595134398351917,nan
249.91,176.580078125,-185.89395141601562,-39.27798843383789,177.1907845743378,-185.6949081742322,-39.2888133975696,0.6424155658156493,0.3634790016353775,0.05232698633181454,3.7570159171455965e-05,54.60009152945196,72.46035724460637,nan,nan,nan
249.92000000000002,176.5736083984375,-185.90232849121094,-39.279117584228516,177.18458702547312,-185.7031415969464,-39.289513171746,0.6427117314791403,0.3635293000917117,0.052344061947437244,3.675303861680701e-05,54.282318920558225,72.34933984304635,nan,0.19294132974539024,nan
249.93,176.5672607421875,-185.91070556640625,-39.28022384643555,177.17850787477468,-185.71138273411705,-39.29073534313321,0.6430109953419642,0.363579686024489,0.05236119801968557,3.748438951162367e-05,54.151000868760185,72.2736941559211,nan,nan,nan
249.94,176.56103515625,-185.91909790039062,-39.28130340576172,177.17252069223588,-185.71964490646187,-39.2936601729595,0.6433107703145208,0.3636301582114848,0.05237839428026128,3.667248543503145e-05,55.232313137037444,72.50068692466847,nan,1.908126779339282,nan
249.95000000000002,176.55494689941406,-185.92747497558594,-39.28236770629883,177.14548538661802,-185.7175726887216,-39.294777209285876,0.6268561802075558,0.36356244845048485,0.05237402165844638,3.737864091660065e-05,55.684080411004594,73.38786796327582,5.248643792511777,nan,nan
249.96,176.54896545410156,-185.93585205078125,-39.28340530395508,177.13972116814102,-185.7258100194359,-39.29731172550489,0.6271390253861384,0.3636127009783485,0.052391234308650746,3.657277203141232e-05,56.71455447662032,74.38941696317548,nan,1.1933081234950897,nan
249.97,176.54312133789062,-185.94424438476562,-39.284427642822266,177.13410418685532,-185.73403406618775,-39.29848013272814,0.6274126060891677,0.3636630408124217,0.05240850764156832,3.7300024670147664e-05,56.5852897053625,73.71624773415563,nan,nan,nan
249.98000000000002,176.53738403320312,-185.95263671875,-39.28542709350586,177.12860159446288,-185.7422616702827,-39.299799438794025,0.6276961287666486,0.36371346689014256,0.05242584143336521,3.649899385544381e-05,56.81568264994728,73.97300050220946,nan,0.018805907316554786,nan
249.99,176.53175354003906,-185.9610137939453,-39.28640365600586,177.12321778457243,-185.75048929859048,-39.30093094544601,0.6279821317874534,0.36376398052579245,0.052443236186802036,3.7224822361137827e-05,56.687663971950684,74.88209941897334,nan,nan,nan
250.0,176.5262451171875,-185.9694061279297,-39.2873649597168,177.1109222257089,-185.75657201549026,-39.30022282064089,0.6223431571362814,0.3636962083378355,0.052438846088779106,3.640613583241904e-05,55.3987823721772,72.82890037268372,0.4911254637775069,2.073750395218202,nan
250.01000000000002,176.52084350585938,-185.97779846191406,-39.288307189941406,177.10575040711785,-185.7648011731654,-39.301298799383325,0.622617627496976,0.36374650206994374,0.05245625661736331,3.712973849630554e-05,55.26817190236886,72.83822893141368,nan,nan,nan
250.02,176.5155487060547,-185.9862060546875,-39.28922653198242,177.10066990984566,-185.77304193077788,-39.3032988412313,0.622899507734236,0.3637968820271536,0.052473727869753045,3.6338815882774105e-05,56.040205600452346,72.81930681709808,nan,0.5803756741668858,nan
250.03,176.51022338867188,-185.99459838867188,-39.29023742675781,177.09564153279274,-185.78127518294224,-39.304401969097896,0.6232349699979864,0.36384734938273877,0.05249126030867232,3.7061205297536285e-05,55.87413378750655,73.9137664257133,nan,nan,nan
250.04,176.50485229492188,-186.00299072265625,-39.29133605957031,177.0905666684542,-185.78951559026927,-39.306087812040786,0.6235788432194724,0.3638979032845785,0.05250885376934102,3.6274576597715746e-05,56.32986839334915,74.44610648666956,nan,0.1601282677689428,nan
250.05,176.4994354248047,-186.0113983154297,-39.292518615722656,177.0668863029399,-185.79168486546752,-39.30731383254477,0.6086816882669659,0.3638300696845356,0.05250444277265679,3.6972838235178396e-05,56.00254269516335,73.00809670565297,3.080599315030864,nan,nan
250.06,176.49400329589844,-186.01980590820312,-39.29378890991211,177.0616969739305,-185.79992674942187,-39.30973583984467,0.6089969303027783,0.3638804035086896,0.05252205139369859,3.619129223335189e-05,56.9806409202321,74.48975275597607,nan,0.7297373962065224,nan
250.07,176.488525390625,-186.02821350097656,-39.295143127441406,177.05648952202037,-185.80816034252044,-39.3112019214689,0.6093148053049687,0.36393082457797454,0.05253972142401615,3.691063447657687e-05,56.81318049625672,74.33625611859433,nan,nan,nan
250.08,176.48300170898438,-186.03660583496094,-39.29658126831055,177.0512449698887,-185.8163964010089,-39.31282660839332,0.6096363747670145,0.36398133216439404,0.052557452734734,3.6133042472459795e-05,56.99994671744348,75.49537507441174,nan,0.0036014245658705663,nan
250.09,176.47744750976562,-186.04502868652344,-39.298099517822266,177.04596621364976,-185.82463362227782,-39.314462395222144,0.6099633142794205,0.3640319272559823,0.052575245735581214,3.685144477801607e-05,56.83746808591335,73.65906470016888,nan,nan,nan
250.1,176.47186279296875,-186.05343627929688,-39.29970169067383,177.04798817040628,-185.83382664465944,-39.31419276569011,0.6167323839464388,0.36396403121271503,0.05257080975576725,3.605576040003368e-05,55.783209270187434,73.50976355792551,0.7673819004456737,2.571833497038459,nan
250.11,176.46624755859375,-186.0618438720703,-39.3013801574707,177.04265361190474,-185.84206444001228,-39.31597404563071,0.6170574678430931,0.3640144059876364,0.05258861726231797,3.677241231602493e-05,55.62316709455823,73.53964581868475,nan,nan,nan
250.12,176.46060180664062,-186.07025146484375,-39.30314254760742,177.0373035773092,-185.85029322566706,-39.31665454679478,0.6173727669698478,0.36406486724392007,0.052606486302544775,3.600317543157654e-05,54.774031005772756,72.89445847938025,nan,0.9308154476720211,nan
250.13,176.4549102783203,-186.07867431640625,-39.30498123168945,177.03190138452865,-185.8585338944686,-39.318585127527236,0.6177099707762359,0.3641154158608302,0.05262441725412789,3.671905550001602e-05,54.61907868935815,71.73152938446084,nan,nan,nan
250.14000000000001,176.44918823242188,-186.08709716796875,-39.30690002441406,177.02650428683586,-185.86675440608786,-39.318058525819914,0.6180366263831388,0.364166051272837,0.05264241003554117,3.595328638064596e-05,52.917809704413024,70.22743013041362,nan,4.299669378193531,nan
250.15,176.4434356689453,-186.0955047607422,-39.30889129638672,176.99780998079177,-185.87309868412743,-39.31992702889678,0.5974254162173209,0.36409809347991623,0.052637945501837195,3.6645844532416885e-05,51.21283604126496,70.3890427772527,10.70076991672857,nan,nan
250.16,176.43765258789062,-186.1039276123047,-39.31096267700195,176.99224525603734,-185.8813689828171,-39.32344659358358,0.5977133253447683,0.36414850839003565,0.05265595213037641,3.588431509049338e-05,52.10589755996938,70.47861788310196,nan,1.283271843571591,nan
250.17000000000002,176.4318389892578,-186.1123504638672,-39.313106536865234,176.98666866752447,-185.88962927043775,-39.32567342022166,0.597995508716753,0.3641990105213131,0.052674020889146966,3.659798130911392e-05,51.95107799059959,70.47318905048044,nan,nan,nan
250.18,176.42599487304688,-186.1207733154297,-39.31532669067383,176.98105959557373,-185.8978913423799,-39.328031153111326,0.5982763771620979,0.3642495994031535,0.052692151725093325,3.583961948916949e-05,52.012295181232844,70.6936942989188,nan,0.0020699177743640886,nan
250.19,176.42010498046875,-186.1291961669922,-39.31756591796875,176.9754199661744,-185.90615414195634,-39.330383584249184,0.5985706064034853,0.3643002757730308,0.05271034497380576,3.655272817558459e-05,51.8776080073928,70.40596003079911,nan,nan,nan
250.20000000000002,176.41419982910156,-186.1376190185547,-39.31979751586914,176.9898996271546,-185.91452466845567,-39.33120080697268,0.617520349116059,0.36423225546191107,0.052705847827073486,3.5775808012915984e-05,52.651224579303204,70.53880223254805,9.364328832017486,1.8607566865727756,nan
250.21,176.40826416015625,-186.1460418701172,-39.32200241088867,176.98423774556696,-185.92277182835537,-39.33352842643461,0.6178413483035566,0.36428271109485066,0.05272405422907324,3.6487538874479556e-05,52.53248916900412,70.54582926908832,nan,nan,nan
250.22,176.4022979736328,-186.1544647216797,-39.32417297363281,176.97853191446166,-185.93102807730506,-39.33688145214006,0.6181674482197376,0.36433325342830136,0.05274232295045794,3.573598661603241e-05,53.28597084400669,71.41165804744342,nan,0.7545991729097168,nan
250.23000000000002,176.39630126953125,-186.1628875732422,-39.32630157470703,176.9728101981526,-185.93927758871655,-39.339152843319184,0.6184893896136127,0.3643838831173272,0.05276065430166712,3.6447291432910063e-05,53.1728966918571,71.40423334639779,nan,nan,nan
250.24,176.3902587890625,-186.17132568359375,-39.328392028808594,176.9670654390091,-185.94752461287356,-39.340886695152186,0.6188286898368269,0.3644345998145335,0.05277904826686535,3.569847934913064e-05,52.89439771681706,70.02559501451968,nan,0.1689122710871916,nan
250.25,176.3842010498047,-186.17974853515625,-39.330440521240234,176.97655234822838,-185.9619340923929,-39.34309498668328,0.6312553585643371,0.36436651743142195,0.05277451481603598,3.638705706727751e-05,52.830201352357506,71.44056923883078,2.070893514063012,nan,nan
250.26000000000002,176.3781280517578,-186.1881866455078,-39.33244705200195,176.97081452169573,-185.97017158553638,-39.34144210080942,0.6315763840778612,0.36441701319695696,0.052792921233780994,3.564174981723885e-05,50.576903213004286,68.51771897099553,nan,9.837560344320499,nan
250.27,176.37200927734375,-186.1966094970703,-39.334415435791016,176.96500183975957,-185.97843661740637,-39.34351508311796,0.6319196057116804,0.3644675961896208,0.05281139049586602,3.6351488229337463e-05,50.460287941610424,69.23789237713171,nan,nan,nan
250.28,176.36585998535156,-186.20504760742188,-39.33634567260742,176.95916357789665,-185.98670110403702,-39.34533071560477,0.6322697837671492,0.3645182661332086,0.05282992260854723,3.5608660487242036e-05,50.32873639419393,68.19106885379212,nan,0.03263790339337907,nan
250.29,176.3596954345703,-186.21347045898438,-39.33823776245117,176.9532950429678,-185.99496794138247,-39.34732521839989,0.6326028984628791,0.3645690235763725,0.05284851784955136,3.631813705047344e-05,50.21022240525975,69.34421289646204,nan,nan,nan
250.3,176.35350036621094,-186.22190856933594,-39.340091705322266,176.95635776506438,-186.00127896311741,-39.351281715238215,0.6420589402962946,0.36450087855060004,0.052843944053334695,3.5556285621158245e-05,52.61364212747424,70.05328004123534,4.9585210399913775,3.2714986384037568,nan
250.31,176.34727478027344,-186.2303466796875,-39.3419075012207,176.9504536282495,-186.00953161994371,-39.353220746523924,0.6424266516690279,0.3645514148297197,0.05286255101495131,3.626467001711497e-05,52.501507070184196,69.99089937716522,nan,nan,nan
250.32,176.34103393554688,-186.23878479003906,-39.34368896484375,176.94452258932063,-186.0177852121455,-39.35512865751256,0.6427831945774145,0.36460203799796204,0.0528812210588619,3.5527310464299526e-05,52.53493521213391,70.29999871419025,nan,1.4306766607556201e-05,nan
250.33,176.33474731445312,-186.24720764160156,-39.34543228149414,176.93856535256032,-186.02603958021464,-39.356997308396785,0.6431526135906825,0.36465274854288593,0.05289995444351947,3.623553369593999e-05,52.42002074886362,70.95704052467707,nan,nan,nan
250.34,176.3284454345703,-186.25564575195312,-39.34714126586914,176.9325752475531,-186.0342986360803,-39.35948612465997,0.6435213843986861,0.36470354627970236,0.05291875120375224,3.550028383185736e-05,52.901633692676924,70.71687280668279,nan,0.2935277079607389,nan
250.35,176.32212829589844,-186.2640838623047,-39.348819732666016,176.90364974630666,-186.03635838180492,-39.36130508479993,0.6246454800698047,0.3646353388705051,0.052914133276011924,3.6186206906411894e-05,52.3644516203236,70.3935711373004,4.695848653192935,nan,nan
250.36,176.31576538085938,-186.27252197265625,-39.350460052490234,176.8975718910255,-186.04461264505113,-39.36348069452809,0.6249888110999976,0.36468591524039284,0.05293294101560212,3.5453831066551833e-05,52.71887091883504,70.49618772544764,nan,0.11019868480121094,nan
250.37,176.30938720703125,-186.2809600830078,-39.35206985473633,176.89147294571686,-186.05286537249654,-39.365227880498715,0.6253192287035096,0.36473657886717725,0.05295181230564656,3.6160979193369515e-05,52.60435489037155,70.63672504073475,nan,nan,nan
250.38,176.30299377441406,-186.28939819335938,-39.3536491394043,176.8853644719444,-186.0611099201402,-39.365353806242105,0.625626217686841,0.36478732961818394,0.05297074719767324,3.543049044576848e-05,51.562032676345424,69.83024818725096,nan,1.7406163499158016,nan
250.39000000000001,176.2965545654297,-186.2978515625,-39.355194091796875,176.87921622263744,-186.06936372922405,-39.36702300736063,0.6259722198138151,0.3648381679030077,0.052989745925365,3.613759974624486e-05,51.45118370210076,68.48470012059799,nan,nan,nan
250.4,176.2901153564453,-186.30628967285156,-39.356712341308594,176.8755439332929,-186.07139351774106,-39.36874396365661,0.6309101221345389,0.3647698976854213,0.052985079837489485,3.5387643909480774e-05,53.187349358578395,70.5883815569349,6.559884809786761,0.047955071408302345,nan
250.41,176.28363037109375,-186.31472778320312,-39.35819625854492,176.86935719991547,-186.07962197399152,-39.37035267405769,0.6312673268629625,0.36482051437257534,0.05300408877562997,3.609387449334714e-05,53.07336051456951,70.19283200301321,nan,nan,nan
250.42000000000002,176.27713012695312,-186.3231658935547,-39.35965347290039,176.86313330101174,-186.08785889865183,-39.37347734193863,0.631632964000593,0.36487121811256984,0.05302316153746588,3.536770820332411e-05,54.264073281430456,71.61366472249651,nan,1.6499108658001562,nan
250.43,176.27061462402344,-186.33160400390625,-39.361080169677734,176.85689964906763,-186.09608862397016,-39.375043830895,0.6319751645532431,0.36492200927090324,0.053042298342330436,3.607397518173463e-05,54.14708994442791,71.69536288646678,nan,nan,nan
250.44,176.26406860351562,-186.34005737304688,-39.36247634887695,176.85065120947687,-186.10431421699255,-39.375592469954576,0.6323179752900093,0.36497288778094816,0.053061499263062376,3.534938118405369e-05,53.49361261604692,70.06432575427671,nan,0.6780461480021068,nan
250.45000000000002,176.25750732421875,-186.34849548339844,-39.36384582519531,176.86408029542537,-186.12501445756558,-39.37713147685347,0.646568671407539,0.3649045548759996,0.05305678115646278,3.603364361632774e-05,52.48008219604353,71.12042308547579,6.5839437238727205,nan,nan
250.46,176.25091552734375,-186.35693359375,-39.36518859863281,176.8578163744011,-186.1332725872665,-39.377345939721735,0.6469162889605483,0.36495521157852595,0.05307599150752535,3.5311390717937796e-05,51.648378416928416,70.25955259146555,nan,1.1030587146284352,nan
250.47,176.24435424804688,-186.36538696289062,-39.36650466918945,176.8515474143223,-186.14153706798967,-39.37878322927355,0.6472581244422473,0.3650059555862508,0.05309526610610689,3.601694501776927e-05,51.53097961222392,69.20464648699908,nan,nan,nan
250.48000000000002,176.23788452148438,-186.3738250732422,-39.3677978515625,176.84533570784205,-186.1498015584619,-39.380125992703825,0.6475611647140915,0.3650567868695775,0.053114605037271286,3.529607767013942e-05,51.527604759780296,70.41468983437038,nan,0.0033137977393486056,nan
250.49,176.23150634765625,-186.3822784423828,-39.36906051635742,176.83921610944498,-186.1580668507441,-39.38151220968577,0.6478711577661271,0.36510770573855766,0.05313400850218708,3.600175639964444e-05,51.40818162479201,69.18161262365815,nan,nan,nan
250.5,176.22525024414062,-186.39071655273438,-39.37030029296875,176.8072355361899,-186.1502317276924,-39.381733402073074,0.6298178682928415,0.36503930982555644,0.05312923435788066,3.526101493242638e-05,52.084677430315296,69.68356053373286,11.154464993666332,1.0727272981680414,nan
250.51000000000002,176.2191162109375,-186.399169921875,-39.37151336669922,176.80130418272373,-186.15845763198345,-39.383060798260985,0.6300941073943364,0.3650900066570447,0.0531486464484086,3.5965969504895783e-05,51.965102569954446,68.74894721830253,nan,nan,nan
250.52,176.2130889892578,-186.40760803222656,-39.372703552246094,176.79549395644074,-186.16668282239397,-39.38398301028857,0.6303711039585775,0.36514079068502153,0.053168123083743586,3.524846221327212e-05,51.74485775651348,69.3972892926581,nan,0.1013262785485088,nan
250.53,176.2071990966797,-186.4160614013672,-39.373870849609375,176.78979949847184,-186.17491034675453,-39.38525998493937,0.6306399699612573,0.3651916621887599,0.05318766445474848,3.595359580319755e-05,51.62276680643132,68.72120074598254,nan,nan,nan
250.54,176.20140075683594,-186.4245147705078,-39.37501525878906,176.7842219313583,-186.18313898366216,-39.38659892651805,0.6309334143196431,0.3652426211848126,0.053207270661821605,3.523721060453929e-05,51.70457548741887,68.50653406793029,nan,0.004987431646522864,nan
250.55,176.19573974609375,-186.43296813964844,-39.37613296508789,176.7800648501776,-186.19716754784972,-39.38783598719297,0.6302179837815107,0.365174162285384,0.05320243656889671,3.59205346100276e-05,50.61827537332754,68.50188637313708,2.6668224188747525,nan,nan
250.56,176.190185546875,-186.44142150878906,-39.37723159790039,176.7747132082077,-186.2054205489459,-39.38943444394,0.6304902452547662,0.3652248990281614,0.053222050584249565,3.5206047874890936e-05,50.914759098519305,68.81871361913628,nan,0.10442123716123151,nan
250.57,176.1847381591797,-186.4498748779297,-39.3783073425293,176.7694757091736,-186.21367322165258,-39.390628616797336,0.6307622678953809,0.3652757231384943,0.053241729534179584,3.591072693779622e-05,50.79272703749212,68.7434949343232,nan,nan,nan
250.58,176.1793975830078,-186.4583282470703,-39.379364013671875,176.76435458072825,-186.22192306024021,-39.390629938537906,0.6310222045264103,0.3653266346582662,0.053261473527677065,3.5197208600992296e-05,50.05148454634431,68.10597887199233,nan,0.9589938478025541,nan
250.59,176.17416381835938,-186.46678161621094,-39.38039779663086,176.7593340649299,-186.23017814109247,-39.39177136511628,0.6312961111630907,0.36537763382878646,0.05328128274281516,3.590212719750271e-05,49.928905864289575,68.09616356761595,nan,nan,nan
250.6,176.16903686523438,-186.47523498535156,-39.381412506103516,176.7437483074199,-186.23264863831753,-39.39178509833462,0.6238982034081229,0.3653091116942286,0.05327638469078706,3.516837293122381e-05,49.725851876057014,67.62715477330056,1.3809460179779671,0.8681883775564433,nan
250.61,176.16400146484375,-186.4836883544922,-39.38240432739258,176.73892018221025,-186.24089332958167,-39.39287628213976,0.6241719454892777,0.36535988838156513,0.05329620087488106,3.5872674901356784e-05,49.60499434018619,67.42914467294597,nan,nan,nan
250.62,176.15908813476562,-186.49215698242188,-39.38337707519531,176.73420270797186,-186.24913399219014,-39.39213317200989,0.6244146181238804,0.3654107523930575,0.05331608230573864,3.5161722510876375e-05,48.61136332988541,65.98409894519114,nan,2.305444505128347,nan
250.63,176.1542510986328,-186.5006103515625,-39.38433074951172,176.72957510753028,-186.25738167147605,-39.39316902680795,0.624688739434299,0.3654617039494507,0.053336029154370246,3.586630225893736e-05,48.490361960349134,66.57753561893057,nan,nan,nan
250.64000000000001,176.14952087402344,-186.5090789794922,-39.3852653503418,176.72505750928534,-186.26562330647207,-39.391551878089814,0.6249420802645587,0.3655127431234998,0.053356041540297196,3.5156101701807065e-05,47.32031626346556,64.75853684086849,nan,4.85756990529091,nan
250.65,176.14488220214844,-186.51754760742188,-39.38618087768555,176.73711659693922,-186.28749068680932,-39.39255007577799,0.6353804622265877,0.3654441577063893,0.053351075583734135,3.583899162642959e-05,45.87998615435462,64.49659803415649,7.963241082818708,nan,nan
250.66,176.1403350830078,-186.5260009765625,-39.387081146240234,176.73280109472077,-186.29577887687336,-39.392584259112425,0.6356480743867793,0.36549497417642574,0.053371094085710155,3.5130328580928075e-05,45.490278576141954,65.24161876758993,nan,0.5961891370302143,nan
250.67000000000002,176.13587951660156,-186.5344696044922,-39.387962341308594,176.728573060679,-186.3040711240447,-39.393514801038265,0.6359244662635902,0.3655458780866584,0.05339117819846414,3.583462946877997e-05,45.37166630482883,64.25356673897998,nan,nan,nan
250.68,176.1315155029297,-186.54293823242188,-39.388824462890625,176.77503847119058,-186.35746218824002,-39.39445936216086,0.6697424323831135,0.3608175537411694,0.04961565687074779,3.512610766085938e-05,55.101267554864386,74.17100119708873,nan,0.0015306070277471269,0.5358034022095571
250.69,176.1272430419922,-186.55142211914062,-39.38966751098633,176.77097541034766,-186.36580391356713,-39.39535725870852,0.6699834725857126,0.3608709367071965,0.0496281498611474,3.583071427748932e-05,54.95063740059715,73.27866697466963,nan,nan,nan
250.70000000000002,176.123046875,-186.5598907470703,-39.390499114990234,176.7524425135895,-186.37103210904962,-39.39558007713107,0.6571394610026028,0.3608003789597357,0.04962382564736953,3.510215900595889e-05,54.142195096174426,73.70835728054796,2.014166531315477,0.2872527150024822,nan
250.71,176.11880493164062,-186.568359375,-39.391414642333984,176.74845939838283,-186.37937963456724,-39.39649251142603,0.6574221433272266,0.36085352931450587,0.04963635645869785,3.5806220457877054e-05,53.97820710865649,73.78441572622,nan,nan,nan
250.72,176.11451721191406,-186.57684326171875,-39.39242172241211,176.74445295599796,-186.38775744392643,-39.39821290499003,0.6577279270035373,0.3609067644956254,0.04964894319956303,3.5100135585480315e-05,54.06801463239324,73.13981712901382,nan,0.3617473306555845,nan
250.73000000000002,176.11016845703125,-186.5853271484375,-39.393516540527344,176.74036893556723,-186.39610844110905,-39.39931160817768,0.6580197148711453,0.36096008881183456,0.04966159048899608,3.580453997314541e-05,53.90568625074374,72.94402040256352,nan,nan,nan
250.74,176.10577392578125,-186.5937957763672,-39.39469528198242,176.736305691211,-186.40453342410638,-39.40235914550513,0.6583686505320032,0.3610134982981974,0.04967429408289234,3.509890764032661e-05,54.49201758049836,74.7649534878189,nan,2.431265095529325,nan
250.75,176.10133361816406,-186.60227966308594,-39.39596176147461,176.7097010063505,-186.4088946273203,-39.40373126674805,0.6384113221733089,0.3609428450815439,0.0496700442545592,3.5781688243157515e-05,53.38372273844914,73.37222963592536,5.610927946744897,nan,nan
250.76000000000002,176.0968475341797,-186.6107635498047,-39.39731216430664,176.70546967627416,-186.41729321711074,-39.40604426106941,0.6386923602128407,0.3609960217235665,0.04968278531813924,3.5077304115288395e-05,53.722893932621304,73.92041794437952,nan,0.6123502503800375,nan
250.77,176.09230041503906,-186.61924743652344,-39.398746490478516,176.7011559668359,-186.4256579033309,-39.40751823130786,0.6389514330156217,0.3610492872991921,0.049695587023666006,3.578154280721397e-05,53.55298509465236,73.65664004396972,nan,nan,nan
250.78,176.0877227783203,-186.6277313232422,-39.40026092529297,176.69672252584488,-186.43395013969638,-39.407093418345376,0.6391232451904002,0.3611026380616968,0.04970844547479782,3.50775137133341e-05,52.58532214084776,73.15341331241787,nan,2.7638999254632814,nan
250.79,176.0830841064453,-186.63623046875,-39.401859283447266,176.69231545425475,-186.4423177105968,-39.40871486594515,0.6393840723224783,0.3611560779915728,0.04972136477459755,3.578211785583673e-05,52.424748475616354,71.84458651838563,nan,nan,nan
250.8,176.0784149169922,-186.64471435546875,-39.40353775024414,176.67810060005908,-186.44564371344748,-39.40965258219645,0.631893527550309,0.36108532573660734,0.049717181065145576,3.5057278065617034e-05,52.467382566995646,72.881789821398,1.50004450601453,0.3995026461638571,nan
250.81,176.07369995117188,-186.6531982421875,-39.405296325683594,176.6735855192117,-186.45400061767685,-39.411429361318035,0.632123407634345,0.36113853248223066,0.04973013727775095,3.57613800508866e-05,52.304980739997696,72.83982055495295,nan,nan,nan
250.82,176.0689239501953,-186.6616973876953,-39.407135009765625,176.66911011346843,-186.4624433774875,-39.41565623300705,0.6324541109155196,0.3611918244311227,0.049743150665424285,3.505876328984251e-05,53.18177559789695,72.51234432382208,nan,3.9523910557629423,nan
250.83,176.06411743164062,-186.67018127441406,-39.40904998779297,176.66450589883127,-186.47080276214848,-39.41761611664294,0.6326859262321535,0.3612452053448619,0.049756225002407055,3.576324688840721e-05,53.01484585048336,73.7802457457541,nan,nan,nan
250.84,176.05926513671875,-186.67868041992188,-39.411041259765625,176.6598362215678,-186.47914166822716,-39.41903904917177,0.6329022878928627,0.361298671805787,0.04976935688048034,3.506084724060054e-05,52.643699186952134,72.45076897247169,nan,0.266444919159983,nan
250.85,176.0543670654297,-186.6871795654297,-39.413108825683594,176.63664707068628,-186.47793199007296,-39.42124557407688,0.6187897534613046,0.36122782466862546,0.04976523897802074,3.574373445125699e-05,53.27822866224052,72.42934717420154,5.812508217009578,nan,nan
250.86,176.04942321777344,-186.69566345214844,-39.41524887084961,176.6318832445972,-186.48627163179128,-39.42349555926828,0.6190093901952416,0.36128105771467756,0.04977840735549066,3.504235752029413e-05,53.22090685922968,73.44577353595457,nan,0.0026807919169342964,nan
250.87,176.04444885253906,-186.70416259765625,-39.417423248291016,176.62707509332523,-186.4946101810583,-39.42573780758543,0.6192210297227653,0.36133437952321107,0.04979163678704361,3.5746739848733574e-05,53.07100704889441,72.64533716949606,nan,nan,nan
250.88,176.0394287109375,-186.71266174316406,-39.41958999633789,176.62225389788478,-186.5029779638546,-39.428835848718876,0.6194658760834858,0.3613877868935212,0.04980492417327652,3.5045505327111116e-05,53.43367089967804,73.05286499708818,nan,0.5012271441734091,nan
250.89000000000001,176.03436279296875,-186.72116088867188,-39.421730041503906,176.61736265750076,-186.5113184964026,-39.43108379901948,0.6196855367178585,0.36144128326099473,0.049818272829623374,3.575027972551395e-05,53.29945511180323,72.92383928537593,nan,nan,nan
250.9,176.02926635742188,-186.7296600341797,-39.42383575439453,176.6208287490387,-186.51635109074644,-39.43477267253458,0.6289406845660707,0.36137033821557385,0.04981421316327525,3.502802111312085e-05,55.77558508479078,74.51041751535345,5.931035526850574,1.6585363194250489,nan
250.91,176.0241241455078,-186.7381591796875,-39.425907135009766,176.61586827572268,-186.52466755196255,-39.43697195725455,0.6291758268113149,0.36142360083118236,0.049827597721385654,3.573231604397302e-05,55.64674726717056,74.35128734867763,nan,nan,nan
250.92000000000002,176.01893615722656,-186.7466583251953,-39.42793655395508,176.61094218609995,-186.53305623803143,-39.44137863091396,0.6295059009224365,0.3614769490209434,0.04984104063548324,3.503209971128153e-05,57.238574512066975,75.91699893252687,nan,3.550963327638308,nan
250.93,176.0137176513672,-186.75515747070312,-39.429927825927734,176.60590294671616,-186.5413741769424,-39.44352503297167,0.6297393149217544,0.36153038600736814,0.04985454493278961,3.5736796084774604e-05,57.113715848531584,76.08030031155155,nan,nan,nan
250.94,176.00845336914062,-186.76365661621094,-39.431880950927734,176.6008168847995,-186.54968525423334,-39.4453895893111,0.6299688577551112,0.36158390890963726,0.04986810794231968,3.5036615665314846e-05,57.00868107485602,75.93158654512581,nan,0.0418504999893782,nan
250.95000000000002,176.00315856933594,-186.77215576171875,-39.43379592895508,176.59697759894394,-186.558184468068,-39.447424837602036,0.6313402423274412,0.3615128695685488,0.04986410531913869,3.571971826741694e-05,57.036328702489186,76.0633411168803,0.0667966784356196,nan,nan
250.96,175.99781799316406,-186.78067016601562,-39.4356689453125,176.59186442789184,-186.5665409144645,-39.45068650073354,0.6316391611936739,0.3615661584885779,0.049877703755667996,3.5020388671310604e-05,58.1403452065716,76.1077208811173,nan,1.0705806236787088,nan
250.97,175.99244689941406,-186.78916931152344,-39.43750762939453,176.58667450903437,-186.5748603432476,-39.45269169495682,0.6318744667776327,0.36161953600659114,0.0498913636930371,3.572501406445955e-05,58.01415591429664,77.18072729687142,nan,nan,nan
250.98000000000002,175.98703002929688,-186.79766845703125,-39.43931198120117,176.5814475273015,-186.5831801875152,-39.45465948289358,0.6321178098283994,0.3616729994486256,0.04990508272753027,3.502566495478178e-05,58.146395423588686,77.2280316644926,nan,1.4411698601565471e-06,nan
250.99,175.98158264160156,-186.80616760253906,-39.441078186035156,176.5761840412127,-186.5915007329302,-39.45659327654718,0.6323554438453136,0.36172655172630136,0.049918863488808,3.573069375119442e-05,58.018883644124834,77.32313248033498,nan,nan,nan
251.0,175.97610473632812,-186.81468200683594,-39.442806243896484,176.5544530755622,-186.58969253956633,-39.4586488213804,0.620772139466985,0.3616554155924395,0.04991491094655115,3.50101518719811e-05,59.37324828767027,77.03638186644835,6.581853236745823,0.04557739262942068,nan
251.01000000000002,175.9705810546875,-186.82318115234375,-39.44450378417969,176.5490890776733,-186.59798454717418,-39.460514573225005,0.621000313208209,0.36170873355602967,0.04992872649838992,3.571470965671219e-05,59.24432493153193,77.7422907426839,nan,nan,nan
251.02,175.96502685546875,-186.83169555664062,-39.4461669921875,176.5436950586878,-186.60628168570582,-39.46251668502641,0.621237164923755,0.3617621374482664,0.04994260151989489,3.5016081730333904e-05,59.56650693437997,77.27583648915187,nan,0.020283246371592588,nan
251.03,175.95944213867188,-186.84019470214844,-39.44779586791992,176.5382611598706,-186.61457440172956,-39.46431836678256,0.6214571362782848,0.36181562998141564,0.04995653839439765,3.572104763826544e-05,59.43676238057543,78.28204184841049,nan,nan,nan
251.04,175.95382690429688,-186.84869384765625,-39.44939041137695,176.53277287130294,-186.62284885017843,-39.4654084010029,0.6216437658257342,0.36186920878101614,0.04997053508479073,3.50223199860258e-05,58.98216155674683,77.97327214248106,nan,0.32585314295845674,nan
251.05,175.9481658935547,-186.85720825195312,-39.450958251953125,176.51409257506566,-186.6247925368025,-39.46698424504326,0.6120023741371674,0.36179797894872334,0.049966630664245136,3.570567983026791e-05,59.16715457166082,76.68631180331938,3.345956467839722,nan,nan
251.06,175.94247436523438,-186.86570739746094,-39.452491760253906,176.50861968733724,-186.63314970852713,-39.47163637389382,0.612348038824832,0.3618513232025548,0.04998066161056555,3.500767568403693e-05,62.30708107801218,80.91398274309589,nan,6.159359167490194,nan
251.07,175.93675231933594,-186.8742218017578,-39.45399475097656,176.503027812591,-186.6414286787279,-39.473333825103076,0.6125639331362559,0.3619047559055295,0.04999475454056381,3.571257754530728e-05,62.176649766207554,79.98339644706083,nan,nan,nan
251.08,175.93099975585938,-186.8827362060547,-39.455467224121094,176.49742220101209,-186.64972540713384,-39.47567571366596,0.61281057581947,0.36195827487375637,0.050008907642758435,3.501443416380427e-05,63.23401214219347,81.15382602489039,nan,0.3201661028730737,nan
251.09,175.9252166748047,-186.8912353515625,-39.4569091796875,176.49176486390746,-186.65800493521772,-39.4773220678742,0.6130170990177328,0.3620118825331683,0.05002312296449453,3.5719740457277925e-05,63.09911153340357,82.10515617063056,nan,nan,nan
251.1,175.91940307617188,-186.89974975585938,-39.45832443237305,176.51130637988,-186.67698368973606,-39.47824599634751,0.6327488521268538,0.3619405570014069,0.05001926022131973,3.5000275332349805e-05,62.44076919834635,80.79756726576515,6.6215650639510155,0.3619306099830494,nan
251.11,175.91354370117188,-186.9082489013672,-39.459712982177734,176.50562768624437,-186.6852861341802,-39.479830180703644,0.6329933195599599,0.36199392978991196,0.05003350912511558,3.570510966999642e-05,62.30046817650214,81.41847209380525,nan,nan,nan
251.12,175.9076690673828,-186.91676330566406,-39.4610710144043,176.49985172592432,-186.6935292437405,-39.47896257084859,0.6331144093070186,0.3620473888380674,0.050047818545391025,3.500747052600361e-05,59.976398760524965,78.4838230448915,nan,4.1499996953261125,nan
251.13,175.90174865722656,-186.92527770996094,-39.46240234375,176.49411102586606,-186.70183166715785,-39.48046918092257,0.6333622347677339,0.36210093639093677,0.05006219032410431,3.57127110421878e-05,59.84034246807673,78.09341933028682,nan,nan,nan
251.14000000000001,175.89581298828125,-186.93377685546875,-39.463706970214844,176.4883412432891,-186.7101356366409,-39.48200928504617,0.6335930101174216,0.3621545705363178,0.05007662295579858,3.5014873906855654e-05,60.13050062318891,79.7697009099107,nan,0.002482739973187904,nan
251.15,175.88987731933594,-186.94229125976562,-39.464988708496094,176.48962743984367,-186.71864098228926,-39.48347503202801,0.6403603655927073,0.36208315192191287,0.050072799279647244,3.569848839452602e-05,60.66769370192249,78.65430825652133,0.8392560977041653,nan,nan
251.16,175.88401794433594,-186.95079040527344,-39.46623992919922,176.4838285795454,-186.7268731987619,-39.482111439018745,0.6404401754311247,0.3621365509624301,0.05008726490090691,3.5001283645335646e-05,58.152669288338416,77.31199814076483,nan,5.517259604689394,nan
251.17000000000002,175.8782501220703,-186.9593048095703,-39.467472076416016,176.4781814873944,-186.73517000562836,-39.483491265838104,0.6406330212122002,0.3621900383248324,0.050101793023540266,3.57064521492223e-05,58.006113535068394,76.3402524251304,nan,nan,nan
251.18,175.87258911132812,-186.9678192138672,-39.46867370605469,176.4725950612189,-186.7434356059595,-39.48344197174442,0.6407598965864553,0.3622436122673688,0.05011638232790416,3.500902271699002e-05,56.91220425077405,75.35083691727024,nan,1.3938677813026878,nan
251.19,175.86703491210938,-186.97633361816406,-39.46985626220703,176.4671487353997,-186.75173289938965,-39.484760691097215,0.6409401109141505,0.36229727477905554,0.05013103437897044,3.5714590258084865e-05,56.765234320665584,75.33579936282167,nan,nan,nan
251.20000000000002,175.861572265625,-186.98483276367188,-39.471012115478516,176.45290283093007,-186.76281875587858,-39.48469657850661,0.6317826538049474,0.36222576153161357,0.050127243754478586,3.499574418249358e-05,54.50110848492181,74.60803483432639,4.230292806943355,1.2658165678589528,nan
251.21,175.85623168945312,-186.99334716796875,-39.472145080566406,176.44765766924897,-186.7711386078545,-39.485956575884,0.6319431075408809,0.362279188620979,0.05014192808475518,3.5700833145232505e-05,54.35544125391457,73.86879360031872,nan,nan,nan
251.22,175.8509979248047,-187.00186157226562,-39.47325897216797,176.44253223365158,-186.77947054312236,-39.48773862883929,0.632123618324523,0.36233270227325787,0.05015667391412202,3.50037553640917e-05,54.864148638674955,74.54604644339541,nan,0.20894793788945862,nan
251.23000000000002,175.84585571289062,-187.0103759765625,-39.47434616088867,176.4374982518751,-186.7877916615152,-39.48896060294861,0.6322960170345792,0.3623863043178765,0.05017148264052017,3.570924341226822e-05,54.71909863619882,74.16075970017191,nan,nan,nan
251.24,175.8408203125,-187.01889038085938,-39.47541427612305,176.43255815888287,-186.7961055852176,-39.48977768203854,0.6324500386911858,0.36243999325278226,0.050186353193454214,3.5011899257239115e-05,54.49373982148755,74.16397809361949,nan,0.10399449099024954,nan
251.25,175.8358917236328,-187.02740478515625,-39.47645950317383,176.43531935379877,-186.80617214930516,-39.490896017738876,0.6391132731564819,0.3623683875619217,0.0501825924697459,3.569573871120915e-05,54.650454769376644,74.3051112893572,0.636317110133119,nan,nan
251.26000000000002,175.8310546875,-187.03591918945312,-39.47748565673828,176.43060286723332,-186.81449678154988,-39.492125299505005,0.6392966617178171,0.36242184083780404,0.05019749465391806,3.499896446515227e-05,54.79959899059903,74.43622041977473,nan,0.00384870172008706,nan
251.27,175.82630920410156,-187.04443359375,-39.47848892211914,176.4259817110207,-186.8228206791013,-39.493262039934194,0.6394823254037285,0.36247538233316284,0.05021245988881488,3.570436405070515e-05,54.653274852581966,74.2518286976615,nan,nan,nan
251.28,175.82167053222656,-187.05294799804688,-39.47947311401367,176.4214342976208,-186.8311272872865,-39.49343041526437,0.6396216133467654,0.36252901069441573,0.05022748725314372,3.500730678385582e-05,53.96930923622797,73.9503861841301,nan,0.6360506038137471,nan
251.29,175.81712341308594,-187.06146240234375,-39.48044204711914,176.41700204531776,-186.83945289255234,-39.49451977613418,0.6397974509955174,0.36258272752800114,0.050242577922213316,3.5713096505837896e-05,53.81798398749332,73.94522738911175,nan,nan,nan
251.3,175.81265258789062,-187.06997680664062,-39.481388092041016,176.41134817316484,-186.84895697077525,-39.49481826246271,0.63833105920858,0.36251102824141523,0.05023884142988158,3.4994555993900345e-05,53.03831052269587,73.08864155385142,0.3977979153372658,0.37045506048613525,nan
251.31,175.80828857421875,-187.07850646972656,-39.48231506347656,176.40709558688982,-186.8572912097314,-39.49586267037096,0.6385057300693192,0.362564509106679,0.050253962983990236,3.569985759831325e-05,52.89247531217138,72.44569504769235,nan,nan,nan
251.32,175.8040008544922,-187.08702087402344,-39.48322296142578,176.40289673611377,-186.86559834049118,-39.49529860254703,0.6386313776253348,0.3626180768084892,0.050269146959863134,3.500304975063011e-05,51.78223048720929,72.22168561041455,nan,1.7863403998836995,nan
251.33,175.7998046875,-187.09555053710938,-39.48411178588867,176.39881853909384,-186.87393500999812,-39.49629193762835,0.6388109206600069,0.36267173281600207,0.05028439440043964,3.5708740772385894e-05,51.638720075064384,71.31605857396876,nan,nan,nan
251.34,175.79568481445312,-187.10406494140625,-39.4849853515625,176.3947961900823,-186.8822497098071,-39.49591527458652,0.6389490594679537,0.36272547598181304,0.05029970458208645,3.501162140399579e-05,50.76141813799331,71.46698578987555,nan,1.2916283516913822,nan
251.35,175.79164123535156,-187.1125946044922,-39.48583984375,176.39646378489965,-186.8953963452991,-39.496913354150564,0.6427347997976676,0.3626536849168816,0.050295988732319316,3.569564200867227e-05,50.18672346059091,70.21183640971813,1.531882807067198,nan,nan
251.36,175.78768920898438,-187.12112426757812,-39.48667907714844,176.39263561421885,-186.90374571980942,-39.49744517699585,0.6429070657117284,0.36270719187484357,0.05031132909817738,3.499905209799727e-05,49.931140098641556,70.34383535492394,nan,0.1126124915864078,nan
251.37,175.7838134765625,-187.129638671875,-39.48749923706055,176.38889528994585,-186.91210305256095,-39.498356468596356,0.6430891275976078,0.3627607869758351,0.05032673309124222,3.5704634395928336e-05,49.785827588243684,71.26629182190264,nan,nan,nan
251.38,175.78001403808594,-187.13816833496094,-39.48830795288086,176.3852250966567,-186.92045527995555,-39.498850623536455,0.6432655343174302,0.36281446919863936,0.05034220010453766,3.5007723954582045e-05,49.52757027114928,70.15199074851189,nan,0.1137857105976824,nan
251.39000000000001,175.7762908935547,-187.14669799804688,-39.48909378051758,176.38163949554482,-186.92881532195156,-39.49972713280922,0.6434538512238609,0.36286823982291866,0.05035773100676365,3.5713686085624655e-05,49.38691823629344,70.05228619612288,nan,nan,nan
251.4,175.77264404296875,-187.1552276611328,-39.4898681640625,176.37061084774354,-186.9308704348337,-39.498550516107144,0.6387298707922003,0.36279635617014117,0.0503540304017756,3.499524853432293e-05,49.08270097045164,69.31045609940223,2.6599711735300073,2.6861033514297397,nan
251.41,175.76895141601562,-187.1637725830078,-39.4907341003418,176.36709554967032,-186.93921368410778,-39.49942914956897,0.6389669064840423,0.3628498902855205,0.05036959070663691,3.5700712050265986e-05,48.922683622214215,68.54329816089736,nan,nan,nan
251.42000000000002,175.7651824951172,-187.17230224609375,-39.49168395996094,176.36350859506857,-186.9475467845142,-39.49962348515987,0.6391965076979439,0.36290351148140904,0.05038521430125388,3.500398701880369e-05,48.480455374050685,68.71399000609038,nan,0.4239993584492468,nan
251.43,175.76136779785156,-187.1808319091797,-39.49272537231445,176.3598800371547,-186.95589261606,-39.50067460777171,0.6394355139724478,0.36295722092216604,0.05040090195228673,3.570982952707509e-05,48.323027257279904,68.94045568947115,nan,nan,nan
251.44,175.7574920654297,-187.1893768310547,-39.49385452270508,176.3561604641511,-186.9642121824865,-39.4998962041977,0.6396401117094965,0.36301101775973527,0.0504166532052955,3.501276533714585e-05,47.4734726710931,67.05020975516936,nan,2.595845630330434,nan
251.45000000000002,175.75357055664062,-187.19790649414062,-39.49506759643555,176.35006334795676,-186.96811968544907,-39.501145403668886,0.6392515680712352,0.36293904301997815,0.050412963910697425,3.569691835673635e-05,48.192218217096105,68.39068142067165,1.6233071981411036,nan,nan
251.46,175.7495880126953,-187.20645141601562,-39.496368408203125,176.346196141441,-186.97639934406635,-39.49859360797684,0.6394295634451191,0.3629926031065057,0.050428743815404874,3.5000359567775894e-05,47.17712886853861,66.34699107309113,nan,10.449995726917699,nan
251.47,175.74554443359375,-187.21499633789062,-39.49774932861328,176.34234441688278,-186.98473271287267,-39.499935921124624,0.6396845615199792,0.3630462512850449,0.05044458794566385,3.5706072516160537e-05,47.04850574315572,66.10533112754072,nan,nan,nan
251.48000000000002,175.741455078125,-187.22352600097656,-39.49921798706055,176.3384120551489,-186.99304613919276,-39.49977442753425,0.6399053904534546,0.3630999868123034,0.05046049593564242,3.5009171165222014e-05,46.79871311410239,67.13069416656583,nan,1.7802252139522026,nan
251.49,175.73731994628906,-187.23207092285156,-39.50076675415039,176.33445511227524,-187.00138122684487,-39.50126887668002,0.6401471662266657,0.36315381069533764,0.05047646841952552,3.571525367581165e-05,46.674973092576906,66.19103681398659,nan,nan,nan
251.5,175.73312377929688,-187.24061584472656,-39.50239562988281,176.33250569503417,-187.01854162859863,-39.50353616644678,0.6392002340467368,0.36308174434730517,0.05047278524511194,3.4996798989246524e-05,45.05630906045298,65.5534706010412,7.488298595198589,0.45105456293595125,nan
251.51000000000002,175.7288818359375,-187.24916076660156,-39.50410461425781,176.32845119672444,-187.02691360170851,-39.50520060469595,0.6394360186074154,0.36313533118629093,0.05048878556413471,3.5702372736262345e-05,44.93008664353535,65.60539921021021,nan,nan,nan
251.52,175.72459411621094,-187.25770568847656,-39.50589370727539,176.32434614135266,-187.0352863336392,-39.506945710065104,0.639667075733731,0.3631890057053058,0.05050485019880772,3.6422269874984174e-05,44.80388735409407,65.66291605577284,nan,nan,nan
251.53,175.72024536132812,-187.26625061035156,-39.50776290893555,176.32019121296858,-187.04365982860395,-39.50877062429504,0.6399083500860503,0.36324276804885003,0.050520979293631155,3.7156634905612e-05,44.67884259207178,65.3710588519279,nan,nan,nan
251.54,175.7158660888672,-187.27479553222656,-39.509708404541016,176.31598232820326,-187.0520304822279,-39.510378473130146,0.6401282818370788,0.36329661797021007,0.050537172787732405,3.6373650660668084e-05,44.54062943396297,65.68222333074813,nan,0.05721133438939905,nan
251.55,175.71142578125,-187.28334045410156,-39.5117301940918,176.3251482833962,-187.0634380211807,-39.51233262437901,0.6519300212195791,0.3632244612518623,0.05053349153455716,3.708290887886988e-05,44.92101739560666,65.54658667930458,1.505166003955969,nan,nan
251.56,175.70693969726562,-187.29188537597656,-39.51382827758789,176.32084275636024,-187.07179480675873,-39.51268411511696,0.6521641923105789,0.3632780738874462,0.05054971206707758,3.630362831935721e-05,44.825627334131376,65.57232143621529,nan,1.9038418731850437,nan
251.57,175.702392578125,-187.30043029785156,-39.51595687866211,176.31651600357998,-187.08017104178597,-39.51477866800965,0.6524286242612775,0.36333177461469407,0.05056599745396837,3.703444932835013e-05,44.70659516201419,65.21983550024795,nan,nan,nan
251.58,175.69781494140625,-187.30897521972656,-39.51808547973633,176.31208805233197,-187.08850946565576,-39.51328743688546,0.6526558241060681,0.36338556286591056,0.05058234748178117,3.6257818235926526e-05,45.182574287691416,66.08780160450098,nan,8.521646329038182,nan
251.59,175.6931915283203,-187.31753540039062,-39.52018737792969,176.30766792336934,-187.09688622089786,-39.51534889424576,0.6529094205229664,0.3634394394750426,0.05059876263646055,3.6987435984166545e-05,45.062409003669394,64.97915781172955,nan,nan,nan
251.6,175.6885223388672,-187.32608032226562,-39.52225875854492,176.31991582099343,-187.11228111167924,-39.51734401941159,0.666627321957038,0.36336719207943685,0.05059507825726851,3.619084339289886e-05,44.935986193133424,66.09726329233293,3.2000802378999076,0.002795626232419422,nan
251.61,175.6837921142578,-187.33462524414062,-39.524295806884766,176.31543254503572,-187.12067257564115,-39.51934386127578,0.6669107136016481,0.3634208311148164,0.050611519597661636,3.6918409480989983e-05,44.81321794708815,65.74253366442862,nan,nan,nan
251.62,175.6790313720703,-187.34317016601562,-39.52629089355469,176.31090422136958,-187.12906436683363,-39.5212910740612,0.6671803272878376,0.3634745576154085,0.05062802581232821,3.614788802445235e-05,44.72012406013779,65.96422758813267,nan,0.00017638593253268346,nan
251.63,175.67422485351562,-187.3517303466797,-39.52824783325195,176.30633195784708,-187.13745671451008,-39.52321714068434,0.6674562822066783,0.3635283723309408,0.050644597327322634,3.687439108304514e-05,44.59775281679906,64.82791893877908,nan,nan,nan
251.64000000000001,175.66937255859375,-187.3602752685547,-39.53016662597656,176.30171091575613,-187.14584609164206,-39.52474454253203,0.6677282896801127,0.363582274820207,0.05066123401894444,3.6106343560073175e-05,44.60587705045187,65.88319809374421,nan,0.0864647582742471,nan
251.65,175.66448974609375,-187.3688201904297,-39.53205108642578,176.3418238041378,-187.16889009402152,-39.52652289921687,0.7062464375060601,0.3635099378165457,0.05065754214250727,3.680856765814213e-05,45.02673585385132,66.75203393731545,16.551990448140955,nan,nan
251.66,175.6595458984375,-187.37738037109375,-39.53389358520508,176.337175160312,-187.1772902783422,-39.526814243091344,0.7065886914256853,0.3635636024877055,0.0506742041779331,3.6043898524442343e-05,45.471505900852996,65.889119992882,nan,1.533645085619808,nan
251.67000000000002,175.65457153320312,-187.38592529296875,-39.535701751708984,176.33250449434442,-187.18570399024773,-39.52857320489416,0.7069175949463964,0.36361735523448213,0.050690931687513714,3.67675536650671e-05,45.344175439082875,67.04552249306458,nan,nan,nan
251.68,175.64955139160156,-187.3944854736328,-39.537471771240234,176.3192554196931,-187.22404985632284,-39.530650200656765,0.6910848853180623,0.3635827447307652,0.04962179379582408,3.600469016108382e-05,53.81943726699048,74.43930950450256,nan,0.09346212619276834,0.8248555547447115
251.69,175.64450073242188,-187.4030303955078,-39.539207458496094,176.31448194637522,-187.23251967948266,-39.53234283439279,0.6913724426052082,0.36363625931834725,0.049634598933687275,3.672745661823205e-05,53.65539123282963,75.58230539416375,nan,nan,nan
251.70000000000002,175.63938903808594,-187.4115753173828,-39.54091262817383,176.34622608628544,-187.25280596828858,-39.53223851832516,0.724500903450685,0.36356492078828373,0.04963024032460258,3.5945309915981715e-05,54.845732186139216,76.77206749958573,11.36437191152515,1.8132182433649595,nan
251.71,175.63424682617188,-187.42013549804688,-39.542579650878906,176.34143155439924,-187.26129105493558,-39.53384550740792,0.7248572840273557,0.3636182009677607,0.049643081685529666,3.666635675325459e-05,54.68454376557762,75.75942225409307,nan,nan,nan
251.72,175.6290740966797,-187.42868041992188,-39.544212341308594,176.33660438108356,-187.2698089164116,-39.53658273161919,0.7251878852547499,0.3636715679878449,0.04965598007904981,3.5909531777551685e-05,54.072135589878975,76.40515969411071,nan,0.905835700125671,nan
251.73000000000002,175.6238555908203,-187.43724060058594,-39.545814514160156,176.33173094478872,-187.2782939820715,-39.53813691594692,0.7255415148751968,0.36372502210389757,0.04966893802977887,3.6629824865354296e-05,53.91198564224214,75.15022438249653,nan,nan,nan
251.74,175.61859130859375,-187.44578552246094,-39.547386169433594,176.32682744516035,-187.28682148170375,-39.54120156959187,0.7258830764440192,0.3637785633555395,0.04968195336346371,3.5875155913049755e-05,53.21769977808401,75.4723416565451,nan,1.5960202379986117,nan
251.75,175.61329650878906,-187.454345703125,-39.54892349243164,176.33751148981233,-187.30425827846653,-39.542617477482665,0.7396305426384696,0.36370713643124103,0.04967766266795072,3.65718459116183e-05,52.42375329745515,74.74760120259893,5.342545824605596,nan,nan
251.76000000000002,175.60797119140625,-187.462890625,-39.55043029785156,176.33254944969275,-187.31276829275953,-39.54407076373639,0.7399937909827196,0.36376044302022276,0.04969071384151388,3.5820202438375585e-05,52.31255667949226,75.88679066357751,nan,0.00033423621595485737,nan
251.77,175.60260009765625,-187.471435546875,-39.551910400390625,176.32755005589215,-187.32127882372845,-39.545516590566024,0.7403650209568327,0.3638138366020444,0.0497038247172919,3.653825037173366e-05,52.15042585839507,75.6428515989533,nan,nan,nan
251.78,175.59718322753906,-187.47999572753906,-39.5533561706543,176.32250507883572,-187.32974584197999,-39.545270633683565,0.7407645995773748,0.36386731723676186,0.04971699336300215,3.57886339799845e-05,52.711192125182855,75.10825157407585,nan,1.8657866571600639,nan
251.79,175.59173583984375,-187.48854064941406,-39.55477523803711,176.31743203938146,-187.3382563819977,-39.54664283561342,0.7411386314486166,0.36392088514821497,0.04973022194332764,3.650608743841367e-05,52.54501450927339,76.1835661843762,nan,nan,nan
251.8,175.5862579345703,-187.49710083007812,-39.55616760253906,176.29599821460428,-187.34769504845903,-39.54800898088098,0.7253412409282058,0.36384937007071266,0.049725992938118024,3.5736588820558526e-05,50.8706247204188,74.60712199116342,8.829232207475892,0.013981849815843392,nan
251.81,175.58074951171875,-187.50564575195312,-39.55752944946289,176.29082823372585,-187.35622916142862,-39.54932818579952,0.7256751130477588,0.36390270305654926,0.049739256825287056,3.6452604482420454e-05,50.69979702435595,75.74703648705567,nan,nan,nan
251.82,175.5751953125,-187.5142059326172,-39.558868408203125,176.28561931532548,-187.36474330556106,-39.549810823351045,0.7260326304791289,0.36395612301057256,0.04975257885618124,3.5707761496882e-05,51.003595512065615,74.78577793326367,nan,0.4449268338572236,nan
251.83,175.56961059570312,-187.5227508544922,-39.560176849365234,176.2803795100772,-187.37327740471144,-39.55106955564059,0.7263729790051798,0.36400963014012183,0.049765960976614246,3.6423286005818116e-05,50.83109043347193,75.90321225166582,nan,nan,nan
251.84,175.56402587890625,-187.5312957763672,-39.561458587646484,176.27513318314269,-187.381843977416,-39.553661178941354,0.7266844142615638,0.36406322453075823,0.049779401580052646,3.5680268281368106e-05,50.10504056515765,75.10506498665796,nan,1.2527634012667168,nan
251.85,175.5585174560547,-187.53985595703125,-39.56271743774414,176.28368933799666,-187.39531088975323,-39.5550089091457,0.7394774886680628,0.36399162170849214,0.04977523210022509,3.637272855982563e-05,50.02803751906574,74.38553535009495,2.3135261352376575,nan,nan
251.86,175.55308532714844,-187.54840087890625,-39.56394958496094,176.27856843919196,-187.40386320345826,-39.556650485760926,0.73977710314215,0.36404498091918003,0.0497887075643654,3.563238109044933e-05,49.73360567784017,75.23015765357799,nan,0.13259448837079865,nan
251.87,175.54774475097656,-187.5569610595703,-39.56515884399414,176.27353542447625,-187.4124052264133,-39.55783139350091,0.7400825509154879,0.3640984272050266,0.04980224327789496,3.6346167144172594e-05,49.56343518644953,73.90477051888146,nan,nan,nan
251.88,175.54251098632812,-187.5655059814453,-39.566341400146484,176.26859770163227,-187.4209336932384,-39.55839330993913,0.74038249357781,0.3641519606647575,0.049815837831323276,3.560751618966372e-05,49.70415988188495,75.39993068783927,nan,0.2420032388530454,nan
251.89000000000001,175.53736877441406,-187.57406616210938,-39.5675048828125,176.26376278611122,-187.4294758352419,-39.55952235181972,0.7406877504415583,0.3642055814853889,0.049829492877123675,3.63209434801132e-05,49.53285086098027,73.96733215308785,nan,nan,nan
251.9,175.53233337402344,-187.58261108398438,-39.568641662597656,176.25142654689637,-187.44119959897188,-39.56042700707359,0.7329117818204849,0.3641338912020928,0.04982537712941223,3.5562312393963646e-05,48.24448781301855,75.12418757996699,4.994879238369185,0.021100593195456332,nan
251.91,175.52740478515625,-187.59115600585938,-39.56975555419922,176.24678151578587,-187.44976606351776,-39.561509431432,0.7331861938876224,0.36418727658339234,0.049839066463863956,3.627453596610897e-05,48.06476483928602,75.14648074660151,nan,nan,nan
251.92000000000002,175.52256774902344,-187.59971618652344,-39.57085037231445,176.24223483275853,-187.45833106962908,-39.56248223909888,0.7334715320614102,0.36424074904977904,0.049852814982966384,3.553997922409187e-05,48.00811415858665,73.87220011248556,nan,0.005323282422738172,nan
251.93,175.517822265625,-187.60826110839844,-39.57191848754883,176.23778534534395,-187.46689829640943,-39.563521285210065,0.7337579940136638,0.3642943087779578,0.04986662416272332,3.625192973073794e-05,47.82780247628245,74.98095014245452,nan,nan,nan
251.94,175.51318359375,-187.6168212890625,-39.572967529296875,176.23343341959128,-187.47548169259264,-39.565305626194856,0.7340268373253125,0.36434795588261326,0.049880492856516516,3.551887222128096e-05,47.38319238388698,73.59600181165108,nan,0.4019428828599487,nan
251.95000000000002,175.5086212158203,-187.62538146972656,-39.573997497558594,176.21339676884517,-187.48587911458333,-39.56624667389389,0.7184911707874267,0.36427617851298055,0.04987642807477664,3.6208179386634924e-05,45.62916022159791,72.88619087546454,8.388527792234973,nan,nan
251.96,175.50416564941406,-187.63392639160156,-39.57500457763672,176.20919749322312,-187.49443043392992,-39.56507115053341,0.7187681795722023,0.3643295899246821,0.049890330550852874,3.547744999369648e-05,46.59495830725537,75.46276955299757,nan,3.2060159414897575,nan
251.97,175.49978637695312,-187.64248657226562,-39.575992584228516,176.20509431580118,-187.50302556454827,-39.5660152827736,0.7190328280544288,0.36438308849952933,0.04990429385975616,3.618807886879235e-05,46.412956944732116,73.95511495739228,nan,nan,nan
251.98000000000002,175.49549865722656,-187.6510467529297,-39.576961517333984,176.20107552489898,-187.5115937812972,-39.565524789685014,0.7193167912893966,0.3644366743601368,0.049918317012113925,3.545872593880879e-05,47.19938717606076,74.92073189497444,nan,1.3782529365548288,nan
251.99,175.4912872314453,-187.6595916748047,-39.577911376953125,176.1971467581157,-187.5201901907022,-39.566417505295064,0.7195849875080907,0.3644903476709561,0.04993240124964824,3.6169188974911266e-05,47.0094791522859,75.91064495305285,nan,nan,nan
252.0,175.48716735839844,-187.66815185546875,-39.57884216308594,176.18682987978187,-187.52898934648147,-39.56825335498978,0.7134465436128712,0.3644184835256121,0.04992838197747285,3.541970821391517e-05,45.90444410726505,74.16761047538529,1.634932769100526,0.8136420074758076,nan
252.01000000000002,175.48313903808594,-187.6767120361328,-39.57975387573242,176.18305839796318,-187.5375952374218,-39.56911835813426,0.7136902046750722,0.36447192088721087,0.049942499386252226,3.6129157369367035e-05,45.718254737069664,74.28413702267623,nan,nan,nan
252.02,175.47918701171875,-187.68527221679688,-39.58064651489258,176.17937373016784,-187.54624779505156,-39.572483547129906,0.7139018592053243,0.36452544544259025,0.04995667695684614,3.5403252999868126e-05,44.318755457532696,72.97329380151108,nan,4.372421477855592,nan
252.03,175.47531127929688,-187.69383239746094,-39.581520080566406,176.17576313201684,-187.55485540779057,-39.57333899662548,0.714152877030624,0.36457905735027524,0.04997091579166979,3.611260585721276e-05,44.139655240810015,72.90977958804457,nan,nan,nan
252.04,175.47149658203125,-187.702392578125,-39.58237838745117,176.1722285631534,-187.5634458053859,-39.57314932041213,0.7144345251318636,0.36463275674206896,0.04998521510904704,3.538789242473291e-05,44.54445626780013,73.13760898439665,nan,0.730399716840983,nan
252.05,175.4677734375,-187.71095275878906,-39.583221435546875,176.12546475521216,-187.55488182039102,-39.573993268964806,0.6760186138449705,0.364560806175399,0.04998123808989945,3.607492281184156e-05,44.64316090793602,72.42683099037666,17.567663255801648,nan,nan
252.06,175.46412658691406,-187.71951293945312,-39.58404541015625,176.12201381416574,-187.56347383506207,-39.575634692420884,0.6761912052466279,0.3646142693654441,0.049995570014732,3.535221958100057e-05,44.13425523586939,72.15249218124822,nan,0.493092010101973,nan
252.07,175.46055603027344,-187.7280731201172,-39.58485412597656,176.1186350159118,-187.5720525731614,-39.57642464405284,0.6763737270006099,0.36466781981005525,0.050009963385686994,3.6060585461868374e-05,43.954405992646365,72.1656338992153,nan,nan,nan
252.08,175.45704650878906,-187.7366485595703,-39.58564376831055,176.11532706052267,-187.5806196603394,-39.5764213895655,0.6765821121309905,0.3647214576453237,0.05002441754381425,3.533896022724484e-05,44.24564676350769,71.31900279520819,nan,0.41912783343708954,nan
252.09,175.45361328125,-187.74520874023438,-39.58641815185547,176.11209090707175,-187.58920052093782,-39.57717363814124,0.6767693914693077,0.36477518302314127,0.05003893340852977,3.604731431527023e-05,44.0612534020919,72.58271747432995,nan,nan,nan
252.1,175.4502410888672,-187.75376892089844,-39.587181091308594,176.10357536985782,-187.60195641454663,-39.57806514869233,0.670802370458057,0.3647031463614509,0.05003499344246544,3.530538684545746e-05,42.71852950632914,72.24711848101347,4.697694505613119,0.0063380405916292045,nan
252.11,175.4469451904297,-187.76234436035156,-39.58792495727539,176.10046871810417,-187.61056392077637,-39.5787904951653,0.6709796878145982,0.36475663528401897,0.05004954126465951,3.601287725419457e-05,42.536042382095,71.29374781806816,nan,nan,nan
252.12,175.44357299804688,-187.77090454101562,-39.58876037597656,176.0973669154672,-187.61919720213197,-39.581186132568654,0.6712071008937432,0.36481021150278503,0.05006415016866329,3.529410710753307e-05,41.70196063774099,71.50793019461176,nan,1.8481464440685982,nan
252.13,175.44015502929688,-187.77947998046875,-39.58968734741211,176.09420205301583,-187.62780660681187,-39.58205719770059,0.6714466030122633,0.3648638751667018,0.05007882096648422,3.6001640925220065e-05,41.553120111741215,70.50790302368591,nan,nan,nan
252.14000000000001,175.43667602539062,-187.78805541992188,-39.590702056884766,176.09097415513958,-187.6363779282152,-39.58035472371747,0.6717284952918675,0.36491762641642966,0.05009355315945643,3.528377963890285e-05,42.83023324197783,71.95625160865994,nan,4.927460540401718,nan
252.15,175.43313598632812,-187.796630859375,-39.591800689697266,176.12025675978964,-187.6529290848524,-39.58132181041531,0.7020647863511632,0.3648455040031772,0.05008964659722302,3.596922893408892e-05,43.652826094306036,72.71307048259587,8.886174374109817,nan,nan
252.16,175.42953491210938,-187.80519104003906,-39.592987060546875,176.1169646095893,-187.66152330748227,-39.58099549578394,0.702384370541386,0.36489901854652007,0.050104410129281525,3.525309106169633e-05,44.53730035629833,74.86702317513078,nan,1.4362580934214848,nan
252.17000000000002,175.42587280273438,-187.8137664794922,-39.594261169433594,176.11361571855736,-187.670138580364,-39.582178441458055,0.702684341641394,0.3649526204375577,0.05011923574420315,3.595989979166302e-05,44.38002269725827,73.50494845307952,nan,nan,nan
252.18,175.4221649169922,-187.8223419189453,-39.595619201660156,176.11020938409982,-187.67875277561228,-39.58330661737823,0.7029755547188228,0.3650063098188166,0.05013412303672878,3.524456999112454e-05,44.482758371818406,73.99507545515627,nan,0.01379242375692589,nan
252.19,175.41839599609375,-187.83091735839844,-39.59706115722656,176.10674656640265,-187.6873697337204,-39.584659235370864,0.7032682531303448,0.3650600868363587,0.05014907267946814,3.5951486736672474e-05,44.321418674871595,73.90598034780105,nan,nan,nan
252.20000000000002,175.41456604003906,-187.83949279785156,-39.59858322143555,176.1038982541586,-187.69634819827098,-39.586215983556,0.704146452369668,0.36498787900588264,0.05014519451000268,3.521567101459155e-05,44.31691795716392,74.07545351035456,0.4155628039428938,0.0003735670804675422,nan
252.21,175.41067504882812,-187.8480682373047,-39.600189208984375,176.1003249946064,-187.70496754628874,-39.58773774315436,0.7044500652867802,0.3650414190660422,0.05016017480303101,3.5921839792596036e-05,44.15298393568846,73.85275598689441,nan,nan,nan
252.22,175.40675354003906,-187.8566436767578,-39.601871490478516,176.09669674732783,-187.7135801729296,-39.588757932401165,0.7047416269931553,0.3650950465200177,0.05017521704716966,3.5208834839818504e-05,44.58288755641456,75.04239873486223,nan,0.23756059033189367,nan
252.23000000000002,175.4027557373047,-187.865234375,-39.6036376953125,176.09301469412577,-187.72220055767605,-39.59043684358637,0.7050463551116954,0.36514876151286235,0.0501903218344217,3.5915154470067716e-05,44.41753981825572,73.20885921147091,nan,nan,nan
252.24,175.39871215820312,-187.87380981445312,-39.6054801940918,176.0892791941719,-187.73082119516644,-39.59217185806609,0.7053408312439996,0.36520256418868197,0.0502054888799325,3.520280743980935e-05,44.460136889117436,74.85693842923747,nan,0.0004006224340241985,nan
252.25,175.39462280273438,-187.88238525390625,-39.60740280151367,176.08510567647295,-187.7399356474707,-39.5940806567543,0.7051496074173991,0.3651302712797839,0.050201635145913866,3.5887213292123584e-05,44.20259921299957,74.84079272098442,0.27111753266429195,nan,nan
252.26000000000002,175.39047241210938,-187.89096069335938,-39.60940170288086,176.081264747692,-187.74856474495087,-39.596395120649156,0.7054359136053332,0.3651838367487055,0.050216832171503786,3.5176337608714913e-05,43.93061930717506,74.56615365423927,nan,0.10998091019613167,nan
252.27,175.3862762451172,-187.8995361328125,-39.61147689819336,176.07737221755164,-187.75718953617564,-39.59839413193646,0.7057247023182279,0.36523748965885955,0.05023209193396109,3.5882131403662257e-05,43.75563178033589,74.5807990729604,nan,nan,nan
252.28,175.38201904296875,-187.9081268310547,-39.61358642578125,176.0734287251456,-187.76581881985962,-39.600838436019785,0.7060180096152879,0.36529123015470644,0.050247414217472995,3.5171826136053195e-05,43.474414118340746,73.11665156097716,nan,0.10548549102412831,nan
252.29,175.37771606445312,-187.9167022705078,-39.615692138671875,176.0694348499649,-187.77444421004597,-39.602915492278235,0.7063111755376009,0.3653450583807474,0.05026279951091534,3.587781844294375e-05,43.26928265640322,74.34432987122551,nan,nan,nan
252.3,175.3733673095703,-187.92527770996094,-39.61777877807617,176.0640604581794,-187.79054169205972,-39.60443455917764,0.7038386805464883,0.3652726807308508,0.05025896533497454,3.514684692052459e-05,42.220823837013626,74.88307620316324,7.79175981088299,0.31647194335759427,nan
252.31,175.3689727783203,-187.93386840820312,-39.61983108520508,176.05996713867026,-187.79920189567767,-39.60646956979754,0.7041213004342272,0.3653262715013098,0.05027437988110173,3.585217776088905e-05,42.00181355554327,73.70842893377835,nan,nan,nan
252.32,175.36453247070312,-187.94244384765625,-39.62184524536133,176.05582522764718,-187.80786227864598,-39.60847176987819,0.7043981291621024,0.36537994975957944,0.05028985734621896,3.657181341087714e-05,41.777689093650174,74.98692732119528,nan,nan,nan
252.33,175.3600311279297,-187.95101928710938,-39.62382507324219,176.05163518694187,-187.81652284200032,-39.61043793132741,0.7046876497837453,0.36543371565015986,0.05030539787482642,3.730589837068886e-05,41.5576867819209,74.40908560762394,nan,nan,nan
252.34,175.35548400878906,-187.95960998535156,-39.62576675415039,176.04739790736417,-187.82517700886905,-39.61167944807151,0.7049932768473147,0.36548756931736337,0.05032100147048061,3.651079613179173e-05,42.058719735616435,73.76385596379077,nan,0.3061328615429377,nan
252.35,175.3509063720703,-187.9681854248047,-39.62767028808594,176.1074653597044,-187.84646909129782,-39.61360974788162,0.766416379263333,0.3654151072645431,0.05031718265952484,3.721966195038725e-05,44.068693797331974,76.63746777256729,36.71322282363359,nan,nan
252.36,175.3462677001953,-187.9767608642578,-39.62953567504883,176.10323925065325,-187.8551169749408,-39.614867007729686,0.7668235349881836,0.3654687232284385,0.05033281478964228,3.6429151240188856e-05,44.53240870796891,76.97993392925326,nan,0.2276677735752076,nan
252.37,175.34158325195312,-187.9853515625,-39.63136291503906,176.09896717630608,-187.86377021951114,-39.61667330616396,0.7672211001009778,0.3655224267265716,0.05034851033186871,3.7159430686977375e-05,44.30505424089388,75.66946273197058,nan,nan,nan
252.38,175.3368682861328,-187.99392700195312,-39.63315200805664,176.094650505395,-187.87241148430843,-39.61705667556841,0.7676320554707866,0.3655762179026754,0.050364269188720806,3.6372401887607716e-05,45.48910377683746,78.44919461580689,nan,1.2559954636617576,nan
252.39000000000001,175.33209228515625,-188.00250244140625,-39.634910583496094,176.09028802348402,-187.88106469709751,-39.618778400039126,0.7680287434102171,0.365630096902186,0.05038009173438774,3.710136978263246e-05,45.251374226521456,77.79308495666116,nan,nan,nan
252.4,175.32728576660156,-188.01109313964844,-39.63663101196289,176.06672321860466,-187.88717602141443,-39.61982975787469,0.7499369838561081,0.3655575507839953,0.05037628349314345,3.629521165461811e-05,45.10230211386872,77.25003718144288,4.635150629497913,0.394460584811212,nan
252.41,175.32241821289062,-188.01966857910156,-39.6383171081543,176.0622417700731,-187.89583645103056,-39.62147861965453,0.7503044891240224,0.3656111918336975,0.050392133806519024,3.70220356453246e-05,44.85432235165598,78.08888538840766,nan,nan,nan
252.42000000000002,175.31752014160156,-188.0282440185547,-39.63996887207031,176.05771701828937,-187.904497661117,-39.6231923523997,0.7506570647437706,0.3656649204621478,0.050408047674596966,3.6242647722872174e-05,44.83193575746646,78.38680464131711,nan,0.006286623088769905,nan
252.43,175.3125762939453,-188.03683471679688,-39.6415901184082,176.05314960326427,-187.91315820422773,-39.62477698532355,0.751017568157381,0.36571873681552197,0.05042402542720814,3.6968327554421476e-05,44.586567476486174,76.80350037121292,nan,nan,nan
252.44,175.30760192871094,-188.04541015625,-39.6431770324707,176.0485394695331,-187.92182405786113,-39.627040872325914,0.7513470162174005,0.3657726410364118,0.05044006703328325,3.619211227500861e-05,44.00484977389346,77.84063107974113,nan,0.33329751244103173,nan
252.45000000000002,175.3025665283203,-188.05398559570312,-39.64473342895508,176.02690001328872,-187.9246250941492,-39.62862748022777,0.7359704738596328,0.36570001119249274,0.050436265008948336,3.6893501184794594e-05,43.702036305944276,76.87436565656793,2.5285070151317606,nan,nan
252.46,175.29750061035156,-188.0625762939453,-39.64625930786133,176.0221788533169,-187.93328325311566,-39.631071414966485,0.7362784244597107,0.3657536772177685,0.05045233361760672,3.6121323934785966e-05,42.931760353795276,75.06835555376449,nan,0.5902350268899554,nan
252.47,175.2924041748047,-188.07115173339844,-39.64775466918945,176.01741775246367,-187.94193468069165,-39.63255071909941,0.7365954755484523,0.365807430869062,0.05046846630603161,3.684403105040653e-05,42.691464617893416,76.29513715020384,nan,nan,nan
252.48000000000002,175.28724670410156,-188.07972717285156,-39.64921951293945,176.01261525767342,-187.95059343574593,-39.635139503161746,0.7369079367499929,0.3658612722880868,0.050484663079403864,3.6074825471911475e-05,41.78646240908401,75.14877930388757,nan,0.860861758664915,nan
252.49,175.2820587158203,-188.0883026123047,-39.65065383911133,176.0077741805301,-187.95924437817874,-39.63657213058478,0.737236229460874,0.36591520162238417,0.050500924213302385,3.679660882363904e-05,41.553376853701494,75.18306620234002,nan,nan,nan
252.5,175.27684020996094,-188.09689331054688,-39.652061462402344,176.01379766694146,-187.98331402782313,-39.64019741342531,0.7457528427846352,0.36584248838886246,0.05049712366328836,3.600818547359238e-05,38.04440709297694,72.94042382211279,16.390874341460613,3.112510048684741,nan
252.51000000000002,175.27157592773438,-188.10546875,-39.653438568115234,176.00889787518585,-187.9920191943275,-39.64159739474955,0.7460929360760649,0.36589617928314006,0.050513410995727065,3.672821261780558e-05,37.82659580055666,74.10634126674547,nan,nan,nan
252.52,175.2662811279297,-188.11404418945312,-39.65479278564453,176.00395615727794,-188.0007420861125,-39.646057531298894,0.7463766610859691,0.36594995784486245,0.0505297626380395,3.596559470331066e-05,36.004166434607235,72.08618472463858,nan,6.365340021417518,nan
252.53,175.2609405517578,-188.12261962890625,-39.6561164855957,175.9989807999043,-188.00944670897587,-39.647435019779564,0.7467174067466331,0.3660038242225172,0.05054617883660966,3.668483817661133e-05,35.811597057500364,72.01914282372175,nan,nan,nan
252.54,175.25563049316406,-188.13119506835938,-39.657413482666016,175.99400681045782,-188.01814154104915,-39.6470301200783,0.7470532110875385,0.3660577785563488,0.05056265964038644,3.592488934765996e-05,36.631234853910904,72.80955302947896,nan,2.0664170402753936,nan
252.55,175.25039672851562,-188.13978576660156,-39.658687591552734,175.96657310530702,-188.02251929141354,-39.648305754762895,0.7257877178708686,0.36598498227544196,0.05055885607995786,3.662057609033133e-05,35.816862977003964,70.76723134459601,4.453985180808952,nan,nan
252.56,175.24525451660156,-188.1483612060547,-39.65993118286133,175.96168999272476,-188.03122932883608,-39.65029675031021,0.7260113569354179,0.3660386979254564,0.050575362272898,3.586413242183571e-05,35.33324853115285,71.97636983371893,nan,0.33566412258234424,nan
252.57,175.24020385742188,-188.1569366455078,-39.661155700683594,175.95689756957088,-188.0399355097558,-39.651563648265906,0.7262445526616865,0.3660925012915909,0.050591933216531805,3.658109636032652e-05,35.13209065876975,71.37677817120317,nan,nan,nan
252.58,175.23524475097656,-188.16551208496094,-39.662353515625,175.9521981450338,-188.0486475595786,-39.65403203902902,0.7264631673497123,0.3661463925131358,0.05060856898296439,3.582712955434668e-05,34.42225144018588,70.77685444465,nan,1.010467121214589,nan
252.59,175.23037719726562,-188.17408752441406,-39.66352462768555,175.94759667829263,-188.05735385145144,-39.655264468374845,0.7267040419591901,0.36620037174006664,0.050625269783884694,3.6543491194060787e-05,34.22981028274588,70.75395732737123,nan,nan,nan
252.6,175.22561645507812,-188.1826629638672,-39.664676666259766,175.91952330750792,-188.06582126446213,-39.65623347475846,0.7037257918050248,0.3661274927459487,0.05062145850917732,3.577013005948996e-05,32.87990743499257,70.35597481011995,8.287123831178917,0.045767512029580126,nan
252.61,175.220947265625,-188.1912384033203,-39.665802001953125,175.91507528453792,-188.0745477876821,-39.657418961309325,0.7039180930963755,0.3661812330467049,0.05063818385839197,3.648505408511703e-05,32.68670680726432,70.38596144257998,nan,nan,nan
252.62,175.21636962890625,-188.1998291015625,-39.666908264160156,175.91072150311518,-188.08327253893324,-39.65810710540632,0.7041217351458602,0.3662350611016456,0.05065497424221437,3.5736671830211713e-05,32.8047450857952,68.96798386654785,nan,0.15303805944615295,nan
252.63,175.21188354492188,-188.20840454101562,-39.667991638183594,175.90645891813517,-188.09199945673097,-39.65924474967352,0.7043164067237929,0.3662889770616665,0.05067182985436493,3.6451108476291386e-05,32.610806054103236,70.16748387264406,nan,nan,nan
252.64000000000001,175.20748901367188,-188.21697998046875,-39.66905212402344,175.90228353869622,-188.10073380996582,-39.66229449975251,0.7044843998600644,0.3663429810646231,0.050688750793929836,3.570491748642948e-05,31.665910017921483,69.39432570709319,nan,2.5329496076789995,nan
252.65,175.2031707763672,-188.22555541992188,-39.67009353637695,175.87473804611355,-188.10592450818157,-39.663300301014935,0.6821732191203949,0.3662700197023378,0.05068492723169408,3.639636673481805e-05,30.758902885486243,68.48561733039948,5.7228985374607175,nan,nan
252.66,175.19894409179688,-188.234130859375,-39.671112060546875,175.87070435687616,-188.11465573226113,-39.663624113850005,0.6823431901059783,0.36632378453739145,0.05070187186841964,3.565318425478849e-05,30.9399250571755,68.95052465092996,nan,0.4027556107859091,nan
252.67000000000002,175.19480895996094,-188.2427215576172,-39.67211151123047,175.86675458154755,-188.12339015228906,-39.664690200752176,0.682499801110758,0.366377637176721,0.05071888192537325,3.636590621051047e-05,30.760548162158468,67.56075955663647,nan,nan,nan
252.68,175.1907501220703,-188.2512969970703,-39.673091888427734,175.84366300038715,-188.1345976074296,-39.66465633922498,0.6633137513310313,0.36092149503411536,0.050644590237820745,3.5624452675942835e-05,41.19856484732775,79.15071963767556,nan,0.7889842113072246,0.06709108874138599
252.69,175.186767578125,-188.25987243652344,-39.674049377441406,175.83987164790707,-188.14334881197013,-39.665673668722235,0.6634702958998975,0.36097160437472714,0.05066057208525066,3.6336826373170054e-05,40.96360689959958,79.1817827314934,nan,nan,nan
252.70000000000002,175.18287658691406,-188.26846313476562,-39.674991607666016,175.83327009471228,-188.16026702079617,-39.66576058386298,0.6593961827798279,0.3609054243626042,0.05065662407824479,3.5576050394776134e-05,39.37312874926903,78.61488123012727,13.990969888028342,0.5767286943971162,nan
252.71,175.17906188964844,-188.27703857421875,-39.6759147644043,175.82962400651886,-188.1690597883419,-39.66673279861443,0.6595261894740208,0.3609553168070799,0.050672626597213305,3.6287243095581784e-05,39.132069253176354,79.82888984198128,nan,nan,nan
252.72,175.17530822753906,-188.28562927246094,-39.676815032958984,175.8260368891338,-188.1778567135253,-39.668185585515694,0.6596492877609997,0.3610052938503476,0.05068868754936868,3.555074754670126e-05,38.73906608601308,78.21087059275922,nan,0.16971151096747378,nan
252.73000000000002,175.17164611816406,-188.29420471191406,-39.677703857421875,175.82254291872638,-188.18665096187078,-39.66912787611057,0.6597787519965241,0.3610553593683488,0.05070480722225667,3.6261691442504615e-05,38.504313658348444,79.309482429526,nan,nan,nan
252.74,175.1680450439453,-188.30279541015625,-39.67856979370117,175.81919507774933,-188.19543216866614,-39.66800539817498,0.6600263923503866,0.36110550982977824,0.05072098562353822,3.552694674299197e-05,39.45387198081011,79.11259402898096,nan,2.872290912754729,nan
252.75,175.16452026367188,-188.31137084960938,-39.679420471191406,175.80676087581836,-188.1988669076249,-39.668877969620695,0.6521052715564408,0.3610392573525506,0.05071703869518862,3.62153354093493e-05,39.67374234590743,80.0158218565515,1.5048102787194433,nan,nan
252.76000000000002,175.16107177734375,-188.31996154785156,-39.68025588989258,175.80340516986772,-188.20766048397854,-39.67164851600693,0.6521332708761045,0.36108919075763807,0.050733237275236244,3.548314798178116e-05,38.52959357103481,77.64294720451451,nan,2.4739647886230336,nan
252.77,175.15768432617188,-188.32855224609375,-39.68107223510742,175.80018482079507,-188.21644269654354,-39.672523828365556,0.6522641427743997,0.3611392124347146,0.05074949482784304,3.619282802862878e-05,38.298692670509695,77.51670951332268,nan,nan,nan
252.78,175.15435791015625,-188.33714294433594,-39.6818733215332,175.79699489892488,-188.2252323677393,-39.67448677752503,0.6523502414502419,0.3611893190831918,0.05076581138470689,3.5462231054994995e-05,37.65718355638823,76.77007729656718,nan,0.8366736368218148,nan
252.79,175.15110778808594,-188.34571838378906,-39.682655334472656,175.79390934846023,-188.23401605556023,-39.67534221084216,0.6524758523720281,0.3612395142378897,0.05078218719777084,3.617177670979806e-05,37.43276978548754,78.42338944595433,nan,nan,nan
252.8,175.14793395996094,-188.35430908203125,-39.68342590332031,175.80105504063434,-188.24773001235758,-39.67859089161416,0.6617776223556483,0.361173185777925,0.05077823763019711,3.542130248555878e-05,36.314589188385554,76.37604611294164,1.2288302651341858,4.091042608177955,nan
252.81,175.14480590820312,-188.36289978027344,-39.684181213378906,175.79811538943687,-188.2565268409638,-39.67944048871897,0.6619297205576904,0.3612231635940959,0.0507946330937574,3.612986858507196e-05,36.11677643520728,75.88726619575645,nan,nan,nan
252.82,175.14173889160156,-188.37149047851562,-39.68491744995117,175.79525061066647,-188.2653226616738,-39.67991485686683,0.662098329725805,0.3612732264065849,0.050811087831995366,3.5403094118211e-05,36.04229944442554,76.19519625945874,nan,0.08993566293926734,nan
252.83,175.1387481689453,-188.3800811767578,-39.68564224243164,175.79243552146136,-188.2741213931218,-39.68073294901637,0.6622376701377427,0.3613233775253067,0.05082760207676834,3.611159850960599e-05,35.84281263503804,76.16506027308897,nan,nan,nan
252.84,175.13568115234375,-188.388671875,-39.686458587646484,175.78967021270614,-188.28291275960007,-39.68000482170998,0.6625166659478264,0.3613736139824998,0.0508441758895534,3.538618002030519e-05,36.19828781522465,76.35605574464682,nan,1.7353538323095596,nan
252.85,175.13255310058594,-188.39727783203125,-39.68736267089844,175.79570527696603,-188.30359802284121,-39.6809308457143,0.6697671864631299,0.3613072128550923,0.05084022014533272,3.607244813886013e-05,34.43163171666479,75.79876852689591,12.13475556309009,nan,nan
252.86,175.12936401367188,-188.40586853027344,-39.6883544921875,175.79273626305792,-188.31244766022652,-39.68294411185576,0.6699399021040282,0.36135723180641344,0.05085681306816622,3.534918723394072e-05,33.95852688190207,76.98456324722876,nan,0.6791117280141094,nan
252.87,175.1260986328125,-188.41445922851562,-39.68943405151367,175.78973572461962,-188.32129325212543,-39.68406555933048,0.6701663297176819,0.361407338866432,0.05087346574542527,3.605677804354597e-05,33.77678094499999,76.59684207800909,nan,nan,nan
252.88,175.12278747558594,-188.42306518554688,-39.69060134887695,175.78666830330508,-188.33014026487234,-39.68541806299586,0.6703727774514298,0.36145753128479774,0.05089017825519835,3.5334732049179295e-05,33.586995008175506,75.40481368871359,nan,0.014144590026882039,nan
252.89000000000001,175.11941528320312,-188.43165588378906,-39.691856384277344,175.7835440143302,-188.338987405748,-39.68671630837721,0.6705824622752762,0.36150781204923643,0.050906950804722406,3.604234844225454e-05,33.40641898240944,76.55877077867503,nan,nan,nan
252.9,175.115966796875,-188.44024658203125,-39.69319152832031,175.79237199473536,-188.3544627287129,-39.6887389659271,0.6818377273915889,0.3614413352780005,0.0509029851320842,3.530016689155157e-05,32.76590898212635,76.80520327512674,2.1253599905009235,0.27715604339739996,nan
252.91,175.1124725341797,-188.4488525390625,-39.69461441040039,175.78914507033775,-188.3633279812296,-39.690214831000546,0.6820700312152698,0.36149139825498067,0.050919776220195195,3.600695817914185e-05,32.592558463589405,75.24213086032712,nan,nan,nan
252.92000000000002,175.10891723632812,-188.4574432373047,-39.69611740112305,175.78583580536005,-188.37219680058217,-39.69253542048272,0.6822745302731327,0.3615415466059948,0.0509366274002459,3.528800036827111e-05,32.26711163925706,76.57314498513699,nan,0.40158443342934746,nan
252.93,175.1053009033203,-188.46604919433594,-39.69770431518555,175.7824908761266,-188.38106274855284,-39.69418651971324,0.6825110476184194,0.3615917831101087,0.05095353886592348,3.5994873168171164e-05,32.09939199173673,74.81023172312001,nan,nan,nan
252.94,175.10162353515625,-188.4746551513672,-39.699371337890625,175.77909127567727,-188.38992849825155,-39.69580708583083,0.6827546038567481,0.3616421053264187,0.050970510715423384,3.5276924971407504e-05,31.96857158078042,74.72567511371105,nan,0.008861367509580779,nan
252.95000000000002,175.097900390625,-188.48324584960938,-39.70111846923828,175.72890777673382,-188.37653056173602,-39.697694767483114,0.6399767149853868,0.3615755556739875,0.050966531456159814,3.596178993004274e-05,32.66842432396842,75.02091535796393,24.296382892945342,nan,nan
252.96,175.0941162109375,-188.49185180664062,-39.70294189453125,175.72533871782966,-188.38534451542782,-39.698872880226176,0.6401579595428966,0.36162565992722334,0.050983521257809535,3.524565246266062e-05,32.66566825774008,73.78673349578538,nan,0.3584539374534399,nan
252.97,175.09027099609375,-188.5004425048828,-39.7048454284668,175.72169315005493,-188.39416141160922,-39.70084101728188,0.6403168298657682,0.36167585214399595,0.05100057158819873,3.5951877063138745e-05,32.49345873513173,74.75101580869725,nan,nan,nan
252.98000000000002,175.0863800048828,-188.50904846191406,-39.70682907104492,175.71799139833772,-188.40297872291205,-39.702924442839155,0.6404677884136133,0.36172613008221416,0.05101768255641084,3.523662796274864e-05,32.33433514297703,73.25112857690296,nan,0.0009338577768011541,nan
252.99,175.08242797851562,-188.5176544189453,-39.708885192871094,175.71423597372535,-188.41179627111032,-39.70504929289543,0.6406262595325081,0.3617764962257714,0.05103485433998242,3.5942998513279393e-05,32.16622162232313,73.28386943611167,nan,nan,nan
253.0,175.07843017578125,-188.5262451171875,-39.71097946166992,175.7531891706028,-188.43086018184087,-39.709830479932904,0.681468493140155,0.36170987121944326,0.05103085770214318,3.520736551496853e-05,32.83660216780631,74.82413209737348,18.39525028834261,4.9470224018977,nan
253.01000000000002,175.07437133789062,-188.53485107421875,-39.713069915771484,175.74940182832643,-188.43968095743338,-39.71205659732396,0.6817070785617646,0.36176001912031264,0.051048046824028664,3.591302602096846e-05,32.684624365121465,73.23475266290703,nan,nan,nan
253.02,175.0702667236328,-188.54345703125,-39.71514129638672,175.7455513442329,-188.4485030015345,-39.71466044260878,0.6819280151149111,0.36181025274698614,0.05106529683297301,3.5200232604403785e-05,32.51959805967847,72.95672249997966,nan,0.1055095090459221,nan
253.03,175.06610107421875,-188.55206298828125,-39.71717834472656,175.741659659899,-188.45732408038225,-39.71685378609199,0.6821693108712102,0.3618605743951475,0.051082607897942216,3.5906081054669214e-05,32.374135879315496,72.83229944185234,nan,nan,nan
253.04,175.0618896484375,-188.56065368652344,-39.719181060791016,175.7377263231499,-188.46614431039626,-39.71865258553145,0.6824130071652816,0.36191098210231626,0.051099980140752836,3.519399995429527e-05,32.23465606316769,73.99826435719068,nan,0.09146578361173861,nan
253.05,175.05763244628906,-188.5692596435547,-39.72114944458008,175.72067366178544,-188.4677252398792,-39.72076465745425,0.6707704798496897,0.3618442839987313,0.051095962369548914,3.587799786074971e-05,32.56782167050346,71.91292238669556,2.451718275307733,nan,nan
253.06,175.05331420898438,-188.57786560058594,-39.72307586669922,175.71660315751464,-188.47652882095096,-39.72309467156424,0.6709853742838185,0.36189447327872265,0.05111335131990403,3.5167432669080384e-05,32.42359890729111,71.82072204896116,nan,0.04211528464030583,nan
253.07,175.0489501953125,-188.58645629882812,-39.7249641418457,175.71248933868947,-188.48533190975974,-39.72514484734864,0.6712006924254257,0.3619447504003147,0.051130801563925785,3.587282781355582e-05,32.28184444953187,73.08700463573184,nan,nan,nan
253.08,175.04454040527344,-188.59506225585938,-39.7268180847168,175.70832653303,-188.49413495000488,-39.72715843532824,0.671415266662624,0.3619951145223229,0.051148313237419946,3.6592538383977216e-05,32.144548205523186,71.35345671667898,nan,nan,nan
253.09,175.0400848388672,-188.60366821289062,-39.728633880615234,175.70411526912216,-188.5029379686456,-39.72913607055477,0.6716273122833796,0.3620455657892475,0.05116588648488671,3.732670888054457e-05,32.008944470628975,71.35901840621655,nan,nan,nan
253.1,175.03558349609375,-188.6122589111328,-39.73041534423828,175.69046634387016,-188.51279758990964,-39.73233603068887,0.6623954919590233,0.361978792496122,0.05116184374516521,3.650722775264188e-05,31.20027107340677,72.52074646723077,2.9601852808507054,1.0420621606496219,nan
253.11,175.03102111816406,-188.62086486816406,-39.73215866088867,175.68614061721743,-188.5216135356092,-39.734255786243835,0.66259850813944,0.36202902505903906,0.051179433044890976,3.723899122197315e-05,31.079763839993248,70.85304633030395,nan,nan,nan
253.12,175.02642822265625,-188.6294708251953,-39.73386764526367,175.6817771104909,-188.53042866305213,-39.73577655792013,0.6627934509450549,0.36207934360253563,0.051197084005942264,3.644704436382145e-05,30.92355773624685,70.91280894447289,nan,0.08648181735092839,nan
253.13,175.0217742919922,-188.6380615234375,-39.73554229736328,175.67735842539594,-188.53924442774073,-39.73762503818376,0.66299299557538,0.36212975012845977,0.05121479678355412,3.717742087863397e-05,30.801053262422574,71.80047411192689,nan,nan,nan
253.14000000000001,175.01708984375,-188.64666748046875,-39.7371826171875,175.67290769270932,-188.54805913062634,-39.73887125690883,0.6631919097639652,0.36218024296819296,0.05123257151252886,3.638906635834075e-05,30.625769146541085,70.56269104186886,nan,0.2115961573559087,nan
253.15,175.01235961914062,-188.6552734375,-39.738792419433594,175.67926657309025,-188.56126319317806,-39.74065311535957,0.6735029869667695,0.36211339643971524,0.05122849997453499,3.709463233535117e-05,30.529878526496802,70.44111102785718,1.0653356152011078,nan,nan
253.16,175.007568359375,-188.6638641357422,-39.74037170410156,175.67477441061686,-188.57008403033697,-39.74051057340244,0.6737645302835813,0.36216367038714836,0.05124629008236168,3.631075019935843e-05,30.299828190990326,71.04743055472142,nan,2.3378102482782617,nan
253.17000000000002,175.00274658203125,-188.67247009277344,-39.74191665649414,175.6701937967451,-188.57890745602924,-39.74220769343975,0.6739731716665878,0.3622140321368968,0.051264142238234854,3.703768650170836e-05,30.166709996287967,69.96065834729927,nan,nan,nan
253.18,174.9978790283203,-188.68106079101562,-39.743431091308594,175.665529150994,-188.58773290163865,-39.74563189031509,0.6741451066039161,0.3622644801947086,0.051282056580648765,3.625717674545081e-05,30.16124173154625,71.13816611095253,nan,2.029320293488203,nan
253.19,174.9929656982422,-188.68966674804688,-39.74491500854492,175.66086171955894,-188.59655570037816,-39.747286429895155,0.6743592411526147,0.3623150163027242,0.05130003325935027,3.6982973476690635e-05,30.046331226062915,69.52951858783801,nan,nan,nan
253.20000000000002,174.98802185058594,-188.69825744628906,-39.746368408203125,175.6593780502968,-188.61215729076406,-39.746981194614,0.6768550503459505,0.36224809480122694,0.05129592904553752,3.618340314602374e-05,28.89106690206141,71.1012758482745,5.068585559553552,2.0393524218161376,nan
253.21,174.9830322265625,-188.7068634033203,-39.74779510498047,175.65462684574007,-188.62100435777924,-39.748557860692756,0.677061068150993,0.362298411738211,0.05131392040734774,3.690722845771745e-05,28.763719538462407,69.26027857635329,nan,nan,nan
253.22,174.97799682617188,-188.7154541015625,-39.74919509887695,175.6498245743153,-188.62985146837056,-39.750538351826656,0.6772607609431773,0.362348814970727,0.05133197418657485,3.6134101369199394e-05,28.663500279044957,70.24643887932042,nan,0.12315351761477628,nan
253.23000000000002,174.97291564941406,-188.72406005859375,-39.75056457519531,175.6449906874664,-188.63869779476224,-39.75206461259887,0.6774760681911131,0.3623993060821167,0.051350090530526936,3.68569442723092e-05,28.543697103547125,68.73925280393703,nan,nan,nan
253.24,174.96783447265625,-188.73265075683594,-39.75190353393555,175.64016466826203,-188.64754274079604,-39.7522668522155,0.677695653164256,0.36244988381481325,0.05136826958133711,3.6086859303152234e-05,28.35222791063816,70.03106066305646,nan,1.1167039624575796,nan
253.25,174.9628143310547,-188.7412567138672,-39.75321960449219,175.60141904336226,-188.63817253318535,-39.753509799372296,0.646871247700302,0.36238288884846304,0.05136412880290387,3.6785738421506315e-05,29.14685159777175,67.28007264155445,16.933259443440082,nan,nan
253.26000000000002,174.95787048339844,-188.74984741210938,-39.75450897216797,175.5965949863259,-188.64697389884572,-39.75533142248659,0.6469564334602951,0.3624332472111933,0.05138232182229577,3.601954117576654e-05,29.027283769512007,68.49194409073206,nan,0.10162820768237629,nan
253.27,174.9530029296875,-188.75843811035156,-39.755775451660156,175.59185925916583,-188.65577477717372,-39.75674153934184,0.647053400438571,0.36248369328690455,0.051400577631472204,3.673972423566199e-05,28.898714256843423,67.93000775727722,nan,nan,nan
253.28,174.94822692871094,-188.7670440673828,-39.75701141357422,175.58720521549782,-188.66457583043197,-39.75843748745068,0.6471437431171002,0.3625342259620734,0.051418896373987125,3.597635842635076e-05,28.797528566617782,66.81400928683374,nan,0.06424977871044299,nan
253.29,174.94354248046875,-188.775634765625,-39.75822448730469,175.58264847503824,-188.6733766494521,-39.75980223374165,0.6472369611677824,0.3625848466052686,0.051437278195031626,3.669576411950997e-05,28.674542024297637,67.82909877412109,nan,nan,nan
253.3,174.93896484375,-188.78424072265625,-39.75941467285156,175.5737102788557,-188.6810168565729,-39.76041373959745,0.6430847005263738,0.3625177768237845,0.0514330969358267,3.591317387492839e-05,28.474975478212087,66.53869994069377,0.36030430051707785,0.4230263833407878,nan
253.31,174.93446350097656,-188.79283142089844,-39.760581970214844,175.56932835204717,-188.6898167967802,-39.76172562917814,0.6431692622186973,0.36256817782342354,0.051451491990451646,3.663096847088932e-05,28.349716758536513,67.30789998351332,nan,nan,nan
253.32,174.9300537109375,-188.80142211914062,-39.761722564697266,175.5650474636066,-188.69861646884834,-39.76243229603458,0.6432624436257436,0.3626186653945465,0.0514699502007873,3.5873885988736566e-05,28.19538347633528,67.37222582246135,nan,0.2280609308905772,nan
253.33,174.9257354736328,-188.81002807617188,-39.76284408569336,175.5608436853262,-188.70741618233643,-39.763693902431235,0.6433446692911688,0.36266924077564155,0.05148847171142857,3.659103297635076e-05,28.071274033938575,65.69841195350143,nan,nan,nan
253.34,174.92149353027344,-188.81861877441406,-39.76394271850586,175.55671102027299,-188.71621598792865,-39.76577263357654,0.6434212763582413,0.36271990304727836,0.05150705666682832,3.5836469593938754e-05,28.01390503395061,66.74032044636753,nan,0.4734265485359746,nan
253.35,174.91734313964844,-188.82720947265625,-39.765018463134766,175.5514498909938,-188.7240989583375,-39.767003420490184,0.642438394183101,0.36265275959104576,0.05150283099417994,3.653031477954347e-05,28.03309767389188,66.77642596509091,0.03995588714829381,nan,nan
253.36,174.91326904296875,-188.8358154296875,-39.76607131958008,175.54753584009535,-188.73289663655987,-39.76622471517437,0.6425625817352664,0.3627032020105759,0.05152142842910932,3.577909333073707e-05,27.798383041987066,65.14591581378565,nan,2.660606048012504,nan
253.37,174.90928649902344,-188.8444061279297,-39.76710510253906,175.5436675379535,-188.74169439034893,-39.767391498131424,0.6426422687726626,0.3627537320867945,0.051540089382614826,3.649422095145815e-05,27.669944402278897,66.44738057391884,nan,nan,nan
253.38,174.90538024902344,-188.85301208496094,-39.76811599731445,175.53987853731817,-188.75049230403238,-39.768590402753034,0.6427274759889376,0.36280434901725445,0.05155881399909943,3.574532296725723e-05,27.54717935186609,65.0330399785438,nan,0.0018184968375978452,nan
253.39000000000001,174.90155029296875,-188.86160278320312,-39.769107818603516,175.5361691972306,-188.7592905559991,-39.76971843952169,0.6428135953290622,0.3628550538658443,0.05157760242322864,3.6459969297244646e-05,27.422516207864287,66.10445144487987,nan,nan,nan
253.4,174.89779663085938,-188.87020874023438,-39.77008056640625,175.53378760525146,-188.7537852283664,-39.76980631812153,0.6465593776568301,0.3627878357018399,0.05157332838716859,3.569162026513951e-05,29.743488655525695,64.10951446400568,22.01538062507436,0.6395152606615472,nan
253.41,174.8941192626953,-188.87879943847656,-39.771034240722656,175.53024387565276,-188.76252675209025,-39.77088610971107,0.6466636550422062,0.3628383204291378,0.05159212851775952,3.640494760484349e-05,29.614308137852678,65.2738259465216,nan,nan,nan
253.42000000000002,174.8905029296875,-188.8874053955078,-39.771968841552734,175.52676823576624,-188.77126863801348,-39.77231053918998,0.6467777074992971,0.36288889196894053,0.05161099252559644,3.5661314882937226e-05,29.49305325005047,63.65554838762381,nan,0.08940498684632411,nan
253.43,174.88697814941406,-188.89599609375,-39.772884368896484,175.52337133011636,-188.78001124027884,-39.77335811141196,0.6468763337076779,0.3629395512804337,0.051629920555895485,3.637426601748778e-05,29.36874642836943,65.25544100508418,nan,nan,nan
253.44,174.88351440429688,-188.90460205078125,-39.773780822753906,175.5200456105436,-188.78875433084687,-39.77438951838117,0.6469876670001351,0.3629902977175591,0.05164891275224842,3.563266937961585e-05,29.249324814743858,63.71690911858764,nan,1.1975637271685013e-06,nan
253.45000000000002,174.88011169433594,-188.9132080078125,-39.774662017822266,175.52827487189018,-188.8051882587099,-39.77537976040638,0.6571029493829804,0.3629230056867063,0.05164458638925287,3.6322825889062186e-05,28.668166925463183,63.56701968834061,2.595487621572597,nan,nan
253.46,174.8767852783203,-188.92181396484375,-39.7755241394043,175.52507103672062,-188.8139516036522,-39.77844232825064,0.6572041002098327,0.3629735317854173,0.051663589500060836,3.5584074389811074e-05,28.770521587589414,63.95453067189587,nan,2.915923451710366,nan
253.47,174.87353515625,-188.93040466308594,-39.7763671875,175.52196627058993,-188.82271691286556,-39.779442389888835,0.6573195710317623,0.36302414551347034,0.051682656844555995,3.62955210200348e-05,28.666355698313186,65.49158601915995,nan,nan,nan
253.48000000000002,174.87033081054688,-188.9390106201172,-39.77719497680664,175.51897831592157,-188.8314855546752,-39.7770556434628,0.6574992360002426,0.3630748463181036,0.051701788565411876,3.555862859128074e-05,28.28501960478296,63.2721431426072,nan,7.768063963930219,nan
253.49,174.86720275878906,-188.94761657714844,-39.77800750732422,175.5160036509041,-188.84025194034243,-39.77799067638709,0.6576243328291992,0.363125635019124,0.05172098480921124,3.626983085893969e-05,28.162889234374415,63.37136129014905,nan,nan,nan
253.5,174.8641357421875,-188.9562225341797,-39.778804779052734,175.49834454576768,-188.8325679686045,-39.777677242396535,0.6461520946844481,0.36305826834366894,0.05171660214180205,3.551322808011668e-05,29.875079636163886,62.77032871070375,14.545229908411253,1.1067119539120258,nan
253.51000000000002,174.8611297607422,-188.96482849121094,-39.77958297729492,175.49547817603886,-188.84128428055166,-39.778570027221676,0.6462678315100266,0.3631088364407452,0.05173580849018675,3.6223343186325687e-05,29.74693475308908,62.905869288448905,nan,nan,nan
253.52,174.85818481445312,-188.9734344482422,-39.78034591674805,175.49268168175135,-188.85000215899962,-39.778789358474484,0.646393245255999,0.36315949156059774,0.0517550794214087,3.5490795997858956e-05,29.6664920085382,62.884035385816546,nan,0.29791118035091146,nan
253.53,174.85528564453125,-188.98204040527344,-39.78109359741211,175.4899350920422,-188.8587201689468,-39.779646716135105,0.6465213804500541,0.3632102344403367,0.05177441508322987,3.62007501613023e-05,29.536844833573998,62.53739990683423,nan,nan,nan
253.54,174.8524627685547,-188.9906463623047,-39.781829833984375,175.48725150807476,-188.8674395339921,-39.78014280683825,0.6466370793767755,0.3632610646508437,0.05179381561657016,3.54698037550882e-05,29.439238098124463,62.67354553431208,nan,0.08278802033344447,nan
253.55,174.8496856689453,-188.99925231933594,-39.78254699707031,175.5088734882305,-188.88331398442108,-39.7810054238694,0.669307593745008,0.3631936239322273,0.05178937266165741,3.61573429537472e-05,29.72099896989328,63.04062527879663,5.10598719850679,nan,nan
253.56,174.84683227539062,-189.00787353515625,-39.78335952758789,175.5062621447706,-188.89204102273303,-39.78302922813531,0.6695259760924133,0.3632442333141228,0.05180878247116573,3.5428799392567095e-05,29.546643144941815,61.241857772753335,nan,0.9243245687955789,nan
253.57,174.84393310546875,-189.0164794921875,-39.78425598144531,175.50359938222817,-188.90077041349815,-39.78399727483323,0.6697374519271637,0.3632949303228296,0.051828257215283044,3.613765384935271e-05,29.430227649578505,63.236414858349704,nan,nan,nan
253.58,174.84095764160156,-189.02508544921875,-39.785247802734375,175.5008535130801,-188.90949884664272,-39.78637631088299,0.6699433538890672,0.3633457146021766,0.051847797033585365,3.541055457502272e-05,29.350078478194913,62.601047245109754,nan,1.2023931821666538,nan
253.59,174.83792114257812,-189.03370666503906,-39.78632354736328,175.4980594516623,-188.91822982091082,-39.78753724198811,0.6701633843362181,0.36339658678019565,0.0518674020758413,3.611934997230538e-05,29.24308657037191,61.63945609925287,nan,nan,nan
253.6,174.83480834960938,-189.0423126220703,-39.78748321533203,175.49282998724453,-188.9202414563826,-39.78867518154848,0.6692497783876171,0.3633290714422004,0.051862894835794954,3.537227095257304e-05,30.126673984256563,62.55685057159534,3.77470319492501,1.275864732754719e-05,nan
253.61,174.83164978027344,-189.05091857910156,-39.788734436035156,175.48990795645523,-188.92894985102183,-39.790009363650334,0.6694638321671963,0.36337972252900685,0.05188250830887112,3.6080158961710426e-05,30.017776937082115,62.462264989110935,nan,nan,nan
253.62,174.8284149169922,-189.05953979492188,-39.79006576538086,175.4869312244512,-188.93765979300017,-39.79072841826393,0.6697006056192181,0.36343046082223157,0.05190218705506663,3.535659147485072e-05,29.874944631594037,61.185981726310644,nan,0.3403086385093442,nan
253.63,174.8251190185547,-189.0681610107422,-39.79148483276367,175.48388340626167,-188.94636928196752,-39.79222716100624,0.6699285743719962,0.36348128688593734,0.05192193122558303,3.606448525639334e-05,29.767809865496172,60.899774240615294,nan,nan,nan
253.64000000000001,174.82176208496094,-189.07676696777344,-39.79298400878906,175.48078195121798,-188.9550804162349,-39.793109920232226,0.6701602918708938,0.36353220045969115,0.051941740957856496,3.534213478103442e-05,29.6408375682244,62.20433072459174,nan,0.33944022769753723,nan
253.65,174.818359375,-189.08538818359375,-39.79456329345703,175.45376901240766,-188.95223333363205,-39.79470338746707,0.6492115533515946,0.36346461091597415,0.051937165439945726,3.6027890113338816e-05,29.987243219668045,60.90337749531762,6.167455932577102,nan,nan
253.66,174.81488037109375,-189.093994140625,-39.796226501464844,175.45051660497506,-188.96092144183672,-39.7950138060312,0.6494176126467718,0.363515303167287,0.0519569827397378,3.530755669831415e-05,29.916914278779952,61.51071526866182,nan,1.4182514553323116,nan
253.67000000000002,174.81134033203125,-189.1026153564453,-39.797969818115234,175.44718843166282,-188.9696073655016,-39.79682140065772,0.6496116149843889,0.3635660830636835,0.051976865660545636,3.6014661314579837e-05,29.803325527858792,60.20034416661899,nan,nan,nan
253.68,174.80775451660156,-189.11123657226562,-39.7997932434082,175.44379269025322,-188.97829216875652,-39.79950332138175,0.6497837000274058,0.3636169504005249,0.05199681433835017,3.529540954839177e-05,29.660071975526556,60.296212353705066,nan,0.4373733113125509,nan
253.69,174.80410766601562,-189.11984252929688,-39.801692962646484,175.44034730612447,-188.98697856671717,-39.80147889305303,0.6499644282758856,0.36366790565836954,0.05201682892653312,3.6002596379202375e-05,29.548071259515336,61.45002895363912,nan,nan,nan
253.70000000000002,174.80039978027344,-189.1284637451172,-39.80366897583008,175.4354429399532,-189.0088001012861,-39.80239010150881,0.6462204251108942,0.36251698457911613,0.051409259893339256,3.52625734086944e-05,38.52379913626758,69.93273462891929,2.2920984991200566,1.0623428952087597,0.07245118058176003
253.71,174.796630859375,-189.1370849609375,-39.805721282958984,175.43188664392244,-189.01752181054613,-39.80451186870061,0.646410644571499,0.36256616595684815,0.051426278001556816,3.596897691316454e-05,38.37109455706015,69.74922701805444,nan,nan,nan
253.72,174.79281616210938,-189.14569091796875,-39.80781173706055,175.42824173616515,-189.02625812347523,-39.8077364175867,0.6465522857725147,0.3626154323432734,0.05144335432457103,3.52525828268016e-05,38.18006108054411,70.98012281600396,nan,0.7596388033122193,nan
253.73000000000002,174.7889404296875,-189.15431213378906,-39.809898376464844,175.42457394157108,-189.03497986148267,-39.80994525722242,0.6467380882869587,0.3626647866636629,0.051460489561323625,3.5959118416887074e-05,38.03367086409412,69.61035944733696,nan,nan,nan
253.74,174.78500366210938,-189.16293334960938,-39.81196594238281,175.4208985261144,-189.0436804465666,-39.81059878829053,0.6469817633151705,0.36271422634773004,0.0514776833127921,3.5243609031990144e-05,37.94135429830378,69.20604642966101,nan,1.6605061091267603,nan
253.75,174.78102111816406,-189.17153930664062,-39.814002990722656,175.43270256919777,-189.05324205973713,-39.81283472570771,0.662332482284761,0.36264679935027294,0.05147348293581574,3.592820174251156e-05,38.921315369175645,70.66635180919751,5.972096321002154,nan,nan
253.76000000000002,174.77699279785156,-189.18016052246094,-39.816001892089844,175.42897112039935,-189.0619220094912,-39.81270911890131,0.6626212503208708,0.3626960244198579,0.05149069169958607,3.5214378569352826e-05,39.046743291209026,69.92160183365843,nan,3.5363654997442406,nan
253.77,174.7729034423828,-189.18878173828125,-39.81796646118164,175.4251200684945,-189.0706318212329,-39.814777488540386,0.662839422350198,0.36274533720518604,0.05150795961789171,3.5920357819631836e-05,38.87857546188958,69.40031987749168,nan,nan,nan
253.78,174.76876831054688,-189.1973876953125,-39.819889068603516,175.4212382757008,-189.07933176044403,-39.81606243838276,0.6630753368090837,0.36279473539562446,0.05152528633790209,3.520730477269821e-05,38.864712518576226,70.98688937740246,nan,0.3889680322475901,nan
253.79,174.7645721435547,-189.2060089111328,-39.82177734375,175.41728320885127,-189.0880411204288,-39.81804999029495,0.6632963346559106,0.36284422152917106,0.05154267249107883,3.591347137362534e-05,38.693412441433196,69.22268096241604,nan,nan,nan
253.8,174.7603302001953,-189.21461486816406,-39.82362747192383,175.43531911436727,-189.1068628709022,-39.81964286337581,0.6835469290942976,0.3627767472595789,0.05153845283864646,3.517992941171798e-05,38.329947197037384,70.9433070198787,4.891695437613757,0.09550919524383071,nan
253.81,174.7560272216797,-189.22323608398438,-39.825439453125,175.43129659680906,-189.11559363605852,-39.821554276641926,0.6838060545062403,0.36282601852859814,0.05155585346060804,3.588542448797533e-05,38.158322520379215,69.48098644895862,nan,nan,nan
253.82,174.75169372558594,-189.2318572998047,-39.82721710205078,175.4272273054981,-189.1243230144278,-39.823324941847076,0.6840499901553257,0.3628753752348915,0.051573313166234105,3.517459850708658e-05,38.02632689846142,69.62033229360732,nan,0.007796415870358945,nan
253.83,174.74729919433594,-189.24046325683594,-39.828956604003906,175.42310581915916,-189.1330536555853,-39.82516553785926,0.6842994876355636,0.3629248196784995,0.05159083254361686,3.5880317367321004e-05,37.85240745120856,70.63811435156485,nan,nan,nan
253.84,174.74285888671875,-189.24908447265625,-39.830665588378906,175.41896024644313,-189.1417728330531,-39.826046202790685,0.6845802913747162,0.3629743499038719,0.05160841130335771,3.517009570434091e-05,37.918100861709455,69.27573938704226,nan,0.5993150799756514,nan
253.85,174.73837280273438,-189.2576904296875,-39.83233642578125,175.40287182625332,-189.14755759647133,-39.82775890934429,0.6735793545430112,0.36290683049436395,0.051604169324526425,3.585400287018119e-05,37.499634310336475,70.43542503570599,1.5779861581636376,nan,nan
253.86,174.7338409423828,-189.2663116455078,-39.83397674560547,175.39852704061485,-189.15631253107958,-39.83168051583183,0.6737304260823471,0.36295614572353835,0.0516217620108661,3.514519083579604e-05,36.925158735127326,68.48092740056452,nan,3.3617473070639003,nan
253.87,174.72926330566406,-189.27491760253906,-39.8355827331543,175.39419208408015,-189.16504120611333,-39.83340058880928,0.6739494525640274,0.36300554849216277,0.05163941460488387,3.5850520212054624e-05,36.765138687371824,69.65941394124927,nan,nan,nan
253.88,174.72462463378906,-189.28353881835938,-39.837158203125,175.3897812394474,-189.17378299616848,-39.83625044594916,0.6741516703077974,0.3630550370616241,0.051657126857645945,3.514221763047285e-05,36.51763707712124,67.79591889077889,nan,0.9441712533083779,nan
253.89000000000001,174.71995544433594,-189.29214477539062,-39.83869934082031,175.38535389761734,-189.18251080803986,-39.83791996998595,0.6743703106196488,0.36310461340814354,0.05167489929797304,3.5847808959601404e-05,36.36929526973505,69.29130453236668,nan,nan,nan
253.9,174.71524047851562,-189.30076599121094,-39.840213775634766,175.38907346862527,-189.195054287476,-39.84066545612337,0.6820748249876324,0.36303704670485587,0.051670631025207026,3.511879693182653e-05,36.15955476182516,67.81547742762737,0.6883448808567195,0.8375889603719073,nan
253.91,174.71047973632812,-189.3093719482422,-39.84169387817383,175.38456862664796,-189.20378976131525,-39.84228651771925,0.6823076882686685,0.3630864078108142,0.05168841680663273,3.5823786862196554e-05,36.022857658094864,69.13479084915372,nan,nan,nan
253.92000000000002,174.70567321777344,-189.3179931640625,-39.84314727783203,175.38000930986837,-189.21252971588163,-39.844307624279956,0.6825342851519944,0.363135854728023,0.051706262518132796,3.511721356438999e-05,35.91431628143031,67.53003973835789,nan,0.12908229181991618,nan
253.93,174.70082092285156,-189.32659912109375,-39.84457015991211,175.37541658392547,-189.22126454179937,-39.84587554036651,0.6827711062669525,0.36318538923600785,0.05172416865099714,3.582249168166505e-05,35.78412462140602,68.62755334734068,nan,nan,nan
253.94,174.69595336914062,-189.33522033691406,-39.84596633911133,175.37079525116152,-189.22999827498364,-39.84734539398301,0.6829971814281066,0.3632350098899142,0.0517421350113263,3.5116290273980736e-05,35.65366024462034,67.17910880761312,nan,0.003475771035907809,nan
253.95000000000002,174.6911163330078,-189.3438262939453,-39.84733581542969,175.360704905229,-189.24137149704742,-39.848743785981256,0.6773830702325452,0.36316739746091714,0.051737837223359735,3.5799840052840265e-05,34.664424315890244,67.89666150752568,3.745733206005316,nan,nan
253.96,174.6863555908203,-189.35243225097656,-39.84867477416992,175.3561827319571,-189.2500979617541,-39.847997801221304,0.6775995602466902,0.3632168027272379,0.05175581633796735,3.509482099845642e-05,34.47953914551821,68.02769846956141,nan,3.4914873971732496,nan
253.97,174.6816864013672,-189.3610382080078,-39.8499870300293,175.3516839957157,-189.25884740418104,-39.849433440756975,0.6777462971353096,0.36326629540529476,0.05177385610509397,3.5799824989093676e-05,34.33177146947715,68.0837732394352,nan,nan,nan
253.98000000000002,174.6770782470703,-189.36965942382812,-39.85127639770508,175.34727047128166,-189.2675957675752,-39.85074487556908,0.6779195305025907,0.3633158742276335,0.051791956365431234,3.5095101084310954e-05,34.19301281773817,66.0164002130924,nan,0.0068412663323564925,nan
253.99,174.67257690429688,-189.37826538085938,-39.8525390625,175.3429417685642,-189.2763449491718,-39.85212897209294,0.6780685760405621,0.363365540708779,0.05181011755947846,3.580041793804123e-05,34.04758841952936,67.48154358349652,nan,nan,nan
254.0,174.6681671142578,-189.38687133789062,-39.85377502441406,175.33947161603456,-189.28502943429316,-39.85320321610006,0.6789858867449506,0.3632978808697872,0.05180578631545694,3.5074792787750964e-05,34.046213950418654,67.61801805110227,0.770000719558208,0.12193411490519189,nan
254.01000000000002,174.66383361816406,-189.39547729492188,-39.85498809814453,175.3353201583016,-189.2937775351094,-39.854537509085205,0.6791444748816808,0.3633473317239691,0.051823959637531274,3.577955537296981e-05,33.902202611226095,67.15367132184227,nan,nan,nan
254.02,174.65957641601562,-189.4040985107422,-39.85617446899414,175.33125400313983,-189.30252607037932,-39.85590490266737,0.6793142235757114,0.36339686871292465,0.05184219371353824,3.507615500777562e-05,33.76236322121118,65.74365388994147,nan,0.0022373344786803654,nan
254.03,174.65542602539062,-189.41270446777344,-39.857337951660156,175.32727423317107,-189.3112738833117,-39.85719362463458,0.6794616976639153,0.3634464931920987,0.05186048895229082,3.5781248759961017e-05,33.620728711547855,67.1966525668429,nan,nan,nan
254.04,174.65133666992188,-189.4213104248047,-39.85847854614258,175.32336892568577,-189.3200260122523,-39.85892476326471,0.6796220156255327,0.3634962041318102,0.05187884524105548,3.507803162886246e-05,33.48781494111098,66.60355363976919,nan,0.1519287428352675,nan
254.05,174.6473388671875,-189.429931640625,-39.859596252441406,175.31348970155807,-189.32462081798212,-39.86010353046711,0.6744238732646705,0.36342849798684534,0.051874477173132455,3.5761445403728675e-05,33.76296339571745,65.25746837290998,1.038711935601297,nan,nan
254.06,174.6434326171875,-189.43853759765625,-39.860694885253906,175.30977939785313,-189.33334251684704,-39.85972468805408,0.6745998654109839,0.36347799313844276,0.05189284495976987,3.505922774328824e-05,33.64425990165913,66.40041932077,nan,1.8122457003678245,nan
254.07,174.63958740234375,-189.4471435546875,-39.86176681518555,175.30611690550512,-189.34207897759748,-39.86091364154436,0.6747598623576468,0.36352757561807886,0.051911274135520526,3.5764122733101065e-05,33.50118440172439,66.24793853576061,nan,nan,nan
254.08,174.6358184814453,-189.45574951171875,-39.86281967163086,175.30252372985981,-189.35081935356817,-39.86250010977599,0.6749120894403413,0.36357724453794327,0.051929764616489564,3.5062027783117106e-05,33.347660090658465,65.95907989656301,nan,0.12299149346629061,nan
254.09,174.63214111328125,-189.46437072753906,-39.86384963989258,175.29901390965412,-189.35955629370554,-39.863652343541425,0.6750595758952432,0.3636270010414027,0.05194831676905074,3.5767268269773304e-05,33.211860025472205,65.04828669501768,nan,nan,nan
254.1,174.62852478027344,-189.4729766845703,-39.86486053466797,175.3000294812255,-189.37213224488133,-39.86597908446238,0.6790356511778582,0.36355924728419253,0.05194390795819756,3.504411024450978e-05,32.79384122399011,66.0596521187071,1.2834377751545234,0.8328188764230336,nan
254.11,174.62498474121094,-189.48158264160156,-39.86585235595703,175.2966715202298,-189.3808817262498,-39.867104783927765,0.679194649594096,0.36360878776425815,0.051962470942836535,3.574882603691467e-05,32.66659565522445,65.9846730305224,nan,nan,nan
254.12,174.6215057373047,-189.49020385742188,-39.866825103759766,175.2933946270637,-189.3896271384768,-39.86765791959503,0.6793754853963719,0.36365841465726756,0.05198109548295667,3.504773100056805e-05,32.51096322934487,64.39317970175037,nan,0.21590177128937835,nan
254.13,174.61810302734375,-189.49880981445312,-39.867774963378906,175.2901780232705,-189.39837762670936,-39.86874075457956,0.6795383412564606,0.3637081289808451,0.05199978191885516,3.5752804615309566e-05,32.38292857496126,65.87657108172353,nan,nan,nan
254.14000000000001,174.61477661132812,-189.50743103027344,-39.868709564208984,175.28705738152593,-189.4071155850369,-39.8681841458504,0.6797241341862184,0.36375793003527435,0.052018530205052316,3.5051743051498315e-05,32.23296848075937,64.44844071729374,nan,1.8503525814243489,nan
254.15,174.6114959716797,-189.5160369873047,-39.869625091552734,175.26672806488418,-189.40699526711026,-39.86922251356662,0.6642434454152566,0.3636901293960007,0.05201407716022963,3.573516042098846e-05,32.569445802806555,64.85838737673735,3.426639201089333,nan,nan
254.16,174.60830688476562,-189.524658203125,-39.87051773071289,175.26370313588694,-189.41571903550803,-39.86925749073621,0.6643896269733244,0.3637397142530983,0.05203283560640756,3.503495441841829e-05,32.479130773230274,64.39812618698988,nan,0.6746687614618971,nan
254.17000000000002,174.60516357421875,-189.53326416015625,-39.87139892578125,175.26072664181743,-189.42445087719216,-39.87024411545786,0.664533369918844,0.36378938639323793,0.05205165616982198,3.5739874520207834e-05,32.338938035519476,64.75347376162124,nan,nan,nan
254.18,174.60208129882812,-189.54188537597656,-39.872257232666016,175.25785057603233,-189.4331653477019,-39.86885357326055,0.6647292489204238,0.3638391452275024,0.05207053882841272,3.503965560918905e-05,32.50335417012761,64.0258124959773,nan,3.925294484548223,nan
254.19,174.5990753173828,-189.55050659179688,-39.87310028076172,175.25499932547274,-189.44189813511196,-39.86978363180092,0.6648632200780565,0.3638889916077694,0.05208948388793949,3.57449401897952e-05,32.3510140632337,64.1141119382953,nan,nan,nan
254.20000000000002,174.5961151123047,-189.55911254882812,-39.87392807006836,175.24242170631317,-189.44595284249192,-39.86816717636349,0.6561634861017608,0.3638211430770433,0.052084982707476975,3.502352564674579e-05,33.086985979967906,65.38287453091532,1.2822531288775678,4.817367869337513,nan
254.21,174.5932159423828,-189.56773376464844,-39.87473678588867,175.23967586794325,-189.4546766397234,-39.86904123054831,0.6562962655710864,0.36387077302781334,0.05210393722283847,3.572830214667503e-05,32.91966451177957,64.29286096007154,nan,nan,nan
254.22,174.5903778076172,-189.57635498046875,-39.87553405761719,175.23696872426532,-189.46341052082337,-39.87124068094064,0.6563952296747368,0.3639204896299368,0.052122954073426805,3.502883096916546e-05,32.410413956207194,63.62532439349357,nan,1.2670861733948628,nan
254.23000000000002,174.5876007080078,-189.58497619628906,-39.876312255859375,175.23433828612426,-189.47213553755856,-39.87209780476662,0.6565213407107726,0.3639702936383228,0.052142033544117124,3.573397992851858e-05,32.2537777528924,63.832236378831595,nan,nan,nan
254.24,174.58486938476562,-189.59359741210938,-39.8770751953125,175.231763618025,-189.48086134160906,-39.8729521518822,0.6566571176064665,0.3640201846092229,0.05216117564368212,3.5034426155908586e-05,32.115504905838954,63.575745395283036,nan,9.67422114449909e-05,nan
254.25,174.5821990966797,-189.60220336914062,-39.87782287597656,175.24648554502542,-189.49840878706894,-39.87383268632013,0.6723583288223032,0.3639522886225484,0.05215662273581569,3.571792613322964e-05,31.634765709975827,65.24017786485601,3.4661340061265373,nan,nan
254.26000000000002,174.57957458496094,-189.61082458496094,-39.87855529785156,175.24403117792411,-189.50716315432794,-39.87570327072616,0.6725001042318405,0.36400196297859677,0.05217577357863824,3.5019117405024096e-05,31.295638620521792,63.58563512337369,nan,0.7851702234915517,nan
254.27,174.57701110839844,-189.61944580078125,-39.8792724609375,175.24164402870488,-189.51591130912522,-39.87651549526359,0.6726543767621485,0.36405172460574636,0.05219498725791558,3.572413624013421e-05,31.15027016193467,63.713399622230725,nan,nan,nan
254.28,174.57449340820312,-189.62808227539062,-39.879974365234375,175.2393018970757,-189.52466346054345,-39.87782816652926,0.6728078360946161,0.3641015731445728,0.05221426380090808,3.50252105667081e-05,30.94650339965226,62.337179721393525,nan,0.18606305797217018,nan
254.29,174.57191467285156,-189.63670349121094,-39.88077163696289,175.2369569182247,-189.53341320295402,-39.8786717119666,0.6730189309849607,0.36415150922375505,0.05223360346517077,3.57306030529035e-05,30.81685927240333,63.42602615399898,nan,nan,nan
254.3,174.5692596435547,-189.64532470703125,-39.88165283203125,175.21033093797118,-189.5297232796317,-39.879258216391975,0.6514152506087879,0.36408356499868444,0.05222899494193746,3.501037641431412e-05,31.340037174134387,63.17503610846221,7.233711522152015,0.03651501799839979,nan
254.31,174.5665283203125,-189.65394592285156,-39.88262939453125,175.2078109542319,-189.53844597122782,-39.88027915053126,0.6516050790459937,0.36413328423296015,0.05224834260814806,3.571526825025617e-05,31.21101007635306,62.55192063178012,nan,nan,nan
254.32,174.56373596191406,-189.66256713867188,-39.883689880371094,175.20523019738638,-189.5471656332376,-39.88077018050864,0.6517981944191037,0.36418309032294693,0.0522677533682279,3.5016898784246e-05,31.179751405902927,63.01013777474075,nan,0.2706045991894381,nan
254.33,174.56088256835938,-189.67120361328125,-39.88483810424805,175.20257439394095,-189.555889387718,-39.88196283240641,0.651977021699101,0.36423298382456015,0.052287227463496164,3.5722169236134365e-05,31.05022108215123,61.82107548036216,nan,nan,nan
254.34,174.55795288085938,-189.67982482910156,-39.886070251464844,175.1998723445163,-189.56460361938036,-39.88146510193236,0.6521945510301642,0.3642829644873981,0.052306764945233813,3.502362958083854e-05,31.305153784837785,63.26589621680006,nan,2.228307226817238,nan
254.35,174.55496215820312,-189.68844604492188,-39.88739013671875,175.19750557226868,-189.5625447553298,-39.882776863145445,0.6547781731037075,0.36421497223249966,0.05230209713527332,3.570724808400012e-05,33.12877666230992,63.046971685431394,12.485305048087444,nan,nan
254.36,174.55191040039062,-189.69708251953125,-39.8887939453125,175.19465486855609,-189.571232229776,-39.885015339934576,0.6549603229565765,0.3642647358549993,0.05232164186741518,3.500937088356288e-05,32.824969690934026,61.786771144445346,nan,0.4574467517900585,nan
254.37,174.5487823486328,-189.70570373535156,-39.89027786254883,175.19174864743704,-189.5799158265117,-39.886541311229514,0.6551657967446661,0.364314586764085,0.05234125014575136,3.5714519445705386e-05,32.69088210549545,62.81383841145412,nan,nan,nan
254.38,174.5456085205078,-189.71434020996094,-39.891849517822266,175.18878629711125,-189.5885960034537,-39.88743306673205,0.6553691805592563,0.3643645247716901,0.052360922035704124,3.501644768955827e-05,32.741561511526484,61.76341964212519,nan,0.36333321148707687,nan
254.39000000000001,174.5423583984375,-189.72296142578125,-39.893497467041016,175.18575338909312,-189.59728014824023,-39.889118066944526,0.6555700394849479,0.36441455034034953,0.05238065775765327,3.572197236728623e-05,32.60463252581561,62.90798245703642,nan,nan,nan
254.4,174.53904724121094,-189.73158264160156,-39.895225524902344,175.19051710683985,-189.62095256044836,-39.891544697095775,0.6608067411670812,0.3643465094414139,0.05237592678416587,3.500251863034256e-05,30.39274523758132,62.87654550864676,16.028675990356362,0.41086054370011893,nan
254.41,174.53567504882812,-189.74021911621094,-39.89703369140625,175.1873612283818,-189.62968843073114,-39.89339768973257,0.6610031237158225,0.36439631774082687,0.05239566897923798,3.570754392235989e-05,30.2616309589197,61.548165502894676,nan,nan,nan
254.42000000000002,174.53225708007812,-189.74884033203125,-39.898921966552734,175.18415729765286,-189.6384182243795,-39.894014838148834,0.6612042161400756,0.36444621307178804,0.052415475006542,3.500988709027853e-05,30.461814584156873,63.18734829091981,nan,1.2216700443714568,nan
254.43,174.5287628173828,-189.75747680664062,-39.90088653564453,175.1808806354067,-189.6471543154061,-39.8960134707145,0.6614018804163235,0.3644961958439138,0.052435345074255076,3.5715291496527063e-05,30.325511988615872,61.61704482529569,nan,nan,nan
254.44,174.5252227783203,-189.76609802246094,-39.902923583984375,175.177526601062,-189.6558994831332,-39.900054677653245,0.6615528896897975,0.3645462659484962,0.052455279265891636,3.5017400350577885e-05,29.779318742801912,62.87381683955985,nan,2.7228775629334634,nan
254.45000000000002,174.5216064453125,-189.7747344970703,-39.90500259399414,175.16794310642905,-189.67371352574315,-39.90206667845922,0.6541902901688472,0.3644781764437278,0.05245048139743082,3.5701144220459904e-05,27.90219953125572,60.982894265922596,13.60214872074138,nan,nan
254.46,174.5179443359375,-189.78335571289062,-39.907081604003906,175.16446911623152,-189.68248981354878,-39.90423782057029,0.6543518230191467,0.36452802918437804,0.052470421299760116,3.642035905413417e-05,27.767300230885983,62.243168595753474,nan,nan,nan
254.47,174.51422119140625,-189.7919921875,-39.90913772583008,175.1609377373826,-189.69126596084092,-39.9063985026918,0.6545193403712016,0.3645779691397241,0.052490425421505546,3.7154033822029084e-05,27.634794445154064,60.838551077521025,nan,nan,nan
254.48000000000002,174.5104522705078,-189.8006134033203,-39.911163330078125,175.1573552684226,-189.70003930375253,-39.90788272495541,0.6546826716700145,0.3646279963467587,0.052510493880979024,3.637061264079082e-05,27.61377083491238,62.24428042494327,nan,0.27692500485112864,nan
254.49,174.50662231445312,-189.8092498779297,-39.91315460205078,175.15371162382522,-189.7088153294666,-39.909979506480866,0.6548448320484117,0.3646781111648842,0.05253062687491563,3.7102952032295254e-05,27.4777534780293,60.636918298912136,nan,nan,nan
254.5,174.5027313232422,-189.81787109375,-39.91510772705078,175.12453163705928,-189.70472501532618,-39.91226562085184,0.6320172014220561,0.36460997255300637,0.05252575824273686,3.629961763742325e-05,27.852326748432123,61.068351677938026,8.321314361464292,0.10904488188433091,nan
254.51000000000002,174.498779296875,-189.82650756835938,-39.917022705078125,175.12074020243523,-189.7134723687632,-39.91429114392847,0.6321548748679869,0.3646598696689911,0.0525458961087745,3.702977218233058e-05,27.72105597883657,59.571872226961176,nan,nan,nan
254.52,174.4947967529297,-189.8351287841797,-39.91889953613281,175.11690332818975,-189.72221560732496,-39.915173728228055,0.632281470655099,0.3647098539623385,0.0525660985243791,3.625288985790233e-05,27.788869099488615,61.43609238038502,nan,0.804502838218166,nan
254.53,174.49073791503906,-189.84376525878906,-39.920738220214844,175.11300479471646,-189.73096293708235,-39.9171153558346,0.6324188157164413,0.36475992575209665,0.05258636567670426,3.6981858445343575e-05,27.651474615107595,59.56322404343852,nan,nan,nan
254.54,174.4866485595703,-189.85238647460938,-39.922542572021484,175.10905991641079,-189.73970710270038,-39.91815709706642,0.6325438880966175,0.36481008501716555,0.052606697669685364,3.6207652138457284e-05,27.715107699116064,61.17423021754802,nan,0.49167724046330435,nan
254.55,174.48248291015625,-189.8610076904297,-39.924312591552734,175.0920837371664,-189.7414938766288,-39.92000198822498,0.621220815235411,0.36474189722688954,0.05260175450364453,3.691207284004011e-05,27.944670789205958,60.0989146828546,1.974587427789494,nan,nan
254.56,174.47828674316406,-189.86964416503906,-39.92604446411133,175.08802263231277,-189.75021803846485,-39.91994630238903,0.6213514639886815,0.36479183857854913,0.05262209054406469,3.614145564997447e-05,28.361095606602834,59.95049938403519,nan,2.3429112512408214,nan
254.57,174.47402954101562,-189.87826538085938,-39.92774200439453,175.08389771903367,-189.7589482307807,-39.921719984446604,0.6214596057558383,0.36484186731438467,0.05264249152041753,3.6867338630630235e-05,28.20542175938745,60.7034531947524,nan,nan,nan
254.58,174.4697265625,-189.88690185546875,-39.92940902709961,175.07971592402012,-189.76768137380577,-39.92447769687268,0.6215503699890175,0.3648919834463379,0.052662957544592076,3.609926875834162e-05,27.78756212648313,58.95648689178245,nan,0.6860118522504005,nan
254.59,174.4653778076172,-189.89552307128906,-39.93103790283203,175.07549106828162,-189.7764109177054,-39.92619577145551,0.6216504984363765,0.36494218724388355,0.05268348879191669,3.682416553051358e-05,27.64067854346622,60.38121819457481,nan,nan,nan
254.6,174.46096801757812,-189.90414428710938,-39.93263626098633,175.1117920641901,-189.80026261799222,-39.928702583214786,0.6590742102735931,0.36487394985183813,0.05267846723215531,3.603629930433898e-05,27.474272448979246,60.23863871113789,14.543534699931858,0.32953068053966056,nan
254.61,174.45651245117188,-189.9127655029297,-39.9342041015625,175.107536014322,-189.8090166372327,-39.9303669087456,0.6592497485466355,0.36492393550620456,0.052699001681173994,3.675936569910777e-05,27.337214189210012,60.04098072126972,nan,nan,nan
254.62,174.45201110839844,-189.92140197753906,-39.93574142456055,175.10322475703674,-189.81777390174443,-39.933245867981945,0.6594120275429829,0.36497400847447115,0.05271960138091208,3.599714400807372e-05,27.00408627423973,58.451575457304195,nan,1.0336981833830396,nan
254.63,174.4474639892578,-189.93002319335938,-39.9372444152832,175.09887300789188,-189.82652733057984,-39.9348619622224,0.6595837924425294,0.3650241689994141,0.05274026650018502,3.671935434204693e-05,26.878102957469036,59.75158777028124,nan,nan,nan
254.64000000000001,174.44287109375,-189.9386444091797,-39.938720703125,175.09446677459806,-189.8352841372989,-39.93784765504056,0.6597431616288822,0.3650744171331,0.05276099716058255,3.595947236984696e-05,26.637568141215816,59.26421334940671,nan,1.3077407155580074,nan
254.65,174.43824768066406,-189.947265625,-39.94016647338867,175.10345685214668,-189.85166200904254,-39.939415331595555,0.6720445352971203,0.36500612997412274,0.05275589340901263,3.6657866197204e-05,26.229862697190235,59.54484899406747,2.2771325018647413,nan,nan
254.66,174.43365478515625,-189.9558868408203,-39.94158172607422,175.0990254004978,-189.86043605756205,-39.94243352086601,0.6721827380548889,0.36505615974648065,0.0527766264120949,3.590119920258435e-05,26.125974048926114,59.51108257347361,nan,1.4580155893857696,nan
254.67000000000002,174.42910766601562,-189.9645233154297,-39.942970275878906,175.0946453466895,-189.86920608435548,-39.943964037153705,0.672329358646408,0.36510627696827497,0.05279742502793209,3.6620967879771445e-05,26.026627014521303,57.7473542292492,nan,nan,nan
254.68,174.4246368408203,-189.97314453125,-39.944332122802734,175.0890131203204,-189.8767745845291,-39.946385985633995,0.6713324256625026,0.3608162645603585,0.04918156298832438,3.5865972021495286e-05,35.38626319769916,68.24899140758316,nan,0.565852035106197,0.0003982270688362192
254.69,174.42025756835938,-189.9817657470703,-39.9456672668457,175.08477777173036,-189.88554293275996,-39.9478725159276,0.6714542380576141,0.3608687802430496,0.049194906601878925,3.658504360506978e-05,35.25073381757381,68.29075153711649,nan,nan,nan
254.70000000000002,174.41595458984375,-189.99038696289062,-39.94697189331055,175.08477033270006,-189.89393980716486,-39.949521939725344,0.6757388951930667,0.3608002704694438,0.04919097390358177,3.581080625250798e-05,35.60687728327567,68.31266574456035,0.7652823989000457,0.011419847221043973,nan
254.71,174.41172790527344,-189.99900817871094,-39.9482536315918,175.08070722926766,-189.90270117624968,-39.95095983039058,0.6758814231555544,0.3608525577323126,0.04920435135044174,3.65283505796594e-05,35.47739585911573,67.81635771351203,nan,nan,nan
254.72,174.4075927734375,-190.00762939453125,-39.94950866699219,175.07676883985565,-189.91150720825812,-39.95350316828307,0.6760562392296612,0.3609049298874475,0.04921778459233138,3.577903788255504e-05,35.57435704002822,68.14656764369985,nan,0.8622231764890407,nan
254.73000000000002,174.40354919433594,-190.01625061035156,-39.950740814208984,175.07287132049817,-189.92026834784977,-39.95490343196155,0.6761819508622239,0.3609573910852995,0.04923127841039794,3.649600841871088e-05,35.454474670613514,68.03397282462227,nan,nan,nan
254.74,174.39956665039062,-190.02487182617188,-39.95194625854492,175.06906441720724,-189.92903912645983,-39.95653403025318,0.6763373520335738,0.3610099375175754,0.04924482840405414,3.5748683649248056e-05,35.42185942343435,67.70748259094576,nan,0.04366334258611281,nan
254.75,174.3956756591797,-190.0334930419922,-39.953128814697266,175.05382902343322,-189.93595194674677,-39.95805995069308,0.6653603777218274,0.3609413288365963,0.04924095018803369,3.6442424456540575e-05,34.927588638970064,67.78877037361593,2.83704507018855,nan,nan
254.76000000000002,174.39186096191406,-190.0421142578125,-39.95428466796875,175.05016669398452,-189.94473208880504,-39.95979366543902,0.6654923536529543,0.36099364662805833,0.04925453365529693,3.569793617582045e-05,34.96394201651827,67.97732175258606,nan,0.10707618522871569,nan
254.77,174.38812255859375,-190.0507354736328,-39.955421447753906,175.0465668792093,-189.95349719113258,-39.96111167013092,0.665609934995849,0.3610460532634604,0.04926817778105826,3.6413010586361627e-05,34.85691826421579,67.5807669204117,nan,nan,nan
254.78,174.3844451904297,-190.05935668945312,-39.95653533935547,175.0430631850197,-189.96228438588216,-39.96299816055618,0.665764570232003,0.3610985451472549,0.0492818785347983,3.5670373422854645e-05,34.99412802883651,67.41594171470383,nan,0.23685956812908687,nan
254.79,174.380859375,-190.06797790527344,-39.95762634277344,175.0396123907433,-189.97104980047862,-39.96427863495082,0.6658790027033458,0.36115112611073075,0.04929564014895569,3.6385016601618787e-05,34.894033799555636,67.74215358074417,nan,nan,nan
254.8,174.37733459472656,-190.0766143798828,-39.95869445800781,175.05891441047913,-189.98634769509601,-39.966053341582466,0.6875705584092242,0.3610824150396378,0.049291808116150575,3.562248017575601e-05,35.511920622097875,66.88002004269846,4.266500623973798,0.17432723491860194,nan
254.81,174.37388610839844,-190.08523559570312,-39.959739685058594,175.05564437391197,-189.99511931105852,-39.96729766777533,0.6877298891693748,0.3611347670356402,0.04930560262743573,3.6335848044976253e-05,35.42011231189001,68.2122087263052,nan,nan,nan
254.82,174.37049865722656,-190.09385681152344,-39.96076583862305,175.0523958631306,-190.00384158778908,-39.96713247242597,0.6878423321878914,0.3611872042930324,0.04931945420584306,3.5597609128092e-05,34.844032832826045,67.36221673080685,nan,1.317035258148262,nan
254.83,174.3671875,-190.10247802734375,-39.96177291870117,175.04926326612033,-190.01261365742698,-39.96832336184263,0.6880013546603876,0.36123973043125496,0.0493333667366272,3.6310637826437564e-05,34.744267243145465,67.30970094691124,nan,nan,nan
254.84,174.3639373779297,-190.11109924316406,-39.96276092529297,175.04612447165175,-190.02131054628842,-39.96734090271613,0.6880859082416808,0.36129234217245887,0.04934733670435377,3.557404094144087e-05,34.01030488328557,66.39029120958583,nan,3.1691253949683733,nan
254.85,174.36074829101562,-190.11972045898438,-39.96372604370117,175.04604872761317,-190.03097674213217,-39.968463717160766,0.6910387697020612,0.3612235326546972,0.049343550782625034,3.626429940250518e-05,34.00338367438268,66.46010174404472,0.07345187433749834,nan,nan
254.86,174.35763549804688,-190.12835693359375,-39.96467208862305,175.04311693135872,-190.03975015094136,-39.96955735933164,0.6912017239686055,0.36127591520775054,0.049357553225147885,3.553017532682272e-05,33.917587936530495,65.40261644491076,nan,0.0002409656311099163,nan
254.87,174.3545684814453,-190.13697814941406,-39.96560287475586,175.0402487589283,-190.04852465402985,-39.97065141449745,0.6913804679974365,0.3613283864434395,0.04937161671750105,3.624175711602912e-05,33.809283565460234,65.97871632253998,nan,nan,nan
254.88,174.35157775878906,-190.14559936523438,-39.96651077270508,175.03745227450753,-190.0573095721868,-39.972025661075804,0.6915557481954494,0.3613809432926433,0.04938573806812114,3.5509144466269956e-05,33.82204767883821,66.56400462355836,nan,0.06085039195505529,nan
254.89000000000001,174.3486328125,-190.15423583984375,-39.967403411865234,175.03470649405298,-190.0660851341899,-39.973087676227436,0.6917369111795861,0.36143358906165524,0.049399920681395704,3.6220503066088084e-05,33.72142605802675,64.81272338806065,nan,nan,nan
254.9,174.34576416015625,-190.16285705566406,-39.96827697753906,175.0543972236121,-190.08366854088922,-39.97304797187165,0.7130598866028075,0.36136467813931467,0.049396173323381316,3.546784275207156e-05,33.32120613011737,66.67595874147771,4.965419495163781,0.9218985691778514,nan
254.91,174.3429412841797,-190.17147827148438,-39.96913146972656,175.05180588705966,-190.09246243981258,-39.97406635770031,0.7132719537387384,0.3614170943958655,0.049410387797554155,3.6178131177608135e-05,33.21401712864199,66.45863274358068,nan,nan,nan
254.92000000000002,174.3401641845703,-190.18011474609375,-39.969970703125,175.0492597702217,-190.10124538073111,-39.974708114049406,0.7134839657940951,0.36146959627393777,0.04942466053793617,3.544923066319553e-05,33.039434858285404,64.79044992957269,nan,0.08934100119727154,nan
254.93,174.33746337890625,-190.18873596191406,-39.970794677734375,175.0467807019169,-190.11004031499732,-39.97569075071437,0.7136862343476067,0.36152218687596704,0.049438994648421664,3.615937086275218e-05,32.93080474863394,66.20665488775202,nan,nan,nan
254.94,174.33480834960938,-190.19737243652344,-39.97159957885742,175.04434134599222,-190.11882118066623,-39.97618490392057,0.7138826219755605,0.3615748634385888,0.049453387383864865,3.543178489502402e-05,32.72663308484497,64.81666286507894,nan,0.15401963368841198,nan
254.95000000000002,174.3321990966797,-190.20599365234375,-39.97239303588867,175.0357018678228,-190.11909961789794,-39.97728861020612,0.7088657763471284,0.3615058545323942,0.049449677608559825,3.611950703522834e-05,33.87596060382876,65.3417814956805,7.742545821323477,nan,nan
254.96,174.32965087890625,-190.21463012695312,-39.973167419433594,175.0334071238557,-190.12789797069627,-39.979343110861706,0.709107508350422,0.36155830136040057,0.04946410172129364,3.539405553798543e-05,34.156654794621396,64.79515774292123,nan,0.8643013440399271,nan
254.97,174.3271484375,-190.2232666015625,-39.97392272949219,175.03112920034815,-190.13666310720924,-39.98027506869128,0.7093161720331446,0.36161083671853095,0.04947858731705424,3.610311104207881e-05,34.064145339935585,64.85000455032947,nan,nan,nan
254.98000000000002,174.32469177246094,-190.2318878173828,-39.974666595458984,175.02886947817012,-190.1453975784829,-39.980135153967,0.7094904564368492,0.3616634580408296,0.04949313192797449,3.5378853713577085e-05,33.656864943684006,65.40720979818698,nan,0.772651027806011,nan
254.99,174.32229614257812,-190.2405242919922,-39.975399017333984,175.02669111218586,-190.15416413297874,-39.98102843797322,0.7096915109047324,0.3617161681335618,0.04950773824575434,3.608785289815187e-05,33.557212616677,64.15496266815903,nan,nan,nan
255.0,174.3199462890625,-190.24916076660156,-39.976112365722656,175.03447521366482,-190.1636581444554,-39.9806868880762,0.7196410276950432,0.3616470587916505,0.049504059154611785,3.534336945980262e-05,33.763091351704304,64.17116439044297,1.9053904701820423,1.1988925642066788,nan
255.01000000000002,174.317626953125,-190.25779724121094,-39.976810455322266,175.03240895361688,-190.17241899691584,-39.981541894318845,0.7198785587451997,0.36169953882965655,0.04951869619970897,3.6051461541115925e-05,33.66192936222149,63.88418454275864,nan,nan,nan
255.02,174.31536865234375,-190.2664337158203,-39.97749710083008,175.03037096900525,-190.18116294441256,-39.981760970438735,0.7200816605578982,0.3617521048318006,0.049533392637070586,3.5330284670152904e-05,33.42480983099708,63.766795774045,nan,0.2685645263621185,nan
255.03,174.3130340576172,-190.27505493164062,-39.978275299072266,175.0283375183502,-190.18992504430167,-39.982636132777664,0.7203645990230167,0.3618047594145819,0.04954815090392391,3.6038380171425735e-05,33.30887747360006,64.87404829050179,nan,nan,nan
255.04,174.3106231689453,-190.28369140625,-39.97914123535156,175.02623187979864,-190.19868858533607,-39.98363138842863,0.720653500711089,0.36185750029669506,0.049562968910919804,3.531821765425472e-05,33.226381776282366,63.70972715795395,nan,0.000557042456383839,nan
255.05,174.3081512451172,-190.29232788085938,-39.980098724365234,175.00852443553714,-190.19839575531603,-39.98447980287104,0.7066576568020673,0.36178829344540847,0.04955931874076453,3.600415804688919e-05,33.7204247195895,63.145126020873455,6.512440384546997,nan,nan
255.06,174.30560302734375,-190.30096435546875,-39.981143951416016,175.00619377398831,-190.2070825296012,-39.9836675992755,0.7068575247606363,0.3618408040479505,0.04957416693208909,3.528582422127388e-05,33.24272527895228,62.630750736620506,nan,2.6558516721399434,nan
255.07,174.302978515625,-190.3096160888672,-39.982276916503906,175.0038479558638,-190.2158219773916,-39.98488003033859,0.7071223966257638,0.3618934030442638,0.0495890770806237,3.599311994461296e-05,33.12899678566635,61.254479664460945,nan,nan,nan
255.08,174.30029296875,-190.31825256347656,-39.98349380493164,175.0014164037575,-190.22454655085025,-39.985591810790474,0.7073607916386281,0.3619460883341465,0.04960404732929329,3.5275692770745274e-05,32.940942479057746,62.55649511753695,nan,0.24044813454084293,nan
255.09,174.2975311279297,-190.32688903808594,-39.984798431396484,174.99893232559126,-190.23328685994994,-39.9869726241118,0.7076225935813861,0.3619988622623879,0.04961907976964222,3.5983062662440284e-05,32.823817899519256,62.222403575028274,nan,nan,nan
255.1,174.29470825195312,-190.3355255126953,-39.986183166503906,174.9980908379559,-190.2412677131611,-39.98641447830872,0.7096700984049928,0.36192955592172793,0.04961545216898698,3.52452194035711e-05,32.891057551192596,62.39344791966072,0.24665273575339,2.7897458041290784,nan
255.11,174.2918243408203,-190.3441619873047,-39.98765563964844,174.9954743598522,-190.2500039545049,-39.98794548339354,0.7099219453106879,0.36198209925576247,0.049630514108520145,3.595180853770899e-05,32.768168256495585,62.17971300198119,nan,nan,nan
255.12,174.2888641357422,-190.35279846191406,-39.98920822143555,174.99280952471716,-190.25875712523847,-39.99023819798521,0.710199932775658,0.36203472887332777,0.04964563649567955,3.523689620923862e-05,32.67327861377253,62.06481093155571,nan,0.3201797744408946,nan
255.13,174.2858428955078,-190.3614501953125,-39.990840911865234,174.99006094117104,-190.26749379285226,-39.991942416533234,0.7104590591396072,0.3620874469474915,0.049660821211181455,3.594360607479635e-05,32.557070522911964,60.96382894607205,nan,nan,nan
255.14000000000001,174.2827606201172,-190.37008666992188,-39.9925537109375,174.98727082777881,-190.27625201139506,-39.99462531428435,0.710734737705074,0.3621402516356584,0.04967606671191586,3.5229440403987487e-05,32.522630618403625,62.204798478309996,nan,0.5604187031221667,nan
255.15,174.27960205078125,-190.37872314453125,-39.99435043334961,174.94729587223662,-190.26872279308796,-39.9965791745327,0.6766979265629443,0.36207084827840275,0.04967245925828504,3.5914185535655526e-05,32.901725176221866,60.99183341388193,14.889385432449219,nan,nan
255.16,174.27639770507812,-190.38735961914062,-39.996219635009766,174.94427841800115,-190.2774111766818,-39.9979478624872,0.6768724351485299,0.36212342214410753,0.049687733658124386,3.520157914658718e-05,32.726335276043464,61.52783093857277,nan,0.24170958808261875,nan
255.17000000000002,174.2731170654297,-190.39601135253906,-39.9981689453125,174.94121338617498,-190.2861133943969,-39.99997834369777,0.6770771956872649,0.3621760842881123,0.04970307052740412,3.59077073747816e-05,32.61478107508222,59.89969134193371,nan,nan,nan
255.18,174.269775390625,-190.40464782714844,-40.00019454956055,174.93813060828188,-190.2948556648019,-40.00385473865889,0.6773229752977088,0.36222883302960945,0.04971846851331696,3.519575383206589e-05,32.78390212798884,61.25427385545194,nan,2.1820232873746286,nan
255.19,174.26638793945312,-190.4132843017578,-40.002262115478516,174.9349425125333,-190.30355830008386,-40.00603989104111,0.6775096192807625,0.36228167029893554,0.049733929213057075,3.590205545004538e-05,32.67975188457694,61.360046616646095,nan,nan,nan
255.20000000000002,174.26292419433594,-190.4219207763672,-40.00432586669922,174.93989653157766,-190.30937121470114,-40.00927939307805,0.686282366555723,0.3622121683727336,0.04973033600566267,3.516949784698072e-05,34.00931054805196,61.37683574305615,4.219456393950921,0.8523923965542929,nan
255.21,174.25941467285156,-190.43057250976562,-40.006370544433594,174.93660209609325,-190.31805300933647,-40.011484696698425,0.6864907856096364,0.3622647745112205,0.04974582488478663,3.587511382982432e-05,33.92406878228436,60.324195369593305,nan,nan,nan
255.22,174.25582885742188,-190.439208984375,-40.008384704589844,174.9332659039854,-190.32675023546543,-40.01438602524662,0.6867342558170704,0.36231746722608166,0.049761375200252464,3.51651811238394e-05,34.10137569896721,61.27185285215294,nan,0.36332312764710406,nan
255.23000000000002,174.252197265625,-190.44784545898438,-40.0103645324707,174.92985420100487,-190.33543214968165,-40.01654188902246,0.6869452917887985,0.3623702482961294,0.04977698837849399,3.587100595523565e-05,34.022659678551086,61.33655959522139,nan,nan,nan
255.24,174.24850463867188,-190.45648193359375,-40.012306213378906,174.92640779858488,-190.34413402874787,-40.01964348762627,0.6871888980016124,0.36242311626788243,0.04979266332128723,3.516158704641481e-05,34.37224919308021,61.64759920317604,nan,0.672838582096137,nan
255.25,174.24476623535156,-190.46511840820312,-40.01421356201172,174.9126701287242,-190.35025037992207,-40.02177629660084,0.677751775842714,0.36235351784031083,0.04978908139371626,3.5845579843333735e-05,34.164925101213356,61.509620704544695,0.9425962301756928,nan,nan
255.26000000000002,174.24095153808594,-190.47377014160156,-40.01607894897461,174.90905721774683,-190.3589192317262,-40.023248223980396,0.6779434557531023,0.3624061544492458,0.04980478386128347,3.513748836078149e-05,33.918350644690896,59.94953222133515,nan,0.2413522784623869,nan
255.27,174.2371063232422,-190.48240661621094,-40.01791000366211,174.90540209607462,-190.36759948304507,-40.0252653434748,0.6781253710304824,0.362458879244408,0.049820549344186234,3.58428935088418e-05,33.84722651703867,61.30393680908144,nan,nan,nan
255.28,174.23318481445312,-190.4910430908203,-40.01970291137695,174.90168804750215,-190.37627592318213,-40.027069665161235,0.6783231858236929,0.36251169091340124,0.04983637689653827,3.513523617156569e-05,33.76653731264304,60.80660844801463,nan,0.021987640366079635,nan
255.29,174.22921752929688,-190.4996795654297,-40.021461486816406,174.89792368168685,-190.3849554575056,-40.02901431096851,0.6785179322139168,0.3625645910233665,0.04985226771757857,3.584088776368415e-05,33.69756501093399,60.779358030663005,nan,nan,nan
255.3,174.22520446777344,-190.50831604003906,-40.02318572998047,174.89266357270728,-190.39175254269213,-40.02958685417349,0.6775910861749627,0.36249489491997117,0.049848691531787316,3.511244976156844e-05,33.462447530441004,60.18577896873856,2.2000809034577102,0.8899992328793388,nan
255.31,174.22113037109375,-190.51695251464844,-40.02487564086914,174.88879011935236,-190.40042490651035,-40.03144792671734,0.6777841971043662,0.3625475633653797,0.049864609123701484,3.581748497337236e-05,33.38649604597469,59.880284649158135,nan,nan,nan
255.32,174.2169952392578,-190.5255889892578,-40.02653121948242,174.88484346127314,-190.40907960956235,-40.032308990348405,0.6779594868738309,0.3626003186520759,0.04988058907920897,3.511142694736983e-05,33.01727336383568,59.317771848778825,nan,0.6556802786552911,nan
255.33,174.2128143310547,-190.5342254638672,-40.02815246582031,174.88086546433993,-190.4177513936345,-40.03409476033117,0.6781547290879324,0.3626531622165776,0.04989663246251807,3.581673494734726e-05,32.93839796356466,59.3755318615449,nan,nan,nan
255.34,174.20858764648438,-190.54286193847656,-40.02974319458008,174.87684713791822,-190.42643202106765,-40.03636982969301,0.6783587442144345,0.36270609294247347,0.0499127385292817,3.51109928489713e-05,33.08924677244154,59.50013740996972,nan,0.19050030659811953,nan
255.35,174.20431518554688,-190.55149841308594,-40.03129959106445,174.85805338865367,-190.43653200033577,-40.03810475684084,0.6638051103623637,0.3626363008774736,0.049909164680277306,3.5794556833517484e-05,31.89993547541338,59.46083197855813,5.403147412925435,nan,nan
255.36,174.19998168945312,-190.5601348876953,-40.0328254699707,174.85386231203742,-190.4451921001224,-40.03798229433293,0.6639264310477191,0.3626889997031176,0.04992529681149567,3.508994707965069e-05,31.25083050847993,58.46140156945,nan,2.327154395978845,nan
255.37,174.1956024169922,-190.5687713623047,-40.034324645996094,174.84965907640898,-190.45388216970164,-40.039632161494175,0.6640917180820732,0.36274178664706264,0.0499414925323241,3.579495129599029e-05,31.167067400416382,58.220066914410644,nan,nan,nan
255.38,174.19125366210938,-190.57740783691406,-40.035789489746094,174.84541584638276,-190.46255102513138,-40.0399632291836,0.6641819559782597,0.36279466071317246,0.04995775121736059,3.5090591542464444e-05,30.761245001480543,58.207843568922655,nan,1.1683282681825422,nan
255.39000000000001,174.18695068359375,-190.58604431152344,-40.037227630615234,174.84123397963543,-190.47124023215807,-40.04154263151182,0.6642930282268786,0.36284762315751473,0.04997407375323881,3.579589393082976e-05,30.669559022989848,57.801586248881804,nan,nan,nan
255.4,174.18270874023438,-190.5946807861328,-40.038639068603516,174.8700508626259,-190.4828255362622,-40.044017177192536,0.6964048493436144,0.36277773428269944,0.049970496988088586,3.507059424550069e-05,32.53892459617709,58.16600228904595,13.978565185197008,0.4971919987900067,nan
255.41,174.1785430908203,-190.6033172607422,-40.040016174316406,174.8660562485512,-190.49149584700658,-40.04555122029836,0.6965694562331413,0.3628304645317511,0.0499868448006397,3.5775328635322266e-05,32.456487519547196,58.345454328477864,nan,nan,nan
255.42000000000002,174.17446899414062,-190.61195373535156,-40.0413703918457,174.86216179636455,-190.50018432159544,-40.04828261913787,0.6967507236940016,0.3628832818592112,0.05000325584839508,3.507221658414497e-05,32.84783958836658,58.72228431318901,nan,1.054004017175403,nan
255.43,174.17047119140625,-190.62057495117188,-40.04269790649414,174.8583232855377,-190.50885419216252,-40.04977546401033,0.6969018031365928,0.36293618741101397,0.0500197309139623,3.5777268209599556e-05,32.769045460392505,59.646325079926655,nan,nan,nan
255.44,174.16653442382812,-190.62921142578125,-40.04399871826172,174.854581328001,-190.51753754462385,-40.05220144532701,0.6970989046081826,0.36298918035627914,0.05003626952737807,3.5074307757463485e-05,33.1748654637893,58.55701058110551,nan,0.6464622947153233,nan
255.45000000000002,174.16268920898438,-190.63784790039062,-40.04527282714844,174.8542216874847,-190.52347385113367,-40.05366840014497,0.700977230450596,0.3629191960846344,0.05003268609638243,3.575766976153499e-05,33.86304182805851,58.8115217648929,1.5132478304978092,nan,nan
255.46,174.15892028808594,-190.646484375,-40.0465202331543,174.85059032520275,-190.5321032409122,-40.05326438872228,0.7010962613755006,0.362971956595445,0.05004924923103434,3.50556811549735e-05,33.077193672512806,58.04875644237381,nan,2.3596688398471084,nan
255.47,174.1552276611328,-190.65512084960938,-40.04774475097656,174.84706714049278,-190.54075784392884,-40.05464893783229,0.7012620266815384,0.3630248051801713,0.05006587655221894,3.576050815713659e-05,33.00095807549895,57.86864502105291,nan,nan,nan
255.48000000000002,174.151611328125,-190.6637420654297,-40.04894256591797,174.8435738258829,-190.54937805285599,-40.05343795482219,0.7013639812513388,0.3630777411082474,0.050082567680323285,3.505861801478313e-05,32.1303743541418,58.2343043178003,nan,4.654763196724395,nan
255.49,174.14805603027344,-190.67237854003906,-40.05011749267578,174.84019795763237,-190.5580324463006,-40.0547501681393,0.7015389785630846,0.36313076537510397,0.050099323262930935,3.5763778011026205e-05,32.04375671507475,56.78246762656213,nan,nan,nan
255.5,174.1445770263672,-190.68101501464844,-40.05126953125,174.82749763478694,-190.56164429670764,-40.055615226189786,0.6932884037473955,0.3630606851339033,0.05009572813194225,3.5040809256790794e-05,32.19820752661909,56.647131636697324,2.717209964400503,0.26039757338692726,nan
255.51000000000002,174.14117431640625,-190.6896514892578,-40.052398681640625,174.82424772638876,-190.57028643076558,-40.056880380690956,0.6934388121819903,0.36311347667779015,0.050112507414398925,3.5745433258399085e-05,32.111002449208584,56.68616577425319,nan,nan,nan
255.52,174.13783264160156,-190.6982879638672,-40.053504943847656,174.82103638747162,-190.57890625431432,-40.05628605888139,0.6935611620812381,0.363166355510674,0.05012935075408576,3.5044504139752695e-05,31.66043791910128,56.12635239276532,nan,2.3784495657869247,nan
255.53,174.13455200195312,-190.70692443847656,-40.05459213256836,174.81792234180185,-190.5875488023951,-40.057489690316025,0.6937247002346904,0.36321932253712336,0.05014625872075969,3.5749474551845376e-05,31.565948269231175,55.805938438714854,nan,nan,nan
255.54,174.13134765625,-190.71554565429688,-40.0556526184082,174.81484720031327,-190.59617157537687,-40.0569708726963,0.6938469105264221,0.36327237716292354,0.05016323105123447,3.504856368036778e-05,31.26920036273501,57.03289340630763,nan,2.0381334905711013,nan
255.55,174.12820434570312,-190.72418212890625,-40.05669403076172,174.80172048964627,-190.60029025945408,-40.05825993474982,0.684817963785777,0.3632022021139291,0.05015962020761125,3.573187441339337e-05,31.371529520322575,55.648002483531194,2.021663582173237,nan,nan
255.56,174.1251220703125,-190.73281860351562,-40.057716369628906,174.7987756982614,-190.60891799860994,-40.05886786497949,0.6849539373463474,0.3632550237745418,0.05017661543626941,3.503180633916257e-05,31.232913674347603,55.459497943529065,nan,0.19082156706563896,nan
255.57,174.12210083007812,-190.741455078125,-40.0587158203125,174.79590110116945,-190.61755211792828,-40.05997158940244,0.6850987708529751,0.3633079334866464,0.0501936754652286,3.573660282599113e-05,31.131687192759514,55.50613167458084,nan,nan,nan
255.58,174.119140625,-190.75009155273438,-40.059696197509766,174.79309700696032,-190.62619354566337,-40.06170045399127,0.6852531926122344,0.36336093073789905,0.050210800097808046,3.503651140125366e-05,31.09497739055303,55.482045916415665,nan,0.2923492841463356,nan
255.59,174.11622619628906,-190.75872802734375,-40.0606575012207,174.7903428445932,-190.6348283304189,-40.06277290443545,0.6854114569728382,0.363414016310035,0.050227989804270366,3.574166270137505e-05,30.99943284068616,55.11892664516381,nan,nan,nan
255.6,174.11338806152344,-190.76736450195312,-40.06159973144531,174.7743331633412,-190.63051380988466,-40.064492091637575,0.6749702995569418,0.3633437461081752,0.050224358377852225,3.502037572425504e-05,32.39012119137349,55.491063053166,9.262956270263368,0.29956767834050685,nan
255.61,174.110595703125,-190.7760009765625,-40.062522888183594,174.77167250303484,-190.63910849375642,-40.06553510904763,0.6751082585055336,0.36339659843278965,0.05024157012782378,3.5725010575336005e-05,32.29977862674764,55.22290292306773,nan,nan,nan
255.62,174.1078643798828,-190.78463745117188,-40.06342697143555,174.76907291693087,-190.64770730600003,-40.06692344448515,0.67524722838809,0.3634495382324883,0.05025884671342696,3.502565188536513e-05,32.28930176500346,55.39553716631811,nan,0.09294115945373328,nan
255.63,174.10519409179688,-190.79327392578125,-40.06431579589844,174.76652312119526,-190.6563031667121,-40.067935029957205,0.6753740984226204,0.3635025662156607,0.050276188548652276,3.5730650728419166e-05,32.201161853113696,55.3556407235202,nan,nan,nan
255.64000000000001,174.10256958007812,-190.80191040039062,-40.065185546875,174.76402585375456,-190.66489859466455,-40.06883020911561,0.6755071579613968,0.36355568198003924,0.05029359552110536,3.503120464534651e-05,32.10880274830743,55.198631086991476,nan,0.0069866064481259125,nan
255.65,174.09999084472656,-190.81056213378906,-40.066036224365234,174.787377509677,-190.68896985082964,-40.069692271883504,0.6980676737325738,0.36348531758207503,0.05028993930602963,3.571455671562441e-05,31.149432488269397,54.22801695440523,11.93882678380842,nan,nan
255.66,174.09747314453125,-190.81919860839844,-40.066871643066406,174.7850195001988,-190.69760156641797,-40.069956511092485,0.6982229931912052,0.3635381998541808,0.05030736747682707,3.501585214956159e-05,30.942091936497917,55.251044502722564,nan,0.3403212322646505,nan
255.67000000000002,174.09500122070312,-190.8278350830078,-40.06768798828125,174.7827215041179,-190.70624011992544,-40.070892502931905,0.6983944388246738,0.3635911701750963,0.05032486107295778,3.572070643288811e-05,30.853488959488363,55.214377620947126,nan,nan,nan
255.68,174.09259033203125,-190.8364715576172,-40.06848907470703,174.77617609669994,-190.72668958657988,-40.07066279669708,0.6923483977664758,0.3635084521637328,0.04930818804577475,3.502134280356196e-05,39.59516190111723,64.18066484737376,nan,0.9195267685371692,0.13508659272227558
255.69,174.0902099609375,-190.84510803222656,-40.06927490234375,174.7739686501059,-190.73535166308505,-40.07155704551657,0.6925154249241503,0.3635610831087039,0.049321857307712505,3.572655170631133e-05,39.466467493053706,63.740193450658026,nan,nan,nan
255.70000000000002,174.087890625,-190.853759765625,-40.070045471191406,174.77142110595307,-190.73771705970893,-40.07479185886213,0.6933270196553541,0.3634916623764418,0.049317847015120576,3.5006467956128664e-05,41.24777940857963,63.471235989171475,7.4758382637962,3.489302427321664,nan
255.71,174.08560180664062,-190.86239624023438,-40.07080078125,174.76930761598595,-190.74634994566364,-40.07568170088023,0.6935014056168761,0.3635440631767488,0.049331548431489534,3.5711171464192194e-05,41.13414579001841,64.17799282916839,nan,nan,nan
255.72,174.0833740234375,-190.8710479736328,-40.07154083251953,174.7672489716233,-190.7550388666435,-40.07851461818305,0.693679819042671,0.3635965508248509,0.04934530689990105,3.501293323234884e-05,41.72109495131956,64.09373958989201,nan,2.7031222004067583,nan
255.73000000000002,174.08119201660156,-190.8796844482422,-40.072265625,174.76522662022893,-190.76367328292804,-40.079395795786596,0.6938391519456379,0.36364912552319084,0.04935912482267347,3.57180104466542e-05,41.61722287006195,65.1331049106184,nan,nan,nan
255.74,174.07904052734375,-190.88833618164062,-40.072975158691406,174.76324696181496,-190.77229925387488,-40.07993490903564,0.6940111322608375,0.3637017873619814,0.04937300014265584,3.5019602425819724e-05,41.443417516393325,63.76319153954473,nan,0.07607238226687298,nan
255.75,174.07693481445312,-190.89697265625,-40.073673248291016,174.7422574685211,-190.7793624854014,-40.080836847190426,0.6756757383925261,0.363632276448296,0.04936903788854557,3.570303536385006e-05,40.2528604515192,64.48779049349397,6.224706861148401,nan,nan
255.76000000000002,174.0748748779297,-190.90562438964844,-40.0743522644043,174.74033182816675,-190.7880042429198,-40.08135455917371,0.6758080227899838,0.3636847078997037,0.04938294496054227,3.500529056420325e-05,40.08129709755843,63.58701812354977,nan,0.0727562514715753,nan
255.77,174.07286071777344,-190.9142608642578,-40.07502365112305,174.73844920226455,-190.79665521822545,-40.082177408845205,0.6759366056927295,0.36373722630260635,0.04939691164206355,3.5710238391321225e-05,39.97538722095524,64.46289900889427,nan,nan,nan
255.78,174.0707550048828,-190.92291259765625,-40.075782775878906,174.7365483216413,-190.80530053417235,-40.082796817188004,0.6761379555184632,0.3637898317596079,0.04941093609909689,3.5012300916468273e-05,39.818087939037824,63.15964964022714,nan,0.04182175125808893,nan
255.79,174.06858825683594,-190.9315643310547,-40.07663345336914,174.73457283145203,-190.81395290337355,-40.08374908196713,0.6763272386338692,0.363842524454053,0.049425020402444196,3.5717621537609754e-05,39.700220705149185,63.34787105146391,nan,nan,nan
255.8,174.06634521484375,-190.94020080566406,-40.077571868896484,174.74237946305698,-190.8258084899335,-40.08324214864279,0.6856676007569731,0.36377292357612434,0.04942110018779391,3.4998316524885294e-05,39.233455973324176,63.953328595447346,2.283657119604577,1.3168534794036966,nan
255.81,174.06402587890625,-190.9488525390625,-40.0786018371582,174.74027188697636,-190.83446639978897,-40.084357757069,0.6858760696384455,0.3638253856350207,0.0494352157008873,3.570313563123446e-05,39.11342376557016,62.64027142082913,nan,nan,nan
255.82,174.06163024902344,-190.95750427246094,-40.079715728759766,174.73809628476457,-190.84316444908626,-40.08717614363455,0.6861017056608841,0.36387793466011725,0.049449389356030896,3.5005618007856846e-05,39.64664990415309,63.29801951110394,nan,1.8386392948604076,nan
255.83,174.05917358398438,-190.96615600585938,-40.08091735839844,174.7358432016816,-190.8518229888223,-40.08848456487306,0.686302464597893,0.3639305708250829,0.049463623020361586,3.571081388972889e-05,39.53074611033657,63.392656040129815,nan,nan,nan
255.84,174.056640625,-190.9748077392578,-40.08220672607422,174.73351867194074,-190.86048221541645,-40.089892737734395,0.6865080411817158,0.363983294247475,0.04947791516261243,3.5013065308846715e-05,39.485618653348226,63.21561501815951,nan,0.00011633766540577332,nan
255.85,174.0540313720703,-190.98345947265625,-40.08357620239258,174.71011480833002,-190.86582843016987,-40.091424470080355,0.6665914286851247,0.3639136037051138,0.04947403485606767,3.5696611683571374e-05,38.54405474923375,62.9906638270415,5.268187512861763,nan,nan
255.86,174.05136108398438,-190.9921112060547,-40.08502960205078,174.70761333417514,-190.87448134529654,-40.09238823658053,0.6667517900422611,0.3639660962485676,0.04948835774581608,3.4999468879069924e-05,38.236359192817396,62.87993753443503,nan,0.2570632458136347,nan
255.87,174.0486297607422,-191.00074768066406,-40.08656692504883,174.70504452982374,-190.8831484992457,-40.09403328902155,0.6669075371666067,0.36401867583473263,0.04950274081134588,3.570453862435381e-05,38.1178459097538,64.01484105957694,nan,nan,nan
255.88,174.04580688476562,-191.0093994140625,-40.08818817138672,174.70240778948929,-190.89181727415814,-40.095826318926335,0.6670896858790835,0.36407134258856694,0.04951718270618403,3.500714912942799e-05,38.095534308940216,62.302770619299906,nan,0.0029917552951899753,nan
255.89000000000001,174.04293823242188,-191.01805114746094,-40.08988571166992,174.699703743018,-190.90048481841433,-40.09763675291616,0.6672502201382126,0.3641240966723181,0.04953168502265198,3.571259219021537e-05,37.98243550686134,62.853847991006404,nan,nan,nan
255.9,174.0399932861328,-191.02670288085938,-40.0916633605957,174.68280664126755,-190.8947228272455,-40.09716203095274,0.6562453652919722,0.3640543167066674,0.04952783902574852,3.499377718839653e-05,38.951294891646725,61.717972105410645,17.360873493971503,4.435981419091871,nan
255.91,174.0369873046875,-191.0353546142578,-40.09352111816406,174.6799475952424,-190.90333902916439,-40.099111693315486,0.656397215463716,0.36410683966496843,0.049542371508260095,3.569871837501515e-05,38.83693059528401,61.68541658933679,nan,nan,nan
255.92000000000002,174.03392028808594,-191.04400634765625,-40.095455169677734,174.67702149222194,-190.91193402566964,-40.10014500045807,0.6565396039149957,0.3641594496999465,0.049556963160272666,3.500165080740669e-05,38.46397279125342,61.5038224608218,nan,0.7001874111620603,nan
255.93,174.03077697753906,-191.0526580810547,-40.097469329833984,174.67403334577287,-190.9205502923629,-40.10224256368419,0.6566993275980817,0.36421214696836585,0.049571615407461675,3.570696795026177e-05,38.34904437698837,61.02307954079825,nan,nan,nan
255.94,174.027587890625,-191.06130981445312,-40.09952163696289,174.67098218647027,-190.92916957634307,-40.10454472360741,0.6568428227920662,0.36426493160367807,0.04958632715132691,3.5009625064433396e-05,38.30611139687649,61.50534302523172,nan,0.014777445533159144,nan
255.95000000000002,174.02432250976562,-191.06996154785156,-40.1015739440918,174.65173850554805,-190.93595735106857,-40.1067973795786,0.6415880616075993,0.364195062494459,0.04958251277186862,3.5693283977823534e-05,37.46314085927902,61.005093391791526,3.74250793678866,nan,nan
255.96,174.02099609375,-191.07861328125,-40.103607177734375,174.64853210928266,-190.9445445676378,-40.10709731455217,0.6417071386662613,0.3642476157606546,0.049597254161831174,3.499650571218139e-05,36.922294831431834,60.44239676720811,nan,2.4776935565938745,nan
255.97,174.01760864257812,-191.08726501464844,-40.10560989379883,174.64526750119418,-190.95316903118754,-40.10922745004911,0.6418336718284434,0.36430025616395073,0.04961205632361227,3.5701693249967214e-05,36.8166635215781,60.3643593976955,nan,nan,nan
255.98000000000002,174.01417541503906,-191.09591674804688,-40.10757827758789,174.64194352235992,-190.9618083607413,-40.112104846770535,0.6419488655208351,0.3643529838417145,0.04962691830808136,3.5004629706041595e-05,36.91061112424926,60.785742206868825,nan,0.42790855643979714,nan
255.99,174.0106658935547,-191.1045684814453,-40.1095085144043,174.6385586592194,-190.97043243425333,-40.1141768236689,0.6420775634156367,0.364405798944658,0.04964184131857063,3.5710188184293894e-05,36.81227225974214,60.35160525285344,nan,nan,nan
256.0,174.00709533691406,-191.1132049560547,-40.11140441894531,174.66926130216007,-190.9872003362384,-40.11517592650402,0.6740587170376807,0.36433584094647736,0.049638053278684695,3.4991656478011204e-05,37.46215879974535,61.24732649808787,10.212635661456282,0.7707394311513605,nan
256.01,174.00347900390625,-191.12185668945312,-40.113258361816406,174.6658153217493,-190.99582519393917,-40.117165708268125,0.6742318615666844,0.3643884244351385,0.04965300531517997,3.569671016077592e-05,37.361093852437726,60.543407062738,nan,nan,nan
256.02,173.9998016357422,-191.13050842285156,-40.115081787109375,174.66231119105439,-191.00444355787425,-40.118775779402746,0.674407077840066,0.36444109510485256,0.04966801748993085,3.4999899605611136e-05,37.20159357120267,60.04479912104162,nan,0.08346108335244837,nan
256.03000000000003,173.99606323242188,-191.13916015625,-40.11686325073242,174.65875048706852,-191.01306786747602,-40.12069060865269,0.6745875120605274,0.36449385310370536,0.04968309087325887,3.570532610363815e-05,37.10098565911796,60.080555068100374,nan,nan,nan
256.04,173.99227905273438,-191.14781188964844,-40.118614196777344,174.6551346580665,-191.02171501706815,-40.12389981253794,0.6747635975130101,0.3645466985731466,0.049698224714157836,3.500820933261783e-05,37.367346188072624,60.334962532551295,nan,1.2472559537186447,nan
256.05,173.98843383789062,-191.15646362304688,-40.12032699584961,174.6378152200688,-191.02607878745152,-40.12545696642103,0.6623614583223649,0.3644766519547935,0.0496944598600382,3.569196767487448e-05,37.09831407275382,59.8916589575126,5.651164126177986,nan,nan
256.06,173.98452758789062,-191.16510009765625,-40.122005462646484,174.63406330583894,-191.03467028236824,-40.125722544056536,0.6625121903036209,0.3645292655663269,0.04970962215168123,3.499538727651719e-05,36.6329990941279,60.361060771527846,nan,1.7053894350514283,nan
256.07,173.98057556152344,-191.1737518310547,-40.123653411865234,174.6302580035373,-191.04328763899497,-40.12749382370653,0.6626635116211023,0.36458196641087576,0.04972484583678616,3.5700676872846374e-05,36.5312298894568,59.269299696538326,nan,nan,nan
256.08,173.9765625,-191.18240356445312,-40.125267028808594,174.62639898472017,-191.05191018438254,-40.12957465701306,0.6628231549791098,0.3646347546314948,0.049740130282030996,3.5003784826929116e-05,36.52903417221078,59.1577839703469,nan,0.08237261632461365,nan
256.09000000000003,173.97250366210938,-191.1910400390625,-40.12684631347656,174.62248647316272,-191.06052682767435,-40.13128590961745,0.6629713892963668,0.3646876303737835,0.049755476382396455,3.570944140714027e-05,36.428605584536115,60.35914591967235,nan,nan,nan
256.1,173.9683837890625,-191.19969177246094,-40.128395080566406,174.60142505971555,-191.0644453449895,-40.13405260141534,0.6473521870172154,0.3646174953962166,0.049751729684851476,3.499105127099605e-05,36.430132796869025,59.17078342395244,2.4596282374067897,0.7792424063876665,nan
256.11,173.96429443359375,-191.20834350585938,-40.129913330078125,174.59741163462147,-191.07305739649397,-40.135714306894045,0.6474359991199266,0.36467013903655077,0.049767103577629423,3.569619881696636e-05,36.33637656640387,59.470043328370664,nan,nan,nan
256.12,173.96023559570312,-191.21697998046875,-40.131404876708984,174.59342703323776,-191.08164383905208,-40.13569124576022,0.6475072514654749,0.36472286995763487,0.049782538523526224,3.499951352233461e-05,35.794332931235886,59.444821301135576,nan,1.9349499251439692,nan
256.13,173.95623779296875,-191.2256317138672,-40.13286209106445,174.5894978263879,-191.09025482814567,-40.13727805385125,0.6475837180172374,0.36477568830427387,0.049798035314146075,3.5705029580321724e-05,35.694209423392444,58.40686404904349,nan,nan,nan
256.14,173.9523162841797,-191.23426818847656,-40.13429260253906,174.585635424945,-191.09886547992687,-40.138829146304914,0.6476477497618912,0.3648285942207698,0.04981359347030915,3.500801764837647e-05,35.61142009517929,59.420931642234,nan,3.752340132931404e-05,nan
256.15,173.94847106933594,-191.242919921875,-40.13569259643555,174.60023940089533,-191.1174313406107,-40.14033255453559,0.663755128991571,0.36475837114801074,0.04980986140385763,3.56918559284706e-05,35.00563265059708,58.48175945714713,5.168617388074172,nan,nan
256.16,173.9447021484375,-191.25155639648438,-40.13706588745117,174.59655302365908,-191.12607010511562,-40.14204636645076,0.6638382167514122,0.3648110447192204,0.049825446724381814,3.4995362054578876e-05,34.98687412195363,59.54798339364178,nan,0.031271346923130106,nan
256.17,173.9409942626953,-191.2602081298828,-40.13841247558594,174.59294070190174,-191.13470584755103,-40.14352528694626,0.6639360837493552,0.36486380561962617,0.049841094080723736,3.5700732191554234e-05,34.89001514485401,58.06749570088535,nan,nan,nan
256.18,173.9373779296875,-191.2688446044922,-40.139732360839844,174.58940203372111,-191.14332231156206,-40.14354713411628,0.6640074026382728,0.3649166539937121,0.04985680308387508,3.500390969259924e-05,34.4495706910327,59.11827507265086,nan,1.445663935330286,nan
256.19,173.93382263183594,-191.27749633789062,-40.141021728515625,174.58593576797946,-191.15195811088412,-40.14496024881544,0.6640985624988459,0.3649695899859987,0.04987257439096489,3.5709642222528514e-05,34.348256365820475,57.88120565104311,nan,nan,nan
256.2,173.93032836914062,-191.2861328125,-40.14229202270508,174.56313807555844,-191.1540614230687,-40.145896110515295,0.6464549217786666,0.3648992790808516,0.049868852112784724,3.4991301931260346e-05,34.10437777294133,58.23198149075255,4.930384439222548,0.3046913043991133,nan
256.21,173.9269256591797,-191.29478454589844,-40.143531799316406,174.55978129050507,-191.1626879360945,-40.14725721666646,0.6465057178064061,0.3649519824847676,0.04988464988800065,3.5696520752737886e-05,34.00190070857578,57.80419782083266,nan,nan,nan
256.22,173.92356872558594,-191.3034210205078,-40.14474868774414,174.55649294103216,-191.17132250545657,-40.149238894788176,0.6465781021162552,0.3650047732655228,0.04990050958259286,3.499987600548394e-05,34.06823606971375,58.352603187780666,nan,0.29336490127948994,nan
256.23,173.9202880859375,-191.31207275390625,-40.14594268798828,174.55327221517098,-191.17994919435915,-40.15055891266068,0.6466427548338304,0.36505765156791553,0.0499164317756794,3.5705458691987745e-05,33.970562482491395,57.37369426637919,nan,nan,nan
256.24,173.91708374023438,-191.32070922851562,-40.14710998535156,174.5501178080968,-191.18857280990125,-40.15158164203357,0.6466932502447725,0.3651106175360111,0.04993241619469695,3.5008474781922545e-05,33.823387435864824,58.6776424354754,nan,0.05307632225587516,nan
256.25,173.91392517089844,-191.32936096191406,-40.14825439453125,174.51617113714423,-191.18711573599504,-40.15277479045598,0.6188330486774243,0.3650402190616283,0.04992869988712337,3.569237127888434e-05,33.52250140998728,56.855934253800505,8.068881783109402,nan,nan
256.26,173.9108428955078,-191.33799743652344,-40.14937973022461,174.51309348628948,-191.19573244751118,-40.154356373523584,0.6188455931604011,0.3650929521985126,0.04994471009601078,3.4995894507135795e-05,33.53722551161506,58.1432561297369,nan,0.07873662044327623,nan
256.27,173.90782165527344,-191.34664916992188,-40.15047836303711,174.51007812855687,-191.2043455685694,-40.15558574280575,0.6188612606212969,0.36514577276011234,0.049960782998597124,3.5701321987339016e-05,33.44282046974646,57.16180334685029,nan,nan,nan
256.28000000000003,173.90484619140625,-191.3553009033203,-40.15155792236328,174.5071219126905,-191.21298670292924,-40.159344866599305,0.6189103429269521,0.3651986808898956,0.04997691838927003,3.500450659345906e-05,34.32837459989621,57.581010075735676,nan,4.593814365418807,nan
256.29,173.90194702148438,-191.3639373779297,-40.15261459350586,174.50422715885003,-191.22160024136556,-40.160557610494,0.6189218980043751,0.36525167673358655,0.04999311674720486,3.571029188706916e-05,34.24333370485993,59.042420952131415,nan,nan,nan
256.3,173.8990936279297,-191.37258911132812,-40.15365219116211,174.5076469831989,-191.2365652179118,-40.162431248063065,0.623631908764794,0.36518119095204543,0.04998940170174643,3.499194692844914e-05,33.934605929088065,57.906265344613324,2.569982861947535,0.3410602911968847,nan
256.31,173.89630126953125,-191.3812255859375,-40.154666900634766,174.50487807857067,-191.24520053558814,-40.163610278192834,0.6236573825629698,0.3652339537223052,0.05000562511576256,3.569721399230744e-05,33.85410594363608,59.10509155109268,nan,nan,nan
256.32,173.89356994628906,-191.38987731933594,-40.15565872192383,174.50216600872758,-191.25383015303316,-40.16416046730693,0.6236748177930928,0.36528680396266267,0.05002191127219698,3.5000559985478964e-05,33.56269871436797,57.963553406394794,nan,0.26217335504815914,nan
256.33,173.89088439941406,-191.39852905273438,-40.15663528442383,174.49950856494138,-191.26246626185267,-40.16529480100582,0.6237078203404031,0.36533974181965256,0.05003826059332218,3.570618646649184e-05,33.48273304130559,57.524179665448266,nan,nan,nan
256.34000000000003,173.8882598876953,-191.40716552734375,-40.1575927734375,174.4969049565392,-191.2711038759464,-40.16653096856923,0.6237319008525709,0.36539276743549065,0.05005467295856046,3.500918650691887e-05,33.546874336764546,58.86144309381953,nan,0.010259021276649367,nan
256.35,173.88568115234375,-191.4158172607422,-40.15852737426758,174.5227867580749,-191.27730164715422,-40.167730048605655,0.6520543054659349,0.36532219461131954,0.050050955134058925,3.5693120056231875e-05,35.8805960123474,58.06951019298156,19.960687062960695,nan,nan
256.36,173.88316345214844,-191.42446899414062,-40.159446716308594,174.52033615615855,-191.28589868084254,-40.168403217460835,0.6521280590313367,0.3653749869115304,0.05006739182949347,3.499662161035907e-05,35.68668460387884,58.01146627758512,nan,0.11848658507402728,nan
256.37,173.88067626953125,-191.43312072753906,-40.16034698486328,174.51793580390577,-191.29449984817452,-40.16946441956784,0.6522258734231738,0.365427866730662,0.05008389188689031,3.570208427269177e-05,35.61105408579283,57.542114972622215,nan,nan,nan
256.38,173.87826538085938,-191.44175720214844,-40.16122817993164,174.51558620818003,-191.303093571888,-40.16958435996105,0.6522846503163795,0.3654808342100004,0.0501004552335709,3.500524219360202e-05,35.161419394192485,58.84463721588833,nan,0.6031161962785748,nan
256.39,173.87588500976562,-191.45040893554688,-40.16209030151367,174.51328441432142,-191.3116955559595,-40.17060285555975,0.6523740232267238,0.36553388949752724,0.05011708222023162,3.571105850817804e-05,35.08405489784968,57.36377602427701,nan,nan,nan
256.4,173.87355041503906,-191.4590606689453,-40.16293716430664,174.51178685892918,-191.32665888571984,-40.171309701743695,0.6518788920450865,0.36546322989087887,0.05011335700074241,3.4992681003156474e-05,33.97021903267419,57.06711329487496,4.007992538494984,0.05062959286161284,nan
256.41,173.87127685546875,-191.46771240234375,-40.16376876831055,174.50958048998066,-191.33528753507954,-40.172292457935626,0.6519513237856688,0.36551605162137324,0.05013000754667517,3.569797507837177e-05,33.8896821067661,57.281389534875345,nan,nan,nan
256.42,173.86903381347656,-191.4763641357422,-40.164581298828125,174.50741972768245,-191.34391980717064,-40.1736588230677,0.6520433092008316,0.365568960912932,0.050146721620061306,3.500128689498293e-05,34.09746541191111,57.259194336408136,nan,0.11270969231297494,nan
256.43,173.86683654785156,-191.48501586914062,-40.16537857055664,174.5053044712062,-191.35254962183663,-40.17461418753723,0.6521302726055452,0.36562195791451696,0.05016349953176388,3.570693646632125e-05,34.02096856703288,57.21088196603225,nan,nan,nan
256.44,173.8647003173828,-191.49366760253906,-40.166160583496094,174.5032337663812,-191.3611772162267,-40.17518760265536,0.6521964083233341,0.36567504276589036,0.05018034126870565,3.5009899521623776e-05,33.847861503110686,57.436252874951414,nan,0.0950036733991907,nan
256.45,173.8625946044922,-191.5023193359375,-40.166927337646484,174.50267248894892,-191.3627741017937,-40.17606932914384,0.6551764239892881,0.3656042966437628,0.050176604447717404,3.569385123040352e-05,35.12325387693826,57.1614732299881,5.782900275480672,nan,nan
256.46,173.8605194091797,-191.51097106933594,-40.16767501831055,174.50068910625495,-191.371379413852,-40.17767785781699,0.6552885838562851,0.36565714769667107,0.05019346897293625,3.4997313785005145e-05,35.53178180123915,57.44884874165452,nan,0.3479432388420008,nan
256.47,173.85850524902344,-191.51962280273438,-40.16841125488281,174.4987482038026,-191.3799803620486,-40.17857733794206,0.6553734825500571,0.3657100863609587,0.05021039753391379,3.5702792138551156e-05,35.457485856351255,57.74656391989868,nan,nan,nan
256.48,173.8565216064453,-191.5282745361328,-40.169132232666016,174.49684963159513,-191.3885745202048,-40.17832989055765,0.6554545530799513,0.36576311277541657,0.05022739015029149,3.500590943535157e-05,34.87030083281165,56.980979091667756,nan,0.9063840419497884,nan
256.49,173.85458374023438,-191.53692626953125,-40.169837951660156,174.4949893234351,-191.39717633543438,-40.1791909307568,0.6555431589855322,0.3658162270905246,0.050244447083986045,3.571173792328104e-05,34.79400973353658,57.0951582064113,nan,nan,nan
256.5,173.85267639160156,-191.5455780029297,-40.1705322265625,174.4800418080913,-191.39976584279654,-40.182693242876155,0.6442021749170193,0.36574539471087536,0.05024069410603592,3.4993318136291245e-05,36.7303314183216,58.546406066000536,2.0181014144873357,4.7475635586600236,nan
256.51,173.85079956054688,-191.5542449951172,-40.17121124267578,174.4782376291776,-191.40835607090082,-40.18355525101669,0.6442937860308755,0.36579827498691514,0.050257773020471304,3.569862107301627e-05,36.667371564920714,57.34926035320552,nan,nan,nan
256.52,173.84898376464844,-191.56289672851562,-40.171875,174.47647439117924,-191.4169348858898,-40.18227651104554,0.644327197407324,0.3658512429130476,0.05027491621421199,3.500189066754408e-05,35.38107728274729,57.74060697894255,nan,3.197144374109253,nan
256.53000000000003,173.84707641601562,-191.57154846191406,-40.172630310058594,174.47468736417198,-191.42552637376212,-40.18314431742297,0.6444598488849673,0.36590429864067464,0.05029212392273339,3.570754587248095e-05,35.28164263198273,57.34713716045719,nan,nan,nan
256.54,173.8450927734375,-191.58021545410156,-40.17347717285156,174.4728229380233,-191.4341175205946,-40.18395089587611,0.6445924794627442,0.36595744230714494,0.05030939620529743,3.5010466498426014e-05,35.2175998156686,56.27749223559741,nan,0.01647591085011479,nan
256.55,173.84303283691406,-191.5888671875,-40.174415588378906,174.47616486179325,-191.44909219079852,-40.18513857490249,0.6484660307760952,0.3658865239397775,0.05030562274680322,3.5694420651521e-05,34.54558446640405,57.250536386262326,3.3451014821648064,nan,nan
256.56,173.84088134765625,-191.59751892089844,-40.175437927246094,174.474155733546,-191.4577065685973,-40.18632079988481,0.6486157403246575,0.36593943332660295,0.0503229161964321,3.4997841063165786e-05,34.605449630652494,57.121443230677805,nan,0.0012003738917618942,nan
256.57,173.83868408203125,-191.60618591308594,-40.176551818847656,174.4720715204364,-191.46632118393455,-40.18755113060964,0.6487393732842693,0.365992430415257,0.050340274356763984,3.570331911053357e-05,34.507917883819566,56.553568698763236,nan,nan,nan
256.58,173.83639526367188,-191.61483764648438,-40.17774963378906,174.46991237608674,-191.47493819760422,-40.189318761320536,0.6488833733663387,0.3660455153422485,0.0503576973080606,3.500639478443544e-05,34.83953285550051,57.612154587245726,nan,0.14257983147610798,nan
256.59000000000003,173.8340301513672,-191.62350463867188,-40.17903137207031,174.46768044125756,-191.48355345969077,-40.19072835271461,0.6490268420739957,0.3660986882602997,0.050375185254342994,3.5712220183531414e-05,34.746976036617426,56.4744058460482,nan,nan,nan
256.6,173.83160400390625,-191.6321563720703,-40.18040084838867,174.4747833355915,-191.49297903792407,-40.193932569671716,0.6582044443241144,0.3660276841612847,0.05037138679708432,3.499375992524328e-05,36.57018832019165,59.055889885799374,1.305121918341603,2.2452822797786753,nan
256.61,173.8291015625,-191.6408233642578,-40.181854248046875,174.47242277923743,-191.5015899406697,-40.19552900085582,0.6583579064710803,0.366080622559906,0.050388895066935016,3.569905722102165e-05,36.475911134141,57.81130887546759,nan,nan,nan
256.62,173.8265380859375,-191.64947509765625,-40.183387756347656,174.46999417808635,-191.51019505093848,-40.19567554142539,0.6584722193071579,0.3661336486959235,0.05040646833907039,3.500228720463189e-05,35.44868858508826,58.11272558443644,nan,1.6612330402405011,nan
256.63,173.8238983154297,-191.65814208984375,-40.185001373291016,174.46749298284536,-191.51880612909434,-40.19742381921259,0.6586219879768066,0.3661867627227969,0.050424106801230856,3.57079342844827e-05,35.35712199693347,56.85296441225303,nan,nan,nan
256.64,173.82118225097656,-191.6667938232422,-40.18669891357422,174.46492301744965,-191.527416342313,-40.19905353417647,0.658772262060078,0.36623996477587184,0.05044181055811663,3.5010816644217065e-05,35.29394653304482,57.564235837998915,nan,0.02841769240848046,nan
256.65,173.8184051513672,-191.6754608154297,-40.188472747802734,174.42634811865588,-191.53033909739815,-40.20097706261713,0.6251490401569709,0.36616887521769487,0.050437982700842036,3.569476102609197e-05,34.04162606795341,56.46274631056597,12.456313980577335,nan,nan
256.66,173.8155517578125,-191.68411254882812,-40.19032669067383,174.42358541577227,-191.53895125124876,-40.20100849178282,0.6252126297523026,0.3662218425116934,0.05045570592725885,3.4998144776423115e-05,32.820356622060004,56.01164018190524,nan,2.709607870548556,nan
256.67,173.81265258789062,-191.69277954101562,-40.1922607421875,174.42075220684956,-191.54756965779103,-40.20305830694012,0.6252900480326591,0.36627489759582355,0.050473494536649996,3.570361025771619e-05,32.72606699373006,55.31463727020919,nan,nan,nan
256.68,173.80966186523438,-191.70143127441406,-40.19426727294922,174.37935218728424,-191.5607730642874,-40.205163744261725,0.5868990783775208,0.3605749505997944,0.050409746684552274,3.500636064408488e-05,40.99755364480578,64.08173543277158,nan,0.0001415009911875126,0.25765499836221983
256.69,173.80662536621094,-191.71009826660156,-40.196319580078125,174.37637437322977,-191.5694215526735,-40.20735195622472,0.5869630160103594,0.3606241741957618,0.05042657470129227,3.571216449055862e-05,40.88157299076893,63.295874410360014,nan,nan,nan
256.7,173.8035125732422,-191.71876525878906,-40.198368072509766,174.35243808549714,-191.57732026247712,-40.2085325593122,0.566947283067841,0.360557964538679,0.05042270013054403,3.4993688476306613e-05,38.87523335339476,62.489918551894895,11.673257224982615,0.9104379485181086,nan
256.71,173.80035400390625,-191.7274169921875,-40.20039749145508,174.349288573369,-191.58598582739987,-40.21072432755124,0.5669555357064541,0.36060697543561515,0.05043954489104473,3.569896275396697e-05,38.773466975373395,63.92134608870051,nan,nan,nan
256.72,173.797119140625,-191.736083984375,-40.20240020751953,174.34599679621954,-191.59466528055827,-40.214992250447274,0.5669431101488517,0.360656070771089,0.05045644811291731,3.500217752351696e-05,40.184101202182916,63.7960412152254,nan,3.114373099795235,nan
256.73,173.7938232421875,-191.74473571777344,-40.20436477661133,174.34272162880703,-191.60333052618196,-40.21714955698397,0.5669641237783196,0.36070525470756437,0.05047341006781596,3.5707800147605456e-05,40.09664516206756,64.902935090085,nan,nan,nan
256.74,173.79046630859375,-191.75338745117188,-40.20629119873047,174.33938356858002,-191.6119956190046,-40.21930471109612,0.5669842678756983,0.3607545234304435,0.050490430778639885,3.5010669011631336e-05,40.22183345605262,65.04054611390015,nan,0.0007460494777155257,nan
256.75,173.78704833984375,-191.76205444335938,-40.20818328857422,174.35534022708913,-191.6255884262393,-40.221199439521115,0.5845922195197326,0.36068825823874356,0.05048654055446895,3.5694588996079707e-05,40.54538640042746,63.60207643114221,5.509468204478688,nan,nan
256.76,173.7835693359375,-191.7707061767578,-40.21004104614258,174.35192661720222,-191.63425333658503,-40.22298582444717,0.5846511301992,0.36073731412081106,0.050503577498747065,3.4997961039508875e-05,40.45400796591594,64.4733421223301,nan,0.0479569589207098,nan
256.77,173.78004455566406,-191.7793731689453,-40.211856842041016,174.34844405445733,-191.6429195014696,-40.22499428662181,0.5846966615657418,0.36078645839519224,0.05052067342887207,3.570339966328855e-05,40.3697357672077,63.7745325647511,nan,nan,nan
256.78000000000003,173.7764434814453,-191.78802490234375,-40.21363830566406,174.34488992505908,-191.65158753265874,-40.22732442317114,0.5847510794484442,0.3608356874907253,0.05053782838938987,3.5006430567917213e-05,40.75462241043948,64.72377542496913,nan,0.09002405712756315,nan
256.79,173.77279663085938,-191.7966766357422,-40.21538543701172,174.34129063724274,-191.66025321643727,-40.22926623055556,0.5847986500138804,0.36088500520918004,0.05055504261995861,3.571221342262299e-05,40.66684647807813,64.90411729417569,nan,nan,nan
256.8,173.7690887451172,-191.8053436279297,-40.217098236083984,174.31522146791093,-191.66312477146573,-40.23103586785396,0.5645187433729532,0.36081868059534106,0.05055113313455699,3.499371467322199e-05,40.229828159820904,63.68737097359263,6.452306934711899,0.001148922992880461,nan
256.81,173.76531982421875,-191.81399536132812,-40.218772888183594,174.31146832208887,-191.67178658288796,-40.23290682053258,0.5645363464249921,0.36086778520262097,0.05056836305469194,3.5698966753900826e-05,40.143269719079456,64.61368145263509,nan,nan,nan
256.82,173.76150512695312,-191.82264709472656,-40.22041702270508,174.30768616613622,-191.68044401235628,-40.23396580162635,0.5645520468557309,0.3609169746634178,0.05058565227440098,3.500215973166691e-05,39.66029097416643,64.34319336770915,nan,0.42864479643716336,nan
256.83,173.75762939453125,-191.83131408691406,-40.22203063964844,174.30382360296568,-191.68910525092787,-40.23576392419702,0.5645706948331213,0.36096625254013454,0.05060300101525087,3.570775898003983e-05,39.57004042085833,62.84173205479669,nan,nan,nan
256.84000000000003,173.75376892089844,-191.8399658203125,-40.223609924316406,174.29991129681605,-191.69777071533676,-40.23843740729367,0.5645447696183507,0.36101561561652157,0.05062040934855437,3.5010608426616724e-05,40.43516020850791,64.86392858046403,nan,0.5804793404750461,nan
256.85,173.7499542236328,-191.84861755371094,-40.225154876708984,174.27051968834172,-191.70427548220832,-40.24024551322428,0.5404172128677129,0.360949235056933,0.050616477153610895,3.569450558255265e-05,39.02199838906045,65.02967668595305,12.777508076229148,nan,nan
256.86,173.74620056152344,-191.85726928710938,-40.2266731262207,174.266722811171,-191.71294338363995,-40.240350625573555,0.5403336494972151,0.36099838487251673,0.0506339006201525,3.499786055511149e-05,37.852751086826316,63.79750285451095,nan,1.8316569132113667,nan
256.87,173.7425079345703,-191.8659210205078,-40.2281608581543,174.26293523383356,-191.72161858484358,-40.242020514619036,0.5402405545998809,0.36104762289900616,0.05065138385634904,3.570327388634577e-05,37.753653721291286,63.52882489261877,nan,nan,nan
256.88,173.7388916015625,-191.8745880126953,-40.229618072509766,174.2592167199106,-191.73029354419657,-40.243628818812695,0.5401438914171491,0.36109694615308907,0.05066892694845945,3.500629009498327e-05,37.84985162543704,62.74490849273674,nan,0.0007477987046285889,nan
256.89,173.7353515625,-191.88323974609375,-40.23104476928711,174.25556683550403,-191.73896849464802,-40.24524089491328,0.5400367156436359,0.3611463578513161,0.05068653009594189,3.571204681647003e-05,37.75134493320507,63.94850832338702,nan,nan,nan
256.9,173.73187255859375,-191.8918914794922,-40.232444763183594,174.26700167420339,-191.7540992668783,-40.24566357712799,0.5527427984806985,0.3610799180258792,0.05068257155362479,3.499353738791534e-05,36.87842167231929,62.83743982136623,2.1245200925584267,0.9476089095949953,nan
256.91,173.7284698486328,-191.90054321289062,-40.23381423950195,174.26351501105216,-191.7627872710147,-40.247209345034534,0.5526567236564679,0.3611291161913189,0.05070018924855001,3.5698762692335126e-05,36.778237929987725,62.986415733973224,nan,nan,nan
256.92,173.72512817382812,-191.90919494628906,-40.23516082763672,174.26010643510367,-191.7714740704194,-40.248423504258724,0.5525800197970308,0.36117839960828146,0.05071786705788395,3.5001945614029326e-05,36.64543967958627,62.60203642495261,nan,0.06573553711578349,nan
256.93,173.7218475341797,-191.9178466796875,-40.23647689819336,174.25675511653483,-191.78016210890345,-40.249913724989376,0.5525067520016025,0.3612277712685979,0.050735605168921644,3.570751744944189e-05,36.54521953037986,62.40844346621291,nan,nan,nan
256.94,173.71864318847656,-191.92649841308594,-40.23776626586914,174.2534623077094,-191.78885097712111,-40.251609823715825,0.5524218958536544,0.3612772285227926,0.05075340368593598,3.501035913458522e-05,36.831416932375575,63.023323897653036,nan,0.037801519218210844,nan
256.95,173.71548461914062,-191.93515014648438,-40.23903274536133,174.23560680110134,-191.79368573334136,-40.25304662323957,0.539199084871867,0.3612107323070983,0.0507494152400527,3.5694230146149216e-05,36.48604307011478,62.415469072012364,2.0837407133398176,nan,nan
256.96,173.71240234375,-191.9438018798828,-40.240272521972656,174.2324148168326,-191.8023722067541,-40.25473365244986,0.5390959551855874,0.36125997586935676,0.05076722770376556,3.499757954355805e-05,36.82917195917787,63.210789273960295,nan,0.05134983623657738,nan
256.97,173.70938110351562,-191.95245361328125,-40.24148941040039,174.22929301400958,-191.81105795806815,-40.25612973702349,0.5389948656065779,0.3613093074775361,0.05078510071265766,3.570296456266876e-05,36.727358149135014,63.08962664505933,nan,nan,nan
256.98,173.7064208984375,-191.96112060546875,-40.242679595947266,174.22628704794238,-191.8197381015332,-40.2556568803507,0.538904662932694,0.3613587246970963,0.05080303438073768,3.500597739150828e-05,35.408193058638076,60.74330911358773,nan,2.40396167395322,nan
256.99,173.70352172851562,-191.9697723388672,-40.24384689331055,174.2232855357067,-191.8284243655422,-40.256988060007586,0.538800849192921,0.36140823020022667,0.05082102888088631,3.5711705438193894e-05,35.30387870452283,61.82431842708982,nan,nan,nan
257.0,173.70068359375,-191.97842407226562,-40.244991302490234,174.23496115407264,-191.84494950648434,-40.25772788044892,0.5508449796384712,0.3613416748087906,0.05081700685833239,3.499319654157075e-05,34.6196825417397,61.566510638470284,3.0818138468698635,0.167223879891819,nan
257.01,173.69789123535156,-191.98707580566406,-40.24611282348633,174.23209708127447,-191.85365519412326,-40.259008093412724,0.5507660423343198,0.3613909663483493,0.05083501467831769,3.5698392979756866e-05,34.51437121279475,61.15137974875049,nan,nan,nan
257.02,173.69515991210938,-191.9957275390625,-40.24721145629883,174.22929366561436,-191.86236074052783,-40.260108691924266,0.5506831287332966,0.3614403435117748,0.05085308340601803,3.500157665694058e-05,34.480965758294566,61.310822088584345,nan,0.017603505658889795,nan
257.03000000000003,173.69247436523438,-192.00437927246094,-40.248291015625,174.22654064329276,-191.87106701542456,-40.26134432293282,0.5506081511083427,0.3614898087672089,0.0508712132066951,3.5707119423883884e-05,34.373914563444806,60.94406360426345,nan,nan,nan
257.04,173.6898651123047,-192.01303100585938,-40.24934387207031,174.2238541792199,-191.87977247370523,-40.26210186873567,0.5505133299528434,0.36153935998371123,0.05088940420565617,3.5009963866278414e-05,34.12356199790086,61.46968207661851,nan,0.147640638019686,nan
257.05,173.68728637695312,-192.02169799804688,-40.25038146972656,174.21972852606172,-191.89245876771753,-40.26327510351377,0.5480544376206934,0.36147274773708293,0.050885344964747455,3.569380755221316e-05,33.27911317886188,59.63683316578583,2.5987297413231825,nan,nan
257.06,173.6847686767578,-192.0303497314453,-40.25139236450195,174.21713799447514,-191.90118303370878,-40.26402616455144,0.5479605270041472,0.36152208482039383,0.05090354863997757,3.4997161553433456e-05,33.05604495568886,60.94564713584718,nan,0.1240858156940508,nan
257.07,173.6822967529297,-192.03900146484375,-40.25238800048828,174.21458679020782,-191.90990854451164,-40.265172988040995,0.5478696211437077,0.36157150980832803,0.05092181362600194,3.570251740320669e-05,32.948079089119354,60.66027999999166,nan,nan,nan
257.08,173.67987060546875,-192.0476531982422,-40.253360748291016,174.2120471410208,-191.91863723514783,-40.26772979663005,0.5477804790931505,0.36162102076221736,0.05094014005393197,3.5005536684945055e-05,34.143223405716974,61.78732932170042,nan,1.4413719290640457,nan
257.09000000000003,173.67750549316406,-192.0563201904297,-40.25431442260742,174.2095945856123,-191.92736321466973,-40.268853146860955,0.5476861130268627,0.36167061986388493,0.05095852808042643,3.57112355698704e-05,34.04145118755737,60.92845212467569,nan,nan,nan
257.1,173.6751708984375,-192.06497192382812,-40.255252838134766,174.17377182781624,-191.92070428596296,-40.268806915078535,0.5192299597618917,0.36160394846301225,0.05095442791086542,3.499273667114125e-05,33.77650486030366,60.82963101679295,11.696948972019294,0.7742610953130027,nan
257.11,173.6728973388672,-192.07362365722656,-40.256168365478516,174.17136205786514,-191.9293978080578,-40.26988149524425,0.5190917275223456,0.36165333316146686,0.05097282794663848,3.569790409808952e-05,33.67025503970645,61.24190270996167,nan,nan,nan
257.12,173.67066955566406,-192.08229064941406,-40.25706481933594,174.1689761738215,-191.93809314824688,-40.271810711374364,0.518960351447369,0.3617028038252172,0.05099128966349704,3.5001097596627915e-05,34.49386504216534,60.96415325723136,nan,0.5371197411037207,nan
257.13,173.66847229003906,-192.0909423828125,-40.2579460144043,174.16665781942382,-191.94678736285002,-40.272859278716915,0.5188370620158234,0.3617523624561264,0.05100981321385029,3.570661147863312e-05,34.387869762254105,61.53101404815095,nan,nan,nan
257.14,173.6663360595703,-192.09959411621094,-40.258811950683594,174.16439234331324,-191.95548131228566,-40.273544712770615,0.5186960731581969,0.36180200738363966,0.051028398735123166,3.500946734404294e-05,34.23613044360427,61.93786588217147,nan,0.08457086406303832,nan
257.15,173.6642303466797,-192.10826110839844,-40.2596549987793,174.12727977150507,-191.95796843057116,-40.27465103281299,0.48706009883417334,0.36173527865157545,0.051024253928850356,3.5693284152089017e-05,33.11977583639152,60.88059752000834,15.149071268408504,nan,nan
257.16,173.66217041015625,-192.11691284179688,-40.2604866027832,174.1250270122182,-191.96666855937514,-40.27563277496276,0.4868664960792103,0.3617847089954318,0.05104285077458702,3.499665100159738e-05,33.25270775500012,62.28488740178792,nan,0.00017323974420375125,nan
257.17,173.66014099121094,-192.12557983398438,-40.26129913330078,174.12281517036257,-191.9753690937967,-40.27661440773175,0.48668801110389287,0.36183422713037167,0.05106150968546822,3.570197845410078e-05,33.14927923883415,60.71198421612768,nan,nan,nan
257.18,173.65817260742188,-192.1342315673828,-40.26209259033203,174.1206402932381,-191.9840702013624,-40.27773713687139,0.48648694546282106,0.3618838315531498,0.0510802308018642,3.5005012013048286e-05,33.449772813496004,62.913641205586565,nan,0.017259138726242615,nan
257.19,173.65621948242188,-192.1428985595703,-40.262874603271484,174.11850903795434,-191.99277163857917,-40.2786899909966,0.4863125045169821,0.3619335240161993,0.0510990142718119,3.5710682777318755e-05,33.344954950368326,60.835871992416564,nan,nan,nan
257.2,173.65432739257812,-192.1515655517578,-40.26363754272461,174.0767925597622,-191.9738504980454,-40.27775233762715,0.45853973135924575,0.36186673608326336,0.05109482108219625,3.4992201190331505e-05,34.076658901346626,60.64479324531608,35.146232870402436,2.605538700375514,nan
257.21,173.6524658203125,-192.16021728515625,-40.26438903808594,174.07468664257874,-191.98247645928953,-40.27865764498711,0.45832937618907243,0.36191621369493115,0.05111361517051699,3.569734088835614e-05,33.967222171428205,61.33214182194945,nan,nan,nan
257.22,173.650634765625,-192.16888427734375,-40.26512145996094,174.0726074956312,-191.9911031726683,-40.28003002097251,0.458136847721223,0.36196577757998716,0.051132471694711294,3.500055116933103e-05,34.49836582561353,60.5828542376262,nan,0.16353234613177928,nan
257.23,173.6488494873047,-192.17755126953125,-40.26584243774414,174.0705762163703,-191.99973007502635,-40.280912050281415,0.4579311132097978,0.3620154293362966,0.05115139080096203,3.5706037680355974e-05,34.3919867761897,60.85082305808479,nan,nan,nan
257.24,173.6470947265625,-192.1862030029297,-40.26654815673828,174.06854669187106,-192.0083584727703,-40.28333917009855,0.4577470634528684,0.36206516769116426,0.05117037263240344,3.500891149751708e-05,35.96726496843013,63.33522504547978,nan,1.7145499028354212,nan
257.25,173.64537048339844,-192.1948699951172,-40.26723861694336,174.03380415105983,-192.0044706240306,-40.28421168332998,0.43292114716840707,0.3619983219463324,0.05116612730132709,3.569270303686132e-05,35.972404299662124,62.644745140029414,9.335626268752884,nan,nan
257.26,173.64369201660156,-192.2035369873047,-40.26791763305664,174.03184499217372,-192.01307630644328,-40.28416125259084,0.43266830086716523,0.36204784525866496,0.05118511902663715,3.499608882842215e-05,35.325624515604986,62.47061465831256,nan,0.5826660661892686,nan
257.27,173.6420440673828,-192.2122039794922,-40.26858139038086,174.02990016372962,-192.02168295034966,-40.28499726168441,0.43243507587795055,0.3620974562777935,0.0512041735590798,3.570138979851619e-05,35.219711110833735,62.30168489378698,nan,nan,nan
257.28000000000003,173.64041137695312,-192.2208709716797,-40.26923370361328,174.0280056584799,-192.03029000537347,-40.28500202288124,0.432202581763475,0.36214715387293134,0.05122329104275445,3.5004443298610194e-05,34.66149037723175,61.08605613460933,nan,0.4731980399266805,nan
257.29,173.6387176513672,-192.22952270507812,-40.26997375488281,174.02607018269282,-192.03889791436086,-40.2858574917282,0.4320093603807096,0.36219693943016906,0.051242471622406874,3.571008803679332e-05,34.51034010206513,62.815786653444036,nan,nan,nan
257.3,173.63694763183594,-192.23818969726562,-40.270809173583984,173.9693718401885,-192.0367746685786,-40.28691389681362,0.3890157197211008,0.362130034372475,0.05123817037001919,3.4991628858275414e-05,33.25025361240769,63.69772347879771,33.65528139432608,6.838324172828414e-05,nan
257.31,173.6350860595703,-192.24685668945312,-40.271732330322266,173.96717695551868,-192.04538709317393,-40.28795461068721,0.3887640978497518,0.3621796046219771,0.051257360099459574,3.569674307587475e-05,33.10034318493923,63.03565835434021,nan,nan,nan
257.32,173.63314819335938,-192.25552368164062,-40.272743225097656,173.96491025084276,-192.05400024740968,-40.288755975943985,0.3885024652682573,0.36222926141941136,0.05127661300210839,3.499997495562218e-05,32.944361757505284,62.98037823128662,nan,0.07665773638079075,nan
257.33,173.63113403320312,-192.26419067382812,-40.273841857910156,173.9625595274553,-192.06261388664078,-40.28997262115948,0.3882476798334873,0.3622790060213814,0.051295929222465564,3.570543649213281e-05,32.79636573482701,62.88599582963653,nan,nan,nan
257.34000000000003,173.62904357910156,-192.27285766601562,-40.2750244140625,173.96018619802706,-192.0712282467229,-40.28848146798481,0.3879316294057788,0.36232883749044315,0.0513153089050064,3.500833266265776e-05,30.572627255635794,60.65525110962771,nan,5.5161255118421595,nan
257.35,173.62689208984375,-192.28152465820312,-40.27629470825195,173.98572183383195,-192.10192547923648,-40.28986574367245,0.4014957325532983,0.36226187413941435,0.051310947937097416,3.569210129658778e-05,28.731530065034534,60.70586817204838,22.489111042856976,nan,nan
257.36,173.62464904785156,-192.29019165039062,-40.277652740478516,173.98319035349704,-192.1106034686323,-40.290696134330744,0.40121554432051837,0.3623114900993364,0.0513303360067705,3.4995510027056666e-05,28.324603062351617,59.569902226087315,nan,0.27108786178319005,nan
257.37,173.62232971191406,-192.2988739013672,-40.279090881347656,173.9805732986959,-192.1192816409653,-40.29222500565977,0.4009543024934615,0.362361193710552,0.05134978761234404,3.570078715316597e-05,28.189542179221537,58.21116861226158,nan,nan,nan
257.38,173.6199493408203,-192.3075408935547,-40.28061294555664,173.97793790332253,-192.1279612379676,-40.29082300435333,0.400635631071185,0.36241098415306416,0.05136930289797879,3.5003864193161385e-05,26.227598837822633,57.85473560683798,nan,6.4170136596518725,nan
257.39,173.61749267578125,-192.3162078857422,-40.2822151184082,173.97517540461934,-192.1366397464886,-40.29248891422153,0.4003588415714892,0.3624608625080455,0.051388882008639024,3.5709485648590644e-05,26.09793902952507,57.52122562098849,nan,nan,nan
257.4,173.61497497558594,-192.3248748779297,-40.283897399902344,173.96227216878026,-192.14188674000545,-40.29304009179926,0.39266218029848154,0.36239383967123134,0.05138445751701809,3.4991051914167664e-05,25.42743105389298,57.53111908358235,0.9238743978231136,0.9540485162914059,nan
257.41,173.61236572265625,-192.3335418701172,-40.28566360473633,173.9593510727417,-192.15056011730044,-40.29485702443164,0.3923845996003186,0.36244350225429056,0.05140404423392318,3.569614347679968e-05,25.30044499691206,56.44236015988283,nan,nan,nan
257.42,173.60971069335938,-192.3422088623047,-40.28750228881836,173.95638422085077,-192.15923415751925,-40.295351621749376,0.39207638194885364,0.36249325162768314,0.051423694844843264,3.499939979174304e-05,24.586410002533672,56.71450634331763,nan,1.389030802227518,nan
257.43,173.60696411132812,-192.3508758544922,-40.289424896240234,173.95332448953297,-192.16790705576503,-40.29731411411522,0.39179756591452325,0.36254308876671115,0.05144340949548674,3.570483925848349e-05,24.464273957849286,55.54690226749394,nan,nan,nan
257.44,173.6041717529297,-192.3595428466797,-40.291419982910156,173.95014921877248,-192.17657767339654,-40.302216963825195,0.39152680151225183,0.3625930130096125,0.051463188328915284,3.500776025192736e-05,25.945396503420675,57.95381939546525,nan,5.780558486203207,nan
257.45,173.60130310058594,-192.3682098388672,-40.293460845947266,173.95721114470172,-192.1795950446174,-40.304385627764695,0.4029459359938591,0.36252593139946665,0.05145869649530785,3.569150876081891e-05,27.301096350531,56.96576159587928,9.217536187340638,nan,nan
257.46,173.59835815429688,-192.3768768310547,-40.295501708984375,173.9539725737797,-192.18823756341584,-40.306717999687855,0.4027060886261575,0.3625756396594843,0.0514784821356935,3.4994942550622476e-05,27.448373368635938,56.654029347307635,nan,0.022508964344284392,nan
257.47,173.59536743164062,-192.3855438232422,-40.297523498535156,173.9506712298321,-192.19688001540027,-40.30886498070482,0.40244682955205807,0.3626254355422153,0.051498332026886036,3.570019885141741e-05,27.35209041698468,57.3440284505298,nan,nan,nan
257.48,173.59230041503906,-192.3942108154297,-40.29951477050781,173.94729269107694,-192.2055214309778,-40.31176923201175,0.40221060612337994,0.3626753184807688,0.05151824631089416,3.500330120915398e-05,27.935990104680606,57.40336971991479,nan,0.4308280476115312,nan
257.49,173.58917236328125,-192.4028778076172,-40.30147171020508,173.94386216421464,-192.21416339924772,-40.31386897839257,0.4019597928536064,0.36272528930861553,0.0515382251349923,3.570890244582811e-05,27.84678491606605,57.39086783103933,nan,nan,nan
257.5,173.58596801757812,-192.4115447998047,-40.30339050292969,173.91927797900746,-192.21994508830772,-40.31593454267553,0.38466002231436797,0.3626581479843812,0.051533662129069895,3.499049541383156e-05,27.26573924987627,57.52986809016091,5.904083974338089,0.004166356687044865,nan
257.51,173.5827178955078,-192.4202117919922,-40.305274963378906,173.91568174256682,-192.22859184110519,-40.31796348387089,0.38437498302900186,0.36270790256864793,0.05155364694367731,3.56955674114761e-05,27.17673841292768,58.10736507120415,nan,nan,nan
257.52,173.57940673828125,-192.4288787841797,-40.3071174621582,173.91202826278538,-192.23723839518416,-40.31962647618384,0.3840827940557912,0.3627577441560061,0.05157369635732195,3.499884929989394e-05,27.035445923115592,57.93384855800847,nan,0.0769104017257406,nan
257.53000000000003,173.57601928710938,-192.4375457763672,-40.308929443359375,173.90830872288657,-192.24588405069073,-40.321580271286244,0.3838105387631253,0.36280767349545506,0.05159381051854287,3.570426981252862e-05,26.94649671919072,57.112239289708285,nan,nan,nan
257.54,173.5725860595703,-192.4462127685547,-40.31070327758789,173.90452692755858,-192.25452913757263,-40.323624205599096,0.38352875330011266,0.3628576901464744,0.051613989567468994,3.500721646363089e-05,27.132202302030837,57.874051647743975,nan,0.011143024235587301,nan
257.55,173.569091796875,-192.4548797607422,-40.312442779541016,173.9339576405233,-192.27185777244856,-40.32551637302763,0.40840549813486265,0.3627904895712652,0.0516093515573486,3.569094777982121e-05,27.642207697724015,56.78654375697486,10.15199199717335,nan,nan
257.56,173.56553649902344,-192.4635467529297,-40.314144134521484,173.93012114877038,-192.28050967929596,-40.32703348608575,0.4081552064340823,0.36284028975902016,0.05162953576236549,3.499440718193938e-05,27.501100755717694,56.50582474458677,nan,0.0786246733674912,nan
257.57,173.5619354248047,-192.4722137451172,-40.31581497192383,173.92622864137962,-192.289160539704,-40.32884740008453,0.4079066901122358,0.3628901775650643,0.05164978491878425,3.569964578911265e-05,27.41165691438301,56.27589792481146,nan,nan,nan
257.58,173.558349609375,-192.48086547851562,-40.31745147705078,173.92229769045701,-192.29780831279137,-40.33241819207528,0.4076666949910194,0.3629401526236352,0.051670099165345366,3.5002773741282614e-05,28.950818850119074,58.907214610719784,nan,2.2612026095326043,nan
257.59000000000003,173.5548095703125,-192.48953247070312,-40.31905746459961,173.91841863045005,-192.30645845712448,-40.33418523468615,0.4073775797582599,0.3629902155718781,0.05169047865265931,3.570835789121313e-05,28.858950662293815,57.829386294413816,nan,nan,nan
257.6,173.5513153076172,-192.49819946289062,-40.32062911987305,173.91433824863614,-192.32296284654663,-40.33637295848069,0.40341219102531706,0.3629229550051047,0.05168576179300826,3.498997738531741e-05,28.38838099077855,58.10642850715197,5.600970426860562,0.13971431582765764,nan
257.61,173.5478973388672,-192.50686645507812,-40.32217025756836,173.91055963897617,-192.33164145006683,-40.33808257003549,0.4030892556117032,0.3629728012310063,0.0517061455857039,3.5695032934477536e-05,28.297159185003917,58.52425533967764,nan,nan,nan
257.62,173.54452514648438,-192.51551818847656,-40.32367706298828,173.90684962413465,-192.3403203058028,-40.33934344470299,0.4027639019499436,0.3630227346462644,0.051726594667262926,3.499834017044789e-05,28.11509569099318,58.61958385552103,nan,0.12390083815994023,nan
257.63,173.54122924804688,-192.52418518066406,-40.325157165527344,173.90319951861585,-192.34899821242215,-40.34098972332285,0.40244704062015313,0.36307275582231485,0.05174710918973922,3.570374483161179e-05,28.023760815618033,57.819047583353225,nan,nan,nan
257.64,173.53799438476562,-192.53285217285156,-40.32661056518555,173.89963274901714,-192.35767840822672,-40.34108020612691,0.4020914383822747,0.36312286449178816,0.051767689289719136,3.5006716679121224e-05,26.88510954886948,56.48095165567077,nan,1.6458839173650424,nan
257.65,173.5348358154297,-192.54150390625,-40.32802963256836,173.89571980683095,-192.35957923771358,-40.34267218711079,0.4044109848598643,0.3630555441988535,0.05176288974424976,3.569043368949672e-05,27.76266042400621,57.85030741167564,3.819402566079856,nan,nan
257.66,173.53172302246094,-192.5501708984375,-40.32942199707031,173.89227289445424,-192.3682325350014,-40.34379096213457,0.4041091998967731,0.3631054359184786,0.05178347328154667,3.499391803040535e-05,27.55774594797224,55.8251449002075,nan,0.12952242048624948,nan
257.67,173.5286865234375,-192.558837890625,-40.330787658691406,173.88888340751748,-192.37688502659822,-40.34530671105585,0.4038061947395545,0.36315541527286294,0.0518041224562435,3.569914199216882e-05,27.46468538275488,56.31225500844091,nan,nan,nan
257.68,173.5257110595703,-192.5675048828125,-40.33212661743164,173.88596228183536,-192.38521151561477,-40.3483229545759,0.40407194434238863,0.3621619144280881,0.05121807062527701,3.500175283059475e-05,37.82872239087045,66.67156230883099,nan,1.6456019239380082,0.00017217590007073913
257.69,173.5227813720703,-192.57615661621094,-40.333438873291016,173.88269434789672,-192.3938634051746,-40.349801465540075,0.4037770416743138,0.36221055106434447,0.05123584744303405,3.570731079010492e-05,37.693402365212265,67.0966600032867,nan,nan,nan
257.7,173.51991271972656,-192.58482360839844,-40.33472442626953,173.88558508323862,-192.39891423907213,-40.35149887682952,0.41056053540421183,0.36214263269818636,0.051231655963789806,3.49889867277265e-05,39.28511742373743,66.26955541046611,6.09573226378504,0.06646465731588544,nan
257.71,173.51710510253906,-192.59349060058594,-40.33598327636719,173.88245298721986,-192.4075450980647,-40.35292910309832,0.4102949765622441,0.36219105842719596,0.0512494448091753,3.569401733313629e-05,39.15366072341024,66.32156724141377,nan,nan,nan
257.72,173.5143585205078,-192.60214233398438,-40.33721923828125,173.8792996046044,-192.41621110538134,-40.356851172041175,0.41004613088600256,0.3622395692087128,0.05126729200556963,3.499737870035346e-05,41.98386306206033,70.45130304844517,nan,4.4711250537571265,nan
257.73,173.51165771484375,-192.61080932617188,-40.33842849731445,173.8762793223962,-192.42484227028496,-40.35825828830331,0.4097876074017289,0.3622881678931205,0.051285198245699576,3.570275958953924e-05,41.85164433146892,68.92317160180545,nan,nan,nan
257.74,173.50901794433594,-192.61947631835938,-40.33961486816406,173.87334583973612,-192.43345892912794,-40.35856053479268,0.4095072926666966,0.36233685198421345,0.051303163136557334,3.5005784371483124e-05,40.95816657982933,68.37925172578834,nan,0.825392167387129,nan
257.75,173.5064239501953,-192.6281280517578,-40.34077453613281,173.866043688029,-192.44211425847095,-40.359817016400065,0.405327155748628,0.3622689083236559,0.05129894179210837,3.5689479742054984e-05,40.470524043461296,69.10068144419066,0.9892766315320219,nan,nan
257.76,173.50389099121094,-192.6367950439453,-40.341915130615234,173.86321889858309,-192.4507295656508,-40.359588952120085,0.4050299633311117,0.36231738140362,0.05131691819335478,3.499301570942226e-05,39.10384465389876,67.12468129386149,nan,1.704936161427213,nan
257.77,173.50140380859375,-192.6454620361328,-40.34303283691406,173.86039946542408,-192.45936566040746,-40.360877036382334,0.404756912400291,0.36236594217058526,0.05133495387814256,3.5698218183371173e-05,38.96500095070589,66.81378691008125,nan,nan,nan
257.78000000000003,173.49896240234375,-192.65411376953125,-40.34412384033203,173.8576350219535,-192.46799989090167,-40.36197781680781,0.4044789096507688,0.3624145883833828,0.051353048499103035,3.5001421231378546e-05,39.01840581194983,67.7807302521556,nan,0.019416290900478597,nan
257.79,173.49658203125,-192.66278076171875,-40.34519577026367,173.85491515831922,-192.47663673053194,-40.36322170965458,0.4041994121626166,0.3624633225112548,0.051371202682397935,3.570697089733708e-05,38.87950688140407,67.14235214905163,nan,nan,nan
257.8,173.49423217773438,-192.67144775390625,-40.346248626708984,173.81972690894975,-192.46653924630834,-40.363139436578415,0.3849930077196385,0.36239535081373103,0.05136694754859177,3.498866559851007e-05,39.086539006471185,66.1035783373929,16.25332329209357,1.370781871465007,nan
257.81,173.491943359375,-192.68011474609375,-40.3472785949707,173.81705903245032,-192.47512841676303,-40.36433078115246,0.38472116285080676,0.3624438736943066,0.05138511267878503,3.5693688331046904e-05,38.949189065266495,66.58139444239808,nan,nan,nan
257.82,173.48968505859375,-192.68878173828125,-40.348289489746094,173.81448182333648,-192.4836975818277,-40.363868514662705,0.3844413552584592,0.36249248205081785,0.051403337025622,3.4997067434601025e-05,37.60947903422526,64.66982456858844,nan,1.8855763770809157,nan
257.83,173.48748779296875,-192.6974334716797,-40.34927749633789,173.81190547954887,-192.49228748894276,-40.3650046200266,0.38416019056978623,0.36254117811861736,0.05142162117230552,3.570244084173901e-05,37.470446853620686,66.25903773700645,nan,nan,nan
257.84000000000003,173.48532104492188,-192.7061004638672,-40.35024642944336,173.80937295786214,-192.5008779692442,-40.36614037058874,0.3838991168844547,0.36258996000620475,0.051439964834206035,3.500548295055825e-05,37.631381481161924,64.87237023824413,nan,0.0002442707521705364,nan
257.85,173.48321533203125,-192.7147674560547,-40.3511962890625,173.82550625505604,-192.5161878751402,-40.36721916207468,0.396047545631715,0.36252196224133826,0.05143567292835624,3.568917176082206e-05,37.583117100346605,65.03723910038687,2.987745791849101,nan,nan
257.86,173.4811248779297,-192.7234344482422,-40.35212707519531,173.82307467964597,-192.524797160298,-40.36894167590985,0.3958145649831737,0.3625705327604253,0.05145402697556159,3.4992724595866266e-05,38.343094718167,64.74677213850204,nan,0.2914315338843639,nan
257.87,173.47909545898438,-192.7321014404297,-40.3530387878418,173.82070138809198,-192.5333992913738,-40.37001062754063,0.3955568204236396,0.36261919079477517,0.05147244105742045,3.5697920350121384e-05,38.205132885694056,65.45005285758876,nan,nan,nan
257.88,173.47711181640625,-192.7407684326172,-40.35393524169922,173.8184194524651,-192.54197842658022,-40.369051203911646,0.39526808781618455,0.36266793466612296,0.05149091492945499,3.500113984169196e-05,36.537225441922274,64.0627988691962,nan,2.8551616713323744,nan
257.89,173.47515869140625,-192.7494354248047,-40.35481262207031,173.81612747020836,-192.5505811241109,-40.370065585401896,0.3950131566322997,0.362716766290947,0.05150944911613017,3.570668314365155e-05,36.39869351475667,63.57007876751237,nan,nan,nan
257.9,173.47323608398438,-192.7581024169922,-40.35567092895508,173.822087900352,-192.56851263875268,-40.36779855727422,0.39722657660903826,0.362648740266364,0.051505116553003,3.498839430886109e-05,32.87803313294579,60.77354819185272,6.322794758832225,7.693505080642866,nan
257.91,173.4713592529297,-192.7667694091797,-40.35651397705078,173.81987785144995,-192.57714733256742,-40.36874773938172,0.3969526551039088,0.3626973602906253,0.05152366052087119,3.569341103449657e-05,32.74165907281074,60.992009043702915,nan,nan,nan
257.92,173.4695281982422,-192.7754364013672,-40.357337951660156,173.81765502631526,-192.58580605950303,-40.3718230972192,0.39668851057423704,0.3627460661605415,0.051542264548843766,3.499680568062732e-05,34.4180582786956,63.031918389010485,nan,3.240459928622982,nan
257.93,173.46771240234375,-192.7841033935547,-40.35814666748047,173.8155197349065,-192.5944417901631,-40.37276224142694,0.39642789935531575,0.3627948595993513,0.05156092912410237,3.570217341260945e-05,34.281752954722734,62.08239221756962,nan,nan,nan
257.94,173.46595764160156,-192.7927703857422,-40.35894012451172,173.81343062752097,-192.60307335157876,-40.37325295416245,0.3961405026083081,0.36284373921788876,0.05157965405677663,3.50052306271764e-05,34.02525427552678,62.906811470213015,nan,0.13246127986279127,nan
257.95,173.46421813964844,-192.8014373779297,-40.35971450805664,173.86394551670423,-192.6367415730242,-40.37418980040701,0.43256932185488933,0.3627756863380084,0.05157527769272834,3.5688914497054866e-05,33.05715028385267,61.122229638327035,28.107467069559004,nan,nan
257.96,173.4625244140625,-192.8101043701172,-40.360477447509766,173.86198883178108,-192.64543681594355,-40.37537471477565,0.43232991221144845,0.3628243542183602,0.05159401180178695,3.499248196581854e-05,33.4039174180242,61.96443914834797,nan,0.061164192358252954,nan
257.97,173.4608612060547,-192.81878662109375,-40.36122512817383,173.8600729253848,-192.65412935590757,-40.37625404094289,0.43209707248269474,0.362873109490186,0.05161280668812014,3.569767268452194e-05,33.26796039054665,60.64349882427879,nan,nan,nan
257.98,173.459228515625,-192.82745361328125,-40.36195373535156,173.85821223352988,-192.66281204151747,-40.3761098831625,0.4318509590436229,0.36292195093842444,0.05163166219624112,3.500090637080769e-05,32.543135772492654,60.89762461175054,nan,0.7195372053171701,nan
257.99,173.4576416015625,-192.83612060546875,-40.3626708984375,173.85636257508293,-192.67150542380534,-40.376951312886206,0.43160225091625704,0.362970880025801,0.051650578762897394,3.570644493386128e-05,32.40550658697426,61.34579979935638,nan,nan,nan
258.0,173.45606994628906,-192.84478759765625,-40.363372802734375,173.85030516287335,-192.67884496105228,-40.37570623616106,0.4279141014484473,0.36290279855012986,0.05164615474695252,3.498817019366268e-05,30.927268080737107,59.35004691998063,0.3245397487716877,2.8615117262123504,nan
258.01,173.45452880859375,-192.8534698486328,-40.36406326293945,173.8485118980994,-192.68753774390368,-40.376499752928865,0.4276807272715318,0.36295151567083694,0.051665079846505986,3.569318247493537e-05,30.793983696562996,58.177652397667906,nan,nan,nan
258.02,173.45303344726562,-192.8621368408203,-40.36473846435547,173.8468103130743,-192.69620209475323,-40.374275000140955,0.42741724990134233,0.36300031895682566,0.05168406582720616,3.499659040961948e-05,28.937419457246705,58.003021238490874,nan,6.379191499601791,nan
258.03000000000003,173.45155334472656,-192.8708038330078,-40.36539840698242,173.8450781390389,-192.7048956569551,-40.37501300820914,0.427176459061645,0.36304920971492594,0.05170311309429861,3.570195397074616e-05,28.807326058948334,57.309958138508975,nan,nan,nan
258.04,173.4501190185547,-192.87948608398438,-40.36604690551758,173.84337254630626,-192.7135914017788,-40.375899277927154,0.4269267524004962,0.36309818696346463,0.05172222153855675,3.5005024038403945e-05,28.872372709416567,56.977081075467176,nan,0.01816999189974658,nan
258.05,173.44859313964844,-192.88815307617188,-40.36678695678711,173.834043979836,-192.72285461694307,-40.37663611309354,0.4195151209487706,0.36303007783099667,0.05171774658912613,3.568870430758141e-05,28.189158477389704,57.84988105116499,1.9540809987106569,nan,nan
258.06,173.4469757080078,-192.89682006835938,-40.36761474609375,173.83216935306976,-192.73158082342238,-40.37991940895408,0.4193203512728238,0.36307884296001036,0.05173686291952271,3.499228417074537e-05,29.681656733973718,58.9559198472685,nan,4.150054872874184,nan
258.07,173.44529724121094,-192.90550231933594,-40.368534088134766,173.83025958325024,-192.74028576951554,-40.38089421914586,0.4191005678373059,0.36312769540047385,0.051756040761500664,3.569747124007845e-05,29.51987214593705,58.50211784021759,nan,nan,nan
258.08,173.4435272216797,-192.91416931152344,-40.369544982910156,173.82828625368975,-192.74898327205582,-40.38105437446119,0.4188775554290231,0.3631766343094834,0.05177528003449819,3.500071689231018e-05,28.908841342963232,58.60879997566066,nan,0.5777196263731476,nan
258.09000000000003,173.44168090820312,-192.9228515625,-40.37063980102539,173.82621712887166,-192.75768912048028,-40.38219901492369,0.41866496472227743,0.3632256607861077,0.05179458110161256,3.570625204638269e-05,28.752912715453945,57.39780168342395,nan,nan,nan
258.1,173.4397430419922,-192.9315185546875,-40.371822357177734,173.82800350699512,-192.77045854844204,-40.38309360896163,0.4204920396545643,0.3631575226178604,0.05179005139687167,3.4987989094849964e-05,28.166017129712163,57.82671191568693,0.9736311595103799,0.08036659294087,nan
258.11,173.437744140625,-192.94020080566406,-40.37308883666992,173.82578146467625,-192.7791777667909,-40.38441017519654,0.4202731928291906,0.3632063367492627,0.051809359668466094,3.5692998203306264e-05,28.01323251025026,57.145052696307154,nan,nan,nan
258.12,173.4356689453125,-192.94888305664062,-40.37444305419922,173.82348248230053,-192.78789743893554,-40.38583699530258,0.4200541994468361,0.3632552373203803,0.05182872961999439,3.4996417237764455e-05,28.019466411415703,57.18861277374898,nan,0.00041017377461928517,nan
258.13,173.4335174560547,-192.95755004882812,-40.375877380371094,173.82110822529253,-192.79661718178605,-40.387325010870676,0.41982977542907013,0.3633042253075673,0.05184816158864776,3.570177784517706e-05,27.866212066088266,58.08856221034387,nan,nan,nan
258.14,173.43128967285156,-192.9662322998047,-40.37739562988281,173.81868966377948,-192.80532234318503,-40.38705057372668,0.4195997915286905,0.36335330005175764,0.05186765553199942,3.500485859927536e-05,26.747187232888663,55.782172385823245,nan,2.4068023286040705,nan
258.15,173.42898559570312,-192.9748992919922,-40.378997802734375,173.82833716991647,-192.81593839306151,-40.388522871593224,0.42993135981489766,0.3632851334116972,0.051863067675250896,3.568853634448868e-05,26.988514564923083,56.31838660671849,3.248155736832233,nan,nan
258.16,173.42660522460938,-192.98358154296875,-40.380680084228516,173.82578158925205,-192.82464734131108,-40.389153249824076,0.42973671600307745,0.36333399564391927,0.05188256813573901,3.49921264670102e-05,26.388036613431325,54.45967199914724,nan,0.8319193560079485,nan
258.17,173.42416381835938,-192.99224853515625,-40.38243865966797,173.82313637976785,-192.83336478835713,-40.39093919864976,0.42952928761231585,0.3633829451461288,0.05190213083363759,3.569731099576628e-05,26.247890437879118,55.796532942023276,nan,nan,nan
258.18,173.42164611816406,-193.0009307861328,-40.384281158447266,173.820445831415,-192.84206960453574,-40.39110973082614,0.4293305436469332,0.36343198136710636,0.05192175574976779,3.5000566507281776e-05,25.446401663828436,53.715457432377356,nan,2.030804227955491,nan
258.19,173.41905212402344,-193.00961303710938,-40.38619613647461,173.81765847017724,-192.85078699672863,-40.39303888759857,0.4291381520443645,0.3634811051216489,0.0519414431870595,3.570609930997976e-05,25.316815298042748,53.27311800447098,nan,nan,nan
258.2,173.41639709472656,-193.01828002929688,-40.38819122314453,173.81625785362934,-192.86135352270784,-40.3939984090611,0.42959082670467985,0.36341290891206623,0.051936793380771874,3.4987845997992074e-05,24.708125683947916,54.28175596554808,0.2659368295417889,0.7288795922820439,nan
258.21,173.41366577148438,-193.02696228027344,-40.390228271484375,173.8133325882888,-192.87007670270276,-40.396056250045504,0.4293956383550919,0.363461819930799,0.05195648661654774,3.569285293897896e-05,24.588072537110158,52.70786611806753,nan,nan,nan
258.22,173.41087341308594,-193.03562927246094,-40.392269134521484,173.81032227753445,-192.87880808673043,-40.3993213813712,0.4291876207310277,0.3635108176240597,0.051976242309263856,3.4996281037029106e-05,24.947551415327784,54.457633517828505,nan,0.9910428334237283,nan
258.23,173.40802001953125,-193.0443115234375,-40.394287109375,173.8072614849229,-192.88753106142616,-40.40140523568263,0.42898080222625906,0.36355990271254596,0.051996060741139875,3.570163964735142e-05,24.838017813453252,53.37919030586269,nan,nan,nan
258.24,173.40509033203125,-193.052978515625,-40.39627456665039,173.80413194427544,-192.89625493336396,-40.40362646846359,0.428777961186726,0.3636090747861053,0.05201594192355389,3.500472908760823e-05,24.854035438176496,54.10968629445266,nan,0.018327094415067285,nan
258.25,173.402099609375,-193.06166076660156,-40.398231506347656,173.7594759653189,-192.88754391129336,-40.40555729952442,0.3976030763661484,0.3635408492753815,0.05201122667791892,3.568840514921433e-05,25.03185848043297,53.73466792641829,15.686968719821422,nan,nan
258.26,173.39903259277344,-193.07032775878906,-40.400150299072266,173.75614253414122,-192.89623721110618,-40.40828708431033,0.3973678853282381,0.36358980843388977,0.052031112932328816,3.499200357390891e-05,25.312584576149224,54.57298164294212,nan,0.3819654883352495,nan
258.27,173.3959197998047,-193.07901000976562,-40.40203094482422,173.75275428080923,-192.90492520715154,-40.41025328365851,0.3971195943174701,0.3636388548538189,0.05205106214109013,3.5697186423125466e-05,25.208594899356026,54.05949822153285,nan,nan,nan
258.28000000000003,173.39273071289062,-193.08767700195312,-40.403873443603516,173.74930868035202,-192.91360960568548,-40.411678425006585,0.3968730566024813,0.36368798820656795,0.052071074333891534,3.500044987641715e-05,24.94827548408781,54.31419897020001,nan,0.1802204181576708,nan
258.29,173.3894805908203,-193.09634399414062,-40.40568161010742,173.7457937906044,-192.92229683249445,-40.41356812895116,0.3966279213531784,0.363737209090597,0.052091149765908826,3.5705981143939685e-05,24.84320059104719,54.24993515745496,nan,nan,nan
258.3,173.38616943359375,-193.1050262451172,-40.40745544433594,173.7256147538336,-192.92363390275685,-40.41640760598792,0.3849759063863032,0.36366895339324534,0.05208636530359085,3.4987735537992346e-05,25.50771882009562,53.96769727010881,2.675296145356123,0.7688165127693409,nan
258.31,173.38284301757812,-193.1136932373047,-40.4091911315918,173.72196725326666,-192.93230572009261,-40.41823687253762,0.38469273980795204,0.36371796113926547,0.05210644505312296,3.56927410825571e-05,25.40235394501766,55.41248467689639,nan,nan,nan
258.32,173.3795166015625,-193.1223602294922,-40.410892486572266,173.71831389039698,-192.940977565301,-40.420118377238886,0.38440654371287525,0.3637670557607729,0.052126588015514556,3.499617641531759e-05,25.43498021629857,54.62135629364467,nan,0.00524722881853732,nan
258.33,173.37623596191406,-193.13104248046875,-40.41256332397461,173.71469212837684,-192.94964861633855,-40.421881107571075,0.3841134359169371,0.3638162377861266,0.052146794429884256,3.57015337575008e-05,25.32949596042456,53.580008760901904,nan,nan,nan
258.34000000000003,173.37301635742188,-193.13970947265625,-40.4141960144043,173.71113981499622,-192.95830875666758,-40.42167517187078,0.38378331141366545,0.36386550699189274,0.05216706434966574,3.500463009888299e-05,24.38796705342923,53.96724160258423,nan,2.6461434847612817,nan
258.35,173.36985778808594,-193.14837646484375,-40.41579818725586,173.75495316546994,-192.97720847810456,-40.423243517859916,0.42148827067272104,0.36379722114863117,0.0521622071084252,3.5688305112293545e-05,25.421561811071683,52.76345801028895,24.56063588884733,nan,nan
258.36,173.3667449951172,-193.15704345703125,-40.4173698425293,173.7515912531069,-192.98587501674086,-40.42391732189666,0.42124594564957085,0.36384627702602623,0.0521824805815811,3.499191010318275e-05,24.987339762095992,51.77456489674812,nan,0.666932964462891,nan
258.37,173.36370849609375,-193.1657257080078,-40.41891098022461,173.74827923248202,-192.99454650103002,-40.42552222956706,0.4209996209091303,0.3638954201834688,0.05220281771657033,3.5697091920308435e-05,24.882402980247413,51.17977854244126,nan,nan,nan
258.38,173.3607177734375,-193.1743927001953,-40.42041778564453,173.74501516327246,-193.00322407842955,-40.42829670427245,0.4207674634164273,0.3639446504573227,0.05222321858078946,3.500036162503546e-05,25.326319716008932,52.11930035633601,nan,1.0163320238898996,nan
258.39,173.3577880859375,-193.1830596923828,-40.421897888183594,173.7418226375438,-193.01189549246914,-40.42985401309503,0.4205270741381002,0.3639939682862618,0.05224368339269052,3.570589196685219e-05,25.220550840009963,52.102617436530196,nan,nan,nan
258.4,173.35491943359375,-193.1917266845703,-40.423343658447266,173.7251455701203,-193.0160545959196,-40.43034782872568,0.40985013517085983,0.36392565156613277,0.052238749612388585,3.498765237973208e-05,24.710360202124292,51.92799704465712,1.5767494844690677,0.7603913154933748,nan
258.41,173.35211181640625,-193.2003936767578,-40.424766540527344,173.722046375605,-193.02471918671247,-40.43183787322322,0.4095889503982765,0.3639747558436877,0.0522592171885196,3.569265709956993e-05,24.604771173692804,51.98001925797789,nan,nan,nan
258.42,173.349365234375,-193.2090606689453,-40.42615509033203,173.7189902216748,-193.03339043706407,-40.43476591056779,0.40933703452133396,0.36402394716944525,0.05227974871317269,3.499609807359301e-05,25.218364238547675,52.71301796492707,nan,1.5172244290666559,nan
258.43,173.34666442871094,-193.21774291992188,-40.427520751953125,173.71600307657556,-193.0420547321116,-40.43621578013792,0.40908798522769874,0.3640732259315617,0.05230034439277324,3.570145468412745e-05,25.116339914486044,51.22380557367743,nan,nan,nan
258.44,173.34400939941406,-193.22640991210938,-40.428855895996094,173.7130733659529,-193.05071730016738,-40.437288361090175,0.40883641197421566,0.36412259204224834,0.052321004312542746,3.500455638036937e-05,24.927732485991864,51.72574639808083,nan,0.0868804004343407,nan
258.45,173.34141540527344,-193.23507690429688,-40.43016815185547,173.75600903480805,-193.07933144818065,-40.43868040343963,0.4429638621587109,0.3640542443148983,0.052315990377562925,3.5688230809011526e-05,24.50025484940413,51.32231417224951,18.927381501468954,nan,nan
258.46,173.33888244628906,-193.24374389648438,-40.431453704833984,173.753234748504,-193.08804408412516,-40.44222400993763,0.4427711162570916,0.36410339667401653,0.05233665226129496,3.499184087055067e-05,25.682734330487182,52.813094145065264,nan,3.3424804956590126,nan
258.47,173.33639526367188,-193.25241088867188,-40.432708740234375,173.7505297038499,-193.09674760476614,-40.44358922282652,0.44255708942387095,0.36415263635357065,0.05235737850422783,3.569702212474773e-05,25.58248151342408,52.51902348388675,nan,nan,nan
258.48,173.33395385742188,-193.26109313964844,-40.43394470214844,173.74788088821708,-193.10544816382267,-40.44416118568735,0.4423407304992845,0.3642019633080588,0.05237816920184002,3.500029663282073e-05,25.149470627332658,50.89471431566915,nan,0.41724966542970654,nan
258.49,173.33155822753906,-193.26976013183594,-40.43515396118164,173.74527520639003,-193.11415193427203,-40.44547023558551,0.44213354911863306,0.3642513778621738,0.052399024545342905,3.570582648692528e-05,25.047576047971063,51.74907336354349,nan,nan,nan
258.5,173.32920837402344,-193.27842712402344,-40.436336517333984,173.72955987428438,-193.12814538845626,-40.44725538946545,0.427767630349575,0.36418299850437114,0.0523939267110269,3.4987591486559895e-05,24.003132435783936,52.457962132384274,10.914320630856041,0.16805821650658043,nan
258.51,173.32691955566406,-193.28709411621094,-40.4375,173.72701591913605,-193.13687901925707,-40.44852342563458,0.42750811843647074,0.3642321990829949,0.05241478319586019,3.5692595789024835e-05,23.90012003604946,52.89200668731814,nan,nan,nan
258.52,173.3246612548828,-193.29576110839844,-40.438636779785156,173.7245134993043,-193.1456151111425,-40.450406688978866,0.427275284358114,0.36428148685949796,0.0524357043455188,3.499604105387861e-05,24.355335576603714,52.757059354875906,nan,0.28702915558564146,nan
258.53000000000003,173.32244873046875,-193.304443359375,-40.43975067138672,173.72206090536412,-193.15434919782143,-40.451636994191574,0.42703563355637564,0.3643308621235983,0.05245669034256807,3.570139731158387e-05,24.25793560999312,51.57578389675221,nan,nan,nan
258.54,173.32029724121094,-193.3131103515625,-40.44084548950195,173.71966316222037,-193.16307820245876,-40.451329250830064,0.42674663897912996,0.36438032488235206,0.05247774129533079,3.500450305930178e-05,23.34158682297703,52.39943445771825,nan,1.6240297561357377,nan
258.55,173.31817626953125,-193.32177734375,-40.44191360473633,173.71867229387175,-193.175428488234,-40.4525625045024,0.42653071646672597,0.3643119136386538,0.05247255590995293,3.5688177226710495e-05,22.919329204477496,51.89519325250917,1.066950992571283,nan,nan
258.56,173.3160858154297,-193.3304443359375,-40.44296646118164,173.71634654496685,-193.18417651953305,-40.45414060837508,0.426295422554418,0.3643611622131005,0.05249360716919288,3.499179110476068e-05,23.213602948839714,51.79851418079754,nan,0.12747880986499896,nan
258.57,173.31405639648438,-193.33912658691406,-40.443992614746094,173.71406539095662,-193.19292324022848,-40.45527795593595,0.42603987274260147,0.36441049816517784,0.052514723474209705,3.569697212093267e-05,23.118003780625063,51.214977084379974,nan,nan,nan
258.58,173.3120574951172,-193.34779357910156,-40.445003509521484,173.7118404310632,-193.2016622264521,-40.45391486738532,0.42574661525342505,0.36445992153053036,0.052535904940524764,3.5000250224445626e-05,21.72303673839973,50.57440890413737,nan,4.345033858201438,nan
258.59000000000003,173.3101043701172,-193.35646057128906,-40.44599151611328,173.7096409799429,-193.21040915784627,-40.45498808126008,0.4254896663188111,0.3645094325559408,0.0525571517400024,3.570577989095248e-05,21.625026932412656,50.674416492357224,nan,nan,nan
258.6,173.3081817626953,-193.36514282226562,-40.44696044921875,173.69126278548805,-193.20741089281483,-40.456300307504584,0.4143883016507563,0.3644409888740235,0.052551875074008506,3.4987548293266437e-05,22.538663269565003,49.46090739626334,5.588370832232124,0.022699700042605166,nan
258.61,173.30630493164062,-193.37380981445312,-40.447906494140625,173.68912148341838,-193.21612785171817,-40.45733927248356,0.4141269020411762,0.3644902854895556,0.052573121325036776,3.569255245438783e-05,22.44292779600253,50.720131191300375,nan,nan,nan
258.62,173.30447387695312,-193.3824920654297,-40.44883728027344,173.68701942500599,-193.2248444020718,-40.458093672799706,0.41385935159165715,0.36453966943425514,0.05259443293874239,3.499600089523122e-05,22.30497973123498,49.817023503690756,nan,0.05008825196932681,nan
258.63,173.3026580810547,-193.3911590576172,-40.44974899291992,173.68495312294485,-193.23356196940762,-40.459093866628656,0.41361052686140176,0.36458914093190686,0.05261581008108781,3.5701357053732395e-05,22.208808075369234,49.997294535047665,nan,nan,nan
258.64,173.30088806152344,-193.3998260498047,-40.450645446777344,173.68293137078243,-193.2422753565575,-40.45837252521211,0.4133267700420117,0.3646387000527518,0.05263725287638379,3.500446578255609e-05,21.37450695309038,49.5550365326755,nan,2.050281706536566,nan
258.65,173.29916381835938,-193.40850830078125,-40.45151901245117,173.67824608032956,-193.25699364811152,-40.45932706171277,0.4083148502654923,0.36457022358851554,0.05263188125737791,3.568813990200457e-05,20.433457503506784,48.994729421565104,4.218574540149876,nan,nan
258.66,173.29747009277344,-193.41717529296875,-40.45237731933594,173.67627362717027,-193.2657359715607,-40.460313506121054,0.40803059787319196,0.3646195680830984,0.05265332263632982,3.499175657182584e-05,20.431872102944954,49.980237309955356,nan,0.002067592250534964,nan
258.67,173.29579162597656,-193.4258575439453,-40.45322036743164,173.67433552975876,-193.27447853065163,-40.4612300511065,0.40776862040746514,0.3646690000249537,0.05267482973619347,3.569693756179183e-05,20.339112525248176,48.063972275029634,nan,nan,nan
258.68,173.29417419433594,-193.4345245361328,-40.454044342041016,173.6576769908131,-193.26978431757558,-40.46185124844444,0.3991673464157394,0.36028990297011204,0.049024014919504665,3.4999687647658916e-05,28.621537841389106,58.50224588816765,nan,0.057091999485447215,0.04916071500503746
258.69,173.29257202148438,-193.44320678710938,-40.45485305786133,173.65580929105872,-193.2785134994953,-40.462733335487854,0.3989076231014264,0.3603417707260132,0.04903798747321144,3.570520530119269e-05,28.491197058735796,56.60049552920902,nan,nan,nan
258.7,173.29100036621094,-193.45188903808594,-40.45564270019531,173.63408687366098,-193.27425986043406,-40.46289645424802,0.38641052430725276,0.36027448623891417,0.04903427775046116,3.4987006519592065e-05,29.200429777248203,56.44425981301117,11.58316012558159,0.2376474335770947,nan
258.71,173.28945922851562,-193.46055603027344,-40.4564208984375,173.63225096298675,-193.28294985830735,-40.4637403221927,0.38613948193143327,0.3603261287741772,0.049048281258344525,3.569199933412474e-05,29.068337515352614,57.423839458981774,nan,nan,nan
258.72,173.2879638671875,-193.46923828125,-40.45718002319336,173.63042594411016,-193.29161933686441,-40.464051441595686,0.3858445022618438,0.36037785609437134,0.04906234057432302,3.499547935921954e-05,28.789531257302176,56.68839693290935,nan,0.18961922442732687,nan
258.73,173.28648376464844,-193.47792053222656,-40.457923889160156,173.62865147459664,-193.3003102182164,-40.464861276983065,0.38558046206179947,0.36042967256108205,0.04907646049426785,3.5700824799497425e-05,28.66279148844564,55.97959672521002,nan,nan,nan
258.74,173.2850341796875,-193.48658752441406,-40.458656311035156,173.62687127605017,-193.30896391207776,-40.46471818906455,0.38527846354851,0.36048157415407606,0.04909063659871566,3.50039641197912e-05,28.236548436056903,56.7057475000144,nan,0.6225207074520324,nan
258.75,173.2836151123047,-193.49526977539062,-40.459373474121094,173.622674616466,-193.31430698865518,-40.46543172511377,0.3843768722884802,0.3604141909129652,0.04908696735584502,3.568762831337297e-05,28.57941163329984,55.58696563821801,1.2888074506904905,nan,nan
258.76,173.2822265625,-193.5039520263672,-40.4600715637207,173.62092466136454,-193.32292345657518,-40.46460388536426,0.38406807625064804,0.3604658670724799,0.049101174037867346,3.4991274562143716e-05,28.013847283881148,55.09855068543625,nan,1.7778540868660542,nan
258.77,173.28086853027344,-193.5126190185547,-40.46076202392578,173.61926244152943,-193.33160206137046,-40.46533339444077,0.3837948350248467,0.3605176321801498,0.049115441413423985,3.5696446031937735e-05,27.88550708525285,56.23124547602034,nan,nan,nan
258.78000000000003,173.279541015625,-193.52130126953125,-40.46143341064453,173.6175998694402,-193.34025251987177,-40.4652986763422,0.3835066866105738,0.36056948242849723,0.04912976541924849,3.4999755351532646e-05,27.603184427721388,55.0100530702182,nan,0.3987041710045878,nan
258.79,173.27822875976562,-193.5299835205078,-40.46209716796875,173.61599210122208,-193.3489321887089,-40.46599541845737,0.38324777355499956,0.36062142186077306,0.04914415032362606,3.570527606117453e-05,27.479257901843642,54.52208189611237,nan,nan,nan
258.8,173.27694702148438,-193.53866577148438,-40.46274185180664,173.63424683918774,-193.3558507290896,-40.46678654320339,0.401373714865774,0.36055393612697634,0.04914051330884367,3.498707468471003e-05,29.074597432823495,54.15661745438565,13.439484719099363,0.016511604063942528,nan
258.81,173.27569580078125,-193.54734802246094,-40.46337890625,173.6327256329657,-193.36450120740977,-40.46745950366536,0.40114823958142787,0.3606056498059343,0.04915492820459977,3.569207046269251e-05,28.952107284877236,54.26284016825657,nan,nan,nan
258.82,173.27435302734375,-193.5560302734375,-40.46410369873047,173.63115155188254,-193.37312850512677,-40.46753204600902,0.4009613416893333,0.3606574486402917,0.049169400164976326,3.499554783993887e-05,28.704278308729883,53.79227560385808,nan,0.290113041553766,nan
258.83,173.27293395996094,-193.56471252441406,-40.46492004394531,173.6295161758182,-193.38177951698458,-40.468331392730406,0.4007829826394847,0.3607093364580659,0.04918393312024243,3.5700896153238456e-05,28.577037239892505,53.968399017654,nan,nan,nan
258.84000000000003,173.27142333984375,-193.57339477539062,-40.46582794189453,173.6277505139134,-193.3903835410161,-40.467901498528235,0.40058265879200833,0.36076130977375037,0.04919852350810196,3.500403272148655e-05,28.257434290282294,53.37399804660573,nan,1.2311259506450234,nan
258.85,173.26983642578125,-193.58206176757812,-40.46682357788086,173.64539392528368,-193.40326941060277,-40.4689019561117,0.41595007152468755,0.3606937256544734,0.049194918764372146,3.568769963431562e-05,28.714547944255177,54.170297341882474,3.726086699208571,nan,nan
258.86,173.26815795898438,-193.5907440185547,-40.4679069519043,173.64356108643307,-193.41193696732108,-40.47043449530626,0.41581950188124256,0.36074547300477494,0.049209538707588575,3.499134304574409e-05,28.661009484746014,52.746809653096385,nan,0.1595281978648645,nan
258.87,173.26641845703125,-193.59942626953125,-40.46907424926758,173.64163114604284,-193.42058814890368,-40.47158446286979,0.4156608431849697,0.3607973091375669,0.049224219746009844,3.569651720151084e-05,28.538945897916047,53.32227152922505,nan,nan,nan
258.88,173.26458740234375,-193.6081085205078,-40.47032928466797,173.63968004613048,-193.42929748973293,-40.47451902447818,0.4155543647579349,0.3608492307820815,0.04923895863573856,3.4999823606833105e-05,28.749110812385986,53.10981476697353,nan,2.03509869710581,nan
258.89,173.26268005371094,-193.61679077148438,-40.47167205810547,173.6375918127553,-193.43794899495086,-40.47585906082034,0.41540430798816813,0.36090124144485447,0.04925375883467961,3.5705346909823125e-05,28.623852077914563,53.08253761718336,nan,nan,nan
258.9,173.2606964111328,-193.62548828125,-40.47309494018555,173.62589460191563,-193.44217367909877,-40.47624844688278,0.4086366436302519,0.360833555730992,0.049250178844624924,3.4987142500173956e-05,28.522011076917078,52.002361450402475,1.8682220385247477,0.5713311746934315,nan
258.91,173.25863647460938,-193.63417053222656,-40.47460174560547,173.6236365250912,-193.45081538750568,-40.47774621629758,0.4084777027492229,0.3608853401085248,0.049265007974330234,3.569214077569774e-05,28.400900729676167,52.889246879699,nan,nan,nan
258.92,173.25650024414062,-193.64285278320312,-40.47618865966797,173.62130235771346,-193.4594568009961,-40.47931864920679,0.40831907277447,0.3609372100098244,0.04927989536179406,3.499561512671974e-05,28.290340572815246,52.766498278969905,nan,5.371819071708276e-05,nan
258.93,173.25428771972656,-193.6515350341797,-40.47785949707031,173.61889338460085,-193.46809842212625,-40.48098216176564,0.40816177250554364,0.3609891687295539,0.04929484416700671,3.5700965845008505e-05,28.170510733229865,52.58917135913697,nan,nan,nan
258.94,173.2519989013672,-193.66021728515625,-40.479610443115234,173.61641329671912,-193.47674293428906,-40.4828225844686,0.40800858669631135,0.3610412133140824,0.04930985158830645,3.5004099345800845e-05,28.07966640914483,52.410538393945615,nan,0.006445049341635491,nan
258.95,173.24964904785156,-193.6688995361328,-40.48143768310547,173.62195929558666,-193.4904463069412,-40.48476488141986,0.4128819998814508,0.360973429574219,0.04930629550750581,3.568776851713503e-05,27.676692937280418,52.64458890859375,2.0689782790221676,nan,nan
258.96,173.24720764160156,-193.67758178710938,-40.48334503173828,173.61935573765984,-193.49911422580757,-40.48706705651498,0.41274535649145105,0.3610252476598075,0.04932133136461375,3.499140883517413e-05,27.651014870172673,51.89596552410464,nan,0.10958748918709553,nan
258.97,173.24472045898438,-193.68626403808594,-40.485328674316406,173.6166677787183,-193.5077696076838,-40.48905797203679,0.41257602693724005,0.3610771543654366,0.04933642875259132,3.569658520940975e-05,27.53210754954158,52.70603880986434,nan,nan,nan
258.98,173.2421417236328,-193.6949462890625,-40.48735427856445,173.61390204179085,-193.51641793679494,-40.49088653225092,0.4124203966057482,0.36112914694430936,0.0493515851466408,3.499988850060141e-05,27.38819235621782,51.78350202995756,nan,0.03536840726474005,nan
258.99,173.239501953125,-193.70362854003906,-40.489383697509766,173.61107344855475,-193.5250727496594,-40.49296020876672,0.41226246242749437,0.3611812283813165,0.04936680329543109,3.570541393133977e-05,27.279105091749692,51.973268915658636,nan,nan,nan
259.0,173.23678588867188,-193.71231079101562,-40.49139404296875,173.61221451658702,-193.53284646868383,-40.495378421337975,0.41613696413470147,0.36111334392927436,0.049363264254560585,3.498720634996082e-05,27.72669108965685,51.62029419294492,1.0961517176184659,0.13726881830192939,nan
259.01,173.2340087890625,-193.72097778320312,-40.49337387084961,173.60925545597192,-193.54149259851567,-40.49742332500327,0.4159824402878796,0.36116519854997536,0.04937851017833458,3.569220666102758e-05,27.620090277715516,52.76843033119835,nan,nan,nan
259.02,173.23117065429688,-193.7296600341797,-40.49531936645508,173.60622494428125,-193.55013455502353,-40.4993048691759,0.4158256874387024,0.3612171390491003,0.04939381548568083,3.499567788826296e-05,27.50492439255102,51.83091727427383,nan,0.012377965866407757,nan
259.03000000000003,173.22825622558594,-193.73834228515625,-40.497230529785156,173.6031317033069,-193.5587800447581,-40.50128317645419,0.4156809424526808,0.36126916821140986,0.0494091826696077,3.570103055364177e-05,27.402458571969014,51.36415589241209,nan,nan,nan
259.04,173.22528076171875,-193.7470245361328,-40.49910354614258,173.6000259657743,-193.56747537110846,-40.50501164073858,0.41558004789130515,0.36132128358980764,0.049424609585363835,3.500416093599858e-05,27.83109914366859,51.94540388228137,nan,2.2513335883092056,nan
259.05,173.2222442626953,-193.75570678710938,-40.500938415527344,173.57702551002097,-193.5714556931563,-40.50698359133051,0.3998183878054442,0.36125330147533624,0.049421085966146985,3.56878319223625e-05,27.36836034960056,52.36754342095828,3.6246091787819386,nan,nan
259.06,173.2191925048828,-193.76438903808594,-40.50273895263672,173.57370943197068,-193.58008019869465,-40.50818242115587,0.39960184086051387,0.3613051898204174,0.04943654010427636,3.4991469139125745e-05,27.08172740350801,51.8705789778842,nan,0.33778809901314044,nan
259.07,173.21615600585938,-193.7730712890625,-40.50450134277344,173.57042090050294,-193.58872322554492,-40.5100309028232,0.3993975464794932,0.36135716663645234,0.04945205624545491,3.569664728548754e-05,26.981979953320867,51.4169654653811,nan,nan,nan
259.08,173.2131805419922,-193.78173828125,-40.50623321533203,173.56715568996975,-193.59735641259832,-40.511482992201955,0.399152400757417,0.3614092296683188,0.04946763247950041,3.4999947495228416e-05,26.799612366039803,52.91337110092266,nan,0.09252580457238951,nan
259.09000000000003,173.21023559570312,-193.79042053222656,-40.50792694091797,173.56394725873537,-193.6059988266992,-40.51325976900934,0.3989382722804509,0.36146138141317036,0.049483270950496275,3.570547461411422e-05,26.6993920834624,51.0431215227003,nan,nan,nan
259.1,173.2073516845703,-193.79910278320312,-40.509586334228516,173.55318549800955,-193.6072670749598,-40.515102775261255,0.395515355702932,0.36139329944526283,0.04947975643931668,3.4987263940470346e-05,27.478229228469896,51.43643765501378,4.209436403644905,0.030112285295777457,nan
259.11,173.20452880859375,-193.8077850341797,-40.51121520996094,173.55007159461783,-193.61588378177507,-40.51681393254599,0.39529388224753903,0.3614452238437009,0.04949542143709991,3.5692265855474655e-05,27.377736627534784,51.532712759364564,nan,nan,nan
259.12,173.20176696777344,-193.8164520263672,-40.51280975341797,173.5470066202325,-193.6244946569527,-40.51827479436212,0.3950543202840777,0.3614972344534846,0.04951114687656271,3.499573406370375e-05,27.24156746302926,52.61702006128925,nan,0.03371320230869733,nan
259.13,173.1990509033203,-193.82513427734375,-40.514373779296875,173.54400263890824,-193.6331107129692,-40.519920964700766,0.3948360677878041,0.3615493335889952,0.04952693468792593,3.5701088252669505e-05,27.14218279991165,51.15549283291891,nan,nan,nan
259.14,173.19638061523438,-193.8338165283203,-40.515907287597656,173.54103930019986,-193.64171414123825,-40.521026396431864,0.39461264744052005,0.36160151926892203,0.0495427832793307,3.5004215653610514e-05,26.921972065764848,50.6217793953042,nan,0.18386415193281927,nan
259.15,173.1937713623047,-193.8424835205078,-40.51741027832031,173.52151273887867,-193.6432172680396,-40.522791479682034,0.383601885578568,0.3615333400156995,0.04953927559963316,3.5687888049806894e-05,27.099367147055652,52.241161653144665,4.343941355766224,nan,nan
259.16,173.19122314453125,-193.85116577148438,-40.518882751464844,173.518593840162,-193.6517748520487,-40.52253475885046,0.3833296861307599,0.3615852981278603,0.04955515010944162,3.4991522331379996e-05,26.562228610467304,51.05792279767972,nan,2.3195832786038593,nan
259.17,173.18870544433594,-193.85984802246094,-40.52032470703125,173.51577456017847,-193.66037501829467,-40.5240432742645,0.38311553566959355,0.3616373445819902,0.049571087130357155,3.5696701844744735e-05,26.463277014647847,50.16380260201909,nan,nan,nan
259.18,173.18624877929688,-193.86851501464844,-40.5217399597168,173.5130322197047,-193.66899848253806,-40.526548284153925,0.3829064944526631,0.36168947756951036,0.049587085264284375,3.499999916627171e-05,26.628601959736365,51.72600794050417,nan,0.7411678921014238,nan
259.19,173.18385314941406,-193.877197265625,-40.52312469482422,173.5103125215541,-193.67759837902233,-40.52801149535039,0.3826739055782151,0.36174169914595805,0.049603146152882874,3.570552757781282e-05,26.531126786686013,51.142530532924916,nan,nan,nan
259.2,173.18148803710938,-193.88587951660156,-40.52448272705078,173.521652387634,-193.69602112861116,-40.52618557365631,0.3895650042607896,0.3616734208695883,0.04959963945492823,3.49873140387974e-05,25.14071531597518,49.458129675950595,5.62135221224287,7.874575961931513,nan
259.21,173.17916870117188,-193.89454650878906,-40.525814056396484,173.5190509923228,-193.7046502771367,-40.52756386704674,0.3893374018394413,0.3617254145705795,0.049615725532538804,3.569231717274893e-05,25.03715554112278,50.32640517733961,nan,nan,nan
259.22,173.17691040039062,-193.90322875976562,-40.52711868286133,173.51649860241469,-193.71328162222773,-40.52901621111018,0.38910623565580527,0.3617774947891857,0.04963187304450817,3.4995782601807516e-05,24.949756114740723,49.795216581027965,nan,0.007032971885697186,nan
259.23,173.1746826171875,-193.9119110107422,-40.52839660644531,173.5139893246576,-193.72191082101799,-40.53034453332779,0.38888675504388576,0.36182966341878703,0.04964808345807104,3.570113793970563e-05,24.8499049898451,49.16056980262284,nan,nan,nan
259.24,173.17251586914062,-193.9205780029297,-40.52964782714844,173.51154442355747,-193.7305570194257,-40.53245782555971,0.3886595309173141,0.36188191889381155,0.04966435563507156,3.5004262619327034e-05,24.862999006606255,50.83513560498869,nan,0.46269392164511136,nan
259.25,173.17037963867188,-193.92926025390625,-40.53087615966797,173.48556514125727,-193.72927197394068,-40.53366700677613,0.3732894346096256,0.36181354372898883,0.04966084709596994,3.5687936070436786e-05,25.008025314775814,49.763162890208434,5.748693893914423,nan,nan
259.26,173.1682891845703,-193.9379425048828,-40.532081604003906,173.48315040132184,-193.73788286134237,-40.53499902889626,0.3730548996538998,0.3618655711023643,0.049677143800130046,3.499156769443203e-05,24.93063316468051,49.80454413243252,nan,0.0033947475292024497,nan
259.27,173.16624450683594,-193.9466094970703,-40.533260345458984,173.48077627917468,-193.74649259805167,-40.53623924125385,0.3728081046645059,0.3619176867126766,0.0496935035564054,3.5696748222046676e-05,24.831356170920802,50.90649095484034,nan,nan,nan
259.28000000000003,173.1642303466797,-193.95529174804688,-40.53441619873047,173.47847547507305,-193.7551297497305,-40.53883631711823,0.3726048358992883,0.3619698891455927,0.049709925382664964,3.500004294911946e-05,25.039682151161696,49.727432377093486,nan,1.3440430946385895,nan
259.29,173.16226196289062,-193.96397399902344,-40.53554916381836,173.47618320658674,-193.76374012637555,-40.54004517568621,0.3723712732233795,0.3620221800678086,0.049726410513527684,3.57055723115709e-05,24.946307768428774,49.86274202374939,nan,nan,nan
259.3,173.1603240966797,-193.97265625,-40.536659240722656,173.42699020910555,-193.7616711571613,-40.539438349568385,0.34004889113546777,0.3619537066795177,0.04972289466087,3.498735622332084e-05,23.56177027191194,50.291294307371004,20.723496183401892,1.8882557720357276,nan
259.31,173.158447265625,-193.9813232421875,-40.53774642944336,173.42469720480764,-193.77028010365302,-40.540584705774755,0.3397591680143119,0.3620057691984076,0.049739403556300424,3.569236024603669e-05,23.462991943516684,52.184376035688295,nan,nan,nan
259.32,173.15658569335938,-193.99000549316406,-40.538814544677734,173.42245105414338,-193.7788965607209,-40.54211434086988,0.339502960336146,0.3620579185121658,0.04975597481746128,3.499582321569847e-05,23.448633981440537,50.17568285834392,nan,0.11538935012570123,nan
259.33,173.15476989746094,-193.99868774414062,-40.539859771728516,173.42023322332315,-193.78750578076858,-40.54322342108569,0.33923430423307194,0.36211015614730047,0.049772609540351974,3.570117938356713e-05,23.35449594693092,50.48365596564916,nan,nan,nan
259.34000000000003,173.1529998779297,-194.0073699951172,-40.5408821105957,173.418055610536,-193.79611816326715,-40.544481148036276,0.33896140033631583,0.36216248089962283,0.049789306949666746,3.500430167234035e-05,23.30758620899324,50.874968789777135,nan,0.02004382895794773,nan
259.35,173.1512451171875,-194.01605224609375,-40.54188919067383,173.40095299876478,-193.79736448083702,-40.545505041549305,0.331950958986941,0.36209391104299826,0.04978578051853495,3.568797587881531e-05,23.5437088179836,50.36195462943874,2.826909972173191,nan,nan
259.36,173.1495361328125,-194.02471923828125,-40.54287338256836,173.3987858688625,-193.80593086631976,-40.54500302185375,0.3316599433004183,0.3621460071608835,0.0498025009796688,3.499160518413312e-05,23.205962485129252,51.52340523093037,nan,1.704657643790899,nan
259.37,173.14785766601562,-194.0334014892578,-40.5438346862793,173.39668584322763,-193.81452421288535,-40.546019985242886,0.33140232259059144,0.36219819143615345,0.04981928506243011,3.569678642998592e-05,23.111969543955222,50.360178027917875,nan,nan,nan
259.38,173.14622497558594,-194.04208374023438,-40.54478073120117,173.39463703864706,-193.82313220740124,-40.54788191624906,0.331146408938649,0.36225046279378975,0.04983613211385743,3.5000078909029156e-05,23.154463689590088,50.91789086751409,nan,0.5264482431548333,nan
259.39,173.1446075439453,-194.05076599121094,-40.54570770263672,173.392603533819,-193.83172628384193,-40.54887086962937,0.3308933514338918,0.36230282256665824,0.04985304304735217,3.5705608937646676e-05,23.06267687811375,50.07053091538707,nan,nan,nan
259.4,173.14303588867188,-194.0594482421875,-40.54661560058594,173.37554816972883,-193.83125313625675,-40.55123229673075,0.3258163303094998,0.36223415525554503,0.04984950086460762,3.498739065970657e-05,23.880554866558835,51.480113441571085,4.048559926171456,1.352598456498124,nan
259.41,173.14149475097656,-194.06813049316406,-40.54750442504883,173.3735549655252,-193.83982346668714,-40.552200358570275,0.3255734837279099,0.36228628609850405,0.04986643405452702,3.569239529801284e-05,23.79215362848883,51.35046075447648,nan,nan,nan
259.42,173.1399688720703,-194.07681274414062,-40.548377990722656,173.37162075863984,-193.84841573139877,-40.55457267613919,0.3253708132393413,0.36233850398419015,0.04988343048549561,3.499585616485787e-05,24.17501902003692,51.005864555699134,nan,1.4264023928775755,nan
259.43,173.13848876953125,-194.0854949951172,-40.549232482910156,173.36968960019942,-193.85698657015504,-40.55552150843402,0.3251299374440502,0.36239081012715124,0.04990049096373345,3.5701212900655583e-05,24.089988437780043,51.63870704281836,nan,nan,nan
259.44,173.1370391845703,-194.09417724609375,-40.55006790161133,173.36781491636725,-193.8655782708529,-40.557847104896574,0.3249237539351898,0.36244320362977617,0.04991761499638688,3.500433315858025e-05,24.61489030545051,52.22448936280848,nan,1.3701702019780433,nan
259.45,173.13560485839844,-194.1028594970703,-40.55088806152344,173.36510062490848,-193.87203121622522,-40.55874359775643,0.32559439726972916,0.3623744402950882,0.04991405344921194,3.568800787630785e-05,24.841143005602294,51.57060665775644,0.41011196152558804,nan,nan
259.46,173.13421630859375,-194.11154174804688,-40.551692962646484,173.36321693002552,-193.880564284972,-40.557487609196606,0.325308239971389,0.3624266046320059,0.04993119897735793,3.4991635224573304e-05,23.97610260279533,51.469735267626604,nan,3.3265649085996887,nan
259.47,173.13284301757812,-194.12022399902344,-40.55248260498047,173.36140129071435,-193.88912838083587,-40.558364536350155,0.32508255271722397,0.36247885707199906,0.04994840871983883,3.5696816948871357e-05,23.89122146354511,50.82888755761209,nan,nan,nan
259.48,173.13150024414062,-194.12890625,-40.553253173828125,173.35960399253963,-193.89768597121204,-40.558715657696276,0.32484454141399516,0.3625311968252255,0.04996568227702797,3.500010754260716e-05,23.68022388173835,50.81852786472458,nan,0.1841986517773066,nan
259.49,173.13018798828125,-194.13758850097656,-40.554012298583984,173.35784295415442,-193.90625082743375,-40.55955794996828,0.32461462834596794,0.3625836249446482,0.04998302031585562,3.570563800834786e-05,23.594816077389005,50.84919666920582,nan,nan,nan
259.5,173.12889099121094,-194.14627075195312,-40.554752349853516,173.35689011376277,-193.92102101456123,-40.55834811664384,0.320521408985942,0.3625147648951869,0.04997943446268002,3.4987417909301093e-05,22.21600570604803,49.76194305185462,3.668904089867984,2.7737604671326923,nan
259.51,173.12762451171875,-194.1549530029297,-40.55548095703125,173.35518181853283,-193.92961112794407,-40.55914148995328,0.3202728337024272,0.36256696355951823,0.04999679316910991,3.569242294501732e-05,22.128598361337993,49.860992441616865,nan,nan,nan
259.52,173.1263885498047,-194.16363525390625,-40.55619430541992,173.35349713308545,-193.93820032239472,-40.55981649690888,0.3200192763203299,0.36261924948611746,0.05001421594166152,3.4995882070338645e-05,22.03487090375524,50.030070108207205,nan,0.007745464535001498,nan
259.53000000000003,173.12518310546875,-194.17233276367188,-40.55689239501953,173.35183915944867,-193.9467911923983,-40.56058168036212,0.31977426101022927,0.3626716236303586,0.05003170336685435,3.570123916627161e-05,21.950158172668356,49.259073724639805,nan,nan,nan
259.54,173.12399291992188,-194.18101501464844,-40.557579040527344,173.35020121305033,-193.95537925340878,-40.561061728374476,0.3195212320721863,0.3627240853487614,0.05004925516532536,3.500435775282168e-05,21.82300620181989,49.684459800946094,nan,0.052227729662058235,nan
259.55,173.12281799316406,-194.189697265625,-40.558250427246094,173.35833244784405,-193.97519648839156,-40.561777800446606,0.31857508402048124,0.36265512974492103,0.05004564112805866,3.568803278976374e-05,20.730920085934624,48.924669714353676,7.4131233340255065,nan,nan
259.56,173.12168884277344,-194.19837951660156,-40.55890655517578,173.35671091432468,-193.98378930769294,-40.55935423325222,0.3182523091689069,0.3627073617681939,0.050063212787767875,3.499165853727948e-05,20.295589466535326,49.510067073910406,nan,6.9985010638733804,nan
259.57,173.1205596923828,-194.20706176757812,-40.55955123901367,173.35516267070543,-193.99241841864298,-40.560034674263505,0.31797886469005104,0.3627596818639822,0.050080849272071244,3.569684055263041e-05,20.205529132247115,48.39432383467128,nan,nan,nan
259.58,173.1194610595703,-194.21575927734375,-40.5601806640625,173.35362465765232,-194.00103911154915,-40.55990445507552,0.3177064943575711,0.3628120894766953,0.05009855037040118,3.500012961395321e-05,20.112280623436806,47.70740964310276,nan,0.45063448831188685,nan
259.59000000000003,173.1182861328125,-194.2244415283203,-40.56090545654297,173.3520667915276,-194.0096688585662,-40.56060574438669,0.3174598965065559,0.36286458542990907,0.05011631656637791,3.570566033916156e-05,20.02414214396188,49.05154052976805,nan,nan,nan
259.6,173.11700439453125,-194.23312377929688,-40.56172180175781,173.3522516156228,-194.03118642798754,-40.56157145055202,0.31003221040823453,0.362795533824226,0.050112669578461874,3.498743877235179e-05,18.390248082766398,48.11822350863771,14.153249147769014,0.014941042217587654,nan
259.61,173.11566162109375,-194.2418212890625,-40.562625885009766,173.35052311138307,-194.03986715295386,-40.56245837887187,0.30975057832167646,0.36284779979868637,0.0501304547755964,3.569244403753496e-05,18.30451694102472,48.07838919636893,nan,nan,nan
259.62,173.11422729492188,-194.25050354003906,-40.56361770629883,173.34870778522057,-194.04854634244575,-40.56324414087882,0.3094639713142461,0.3629001532287008,0.05014830481958372,3.499590176489188e-05,18.220593891796714,48.70752267442313,nan,0.02582825846988273,nan
259.63,173.11270141601562,-194.2592010498047,-40.564697265625,173.34681225659574,-194.0572276630853,-40.56430835146476,0.30919457607507567,0.36295259485915965,0.0501662201357677,3.570125906225837e-05,18.1364041811741,47.17309440624454,nan,nan,nan
259.64,173.11109924316406,-194.26788330078125,-40.56586456298828,173.3448071691463,-194.06589049632043,-40.56350813741713,0.30891105590822265,0.36300512425251136,0.050184200600851304,3.5004376315671264e-05,18.204545054244747,48.48365800818012,nan,2.6913426529613367,nan
259.65,173.1094207763672,-194.2765655517578,-40.567115783691406,173.32266382515297,-194.07210609040848,-40.564693843922875,0.295435500546155,0.3629359775847748,0.05018051658968365,3.568805152638544e-05,17.5662229344543,49.388292845375965,4.4404267631231145,nan,nan
259.66,173.10765075683594,-194.28526306152344,-40.56845474243164,173.3214162168348,-194.07792004104715,-40.5660048543417,0.2978133676993106,0.3628793466039805,0.04914790110396114,3.499111776806315e-05,24.970126435070682,55.178403215958575,nan,8.724350696876161e-06,0.007866731111702552
259.67,173.10580444335938,-194.2939453125,-40.56987762451172,173.31916538133908,-194.08660370972441,-40.567395713579934,0.2975224192880256,0.36293127532927516,0.04916200060214628,3.569628716421853e-05,24.850946215461917,56.25836203284908,nan,nan,nan
259.68,173.10389709472656,-194.30264282226562,-40.571380615234375,173.3168384672809,-194.09529940029142,-40.56926225830609,0.2972201376376902,0.3629832909794997,0.04917615682271913,3.4999606637716584e-05,24.688376800411763,55.939030930702216,nan,0.10813531550636585,nan
259.69,173.10189819335938,-194.3113250732422,-40.572967529296875,173.31443145764985,-194.10398339135108,-40.57082475148462,0.29692684785338874,0.3630353938107376,0.049190372481625895,3.570512537727015e-05,24.569220748401474,56.17474133944328,nan,nan,nan
259.7,173.09982299804688,-194.3200225830078,-40.57463455200195,173.32961692465946,-194.12235414538148,-40.57288325167252,0.3031189980758554,0.3629668952317277,0.049186544101970035,3.49869336279079e-05,23.90029383608621,54.58103541606658,5.690506631465565,0.07561487887341324,nan
259.71,173.09767150878906,-194.32870483398438,-40.57638168334961,173.3270859959423,-194.13106436288638,-40.57461470880206,0.3028132839402396,0.3630187705089579,0.049200789516910405,3.569192753514604e-05,23.781314329220375,55.51233406371115,nan,nan,nan
259.72,173.09544372558594,-194.33738708496094,-40.57820510864258,173.3244702694097,-194.13972461015584,-40.57468750924818,0.30254914514410386,0.3630707326299116,0.0492150920523676,3.49954140397494e-05,23.929233633864225,55.657756149555205,nan,2.1366850755209503,nan
259.73,173.09315490722656,-194.34608459472656,-40.58011245727539,173.32179026606303,-194.14843452005348,-40.57656184145252,0.3022454072459604,0.36312278182938346,0.049229454171300785,3.570076057212708e-05,23.812870642594568,54.92557353975764,nan,nan,nan
259.74,173.09078979492188,-194.35476684570312,-40.58209228515625,173.31904617919636,-194.15719158054745,-40.580205352908735,0.3018948871324349,0.36317491816656555,0.049243873758124716,3.5003905794339284e-05,23.443702575967652,55.5990428492877,nan,2.017370404468294,nan
259.75,173.08834838867188,-194.36346435546875,-40.5841178894043,173.3024864077561,-194.1598077689905,-40.582195949986136,0.29552460182600193,0.3631063301502789,0.0492400814782109,3.568757100911872e-05,23.5600555301842,54.56345252796727,2.130409442946636,nan,nan
259.76,173.08583068847656,-194.3721466064453,-40.586143493652344,173.29957130881746,-194.16852554746802,-40.58507072616782,0.29520795936563415,0.36315823869824126,0.049254530404967974,3.4991222621606524e-05,23.373584837561943,55.222810778693486,nan,0.4754506655753538,nan
259.77,173.083251953125,-194.38082885742188,-40.58815383911133,173.29658130829577,-194.1772205583999,-40.58712553121313,0.2949013574491113,0.3632102342233101,0.049269039064934836,3.5696395160648654e-05,23.254457710394917,55.3941967186644,nan,nan,nan
259.78000000000003,173.08059692382812,-194.38951110839844,-40.59012985229492,173.29351453145836,-194.18587692504983,-40.5877106734076,0.2946296670288418,0.3632623168020324,0.049283605574454964,3.499970934032831e-05,23.277157290616323,55.22225172406408,nan,1.4772694672627391,nan
259.79,173.077880859375,-194.39820861816406,-40.59207534790039,173.2903855951788,-194.19457132811942,-40.58969701016046,0.2943332552162168,0.3633144866426229,0.049298232051987474,3.570523109900591e-05,23.156012298226546,54.2984857371574,nan,nan,nan
259.8,173.07510375976562,-194.40689086914062,-40.5939826965332,173.28980917899779,-194.20310958274874,-40.59372400138197,0.29601570339151173,0.3632458093393702,0.04929446986376331,3.49870340552051e-05,23.118679451116588,54.44224314429528,0.9381945385170395,2.678341041311393,nan
259.81,173.0723419189453,-194.4155731201172,-40.59585189819336,173.2866054156963,-194.21179966178448,-40.59566281340475,0.29568987827433074,0.36329775114724544,0.049309125121189665,3.5692030856400364e-05,23.002036296395907,54.84699117837835,nan,nan,nan
259.82,173.06961059570312,-194.4242706298828,-40.597686767578125,173.28342238694017,-194.22051217077237,-40.59847197800401,0.29535336173213217,0.36334977992288997,0.04932383859762115,3.4995512190235015e-05,22.905107847747487,53.658977707116925,nan,0.5798957063633887,nan
259.83,173.06692504882812,-194.43295288085938,-40.5994873046875,173.28027116611463,-194.2292018278379,-40.60034857990272,0.29501152378099504,0.3634018958605867,0.0493386122001714,3.570086149681967e-05,22.79213933381657,54.70303865507691,nan,nan,nan
259.84000000000003,173.06427001953125,-194.44163513183594,-40.60124969482422,173.27716810111176,-194.2379153879436,-40.60318960837315,0.2946711564724334,0.36345409905826503,0.049353444359285736,3.5004001616430126e-05,22.764103899692252,53.97716344487999,nan,0.7049842888583133,nan
259.85,173.06167602539062,-194.4503173828125,-40.60297775268555,173.2459670337859,-194.2406570615791,-40.604954625770596,0.279149662550808,0.3633853327516543,0.04934971022429137,3.56876694343719e-05,22.017755626298317,55.4260347978589,7.9397382118163895,nan,nan
259.86,173.0591278076172,-194.45899963378906,-40.604671478271484,173.24291364234782,-194.2493693479441,-40.6076266938443,0.27880248042324124,0.3634373076796166,0.049364570687814906,3.499131602416958e-05,22.043529442172762,55.21244361735891,nan,0.5587832034151733,nan
259.87,173.056640625,-194.46768188476562,-40.60633087158203,173.23990701086652,-194.25806058044728,-40.60938523228825,0.2784546435813628,0.36348936967049017,0.049379491439709655,3.569649110165789e-05,21.94086888711487,55.6344720409596,nan,nan,nan
259.88,173.05418395996094,-194.4763641357422,-40.60795593261719,173.23694848510536,-194.26674079637337,-40.61063859625192,0.2781222981775777,0.36354151883322416,0.04939447110185508,3.499980033800185e-05,21.772352083817193,54.556568818079825,nan,0.1578582126909506,nan
259.89,173.05178833007812,-194.4850616455078,-40.60955047607422,173.23404056567142,-194.2754315414773,-40.61232832254867,0.27779196231286474,0.363593755345208,0.04940951129672546,3.570532452236789e-05,21.672288231072628,53.90943194607007,nan,nan,nan
259.9,173.0494384765625,-194.49374389648438,-40.611114501953125,173.25166598597966,-194.28341978632477,-40.61448542930089,0.29179369429560875,0.3635249002185051,0.04940579963373821,3.4987122576617546e-05,22.992479473017937,53.99637069892564,10.870423500359957,0.1588972686761428,nan
259.91,173.04713439941406,-194.50242614746094,-40.61264419555664,173.2488891762828,-194.29208578384473,-40.61611876788462,0.29147921230924373,0.3635769082185006,0.0494208675353761,3.569212169064652e-05,22.894403854043162,53.89701061519329,nan,nan,nan
259.92,173.0448760986328,-194.5111083984375,-40.61414337158203,173.24616750281575,-194.3008150764716,-40.62067633717156,0.29117724894089797,0.3636290033007737,0.04943599468936963,3.4995598259424625e-05,23.664726508330226,54.637894327151905,nan,6.1638242459232835,nan
259.93,173.04266357421875,-194.51979064941406,-40.61561584472656,173.2434826487204,-194.30948092814185,-40.622280045486306,0.29086576133512365,0.3636811856341857,0.04945118254587229,3.570094977135256e-05,23.57852270119754,54.4706930004964,nan,nan,nan
259.94,173.04049682617188,-194.52847290039062,-40.61705780029297,173.24084131959535,-194.31813882975314,-40.623478487478856,0.2905504474957522,0.3637334553407953,0.049466429983142074,3.500408521850452e-05,23.402051662884695,54.36350430267073,nan,0.1000878135871853,nan
259.95,173.0383758544922,-194.5371551513672,-40.61846923828125,173.2417104906865,-194.32601399701258,-40.624983355130276,0.29320299291922713,0.3636645116466882,0.04946273818333911,3.56877550961723e-05,23.67069867369573,54.28180117999453,0.6542816961481824,nan,nan
259.96,173.03628540039062,-194.54583740234375,-40.61985397338867,173.239163043863,-194.3346748509941,-40.62661082751004,0.29290718050435005,0.36371655260299735,0.04947801279471585,3.499139711451196e-05,23.67779471018817,53.70679748993934,nan,0.008982869085854292,nan
259.97,173.0342559814453,-194.5545196533203,-40.621212005615234,173.23665715808949,-194.34333354968243,-40.62809984935498,0.292597418081706,0.36376868071267576,0.04949334828184239,3.5696574188209625e-05,23.59279250489788,54.47516667921933,nan,nan,nan
259.98,173.03224182128906,-194.56320190429688,-40.62253952026367,173.2341924432233,-194.351993611748,-40.62963456369319,0.29230692120151097,0.36382089610423407,0.04950874367714003,3.499987895225509e-05,23.5946555236178,53.39388073339233,nan,0.0036544263261171126,nan
259.99,173.03028869628906,-194.57188415527344,-40.623844146728516,173.23176789775974,-194.36065233069402,-40.631072415435206,0.2920017126814595,0.36387319893663156,0.04952420020131595,3.570540503369761e-05,23.51156156765949,54.15812518229673,nan,nan,nan
260.0,173.0283660888672,-194.58058166503906,-40.6251220703125,173.2428953674783,-194.37297805167273,-40.63139465675068,0.29859909076349284,0.3638041668779593,0.049520523025064496,3.498719868565478e-05,23.301829695397608,51.899759089348386,1.5686996242048972,0.8017034367408792,nan
260.01,173.0264892578125,-194.58926391601562,-40.626373291015625,173.24057179220054,-194.38163998582795,-40.63277160578366,0.29829509943754695,0.36385624071864636,0.049536006088557245,3.5692199598424977e-05,23.217114208179044,53.194048942444674,nan,nan,nan
260.02,173.02464294433594,-194.5979461669922,-40.62759780883789,173.2382861768695,-194.39030214875845,-40.63412439763204,0.29799675413825144,0.36390840175357725,0.04955154984719042,3.64114995634629e-05,23.13368229345971,52.83571714362331,nan,nan,nan
260.03000000000003,173.0228271484375,-194.60662841796875,-40.62880325317383,173.23603775389356,-194.39896435819176,-40.63545355886709,0.297703460792467,0.36396065012725226,0.04956715444546423,3.714524308096855e-05,23.04894546542222,52.308471747269046,nan,nan,nan
260.04,173.02105712890625,-194.6153106689453,-40.629981994628906,173.23382500549113,-194.4076172459759,-40.6362303828061,0.29739833490791756,0.36401298598000054,0.04958281955257207,3.6362566188507166e-05,22.82642180888213,52.55453938427205,nan,0.18282262765960072,nan
260.05,173.01931762695312,-194.62399291992188,-40.631134033203125,173.24620255549252,-194.4243076615077,-40.6375571979375,0.3023114788946435,0.3639438657906283,0.04957915392417562,3.7071231597420994e-05,22.391041895051586,51.990594778208404,3.447046040620517,nan,nan
260.06,173.01760864257812,-194.63267517089844,-40.632266998291016,173.2440860061268,-194.43300400411516,-40.63958865500915,0.3020168500293456,0.36399597241249276,0.04959484498643185,3.629227029350837e-05,22.650985344489467,51.94356216655241,nan,0.39397344712845733,nan
260.07,173.0159454345703,-194.64137268066406,-40.63337707519531,173.2420025606541,-194.44168730537294,-40.64083090793572,0.3017144891796563,0.36404816628117354,0.04961059757219674,3.702244877230224e-05,22.572440619763718,51.35004585382818,nan,nan,nan
260.08,173.01431274414062,-194.65005493164062,-40.634464263916016,173.23995060776554,-194.45034401086602,-40.64041914375075,0.3013840705340963,0.36410044753521,0.04962641097625873,3.624615177569431e-05,21.946199047915083,51.63981661110107,nan,1.7524612024678758,nan
260.09000000000003,173.01271057128906,-194.6587371826172,-40.635528564453125,173.2379338081259,-194.45902764131955,-40.64160278759572,0.30107524555060183,0.36415281632425595,0.04964228616185128,3.6975117859548046e-05,21.862455952865123,51.47752964585097,nan,nan,nan
260.1,173.01113891601562,-194.66741943359375,-40.636573791503906,173.2222913207814,-194.47571517539293,-40.6416825436153,0.285240179495866,0.3640836082169279,0.04963862707966949,3.6178915608132855e-05,19.65342066487804,51.7432030202595,20.505060647030593,0.7089486424243353,nan
260.11,173.0095977783203,-194.6761016845703,-40.637596130371094,173.22031259905037,-194.48444758136628,-40.6428144102306,0.284884645769011,0.36413574753421807,0.04965452754547294,3.6905824732973e-05,19.56770822310349,51.65125393121257,nan,nan,nan
260.12,173.00808715820312,-194.68479919433594,-40.63859939575195,173.21836551542296,-194.49319122837375,-40.644650861880876,0.28454739566116266,0.36418797414218507,0.0496704891281395,3.613566812511951e-05,19.743737417686557,50.690160497868845,nan,0.3471508998695754,nan
260.13,173.00660705566406,-194.6934814453125,-40.639583587646484,173.21644825194335,-194.50192428029106,-40.64575090302484,0.284192735491158,0.3642402881881813,0.04968651267452959,3.6861508214896685e-05,19.660899514904475,51.685121776562916,nan,nan,nan
260.14,173.00515747070312,-194.70216369628906,-40.64054489135742,173.2145615908331,-194.510668442784,-40.647561162809126,0.28384810323034276,0.36429268981430646,0.049702597652978284,3.609384276812465e-05,19.892058072266423,52.018522217497875,nan,0.3523659833189216,nan
260.15,173.0037384033203,-194.7108612060547,-40.6414909362793,173.248083719719,-194.52634208192646,-40.64865414916673,0.3062731663628027,0.36422339401271564,0.04969894172202392,3.6795442267880165e-05,20.692725232509964,49.73212036613056,12.220665480441259,nan,nan
260.16,173.00234985351562,-194.71954345703125,-40.64241409301758,173.24631448042734,-194.53507472985294,-40.64987519634707,0.3059462674291917,0.36427556592728844,0.049715051343296665,3.603117081406917e-05,20.74279481016575,51.04570081937905,nan,0.018857715489657124,nan
260.17,173.0009765625,-194.7282257080078,-40.6433219909668,173.2445731155405,-194.54380526545972,-40.650911908173775,0.3056268756605948,0.3643278251828039,0.04973122311308848,3.6754157487700426e-05,20.66579448409583,50.34379850315078,nan,nan,nan
260.18,172.99964904785156,-194.73690795898438,-40.64421081542969,173.2428592447091,-194.55253897713223,-40.65214254063749,0.3052966321292383,0.36438017192271305,0.04974745660020528,3.599225670150478e-05,20.74650148471938,51.23845339350876,nan,0.0297362602291434,nan
260.19,172.9983367919922,-194.74560546875,-40.64508056640625,173.24117215862728,-194.56127022671404,-40.65314718754935,0.3049812570010169,0.3644326062922864,0.04976375250167469,3.67143653520762e-05,20.674128917287796,49.63404218750058,nan,nan,nan
260.2,172.99705505371094,-194.75428771972656,-40.64593505859375,173.24993417283687,-194.58223772625232,-40.654950664032555,0.30599073562091006,0.36436322301321444,0.04976009490261786,3.593266006578545e-05,19.96166065235458,51.29378631505502,10.500819797743382,0.4139213544248452,nan
260.21,172.99578857421875,-194.7629852294922,-40.64677429199219,173.24831438626958,-194.59101187445208,-40.65593104472403,0.3056598873196752,0.3644154274307865,0.04977641473658175,3.665304996608225e-05,19.89173820015892,49.61474375048684,nan,nan,nan
260.22,172.9945526123047,-194.77166748046875,-40.6475944519043,173.24672039568065,-194.59980623880276,-40.65849484562367,0.3053583074733075,0.36446771923624366,0.04979279656357602,3.589664231481222e-05,20.81691764603879,51.90098866265002,nan,1.715016302392149,nan
260.23,172.99334716796875,-194.7803497314453,-40.64839553833008,173.24515103742124,-194.60858093637523,-40.659459772278915,0.3050116799467634,0.36452009857424716,0.04980924099452074,3.661627851531619e-05,20.753007226238264,52.11929490500661,nan,nan,nan
260.24,172.99215698242188,-194.78904724121094,-40.64918518066406,173.24360592527574,-194.6173326025651,-40.658459955468864,0.3046284777155186,0.3645725655892024,0.04982574772676725,3.586204511546868e-05,19.71416673474721,49.47605229401267,nan,2.5536325677247977,nan
260.25,172.99099731445312,-194.7977294921875,-40.64995574951172,173.23878956734464,-194.6317257003106,-40.65930335992852,0.29840515634128517,0.36450309505121026,0.049822084752563854,3.655812165618338e-05,18.766554994564025,51.20786239383439,5.319195881643531,nan,nan
260.26,172.9898681640625,-194.80642700195312,-40.65071105957031,173.23728452740423,-194.64054116320148,-40.661331982934264,0.29807007961331305,0.364555331874022,0.049838614729663694,3.58069294171326e-05,19.43307029734398,51.0293864419558,nan,0.8593430583678072,nan
260.27,172.98875427246094,-194.8151092529297,-40.65145492553711,173.2358024602487,-194.64934398623802,-40.66222862283692,0.2977028775206587,0.36460765613199725,0.049855207501687565,3.6524325955540314e-05,19.365797905772816,51.66899265365181,nan,nan,nan
260.28000000000003,172.98765563964844,-194.8238067626953,-40.65217971801758,173.23434322710236,-194.65812142848733,-40.66078091300367,0.2972883723434767,0.3646600679696007,0.049871862839272814,3.577517804260667e-05,18.16361217109882,49.10061226187994,nan,3.667193413452562,nan
260.29,172.98658752441406,-194.83248901367188,-40.65289306640625,173.23290567731334,-194.66692464620385,-40.66162687907987,0.2969182912968079,0.3647125675313997,0.04988858124394274,3.649198346986925e-05,18.09199871218093,50.42591071219628,nan,nan,nan
260.3,172.98553466796875,-194.8411865234375,-40.65359115600586,173.2372090152336,-194.68038909306236,-40.663125298734386,0.29880878595516336,0.3646430099516707,0.04988490823618872,3.572300932539715e-05,18.17348480132578,49.387276869920996,1.519776000746098,0.3835236462025898,nan
260.31,172.9844970703125,-194.84988403320312,-40.654273986816406,173.2358232763391,-194.68920717017554,-40.66395074273788,0.2984552826693986,0.36469527908116167,0.049901649139798845,3.643838313239785e-05,18.108198636020383,49.08534622117692,nan,nan,nan
260.32,172.98348999023438,-194.8585662841797,-40.654945373535156,173.2344587349083,-194.6980107300143,-40.6632830878373,0.2980485099045819,0.3647476356923168,0.04991845286485163,3.569403900280905e-05,17.393585959932146,49.861786059069956,nan,1.4863094748571604,nan
260.33,172.98251342773438,-194.8672637939453,-40.655601501464844,173.2331140093142,-194.7068295669224,-40.66406825645524,0.29767680230183685,0.36480007993004976,0.04993531985105581,3.6408926891838314e-05,17.324362038781437,49.09751590219576,nan,nan,nan
260.34000000000003,172.98153686523438,-194.87594604492188,-40.656246185302734,173.23179036627494,-194.71562832214263,-40.66268842834319,0.2972710707680307,0.36485261193830276,0.04995224996143204,3.5666423160499134e-05,16.427993422995772,48.46854499210639,nan,3.148331419628718,nan
260.35,172.9805908203125,-194.8846435546875,-40.65687561035156,173.2561985900528,-194.72768317665322,-40.663401309631524,0.31723617032895635,0.3647829675339535,0.04994856297927402,3.63582931209824e-05,17.13826957207373,46.96701855640463,7.6820899103550255,nan,nan
260.36,172.9796600341797,-194.89334106445312,-40.657493591308594,173.25495659506433,-194.73649055695168,-40.663785839050725,0.31690672211239107,0.3648352688696225,0.04996551485362112,3.561847177766161e-05,16.9894248331177,46.6444139625676,nan,0.07996840960975969,nan
260.37,172.9786376953125,-194.90203857421875,-40.658206939697266,173.25367967874055,-194.74530136623866,-40.664550108148,0.31663051147895527,0.36488765773387866,0.0499825301834956,3.633163591607369e-05,16.899057811922408,46.345907382288665,nan,nan,nan
260.38,172.9775390625,-194.9107208251953,-40.65900802612305,173.2523159968587,-194.7540999886541,-40.663968134756,0.31631796150721947,0.36494013427004324,0.04999960888360243,3.5593524510223865e-05,16.394584533617493,47.463951425083685,nan,1.4122877002444076,nan
260.39,172.97633361816406,-194.91941833496094,-40.65989685058594,173.25086445801392,-194.7629113129194,-40.664902039224984,0.31604854356615464,0.36499269862398626,0.05001675131642,3.63063374980759e-05,16.30833547288566,45.49877861701933,nan,nan,nan
260.4,172.97506713867188,-194.92811584472656,-40.6608772277832,173.27628832596767,-194.78440506650637,-40.66598738063289,0.3337860169550096,0.3649229676104611,0.0500130458120918,3.5548295338669135e-05,15.97032780528097,46.005548654819265,8.461760726200954,0.0175276544854498,nan
260.41,172.97369384765625,-194.9368133544922,-40.66194534301758,173.27470932432516,-194.79324524747284,-40.66710046657008,0.33353964359003974,0.3649753010518672,0.0500302092274251,3.625991451716109e-05,15.88437212850698,45.0858802483485,nan,nan,nan
260.42,172.97225952148438,-194.94549560546875,-40.66310119628906,173.2730469932772,-194.80207937446764,-40.667482025087544,0.3332574232677324,0.3650277220660206,0.05004743625170041,3.5525919233741205e-05,15.604984677074702,46.78405993111223,nan,0.4605102615512754,nan
260.43,172.97071838378906,-194.95419311523438,-40.66434097290039,173.27130100816836,-194.81092007758764,-40.66876281553664,0.3330114563908749,0.36508023079959,0.0500647272046801,3.6237274238162376e-05,15.520924965377457,44.65736514981166,nan,nan,nan
260.44,172.9691162109375,-194.962890625,-40.66566848754883,173.26947289727167,-194.8197616415678,-40.670242122465176,0.33274759662592157,0.3651328273946705,0.050082082064989146,3.550478878459707e-05,15.486606754426608,45.30274209870991,nan,0.008606552659654165,nan
260.45,172.96742248535156,-194.97158813476562,-40.667076110839844,173.27107287950022,-194.83684813340003,-40.67167238969241,0.33223418790655773,0.3650630099897582,0.05007835392799652,3.6193547021199324e-05,14.631160561763421,45.207032386767985,5.302490845211259,nan,nan
260.46,172.9656524658203,-194.9802703857422,-40.66857147216797,173.26908742721554,-194.8457185146693,-40.6730506344616,0.3319594021879628,0.36511537543205824,0.05009572899126821,3.5463397164331665e-05,14.529160586671685,46.2841080149432,nan,0.017552786373045193,nan
260.47,172.96380615234375,-194.9889678955078,-40.670143127441406,173.2670224525696,-194.8545900015809,-40.67467055937598,0.3316896753575573,0.36516782849496876,0.050113168178638826,3.6173451489269244e-05,14.44808150286321,45.20829963613449,nan,nan,nan
260.48,172.9618682861328,-194.99766540527344,-40.67179870605469,173.26487854517086,-194.86346451139715,-40.67685754171647,0.3314373075224792,0.3652203693196937,0.050130671503626496,3.5444686719248755e-05,14.522458095614917,44.66761450152084,nan,0.1615288080126767,nan
260.49,172.95986938476562,-195.00636291503906,-40.67353439331055,173.26265773095656,-194.87233578904903,-40.678646572000744,0.3311648946690314,0.3652729980542789,0.05014823923379512,3.6154585644110464e-05,14.442047737881563,45.14645892055081,nan,nan,nan
260.5,172.95779418945312,-195.0150604248047,-40.675350189208984,173.263021992014,-194.8958642502889,-40.68086252657564,0.32772263476692765,0.36520309447082594,0.050144483989380526,3.540573419817652e-05,13.051104240691693,45.96322113664996,18.770583430898217,0.1002024044795272,nan
260.51,172.95562744140625,-195.02374267578125,-40.677242279052734,173.26064979110637,-194.90479228560494,-40.68281520137659,0.32744295167694276,0.365255491812866,0.05016207110578217,3.611463149853449e-05,12.972833746139209,46.47005545568375,nan,nan,nan
260.52,172.95339965820312,-195.03244018554688,-40.67921447753906,173.2582006809048,-194.913729201264,-40.68644281015011,0.327182227545639,0.365307976816534,0.050179722583616415,3.538932747084162e-05,13.510791675161066,46.16880547871414,nan,1.7583199185794025,nan
260.53000000000003,172.9510955810547,-195.0411376953125,-40.68122863769531,173.25567939656037,-194.92265670498878,-40.68855255439126,0.32689858594349436,0.3653605496307984,0.050197438662394726,3.6098139679910615e-05,13.442417117909972,45.98296337329979,nan,nan,nan
260.54,172.94871520996094,-195.04983520507812,-40.68324661254883,173.2530855808919,-194.93158076903964,-40.69011163720221,0.326607658983874,0.3654132103954389,0.05021521939767359,3.537403224264687e-05,13.211466721712323,45.50075769673635,nan,0.22861997710085932,nan
260.55,172.94627380371094,-195.0585174560547,-40.685245513916016,173.22831046155935,-194.94067898451462,-40.69219499534175,0.305743155340044,0.36534322085296234,0.05021143281766647,3.60605668460433e-05,12.327621747339608,47.87674627616217,8.408230734965981,nan,nan
260.56,172.9438018798828,-195.0672149658203,-40.68721389770508,173.2255618627433,-194.9496218675285,-40.693705485573545,0.3053833090076483,0.365395649984979,0.050229232117609456,3.533847226516596e-05,12.104525043260775,45.79582122757565,nan,0.23865611328381814,nan
260.57,172.9413604736328,-195.07591247558594,-40.689151763916016,173.22281199331414,-194.95856728137463,-40.69576692672193,0.3050059227529308,0.36544816682784337,0.05024709621290241,3.604632214596669e-05,12.049125975578203,46.13661593630912,nan,nan,nan
260.58,172.93893432617188,-195.0845947265625,-40.6910514831543,173.22008743109473,-194.9675084237748,-40.696947970390696,0.3046162163608183,0.36550077152043287,0.050265025181274015,3.532530928411942e-05,11.741792008400411,46.345515669206314,nan,0.49671062774077424,nan
260.59000000000003,172.9365692138672,-195.09329223632812,-40.69291305541992,173.21739763460138,-194.9764532429737,-40.698932151659804,0.30422390073708044,0.3655534642131149,0.05028301922902523,3.6033159426721145e-05,11.686529644434223,45.849605769759734,nan,nan,nan
260.6,172.93423461914062,-195.1019744873047,-40.694740295410156,173.19838924473459,-194.98021740040068,-40.701064488138705,0.29093375508473435,0.36548338892183907,0.050279196884810355,3.529187681968493e-05,11.680921489683328,46.82498802875552,2.2074164375121375,0.029284615195849482,nan
260.61,172.93194580078125,-195.1106719970703,-40.696533203125,173.1957575667038,-194.98915493390223,-40.70297978610151,0.2905247027573489,0.3655358497423345,0.05029720864570043,3.599887672781122e-05,11.626930149850404,45.45634180563489,nan,nan,nan
260.62,172.9296875,-195.11935424804688,-40.69828796386719,173.1931704419976,-194.99809210664517,-40.704860141824554,0.2901223210718964,0.36558839831481416,0.05031528551290178,3.6720182231857914e-05,11.573174362957362,45.999831279009115,nan,nan,nan
260.63,172.927490234375,-195.1280517578125,-40.700008392333984,173.1906279159468,-195.00702900774516,-40.706706327784026,0.289711594238373,0.36564103478377824,0.05033342763091462,3.7455937832025004e-05,11.520387489530176,45.29466513080073,nan,nan,nan
260.64,172.9253387451172,-195.13673400878906,-40.70169448852539,173.18813270259184,-195.01595816341109,-40.70643746464844,0.28925760963967806,0.3656937592898638,0.05035163512380621,3.6650425033834615e-05,10.861198163420344,45.83764071148751,nan,2.784618170819968,nan
260.65,172.9232177734375,-195.1454315185547,-40.703346252441406,173.16751998604505,-195.01423364627888,-40.70813010277902,0.27734335758892104,0.36562359847138065,0.05034777271115245,3.736068168022485e-05,11.189190339647554,44.051873042283006,5.32396656018605,nan,nan
260.66,172.921142578125,-195.1541290283203,-40.7049674987793,173.16508082890942,-195.02313927180094,-40.70862374288564,0.2769071227500903,0.3656760908654858,0.050365997056220545,3.6560332159921634e-05,10.869119303362343,43.76293401303389,nan,0.980501621600078,nan
260.67,172.9191131591797,-195.16281127929688,-40.7065544128418,173.16268162571322,-195.03204894961618,-40.71030574191873,0.2764750571441511,0.3657286710589278,0.05038428686758494,3.7291924250266564e-05,10.806548580655528,45.03762517368356,nan,nan,nan
260.68,172.91712951660156,-195.1715087890625,-40.70811080932617,173.2107060549688,-195.03509061329882,-40.71194868333178,0.3237465549396021,0.3599270541962038,0.050323229679337805,3.6495260201755205e-05,18.555390185549502,51.72483867637411,nan,0.00026301987136670196,0.43359685388648
260.69,172.91517639160156,-195.18019104003906,-40.709632873535156,173.20840553988285,-195.04396057471195,-40.71356948046031,0.3233536298838987,0.35997574787496067,0.05034057278379974,3.722537301587456e-05,18.453054928763457,52.471890664180904,nan,nan,nan
260.7,172.9132537841797,-195.1888885498047,-40.71112823486328,173.20817227944238,-195.05126503924112,-40.71321108985598,0.32545581542318874,0.3599093656149533,0.05033670722907894,3.641038275466157e-05,18.412250449453737,50.1657679721709,0.8883738064014115,2.413551004865284,nan
260.71,172.91139221191406,-195.19757080078125,-40.71259307861328,173.20595607720043,-195.06012585615295,-40.714753608767616,0.32505945829473576,0.3599578491935998,0.05035406473826609,3.713820237957201e-05,18.304163945241744,52.17896831038877,nan,nan,nan
260.72,172.9095458984375,-195.2062530517578,-40.714027404785156,173.2037098552373,-195.06899853772217,-40.718015556164104,0.32463385598962574,0.3600064169237083,0.05037148076928859,3.635054710386415e-05,18.50322661470048,51.46593292944717,nan,1.996924313845193,nan
260.73,172.90774536132812,-195.21495056152344,-40.71543502807617,173.20156829841505,-195.0778592305964,-40.719519048973524,0.32425704402591704,0.360055073534211,0.05038895560826038,3.707708520096205e-05,18.40503534667634,50.48331076019111,nan,nan,nan
260.74,172.90599060058594,-195.2236328125,-40.71681213378906,173.19945168916328,-195.08672188422096,-40.72129347821592,0.32385814060958845,0.3601038146599542,0.05040648926435046,3.6293073546357365e-05,18.395877420314953,52.094066315323325,nan,0.05830326193679103,nan
260.75,172.9042510986328,-195.23233032226562,-40.718162536621094,173.21333637537595,-195.09949129128273,-40.72268943990703,0.33645268509140086,0.36003738843898137,0.050402598203901285,3.6995146932657875e-05,18.616763823341035,49.53681404621196,2.8882850446320454,nan,nan
260.76,172.90255737304688,-195.2410125732422,-40.719486236572266,173.21124113834688,-195.10836870700535,-40.72650127279585,0.3360495096607947,0.3600859193450218,0.05042014574232761,3.6215632373893164e-05,19.310526962912913,51.8171204379718,nan,3.752722278170281,nan
260.77,172.90089416503906,-195.2497100830078,-40.720787048339844,173.20926973445393,-195.11723164236122,-40.72792388772412,0.3357036841092026,0.3601345388917714,0.05043775233938933,3.693895238669647e-05,19.222339153428322,50.33802891066077,nan,nan,nan
260.78000000000003,172.89927673339844,-195.25840759277344,-40.7220573425293,173.20744901024932,-195.12607595274557,-40.72615017430173,0.3354080595988125,0.3601832430179539,0.050455418028714664,3.61628404896515e-05,18.198307607109946,49.87134338875074,nan,6.6421956727903595,nan
260.79,172.89767456054688,-195.26708984375,-40.723304748535156,173.20554389278885,-195.13493895364752,-40.727491369514794,0.3350595637871368,0.360232036001288,0.050473143060287974,3.688512831633544e-05,18.10125444425644,50.19986260787248,nan,nan,nan
260.8,172.8961181640625,-195.27578735351562,-40.724525451660156,173.2067217836938,-195.13780456954223,-40.72761894779228,0.33988737387469947,0.36016556135294625,0.050469222923875755,3.6090185417939054e-05,18.84372288095323,48.69398707788253,7.646643228010611,0.9171489578003796,nan
260.81,172.8945770263672,-195.2844696044922,-40.72572326660156,173.20489506323943,-195.14663955729807,-40.728900531188955,0.3395651644795663,0.36021414383762174,0.05048696128078734,3.681061710069576e-05,18.74477649289688,49.09093822933027,nan,nan,nan
260.82,172.89308166503906,-195.2931671142578,-40.726898193359375,173.2031289175525,-195.15547027076818,-40.729326851750834,0.3392574507357587,0.36026281096028945,0.050504758999576564,3.604190498248269e-05,18.528063613509886,48.284650544572656,nan,0.4604770473899291,nan
260.83,172.8916015625,-195.30184936523438,-40.72804641723633,173.20136328315758,-195.16430556180373,-40.730554431951184,0.33893496660085143,0.3603115667070869,0.050522616309947754,3.676146144122019e-05,18.42850764089356,48.83836410932768,nan,nan,nan
260.84000000000003,172.89016723632812,-195.310546875,-40.72917175292969,173.19957618310687,-195.17314838026562,-40.73321533795389,0.3385684469673084,0.3603604074499418,0.05054053327551745,3.599579418766124e-05,18.60645840012433,48.497678906729334,nan,1.412246739210184,nan
260.85,172.8887481689453,-195.31922912597656,-40.73027801513672,173.1807492864322,-195.17709615337884,-40.734503280526766,0.32478344690064714,0.3602938882423533,0.050536580677131356,3.669169562614773e-05,18.354087222812524,49.40132024822082,3.1290989822414197,nan,nan
260.86,172.88735961914062,-195.3279266357422,-40.731361389160156,173.17902824664984,-195.18592904541904,-40.73604000430295,0.3244314925686779,0.3603425183544008,0.05055451040026122,3.592989683633596e-05,18.37313764612661,48.3769272995429,nan,0.08567774964304731,nan
260.87,172.88600158691406,-195.3366241455078,-40.732421875,173.17734745281567,-195.1947603854728,-40.737201615998266,0.3240842265727238,0.36039123686244096,0.05057249996193576,3.6647013513980906e-05,18.284048097081453,48.41972202538843,nan,nan,nan
260.88,172.88467407226562,-195.34530639648438,-40.73345947265625,173.17571195908894,-195.20358945668997,-40.73781333821572,0.32373708273317087,0.36044004041643735,0.05059054944241623,3.5888033202557687e-05,18.083765060039813,49.51717496388725,nan,0.1881270823630444,nan
260.89,172.8833770751953,-195.35400390625,-40.73448181152344,173.17408523835928,-195.21242099533134,-40.73892946048137,0.3233832685461987,0.3604889325890771,0.05060865904680336,3.660447790821975e-05,17.993337682800053,48.30517997791211,nan,nan,nan
260.9,172.88209533691406,-195.36268615722656,-40.735477447509766,173.17434257484513,-195.2274090329834,-40.741798774310396,0.32209984103436,0.36042236504910585,0.05060467039747245,3.582642727358666e-05,17.751287675749435,50.05807929888647,4.239273403014199,2.046768191105496,nan
260.91,172.88084411621094,-195.3713836669922,-40.73645782470703,173.17276367435974,-195.23626482009223,-40.742893809284084,0.32173833019216685,0.3604710463134281,0.050622792161731656,3.654137155389545e-05,17.668322140694915,48.85880791232294,nan,nan,nan
260.92,172.87960815429688,-195.3800811767578,-40.7374153137207,173.17118586271465,-195.24512362077567,-40.74471325804226,0.32137884490761803,0.36051981266717564,0.05064097410328628,3.578861466206779e-05,17.922802828553383,48.77490503850752,nan,0.37257529962691993,nan
260.93,172.87840270996094,-195.38876342773438,-40.73835754394531,173.16965706850127,-195.25397957675577,-40.745778699019695,0.3210153600624114,0.3605686674193987,0.05065921641376564,3.650301448030198e-05,17.841362384667327,49.97893373242306,nan,nan,nan
260.94,172.87722778320312,-195.3974609375,-40.73927688598633,173.16810106517835,-195.26284177259691,-40.748430609856776,0.32064525006140077,0.36061760761229933,0.05067751919337004,3.575274359328614e-05,18.57648066689781,49.88764525217033,nan,1.7402717223586412,nan
260.95,172.87606811523438,-195.40615844726562,-40.74018096923828,173.14545130077653,-195.26400329913818,-40.74934121239399,0.30472823441001573,0.3605509948881762,0.05067349100051006,3.644411020800759e-05,18.44209508170265,49.73407145073074,4.691208711893451,nan,nan
260.96,172.87493896484375,-195.41485595703125,-40.741065979003906,173.14397745941173,-195.2728449077702,-40.749765629614416,0.30434278961784555,0.3605997240273941,0.05069180532852408,3.569713040850273e-05,18.16106196788966,49.73339956279127,nan,0.24550125367073128,nan
260.97,172.8738250732422,-195.4235382080078,-40.74193572998047,173.14250768686574,-195.281688729732,-40.75076878934002,0.3039566486990447,0.360648541350429,0.05071018026775354,3.640971873162999e-05,18.083905117271023,50.41780112540066,nan,nan,nan
260.98,172.87274169921875,-195.43223571777344,-40.74278259277344,173.14107176802275,-195.29053178175545,-40.751383279115956,0.30357042529356343,0.3606974441480508,0.05072861592913642,3.566501817746218e-05,17.91724234661846,49.582718752866136,nan,0.0941369592529538,nan
260.99,172.87167358398438,-195.44093322753906,-40.74361801147461,173.13964641883152,-195.29937635236553,-40.752350191292734,0.30318977570044464,0.3607464353592238,0.05074711248841616,3.637722404273062e-05,17.842260853034386,49.05922523965952,nan,nan,nan
261.0,172.87063598632812,-195.4496307373047,-40.74443435668945,173.145638425808,-195.30376154178137,-40.75359081107584,0.31142897196539937,0.36067977430510256,0.050743041136521165,3.561316540971974e-05,18.98836423733012,48.968181113879446,7.099206377386073,0.06478477510915993,nan
261.01,172.86961364746094,-195.45831298828125,-40.745235443115234,173.14427725342134,-195.3125816265507,-40.754529204435755,0.3110692852573099,0.36072855418752453,0.05076154860655172,3.632415435996955e-05,18.913404060118136,49.75965949022829,nan,nan,nan
261.02,172.8686065673828,-195.46701049804688,-40.74601745605469,173.14290789565084,-195.32140472236313,-40.756423983321454,0.3107258541090877,0.36077741957163306,0.05078011704698533,3.55846050100033e-05,19.48300233483227,49.04528962279013,nan,0.6444016979468288,nan
261.03000000000003,172.86761474609375,-195.4757080078125,-40.746788024902344,173.14158754628355,-195.33022541077878,-40.75734197333811,0.31038309733472635,0.3608263731632692,0.05079874662518872,3.6295313017549405e-05,19.413336915198588,48.68114921048898,nan,nan,nan
261.04,172.8666534423828,-195.48440551757812,-40.74753952026367,173.14036029552358,-195.33903975355395,-40.75571258326128,0.31002168595973467,0.36087541260046124,0.050817437464513816,3.555774171524859e-05,18.127786169957663,47.88215687506475,nan,4.3865875564341446,nan
261.05,172.86570739746094,-195.49310302734375,-40.7482795715332,173.16709358935083,-195.3524531108717,-40.75648566220415,0.3326911113774846,0.3608087057194572,0.05081331937824573,3.624588323490104e-05,18.82300915418887,46.67459841093375,10.896074710971412,nan,nan
261.06,172.8647918701172,-195.50180053710938,-40.749000549316406,173.16591279138723,-195.3612667020417,-40.75635831180447,0.33238186577215717,0.36085753366915807,0.050832020474823957,3.551108511852735e-05,18.394667905104736,46.75083327494359,nan,0.6528735972396867,nan
261.07,172.86387634277344,-195.510498046875,-40.74971008300781,173.16472311495477,-195.37008269148097,-40.7571835968862,0.3320859915323837,0.3609064496261164,0.05085078294603605,3.622047781589519e-05,18.31861237991198,45.89335484770971,nan,nan,nan
261.08,172.8629913330078,-195.51919555664062,-40.750404357910156,173.1635758139278,-195.37889686042155,-40.75712517437738,0.3317829466755226,0.3609554514458341,0.050869606921603756,3.548747346508797e-05,17.955646803308206,46.00618845041195,nan,0.5203200915830228,nan
261.09000000000003,172.86212158203125,-195.52789306640625,-40.7510871887207,173.16242212210207,-195.38771308701894,-40.75791593356703,0.3314777107801229,0.36100454151001626,0.0508884925594595,3.6196711192148606e-05,17.877915140098,45.788976167137285,nan,nan,nan
261.1,172.86126708984375,-195.5365753173828,-40.75175476074219,173.1827046720271,-195.4054830974724,-40.75552825086547,0.347162107074833,0.3609377862108345,0.0508843240931472,3.5444041505482294e-05,16.804899045001555,45.63197013220467,4.147152895242432,6.968451176537533,nan
261.11,172.8604278564453,-195.54527282714844,-40.75240707397461,173.18161980524306,-195.4143174162003,-40.75626275138837,0.34688391988878303,0.3609866645154112,0.05090321931148232,3.6152283164969034e-05,16.72235351839804,44.38442771272454,nan,nan,nan
261.12,172.85960388183594,-195.55397033691406,-40.753047943115234,173.1805859999526,-195.42314984168365,-40.75570233599505,0.346627419464398,0.3610356286930939,0.05092217627290671,3.542347504077774e-05,16.41851964322021,44.00150496191619,nan,1.1336211151705042,nan
261.13,172.85879516601562,-195.5626678466797,-40.75367736816406,173.17953493991286,-195.43198488961104,-40.75640000588959,0.34635162852805496,0.3610846809237587,0.05094119513069091,3.6131640825963695e-05,16.333738519218446,43.84772884062685,nan,nan,nan
261.14,172.85801696777344,-195.5713653564453,-40.754295349121094,173.1784798147934,-195.44082145803603,-40.75787029779418,0.34605046740331463,0.3611338193638707,0.050960276021477915,3.540435962411739e-05,16.39824546146001,44.41722094405779,nan,0.4241196185198093,nan
261.15,172.8571319580078,-195.580078125,-40.755001068115234,173.1703113493551,-195.444302988193,-40.75855690263247,0.34136324186815464,0.36106701758351206,0.050956053536925124,3.609029979515699e-05,16.682232204348182,42.70474954978897,1.4685875153821435,nan,nan
261.16,172.85617065429688,-195.58877563476562,-40.755802154541016,173.16913069043056,-195.45312443278968,-40.75980191905325,0.3411176203752481,0.3611159440921426,0.05097514331426376,3.536533702740241e-05,16.69619143859603,44.18950657451081,nan,0.12119538836645648,nan
261.17,172.85511779785156,-195.59747314453125,-40.756690979003906,173.16787211693412,-195.46194555011243,-40.760723666329106,0.34088011898731896,0.3611649584679694,0.05099429521880603,3.607256997720529e-05,16.607123886453692,43.99642686533541,nan,nan,nan
261.18,172.85397338867188,-195.60617065429688,-40.757667541503906,173.16653477634068,-195.47076631147888,-40.76138725430224,0.3406505443687492,0.3612140590538019,0.051013509390431776,3.5348973532258756e-05,16.46080117127326,43.70722088729117,nan,0.08407625603852573,nan
261.19,172.8527374267578,-195.6148681640625,-40.758731842041016,173.16510224650906,-195.47958756174796,-40.76248560318899,0.3404213752154416,0.3612632477515142,0.05103278597761012,3.605622581549024e-05,16.373915838456266,43.43842606922889,nan,nan,nan
261.2,172.85142517089844,-195.62356567382812,-40.759883880615234,173.15764810617338,-195.4836618782627,-40.764849690416895,0.3367049411116558,0.361196397378236,0.05102850579865339,3.531265845798331e-05,16.95233236055884,43.915425847171804,1.3964386878144177,1.1028610734894742,nan
261.21,172.85003662109375,-195.63226318359375,-40.76112365722656,173.15603867111454,-195.49246976657275,-40.76613488390361,0.3364588629418811,0.36124537387543565,0.051047790557465035,3.601908232229564e-05,16.864761361574395,44.062763447152115,nan,nan,nan
261.22,172.8485565185547,-195.64096069335938,-40.762447357177734,173.15435629218103,-195.5012773741581,-40.76705116015847,0.33622332788623993,0.3612944365765531,0.05106713781316882,3.529884939727135e-05,16.682331991357977,43.58564185157415,nan,0.14377055441548844,nan
261.23,172.84698486328125,-195.649658203125,-40.76385498046875,173.1525806109468,-195.51008540567884,-40.7685034782182,0.3359924631737284,0.3613435872123056,0.05108654771218472,3.600535278631346e-05,16.597185258270212,43.153532490685826,nan,nan,nan
261.24,172.8453369140625,-195.65835571289062,-40.765342712402344,173.15074195399973,-195.51889279194006,-40.769219982913526,0.3357635745070323,0.36139282438097525,0.05110602039744501,3.528625461810758e-05,16.338389119596297,43.11238346828024,nan,0.46727296566907,nan
261.25,172.84361267089844,-195.66705322265625,-40.76691436767578,173.16206056843697,-195.52668833048716,-40.77090350600889,0.348033446129812,0.36132592686488735,0.05110167883972231,3.5970773113726205e-05,17.062515971049486,42.673856066960674,5.362181515458339,nan,nan
261.26,172.84181213378906,-195.67576599121094,-40.76856994628906,173.1600687072838,-195.53548098048796,-40.77272387440614,0.3478280982395857,0.36137495164857686,0.05112115896382752,3.5253602079376924e-05,17.027184787867917,41.59676059575544,nan,0.010744938798441597,nan
261.27,172.83993530273438,-195.68446350097656,-40.770301818847656,173.1580008518608,-195.54427335873802,-40.77450280226954,0.34761561786500633,0.3614240641950669,0.051140701955609845,3.595945938321313e-05,16.944460904645375,42.71008228799938,nan,nan,nan
261.28000000000003,172.8379669189453,-195.6931610107422,-40.77211380004883,173.15589859118919,-195.55306498301584,-40.774351671933836,0.34743697740893886,0.36147326325904444,0.05116030795908608,3.5243286160305434e-05,16.51276708137231,41.76640901287553,nan,2.814933018901602,nan
261.29,172.8359375,-195.7018585205078,-40.77400588989258,173.15367551185557,-195.56185707755876,-40.776271136290184,0.34722180165852,0.3615225503376892,0.05117997711906271,3.5949292520316825e-05,16.430061185947903,42.15588348340105,nan,nan,nan
261.3,172.83383178710938,-195.71055603027344,-40.77597427368164,173.1377546548771,-195.56954762744977,-40.777844890524484,0.3350462332670256,0.3614556039728726,0.051175570478172804,3.521285935985568e-05,15.841954583689594,42.4563794479662,4.023173395892807,0.22743096389759834,nan
261.31,172.8316650390625,-195.71925354003906,-40.77798843383789,173.1353700686145,-195.57834582370353,-40.77990285599118,0.33480650308835463,0.3615046784004261,0.051195246324998514,3.591816077592471e-05,15.762361613599436,41.58890632862236,nan,nan,nan
261.32,172.8295135498047,-195.7279510498047,-40.78000259399414,173.13296678880852,-195.58714354948486,-40.78192321173829,0.33453596096795246,0.3615538393237927,0.05121498540488183,3.520463965509377e-05,15.681700308477605,42.038222248139824,nan,0.002712259339403804,nan
261.33,172.827392578125,-195.7366485595703,-40.78200149536133,173.13057345037794,-195.59594083311998,-40.78399829161712,0.334247352686839,0.36160308809798825,0.05123478786232402,3.591013474003056e-05,15.604128569926875,42.140920376243926,nan,nan,nan
261.34000000000003,172.82528686523438,-195.74534606933594,-40.78396987915039,173.128218518815,-195.6047377489127,-40.785472513878766,0.33397686210943656,0.36165242369008815,0.05125465384180655,3.519741445104893e-05,15.474415259619233,41.39197784700335,nan,0.2332209051670935,nan
261.35,172.82322692871094,-195.75404357910156,-40.78590393066406,173.10797398726893,-195.6052246313179,-40.78754889749535,0.3212953041871997,0.3615854295161198,0.05125017840131026,3.588108738454622e-05,15.63320269825265,41.86616399663721,3.3120203232348997,nan,nan
261.36,172.8212127685547,-195.7627410888672,-40.78779983520508,173.10565263835358,-195.6140031954544,-40.78949752501372,0.3209857981574453,0.3616345522608358,0.05127005029753223,3.516996418883661e-05,15.55679380282127,42.08242836660302,nan,0.0008445734158757783,nan
261.37,172.81922912597656,-195.7714385986328,-40.7896614074707,173.10336949648894,-195.62278147781961,-40.791445448782206,0.3206834459818291,0.3616837626975015,0.051289985788855144,3.587502117301358e-05,15.481427246222125,41.58092826949643,nan,nan,nan
261.38,172.81727600097656,-195.78012084960938,-40.79148864746094,173.10111606907182,-195.6315593102614,-40.793852968362174,0.32037681758062136,0.36173305992174415,0.05130998501945895,3.516458457453726e-05,15.468512281160004,42.204597982097006,nan,0.17146240342701655,nan
261.39,172.81536865234375,-195.788818359375,-40.793277740478516,173.09891093123713,-195.6403369866502,-40.79573488587706,0.3200765213660659,0.36178244509647667,0.05133004813428929,3.586988383032338e-05,15.39666329617916,41.329438831854105,nan,nan,nan
261.4,172.81350708007812,-195.79751586914062,-40.7950325012207,173.10664306524063,-195.6494609420653,-40.799317472660704,0.32843161877126603,0.3617154017434662,0.05132550016577663,3.513892455719956e-05,16.110324989926536,41.54767969148276,1.9665861629440073,1.9861448440588176,nan
261.41,172.81167602539062,-195.80621337890625,-40.796749114990234,173.10453371428497,-195.65823170138776,-40.80114835395508,0.32815172729880865,0.36176457380724963,0.05134556840942149,3.584360650832314e-05,16.04716861323709,41.31302563963883,nan,nan,nan
261.42,172.80987548828125,-195.81491088867188,-40.79843521118164,173.10247079721103,-195.6670027254818,-40.80240280948369,0.327878912683108,0.36181383262256955,0.051365700605653,3.513522646469634e-05,15.875366567681,40.79120598329042,nan,0.20659532567569436,nan
261.43,172.80812072753906,-195.8236083984375,-40.800086975097656,173.10043437203223,-195.67577331500576,-40.80416202682233,0.3275959167888157,0.36186317923674516,0.05138589690018356,3.584018277156095e-05,15.810727183966346,41.067606221094074,nan,nan,nan
261.44,172.806396484375,-195.83230590820312,-40.80170440673828,173.0984391451685,-195.68454390863886,-40.80556576706593,0.32731855178427754,0.3619126129182463,0.05140615743606172,3.5132325057732875e-05,15.692485360388408,40.760951688355284,nan,0.07323115432909993,nan
261.45,172.80470275878906,-195.84100341796875,-40.80329132080078,173.10050822559765,-195.69778351289622,-40.807127972270024,0.3286754254539374,0.36184552108646584,0.05140153320300389,3.581556277230731e-05,15.288325863555341,40.475560965528935,1.8018158424937027,nan,nan
261.46,172.8030548095703,-195.8496856689453,-40.80484390258789,173.09859714136135,-195.70656835651027,-40.807745453313984,0.3283843083884028,0.3618947414498138,0.051421798061779316,3.510902938062495e-05,15.036611009703618,41.75678682558898,nan,0.7603900946952741,nan
261.47,172.80142211914062,-195.85838317871094,-40.806365966796875,173.096702092088,-195.71535234651822,-40.809363457996994,0.32811136270334335,0.3619440494647834,0.05144212722932597,3.5813692312367926e-05,14.970137346249546,39.97201618357115,nan,nan,nan
261.48,172.79983520507812,-195.86708068847656,-40.807861328125,173.09481800900457,-195.7241351332325,-40.81229786634573,0.32782307613669653,0.3619934445032315,0.05146252084759033,3.51075881271793e-05,15.202134760553927,40.561577314721035,nan,1.2714410877646,nan
261.49,172.79827880859375,-195.8757781982422,-40.809322357177734,173.0929878067728,-195.7329194210243,-40.813870399784285,0.32754039220750963,0.362042927457861,0.051482979063922664,3.581255738666584e-05,15.141716417275319,40.55076400682138,nan,nan,nan
261.5,172.7967529296875,-195.8844757080078,-40.81075668334961,173.08954267362364,-195.7537085554212,-40.81545316864502,0.32069914144557304,0.3619757860494727,0.05147827481959059,3.50856996799968e-05,13.739842146880804,41.03873140442136,14.936820988353162,0.004476976204328943,nan
261.51,172.79525756835938,-195.89317321777344,-40.812164306640625,173.0877581294094,-195.76253909538502,-40.81696905081381,0.320382486589603,0.36202505542441676,0.05149873653618262,3.579011092714483e-05,13.68040704754007,40.8710645874496,nan,nan,nan
261.52,172.7937774658203,-195.90185546875,-40.813541412353516,173.08599951863084,-195.771369300572,-40.818739527317994,0.3200740361756384,0.3620744117738889,0.05151926290904935,3.508557504632049e-05,13.729066645498705,41.51447321922346,nan,0.055812518318312944,nan
261.53000000000003,172.79234313964844,-195.91055297851562,-40.81489181518555,173.0842748703376,-195.7801998739194,-40.820204419694235,0.3197566121719871,0.36212385589867585,0.05153985408687384,3.579031489498229e-05,13.672469078691451,40.89452818545809,nan,nan,nan
261.54,172.7909393310547,-195.91925048828125,-40.81621170043945,173.08255342248705,-195.78902814786048,-40.8234066208855,0.31945015753136213,0.36217338730818865,0.05156051020962282,3.5086073964519604e-05,14.284591638774016,41.64160305288581,nan,2.1845797541987735,nan
261.55,172.78955078125,-195.92794799804688,-40.817508697509766,173.06535858957545,-195.78966509725976,-40.8248872445645,0.3086203990990044,0.362106196748728,0.05155572220770734,3.5769155215136665e-05,14.542042848815477,41.18469210649155,2.8507854057107687,nan,nan
261.56,172.7882080078125,-195.9366455078125,-40.81877899169922,173.06368950920205,-195.79847670217245,-40.826779477371474,0.30829317902092807,0.3621555143614372,0.05157638099048226,3.506601789205196e-05,14.770880420148067,42.06380217268409,nan,0.16595709540243003,nan
261.57,172.78688049316406,-195.94534301757812,-40.82002639770508,173.06205476939385,-195.8072891125358,-40.82816617743731,0.3079708086980166,0.3622049196123779,0.05159710478145256,3.577055962019346e-05,14.724184757146125,41.468910083437216,nan,nan,nan
261.58,172.7855682373047,-195.95404052734375,-40.82124710083008,173.06044970568712,-195.81610205951117,-40.82931666825868,0.30765558744571403,0.3622544120922177,0.05161789371911579,3.506764319804103e-05,14.656081602899631,40.9959946475769,nan,0.031595522332444455,nan
261.59000000000003,172.7843017578125,-195.96273803710938,-40.822444915771484,173.0588677361429,-195.82491488140334,-40.83065331921258,0.30732568488876827,0.36230399248013273,0.051638747954345546,3.577253265242651e-05,14.609462249057835,41.62504933101827,nan,nan,nan
261.6,172.78305053710938,-195.97142028808594,-40.82361602783203,173.05023184897962,-195.8410472829429,-40.83341446489391,0.29745417000201724,0.3622367518868552,0.051633872436514475,3.504866610164819e-05,14.393504922519991,43.79621786593453,9.53473020542285,1.7306523044645432,nan
261.61,172.78182983398438,-195.98011779785156,-40.824764251708984,173.04867835003074,-195.84989240342617,-40.83471838995878,0.29709572318983896,0.3622861182178784,0.05165472847569223,3.575303503754628e-05,14.354084280072758,42.79472143860731,nan,nan,nan
261.62,172.78062438964844,-195.9888153076172,-40.825889587402344,173.04718408496436,-195.8587421455038,-40.833305354800615,0.29669528522575783,0.36233557171751274,0.051675649859615785,3.5051295312641156e-05,13.080929398966239,41.1151261455061,nan,5.112392447208487,nan
261.63,172.77944946289062,-195.9975128173828,-40.826995849609375,173.04567978921355,-195.86758746171432,-40.83453869789472,0.2963377789952729,0.3623851129935716,0.051696636740690374,3.575602679541947e-05,13.03261644318611,41.1761155257838,nan,nan,nan
261.64,172.77830505371094,-196.00621032714844,-40.82807540893555,173.0441908962747,-195.87643168402633,-40.83644144038163,0.2959860942149376,0.3624347417436082,0.05171768925512913,3.5054400502358796e-05,13.367635119202593,41.84015190456146,nan,0.3358437644489407,nan
261.65,172.7771759033203,-196.01490783691406,-40.82913589477539,173.04600117239494,-195.8908628757952,-40.837633519324704,0.2961864063305533,0.36236745132433545,0.05171272247427789,3.573750250965915e-05,12.92413507187322,41.62269498224178,1.7798681957859266,nan,nan
261.66,172.77606201171875,-196.0236053466797,-40.83017349243164,173.04456816922823,-195.89972696643127,-40.83875422946954,0.2958294082095094,0.3624168657914735,0.051733775919585515,3.5036805217025294e-05,12.936308069604618,41.35897290084218,nan,0.0022584305557160436,nan
261.67,172.7749786376953,-196.0323028564453,-40.83119201660156,173.04315677834634,-195.90859127742863,-40.83991099361261,0.29546588714429456,0.3624663679065349,0.05175489505795161,3.574139629641061e-05,12.89310383621903,41.560520083046576,nan,nan,nan
261.68,172.77391052246094,-196.04100036621094,-40.832191467285156,173.0627983822893,-195.90304644338167,-40.84343067493005,0.3203338885735835,0.3613059500651453,0.05120987542495516,3.504019251649524e-05,21.843841217182774,50.18584006778552,nan,3.950380711968547,0.3664787856882647
261.69,172.7728729248047,-196.04969787597656,-40.833168029785156,173.06144488064305,-195.91187430447906,-40.844572513758266,0.31999870751520215,0.3613539760846995,0.05122822590556067,3.574514307521119e-05,21.77217540947435,50.504398710613216,nan,nan,nan
261.7,172.7718505859375,-196.0583953857422,-40.83412551879883,173.080732357021,-195.93338651957342,-40.84625895682134,0.3334402276971422,0.3612855402664313,0.05122397207508394,3.50234217485939e-05,21.550244215834873,50.790424492626805,7.674751476022259,0.18692291033638092,nan
261.71,172.77084350585938,-196.0670928955078,-40.83506774902344,173.07944529750637,-195.94224823082115,-40.847369832899744,0.33312549793757734,0.3613333583909492,0.05124233190848791,3.572787373867698e-05,21.47906343968886,50.44673255388656,nan,nan,nan
261.72,172.76986694335938,-196.07579040527344,-40.83598709106445,173.07818061155217,-195.9511092869312,-40.84839412572383,0.33280119256788615,0.3613812613204774,0.051260750167300966,3.502813375038308e-05,21.53399622011473,50.956752913317395,nan,0.003322953850075901,nan
261.73,172.76890563964844,-196.08448791503906,-40.83688735961914,173.0769333631543,-195.95997138250942,-40.84946874517248,0.33248118230036483,0.3614292523502409,0.051279227520965406,3.573296780216971e-05,21.466248721840575,50.708695865227725,nan,nan,nan
261.74,172.76795959472656,-196.0931854248047,-40.837772369384766,173.0758128900801,-195.9687895271064,-40.84722586068287,0.3321706779984056,0.36147732854936676,0.05129776359940453,3.5033198890589235e-05,19.485090476391115,48.48761253645924,nan,7.67591879837674,nan
261.75,172.7670440673828,-196.1018829345703,-40.83863830566406,173.05401612611914,-195.96438914663986,-40.84830344833614,0.318356591258451,0.3614088837600742,0.051293469530459705,3.571641262321516e-05,20.26421909940439,48.84445266740525,8.64069027412263,nan,nan
261.76,172.76614379882812,-196.11058044433594,-40.8394889831543,173.05281627568542,-195.97320981185726,-40.84884915835749,0.3180242326221705,0.36145675197821925,0.05131201443159864,3.501743699667399e-05,20.04885903807194,48.464142171881775,nan,0.14087176137121724,nan
261.77,172.76524353027344,-196.11927795410156,-40.8403205871582,173.0516205580039,-195.98203644604274,-40.84982128692,0.3177063059524497,0.36150470806127893,0.05133061866736524,3.572216210364385e-05,19.973269627621352,47.71537117814985,nan,nan,nan
261.78000000000003,172.76437377929688,-196.1279754638672,-40.84113693237305,173.05050428807036,-195.99083777123369,-40.848787181742495,0.3173892580211674,0.3615527493723667,0.051349281912020844,3.5023114693918595e-05,19.0168918550108,47.209534618439974,nan,2.794156869180908,nan
261.79,172.76353454589844,-196.13668823242188,-40.84193801879883,173.04934385076874,-195.99966461332795,-40.849708454162396,0.31705332454617036,0.3616008787668739,0.0513680047704543,3.57282244080587e-05,18.937074108826394,46.534878659399546,nan,nan,nan
261.8,172.7626953125,-196.1453857421875,-40.84272003173828,173.04643509542737,-196.01552496010424,-40.85056298887726,0.31214355530048926,0.36153242306718825,0.051363666841927724,3.642477343660494e-05,17.80337373620976,47.56854944878629,9.104209787128434,nan,nan
261.81,172.76187133789062,-196.15408325195312,-40.84348678588867,173.0452922783139,-196.024382569183,-40.85145331579896,0.31179025350427697,0.3615803442441141,0.0513823979491729,3.7157764546906745e-05,17.72385356508467,47.408016533186064,nan,nan,nan
261.82,172.76107788085938,-196.16278076171875,-40.844242095947266,173.044161054423,-196.03324237654098,-40.85249013856482,0.3114230347876311,0.36162835059800413,0.0514011883273148,3.637341407068348e-05,17.78713487101097,47.95919667419568,nan,0.01691133854369596,nan
261.83,172.76028442382812,-196.17147827148438,-40.84497833251953,173.04305067739114,-196.0421004248339,-40.853353229622854,0.31107156774521355,0.36167644491327144,0.051420038573763614,3.710508624221227e-05,17.70934510127215,47.284502293437704,nan,nan,nan
261.84000000000003,172.759521484375,-196.18017578125,-40.845703125,173.04198420492835,-196.05094679948587,-40.85322488615545,0.3107119166061638,0.36172462476637396,0.051438948390613845,3.6323676691246234e-05,17.278670291912256,47.32849569523626,nan,0.6252564969864767,nan
261.85,172.75875854492188,-196.1888885498047,-40.84640884399414,173.04943378242248,-196.05459404452185,-40.85404918486538,0.32028968552519116,0.3616561578487815,0.051434563224205865,3.703050713254816e-05,18.373241235808777,44.87385290071506,10.925377834252158,nan,nan
261.86,172.75802612304688,-196.1975860595703,-40.847103118896484,173.04840411755058,-196.06342107220436,-40.85465424324505,0.31996350261525724,0.3617041293850154,0.05145348071627979,3.625295774163583e-05,18.27239343699288,46.36258506357373,nan,0.028230955352562755,nan
261.87,172.75729370117188,-196.20628356933594,-40.84778594970703,173.047383574656,-196.07225068463242,-40.85545140801896,0.3196493518390411,0.3617521886539791,0.051472458308870206,3.698128804819525e-05,18.19239314927206,45.672995691798434,nan,nan,nan
261.88,172.756591796875,-196.21498107910156,-40.84844970703125,173.04636906494432,-196.0810842305231,-40.85655803161832,0.3193195516666206,0.3618003335094282,0.05149149574791329,3.6206535599463915e-05,18.322903002553595,46.489866452478815,nan,0.0684992384635954,nan
261.89,172.75588989257812,-196.22369384765625,-40.84910583496094,173.04537757728528,-196.08991435852872,-40.85733298263376,0.3190105911520229,0.36184856632068196,0.05151059356671367,3.69337618204045e-05,18.246481879572176,44.70472212712873,nan,nan,nan
261.9,172.7552032470703,-196.23239135742188,-40.84974670410156,173.02499068415307,-196.08193936941345,-40.85719866819429,0.3089928699374935,0.36178008680755536,0.05150615757074093,3.61393183969463e-05,19.194981844109773,45.22290143867637,15.890936305656389,0.5157916917917664,nan
261.91,172.75454711914062,-196.2410888671875,-40.850372314453125,173.02401099946812,-196.09071938837937,-40.85794072746156,0.30867303710179217,0.3618281110608488,0.05152526244862272,3.686459618820871e-05,19.116671102983577,45.84128373305461,nan,nan,nan
261.92,172.75389099121094,-196.24978637695312,-40.850990295410156,173.02304215728415,-196.0995007211702,-40.858773745590476,0.3083645742127138,0.3618762209372776,0.05154442744363762,3.609618173000124e-05,19.146775989684745,45.26057040011702,nan,0.00697762130374952,nan
261.93,172.75314331054688,-196.2584991455078,-40.8516960144043,173.02203680590358,-196.10828111196014,-40.85954598725017,0.3081084087164101,0.36192441855760826,0.05156365304898133,3.682049502601825e-05,19.052677100357784,44.23276456632879,nan,nan,nan
261.94,172.75230407714844,-196.26719665527344,-40.85249328613281,173.02096758748056,-196.11705033521886,-40.8593183006102,0.30784830685342945,0.3619727021478598,0.05158293906930713,3.605464851122802e-05,18.57999397883143,44.750063140529406,nan,0.7931450192061198,nan
261.95,172.75137329101562,-196.27589416503906,-40.8533821105957,173.02894899235338,-196.1252131262494,-40.86036161917383,0.31591416391777605,0.3619042117880978,0.05157844917730351,3.675491367185188e-05,19.119665061122753,44.24978153999433,3.3648898266743985,nan,nan
261.96,172.75035095214844,-196.28460693359375,-40.8543586730957,173.02769317853122,-196.1339851052583,-40.86149704265396,0.3156843392156588,0.36195228670109386,0.05159774164195947,3.599251431085176e-05,19.122147431344864,43.155506939059336,nan,0.0063436927893014425,nan
261.97,172.74925231933594,-196.29330444335938,-40.85542297363281,173.0263518779538,-196.14275608260652,-40.862625397350726,0.31543755201148316,0.3620004491563214,0.05161709494515309,3.671417797209124e-05,19.02909655629284,44.469773650007305,nan,nan,nan
261.98,172.74806213378906,-196.302001953125,-40.85657501220703,173.0249115189653,-196.15153214835354,-40.86435807877652,0.3151940994778387,0.36204869760165476,0.051636508928045194,3.595419590235621e-05,19.21136918508733,44.44470598503864,nan,0.1779677845296244,nan
261.99,172.74679565429688,-196.3107147216797,-40.85781478881836,173.0233973729909,-196.16030315186683,-40.86566727138874,0.31495049230089367,0.3620970338255936,0.05165598403032101,3.667507896871449e-05,19.120215912606362,43.636246026411285,nan,nan,nan
262.0,172.74542236328125,-196.3194122314453,-40.85913848876953,172.9738456032531,-196.14668937545326,-40.867037776492204,0.28648343806895943,0.36202853043031785,0.051651436459088484,3.589539575343657e-05,19.738604379218234,44.5885865999347,22.75402228709167,0.0053616148894721685,nan
262.01,172.74398803710938,-196.328125,-40.86054229736328,172.9720912993526,-196.15541244656734,-40.868517525638644,0.28622426281724356,0.3620766577426314,0.05167091735158377,3.6614655747832694e-05,19.650524453029224,44.464029964564105,nan,nan,nan
262.02,172.74246215820312,-196.33682250976562,-40.86203384399414,172.97024456647708,-196.1641395095258,-40.87051459441531,0.2859653252032781,0.3621248710548202,0.05169045918325829,3.586021440704313e-05,19.830895321145867,45.157353126900034,nan,0.12594888767844176,nan
262.03000000000003,172.74085998535156,-196.34552001953125,-40.86360549926758,172.96832527321965,-196.17286237839588,-40.87216661425458,0.28569986159808164,0.36217317195833887,0.05171006236074061,3.6578812561108854e-05,19.740871085653673,45.29555223134127,nan,nan,nan
262.04,172.73916625976562,-196.35423278808594,-40.865257263183594,172.96631027324148,-196.18159120376507,-40.874583542218346,0.28545840147974627,0.3622215591963457,0.05172972677370076,3.5826555618360984e-05,20.079953806286817,44.237695877307026,nan,0.3132656493545155,nan
262.05,172.73739624023438,-196.36293029785156,-40.86698913574219,172.96592907774695,-196.18390107750935,-40.87657015329095,0.29046603149965733,0.3621530439213208,0.05172511831886516,3.652174243052125e-05,21.09305159187533,45.05544490685762,7.461367010490683,nan,nan
262.06,172.73558044433594,-196.3716278076172,-40.868804931640625,172.9638506057578,-196.1925724967666,-40.87573935951959,0.2902002019802582,0.3622012221091828,0.05174478786604799,3.577252075122221e-05,19.83626547396327,44.13039392030938,nan,5.063272232740564,nan
262.07,172.73373413085938,-196.38034057617188,-40.87069320678711,172.96168170285802,-196.20126787306097,-40.87769932427146,0.28995898720633945,0.36224948770977516,0.051764518982985355,3.648905470906138e-05,19.75210830448431,42.43836944563775,nan,nan,nan
262.08,172.73191833496094,-196.3890380859375,-40.87266159057617,172.95951122873527,-196.20996429231613,-40.87988577280232,0.28968627455811324,0.36229783964047685,0.051784311589117546,3.5741868452895625e-05,19.77864496003638,43.9992083654503,nan,0.014726784936688,nan
262.09000000000003,172.73011779785156,-196.39773559570312,-40.87467575073242,172.9573625094852,-196.21865921760923,-40.88198849919642,0.28941662779940225,0.3623462792316905,0.05180416604733745,3.6457894199457495e-05,19.697489455697426,43.52030976654513,nan,nan,nan
262.1,172.7283477783203,-196.4064483642578,-40.87668991088867,172.95640896503662,-196.22332248765122,-40.88581031335011,0.2926263373492572,0.36227775034622356,0.05179949296394362,3.5690907798938315e-05,21.139530533743457,43.26459699273316,3.1706224407613997,2.2565955952816497,nan
262.11,172.7266082763672,-196.41514587402344,-40.878684997558594,172.9543274292767,-196.23200047835257,-40.887946256935635,0.29237650295896345,0.3623259806578655,0.05181935186534886,3.64055818865124e-05,21.07787799128675,44.04319017651912,nan,nan,nan
262.12,172.72491455078125,-196.42384338378906,-40.880653381347656,172.9522576000495,-196.2406873095208,-40.891173120862085,0.29213297402278726,0.3623742972863413,0.05183927250458981,3.566315262387168e-05,21.737628828188402,45.10944524930736,nan,0.8430459509628676,nan
262.13,172.72323608398438,-196.4325408935547,-40.88258743286133,172.9502416689573,-196.24936493197671,-40.893266900910625,0.29188871089291246,0.36242270140886035,0.05185925521790212,3.6377417399438175e-05,21.683742906439115,44.35772982622538,nan,nan,nan
262.14,172.7216033935547,-196.4412384033203,-40.88448715209961,172.94826620311164,-196.25803931028665,-40.89491231660125,0.2916275381021078,0.3624711921724999,0.05187929996393492,3.563679743485158e-05,21.51194333507029,44.64366769366316,nan,0.11706022017735371,nan
262.15,172.72000122070312,-196.449951171875,-40.886348724365234,172.93011898430993,-196.26714416120504,-40.896884885630826,0.2787093260503248,0.362402650360913,0.05187455893472647,3.63281516909827e-05,20.59542522188533,44.19153625116429,7.267608591729439,nan,nan
262.16,172.7184295654297,-196.45864868164062,-40.8881721496582,172.92818032789376,-196.2758295924035,-40.89796024671826,0.2784133771710746,0.36245093168936227,0.051894607428155576,3.5590172853448524e-05,20.146067971109986,44.642142042928946,nan,0.5643405063648422,nan
262.17,172.71688842773438,-196.46734619140625,-40.88996124267578,172.92625731646086,-196.284521909217,-40.89990076656155,0.2781345786838677,0.36249930035258965,0.05191471821503386,3.630285749410214e-05,20.090399607286738,44.493772566253334,nan,nan,nan
262.18,172.7153778076172,-196.47604370117188,-40.89171600341797,172.92436368320529,-196.2932148890142,-40.901899424221426,0.2778581883075839,0.3625477556317032,0.05193489127773896,3.55665465385678e-05,20.200008967845832,44.550266947657214,nan,0.005909246078402637,nan
262.19,172.71389770507812,-196.4847412109375,-40.8934326171875,172.9225019538149,-196.30190724056135,-40.90377182381133,0.27758042529716065,0.36259629850298414,0.05195512691756938,3.627894715168267e-05,20.14650417060909,44.56045387574244,nan,nan,nan
262.2,172.7124481201172,-196.49343872070312,-40.895118713378906,172.92646606533972,-196.31896383350247,-40.90258925832558,0.2762263133424473,0.3625277423859617,0.05195031422861433,3.552268043428898e-05,17.913127714961902,43.175441092706265,4.7824827751656045,6.436558194222312,nan
262.21,172.71102905273438,-196.5021514892578,-40.896766662597656,172.92466330239426,-196.32768347818833,-40.904365812760005,0.2759282997401207,0.36257607559589927,0.05197055288893181,3.623395081201808e-05,17.8540845043359,42.26753860746728,nan,nan,nan
262.22,172.7096405029297,-196.51084899902344,-40.89838790893555,172.9229266032922,-196.33638676389683,-40.903713710629376,0.2756018799952345,0.3626244953890053,0.0519908540632803,3.5501655243606875e-05,16.97593087555481,42.328407196030334,nan,3.9394220518783056,nan
262.23,172.70826721191406,-196.51954650878906,-40.89997100830078,172.9211803047598,-196.34510644113539,-40.90540299186337,0.2753013417213503,0.36267300262503077,0.05201121803197352,3.6212722265978544e-05,16.909422620177605,41.84389256172937,nan,nan,nan
262.24,172.70693969726562,-196.5282440185547,-40.901527404785156,172.91946937259218,-196.3538225135241,-40.90653941879216,0.27498517159284747,0.36272159675991056,0.052031644808324645,3.548188257133827e-05,16.719749566516292,42.27019010960871,nan,0.18708683276823476,nan
262.25,172.70562744140625,-196.5369415283203,-40.90304946899414,172.90932233277843,-196.36333533381287,-40.908189907745175,0.2676885198379515,0.36265302665348026,0.05202675705269749,3.617042444282466e-05,16.20327695091025,42.248945110509865,2.3477255402971986,nan,nan
262.26,172.70433044433594,-196.54563903808594,-40.904541015625,172.90763893006343,-196.37206404877693,-40.9096575489784,0.2673738883959726,0.3627014109562851,0.05204718611544766,3.544186068668892e-05,16.130397994560372,41.719368590062324,nan,0.010968872441869748,nan
262.27,172.7030792236328,-196.55433654785156,-40.906005859375,172.90597948809443,-196.38079360480899,-40.91122123556112,0.26704469765796984,0.36274988255861057,0.052067678187022626,3.615173883735173e-05,16.062615868307244,42.40222195800263,nan,nan,nan
262.28000000000003,172.70184326171875,-196.56304931640625,-40.90743637084961,172.90431155749133,-196.38953813774194,-40.915180882742604,0.2667574129785172,0.36279844101712727,0.052088233299170006,3.5424501009882674e-05,16.92450931161924,41.979696085219274,nan,4.04936474835628,nan
262.29,172.7006378173828,-196.57174682617188,-40.908843994140625,172.90270218991358,-196.398267892689,-40.916712419355555,0.2664335998405057,0.36284708704049623,0.052108851705001916,3.6134275437026224e-05,16.864160543216606,42.98985768797448,nan,nan,nan
262.3,172.69944763183594,-196.5804443359375,-40.910221099853516,172.9102875521636,-196.40355829033945,-40.91527013865094,0.2752592195074806,0.36277850182773397,0.05210388519415413,3.538689477735578e-05,16.66664763269236,41.077166857952164,6.2086563282139675,6.467323727100325,nan
262.31,172.6982879638672,-196.58914184570312,-40.91157150268555,172.90875128404718,-196.41226781672967,-40.9167195824149,0.2749649686621759,0.3628269377946331,0.05212450512467856,3.609571551424381e-05,16.600593643662343,41.26316134184288,nan,nan,nan
262.32,172.6971435546875,-196.59783935546875,-40.91289138793945,172.9072283041879,-196.42098195923097,-40.91893152812812,0.274682769518129,0.36287546056886094,0.052145188323968236,3.537181241721953e-05,16.818618160108493,41.215814128611704,nan,0.4299982326503611,nan
262.33,172.69602966308594,-196.60653686523438,-40.914188385009766,172.90573834620548,-196.42969168063155,-40.92033683683944,0.27438978580268364,0.3629240707726346,0.05216593502906349,3.6080593876791365e-05,16.75576340718229,41.37975563551025,nan,nan,nan
262.34000000000003,172.69493103027344,-196.61524963378906,-40.91545867919922,172.90429119369924,-196.43839247380566,-40.92006589091081,0.2741010023090511,0.36297276809239437,0.052186745295458484,3.535782352690383e-05,16.231713626699165,39.632041853988326,nan,1.885580977837202,nan
262.35,172.69386291503906,-196.6239471435547,-40.91670608520508,172.92022119456155,-196.45745017064365,-40.92144252010533,0.28103691307812567,0.3629041678069779,0.052181696554028656,3.604436915684817e-05,15.743960973467914,40.55054084745274,4.192984064913122,nan,nan
262.36,172.69281005859375,-196.6326446533203,-40.91792297363281,172.9188074836522,-196.46619112013101,-40.92385295410762,0.28074326263096056,0.36295265488624345,0.05220250757424823,3.532354539895461e-05,16.039277072386202,40.70142097185424,nan,0.8304170706687065,nan
262.37,172.69178771972656,-196.64134216308594,-40.91912078857422,172.9174277810615,-196.47492642717435,-40.92515595085726,0.2804354785365205,0.363001229264379,0.0522233823095235,3.603144682673385e-05,15.976765049055768,40.885254835274175,nan,nan,nan
262.38,172.69078063964844,-196.65003967285156,-40.920291900634766,172.91606266674003,-196.48366428550386,-40.9269683070579,0.28013806533265306,0.36304989070150356,0.05224432082925149,3.531163969435829e-05,16.150944664045745,40.87382474200339,nan,0.1965888788604819,nan
262.39,172.68978881835938,-196.65875244140625,-40.92144012451172,172.9147237495939,-196.49239939023818,-40.92823075330699,0.2798484832223298,0.3630986397092686,0.05226532334991293,3.6019578924433764e-05,16.09396036686222,39.63395706684915,nan,nan,nan
262.4,172.68881225585938,-196.66744995117188,-40.92256546020508,172.887171509111,-196.48273900520067,-40.92911380860332,0.27112249589228826,0.36303002342400376,0.05226018871074248,3.5279429581252886e-05,17.01979004793136,40.61366176623007,13.357032356295411,0.10081586706548788,nan
262.41,172.6878662109375,-196.6761474609375,-40.92367172241211,172.8858412547962,-196.4914259764869,-40.93032880627675,0.2708513643570239,0.36307856196729915,0.05228119118982364,3.598655247140919e-05,16.959287193583243,40.92186780917659,nan,nan,nan
262.42,172.6869354248047,-196.68484497070312,-40.92475128173828,172.8845339487712,-196.50011153010007,-40.93117616142531,0.27057882369058744,0.36312718750752815,0.05230225767196927,3.5269471461529136e-05,16.82218570734092,40.69884923229121,nan,0.08347853665566296,nan
262.43,172.68601989746094,-196.69354248046875,-40.925811767578125,172.8832420380086,-196.50879880955412,-40.93234590565861,0.27031369115468507,0.36317590049409954,0.05232338836174312,3.5976682544373975e-05,16.76300665085013,40.4465010444506,nan,nan,nan
262.44,172.6851348876953,-196.70225524902344,-40.926849365234375,172.881964626371,-196.51748798911566,-40.93389739830732,0.2700565887571782,0.36322470078063535,0.05234458334619053,3.5260446433327776e-05,16.911145506285234,40.183907635949204,nan,0.11239692689355844,nan
262.45,172.6842498779297,-196.71095275878906,-40.9278678894043,172.85686867611142,-196.5159293249494,-40.93497485497551,0.26054154791883805,0.3631560683172057,0.05233935928466448,3.594563275661864e-05,17.034823382010565,40.90911270102445,5.1726963485990005,nan,nan
262.46,172.6833953857422,-196.7196502685547,-40.92886734008789,172.8555797074533,-196.5246033786354,-40.93760574687497,0.2603211279621448,0.3632046579435959,0.05236055342141631,3.523105326422913e-05,17.722157742420997,42.073247348505184,nan,1.6053408795868918,nan
262.47,172.68255615234375,-196.7283477783203,-40.92984390258789,172.8543222428051,-196.533271109204,-40.93871464326606,0.26007150306418964,0.36325333489558775,0.05238181196949626,3.593762188901632e-05,17.66987119284168,41.979105042595954,nan,nan,nan
262.48,172.68173217773438,-196.737060546875,-40.93080139160156,172.85308603290218,-196.541937165844,-40.93931931159331,0.2598226942875252,0.3633020990789487,0.05240313502606758,3.522378612842912e-05,17.46774442550294,40.80232324741214,nan,0.16432160851497768,nan
262.49,172.68092346191406,-196.74575805664062,-40.931739807128906,172.85186221504216,-196.55060550844848,-40.9403864725081,0.25957530546847957,0.3633509508647917,0.052424522780698424,3.5930500717704675e-05,17.414932932846398,41.588112078880854,nan,nan,nan
262.5,172.6801300048828,-196.75445556640625,-40.93266296386719,172.81679256175275,-196.5549134544607,-40.9391589359303,0.24194194870457716,0.36328230142769,0.052419205648684616,3.5196125108128955e-05,15.53969034281309,41.910402252047426,16.039381698265085,3.5363205373226387,nan
262.51,172.67935180664062,-196.76316833496094,-40.933563232421875,172.8155343596342,-196.56359123208054,-40.940167815520304,0.24170297526485762,0.3633309423286814,0.05244059172764301,3.590212734072456e-05,15.484640448088406,40.991502308324364,nan,nan,nan
262.52,172.6785888671875,-196.77186584472656,-40.9344482421875,172.81430354881388,-196.57226416557054,-40.93969817107778,0.2414267319171703,0.3633796703883831,0.05246204252454454,3.519048621578421e-05,14.980331385028421,41.32793516178695,nan,1.4913170571657746,nan
262.53000000000003,172.67784118652344,-196.7805633544922,-40.9353141784668,172.81307646329043,-196.5809426345269,-40.94065851863623,0.24117540068080895,0.3634284859347077,0.0524835582204658,3.5896672936609095e-05,14.920574751515943,41.28156974321706,nan,nan,nan
262.54,172.67710876464844,-196.78927612304688,-40.93616485595703,172.81186855496827,-196.58961943310166,-40.94104961623695,0.24092915101730092,0.3634773889383702,0.05250513892517577,3.518562628003816e-05,14.732855444559044,40.146364881070454,nan,0.2134350494718455,nan
262.55,172.6763916015625,-196.7979736328125,-40.93699645996094,172.80774004809007,-196.59793255193165,-40.941943545308845,0.23936023499868148,0.3634087221938151,0.05249972516594531,3.5869936955474976e-05,14.619358510694147,41.22151089709726,0.15610459411626812,nan,nan
262.56,172.67568969726562,-196.80667114257812,-40.937808990478516,172.8065442306409,-196.60661576361227,-40.9438298346639,0.23912614688221995,0.3634574141067562,0.052521303355155924,3.516029725687353e-05,14.89672693363771,41.58327286446854,nan,0.6720066790407999,nan
262.57,172.6750030517578,-196.8153839111328,-40.9386100769043,172.80536973141446,-196.61529601078885,-40.944730625771705,0.2388893052172723,0.36350619339309304,0.05254294664123966,3.5866019022799786e-05,14.840797484707549,40.54023683214856,nan,nan,nan
262.58,172.67433166503906,-196.82408142089844,-40.93939208984375,172.80420647813477,-196.62397746874097,-40.946025862949206,0.23864841439091222,0.3635550600589445,0.05256465514100497,3.51568877717075e-05,14.977248591285372,41.681032546335935,nan,0.11727067449498706,nan
262.59000000000003,172.6736602783203,-196.83279418945312,-40.940162658691406,172.80305964127254,-196.6326577072259,-40.94690086315654,0.23842023834009826,0.36360401437903156,0.0525864290250714,3.586283568503401e-05,14.923302780836792,40.01206857270422,nan,nan,nan
262.6,172.6730194091797,-196.84149169921875,-40.940914154052734,172.81726243404052,-196.6566165299464,-40.94700745788479,0.23456770192434714,0.3635353296179738,0.052580915008701774,3.5132978476126636e-05,13.643992301324637,41.346198411819074,10.842279057875851,0.27684449205875494,nan
262.61,172.67237854003906,-196.85020446777344,-40.941650390625,172.81615465187167,-196.66534084617453,-40.94784498581637,0.23427441587580908,0.3635840726209445,0.052602685517875086,3.583829031035216e-05,13.590549668569048,39.73430619252683,nan,nan,nan
262.62,172.67176818847656,-196.85890197753906,-40.94237518310547,172.815057314246,-196.67406631214865,-40.94907217829042,0.23396761850433384,0.36363290292239187,0.05262452144142265,3.5130899784585846e-05,13.727137500108054,41.52276956263748,nan,0.11412815165904236,nan
262.63,172.67115783691406,-196.8675994873047,-40.94308090209961,172.81397504071225,-196.68279082735123,-40.9498861263674,0.2336606632958619,0.36368182076845124,0.05264642294421867,3.583646652351963e-05,13.67427149516964,40.95304985115224,nan,nan,nan
262.64,172.67054748535156,-196.87631225585938,-40.94377517700195,172.8129159896359,-196.69151069052066,-40.94874235012917,0.23333470031840164,0.36373082620825736,0.05266839015162256,3.5129457421984766e-05,13.01819283730752,38.75660112593817,nan,2.6492686833730015,nan
262.65,172.6699676513672,-196.885009765625,-40.9444580078125,172.84451795946117,-196.72265030872185,-40.94954263838164,0.2384413067604146,0.36366212298596523,0.052662772304440254,3.581324833179081e-05,11.963825763051405,39.96406447969496,18.338162469873662,nan,nan
262.66,172.6693878173828,-196.8937225341797,-40.94512176513672,172.8435154578642,-196.7314307417158,-40.94961791973459,0.23807409873174049,0.3637109168938679,0.05268473526494283,3.510743583248445e-05,11.752630268780733,38.32491259589183,nan,0.32508895663100357,nan
262.67,172.66883850097656,-196.9024200439453,-40.945777893066406,172.84252082107582,-196.74021298925047,-40.95035466230141,0.23769228789438937,0.3637597982386099,0.05270676399643776,3.5812665750339265e-05,11.69473483737139,39.96653016370246,nan,nan,nan
262.68,172.66827392578125,-196.9111328125,-40.94641876220703,172.8042621563905,-196.71474255859937,-40.949549651086215,0.23889690905611302,0.3594849488302734,0.04907998099669092,3.5106609475232556e-05,18.65453582263888,44.81441385523876,nan,1.6708362767922897,0.3214781637383243
262.69,172.66773986816406,-196.91983032226562,-40.947044372558594,172.80329976068256,-196.72348944284633,-40.95024725452154,0.2386136706972978,0.35953626331422894,0.04909448107978985,3.581211032556969e-05,18.56143943434664,46.6018147341448,nan,nan,nan
262.7,172.66720581054688,-196.9285430908203,-40.94765853881836,172.8109068449394,-196.73828697077778,-40.95006680181726,0.23843904510334604,0.35946980580868887,0.04909087617108147,3.50857454426549e-05,17.937938773997583,44.83076295352307,2.4907948164571887,0.5117846126951305,nan
262.71,172.66668701171875,-196.93724060058594,-40.94826126098633,172.80997925230722,-196.74705376392888,-40.95073266763996,0.23813820966264615,0.3595208978481677,0.04910540469061431,3.579066473231473e-05,17.84400460907279,45.94354658694478,nan,nan,nan
262.72,172.66607666015625,-196.94595336914062,-40.94895935058594,172.80910375334145,-196.75592075905152,-40.95387509485684,0.23789347789298806,0.3595720746576254,0.04911998895623455,3.5086554389260304e-05,18.26785426708558,45.3656524092342,nan,4.167945573030936,nan
262.73,172.66537475585938,-196.9546661376953,-40.949745178222656,172.80804216646936,-196.76468783600257,-40.95469878853584,0.23763476896143446,0.3596233405656782,0.04913463390972742,3.579177869817324e-05,18.170856979890335,45.35986820076798,nan,nan,nan
262.74,172.66458129882812,-196.96336364746094,-40.950618743896484,172.80697225943396,-196.77354374230995,-40.957817040312655,0.23739965780320016,0.35967469158293797,0.04914933498874342,3.508787159164378e-05,18.866351827165083,47.11741205156666,nan,3.4088091662070803,nan
262.75,172.6636962890625,-196.97207641601562,-40.95158386230469,172.80286980768662,-196.7849003370927,-40.95892706158562,0.23336254065908038,0.3596081375464127,0.04914575957417958,3.57713843890798e-05,18.32051788865084,46.20923644722376,2.3592792599908106,nan,nan
262.76,172.6627197265625,-196.98077392578125,-40.952640533447266,172.8015815166508,-196.79373701434378,-40.96141915363675,0.23311470815679453,0.3596592659114538,0.04916048870731426,3.506849950420336e-05,18.915888340500786,47.65912407700609,nan,1.3254011099971872,nan
262.77,172.66165161132812,-196.98948669433594,-40.95377731323242,172.80015328586444,-196.80251959576464,-40.96264069719202,0.23284752387077096,0.35971048318072285,0.0491752786112936,3.57734768078067e-05,18.822378947391144,46.51530332598958,nan,nan,nan
262.78000000000003,172.66050720214844,-196.99819946289062,-40.95500564575195,172.79864684712132,-196.811312155821,-40.96420660843223,0.23258135086719348,0.35976178557049643,0.04919012509255684,3.507073741061825e-05,18.948081712678114,46.977595411446394,nan,0.04641846487965452,nan
262.79,172.65927124023438,-197.00689697265625,-40.95631790161133,172.79704429568602,-196.82009486040673,-40.965604638337375,0.2322987030277717,0.35981317710227345,0.04920503254689705,3.577603785310682e-05,18.85118119757609,47.688350021640005,nan,nan,nan
262.8,172.657958984375,-197.01560974121094,-40.95771408081055,172.78370324333903,-196.8205327440684,-40.966109586165096,0.2322437038688479,0.3597465227794988,0.04920147830310913,3.505225647748032e-05,18.964098403875703,46.721635896715156,4.429111855516955,0.6651690848283227,nan
262.81,172.65655517578125,-197.02430725097656,-40.959190368652344,172.78191275791895,-196.82928957053306,-40.96766788601752,0.231987688004447,0.35979769134686657,0.049216413213330534,3.575701142629457e-05,18.87033866010031,47.37169580281383,nan,nan,nan
262.82,172.6550750732422,-197.03302001953125,-40.960750579833984,172.78001734932977,-196.8380163123268,-40.96850032270853,0.2317262969368072,0.3598489450465801,0.049231405140710414,3.505532157051885e-05,18.48343857252371,45.545468201750126,nan,0.4613410518893399,nan
262.83,172.65359497070312,-197.04173278808594,-40.96239471435547,172.77810787285685,-196.84677296173575,-40.97021707508103,0.2314605495987566,0.35990028769143656,0.04924645813161817,3.576041444207381e-05,18.38928824919099,46.19006399958945,nan,nan,nan
262.84000000000003,172.652099609375,-197.05043029785156,-40.964115142822266,172.77624579274655,-196.85558490528993,-40.97353929430774,0.23122676419359484,0.359951715809362,0.049261568510156006,3.505878355811948e-05,19.118279218245384,47.099329988162204,nan,1.6334879985376507,nan
262.85,172.650634765625,-197.05914306640625,-40.965919494628906,172.76321771650018,-196.86095788352236,-40.975489939884156,0.22813128011052677,0.3598849652437446,0.04925803567030313,3.5742201385975256e-05,19.000904735927,46.8867350536988,1.1914341998698306,nan,nan
262.86,172.64918518066406,-197.06784057617188,-40.967796325683594,172.76125546692035,-196.8696503189736,-40.97576363791015,0.22782143264845478,0.3599361701897154,0.04927317306327112,3.504145284761734e-05,18.156791068642693,46.81630141708334,nan,2.0414551516422996,nan
262.87,172.64776611328125,-197.07655334472656,-40.969757080078125,172.7593768783262,-196.878402959929,-40.977801753664195,0.2275637375384156,0.3599874638833055,0.0492883716146307,3.57463563395253e-05,18.064941433854273,45.770820111702236,nan,nan,nan
262.88,172.64637756347656,-197.0852508544922,-40.97175979614258,172.7574576531816,-196.88708799674643,-40.97796077943384,0.22725702786189836,0.3600388430612867,0.04930362797724557,3.5045621334235135e-05,17.259158218270606,46.1856473601447,nan,2.6559559717867502,nan
262.89,172.64501953125,-197.09396362304688,-40.9737663269043,172.75563214081237,-196.8958401007778,-40.98006795240689,0.22699733468583877,0.36009031122429225,0.04931894570994965,3.575087290556938e-05,17.1826178544573,45.191775368040766,nan,nan,nan
262.9,172.6436767578125,-197.1026611328125,-40.97575378417969,172.78035434716887,-196.91037581619287,-40.98273193677033,0.2360150440826983,0.36002346117098977,0.049315426719016155,3.5028971537727544e-05,17.921048571465196,44.96824150634988,7.096381161565124,0.1829556946237336,nan
262.91,172.64236450195312,-197.1113739013672,-40.97771453857422,172.77862819342363,-196.91912635644465,-40.98481572821511,0.23574846560736618,0.36007470584876367,0.049330770831014684,3.5733700174746956e-05,17.853275051043866,43.97774225041926,nan,nan,nan
262.92,172.64108276367188,-197.1200714111328,-40.97964096069336,172.7768879888274,-196.92783638337391,-40.985656542556924,0.23544331016651823,0.36012603602074544,0.04934617316525435,3.503376698693551e-05,17.384370531650337,44.64834285399201,nan,1.03643956362952,nan
262.93,172.6398162841797,-197.1287841796875,-40.981529235839844,172.7752140531797,-196.93658644823216,-40.98766428593492,0.2351811273602254,0.36017745498090686,0.04936163697323039,3.573885388430761e-05,17.316999132335294,43.20758268597529,nan,nan,nan
262.94,172.63858032226562,-197.13748168945312,-40.98338317871094,172.77350652876441,-196.94527843110166,-40.987838105028295,0.23487660609257952,0.3602289597749097,0.04937715936385603,3.503886497739783e-05,16.740722564368458,43.77000458878424,nan,2.2797730770949607,nan
262.95,172.6373748779297,-197.1461944580078,-40.98520278930664,172.78137918484967,-196.9536911595169,-40.98971811296237,0.24044780824350281,0.3601620137515878,0.04937365354751439,3.5722294387762344e-05,17.19995380110882,42.50385645263637,2.3976530230944144,nan,nan
262.96,172.6361846923828,-197.15489196777344,-40.98698425292969,172.77979262757867,-196.96242545292043,-40.9914624692418,0.2401804588475509,0.3602132948506665,0.04938920181743523,3.502307762334698e-05,17.11332002716497,43.034906951167905,nan,0.013625121044936924,nan
262.97,172.63502502441406,-197.16360473632812,-40.988731384277344,172.77823457669922,-196.9711639821069,-40.993309919861254,0.23992370191175696,0.3602646645422434,0.0494048116696758,3.572800958392719e-05,17.04110912280813,42.229392209795805,nan,nan,nan
262.98,172.63388061523438,-197.17230224609375,-40.990440368652344,172.776651062987,-196.97985530449927,-40.993583620696555,0.23964370660205686,0.36031612007430264,0.04942048049858961,3.50287024543957e-05,16.648801156639273,42.57611833999999,nan,1.6712677764652832,nan
262.99,172.6327667236328,-197.18099975585938,-40.99211883544922,172.775139207598,-196.98859408285253,-40.99534828780994,0.23937480351570328,0.3603676644381967,0.049436211131769194,3.5733996922239156e-05,16.571009326006962,42.712573265215056,nan,nan,nan
263.0,172.63168334960938,-197.18971252441406,-40.9937629699707,172.75024923833658,-196.98402430396644,-40.99898771257342,0.23747170765345463,0.36030061970728283,0.0494327116117244,3.5013421373179674e-05,17.66280384686439,43.06694057428994,9.851411833854769,2.8489840273624933,nan
263.01,172.63059997558594,-197.1984100341797,-40.99537658691406,172.74874461437537,-196.9927271480661,-41.00070570384754,0.23725936188480967,0.36035194006436433,0.04944846745419173,3.5718205488006974e-05,17.592176748511797,42.95897482378883,nan,nan,nan
263.02,172.62954711914062,-197.20712280273438,-40.99695587158203,172.74722528546843,-197.0013950478112,-41.0012022615668,0.23704449330011287,0.3604033462655719,0.049464282654559384,3.501950697038594e-05,17.22793302567552,42.04634156561691,nan,0.9990575908703073,nan
263.03000000000003,172.62852478027344,-197.2158203125,-40.99850082397461,172.74576344100146,-197.0100975405901,-41.00284635594183,0.23682408260071988,0.3604548411059436,0.04948015977696069,3.5724660427115236e-05,17.155466997493512,43.36615719925679,nan,nan,nan
263.04,172.6275177001953,-197.22451782226562,-41.00001907348633,172.74435431224987,-197.01883053468137,-41.00553531170251,0.23661885612565234,0.36050642212709477,0.049496096607251,3.5025817240399876e-05,17.410127797876687,43.293611760647025,nan,0.814947076676258,nan
263.05,172.62652587890625,-197.2332305908203,-41.00150680541992,172.739076524112,-197.0219272074134,-41.00699600481808,0.2394721254874381,0.3604392816969507,0.04949260191926746,3.570931813548569e-05,17.902529877344314,42.08257670289371,3.4437971126690017,nan,nan
263.06,172.62554931640625,-197.24192810058594,-41.00296401977539,172.73765170657964,-197.03059118268064,-41.00791936009115,0.23927974036667504,0.36049063849779334,0.04950856340164077,3.501116241863923e-05,17.675826531319846,42.59661929172985,nan,0.28890284265320865,nan
263.07,172.62460327148438,-197.25064086914062,-41.004390716552734,172.73626525463303,-197.03927302207052,-41.00944772834717,0.23910319659935717,0.36054208374758023,0.04952458692874128,3.571617854783338e-05,17.60808200512809,42.09958238155324,nan,nan,nan
263.08,172.62367248535156,-197.25933837890625,-41.00579071044922,172.7349403390232,-197.04799444620903,-41.01241209429357,0.23893646827689594,0.3605936151767579,0.049540670528075724,3.501785272869215e-05,18.06015799670492,43.26267744537564,nan,1.5113629692081063,nan
263.09000000000003,172.6227569580078,-197.26805114746094,-41.00716018676758,172.7335919502543,-197.0566765001652,-41.013900184034966,0.23876571066390814,0.3606452352977776,0.049556816404439014,3.572323823794593e-05,17.998414971776803,42.18679850028088,nan,nan,nan
263.1,172.6218719482422,-197.27674865722656,-41.008506774902344,172.72945711877693,-197.06652049892722,-41.01514158032557,0.23625085841945392,0.36057799691404024,0.04955332025023038,3.500356281607929e-05,17.64897884851833,43.61220860499348,1.0611470146642532,0.074067965421011,nan
263.11,172.62098693847656,-197.2854461669922,-41.009822845458984,172.7281396086702,-197.07521053972803,-41.01657587308849,0.23606422236955932,0.360629392506044,0.04956949007516735,3.570844348458917e-05,17.586024306725037,42.85757287695675,nan,nan,nan
263.12,172.62013244628906,-197.29415893554688,-41.01111602783203,172.7268353478906,-197.08389661292176,-41.01783024690219,0.23588309448457584,0.36068087427206447,0.04958572032419075,3.50105795140925e-05,17.515839531661385,42.31840711034109,nan,0.016826332969127947,nan
263.13,172.61929321289062,-197.3028564453125,-41.01237869262695,172.72555275468085,-197.09258655545855,-41.0192125186197,0.23569305882515598,0.36073244454428544,0.04960201298181749,3.571583407561077e-05,17.45355604067904,43.16834236806601,nan,nan,nan
263.14,172.61846923828125,-197.3115692138672,-41.01361846923828,172.724325875575,-197.10131197619762,-41.02199788079783,0.2355503092540153,0.3607841013229344,0.04961836640332327,3.501775830510909e-05,18.071259424071346,42.75323199389485,nan,1.4377032398395173,nan
263.15,172.61764526367188,-197.3202667236328,-41.014835357666016,172.71991605861797,-197.11100621087218,-41.02354152678155,0.23307740147946263,0.3607167675185567,0.04961486664765236,3.5701357406503714e-05,17.868743245000395,43.189027425937965,2.3004087383827265,nan,nan
263.16,172.6168670654297,-197.3289794921875,-41.01602554321289,172.71869093444548,-197.11971648555453,-41.02538469252291,0.23290920961228778,0.3607681995498473,0.049631243405241915,3.5003905842507114e-05,18.16823992713814,43.85424810651294,nan,0.18694820604010187,nan
263.17,172.6160888671875,-197.33767700195312,-41.01719284057617,172.71746812923223,-197.12841455026182,-41.02669544145655,0.23272049304708953,0.36081971990496026,0.04964768270752317,3.57090290214985e-05,18.113915073410386,44.00550472412522,nan,nan,nan
263.18,172.61532592773438,-197.3463897705078,-41.01833724975586,172.71624814297414,-197.137101289798,-41.027492912876085,0.23253126210015085,0.36087132675494055,0.049664183109329234,3.5011347886071405e-05,17.901025400727427,42.832913549885404,nan,0.16992037239501306,nan
263.19,172.6145782470703,-197.35508728027344,-41.01945877075195,172.71505613941596,-197.14579956977647,-41.02875412959884,0.23234361689398414,0.3609230221762367,0.049680746298076124,3.5716842155025405e-05,17.845927560886608,43.68945609068349,nan,nan,nan
263.2,172.6138458251953,-197.36380004882812,-41.02055740356445,172.71260518995234,-197.1480595950521,-41.029818038182405,0.23745128948106983,0.3608555911415624,0.04967723712708119,3.499774893856128e-05,18.59206869112414,42.72827955600289,4.535911621755728,0.04369463420152152,nan
263.21,172.61312866210938,-197.37249755859375,-41.02163314819336,172.71144268344094,-197.15673166935377,-41.03103561039782,0.2372951159324738,0.3609070615111578,0.049693822915777675,3.570273913716611e-05,18.5384718960632,43.59770547834471,nan,nan,nan
263.22,172.6124267578125,-197.38119506835938,-41.02268981933594,172.71029075233923,-197.16540062771566,-41.03208670930361,0.23713477935243676,0.36095861835951565,0.04971047012778883,3.5005411640809094e-05,18.505743295490653,43.560853885663356,nan,0.015002443344278861,nan
263.23,172.6117401123047,-197.38990783691406,-41.02372360229492,172.70915632399135,-197.17407300682098,-41.033261993310745,0.23699277010884373,0.3610102636023014,0.04972718027089418,3.571077593064127e-05,18.454073343233503,42.69301952963531,nan,nan,nan
263.24,172.61105346679688,-197.39862060546875,-41.02473831176758,172.70802001981,-197.18273196554293,-41.03377324891786,0.23683759697644438,0.36106199565129427,0.04974395216755811,3.5013187522229825e-05,18.161817312920103,41.77774360471953,nan,0.2927424512152771,nan
263.25,172.6103973388672,-197.40731811523438,-41.025733947753906,172.7255541011211,-197.20590879127585,-41.03480229780576,0.2321831833766177,0.36099446948911434,0.049740430889773354,3.569688918304465e-05,17.127501165954506,42.822406215944106,11.991125499186461,nan,nan
263.26,172.60975646972656,-197.41603088378906,-41.02670669555664,172.72450854599418,-197.214642480238,-41.036739059233724,0.23200425947279443,0.361045976262692,0.049757224720942746,3.499987921575362e-05,17.623374482279594,42.48209445713933,nan,0.48459562319481264,nan
263.27,172.60911560058594,-197.4247283935547,-41.02766036987305,172.72345628125902,-197.22335925615977,-41.0378369576252,0.23179060311029642,0.36109757125748915,0.049774081631184366,3.570511048494072e-05,17.57114721110821,42.811455235822784,nan,nan,nan
263.28000000000003,172.60848999023438,-197.43344116210938,-41.028594970703125,172.72240702295073,-197.2320678394305,-41.03850056162996,0.23157380283883644,0.36114925303563117,0.04979100060365476,3.500782804066241e-05,17.39847952838263,41.784519196129295,nan,0.12224983164274508,nan
263.29,172.60787963867188,-197.442138671875,-41.02951431274414,172.72138002089537,-197.24078483507748,-41.03955844571187,0.23135814004490032,0.36120102328761916,0.049807982906621945,3.5713428821559745e-05,17.34389130044797,42.70589366972045,nan,nan,nan
263.3,172.60728454589844,-197.4508514404297,-41.03041076660156,172.74801020912383,-197.25873340177358,-41.04043998820756,0.2383561166685646,0.3611334005856771,0.049804444102759464,3.499468797375832e-05,17.444288391429907,41.18194913745159,6.613905144498585,0.03450231485395815,nan
263.31,172.60670471191406,-197.4595489501953,-41.03129196166992,172.747053788893,-197.2674643430329,-41.041462293216455,0.23811298864475894,0.36118494526294415,0.0498214475720112,3.5699782515654215e-05,17.39106373344144,42.12432445612477,nan,nan,nan
263.32,172.6061248779297,-197.46826171875,-41.03215408325195,172.7461263750346,-197.27620962557057,-41.043233851078014,0.23792264907170438,0.3612365766959379,0.04983851340115862,3.5002776680355184e-05,17.92725566043182,41.25545998851423,nan,0.41429283025065233,nan
263.33,172.60556030273438,-197.47695922851562,-41.03300094604492,172.74519344887096,-197.28494083849174,-41.04423070591263,0.2376858959089812,0.36128829643543786,0.04985564271569234,3.570824284262018e-05,17.876391627997535,42.254594087811775,nan,nan,nan
263.34000000000003,172.60501098632812,-197.4856719970703,-41.03382873535156,172.7442192637303,-197.29362858875393,-41.04278978305551,0.23736030744629863,0.36134010325285426,0.04987283471174557,3.501094147429368e-05,16.565056144418406,40.14535312115553,nan,4.138884328060357,nan
263.35,172.60447692871094,-197.494384765625,-41.03464126586914,172.72329385444033,-197.29561186734998,-41.04372902614262,0.23175572121357627,0.36127238573521286,0.04986927524085581,3.56947360843198e-05,16.48721941798305,40.82699940332627,3.382549728501867,nan,nan
263.36,172.60394287109375,-197.50308227539062,-41.035438537597656,172.7223468659894,-197.30432212399668,-41.04399695556024,0.23151317523505144,0.3613239667487098,0.04988648768738828,3.4997981318675486e-05,16.192267020599903,41.01771345913751,nan,0.30537389239796214,nan
263.37,172.60342407226562,-197.5117950439453,-41.036216735839844,172.72142421073622,-197.3130438396921,-41.044901009704944,0.23130389206353552,0.3613756359051554,0.049903763777163684,3.570330835398701e-05,16.13950696480038,40.24583766869961,nan,nan,nan
263.38,172.6029052734375,-197.5205078125,-41.036983489990234,172.7205192691654,-197.32177157152685,-41.046142099456304,0.23111258207759525,0.3614273921050306,0.04992110283234322,3.500625138201699e-05,16.35189742272944,39.96393601331662,nan,0.0872330612043942,nan
263.39,172.6024169921875,-197.52920532226562,-41.0377311706543,172.7196172797195,-197.33049353445122,-41.047020893873245,0.23088651102103108,0.3614792367057564,0.049938505790364275,3.571194448140272e-05,16.298549326815838,41.70916199879647,nan,nan,nan
263.4,172.6019287109375,-197.5379180908203,-41.03846740722656,172.69791233958645,-197.32656915772995,-41.04701624605862,0.23228067317887474,0.36141142330609677,0.04993492054674362,3.499339627038593e-05,16.527810745920117,40.42542964122537,8.75984102931385,0.3530420200161233,nan
263.41,172.6014404296875,-197.546630859375,-41.0391845703125,172.69699749634614,-197.33525750272491,-41.047856742330794,0.23213154774274727,0.36146304180889605,0.049952343155271715,3.569857936996499e-05,16.475512064681816,39.998590296115744,nan,nan,nan
263.42,172.60098266601562,-197.55532836914062,-41.03989028930664,172.69607315111026,-197.34393072657528,-41.04771123464728,0.23193173742232567,0.36151474731593614,0.049969829003054925,3.5001746512989675e-05,16.043473417337587,41.29195682967717,nan,0.6677524866117983,nan
263.43,172.6005096435547,-197.5640411376953,-41.04058074951172,172.695177328758,-197.35261915551135,-41.048515454179444,0.23178478101574135,0.36156654106610625,0.04998737891710677,3.570729734775417e-05,15.989398504615231,39.303888415497866,nan,nan,nan
263.44,172.60006713867188,-197.57275390625,-41.041259765625,172.69427664349706,-197.36129667049101,-41.04857294357106,0.23160974920306932,0.361618422137497,0.050004992384504975,3.5010145669931174e-05,15.683496308647703,39.83079486969207,nan,0.38023037931981346,nan
263.45,172.59962463378906,-197.58145141601562,-41.04192352294922,172.73024372358685,-197.37721911595068,-41.049408304534154,0.24254525549842212,0.3615505142546375,0.05000137787394395,3.569401595864362e-05,16.395038360697836,39.20363038589962,13.179532800053142,nan,nan
263.46,172.5991973876953,-197.5901641845703,-41.04257583618164,172.72942147617783,-197.38589241323461,-41.04927401826666,0.2423430119251866,0.3616021689936202,0.050019010228412535,3.499738982021197e-05,16.03772009022078,38.160779645907354,nan,0.5653177137352959,nan
263.47,172.59877014160156,-197.598876953125,-41.043212890625,172.72862448494604,-197.39457875602324,-41.05001324729995,0.2421696691895227,0.3616539118216634,0.0500367068146092,3.570279323991054e-05,15.981891809261771,37.80600228029053,nan,nan,nan
263.48,172.5983428955078,-197.60757446289062,-41.04383850097656,172.72781773930586,-197.40325137126894,-41.04973643821553,0.24196372994738125,0.3617057419250991,0.05005446721567435,3.500584535000143e-05,15.610064398232684,37.97003127152705,nan,0.7118952918793361,nan
263.49,172.5979461669922,-197.6162872314453,-41.04444885253906,172.7270376043433,-197.4119377571189,-41.05044221420745,0.24178343044747913,0.3617576603806204,0.050072292115122555,3.571161054733689e-05,15.553110297434845,37.882148505480764,nan,nan,nan
263.5,172.59754943847656,-197.625,-41.04505157470703,172.71875853534826,-197.40996668899388,-41.05104980450827,0.24691486137423324,0.36168965724219765,0.050068643475213045,3.49931494721525e-05,16.475917463415797,37.623068406086894,7.42016810766262,0.00045467804852782594,nan
263.51,172.5970458984375,-197.6337127685547,-41.04574203491211,172.71793403998896,-197.41861678760068,-41.05178356628265,0.2468131355735197,0.361741349076556,0.05008648643025477,3.569840028020062e-05,16.40470227720541,37.147245976337395,nan,nan,nan
263.52,172.59646606445312,-197.64242553710938,-41.04652786254883,172.71702170644912,-197.4272714807371,-41.052957933397934,0.2467109170702394,0.36179312813602044,0.05010439345266023,3.500164275603569e-05,16.497479668363958,37.83099711528973,nan,0.08549979904548882,nan
263.53000000000003,172.5957794189453,-197.651123046875,-41.047401428222656,172.7160107459219,-197.4359217932682,-41.0538794023323,0.2465950439263849,0.36184499539901066,0.05012236514307233,3.5707256894082106e-05,16.424495482222593,38.07424467869525,nan,nan,nan
263.54,172.5950164794922,-197.6598358154297,-41.048362731933594,172.7148792323747,-197.4445510002379,-41.05316161414333,0.24645011757188415,0.361896950199162,0.05014040120855339,3.50101658582661e-05,15.841521652679953,37.21914535269587,nan,2.1114348397652236,nan
263.55,172.59414672851562,-197.66854858398438,-41.049415588378906,172.697125200282,-197.45232768173804,-41.054148688447235,0.2395379854048442,0.361828852931151,0.05013671467622269,3.569409142331241e-05,15.1920120223468,36.93853277882391,4.357626729561362,nan,nan
263.56,172.59320068359375,-197.67726135253906,-41.05055236816406,172.6958238550733,-197.46099621883775,-41.05598735957527,0.23944031095662424,0.36188058087079567,0.050154767988995805,3.499751294220335e-05,15.343582886841784,37.65279986835895,nan,0.31486613018260456,nan
263.57,172.5921630859375,-197.6859588623047,-41.05177688598633,172.6944228638443,-197.46965701166107,-41.057252437236805,0.2393188969364881,0.3619323968687646,0.05017288614049108,3.570297079441035e-05,15.273083815975097,38.28667320174875,nan,nan,nan
263.58,172.59104919433594,-197.69467163085938,-41.05308532714844,172.69291682391238,-197.47829970865726,-41.05697748921928,0.2391839701956375,0.36198430034743245,0.05019106890868576,3.5006058640344665e-05,14.801757248875054,36.72558171321306,nan,1.8676002256587443,nan
263.59000000000003,172.5899200439453,-197.70338439941406,-41.054481506347656,172.69138925634024,-197.48696045517465,-41.05839857092851,0.23906205909579467,0.3620362921522152,0.050209316788170325,3.571187385590439e-05,14.733319594316567,36.92238800873997,nan,nan,nan
263.6,172.58877563476562,-197.71209716796875,-41.05595779418945,172.67888177224006,-197.50139275441038,-41.059792164334375,0.22919460791639248,0.3619681002263768,0.05020558768549421,3.4993435063007235e-05,13.618373113911526,36.76797950464363,8.638661501605858,0.015412291970803814,nan
263.61,172.58766174316406,-197.72080993652344,-41.05751419067383,172.67732541178583,-197.5100850371224,-41.061381234902214,0.22904041287370722,0.36201986488688714,0.05022385194953652,3.569873152266006e-05,13.551744012449543,37.517740816036984,nan,nan,nan
263.62,172.5865478515625,-197.72950744628906,-41.05915451049805,172.67580124427454,-197.51878958566283,-41.064296029874505,0.22889871148393146,0.3620717169675437,0.05024218106386483,3.5001989833758224e-05,13.821951137026852,37.91865551522077,nan,1.090496527129027,nan
263.63,172.58546447753906,-197.73822021484375,-41.060874938964844,172.67427656181928,-197.52748124241393,-41.06606221135913,0.22874747782187085,0.3621236572341008,0.05026057546298462,3.570764529971852e-05,13.755591718815886,37.3831255145798,nan,nan,nan
263.64,172.5843963623047,-197.74693298339844,-41.06267547607422,172.6727602458349,-197.53616513607773,-41.06713034276377,0.2285850109127188,0.3621756852283764,0.050279035014838845,3.5010561706241794e-05,13.504712234171453,36.895186332768745,nan,0.42798438114267884,nan
263.65,172.58335876464844,-197.75564575195312,-41.064552307128906,172.64566420105632,-197.53174703513358,-41.069109618063,0.23245079454019257,0.3621073995469506,0.05027525938209643,3.569452209304195e-05,13.908074323996539,38.146666909296876,8.158829355094909,nan,nan
263.66,172.5823211669922,-197.76434326171875,-41.06650924682617,172.6476539899958,-197.53101378100632,-41.07210204379236,0.24236811611484263,0.3620193380382188,0.04927340256290873,3.49973628653989e-05,21.14877063835294,45.30479001945111,nan,0.6868622547579908,0.08665190010472022
263.67,172.58132934570312,-197.77305603027344,-41.068511962890625,172.6461755845022,-197.53965615187454,-41.07417386190788,0.24230682001026996,0.36207070298357064,0.04928803870703036,3.5702840336908916e-05,21.059449425191104,45.438196897907105,nan,nan,nan
263.68,172.58033752441406,-197.78176879882812,-41.07051467895508,172.64470814956533,-197.5482470717354,-41.07458679372658,0.24226546705101235,0.36212215482718163,0.04930273156936498,3.5005954964764575e-05,20.54343357233246,44.11214439009978,nan,2.002602664838541,nan
263.69,172.57937622070312,-197.7904815673828,-41.07250213623047,172.6432698367807,-197.55688903413156,-41.07666054068731,0.2422089141502275,0.362173693797698,0.04931748391019788,3.571178639783016e-05,20.46194535236222,44.42772803480969,nan,nan,nan
263.7,172.57843017578125,-197.79917907714844,-41.074459075927734,172.63164423809914,-197.56532721969577,-41.07897183889032,0.23987245088169176,0.36210597403406286,0.049313733232408404,3.499336662817583e-05,19.970798684104192,45.62793650259404,2.547201941869002,0.03363592582869094,nan
263.71,172.57749938964844,-197.80789184570312,-41.076385498046875,172.63022615770285,-197.5739791802934,-41.080996132386176,0.23982598912034853,0.362157288281693,0.049328512739045614,3.569867604411861e-05,19.89323708095444,44.430671677573,nan,nan,nan
263.72,172.5765838623047,-197.8166046142578,-41.07827377319336,172.62882974069356,-197.58264769993903,-41.08356240811434,0.2397778956149172,0.3622086893449412,0.049343349364180236,3.500194924317177e-05,20.006332780801305,44.440697520716945,nan,0.23388392061917077,nan
263.73,172.57569885253906,-197.82530212402344,-41.08012390136719,172.62744891308142,-197.5912995296152,-41.08552391681078,0.23971742348588038,0.36226017743503724,0.049358245610236315,3.5707614433379544e-05,19.930760557308265,45.81610232152428,nan,nan,nan
263.74,172.57481384277344,-197.83401489257812,-41.08194351196289,172.62608429090622,-197.59994092195316,-41.08708356160709,0.23967833169941927,0.3623117526337695,0.04937319932318506,3.501054085779732e-05,19.77926269224013,43.892138562270105,nan,0.09492814088263128,nan
263.75,172.57395935058594,-197.8427276611328,-41.08372116088867,172.6245755498983,-197.61178512815437,-41.08899589111176,0.23648314094297881,0.362243946395286,0.04936947375950495,3.569450701076489e-05,19.26486272790098,44.58952588724102,1.714063385172382,nan,nan
263.76,172.5731201171875,-197.85142517089844,-41.08546829223633,172.6232563974486,-197.62051970269297,-41.09334996618063,0.23641722151689729,0.3622952966421276,0.04938445421454032,3.499793480700103e-05,20.16861204810066,46.192202617232276,nan,4.414405888413371,nan
263.77,172.5723114013672,-197.86013793945312,-41.08717727661133,172.62194355668936,-197.62918608422115,-41.09519472114639,0.2363607194393558,0.36234673381665244,0.0493994944377072,3.570342920995428e-05,20.10409472318822,45.89827147682763,nan,nan,nan
263.78000000000003,172.57150268554688,-197.8688507080078,-41.08885192871094,172.62064536032275,-197.6378396463526,-41.09652288796382,0.2363047961998534,0.3623982580146012,0.049414592511317676,3.5006513373641845e-05,19.89597609809866,44.95682082336249,nan,0.16480376041586575,nan
263.79,172.57070922851562,-197.87754821777344,-41.09049606323242,172.6193652764484,-197.64650603657836,-41.09829683306661,0.2362387616413165,0.3624498694258666,0.04942975058692465,3.57123581306463e-05,19.828481859990863,45.68603881350266,nan,nan,nan
263.8,172.56993103027344,-197.88626098632812,-41.092105865478516,172.62649436421512,-197.65149899548632,-41.10060665878918,0.24162960616926923,0.36238197683626644,0.04942604416046156,3.4993905335402236e-05,21.123236993045197,44.75615153822191,7.2856087063581025,0.15985503903687562,nan
263.81,172.5691680908203,-197.89495849609375,-41.093685150146484,172.62526258413044,-197.66013988173322,-41.10232384167363,0.24158021612131764,0.3624333630594841,0.04944122840850113,3.569922467275862e-05,21.0592642377769,45.516376558307456,nan,nan,nan
263.82,172.5684356689453,-197.90367126464844,-41.09523010253906,172.6240528200463,-197.668830378726,-41.10597373132861,0.2415759399381348,0.3624848362192519,0.04945647087814599,3.500246399130351e-05,22.178860073498235,46.49105059829244,nan,2.7222123046361175,nan
263.83,172.5677032470703,-197.91238403320312,-41.096744537353516,172.62285107467176,-197.67747159091832,-41.10764949673144,0.24154514395534163,0.3625363964944945,0.04947177350563516,3.5708135773393265e-05,22.124960734291164,45.77674319113847,nan,nan,nan
263.84000000000003,172.56698608398438,-197.92108154296875,-41.09823226928711,172.6216656019547,-197.6861253674076,-41.10980761049128,0.24151240681127858,0.3625880439977687,0.04948713469312158,3.5011027307815034e-05,22.533210278277863,47.01206410549281,nan,0.18482903703821713,nan
263.85,172.5662841796875,-197.92979431152344,-41.09968566894531,172.6101044116214,-197.68686489041554,-41.111353331763446,0.24712557682724473,0.36252006527479835,0.04948344546693198,3.569499680872677e-05,23.08820583459817,46.54439024376864,4.254646754653763,nan,nan
263.86,172.5655975341797,-197.93850708007812,-41.101112365722656,172.6089252622209,-197.69543872846455,-41.1111586098572,0.24710411286452577,0.362571487358564,0.04949883234440811,3.4998389262040325e-05,22.072809614403354,45.52087103286539,nan,2.2561218868710817,nan
263.87,172.56492614746094,-197.94720458984375,-41.10251235961914,172.60776537474993,-197.70405494895982,-41.11270584713537,0.24710494621606585,0.36262299646047197,0.04951427953990094,3.5703884107490106e-05,22.0119592243442,46.33362817805112,nan,nan,nan
263.88,172.56427001953125,-197.95591735839844,-41.1038818359375,172.60661472919014,-197.71263429458844,-41.11261829865456,0.24709522325144526,0.3626745927015404,0.04952978565054336,3.500693277254871e-05,21.197151454922878,44.7976071462063,nan,1.8245690265924486,nan
263.89,172.56362915039062,-197.96463012695312,-41.105224609375,172.60548191966447,-197.7212508279344,-41.114095774494956,0.24711097720927377,0.36272627624773823,0.04954535232279988,3.571277507774378e-05,21.135813527324657,44.802843201202826,nan,nan,nan
263.9,172.56298828125,-197.97332763671875,-41.10654067993164,172.5724354771936,-197.72425754018758,-41.11440924349244,0.2493733682447942,0.3626582115378299,0.049541674762128465,3.499428737262259e-05,19.81304122129967,45.87050270684098,11.689090816878785,0.9844408258227448,nan
263.91,172.5623779296875,-197.98204040527344,-41.10783386230469,172.57127323126545,-197.73288153524553,-41.115824042012854,0.24944560905238966,0.36270966942854255,0.04955726651826455,3.56996015985345e-05,19.747646370236865,45.6791343637751,nan,nan,nan
263.92,172.561767578125,-197.99073791503906,-41.10909652709961,172.5701246898058,-197.74151538678,-41.117671016828545,0.2495099833305109,0.3627612143682232,0.049572917532961426,3.500280624653576e-05,19.974133256827415,46.2560801936822,nan,0.14762114523988498,nan
263.93,172.56117248535156,-197.99945068359375,-41.11033630371094,172.56898739846565,-197.7501394062292,-41.11904070260356,0.24958556137765994,0.36281284651649803,0.04958862927721625,3.570847031909377e-05,19.912177639024268,45.42086598417498,nan,nan,nan
263.94,172.5605926513672,-198.00816345214844,-41.111549377441406,172.56786474613247,-197.7587898478959,-41.12164181577077,0.24968367021413834,0.36286456600412986,0.04960440060910417,3.501132801464278e-05,20.616492052111496,46.298495626131746,nan,1.1123275133617276,nan
263.95,172.5600128173828,-198.01686096191406,-41.11273956298828,172.56234035620213,-197.75888785484673,-41.12299077432369,0.2581871970891861,0.3627964154980388,0.04960073220335506,3.5695288113342716e-05,21.590979381296968,46.73516933046057,7.177332578305449,nan,nan
263.96,172.5594482421875,-198.02557373046875,-41.11390686035156,172.5612313060721,-197.76744474718308,-41.12263239378624,0.2582825705746156,0.36284790909673353,0.04961652808017324,3.4998647865425376e-05,20.740667341605135,45.191051806686964,nan,1.969998771822834,nan
263.97,172.55889892578125,-198.03428649902344,-41.11505126953125,172.560136968354,-197.77603567644329,-41.12390491410193,0.25840550910327137,0.3628994898076894,0.04963238485810782,3.570413033863692e-05,20.679203989806453,45.30497978027657,nan,nan,nan
263.98,172.55836486816406,-198.04298400878906,-41.11616897583008,172.55905505943522,-197.7846430681862,-41.1259742662401,0.2585278740785758,0.36295115776627335,0.04964830155217008,3.5007147615990604e-05,21.146470359943496,46.877097799873916,nan,0.47338363329486705,nan
263.99,172.55783081054688,-198.05169677734375,-41.11726760864258,172.55798249277586,-197.79323463088642,-41.1272113709047,0.2586534023877439,0.36300291312505156,0.04966427939988418,3.571297538901081e-05,21.088052083738386,45.44043762088758,nan,nan,nan
264.0,172.5573272705078,-198.06040954589844,-41.118343353271484,172.5358996822292,-197.79501957198158,-41.128316320766345,0.2664403120319438,0.36293467698070314,0.04966061496886847,3.4994458853367145e-05,21.02362696136268,47.35201915820545,3.6934076789931884,0.011571261954748151,nan
264.01,172.5568084716797,-198.06912231445312,-41.11940002441406,172.53481320549938,-197.80360225811154,-41.12951088255629,0.2666213072999869,0.3629862062144332,0.04967661671935147,3.5699756627790944e-05,20.9652715828492,46.033824786043425,nan,nan,nan
264.02,172.5563201904297,-198.07781982421875,-41.12043380737305,172.5337365354295,-197.8121784228418,-41.13032771929266,0.26678317992659156,0.3630378226030101,0.049692678703557,3.5002933103140695e-05,20.815675157583954,47.67746053113453,nan,0.09028565244901936,nan
264.03000000000003,172.5558319091797,-198.08653259277344,-41.12144470214844,172.53267045894614,-197.82076127849012,-41.13147877178773,0.2669672766957154,0.36308952629582986,0.049708802019579355,3.570857884804015e-05,20.758953140706705,46.35025873576228,nan,nan,nan
264.04,172.55535888671875,-198.09524536132812,-41.1224365234375,172.5316146631771,-197.82935281450517,-41.13309551922146,0.2671633373026985,0.36314131743314493,0.04972498589000812,3.501141019607606e-05,21.104798888547386,46.93363215729805,nan,0.1659558676404228,nan
264.05,172.5548858642578,-198.10394287109375,-41.123409271240234,172.5330265957744,-197.83792000629765,-41.13420163839568,0.2671375439764531,0.363072995824705,0.04972132245447278,3.569535157774196e-05,21.202685310069132,47.17327568693925,0.13831593815299084,nan,nan
264.06,172.55442810058594,-198.11265563964844,-41.12436294555664,172.531991744996,-197.84646920617996,-41.133459728471,0.2672851639620448,0.36312456060191245,0.04973752963468817,3.4998686925603e-05,20.22522293621045,45.642412451768685,nan,2.3929938422034103,nan
264.07,172.55397033691406,-198.12136840820312,-41.12529754638672,172.53096779654382,-197.8550500097631,-41.13452208214715,0.26746906039978763,0.3631762125873751,0.04975379832764226,3.570414782976279e-05,20.165971252025752,45.15932099835744,nan,nan,nan
264.08,172.5535430908203,-198.1300811767578,-41.126216888427734,172.5299528818148,-197.86363104637522,-41.13556667111764,0.26765572734050236,0.3632279519242536,0.049770128264758066,3.6423917498219564e-05,20.103870523395738,46.058850450143524,nan,nan,nan
264.09000000000003,172.5531005859375,-198.13877868652344,-41.127113342285156,172.52894702520516,-197.8722121619175,-41.136593870462576,0.2678264119743613,0.3632797787570482,0.04978651959053578,3.7158140431173335e-05,20.043232652277922,45.713137119647044,nan,nan,nan
264.1,172.5526885986328,-198.14749145507812,-41.12799072265625,172.54199203094498,-197.8883851282858,-41.13647199645319,0.25946567624511546,0.36321137184636826,0.04978285221684657,3.635206903629516e-05,19.207369167623366,44.825127872643655,3.0598905690793576,0.742280895061326,nan
264.11,172.55226135253906,-198.1562042236328,-41.12885284423828,172.54102563567076,-197.8969857891824,-41.13745342836564,0.2596043299712117,0.3632629720825864,0.049799266174344964,3.708400042331558e-05,19.146429599061467,43.640565666688126,nan,nan,nan
264.12,172.55186462402344,-198.1649169921875,-41.12969970703125,172.54006641056887,-197.90555484883137,-41.136332651135646,0.2597150653976322,0.3633146595744951,0.04981574125745761,3.630447747992237e-05,18.285974413541922,43.79615215035197,nan,2.850796967325146,nan
264.13,172.5514678955078,-198.17361450195312,-41.13052749633789,172.53911620869883,-197.9141560324256,-41.13726094893693,0.25983956773457656,0.36336643446733763,0.04983227832673009,3.7035121377969626e-05,18.219355712718745,44.21418859185092,nan,nan,nan
264.14,172.5510711669922,-198.1823272705078,-41.13134002685547,172.53817381152012,-197.92275156332522,-41.13779284277032,0.2599760149912798,0.3634182969050627,0.04984887683741457,3.625826124802791e-05,18.06726592758049,42.8226604559887,nan,0.09523613651759498,nan
264.15,172.55068969726562,-198.1910400390625,-41.13213348388672,172.53882949013988,-197.93169630817215,-41.1386967561205,0.2596977316181389,0.36334980485695123,0.04984520223130843,3.696415728920315e-05,18.074369357671504,43.126724255651936,0.028877349726140422,nan,nan
264.16,172.55030822753906,-198.1997528076172,-41.13291549682617,172.5379052558378,-197.94029204076472,-41.139193845990725,0.2598329095994692,0.36340144046175527,0.049861822731626475,3.619089222636237e-05,17.922540815335235,42.557520710433,nan,0.09589190287975002,nan
264.17,172.54994201660156,-198.20846557617188,-41.1336784362793,172.53698864535147,-197.9488933173519,-41.140053728205,0.2599734442645835,0.3634531633713304,0.049878505401421434,3.691825264484529e-05,17.85861385649176,42.89124481250279,nan,nan,nan
264.18,172.54959106445312,-198.2171630859375,-41.13442611694336,172.53607939672366,-197.95750437144704,-41.141606563746926,0.2601091539949457,0.3635049737300952,0.049895249798787296,3.6147541867947205e-05,18.106258125662556,44.33949161548721,nan,0.33084084748384773,nan
264.19,172.5492401123047,-198.2258758544922,-41.135162353515625,172.5351774077425,-197.9661059596893,-41.14244496910437,0.26025217462170525,0.36355687168256734,0.04991205663095312,3.6873822239438304e-05,18.04307339484687,43.04374266101326,nan,nan,nan
264.2,172.54888916015625,-198.23458862304688,-41.13587951660156,172.52237604790588,-197.97297471680082,-41.14366249528746,0.2630691084482277,0.36348829465809807,0.04990837004882145,3.608325053060224e-05,17.924195333579622,43.490112076293336,1.660989876241381,0.0931593487510505,nan
264.21,172.54855346679688,-198.24330139160156,-41.1365852355957,172.52146765072393,-197.9815801688953,-41.14447779253831,0.2632374067306686,0.3635399655406625,0.049925198154748135,3.680760771308389e-05,17.86320701253076,43.76398659005011,nan,nan,nan
264.22,172.5482177734375,-198.25201416015625,-41.13727569580078,172.52056607802203,-197.99018704802322,-41.145385322899145,0.2634080844601182,0.3635917237760246,0.04994208826467259,3.604279218728416e-05,17.92148504627234,43.50377426161574,nan,0.007406260199517968,nan
264.23,172.5478973388672,-198.26072692871094,-41.1379508972168,172.51967120376722,-197.99879256612837,-41.146175326485704,0.263579146066254,0.36364356950877075,0.0499590409977835,3.676620514128924e-05,17.862499050004967,43.84004557836082,nan,nan,nan
264.24,172.54757690429688,-198.26943969726562,-41.138614654541016,172.5187830618873,-198.00739211698632,-41.1464486715906,0.26374114490173467,0.36369550288322744,0.04997605604356461,3.600376021237992e-05,17.653830205930117,43.29512433765437,nan,0.16931768703540673,nan
264.25,172.54725646972656,-198.27813720703125,-41.13926696777344,172.5229994710646,-198.01379891120712,-41.14722447891024,0.26556818071219546,0.36362684104237,0.04997235387756282,3.670320063781966e-05,18.146012662791858,43.56822058514123,1.8534594870463401,nan,nan
264.26,172.5469512939453,-198.28684997558594,-41.1399040222168,172.52213420260648,-198.02238617069736,-41.14757459933423,0.2657363916966931,0.36367854710952846,0.0499893895053741,3.594401460574016e-05,17.98475774908742,43.01841316966991,nan,0.10616981217410415,nan
264.27,172.54666137695312,-198.29556274414062,-41.14052963256836,172.52127506131035,-198.0309782605326,-41.14830741447173,0.2659133465611928,0.3637303405774089,0.05000648794628995,3.6664816938925646e-05,17.92466861801174,43.36067894913458,nan,nan,nan
264.28000000000003,172.54635620117188,-198.3042755126953,-41.14113998413086,172.52042159701813,-198.039581017903,-41.14997069708422,0.2661085507029638,0.36378222158989104,0.050023648964643716,3.590787656198871e-05,18.37461603326845,42.85197192341698,nan,0.5948171665454304,nan
264.29,172.5460662841797,-198.31298828125,-41.14173889160156,172.51957461056475,-198.04817357073836,-41.150690035014954,0.2662869930032132,0.36383419029224784,0.050040873067927566,3.6627914396160366e-05,18.318375934578032,43.20670279505971,nan,nan,nan
264.3,172.54568481445312,-198.3217010498047,-41.142433166503906,172.49897178410092,-198.04979227670125,-41.15150775310567,0.2760413668588346,0.3637654437928142,0.05003715074446665,3.585116332847121e-05,18.3950058738572,44.32727258490816,3.6428689637015186,0.01501118736231898,nan
264.31,172.5452117919922,-198.33041381835938,-41.14321517944336,172.49795216548128,-198.05837403661923,-41.15236066018786,0.2762657325207483,0.36381718495030524,0.05005439467935555,3.656959591503455e-05,18.315646817113528,44.445295480949,nan,nan,nan
264.32,172.5446319580078,-198.33912658691406,-41.14408874511719,172.49683694043085,-198.06697507986982,-41.155212556662306,0.2765403147371561,0.36386901355470075,0.05007170144795115,3.581788328490741e-05,19.414448333127435,44.89152449977884,nan,2.44991274188441,nan
264.33,172.54397583007812,-198.34783935546875,-41.145050048828125,172.49562981534888,-198.0755570305634,-41.15626697454453,0.2767685332883586,0.36392092975197915,0.05008907149467972,3.653566809343944e-05,19.334267231288457,45.60165852280142,nan,nan,nan
264.34000000000003,172.54324340820312,-198.35655212402344,-41.14610290527344,172.49434263485105,-198.08414227727422,-41.15776195862889,0.27700964561817276,0.3639729336849408,0.05010650467810179,3.578600086333261e-05,19.61992366707406,45.357057274477356,nan,0.0831093328162433,nan
264.35,172.54248046875,-198.36526489257812,-41.147239685058594,172.50970270801878,-198.10437674770677,-41.15906707879739,0.26320503979906035,0.36390410268495227,0.05010275835569634,3.648043879153865e-05,18.919951280590112,44.42335637221969,6.898241579903865,nan,nan
264.36,172.54171752929688,-198.3739776611328,-41.14846420288086,172.50837934591277,-198.11299301887388,-41.160535066178795,0.26338208691392184,0.3639558788348184,0.05012021063231752,3.573367383999711e-05,19.092913337461777,44.79744579501205,nan,0.013903028893610314,nan
264.37,172.5409698486328,-198.3826904296875,-41.14977264404297,172.50705603301688,-198.12160785531304,-41.161947654578015,0.2635573721472292,0.3640077424801491,0.0501377263806944,3.644942290848911e-05,19.011780226629032,45.16599294904074,nan,nan,nan
264.38,172.54022216796875,-198.39138793945312,-41.15116500854492,172.50573971620594,-198.13022678658768,-41.16393268673451,0.2637369918155846,0.36405969376288627,0.05015530551206395,3.5704572758808205e-05,19.439125908492567,45.95406718189649,nan,0.16076195077142227,nan
264.39,172.5394744873047,-198.4001007080078,-41.15264129638672,172.50443482593826,-198.13884135909893,-41.16552016177527,0.2639130357421964,0.3641117328303333,0.050172948392161146,3.641982557285537e-05,19.358835335806532,44.41352136513474,nan,nan,nan
264.4,172.53875732421875,-198.4088134765625,-41.154197692871094,172.5200060697372,-198.16481127829547,-41.16671133607912,0.24504137113987584,0.3640428174832077,0.050169173614915644,3.565510894964592e-05,17.841250247698092,44.39700519557929,17.52274963522789,0.12005439868231914,nan
264.41,172.53805541992188,-198.4175262451172,-41.15583801269531,172.51875097856524,-198.17348156945297,-41.1684597776741,0.2451321564530502,0.36409462852938246,0.050186834803191124,3.636902404273671e-05,17.76082203580703,44.30925779618657,nan,nan,nan
264.42,172.537353515625,-198.42623901367188,-41.15755844116211,172.51751123514327,-198.1821415398273,-41.16895862967666,0.24516781422156392,0.3641465271141715,0.05020455961332547,3.5628710643817635e-05,16.960150191126036,42.85260675636831,nan,1.2070612616253327,nan
264.43,172.53668212890625,-198.43495178222656,-41.159358978271484,172.51628369504328,-198.19081191231757,-41.170856650925955,0.2452602060255811,0.3641985133858137,0.050222348367561835,3.634222742880937e-05,16.881554482833955,43.51243992911646,nan,nan,nan
264.44,172.5360107421875,-198.44366455078125,-41.16123580932617,172.51506902622577,-198.19948639165295,-41.173411971215764,0.24537682812577608,0.36425058748480954,0.0502402010422021,3.560362586133248e-05,17.34064561255847,43.335903511644794,nan,0.2271281082037085,nan
264.45,172.5353546142578,-198.45237731933594,-41.16319274902344,172.511296366996,-198.21969496964016,-41.175553947593535,0.23424917150621655,0.364181587948244,0.05023639380024258,3.629428965080861e-05,16.005072998484458,43.763484894548355,15.425489146836785,nan,nan
264.46,172.5347137451172,-198.46109008789062,-41.165191650390625,172.51010161905816,-198.22840147020437,-41.17594735977926,0.23423371839753557,0.36423343378706485,0.050254264000750344,3.5558235411842805e-05,14.982059863965958,42.847419295900046,nan,2.056034428568846,nan
264.47,172.53408813476562,-198.4698028564453,-41.167198181152344,172.50891764284967,-198.23711960535232,-41.17808329640032,0.23429369333479275,0.3642853672144015,0.050272198340212085,3.627019544464953e-05,14.929331525376497,42.76077806987105,nan,nan,nan
264.48,172.53347778320312,-198.478515625,-41.169185638427734,172.50774755013424,-198.24583135757416,-41.17929125819544,0.23432058542127238,0.36433738836980795,0.050290196830421484,3.553572454591962e-05,14.47062500476898,42.38825104745795,nan,0.5810422469197182,nan
264.49,172.53286743164062,-198.48721313476562,-41.171142578125,172.50658856989045,-198.25454902764062,-41.18138879991053,0.23436755402580384,0.3643894974029893,0.05030825974054048,3.624741069515644e-05,14.42660232175712,42.67963485412493,nan,nan,nan
264.5,172.5322723388672,-198.4959259033203,-41.173065185546875,172.4990779078077,-198.26448984638003,-41.18077119401956,0.23393140291976536,0.3643204138259085,0.05030441565651317,3.549294768344402e-05,12.810039422188584,40.98474504197098,1.3389974673205043,5.016356318160712,nan
264.51,172.5316925048828,-198.504638671875,-41.17495346069336,172.49793119125215,-198.27321795940478,-41.18277823392771,0.23400128105303955,0.36437229436014623,0.05032249527308106,3.620351578034306e-05,12.763875040909676,41.03044043665141,nan,nan,nan
264.52,172.5311279296875,-198.5133514404297,-41.17680740356445,172.4967975297689,-198.28194037351975,-41.183753378598304,0.23404680048259308,0.3644242625227003,0.050340639264213866,3.547290527291735e-05,12.368713313491325,40.75568329541377,nan,0.6827520281138356,nan
264.53000000000003,172.53057861328125,-198.52206420898438,-41.17862319946289,172.4956738406869,-198.29066872578147,-41.18568036905638,0.2341196626497654,0.3644763184641892,0.050358847870568456,3.618327983205603e-05,12.321173237149607,40.88714667320661,nan,nan,nan
264.54,172.530029296875,-198.53077697753906,-41.18040084838867,172.49456408964025,-198.2993877457642,-41.18582637592827,0.23415420955996302,0.3645284623227517,0.05037712114664616,3.545405680132661e-05,11.711878722517218,39.71995484308755,nan,2.0964351970324695,nan
264.55,172.5294952392578,-198.5394744873047,-41.18214797973633,172.50022166667952,-198.31116022599437,-41.187540326271574,0.23024643617291485,0.36445929486330864,0.0503732360949034,3.614195909972853e-05,11.58354753059693,40.46878892244942,1.175041000144121,nan,nan
264.56,172.5289764404297,-198.54818725585938,-41.18385696411133,172.49914374158405,-198.3198894574272,-41.188259480328774,0.23028082169047395,0.364511209983489,0.050391525253794714,3.541494554068412e-05,11.263560371559416,39.397445086184035,nan,0.810668016615028,nan
264.57,172.52845764160156,-198.55690002441406,-41.18553161621094,172.49807478557673,-198.32862397321455,-41.190018778418505,0.2303328203190898,0.3645632127832543,0.05040987922191495,3.612415272463192e-05,11.211634819418721,38.806922586056345,nan,nan,nan
264.58,172.5279541015625,-198.56561279296875,-41.18717575073242,172.4970187484349,-198.33735139154862,-41.190221234549355,0.23036826696203005,0.3646153033999004,0.05042829807627237,3.539840562099225e-05,10.854434927583817,38.5985109284636,nan,1.6023905086640375,nan
264.59000000000003,172.5274658203125,-198.57432556152344,-41.188785552978516,172.49597053148022,-198.34608582304298,-41.19190034963361,0.23042359557661857,0.36466748198535814,0.05044678202381884,3.610751872466629e-05,10.799454984055108,38.75111970567127,nan,nan,nan
264.6,172.5269775390625,-198.58303833007812,-41.190364837646484,172.48459346482284,-198.35558840168818,-41.193339649208795,0.23138437539638548,0.3645982307885213,0.05044285167754549,3.536161240473836e-05,10.323232049513619,38.77203695846126,3.8212158753258336,0.10890842357835315,nan
264.61,172.52650451660156,-198.59173583984375,-41.19190979003906,172.48354615757236,-198.3643341072543,-41.19495659260686,0.23144384113872812,0.3646501803962865,0.050461350654510996,3.6069783425276715e-05,10.26842372586047,39.93081753805515,nan,nan,nan
264.62,172.5260467529297,-198.60044860839844,-41.193424224853516,172.48250958187865,-198.3730768251496,-41.195778630677836,0.23151448401269636,0.36470221772029676,0.050479914728460085,3.5347261144865497e-05,10.107555350243791,39.05991064373688,nan,0.40494001824668857,nan
264.63,172.5255889892578,-198.60916137695312,-41.194908142089844,172.4814810033648,-198.38182252220088,-41.197328643050376,0.23159086364643627,0.3647543429132328,0.05049854408899904,3.6055402525926205e-05,10.053553101561057,38.5166818726606,nan,nan,nan
264.64,172.525146484375,-198.6178741455078,-41.19636535644531,172.4804574718814,-198.39057690893725,-41.20121767813984,0.23169956110466547,0.3648065561112203,0.05051723883917148,3.533396455364783e-05,10.497858011664487,39.19635248430658,nan,3.8831744592524986,nan
264.65,172.5247039794922,-198.62657165527344,-41.197792053222656,172.48031035824312,-198.4093406905102,-41.20282053461589,0.22177775200569305,0.3647372213358668,0.05051325899884667,3.601991946512205e-05,9.618198265972033,40.12744974347101,8.714287808391662,nan,nan
264.66,172.52427673339844,-198.63528442382812,-41.199188232421875,172.52872521561403,-198.4127147979596,-41.20345770971311,0.22265501519079714,0.3588548088997303,0.0504609173776177,3.530005696799256e-05,15.88606611080731,45.691468978710354,nan,0.5191548987819832,0.4115201622341228
264.67,172.5238494873047,-198.6439971923828,-41.2005615234375,172.5277463534386,-198.42146061704076,-41.20491285299079,0.22261322287661575,0.3589028012703843,0.050478681983015194,3.600733189150284e-05,15.805216208931625,45.10238446611337,nan,nan,nan
264.68,172.5234375,-198.6527099609375,-41.201904296875,172.52674768862414,-198.43021146378564,-41.20703981184126,0.22258237148869794,0.3589508777951846,0.05049650499407066,3.528878525568322e-05,15.936552767539704,45.5857634826235,nan,0.3387769742138724,nan
264.69,172.52304077148438,-198.6614227294922,-41.20322036743164,172.52578550986797,-198.43895726735974,-41.20844890371311,0.2225438227007088,0.35899904332248994,0.05051438670673735,3.5996108142224226e-05,15.85854684959313,45.81422478216323,nan,nan,nan
264.7,172.52264404296875,-198.6701202392578,-41.20450973510742,172.54728861977603,-198.45426223140507,-41.20945799448461,0.2173166353297174,0.3589323487504378,0.050510440275022946,3.525721508104679e-05,15.94489834651618,45.321482419733435,4.882167038461275,0.1072175223921257,nan
264.71,172.5222625732422,-198.6788330078125,-41.205772399902344,172.54638252155706,-198.46301482890297,-41.21081277155796,0.2172203112072274,0.35898030681874066,0.05052833390785863,3.596373358842174e-05,15.867591913546333,44.594239851462596,nan,nan,nan
264.72,172.52188110351562,-198.6875457763672,-41.20701217651367,172.5455259647193,-198.47176045016138,-41.2110779604485,0.21711498581648195,0.35902834909732095,0.05054628622523613,3.524783269268339e-05,15.541707112751002,43.867042692968276,nan,0.7895632480271005,nan
264.73,172.52149963378906,-198.69625854492188,-41.20822525024414,172.54463524607422,-198.48051314430717,-41.21237362573748,0.21702198842846238,0.3590764801507483,0.05056429749659729,3.595444964628156e-05,15.463712905161556,43.456829026613704,nan,nan,nan
264.74,172.52114868164062,-198.70497131347656,-41.209415435791016,172.54379968760455,-198.48925814608785,-41.21240959268247,0.2169198092188435,0.35912469577180967,0.05058236774719442,3.5239358119043425e-05,15.151124282685998,44.17682458938599,nan,1.0640599313630543,nan
264.75,172.52078247070312,-198.71368408203125,-41.2105827331543,172.54007300451173,-198.4989520732535,-41.21367864431062,0.21561898096930157,0.3590579699736012,0.050578386271890624,3.592399698838602e-05,14.843954481262863,43.32987416174067,0.7340382313772782,nan,nan
264.76,172.5204315185547,-198.72238159179688,-41.211727142333984,172.5392514066155,-198.50770261716062,-41.21344490186945,0.21550916694033728,0.35910597801609373,0.05059646790485948,3.5210526369648094e-05,14.572216380579697,44.37595560606391,nan,1.4642485540052912,nan
264.77,172.5200958251953,-198.73109436035156,-41.21284484863281,172.53838192999675,-198.51646177780142,-41.2146234376145,0.2154174795593814,0.35915407460710613,0.050614608742084004,3.59165232033786e-05,14.489836524667917,43.73188043402432,nan,nan,nan
264.78000000000003,172.51976013183594,-198.73980712890625,-41.21394348144531,172.5376093512914,-198.52520727963258,-41.213371197667456,0.21534162963108755,0.35920225581833587,0.05063280883101928,3.5203764769064233e-05,14.325151263305761,43.18682889048807,nan,4.049979060310354,nan
264.79,172.51942443847656,-198.74851989746094,-41.21501922607422,172.53675342304868,-198.5339664266858,-41.21448312939317,0.21525281166017918,0.35925052579987965,0.050651068408330766,3.5909918005517914e-05,14.238714338805838,42.79461737872587,nan,nan,nan
264.8,172.51910400390625,-198.75723266601562,-41.21607208251953,172.51745045995412,-198.53613909525896,-41.217684957511,0.22110563675146788,0.3591837643939181,0.05064704838009649,3.517662267331302e-05,14.238023453221398,43.96272728130129,3.107879194453146,2.9319286422117483,nan
264.81,172.51878356933594,-198.7659454345703,-41.217105865478516,172.51657673529482,-198.54488785229663,-41.21877734209595,0.22107491633212395,0.3592318265307438,0.050665318769034545,3.588207558056567e-05,14.157522342043832,43.55316864453283,nan,nan,nan
264.82,172.5184783935547,-198.77464294433594,-41.21812057495117,172.5156963596226,-198.55363861191884,-41.2202101189736,0.2210317191132234,0.35927997333673967,0.05068364867677183,3.517145162082078e-05,14.117439087559944,44.85575533104333,nan,0.09074105144493928,nan
264.83,172.51817321777344,-198.78335571289062,-41.219112396240234,172.51483528626764,-198.56238751815422,-41.22126670252283,0.22100390473328838,0.3593282086903113,0.050702038321595824,3.587709955041344e-05,14.038966986249271,43.52797867829993,nan,nan,nan
264.84000000000003,172.5178680419922,-198.7920684814453,-41.22008514404297,172.51400712040666,-198.57113295685278,-41.221550739572045,0.2209741177439623,0.3593765290670827,0.05072048777812107,3.516704332105915e-05,13.887678488670783,43.06618114301222,nan,0.39697154214949537,nan
264.85,172.517578125,-198.80078125,-41.221038818359375,172.5222525598572,-198.58656728106672,-41.222540247857715,0.21427022452482927,0.35930973573746144,0.05071642584732463,3.585085865496393e-05,13.411541209768245,43.352623175130454,2.34382700495815,nan,nan
264.86,172.5172882080078,-198.8094940185547,-41.22197341918945,172.5214003372964,-198.5953386462795,-41.22408290487893,0.2142052357238029,0.3593578481389837,0.050734885533451936,3.51421819272846e-05,13.393011894114665,43.05485302973365,nan,0.21180945931559148,nan
264.87,172.5170135498047,-198.81820678710938,-41.2228889465332,172.5205730243138,-198.60410773730817,-41.22506330918468,0.21413967600026929,0.35940604886849437,0.05075340520289551,3.584738755038044e-05,13.315973639734029,43.4201508863298,nan,nan,nan
264.88,172.51673889160156,-198.82691955566406,-41.223785400390625,172.51975557175163,-198.61287640287128,-41.22590064350445,0.21407486043445897,0.3594543346639593,0.05077198494529471,3.51391951013666e-05,13.22978189123609,43.06953862690093,nan,0.011052948520208945,nan
264.89,172.51646423339844,-198.83563232421875,-41.224666595458984,172.5189392632547,-198.62164579775032,-41.226845281516006,0.21401192947064734,0.3595027090133597,0.05079062495673882,3.5844637536381723e-05,13.15388359465279,42.683134831264205,nan,nan,nan
264.9,172.51620483398438,-198.84432983398438,-41.225528717041016,172.50456637970152,-198.61769786526656,-41.22876152226181,0.22695363820084652,0.3594358800145797,0.050786517596343485,3.511572552186526e-05,14.224310871590937,44.217143205510276,10.229797662328686,0.8086244372669708,nan
264.91,172.5159454345703,-198.85304260253906,-41.22637176513672,172.50374959580216,-198.62642744584508,-41.22968218120321,0.22696723680132694,0.35948404612079504,0.05080516722678527,3.582054390003889e-05,14.151977332328531,42.97829068935363,nan,nan,nan
264.92,172.51568603515625,-198.86175537109375,-41.22719955444336,172.50297334306865,-198.6351532076015,-41.22951569415843,0.22697030101461874,0.35953229733064923,0.05082387718641608,3.511404512389003e-05,13.918769999787889,42.43742143510877,nan,0.8048068099749008,nan
264.93,172.51544189453125,-198.87046813964844,-41.22801208496094,172.50216702154736,-198.6438830899138,-41.23039398172879,0.22698607985557015,0.35958063688071745,0.05084264765924338,3.581912910468882e-05,13.84428585109748,42.8140099485655,nan,nan,nan
264.94,172.51519775390625,-198.87918090820312,-41.22880935668945,172.50139119320974,-198.65261046761287,-41.23047005777372,0.22699679203816553,0.35962906188326044,0.050861478752781054,3.511299064641664e-05,13.6849338606234,42.389011770552514,nan,0.4344279664216692,nan
264.95,172.5149688720703,-198.8878936767578,-41.22958755493164,172.51898958398462,-198.66143161984112,-41.23129981643379,0.22650421891586658,0.3595622002119449,0.0508573225163561,3.5796338866017163e-05,14.453451079205985,41.78295426051419,8.896640231917969,nan,nan
264.96,172.5147247314453,-198.8966064453125,-41.230350494384766,172.51819471389737,-198.67015077790177,-41.23350163383131,0.22650417161824962,0.3596104168283752,0.050876162604277735,3.5091374879625735e-05,14.576009235035793,40.990687665856484,nan,1.330880527238934,nan
264.97,172.51449584960938,-198.9053192138672,-41.231101989746094,172.51744802356023,-198.67886556029774,-41.23432615129266,0.22649584491479563,0.35965872157565637,0.05089506344674954,3.579614470336909e-05,14.504795036154702,41.30057122989834,nan,nan,nan
264.98,172.5142822265625,-198.91403198242188,-41.231834411621094,172.51668475802703,-198.68758245466688,-41.23581902558139,0.22649732432483713,0.3597071118051561,0.050914025160821774,3.509147127121921e-05,14.588089784360097,41.942407182087145,nan,0.3271299223925317,nan
264.99,172.51405334472656,-198.92274475097656,-41.23255157470703,172.51594711498333,-198.69629736185647,-41.2366223841321,0.22649189366171366,0.3597555903971793,0.050933047916398536,3.5796535261497513e-05,14.52106769386362,40.97187424852069,nan,nan,nan
265.0,172.5138397216797,-198.93145751953125,-41.23325729370117,172.53196268153494,-198.7076189970725,-41.23744188116819,0.22460996545723405,0.3596886928976154,0.05092883925244435,3.507097493058284e-05,14.940988646624024,40.595856934898684,4.053696824356668,0.0010019492204198744,nan
265.01,172.5136260986328,-198.94017028808594,-41.23394775390625,172.53126680007946,-198.71633037211814,-41.23821874895131,0.22457458388401189,0.35973696283560386,0.05094787035270479,3.577546852365786e-05,14.87437361860894,40.373815991398324,nan,nan,nan
265.02,172.51341247558594,-198.94888305664062,-41.23462677001953,172.53054502900434,-198.7250445476364,-41.239995146175765,0.2245573912442509,0.3597853182796102,0.050966962570746406,3.507211779352839e-05,15.109517640753362,40.37331602376791,nan,0.7206450240197374,nan
265.03000000000003,172.51321411132812,-198.9575958251953,-41.23529052734375,172.52985740798633,-198.73375618798667,-41.24075672789219,0.22452407857017218,0.35983376188406274,0.05098611606913937,3.5776926423624424e-05,15.046104533641861,40.80757175935764,nan,nan,nan
265.04,172.5130157470703,-198.96630859375,-41.235939025878906,172.52923672271186,-198.74246284147893,-41.239348594503845,0.22445860647071447,0.35988229133701194,0.051005330975799935,3.507376225254937e-05,14.46609867795953,40.06302266709714,nan,3.2725787294944757,nan
265.05,172.5128173828125,-198.9750213623047,-41.236576080322266,172.54962039008547,-198.76042655549182,-41.23987310318011,0.21775275615962156,0.3598153603780302,0.051001066363566015,3.575689507246967e-05,14.19788553208633,39.12767836046408,5.796832283566118,nan,nan
265.06,172.51263427734375,-198.98373413085938,-41.23720169067383,172.5490113586056,-198.7691552531605,-41.23940401108299,0.21765164141541193,0.35986368102088145,0.05102028894931249,3.505473531217074e-05,13.956286144406484,39.32852064456351,nan,0.9624032154999805,nan
265.07,172.512451171875,-198.99244689941406,-41.23781204223633,172.54837311941358,-198.77788662466222,-41.24008106458015,0.2175583744169583,0.35991208962714005,0.05103957305120039,3.575931796941659e-05,13.886476069991495,39.149806035504874,nan,nan,nan
265.08,172.5122528076172,-199.00115966796875,-41.23841094970703,172.54770772763112,-198.786620168078,-41.24185955250032,0.21747676020161888,0.3599605840967907,0.051058918802607496,3.5057288023594266e-05,14.007500377505274,38.44339794659191,nan,0.8714292499234615,nan
265.09000000000003,172.51197814941406,-199.00987243652344,-41.239105224609375,172.5470265101907,-198.7953515877579,-41.242577420584745,0.217392820242783,0.3600091667681598,0.05107832635801677,3.576220376614393e-05,13.932688215335405,39.17177127869776,nan,nan,nan
265.1,172.5116424560547,-199.01858520507812,-41.23988723754883,172.55539677035006,-198.80072842041477,-41.24442167104859,0.22225341331569431,0.3599421997241146,0.0510740022185056,3.5039139343286666e-05,14.948931670056785,38.67324331669178,6.832347048942078,0.5821324379497663,nan
265.11,172.5112762451172,-199.0272979736328,-41.240760803222656,172.55462309030298,-198.80943911833333,-41.24533533805098,0.22217640781338063,0.3599905733186047,0.05109341676507955,3.5743520453925345e-05,14.874341022642906,38.33189201715308,nan,nan,nan
265.12,172.5109100341797,-199.0360107421875,-41.241722106933594,172.55387834085886,-198.81814759198804,-41.24462381664062,0.2220789218114428,0.360039032785036,0.05111289319797801,3.504250838029763e-05,14.455475436365457,38.30770718762082,nan,2.073488778946547,nan
265.13,172.5105438232422,-199.0447235107422,-41.242774963378906,172.55308357170446,-198.8268586669497,-41.24570050710976,0.22199837649423923,0.3600875802641303,0.051132431667812735,3.574723725013877e-05,14.381085172994826,38.16233551053174,nan,nan,nan
265.14,172.5101776123047,-199.05343627929688,-41.24391174316406,172.55235929487208,-198.83556633386098,-41.24419575757703,0.22191594835126632,0.36013621395071604,0.05115203231370953,3.504626964698627e-05,14.0708233071319,37.80294971154397,nan,5.020371692403974,nan
265.15,172.5098114013672,-199.06214904785156,-41.24513626098633,172.52500813476246,-198.82606910699505,-41.24529523281463,0.23656860411462835,0.360069212632288,0.05114764507071744,3.5729355634342473e-05,15.075447410578969,38.05186044743611,15.234552982697503,nan,nan
265.16,172.50946044921875,-199.07086181640625,-41.24644470214844,172.5242124664021,-198.83473010605937,-41.24580549931334,0.23659293147215155,0.3601176370726309,0.0511672520027709,3.502925471813241e-05,15.013740029769641,38.42942416890559,nan,0.4516678200061138,nan
265.17,172.5091094970703,-199.07957458496094,-41.24783706665039,172.52340279279684,-198.84339198455203,-41.24719399640351,0.23661557974483247,0.3601661493418665,0.05118692120143196,3.573381457194021e-05,14.941589215160299,38.09341222616297,nan,nan,nan
265.18,172.50875854492188,-199.08828735351562,-41.24931335449219,172.52261804711043,-198.85205310304957,-41.247924462520395,0.23664453493601414,0.3602147478179135,0.051206652808376246,3.503371330831643e-05,14.913636208781785,37.77519016667445,nan,0.3887344340372807,nan
265.19,172.5084228515625,-199.0970001220703,-41.25086975097656,172.521821746801,-198.86071477675725,-41.24947406166736,0.23666905744514696,0.3602634343681712,0.051226446970433055,3.573863086333525e-05,14.841595327932433,38.11922247507789,nan,nan,nan
265.2,172.5081024169922,-199.10572814941406,-41.25251007080078,172.52748942038505,-198.86321604634531,-41.25190494535714,0.24328654342602768,0.36019639661288866,0.05122199301748079,3.501736929436013e-05,15.821286884986927,37.1093034293464,8.658178938987898,0.39485168760726574,nan
265.21,172.50778198242188,-199.11444091796875,-41.25423049926758,172.52672876621372,-198.871848711865,-41.25362762871155,0.2433317129583548,0.360244873651834,0.05124179274052687,3.572177425415094e-05,15.750122750267609,37.6070807501593,nan,nan,nan
265.22,172.50746154785156,-199.12315368652344,-41.25603103637695,172.52599289575963,-198.8804809705047,-41.25464711378062,0.24338318182848437,0.3602934368905389,0.05126165509985022,3.502244642994983e-05,15.724327855500947,37.3265137990641,nan,0.43367669485903076,nan
265.23,172.5071563720703,-199.13186645507812,-41.25790786743164,172.52524502057813,-198.88911369425253,-41.25652296935063,0.2434297024522334,0.3603420880277867,0.05128158024082455,3.572721907352225e-05,15.652907922156194,37.69376340410505,nan,nan,nan
265.24,172.50685119628906,-199.1405792236328,-41.25986099243164,172.52445151818986,-198.89774728953756,-41.26075992371337,0.24347058882933037,0.3603908256933184,0.05130156830729702,3.5027822384317846e-05,15.552461678569616,37.3837618046896,nan,3.6712776312406312,nan
265.25,172.5065460205078,-199.1492919921875,-41.261863708496094,172.5001261558678,-198.89441989882417,-41.26283878744905,0.2549547987710126,0.3603237528276441,0.05129704402856902,3.571096609290532e-05,15.949040680837287,37.792318018431395,6.100395112471037,nan,nan
265.26,172.50625610351562,-199.1580047607422,-41.26387023925781,172.49933566922707,-198.90302584235008,-41.26610890214217,0.2550826392498388,0.3603722807994838,0.05131703691315668,3.501232730384413e-05,15.996288743755994,38.203985125555796,nan,1.021729849028168,nan
265.27,172.50596618652344,-199.16671752929688,-41.26585388183594,172.49857768191058,-198.91163144887364,-41.26818081935247,0.25520366977046355,0.3604208964993941,0.05133709280251264,3.571696427692834e-05,15.93602250558815,38.01803613515465,nan,nan,nan
265.28000000000003,172.5056915283203,-199.17543029785156,-41.26781463623047,172.49780884776035,-198.92023689951753,-41.27098992186786,0.25533485787287213,0.36046959871147566,0.05135721184105961,3.501822238339756e-05,16.0034764042063,38.296028857061614,nan,0.4073357106626683,nan
265.29,172.5054168701172,-199.18414306640625,-41.269737243652344,172.49706208667843,-198.92884225279985,-41.273016505522854,0.2554585316500743,0.3605183889038944,0.051377394173313155,3.5723230949802194e-05,15.948239340529714,38.127695061823864,nan,nan,nan
265.3,172.50514221191406,-199.19285583496094,-41.27162551879883,172.49578295505322,-198.94260649675508,-41.277778554182376,0.2504998738640207,0.36045127915952574,0.051372795937299216,3.500322484958758e-05,16.043987686856138,38.71679776656251,3.3384007698101,5.074067159823126,nan
265.31,172.5048828125,-199.20156860351562,-41.273475646972656,172.4950394366723,-198.95123129945637,-41.27976518958456,0.25060968895397795,0.3604998593950297,0.051392982326317505,3.5707732692967234e-05,16.002193581635158,39.10097398434199,nan,nan,nan
265.32,172.50462341308594,-199.2102813720703,-41.275291442871094,172.49428673970138,-198.95985565766466,-41.28243423531352,0.250740712163213,0.3605485261204772,0.05141323208417286,3.5009573236298764e-05,16.284190189427196,39.0583885308683,nan,0.36337816842203435,nan
265.33,172.50436401367188,-199.21897888183594,-41.27707290649414,172.49355402114435,-198.96847996960963,-41.284357911298066,0.2508378604995679,0.3605972806635736,0.051433545355507,3.5714459238249436e-05,16.244104496006848,39.53790350061365,nan,nan,nan
265.34000000000003,172.50411987304688,-199.22769165039062,-41.27881622314453,172.49285487891675,-198.97710470561532,-41.284812446590486,0.25091168103575506,0.36064612201837243,0.05145392228456647,3.501614287840324e-05,15.717829787154422,38.67839448338427,nan,1.4518836039405263,nan
265.35,172.50387573242188,-199.2364044189453,-41.2805290222168,172.49679845917052,-198.9854478112982,-41.286508177216156,0.25112757119226686,0.36057897631129604,0.0514492464491838,3.569940129055873e-05,15.89550748545011,38.05182735895405,1.5434723944552102,nan,nan
265.36,172.50364685058594,-199.2451171875,-41.282203674316406,172.4960909035655,-198.99406757808586,-41.2883129968659,0.25123758187098766,0.36062760804131055,0.05146962665613314,3.641808940018144e-05,15.852176600691115,38.52818263777797,nan,nan,nan
265.37,172.50340270996094,-199.2538299560547,-41.28384780883789,172.49538816835982,-199.00268720521203,-41.29008510863943,0.25134800195487733,0.36067632690449936,0.05149007059243328,3.715122720194045e-05,15.808860776993532,37.53956835643382,nan,nan,nan
265.38,172.503173828125,-199.26254272460938,-41.285457611083984,172.49470926198956,-199.01130749676207,-41.2908101290854,0.2514347590137512,0.3607251325080386,0.05151057840199922,3.636752439268126e-05,15.483653731778444,37.679779480544596,nan,0.6728307582556179,nan
265.39,172.50296020507812,-199.27125549316406,-41.28703308105469,172.49401593371869,-199.01992735365056,-41.29250882411082,0.2515468494405909,0.36077402607081255,0.05153115023051986,3.709933146734693e-05,15.438077774002286,38.14745947300562,nan,nan,nan
265.4,172.5027313232422,-199.27996826171875,-41.28858184814453,172.4864650241987,-199.02729762052073,-41.29107361835552,0.25320595239207205,0.3607068429223781,0.051526393143521594,3.629581687265838e-05,14.624274740138345,36.75505476843683,2.1072186880992705,5.546651846255849,nan
265.41,172.5025177001953,-199.28868103027344,-41.290096282958984,172.48576746502314,-199.03591818873366,-41.29267905147718,0.25333040704740517,0.36075552607187844,0.05154696745319145,3.7025446260817517e-05,14.568326147136668,37.21825146011126,nan,nan,nan
265.42,172.50230407714844,-199.29739379882812,-41.29158020019531,172.48508796691283,-199.04453928699849,-41.293481508141745,0.2534470626702092,0.360804295932128,0.05156760584779739,3.6248413098251985e-05,14.423311586075657,36.891089330556724,nan,0.3934232389918724,nan
265.43,172.50210571289062,-199.3061065673828,-41.29303741455078,172.48439908652693,-199.053159713049,-41.295021064529706,0.25357359997008116,0.3608531535941229,0.05158830847409516,3.697686352733419e-05,14.365237486737348,37.206358484834965,nan,nan,nan
265.44,172.50189208984375,-199.3148193359375,-41.294464111328125,172.4837069004903,-199.06177970058448,-41.29696035043009,0.2537045316525985,0.36090209828532976,0.0516090754740283,3.620256549559191e-05,14.367261377725688,36.43782614761346,nan,0.12069342098709353,nan
265.45,172.50169372558594,-199.32351684570312,-41.295860290527344,172.478144383847,-199.07220612791082,-41.29851420152378,0.2524256160083586,0.360834878345672,0.051604233478457044,3.690650882011147e-05,13.94744426012127,38.02667647410078,1.6138188456569156,nan,nan
265.46,172.5015106201172,-199.3322296142578,-41.2972297668457,172.47744431996037,-199.08083591957498,-41.30060794959099,0.2525656125607438,0.3608836124200244,0.05162500214545945,3.613585279528446e-05,14.008403657209998,37.69878834186775,nan,0.26408271166745945,nan
265.47,172.50131225585938,-199.3409423828125,-41.2985725402832,172.47675865867325,-199.0894664626673,-41.302049555366075,0.252695680971279,0.36093243414410914,0.051645835253267866,3.686123571008542e-05,13.957596542191721,36.79126567946651,nan,nan,nan
265.48,172.50112915039062,-199.3496551513672,-41.299888610839844,172.4761070395624,-199.09809931155237,-41.30160173104223,0.2528030485497817,0.3609813428584328,0.05166673294249995,3.609317738757181e-05,13.647767833928988,36.933163087801056,nan,2.302698719548051,nan
265.49,172.50094604492188,-199.35836791992188,-41.301177978515625,172.47542942425554,-199.10672995511604,-41.3029734829053,0.2529347486959177,0.36103033948485574,0.0516876953618819,3.681758380323621e-05,13.591308063194393,36.726200124554644,nan,nan,nan
265.5,172.50076293945312,-199.36708068847656,-41.30244445800781,172.4786088481318,-199.11791533606373,-41.30509712392977,0.2501623737530822,0.36096308151654694,0.05168276479050137,3.602980504477053e-05,13.54117797302992,36.417473996401235,0.28853788892236043,0.4323724201617202,nan
265.51,172.50057983398438,-199.37579345703125,-41.30368423461914,172.4779432890168,-199.12655228632818,-41.306426820941105,0.2502820331570786,0.36101186726306966,0.0517037280467191,3.6752392566014855e-05,13.488664946666052,36.252592594133155,nan,nan,nan
265.52,172.5004119873047,-199.38450622558594,-41.30489730834961,172.47729991814896,-199.1351911522742,-41.306480315421354,0.25038905613562884,0.36106073995489874,0.05172475608837129,3.5990269480153035e-05,13.29153596009695,36.613800496511665,nan,1.0460718397262598,nan
265.53000000000003,172.500244140625,-199.39321899414062,-41.306087493896484,172.47664130493547,-199.14382850913566,-41.30775026687724,0.2505104242892592,0.36110970041450924,0.05174584906567286,3.671201195644576e-05,13.235526598239181,36.35116242947135,nan,nan,nan
265.54,172.5000762939453,-199.4019317626953,-41.3072509765625,172.47598531732112,-199.1524657212334,-41.309057779203336,0.25063308946180307,0.3611587481312277,0.051767007117029355,3.595226741148805e-05,13.18974106531834,36.231317714184506,nan,0.0024365002192350926,nan
265.55,172.49990844726562,-199.41064453125,-41.30839538574219,172.49039358409826,-199.1558358496416,-41.31030028461115,0.25499338321574244,0.36109145248076857,0.051761984307597,3.665023395629025e-05,14.358527740743982,35.23194921332014,12.276741128668418,nan,nan
265.56,172.499755859375,-199.4193572998047,-41.30951690673828,172.48973638742868,-199.16443765033614,-41.31481516246385,0.25517148942815654,0.36114028910241386,0.051783142348324394,3.5893737999874757e-05,14.980372496531796,36.3432244574663,nan,7.352612263921578,nan
265.57,172.49960327148438,-199.4280548095703,-41.310611724853516,172.4891288722648,-199.17304468685575,-41.316030256040214,0.25528265943093353,0.36118921335202303,0.0518043655265334,3.661306335106997e-05,14.937607530951148,37.06402772675894,nan,nan,nan
265.58,172.49945068359375,-199.436767578125,-41.31169128417969,172.48853753285607,-199.18165333666687,-41.31626102174257,0.25538844052770737,0.36123822480588824,0.051825653979062816,3.585880215342216e-05,14.657534922534396,35.66358634031061,nan,0.623514440838312,nan
265.59000000000003,172.49929809570312,-199.4454803466797,-41.312744140625,172.48793607162796,-199.1902604147613,-41.31742489877109,0.25551559392008627,0.3612873241562752,0.051847007858463474,3.6577454779816344e-05,14.614030740783758,35.63390714953834,nan,nan,nan
265.6,172.4991455078125,-199.45419311523438,-41.313777923583984,172.45028554892622,-199.17101859911597,-41.31678511660639,0.28737457328569865,0.361219989816672,0.05184188913552853,3.580344361151195e-05,15.903949513232273,36.43855605282573,30.343725534141,2.29022079670585,nan
265.61,172.49900817871094,-199.46290588378906,-41.314788818359375,172.44964583836065,-199.17955168159997,-41.31789184842582,0.28763844203907296,0.36126887781068445,0.05186324214148344,3.65205818971548e-05,15.855273320073286,36.96226087165993,nan,nan,nan
265.62,172.49887084960938,-199.47161865234375,-41.3157844543457,172.4489943409728,-199.18808278257177,-41.32016217822527,0.2879225938121106,0.3613178529510805,0.051884660618337186,3.577149530278212e-05,16.067946309547338,36.88650030592614,nan,0.9454750905936933,nan
265.63,172.49871826171875,-199.48033142089844,-41.31675720214844,172.4483606419692,-199.1966162251353,-41.3212418867055,0.28818451479795226,0.3613669158544819,0.0519061447202203,3.6488072119671855e-05,16.0249212734078,36.183509068241975,nan,nan,nan
265.64,172.49859619140625,-199.48904418945312,-41.31770706176758,172.44772867455228,-199.20514978394772,-41.32236489607263,0.2884531732683326,0.36141606621053696,0.051927694581614725,3.5740997633212315e-05,16.021266304900347,37.45578809845034,nan,0.002600218305248973,nan
265.65,172.4984588623047,-199.4977569580078,-41.318641662597656,172.40449989199217,-199.20131043484898,-41.323339782923505,0.31101591845072113,0.361348693292334,0.05192247628602637,3.643438176886768e-05,15.666998195691558,38.37115859497745,16.50157112408566,nan,nan
265.66,172.49832153320312,-199.5064697265625,-41.319557189941406,172.4038130482322,-199.2098321145123,-41.323248342206064,0.31135084907446336,0.36139763206664594,0.051944024394568654,3.5690163726254416e-05,15.384855180553561,37.96272636653962,nan,0.8448126428731528,nan
265.67,172.49819946289062,-199.5151824951172,-41.320457458496094,172.4031156639581,-199.21835167603476,-41.324244162629924,0.31171108915915446,0.3614466584740547,0.05196563832261378,3.640487042790651e-05,15.338612588513778,38.40024720087413,nan,nan,nan
265.68,172.49807739257812,-199.52389526367188,-41.32133483886719,172.40907364224822,-199.2222994886243,-41.3258225637195,0.3144865955389734,0.3602873680340229,0.05141814408826469,3.5661915680497365e-05,22.53776741349262,45.60521468383766,nan,0.2405337767306921,0.036701643821109985
265.69,172.49795532226562,-199.53260803222656,-41.32219696044922,172.40838586143505,-199.23080739828634,-41.326790789161635,0.3148450638368595,0.36033490915966454,0.05143697825128725,3.637619048467334e-05,22.469655245121466,45.378643416873444,nan,nan,nan
265.7,172.49783325195312,-199.54132080078125,-41.32304382324219,172.41122880497306,-199.24123586165706,-41.328408098202274,0.3123780984187888,0.3602659261462764,0.0514325996575627,3.561401712724133e-05,22.553883715923195,45.28172537042815,0.1579603280755631,0.3047671759685759,nan
265.71,172.49771118164062,-199.55003356933594,-41.32387161254883,172.4105505856273,-199.24974868032768,-41.32935069333903,0.3127267247780426,0.3603132617924493,0.05145144088455863,3.63270309164028e-05,22.489458972911983,45.16831240722111,nan,nan,nan
265.72,172.4976043701172,-199.55874633789062,-41.324684143066406,172.4099253944211,-199.2582406981425,-41.32877340089398,0.313062237149635,0.36036068212950184,0.05147034062337275,3.55891454350817e-05,22.049564547503184,45.28572886485144,nan,1.5440330697911089,nan
265.73,172.4974822998047,-199.5674591064453,-41.325477600097656,172.40925188481262,-199.26675360416368,-41.32966992644543,0.31341024366208337,0.3604081906185252,0.05148929958099428,3.630183363871685e-05,21.98175645286299,44.51730788096618,nan,nan,nan
265.74,172.49737548828125,-199.576171875,-41.326255798339844,172.4085843110743,-199.27526507855407,-41.33043858343906,0.3137614842333828,0.3604557841691977,0.05150831735077147,3.556560151574039e-05,21.906896777589612,45.0205400873406,nan,0.008690244790223465,nan
265.75,172.4972686767578,-199.5848846435547,-41.327022552490234,172.40450731245613,-199.28256374000037,-41.33123344420646,0.3162599105831368,0.36038680655736705,0.05150389047612459,3.6255553407545576e-05,21.858856451524233,44.948325754421475,0.3252535032854952,nan,nan
265.76,172.49716186523438,-199.59359741210938,-41.3277702331543,172.40386782967337,-199.2910614487238,-41.331050003870025,0.31661102809099617,0.36043419455482234,0.051522914769699675,3.552180205439707e-05,21.590728508836264,44.69817686630094,nan,0.7318700776083494,nan
265.77,172.49705505371094,-199.60231018066406,-41.3285026550293,172.40319758373184,-199.2995731102071,-41.33187583422443,0.31697056146845665,0.3604816704573672,0.05154199851865444,3.6233070951841824e-05,21.520397252526262,44.55259970099866,nan,nan,nan
265.78000000000003,172.4969482421875,-199.61102294921875,-41.3292236328125,172.4025309536241,-199.30808447023605,-41.33264405811348,0.3173295538352076,0.3605292314917736,0.05156114136475484,3.5500838629553485e-05,21.45468960849113,44.3245852456158,nan,0.0013257664076731042,nan
265.79,172.49685668945312,-199.61973571777344,-41.329925537109375,172.4018650298462,-199.31659649951783,-41.33344242138039,0.31769351506519117,0.3605768806442368,0.05158034394452486,3.6211897676975955e-05,21.384964795304846,44.9970387930973,nan,nan,nan
265.8,172.4967498779297,-199.62844848632812,-41.33061599731445,172.41957389044398,-199.33275545986217,-41.33585611948954,0.30564351428649517,0.36050790499620383,0.051575864959872486,3.5459640885321816e-05,21.62965500370625,43.766363997598,2.9580214863311864,1.8301277427051392,nan
265.81,172.4966583251953,-199.6371612548828,-41.331295013427734,172.41894064478404,-199.34128249526646,-41.336644624565515,0.3059622469847347,0.3605553483581808,0.05159507347629707,3.616964347136105e-05,21.5652893679269,44.23240447237569,nan,nan,nan
265.82,172.49656677246094,-199.64588928222656,-41.33195877075195,172.41830406731188,-199.34981187721385,-41.33760067870641,0.3062984033612895,0.3606028769104751,0.05161434136966507,3.544113222347753e-05,21.593689947967277,43.52110503982077,nan,0.022298827615105387,nan
265.83,172.49647521972656,-199.65460205078125,-41.33260726928711,172.41767473836714,-199.3583390810725,-41.33836624318508,0.3066177243139762,0.3606504933502124,0.051633669231325535,3.615099958939862e-05,21.53243715776227,44.14749625454901,nan,nan,nan
265.84000000000003,172.4963836669922,-199.66331481933594,-41.33324432373047,172.4171052598844,-199.36684179112154,-41.33710695564753,0.3069140632448859,0.36069819533724157,0.05165305676888141,3.5423805784693835e-05,20.95600615188983,43.44928016703501,nan,2.791158099520358,nan
265.85,172.4962921142578,-199.67202758789062,-41.33386993408203,172.41875283729328,-199.37798919913664,-41.33771110626893,0.304114564164549,0.36062922397481795,0.05164852281371892,3.611128403429715e-05,20.629750090863542,43.219871320556805,1.1144014583811124,nan,nan
265.86,172.49620056152344,-199.6807403564453,-41.33448028564453,172.41819704984405,-199.38649634226434,-41.3359980467873,0.3044115492463063,0.3606767200753633,0.05166791570498343,3.538622502174969e-05,20.206592802864186,42.80361108372097,nan,4.04712304536013,nan
265.87,172.49612426757812,-199.689453125,-41.3350830078125,172.41757512919833,-199.39503213216082,-41.3366706743574,0.30472316756307555,0.3607243038429694,0.05168736879666022,3.609503353623281e-05,20.131184276423404,43.210367498149466,nan,nan,nan
265.88,172.49603271484375,-199.6981658935547,-41.335670471191406,172.4169499902084,-199.4035700209588,-41.3375106017841,0.3050314599625497,0.36077197319974996,0.051706881838259326,3.537116899745587e-05,20.078119662448195,42.51959901772689,nan,0.021973270333676846,nan
265.89,172.4960174560547,-199.70687866210938,-41.33634948730469,172.41636150359255,-199.4121059781712,-41.33821525459447,0.30535141566126295,0.3608197304498819,0.05172645535995625,3.607993353666485e-05,19.997563982745323,43.12368181688056,nan,nan,nan
265.9,172.4960174560547,-199.71559143066406,-41.337120056152344,172.43056092120614,-199.42681677645552,-41.341284125488464,0.2961295296674688,0.360750760609281,0.051721862660131346,3.533585542956641e-05,20.236055905238686,42.226184492596126,1.916534036290086,3.61319233493339,nan
265.91,172.4960479736328,-199.72430419921875,-41.337982177734375,172.43006480653926,-199.43536503883263,-41.34219576253147,0.2964074409342219,0.3607983117412317,0.05174144090992453,3.6043725327248255e-05,20.158262784309393,42.796134106989705,nan,nan,nan
265.92,172.49607849121094,-199.7330322265625,-41.338932037353516,172.4296076789233,-199.44390162666124,-41.34212288900418,0.29669016535721987,0.3608459484934942,0.05176107937849321,3.532293736503872e-05,19.877373337400137,41.53712563696899,nan,0.8013507213208353,nan
265.93,172.49610900878906,-199.7417449951172,-41.33997344970703,172.42912800071753,-199.45245013909852,-41.34320443622085,0.2969653320423031,0.3608936729335302,0.05178077855735238,3.603082248287484e-05,19.800570007809185,41.982621737539915,nan,nan,nan
265.94,172.49615478515625,-199.75045776367188,-41.34109878540039,172.4287198819429,-199.46096915082992,-41.34161086315451,0.29723960933929555,0.36094148333826637,0.05180053825251952,3.531104598707246e-05,19.43953547088169,42.35169731466901,nan,5.297574242760578,nan
265.95,172.49618530273438,-199.75917053222656,-41.34231185913086,172.42105491586895,-199.46739711171531,-41.34287930916243,0.30129159621025,0.36087251663737685,0.05179588379261205,3.599679980220861e-05,19.332370919207733,41.9442535685483,0.5588450290064326,nan,nan
265.96,172.4962158203125,-199.76788330078125,-41.34360885620117,172.42055825137678,-199.47594645605787,-41.344496930513124,0.30158245592257327,0.3609201208072393,0.051815647591364596,3.527884721494598e-05,19.268501182651825,41.95010599388018,nan,0.062372660148545846,nan
265.97,172.4962615966797,-199.77659606933594,-41.34498977661133,172.42006853981275,-199.48449281332745,-41.345903578428654,0.3018783349617039,0.36096781246845827,0.05183547232808128,3.598595559849359e-05,19.19149046673142,42.614018357351696,nan,nan,nan
265.98,172.4962921142578,-199.78530883789062,-41.346458435058594,172.41957285274307,-199.4930416570018,-41.34762146534832,0.30217098264313286,0.3610155901105611,0.05185535784423586,3.526890508442299e-05,19.129773685944084,41.79482022159546,nan,0.0356806347357277,nan
265.99,172.49632263183594,-199.79403686523438,-41.34800338745117,172.41908198262925,-199.50158838019155,-41.349198772619374,0.3024791947215785,0.36106345548234176,0.051875304579443775,3.5976098539036024e-05,19.05669304505637,41.22585208509379,nan,nan,nan
266.0,172.49635314941406,-199.80274963378906,-41.349632263183594,172.41667792618514,-199.5114145036725,-41.350335749577226,0.3020344254049716,0.3609944897042801,0.05187058463291005,3.523863658889349e-05,18.71096880548809,41.95242877390126,0.6956790098386523,0.1525023518265743,nan
266.01,172.49639892578125,-199.81146240234375,-41.351341247558594,172.41617946834006,-199.51996754379036,-41.35207233043976,0.3023325129677585,0.36104214861395834,0.05189053480874684,3.594506012800817e-05,18.634769441782964,42.62175857954094,nan,nan,nan
266.02,172.49642944335938,-199.82017517089844,-41.35313034057617,172.41569742957049,-199.52851328211767,-41.353126691995485,0.30262900626160305,0.3610898935111077,0.051910546022047935,3.52305122608343e-05,18.543901499270795,41.87682814917739,nan,0.40601699720176,nan
266.03000000000003,172.4964599609375,-199.82888793945312,-41.35499954223633,172.41519796470226,-199.53706632652697,-41.35501718456892,0.30292468719833954,0.36113772595463706,0.05193061868010034,3.593706678303066e-05,18.468162204418743,41.80621614079967,nan,nan,nan
266.04,172.49649047851562,-199.8376007080078,-41.3569450378418,172.41468942050983,-199.54562271342036,-41.3573805691211,0.3032206327110255,0.36118564471883036,0.05195075267175793,3.522325899794961e-05,18.398078348447758,41.807926707703125,nan,0.10795122706236482,nan
266.05,172.49652099609375,-199.8463134765625,-41.35893630981445,172.40187538324358,-199.5486502959624,-41.35932241721692,0.3123480593755573,0.3611166809046983,0.05194596409234789,3.590786766812793e-05,18.510583208485443,42.3638378955653,1.7929735145015764,nan,nan
266.06,172.49655151367188,-199.8550262451172,-41.36093521118164,172.40137929400385,-199.55718101293215,-41.3602414177288,0.31268197114841,0.3611643930711112,0.051966100859861156,3.5195611261005114e-05,18.445397076745216,42.18014557013248,nan,0.9115338360551302,nan
266.07,172.49658203125,-199.86373901367188,-41.362911224365234,172.40085894658952,-199.5657219492756,-41.36228552419859,0.3130135318304783,0.3612121926085938,0.05198629929524859,3.590160386672492e-05,18.368215047112876,42.30174662635554,nan,nan,nan
266.08,172.49659729003906,-199.87245178222656,-41.36486053466797,172.40033358320156,-199.57426473252494,-41.36452992029518,0.3133405929172274,0.3612600784601404,0.052006559316660025,3.518999273948392e-05,18.28702613624732,41.491828454786685,nan,0.03458573272261285,nan
266.09000000000003,172.4966278076172,-199.88116455078125,-41.36677932739258,172.3998121872508,-199.58280543891928,-41.366524106418794,0.31367417667977865,0.3613080519316766,0.05202688128839009,3.589616798673479e-05,18.21182217441823,42.02664877837512,nan,nan,nan
266.1,172.4966583251953,-199.88987731933594,-41.36865997314453,172.37035590161648,-199.57695864772293,-41.36857447396519,0.3374468914600412,0.36123908829799145,0.05202202039010866,3.516395187031618e-05,18.72486328027157,43.42120369166241,8.576982914542265,0.010887912905244433,nan
266.11,172.49668884277344,-199.8986053466797,-41.37050247192383,172.3697918067203,-199.58546733337533,-41.37050093648029,0.33787316131594386,0.36128685494774987,0.052042344438500684,3.5869450558169304e-05,18.6537583121332,42.73635125318979,nan,nan,nan
266.12,172.49671936035156,-199.90731811523438,-41.372310638427734,172.3691890019585,-199.59399260751275,-41.37441774148711,0.33829174684609914,0.36133470789658345,0.05206273032034233,3.5159843244599696e-05,18.707227765460026,43.45324523518203,nan,2.8702051061053395,nan
266.13,172.49673461914062,-199.91603088378906,-41.37408447265625,172.36862360195386,-199.60250110317193,-41.37629425311115,0.3387008107284561,0.36138264830142985,0.05208317837354679,3.586555935018178e-05,18.645247838244085,42.654480376116354,nan,nan,nan
266.14,172.49676513671875,-199.92474365234375,-41.375823974609375,172.36802568538565,-199.61102363083523,-41.3798851440966,0.33913211484973843,0.36143067532882056,0.052103688555027096,3.5156457188351434e-05,18.90581290476255,43.646517814827455,nan,2.1395512355017203,nan
266.15,172.49679565429688,-199.93345642089844,-41.377525329589844,172.3572278862028,-199.61560945553896,-41.381652646909444,0.34716406788037546,0.36136171245267806,0.05209875208410994,3.584035566291898e-05,18.91339410470056,44.234886807934146,1.0481622760705367,nan,nan
266.16,172.49681091308594,-199.94216918945312,-41.37919616699219,172.35662502364255,-199.62411932635604,-41.384538806587756,0.34761522235505987,0.3614095325053971,0.052119263638596175,3.5132571414580287e-05,19.179455085487923,43.63618670983106,nan,0.840183816604924,nan
266.17,172.49684143066406,-199.9508819580078,-41.38083267211914,172.3560409995452,-199.63262049680415,-41.38630812108768,0.3480590461863537,0.3614574398569352,0.05213983758282906,3.583788409002168e-05,19.131941552146454,44.33502345790611,nan,nan,nan
266.18,172.49685668945312,-199.9595947265625,-41.3824348449707,172.35548654109758,-199.641108516488,-41.38627597622914,0.3484734410870227,0.36150543380464834,0.05216047389732283,3.5130524879386825e-05,18.644721526090766,43.197315397792565,nan,2.1943021742136772,nan
266.19,172.49688720703125,-199.9683074951172,-41.38400650024414,172.3549016498425,-199.6496097331353,-41.387964424576076,0.34891808079760583,0.3615535153092201,0.052181172885271125,3.583609156122547e-05,18.590717146948183,43.81357543361157,nan,nan,nan
266.2,172.4969024658203,-199.9770050048828,-41.38554763793945,172.34821641769383,-199.6469898440792,-41.3896609260776,0.36198683181437774,0.3614845517416591,0.052176157189955004,3.510794706888043e-05,19.833007284264234,44.01851744545741,9.53013715409822,0.01404722051256846,nan
266.21,172.49693298339844,-199.9857177734375,-41.387054443359375,172.34763490572112,-199.65545351413675,-41.39128801506242,0.36246699173714836,0.3615324260495136,0.052196856816577014,3.581290469056665e-05,19.78160008193074,44.13440186191799,nan,nan,nan
266.22,172.4969482421875,-199.9944305419922,-41.38853454589844,172.34703998877433,-199.66392286862086,-41.39370772278116,0.36295257039698353,0.36158038691998784,0.052217619050591045,3.5107125573395846e-05,19.974422730421175,43.51122183682504,nan,0.47402415596720265,nan
266.23,172.49697875976562,-200.00314331054688,-41.389984130859375,172.3464575771953,-199.67238650028713,-41.39528500365213,0.3634347165419545,0.36162843519967147,0.052238444174223374,3.5812362884124614e-05,19.927181500029167,44.211873826250404,nan,nan,nan
266.24,172.4969940185547,-200.01185607910156,-41.39140701293945,172.3459002290253,-199.68083881135442,-41.39514204539067,0.3638897020369623,0.36167657035719386,0.05225933219887224,3.510689018990021e-05,19.471291366846817,42.98683580055078,nan,2.0089487299354127,nan
266.25,172.49700927734375,-200.02056884765625,-41.392799377441406,172.34114112215875,-199.6856622165317,-41.39657943315501,0.36942065750735015,0.3616076063091229,0.05225423393995244,3.5790393985783364e-05,19.743806102863562,43.269834005509594,0.8131163588167125,nan,nan
266.26,172.49703979492188,-200.02928161621094,-41.394161224365234,172.34056869011562,-199.69410891611173,-41.39702641298803,0.36990830598531865,0.3616555341015723,0.052275121862173354,3.508604362686105e-05,19.509793189256012,43.8410397637307,nan,0.7438269956455695,nan
266.27,172.49705505371094,-200.03799438476562,-41.39550018310547,172.3399806684087,-199.70256226057745,-41.39846551536835,0.37039960266027677,0.36170354916118647,0.052296072887412254,3.5790990056865004e-05,19.45368895083342,42.96851660181584,nan,nan,nan
266.28000000000003,172.4970703125,-200.0467071533203,-41.396812438964844,172.33936293984655,-199.7110286939177,-41.40195380600971,0.3709151886230155,0.3617516510554671,0.05231708704556051,3.508688011551192e-05,19.89372679115895,43.43567183260226,nan,3.025204927405201,nan
266.29,172.49708557128906,-200.055419921875,-41.398094177246094,172.33877357490206,-199.71948221986813,-41.4033623421246,0.3714089139895315,0.36179984048261804,0.05233816459157534,3.579213066943626e-05,19.84825202248815,43.54497863524728,nan,nan,nan
266.3,172.4971160888672,-200.0641326904297,-41.39935302734375,172.35043634113597,-199.7278680583558,-41.40410485451445,0.36689430499769576,0.3617308747555474,0.052332980146295185,3.506707398865683e-05,20.306361772799875,43.40909503428476,3.8575062673832465,0.2266870705349637,nan
266.31,172.49713134765625,-200.07284545898438,-41.40058898925781,172.34987343196016,-199.7363115347125,-41.40545698877995,0.36737402376913214,0.36177885659628267,0.052354056821511015,3.577176222479738e-05,20.258228918949673,42.59598587904383,nan,nan,nan
266.32,172.4971466064453,-200.08155822753906,-41.401798248291016,172.34931364267052,-199.74475346853555,-41.406505192268696,0.36785076619121204,0.3618269252224763,0.0523751968568328,3.506888047676823e-05,20.161009957991062,42.58692114902875,nan,0.055172948055019704,nan
266.33,172.49716186523438,-200.09027099609375,-41.402984619140625,172.34874988386736,-199.753197131399,-41.40780739072951,0.3683315973404174,0.3618750812473227,0.0523964004910362,3.577389129433518e-05,20.11305377417394,42.50581260509545,nan,nan,nan
266.34000000000003,172.49717712402344,-200.09898376464844,-41.404144287109375,172.34819457628393,-199.76163691454693,-41.408372961661286,0.36880425498200525,0.36192332436600927,0.052417667777905026,3.507115164965369e-05,19.906567056824557,42.40841768912236,nan,0.3582557351679063,nan
266.35,172.4971923828125,-200.10769653320312,-41.4052848815918,172.33191615388805,-199.7605757019867,-41.409554273683284,0.38448319991996355,0.3618543568876648,0.05241239374211581,3.575448007238586e-05,20.417053335507685,43.11544523238014,3.6081966937143277,nan,nan
266.36,172.49720764160156,-200.1164093017578,-41.40639877319336,172.3313311384837,-199.76899662342998,-41.410780841095985,0.3850062153636311,0.36190239243478783,0.05243365942114916,3.6473242227097695e-05,20.36829488562122,43.20997053020751,nan,nan,nan
266.37,172.49722290039062,-200.1251220703125,-41.407493591308594,172.33074581632468,-199.7774178121108,-41.411985992231756,0.385529573906789,0.3619505150540521,0.05245498886739309,3.720645354435522e-05,20.318930170309418,43.07990958891838,nan,nan,nan
266.38,172.4972381591797,-200.1338348388672,-41.408565521240234,172.33016824933247,-199.7858354927113,-41.41244308635287,0.3860452502136043,0.3619987246950111,0.05247638218541418,3.641844190319382e-05,20.124196619093592,42.942206919258425,nan,0.3441864880044214,nan
266.39,172.49725341796875,-200.14254760742188,-41.40961456298828,172.32958203508642,-199.7942570636078,-41.41359951829372,0.38656936688874227,0.362047021891861,0.052497839599356375,3.715027575242022e-05,20.07377990846444,42.96476644404402,nan,nan,nan
266.4,172.4972686767578,-200.15126037597656,-41.41064453125,172.3126822492743,-199.7981408999281,-41.41537569214181,0.39848199138638585,0.3619780516313335,0.05249247237256083,3.6342754977531696e-05,20.06807258711693,44.03263467545499,4.795156846375797,0.10646931945440141,nan
266.41,172.49728393554688,-200.15997314453125,-41.411651611328125,172.31206642340928,-199.80655832035345,-41.41650093448868,0.39903769331503625,0.36202614083781415,0.052513927337316545,3.7072369696208204e-05,20.02178514225355,44.06273942961425,nan,nan,nan
266.42,172.49729919433594,-200.16868591308594,-41.41263961791992,172.31145957690012,-199.81497165779896,-41.41670527960988,0.399583117019334,0.3620743170067043,0.05253544639206388,3.629161667228498e-05,19.778384956969855,43.79774381398919,nan,0.5330469518571342,nan
266.43,172.497314453125,-200.17739868164062,-41.41360855102539,172.3108433332208,-199.8233892725029,-41.41778323298015,0.40013943605422087,0.36212258060514574,0.0525570297477522,3.7020015850382565e-05,19.72933796496533,43.7022879246344,nan,nan,nan
266.44,172.49732971191406,-200.1861114501953,-41.41455841064453,172.31022919079325,-199.83180590803082,-41.41861737824529,0.40069377014141483,0.3621709314700704,0.05257867748530915,3.624226649269265e-05,19.648985302920618,43.614333322871,nan,0.03330579881896043,nan
266.45,172.49734497070312,-200.19482421875,-41.415489196777344,172.30203528028935,-199.84184852350475,-41.419627739255766,0.40342885883044954,0.3621019581674652,0.052573213622737876,3.6946131800548165e-05,19.06705770693011,44.0183573689818,2.4596414581783494,nan,nan
266.46,172.4973602294922,-200.2035369873047,-41.41640090942383,172.30138827613126,-199.85028264956426,-41.42182159429687,0.40400868488315284,0.362150100848774,0.05259485809980177,3.617227923065232e-05,19.35178291707331,44.32660989695934,nan,0.9090648499406385,nan
266.47,172.49737548828125,-200.21224975585938,-41.41729736328125,172.30075186921596,-199.85871189174205,-41.42283625270546,0.40457452741742045,0.362198330837314,0.052616567079937275,3.68975511165135e-05,19.3070519594211,44.1948908998167,nan,nan,nan
266.48,172.4973907470703,-200.22096252441406,-41.41817092895508,172.30012871848905,-199.86713505331588,-41.422297664580945,0.40512123761987384,0.3622466480258362,0.05263834065522824,3.6126534480341976e-05,18.88327259162953,43.93156596120292,nan,1.5617598798170345,nan
266.49,172.4973907470703,-200.22967529296875,-41.419029235839844,172.29949154692267,-199.8755645321385,-41.42326317470072,0.40568023194769526,0.36229505279763247,0.05266017902009663,3.6850805886817634e-05,18.83552653611396,43.07502624003109,nan,nan,nan
266.5,172.49740600585938,-200.23838806152344,-41.41987228393555,172.30150081571404,-199.8858150874383,-41.42691513635321,0.40340568581925756,0.3622260755384095,0.05265461494225304,3.6060302685827754e-05,19.595429253828097,44.586986633469216,0.6208347065592794,4.466280876872712,nan
266.51,172.49742126464844,-200.2471160888672,-41.42069625854492,172.3008659618074,-199.8942494701062,-41.42787650262589,0.4039806847063518,0.3622742719021913,0.052676449213296686,3.678273499793986e-05,19.560263348451947,43.97384639870367,nan,nan,nan
266.52,172.4974365234375,-200.25582885742188,-41.421504974365234,172.30026009219725,-199.90267057468702,-41.425186185023506,0.40449087630351127,0.3623225553950395,0.052698348288345714,3.6018089580231037e-05,18.471808878127163,43.48237089180179,nan,8.805584617235828,nan
266.53000000000003,172.49745178222656,-200.26454162597656,-41.422298431396484,172.29962481495613,-199.9111050216189,-41.42608080119671,0.40505215540790585,0.3623709263542696,0.05272031235248834,3.6739659748128425e-05,18.422158351352067,43.40499522160692,nan,nan,nan
266.54,172.49745178222656,-200.27325439453125,-41.423072814941406,172.29898391179773,-199.91954186393582,-41.427666917470695,0.40561454075369047,0.3624193847417912,0.05274234151165935,3.5977590819822446e-05,18.55748475053736,42.89381000168348,nan,0.3331677198309901,nan
266.55,172.49746704101562,-200.28196716308594,-41.42383575439453,172.26242925102633,-199.91433449868435,-41.42853370912313,0.43636980811771275,0.36235040309692534,0.05273667374208575,3.667538273459706e-05,18.664858804081053,45.576012913311764,10.97973260249711,nan,nan
266.56,172.4974822998047,-200.29067993164062,-41.42457962036133,172.2617400922256,-199.92274322677423,-41.428691753687566,0.43699967604414885,0.36239865287195117,0.0527586979630786,3.5916748685518156e-05,18.471925659969106,45.47266369936272,nan,0.32751866228542814,nan
266.57,172.4974822998047,-200.2993927001953,-41.42531204223633,172.26104580840848,-199.93115422390392,-41.42952803261753,0.4376294830790663,0.36244698999937724,0.05278078736964673,3.663587659889792e-05,18.425239615097503,44.533513403665665,nan,nan,nan
266.58,172.49749755859375,-200.30810546875,-41.426029205322266,172.26035403507677,-199.93956390688405,-41.42993856677071,0.43826386649549137,0.36249541447860373,0.0528029420754484,3.587965141772593e-05,18.304483241489354,45.203093471832844,nan,0.11391084216737114,nan
266.59000000000003,172.4975128173828,-200.3168182373047,-41.42673110961914,172.25965916282337,-199.9479747098875,-41.43074332272639,0.43890318586091703,0.3625439265905966,0.05282516225410386,3.6598097863724825e-05,18.257057449971377,45.16366917634578,nan,nan,nan
266.6,172.4975128173828,-200.32553100585938,-41.42741775512695,172.27765257725318,-199.96584249170579,-41.432514634346965,0.42159261210517024,0.36247493973482664,0.05281938723661933,3.582229894945971e-05,18.175674421654133,43.68820752160315,3.5733480679735745,0.5873363506000082,nan
266.61,172.49752807617188,-200.33424377441406,-41.42809295654297,172.27698434031296,-199.9742739114811,-41.43330361051242,0.42219070638914585,0.36252324300798316,0.052841601613192124,3.653922486565035e-05,18.13237829919356,44.337180500149735,nan,nan,nan
266.62,172.49754333496094,-200.3429718017578,-41.42875289916992,172.27631434814595,-199.98270621599167,-41.434346023441236,0.4228059128414889,0.36257163355302324,0.052863881488959305,3.578849012269733e-05,18.204325602622266,43.82268162798181,nan,0.047682944731504744,nan
266.63,172.49754333496094,-200.3516845703125,-41.42940139770508,172.275645916759,-199.99113773986494,-41.43511302998026,0.4233970995338925,0.3626201116207772,0.05288622703124095,3.650485026230706e-05,18.163758293790217,43.56809529962231,nan,nan,nan
266.64,172.49755859375,-200.3603973388672,-41.43003463745117,172.27497896875295,-199.99956847391866,-41.435583547566075,0.42399286509012934,0.36266867725601526,0.05290863836306831,3.575627024941205e-05,18.070654123582596,44.30125628446637,nan,0.05465213977771943,nan
266.65,172.49757385253906,-200.36911010742188,-41.43065643310547,172.25360661122937,-200.0106605005039,-41.43638734543246,0.43363461449476,0.36259968463979336,0.05290275260540159,3.6449449021125663e-05,16.89706788308975,45.57903856526698,13.088691113978946,nan,nan
266.66,172.49757385253906,-200.37782287597656,-41.43126678466797,172.25288777891652,-200.0191164520687,-41.437405450394095,0.434257131656455,0.3626480412219345,0.05292515725929143,3.570385846354077e-05,16.99174830151897,44.81676511288,nan,0.05624813023595106,nan
266.67,172.49758911132812,-200.38653564453125,-41.431861877441406,172.25217051131145,-200.0275717404549,-41.4381271476027,0.43488461374722465,0.3626964852187503,0.05294762777020306,3.641834565907882e-05,16.954058587086884,45.638441151364624,nan,nan,nan
266.68,172.49769592285156,-200.39524841308594,-41.432552337646484,172.24670700214241,-200.03164047340601,-41.440838156691896,0.4418991139550687,0.35836236224286666,0.04928160261941615,3.567415699930562e-05,24.950758288689475,53.111624033361025,nan,2.5734612957694507,0.005227177068233593
266.69,172.49789428710938,-200.4039764404297,-41.43333435058594,172.2461390951896,-200.040091136332,-41.44171279302582,0.4425645596910761,0.35841327339381834,0.04929648234176825,3.638821336218795e-05,24.870751847184604,52.03053298386899,nan,nan,nan
266.7,172.49819946289062,-200.41268920898438,-41.4342041015625,172.25359053329728,-200.05364749257993,-41.44180652276958,0.43451384254550723,0.35834734633791,0.049292901935553725,3.562491954357103e-05,24.128224070757902,52.47879365821445,1.7985824702458924,0.5998059360952224,nan
266.71,172.4985809326172,-200.42140197753906,-41.43516540527344,172.25321935720567,-200.06211365566267,-41.44285525512273,0.4351431198075895,0.3583980371413311,0.04930780826821139,3.633771736567386e-05,24.04623320896842,52.21850102687806,nan,nan,nan
266.72,172.49899291992188,-200.43011474609375,-41.436214447021484,172.25288291958793,-200.07055654831774,-41.44343989300043,0.43578026219862287,0.35844881250210614,0.04932277019224939,3.559880543028906e-05,23.800225247977767,51.75871714682368,nan,0.20907545304370867,nan
266.73,172.49942016601562,-200.43882751464844,-41.437347412109375,172.25259233397665,-200.07902285728235,-41.44466135618598,0.4363907239038667,0.35849967710773817,0.04933779304074236,3.631128120220277e-05,23.722431066984658,51.90438772504231,nan,nan,nan
266.74,172.49984741210938,-200.44754028320312,-41.438568115234375,172.25225057287923,-200.08742655886348,-41.44445763041263,0.43705923585202733,0.35855062661813264,0.0493528718705124,3.5574122574630935e-05,23.14052514917498,51.14229849815154,nan,1.5633895246595706,nan
266.75,172.50027465820312,-200.45626831054688,-41.439876556396484,172.28445501073884,-200.10609634075792,-41.44576916554158,0.41137969261987867,0.3584846054044099,0.04934931370155446,3.626387955016229e-05,23.272676168321844,48.74322348013808,9.256277072829562,nan,nan
266.76,172.50070190429688,-200.46498107910156,-41.44126510620117,172.28424390741037,-200.1145981287081,-41.44781082365498,0.41190426407057695,0.3585353343712914,0.04936441876293002,3.5529293929901846e-05,23.4376863057626,50.02978291572209,nan,0.2277257210517791,nan
266.77,172.50111389160156,-200.47369384765625,-41.44274139404297,172.28400413990792,-200.12307650310075,-41.44936609176454,0.4124476369231959,0.35858615237248936,0.04937958481015211,3.62403608125254e-05,23.360023726359337,49.38812878057796,nan,nan,nan
266.78000000000003,172.50152587890625,-200.48240661621094,-41.444297790527344,172.28379693941238,-200.13159629448444,-41.45205852878255,0.4129576273435804,0.3586370553060765,0.049394807309999504,3.550738007443919e-05,23.762470985801865,50.216413679789255,nan,0.7611807180236602,nan
266.79,172.50192260742188,-200.49111938476562,-41.4459342956543,172.28354204181915,-200.14007415492787,-41.45379050009287,0.41350277480687875,0.35868804750424677,0.04941009098854487,3.62182435858422e-05,23.68821984237945,49.818813626334766,nan,nan,nan
266.8,172.50230407714844,-200.4998321533203,-41.44765090942383,172.31927628926275,-200.16048313123545,-41.45543158236323,0.3856390395170994,0.35862192801098025,0.04940654641340896,3.546532929765668e-05,23.763622757808665,47.63500350105502,11.231105293443202,0.008476847873489459,nan
266.81,172.50270080566406,-200.508544921875,-41.44944763183594,172.31906641970858,-200.1689778882326,-41.457323981066715,0.38612095892239484,0.3586726993481131,0.04942185570792761,3.617514366889916e-05,23.689000786295555,48.61880652120658,nan,nan,nan
266.82,172.50306701660156,-200.51727294921875,-41.451324462890625,172.31886178653934,-200.1774857266627,-41.45964788168267,0.38659565788433337,0.35872355564445335,0.04943722191248582,3.544603612137202e-05,23.850048290237762,46.95365337011514,nan,0.08498838811524685,nan
266.83,172.50343322753906,-200.52598571777344,-41.453277587890625,172.31863673241156,-200.18597993734974,-41.46170289221828,0.38707190686737747,0.35877450099436664,0.049452649367719245,3.615572311997416e-05,23.77775442416044,47.94236561402968,nan,nan,nan
266.84000000000003,172.50379943847656,-200.53469848632812,-41.45527648925781,172.3184066601153,-200.19447621825844,-41.463881641261175,0.3875509290402834,0.35882553165079123,0.04946813411148793,3.5428000531894224e-05,23.823340214050116,48.3410446689207,nan,0.0025366160634451938,nan
266.85,172.504150390625,-200.5434112548828,-41.457279205322266,172.3138368460292,-200.20265099634432,-41.466038220917966,0.3904017410438171,0.35875931818587564,0.04946460372008541,3.6115317388410125e-05,23.63015473938191,48.12325892813623,0.34209999507005334,nan,nan
266.86,172.50450134277344,-200.5521240234375,-41.459266662597656,172.3135458423882,-200.2111105879487,-41.4671531473339,0.39091733519088817,0.35881012778323756,0.04948011364011085,3.538979109039848e-05,23.18271335931244,47.898138279837774,nan,0.7226032185745436,nan
266.87,172.5048370361328,-200.5608367919922,-41.461219787597656,172.31328442300975,-200.219607259747,-41.46925865094839,0.39140084388580487,0.35886102622374977,0.04949568488904641,3.609843650977542e-05,23.135594519389592,47.622477837797014,nan,nan,nan
266.88,172.5051727294922,-200.56954956054688,-41.46314239501953,172.3129413366339,-200.22802831924767,-41.4692144990239,0.39195221278342346,0.35891200999524747,0.04951131386502456,3.537416165405619e-05,22.307738681876693,46.987050772944684,nan,3.1041339615548975,nan
266.89,172.5054931640625,-200.57826232910156,-41.465030670166016,172.31266630603255,-200.23652457409776,-41.471235208431374,0.392435200597281,0.35896308284128275,0.04952700437441807,3.6082772288995576e-05,22.253130489519084,46.47310969237615,nan,nan,nan
266.9,172.5058135986328,-200.58697509765625,-41.466880798339844,172.33246525260705,-200.25610258918354,-41.47301972974813,0.37358259115184356,0.35889677186409447,0.049523480386079795,3.5338344876407034e-05,21.597606325049142,45.75887764921185,6.823236195594893,0.0599443821818493,nan
266.91,172.50613403320312,-200.59568786621094,-41.46869659423828,172.33220893390038,-200.26462784939488,-41.47496933241748,0.3740187457146789,0.3589476233335821,0.049539195422347804,3.6046070351625384e-05,21.54284266628062,45.933949816122336,nan,nan,nan
266.92,172.50643920898438,-200.60440063476562,-41.47047424316406,172.33198538669131,-200.2731919799236,-41.47803097249762,0.37442010270969234,0.3589985601559046,0.04955496860995614,3.532497127946401e-05,21.988646078219652,46.019641934757516,nan,0.9116510162943042,nan
266.93,172.50674438476562,-200.6131134033203,-41.47221755981445,172.33171625845392,-200.28171691850346,-41.47992250020981,0.3748570944448637,0.359049585844701,0.0495708034203866,3.603272165363408e-05,21.940442500596134,46.20627519522085,nan,nan,nan
266.94,172.5070343017578,-200.621826171875,-41.47392654418945,172.33134485445325,-200.29014690464513,-41.47892658335897,0.37537037522429134,0.35910069723121907,0.04958669674871646,3.5312677440396995e-05,20.922386929369242,44.74452079333083,nan,5.646209189095452,nan
266.95,172.50732421875,-200.6305389404297,-41.47560119628906,172.3130869141614,-200.30391584250845,-41.48085058413554,0.3800504369978749,0.35903429245710244,0.049583178771374976,3.599831397550022e-05,19.254005179279226,45.78491294553336,20.368608794585416,nan,nan
266.96,172.50759887695312,-200.63925170898438,-41.47724151611328,172.3127826440007,-200.31249972678077,-41.483190071111366,0.38046761728473844,0.35908518226496994,0.049599096127016115,3.52801325162959e-05,19.412925381447412,45.48944954697587,nan,0.2284707462202096,nan
266.97,172.5078887939453,-200.64796447753906,-41.478851318359375,172.3124537307928,-200.32106507405285,-41.484929716990926,0.38091341645967997,0.35913616073343324,0.04961507520123523,3.598712585815894e-05,19.357263706274992,46.36333705944367,nan,nan,nan
266.98,172.50816345214844,-200.65667724609375,-41.48042678833008,172.31212365910065,-200.3296347061917,-41.486773938822644,0.3813511632120337,0.3591872249168006,0.04963111319865642,3.5269882158804e-05,19.39425567719589,45.962367386130275,nan,0.012858614797679437,nan
266.99,172.5084228515625,-200.66539001464844,-41.481971740722656,172.31178359249662,-200.33820013645698,-41.488452615388,0.38178818254805613,0.35923837799530534,0.0496472131310872,3.5976970514519406e-05,19.341667433353873,45.411456955322365,nan,nan,nan
267.0,172.50868225097656,-200.67410278320312,-41.48348617553711,172.31237473195304,-200.34999261764222,-41.488840021074815,0.378962669806845,0.3591718764471397,0.049643694133781543,3.523935344023124e-05,18.53897442872846,45.1961315457013,1.2563965871068814,1.0323397728406214,nan
267.01,172.50894165039062,-200.6828155517578,-41.48497009277344,172.31202401471933,-200.35857137406222,-41.490445920972874,0.3793953435432927,0.359222807631735,0.04965981741182023,3.594568172301273e-05,18.481841638924262,45.3703414112028,nan,nan,nan
267.02,172.50918579101562,-200.6915283203125,-41.48642349243164,172.3116351570939,-200.3671185146805,-41.49097306065296,0.3798534895510019,0.35927382454451434,0.049676000004368,3.5231001283105257e-05,18.158086559902884,44.571466936520906,nan,0.7679859937694546,nan
267.03000000000003,172.5094451904297,-200.7002410888672,-41.487850189208984,172.31127398129948,-200.3756970508027,-41.49251145116395,0.3802925033896217,0.3593249301509235,0.049692244638693095,3.5937470402983843e-05,18.097401973771156,45.41157486453865,nan,nan,nan
267.04,172.50967407226562,-200.70895385742188,-41.4892463684082,172.3109548241602,-200.38432029667285,-41.4955528137147,0.3806784201719023,0.3593761218263488,0.04970854894223255,3.522355594412696e-05,18.545693705513024,44.673158603882435,nan,1.6329000059216034,nan
267.05,172.50991821289062,-200.71766662597656,-41.49061584472656,172.30268464318385,-200.39487847721458,-41.497021706264455,0.38363912268777417,0.35930952665668775,0.04970502768665551,3.5908093533644814e-05,17.87940469361699,45.95391917902211,3.204004571597651,nan,nan
267.06,172.51014709472656,-200.72637939453125,-41.49195861816406,172.30225430474397,-200.40343637396208,-41.49720271296957,0.38410819724579615,0.35936049623064664,0.04972135477818131,3.5195753050255126e-05,17.441750213244113,44.94975958390664,nan,1.1627527942798983,nan
267.07,172.5103759765625,-200.73509216308594,-41.4932746887207,172.30185821929766,-200.4120307986959,-41.49863520721651,0.38454783241472046,0.3594115542999987,0.04973774402425951,3.5901679493108e-05,17.384675384884243,45.07312237223797,nan,nan,nan
267.08,172.51058959960938,-200.74380493164062,-41.494564056396484,172.30146473813923,-200.42063177053498,-41.50028332018859,0.3849763755378306,0.35946269844541706,0.04975419331242202,3.519000472741682e-05,17.438540979828826,44.58293627661952,nan,0.04067326432474306,nan
267.09000000000003,172.5108184814453,-200.7525177001953,-41.495826721191406,172.30105966343172,-200.429226019417,-41.501667443484415,0.385422348381397,0.3595139313253149,0.04977070498320939,3.589612324602117e-05,17.383502713827337,45.4911384556869,nan,nan,nan
267.1,172.5110321044922,-200.76123046875,-41.49706268310547,172.32736368512207,-200.45032340985517,-41.50362327432622,0.36116523767067643,0.35944724008470785,0.04976717507492405,3.516386445739385e-05,17.204639927705024,44.019071091285916,8.021460943534032,0.22308517747787687,nan
267.11,172.51123046875,-200.7699432373047,-41.49827575683594,172.3269925783638,-200.4589459008127,-41.50496522655603,0.361535188555987,0.35949825055164086,0.04978370882057864,3.586931549038571e-05,17.153679512100112,43.385191188780354,nan,nan,nan
267.12,172.51144409179688,-200.77865600585938,-41.49946594238281,172.32657437679117,-200.46752902402363,-41.50478006355514,0.36194619798575306,0.35954934709698094,0.0498003029677763,3.5159677842257205e-05,16.634249590304258,43.70712307648061,nan,1.5815600081395433,nan
267.13,172.5116424560547,-200.78736877441406,-41.50062942504883,172.3261950641375,-200.4761514758294,-41.50606047423654,0.3623209052794297,0.3596005321842289,0.049816959620657235,3.5865355290176785e-05,16.579272595012263,43.1670664002616,nan,nan,nan
267.14,172.5118408203125,-200.79608154296875,-41.501773834228516,172.32577775091022,-200.48474300883208,-41.506099037189784,0.3627255932718592,0.3596518036856144,0.049833677018488856,3.5156236415497476e-05,16.214886542176743,42.86951125097283,nan,1.0402550403449107,nan
267.15,172.5120391845703,-200.80479431152344,-41.502891540527344,172.31074175236395,-200.48257458164153,-41.50717899589654,0.3799534087379488,0.35958501900849443,0.049830136505695566,3.584010671660534e-05,16.884472962928072,43.7271248705919,7.252339355997124,nan,nan
267.16,172.51222229003906,-200.81350708007812,-41.503990173339844,172.3102583426445,-200.4911015499297,-41.50580628510785,0.3804445559860639,0.35963606788309754,0.04984687536496663,3.51323171031003e-05,16.392529142091373,42.60963306555271,nan,4.634832121621303,nan
267.17,172.5124053955078,-200.8222198486328,-41.505062103271484,172.309841331402,-200.49969217651906,-41.506958920552385,0.380867296130787,0.3596872051109535,0.04986367685832639,3.583760815610309e-05,16.32626916099876,42.84617743240543,nan,nan,nan
267.18,172.51258850097656,-200.8309326171875,-41.50611877441406,172.30940000967703,-200.50826447601574,-41.507326077669056,0.38131581386688806,0.35973842874814504,0.049880539438692084,3.5130253485086055e-05,16.19470321824356,42.71766442409142,nan,0.4098543310287947,nan
267.19,172.5127716064453,-200.8396453857422,-41.50714874267578,172.30897542261496,-200.51685519509203,-41.50843014612995,0.3817434134580291,0.35978974098305694,0.049897464892156844,3.583580673237179e-05,16.126516633232757,42.97442040102049,nan,nan,nan
267.2,172.512939453125,-200.84835815429688,-41.50816345214844,172.3169060094871,-200.52827001185162,-41.50816628250071,0.3753472125467307,0.359722860899715,0.0498939079086775,3.510767547970802e-05,16.053409097424844,41.81059241676558,0.6518178774802531,1.2109689685109555,nan
267.21,172.51312255859375,-200.85707092285156,-41.5091552734375,172.316488517198,-200.53686512988614,-41.50921765692199,0.3757614934715138,0.3597739502010779,0.04991085407957021,3.581262733831883e-05,15.981256348170785,42.68790643564937,nan,nan,nan
267.22,172.51329040527344,-200.86578369140625,-41.51012420654297,172.31605731520742,-200.5454511717028,-41.50985066664372,0.3761833194343198,0.35982512590185256,0.049927861666958444,3.510686750949937e-05,15.911852611962622,42.12976573045971,nan,0.11193325139204549,nan
267.23,172.51344299316406,-200.87449645996094,-41.511077880859375,172.3156329527319,-200.55404620049944,-41.510860419619796,0.376586282509205,0.3598763900180482,0.04994493226500146,3.5812106627254086e-05,15.840434469863283,41.3727948944165,nan,nan,nan
267.24,172.51361083984375,-200.88320922851562,-41.51201248168945,172.31518511275837,-200.56262361073527,-41.511046026238155,0.3770263141123056,0.3599277408637332,0.04996206461254526,3.510665859872875e-05,15.794591866139227,42.19250113661033,nan,0.45576458826421473,nan
267.25,172.51376342773438,-200.8919219970703,-41.5129280090332,172.24305295200193,-200.55246979917374,-41.51209328859542,0.4341804383966552,0.35986076754436463,0.04995848861844527,3.57901707810097e-05,14.996644648573707,45.26522119861262,45.510841239931985,nan,nan
267.26,172.513916015625,-200.900634765625,-41.513824462890625,172.24250811201014,-200.56106166055164,-41.51351704813139,0.43470937226796297,0.3599118952360895,0.04997564101675752,3.508584901518691e-05,14.910157654278395,45.35507389479093,nan,0.15770314164376037,nan
267.27,172.51406860351562,-200.9093475341797,-41.51470184326172,172.2419484781734,-200.5696435755791,-41.51445474115427,0.43525647975029347,0.35996311116513613,0.04999285656775285,3.579081118353679e-05,14.839620971953533,45.47655371233778,nan,nan,nan
267.28000000000003,172.51422119140625,-200.91806030273438,-41.51556396484375,172.24137523418446,-200.57821672478536,-41.51493850830469,0.4358198768314072,0.3600144138062265,0.05001013418168899,3.508673282337322e-05,14.779669465229032,45.50405928517262,nan,0.13427553724433416,nan
267.29,172.51437377929688,-200.92677307128906,-41.51640701293945,172.24080954247177,-200.58679886025564,-41.515838862327264,0.436371606125582,0.36006580493486684,0.05002747519726485,3.579200569945491e-05,14.708341862006217,45.614344647779745,nan,nan,nan
267.3,172.51451110839844,-200.93548583984375,-41.517234802246094,172.24811020516287,-200.6041825424018,-41.51855774792553,0.4251271178434899,0.35999873683469746,0.050023874754939295,3.506698092650198e-05,13.998056614438763,44.54286218359676,5.363893472030889,2.657563733295023,nan
267.31,172.5146484375,-200.94419860839844,-41.51804733276367,172.2475488594655,-200.6127940516618,-41.51944346499274,0.4256443515391844,0.36004990450784635,0.0500412350466501,3.577169747653976e-05,13.934403648939655,44.57225355594546,nan,nan,nan
267.32,172.51478576660156,-200.95291137695312,-41.51884078979492,172.24696807844037,-200.62139165144805,-41.51958529441149,0.42618329012067957,0.3601011588703744,0.05005865770318507,3.5068850154252576e-05,13.827695145389669,44.65262294256499,nan,0.37310140032313155,nan
267.33,172.51492309570312,-200.96163940429688,-41.51961898803711,172.2464012821908,-200.63000318244696,-41.520433108719246,0.4267167805082523,0.3601525015489137,0.05007614391114791,3.5773895189502784e-05,13.764372877274825,43.86291479266905,nan,nan,nan
267.34000000000003,172.5150604248047,-200.97035217285156,-41.520381927490234,172.24580485588035,-200.63859235742675,-41.52005113532496,0.4272742046402211,0.3602039312411044,0.050093692807651656,3.507119015364572e-05,13.681365798021032,44.69890441241708,nan,1.037894199490828,nan
267.35,172.5151824951172,-200.97906494140625,-41.5211296081543,172.215744976748,-200.63837520667695,-41.52079650000335,0.4535773734635096,0.36013677012444634,0.050090064903932245,3.575455579596744e-05,13.498100637130758,45.664455385635456,7.518521386056071,nan,nan
267.36,172.5153045654297,-200.98777770996094,-41.52186584472656,172.21510164072149,-200.64696096155947,-41.52071734343406,0.4541796682476277,0.3601879761341832,0.0501076323594516,3.50528122542943e-05,13.466330527757531,45.652367717676135,nan,0.5332564721258298,nan
267.37,172.5154266357422,-200.99649047851562,-41.5225830078125,172.2144747257359,-200.65556239185668,-41.52148628157218,0.4547584141253594,0.36023927029259106,0.050125263519662726,3.575765302883747e-05,13.396265632106523,45.83926686942277,nan,nan,nan
267.38,172.5155487060547,-201.0052032470703,-41.52328872680664,172.21383392896038,-200.66415471073663,-41.52170009822822,0.45535528391924507,0.36029065143450245,0.050142957655786885,3.50559974202214e-05,13.368746877497893,45.84311107383814,nan,0.2066316395825498,nan
267.39,172.5156707763672,-201.013916015625,-41.52397537231445,172.21320209461084,-200.67275643386586,-41.52243721968425,0.4559380764786077,0.3603421209810936,0.05016071575433933,3.57611805715909e-05,13.297269921045979,46.04548720307299,nan,nan,nan
267.4,172.5157928466797,-201.0226287841797,-41.524654388427734,172.23096174830457,-200.68143745542253,-41.523260011671354,0.444457221459158,0.36027486567067574,0.050157055291498574,3.5038433508571236e-05,13.952787200019463,44.90441872565004,6.220344472362491,0.0031473917089907,nan
267.41,172.51589965820312,-201.03134155273438,-41.52531814575195,172.23035864141545,-200.69002377585122,-41.52397290246787,0.44500933334492515,0.3603261112386506,0.050174831143941646,3.574308916652407e-05,13.882988676265896,44.19278009367438,nan,nan,nan
267.42,172.51602172851562,-201.04005432128906,-41.52596664428711,172.22972801788015,-200.69859034817264,-41.52342562745956,0.44560990838669423,0.3603774437549056,0.050192670249201835,3.5042371948481015e-05,13.951268362502043,45.25408041704006,nan,1.0967072901973944,nan
267.43,172.51612854003906,-201.0487823486328,-41.52660369873047,172.2291200107322,-200.70717694158526,-41.524101588314146,0.4461775549885338,0.3604288645148935,0.05021057347639323,3.574738220620768e-05,13.879324465221117,43.64927580558796,nan,nan,nan
267.44,172.5162353515625,-201.0574951171875,-41.527225494384766,172.22847167965767,-200.71573380484017,-41.52283387685484,0.44679750647250416,0.36048037254177945,0.050228540272058225,3.5046671567115106e-05,14.190154321804291,44.956163963613,nan,2.628639900701248,nan
267.45,172.51634216308594,-201.0662078857422,-41.52783966064453,172.24201971015,-200.72441705048743,-41.523267845282795,0.43828607637550265,0.3604130244550884,0.05022484386625458,3.573002669809183e-05,14.73166908567741,44.11462255739198,5.3639237650920535,nan,nan
267.46,172.51644897460938,-201.07492065429688,-41.528438568115234,172.24147882187623,-200.73302933016257,-41.52640405887129,0.43875095628416005,0.36046430827016923,0.05024282765109386,3.503014682798156e-05,14.200757272216117,43.79857221707666,nan,4.468403033488861,nan
267.47,172.51654052734375,-201.08363342285156,-41.52902603149414,172.2408875585695,-200.74160442663566,-41.52703647689573,0.4392861843650546,0.3605156801720227,0.05026087571980125,3.573499753060959e-05,14.13002773864384,43.023245097724455,nan,nan,nan
267.48,172.51673889160156,-201.09234619140625,-41.52970504760742,172.2403226858111,-200.75016314466833,-41.52655155625882,0.439892146788422,0.360567139298414,0.05027898762098326,3.503508229654434e-05,14.237710101910174,43.62143224634622,nan,0.9459123531580124,nan
267.49,172.5170440673828,-201.10105895996094,-41.53047561645508,172.23987682886548,-200.75873852319825,-41.52730647973979,0.44047134181493064,0.3606186867731184,0.05029716407130545,3.5740294320523885e-05,14.169424065268114,44.06595792046582,nan,nan,nan
267.5,172.51742553710938,-201.1097869873047,-41.53133773803711,172.28210475811147,-200.7863111168174,-41.529915686180196,0.4000181621466455,0.360551245043631,0.05029342688830415,3.5019167496670496e-05,13.434714623066586,39.83433848383639,18.72720748183189,2.4358233848339284,nan
267.51,172.51791381835938,-201.11849975585938,-41.53228759765625,172.2819192882468,-200.79492636219743,-41.53086963722624,0.4004936578033985,0.36060256801559304,0.05031161949227035,3.5723868739694396e-05,13.368475154933787,41.23154522895668,nan,nan,nan
267.52,172.51849365234375,-201.12721252441406,-41.5333251953125,172.2818597065564,-200.80356546368355,-41.53373620090576,0.40092794008897703,0.36065397816497136,0.05032987618334378,3.50246619813132e-05,13.252634477620152,41.040128811892124,nan,2.343003801285094,nan
267.53000000000003,172.5191650390625,-201.13592529296875,-41.53445053100586,172.28186094669672,-200.8121807579496,-41.53488662739169,0.4014024743177025,0.36070547651166196,0.050348197590186904,3.572973268193525e-05,13.189081992452573,40.905399865314244,nan,nan,nan
267.54,172.51992797851562,-201.14463806152344,-41.53566360473633,172.28193660514998,-200.8207841423993,-41.53519032916143,0.40189734848378406,0.3607570623491008,0.05036658339299009,3.503042645784486e-05,13.12638462500852,40.91195358294895,nan,0.615365807098897,nan
267.55,172.52072143554688,-201.15335083007812,-41.53696060180664,172.29904672201633,-200.83562644202112,-41.53638834503088,0.38741294875476684,0.360689528104401,0.050362801767620556,3.571385049307441e-05,13.057942762818056,39.85529744617439,3.123398750436351,nan,nan
267.56,172.5215301513672,-201.16207885742188,-41.5383415222168,172.29923829435913,-200.84424222587188,-41.536970166448604,0.38786038037389353,0.36074088920020403,0.050381202914621684,3.501527383116204e-05,13.042333903139568,39.29108528108045,nan,0.47087578309542044,nan
267.57,172.5223388671875,-201.17079162597656,-41.5398063659668,172.29944697055416,-200.85286774902198,-41.538445454112676,0.38827598587050743,0.3607923383459481,0.05039966894543111,3.572020911871338e-05,12.979111456606935,40.13790237463829,nan,nan,nan
267.58,172.52313232421875,-201.17950439453125,-41.54135513305664,172.29966717457538,-200.86150579816123,-41.54110621073461,0.38866417684263027,0.36084387492873865,0.05041819961551677,3.502150172667373e-05,12.868296047981865,39.69922655464997,nan,0.856032315450006,nan
267.59000000000003,172.52391052246094,-201.18821716308594,-41.54298400878906,172.29985858619108,-200.8701312272383,-41.54275923702564,0.38907323636134733,0.36089549982810876,0.050436795440974576,3.572680801854494e-05,12.80763012816723,39.56516970564381,nan,nan,nan
267.6,172.52467346191406,-201.19692993164062,-41.54469299316406,172.28590131535358,-200.87628930570813,-41.546294361855644,0.3997813319218007,0.36082787245875547,0.05043296473883299,3.500679253389235e-05,12.5979490189969,40.22824637318413,2.037274009806394,2.3512827476249116,nan
267.61,172.5254364013672,-201.2056427001953,-41.54648208618164,172.28604086956798,-200.88491627974145,-41.54812799483718,0.40022289594409266,0.3608792723304409,0.050451575042670976,3.571159605411026e-05,12.540519574320102,40.82296032602075,nan,nan,nan
267.62,172.5261688232422,-201.21435546875,-41.54834747314453,172.2861810840086,-200.89355363353843,-41.5510435873266,0.40064348427154023,0.36093075958113413,0.05047025022079051,3.501342108400365e-05,12.613102096225278,40.193858261967016,nan,0.7084302555820522,nan
267.63,172.5269012451172,-201.22308349609375,-41.55029296875,172.2862916829828,-200.90218042845206,-41.55304625640601,0.40109764497596484,0.3609823350063871,0.050488990725523215,3.5718600865819766e-05,12.55990417354644,39.89554834692495,nan,nan,nan
267.64,172.52760314941406,-201.23179626464844,-41.552284240722656,172.28639136926552,-200.91080938382828,-41.55535521777707,0.401528493934308,0.3610339981192032,0.05050779640780426,3.502024573006831e-05,12.558448193111248,39.962636826074664,nan,0.041571738320148696,nan
267.65,172.52830505371094,-201.24050903320312,-41.554283142089844,172.30257701948307,-200.92189867527338,-41.557521720124704,0.3904820021514245,0.36096627851567525,0.050503912758464685,3.570377727684686e-05,12.874437447770417,39.717452131894774,2.9588417063420005,nan,nan
267.66,172.5289764404297,-201.2492218017578,-41.55625915527344,172.30617498352532,-200.9221701671628,-41.557580915301365,0.3957335062128992,0.36084019696033354,0.049534339563025415,3.500547314430207e-05,18.92623191200407,45.11767001579817,nan,2.9302811655047125,0.07023523248452124
267.67,172.52964782714844,-201.2579345703125,-41.55820846557617,172.30626320917298,-200.93077622856381,-41.559628560825516,0.39615058348348636,0.36089112678150026,0.049549383733923286,3.5710513396932255e-05,18.847760556206318,45.57450629179906,nan,nan,nan
267.68,172.53030395507812,-201.2666473388672,-41.560123443603516,172.30633701367984,-200.93937500359195,-41.561415982106354,0.39657287215793546,0.36094214346697884,0.04956448463729227,3.5012643206449104e-05,18.754427367244904,45.41983029237736,nan,0.03744120138878925,nan
267.69,172.53094482421875,-201.27536010742188,-41.56200408935547,172.30639863302096,-200.9479806152653,-41.563398194268494,0.3969890016041289,0.3609932472208271,0.04957964508703456,3.5718058420354206e-05,18.677002807008584,45.182114762074946,nan,nan,nan
267.7,172.5315704345703,-201.28407287597656,-41.56385040283203,172.3230487229899,-200.95981258393897,-41.56773294656597,0.3855400307861321,0.3609260411662331,0.049575897790149946,3.499880436673894e-05,19.401728418425428,44.632294306723864,3.800252344510974,3.647268340256744,nan
267.71,172.53219604492188,-201.29278564453125,-41.56565856933594,172.32311399370775,-200.96841492730104,-41.569670128255815,0.38593750652315995,0.3609769224542257,0.049591083404717656,3.570371957509311e-05,19.337929056874565,45.19314510368642,nan,nan,nan
267.72,172.5327911376953,-201.30149841308594,-41.56743240356445,172.3231763490621,-200.9770861426738,-41.573938599605995,0.38629523863831067,0.36102789052286155,0.04960632615513562,3.500624892484384e-05,20.013874558753287,44.962520196219366,nan,3.9522683187262215,nan
267.73,172.53338623046875,-201.31021118164062,-41.56916809082031,172.3232169557009,-200.98568832740278,-41.57582993626713,0.38669185039754383,0.36107894556200076,0.04962162859021566,3.571154238998162e-05,19.96447601295399,45.54728683759059,nan,nan,nan
267.74,172.53396606445312,-201.3189239501953,-41.57086944580078,172.3232485325034,-200.99431362328104,-41.578507745200724,0.38708149817330306,0.3611300876739823,0.04963698851110658,3.501383103884465e-05,20.305617087582366,45.68873825637274,nan,0.4748276065109594,nan
267.75,172.5345458984375,-201.32763671875,-41.572540283203125,172.3149292045555,-201.00517463638815,-41.58024851001375,0.39022135199571173,0.36106279816316494,0.04963325850597194,3.569746983087015e-05,19.49662556667817,46.41712938836319,4.969526957384874,nan,nan
267.76,172.53509521484375,-201.3363494873047,-41.57417678833008,172.31491858470488,-201.01380202117625,-41.58228238042659,0.39061530562488167,0.3611137175837529,0.0496486431628887,3.5000355112127716e-05,19.627530550244554,45.64712557740772,nan,0.039183995956992734,nan
267.77,172.53564453125,-201.34506225585938,-41.57577896118164,172.31489599152926,-201.02242275031745,-41.584051227098875,0.39101738926624113,0.36116472387776316,0.049664087647916834,3.5705524171785e-05,19.58489775777852,46.150010876033846,nan,nan,nan
267.78000000000003,172.5361785888672,-201.35377502441406,-41.57735061645508,172.3148587679314,-201.0310124213315,-41.58463382459054,0.39142203081638416,0.36121581715853074,0.049679590004875485,3.500815375531774e-05,19.10211352390951,45.3873664610371,nan,0.9418299408995257,nan
267.79,172.5366973876953,-201.36248779296875,-41.57889175415039,172.31481425818416,-201.03963314302808,-41.58632946117033,0.3918195600473371,0.361266997599116,0.049695152422411966,3.571369671182637e-05,19.05490969992199,45.0818825084728,nan,nan,nan
267.8,172.53721618652344,-201.37120056152344,-41.58039855957031,172.28935362800027,-201.04246910074625,-41.589704648302956,0.41180920886966155,0.36119962473932826,0.04969143373917722,3.499488604446848e-05,19.504428483719682,47.81247822045108,6.586924622711956,1.9143613073734167,nan
267.81,172.5377197265625,-201.37991333007812,-41.581878662109375,172.28924381361068,-201.05108980543932,-41.59135831481557,0.41225605330735615,0.36125058225688783,0.04970702031498313,3.5699927157461244e-05,19.466230098515048,47.36232704633075,nan,nan,nan
267.82,172.5382080078125,-201.38861083984375,-41.58332824707031,172.28912105851907,-201.05968532596967,-41.59199075290285,0.4126879462656196,0.3613016266735604,0.04972266513612601,3.500286206615851e-05,19.010616738775298,47.501728648770985,nan,0.6952941073808977,nan
267.83,172.5386962890625,-201.39732360839844,-41.584747314453125,172.28899087599245,-201.0683060908233,-41.59357732053755,0.41313834147320516,0.36135275815412127,0.04973837017042817,3.570827920348012e-05,18.970082094053875,47.11326328513519,nan,nan,nan
267.84000000000003,172.53916931152344,-201.40603637695312,-41.58613967895508,172.28884121283016,-201.07682703035312,-41.59108692272555,0.4136029812575329,0.3614039768246058,0.049754133789648054,3.501093094316175e-05,17.405998235823052,45.18204721030856,nan,11.570976628868928,nan
267.85,172.53964233398438,-201.4147491455078,-41.58750534057617,172.27552321774894,-201.0764530006578,-41.592714882740694,0.42922060587875654,0.3613365207811775,0.04975042457682833,3.5694683330661045e-05,18.033447516101745,46.28806617933999,5.5507018062208795,nan,nan
267.86,172.54010009765625,-201.4234619140625,-41.588844299316406,172.27534369415545,-201.08503194523678,-41.593551990072434,0.42971264741255905,0.3613875163001376,0.04976621186706347,3.4997892525223654e-05,17.82755159111722,45.76763761701451,nan,0.2808791228473458,nan
267.87,172.54054260253906,-201.4321746826172,-41.590152740478516,172.2751563321757,-201.09362607348243,-41.59498779769021,0.43019578220003385,0.3614385987874518,0.04978205952767178,3.570317923629673e-05,17.770867148202246,45.5313280786148,nan,nan,nan
267.88,172.54098510742188,-201.44088745117188,-41.59143829345703,172.27495734505712,-201.10218835296885,-41.59502806179511,0.43069796366950897,0.3614897683752098,0.04979796613016345,3.5006096093099166e-05,17.405861711948234,45.45384720033403,nan,1.3253947377530528,nan
267.89,172.54141235351562,-201.44960021972656,-41.59269714355469,172.27475211784983,-201.11078237305566,-41.59640000511508,0.43118316953677954,0.3615410252189221,0.04981393334557396,3.57117531586483e-05,17.343983741997086,45.10315147171876,nan,nan,nan
267.9,172.5418243408203,-201.45831298828125,-41.593929290771484,172.27195803595296,-201.11670567541506,-41.598777648971144,0.43536982587640016,0.3614734861125197,0.0498102280932591,3.499318923210446e-05,17.835924793849838,45.186699591908706,0.6234914792155888,0.8139988102285673,nan
267.91,172.542236328125,-201.46702575683594,-41.59513854980469,172.2717323708851,-201.1252902522683,-41.60011094718087,0.4358672627076018,0.3615245195725052,0.04982621836657079,3.569834047190963e-05,17.779738381048144,45.444514962657756,nan,nan,nan
267.92,172.5426483154297,-201.47573852539062,-41.5963249206543,172.27149833007138,-201.13386994018305,-41.60119985597244,0.436371641042354,0.36157564004223547,0.049842267926726073,3.5001497682386085e-05,17.688993698858976,45.663602939797265,nan,0.03444646343642802,nan
267.93,172.5430450439453,-201.4844512939453,-41.59748458862305,172.27125652980632,-201.1424545074381,-41.60248443914978,0.4368704578069306,0.3616268476730115,0.049858378265191794,3.570702079271653e-05,17.6336563948356,45.35819418700841,nan,nan,nan
267.94,172.54342651367188,-201.4931640625,-41.59862518310547,172.27100830481896,-201.15106732818268,-41.60507346938295,0.43735961923927347,0.36167814260339626,0.04987454822045293,3.500986590104437e-05,18.045364877401592,45.27449852334939,nan,1.2421105734488451,nan
267.95,172.54380798339844,-201.5018768310547,-41.59973907470703,172.27187513737763,-201.16165519052672,-41.60618380162116,0.435591290011079,0.3616105205760477,0.04987084449565557,3.569371370043562e-05,17.760383753046863,45.642743263074124,1.3154855154023894,nan,nan
267.96,172.54417419433594,-201.51058959960938,-41.600833892822266,172.27160921399758,-201.17022710297425,-41.60639098198305,0.4360839126389382,0.3616615918917231,0.04988703696539172,3.4997089993768436e-05,17.40373079450285,44.788204197190296,nan,0.7378707664965757,nan
267.97,172.54454040527344,-201.51930236816406,-41.601905822753906,172.27133683566822,-201.17881989118402,-41.60758916483021,0.4365785243832468,0.3617127502736271,0.04990329038269637,3.570247360522857e-05,17.350603980835626,45.113349207807325,nan,nan,nan
267.98,172.54490661621094,-201.52801513671875,-41.60295486450195,172.27105635834434,-201.1873972749908,-41.607986848219724,0.43708101345387745,0.36176399586305896,0.04991960374648932,3.5005533127463706e-05,17.09376036663643,45.237971247114636,nan,0.42938952874684044,nan
267.99,172.54525756835938,-201.53672790527344,-41.60398483276367,172.2707694203159,-201.19599007101885,-41.60913657256584,0.43757577118920654,0.3618153288071237,0.049935978309618156,3.571128233847619e-05,17.038830242550908,44.698804157266125,nan,nan,nan
268.0,172.54559326171875,-201.54544067382812,-41.6049919128418,172.28280001399807,-201.20353456100807,-41.60995467257795,0.4312594462913268,0.3617476239832471,0.04993227097105957,3.499283347952497e-05,17.669324036684266,43.69680940020387,4.669680239712215,0.060026761115767734,nan
268.01,172.54592895507812,-201.5541534423828,-41.605979919433594,172.28252261715065,-201.21211092695225,-41.61106202767306,0.4317427579549996,0.3617987330795283,0.04994866740050582,3.569807192686239e-05,17.61505308320351,43.909754357100915,nan,nan,nan
268.02,172.5462646484375,-201.5628662109375,-41.60694885253906,172.2822384317094,-201.22067941081892,-41.61172506101251,0.4322319533104064,0.3618499292902982,0.04996512409502085,3.5001329375331215e-05,17.469334205639907,44.0239304950998,nan,0.12778512006905868,nan
268.03000000000003,172.5465850830078,-201.5715789794922,-41.6078987121582,172.2819479294938,-201.2292557284669,-41.61279091435596,0.43271464599069476,0.36190121276110543,0.049981642165066516,3.570693472287977e-05,17.414599699244626,43.54685257740162,nan,nan,nan
268.04,172.54690551757812,-201.58029174804688,-41.608829498291016,172.28164994188074,-201.23778905804392,-41.61141997966393,0.43321510095050436,0.3619525836356586,0.04999822082149329,3.500986149931195e-05,16.862700630099383,43.28621426169509,nan,4.128855012718079,nan
268.05,172.54721069335938,-201.58900451660156,-41.6097412109375,172.29487789790468,-201.24684415284085,-41.61236401510711,0.42514989508707873,0.3618847961431875,0.04999450696257465,3.5693781830763825e-05,17.390165723857688,42.21268274061799,3.6594304214161055,nan,nan
268.06,172.54751586914062,-201.59771728515625,-41.610633850097656,172.29459339388993,-201.25542359057837,-41.61415054817129,0.42561381439052676,0.36193594293687786,0.05001110688824701,3.4997223292400815e-05,17.478395031016646,42.62043033082165,nan,0.451247058539857,nan
268.07,172.54782104492188,-201.60643005371094,-41.61151123046875,172.29430258585057,-201.26398944742851,-41.61512866405158,0.42608715510642536,0.3619871768958732,0.05002776836860473,3.570267900402098e-05,17.41906927089989,42.74466671638402,nan,nan,nan
268.08,172.54811096191406,-201.61514282226562,-41.612369537353516,172.29400566044737,-201.27251531259216,-41.61368158639581,0.42657336542640334,0.3620384981645357,0.050044490740040866,3.5005788488094316e-05,17.029971609136908,41.94837332572795,nan,4.095099738667149,nan
268.09000000000003,172.54840087890625,-201.6238555908203,-41.61321258544922,172.29370318462182,-201.28108121081846,-41.614602628452715,0.42704463850868557,0.3620899068874074,0.050061274926102156,3.571160471947382e-05,16.9631745156893,42.09687463851582,nan,nan,nan
268.1,172.54867553710938,-201.632568359375,-41.614036560058594,172.3263998742183,-201.29759434049126,-41.61489582425038,0.4020134350687035,0.3620220368484452,0.05005754969258467,3.4993188422053054e-05,17.36491323787468,40.24192923944385,10.040852226066264,0.25551557183829365,nan
268.11,172.5489501953125,-201.6412811279297,-41.614845275878906,172.32614266447456,-201.306163204597,-41.61577883464503,0.40242774490445293,0.36207322125630614,0.05007435446485223,3.569848881470459e-05,17.297246426747233,40.3760999679325,nan,nan,nan
268.12,172.54922485351562,-201.64999389648438,-41.61563491821289,172.3258799116261,-201.31473012440026,-41.616513257823236,0.40284678405093827,0.3621244928789907,0.05009122042277241,3.5001770622437776e-05,17.2238866103206,40.642642200788906,nan,0.012507566287555323,nan
268.13,172.5494842529297,-201.65870666503906,-41.61641311645508,172.32561169111852,-201.32329943941056,-41.61736454146377,0.4032590186781298,0.3621758518610751,0.050108148380015774,3.5707432885777194e-05,17.156872647217966,40.035619912892564,nan,nan,nan
268.14,172.54974365234375,-201.66741943359375,-41.61717224121094,172.32533752206717,-201.3319017880457,-41.62041759395726,0.4036591806143578,0.3622272983468857,0.05012513783670354,3.501037312362736e-05,17.362025698113644,40.57504382039852,nan,3.4663330142436277,nan
268.15,172.5500030517578,-201.67613220214844,-41.617919921875,172.33504412140366,-201.346085982248,-41.62130199371636,0.3938899432830228,0.3621593458813469,0.050121397945290025,3.56943422742636e-05,17.066554272420007,40.272388297584016,1.590771937735824,nan,nan
268.16,172.5502471923828,-201.68484497070312,-41.618648529052734,172.33477546853524,-201.35467168383394,-41.6222363330379,0.3942782462643351,0.3622105678172819,0.05013840734012225,3.499778783733797e-05,17.044116442841855,39.95016528221513,nan,0.007472664814216645,nan
268.17,172.5504913330078,-201.6935577392578,-41.61936569213867,172.3345018837904,-201.36325604570172,-41.62305511848978,0.39466981491629405,0.3622618770175061,0.050155478920970435,3.5703290593810564e-05,16.987786631285488,39.98556358876301,nan,nan,nan
268.18,172.5507354736328,-201.7022705078125,-41.62006759643555,172.33422444808764,-201.3718163284446,-41.62209754325363,0.3950710183352135,0.3623132736258217,0.050172612283428515,3.5006395701780855e-05,16.65452621249953,39.88114973829718,nan,2.1936833118208585,nan
268.19,172.55096435546875,-201.7109832763672,-41.62075424194336,172.33394112813352,-201.38040062293868,-41.62287195325912,0.39545980409145204,0.36236475778760874,0.05018980809887422,3.571225415710795e-05,16.593436056715234,39.39668292004795,nan,nan,nan
268.2,172.5511932373047,-201.71969604492188,-41.621429443359375,172.33463174383616,-201.3890362416268,-41.622238832536006,0.3952662913521714,0.3622967230119039,0.05018604891200506,3.4993823831140474e-05,16.488789907582795,39.32249541828529,1.0766885492164078,1.0834531460789991,nan
268.21,172.55142211914062,-201.72840881347656,-41.62208938598633,172.33434072115568,-201.39762030857133,-41.62297229330055,0.3956591308864975,0.36234798238847643,0.050203263947785105,3.5699161760053314e-05,16.42304836896522,39.526966792106904,nan,nan,nan
268.22,172.55165100097656,-201.73712158203125,-41.622737884521484,172.33404585528507,-201.40619500998613,-41.622932442393505,0.39606114852344754,0.36239932907687783,0.05022054103823097,3.5002425676521716e-05,16.33347866795989,39.56749276254794,nan,0.4088834091002627,nan
268.23,172.55186462402344,-201.74583435058594,-41.62337112426758,172.33374603361023,-201.41477927596142,-41.62363380608127,0.3964508177822634,0.3624507632233524,0.05023788077246422,3.570812086890877e-05,16.266276343077976,39.0954494617838,nan,nan,nan
268.24,172.5520782470703,-201.75454711914062,-41.623992919921875,172.33344052656065,-201.42338014067002,-41.62569758215665,0.3968336255061385,0.362502284970383,0.05025528286879412,3.501103777424115e-05,16.27934041424316,39.267709531470274,nan,1.3329079960039198,nan
268.25,172.55227661132812,-201.76327514648438,-41.624603271484375,172.33453538520794,-201.439723388743,-41.626398259333484,0.39000026086046297,0.3624341680001795,0.050251500811350006,3.5695033691607104e-05,15.349172092367668,37.896360914407644,5.991214760590274,nan,nan
268.26,172.552490234375,-201.77198791503906,-41.62519836425781,172.33422223959892,-201.44832719264988,-41.62605399403845,0.3903817527285042,0.3624854647255943,0.05026892143165552,3.4998451561869114e-05,15.211753610363873,39.49021313756257,nan,0.7417856692167878,nan
268.27,172.5527801513672,-201.78070068359375,-41.62588882446289,172.33395444753663,-201.4569427562161,-41.626765617785544,0.39077442721260225,0.3625368488132705,0.05028640488758353,3.570397845878408e-05,15.143246073300357,38.43732753319925,nan,nan,nan
268.28000000000003,172.5531768798828,-201.78941345214844,-41.626670837402344,172.33378358975443,-201.46555219824245,-41.626996581682945,0.3911772407033047,0.3625883204046211,0.05030395096772513,3.500705209367237e-05,15.055459877645873,38.83535477456107,nan,0.23210422100954595,nan
268.29,172.5536651611328,-201.79812622070312,-41.627540588378906,172.3337072875901,-201.4741682240013,-41.627886923075465,0.3915742199228901,0.3626398796475385,0.05032156015634153,3.571293047519017e-05,14.986932196838431,38.741084103080404,nan,nan,nan
268.3,172.55426025390625,-201.8068389892578,-41.628501892089844,172.3407943836688,-201.48741628879915,-41.626864396514065,0.38418904294148964,0.36257168059210404,0.05031775074887337,3.4994464664179405e-05,14.760582335656004,39.023809442335654,1.1307014979367112,2.7055713054899435,nan
268.31,172.554931640625,-201.8155517578125,-41.62955093383789,172.3409153996896,-201.4960453710038,-41.62791430116284,0.38456463847081357,0.36262301457682833,0.05033537770902448,3.569981851804543e-05,14.69084594595028,38.26793933539646,nan,nan,nan
268.32,172.55569458007812,-201.8242645263672,-41.63068389892578,172.3411267499709,-201.50468592324356,-41.63020744801157,0.38492864831920365,0.3626744359678107,0.0503530675473793,3.5003045726271446e-05,14.554476398418563,38.269066175047946,nan,0.941484406452095,nan
268.33,172.55654907226562,-201.83299255371094,-41.63190460205078,172.34143035546535,-201.51331509086822,-41.63144477125212,0.3853179907708944,0.36272594491412,0.05037082068875614,3.5708752929315545e-05,14.488128973329136,37.40313013866556,nan,nan,nan
268.34000000000003,172.5574951171875,-201.84170532226562,-41.63321304321289,172.34182551362548,-201.52193226618832,-41.63150935200949,0.38570855299997897,0.3627775415553592,0.050388637010538175,3.501163137288526e-05,14.497749952701332,38.212269718741716,nan,1.1189201597679,nan
268.35,172.55853271484375,-201.8504180908203,-41.63460159301758,172.3343711764691,-201.5319835696398,-41.63294981741562,0.3894247911068215,0.3627092605282646,0.05038479645874003,3.569563510459616e-05,13.971333286093552,38.82748080628595,2.246502205326924,nan,nan
268.36,172.55966186523438,-201.859130859375,-41.636077880859375,172.3349266270553,-201.54062090521717,-41.63398257744678,0.3898190714593409,0.3627606316735742,0.050402629810061446,3.4999013463862195e-05,13.953478137423234,38.8479640717669,nan,0.1428242003940542,nan
268.37,172.56082153320312,-201.8678436279297,-41.63763427734375,172.33554377183046,-201.54926225465368,-41.63554436357386,0.3901903752107042,0.36281209027748595,0.05042052665908176,3.570454509380633e-05,13.88508889851727,38.56009662395435,nan,nan,nan
268.38,172.56198120117188,-201.87655639648438,-41.6392707824707,172.33618590895796,-201.5578881351832,-41.63539496635276,0.39057393243439564,0.3628636364784047,0.050438486932953226,3.500757853289503e-05,14.127780376153796,38.53581977079248,nan,2.2715299624025147,nan
268.39,172.56314086914062,-201.88526916503906,-41.640987396240234,172.33682488846034,-201.56652898540756,-41.63710348591325,0.39093389464490036,0.362915270427253,0.050456510982154916,3.571345821150834e-05,14.057308837962252,38.826566839862544,nan,nan,nan
268.4,172.5642852783203,-201.89398193359375,-41.642784118652344,172.36859809483008,-201.58899938877963,-41.64031707873849,0.3623726158384165,0.36284690753048354,0.05045263491772795,3.499495208523438e-05,13.437388604354462,37.350627192724694,10.57708982988625,1.7419343607785378,nan
268.41,172.56541442871094,-201.90269470214844,-41.64466094970703,172.36925815767563,-201.5976686093685,-41.64219947677237,0.3626627342202135,0.36289831574559356,0.050470675209625115,3.570030405477824e-05,13.369966541210996,37.38172092294436,nan,nan,nan
268.42,172.56651306152344,-201.91140747070312,-41.64661407470703,172.36989839026597,-201.60633759164796,-41.64416111046108,0.362947623072541,0.36294981146311367,0.05048877924616557,3.641996437017438e-05,13.302974898303068,36.96582724327822,nan,nan,nan
268.43,172.56759643554688,-201.9201202392578,-41.64861297607422,172.37051788332704,-201.61500642994417,-41.646185918975455,0.36323585035773465,0.36300139482754407,0.05050694717184952,3.715407753162279e-05,13.233920490803749,37.16003998303139,nan,nan,nan
268.44,172.56866455078125,-201.9288330078125,-41.65061569213867,172.37111310949493,-201.62368886098483,-41.65014024703477,0.36351031394657546,0.3630530659789596,0.05052517905143606,3.637105003888835e-05,13.01929901254039,37.15322856764286,nan,2.365935584821571,nan
268.45,172.5697021484375,-201.9375457763672,-41.6525993347168,172.3578127755135,-201.6277903546603,-41.652276630610174,0.37529406040180147,0.36298462132502424,0.05052126352178462,3.708005734347585e-05,12.958432307523852,37.26791501448207,1.831289051536561,nan,nan
268.46,172.5707244873047,-201.94625854492188,-41.65455627441406,172.35834473628339,-201.6364584633926,-41.655250912816896,0.37560848190893575,0.36303606650380554,0.05053951085968623,3.630074239727039e-05,12.907442003494342,37.34113918891251,nan,0.569499606944072,nan
268.47,172.57171630859375,-201.95497131347656,-41.65647888183594,172.35885771605203,-201.64511989753154,-41.65727235687518,0.3759219466652799,0.3630875992358138,0.05055782236991454,3.703128074556531e-05,12.850355967056501,36.84726895351507,nan,nan,nan
268.48,172.5727081298828,-201.96368408203125,-41.65836715698242,172.3593486179578,-201.65378792746603,-41.6603364670224,0.37624697490507875,0.36313921965599144,0.05057619806430658,3.6254626048957794e-05,12.879081085653809,37.640207455655926,nan,0.7609757760849789,nan
268.49,172.57366943359375,-201.97239685058594,-41.66021728515625,172.35982184226506,-201.66244877097336,-41.66230026051389,0.37656731557445194,0.36319092791867535,0.05059463821182167,3.6983947081194287e-05,12.828888355388008,37.129646520926975,nan,nan,nan
268.5,172.57460021972656,-201.98110961914062,-41.66202926635742,172.34663524695907,-201.68228970874662,-41.66575326780784,0.37586598122677556,0.36312240160273157,0.05059067891930093,3.618736195900005e-05,11.416732246049943,37.7412188275173,24.419473966910047,1.5502050652843786,nan
268.51,172.57553100585938,-201.9898223876953,-41.66381072998047,172.34703963185322,-201.69100558968285,-41.667661679327686,0.37618428539815246,0.36317388365377795,0.050609133703549844,3.691461982885999e-05,11.375689472884488,38.26164464265032,nan,nan,nan
268.52,172.57643127441406,-201.99853515625,-41.66555404663086,172.34742447841109,-201.69972402254137,-41.67003422933342,0.37650003755754324,0.36322545329373984,0.050627652895569975,3.614409978286266e-05,11.470488445498482,37.85939584127976,nan,0.16445723029135143,nan
268.53000000000003,172.5773162841797,-202.0072479248047,-41.667259216308594,172.34779206852218,-201.7084393716028,-41.671879078355296,0.37681462307762553,0.36327711067785823,0.05064623673534663,3.687028308270598e-05,11.435446584890709,38.031007564143806,nan,nan,nan
268.54,172.57818603515625,-202.01596069335938,-41.6689338684082,172.348142883204,-201.71715186977752,-41.67318284403042,0.3771267938032752,0.3633288559396572,0.05066488527812825,3.6102251241914494e-05,11.29830388890082,37.7915108959795,nan,0.170964791201882,nan
268.55,172.57904052734375,-202.02467346191406,-41.67057800292969,172.3138397610426,-201.71374565637882,-41.67504855370192,0.408690020095776,0.36326024807418394,0.050660878170371515,3.680416660289886e-05,11.333419886254866,39.205528572426964,10.460468291764455,nan,nan
268.56,172.5798797607422,-202.03338623046875,-41.672183990478516,172.31410063320394,-201.7224348836783,-41.675433498975266,0.40907193011897824,0.3633117668844235,0.05067954052464209,3.603952748180227e-05,11.025716418014486,39.11420738473672,nan,1.2277847095208456,nan
268.57,172.5806884765625,-202.04208374023438,-41.673763275146484,172.31434208282445,-201.73113050856767,-41.677132138667965,0.40944311324365246,0.36336337333992424,0.05069826772010385,3.676284461541244e-05,10.98308373638035,39.037197399283976,nan,nan,nan
268.58,172.5814971923828,-202.05079650878906,-41.67530822753906,172.3145721697007,-201.73981412460284,-41.676192013794385,0.40982897907069765,0.3634150675734516,0.05071705983473762,3.600057401349845e-05,10.638965092339342,38.63621577311529,nan,4.534756315111518,nan
268.59000000000003,172.582275390625,-202.05950927734375,-41.67681884765625,172.31478099409316,-201.7485094939659,-41.67780418376282,0.410213466775825,0.3634668497414453,0.05073591707448803,3.6723006854121146e-05,10.587415782161418,38.01967590570135,nan,nan,nan
268.6,172.5830535888672,-202.06822204589844,-41.67830276489258,172.28833730821864,-201.75373847364847,-41.67809970545264,0.4309961073229652,0.3633981604159145,0.05073185790034554,3.59409106536613e-05,10.001084918473971,39.92398919043548,8.18631555923351,1.2127160978076172,nan
268.61,172.58380126953125,-202.07693481445312,-41.67975997924805,172.2884679686843,-201.76244189450026,-41.679641500488344,0.43142504485350913,0.36344971589223957,0.050750728096750235,3.666161745863703e-05,9.945127960880626,38.986171450129945,nan,nan,nan
268.62,172.58453369140625,-202.0856475830078,-41.681182861328125,172.28858344975328,-201.77114492252502,-41.681043321164836,0.43185470757728545,0.36350135904651176,0.05076966342266499,3.590483818767879e-05,9.890388175729992,39.104879065841416,nan,0.008356461400801658,nan
268.63,172.58526611328125,-202.0943603515625,-41.68258285522461,172.28868378874768,-201.7798482896502,-41.682527948496194,0.4322949402072747,0.3635530900357769,0.050788664066635715,3.66247846683835e-05,9.834869716839059,39.480745046884834,nan,nan,nan
268.64,172.58596801757812,-202.10305786132812,-41.6839485168457,172.2887668155038,-201.78855652485302,-41.68540218026486,0.43271440731316424,0.36360490899183434,0.05080773013276027,3.5870178754192574e-05,9.838059229107136,39.79519852461517,nan,1.3479982402603674,nan
268.65,172.586669921875,-202.1117706298828,-41.6852912902832,172.28284177024113,-201.7919075504922,-41.68685884453916,0.4411648133167959,0.3635361383179989,0.05080361476767603,3.656653957653168e-05,10.121360620627637,39.59323341093965,1.3599463284046152,nan,nan
268.66,172.5873565673828,-202.1204833984375,-41.686607360839844,172.32020988352392,-201.79696758002,-41.688859993580195,0.41956514371120857,0.35736843648854094,0.0507638857601018,3.581462738419218e-05,15.944121964358846,45.27864795596618,nan,0.22124917101512795,0.22394400995817856
268.67,172.58802795410156,-202.1291961669922,-41.687896728515625,172.32025821547276,-201.80562625715703,-41.69025956931067,0.42000440770626524,0.3574159055132239,0.050782113260029085,3.6532311526894364e-05,15.873283746392023,45.105119448689756,nan,nan,nan
268.68,172.5886688232422,-202.13790893554688,-41.68915939331055,172.3202223764848,-201.8142961759253,-41.693295315086445,0.42048284009635145,0.3574634583019421,0.05080039924682351,3.578281184065041e-05,16.11774032895506,44.53704697357324,nan,1.8623611429740823,nan
268.69,172.58932495117188,-202.14662170410156,-41.69039535522461,172.3202439861555,-201.8229547507763,-41.69466196257218,0.42093118956340597,0.3575111003651646,0.050818744004428214,3.649989828690901e-05,16.05662815901924,45.88893049398309,nan,nan,nan
268.7,172.58995056152344,-202.1553192138672,-41.69160842895508,172.29509083233285,-201.83583480512397,-41.695648303895865,0.4347745023778325,0.3574441550336518,0.05081467946263166,3.5730555171304794e-05,14.23587711681634,48.02071401002482,35.91410985147254,0.09755142856718596,nan
268.71,172.59056091308594,-202.16403198242188,-41.69279861450195,172.29502054693648,-201.84453435211802,-41.696964259167636,0.43524728188584205,0.35749159237110334,0.05083303387737131,3.644620262688288e-05,14.175120918842296,46.80994756335612,nan,nan,nan
268.72,172.59117126464844,-202.17274475097656,-41.69396209716797,172.29501390703845,-201.85322270226186,-41.69641893999616,0.4356713855167124,0.35753911355764106,0.050851447056412834,3.570150776842515e-05,13.787806636825852,47.14205720499952,nan,2.2914153336341654,nan
268.73,172.59176635742188,-202.18145751953125,-41.695106506347656,172.29491942672092,-201.86192264170916,-41.69767124630161,0.43615045145269177,0.3575867237636376,0.05086991925831136,3.641666254811318e-05,13.719635340046882,46.707849394824045,nan,nan,nan
268.74,172.59234619140625,-202.19017028808594,-41.696224212646484,172.29480530652853,-201.87062370378564,-41.69909017864581,0.43663349788227745,0.35763441818941155,0.05088845051891842,3.5673808644967694e-05,13.690084994397434,46.61930169362897,nan,0.024151362372084158,nan
268.75,172.59291076660156,-202.19888305664062,-41.697322845458984,172.31604641811495,-201.8847328279571,-41.70021530979472,0.41875123879788584,0.35756745381042704,0.0508843431261773,3.636592200614922e-05,13.900108032865186,45.00556364360263,5.370306009072495,nan,nan
268.76,172.5934600830078,-202.2075958251953,-41.69839859008789,172.31592355226277,-201.89344051085604,-41.70222309935735,0.41920724504325074,0.35761494340858263,0.05090288349720927,3.562575250528187e-05,14.00236595850732,44.91644477892669,nan,0.4577534864413629,nan
268.77,172.59400939941406,-202.21630859375,-41.6994514465332,172.315821926308,-201.90214351361533,-41.70339845710406,0.41964693095698047,0.3576625217743167,0.05092148314105504,3.633916921351286e-05,13.942138205958422,45.44739548709524,nan,nan,nan
268.78000000000003,172.59454345703125,-202.22500610351562,-41.70048141479492,172.31571368482983,-201.9108457841985,-41.70443821287113,0.4200695232343679,0.35771018443859215,0.050940142114642595,3.560071096512209e-05,13.873533797968518,46.095459042757305,nan,0.009076004456101244,nan
268.79,172.59507751464844,-202.2337188720703,-41.70149612426758,172.3155900873506,-201.91954858595548,-41.7055724016178,0.42051493045083,0.35775793607980233,0.05095886064544738,3.631376962403362e-05,13.813482331310789,45.415393393696114,nan,nan,nan
268.8,172.5955810546875,-202.242431640625,-41.70248794555664,172.27654342434803,-201.90983553065976,-41.708060812192926,0.460908058921924,0.35769094764975484,0.05095470695503088,3.5555367637556426e-05,14.774224024828676,46.595574628034946,16.084739081307486,1.0514258186704262,nan
268.81,172.59609985351562,-202.2511444091797,-41.703460693359375,172.27634089998668,-201.91849731528555,-41.70917172700466,0.4614460893142777,0.3577384941885708,0.050973434017561096,3.6267225003379125e-05,14.722888755238044,47.82683729496835,nan,nan,nan
268.82,172.59658813476562,-202.25985717773438,-41.704410552978516,172.27612265777674,-201.92715980164206,-41.7104058385507,0.4619757671669759,0.35778612509930385,0.050992220675499564,3.553288760303069e-05,14.75920941282553,46.89599798730576,nan,0.013737407961739558,nan
268.83,172.59707641601562,-202.26856994628906,-41.705345153808594,172.27589980495702,-201.93582167272766,-41.7114818097389,0.462507824361052,0.3578338447413081,0.05101106713903966,3.6244473889401306e-05,14.710676335273858,47.174444078561535,nan,nan,nan
268.84000000000003,172.59754943847656,-202.27728271484375,-41.706260681152344,172.27563846109553,-201.94448708379392,-41.71331043911063,0.463065123380656,0.3578816491204394,0.05102997349062314,3.551164868787617e-05,14.995788438079911,47.141678400841165,nan,0.4067950084042604,nan
268.85,172.59800720214844,-202.28599548339844,-41.707157135009766,172.27643040243603,-201.9597694308171,-41.7144672699462,0.4581359116778208,0.35781464077110425,0.05102577019897349,3.6200617031417835e-05,14.265107248772482,47.36864212649816,6.116437331414698,nan,nan
268.86,172.5984649658203,-202.29470825195312,-41.70803451538086,172.27623668043552,-201.96844970682037,-41.71367285917588,0.45859295360365177,0.35786223993210703,0.0510446844921649,3.547013107396163e-05,13.610555913205602,47.18891653906542,nan,2.2963080700003813,nan
268.87,172.59890747070312,-202.3034210205078,-41.70889663696289,172.27596689484432,-201.97713759709976,-41.7146716467988,0.4591131000804761,0.3579099275835359,0.05106365883684728,3.618040240064847e-05,13.56207761764554,46.66039519937753,nan,nan,nan
268.88,172.59934997558594,-202.31211853027344,-41.709739685058594,172.2757121552925,-201.98582290562788,-41.714984356059944,0.45960611392912754,0.3579577000367827,0.05108269332944718,3.545130452748579e-05,13.34040485074836,47.8516594893737,nan,0.30845552277860816,nan
268.89,172.5997772216797,-202.32083129882812,-41.710567474365234,172.27542451048726,-201.99451091871094,-41.71594401588259,0.4601288720960584,0.3580055611960315,0.0511017881595194,3.616141362555924e-05,13.29057420109647,46.427049800425884,nan,nan,nan
268.9,172.60020446777344,-202.3295440673828,-41.71138000488281,172.2722622512526,-202.0076202124699,-41.71675725734341,0.4595758703224146,0.35793852867193626,0.05109753180373245,3.541221993687178e-05,12.634051392995076,47.46127579505409,4.497551416950655,0.02873465514243451,nan
268.91,172.60061645507812,-202.3382568359375,-41.71217346191406,172.27194364622184,-202.0163285843799,-41.71768569642345,0.46010216165728196,0.35798618433789897,0.051116633957631476,3.6121320164096917e-05,12.586373747173557,47.099722596839534,nan,nan,nan
268.92,172.60101318359375,-202.3469696044922,-41.71295166015625,172.27160179807782,-202.02503850618712,-41.71903564852615,0.46063923831770615,0.35803392486373276,0.05113579651433727,3.539569079384719e-05,12.719266577022609,46.7672702228166,nan,0.1313991460356479,nan
268.93,172.60140991210938,-202.35568237304688,-41.713714599609375,172.27126699885028,-202.0337470241061,-41.71993887334527,0.46116748980859107,0.3580817538629426,0.05115501965229047,3.6104699217888015e-05,12.674951380848345,47.08677288107018,nan,nan,nan
268.94,172.601806640625,-202.36439514160156,-41.7144660949707,172.2709547503907,-202.04245286151848,-41.71993091055634,0.4616705201613868,0.35812966808010893,0.05117430348434378,3.538027027375905e-05,12.374473073876649,47.01068907816516,nan,0.5554050922053949,nan
268.95,172.60218811035156,-202.37310791015625,-41.7151985168457,172.27552394639028,-202.06112319969446,-41.72079958407625,0.45174695077285193,0.35806261471109857,0.05116999067075709,3.606698244778589e-05,11.454500474278964,47.22571588684575,9.02831012802767,nan,nan
268.96,172.60255432128906,-202.38182067871094,-41.71591567993164,172.27514662359064,-202.06986871079394,-41.72206424865199,0.45226942821373106,0.358110323304191,0.05118928119475553,3.534457127746646e-05,11.58469418128081,46.88524927122408,nan,0.11784712732861895,nan
268.97,172.60292053222656,-202.39053344726562,-41.71662139892578,172.27477549930998,-202.07861296340445,-41.72290677662911,0.4527836755591848,0.3581581201438628,0.05120863254095289,3.605260374217804e-05,11.54141279448708,47.06220169936389,nan,nan,nan
268.98,172.603271484375,-202.3992462158203,-41.71731185913086,172.27447485605168,-202.08735082073,-41.721345642029135,0.4532132298155003,0.3582060022494109,0.051228044830853664,3.5331278601631664e-05,10.83740069246409,45.8983588527627,nan,3.9573621359410205,nan
268.99,172.60362243652344,-202.407958984375,-41.717987060546875,172.27408900974416,-202.096095227173,-41.72213785712555,0.45372735374151035,0.358253972824672,0.05124751823011757,3.603930485023988e-05,10.786324673597495,46.25004544110568,nan,nan,nan
269.0,172.60397338867188,-202.4166717529297,-41.718650817871094,172.27926637666022,-202.11645221929473,-41.72255568974533,0.44224615323356403,0.35818689503733175,0.05124314547293667,3.529770415606814e-05,9.710919547638085,47.064678474433215,12.998949223420992,0.030790531273824875,nan
269.01,172.60430908203125,-202.42538452148438,-41.71929931640625,172.27886030297307,-202.12523800254166,-41.72331775913902,0.4427425758901917,0.35823465971454826,0.05126262490801273,3.600487341024346e-05,9.660639879943611,46.54618395470375,nan,nan,nan
269.02,172.60464477539062,-202.43409729003906,-41.71993637084961,172.2784747443434,-202.1340218698846,-41.723194989031036,0.44321864302696634,0.3582825096982497,0.05128216553172859,3.5286416081491446e-05,9.446485269531113,46.58199607917402,nan,0.5289191163334322,nan
269.03000000000003,172.60496520996094,-202.44281005859375,-41.720558166503906,172.27805527015462,-202.14280772828005,-41.723924276491566,0.44371481565783716,0.35833044793420893,0.05130176750320614,3.599363487177865e-05,9.39449735294588,46.07379364615598,nan,nan,nan
269.04,172.60528564453125,-202.45152282714844,-41.72117233276367,172.27763080454918,-202.15159344587352,-41.72459664303876,0.44421509859131963,0.35837847182669275,0.05132143095362718,3.527609228119246e-05,9.346459439165734,46.114999892617654,nan,0.0014217406421057686,nan
269.05,172.6055908203125,-202.46023559570312,-41.721771240234375,172.26610354580455,-202.15483612401516,-41.72527540575407,0.4566538361123328,0.3583113722279053,0.05131699479092061,3.59612522344919e-05,9.474867579892662,46.140929250490075,1.342209103773531,nan,nan
269.06,172.6060028076172,-202.4689483642578,-41.72246170043945,172.2656597134446,-202.1636116358005,-41.727371070720736,0.4572614584814187,0.35835919007603606,0.05133666360510509,3.524543708559004e-05,9.750495848078492,46.9945190685003,nan,1.2675656956066912,nan
269.07,172.6064910888672,-202.4776611328125,-41.723243713378906,172.26535109477652,-202.17238460532295,-41.728223251058886,0.4578155191775036,0.3584070959652801,0.051356394002364185,3.5951944478913435e-05,9.69066580595857,45.8598696796126,nan,nan,nan
269.08,172.60708618164062,-202.4863739013672,-41.724117279052734,172.26514586969634,-202.18115715094504,-41.728837179991224,0.45836963155915905,0.358455087540856,0.05137618611863521,3.523694189120173e-05,9.56749727283627,46.374346090434656,nan,0.07565107052924272,nan
269.09000000000003,172.60777282714844,-202.49508666992188,-41.72507858276367,172.2650237066038,-202.18993021618456,-41.72986782597593,0.4589339361413485,0.35850316738890836,0.05139604010600575,3.5943564051568546e-05,9.508200247655532,46.265440089635334,nan,nan,nan
269.1,172.60855102539062,-202.50379943847656,-41.72612762451172,172.24415059362642,-202.1963236659533,-41.73042054947703,0.47680966282520504,0.3584360430102604,0.05139153702621699,3.5208096646625984e-05,8.902928497226345,47.874247179349396,7.309119864907153,0.22250683955604286,nan
269.11,172.6094207763672,-202.51251220703125,-41.72726821899414,172.24416804878382,-202.20510468608344,-41.73162371879874,0.47741796082773535,0.35848391654206624,0.05141139568371865,3.5913978438125564e-05,8.844169360804015,47.658653328504364,nan,nan,nan
269.12,172.61038208007812,-202.521240234375,-41.72848892211914,172.2442172907716,-202.2138883657606,-41.73499493134647,0.4781047502637192,0.3585318757824906,0.05143131629589682,3.520130655879166e-05,9.456640899125947,47.61973107924158,nan,3.0207637502617084,nan
269.13,172.61141967773438,-202.5299530029297,-41.72979736328125,172.24441307116314,-202.22266959330818,-41.736393018805494,0.47870705631664456,0.35857992309399794,0.051451299011585114,3.5907346229592394e-05,9.403335620091346,47.67648247577719,nan,nan,nan
269.14,172.612548828125,-202.53866577148438,-41.7311897277832,172.24471848953385,-202.23144985864016,-41.73706353378276,0.4792862158352797,0.3586280564557819,0.05147134397154915,3.519533479243936e-05,9.110053122110383,47.584463450357156,nan,0.46180959438766617,nan
269.15,172.61376953125,-202.54737854003906,-41.732666015625,172.25645315406047,-202.24094949510862,-41.73861361749197,0.47075378591446554,0.35856090926766726,0.051466770462643745,3.58794848556021e-05,9.356228514137515,46.859564318585136,2.56917094824666,nan,nan
269.16,172.61508178710938,-202.55609130859375,-41.734222412109375,172.2569314656975,-202.24972393880998,-41.74030390087891,0.47134870584452193,0.35860883615146716,0.05148681938208067,3.5168945594485376e-05,9.35983316023107,47.23583014777796,nan,0.0014919801207968744,nan
269.17,172.61647033691406,-202.56480407714844,-41.735862731933594,172.25749551534085,-202.25849809542834,-41.74203122201916,0.471936783087492,0.3586568509113279,0.05150693063414842,3.587447442237033e-05,9.307449395422509,46.55921463273635,nan,nan,nan
269.18,172.61793518066406,-202.57351684570312,-41.73758316040039,172.25809428672486,-202.2672731459898,-41.745740012726266,0.47258566081181125,0.358704951732901,0.05152710436163034,3.516450688066154e-05,10.078165595797753,46.823900133976444,nan,2.524049490999974,nan
269.19,172.61944580078125,-202.5822296142578,-41.7393798828125,172.258801440865,-202.27604658609536,-41.74764881756983,0.4731604129216128,0.35875314067026787,0.05154734071036934,3.58702415035602e-05,10.032382321812406,47.419976841359876,nan,nan,nan
269.2,172.62094116210938,-202.5909423828125,-41.74125671386719,172.30065499668925,-202.2965202810572,-41.75113202248363,0.43516103166735987,0.35868596822744997,0.05154269323523069,3.513962346878712e-05,11.076783826476866,44.76375785533711,16.20313839175118,1.616025492720838,nan
269.21,172.6224365234375,-202.5996551513672,-41.74321365356445,172.30144831902382,-202.30530557568744,-41.753214281910985,0.4356318544859762,0.3587339504173657,0.051562932813269895,3.584470453008669e-05,11.032696289319855,45.27249874658284,nan,nan,nan
269.22,172.62391662597656,-202.60836791992188,-41.74521255493164,172.3022748691455,-202.31409000780914,-41.753282382546296,0.4360252646493515,0.35878201867305937,0.05158323509367364,3.513659984873992e-05,10.03728341313672,44.689897709213746,nan,3.022327169431016,nan
269.23,172.6253662109375,-202.61708068847656,-41.74721908569336,172.30302697404034,-202.32287483207014,-41.75543267257529,0.4364941381012454,0.35883017485912966,0.05160360022128103,3.5841919224229725e-05,10.008133992756898,44.10703240499303,nan,nan,nan
269.24,172.6267852783203,-202.6257781982422,-41.749202728271484,172.3037270063593,-202.33165945942054,-41.758667774738804,0.4369920671054531,0.3588784174443733,0.051624028340375126,3.5134254451690816e-05,10.616979493194467,45.54146640473603,nan,0.8345676314512748,nan
269.25,172.628173828125,-202.63449096679688,-41.75115966796875,172.31550625454614,-202.34300446690781,-41.76073257932669,0.4275710839347495,0.3588112211691742,0.05161930335201931,3.581779963456376e-05,10.696965454479031,43.56855528257403,1.533928363508953,nan,nan
269.26,172.62953186035156,-202.64320373535156,-41.75308609008789,172.316250085192,-202.35178933784883,-41.76063022000759,0.4279307603050478,0.35885925683032016,0.0516397339526689,3.511138807575079e-05,9.702675038317237,42.20352408825033,nan,3.404898091144175,nan
269.27,172.63087463378906,-202.65191650390625,-41.75497055053711,172.3169156231976,-202.3605740405067,-41.76267546492709,0.42838073838240925,0.35890738024253954,0.05166022762302472,3.5816343602781255e-05,9.68255880034944,42.909354465845546,nan,nan,nan
269.28000000000003,172.63218688964844,-202.66062927246094,-41.7568244934082,172.3175681732577,-202.36935858736837,-41.76407533521013,0.4288077930780638,0.3589555900475644,0.05168078450756775,3.511029695459005e-05,9.46629936723334,42.20022012108504,nan,0.261421206942711,nan
269.29,172.6334686279297,-202.66934204101562,-41.75864028930664,172.31818046949522,-202.37814295704214,-41.76604430531138,0.4292532455427593,0.3590038878514996,0.05170140475083947,3.5815524380643855e-05,9.443817538947457,41.94123712815267,nan,nan,nan
269.3,172.63473510742188,-202.67803955078125,-41.76041793823242,172.3425247376899,-202.38947781289522,-41.76648096038993,0.41072075305295286,0.3589366657401647,0.051696598689197196,3.5088654103414696e-05,9.41613293500604,41.34166482766632,9.083996220793791,1.4896046808498746,nan
269.31,172.63597106933594,-202.68675231933594,-41.76216506958008,172.3431337112833,-202.39825317108364,-41.7683654356971,0.41112518939313825,0.35898475635289795,0.051717220648361976,3.5793290220271224e-05,9.386606464447098,39.86669890006326,nan,nan,nan
269.32,172.63717651367188,-202.69546508789062,-41.76387405395508,172.3437155334786,-202.4070285643575,-41.77032167356082,0.4115295211797897,0.3590329333451116,0.05173790604040179,3.508870875397398e-05,9.441854174965977,39.689430197694875,nan,0.007866846800865666,nan
269.33,172.63836669921875,-202.7041778564453,-41.76554870605469,172.3442750469836,-202.41580393143633,-41.77213976862092,0.41193793542867685,0.359081198165982,0.051758655010293975,3.579364065101156e-05,9.415393617814074,40.039291108644925,nan,nan,nan
269.34000000000003,172.6395263671875,-202.71287536621094,-41.76719284057617,172.34481783685632,-202.42457928971814,-41.77357864401409,0.4123208993692318,0.35912954969192035,0.05177946770188388,3.508931247334261e-05,9.307692855565543,40.34934922113643,nan,0.08434456476336524,nan
269.35,172.6406707763672,-202.72158813476562,-41.768802642822266,172.36664886000597,-202.43926237974134,-41.775401135104886,0.39349635664986077,0.35906230270478656,0.05177457699772896,3.577254426603962e-05,9.455356945553985,38.802768178820884,4.580528964153562,nan,nan
269.36,172.64178466796875,-202.7303009033203,-41.77037811279297,172.36719578906542,-202.44804375172555,-41.77615455814084,0.39382930231844565,0.3591104468487951,0.051795390621873647,3.506928588002153e-05,9.135210432381099,38.09622061062362,nan,0.6570464790659354,nan
269.37,172.64288330078125,-202.739013671875,-41.77192306518555,172.3677007923968,-202.45682413956578,-41.777834194543864,0.3941970148491103,0.35915867865683626,0.05181626803943968,3.577395730960415e-05,9.106146794039534,38.282816221398214,nan,nan,nan
269.38,172.64395141601562,-202.74771118164062,-41.773441314697266,172.36819872139674,-202.46560495500188,-41.77872195682282,0.39452675052420333,0.35920699714693477,0.0518372093933617,3.5070890498372254e-05,8.86948642393793,38.37489623216494,nan,0.4081342275288281,nan
269.39,172.64500427246094,-202.7564239501953,-41.774925231933594,172.36866020625789,-202.47438530902483,-41.780334559765045,0.39489378175215645,0.35925540355645014,0.051858214829965256,3.577587975765213e-05,8.838695587727987,37.78476886339791,nan,nan,nan
269.4,172.6460418701172,-202.76513671875,-41.7763786315918,172.3794567374184,-202.48654216846074,-41.78040454617448,0.3856147875991442,0.3591881300533495,0.05185323590471075,3.505183429252812e-05,8.466026913172223,37.219350813460274,1.0815656337449289,1.4949235359063826,nan
269.41,172.6470489501953,-202.7738494873047,-41.77780532836914,172.3798940727836,-202.49532747224566,-41.781944472540395,0.3859577359140212,0.35923632881583517,0.05187424147384552,3.575627482409276e-05,8.42982927008317,36.560643263982534,nan,nan,nan
269.42,172.64804077148438,-202.7825469970703,-41.779205322265625,172.3803234385709,-202.50411325927686,-41.782796297140635,0.3862781533875327,0.35928461423100105,0.05189531119012293,3.505434311464483e-05,8.26449820181189,37.42817448870959,nan,0.30694613190920533,nan
269.43,172.6490020751953,-202.791259765625,-41.780574798583984,172.38072076923063,-202.5128983432216,-41.7842746598112,0.3866181961388541,0.3593329874091742,0.051916445201124824,3.575911851140623e-05,8.227354657461023,35.991178581296325,nan,nan,nan
269.44,172.64996337890625,-202.7999725341797,-41.781917572021484,172.38109847176938,-202.52168351872837,-41.785726264245845,0.3869723769819299,0.35938144801205446,0.05193764364979723,3.6478204639661145e-05,8.189856331108185,36.78024408477971,nan,nan,nan
269.45,172.65089416503906,-202.8086700439453,-41.783233642578125,172.37199553154514,-202.53188993492185,-41.7871555526817,0.3929466349196523,0.3593141485717935,0.05193257292271263,3.718795592641496e-05,7.782964256128356,37.90242846990802,3.0923076025518363,nan,nan
269.46,172.6518096923828,-202.8173828125,-41.784523010253906,172.3723590910319,-202.54069058007525,-41.78588228355452,0.3932595551330935,0.35936240083565435,0.051953770684393476,3.640084826997508e-05,7.369187820955832,36.6476769686936,nan,4.658010872056004,nan
269.47,172.65269470214844,-202.8260955810547,-41.78578567504883,172.37265804508309,-202.54948777033096,-41.78723071899691,0.39361719780228804,0.359410740745952,0.051975032949376235,3.713209886055652e-05,7.324439489526654,35.99069244388602,nan,nan,nan
269.48,172.65357971191406,-202.83480834960938,-41.787025451660156,172.37295976843853,-202.55828658882245,-41.787313315178025,0.3939694400969605,0.35945916755754653,0.05199635985693129,3.634814723135586e-05,7.220082526385444,36.60461098590715,nan,1.007174366466366,nan
269.49,172.65443420410156,-202.843505859375,-41.788238525390625,172.37322301769944,-202.56708373526078,-41.78860083176967,0.3943210028941089,0.3595076822746509,0.05201775155716566,3.7078107124728325e-05,7.17041315656197,36.88891546174496,nan,nan,nan
269.5,172.6552734375,-202.8522186279297,-41.7894287109375,172.36782229531397,-202.57524036550586,-41.789153314133536,0.3991806518893086,0.3594403555205253,0.05201258543676743,3.627465766367933e-05,7.033200495407208,36.3233677662557,0.5670347504248977,0.37929881318810377,nan
269.51,172.65609741210938,-202.86093139648438,-41.790592193603516,172.36804004543004,-202.58403941963599,-41.79038797342179,0.3995575741330995,0.3594886621231614,0.05203397561887937,3.7002486504437826e-05,6.983217199447866,36.41438773015535,nan,nan,nan
269.52,172.6569061279297,-202.86964416503906,-41.7917366027832,172.36824099260195,-202.5928386225267,-41.79159683051734,0.3999361052163564,0.359537055588794,0.05205543064674312,3.622558411014121e-05,6.93387441626507,36.26473277314031,nan,7.686056550211397e-06,nan
269.53000000000003,172.65769958496094,-202.8783416748047,-41.7928581237793,172.3684254151254,-202.60163800481064,-41.792787061961164,0.40030547257313964,0.35958553681026506,0.05207695067206778,3.6952279069715295e-05,6.883805066502408,37.16092760117818,nan,nan,nan
269.54,172.65847778320312,-202.88705444335938,-41.79395294189453,172.36861634397988,-202.61043990475497,-41.79247741110981,0.40067122944753064,0.3596341052092573,0.052098535831744695,3.617828025339076e-05,6.895664777867733,36.35517694643611,nan,1.4423803261298065,nan
269.55,172.65924072265625,-202.89576721191406,-41.79502868652344,172.38463999469897,-202.62004502857894,-41.793639188209156,0.3891403511373726,0.35956675146984385,0.05209327073532635,3.688062459044408e-05,7.219666082920202,35.25328230836596,4.501438562362273,nan,nan
269.56,172.6599884033203,-202.9044647216797,-41.796085357666016,172.38481000677868,-202.6288362078483,-41.794782769544994,0.3894816097018344,0.3596151115408681,0.052114853526739835,3.6110414282781466e-05,7.164816610087398,35.99794638210168,nan,0.000611076090203062,nan
269.57,172.6607208251953,-202.91317749023438,-41.797119140625,172.38496572135645,-202.63762746694763,-41.79587612887152,0.3898336025854155,0.3596635592232784,0.052136501516717705,3.683414113996177e-05,7.111815737916617,35.00728103426501,nan,nan,nan
269.58,172.66143798828125,-202.92189025878906,-41.79813003540039,172.3850853725309,-202.6464161388996,-41.79846178039476,0.390201062294383,0.35971209403592214,0.05215821484051521,3.6066667268537824e-05,7.025271689439014,34.951281908705276,nan,1.5185638920995839,nan
269.59000000000003,172.66213989257812,-202.93060302734375,-41.79912185668945,172.38521196939945,-202.65520773442984,-41.799530863322396,0.3905532092834729,0.3597607167261226,0.0521799936522786,3.678946784016162e-05,6.979414806313756,34.77374122102334,nan,nan,nan
269.6,172.66282653808594,-202.93930053710938,-41.80009460449219,172.36302887893194,-202.67086795817835,-41.80188772025727,0.4024150856142496,0.35969333483494126,0.05217462598215776,3.600249450511159e-05,5.961728603666426,37.75590501005376,24.22692677062402,1.0500644297741515,nan
269.61,172.6634979248047,-202.94801330566406,-41.801048278808594,172.36307136611418,-202.67969998324827,-41.80293251526274,0.40280479949900655,0.3597417489321456,0.05219640156053905,3.672353060456813e-05,5.9243718884870855,36.61072243332038,nan,nan,nan
269.62,172.66416931152344,-202.95672607421875,-41.80198287963867,172.3631048878615,-202.68853287924932,-41.80360933710454,0.4031997301421293,0.3597902501066496,0.05221824266854212,3.5962222975165864e-05,5.856508489620545,37.155861123464256,nan,0.08176373807921893,nan
269.63,172.66481018066406,-202.96543884277344,-41.80289840698242,172.36312053847504,-202.69736536924324,-41.80461477235462,0.40358762781429786,0.3598388390215049,0.05224014946192522,3.66824661793837e-05,5.81922203212507,36.24041763948667,nan,nan,nan
269.64,172.6654510498047,-202.97415161132812,-41.803794860839844,172.3630967206025,-202.7061939551928,-41.80768690897072,0.40402301160639603,0.35988751532187957,0.052262122073540085,3.592363733785567e-05,6.1165411270651,37.14249256455156,nan,2.9085239529068123,nan
269.65,172.66607666015625,-202.98284912109375,-41.8046760559082,172.36664703223568,-202.70705514512778,-41.8084173891288,0.4071049211567429,0.3598201053420424,0.05225664825262126,3.662024911892267e-05,6.695413272387548,36.8401012942196,10.383655126703209,nan,nan
269.66,172.66668701171875,-202.99156188964844,-41.805538177490234,172.36665045089308,-202.7158591161066,-41.808732249244486,0.4074851644724402,0.3598685728243742,0.05227861674945747,3.58647516626427e-05,6.552997716615514,35.625727662147575,nan,0.2882530280795142,nan
269.67,172.6672821044922,-203.00027465820312,-41.80638122558594,172.3666336637698,-202.72466194355033,-41.80967937214336,0.4078758771462295,0.3599171279140066,0.05230065112539789,3.6582686462905186e-05,6.521608103027296,35.46588702209924,nan,nan,nan
269.68,172.66786193847656,-203.0089874267578,-41.80720901489258,172.3986827386149,-202.71329962545803,-41.81279341270478,0.39989986618476064,0.3586146877272214,0.051789913588157634,3.5828867513397215e-05,12.790391908391422,41.43491691442836,nan,3.1438872111775855,0.7628050296669527
269.69,172.66844177246094,-203.0177001953125,-41.808021545410156,172.39866347306992,-202.72204960014983,-41.81373013164303,0.4002776451403828,0.3586616438436701,0.051809269952366815,3.6546168906302457e-05,12.737501173377574,41.865025975092514,nan,nan,nan
269.7,172.66900634765625,-203.02639770507812,-41.808815002441406,172.39567469133362,-202.7282208626819,-41.813294980396805,0.40452403376305995,0.35859208985675595,0.05180470686901895,3.577341921854865e-05,12.530088832926921,42.30475484776972,0.3907115094091224,1.2509689806865585,nan
269.71,172.6695556640625,-203.0351104736328,-41.80959701538086,172.39563067030184,-202.7369631817074,-41.81418790718845,0.4049046630712191,0.358638843532387,0.05182406773518865,3.648926284796955e-05,12.473529967567394,40.965368066416566,nan,nan,nan
269.72,172.67010498046875,-203.0438232421875,-41.810359954833984,172.39554214749162,-202.7457180822844,-41.81599011348506,0.40531855903684744,0.3586856815904612,0.051843487221083076,3.574141079982608e-05,12.709601994979154,41.83126561262812,nan,0.5776169169603997,nan
269.73,172.67062377929688,-203.0525360107422,-41.81110763549805,172.39547551406815,-202.75446056774211,-41.81686299146371,0.40569528183152004,0.3587326079721805,0.0518629660097456,3.645674692998265e-05,12.659259124527516,40.810263320636835,nan,nan,nan
269.74,172.671142578125,-203.06124877929688,-41.81184005737305,172.39538642007525,-202.76320747634574,-41.818057094402775,0.4060895572611966,0.35877961911954503,0.05188250371797439,3.571095605928484e-05,12.760915094154551,41.370938336526685,nan,0.0762610494923646,nan
269.75,172.67166137695312,-203.06996154785156,-41.81256103515625,172.3939143697886,-202.77150014178594,-41.81901244978442,0.4077551123532655,0.35871008689632833,0.051877884025030165,3.640322737041064e-05,12.767279365978867,41.88977960765531,0.5256536597396558,nan,nan
269.76,172.67214965820312,-203.0786590576172,-41.81326675415039,172.39385675218585,-202.78022567745091,-41.81858909229531,0.40809037138890375,0.3587568955465888,0.05189742568477732,3.566032850254353e-05,12.345603006965598,41.38689216391871,nan,1.0794415328159541,nan
269.77,172.67263793945312,-203.08737182617188,-41.81395721435547,172.39374614627363,-202.78896754263494,-41.81940024283829,0.40847934500429056,0.35880379225045717,0.05191702688366826,3.6373903402082565e-05,12.294770248605465,40.90680105182319,nan,nan,nan
269.78000000000003,172.67312622070312,-203.09608459472656,-41.814632415771484,172.3936073433245,-202.7977166957504,-41.82075177701588,0.4088907586782656,0.35885077381415065,0.05193668728508194,3.5632908111506315e-05,12.460155539071751,41.566878605241634,nan,0.2083414200653318,nan
269.79,172.67359924316406,-203.10479736328125,-41.8152961730957,172.39347745597857,-202.80645902048343,-41.82154295334291,0.40928352605840485,0.35889784363295935,0.05195640750440948,3.634611716334626e-05,12.412456060455519,41.11853306855786,nan,nan,nan
269.8,172.67405700683594,-203.11351013183594,-41.81594467163086,172.42179942360107,-202.82579291042805,-41.82172494676556,0.3826859017194173,0.35882832922416313,0.051951727453135345,3.558534911832751e-05,12.171420662209842,39.58624187027121,6.975627716065385,0.23904561539561311,nan
269.81,172.67449951171875,-203.12222290039062,-41.81658172607422,172.4216976557291,-202.83455317583733,-41.82248574872323,0.38301110466906696,0.3588751963023901,0.051971451027886556,3.629735000529915e-05,12.123468720062228,39.170480379848634,nan,nan,nan
269.82,172.67494201660156,-203.1309356689453,-41.81720733642578,172.42156783460422,-202.84332071413976,-41.823831306610224,0.3833597726830831,0.35892214832103325,0.051991234082961496,3.5560823883173305e-05,12.327621267790914,39.733598555611394,nan,0.2431544733942935,nan
269.83,172.67538452148438,-203.1396484375,-41.81781768798828,172.4214479733023,-202.85208123029545,-41.82457497281517,0.38369822785658664,0.35896918834379804,0.052011077190341315,3.6272549472779364e-05,12.283220711124738,40.13692698779307,nan,nan,nan
269.84000000000003,172.67581176757812,-203.1483612060547,-41.81842041015625,172.42135880534667,-202.86082670131006,-41.82403050797578,0.3839972325481587,0.3590163136740679,0.0520309800765455,3.553769157892837e-05,11.841270618920689,39.21067636990985,nan,1.116107433657635,nan
269.85,172.6762237548828,-203.15707397460938,-41.819007873535156,172.44733933898462,-202.873970220749,-41.824713321283674,0.3640993867406415,0.35894681971951986,0.05202623684631306,3.622678748835974e-05,12.35782131301313,37.56027833914675,10.79809270842541,nan,nan
269.86,172.67672729492188,-203.16578674316406,-41.81968688964844,172.44725555316435,-202.88274299340378,-41.82691642163054,0.3644493252514974,0.3589937422276078,0.052046142495666255,3.54944151460476e-05,12.861567008895532,37.95076004282903,nan,1.4504820481650764,nan
269.87,172.67733764648438,-203.1744842529297,-41.820457458496094,172.4473090702149,-202.89149907807206,-41.827772918636754,0.3647564544279207,0.3590407525007679,0.052066108429187206,3.620482073444361e-05,12.79510473908731,39.35101748064497,nan,nan,nan
269.88,172.6780242919922,-203.18319702148438,-41.821319580078125,172.4474855721183,-202.90024329112563,-41.82767518442998,0.3650360373876766,0.3590878481428831,0.05208613441362587,3.547397155118604e-05,12.386317366065603,37.28787905561334,nan,0.7517888213167256,nan
269.89,172.67881774902344,-203.19190979003906,-41.822269439697266,172.44772308707718,-202.9089993109218,-41.828703823986515,0.3653552836289468,0.3591350317670899,0.05210622096234767,3.618421468223144e-05,12.3222574751218,37.929535585493625,nan,nan,nan
269.9,172.6796875,-203.20062255859375,-41.82331085205078,172.48179124308444,-202.9369354255921,-41.830601223803974,0.32976807324559393,0.35906555508996774,0.05210141085951165,3.543338725695241e-05,11.853935705491915,36.96663238938571,14.795363972227856,0.4403432763214523,nan
269.91,172.6806640625,-203.20933532714844,-41.82443618774414,172.48225138047866,-202.94573827495174,-41.83181551381715,0.3300082616647411,0.35911253565541307,0.05212149953768365,3.614262140047924e-05,11.791954126461864,37.69199410174268,nan,nan,nan
269.92,172.6817169189453,-203.21804809570312,-41.82564926147461,172.48274955237378,-202.95456060085806,-41.83495455387438,0.33030328694517463,0.3591596016389334,0.0521416485337409,3.541548358620686e-05,12.662460679579935,37.99184146322159,nan,2.325989384548081,nan
269.93,172.682861328125,-203.2267608642578,-41.82694625854492,172.48338566736908,-202.96336309169115,-41.83636172891062,0.3305413391836163,0.35920675538270164,0.05216185832396515,3.612462759398345e-05,12.604026579991423,38.11977640442083,nan,nan,nan
269.94,172.68408203125,-203.2354736328125,-41.82832717895508,172.48407367325427,-202.97217904443093,-41.83915399254625,0.33082412764444075,0.3592539948970429,0.05218212872921203,3.5398798220202314e-05,13.39465491891687,38.471781525799216,nan,1.1647355600826963,nan
269.95,172.68539428710938,-203.2441864013672,-41.82979202270508,172.46067546454995,-202.97250211711184,-41.84074113737405,0.35274747715025057,0.35918453732893874,0.05217724878691681,3.608563937350789e-05,13.344068311681191,39.495138135412255,5.145039443911673,nan,nan
269.96,172.68678283691406,-203.25289916992188,-41.83134078979492,172.46151844792195,-202.981294927374,-41.842757056082185,0.35304849617855744,0.3592315736794794,0.05219752068871032,3.536192853315771e-05,13.64171163932851,39.33857164392488,nan,0.08081411402019653,nan
269.97,172.68826293945312,-203.26161193847656,-41.832969665527344,172.46245380371488,-202.9900841113245,-41.84451737983179,0.35334186902549114,0.3592786975790576,0.05221785361200217,3.6070101161977814e-05,13.58732523025659,39.6525749844781,nan,nan,nan
269.98,172.68983459472656,-203.27032470703125,-41.834678649902344,172.46349547323234,-202.9988639259758,-41.84541210846641,0.3536036774451849,0.3593259072811668,0.05223824741163561,3.53475688898703e-05,13.083970192612888,39.51494887436002,nan,0.6212593154092109,nan
269.99,172.69146728515625,-203.27903747558594,-41.83646774291992,172.46459487787664,-203.00765301747717,-41.84732577334816,0.35389053408168264,0.35937320476324763,0.05225870251422742,3.6055738880208685e-05,13.030034922371417,38.525846774837646,nan,nan,nan
270.0,172.6931915283203,-203.28775024414062,-41.83833694458008,172.47445849464876,-203.01881859470276,-41.85082989069085,0.3468781425674673,0.35930376375242734,0.05225374908678953,3.531300786164564e-05,14.21098932374051,39.63231135559503,0.9906358019980073,1.727309150234688,nan
270.01,172.6949920654297,-203.29644775390625,-41.84027862548828,172.4757345993347,-203.02760908582323,-41.852917120044665,0.3471423302331552,0.3593508578396408,0.052274205015720096,3.602032398628853e-05,14.160084769793205,40.46664410391639,nan,nan,nan
270.02,172.6968231201172,-203.30516052246094,-41.8422737121582,172.4770378078007,-203.0364093616872,-41.85616124057887,0.3474559445065248,0.3593980377503911,0.05229472207726092,3.530082458456737e-05,15.126163678470357,40.40167560303575,nan,0.8294442647981553,nan
270.03000000000003,172.6986541748047,-203.31387329101562,-41.844268798828125,172.478377835853,-203.04519905423751,-41.85834941312207,0.34771507690802794,0.35944530524507556,0.052315300667056044,3.600819458993481e-05,15.106762370949891,40.60353001290592,nan,nan,nan
270.04,172.70045471191406,-203.3225860595703,-41.84624481201172,172.4796788487724,-203.05399872602618,-41.86168115025167,0.3480221516290992,0.3594926589028862,0.052335940685268326,3.5289682661294356e-05,16.291831126954676,41.299455519010024,nan,0.9179186842030851,nan
270.05,172.7022247314453,-203.331298828125,-41.84819793701172,172.52687628647058,-203.07882848416617,-41.86383425583584,0.3077870143461504,0.35942323561953676,0.052330910682885354,3.5974988371864534e-05,16.328352468785937,39.51586124712261,18.468529637654864,nan,nan
270.06,172.7039794921875,-203.33999633789062,-41.85011291503906,172.52822780752547,-203.08764109340365,-41.86594948578714,0.3079328190607224,0.35947038575600915,0.05235155085519621,3.525827141569211e-05,16.582962055350926,41.40681232096837,nan,0.00046629844526999625,nan
270.07,172.7056884765625,-203.3487091064453,-41.851993560791016,172.52954673365718,-203.09645373294572,-41.86805722988901,0.3080855863522857,0.3595176232896166,0.05237225277844548,3.5964938536170896e-05,16.58470630794736,39.84308309093636,nan,nan,nan
270.08,172.70736694335938,-203.357421875,-41.85383605957031,172.5308550509358,-203.10525722435804,-41.86909252226087,0.3081821196211124,0.35956494699229213,0.0523930163808515,3.524909567963267e-05,15.953534083748217,39.28538413043538,nan,0.7494146245480693,nan
270.09000000000003,172.70901489257812,-203.36611938476562,-41.85564422607422,172.5321077737262,-203.11406921306133,-41.87112009335859,0.3083259966737397,0.3596123583352377,0.052413842016949694,3.595588246050314e-05,15.950388413141898,40.18733662015121,nan,nan,nan
270.1,172.7106170654297,-203.3748321533203,-41.857418060302734,172.51752940459932,-203.10884314724632,-41.872741245408235,0.329040721064967,0.35954295072186326,0.05240873183511682,3.52196212567112e-05,16.757456855494077,38.507994395962804,9.884907281377645,0.13695618602929185,nan
270.11,172.7122039794922,-203.383544921875,-41.85915756225586,172.51870602875454,-203.11761408163352,-41.87469650747247,0.3292447836331736,0.35959015831642066,0.052429556919680084,3.592567175523903e-05,16.7524885267297,39.04343123653558,nan,nan,nan
270.12,172.7137451171875,-203.39224243164062,-41.86085891723633,172.51983115416047,-203.12639286994826,-41.87760760667873,0.32948313023113573,0.359637452076454,0.05245044392920058,3.5212268419664135e-05,17.937920548689696,40.60760085596635,nan,0.6831006213776902,nan
270.13,172.71527099609375,-203.4009552001953,-41.86252975463867,172.52094497378752,-203.13516366296838,-41.879505707865995,0.329690653787444,0.3596848333030256,0.05247139319295781,3.5918481741458266e-05,17.935931541009282,40.161919554391396,nan,nan,nan
270.14,172.7167510986328,-203.40966796875,-41.864166259765625,172.52203524490665,-203.14393164068406,-41.88101480150981,0.32986956983811716,0.3597323010234936,0.05249240467622527,3.520578622187007e-05,17.9180639553421,39.512219279737415,nan,0.08860860819478211,nan
270.15,172.7182159423828,-203.41836547851562,-41.86576843261719,172.57523319351637,-203.1691036423399,-41.88288101246953,0.28786866768771274,0.35966290971851833,0.0524872111246548,3.5890103422469926e-05,18.206070525305506,39.492874600293256,25.09138014101451,nan,nan
270.16,172.7196502685547,-203.4270782470703,-41.867340087890625,172.57634077216844,-203.1778984457121,-41.88510984125331,0.2879999119686944,0.3597101735447403,0.052508221346173375,3.517892391320201e-05,18.964620753360872,39.18943301223551,nan,0.1288067672263999,nan
270.17,172.72103881835938,-203.43577575683594,-41.86888122558594,172.57742778297455,-203.18668991459347,-41.8868828233533,0.2880832237602819,0.35975752467160005,0.05252929403977696,3.5884635229206764e-05,18.960559336489624,39.41271564536204,nan,nan,nan
270.18,172.722412109375,-203.44448852539062,-41.87038803100586,172.57850800714309,-203.19547262580792,-41.88743535089716,0.28811095084989685,0.35980496227581,0.05255042919332739,3.517406691815717e-05,18.13483112691248,38.150830559402365,nan,0.9906156056429217,nan
270.19,172.7237548828125,-203.4532012939453,-41.87186813354492,172.5795391386267,-203.20426395692326,-41.88913725866544,0.28821207697999945,0.3598524874342565,0.052571627102920473,3.587998868966792e-05,18.127545952222523,37.91129927901475,nan,nan,nan
270.2,172.72508239746094,-203.46189880371094,-41.87331771850586,172.6152155882249,-203.22924459896757,-41.891506422228616,0.25793317681056205,0.3597831107609128,0.05256634661226912,3.5148794479066326e-05,18.8292608722222,39.75389722802716,11.10553500599616,0.33169051430298413,nan
270.21,172.72637939453125,-203.47061157226562,-41.87473678588867,172.61624459739213,-203.23806932471524,-41.893158512354546,0.2579630408462496,0.35983043180056595,0.05258754252013391,3.585406634322315e-05,18.82560643617318,38.6702011229296,nan,nan,nan
270.22,172.72764587402344,-203.47930908203125,-41.87613296508789,172.61726525431294,-203.24688711565292,-41.893732136672156,0.2579022731642613,0.3598778392928834,0.05260880112358004,3.514543006878313e-05,18.115915743489374,38.59679741229255,nan,0.7731192391207968,nan
270.23,172.7288818359375,-203.48802185058594,-41.87749481201172,172.6182428487423,-203.25571216824557,-41.89531901669054,0.2579272693398158,0.35992533418452416,0.05263012269863976,3.585094454279926e-05,18.10929884835592,37.564392613921626,nan,nan,nan
270.24,172.7301025390625,-203.49671936035156,-41.87883377075195,172.61920627123013,-203.26453256894675,-41.896208393524994,0.25789642463306395,0.35997291584779784,0.052651507262688926,3.514277781288098e-05,17.780556027876692,38.30608353970179,nan,0.3152690277518443,nan
270.25,172.73129272460938,-203.50543212890625,-41.88014221191406,172.6080143860615,-203.2782512621729,-41.89783550598752,0.2590786514169267,0.35990355402482815,0.052646136563407005,3.58265095365243e-05,17.033109282879074,38.140394253385104,11.787585618008226,nan,nan
270.26,172.73245239257812,-203.51412963867188,-41.88142776489258,172.6088823394401,-203.28710274275727,-41.899321175988355,0.25909639839603643,0.3599509314060698,0.05266751837895598,3.511962343326301e-05,17.356551480836046,39.07720198702002,nan,0.00024087521735137205,nan
270.27,172.7335968017578,-203.52284240722656,-41.882686614990234,172.60972648542062,-203.29595437632867,-41.90080024247606,0.25913343538589423,0.35999839603819106,0.05268896337889285,3.582478113118699e-05,17.344640464851693,38.351007954942816,nan,nan,nan
270.28000000000003,172.73472595214844,-203.53155517578125,-41.8839225769043,172.61054033246657,-203.30480905055458,-41.90274396126928,0.25921056681873883,0.36004594740634277,0.05271047159828655,3.511828418697765e-05,18.21951379660755,39.40397089168557,nan,0.16770134460068478,nan
270.29,172.73582458496094,-203.54025268554688,-41.8851318359375,172.6113388251302,-203.31366066465648,-41.904179576901484,0.25923631066589065,0.3600935862877492,0.05273204328711197,3.5823717345161556e-05,18.205620133882547,40.01858998270868,nan,nan,nan
270.3,172.73690795898438,-203.54896545410156,-41.886314392089844,172.638138435376,-203.3246906775959,-41.905807603337855,0.24583445538665438,0.36002423792290844,0.05272657884007246,3.509640622456985e-05,19.52140990576418,39.0149824635142,12.580860814322548,0.01777930225803659,nan
270.31,172.7379608154297,-203.5576629638672,-41.88747787475586,172.6389488972699,-203.3335308320232,-41.9071996411213,0.2458200978992246,0.3600716722987787,0.05274814700715614,3.5801250548999365e-05,19.504044978373397,39.54184518973193,nan,nan,nan
270.32,172.73899841308594,-203.56637573242188,-41.888614654541016,172.63975344270318,-203.34236486038952,-41.907452241473784,0.24573418487548387,0.36011919336825976,0.05276977861951523,3.50962609250711e-05,18.69778159541594,37.997586104369454,nan,0.8761223034783848,nan
270.33,172.74000549316406,-203.5750732421875,-41.889732360839844,172.6405218104698,-203.35120529036882,-41.908788871851165,0.24571734490227773,0.3601668018115592,0.05279147391164512,3.580140402390299e-05,18.67650254696614,38.51716646172832,nan,nan,nan
270.34000000000003,172.74099731445312,-203.5837860107422,-41.89082336425781,172.64126636511568,-203.36004715577258,-41.91035278284338,0.24573712716874965,0.3602144972596186,0.05281323294144405,3.5096685348525046e-05,19.34774684911789,38.43626744233906,nan,0.04342134700208603,nan
270.35,172.74197387695312,-203.59249877929688,-41.89189529418945,172.6732951757781,-203.37412915589718,-41.911671308882745,0.22976759383334142,0.3601451622468748,0.05280767141752089,3.578011754172492e-05,19.93743356152835,37.76575959640648,13.265113062093414,nan,nan
270.36,172.74293518066406,-203.6011962890625,-41.892948150634766,172.6740832455446,-203.38295857084574,-41.91154996325009,0.2295959887600939,0.36019265301068876,0.052829426143700724,3.507648510574377e-05,18.817985287262303,37.631245307620084,nan,1.3741210683767768,nan
270.37,172.74386596679688,-203.6099090576172,-41.893978118896484,172.67483458929027,-203.3917954758092,-41.91279256640118,0.22954923019795626,0.36024023101408076,0.05285124475708622,3.578137202826492e-05,18.79406518060471,36.36808081081632,nan,nan,nan
270.38,172.74478149414062,-203.6186065673828,-41.89498519897461,172.67558564836827,-203.40062498146466,-41.912485260287724,0.22936932885088968,0.3602878959707987,0.052873127329007286,3.507794530727392e-05,17.57853948381327,36.14062987828982,nan,1.645489148505578,nan
270.39,172.7456817626953,-203.6273193359375,-41.895973205566406,172.676300023979,-203.40946202785335,-41.9136734109246,0.2293227629841688,0.3603356484366632,0.0528950740741292,3.578315213385507e-05,17.551762430464795,35.230670971153614,nan,nan,nan
270.4,172.74656677246094,-203.63601684570312,-41.896942138671875,172.69294217433998,-203.42018622186885,-41.9140449007469,0.22304923263468898,0.36026632558869137,0.05288941196073269,3.5058746314844385e-05,17.466990510485267,35.36169047899291,4.3290708851907915,0.3540496763539076,nan
270.41,172.7474365234375,-203.6447296142578,-41.897891998291016,172.693653481098,-203.42901842525083,-41.91518663434715,0.22298662996334812,0.3603138731465001,0.05291135359682639,3.576340540961877e-05,17.43566015190896,34.454702799155804,nan,nan,nan
270.42,172.74827575683594,-203.6534423828125,-41.89882278442383,172.69434733506253,-203.43785060525562,-41.916303176979696,0.2229207333314093,0.3603615076005985,0.052933359407834786,3.5061138260709205e-05,17.73663262245674,34.39021602544452,nan,3.313674559815888e-05,nan
270.43,172.74911499023438,-203.66213989257812,-41.89973449707031,172.69502390307372,-203.44668297959007,-41.917408739806035,0.22284502669085407,0.36040922943678666,0.05295542959687781,3.5766133670901614e-05,17.702861626650808,35.6952893980303,nan,nan,nan
270.44,172.7499237060547,-203.6708526611328,-41.900630950927734,172.6957003681272,-203.45550838345687,-41.91689708411706,0.22266098758584263,0.36045703847409644,0.05297756425235642,3.506397558660217e-05,16.464374600293915,33.13268278316229,nan,1.8005408215934544,nan
270.45,172.75071716308594,-203.6795654296875,-41.90150451660156,172.72773404717464,-203.47642831260612,-41.91800501119949,0.2050979723817473,0.3603877274387872,0.05297179817874572,3.574730146118449e-05,16.449617235821997,33.02489930594838,8.534401446216327,nan,nan
270.46,172.75149536132812,-203.68826293945312,-41.90236282348633,172.72843136906312,-203.48527374523522,-41.917129169719146,0.20482823460036637,0.3604353313756334,0.05299392690968777,3.504607258762827e-05,15.003525542635739,32.47242486079128,nan,2.5826372999564944,nan
270.47,172.75225830078125,-203.6969757080078,-41.90320587158203,172.72909393789854,-203.49412711957032,-41.9181330218824,0.20471188865069337,0.36048302257155374,0.05301612022048681,3.57508776153118e-05,14.9647216558864,31.499675884354247,nan,nan,nan
270.48,172.75302124023438,-203.70567321777344,-41.904029846191406,172.72974383163336,-203.50297926604048,-41.918822544903186,0.2045617260278111,0.3605308009042678,0.053038378209370206,3.5049706276535624e-05,14.924085121788863,32.720923007592,nan,0.062720762354354,nan
270.49,172.75375366210938,-203.71438598632812,-41.90483856201172,172.73037566465723,-203.51183268008245,-41.91979207231334,0.20444554313133798,0.36057866677137834,0.053060701064914687,3.575485972586648e-05,14.885546602612738,31.382611990916608,nan,nan,nan
270.5,172.7544708251953,-203.7230987548828,-41.90563201904297,172.73521500306353,-203.52358403083045,-41.921630487509724,0.20107924505762245,0.36050936650213306,0.05305482754271624,3.503256934931536e-05,15.790972708469361,32.39567664818869,1.0796809609762468,0.729754379813118,nan
270.51,172.7551727294922,-203.73179626464844,-41.90640640258789,172.73582231009868,-203.53244505686365,-41.92257747954527,0.20093990769859318,0.36055702704346354,0.05307714363725849,3.573720086238366e-05,15.752313628340495,33.24279375633919,nan,nan,nan
270.52,172.75587463378906,-203.74050903320312,-41.907169342041016,172.73643273200656,-203.54129907537555,-41.92149435913569,0.20066838554527758,0.36060477465274215,0.05309952461720861,3.503691075138383e-05,14.24291400403912,31.119516303234924,nan,2.8625865717896013,nan
270.53000000000003,172.7565460205078,-203.7492218017578,-41.90791320800781,172.73701230012787,-203.55016030524052,-41.92239266876216,0.20054101927366527,0.3606526096789534,0.0531219706628779,3.574190187419852e-05,14.203815968169298,30.66502943629127,nan,nan,nan
270.54,172.75721740722656,-203.7579345703125,-41.90864562988281,172.73757911498893,-203.55902137912608,-41.92317556335608,0.2004076822796814,0.3607005320729703,0.05314448188474741,3.5041591889482656e-05,14.314593048433112,31.082102751160313,nan,0.007260550904627732,nan
270.55,172.7578582763672,-203.76663208007812,-41.909358978271484,172.73154093295096,-203.5593650950048,-41.92407096758086,0.20944843827374218,0.36063124203547015,0.05313849751775864,3.57249333476357e-05,14.855091855605968,31.31970531410143,3.6229865413591664,nan,nan
270.56,172.7584991455078,-203.7753448486328,-41.91006088256836,172.73209204206267,-203.56819606702507,-41.923220119635,0.20923938050498586,0.36067895889920853,0.05316100113097023,3.502542863549198e-05,13.692495616114327,29.55177984780658,nan,2.0562818020589853,nan
270.57,172.75912475585938,-203.7840576171875,-41.91075134277344,172.73261734032812,-203.57703261710907,-41.924046978083496,0.209138154467135,0.360726763065439,0.053183570005847114,3.573026886386765e-05,13.648271412498394,29.443194103833285,nan,nan,nan
270.58,172.75973510742188,-203.79275512695312,-41.91142272949219,172.7331268721443,-203.5858707463587,-41.925310925132884,0.20905029800668043,0.36077465452485497,0.053206204259736,3.503070479470311e-05,14.158186221894969,30.7603471450364,nan,0.1426886899206864,nan
270.59000000000003,172.76034545898438,-203.8014678955078,-41.912086486816406,172.73362727745783,-203.59470760264472,-41.92611684613643,0.20895102515079275,0.3608226335665669,0.05322890406276129,3.573591002283326e-05,14.113053287676573,30.096893991917018,nan,nan,nan
270.6,172.76092529296875,-203.8101806640625,-41.9127311706543,172.7709289107898,-203.61038026464695,-41.926332745115424,0.20051253029161242,0.3607533528046198,0.05322280538586335,3.5015111751125913e-05,14.45404905222602,29.085812468724853,16.674654388933753,0.31842281998910815,nan
270.61,172.76150512695312,-203.8188934326172,-41.913368225097656,172.7714763363933,-203.61921578514222,-41.92710960194625,0.20039813710844154,0.3608011260882043,0.053245496713840136,3.571980949964077e-05,14.409639598632108,29.27984697753768,nan,nan,nan
270.62,172.76206970214844,-203.8275909423828,-41.91399002075195,172.77201338410623,-203.62805102646382,-41.92766822012567,0.20025520715812228,0.36084898658677833,0.05326825361947261,3.502090917465635e-05,14.417441665372973,30.078951203308687,nan,0.030057654186350407,nan
270.63,172.76263427734375,-203.8363037109375,-41.91460037231445,172.77253788367017,-203.63688705800084,-41.928419738763694,0.20014009537268712,0.3608969345573403,0.05329107626727131,3.572597930190267e-05,14.373633168618996,29.379198001971478,nan,nan,nan
270.64,172.76316833496094,-203.8450164794922,-41.91519546508789,172.77305719567994,-203.64572085001186,-41.92815316891974,0.19996109517822613,0.3609449700389418,0.05331396478292895,3.50269589168587e-05,13.77540658527213,28.389089516112204,nan,0.7146897500800873,nan
270.65,172.76380920410156,-203.85372924804688,-41.91588592529297,172.76624898047453,-203.6622407788321,-41.92879648953802,0.19193871162453965,0.3608756978867034,0.053307748388804393,3.571038484910337e-05,12.73006592671916,28.865392538250543,10.614527928884543,nan,nan
270.66,172.76454162597656,-203.86244201660156,-41.91666793823242,172.73040417260572,-203.63620983496813,-41.92847530485665,0.2290977512675955,0.3571135361922337,0.04984236248696338,3.501148279037948e-05,18.010630903604582,34.111388245628554,nan,1.0108285227829095,0.34910019799579806
270.67,172.76535034179688,-203.8711395263672,-41.917537689208984,172.7311246114536,-203.6450407612322,-41.929416468815106,0.22898287625503808,0.3571636328708964,0.04985784973004574,3.571640893281358e-05,17.904388148490636,34.60069155708684,nan,nan,nan
270.68,172.76626586914062,-203.87985229492188,-41.91849899291992,172.7319014443689,-203.65383291703043,-41.929535206202615,0.228883094342831,0.3572138144512046,0.04987339250906226,3.50179828205672e-05,17.358330314058556,33.52519621541673,nan,0.587822661387081,nan
270.69,172.7672576904297,-203.88856506347656,-41.9195442199707,172.73280130864683,-203.66266399199222,-41.930647280646916,0.22878333483827146,0.3572640849593451,0.04988899610066603,3.572328262859428e-05,17.258521323025796,33.15491147703982,nan,nan,nan
270.7,172.76834106445312,-203.89727783203125,-41.92068099975586,172.7440994707537,-203.6781673502031,-41.932645886600405,0.22077186557452552,0.35719857099406804,0.04988534679065688,3.5003529688035834e-05,17.474337934987034,33.94455631249735,4.518141354167966,0.7187754844777587,nan
270.71,172.76951599121094,-203.90599060058594,-41.92190170288086,172.7451897111179,-203.68701794837514,-41.93394000007175,0.22064838752787508,0.35724862428178283,0.04990097350213433,3.570832910064325e-05,17.370549062069305,33.937870129371944,nan,nan,nan
270.72,172.77076721191406,-203.91468811035156,-41.92321014404297,172.74632562136793,-203.69582271511604,-41.93420283928352,0.22050009507634946,0.3572987624657483,0.049916656213534014,3.501039932933e-05,16.690062065316965,33.97399120306049,nan,0.8819961130840748,nan
270.73,172.77210998535156,-203.92340087890625,-41.924598693847656,172.7475871149749,-203.7046730441418,-41.93565802794634,0.2203759191539815,0.35734898940279447,0.04993239981448235,3.5715577086786634e-05,16.591502255792857,33.07594436135037,nan,nan,nan
270.74,172.77354431152344,-203.93211364746094,-41.92607498168945,172.74892015903356,-203.71350913642897,-41.9368493196093,0.2202506923643655,0.35739930156743127,0.04994819979465774,3.501745056931697e-05,16.410522618888308,33.0472312380668,nan,0.08573154304799693,nan
270.75,172.77505493164062,-203.94082641601562,-41.92762756347656,172.74404060975772,-203.7209080646201,-41.93835244599029,0.22235330568111578,0.35733370158592387,0.049944559390371325,3.570098145990087e-05,16.169089907655028,32.77015135507356,1.039092884840581,nan,nan
270.76,172.77664184570312,-203.9495391845703,-41.92926788330078,172.7455603517588,-203.7297799984247,-41.940616679386174,0.22223625791886326,0.35738379633029527,0.04996038208514538,3.5003492461063814e-05,16.55644038489081,33.03540573132768,nan,0.22424614980320734,nan
270.77,172.77830505371094,-203.95823669433594,-41.93098449707031,172.74714162154345,-203.73862956074487,-41.94240491530571,0.22210105488541595,0.3574339796496775,0.04997626574977233,3.570854789612557e-05,16.457870224672224,33.718579562750854,nan,nan,nan
270.78000000000003,172.78005981445312,-203.96694946289062,-41.93278121948242,172.74883948653454,-203.74751867016792,-41.94530772738441,0.22199435819515162,0.3574842481946566,0.049992206242944426,3.501084158076325e-05,17.217366820539624,33.786097366003084,nan,0.7538995617030878,nan
270.79,172.78189086914062,-203.9756622314453,-41.93465805053711,172.75058073767184,-203.75636780076172,-41.94726731930748,0.22187691479817317,0.3575346055601318,0.05000820790837172,3.5716272628621476e-05,17.117711800018427,33.609278454680855,nan,nan,nan
270.8,172.78379821777344,-203.984375,-41.93661117553711,172.75774769026808,-203.7725908585009,-41.94722107114934,0.21364391509874261,0.35746891614869053,0.05000456824918649,3.499716849299389e-05,15.1795232050118,32.51258387072463,5.916130283955283,2.677313342577562,nan
270.81,172.78578186035156,-203.99307250976562,-41.9386100769043,172.7596499482067,-203.78146675263122,-41.94930087586839,0.21348106817060825,0.3575190558027526,0.05002059200845532,3.570209999426738e-05,15.094067851618615,33.320622624625166,nan,nan,nan
270.82,172.787841796875,-204.0017852783203,-41.94061279296875,172.7616274059423,-203.79034065534213,-41.95136485477215,0.2133345487992509,0.35756928068129046,0.050036673033585236,3.500476781043893e-05,15.127414563708376,32.36576830223036,nan,0.0012317571125174806,nan
270.83,172.78997802734375,-204.010498046875,-41.942596435546875,172.76367963455237,-203.799215586158,-41.953463782223075,0.21319001593372358,0.35761959419922384,0.050052815318935816,3.571007786986984e-05,15.064317821242502,32.381461653299695,nan,nan,nan
270.84000000000003,172.79212951660156,-204.01919555664062,-41.94455337524414,172.76576454934224,-203.8080797923919,-41.95525770457438,0.21302478747628278,0.3576699932749859,0.050069015240394074,3.501249344763395e-05,14.961859795134899,33.21737935405453,nan,0.056344098415836825,nan
270.85,172.79425048828125,-204.0279083251953,-41.946475982666016,172.77832903188568,-203.82247268405746,-41.957173481644176,0.2063291833645082,0.35760421795359165,0.0500653766240755,3.5696148071221224e-05,14.651777858244802,31.882895162992995,2.282118007277769,nan,nan
270.86,172.79635620117188,-204.03660583496094,-41.948360443115234,172.7803536307364,-203.83129142034656,-41.957235869201604,0.20612827146512724,0.3576543991170117,0.05008159817667779,3.499914947002429e-05,13.630507304073028,32.04479686747454,nan,2.6715157440963915,nan
270.87,172.79843139648438,-204.04531860351562,-41.95021438598633,172.7824109274912,-203.8401783045595,-41.95918911815963,0.20596053869651115,0.3577046687376486,0.05009788108203415,3.5704335275913826e-05,13.571622465741502,31.10113958240515,nan,nan,nan
270.88,172.8004608154297,-204.05401611328125,-41.9520263671875,172.78436934981616,-203.84899841189662,-41.959183912479816,0.20577274746973112,0.3577550239151085,0.050114222044390214,3.500707086249886e-05,12.714102281453489,30.963168684867117,nan,2.6106940064337376,nan
270.89,172.80245971679688,-204.06272888183594,-41.95380401611328,172.786352081944,-203.85788433091898,-41.96104742543093,0.20560450607773106,0.35780546779431366,0.0501306245714765,3.571263045220787e-05,12.65655431403447,30.102883688527157,nan,nan,nan
270.9,172.80441284179688,-204.07142639160156,-41.95554733276367,172.79500722503133,-203.88277875860504,-41.96530900638962,0.18913404065347345,0.35773960358083046,0.05012697961689608,3.4993915436082795e-05,12.403741444788988,33.023390410719834,27.507389440486417,3.7720611937292383,nan
270.91,172.8063201904297,-204.08013916015625,-41.95725631713867,172.79691342661914,-203.89172716557414,-41.96712940942388,0.18890485663176898,0.3577898292533795,0.050143403119595586,3.569897295083466e-05,12.349591069842164,31.768311256817718,nan,nan,nan
270.92,172.80819702148438,-204.08883666992188,-41.95893096923828,172.79869749205213,-203.90058803469995,-41.966259874121995,0.18863059817841296,0.3578401404806962,0.05015988508742135,3.500199560779777e-05,11.090439991919498,31.63902750901582,nan,4.982276775543326,nan
270.93,172.81004333496094,-204.09754943847656,-41.9605712890625,172.8005276627695,-203.909535817174,-41.96798740929905,0.18840028835413208,0.35789054022752603,0.05017642872150276,3.570742882278804e-05,11.034688639952847,30.66760208254505,nan,nan,nan
270.94,172.8118438720703,-204.1062469482422,-41.962181091308594,172.80228082311825,-203.91844190673538,-41.96839407395725,0.18815096777328866,0.35794102586205434,0.0501930311807734,3.501016009515554e-05,10.53467412200578,30.94112879214998,nan,1.1720289920960176,nan
270.95,172.81361389160156,-204.1149444580078,-41.9637565612793,172.82073543522574,-203.92636428408028,-41.97001820950567,0.18881844883549057,0.35787507581415146,0.05018937929093373,3.569392728017757e-05,11.21964068226743,30.537332925232796,8.339422592436888,nan,nan
270.96,172.81533813476562,-204.1236572265625,-41.965301513671875,172.82252153929434,-203.93532334831139,-41.9726775617107,0.18861510300715542,0.35792534303784884,0.05020600220625948,3.499720839403224e-05,11.61554124306122,29.722809403066094,nan,0.7631873136949876,nan
270.97,172.81703186035156,-204.13235473632812,-41.96681594848633,172.82424098722163,-203.9442497629038,-41.97427775315809,0.18839089963729938,0.3579756985994689,0.05022268689445555,3.5702510275255594e-05,11.558786412676213,30.68825972253494,nan,nan,nan
270.98,172.81869506835938,-204.1410675048828,-41.968299865722656,172.82591293889212,-203.9531623730725,-41.975405574206725,0.1881779139770082,0.3580261400443403,0.05023943079883472,3.500549195747638e-05,11.381772796502132,29.552833795908832,nan,0.13844675428209044,nan
270.99,172.82032775878906,-204.14976501464844,-41.969757080078125,172.8275647938167,-203.9620882406307,-41.97694296272482,0.18795367272578412,0.35807667007288396,0.050256236698427235,3.5711163634358434e-05,11.324117620526316,30.50038197657544,nan,nan,nan
271.0,172.82192993164062,-204.15846252441406,-41.9711799621582,172.82457942958632,-203.965799107369,-41.97923404651656,0.19284989080031187,0.35801063164293273,0.05025257117793522,3.499265718191596e-05,12.064040636651454,30.59746725452627,2.342965392994408,0.5392491674113846,nan
271.01,172.82350158691406,-204.16717529296875,-41.97257614135742,172.82616139774046,-203.9747066689558,-41.9807225866857,0.1926593117255319,0.35806094296552265,0.05026939684527203,3.569782241450672e-05,12.010052393786761,29.57172331336963,nan,nan,nan
271.02,172.8250274658203,-204.17587280273438,-41.97394561767578,172.82770870799732,-203.98361105917908,-41.98207897073623,0.19245237989315345,0.35811134016445473,0.0502862821068813,3.500103182676667e-05,11.980937380560961,30.20985212054709,nan,0.007804385318938105,nan
271.03000000000003,172.8265380859375,-204.1845703125,-41.97528839111328,172.82922797654035,-203.99251836258446,-41.98351287634455,0.1922467922622762,0.35816182576762556,0.050303229479693186,3.570656826237461e-05,11.925029651543895,30.422671756855266,nan,nan,nan
271.04,172.8280029296875,-204.1932830810547,-41.97660446166992,172.83075792330445,-204.00146600581823,-41.986360609988495,0.19208478016780028,0.3582123975778448,0.05032023679630985,3.500945995624626e-05,12.6915827938187,29.887311570200893,nan,1.4630244517460687,nan
271.05,172.82945251464844,-204.2019805908203,-41.9778938293457,172.82568327614123,-204.0024246571679,-41.98794510768748,0.1998444545418184,0.3581462733717469,0.050316556271896316,3.5693319672829066e-05,13.349833897921316,30.79514938658368,6.217689333558868,nan,nan
271.06,172.83087158203125,-204.21067810058594,-41.979156494140625,172.82708377720206,-204.0112814402753,-41.98851246376049,0.199651971630607,0.35819662626706655,0.05033358278118495,3.499673741556623e-05,12.961130580003807,30.330491970003727,nan,0.46132085437826326,nan
271.07,172.83226013183594,-204.21939086914062,-41.98039245605469,172.8284784315104,-204.02016027481162,-41.98985570925534,0.19949106279525897,0.35824706738905865,0.05035067152271948,3.570213290012466e-05,12.910794680727268,29.30003830667767,nan,nan,nan
271.08,172.8336181640625,-204.22808837890625,-41.981605529785156,172.82985869370077,-204.02905224879686,-41.99166573240628,0.19932566915252373,0.3582975947070248,0.05036782056913192,3.500522911517865e-05,13.234973117810776,30.474961488117398,nan,0.16988453620907495,nan
271.09000000000003,172.83494567871094,-204.23678588867188,-41.98279571533203,172.83119815543716,-204.03793109325122,-41.99296653878247,0.19914999182058535,0.3583482105001971,0.050385032080588144,3.571098942661387e-05,13.182206908625401,30.341610962420077,nan,nan,nan
271.1,172.8362579345703,-204.24549865722656,-41.98396301269531,172.8285154781353,-204.03687420970354,-41.99385303043661,0.2090021966077325,0.35828199838799796,0.05038133044380967,3.499257232628738e-05,13.946257344873185,29.079848658785245,9.26439504871368,0.08911757128902732,nan
271.11,172.83753967285156,-204.2541961669922,-41.985103607177734,172.82980104500695,-204.04571493306568,-41.995104150164785,0.20886436297384886,0.358332394972073,0.050398560428150656,3.569782108590102e-05,13.894434986711335,29.831266262765535,nan,nan,nan
271.12,172.8387908935547,-204.2628936767578,-41.98622131347656,172.83106209546463,-204.05455698668635,-41.99637858307575,0.20872728828679787,0.35838287773763566,0.05041585106587547,3.500110691338246e-05,13.98271419692484,29.818086830877036,nan,0.0014673297724068712,nan
271.13,172.84002685546875,-204.2716064453125,-41.98731994628906,172.83229690012834,-204.06339801201153,-41.997586224828886,0.20860465091235475,0.3584334488045035,0.05043320429871517,3.5706721763771505e-05,13.930560594779097,29.057620661298603,nan,nan,nan
271.14,172.8412322998047,-204.28030395507812,-41.98839569091797,172.83354432965794,-204.0722742571387,-42.00021345883436,0.208506881776767,0.35848410638011624,0.05045061852419373,3.500967327892425e-05,14.910614892556357,30.789725337385843,nan,1.4647695100959408,nan
271.15,172.8424072265625,-204.28900146484375,-41.98944854736328,172.83013778789584,-204.07600873186547,-42.00121816333727,0.21367023023090181,0.3584178085430997,0.05044689374510288,3.569360182189858e-05,15.138537625102638,30.346503584836515,3.0963876661584413,nan,nan
271.16,172.84356689453125,-204.29771423339844,-41.990482330322266,172.83131763107832,-204.08485423900183,-42.00328016426371,0.2135958946779094,0.35846824669493865,0.05046432581481681,3.499706474901314e-05,15.882189643044548,30.389885463419663,nan,0.579099514193576,nan
271.17,172.84469604492188,-204.30641174316406,-41.991493225097656,172.83245117403146,-204.0936784408869,-42.00442587625758,0.2134775122276298,0.3585187729768377,0.05048182061432372,3.570252832785867e-05,15.830346037958662,31.058238223684047,nan,nan,nan
271.18,172.84580993652344,-204.31512451171875,-41.99248504638672,172.83352048222824,-204.102464373879,-42.00388719781023,0.2133198864850137,0.3585693857477035,0.05049937673868579,3.500565627548783e-05,14.804694039952857,29.30415046586553,nan,1.9568053947506838,nan
271.19,172.84690856933594,-204.32382202148438,-41.99345779418945,172.83460862430934,-204.1112887151463,-42.00497773163311,0.2132003844024739,0.35862008690096225,0.050516995835651654,3.571147954813159e-05,14.750292051921294,30.259293679151448,nan,nan,nan
271.2,172.8479766845703,-204.33251953125,-41.994407653808594,172.83192620024516,-204.11468582493896,-42.005871577665765,0.21872485730359845,0.35855370159617306,0.050513242295395236,3.4993078662259596e-05,15.193622123398098,29.906352937874953,2.170194951769529,0.015381440604939014,nan
271.21,172.84901428222656,-204.3412322998047,-41.99534225463867,172.83296738984592,-204.12349122310937,-42.00692306407753,0.21863850160200934,0.3586041830335611,0.05053087848612646,3.569838528625514e-05,15.141058365263023,28.842804370374605,nan,nan,nan
271.22,172.8500518798828,-204.3499298095703,-41.99625778198242,172.8339639390462,-204.13227523804719,-42.006967010309,0.21851091944483841,0.35865475093617205,0.05054857632203628,3.500168043998051e-05,14.604759464324605,29.545830740253205,nan,0.6919522457488471,nan
271.23,172.85104370117188,-204.35862731933594,-41.997154235839844,172.83496350786578,-204.1410806075454,-42.00797387169739,0.21840835365828928,0.3587054070544997,0.05056633727338763,3.570734811946168e-05,14.551768509087196,28.985872114857152,nan,nan,nan
271.24,172.85203552246094,-204.36734008789062,-41.9980354309082,172.8359057771565,-204.14985258190458,-42.007369406543305,0.21828446358999357,0.35875614996112987,0.05058416019958015,3.501029951663214e-05,13.70810175587674,27.68404257580778,nan,1.7937440878587372,nan
271.25,172.85299682617188,-204.37603759765625,-41.99889373779297,172.85727856913883,-204.1571697313261,-42.008315442358615,0.21911240209461666,0.3586896789833719,0.05058037532660426,3.569427304502753e-05,14.63111945856125,28.09145031929449,10.993081562429632,nan,nan
271.26,172.85394287109375,-204.38475036621094,-41.99974060058594,172.85824965693502,-204.16594325816192,-42.00885831052466,0.21903933795458946,0.35874020195324313,0.050598214666684405,3.49977278480936e-05,14.466660180707699,27.190699130938174,nan,0.11182020039155162,nan
271.27,172.85487365722656,-204.39344787597656,-42.00056838989258,172.85921073900877,-204.17472495417985,-42.00977920754491,0.21895973593220389,0.3587908129752334,0.05061611726892471,3.570323443988396e-05,14.412983387423768,28.018763819648928,nan,nan,nan
271.28000000000003,172.8557891845703,-204.40216064453125,-42.00137710571289,172.86018754267317,-204.18353707040538,-42.0122284816623,0.21893689747862677,0.3588415107559027,0.05063408215118027,3.500634705799785e-05,15.34769739855683,28.17500805046338,nan,1.6827779915191488,nan
271.29,172.85667419433594,-204.41085815429688,-42.00217056274414,172.86111161709172,-204.19231911499668,-42.013133800233206,0.2188588471942775,0.3588922968453786,0.05065211054760999,3.571220857325802e-05,15.29572615494535,28.752470745745022,nan,nan,nan
271.3,172.8575439453125,-204.41957092285156,-42.002952575683594,172.8469676725019,-204.19571802821548,-42.01553262917314,0.22445541590551243,0.35882573879936924,0.05064828912143408,3.499378411717689e-05,16.42593897092044,29.04464678891229,2.067766170994213,1.5039856594189092,nan
271.31,172.8583984375,-204.4282684326172,-42.00371551513672,172.8478310282592,-204.20449134630041,-42.01642364438495,0.22438661066889976,0.3588763046627946,0.050666333151048494,3.5699124367430144e-05,16.373708961957202,29.830952591428478,nan,nan,nan
271.32,172.85923767089844,-204.43698120117188,-42.00446319580078,172.8486519610978,-204.2132430888353,-42.0161232975972,0.22429168093761434,0.3589269572510768,0.050684439754847835,3.5002392960708855e-05,15.682308908943106,28.35371887257758,nan,0.9780077813782719,nan
271.33,172.8600616455078,-204.4456787109375,-42.00519561767578,172.84948090755918,-204.2220163882227,-42.016973955344724,0.22422202357476229,0.3589776979895477,0.05070261002649544,3.5708089738421735e-05,15.629848118790777,29.145838150656704,nan,nan,nan
271.34000000000003,172.86087036132812,-204.4543914794922,-42.00591278076172,172.8502744557843,-204.2307736535683,-42.016898374832145,0.22413810154077649,0.3590285257714525,0.05072084319336339,3.501101016231697e-05,15.1402473609884,27.854639806002318,nan,0.5873666312446747,nan
271.35,172.86166381835938,-204.4630889892578,-42.00661849975586,172.84290336918914,-204.24294433487958,-42.017746864228705,0.22122265661595356,0.358961882109876,0.050716982207437665,3.5695006937743636e-05,14.474611718814689,28.815555111134703,4.440041482533838,nan,nan
271.36,172.8624267578125,-204.4718017578125,-42.00730895996094,172.84363682642874,-204.25171417906614,-42.017110437826084,0.22110556937395812,0.359012489438532,0.050735230278988346,3.499842735138417e-05,13.699505117037365,26.92082886777184,nan,1.461410529883325,nan
271.37,172.86318969726562,-204.48049926757812,-42.00798416137695,172.84438390435443,-204.2605085332278,-42.017885342807894,0.22101496429142425,0.3590631847619701,0.05075354217505175,3.5703954450682883e-05,13.64773250828318,27.971922987441996,nan,nan,nan
271.38,172.8639373779297,-204.4892120361328,-42.00864791870117,172.84510444877324,-204.26929340158497,-42.01807666989383,0.22092484330887355,0.359113967088978,0.05077191724674044,3.500702978288263e-05,13.390775333870303,26.873094608417972,nan,0.22989724841967776,nan
271.39,172.8646697998047,-204.49790954589844,-42.00929641723633,172.84582128481236,-204.2780876959738,-42.01882052675507,0.22083392149720338,0.3591648376719996,0.05079035640312302,3.5712907702349346e-05,13.339111912031276,27.640598336982027,nan,nan,nan
271.4,172.86537170410156,-204.50662231445312,-42.00993347167969,172.82572889569627,-204.27848377632395,-42.018856153570404,0.2317290639736359,0.359098107303563,0.05078645095340325,3.499444296151143e-05,13.14511684640503,26.18418258402803,5.451735439190959,0.1834267351125659,nan
271.41,172.86607360839844,-204.51531982421875,-42.01055908203125,172.82638270336832,-204.28726269339643,-42.019567402189416,0.23166046855924946,0.35914875714717726,0.05080490420378299,3.569979573773845e-05,13.091571004918894,27.262525262220684,nan,nan,nan
271.42,172.86676025390625,-204.52403259277344,-42.01116943359375,172.82699362259766,-204.29601859360878,-42.01872957224029,0.23157919698679727,0.3591994939503115,0.050823420900188,3.500302336873649e-05,12.401496057280717,25.711508889987144,nan,1.6688247223153514,nan
271.43,172.867431640625,-204.53274536132812,-42.01176834106445,172.8276198144952,-204.30479799708385,-42.01940252525958,0.23152378524468295,0.35925031885906317,0.050842001843523055,3.570872888360417e-05,12.351173464911035,25.61316217536681,nan,nan,nan
271.44,172.86819458007812,-204.54144287109375,-42.0124626159668,172.82830622414787,-204.31359445523645,-42.021273361505706,0.23148134003510806,0.35930123104139494,0.05086064654641011,3.5011607284106026e-05,12.88349813618463,26.986576605526352,nan,0.9443696895793026,nan
271.45,172.86904907226562,-204.55015563964844,-42.01324462890625,172.8322435117876,-204.3286762602457,-42.02205551488212,0.22468955581960093,0.3592344151234172,0.05085669328703952,3.569560891661238e-05,12.307255624108572,26.18582485168199,2.8558810048922263,nan,nan
271.46,172.8699951171875,-204.55885314941406,-42.01411819458008,172.83308387935014,-204.3374723995998,-42.02254405836362,0.22459490432223642,0.35928510633302485,0.05087535130952776,3.49989868815944e-05,12.108594009455292,26.876414525812613,nan,0.12490203012726109,nan
271.47,172.87103271484375,-204.56756591796875,-42.015079498291016,172.83402051899137,-204.34627457892492,-42.02353943572932,0.22452467552384228,0.35933588550098156,0.05089407374321157,3.570451571063029e-05,12.033913566092746,26.008222385967624,nan,nan,nan
271.48,172.8721466064453,-204.57627868652344,-42.01612854003906,172.8350153461245,-204.35505368811846,-42.022915915847705,0.2244221443678466,0.3593867518925808,0.0509128601945733,3.5007548490054026e-05,11.295275079695974,25.019225708454815,nan,2.0598322680222214,nan
271.49,172.87335205078125,-204.58497619628906,-42.01726531982422,172.83612675348886,-204.3638557851229,-42.02407227936618,0.22433522614829918,0.35943770650821866,0.050931711324333606,3.571342484262943e-05,11.22528858849138,25.880893533620256,nan,nan,nan
271.5,172.8746337890625,-204.59368896484375,-42.018489837646484,172.83829708819295,-204.38347526961354,-42.02572733073309,0.2134538235745646,0.35937080420872236,0.05092770559683987,3.499491811656439e-05,10.426804221887242,25.30563707137112,10.637417466145115,0.08363881057885536,nan
271.51,172.87600708007812,-204.60240173339844,-42.019798278808594,172.83957423591914,-204.39231883202794,-42.02706261993437,0.21334232639996836,0.35942153756865486,0.05094656920570203,3.570026628912346e-05,10.359114864229355,25.37173296144416,nan,nan,nan
271.52,172.87747192382812,-204.61109924316406,-42.02119064331055,172.84088104088633,-204.4011216697582,-42.02519947294402,0.21317960681759845,0.3594723580982962,0.05096549708139197,3.500345244699257e-05,9.289682113768626,25.331084345476285,nan,7.613767778548946,nan
271.53000000000003,172.87901306152344,-204.61981201171875,-42.02266311645508,172.84232461047782,-204.4099650792995,-42.02667219473826,0.21306771269851826,0.35952326670947304,0.05098448980387926,3.57091503966358e-05,9.23215365016139,24.236053319907498,nan,nan,nan
271.54,172.88063049316406,-204.62850952148438,-42.02422332763672,172.84385911606398,-204.4188152269224,-42.02880646291262,0.21294327055495751,0.35957426280011234,0.051003547100382005,3.501198832604517e-05,9.332554896551972,25.086266750688157,nan,0.23563906064353007,nan
271.55,172.88233947753906,-204.63722229003906,-42.02585983276367,172.85379583704483,-204.42207723477918,-42.030420773740545,0.21707818038217513,0.35950727502729135,0.05099948530313823,3.5695980294539116e-05,10.064517777130334,24.070807927450513,6.910862643435392,nan,nan
271.56,172.88412475585938,-204.64593505859375,-42.02758026123047,172.85551441486155,-204.43090154311855,-42.032995497136284,0.2169960579585495,0.3595580496231865,0.051018554261207584,3.4999319143113834e-05,10.271435522160424,24.1752590137957,nan,0.5087902857454683,nan
271.57,172.88597106933594,-204.65463256835938,-42.029380798339844,172.85729892478886,-204.43971590636593,-42.03481065013016,0.21688878893524316,0.3596089121610071,0.05103768823554365,3.570483508211619e-05,10.21057239226012,24.580449220870968,nan,nan,nan
271.58,172.88792419433594,-204.66334533691406,-42.03125762939453,172.85917692141388,-204.44854088771754,-42.03771062852218,0.21681558590843408,0.35965986211884243,0.051056887022260994,3.500783028633432e-05,10.526281560387167,24.595468169679727,nan,0.7128331648345902,nan
271.59000000000003,172.8899383544922,-204.6720428466797,-42.03321075439453,172.86111709035256,-204.45735486674923,-42.03969459364418,0.2167109461117337,0.35971090028847214,0.0510761510983067,3.571369128286998e-05,10.465294821054615,25.049624240257504,nan,nan,nan
271.6,172.89202880859375,-204.68075561523438,-42.035213470458984,172.89668109658194,-204.48047755577286,-42.04215693222213,0.20045237974753402,0.3596438264264864,0.05107202875931669,3.499514978533152e-05,10.438243821871277,24.469892043741698,10.619382397115423,0.11892612070138596,nan
271.61,172.89419555664062,-204.689453125,-42.03721618652344,172.8988275531127,-204.48931931177654,-42.044233671157144,0.20031036837184496,0.35969464282141195,0.051091303626794544,3.5700480403529234e-05,10.391870836708772,25.271330573708752,nan,nan,nan
271.62,172.89642333984375,-204.6981658935547,-42.03920364379883,172.901048040746,-204.49816029324964,-42.046257186415396,0.20018336712939294,0.359745546573215,0.05111064353704093,3.50036327352011e-05,10.387788245487085,24.144970372934726,nan,0.0015246335262944879,nan
271.63,172.89874267578125,-204.7068634033203,-42.041160583496094,172.90334288993157,-204.50700131357428,-42.048304015180264,0.20004260922140304,0.35979653840153863,0.05113004890881917,3.5709310985541185e-05,10.347737357422739,25.228751679574938,nan,nan,nan
271.64,172.90113830566406,-204.715576171875,-42.04308319091797,172.9057187243981,-204.5158471523965,-42.050901713784484,0.19993446615687607,0.3598476178925465,0.051149519625358485,3.5012117201557856e-05,10.61851560606828,24.648825628924186,nan,0.23827351580416478,nan
271.65,172.903564453125,-204.72427368164062,-42.04497146606445,172.902634709717,-204.53238054083937,-42.052817048063936,0.1920557082366618,0.35978045864412156,0.05114533295834798,3.569608887150193e-05,9.7427554573182,25.39507028671592,8.2544854898774,nan,nan
271.66,172.906005859375,-204.73297119140625,-42.04682159423828,172.91389531902092,-204.52545475560527,-42.05337754954177,0.20776981313701343,0.3595452995906328,0.05025247162211849,3.4998768696558805e-05,14.756622098727735,30.626006132794004,nan,1.394083315813538,0.2731653795887293
271.67,172.90841674804688,-204.74168395996094,-42.04863739013672,172.91633640861025,-204.53429584002686,-42.05528083586318,0.20764558431219285,0.3595954727474665,0.050268327234471784,3.570424683325465e-05,14.698264986083895,29.51655994872243,nan,nan,nan
271.68,172.91079711914062,-204.75038146972656,-42.050418853759766,172.9187480170981,-204.54313855321675,-42.05722644984933,0.20750707599101784,0.35964573269530953,0.05028423980538036,3.500725061138932e-05,14.717956177249784,30.467600392491985,nan,0.00422987470921682,nan
271.69,172.9131317138672,-204.7590789794922,-42.052162170410156,172.92112116398874,-204.55197833292792,-42.05906097858331,0.2073694834704324,0.3596960795818146,0.05030021199155855,3.571307285913953e-05,14.6595104750357,30.3047648137208,nan,nan,nan
271.7,172.91543579101562,-204.7677764892578,-42.053871154785156,172.9223584625007,-204.56494967515906,-42.061181805828156,0.20307655087826953,0.359629285488508,0.05029636175243664,3.4994543220876014e-05,14.245939130849003,30.867508013451044,3.5162359376584424,0.10704913934448079,nan
271.71,172.9176788330078,-204.7764892578125,-42.055545806884766,172.92463952556324,-204.57380853208656,-42.06295146001346,0.20293538754960316,0.3596794136424212,0.0503123550963471,3.56998343922568e-05,14.190208024052968,29.58558720909025,nan,nan,nan
271.72,172.91989135742188,-204.78518676757812,-42.05718994140625,172.92687461986552,-204.58258098809134,-42.06163666817451,0.20277485350693097,0.35972962849887496,0.050328405792801206,3.5002998239716787e-05,13.151943998665804,29.688047866631475,nan,6.57513923475159,nan
271.73,172.92205810546875,-204.79388427734375,-42.058799743652344,172.92906772142183,-204.591439392059,-42.06331125980157,0.20261643583810066,0.35977993020350335,0.0503445162487434,3.5708636333340246e-05,13.090550257082787,29.571844038319117,nan,nan,nan
271.74,172.92416381835938,-204.80258178710938,-42.06037521362305,172.93121674491925,-204.60025328193757,-42.06335224468739,0.20247328340320536,0.35983031889998185,0.05036068440349611,3.50114556364912e-05,12.708324499102337,28.832698027957736,nan,1.811706410264344,nan
271.75,172.92625427246094,-204.811279296875,-42.061920166015625,172.89415949026505,-204.59536831595594,-42.06494975930122,0.21830438649076458,0.359763452086293,0.05035683688098579,3.5695388622878e-05,12.622778280460746,29.224942690884607,13.092608054307627,nan,nan
271.76,172.92828369140625,-204.8199920654297,-42.06343460083008,172.8961595184154,-204.6041506905733,-42.06451189776289,0.21822149793024617,0.35981362183515503,0.05037302574670837,3.4998712628999335e-05,12.335622063826866,27.60401223327049,nan,2.837581204341995,nan
271.77,172.93028259277344,-204.8286895751953,-42.06492233276367,172.89811905093643,-204.612986411204,-42.06602917257273,0.21809074596078293,0.3598638783417066,0.05038927452078697,3.5704164034816027e-05,12.271624153137072,28.615744972906107,nan,nan,nan
271.78000000000003,172.93223571777344,-204.83738708496094,-42.066375732421875,172.9000384336084,-204.62187535798202,-42.06957123997183,0.21792700805898801,0.3599142217503567,0.05040558137120525,3.500714836139485e-05,12.464433764733602,28.673214839179415,nan,2.9768860791799687,nan
271.79,172.9341583251953,-204.84608459472656,-42.06780242919922,172.9019184611185,-204.63071064560356,-42.071051787079114,0.2177978538075205,0.35996465220561147,0.05042194836587368,3.571294275060732e-05,12.403718789466042,28.771518451980292,nan,nan,nan
271.8,172.93603515625,-204.8547821044922,-42.06919860839844,172.93476186648365,-204.639387910878,-42.07150978039684,0.21541035589203994,0.35989771272582377,0.0504180978098108,3.499439809695983e-05,13.597272604297483,27.98418264659976,25.50179008374178,0.7477284238203155,nan
271.81,172.9378662109375,-204.8634796142578,-42.07057189941406,172.9366266855746,-204.64819108989838,-42.07292571564079,0.2153049595221122,0.3599479240165388,0.05043448492731134,3.5699660512628e-05,13.536840143132082,27.756677561858545,nan,nan,nan
271.82,172.93968200683594,-204.87217712402344,-42.07191467285156,172.93845413551796,-204.6570155690577,-42.07517690821799,0.21518978735718683,0.35999822211870824,0.05045093048648209,3.500281002816249e-05,13.621959268679124,28.260766129312312,nan,0.5245283794533129,nan
271.83,172.94143676757812,-204.88087463378906,-42.07322692871094,172.94024542465777,-204.6658189051022,-42.076548625883326,0.21508467962895583,0.36004860717708037,0.050467436347153755,3.5708418479927324e-05,13.564534500045717,27.770695060042247,nan,nan,nan
271.84000000000003,172.94317626953125,-204.8895721435547,-42.074520111083984,172.94200133152833,-204.67460527732686,-42.07719099346204,0.21498666858156604,0.3600990793357171,0.05048400098602428,3.5011226012786524e-05,13.396240721247175,27.92227625871833,nan,0.34968624557806477,nan
271.85,172.9448699951172,-204.8982696533203,-42.075782775878906,172.9329898976089,-204.67965292911845,-42.0786652130525,0.21895825460945872,0.36003206723805614,0.050480145522623684,3.569513062140664e-05,13.374947901111684,27.703582356843903,2.138163236461694,nan,nan
271.86,172.946533203125,-204.906982421875,-42.077022552490234,172.9346581623067,-204.68845362881768,-42.080107403755484,0.21887294555712566,0.36008232001364676,0.050496729781096386,3.4998445321793925e-05,13.35376498813982,26.888040047868948,nan,0.015644075192046004,nan
271.87,172.9481658935547,-204.91567993164062,-42.0782356262207,172.9362929502816,-204.69725085647974,-42.081378299622024,0.2187740936530479,0.3601326596547997,0.050513374502482604,3.570386575605537e-05,13.296397255419416,27.745159815170606,nan,nan,nan
271.88,172.94976806640625,-204.92437744140625,-42.07942581176758,172.9378941146569,-204.7060712547588,-42.08365709572944,0.21866980958208315,0.3601830863046465,0.05053007835169541,3.5006843264273056e-05,13.469284303716709,27.935730311099423,nan,0.7508681523760847,nan
271.89,172.9513397216797,-204.93307495117188,-42.080589294433594,172.93946391860072,-204.71486835687753,-42.08489176940559,0.2185718732664186,0.3602336001093609,0.05054684290917618,3.5712606123211815e-05,13.414439110227255,27.933772076652023,nan,nan,nan
271.9,172.95286560058594,-204.9417724609375,-42.08173370361328,172.9514381689078,-204.7253912464199,-42.08695488088305,0.21644890447723328,0.36016651543398415,0.05054297722418252,3.4994059104598864e-05,13.88892504921252,27.821444070416415,2.158230429903754,0.36552334622220245,nan
271.91,172.95437622070312,-204.95046997070312,-42.08285140991211,172.95296443345342,-204.73418578687256,-42.08815470287426,0.2163537987527264,0.3602168096360772,0.05055976077853309,3.5699289633542225e-05,13.83648211194267,28.07705590622419,nan,nan,nan
271.92,172.9558563232422,-204.95916748046875,-42.08395004272461,172.9544622029216,-204.74294263316185,-42.08755230684188,0.2162593453960611,0.36026719075459784,0.05057660379880297,3.5002437068679454e-05,13.358358140674037,27.570543086990092,nan,2.2389234890690957,nan
271.93,172.95730590820312,-204.96786499023438,-42.085025787353516,172.95592835335898,-204.75173713353064,-42.08869168334961,0.21616333383382413,0.3603176589371213,0.050593507696248034,3.570801326871701e-05,13.303261247358524,27.500411919240985,nan,nan,nan
271.94,172.95870971679688,-204.9765625,-42.086082458496094,172.95736775383412,-204.76048749321419,-42.08765444770825,0.216084892049783,0.3603682143246397,0.05061047138709613,3.501082103423828e-05,12.937704867775697,26.831122169977316,nan,3.279519328918345,nan
271.95,172.96009826660156,-204.98526000976562,-42.08711242675781,173.00986126810014,-204.77757045471452,-42.088656323920084,0.21357362012645778,0.36030105710869903,0.05060659306196213,3.5694695254835285e-05,14.145257281100102,27.139424154369888,33.35353232996765,nan,nan
271.96,172.9614715576172,-204.99395751953125,-42.08812713623047,173.01133374565197,-204.7863626106193,-42.09025142111781,0.21350971075821443,0.3603513926719406,0.05062357519218549,3.4998012340320375e-05,14.147488908919085,27.280389142829605,nan,0.20586158101257304,nan
271.97,172.96279907226562,-205.00267028808594,-42.08911895751953,173.01277967067597,-204.79514423606636,-42.091292520177866,0.21347095085495046,0.36040181520791587,0.05064061837193382,3.570340015753349e-05,14.093856068611608,26.20120344592095,nan,nan,nan
271.98,172.964111328125,-205.01136779785156,-42.090091705322266,173.01419845030344,-204.80393127284884,-42.09258835223084,0.2134124292516911,0.36045232485594025,0.05065772166857694,3.500638221346599e-05,14.080353186625477,27.15853992697033,nan,0.05291501705813783,nan
271.99,172.96539306640625,-205.0200653076172,-42.09104537963867,173.01559131664553,-204.8127133331409,-42.09359451294354,0.21335698659033778,0.3605029217661717,0.05067488626876296,3.5712112346172776e-05,14.025370299976293,27.06939821030209,nan,nan,nan
272.0,172.96664428710938,-205.0287628173828,-42.09197998046875,173.02937170023932,-204.82903584134314,-42.091922251573095,0.20934563919162913,0.3604356920337894,0.05067099033928847,3.499357400061742e-05,13.439763127326083,26.970976906834025,2.811863909035906,4.993026012915441,nan
272.01,172.96788024902344,-205.03746032714844,-42.0928955078125,173.0307317487478,-204.8378386512265,-42.09286560648433,0.2092824058767895,0.3604860688974134,0.05068817272186698,3.569877186499666e-05,13.380879455206667,27.046345927127895,nan,nan,nan
272.02,172.96908569335938,-205.04615783691406,-42.09379196166992,173.03206512815788,-204.84666276574146,-42.09498212813573,0.20920351126575037,0.36053653277957776,0.050705415534140104,3.500192782870428e-05,13.362988368574674,26.966484911348722,nan,1.0010709270089655,nan
272.03000000000003,172.9702606201172,-205.0548553466797,-42.09467315673828,173.0333762201894,-204.85546565781218,-42.09590277095801,0.20914430173994591,0.3605870838322493,0.050722719828634584,3.5707471401521803e-05,13.306983835575407,26.81563098844438,nan,nan,nan
272.04,172.97142028808594,-205.06356811523438,-42.09553527832031,173.03466093120514,-204.86429478105256,-42.09831280442588,0.20908599979274783,0.3606377221919588,0.050740084872187174,3.5010289602584716e-05,13.428761450993324,26.25063486037906,nan,1.600533472871985,nan
272.05,172.97254943847656,-205.072265625,-42.096378326416016,173.01942528622627,-204.87623923582532,-42.0993160535268,0.20157460305230032,0.3605704199723075,0.05073616847686391,3.5694133413266993e-05,12.359250741858274,27.07063432542007,12.284473481962708,nan,nan
272.06,172.97366333007812,-205.08096313476562,-42.097206115722656,173.02063184012664,-204.88507121553087,-42.10020487764758,0.20146631860123687,0.36062083806553774,0.05075355108754445,3.641343813878545e-05,12.306457635457553,27.12036449530601,nan,nan,nan
272.07,172.97476196289062,-205.08966064453125,-42.098018646240234,173.0218159557497,-204.89390335863808,-42.10107816875596,0.2013562859765367,0.3606713432324452,0.05077099496895847,3.7147185606893626e-05,12.253448969702394,27.165273263501057,nan,nan,nan
272.08,172.975830078125,-205.09835815429688,-42.098812103271484,173.02297913215583,-204.9027261596452,-42.101355381174656,0.20124954382529237,0.3607219356119704,0.05078849986868559,3.636435780656686e-05,12.121888336295989,26.938819732687257,nan,0.22040212737818485,nan
272.09000000000003,172.97686767578125,-205.10707092285156,-42.09959030151367,173.0241195409371,-204.91155838004562,-42.102192770505006,0.20115831079029262,0.36077261535967653,0.050806066723752805,3.7096738851040115e-05,12.071444596875327,25.903661247156233,nan,nan,nan
272.1,172.9779052734375,-205.1157684326172,-42.10035705566406,173.01566681978446,-204.9144548683858,-42.104653463583325,0.2048695796038682,0.36070524066042947,0.0508021251441564,3.6293916867031116e-05,12.644817330576322,27.142382454301874,2.540157291182087,2.0843775052335483,nan
272.11,172.97891235351562,-205.1244659423828,-42.101104736328125,173.0167514391685,-204.92327168689332,-42.105476569993336,0.20476825382518427,0.36075569991187434,0.050819708481164995,3.702408380939808e-05,12.59555222356437,26.999546848409434,nan,nan,nan
272.12,172.97988891601562,-205.13316345214844,-42.101837158203125,173.01781611341193,-204.93208631074958,-42.10612029435421,0.2046676192043133,0.36080624628144664,0.050837353131540884,3.624764606356893e-05,12.529157180956107,26.78782699359001,nan,0.017935795711754184,nan
272.13,172.98085021972656,-205.14187622070312,-42.10255813598633,173.01886045754273,-204.9409035791595,-42.10691357421365,0.20458189233168184,0.3608568799264133,0.050855059918250324,3.697659756814951e-05,12.481510484332464,25.9271110617637,nan,nan,nan
272.14,172.9818115234375,-205.15057373046875,-42.1032600402832,173.0198851298652,-204.9497222791679,-42.10778161797117,0.20447823762165318,0.3609076009780524,0.05087282833287375,3.6202774442060445e-05,12.476384295940468,27.139864348410896,nan,0.005146124265954565,nan
272.15,172.98272705078125,-205.15927124023438,-42.10395050048828,173.02625995954605,-204.96069865842026,-42.108555647106456,0.2033405807241254,0.36084015382275797,0.05086885841098896,3.690715278112419e-05,12.433730343943306,26.709043897168517,0.26071981336040556,nan,nan
272.16,172.983642578125,-205.16796875,-42.10462951660156,173.0272562221731,-204.96951551424482,-42.108966725023585,0.20323544992385426,0.3608906541509343,0.050886642651124185,3.613686599354337e-05,12.323606315554644,26.84451088069219,nan,0.07815482449180908,nan
272.17,172.98452758789062,-205.1766815185547,-42.10529327392578,173.02823343140676,-204.97833708019226,-42.10970560075755,0.2031506475865473,0.3609412416611382,0.05090448921117511,3.686267687831801e-05,12.277521532716067,25.78051480396554,nan,nan,nan
272.18,172.98541259765625,-205.1853790283203,-42.10594177246094,173.02919716289313,-204.98713234823072,-42.108448053590735,0.20303969012148984,0.3609919164831118,0.05092239768098671,3.6094891301508345e-05,11.867577010671116,26.52632606499307,nan,2.610079471778246,nan
272.19,172.98626708984375,-205.19407653808594,-42.1065788269043,173.03013873121043,-204.99595410253414,-42.10914264895368,0.20293790569699532,0.361042678776531,0.050940368737164676,3.6819689442555354e-05,11.81699365625454,26.263118720242613,nan,nan,nan
272.2,172.9871063232422,-205.20278930664062,-42.10720443725586,173.01266330514628,-205.00565112320706,-42.10811831887887,0.19878998433309733,0.3609751591577744,0.05093636594485818,3.60320751944017e-05,10.827441267072912,25.310632822171204,8.77749541973595,1.765635386583511,nan
272.21,172.98793029785156,-205.21148681640625,-42.10781478881836,173.01353425145757,-205.01449336237576,-42.10877182163541,0.19865271023304595,0.36102570049987226,0.05095435209949008,3.6755018726232793e-05,10.774391639025191,26.214581284441156,nan,nan,nan
272.22,172.98883056640625,-205.22019958496094,-42.1085205078125,173.01444263138552,-205.02333155730662,-42.10911327244283,0.19852795660790637,0.3610763290584062,0.05097240043623638,3.5993009032859434e-05,10.70468093478146,25.016140816669925,nan,0.08303502184536991,nan
272.23,172.98983764648438,-205.22889709472656,-42.10931396484375,173.0154394783906,-205.032174250199,-42.10989670315656,0.19838263769772926,0.36112704499438497,0.05099051154767508,3.671507221169718e-05,10.647624390226255,26.19965955601081,nan,nan,nan
272.24,172.9909210205078,-205.2375946044922,-42.110198974609375,173.01652704284677,-205.04100464503114,-42.1097206871592,0.19825112685633323,0.36117784843544903,0.051008685148944195,3.5955374516246944e-05,10.588903463631203,25.918001923175293,nan,0.7382123082129847,nan
272.25,172.99209594726562,-205.24630737304688,-42.111175537109375,173.00304265499872,-205.04451364555175,-42.110663337102864,0.2020910715875866,0.36111025637076527,0.051004646035669544,3.665360922251278e-05,10.562900948511748,24.97156429174024,1.8411422107904558,nan,nan
272.26,172.9933624267578,-205.2550048828125,-42.11223602294922,173.00427963230814,-205.0533340027022,-42.110471948156665,0.2019738627183343,0.36116083863080484,0.05102283403147954,3.5897103980676356e-05,10.58673612582876,26.066951205438123,nan,1.0234088110182091,nan
272.27,172.9947052001953,-205.26370239257812,-42.11338424682617,173.00559887709275,-205.06216836395197,-42.111592227138594,0.2018361915643347,0.3612115081736865,0.05104108499165395,3.6616681700105006e-05,10.53264437986545,25.85460228024974,nan,nan,nan
272.28000000000003,172.9961395263672,-205.2724151611328,-42.114620208740234,173.0070020781973,-205.07100467561085,-42.112980987916785,0.2017098553748978,0.3612622651259458,0.05105939870267751,3.586236104073413e-05,10.466310679011693,25.030812834004248,nan,0.022027769152901187,nan
272.29,172.99765014648438,-205.28111267089844,-42.11594009399414,173.00848891897982,-205.0798391128365,-42.11427694045427,0.20157204727792363,0.36131310965035146,0.05107777565074633,3.6581232926296124e-05,10.412397367862521,25.774230517494182,nan,nan,nan
272.3,172.99923706054688,-205.28982543945312,-42.11734390258789,172.97104288646386,-205.07967434845966,-42.11523983601158,0.2120443811897018,0.36124544511958345,0.0510736958574675,3.58071074583229e-05,9.929406517375758,24.88537364798459,14.664023851524902,0.1520978778014236,nan
272.31,173.00091552734375,-205.29852294921875,-42.11882781982422,172.97262515572632,-205.08850578844297,-42.116702163299266,0.21192468323022934,0.3612960682324575,0.05109208644009716,3.652443321159773e-05,9.87549818597422,25.97921950513392,nan,nan,nan
272.32,173.00267028808594,-205.30723571777344,-42.120399475097656,172.97428760308628,-205.0973377777696,-42.1183274136551,0.21181835488045353,0.36134677865858555,0.05111054002629513,3.5775209584077485e-05,9.819730818099782,24.859669753351778,nan,0.004246289724784607,nan
272.33,173.00450134277344,-205.31593322753906,-42.122047424316406,172.97602963907283,-205.10616885915198,-42.119956797467566,0.2116981314916795,0.3613975765616046,0.051129057042231835,3.6491942650194075e-05,9.766325917952388,25.729447923646926,nan,nan,nan
272.34000000000003,173.00640869140625,-205.3246307373047,-42.123779296875,172.97785209330394,-205.11499251693368,-42.1208727741434,0.21159421213702506,0.36144846206664943,0.051147637364006994,3.574470098525267e-05,9.830063799748935,25.687232491982655,nan,0.4275425268191123,nan
272.35,173.00840759277344,-205.33334350585938,-42.125587463378906,172.9754511384906,-205.10614188687893,-42.12251321521441,0.22959998812719684,0.3613807250814058,0.05114351322428326,3.643820351935982e-05,11.436414238647558,24.73048638247764,28.316345163446048,nan,nan
272.36,173.01046752929688,-205.342041015625,-42.12747573852539,172.97742790161968,-205.11491454320938,-42.12530835015627,0.22952722941157486,0.3614313889428559,0.05116210643210066,3.569379506805624e-05,11.256015934989666,25.022488070386792,nan,0.5924877669124159,nan
272.37,173.01260375976562,-205.35073852539062,-42.12944030761719,172.9794829114548,-205.1236788219975,-42.127256972420156,0.22947301900308767,0.3614821401853388,0.05118076326262249,3.6408599221985434e-05,11.20291722777757,25.016997595497628,nan,nan,nan
272.38,173.0148162841797,-205.3594512939453,-42.13145065307617,172.98160874254506,-205.13245575681287,-42.13083446634798,0.2294124983202607,0.3615329789333585,0.05119948364199868,3.566604147413871e-05,11.032019829515622,24.055075180474024,nan,1.6673173246328552,nan
272.39,173.01710510253906,-205.36814880371094,-42.13346481323242,172.98381275200126,-205.14121892727445,-42.13288588026328,0.22935972747453687,0.36158390535159235,0.05121826792168654,3.638039920009882e-05,10.978611101084793,24.790516171211003,nan,nan,nan
272.4,173.01947021484375,-205.37684631347656,-42.13545608520508,173.0047949221519,-205.15429614293186,-42.134084719993396,0.22303771714132553,0.36151609588120703,0.051214095195017816,3.561796232210701e-05,11.242110971519395,24.87450757103949,3.373407960927753,0.43830989285962085,nan
272.41,173.02191162109375,-205.3855438232422,-42.13742446899414,173.00717727102747,-205.16305962286083,-42.1360974489155,0.22297551765496026,0.3615668004228186,0.05123289156780201,3.633103203834299e-05,11.186095479517927,24.705686831851615,nan,nan,nan
272.42,173.0244140625,-205.3942413330078,-42.13935470581055,173.00963440392368,-205.1718135474718,-42.13689091053811,0.22293189178139464,0.36161759237306196,0.0512517517251878,3.559287791334268e-05,11.25716351044971,24.672693244599145,nan,0.9642265471119843,nan
272.43,173.02699279785156,-205.4029541015625,-42.14125061035156,173.0121592022456,-205.18057604635078,-42.13882753561922,0.22288541066993678,0.36166847189701523,0.051270675977394146,3.630559565146971e-05,11.198944358790673,23.890290235014938,nan,nan,nan
272.44,173.02963256835938,-205.41165161132812,-42.14310836791992,173.0147524637032,-205.18934222206119,-42.14129633228263,0.22281419511325926,0.36171943911849236,0.05128966431222229,3.556908923933885e-05,11.079168348083957,24.43283891203451,nan,0.21987183148376327,nan
272.45,173.0323486328125,-205.42034912109375,-42.14493179321289,173.00825108280867,-205.1938162497462,-42.143206268226734,0.22781749527556996,0.36165155716854713,0.051285439178613654,3.6259045946463586e-05,11.145860783553871,24.44693997227533,0.9258620729645012,nan,nan
272.46,173.0350799560547,-205.42904663085938,-42.14672088623047,173.01094389645957,-205.20257362774763,-42.14583409045255,0.22775723241641635,0.3617023022791078,0.051304438816097926,3.552501890618784e-05,11.03685183464043,24.125434012184066,nan,0.4281799229846121,nan
272.47,173.0377960205078,-205.437744140625,-42.14847183227539,173.01364243517884,-205.21132537959292,-42.147644464004145,0.22770493092992516,0.36175313486628324,0.05132350274227475,3.6236268862307116e-05,10.98548520667003,24.156746555427617,nan,nan,nan
272.48,173.0404815673828,-205.44644165039062,-42.15018844604492,173.01631641071234,-205.2200753872952,-42.149179719549316,0.22765468893444843,0.3618040550537032,0.05134263097851446,3.5503761701300214e-05,10.947540298298184,24.17243429809156,nan,0.039846544559552936,nan
272.49,173.0431365966797,-205.45513916015625,-42.15187072753906,173.01895057108948,-205.2288267310626,-42.15092004754198,0.22760312649120296,0.3618550630068042,0.05136182378486268,3.621477906425958e-05,10.896026230427648,24.379619270497916,nan,nan,nan
272.5,173.0457305908203,-205.46383666992188,-42.15351867675781,173.05756812224428,-205.24951003483713,-42.15319795646237,0.21465352668537943,0.36178710853835666,0.05135754208449998,3.546225494337177e-05,10.958048382050702,24.11203167428877,10.912708938423052,0.23431718013867217,nan
272.51,173.0482635498047,-205.4725341796875,-42.15513610839844,173.06016833215054,-205.25827789808278,-42.15487878080975,0.2145869154148747,0.3618378941451412,0.051376745367783486,3.6172195066367036e-05,10.910578131432468,23.785166367465155,nan,nan,nan
272.52,173.05076599121094,-205.48123168945312,-42.15671920776367,173.06271524877243,-205.26705377376555,-42.15804628718286,0.21451509379138864,0.36188876725446645,0.05139601318217859,3.544341921972508e-05,10.91158546896935,24.150259757857103,nan,1.5860139522160093,nan
272.53000000000003,173.05320739746094,-205.48992919921875,-42.15827178955078,173.06521696391465,-205.27582098214927,-42.159680017037395,0.21444939125055085,0.3619397280317532,0.05141534576085306,3.6153203825840033e-05,10.870513214461262,23.86654350733189,nan,nan,nan
272.54,173.0556182861328,-205.4986114501953,-42.159793853759766,173.0676698075332,-205.28458810137874,-42.16133212707795,0.21436790639348002,0.36199077660057816,0.0514347431654235,3.5425753648401526e-05,10.834282034459187,24.91000044987736,nan,0.0016253339000352996,nan
272.55,173.05796813964844,-205.50730895996094,-42.161285400390625,173.09767531021387,-205.31113793777894,-42.162795284974834,0.20015496269066352,0.3619227496131183,0.05143040097490843,3.611313701288292e-05,10.057512385884284,24.103531581734885,13.890830602511151,nan,nan
272.56,173.06027221679688,-205.51600646972656,-42.16274642944336,173.10007312076127,-205.31995062210538,-42.16435149915838,0.20006144953896715,0.36197357559922444,0.05144980802655061,3.5387832075178254e-05,10.021385661264624,24.086819097853553,nan,0.00011943779125977485,nan
272.57,173.06251525878906,-205.5247039794922,-42.16417694091797,173.10242481680476,-205.32876305492584,-42.16586621214131,0.1999711788688251,0.3620244891550008,0.05146928003525167,3.6096521629388536e-05,9.982562860550106,23.848949630636923,nan,nan,nan
272.58,173.0647430419922,-205.5334014892578,-42.16558074951172,173.10473214175215,-205.33757369839807,-42.166990726229834,0.19987405986511436,0.3620754904042188,0.05148881708376798,3.5372422912182534e-05,9.913815697898473,24.15838158322257,nan,0.09079172137776209,nan
272.59000000000003,173.06690979003906,-205.54209899902344,-42.16695785522461,173.1069939857458,-205.34638596012368,-42.168446960689714,0.19978126482710523,0.3621265795120757,0.0515084193736269,3.608105177281784e-05,9.87393533581724,23.827974683615754,nan,nan,nan
272.6,173.06903076171875,-205.55078125,-42.168304443359375,173.10874907558053,-205.3564634740918,-42.17046567296713,0.19834720417325216,0.36205847996047213,0.051504012586732754,3.533676182707837e-05,9.790333304805374,24.769915031792998,0.20750324437296758,0.21986535074780286,nan
272.61,173.07110595703125,-205.55947875976562,-42.16962814331055,173.11092291064878,-205.36528076098472,-42.171875065069024,0.1982506019745686,0.3621093462479972,0.05152362366557579,3.6044481305032636e-05,9.753672071468861,23.716881878232673,nan,nan,nan
272.62,173.07315063476562,-205.56817626953125,-42.170921325683594,173.1130557897519,-205.37409675698854,-42.172919680788674,0.19814962025303792,0.3621603001304306,0.05154329999249434,3.532348683710553e-05,9.681929981085448,23.91257138977048,nan,0.07974917801493489,nan
272.63,173.0751495361328,-205.57687377929688,-42.17219161987305,173.1151466565271,-205.3829139073155,-42.17427513288611,0.19805186847223138,0.3622113417726163,0.05156304175280702,3.60312071118874e-05,9.644991418215124,23.701140023199883,nan,nan,nan
272.64,173.07711791992188,-205.58555603027344,-42.17343521118164,173.11719450634413,-205.3917346197021,-42.17663907820811,0.19794730798635463,0.3622624712987927,0.051582849053588106,3.531123949911442e-05,9.769322906223872,24.855411899379153,nan,0.7400053075819562,nan
272.65,173.07904052734375,-205.59425354003906,-42.174652099609375,173.09774549845508,-205.3924501606647,-42.17806801876916,0.20269718393429023,0.36219429917651147,0.051578373683335677,3.5996826738771307e-05,9.81325451910606,23.824090096300488,4.524145841150078,nan,nan
272.66,173.08091735839844,-205.6029510498047,-42.175846099853516,173.123005901516,-205.39948582262514,-42.17796860819855,0.20778365954679615,0.3554787940311884,0.05155950815812157,3.5278347562438916e-05,14.704354615637776,28.53017910091409,nan,1.3631069048630355,0.08036566582814006
272.67,173.082763671875,-205.6116485595703,-42.17701721191406,173.12491301123646,-205.4082720309825,-42.17922771724563,0.20771005156915856,0.3555253310019578,0.05157864891856769,3.598525805895783e-05,14.64831936822464,28.56927255490608,nan,nan,nan
272.68,173.08457946777344,-205.62034606933594,-42.178165435791016,173.12672103003666,-205.41706649556127,-42.181819371731486,0.20763392697690797,0.3555719513018004,0.051597848365791094,3.5268069294862e-05,14.826870854429044,28.845093522526042,nan,1.27670098180881,nan
272.69,173.0863494873047,-205.6290283203125,-42.179290771484375,173.12855444955997,-205.42585279628244,-42.18304720133622,0.20754677344900008,0.35561866106962575,0.051617106751690345,3.5975054101018296e-05,14.77495774970226,29.489800793297107,nan,nan,nan
272.7,173.0880889892578,-205.63772583007812,-42.18039321899414,173.1037464389676,-205.4214238150527,-42.18421659479353,0.2169016727413154,0.3555506598819832,0.05161270023251191,3.523748357308185e-05,15.207038422131172,28.57770315138377,7.495390008745704,0.003336414300141086,nan
272.71,173.0897979736328,-205.64642333984375,-42.18147277832031,173.10547173601083,-205.43018024948154,-42.185401929064376,0.21684598032255975,0.35559716960312,0.051631963756414545,3.5943689566909085e-05,15.15840160434216,28.641952275726393,nan,nan,nan
272.72,173.09146118164062,-205.65512084960938,-42.182533264160156,173.10705079426913,-205.43895061995588,-42.189097463203424,0.2168310238859588,0.35564376275975856,0.051651286240047715,3.5229037218313505e-05,15.889457711326438,29.09213925756964,nan,4.463344725633421,nan
272.73,173.0930938720703,-205.663818359375,-42.183570861816406,173.10870817108304,-205.44770715498032,-42.190266767361365,0.21677798354455735,0.35569044511105397,0.051670667914620494,3.593536542059013e-05,15.85150274957511,29.156641914566034,nan,nan,nan
272.74,173.09469604492188,-205.67250061035156,-42.18458557128906,173.11037632275946,-205.4564584673125,-42.190411024217376,0.2166887504781783,0.35573721127875885,0.05169010884227312,3.522147057925799e-05,15.502918796003703,29.720324715781864,nan,0.7042129352455204,nan
272.75,173.0962677001953,-205.6811981201172,-42.18558120727539,173.07296874864852,-205.44527504880563,-42.191506307114516,0.23714477335240416,0.35566921919576466,0.05168564515439728,3.5905859742221306e-05,16.220460724744783,28.79567996538375,16.70700563120913,nan,nan
272.76,173.09780883789062,-205.6898956298828,-42.186561584472656,173.07450814328774,-205.453981798551,-42.19184640477075,0.23712061805800186,0.35571578523850655,0.051705090655592846,3.519353342342272e-05,15.974723441270614,28.434691270365168,nan,0.4034151054850031,nan
272.77,173.0993194580078,-205.69859313964844,-42.18751525878906,173.07598392327034,-205.46269238092404,-42.192920216984255,0.2371137463778135,0.35576244020565995,0.05172459559765469,3.5899285811957045e-05,15.933485270357245,28.622107500848966,nan,nan,nan
272.78000000000003,173.10079956054688,-205.70729064941406,-42.188453674316406,173.07750965668072,-205.47139429828104,-42.192064019518114,0.2370707546122975,0.35580917908935084,0.05174416005974828,3.518762230837606e-05,15.428894225007259,28.022815394791493,nan,2.55292754026003,nan
272.79,173.1022491455078,-205.71597290039062,-42.18937301635742,173.078925203224,-205.48010522991802,-42.193082844419614,0.23704709886872888,0.3558560070966659,0.05176378424804389,3.5893551296737573e-05,15.37885630959164,28.742818256331464,nan,nan,nan
272.8,173.10366821289062,-205.72467041015625,-42.190277099609375,173.11094615743195,-205.5018880103241,-42.19517261413473,0.2229550004242619,0.3557880184310535,0.05175926006762876,3.516131513816396e-05,15.412930503378714,28.12355777784304,8.493068043499422,0.7489523591332128,nan
272.81,173.1050567626953,-205.73336791992188,-42.191158294677734,173.11235170788908,-205.510625211344,-42.1961681906304,0.22291843689439836,0.3558346460420552,0.05177888823586715,3.586656320370294e-05,15.370457073858764,28.20660807298871,nan,nan,nan
272.82,173.10643005371094,-205.7420654296875,-42.19202423095703,173.1138067680335,-205.51935497200188,-42.195236017006664,0.222855736848672,0.3558813576641014,0.05179857618596555,3.515693773544094e-05,14.902949256207291,27.914640035017964,nan,2.554710928139703,nan
272.83,173.10775756835938,-205.75076293945312,-42.19287109375,173.11515691063954,-205.52809292718467,-42.19617905778112,0.22281747520300738,0.35592815814601286,0.051818324110288784,3.58623988209073e-05,14.854582713604266,27.610975779619384,nan,nan,nan
272.84000000000003,173.10906982421875,-205.75946044921875,-42.193702697753906,173.11647236111614,-205.53683204241128,-42.197301866922686,0.2227805177497721,0.3559750430140545,0.05183813210833037,3.515329553192005e-05,14.857464305412481,27.799423010539417,nan,0.0268615518696309,nan
272.85,173.11036682128906,-205.76815795898438,-42.19451904296875,173.12073535173647,-205.54589860125094,-42.19825743616271,0.22253247876970805,0.3559070622747724,0.05183354421471606,3.58369514952069e-05,14.94535360724111,27.93850674672503,0.25845489746639083,nan,nan
272.86,173.1116180419922,-205.77685546875,-42.195316314697266,173.12207524386406,-205.55463050079288,-42.19756847350042,0.2224822727180881,0.3559537466524621,0.05185335558667472,3.5129182213154906e-05,14.640161304509311,27.35434678413319,nan,1.7657983742564531,nan
272.87,173.11285400390625,-205.78555297851562,-42.19609832763672,173.1233278979641,-205.56336822433474,-42.19843572926655,0.22244377018369194,0.356000519631445,0.051873227178196424,3.5834234166264696e-05,14.588356849106901,27.47909617738687,nan,nan,nan
272.88,173.1140594482422,-205.7942352294922,-42.19686508178711,173.12459363510072,-205.57210282832187,-42.198297347324676,0.2223866545614408,0.35604737708171363,0.05189315909978861,3.51269062317964e-05,14.432907053553343,28.013464847472846,nan,0.6879794957296957,nan
272.89,173.11524963378906,-205.8029327392578,-42.1976203918457,173.12579706560325,-205.5808409287246,-42.199125410239624,0.22234721879115618,0.3560943233392482,0.05191315152760443,3.583220999787378e-05,14.378036840691843,27.247260056448678,nan,nan,nan
272.9,173.1164093017578,-205.81163024902344,-42.19835662841797,173.125457799109,-205.5882383045234,-42.19997217237679,0.2235809610725046,0.3560263476835736,0.05190849659363429,3.6528923958541784e-05,14.454957998470112,27.22756839880031,0.14500233406003088,nan,nan
272.91,173.1175537109375,-205.82032775878906,-42.19907760620117,173.12661302362875,-205.5969731311579,-42.20077305354796,0.22354470553425,0.3560730931791135,0.05192849176420211,3.726207245515551e-05,14.401320935887384,27.360812059380837,nan,nan,nan
272.92,173.11866760253906,-205.8290252685547,-42.19978332519531,173.1277647558285,-205.60570667580237,-42.20102938813273,0.22350728117824853,0.35611992306696666,0.051948547515384275,3.6469578076369155e-05,14.307937945791709,27.178091644192875,nan,0.18303078090497693,nan
272.93,173.1197509765625,-205.8377227783203,-42.200477600097656,173.12887427207426,-205.61444185513318,-42.201798112370874,0.22347113668873858,0.35616684166936,0.051968664016761805,3.7201284122731844e-05,14.253968848915665,26.92185158938902,nan,nan,nan
272.94,173.12083435058594,-205.84642028808594,-42.20115661621094,173.1299992575246,-205.6231744361443,-42.201513293688,0.22343418079417915,0.35621384504366665,0.051988841389604815,3.641227098502949e-05,14.151481729061562,27.272746336552,nan,0.7052697282470922,nan
272.95,173.1218719482422,-205.85511779785156,-42.20182418823242,173.1459790899117,-205.63900936510584,-42.20217042839593,0.21744914087100675,0.3561458740437827,0.051984116092616266,3.711902893921169e-05,13.92458586391828,26.79652158825268,2.3963014757928085,nan,nan
272.96,173.12290954589844,-205.8638153076172,-42.202476501464844,173.14710556897273,-205.64775638250066,-42.20117924408419,0.21741340697351866,0.3561926765550732,0.05200429556204568,3.63343958246942e-05,13.908967504783295,27.220611879358074,nan,1.9124687774133653,nan
272.97,173.12391662597656,-205.8725128173828,-42.20311737060547,173.1481507576616,-205.65650783026484,-42.20186876720001,0.21736376562993623,0.3562395675137446,0.05202453602143875,3.7062547929089327e-05,13.846633962633833,26.987392170246807,nan,nan,nan
272.98,173.12490844726562,-205.8812255859375,-42.20374298095703,173.14919325693364,-205.66525865150217,-42.20203503623555,0.2173347322108852,0.3562865433333952,0.05204483759903519,3.628120109959825e-05,13.828669905488216,26.403691504686932,nan,0.1716910702668234,nan
272.99,173.12586975097656,-205.88992309570312,-42.2043571472168,173.15019817515457,-205.67401091027799,-42.20269612139413,0.21728484310882923,0.3563336078042338,0.052065200454149634,3.70081579464157e-05,13.765296180397398,26.925669628515706,nan,nan,nan
273.0,173.12692260742188,-205.89862060546875,-42.20506286621094,173.16249475140418,-205.70384271566502,-42.20170515410465,0.1980279728080889,0.356265639267167,0.05206040144473212,3.6207607047593095e-05,11.989990161264616,27.632344743965824,37.274363645301264,1.7722876438727995,nan
273.01,173.12806701660156,-205.90731811523438,-42.20586395263672,173.1636081028066,-205.7126673263268,-42.20248202728672,0.1978977914228698,0.35631250259077785,0.05208076572787853,3.693253535992583e-05,11.927931531904733,27.55424241840574,nan,nan,nan
273.02,173.12930297851562,-205.916015625,-42.206748962402344,173.16480783711367,-205.72149193551783,-42.203350446533165,0.19776655597935416,0.35635945251176343,0.05210119137632895,3.767194699411593e-05,11.864544472454408,27.817356512873342,nan,nan,nan
273.03000000000003,173.130615234375,-205.92471313476562,-42.207725524902344,173.1660930473245,-205.73031652750996,-42.20430922943089,0.1976370086773792,0.3564064891746239,0.05212167853458359,3.8425986450363396e-05,11.802035921697703,27.53160403242893,nan,nan,nan
273.04,173.13201904296875,-205.93341064453125,-42.20878982543945,173.1674501917609,-205.73914174907807,-42.20574138552087,0.1974969949930043,0.3564536110098604,0.05214222734284254,3.7559107516889506e-05,11.686061406551458,27.578256378279235,nan,0.09027988268179464,nan
273.05,173.1334991455078,-205.94210815429688,-42.20994186401367,173.12028113659906,-205.726442257137,-42.20684645967507,0.21609274972869236,0.3563856479337152,0.05213735127103094,3.82853405214308e-05,12.052056539093943,27.22576841752481,21.41367117355646,nan,nan
273.06,173.1350555419922,-205.95082092285156,-42.211177825927734,173.12181990467954,-205.73522021528998,-42.205621779877305,0.21607803415395865,0.3564325685115537,0.05215790082292513,3.742637541730275e-05,12.569692488301518,26.922408042312316,nan,3.7005336105572257,nan
273.07,173.13670349121094,-205.9595184326172,-42.212501525878906,173.12336275630315,-205.7440016703338,-42.20691094052353,0.21600163119200974,0.35647957736866476,0.05217851212364139,3.817389997420112e-05,12.504885902570306,27.84343051719103,nan,nan,nan
273.08,173.138427734375,-205.9682159423828,-42.213905334472656,173.12497503819935,-205.75278352164483,-42.20864968936761,0.21591601317385373,0.35652667148125533,0.05219918531194176,3.732150163344558e-05,12.367956710874326,27.81284513136134,nan,0.08199442084507816,nan
273.09000000000003,173.14024353027344,-205.97691345214844,-42.215396881103516,173.1266782516086,-205.76156483296734,-42.21011266081559,0.21584014351485248,0.3565738540795135,0.05221992053731543,3.8066484385320026e-05,12.302873953023266,27.857579353426793,nan,nan,nan
273.1,173.14212036132812,-205.98561096191406,-42.21696472167969,173.1069634177827,-205.76240127861016,-42.211979371542625,0.22601643107543085,0.3565058927594639,0.05221496401650738,3.719700061178799e-05,12.21132281465534,27.65374119948962,4.1798220032334985,0.09139649658630822,nan
273.11,173.1440887451172,-205.9943084716797,-42.2186164855957,173.10878773952942,-205.77116922887268,-42.213610630842865,0.22596977952327849,0.35655287381019873,0.05223569928078039,3.793864960979392e-05,12.145872222578998,27.831550193674467,nan,nan,nan
273.12,173.1461181640625,-206.0030059814453,-42.22035217285156,173.11075444477603,-205.77993513936153,-42.213103008238285,0.22597288248223849,0.35659994018528224,0.052256496665893715,3.7099838929027164e-05,12.844929461160637,28.077335733003224,nan,3.0910920025149315,nan
273.13,173.1482391357422,-206.01170349121094,-42.22216033935547,173.11273181833505,-205.7887027932051,-42.214874688148505,0.2259273370224507,0.35664709480092815,0.05227735631889758,3.7839246585359446e-05,12.7740693833548,28.65241171042493,nan,nan,nan
273.14,173.15042114257812,-206.02041625976562,-42.22405242919922,173.1147281090941,-205.79747161319074,-42.218688338974836,0.22584747406076644,0.35669433510289655,0.05229827838216415,3.700637182854773e-05,12.094097663081737,26.663177380549005,nan,2.426190802612288,nan
273.15000000000003,173.15267944335938,-206.02911376953125,-42.22602081298828,173.10291797383542,-205.79290569527404,-42.220672349276434,0.24145199162060876,0.3566263779369271,0.05229323802258356,3.771963718664103e-05,12.947021324425558,27.41034307071818,9.01407832968754,nan,nan
273.16,173.15501403808594,-206.03781127929688,-42.228031158447266,173.10511478311201,-205.80163319079128,-42.22251764932362,0.24145480719995285,0.35667341655650314,0.05231415940331112,3.6893548670786946e-05,12.95669362321853,27.632353131354495,nan,0.01773651433995656,nan
273.17,173.1574249267578,-206.0465087890625,-42.230045318603516,173.10737976826036,-205.81036041185618,-42.22455326982719,0.24145545457904866,0.3567205431837687,0.05233514327940868,3.762794978834918e-05,12.878592855475716,27.593995912483603,nan,nan,nan
273.18,173.159912109375,-206.05520629882812,-42.2320442199707,173.10971696356265,-205.81908722232706,-42.226581788848364,0.24145726144518276,0.35676775672189104,0.0523561897948897,3.837689782451854e-05,12.798868195683367,27.47298724369215,nan,nan,nan
273.19,173.16246032714844,-206.06390380859375,-42.2340087890625,173.11212535618992,-205.82781350561123,-42.22858739933072,0.24145730871190405,0.3568150573153703,0.05237729909425439,3.914053727949502e-05,12.71736574624462,27.38625667615841,nan,nan,nan
273.2,173.16506958007812,-206.07260131835938,-42.23594284057617,173.08686521995352,-205.83348789895152,-42.23261665153,0.25159931004871056,0.35674710108508395,0.05237217148780903,3.8199074177600136e-05,11.467279740320059,26.94747089719488,13.502933698430551,2.3138000414125606,nan
273.21,173.1677703857422,-206.08128356933594,-42.23783874511719,173.08935475129414,-205.84222302614066,-42.234578988021624,0.2516139524252066,0.35679419971488074,0.052393279364743056,3.89580207282702e-05,11.393899994588171,28.355235778213746,nan,nan,nan
273.22,173.17051696777344,-206.08998107910156,-42.23970031738281,173.09190268117734,-205.8509577771723,-42.236899629326196,0.2516350308994455,0.3568413840311275,0.05241445010550446,3.805189159600473e-05,11.27355260271545,26.730826625166955,nan,0.0921410094213641,nan
273.23,173.17333984375,-206.0986785888672,-42.24152374267578,173.09452883359052,-205.8596920372629,-42.23879515149223,0.25166086779615265,0.3568886564478913,0.052435683854644026,3.880734810966861e-05,11.205500869067162,26.92865168969057,nan,nan,nan
273.24,173.17623901367188,-206.1073760986328,-42.24331283569336,173.0972088363223,-205.86842598052277,-42.24118865445465,0.2516891734315224,0.356936014906577,0.05245698075663937,3.791043338187546e-05,11.078830795568626,26.959464852776087,nan,0.17057111123620783,nan
273.25,173.17919921875,-206.11607360839844,-42.24506759643555,173.07808561775522,-205.8692497112105,-42.242879525335425,0.2667410433066348,0.3568680614515901,0.05245176248664751,3.863759711168006e-05,11.050654024088523,26.93900892624942,4.9691628645830335,nan,nan
273.26,173.1822052001953,-206.12477111816406,-42.24678421020508,173.08086821370162,-205.8779701408819,-42.24468689320778,0.26680387170661646,0.3569152177969165,0.052473057209215815,3.775070824900367e-05,10.990731673753762,26.77576176485593,nan,0.00011570128845825022,nan
273.27,173.18521118164062,-206.13345336914062,-42.24846649169922,173.08367608630672,-205.88669000905156,-42.246446749233385,0.2668437948061315,0.35696246202230403,0.05249441516089356,3.849884785051898e-05,10.927286634412475,27.562820821556876,nan,nan,nan
273.28000000000003,173.1881866455078,-206.14215087890625,-42.250118255615234,173.08643949805418,-205.89540908058595,-42.24929539787904,0.26689824680604773,0.35700979232394314,0.052515836486020984,3.762049034845324e-05,10.788768990660653,26.51560716428991,nan,0.7667126966004815,nan
273.29,173.1911163330078,-206.15084838867188,-42.25173568725586,173.0891916776191,-205.90412807163602,-42.25100115284384,0.2669458554748113,0.35705721073464813,0.05253732132934738,3.83657448310716e-05,10.734805548547524,26.47134429689848,nan,nan,nan
273.3,173.19400024414062,-206.15953063964844,-42.25332260131836,173.11540586741805,-205.92291505002478,-42.251734959395044,0.24933217584627196,0.3569892573705597,0.052532008969653675,3.747215404850232e-05,10.605580664145569,27.101635415738293,5.2421892793838625,0.6606807688873491,nan
273.31,173.1968231201172,-206.16822814941406,-42.25487518310547,173.11809401719128,-205.93165230041095,-42.25336992499361,0.24933645898874607,0.357036473386128,0.05255349085952513,3.821376858936983e-05,10.548331138656717,26.148317287389396,nan,nan,nan
273.32,173.1995849609375,-206.17691040039062,-42.25639724731445,173.12071193409747,-205.9403887395675,-42.25568544638219,0.2493270082883115,0.35708377549950737,0.0525750363394919,3.7352608103196146e-05,10.452298983903706,26.6429472550807,nan,0.31242767615164646,nan
273.33,173.20230102539062,-206.18560791015625,-42.25788879394531,173.12329164247902,-205.94912518126168,-42.25726735279202,0.24933300993371013,0.35713116551955854,0.05259664555495205,3.809170588155478e-05,10.400033189794964,25.982926735200138,nan,nan,nan
273.34000000000003,173.20497131347656,-206.1942901611328,-42.25934982299805,173.12578958521377,-205.95786055707754,-42.26007738531513,0.24933758864507846,0.35717864197785504,0.05261831864929705,3.7238119960173046e-05,10.353684872555165,26.958800954872558,nan,0.9835403987588269,nan
273.35,173.20758056640625,-206.20298767089844,-42.26078414916992,173.11379644741615,-205.95739153021262,-42.26160142457576,0.26289464283930764,0.35711068986579453,0.052612908767714565,3.795086706406368e-05,10.729086494507948,25.83472787737928,3.1390918446790015,nan,nan
273.36,173.21014404296875,-206.211669921875,-42.26218795776367,173.11617152704227,-205.9661032513352,-42.26438038015651,0.2629422562949988,0.3571579637570478,0.05263457811748626,3.710562037606125e-05,10.791106879661744,26.89272397371428,nan,1.0119236233221285,nan
273.37,173.212646484375,-206.22036743164062,-42.26356506347656,173.11852240598387,-205.97481565884905,-42.26587378188914,0.2629835459392325,0.35720532536315,0.052656311416464846,3.783925223220603e-05,10.754617225456556,25.729431949929182,nan,nan,nan
273.38,173.21510314941406,-206.2290496826172,-42.264915466308594,173.1208160773152,-205.98352763732092,-42.26766795021461,0.2630184458533141,0.3572527734122029,0.052678108807022506,3.700098675186439e-05,10.769213963819162,26.57461181080561,nan,0.06761366206812135,nan
273.39,173.21751403808594,-206.2377471923828,-42.266239166259766,173.1230671460027,-205.9922397848169,-42.2691117506543,0.26306340364069086,0.35730030941884344,0.05269997043606083,3.773258422697259e-05,10.73545788666073,25.822432570455994,nan,nan,nan
273.40000000000003,173.21986389160156,-206.24642944335938,-42.26753234863281,173.12643604177717,-205.9997795367196,-42.271525741479124,0.26378189239341465,0.3572323563998296,0.05269445959302846,3.6878384123967363e-05,11.085658998261964,26.592977227022416,0.9441797495371294,0.4775549681612144,nan
273.41,173.22218322753906,-206.255126953125,-42.268802642822266,173.12859563949914,-206.0084862375572,-42.27292958035056,0.263831974605592,0.35727968956504613,0.0527163166704469,3.760717886322404e-05,11.058688062939815,26.029823236285356,nan,nan,nan
273.42,173.2244415283203,-206.26380920410156,-42.270050048828125,173.1306937856525,-206.01719177109416,-42.27507171807942,0.26388257744788246,0.3573271091676156,0.05273823804831697,3.678305809427131e-05,11.243178804471215,26.450280655877098,nan,0.3715329223938061,nan
273.43,173.22666931152344,-206.2725067138672,-42.27126693725586,173.13276115203507,-206.02589812507122,-42.2764339112393,0.2639341510804827,0.3573746165502628,0.052760223874819094,3.7510111288358125e-05,11.222326916091745,26.264014445317176,nan,nan,nan
273.44,173.22885131835938,-206.28118896484375,-42.272464752197266,173.13480651794558,-206.0346058696246,-42.27657027740353,0.2639403392244925,0.35742221069866975,0.05278227429043987,3.669214074770755e-05,10.921648365936246,26.41921499584642,nan,0.9265899833560269,nan
273.45,173.23098754882812,-206.28988647460938,-42.27363586425781,173.1376949165965,-206.04555291355692,-42.27782901660341,0.2615721445641204,0.35735425740505855,0.05277665904797196,3.73943103000793e-05,10.724349776579157,25.671783502953488,0.4341011311025125,nan,nan
273.46,173.2330780029297,-206.29856872558594,-42.274784088134766,173.13966435842113,-206.05426903140477,-42.277202086010035,0.2615612667638449,0.35740164852117384,0.052798704088147325,3.658322732160672e-05,10.366275832205067,25.926746806093966,nan,2.345088093578288,nan
273.47,173.23512268066406,-206.3072509765625,-42.275909423828125,173.1415566788768,-206.06298269700662,-42.27844069131394,0.2615874545973631,0.3574491272481916,0.05282081378346686,3.730628057673631e-05,10.330856796691597,25.78298030943922,nan,nan,nan
273.48,173.2371368408203,-206.31594848632812,-42.27701187133789,173.14340068045004,-206.07169590460947,-42.280048507632465,0.261639088435147,0.35749669272179324,0.05284298827297661,3.650083555639584e-05,10.365673997932735,25.32941189226136,nan,0.09893550226683678,nan
273.49,173.23910522460938,-206.3246307373047,-42.27809524536133,173.14521116759497,-206.08040982732777,-42.28124836006245,0.26166751602921057,0.3575443460600276,0.052865227706988926,3.722252689011889e-05,10.332976971489686,25.796568541226865,nan,nan,nan
273.5,173.24102783203125,-206.3333282470703,-42.279151916503906,173.15591167515385,-206.1003211801848,-42.28233656979684,0.24808707220804896,0.35747639073078913,0.05285950461788808,3.640041573626475e-05,9.577474124342226,25.12027649253216,6.25305920981783,0.00679099206250889,nan
273.51,173.242919921875,-206.34201049804688,-42.28019332885742,173.1576462863431,-206.1090687203792,-42.28349428624338,0.2480813596775515,0.35752384076704236,0.05288173783756768,3.7119961733715284e-05,9.545704720607615,25.809825071361338,nan,nan,nan
273.52,173.24476623535156,-206.3507080078125,-42.28120803833008,173.15935275272048,-206.1178169820219,-42.28403236432984,0.24807593540349276,0.3575713775223681,0.052904036052785416,3.632603172172036e-05,9.426946339930886,24.914447327435887,nan,0.23547089911138275,nan
273.53000000000003,173.24658203125,-206.35939025878906,-42.28220748901367,173.1610119381822,-206.12656431220097,-42.285145035238585,0.2480701340550589,0.3576190019844804,0.05292639941537975,3.704444548355942e-05,9.394088798316174,25.6225535974927,nan,nan,nan
273.54,173.2483673095703,-206.3680877685547,-42.28318405151367,173.1625985828539,-206.13530806799938,-42.288481827422515,0.24813449962219636,0.3576667134844494,0.052948828062137375,3.6255436434706365e-05,9.890460943360372,25.56759775122472,nan,3.3064558623751528,nan
273.55,173.25010681152344,-206.37677001953125,-42.284141540527344,173.1625382153942,-206.14589006497994,-42.28968390259538,0.24699095169450255,0.35759875634278954,0.0529429936909684,3.695005761860857e-05,9.706642970953608,26.238464519669545,1.0538244960372543,nan,nan
273.56,173.25181579589844,-206.38546752929688,-42.28507995605469,173.16412094660592,-206.15464934847685,-42.288342275357785,0.24693736435934055,0.35764626433361874,0.05296541526825173,3.616669369416948e-05,9.125375173145784,24.923737332497623,nan,3.8762824855063727,nan
273.57,173.2534942626953,-206.39414978027344,-42.28600311279297,173.1656316290161,-206.16340447484808,-42.289381889064025,0.2469304649126522,0.3576938598799287,0.052987902192117776,3.688225225618912e-05,9.095181312329293,25.645990843349626,nan,nan,nan
273.58,173.25514221191406,-206.40284729003906,-42.286903381347656,173.16711802981362,-206.1721607512671,-42.289771422866075,0.24692663174956336,0.3577415424256425,0.05301045459780793,3.610337029600262e-05,8.969491776997112,24.949037701769488,nan,0.2653294955863084,nan
273.59000000000003,173.25674438476562,-206.41152954101562,-42.28778839111328,173.16856204987067,-206.1809159501064,-42.29077027801899,0.2469162695107255,0.3577893127893532,0.053033072639455364,3.6818090441537464e-05,8.938438223212982,25.24512254401898,nan,nan,nan
273.6,173.25833129882812,-206.42022705078125,-42.28865432739258,173.17247805042734,-206.20141615395502,-42.292355689732936,0.23508017550197333,0.35772135237101405,0.05302712353789087,3.6021817650138276e-05,8.134490569061878,25.332511000252286,10.95266147636547,0.36414062035542316,nan
273.61,173.25987243652344,-206.4289093017578,-42.28950119018555,173.17384584767206,-206.21021110698757,-42.29332564270524,0.23504063653386043,0.3577689189584864,0.05304973364056567,3.6734900559108986e-05,8.108410839053262,25.804071905064994,nan,nan,nan
273.62,173.26138305664062,-206.43760681152344,-42.29033279418945,173.1751966134078,-206.219008085004,-42.293266718382895,0.23499385980110757,0.35781657250016957,0.053072409419079265,3.596528337275579e-05,7.90712901779666,24.672485432061432,nan,0.6851301166378698,nan
273.63,173.26287841796875,-206.4462890625,-42.2911491394043,173.17650275645758,-206.22780313444102,-42.2941948980601,0.2349598525431019,0.3578643137174589,0.0530951510290789,3.6677705047407455e-05,7.876780854171059,25.809231329771123,nan,nan,nan
273.64,173.2643280029297,-206.45498657226562,-42.29195022583008,173.17777566734006,-206.23659785035946,-42.29534501428066,0.2349392799011116,0.3579121422000729,0.053117958603555095,3.591195606712027e-05,7.902757200154923,24.508747506687886,nan,0.03774419704403576,nan
273.65000000000003,173.2657470703125,-206.46368408203125,-42.29273223876953,173.18514291680742,-206.23905590143642,-42.29620860173651,0.23867746893892988,0.35784417841525606,0.053111891346039476,3.660137991835302e-05,8.597773371886069,24.169507507394293,6.757231461271086,nan,nan
273.66,173.26715087890625,-206.4723663330078,-42.29349899291992,173.18639126279427,-206.24782643504915,-42.296477022689004,0.23864021042386485,0.3578918029004039,0.05313469009645907,3.584022041665629e-05,8.471324660984719,25.188624889335223,nan,0.25555890372511325,nan
273.67,173.26852416992188,-206.48106384277344,-42.29425048828125,173.18760338427796,-206.25659600354828,-42.29734124210151,0.2386284500113424,0.35793951492384757,0.0531575548702195,3.655066506100467e-05,8.443056090483942,24.250870754849416,nan,nan,nan
273.68,173.26986694335938,-206.48974609375,-42.29499053955078,173.2084858052529,-206.25368908813292,-42.297772943871344,0.24392272503797738,0.356542238499233,0.05267232523182433,3.579234917809427e-05,13.929750920016845,30.289836497592947,nan,0.12548833601476805,0.2683523856272499
273.69,173.27117919921875,-206.49844360351562,-42.295711517333984,173.2096562678783,-206.26242764688365,-42.29860466359417,0.24392001385886738,0.3565882671987277,0.052692585804086915,3.650234089774155e-05,13.878776548526224,29.523830393886094,nan,nan,nan
273.7,173.27247619628906,-206.50714111328125,-42.29642105102539,173.1900678404694,-206.266314580983,-42.298111449145544,0.2545415746268355,0.35651724325362855,0.0526875949223136,3.572663343769886e-05,13.33151929947755,29.877478698326133,5.79024602064725,1.1607868066577955,nan
273.71,173.2737274169922,-206.5158233642578,-42.297115325927734,173.19114408134197,-206.27505235569265,-42.29890350891606,0.2545464269853352,0.3565630741721024,0.05270785549757953,3.64353737150863e-05,13.274031646400925,30.157268906973425,nan,nan,nan
273.72,173.2749786376953,-206.52452087402344,-42.297794342041016,173.19217301056972,-206.28379823355013,-42.30026773042152,0.254578630623596,0.3566089891651473,0.052728174881895705,3.568510247576738e-05,13.293412145429633,30.113953579531103,nan,0.23231434384122365,nan
273.73,173.27618408203125,-206.53321838378906,-42.2984619140625,173.19319908111024,-206.29253640706716,-42.3010401611539,0.25459963011498477,0.35665499254736593,0.05274855374740484,3.6393538898989766e-05,13.24152148550905,29.414265282843047,nan,nan,nan
273.74,173.27737426757812,-206.5419158935547,-42.29911422729492,173.19417423429334,-206.30128434297526,-42.30252440148317,0.2546319264366515,0.35670108039863885,0.05276899172143597,3.5646241534711066e-05,13.321812000424599,29.82205926098453,nan,0.3567128475197171,nan
273.75,173.27853393554688,-206.55059814453125,-42.29975509643555,173.20760195555766,-206.3111018390598,-42.30328710816584,0.24980452603290834,0.35663011011232526,0.05276393094524856,3.633224429313384e-05,13.735827609696369,30.0783156746204,3.801289459194177,nan,nan
273.76,173.27967834472656,-206.55929565429688,-42.30038070678711,173.20865541600995,-206.31980992988684,-42.30207712922221,0.249801013706432,0.3566760001499503,0.05278436835558562,3.558864649855312e-05,13.41055663620749,29.265566205736008,nan,2.6033985166526863,nan
273.77,173.2808074951172,-206.5679931640625,-42.30099868774414,173.2096159403619,-206.32854337785548,-42.30278939010033,0.24981522010876014,0.3567219782871461,0.05280486548194822,3.6295766254141834e-05,13.355107859426871,29.235254129305048,nan,nan,nan
273.78000000000003,173.28201293945312,-206.57669067382812,-42.30170440673828,173.21058229191684,-206.3372863180052,-42.30428253677666,0.2498468125650976,0.35676804100920534,0.052825421997072505,3.555482938008348e-05,13.38880356490778,29.204244386459557,nan,0.3745792147906889,nan
273.79,173.28329467773438,-206.5853729248047,-42.3025016784668,173.21166029170686,-206.34602016112996,-42.3051352160869,0.24985629121690456,0.35681419202212766,0.05284603850734347,3.626180959428358e-05,13.327004657703966,29.71521084572348,nan,nan,nan
273.8,173.28468322753906,-206.5940704345703,-42.30339050292969,173.24916452578591,-206.37081100558723,-42.30760880298715,0.22610649008698683,0.3567432709717264,0.05284090419371356,3.550215041024339e-05,13.28105586994245,29.455228852306117,11.9218311280838,1.4182921849118393,nan
273.81,173.2861328125,-206.60276794433594,-42.30436706542969,173.25046581630045,-206.37957703345586,-42.30865918116445,0.22606357418845324,0.35678922393070467,0.05286151952916378,3.620816359008061e-05,13.22483985748765,28.940315461350018,nan,nan,nan
273.82,173.2876739501953,-206.61146545410156,-42.3054313659668,173.25182590706774,-206.38835205888736,-42.31053023409679,0.2260324485030647,0.3568352615748755,0.052882194528505996,3.54729774019157e-05,13.385031536550725,29.3237614486227,nan,0.36746383909951214,nan
273.83,173.289306640625,-206.6201629638672,-42.306583404541016,173.25329229537024,-206.39711856812818,-42.31176546337614,0.2259926752540429,0.35688138724226615,0.05290292975580983,3.6178949721636605e-05,13.330246891334781,29.495458454549848,nan,nan,nan
273.84000000000003,173.29100036621094,-206.6288604736328,-42.30781936645508,173.25483390948617,-206.40588727831866,-42.313268820744376,0.2259529928385099,0.3569275979707372,0.05292372494519189,3.544598852281136e-05,13.362830417608706,29.143202166930003,nan,0.022471731910722912,nan
273.85,173.29278564453125,-206.63755798339844,-42.30914306640625,173.24814937963248,-206.40394215654996,-42.31466699215829,0.23790599919700484,0.35685672895079723,0.052918514364633754,3.612991150990642e-05,14.257345254027902,29.068910823897223,8.466446722329533,nan,nan
273.86,173.29464721679688,-206.646240234375,-42.310550689697266,173.2499297335922,-206.4126488374609,-42.31394461871905,0.2378573370124378,0.3569027415636783,0.05293930777223003,3.539991042934652e-05,13.673829468283849,29.198768454075,nan,3.3950532689236477,nan
273.87,173.2965850830078,-206.65493774414062,-42.31203842163086,173.25171888918058,-206.4213805665246,-42.31550303211512,0.2378527571635833,0.3569488419457693,0.05296016163805399,3.6105046667231285e-05,13.618847832168797,28.43379702170435,nan,nan,nan
273.88,173.29859924316406,-206.66363525390625,-42.3136100769043,173.25361433468564,-206.43010158316338,-42.316195633264236,0.2378409183953491,0.35699502746757245,0.052981075735456885,3.5377011348674296e-05,13.413594043456998,28.145677946965815,nan,0.6225237784398885,nan
273.89,173.30068969726562,-206.67233276367188,-42.31526184082031,173.25555725178705,-206.43883322069095,-42.3179107134631,0.2378360585223647,0.35704130096764686,0.05300205057149173,3.608222393854582e-05,13.35758664948791,28.161205287990654,nan,nan,nan
273.90000000000003,173.30287170410156,-206.6810302734375,-42.316993713378906,173.21939956559376,-206.4347679436603,-42.319877976728115,0.26004048136671404,0.3569704804049197,0.05299676014085356,3.53348915175287e-05,13.207426015654214,28.984227649113304,13.475561071051775,0.02892120805566303,nan
273.91,173.3050994873047,-206.68972778320312,-42.31880569458008,173.22142621666606,-206.44348141516144,-42.321756683926715,0.26009075018387007,0.357016555556632,0.05301773254786368,3.603934071529723e-05,13.153177791223406,28.154553777949655,nan,nan,nan
273.92,173.3074188232422,-206.6984100341797,-42.32069778442383,173.22350188088134,-206.452203981246,-42.32457912283102,0.2601433037850805,0.35706271591285055,0.05303876545088505,3.5315728018291834e-05,13.27532193054172,29.473926445160455,nan,0.5173591547815085,nan
273.93,173.309814453125,-206.7071075439453,-42.32266616821289,173.22567569030915,-206.4609171568071,-42.32662522660264,0.26020129183148266,0.35710896401284575,0.05305985932077485,3.602032409392571e-05,13.223056980563832,28.753426436124073,nan,nan,nan
273.94,173.31227111816406,-206.71580505371094,-42.324676513671875,173.22794659504936,-206.46962078704317,-42.327848380184804,0.26024484450310376,0.35715529767666965,0.05308101398356536,3.529831685383477e-05,13.012918457838003,28.398131724162933,nan,0.5439876076489293,nan
273.95,173.31480407714844,-206.72450256347656,-42.32669448852539,173.23086717138136,-206.48228874925294,-42.32994322703645,0.2563659303659856,0.3570845274612803,0.05307564083711188,3.5981112653602816e-05,12.550659792932903,28.34163237029014,1.9106739096496161,nan,nan
273.96,173.31739807128906,-206.73318481445312,-42.32868957519531,173.23326910658142,-206.49100745359922,-42.33128288560715,0.2563869771884545,0.35713066268841803,0.053096792424834956,3.5261458545697154e-05,12.387025724525543,28.869787565640017,nan,0.4199997556137917,nan
273.97,173.320068359375,-206.74188232421875,-42.330657958984375,173.235719625852,-206.49973367786527,-42.33336904575312,0.2564332774216851,0.35717688543682785,0.05311800520508423,3.596555686027973e-05,12.341416103708506,28.092853784180292,nan,nan,nan
273.98,173.32281494140625,-206.75057983398438,-42.33259201049805,173.23823903777438,-206.50845956782823,-42.335424872958036,0.2564826151387061,0.35722319479120473,0.053139279176513364,3.6683975765540986e-05,12.296550678285215,28.24128923599543,nan,nan,nan
273.99,173.3256072998047,-206.75926208496094,-42.33448791503906,173.24082659938261,-206.51718507714102,-42.33744684506422,0.2565108187698804,0.35726959089604887,0.053160614483622554,3.741685976168092e-05,12.252010913482314,28.47634286372231,nan,nan,nan
274.0,173.3284912109375,-206.76795959472656,-42.33634948730469,173.24840802441418,-206.52271514852924,-42.34142921400296,0.25803867690268506,0.3571988680614987,0.053155155079792626,3.658910297240419e-05,13.270286124619338,28.4432613572093,4.454826678681211,2.2485118714281063,nan
274.01,173.3314208984375,-206.77664184570312,-42.338172912597656,173.25114880038507,-206.5314239235484,-42.34340153783609,0.25807513943327226,0.3572450655025448,0.05317648662946754,3.731957532303591e-05,13.238384500791417,28.70855548892274,nan,nan,nan
274.02,173.3344268798828,-206.78533935546875,-42.339962005615234,173.25393105556873,-206.5401415459994,-42.346323591878026,0.2581511442553539,0.35729134851608957,0.05319787947483927,3.6520044718203576e-05,13.556350106249022,28.411479890633263,nan,0.6279810101758699,nan
274.03000000000003,173.33749389648438,-206.79403686523438,-42.34171676635742,173.25680293769074,-206.54884966333915,-42.34823572232218,0.2582059092877516,0.35733771914045503,0.05321933402788097,3.724913393857314e-05,13.531868573065239,28.19143818550967,nan,nan,nan
274.04,173.34063720703125,-206.80271911621094,-42.34343338012695,173.25973455196254,-206.55755904139272,-42.350308009889204,0.2582556144915503,0.35738417568840136,0.053240850173033004,3.6453914120237965e-05,13.628266834817216,29.464498599575386,nan,0.024544054330757396,nan
274.05,173.3438262939453,-206.8114013671875,-42.34511947631836,173.27634388090863,-206.57438337330333,-42.35208203002235,0.24653576342634215,0.35731350153905755,0.05323530155421014,3.715828626103385e-05,13.252604575368586,28.699096313484155,2.665936213276721,nan,nan
274.06,173.3470916748047,-206.82009887695312,-42.34676742553711,173.2794185495634,-206.5831110134838,-42.35406089733173,0.24656863961683823,0.357359759316302,0.053256813258894815,3.636820230802198e-05,13.35393079088403,28.476751548378523,nan,0.018156684776768878,nan
274.07,173.35035705566406,-206.8287811279297,-42.348388671875,173.28253574298662,-206.59183654190886,-42.355842264143796,0.24657255186979116,0.3574061044972663,0.053278386890594435,3.7093885119216926e-05,13.332413731055434,28.552751947802665,nan,nan,nan
274.08,173.35360717773438,-206.8374786376953,-42.349971771240234,173.28568855901716,-206.60054609428366,-42.35578526950018,0.2465436384455873,0.357452535629388,0.05330002236430684,3.630778964625966e-05,12.711397805543442,27.565430621173583,nan,2.138447627994281,nan
274.09000000000003,173.3568115234375,-206.84616088867188,-42.351524353027344,173.28876609599266,-206.60927066855038,-42.357486053186825,0.24654147410558214,0.35749905439848745,0.05332172004728653,3.703235991536853e-05,12.685204921247765,28.20402299451854,nan,nan,nan
274.1,173.35995483398438,-206.85484313964844,-42.353050231933594,173.24544491396267,-206.60002365328717,-42.358909499011716,0.2794276711843182,0.3574284264541106,0.05331607871139999,3.622784790943409e-05,12.747653798164405,28.337362059663594,18.60105063459,0.06577826320600745,nan
274.11,173.36305236816406,-206.863525390625,-42.35454177856445,173.2483422747441,-206.6087163382206,-42.36054875319571,0.27950338542469605,0.3574747462237271,0.05333777123681763,3.695048058479698e-05,12.722137840234867,28.7615860213048,nan,nan,nan
274.12,173.3660888671875,-206.87222290039062,-42.35600280761719,173.25115936012782,-206.61741703012584,-42.363208822679844,0.2796189367111284,0.35752115195967604,0.05335952584902893,3.6172860010894576e-05,13.128749707853963,28.325912304403182,nan,0.7275898329694941,nan
274.13,173.3690643310547,-206.8809051513672,-42.35743713378906,173.2539394801813,-206.62610877884893,-42.364801092886744,0.27969474544702705,0.3575676451430092,0.053381342888027115,3.6894548442371144e-05,13.109334215936364,28.871719894800556,nan,nan,nan
274.14,173.37197875976562,-206.88958740234375,-42.35884094238281,173.25666922767624,-206.63479675776438,-42.36594548620901,0.27975888779236896,0.35761422462895065,0.0534032223087601,3.612045454470948e-05,12.983570954841818,28.69825364844536,nan,0.11681674272137868,nan
274.15000000000003,173.3748321533203,-206.8982696533203,-42.3602180480957,173.25043009687084,-206.64157046305354,-42.36748552278168,0.28534744106226845,0.35754364354474305,0.05339748519755477,3.681829162647897e-05,12.84808500932263,28.71399535563715,1.0098177750515538,nan,nan
274.16,173.3776397705078,-206.90695190429688,-42.361568450927734,173.25300281702926,-206.65026714913887,-42.36979252735881,0.28546290325729784,0.35759002390016614,0.05341935874091782,3.6048527918529066e-05,13.236581641355489,29.356565124407943,nan,0.4261724549285321,nan
274.17,173.38038635253906,-206.91563415527344,-42.362892150878906,173.25553481447457,-206.65895767405513,-42.37128077936151,0.28555400829878014,0.3576364915236665,0.05344129492607241,3.67676462165249e-05,13.22140898745733,29.16238085944972,nan,nan,nan
274.18,173.38307189941406,-206.92431640625,-42.36418914794922,173.25799202230888,-206.667655683082,-42.37377884815546,0.28567755393768446,0.3576830454483812,0.05346329373216462,3.600112356335823e-05,13.809580928984778,29.54213297034514,nan,0.7144713556543969,nan
274.19,173.38571166992188,-206.93301391601562,-42.36545944213867,173.26041478807934,-206.67634589698713,-42.37522685445765,0.28578520419168324,0.35772968688804957,0.053485355463685054,3.6719514198543254e-05,13.802442425737183,28.976092421078732,nan,nan,nan
274.2,173.38829040527344,-206.9416961669922,-42.366703033447266,173.28812882941136,-206.69082407877815,-42.376990473525126,0.2703238379192663,0.3576591506403847,0.05347951912154429,3.5934202528406804e-05,14.496561893152567,29.3656386563259,7.96034590097793,0.04765773575066233,nan
274.21,173.3908233642578,-206.95037841796875,-42.367923736572266,173.2904958788043,-206.69951625369615,-42.378394285613304,0.27038317661825606,0.35770559272511676,0.05350157422593234,3.665103469897989e-05,14.490738340160618,29.396951277315857,nan,nan,nan
274.22,173.393310546875,-206.9590606689453,-42.369117736816406,173.2928153637902,-206.7082069581124,-42.37957476691433,0.2704370824061539,0.3577521210995205,0.05352369218554814,3.5891511179003144e-05,14.49424126865053,29.582465311876234,nan,0.026788762853426854,nan
274.23,173.39573669433594,-206.96774291992188,-42.37029266357422,173.2950811988556,-206.7168989718139,-42.3809299837927,0.2704946721364847,0.3577987368236613,0.05354587328352615,3.660775020481914e-05,14.487235548999756,29.057453571908756,nan,nan,nan
274.24,173.39813232421875,-206.97642517089844,-42.37144088745117,173.29726689807714,-206.72560290854824,-42.38409192580507,0.2706394100138262,0.3578454391617473,0.05356811753038994,3.5851059717941414e-05,15.808769532876266,30.949987334816512,nan,2.2497926302201265,nan
274.25,173.4004669189453,-206.985107421875,-42.37256622314453,173.31336284908218,-206.7461326037578,-42.38542119358088,0.25467888201772043,0.35777494790167175,0.05356217882185786,3.654410596640302e-05,15.140554844313918,30.57020279032495,5.887085463807232,nan,nan
274.26,173.4027557373047,-206.99378967285156,-42.3736686706543,173.31551420442648,-206.75484873056658,-42.38547273701108,0.2546432699710145,0.3578214507326952,0.0535844156864819,3.5791039873703525e-05,14.460675316537543,29.8932884720069,nan,1.063525062696326,nan
274.27,173.40499877929688,-207.00247192382812,-42.374752044677734,173.31759896566965,-206.76357299905027,-42.38674627350888,0.2546670084784134,0.3578680407564197,0.053606715899726605,3.6505373055884236e-05,14.45767592840807,29.762734181855997,nan,nan,nan
274.28000000000003,173.40719604492188,-207.0111541748047,-42.37580871582031,173.31965494766584,-206.77229092429317,-42.38694381583101,0.2546430572506647,0.3579147173690989,0.05362907949085116,3.575489036191532e-05,13.934078077985031,29.353274739696825,nan,0.7529147880289357,nan
274.29,173.4093475341797,-207.01983642578125,-42.37685012817383,173.32165022163787,-206.781015370937,-42.38816579652556,0.2546651904250331,0.357961481432342,0.05365150671543226,3.6468800474148667e-05,13.927065978960211,29.052071378495782,nan,nan,nan
274.3,173.41146850585938,-207.0285186767578,-42.377864837646484,173.3372256222204,-206.7933516878821,-42.38981511719728,0.24689740300221896,0.3578910334688649,0.05364546222414722,3.569914433877738e-05,14.531353492893711,29.76943496953338,2.259083018680302,0.19101974882397987,nan
274.31,173.41354370117188,-207.03721618652344,-42.37886428833008,173.33916023204713,-206.80207942503938,-42.3910013218261,0.24692003698024398,0.3579375978025737,0.053667881285023325,3.641179388210464e-05,14.527876422841988,28.68952219506987,nan,nan,nan
274.32,173.4155731201172,-207.0458984375,-42.37984085083008,173.34107656848616,-206.81079786133654,-42.39052993579504,0.24685273677780845,0.357984248692023,0.05369036394806136,3.566702145803155e-05,13.63579616477644,28.53955407008499,nan,1.824513846827514,nan
274.33,173.4175567626953,-207.05458068847656,-42.38079833984375,173.34292841495636,-206.81952559267128,-42.391662479294304,0.2468568773120893,0.3580309868861711,0.05371291045251489,3.637935361613843e-05,13.627286085829736,28.353240688589644,nan,nan,nan
274.34000000000003,173.4195098876953,-207.06326293945312,-42.38174057006836,173.34472855046928,-206.8282580072697,-42.393623938350665,0.2469023713729321,0.3580778119507288,0.053735520851688284,3.5636808900215475e-05,14.295834121192083,29.114474599945495,nan,0.4883506877141623,nan
274.35,173.42141723632812,-207.0719451904297,-42.382659912109375,173.37070761398573,-206.8603152367495,-42.394630702572954,0.21794954213558154,0.35800740705003486,0.05372936738561503,3.6326439475527466e-05,12.870813818520956,29.250613075962388,24.32114657532927,nan,nan
274.36,173.4232940673828,-207.08062744140625,-42.38356018066406,173.372457325639,-206.869107232025,-42.39546450056216,0.217868965481677,0.3580540322144867,0.05375196883215622,3.55869087011096e-05,12.859239682266155,29.4183949392217,nan,0.04323884132444165,nan
274.37,173.4251251220703,-207.0893096923828,-42.38444519042969,173.37416593862955,-206.87790076424247,-42.39653013619627,0.21779949308614102,0.3581007445441575,0.05377463432524966,3.629785279123965e-05,12.85214995415344,29.081410336270586,nan,nan,nan
274.38,173.4269256591797,-207.09799194335938,-42.385311126708984,173.37586158831505,-206.88668486528394,-42.39566333031444,0.21763590856643145,0.3581475437002383,0.053797363932319014,3.556033465563818e-05,11.79384041141297,28.18927330705568,nan,2.5083426058844873,nan
274.39,173.42868041992188,-207.106689453125,-42.38616180419922,173.3774970838396,-206.89547886647298,-42.396676778552646,0.21757805609034717,0.3581944302881402,0.053820157871797454,3.627109200648225e-05,11.78190172254345,27.016842451401864,nan,nan,nan
274.40000000000003,173.43040466308594,-207.11537170410156,-42.386993408203125,173.37281192449686,-206.89978030198168,-42.39639708818362,0.22334951399853786,0.35812406699310156,0.05381389204856226,3.5514024308762115e-05,11.393626323630226,27.374592420660587,0.7664546425646159,1.1790212044410149,nan
274.41,173.43209838867188,-207.12405395507812,-42.38780975341797,173.37437105409427,-206.90856337464098,-42.397366459855675,0.22329345277573723,0.3581707534583642,0.053836676223245006,3.6223750489604864e-05,11.3770642724473,27.387510362125518,nan,nan,nan
274.42,173.4337615966797,-207.1327362060547,-42.388607025146484,173.37590335185743,-206.9173436405545,-42.39768644649455,0.22321283488787996,0.3582175266994506,0.05385952472663913,3.5490832076541776e-05,11.130743356100426,27.278748351579868,nan,0.2758394727796986,nan
274.43,173.43539428710938,-207.1414337158203,-42.3893928527832,173.37739499919118,-206.9261269580693,-42.3986190115036,0.22317266709211722,0.35826438724156606,0.053882437765068805,3.620045298384366e-05,11.113150145089467,26.342712215310634,nan,nan,nan
274.44,173.43698120117188,-207.15011596679688,-42.390159606933594,173.37883793806932,-206.93491694817678,-42.401006226823135,0.22317908912416892,0.35831133486661143,0.05390541542384238,3.546924141418376e-05,12.031684697418278,27.838033905386794,nan,1.4836913675828143,nan
274.45,173.43853759765625,-207.15879821777344,-42.39091110229492,173.38518690008567,-206.94596160794197,-42.401984256304786,0.21970055565598134,0.3582410126545229,0.05389903401320945,3.6156518505426716e-05,12.040248506156766,27.87581858667141,0.37519153552763407,nan,nan
274.46,173.44007873535156,-207.16748046875,-42.39165115356445,173.38659677134228,-206.95474725398924,-42.402210853311765,0.21960703175329105,0.35828775997021023,0.05392200108591904,3.542779997549871e-05,11.749294923393244,27.87261239436694,nan,0.3173444592377031,nan
274.47,173.4415740966797,-207.17617797851562,-42.392372131347656,173.3879690247405,-206.96353592882392,-42.40309583957389,0.219556696442669,0.35833459446099897,0.05394503289333691,3.613642773164749e-05,11.73906220220685,26.728450747333138,nan,nan,nan
274.48,173.4430389404297,-207.1848602294922,-42.39308166503906,173.3893159755323,-206.97232289844504,-42.40349716302352,0.21946926127427033,0.358381515975603,0.05396812953106386,3.540923355763672e-05,11.574179892290706,27.276991651727453,nan,0.1524256089828015,nan
274.49,173.44448852539062,-207.19354248046875,-42.393775939941406,173.39062881133268,-206.9811122043499,-42.4043506724869,0.21940673640238212,0.3584285249387417,0.05399129119020772,3.611785381704174e-05,11.56010516385693,27.63560792562371,nan,nan,nan
274.5,173.44589233398438,-207.20223999023438,-42.39445495605469,173.42357062368222,-207.00090909978428,-42.40383052879557,0.2027813787418871,0.35835824250901005,0.053984790840312866,3.537075668074818e-05,10.985604653574978,25.58362508258,8.862046482813307,1.3471651938937994,nan
274.51,173.44728088378906,-207.21092224121094,-42.39512252807617,173.42487969913563,-207.00971602958194,-42.40464510512345,0.2026732151656758,0.35840505093854735,0.05400794107157192,3.60785183466569e-05,10.967771989492137,26.628287861150547,nan,nan,nan
274.52,173.44863891601562,-207.2196044921875,-42.395774841308594,173.42615677380144,-207.01852497601098,-42.40591042887792,0.2025861512534798,0.3584519463275806,0.05403115633876519,3.53549805416049e-05,11.314258705696947,26.94824005586994,nan,0.14835682952919685,nan
274.53000000000003,173.44996643066406,-207.22830200195312,-42.39641571044922,173.42741061100665,-207.02733259688245,-42.40670504229697,0.20249280758771127,0.358498929045813,0.054054436824347185,3.606279618814311e-05,11.300121685096904,25.958157416733616,nan,nan,nan
274.54,173.45127868652344,-207.2369842529297,-42.39704513549805,173.42865603162977,-207.03613304154203,-42.40529685697797,0.20228960560965487,0.3585459990248073,0.05407778263673448,3.53405236348449e-05,10.245422794829906,25.956708425202528,nan,3.3232264951447528,nan
274.55,173.45254516601562,-207.2456817626953,-42.39765930175781,173.44918428967136,-207.0542877463641,-42.40611031192834,0.19160998029876247,0.35847575564198103,0.054071160095389335,3.602624858282108e-05,10.092053741928964,24.81511313730002,3.5908321895512776,nan,nan
274.56,173.4539031982422,-207.25436401367188,-42.39836502075195,173.45046480913726,-207.06310649752658,-42.40411603222143,0.19137485240916147,0.35852262488649733,0.05409449362775494,3.53060309602511e-05,8.999851058746705,24.722388277905978,nan,5.383496327935489,nan
274.57,173.45535278320312,-207.2630615234375,-42.39916229248047,173.4518076134696,-207.07193450248232,-42.40497252436323,0.19124817688587836,0.35856958134446565,0.05411789257241213,3.601314712565761e-05,8.95522588855436,23.97607617102218,nan,nan,nan
274.58,173.45687866210938,-207.27174377441406,-42.40005111694336,173.45323748209898,-207.08076122245805,-42.40538202226882,0.19109163219536254,0.3586166249922426,0.05414135704496848,3.529404243087581e-05,8.776906494003953,24.505909270898247,nan,0.20140467559663972,nan
274.59000000000003,173.45849609375,-207.2804412841797,-42.40102767944336,173.45474547103612,-207.08958996926236,-42.40641541974604,0.1909641833485609,0.3586637561321327,0.054164887217219196,3.600128345674666e-05,8.73309823394486,23.84614886769949,nan,nan,nan
274.6,173.46017456054688,-207.28912353515625,-42.40209197998047,173.41326524499826,-207.08421705965245,-42.408331160641325,0.21029996425094766,0.35859355059293957,0.054158139161220344,3.526195470320693e-05,8.860670009010278,24.731825909440754,16.80405939207961,0.5098721349026958,nan
274.61,173.46194458007812,-207.29782104492188,-42.40324401855469,173.41486031434414,-207.0930263253001,-42.40954981018445,0.21023217706324884,0.3586404807710682,0.05418165618304578,3.596846342215147e-05,8.818096960243404,24.1087289329555,nan,nan,nan
274.62,173.46380615234375,-207.30650329589844,-42.404483795166016,173.41653154928542,-207.10183703278193,-42.411329274553715,0.21016666705366321,0.3586874980639999,0.05420523892969226,3.5252225862449966e-05,8.996372441318309,25.389172343862622,nan,0.1558751665704487,nan
274.63,173.46572875976562,-207.31520080566406,-42.40580368041992,173.4182842062712,-207.11064643639443,-42.41272664416999,0.21009855561299162,0.3587346027381415,0.054228887567066834,3.5958904740777824e-05,8.956401111040755,24.200541174596136,nan,nan,nan
274.64,173.4677276611328,-207.32388305664062,-42.40721130371094,173.42011895449153,-207.11945382040142,-42.413433184920954,0.20999193647183925,0.3587817948239495,0.05425260221952295,3.524356390517519e-05,8.677478873273596,24.635927471810742,nan,0.41968982768802227,nan
274.65000000000003,173.4698028564453,-207.33258056640625,-42.4087028503418,173.43183099978071,-207.1333244383686,-42.41489062900824,0.20293633253792243,0.3587116262396206,0.0542457253889797,3.592832470701886e-05,8.504797822532026,23.64427942042608,1.4019923273102113,nan,nan
274.66,173.4719696044922,-207.3412628173828,-42.410274505615234,173.39908514194448,-207.10896654534255,-42.417219419454455,0.24356094660865452,0.35484944326342427,0.05070322498799675,3.521405734342339e-05,14.286973637790183,30.690992573708314,nan,0.31637448553645875,0.30869518169913135
274.67,173.4741973876953,-207.34996032714844,-42.41192626953125,173.4011661216632,-207.11775126718328,-42.41895024880884,0.24352402270216778,0.35489876377977203,0.050719433135466764,3.592023456355318e-05,14.224334001082685,29.49713846842343,nan,nan,nan
274.68,173.47650146484375,-207.358642578125,-42.413658142089844,173.40334239422728,-207.12656049282927,-42.42131998807541,0.2434605672641598,0.3549481689420149,0.05073569674883017,3.520739314307027e-05,14.450024992335317,30.639271199624485,nan,0.2166867749686233,nan
274.69,173.47886657714844,-207.36734008789062,-42.415470123291016,173.40557050008323,-207.13534515738075,-42.42321865415489,0.24342145021747136,0.35499766306046365,0.050752021460868386,3.591379057372036e-05,14.388974736600758,29.4195905197693,nan,nan,nan
274.7,173.4813232421875,-207.3760223388672,-42.4173583984375,173.39775776425145,-207.12923890519227,-42.42533965857871,0.26067019920295015,0.35493267178065413,0.050748236910367485,3.5180441071519964e-05,15.906596411668536,30.51374510673318,21.898813068929208,0.02430135745513791,nan
274.71,173.4838409423828,-207.3847198486328,-42.41932678222656,173.40012433828517,-207.13796700954128,-42.42739826671353,0.2606925051918345,0.35498195279109057,0.05076458111642601,3.588619625345227e-05,15.846840988471222,29.354311323768755,nan,nan,nan
274.72,173.48643493652344,-207.39340209960938,-42.42134094238281,173.40256781025252,-207.14670182271558,-42.42968708210724,0.2606997881409082,0.3550313184499776,0.05078098126641843,3.5175570286201476e-05,15.945313204278332,30.338645540449775,nan,0.019703104699325708,nan
274.73,173.4890899658203,-207.402099609375,-42.42335510253906,173.405074748313,-207.15542917483336,-42.431834475821674,0.260723531391064,0.35508077288522627,0.05079744257530754,3.588157811476048e-05,15.905179845203309,29.370248747232218,nan,nan,nan
274.74,173.49180603027344,-207.41078186035156,-42.42535400390625,173.40761262501573,-207.16411384018215,-42.432947919058016,0.2607514318474909,0.3551303123030015,0.05081396021430262,3.517154544680523e-05,15.476036530730676,29.44994178203388,nan,0.7373381569193019,nan
274.75,173.49461364746094,-207.41946411132812,-42.42731857299805,173.3932472188273,-207.17148215066004,-42.43500415967807,0.26800983920994853,0.3550652442996026,0.0508101722124603,3.58557481797041e-05,14.840226937992401,30.366023326189485,5.916682505656486,nan,nan
274.76,173.49746704101562,-207.42816162109375,-42.42925262451172,173.3959368180812,-207.18023291683036,-42.43740040331266,0.26803621931788596,0.35511457041963074,0.050826708936690425,3.5147111182553474e-05,15.01889484817149,29.09583347728944,nan,0.07182642280330279,nan
274.77,173.50039672851562,-207.4368438720703,-42.43115234375,173.3986813096607,-207.18897035003428,-42.43944564830333,0.2680598594713374,0.3551639851329225,0.05084330688450853,3.585277975968343e-05,14.983654983766785,30.030601936911633,nan,nan,nan
274.78000000000003,173.50338745117188,-207.44552612304688,-42.433013916015625,173.40145350696488,-207.19766525540214,-42.44039631655897,0.26810452910940485,0.35521348483460485,0.050859961624215244,3.514463565029737e-05,14.551765844611296,29.48856229374884,nan,0.7858843686469899,nan
274.79,173.50645446777344,-207.4542236328125,-42.434837341308594,173.4043291032961,-207.20640166856307,-42.4423603449577,0.26814531809818265,0.35526307337229723,0.05087667778354309,3.585058923326274e-05,14.517149477774606,28.94580283296953,nan,nan,nan
274.8,173.5095672607422,-207.46290588378906,-42.43662643432617,173.38725850399288,-207.21178765756002,-42.44430699010421,0.2794258156631901,0.3551979249006066,0.05087287794843677,3.512169406758178e-05,14.112652116459001,29.571355451938878,5.575848481621308,0.0034312367203755364,nan
274.81,173.51275634765625,-207.47158813476562,-42.43838119506836,173.39022477628532,-207.22052826471995,-42.44620051921996,0.2794748399412192,0.35524729985154224,0.05088961255448834,3.5827065788619785e-05,14.076036979842238,29.80105907588233,nan,nan,nan
274.82,173.51600646972656,-207.4802703857422,-42.44009780883789,173.39323277256162,-207.22924545527232,-42.44745735991856,0.279537223684182,0.35529675979750175,0.050906404401223786,3.512061184149319e-05,13.848495768258054,29.579241524282573,nan,0.25450659762272854,nan
274.83,173.51931762695312,-207.48895263671875,-42.4417839050293,173.39632405000185,-207.23798510343548,-42.449277253994175,0.2795858955889387,0.3553463083934207,0.05092325774142338,3.58262911094627e-05,13.810787161161901,29.40088074219754,nan,nan,nan
274.84000000000003,173.52268981933594,-207.4976348876953,-42.44343185424805,173.39945982890254,-207.24670599697018,-42.45057388826254,0.2796461109914223,0.35539594232045496,0.05094016869829164,3.5120186815558766e-05,13.633459249610855,29.281917027134106,nan,0.1686756654785526,nan
274.85,173.52610778808594,-207.50633239746094,-42.44504928588867,173.37637190170477,-207.24387928049197,-42.45228841864396,0.3022496969727679,0.35533071707471964,0.050936357686475184,3.5804128763883485e-05,13.859937334023384,28.244811159449092,6.92435228762776,nan,nan
274.86,173.52960205078125,-207.5150146484375,-42.44663619995117,173.37960469523543,-207.25259401280186,-42.45403577560114,0.3023550072314828,0.3553801372228742,0.05095328662377186,3.509918395611512e-05,13.894553132126008,29.450599455490075,nan,0.000621823099325431,nan
274.87,173.5331268310547,-207.52369689941406,-42.44818878173828,173.38288417889348,-207.26130708839645,-42.45572289609513,0.30245335232633025,0.35542964583394454,0.050970277133881935,3.580462087581711e-05,13.859291782776044,29.289441857375067,nan,nan,nan
274.88,173.53663635253906,-207.53237915039062,-42.44971466064453,173.38615307740488,-207.26999866343183,-42.456789657886574,0.30255378301686364,0.3554792397827496,0.0509873256917111,3.509994675032321e-05,13.640720985422684,28.989676531649103,nan,0.2444468144655396,nan
274.89,173.54010009765625,-207.54104614257812,-42.45120620727539,173.38941158160077,-207.27871065038795,-42.45841088341627,0.3026199707421166,0.3555289224362743,0.05100443602900875,3.580571070344539e-05,13.604209214954421,29.735667141527223,nan,nan,nan
274.90000000000003,173.54351806640625,-207.5497283935547,-42.452667236328125,173.3820951235833,-207.28264263966923,-42.46001935264617,0.3121637711403057,0.3554636186895506,0.05100060801776753,3.650288746443724e-05,13.719538885795663,29.334586760409348,1.1532631196079723,nan,nan
274.91,173.54685974121094,-207.55841064453125,-42.4541015625,173.38522873660867,-207.29134315246515,-42.461583183096145,0.31225886955211135,0.35551308727009506,0.05101773566831607,3.7236563270448324e-05,13.68487383484977,28.776681621241224,nan,nan,nan
274.92,173.55015563964844,-207.5670928955078,-42.45550537109375,173.38828459255913,-207.3000271710688,-42.46264645473546,0.3123737058900855,0.3555626410717528,0.05103492165106282,3.644661133566257e-05,13.52335220038842,29.141289444647665,nan,0.14535720333017035,nan
274.93,173.55337524414062,-207.57577514648438,-42.45688247680664,173.39129232696482,-207.30872677193486,-42.46415065048196,0.3124716510954781,0.35561228351329544,0.0510521696355783,3.717891008690186e-05,13.488377148325336,28.68081720033769,nan,nan,nan
274.94,173.55653381347656,-207.58445739746094,-42.45823287963867,173.39424855216794,-207.31743863301315,-42.46600666204727,0.3125635268200144,0.3556620115208759,0.05106947632782231,3.639224771272587e-05,13.671549151794034,28.90232981562544,nan,0.09346319344756215,nan
274.95,173.55963134765625,-207.59312438964844,-42.459556579589844,173.38330579006347,-207.32432083114045,-42.4673933851951,0.3215703202241348,0.35559662934343717,0.05106562760710432,3.7099614849006986e-05,13.27826412474743,29.99168262506519,3.0448165639718865,nan,nan
274.96,173.5626678466797,-207.601806640625,-42.460853576660156,173.38605677007246,-207.3329819790639,-42.46748615727733,0.32171751921436764,0.355646143091346,0.05108295109592205,3.631714618083873e-05,12.777995859086232,28.67913293392236,nan,1.1676216113801794,nan
274.97,173.5656280517578,-207.61048889160156,-42.46212387084961,173.38878908553423,-207.3416859486688,-42.468875848835026,0.3218270207907498,0.3556957452747248,0.0511003366610471,3.7046000901937905e-05,12.742042286583779,28.166911145897064,nan,nan,nan
274.98,173.5685577392578,-207.61917114257812,-42.4633674621582,173.39147359193507,-207.35040189282668,-42.47062621363357,0.32194470692645116,0.35574543304396844,0.05111778135249722,3.626663878820371e-05,12.908097446848556,29.213205174410472,nan,0.09746059896641224,nan
274.99,173.5714111328125,-207.62783813476562,-42.4645881652832,173.39408738057364,-207.35910559593262,-42.47197124464667,0.3220487546887741,0.35579520948369114,0.05113528832910403,3.699434629448007e-05,12.871798502173686,29.36930725385004,nan,nan,nan
275.0,173.57420349121094,-207.6365203857422,-42.465782165527344,173.36737672680903,-207.3600594452146,-42.47404003661137,0.34536380028196423,0.35572974752226505,0.051131413728834604,3.6195557852605637e-05,12.961740486435268,29.563030376357208,8.192125570654724,0.33709382778739794,nan
275.01,173.5769500732422,-207.64520263671875,-42.466957092285156,173.36982503563414,-207.36875782073236,-42.475346383434946,0.34553277369286434,0.3557793093986705,0.051148936790401896,3.6921276624906e-05,12.928987749502733,29.73375713427702,nan,nan,nan
275.02,173.5796356201172,-207.65386962890625,-42.46810531616211,173.37217204213314,-207.3774104111083,-42.47509597639914,0.34571621979009426,0.355828956875849,0.05116651938032644,3.6148822582257165e-05,12.318494316644237,29.777056311675512,nan,1.5558889004853533,nan
275.03000000000003,173.582275390625,-207.6625518798828,-42.46923065185547,173.3745109074615,-207.38610881963035,-42.476342154238075,0.3458864257123639,0.35587869282494367,0.05118416434493827,3.687354197286246e-05,12.283568898354899,29.167135702353374,nan,nan,nan
275.04,173.58485412597656,-207.67123413085938,-42.470333099365234,173.37678569899165,-207.3947963806013,-42.477195636458255,0.3460598134587105,0.35592851471460085,0.05120186919850016,3.6103914153513504e-05,12.16242038278023,28.771449674639975,nan,0.0911313826645307,nan
275.05,173.58738708496094,-207.67990112304688,-42.47141647338867,173.37006443754473,-207.41534531760058,-42.47840911110225,0.34244387022915235,0.3558629758546658,0.05119796779936246,3.680453004517743e-05,10.610583626841212,30.54140259614077,28.697666862766805,nan,nan
275.06,173.58987426757812,-207.68858337402344,-42.47247314453125,173.37211143821358,-207.42399668641514,-42.475901442364275,0.3426930380652874,0.35591258298437967,0.05121568816636356,3.6038595382224746e-05,9.554522851771797,28.86122365744694,nan,9.039709052336919,nan
275.07,173.59230041503906,-207.697265625,-42.473514556884766,173.37421529561325,-207.43275259106716,-42.477023108729604,0.3428419087150438,0.35596227839150246,0.051233471005863486,3.676060469511088e-05,9.510313400052109,28.294400923906906,nan,nan,nan
275.08,173.5946807861328,-207.7059326171875,-42.47453308105469,173.37626959173903,-207.44150814870727,-42.47810532052064,0.3429817929021474,0.35601205974674244,0.051251314114711746,3.5997315504028625e-05,9.475656544407947,29.24488693454436,nan,0.00025664034474765277,nan
275.09000000000003,173.59701538085938,-207.71461486816406,-42.475528717041016,173.37827634644904,-207.45026431422718,-42.479187545000144,0.34313462017630086,0.35606192961981076,0.05126921991922446,3.671851940073016e-05,9.433143674356122,28.44729981119609,nan,nan,nan
275.1,173.59930419921875,-207.72329711914062,-42.476505279541016,173.3756051498958,-207.45585874794523,-42.48086701678724,0.3486883591510445,0.35599631132637777,0.051265285415187316,3.593572543608754e-05,9.714176054273254,28.64172450313114,0.6118073139338434,0.21171556527864174,nan
275.11,173.60154724121094,-207.7319793701172,-42.47746658325195,173.37751183198174,-207.46460617770134,-42.48191801840361,0.3488554197458405,0.3560459661387335,0.05128320599559108,3.665528311651013e-05,9.67313178363533,28.50097343116898,nan,nan,nan
275.12,173.603759765625,-207.7406463623047,-42.4784049987793,173.37932114259652,-207.47330399959827,-42.4810438060573,0.3490724820266091,0.3560957069014663,0.0513011872105438,3.589795274319277e-05,9.272598453511097,29.501013010622714,nan,2.4378812098301994,nan
275.13,173.6059112548828,-207.74932861328125,-42.47932434082031,173.3811385648392,-207.48205174181368,-42.48203944080947,0.3492378272451085,0.35614553599401905,0.05131923123205573,3.6616829194773116e-05,9.228346646037886,28.008243901992156,nan,nan,nan
275.14,173.60801696777344,-207.7580108642578,-42.480228424072266,173.3829701382853,-207.49085383409152,-42.48515503991679,0.3493468559664149,0.3561954513710566,0.05133733623525242,3.5861871985719675e-05,9.652565560080337,28.239285995948958,nan,3.0701985886990335,nan
275.15000000000003,173.61009216308594,-207.7666778564453,-42.481109619140625,173.3774242077275,-207.49486835683518,-42.48603814565315,0.35782547687744193,0.3561297560114015,0.05133336694984851,3.655730332489733e-05,9.814660770686507,29.59147649335979,1.4692338224766555,nan,nan
275.16,173.61212158203125,-207.77536010742188,-42.48197555541992,173.3791251230875,-207.5036233834707,-42.48780326885656,0.35799742913593013,0.35617945612205637,0.051351486101766985,3.580556040056805e-05,10.047629064053027,28.773263604676856,nan,0.43357172164595076,nan
275.17,173.61410522460938,-207.78404235839844,-42.482826232910156,173.38076392623356,-207.51235897554986,-42.48875797062484,0.3581832039000105,0.3562292443788342,0.05136966817806141,3.6522339715829754e-05,10.011781606557225,28.51164052417024,nan,nan,nan
275.18,173.61605834960938,-207.792724609375,-42.48365783691406,173.38237039243683,-207.52110215562723,-42.48999950948073,0.3583699701682325,0.35627911891464875,0.051387911581649307,3.577279800654862e-05,10.121796458176261,28.980871029879484,nan,0.06197933082664298,nan
275.19,173.6179656982422,-207.80140686035156,-42.484474182128906,173.38392979297888,-207.5298383536505,-42.490925522159955,0.35855805467520113,0.3563290818427994,0.051406218145564016,3.648905621577574e-05,10.0878070888727,28.666814617206132,nan,nan,nan
275.2,173.61984252929688,-207.81007385253906,-42.48527526855469,173.39189895333763,-207.53258698375475,-42.492362717007964,0.35917609621797714,0.35626330734166645,0.05140220835863643,3.5719856457746155e-05,11.116653768210504,29.44291619920593,8.216602309249366,0.24505872370553208,nan
275.21,173.62167358398438,-207.81875610351562,-42.48605728149414,173.39340027338034,-207.5412936916957,-42.4932628623367,0.35936891170820046,0.3563130547060251,0.05142052830731309,3.6434750926316494e-05,11.085195978983311,28.38215162832215,nan,nan,nan
275.22,173.62347412109375,-207.8274383544922,-42.48682403564453,173.39490435656884,-207.55003698229305,-42.4957572837549,0.3595489695086557,0.3563628883385918,0.05143890991512831,3.5690268419870185e-05,11.845923993261996,29.34710538165382,nan,1.7568906145517333,nan
275.23,173.62522888183594,-207.83612060546875,-42.487579345703125,173.3963322975586,-207.55874458765547,-42.4966440808831,0.3597405606484699,0.35641281018649157,0.051457354812143946,3.640474409419027e-05,11.817304232973804,28.90703564463801,nan,nan,nan
275.24,173.626953125,-207.8448028564453,-42.48831558227539,173.39772476447146,-207.56745249730628,-42.497516746232584,0.3599354447721427,0.3564628194926953,0.0514758624007833,3.7133614105022725e-05,11.790415188282129,29.09779565498117,nan,nan,nan
275.25,173.62864685058594,-207.85348510742188,-42.489036560058594,173.42281673931086,-207.58722224894677,-42.49829789325619,0.3366715265706912,0.3563969677581592,0.05147180982337118,3.785259227728187e-05,11.488854564656421,28.69151240788227,6.069700367319762,nan,nan
275.26,173.63031005859375,-207.86216735839844,-42.48974609375,173.42411541618193,-207.59589867909622,-42.49649612916323,0.3368394322444483,0.35644676035582784,0.051490329366854055,3.7021508289787976e-05,10.404068018397446,27.626473709960386,nan,4.406537419968234,nan
275.27,173.63192749023438,-207.870849609375,-42.490440368652344,173.42544336505716,-207.60463102950445,-42.49730031368601,0.33697935406246765,0.3564966410640693,0.0515089123882819,3.776184069990277e-05,10.370674964314503,27.205870364205875,nan,nan,nan
275.28000000000003,173.63352966308594,-207.87953186035156,-42.491119384765625,173.42673973902794,-207.61336494483055,-42.49814784560211,0.3371294986672231,0.35654660828802903,0.05152755766892449,3.69360817971876e-05,10.41264295472238,27.830294539410623,nan,0.0020247051449116824,nan
275.29,173.6350860595703,-207.88821411132812,-42.49178695678711,173.42800271908172,-207.62209817465836,-42.4989263231409,0.337271659363004,0.356596663868946,0.05154626666975892,3.7674401605217376e-05,10.379530078738355,27.295372278266022,nan,nan,nan
275.3,173.63661193847656,-207.8968963623047,-42.4924430847168,173.40296808848143,-207.61488785289916,-42.49951123587217,0.36628978524991856,0.35653073317210554,0.05154216600553359,3.683074677997633e-05,10.990187385114005,27.661602538665004,11.15589938243486,0.016888166532787602,nan
275.31,173.63812255859375,-207.90557861328125,-42.493080139160156,173.40413063722187,-207.62358084355972,-42.50026299786309,0.36650587287841235,0.35658057268076615,0.051560886920608916,3.756624387181113e-05,10.958305052495804,28.26095644279034,nan,nan,nan
275.32,173.63958740234375,-207.9142608642578,-42.493709564208984,173.4052684665531,-207.6322789703811,-42.50125595018357,0.3667098309094484,0.3566304986914897,0.05157967040557975,3.6751671076587604e-05,11.086316092604278,27.761732777279626,nan,0.04085336619390718,nan
275.33,173.64114379882812,-207.92294311523438,-42.49443054199219,173.40642672997814,-207.64097264116975,-42.50203922033998,0.36695686754707013,0.356680512882918,0.051598517745522106,3.748539923366345e-05,11.03099437130842,28.033985436047793,nan,nan,nan
275.34000000000003,173.6427764892578,-207.93162536621094,-42.4952392578125,173.4076584385146,-207.64965956044549,-42.50252678234095,0.36720337882432447,0.3567306139033291,0.051617427984081185,3.6675644763249604e-05,10.884877798715562,27.779067059215294,nan,0.09663459184919333,nan
275.35,173.6444854736328,-207.9403076171875,-42.49613952636719,173.4366045805978,-207.67172316123106,-42.503457934646995,0.33971404853230297,0.3566646058706421,0.05161327655080805,3.738401448355539e-05,10.499252791313012,27.0070629307265,8.246573072334899,nan,nan
275.36,173.64627075195312,-207.94898986816406,-42.497127532958984,173.4380225329535,-207.68042518231297,-42.50326963559613,0.33990003916976946,0.35671449059975474,0.05163219797835231,3.657993159506333e-05,10.04882848294965,26.476356826730786,nan,0.9933313673719473,nan
275.37,173.6481475830078,-207.95767211914062,-42.498207092285156,173.439545717042,-207.68914963003675,-42.504399033787855,0.3400844097845908,0.35676446333901934,0.05165118340131337,3.730952843700067e-05,9.99589555346617,26.771379857045517,nan,nan,nan
275.38,173.6501007080078,-207.9663543701172,-42.49937057495117,173.44117440664613,-207.69789716680387,-42.50694566008921,0.34025997608641917,0.3568145228839574,0.05167023201599965,3.650993926477275e-05,10.491005011167484,27.270288963405118,nan,1.1440283624894814,nan
275.39,173.65213012695312,-207.9750518798828,-42.50061798095703,173.4428528506309,-207.7066219723015,-42.50826379546735,0.3404556537179053,0.35686467069303096,0.05168934487976187,3.723808910476399e-05,10.441878908722478,26.45270088592834,nan,nan,nan
275.40000000000003,173.6542205810547,-207.98373413085938,-42.501953125,173.399180512365,-207.70604439798618,-42.511614317894065,0.3771609245780401,0.3567985839014918,0.051685137719387694,3.642038323225587e-05,10.820890144109443,28.992196199991756,21.456753708150337,2.4117111774990807,nan
275.41,173.65640258789062,-207.99241638183594,-42.50336837768555,173.40092909047144,-207.71477049344705,-42.5131235044902,0.37742430992428505,0.3568485151246739,0.05170426095049558,3.714627363593392e-05,10.772240076339216,29.57391405660933,nan,nan,nan
275.42,173.65866088867188,-208.0010986328125,-42.5048713684082,173.40271192458775,-207.72346386462334,-42.512662886305385,0.37769252636811307,0.35689853312400205,0.051723447654352286,3.6356184573841266e-05,9.832745546050695,28.597672515911093,nan,2.756946995250579,nan
275.43,173.66098022460938,-208.00978088378906,-42.50645446777344,173.404608951804,-207.73219019120265,-42.5143194121927,0.3779479851529505,0.35694863922503,0.05174269875655214,3.708082871615038e-05,9.784303339791853,28.115610490112854,nan,nan,nan
275.44,173.6633758544922,-208.01846313476562,-42.50811767578125,173.40657813896487,-207.74091594872138,-42.516023908121824,0.37820631365823143,0.35699883242213853,0.05176201365016024,3.629475998086895e-05,9.791719189875225,28.252460680614252,nan,0.0007684943369886129,nan
275.45,173.6658477783203,-208.0271453857422,-42.50986099243164,173.40115879494127,-207.7405122100046,-42.5178675706651,0.3902344688141454,0.3569326681195994,0.05175774767320719,3.699509779001441e-05,10.343128668876732,28.38076877769054,4.722598670144873,nan,nan
275.46,173.6683807373047,-208.0358428955078,-42.511680603027344,173.40328975502229,-207.74922893098017,-42.5211188777341,0.390525126693717,0.3569826445023041,0.05177707216157474,3.621386698139051e-05,11.02522779288277,27.992870214653678,nan,1.2011330942030558,nan
275.47,173.67098999023438,-208.04452514648438,-42.51358413696289,173.40546580887616,-207.7579253879729,-42.523112606198765,0.39081108504079526,0.3570327088291342,0.05179646120136661,3.6935380455496505e-05,10.977248233621903,28.75830782909917,nan,nan,nan
275.48,173.67367553710938,-208.05320739746094,-42.515560150146484,173.4076926488936,-207.76660666331995,-42.52414877818115,0.3911018309408395,0.3570828602141049,0.051815914298785945,3.615787138860118e-05,10.513033906028353,28.594926412676518,nan,0.7094185415925839,nan
275.49,173.67642211914062,-208.0618896484375,-42.517581939697266,173.41000719839164,-207.77530220712944,-42.52627262850086,0.3913882977109415,0.35713309980377966,0.05183543221047464,3.687840031533037e-05,10.47537456587495,28.20959043758606,nan,nan,nan
275.5,173.67922973632812,-208.07057189941406,-42.51960754394531,173.44387707496335,-207.79539021854023,-42.52774567918414,0.36219064309447846,0.35706685689028667,0.05183110276904123,3.6082458485129546e-05,10.200477847368962,26.833763448409833,8.570374360827392,0.3055886626330561,nan
275.51,173.68211364746094,-208.07925415039062,-42.52161407470703,173.44637922617918,-207.80410347280076,-42.52987941373801,0.3624181681214468,0.35711687937559466,0.05185062942751662,3.680118493941202e-05,10.176026847833537,27.078504361935163,nan,nan,nan
275.52,173.68505859375,-208.0879364013672,-42.52358627319336,173.44896733597085,-207.8128312561608,-42.53313103046997,0.3626472463844765,0.3571669888756914,0.05187022039948345,3.603163015301598e-05,10.8032117761271,27.592603276267113,nan,0.8665861870408964,nan
275.53000000000003,173.68807983398438,-208.09661865234375,-42.52552795410156,173.45160131471548,-207.82154371142067,-42.53522199464305,0.362880541806068,0.35721718642984013,0.051889876345100915,3.674953462754152e-05,10.787031748513577,27.817041226439443,nan,nan,nan
275.54,173.691162109375,-208.1053009033203,-42.527435302734375,173.45430057873696,-207.8302562102574,-42.53730436394629,0.36311205742507197,0.3572674713126878,0.05190959691482902,3.5983269431351705e-05,10.892073379404962,27.728612239100034,nan,0.00043053895855749445,nan
275.55,173.6942901611328,-208.11398315429688,-42.52930450439453,173.45965034964254,-207.84682085699458,-42.53932861963669,0.3557133918232698,0.3572011507275421,0.05190520061944384,3.667767521844414e-05,10.321827373768754,27.26818211515822,4.490388198820837,nan,nan
275.56,173.69749450683594,-208.12266540527344,-42.53113555908203,173.46247474583447,-207.8555593114088,-42.541267692885,0.3559250111697889,0.3572512182691964,0.051924929119599034,3.591549511593631e-05,10.397095214212982,27.729592625306548,nan,0.0014663506886106851,nan
275.57,173.7007598876953,-208.13134765625,-42.53293228149414,173.46536265257262,-207.86429783754895,-42.5432176881287,0.3561365658863337,0.35730137371834225,0.05194472275504897,3.663107502086682e-05,10.383518549006942,27.584661694725916,nan,nan,nan
275.58,173.7041015625,-208.1400146484375,-42.53469467163086,173.46832367498334,-207.87304403036367,-42.54583552695509,0.3563546573484011,0.35735161644556607,0.05196458125800739,3.5871915684640284e-05,10.91106340077833,29.32875005852299,nan,0.3316019900992608,nan
275.59000000000003,173.70748901367188,-208.14869689941406,-42.53641891479492,173.4713347735942,-207.88178155407513,-42.547723263018945,0.35656754615756964,0.35740194734652314,0.05198450516640783,3.658688221053848e-05,10.901159286509694,27.98005444243094,nan,nan,nan
275.6,173.7109375,-208.15737915039062,-42.538108825683594,173.47341206658476,-207.88459020705568,-42.54949480661529,0.36188641821249895,0.3573355482500801,0.05198003759973396,3.58089225637728e-05,11.457878842054464,27.893830613523377,2.776652964799788,0.003301110442720208,nan
275.61,173.71444702148438,-208.1660614013672,-42.53976821899414,173.47654643472433,-207.89330502700093,-42.55131522704132,0.3621133280245846,0.35738566152364803,0.05199996856358267,3.652245051512071e-05,11.44581833940222,27.811941136294344,nan,nan,nan
275.62,173.71800231933594,-208.1747283935547,-42.54138946533203,173.47972853756573,-207.90201142673286,-42.55234814685709,0.3623106840438779,0.3574358620199978,0.05201996462944163,3.576985653322064e-05,11.10942221587913,27.86544338086053,nan,0.3851647915570747,nan
275.63,173.7216339111328,-208.18341064453125,-42.54298400878906,173.4829804417168,-207.91072519863235,-42.55409694805223,0.3625414849206273,0.3574861505493483,0.05204002626657249,3.6482900371013945e-05,11.095094684322358,27.491386052953196,nan,nan,nan
275.64,173.72531127929688,-208.1920928955078,-42.5445442199707,173.4862517699987,-207.9194118477947,-42.553159235095166,0.36273767553620617,0.357536526610252,0.052060153309998886,3.573294037268734e-05,9.74563744301229,25.719641427365517,nan,4.77219036852028,nan
275.65000000000003,173.7290496826172,-208.2007598876953,-42.54607009887695,173.49406278577945,-207.9326691333737,-42.55492284321985,0.35660884077734,0.3574700496935717,0.05205561086936284,3.642309303147764e-05,9.556666959242525,26.702380770303183,1.4399355964345273,nan,nan
275.66,173.73284912109375,-208.20944213867188,-42.547569274902344,173.50452104190117,-207.92743561153694,-42.556399150556175,0.3629591709800759,0.35728038396742606,0.05113202888905503,3.567587541208747e-05,14.340517106311655,31.004491501325678,nan,0.019369694239941983,0.20642908742687244
275.67,173.7366180419922,-208.21810913085938,-42.54903793334961,173.50797302899613,-207.93613282911048,-42.55800185338338,0.3631384427161675,0.35732991712084855,0.051148479322135725,3.6387216150393214e-05,14.30087625017855,31.16711587026218,nan,nan,nan
275.68,173.74034118652344,-208.22679138183594,-42.550479888916016,173.51139849196076,-207.94485993233891,-42.56055956144688,0.36332038121668936,0.3573795369524337,0.05116498665323535,3.564310965060304e-05,14.883520213545317,30.837656585582284,nan,0.6579906905657934,nan
275.69,173.7440185546875,-208.23545837402344,-42.55188751220703,173.5147700473218,-207.95355586698201,-42.56211584376113,0.36349486980151396,0.357429243626462,0.051181553865958906,3.635412971687977e-05,14.84949408646359,32.05593674106884,nan,nan,nan
275.7,173.74761962890625,-208.244140625,-42.55327224731445,173.53514361299474,-207.97180558247638,-42.563966409090284,0.34558182507194585,0.35736282939476366,0.05117754141187134,3.559083552738562e-05,14.737778788343114,30.8295671461118,4.531549537369797,0.07865879700416274,nan
275.71,173.75115966796875,-208.2528076171875,-42.55462646484375,173.5384111914101,-207.98052537662724,-42.56547147753629,0.34571252089394455,0.3574123207515245,0.05119412674647319,3.630070168008097e-05,14.703945786173424,31.83732273301557,nan,nan,nan
275.72,173.75462341308594,-208.261474609375,-42.55595397949219,173.54160815285934,-207.98921335510218,-42.5658899252002,0.3458329288612162,0.357461898701682,0.05121076939208984,3.5561932780132384e-05,14.180174675630004,31.016940047561334,nan,0.768508953610834,nan
275.73,173.75802612304688,-208.27015686035156,-42.557254791259766,173.5447390142734,-207.99793200779953,-42.567332454805175,0.34597589571884163,0.3575115634027176,0.05122747204201576,3.627157894812953e-05,14.145998359300426,30.361182146619768,nan,nan,nan
275.74,173.76136779785156,-208.27882385253906,-42.55853271484375,173.54780524040004,-208.00669746681922,-42.5703944851031,0.3461248869178096,0.357561314987551,0.05124423235815789,3.5534865511307666e-05,15.245781925738385,32.38103646966789,nan,1.8518257113202046,nan
275.75,173.76463317871094,-208.28749084472656,-42.55978012084961,173.5650324832475,-208.02307859455942,-42.5716274917461,0.33150359857035455,0.35749483610394195,0.05124021294057615,3.62220673578491e-05,14.826504671809252,31.784938542657397,4.239097024200113,nan,nan
275.76,173.767822265625,-208.29617309570312,-42.56100845336914,173.56798691892857,-208.03186344424276,-42.574721962339105,0.3316350674652069,0.357544372162514,0.05125699093245431,3.548818851059502e-05,16.19397734904199,31.882147232897466,nan,2.015345290905394,nan
275.77,173.77096557617188,-208.30484008789062,-42.56220626831055,173.57087417452627,-208.04060015305927,-42.57609631454492,0.33174123282548706,0.35759399488074084,0.05127382905833559,3.619664033356651e-05,16.165928317956002,33.271920558970294,nan,nan,nan
275.78000000000003,173.7740478515625,-208.31350708007812,-42.563385009765625,173.5736964586284,-208.04930192088267,-42.57617376740852,0.3318261579776028,0.3576437043961929,0.05129072524360021,3.546461120760839e-05,15.38872356649156,32.446142559973225,nan,1.1154217896778953,nan
275.79,173.7770538330078,-208.32217407226562,-42.564537048339844,173.57645865223247,-208.05803807712218,-42.5774899035393,0.33192473083295276,0.3576935008592798,0.051307681790876,3.617296655008109e-05,15.357315020786025,31.958108371146874,nan,nan,nan
275.8,173.78001403808594,-208.3308563232422,-42.565670013427734,173.55527303450717,-208.0596870843479,-42.57959219124457,0.35247000134375145,0.357626957310875,0.05130364946530467,3.542136830211239e-05,16.003809433252776,32.89517512885748,5.415296835903162,0.3665023150308663,nan
275.81,173.7829132080078,-208.3395233154297,-42.566776275634766,173.5578735636119,-208.06841571902544,-42.58087325148806,0.35262004353997456,0.3576765380344592,0.05132062308328452,3.612878585219686e-05,15.974454159374144,33.64399050529456,nan,nan,nan
275.82,173.78575134277344,-208.3481903076172,-42.56786346435547,173.56041573196464,-208.07714634039968,-42.58221161134215,0.35277023540192787,0.3577262054674942,0.05133765513967791,3.540103238163635e-05,16.231942884687385,33.73560174132466,nan,0.004253600105320081,nan
275.83,173.7885284423828,-208.3568572998047,-42.56892776489258,173.5629006988227,-208.08587479826411,-42.583451291057514,0.3529168848574456,0.3577759597574694,0.051354747699140245,3.610843018091382e-05,16.201270453598752,33.530322359818,nan,nan,nan
275.84000000000003,173.791259765625,-208.3655242919922,-42.569969177246094,173.56532979923455,-208.0945958301763,-42.5843809627235,0.3530641311373321,0.3578258010464274,0.05137189904014934,3.5382232923432496e-05,16.17272743083108,33.793155808770074,nan,0.05791173101096414,nan
275.85,173.79393005371094,-208.37420654296875,-42.57099151611328,173.50360753317182,-208.07586007370466,-42.585624655267374,0.4165476088228566,0.35775919282509644,0.05136785222314822,3.60675037164084e-05,16.73363502632524,34.33418214394917,38.95376724881798,nan,nan
275.86,173.79653930664062,-208.38287353515625,-42.571990966796875,173.50582467225257,-208.0844682358345,-42.58414453015093,0.4167834334674158,0.35780881816081134,0.05138502013084243,3.5343642722604966e-05,14.920237128388496,33.006652077785596,nan,4.889560208773254,nan
275.87,173.79910278320312,-208.39154052734375,-42.572975158691406,173.50799074029098,-208.09314086782805,-42.585276599542894,0.4170610312347452,0.35785853026278625,0.05140224868855337,3.605021653205413e-05,14.882905964572117,33.139563655000686,nan,nan,nan
275.88,173.80162048339844,-208.40020751953125,-42.573936462402344,173.51010465076783,-208.10178422698635,-42.58514302509805,0.41732904195024156,0.3579083292746444,0.05141953638867545,3.5327736724244635e-05,14.184487218598308,32.656920495224405,nan,1.077009740345073,nan
275.89,173.80409240722656,-208.4088897705078,-42.57487869262695,173.51216856135684,-208.1104570885729,-42.5862254552656,0.417624647807824,0.3579582153414646,0.05143688497833312,3.603438177922679e-05,14.148536775355273,31.999944787626955,nan,nan,nan
275.90000000000003,173.80650329589844,-208.4175567626953,-42.5758056640625,173.5206464517933,-208.1257192850737,-42.5882326659169,0.4087024333685534,0.3578915424231275,0.05143281824197179,3.529197320025863e-05,14.459923092374172,33.053219771102796,2.935867839655554,0.6142096710938769,nan
275.91,173.80886840820312,-208.4262237548828,-42.57670974731445,173.52261805673533,-208.13441430597757,-42.58928899260691,0.40896241342933576,0.35794121232026,0.05145018276200312,3.599784058517114e-05,14.42500685363129,33.15662531979189,nan,nan,nan
275.92,173.81118774414062,-208.4348907470703,-42.577598571777344,173.52454168785061,-208.14307178517953,-42.58861908660297,0.40920131946592236,0.3579909690372465,0.051467606772350766,3.527873203426435e-05,13.417175906868822,32.16315523207771,nan,2.029199655790849,nan
275.93,173.81346130371094,-208.44357299804688,-42.578468322753906,173.52641884831388,-208.15176724400845,-42.589624313248926,0.4094733512870254,0.35804081271862204,0.0514850918288723,3.598472766910025e-05,13.380226862801202,31.35101135861073,nan,nan,nan
275.94,173.81568908691406,-208.45223999023438,-42.57931900024414,173.52825017726406,-208.16050079921976,-42.59238032728535,0.40976027213326005,0.3580907435088616,0.05150263670808239,3.526675127997554e-05,14.70478781614147,33.446958737790396,nan,2.1716938303507587,nan
275.95,173.81788635253906,-208.46090698242188,-42.58015441894531,173.5630925879072,-208.1750623088902,-42.59327751824215,0.38314390980004187,0.3580240058628961,0.05149854786529223,3.59508372046057e-05,15.222883520612083,32.65186442335542,14.059717866993067,nan,nan
275.96,173.8200225830078,-208.46958923339844,-42.58097457885742,173.56489648060327,-208.18373705127564,-42.59352485822861,0.3833514153681887,0.35807372026540396,0.05151610811578888,3.523477757629024e-05,14.850550113292684,30.903607891084167,nan,0.36604575978311094,nan
275.97,173.82211303710938,-208.47825622558594,-42.5817756652832,173.56665716854795,-208.19242722281084,-42.59447434684812,0.3835585693520218,0.3581235215415072,0.05153372957382313,3.594021979247298e-05,14.813452790517116,31.553617717634552,nan,nan,nan
275.98,173.8241729736328,-208.48692321777344,-42.58256530761719,173.56837588089982,-208.20110372181432,-42.59471488350613,0.38376105731985777,0.3581734098354676,0.05155141118602669,3.5225146288859555e-05,14.463357047987728,31.549311001544364,nan,0.33546564517546706,nan
275.99,173.82618713378906,-208.49560546875,-42.583335876464844,173.5700530497169,-208.20979447044925,-42.59562750577677,0.3839839578996688,0.358223385292142,0.051569154255469166,3.593078124642719e-05,14.425843138715287,30.597798898853775,nan,nan,nan
276.0,173.8281707763672,-208.5042724609375,-42.58409118652344,173.55430854498587,-208.2106160308622,-42.59528605673725,0.40169633533406746,0.3581565828786032,0.051565038288995946,3.519545214316244e-05,13.930549839912096,31.445774343596288,3.1913663024768173,1.1903184833711775,nan
276.01,173.83009338378906,-208.51295471191406,-42.58483123779297,173.55587803358776,-208.21929069574207,-42.596158304362184,0.40194640826526606,0.35820634172772065,0.05158279606184343,3.5900424108234695e-05,13.892640348025072,29.904176752672154,nan,nan,nan
276.02,173.83200073242188,-208.52162170410156,-42.58555603027344,173.55740733326743,-208.22799887660366,-42.59878503839211,0.4022324033974072,0.3582561875029522,0.05160061430858852,3.518796545727836e-05,15.239103234374621,32.82439410048361,nan,2.184146982997709,nan
276.03000000000003,173.83384704589844,-208.53030395507812,-42.58626937866211,173.55889948082935,-208.23667428086466,-42.59964711618901,0.40248417730074965,0.3583061203499125,0.05161849418190597,3.589317128211828e-05,15.201038898326697,31.207829789475092,nan,nan,nan
276.04,173.83567810058594,-208.53897094726562,-42.58696365356445,173.56035374555648,-208.24535919590903,-42.601002290147086,0.40275109475229254,0.35835614041172154,0.051636434852090414,3.518149124971128e-05,15.764159972411038,33.309446860127856,nan,0.1793589900003944,nan
276.05,173.83746337890625,-208.5476531982422,-42.587646484375,173.54784821558437,-208.24011825192795,-42.60177654918653,0.422675223738083,0.35828927318353243,0.051632289089443895,3.5864928494074534e-05,16.649172862112987,32.33692174662154,12.13905805090365,nan,nan
276.06,173.83921813964844,-208.5563201904297,-42.58831787109375,173.54921592894604,-208.2487497437799,-42.60260301662081,0.4229715442525066,0.3583390764168894,0.051650244288742896,3.658381558645251e-05,16.608069155894604,33.17519595283849,nan,nan,nan
276.07,173.84092712402344,-208.56500244140625,-42.58897399902344,173.55054838815562,-208.257381498054,-42.60341690819602,0.423271842506074,0.35838896662953657,0.05166826085190876,3.731716105832794e-05,16.56996016871308,32.05320743375908,nan,nan,nan
276.08,173.8426055908203,-208.57366943359375,-42.58961868286133,173.55184513576208,-208.26603112165492,-42.605256050825226,0.4235888342190843,0.35843894396445225,0.051686338483322464,3.6520491088791725e-05,17.624173274739654,33.9560241267084,nan,0.6969352454825098,nan
276.09000000000003,173.84425354003906,-208.5823516845703,-42.590248107910156,173.5531090397248,-208.27466361251382,-42.60605611786534,0.42389499044907947,0.35848900856914967,0.05170447820629963,3.7252385854646894e-05,17.586774657504133,33.31419677475907,nan,nan,nan
276.1,173.84597778320312,-208.59103393554688,-42.59096908569336,173.54324435552016,-208.27961236887947,-42.60692641158733,0.43460966012267327,0.35842207646844026,0.05170029791849822,3.64368346526151e-05,17.815543648515455,33.78461625967135,1.248974281858904,0.006104496588978958,nan
276.11,173.84779357910156,-208.59970092773438,-42.59178161621094,173.54459246978595,-208.28824036125087,-42.60785849711796,0.4349678876240629,0.3584719240203055,0.05171845103377212,3.7166446153262083e-05,17.727875207104432,34.856526175704715,nan,nan,nan
276.12,173.84967041015625,-208.60838317871094,-42.59268569946289,173.54601947904658,-208.29686600964448,-42.6087179022264,0.4353204177527218,0.35852185860134744,0.05173666551775229,3.637825572930269e-05,17.788051074362414,33.571034377155506,nan,0.017556250055246414,nan
276.13,173.8516387939453,-208.6170654296875,-42.59367752075195,173.54752411813087,-208.3054943202768,-42.60983013146629,0.43568704260974367,0.35857188036041765,0.05175494226651215,3.7106597105150284e-05,17.702459726019796,33.98025423472246,nan,nan,nan
276.14,173.8536834716797,-208.625732421875,-42.594757080078125,173.54910948658883,-208.3140795785376,-42.608173306061026,0.43597339629161136,0.35862198943728935,0.05177328070142713,3.63219628276771e-05,15.574060477926242,32.54777526757155,nan,5.348556876768019,nan
276.15000000000003,173.8557891845703,-208.63441467285156,-42.59592056274414,173.53482005174993,-208.31817740325448,-42.60937272680862,0.45078615287484375,0.3585549924045142,0.05176906289548008,3.7025730169369167e-05,15.372840775360253,31.74980207424405,2.450339455697472,nan,nan
276.16,173.8579864501953,-208.64309692382812,-42.597171783447266,173.53652654900904,-208.32679599983095,-42.61031773762134,0.4511713185734465,0.3586048842029052,0.051787414064462196,3.624551363499899e-05,15.202799561051624,32.17504937358259,nan,0.1064893903863624,nan
276.17,173.86024475097656,-208.6517791748047,-42.5985107421875,173.5383068755682,-208.3354205139153,-42.61174742440423,0.45155509929386134,0.3586548630870755,0.051805827674888456,3.6970641985467594e-05,15.12418038678716,31.606033213215845,nan,nan,nan
276.18,173.86257934570312,-208.6604461669922,-42.59992980957031,173.54016072610918,-208.34404454278643,-42.613237643227656,0.4519301411695794,0.3587049291953898,0.05182430325750839,3.619374633973109e-05,15.226853814298138,32.50875443131695,nan,0.0004024826658296108,nan
276.19,173.864990234375,-208.66912841796875,-42.60143280029297,173.54208739176565,-208.3526687756159,-42.61483653290933,0.45231914734105383,0.3587550826788646,0.051842841545501527,3.691784218504715e-05,15.150701467374958,31.84487511545176,nan,nan,nan
276.2,173.8674774169922,-208.6778106689453,-42.6030158996582,173.51702547037266,-208.34214130551712,-42.61610274566223,0.4854500530147672,0.35868802063817073,0.05183858171524643,3.6121926729321824e-05,16.000233186078063,32.756927677071346,17.459350922079953,0.1729918744527622,nan
276.21,173.87002563476562,-208.68649291992188,-42.60468292236328,173.51905913323796,-208.35071242979274,-42.617863737926875,0.4859009741139184,0.3587379566164287,0.05185713200320785,3.684415736228387e-05,15.925540877701733,32.29021028558826,nan,nan,nan
276.22,173.87265014648438,-208.69515991210938,-42.60642623901367,173.52116328000204,-208.35928302430796,-42.619659316158106,0.48634495514957954,0.3587879797246574,0.05187574453921199,3.607451326731352e-05,16.01406912279291,33.28093002838838,nan,0.0014556438804255167,nan
276.23,173.87535095214844,-208.70384216308594,-42.608253479003906,173.52333681086725,-208.367854168743,-42.62158186465229,0.486805437385932,0.3588380901152688,0.051894419963089605,3.6795861690459535e-05,15.93892039173982,32.79353160802586,nan,nan,nan
276.24,173.8780975341797,-208.7125244140625,-42.61015319824219,173.5255794245728,-208.37642210332928,-42.6233365535439,0.487244888878303,0.3588882879244822,0.05191315794477496,3.602919067132646e-05,15.887206927138955,31.87470682960341,nan,0.04077607114113832,nan
276.25,173.8809356689453,-208.72119140625,-42.61213684082031,173.55279567598444,-208.38888495461381,-42.62542668902376,0.4672045085876886,0.3588211608058574,0.0519088527810349,3.672676050374079e-05,16.342881290176475,32.43451370670065,7.694671161805685,nan,nan
276.26,173.88381958007812,-208.72987365722656,-42.614158630371094,173.55521885140703,-208.3974488539721,-42.62750198891292,0.46761387267607885,0.3588711408807911,0.051927602057005556,3.596389561603152e-05,16.43712714803722,31.118116199706318,nan,0.002815677670656095,nan
276.27,173.88677978515625,-208.73855590820312,-42.61618423461914,173.55770830111553,-208.4060134289094,-42.62966537584985,0.4680323528480293,0.35892120814477496,0.05194641440533376,3.668277633817959e-05,16.393328632900015,31.42032417798322,nan,nan,nan
276.28000000000003,173.88980102539062,-208.74722290039062,-42.61819076538086,173.5602610483137,-208.4145920329398,-42.63308410122551,0.4684673968650753,0.35897136273271485,0.05196528957509008,3.5922665474009624e-05,17.56488644974631,33.06443890815346,nan,1.0683595630476814,nan
276.29,173.8928985595703,-208.7559051513672,-42.62017059326172,173.56288092898586,-208.42315615912298,-42.63522885853598,0.46889260997501236,0.3590216047990534,0.05198422808811797,3.6640858714581086e-05,17.531323001493988,32.781873678562285,nan,nan,nan
276.3,173.8960418701172,-208.76458740234375,-42.62211227416992,173.57550608656211,-208.43472344696218,-42.636577895021325,0.46017678318865113,0.35895441250991517,0.05197987328141411,3.586151177488166e-05,17.20311821474217,31.443056710630724,0.8940577158289763,0.4237063507522146,nan
276.31,173.89926147460938,-208.77325439453125,-42.624019622802734,173.57827008699323,-208.4432907344208,-42.638650532405784,0.46057089729273715,0.3590044366118445,0.05199882232343832,3.657818192793908e-05,17.17190759451777,32.50705009932631,nan,nan,nan
276.32,173.9025421142578,-208.7819366455078,-42.62588882446289,173.58109823385175,-208.45184860297246,-42.63980292772793,0.4609532366140826,0.35905454794261404,0.05201783444169791,3.5824182807618335e-05,16.67742389720516,31.300004381025758,nan,0.5272245724898501,nan
276.33,173.9058837890625,-208.7906036376953,-42.627723693847656,173.58398651738824,-208.46041500802446,-42.64179568857847,0.46134629695160106,0.3591047466578542,0.05203691009154769,3.654028832692199e-05,16.644645839452206,31.854194267310348,nan,nan,nan
276.34000000000003,173.90927124023438,-208.79928588867188,-42.629520416259766,173.5869352757101,-208.46898436172913,-42.64408990975587,0.4617486793345974,0.3591550328906298,0.05205604912131735,3.578872215266974e-05,17.11114589924636,31.14322240688536,nan,0.07658744910019956,nan
276.35,173.91273498535156,-208.80795288085938,-42.631282806396484,173.6025613996477,-208.48510547650773,-42.64589522796871,0.44794153929859415,0.35908777535171915,0.05205164113095703,3.648166578890876e-05,16.689321693943416,31.830922702594034,3.061998524264228,nan,nan
276.36,173.916259765625,-208.81661987304688,-42.63301086425781,173.60565162800629,-208.49367862009183,-42.64656249170772,0.44827682811147335,0.3591378433878074,0.05207078993966614,3.573334739744824e-05,15.928536045543689,31.112865084741888,nan,1.010110370308894,nan
276.37,173.91983032226562,-208.82530212402344,-42.63470458984375,173.60879836269302,-208.50226281755434,-42.648405424674266,0.4486457246811367,0.35918799871385554,0.05209000246903266,3.644759057423056e-05,15.89434405773683,29.949494779328184,nan,nan,nan
276.38,173.92347717285156,-208.83396911621094,-42.6363639831543,173.61200698543365,-208.51083148410143,-42.64849584634001,0.4489752655100771,0.359238241461899,0.052109278622762066,3.570150604273885e-05,14.819746243801085,30.13788546651502,nan,2.004513596773331,nan
276.39,173.9271697998047,-208.84263610839844,-42.63798904418945,173.61526969792746,-208.51941472557766,-42.6502559767315,0.4493375273639974,0.35928857178917417,0.05212861877355164,3.641534085385904e-05,14.78315801687661,29.65471845541663,nan,nan,nan
276.40000000000003,173.930908203125,-208.851318359375,-42.63957977294922,173.62562002348585,-208.53110588887003,-42.65332019712452,0.4426349490842298,0.3592212488930521,0.05212415342864957,3.564975986112948e-05,15.862937233392993,29.522613802242212,0.46773332522462086,1.2186765355812985,nan
276.41,173.93472290039062,-208.8599853515625,-42.641143798828125,173.6290074016596,-208.53969432511877,-42.65503066229393,0.44299114298329845,0.359271360790231,0.05214350256161172,3.636234617342492e-05,15.824276016518379,30.81215232221442,nan,nan,nan
276.42,173.93858337402344,-208.86865234375,-42.64267349243164,173.6324517395392,-208.54827735222796,-42.65609714014846,0.4433248325356597,0.35932156001341725,0.052162915555733436,3.5621339271860284e-05,15.53391296992826,30.144713544743645,nan,0.256315446690438,nan
276.43,173.94248962402344,-208.8773193359375,-42.64417266845703,173.63594981482447,-208.55686463651375,-42.6577411298693,0.4436687640026062,0.3593718467207012,0.052182392738132403,3.6333615779998375e-05,15.497351222223964,29.76887495986467,nan,nan,nan
276.44,173.9464569091797,-208.885986328125,-42.6456413269043,173.63949986976115,-208.56545942989652,-42.66045349523897,0.4440490027770994,0.35942222104277777,0.052201934080653066,3.5594552804986735e-05,16.549264998909827,31.010004800544802,nan,0.8218526531090313,nan
276.45,173.9504852294922,-208.89466857910156,-42.6470832824707,173.6694602583384,-208.57225773579975,-42.66208689826084,0.42795898726086745,0.35935483270163565,0.052197407677160336,3.628413599466488e-05,17.662964065516977,29.872749850656614,17.141207796782382,nan,nan
276.46,173.95449829101562,-208.90333557128906,-42.648494720458984,173.67314373342725,-208.5808099373306,-42.662915524464005,0.428241907365695,0.35940498835829876,0.05221695721025082,3.5547821451275474e-05,17.26562406635393,29.859036491916367,nan,0.3757155141395806,nan
276.47,173.95846557617188,-208.91200256347656,-42.649879455566406,173.6767991867169,-208.58936663010192,-42.66445040276095,0.42853496118202383,0.35945523140333563,0.052236571122553775,3.6258717423587555e-05,17.228470087033255,29.735870417483355,nan,nan,nan
276.48,173.96237182617188,-208.92066955566406,-42.6512336730957,173.68039881614916,-208.59793264182395,-42.6674636425116,0.4288721322766866,0.3595055619667719,0.052256249422983306,3.552416973907565e-05,18.74600518056951,31.21758053822741,nan,1.5521292117404317,nan
276.49,173.96621704101562,-208.9293212890625,-42.652565002441406,173.68393697616898,-208.6064882194713,-42.66896008037421,0.42915268193491873,0.35955598020776036,0.05227599238325436,3.6234878476020035e-05,18.705747129487722,32.057170024308796,nan,nan,nan
276.5,173.96998596191406,-208.93798828125,-42.653865814208984,173.67513876028664,-208.6168265699305,-42.67047897370133,0.43629773571897207,0.35948852630148515,0.05227140084536558,3.548055539062615e-05,18.451341017864436,31.90600013041276,4.925288353171978,0.0011121083264367844,nan
276.51,173.9736785888672,-208.9466552734375,-42.65514373779297,173.6785087302693,-208.6253979962693,-42.671925653702225,0.4365926204825366,0.3595387256405166,0.05229115116796414,3.619023143550628e-05,18.41322864423624,31.75056427874385,nan,nan,nan
276.52,173.97731018066406,-208.955322265625,-42.656394958496094,173.6818094538383,-208.6339604930732,-42.671855294180865,0.43684446933854326,0.3595890124011131,0.05231096610002789,3.5459842102548345e-05,17.330360154386096,31.02154027952782,nan,1.5312091857126968,nan
276.53000000000003,173.98086547851562,-208.9639892578125,-42.65761947631836,173.68503455359135,-208.64253124847366,-42.673238175702,0.43714429160184437,0.35963938674291224,0.052330845883616535,3.6169408453621835e-05,17.293050080225743,30.80595920849803,nan,nan,nan
276.54,173.98434448242188,-208.97265625,-42.65882110595703,173.6881843640368,-208.6511112954627,-42.67640004500098,0.43750542009004634,0.35968984879515675,0.05235079057204833,3.544052933910106e-05,19.227170511830515,32.5311915586581,nan,2.236748426025338,nan
276.55,173.9877471923828,-208.9813232421875,-42.65999984741211,173.7147431695133,-208.66407159725046,-42.67776135137373,0.41892156036802153,0.35962232922785714,0.052346130086744005,3.6127750120561465e-05,19.592527441685583,31.676241951790697,5.831660264197554,nan,nan
276.56,173.99110412597656,-208.98997497558594,-42.661155700683594,173.71780602269672,-208.6726284844626,-42.676901962454714,0.4191045137485676,0.35967257213995096,0.052366081306957114,3.540118128592673e-05,17.821786656623868,31.228443201145264,nan,3.3119510452873286,nan
276.57,173.99436950683594,-208.99864196777344,-42.66228485107422,173.72079655648875,-208.68119607183107,-42.678189507348094,0.41936501297021533,0.3597229025363144,0.05238609756924877,3.610974218427124e-05,17.783213996471844,29.73767171065527,nan,nan,nan
276.58,173.99758911132812,-209.00730895996094,-42.663394927978516,173.7237288802762,-208.68974761686405,-42.67606647126524,0.4195297376713253,0.359773320545884,0.05240617895024241,3.5384529263193695e-05,15.275267498791852,27.84409666384577,nan,7.929531144860592,nan
276.59000000000003,174.000732421875,-209.01597595214844,-42.66448211669922,173.726588661069,-208.69831497373954,-42.67727715517735,0.4197940111557213,0.3598238263288087,0.05242632565711721,3.609307414711635e-05,15.233406982173749,27.424244284263455,nan,nan,nan
276.6,174.00381469726562,-209.02462768554688,-42.66554641723633,173.7356084237476,-208.71293438767117,-42.68079100087798,0.41148476815729534,0.3597562409699499,0.05242159221231937,3.534780729015846e-05,16.888175835599107,29.97342762402238,1.6877694322883474,3.720211936406834,nan
276.61,174.00685119628906,-209.03329467773438,-42.66659164428711,173.73835001806938,-208.72151976512447,-42.68198335088255,0.4117443180788175,0.35980652737321117,0.05244174459151576,3.605548518485209e-05,16.843792822868814,29.76238808307714,nan,nan,nan
276.62,174.0098114013672,-209.04196166992188,-42.6676139831543,173.74103185802497,-208.73010330952238,-42.682683017097546,0.41197713001366704,0.35985690129199605,0.05246196229742053,3.5333628939716675e-05,16.660167876216544,29.067792842667224,nan,0.15474034278997287,nan
276.63,174.01271057128906,-209.05062866210938,-42.668617248535156,173.74365290938925,-208.7386887761179,-42.68383097096784,0.4122256363323689,0.3599073628865907,0.052482245519359205,3.6041350556029107e-05,16.61604759353115,28.980878564988856,nan,nan,nan
276.64,174.01556396484375,-209.0592803955078,-42.66959762573242,173.7462201017151,-208.7472673475619,-42.682991798986905,0.4124047315086773,0.3599579122856767,0.05250259436074112,3.532062729181402e-05,15.232158445835001,28.607446110505208,nan,2.684212455322363,nan
276.65000000000003,174.01834106445312,-209.0679473876953,-42.670562744140625,173.74652287885746,-208.75387222908057,-42.68407791759371,0.4155851190705226,0.35989026103170174,0.05249778407730453,3.600625430093918e-05,15.325231215196444,27.406430795180558,0.17236497496741457,nan,nan
276.66,174.02108764648438,-209.0766143798828,-42.671504974365234,173.7630255151822,-208.76135327607045,-42.68394584515209,0.407603241467911,0.35335857478489613,0.052478185559167195,3.528709590612048e-05,19.132604191728724,31.94303852319486,nan,1.0129684776722485,0.030006507886090827
276.67,174.0237579345703,-209.0852813720703,-42.67243194580078,173.76542130871846,-208.76992297657304,-42.68498836557759,0.4078558489769944,0.35340456567287104,0.05249785552954172,3.5994088161978356e-05,19.070706362819507,31.261777261006674,nan,nan,nan
276.68,174.02638244628906,-209.09393310546875,-42.673336029052734,173.7678121702998,-208.7784859599465,-42.68494335798444,0.40804438401750953,0.3534506397734727,0.05251758431180388,3.527631971694377e-05,18.451488132414358,31.50846401424964,nan,0.7951252231102492,nan
276.69,174.02896118164062,-209.10260009765625,-42.674224853515625,173.7701011415668,-208.78705595001674,-42.68594000144136,0.40830610349036583,0.3534968032564759,0.052537372167274665,3.59834255749814e-05,18.389900271583453,31.040540865969803,nan,nan,nan
276.7,174.03147888183594,-209.11126708984375,-42.67509841918945,173.76106558800697,-208.78984561816387,-42.6868826304769,0.42020706749406317,0.3534282396223033,0.05253265710297518,3.5245338123169016e-05,18.7109244639634,31.14370984457104,1.7096208248313691,0.0018754403228355323,nan
276.71,174.03395080566406,-209.11993408203125,-42.67594909667969,173.76323646712225,-208.79840256150993,-42.687844680942206,0.4204881409812011,0.3534742059194533,0.05255244736315876,3.5951701309379895e-05,18.65122850575035,31.19316257005909,nan,nan,nan
276.72,174.036376953125,-209.12860107421875,-42.676788330078125,173.76527878157654,-208.8069699299022,-42.690559950606854,0.42086870772637963,0.35352025553454863,0.052572296707661975,3.5236602240969855e-05,20.041924864158965,32.78125318785129,nan,2.1803441990739256,nan
276.73,174.03875732421875,-209.13726806640625,-42.67760467529297,173.7673506220544,-208.81552746599658,-42.69150760739744,0.42115543858865145,0.3535663942623983,0.05259220537507225,3.5943123981010955e-05,19.981464526564615,32.75783485913572,nan,nan,nan
276.74,174.04107666015625,-209.14593505859375,-42.678409576416016,173.769437049994,-208.82407756112292,-42.69101410954711,0.4213540088129453,0.353612616688281,0.05261217342057383,3.5228835403311193e-05,19.058512776859594,31.477640368123133,nan,1.4163011973166018,nan
276.75,174.04336547851562,-209.1545867919922,-42.679195404052734,173.75522197993678,-208.82219330867773,-42.69194743272574,0.44008489835309833,0.35354407787481446,0.05260739398814395,3.591343802734894e-05,19.648724224966966,32.95701181581307,4.772034386774137,nan,nan
276.76,174.04559326171875,-209.1632537841797,-42.679969787597656,173.7571008305507,-208.83072832438071,-42.69366099711422,0.44044127131070465,0.3535901030417555,0.05262736386654338,3.520076250793486e-05,20.39178669432313,32.645465912788886,nan,0.4747990068241977,nan
276.77,174.04779052734375,-209.1719207763672,-42.68072509765625,173.75897001530726,-208.8392594877983,-42.69454317887368,0.4407627031111706,0.35363621705437986,0.052647393315390124,3.59067745573187e-05,20.329552600116976,33.02530244247173,nan,nan,nan
276.78000000000003,174.04994201660156,-209.1805877685547,-42.68146514892578,173.76084793097274,-208.84778510234972,-42.694155614606785,0.4410147989556581,0.3536824148647448,0.0526674824085326,3.5194799229422805e-05,19.53323988377053,32.2014855229791,nan,1.1001205395590792,nan
276.79,174.0520477294922,-209.1892547607422,-42.682193756103516,173.7626294815663,-208.8563171064633,-42.69499701100687,0.44133244522165954,0.35372870172061766,0.05268763135710958,3.590101935909935e-05,19.468970355251404,32.095719050208366,nan,nan,nan
276.8,174.05410766601562,-209.1979217529297,-42.68290328979492,173.76462336154043,-208.87414715094462,-42.69699080283608,0.43454529505191913,0.35366018193235516,0.05268278428238567,3.516848321177478e-05,19.351342973618294,33.13917063945296,12.662088992372288,1.0176950129959796,nan
276.81,174.05612182617188,-209.2065887451172,-42.68360137939453,173.76630125450546,-208.88271578911278,-42.69781655559897,0.43484678523199577,0.35370627126485216,0.05270293446247198,3.5874050342733463e-05,19.2863980686879,32.96750462108396,nan,nan,nan
276.82,174.05810546875,-209.2152557373047,-42.68428421020508,173.76800202683847,-208.89127830583513,-42.697075850651224,0.4350689705964216,0.35375244448959847,0.05272314454780748,3.516416803807992e-05,18.251811844642685,32.25984574603481,nan,1.6877581963278694,nan
276.83,174.06004333496094,-209.2239227294922,-42.68495559692383,173.76959979195823,-208.89984778706025,-42.69786026122496,0.4353717381100355,0.35379870649861067,0.05274341473443668,3.586997625045865e-05,18.18664082827362,32.02834240888365,nan,nan,nan
276.84000000000003,174.06195068359375,-209.2325897216797,-42.685611724853516,173.7711949592564,-208.9084140383533,-42.69771911793137,0.4356321313473171,0.35384505277462086,0.05276374511843422,3.516063492847543e-05,17.658331572634477,31.78139836442851,nan,0.5831162436798425,nan
276.85,174.06381225585938,-209.24127197265625,-42.686256408691406,173.7633384622793,-208.91079370708312,-42.69853518065133,0.4468234023475807,0.3537765564880237,0.05275882724317152,3.584464058117137e-05,18.01721148242672,31.16513935940913,1.8211789117047346,nan,nan
276.86,174.0657501220703,-209.24993896484375,-42.68699264526367,173.76493483428925,-208.9193423652991,-42.69765005168396,0.44709901510169425,0.3538227051515001,0.05277915824599113,3.51366473727131e-05,16.986995432641333,30.72427120175819,nan,1.971197704130744,nan
276.87,174.06777954101562,-209.25860595703125,-42.68781661987305,173.76654275738105,-208.92789777993193,-42.6985178547119,0.4474662162017831,0.35386894234278043,0.05279954959341391,3.5842095496688404e-05,16.892435054620854,31.116849887869243,nan,nan,nan
276.88,174.0698699951172,-209.26727294921875,-42.6887321472168,173.76820085918797,-208.93645595296985,-42.70015372663063,0.44785556271607346,0.3539152638867624,0.05282000139351972,3.513455291860793e-05,17.35412052642766,31.109875624576308,nan,0.32115605418399423,nan
276.89,174.07203674316406,-209.27593994140625,-42.68973922729492,173.7699606250023,-208.94501218195532,-42.70120937381056,0.4482128148547008,0.3539616741646955,0.052840513824682335,3.584027573203065e-05,17.255909322556548,31.09053204940031,nan,nan,nan
276.90000000000003,174.0742950439453,-209.2846221923828,-42.69083023071289,173.76391409994747,-208.94729793426237,-42.70277944365977,0.4585485461797377,0.3538931964022852,0.05283552186528118,3.511195869995951e-05,18.047353880616015,31.562543958414516,1.9597147358922693,0.15077995285933707,nan
276.91,174.07659912109375,-209.2932891845703,-42.69200897216797,173.76581622044384,-208.95583665982724,-42.70401631418567,0.458916543670171,0.35393940880025393,0.05285603427710742,3.581709096555227e-05,17.951229630068013,31.17897831248741,nan,nan,nan
276.92,174.07899475097656,-209.3019561767578,-42.69327163696289,173.76773411798808,-208.9643800512194,-42.70688349991208,0.45937577754477465,0.35398570562970755,0.05287660739205165,3.5111166545767604e-05,19.147331327884505,32.993280591801,nan,1.6706716168333169,nan
276.93,174.0814666748047,-209.3106231689453,-42.69462203979492,173.76978134164892,-208.97291893165533,-42.708309047123834,0.45975997320085565,0.35403209094519905,0.05289724137915759,3.5816597061554207e-05,19.045070290958485,33.06489481112084,nan,nan,nan
276.94,174.08399963378906,-209.31930541992188,-42.69605255126953,173.7719641927156,-208.9814528574952,-42.708048404472095,0.46005909502827735,0.3540785610593812,0.05291793636026076,3.511099240363986e-05,17.860075112750323,30.8925805665111,nan,2.2010641294469795,nan
276.95,174.0865936279297,-209.32797241210938,-42.697566986083984,173.77291685534712,-208.99725994511488,-42.709601780147224,0.4559700535688146,0.3540101053825943,0.05291286708519099,3.579469337279928e-05,16.861392039107102,31.336432356425487,8.10015099515838,nan,nan
276.96,174.08926391601562,-209.33663940429688,-42.69916534423828,173.7751667020829,-209.00582685455822,-42.711005420183966,0.4563268458717719,0.3540563775098937,0.05293356139498775,3.5090221164995014e-05,16.75531513290377,31.47789494004262,nan,0.046072622000428734,nan
276.97,174.09201049804688,-209.34532165527344,-42.70083999633789,173.77747634363587,-209.0143941857376,-42.71274485895083,0.4567126559865421,0.3541027378815253,0.05295431681518284,3.579539353597307e-05,16.666472852536813,30.953198520570513,nan,nan,nan
276.98,174.09481811523438,-209.35398864746094,-42.702598571777344,173.77984721306953,-209.02296195830888,-42.71476225934132,0.45709221546276735,0.35414918311978205,0.05297513347466278,3.509116875837465e-05,16.869061161080577,31.612257165801957,nan,0.02710946875513973,nan
276.99,174.0977020263672,-209.36265563964844,-42.70443344116211,173.78229215775644,-209.03152925765272,-42.71666558186977,0.45746878728161466,0.3541957168166722,0.052996011532081354,3.579666056850209e-05,16.77806502781472,31.808641712425835,nan,nan,nan
277.0,174.1006317138672,-209.37132263183594,-42.70634841918945,173.77523518340124,-209.0295791277324,-42.71881974340149,0.47204561068168227,0.35412728064917415,0.052990861647585714,3.6493571003662916e-05,17.663088682847224,31.336242694177326,7.879770642193761,nan,nan
277.01,174.10365295410156,-209.3800048828125,-42.70833969116211,173.77781026398736,-209.03811374041757,-42.720884244103196,0.47246203843003043,0.35417361609197395,0.05301173835959657,3.7226950421891754e-05,17.57625432904571,31.504508304779744,nan,nan,nan
277.02,174.10671997070312,-209.388671875,-42.71037292480469,173.78045908028307,-209.04664754826365,-42.722748781800746,0.47284243732297376,0.35422003633314864,0.05303267655119444,3.6437476649072266e-05,17.499654320789485,31.374479567107027,nan,0.044292471435533665,nan
277.03000000000003,174.10984802246094,-209.3973388671875,-42.71240997314453,173.78316327241598,-209.05518146019594,-42.724894718076136,0.47323407097031245,0.35426654492961307,0.05305367637674703,3.7169474211420304e-05,17.43727634754221,31.228528087691252,nan,nan,nan
277.04,174.11305236816406,-209.406005859375,-42.71442413330078,173.78596776795783,-209.0637130906654,-42.725898618780285,0.4735824521875506,0.354313138693149,0.05307473797192346,3.638327063990298e-05,16.809910291877866,31.00539449007376,nan,0.8386662128344701,nan
277.05,174.11631774902344,-209.4146728515625,-42.71641159057617,173.76512949864716,-209.06377137081859,-42.72808754877649,0.49658973447960186,0.35424472146624025,0.053069504181904766,3.709035239285459e-05,16.84636349960845,31.830618313575986,5.296506136718619,nan,nan
277.06,174.11962890625,-209.42333984375,-42.718360900878906,173.76800835419357,-209.0722893478493,-42.729307040705855,0.49698418614449247,0.35429111685882864,0.0530905637418865,3.630832463994847e-05,16.419475439760618,30.803316767678997,nan,0.4778333658921514,nan
277.07,174.12301635742188,-209.4320068359375,-42.72027587890625,173.7709211219315,-209.08080802684012,-42.731337871252585,0.49742740781053413,0.3543376003620788,0.05311168516818992,3.703687126248289e-05,16.371685661034853,31.292349783003164,nan,nan,nan
277.08,174.12646484375,-209.44068908691406,-42.7221565246582,173.7738808641073,-209.08932678226404,-42.73376586034479,0.49790130397976035,0.35438416909906756,0.05313286860020198,3.62579352959843e-05,16.735160919230363,31.09416402257597,nan,0.12297154868668643,nan
277.09000000000003,174.12997436523438,-209.44935607910156,-42.7239990234375,173.77691392107604,-209.0978446636635,-42.73572968121064,0.498346827765907,0.35443082616134847,0.053154114186806115,3.698533143979723e-05,16.68727844107995,31.66754288535105,nan,nan,nan
277.1,174.13352966308594,-209.45802307128906,-42.72580337524414,173.77274544773513,-209.10129443066248,-42.738555782296174,0.5075265480496639,0.3543624258776222,0.05314879317873917,3.618697570168178e-05,17.725444254207304,32.13908197837446,1.0997817873712172,0.582649853680312,nan
277.11,174.13714599609375,-209.46669006347656,-42.72757339477539,173.77588906276438,-209.10979801806408,-42.740457587138046,0.5079808129940376,0.3544088842915394,0.05317003602059849,3.6912381475113476e-05,17.678435057799156,32.19410979987153,nan,nan,nan
277.12,174.1408233642578,-209.47535705566406,-42.729305267333984,173.77905959188868,-209.11830207900863,-42.74336482321894,0.5084869265426971,0.35445542799474916,0.0531913410999176,3.614032873939888e-05,18.60065096052478,33.20810579550911,nan,0.7155202812760162,nan
277.13,174.14456176757812,-209.4840087890625,-42.73100662231445,173.78231809989646,-209.1268047575398,-42.7452082246266,0.5089370102672609,0.354502059793821,0.0532127085632596,3.686473287662581e-05,18.550249405641722,33.92979585158339,nan,nan,nan
277.14,174.14834594726562,-209.49267578125,-42.73267364501953,173.78567308407403,-209.13530596622445,-42.74564045822241,0.5093259551913886,0.3545487772380278,0.05323413855344898,3.609549687931044e-05,17.68805338284288,32.04800569410922,nan,1.2589304060469866,nan
277.15000000000003,174.15219116210938,-209.5013427734375,-42.73430633544922,173.79735480926357,-209.14173870372622,-42.74740559329498,0.5053667131993763,0.3544803960759192,0.053228727006491304,3.679581630596927e-05,18.250273463303163,31.88538909083395,3.960288592449348,nan,nan
277.16,174.15609741210938,-209.510009765625,-42.735904693603516,173.80082069944777,-209.1502257821585,-42.748562992035296,0.505792734069854,0.3545269147340864,0.053250153526028125,3.6030264357913834e-05,17.985017189138993,31.801421772952246,nan,0.21978017936444336,nan
277.17,174.16004943847656,-209.5186767578125,-42.73747253417969,173.8043248556673,-209.15871271707937,-42.75025817674249,0.5062386414444272,0.35457352126827013,0.05327164265571344,3.6751956471647545e-05,17.937317479591407,31.46253422971586,nan,nan,nan
277.18,174.1640625,-209.52734375,-42.739009857177734,173.80790520855865,-209.16719903967044,-42.75111285951351,0.5066544298540607,0.3546202134875091,0.053293194539567185,3.598904312959101e-05,17.510896538944095,31.28295525579321,nan,0.43767775116524643,nan
277.19,174.16812133789062,-209.53599548339844,-42.740516662597656,173.81151654659854,-209.17568521635965,-42.75273960914197,0.5070896036483656,0.35466699380983424,0.05331480932238358,3.670992903749141e-05,17.46059710101214,31.559991851799214,nan,nan,nan
277.2,174.1722412109375,-209.54466247558594,-42.74199295043945,173.79088835362356,-209.17858075348423,-42.75590800750911,0.5288094721652727,0.35459862864236114,0.053309303899957465,3.5927524604115353e-05,18.419928406522196,33.50657431163083,6.957337314856706,1.6513452081941122,nan
277.21,174.17640686035156,-209.55332946777344,-42.743438720703125,173.79455748318438,-209.1870636014278,-42.757492093370445,0.5292987143156572,0.35464520990567044,0.05333091446825172,3.6646764999984286e-05,18.371921603347264,33.201231445316374,nan,nan,nan
277.22,174.1806182861328,-209.56198120117188,-42.74485778808594,173.7983129742541,-209.19554584623594,-42.75770737143179,0.5297143877882421,0.3546918768837571,0.05335258801392118,3.588979882910081e-05,17.534182410974054,32.76119205455204,nan,1.2054162573043623,nan
277.23,174.1848907470703,-209.57064819335938,-42.746246337890625,173.80208406211142,-209.20402743985144,-42.759222087575885,0.5302076055959921,0.3547386317589733,0.05337432468146574,3.660835811425781e-05,17.485393809232622,32.468520378606826,nan,nan,nan
277.24,174.18914794921875,-209.5792999267578,-42.74761199951172,173.80593453281463,-209.21250862574897,-42.75842522540744,0.5305707369071059,0.3547854726930228,0.05339612461535305,3.585376110227818e-05,16.099850296213617,31.417624538268417,nan,3.50819386147288,nan
277.25,174.193359375,-209.5879669189453,-42.74894332885742,173.8270070788074,-209.22500628156118,-42.7598016307102,0.5158219963659988,0.35471712499944347,0.05339052197335877,3.654889611713045e-05,16.283606060738,30.03561080927784,3.658478816302931,nan,nan
277.26,174.197509765625,-209.59661865234375,-42.75025177001953,173.83077943195164,-209.2334876176018,-42.76003163983151,0.5161888529234867,0.3547637667163653,0.053412316932031946,3.579750904108458e-05,15.683619435395608,30.14562392832406,nan,0.9413010099348623,nan
277.27,174.2015838623047,-209.6052703857422,-42.75153350830078,173.83445385850462,-209.2419679171741,-42.761406174527394,0.516595192482792,0.3548104961330791,0.0534341752320336,3.65139737033701e-05,15.635723672215455,29.938621537407858,nan,nan,nan
277.28000000000003,174.20558166503906,-209.6139373779297,-42.75279235839844,173.83806364558717,-209.25044786110865,-42.76234899572471,0.5169965694060419,0.35485731162417394,0.05345609701742956,3.576478515018726e-05,15.476513823262833,29.19706737465251,nan,0.11192484581568662,nan
277.29,174.20950317382812,-209.62258911132812,-42.754024505615234,173.84158699246433,-209.25892718963266,-42.763670398369904,0.5174025058381456,0.35490421505342284,0.05347808243330895,3.6480730083272846e-05,15.4284269547002,29.72773616730858,nan,nan,nan
277.3,174.21334838867188,-209.63124084472656,-42.75522994995117,173.84121878407151,-209.2671920021247,-42.765504667575016,0.5206895161629768,0.3548358822484268,0.053472379219730776,3.5711900230298134e-05,15.694414124274386,30.24644485496613,0.5872505597810735,0.14009288728961214,nan
277.31,174.2171173095703,-209.63990783691406,-42.756412506103516,173.8445801968251,-209.27567244574675,-42.766785149836146,0.5211131473004251,0.35488258619108337,0.053494358883203405,3.6426484117376605e-05,15.64898350118187,29.59269335335282,nan,nan,nan
277.32,174.22080993652344,-209.6485595703125,-42.757572174072266,173.84784254044314,-209.28415165852164,-42.76908289823216,0.5215652418301866,0.3549293762145111,0.053516402247179615,3.568234977190405e-05,16.364166639318928,30.819590263477146,nan,0.7341747486282766,nan
277.33,174.2244415283203,-209.65721130371094,-42.75870895385742,173.8510543657429,-209.29263128314315,-42.770328794950494,0.5219881083720671,0.3549762539911296,0.053538509457680086,3.639651698594608e-05,16.315937105156717,31.21588713134447,nan,nan,nan
277.34000000000003,174.2279815673828,-209.66586303710938,-42.759822845458984,173.85420178152984,-209.30111099149315,-42.771176828475774,0.5223832845946205,0.35502321818202676,0.053560680657403444,3.565432638946576e-05,16.17803834004477,30.35020006571369,nan,0.09619800159503351,nan
277.35,174.23146057128906,-209.67453002929688,-42.76091384887695,173.8409760933974,-209.30013127171102,-42.772473987797,0.5410972130477241,0.3549549011664375,0.05355487351630133,3.634558399820801e-05,16.62858867444174,30.754918450807317,3.636406610541015,nan,nan
277.36,174.23487854003906,-209.6831817626953,-42.76198196411133,173.84397439650505,-209.30858877022504,-42.77266607333168,0.5415164906350738,0.3550016656938331,0.05357703816957859,3.56061606535205e-05,16.113781702032952,31.079706450324636,nan,0.6653717313796225,nan
277.37,174.2382049560547,-209.69183349609375,-42.763031005859375,173.8468829354938,-209.31704522320592,-42.77381600258112,0.541955246698828,0.3550485177970169,0.053599266881856504,3.631873823966949e-05,16.06768051405295,30.178441851210632,nan,nan,nan
277.38,174.24148559570312,-209.7004852294922,-42.764060974121094,173.84969594527587,-209.32550024994188,-42.776295854410456,0.5424597287964791,0.35509545630828676,0.05362155979452321,3.558110037868221e-05,17.028576268739638,31.929571757733466,nan,1.2444012263348125,nan
277.39,174.24468994140625,-209.7091522216797,-42.76506805419922,173.85247106546294,-209.33395680790116,-42.77741923779535,0.5429178546547375,0.35514248264372433,0.05364391705553547,3.629339151730209e-05,16.983420921492066,30.893902861966847,nan,nan,nan
277.40000000000003,174.24783325195312,-209.71780395507812,-42.76605224609375,173.86913412316082,-209.34112029246157,-42.77842354557129,0.5342814435117869,0.3550741792674662,0.053638002623685725,3.5535914677751764e-05,17.75329841083561,31.094577623472848,6.7311255996208414,0.028276438592260807,nan
277.41,174.25091552734375,-209.72645568847656,-42.76702117919922,173.87181555762783,-209.34956203692911,-42.779508915043216,0.5347163314897841,0.35512100567239857,0.053660352528816936,3.6247074468909616e-05,17.70603051012404,31.138707632259795,nan,nan,nan
277.42,174.25393676757812,-209.735107421875,-42.767967224121094,173.87442198761792,-209.358002853049,-42.78123304833761,0.5351778266425454,0.3551679184711589,0.05368276684169509,3.551366437596923e-05,18.316602600986872,31.734107891022507,nan,0.29600815245093687,nan
277.43,174.25689697265625,-209.74375915527344,-42.768898010253906,173.87698044208372,-209.36644463532934,-42.78228851081166,0.5356137812529627,0.3552149189274545,0.053705245711845706,3.6224620940741605e-05,18.26867786585858,31.69507901833903,nan,nan,nan
277.44,174.2598114013672,-209.75242614746094,-42.769805908203125,173.87946419489575,-209.37488548203552,-42.78412709105944,0.5361026467001423,0.3552620061018491,0.05372778927834019,3.549276218444907e-05,19.056226545447508,32.368901078374385,nan,0.4400145787718119,nan
277.45,174.2626495361328,-209.76107788085938,-42.77069854736328,173.911225957829,-209.3973916654945,-42.78508037190898,0.5059377743473459,0.35519371679510175,0.05372176419748288,3.618120159228932e-05,18.58462077322714,31.194121635829827,8.266621623288264,nan,nan
277.46,174.26544189453125,-209.7697296142578,-42.771575927734375,173.91365690575833,-209.40586313573326,-42.785873430732224,0.5063160190155932,0.3552406038449722,0.05374429958211453,3.545170754522812e-05,18.59141697122216,31.59349517155009,nan,0.032287420258755015,nan
277.47,174.26817321777344,-209.7783966064453,-42.772430419921875,173.91602771132398,-209.41433444633572,-42.78686433694101,0.5067110143826835,0.3552875783922207,0.05376689972931489,3.616147856904559e-05,18.545936133530702,30.764814604484002,nan,nan,nan
277.48,174.27084350585938,-209.78704833984375,-42.77327346801758,173.9183665123138,-209.42280817714465,-42.78654385470135,0.5070375038049231,0.3553346396323551,0.053789564776435865,3.5433393004534567e-05,17.71259079383024,30.343205514196043,nan,1.1552626953683944,nan
277.49,174.27346801757812,-209.7957000732422,-42.77409362792969,173.92062849470946,-209.43128009882506,-42.78749005517615,0.5074220244681332,0.3553817886269454,0.05381229487555115,3.614306332584925e-05,17.66581597845571,30.491898896282947,nan,nan,nan
277.5,174.27603149414062,-209.80435180664062,-42.77490234375,173.97972894864958,-209.46284553789565,-42.786109132134314,0.45226908159024254,0.35531351158153623,0.05380615577675138,3.539491783809691e-05,15.934645662409881,27.20363936189085,28.162722024977548,3.5015577559916986,nan
277.51,174.278564453125,-209.81301879882812,-42.775691986083984,173.98197783898252,-209.47135975161146,-42.78700084807158,0.45257310414225593,0.3553604601859725,0.05382887685347464,3.610363816537949e-05,15.887496553591127,27.15887627444679,nan,nan,nan
277.52,174.28102111816406,-209.82167053222656,-42.776466369628906,173.98422473709027,-209.4798795449568,-42.784937144358075,0.4527481914065014,0.35540749545110467,0.0538516630299925,3.5379034812175753e-05,14.331640354918523,25.45483545398055,nan,5.971696238293742,nan
277.53000000000003,174.283447265625,-209.83033752441406,-42.777225494384766,173.98637305474716,-209.4883944064547,-42.78576990430484,0.4530465645265961,0.3554546183196967,0.053874514460164724,3.6087720276550184e-05,14.28583638056797,25.373909722945637,nan,nan,nan
277.54,174.28582763671875,-209.8389892578125,-42.77797317504883,173.9884618159124,-209.4969082173724,-42.787265010440635,0.45335660116222676,0.3555018281653362,0.053897431278695375,3.536431539594833e-05,14.661912899662521,26.45627336447242,nan,0.31645053322494227,nan
277.55,174.28814697265625,-209.84764099121094,-42.77870178222656,174.0122717060396,-209.51234140813062,-42.78809613375905,0.434305453552401,0.3554335634350952,0.05389117480944349,3.605077560816854e-05,14.745993959065464,25.493376540771617,4.369199596188025,nan,nan
277.56,174.29042053222656,-209.85630798339844,-42.779415130615234,174.01434263754655,-209.52086962509108,-42.78709822066581,0.4345076823574115,0.3554805726811239,0.05391408174903706,3.5329377817089524e-05,13.928775627535721,24.089375905557894,nan,2.233857842651335,nan
277.57,174.29266357421875,-209.86495971679688,-42.78011703491211,174.01633989581532,-209.52939452908606,-42.78786480665201,0.43476292208136663,0.35552766938502806,0.05393705414027961,3.6037193583711765e-05,13.881610505896225,25.095821519744664,nan,nan,nan
277.58,174.2948455810547,-209.87362670898438,-42.78080368041992,174.01830172761896,-209.5379211239213,-42.78797260076545,0.4350013058998065,0.3555748530244276,0.053960092116095815,3.531686843078411e-05,13.631312607850797,23.79032312716115,nan,0.28904358221098675,nan
277.59000000000003,174.2969970703125,-209.88229370117188,-42.78147506713867,174.0202097108618,-209.54644696609188,-42.78870680139901,0.43526609079504597,0.35562212438617685,0.05398319583299132,3.6024727854285516e-05,13.587613787268268,24.11990846988514,nan,nan,nan
277.6,174.29908752441406,-209.8909454345703,-42.782135009765625,174.02866930427967,-209.56524435478715,-42.7898604142267,0.4233992076358351,0.35555387042480546,0.053976818624967074,3.52841166958461e-05,13.020584069022815,24.30605228988139,5.850923864118269,0.08011044865140007,nan
277.61,174.3011474609375,-209.8996124267578,-42.78278350830078,174.03049022234768,-209.57380201574452,-42.79057479722979,0.42363719018624063,0.35560094092162614,0.053999911592503246,3.5991165839871005e-05,12.975662782827076,23.970845435145975,nan,nan,nan
277.62,174.30328369140625,-209.90826416015625,-42.78351974487305,174.03230220752505,-209.58235607597658,-42.793207888481476,0.4239586112661234,0.3556480983064584,0.05402307033720757,3.527366552706412e-05,13.906340520039137,25.522424314232882,nan,2.4525751357700982,nan
277.63,174.3054962158203,-209.91693115234375,-42.78435134887695,174.0342154083872,-209.59091460704616,-42.7940732603483,0.4242341097224363,0.3556953432756659,0.05404629501730311,3.598080930844926e-05,13.830232432013672,24.898043546457107,nan,nan,nan
277.64,174.3077850341797,-209.92559814453125,-42.7852668762207,174.0362069930463,-209.59947431478025,-42.79471022688029,0.4245003670540015,0.35574267544258714,0.05406958576315773,3.526419736779274e-05,13.690234253028423,24.802995373687736,nan,0.07103240127548738,nan
277.65000000000003,174.3101348876953,-209.9342498779297,-42.78627395629883,174.04146397783333,-209.61361393923974,-42.79572612082348,0.4184265842413089,0.355674432008469,0.05406308447657507,3.5949326724230764e-05,13.204469491660543,25.01983841527834,1.6959902233903446,nan,nan
277.66,174.3125762939453,-209.9429168701172,-42.78736877441406,174.0507565175465,-209.61799970853144,-42.79653383735965,0.41737843210360487,0.3542828017719241,0.053592824018588704,3.523375540691125e-05,18.06760807189794,29.77616786293678,nan,0.07543736459738995,0.03560046993737799
277.67,174.31507873535156,-209.9515838623047,-42.788551330566406,174.05296423758554,-209.6265652435576,-42.797750486627045,0.41764307362104125,0.3543281571835429,0.05361349801324651,3.59402553824616e-05,17.977723249619427,29.42375370997733,nan,nan,nan
277.68,174.31764221191406,-209.9602508544922,-42.789817810058594,174.05527484506834,-209.63511980121376,-42.79823992782085,0.41787291017616607,0.35437359651953526,0.053634230796804384,3.522615740278157e-05,17.576979169050368,28.75613674132977,nan,0.46200672655280395,nan
277.69,174.32028198242188,-209.96890258789062,-42.791168212890625,174.057623454221,-209.6436853863698,-42.799621429018806,0.4181234117633169,0.35441912438173734,0.053655023040927556,3.5932811014900176e-05,17.490025818258676,29.51095974050012,nan,nan,nan
277.7,174.322998046875,-209.97756958007812,-42.7926025390625,174.06332035107525,-209.6576628374899,-42.79892558202233,0.41208349945313705,0.354347468157749,0.05364967495160186,3.519820800237749e-05,16.035436610201284,28.185841979871636,3.6020119155021835,3.6765747305752674,nan
277.71,174.32577514648438,-209.98623657226562,-42.79412078857422,174.06580061462054,-209.6662469364961,-42.80045582858812,0.41233512698982333,0.3543928009484505,0.053670464506068126,3.5904156792834e-05,15.957347557771902,27.928101477294252,nan,nan,nan
277.72,174.32861328125,-209.99490356445312,-42.795719146728516,174.06833937792985,-209.6748342530774,-42.802313013857955,0.41258980588202293,0.3544382177920772,0.05369131313070774,3.519231406678507e-05,16.015576707687142,27.80150874671996,nan,0.04150045688782689,nan
277.73,174.33152770996094,-210.00357055664062,-42.79739761352539,174.07095435239586,-209.68341843109184,-42.804011146339974,0.4128433080267072,0.35448372287080443,0.05371222145267522,3.589845502008476e-05,15.938791756133494,28.00233438255025,nan,nan,nan
277.74,174.33450317382812,-210.01222229003906,-42.799156188964844,174.0736066503537,-209.69201291212082,-42.806582365916626,0.4131055431387391,0.35452931239166824,0.05373318914341952,3.518723286880507e-05,16.226382296389588,28.84745190038924,nan,0.4378799612541263,nan
277.75,174.33755493164062,-210.02088928222656,-42.800994873046875,174.1068218777359,-209.7110405205739,-42.80849201165215,0.38639384615848793,0.35445772558834726,0.05372776420950874,3.58715071957517e-05,16.287302977268503,27.814337254033656,8.729196516909472,nan,nan
277.76,174.3406524658203,-210.02955627441406,-42.80290985107422,174.10976784208216,-209.71961142633734,-42.80816173158505,0.38652438548804496,0.3545031200039397,0.053748728631082286,3.5161715214369e-05,15.44642715840916,26.49350379534136,nan,3.6304032442574483,nan
277.77,174.3438262939453,-210.03822326660156,-42.80490493774414,174.11269632193864,-209.7282104355079,-42.810165465314405,0.38672560369444825,0.3545486023765662,0.05376975298402625,3.586740617611507e-05,15.374742696928015,26.759742661329174,nan,nan,nan
277.78000000000003,174.34706115722656,-210.046875,-42.806941986083984,174.1157279364611,-209.7367953339923,-42.811077763390486,0.3868870157489192,0.3545941692988656,0.053790836981657326,3.5158143652025596e-05,15.029313230115914,27.06161350842958,nan,0.9294256052572074,nan
277.79,174.35035705566406,-210.0555419921875,-42.80897903442383,174.1187818472583,-209.74539419085988,-42.81315422355184,0.3870867706610231,0.35463982437383,0.05381198119056614,3.586406817112897e-05,14.970793525115344,26.29264609259572,nan,nan,nan
277.8,174.35369873046875,-210.064208984375,-42.810997009277344,174.11596122129467,-209.75195666039193,-42.81549190697471,0.39248037047276263,0.3545683026084029,0.05380647585697348,3.513409911866522e-05,15.014030527443243,26.025889912752934,0.6029580391656794,0.085459344806477,nan
277.81,174.35711669921875,-210.07286071777344,-42.812984466552734,174.11912740941108,-209.76055200194912,-42.8175384453946,0.39267846231527015,0.3546137623464704,0.053827616175123744,3.583939460949569e-05,14.95816033644427,27.05821338727124,nan,nan,nan
277.82,174.360595703125,-210.08152770996094,-42.814937591552734,174.12236378989485,-209.7691435493136,-42.81925311963174,0.39288284778955906,0.3546593067278936,0.053848816408923396,3.513190791484188e-05,14.852296805448706,26.290458288276714,nan,0.06347436092154123,nan
277.83,174.3641357421875,-210.09019470214844,-42.816856384277344,174.1256497031434,-209.77773825164672,-42.8212315634698,0.3930951112288669,0.3547049390032956,0.05387007708581704,3.58374653985259e-05,14.799164708172404,26.287200933329974,nan,nan,nan
277.84000000000003,174.3677215576172,-210.09884643554688,-42.8187370300293,174.12907044414882,-209.78630568495197,-42.82080160313596,0.39324335621117606,0.3547506562946783,0.05389139797584845,3.513037475463422e-05,14.328105409665616,26.149152657031802,nan,3.945502267715379,nan
277.85,174.3713836669922,-210.10751342773438,-42.820579528808594,174.13169587734916,-209.79890121160275,-42.822630573077795,0.3907632828608968,0.35467920218363735,0.05388580952260741,3.581416299622135e-05,13.76104713727186,26.00787658758642,2.853179938414767,nan,nan
277.86,174.37509155273438,-210.1161651611328,-42.8223876953125,174.13513988815996,-209.80751193798602,-42.82460436849227,0.39095847238667664,0.3547247240764671,0.05390712590321491,3.510828159477803e-05,13.725193036292401,26.34819173373391,nan,0.011393723027577624,nan
277.87,174.37884521484375,-210.1248321533203,-42.82415771484375,174.13864471567015,-209.8161208745076,-42.82641683723627,0.39115730480641164,0.3547703336168705,0.05392850295607383,3.5813515606947245e-05,13.672021221003513,25.291553293295372,nan,nan,nan
277.88,174.38267517089844,-210.13348388671875,-42.82589340209961,174.14225126290282,-209.8247132002259,-42.82669002040676,0.3913356960128832,0.35481602824712827,0.05394994048759523,3.510795537261855e-05,13.48934382329243,26.361047954891507,nan,1.5885736244940898,nan
277.89,174.3865509033203,-210.14215087890625,-42.82759475708008,174.1458674928555,-209.8333213613618,-42.828418743209916,0.3915416375468204,0.35486181073672135,0.05397143897241461,3.5813479303283204e-05,13.434531833868702,25.336993387085013,nan,nan,nan
277.90000000000003,174.39047241210938,-210.1508026123047,-42.829261779785156,174.12189648022022,-209.82607161983043,-42.829936258156884,0.42140681482923503,0.3547904206994039,0.053965763900960056,3.5087033203639916e-05,14.106233712704407,26.14870973719445,9.977936787657258,0.0015529346760904676,nan
277.91,174.3944549560547,-210.15945434570312,-42.83089828491211,174.12558873426707,-209.83464118804375,-42.83159589597199,0.4216552137329687,0.354836007563685,0.0539872572194084,3.579198087395981e-05,14.050427707511984,26.274483553084714,nan,nan,nan
277.92,174.39849853515625,-210.16812133789062,-42.832496643066406,174.12933786473013,-209.8432089073331,-42.83310511206165,0.4219193338418594,0.3548816795788323,0.0540088112770912,3.508779966826254e-05,13.992773444111418,25.769994623723466,nan,0.009859295742077362,nan
277.93,174.402587890625,-210.17677307128906,-42.834068298339844,174.1331364848601,-209.85177721641233,-42.83470024104809,0.42216911908300914,0.35492743922486514,0.05403042651506285,3.579305769110864e-05,13.937458844172786,26.147146081324628,nan,nan,nan
277.94,174.40672302246094,-210.1854248046875,-42.83560562133789,174.13698412129162,-209.86034625485604,-42.83638051735849,0.4224165465845287,0.35497328437902725,0.05405210278857639,3.508908745980383e-05,13.88803434468494,25.924581836659573,nan,0.0094101373135158,nan
277.95,174.41091918945312,-210.194091796875,-42.83711242675781,174.11740237845248,-209.85877425221574,-42.837986233875704,0.4456352069071544,0.3549019601513252,0.05404633825424148,3.5772636769123774e-05,14.062786729436889,26.037804957872726,4.951164911211421,nan,nan
277.96,174.4151611328125,-210.20274353027344,-42.838592529296875,174.12125972393187,-209.8673436016527,-42.84173341828551,0.44596077792162236,0.3549476095922405,0.05406800870469221,3.506969526335634e-05,14.26785851762165,26.703051029112835,nan,3.5269091261107546,nan
277.97,174.41946411132812,-210.21139526367188,-42.84003829956055,174.12522804116853,-209.87589065078646,-42.84323471157625,0.4462604926498995,0.3549933464467657,0.05408974055977141,3.5774715948889346e-05,14.217051464322891,26.96444425998165,nan,nan,nan
277.98,174.42379760742188,-210.2200469970703,-42.841461181640625,174.12922922718124,-209.88444313614124,-42.845357887696665,0.4465598128203832,0.3550391688523294,0.05411153370554044,3.5071925381880204e-05,14.31041825111076,26.447654975840983,nan,0.29727792133618597,nan
277.99,174.42819213867188,-210.22869873046875,-42.84284973144531,174.13329678615645,-209.89298897785548,-42.84680958707576,0.44685566729255344,0.3550850788980191,0.054133388538162304,3.577727380274987e-05,14.261500226443903,26.75287719105481,nan,nan,nan
278.0,174.43263244628906,-210.2373504638672,-42.844215393066406,174.14223005215095,-209.9004949585718,-42.846004533560205,0.4447565435074079,0.3550138175496281,0.05412753109301935,3.505344283398639e-05,14.22338866729488,26.087738701647087,1.4219242115559192,3.626620043783622,nan
278.01,174.4371337890625,-210.24600219726562,-42.845550537109375,174.1464093454009,-209.90903189880353,-42.84738119475224,0.44505396919404777,0.3550595316591627,0.0541493794113705,3.5758249817411e-05,14.171919999013754,26.40447889111617,nan,nan,nan
278.02,174.4416046142578,-210.25465393066406,-42.846858978271484,174.15063800877127,-209.91755724177872,-42.847517431199726,0.4453045887098859,0.3551053313510393,0.05417128927065622,3.5056516802126096e-05,14.039176849401336,25.61518638682909,nan,1.037962397505164,nan
278.03000000000003,174.446044921875,-210.2633056640625,-42.848140716552734,174.1548080036259,-209.92609272844894,-42.8488305246094,0.4455692789359525,0.35515121848187997,0.054193261038953076,3.576166578929109e-05,13.989051485738631,26.092262681971032,nan,nan,nan
278.04,174.4503936767578,-210.27195739746094,-42.84939956665039,174.15893551317976,-209.93462195293924,-42.849451920872404,0.445806085633552,0.3551971915385228,0.0542152946433099,3.505999447489455e-05,13.926426904931164,25.312094258220394,nan,0.31277796330111973,nan
278.05,174.45468139648438,-210.28060913085938,-42.85063171386719,174.16227177442454,-209.9437608368887,-42.850844499202346,0.4460607643603276,0.3551259940799335,0.05420934133885341,3.574346860083929e-05,13.80499777943436,25.771238948579423,0.9375270828106493,nan,nan
278.06,174.45889282226562,-210.2892608642578,-42.85184097290039,174.1662485722739,-209.9522908925118,-42.851261073202004,0.44630679492406256,0.3551717710881241,0.05423136773544316,3.5042681679590855e-05,13.76373085414713,25.825056926798865,nan,0.472935705282282,nan
278.07,174.4630126953125,-210.2978973388672,-42.853023529052734,174.17012589059254,-209.96082727975602,-42.85246566820223,0.4465413937553848,0.35521763534397166,0.0542534562605159,3.5747648380146755e-05,13.712131689954825,26.122927462371774,nan,nan,nan
278.08,174.46705627441406,-210.30654907226562,-42.85418701171875,174.17395898561972,-209.9693498311679,-42.85200137515107,0.4467819668503637,0.3552635855408318,0.05427560686655474,3.504687632702408e-05,13.790844078071876,25.636100261223255,nan,1.9082301559050034,nan
278.09000000000003,174.4710235595703,-210.31520080566406,-42.855323791503906,174.17767519502186,-209.97788537049988,-42.85314450415584,0.44703435558869503,0.35530962322497256,0.054297819884457914,3.5752194408850494e-05,13.738544678652662,25.72864748269561,nan,nan,nan
278.1,174.47491455078125,-210.3238525390625,-42.85643768310547,174.1880581297915,-209.98746134968835,-42.85412466515728,0.44209839244633714,0.35523848723900053,0.054291767317474454,3.503025277017999e-05,13.905294100437828,25.58881888321262,1.2887500914482595,0.000650630810849753,nan
278.11,174.4787139892578,-210.33248901367188,-42.85752868652344,174.19163141442291,-209.99599487810207,-42.855221738076374,0.44232344506915333,0.35528432865433307,0.05431397240321519,3.573505067150605e-05,13.851841305034348,25.787566458382425,nan,nan,nan
278.12,174.48245239257812,-210.3411407470703,-42.85860061645508,174.19512809360023,-210.00452828140712,-42.85629774595679,0.4425703424717075,0.35533025662572626,0.054336239892035856,3.645416440562036e-05,13.800027723288173,25.498190543271356,nan,nan,nan
278.13,174.48611450195312,-210.34979248046875,-42.859649658203125,174.19854971920788,-210.01306165526898,-42.857353206166835,0.44281647056878176,0.3553762712976803,0.054358569928436656,3.718773847272291e-05,13.748211667544695,25.423333122667316,nan,nan,nan
278.14,174.4897003173828,-210.35842895507812,-42.860679626464844,174.20186698827118,-210.02160638514363,-42.85992034417825,0.44305535260772655,0.3554223722002822,0.05438096257354395,3.640155473663778e-05,13.572550559878291,25.793320350330568,nan,1.5294116700270384,nan
278.15000000000003,174.4932098388672,-210.36708068847656,-42.86168670654297,174.2161657389192,-210.0392335716305,-42.860902093908805,0.429229287161612,0.35535129811219146,0.05437480771180253,3.711006739274436e-05,12.968755217241496,24.804637290575375,3.540653229286698,nan,nan
278.16,174.4966583251953,-210.375732421875,-42.862674713134766,174.2193359638133,-210.0478073204527,-42.864108109235495,0.4294701606511161,0.3553972026156608,0.05439719169628956,3.63279005533755e-05,12.960535835815127,25.057556752588287,nan,3.154637029649167,nan
278.17,174.50003051757812,-210.38436889648438,-42.863643646240234,174.22247935275658,-210.0563656552779,-42.865121509955884,0.4296777390288222,0.3554431943027355,0.054419638530052515,3.705792499621884e-05,12.913400813003472,25.461976542810934,nan,nan,nan
278.18,174.50332641601562,-210.3930206298828,-42.86458969116211,174.22553515011285,-210.06493125178037,-42.86716853618242,0.42990380072425183,0.3554892722197449,0.054442148208485766,3.627870058194871e-05,12.99049906171269,24.6698108088364,nan,0.726568820168605,nan
278.19,174.50657653808594,-210.40167236328125,-42.86552047729492,174.22854389216462,-210.07348965043494,-42.868155722633766,0.43013136333818847,0.3555354375673943,0.05446472102018812,3.700752465361448e-05,12.94683606678086,25.1665933354055,nan,nan,nan
278.2,174.50975036621094,-210.41030883789062,-42.866432189941406,174.25686723127072,-210.09829632821223,-42.86845085964576,0.4016288848680833,0.3554644233165465,0.054458460495232404,3.620866029936282e-05,12.074496777335243,25.013142744380605,9.390988301742235,0.24856565159486113,nan
278.21,174.5128631591797,-210.41896057128906,-42.86732482910156,174.25977464761158,-210.1068946124965,-42.86939576154601,0.4018000075735166,0.35551039204152945,0.0544810238892142,3.693544062792787e-05,12.030349274388696,24.363770725454412,nan,nan,nan
278.22,174.5159149169922,-210.4276123046875,-42.868202209472656,174.26259809990248,-210.11550103760763,-42.87155416947063,0.40198767206780456,0.3555564469855469,0.05450365035896652,3.616284986188202e-05,12.177288410886431,24.521835302719513,nan,0.9998965688310407,nan
278.23,174.51890563964844,-210.43626403808594,-42.869056701660156,174.26538141232638,-210.12409975200856,-42.87247793491727,0.40216014245378073,0.35560258919646276,0.054526340173197144,3.688857706201066e-05,12.1363870803975,24.55504946085326,nan,nan,nan
278.24,174.52183532714844,-210.4449005126953,-42.86989974975586,174.26811877472252,-210.132693470476,-42.872524191832746,0.40230860528012374,0.35564881795049785,0.054549093356520445,3.611869516890629e-05,11.960800960923333,25.00087878399728,nan,0.49119129738622364,nan
278.25,174.52471923828125,-210.45355224609375,-42.870723724365234,174.29438806331854,-210.13983423326914,-42.87350445811409,0.38920325565250324,0.3555778635664256,0.05454272408181975,3.6820204759825004e-05,13.059624810382372,24.16620195719616,18.84804510691492,nan,nan
278.26,174.52752685546875,-210.4622039794922,-42.87153244018555,174.29706683451369,-210.14840770514607,-42.873599835269964,0.38933815273428757,0.3556238955457247,0.05456546708464799,3.6053916729930094e-05,12.921701042242882,23.57364683373159,nan,0.3981579801546186,nan
278.27,174.53028869628906,-210.47085571289062,-42.87232208251953,174.29967641242925,-210.15698602301092,-42.874446192824365,0.38948776558039777,0.3556700146363734,0.054588273640470544,3.677682554462335e-05,12.879056315967645,23.84165816556878,nan,nan,nan
278.28000000000003,174.53298950195312,-210.4794921875,-42.87309646606445,174.3022596627558,-210.16555360380403,-42.87336245071908,0.3896071916390814,0.3557162202457417,0.054611143791256395,3.601309169462169e-05,12.710211428577,24.228825868209597,nan,2.443469173112823,nan
278.29,174.53564453125,-210.48814392089844,-42.87385940551758,174.3047590340494,-210.17413252787995,-42.87416018362557,0.38975807654294,0.355762513224526,0.05463407778019097,3.6735142056597686e-05,12.664056899522839,23.667839042698294,nan,nan,nan
278.3,174.53823852539062,-210.49679565429688,-42.874603271484375,174.28353923896248,-210.16932204282082,-42.87428273003535,0.4148623813591645,0.35569161691616147,0.054627596418674366,3.595177472837417e-05,13.1763570218927,23.888070653360586,6.199677065780655,0.3214701796210339,nan
278.31,174.54078674316406,-210.5054473876953,-42.87533187866211,174.28590299832155,-210.1778714826129,-42.87504596206186,0.4150563560816987,0.35573771289796047,0.05465051943914674,3.667212561471322e-05,13.129684041343003,24.047701587350772,nan,nan,nan
278.32,174.54327392578125,-210.51409912109375,-42.87604904174805,174.28824872492845,-210.18640916050285,-42.8734425263333,0.4152413241293368,0.3557838953658294,0.05467350627579364,3.5914206351759446e-05,13.271040036712668,23.925341412579296,nan,3.709638755415798,nan
278.33,174.5457305908203,-210.5227508544922,-42.87675094604492,174.29051088220555,-210.19495988204548,-42.87415563020701,0.41544043730390406,0.3558301650587536,0.05469655715677054,3.663382436704088e-05,13.219457056270944,24.431255750117906,nan,nan,nan
278.34000000000003,174.54812622070312,-210.53140258789062,-42.877437591552734,174.29272416730075,-210.203510995284,-42.874824735047625,0.41563196749452797,0.35587652155219734,0.05471967214618445,3.5878219518949816e-05,13.180160795113691,24.13486844032462,nan,0.0006407091295956731,nan
278.35,174.55047607421875,-210.54005432128906,-42.87811279296875,174.32124374281705,-210.234533088289,-42.87559931497642,0.38196466216831904,0.3558056829610455,0.054713075561637355,3.6574298377380325e-05,11.764462592162612,23.802105980066564,19.959367166667278,nan,nan
278.36,174.5527801513672,-210.5487060546875,-42.8787727355957,174.32337506181435,-210.24314705517537,-42.8766303565909,0.3820963060321324,0.3558518422863132,0.054736178786916764,3.582186205920068e-05,11.673643633981523,23.80155960558989,nan,0.08499100266156455,nan
278.37,174.55514526367188,-210.55735778808594,-42.87952423095703,174.3255239054805,-210.25175982249746,-42.87734951966294,0.382257523246666,0.35589808869865486,0.0547593462598649,3.65392818423919e-05,11.626979800229561,23.505034456342035,nan,nan,nan
278.38,174.55758666992188,-210.56600952148438,-42.880367279052734,174.32772107590043,-210.2603823064456,-42.88010576800786,0.38242156617432255,0.3559444218680596,0.054782578057506665,3.578900577090288e-05,11.451467314518196,23.463901120312027,nan,2.553096181379819,nan
278.39,174.5601043701172,-210.5746612548828,-42.88129806518555,174.33001378180506,-210.26899628400415,-42.88102692320689,0.38258701855923916,0.35599084239136264,0.05480587438895077,3.6505855808783605e-05,11.403510888233425,23.62273333182599,nan,nan,nan
278.40000000000003,174.5626983642578,-210.58331298828125,-42.88231658935547,174.32605491439523,-210.27810066366567,-42.88155338124899,0.38620625052777957,0.35592005995282183,0.05479915927845091,3.573585507253511e-05,11.11208492230005,23.938458471528083,1.4167126971977528,0.12511313969764298,nan
278.41,174.5653533935547,-210.59197998046875,-42.883426666259766,174.32847188605575,-210.2867215112791,-42.88264785016358,0.38638864911056864,0.35596628308498196,0.054822443027912025,3.6451293593983184e-05,11.066324177467216,22.915394527340652,nan,nan,nan
278.42,174.56808471679688,-210.6006317138672,-42.884620666503906,174.3309520722223,-210.2953448536312,-42.88434280836945,0.3865644000174141,0.3560125929241575,0.054845791313858284,3.570602111099393e-05,11.004101360394355,23.83398500565219,nan,0.17825870497491234,nan
278.43,174.5708770751953,-210.60928344726562,-42.88589859008789,174.33350617440612,-210.30396622614816,-42.885616766819766,0.386734572383585,0.35605898998792196,0.05486920433439638,3.6420994717407714e-05,10.956806236285448,23.660426287664794,nan,nan,nan
278.44,174.57373046875,-210.61793518066406,-42.88726043701172,174.3361269629756,-210.31258788360844,-42.887033694238056,0.3869010845005957,0.35610547406558746,0.054892682182800454,3.567764819090401e-05,10.909171382693838,23.493044648401597,nan,0.0022116422421059535,nan
278.45,174.57666015625,-210.6265869140625,-42.888710021972656,174.32853433024255,-210.31326853362813,-42.888484141814956,0.3996684676975921,0.3560347471296921,0.05488584537813792,3.6369617390286705e-05,11.310887895896093,23.76344271823732,2.213982442627471,nan,nan
278.46,174.57965087890625,-210.63525390625,-42.89023971557617,174.3312584776853,-210.32187776288293,-42.89199854130541,0.3998830900199031,0.35608103362824606,0.0549093098174545,3.562903004829438e-05,11.351163548499045,23.091150148044402,nan,2.682930612305455,nan
278.47,174.5827178955078,-210.64390563964844,-42.891849517822266,174.33406781132982,-210.3304794388349,-42.89363068970174,0.4000825168529461,0.3561274072269175,0.05493283918917683,3.634231958054555e-05,11.304681847680147,24.091231581057187,nan,nan,nan
278.48,174.58583068847656,-210.65255737304688,-42.89353942871094,174.33691462983398,-210.3390913802833,-42.898123612257876,0.4003013210173128,0.3561738677809241,0.05495643359586069,3.560351101347742e-05,11.761539052556062,24.08790596669046,nan,5.264802853172021,nan
278.49,174.58901977539062,-210.6612091064453,-42.89531326293945,174.33985202624373,-210.34769303698496,-42.89994656249492,0.40049764105368363,0.356220415708694,0.05498009322189141,3.631646907525182e-05,11.716024208658707,24.27614158407054,nan,nan,nan
278.5,174.59226989746094,-210.6698760986328,-42.897159576416016,174.3540460618018,-210.36872408605822,-42.90312566511772,0.3840295884020872,0.3561497428603642,0.054973131451019945,3.555778165372182e-05,11.291959826466144,24.058120197682673,7.4932766973917175,0.8907049019566502,nan
278.51,174.5955810546875,-210.67852783203125,-42.89908981323242,174.35711153072558,-210.3773605045205,-42.905121911315156,0.38419507964817556,0.3561960929836869,0.05499677682125546,3.62695637541748e-05,11.248228266284917,24.521174366245358,nan,nan,nan
278.52,174.5989532470703,-210.6871795654297,-42.901092529296875,174.36021587937364,-210.38600523786496,-42.909797204508564,0.38441810270763804,0.35624252999858624,0.05502048742926436,3.5534987304295125e-05,12.331640277676142,25.709028873065442,nan,4.630309876262849,nan
278.53000000000003,174.60238647460938,-210.69583129882812,-42.903141021728516,174.36340350369312,-210.3946411601117,-42.911958000685814,0.38458562007167973,0.35628905426932633,0.055044263451693186,3.624652363582262e-05,12.298575640820395,25.566464056330418,nan,nan,nan
278.54,174.60586547851562,-210.70448303222656,-42.90518569946289,174.36666231955832,-210.4032726903013,-42.912794399440116,0.38471250779411514,0.35633566573271214,0.05506810500255971,3.551350523996715e-05,11.7392159726171,24.728949067493357,nan,1.243110374859943,nan
278.55,174.6094207763672,-210.713134765625,-42.9072151184082,174.3579071290997,-210.40817232380934,-42.91500613387972,0.3953756512508691,0.35626504610696474,0.05506101508080502,3.6202449629051436e-05,11.706520075543992,25.284872880198392,1.4903680557045271,nan,nan
278.56,174.61302185058594,-210.7218017578125,-42.909210205078125,174.36123902914966,-210.416807977631,-42.918771408704906,0.395609923705917,0.35631145956318483,0.05508484151879517,3.547180944068411e-05,12.563984504614893,25.177332208020317,nan,1.8193767937230088,nan
278.57,174.61669921875,-210.73045349121094,-42.91117477416992,174.36464138688535,-210.42543853032808,-42.92089427967286,0.3958051866182396,0.3563579601608712,0.0551087335631882,3.618207843815351e-05,12.55287883789226,26.240264222335373,nan,nan,nan
278.58,174.62042236328125,-210.73910522460938,-42.9130973815918,174.3681185486299,-210.43406201633906,-42.92056779778413,0.39593481902651845,0.35640454788084175,0.05513269133437344,3.545286044029565e-05,11.471815553585055,24.942664549862837,nan,4.010691827796673,nan
278.59000000000003,174.6241912841797,-210.7477569580078,-42.91498947143555,174.37163475076,-210.44269173133472,-42.922596242897015,0.39611546052905494,0.3564512230211225,0.05515671499955241,3.6162990147224665e-05,11.454116942581326,24.420651427608323,nan,nan,nan
278.6,174.62802124023438,-210.75640869140625,-42.916839599609375,174.39050312775876,-210.46969472345876,-42.92457817822037,0.3723971519347209,0.35638065529379664,0.055149493684117826,3.5413703199235916e-05,10.37979660349017,24.774901587941386,14.733409530721241,9.062418715333365e-05,nan
278.61,174.6319122314453,-210.7650604248047,-42.91865539550781,174.39413278308072,-210.47837543638457,-42.92653440695805,0.37254453085697925,0.356427132197881,0.05517350136191103,3.6122845283692024e-05,10.364068989853408,24.814396440369514,nan,nan,nan
278.62,174.6358642578125,-210.77371215820312,-42.920433044433594,174.39781874728132,-210.48705503003237,-42.928194431474985,0.37269050610924254,0.35647369614985724,0.05519757496073397,3.5397148338598275e-05,10.304135837064143,24.938681900587387,nan,0.046916856716252564,nan
278.63,174.63986206054688,-210.78236389160156,-42.922176361083984,174.40155713895203,-210.495734856399,-42.93007799368334,0.37283759906320424,0.35652034741255473,0.05522171464262675,3.610621974442608e-05,10.288860818968251,24.63364493574657,nan,nan,nan
278.64,174.64390563964844,-210.791015625,-42.923885345458984,174.40534911520402,-210.50441423836983,-42.93191584981069,0.3729799715446906,0.356567086019847,0.05524592053564647,3.538174308472059e-05,10.34008447190687,24.417066834797893,nan,9.504663936734421e-05,nan
278.65000000000003,174.64801025390625,-210.79965209960938,-42.92556381225586,174.3952154817714,-210.50406990112518,-42.933742048363676,0.38902559867609815,0.35649656917047057,0.055238564638925534,3.606853305065832e-05,10.690860823803476,25.392709574770787,2.5802733156842224,nan,nan
278.66,174.65216064453125,-210.8083038330078,-42.92720413208008,174.38514111800987,-210.4992329299098,-42.93553124224415,0.4085261208897312,0.35269780388311,0.05166723941430769,3.67902935998765e-05,15.502506132827888,29.323302578628667,nan,nan,0.0506420359154182
278.67,174.6563720703125,-210.81695556640625,-42.92881393432617,174.38907720059453,-210.50787488802519,-42.93728242521412,0.4087164401684451,0.35274670563261634,0.05168388741090101,3.7527210904867594e-05,15.46697717372631,29.478966350328925,nan,nan,nan
278.68,174.66062927246094,-210.8256072998047,-42.930389404296875,174.39308185881308,-210.51653661043667,-42.939455732577315,0.4088869133202573,0.3527956916642983,0.05170059066787505,3.671709127578676e-05,15.733384524537112,29.63248314784251,nan,0.13171309971051334,nan
278.69,174.66493225097656,-210.83425903320312,-42.93193435668945,174.3971192840967,-210.5251776770819,-42.94114921242032,0.4090721006092559,0.35284476682159505,0.051717355537249494,3.7452263338821384e-05,15.701150500449074,29.426214728276655,nan,nan,nan
278.7,174.66928100585938,-210.8428955078125,-42.933448791503906,174.38423190192208,-210.5266973537188,-42.940190408505714,0.4257695546977564,0.3527799698036126,0.05171336685690941,3.662363953243224e-05,14.758967886292119,29.27181343206181,3.3337744868091663,4.875166389263903,nan
278.71,174.67369079589844,-210.85154724121094,-42.934932708740234,174.38834109936684,-210.53532367970703,-42.9417991773993,0.42599171183572754,0.3528288341263563,0.05173014893638907,3.7356245090780915e-05,14.719735424373328,28.820056737384,nan,nan,nan
278.72,174.6781463623047,-210.86019897460938,-42.9363899230957,174.39245051649297,-210.54389451339836,-42.94209881000689,0.4262666065807047,0.35287778276859033,0.051746986799007584,3.655574509705055e-05,14.2891954918783,28.223737434392685,nan,1.058898439274899,nan
278.73,174.68264770507812,-210.86883544921875,-42.93781280517578,174.39665643313296,-210.55251959974348,-42.94363764106508,0.4264746803401277,0.35292682032428424,0.05176388628608292,3.728681663460739e-05,14.246145877829063,28.94275150555053,nan,nan,nan
278.74,174.68719482421875,-210.8774871826172,-42.939212799072266,174.40094290978018,-210.5611813028137,-42.946033813402295,0.4266568812927875,0.35297594254852566,0.051780841962841384,3.6490411974088955e-05,14.552058255138265,28.31863165677617,nan,0.5080915381368317,nan
278.75,174.69178771972656,-210.88612365722656,-42.940582275390625,174.42671103531018,-210.57674720610453,-42.94754572367639,0.4074652460542825,0.35291107511166525,0.051776843695611065,3.7196501254893076e-05,14.63570823605988,28.59447760002016,4.136886551114285,nan,nan
278.76,174.69642639160156,-210.894775390625,-42.94192123413086,174.43108018971083,-210.58536292941528,-42.94862376823472,0.40766358921678014,0.3529599863300353,0.05179381618668192,3.640505852960049e-05,14.507640964170287,27.772958002971887,nan,0.09819628741581934,nan
278.77,174.70111083984375,-210.90341186523438,-42.9432373046875,174.4355094381103,-210.59399402665554,-42.950060136557816,0.40783581803012753,0.35300898625010513,0.05181085032454221,3.7132428961606066e-05,14.467216841541385,28.34791393932529,nan,nan,nan
278.78000000000003,174.70584106445312,-210.9120635986328,-42.94452667236328,174.44001937791882,-210.6026635654174,-42.95244024916639,0.4079855074429247,0.3530580708740091,0.0518279411502312,3.634481877922101e-05,14.878738740794125,28.011546034355195,nan,0.6143818714724266,nan
278.79,174.71055603027344,-210.9207000732422,-42.9457893371582,174.44450619259067,-210.61129320971867,-42.953835528805016,0.40814196614230785,0.3531072444290339,0.05184509380096871,3.707093460274172e-05,14.843812430949525,28.838675972639017,nan,nan,nan
278.8,174.7152099609375,-210.92933654785156,-42.94702911376953,174.40782320011022,-210.6017417369754,-42.954688706918645,0.4492923883308961,0.3530423023559912,0.05184107703354422,3.6264689780880984e-05,15.110936216050117,29.27251291015483,17.512893807046762,0.2886109389611727,nan
278.81,174.71978759765625,-210.93797302246094,-42.9482421875,174.4121403118206,-210.6103320773408,-42.956031799533385,0.4495065288256702,0.3530912646044632,0.05185824583283968,3.698872920439179e-05,15.07777257390993,29.187836382387957,nan,nan,nan
278.82,174.72427368164062,-210.94662475585938,-42.949432373046875,174.41644088851035,-210.6189888132861,-42.959081021622715,0.44966591577703413,0.35314031158957676,0.05187547180028325,3.620936779666389e-05,15.955306294584528,29.0278965283643,nan,1.970689006520295,nan
278.83,174.72869873046875,-210.95526123046875,-42.95059585571289,174.42059647385818,-210.62757810691778,-42.96039503154547,0.44988804589102077,0.35318944729599566,0.05189275963166416,3.693232840523712e-05,15.928541086371785,30.468559557629252,nan,nan,nan
278.84000000000003,174.73301696777344,-210.96389770507812,-42.95174026489258,174.42462612167915,-210.63612304213814,-42.96052589102209,0.4501314595167259,0.35323866808623433,0.051910105021734945,3.615641003549889e-05,15.408816714307477,29.183887338336955,nan,0.8903601457606465,nan
278.85,174.7372589111328,-210.9725341796875,-42.952857971191406,174.43869895545464,-210.64461586456366,-42.961913452011615,0.44356563241655045,0.3531736553772404,0.051906070929647205,3.685531707163428e-05,15.92186096071742,29.326109400595357,3.575068908317445,nan,nan
278.86,174.74142456054688,-210.98117065429688,-42.953956604003906,174.44258440146123,-210.65315489683297,-42.96209734151123,0.4438085729614884,0.3532226646826368,0.05192343200980527,3.608367317670561e-05,15.478980922712735,29.00973688020625,nan,0.7388630542068116,nan
278.87,174.74549865722656,-210.98980712890625,-42.95503234863281,174.446423039209,-210.66173258998785,-42.963305173431756,0.44401302684634925,0.3532717625014716,0.051940855002570126,3.680380699431829e-05,15.448031106314408,28.729947272546667,nan,nan,nan
278.88,174.74948120117188,-210.99844360351562,-42.956085205078125,174.45016693643078,-210.67029629591133,-42.96411558544796,0.4442231101308646,0.3533209454326253,0.051958336010468974,3.6035358733175946e-05,15.324719047645539,28.31172982087473,nan,0.09445612893308104,nan
278.89,174.75340270996094,-211.007080078125,-42.95711898803711,174.4538432128233,-210.6788734742088,-42.965278664633416,0.44443452555095914,0.35337021710925764,0.05197587912497137,3.675464291526529e-05,15.292719350966939,28.781964789272866,nan,nan,nan
278.90000000000003,174.75723266601562,-211.01571655273438,-42.9581298828125,174.45221474496955,-210.68858562009103,-42.964163201283284,0.4473108317301753,0.35330513012571585,0.051971819816680635,3.596732799104187e-05,14.099402526892002,27.72916750996922,1.5596183159766592,3.511074585680203,nan
278.91,174.76100158691406,-211.0243682861328,-42.95912170410156,174.45572301789255,-210.69717231721185,-42.96526503540361,0.44753764903238497,0.3533541900161008,0.05198937792975432,3.668493695391354e-05,14.064136917676558,27.41825390756031,nan,nan,nan
278.92,174.76467895507812,-211.0330047607422,-42.9600944519043,174.45911470709106,-210.7057159368533,-42.96510803146648,0.44778635516337567,0.35340333504357363,0.052006994497311096,3.592345192411491e-05,13.682143784983335,27.213683468161214,nan,1.0291513581805654,nan
278.93,174.76829528808594,-211.04164123535156,-42.9610481262207,174.46247318539875,-210.71430244168008,-42.96615984656983,0.4479999710036204,0.35345256861258767,0.0520246732357749,3.6640354867506774e-05,13.642288048839516,27.53731825095649,nan,nan,nan
278.94,174.77183532714844,-211.05027770996094,-42.96198272705078,174.46578391127332,-210.72291510565728,-42.96796643353833,0.44818472597687553,0.3535018876623303,0.05204241080389891,3.588170268975041e-05,13.874046428186633,27.66115810778382,nan,0.40094157176234435,nan
278.95,174.77529907226562,-211.0589141845703,-42.96289825439453,174.4829443178735,-210.73504363161973,-42.96894233365443,0.43634844835097214,0.35343672979618973,0.052038326372900616,3.6575270372776035e-05,14.015318871156616,27.146882508840747,2.058185163496491,nan,nan
278.96,174.77870178222656,-211.0675506591797,-42.96379470825195,174.48611665138213,-210.7436355297021,-42.97004185324774,0.4365387688583218,0.35348583687315993,0.052056078420825984,3.58202600258526e-05,14.053302965284125,27.454545823630536,nan,0.006008575430029959,nan
278.97,174.78204345703125,-211.07618713378906,-42.96467590332031,174.48921725332983,-210.75222456643175,-42.971030749015306,0.4367371230920682,0.3535350322907564,0.052073892712924195,3.653504641884167e-05,14.01621208574058,27.57756590578368,nan,nan,nan
278.98,174.78530883789062,-211.08482360839844,-42.965538024902344,174.4921727246867,-210.76073408476262,-42.96952325645799,0.4370110779663957,0.3535843132079729,0.052091766251381504,3.578264229858262e-05,13.30233045337332,26.607912063177636,nan,4.149777417460095,nan
278.99,174.78851318359375,-211.0934600830078,-42.96638107299805,174.49514052412144,-210.76932363427088,-42.97045452512805,0.4372053839306017,0.35363368270190254,0.05210970224295514,3.649690672152694e-05,13.260735130451392,26.75912845881016,nan,nan,nan
279.0,174.79164123535156,-211.1020965576172,-42.96720886230469,174.49179555777758,-210.7773420606477,-42.97237387136299,0.4420402594563988,0.3535684508617322,0.052105585665750416,3.572534479285176e-05,13.338589313167887,26.79109375666046,0.6840870088570942,0.694620265916253,nan
279.01,174.7947235107422,-211.11073303222656,-42.968021392822266,174.4946233864353,-210.78593577376418,-42.973283561452575,0.4422454455756195,0.35361760808229287,0.05212353541998094,3.643825595120541e-05,13.299377401488508,27.23336218936178,nan,nan,nan
279.02,174.7977294921875,-211.119384765625,-42.968814849853516,174.49736829899325,-210.7945083500809,-42.97348055613109,0.44247406767959996,0.3536668508168139,0.05214154482117194,3.56916402738758e-05,13.09947710737007,25.953169520502925,nan,0.3299799387353874,nan
279.03000000000003,174.80068969726562,-211.12802124023438,-42.9695930480957,174.5000738800482,-210.80310243030735,-42.974352912800455,0.44267906988889827,0.3537161819323874,0.05215961676303978,3.640414455831647e-05,13.059852524602444,27.028172689219744,nan,nan,nan
279.04,174.80357360839844,-211.13665771484375,-42.97035598754883,174.50275973329138,-210.81173641363492,-42.976540726292015,0.4428330277085075,0.3537655989009142,0.05217774871268012,3.565980543024372e-05,13.45893385614642,26.91645715697693,nan,1.2028934602224537,nan
279.05,174.80641174316406,-211.14529418945312,-42.971107482910156,174.51277195624704,-210.81926496088602,-42.9773855860784,0.43881521956300884,0.35370029591251523,0.0521735991691748,3.634951855339569e-05,13.867921663381038,26.979665664599924,2.174058257320159,nan,nan
279.06,174.80918884277344,-211.15394592285156,-42.971839904785156,174.51537421196176,-210.82790343976518,-42.980107206307636,0.43897504066928716,0.3537495004121655,0.05219174430510927,3.560825213315493e-05,14.653689544358368,27.061120492507747,nan,2.408800939049541,nan
279.07,174.81192016601562,-211.16258239746094,-42.972557067871094,174.5178654349666,-210.83648797527152,-42.98095389202093,0.4391768023144664,0.35379879310090545,0.05220995207720271,3.631920503970351e-05,14.624107403257712,28.015443539152212,nan,nan,nan
279.08,174.81459045410156,-211.1712188720703,-42.973262786865234,174.5202954469232,-210.8450663875107,-42.98156069259494,0.4393789363112572,0.3538481716500836,0.05222822023658438,3.558001239469995e-05,14.566994147316976,27.699794485043938,nan,0.03501661508302153,nan
279.09000000000003,174.81719970703125,-211.17987060546875,-42.97395324707031,174.52267818123627,-210.85365150139282,-42.982378617271216,0.43958255184177547,0.3538976386294025,0.05224655125491028,3.6290702867780545e-05,14.538974325812763,26.820321894668748,nan,nan,nan
279.1,174.8197784423828,-211.18850708007812,-42.974632263183594,174.54611344040921,-210.87833340026816,-42.98419428203942,0.41375315969387133,0.3538322619046916,0.05224236244619652,3.553203417545741e-05,14.178238014778824,28.38442515783837,12.877394379905585,0.6588957019635949,nan
279.11,174.82240295410156,-211.1971435546875,-42.975399017333984,174.54847877306997,-210.8869662260399,-42.985049425091646,0.41392941732942284,0.3538815161163729,0.05226070590793169,3.6241624281411926e-05,14.12155958862775,27.75995378576318,nan,nan,nan
279.12,174.82510375976562,-211.20579528808594,-42.97625732421875,174.55085690367008,-210.89554515237995,-42.98395926206133,0.4141567392067928,0.35393085619096093,0.052279110121549524,3.550717009357887e-05,13.170900494377141,26.273486924768815,nan,2.8460793707434133,nan
279.13,174.827880859375,-211.2144317626953,-42.977203369140625,174.55335980079505,-210.9041785521943,-42.984977097361394,0.414342004967498,0.35398028450975894,0.052297577302266474,3.621658813884655e-05,13.115531517182722,27.22016319131341,nan,nan,nan
279.14,174.83071899414062,-211.22308349609375,-42.978240966796875,174.55594605724,-210.91282714678988,-42.986666149667066,0.4145240075589833,0.3540297990251527,0.05231610558256246,3.548391451922908e-05,13.396157797251,26.535478571054917,nan,0.23210683981378702,nan
279.15000000000003,174.8336181640625,-211.23171997070312,-42.97936248779297,174.59200874673817,-210.93405004506116,-42.98786775897567,0.3834772937337847,0.3539643508755528,0.052311875931325184,3.617094350601353e-05,13.294533346836694,26.672738384318816,9.793537719953747,nan,nan
279.16,174.8365936279297,-211.24037170410156,-42.98057174682617,174.5947631067185,-210.94270094623428,-42.98897597398289,0.38361505720274164,0.35401365241849847,0.05233041602399945,3.544084096173616e-05,13.236365292902743,26.104841411110353,nan,0.02265320022913901,nan
279.17,174.83963012695312,-211.2490234375,-42.98186492919922,174.59758794828352,-210.9513567324096,-42.99035053453308,0.38374716816203697,0.35406304202376965,0.052349019198666615,3.614914730113031e-05,13.184535181346268,25.99255660239671,nan,nan,nan
279.18,174.8427276611328,-211.25765991210938,-42.983245849609375,174.60049251591818,-210.96002663627718,-42.99238038915248,0.3838578803052311,0.35411251782075615,0.05236768381820592,3.542064775653599e-05,13.496236836031308,26.895796085542493,nan,0.22342790427615725,nan
279.19,174.8459014892578,-211.2663116455078,-42.98470687866211,174.6034462184792,-210.96868265229588,-42.993931289661,0.38399565842200717,0.35416208192658166,0.052386411755049114,3.612889246524228e-05,13.445003424380033,26.478734721237654,nan,nan,nan
279.2,174.84912109375,-211.2749481201172,-42.98625183105469,174.5930984918158,-210.97275588047827,-42.994121744888865,0.39614348151004597,0.3540965602160225,0.05238213555640194,3.5380595216014683e-05,12.792386390039704,26.315772739196735,1.7611568053014495,1.5852245670152785,nan
279.21,174.8524169921875,-211.28359985351562,-42.987876892089844,174.596155006584,-210.98140552807084,-42.99582537473778,0.39630139284751015,0.3541459110530873,0.05240087453673952,3.6087933507513154e-05,12.742393941946599,25.922465453277127,nan,nan,nan
279.22,174.8557586669922,-211.29225158691406,-42.98958206176758,174.59925810429317,-210.99004144584387,-42.99700889004814,0.39645764692951246,0.3541953480717935,0.05241967529360321,3.5363252885998675e-05,12.502134459749374,25.289575974322876,nan,0.2504886519202014,nan
279.23,174.8591766357422,-211.30088806152344,-42.99136734008789,174.60243727009274,-210.99869109004882,-42.99886945691479,0.39660357184397177,0.3542448732238196,0.0524385394935438,3.607059894378598e-05,12.451463049010545,26.364787039508986,nan,nan,nan
279.24,174.86264038085938,-211.30953979492188,-42.993228912353516,174.60559343741687,-211.00726498113,-42.997408273962385,0.3968131313975239,0.35429448488558624,0.05245746580599806,3.534726570220597e-05,11.336387238465925,24.182758811162792,nan,8.007428903557908,nan
279.25,174.86618041992188,-211.31817626953125,-42.99517059326172,174.6796652637267,-211.03126151879889,-42.99933313581538,0.3422357439526738,0.35422889146820946,0.05245314086755019,3.603251109662782e-05,12.34638735672908,24.34305365759241,53.2268213968053,nan,nan
279.26,174.86976623535156,-211.3268280029297,-42.997188568115234,174.68313596415462,-211.03989743921514,-43.00076222065444,0.34230509419677874,0.35427828964712416,0.05247207754085013,3.531131526303436e-05,12.178598622872599,23.20778088049773,nan,0.2780617275561056,nan
279.27,174.8734130859375,-211.33546447753906,-42.99924850463867,174.68667996880356,-211.0485466896551,-43.002878020483806,0.3423510587453409,0.354327775787972,0.052491077788481784,3.601788299572823e-05,12.132581880986502,23.908947909914897,nan,nan,nan
279.28000000000003,174.8771209716797,-211.3441162109375,-43.00130844116211,174.69028107906266,-211.05719497517438,-43.004995321648124,0.3424128123956457,0.3543773484210326,0.05251014046288271,3.529788224764644e-05,12.103614395269515,23.204278640869582,nan,0.0002735460131230346,nan
279.29,174.88087463378906,-211.35275268554688,-43.00334548950195,174.6939394992859,-211.0658433414796,-43.00712286733713,0.3424558143879911,0.3544270092681619,0.05252926695801157,3.600453960121159e-05,12.065532361663717,23.723298155136565,nan,nan,nan
279.3,174.8846893310547,-211.3614044189453,-43.00535202026367,174.73206004218372,-211.08143098554365,-43.00720856507275,0.318879710848154,0.3543613424049456,0.05252488805284522,3.526443296946879e-05,12.331310692041994,22.615480284823573,13.002115278650951,2.7423626354295787,nan
279.31,174.88856506347656,-211.3700408935547,-43.00732421875,174.73589298293766,-211.0900768182922,-43.00925978958246,0.3188924490296116,0.35441078947563914,0.05254402411361264,3.5970328586815495e-05,12.288629671004305,23.35516823182628,nan,nan,nan
279.32,174.89248657226562,-211.37869262695312,-43.00926208496094,174.7397503783302,-211.09869591988553,-43.0099227964507,0.3189466059487853,0.3544603230158743,0.0525632229030919,3.525335707540551e-05,12.149979246911993,22.30283394810912,nan,1.2746453144595569,nan
279.33,174.89646911621094,-211.3873291015625,-43.01116180419922,174.74369191699716,-211.10734099697456,-43.01188996137152,0.31895883985746726,0.3545099446051384,0.05258248565356264,3.595939429993333e-05,12.103762612927222,23.10448692338562,nan,nan,nan
279.34000000000003,174.90049743652344,-211.39598083496094,-43.013023376464844,174.74765213467222,-211.11595571347675,-43.012227351463615,0.31902411917600376,0.3545596529864599,0.052601811458508785,3.5243399272446886e-05,12.060571644582145,22.230151719842556,nan,1.7677341582746142,nan
279.35,174.9045867919922,-211.4046173095703,-43.01484680175781,174.756823395245,-211.12390772289731,-43.01405380915618,0.31722629510439465,0.3544939141332068,0.05259737590582153,3.592753499122776e-05,12.313891234079678,23.041997858867312,0.9754319279437106,nan,nan
279.36,174.90872192382812,-211.4132537841797,-43.01663589477539,174.76091158307233,-211.13252531118968,-43.014825473311575,0.3172690498733244,0.354543408515011,0.05261671054523723,3.521330955590126e-05,12.341874632698136,22.921538399382403,nan,0.7993799022963897,nan
279.37,174.9129180908203,-211.42190551757812,-43.01838684082031,174.7650740964659,-211.14116172225633,-43.016622361343615,0.3172980281473236,0.354592990784819,0.05263610929011633,3.5918813746226636e-05,12.289397911176343,22.378071620270784,nan,nan,nan
279.38,174.91714477539062,-211.4305419921875,-43.02010726928711,174.7692728961787,-211.1497850093474,-43.017672031865956,0.3173271284596382,0.3546426598167554,0.05265557137594983,3.5205436884195154e-05,12.32447937137765,22.66066395067642,nan,0.3547631797097119,nan
279.39,174.92144775390625,-211.43917846679688,-43.02178955078125,174.77353713058068,-211.15842019434538,-43.0193940117826,0.31734602352889196,0.3546924169943491,0.05267509782323773,3.591114106133899e-05,12.268385398476715,23.118779245401853,nan,nan,nan
279.40000000000003,174.92578125,-211.4478302001953,-43.023441314697266,174.7924275392179,-211.17983388464378,-43.023215586410224,0.29934142426635607,0.3546266047535882,0.05267060077336263,3.51773749865996e-05,11.310479905785167,21.82703333114964,7.762424722833126,3.3159984058737537,nan
279.41,174.93017578125,-211.4564666748047,-43.02505874633789,174.79680828564494,-211.18850545881642,-43.02489313323292,0.299316103117716,0.3546761476408311,0.052690135233268674,3.588242182739267e-05,11.262830150600616,22.721890935636992,nan,nan,nan
279.42,174.93460083007812,-211.46510314941406,-43.026641845703125,174.80124271191417,-211.1971804671048,-43.02678486963695,0.29927741617413534,0.3547257772553517,0.0527097333096121,3.517140912100888e-05,11.2165960006173,22.414076460611312,nan,0.04224531132816816,nan
279.43,174.9390869140625,-211.47373962402344,-43.0281982421875,174.80572061513806,-211.20585092466158,-43.028402275574614,0.29925067512742054,0.3547754948605656,0.052729395899024076,3.5876693813690724e-05,11.170878012593251,22.434768730803434,nan,nan,nan
279.44,174.94361877441406,-211.4823760986328,-43.029720306396484,174.81028547880166,-211.21455269988488,-43.032024012508074,0.2991863093418694,0.3548252995102187,0.052749122421907935,3.516634627928226e-05,11.27462983910752,22.579293728654612,nan,2.8950965560586206,nan
279.45,174.9481964111328,-211.4910125732422,-43.031211853027344,174.8114128411777,-211.22424733913545,-43.033674674446374,0.2997991004439951,0.35475941499747216,0.05274456081631676,3.584986021074697e-05,11.045328466435125,22.522923239535917,0.8157767948397933,nan,nan
279.46,174.95281982421875,-211.49964904785156,-43.03267288208008,174.8159979962878,-211.2329015480736,-43.033814740419146,0.2997928369334772,0.3548090051251935,0.05276429457520618,3.5140976303885506e-05,10.867761760111472,22.32764707186326,nan,1.3919123306461547,nan
279.47,174.95750427246094,-211.50828552246094,-43.03410720825195,174.82065562099243,-211.24157642655697,-43.0353220326408,0.299771197824199,0.3548586830923911,0.05278409300174591,3.584590190546682e-05,10.826048690394412,22.460524923889984,nan,nan,nan
279.48,174.96221923828125,-211.5169219970703,-43.0355110168457,174.82535217461046,-211.25024564256213,-43.036452087167085,0.29974949004958407,0.3549084480623367,0.05280395562367013,3.513757805550963e-05,10.765074821508897,22.174123974616325,nan,0.08553603081495233,nan
279.49,174.96697998046875,-211.5255584716797,-43.036888122558594,174.83010005904728,-211.25891924344148,-43.037900965265806,0.2997225663412119,0.3549583011346294,0.05282388317735356,3.58427810621708e-05,10.72369585801458,22.09800023494536,nan,nan,nan
279.5,174.97177124023438,-211.53419494628906,-43.038238525390625,174.83008810442388,-211.26776936044726,-43.03978337638116,0.30175998795205694,0.35489234324032576,0.05281925245836811,3.511381641500703e-05,10.558047599184198,21.822073685062477,0.6386883755235684,0.1852340911004841,nan
279.51,174.97662353515625,-211.54283142089844,-43.03955841064453,174.83491442356905,-211.2764461044369,-43.041183535890106,0.30173705467710116,0.35494198150243306,0.05283918639930117,3.5818434327047304e-05,10.519370166503778,22.13176307148622,nan,nan,nan
279.52,174.9815216064453,-211.55145263671875,-43.040855407714844,174.83977945659893,-211.2851186635301,-43.04229392025305,0.3017063002919256,0.35499170672101876,0.05285918478779926,3.511192556431984e-05,10.458804740710562,22.746151338875745,nan,0.048916868517816785,nan
279.53000000000003,174.9864501953125,-211.56008911132812,-43.0421257019043,174.84469191163274,-211.29379407840594,-43.04364063306725,0.30167988094549747,0.3550415198963183,0.05287924826798568,3.58168475776242e-05,10.42033050316237,21.742732688992913,nan,nan,nan
279.54,174.9914093017578,-211.5687255859375,-43.04336929321289,174.84962673638714,-211.3024582483037,-43.04412078311102,0.3016639780794928,0.355091420340292,0.05289937650549059,3.511074796279443e-05,10.329158766489007,21.665983559664785,nan,0.49736829001416477,nan
279.55,174.996337890625,-211.57736206054688,-43.04458999633789,174.82844647445117,-211.30487871989865,-43.045448431512845,0.32005536312741095,0.3550253898948014,0.052894673331714596,3.57939789482565e-05,10.017387920307668,21.68012299937367,6.6317282137131315,nan,nan
279.56,175.00120544433594,-211.5859832763672,-43.04578399658203,174.83329724089893,-211.31354931588317,-43.046715429066445,0.32002233542821146,0.3550750756711627,0.052914807346787135,3.651264418744885e-05,9.977792636618833,22.512163166777327,nan,nan,nan
279.57,175.00599670410156,-211.59461975097656,-43.046958923339844,174.83807506768852,-211.32221937630356,-43.047959240705055,0.3200010011428937,0.3551248488798413,0.05293500640623715,3.724576564825535e-05,9.939888436789522,21.64751723468957,nan,nan,nan
279.58,175.0106964111328,-211.60324096679688,-43.0481071472168,174.84275924840182,-211.33088190408145,-43.04856185921876,0.3199727432647428,0.35517470927515404,0.052955270447468256,3.6454559110919686e-05,9.876719055905511,22.333706263454236,nan,0.2486387455786286,nan
279.59000000000003,175.0153045654297,-211.61187744140625,-43.049232482910156,174.84736494966936,-211.33955130408964,-43.04975477481885,0.319946108581354,0.3552246577820824,0.05297560002884674,3.7186290166300404e-05,9.838133090437065,21.490375733303132,nan,nan,nan
279.6,175.0198211669922,-211.62049865722656,-43.05033493041992,174.813012432881,-211.32896783907498,-43.05049584290541,0.3574354435833534,0.3551585538864047,0.05297082004995407,3.637583576311486e-05,10.314355336420347,22.21687894427521,17.7424530849783,0.03298708504997607,nan
279.61,175.0242462158203,-211.62913513183594,-43.051414489746094,174.817378800425,-211.33759424271324,-43.051639713210356,0.3574776472849797,0.3552082870577292,0.052991154323688956,3.710533771119627e-05,10.275483889374769,21.421784952700072,nan,nan,nan
279.62,175.02859497070312,-211.63775634765625,-43.05247497558594,174.82166648588458,-211.34622701662605,-43.05341129042549,0.35750472076001644,0.35525810736395513,0.05301155381411821,3.6321881202632585e-05,10.257074220110711,22.283302127809144,nan,0.2752100555379394,nan
279.63,175.0328369140625,-211.64637756347656,-43.05351257324219,174.82585754049745,-211.35485267196486,-43.05452073373469,0.3575307536980087,0.3553080156395537,0.053032019007039397,3.70501609071704e-05,10.220033554371453,21.850066614027533,nan,nan,nan
279.64,175.03701782226562,-211.65501403808594,-43.05453109741211,174.82948880363324,-211.36418274961687,-43.05389347951567,0.35728355473444207,0.3550203846442275,0.052181153929927886,3.626920907668494e-05,14.016115471968279,25.402038796392297,nan,1.933959447010589,0.0005979549316834974
279.65000000000003,175.04110717773438,-211.66363525390625,-43.05552673339844,174.82115642939314,-211.3693727808342,-43.055032754766,0.367381244444022,0.3549541971731057,0.05217691860035918,3.697294252709299e-05,13.847425857522756,26.109440893861724,1.8159335430903378,nan,nan
279.66,175.04510498046875,-211.67227172851562,-43.0565071105957,174.82507187598512,-211.3779362037715,-43.054110088405395,0.36749654952187943,0.35500311848830357,0.05219388230629353,3.61968549517606e-05,13.94568374806499,25.160319594260223,nan,2.528677684320988,nan
279.67,175.0490264892578,-211.68089294433594,-43.057464599609375,174.82890828607603,-211.3865604107981,-43.05510763849328,0.3675448529587698,0.3550521262396664,0.05221090589890554,3.6921985891457476e-05,13.881576149754464,26.003517717922435,nan,nan,nan
279.68,175.05288696289062,-211.68951416015625,-43.05840301513672,174.8326672599626,-211.3952626260602,-43.05865760910831,0.3675333286841887,0.3551012205702633,0.05222798667113128,3.6148923262500245e-05,13.676424907808881,26.215937534084873,nan,4.368806493571417,nan
279.69,175.05665588378906,-211.69815063476562,-43.059322357177734,174.83634733562684,-211.40388705092704,-43.059644479038134,0.36759626892742997,0.3551504016255518,0.05224512754395854,3.687305501857651e-05,13.62369373197559,25.149794851761953,nan,nan,nan
279.7,175.0603485107422,-211.70677185058594,-43.06022644042969,174.80500230586966,-211.3946839325905,-43.05906603384186,0.4032392583131886,0.35508415790024117,0.05224087733505031,3.60806893904158e-05,14.291237465403722,26.12096698218429,15.181504246130615,1.8050085143185868,nan
279.71,175.06396484375,-211.7154083251953,-43.06110763549805,174.80848013725375,-211.4032660414181,-43.06000381785621,0.40336888698622975,0.3551331264781019,0.0522580334483745,3.68029848851681e-05,14.234473910524713,25.515364143802483,nan,nan,nan
279.72,175.06752014160156,-211.72402954101562,-43.061973571777344,174.8118850509831,-211.41183003776447,-43.06028647553902,0.40351044060778424,0.3551821815488949,0.0522752471535983,3.603663152616902e-05,14.225400209321716,26.409337694118637,nan,0.2710752816273993,nan
279.73,175.0709991455078,-211.73265075683594,-43.06282424926758,174.81521868189498,-211.4204126661297,-43.06118482712899,0.4036322070385705,0.355231323257187,0.05229252107734529,3.6758069632472656e-05,14.164940679291224,26.198922889930813,nan,nan,nan
279.74,175.07440185546875,-211.7412872314453,-43.063655853271484,174.8184823622113,-211.42899570474174,-43.06206727272454,0.40376144970532696,0.35528055174744066,0.052309854125088553,3.74939705461253e-05,14.10689115331751,25.413126175528365,nan,nan,nan
279.75,175.0777587890625,-211.74990844726562,-43.06447219848633,174.8063316425147,-211.43444274857274,-43.06288250363194,0.41616562816336516,0.35521425171664484,0.05230558816847363,3.821958126218305e-05,13.776140713005491,26.846185377345694,3.0381186205779076,nan,nan
279.76,175.08102416992188,-211.758544921875,-43.065269470214844,174.80943025605896,-211.4430779776518,-43.06556489940508,0.41627242789225044,0.35526326752372767,0.05232293473255099,3.736536670188337e-05,13.660219437919709,25.526489520055957,nan,2.0737903102422166,nan
279.77,175.08424377441406,-211.7671661376953,-43.06605529785156,174.81246348552358,-211.45166366746082,-43.066418218607474,0.4164210199604911,0.3553123698810611,0.052340341733819115,3.811232817367503e-05,13.606484667936492,26.532322878117988,nan,nan,nan
279.78000000000003,175.08738708496094,-211.7758026123047,-43.06682205200195,174.81543183084798,-211.46027367368194,-43.0681586051542,0.4165572682385551,0.3553615589327946,0.05235780698884051,3.726442018359694e-05,13.598673293632428,25.675184287199933,nan,0.5053513360538273,nan
279.79,175.09046936035156,-211.784423828125,-43.06757354736328,174.8183370059251,-211.46886030567074,-43.068991515357325,0.4166993708450563,0.3554108348239558,0.0523753329008936,3.800893497040028e-05,13.549425842336877,26.387084555926606,nan,nan,nan
279.8,175.09349060058594,-211.79306030273438,-43.06831359863281,174.84279033021508,-211.49455107636174,-43.06889467615101,0.3898188315675486,0.355344478422813,0.05237104529065742,3.7143714867763096e-05,12.345438971393309,25.3301204790146,16.925348229202168,0.5795909801417121,nan
279.81,175.09645080566406,-211.80169677734375,-43.069034576416016,174.8455972840152,-211.50319031295058,-43.06969070897698,0.38991541277317926,0.355393541422798,0.05238858536631487,3.7884984108326254e-05,12.294821291761037,25.43072947559079,nan,nan,nan
279.82,175.09934997558594,-211.81031799316406,-43.06974411010742,174.8483439178472,-211.51185220812744,-43.07136124647911,0.3899852317577198,0.3554426910287541,0.0524061840863697,3.705016617474522e-05,12.29954876842532,26.050516513517707,nan,0.4959366600410465,nan
279.83,175.10220336914062,-211.81895446777344,-43.070438385009766,174.85103289257984,-211.52049233886277,-43.07213909305355,0.390088634924825,0.35549192738687435,0.05242384358752924,3.778927621543019e-05,12.252413726588909,25.635998917556716,nan,nan,nan
279.84000000000003,175.10498046875,-211.8275909423828,-43.07111740112305,174.85366321611616,-211.5291667026536,-43.074284538762804,0.3901633236097439,0.3555412506395597,0.052441562082099574,3.696016198231951e-05,12.395088477201865,25.3916154374726,nan,1.204148970867662,nan
279.85,175.1078338623047,-211.8362274169922,-43.0718879699707,174.85849160838458,-211.5404225641359,-43.07501543212608,0.38688738876167095,0.3554748377929231,0.052437251370887145,3.76732194605096e-05,12.140213960943772,25.570584697471343,0.8355636844211676,nan,nan
279.86,175.1107635498047,-211.8448486328125,-43.072750091552734,174.86119397320078,-211.54913606084767,-43.078573534875545,0.38699458817461374,0.3555239479435515,0.052454983518620706,3.685066414789953e-05,12.743615727188493,27.173057613278623,nan,4.462500914261848,nan
279.87,175.11375427246094,-211.85348510742188,-43.07370376586914,174.8639650078407,-211.55778757906083,-43.07959886841558,0.387125893260037,0.35557314475876134,0.0524727765803653,3.758491367434089e-05,12.692826698875143,26.210018974116554,nan,nan,nan
279.88,175.11680603027344,-211.86212158203125,-43.07474136352539,174.86680324974353,-211.56640119465064,-43.07903754678066,0.38726011281280853,0.35562242837923946,0.05249062900383287,3.676767661906343e-05,12.215386236680251,25.80701823855516,nan,1.7943936855593963,nan
279.89,175.1199188232422,-211.87075805664062,-43.07586669921875,174.86970423500475,-211.5750535487406,-43.08022461848944,0.3873854509653019,0.3556717989537892,0.052508542576212826,3.750014766838884e-05,12.16537633046679,25.67015431333514,nan,nan,nan
279.90000000000003,175.1230926513672,-211.87939453125,-43.07707977294922,174.8466234231715,-211.5767516101774,-43.08151482365687,0.4099361431848183,0.3556053295707061,0.05250420333079452,3.666534016758736e-05,11.899850681936023,25.97078382887426,6.951500321527122,0.006571072480582071,nan
279.91,175.1263427734375,-211.88803100585938,-43.07837677001953,174.8496049576116,-211.5853999374807,-43.08287553279207,0.41010927948851456,0.35565448683078954,0.052522129903096106,3.739523105939502e-05,11.850161374546683,26.36087790398193,nan,nan,nan
279.92,175.129638671875,-211.89666748046875,-43.07975769042969,174.85264981994536,-211.59403068378103,-43.083489418300665,0.4102752497965371,0.35570373080617906,0.052540116190257405,3.6589084889045925e-05,11.635947893600225,25.753200339737962,nan,0.44705324848672956,nan
279.93,175.1330108642578,-211.90530395507812,-43.08122253417969,174.85575480404268,-211.6026795664529,-43.08501251129187,0.4104470823910413,0.3557530616477179,0.052558163772411015,3.731743352333445e-05,11.586286040664719,26.115842713324763,nan,nan,nan
279.94,175.13644409179688,-211.9139404296875,-43.08277130126953,174.8589183748943,-211.6113564389869,-43.08795484175356,0.41061473921736513,0.3558024794929934,0.05257627140496337,3.651604763445252e-05,11.883418906719946,26.38943353582852,nan,1.1548727750861427,nan
279.95,175.13992309570312,-211.9225616455078,-43.08440017700195,174.88063811825677,-211.6291975345625,-43.08971343125913,0.3915602530784858,0.35573595347983805,0.05257190152596315,3.721959173853173e-05,11.592803469432788,26.609577293877543,3.9378100613424447,nan,nan
279.96,175.14346313476562,-211.9311981201172,-43.08610916137695,174.88395369739794,-211.6378356122046,-43.089915243609674,0.3916901778109963,0.3557851577950071,0.05259002159130227,3.642378010482821e-05,11.179081949499453,25.473465099762752,nan,1.6324942142255017,nan
279.97,175.14706420898438,-211.93983459472656,-43.087894439697266,174.88732550474683,-211.64650543360705,-43.09176598324171,0.391817789401523,0.3558344488879154,0.05260820310428953,3.7148448967939693e-05,11.132101807841037,25.603473832027795,nan,nan,nan
279.98,175.15072631835938,-211.94847106933594,-43.08976364135742,174.89075627600553,-211.65516300480164,-43.09308619985488,0.39195035787365384,0.35588382689397735,0.052626445001793296,3.6357045783542204e-05,10.979640495980878,25.343975332418324,nan,0.24356090683949175,nan
279.99,175.15444946289062,-211.9571075439453,-43.091705322265625,174.89424309600858,-211.66383215971035,-43.09508998333425,0.3920832313357281,0.35593329196736045,0.05264474859426068,3.708048154321073e-05,10.932473686017573,25.578072007411862,nan,nan,nan
280.0,175.15821838378906,-211.9657440185547,-43.093727111816406,174.9158025476343,-211.68661488977128,-43.09532264105861,0.36970400845480966,0.35586670920647095,0.052640343105678444,3.627114243176404e-05,9.86335786926905,24.906464190496052,10.338660023429966,2.2193155013963786,nan
280.01,175.16204833984375,-211.97438049316406,-43.095787048339844,174.91942388402015,-211.69532507537374,-43.09744605801239,0.3697854852139566,0.3559159605328596,0.052658658449695736,3.699253701054984e-05,9.81587228156817,25.060069424657417,nan,nan,nan
280.02,175.1659393310547,-211.98301696777344,-43.09785079956055,174.92310456723501,-211.7039979713593,-43.09757245591269,0.3698924172708696,0.35596529868128074,0.052677034499251166,3.6210405874976464e-05,9.692029713025105,24.907960517022357,nan,2.6830775784898107,nan
280.03000000000003,175.1698760986328,-211.9916534423828,-43.099891662597656,174.92683594209106,-211.71270723239797,-43.09968755909043,0.3699723603392374,0.356014723808075,0.05269547240653755,3.693075838260269e-05,9.64009083383062,24.702194348964465,nan,nan,nan
280.04,175.1738739013672,-212.0002899169922,-43.10190200805664,174.93062244823494,-211.72140597272056,-43.101201289997256,0.37006487921612813,0.3560642360453317,0.052713971343838886,3.615252963721013e-05,9.601649405361373,24.81931103678376,nan,0.2198129876187337,nan
280.05,175.17791748046875,-212.00892639160156,-43.10387420654297,174.92734862866018,-211.73196185604738,-43.103258025487904,0.37348960243961477,0.3559975964275756,0.05270952763755235,3.684903487248156e-05,9.136659236591845,24.950097027679156,2.8090282724198614,nan,nan
280.06,175.1820068359375,-212.01754760742188,-43.10581588745117,174.93122411130796,-211.74067555509717,-43.104783108679925,0.37356548952372853,0.356046894697732,0.05272803770646653,3.6075496867775937e-05,9.104729284114057,25.311046347043312,nan,0.16148051213097173,nan
280.07,175.1861572265625,-212.02618408203125,-43.10771560668945,174.9351506487172,-211.7493972082531,-43.106760626794745,0.3736524957819545,0.35609627985672815,0.052746609800545324,3.679311997091298e-05,9.050233026691872,24.82391123581771,nan,nan,nan
280.08,175.19036865234375,-212.03482055664062,-43.109580993652344,174.9391308526675,-211.75810262215361,-43.107732942393845,0.3737601671478386,0.3561457520345907,0.0527652432294614,3.6023169208542466e-05,9.070489703559337,24.97884549482135,nan,0.6251949665096985,nan
280.09000000000003,175.19461059570312,-212.04345703125,-43.11140441894531,174.9431597906586,-211.76682348236992,-43.109628668730174,0.37384058235076306,0.35619531139083377,0.0527839389410175,3.673999672548275e-05,9.012743151923349,24.553971041337533,nan,nan,nan
280.1,175.19891357421875,-212.05209350585938,-43.113197326660156,174.9178361273181,-211.77059452235744,-43.11329043538954,0.39780173144173053,0.35612861477312757,0.052779452385884995,3.595168684395149e-05,8.387053790579898,25.193300209393033,12.63723292757539,1.7274064326862948,nan
280.11,175.20327758789062,-212.0607147216797,-43.114952087402344,174.9219103807963,-211.77932068071826,-43.11513491299436,0.3979323371401954,0.35617795994092777,0.05279815851852547,3.6666902285935506e-05,8.337710505539807,26.373603197070192,nan,nan,nan
280.12,175.20767211914062,-212.06935119628906,-43.11667251586914,174.9260330965971,-211.78805123951608,-43.11725283322995,0.39805846488674057,0.3562273920355317,0.05281692627950286,3.590459796482384e-05,8.29845155454698,24.926423042272816,nan,0.06343848848905118,nan
280.13,175.2121124267578,-212.07798767089844,-43.11835861206055,174.9302052309511,-211.7967767688012,-43.11903260184696,0.3981855004494513,0.35627691121833444,0.05283575649806486,3.6619169656162535e-05,8.254122458538063,24.762779580229765,nan,nan,nan
280.14,175.21661376953125,-212.08660888671875,-43.12001037597656,174.93442458803725,-211.80550616626348,-43.12108316308554,0.398309709236153,0.3563265176164625,0.052854648660438146,3.586000160094095e-05,8.224960993113594,25.921492457291038,nan,0.06199894294957219,nan
280.15000000000003,175.22116088867188,-212.09524536132812,-43.12162780761719,174.9699271783774,-211.82274814576732,-43.122856525547604,0.37064082266323206,0.356259763875682,0.05285011625831798,3.655144637112265e-05,8.43572411360728,24.485600909101397,9.303572649824673,nan,nan
280.16,175.2257537841797,-212.10386657714844,-43.12321472167969,174.97429585907304,-211.8314815316785,-43.12474264069248,0.3707115261643687,0.35630915586103207,0.05286901817256677,3.5796188960063844e-05,8.41116843858737,25.137211162760167,nan,0.026752581598007485,nan
280.17,175.2303924560547,-212.1125030517578,-43.12477111816406,174.97871142394175,-211.84021170674532,-43.12640055278901,0.37079451661444984,0.3563586348437647,0.052887982722390536,3.650878224056788e-05,8.371897451743104,24.1907507474377,nan,nan,nan
280.18,175.2350616455078,-212.12112426757812,-43.12629699707031,174.98317349801306,-211.84893841967596,-43.12779311645087,0.3708571328958902,0.3564082009493618,0.05290700949573562,3.575638363683398e-05,8.314378116818604,24.48920686954028,nan,0.037291154456498464,nan
280.19,175.2397918701172,-212.1297607421875,-43.12778854370117,174.98768044705537,-211.85766794209954,-43.12938831553107,0.3709409936470632,0.3564578543417703,0.05292609917036354,3.646852565218338e-05,8.275717474956947,24.154014202495272,nan,nan,nan
280.2,175.24456787109375,-212.1383819580078,-43.12925338745117,175.02186770978912,-211.88270772244906,-43.13108776818191,0.33906937568339657,0.3563910433117946,0.052921516545086124,3.569732357028133e-05,7.760730083205316,24.79048825049305,11.247194342565475,0.014944252977971216,nan
280.21,175.24937438964844,-212.1470184326172,-43.13068771362305,175.02650673502862,-211.89147520222485,-43.132626741861344,0.33908124971103487,0.35644048206572304,0.052940615230897145,3.6408188545748006e-05,7.724593285870756,23.597972218567644,nan,nan,nan
280.22,175.25424194335938,-212.1556396484375,-43.13209533691406,175.03118783505812,-211.90024939285092,-43.13472179754393,0.33909322637599987,0.3564900078496229,0.052959776410134114,3.5662006998195106e-05,7.768050754917879,24.778493814299857,nan,0.23179223020985987,nan
280.23,175.25914001464844,-212.1642608642578,-43.13347244262695,175.03591378530896,-211.9090156765538,-43.13621135904057,0.3390981524194736,0.3565396208288194,0.052979000673941706,3.637253908537966e-05,7.734853873790919,24.466643205492247,nan,nan,nan
280.24,175.2640838623047,-212.17288208007812,-43.134822845458984,175.04067877324155,-211.91779745120195,-43.13904305193865,0.3391103240111319,0.35658932112664365,0.05299828773941041,3.5628821002235114e-05,7.982697470982281,24.714104182747118,nan,1.2756376075663285,nan
280.25,175.26907348632812,-212.1815185546875,-43.136146545410156,175.04346140185655,-211.92263833099832,-43.14053383337582,0.3434225257211028,0.3565224526710655,0.05299365160057593,3.631675575069109e-05,8.259920506800407,23.778424256332737,1.2145064181831569,nan,nan
280.26,175.2740936279297,-212.1901397705078,-43.137447357177734,175.04831431536607,-211.93138577649782,-43.141674048339254,0.34343528111712374,0.3565719381020456,0.05301294696197454,3.557627010846208e-05,8.18686950786421,24.064901660431556,nan,0.05551700006490055,nan
280.27,175.27915954589844,-212.19876098632812,-43.13871765136719,175.05320760240826,-211.94013566532647,-43.143071440826816,0.3434534799836167,0.3566215106361565,0.05303230559290181,3.6285404928738485e-05,8.162083895952227,24.260520467971634,nan,nan,nan
280.28000000000003,175.28427124023438,-212.20738220214844,-43.13996505737305,175.0581395637143,-211.9488926916504,-43.14516894399718,0.34348135698942295,0.3566711703956343,0.05305172728366728,3.554714255808419e-05,8.35661394765564,24.431780183232227,nan,0.35927853586086994,nan
280.29,175.2894287109375,-212.21600341796875,-43.14118576049805,175.06311370966898,-211.95764138883715,-43.14652469239737,0.34350825621809195,0.35672091754753055,0.053071212516251354,3.6256091212049015e-05,8.336206974278376,24.548721686954536,nan,nan,nan
280.3,175.29458618164062,-212.22462463378906,-43.14238357543945,175.03880603295528,-211.9466318836621,-43.148478900038995,0.3778102785349116,0.3566539914801128,0.0530665186718943,3.5498586486704346e-05,9.382768114773489,24.270194150699012,16.8653792394325,0.19620900656842077,nan
280.31,175.29969787597656,-212.23324584960938,-43.1435546875,175.04375260605536,-211.95532698603245,-43.14979460398638,0.37787010001412374,0.35670352353524726,0.053086011429036746,3.620651385767132e-05,9.368805219877737,24.26855632924653,nan,nan,nan
280.32,175.30474853515625,-212.2418670654297,-43.14470291137695,175.04863803135072,-211.96403083448504,-43.1520421167323,0.37794103418429675,0.3567531427220653,0.0531055674956868,3.547323159622255e-05,9.76941601855032,24.879190782148672,nan,0.625931365069335,nan
280.33,175.30970764160156,-212.25048828125,-43.14583206176758,175.05344702214305,-211.97272480852024,-43.153322416155675,0.3779922714514377,0.35680284920842753,0.05312518729252939,3.6181063099313675e-05,9.759855478625,24.51634041912128,nan,nan,nan
280.34000000000003,175.3145751953125,-212.2591094970703,-43.146934509277344,175.0581687613748,-211.98141404513265,-43.15412364260211,0.3780353251079549,0.35685264311527504,0.05314487070138355,3.544966310329815e-05,9.625647982904338,24.469484399691854,nan,0.14386735606832685,nan
280.35,175.31935119628906,-212.26773071289062,-43.14801788330078,175.05532172996462,-211.98410030897662,-43.155108449760945,0.3875668216510769,0.35678565928666944,0.05314011564866084,3.613527543881056e-05,9.831963067892778,24.162766711762167,4.390811034013946,nan,nan
280.36,175.32403564453125,-212.27633666992188,-43.149078369140625,175.05985243875614,-211.99276084058664,-43.15459410211048,0.3876060377586701,0.3568352378645396,0.05315980582374221,3.540652742091183e-05,9.257399311449186,24.400898007697066,nan,2.0435533132821058,nan
280.37,175.32862854003906,-212.2849578857422,-43.15011978149414,175.06428525980937,-212.0014360340308,-43.15576367558371,0.3876775254524589,0.35688490364843345,0.053179559917897266,3.611340051042278e-05,9.239250035130208,23.515308943766577,nan,nan,nan
280.38,175.3331298828125,-212.2935791015625,-43.15113830566406,175.06862441119992,-212.01011621360394,-43.15756865085333,0.38775727291961354,0.35693465675876224,0.05319937786376585,3.5386330379961815e-05,9.485010337012223,23.778674534001873,nan,0.2965124703347765,nan
280.39,175.33753967285156,-212.3022003173828,-43.152137756347656,175.07287530178397,-212.01879056221642,-43.15870543066764,0.3878291543734843,0.35698449736425936,0.053219260006170825,3.609321622606561e-05,9.47112363494048,23.629060515905433,nan,nan,nan
280.40000000000003,175.34185791015625,-212.31080627441406,-43.153114318847656,175.06991160697424,-212.02213034006172,-43.159337408872354,0.39664507275146094,0.35691745557119653,0.053214439682801484,3.534648917904333e-05,9.595884290484271,24.23929658507342,1.2107847371702796,0.1615614698892905,nan
280.41,175.34609985351562,-212.31942749023438,-43.154075622558594,175.07397817992322,-212.03079001518128,-43.16043151649724,0.3967394543419117,0.35696708061376026,0.05323432778917432,3.605254383452751e-05,9.580428261495637,23.57362269850649,nan,nan,nan
280.42,175.35025024414062,-212.3280487060547,-43.15501403808594,175.07795735537428,-212.03945556335972,-43.16228687621221,0.3968404130852697,0.3570167928882807,0.05325427997956011,3.5329400684720687e-05,9.91712713581881,23.82377663723509,nan,0.4208147593646518,nan
280.43,175.35430908203125,-212.336669921875,-43.15593719482422,175.0818552462394,-212.04811534453137,-43.16335283085956,0.39692546958020136,0.3570665925637557,0.05327429655718922,3.6035535266734856e-05,9.90644693521441,23.4574256292936,nan,nan,nan
280.44,175.35830688476562,-212.34527587890625,-43.156837463378906,175.0856709640671,-212.05677587094848,-43.16449647254237,0.39701544084345874,0.35711647976012506,0.05329437751688705,3.53137806872889e-05,10.000193132335147,24.955914301586535,nan,0.0062669793948732675,nan
280.45,175.36221313476562,-212.35389709472656,-43.15772247314453,175.11626713911986,-212.08186667434038,-43.1655472725552,0.3668122269983536,0.357049379840579,0.05328948827205668,3.599795620904666e-05,9.42979719195615,23.636995521725726,10.799393438510734,nan,nan
280.46,175.3660430908203,-212.36251831054688,-43.158592224121094,175.11997081989236,-212.0905477272756,-43.16355897313264,0.3668027116588674,0.35709905123811336,0.05330957439704856,3.527836484529186e-05,8.388874948861654,22.537198444931683,nan,6.271675769834679,nan
280.47,175.3697967529297,-212.3711395263672,-43.15943908691406,175.12358856152267,-212.0992487441843,-43.16452883807821,0.3668364438259198,0.35714880994175985,0.053329725099523204,3.598386284193449e-05,8.370400562723393,22.70110314505635,nan,nan,nan
280.48,175.37347412109375,-212.37974548339844,-43.160274505615234,175.12713506187208,-212.10794071458923,-43.1639567909388,0.366843731949785,0.35719865607143875,0.05334994040789074,3.5265489277996105e-05,7.994746828221771,22.87714866709763,nan,1.618254193550617,nan
280.49,175.3770751953125,-212.38836669921875,-43.16109085083008,175.13060312199846,-212.11664228616564,-43.16487947637169,0.3668746287988183,0.35724858979624624,0.053370220575181426,3.59711447281429e-05,7.970585243090141,22.070098912810867,nan,nan,nan
280.5,175.380615234375,-212.39698791503906,-43.16189193725586,175.18489530199955,-212.14120005025305,-43.16591938018238,0.3221023812351707,0.35718143153292126,0.05336525843552002,3.523273652952368e-05,8.194775254966203,21.808972865746924,23.02072812449141,0.041596144094680335,nan
280.51,175.3840789794922,-212.40560913085938,-43.16267395019531,175.18830692518472,-212.14992176133407,-43.1668119700199,0.3220556650497003,0.357231149221097,0.05338554293501664,3.5937697534043436e-05,8.17204893973528,21.7777610782198,nan,nan,nan
280.52,175.38746643066406,-212.4142303466797,-43.16344451904297,175.19165366910678,-212.1586348580981,-43.16599747881724,0.32199100760044713,0.3572809542400021,0.05340589225776103,3.522236949024347e-05,7.842137336671037,21.17058351766791,nan,1.9964128625401623,nan
280.53000000000003,175.3907928466797,-212.4228515625,-43.1641960144043,175.19492708764085,-212.16735741020122,-43.166844087663634,0.3219435815709322,0.35733084675852966,0.05342630663016422,3.5927536458496396e-05,7.813742101811566,21.406748620710918,nan,nan,nan
280.54,175.39405822753906,-212.43145751953125,-43.16493606567383,175.1981324663485,-212.1760820781195,-43.168023613217954,0.321889814881093,0.357380826896839,0.05344678612050358,3.5213184942451886e-05,7.849479486539051,22.24100733477426,nan,0.08402676764233669,nan
280.55,175.39724731445312,-212.44007873535156,-43.1656608581543,175.22754933380665,-212.16227609274355,-43.16887346443925,0.32554881924932055,0.35731361011538665,0.053441747338651695,3.589656286670976e-05,10.682588442683905,20.683797562950403,95.70747172893977,nan,nan
280.56,175.400390625,-212.44869995117188,-43.16636657714844,175.23069627067989,-212.17090007384098,-43.170723703888264,0.32555787547931664,0.35736337397763696,0.053462230324707545,3.518397010316772e-05,10.895926267895252,21.39006968890349,nan,0.7573328763563763,nan
280.57,175.40345764160156,-212.4573211669922,-43.16706466674805,175.23378296073653,-212.1795198976842,-43.1715297998647,0.32555027256865715,0.35741322524339925,0.053482778549884785,3.5888728033076844e-05,10.873659515962537,20.937338739886393,nan,nan,nan
280.58,175.40658569335938,-212.46595764160156,-43.167850494384766,175.2368754012221,-212.18813290692268,-43.170661662385584,0.3255703750684937,0.35746316403323114,0.053503392103129065,3.517697187650598e-05,10.50401578339164,19.997457259217544,nan,2.0526689415739865,nan
280.59000000000003,175.40977478027344,-212.47457885742188,-43.168724060058594,175.24002659815702,-212.19675350616532,-43.17158193145539,0.3255910603219588,0.35751319051548675,0.05352407117991121,3.588198846753614e-05,10.466992208543214,20.69582711451588,nan,nan,nan
280.6,175.4130401611328,-212.4832000732422,-43.1696891784668,175.25667865782626,-212.20411867715674,-43.1729663915485,0.31991574747559715,0.3574459149873711,0.05351895184215728,3.514986421752359e-05,11.114530309680827,20.89541144802881,4.6241828667978275,0.10940193444626424,nan
280.61,175.41636657714844,-212.4918212890625,-43.17074203491211,175.25998306346452,-212.21272495291012,-43.17406999764176,0.31994006242066647,0.35749572495214044,0.0535396335510347,3.5854280704860234e-05,11.077808583045003,20.869726673893773,nan,nan,nan
280.62,175.41973876953125,-212.5004425048828,-43.17188262939453,175.26334820149674,-212.22133227345319,-43.17550737805,0.3199588565138835,0.3575456223448094,0.053560380792419066,3.514484558609551e-05,11.103358455978102,20.669777073190364,nan,0.04215271065003991,nan
280.63,175.42318725585938,-212.50906372070312,-43.17311096191406,175.2667746429804,-212.22993895521628,-43.17678922458607,0.3199829210942265,0.35759560733316426,0.05358119374620581,3.584955454019353e-05,11.06707910219682,20.831755441433128,nan,nan,nan
280.64,175.4266815185547,-212.5177001953125,-43.17441940307617,175.27025916280064,-212.2385477382101,-43.17875438591123,0.32002006149949397,0.35764568003855957,0.053602072524718124,3.5140758447883205e-05,11.18668098933745,20.298574597753923,nan,0.24947891861357335,nan
280.65000000000003,175.4302520751953,-212.5263214111328,-43.17581558227539,175.2992585170486,-212.26635144614406,-43.18035329217111,0.29114306755148534,0.35757834557765206,0.053596868827598246,3.58237814317403e-05,10.280199728857296,21.202073678058845,15.366684470432666,nan,nan
280.66,175.43386840820312,-212.53494262695312,-43.17729187011719,175.31465723568448,-212.27433792171686,-43.18099892510401,0.28660052041338724,0.35050056952331426,0.05359465619705518,3.511603348911224e-05,14.407087390586737,25.275318988593718,nan,0.5734570178632626,0.01940071782542203
280.67,175.4375457763672,-212.54356384277344,-43.17885208129883,175.3183558418944,-212.28298832911022,-43.18262068684278,0.28656594561849114,0.35054581214195507,0.053615033641264805,3.582047767530733e-05,14.356160799642206,25.239008697982555,nan,nan,nan
280.68,175.44126892089844,-212.5522003173828,-43.18049621582031,175.32211597284766,-212.29163858822213,-43.18423590507939,0.2865376502453961,0.3505911374115513,0.05363547015383713,3.51136601107786e-05,14.304515238447333,24.29013916308407,nan,0.0055693675469515634,nan
280.69,175.445068359375,-212.56082153320312,-43.18221664428711,175.3259281866631,-212.30028946328372,-43.18602099458256,0.28650621859129194,0.35063655233611685,0.05365596595703281,3.5818430577916226e-05,14.254093343669636,25.37122746167103,nan,nan,nan
280.7,175.44891357421875,-212.56944274902344,-43.184017181396484,175.32804927826123,-212.30526095599518,-43.18878362795696,0.29055621971960094,0.3505673048622078,0.0536508341145225,3.50909586139279e-05,14.860468171930476,25.393692871493457,1.5029524091820818,0.6070065141936376,nan
280.71,175.4528045654297,-212.57806396484375,-43.18589401245117,175.33197719454517,-212.3138987662335,-43.1907377569214,0.29052705136036067,0.35061252666924897,0.05367132870627021,3.579519089740376e-05,14.813980647699886,25.312997378866864,nan,nan,nan
280.72,175.45675659179688,-212.58670043945312,-43.18785095214844,175.33600123894323,-212.32253242591113,-43.19189571824922,0.2904874433677652,0.3506578312621118,0.05369188263330905,3.5090109344572694e-05,14.572077194195867,24.393918961811018,nan,0.5377186169973033,nan
280.73,175.4607696533203,-212.59532165527344,-43.189884185791016,175.34003754826145,-212.3311698554685,-43.193997820241705,0.29046400210789003,0.35070322521449826,0.05371249610074836,3.579469040864772e-05,14.523794853790122,25.141359121150806,nan,nan,nan
280.74,175.46482849121094,-212.60394287109375,-43.19195556640625,175.34414798022237,-212.33980509685088,-43.19571377464523,0.2904249879807263,0.35074870234651767,0.053733169196002566,3.508997641888253e-05,14.39936278822314,24.98836159722984,nan,0.13927938347687085,nan
280.75,175.4689483642578,-212.61256408691406,-43.194026947021484,175.32084008801786,-212.34298163375595,-43.19785810336649,0.3076124807293318,0.3506795006525916,0.05372796313002325,3.577292702216876e-05,13.778472349394178,24.97122454368524,11.921784650687542,nan,nan
280.76,175.4730987548828,-212.62120056152344,-43.19607925415039,175.32499074252527,-212.35161860271134,-43.199709232353825,0.30760948064587607,0.35072478461282985,0.05374863442759681,3.506938129698625e-05,13.6922027967357,23.760482168373873,nan,0.06998727735791907,nan
280.77,175.47732543945312,-212.62982177734375,-43.198097229003906,175.32917823422562,-212.3602565390991,-43.201847632956195,0.3076151452975189,0.3507701576401605,0.053769365512949106,3.577380399014732e-05,13.65512719830236,24.944195822791894,nan,nan,nan
280.78000000000003,175.48158264160156,-212.63844299316406,-43.2000846862793,175.33354305837506,-212.36888351394148,-43.2011492605237,0.30753725686320915,0.3508156139756024,0.053790156487216266,3.507053800186005e-05,13.240872479898096,24.012069991455387,nan,5.532000687853146,nan
280.79,175.48590087890625,-212.64706420898438,-43.202030181884766,175.33783137612275,-212.37752066503504,-43.20319262139707,0.30753804806062957,0.35086115956454567,0.05381100753537221,3.577532818242259e-05,13.192704235528282,24.32298869264104,nan,nan,nan
280.8,175.49026489257812,-212.6556854248047,-43.203941345214844,175.37336435711967,-212.40334660937455,-43.20708052765293,0.2781195200440583,0.3507919970208602,0.053805724076097836,3.5051169543635174e-05,12.739953915812338,24.503460913188654,12.374201473441623,2.086010988659417,nan
280.81,175.4946746826172,-212.664306640625,-43.205814361572266,175.37779085191795,-212.41202322215992,-43.20907146013785,0.27806359309054135,0.350837349164876,0.053826572713954524,3.575545820665502e-05,12.702186488203685,24.431075038442927,nan,nan,nan
280.82,175.4991455078125,-212.6729278564453,-43.20764923095703,175.382180922305,-212.42070572456436,-43.212972226243075,0.278073825363574,0.35088278473955337,0.05384748149683279,3.505346766800795e-05,13.160155264479474,25.10132041065371,nan,2.665737391176958,nan
280.83,175.50364685058594,-212.68154907226562,-43.20944595336914,175.38670350305787,-212.42938142753118,-43.21491058637725,0.278018218460407,0.35092830928212015,0.05386845059895826,3.5758137943182646e-05,13.134292347226197,24.845661072919402,nan,nan,nan
280.84000000000003,175.50820922851562,-212.69017028808594,-43.211212158203125,175.39121394564486,-212.43806085259217,-43.2182027245174,0.27802145905736875,0.35097391764292785,0.053889480137261886,3.505630231213952e-05,13.640117049776764,25.34055693270907,nan,1.3577508276408432,nan
280.85,175.5128173828125,-212.69879150390625,-43.21294021606445,175.39347362208562,-212.44487656742191,-43.2201081874371,0.280654784402257,0.35090479929648727,0.0538841161796851,3.573936387708344e-05,13.770556549501137,25.397445583283996,0.18572935633546708,nan,nan
280.86,175.5174560546875,-212.70741271972656,-43.21463394165039,175.39809809513704,-212.4535483830844,-43.22282808028885,0.2806431325274764,0.35095021413997823,0.05390514268210858,3.5038493147612765e-05,14.197429964409537,25.550355063940742,nan,0.5340110383565518,nan
280.87,175.52215576171875,-212.71603393554688,-43.21629333496094,175.402804680293,-212.46221737133428,-43.22465276893662,0.28060186927848085,0.35099571767135596,0.0539262297463833,3.574305926599815e-05,14.183958889403552,25.742250406774666,nan,nan,nan
280.88,175.52688598632812,-212.7246551513672,-43.217918395996094,175.4075553329098,-212.47088615696907,-43.22646571618021,0.2805558127100667,0.3510413051333803,0.053947377497650696,3.5042276597180165e-05,14.262292502771004,25.636288659026647,nan,0.00030376539516726133,nan
280.89,175.53167724609375,-212.7332763671875,-43.219512939453125,175.41235143384083,-212.47955463981134,-43.22822638250753,0.28051611094984347,0.3510869814770865,0.05396858609807845,3.5747232369921456e-05,14.249463895641878,25.76008574407755,nan,nan,nan
280.90000000000003,175.5364990234375,-212.7418975830078,-43.22107696533203,175.4388443931168,-212.50067806622906,-43.23031657048456,0.26040094546952897,0.351017901636175,0.053963138457813156,3.502536421768287e-05,14.037089760215853,25.864251235779637,6.323792992432706,0.15464807163845426,nan
280.91,175.54136657714844,-212.75051879882812,-43.22260665893555,175.44375465845735,-212.50937497044902,-43.2320183805407,0.26032098098205825,0.3510633841863026,0.053984343373891824,3.5729837181307646e-05,14.027704116369375,25.95015432445068,nan,nan,nan
280.92,175.54627990722656,-212.75912475585938,-43.2241096496582,175.44865487134243,-212.51807414099912,-43.23502897123873,0.2602984405248432,0.3511089507715308,0.05400560922312091,3.502997529083593e-05,14.899451235612002,27.452343830903693,nan,1.2633186386076898,nan
280.93,175.55123901367188,-212.7677459716797,-43.22557830810547,175.45365047029392,-212.52677003430898,-43.2366847184926,0.2602235165045778,0.3511546059684514,0.054026936161623386,3.5734846057364705e-05,14.896667864782547,26.80561091487956,nan,nan,nan
280.94,175.55624389648438,-212.7763671875,-43.227020263671875,175.4587770690902,-212.53546094747693,-43.23601374200426,0.26003169340842636,0.35120034557924107,0.05404832432343626,3.503497624032464e-05,13.702569447896977,25.51578874557554,nan,3.7212993738634528,nan
280.95,175.561279296875,-212.7849884033203,-43.22843551635742,175.43422517858914,-212.5341849364838,-43.23767473799167,0.28130142404015296,0.3511313082401517,0.054042789837160224,3.571823860690008e-05,13.637639906539043,25.209518563982744,8.629597109619516,nan,nan
280.96,175.5663604736328,-212.79359436035156,-43.229820251464844,175.43933486614327,-212.54286325137298,-43.23812099443896,0.2811947657792379,0.3511768539648297,0.05406417365122058,3.5019179463790086e-05,13.163509325147617,25.60193890852238,nan,0.8600516689448682,nan
280.97,175.57147216796875,-212.80221557617188,-43.231178283691406,175.444443190008,-212.55154283360596,-43.23963359973698,0.2811488528817042,0.3512224880384931,0.054085618791629146,3.572397024665772e-05,13.147747839657322,24.60835575882981,nan,nan,nan
280.98,175.57662963867188,-212.81082153320312,-43.232505798339844,175.44962184265034,-212.56022068111537,-43.24030116381498,0.2810561065699296,0.3512682066179437,0.05410712539665446,3.502485397173345e-05,12.830402460817025,25.198201493476954,nan,0.47266295204262304,nan
280.99,175.5818328857422,-212.81944274902344,-43.23381042480469,175.45480966391023,-212.56889896008465,-43.241753531629556,0.2810163376147471,0.3513140137496976,0.054128693616197585,3.573004316042382e-05,12.811827542580946,24.367020154650984,nan,nan,nan
281.0,175.58706665039062,-212.8280487060547,-43.23508834838867,175.4614653185418,-212.5767999147724,-43.24180571323653,0.28097468333197695,0.35124501408143255,0.05412306908083201,3.500969004437771e-05,12.447813481396949,24.39947562745956,0.40856650235473,1.2186012325731208,nan
281.01,175.59234619140625,-212.836669921875,-43.2363395690918,175.4667364444145,-212.58547315059957,-43.24319356532998,0.2809352304410528,0.3512906270502604,0.05414463226902423,3.5714402678445585e-05,12.425546010564384,23.736416256626878,nan,nan,nan
281.02,175.59765625,-212.84527587890625,-43.23756790161133,175.4719331567113,-212.59414886928,-43.24773701485473,0.281023988324959,0.3513363246076679,0.054166257158759425,3.5015941377700655e-05,14.013598816987633,25.84685993317574,nan,7.133070992489038,nan
281.03000000000003,175.60301208496094,-212.8538818359375,-43.23876953125,175.47728047275766,-212.60282097984418,-43.24910867822189,0.2809748916356271,0.35138211046658857,0.054187943897221605,3.572105651843587e-05,14.002971207840464,25.9879162343468,nan,nan,nan
281.04,175.6083984375,-212.8625030517578,-43.23994827270508,175.48270934314476,-212.61149142852076,-43.24918476218162,0.2808734522481393,0.35142798128252456,0.05420969262668896,3.502246609064032e-05,13.398561672020474,24.450478713239086,nan,1.1417986131689408,nan
281.05,175.61376953125,-212.87110900878906,-43.24110412597656,175.4903973844342,-212.61984194164074,-43.25063840248721,0.28008343055567925,0.3513590223289166,0.05420397483797507,3.570596049596629e-05,13.61014571510032,25.23500376176322,1.1421086138236682,nan,nan
281.06,175.61907958984375,-212.8797149658203,-43.24223327636719,175.4957604897266,-212.62850934302256,-43.25193218021215,0.2800105964328984,0.35140470049495626,0.05422571783685781,3.642491825845698e-05,13.599892229158343,25.309967536613968,nan,nan,nan
281.07,175.6243133544922,-212.88832092285156,-43.243343353271484,175.50105156772315,-212.63717609255605,-43.25320408604226,0.2799364712080854,0.351450465094157,0.05424752291494081,3.715834462424849e-05,13.587577811278434,25.22192762476098,nan,nan,nan
281.08,175.6294403076172,-212.8969268798828,-43.24443054199219,175.50627405694485,-212.64584177902876,-43.25387770198385,0.27982655700894676,0.3514963145933548,0.054269390216431505,3.637436130382948e-05,13.378936991001757,24.781614632998505,nan,0.21734533092012268,nan
281.09000000000003,175.63449096679688,-212.90553283691406,-43.24549865722656,175.51138292564463,-212.65450712914057,-43.25510182325625,0.2797529562977325,0.351542252491407,0.05429131988638836,3.7106476093362345e-05,13.364611421169156,24.963969416691484,nan,nan,nan
281.1,175.63941955566406,-212.91415405273438,-43.24654006958008,175.50554870372,-212.66112946878516,-43.25541009158243,0.28639399849372665,0.3514733300707913,0.05428550562169781,3.630267712716983e-05,12.816554852040753,23.602395100009876,1.736215933467226,0.5238884899225256,nan
281.11,175.64427185058594,-212.92276000976562,-43.24756622314453,175.51044106519674,-212.66979458301185,-43.25658472295993,0.2863276437746244,0.3515190734163823,0.05430742884266418,3.703263053027407e-05,12.800092924518935,24.461534898690708,nan,nan,nan
281.12,175.64901733398438,-212.93136596679688,-43.24856948852539,175.51525687252177,-212.6784590237996,-43.257110588573106,0.2862284633940825,0.3515649017414131,0.05432941451534028,3.625534559606002e-05,12.571132180096997,24.07187268896054,nan,0.26020729689231714,nan
281.13,175.65367126464844,-212.93997192382812,-43.24955368041992,175.51995800626858,-212.6871230321244,-43.25824027300716,0.2861594911813027,0.351610818215423,0.05435146278425228,3.6984136640587907e-05,12.554519129717747,24.040999850530998,nan,nan,nan
281.14,175.65823364257812,-212.94857788085938,-43.25051498413086,175.52456315696986,-212.69578677622195,-43.25944097610205,0.28609581373943216,0.3516568200351138,0.05437357379388617,3.6209595602369337e-05,12.670004012473525,24.229076922539917,nan,0.005341831428316548,nan
281.15000000000003,175.66270446777344,-212.95718383789062,-43.251461029052734,175.52247998144523,-212.6977035201487,-43.26053872268499,0.29508532051448716,0.3515879365818355,0.05436765982228534,3.691387159928712e-05,13.127362598421177,24.02227989032172,2.260219394306788,nan,nan
281.16,175.66709899902344,-212.96578979492188,-43.252384185791016,175.52685320611334,-212.70634729453923,-43.26331284224786,0.29512493789195876,0.351633743722415,0.05438976364829373,3.614297896527145e-05,14.154929375630529,25.36589563968979,nan,1.909241486771318,nan
281.17,175.67138671875,-212.97439575195312,-43.253292083740234,175.53118906969428,-212.7149914044416,-43.26438708073364,0.29507472827558856,0.3516796387735102,0.05441193029488245,3.686873034057353e-05,14.145477415291786,24.927312924226296,nan,nan,nan
281.18,175.67559814453125,-212.98300170898438,-43.254180908203125,175.53544549511633,-212.72363566205965,-43.26520138310088,0.2950168847750092,0.3517256192313413,0.05443415990628787,3.610043844585253e-05,14.126869951361664,25.078823571557628,nan,0.03901741161259204,nan
281.19,175.67971801757812,-212.99160766601562,-43.25505447387695,175.5396098435352,-212.73227998982867,-43.26623886023404,0.2949681924688712,0.35177168781725215,0.05445645262739837,3.682522616446873e-05,14.11586636428626,24.874433425695408,nan,nan,nan
281.2,175.6837615966797,-213.00021362304688,-43.25590896606445,175.54952422157913,-212.74446269181286,-43.26809413709964,0.2890963335881507,0.3517028397359157,0.05445043570851545,3.603719056209213e-05,14.679300366184751,25.676815499061316,1.5600140603404673,0.6635781471282375,nan
281.21,175.68772888183594,-213.00881958007812,-43.256744384765625,175.55353097396642,-212.75311591697078,-43.26910557101999,0.28904366578197754,0.35174871336041585,0.05447272049473651,3.676016946592064e-05,14.671936343928364,25.787149635337848,nan,nan,nan
281.22,175.69161987304688,-213.01742553710938,-43.257564544677734,175.55753262259088,-212.7617711117772,-43.26740650969616,0.28885193473854326,0.35179467244077994,0.05449506846589513,3.599781291210445e-05,13.162267432986107,24.28593661821863,nan,4.841740635263633,nan
281.23,175.69541931152344,-213.02603149414062,-43.25836944580078,175.56138125120776,-212.77042490741013,-43.26836002737899,0.2887918636552503,0.3518407194272285,0.054517479767728076,3.6719957213014844e-05,13.146406753570734,24.02875726411482,nan,nan,nan
281.24,175.69915771484375,-213.03463745117188,-43.259159088134766,175.5651812630798,-212.77907981710018,-43.26826286599222,0.2886906176702924,0.35188685222186267,0.054539954543234084,3.5959976000698344e-05,12.689304466571453,23.789436513629788,nan,0.7164973199092491,nan
281.25,175.7028045654297,-213.04324340820312,-43.25992965698242,175.60237101132353,-212.79585937657515,-43.26926427909112,0.26715705692498076,0.3518180411393109,0.05453383143098882,3.665832716018137e-05,13.184528353147417,23.79004518122414,13.516225509687272,nan,nan
281.26,175.70639038085938,-213.05184936523438,-43.260684967041016,175.6060804529948,-212.80451984897724,-43.26936132719104,0.26703791952761874,0.3518639788223752,0.0545562975034742,3.590159081262689e-05,12.861280871242224,23.62237684131571,nan,0.4326216704499542,nan
281.27,175.70989990234375,-213.06045532226562,-43.26142883300781,175.60969667445002,-212.8131799802876,-43.27023952582405,0.2669520742353838,0.3519100041997428,0.05457882712405695,3.662133389606894e-05,12.841375100741036,23.472815814054048,nan,nan,nan
281.28000000000003,175.71334838867188,-213.06907653808594,-43.26215362548828,175.61325304290628,-212.82184102583514,-43.27067739898036,0.26686538081285854,0.3519561154178468,0.054601420434453554,3.586682629317093e-05,12.705748911217366,22.85310872748708,nan,0.12216850917914146,nan
281.29,175.7167205810547,-213.0776824951172,-43.26286697387695,175.61672918601226,-212.83050210475378,-43.27152395044005,0.26677962385825527,0.3520023145611244,0.054624077582285324,3.6585903700266606e-05,12.685747773393135,23.39799236821451,nan,nan,nan
281.3,175.72015380859375,-213.08628845214844,-43.263671875,175.65535859703388,-212.85362618739487,-43.2722541227233,0.24166878958056026,0.35193353750470185,0.05461784502233534,3.581161290440735e-05,12.54145959540173,23.69735723197114,10.749966772732533,0.013271716271572706,nan
281.31,175.72364807128906,-213.09490966796875,-43.264564514160156,175.6589469461995,-212.8623143690563,-43.27322933573757,0.24158205189334353,0.3519795412587219,0.05464049268354192,3.652918047896359e-05,12.496516910365912,23.010571851305592,nan,nan,nan
281.32,175.72720336914062,-213.103515625,-43.26554489135742,175.66260273003073,-212.87100365660584,-43.27396104290121,0.24146612521582378,0.352025630875385,0.05466320424687162,3.5779833515793154e-05,12.37583502188803,23.721421500362453,nan,0.075338427581175,nan
281.33,175.73080444335938,-213.11212158203125,-43.26661682128906,175.66630917217853,-212.87969316239818,-43.275112895238884,0.24136029816516336,0.3520718082200343,0.054685979861529795,3.6496844586629384e-05,12.329558304609792,23.47729315287096,nan,nan,nan
281.34000000000003,175.73448181152344,-213.12074279785156,-43.26777267456055,175.67007623612736,-212.88838347276666,-43.27624473434221,0.2412689575825171,0.35211807176726506,0.054708819666906175,3.5749501032801076e-05,12.31603292183799,23.026151336316413,nan,0.007921394932818225,nan
281.35,175.7382049560547,-213.1293487548828,-43.26901626586914,175.66885780826067,-212.8994659977861,-43.27758074579607,0.24026747435715543,0.35204932969888897,0.05470247440770058,3.644329545174989e-05,11.882316792817132,23.55476329132997,2.234579373670544,nan,nan
281.36,175.7419891357422,-213.13796997070312,-43.27033996582031,175.67267667519465,-212.90816608193342,-43.280880752014596,0.24026059322000376,0.3520953976851656,0.054725303926199904,3.569880033650168e-05,12.938963431084431,24.044140421599526,nan,2.415510195738739,nan
281.37,175.74581909179688,-213.14657592773438,-43.271751403808594,175.6765943543346,-212.9168693568898,-43.282397578083156,0.2401468592186356,0.3521415532111542,0.054748197706297214,3.641394685955225e-05,12.895158434202337,24.55723723898399,nan,nan,nan
281.38,175.7497100830078,-213.1551971435547,-43.27324676513672,175.68055865841689,-212.9255723649941,-43.28438776665641,0.2400699489040862,0.3521877949470089,0.05477115588561367,3.5671312292949284e-05,13.2195874960749,24.181548729796155,nan,0.10283620576149163,nan
281.39,175.753662109375,-213.16380310058594,-43.27482223510742,175.68458607228453,-212.93427632088364,-43.286075909871,0.23995976057729995,0.35223412446517666,0.05479417861596107,3.638604250984069e-05,13.176434300565495,25.01700948309609,nan,nan,nan
281.40000000000003,175.75765991210938,-213.17242431640625,-43.2764778137207,175.68893320212618,-212.93367995300153,-43.286460134393984,0.24864005801291064,0.35216541490982195,0.05478771739430225,3.5623509940638084e-05,13.387143358608174,23.447390489685766,8.674902426077207,1.2619230033996405,nan
281.41,175.76171875,-213.1810302734375,-43.27821350097656,175.69308614751222,-212.94235182276913,-43.28829812996026,0.2485548967118533,0.3522115485926334,0.054810729022919974,3.633697826659218e-05,13.345004614140027,24.222099189947066,nan,nan,nan
281.42,175.7658233642578,-213.1896514892578,-43.280029296875,175.69729611417858,-212.95102407795812,-43.29000347594487,0.24847235193302636,0.3522577684832828,0.054833805255536064,3.5598753054580405e-05,13.29901793599571,23.34965755899819,nan,0.031030872091892637,nan
281.43,175.7699737548828,-213.19825744628906,-43.28192138671875,175.70155381960802,-212.95969581209408,-43.291999647485255,0.24838380018202372,0.35230407598060137,0.05485694624582343,3.631189551432638e-05,13.258721797416289,24.001092945507512,nan,nan,nan
281.44,175.77418518066406,-213.20687866210938,-43.28389358520508,175.705910600831,-212.96837172154852,-43.29169810718486,0.24820936628260415,0.3523504700149222,0.05488015212866009,3.55753147098451e-05,12.132125825374544,22.166117796354673,nan,3.8566478847880123,nan
281.45,175.7784423828125,-213.21548461914062,-43.28594207763672,175.69971687061206,-212.96680794793525,-43.29402027782953,0.2609656115110984,0.35228179339569154,0.05487357169565899,3.626569159931597e-05,12.825131184875419,22.82843310982349,5.948713584959706,nan,nan
281.46,175.7827606201172,-213.22409057617188,-43.28802490234375,175.7041497379048,-212.97545369418418,-43.294739679304435,0.2608544768954591,0.3523279914034353,0.054896765645742085,3.553158407344449e-05,12.251950476379934,22.475658063084214,nan,1.4833605639192924,nan
281.47,175.787109375,-213.2327117919922,-43.29011154174805,175.70860367866035,-212.984096416489,-43.29693572939465,0.2608051357458325,0.35237427684979883,0.05492002455646974,3.6243303087648e-05,12.227608542604003,21.41169853742477,nan,nan,nan
281.48,175.79151916503906,-213.24131774902344,-43.292171478271484,175.71308939542968,-212.99273707006856,-43.30004868712693,0.26077889701815016,0.35242064881849033,0.05494334856084636,3.55107058444965e-05,12.647975401427532,22.762771323346282,nan,0.58974279085565,nan
281.49,175.7959747314453,-213.24993896484375,-43.29420471191406,175.71764106267537,-213.0013794031124,-43.30221807122165,0.2607340279258443,0.3524671084785237,0.05496673781531379,3.622221256013585e-05,12.633060092866275,21.90266801927135,nan,nan,nan
281.5,175.80047607421875,-213.258544921875,-43.296199798583984,175.70770449281608,-213.0012475296158,-43.30422748896971,0.27362923490056484,0.3523984627089869,0.05496003490497893,3.546955591632391e-05,12.995265629128651,22.52481665251851,2.887055034613922,0.03133503651513163,nan
281.51,175.80503845214844,-213.26715087890625,-43.29815673828125,175.71233312278432,-213.00986895971099,-43.3063286174703,0.2735964978701107,0.35244472606997196,0.054983411381744916,3.618000182318708e-05,12.982344300322117,22.67774367658354,nan,nan,nan
281.52,175.80963134765625,-213.27577209472656,-43.300079345703125,175.7170425396623,-213.01849443750942,-43.306453857246154,0.2735052369997653,0.3524910759306101,0.05500685314962265,3.545111030509139e-05,12.243276518914474,20.981762238427752,nan,2.587239671418781,nan
281.53000000000003,175.81427001953125,-213.2843780517578,-43.30195999145508,175.72176429273208,-213.02711530724707,-43.30846251142484,0.2734661075340033,0.352537513325225,0.05503036036687929,3.616141731014817e-05,12.225518407658676,21.705658330075945,nan,nan,nan
281.54,175.81895446777344,-213.29298400878906,-43.30380630493164,175.72654456784383,-213.03573727941497,-43.30967107260514,0.2734042151806178,0.3525840375394778,0.05505393316381949,3.543383532609967e-05,11.986301600992626,21.37349372788324,nan,0.4017210648386772,nan
281.55,175.8236846923828,-213.30160522460938,-43.30561828613281,175.73457771380717,-213.04679712365308,-43.31165472959143,0.27000677879168755,0.3525154226135843,0.055047104536903084,3.612172191666188e-05,11.891202750502256,20.6597855665376,0.33684008611375854,nan,nan
281.56,175.82847595214844,-213.31021118164062,-43.30738830566406,175.73946109493687,-213.05542575578295,-43.31212658174537,0.2699290819717202,0.35256175032001924,0.055070663695673684,3.5396268661853565e-05,11.475814213609414,21.225083948324496,nan,1.3968518712146956,nan
281.57,175.8332977294922,-213.31881713867188,-43.30912780761719,175.74436542567543,-213.06405067799514,-43.31397223083127,0.26988585102628826,0.3526081654093823,0.05509428849942815,3.610550660645703e-05,11.451319336627066,20.90460881172829,nan,nan,nan
281.58,175.83815002441406,-213.32742309570312,-43.310829162597656,175.74933418093462,-213.07267822232504,-43.31445958979691,0.26980805133841085,0.3526546672849735,0.0551179790767452,3.538124075006675e-05,11.134295714636867,20.497522181235574,nan,1.2110530733561073,nan
281.59000000000003,175.8430633544922,-213.33604431152344,-43.3125,175.75432534115362,-213.08130222532003,-43.3162246339651,0.2697810934678605,0.3527012568047674,0.05514173558845172,3.609042946019255e-05,11.107648754384384,19.910072002759545,nan,nan,nan
281.6,175.84800720214844,-213.3446502685547,-43.31413650512695,175.7770587124348,-213.09527489875765,-43.31700426727258,0.25928746077235865,0.35263267093177597,0.055134777982796396,3.5345918560575945e-05,11.066673757403535,20.465219555353176,3.11876294624742,0.6940436733733268,nan
281.61,175.85299682617188,-213.35325622558594,-43.315738677978516,175.78216639124597,-213.1039046165683,-43.31869566438138,0.259233329647389,0.35267906367190505,0.05515851998248958,3.6054205805074626e-05,11.03722847794737,20.494820142011953,nan,nan,nan
281.62,175.8580322265625,-213.3618621826172,-43.31731033325195,175.7873224456225,-213.11253508561776,-43.31988044508087,0.2591726835404466,0.35272554315809745,0.05518232794605341,3.5333005273626176e-05,10.942388934901018,20.392178541930964,nan,0.1564270588123087,nan
281.63,175.8631134033203,-213.37046813964844,-43.318851470947266,175.7925125979698,-213.12116399997652,-43.32150510749219,0.2591217273032339,0.35277211014627374,0.05520620203590457,3.604130162538488e-05,10.911550370865594,20.382466324445282,nan,nan,nan
281.64,175.86822509765625,-213.3790740966797,-43.32036209106445,175.7977270468243,-213.12978960370592,-43.32426091209926,0.2590905911332117,0.35281876419283836,0.055230142378259926,3.532110699019171e-05,11.107787751516005,20.45971290915709,nan,0.9345550025071567,nan
281.65000000000003,175.87338256835938,-213.38768005371094,-43.32183837890625,175.76510481464004,-213.11448840218947,-43.32587990238344,0.2938946823669171,0.35275020703107807,0.0552230525703857,3.6007240430224574e-05,12.075672118270514,20.42341287809405,18.560765947860823,nan,nan
281.66,175.87857055664062,-213.3962860107422,-43.32328796386719,175.76470267324638,-213.12599613504517,-43.32955434478424,0.293362879899269,0.3511549297159703,0.05480002800585094,3.528818568518509e-05,16.592703204745977,24.764874262649958,nan,3.147214091615541,0.019358411189951866
281.67,175.88380432128906,-213.40489196777344,-43.324710845947266,175.7700022803871,-213.1345759239287,-43.331096508753525,0.29336401408964985,0.35119944315724594,0.05482148493089671,3.599567573443721e-05,16.56084716941099,24.75955043259071,nan,nan,nan
281.68,175.88906860351562,-213.4134979248047,-43.32610321044922,175.77532541785993,-213.1431597852385,-43.33297070315989,0.2933724329982945,0.35124404000858966,0.05484300090443681,3.5278238329271435e-05,16.713594904416418,24.844341832394466,nan,0.0899326168387841,nan
281.69,175.89437866210938,-213.42208862304688,-43.32746887207031,175.78070208333324,-213.15173844510178,-43.33446134180319,0.2933606618313954,0.3512887255790412,0.054864576541059445,3.598580710499049e-05,16.68188120593163,25.505284115698206,nan,nan,nan
281.7,175.8997344970703,-213.43069458007812,-43.32880401611328,175.77850837408025,-213.16003076236882,-43.33745880002091,0.2966977930431344,0.3512159586152463,0.05485870682007915,3.5247930743769074e-05,17.085065423523623,25.67571716605304,2.3016420165486218,1.4290193436637688,nan
281.71,175.9051055908203,-213.43930053710938,-43.330116271972656,175.78394002356077,-213.1686131494554,-43.33891309012228,0.29669873699396,0.3512604536447882,0.054880275732195845,3.595472199914289e-05,17.061438119848606,25.27335242933466,nan,nan,nan
281.72,175.91053771972656,-213.44790649414062,-43.33140182495117,175.7895186457031,-213.17716152391645,-43.33761291478101,0.29662608249453637,0.35130503224909365,0.05490190396871697,3.5239779090907395e-05,15.952075741790267,24.469566540749245,nan,5.186632634435447,nan
281.73,175.91598510742188,-213.4564971923828,-43.33266067504883,175.7950234820998,-213.18574280721248,-43.338989938672775,0.29661374119812306,0.3513496992493978,0.054923592105041545,3.594669440824191e-05,15.919207297451079,24.838394038490506,nan,nan,nan
281.74,175.92147827148438,-213.46510314941406,-43.333892822265625,175.80047473719412,-213.194351022931,-43.3426173005355,0.296689544519049,0.35139445023013455,0.05494533986310777,3.523248770700135e-05,16.914334979491912,25.3391886135969,nan,3.6046363651329307,nan
281.75,175.927001953125,-213.4737091064453,-43.33510208129883,175.786656055981,-213.19377525581012,-43.34407142966806,0.31327365159994475,0.3513217794792286,0.05493938298692642,3.591742758247214e-05,17.21350086713948,25.247720397204183,3.8029680945799647,nan,nan
281.76,175.9325714111328,-213.4822998046875,-43.33628845214844,175.79224815006975,-213.20233375735378,-43.345186162636665,0.313290240044225,0.35136633990761384,0.05496112342675165,3.520477031306746e-05,17.169992821162122,25.935192561205753,nan,0.032393749680369954,nan
281.77,175.93817138671875,-213.49090576171875,-43.33744812011719,175.79786685429195,-213.2108940381703,-43.3464913306652,0.31332683702660075,0.3514109884242624,0.05498292400024117,3.591110826852921e-05,17.148401889212593,25.261985230748103,nan,nan,nan
281.78000000000003,175.94378662109375,-213.49949645996094,-43.33858871459961,175.80356655533387,-213.21943683840502,-43.34632089621945,0.3132967364980876,0.35145572106147155,0.055004784466280016,3.519909358557585e-05,16.51836748739511,25.095396589429754,nan,1.4738653598556088,nan
281.79,175.94935607910156,-213.50808715820312,-43.33970260620117,175.80919813531526,-213.2279955544946,-43.347567127331004,0.3133008240764995,0.3515005419673065,0.05502670534707372,3.590560660165871e-05,16.492957660279313,25.143346711436394,nan,nan,nan
281.8,175.95484924316406,-213.51669311523438,-43.340797424316406,175.80167781323553,-213.23545497493012,-43.3473679515361,0.3203116456454426,0.35142796233948015,0.05502065789404725,3.517296475386482e-05,15.483498494082173,23.83108201555968,4.670056260033106,1.320991235777089,nan
281.81,175.96023559570312,-213.52528381347656,-43.34186935424805,175.80712932070736,-213.24401855761704,-43.34855710582077,0.32030673052232295,0.35147259245249546,0.05504257082393022,3.587879265301682e-05,15.454798240722377,24.233593041068254,nan,nan,nan
281.82,175.96554565429688,-213.53387451171875,-43.342918395996094,175.8125216043287,-213.252570210366,-43.34868618159945,0.3202838384604876,0.3515173068100807,0.05506454391240254,3.516877943969032e-05,15.10551361153582,24.266487188566355,nan,0.7553307339164068,nan
281.83,175.97073364257812,-213.54248046875,-43.34394836425781,175.8177768135752,-213.2611329586962,-43.349823985487504,0.3202916419092686,0.3515621091513362,0.0550865776470466,3.587481688287667e-05,15.076376137226811,23.23652390641416,nan,nan,nan
281.84000000000003,175.975830078125,-213.5510711669922,-43.3449592590332,175.8229454180609,-213.26969082099149,-43.35051523142043,0.3202803260076381,0.35160699612336355,0.05510867183669805,3.5165307859708923e-05,14.944112978260348,23.857273426927126,nan,0.12738402983700245,nan
281.85,175.9808349609375,-213.55966186523438,-43.345947265625,175.83057021373807,-213.27730791857317,-43.35172394496089,0.3199009463415445,0.35153451063199165,0.055102531132987624,3.584949988502e-05,15.218380181201777,24.126966311875233,1.2568962746418868,nan,nan
281.86,175.98573303222656,-213.56825256347656,-43.34691619873047,175.83558217103283,-213.28584909357087,-43.351334934527145,0.31986954553072805,0.3515792067679022,0.05512461674037183,3.514130961236634e-05,14.795906791011163,23.56535601704276,nan,1.5081044329699875,nan
281.87,175.9905242919922,-213.5768585205078,-43.34786605834961,175.84044678966026,-213.2944051893649,-43.35238033373461,0.31988047715070594,0.35162399061695,0.05514676322254926,3.5846926806360196e-05,14.764017720669885,22.76197198676124,nan,nan,nan
281.88,175.99522399902344,-213.58544921875,-43.34879684448242,175.8451838062039,-213.30297099142646,-43.35436727904776,0.3199016069269129,0.35166885919771323,0.055168970420591636,3.5139161705402497e-05,15.031789685795417,23.73722102061165,nan,0.6450596965449805,nan
281.89,175.99984741210938,-213.5940399169922,-43.349708557128906,175.84985760372595,-213.31152712552793,-43.35538636915905,0.31991038981138503,0.3517138156908801,0.05519123877546426,3.5845024756536244e-05,15.000533784171433,24.000210380456068,nan,nan,nan
281.90000000000003,176.00436401367188,-213.60263061523438,-43.35060119628906,175.83781445938874,-213.31642286755414,-43.35672582743987,0.3311965277155529,0.35164142017754435,0.05518500145053124,3.511645754008865e-05,14.832475429144258,23.9321135190476,4.137075482721939,0.05508872856353879,nan
281.91,176.0087890625,-213.61122131347656,-43.351478576660156,175.84226974481066,-213.32497841149987,-43.35771439107636,0.3312137791173448,0.35168618560044584,0.05520726055622526,3.58217026534382e-05,14.802850960230373,23.82374889764774,nan,nan,nan
281.92,176.01312255859375,-213.6198272705078,-43.35233688354492,175.8466764990214,-213.33352109203747,-43.35736443541641,0.3312111031581956,0.35173103584109405,0.055229580633862435,3.5115520666848495e-05,14.3922691309374,22.772458878686763,nan,1.2256409353774325,nan
281.93,176.0173797607422,-213.62841796875,-43.353179931640625,175.8509550428834,-213.34207671434376,-43.35830704746228,0.33123222670199154,0.3517759737446481,0.05525196209457676,3.58210372540917e-05,14.359181187807048,23.538001626369443,nan,nan,nan
281.94,176.02154541015625,-213.6370086669922,-43.35400390625,175.8551395223597,-213.3506351689954,-43.3595094945041,0.33125671517765437,0.3518209968341866,0.05527440482265938,3.5115163355767015e-05,14.441757823854902,23.573315396389926,nan,0.05335368252092529,nan
281.95,176.025634765625,-213.64559936523438,-43.35481262207031,175.87596992363444,-213.36259244912497,-43.36057034394339,0.3201962380400168,0.35174869329033465,0.05526806809398943,3.579892112332219e-05,14.836966669548904,23.747493243951574,5.2580711850913895,nan,nan
281.96,176.02964782714844,-213.65420532226562,-43.35560607910156,175.87999469698678,-213.37116034884193,-43.36274759326032,0.3202522717672476,0.35179352523635826,0.0552905009050065,3.509417282323999e-05,15.319198816843874,23.67155341098314,nan,1.1431701063091249,nan
281.97,176.0335693359375,-213.6627960205078,-43.35638427734375,175.88397579381848,-213.37971701577942,-43.363646712079834,0.320257230550738,0.3518384446088798,0.0553129953225693,3.5799381465446545e-05,15.292900058040912,24.127680770669997,nan,nan,nan
281.98,176.03741455078125,-213.67138671875,-43.35714340209961,175.88789721741304,-213.38826777731646,-43.36383726462804,0.32024455619344944,0.3518834492324051,0.05533555125839543,3.509487617115074e-05,15.050001320025807,24.013569781774926,nan,0.33824828882197294,nan
281.99,176.0411834716797,-213.67999267578125,-43.35789108276367,175.89172169878074,-213.39682512975685,-43.36470065908926,0.3202640332745958,0.3519285414989283,0.05535816908379983,3.5800380746126037e-05,15.023974904611908,23.30309202101909,nan,nan,nan
282.0,176.0448760986328,-213.68858337402344,-43.358619689941406,175.88277577698287,-213.39969153062742,-43.36566956054463,0.33133776140863536,0.3518563265201355,0.05535172962761329,3.50749168241889e-05,15.240390497217245,24.166893064321524,1.4010057066066044,0.006846559057674317,nan
282.01,176.0485076904297,-213.6971893310547,-43.359336853027344,175.8864309131112,-213.40823948591668,-43.36650640441153,0.33137938562661223,0.3519012274140611,0.05537433683588475,3.57798503715961e-05,15.215105144888277,23.66220004557398,nan,nan,nan
282.02,176.05218505859375,-213.70578002929688,-43.360145568847656,175.89011434538116,-213.41677648696992,-43.36600353862955,0.33139746433660044,0.351946213610593,0.055397005808572826,3.507658078867523e-05,14.707495784150678,23.63835707701769,nan,1.3364552260347475,nan
282.03000000000003,176.055908203125,-213.71438598632812,-43.36104202270508,175.89381865313467,-213.42532574207266,-43.366956938630075,0.33145713637738516,0.3519912872325487,0.055419736891935696,3.5781828831783366e-05,14.660092773201322,22.86465215388003,nan,nan,nan
282.04,176.05970764160156,-213.7229766845703,-43.36202621459961,175.89758896721065,-213.43387247605486,-43.367632717187675,0.3315043602109678,0.35203644650925336,0.05544253003413214,3.5078705177985e-05,14.528905911204198,23.74901137145529,nan,0.09503778896471932,nan
282.05,176.0635528564453,-213.73158264160156,-43.363101959228516,175.92464544855153,-213.4517541616622,-43.36870529532299,0.3124590269592716,0.3519643212459538,0.05543598497786374,3.5762248396340064e-05,14.421751094311604,22.8209919928283,4.7907287816559725,nan,nan
282.06,176.0674591064453,-213.74017333984375,-43.364261627197266,175.92854714673234,-213.46032352122484,-43.37023678484145,0.31248704939758654,0.3520092890490999,0.05545876679969044,3.506009205023856e-05,14.513010255007222,23.761086179618278,nan,0.06992280279059106,nan
282.07,176.0714111328125,-213.748779296875,-43.365509033203125,175.9325111357514,-213.46889092072564,-43.371543459647405,0.3125174020588398,0.3520543440716215,0.05548161095048861,3.576510884955999e-05,14.465986155836317,22.936515640363357,nan,nan,nan
282.08,176.07542419433594,-213.75738525390625,-43.36683654785156,175.93653483112266,-213.47745686385878,-43.37269032886955,0.31254507758172667,0.3520994847818643,0.055504517401155404,3.5063046194238985e-05,14.3780441669089,23.09693144919523,nan,0.042561936941561546,nan
282.09000000000003,176.07948303222656,-213.76597595214844,-43.36825180053711,175.94060592116205,-213.48602493125958,-43.3741659052906,0.3125610383739084,0.35214471294325383,0.05552748646481699,3.576839264039825e-05,14.330181955310815,23.524211934099757,nan,nan,nan
282.1,176.08360290527344,-213.7745819091797,-43.3697509765625,175.97554851719045,-213.5115930405395,-43.37413344925239,0.2843555905543414,0.3520726745850506,0.05552083252694172,3.504523594910462e-05,13.256919095759708,22.561226731584803,9.904062485128014,1.8420815474313605,nan
282.11,176.0877685546875,-213.78318786621094,-43.3713264465332,175.97976310306828,-213.52019960917062,-43.375760802486404,0.28433723715562964,0.3521177110473014,0.055543789538074706,3.575004243280974e-05,13.21203762609588,22.6178379766364,nan,nan,nan
282.12,176.09197998046875,-213.79177856445312,-43.372989654541016,175.98400364068794,-213.5288147791101,-43.37861374749015,0.2843245905226926,0.35216283321847686,0.05556680908544648,3.50489332578842e-05,13.516209216035886,23.392507072038114,nan,0.9204538472314262,nan
282.13,176.09625244140625,-213.80038452148438,-43.37472915649414,175.98832035884524,-213.53742197096875,-43.38041600398645,0.2843078923527078,0.3522080426511363,0.05558989146168718,3.5754082499808746e-05,13.471398617732183,22.912852494824733,nan,nan,nan
282.14,176.10057067871094,-213.80899047851562,-43.37654495239258,175.9926996024344,-213.5460252709167,-43.38172258317387,0.28427746545429133,0.3522533381308291,0.05561303666760786,3.5052988117537746e-05,13.285120223902625,22.75645959331493,nan,0.23360533321312632,nan
282.15000000000003,176.10494995117188,-213.81759643554688,-43.37844467163086,175.9839949795382,-213.5381086342337,-43.38371288233301,0.30458379846894523,0.3521813871489747,0.05560627090378206,3.57364628629736e-05,14.613239751242,22.865973551290747,15.437171400164381,nan,nan
282.16,176.10935974121094,-213.82618713378906,-43.38041687011719,175.98851624540848,-213.5466507438361,-43.38329904288602,0.3045522134307443,0.35222649080326923,0.055629403319839434,3.503620890931619e-05,14.026946570555227,22.84393747112804,nan,4.228389342477461,nan
282.17,176.11383056640625,-213.8347930908203,-43.38246536254883,175.9930351494023,-213.55520939637643,-43.38538826872628,0.30457694979852856,0.3522716815392439,0.05565259877778974,3.574117612524064e-05,13.983523499065502,22.34318414847382,nan,nan,nan
282.18,176.1183319091797,-213.84339904785156,-43.38455581665039,175.99757859650688,-213.56377573387738,-43.38870847457007,0.304610907236033,0.352316958327346,0.05567585729678767,3.504089621065237e-05,14.19216832661815,22.269393318800763,nan,0.9687811024171018,nan
282.19,176.12289428710938,-213.85198974609375,-43.38664245605469,176.00219274594636,-213.57233434544594,-43.39088704776075,0.3046211117262991,0.35236232244207627,0.05569917914264505,3.574621424786185e-05,14.15736289070383,23.110409544198966,nan,nan,nan
282.2,176.12750244140625,-213.860595703125,-43.38870620727539,176.00833463911542,-213.58512396359492,-43.39191450177533,0.30015985330511996,0.3522904564800903,0.05569229830940536,3.502472672865592e-05,13.507419270470802,22.165226836046358,1.5185333761511588,0.8779629008965993,nan
282.21,176.1321563720703,-213.86920166015625,-43.39073944091797,176.0130352492555,-213.59369587445582,-43.39404529065995,0.3001736305833536,0.35233562854563427,0.05571560660220134,3.572952385542931e-05,13.4745977953123,22.114363845523126,nan,nan,nan
282.22,176.13685607910156,-213.87779235839844,-43.392738342285156,176.01776879342322,-213.60227162503918,-43.39681898714946,0.30018345687856973,0.3523808866583186,0.05573897818285361,3.502997330606356e-05,13.597676327789719,22.85897902122662,nan,0.3214674694867181,nan
282.23,176.14158630371094,-213.8863983154297,-43.39469909667969,176.02255972283905,-213.61084292483997,-43.398888611423274,0.300192691901202,0.35242623193169076,0.055762413300877715,3.573513028811971e-05,13.569598782675916,22.013485123626857,nan,nan,nan
282.24,176.14637756347656,-213.89498901367188,-43.39662170410156,176.02737697249964,-213.61941994334882,-43.40194549952825,0.30021291772559877,0.35247166357838927,0.0557859119992923,3.503549092542399e-05,13.841237238842837,23.139199624644828,nan,0.7389381691269754,nan
282.25,176.1511993408203,-213.90359497070312,-43.39850616455078,176.03122291055732,-213.6243730030926,-43.403849688965366,0.3039536219032787,0.3523998825694527,0.05577891309797973,3.571898726605642e-05,14.184496242428992,22.293963724955017,1.5773424645246124,nan,nan
282.26,176.1560821533203,-213.91220092773438,-43.40035629272461,176.03616473654517,-213.63292688000303,-43.405038437528496,0.3039672730118134,0.3524451220178555,0.05580239747320569,3.502008898533628e-05,13.967128727729296,22.19728575391663,nan,0.427748074226883,nan
282.27,176.16099548339844,-213.92079162597656,-43.40216827392578,176.0411363073774,-213.6414845777438,-43.406962270260784,0.3039763669593461,0.352490448469197,0.055825945593396396,3.572509262705818e-05,13.93946130959274,22.678175184537782,nan,nan,nan
282.28000000000003,176.16595458984375,-213.9293975830078,-43.4039421081543,176.04615619752707,-213.65003979793516,-43.40848736779005,0.3039952076390575,0.35253586127527814,0.05584955751593548,3.502607476869895e-05,13.84276125384708,22.028733759432683,nan,0.0931067216736422,nan
282.29,176.1709442138672,-213.93798828125,-43.40568161010742,176.05121204753368,-213.65859664715532,-43.41033751725221,0.30400189856043736,0.35258136134032614,0.05587323346926998,3.573144111895924e-05,13.815312479877626,22.46939916994853,nan,nan,nan
282.3,176.17599487304688,-213.94659423828125,-43.407386779785156,176.04241368197222,-213.65726020230792,-43.41142530236161,0.3187074342498738,0.3525096632625386,0.055866113290952486,3.501112325321728e-05,14.190929458199484,21.949181070568155,3.3198004755637496,0.39861412630517157,nan
282.31,176.1810760498047,-213.95518493652344,-43.409061431884766,176.04753875181612,-213.66579204398724,-43.413200845258594,0.31874377005305526,0.3525549709055698,0.05588977412790952,3.571597895672599e-05,14.160847133449135,22.308935739409996,nan,nan,nan
282.32,176.18618774414062,-213.96377563476562,-43.41069793701172,176.0526661465452,-213.67433646427673,-43.41748528024159,0.3188245888664388,0.35260036487631163,0.05591349898473898,3.5017516781931145e-05,14.953251388756806,23.095089965998664,nan,4.557282429645307,nan
282.33,176.1913604736328,-213.97238159179688,-43.41230392456055,176.05787171519933,-213.6828678671129,-43.41922119880207,0.31888131662334895,0.3526458459596744,0.05593728807733152,3.572274129516855e-05,14.934642380320973,22.664193787397164,nan,nan,nan
282.34000000000003,176.19654846191406,-213.98097229003906,-43.413875579833984,176.0631110078071,-213.69140078734037,-43.42132617065021,0.31892431803993654,0.3526914136870624,0.05596114148151739,3.502411047681587e-05,15.137119428018257,23.220498083018754,nan,0.11301689247327665,nan
282.35,176.20179748535156,-213.98956298828125,-43.41542053222656,176.05434900600352,-213.70533961263644,-43.42307061690332,0.3202850373035629,0.35261979805563565,0.05595389698953961,3.570767736256366e-05,13.998517889118487,23.237485844203537,15.127094145753766,nan,nan
282.36,176.2070770263672,-213.9981689453125,-43.41693115234375,176.05962506959204,-213.71389782118158,-43.424720003076736,0.320332355167596,0.3526651734593068,0.055977734505974264,3.642669870667529e-05,13.982646158720232,22.513763194821248,nan,nan,nan
282.37,176.21238708496094,-214.0067596435547,-43.41841125488281,176.06493925591946,-213.72245549467445,-43.426339928348895,0.32036319267745905,0.35271063556822435,0.05600163643013317,3.7160174717352074e-05,13.965433742410188,23.011650158933065,nan,nan,nan
282.38,176.21774291992188,-214.01535034179688,-43.41986083984375,176.07030138258904,-213.7310090271801,-43.4271401233672,0.32037786767764914,0.35275618426261246,0.0560256028764191,3.6376079333070785e-05,13.686799358075795,22.85044105318534,nan,0.40824194347326626,nan
282.39,176.22312927246094,-214.02394104003906,-43.42128372192383,176.0756902444202,-213.73956554089125,-43.42869521293724,0.3204100836493868,0.3528018202152763,0.05604963404933206,3.7108213279147975e-05,13.667254131636787,22.667094846047465,nan,nan,nan
282.40000000000003,176.2285614013672,-214.03253173828125,-43.42267990112305,176.04821647781284,-213.73245252055062,-43.43005512945429,0.3501802712298123,0.3527302852264004,0.05604226206448195,3.630428191207155e-05,14.029825877099048,22.892791511440258,11.467268582000047,0.09861991821677801,nan
282.41,176.23402404785156,-214.04112243652344,-43.42404556274414,176.05363000751706,-213.74097712300326,-43.43155611213307,0.3502650815717365,0.3527757283621572,0.05606627649729883,3.7034226178151896e-05,14.011973050964402,22.814832771687133,nan,nan,nan
282.42,176.23951721191406,-214.0497283935547,-43.425384521484375,176.05907387733922,-213.74950303892965,-43.43349047709769,0.3503723263453137,0.35282125804213027,0.056090355661219074,3.62567940346514e-05,14.260403203048488,22.322446735107853,nan,0.13906845937606285,nan
282.43,176.24505615234375,-214.05831909179688,-43.42669677734375,176.06455869480476,-213.7580265206937,-43.434943455452924,0.3504610793478056,0.35286687484583695,0.05611449975055991,3.698554810906171e-05,14.244361101550865,23.07614904328115,nan,nan,nan
282.44,176.25062561035156,-214.06690979003906,-43.427982330322266,176.0700881167007,-213.7665461151376,-43.43552615218091,0.35052679364391004,0.35291257850378976,0.05613870886219518,3.621084892171986e-05,13.935025275737122,22.675498799474703,nan,0.47029130975462946,nan
282.45,176.2562255859375,-214.07550048828125,-43.42924499511719,176.1009255543627,-213.79427915323703,-43.437015128975354,0.3213470305936578,0.35284112339037194,0.056131206329057146,3.6915065960434395e-05,12.974400050801327,22.422289142990234,12.622939811522313,nan,nan
282.46,176.26185607910156,-214.08407592773438,-43.43048095703125,176.1065374178148,-213.80284809182277,-43.43824505754739,0.3213615774984083,0.3528866340451,0.05615539786911064,3.614400900554519e-05,12.963248590960351,23.025845848948602,nan,0.013292608749135052,nan
282.47,176.2675323486328,-214.09266662597656,-43.43169021606445,176.1121815035081,-213.81141684793513,-43.4395915312505,0.3213996787661438,0.35293223169489724,0.05617965453037418,3.686967275931703e-05,12.946584396542102,22.556971709944616,nan,nan,nan
282.48,176.2732391357422,-214.10125732421875,-43.43287658691406,176.11786468438413,-213.81998306318025,-43.44036756163177,0.3214226886201333,0.3529779161476024,0.05620397641830822,3.610121337462723e-05,12.765851363004849,22.263748038446995,nan,0.19848722221130505,nan
282.49,176.2789764404297,-214.10984802246094,-43.43404006958008,176.12357525547122,-213.82855060079078,-43.44166232877846,0.3214589655929076,0.3530236878663667,0.05622836371455847,3.68258897145196e-05,12.747619566313368,22.150795999930722,nan,nan,nan
282.5,176.2847442626953,-214.11843872070312,-43.4351806640625,176.14590918813647,-213.8442837355985,-43.44275451277962,0.30739794561750244,0.35295231096961593,0.05622072748305636,3.603769468529042e-05,12.653255907504143,22.011904849190476,2.832836738650635,0.0034478266758040704,nan
282.51,176.29054260253906,-214.12701416015625,-43.43629837036133,176.15171022873693,-213.85286277017144,-43.444002021423294,0.30739674508007064,0.35299788945532184,0.056245096357550275,3.676054082579522e-05,12.633427914450012,22.612446233270674,nan,nan,nan
282.52,176.29632568359375,-214.13560485839844,-43.43739318847656,176.15752094359706,-213.8614407076164,-43.445134184674664,0.30739658495455824,0.3530435546865169,0.0562695306588739,3.5998020340010895e-05,12.643805650041683,21.90051417355395,nan,0.005867941948399494,nan
282.53000000000003,176.3020477294922,-214.14419555664062,-43.4384651184082,176.1632915320354,-213.87001822584386,-43.446338000624415,0.3073897742767205,0.3530893070629902,0.05629403056151388,3.6720010840498835e-05,12.628319576307916,21.917728366161626,nan,nan,nan
282.54,176.30767822265625,-214.15277099609375,-43.439517974853516,176.16898627244876,-213.8785948922883,-43.44747339885518,0.30736180914573064,0.3531351464880595,0.056318596181516405,3.595987132003703e-05,12.660756749192362,22.487711759832592,nan,0.0015204734791835384,nan
282.55,176.31321716308594,-214.16136169433594,-43.440547943115234,176.1794352303425,-213.89660600183782,-43.448644944238104,0.29674693539429736,0.35306384678935654,0.05631082318490018,3.665806036191542e-05,11.945039795042081,21.948576533570552,5.076898337054622,nan,nan
282.56,176.3186492919922,-214.16993713378906,-43.441558837890625,176.18491782739846,-213.90521298646775,-43.45086632119605,0.29673154204240115,0.35310949277824616,0.056335369522878716,3.5901173707772464e-05,12.530274934198912,23.12839672564787,nan,0.779188708118996,nan
282.57,176.323974609375,-214.17852783203125,-43.44254684448242,176.19030497708326,-213.91381645952757,-43.45200111060117,0.29669692360662797,0.3531552257959196,0.056359981652062636,3.6620725964878136e-05,12.520458131566272,22.418120543339935,nan,nan,nan
282.58,176.32919311523438,-214.18710327148438,-43.443519592285156,176.19558821480777,-213.9224193039686,-43.453023075159386,0.29664488578876635,0.35320104579704414,0.05638465969439515,3.586607787327891e-05,12.559036006020582,23.000776363358707,nan,0.0059473406469849905,nan
282.59000000000003,176.33432006835938,-214.19569396972656,-43.4444694519043,176.20076663770018,-213.9310220609107,-43.4541197038108,0.2966156865692283,0.3532469531041054,0.05640940381563481,3.658494738211503e-05,12.548758662164524,22.52973776376396,nan,nan,nan
282.6,176.33934020996094,-214.2042694091797,-43.44540023803711,176.19724345630786,-213.9405161413915,-43.454501636308805,0.2997333967348182,0.3531757290510887,0.05640149093492862,3.5810541045007405e-05,11.923760817786551,22.908707677369904,2.8279484553205347,0.42381672328932124,nan
282.61,176.34425354003906,-214.21286010742188,-43.44631576538086,176.2021961753333,-213.9491268274175,-43.455556436051225,0.299701397800287,0.35322144268841815,0.056426214897239514,3.6527885996056053e-05,11.91124130984268,21.97424321725796,nan,nan,nan
282.62,176.3490753173828,-214.221435546875,-43.447208404541016,176.20705751082903,-213.95773471071163,-43.455484046972295,0.2996258911196696,0.3532672432393901,0.056451004964426996,3.577842292332319e-05,11.449248426583333,22.414699684941642,nan,0.8315447705974768,nan
282.63,176.35379028320312,-214.23001098632812,-43.448089599609375,176.21181432555176,-213.96634510434487,-43.45649346662234,0.29957886249500965,0.3533131309855294,0.05647586129746736,3.649519682768085e-05,11.432246522951786,22.061751030255294,nan,nan,nan
282.64,176.35842895507812,-214.2386016845703,-43.44894790649414,176.2164698205886,-213.97495783310643,-43.458493929187654,0.29958571866661127,0.3533591059432702,0.05650078402539799,3.5747751336787696e-05,12.009088665601569,22.344301280515708,nan,0.6867752587792649,nan
282.65000000000003,176.3629608154297,-214.24717712402344,-43.449790954589844,176.20727569877073,-213.98242279893782,-43.45942728143835,0.30728743383969703,0.3532879563355806,0.0564927281952594,3.644131136542679e-05,11.639621811255761,22.765189908233634,3.609994950588236,nan,nan
282.66,176.36740112304688,-214.25576782226562,-43.45061492919922,176.21168401962456,-213.99099410889468,-43.45959030086243,0.30730033011203883,0.34976174334240695,0.052962083082896905,3.5696041680666126e-05,15.158449621990421,25.608360256561774,nan,0.44098776269614803,5.199826138667502e-07
282.67,176.37176513671875,-214.26434326171875,-43.4514274597168,176.21604124039882,-213.99961043257443,-43.46053611492905,0.30727246917286877,0.34980986886270254,0.052979483028009526,3.641091119324764e-05,15.126448853067469,26.434534043929702,nan,nan,nan
282.68,176.37603759765625,-214.27293395996094,-43.45222091674805,176.2203688130285,-214.0082965022836,-43.46300756082066,0.30721670886160296,0.3498580787663588,0.05299693852768656,3.566824570487751e-05,16.058167242710045,26.641362079413142,nan,1.6127593510353408,nan
282.69,176.38021850585938,-214.28150939941406,-43.45299530029297,176.22455254244554,-214.01691366877213,-43.46393863399985,0.30718487819571294,0.34990637736654867,0.05301445569394048,3.638268875905143e-05,16.034484852430765,27.30126365823749,nan,nan,nan
282.7,176.3843231201172,-214.29010009765625,-43.453758239746094,176.23107760800534,-214.02551347084471,-43.4641692899914,0.3059389809049197,0.3498417387896823,0.05301016410567619,3.562015780635632e-05,15.867498951590926,26.338234011299477,0.3345204556390673,0.37843477981887086,nan
282.71,176.3883514404297,-214.29869079589844,-43.454505920410156,176.23510005591405,-214.03412911089168,-43.46506486368931,0.30592542116134497,0.3498898307106107,0.05302769457512176,3.6333330993236514e-05,15.841484151090569,26.429314059733795,nan,nan,nan
282.72,176.39242553710938,-214.30726623535156,-43.455345153808594,176.239048659254,-214.0426751389755,-43.46438155936373,0.3059649842179685,0.34993800702348776,0.053045281095594594,3.559510550363738e-05,15.010636411481181,26.19828374960415,nan,1.7848874060666025,nan
282.73,176.39654541015625,-214.31585693359375,-43.45627212524414,176.2431094726048,-214.05129181478267,-43.465390439664965,0.3059745621480469,0.3499862718536159,0.05306292931664546,3.6307944808137586e-05,14.952545733372581,25.369917870695982,nan,nan,nan
282.74,176.40072631835938,-214.32444763183594,-43.4572868347168,176.24731000223412,-214.06001127776585,-43.46889589497181,0.30593777420797424,0.35003462141031266,0.05308063398467943,3.557137987008855e-05,16.397043079482504,27.019754670080676,nan,3.9570791044947833,nan
282.75,176.4049530029297,-214.33302307128906,-43.45838928222656,176.250634744457,-214.07398582978112,-43.47023070824743,0.3017526085327139,0.3499699251764419,0.05307632110128838,3.6261465748472054e-05,15.76784720659267,27.842214501741733,5.582902352362428,nan,nan
282.76,176.4092254638672,-214.34161376953125,-43.45957565307617,176.2548885882726,-214.08268340353337,-43.47287447866578,0.3017311126916851,0.35001806787645595,0.053094038656589855,3.55273897742278e-05,16.82510334836648,28.12757098888833,nan,1.2336639562506968,nan
282.77,176.41355895996094,-214.35020446777344,-43.46084976196289,176.25914419993936,-214.09132525542205,-43.47427613364862,0.3017327164177611,0.35006629891185964,0.05311181795287474,3.6238793675455545e-05,16.767183726703216,28.22197438987162,nan,nan,nan
282.78000000000003,176.41793823242188,-214.35879516601562,-43.46220779418945,176.26350810694194,-214.1000347033637,-43.47741432893148,0.3017231833758421,0.35011461468471994,0.05312965417364454,3.550624438228688e-05,18.251462697731064,29.66721161675749,nan,1.8684648620116935,nan
282.79,176.42236328125,-214.36737060546875,-43.46364974975586,176.26786238862522,-214.1086771442278,-43.47900312275722,0.3017093945723101,0.35016301903543806,0.05314755232249627,3.621743089414451e-05,18.192085666130875,30.289295090008142,nan,nan,nan
282.8,176.4268341064453,-214.37596130371094,-43.46517562866211,176.27159696634024,-214.12152216779447,-43.4804686731179,0.2984488578678911,0.3500982612752042,0.053143209483287615,3.546485759126293e-05,17.739040340871476,29.573563710867983,3.6257279129954645,0.00451609665822215,nan
282.81,176.43136596679688,-214.38455200195312,-43.46678161621094,176.27604050245805,-214.13018314644472,-43.48222070801395,0.29844242339256966,0.35014645848867504,0.053161119853448166,3.6174980143447724e-05,17.679792600502196,29.79671756318021,nan,nan,nan
282.82,176.43592834472656,-214.3931427001953,-43.468467712402344,176.28061853406962,-214.13894261402388,-43.4865704812517,0.2984401637445524,0.3501947404506442,0.0531790876109471,3.5446168414544286e-05,20.282888338126554,32.07857415894042,nan,4.355073666055049,nan
282.83,176.4405517578125,-214.4017333984375,-43.47023391723633,176.2851558897825,-214.14760373800326,-43.488510537175536,0.2984355792287977,0.35024311080648207,0.05319711734863015,3.6156148721612754e-05,20.22288571310569,32.28380640374316,nan,nan,nan
282.84000000000003,176.44520568847656,-214.4103240966797,-43.472076416015625,176.2897691027362,-214.15629826756836,-43.49140129134217,0.29843442302909523,0.35029156624686625,0.053215204857502016,3.542866254350855e-05,21.472608320271057,33.268218042787645,nan,0.5220226376228978,nan
282.85,176.44992065429688,-214.4188995361328,-43.4739990234375,176.26031991402516,-214.156579961462,-43.49347490277448,0.3242519234222158,0.3502267505116564,0.053210833210029125,3.611624026432402e-05,20.947608509738735,34.50752629115632,12.826391222513136,nan,nan
282.86,176.4546661376953,-214.427490234375,-43.47599792480469,176.2648863296286,-214.16518907215496,-43.49433922553787,0.32427562129214077,0.350274998632417,0.05322893246657639,3.539089767002082e-05,19.898302595955855,32.34854274872728,nan,1.205182321642296,nan
282.87,176.45945739746094,-214.4360809326172,-43.47807312011719,176.26954196414908,-214.17384750570042,-43.49658926761008,0.3243101751726544,0.35032333496253415,0.05324709376249734,3.6099805653261946e-05,19.838159463617934,32.2920246494957,nan,nan,nan
282.88,176.46429443359375,-214.44467163085938,-43.48018264770508,176.27420698834578,-214.1824677292133,-43.49785749953781,0.3243401351461652,0.350371756387515,0.05326531327252353,3.537566579591536e-05,19.12011033721229,31.61719033347992,nan,0.7454788575936191,nan
282.89,176.46917724609375,-214.45326232910156,-43.48229217529297,176.27894990707156,-214.19112573018006,-43.50017147012633,0.3243789546029951,0.35042026626387335,0.0532835950214013,3.608452353304195e-05,19.096494720072563,31.57129418373565,nan,nan,nan
282.90000000000003,176.47410583496094,-214.4618377685547,-43.484378814697266,176.25129007754265,-214.18694823602016,-43.50225974392807,0.3543033227068232,0.35035538913533393,0.053279186854019056,3.534017308142194e-05,19.355436003159802,32.799328692164984,9.38331587711744,0.03608954868155387,nan
282.91,176.4790802001953,-214.47042846679688,-43.48643112182617,176.2560646739447,-214.19558288965007,-43.504534030375794,0.35440616744626713,0.35040369140642313,0.05329747965638909,3.6048130008225645e-05,19.348181391406644,32.12951283110625,nan,nan,nan
282.92,176.4840850830078,-214.47901916503906,-43.48844909667969,176.2608587868541,-214.20419302363666,-43.50608104344621,0.35450003221355847,0.35045207878109924,0.053315831100855055,3.53270838877881e-05,19.006863266927326,31.452891757333717,nan,0.33417958974071843,nan
282.93,176.4891357421875,-214.48760986328125,-43.49042892456055,176.26571680447896,-214.2128271645057,-43.50827976999486,0.35459865475760416,0.35050055442323913,0.05333424485567272,3.6035050259748176e-05,18.99911697689206,31.531713169883645,nan,nan,nan
282.94,176.4942169189453,-214.49618530273438,-43.49237060546875,176.27060830750162,-214.221453074861,-43.510205681220235,0.35467830222768415,0.350549115504185,0.053352717623747464,3.5315023937920456e-05,19.11212070647577,32.11496921118961,nan,0.03854301223301615,nan
282.95,176.4993438720703,-214.50477600097656,-43.4942741394043,176.30026167917867,-214.242472514933,-43.5122899531917,0.3297899450613437,0.3504841800226178,0.05334827306861983,3.6000848713289956e-05,18.74307737967534,31.287306684802928,6.869018327161002,nan,nan
282.96,176.5045166015625,-214.51336669921875,-43.49613952636719,176.3052873571786,-214.2511432835817,-43.51466071518045,0.32984306262401714,0.35053253330910106,0.05336675635997523,3.5282655064217136e-05,19.400155430274175,32.04518342880538,nan,0.0568992088046798,nan
282.97,176.50973510742188,-214.52194213867188,-43.49797058105469,176.31034345983986,-214.25980410761355,-43.51671177307295,0.32988575102734274,0.35058097468016874,0.05338530204034673,3.598983375096877e-05,19.385575926487846,32.89799893874017,nan,nan,nan
282.98,176.5149688720703,-214.53053283691406,-43.49976348876953,176.31542199209622,-214.26844697669642,-43.518187903412084,0.32992031536165733,0.35062950149575944,0.05340390714195582,3.5272550444921553e-05,19.201638422481068,31.37089099556076,nan,0.20214377612652226,nan
282.99,176.520263671875,-214.5391082763672,-43.50151824951172,176.3205556528946,-214.27710689982445,-43.52016286865524,0.3299630827507453,0.350678116639522,0.05342257484473572,3.597980913836282e-05,19.1886139210473,32.63642249425956,nan,nan,nan
283.0,176.5255889892578,-214.54769897460938,-43.50324249267578,176.3221397801517,-214.27829253984686,-43.52205260494341,0.3381201385615365,0.35061312115727533,0.05341808845575856,3.667836711725397e-05,19.772934585041032,31.413288987110324,5.051315957365791,nan,nan
283.01,176.53094482421875,-214.5562744140625,-43.50492858886719,176.32735080944016,-214.2869247093087,-43.52395862087397,0.3381744053337068,0.3506615282171714,0.053436765963696724,3.741349477063208e-05,19.756174053696288,31.988327857718957,nan,nan,nan
283.02,176.53634643554688,-214.5648651123047,-43.50658416748047,176.33263836494072,-214.29559731167495,-43.52714968359769,0.3382677444558143,0.35071002062080986,0.05345550317391868,3.6610788816381616e-05,21.58090182582398,33.220371680154905,nan,1.1189278341105537,nan
283.03000000000003,176.54177856445312,-214.5734405517578,-43.50820541381836,176.3379232405437,-214.3042289232905,-43.529003367618664,0.3383259506312196,0.35075860127604513,0.05347430318812645,3.7344300942202914e-05,21.562159070573532,33.789251024171946,nan,nan,nan
283.04,176.5472412109375,-214.58203125,-43.50979232788086,176.34326902373408,-214.31288562034527,-43.531667248780316,0.33841178359972235,0.3508072676158411,0.05349316327246666,3.654560306996298e-05,23.025555765868766,34.3778749180358,nan,0.4584508236079857,nan
283.05,176.55274963378906,-214.59060668945312,-43.511348724365234,176.34630097016452,-214.30897665968232,-43.533422359538356,0.3498910826969194,0.35074221203253675,0.053488631428451956,3.7253899432178425e-05,24.206126671534342,35.029213247899726,16.941830564142858,nan,nan
283.06,176.55828857421875,-214.59918212890625,-43.512874603271484,176.3517172254356,-214.31757276017404,-43.53566040760168,0.34999250216942096,0.35079067009983034,0.05350750073867791,3.646009931813695e-05,25.318794607004534,36.01580949116138,nan,0.14366642737674382,nan
283.07,176.56387329101562,-214.60777282714844,-43.51436996459961,176.35715479308345,-214.3261547073997,-43.53740307237979,0.3501025946949892,0.3508392162247583,0.053526432932270746,3.718974149619903e-05,25.297190044046516,35.529631255974145,nan,nan,nan
283.08,176.56948852539062,-214.61634826660156,-43.51583480834961,176.36255842737614,-214.3346671881974,-43.536698879577855,0.35014226374923674,0.3508878480471805,0.05354542558667853,3.63997112152153e-05,22.942851733768116,33.75174656082253,nan,3.8097335552450953,nan
283.09000000000003,176.5751190185547,-214.6249237060547,-43.51727294921875,176.36806457233456,-214.34324787882628,-43.53835969710402,0.3502248795855465,0.35093656816685626,0.05356448134115331,3.7128016892870994e-05,22.912716624656333,33.28022519156171,nan,nan,nan
283.1,176.58079528808594,-214.6334991455078,-43.518680572509766,176.38445873230714,-214.35598399976254,-43.53893423168152,0.34054795545259914,0.3508714511922782,0.053559899221591406,3.6319170188669224e-05,22.18520770374388,32.717071400422405,1.1241352082753309,0.7957572491616003,nan
283.11,176.58651733398438,-214.64208984375,-43.52006149291992,176.39005000288904,-214.36457090815932,-43.54052955377697,0.340639271538609,0.35091996274188353,0.05357896344582348,3.7045313595405566e-05,22.15345253003347,32.24621745375373,nan,nan,nan
283.12,176.59225463867188,-214.65066528320312,-43.52141189575195,176.39566541563326,-214.37314841254357,-43.54176931764985,0.34070127786952403,0.3509685599961167,0.05359808850487548,3.6263448917617674e-05,22.225997342059213,32.60158481227596,nan,0.07098022203660072,nan
283.13,176.59803771972656,-214.65924072265625,-43.522735595703125,176.40132237817235,-214.38173433674044,-43.54330840870696,0.34077846243819016,0.35101724536081674,0.05361727675877427,3.698843258110569e-05,22.193336719874644,32.84647937040403,nan,nan,nan
283.14,176.6038360595703,-214.66781616210938,-43.5240364074707,176.40698057341257,-214.39028979198835,-43.54366748309165,0.34082011042922444,0.3510660167647877,0.0536365262001149,3.62099793350643e-05,21.34754705442599,31.650930234108724,nan,0.8779834986634358,nan
283.15000000000003,176.60968017578125,-214.6763916015625,-43.52531051635742,176.42970886954862,-214.40201363130316,-43.54518123285929,0.3287366529686197,0.3510008406308531,0.053631892489967706,3.691070575462195e-05,21.701746064459066,31.77902866175881,3.68766072028899,nan,nan
283.16,176.6155548095703,-214.68496704101562,-43.52655792236328,176.43547925592227,-214.4105822535841,-43.54609863357876,0.32877964655723385,0.3510494032638495,0.05365114976936404,3.613651326772866e-05,21.524894008910408,31.55905571770234,nan,0.1900030720765781,nan
283.17,176.62144470214844,-214.69354248046875,-43.52777862548828,176.4412946845285,-214.41916395218595,-43.5475225662332,0.32882735413471975,0.35109805382519876,0.05367047034668652,3.685850677942932e-05,21.48923396682904,31.202276895852812,nan,nan,nan
283.18,176.62738037109375,-214.70211791992188,-43.52897644042969,176.44709395374608,-214.42770009383105,-43.54710316031131,0.3288417758286512,0.3511467904246807,0.05368985246396273,3.608749553416305e-05,19.972418507364807,29.963358212384634,nan,2.1963024929530564,nan
283.19,176.6333465576172,-214.710693359375,-43.5301513671875,176.45297023748134,-214.43628055911992,-43.54846201789951,0.32889706860822127,0.3511956151983312,0.053709298110225796,3.680856111889577e-05,19.930729138949527,29.905422173417787,nan,nan,nan
283.2,176.6393280029297,-214.71926879882812,-43.53130340576172,176.47466970210192,-214.45731768843754,-43.54945593919846,0.309935888106749,0.35113037763713084,0.05370460708151811,3.6018572180435546e-05,19.26965735109554,29.62292606511583,7.386595642429445,0.04922587565481826,nan
283.21,176.64535522460938,-214.7278289794922,-43.53242874145508,176.48062415449002,-214.4659321443962,-43.55076536255077,0.3099395253419213,0.3511789933445463,0.05372405978698742,3.673788213734808e-05,19.226690183471472,30.571284554243537,nan,nan,nan
283.22,176.6514129638672,-214.7364044189453,-43.53353500366211,176.48655031741328,-214.47449165598618,-43.54972063071729,0.30990314958038273,0.35122769508325463,0.05374357437005213,3.5973836121180155e-05,17.311913596406313,27.94028601452602,nan,3.6319435936602646,nan
283.23,176.65745544433594,-214.74497985839844,-43.53461837768555,176.49254765926563,-214.48310462593005,-43.550963915025235,0.3099038424222739,0.35127648482111234,0.053763152597993163,3.6692364302578596e-05,17.26745860250854,27.598136086510454,nan,nan,nan
283.24,176.66343688964844,-214.7535400390625,-43.535682678222656,176.4984959912036,-214.49170023843584,-43.55145278417202,0.30986170691721443,0.35132536091876515,0.05378279304295242,3.5931158164110564e-05,16.863588136751286,27.903174793041178,nan,0.3600930364322947,nan
283.25,176.66934204101562,-214.76211547851562,-43.536720275878906,176.49014530544457,-214.4952810515659,-43.552630750142896,0.3218155133554155,0.35126006368951096,0.05377804272309059,3.662617904022997e-05,16.815857709865885,27.3638509747623,1.7899974740046205,nan,nan
283.26,176.67514038085938,-214.77069091796875,-43.537742614746094,176.49588153116892,-214.50385192907922,-43.55232444467758,0.32179094292425936,0.35130873050908734,0.05379768954355475,3.586863528074718e-05,15.790978898454611,26.268460511014876,nan,1.4726738905670027,nan
283.27,176.68081665039062,-214.7792510986328,-43.53874206542969,176.5015476576642,-214.51245462502138,-43.55346474838868,0.3217677539439882,0.35135748515730403,0.05381740013136266,3.658489681780078e-05,15.745729285697035,26.61742136234111,nan,nan,nan
283.28000000000003,176.6864013671875,-214.78782653808594,-43.53972244262695,176.50705526570258,-214.52101128333092,-43.55242986145849,0.32174039656403924,0.3514063261504561,0.05383717325490853,3.582997784197385e-05,14.286813285577715,24.788135041284644,nan,3.1293286453286218,nan
283.29,176.69186401367188,-214.79638671875,-43.540679931640625,176.5125035237471,-214.52961320868036,-43.5535110620048,0.32171871087543136,0.3514552552241299,0.05385701038922871,3.654564612267153e-05,14.243266456440171,25.159582596346294,nan,nan,nan
283.3,176.69723510742188,-214.80496215820312,-43.541622161865234,176.5207369051907,-214.541752955543,-43.55434016178581,0.3171631240825532,0.3513898964574309,0.05385219557316384,3.5771511782965006e-05,14.00329017878316,24.780021963428265,0.723305345693693,0.04019008802059809,nan
283.31,176.70248413085938,-214.8135223388672,-43.542545318603516,176.5259716076047,-214.5503654622098,-43.5553826401341,0.3171324792919773,0.35143861596003995,0.05387203828042902,3.648575474460283e-05,13.956885116047191,25.13651262242735,nan,nan,nan
283.32,176.70762634277344,-214.8220977783203,-43.54344940185547,176.53109110108008,-214.55896900516296,-43.555963055892406,0.31710886830925994,0.3514874217872823,0.05389194382899271,3.5736682934927656e-05,13.782170002662543,24.177929343849442,nan,0.13364869489350717,nan
283.33,176.71267700195312,-214.83065795898438,-43.544334411621094,176.53611694031613,-214.5675812585953,-43.556966142860716,0.3170841627816902,0.35153631553129655,0.0539119135211515,3.64504511661666e-05,13.73635101943421,25.062133651474,nan,nan,nan
283.34000000000003,176.71762084960938,-214.8392333984375,-43.545204162597656,176.54102881871526,-214.57618267952606,-43.557377761681,0.31706249007061216,0.35158529592255594,0.053931946382774695,3.57036883974337e-05,13.469913602503226,23.98128107354349,nan,0.22384481325318548,nan
283.35,176.72247314453125,-214.84779357910156,-43.54605484008789,176.54869537286496,-214.590153234731,-43.55816548523741,0.3110047084830503,0.35151987696966003,0.05392706458100668,3.6394524433133446e-05,12.929210313903909,24.77442749975485,3.3462556664473464,nan,nan
283.36,176.72723388671875,-214.8563690185547,-43.5468864440918,176.553419824253,-214.59878179318738,-43.55897747987284,0.31098022465990866,0.35156864756764944,0.05394710228341141,3.565087676071748e-05,12.96003682757069,24.14097342652913,nan,0.011896027654743103,nan
283.37,176.7318878173828,-214.86492919921875,-43.547706604003906,176.55805159523348,-214.60741303488322,-43.55990443998307,0.31093792664744074,0.3516175059228708,0.053967204267201516,3.6362961175582595e-05,12.910275925265765,24.658100506465104,nan,nan,nan
283.38,176.7364501953125,-214.87350463867188,-43.54850769042969,176.56260161747193,-214.61605504880416,-43.56139577957048,0.31091754884848066,0.35166645089747106,0.05398736970950984,3.562142693984531e-05,13.442208279041655,24.46079147002205,nan,0.22903794610763517,nan
283.39,176.7409210205078,-214.88206481933594,-43.549293518066406,176.56704776333052,-214.6246873009445,-43.562297925951704,0.3108765207590133,0.35171548388693274,0.054007599687115077,3.6333186498937366e-05,13.393121230303473,25.17510793217732,nan,nan,nan
283.40000000000003,176.7453155517578,-214.89064025878906,-43.5500602722168,176.56594945549062,-214.63839342355212,-43.56224641980511,0.30975662151151706,0.3516500032177052,0.054002646104240215,3.557215782665303e-05,12.270282226256274,24.349515614726986,5.193335259773392,0.6539123414546328,nan
283.41,176.74960327148438,-214.89920043945312,-43.55081558227539,176.570200531506,-214.6470503834293,-43.56311037659678,0.3097033351967157,0.35169882612297465,0.05402288009554394,3.6282754767306905e-05,12.221726046681443,24.720551175404175,nan,nan,nan
283.42,176.7539520263672,-214.90777587890625,-43.551658630371094,176.57443281930585,-214.65570801677342,-43.564012989533545,0.3097062850741994,0.351747736179883,0.054043178223525556,3.700769427878545e-05,12.138590688999914,24.094726597970137,nan,nan,nan
283.43,176.7583465576172,-214.91635131835938,-43.55259323120117,176.57871450821017,-214.6643660757163,-43.565006371480855,0.3097068319163533,0.3517967335329303,0.05406354063268526,3.774712086128867e-05,12.05544835804722,23.956025929713437,nan,nan,nan
283.44,176.76278686523438,-214.9249267578125,-43.55361557006836,176.5830082209558,-214.6729938401457,-43.56416839784234,0.30968034828961627,0.3518458177451989,0.05408396706546398,3.6921702272001586e-05,10.948904460134536,22.795302943667718,nan,2.3366682863402195,nan
283.45,176.7672882080078,-214.93348693847656,-43.554725646972656,176.58268548089856,-214.68103275774277,-43.56536618850422,0.312928907821294,0.35178027636358483,0.054078938815032694,3.763510348058846e-05,10.825721047394374,23.863778189530297,0.38605288844807295,nan,nan
283.46,176.77182006835938,-214.9420623779297,-43.5559196472168,176.58713482096277,-214.68971988389058,-43.56831075211645,0.3129519362209754,0.35182915026367606,0.05409936848724139,3.681595561037276e-05,11.94762864306496,23.839569312549216,nan,1.8465333218943636,nan
283.47,176.7764129638672,-214.9506378173828,-43.55720138549805,176.59159945663438,-214.6983813182555,-43.56965602736894,0.3129608472505508,0.351878111916352,0.0541198630179908,3.755061628825815e-05,11.867628489495775,24.07742965677583,nan,nan,nan
283.48,176.78103637695312,-214.95921325683594,-43.55856704711914,176.5961046094358,-214.70703843632245,-43.570762459480335,0.31295467215038064,0.35192716039568445,0.05414042184126676,3.6736515812821555e-05,11.745426477513085,23.645068128242716,nan,0.06728958234693659,nan
283.49,176.7857208251953,-214.96778869628906,-43.56001663208008,176.6006616573228,-214.7157007766191,-43.57227452072212,0.3129624109875852,0.35197629688705434,0.0541610457830592,3.746943758021046e-05,11.666911176069448,23.883231565045868,nan,nan,nan
283.5,176.7904510498047,-214.9763641357422,-43.561546325683594,176.57858144142966,-214.71993321517928,-43.57300573400821,0.3328315880635072,0.35191069351400894,0.054155938362697664,3.6637481072412885e-05,10.793603679382649,23.786041211401265,9.159799138250992,0.366645929341565,nan
283.51,176.7952117919922,-214.98492431640625,-43.56315994262695,176.58317841417357,-214.7286003940338,-43.57467482405073,0.33285537247244473,0.35195961940015236,0.0541765646886773,3.7367855559495194e-05,10.717416747632384,24.172687114070328,nan,nan,nan
283.52,176.80001831054688,-214.99349975585938,-43.564849853515625,176.5878276678014,-214.73727411050706,-43.57689467902023,0.33289867531485084,0.3520086320745647,0.05419725556493233,3.656434806579598e-05,11.09798655441679,23.765058039138232,nan,0.1418867019787506,nan
283.53000000000003,176.8048858642578,-215.0020751953125,-43.56662368774414,176.59251248848994,-214.7459416029112,-43.57873146170833,0.33294664149351233,0.3520577326110056,0.054218011710394046,3.729320992625626e-05,11.02202642164547,24.127194542726357,nan,nan,nan
283.54,176.80978393554688,-215.01065063476562,-43.56847381591797,176.59721989287598,-214.75459317550548,-43.579423582489916,0.33296965637627574,0.35210692025051543,0.05423883271906721,3.649423500253901e-05,10.337823639843316,23.10674865203888,nan,0.9722053354032575,nan
283.55,176.81471252441406,-215.01922607421875,-43.57040023803711,176.63176885104775,-214.77916139405173,-43.58134225755673,0.30202510835959007,0.3520412556686566,0.05423364299309374,3.719828309118834e-05,9.852527414507328,22.717409534580447,10.299745911555915,nan,nan
283.56,176.8197021484375,-215.02780151367188,-43.57240676879883,176.63662786126812,-214.78786602092265,-43.58349014051628,0.30200674898421714,0.3520902324646495,0.05425446556865795,3.640466803477574e-05,9.969955733278285,23.247735352583796,nan,0.004996918996985349,nan
283.57,176.82472229003906,-215.036376953125,-43.574485778808594,176.64152716104334,-214.79656941255018,-43.58562875403943,0.3019805915970357,0.3521392969770417,0.05427535356713805,3.7129894793024977e-05,9.901992414874933,22.872619203057855,nan,nan,nan
283.58,176.8297882080078,-215.04495239257812,-43.576602935791016,176.6464455699029,-214.80525604849007,-43.58643404272065,0.30193626973238746,0.3521884485463707,0.05429630667310444,3.634048625714804e-05,9.179847693126543,22.258265857295566,nan,1.263367483269152,nan
283.59000000000003,176.83489990234375,-215.05352783203125,-43.57871627807617,176.65142695807668,-214.81395922931378,-43.588632388569046,0.30191681956017863,0.35223768809757716,0.054317325470136055,3.706449712353391e-05,9.13564329669835,22.284017317556522,nan,nan,nan
283.6,176.8400421142578,-215.0620880126953,-43.580806732177734,176.65391568031876,-214.82400077465866,-43.589786585036485,0.30233957743596185,0.3521719612388227,0.05431204916118062,3.625692677322708e-05,8.51698984052394,22.47405010320446,0.7149491408212982,0.802345579780257,nan
283.61,176.84523010253906,-215.07066345214844,-43.582862854003906,176.65897031959298,-214.83271006404092,-43.591937211122804,0.30231914529531106,0.35222098965621373,0.054333068645512635,3.697890859748226e-05,8.4828640195458,21.719580484807246,nan,nan,nan
283.62,176.85044860839844,-215.07923889160156,-43.58488845825195,176.66404870015253,-214.84140792496694,-43.593033843316064,0.3022827182990796,0.3522701050794623,0.05435415347215469,3.6198404385126684e-05,8.052566758241108,21.109541590628158,nan,0.6870682272102716,nan
283.63,176.855712890625,-215.0878143310547,-43.58687210083008,176.66918110295944,-214.85011665083422,-43.59510532405116,0.30226161012690134,0.352319308345127,0.05437530414869055,3.691935453596334e-05,8.019389695248103,21.167689730108048,nan,nan,nan
283.64,176.8610076904297,-215.0963897705078,-43.58881759643555,176.68025864826456,-214.8502755618639,-43.59567469380295,0.3054332001016592,0.3519664898081923,0.05356327281293196,3.614184703890829e-05,10.9702229413965,23.936454849971604,nan,1.4352350072098385,0.08741055904243997
283.65000000000003,176.86634826660156,-215.10494995117188,-43.59072494506836,176.6665793175112,-214.8556761622913,-43.59775408838654,0.3195222428866706,0.3519003535927756,0.053558704621818824,3.683890265061374e-05,10.58498716890163,25.185957887245422,5.911315727040511,nan,nan
283.66,176.87171936035156,-215.113525390625,-43.592594146728516,176.67179587394273,-214.86431463241428,-43.59790384879117,0.31953653212398253,0.3519484761651385,0.053576440440671634,3.606671178187281e-05,9.97240690505818,23.577017368345103,nan,2.1480847684955866,nan
283.67,176.87713623046875,-215.12210083007812,-43.59442901611328,176.6770482114075,-214.8730091596098,-43.599797999938176,0.3195476516200051,0.35199668500222675,0.05359423633800797,3.678492725635678e-05,9.921237991833513,23.74198211249679,nan,nan,nan
283.68,176.88258361816406,-215.1306610107422,-43.59622573852539,176.68233756542438,-214.88168132104644,-43.60093150705113,0.31954891922244427,0.35204498024711667,0.05361208958613727,3.6016175080766e-05,9.698262855571947,24.156508797634135,nan,0.3498524001574378,nan
283.69,176.8880615234375,-215.1392364501953,-43.59798812866211,176.68766253351217,-214.8903752580999,-43.602747319058565,0.3195532787931756,0.352093362046119,0.053630003126225935,3.673359788060741e-05,9.647927442859164,23.14685047734221,nan,nan,nan
283.7,176.89358520507812,-215.14781188964844,-43.59971237182617,176.6653090592723,-214.88582387599948,-43.60380385890984,0.3475118103118953,0.3520271840632222,0.053625408365286675,3.594631074128193e-05,9.779924019302046,23.273472060371112,8.710947210262418,0.23150241176618963,nan
283.71,176.89913940429688,-215.1563720703125,-43.601402282714844,176.67066305783274,-214.89448822674055,-43.60554310794765,0.34756543966744735,0.3520753576568736,0.05364333310657724,3.666212063353446e-05,9.728696819658856,23.86339374306782,nan,nan,nan
283.72,176.90472412109375,-215.16494750976562,-43.60306167602539,176.67605351530977,-214.90311113410016,-43.60583225631574,0.34764379713491683,0.35212361757273586,0.05366131560983639,3.590074728929627e-05,9.42363993199944,22.6557592978753,nan,1.3463469335006362,nan
283.73,176.91033935546875,-215.1735076904297,-43.60468673706055,176.6814768051223,-214.91177475908617,-43.60749214266311,0.3476924856843358,0.3521719639591226,0.053679358519608096,3.661591182477059e-05,9.372452019142962,23.267754321047892,nan,nan,nan
283.74,176.91600036621094,-215.1820831298828,-43.60627746582031,176.68693495904316,-214.92042139525262,-43.60852906014138,0.34776844855105876,0.35222039695610935,0.053697459547562915,3.585755342315852e-05,9.247996093430908,22.61288343575401,nan,0.23494829239644463,nan
283.75,176.92169189453125,-215.19064331054688,-43.60783767700195,176.7507227068654,-214.94671847796153,-43.610086275306784,0.29788394263076995,0.3521541770721126,0.05369283745379748,3.654954991042345e-05,9.596836505976073,22.637667711898132,32.43323087214282,nan,nan
283.76,176.9274139404297,-215.19921875,-43.60936737060547,176.75634919643952,-214.95541607591582,-43.61229389895387,0.29784468283854526,0.3522024016652223,0.053710949214769016,3.579499068923544e-05,9.647571411417296,21.811933437443805,nan,0.28289338851914964,nan
283.77,176.93316650390625,-215.20777893066406,-43.61086654663086,176.76200935287486,-214.96409558661722,-43.61383056434351,0.29780048340463905,0.3522507126449199,0.05372912150487595,3.650816657706212e-05,9.597511326499347,22.4949454507269,nan,nan,nan
283.78000000000003,176.93896484375,-215.2163543701172,-43.612335205078125,176.7677072606639,-214.9726864788352,-43.612025445240896,0.2978309872351474,0.3522991101487522,0.05374735230309965,3.575636093827935e-05,9.309446790954109,21.66908408329304,nan,7.417526612299693,nan
283.79,176.9447784423828,-215.22491455078125,-43.61377716064453,176.77343184308597,-214.98136531353296,-43.613471547005,0.29778512631511905,0.3523475943288581,0.0537656438578807,3.646907857775467e-05,9.258581441710493,22.05319351997482,nan,nan,nan
283.8,176.95062255859375,-215.2334747314453,-43.61518859863281,176.74404155651538,-214.9701884045709,-43.61388337026752,0.33465968379804084,0.35228133238491427,0.053760988673830105,3.5698336903171284e-05,9.99159118281392,21.898841711909537,17.21639211675059,0.7045436805072893,nan
283.81,176.95651245117188,-215.24205017089844,-43.61656951904297,176.74978001126607,-214.97881725780346,-43.615264171493706,0.3347111772530195,0.3523296079608169,0.053779290333446424,3.640976787775994e-05,9.94175821257319,21.41130929639975,nan,nan,nan
283.82,176.96241760253906,-215.2506103515625,-43.617923736572266,176.75554884624785,-214.98745141483727,-43.616847705669315,0.3347364129435776,0.35237796997372023,0.053797650876227066,3.5663992591398655e-05,9.877768343753194,21.71395377392329,nan,0.035842047392516195,nan
283.83,176.96836853027344,-215.25917053222656,-43.61925506591797,176.76134854425524,-214.99607914192714,-43.61817755428947,0.33477681414931726,0.3524264185785718,0.053816072310789394,3.637508095356121e-05,9.827248780104467,21.972607122613287,nan,nan,nan
283.84000000000003,176.97433471679688,-215.26773071289062,-43.62055587768555,176.76718009728498,-215.00468629480596,-43.61866841761575,0.3348267683088253,0.3524749539086766,0.0538345529717558,3.5631685193494565e-05,9.846213357893713,21.622004429415693,nan,0.4502008210853339,nan
283.85,176.9803466796875,-215.27630615234375,-43.621829986572266,176.7670745857101,-215.00549418823624,-43.619914315891236,0.34471404927479726,0.3524086497448205,0.05382986320119363,3.6320130869723246e-05,10.412816694033573,21.079857630780232,4.725883636456033,nan,nan
283.86,176.9863739013672,-215.2848663330078,-43.62308120727539,176.77296380991191,-215.01406879224902,-43.62013185386794,0.3447954087592814,0.35245697626609507,0.053848353442249565,3.5579891833776594e-05,10.507830810411907,21.545132492054456,nan,0.7217587141081557,nan
283.87,176.992431640625,-215.29342651367188,-43.624305725097656,176.77887975128863,-215.02266714870478,-43.62134314143593,0.34485333122716016,0.3525053892944568,0.0538669047168809,3.628955904491852e-05,10.456996284152876,21.50742459150194,nan,nan,nan
283.88,176.99851989746094,-215.30198669433594,-43.62550735473633,176.78482095660425,-215.03129891901443,-43.624010769533584,0.3448787450670813,0.35255388896033535,0.053885515573933354,3.5551471828706265e-05,10.230120158314858,21.291025890235424,nan,1.4983121427561765,nan
283.89,177.004638671875,-215.310546875,-43.626686096191406,176.79079377519935,-215.03989603544775,-43.62518980163027,0.3449402204469204,0.3526024754230449,0.053904187704233004,3.626094006358177e-05,10.181002529436682,21.26584770941801,nan,nan,nan
283.90000000000003,177.0107879638672,-215.31910705566406,-43.627838134765625,176.78042780291696,-215.03910386437371,-43.62646571300813,0.36258719561958314,0.3525361288421861,0.0538994581232153,3.550351390996823e-05,10.50542931205587,21.34138005398638,3.904752699659211,0.020768583268436815,nan
283.91,177.01695251464844,-215.32766723632812,-43.628971099853516,176.78643351137126,-215.04767631227134,-43.62760025138311,0.36267865618424344,0.35258450628987575,0.053918139177329905,3.621194629845051e-05,10.457498860410093,20.970598776308904,nan,nan,nan
283.92,177.0231475830078,-215.3362274169922,-43.63007736206055,176.79246560524285,-215.05625694880644,-43.629122185711246,0.36276514480247496,0.35263297028681834,0.05393688015648905,3.547871509771385e-05,10.384688361565344,20.965496553458276,nan,0.11496196058727187,nan
283.93,177.0293731689453,-215.3447723388672,-43.63116455078125,176.79852570815768,-215.06482809235138,-43.63021797808451,0.36285014442503843,0.35268152099512134,0.05395568256114058,3.618703737415091e-05,10.335601304766824,21.65479192640958,nan,nan,nan
283.94,177.03562927246094,-215.35333251953125,-43.63222885131836,176.8046171428869,-215.0733605300806,-43.6294736545565,0.3629855506717513,0.3527301585409715,0.05397454522277754,3.54556333767651e-05,10.478535584943055,21.174082033123717,nan,2.276136581976419,nan
283.95,177.04183959960938,-215.3618927001953,-43.633270263671875,176.8215053107023,-215.08507437276293,-43.63063156409324,0.35381145827420074,0.3526637693599641,0.05396977374234457,3.614169177529254e-05,10.518268145290547,21.026752476368213,1.7876904091164993,nan,nan
283.96,177.04795837402344,-215.37045288085938,-43.63429260253906,176.82753400489267,-215.09364522830865,-43.63159864207838,0.3538596281582661,0.35271219768039597,0.05398864474964893,3.541289139091631e-05,10.486998521421164,20.81832005272337,nan,0.0018640754873042766,nan
283.97,177.05397033691406,-215.37899780273438,-43.63529586791992,176.83346876334556,-215.1022164936821,-43.6325977466139,0.3538871526990672,0.35276071262607217,0.05400757733982428,3.612022428666073e-05,10.439181529767602,21.34479561348908,nan,nan,nan
283.98,177.05987548828125,-215.38755798339844,-43.63627624511719,176.83929433083233,-215.11080719104143,-43.63459590840499,0.3539065860127529,0.35280931432059026,0.05402657051270818,3.5393056239694825e-05,10.274814772848414,20.57873465163467,nan,0.7155861533421739,nan
283.99,177.065673828125,-215.3961181640625,-43.637237548828125,176.84501117343365,-215.11937776403528,-43.63556709799805,0.35394921470267143,0.35285800293000996,0.054045625518737594,3.610038622791254e-05,10.229724206497394,20.66342438084897,nan,nan,nan
284.0,177.07135009765625,-215.4046630859375,-43.63818359375,176.79481477409678,-215.10065143899382,-43.63729171934297,0.41096917414023554,0.3527915709156482,0.05404080733493944,3.535349401004291e-05,10.886640856302057,21.624308188735032,32.38936124336742,0.4370249513618308,nan
284.01,177.07691955566406,-215.41322326660156,-43.63910675048828,176.8002221415691,-215.10916203088416,-43.6382339613687,0.4111148936656042,0.35284005008762137,0.05405987000156195,3.6059976089314384e-05,10.843669141101701,21.122600406520917,nan,nan,nan
284.02,177.08238220214844,-215.42178344726562,-43.6400146484375,176.80551413676613,-215.11769973303333,-43.64064875721599,0.4112459519360498,0.352888615919282,0.054078993564648715,3.533665851512285e-05,10.792300829082645,21.127413026498886,nan,1.5377202438395134,nan
284.03000000000003,177.08773803710938,-215.43032836914062,-43.640899658203125,176.81070103563184,-215.12621013108935,-43.64157083783547,0.4113852858151048,0.352937268578997,0.054098179126657236,3.6043204356478964e-05,10.75023754777861,21.827053395547573,nan,nan,nan
284.04,177.0929718017578,-215.4388885498047,-43.64176940917969,176.81578044759158,-215.1347206686105,-43.642489837767805,0.4115260207957982,0.35298600818683434,0.05411742590738666,3.5321242161547714e-05,10.711570452477162,20.72557024162292,nan,0.0001337362961702072,nan
284.05,177.09811401367188,-215.4474334716797,-43.64262390136719,176.7995530677162,-215.13419559198104,-43.64347206117074,0.4327323966415062,0.3529195331343541,0.05411255846119897,3.600578792493883e-05,10.839619402502366,22.042719471536444,4.454657933985395,nan,nan
284.06,177.1031494140625,-215.45599365234375,-43.64345932006836,176.80438579324235,-215.14271140751868,-43.645687427892405,0.4329092636022961,0.3529680630888396,0.054131812274062996,3.5285961067354577e-05,10.919513479777876,21.418289674120505,nan,1.2486732274313275,nan
284.07,177.10809326171875,-215.4645538330078,-43.64427947998047,176.80912126684487,-215.1512047590981,-43.64655931538733,0.4331017126362125,0.3530166797838329,0.05415112825540101,3.599183695396813e-05,10.88213657710547,21.607106348023365,nan,nan,nan
284.08,177.11293029785156,-215.4730987548828,-43.645084381103516,176.81375757401054,-215.1596980617067,-43.64739828148517,0.4332778176974888,0.3530653833374343,0.05417050575434135,3.527320177684625e-05,10.847228935116412,21.976534112936662,nan,0.00020575762223335188,nan
284.09000000000003,177.11767578125,-215.48165893554688,-43.645870208740234,176.8182964805907,-215.16819200806506,-43.64823906681867,0.4334686745045518,0.35311417392103917,0.05418994568105517,3.597921870228985e-05,10.810600382592646,21.502431042523153,nan,nan,nan
284.1,177.122314453125,-215.49021911621094,-43.64664077758789,176.81898787997326,-215.17501035934882,-43.64984635033945,0.43746296538016105,0.3530476555644614,0.05418502449221956,3.52405050090031e-05,10.963331285433185,21.358777773369372,0.2349073959590844,0.47961452416929645,nan
284.11,177.12701416015625,-215.498779296875,-43.64750289916992,176.82340122523541,-215.1835017982558,-43.65071780542468,0.43771115019958895,0.3530962362769551,0.054204470736631365,3.594581055395308e-05,10.915852290711591,21.74380152256048,nan,nan,nan
284.12,177.13174438476562,-215.50732421875,-43.64845275878906,176.82785250362792,-215.19202870620063,-43.65399318261302,0.43794090006681197,0.3531449037581276,0.054223978786903576,3.5230179679689957e-05,11.455292126680481,22.568610831371274,nan,3.728661602898864,nan
284.13,177.13653564453125,-215.51588439941406,-43.64949035644531,176.83235571518205,-215.20052125283064,-43.65506751494219,0.43818996832285284,0.35319365818097415,0.054243549440965246,3.5935674912513084e-05,11.40625987248038,22.36952718909051,nan,nan,nan
284.14,177.141357421875,-215.52444458007812,-43.65061569213867,176.83690280515015,-215.20901465253277,-43.656258609135065,0.43842957855118797,0.35324249966111837,0.054263182214991455,3.522100350681232e-05,11.402097363110961,22.027837994467582,nan,0.0005558162066131026,nan
284.15000000000003,177.14622497558594,-215.5330047607422,-43.65182876586914,176.83328609900624,-215.22082943051964,-43.65755992350587,0.4420599772003479,0.35317593777475803,0.054258204360050855,3.590467409077113e-05,10.76388478850199,22.310134487285858,5.31821355529371,nan,nan
284.16,177.15113830566406,-215.54156494140625,-43.65312576293945,176.83790428870813,-215.22931788455952,-43.657067261851594,0.44230002181942935,0.35322456916260014,0.05427784277600479,3.5191748463472144e-05,10.247798948672884,21.905307705797842,nan,2.340670462241712,nan
284.17,177.15609741210938,-215.5501251220703,-43.65450668334961,176.84255924926057,-215.23783214568775,-43.65847280094143,0.44254809088870173,0.35327328740307223,0.05429754397427728,3.589680208084417e-05,10.201890208324084,21.98050446231865,nan,nan,nan
284.18,177.1610870361328,-215.55868530273438,-43.65597152709961,176.84725178664405,-215.24636521956756,-43.66135713891921,0.44279273140564035,0.35332209261057984,0.054317307567794716,3.518470108714505e-05,10.545949916619866,21.998616544199564,nan,1.3578705419113724,nan
284.19,177.1661376953125,-215.56724548339844,-43.65751647949219,176.85199033846828,-215.25487996830094,-43.66294473303764,0.4430465469574115,0.35337098496002445,0.054337134210468846,3.588999761843453e-05,10.499951217893896,22.57436544138184,nan,nan,nan
284.2,177.17120361328125,-215.5758056640625,-43.659141540527344,176.87523137998002,-215.27751180849623,-43.66518168311503,0.4202561962379468,0.3533043792490425,0.05433209545281554,3.51575027735655e-05,9.985976755711267,21.821181119778306,8.812497578328019,0.2026728047731957,nan
284.21,177.17633056640625,-215.5843505859375,-43.660850524902344,176.8800733712371,-215.28606586683892,-43.666939652117144,0.42045115864680893,0.35335306128286176,0.05435192699321327,3.586218332590255e-05,9.938510172543513,22.969050180070138,nan,nan,nan
284.22,177.18148803710938,-215.59291076660156,-43.662635803222656,176.88495713554678,-215.2946134165649,-43.66825146243606,0.42064643139911523,0.3534018301930445,0.054371821194758564,3.515238746217819e-05,9.760031647780767,21.89091528523818,nan,0.19440675600342125,nan
284.23,177.1866912841797,-215.60147094726562,-43.66450119018555,176.88987868226738,-215.30316733438463,-43.670164993465754,0.4208501452766868,0.35345068615533287,0.0543917786286643,3.585734528157933e-05,9.715827031103563,21.98942205888553,nan,nan,nan
284.24,177.19192504882812,-215.6100311279297,-43.66644287109375,176.8948367753033,-215.31173038955905,-43.67295171213648,0.4210547919097332,0.35349962928279294,0.0544117990310959,3.514818286039787e-05,9.98531308401474,22.03191244555693,nan,0.44172675181488935,nan
284.25,177.19720458984375,-215.61859130859375,-43.668460845947266,176.91413020385417,-215.32408322634615,-43.67499245315411,0.408544710411532,0.3534329795009264,0.05440669617243037,3.583142526665637e-05,10.071785380960009,21.886594161865077,2.0654146767028005,nan,nan
284.26,177.2025146484375,-215.6271514892578,-43.670555114746094,176.91919245418748,-215.33264219911547,-43.67741763773216,0.4087227446038779,0.35348171208647927,0.054426720752387255,3.512369053975563e-05,10.181100968238542,21.77866496471932,nan,0.051235660069158584,nan
284.27,177.20787048339844,-215.63571166992188,-43.67268371582031,176.9242933287428,-215.3411980670954,-43.679631403512836,0.4089040660799113,0.35353053163360193,0.054446808749268695,3.5828362917847294e-05,10.146630569197356,21.965200133699142,nan,nan,nan
284.28000000000003,177.2132568359375,-215.64427185058594,-43.674808502197266,176.92943132729715,-215.3497536804428,-43.681861418002235,0.40908142896098926,0.3535794382709342,0.054466960130738325,3.654735890139833e-05,10.119952652333424,21.732496053038414,nan,nan,nan
284.29,177.2186737060547,-215.65283203125,-43.676910400390625,176.93460618594347,-215.35830892256206,-43.68407875225291,0.4092549361971939,0.3536284321429762,0.05448717504129635,3.728082299060873e-05,10.097154252641115,21.518834837572594,nan,nan,nan
284.3,177.22413635253906,-215.66139221191406,-43.67898178100586,176.91566162436345,-215.36390082373762,-43.685383654282816,0.42860094253701325,0.3535617379692867,0.05448200401143888,3.646438598601335e-05,9.314852869653148,21.99841538297884,8.915182837214426,0.4318378204430097,nan
284.31,177.22962951660156,-215.66995239257812,-43.68101501464844,176.92086140003332,-215.37246386329755,-43.68753152114726,0.42881189316478596,0.35361052107073604,0.05450222232527251,3.7195524077994644e-05,9.293003758416392,21.837367293698673,nan,nan,nan
284.32,177.23516845703125,-215.67849731445312,-43.68301010131836,176.92609497985737,-215.38103106195146,-43.6900984902201,0.42902544321632075,0.35365939115370265,0.05452250409773134,3.640645683983511e-05,9.490449119023234,23.017095624656594,nan,0.1350316900856439,nan
284.33,177.24072265625,-215.6870574951172,-43.684967041015625,176.9313650539984,-215.38959363232541,-43.692177461552596,0.4292305509888345,0.35370834839726517,0.054542849758690226,3.713628437780803e-05,9.471439298511875,21.707637344354946,nan,nan,nan
284.34000000000003,177.24632263183594,-215.69561767578125,-43.686885833740234,176.93667019802047,-215.39815457400314,-43.694071210308536,0.42944214549078186,0.35375739291139485,0.05456325918134534,3.6350690360525876e-05,9.452765047082202,21.97551299509587,nan,0.014248981417418129,nan
284.35,177.25196838378906,-215.7041778564453,-43.68876647949219,176.94677480762735,-215.40222698154216,-43.695967423555246,0.4293824674815635,0.353690654081932,0.0545580166064403,3.7055809763668794e-05,9.950916349499845,21.990790230816355,4.576645915971214,nan,nan
284.36,177.25762939453125,-215.71273803710938,-43.690608978271484,176.95216578809604,-215.41076055690684,-43.69706709663354,0.42958133187867703,0.35373948759435164,0.05457842867154514,3.627456531824153e-05,9.662829863044506,21.186578441356964,nan,0.4901843077581143,nan
284.37,177.26333618164062,-215.72128295898438,-43.692413330078125,176.95758733647435,-215.41930148588992,-43.69898625296309,0.4297887501180815,0.3537884081752464,0.05459890481094344,3.700109300994694e-05,9.640632740049666,22.183521997561645,nan,nan,nan
284.38,177.26907348632812,-215.72984313964844,-43.694183349609375,176.96303713784866,-215.42785393227132,-43.702305864576,0.43002523555285554,0.35383741593504214,0.05461944495074447,3.62231037059929e-05,10.255942262859842,21.99853739959399,nan,1.357245066029577,nan
284.39,177.27484130859375,-215.7384033203125,-43.695919036865234,176.96852439398495,-215.4363940651194,-43.70416923068642,0.4302414532513483,0.3538865110522113,0.0546400494418637,3.694855602758333e-05,10.238589837848606,21.87884100405723,nan,nan,nan
284.40000000000003,177.2806396484375,-215.7469482421875,-43.6976203918457,176.96927728346466,-215.4450639956306,-43.707867166135024,0.4338036618379877,0.3538197272241941,0.05463473137222136,3.615140812678928e-05,11.12387399703956,23.66061461620395,0.7595583780246193,2.1277852358022225,nan
284.41,177.28646850585938,-215.75550842285156,-43.69928741455078,176.97481862654584,-215.45360771428506,-43.70968288539056,0.4340250579437556,0.3538686111057768,0.05465533770049625,3.687494913034924e-05,11.11247017256556,22.90994966888247,nan,nan,nan
284.42,177.29232788085938,-215.76405334472656,-43.70092010498047,176.98039030396868,-215.46215352181548,-43.711811352592754,0.4342432201252377,0.353917582074139,0.05467600826027304,3.610410862960595e-05,11.42862820322338,23.855168676087636,nan,0.07902154015673954,nan
284.43,177.2982177734375,-215.77261352539062,-43.70252227783203,176.98599429461967,-215.47069645173144,-43.71356591084991,0.43446447716961234,0.3539666403070486,0.054696743359357626,3.6826723860883305e-05,11.41772206767218,23.092070326115607,nan,nan,nan
284.44,177.30413818359375,-215.7811737060547,-43.7040901184082,176.9916293484162,-215.47923849797556,-43.71520356348638,0.4346839663517794,0.3540157859159155,0.05471754298829789,3.605881290223968e-05,11.4941477786085,23.174416782364897,nan,0.004863027803764102,nan
284.45,177.31008911132812,-215.7897186279297,-43.70562744140625,176.99539920329957,-215.48248581223805,-43.716967459007805,0.4399435614394574,0.3539489568049404,0.05471214590089495,3.6757528154431425e-05,11.943408699057843,23.80573434416791,2.2466781053592912,nan,nan
284.46,177.31607055664062,-215.79827880859375,-43.70713424682617,177.0010961495965,-215.4910093157437,-43.71867162541134,0.44017783841732644,0.3539978909423544,0.05473294656665038,3.5993391606756706e-05,12.106487420778139,23.286507049860113,nan,0.001117148178280979,nan
284.47,177.32208251953125,-215.80682373046875,-43.70861053466797,177.0068229665071,-215.499531902233,-43.720305985880955,0.44040167694110616,0.35404691225085455,0.05475381195943279,3.671344919319856e-05,12.096224152435141,23.914743957356375,nan,nan,nan
284.48,177.328125,-215.81536865234375,-43.710060119628906,177.01258261954973,-215.50804751415848,-43.72085032830965,0.44060152568856026,0.3540960208427653,0.05477474210446578,3.595203574739201e-05,11.571372589816429,23.35541802210545,nan,0.7532192049160301,nan
284.49,177.33419799804688,-215.8239288330078,-43.71147918701172,177.0183676343336,-215.51656904856918,-43.722417563716796,0.4408384100987157,0.35414521689454764,0.05479573725774025,3.667136222935643e-05,11.559527741065653,22.729838323388062,nan,nan,nan
284.5,177.34030151367188,-215.8324737548828,-43.712867736816406,177.04000327052918,-215.5274014366749,-43.721862384717205,0.4281694265850851,0.35407834214112127,0.05479025729970993,3.589062083891503e-05,10.818323456622185,22.017993335123364,4.449174216089118,2.487200428889881,nan
284.51,177.34642028808594,-215.84103393554688,-43.714229583740234,177.04587515392384,-215.5359184384352,-43.7233524413369,0.4283760856734906,0.35412732648271283,0.0548112526550106,3.6608378651183046e-05,10.80211681997648,20.986384598082285,nan,nan,nan
284.52,177.35256958007812,-215.84957885742188,-43.7155647277832,177.0517749428674,-215.5444345837568,-43.724754105387156,0.4285730814995884,0.3541763980146876,0.05483231297838382,3.5853036860619534e-05,10.847321944765046,21.705882980534053,nan,0.002586855521640639,nan
284.53000000000003,177.3587646484375,-215.85812377929688,-43.71687316894531,177.05770194027127,-215.55295051142767,-43.726191364467965,0.4287846854053358,0.3542255569124173,0.05485343849842737,3.657018700742219e-05,10.82929993026044,22.138484746585167,nan,nan,nan
284.54,177.36495971679688,-215.86666870117188,-43.71815872192383,177.06365452584882,-215.56146839451964,-43.728125423646134,0.4289887882172294,0.3542748032897982,0.0548746292813822,3.581726331133484e-05,11.192399151487994,21.71159009831149,nan,0.1836304551557008,nan
284.55,177.37120056152344,-215.87522888183594,-43.71941375732422,177.08198534994,-215.57240059662539,-43.72955588473639,0.41887142619575,0.35420788259000274,0.054869062834148885,3.651114581249949e-05,11.392643897350329,21.38257933428457,1.7642190861661935,nan,nan
284.56,177.37745666503906,-215.88377380371094,-43.720645904541016,177.08801030923385,-215.58092264124429,-43.7327774199926,0.41910045712629723,0.3542569170167552,0.05489025298189098,3.576146426816389e-05,12.654892307222758,22.92063047532191,nan,2.319848610393368,nan
284.57,177.3837432861328,-215.89231872558594,-43.72185516357422,177.09406755227073,-215.58943560018898,-43.73414073582472,0.4192864816856002,0.35430603871454497,0.05491150851357372,3.6476665423864476e-05,12.64149526628183,22.954013578341144,nan,nan,nan
284.58,177.3900604248047,-215.90086364746094,-43.72303771972656,177.10015570185487,-215.59794109920708,-43.73384678412729,0.4194325386786769,0.35435524779849437,0.0549328295166532,3.57292118232787e-05,11.737902436362235,22.17329182747113,nan,1.8073172031870215,nan
284.59000000000003,177.3964080810547,-215.90940856933594,-43.72419738769531,177.10626419978806,-215.6064528472228,-43.735147454491205,0.41962548225814905,0.3544045444421901,0.054954216187977224,3.6443963089732804e-05,11.722249088924714,22.226930702691405,nan,nan,nan
284.6,177.40277099609375,-215.91795349121094,-43.72533416748047,177.11215455198706,-215.61817117433836,-43.735178052031856,0.41764130202575694,0.35433757742286265,0.054948559463929604,3.5676957826130546e-05,10.857251916518223,21.38932835191707,1.172498122799927,1.1869767969697707,nan
284.61,177.40914916992188,-215.92649841308594,-43.72644805908203,177.11830949616433,-215.62669369307224,-43.736422967757115,0.41781585031801144,0.35438666187258505,0.05496994463590415,3.639041807252999e-05,10.840674115508204,21.100815243969205,nan,nan,nan
284.62,177.4155731201172,-215.93504333496094,-43.7275390625,177.12448726167918,-215.63521759414286,-43.738243774066774,0.4180203854950505,0.35443583361447173,0.054991395482026126,3.564804622037374e-05,11.28587999412912,22.04383450746153,nan,0.24257257236943644,nan
284.63,177.42201232910156,-215.94358825683594,-43.72861099243164,177.1306911716344,-215.6437387009964,-43.7394523335321,0.4182048631974871,0.3544850928207789,0.0550129121831847,3.636115654971028e-05,11.269165925063692,21.732788762864654,nan,nan,nan
284.64,177.428466796875,-215.95213317871094,-43.72965621948242,177.13907578215083,-215.65215240533584,-43.739756580178096,0.41693841401817505,0.3473782360956932,0.055017784701632856,3.56203264975919e-05,13.786657631403681,24.065255980691415,nan,0.532600166295745,0.0006483868686968375
284.65000000000003,177.4348907470703,-215.96066284179688,-43.73068618774414,177.14738199864766,-215.6679514891419,-43.74102938175042,0.41042441210887726,0.34730796709358513,0.05501218204788721,3.631064491810034e-05,13.118261824726334,24.989805740451846,7.414501726453892,nan,nan
284.66,177.4412384033203,-215.96920776367188,-43.731693267822266,177.15360971037978,-215.6764874896086,-43.740647868252466,0.4104821661402824,0.3473523553896042,0.05503328617913388,3.5573006176446256e-05,12.380142668605252,23.68973661423041,nan,1.584383061778483,nan
284.67,177.44747924804688,-215.97775268554688,-43.73268127441406,177.1596692902266,-215.68503064073633,-43.74175502873094,0.41061307864702185,0.34739683315773595,0.055054449629386694,3.628464752136256e-05,12.35007220228233,23.507977854340457,nan,nan,nan
284.68,177.45361328125,-215.98629760742188,-43.733646392822266,177.1655200750775,-215.69358336311234,-43.74489468583526,0.4108598889647936,0.34744139328615,0.055075672469785994,3.554878622248607e-05,13.595285790566335,24.92613354416898,nan,2.878400650982332,nan
284.69,177.45962524414062,-215.9948272705078,-43.734596252441406,177.17135790835195,-215.70212593634824,-43.7459847952159,0.41097667428702245,0.34748604305563613,0.055096954913952945,3.626020315448941e-05,13.56696769880766,25.35983599883994,nan,nan,nan
284.7,177.4655303955078,-216.0033721923828,-43.73552703857422,177.16904019918448,-215.70624134068362,-43.74597857032977,0.41988381019440874,0.3474158377954322,0.05509127093163826,3.55045385798115e-05,13.194247028155091,24.505834368823653,1.210233276666563,0.9622627345335795,nan
284.71,177.4713134765625,-216.0119171142578,-43.73643493652344,177.17463530688698,-215.71477326493596,-43.747023313400994,0.42002918622010693,0.34746029856682137,0.05511254810933026,3.621488533679749e-05,13.169377217100427,24.35521552921347,nan,nan,nan
284.72,177.4769744873047,-216.02044677734375,-43.737327575683594,177.18024410282837,-215.723293480764,-43.74535564575388,0.420016014752689,0.34750484185905706,0.055133884940027494,3.54832147522214e-05,11.844719566743578,23.45052208111089,nan,4.986951649922376,nan
284.73,177.48252868652344,-216.02899169921875,-43.73820495605469,177.18561054124717,-215.73182506192921,-43.74633924544226,0.42016016229065395,0.3475494744752132,0.055155281621263666,3.6193416482106165e-05,11.812857380138144,22.881370083532197,nan,nan,nan
284.74,177.48797607421875,-216.03753662109375,-43.73906326293945,177.19085772352767,-215.74035734011042,-43.747470788684105,0.42031598334146464,0.34759419001705205,0.05517673824777242,3.546327397177913e-05,11.934269103783631,23.122219419239507,nan,0.01859330795746746,nan
284.75,177.49331665039062,-216.0460662841797,-43.73990249633789,177.2284040818552,-215.75797266175204,-43.74846287580593,0.3914714349070259,0.3475240548091003,0.055170969975401205,3.6151057937660894e-05,12.254352197746904,23.214917538074044,12.608902203995715,nan,nan
284.76,177.49853515625,-216.0546112060547,-43.740726470947266,177.23350557333455,-215.76651230699406,-43.74940063973098,0.39155701585384683,0.3475685844133976,0.05519242075388532,3.687460220894706e-05,12.225049645030335,22.135727088772267,nan,nan,nan
284.77,177.503662109375,-216.0631561279297,-43.74153137207031,177.23850180653986,-215.77505215656677,-43.75032296744159,0.3916518564540192,0.3476131999344625,0.05521393160759924,3.7612634644874094e-05,12.196415894170014,22.455850844453494,nan,nan,nan
284.78000000000003,177.50869750976562,-216.07168579101562,-43.74232482910156,177.24343644028437,-215.78358928162416,-43.75031490949297,0.3916974279856164,0.34765789828693844,0.05523550266213706,3.679672487935915e-05,11.831326894179156,22.979141213980633,nan,0.5338829524742538,nan
284.79,177.51376342773438,-216.08023071289062,-43.74320602416992,177.24829911858473,-215.7921300398809,-43.75125078154334,0.39183927233261473,0.3477026860728268,0.0552571340994532,3.7532939041138663e-05,11.774777848637928,22.049484461964962,nan,nan,nan
284.8,177.51885986328125,-216.08877563476562,-43.74417495727539,177.24814832387426,-215.80321747122045,-43.754243873011376,0.393610956909857,0.3476326137404928,0.05525127844797547,3.669878926546692e-05,12.329570380353937,23.04714254482514,3.476730617473596,2.3867932778062215,nan
284.81,177.5240020751953,-216.09732055664062,-43.74523162841797,177.2530723124188,-215.81177241326452,-43.75537936315093,0.3937558317839764,0.3476772122141059,0.05527290339040025,3.743236671087106e-05,12.272443822596667,23.15413741091328,nan,nan,nan
284.82,177.52919006347656,-216.10586547851562,-43.746376037597656,177.25804165762503,-215.82032733569798,-43.75647482685233,0.3938977970793784,0.34772189369767414,0.05529458878612267,3.6626714689588914e-05,12.26026896360212,23.297365277304706,nan,0.010608084734952387,nan
284.83,177.53440856933594,-216.11441040039062,-43.74760818481445,177.26304468564678,-215.82888287854968,-43.75778472351115,0.3940404611703512,0.34776666427698016,0.05531633480663187,3.735869537715121e-05,12.202772298378225,23.017411370239046,nan,nan,nan
284.84000000000003,177.5396728515625,-216.12294006347656,-43.748924255371094,177.26820918117167,-215.8374307289947,-43.75632124120568,0.3940340338318252,0.3478115182780753,0.05533814157150522,3.6557428670857175e-05,10.88060735609819,22.57165948031355,nan,5.283616892230621,nan
284.85,177.54498291015625,-216.13148498535156,-43.75032043457031,177.28461630702228,-215.84503437236367,-43.757916184414974,0.38717233517435884,0.34774151434317846,0.05533219551161769,3.726431433249987e-05,11.434905498343248,21.84168719500188,6.733982925971882,nan,nan
284.86,177.55032348632812,-216.14002990722656,-43.75180435180664,177.28982103038106,-215.85357476830936,-43.75817137563628,0.38724490333505157,0.3477861789876715,0.05535399514217752,3.6468289377994444e-05,10.953566846266824,21.13726648681997,nan,1.0726013103445269,nan
284.87,177.55569458007812,-216.14857482910156,-43.75336837768555,177.2950092516091,-215.86211842498454,-43.759782443755185,0.3873696583138748,0.3478309324033551,0.05537585563683834,3.719645485549824e-05,10.903737214125488,20.962254667447624,nan,nan,nan
284.88,177.5611114501953,-216.15711975097656,-43.75501251220703,177.3002679626271,-215.87066037103153,-43.76066746357197,0.3874664886673224,0.34787576939823106,0.05539777712301972,3.640452133204665e-05,10.631736541688111,20.920310995005202,nan,0.4258912101059675,nan
284.89,177.56655883789062,-216.16566467285156,-43.756736755371094,177.30552994245292,-215.87920425003708,-43.76243433968597,0.38759272511169085,0.34792069533728376,0.05541975976071091,3.713138240883625e-05,10.583585626894052,20.74677602859966,nan,nan,nan
284.90000000000003,177.57203674316406,-216.17420959472656,-43.758541107177734,177.31149612512291,-215.89089820289692,-43.76582079382593,0.384967209288542,0.34785075348834626,0.05541372019209089,3.63210162056213e-05,10.853038024745656,21.237274286845416,1.1193036628924942,1.5201755858135264,nan
284.91,177.5775604248047,-216.18275451660156,-43.76042175292969,177.31682391077683,-215.89945323222136,-43.76776289343916,0.38509354684654085,0.3478954897775174,0.055435695034004494,3.70457529634735e-05,10.8048351451914,21.458674488965816,nan,nan,nan
284.92,177.58311462402344,-216.19129943847656,-43.76237869262695,177.32217262940947,-215.90800876228673,-43.77014301013419,0.38523319742146567,0.34794030978905627,0.0554577311099479,3.626254871725961e-05,10.968993202726391,21.528623730934523,nan,0.0848088497498825,nan
284.93,177.5886993408203,-216.19984436035156,-43.7644157409668,177.32757022567398,-215.91656338797168,-43.772245253455836,0.38535415575210197,0.3479852184398963,0.055479828574268475,3.6986164144575564e-05,10.920763064689362,21.326123894250113,nan,nan,nan
284.94,177.59432983398438,-216.20838928222656,-43.76652526855469,177.33296778265023,-215.9251191340434,-43.77530549171439,0.38552456607593544,0.34803021120830563,0.05550198756267858,3.6206621138456816e-05,11.349181469370233,22.06547670178795,nan,0.5115210158562166,nan
284.95,177.59999084472656,-216.2169189453125,-43.76866912841797,177.34650860183444,-215.94734322205653,-43.77756697679603,0.37013982457492556,0.34796033568036777,0.05549585140466798,3.6906104585870985e-05,10.317009977555223,22.95113445119543,14.451479392979905,nan,nan
284.96,177.60568237304688,-216.2254638671875,-43.770809173583984,177.35204507953713,-215.95593894296576,-43.778516769769375,0.3701823448986171,0.34800513872588923,0.055518001921374356,3.613104609927443e-05,9.773208020763937,21.576156679745466,nan,1.1341810827088996,nan
284.97,177.6114044189453,-216.2340087890625,-43.77292251586914,177.35756486232768,-215.96453611601893,-43.78074961894479,0.3702854379578529,0.34805003011857866,0.055540214060311024,3.685175756316396e-05,9.748982110593223,21.518216654923126,nan,nan,nan
284.98,177.61715698242188,-216.2425537109375,-43.77500534057617,177.36314111020704,-215.97313222615242,-43.78231322413056,0.37035848169430113,0.34809500575149427,0.055562487961020625,3.608008910525209e-05,9.524587900729763,21.19056192711639,nan,0.27366008966235494,nan
284.99,177.62294006347656,-216.2510986328125,-43.77705001831055,177.36872568394293,-215.98172886208607,-43.78447912463981,0.3704594657499403,0.3481400699209504,0.05558482377222646,3.679991750801148e-05,9.502316964236059,21.141389627941635,nan,nan,nan
285.0,177.62876892089844,-216.2596435546875,-43.77906036376953,177.3803496390009,-215.98912368942874,-43.78733638957881,0.36737124237111624,0.34807025544091647,0.05557858791079283,3.600953487252224e-05,10.19521255458639,21.532633657822075,2.261986364170298,0.4096070568719248,nan
285.01,177.63461303710938,-216.26817321777344,-43.781028747558594,177.38601609657115,-215.99771071247628,-43.78943497289685,0.36745213326502524,0.34811512959982704,0.05560091455503757,3.672765578141068e-05,10.17437573139404,21.85770488663095,nan,nan,nan
285.02,177.6405029296875,-216.27671813964844,-43.782958984375,177.3916740378313,-216.00629815555666,-43.792610620699556,0.36760840483089774,0.3481600881080102,0.05562330319439144,3.59633105249485e-05,10.798971885933119,22.082841618415056,nan,0.8301780593237092,nan
285.03000000000003,177.6464080810547,-216.28526306152344,-43.78485107421875,177.39740238123719,-216.01488433201416,-43.79464505976223,0.36770153394496424,0.34820513487943483,0.0556457539752385,3.66806970579385e-05,10.78287388760955,21.67577660633324,nan,nan,nan
285.04,177.65235900878906,-216.29380798339844,-43.786705017089844,177.40317847094693,-216.02346998414598,-43.79614534780919,0.36778076910465396,0.34825026637939405,0.05566826704057112,3.591934791818015e-05,10.607711895315838,21.85291302032275,nan,0.16559304979080192,nan
285.05,177.6583251953125,-216.30233764648438,-43.78852462768555,177.38563167080866,-216.01702687138328,-43.798000734447015,0.39478322316743253,0.34818051606842065,0.05566192836086659,3.661334418954562e-05,11.147175809022059,22.146516569252118,8.390564029988568,nan,nan
285.06,177.66432189941406,-216.31088256835938,-43.79030227661133,177.39147465114866,-216.02557514008132,-43.79846544197942,0.3948576791522124,0.3482254574573579,0.05568443154829615,3.585579369668847e-05,10.512855844598658,20.917202253527183,nan,1.4215717997804085,nan
285.07,177.6703643798828,-216.3194122314453,-43.792049407958984,177.39729789921645,-216.03412377976971,-43.80033527048086,0.39499804941379385,0.34827048684824646,0.0557069971049658,3.6571012237549325e-05,10.48967736190357,21.883793102736348,nan,nan,nan
285.08,177.67642211914062,-216.3279571533203,-43.79376220703125,177.40316326149483,-216.04267215552605,-43.801773419076206,0.3951229084307692,0.3483156010573304,0.05572962517500992,3.581621305445595e-05,10.364338868574034,20.741674467308176,nan,0.10660235260856905,nan
285.09000000000003,177.68251037597656,-216.3365020751953,-43.79543685913086,177.40904392413648,-216.05122026190043,-43.803572273146216,0.39526674314951193,0.34836080347327225,0.05575231590313029,3.653088754443023e-05,10.34438942116509,20.803718663850855,nan,nan,nan
285.1,177.68862915039062,-216.34503173828125,-43.797080993652344,177.42337009173343,-216.06965403001675,-43.80450378618671,0.38242691884557056,0.348291112938783,0.05574587127624901,3.5757043963057075e-05,9.4358500607125,21.289533023808808,5.622910133590166,0.5642446873947589,nan
285.11,177.69476318359375,-216.35357666015625,-43.79869079589844,177.42930561931757,-216.078230431656,-43.8062301451761,0.3825442533462983,0.3483361249611071,0.05576855139820518,3.647034371627582e-05,9.414489166905543,20.27471597507979,nan,nan,nan
285.12,177.70094299316406,-216.3621063232422,-43.800270080566406,177.43528782352854,-216.08680667285714,-43.80731472375169,0.38263846337478596,0.34838122187857684,0.0557912942583105,3.5721600992606835e-05,9.20439999124604,21.165721272692362,nan,0.25225975983474136,nan
285.13,177.70713806152344,-216.3706512451172,-43.80181884765625,177.44127811958128,-216.0953826577024,-43.808972778462,0.38276034626485306,0.3484264067591675,0.05581410000108081,3.6434475254049125e-05,9.18096547869075,20.121203345767565,nan,nan,nan
285.14,177.71336364746094,-216.37918090820312,-43.8033332824707,177.44733802978539,-216.10395862405696,-43.80921363471847,0.382820471621948,0.34847167689928593,0.05583696877093748,3.568813042049156e-05,8.705122044821819,20.444524267637384,nan,1.3057386666883422,nan
285.15000000000003,177.71961975097656,-216.38772583007812,-43.8048210144043,177.4385393847296,-216.1048077907451,-43.81090138018469,0.3988555629768611,0.34840204831287797,0.05583041506155186,3.6378174232828174e-05,8.929511881474681,19.94820298790149,2.620037756468031,nan,nan
285.16,177.72589111328125,-216.39625549316406,-43.806278228759766,177.44461715461588,-216.11336633324282,-43.81153770743372,0.39895987109000425,0.34844712793297494,0.05585327248071477,3.563501843500279e-05,8.650110009872101,20.05338526791697,nan,0.5778718752646936,nan
285.17,177.73220825195312,-216.40478515625,-43.80770492553711,177.45069347486637,-216.12192407406022,-43.81305796162105,0.39911103283559635,0.34849229528348785,0.05587619300371156,3.6346307464222485e-05,8.622463897336278,20.522128599396666,nan,nan,nan
285.18,177.738525390625,-216.413330078125,-43.809104919433594,177.45679250862872,-216.1304812766981,-43.81465875317906,0.3992589464693696,0.34853754795258224,0.05589917677441326,3.560533295201739e-05,8.662989305123844,19.185933644993217,nan,0.007994057937040588,nan
285.19,177.74488830566406,-216.42185974121094,-43.81047439575195,177.46292020624924,-216.1390379819208,-43.816125143399695,0.3994071701466457,0.34858288857136405,0.05592222393813972,3.63163451646755e-05,8.636789264797084,20.344975294945627,nan,nan,nan
285.2,177.7512664794922,-216.43038940429688,-43.81181716918945,177.48492334847327,-216.15276496982983,-43.81598498439112,0.38474843825239774,0.3485133182729137,0.0559155580040305,3.555597740795712e-05,8.280452878582468,19.36910894669286,2.438580323374482,1.7160534392033333,nan
285.21,177.75767517089844,-216.43893432617188,-43.81313705444336,177.49112954394909,-216.16132696146252,-43.81738321197225,0.38487718825679373,0.34855846809326974,0.0559385930567028,3.626587508121627e-05,8.25182074443667,18.71373522677331,nan,nan,nan
285.22,177.76409912109375,-216.4474639892578,-43.81442642211914,177.49731929246795,-216.16988710965813,-43.82023578612419,0.38503785497019494,0.3486037032796426,0.0559616915737653,3.5529837160060687e-05,8.666491601570915,19.613541989442606,nan,1.5001140037370884,nan
285.23,177.7705535888672,-216.45599365234375,-43.81569290161133,177.50357389562203,-216.17844782675238,-43.82159778159959,0.3851554355272094,0.34864902619896704,0.05598485370164585,3.623955069416628e-05,8.6407290095811,19.662048022015743,nan,nan,nan
285.24,177.77703857421875,-216.4645233154297,-43.816932678222656,177.5099602338467,-216.18701171986785,-43.81891399538649,0.3851589946825439,0.3486944348351192,0.05600807958259653,3.550538283186284e-05,7.75113306073533,18.930697279967482,nan,11.089738242776184,nan
285.25,177.78353881835938,-216.47305297851562,-43.818145751953125,177.50387858760018,-216.20391834499185,-43.82025133401782,0.3881336485105263,0.3486249241994607,0.05600129827906191,3.6192678386700136e-05,6.688174192602159,19.424170736094883,21.375393869713804,nan,nan
285.26,177.79005432128906,-216.48158264160156,-43.8193359375,177.51019517127224,-216.21251724718502,-43.819969143868605,0.38822381595024724,0.3486701418866231,0.05602451127222427,3.546116727188649e-05,6.540370088981309,19.023875586486504,nan,1.6172020073711197,nan
285.27,177.79660034179688,-216.4901123046875,-43.82050323486328,177.51649481534398,-216.2211140950948,-43.82118242878108,0.3883549974159076,0.3487154470998968,0.056047788090460876,3.6169746964851936e-05,6.505228810842073,19.138607055379275,nan,nan,nan
285.28000000000003,177.8031768798828,-216.49864196777344,-43.82164764404297,177.52278572707104,-216.2297088953786,-43.82361481582145,0.38852035438011756,0.3487608380612577,0.056071128874519545,3.543991788091177e-05,6.565097092500232,19.367787145670448,nan,1.0612085426750104,nan
285.29,177.8097686767578,-216.50717163085938,-43.82276916503906,177.52913052673773,-216.23830453437927,-43.824795775292394,0.3886533081879738,0.3488063167809884,0.05609453377303858,3.6148426636297166e-05,6.533388556857656,19.103752942953328,nan,nan,nan
285.3,177.81637573242188,-216.5157012939453,-43.82386779785156,177.56154865011445,-216.26040780075493,-43.82595467727416,0.3607159056770131,0.34873686274495125,0.0560876339480859,3.539885892887745e-05,6.21880722452136,18.682708751054715,6.545250365083685,0.00038407858988267433,nan
285.31,177.82301330566406,-216.52423095703125,-43.82494354248047,177.56797378102763,-216.26903071010273,-43.82709305353402,0.3608004234433843,0.34878215024040427,0.05611102516735349,3.6106451888904764e-05,6.18813136186574,18.85179880098359,nan,nan,nan
285.32,177.8296661376953,-216.5327606201172,-43.82600021362305,177.57440779642064,-216.27765236300255,-43.828745108900726,0.36089413695494005,0.3488275235047942,0.05613448056140216,3.538058705434116e-05,6.2379114604816035,18.66650693469325,nan,0.19725188691129045,nan
285.33,177.8363494873047,-216.54129028320312,-43.82703399658203,177.58087592537592,-216.2862742258057,-43.829847800592965,0.36098178329122244,0.34887298433491165,0.05615800028064151,3.608817995465254e-05,6.2091213016273,18.86085198170727,nan,nan,nan
285.34000000000003,177.84298706054688,-216.5498046875,-43.82804870605469,177.58734410795955,-216.29489593379205,-43.830746985966705,0.3610250304881766,0.3489185312726675,0.05618158446321756,3.5363727949141694e-05,6.160602267702154,19.1005229775096,nan,0.02332861453036741,nan
285.35,177.8495635986328,-216.55833435058594,-43.82904052734375,177.62194985515433,-216.3189411219274,-43.83187572778585,0.3303409942913504,0.348849134553338,0.056174562971884195,3.604919797598377e-05,5.789424783995385,18.751461904080795,8.316296976313893,nan,nan
285.36,177.85601806640625,-216.56686401367188,-43.830013275146484,177.62832779646106,-216.32759672440255,-43.83185445059214,0.33029545057269877,0.3488944900939913,0.0561981326676182,3.532694599317703e-05,5.63006198440661,18.13432805244711,nan,0.7861423329239136,nan
285.37,177.86236572265625,-216.57537841796875,-43.830970764160156,177.63457159692138,-216.3362500201445,-43.83286914958708,0.33026679856222657,0.3489399330163999,0.05622176689566095,3.603374598150193e-05,5.600830530438647,18.96733342473771,nan,nan,nan
285.38,177.8686065673828,-216.5839080810547,-43.831905364990234,177.6407357777935,-216.3449060863748,-43.83211337970125,0.3302227937001545,0.34898546205296865,0.05624546579223503,3.5312746686737224e-05,5.469753027310545,18.421528615027245,nan,2.1286201869656307,nan
285.39,177.8747100830078,-216.59243774414062,-43.832820892333984,177.6467415697349,-216.35355901010539,-43.83307435760772,0.3302010854960744,0.3490310787150405,0.056269229510584086,3.60196302102173e-05,5.438658967128137,17.993050767128327,nan,nan,nan
285.40000000000003,177.8806915283203,-216.6009521484375,-43.833717346191406,177.64902020180705,-216.35759314474583,-43.832509183379194,0.33600099384316806,0.3489617367250243,0.0562620831960354,3.5278565977652017e-05,5.690830610715106,18.577139204522705,1.9087605445239573,1.2985449918020908,nan
285.41,177.88656616210938,-216.60948181152344,-43.834598541259766,177.65478685650177,-216.36623263063308,-43.83341945420172,0.3359958344355829,0.3490071617166313,0.05628583160604669,3.5984681418189296e-05,5.656351630774994,18.00417576838115,nan,nan,nan
285.42,177.89231872558594,-216.61801147460938,-43.8354606628418,177.66042785841282,-216.37487137638635,-43.834716777790895,0.3359926115365815,0.34905267281977176,0.056309644886099484,3.526681709530942e-05,5.601956152315254,17.84313266940961,nan,0.1134094074968216,nan
285.43,177.89796447753906,-216.62652587890625,-43.836307525634766,177.66596170057693,-216.38351087753784,-43.835597926139464,0.33597928945051253,0.3490982713767806,0.05633352319142294,3.59730689643471e-05,5.5676792101353465,18.69641670645833,nan,nan,nan
285.44,177.9034881591797,-216.6350555419922,-43.837135314941406,177.67136663052318,-216.39214887041294,-43.83725267542804,0.33598224497289453,0.34914395637344886,0.05635746665531327,3.525622858517792e-05,5.522954725977047,17.720594416277017,nan,0.4336267768719369,nan
285.45,177.90890502929688,-216.64358520507812,-43.837947845458984,177.67178751477778,-216.39713270808625,-43.838199261434156,0.3419994330042661,0.34907466929598496,0.05635019237992923,3.594056100661316e-05,5.637553369735179,17.738032476667897,0.8042267508668901,nan,nan
285.46,177.9143524169922,-216.652099609375,-43.83885192871094,177.67705475215143,-216.40576370462423,-43.83912026361622,0.34204039485399057,0.3491201624290559,0.056374119698355506,3.5225535646068464e-05,5.6039656769078015,18.3052111397577,nan,0.0004077162682407647,nan
285.47,177.9198455810547,-216.66062927246094,-43.83984375,177.68235867246668,-216.4143952334501,-43.84010747535754,0.3420983824418658,0.3491657428517762,0.05639811224189454,3.5931244537953226e-05,5.5709653343058605,17.79000476021516,nan,nan,nan
285.48,177.9253692626953,-216.66915893554688,-43.840919494628906,177.6876700617065,-216.4230237886753,-43.84272374536886,0.34217930386997547,0.349211409699087,0.05642217014187297,3.52171093855052e-05,5.628868000664019,17.836981467968872,nan,1.6532478851220156,nan
285.49,177.93092346191406,-216.6776885986328,-43.84208297729492,177.69304516622205,-216.4316560605451,-43.8439035099024,0.3422300508403612,0.34925716408974367,0.05644629355643055,3.592301411663183e-05,5.596363109647766,17.67991430256314,nan,nan,nan
285.5,177.9365234375,-216.6862030029297,-43.84333419799805,177.69915468283418,-216.44363665726814,-43.846052532365334,0.3393961506572102,0.34918792970726964,0.056438888164389064,3.51885170734691e-05,5.482866816366663,18.86035494604135,1.0045782905740583,0.6190394294359693,nan
285.51,177.942138671875,-216.69473266601562,-43.844669342041016,177.7045943077764,-216.45228012386914,-43.84741346104844,0.3394379034483692,0.34923349196166154,0.05646299458308268,3.589375994266149e-05,5.4510411862844625,17.64502936800644,nan,nan,nan
285.52,177.94781494140625,-216.70326232910156,-43.84608840942383,177.7100558049784,-216.46092199513978,-43.849565106722984,0.3395148477515159,0.34927914061768556,0.05648716655248735,3.518206530240336e-05,5.552708575155287,18.375600373737367,nan,0.34783225689685615,nan
285.53000000000003,177.95350646972656,-216.7117919921875,-43.84758758544922,177.7155629228049,-216.46956564300996,-43.85110227146483,0.3395630851186969,0.3493248766633076,0.05651140423263739,3.588754239472885e-05,5.521862759942803,17.98000379244195,nan,nan,nan
285.54,177.959228515625,-216.72032165527344,-43.84917068481445,177.7211055964438,-216.47820982895385,-43.85257238405359,0.339605996179238,0.34937069942964954,0.05653570775205688,3.517654707565749e-05,5.475342522032313,17.8253211888176,nan,0.01575816469047427,nan
285.55,177.96499633789062,-216.7288360595703,-43.850833892822266,177.71132551078202,-216.47780515886757,-43.85411504241102,0.3568979792268649,0.3493015174997915,0.05652816811955443,3.586023815514341e-05,5.65748273319318,18.82232550192745,3.762997946699079,nan,nan
285.56,177.9707794189453,-216.73736572265625,-43.852577209472656,177.71693827070595,-216.48643305251935,-43.85420301054035,0.3569386175669776,0.3493471479183688,0.05655245377774674,3.515073922155108e-05,5.401472332786131,17.406411210221577,nan,2.0020985150408515,nan
285.57,177.9766082763672,-216.7458953857422,-43.85439682006836,177.7225560407786,-216.49505670076658,-43.85604563026763,0.35702283241120086,0.3493928655789795,0.056576805339182676,3.585584995892879e-05,5.370961658116794,17.762162882461823,nan,nan,nan
285.58,177.9824676513672,-216.75442504882812,-43.85629653930664,177.72821662788442,-216.50368209219724,-43.85722084505091,0.35709447991132803,0.3494386699267585,0.05660122293061593,3.5146940963276e-05,5.2885211221591115,17.60285471824276,nan,0.39030589328399184,nan
285.59000000000003,177.9883575439453,-216.76295471191406,-43.858272552490234,177.7338965896215,-216.5123054024907,-43.859213724898986,0.357178301965961,0.34948456177869563,0.05662570671470722,3.585232603718511e-05,5.258192154119126,17.575449378046912,nan,nan,nan
285.6,177.9942626953125,-216.771484375,-43.86032485961914,177.74778979442564,-216.52656339528573,-43.86101332176577,0.3474703601113421,0.3494154303632046,0.05661802969333922,3.512279355705731e-05,5.055771865510051,17.223314820844905,1.8147287419520532,0.11695355349764419,nan
285.61,178.00021362304688,-216.77999877929688,-43.86245346069336,177.75353960900486,-216.53519984157617,-43.863158899088035,0.3475271021893297,0.3494611295941979,0.05664249473807297,3.582759002897547e-05,5.02492982492664,18.260420875237134,nan,nan,nan
285.62,178.00619506835938,-216.7885284423828,-43.8646125793457,177.7593489569125,-216.54384150443644,-43.86326390057877,0.3475723223624513,0.3495069154721304,0.05666702599999565,3.512055095330719e-05,5.032765669425654,17.557272128543755,nan,3.0775415789641984,nan
285.63,178.01219177246094,-216.79705810546875,-43.866764068603516,177.7651581402634,-216.55247747037134,-43.86545733387942,0.3476305654815189,0.3495527887153246,0.05669162364337933,3.582564872491941e-05,4.999106586756922,17.252102347603618,nan,nan,nan
285.64,178.0182342529297,-216.8055877685547,-43.868896484375,177.77097130285242,-216.56110839673934,-43.86949234586747,0.34772041178949925,0.3495987489169912,0.056716287792582434,3.5119043232500804e-05,4.931812465860853,17.420582124183195,nan,2.413891946311567,nan
285.65000000000003,178.0242919921875,-216.81410217285156,-43.87099075317383,177.75925589655765,-216.56688109286569,-43.87178214330564,0.36244036843933464,0.3495296674405583,0.05670847027800533,3.580243644266849e-05,4.701531502482672,18.363017339616263,5.066259849495473,nan,nan
285.66,178.0303955078125,-216.8226318359375,-43.873050689697266,177.7818791762653,-216.5670454352158,-43.87416493514326,0.35649125770833096,0.34788411161203864,0.05630125718325859,3.509636878552225e-05,7.713086140061047,20.963416210542846,nan,0.03819674831034425,0.16621912492022647
285.67,178.03651428222656,-216.83116149902344,-43.87507247924805,177.78777708832604,-216.57565817511139,-43.87626931150918,0.3565859960333205,0.34792786469743725,0.0563234809071085,3.5801203529755e-05,7.673414266236323,20.565585715892702,nan,nan,nan
285.68,178.04266357421875,-216.8396759033203,-43.877052307128906,177.79368901548472,-216.58427458075656,-43.878657207596255,0.3566801678950383,0.34797170097566843,0.05634576395884624,3.509622200298169e-05,7.661230928453948,21.41576090237288,nan,0.07253143720339363,nan
285.69,178.048828125,-216.84820556640625,-43.878997802734375,177.79964230111554,-216.59288666393147,-43.88068889669969,0.356769080197128,0.34801562585892,0.05636810694112024,3.580138398539333e-05,7.624248309423995,20.201008128582902,nan,nan,nan
285.7,178.05503845214844,-216.8567352294922,-43.88090133666992,177.81655268144561,-216.605038796406,-43.88050790313092,0.3467372377550118,0.3479417186642717,0.05636161974634837,3.5075554453223756e-05,7.565501270610706,20.481489538236403,1.2414929802413093,3.2740244355242907,nan
285.71,178.06126403808594,-216.86524963378906,-43.88276672363281,177.82258029537599,-216.61365534908683,-43.88244322873092,0.34679924708368665,0.3479854570970568,0.05638395197371853,3.5780176398263394e-05,7.519314496966686,20.884877230417885,nan,nan,nan
285.72,178.06752014160156,-216.873779296875,-43.88459777832031,177.82868517830497,-216.62225638091198,-43.88310448712991,0.3468546480386384,0.3480292788927739,0.0564063438010588,3.5076602989213093e-05,7.536796199050248,20.15414095561988,nan,1.0766457485289394,nan
285.73,178.0738067626953,-216.88229370117188,-43.886390686035156,177.8347655740042,-216.63087201254362,-43.88495526319454,0.3469230690546213,0.3480731889692684,0.05642879579319572,3.5781570336493895e-05,7.4863552845634995,20.996784429707397,nan,nan,nan
285.74,178.08010864257812,-216.8908233642578,-43.88814926147461,177.84086134320546,-216.63949042434737,-43.88703277093796,0.3469996592105774,0.3481171828163897,0.05645130768228896,3.507821629036946e-05,7.421869288001456,19.87542631374905,nan,0.04820518024130217,nan
285.75,178.08644104003906,-216.8993377685547,-43.889869689941406,177.85622605881733,-216.64710777828518,-43.88889859288514,0.34149648402256627,0.3480433976790528,0.05644472430232889,3.576152421861539e-05,7.796428621231567,20.421902933229262,5.048146730755844,nan,nan
285.76,178.09280395507812,-216.90786743164062,-43.89155960083008,177.86239874744513,-216.65571545395477,-43.89099579104475,0.3415662416527241,0.3480872050731454,0.05646722483034052,3.505920113232366e-05,7.736796209327915,19.643251972854753,nan,0.08395026945074724,nan
285.77,178.09918212890625,-216.9163818359375,-43.893211364746094,177.8686099332221,-216.6643188983081,-43.89271824770211,0.34161309271366086,0.3481311004389216,0.056489785754499984,3.5763997508056545e-05,7.691350198003168,20.23874246601161,nan,nan,nan
285.78000000000003,178.1055908203125,-216.92491149902344,-43.894832611083984,177.87476832162764,-216.672945298453,-43.89644811746118,0.3417142109861467,0.3481750797210707,0.05651240684272587,3.5061825601860344e-05,7.717245628583635,19.593149967036442,nan,2.9267933830386164,nan
285.79,178.11203002929688,-216.9334259033203,-43.89642333984375,177.8810283245939,-216.68154806554895,-43.8981271112217,0.34177058909883523,0.3482191471532108,0.05653508860850393,3.576698109445476e-05,7.6808195281746245,20.339362021010537,nan,nan,nan
285.8,178.1184844970703,-216.9419403076172,-43.897979736328125,177.86848371189723,-216.6834408731831,-43.899465291001576,0.3596172368819334,0.348145478771925,0.056528405709566736,3.5043775355836234e-05,7.601918039875278,20.38369359146649,3.490939023799973,0.09035225456027911,nan
285.81,178.1249542236328,-216.95046997070312,-43.899505615234375,177.87475829596923,-216.69203292998955,-43.90108014453983,0.3597084727592108,0.3481893595159465,0.056551075470315224,3.5748419260465935e-05,7.567668387152607,19.4049950115794,nan,nan,nan
285.82,178.1314697265625,-216.958984375,-43.9010009765625,177.8810798597064,-216.7006175061326,-43.902012290736586,0.35979097696984524,0.348233324306014,0.05657380565755651,3.504729355686346e-05,7.484963025588188,20.561223940864586,nan,0.3003335315240782,nan
285.83,178.1379852294922,-216.96749877929688,-43.902469635009766,177.88740112374364,-216.70920884671423,-43.90356185654071,0.3598711940058773,0.3482773769596373,0.05659659675118285,3.575230827046019e-05,7.447630156005141,19.838509951722944,nan,nan,nan
285.84000000000003,178.14454650878906,-216.9760284423828,-43.90390396118164,177.89376741826305,-216.7177930478829,-43.90445070125558,0.35996662365041954,0.3483215140475303,0.05661944856745378,3.5051234924939454e-05,7.38212443337225,19.763543031558598,nan,0.2813409500600554,nan
285.85,178.15110778808594,-216.9845428466797,-43.90531539916992,177.90905876915298,-216.73661157060565,-43.90596687280493,0.34649396768199003,0.3482479653910993,0.05661266354845146,3.573460847703902e-05,6.755968421990512,19.96095532023678,6.4685982460220615,nan,nan
285.86,178.15769958496094,-216.99305725097656,-43.90669250488281,177.91544873079292,-216.74522980536184,-43.907287557655664,0.34656063428042955,0.34829191575534774,0.05663550271723853,3.5034406367208116e-05,6.713324136537477,20.28183012255614,nan,0.013657172557457202,nan
285.87,178.16432189941406,-217.00157165527344,-43.90804672241211,177.9218562094908,-216.7538489716229,-43.90871913907836,0.34663610736500267,0.3483359537111251,0.05665840301841603,3.5739292163670696e-05,6.674983524767669,20.266241553838743,nan,nan,nan
285.88,178.17095947265625,-217.0100860595703,-43.90937042236328,177.92824940997716,-216.76247894489944,-43.91122280444114,0.3467288408550491,0.3483800762076981,0.05668136429958783,3.5039090793997396e-05,6.719841912938964,20.237465648718814,nan,0.8500970524452771,nan
285.89,178.1776123046875,-217.0186004638672,-43.91067123413086,177.93470056964435,-216.77109759709575,-43.91261321134042,0.346796123619106,0.3484242864931005,0.05670438699542451,3.574435288711301e-05,6.6874192117742846,19.91732582709207,nan,nan,nan
285.90000000000003,178.18429565429688,-217.02711486816406,-43.91194534301758,177.94017880099767,-216.77562486345613,-43.9146019596279,0.3504958175849107,0.3483508531977374,0.05669749657651494,3.502296782773089e-05,7.0731159475884375,19.979140629625117,1.9024415897170552,0.29178221111987124,nan
285.91,178.1909942626953,-217.03562927246094,-43.91319274902344,177.94668111173158,-216.7842287465827,-43.915948416421195,0.35056915701255076,0.3483948765294368,0.05672050594787776,3.572773292152961e-05,7.044404093261469,19.816191452816337,nan,nan,nan
285.92,178.19772338867188,-217.0441436767578,-43.9144172668457,177.95321270688538,-216.79282946865533,-43.91700135324182,0.3506436684219152,0.3484389844934326,0.05674357655187468,3.502829943779999e-05,6.982692162853313,19.89294127634288,nan,0.05119314133466603,nan
285.93,178.2044677734375,-217.0526580810547,-43.91561508178711,177.95975645261777,-216.80143213518355,-43.91829760254439,0.35072111760457303,0.348483179995389,0.056766708794115835,3.5733447918114523e-05,6.954070236993872,19.774907787183484,nan,nan,nan
285.94,178.2112274169922,-217.06117248535156,-43.91679000854492,177.96630325729527,-216.8100396787385,-43.9201441903648,0.3508087528786623,0.34852746049971634,0.05678990256421593,3.5033939100655565e-05,7.03486164724304,19.664764969957332,nan,0.23177779209410887,nan
285.95,178.21800231933594,-217.06968688964844,-43.91794204711914,177.9910456163577,-216.82558351873732,-43.92140798116524,0.33332838675357007,0.3484541444826137,0.05678290404326863,3.5717448103988794e-05,7.012972360330849,19.308857499280077,2.9538756758888605,nan,nan
285.96,178.2248077392578,-217.0782012939453,-43.9190673828125,177.9977298426348,-216.83418096537883,-43.920957930760906,0.3333374657309968,0.34849823796648827,0.05680608381121696,3.5018689539817784e-05,6.739961002438685,19.3763542220115,nan,2.0001055720947636,nan
285.97,178.23162841796875,-217.0867156982422,-43.92017364501953,178.00438411236638,-216.8427932238622,-43.92215344220475,0.3333797647327326,0.3485424187506577,0.05682932543819206,3.572372801623861e-05,6.709245044341013,19.11016682105076,nan,nan,nan
285.98,178.23846435546875,-217.09523010253906,-43.92125701904297,178.01104326114418,-216.85140953771818,-43.92383348844822,0.33342984294743827,0.3485866846074301,0.05685262884056895,3.502485639534571e-05,6.7510404608546475,19.069863181705237,nan,0.18028772634818763,nan
285.99,178.24533081054688,-217.10372924804688,-43.92232131958008,178.01773596369043,-216.86002091641492,-43.9249923031286,0.33346708889417415,0.3486310379792641,0.056875994385183364,3.573027802903812e-05,6.721783677716814,19.923162215350626,nan,nan,nan
286.0,178.25221252441406,-217.11224365234375,-43.923362731933594,178.05267543067143,-216.87950873974972,-43.92607541825961,0.306574542300089,0.34855783563666715,0.056868884532282546,3.5010105547816755e-05,6.685172040872924,18.82768521433571,8.332381484657716,0.00908549398351862,nan
286.01,178.2591094970703,-217.12075805664062,-43.924381256103516,178.05945307293268,-216.88813631272433,-43.92719162296998,0.30656722199871334,0.34860200176198675,0.05689223536579461,3.5715035192626705e-05,6.658666590139488,18.738080719941927,nan,nan,nan
286.02,178.26597595214844,-217.1292724609375,-43.92538070678711,178.0662671792101,-216.89674996171928,-43.92671506956613,0.30651604714150765,0.3486462530165248,0.05691564821756779,3.501672313054035e-05,6.451922477536164,18.427570754300408,nan,1.745429550088882,nan
286.03000000000003,178.2727508544922,-217.1377716064453,-43.926361083984375,178.07298301390148,-216.90537603242174,-43.92777654472564,0.30645863748494667,0.34869059156755045,0.056939123429955635,3.57220399182513e-05,6.420805590579928,18.884209427927505,nan,nan,nan
286.04,178.27943420410156,-217.1462860107422,-43.92732238769531,178.0795913891159,-216.91400525775444,-43.9292888657171,0.30642350749535724,0.3487350156014942,0.056962660954872076,3.502355759625213e-05,6.440126428524486,18.451892217873908,nan,0.1555269923629127,nan
286.05,178.28599548339844,-217.15478515625,-43.92826461791992,178.07389779193153,-216.91233177393252,-43.93035046469962,0.3221388273393409,0.3486619279821943,0.05695543698455052,3.570722682397423e-05,6.896700688485547,18.904020538835496,4.346674659640315,nan,nan
286.06,178.29241943359375,-217.16329956054688,-43.9291877746582,178.08027975147075,-216.92092833014044,-43.93126258724956,0.32210458380355794,0.34870616467381577,0.05697895908660845,3.500940574051422e-05,6.863903815045636,17.8702970982196,nan,0.006996697263864295,nan
286.07,178.29873657226562,-217.1717987060547,-43.930091857910156,178.0865350458976,-216.9295254307072,-43.932255654739144,0.3220722120227688,0.3487504884550538,0.05700254376485033,3.571461584999799e-05,6.83649807786247,18.929521384042424,nan,nan,nan
286.08,178.30491638183594,-217.18031311035156,-43.93097686767578,178.09266304144256,-216.93812337276265,-43.93335612887811,0.3220450440317356,0.3487948977568553,0.05702619099343304,3.501659815985741e-05,6.833360293998362,17.96199223423933,nan,0.010964088983039619,nan
286.09000000000003,178.31097412109375,-217.18882751464844,-43.931846618652344,178.09867107778285,-216.9467204065366,-43.934316406036906,0.32201635648996274,0.34883939437861006,0.05704990108235568,3.5722191449334435e-05,6.808865282810071,17.871597088369363,nan,nan,nan
286.1,178.31692504882812,-217.19732666015625,-43.93269729614258,178.084076355981,-216.9534596777791,-43.93406086368324,0.3371816693872618,0.3487664184775507,0.057042559810285554,3.500278436975643e-05,6.204589043373302,19.20846641610378,10.05391717068585,0.8939126731698175,nan
286.11,178.32275390625,-217.20584106445312,-43.93353271484375,178.08979427341387,-216.96206508044105,-43.93497592626305,0.33719282876627066,0.34881072753348813,0.05706625373649323,3.570788446982468e-05,6.176300950131979,18.307605646067838,nan,nan,nan
286.12,178.32859802246094,-217.21434020996094,-43.93445587158203,178.0954700103314,-216.97067033779732,-43.935872506353455,0.3372323879667789,0.3488551221356314,0.057090010446239,3.5010275215360726e-05,6.138991793547046,18.703153981949097,nan,0.002184680443984175,nan
286.13,178.33448791503906,-217.2228546142578,-43.93546676635742,178.10117571967737,-216.97927635309222,-43.936913975426855,0.3372937061835537,0.34889960386755475,0.0571138302294519,3.571576054057661e-05,6.104940373027992,18.3227165422428,nan,nan,nan
286.14,178.3404083251953,-217.23135375976562,-43.93656539916992,178.10692488925113,-216.98787861518204,-43.937469474829236,0.3373358537764627,0.3489441714850387,0.0571377130895336,3.501791274670213e-05,6.033280139697622,18.971080629463174,nan,0.23305869770957063,nan
286.15000000000003,178.3463592529297,-217.2398681640625,-43.93775177001953,178.07330067057006,-216.97142479395907,-43.93866395342233,0.3829146960241841,0.3488713076476409,0.05713025166440171,3.570173758973646e-05,6.834593961251063,18.254231218130382,20.124222770096207,nan,nan
286.16,178.3523406982422,-217.24838256835938,-43.939022064208984,178.07905917467158,-216.97997223324467,-43.93984305830383,0.3830503532863061,0.348915687576842,0.057154117617153034,3.500448775883293e-05,6.795443123241484,18.30327572291088,nan,0.010110083804801058,nan
286.17,178.35833740234375,-217.2568817138672,-43.94037628173828,178.08484476612472,-216.98852061699176,-43.941226261584916,0.3831665732393108,0.3489601544557051,0.05717804685364835,3.5709860004074695e-05,6.760677300941447,18.6101080618469,nan,nan,nan
286.18,178.3643798828125,-217.26539611816406,-43.94181442260742,178.09064551921605,-216.9970738683414,-43.94339956732442,0.3833142891247589,0.34900470722930277,0.057202039395267135,3.501235436644924e-05,6.777362576252338,18.364567382399464,nan,0.35126973911642795,nan
286.19,178.37045288085938,-217.27391052246094,-43.943336486816406,178.09648954100246,-217.00562264644395,-43.94495819383214,0.3834539423932263,0.3490493471963868,0.05722609550569406,3.5718105656880935e-05,6.744488334366159,18.326808974551394,nan,nan,nan
286.2,178.3765411376953,-217.28240966796875,-43.94493865966797,178.10569219175005,-217.01447878988333,-43.945280578041846,0.38098060824595636,0.34897659287420557,0.05721851078461075,3.4999146369750835e-05,6.7267022752032215,18.55509726825703,0.24042648674625955,1.2190775213767666,nan
286.21,178.38265991210938,-217.29092407226562,-43.94662094116211,178.11160095811422,-217.0230264114179,-43.94699084795695,0.3811066124585927,0.3490210449304403,0.05724254921798251,3.570439962120403e-05,6.693097812851653,17.93849259021873,nan,nan,nan
286.22,178.38880920410156,-217.2994384765625,-43.94837951660156,178.117535105629,-217.03157466105085,-43.9489153628299,0.38123607816382965,0.34906558288026807,0.05726665118021714,3.500719687850731e-05,6.6634751972497055,18.095051476626146,nan,0.012544797492967616,nan
286.23,178.39498901367188,-217.3079376220703,-43.95022201538086,178.12349941116332,-217.040121983909,-43.95078784244082,0.38135566139008664,0.3491102078576405,0.05729081691901601,3.571283015262077e-05,6.629120710601943,18.609970321248692,nan,nan,nan
286.24,178.4011993408203,-217.3164520263672,-43.9521369934082,178.12947700808192,-217.04867366503652,-43.95351372939847,0.38149727693355723,0.34915491905573776,0.057315046479131423,3.501534170548842e-05,6.6404692467448685,18.215693034420255,nan,0.423295439973993,nan
286.25,178.4074249267578,-217.32496643066406,-43.954132080078125,178.12441985457465,-217.0482399490801,-43.95548444782674,0.3958171868296703,0.3490822740354327,0.05730733556172388,3.569930013822876e-05,7.008503028505544,17.77286255891095,3.068571981696797,nan,nan
286.26,178.41368103027344,-217.33346557617188,-43.95620346069336,178.1304841834992,-217.05675543649562,-43.95605911841562,0.3959406221357197,0.3491267971760357,0.05733154666858334,3.5002366565062526e-05,6.923307945630586,18.416682989899353,nan,1.6706055623474987,nan
286.27,178.4199676513672,-217.34197998046875,-43.95834732055664,178.13654812291443,-217.06527935685455,-43.95823303770695,0.396093268407127,0.34917140718661965,0.05735582175684922,3.570787501893177e-05,6.889809541988334,17.95094618985361,nan,nan,nan
286.28000000000003,178.42626953125,-217.35049438476562,-43.96052169799805,178.1426604156782,-217.073795629538,-43.9590989421598,0.39623018034232116,0.34921610340284936,0.05738016088537189,3.50106455234825e-05,6.914502246552794,17.741264430146245,nan,1.3090260714062871,nan
286.29,178.43260192871094,-217.35899353027344,-43.96269226074219,178.14877557538037,-217.08231896850742,-43.96132635628407,0.39636861337438595,0.3492608867442535,0.057404564281202324,3.571652671929251e-05,6.874998068397286,18.355872088942697,nan,nan,nan
286.3,178.43896484375,-217.3675079345703,-43.96483612060547,178.1663418391597,-217.0907740818134,-43.962265621512195,0.38847333931571737,0.34918834881256533,0.05739672406244092,3.499779921953719e-05,7.339521219917476,17.69032176316108,4.749676242315788,0.8985017532557218,nan
286.31,178.4453582763672,-217.37600708007812,-43.966949462890625,178.17253650055832,-217.0992888334066,-43.964436467334,0.3886013697134004,0.34923294387314396,0.05742110820645218,3.570317575294579e-05,7.293625018655502,18.28954948432795,nan,nan,nan
286.32,178.45176696777344,-217.384521484375,-43.96902084350586,178.17875453639067,-217.10780369251438,-43.9666611090307,0.38873396091484025,0.3492776251156337,0.057445556605265874,3.500617894909334e-05,7.243536520331084,17.56261485719079,nan,0.0054963800078014725,nan
286.33,178.45819091796875,-217.3930206298828,-43.9710578918457,178.18499849453576,-217.1163178918295,-43.968761279800425,0.38884930229366493,0.34932239333741877,0.057470069473602885,3.57119287616652e-05,7.199090545226496,17.767057899225502,nan,nan,nan
286.34000000000003,178.4646453857422,-217.4015350341797,-43.973052978515625,178.1912772470698,-217.1248282671655,-43.9700858644451,0.3889801767681264,0.34936724805810904,0.057494646888405776,3.5014615352528475e-05,7.270959454835292,17.45633011013157,nan,0.3837729560655118,nan
286.35,178.47113037109375,-217.4100341796875,-43.97500991821289,178.22676872373,-217.13748398859514,-43.97215732052358,0.3660660578097689,0.3492948165664421,0.05748667443458013,3.569867672561466e-05,7.780164356294358,17.684217330916272,15.135586143731915,nan,nan
286.36,178.47763061523438,-217.41854858398438,-43.976924896240234,178.23315697285003,-217.14598912609173,-43.973582371886,0.3661518706444902,0.34933948283791644,0.05751123179108915,3.500189048095983e-05,7.839885257893678,17.091848889250247,nan,0.21715287967266428,nan
286.37,178.48416137695312,-217.4270477294922,-43.97880554199219,178.23956091341122,-217.1544963834728,-43.975519007943745,0.366230015547527,0.34938423594956947,0.057535853816348084,3.570750154484665e-05,7.7903323449392055,17.639384603192642,nan,nan,nan
286.38,178.49070739746094,-217.435546875,-43.980648040771484,178.24598802855036,-217.1630032946109,-43.97741876413394,0.36630315444848494,0.3494290757732711,0.05756054062533456,3.6427437023408356e-05,7.741668703541234,17.455611640510874,nan,nan,nan
286.39,178.49728393554688,-217.44406127929688,-43.982452392578125,178.2524379692748,-217.17150981233596,-43.97928239605273,0.36639309248431834,0.34947400245352156,0.05758529236254878,3.716184141684493e-05,7.694540731052402,17.013272742939762,nan,nan,nan
286.40000000000003,178.50387573242188,-217.4525604248047,-43.984222412109375,178.30030794232897,-217.19626559756034,-43.98218038856805,0.3273088044884548,0.3494016754049268,0.0575771846015635,3.6355646345465776e-05,7.4650062104265755,17.03014407082823,15.042850495159735,0.790225986315589,nan
286.41,178.510498046875,-217.4610595703125,-43.98595428466797,178.3068706740548,-217.20479830098148,-43.98398479083887,0.32731914705183757,0.34944641341021654,0.05760191545409895,3.708777787849369e-05,7.422576257778858,17.24550730700824,nan,nan,nan
286.42,178.5171356201172,-217.46957397460938,-43.98765563964844,178.31345870231627,-217.21332960907512,-43.98547013722369,0.32733810980969713,0.34949123781992986,0.057626711266788845,3.630815486482142e-05,7.418809882528829,16.33260679318552,nan,0.05320801785347871,nan
286.43,178.52378845214844,-217.4780731201172,-43.989322662353516,178.32006478025193,-217.22186160561088,-43.98720420553453,0.3273410492374976,0.34953614922144344,0.05765157223322059,3.703901762572535e-05,7.376808815665066,16.81425482637615,nan,nan,nan
286.44,178.5304718017578,-217.486572265625,-43.99095153808594,178.32669473743692,-217.2303921817011,-43.98867660829427,0.3273507333855499,0.34958114733793544,0.05767649845095813,3.626206551416409e-05,7.366642874831661,17.131035462252807,nan,0.03443436137131212,nan
286.45,178.53717041015625,-217.4950714111328,-43.9925537109375,178.3389981277471,-217.23922656713626,-43.99040783047015,0.3236254664235469,0.3495089237883461,0.057668252434459874,3.6968182483391234e-05,7.482124463008464,16.739275503099368,0.9036071986783623,nan,nan
286.46,178.54388427734375,-217.50357055664062,-43.99412155151367,178.3456862720616,-217.24775277873965,-43.99154684273206,0.32362295022652426,0.34955373304359566,0.057693156932282545,3.619483064545144e-05,7.509651429513455,16.781387882573977,nan,0.16357417456351944,nan
286.47,178.55062866210938,-217.5120849609375,-43.99565887451172,178.35238927481552,-217.2562804972525,-43.993148417572726,0.3236372671832665,0.3495986291628507,0.05771812677691119,3.692244252576411e-05,7.467201994022065,16.258543588728553,nan,nan,nan
286.48,178.55740356445312,-217.5205841064453,-43.99716567993164,178.35912674107294,-217.2648029647579,-43.99333124962769,0.323654745042315,0.34964361194842564,0.05774316207436568,3.6151647258278984e-05,7.671826816682627,17.217978229100435,nan,1.2746884318144542,nan
286.49,178.56417846679688,-217.52908325195312,-43.99864196777344,178.36586988514546,-217.2733297768814,-43.994859559800624,0.323651726672248,0.3496886818685608,0.05776826300576651,3.687819423858037e-05,7.6224709344430135,16.872505063127345,nan,nan,nan
286.5,178.57098388671875,-217.53758239746094,-44.00008773803711,178.38418782241922,-217.2815748550007,-43.99750844155821,0.3169215742177288,0.34961655996287067,0.0577598756938637,3.60875209540673e-05,7.781397929840214,16.781507170484506,3.896628671435775,0.9487872193082061,nan
286.51,178.5778045654297,-217.54608154296875,-44.001502990722656,178.39099971983197,-217.29009246474777,-43.99899071066429,0.31691129682973695,0.34966144079061506,0.05778495405203776,3.681215747158448e-05,7.738027961924189,16.744706743670747,nan,nan,nan
286.52,178.5846405029297,-217.55458068847656,-44.00289535522461,178.39784314344865,-217.2986056428553,-43.99912243774757,0.31690805038083036,0.3497064082297668,0.057810098060373544,3.604725544145544e-05,7.931254950115914,16.665243457241093,nan,1.1636871916153866,nan
286.53000000000003,178.5915069580078,-217.56307983398438,-44.00425720214844,178.40469328229847,-217.30712274330713,-44.00053683838889,0.31690254465134504,0.3497514626837894,0.05783530789294038,3.677096056502848e-05,7.882352352283339,16.892402572304057,nan,nan,nan
286.54,178.598388671875,-217.5715789794922,-44.005592346191406,178.411585503954,-217.3156316847012,-43.99927277238702,0.3169296109062919,0.34979660405264557,0.057860583666175094,3.600842501606499e-05,8.5848643498669,17.519870697910076,nan,4.685646262943124,nan
286.55,178.60528564453125,-217.580078125,-44.006900787353516,178.4338436300947,-217.33174107731605,-44.000655072340756,0.30183217608872814,0.34972458258322564,0.05785205210280387,3.6708149743456175e-05,8.384019174059983,17.46261402989316,2.1716537065800745,nan,nan
286.56,178.61219787597656,-217.5885772705078,-44.008182525634766,178.44078294297944,-217.34026826221944,-44.00058904899925,0.3018246241428587,0.34976953465544075,0.057877304439908225,3.594886795135563e-05,8.895624683770066,17.963630049799992,nan,1.2675389009145064,nan
286.57,178.61912536621094,-217.59707641601562,-44.009437561035156,178.44772892268125,-217.34879889847107,-44.0018612306591,0.3017877852973464,0.34981457362723867,0.057902622788433465,3.6669983522381786e-05,8.82754866872144,17.921747439599823,nan,nan,nan
286.58,178.62608337402344,-217.60556030273438,-44.01066970825195,178.45470449899997,-217.35732500508877,-44.0015990506929,0.3017842915561789,0.34985969945101175,0.057928007270625505,3.5912940327814384e-05,9.522352453248503,19.34160673281073,nan,1.5279501255232502,nan
286.59000000000003,178.63304138183594,-217.6140594482422,-44.01187515258789,178.4616862009563,-217.36585456355644,-44.00280853585432,0.3017456981220272,0.3499049124512664,0.05795345805196263,3.6633300932961804e-05,9.446345219221051,18.529088418336148,nan,nan,nan
286.6,178.64002990722656,-217.62255859375,-44.013057708740234,178.4493008901078,-217.3664286054463,-44.00465230388149,0.3194538772818246,0.349832989665909,0.0579447792311836,3.5856418836974614e-05,9.212683255589084,18.382872357856293,3.609274305726088,0.21275183376641313,nan
286.61,178.64703369140625,-217.6310577392578,-44.014217376708984,178.45628636535957,-217.3749433657916,-44.00582320463208,0.31945199453877215,0.3498780131338498,0.05797020569743051,3.6575181454664724e-05,9.139855387632046,18.25567837652007,nan,nan,nan
286.62,178.654052734375,-217.63954162597656,-44.01535415649414,178.4632909054107,-217.3834568486099,-44.006692179269564,0.3194440771687138,0.3499231233861145,0.057995698486315986,3.582334933634834e-05,9.277870591382312,18.992003293393374,nan,0.05265464807374026,nan
286.63,178.6610870361328,-217.64804077148438,-44.0164680480957,178.47031032039197,-217.39197054369382,-44.00781606142866,0.3194410332171749,0.3499683207054516,0.05802125775860625,3.6541471655846034e-05,9.203440684598345,18.310220423682743,nan,nan,nan
286.64,178.66815185546875,-217.6565399169922,-44.01755905151367,178.47736461110685,-217.4004775960364,-44.00606240877954,0.31953068337582724,0.35001360510724366,0.05804688364353201,3.579167498874911e-05,10.818929144541052,20.16753198853795,nan,5.501956388256599,nan
286.65000000000003,178.6752166748047,-217.66502380371094,-44.01862716674805,178.50243994610753,-217.4172368915941,-44.00719431741841,0.30229267579531216,0.3499417796069483,0.05803805461388279,3.6486434990811345e-05,10.585707184694497,20.55968222799461,3.055934386878448,nan,nan
286.66,178.6822967529297,-217.67352294921875,-44.019676208496094,178.50765619334751,-217.42381767581276,-44.00763192962601,0.3049542806248779,0.3466898509353401,0.05454511896176251,3.5738816300722366e-05,14.08144261789706,23.338009172445506,nan,0.241017171859458,0.0010762127846989887
286.67,178.6894073486328,-217.68202209472656,-44.02070236206055,178.51476934369677,-217.4323430435474,-44.00863944577029,0.3049320831188335,0.3467372740630315,0.0545632565849509,3.645489766071929e-05,13.97399602737182,23.573763966105307,nan,nan,nan
286.68,178.69651794433594,-217.6905059814453,-44.02170944213867,178.5218291646043,-217.440781948847,-44.00774110376275,0.3050792957548604,0.3467847814967886,0.05458144989540091,3.570993919330775e-05,15.405372616617843,25.388137925456984,nan,2.4113032171370343,nan
286.69,178.70359802246094,-217.69900512695312,-44.02269744873047,178.52894789815278,-217.44930633595857,-44.008691041252995,0.3050382461191118,0.3468323773530629,0.054599705165125405,3.64255298013681e-05,15.289052024459462,24.75423945414705,nan,nan,nan
286.7,178.71060180664062,-217.70748901367188,-44.02366256713867,178.51469522071534,-217.45296489923226,-44.01044968465458,0.3214599438557033,0.346767620855859,0.05459500404266624,3.5660670947653557e-05,14.449390544948246,25.34360667307258,6.876363446747888,0.3017668306903709,nan
286.71,178.7174835205078,-217.71597290039062,-44.02461242675781,178.52161045966324,-217.46148870054984,-44.011372105002756,0.32140903853719965,0.3468150137459241,0.054613268709024,3.63749272823787e-05,14.334877505503137,24.930002554320094,nan,nan,nan
286.72,178.7242431640625,-217.72447204589844,-44.02553939819336,178.5284077049762,-217.47001222315757,-44.01227660266912,0.3213677491130355,0.346862492844041,0.054631592392312356,3.7103554186853085e-05,14.219873357718509,24.505446268334506,nan,nan,nan
286.73,178.73086547851562,-217.7329559326172,-44.026451110839844,178.53507940344036,-217.4785354646758,-44.013163560267806,0.32130751734296814,0.34691005829471,0.054649975237031516,3.784669616127672e-05,14.106729445727769,24.752447146642243,nan,nan,nan
286.74,178.73736572265625,-217.741455078125,-44.02734375,178.54162306390347,-217.48705859349053,-44.014033265140895,0.3212630213036767,0.34695771024243116,0.05466841738768169,3.86044977058496e-05,13.995020510015365,24.24723321749069,nan,nan,nan
286.75,178.74374389648438,-217.74993896484375,-44.02821731567383,178.53882939946496,-217.49385348005688,-44.01502956515559,0.3282432685844077,0.3468929107368666,0.05466368479195291,3.935072648436931e-05,13.6296249624571,25.029338728843943,2.0265712442737023,nan,nan
286.76,178.74998474121094,-217.7584228515625,-44.029075622558594,178.5450979964869,-217.50237675657272,-44.015829102226384,0.328197579552381,0.34694035738674717,0.05468213275658541,3.8423680872516226e-05,13.73943047648725,24.902419275347288,nan,0.0009130360184449231,nan
286.77,178.7562713623047,-217.7669219970703,-44.03002166748047,178.55131818862156,-217.5109019778167,-44.01670457857301,0.32822156924610085,0.3469878924185837,0.054700643183219044,3.919122006534788e-05,13.658438021241668,24.696537065225616,nan,nan,nan
286.78000000000003,178.7625732421875,-217.77540588378906,-44.03105545043945,178.55760816720982,-217.51947955847098,-44.018928295129406,0.32810978931957857,0.3470355118196623,0.05471921026633935,3.827370928214371e-05,12.935443860153983,24.55220840698343,nan,0.9320059003494221,nan
286.79,178.76889038085938,-217.78390502929688,-44.03217697143555,178.56388019730207,-217.52800538231236,-44.019994222874665,0.32811922231332064,0.3470832198245532,0.054737839959834486,3.9037400484829455e-05,12.85654073812557,23.734971716252993,nan,nan,nan
286.8,178.77523803710938,-217.79238891601562,-44.033382415771484,178.56018721198063,-217.53765621621937,-44.022850023353335,0.33353641034239284,0.3470183732847635,0.05473306680519211,3.8104543231984515e-05,11.466502517176547,23.9056985287918,4.659385474478537,1.5631353466051836,nan
286.81,178.7816162109375,-217.80088806152344,-44.03467559814453,178.56648575607693,-217.54619622057095,-44.02410751969348,0.33355768727227936,0.3470658778828979,0.0547517047938717,3.88636292161818e-05,11.390316626066443,23.183313611771382,nan,nan,nan
286.82,178.78802490234375,-217.8093719482422,-44.03605270385742,178.57285277876105,-217.5547874213512,-44.02673818339695,0.333465267143087,0.347113466901141,0.05477039997066779,3.79654359144547e-05,10.761571445615042,23.396942716661112,nan,0.9917243391094459,nan
286.83,178.79444885253906,-217.81787109375,-44.03750991821289,178.57920087723966,-217.56332748417546,-44.02817837103676,0.333483459587473,0.34716114430368017,0.05478915773627617,3.8721108584317784e-05,10.686920041053021,22.756249632266673,nan,nan,nan
286.84000000000003,178.80088806152344,-217.82635498046875,-44.0390510559082,178.5855543500983,-217.57184533337355,-44.029133861004034,0.33352978651900744,0.34720890647844876,0.054807973104523545,3.783150070609853e-05,10.998540414484175,23.521596715250965,nan,0.19456997973095488,nan
286.85,178.807373046875,-217.8348388671875,-44.040672302246094,178.59991171440848,-217.58296171290445,-44.0306336986778,0.32647064015024974,0.34714401671591216,0.05480316149606795,3.855892778597604e-05,11.02541466594051,23.917090667125454,1.0012132481158926,nan,nan
286.86,178.81385803222656,-217.8433380126953,-44.04237747192383,178.60635590052922,-217.59151636809932,-44.03262115123828,0.32644518856814125,0.3471915753249272,0.05482198470765191,3.767875614599623e-05,10.900791207852528,22.56238792448332,nan,0.057292105999141925,nan
286.87,178.8203887939453,-217.85182189941406,-44.044158935546875,178.6128132030316,-217.60005897440007,-44.03438493725706,0.32644712802741027,0.34723922210408,0.054840870504114195,3.8427234459785594e-05,10.821125010428615,23.729999722081967,nan,nan,nan
286.88,178.82691955566406,-217.86032104492188,-44.046016693115234,178.61921968408697,-217.60851659907186,-44.03395223643978,0.3266347604249219,0.3472869536970993,0.05485981439983332,3.7555047843623576e-05,12.173797988191323,24.228064049906564,nan,3.1675033414275267,nan
286.89,178.83349609375,-217.86880493164062,-44.04795455932617,178.62572279636677,-217.61705853875247,-44.03585170056162,0.326638131007341,0.34733477368877796,0.054878821053847296,3.8300689161024494e-05,12.083530516701332,25.05840428544728,nan,nan,nan
286.90000000000003,178.84007263183594,-217.87730407714844,-44.049964904785156,178.6812064569195,-217.6490623085699,-44.039585849051896,0.27828131675400836,0.34726983690792135,0.0548739626337794,3.7412732566806445e-05,10.636327442931007,23.510216547896846,24.266816819159295,2.020846576226633,nan
286.91,178.84669494628906,-217.8857879638672,-44.05205535888672,178.6878292724218,-217.65765329112344,-44.04165662157753,0.27819393411579696,0.34731745303962996,0.054892976399178395,3.815477341776724e-05,10.552161465629993,24.18174736672441,nan,nan,nan
286.92,178.8533172607422,-217.89427185058594,-44.05421829223633,178.69446221850052,-217.66623079441396,-44.04343080026389,0.27812590265684983,0.3473651540203985,0.05491204873714213,3.729879899305117e-05,10.800077129110537,24.33221675124161,nan,0.08608743706883068,nan
286.93,178.85997009277344,-217.90277099609375,-44.05641174316406,178.70112858810091,-217.67482127185212,-44.04562685421231,0.27804318768523345,0.3474129431936716,0.054931183854724557,3.8038356020779376e-05,10.70132444677857,23.63479469330652,nan,nan,nan
286.94,178.86663818359375,-217.9112548828125,-44.05859375,178.7078743025902,-217.68347618368162,-44.04969908026068,0.2777916860506041,0.34746081756146224,0.054950377936568845,3.718951493382047e-05,9.733306656437906,23.58898862855862,nan,2.1679709670026006,nan
286.95,178.8733367919922,-217.91973876953125,-44.06075668334961,178.70964445710953,-217.69657605038893,-44.051966383163254,0.2769007928693895,0.3473958369036864,0.054945473508869004,3.7902715924671614e-05,9.060132482243503,23.413447313009694,5.703279183516538,nan,nan
286.96,178.8800506591797,-217.92823791503906,-44.06288146972656,178.7163922696589,-217.70522752417455,-44.055315339171855,0.27672179029785376,0.34744350723880524,0.05496467418477194,3.706180300028929e-05,8.530139576237858,22.40161054818857,nan,0.8528106180305735,nan
286.97,178.8867950439453,-217.9367218017578,-44.06496810913086,178.7231248648457,-217.7138393968605,-44.05747593170187,0.27662361913246597,0.3474912655654792,0.05498393767597404,3.7795940090486156e-05,8.433218390842436,23.218612994920104,nan,nan,nan
286.98,178.8935546875,-217.94520568847656,-44.0670166015625,178.72990833585465,-217.72248481816047,-44.06062162858803,0.27645182249451394,0.3475391091128282,0.05500326057447848,3.696162682687376e-05,8.017397207036906,22.642978411006467,nan,0.6604154293923145,nan
286.99,178.90032958984375,-217.9536895751953,-44.069026947021484,178.73668125109475,-217.73109595797325,-44.062716402771436,0.2763485483443686,0.34758704088689224,0.055022646483031006,3.769374447636743e-05,7.930702496856275,22.3432126663514,nan,nan,nan
287.0,178.90711975097656,-217.96218872070312,-44.07099914550781,178.71848904640365,-217.724391144707,-44.064593477466026,0.30359555734623217,0.3475220131229031,0.05501768876460858,3.6843108484763496e-05,8.486779672586948,21.281360509396414,9.726438912194464,0.020876555193676954,nan
287.01,178.9139404296875,-217.97067260742188,-44.07292938232422,178.7252680966657,-217.73296285088347,-44.066609511406426,0.3035508497267883,0.3475697405718522,0.055037080519452414,3.757243271897031e-05,8.399596090424918,22.23372239892614,nan,nan,nan
287.02,178.92076110839844,-217.97915649414062,-44.07482147216797,178.73208052852095,-217.74154926542388,-44.06907065172896,0.3034643773115304,0.3476175532613963,0.05505653210431431,3.675158058770388e-05,8.200757452027254,21.677198957209868,nan,0.14905029225881722,nan
287.03000000000003,178.92762756347656,-217.98764038085938,-44.07667541503906,178.73889803824622,-217.7501200666752,-44.07101641524701,0.3034250444878643,0.34766545398446796,0.05507604675578457,3.747916889186685e-05,8.118977418869514,22.03765591166944,nan,nan,nan
287.04,178.9344940185547,-217.99612426757812,-44.078495025634766,178.74576856416545,-217.7587273389224,-44.074122622166314,0.30330466000655065,0.34771344028703993,0.05509562160951326,3.666416153711424e-05,7.750372931706853,21.18755311800416,nan,0.919814015454555,nan
287.05,178.94137573242188,-218.00460815429688,-44.08027648925781,178.77408191990273,-217.77615137125443,-44.075984554305755,0.28319276496924833,0.3476483679611989,0.055090610342677426,3.736683349160499e-05,7.627060807364837,21.236366135999283,4.1492278611312905,nan,nan
287.06,178.9482879638672,-218.01309204101562,-44.08202362060547,178.78095956979038,-217.78470524823825,-44.076759159530745,0.2831731504395563,0.34769614975279683,0.055110190464956355,3.655843130503508e-05,7.856612078080232,21.52538298038923,nan,0.747307115320911,nan
287.07,178.95521545410156,-218.02157592773438,-44.08373260498047,178.78788581669744,-217.79329088226476,-44.07856458919748,0.28309005267934517,0.3477440193897118,0.055129833722010434,3.728201871264417e-05,7.779641540427089,21.632042399471594,nan,nan,nan
287.08,178.962158203125,-218.03005981445312,-44.085411071777344,178.79480658210963,-217.80185144930257,-44.07948505672378,0.28305607330628707,0.34779197461732764,0.055149537577784485,3.6478992258263557e-05,7.990924684153669,21.545629720153144,nan,0.4706088615135682,nan
287.09000000000003,178.96913146972656,-218.03854370117188,-44.08705520629883,178.80176864167268,-217.81043647723052,-44.08121615135344,0.2829793568285114,0.3478400179319001,0.05516930478127055,3.72012126242989e-05,7.909510529828153,21.71967106931051,nan,nan,nan
287.1,178.97610473632812,-218.04702758789062,-44.08866500854492,178.79949234830494,-217.82406363516304,-44.084655984520005,0.2844660473462391,0.34777489831405606,0.05516423355298043,3.638124486943897e-05,6.721796390101881,21.295157045478597,9.385794485041192,1.9125760541362522,nan
287.11,178.9831085205078,-218.05551147460938,-44.09024429321289,178.80646201317163,-217.832675426325,-44.0863408803341,0.2843855298730359,0.34782273682681314,0.05518400525889808,3.710131138128223e-05,6.656108314681766,21.298372723927464,nan,nan,nan
287.12,178.9901123046875,-218.06399536132812,-44.091793060302734,178.81346671030204,-217.8413053650474,-44.088668800972265,0.28426090384657393,0.34787066093550567,0.05520383794221804,3.630933413201993e-05,6.480368036970815,20.746031197636764,nan,0.2974919599244949,nan
287.13,178.9971466064453,-218.07247924804688,-44.09330749511719,178.82047045969472,-217.84991639091936,-44.09029921200318,0.28417905617883543,0.347918672950355,0.05522373405857587,3.7028257970726634e-05,6.4218424677630574,21.106331071128565,nan,nan,nan
287.14,179.0041961669922,-218.08096313476562,-44.09479522705078,178.82753508383954,-217.85857228752224,-44.09358316709567,0.2840216476391112,0.3479667708937141,0.055243691508004504,3.624099461162362e-05,6.184100239191258,20.575743720798155,nan,1.8629739056889931,nan
287.15000000000003,179.01126098632812,-218.08944702148438,-44.09625244140625,178.8290753766739,-217.86504083557628,-44.095082387821904,0.28905207431238156,0.3479016060019852,0.05523855920343974,3.693608186776134e-05,6.168357609322482,20.47002238732172,0.6163096201144402,nan,nan
287.16,179.01834106445312,-218.09793090820312,-44.097679138183594,178.83613806042888,-217.8736661805638,-44.09736470397671,0.2889510366956236,0.3479494989451276,0.0552585205216687,3.615427407651867e-05,6.100579750748802,20.429413269288105,nan,0.3463608559230379,nan
287.17,179.0254364013672,-218.1063995361328,-44.09907913208008,178.84319810470382,-217.8822723291086,-44.09890238861657,0.28886646211960704,0.34799747961831695,0.05527854536751568,3.687031504969192e-05,6.064262729079267,20.93352143741683,nan,nan,nan
287.18,179.0325469970703,-218.11488342285156,-44.1004524230957,178.85026486954993,-217.8908690735289,-44.10005451731729,0.2888067884327147,0.3480455462169438,0.05529863190231863,3.609281342458578e-05,6.034758370049844,20.039706311323737,nan,0.0851751255609525,nan
287.19,179.0396728515625,-218.1233673095703,-44.1017951965332,178.85735623684022,-217.8994745788669,-44.101534800402774,0.28873408297562414,0.34809370079347757,0.055318782193151034,3.680799976770621e-05,5.99936781944926,20.167431455038194,nan,nan,nan
287.2,179.04681396484375,-218.1318359375,-44.103111267089844,178.8705163379545,-217.92440912921876,-44.10593088672806,0.2722401224937714,0.34802848833240346,0.055313583096844934,3.601291791600981e-05,5.171925545960228,21.67969540200606,22.005473774856398,5.548290103071816,nan
287.21,179.05397033691406,-218.14031982421875,-44.10440444946289,178.87762974069585,-217.93307110526246,-44.10738885827533,0.27213405534695295,0.3480764376192592,0.05533373647006747,3.672644903355714e-05,5.161806231007601,20.593858943785452,nan,nan,nan
287.22,179.06114196777344,-218.1488037109375,-44.10566711425781,178.88477356663276,-217.94174767006302,-44.10945508733955,0.2720153777336864,0.3481244728228385,0.05535395187256136,3.5957903651365455e-05,5.286674308429698,20.96944494362443,nan,0.2678531571700165,nan
287.23,179.06832885742188,-218.1572723388672,-44.10690689086914,178.89191705868447,-217.9504087844104,-44.110870022475076,0.2718995389999572,0.34817259583518606,0.05537423113960637,3.667075472223743e-05,5.283423497548026,21.493512808269323,nan,nan,nan
287.24,179.07554626464844,-218.16575622558594,-44.108123779296875,178.89906312705327,-217.95905754650443,-44.111743777863396,0.2718156474140135,0.3482208050908111,0.055394572777534117,3.590594158082188e-05,5.188421654057988,20.685085701999345,nan,0.17930106851321764,nan
287.25,179.082763671875,-218.1742401123047,-44.10931396484375,178.94389519905448,-217.97906772060264,-44.11301546022932,0.23956296937191474,0.34815554661993287,0.05538930509216049,3.659574947593054e-05,5.356649327037168,20.464794831593718,13.761693347771644,nan,nan
287.26,179.08998107910156,-218.18270874023438,-44.11048126220703,178.95111999550818,-217.98771102201215,-44.11308509730828,0.23940194361332476,0.3482035503756094,0.055409649127069305,3.583540299100224e-05,5.139649162085491,20.671040631052552,nan,1.0819160527448075,nan
287.27,179.09722900390625,-218.19119262695312,-44.11162567138672,178.95838846438028,-217.9963820336108,-44.11438781878499,0.2392394034278366,0.34825164177526935,0.05543005714226104,3.654623635658738e-05,5.128266601685468,20.012968794765346,nan,nan,nan
287.28000000000003,179.1044921875,-218.1996612548828,-44.11274719238281,178.96564959102741,-218.00503207648308,-44.11472195692111,0.23908509651332818,0.34829981940167914,0.05545052784888043,3.578927182063865e-05,4.996650819813083,20.586201330288127,nan,0.60450049735793,nan
287.29,179.1117706298828,-218.2081298828125,-44.11384582519531,178.97294604720554,-218.01370223359908,-44.115971731497474,0.23891189801218088,0.34834808492581026,0.055471062777287965,3.649964540429676e-05,4.9798694707372615,20.563419172240494,nan,nan,nan
287.3,179.11904907226562,-218.21661376953125,-44.114925384521484,178.99497356104632,-218.0257808363794,-44.116187736697555,0.2276258649465991,0.3482827785233707,0.05546572134017585,3.572447410694058e-05,5.0228548385396055,19.196602671548828,3.5830026862842477,0.48443131457314215,nan
287.31,179.12635803222656,-218.22508239746094,-44.1159782409668,179.00232478872255,-218.03445123136282,-44.117384171217246,0.22743452601116346,0.3483308382592082,0.05548625785738375,3.643357358834193e-05,5.001005716267608,20.429934942657212,nan,nan,nan
287.32,179.1336669921875,-218.2335662841797,-44.11701583862305,179.00969560140652,-218.04312669073852,-44.11884246101904,0.22724321999035743,0.3483789841999963,0.0555068573729393,3.568376903662679e-05,5.01035572843423,19.068232966361887,nan,0.05395505087320202,nan
287.33,179.1409912109375,-218.24203491210938,-44.11802673339844,179.01707355309068,-218.05179588734782,-44.12000178951949,0.2270470729059262,0.3484272178801779,0.05552752123713436,3.639254186764523e-05,4.993252644881039,20.153917202757924,nan,nan,nan
287.34000000000003,179.14833068847656,-218.25050354003906,-44.119022369384766,179.0244850940329,-218.06048371000387,-44.12211383777555,0.2268365584435582,0.34847553808622866,0.05554824842945499,3.564562743664349e-05,5.123525985056027,19.92988465301021,nan,0.6429062706002133,nan
287.35,179.15562438964844,-218.25897216796875,-44.1199951171875,179.05400063598583,-218.08435087519248,-44.123293282802635,0.20206647692221869,0.3484101849170001,0.055542830909313556,3.6331924761317234e-05,4.681456098547276,20.67899999449041,9.09432312197723,nan,nan
287.36,179.16282653808594,-218.2674560546875,-44.120948791503906,179.0613494903577,-218.0930749407145,-44.125319654683366,0.20180552165645446,0.34845829911334025,0.05556355895703351,3.558863582411997e-05,4.891133620101968,20.043514321054644,nan,0.5696765498631436,nan
287.37,179.16990661621094,-218.2759246826172,-44.12188720703125,179.06857227009846,-218.1017814032397,-44.12642315164131,0.20153189883464045,0.348506500894722,0.055584351485657976,3.629604594686345e-05,4.8929986733218165,20.482267140166808,nan,nan,nan
287.38,179.17684936523438,-218.28439331054688,-44.122802734375,179.07569386834697,-218.11050761233068,-44.12860397400823,0.20125189434127866,0.34855478917292065,0.05560520763223788,3.555535007613952e-05,5.244995662915826,20.916489523253663,nan,0.820207347381973,nan
287.39,179.1836700439453,-218.29286193847656,-44.12370300292969,179.08266328093418,-218.11921367825386,-44.1296828730157,0.20097722084506067,0.3486031652953654,0.05562612851220705,3.626259769012319e-05,5.256857683104124,20.77199729403502,nan,nan,nan
287.40000000000003,179.1905059814453,-218.3013458251953,-44.12468719482422,179.0634579199302,-218.12567608768657,-44.12990756535174,0.21686013667704324,0.3485377637544186,0.05562063017857674,3.550310414065813e-05,4.5632312295795225,20.099096818912116,11.59687822053972,0.5657656241639297,nan
287.41,179.19735717773438,-218.309814453125,-44.125762939453125,179.0703370915541,-218.13439456656366,-44.13110313448671,0.21664430889694175,0.34858593357962364,0.05564155108288318,3.62093619678155e-05,4.554853274879982,20.54345391983484,nan,nan,nan
287.42,179.20423889160156,-218.3182830810547,-44.126922607421875,179.07721216637003,-218.14309288942843,-44.13119925681855,0.21643863309297035,0.3486341898677287,0.05566253588307625,3.5474303327745326e-05,4.254433829922636,20.50422458753804,nan,0.9684219840701037,nan
287.43,179.2111358642578,-218.32675170898438,-44.128170013427734,179.0841290894857,-218.15181111926242,-44.13255788828085,0.2162271588307143,0.3486825338516098,0.05568358555754729,3.618049773702025e-05,4.24286869399278,20.258193271644398,nan,nan,nan
287.44,179.21804809570312,-218.33522033691406,-44.12950134277344,179.09106130141413,-218.16052623257113,-44.133819453031414,0.2160146339769031,0.34873096461411973,0.055704699447831796,3.5447616185491284e-05,4.208863771014639,20.164096642314938,nan,0.023039648119040832,nan
287.45,179.2249755859375,-218.34368896484375,-44.130916595458984,179.06301050611953,-218.1568864756771,-44.13539010628389,0.2472809522352974,0.34866551553079655,0.05569911756096143,3.613172717252487e-05,4.185478950099424,19.906406532095204,10.896341935330383,nan,nan
287.46,179.23191833496094,-218.3521728515625,-44.13241195678711,179.06991601208898,-218.1655798653539,-44.13660620860088,0.24714224015014716,0.34871373976426656,0.05572023069770292,3.5401764735317466e-05,4.102151657765941,19.085601989969884,nan,0.10837203051122621,nan
287.47,179.2388916015625,-218.3606414794922,-44.13399124145508,179.07684681711342,-218.17427928628646,-44.138297669307875,0.24699782295487496,0.34876205154860773,0.05574140885343821,3.610707912717895e-05,4.091539790633116,19.87284962746981,nan,nan,nan
287.48,179.24586486816406,-218.36911010742188,-44.135650634765625,179.0838008321338,-218.1829832661787,-44.1403802873604,0.2468406822613581,0.34881045007102157,0.05576265148821344,3.53790455550632e-05,4.183438999169965,19.67282420441193,nan,0.06599188865683532,nan
287.49,179.25286865234375,-218.37757873535156,-44.137386322021484,179.090766564156,-218.19168247029054,-44.14223812535301,0.24669424061787293,0.3488589364085115,0.05578395940355891,3.608441490711039e-05,4.176657124540848,20.054314096763584,nan,nan,nan
287.5,179.2598876953125,-218.38604736328125,-44.13920211791992,179.09025679565204,-218.19758844011892,-44.146155975822616,0.25365284145629674,0.34879343844247995,0.055778289565959566,3.533704409407345e-05,4.8780502630388325,20.53999994250632,0.5357022517211227,2.7967422324110185,nan
287.51,179.2669219970703,-218.39451599121094,-44.14109802246094,179.09724348654277,-218.20628272050288,-44.14819240825944,0.2535209881768296,0.3488417179638876,0.05579959587301474,3.604162941120388e-05,4.879628110876608,20.307980494626197,nan,nan,nan
287.52,179.2739715576172,-218.40298461914062,-44.143070220947266,179.10424902686773,-218.21497842273968,-44.150435269580264,0.2533896431792697,0.34889008417838197,0.055820966911972476,3.531796002384022e-05,4.992830512562763,20.353984988821786,nan,0.011379437713587556,nan
287.53000000000003,179.28103637695312,-218.4114532470703,-44.145118713378906,179.1112690580395,-218.22367209114356,-44.15262865810332,0.25325699272097,0.3489385380683081,0.05584240338262901,3.602267190698211e-05,4.996606474126042,20.25316373563164,nan,nan,nan
287.54,179.28811645507812,-218.419921875,-44.147239685058594,179.11826444399313,-218.2323326902202,-44.152428395760744,0.2531132762909078,0.3489870789623511,0.05586390489703345,3.53005846806957e-05,4.1678123348298595,19.485888653450576,nan,4.23376249916694,nan
287.55,179.29522705078125,-218.4283905029297,-44.149436950683594,179.13970070836885,-218.24884250070642,-44.15477641411888,0.23760142709235513,0.34892153266189907,0.05585814406550913,3.598347108859227e-05,4.043238982240921,19.771768553406872,2.3670479519013448,nan,nan
287.56,179.30233764648438,-218.43685913085938,-44.15165710449219,179.1467905087283,-218.25755322693618,-44.15717419704199,0.23743621786919514,0.348969866498468,0.0558796431525338,3.526371838963453e-05,4.0888737586169315,19.722962569054246,nan,0.0004293334488081371,nan
287.57,179.30946350097656,-218.44532775878906,-44.153873443603516,179.1538955041128,-218.26626338020162,-44.159557358348295,0.23727149052074722,0.3490182878739569,0.055901207824814815,3.596789403164899e-05,4.098895061111258,19.349161643096437,nan,nan,nan
287.58,179.3166046142578,-218.45379638671875,-44.15605926513672,179.16100954271508,-218.27496829089552,-44.16151979235373,0.2371057390736049,0.34906679620258685,0.05592283778112084,3.5249519518723736e-05,4.021735068908491,19.408624317829172,nan,0.11362037457566403,nan
287.59000000000003,179.3237762451172,-218.46226501464844,-44.1582145690918,179.16814510483422,-218.28367774590296,-44.16385274422521,0.23695200653841006,0.34911539233883704,0.05594453359166821,3.5953903477986773e-05,4.035057875893152,19.341953628977585,nan,nan,nan
287.6,179.33094787597656,-218.47073364257812,-44.16032791137695,179.1783020601023,-218.29317557948735,-44.166236491132864,0.2342275009199263,0.3490497965810504,0.055938677621352184,3.521571316014e-05,4.141755022915655,19.31977807931158,0.2500593166750822,0.0004586835722005317,nan
287.61,179.338134765625,-218.4792022705078,-44.16240310668945,179.18547281318612,-218.3018846581097,-44.16849712743875,0.234060557287863,0.3490981853729228,0.055960370125552196,3.591945624624408e-05,4.15994088097761,19.15032254758212,nan,nan,nan
287.62,179.3453369140625,-218.48765563964844,-44.1644401550293,179.19265943523484,-218.3105940482209,-44.170798800491895,0.23388384311905377,0.3491466610629809,0.05598212814504882,3.520439826894907e-05,4.2495881671558395,19.79843404756607,nan,0.004482360564616216,nan
287.63,179.35255432128906,-218.49612426757812,-44.16643142700195,179.19985943421852,-218.3193019400699,-44.17298188756923,0.23371943132002704,0.34919522442875933,0.05600395217680861,3.5908399535350234e-05,4.272036736584125,19.26190515288895,nan,nan,nan
287.64,179.3597869873047,-218.5045928955078,-44.16838836669922,179.2169171940182,-218.31636659614483,-44.17720430027389,0.2364712208502271,0.348704410585753,0.055263658545534146,3.519371002238749e-05,7.607213863903308,22.238000591183194,nan,2.981839940033359,0.17852114795042248
287.65000000000003,179.36703491210938,-218.5130615234375,-44.17030334472656,179.24948319290718,-218.3379803421972,-44.17930115931631,0.21107531210277283,0.3486380206007085,0.0552586344836568,3.587602743210702e-05,7.360017290141673,22.74827054896013,7.143695373288767,nan,nan
287.66,179.37429809570312,-218.52151489257812,-44.172183990478516,179.2567806720507,-218.34661823106657,-44.17902952759878,0.2108223148726351,0.3486853251521378,0.05527720582324665,3.516396346446509e-05,6.397832811755291,22.31664582263386,nan,3.8970054785352275,nan
287.67,179.38157653808594,-218.5299835205078,-44.17402267456055,179.26408392781673,-218.35532842840317,-44.18105822017705,0.2106143717035374,0.34873271578706494,0.05529583735325267,3.586764686208438e-05,6.408485620335345,21.683907000821065,nan,nan,nan
287.68,179.38885498046875,-218.53843688964844,-44.17582702636719,179.2714027118022,-218.3640213950273,-44.182497411214655,0.2103813067096709,0.34878019261406007,0.05531452656704634,3.515651117567762e-05,6.256775817232381,21.941114551147358,nan,0.21439866369385646,nan
287.69,179.3961639404297,-218.54690551757812,-44.17759704589844,179.27873289111957,-218.37273047495842,-44.18444942455188,0.21017600221448138,0.3488277558149673,0.05533327619224332,3.5860506665629264e-05,6.264220651372151,21.201653692998892,nan,nan,nan
287.7,179.40347290039062,-218.5553741455078,-44.17932891845703,179.28015525805944,-218.37326283289573,-44.18614557178719,0.22004144576429402,0.3487613422329469,0.05532821395761071,3.512914129742347e-05,6.71188309918414,20.75590306958808,7.878620143437427,0.13810245547336478,nan
287.71,179.41079711914062,-218.56382751464844,-44.181026458740234,179.28751250630737,-218.38194289069685,-44.18802895749513,0.21984118626924765,0.34880870155377386,0.05534697035807979,3.583259112877085e-05,6.720570483639362,21.48046481130312,nan,nan,nan
287.72,179.4181365966797,-218.57229614257812,-44.18269348144531,179.29489773993686,-218.39051421787946,-44.18607411487981,0.21964496953231302,0.3488561469819063,0.05536578483710138,3.512392263738554e-05,5.641842981864232,19.40167026428726,nan,10.149996353672146,nan
287.73,179.4254913330078,-218.58074951171875,-44.184322357177734,179.30228128838408,-218.3991935020075,-44.187853972972185,0.2194442345302584,0.3489036787045377,0.055384659852930444,3.582771758338941e-05,5.627920064547375,20.393773782172985,nan,nan,nan
287.74,179.432861328125,-218.58921813964844,-44.1859245300293,179.3096769274857,-218.40787689089254,-44.18976986348595,0.21925745517679926,0.3489512968221899,0.05540359329744255,3.5119748504155575e-05,5.665520518004513,19.31110493802017,nan,0.01976959738076324,nan
287.75,179.44024658203125,-218.59767150878906,-44.1874885559082,179.28793724663856,-218.40198697181629,-44.19146508488466,0.24800480729355392,0.3488848594456951,0.05539849201658154,3.5801962198401174e-05,5.942969523549315,19.99063554274803,8.978236107524673,nan,nan
287.76,179.4476318359375,-218.6061248779297,-44.18902587890625,179.2953253131976,-218.41056874106005,-44.19077535137635,0.24787605812264885,0.3489322734943073,0.055417431751836395,3.509547055791911e-05,5.552613586182041,19.10680083115856,nan,3.9677372473535124,nan
287.77,179.4550323486328,-218.61459350585938,-44.19053268432617,179.30271593068355,-218.41921394014875,-44.1924091248908,0.2477437928654519,0.34897977375719597,0.05543643215557565,3.5799114215995535e-05,5.529231796255521,18.32358971941926,nan,nan,nan
287.78000000000003,179.4624481201172,-218.623046875,-44.1920051574707,179.31012645739855,-218.42781013743272,-44.19215805481334,0.24762733291558042,0.34902736033008197,0.05545549136417484,3.5093192300556844e-05,5.395951165753221,19.17137317080529,nan,2.417965983271894,nan
287.79,179.46987915039062,-218.63150024414062,-44.193450927734375,179.3175411534076,-218.4364544350189,-44.19371534712244,0.2474869752095238,0.3490750334074088,0.05547461147394874,3.5797212237198325e-05,5.361788370550014,18.9932354693908,nan,nan,nan
287.8,179.47731018066406,-218.6399688720703,-44.19486999511719,179.33552043660802,-218.44207117439154,-44.19565695569283,0.2434511235812699,0.349008571931501,0.05546946565259335,3.507071387976068e-05,5.910219957018851,17.64740244864133,8.434335746559803,0.13112272988877105,nan
287.81,179.48477172851562,-218.64842224121094,-44.196258544921875,179.34298799798546,-218.45069251541463,-44.197162459302156,0.2433115035663955,0.3490560407494751,0.05548859142072935,3.577424543925872e-05,5.879908385493481,18.663057794532296,nan,nan,nan
287.82,179.4922332763672,-218.65687561035156,-44.1976203918457,179.35046860603364,-218.4593041231306,-44.19826109737769,0.2431709785748641,0.3491035957920983,0.0555077763564937,3.5070119747103754e-05,5.833831464471497,18.380860354960518,nan,0.10148008260648556,nan
287.83,179.49969482421875,-218.6653289794922,-44.198951721191406,179.35795891148726,-218.46792480773829,-44.19970937877654,0.24301862074476785,0.3491512372579575,0.05552702233548538,3.5774048036965085e-05,5.803779781367901,18.333937852411466,nan,nan,nan
287.84000000000003,179.50718688964844,-218.67379760742188,-44.200260162353516,179.3654567953325,-218.47656421144055,-44.20193376037438,0.2428811088896497,0.34919896523650623,0.05554632782105765,3.5070311519929916e-05,5.834046474462116,17.69336425416264,nan,0.4521844611527265,nan
287.85,179.51467895507812,-218.6822509765625,-44.201541900634766,179.3440372914445,-218.4743009251242,-44.203189855912,0.2690065371277099,0.3491324794338042,0.05554113591641142,3.575269339716771e-05,5.810637655413584,18.026457779597987,8.361740545437975,nan,nan
287.86,179.52218627929688,-218.69070434570312,-44.202796936035156,179.35151926140585,-218.48286602230675,-44.20296446324344,0.26893126953441987,0.3491800029570344,0.05556044652231859,3.5050137223339637e-05,5.7013286125447395,18.003878905282182,nan,1.8084736401700074,nan
287.87,179.52969360351562,-218.69915771484375,-44.20402908325195,179.35900481561467,-218.49146784519593,-44.20430148886442,0.26883046418559986,0.3492276128214101,0.05557981831885851,3.575400010617744e-05,5.668988416973843,17.660506244556526,nan,nan,nan
287.88,179.5372314453125,-218.70761108398438,-44.20523452758789,179.36649896760818,-218.5000792577995,-44.20606112061948,0.26873727147293835,0.34927530911297416,0.055599249967533786,3.505173340581468e-05,5.652417813497081,18.040100450026603,nan,0.14025486526874192,nan
287.89,179.54476928710938,-218.716064453125,-44.206417083740234,179.37400571197614,-218.50868014535135,-44.20735563242372,0.2686435009016078,0.34932309203549694,0.05561874305024477,3.5756008092255525e-05,5.624084206265153,17.743793605896133,nan,nan,nan
287.90000000000003,179.55230712890625,-218.72451782226562,-44.207576751708984,179.381095538121,-218.51907092884773,-44.208430757475796,0.26743702840132444,0.3492565815502498,0.05561350005931084,3.503288184013973e-05,5.447669182011876,17.519236232356086,0.8057569195828417,0.009510622530612071,nan
287.91,179.55987548828125,-218.73297119140625,-44.208709716796875,179.38861925618548,-218.52767827105308,-44.209677238435845,0.26734774410287626,0.3493041598195212,0.055632997601525756,3.573669832680214e-05,5.419771996765537,17.947159317594146,nan,nan,nan
287.92,179.56744384765625,-218.74142456054688,-44.20982360839844,179.39615492096422,-218.53627663671793,-44.21049522073861,0.26725646507010753,0.3493518244301942,0.055652555329048066,3.5035708318024635e-05,5.373660864669037,17.529425564377448,nan,0.11646171983438705,nan
287.93,179.57501220703125,-218.7498779296875,-44.210914611816406,179.40369858166014,-218.54488329175797,-44.211694221703674,0.2671549505609613,0.3493995755886879,0.05567217464695643,3.5739947987472956e-05,5.34547549639043,17.351437089610123,nan,nan,nan
287.94,179.58261108398438,-218.75833129882812,-44.21198272705078,179.41125391102557,-218.5534813068814,-44.21246195654346,0.2670712069578385,0.34944741337699914,0.055691854479051915,3.503910821450113e-05,5.3023134813339095,17.663984024526734,nan,0.11855796695368645,nan
287.95,179.5902099609375,-218.76678466796875,-44.21303176879883,179.4154495950567,-218.56333034469435,-44.213589174237796,0.2682073038577691,0.3493808779512926,0.05568655831292292,3.57218032383847e-05,5.097676936924427,17.43208517896563,0.9791916721399982,nan,nan
287.96,179.59780883789062,-218.77523803710938,-44.21405792236328,179.42301179897947,-218.5719480839781,-44.21492808511587,0.26810737968104986,0.349428510883615,0.05570624201557444,3.502191719109619e-05,5.078911076156592,17.326522287861685,nan,0.030068221285265703,nan
287.97,179.6054229736328,-218.78369140625,-44.215065002441406,179.4305845329683,-218.58056133103688,-44.21604286610712,0.2680135519100345,0.34947623027972124,0.05572598746927717,3.572613173085397e-05,5.052408821417565,17.278662832635,nan,nan,nan
287.98,179.613037109375,-218.79212951660156,-44.21604919433594,179.4381716554463,-218.5891265723626,-44.21463966134976,0.2679367633054804,0.3495240362197244,0.05574579375468235,3.502632156479916e-05,5.049883181664742,18.186444059428837,nan,4.401823850080488,nan
287.99,179.62057495117188,-218.8005828857422,-44.217018127441406,179.44570564868224,-218.5977389518603,-44.215691332596904,0.26781839901406096,0.3495719289129492,0.05576566204409485,3.5730962989836756e-05,5.0122127549091555,17.198364519956947,nan,nan,nan
288.0,179.62799072265625,-218.8090362548828,-44.21796417236328,179.4121156538075,-218.5897184037835,-44.21678912897943,0.3077397372589828,0.34950536814661326,0.05576030809129434,3.501006888775437e-05,5.087518409882748,17.237659533367758,15.786025856501945,0.005561585384928068,nan
288.01,179.63528442382812,-218.81748962402344,-44.21889114379883,179.41936669708082,-218.59830105651199,-44.21780617270315,0.30767721724841035,0.34955305577847395,0.055780179561793486,3.5714263249268444e-05,5.051964765207035,17.337491486228256,nan,nan,nan
288.02,179.64244079589844,-218.825927734375,-44.21980285644531,179.42649026837742,-218.6068654484593,-44.21777929557711,0.30761503579279637,0.3496008298680165,0.05580011217024008,3.501533798296528e-05,5.106055681449034,17.89426710081902,nan,0.7429707819257294,nan
288.03000000000003,179.6496124267578,-218.83438110351562,-44.220802307128906,179.43354855328963,-218.61544790060287,-44.21880453556519,0.30760256150905724,0.34964869062570775,0.055820106950736414,3.5719964371239455e-05,5.070161996078441,17.22601115136712,nan,nan,nan
288.04,179.65679931640625,-218.84283447265625,-44.221885681152344,179.440622147678,-218.62402956432706,-44.21987077984999,0.3075909881897813,0.3496966381298624,0.055840163189215836,3.502101032360478e-05,5.043838752521078,17.403976658758936,nan,0.0016251467499410076,nan
288.05,179.66400146484375,-218.85128784179688,-44.22305679321289,179.43667677030737,-218.6260715851513,-44.22098497326256,0.320004955338839,0.3496300517334398,0.05583474892549896,3.570407389818639e-05,5.204706936193284,17.249053661009306,2.0239708545968,nan,nan
288.06,179.6712188720703,-218.85972595214844,-44.22431564331055,179.4437527248431,-218.6346789687796,-44.224749392197076,0.3199799696791878,0.34967779396691,0.05585480770788979,3.5005905608030265e-05,5.058471355324468,17.700942190316155,nan,4.333841956356716,nan
288.07,179.67845153808594,-218.86817932128906,-44.22565841674805,179.4508549329038,-218.6432455297796,-44.22614625260739,0.31999322373619365,0.349725622782585,0.05587492883359471,3.57105158395028e-05,5.029589306430709,17.008631687409295,nan,nan,nan
288.08,179.68569946289062,-218.8766326904297,-44.227081298828125,179.45797918926297,-218.6517860775629,-44.22601024718144,0.32002135786593255,0.3497735382583361,0.05589511170951635,3.501226536801383e-05,5.025685085186976,17.184311802625324,nan,1.8463765493776885,nan
288.09000000000003,179.69296264648438,-218.88507080078125,-44.22858810424805,179.46510961919375,-218.66035196803665,-44.22755953652793,0.32002595798958355,0.34982154060538095,0.05591535719001004,3.571730373565129e-05,4.991626543255775,17.790724508699373,nan,nan,nan
288.1,179.70022583007812,-218.89352416992188,-44.23017883300781,179.45805603422835,-218.66343002483208,-44.22854041175783,0.33405420226471877,0.34975492814074377,0.05590987830838317,3.4997797222410656e-05,5.039136067729039,16.81734443706965,1.7678621603721714,0.2860450626752276,nan
288.11,179.70751953125,-218.9019775390625,-44.23184585571289,179.46519037407086,-218.67198664191153,-44.23024784166425,0.33409846877883315,0.3498027250045299,0.05593012561445314,3.570238704223471e-05,5.004423855265001,17.368946921526707,nan,nan,nan
288.12,179.71481323242188,-218.91041564941406,-44.23359298706055,179.47233570565044,-218.68055064683946,-44.23254962393561,0.3341172833069611,0.3498506084416729,0.05595043495284169,3.500473507886935e-05,4.9339127267742775,17.669176633715512,nan,0.18604727075905916,nan
288.13,179.7221221923828,-218.9188690185547,-44.23542022705078,179.47949678945682,-218.68910696887627,-44.23442312853408,0.3341536769554978,0.34989857866318863,0.055970807072829774,3.570975417218657e-05,4.901749246590292,16.928420431827206,nan,nan,nan
288.14,179.72946166992188,-218.9273223876953,-44.23732376098633,179.48666735170855,-218.69767397107506,-44.237149107620375,0.33419680835798077,0.34994663574716095,0.05599124153760499,3.501194363603524e-05,4.845609516638755,17.309535498778345,nan,0.4220605006681965,nan
288.15000000000003,179.73680114746094,-218.93576049804688,-44.23930358886719,179.52686013117838,-218.70865811083314,-44.23915125193249,0.3092745508483858,0.3498799968924866,0.055985695175838644,3.5695371470750905e-05,5.516151010508003,17.113976748924525,21.666441258357203,nan,nan
288.16,179.744140625,-218.9442138671875,-44.24135971069336,179.53412567255788,-218.71720791988594,-44.24220028491722,0.3092550515748661,0.3499278482774625,0.05600613078351751,3.4998226422833715e-05,5.507098011567687,16.203943054716067,nan,0.6163026948942881,nan
288.17,179.7515106201172,-218.95266723632812,-44.243492126464844,179.5414086272019,-218.72574492085684,-44.24440064159325,0.3092529871894011,0.3499757863590704,0.05602662935195437,3.570321827692529e-05,5.481103709626135,16.396076300169778,nan,nan,nan
288.18,179.75888061523438,-218.9611053466797,-44.245697021484375,179.54870636628013,-218.73427514337828,-44.24618947976001,0.3092335663675449,0.35002381121617304,0.05604719053491792,3.500587816351474e-05,5.435391341015345,16.82732781632115,nan,0.16725576912109494,nan
288.19,179.7662811279297,-218.9695587158203,-44.247928619384766,179.5560139092302,-218.7428111861811,-44.24851124098554,0.3092362929946041,0.35007192305870405,0.056067814946926746,3.571129074054066e-05,5.4092682851796665,16.44483295856157,nan,nan,nan
288.2,179.773681640625,-218.97799682617188,-44.250152587890625,179.5701083706863,-218.7601594200279,-44.249181557283976,0.29815458180197096,0.3500052573439781,0.056062197028739526,3.499256749388873e-05,4.961466874562287,16.94839569404811,4.6599624614756685,1.8864579876294982,nan
288.21,179.7810821533203,-218.9864501953125,-44.25234603881836,179.5774421409683,-218.76872272301134,-44.251479052028394,0.29811953725222523,0.3500531632680242,0.056082821836252995,3.5697522377521116e-05,4.928021129367883,16.23550405304541,nan,nan,nan
288.22,179.78851318359375,-218.99488830566406,-44.25450897216797,179.58478718444385,-218.77728730982352,-44.253879318621685,0.2980853444636402,0.350101155880219,0.056103509519013765,3.5000579272766985e-05,4.889378332537946,16.924799347613128,nan,0.012386241732282602,nan
288.23,179.7959442138672,-219.00332641601562,-44.256629943847656,179.5921446279958,-218.78585018640177,-44.25611271932013,0.29804437449752363,0.3501492353892085,0.05612426061415937,3.57059537153577e-05,4.85709200128521,16.843702358966706,nan,nan,nan
288.24,179.8033905029297,-219.01177978515625,-44.25871276855469,179.59952329789888,-218.79438964480187,-44.256260553399876,0.2980374536355041,0.35019740187569837,0.0561450748907148,3.500876168900798e-05,4.994030338719603,16.252686623813123,nan,2.958502251166394,nan
288.25,179.81085205078125,-219.0202178955078,-44.2607536315918,179.59913793828116,-218.80422313322345,-44.258294410576745,0.3024609901028263,0.35013070894642045,0.05613938229957407,3.569251294648128e-05,4.699423706959019,17.16489027567904,2.9292660115827505,nan,nan
288.26,179.81832885742188,-219.02867126464844,-44.26275634765625,179.606509878092,-218.81279788506941,-44.26057321025647,0.3024456349563106,0.35017866929242847,0.056160196246163356,3.499590396239051e-05,4.639196194164015,16.35844464196444,nan,0.02399530182553576,nan
288.27,179.8258056640625,-219.037109375,-44.26471710205078,179.61389376831323,-218.82137025132448,-44.26263055481985,0.3024142435859728,0.3502267164458398,0.05618107378956622,3.5701228591540556e-05,4.597423753495479,16.884685259595,nan,nan,nan
288.28000000000003,179.8332977294922,-219.04554748535156,-44.266639709472656,179.62128441758762,-218.82995175402783,-44.265577560803344,0.3023777305780879,0.35027485048907947,0.056202014764320025,3.500434747425794e-05,4.480249216718918,16.76926853758048,nan,0.6079427346081897,nan
288.29,179.84080505371094,-219.0540008544922,-44.268524169921875,179.62869028638622,-218.83852330534356,-44.26756822854565,0.30236428778583574,0.3503230716282956,0.05622301960996963,3.5710080649369367e-05,4.447205349269489,16.096653310112355,nan,nan,nan
288.3,179.8483123779297,-219.06243896484375,-44.2703742980957,179.62045018881065,-218.83633058389302,-44.270875539076094,0.3210084553540645,0.35025635098799046,0.05621724843968788,3.49917268304984e-05,4.740753494359056,16.162502757206813,4.66685875387285,1.4371048775529613,nan
288.31,179.8558349609375,-219.0708770751953,-44.27218246459961,179.6278581343694,-218.8448734282278,-44.272805935752395,0.32101630894855504,0.3503043657606298,0.05623825217879611,3.5696989199932245e-05,4.717366415570109,16.445437122025623,nan,nan,nan
288.32,179.86337280273438,-219.07931518554688,-44.273956298828125,179.63527785843644,-218.85341366332418,-44.2744380407625,0.3210280882292119,0.3503524673349854,0.0562593195912236,3.500037016466396e-05,4.68605197179415,16.371252582615618,nan,0.04869212935741089,nan
288.33,179.8709259033203,-219.08775329589844,-44.27569580078125,179.64270663734249,-218.8619561792705,-44.27629538396737,0.3210431913947858,0.35040065591512554,0.05628045106166949,3.570603886280665e-05,4.6624678270301665,16.372308045444296,nan,nan,nan
288.34000000000003,179.87847900390625,-219.09620666503906,-44.277400970458984,179.6501434221672,-218.8705028949706,-44.27862973418416,0.3210620494102737,0.35044893158651325,0.0563016465064845,3.500911130068094e-05,4.66990384772452,15.472382505239434,nan,0.18430407919737166,nan
288.35,179.88604736328125,-219.10464477539062,-44.27907180786133,179.66847357540738,-218.8746749656901,-44.280509819572686,0.3165857457643368,0.35038218284835143,0.05629579345660665,3.569312590702611e-05,5.22780768025185,15.916208644450705,8.624117430935094,nan,nan
288.36,179.89361572265625,-219.1130828857422,-44.28070831298828,179.67596519569116,-218.8831869608386,-44.281706850881434,0.31658314113891195,0.35043025192506877,0.05631698702922741,3.4996728095526864e-05,5.171840222765237,15.710238675365366,nan,0.22729865729887205,nan
288.37,179.9011993408203,-219.12152099609375,-44.28231430053711,179.68346415429775,-218.8917033975691,-44.28343358596799,0.3165848904188668,0.3504784079166842,0.056338244847121605,3.570231918051616e-05,5.1519283071530095,15.644894094126391,nan,nan,nan
288.38,179.90879821777344,-219.1299591064453,-44.28388595581055,179.69097372705818,-218.90021793957365,-44.284921406504154,0.31659056313960726,0.3505266509110257,0.05635956687203737,3.500559975350179e-05,5.120962840850841,15.80860349291209,nan,0.030453254654728815,nan
288.39,179.91639709472656,-219.13839721679688,-44.28542709350586,179.69849197359122,-218.9087338676328,-44.28658420577343,0.3165900103841987,0.350574981108687,0.05638095342095338,3.5711585267635575e-05,5.101706356860813,15.54670048666053,nan,nan,nan
288.40000000000003,179.92401123046875,-219.14683532714844,-44.28693771362305,179.68242154425013,-218.9125371123822,-44.28965924941271,0.33655406205675986,0.35050820375440384,0.05637501470725693,3.4993333837857845e-05,5.001991114657798,15.959257634227868,6.974167352405239,1.6526665301357475,nan
288.41,179.931640625,-219.1552734375,-44.28841781616211,179.6899138346956,-218.92105337215972,-44.29127618558416,0.33659924306900163,0.3505563271250099,0.056396398578243134,3.5698834099374045e-05,4.993286058836837,16.03530584642838,nan,nan,nan
288.42,179.93927001953125,-219.16371154785156,-44.28986740112305,179.69741867932782,-218.92956426325605,-44.292127015136025,0.33663352105387595,0.3506045374093284,0.05641784688188091,3.500229248555926e-05,4.884752125527074,15.763883067679503,nan,0.3837924631002607,nan
288.43,179.94691467285156,-219.17214965820312,-44.291290283203125,179.70492951007563,-218.93808019284927,-44.2936796391455,0.3366764658192692,0.350652834805369,0.056439359898120774,3.5708184775805074e-05,4.873216072546744,15.737053236125593,nan,nan,nan
288.44,179.95455932617188,-219.1805877685547,-44.29268264770508,179.7124539595582,-218.94658896649338,-44.29409640967065,0.33670825150591355,0.3507012194047638,0.05646093764403747,3.501129825500987e-05,4.745215783763846,15.525944371209452,nan,0.866701085285231,nan
288.45,179.96221923828125,-219.18902587890625,-44.29405212402344,179.7369687077423,-218.96075361697123,-44.295579525912956,0.3206997973705894,0.3506344130162361,0.05645490984007987,3.569550928796461e-05,4.774353824145407,15.22186662595807,2.5729404001746765,nan,nan
288.46,179.9698944091797,-219.1974639892578,-44.295387268066406,179.7445360802602,-218.96927550271204,-44.29683104467912,0.3207155223813583,0.3506825905545599,0.056476484104727664,3.499912097876192e-05,4.743230936401298,15.626131557149078,nan,0.03068161624167406,nan
288.47,179.97756958007812,-219.20590209960938,-44.29669952392578,179.75211146749686,-218.97779851095672,-44.2982628957463,0.3207258203144496,0.35073085511237206,0.056498123269863997,3.570490699136889e-05,4.727146487876829,15.229409779253295,nan,nan,nan
288.48,179.98526000976562,-219.21432495117188,-44.2979850769043,179.75969304073618,-218.98632467628275,-44.30028342795887,0.3207333242496285,0.35077920678404056,0.05651982738230038,3.500816813667234e-05,4.7836289897946545,16.027544645893204,nan,0.2661514018731808,nan
288.49,179.99295043945312,-219.22276306152344,-44.29924774169922,179.767285734525,-218.99484693579672,-44.30167115017934,0.32074318749623176,0.35082764576353365,0.05654159667756228,3.571433445887665e-05,4.772543228387156,15.054215732852262,nan,nan,nan
288.5,180.0006561279297,-219.231201171875,-44.30048370361328,179.7838984627735,-219.0036386338502,-44.303293046559205,0.314287267518185,0.35076080980462443,0.056535476084376514,3.499602787771319e-05,5.013380015104158,15.140967626221547,1.6211462548660645,0.04434371842090442,nan
288.51,180.00836181640625,-219.23963928222656,-44.301692962646484,179.79152685082568,-219.0121546230826,-44.304635241993054,0.3142854267253304,0.3508090414846881,0.05655724106364537,3.5701694932806676e-05,5.005859223162479,15.077326359981177,nan,nan,nan
288.52,180.01608276367188,-219.24807739257812,-44.302879333496094,179.79916821174538,-219.02066466005093,-44.304784248080985,0.3142802928160376,0.35085736018857405,0.05657907120165184,3.5005086840561896e-05,4.842528055092377,14.929637358818704,nan,0.966178319040501,nan
288.53000000000003,180.0238037109375,-219.25650024414062,-44.30404281616211,179.8068129967868,-219.02918012974317,-44.30606859456213,0.3142666196328123,0.35090576610741886,0.05660096671053857,3.571113218795243e-05,4.82863566534096,15.334964302729237,nan,nan,nan
288.54,180.0315399169922,-219.2649383544922,-44.305179595947266,179.81446084485566,-219.0377008426477,-44.3085608660114,0.3142795623902045,0.35095425933977753,0.0566229276721226,3.501415972050265e-05,5.0160447176954195,15.161061428418755,nan,1.0679930369196378,nan
288.55,180.03929138183594,-219.27337646484375,-44.306297302246094,179.8065840982356,-219.0423228438165,-44.30978443165762,0.32794910535324384,0.3508873933627362,0.056616710783962874,3.569850177708346e-05,4.905704198056797,15.18820511527437,2.494224844633947,nan,nan
288.56,180.0470428466797,-219.2818145751953,-44.30739212036133,179.814221450436,-219.05083798824535,-44.311725022146945,0.3279859147978682,0.35093567905591727,0.0566386665908817,3.5002011592457146e-05,5.077622866746257,15.203271959576862,nan,0.3561549099442035,nan
288.57,180.05479431152344,-219.2902374267578,-44.30846405029297,179.82186940276037,-219.05934987024312,-44.31294141314409,0.32799866410354,0.35098405187060533,0.05666068795529439,3.570792396403075e-05,5.078207771294522,15.690825755426225,nan,nan,nan
288.58,180.06256103515625,-219.29867553710938,-44.30951690673828,179.82953282056948,-219.06785395371512,-44.31212381555008,0.3280054086866291,0.3510325119082278,0.056682774976970406,3.501106901932599e-05,4.687356304835298,14.665412401534692,nan,2.86038081575819,nan
288.59000000000003,180.07034301757812,-219.30709838867188,-44.310546875,179.83719588322523,-219.07636542225083,-44.313279168664934,0.3280285863748629,0.35108105935566414,0.05670492784118753,3.5717348808973333e-05,4.677751967135544,15.47233920375439,nan,nan,nan
288.6,180.078125,-219.31553649902344,-44.31155776977539,179.86443850850867,-219.08761270325365,-44.314498921552655,0.31244171248051544,0.35101416283017367,0.05669861103457944,3.641500289893741e-05,4.967552026036862,14.463040533274862,5.5254070544010565,nan,nan
288.61,180.08590698242188,-219.323974609375,-44.31254577636719,179.8721544674308,-219.09611890648222,-44.31561669751262,0.3124384572399172,0.3510625024944451,0.0567207578808354,3.714918047584179e-05,4.960659059176047,14.429637005029665,nan,nan,nan
288.62,180.09368896484375,-219.3323974609375,-44.313514709472656,179.8798715559326,-219.1046235787364,-44.31633324051032,0.312420821783131,0.3511109292889041,0.05674297058223377,3.636661075615665e-05,4.901216475227917,15.042856481541104,nan,0.09543197590709225,nan
288.63,180.1013946533203,-219.34083557128906,-44.31446838378906,179.88754287844503,-219.11312911532383,-44.31740973847329,0.31239632403876433,0.3511594434007531,0.05676524931317006,3.70994445340459e-05,4.893757626068417,14.26813302880572,nan,nan,nan
288.64,180.10897827148438,-219.34925842285156,-44.315399169921875,179.90881187199534,-219.12126363024998,-44.31863481485371,0.3034117373075165,0.3435601099681694,0.056781975682667095,3.6319114694855686e-05,7.040429786981234,17.08907777846885,nan,0.01748338767520741,0.024529364242984922
288.65000000000003,180.11656188964844,-219.35769653320312,-44.3164176940918,179.8960140506112,-219.12400198644167,-44.31966021164375,0.32134872710205675,0.3434883942953019,0.05677565706214535,3.702699609366819e-05,6.842007640882348,16.43240170353776,5.527627847686824,nan,nan
288.66,180.12417602539062,-219.36611938476562,-44.31752395629883,179.90349993334183,-219.13249326476566,-44.3209755662517,0.32138919577271535,0.34353177783299915,0.05679772114198917,3.6250763220353365e-05,6.852177989454274,17.38884613619242,nan,0.011555351835311577,nan
288.67,180.1317901611328,-219.3745574951172,-44.31871795654297,179.91100248347652,-219.1409837334185,-44.322247050186874,0.3214286161201008,0.34357525129554245,0.05681984481234789,3.698018490334704e-05,6.827612256058363,16.487819776310893,nan,nan,nan
288.68,180.139404296875,-219.3829803466797,-44.31999588012695,179.91853492666493,-219.14947259298418,-44.323216978251644,0.32143354710739447,0.3436188062594652,0.056842028175337504,3.6206530510780805e-05,6.743830596962303,16.89102595423487,nan,0.09918180514087187,nan
288.69,180.14703369140625,-219.39141845703125,-44.32135772705078,179.92605631810832,-219.15796259458804,-44.324656355874964,0.32147086986362094,0.34366245128526496,0.05686427141491353,3.693481587785878e-05,6.719599208697625,16.355268872181696,nan,nan,nan
288.7,180.15467834472656,-219.39984130859375,-44.32280349731445,179.9142325673353,-219.15350914481635,-44.32490241529728,0.3442355476025766,0.34359083180334465,0.05685785962627037,3.6141206258315174e-05,7.011706126271607,16.785234683264882,6.401063173318883,1.1479806554429264,nan
288.71,180.16232299804688,-219.4082794189453,-44.3243293762207,179.9217552524967,-219.16196649445658,-44.326496958343824,0.34430741406706533,0.3436342931965009,0.05688009254706918,3.6867507426161844e-05,6.985637985904609,16.10922037489735,nan,nan,nan
288.72,180.16998291015625,-219.4167022705078,-44.32593536376953,179.9292662342689,-219.17042498666132,-44.32858244612131,0.34438935180117863,0.3436778363147368,0.05690238541738925,3.6099811193778485e-05,7.0192755180161495,16.897119671780224,nan,0.11057146393024177,nan
288.73,180.1776580810547,-219.4251251220703,-44.3276252746582,179.9368068389558,-219.17888210342022,-44.3303452018287,0.34445949407485354,0.34372146912018986,0.056924738410181974,3.6825112122711086e-05,6.992968564118703,16.812535224785854,nan,nan,nan
288.74,180.18533325195312,-219.43356323242188,-44.32939147949219,179.94435352443452,-219.18733907919196,-44.332239967759236,0.34453690164355283,0.34376518408417917,0.05694715164364293,3.6059816535954894e-05,6.98576902177155,16.19808712702935,nan,0.0017603944325544445,nan
288.75,180.19302368164062,-219.44198608398438,-44.331233978271484,179.92120910608764,-219.18444640103107,-44.334112242498236,0.3744571219561675,0.34369366818161184,0.05694064380070196,3.6760971799785615e-05,6.946248788132619,17.276275096184563,9.051632750345302,nan,nan
288.76,180.20071411132812,-219.45042419433594,-44.33315658569336,179.9287294708803,-219.192884634334,-44.335958765470195,0.3745799271410779,0.3437371995132498,0.05696304609881906,3.599897493286301e-05,6.908128077159782,16.34499690012417,nan,0.01586586502782473,nan
288.77,180.2084197998047,-219.45884704589844,-44.33515548706055,179.93625079144348,-219.20132294249242,-44.33803582348573,0.3747037887255928,0.34378082016772304,0.0569855087626684,3.67215496455863e-05,6.883671907584583,17.03125496097195,nan,nan,nan
288.78000000000003,180.21612548828125,-219.46726989746094,-44.33723068237305,179.94384866763502,-219.20975766855855,-44.33877430737888,0.3747660575260923,0.34382452318715834,0.05700803191870901,3.596183196453398e-05,6.692169032364021,16.62914706369801,nan,1.3387313972997983,nan
288.79,180.22384643554688,-219.47569274902344,-44.339378356933594,179.95138629292822,-219.2181953647864,-44.340990222372376,0.3748893574308147,0.3438683156797368,0.057030615727828846,3.6683587137651304e-05,6.664846576654162,16.850104398029224,nan,nan,nan
288.8,180.2315673828125,-219.484130859375,-44.34160232543945,179.95889424407707,-219.2338783916069,-44.34301589920309,0.3701066554422322,0.34379689517540574,0.05702400887039118,3.590399193684618e-05,6.031216464958329,16.18436716290349,7.920214395340305,0.03553253946731001,nan
288.81,180.2393035888672,-219.4925537109375,-44.343849182128906,179.96642730747894,-219.2423414244807,-44.34535399373428,0.37022954730299407,0.34384050374146874,0.05704658110553544,3.6624083391851333e-05,6.0058502982355355,16.984334686652026,nan,nan,nan
288.82,180.24703979492188,-219.5009765625,-44.34608459472656,179.97400216319613,-219.25080248262594,-44.34696984265172,0.3703206748793837,0.34388419486626004,0.057069214079717726,3.5869672811181685e-05,5.934786045911711,16.76799642010366,nan,0.3585154219174446,nan
288.83,180.25479125976562,-219.5093994140625,-44.348297119140625,179.98155073763556,-219.25926432965213,-44.349291604990704,0.37044423654445263,0.3439279751167791,0.05709190794786805,3.658906255640435e-05,5.908861990127034,16.695258084942598,nan,nan,nan
288.84000000000003,180.26254272460938,-219.517822265625,-44.35047149658203,179.98904618352597,-219.26772802745143,-44.35291521454923,0.37061227409478686,0.343971838344846,0.05711466284516127,3.5836735563628365e-05,6.017773282906083,16.746479064538516,nan,1.1936747915937571,nan
288.85,180.2703094482422,-219.5262451171875,-44.35260772705078,180.02495132803398,-219.29066777182769,-44.355233387996094,0.34015318151427476,0.34390051909806973,0.057107954034439044,3.653262655525645e-05,5.7204872018188055,16.677236215121038,7.615145022412782,nan,nan
288.86,180.27809143066406,-219.53468322753906,-44.35470199584961,180.0325877010895,-219.29915766654378,-44.35685659932735,0.34021906682798414,0.3439441983709326,0.057130696705116356,3.578324830142616e-05,5.6318591008402,16.174958175442466,nan,0.24956145353588124,nan
288.87,180.28585815429688,-219.54310607910156,-44.35675811767578,180.04020414720415,-219.30764788146047,-44.35904234435425,0.34028175344649847,0.34398796643390955,0.05715350050768976,3.650049281714819e-05,5.615083385681676,16.141792045600603,nan,nan,nan
288.88,180.2936553955078,-219.55152893066406,-44.35877227783203,180.04786935385334,-219.31613644823446,-44.36023750334664,0.34032711608444016,0.3440318176487833,0.05717636558138877,3.5753070148153374e-05,5.501705822008045,16.5548490267778,nan,0.6116445583160384,nan
288.89,180.3014373779297,-219.55995178222656,-44.360748291015625,180.0555000850787,-219.3246257718286,-44.36233522907925,0.34039095398836033,0.34407575781932354,0.05719929207521877,3.64697665271465e-05,5.481057826009948,15.947858202863888,nan,nan,nan
288.90000000000003,180.3092498779297,-219.56837463378906,-44.3626823425293,180.08214048697775,-219.3401005408977,-44.364004066665096,0.3220085152579383,0.34400453289568483,0.0571924783375549,3.570243445749355e-05,5.453781201324416,16.35734447726462,4.143128413414985,0.18507605292488474,nan
288.91,180.31704711914062,-219.57679748535156,-44.36458206176758,180.08981824962825,-219.34859985332446,-44.366022728192206,0.32203911862131895,0.3440482888190082,0.057215391932872776,3.6417738864905653e-05,5.432440421712151,15.674582438887526,nan,nan,nan
288.92,180.32485961914062,-219.585205078125,-44.36643981933594,180.09753306510098,-219.3570982228585,-44.367278818970604,0.322041617669987,0.3440921280549873,0.05723836703693114,3.567494437828598e-05,5.364559032806556,16.57326496156471,nan,0.35732872047216757,nan
288.93,180.3326873779297,-219.5936279296875,-44.368263244628906,180.10522427161322,-219.36559694166806,-44.36921670803974,0.32208462447737696,0.34413605592954777,0.05726140379624984,3.638980028477611e-05,5.3402648515082545,15.92613362688483,nan,nan,nan
288.94,180.34051513671875,-219.60205078125,-44.37004852294922,180.1129725752178,-219.37409450516958,-44.36989405796585,0.32208648676759555,0.3441800675197189,0.057284502353704754,3.564876167676843e-05,5.286769979316253,15.780087507493482,nan,1.0202162307642089,nan
288.95,180.3483428955078,-219.6104736328125,-44.37179946899414,180.12896426868718,-219.3874833470471,-44.371833712216905,0.3128124847636997,0.3441089414068434,0.05727758071491731,3.634063387269591e-05,5.138133676117007,15.588803683274392,1.1134666474336428,nan,nan
288.96,180.35618591308594,-219.618896484375,-44.373512268066406,180.13663592928864,-219.39599284687938,-44.37488707813646,0.3128739635970033,0.34415276869154726,0.05730066568658799,3.560219342551149e-05,5.162310327337655,15.91929897778465,nan,1.0338607738294354,nan
288.97,180.36402893066406,-219.6273193359375,-44.37519454956055,180.14436363091542,-219.4045015041226,-44.37668789976313,0.31289432750239815,0.3441966843101439,0.05732381254543737,3.631539202519826e-05,5.142079505528256,15.560504356643653,nan,nan,nan
288.98,180.37188720703125,-219.6357421875,-44.3768424987793,180.15202592588838,-219.41301027171295,-44.38028731932716,0.31298619145987994,0.344240683784911,0.05734702143556472,3.5578580620761835e-05,5.385591931597896,15.968684443732572,nan,2.2906630789294358,nan
288.99,180.37974548339844,-219.64414978027344,-44.37845993041992,180.15976654710045,-219.42151832882703,-44.38204103187567,0.3129989135373548,0.34428477177516603,0.05737029250169724,3.629145790109514e-05,5.37602338308283,16.32324041832603,nan,nan,nan
289.0,180.3876190185547,-219.65257263183594,-44.38003921508789,180.18970836738913,-219.43924643807281,-44.382888064263895,0.29100654070289234,0.34421373863535515,0.05736325997278143,3.55346313371677e-05,5.172257011251771,15.885499351965372,4.435209669137563,0.5917079906502037,nan
289.01,180.39549255371094,-219.66099548339844,-44.381591796875,180.19749729870682,-219.44777038931338,-44.384570838639604,0.2909912995977086,0.3442576420315521,0.05738651674867889,3.62463415995041e-05,5.160611135315857,15.486338688991102,nan,nan,nan
289.02,180.4033660888672,-219.66941833496094,-44.383113861083984,180.20532221664956,-219.45629404677587,-44.385427251185504,0.2909444780557036,0.34430162941074927,0.05740983578486896,3.55134894745334e-05,5.038698276647587,15.21367501369429,nan,0.4344750249254337,nan
289.03000000000003,180.4112548828125,-219.67782592773438,-44.38460159301758,180.213123294695,-219.46481732394747,-44.38704232081021,0.2909205194711483,0.34434570501961725,0.05743321722586436,3.622496080781421e-05,5.023535333599758,16.154921648238755,nan,nan,nan
289.04,180.4191436767578,-219.68624877929688,-44.38606262207031,180.2209395046588,-219.473340289913,-44.38838071803497,0.2908956724636519,0.3443898649983417,0.0574566612160919,3.549354373711149e-05,4.982969663218266,15.175696874738893,nan,0.04205688044509071,nan
289.05,180.42703247070312,-219.69467163085938,-44.38749313354492,180.22614543532526,-219.48314919642428,-44.389996284517544,0.29172522519838273,0.3443189281147767,0.057449514801198434,3.618243235712722e-05,4.830773040297132,15.217770475990934,0.9571827046348738,nan,nan
289.06,180.4349365234375,-219.7030792236328,-44.38889694213867,180.2339242509122,-219.49167721163957,-44.39236782384032,0.2917341107933135,0.34436290341199605,0.057472943780670166,3.545327772538835e-05,4.969172544268358,16.044111657657083,nan,0.48902384487383066,nan
289.07,180.44285583496094,-219.7115020751953,-44.3902702331543,180.24173903997223,-219.5002051645606,-44.393877383162845,0.291731659580311,0.34440696666535753,0.0574964353903539,3.616349176869508e-05,4.961908829044565,15.642000770123055,nan,nan,nan
289.08,180.4507598876953,-219.71990966796875,-44.39162063598633,180.24951385072725,-219.5087321271527,-44.39667210038679,0.2917557856033839,0.34445111439545195,0.05751998977411273,3.5435651934608174e-05,5.2946166151832434,16.001152110401932,nan,1.1847450478452732,nan
289.09000000000003,180.45867919921875,-219.72833251953125,-44.392940521240234,180.25734008051106,-219.5172595289649,-44.39814199717325,0.2917469852809023,0.34449535027923855,0.057543607077277945,3.6145729664141784e-05,5.296363903601923,15.654141753824337,nan,nan,nan
289.1,180.46661376953125,-219.7367401123047,-44.39423370361328,180.2825903044686,-219.53625088317784,-44.39940515256583,0.27218984289242854,0.3444245047557945,0.05753634377303233,3.5397723384260824e-05,5.028277763823981,16.526839320649998,3.5939677034394077,0.014703309678077132,nan
289.11,180.4745330810547,-219.7451629638672,-44.395503997802734,180.29044770836526,-219.54480142791445,-44.40082244532277,0.27214050674526097,0.3444685556732623,0.05755994532926603,3.610681591101546e-05,5.030197116187703,15.341698131784005,nan,nan,nan
289.12,180.48248291015625,-219.75357055664062,-44.39674377441406,180.29838589559606,-219.55335340342288,-44.399943809409486,0.27200893264113274,0.3445126911610558,0.057583609880477456,3.538230287459508e-05,4.508843356643165,16.09117313725167,nan,3.5634769617261157,nan
289.13,180.49041748046875,-219.76199340820312,-44.39796447753906,180.30625436715872,-219.5619030846602,-44.40129010753937,0.27196185338104956,0.34455691454731874,0.05760733757315158,3.6091325745016224e-05,4.500171893283571,14.762906406102477,nan,nan,nan
289.14,180.4983673095703,-219.77040100097656,-44.3991584777832,180.31416203798918,-219.5704535033529,-44.40156998211643,0.27187570549314566,0.3446012228751696,0.05763112854947584,3.5367945966350196e-05,4.331407873920278,15.501802719975426,nan,0.7519391192878252,nan
289.15000000000003,180.50631713867188,-219.77882385253906,-44.40032958984375,180.3133997891478,-219.5713277479865,-44.40264133154495,0.2833321042550192,0.3445304709582853,0.057623745349394316,3.6054690727579365e-05,4.584769933245176,14.397964292581062,4.491208819038096,nan,nan
289.16,180.51426696777344,-219.7872314453125,-44.40147399902344,180.32126018680492,-219.57985547275848,-44.404531040044745,0.2833121193884231,0.3445745942042374,0.05764751982635552,3.533326286892745e-05,4.674680774201819,15.154359318808911,nan,0.2723255249212961,nan
289.17,180.52223205566406,-219.795654296875,-44.4025993347168,180.32914534690795,-219.58838350661185,-44.4057777828947,0.28329094607381833,0.34461880510510273,0.05767135766331459,3.604134848115665e-05,4.6650274823171145,14.472563018089705,nan,nan,nan
289.18,180.5301971435547,-219.80406188964844,-44.40370178222656,180.33699194551417,-219.59690953731408,-44.4084286342355,0.28330670439904687,0.34466310102218894,0.05769525900088491,3.532094377155743e-05,4.991122361691954,15.351140333287633,nan,1.4086447100637016,nan
289.19,180.53817749023438,-219.81248474121094,-44.404781341552734,180.34488717343734,-219.60543715194316,-44.409646860437505,0.28329052942714444,0.34470748480695756,0.057719223987849747,3.602904026106216e-05,4.990306105957112,14.890025509221125,nan,nan,nan
289.2,180.54615783691406,-219.82089233398438,-44.40583801269531,180.39945584483328,-219.64113247887974,-44.41018367294711,0.23206457021857568,0.3446368223898884,0.057711717877271425,3.52882942511117e-05,4.260810222444561,15.722001313954419,23.645611979431774,0.2898574838311611,nan
289.21,180.55413818359375,-219.8292999267578,-44.40687561035156,180.40741767422142,-219.64972020676643,-44.411353971697736,0.23193930116089723,0.3446810208114048,0.057735665597900374,3.599554887034748e-05,4.257488310761988,15.517535529875355,nan,nan,nan
289.22,180.56211853027344,-219.8377227783203,-44.407894134521484,180.41536057411992,-219.6583065818751,-44.41332091997625,0.23185667823376307,0.344725304311353,0.057759677032305466,3.527789213312541e-05,4.510952566995415,14.905956063104114,nan,0.46337442518627436,nan
289.23,180.5701141357422,-219.84613037109375,-44.40888977050781,180.42333187336405,-219.6668940116785,-44.41445972507799,0.2317363361218812,0.3447696754525208,0.05778375233112806,3.598521038320753e-05,4.513132752459724,15.812724840748597,nan,nan,nan
289.24,180.57810974121094,-219.8545379638672,-44.40986633300781,180.43133197608108,-219.67548244257222,-44.414730871959236,0.23157775321031618,0.34481413202881717,0.05780789163227017,3.5268411964695486e-05,4.297067325163376,15.446577394172362,nan,0.500797014897265,nan
289.25,180.5861053466797,-219.8629608154297,-44.41093063354492,180.42109143490356,-219.6754286682871,-44.415819950194894,0.24984355646858,0.34474356048248417,0.05780025960305127,3.5953677041072944e-05,4.377642181757172,14.52125694154005,3.0690601699664994,nan,nan
289.26,180.5941162109375,-219.87136840820312,-44.412078857421875,180.4290209108252,-219.68399671680538,-44.41812572980005,0.2498022688487511,0.34478783155336873,0.057824380854817906,3.523855153050105e-05,4.7255717322573405,15.804831485381948,nan,0.8008977528191294,nan
289.27,180.6021270751953,-219.87977600097656,-44.41331481933594,180.43698414585648,-219.69256627454587,-44.41945680572235,0.24971462267483516,0.344832190049701,0.057848566182420506,3.594518201587443e-05,4.712870985615424,15.59407741922551,nan,nan,nan
289.28000000000003,180.61013793945312,-219.88818359375,-44.414634704589844,180.4449575298461,-219.70113596043987,-44.420653235392024,0.2496149185402981,0.3448766340259183,0.05787281572173964,3.523081697193727e-05,4.667239967584091,15.4708947844303,nan,0.03386993772257334,nan
289.29,180.6181640625,-219.89659118652344,-44.416038513183594,180.45292940115624,-219.70970522516288,-44.42215272061727,0.2495320408195901,0.34492116565438785,0.05789712962637429,3.593757236189369e-05,4.654928792604629,15.594154732589633,nan,nan,nan
289.3,180.62619018554688,-219.90501403808594,-44.41752624511719,180.43702430558065,-219.7043113749038,-44.42369853945769,0.27586842220382235,0.344850681518036,0.0578893686571436,3.520268408597657e-05,4.974467311615612,14.595431433046194,6.473052967321565,0.001606344358404063,nan
289.31,180.63421630859375,-219.91342163085938,-44.419090270996094,180.44497552998382,-219.71284907094184,-44.42536361207756,0.27582744404625215,0.34489502736241645,0.057913663715640135,3.5908707583385374e-05,4.96408029438742,15.335541412204547,nan,nan,nan
289.32,180.64224243164062,-219.9218292236328,-44.420738220214844,180.45295348455664,-219.7213881126033,-44.42621776935358,0.2757480189188459,0.3449394587201499,0.05793802319156442,3.519657533762711e-05,4.697318662976248,14.824368250834379,nan,0.5566145728483487,nan
289.33,180.65028381347656,-219.93023681640625,-44.42246627807617,180.4609135599619,-219.7299251360771,-44.42803699239744,0.27571161573379693,0.3449839775298162,0.05796244724060528,3.590276455033225e-05,4.68464061707123,14.943437532204587,nan,nan,nan
289.34000000000003,180.6583251953125,-219.9386444091797,-44.42427444458008,180.46891622762564,-219.73846514817052,-44.428362941150915,0.2756160542903625,0.3450285821963398,0.057986935995585645,3.519124696695666e-05,4.271572561841896,14.365530574274793,nan,1.7283364498291602,nan
289.35,180.66636657714844,-219.94705200195312,-44.4261589050293,180.4516866266699,-219.73435893437565,-44.43036729764297,0.30223092611672975,0.34495818611525914,0.05797904308396105,3.5875543588435486e-05,4.4654814811725005,14.322735928779604,5.822930432913327,nan,nan
289.36,180.67440795898438,-219.95545959472656,-44.42811584472656,180.45964137601138,-219.74287116600198,-44.43163736399593,0.3022100697982303,0.345002604830823,0.05800351218043118,3.5165454556095895e-05,4.301145461052346,14.259624529644585,nan,0.41614951878180895,nan
289.37,180.68246459960938,-219.9638671875,-44.430152893066406,180.4675818043293,-219.75138143334934,-44.433748519630804,0.3022213426525986,0.3450471108074953,0.0580280460541667,3.5871145014307057e-05,4.285487527548187,14.254210551333433,nan,nan,nan
289.38,180.69052124023438,-219.97227478027344,-44.43226623535156,180.4755423773714,-219.75989293306048,-44.43522101202304,0.30220968086516253,0.34509170265885925,0.058052644835914206,3.516158601939334e-05,4.150186817153432,13.982104376116391,nan,0.3578360645568973,nan
289.39,180.69857788085938,-219.98068237304688,-44.4344482421875,180.4834906727961,-219.76840247140527,-44.43747708221747,0.3022158791085421,0.3451363820107059,0.05807730868440691,3.5867487127237575e-05,4.134712725742592,14.096940800199729,nan,nan,nan
289.40000000000003,180.70664978027344,-219.9890899658203,-44.43670654296875,180.4720971331571,-219.7668314615957,-44.442408549422936,0.3231815277008424,0.3450660710394957,0.058069280807884385,3.513722776896147e-05,4.961414127088497,14.841811355591142,3.472300835371555,4.781873669188743,nan
289.41,180.71470642089844,-219.99749755859375,-44.438987731933594,180.48002640018208,-219.77531917945547,-44.44481362034786,0.32322110892662814,0.3451105641633015,0.05809392417238562,3.584247881897535e-05,4.96049359289836,14.40044623704836,nan,nan,nan
289.42,180.7227783203125,-220.0059051513672,-44.44125747680664,180.48799130676136,-219.78380970228295,-44.445724231160334,0.32322017593375657,0.3451551431696312,0.058118632643369667,3.513470546789685e-05,4.5587724753295324,14.143352689513398,nan,1.5778845545149043,nan
289.43,180.73085021972656,-220.01431274414062,-44.44349670410156,180.49592788751127,-219.7922959788336,-44.448101584840984,0.32326637804987884,0.3451998094991844,0.058143406381570346,3.5840197993512924e-05,4.560167896544673,14.118298009452214,nan,nan,nan
289.44,180.7389373779297,-220.02272033691406,-44.445701599121094,180.50384337185304,-219.80077883532402,-44.451647544335444,0.32336137073822085,0.3452445620431427,0.058168245514799315,3.513282871612476e-05,4.952325990736138,14.61870966748959,nan,1.0085824876765128,nan
289.45,180.74700927734375,-220.03111267089844,-44.44786834716797,180.49945422187034,-219.79760030605877,-44.45388315518562,0.340364081446542,0.34517433623688487,0.05816007968302814,3.581653850667969e-05,5.367858776411029,14.555874086564822,5.295012369474332,nan,nan
289.46,180.75509643554688,-220.03952026367188,-44.449989318847656,180.50737805991997,-219.8060523739185,-44.457053951933254,0.34047255133087817,0.34521890236325903,0.0581848974918151,3.511038881284901e-05,5.756969562680319,14.733702712879378,nan,0.5564851567929141,nan
289.47,180.76318359375,-220.0479278564453,-44.45207214355469,180.51532300141903,-219.81450621473974,-44.45930282058339,0.3405478215133328,0.3452635556437856,0.05820978076461871,3.58155211045663e-05,5.773176016321324,14.501222259678947,nan,nan,nan
289.48,180.77127075195312,-220.05633544921875,-44.4541130065918,180.52329736279844,-219.82296317851166,-44.460164187520775,0.34057309825421983,0.3453082951328913,0.05823472962737725,3.5109704190391415e-05,5.334452722624997,13.990559307858497,nan,1.273871135956706,nan
289.49,180.7793731689453,-220.06472778320312,-44.45611572265625,180.5312493273226,-219.8314161646292,-44.462320036656,0.34064386924677065,0.3453531220264829,0.05825974424357878,3.5815109399230237e-05,5.343400631059916,14.662461522887691,nan,nan,nan
289.5,180.78746032714844,-220.07313537597656,-44.45807647705078,180.57615748600116,-219.85613691630493,-44.465247785704705,0.3029664170243609,0.34528297883962483,0.05825143743910917,3.508842783850829e-05,5.573276280764928,13.958294639729111,12.205105676762138,0.5656105788595848,nan
289.51,180.79556274414062,-220.08152770996094,-44.459999084472656,180.58417386955495,-219.86461878281753,-44.46733348377676,0.30296622317719907,0.3453276190389129,0.05827642987779039,3.579324169882169e-05,5.587982832691866,14.672972590310685,nan,nan,nan
289.52,180.8036651611328,-220.08993530273438,-44.461883544921875,180.59221915504514,-219.87310424346336,-44.46795023500426,0.30292231097027694,0.3453723454322953,0.058301488097815664,3.508883139636278e-05,5.112569907439828,13.50308212537653,nan,1.4390531266831528,nan
289.53000000000003,180.811767578125,-220.0983428955078,-44.46372985839844,180.60024207384583,-219.88158562188437,-44.469947078556395,0.3029280582179806,0.34541715907267134,0.058326612264382315,3.579394087466352e-05,5.122344417053648,13.44259607851048,nan,nan,nan
289.54,180.81988525390625,-220.1067352294922,-44.46554183959961,180.60828250092277,-219.89006891499886,-44.47107063274811,0.30290358938115425,0.34546205922904444,0.05835180250091245,3.5089756915843475e-05,4.891319257969188,13.85932742446581,nan,0.4921268721749502,nan
289.55,180.8280029296875,-220.11514282226562,-44.467315673828125,180.611237550306,-219.89256227233128,-44.47304013568954,0.3107444293484464,0.3453919982457233,0.05834335175085718,3.577315459743452e-05,5.167210933689154,13.226958305585855,1.594150379152652,nan,nan
289.56,180.8361053466797,-220.12353515625,-44.469051361083984,180.6192602206694,-219.90102465193593,-44.47549529257021,0.31076398996267957,0.3454367114976695,0.058368518942575394,3.50700155889777e-05,5.413557694243844,13.814410603399287,nan,0.23017173065598676,nan
289.57,180.84422302246094,-220.13194274902344,-44.47075653076172,180.62729563855095,-219.90948827117532,-44.47734993949079,0.31078442310286314,0.3454815118459749,0.05839375227026518,3.577486232420674e-05,5.423809385393646,13.23813832561194,nan,nan,nan
289.58,180.85235595703125,-220.1403350830078,-44.47242736816406,180.6353095183497,-219.91794716658427,-44.480719432925014,0.31086058008945794,0.3455263986841359,0.05841905185583168,3.5071891163916685e-05,6.14717677450318,14.71218359682563,nan,1.6855679055235517,nan
289.59000000000003,180.8604736328125,-220.14874267578125,-44.474063873291016,180.64335096912058,-219.9264101940927,-44.48252347660803,0.31087867149539616,0.34557137287830364,0.05844441786671131,3.577705411902456e-05,6.166449539295124,13.860716551672013,nan,nan,nan
289.6,180.8686065673828,-220.15713500976562,-44.47566604614258,180.65899083908005,-219.94244298517492,-44.48356635933327,0.3001563491303575,0.34550139185352535,0.05843582016516268,3.505307181461702e-05,5.661570212378277,14.527620809861189,2.1686434228147413,0.43417167651499966,nan
289.61,180.87673950195312,-220.16552734375,-44.477237701416016,180.66704124228968,-219.95092539438974,-44.485300300646806,0.30015389766160755,0.3455461788656322,0.05846116225171498,3.575768363892094e-05,5.6776798303006135,14.395078622904517,nan,nan,nan
289.62,180.88487243652344,-220.17393493652344,-44.47877883911133,180.67510641460265,-219.95940966307933,-44.48619447951141,0.30012975297575034,0.3455910523341189,0.05848657078056899,3.5055805167512344e-05,5.408234588440056,13.41920178066762,nan,0.4610624337651869,nan
289.63,180.89300537109375,-220.1823272705078,-44.480289459228516,180.6831626312966,-219.96789115969713,-44.48786005246197,0.30012353281122883,0.3456360130175874,0.05851204592046825,3.576074948489336e-05,5.421390560599237,13.915909391443211,nan,nan,nan
289.64,180.90113830566406,-220.19073486328125,-44.48176956176758,180.69122668760878,-219.97637341711908,-44.48915436861817,0.30011373238748534,0.3456810604709862,0.058537587791383655,3.505895083207787e-05,5.354401578232872,13.198075359220514,nan,0.08223658971116585,nan
289.65000000000003,180.90928649902344,-220.19912719726562,-44.483219146728516,180.6859458282502,-219.96929346698346,-44.490731526354395,0.32056362027606894,0.34561115862050273,0.0585288401877551,3.574222534811764e-05,5.979392951052892,13.79789904054767,9.3840161444899,nan,nan
289.66,180.9174346923828,-220.20751953125,-44.484642028808594,180.69990781156315,-219.975037004788,-44.49131645881513,0.3184503367955536,0.3438003049538213,0.058164173958594564,3.504060593682197e-05,7.70359807477973,15.36522011297816,nan,0.6963799296582516,0.018663162585580997
289.67,180.9255828857422,-220.21591186523438,-44.48603439331055,180.70797768303748,-219.98346770105798,-44.492854568260114,0.3184789294288758,0.34384300132719814,0.05818740783878773,3.5745336398778765e-05,7.703569080084431,15.371153941047886,nan,nan,nan
289.68,180.93373107910156,-220.2243194580078,-44.48740005493164,180.71597939156143,-219.99191679032825,-44.4959251558475,0.31858982205459474,0.34388578036707523,0.05821070138527424,3.5044514565890316e-05,8.447686245794547,15.472051282123223,nan,1.7128747168701024,nan
289.69,180.94187927246094,-220.2327117919922,-44.488739013671875,180.72405473219314,-220.00034699567885,-44.497425283781666,0.3186163526830274,0.3439286480831027,0.05823405514743238,3.574959051846507e-05,8.454821552844638,15.923283495995094,nan,nan,nan
289.7,180.95004272460938,-220.24110412597656,-44.490047454833984,180.74348616203903,-220.01509448460277,-44.495361844710445,0.30622575703971205,0.34385295896728796,0.05822671894428151,3.502763043628865e-05,6.959418257514695,14.896284624684151,1.350772976236558,8.682869811185519,nan
289.71,180.95819091796875,-220.24949645996094,-44.4913330078125,180.75157953184592,-220.02353822396677,-44.49677519401412,0.3062270508623422,0.34389564588729243,0.058250056622652154,3.573218195740901e-05,6.952818545410133,14.486532440293535,nan,nan,nan
289.72,180.9663543701172,-220.25790405273438,-44.49259567260742,180.75962749511942,-220.03199430494897,-44.499273436167,0.30629366222135274,0.3439384156747982,0.05827345423308178,3.503219644508599e-05,7.368680509727556,14.434579150137322,nan,0.8676533175623947,nan
289.73,180.97451782226562,-220.26629638671875,-44.49382781982422,180.76772622826934,-220.0404373148289,-44.500648935051636,0.30630313631338846,0.34398127378914956,0.05829691229237683,3.573710474075425e-05,7.368517110988421,15.098120640562474,nan,nan,nan
289.74,180.98268127441406,-220.27468872070312,-44.49503707885742,180.7758289395543,-220.04887977470295,-44.5019709116032,0.3063097232658396,0.34402421519250737,0.058320430579474794,3.503707991726522e-05,7.4097920658697145,15.018418911755093,nan,0.0006180130545861157,nan
289.75,180.99085998535156,-220.2830810546875,-44.49622344970703,180.79416294984176,-220.05535525125723,-44.503159981992226,0.3009931574080234,0.3439486859668039,0.05831298659329516,3.572034072369191e-05,7.863059172439625,14.895687491866095,8.68140173410935,nan,nan
289.76,180.9990234375,-220.29147338867188,-44.49738693237305,180.80229482937781,-220.06378606846508,-44.50472047675035,0.3009940894930981,0.34399144659485237,0.05833648817477824,3.502110329449209e-05,8.023382290823854,14.776367178884001,nan,0.04706256984341503,nan
289.77,181.0072021484375,-220.2998809814453,-44.49852752685547,180.81043963961272,-220.07221376301192,-44.50600283070644,0.3010045305238512,0.34403429521723705,0.05836005043526132,3.5725855676446136e-05,8.024498813675613,14.386677619668536,nan,nan,nan
289.78000000000003,181.015380859375,-220.3082733154297,-44.49964141845703,180.81852133153035,-220.08065874077283,-44.50890079357349,0.3010777380129377,0.34407722730268336,0.058383673184636026,3.50265428547848e-05,8.879675082985973,15.831819873732218,nan,1.8909029798900836,nan
289.79,181.0235595703125,-220.31666564941406,-44.500736236572266,180.82667108953132,-220.0890858896962,-44.510155848414165,0.3010753227762301,0.34412024754786014,0.05840735689556646,3.573165768681366e-05,8.886885476086817,15.686734443208346,nan,nan,nan
289.8,181.03173828125,-220.32505798339844,-44.501808166503906,180.84371879899592,-220.0982010042914,-44.51007004974583,0.2947603660456409,0.3440448722434064,0.05839980194690963,3.501110120061645e-05,8.568379998580282,15.050598592860567,2.5769349654001146,1.097731559392872,nan
289.81,181.0399169921875,-220.3334503173828,-44.50286102294922,180.8518970372199,-220.10662374609166,-44.511269670525714,0.29474141592891334,0.3440877114756166,0.05842346829587704,3.5715706521865256e-05,8.570709235017457,14.93190371951498,nan,nan,nan
289.82,181.048095703125,-220.3418426513672,-44.50389099121094,180.86006456381833,-220.1150496584754,-44.51279197623283,0.29473716852160636,0.3441306343271538,0.0584471953903429,3.50170295954784e-05,8.826072945886391,15.186500596487736,nan,0.08296154089476716,nan
289.83,181.05628967285156,-220.35023498535156,-44.50489807128906,180.8682472691567,-220.123471823518,-44.513954786833786,0.2947261461909152,0.3441736450311153,0.058470983673752225,3.5722005003402025e-05,8.831881108888329,15.401274976044053,nan,nan,nan
289.84000000000003,181.06448364257812,-220.35862731933594,-44.505889892578125,180.87642057894598,-220.131897061044,-44.51541160685732,0.294728670085991,0.3442167397542118,0.05849483299777973,3.5023196203994884e-05,9.096695905096759,15.475610140666506,nan,0.06932373975085737,nan
289.85,181.07266235351562,-220.3670196533203,-44.50696563720703,180.86187564306718,-220.12991122011354,-44.51654060371874,0.3174005771625926,0.34414152160612893,0.05848716456015016,3.570653100461947e-05,9.200325257362882,15.292467339704194,4.486690700649042,nan,nan
289.86,181.0808563232422,-220.3754119873047,-44.50812911987305,180.8699738440185,-220.13832906942787,-44.51940473923457,0.3175009757221324,0.3441844353003116,0.05851099586599433,3.500842122433582e-05,10.237093032804921,16.45542601168306,nan,1.7983703276387568,nan
289.87,181.0890655517578,-220.38380432128906,-44.509376525878906,180.8781316915493,-220.1467311218194,-44.52077522746477,0.3175322435392724,0.3442274365556658,0.05853488858520523,3.5713262311740575e-05,10.215917735860517,16.642417994199338,nan,nan,nan
289.88,181.09725952148438,-220.39219665527344,-44.51070785522461,180.88637739475723,-220.15510944771316,-44.519775567417625,0.3174332036289032,0.3442705219607068,0.058558842596840834,3.50149937788074e-05,8.899027105090175,15.086394300759178,nan,4.255267259586578,nan
289.89,181.10545349121094,-220.4005889892578,-44.51212692260742,180.89453948553688,-220.16351090116814,-44.52129219650754,0.317450373897079,0.34431369511350635,0.058582858305066,3.572020599684418e-05,8.875697646663232,14.89601020691168,nan,nan,nan
289.90000000000003,181.11366271972656,-220.4089813232422,-44.51362228393555,180.87787414616508,-220.16596021665015,-44.520943656594575,0.3386873368890374,0.3442386291922839,0.058575073248768886,3.500060859009279e-05,7.744137121276797,14.587657202293562,9.506676303288263,2.8122328907230245,nan
289.91,181.12185668945312,-220.41737365722656,-44.515201568603516,180.88598706925507,-220.17435811736644,-44.52260779714725,0.3387416162314965,0.3442816210839124,0.0585990702508584,3.570531843219031e-05,7.722431922490581,14.192120947388599,nan,nan,nan
289.92,181.13006591796875,-220.42576599121094,-44.51686096191406,180.8941769048946,-220.18273506659378,-44.52208240939307,0.3387254350106298,0.34432469723910186,0.05862312879265658,3.500753178657117e-05,6.93821071689079,13.629202768158798,nan,3.6411431219872443,nan
289.93,181.13827514648438,-220.4341583251953,-44.51860046386719,180.90229387315262,-220.19113236604224,-44.52388670668879,0.3387871345678856,0.34436786087441124,0.05864724925283395,3.571261781191412e-05,6.915337429795467,13.56203775839612,nan,nan,nan
289.94,181.146484375,-220.4425506591797,-44.52042007446289,180.91040615128222,-220.1995311983266,-44.52597443952309,0.33885430060467836,0.34441110915281287,0.05867143154710671,3.501462861678467e-05,6.987562124282368,13.55341728052311,nan,0.029222244013911734,nan
289.95,181.15469360351562,-220.45094299316406,-44.52231216430664,180.9340854543274,-220.2217092710585,-44.52787992894778,0.318193423630537,0.34433619751600547,0.05866352726105268,3.5698071909137495e-05,6.352826087028134,13.678254498771574,8.222308934214114,nan,nan
289.96,181.1629180908203,-220.45933532714844,-44.52428436279297,180.94221669468897,-220.23014040855915,-44.529751965507394,0.31822839540323516,0.3443792644824936,0.058687690159578434,3.500071494392194e-05,6.311906838624326,13.753485058292082,nan,0.020329947997457156,nan
289.97,181.17112731933594,-220.46771240234375,-44.52633285522461,180.9503445791581,-220.23857271285937,-44.531869141892365,0.3182462350562889,0.3444224186762136,0.05871191519535494,3.570567526030999e-05,6.289055486813385,13.98424130867873,nan,nan,nan
289.98,181.17935180664062,-220.47610473632812,-44.5284538269043,180.95848921863052,-220.2470004817055,-44.53356022444144,0.3182689390507951,0.34446565760322856,0.05873620230766709,3.500809663555142e-05,6.149216642829437,13.572069248105935,nan,0.17808998453885094,nan
289.99,181.18756103515625,-220.4844970703125,-44.5306510925293,180.96662028372035,-220.25543206004977,-44.53582397593656,0.31829601520357054,0.34450898396358876,0.05876055184120372,3.571343097778604e-05,6.128009210456878,13.194122984831713,nan,nan,nan
290.0,181.19578552246094,-220.49288940429688,-44.53291702270508,180.9909698407241,-220.26299214523056,-44.53668735027025,0.3079227639871473,0.34443422252377676,0.05875252524299188,3.49944568149819e-05,6.307496456847887,12.939051629515605,11.547570141060483,1.334750612938125,nan
290.01,181.20401000976562,-220.5012664794922,-44.53520965576172,180.9991520728319,-220.27140887126595,-44.539058097211225,0.30792223837492466,0.34447736734428247,0.05877685466229496,3.569929056807465e-05,6.289406784362378,13.280488935805876,nan,nan,nan
290.02,181.2122344970703,-220.50965881347656,-44.5374870300293,181.00737642660036,-220.27981380861388,-44.53999595979277,0.3078990906539943,0.3445205969731534,0.05880124639606099,3.5002078938988085e-05,6.029028098963961,12.527367701584021,nan,1.4608843476667308,nan
290.03000000000003,181.220458984375,-220.51805114746094,-44.53973388671875,181.01556189427507,-220.28822974105856,-44.54233837284549,0.30790823262811995,0.34456391380382745,0.05882570076733467,3.570729004097071e-05,6.014014300539739,12.528680771277266,nan,nan,nan
290.04,181.2286834716797,-220.52642822265625,-44.54195022583008,181.02375436493466,-220.29664378126571,-44.5444461225058,0.3079010519577529,0.3446073158040837,0.05885021774667494,3.500982353014046e-05,5.9758221042795885,12.832189849858418,nan,0.029103704909656674,nan
290.05,181.23690795898438,-220.53482055664062,-44.54412078857422,181.0463473446738,-220.30352257194028,-44.54682777511024,0.299698904283909,0.34453270564573985,0.0588420661559618,3.569338461486737e-05,6.54660459757026,12.433839803974506,10.63629686515096,nan,nan
290.06,181.24513244628906,-220.543212890625,-44.5462532043457,181.05461870858863,-220.31191224990377,-44.54765905431657,0.29966222161757317,0.344575926022979,0.05886656229915653,3.4996501441306536e-05,6.3733604562098165,12.136190444611831,nan,1.3905183837320556,nan
290.07,181.2533721923828,-220.5515899658203,-44.548343658447266,181.0628546118528,-220.32031205536063,-44.54983924026087,0.29964755484163,0.3446192333835742,0.058891121293230576,3.570158677061505e-05,6.353601087033406,12.813413439242375,nan,nan,nan
290.08,181.2615966796875,-220.5599822998047,-44.550392150878906,181.0710701426951,-220.32871771930712,-44.55283828307027,0.2996492133374069,0.3446626259676947,0.058915743128478686,3.500443598910496e-05,6.437800896868165,12.195951857555148,nan,0.5209539415547001,nan
290.09000000000003,181.26983642578125,-220.568359375,-44.55240249633789,181.07930905542787,-220.33711666648293,-44.554947006941184,0.2996336824028564,0.34470610575870303,0.058940428099360086,3.5709894440646175e-05,6.422563346321158,12.771072003646138,nan,nan,nan
290.1,181.278076171875,-220.57675170898438,-44.55437088012695,181.08205183861898,-220.34239327689866,-44.55652081298376,0.30553892735530397,0.34463164345680863,0.058932148478064154,3.4991297800747655e-05,6.4417193687990615,12.20458112989251,0.3502222295173662,0.1505581970926353,nan
290.11,181.28631591796875,-220.5851287841797,-44.55630111694336,181.09028722212017,-220.3507847743004,-44.55854643940558,0.3055313503314545,0.34467494139961513,0.058956811864823114,3.5696254021790336e-05,6.42562385741387,12.636741078109155,nan,nan,nan
290.12,181.2945556640625,-220.59352111816406,-44.55819320678711,181.09850326950908,-220.35918191163378,-44.56140704017593,0.3055515240551445,0.3447183246065479,0.058981538321401066,3.4999387427196805e-05,6.555629020817293,12.23058517481484,nan,0.5378908211648689,nan
290.13,181.30279541015625,-220.60189819335938,-44.5600471496582,181.10674143611394,-220.36757286832326,-44.563366563060285,0.30554302020566115,0.34476179482060754,0.05900632812438575,3.570471902819766e-05,6.544174421149792,12.716085288667506,nan,nan,nan
290.14,181.31103515625,-220.61029052734375,-44.56186294555664,181.11500257018872,-220.37595740525668,-44.56434845481913,0.30552735501299694,0.34480535064396245,0.05903118129000888,3.500756018096155e-05,6.388435519393044,12.072750140016232,nan,0.6254897543415479,nan
290.15000000000003,181.31927490234375,-220.61866760253906,-44.56364440917969,181.113799093483,-220.37720700328197,-44.56613619194497,0.3170642490125943,0.3447310364943442,0.05902277090386712,3.569123210202722e-05,6.651812093317988,12.429142184997492,2.0503716887661763,nan,nan
290.16,181.3275146484375,-220.62705993652344,-44.56538772583008,181.12198294383072,-220.3855947562336,-44.57033940489063,0.3171328333939882,0.34477441035657175,0.05904760173231647,3.4994622139958654e-05,7.155378703125114,12.494966853840177,nan,3.939594290030774,nan
290.17,181.3357696533203,-220.63543701171875,-44.567100524902344,181.1302203407139,-220.39396702097076,-44.57217042379884,0.3171497756890682,0.3448178710374267,0.05907249611501056,3.569982257254536e-05,7.150041715136353,13.013870357316303,nan,nan,nan
290.18,181.34400939941406,-220.64382934570312,-44.56877517700195,181.13842709417622,-220.40234842011682,-44.575478679659255,0.3172098021764113,0.3448614173498392,0.05909745408424522,3.500291273287653e-05,7.690981177713728,12.972816699869952,nan,1.6109824708350937,nan
290.19,181.35226440429688,-220.65220642089844,-44.57041931152344,181.14666741339937,-220.41072024365084,-44.5772586988134,0.31722621847235016,0.3449050507195001,0.05912247589324383,3.5708483115106274e-05,7.692733708926231,13.525756868876819,nan,nan,nan
290.2,181.36050415039062,-220.66058349609375,-44.57202911376953,181.17479308618107,-220.44019139387717,-44.5780119797293,0.28826562884669643,0.34483088180118165,0.05911393174549166,3.499009098999822e-05,6.384017729943951,13.111106167370012,19.620175643967226,0.6850578619564265,nan
290.21,181.36875915527344,-220.66897583007812,-44.573604583740234,181.18303459403717,-220.44861939825125,-44.5797182571179,0.28824979912576637,0.34487433298547415,0.05913893044087555,3.5695155532433927e-05,6.384846910258392,12.797675477920807,nan,nan,nan
290.22,181.37701416015625,-220.67735290527344,-44.57515335083008,181.19128128410892,-220.45704610542344,-44.581197539009445,0.28821575167867497,0.3449178698121253,0.059163992942320796,3.499847266587762e-05,6.3573061233088195,13.151121362701351,nan,0.027238497056572115,nan
290.23,181.38526916503906,-220.68572998046875,-44.57666778564453,181.1995254036595,-220.46547360803555,-44.582841372307946,0.28818696650118103,0.344961493523397,0.05918911948871876,3.570390884800587e-05,6.3568777208451746,13.209784194251762,nan,nan,nan
290.24,181.39352416992188,-220.69412231445312,-44.578155517578125,181.20776283216475,-220.4739030833611,-44.5848826617097,0.28818230135843526,0.3450052032085254,0.0592143101332505,3.500690822115512e-05,6.559286436029664,12.737961157253734,nan,0.12857213079941288,nan
290.25,181.4017791748047,-220.70249938964844,-44.57960891723633,181.16867391372912,-220.47024566556198,-44.58637015318819,0.32912849983666626,0.34493117919039146,0.059205629450562604,3.569067459046479e-05,6.122279643616224,13.565951606315037,29.607254910880187,nan,nan
290.26,181.4100341796875,-220.71087646484375,-44.58103561401367,181.17688151863314,-220.47864688336125,-44.584850523663974,0.32909769887969004,0.3449747065502165,0.05923079619850363,3.4994199722269475e-05,5.2337886935036755,12.567670372655723,nan,6.696269091797063,nan
290.27,181.41830444335938,-220.71926879882812,-44.582435607910156,181.18503439871154,-220.48706447853027,-44.586351315205555,0.3291642338690762,0.34501832063142374,0.059256027193605745,3.569949650931423e-05,5.224673373989573,12.204356434851556,nan,nan,nan
290.28000000000003,181.4265594482422,-220.72764587402344,-44.583805084228516,181.19322564140637,-220.4954709933328,-44.58569441548998,0.32917079185253806,0.345062020681778,0.05928132250173552,3.500270021368616e-05,4.873939896940517,12.16905029599013,nan,3.2043794669728682,nan
290.29,181.434814453125,-220.73602294921875,-44.585147857666016,181.20138117420575,-220.5038884832437,-44.58712006506266,0.3292132980341518,0.3451058077048497,0.05930668234326221,3.570836264236798e-05,4.857829382397386,12.11175779558127,nan,nan,nan
290.3,181.44308471679688,-220.74440002441406,-44.58646774291992,181.174927837419,-220.50171165702807,-44.587989996153695,0.36167398700634323,0.34503192603464544,0.05929786216753538,3.499005904708228e-05,4.641885189806347,12.616684874633842,13.227134093791026,0.23594685573023474,nan
290.31,181.45135498046875,-220.75279235839844,-44.5877571105957,181.18302017771728,-220.5101165070626,-44.58935935284249,0.3617978750206498,0.34507553050723183,0.059323197308583875,3.5695211125205964e-05,4.62556784778177,12.158680315050054,nan,nan,nan
290.32,181.45960998535156,-220.76116943359375,-44.589019775390625,181.19109776315648,-220.51852609440957,-44.59170479510118,0.361914095952948,0.3451192209346479,0.05934859697327503,3.4998604415211266e-05,4.737155108326589,12.495485876219428,nan,0.7075250454257959,nan
290.33,181.46788024902344,-220.76954650878906,-44.59025955200195,181.19919253219643,-220.52693086604566,-44.593034985512965,0.362026438687392,0.3451629981846284,0.0593740613708436,3.570412361405112e-05,4.724193610568249,12.70691085843523,nan,nan,nan
290.34000000000003,181.4761505126953,-220.77792358398438,-44.59147644042969,181.20730836860997,-220.53532957057496,-44.5930401686368,0.36211931600564556,0.3452068617096044,0.05939959058344479,3.5007182762926164e-05,4.555720849452406,12.445450098695234,nan,1.1949470644994562,nan
290.35,181.4844207763672,-220.7863006591797,-44.59266662597656,181.2177521753149,-220.54663496121242,-44.594170057157996,0.35854434854650774,0.3451331215674023,0.05939062811631731,3.569102276543522e-05,4.410570973477666,12.446896747410735,1.2756017816349963,nan,nan
290.36,181.49269104003906,-220.79469299316406,-44.593833923339844,181.22588627673906,-220.55503620350675,-44.59290846368541,0.3586377211393044,0.3451768023776567,0.059416131816791486,3.499459315834616e-05,4.350435176483016,11.80088364689587,nan,4.434320937790446,nan
290.37,181.50096130371094,-220.80307006835938,-44.594974517822266,181.23398497544997,-220.56344846527045,-44.59410503690083,0.35874172954325273,0.34522056986790695,0.05944170044658598,3.5699963694386815e-05,4.325067023907269,12.396901671004628,nan,nan,nan
290.38,181.5092315673828,-220.8114471435547,-44.59609603881836,181.2420803189723,-220.5718621207295,-44.59560553835407,0.35884678245756013,0.34526442360603893,0.059467334097542596,3.500319925104262e-05,4.2888278482093645,12.231703285100474,nan,0.07501039562671191,nan
290.39,181.5175018310547,-220.81982421875,-44.59719467163086,181.25018143680322,-220.58027442677886,-44.5967617342355,0.3589491376935844,0.3453083642859273,0.059493032964700286,3.57089307866831e-05,4.265401040452179,12.203108237609845,nan,nan,nan
290.40000000000003,181.52578735351562,-220.8282012939453,-44.598270416259766,181.25940655800414,-220.5961709461096,-44.596604721760045,0.3532698473861867,0.34523476337600195,0.059483925284684616,3.4990643087532765e-05,3.907779366613346,12.836376029241759,4.943305514126778,1.2772311090123067,nan
290.41,181.5340576171875,-220.8365936279297,-44.599327087402344,181.26749462378353,-220.604606375259,-44.597706643436865,0.35337874963389726,0.34527852111322715,0.05950959780939774,3.569585960084689e-05,3.8816717672691508,11.822285384456421,nan,nan,nan
290.42,181.54232788085938,-220.844970703125,-44.60036087036133,181.275576119141,-220.61304392176487,-44.59939808715449,0.3534790817621791,0.3453223650633524,0.059535335557238764,3.49992622197123e-05,3.813493055931267,12.344631214603549,nan,0.26253254577673774,nan
290.43,181.5506134033203,-220.8533477783203,-44.601375579833984,181.28366634184584,-220.6214789889388,-44.60046600052502,0.35358831492799503,0.3453662958231264,0.05956113871490199,3.570484124222455e-05,3.788892388269251,12.568655516354056,nan,nan,nan
290.44,181.55889892578125,-220.86172485351562,-44.602474212646484,181.2917496563475,-220.6299165998144,-44.6022425254129,0.35370022946270924,0.3454103131068263,0.05958700738648256,3.50079001269276e-05,3.7460826749416998,12.61438023880305,nan,0.3210846191424654,nan
290.45,181.56716918945312,-220.87010192871094,-44.603660583496094,181.28821479214236,-220.6345028094345,-44.60345644766046,0.36513359535145945,0.3453368502355544,0.05957775168313471,3.569179201369325e-05,3.7075234218320863,12.404869671136037,1.3741138552730487,nan,nan
290.46,181.57545471191406,-220.87847900390625,-44.60493469238281,181.29627697534963,-220.64293623604055,-44.60567732666378,0.36526860745586814,0.3453806843906154,0.05960359317322365,3.499535394902101e-05,3.7012793085679325,12.63435783798883,nan,0.6205181037698223,nan
290.47,181.583740234375,-220.88685607910156,-44.60628890991211,181.3043507951796,-220.65136609328974,-44.60705587597114,0.3653964701369024,0.3454246052291369,0.05962950026365658,3.570077520932421e-05,3.681308111720661,12.720454049039555,nan,nan,nan
290.48,181.59202575683594,-220.89523315429688,-44.60772705078125,181.31241856851577,-220.65979790424657,-44.609170028962176,0.36552977842111545,0.34546861254630173,0.05965547306564231,3.5003994863810104e-05,3.7037755391022436,12.690126794672512,nan,0.29927056310196587,nan
290.49,181.60031127929688,-220.90362548828125,-44.60924530029297,181.3204943471361,-220.6682273587539,-44.610722903516184,0.36566648495606024,0.3455127068170018,0.05968151175541234,3.570977267996557e-05,3.6858718258627463,12.155881877579345,nan,nan,nan
290.5,181.6085968017578,-220.91200256347656,-44.61084747314453,181.31492945399276,-220.66630665530104,-44.611778530819464,0.3828940549368028,0.3454393798550165,0.059672105142583205,3.4991460052237067e-05,3.9345261679224275,12.516181546710401,3.544867424072103,0.16429320027645733,nan
290.51,181.61688232421875,-220.92037963867188,-44.61252975463867,181.3229958666714,-220.6747109265067,-44.6134883855702,0.3830447559227229,0.3454832907647209,0.05969811579513601,3.5696718492911405e-05,3.915203620300487,12.484488583590512,nan,nan,nan
290.52,181.6251678466797,-220.9287567138672,-44.61429214477539,181.3310730657294,-220.68311205311946,-44.614243422793514,0.3831879981287101,0.34552728810148786,0.059724192352833966,3.50000934128394e-05,3.8693597619890348,12.405807883873228,nan,0.7570415267036651,nan
290.53000000000003,181.63345336914062,-220.9371337890625,-44.61613082885742,181.3391409494398,-220.69151629064868,-44.61610328779228,0.38333765361065586,0.34557137227368806,0.05975033498591759,3.570571010002409e-05,3.8492750717338318,12.449810186999349,nan,nan,nan
290.54,181.64173889160156,-220.9455108642578,-44.618045806884766,181.34720419261964,-220.69992204262553,-44.61863471173136,0.38349042364056674,0.34561554317681387,0.05977654381442591,3.50087365427198e-05,3.8392547156952737,12.456198217061598,nan,0.2480192596548554,nan
290.55,181.65003967285156,-220.95388793945312,-44.62003707885742,181.3702162686568,-220.70423053763434,-44.620724099700396,0.37500723701774796,0.3455423506504614,0.05976698348133318,3.56926599097317e-05,4.391381427008216,12.28150830400516,12.850574181438775,nan,nan
290.56,181.6583251953125,-220.96226501464844,-44.62210464477539,181.37833624609118,-220.71261159206063,-44.622650733431996,0.3751278999337271,0.34558633798722616,0.059793163407463906,3.499618565565195e-05,4.366684816499782,11.905792873682621,nan,0.021411091360869192,nan
290.57,181.66661071777344,-220.97064208984375,-44.624244689941406,181.38645578436143,-220.72099285366653,-44.62482538002351,0.37524907067163626,0.34563041204576206,0.05981940959342237,3.5701636401295644e-05,4.34774876790199,11.924515398846767,nan,nan,nan
290.58,181.67491149902344,-220.97901916503906,-44.626461029052734,181.3945851598603,-220.72937107686136,-44.62596300352508,0.3753761745087424,0.3456745727755537,0.059845722164226824,3.500481660473263e-05,4.32531574410796,12.100705040062596,nan,0.8724606234740497,nan
290.59000000000003,181.68319702148438,-220.98739624023438,-44.62874984741211,181.40270634515403,-220.73775189419322,-44.62827538817533,0.37549639696025816,0.3457188205036291,0.059872101282767896,3.5710619982768915e-05,4.3049303006980555,11.784428382955019,nan,nan,nan
290.6,181.69149780273438,-220.9957733154297,-44.63105773925781,181.39069043215432,-220.7331852889284,-44.62977068864078,0.39929838762060565,0.34564576037982925,0.059862384378160625,3.4992263961381154e-05,4.6651868016498295,12.328606808080833,4.968651200770485,0.6359949860633997,nan
290.61,181.6997833251953,-221.004150390625,-44.63335418701172,181.3987905112475,-220.74153693285206,-44.63212660047528,0.399454639753228,0.3456898243033416,0.059888733714222736,3.569754420774467e-05,4.64069232246821,11.917041610046361,nan,nan,nan
290.62,181.7080841064453,-221.0125274658203,-44.6356201171875,181.40688362600434,-220.74989056411545,-44.63553058348997,0.399624673376513,0.34573397483351087,0.059915149620629396,3.500087526174505e-05,4.579116763550685,12.194745919426,nan,0.8057044444475041,nan
290.63,181.7163848876953,-221.02088928222656,-44.637847900390625,181.41498489037428,-220.75824154842263,-44.637844932406686,0.39978217877522354,0.34577821225431343,0.05994163225619939,3.570651009364316e-05,4.5584860994697545,12.697967827674677,nan,nan,nan
290.64,181.72467041015625,-221.02926635742188,-44.640037536621094,181.41917569183826,-220.76245929189275,-44.640159500949075,0.4056020808769908,0.34267361915642064,0.05645139615554278,3.5008782138288334e-05,6.68048429376231,13.909135853252334,nan,0.0009095113692972667,0.0048574753061302045
290.65000000000003,181.73297119140625,-221.0376434326172,-44.642181396484375,181.42318049128306,-220.7655701488283,-44.642464998988,0.41230356542827684,0.3426086638668821,0.056446202961235516,3.569270345687819e-05,6.993876673676088,14.385036060571796,2.4497672557504884,nan,nan
290.66,181.74127197265625,-221.0460205078125,-44.644287109375,181.43124657107,-220.77384817657847,-44.64358027268764,0.4125457879268461,0.34265504423231935,0.05646525037352764,3.4996223367993354e-05,6.978514178960378,14.207954711986861,nan,0.8280280310851589,nan
290.67,181.74957275390625,-221.0543975830078,-44.6463508605957,181.43935233255326,-220.78217608974646,-44.64572707049904,0.412724654378626,0.34270151235050367,0.05648435978649613,3.570167016980444e-05,6.947896461931364,14.198113091879897,nan,nan,nan
290.68,181.75787353515625,-221.06277465820312,-44.648372650146484,181.44742063199735,-220.79045509587408,-44.64676498608334,0.4129667464707229,0.34274806476051334,0.05650352538261939,3.5004842933257936e-05,6.983723335168436,14.262814079554525,nan,0.8064277515742784,nan
290.69,181.76617431640625,-221.07113647460938,-44.65035629272461,181.45552747867805,-220.79878245063924,-44.64882145285096,0.41313499960266586,0.34279470518161254,0.05652275316176233,3.571063993483469e-05,6.947530702576783,14.61597119462987,nan,nan,nan
290.7,181.77447509765625,-221.0795135498047,-44.65230178833008,181.45401706525877,-220.79494480820887,-44.65143399837683,0.42857143194676095,0.342729723718797,0.056517512338960234,3.499227516716362e-05,7.664471688111314,14.161977683777744,11.692420274387931,0.21159073759782182,nan
290.71,181.78277587890625,-221.087890625,-44.654205322265625,181.4621246792186,-220.80323134388203,-44.653419707902785,0.42877583348139015,0.3427761663683084,0.056536744482299124,3.569754680235626e-05,7.634265323580511,14.237271727426242,nan,nan,nan
290.72,181.79107666015625,-221.0962677001953,-44.656070709228516,181.47025322551158,-220.81154319774367,-44.655952647033,0.42894723737566515,0.34282269329955406,0.05655603328781565,3.50008684959592e-05,7.591508156843563,14.21083891877149,nan,0.24125896778503825,nan
290.73,181.79937744140625,-221.10462951660156,-44.657901763916016,181.47836205022807,-220.8198292553758,-44.657870471616924,0.42914108536325585,0.34286930809119576,0.05657538431441442,3.5706492521754595e-05,7.563969393677606,14.488147232002346,nan,nan,nan
290.74,181.80767822265625,-221.11300659179688,-44.65969467163086,181.48647189297967,-220.82811555166924,-44.65976320649063,0.4293441692469276,0.34291600748751944,0.05659479239429352,3.5009463807411026e-05,7.538424516688597,14.09867452865476,nan,8.017423928893235e-05,nan
290.75,181.81597900390625,-221.1213836669922,-44.66145324707031,181.47064628683884,-220.822591751141,-44.66152439820788,0.4566522741842667,0.3428510031402296,0.0565895063128731,3.5693388336711866e-05,7.978925397322205,14.462450430803635,8.067926287943154,nan,nan
290.76,181.82427978515625,-221.1297607421875,-44.66317367553711,181.478779076361,-220.83091098357997,-44.664920499955784,0.4568205001894554,0.3428975045936876,0.056608918310160725,3.4996858021091265e-05,8.04104620157176,14.631311684174337,nan,1.7743944205218625,nan
290.77,181.8325958251953,-221.13812255859375,-44.66486358642578,181.48685863209053,-220.8391637140217,-44.666713471179705,0.4570711317917879,0.342944093752795,0.05662839257098413,3.570230530682293e-05,8.022884309822816,15.174864503002244,nan,nan,nan
290.78000000000003,181.8408966064453,-221.14649963378906,-44.6665153503418,181.49504346807538,-220.84754399084323,-44.671579324679755,0.45718105123198205,0.342990767510888,0.056647924348191075,3.500542904824805e-05,8.634850221382004,15.205938075099809,nan,6.809912822855343,nan
290.79,181.8491973876953,-221.15487670898438,-44.66813659667969,181.50312441476333,-220.85579627658882,-44.67333774631772,0.45743049700850447,0.34303752922805525,0.05666751857995453,3.571122389156249e-05,8.63511803136138,15.068588786593699,nan,nan,nan
290.8,181.85751342773438,-221.16323852539062,-44.66972732543945,181.53308524300843,-220.87859049484135,-44.67539196618647,0.431636695028293,0.3429724984329021,0.056662178833928295,3.499281195212835e-05,8.204081157933112,15.464410437992381,9.121518313674436,0.05554352503959469,nan
290.81,181.86581420898438,-221.17161560058594,-44.67128372192383,181.54119352572985,-220.88688021442346,-44.6770916742056,0.43184089713624585,0.3430190619525428,0.056681776295384144,3.569807900928347e-05,8.206952631662718,14.786818617164768,nan,nan,nan
290.82,181.87413024902344,-221.17999267578125,-44.67280960083008,181.54936950432688,-220.89525004244905,-44.680800614677594,0.4319858386974421,0.343065710066938,0.05670143172330902,3.500135486712542e-05,9.060955630642512,15.907219698998867,nan,2.936670687408018,nan
290.83,181.88243103027344,-221.1883544921875,-44.6743049621582,181.55747908292764,-220.90353960311955,-44.68246074164916,0.4321802932315581,0.34311244598140356,0.05672114965749363,3.570697196573393e-05,9.073174294147943,16.00789372278021,nan,nan,nan
290.84000000000003,181.8907470703125,-221.1967315673828,-44.67577362060547,181.56553658609366,-220.911766610577,-44.682470195870934,0.43244852846724396,0.3431592668167622,0.0567409259391819,3.500989926574236e-05,8.465912499646656,15.123948393625511,nan,1.8552778728914914,nan
290.85,181.8990478515625,-221.20509338378906,-44.677207946777344,181.52325815360632,-220.8929220748641,-44.683877041735435,0.4885829510262181,0.3430942124473579,0.05673553379922061,3.5693815398912045e-05,9.174352560181509,16.27514457887301,30.728723520413673,nan,nan
290.86,181.90736389160156,-221.21347045898438,-44.678619384765625,181.53126434298736,-220.90110912542232,-44.68436733687835,0.4889309891241948,0.343140834907977,0.05675531281072322,3.4997243150456066e-05,8.848130884370905,15.680016339017122,nan,0.7997327782371486,nan
290.87,181.91567993164062,-221.2218475341797,-44.679996490478516,181.53930508299166,-220.90933606034056,-44.68588368591374,0.48924033669222794,0.3431875450077832,0.05677515438602733,3.570267932018232e-05,8.85076521536433,15.881739134225628,nan,nan,nan
290.88,181.9239959716797,-221.23020935058594,-44.68135070800781,181.54737934125285,-220.91760154854904,-44.688419651931895,0.48950351804313424,0.3432343400254416,0.05679505474091562,3.500576326930872e-05,9.282063384934487,16.515475021894773,nan,0.7728579184349625,nan
290.89,181.9322967529297,-221.23858642578125,-44.68267822265625,181.5554211900027,-220.92582845890425,-44.689893477771676,0.4898007714193053,0.3432812229335637,0.05681501786131586,3.571154507162107e-05,9.28892350352522,15.742467845272557,nan,nan,nan
290.90000000000003,181.94061279296875,-221.24696350097656,-44.68397521972656,181.57398455602407,-220.93393251354263,-44.69150527983448,0.48214247378161446,0.343216141758119,0.056809565851762556,3.49930965818013e-05,9.808980767384627,16.114797178245244,4.514785616913973,0.0704941710614228,nan
290.91,181.9489288330078,-221.2553253173828,-44.68524932861328,181.5820528586464,-220.94214951368997,-44.69292838488121,0.4824272302508077,0.34326282602756114,0.056829530987097095,3.5698348894045215e-05,9.815626828928815,16.36133609576201,nan,nan,nan
290.92,181.95724487304688,-221.26370239257812,-44.68649673461914,181.59008994480115,-220.9503301748134,-44.69329304276934,0.4827536411114739,0.34330959521139276,0.05684955532017588,3.5001589574617946e-05,9.460093150402772,15.659943671768705,nan,0.7546485448316652,nan
290.93,181.96556091308594,-221.27206420898438,-44.687721252441406,181.5981593858105,-220.95854692237072,-44.69465712055953,0.48303734588172864,0.3433564521234774,0.05686964248713992,3.570719027293811e-05,9.463039879402034,15.931102781929832,nan,nan,nan
290.94,181.973876953125,-221.2804412841797,-44.68891906738281,181.6062264245791,-220.96676014146746,-44.695896271407186,0.4833336857796403,0.34340339427685534,0.0568897892214531,3.501008480841992e-05,9.483122607437398,15.642635546984561,nan,0.007240347111278335,nan
290.95,181.98219299316406,-221.288818359375,-44.690093994140625,181.64030922524586,-220.98493603590873,-44.69712430335023,0.45746956459286936,0.3433382887338551,0.05688427763488427,3.56939842664556e-05,9.441508215506083,15.017443605518231,6.416933878526718,nan,nan
290.96,181.99050903320312,-221.29718017578125,-44.691246032714844,181.6484356793185,-220.99318167504688,-44.69880108379258,0.45769678465486147,0.3433850320634216,0.056904425831512395,3.499738171545835e-05,9.663252622547496,15.582389400934838,nan,0.10459659322298297,nan
290.97,181.9988250732422,-221.30555725097656,-44.69237518310547,181.65655122634539,-221.001414466697,-44.70007448887547,0.45794486437582366,0.3434318629588551,0.0569246369368525,3.570279864678705e-05,9.669600817694803,15.176075884593521,nan,nan,nan
290.98,182.00714111328125,-221.3139190673828,-44.6934814453125,181.66462107821107,-221.009595669464,-44.69974806897292,0.45822699125807453,0.3434787790908075,0.05694490800884569,3.500585479081892e-05,9.106715837678397,14.984181270583509,nan,1.75775426439736,nan
290.99,182.01547241210938,-221.32229614257812,-44.69456481933594,181.6727375923974,-221.017828281268,-44.700962661103404,0.45848529703038415,0.34352578303994896,0.05696524220292031,3.571161607771907e-05,9.107670231324633,14.93159000280342,nan,nan,nan
291.0,182.02378845214844,-221.33065795898438,-44.69562911987305,181.7042855947697,-221.0341344229293,-44.702856863304284,0.4359593141371113,0.34346065024409667,0.0569596643845763,3.4993143681425666e-05,9.505554571544316,14.8660175895788,5.102366351575196,0.35663669468508974,nan
291.01,182.0321044921875,-221.3390350341797,-44.69667053222656,181.71244440454615,-221.04237803787802,-44.70403717869007,0.43616764273123354,0.34350745509863084,0.0569799993009141,3.5698374407884385e-05,9.510108272901473,14.522261764845274,nan,nan,nan
291.02,182.04042053222656,-221.347412109375,-44.697689056396484,181.72060394511098,-221.0506217251252,-44.705197630380724,0.4363754808197557,0.3435543463233113,0.05700039592642371,3.641790874198544e-05,9.515370531718288,14.579344110961486,nan,nan,nan
291.03000000000003,182.0487518310547,-221.35577392578125,-44.698795318603516,181.72876402863125,-221.0588653653245,-44.70639225952346,0.43658286783109995,0.34360132406263816,0.05702085440560533,3.7151891183928835e-05,9.496139471296159,15.205456268076166,nan,nan,nan
291.04,182.05706787109375,-221.36415100097656,-44.699989318847656,181.7369047038332,-221.06708745007975,-44.7069595576569,0.43680635431594056,0.34364838726884717,0.05704137348930344,3.636891209521574e-05,9.255930928320671,14.247679500616403,nan,0.333696901399169,nan
291.05,182.0653839111328,-221.3725128173828,-44.70126724243164,181.7649503189691,-221.08496706751538,-44.708174155362286,0.41592139523405175,0.34358322922306306,0.05703572888307559,3.7077795081905496e-05,9.002800523264607,14.261198186753859,4.782060417334921,nan,nan
291.06,182.07371520996094,-221.38088989257812,-44.70262908935547,181.77313923955268,-221.09322730738342,-44.709504588330724,0.41610449335945643,0.3436300931473646,0.057056248093768844,3.629853283388646e-05,8.995310976639356,14.114013650525537,nan,0.008454302912154219,nan
291.07,182.08203125,-221.38925170898438,-44.70407485961914,181.78133176662374,-221.10149086711897,-44.711031924230724,0.4162629963879191,0.34367704464878207,0.05707683070103326,3.7028937155828104e-05,8.976143764258975,14.213003517893025,nan,nan,nan
291.08,182.09036254882812,-221.3976287841797,-44.70560073852539,181.78948216205745,-221.1097090740036,-44.71106095031729,0.4164811887276081,0.3437240816207616,0.05709747429630393,3.6252339868147756e-05,8.468416804439407,13.60991077567094,nan,1.6443378339357722,nan
291.09000000000003,182.0986785888672,-221.406005859375,-44.707210540771484,181.79767569373305,-221.1179720442517,-44.71273827770096,0.41664946586930107,0.3437712064164938,0.057118181505378895,3.698152550209789e-05,8.449856105900617,13.232367726129638,nan,nan,nan
291.1,182.1070098876953,-221.41436767578125,-44.70889663696289,181.81567195679952,-221.12639549614286,-44.714374873706156,0.4096776504791796,0.343706020511473,0.05711246408372038,3.618501076465371e-05,8.751539232900088,13.948422964065193,2.5651111315621677,0.01804899558443885,nan
291.11,182.11534118652344,-221.42274475097656,-44.71066665649414,181.8238885448266,-221.13465035288667,-44.71621341308528,0.4098460577723462,0.34375294574240517,0.05713317064672734,3.691213262692942e-05,8.733246128967426,13.385366901563255,nan,nan,nan
291.12,182.1236572265625,-221.4311065673828,-44.71250915527344,181.8321318614416,-221.14293248915592,-44.7191473296052,0.40997000284074875,0.3437999564429056,0.05715393856486667,3.6141679099218074e-05,9.095801302760957,14.082631786586132,nan,0.6824218883552268,nan
291.13,182.13198852539062,-221.43948364257812,-44.71443176269531,181.84034901966874,-221.15118701473497,-44.72115433276675,0.41013868370565393,0.34384705479763145,0.05717477018592899,3.6867725642872685e-05,9.080094059920967,13.830513624246578,nan,nan,nan
291.14,182.1403045654297,-221.44784545898438,-44.7164306640625,181.84856978928394,-221.159444850833,-44.72337093719628,0.410283143433965,0.34389423895043886,0.057195663514410564,3.6099765021719734e-05,9.165521918260218,14.071150177057763,nan,0.011510624723779436,nan
291.15000000000003,182.1486358642578,-221.4562225341797,-44.718502044677734,181.83951513619243,-221.15991707622163,-44.725509593969186,0.4282541940045376,0.34382902691811146,0.057189872169996485,3.680155186265039e-05,9.27696255821467,14.230224560498518,2.7684174062034375,nan,nan
291.16,182.15696716308594,-221.46458435058594,-44.72064971923828,181.84763437259645,-221.16808317981233,-44.724888126328686,0.42850634025274487,0.343876011306351,0.05721076420468101,3.603698818367344e-05,8.417904129334081,13.702698549084328,nan,5.441492164928901,nan
291.17,182.16529846191406,-221.47296142578125,-44.72287368774414,181.85582545533657,-221.1763219477592,-44.72717335462101,0.42870387082059697,0.3439230831828365,0.057231720039579756,3.6760168346120044e-05,8.40055285102091,13.22641349923683,nan,nan,nan
291.18,182.17361450195312,-221.4813232421875,-44.72516632080078,181.8640437617155,-221.18458783327173,-44.73063650760939,0.42885413494497504,0.3439702408496943,0.05725273792784266,3.599797771379606e-05,8.706350349438008,13.790968277277633,nan,0.8123680181326242,nan
291.19,182.18194580078125,-221.48968505859375,-44.727481842041016,181.87223515125254,-221.19282621202217,-44.73305372794199,0.4290418477628947,0.3440174862562171,0.05727381984763432,3.6720273662055853e-05,8.697650471224442,13.91838266558698,nan,nan,nan
291.2,182.19027709960938,-221.49806213378906,-44.72978210449219,181.8752687129627,-221.19563006526246,-44.73388665448022,0.4367061793261209,0.34395224576012223,0.05726794909037037,3.593827006359295e-05,8.621066625508462,13.310501393169393,1.8065635963128939,1.498240106245995,nan
291.21,182.1986083984375,-221.5064239501953,-44.732051849365234,181.88345738540403,-221.20385191464723,-44.73627053796837,0.43690707827324443,0.3439992911177378,0.057289028923003436,3.66588407046929e-05,8.615369774783922,13.696524139440914,nan,nan,nan
291.22,182.20692443847656,-221.51480102539062,-44.734283447265625,181.89168084033116,-221.21210759198271,-44.74008639859625,0.4370760975437495,0.3440464222532183,0.05731017114021763,3.5902149644890144e-05,9.04734603254552,13.526507776606453,nan,1.437432726858195,nan
291.23,182.2152557373047,-221.52316284179688,-44.73647689819336,181.899870139299,-221.22032900543746,-44.742414719021426,0.4372775612694436,0.34409364096795464,0.057331377498943674,3.662196051500737e-05,9.04988330098578,14.063023834345781,nan,nan,nan
291.24,182.2235870361328,-221.53152465820312,-44.73862838745117,181.90803169312522,-221.22852297220118,-44.743492631016714,0.43750297951685446,0.3441409457841765,0.05735264658149815,3.586744691166868e-05,8.724612956446686,13.744328557839388,nan,0.9842599116373516,nan
291.25,182.23191833496094,-221.53990173339844,-44.74073791503906,181.90741013093557,-221.24463983212,-44.74561770022839,0.4387584496392367,0.34407567812675727,0.05734669465988065,3.656368139447212e-05,7.774695209728753,13.241801802831175,14.884334787811895,nan,nan
291.26,182.24024963378906,-221.5482635498047,-44.74280548095703,181.9155948635274,-221.25292273972167,-44.74898805868042,0.4389363714952996,0.3441227826821148,0.05736796095824579,3.581221315407478e-05,8.168072095201497,14.03313856994487,nan,0.9341645045496705,nan
291.27,182.2485809326172,-221.55662536621094,-44.744834899902344,181.9237533265548,-221.26117980880645,-44.751152282672614,0.4391366078742992,0.3441699746599044,0.05738929151468532,3.652977205751359e-05,8.170582862784105,13.928407867805133,nan,nan,nan
291.28000000000003,182.2569122314453,-221.56500244140625,-44.74681854248047,181.93195038563127,-221.26947335666344,-44.755011845372266,0.4393230831359431,0.34421725271991327,0.05741068510737738,3.578035180668738e-05,8.932909168776293,14.43366109735091,nan,2.0323056769290475,nan
291.29,182.26524353027344,-221.5733642578125,-44.7487678527832,181.94010916377673,-221.277729991776,-44.75711453480371,0.4395243367925269,0.3442646184586866,0.05743214320172351,3.6497313758360655e-05,8.94305860199642,14.663159490495303,nan,nan,nan
291.3,182.27357482910156,-221.58172607421875,-44.750675201416016,181.97545210863564,-221.3038972212689,-44.75742480642223,0.4075678902430556,0.3441993216371346,0.05742610515768174,3.572806194110489e-05,7.686313802703862,13.667274280128906,11.802217863416796,2.025600548966264,nan
291.31,182.2819061279297,-221.59010314941406,-44.75254821777344,181.9836459571309,-221.3121980027862,-44.75943403363328,0.40772271762464646,0.34424648682954356,0.0574475596533115,3.644358618837575e-05,7.690693379707524,13.104545486751439,nan,nan,nan
291.32,182.2902374267578,-221.5984649658203,-44.75437927246094,181.99179862877114,-221.3204599349209,-44.75944516579598,0.40789481073482065,0.34429373808019637,0.057469077484522596,3.56989783544202e-05,7.085918651367333,13.057023366196859,nan,2.6092975894973387,nan
291.33,182.29856872558594,-221.60682678222656,-44.75617599487305,181.99999314605455,-221.32876043006684,-44.761362562515046,0.40803820088298837,0.34434107685829146,0.05749065994431874,3.641401103645146e-05,7.083271638970713,12.98273722293013,nan,nan,nan
291.34000000000003,182.30690002441406,-221.61520385742188,-44.757938385009766,182.00821789448472,-221.33708840261735,-44.764688389565684,0.40817249233842495,0.3443885020133843,0.05751230606773466,3.567124783708084e-05,7.600553798325974,13.010429704851076,nan,1.4152733016692902,nan
291.35,182.3152313232422,-221.62356567382812,-44.75966262817383,181.98574764083693,-221.32575083253067,-44.76667584976147,0.44418730502501985,0.3443231769548025,0.057506179644328415,3.63632482539577e-05,8.308642145561343,14.074240992723297,14.57385030388988,nan,nan
291.36,182.3235626220703,-221.63192749023438,-44.761356353759766,181.99391415629765,-221.33401327296656,-44.769049596926855,0.4443874186191536,0.34437040133982655,0.0575278214260984,3.5623172480784545e-05,8.595659137047413,14.223300924189116,nan,0.20075955124413025,nan
291.37,182.33189392089844,-221.64028930664062,-44.76301193237305,182.00206996661544,-221.342265313706,-44.77085274144675,0.44459376904146736,0.3444177131044108,0.0575495279684098,3.633647012722848e-05,8.604408397955698,14.329430785026945,nan,nan,nan
291.38,182.34022521972656,-221.64866638183594,-44.7646369934082,182.01025178399098,-221.3505401492929,-44.773915875751825,0.4448008728397439,0.34446511121548473,0.05757129845721491,3.559810882596037e-05,9.310648559836752,14.555835734483729,nan,1.139040769013062,nan
291.39,182.3485565185547,-221.6570281982422,-44.766231536865234,182.0184084425249,-221.35879212088906,-44.77566813161375,0.44500736989582085,0.34451259696725145,0.0575931339605972,3.631104999329146e-05,9.322859703691629,14.900312046692793,nan,nan,nan
291.40000000000003,182.3568878173828,-221.66539001464844,-44.767791748046875,182.03584345048617,-221.36879388021666,-44.774589394707405,0.43713265775512905,0.3444472419548714,0.057586914618286605,3.5552755134418646e-05,8.293073561705047,13.64633309280333,1.1295532853487187,5.285161092022762,nan
291.41,182.36521911621094,-221.6737518310547,-44.76932144165039,182.04401926046833,-221.37704498143538,-44.77625216232346,0.43732406385783973,0.34449452664996427,0.057608744943534136,3.6264497015076214e-05,8.296610675030346,13.618294982656845,nan,nan,nan
291.42,182.37356567382812,-221.68212890625,-44.77082061767578,182.05219135392028,-221.38529241107176,-44.777671790590766,0.43753890905409026,0.3445418976565632,0.05763063948661518,3.5530261871403746e-05,8.272627954913728,13.466082540293188,nan,0.031180473152722633,nan
291.43,182.38189697265625,-221.69049072265625,-44.77228927612305,182.0603677920808,-221.3935431917915,-44.77927358612037,0.4377300887925433,0.3445893561611759,0.057652599184367166,3.624173448646315e-05,8.276348142745508,13.587292569207754,nan,nan,nan
291.44,182.39022827148438,-221.6988525390625,-44.77372741699219,182.0685142416031,-221.40176798469008,-44.779210526591825,0.4379374543927278,0.3446369012914024,0.057674623418555636,3.5509014054430405e-05,7.755939830808586,13.096638418072743,nan,1.8358641504383668,nan
291.45,182.3985595703125,-221.70721435546875,-44.77513885498047,182.05834036426285,-221.40390979656627,-44.78068740429268,0.45582184021342786,0.34457151692991644,0.05766830851419433,3.6197877858227685e-05,7.704976904341174,13.281698810716778,3.220264374798517,nan,nan
291.46,182.4069061279297,-221.715576171875,-44.77652359008789,182.06649330981858,-221.41215911083998,-44.78262940058308,0.4560483314115692,0.344618860768623,0.05769032678471402,3.5467498529490406e-05,7.884281803392907,13.718052009434057,nan,0.1338935802774404,nan
291.47,182.4152374267578,-221.7239532470703,-44.77787780761719,182.07463868292166,-221.42040168110967,-44.78410745488713,0.4562782769374782,0.3446662919658379,0.05771241035356506,3.617766041042163e-05,7.886214410351521,13.087483390091,nan,nan,nan
291.48,182.42356872558594,-221.73231506347656,-44.77920913696289,182.08278442094252,-221.42864401458175,-44.78555916790165,0.45649794207761674,0.3447138101950444,0.057734559027736526,3.690215146980479e-05,7.8854515369526075,13.345827654297576,nan,nan,nan
291.49,182.43191528320312,-221.7406768798828,-44.78050994873047,182.0909305851762,-221.43688606731044,-44.78698505375249,0.4567289667592099,0.34476141560074264,0.05775677295172861,3.764111620783989e-05,7.885547363942695,13.732780343006116,nan,nan,nan
291.5,182.44024658203125,-221.74903869628906,-44.78178405761719,182.10125102161965,-221.43294058766483,-44.7891771509299,0.4635630076735248,0.344696000378022,0.05775035824519762,3.6800680129824245e-05,9.27388212721185,13.999133695814823,15.360747057924538,0.36859364663117855,nan
291.51,182.44859313964844,-221.75741577148438,-44.78303527832031,182.1094195125488,-221.44113739909207,-44.790561533200325,0.4638182862668959,0.3447434042044089,0.05777256534637356,3.753681356040669e-05,9.27865929405756,13.876019133928033,nan,nan,nan
291.52,182.45692443847656,-221.76577758789062,-44.784263610839844,182.11757360777713,-221.4493225079052,-44.79105003843828,0.46405695722025225,0.3447908945381043,0.057794837466408774,3.6725176203924896e-05,9.00391441244222,13.606806496775983,nan,0.4864593203648759,nan
291.53000000000003,182.4652557373047,-221.77413940429688,-44.785465240478516,182.12574248036304,-221.45751939548637,-44.792377968534545,0.4642900681981705,0.34483847239315907,0.05781717531890361,3.745952900154506e-05,9.005808243595645,13.655554642482011,nan,nan,nan
291.54,182.47360229492188,-221.78250122070312,-44.78664016723633,182.133907863326,-221.46571330825574,-44.793444596583456,0.4645354546089706,0.34488613706807875,0.057839578503193115,3.665241000999532e-05,8.973252938702915,13.968944235710007,nan,0.03640958225735003,nan
291.55,182.48193359375,-221.79087829589844,-44.78779602050781,182.15554886451116,-221.47502619714191,-44.79474510793502,0.454244240013323,0.34482069138733284,0.0578330611141035,3.736135051030921e-05,9.316626204232815,13.155760709456468,3.1436414636462833,nan,nan
291.56,182.4902801513672,-221.7992401123047,-44.78892517089844,182.16372859520135,-221.48320292686478,-44.794846925751635,0.45447825976129225,0.3448681542402287,0.05785545665254161,3.655962812401181e-05,8.963515953800362,13.488250070757848,nan,0.8631201476603033,nan
291.57,182.4986114501953,-221.80760192871094,-44.790035247802734,182.1719268883652,-221.49139402888267,-44.796071366994376,0.4546940439315642,0.3449157044772474,0.05787791807134319,3.728981645750129e-05,8.962139748905244,13.129740230049832,nan,nan,nan
291.58,182.5069580078125,-221.8159637451172,-44.79112243652344,182.18011985640504,-221.49958085992824,-44.79690650959725,0.4549228096691213,0.34496334148813595,0.05790044506039176,3.649233318666901e-05,8.882165101885624,13.330524901309133,nan,0.08777770368913375,nan
291.59000000000003,182.51528930664062,-221.82432556152344,-44.79218673706055,182.1883188531887,-221.5077720846024,-44.79808511675358,0.4551379703610324,0.3450110661506311,0.05792303819798665,3.722105431330475e-05,8.880914860250364,13.092915132865786,nan,nan,nan
291.6,182.5236358642578,-221.83270263671875,-44.79322814941406,182.21272487079955,-221.52677569477416,-44.799531468820646,0.4362300671621751,0.34494558867646447,0.057916414118449625,3.640518579864601e-05,8.652597906887094,12.860253653457013,4.1156275233596995,0.03531188179419447,nan
291.61,182.531982421875,-221.841064453125,-44.79436111450195,182.220945447917,-221.5349931127146,-44.800727076569736,0.43642203205454966,0.34499311122516685,0.05793899872604931,3.713162489264968e-05,8.632737783062568,13.09578451652125,nan,nan,nan
291.62,182.54031372070312,-221.84942626953125,-44.79557418823242,182.22914564570175,-221.54319513089757,-44.80060714618225,0.43661013711853425,0.3450407204971796,0.05796164913288681,3.634319456747938e-05,8.21895568565705,12.579008903570283,nan,1.2868804072433822,nan
291.63,182.5486602783203,-221.8577880859375,-44.796875,182.23736678042536,-221.55141223764625,-44.801962326635845,0.43680165194302867,0.34508841728901885,0.057984365841443036,3.706836336151977e-05,8.200430096579925,12.72900917125181,nan,nan,nan
291.64,182.5570068359375,-221.8661651611328,-44.79825973510742,182.23972743052045,-221.5661466429775,-44.80316092193697,0.4366936614724963,0.34454218223610156,0.05727125867669241,3.628295137947962e-05,10.03464626376122,14.207630446650885,nan,0.03618949983789061,0.05776197930744571
291.65000000000003,182.56533813476562,-221.87452697753906,-44.79972457885742,182.22161526073955,-221.56210381772655,-44.804567674984774,0.46451813796242064,0.34447544818143355,0.057265659012896986,3.698373912330537e-05,10.242365443727756,14.750610469944778,7.0451799167471565,nan,nan
291.66,182.5736846923828,-221.8828887939453,-44.801273345947266,182.22979658190326,-221.57027598496344,-44.805042517009056,0.4647580096342879,0.34452180312487163,0.057285182702032006,3.620383992098005e-05,9.97478321514221,14.720131865447698,nan,0.8389907899863678,nan
291.67,182.58203125,-221.89125061035156,-44.80290222167969,182.2379724734229,-221.57848269230226,-44.806716710457124,0.4649889919398734,0.34456824394475916,0.05730476696263328,3.692580850171066e-05,9.95070300782292,14.726955742513136,nan,nan,nan
291.68,182.59036254882812,-221.8996124267578,-44.80461120605469,182.2461498831964,-221.58668220029335,-44.80822696399935,0.46521044648836457,0.34461477070934726,0.05732440915582963,3.614946507665427e-05,9.893231692944793,14.41522420199425,nan,0.03973550436369295,nan
291.69,182.5987091064453,-221.90798950195312,-44.806400299072266,182.25432633396247,-221.59488925268076,-44.81006024393577,0.46545102349634293,0.34466138364078475,0.05734411213565542,3.687042240561584e-05,9.870798548422972,14.306576185939726,nan,nan,nan
291.7,182.6070556640625,-221.91635131835938,-44.808265686035156,182.28557571841097,-221.61099540384558,-44.81301103334306,0.44341189463718933,0.3445946472768849,0.057338461342685956,3.607546925477197e-05,10.209666620626004,14.652535583464049,5.1992815173270825,0.6433189057950309,nan
291.71,182.6154022216797,-221.92471313476562,-44.81020736694336,182.29379350190158,-221.61921228358108,-44.815012767443974,0.4436057152311841,0.34464106148816437,0.057358166068861155,3.679459665250496e-05,10.187661417216418,14.654363462490409,nan,nan,nan
291.72,182.6237335205078,-221.93307495117188,-44.812225341796875,182.30201473851574,-221.62741108194413,-44.816463963177604,0.4437920025743462,0.34468756156240404,0.057377929129599235,3.602592044787861e-05,10.034034565171343,14.25709705506102,nan,0.2624110501458058,nan
291.73,182.632080078125,-221.9414520263672,-44.8143196105957,182.31023279626282,-221.6356274811897,-44.81861311582573,0.4439963507307877,0.3447341477268555,0.05739775308784224,3.67441978779105e-05,10.01333420096335,14.10673898567435,nan,nan,nan
291.74,182.6404266357422,-221.94981384277344,-44.81648635864258,182.31844429863457,-221.64387811036505,-44.82208238976598,0.4441853366983994,0.3447808200421683,0.05741763573521281,3.597868648275398e-05,10.356825161847446,14.869082878318277,nan,1.0338974713174713,nan
291.75,182.64877319335938,-221.9581756591797,-44.8187255859375,182.37547621125051,-221.6742693232163,-44.82437344841699,0.39411412862336903,0.3447140810980821,0.05741193315110654,3.667341490184824e-05,9.972547275016721,14.319734395984549,21.75739003000415,nan,nan
291.76,182.65711975097656,-221.96653747558594,-44.82103729248047,182.38377229239896,-221.68251722876118,-44.826346212361145,0.3942264810328291,0.34476055451278725,0.0574318170510254,3.591187741784887e-05,9.861991571955954,14.215752758011313,nan,0.11416802937276999,nan
291.77,182.6654510498047,-221.9748992919922,-44.823368072509766,182.39206636153202,-221.69077579259866,-44.82877382219374,0.3943280015662299,0.3448071139400198,0.05745176196747742,3.6627773525693416e-05,9.850137604698858,13.96352521458348,nan,nan,nan
291.78000000000003,182.67379760742188,-221.98326110839844,-44.82568359375,182.40036003407815,-221.69903718534712,-44.83132273095705,0.39444029309798684,0.3448537594363811,0.057471765953832764,3.586915501443606e-05,9.913575997515274,14.234550771618526,nan,0.009491018879400293,nan
291.79,182.68214416503906,-221.9916229248047,-44.827972412109375,182.4086544486468,-221.70729516612863,-44.83373251547583,0.3945530105282052,0.3449004912351641,0.05749183118576704,3.658440918259612e-05,9.908713889662947,14.12977992699069,nan,nan,nan
291.8,182.69049072265625,-221.99998474121094,-44.83021926879883,182.42323449468634,-221.7172477752213,-44.83554502084564,0.38909439338108726,0.34483374924736826,0.057486071322977346,3.580688220000081e-05,9.853684199397689,14.092894132223725,0.4591281697099439,0.2239793688721102,nan
291.81,182.69883728027344,-222.00836181640625,-44.832427978515625,182.43154100221355,-221.7255064034203,-44.837878305174065,0.38920970052249015,0.34488028196271214,0.05750613715741255,3.652066960589127e-05,9.851531949825358,13.637384953022627,nan,nan,nan
291.82,182.70718383789062,-222.0167236328125,-44.834590911865234,182.43985503600624,-221.73373158359243,-44.83881659884151,0.3893161243374578,0.3449269006652561,0.057526262427707954,3.576844461235456e-05,9.512447743860289,13.786944023802473,nan,1.2394760453085372,nan
291.83,182.71551513671875,-222.02508544921875,-44.83671569824219,182.44816157945561,-221.74198993817134,-44.841054920076225,0.38940958103591866,0.34497360559128043,0.0575464490752212,3.6481719713750374e-05,9.505070247199189,13.470284038441063,nan,nan,nan
291.84000000000003,182.72386169433594,-222.033447265625,-44.83879852294922,182.45646371051768,-221.75026731965193,-44.84404951184501,0.38951269098164887,0.34502039679292124,0.057566695500289054,3.573205569246828e-05,9.735807443720388,13.902577341042454,nan,0.4303257784092321,nan
291.85,182.73220825195312,-222.04180908203125,-44.84083938598633,182.4834392688785,-221.76749130331723,-44.84612524237169,0.37035684270214997,0.3449536514475615,0.05756087699242532,3.6422398927018465e-05,9.540840142796014,13.741255563361092,3.6744559587823353,nan,nan
291.86,182.7405548095703,-222.0501708984375,-44.842838287353516,182.4917650336466,-221.77580594965497,-44.849898234244755,0.3704353122674997,0.34500024337703433,0.05758112347252239,3.5676089055908923e-05,10.14593255741017,14.370544926041147,nan,1.8492225246689267,nan
291.87,182.7489013671875,-222.05853271484375,-44.84479904174805,182.50010013057062,-221.7840821100053,-44.85199803132435,0.3705091298324529,0.3450469214500054,0.057601431468055526,3.6387621493437025e-05,10.14825025519686,14.322778756830774,nan,nan,nan
291.88,182.7572479248047,-222.06689453125,-44.84672164916992,182.508442522789,-221.7923294716895,-44.852785873865244,0.3705764088886387,0.34509368571665977,0.05762179958821979,3.564365104820155e-05,9.730927827416247,13.867095878306065,nan,1.103135493289998,nan
291.89,182.7655792236328,-222.07525634765625,-44.848602294921875,182.5167779379929,-221.8006055226215,-44.85479665495323,0.37063934697294154,0.3451405364162028,0.05764222946498422,3.635483516431488e-05,9.730450726377159,13.797629233328355,nan,nan,nan
291.90000000000003,182.77392578125,-222.0836181640625,-44.85044860839844,182.49904020975117,-221.80086378652382,-44.855067077591386,0.39437728851090037,0.34507378719098786,0.057636347357946434,3.559161968948643e-05,9.083625440418075,13.476773664392189,6.923637451668399,1.9605649581212852,nan
291.91,182.7822723388672,-222.09197998046875,-44.852256774902344,182.5073283711873,-221.80913182040743,-44.85698763160821,0.39448656253262326,0.34512043842629014,0.057656776614501686,3.630162335373626e-05,9.076065874063932,13.511181248355214,nan,nan,nan
291.92,182.79061889648438,-222.100341796875,-44.85403060913086,182.51562313601585,-221.81737631675438,-44.85775861875449,0.3945960330151743,0.3451671757731157,0.05767726632949936,3.556290041081954e-05,8.825607425533912,13.220678581055868,nan,0.8486666602497775,nan
291.93,182.79896545410156,-222.10870361328125,-44.85576629638672,182.52391169682284,-221.82564427558708,-44.85959832595256,0.39470475358120516,0.3452139994716341,0.0576978179496897,3.627265783054577e-05,8.81498295732882,13.292566470102063,nan,nan,nan
291.94,182.80731201171875,-222.1170654296875,-44.85747146606445,182.53221290790304,-221.83386687524026,-44.8591917852369,0.39482134904189903,0.3452609095705699,0.05771843035887773,3.5535953927203245e-05,8.468820438267462,12.843026004399295,nan,3.350443964868268,nan
291.95,182.81565856933594,-222.12542724609375,-44.85913848876953,182.5624783457241,-221.8435616793646,-44.86093108571648,0.3788820881745487,0.345194156106968,0.057712482720843686,3.622323672599599e-05,9.126464235410058,13.006993694612373,11.529287567969543,nan,nan
291.96,182.82400512695312,-222.1337890625,-44.860774993896484,182.57081132518792,-221.85183344609743,-44.86354375321385,0.37896403114468447,0.3452408665448386,0.05773309391186989,3.548933746875003e-05,9.230084130816042,13.044188151047477,nan,0.5496150317574282,nan
291.97,182.8323516845703,-222.14215087890625,-44.86237716674805,182.57914954403313,-221.86008745528284,-44.86523855486313,0.37905050647732635,0.34528766325221527,0.05775376716177343,3.61978509595302e-05,9.21662173513357,13.090699125450174,nan,nan,nan
291.98,182.8406982421875,-222.1505126953125,-44.863948822021484,182.58748495924996,-221.86835081233693,-44.86738556937763,0.37913599946815346,0.34533454627777277,0.05777450151780417,3.546577551745342e-05,9.299840860675184,13.1550769970174,nan,0.16061848237178714,nan
291.99,182.8490447998047,-222.15887451171875,-44.86548614501953,182.59582318703895,-221.87660508491723,-44.869023251689875,0.37922252781465837,0.3453815158617769,0.05779529818430228,3.617416875756041e-05,9.289061660514534,13.229092946612518,nan,nan,nan
292.0,182.85739135742188,-222.167236328125,-44.86699676513672,182.59516976414537,-221.87425220319403,-44.871164811952454,0.3932139799858252,0.3453147575871084,0.05778928048116522,3.5422501867105634e-05,10.133424462574858,13.539400671130814,6.874253535740404,0.15681623323557256,nan
292.01,182.86573791503906,-222.17559814453125,-44.86847686767578,182.60350580465226,-221.88247389083656,-44.87274895444231,0.393326529167973,0.34536152730902697,0.05781007522822803,3.612993507910777e-05,10.125513951391888,13.558549278641909,nan,nan,nan
292.02,182.87408447265625,-222.1839599609375,-44.86992645263672,182.6118499415553,-221.89067056179607,-44.872904360851784,0.3934393077563676,0.3454083832666025,0.057830931386747456,3.5402097717075714e-05,9.848286872746272,13.311746510221566,nan,1.352305658451038,nan
292.03000000000003,182.88243103027344,-222.19232177734375,-44.87134552001953,182.6201863294843,-221.89889210655136,-44.87441796409309,0.3935513876305032,0.3454553256993162,0.057851850017684704,3.6109489269495384e-05,9.836693658656362,13.362490693286404,nan,nan,nan
292.04,182.89077758789062,-222.20068359375,-44.872737884521484,182.62851678530174,-221.9071326203159,-44.87699281797183,0.3936635708791665,0.34550235465698403,0.05787283038114111,3.5383194895524635e-05,10.064412185125258,13.560327434965826,nan,0.8187181866350723,nan
292.05,182.8991241455078,-222.20904541015625,-44.87410354614258,182.6356855629717,-221.91298125103657,-44.878322819487906,0.3963226909368694,0.34543559116673617,0.057866740236180915,3.606844065072745e-05,10.234647318578075,13.539415490668803,1.322717077858991,nan,nan
292.06,182.907470703125,-222.2174072265625,-44.87543869018555,182.64402981210128,-221.92117887400485,-44.878774284860924,0.396438477085951,0.3454824200575601,0.05788771803485701,3.534447336001931e-05,10.033689676840245,13.433794100030838,nan,0.6769944851500994,nan
292.07,182.9158172607422,-222.22576904296875,-44.87675094604492,182.65236869466904,-221.9293929873187,-44.88017890767275,0.3965547430678486,0.3455293353392956,0.057908758471606335,3.6051000689490116e-05,10.022683387515304,13.333374733981795,nan,nan,nan
292.08,182.92416381835938,-222.234130859375,-44.87803649902344,182.6607035122579,-221.93761951337922,-44.88232975323034,0.3966720852631304,0.3455763370632815,0.05792986093158619,3.532840798137232e-05,10.196316933498345,13.528668232444595,nan,0.4126208384186902,nan
292.09000000000003,182.93251037597656,-222.24249267578125,-44.879295349121094,182.66904300831038,-221.945833689427,-44.88369162709993,0.39678827511627685,0.34562342546675273,0.057951026290055,3.6034987580462965e-05,10.188807712356887,13.552246998226764,nan,nan,nan
292.1,182.94085693359375,-222.2508544921875,-44.88052749633789,182.67944171624472,-221.94875765064572,-44.883160897444945,0.399508888928081,0.34555665614558534,0.05794485949342752,3.5292467250639866e-05,10.449482705104778,13.485427468177326,4.364838913881415,2.356486129625897,nan
292.11,182.94920349121094,-222.25921630859375,-44.881736755371094,182.68779533863517,-221.9569506879931,-44.88445575875727,0.3996324819250638,0.34560354427258344,0.05796602155913413,3.5998251933892195e-05,10.437147569747097,13.44454288498714,nan,nan,nan
292.12,182.95755004882812,-222.267578125,-44.8829231262207,182.69615626539724,-221.96512543919576,-44.884472336148,0.39975834852809833,0.34565051875876684,0.05798724592834583,3.5279025902429424e-05,10.278593422957385,13.268032396533078,nan,1.0940822898446434,nan
292.13,182.9658966064453,-222.27593994140625,-44.88408279418945,182.70451033872507,-221.97331868710128,-44.8857086106804,0.39988129212191315,0.3456975798392033,0.05800853336800771,3.598492186175597e-05,10.262836294846279,13.355236652768594,nan,nan,nan
292.14,182.97425842285156,-222.2843017578125,-44.885223388671875,182.71285488138372,-221.98153659858846,-44.88866001720107,0.40001295422465327,0.34574472756843316,0.058029883424287,3.5266829086309464e-05,10.502505089635338,13.673708364583549,nan,2.0985508889304603,nan
292.15000000000003,182.98260498046875,-222.29266357421875,-44.88633728027344,182.71677412793605,-221.9862628984424,-44.889818732610905,0.4056593851802897,0.34567795196534384,0.05802363725749311,3.5950806936505286e-05,10.6845637899382,13.695719120814124,0.6005883031009552,nan,nan
292.16,182.99095153808594,-222.301025390625,-44.88743209838867,182.72512521933047,-221.99444502115028,-44.89086214845266,0.4057917198930763,0.34572489920556576,0.058044983331240925,3.523463421792241e-05,10.660477515259263,13.602811682512172,nan,0.014403305641324271,nan
292.17,182.99929809570312,-222.30938720703125,-44.88850402832031,182.73347565863102,-222.0026291116377,-44.89202703373271,0.4059242647435169,0.3457719329539731,0.058066392649830316,3.593994656162047e-05,10.651062735008813,13.636043258457516,nan,nan,nan
292.18,183.0076446533203,-222.3177490234375,-44.88955307006836,182.74183043214302,-222.01080355927468,-44.89241166562707,0.40605527914163403,0.3458190532678146,0.05808786485260261,3.522476487143273e-05,10.516850626394186,13.561333671816602,nan,0.40227365845024554,nan
292.19,183.01600646972656,-222.32611083984375,-44.89058303833008,182.750181127621,-222.01898819289536,-44.8935283628355,0.40619712912644024,0.3458662603781426,0.058109400567968233,3.593025595293153e-05,10.504859057386161,13.685818553400049,nan,nan,nan
292.2,183.02435302734375,-222.33447265625,-44.891700744628906,182.7632295140775,-222.03775594041642,-44.89416544709998,0.3952624108030643,0.3457994778419527,0.058103071066225205,3.5194834475023385e-05,9.580795970866415,13.082678746762596,8.53751086966334,0.23236905595433585,nan
292.21,183.03269958496094,-222.34283447265625,-44.89290237426758,182.77157431429922,-222.04597609403433,-44.895399018565605,0.3953701268039148,0.34584648424539743,0.05812460204387597,3.589965032154135e-05,9.559879003903728,13.134500106291219,nan,nan,nan
292.22,183.04104614257812,-222.3511962890625,-44.894187927246094,182.7799137510852,-222.05420861466777,-44.89775551436318,0.3954801288396763,0.3458935771304797,0.058146196164087595,3.518709783219944e-05,9.72605605630176,13.346695687096217,nan,0.7507962791008694,nan
292.23,183.04940795898438,-222.35955810546875,-44.89556121826172,182.7882589918127,-222.06242884356342,-44.89917068427948,0.3955977876330503,0.3459407567250966,0.05816785397579719,3.589213546076196e-05,9.704882965118673,13.411653808041152,nan,nan,nan
292.24,183.05775451660156,-222.367919921875,-44.89701461791992,182.7966050845929,-222.07064780174005,-44.9005477553164,0.39570471605458285,0.3459880230911747,0.0581895752366509,3.5180370632239755e-05,9.674863857025121,13.314807891458369,nan,0.01047993555030265,nan
292.25,183.06610107421875,-222.3762969970703,-44.8985481262207,182.80684519420433,-222.08193769632712,-44.902139575525105,0.3922676481232954,0.34592123312481127,0.05818315942660633,3.5863639996319536e-05,9.460919728169404,12.932444218036924,0.5915363779603008,nan,nan
292.26,183.07444763183594,-222.38465881347656,-44.90016555786133,182.81519272537054,-222.09016357665428,-44.90341038164972,0.392366002501256,0.3459682985638612,0.05820487521838166,3.51534550763382e-05,9.378779880612322,13.139722080799645,nan,0.1084359893608171,nan
292.27,183.0828094482422,-222.3930206298828,-44.901859283447266,182.8235384151514,-222.0983937199283,-44.90515207434757,0.392475893707134,0.3460154506247405,0.058226654881838515,3.585810904393499e-05,9.35915747701076,13.4183805905338,nan,nan,nan
292.28000000000003,183.09115600585938,-222.40138244628906,-44.90363311767578,182.83188215940822,-222.10662797379825,-44.907374092838474,0.39257753552906943,0.34606268937287893,0.058248498241844957,3.514859426104998e-05,9.433042092403552,13.300087443247621,nan,0.11202830171978734,nan
292.29,183.09950256347656,-222.4097442626953,-44.905487060546875,182.84022810120592,-222.11485789076565,-44.909279422023246,0.39267747725218033,0.34611001503096916,0.05827040574725813,3.585351613857596e-05,9.41414964916572,13.22736403779856,nan,nan,nan
292.3,183.1078643798828,-222.41810607910156,-44.90741729736328,182.85826921553198,-222.1385402094708,-44.9119247029527,0.3748001310497085,0.3460432169532399,0.05826389984516651,3.5123482039878813e-05,8.544321817908386,13.37098864930226,17.315445004147758,0.11116577003443044,nan
292.31,183.1162109375,-222.4264678955078,-44.909423828125,182.86661298054514,-222.1468186240389,-44.913995398689615,0.3748649815687774,0.34609034145855205,0.05828580109881174,3.582781191436916e-05,8.526451547416123,13.17147758829741,nan,nan,nan
292.32,183.1245574951172,-222.43482971191406,-44.911502838134766,182.87496589537358,-222.15508041492413,-44.91437987716121,0.374918542062801,0.3461375525664144,0.05830776628834978,3.5120314682551504e-05,8.156128054437023,12.909784188807997,nan,2.1794176168689723,nan
292.33,183.13291931152344,-222.4431915283203,-44.91366195678711,182.8833098695936,-222.1633585993302,-44.91658551810963,0.37499318508276674,0.3461848504957541,0.058329795806381965,3.5824942820523626e-05,8.135923581698243,12.899504417514093,nan,nan,nan
292.34000000000003,183.14126586914062,-222.45155334472656,-44.915889739990234,182.89165389263653,-222.17163672161152,-44.9188652107651,0.3750577397371549,0.34623223531759345,0.05835188956164614,3.511794770604649e-05,8.126901946309866,12.873727716256926,nan,2.694488761289742e-07,nan
292.35,183.1496124267578,-222.4599151611328,-44.918190002441406,182.88687898686305,-222.17261563302708,-44.921228909967354,0.38933162502892327,0.34616542858670074,0.05834529041141141,3.580089911989651e-05,8.328432892795155,12.976875697568007,1.9069597561543328,nan,nan
292.36,183.15797424316406,-222.46827697753906,-44.920509338378906,182.89520252138902,-222.18088088062876,-44.92405007799777,0.3894329610099037,0.34621261202819,0.05836737714462735,3.509520539335696e-05,8.405028428138408,13.234730047193048,nan,0.12391182740186919,nan
292.37,183.16632080078125,-222.4766387939453,-44.92281723022461,182.9035282255706,-222.18914247265346,-44.926458612278545,0.38952192750275155,0.34625988220200343,0.05838952838968455,3.5799585788212636e-05,8.396076659961878,12.951006312565548,nan,nan,nan
292.38,183.17466735839844,-222.48500061035156,-44.92509460449219,182.91184466879136,-222.19741870797696,-44.93071115329037,0.3896288777363568,0.34630723918310363,0.0584117441018951,3.509429930155721e-05,8.90252140853599,13.477774702034019,nan,2.442466217927505,nan
292.39,183.18301391601562,-222.4933624267578,-44.92733383178711,182.92016997632942,-222.20567997091842,-44.93308461689944,0.3897193907890081,0.3463546831845566,0.0584340246044234,3.579900733606169e-05,8.905432815241731,13.495933847116957,nan,nan,nan
292.40000000000003,183.19137573242188,-222.501708984375,-44.92953109741211,182.93416438627654,-222.2148958482248,-44.93536759378731,0.38529666017776626,0.346287867094145,0.05842732855300235,3.507295917333318e-05,9.048553088519594,14.170717180980274,0.4615161845557302,0.0008669658353952788,nan
292.41,183.19972229003906,-222.51007080078125,-44.93168640136719,182.94250092545008,-222.2231559624698,-44.93766228273786,0.38538119570427914,0.34633510948199336,0.05844960122317583,3.577712994723465e-05,9.05366313021907,13.571685991969868,nan,nan,nan
292.42,183.20806884765625,-222.5184326171875,-44.93380355834961,182.95083288753457,-222.23142265823628,-44.94087248598376,0.38548025300240263,0.3463824385913496,0.058471938583356274,3.5073364304040955e-05,9.45848804238851,13.83701287698778,nan,0.6429660946841188,nan
292.43,183.2164306640625,-222.52679443359375,-44.935874938964844,182.95916928076144,-222.23968242862702,-44.94309510714047,0.3855760023166287,0.3464298546312374,0.058494340918690456,3.57778832580805e-05,9.46865692125927,14.157902179730307,nan,nan,nan
292.44,183.2247772216797,-222.53515625,-44.93790817260742,182.9675092623317,-222.2479368689835,-44.944481002506706,0.38564877522360946,0.34647735768263094,0.05851680824126478,3.5074388847153495e-05,9.221668004801323,13.617653865807062,nan,0.4458853325195275,nan
292.45,183.23312377929688,-222.54351806640625,-44.93989944458008,182.94135206049123,-222.24153673057847,-44.94647655146805,0.4199603807719798,0.3464105316483615,0.058510012008614325,3.5757280382637684e-05,9.338615553367948,13.803250133261184,11.336064208589137,nan,nan
292.46,183.24148559570312,-222.5518798828125,-44.94185256958008,182.94963722816252,-222.24976386401576,-44.94753450548024,0.420097420660117,0.34645783285135484,0.05853247069215159,3.5054864176221725e-05,9.02797438778611,13.671402526215212,nan,0.7535402603278392,nan
292.47,183.2498321533203,-222.56024169921875,-44.94376754760742,182.95791766330274,-222.25799741460307,-44.94957853828121,0.42023736706494497,0.34650522089444324,0.058554994535056006,3.5759221852030725e-05,9.030016349178991,13.41613972471822,nan,nan,nan
292.48,183.2581787109375,-222.568603515625,-44.945640563964844,182.96620127653478,-222.26622655945368,-44.95085567768786,0.4203686991617845,0.3465526958626738,0.05857758357998899,3.505700221699646e-05,8.840279418817754,13.334719109770074,nan,0.3743560177032423,nan
292.49,183.26654052734375,-222.57696533203125,-44.947479248046875,182.97448148588893,-222.27445995463316,-44.952818333713324,0.42051931333295944,0.34660025795900556,0.05860023806644394,3.57617246807607e-05,8.839907715116397,13.48365826470062,nan,nan,nan
292.5,183.27488708496094,-222.58531188964844,-44.94927978515625,183.02436515385398,-222.3019181401022,-44.95346765802755,0.3782734375113068,0.3465334212533299,0.05859333809198988,3.5038539513199326e-05,8.244206631810794,13.091391241804303,16.0230923876458,0.9984729425164366,nan
292.51,183.28323364257812,-222.5936737060547,-44.951045989990234,183.0327104191326,-222.31018815729865,-44.95534566403214,0.378344326025795,0.3465807812608645,0.0586159831015685,3.574275784540599e-05,8.239573221365037,12.599648062158291,nan,nan,nan
292.52,183.2915802001953,-222.60203552246094,-44.95277786254883,183.0410581768711,-222.31845551477625,-44.956672195308364,0.37840992423104675,0.34662822810656574,0.05863869352175749,3.5041664663175476e-05,8.133878836909922,12.47344993564728,nan,0.18822833650235177,nan
292.53000000000003,183.29994201660156,-222.6103973388672,-44.954471588134766,183.0494037798012,-222.32672537689325,-44.95847678017676,0.3784907286479717,0.3466757619893467,0.058661469567955205,3.5746260976460365e-05,8.128183861735122,12.755020736713012,nan,nan,nan
292.54,183.30828857421875,-222.61875915527344,-44.95613479614258,183.057760618228,-222.33498303501955,-44.957669551559526,0.37854391902848233,0.3467233830002783,0.058684311318875894,3.504525660553819e-05,7.725513396296345,12.064706455861543,nan,4.683215620545545,nan
292.55,183.31663513183594,-222.6271209716797,-44.957763671875,183.07966942755326,-222.3400677512926,-44.959465368475435,0.37223002580676995,0.3466565349991953,0.05867730424569827,3.572824549218682e-05,8.4248742048101,12.3217963403355,8.358465151546387,nan,nan
292.56,183.3249969482422,-222.63548278808594,-44.9593620300293,183.08805686785212,-222.34830923447373,-44.9595213492239,0.37230266849986626,0.34670395367953616,0.058700135679006255,3.502814462044947e-05,8.32363639051452,12.326756025575843,nan,1.8663922971076095,nan
292.57,183.33334350585938,-222.6438446044922,-44.9609260559082,183.0964376556305,-222.35655766600053,-44.96115720030608,0.37236839329931387,0.34675145930537077,0.05872303292144243,3.5732629140618735e-05,8.304043422559293,12.247092766630077,nan,nan,nan
292.58,183.34170532226562,-222.65219116210938,-44.962459564208984,183.10482767727666,-222.36479737020682,-44.96055448576708,0.3724376990095385,0.346799051971735,0.05874599607027942,3.503256001556476e-05,8.38406797571508,12.894110890075172,nan,3.437188487966089,nan
292.59000000000003,183.3500518798828,-222.66055297851562,-44.96396255493164,183.11320868470835,-222.37304561413202,-44.962108408237896,0.37250318325514054,0.3468467318716327,0.058769025313157496,3.573742972841712e-05,8.356428043338035,12.31553019155714,nan,nan,nan
292.6,183.3583984375,-222.66891479492188,-44.96543502807617,183.111734541703,-222.36704772915766,-44.96614351155965,0.38982984086868216,0.34677987182962733,0.0587619076453794,3.50162286678233e-05,9.177142917133516,12.60373030563199,9.832117238146816,4.533238185192638,nan
292.61,183.36676025390625,-222.67727661132812,-44.966880798339844,183.12011431345272,-222.37525339450153,-44.96766436122126,0.3899395561048954,0.3468273491517449,0.05878492570554863,3.572061155324901e-05,9.160213308230674,12.671072168677139,nan,nan,nan
292.62,183.37510681152344,-222.68563842773438,-44.968292236328125,183.1284854730026,-222.3834661227531,-44.97135574628169,0.3900507295272489,0.34687491342612703,0.05880800986831937,3.502136333160022e-05,9.391760557943053,12.937463316519814,nan,3.4089826454188823,nan
292.63,183.38345336914062,-222.69400024414062,-44.96968078613281,183.1368654570178,-222.3916717586789,-44.97284300266359,0.39015139515329195,0.34692256484193523,0.05883116030750654,3.5726139312268295e-05,9.384425149785178,12.771864598926667,nan,nan,nan
292.64,183.39181518554688,-222.70236206054688,-44.971038818359375,183.1088302678322,-222.40036561551943,-44.97429277301316,0.4138754700197738,0.33911108303596055,0.05885296480575271,3.502640909401668e-05,10.951930326672969,14.587402812077077,nan,2.9483848634705377e-06,0.16872829822574045
292.65000000000003,183.40016174316406,-222.71072387695312,-44.97237014770508,183.13463191224247,-222.4149565538912,-44.97566695403185,0.39748618772534855,0.33903787814358904,0.05884579274368391,3.5709568401993495e-05,10.997682054736579,14.413711203641043,3.232087653236624,nan,nan
292.66,183.4085235595703,-222.7190704345703,-44.97367858886719,183.14310258573573,-222.42319100553718,-44.97579474638009,0.3974888778304248,0.3390802293958252,0.05886886120966395,3.501106274808961e-05,10.794577783984078,14.628717555089208,nan,1.1546946664322986,nan
292.67,183.4168701171875,-222.72743225097656,-44.97495651245117,183.1515024222651,-222.43142955990587,-44.9771636431934,0.3975455672695021,0.3391226703337289,0.05889198959632,3.5715740100507205e-05,10.778825593235862,14.2408796536965,nan,nan,nan
292.68,183.42523193359375,-222.7357940673828,-44.97621154785156,183.15986580923533,-222.43967014274816,-44.97917959265158,0.3976397464891763,0.33916519251496036,0.05891517802020686,3.501714000032107e-05,10.869110304130237,14.3891192028813,nan,0.3186246880775953,nan
292.69,183.43357849121094,-222.74415588378906,-44.977439880371094,183.1682660615202,-222.44790878454327,-44.980505912989145,0.3976964039515096,0.33920780452947014,0.058938426651534204,3.572221152965498e-05,10.856462168261718,14.319831749857228,nan,nan,nan
292.7,183.44192504882812,-222.7525177001953,-44.97864532470703,183.20258420231468,-222.467444853997,-44.98066266774144,0.3722292816562123,0.33913473000652716,0.05893114996399134,3.500234736097292e-05,10.574911574548448,14.094414211179641,6.312171158356059,0.7641940913170858,nan
292.71,183.45028686523438,-222.76087951660156,-44.97982406616211,183.21102531485508,-222.4757039889969,-44.98192912399174,0.37225744089670193,0.3391771639917875,0.05895438292390938,3.570693876974905e-05,10.557778283473516,14.272858760693143,nan,nan,nan
292.72,183.45863342285156,-222.7692413330078,-44.980979919433594,183.2194783068785,-222.48396261984163,-44.982946991078826,0.37226735426665764,0.33921967942873615,0.058977676172607726,3.5008928027555784e-05,10.519886672167447,14.135328230216606,nan,0.035990919540511666,nan
292.73,183.4669952392578,-222.77760314941406,-44.98211669921875,183.22791948694214,-222.49222191202335,-44.98416612467928,0.37229540172378495,0.33926228434586064,0.059001029871988186,3.5713917861874594e-05,10.50199598906804,14.118971967527749,nan,nan,nan
292.74,183.475341796875,-222.7859649658203,-44.98322677612305,183.23646376942264,-222.5004765920983,-44.98337671387905,0.3722450080408101,0.33930497114106783,0.0590244441507172,3.5015749605118947e-05,10.36074855191826,14.005328555781896,nan,2.784531584701218,nan
292.75,183.48370361328125,-222.7943115234375,-44.98431396484375,183.29057214004635,-222.5254473391352,-44.984632647826906,0.33104050675598756,0.33923203427411364,0.05901706004470251,3.5699122720223853e-05,10.489524919032249,14.965156143386636,21.30831186342237,nan,nan
292.76,183.49205017089844,-222.80267333984375,-44.985382080078125,183.299114958343,-222.53373078352485,-44.985396128820426,0.33098956938326896,0.3392745430429169,0.05904045802083262,3.500162539652447e-05,10.46281020128396,14.419404267725133,nan,0.09865960600621759,nan
292.77,183.5004119873047,-222.81103515625,-44.98643112182617,183.30763893373268,-222.54201528186604,-44.986509185708464,0.3309579264665035,0.3393171409445039,0.05906391668813374,3.5706531922771455e-05,10.438426816302144,14.411201741330997,nan,nan,nan
292.78000000000003,183.50875854492188,-222.81939697265625,-44.98745346069336,183.31616540137486,-222.55029980393755,-44.987554362362694,0.33091602459670827,0.3393598209217464,0.059087436181224785,3.500884732318577e-05,10.414663108083131,14.531947515634128,nan,0.0016109854506602976,nan
292.79,183.51712036132812,-222.8277587890625,-44.988460540771484,183.32468979631182,-222.55858425054882,-44.988627250829786,0.3308843942055787,0.339402590187163,0.05911101665333938,3.571414842370464e-05,10.390646138368918,14.418576960617301,nan,nan,nan
292.8,183.5254669189453,-222.83612060546875,-44.98955154418945,183.34836183766333,-222.56982254556996,-44.99124562008927,0.319818286554895,0.3393297825545207,0.0591035222871817,3.499509898568967e-05,10.799152474352091,15.000801281832837,5.392006331912506,1.3143130845924182,nan
292.81,183.53382873535156,-222.844482421875,-44.99073028564453,183.35692193320142,-222.57810629016257,-44.99245734625735,0.31977373708832,0.3393723735148157,0.05912708580550093,3.569991879909107e-05,10.776718958632824,14.979382936523725,nan,nan,nan
292.82,183.5421905517578,-222.85284423828125,-44.99199295043945,183.36548223979818,-222.58638999532224,-44.99375566510542,0.31972925776268374,0.33941505001208416,0.05915071039397474,3.64190596787409e-05,10.754534916912823,15.026179600471162,nan,nan,nan
292.83,183.550537109375,-222.8612060546875,-44.99333953857422,183.37404275788245,-222.5946736177524,-44.995139715036395,0.3196764562532537,0.3394578121908262,0.05917439619710331,3.7152666124839146e-05,10.73317179736363,15.027392637610092,nan,nan,nan
292.84000000000003,183.55889892578125,-222.86956787109375,-44.99477005004883,183.3825980455291,-222.60295728954037,-44.996724414373254,0.31963576476017863,0.3395006567953299,0.059198143357468105,3.6369295525024025e-05,10.727069822174494,15.044923578552634,nan,0.008775574272161602,nan
292.85,183.56724548339844,-222.8779296875,-44.99628448486328,183.39793843669204,-222.6145416417636,-44.99831747930316,0.31311702567518807,0.3394279842034313,0.059190535898130815,3.707787180131424e-05,10.665026862115266,15.054546698159802,0.468777992948338,nan,nan
292.86,183.5756072998047,-222.88629150390625,-44.99787521362305,183.4065217418251,-222.62283141020393,-44.99968406303703,0.3130565744831285,0.33947065049937397,0.05921426543928887,3.629831786150119e-05,10.619821405089647,15.228166329676338,nan,0.04784631314963038,nan
292.87,183.58395385742188,-222.8946533203125,-44.999549865722656,183.41509267270553,-222.63112124204338,-45.0013998963133,0.3129962916614795,0.33951340565428334,0.059238056432443106,3.702844219117623e-05,10.598910494595298,15.085019421235023,nan,nan,nan
292.88,183.59231567382812,-222.90301513671875,-45.00130081176758,183.4236517676815,-222.63941126935563,-45.003460079893735,0.3129523519072392,0.33955624344709817,0.05926190902017311,3.625164260617469e-05,10.611263922033698,15.239295208023462,nan,0.045753748866794106,nan
292.89,183.60067749023438,-222.911376953125,-45.00313186645508,183.43222285070925,-222.64770114349378,-45.00533860630507,0.3129005718482885,0.33959917024729974,0.059285823348470254,3.698059500171856e-05,10.590508853401696,15.180240558715774,nan,nan,nan
292.90000000000003,183.60902404785156,-222.91973876953125,-45.005043029785156,183.45022274915098,-222.6673178627218,-45.00549304722107,0.29821866001172326,0.3395266252621655,0.05927809994251498,3.61839677935588e-05,9.66946840203036,14.736519714605208,8.242781208238922,2.4611253801398973,nan
292.91,183.6173858642578,-222.92808532714844,-45.00702667236328,183.45878793050383,-222.67563970528107,-45.00751161574511,0.2981314001595891,0.33956937345121474,0.059301995968582204,3.6910901029091064e-05,9.643901839910045,15.365391793004665,nan,nan,nan
292.92,183.625732421875,-222.9364471435547,-45.00908660888672,183.4674177546576,-222.6839608273496,-45.008117597355785,0.2980164638242624,0.3396122044735058,0.05932595382232319,3.6140387469949846e-05,9.639390763522691,14.867803574258078,nan,1.4672955628773972,nan
292.93,183.63409423828125,-222.94480895996094,-45.01122283935547,183.47598301631194,-222.69228226711874,-45.01027429459966,0.2979425932081511,0.3396551241575271,0.059349973648548465,3.686628951944081e-05,9.613141940643791,14.8514714229402,nan,nan,nan
292.94,183.6424560546875,-222.9531707763672,-45.013427734375,183.48449206074287,-222.70060386301705,-45.01383082445066,0.297897350749826,0.3396981270925603,0.05937405559157144,3.6098325600812045e-05,9.568610557619927,15.031644089254074,nan,1.163302405398687,nan
292.95,183.6508026123047,-222.96153259277344,-45.01571273803711,183.51611123773412,-222.72083936555734,-45.01615307390427,0.2758173125586656,0.339625714552275,0.05936621338134112,3.680001653771995e-05,9.287602659872205,14.994150860571898,4.827621210430315,nan,nan
292.96,183.65916442871094,-222.9698944091797,-45.01801300048828,183.52470970432722,-222.72918468559504,-45.01846829894815,0.27571625130554783,0.3396685388379593,0.0593902763238399,3.603549558353614e-05,9.263327775310733,15.198261146542423,nan,0.0017829366597319225,nan
292.97,183.66751098632812,-222.97825622558594,-45.020301818847656,183.53330591932973,-222.73752994620025,-45.02083953014933,0.2756091992810841,0.33971145145504744,0.059414401467472254,3.675861407069876e-05,9.241338833703276,15.120185667403089,nan,nan,nan
292.98,183.67587280273438,-222.9866180419922,-45.022560119628906,183.54188629594717,-222.7458750039183,-45.023579496245894,0.27551884420267564,0.33975444749387385,0.05943858895668848,3.599650548775569e-05,9.237699497648569,15.191772918351036,nan,0.10074841107693158,nan
292.99,183.68421936035156,-222.99497985839844,-45.024784088134766,183.5504822390321,-222.75422001280987,-45.02590264534036,0.27541273034641905,0.33979753203230717,0.05946283893609384,3.671877933660692e-05,9.218892479207772,15.066279661859756,nan,nan,nan
293.0,183.6925811767578,-223.0033416748047,-45.0269660949707,183.56291028105343,-222.76027099264164,-45.02726849991498,0.27549589682740677,0.33972524544553057,0.059454875055502295,3.593688906671738e-05,9.557770181250762,15.391277034900133,3.05367049342498,0.752684666396557,nan
293.01,183.700927734375,-223.01168823242188,-45.029109954833984,183.57152294380361,-222.76860530956696,-45.02950636775356,0.275381670322687,0.3397681510377023,0.059479105320295766,3.665747438304885e-05,9.534614629783164,15.711685043018871,nan,nan,nan
293.02,183.70928955078125,-223.02005004882812,-45.03120803833008,183.58011618241702,-222.77693936838028,-45.03220062541133,0.2752990142944373,0.3398111402059342,0.059503398155443414,3.590092070850934e-05,9.533816666279074,15.414790935424655,nan,0.1655972491409057,nan
293.03000000000003,183.7176513671875,-223.02841186523438,-45.033267974853516,183.58872849431623,-222.78527372900746,-45.03436237957379,0.27520621024783043,0.33985421756634193,0.059527753706223284,3.662078249790065e-05,9.515129171308939,15.287868704867567,nan,nan,nan
293.04,183.7259979248047,-223.03677368164062,-45.03528594970703,183.5973824673303,-222.79360881291163,-45.03538257850905,0.275083802908241,0.33989737890114063,0.05955217211612025,3.586642485326727e-05,9.459356618153713,15.296151572403758,nan,0.8153599995748791,nan
293.05,183.73435974121094,-223.04513549804688,-45.037261962890625,183.57320819683642,-222.78167360619187,-45.03736455275872,0.3088397630467785,0.33982522174698016,0.059544083694524234,3.6562738856090784e-05,10.185310932328225,15.148753897367268,12.963736943473767,nan,nan
293.06,183.74270629882812,-223.05349731445312,-45.03919982910156,183.58176245089646,-222.7899613991113,-45.03999382678172,0.3087956141113798,0.3398682040634269,0.05956848165995535,3.5811438677962336e-05,10.18035225070357,15.086928031393995,nan,0.24121865170010667,nan
293.07,183.75106811523438,-223.0618438720703,-45.041099548339844,183.59033897429498,-222.7982497792081,-45.04199269249475,0.30873370442089215,0.33991127427931095,0.059592942563027405,3.652911459947847e-05,10.160150068243546,15.505787111149504,nan,nan,nan
293.08,183.75941467285156,-223.07020568847656,-45.04296112060547,183.5989157864231,-222.80653807271995,-45.043954390282906,0.30867700064663994,0.3399544305194085,0.05961746654723743,3.726120482941512e-05,10.142549270432413,15.060916402612072,nan,nan,nan
293.09000000000003,183.7677764892578,-223.0785675048828,-45.0447883605957,183.60749282276893,-222.81482614964992,-45.045879695054246,0.3086284938467332,0.3399976729282197,0.05964205375708561,3.80078538679723e-05,10.124596161360653,14.962189731284592,nan,nan,nan
293.1,183.776123046875,-223.08692932128906,-45.04657745361328,183.64232524870735,-222.8390114499503,-45.04957608473572,0.28173411847388974,0.3399256396159459,0.05963383791749485,3.71445729882159e-05,9.791595260790345,15.389168421718708,7.705045308795032,2.028022689686343,nan
293.11,183.78448486328125,-223.0952911376953,-45.0483283996582,183.6509321663099,-222.84733487949828,-45.05144859462472,0.2816529148864348,0.33996870271480456,0.059658403938547135,3.788792993836522e-05,9.783084372265218,15.473196292622488,nan,nan,nan
293.12,183.79283142089844,-223.1036376953125,-45.050048828125,183.6595520080744,-222.85565865734566,-45.05290352097594,0.2815406798758476,0.3400118498956416,0.05968303325622996,3.7054814598929816e-05,9.721783184368244,15.684752984543572,nan,0.09228345877579412,nan
293.13,183.8011932373047,-223.11199951171875,-45.05173110961914,183.66815869310201,-222.8639819357217,-45.054704145192225,0.28146002717114,0.3400550850303564,0.059707726019605924,3.779596545963141e-05,9.712384817522791,15.373088118790488,nan,nan,nan
293.14,183.80953979492188,-223.120361328125,-45.053382873535156,183.67675443603264,-222.87230480624385,-45.05680362040645,0.28138175330372084,0.3400984046389954,0.05973248236818866,3.696820888858495e-05,9.772332225264975,15.307402327830388,nan,0.06957118676407299,nan
293.15000000000003,183.81790161132812,-223.12872314453125,-45.05500030517578,183.71068188486717,-222.89064777984504,-45.05851575164674,0.26112890950012424,0.34002649779173477,0.05972413623684396,3.7683127411987446e-05,9.78605897319677,15.851061196462272,5.901206384822649,nan,nan
293.16,183.8262481689453,-223.1370849609375,-45.056583404541016,183.71930133609195,-222.89898590002934,-45.06116277772289,0.2610550871395735,0.3400696379971892,0.05974887063650421,3.6861621663332925e-05,10.004474974842374,16.168421678012415,nan,0.5617904502033141,nan
293.17,183.83460998535156,-223.1454315185547,-45.058135986328125,183.72795152041095,-222.90732515341654,-45.062847800539956,0.2609461064203799,0.34011286587601836,0.05977366869689735,3.759780311419029e-05,10.001516720701353,16.558238649720323,nan,nan,nan
293.18,183.8429718017578,-223.15379333496094,-45.059661865234375,183.7365151077258,-222.915659964207,-45.06724548487345,0.2609560140285753,0.34015617834320905,0.05979853055557481,3.678132765927632e-05,10.951601879375307,16.87523033616052,nan,4.79993548012512,nan
293.19,183.851318359375,-223.1621551513672,-45.061153411865234,183.745165452964,-222.92399894187943,-45.06889790210351,0.26085780951723736,0.34019957867871814,0.059823456364446116,3.751567345424786e-05,10.96428271170989,17.045626774909664,nan,nan,nan
293.2,183.85968017578125,-223.17051696777344,-45.06261444091797,183.76310628016995,-222.9321628012211,-45.07204049970051,0.2573481622444104,0.34012779348033106,0.05981497705693489,3.668125212280053e-05,12.16195477564188,18.237368980558852,3.1082181125385926,1.5912021582917857,nan
293.21,183.86802673339844,-223.1788787841797,-45.064048767089844,183.7717825302825,-222.94049495469616,-45.073649962626135,0.25725858537350405,0.34017101411466594,0.05983988014320961,3.7412954913852276e-05,12.181789966603866,18.19375223690207,nan,nan,nan
293.22,183.8763885498047,-223.18722534179688,-45.065452575683594,183.78047314957863,-222.948827798486,-45.0747594115176,0.25713764767226055,0.3402143194342139,0.05986484723713967,3.66070773935647e-05,12.060102520102049,18.534293824436403,nan,0.14368035922106112,nan
293.23,183.88473510742188,-223.19558715820312,-45.066829681396484,183.78914970377647,-222.95715975138089,-45.076309252572,0.2570487502084065,0.3402577123666158,0.0598898784927359,3.733717642883514e-05,12.078958241056801,18.0777457748705,nan,nan,nan
293.24,183.89309692382812,-223.20394897460938,-45.068180084228516,183.7978507060229,-222.96549321482178,-45.076995526451775,0.2569254821999424,0.34030119035518036,0.05991497404450203,3.6535843682291105e-05,11.776836514054818,17.681737948113764,nan,0.45306360063871776,nan
293.25,183.90145874023438,-223.21231079101562,-45.06950378417969,183.82815822554596,-222.99016885449498,-45.07845540713272,0.23409429076383054,0.3402295283482766,0.05990635869148294,3.7240967435757754e-05,11.075101411584082,17.80599578617325,8.465749456615722,nan,nan
293.26,183.90980529785156,-223.22067260742188,-45.070796966552734,183.83683319402587,-222.99853931960658,-45.08059323475069,0.23401729073508004,0.34027282650838814,0.05993143073151086,3.644502154173408e-05,11.534121910589928,18.450138826921506,nan,0.2966841232512143,nan
293.27,183.9181671142578,-223.22903442382812,-45.07206726074219,183.84552727827588,-223.00691125459298,-45.08203697083536,0.2339116140808092,0.34031621204099743,0.05995656714105566,3.717131061950649e-05,11.551871597593616,18.28599262796699,nan,nan,nan
293.28000000000003,183.926513671875,-223.2373809814453,-45.07331466674805,183.85419045143462,-223.01528112088292,-45.08458581806319,0.2338504546257544,0.34035968270269007,0.05998176805247582,3.6379598399373786e-05,12.346085372537464,19.5403785847398,nan,0.8328165383095761,nan
293.29,183.93487548828125,-223.24574279785156,-45.07453536987305,183.8628847546113,-223.0236533613573,-45.08599190358767,0.2337469480045268,0.34040324095143587,0.0600070336228994,3.710458924477517e-05,12.368416775503212,19.037535040230296,nan,nan,nan
293.3,183.9432373046875,-223.2541046142578,-45.07572937011719,183.85035355782063,-223.0239193060405,-45.088686076791745,0.2485569206418805,0.3403316981162369,0.059998279337530665,3.629469274227454e-05,13.421318010418883,19.685024528168604,4.241103809736288,1.0660506469621926,nan
293.31,183.9515838623047,-223.26246643066406,-45.076900482177734,183.85901143292008,-223.0322787838948,-45.09005868069782,0.2484535079157214,0.34037507624576774,0.06002352059418764,3.701757434180152e-05,13.45072668937928,19.670486913236715,nan,nan,nan
293.32,183.95994567871094,-223.2708282470703,-45.07805252075195,183.86771359175887,-223.04064185213616,-45.089699666775665,0.24825025737511747,0.3404185395624033,0.06004882655481044,3.623484513366153e-05,12.494422198677825,18.521570855479357,nan,1.9213403837377445,nan
293.33,183.9683074951172,-223.27919006347656,-45.07917785644531,183.87637154121313,-223.0490012889253,-45.091010721391115,0.24815138170578002,0.3404620902467322,0.060074197378643474,3.69566187888934e-05,12.51642771878975,18.65673903172332,nan,nan,nan
293.34000000000003,183.97665405273438,-223.2875518798828,-45.08028030395508,183.88505394075503,-223.05736318444696,-45.09132829088852,0.2479908749054525,0.34050572647142585,0.060099633194969665,3.617766863454361e-05,12.079295225501992,18.252866181032044,nan,0.6235876130150699,nan
293.35,183.98501586914062,-223.2958984375,-45.08135986328125,183.87145697734408,-223.05371064047708,-45.09247946679259,0.2677203700040855,0.34043430348060894,0.06009073711864122,3.6875443651189186e-05,12.340247521706475,18.327376915971232,5.116745798811858,nan,nan
293.36,183.99337768554688,-223.30426025390625,-45.082420349121094,183.88008069878646,-223.06204538570015,-45.093912521388894,0.2676496209833367,0.34047775942850267,0.060116147804260285,3.610108194145898e-05,12.623032641647427,18.058242285064843,nan,0.02566647531068892,nan
293.37,184.00172424316406,-223.3126220703125,-45.08346176147461,183.8887094425423,-223.07038071612513,-45.09513060188316,0.2675619193281934,0.3405213025372857,0.060141623553644746,3.681999264386698e-05,12.64081290006741,18.01476892359879,nan,nan,nan
293.38,184.0100860595703,-223.32098388671875,-45.084476470947266,183.8973158591289,-223.0787137532787,-45.09728197226511,0.2675367573412344,0.34056493122431336,0.0601671644940508,3.6049123439127375e-05,13.469159979215789,18.99326913195796,nan,0.6039643745036005,nan
293.39,184.01844787597656,-223.329345703125,-45.08547592163086,183.9059448371076,-223.08704915870504,-45.09847011461278,0.267457283026385,0.34060864730323975,0.06019277078767303,3.6767173355488014e-05,13.490315557311542,18.848012108118308,nan,nan,nan
293.40000000000003,184.02679443359375,-223.33770751953125,-45.0865592956543,183.9146288515551,-223.10580398632266,-45.099174308030705,0.2579137550538048,0.340537340752543,0.06018373003679746,3.5977792162151025e-05,12.409945514380688,18.375945079599386,10.518357002056344,0.1811880895065835,nan
293.41,184.03515625,-223.3460693359375,-45.087730407714844,183.92323368135027,-223.11417351219458,-45.10047944560047,0.257807820691245,0.34058087626827316,0.06020931037038765,3.669416381709887e-05,12.393064977267645,18.31775357445183,nan,nan,nan
293.42,184.04351806640625,-223.35443115234375,-45.0889892578125,183.93185797113566,-223.1225452988572,-45.100995253960335,0.2576493156725311,0.3406244973876192,0.060234956089981716,3.5930794821838415e-05,11.952131546638137,17.800558626879642,nan,0.5135841329485904,nan
293.43,184.05186462402344,-223.36277770996094,-45.090328216552734,183.94046287105996,-223.13091490130546,-45.102464202058066,0.2575228043205636,0.3406682057094563,0.060260667359666654,3.664645903303996e-05,11.935588178559332,18.396754415151946,nan,nan,nan
293.44,184.0602264404297,-223.3711395263672,-45.09175109863281,183.94906369178747,-223.1392841132451,-45.104206393383464,0.2574280941292668,0.34071199997342816,0.06028644430394238,3.5886167283604166e-05,12.216534727491705,18.156481752184686,nan,0.02384427667343574,nan
293.45,184.06858825683594,-223.37950134277344,-45.093257904052734,183.89591836989968,-223.121955584634,-45.10575990792642,0.3103240362766836,0.3406408098438754,0.060277256036049456,3.65785774780978e-05,12.273321786294444,17.191866522709393,34.17235577658881,nan,nan
293.46,184.0769500732422,-223.3878631591797,-45.094844818115234,183.90439577206715,-223.13027813843956,-45.108756189828426,0.31035230952361026,0.34068442336013505,0.06030300617675181,3.5822152708232415e-05,13.379886646986115,18.32664099883069,nan,1.0961556021494512,nan
293.47,184.08529663085938,-223.39622497558594,-45.09651184082031,183.9128995863344,-223.13860405946784,-45.11057094749396,0.31030136297306143,0.34072812389977036,0.06032882206076272,3.6535712847570606e-05,13.365164523181935,18.21941540926977,nan,nan,nan
293.48,184.09365844726562,-223.4045867919922,-45.09825897216797,183.92142152483456,-223.1469323868126,-45.1115553564075,0.31020661467933575,0.3407719103901319,0.06035470381085933,3.578210739562075e-05,12.873248509636491,17.771548867019664,nan,0.5601215110790695,nan
293.49,184.10202026367188,-223.41294860839844,-45.10008239746094,183.92992539798053,-223.15525805504723,-45.11352155280993,0.3101639485502318,0.3408157841485255,0.0603806515936423,3.649515587972168e-05,12.858627042380224,17.799567172604544,nan,nan,nan
293.5,184.11038208007812,-223.4213104248047,-45.101985931396484,183.91819585757528,-223.146682194645,-45.11531984870813,0.33546088038909994,0.3407447075012315,0.06037131293449513,3.572266443789803e-05,13.646150925811046,17.80709392265285,8.961043451024423,0.023539681897206288,nan
293.51,184.1187286376953,-223.42967224121094,-45.10396194458008,183.92668563293617,-223.1549660340237,-45.117439819412525,0.3354484596091086,0.3407884002274005,0.060397233058185645,3.643437584910164e-05,13.63347648958618,17.80343489373982,nan,nan,nan
293.52,184.12709045410156,-223.4380340576172,-45.10601806640625,183.93525204095474,-223.16326138861854,-45.11549831594309,0.33524896945198074,0.34083217890249157,0.060423219235963256,3.56869384558348e-05,11.1442948458829,15.273217078508996,nan,11.623604594968452,nan
293.53000000000003,184.1354522705078,-223.44638061523438,-45.10814666748047,183.94374183458913,-223.1715448412423,-45.1177305562533,0.33523043541712955,0.34087604468071225,0.06044927163595776,3.639825940522158e-05,11.126289314661495,15.750629110926308,nan,nan,nan
293.54,184.143798828125,-223.45474243164062,-45.110347747802734,183.9522477905057,-223.17983068065908,-45.1191357355256,0.3351798018511607,0.3409199967342425,0.060475390378712385,3.565326995376718e-05,10.747719554285391,14.873784086494116,nan,0.5534837310442164,nan
293.55,184.15216064453125,-223.46310424804688,-45.11262512207031,183.98010566043672,-223.21113968402756,-45.12164668455701,0.3052383456627213,0.34084903300775315,0.060465898506737795,3.634189203807149e-05,9.547832443528932,14.715979859160113,21.71707206862162,nan,nan
293.56,184.1605224609375,-223.47146606445312,-45.11491775512695,183.98863487814455,-223.21949085864287,-45.12166473990865,0.30509403020243925,0.34089280382064563,0.06049198872144288,3.5600130318150834e-05,8.564546893604337,13.87430221508182,nan,3.9458246305642946,nan
293.57,184.1688690185547,-223.47982788085938,-45.11720275878906,183.99712272523604,-223.22783488232122,-45.124069541253455,0.3050318233928385,0.340936661580064,0.06051814534425154,3.630994273875555e-05,8.562570616426209,13.644582760498018,nan,nan,nan
293.58,184.17723083496094,-223.48818969726562,-45.11945724487305,184.00560128942084,-223.23617713495304,-45.12701549371671,0.3049986222776082,0.34098060559917065,0.0605443684943884,3.557040153761595e-05,8.84768833798044,14.056999969378312,nan,0.21486791621568188,nan
293.59000000000003,184.1855926513672,-223.49655151367188,-45.12167739868164,184.01408905802876,-223.24452074942027,-45.12937458046848,0.304946282588751,0.34102463682062867,0.060570658341914156,3.6279974961813434e-05,8.852477209877113,13.988783094011524,nan,nan,nan
293.6,184.19395446777344,-223.50489807128906,-45.12385559082031,184.03471062005957,-223.25790787054098,-45.13379323518285,0.2940433965859016,0.34095378341847216,0.060561010398473634,3.5521159305334286e-05,9.973375029212589,15.779434067562407,1.3279602629586758,2.959693162867389,nan
293.61,184.20230102539062,-223.5132598876953,-45.12599182128906,184.04321809988664,-223.26625978052272,-45.13609633810748,0.29397028997895797,0.3409976331145351,0.06058727083737152,3.622965984808674e-05,9.989696583880674,15.217011658800187,nan,nan,nan
293.62,184.21066284179688,-223.52162170410156,-45.12808609008789,184.05173407101591,-223.27461331309848,-45.13779545974402,0.293880539108999,0.3410415690461244,0.06061359798471353,3.549511309616508e-05,9.805414097194966,15.108126196887415,nan,0.21806072611524868,nan
293.63,184.21900939941406,-223.5299835205078,-45.13014221191406,184.06024128602044,-223.28296494053407,-45.14001231415406,0.29380760984195226,0.34108559203487904,0.06063999201165958,3.620346840186567e-05,9.81888472587588,14.939594136878103,nan,nan,nan
293.64,184.2273712158203,-223.53834533691406,-45.13215637207031,184.06874892004151,-223.29131645019487,-45.14215773518417,0.29374194602745357,0.34112970157570865,0.060666453035820606,3.547081638775783e-05,9.926121069304887,15.13483195717426,nan,0.0006719235573793256,nan
293.65000000000003,184.23573303222656,-223.54669189453125,-45.13412857055664,184.04284746425228,-223.28397771327803,-45.144331234029195,0.32607925065272847,0.3410589575173995,0.060656646224539944,3.6156875576622854e-05,10.151946387079262,15.46396670588498,10.362489775739956,nan,nan
293.66,184.24407958984375,-223.5550537109375,-45.13606262207031,184.0399109445764,-223.29728578953413,-45.147254193751515,0.3290203463186017,0.3391868714273603,0.060314887208400995,3.542613224630806e-05,12.592841064127127,17.265498069219102,nan,0.4758862009513429,0.06757028928819002
293.67,184.25244140625,-223.56341552734375,-45.13795852661133,184.04835734353395,-223.30562370966442,-45.14932345369276,0.32899253408651863,0.3392285469741452,0.060339114032173555,3.613341846858274e-05,12.603446526064388,17.364207616946867,nan,nan,nan
293.68,184.26080322265625,-223.57177734375,-45.13982009887695,184.0567989126765,-223.3139626796756,-45.15145529581565,0.32897042011389677,0.3392703046698454,0.06036340086480586,3.5405180574532056e-05,12.824180976227527,17.50591188888284,nan,0.006870325158009197,nan
293.69,184.26914978027344,-223.5801239013672,-45.141639709472656,184.06524503780963,-223.32230059287699,-45.15345186782215,0.32892176803145523,0.33931215105964607,0.060387748245202516,3.611243643924019e-05,12.834940640549899,17.983963860834677,nan,nan,nan
293.7,184.2775115966797,-223.58848571777344,-45.14342498779297,184.0601781203879,-223.3234928896685,-45.15413985832121,0.3428845976630731,0.3392348534340938,0.06037945819867105,3.53645431514867e-05,12.38305348992138,16.858266311402843,2.7602203512181545,0.8533937358409284,nan
293.71,184.28587341308594,-223.5968475341797,-45.14517593383789,184.0686071499386,-223.3318159848227,-45.15605158938428,0.34287699126674964,0.33927652458682844,0.06040378415437287,3.6070926443706424e-05,12.387752949333727,16.837002630879727,nan,nan,nan
293.72,184.29421997070312,-223.60520935058594,-45.146888732910156,184.07709699577933,-223.34012385872367,-45.15656702463254,0.3427920266958997,0.3393182781239009,0.06042817038051549,3.5346665434121444e-05,11.731373092587438,16.126610205781333,nan,1.284146300224241,nan
293.73,184.30258178710938,-223.6135711669922,-45.14856719970703,184.08552589240458,-223.34844696360472,-45.15839766695213,0.34278381340751746,0.3393601199777626,0.06045261738379215,3.605308911501629e-05,11.733924062782371,16.250975291067782,nan,nan,nan
293.74,184.31094360351562,-223.62191772460938,-45.15021514892578,184.09394556329724,-223.3567722929469,-45.16040744541127,0.34277417098979446,0.3394020446522868,0.06047712495307721,3.5330244372462535e-05,11.964471232578273,16.894067303128022,nan,0.03113464381424449,nan
293.75,184.3192901611328,-223.63027954101562,-45.15182876586914,184.1240611017966,-223.370794304212,-45.16218334036545,0.3248910447231957,0.3393249425580654,0.06046871685935044,3.6014655346613196e-05,12.28847621002311,16.591104550842314,7.254713908049148,nan,nan
293.76,184.32765197753906,-223.63864135742188,-45.153411865234375,184.1325727819547,-223.37911269780352,-45.16307764682937,0.3248144778900426,0.3393666920385479,0.06049320236925039,3.5294005923127255e-05,11.931243227659552,16.294590508756766,nan,0.4919676863512173,nan
293.77,184.33599853515625,-223.64700317382812,-45.15496063232422,184.14104849741156,-223.38744025343067,-45.16477438705504,0.3247687433295099,0.3394085294785955,0.06051774888268519,3.5999719349584814e-05,11.932763587240043,16.25891135497841,nan,nan,nan
293.78000000000003,184.3443603515625,-223.6553497314453,-45.1564826965332,184.14952413479907,-223.39576809948628,-45.166440643563746,0.3247197803064482,0.3394504524155547,0.06054235637910161,3.671974668373607e-05,11.929119772911124,16.754743259894234,nan,nan,nan
293.79,184.35272216796875,-223.66371154785156,-45.1579704284668,184.15799963149706,-223.40409611393582,-45.16807706294667,0.32468320529053507,0.3394924609939257,0.06056702500299985,3.745423242578101e-05,11.928572717357067,16.350457853194452,nan,nan,nan
293.8,184.36106872558594,-223.6720733642578,-45.15943145751953,184.15617435480453,-223.4106892348475,-45.17001090075865,0.3322879638276807,0.33941554767774085,0.060558495785993705,3.6624868960962614e-05,12.01318559106801,16.354974541206623,2.406813455014075,0.05935987001351341,nan
293.81,184.3694305419922,-223.68043518066406,-45.16086196899414,184.16462445892873,-223.419018603507,-45.17159318058187,0.33226392728439935,0.33945738081956717,0.06058314168212094,3.735683279546885e-05,12.012449098466632,16.495607364068302,nan,nan,nan
293.82,184.37779235839844,-223.6887969970703,-45.162261962890625,184.17306473128585,-223.42735057852218,-45.173399481119596,0.3322524272102424,0.3394992969923687,0.0606078486419312,3.655570400558251e-05,12.29568673706989,16.81405475678115,nan,0.0409809656333357,nan
293.83,184.38613891601562,-223.6971435546875,-45.16363525390625,184.18151505408326,-223.43568007877897,-45.174929083376064,0.332207201442679,0.33954130112520203,0.0606326171232401,3.728617834935688e-05,12.29499621435353,17.148923530163675,nan,nan,nan
293.84000000000003,184.39450073242188,-223.70550537109375,-45.164981842041016,184.19007791865081,-223.4439805454782,-45.17349403803358,0.3320487594976545,0.3395833887150889,0.06065744696398652,3.648928374171694e-05,10.832575644194149,15.316386091073682,nan,5.598287844940718,nan
293.85,184.40286254882812,-223.7138671875,-45.16630172729492,184.17472616401025,-223.4334862605465,-45.17492609759231,0.36157164440827744,0.3395066679860967,0.06064879422458016,3.719485548604235e-05,11.778100287219356,15.467864205943131,13.10419516392718,nan,nan
293.86,184.41122436523438,-223.72222900390625,-45.167598724365234,184.18318279999494,-223.4417649051218,-45.17591402383945,0.3615690949032722,0.339548580154721,0.06067360067096962,3.640304390885659e-05,11.651802318975179,15.294561587510781,nan,0.12263952006049299,nan
293.87,184.41957092285156,-223.7305908203125,-45.16886520385742,184.19162331653294,-223.45004767463072,-45.1773063899722,0.36157408844998834,0.33959057994542474,0.060698468857941265,3.712990600024688e-05,11.646125880733614,15.25293204388608,nan,nan,nan
293.88,184.4279327392578,-223.7389373779297,-45.170108795166016,184.20007104161198,-223.45832877830077,-45.17847746310814,0.3615690446413671,0.3396326633730942,0.06072339865357037,3.6342037250186976e-05,11.62671671125169,15.764683515362735,nan,0.02531715131898186,nan
293.89,184.43629455566406,-223.74729919433594,-45.17132568359375,184.20851183652513,-223.46661192104145,-45.17981934568122,0.36158326126008083,0.3396748345867648,0.060748390472497416,3.7067688618346504e-05,11.619965895489676,15.355848146215372,nan,nan,nan
293.90000000000003,184.44464111328125,-223.7556610107422,-45.17251968383789,184.2428656542646,-223.48020555635281,-45.18330066824965,0.3416215345073055,0.33959830070601627,0.06073961118154456,3.6261309443779076e-05,13.392458165402651,16.883905411130407,12.677560684963183,3.0877054922379394,nan
293.91,184.4530029296875,-223.76402282714844,-45.17368698120117,184.25136677494618,-223.48848892402796,-45.184617554827334,0.3416073010160455,0.33964029624947234,0.0607645789069738,3.698492755851463e-05,13.392492260279438,17.005809874233194,nan,nan,nan
293.92,184.46136474609375,-223.7723846435547,-45.174835205078125,184.2599017566257,-223.4967634826893,-45.18491839559699,0.3415494564089212,0.33968237558675163,0.06078960848554081,3.620548835431189e-05,12.945145069713737,16.505629786453525,nan,0.6505592609498015,nan
293.93,184.46971130371094,-223.78073120117188,-45.17595672607422,184.26840278225862,-223.50504710101322,-45.18618091114971,0.34151336408706584,0.339724542405581,0.06081470030425583,3.6928070222055326e-05,12.941732118811244,16.920138163875283,nan,nan,nan
293.94,184.4780731201172,-223.78909301757812,-45.177059173583984,184.27693527610788,-223.51332264948218,-45.18647775616156,0.3414592770891701,0.33976679341594035,0.06083985427086749,3.615214903259312e-05,12.539727793569732,16.125358359541174,nan,0.5889823984666696,nan
293.95,184.48643493652344,-223.79745483398438,-45.178138732910156,184.30727343581876,-223.53224565880285,-45.187741077097456,0.3201983056624585,0.33969044876381,0.060830945942795395,3.685074011729451e-05,12.38700316519127,16.31273532954894,4.148711333753357,nan,nan
293.96,184.4947967529297,-223.80581665039062,-45.179195404052734,184.31584905860427,-223.54053877552704,-45.187600389074646,0.3201019712056473,0.33973252407554366,0.06085607511718848,3.607915612942436e-05,11.81775322198527,15.767982559857703,nan,1.1761858603307425,nan
293.97,184.50314331054688,-223.81417846679688,-45.180233001708984,184.32438186120885,-223.54884327107322,-45.18875762728388,0.32004857615732635,0.339774686584576,0.06088126674590059,3.679899336277606e-05,11.809987308715247,15.696162763244555,nan,nan,nan
293.98,184.51150512695312,-223.82254028320312,-45.18124771118164,184.33296538703829,-223.55713446072497,-45.18827279830096,0.3199469349489067,0.3398169334103135,0.060906520761891694,3.6030660848036916e-05,11.179839489478516,15.158819891757874,nan,1.751525424740477,nan
293.99,184.51986694335938,-223.8308868408203,-45.18224334716797,184.34149835663055,-223.5654390068124,-45.189374702920084,0.3198886705496061,0.33985926762379665,0.0609318375158852,3.674968815180811e-05,11.16738764554269,15.581719533196662,nan,nan,nan
294.0,184.52822875976562,-223.83924865722656,-45.18321990966797,184.3537091297206,-223.5697536582791,-45.19098054588535,0.32116177107999727,0.33978310749247514,0.06092279717989901,3.596255028912319e-05,12.012331705621788,15.722532489810012,4.627130681118121,0.1394591986543921,nan
294.01,184.53659057617188,-223.8476104736328,-45.18417739868164,184.3622653048712,-223.57804283657094,-45.19205052583329,0.3211199110866902,0.3398252657684526,0.06094808841387259,3.667994044011365e-05,12.003325949117908,15.724744675295742,nan,nan,nan
294.02,184.54493713378906,-223.85597229003906,-45.185218811035156,184.37085634696226,-223.58632297316439,-45.19196979550172,0.3210302948702626,0.33986750846674696,0.060973442269868144,3.591865627874002e-05,11.558594004195918,15.321373154246254,nan,0.9416837928057145,nan
294.03000000000003,184.5532989501953,-223.8643341064453,-45.18635177612305,184.37941267788065,-223.59461235059229,-45.19315109627437,0.32098674744364214,0.3399098382967373,0.06099885907571599,3.6635377738151634e-05,11.527375928134138,15.25882701747626,nan,nan,nan
294.04,184.56166076660156,-223.87269592285156,-45.18756866455078,184.38799301558848,-223.60289510943466,-45.193579267191765,0.32091913935830524,0.3399522529228081,0.06102433879739623,3.587695900568375e-05,11.24822199239565,15.02178856972589,nan,0.47404622006586017,nan
294.05,184.5700225830078,-223.8810577392578,-45.18886947631836,184.4099687861666,-223.612594767062,-45.19496622596496,0.3126127887335253,0.3398762785374286,0.061015163900203256,3.6570390092576883e-05,11.664648356580347,15.448019967769746,4.71004959550739,nan,nan
294.06,184.578369140625,-223.88941955566406,-45.19025421142578,184.41852807266662,-223.62088834533114,-45.19757053701503,0.31258871788512943,0.33991851715856436,0.06104061737218449,3.5815637734210325e-05,12.119960157806991,15.911273793823037,nan,0.9258575299960285,nan
294.07,184.58673095703125,-223.8977813720703,-45.19171905517578,184.4271196007871,-223.6291733405601,-45.19909823987161,0.31253881679026746,0.33996084267220505,0.06106613400311805,3.653031280531403e-05,12.092524251456547,15.950696837428643,nan,nan,nan
294.08,184.5950927734375,-223.9061279296875,-45.193267822265625,184.43567014537365,-223.63746946829033,-45.20225325375988,0.31252788867269976,0.34000325306085205,0.06109171377966218,3.577818693794466e-05,12.833496206160465,17.09314990513633,nan,1.610057772047675,nan
294.09000000000003,184.60345458984375,-223.91448974609375,-45.19490051269531,184.44426152211568,-223.6457543020579,-45.203961367268526,0.3124792325570107,0.34004575055472885,0.06111735699975534,3.6492373401303776e-05,12.80316445999911,16.590221621757138,nan,nan,nan
294.1,184.61181640625,-223.9228515625,-45.19660949707031,184.44159979389968,-223.64252557735216,-45.20493038067532,0.3280633935279781,0.33996995799653923,0.061108044623303395,3.572110790357045e-05,13.222627131273404,16.56751978966732,6.569697378230497,0.30745875113307924,nan
294.11,184.62017822265625,-223.93121337890625,-45.198394775390625,184.45019227442617,-223.65077993906152,-45.20679064499176,0.3280375396279896,0.3400122792529027,0.06113366083813502,3.643397232763486e-05,13.196809585133957,16.59214857956701,nan,nan,nan
294.12,184.62852478027344,-223.9395751953125,-45.200260162353516,184.4588343825366,-223.65902059101887,-45.20672278154048,0.3279443283869955,0.34005468544678036,0.061159340423829096,3.568765862895076e-05,12.41071812076119,15.773942133803798,nan,2.734451936739395,nan
294.13,184.6368865966797,-223.94793701171875,-45.202205657958984,184.46742679872455,-223.6672747695967,-45.20872069150154,0.3279182259924466,0.34009717853012145,0.06118508365974878,3.6400146710002955e-05,12.384230357125606,15.720380281541445,nan,nan,nan
294.14,184.64524841308594,-223.956298828125,-45.2042236328125,184.47600225100476,-223.67553360045994,-45.2115040875347,0.32791215510557453,0.34013975690478737,0.06121089055945934,3.565611525030814e-05,12.682449327922441,16.096350750307646,nan,0.34069340582774393,nan
294.15000000000003,184.6536102294922,-223.96466064453125,-45.20631790161133,184.42612216478477,-223.65631876459315,-45.213670189131065,0.3832487320786052,0.34006414648096994,0.0612014380993557,3.6345840147908334e-05,13.124271594353656,15.721769680015035,28.925109523103618,nan,nan
294.16,184.66197204589844,-223.97300720214844,-45.2084846496582,184.43466517188403,-223.66451133016136,-45.21426587021401,0.38323822945836356,0.3401065485159388,0.06122721723437612,3.5604882237180656e-05,12.552420790599337,15.550372405129062,nan,1.832253922603197,nan
294.17,184.67031860351562,-223.9813690185547,-45.21072769165039,184.4431704560984,-223.67271398188308,-45.21655940368365,0.38327303766776405,0.34014903723846357,0.06125306022347251,3.6315874864702906e-05,12.529223100461577,15.066448003306691,nan,nan,nan
294.18,184.67868041992188,-223.98973083496094,-45.212989807128906,184.45173634440167,-223.68089972721026,-45.2161636127722,0.38326275526131404,0.3401916112926197,0.06127896709679754,3.557698899701668e-05,11.854311484521038,14.564613107221614,nan,5.123718715888919,nan
294.19,184.68704223632812,-223.9980926513672,-45.21524429321289,184.46024125542033,-223.6891022177954,-45.218487572349844,0.3833070464251537,0.3402342722655192,0.06130493810963687,3.628774539605297e-05,11.839536927556845,14.506895363453516,nan,nan,nan
294.2,184.69540405273438,-224.00645446777344,-45.217472076416016,184.43369361985427,-223.6737304075739,-45.22153294123148,0.4233369125613776,0.3401588406450393,0.06129534269578376,3.5529373501100936e-05,13.061332367953169,15.133676076128516,16.285230728638442,0.272502919347493,nan
294.21,184.70375061035156,-224.0148162841797,-45.21966552734375,184.44216589935144,-223.6818791896625,-45.223816643272485,0.4234275636965701,0.34020132504863393,0.06132128516152485,3.6239053395057144e-05,13.053458577286385,15.030151641182698,nan,nan,nan
294.22,184.7121124267578,-224.02316284179688,-45.22181701660156,184.4506084716073,-223.6900359610712,-45.227494836589166,0.423544655096946,0.3402438948105605,0.06134729172752837,3.550489280873678e-05,13.464362634883654,15.899317222460374,nan,1.4042388361056002,nan
294.23,184.72047424316406,-224.03152465820312,-45.22392654418945,184.45908041851527,-223.6981844062186,-45.229717296408374,0.423646064503023,0.34028655130847585,0.061373362634361175,3.62144239614507e-05,13.46240693975312,15.612882922934677,nan,nan,nan
294.24,184.7288360595703,-224.03988647460938,-45.22599792480469,184.46756877389774,-223.7063280914429,-45.231067214313086,0.4237304417190941,0.3403292935021461,0.06139949793358407,3.548203382225278e-05,13.240756648797676,15.346268529060714,nan,0.47619753477369553,nan
294.25,184.7371826171875,-224.04824829101562,-45.22802734375,184.46983440838366,-223.72129048824465,-45.23310269190186,0.422376879933441,0.34025404027284994,0.061389756925945345,3.61691891069792e-05,12.251575786361286,14.660088014274631,11.218832105346042,nan,nan
294.26,184.74554443359375,-224.05661010742188,-45.23001480102539,184.47827185794264,-223.72946373904395,-45.235101151285036,0.4224751436439835,0.3402966057641434,0.06141586289012457,3.5439357432471225e-05,12.248057527122167,14.816460936061711,nan,0.0061884280159777245,nan
294.27,184.75390625,-224.06495666503906,-45.23196792602539,184.48670741613722,-223.7376374330064,-45.237154846629444,0.4225636054151311,0.3403392578198599,0.06144203339354331,3.614781832556738e-05,12.23940417474737,15.077413547218026,nan,nan,nan
294.28000000000003,184.7622528076172,-224.0733184814453,-45.23387908935547,184.4951715898818,-223.74580288720924,-45.237591634389595,0.42262586802685664,0.3403819955798197,0.06146826850073451,3.5419575554196344e-05,11.863544276270064,14.306957618313389,nan,1.7180448566213375,nan
294.29,184.77061462402344,-224.08168029785156,-45.23575210571289,184.5036066409426,-223.75397650440001,-45.2395542862695,0.4227262658605689,0.3404248201504569,0.061494568433360625,3.6127993929949895e-05,11.853221264908038,14.430395344393789,nan,nan,nan
294.3,184.7789764404297,-224.0900421142578,-45.237586975097656,184.55698297893863,-223.78280036105292,-45.24211953080701,0.3790766887035571,0.34034974240415516,0.061484679005923214,3.537992651974221e-05,11.748312331533342,14.629443618218675,17.235662802229943,0.3113127544064828,nan
294.31,184.78733825683594,-224.09840393066406,-45.23938751220703,184.56548636836737,-223.79101156205095,-45.24401554176049,0.379117062866066,0.3403923900428677,0.06151094879518419,3.608745524811068e-05,11.739546409344932,14.597140071868708,nan,nan,nan
294.32,184.79568481445312,-224.10675048828125,-45.24114990234375,184.57399088264935,-223.79922264629377,-45.24581378494163,0.3791349691033228,0.34043512338319487,0.06153728339532387,3.536299854588139e-05,11.738569180030337,14.947416391145772,nan,0.002687549751410691,nan
294.33,184.80404663085938,-224.1151123046875,-45.24287796020508,184.58249455797616,-223.80743400221354,-45.24763922134589,0.3791753267549948,0.3404779433780046,0.06156368301665697,3.6070551464919125e-05,11.73033919157259,14.631377491342391,nan,nan,nan
294.34000000000003,184.81240844726562,-224.12347412109375,-45.244571685791016,184.5910106858075,-223.81564185754854,-45.248663910585876,0.3792023438242507,0.3405208493986166,0.06159014774028705,3.5347423969693614e-05,11.554024001744898,14.467100220060404,nan,0.40718183963986326,nan
294.35,184.8207550048828,-224.1318359375,-45.24623107910156,184.57728827766203,-223.80821297215667,-45.25048494059602,0.4050011929597522,0.34044594616790136,0.06158010723155418,3.603287728346951e-05,12.285504408837415,14.701112065976872,7.0167860702828975,nan,nan
294.36,184.82911682128906,-224.1401824951172,-45.247859954833984,184.58577427988936,-223.81638816799142,-45.25208974813082,0.40506326652144925,0.3404886750961092,0.061606540996605404,3.531186823177951e-05,12.267784883587304,15.083032106657976,nan,0.009211001341567892,nan
294.37,184.8374786376953,-224.14854431152344,-45.249454498291016,184.5942585716937,-223.82456400785279,-45.2537769885626,0.4051393853903917,0.3405314905314431,0.061633039975626414,3.6018670807315646e-05,12.259228099521712,14.775025688396383,nan,nan,nan
294.38,184.84584045410156,-224.1569061279297,-45.251014709472656,184.60273671857192,-223.83274172282748,-45.25585943891931,0.40522272785117514,0.3405743919752476,0.06165960425956846,3.5298837057191925e-05,12.384802462954493,14.958375795455868,nan,0.1261582584086205,nan
294.39,184.85418701171875,-224.16526794433594,-45.25254821777344,184.61122100519918,-223.84091762331238,-45.25748928801512,0.4052900507627652,0.34061738018451093,0.06168623404433986,3.600574188332213e-05,12.377901961410979,14.802348678552319,nan,nan,nan
294.40000000000003,184.862548828125,-224.1736297607422,-45.254051208496094,184.62689166851877,-223.8499839313415,-45.25826204570343,0.40037313959869436,0.3405426488514979,0.06167603966948756,3.526576657175374e-05,12.411471916695891,14.864033885064586,1.1717810673716287,0.5335618362670002,nan
294.41,184.87091064453125,-224.18197631835938,-45.25551986694336,184.63539344175754,-223.8581581696667,-45.259824891243134,0.4004311169968288,0.3405854597363647,0.06170263766239452,3.5971920085480805e-05,12.402063523235261,15.29167010791298,nan,nan,nan
294.42,184.87925720214844,-224.19033813476562,-45.256961822509766,184.6438954044206,-223.86633231215015,-45.26135760402328,0.40049253652662486,0.34062835660342927,0.06172930115870027,3.525507482638299e-05,12.415310285552739,14.848614218961913,nan,1.4641509170302605e-06,nan
294.43,184.8876190185547,-224.19869995117188,-45.25837707519531,184.65239745977368,-223.87450650149523,-45.26286358103657,0.4005629828919186,0.34067134010065925,0.061756030345844336,3.59613802288533e-05,12.406690934793893,14.87998291526358,nan,nan,nan
294.44,184.89598083496094,-224.20706176757812,-45.259761810302734,184.6609103724778,-223.88267767817447,-45.2634935210542,0.4006208749621153,0.3407144098937923,0.06178282532719302,3.524549050073442e-05,12.221791134731621,14.754406905269693,nan,0.5011575953577472,nan
294.45,184.9043426513672,-224.2154083251953,-45.2611198425293,184.6738800928745,-223.8858213360163,-45.26492606732896,0.40218784373760513,0.340639849069386,0.06177247441610846,3.592988611190433e-05,12.943746059478832,15.54039291347992,5.079585198480316,nan,nan
294.46,184.91268920898438,-224.22377014160156,-45.262447357177734,184.68240772181449,-223.8939774937307,-45.26634260022538,0.40225356038357085,0.34068274155813955,0.0617992367821829,3.664980102732277e-05,12.93596820014375,15.235028662757033,nan,nan,nan
294.47,184.92105102539062,-224.2321319580078,-45.26375198364258,184.690935492592,-223.90213377274702,-45.26773329918701,0.40232799005796205,0.3407257203439599,0.061826065008359445,3.738418230836487e-05,12.926740546500483,15.218934670835205,nan,nan,nan
294.48,184.92941284179688,-224.24044799804688,-45.26502990722656,184.69945415595637,-223.91026756214637,-45.269911881624054,0.4023977523781082,0.3407687853722518,0.0618529592215396,3.6583139733478625e-05,13.132845649161464,15.343804763657088,nan,0.4267945045922768,nan
294.49,184.93777465820312,-224.24864196777344,-45.26628494262695,184.70798211030407,-223.9183195948492,-45.27126019392381,0.40242047444147083,0.340811937185515,0.06187991960129718,3.7315990702924236e-05,13.118798803631101,15.60233354063039,nan,nan,nan
294.5,184.9461212158203,-224.2567138671875,-45.26750946044922,184.69412302999598,-223.91197696688678,-45.27287493111709,0.4270543342048992,0.34073754442476495,0.06186940940712991,3.649621842194941e-05,13.817920737890041,15.751154007335526,5.461986983345226,0.05360305041979322,nan
294.51,184.95448303222656,-224.26463317871094,-45.268714904785156,184.70262716938248,-223.91973724913717,-45.27417804221104,0.42710001610398407,0.340780518492287,0.06189633629650564,3.722670954844929e-05,13.804245740157603,15.831762684948377,nan,nan,nan
294.52,184.9628448486328,-224.27239990234375,-45.269893646240234,184.71114270541747,-223.9273460423759,-45.27435395647247,0.42712530894959194,0.34082357876045594,0.061923329363298495,3.6434558023502234e-05,13.521496201341666,15.654555561961603,nan,0.7928250264086327,nan
294.53000000000003,184.97120666503906,-224.280029296875,-45.27104949951172,184.71964752200458,-223.93480762594066,-45.275600119710205,0.4271776125584415,0.3408667256911426,0.06195038878048141,3.71637084510086e-05,13.507086623453525,15.370526998683141,nan,nan,nan
294.54,184.9795684814453,-224.28749084472656,-45.27218246459961,184.72816994989427,-223.94211379680328,-45.27507401526234,0.4271942040377614,0.34090995912942235,0.06197751466548005,3.637530444337901e-05,13.152345018932433,15.378224069877376,nan,1.998989812027833,nan
294.55,184.98793029785156,-224.29481506347656,-45.273292541503906,184.7266874069847,-223.94129973703028,-45.27624669806933,0.43957895889352405,0.34083573275536433,0.061966842523532885,3.707976707663931e-05,13.590536090088172,15.423374782763133,1.7820855614772444,nan,nan
294.56,184.9962921142578,-224.30198669433594,-45.27437973022461,184.73517777232223,-223.948300038494,-45.278510395316566,0.43964987487681456,0.34087878824275425,0.06199393405228021,3.6295970309685224e-05,13.799121269839706,15.789003809191358,nan,0.7936058140938975,nan
294.57,185.00465393066406,-224.3090362548828,-45.275447845458984,184.74367898038113,-223.95515329599985,-45.27966390172063,0.4397258786941466,0.3409219302758905,0.062021092112158664,3.702177769440864e-05,13.785378984189293,15.365386937116007,nan,nan,nan
294.58,185.0130157470703,-224.31591796875,-45.276493072509766,184.75217359458077,-223.96186763488498,-45.28169736020961,0.4397923965188264,0.3409651587648401,0.06204831682605175,3.6241478872354545e-05,14.026046661220088,16.16140916756186,nan,0.5330043335256428,nan
294.59000000000003,185.02137756347656,-224.3226776123047,-45.27751541137695,184.76067705295023,-223.96844109898748,-45.28281945531819,0.43985951898072123,0.34100847407353124,0.06207560835888754,3.696619519713834e-05,14.01500622422238,15.902582459499373,nan,nan,nan
294.6,185.02975463867188,-224.3292999267578,-45.27851867675781,184.80054699162253,-223.99264960432333,-45.28406050574696,0.4073086015905917,0.34093441173919126,0.06206477156001052,3.616701201231027e-05,13.55431422964146,15.869454482532241,9.273665326783904,0.028875582070600293,nan
294.61,185.03811645507812,-224.33580017089844,-45.279502868652344,184.8090933007823,-223.998990343451,-45.285144594534955,0.40733805879111484,0.3409775488529636,0.06209202785619244,3.688980726089902e-05,13.543823225903841,15.596051668969881,nan,nan,nan
294.62,185.04649353027344,-224.3421630859375,-45.28046798706055,184.81763954341298,-224.00520089713115,-45.286430638342395,0.4073735597672042,0.34102077236484124,0.06211935098865763,3.6117098295225576e-05,13.640029948498716,15.893781227734607,nan,0.03226201440420224,nan
294.63,185.0548553466797,-224.348388671875,-45.28141403198242,184.8261891049489,-224.01128297753368,-45.287479816763366,0.4073883810439811,0.3410640825872028,0.06214674111788466,3.683895994169161e-05,13.628794472505215,16.0606372642181,nan,nan,nan
294.64,185.063232421875,-224.35450744628906,-45.28234100341797,184.88360356693343,-224.07021559370943,-45.28589007754575,0.33630488979189804,0.3380905542190669,0.058624666084108414,3.606860389170309e-05,13.720171815452364,15.847284365582816,nan,4.47571831468582,0.7908206647593228
294.65000000000003,185.0716094970703,-224.36050415039062,-45.28324890136719,184.92327336627156,-224.08363605156268,-45.28679321374707,0.31412117725360855,0.3380253284046546,0.05861885753445961,3.676659231334822e-05,14.317799227025613,16.515580912814876,13.978824756381888,nan,nan
294.66,185.07998657226562,-224.36636352539062,-45.28413772583008,184.9318873379247,-224.08942564526626,-45.288174409869626,0.3140768496374389,0.338070814892473,0.058638780337518195,3.60010202029803e-05,14.39868717009581,16.992068840382704,nan,0.11331369708605651,nan
294.67,185.08836364746094,-224.3721160888672,-45.285011291503906,184.94048863129393,-224.09507761104146,-45.28913062686131,0.31406099332163934,0.3381163889261022,0.058658765740027374,3.6720303874261834e-05,14.379628231554152,16.739811040616946,nan,nan,nan
294.68,185.09674072265625,-224.37791442871094,-45.285972595214844,184.94901838876783,-224.10058969788707,-45.28801973354284,0.3142213949292848,0.3381620469665358,0.05867880730390654,3.5957628959259235e-05,14.016543125836197,16.168817235535013,nan,2.957946041048781,nan
294.69,185.10513305664062,-224.38372802734375,-45.28702163696289,184.95762364636684,-224.10623183167357,-45.28908132830551,0.3142728226544098,0.3382077928072108,0.058698911630702906,3.6676184138120834e-05,13.995263281547583,16.52439524948519,nan,nan,nan
294.7,185.11351013183594,-224.3895721435547,-45.28815460205078,184.98959964584395,-224.11417667660012,-45.29308975974517,0.30202785887954187,0.33814256029000933,0.05869304410764648,3.589438999927511e-05,15.481577435841617,18.13085074448051,13.944827436936707,5.650348122224277,nan
294.71,185.1219024658203,-224.3954620361328,-45.28937911987305,184.99826272951498,-224.1198693121058,-45.294355116036925,0.30209749166138705,0.3381881132912384,0.05871314805207017,3.6611383372544586e-05,15.4628275453286,17.716977633364408,nan,nan,nan
294.72,185.1302947998047,-224.4013671875,-45.29068374633789,185.0069602057094,-224.12563580731728,-45.29665750051038,0.3021173643752249,0.33823375029993497,0.05873330866955895,3.585509197248466e-05,15.763213589254217,18.449858014810935,nan,0.6074444626411886,nan
294.73,185.138671875,-224.40731811523438,-45.292076110839844,185.01562689104293,-224.13139061515537,-45.29810419563236,0.3021794023144403,0.33827947495367067,0.05875353204860547,3.657148522487015e-05,15.745688555926629,18.130188491770397,nan,nan,nan
294.74,185.14706420898438,-224.4132843017578,-45.293548583984375,185.02422427455977,-224.13708390286678,-45.29754187855973,0.3023115218422439,0.33832528394066597,0.05877381250749635,3.5817752743108235e-05,15.17869977570828,17.89120303241888,nan,2.9521910670025857,nan
294.75,185.15545654296875,-224.41928100585938,-45.295101165771484,184.99051332292578,-224.13044448874632,-45.299092193967795,0.33263903523520455,0.33826004797136344,0.05876788903909519,3.6510934599719286e-05,14.616067807206116,17.010664706032365,20.461776120867,nan,nan
294.76,185.1638641357422,-224.42532348632812,-45.29673767089844,184.99908982054188,-224.13625991859632,-45.3003320703155,0.33274801403875653,0.33830566395806155,0.05878816867498272,3.576057284106046e-05,14.522747963276593,16.57667893620908,nan,0.12828710176280328,nan
294.77,185.17225646972656,-224.43138122558594,-45.29845428466797,185.00768229665672,-224.14212289547953,-45.30208470970014,0.3328185991850243,0.33835136743196337,0.058808511079813976,3.647503988201187e-05,14.50351815829616,16.810793628268943,nan,nan,nan
294.78000000000003,185.18064880371094,-224.43746948242188,-45.30025100708008,185.01627036504712,-224.1480071909172,-45.30374369207735,0.33289771424444287,0.3383971552420948,0.05882891105408179,3.572702726592365e-05,14.464571621109718,16.740538592946265,nan,0.020543224869534766,nan
294.79,185.18905639648438,-224.44358825683594,-45.3021240234375,185.02486563952507,-224.1539272242935,-45.30565490779118,0.33297835603644205,0.338443030790613,0.058849373974547065,3.644105769492236e-05,14.445716251404262,16.77433603729854,nan,nan,nan
294.8,185.19744873046875,-224.44972229003906,-45.304073333740234,185.05500995977246,-224.16695382654055,-45.308303909025945,0.3166460249458813,0.33837778764457843,0.0588433857638017,3.567364806575799e-05,14.800718988340535,17.584847940788972,4.7296751377197825,0.30682493929930593,nan
294.81,185.2058563232422,-224.45590209960938,-45.30609893798828,185.0636471611237,-224.17293789142994,-45.31037804645953,0.3167183285987205,0.33842346994122285,0.058863847148271246,3.638640365208886e-05,14.783910879162535,17.22464563425716,nan,nan,nan
294.82,185.21426391601562,-224.46209716796875,-45.30820083618164,185.07223366720555,-224.17888459753723,-45.31092558054137,0.31684282516620693,0.33846923657732586,0.05888436657519715,3.564368610965643e-05,14.469116029469012,17.152849992816936,nan,1.749262001417776,nan
294.83,185.22265625,-224.46832275390625,-45.31037902832031,185.08087348895765,-224.18492294539035,-45.31313674022533,0.31689968092535115,0.33851509079148245,0.05890494897043355,3.635610787396474e-05,14.451376942394852,17.053996691075923,nan,nan,nan
294.84000000000003,185.23106384277344,-224.47457885742188,-45.312583923339844,185.08949362934536,-224.19096226256232,-45.31474914194596,0.31699398477165514,0.33856102967272966,0.058925589800599094,3.561543481661634e-05,14.354998809920884,16.906717116974352,nan,0.2884893023136745,nan
294.85,185.23947143554688,-224.48086547851562,-45.31477737426758,185.10975059905113,-224.19723421517503,-45.31688418826668,0.3118952189927989,0.33849578214651516,0.05891953862987096,3.630513306257463e-05,14.916013313556746,17.407783823185927,5.0012115735585025,nan,nan
294.86,185.2478790283203,-224.48716735839844,-45.31694793701172,185.1184259431495,-224.20334687214583,-45.31926109922003,0.31195756185146356,0.33854152760631895,0.05894017742732386,3.556730588173647e-05,14.925905700728565,17.56582759967208,nan,0.011308692038113083,nan
294.87,185.25628662109375,-224.49349975585938,-45.31908416748047,185.1270981880133,-224.20948024169022,-45.321481501370144,0.3120296185948505,0.33858736048293975,0.0589608792242035,3.627830459689735e-05,14.916198664394596,17.47625060261527,nan,nan,nan
294.88,185.2646942138672,-224.49984741210938,-45.32118225097656,185.13576847788724,-224.21563562868226,-45.323575507191016,0.31209599630898527,0.3386332780296279,0.058981639906558456,3.554233574360805e-05,14.89992467477373,17.681148963384977,nan,0.005689750873634316,nan
294.89,185.27310180664062,-224.5062255859375,-45.3232421875,185.14444269354857,-224.2218195914666,-45.32572212406987,0.3121635583440184,0.33867928324331914,0.059002463779991236,3.6253128694428134e-05,14.890073505503349,17.54896053990957,nan,nan,nan
294.90000000000003,185.28152465820312,-224.51263427734375,-45.325260162353516,185.14400217944817,-224.2218066470504,-45.3289181027346,0.3217242969263857,0.3386140279560941,0.058996341921202275,3.549746720492466e-05,15.441465068953566,17.808177939123627,1.605985261727715,0.7554154865947411,nan
294.91,185.28993225097656,-224.51905822753906,-45.32723617553711,185.1526678638133,-224.2280240738263,-45.330998602105346,0.3218020299256839,0.33865983948759754,0.05901716302748278,3.6207210461608035e-05,15.437419770377124,18.063090824984798,nan,nan,nan
294.92,185.29833984375,-224.5255126953125,-45.32917785644531,185.16132569847363,-224.23425530240368,-45.33275141637005,0.3218951929749666,0.3387057356909193,0.05903804345331205,3.547557132054798e-05,15.389111256685283,17.782518921675514,nan,0.057470746576926496,nan
294.93,185.3067626953125,-224.53199768066406,-45.331077575683594,185.1699932366199,-224.24052075592274,-45.33475274915174,0.32199097718375086,0.3387517193998349,0.05905898711612507,3.618518951910775e-05,15.38514902009241,17.73540616347465,nan,nan,nan
294.94,185.31517028808594,-224.5384979248047,-45.332942962646484,185.17860010254978,-224.24673753610406,-45.33466843497602,0.3221467324789739,0.3387977881080878,0.059079990476475414,3.5455139606594736e-05,15.078275895464424,17.517926827286598,nan,2.8860155715587155,nan
294.95,185.32359313964844,-224.54501342773438,-45.33476638793945,185.17429298455664,-224.25001896192302,-45.33662220095598,0.330629271559119,0.33873252739618703,0.05907379862835166,3.614239563876125e-05,14.834440032750267,17.49054168778736,2.3408871728839182,nan,nan
294.96,185.33200073242188,-224.5515594482422,-45.3365592956543,185.18298160071419,-224.25640552590502,-45.340005178817734,0.3306575473155003,0.33877840224250794,0.05909479867029956,3.5414732010769115e-05,15.056323043908499,17.42957773021451,nan,1.572777274795737,nan
294.97,185.34042358398438,-224.55813598632812,-45.33831024169922,185.19162642442944,-224.26276305636046,-45.34185754718636,0.33075420757039586,0.3388243644334457,0.05911586200387411,3.612331820728711e-05,15.05144009845903,17.440566640140553,nan,nan,nan
294.98,185.34884643554688,-224.56472778320312,-45.340030670166016,185.20027227244688,-224.26914327125397,-45.34368444891455,0.3308441260536887,0.33887041162324855,0.05913698544700044,3.5397081866124164e-05,15.061376650270113,17.487317889443815,nan,5.5036377838422116e-05,nan
294.99,185.3572540283203,-224.5713348388672,-45.34171676635742,185.2089183966399,-224.27554538888108,-45.34546892773255,0.33092134573656135,0.3389165464086169,0.05915817238772915,3.6105640741424234e-05,15.055133024188642,17.62653733594348,nan,nan,nan
295.0,185.3656768798828,-224.57797241210938,-45.34336853027344,185.20863277127893,-224.28037273156338,-45.34755952751397,0.3365204100290797,0.3388512772395282,0.05915190374565122,3.535941777638636e-05,14.935191811187812,17.321787702986818,1.7087860369214827,0.13311435400517288,nan
295.01,185.3740997314453,-224.58462524414062,-45.34498596191406,185.21726170573257,-224.28682003387493,-45.349281245155105,0.33660742568901536,0.3388972178950051,0.05917308661284116,3.60670995367765e-05,14.930068507805197,17.49222571463692,nan,nan,nan
295.02,185.3825225830078,-224.59130859375,-45.3465690612793,185.22586208803096,-224.29325574437115,-45.3499331807145,0.33673332031270037,0.3389432435465428,0.05919432998568108,3.534435260082955e-05,14.719919279637113,17.15725612309543,nan,0.7460181373691807,nan
295.03000000000003,185.3909454345703,-224.59800720214844,-45.34812545776367,185.23449240156657,-224.29974566627195,-45.35158200876332,0.336822569113602,0.33898935663424995,0.05921563692491556,3.605206907839e-05,14.711548686978828,17.16055997856257,nan,nan,nan
295.04,185.3993682861328,-224.60472106933594,-45.349647521972656,185.2431599323706,-224.30629757487517,-45.35452454832725,0.3368700301560544,0.3390355550439441,0.05923700473371956,3.533051608895229e-05,15.033081157385308,17.697986144800826,nan,1.2140739052755947,nan
295.05,185.4077911376953,-224.61146545410156,-45.35114288330078,185.23065841402203,-224.30444419828257,-45.35607309132719,0.35448887185886613,0.3389702793056398,0.05923065907346023,3.601613057986104e-05,15.048431585969514,17.224559587143823,4.154492662063614,nan,nan
295.06,185.4162139892578,-224.61822509765625,-45.352603912353516,185.23925375484444,-224.31098129233325,-45.35759823764902,0.35459642378082246,0.3390162833945409,0.05925202220505338,3.5296568631230056e-05,15.060510036243434,17.44837993868812,nan,0.001527060934926262,nan
295.07,185.4246368408203,-224.625,-45.35403823852539,185.2478509840048,-224.3175399137451,-45.35914138871617,0.35469844368384135,0.3390623747616185,0.05927344897990221,3.600354953980951e-05,15.056827782802193,17.496560742037435,nan,nan,nan
295.08,185.4330596923828,-224.63180541992188,-45.355445861816406,185.25644807944255,-224.32411785897736,-45.360637049645604,0.3548101540492101,0.33910855144422786,0.05929493699937783,3.5285043409106515e-05,15.078158317380995,17.270042706248795,nan,0.00027073913641234164,nan
295.09000000000003,185.4414825439453,-224.6386260986328,-45.3568229675293,185.26504611972408,-224.3307159079216,-45.3621249747344,0.3549177490859012,0.3391548156580263,0.05931648888180373,3.599213138545012e-05,15.075834960343006,17.416446968438734,nan,nan,nan
295.1,185.4499053955078,-224.6454620361328,-45.35817337036133,185.24500074797638,-224.3265791696823,-45.36207477763881,0.37906123261871455,0.3390895306551733,0.05931006018064476,3.525336008365248e-05,14.66850481037347,16.916470487947336,7.573714399630491,1.5020564913964285,nan
295.11,185.4583282470703,-224.65232849121094,-45.3594970703125,185.25355079386782,-224.33319967398018,-45.36349410749198,0.37920045310286726,0.3391356002745038,0.05933160661029358,3.595969973181731e-05,14.662201121106346,16.70174270205989,nan,nan,nan
295.12,185.4667510986328,-224.65919494628906,-45.36079025268555,185.26211585205175,-224.33985467615486,-45.36544547783498,0.37930919234032734,0.339181755199814,0.059353214644606245,3.52439648875276e-05,14.811697681797073,17.320034960989965,nan,0.2167161824334016,nan
295.13,185.47518920898438,-224.6660919189453,-45.362064361572266,185.2706670286818,-224.3465129208125,-45.3668190073264,0.37945047758507067,0.33922799750113575,0.059374886631711726,3.595045819777447e-05,14.805176665569482,17.008072510068637,nan,nan,nan
295.14,185.48361206054688,-224.67295837402344,-45.36330795288086,185.279280660627,-224.35322974393728,-45.37060224598249,0.37951406377345676,0.33927432543172215,0.05939662057419572,3.523558046979738e-05,15.663837626566563,17.862997775695646,nan,4.1282276140052305,nan
295.15000000000003,185.49203491210938,-224.6797332763672,-45.36452865600586,185.28068483476358,-224.35032193468876,-45.372017599049485,0.39145468637936154,0.3392090326290698,0.05939010783876642,3.592015267000334e-05,16.52133780159158,18.502333246860424,5.41489171787871,nan,nan
295.16,185.50047302246094,-224.68641662597656,-45.365726470947266,185.28923347201774,-224.35678581604128,-45.37319816234716,0.3915794232367277,0.3392551657625671,0.05941183567489788,3.520693217963137e-05,16.520287982503266,18.25480234734659,nan,0.014825990540712044,nan
295.17,185.50889587402344,-224.69296264648438,-45.36689758300781,185.29778624129423,-224.36313951826443,-45.37449996756717,0.39167380457574197,0.33930138611895005,0.05943362756077678,3.5912908194365847e-05,16.51653475109289,18.55200447675459,nan,nan,nan
295.18,185.517333984375,-224.6993865966797,-45.368045806884766,185.30633245744568,-224.36936417679934,-45.37549015247537,0.39178037249390185,0.3393476920904472,0.05945548174248362,3.520042935078363e-05,16.45336179532166,18.527161260087503,nan,0.058307759437868596,nan
295.19,185.5257568359375,-224.7056884765625,-45.36917495727539,185.31488652136952,-224.37547196071995,-45.376744385238055,0.3918756603067818,0.3393940855407977,0.059477400206351644,3.5906610588899196e-05,16.44750909500584,18.310505435175862,nan,nan,nan
295.2,185.53419494628906,-224.7118682861328,-45.370277404785156,185.3291064583384,-224.39736344118168,-45.378914543719574,0.37556515487541664,0.3393287825577906,0.059470798062899205,3.51736126104787e-05,15.38392548492839,17.995306870258734,20.492531608579583,0.7512448860826723,nan
295.21,185.54261779785156,-224.71792602539062,-45.371360778808594,185.33764857115457,-224.4032776139232,-45.380134121301616,0.37562345276917813,0.33937498093275903,0.05949270962434146,3.5879138609998364e-05,15.379401191223025,17.82087167848612,nan,nan,nan
295.22,185.55105590820312,-224.72386169433594,-45.37242126464844,185.3461657129492,-224.40904422702226,-45.38022874431943,0.375700660866874,0.3394212649051252,0.05951468380816884,3.516882864205324e-05,14.93774731113111,17.53862276409793,nan,0.852444712691167,nan
295.23,185.5594940185547,-224.72967529296875,-45.37345886230469,185.35470994138763,-224.4147178958659,-45.38139624363378,0.37576280054488703,0.3394676362068167,0.059536722382559686,3.587459397006935e-05,14.930818214692817,17.655574422382163,nan,nan,nan
295.24,185.56793212890625,-224.73538208007812,-45.37447738647461,185.36324326454508,-224.4202622807733,-45.38201518503798,0.37583884513786175,0.33951409342587713,0.059558823918025736,3.5164859487336314e-05,14.761805692566783,17.24756270985743,nan,0.19554105007286735,nan
295.25,185.5763702392578,-224.740966796875,-45.3754768371582,185.38274215038606,-224.44371849650722,-45.38312435743113,0.354833585555238,0.3394487813382896,0.05955213074691846,3.584882383379693e-05,13.28871843991217,16.69254180563539,20.006543253364352,nan,nan
295.26,185.58480834960938,-224.74644470214844,-45.3764533996582,185.39127585552578,-224.44909432661524,-45.38377394581584,0.354860060435094,0.33949504326742524,0.05957422467926804,3.5140469861975586e-05,13.152067638449882,16.48899024942759,nan,0.14425397066268425,nan
295.27,185.59324645996094,-224.75181579589844,-45.37741470336914,185.39982145973354,-224.4543699673852,-45.384854054454244,0.35488391842610495,0.33954139237878295,0.05959638311655239,3.584587304608404e-05,13.141194838425822,16.32187294673309,nan,nan,nan
295.28000000000003,185.6016845703125,-224.757080078125,-45.378353118896484,185.40839211314582,-224.4595603631412,-45.38696992900224,0.3549002736234048,0.339587827384657,0.05961860482361706,3.513800005183283e-05,13.680802986687457,16.92313031255415,nan,0.7785139152571405,nan
295.29,185.61012268066406,-224.76223754882812,-45.3792724609375,185.41694095648307,-224.46462215402457,-45.388024018401175,0.35492350096838715,0.3396343498322139,0.059640891279483514,3.58436775000676e-05,13.674949235458078,16.968792883856892,nan,nan,nan
295.3,185.6185760498047,-224.7672882080078,-45.38017654418945,185.42406843372856,-224.4733248153968,-45.38850502861417,0.3525862342176748,0.339569026544475,0.059634102234968754,3.511506134283551e-05,13.066301706715992,16.743665649702464,1.949453827453684,0.23726974206763013,nan
295.31,185.62701416015625,-224.77224731445312,-45.38106155395508,185.43261116291848,-224.47819559958057,-45.38951959194759,0.352605267631102,0.3396153534199502,0.05965638027084431,3.5820148218374524e-05,13.059172308044552,16.39166902424595,nan,nan,nan
295.32,185.63546752929688,-224.777099609375,-45.381927490234375,185.44112509905807,-224.48293741962067,-45.38908026881523,0.3526351319900144,0.3396617661633,0.059678721872576675,3.511394832781898e-05,12.488909524797766,16.15980667618883,nan,1.4489808405556954,nan
295.33,185.6439208984375,-224.7818603515625,-45.38277816772461,185.44967137112096,-224.487610330275,-45.3900472968988,0.35265960093175336,0.339708266205231,0.05970112834717564,3.581933372011278e-05,12.477708962381065,15.953061483859033,nan,nan,nan
295.34000000000003,185.65237426757812,-224.78652954101562,-45.383609771728516,185.4582291363424,-224.49219660695192,-45.39146918902753,0.35268396404907165,0.3397548524313377,0.05972359871567319,3.5113478399732095e-05,12.73288804206911,16.158227432262922,nan,0.15566609926212954,nan
295.35,185.66082763671875,-224.7910919189453,-45.38442611694336,185.45921298339564,-224.49447589008477,-45.39230631662571,0.3587361628810604,0.3396895186700018,0.059716711681071025,3.579713764797257e-05,12.627585231538731,16.368711519881927,1.074435612711323,nan,nan
295.36,185.66928100585938,-224.7955780029297,-45.38522720336914,185.46771336218129,-224.49883079765354,-45.391399533799785,0.3587847773806555,0.33973590909765666,0.05973917288470751,3.509243783309793e-05,11.950192805956881,15.270904330081677,nan,2.349856425518258,nan
295.37,185.677734375,-224.7999725341797,-45.38601303100586,185.47625282871599,-224.5031298431753,-45.39228854916144,0.35881719415860275,0.3397823866833636,0.059761699090006,3.579756649801798e-05,11.93638639458309,15.286498113132172,nan,nan,nan
295.38,185.68618774414062,-224.8043975830078,-45.38688659667969,185.48478591311536,-224.50740078476383,-45.39279681949031,0.3588937536948459,0.3398289504212651,0.05978428946931023,3.5093135647690784e-05,11.808454232670828,15.68925764064684,nan,0.12313772685504469,nan
295.39,185.6946563720703,-224.8088836669922,-45.387847900390625,185.49332920043182,-224.51172760909864,-45.39381008643956,0.35898454067727026,0.33987560158041974,0.059806945104178506,3.579858481190011e-05,11.783671465453274,15.470962044768237,nan,nan,nan
295.40000000000003,185.70310974121094,-224.8134307861328,-45.38890075683594,185.47385691729158,-224.49538167254713,-45.3949416139054,0.39210787786242285,0.33981025550099125,0.05979995565485393,3.5073219046536966e-05,12.82160700993025,15.425011857932201,15.06258469306468,0.000585659354842347,nan
295.41,185.71157836914062,-224.81800842285156,-45.390037536621094,185.48237226394875,-224.49975165749024,-45.39613366507348,0.3922498822658745,0.33985671057614536,0.05982260128678624,3.577812025286135e-05,12.798577618382799,15.986669589004771,nan,nan,nan
295.42,185.7200469970703,-224.8226318359375,-45.39126205444336,185.49086464127848,-224.50414637848178,-45.3961111274888,0.39240419509286056,0.33990325176769653,0.059845311361518876,3.507496260145782e-05,12.408957131249226,15.57536214335535,nan,1.1917061465725038,nan
295.43,185.728515625,-224.82730102539062,-45.39257049560547,185.49938329654577,-224.50860895810575,-45.39746389253127,0.3925432498803595,0.33994988024407335,0.05986808682845636,3.578020099994348e-05,12.386580689299644,15.57638855488567,nan,nan,nan
295.44,185.7369842529297,-224.83203125,-45.39396286010742,185.50791494125687,-224.51312714610697,-45.399531211378346,0.3926876412187586,0.33999659514937614,0.0598909270570554,3.5077202441114805e-05,12.581715227510076,15.414181854536485,nan,0.278325575794195,nan
295.45,185.74545288085938,-224.8367919921875,-45.39543914794922,185.51865405305216,-224.5255507440848,-45.401112855743285,0.385150637770974,0.33993123717146523,0.05988383269325162,3.576075685755165e-05,11.902434103087023,15.423822351818128,4.610270969333389,nan,nan
295.46,185.75392150878906,-224.8415985107422,-45.396995544433594,185.52715632559398,-224.53016220380368,-45.40197821378944,0.3852789230971552,0.3399777557548969,0.05990666213284434,3.5058734578803596e-05,11.688824748820162,15.194751122680124,nan,0.3934937974014719,nan
295.47,185.7624053955078,-224.84645080566406,-45.39863586425781,185.53567358254492,-224.53482889655848,-45.40366645237348,0.38540995843496195,0.34002436148927173,0.059929557104756344,3.57637835487135e-05,11.666396735413297,15.229152086942484,nan,nan,nan
295.48,185.7708740234375,-224.85134887695312,-45.40035629272461,185.54420899555623,-224.53955317802362,-45.4063862132243,0.3855255538567897,0.3400710536114927,0.05995251709307085,3.506186139386576e-05,11.974811427332053,15.320267858805867,nan,0.6347403392787826,nan
295.49,185.77935791015625,-224.8562774658203,-45.40215301513672,185.55272887507712,-224.54430627259345,-45.40824635141039,0.38564734368492154,0.3401178331516152,0.05997554287616866,3.576725974191288e-05,11.953101305353698,15.852275691662168,nan,nan,nan
295.5,185.78782653808594,-224.8612518310547,-45.404029846191406,185.54805606296304,-224.54305113347831,-45.4104341622456,0.39847531911383344,0.3400524616464338,0.059968339502597307,3.504424322881949e-05,12.179409201897174,15.750947893939498,1.8684336412904619,0.019737904472545597,nan
295.51,185.7963104248047,-224.86627197265625,-45.405982971191406,185.55655729165514,-224.54787737971685,-45.41245613316409,0.3986208518053152,0.34009904457599777,0.059991353637003725,3.574911962790749e-05,12.159357409587965,15.826726366806598,nan,nan,nan
295.52,185.80479431152344,-224.871337890625,-45.40801239013672,185.5650668865397,-224.5527509333552,-45.41498684398233,0.3987675145221759,0.3401457138486325,0.06001443303254119,3.504815493302115e-05,12.353853082777748,15.912018845901992,nan,0.13074250392527414,nan
295.53000000000003,185.81326293945312,-224.87643432617188,-45.410118103027344,185.57357027255628,-224.55765954787023,-45.41716786426324,0.398898023282727,0.34019247040925654,0.060037578368984504,3.575339178614506e-05,12.334333656760288,15.96851325985445,nan,nan,nan
295.54,185.82174682617188,-224.88157653808594,-45.41225814819336,185.58210565359744,-224.56263349315523,-45.42130210652583,0.3990417906496017,0.3402393136218002,0.06006078927771173,3.5052440447701446e-05,13.25606396457075,16.888685346616167,nan,2.5354608867825292,nan
295.55,185.83023071289062,-224.8867645263672,-45.414390563964844,185.6109644665823,-224.58058405402485,-45.423452546990404,0.37670451012733863,0.340173928744447,0.060053474109703034,3.573601286738718e-05,12.745085781427408,16.47817882516239,6.164429330708545,nan,nan
295.56,185.83871459960938,-224.89198303222656,-45.416500091552734,185.61948625604853,-224.585633337096,-45.42500668136489,0.37680706521674023,0.34022057509756054,0.060076672545406676,3.503589818682053e-05,12.490187581078526,16.418754000177607,nan,0.3461456460371052,nan
295.57,185.84719848632812,-224.89724731445312,-45.4185791015625,185.62802018827162,-224.59073005011615,-45.427227629703054,0.3769174401836125,0.34026730861113935,0.060099937070398624,3.5740984619832654e-05,12.495992536133908,16.16988237194073,nan,nan,nan
295.58,185.85568237304688,-224.9025421142578,-45.42061996459961,185.63657656754668,-224.59588168567998,-45.43080595385067,0.37703014048806227,0.34031412872682854,0.06012326740020644,3.504083862885127e-05,13.341950126927173,17.25022255943638,nan,1.362669888225224,nan
295.59000000000003,185.86416625976562,-224.90786743164062,-45.42262268066406,185.64511199899218,-224.60105449154892,-45.432970907991624,0.37712867191389626,0.34036103627354425,0.06014666408888011,3.574629054817435e-05,13.353804437016684,17.43956685731818,nan,nan,nan
295.6,185.87265014648438,-224.91323852539062,-45.42458724975586,185.65294954815465,-224.60779229736806,-45.43416161067903,0.3763740420203492,0.3402956365761653,0.060139233283952744,3.502492141973879e-05,12.81127287803798,16.7225400996433,0.28507241931523314,0.6304977317249182,nan
295.61,185.8811492919922,-224.9186553955078,-45.426513671875,185.66148258585304,-224.6130451896151,-45.43624210408492,0.37649130418255006,0.3403423469717158,0.06016261661796326,3.572986532822657e-05,12.821013104216242,16.627059451973114,nan,nan,nan
295.62,185.88963317871094,-224.92410278320312,-45.428401947021484,185.66997902254482,-224.61830685415435,-45.43574346569427,0.37658066392244754,0.34038914391609726,0.060186065980540715,3.503043325471268e-05,11.688972849151678,15.48997575026349,nan,4.554469217686157,nan
295.63,185.8981170654297,-224.92958068847656,-45.43025207519531,185.67851345794807,-224.62363235651117,-45.43772469507796,0.37667753622861394,0.3404360281676552,0.06020958185462994,3.573574971158253e-05,11.690708179307586,15.64068036408253,nan,nan,nan
295.64,185.9066162109375,-224.93508911132812,-45.43206787109375,185.65319706122474,-224.66583963957672,-45.43795078188284,0.36979879950981515,0.33987410013354663,0.05951005191063301,3.5035438979679544e-05,9.357894692746301,13.558760636235307,nan,1.9904766223254604,1.879282588604444
295.65000000000003,185.91510009765625,-224.94064331054688,-45.43384552001953,185.65846088774657,-224.67284729655938,-45.43990157208457,0.37096504543860737,0.339807089869348,0.05950380268528354,3.5719078258390356e-05,9.117368411840875,13.117688299531151,1.5971266604616616,nan,nan
295.66,185.923583984375,-224.94622802734375,-45.435585021972656,185.66696416249906,-224.67829177193636,-45.43924650143541,0.3710215308755443,0.3398525918125643,0.059524164731771106,3.502032249622607e-05,8.449673941472348,12.623707307326336,nan,4.457118363367205,nan
295.67,185.9320831298828,-224.9518585205078,-45.437294006347656,185.67545435777149,-224.6838484855736,-45.44104607332955,0.3710819094316494,0.3398981793852837,0.05954458756363832,3.572549043756063e-05,8.437767506246981,12.374232613289383,nan,nan,nan
295.68,185.94056701660156,-224.95750427246094,-45.43896484375,185.6839354988182,-224.68949141832059,-45.44454236804217,0.37110879089761056,0.3399438526458864,0.059565068674485605,3.5026602373505636e-05,8.90755574628857,13.279509985556986,nan,2.1106786563287026,nan
295.69,185.94906616210938,-224.96319580078125,-45.44060516357422,185.69242678141296,-224.69511583162227,-45.446292884509724,0.3711643729642647,0.3399896118263915,0.05958561079240595,3.573214378283755e-05,8.901080667714568,13.037838991423467,nan,nan,nan
295.7,185.95755004882812,-224.9689178466797,-45.44221496582031,185.67585210474167,-224.69262580426394,-45.448453699542505,0.39462633744247194,0.3399226181222902,0.0595793004854732,3.50119307516014e-05,8.947531282033864,13.109478848735678,6.753219401519088,0.18527108986093008,nan
295.71,185.96604919433594,-224.97467041015625,-45.443790435791016,185.6842983108197,-224.6983073913824,-45.45014445642449,0.3947156597934505,0.33996818332086554,0.05959983974925089,3.571697057091201e-05,8.942033753681477,13.397983569728227,nan,nan,nan
295.72,185.97454833984375,-224.98045349121094,-45.44533157348633,185.6927530601259,-224.70398108081983,-45.4503969276689,0.3948053079578846,0.3400138341287136,0.05962043767912236,3.501861091269236e-05,8.520048696767049,13.089587373959752,nan,1.3973891153329443,nan
295.73,185.9830322265625,-224.98626708984375,-45.44684600830078,185.70120014044014,-224.709727137079,-45.452013074365176,0.39488019552128434,0.3400595707830619,0.059641096734814304,3.572402847366365e-05,8.510872098144604,12.849524706215643,nan,nan,nan
295.74,185.9915313720703,-224.99212646484375,-45.448326110839844,185.7096521481141,-224.7154837433875,-45.45283386338229,0.39497773616480014,0.34010539333462225,0.059661814806294136,3.5025485707070515e-05,8.320630933092893,12.54768348927013,nan,0.4136652690845073,nan
295.75,186.00003051757812,-224.9980010986328,-45.44977951049805,185.70557460313086,-224.71539245031815,-45.45426217225855,0.4081568667947141,0.34003841582775335,0.05965544273108233,3.570924049611716e-05,8.389409121052438,12.955739773990539,2.1090553504790166,nan,nan
295.76,186.00851440429688,-225.00390625,-45.45120620727539,185.71399164105136,-224.72127798641858,-45.4578790188196,0.40824860055941553,0.3400840442234989,0.05967615744140975,3.501134852827049e-05,9.074702048813739,13.397874645201105,nan,3.104658568912043,nan
295.77,186.0170135498047,-225.00985717773438,-45.45260238647461,185.7224211240569,-224.72713741007297,-45.4593913969092,0.40836412060460114,0.3401297583912121,0.059696933402406,3.571664117548838e-05,9.070520869173711,13.215113171342109,nan,nan,nan
295.78000000000003,186.0255126953125,-225.0158233642578,-45.4539680480957,185.73084307370823,-224.73306167391286,-45.46219962319282,0.4084753581940042,0.34017555837758096,0.05971776874812604,3.5018543293984856e-05,9.69084040019729,14.288223872740476,nan,1.2350560501851275,nan
295.79,186.0340118408203,-225.02182006835938,-45.4553108215332,185.7392731464553,-224.73898099097536,-45.46367116015327,0.40858137122643134,0.3402214444257503,0.059738665577524046,3.572421032955169e-05,9.688353024364309,14.173028750758286,nan,nan,nan
295.8,186.04249572753906,-225.02786254882812,-45.45662307739258,185.75450262205177,-224.73878988703223,-45.465086715617204,0.40813559729332105,0.3401544825861945,0.0597322273506986,3.642128494345253e-05,10.515945657027377,13.724833030546923,12.093661079644079,nan,nan
295.81,186.05099487304688,-225.03392028808594,-45.45791244506836,185.76296274679478,-224.74473804481468,-45.466506251263645,0.40824346789828536,0.3402001743020174,0.05975312016838546,3.715484017556385e-05,10.514191455489739,14.192712475532309,nan,nan,nan
295.82,186.0594940185547,-225.04000854492188,-45.45917510986328,185.7714263077515,-224.75070140935185,-45.46735104494782,0.4083484671375944,0.3402459517537308,0.05977407265537235,3.6371244301505086e-05,10.34186345432457,13.995649624376181,nan,0.19745855768633724,nan
295.83,186.0679931640625,-225.04611206054688,-45.460411071777344,185.7798867634553,-224.7567066056511,-45.468715895586186,0.4084480205519079,0.3402918151953609,0.05979508683197731,3.7103466890633773e-05,10.339162155052403,14.349938062336767,nan,nan,nan
295.84000000000003,186.0764923095703,-225.05224609375,-45.46162414550781,185.78835621462403,-224.76270102412178,-45.468602582672105,0.40854308847679505,0.3403377646615989,0.0598161610226034,3.632269543806551e-05,9.79798449070563,13.510124717402794,nan,1.3840337230526731,nan
295.85,186.08499145507812,-225.05833435058594,-45.46281051635742,185.7803100129912,-224.75401696743248,-45.47004249138378,0.4306879987929952,0.3402708179733788,0.05980965346179678,3.7030026835270154e-05,10.666296035920942,13.839863400717903,11.371062634949444,nan,nan
295.86,186.09349060058594,-225.06434631347656,-45.46397399902344,185.78876085480397,-224.75991893212424,-45.47120003765613,0.43079979586311273,0.3403165729237479,0.05983072308554556,3.625301043231459e-05,10.668545410564375,13.6406083397507,nan,0.01025687989030133,nan
295.87,186.10198974609375,-225.0702362060547,-45.46511459350586,185.79721114083438,-224.76573067942326,-45.472458762085445,0.43089157660026095,0.34036241378661813,0.05985185452755758,3.698185922670743e-05,10.65823213712862,14.094626181395409,nan,nan,nan
295.88,186.1104736328125,-225.07603454589844,-45.46623611450195,185.80566014234586,-224.77144332976616,-45.47395523282387,0.4309833612833183,0.3404083405957948,0.059873046333096536,3.6207541678616845e-05,10.818907993264014,13.616063536606118,nan,0.04445690144086173,nan
295.89,186.1189727783203,-225.0817108154297,-45.46733093261719,185.8141111867582,-224.7770406659666,-45.475172996765245,0.43107538546493557,0.34045435360655163,0.05989430019545101,3.693526937420151e-05,10.810030626435774,14.131222149083625,nan,nan,nan
295.90000000000003,186.12747192382812,-225.0872802734375,-45.468406677246094,185.845122247385,-224.79387962959234,-45.47451055353816,0.40723768845979513,0.34038742146824186,0.05988771937282509,3.6141140966520376e-05,9.91041050786364,13.124053045415492,5.025281143486898,2.175822536334844,nan
295.91,186.13597106933594,-225.09274291992188,-45.469459533691406,185.85360746128998,-224.7992797671641,-45.475667752868624,0.4072939616058779,0.3404332397755095,0.059908967983128364,3.686690171203317e-05,9.897335119898216,13.064496008867781,nan,nan,nan
295.92,186.1444854736328,-225.09808349609375,-45.470489501953125,185.8620797609076,-224.80461892653202,-45.47907500325316,0.407367341597811,0.340479143950546,0.0599302772924237,3.609875257641121e-05,10.864476153885203,14.580262907910413,nan,3.416804389580831,nan
295.93,186.15298461914062,-225.10333251953125,-45.471500396728516,185.87056670471353,-224.80980262147307,-45.48021485394457,0.40742560205265677,0.34052513424846925,0.059951648798792403,3.6823530422837146e-05,10.857679802789521,13.99135609416702,nan,nan,nan
295.94,186.16148376464844,-225.1084747314453,-45.47249221801758,185.87904681492907,-224.8149073129059,-45.48260980072129,0.4074982518667405,0.34057121070337487,0.05997308133680714,3.6057874851695716e-05,11.607027661174845,14.77530448599654,nan,1.079538357900121,nan
295.95,186.16998291015625,-225.11351013183594,-45.47346496582031,185.9149823012252,-224.834825711782,-45.483760043822464,0.3778839837398214,0.3405042926510365,0.0599664254772546,3.675855729466879e-05,11.241524632648067,14.729882232938852,8.11319846900092,nan,nan
295.96,186.17848205566406,-225.1184539794922,-45.47441482543945,185.92351077107497,-224.83973043423853,-45.484747891844975,0.37789408953451176,0.3405501742099312,0.05998785216133329,3.599628330538983e-05,11.297461666939288,14.609331323430348,nan,0.007782241709820738,nan
295.97,186.18699645996094,-225.123291015625,-45.47534942626953,185.93203969104607,-224.8445379866927,-45.485824394154136,0.37790994973223924,0.34059614181198683,0.06000934118858175,3.6718372703074454e-05,11.291498417657854,14.896819651717042,nan,nan,nan
295.98,186.19549560546875,-225.12803649902344,-45.47626495361328,185.94056594477837,-224.849259795336,-45.48748933965261,0.3779306408066266,0.3406421954923903,0.060030891565264775,3.5958455096100104e-05,11.780040844261638,15.108622900078961,nan,0.24557979201749494,nan
295.99,186.20401000976562,-225.1326904296875,-45.4771614074707,185.94909686457092,-224.85387460931116,-45.48853676511206,0.37795287013946083,0.3406883355045784,0.060052504534922335,3.6679744340087524e-05,11.777205745954442,15.18188140981272,nan,nan,nan
296.0,186.21250915527344,-225.13723754882812,-45.4780387878418,185.9455861179183,-224.85653022690298,-45.48864106012642,0.387500860167914,0.3406214308261373,0.06004576916161793,3.590004683401436e-05,11.11179938892097,14.90729382243533,3.5348094229001252,0.4040646411218306,nan
296.01,186.2210235595703,-225.14170837402344,-45.47890090942383,185.95409347350247,-224.86096302341278,-45.48964406907047,0.38753714430604164,0.34066737574447115,0.06006737556840188,3.661969278531853e-05,11.10566953915859,14.631813193783186,nan,nan,nan
296.02,186.2295379638672,-225.14608764648438,-45.47974395751953,185.96260396215362,-224.86530053271278,-45.49032812985318,0.3875657224716715,0.34071340666219785,0.06008904363004213,3.586521376164173e-05,11.050680348352737,14.654851638904324,nan,0.06147066086367279,nan
296.03000000000003,186.238037109375,-225.15037536621094,-45.48057174682617,185.97111383796027,-224.8695553272814,-45.49129560146516,0.3875860267675323,0.34075952383083496,0.060110774439951165,3.658417808682444e-05,11.0442352113614,14.560502151301996,nan,nan,nan
296.04,186.24655151367188,-225.15457153320312,-45.481380462646484,185.97962269272966,-224.873730233324,-45.49261841421146,0.387619817247218,0.34080572728847053,0.06013256722718552,3.5831839693722814e-05,11.398037920396709,15.275672383355134,nan,0.09260231026850874,nan
296.05,186.25506591796875,-225.15869140625,-45.482177734375,186.01532963422216,-224.88714599403252,-45.49360288614822,0.36240989326179923,0.3407388354623962,0.0601257501048192,3.6527351068115914e-05,11.549834065200715,15.051429626766723,7.187438653804913,nan,nan
296.06,186.26358032226562,-225.16273498535156,-45.48295593261719,186.0238926223481,-224.89115544975124,-45.494316500186365,0.36240129710604213,0.3407848436244847,0.06014753568042822,3.577801077773338e-05,11.557878619046134,14.936955058910096,nan,0.030510721419379265,nan
296.07,186.27210998535156,-225.16668701171875,-45.48371887207031,186.03245559648826,-224.8950872196579,-45.49522570366502,0.3623990622535917,0.34083093795567104,0.06016938416385567,3.64948710443279e-05,11.551652691316564,15.356286004265652,nan,nan,nan
296.08,186.28062438964844,-225.17056274414062,-45.484466552734375,186.04103685356415,-224.89889335951315,-45.4932472324419,0.36233070850665544,0.34087711849667107,0.06019129491470051,3.5747532002152375e-05,10.054281770646314,13.62692067022243,nan,5.582674392975135,nan
296.09000000000003,186.2891387939453,-225.17437744140625,-45.485198974609375,186.04960250412728,-224.90266725886903,-45.494099348396944,0.3623303383485252,0.3409233854950453,0.06021326883259778,3.64638645199128e-05,10.045538643290893,13.18964649007179,nan,nan,nan
296.1,186.29766845703125,-225.1781005859375,-45.48591613769531,186.02941255669887,-224.88537647709143,-45.49750507480176,0.3972190018442211,0.3408565057610458,0.060206365830594015,3.569667774111631e-05,12.51559625873934,15.578875225242705,16.36572302589111,4.525623154063922,nan
296.11,186.30618286132812,-225.181884765625,-45.486724853515625,186.03795059483986,-224.8890104706864,-45.49840807742121,0.39731649744510156,0.3409025772562042,0.0602283318031976,3.6411638997650855e-05,12.483764506469436,15.266486377001051,nan,nan,nan
296.12,186.31471252441406,-225.1857147216797,-45.48762512207031,186.04648226938752,-224.89272026077916,-45.5007369646877,0.39744829128682496,0.3409487348815817,0.06025036032248214,3.566900272433749e-05,13.535252207856818,16.688740103391595,nan,1.2100612033356688,nan
296.13,186.3232421875,-225.18960571289062,-45.48861312866211,186.0550232600363,-224.89646583920742,-45.50183472277954,0.39755149244315946,0.34099497888151276,0.06027245217534584,3.638353563775363e-05,13.50093564885644,16.512313086602372,nan,nan,nan
296.14,186.33175659179688,-225.1935577392578,-45.489688873291016,186.06357380775083,-224.90024625186075,-45.50162390905123,0.39761297687118247,0.34104130930154997,0.060294606888918044,3.564268651511231e-05,12.674851750578515,15.371047511966026,nan,1.3292600236294676,nan
296.15000000000003,186.3402862548828,-225.1975555419922,-45.490848541259766,186.07654155145218,-224.90263897239396,-45.50294256871891,0.3958324356485726,0.3409744410806589,0.06028761542132635,3.6334274614368654e-05,12.998455755216849,15.869908700149189,1.5547653989243266,nan,nan
296.16,186.34881591796875,-225.2016143798828,-45.492095947265625,186.08510625093967,-224.90652323290715,-45.503214213500925,0.3959105825209507,0.3410205757867865,0.06030976149714677,3.5596049253191894e-05,12.427726339517429,15.086678133773855,nan,0.7930593168727081,nan
296.17,186.3573455810547,-225.20571899414062,-45.493431091308594,186.09366581990702,-224.91047500493335,-45.504639751634706,0.39600715103167866,0.34106679678380386,0.06033197107589528,3.630896478836846e-05,12.396601384034323,15.18085892650521,nan,nan,nan
296.18,186.3658905029297,-225.20986938476562,-45.49484634399414,186.1022209326838,-224.9144918203564,-45.50712222472078,0.39613160070561615,0.3411131041209715,0.06035424378142277,3.5572391759784665e-05,13.153191992754786,16.284816276871645,nan,0.6450093686283072,nan
296.19,186.37442016601562,-225.21408081054688,-45.49634552001953,186.11078274324697,-224.91854756114185,-45.508726702056414,0.3962295873059215,0.34115949803706697,0.060376580256869414,3.628500533659029e-05,13.123381826751489,15.846822782253307,nan,nan,nan
296.2,186.38294982910156,-225.2183380126953,-45.4979248046875,186.13978728117303,-224.93446871416248,-45.50865491221299,0.3739317298279583,0.3410926405279747,0.060369496453959864,3.5528451895341747e-05,11.787444134253457,14.87637301053296,4.837066738362618,2.1979673455543907,nan
296.21,186.3914794921875,-225.22265625,-45.49958419799805,186.1483786339273,-224.93865198546067,-45.51040801342473,0.3739967975046855,0.34113883851307863,0.06039182353251566,3.6239917641938446e-05,11.761611598352648,14.595625207824686,nan,nan,nan
296.22,186.4000244140625,-225.22702026367188,-45.50132751464844,186.15697357826528,-224.9428791398806,-45.51175225616347,0.37405689707148776,0.3411851227578829,0.0604142139944767,3.550733865771824e-05,11.570694825291781,14.57208460158621,nan,0.1648873816988015,nan
296.23,186.40855407714844,-225.23141479492188,-45.50314712524414,186.16556668976517,-224.9471612420881,-45.513662639672646,0.3741036337295659,0.3412314934970785,0.06043666840068712,3.621858404499303e-05,11.543200215117592,14.921470474581954,nan,nan,nan
296.24,186.41709899902344,-225.2358856201172,-45.50504684448242,186.17415973096084,-224.95149365851134,-45.51581409872465,0.3741847265144994,0.34127795078603734,0.06045918649746642,3.548745348946737e-05,11.739208653352478,14.516651139197142,nan,0.017907190375439103,nan
296.25,186.42562866210938,-225.24038696289062,-45.50701904296875,186.1834040976486,-224.9605832727206,-45.51793607014792,0.37024589956324566,0.3412111033535956,0.06045200751399513,3.6176147189917177e-05,11.37425757926723,14.766010247647197,2.170644641616418,nan,nan
296.26,186.43417358398438,-225.24493408203125,-45.509071350097656,186.19199938815288,-224.9650117177803,-45.51883658414733,0.3702704834719047,0.3412573644920563,0.060474515480687184,3.544728842975835e-05,10.750104061175314,14.25611348838015,nan,1.0718235779035203,nan
296.27,186.4427032470703,-225.24952697753906,-45.51116180419922,186.20058846656556,-224.9695005180479,-45.521030808247616,0.37031308671841623,0.3413037120396174,0.060497087567510835,3.615731241368732e-05,10.734275307671144,14.121094559419674,nan,nan,nan
296.28000000000003,186.4512481689453,-225.25418090820312,-45.513248443603516,186.20917808803367,-224.97403535953316,-45.52323531921674,0.3703770918897112,0.341350146056011,0.060519723590243206,3.54297764583137e-05,10.837138877108998,13.987655358134496,nan,5.091405560221139e-05,nan
296.29,186.4597930908203,-225.2588653564453,-45.515316009521484,186.21776808157784,-224.978615892429,-45.5254374279593,0.37042989929465153,0.34139666676940555,0.060542424006354706,3.613968126941875e-05,10.83693364252467,14.338863059722824,nan,nan,nan
296.3,186.46832275390625,-225.2635955810547,-45.51734924316406,186.23244718275845,-224.9788887118058,-45.52690108607826,0.3698466224867509,0.34132982857735394,0.06053514616500294,3.539199411838776e-05,11.167882448540652,14.17668967604146,5.549767055417758,0.4540438756536031,nan
296.31,186.47686767578125,-225.26837158203125,-45.519351959228516,186.24106011591695,-224.98353865437377,-45.52903888375892,0.36990382327564736,0.34137615291416906,0.06055783566591719,3.610093037363989e-05,11.170451173499794,14.186054104151841,nan,nan,nan
296.32,186.48541259765625,-225.27320861816406,-45.52131271362305,186.24968148466903,-224.98821885409177,-45.52966459903856,0.369943343292146,0.34142256363831897,0.06058058933985888,3.537672927656963e-05,10.525669376562723,13.192487809785193,nan,1.5066200254450868,nan
296.33,186.49395751953125,-225.27806091308594,-45.52323532104492,186.25829569096334,-224.9929565938135,-45.531716137758835,0.3699903979347492,0.34146906097342705,0.06060340758628547,3.608561192946361e-05,10.527362435509437,13.902957704946843,nan,nan,nan
296.34000000000003,186.50250244140625,-225.28297424316406,-45.525123596191406,186.2669187795906,-224.99772280251548,-45.532092659999286,0.37002245061200506,0.34151564498601594,0.060626290307438116,3.536254560070312e-05,9.889535655690137,12.759410300886278,nan,1.8561869934738855,nan
296.35,186.5110321044922,-225.28793334960938,-45.526973724365234,186.27099967053874,-225.00279972873062,-45.53416897178234,0.37278482089596504,0.34144881534529226,0.06061891057865378,3.604917331565553e-05,9.778030949670022,12.556257644867635,1.2188357910207022,nan,nan
296.36,186.5195770263672,-225.2929229736328,-45.528785705566406,186.2795910411892,-225.0076910355928,-45.53867116858268,0.3728917456031255,0.3414952027531938,0.06064178161344152,3.532805772935768e-05,11.089148543669198,14.292111629863323,nan,4.588242127379462,nan
296.37,186.5281219482422,-225.29795837402344,-45.53055953979492,186.2881959601428,-225.01260218768988,-45.54059014745421,0.37295206921844665,0.34154167668533264,0.06066471740026818,3.603603350320128e-05,11.096504776383771,14.214146639225405,nan,nan,nan
296.38,186.5366668701172,-225.3030242919922,-45.53230285644531,186.29681212375553,-225.0175368600001,-45.540279901631074,0.3729571107078563,0.3415882372128737,0.06068771788932404,3.531593918599862e-05,10.086920534371675,13.403231880628681,nan,3.33875615444884,nan
296.39,186.5452117919922,-225.30813598632812,-45.53400802612305,186.30541747615553,-225.02252956382463,-45.542108424164624,0.373012009097894,0.3416348845525015,0.06071078340860233,3.602394016626885e-05,10.087671568670608,13.312869230437427,nan,nan,nan
296.40000000000003,186.5537567138672,-225.31329345703125,-45.535682678222656,186.30721221944066,-225.0211688103291,-45.54405899036076,0.38234952536641603,0.3415680625969201,0.060703298254071586,3.5283506276095944e-05,10.58071441017307,13.392316498024913,1.6950009212556885,0.007763218453640156,nan
296.41,186.5623016357422,-225.31849670410156,-45.53731918334961,186.31581285106526,-225.0262239041569,-45.54582376733613,0.38242965171098997,0.3416145130971867,0.06072635127564342,3.599067903553983e-05,10.584418661375995,13.310871864909917,nan,nan,nan
296.42,186.5708465576172,-225.32373046875,-45.53892517089844,186.32441798486718,-225.0313121021606,-45.546693378227964,0.3824864541804496,0.3416610501101512,0.060749469219788424,3.527332394292195e-05,10.267448459219494,13.168246387900155,nan,0.5176806617751707,nan
296.43,186.5793914794922,-225.32899475097656,-45.54050064086914,186.33301923620664,-225.03644524188311,-45.548386101813556,0.3825528434434605,0.3417076738478312,0.0607726523754155,3.5980573466747584e-05,10.266019653094212,13.350197614561113,nan,nan,nan
296.44,186.5879364013672,-225.3343048095703,-45.54204177856445,186.34160751637756,-225.04163522646468,-45.55283743613608,0.3826877979213094,0.3417543843883615,0.060795900751066126,3.52640708762339e-05,11.824680610380405,14.753744851634073,nan,5.410592879157156,nan
296.45,186.5964813232422,-225.33966064453125,-45.543556213378906,186.36727044014933,-225.05784312300062,-45.55447000407634,0.3634251713864384,0.3416875693780759,0.06078830701749009,3.594928316652282e-05,11.463850862876198,14.391514644938837,3.9472632195362496,nan,nan
296.46,186.6050262451172,-225.3450469970703,-45.54503631591797,186.37588998585787,-225.06312033760065,-45.55690823704507,0.36349279104037957,0.3417340828427727,0.060811542088861026,3.523444602205819e-05,12.132288249100712,15.279464018127678,nan,0.4556913979211307,nan
296.47,186.6135711669922,-225.3504638671875,-45.54648971557617,186.38451327463363,-225.0684295525071,-45.55851675592608,0.36353201015669223,0.3417806829441986,0.06083484255248229,3.594103212559094e-05,12.137854307866451,15.417572763488794,nan,nan,nan
296.48,186.6221160888672,-225.3559112548828,-45.54791259765625,186.39313647987873,-225.07377540296736,-45.56009694644176,0.3635667182566247,0.34182736979544937,0.060858208497160914,3.6661934420019686e-05,12.143175393782222,15.595869453848083,nan,nan,nan
296.49,186.6306610107422,-225.3614044189453,-45.54930877685547,186.40175973816972,-225.07915723099387,-45.56164958998517,0.36360908041534845,0.34187414354102513,0.0608816400673971,3.7397297405544434e-05,12.14758551451622,15.31619177948304,nan,nan,nan
296.5,186.6392059326172,-225.366943359375,-45.55067443847656,186.42950034003272,-225.08680543813955,-45.56324087933295,0.350159400717902,0.34180733458171564,0.06087393431146399,3.657322711556076e-05,12.839770810112412,15.574366699929902,6.352551361820984,0.011271214770440371,nan
296.51,186.6477508544922,-225.37249755859375,-45.55201721191406,186.43816432144126,-225.09225141992997,-45.56473999718819,0.35018035686971194,0.3418539110085816,0.06089735173980345,3.730607873894848e-05,12.842101547916906,16.02306867798028,nan,nan,nan
296.52,186.6562957763672,-225.3780975341797,-45.55332946777344,186.44682584614594,-225.09773486551734,-45.566759198818424,0.3502302604320598,0.3419005740687082,0.06092083480304492,3.650980533835096e-05,13.42526895205476,16.358714814027298,nan,0.1932675316492903,nan
296.53000000000003,186.6648406982422,-225.38372802734375,-45.55461502075195,186.45548974815583,-225.10325001461993,-45.56821199715504,0.3502579245225874,0.34194732396706345,0.060944383724894684,3.724117254379224e-05,13.431434584344151,16.46614237839915,nan,nan,nan
296.54,186.6733856201172,-225.389404296875,-45.555877685546875,186.4641601192586,-225.10879181590357,-45.56809145778991,0.3502397049434487,0.34199416078895006,0.06096799857627616,3.644867412889947e-05,12.542696356972602,15.251903532974406,nan,1.558440401695812,nan
296.55,186.6819305419922,-225.3950958251953,-45.55711364746094,186.46388936488938,-225.11399622145677,-45.56946570559826,0.3559656099605247,0.34192735709850064,0.06096017757630315,3.715508119311398e-05,12.296030360948404,15.574381972166618,1.6806871975555293,nan,nan
296.56,186.6904754638672,-225.4008331298828,-45.55832290649414,186.47253743474477,-225.1196121326451,-45.569719687884785,0.3559664597278852,0.34197399635726455,0.06098377744654083,3.636724085480482e-05,11.743337130931039,14.708304877707965,nan,0.8044454374031115,nan
296.57,186.6990203857422,-225.40652465820312,-45.559513092041016,186.48118078348702,-225.12523377487497,-45.571049040503205,0.3559659133416362,0.3420207223648026,0.06100744335455713,3.709498734215414e-05,11.73762429488347,15.043378696916418,nan,nan,nan
296.58,186.7075653076172,-225.4121551513672,-45.56067657470703,186.4898321613513,-225.13079623805157,-45.57039747902376,0.3559003470997463,0.3420675352114321,0.06103117539172164,3.631069437804691e-05,10.730120029963786,13.78298630001212,nan,2.511142422155035,nan
296.59000000000003,186.71609497070312,-225.41769409179688,-45.56181716918945,186.49847523553422,-225.13628511547648,-45.571662102090635,0.35587397178285796,0.3421144350946267,0.061054973751169375,3.70372189377649e-05,10.721873852031976,13.690749142371882,nan,nan,nan
296.6,186.72463989257812,-225.4231414794922,-45.56293487548828,186.5031748925841,-225.13185365000004,-45.57369366029424,0.3660752617742722,0.342047635754702,0.06104703413138284,3.62339960238067e-05,11.99494558981554,14.433969097473314,6.4656647117816695,0.2824603104198049,nan
296.61,186.73318481445312,-225.42848205566406,-45.564029693603516,186.51182432218744,-225.13711500310797,-45.574924188745115,0.3660791128645909,0.3420943378239273,0.06107081664565915,3.695847088046073e-05,11.989140179710528,14.52979061833524,nan,nan,nan
296.62,186.74172973632812,-225.43370056152344,-45.565101623535156,186.52047038376972,-225.1422761896173,-45.57702408051539,0.3660956304244863,0.3421411266470634,0.06109466548306756,3.61819041382483e-05,12.682059602902239,15.689414278009199,nan,0.5229469448367997,nan
296.63,186.75027465820312,-225.4388427734375,-45.56615447998047,186.5291202118727,-225.14733131805332,-45.57822196569937,0.3661063260358837,0.3421880024168646,0.061118580821507014,3.690532351002488e-05,12.677397110078845,15.027449547595042,nan,nan,nan
296.64,186.75881958007812,-225.44386291503906,-45.56718826293945,186.4386409821557,-225.153599084471,-45.57785924124549,0.4322976933568044,0.33471091338445497,0.06114123021875397,3.613148578798292e-05,10.743002798274237,13.56584473124338,nan,1.5195851311328237,1.3061835643607669
296.65000000000003,186.76736450195312,-225.44879150390625,-45.568199157714844,186.41699140972094,-225.14705775051561,-45.57901255430091,0.46251647672409973,0.3346368988047371,0.0611332330668931,3.6830829713047804e-05,10.714072623887528,13.316513981691322,9.286470160272282,nan,nan
296.66,186.7759246826172,-225.45362854003906,-45.56918716430664,186.4255828477278,-225.15185738348183,-45.57960461891314,0.462508114052096,0.3346785126254672,0.06115706702744983,3.606154629792128e-05,10.524168455380519,13.133659834788892,nan,0.18743747501301078,nan
296.67,186.7844696044922,-225.45835876464844,-45.570159912109375,186.4341454719429,-225.15656164157528,-45.580703511886064,0.4625145066242655,0.33472021613777947,0.061180961208539594,3.6782161649758684e-05,10.512305144236594,13.193489557826725,nan,nan,nan
296.68,186.7930145263672,-225.46299743652344,-45.571109771728516,186.4427271787001,-225.1611695534599,-45.58144599473802,0.4625020372240156,0.33476200041597537,0.06120491572295361,3.6015862809700395e-05,10.432021927779646,13.071636682147194,nan,0.07602564136526509,nan
296.69,186.8015594482422,-225.46754455566406,-45.572044372558594,186.45129139788963,-225.16568505903393,-45.58250494620726,0.4625108500399028,0.3348038745118591,0.06122893074445113,3.673564088989617e-05,10.420183754029072,13.006020397807099,nan,nan,nan
296.7,186.8101043701172,-225.4720001220703,-45.57295608520508,186.46016523373797,-225.1691080338322,-45.582889895607344,0.4629251525637655,0.33473001259037344,0.06122082196156562,3.59502464046028e-05,10.276673613475003,12.822110303410913,0.7602254884297419,0.19573028644481885,nan
296.71,186.8186492919922,-225.4763641357422,-45.5738525390625,186.468734971401,-225.17343840268413,-45.58390600684556,0.4629309923930531,0.3347717127328052,0.06124481700860833,3.666835727235195e-05,10.264183955053422,12.844724277788643,nan,nan,nan
296.72,186.82720947265625,-225.48065185546875,-45.574729919433594,186.4774159012515,-225.17767524747148,-45.58280834222681,0.46283434239956955,0.3348134938905203,0.061268872637348606,3.590863849834124e-05,9.301858663233627,11.774563770848271,nan,2.9462131264374656,nan
296.73,186.83575439453125,-225.48484802246094,-45.575592041015625,186.48598737363065,-225.18183125602945,-45.58377006601062,0.4628423162817892,0.33485536447806785,0.06129298901236294,3.662604945582573e-05,9.287269665303914,11.752303028403388,nan,nan,nan
296.74,186.8443145751953,-225.48895263671875,-45.57643508911133,186.49457514078242,-225.1859019898685,-45.58442013177465,0.4628402828688698,0.334897316524361,0.06131716625980593,3.586898969473818e-05,9.21457877745038,12.004579633027168,nan,0.058524812058593945,nan
296.75,186.8528594970703,-225.49298095703125,-45.57726287841797,186.49294649434148,-225.18716373388682,-45.585327443003216,0.47236276388703996,0.33482361485429124,0.061308943135646145,3.656303640933886e-05,9.094178281639097,11.68254503370733,1.605145389847288,nan,nan
296.76,186.86141967773438,-225.49693298339844,-45.57807159423828,186.5015709875085,-225.19106670523288,-45.584822287473195,0.47232492188669906,0.33486539297286866,0.06133309977078979,3.580945685432714e-05,8.56482351365629,11.224241883635251,nan,1.3496284382092112,nan
296.77,186.86996459960938,-225.5008087158203,-45.57886505126953,186.51012466877592,-225.19489311831418,-45.58570299541249,0.47235144341884117,0.334907260144647,0.061357317388756466,3.6524754456311794e-05,8.55006124235484,10.996548179309992,nan,nan,nan
296.78000000000003,186.87852478027344,-225.5045928955078,-45.57964324951172,186.51859069425302,-225.19864476295737,-45.588346657510456,0.4724749256852126,0.334949209005676,0.061381596122337456,3.5773629307517e-05,9.3634477193753,12.282036848159802,nan,2.1350321994691313,nan
296.79,186.8870849609375,-225.50831604003906,-45.580406188964844,186.5271463309534,-225.20231660381148,-45.58921498848758,0.4725135630597916,0.334991247060771,0.06140593612646214,3.648840353351829e-05,9.350053631091493,11.916147035912457,nan,nan,nan
296.8,186.89564514160156,-225.511962890625,-45.581153869628906,186.5170061043899,-225.20033592493004,-45.589352725258976,0.49045500046636015,0.3349176967551602,0.06139759589900606,3.571794799575308e-05,8.94758516850299,11.727840685754627,4.87903508232707,0.2825166862788542,nan
296.81,186.90419006347656,-225.51553344726562,-45.581886291503906,186.52552576715888,-225.20385402362425,-45.590185031684186,0.49050951215625405,0.3349595605955132,0.061421914633181654,3.6431364526829746e-05,8.933663488383331,11.628081688023123,nan,nan,nan
296.82,186.91275024414062,-225.51902770996094,-45.582603454589844,186.53414106880518,-225.20729740576434,-45.589034553655615,0.49047125220330917,0.33500150634197584,0.061446294721616536,3.568575545978715e-05,8.179175305965568,11.16012099950544,nan,2.631892805535776,nan
296.83,186.9213104248047,-225.5224609375,-45.583309173583984,186.54266311458875,-225.21067300853915,-45.58982055083934,0.49053837384370413,0.3350435409242516,0.06147073631472228,3.6398759805846325e-05,8.16285130986712,10.913344202328274,nan,nan,nan
296.84000000000003,186.9298858642578,-225.5258331298828,-45.5839958190918,186.55132364790558,-225.21397595567942,-45.58767664338857,0.49048730586952866,0.3350856578401089,0.06149523955187408,3.565530457029252e-05,7.356131357703508,10.142338663083954,nan,5.784433358813746,nan
296.85,186.93844604492188,-225.5292510986328,-45.58477783203125,186.55084898038385,-225.2126463770139,-45.58843585997396,0.5004831818935745,0.33501226484419044,0.061486779473605875,3.634547981698402e-05,7.437437377222487,10.32093421845409,0.7454351240707084,nan,nan
296.86,186.94700622558594,-225.53273010253906,-45.58564758300781,186.55938658925703,-225.21599952738094,-45.58878515815625,0.500576751443331,0.3350542075382126,0.061511260769808944,3.5604984709865555e-05,7.328885242890117,10.198906665706296,nan,0.18808312180558645,nan
296.87,186.95556640625,-225.53627014160156,-45.58660888671875,186.5679012655441,-225.21941274082906,-45.58974492475355,0.5006922292959954,0.3350962387224274,0.06153580380184138,3.6316421334587915e-05,7.3065187934971885,10.117844516049274,nan,nan,nan
296.88,186.96414184570312,-225.5398712158203,-45.5876579284668,186.5763663519091,-225.22288568674088,-45.591918584331815,0.5008670606272461,0.3351383524362187,0.06156040871186915,3.557789436227013e-05,7.529014864074307,10.467518684711962,nan,0.8632828573282266,nan
296.89,186.9727020263672,-225.5435333251953,-45.58879089355469,186.58488330732254,-225.22641591959433,-45.593067497225896,0.5009841286063739,0.33518055479760606,0.061585075646242375,3.628905875172687e-05,7.506621858707838,10.219952621574846,nan,nan,nan
296.90000000000003,186.9812774658203,-225.5472412109375,-45.59001159667969,186.60690530262144,-225.2287993646355,-45.594188746408456,0.4915050097753643,0.3351073115313097,0.06157649294902039,3.553092977269215e-05,8.043806311982367,10.686521124743502,9.587418851691769,0.006681471428760888,nan
296.91,186.98983764648438,-225.551025390625,-45.59131622314453,186.61546732193455,-225.23243044944593,-45.59551079957724,0.491602960650046,0.33514933938419983,0.06160113725425042,3.6240982034153695e-05,8.02369414233635,10.110715618373105,nan,nan,nan
296.92,186.9984130859375,-225.55484008789062,-45.592708587646484,186.62395944723158,-225.23611836697788,-45.598551546740424,0.491765394362655,0.33519144994815187,0.06162584366718536,3.550700692668739e-05,8.482472338099713,11.246921645308625,nan,1.8288135527104468,nan
296.93,187.00698852539062,-225.55873107910156,-45.594181060791016,186.63252290973148,-225.23986123377276,-45.60005995832422,0.4918709556450824,0.33523364883389684,0.061650612332787826,3.6216875144906684e-05,8.459838583572026,10.793523097779723,nan,nan,nan
296.94,187.0155487060547,-225.5626678466797,-45.59573745727539,186.64106338784728,-225.24365906649803,-45.60221141616634,0.49198350331044133,0.335275930841081,0.061675443395257115,3.548459737356346e-05,8.671025149363864,11.034398919855365,nan,0.2148754694732041,nan
296.95,187.0241241455078,-225.566650390625,-45.59737014770508,186.62095137400593,-225.23309962111983,-45.603962701084804,0.5233047499097108,0.33520284177263676,0.06166673530985224,3.617203635931404e-05,8.973991061337939,11.66354312942906,7.432571809487661,nan,nan
296.96,187.03269958496094,-225.57069396972656,-45.59908676147461,186.62948847390345,-225.23697657633863,-45.60542684968567,0.5234373844581326,0.3352449492309325,0.06169154304040447,3.544225464080181e-05,8.890871020986909,11.379180242519114,nan,0.061533162004146706,nan
296.97,187.04127502441406,-225.57479858398438,-45.60088348388672,186.63801371316333,-225.2409063389503,-45.60726782739791,0.5235880788249628,0.33528714469839993,0.061716413248736106,3.615098394698886e-05,8.869219976792715,11.183909418746081,nan,nan,nan
296.98,187.0498504638672,-225.57894897460938,-45.60275650024414,186.64658048337384,-225.24488833230566,-45.60817011706245,0.5236912230986209,0.33532942344722166,0.06174134607932596,3.542273501424297e-05,8.553561406927216,11.030405271526137,nan,0.7148771262792297,nan
296.99,187.0584259033203,-225.58314514160156,-45.60470962524414,186.65510624126145,-225.24892175530593,-45.61015989179156,0.5238336827234703,0.33537179037985965,0.06176634167672409,3.613138841155803e-05,8.532346489384668,11.103612438608693,nan,nan,nan
297.0,187.06700134277344,-225.58738708496094,-45.60673904418945,186.6565986819056,-225.25449023138546,-45.61203579211938,0.5284682721852781,0.3352988490760332,0.061757505427094184,3.538325359650864e-05,8.14309294142325,11.138238489431423,3.5053266810278987,0.014950960081162624,nan
297.01,187.0755615234375,-225.59169006347656,-45.60880661010742,186.66510045542083,-225.25863488240495,-45.61416019589278,0.5286139450267983,0.33534104117477675,0.06178247697449904,3.6090985169752236e-05,8.128882508327418,10.735744016681817,nan,nan,nan
297.02,187.08413696289062,-225.59603881835938,-45.61087417602539,186.67368382744715,-225.26283027549104,-45.614202843333935,0.5286877996151127,0.3353833167001692,0.06180751136554609,3.5366433821781036e-05,7.631829453067428,10.499406246378706,nan,3.0557596661093203,nan
297.03000000000003,187.09271240234375,-225.60044860839844,-45.612918853759766,186.6821865622224,-225.26707376260154,-45.61631738891098,0.5288495090842199,0.3354256801168592,0.06183260874537164,3.6074157933877585e-05,7.6235650602071745,10.267874508243645,nan,nan,nan
297.04,187.10128784179688,-225.60488891601562,-45.61493682861328,186.69069652403982,-225.27136600369465,-45.61822680537966,0.5289929935336193,0.33546812735331716,0.061857769257615894,3.535090067411557e-05,7.592944234212538,10.574399899048116,nan,0.02250775779854715,nan
297.05,187.10986328125,-225.60939025878906,-45.61691665649414,186.6757268740598,-225.26703294491588,-45.62029951738781,0.5528963683714226,0.3353953369852776,0.061848802064991604,3.6036486022776324e-05,7.5737674944499345,10.588896975042392,5.554871323794704,nan,nan
297.06,187.11843872070312,-225.61392211914062,-45.61886215209961,186.6842039132334,-225.27140822972387,-45.62188503726234,0.5530685041623351,0.33543760931459815,0.06187393779401199,3.531531934853915e-05,7.4980568300332555,10.831430776146357,nan,0.13179279310065042,nan
297.07,187.12701416015625,-225.61851501464844,-45.62076950073242,186.69266520362126,-225.2758300236101,-45.62386587960518,0.5532644997540553,0.33547996925574664,0.06189913673039755,3.602223325063724e-05,7.48976588894867,10.529937402205825,nan,nan,nan
297.08,187.13558959960938,-225.62315368652344,-45.62263870239258,186.70112838786915,-225.28029811330495,-45.62575857617719,0.5534584195819914,0.33552241314068104,0.06192439901655528,3.530221807729959e-05,7.483613891897598,10.547592862546068,nan,0.0018533424177855002,nan
297.09000000000003,187.1441650390625,-225.62783813476562,-45.62446975708008,186.70958968272413,-225.28481187295566,-45.62766630666216,0.5536542012458436,0.3355649448291786,0.06194972479940946,3.6009205619271874e-05,7.475954158088828,10.563708750334769,nan,nan,nan
297.1,187.1527557373047,-225.63255310058594,-45.62626647949219,186.7397687726727,-225.3091349228851,-45.629621433597784,0.5245653499234537,0.33549230170985833,0.061940623882446984,3.6707513272227264e-05,6.595587951156074,10.788498243653471,14.973160770208919,nan,nan
297.11,187.1613311767578,-225.6373291015625,-45.62802505493164,186.74823669636982,-225.31378899231692,-45.631460040997496,0.5247256913349552,0.33553465820933087,0.061965924134841234,3.744237766036995e-05,6.587587464550959,10.170931626021623,nan,nan,nan
297.12,187.16990661621094,-225.6421356201172,-45.6297492980957,186.75670466351232,-225.31848723123883,-45.633267807448775,0.5248776173981603,0.33557709862513474,0.06199128795039414,3.663713016128017e-05,6.592875417870458,10.502706684303782,nan,7.89581910716867e-06,nan
297.13,187.17848205566406,-225.64700317382812,-45.63144302368164,186.7651728067375,-225.32322936806887,-45.63503836066161,0.5250399403779455,0.33561962672176543,0.06201671547801522,3.737037523449482e-05,6.5847100177877635,10.026489178508049,nan,nan,nan
297.14,187.1870574951172,-225.6519012451172,-45.63309860229492,186.77368424429415,-225.32801651832168,-45.63547444914567,0.5251517927187068,0.33566223912281073,0.062042206857365195,3.656936012103021e-05,6.376078650371918,10.187392128829847,nan,1.0934620935200208,nan
297.15000000000003,187.1956329345703,-225.65684509277344,-45.63472366333008,186.7918905354988,-225.33191562879307,-45.63719050763932,0.5182597482840438,0.3355897417792313,0.06203296943411295,3.727740560373494e-05,6.737646275291036,10.020133781772985,4.404231231797955,nan,nan
297.16,187.20420837402344,-225.6618194580078,-45.636314392089844,186.8003890203255,-225.33677607749033,-45.63883318185979,0.5183913713992182,0.3356321788959715,0.0620584345206496,3.648149625619558e-05,6.731017065194921,10.325335720068672,nan,0.00022010592159466731,nan
297.17,187.21278381347656,-225.66685485839844,-45.637874603271484,186.80888686198503,-225.34167812509946,-45.64046298021692,0.5185357798632194,0.33567470342352007,0.06208396353097568,3.721087187454237e-05,6.721396010938819,9.84447596315836,nan,nan,nan
297.18,187.2213592529297,-225.6719207763672,-45.639404296875,186.81741773355293,-225.34662306809577,-45.641018416506036,0.5186424157984244,0.3357173123657434,0.06210955660274979,3.641892527020101e-05,6.596328133213212,9.96276437443666,nan,0.7095618004098458,nan
297.19,187.2299346923828,-225.67701721191406,-45.64090347290039,186.825915683113,-225.3516070268796,-45.64257770038865,0.5187735068536121,0.33576000891698315,0.06213521388778464,3.714696802993067e-05,6.582953521635057,10.201347127813172,nan,nan,nan
297.2,187.23851013183594,-225.6821746826172,-45.64236831665039,186.8693321094658,-225.37146096025714,-45.644277817836354,0.48253401502768817,0.33568765438645987,0.06212583717279333,3.633639999835393e-05,6.5023562536057975,9.55402164376214,11.194869152098692,0.03998183308204167,nan
297.21,187.24708557128906,-225.68736267089844,-45.6438102722168,186.87788710830884,-225.37654989335053,-45.64578023454431,0.48261368454031245,0.33573017536148625,0.06215146738961467,3.706228608484953e-05,6.490270850083952,9.669222647464332,nan,nan,nan
297.22,187.2556610107422,-225.6925811767578,-45.64522171020508,186.8864569920943,-225.38167902165802,-45.64674893222039,0.4826738959572234,0.33577278084491974,0.06217716187392016,3.62788485058331e-05,6.432765586665523,9.868476762712708,nan,0.16784850822162586,nan
297.23,187.2642364501953,-225.69784545898438,-45.646602630615234,186.89501179348815,-225.386846161546,-45.6481907693711,0.48275245448613635,0.3358154736906747,0.06220292077968301,3.7003582119846085e-05,6.42010808998786,9.721505729688042,nan,nan,nan
297.24,187.27281188964844,-225.70315551757812,-45.64795684814453,186.9035902446438,-225.39205314132946,-45.64878924196947,0.48281466892274844,0.3358582514132418,0.062228744241430156,3.622370855741444e-05,6.355140485083585,9.466988630961943,nan,0.43873800309832456,nan
297.25,187.28138732910156,-225.70849609375,-45.64928436279297,186.90567479531933,-225.38787795836086,-45.65022591668325,0.4939198146513294,0.33578604099760945,0.06221922546394657,3.692420892298158e-05,6.889034124197302,9.798088609819157,4.808339975439916,nan,nan
297.26,187.2899627685547,-225.7138671875,-45.65058517456055,186.91422867151962,-225.39313208666044,-45.65185817012317,0.4940128916364609,0.3358286430159692,0.06224502106711648,3.614873626879469e-05,6.893450074564243,9.984082571340434,nan,0.050433592860481165,nan
297.27,187.2985382080078,-225.7192840576172,-45.65186309814453,186.92278998841388,-225.39842374964482,-45.653191682167694,0.4941050767758185,0.33587133216411974,0.062270881296355086,3.6870498483805765e-05,6.880785979521173,9.72195585384411,nan,nan,nan
297.28000000000003,187.30709838867188,-225.7247314453125,-45.65311050415039,186.93138857137632,-225.4037546818879,-45.653131647037206,0.49414972419076847,0.33591410626015805,0.062296806283972536,3.609833668524345e-05,6.817232877606552,9.742242791542209,nan,1.2422060577840284,nan
297.29,187.315673828125,-225.73019409179688,-45.654335021972656,186.93994967710773,-225.40910825689204,-45.65440268102975,0.49423147978647464,0.3359569677026988,0.062322796187161515,3.6819182098930235e-05,6.800439855991755,9.842084063395246,nan,nan,nan
297.3,187.32424926757812,-225.73561096191406,-45.65553665161133,186.9225349930589,-225.40353541507872,-45.65604293605747,0.5211993701861575,0.33588489728443705,0.062313132560464016,3.6028174953140924e-05,6.8730473966350445,9.951132432959962,6.082096006791838,0.10639042008143422,nan
297.31,187.33282470703125,-225.74095153808594,-45.65671157836914,186.93105253353772,-225.40879252866634,-45.65727107506034,0.5212972280464079,0.33592758273572637,0.06233909380239539,3.674727668882793e-05,6.85432660275491,9.992858609203378,nan,nan,nan
297.32,187.34140014648438,-225.74620056152344,-45.657867431640625,186.93956791135116,-225.41396573570742,-45.6585494208634,0.5213919732662293,0.3359703531917542,0.06236512000151362,3.5982308075132776e-05,6.838051977906132,9.924727457787492,nan,0.0035517327234643125,nan
297.33,187.3499755859375,-225.75135803222656,-45.65899658203125,186.9480849882611,-225.41904527523343,-45.65973336396007,0.521486686127932,0.33601321078162855,0.06239121131720622,3.670064083666177e-05,6.819463647604818,9.875161659755525,nan,nan,nan
297.34000000000003,187.35853576660156,-225.7564239501953,-45.66010284423828,186.95658250075624,-225.42402530467066,-45.66168076713453,0.5215915809433729,0.3360561537278083,0.0624173678785955,3.593861239228492e-05,6.854473851661184,9.589857043841388,nan,0.41254669870153665,nan
297.35,187.3671112060547,-225.76136779785156,-45.661190032958984,186.94600309164343,-225.40906929023802,-45.66284358361124,0.549043729332636,0.3359842237556621,0.06240755664572068,3.663346260551131e-05,7.840052239752782,10.654321371092161,14.758282558829906,nan,nan
297.36,187.3756866455078,-225.7662353515625,-45.662254333496094,186.95449648852434,-225.4138009036438,-45.664877278007936,0.5491976586416218,0.33602699055205343,0.06243368372873903,3.587518756591459e-05,7.938063653161968,10.368209506125622,nan,0.5506737665835163,nan
297.37,187.38426208496094,-225.77099609375,-45.66329574584961,186.9630118238961,-225.4184374588327,-45.665993872489445,0.5493238146934033,0.3360698442815742,0.06245987612571493,3.659128085555669e-05,7.925372598968773,10.59257722204374,nan,nan,nan
297.38,187.39283752441406,-225.77566528320312,-45.6643180847168,186.9715119193009,-225.42297692880464,-45.66774974617553,0.5494689410263814,0.3361127834049162,0.06248613396366344,3.58357143345175e-05,8.035533383158498,10.619581106925313,nan,0.2924532241648949,nan
297.39,187.4014129638672,-225.78024291992188,-45.665321350097656,186.9800276832201,-225.4274244047403,-45.668833327976074,0.5495987567212819,0.33615580969384257,0.06251245740503787,3.655122864056593e-05,8.025057156269083,10.564927857363164,nan,nan,nan
297.40000000000003,187.4099884033203,-225.78472900390625,-45.66630172729492,186.97293001975234,-225.41925483852634,-45.66874310728737,0.5697344614322155,0.3360840166386371,0.06250249578507204,3.577653184195474e-05,8.386714216031237,10.804092193685703,4.763312514599361,0.8158992036516624,nan
297.41,187.41854858398438,-225.78912353515625,-45.66726303100586,186.98143532092126,-225.4234904115093,-45.66977676019312,0.5698788508866853,0.33612686649321843,0.06252878891913843,3.649063513349137e-05,8.375016907705456,10.639009918434914,nan,nan,nan
297.42,187.4271240234375,-225.79342651367188,-45.66820526123047,186.98991272247625,-225.42763412634065,-45.67208836053439,0.5700639181512122,0.3361698017670475,0.06255514768593899,3.574106063579547e-05,8.604778408194486,11.121263997946905,nan,1.1371449395093902,nan
297.43,187.43569946289062,-225.79763793945312,-45.669132232666016,186.9984190031195,-225.43169451188567,-45.67309829211293,0.570214452907858,0.33621282402241465,0.06258157224989844,3.6454703868955525e-05,8.595057762083524,11.148580364703552,nan,nan,nan
297.44,187.44427490234375,-225.80178833007812,-45.67003631591797,187.00691044009534,-225.43566797786383,-45.67481589874786,0.5703986584445909,0.33625593203439696,0.06260806273516208,3.5707501191960894e-05,8.78603864058144,11.03037980501101,nan,0.35658589588628614,nan
297.45,187.45285034179688,-225.8058319091797,-45.67092514038086,187.01126987458164,-225.44635966185055,-45.675790347775006,0.5694183662904374,0.3361842756626105,0.06259794799006606,3.63982337111363e-05,8.123552456933211,11.211278101393928,7.378173245937265,nan,nan
297.46,187.46142578125,-225.809814453125,-45.67179489135742,187.01972652893002,-225.45019118147508,-45.677915248083934,0.5696179296499381,0.33622720705427406,0.06262440732533264,3.56542022122242e-05,8.505808480640608,11.238790705503378,nan,0.9143631605786254,nan
297.47,187.4700164794922,-225.81370544433594,-45.672645568847656,187.02820747071792,-225.45394591594197,-45.67887536297798,0.5697902498632798,0.3362702252533194,0.06265093264786316,3.6366190801787825e-05,8.503044791967001,11.71501747424552,nan,nan,nan
297.48,187.4785919189453,-225.81752014160156,-45.67348098754883,187.03667059815072,-225.45761969821737,-45.68075811099842,0.5699787184155864,0.33631332921812823,0.06267752408000578,3.5624323825311526e-05,8.90368184147605,11.829908165347137,nan,0.6002913086040874,nan
297.49,187.48716735839844,-225.82125854492188,-45.67430114746094,187.04515291384936,-225.46121926046888,-45.68169547961674,0.5701400982981998,0.3363565202359699,0.06270418178880602,3.633600217964554e-05,8.903302542857944,11.79355426183387,nan,nan,nan
297.5,187.49574279785156,-225.82493591308594,-45.675106048583984,187.07192288658194,-225.469191314697,-45.682625165318385,0.5533842007032266,0.3362849974637961,0.06269391114927136,3.5574690935347465e-05,9.187280966009439,11.473398367132413,4.580562118100813,0.0006461003297781936,nan
297.51,187.50433349609375,-225.82852172851562,-45.6758918762207,187.08044471676322,-225.47264436142967,-45.683531536771845,0.5535239489486332,0.33632801157710007,0.06272053685395014,3.6285220795007897e-05,9.187484997020086,12.054868214680864,nan,nan,nan
297.52,187.51290893554688,-225.83204650878906,-45.67666244506836,187.0889879956906,-225.47602808034256,-45.683296347954176,0.5536263119737492,0.33637111145517623,0.06274722885308916,3.554827220804023e-05,8.79938167268906,11.258560158414845,nan,0.8685517862217177,nan
297.53000000000003,187.521484375,-225.8354949951172,-45.67741775512695,187.09751145516833,-225.47933755872873,-45.68416234173554,0.5537568470853521,0.33641429822587104,0.06277398731533074,3.625858564858118e-05,8.798011555890607,11.357859443279596,nan,nan,nan
297.54,187.5300750732422,-225.83888244628906,-45.678157806396484,187.10602210813707,-225.48257518203752,-45.685789328735865,0.5539260094146845,0.3364575710869172,0.06280081236069153,3.5523501974775025e-05,9.165225127977534,11.757388267433834,nan,0.4116965497644963,nan
297.55,187.5386505126953,-225.84219360351562,-45.67888259887695,187.11474590225927,-225.47367781050835,-45.686599806601954,0.5617459957487753,0.33638618114320007,0.06279038311205445,3.6211330393373667e-05,10.14569610067375,12.151957790908563,13.086374014091982,nan,nan
297.56,187.5472412109375,-225.84544372558594,-45.679595947265625,187.1232839187028,-225.47674206590352,-45.688435767070466,0.5619242314633881,0.33642927688917224,0.06281717528618755,3.5478904427880246e-05,10.686725731489842,12.704030862242902,nan,0.6932703236307854,nan
297.57,187.5558319091797,-225.8486328125,-45.680294036865234,187.13183987622736,-225.47974390329432,-45.689263629059006,0.5620753729938059,0.33647245937538145,0.0628440341062518,3.618802052454417e-05,10.691010911804112,12.656567240312006,nan,nan,nan
297.58,187.5644073486328,-225.85174560546875,-45.68097686767578,187.14039165182686,-225.48268072554652,-45.690387100796286,0.5622159275734128,0.3365157279374426,0.06287095969088576,3.545727774398588e-05,10.948345975391264,12.987489926090142,nan,0.0655329920118048,nan
297.59000000000003,187.572998046875,-225.8549346923828,-45.6817512512207,187.14894930220828,-225.48561830073172,-45.69124451067845,0.562407376348088,0.3365590834962746,0.06289795221074868,3.616629266827574e-05,10.93169314333014,12.900807587581573,nan,nan,nan
297.6,187.5815887451172,-225.85818481445312,-45.682613372802734,187.17171894100233,-225.49501600679235,-45.6900204825341,0.5476675126912985,0.3364878236243694,0.0628873616012897,3.5415786332632057e-05,9.923216722318378,11.93958169918489,3.1828110828884477,3.8207694249130317,nan
297.61,187.59017944335938,-225.8614959716797,-45.68356704711914,187.18030093357783,-225.4980900151108,-45.691040322824485,0.547832211448238,0.3365310017823417,0.06291432037171642,3.612385526174745e-05,9.908780648790344,11.885192130886761,nan,nan,nan
297.62,187.59877014160156,-225.86485290527344,-45.684608459472656,187.18888973493665,-225.50122655907566,-45.691754028239814,0.5479754798984567,0.3365742659932804,0.06294134608474569,3.539708969363525e-05,9.792610978745742,12.06117141198546,nan,0.1080871986090812,nan
297.63,187.60736083984375,-225.8682861328125,-45.68573760986328,187.19747325271493,-225.5044226995156,-45.69294835885223,0.5481390581539284,0.336617617059714,0.06296843891218645,3.61051299034254e-05,9.778944011387575,11.764686957153954,nan,nan,nan
297.64,187.61595153808594,-225.8717803955078,-45.686954498291016,187.20605998067964,-225.50767963702043,-45.69405690930583,0.5482981811079349,0.33666105449507455,0.06299559897099041,3.5379785966815226e-05,9.753418505206502,11.693351478920047,nan,0.0207686886803265,nan
297.65000000000003,187.62454223632812,-225.87533569335938,-45.688255310058594,187.18229922415622,-225.4936741255221,-45.695373567905264,0.5842046762682246,0.33658992350694716,0.06298484431340154,3.606564943208153e-05,10.140710847449515,12.114374036558615,9.552285763658618,nan,nan
297.66,187.6331329345703,-225.87893676757812,-45.689640045166016,187.13360294835078,-225.5277099665566,-45.69496023933448,0.6106707601926558,0.3351142744768989,0.06257567012679216,3.5341737205069836e-05,7.378886953194818,9.551827120106609,nan,2.3020141948210697,2.15873242958501
297.67,187.6417236328125,-225.88259887695312,-45.691104888916016,187.14210434888835,-225.53119529607287,-45.69647758758936,0.6108459473675674,0.3351555144522622,0.06260039324519835,3.6048911626166616e-05,7.367454096757875,9.565716217468049,nan,nan,nan
297.68,187.65032958984375,-225.88632202148438,-45.69265365600586,187.15062700847366,-225.5347316056513,-45.697604928624955,0.6110180074548951,0.33519683681551665,0.0626251765638065,3.5327091561001825e-05,7.249203780130629,9.533334272478852,nan,0.15552498181248922,nan
297.69,187.65892028808594,-225.89010620117188,-45.69428634643555,187.15912942408238,-225.5383306012172,-45.69928404262201,0.6111971510339838,0.33523824718946255,0.06265002072629548,3.60343242951885e-05,7.237801944592572,9.224120423794409,nan,nan,nan
297.7,187.66751098632812,-225.89393615722656,-45.69599533081055,187.1935777115256,-225.5565672938896,-45.70132603277977,0.5817722194276831,0.3351610163275293,0.06264102936365604,3.529243214844335e-05,6.9791695612677485,9.30316640913911,7.296392505329112,0.01208985158465367,nan
297.71,187.67611694335938,-225.8978271484375,-45.69778823852539,187.20211134856578,-225.5603080066828,-45.70317185636048,0.5819187729292309,0.33520225403214476,0.0626658490930846,3.599887198011028e-05,6.9671277615967995,9.253503491648216,nan,nan,nan
297.72,187.68470764160156,-225.90176391601562,-45.69965744018555,187.21054909120346,-225.5641328746193,-45.70741921986877,0.5821351185539695,0.33524357432213125,0.062690729285291,3.5280216652824297e-05,7.857410105890264,10.19911312826076,nan,3.7447685213517263,nan
297.73,187.69329833984375,-225.90576171875,-45.701602935791016,187.21908336744656,-225.56798266056535,-45.70944690146996,0.5822680310573061,0.33528498228903136,0.06271567054373337,3.598676938988248e-05,7.847840935361377,10.099624109023061,nan,nan,nan
297.74,187.701904296875,-225.90982055664062,-45.7036247253418,187.22770600738863,-225.57185878453188,-45.70937204501585,0.582335993084845,0.33532647325831394,0.06274067256226037,3.526915405258824e-05,7.063131532851947,9.368375443793255,nan,3.306649044766153,nan
297.75,187.7104949951172,-225.91392517089844,-45.7056884765625,187.21914438250747,-225.5686793574709,-45.71167219028982,0.6005463354572754,0.3352494458549747,0.0627315603632057,3.5953746907951875e-05,7.1681964580861335,9.538697040154746,3.766185296283421,nan,nan
297.76,187.71908569335938,-225.91807556152344,-45.7077522277832,187.22766299051827,-225.57267176339602,-45.7135325980654,0.6006941562135475,0.33529076418235637,0.06275653731516678,3.5237965547504575e-05,7.108628751348492,9.578097092042322,nan,0.06612377709978814,nan
297.77,187.72769165039062,-225.9222869873047,-45.70979309082031,187.2361695076282,-225.5767193307399,-45.71568861773593,0.6008708507882946,0.3353321698703554,0.06278157555292986,3.594393049007186e-05,7.115823417169277,9.656017965617329,nan,nan,nan
297.78000000000003,187.7362823486328,-225.92654418945312,-45.71180725097656,187.24475994998923,-225.58079163477942,-45.71562974133196,0.6009606550051787,0.3353736587301366,0.06280667480844601,3.5229057632251135e-05,6.552069235084171,8.911900645796399,nan,3.343593668731003,nan
297.79,187.744873046875,-225.93084716796875,-45.713783264160156,187.25326648182076,-225.58494010675943,-45.71770813464517,0.6011190517752868,0.33541523512075966,0.06283183563084295,3.593519745554428e-05,6.554150210051913,9.066855338838362,nan,nan,nan
297.8,187.75347900390625,-225.93519592285156,-45.71572494506836,187.27593642844198,-225.5915996476035,-45.719024991482826,0.5883164132095382,0.335338405327418,0.06282259949135388,3.5199968432185016e-05,6.665332562808756,9.045638034511345,4.613942350401191,0.3460794209057134,nan
297.81,187.76206970214844,-225.93960571289062,-45.717628479003906,187.2844782948667,-225.5958451626925,-45.72102498874349,0.5884525507296935,0.33537980885557556,0.06284773457620171,3.5905426065365764e-05,6.666481652074058,8.712055188879107,nan,nan,nan
297.82,187.77066040039062,-225.94406127929688,-45.7194938659668,187.2930178619064,-225.6001401003716,-45.723056607134865,0.5885888760481605,0.335421295706733,0.0628729309318416,3.519303442501537e-05,6.694865315574261,8.806036221198116,nan,0.003228835547238158,nan
297.83,187.77926635742188,-225.9485626220703,-45.72132110595703,187.3015599738726,-225.60448210888444,-45.7249847425035,0.5887344143760626,0.33546286979824164,0.06289818907152324,3.5898707042675866e-05,6.696466111844092,9.027234509758598,nan,nan,nan
297.84000000000003,187.78785705566406,-225.95310974121094,-45.723114013671875,187.3100781445294,-225.60887906133433,-45.72755671130538,0.5888863952033495,0.3355045276074503,0.06292350877849683,3.518703539599178e-05,6.872215624989953,9.03311177985352,nan,0.3224223712873995,nan
297.85,187.7964630126953,-225.95770263671875,-45.72486877441406,187.3294438332532,-225.61631657579122,-45.729368254166076,0.5785080828133974,0.33542789809045864,0.06291414640653151,3.587089226882366e-05,6.967620186677915,9.212347601721042,1.8515097816276176,nan,nan
297.86,187.8050537109375,-225.96234130859375,-45.726593017578125,187.33800910705574,-225.62080153783705,-45.731194864714766,0.5786201292909504,0.3354693830254831,0.0629394397100485,3.516073948023306e-05,6.994284614163676,8.99792135472468,nan,5.063074036812017e-06,nan
297.87,187.8136444091797,-225.96702575683594,-45.72827911376953,187.3465742210632,-225.62533219356447,-45.73299038291711,0.5787324492935351,0.33551095492648103,0.0629647950120637,3.586600964274931e-05,6.999627146557315,9.09075321724043,nan,nan,nan
297.88,187.82225036621094,-225.9717559814453,-45.72993469238281,187.3551625468724,-225.62990074874017,-45.73405854894924,0.5788376605709857,0.3355526106704622,0.06299021212939067,3.515646842835837e-05,6.852837449269994,9.006386903909995,nan,0.33741110892216325,nan
297.89,187.83084106445312,-225.97653198242188,-45.7315559387207,187.36372779172007,-225.63452140217296,-45.735782106131,0.5789506948407309,0.3355943535721602,0.0630156915271422,3.586199619514606e-05,6.856030319417289,8.889069010409816,nan,nan,nan
297.90000000000003,187.8394317626953,-225.98135375976562,-45.7331428527832,187.39089161593853,-225.63954257742384,-45.73501640279646,0.5639385230822054,0.33551791944971315,0.06300619989283343,3.513184542042098e-05,7.0031128904883415,8.648733211494003,15.360764685795946,3.5103758807328207,nan
297.91,187.8480224609375,-225.9862060546875,-45.73469924926758,187.39951100237076,-225.64423952372357,-45.736651115364864,0.5640101475562583,0.3355594892599384,0.0630316521871152,3.583676859748836e-05,6.998449370228907,8.841328635351594,nan,nan,nan
297.92,187.85662841796875,-225.99111938476562,-45.73622512817383,187.40813910759408,-225.64897653526344,-45.73797003360202,0.5640987818465587,0.33560114302182903,0.06305716654007021,3.5129142561725305e-05,6.968727434299095,8.621750107811458,nan,0.05717627108248419,nan
297.93,187.86521911621094,-225.99606323242188,-45.73772048950195,187.41675803434643,-225.65375890813857,-45.73954208347733,0.5641745391053604,0.335642883690522,0.06308274338560249,3.583435193053152e-05,6.964053959357679,8.721092475022218,nan,nan,nan
297.94,187.87380981445312,-226.0010528564453,-45.73918533325195,187.42532393458382,-225.65860049775887,-45.74281781441995,0.5642928294170444,0.33568470868531836,0.06310838258539345,3.5127181853039806e-05,7.236760681783702,8.965975615695871,nan,2.104476681678913,nan
297.95,187.8824005126953,-226.00608825683594,-45.740623474121094,187.42333456116134,-225.66582446873053,-45.744439143845945,0.5714328943008788,0.3356084714812672,0.06309875930497677,3.5810666064527634e-05,6.758751842750037,8.689740523288359,8.910544614810888,nan,nan
297.96,187.89100646972656,-226.0111541748047,-45.74203109741211,187.4319137036762,-225.67074632777403,-45.74593454797692,0.5715408183901948,0.33565012333615063,0.06312437070396916,3.51047570561157e-05,6.774075921283846,9.066828133500913,nan,7.388224078986971e-05,nan
297.97,187.89959716796875,-226.01626586914062,-45.743408203125,187.44049238098717,-225.67570874322845,-45.747412706467095,0.5716400943653095,0.3356918618613535,0.06315004480502177,3.580969116881072e-05,6.776557753714832,8.907879383085296,nan,nan,nan
297.98,187.90818786621094,-226.02142333984375,-45.7447624206543,187.44907906456666,-225.68070874117365,-45.748575033691914,0.571735835427821,0.33573368479800103,0.0631757814986463,3.5104150704500584e-05,6.731942893490405,8.663318625894853,nan,0.05861256857238095,nan
297.99,187.91677856445312,-226.026611328125,-45.74608612060547,187.45765705582602,-225.68575126749698,-45.74999716648064,0.5718333995974733,0.33577559461605,0.06320158117718636,3.580939842923591e-05,6.733407297657663,8.915068244977626,nan,nan,nan
298.0,187.9253692626953,-226.03184509277344,-45.74738311767578,187.42513024249067,-225.66651346011543,-45.75056676892444,0.6194484763006088,0.3356995502184792,0.06319182328964988,3.5083029321166395e-05,7.266175772100957,9.18212458264241,16.77810645457224,0.44615783627314876,nan
298.01,187.9339599609375,-226.037109375,-45.7486572265625,187.43366057707902,-225.67158111936251,-45.7519292750493,0.6196136582257152,0.33574128668107056,0.06321759443934974,3.578772416783481e-05,7.265807913173021,9.20302284256779,nan,nan,nan
298.02,187.9425506591797,-226.04234313964844,-45.74990463256836,187.44219498166837,-225.67664828291387,-45.75310176952301,0.6197570120173184,0.3357831076256585,0.0632434284152993,3.508363946570018e-05,7.244838025895812,9.173364772395676,nan,0.019230520832857385,nan
298.03000000000003,187.95114135742188,-226.04750061035156,-45.751129150390625,187.45072470898532,-225.68166542647845,-45.754414148990705,0.6198895022564543,0.33582501523592306,0.06326932558337393,3.578866760211493e-05,7.239869066492361,9.251190976441462,nan,nan,nan
298.04,187.95973205566406,-226.05258178710938,-45.75232696533203,187.45920788226607,-225.68662099510522,-45.757487625754415,0.6200632079522614,0.3358670076846913,0.06329528587232398,3.5084825441704956e-05,7.682346125663456,9.62701238050246,nan,2.2379148715005504,nan
298.05,187.96832275390625,-226.0575714111328,-45.75349807739258,187.48739073833488,-225.69732416749397,-45.758862097567096,0.6009180084365526,0.33579115667874754,0.0632853909191265,3.576818004968651e-05,7.862378281175129,9.684775535515966,5.38001931525682,nan,nan
298.06,187.97691345214844,-226.06246948242188,-45.7546501159668,187.49602076537812,-225.70206793376323,-45.757676584843736,0.6009627375957569,0.33583297568960163,0.06331132195155403,3.50653923661647e-05,7.304197737984347,8.974900876832642,nan,4.21671176712809,nan
298.07,187.98550415039062,-226.0672607421875,-45.75577926635742,187.50458923511997,-225.70673715734623,-45.75889287790896,0.6010541618968155,0.3358748811629804,0.06333731638063948,3.577022751845511e-05,7.29811149540306,9.148320660839541,nan,nan,nan
298.08,187.9940948486328,-226.07196044921875,-45.75688552856445,187.51309755286508,-225.71133180489431,-45.76257053942902,0.6012019103360248,0.33591687152491373,0.0633633741592712,3.506761361893879e-05,7.933087032756469,9.761824621643642,nan,4.336534910473028,nan
298.09000000000003,188.002685546875,-226.07656860351562,-45.75796890258789,187.52166580452544,-225.71581268596432,-45.763768545323536,0.6012973145077062,0.33595894857739605,0.0633894956183683,3.5772797884698127e-05,7.936251592388223,9.759978145944745,nan,nan,nan
298.1,188.0112762451172,-226.08108520507812,-45.759029388427734,187.54361076791528,-225.71639658974738,-45.76610956226342,0.5930926686276674,0.33588328744599666,0.06337946070165767,3.5049171426063695e-05,9.161360994171645,10.59240386685181,14.699075120333639,1.0896874888477173,nan
298.11,188.01986694335938,-226.08551025390625,-45.76007080078125,187.55222972740114,-225.72067326376066,-45.76727711952849,0.5931631530679808,0.3359251908449897,0.06340555214913406,3.575383486028666e-05,9.169151225022638,10.564681363285453,nan,nan,nan
298.12,188.02845764160156,-226.08985900878906,-45.76108932495117,187.56083436384472,-225.72486561711597,-45.76907434422955,0.5932583470950573,0.33596717916971625,0.06343170717025749,3.505231174776938e-05,9.522375889203254,10.810340156152064,nan,0.29716839332949774,nan
298.13,188.03704833984375,-226.0941162109375,-45.762088775634766,187.5694537714144,-225.7289655576063,-45.77020867551666,0.5933343179244916,0.3360092539997207,0.0634579260740778,3.575733729120936e-05,9.533582721291388,10.847752622142677,nan,nan,nan
298.14,188.04563903808594,-226.09828186035156,-45.76306915283203,187.57804270277396,-225.73299036752042,-45.772739838568455,0.5934456417352947,0.3360514140964897,0.06348420884521852,3.505588797440695e-05,10.34332107122563,11.716338573266551,nan,1.4112942856013417,nan
298.15000000000003,188.05422973632812,-226.1023712158203,-45.76403045654297,187.60506107503295,-225.74611019290307,-45.77403026158517,0.5733885234643422,0.335975942666736,0.06347403144848969,3.573926438268791e-05,10.30648631451168,11.655683397275531,4.351899171668937,nan,nan
298.16,188.06283569335938,-226.1063690185547,-45.76496887207031,187.61374782968076,-225.74996200578158,-45.7731972807296,0.5733878048636305,0.33601792899637406,0.06350028345111162,3.503870761491851e-05,9.42593641654873,11.080792980618556,nan,2.620741556973131,nan
298.17,188.07142639160156,-226.11029052734375,-45.765892028808594,187.62239465691536,-225.75374680842341,-45.774255999334436,0.5734307963998788,0.33606000165667305,0.06352659953594586,3.5743588792290036e-05,9.436684044282263,10.872281404948424,nan,nan,nan
298.18,188.08001708984375,-226.1141357421875,-45.76679611206055,187.63106004050613,-225.75744641455447,-45.77439284806261,0.5734521941671645,0.3361021596033267,0.06355297970729183,3.50430532386555e-05,9.11252303753128,10.531425566281534,nan,0.5760378142170611,nan
298.19,188.08860778808594,-226.11790466308594,-45.76768112182617,187.63970792916749,-225.76107495038917,-45.775407821486155,0.573496494398961,0.3361444041231445,0.06357942424558519,3.574830379551019e-05,9.122015016900006,10.559495605722159,nan,nan,nan
298.2,188.09719848632812,-226.12159729003906,-45.768550872802734,187.65711251154377,-225.77067435037614,-45.776380949184826,0.5629244042317852,0.3360691193213168,0.06356910152856736,3.5026605736942335e-05,8.990810036912096,10.462470635953402,1.0328511033511945,1.2464527486053714e-06,nan
298.21,188.1057891845703,-226.12522888183594,-45.76940155029297,187.6657694030442,-225.7741662596279,-45.77736204750613,0.5629615816037105,0.336111189856529,0.06359551451713796,3.573135307157764e-05,9.001031634545823,10.327664164268551,nan,nan,nan
298.22,188.11439514160156,-226.12876892089844,-45.77023696899414,187.674425784159,-225.77758557925912,-45.778386453784435,0.56300016788249,0.33615334568673205,0.06362199180693938,3.503162502651981e-05,9.10853519091431,10.751974308713088,nan,0.0024893002137024974,nan
298.23,188.12298583984375,-226.1322479248047,-45.771053314208984,187.68308376997604,-225.78093313948983,-45.77933634186571,0.5630315426349429,0.33619558793047527,0.06364853366082997,3.573674990910526e-05,9.11902407748947,10.597180371597464,nan,nan,nan
298.24,188.13157653808594,-226.13565063476562,-45.771854400634766,187.69173338617222,-225.7842140582761,-45.78077106143969,0.5630711965817374,0.3362379157972104,0.06367514010872136,3.503696539974383e-05,9.454411380512823,11.010736299902138,nan,0.1763420196160145,nan
298.25,188.1401824951172,-226.1389923095703,-45.772640228271484,187.67741093077595,-225.76993555052914,-45.78172590814858,0.5919822309289695,0.3361628168488359,0.06366466951312859,3.572044748875814e-05,10.195354165721989,11.42379934999866,8.825922158483039,nan,nan
298.26,188.14877319335938,-226.14227294921875,-45.773406982421875,187.6860416270108,-225.77304158715452,-45.78340405599571,0.5920745246227388,0.33620497058896676,0.06369124362637366,3.502143167348476e-05,10.726225184829204,11.881655458207263,nan,0.4164454235506382,nan
298.27,188.15737915039062,-226.14547729492188,-45.77416229248047,187.69468610046601,-225.77607704785262,-45.78430693875365,0.5921522733481392,0.33624721059178625,0.0637178824980718,3.5726436524293136e-05,10.739899006226011,12.011983607787245,nan,nan,nan
298.28000000000003,188.1659698486328,-226.14862060546875,-45.77490234375,187.7033433493998,-225.77904362720443,-45.784457787244165,0.5922007490335911,0.3362895362114873,0.06374458617371927,3.5027325357708144e-05,10.45360347616835,11.608622191448319,nan,0.38389323952904164,nan
298.29,188.17457580566406,-226.15170288085938,-45.77562713623047,187.71198939585338,-225.78195120504134,-45.785325367573535,0.5922807982730552,0.3363319483484492,0.06377135489342105,3.5732708975257594e-05,10.466397013391745,11.6805519743404,nan,nan,nan
298.3,188.1831817626953,-226.15472412109375,-45.776336669921875,187.70948051973394,-225.78758449454665,-45.78596917940082,0.5993973291591744,0.33625703249564254,0.06376073363150496,3.501231670106229e-05,9.919588163187703,11.396059446310847,8.169469262628335,0.033688936121423534,nan
298.31,188.19178771972656,-226.15768432617188,-45.77703094482422,187.71808948519836,-225.79038489798725,-45.78680791461415,0.5994951846997254,0.3362992702847866,0.06378746921018967,3.571720454494993e-05,9.932507738415067,11.435212069986434,nan,nan,nan
298.32,188.20037841796875,-226.16058349609375,-45.777713775634766,187.726733196589,-225.79311330078485,-45.78535820494714,0.5995269614252008,0.3363415936755824,0.06381426979842018,3.5018686633949516e-05,8.912078634618496,10.266294538587617,nan,3.651676919223858,nan
298.33,188.208984375,-226.16343688964844,-45.77838134765625,187.7353436216633,-225.79579525359824,-45.786148237979035,0.599630102950396,0.33638400344501057,0.06384113562259297,3.5723958087707094e-05,8.919659593302326,10.242505161028628,nan,nan,nan
298.34000000000003,188.21759033203125,-226.1662139892578,-45.77903747558594,187.74396563489043,-225.79841599055567,-45.78616192723843,0.5997053271419102,0.33642649913339495,0.06386806674825736,3.502528582510439e-05,8.666442630686273,10.228056231541444,nan,0.41149104114896545,nan
298.35,188.2261962890625,-226.1690673828125,-45.779781341552734,187.73792688490738,-225.79360129336175,-45.78706398537606,0.6159828181552581,0.336351765132608,0.06385729223512832,3.570890976239072e-05,8.852918869487352,10.3818119295828,2.22221584745318,nan,nan
298.36,188.23480224609375,-226.1719970703125,-45.78062057495117,187.74651698356237,-225.79628419708797,-45.78809532913593,0.6161481418150101,0.33639408630554357,0.0638841894080527,3.5010914039941214e-05,8.956276606101294,10.261849098526941,nan,0.011409769112546457,nan
298.37,188.243408203125,-226.1749725341797,-45.78154754638672,187.75510962034568,-225.79903249537173,-45.78909179064839,0.6162980888699074,0.3364364937254846,0.06391115200595422,3.571607308959047e-05,8.945182286079342,10.55931671574223,nan,nan,nan
298.38,188.25201416015625,-226.1780242919922,-45.782562255859375,187.76370191239963,-225.80184639950696,-45.790273360370534,0.6164560967632157,0.3364789870370703,0.06393818010633948,3.5017895444548866e-05,9.041715326885344,10.513068832153518,nan,0.006395760742298218,nan
298.39,188.2606201171875,-226.18113708496094,-45.78366470336914,187.77229618429217,-225.80472426133795,-45.791449593852384,0.6166096672498932,0.33652156686003915,0.0639652739180822,3.5723435270330816e-05,9.031992287015006,10.548425873898546,nan,nan,nan
298.40000000000003,188.2692413330078,-226.184326171875,-45.78485107421875,187.78701732561225,-225.81063648820265,-45.79351952573351,0.610130408227158,0.33644701216486594,0.0639543434142608,3.500388574198802e-05,9.444125752204217,10.951160189188437,0.32670960488209605,0.4710672141842963,nan
298.41,188.27784729003906,-226.18756103515625,-45.78612518310547,187.7956218882577,-225.81364648844342,-45.79487838932453,0.6102704687151168,0.33648941724572,0.0639814024426618,3.5708930481803245e-05,9.43451317871807,10.99593194347895,nan,nan,nan
298.42,188.2864532470703,-226.1908721923828,-45.78748321533203,187.80425311461858,-225.81670900967438,-45.79409224914677,0.6103758959517804,0.3365319081834778,0.06400852717031999,3.501118877460628e-05,8.528953362022877,9.91627680593742,nan,3.5120145509544476,nan
298.43,188.29507446289062,-226.19422912597656,-45.78892517089844,187.81285870980628,-225.8198428291922,-45.79559969291839,0.6105257414612504,0.33657448551065744,0.06403571779577553,3.57166169887962e-05,8.519523056298171,10.238960280005031,nan,nan,nan
298.44,188.30368041992188,-226.19766235351562,-45.79045104980469,187.82147654357806,-225.82303325218987,-45.79615439092753,0.6106554429636302,0.3366171490034934,0.0640629744117085,3.50186496153443e-05,8.193590138332667,9.547611623154117,nan,0.7579312536768644,nan
298.45,188.31228637695312,-226.20114135742188,-45.792057037353516,187.85541764975505,-225.83880473682336,-45.797868081110394,0.5831386016616287,0.3365427720110403,0.06405188531961654,3.570241965918649e-05,8.007024850302841,9.631748262017558,5.593736523237767,nan,nan
298.46,188.32090759277344,-226.20468139648438,-45.79374313354492,187.864056339036,-225.84214468536075,-45.80018388305539,0.5832558771311687,0.33658526057104565,0.06407910631493244,3.500506243396805e-05,8.237094297102805,9.953704817836982,nan,0.2283948888236916,nan
298.47,188.3295135498047,-226.20828247070312,-45.795509338378906,187.87270118146824,-225.84554112128083,-45.802017744843994,0.5833533970078272,0.33662783540390606,0.0641063933915524,3.571037511219387e-05,8.229651497931618,9.816531228131861,nan,nan,nan
298.48,188.338134765625,-226.21194458007812,-45.79735565185547,187.88136156196492,-225.8489897779557,-45.80239910017885,0.5834409861645085,0.33667049635801183,0.06413374665099958,3.501277376786276e-05,7.761155510516967,9.374424850961358,nan,1.657891503220115,nan
298.49,188.34674072265625,-226.21566772460938,-45.799278259277344,187.89000695896246,-225.85250160336466,-45.80437744593779,0.5835420843627527,0.33671324385710344,0.06416116627880787,3.571846458175106e-05,7.754562128309487,9.272899603087389,nan,nan,nan
298.5,188.3553466796875,-226.2194366455078,-45.80127716064453,187.91712584416177,-225.8687375531496,-45.80605440829944,0.5612933067166361,0.3366390421496519,0.06414991590396167,3.499942444324277e-05,7.275933665880519,9.208672348758022,5.271278292479058,0.2064738542067341,nan
298.51,188.3639678955078,-226.2232666015625,-45.80331802368164,187.9257897404434,-225.87239040152005,-45.808169749674235,0.5613713054449643,0.3366816144822766,0.0641772990572603,3.5704616717061854e-05,7.273642069485554,9.241826198061547,nan,nan,nan
298.52,188.37257385253906,-226.22714233398438,-45.805362701416016,187.93445374867147,-225.876098888475,-45.81030776642593,0.5614313668793222,0.3367242729960693,0.06420474859848348,3.642413082225853e-05,7.275942920298032,9.24434965842607,nan,nan,nan
298.53000000000003,188.38119506835938,-226.2310791015625,-45.8073844909668,187.94311787070643,-225.87986209190677,-45.81243708862997,0.5615073888366154,0.33676701783553004,0.0642322646721314,3.7158111259032795e-05,7.281870817863094,9.298081153550733,nan,nan,nan
298.54,188.38980102539062,-226.23507690429688,-45.80937957763672,187.9517907234688,-225.8836757906233,-45.81348947879549,0.561562693355077,0.3368098490397805,0.06425984740620098,3.637465451828649e-05,7.05039576241111,8.786417202000461,nan,0.7238670291337134,nan
298.55,188.39842224121094,-226.23912048339844,-45.811336517333984,187.98492983314011,-225.9099563152952,-45.815571596215825,0.5285290502786361,0.3367358207444369,0.06424843315076792,3.708356392082515e-05,6.173799069162324,8.725871704857326,14.895498734235582,nan,nan
298.56,188.4070281982422,-226.24322509765625,-45.81325912475586,187.99360705106042,-225.91393252379174,-45.81726665456095,0.5285515154027438,0.33677847657166665,0.06427597854888734,3.630388764522001e-05,6.1226594175688325,8.381226770152338,nan,0.07342313424695542,nan
298.57,188.4156494140625,-226.24737548828125,-45.815147399902344,188.0022816346983,-225.91796204986377,-45.81925761766851,0.5285858760093707,0.336821218736785,0.06430359067506318,3.7034348974547676e-05,6.125763041526324,8.531652449084588,nan,nan,nan
298.58,188.42425537109375,-226.25157165527344,-45.816993713378906,188.01095150678907,-225.92204510645175,-45.8218618202252,0.5286128347777626,0.33686404721058916,0.0643312696459459,3.625739365229973e-05,6.312545697962351,8.867819212880462,nan,0.2770042741776149,nan
298.59000000000003,188.43287658691406,-226.2558135986328,-45.81880569458008,188.01962609740653,-225.92617714642645,-45.82378726763249,0.5286406849377816,0.3369069622995113,0.06435901563239674,3.6986664879696785e-05,6.318485293663515,9.005001276422536,nan,nan,nan
298.6,188.4414825439453,-226.26011657714844,-45.82058334350586,188.03415485273297,-225.9405415387282,-45.82555605491355,0.5177535910724445,0.33683310505759795,0.06434743484384224,3.618983408462454e-05,5.823534620815623,8.469450683954776,4.925510741375136,0.00971926454809168,nan
298.61,188.45008850097656,-226.26446533203125,-45.822322845458984,188.04282014787302,-225.94480092142868,-45.82741024694021,0.517763197320353,0.33687584452668334,0.06437514261797143,3.691706776337443e-05,5.830331176566483,8.62485724043041,nan,nan,nan
298.62,188.45870971679688,-226.2688751220703,-45.82402801513672,188.05147983455555,-225.94911163722003,-45.83005241403419,0.5178041682102964,0.3369186702433645,0.06440291741710191,3.6146345328508365e-05,6.12271008850812,8.741941660023336,nan,0.4469091362160288,nan
298.63,188.46731567382812,-226.2733154296875,-45.82570266723633,188.060144527911,-225.95346868692874,-45.83184728022572,0.5178108121598413,0.33696158247395025,0.06443075940653276,3.687253001717275e-05,6.131243048716065,8.95594111237858,nan,nan,nan
298.64,188.47593688964844,-226.27781677246094,-45.82733917236328,188.1379916714667,-226.03176713942025,-45.83363972846121,0.41807545900053145,0.33370481044948097,0.060694268384135955,3.61035346983025e-05,4.757991607570307,7.5007508200508415,nan,0.002741318525756654,1.450491468542017
298.65000000000003,188.4845428466797,-226.28236389160156,-45.82894515991211,188.14036877122953,-226.03373089977117,-45.835316394870155,0.424634844864845,0.333640234740825,0.06068799577102537,3.6805456345459885e-05,4.767904346450301,7.342119783088455,0.4817198203776738,nan,nan
298.66,188.49314880371094,-226.2869415283203,-45.83052062988281,188.14902812495262,-226.0383420485977,-45.83782213720643,0.42458692263967335,0.3336854759137326,0.06070815167820213,3.604073492678247e-05,5.132675001556381,8.025657817262708,nan,0.43414348609256076,nan
298.67,188.50177001953125,-226.2915802001953,-45.832061767578125,188.15765602452186,-226.04295944541704,-45.83949732485348,0.4245962891734199,0.33373080482488704,0.06072837072994741,3.676408389927036e-05,5.1463323291376675,7.879168805315782,nan,nan,nan
298.68,188.5103759765625,-226.2962646484375,-45.83357620239258,188.16618029998045,-226.0474915311463,-45.838447933863236,0.4247145646573388,0.3337762171546682,0.06074864582035002,3.600175780725576e-05,4.291105998059727,6.821426972210948,nan,4.839525937301059,nan
298.69,188.51898193359375,-226.30099487304688,-45.83505630493164,188.17480769755966,-226.05220010327645,-45.840036825231074,0.4247111345340785,0.33382171746284334,0.060768984205141846,3.672424616825714e-05,4.296762387460908,6.91635209535177,nan,nan,nan
298.7,188.52760314941406,-226.30575561523438,-45.836509704589844,188.14626715214877,-226.04320382785883,-45.843072172816,0.46302661894715025,0.33375713312115207,0.06076265213911454,3.5942111278569546e-05,4.797532871135032,7.867388172981919,13.269322780171391,1.4465057246447262,nan
298.71,188.5362091064453,-226.31057739257812,-45.83793258666992,188.15482862208881,-226.04798224535165,-45.844619085445785,0.4630896181742493,0.3338024423815974,0.06078298846766606,3.666289529817559e-05,4.8084350611738165,7.401545438998378,nan,nan,nan
298.72,188.54481506347656,-226.3154296875,-45.83932876586914,188.16333455713965,-226.05273555691602,-45.84466823837906,0.46321063559143977,0.33384783509263555,0.06080338137147385,3.5906099488856686e-05,4.371831986525508,7.201875040161449,nan,1.4486382844704013,nan
298.73,188.5534210205078,-226.32034301757812,-45.840694427490234,188.1718953155188,-226.05760078018415,-45.84614591787615,0.46327644622360964,0.3338933156006984,0.06082383753831689,3.662614472385469e-05,4.379179474562833,6.897111926452332,nan,nan,nan
298.74,188.56202697753906,-226.32528686523438,-45.84203338623047,188.18042024872736,-226.06246453490246,-45.84663726776808,0.46337940019025425,0.333938879898779,0.060844350699959235,3.587153573566972e-05,4.147896186255158,6.898269294706273,nan,0.6186046850299006,nan
298.75,188.57064819335938,-226.33026123046875,-45.843345642089844,188.16122443723305,-226.0569245671386,-45.84805947593683,0.4923037312783566,0.3338742908924562,0.0608379628594755,3.65680072473051e-05,4.16524565196807,7.513659424440319,7.2748279319803,nan,nan
298.76,188.57925415039062,-226.3352508544922,-45.844635009765625,188.16972047617216,-226.06185951379126,-45.84902422713203,0.49242250224600354,0.3339196639919887,0.060858473540211795,3.581644975918202e-05,4.083927001832176,6.779526602088182,nan,0.12208437971250792,nan
298.77,188.58786010742188,-226.34017944335938,-45.84589385986328,188.17823184252563,-226.0667861040311,-45.850385759327416,0.4925032086715389,0.33396512470556594,0.06087904746278689,3.653427971209592e-05,4.084834759639976,7.102304197830533,nan,nan,nan
298.78000000000003,188.59646606445312,-226.34503173828125,-45.847129821777344,188.18673992389304,-226.07164650153211,-45.851639768643125,0.4925802853864259,0.334010669241843,0.06089967889262111,3.578477308972162e-05,4.08669676682962,7.100957971802969,nan,0.004663280678873384,nan
298.79,188.60507202148438,-226.3498077392578,-45.84834289550781,188.19525061213315,-226.0764314157992,-45.85295218312728,0.4926555057266029,0.33405630163022587,0.06092037372947147,3.650202315813118e-05,4.0863099442607504,6.898478355071996,nan,nan,nan
298.8,188.61367797851562,-226.3544921875,-45.84952926635742,188.21501076688472,-226.08227995313993,-45.85533994854788,0.4827720064299324,0.33399170354595575,0.06091392077916099,3.573266647804594e-05,4.621823386947999,7.267698952576968,3.1717466246781774,0.8910661351452505,nan
298.81,188.62228393554688,-226.3590850830078,-45.85069274902344,188.223546818959,-226.08688265807837,-45.85661658064041,0.482825579338248,0.33403714446602595,0.060934612411600995,3.6448493259521045e-05,4.625390154587274,7.281461489696105,nan,nan,nan
298.82,188.63088989257812,-226.36358642578125,-45.85183334350586,188.23204455673525,-226.0913495330649,-45.856786360075375,0.4829234515454828,0.3340826692405133,0.06095536204574007,3.570379738610692e-05,4.335377536594876,7.0192506645494115,nan,0.7975130939790114,nan
298.83,188.63949584960938,-226.3679962158203,-45.85295104980469,188.24058053039167,-226.09577278681544,-45.85800806144271,0.4829747411329503,0.33412828168332787,0.06097617508258738,3.6419147120103526e-05,4.336053347325123,7.07795952891066,nan,nan,nan
298.84000000000003,188.64810180664062,-226.372314453125,-45.85404586791992,188.24913377561728,-226.10012840664416,-45.85970435719766,0.48300388422705276,0.33417397832045287,0.060997046524677356,3.567629154857953e-05,4.5167748651067905,7.357882246632368,nan,0.16712717830963592,nan
298.85,188.65670776367188,-226.37655639648438,-45.85511779785156,188.2626660532938,-226.09644414488326,-45.86082403684534,0.4834917829479395,0.3341093745364082,0.06099053076999006,3.636860076591125e-05,5.108575430359268,7.196923518812803,14.267980990920224,nan,nan
298.86,188.66531372070312,-226.38072204589844,-45.856170654296875,188.27120208544144,-226.1005393676218,-45.861170411795506,0.4835817529952459,0.33415487954382866,0.06101139852524787,3.562842709036067e-05,4.901990565514519,6.794567555811097,nan,0.45289199250446177,nan
298.87,188.67391967773438,-226.38479614257812,-45.85720443725586,188.27976638512894,-226.10458391348044,-45.86230406222874,0.4836338672823334,0.3342004720361386,0.06103232968942021,3.634206575710077e-05,4.902606312831795,6.9042731050042825,nan,nan,nan
298.88,188.68252563476562,-226.38877868652344,-45.85821533203125,188.2882770590347,-226.10848335154196,-45.86182272677866,0.48374624295709534,0.3342461487523142,0.061053319728630914,3.56035988739237e-05,4.538606609363451,6.77629239824802,nan,1.7356101186423258,nan
298.89,188.69113159179688,-226.3927001953125,-45.85920333862305,188.29684193033316,-226.11236550856862,-45.862901596140475,0.48380321499306844,0.3342919131919138,0.06107437335805613,3.631689192616638e-05,4.537069917487325,6.525414054697433,nan,nan,nan
298.90000000000003,188.69973754882812,-226.3965301513672,-45.86017608642578,188.31625433409232,-226.11679617919287,-45.86428091861287,0.4746865500725825,0.33422729976778204,0.061067786651622,3.555846046983585e-05,4.851574325232304,6.748476215192036,3.2224181895433888,0.0835588836053557,nan
298.91,188.70834350585938,-226.40028381347656,-45.86112594604492,188.32484534987015,-226.12051523413177,-45.86532514148932,0.47471984040918475,0.33427287230012775,0.061088835851462436,3.627056259845953e-05,4.850746913185567,6.831577543117495,nan,nan,nan
298.92,188.71694946289062,-226.40396118164062,-45.862060546875,188.33348200313443,-226.12421076534756,-45.86773242138452,0.47469965058809815,0.33431852908331333,0.061109944378206084,3.553620353231556e-05,5.256724325366519,7.178389036556958,nan,1.3059993476368668,nan
298.93,188.72557067871094,-226.40757751464844,-45.862972259521484,188.3420738203364,-226.12778007402622,-45.86875439593932,0.47475244208265194,0.33436427340824004,0.06113111651836765,3.62480449792072e-05,5.26116081119865,7.187891767531237,nan,nan,nan
298.94,188.7341766357422,-226.41111755371094,-45.863868713378906,188.35066521547742,-226.13127558759956,-45.86972689318387,0.47479137917743136,0.33441010232222174,0.06115234837275548,3.5515189615210734e-05,5.292663330973876,7.096035858251622,nan,0.0006983740235022634,nan
298.95,188.74278259277344,-226.41458129882812,-45.86474609375,188.35721754564364,-226.1314906900831,-45.870757613344686,0.4783689336648795,0.3343454820548241,0.06114569182697027,3.620440559248695e-05,5.47788613924359,7.305724937520815,0.8227882290955063,nan,nan
298.96,188.7513885498047,-226.41798400878906,-45.865604400634766,188.3657992646118,-226.1348217739266,-45.87132618430339,0.47842730578031195,0.33439111888802137,0.06116691871317361,3.547388051823596e-05,5.390645485523683,7.1233669012364595,nan,0.11134244414813467,nan
298.97,188.760009765625,-226.4213104248047,-45.866451263427734,188.3743943584975,-226.1380989745638,-45.8722770638763,0.47847874321907985,0.33443684308303384,0.061188209246211454,3.6184423844335115e-05,5.392890769858434,7.256188388306689,nan,nan,nan
298.98,188.76861572265625,-226.42457580566406,-45.86727523803711,188.38296474313358,-226.14128116298943,-45.87240638896346,0.47854870314814213,0.3344826518898304,0.06120955992116875,3.545527663436756e-05,5.185479751680306,6.978780555174316,nan,0.44626766083357017,nan
298.99,188.7772216796875,-226.4277801513672,-45.86808395385742,188.39156078422656,-226.14442571532317,-45.87331754907802,0.47859320224225477,0.3345285482993377,0.06123097444029555,3.616566525631897e-05,5.188569219203341,6.882758021201887,nan,nan,nan
299.0,188.7858428955078,-226.430908203125,-45.86887741088867,188.3901680144126,-226.13287951419198,-45.87230025460624,0.49536998982169955,0.3344639177102351,0.061224240932331676,3.541639416654314e-05,5.481734256234956,7.048460408820562,13.999575392132902,2.5044375652740567,nan
299.01,188.79444885253906,-226.43397521972656,-45.86965560913086,188.3987678963361,-226.13585006691918,-45.87316229184768,0.4954334694606309,0.3345096217556985,0.06124564972198442,3.612577952732806e-05,5.4799884806135175,6.910218244979632,nan,nan,nan
299.02,188.80307006835938,-226.43699645996094,-45.870418548583984,188.40733949134895,-226.1387270543874,-45.87305321284454,0.49555450692931874,0.33455541043197184,0.06126711906396245,3.540007923737689e-05,5.325088877201731,6.657311003470914,nan,0.6311423267139331,nan
299.03000000000003,188.81167602539062,-226.43994140625,-45.87116622924805,188.41594069359712,-226.14157511914877,-45.87387676031127,0.49561703066675694,0.33460128653458565,0.06128865229977334,3.610937855115844e-05,5.321225677306228,6.766501044937672,nan,nan,nan
299.04,188.82029724121094,-226.44284057617188,-45.87189865112305,188.42455573236253,-226.1443779672543,-45.87512438135835,0.4956830399388857,0.33464724760302184,0.06131024645951002,3.5384866984059684e-05,5.401153446819258,6.79053382711978,nan,0.13255455726720458,nan
299.05,188.8289031982422,-226.44566345214844,-45.872615814208984,188.4178949779759,-226.137928324019,-45.87581165341449,0.513457768077907,0.33458260893593955,0.061303436087258405,3.607185621066329e-05,5.624523696061355,7.080351168915372,3.5255972218303495,nan,nan
299.06,188.8375244140625,-226.4484405517578,-45.873321533203125,188.42644477965223,-226.14054451503128,-45.87544407525195,0.5136058220498841,0.3346283774537024,0.06132502392498747,3.5349351198285734e-05,5.458086782940165,6.834846465798919,nan,0.9182194776868449,nan
299.07,188.8461456298828,-226.451171875,-45.87400817871094,188.43502916006085,-226.14314100904173,-45.876203893127034,0.51371644640178,0.33467423322414486,0.061346675715645796,3.605768258616066e-05,5.454362430459834,6.839067994969303,nan,nan,nan
299.08,188.85475158691406,-226.45384216308594,-45.87468338012695,188.4435656252357,-226.14563044840634,-45.87524696681543,0.513876126879875,0.3347201739737952,0.061368388817650874,3.533625153898185e-05,5.319655439791061,6.616964822558952,nan,2.0104470330357085,nan
299.09000000000003,188.86337280273438,-226.45645141601562,-45.87534713745117,188.45215179881012,-226.1481183890348,-45.87596443885627,0.513976994287342,0.33476620222068226,0.06139016608523359,3.604458004468177e-05,5.310376836567681,6.783931023036141,nan,nan,nan
299.1,188.8719940185547,-226.45901489257812,-45.87599563598633,188.50273603148904,-226.1723577410608,-45.87516962966538,0.46746600498243895,0.3347015524315051,0.06138327259143801,3.53028430355619e-05,4.918362686248481,6.4551503085738755,17.933888589790374,1.6914742206414066,nan
299.11,188.880615234375,-226.46165466308594,-45.87673568725586,188.51138598907175,-226.1748470357984,-45.875900753965425,0.4675356112331062,0.3347473878402397,0.061405042757306974,3.6010316179953844e-05,4.912021335950799,6.384156970466767,nan,nan,nan
299.12,188.8892364501953,-226.46435546875,-45.877567291259766,188.52001620308067,-226.17738417313726,-45.8759784258473,0.467630879945232,0.3347933082371613,0.061426874605691864,3.529172959253535e-05,4.957269613855127,6.549268217441432,nan,0.385875703767033,nan
299.13,188.89785766601562,-226.4671173095703,-45.87848663330078,188.52866791568226,-226.18001160475012,-45.87688533352582,0.46768934310338817,0.3348393159623732,0.06144877069363394,3.599925416346624e-05,4.949553685030663,6.731846555863965,nan,nan,nan
299.14,188.90647888183594,-226.46995544433594,-45.87949752807617,188.53734540978385,-226.18273296697046,-45.87880539038354,0.46771439014399935,0.3348854090065899,0.06147072882098688,3.528157039078869e-05,4.885056674814986,6.481509631365238,nan,0.5920599533598113,nan
299.15000000000003,188.91510009765625,-226.47286987304688,-45.880592346191406,188.5462415970305,-226.19223125228018,-45.880113720097356,0.46348123805893776,0.33482074982756754,0.06146375145957138,3.596701799975673e-05,4.451541894010193,6.332035686595277,6.906355155193513,nan,nan
299.16,188.92372131347656,-226.475830078125,-45.881778717041016,188.55492432772084,-226.19512623917538,-45.88281382083122,0.46347268888621357,0.33486664983345066,0.06148570184144931,3.525105082027915e-05,4.467344447442552,6.573976918851414,nan,1.5923785573831202,nan
299.17,188.93235778808594,-226.47886657714844,-45.8830451965332,188.56356754564217,-226.19804568625884,-45.88410335761231,0.4635382782323693,0.33491263700195173,0.06150771654518894,3.5957864858808255e-05,4.460178112495785,6.657165049210668,nan,nan,nan
299.18,188.94097900390625,-226.48196411132812,-45.8843994140625,188.57218194795362,-226.20099990727383,-45.884349279890294,0.4636293292627484,0.3349587094919767,0.06152979363820123,3.5242698788899235e-05,4.421344143068969,6.50821228295384,nan,0.8886264210746209,nan
299.19,188.94960021972656,-226.48513793945312,-45.885833740234375,188.58082626171904,-226.20404800169808,-45.88579890590984,0.4636871643954549,0.3350048693936426,0.06155193527986846,3.594962756185718e-05,4.414338968718149,6.4368106627811,nan,nan,nan
299.2,188.95822143554688,-226.4883575439453,-45.88735580444336,188.60315247315395,-226.2135123633147,-45.888007635898035,0.4490147728693442,0.33494019817654747,0.06154486851023656,3.521396718353713e-05,4.355901842586125,6.547704002529539,2.547818132809835,0.46117506326173424,nan
299.21,188.96685791015625,-226.49163818359375,-45.888954162597656,188.61181943783293,-226.21669813856846,-45.88962999754227,0.4490487745680349,0.3349861647491826,0.06156700160802744,3.5920154098651017e-05,4.347984225113279,6.833652948422773,nan,nan,nan
299.22,188.97547912597656,-226.4949951171875,-45.8906364440918,188.62053114528908,-226.21998985180633,-45.893105536308525,0.4490234530599309,0.335032216641095,0.06158919742999125,3.520729775119602e-05,4.501124040560411,6.581713208795618,nan,2.187896422580173,nan
299.23,188.98410034179688,-226.49839782714844,-45.892398834228516,188.62919905347022,-226.22329856423625,-45.89490925114889,0.44904435315886965,0.33507835578431916,0.06161145789602901,3.591364140525841e-05,4.495197589799066,6.847198455231525,nan,nan,nan
299.24,188.9927215576172,-226.5018768310547,-45.89423751831055,188.63789835800344,-226.22669828378818,-45.89807177239355,0.44904057429614874,0.3351245805728932,0.061633781429794574,3.520143513780418e-05,4.73010508676948,6.905662515114026,nan,1.140533535141116,nan
299.25,189.00135803222656,-226.50540161132812,-45.896156311035156,188.65292681761267,-226.23292571387717,-45.900020930095,0.4423373840062568,0.33505989858839713,0.061626623819781824,3.588586856779414e-05,4.7059232142792755,7.141681890951556,0.39873242115261887,nan,nan
299.26,189.00997924804688,-226.5089874267578,-45.89815139770508,188.66159150118867,-226.23640474041412,-45.90150756957752,0.44236478944975055,0.33510592983416737,0.06164893811767847,3.517512551363039e-05,4.601978133121899,6.953542806694466,nan,0.2248831502892925,nan
299.27,189.0186004638672,-226.51263427734375,-45.90018844604492,188.67026975465043,-226.23995520357155,-45.90361674118459,0.44237982940486076,0.3351520481744445,0.061671317162084655,3.5880953708225906e-05,4.601531408205684,6.945915580752187,nan,nan,nan
299.28000000000003,189.02723693847656,-226.51634216308594,-45.90222930908203,188.6789410487177,-226.24355661699337,-45.90545469430197,0.442416527821645,0.3351982521510107,0.06169375958979086,3.517077293540675e-05,4.56184658754162,6.832163663208343,nan,0.06052050416965621,nan
299.29,189.03585815429688,-226.5200958251953,-45.90424728393555,188.68761921312165,-226.24722161995518,-45.9075755203951,0.4424271343331063,0.33524454347597177,0.061716267003488444,3.587680435406995e-05,4.566590576086794,7.055465359105882,nan,nan,nan
299.3,189.0444793701172,-226.52391052246094,-45.9062385559082,188.65259888830997,-226.2268434986454,-45.90896626955247,0.4917586492191154,0.33517984842701953,0.06170901359407633,3.5145946533683074e-05,4.938713978431337,6.972993972678419,20.534111720561157,0.4171295556292972,nan
299.31,189.05311584472656,-226.5277862548828,-45.9081916809082,188.66121404688676,-226.2305687525004,-45.91102595142368,0.49186715275759735,0.33522594591586813,0.06173151095429174,3.585132061441343e-05,4.9438277285720345,7.136274126994664,nan,nan,nan
299.32,189.06173706054688,-226.53170776367188,-45.91011047363281,188.66977244297757,-226.2342954197254,-45.91051979615672,0.49202696196743634,0.3352721290270925,0.06175407199984767,3.5142986315406074e-05,4.717061342449425,6.858269888095051,nan,4.487634049835535,nan
299.33,189.0703582763672,-226.5356903076172,-45.911991119384766,188.67838740827963,-226.23812965096033,-45.91248427375757,0.49212168111210636,0.33531839933545676,0.06177669814494652,3.5848595349140795e-05,4.712060218770536,6.79824411706702,nan,nan,nan
299.34000000000003,189.07899475097656,-226.5397186279297,-45.91383743286133,188.68701661910544,-226.24203077438622,-45.91506543777965,0.4922056704352092,0.3353647555873256,0.06179938830717083,3.514069307725612e-05,4.74031409591189,6.984718421332937,nan,0.2982336215971685,nan
299.35,189.08761596679688,-226.54380798339844,-45.915645599365234,188.67792711124463,-226.24645410407314,-45.91703739558822,0.506227443952065,0.33530004833702287,0.06179203712233441,3.5824506314227836e-05,4.322373111748526,6.754127854643595,9.194927141866135,nan,nan
299.36,189.0962371826172,-226.54794311523438,-45.91741943359375,188.68652291153012,-226.25048445737212,-45.92000651733924,0.5063142601901762,0.3353462105256967,0.06181471649399609,3.511785090192505e-05,4.450943568805395,6.933197432045478,nan,0.8536230375375072,nan
299.37,189.1048583984375,-226.5521240234375,-45.91915512084961,188.69509484213083,-226.25454484482216,-45.92184864323489,0.5064255075381859,0.3353924597637859,0.0618374610843662,3.582308758217417e-05,4.454580172743475,7.1313782065843085,nan,nan,nan
299.38,189.11349487304688,-226.55636596679688,-45.920860290527344,188.70371140217298,-226.25869723546631,-45.92581401313104,0.506511308838245,0.3354387949246599,0.06186026997669826,3.5116790308491386e-05,4.9427916412038435,7.47056823614596,nan,3.263649376923955,nan
299.39,189.1221160888672,-226.56065368652344,-45.92252731323242,188.71228280989035,-226.26285932690328,-45.92761030644708,0.5066267205729499,0.3354852173937829,0.061883144338298675,3.582229454696278e-05,4.957230081196975,7.536275130032882,nan,nan,nan
299.40000000000003,189.1307373046875,-226.5649871826172,-45.924163818359375,188.75780556181505,-226.2698102527876,-45.930293741678845,0.47565226868522836,0.33542049594895773,0.061875690881598666,3.509515111647009e-05,5.988956791070572,8.029952932031861,27.89904854080564,0.5257599054092802,nan
299.41,189.1393585205078,-226.5693817138672,-45.92576599121094,188.76645787061534,-226.27405261364754,-45.932035135701305,0.47572415778412497,0.33546672405926437,0.061898553615189505,3.5800058740368746e-05,6.009404718005991,7.926451443937,nan,nan,nan
299.42,189.14797973632812,-226.57382202148438,-45.927337646484375,188.77511097283488,-226.27834465462996,-45.933801275282555,0.47579382888961386,0.33551303806690275,0.06192148092352214,3.5095215765614965e-05,6.0951217365566706,7.989318610375208,nan,0.0022120953592188334,nan
299.43,189.15660095214844,-226.5782928466797,-45.92887878417969,188.78376253654835,-226.28268378134706,-45.935481207278066,0.47585375447166706,0.33555943924049997,0.061944473829320446,3.580041432026236e-05,6.114301881066446,8.242578321639158,nan,nan,nan
299.44,189.1652374267578,-226.58282470703125,-45.93038558959961,188.79242313906917,-226.28707866087453,-45.93762151239593,0.47592917067651686,0.33560592662768574,0.061967531631531195,3.509581955406191e-05,6.380994092562263,8.503833139954988,nan,0.16876733704454716,nan
299.45,189.17385864257812,-226.58740234375,-45.93186569213867,188.78806479531482,-226.29015698527368,-45.93925068002314,0.48707928899511554,0.3355411914987196,0.061959973508055786,3.5779296601582654e-05,6.195568010916645,8.25751386015569,3.066273123421652,nan,nan
299.46,189.18247985839844,-226.59202575683594,-45.93331527709961,188.79668413864565,-226.29463982582163,-45.94070264952003,0.487166606630727,0.3355874842872199,0.06198301890326266,3.507576806340183e-05,6.2195530057601704,8.307561776914056,nan,0.014757370981620856,nan
299.47,189.19110107421875,-226.59669494628906,-45.93473434448242,188.8053057192861,-226.29917086595054,-45.94226989004739,0.4872529309463871,0.33563386410274487,0.06200613002833545,3.578069516686944e-05,6.243089246298067,8.378713697638881,nan,nan,nan
299.48,189.19972229003906,-226.60140991210938,-45.936126708984375,188.8139310439465,-226.30375086888853,-45.94404009022603,0.48733808919012334,0.3356803300998739,0.062029306307538216,3.5077354239521935e-05,6.433722525289571,8.502279400937319,nan,0.03732980616641775,nan
299.49,189.20834350585938,-226.60617065429688,-45.93749237060547,188.8225517004544,-226.30837219473455,-45.94555508927427,0.487426145244242,0.3357268833876481,0.06205254857658939,3.578259373340675e-05,6.457654175636417,8.465066181330787,nan,nan,nan
299.5,189.2169647216797,-226.61094665527344,-45.93882751464844,188.85205420137567,-226.3189228874599,-45.946478843292084,0.46743567645888673,0.33566213283825047,0.062044881650559956,3.5058256066097744e-05,6.4341048954735,8.324199397004824,4.7212881609806,0.259285693299168,nan
299.51,189.2255859375,-226.61566162109375,-45.94013977050781,188.86071271346884,-226.3235553298669,-45.94793628193006,0.4674605230172385,0.33570849122947716,0.06206811065470684,3.576294064817e-05,6.453283738846411,8.472524699191123,nan,nan,nan
299.52,189.23419189453125,-226.6203155517578,-45.94142532348633,188.86935145682992,-226.32811567687898,-45.94826913234619,0.46747850173137945,0.3357549357658567,0.06209140506009031,3.506072945764815e-05,6.078946344362333,7.919932166920963,nan,0.8502748213674632,nan
299.53000000000003,189.24281311035156,-226.62489318847656,-45.942684173583984,188.87800900029882,-226.33261751676065,-45.949665566939295,0.46749956881428795,0.335801467459034,0.06211476559469936,3.576574319364804e-05,6.094772958206801,7.982892753187956,nan,nan,nan
299.54,189.25143432617188,-226.62937927246094,-45.94391632080078,188.88666296970175,-226.33703443874666,-45.95085000803906,0.46751654550315885,0.33584808560901586,0.06213819184374728,3.50636287658832e-05,6.0915537292809026,8.127804218911052,nan,0.024780192273994597,nan
299.55,189.2600555419922,-226.63377380371094,-45.945125579833984,188.8777039279043,-226.33351676609593,-45.95222217632762,0.486207164812238,0.3357833198500431,0.06213041340861438,3.574696541491534e-05,6.202017139950208,8.238340572515503,2.83262405800161,nan,nan
299.56,189.2686767578125,-226.63809204101562,-45.94630813598633,188.8862908227773,-226.33771830459224,-45.95107568441887,0.4862778160308516,0.33582974285151285,0.0621538255749635,3.504576977314202e-05,5.4305304097969636,7.390622580583436,nan,4.296582981221827,nan
299.57,189.2772979736328,-226.642333984375,-45.947471618652344,188.89491830183638,-226.34186649197056,-45.95235182256774,0.4863319275815751,0.3358762528789898,0.06217730401276536,3.5750579623822316e-05,5.437539909270301,7.136116807223204,nan,nan,nan
299.58,189.28591918945312,-226.64646911621094,-45.9486083984375,188.90352469972967,-226.34591367181008,-45.95230879514276,0.486387514093066,0.33592284932074806,0.062200848399111414,3.504943238866473e-05,5.150101179836613,7.29564304037857,nan,1.1842860097459498,nan
299.59000000000003,189.29452514648438,-226.65054321289062,-45.94972610473633,188.9121518012083,-226.34989390343597,-45.95352805726051,0.48642968381481105,0.3359695330565941,0.0622244593247005,3.575458415865815e-05,5.153495465525111,6.790984436673628,nan,nan,nan
299.6,189.3031463623047,-226.65452575683594,-45.9508171081543,188.904529085605,-226.3402774869434,-45.95516024257413,0.5076086792308897,0.33590475056401775,0.06221656552049633,3.503231055399157e-05,5.746488916198309,7.601606901870692,6.263074239194101,0.10020016060207011,nan
299.61,189.311767578125,-226.65843200683594,-45.95188903808594,188.9131391757732,-226.34406166919717,-45.95634204308859,0.5076939448153819,0.3359512388511637,0.062240161484497195,3.573693434476336e-05,5.752474080859134,7.484661068319955,nan,nan,nan
299.62,189.3203887939453,-226.66226196289062,-45.95294189453125,188.92177862865222,-226.3477893911287,-45.9594221663329,0.5077647646185783,0.3359978135059631,0.06226382362189731,3.5036654351358804e-05,6.385882691648134,8.035247905399729,nan,2.5944317135822033,nan
299.63,189.32901000976562,-226.66600036621094,-45.9539680480957,188.93038911935804,-226.351418440761,-45.96058251642069,0.5078426461812279,0.3360444753286452,0.06228755244580579,3.5741631754790885e-05,6.400186336466814,8.430401932647982,nan,nan,nan
299.64,189.33763122558594,-226.669677734375,-45.954978942871094,188.91626757367226,-226.38295117425,-45.96169355700697,0.5097102446274197,0.3355850991608877,0.06154462358861102,3.6460060953945016e-05,5.415034832353495,7.091909830497726,nan,nan,1.021006454955836
299.65000000000003,189.3462371826172,-226.67327880859375,-45.95596694946289,188.94203641750428,-226.38500612046607,-45.962691214191125,0.49651245399722765,0.33551891909207926,0.06153793302169576,3.7169992841941815e-05,5.934946966894394,7.277079867644822,15.909540367970731,nan,nan
299.66,189.3548583984375,-226.67681884765625,-45.95693588256836,188.9506677152431,-226.38845747587806,-45.96398367021751,0.4965602283970249,0.33556429358794565,0.061558419637323954,3.638449184594094e-05,6.074605809978425,7.343639406492764,nan,0.024161572873156404,nan
299.67,189.3634796142578,-226.68028259277344,-45.9578857421875,188.95929992839328,-226.39183146175657,-45.96506698749602,0.4966053198815398,0.33560975348887956,0.0615789674706233,3.711595261945488e-05,6.089441232864204,7.400344464565604,nan,nan,nan
299.68,189.37210083007812,-226.6836700439453,-45.95881652832031,188.96793441588778,-226.39511818458763,-45.96557725119535,0.4966471315451726,0.33565529889957957,0.06159957355490554,3.633347717501124e-05,5.948125922305922,7.332720337927043,nan,0.20139278876718913,nan
299.69,189.38072204589844,-226.68699645996094,-45.9597282409668,188.97656724073485,-226.39835398764683,-45.96661917930896,0.49669212636365856,0.33570093000586343,0.061620241062595206,3.7063661547182155e-05,5.961953499396975,7.290671473172797,nan,nan,nan
299.7,189.38934326171875,-226.69024658203125,-45.96062088012695,188.95747064798175,-226.3903419052535,-45.96764133906806,0.5258384319284143,0.335634761082468,0.061613490915013044,3.6261549853270504e-05,6.082297537098779,7.584150542269577,7.155356204626861,0.0026906145447289412,nan
299.71,189.39796447753906,-226.6934356689453,-45.96149826049805,188.9660576011826,-226.39342745199878,-45.96864831396766,0.5259273745908812,0.33568019941758054,0.06163415440202064,3.698961458234149e-05,6.095617633591177,7.477521522902827,nan,nan,nan
299.72,189.40658569335938,-226.69656372070312,-45.96235656738281,188.97464519645666,-226.39644669033538,-45.96957334984088,0.5260179718701273,0.3357257231859986,0.06165487655458201,3.62139493429469e-05,6.142362556307985,7.5361899076939425,nan,0.0028158706409098723,nan
299.73,189.4152069091797,-226.6996307373047,-45.963199615478516,188.9832329354406,-226.39940488644984,-45.97054679088126,0.5261093579246063,0.3357713325794933,0.061675660217006184,3.694089014188563e-05,6.156275830954396,7.47409215917887,nan,nan,nan
299.74,189.423828125,-226.70263671875,-45.96402359008789,188.99182034340714,-226.40230717019872,-45.97170580006709,0.5262010808046295,0.3358170276939293,0.0616965029078388,3.616801939424509e-05,6.317596553193002,7.678892870715907,nan,0.026878436029299627,nan
299.75,189.43246459960938,-226.70558166503906,-45.9648323059082,189.0184254676111,-226.41242884107416,-45.972480261522335,0.5073711385657939,0.3357508695019919,0.061689692918599395,3.6870600683497745e-05,6.239731663710504,7.557398700837429,4.161081096527019,nan,nan
299.76,189.4410858154297,-226.70848083496094,-45.96562194824219,189.0270587186243,-226.41512656454768,-45.97019801333504,0.507440740609716,0.3357963716655162,0.061710531099778865,3.610141613436854e-05,5.225149768230439,6.394778755612316,nan,6.817927650331172,nan
299.77,189.44970703125,-226.7113037109375,-45.966400146484375,189.0356792706541,-226.41785655543825,-45.97107627490155,0.5074958973150734,0.335841959382685,0.061731430887129166,3.682540247056268e-05,5.2294434231394895,6.488178800222085,nan,nan,nan
299.78000000000003,189.4583282470703,-226.71408081054688,-45.967159271240234,189.04430015604046,-226.42053198914792,-45.972025038486315,0.5075567420470647,0.3358876327440414,0.061752390093921465,3.60588580843914e-05,5.283586056754282,6.515384923700757,nan,0.004811493699273746,nan
299.79,189.4669647216797,-226.716796875,-45.9679069519043,189.05292216954268,-226.42314926334527,-45.972875069201876,0.5076266708912528,0.3359333919492694,0.06177341112840789,3.6781922736887034e-05,5.288643302047367,6.566999499685254,nan,nan,nan
299.8,189.4755859375,-226.71945190429688,-45.9686393737793,189.10532616814396,-226.44057627321965,-45.974707606124504,0.4635738752950866,0.3358672439487491,0.06176653565558422,3.599577159852101e-05,5.769045453980006,7.029159264551207,19.474798269529366,0.656486262408312,nan
299.81,189.4842071533203,-226.72206115722656,-45.96935272216797,189.114028989979,-226.44310206812528,-45.97553967386111,0.4635604862131929,0.3359128100209408,0.061787551518731144,3.671707428064971e-05,5.779994124891932,7.061118104544288,nan,nan,nan
299.82,189.4928436279297,-226.72462463378906,-45.970054626464844,189.1227353559923,-226.44555838034483,-45.975710111747944,0.4635623920052958,0.3359584616601964,0.06180862717605674,3.5956521669666164e-05,5.618503350097688,6.783145441662292,nan,0.2807035535698579,nan
299.83,189.50146484375,-226.7271270751953,-45.97074508666992,189.1314396972843,-226.4479798493556,-45.97650911674753,0.4635461214957109,0.33600419907077317,0.06182976477232584,3.6677033183215746e-05,5.626091376479467,6.808769626212802,nan,nan,nan
299.84000000000003,189.51010131835938,-226.72958374023438,-45.97141647338867,189.14014193665625,-226.45036668318022,-45.97792573981477,0.4635455528958809,0.33605002233641607,0.061850962510973204,3.5918880190795484e-05,5.891067489357142,7.198472735790807,nan,0.2661819612629982,nan
299.85,189.5187225341797,-226.73199462890625,-45.97208023071289,189.11101642831898,-226.43062921072766,-45.97871644293404,0.5070398636623226,0.33598388406595603,0.061844020512534986,3.6615743231099035e-05,6.446490300254016,7.28539103219754,17.261098044081432,nan,nan
299.86,189.52735900878906,-226.73435974121094,-45.97272491455078,189.11966471416838,-226.4328937336679,-45.98119428607172,0.5071174635369569,0.3360295140090628,0.06186521253665364,3.5860848262382217e-05,7.236606389503173,8.255854888593364,nan,1.9655765103998757,nan
299.87,189.53599548339844,-226.73666381835938,-45.97336196899414,189.12832167527367,-226.4350691386552,-45.98196671303659,0.5071797770779657,0.33607522964993475,0.061886466619036934,3.657905060217967e-05,7.252149978246543,8.25450964071541,nan,nan,nan
299.88,189.54461669921875,-226.7390594482422,-45.97408676147461,189.1369807939683,-226.4372497921645,-45.982457418387476,0.5072732672320213,0.336121031068568,0.06190778119761606,3.5826399671498613e-05,7.181345179227577,8.075800125767287,nan,0.06989346743381118,nan
299.89,189.55325317382812,-226.74151611328125,-45.97490692138672,189.1456389916638,-226.43951039374952,-45.983359288138274,0.5073738450443475,0.3361669184748022,0.06192915806978361,3.6543980980587756e-05,7.176891493899124,8.099795110151941,nan,nan,nan
299.90000000000003,189.5618896484375,-226.74404907226562,-45.97581100463867,189.13942815255075,-226.43312980018672,-45.98283554050929,0.5245892234512114,0.3361007893244476,0.06192214451505916,3.577164622153954e-05,6.8237132277148405,7.837256745235961,2.7106722096551423,1.6331516957617724,nan
299.91,189.57052612304688,-226.74664306640625,-45.976806640625,189.148067665471,-226.43551281047664,-45.98390425836676,0.5247128364256303,0.33614648321557794,0.06194351498913187,3.648776581347203e-05,6.821404407185805,7.840948428984513,nan,nan,nan
299.92,189.57916259765625,-226.7493133544922,-45.97789001464844,189.15671473168265,-226.43793390071164,-45.98362605347707,0.5248354654972921,0.3361922628068338,0.06196494629870253,3.574028760056447e-05,6.358290708304487,7.328106382555047,nan,1.3954321514525496,nan
299.93,189.58779907226562,-226.75204467773438,-45.979061126708984,189.16535554969818,-226.44045593941394,-45.98485783657408,0.5249568300847002,0.3362381283109521,0.06198644003356187,3.645589546940242e-05,6.355745475839426,7.371765605452119,nan,nan,nan
299.94,189.596435546875,-226.75485229492188,-45.980316162109375,189.17399983789883,-226.44303306254812,-45.98556004660481,0.525081574825239,0.33628407980361136,0.062007994939446524,3.5710424041805645e-05,6.200961809880031,7.204942529253225,nan,0.2577528739033933,nan
299.95,189.60507202148438,-226.75772094726562,-45.98165512084961,189.17094874291521,-226.43615312781284,-45.986756317451,0.540272991838403,0.3362179592646279,0.062000908162116425,3.640294549478361e-05,6.524143356372884,7.479710702040424,5.583644074902156,nan,nan
299.96,189.61370849609375,-226.7606658935547,-45.98308181762695,189.17959065177487,-226.43880937994697,-45.98618904225595,0.5404253629805651,0.33626371704322194,0.062022456075966785,3.566031653299922e-05,6.0780357609604305,6.881125005733115,nan,2.8485645359410667,nan
299.97,189.62234497070312,-226.76365661621094,-45.984588623046875,189.18822298943206,-226.44157396986694,-45.98773274980562,0.5405636051675528,0.33630956065892426,0.06204406655315857,3.637415213685672e-05,6.07554467956696,7.092808855172897,nan,nan,nan
299.98,189.6309814453125,-226.7667236328125,-45.986175537109375,189.19685082833377,-226.4444231231202,-45.99033756298435,0.5407072531468718,0.33635549018536454,0.06206573852229727,3.5633380219882125e-05,6.287193887665209,7.2869357608678635,nan,0.6509034967068671,nan
299.99,189.63961791992188,-226.76986694335938,-45.98784637451172,189.20548370987382,-226.44731688449443,-45.9920565306416,0.5408592961413072,0.33640150583833844,0.06208747330194934,3.63468438155438e-05,6.286877805664213,7.143537598933616,nan,nan,nan
300.0,189.64825439453125,-226.77305603027344,-45.989593505859375,189.20803228192452,-226.44708068427383,-45.99525019230326,0.5478023664872438,0.33633539323880324,0.06208030875200298,3.5586241252712775e-05,6.773583958834986,7.8703437555357025,0.3884304781131061,1.290399064109546,nan
300.01,189.65689086914062,-226.7763214111328,-45.99142074584961,189.216656648671,-226.45009426103795,-45.997145068457684,0.5479626722695927,0.3363812149749439,0.062102035832994444,3.629848959494855e-05,6.775068844692078,7.769714462170914,nan,nan,nan
300.02,189.66552734375,-226.77963256835938,-45.99332809448242,189.22528468743522,-226.45315628373888,-45.99838865493912,0.5481112753180993,0.33642712254367557,0.06212382471403593,3.556210531068481e-05,6.589139524596988,7.636520656137512,nan,0.3650256631744004,nan
300.03000000000003,189.67416381835938,-226.78302001953125,-45.99531173706055,189.23390902490294,-226.4562931079643,-46.00043438442199,0.5482709179041183,0.3364731161620231,0.062145676553575405,3.6274071282971576e-05,6.590192241902658,7.581320841723839,nan,nan,nan
300.04,189.68280029296875,-226.7864532470703,-45.997337341308594,189.2425284221517,-226.45950818097927,-46.003527793912916,0.5484256724274138,0.33651919590177304,0.06216759051793007,3.5539318999790856e-05,6.9417188702632355,8.093038501865644,nan,0.6654123290951879,nan
300.05,189.69143676757812,-226.78994750976562,-45.999366760253906,189.2701088477559,-226.46685852699943,-46.0055960922651,0.5309825904715985,0.3364530906852689,0.06216034604029664,3.622863340808014e-05,7.176806746094738,8.098867575630965,5.378319339116405,nan,nan
300.06,189.7000732421875,-226.79351806640625,-46.00137710571289,189.27878566793646,-226.4701251227933,-46.0049079373894,0.5311108010286618,0.3364989763000122,0.062182251664661715,3.549633437406244e-05,6.455503479520539,7.274301272110707,nan,5.45596239824256,nan
300.07,189.70870971679688,-226.79713439941406,-46.00335693359375,189.2874482196934,-226.4734987821929,-46.00698842970688,0.5312385993506101,0.33654494788647105,0.062204220400248346,3.62069647821329e-05,6.466151017645028,7.384164328174838,nan,nan,nan
300.08,189.71734619140625,-226.80079650878906,-46.00530242919922,189.29611085126618,-226.47692912672818,-46.00898271749148,0.5313594239945367,0.33659100551597204,0.06222625155276659,3.547615865418673e-05,6.480404339406579,7.48406745333726,nan,0.0021065613979628127,nan
300.09000000000003,189.7259979248047,-226.80453491210938,-46.0072135925293,189.304772991547,-226.48041750749942,-46.01099771264461,0.5315043329400833,0.3366371494062378,0.06224834607366731,3.6186618612936025e-05,6.491968919665879,7.390484663043808,nan,nan,nan
300.1,189.73463439941406,-226.80831909179688,-46.00908660888672,189.31576194497828,-226.49319495341592,-46.013040554660385,0.5241879332477786,0.3365710508468431,0.062241017488888224,3.543579415481742e-05,5.940556296661239,7.049396719540724,7.783910968898774,0.002566598585299732,nan
300.11,189.74327087402344,-226.81216430664062,-46.010921478271484,189.32441256793524,-226.4968276523206,-46.014985353634344,0.5243052557621205,0.3366170003994499,0.06226310293910654,3.614523660604134e-05,5.952600487231148,7.058113538373697,nan,nan,nan
300.12,189.7519073486328,-226.81605529785156,-46.01272201538086,189.33306048174435,-226.5005235426672,-46.01742007425514,0.5244187813085941,0.3366630359163511,0.06228525108713274,3.541809022931439e-05,6.114494690562996,7.243004547518254,nan,0.19029222591177813,nan
300.13,189.7605438232422,-226.82000732421875,-46.014488220214844,189.34171080987943,-226.5042659826302,-46.019299580169076,0.5245348768721507,0.3367091576150216,0.062307462763918846,3.6127434208498985e-05,6.128112250455757,7.168403216347731,nan,nan,nan
300.14,189.76918029785156,-226.8240203857422,-46.01621627807617,189.35036566793656,-226.5080481058007,-46.02017897055195,0.5246521503376537,0.33675536556713936,0.0623297374543068,3.540157376719093e-05,5.927402935172298,6.986623967045898,nan,0.6433918538714269,nan
300.15000000000003,189.77780151367188,-226.8280792236328,-46.017913818359375,189.38131180250306,-226.51314291596412,-46.022019172554316,0.506365305766282,0.3366892730606997,0.06232232223391518,3.608859462586839e-05,6.482557165733003,7.3086016716228475,12.133881446564171,nan,nan
300.16,189.78643798828125,-226.83218383789062,-46.01957321166992,189.39000698342977,-226.51704580812873,-46.02481504946036,0.5064553250516624,0.3367352864579994,0.06234458716811387,3.5364833294753426e-05,6.789036483534351,7.822144714932694,nan,0.7284364607469673,nan
300.17,189.79507446289062,-226.8363494873047,-46.021202087402344,189.39870688057292,-226.52098621035293,-46.02656222925529,0.5065471230624252,0.3367813859571485,0.06236691579470927,3.607318865198827e-05,6.80568446705929,7.692019098778847,nan,nan,nan
300.18,189.8037109375,-226.84056091308594,-46.022796630859375,189.40740342019345,-226.52498598237779,-46.02885921367694,0.5066398524351977,0.33682757163070465,0.06238930770200291,3.535058781172287e-05,7.045607242489787,8.022081339940264,nan,0.23411808368325965,nan
300.19,189.81234741210938,-226.84483337402344,-46.02436065673828,189.41610234626876,-226.52902882931767,-46.03054896328845,0.5067355896301469,0.3368738436948467,0.06241176356711612,3.605893198207959e-05,7.065234908286677,7.921744306575263,nan,nan,nan
300.2,189.82098388671875,-226.84913635253906,-46.02589416503906,189.48556632542005,-226.5665676534589,-46.0320844852685,0.4386209413513791,0.3368077564689482,0.06240425781129131,3.5316106368004294e-05,6.3821619476688,7.905726305104942,39.04957502445935,0.03222414366687319,nan
300.21,189.82962036132812,-226.85350036621094,-46.02739715576172,189.49435076644556,-226.57078176704917,-46.03371351313145,0.4386062059924956,0.33685383375609795,0.0624267031646558,3.602358789655354e-05,6.39993837680539,7.775426659909705,nan,nan,nan
300.22,189.8382568359375,-226.85791015625,-46.028865814208984,189.50313800566076,-226.57503676731196,-46.0346535910788,0.4385834959690565,0.33689999713816926,0.06244921205601268,3.530399043519882e-05,6.236351156477166,7.763979481743392,nan,0.30186370821313696,nan
300.23,189.8468780517578,-226.8623809814453,-46.030311584472656,189.51192147693314,-226.57934845041012,-46.03621808447101,0.4385638008143091,0.33694624682990515,0.062471785074405956,3.601151733642627e-05,6.252555927832535,7.483615907592583,nan,nan,nan
300.24,189.8555145263672,-226.86688232421875,-46.03172302246094,189.52072187990242,-226.58366614438566,-46.03422470388834,0.4385245478375106,0.3369925829059833,0.062494421939255876,3.529289493372394e-05,5.455771466776679,7.003214866847259,nan,8.649377449138091,nan
300.25,189.86415100097656,-226.8714141845703,-46.03310775756836,189.48632018246767,-226.55916525925224,-46.0358295606508,0.49016622383576636,0.33692650030925975,0.062486822842746155,3.5978339970010185e-05,6.36120556129177,7.297390366265127,28.542113775261264,nan,nan
300.26,189.87277221679688,-226.8759002685547,-46.03446578979492,189.49504248302836,-226.5634927986767,-46.03873352563742,0.4902003596261719,0.3369726413824214,0.06250944846919801,3.526150246648555e-05,6.665904991016933,7.6351136127711445,nan,1.4706012965428086,nan
300.27,189.88140869140625,-226.88031005859375,-46.035797119140625,189.50377138104417,-226.56775378819117,-46.04017152509145,0.4902249440541521,0.33701886868347036,0.0625321383938344,3.5968309485122424e-05,6.673044992939824,7.763187637960252,nan,nan,nan
300.28000000000003,189.89004516601562,-226.88465881347656,-46.03710174560547,189.51249623696242,-226.5719540653787,-46.04233761067968,0.49025999999515646,0.33706518228899196,0.06255489241043487,3.52523368441393e-05,6.910903012479464,7.890086079749059,nan,0.3954188104855403,nan
300.29,189.89866638183594,-226.88893127441406,-46.03837966918945,189.52122439368327,-226.57606882334608,-46.04373216163592,0.49027952933433416,0.337111582410901,0.06257771099733535,3.595925526916333e-05,6.922636951831807,7.883808686405465,nan,nan,nan
300.3,189.9073028564453,-226.89312744140625,-46.039634704589844,189.51744513930348,-226.5705476328341,-46.04469557054274,0.5060359521592191,0.3370455036312241,0.06257001486661917,3.522284904972423e-05,7.210144448549347,7.988907734997826,3.1560795052527144,0.1174288841576059,nan
300.31,189.9159393310547,-226.89723205566406,-46.040863037109375,189.52615933006334,-226.57447570218193,-46.0460372971707,0.5060898001867694,0.33709170851890763,0.0625928214341193,3.592902292682628e-05,7.220582871345965,8.10451449896307,nan,nan,nan
300.32,189.924560546875,-226.9012451171875,-46.04206466674805,189.53487994305218,-226.5783089362852,-46.04598299668469,0.5061166893523459,0.3371379996306879,0.0626156923305733,3.521547615603081e-05,6.90349231427886,7.899132516825714,nan,1.3132379537092225,nan
300.33,189.93319702148438,-226.9051971435547,-46.04324722290039,189.54359373081286,-226.582075080783,-46.047264143833495,0.506176577101003,0.33718437717617844,0.06263862797220708,3.5921804886299365e-05,6.909781037810532,7.672927989293761,nan,nan,nan
300.34000000000003,189.9418182373047,-226.9090576171875,-46.044403076171875,189.55231005935062,-226.58575698129047,-46.04795024424577,0.5062138918143854,0.33723084123537544,0.06266162824540193,3.520896068361125e-05,6.810512604209579,7.726104866112511,nan,0.2284825517415051,nan
300.35,189.95045471191406,-226.91285705566406,-46.045536041259766,189.55583698636693,-226.58150003989397,-46.04923442989424,0.515300203080252,0.33716476557541714,0.06265383207800986,3.5893378903941666e-05,7.28654458279187,8.066667825956385,3.4623552960678947,nan,nan
300.36,189.95907592773438,-226.91656494140625,-46.04664611816406,189.56453960129195,-226.5850318219777,-46.052954432561215,0.5153764808285621,0.33721103416592646,0.06267681956685514,3.518204717184461e-05,8.029972459349517,8.875645451176474,nan,4.40360390901844,nan
300.37,189.96771240234375,-226.92019653320312,-46.047733306884766,189.5732539552311,-226.58846690869714,-46.054167295200926,0.5154448626953694,0.3372573891066825,0.06269987197652442,3.588785835875825e-05,8.045111372900825,8.93589778302614,nan,nan,nan
300.38,189.97633361816406,-226.92376708984375,-46.04880142211914,189.58197182783238,-226.59182236241304,-46.05460451531995,0.5155018910085183,0.33730383048029394,0.06272298924472235,3.5177134760242786e-05,7.843078368605818,8.574764457348898,nan,0.3979655515305547,nan
300.39,189.98497009277344,-226.92726135253906,-46.04984664916992,189.59068622396214,-226.5951122021469,-46.05576822653158,0.515575302346308,0.33735035849249356,0.0627461717111563,3.588314896850564e-05,7.856276545310677,8.668570631629041,nan,nan,nan
300.40000000000003,189.9936065673828,-226.93069458007812,-46.05086898803711,189.59459054717962,-226.59924432180674,-46.05670485800155,0.5187553522280092,0.3372842851063526,0.0627382719622794,3.5151792252128155e-05,7.648548679163449,8.477234771032029,1.190136771594723,0.014957351332125784,nan
300.41,190.00222778320312,-226.93405151367188,-46.05187225341797,189.60329236606864,-226.6024017387027,-46.057826094814494,0.5188222128135465,0.3373306174098185,0.06276144083757414,3.5857149254019265e-05,7.66183436299143,8.472304727676475,nan,nan,nan
300.42,190.0108642578125,-226.93734741210938,-46.0528564453125,189.6119995164113,-226.60548312315544,-46.057780491873444,0.5188942420671988,0.3373770360647254,0.06278467479097277,3.514835489534281e-05,7.356651223252113,8.132416988245481,nan,0.9220864911344033,nan
300.43,190.01950073242188,-226.94056701660156,-46.0538215637207,189.6207017193488,-226.60850665886932,-46.058852191813834,0.5189701737328805,0.3374235412739548,0.06280797412037092,3.585394749391766e-05,7.365498952984904,8.18809961462289,nan,nan,nan
300.44,190.0281219482422,-226.9437255859375,-46.05476760864258,189.6294084364105,-226.61145871443276,-46.05895669222786,0.5190291772511355,0.33747013312434954,0.06283133882591646,3.514562228518969e-05,7.15250583939133,7.914527142146758,nan,0.630025882053836,nan
300.45,190.03675842285156,-226.9468231201172,-46.055694580078125,189.60806409564518,-226.6005144898146,-46.05998359669903,0.551114225242431,0.3374040612707288,0.06282333236024577,3.5829421001130325e-05,7.349330580698627,8.166720543790593,8.107616668510996,nan,nan
300.46,190.04539489746094,-226.94985961914062,-46.056602478027344,189.61671996581256,-226.60332142919734,-46.060938644988475,0.5512437904020536,0.33745045716963,0.06284668267404511,3.512237720641046e-05,7.364959790553894,8.191213273893021,nan,0.0019415875454158744,nan
300.47,190.05401611328125,-226.9528350830078,-46.057491302490234,189.62537601212878,-226.60606748803065,-46.061928422871645,0.5513617589927003,0.33749693953786597,0.06287009854136937,3.58275996312127e-05,7.373290507376633,8.166551835571779,nan,nan,nan
300.48,190.06265258789062,-226.95574951171875,-46.05836486816406,189.63403227318753,-226.60875378929452,-46.06294533849848,0.5514910572850438,0.33754350846529635,0.06289357999592458,3.5120946009851085e-05,7.414775166915691,8.215804900278746,nan,0.0013595265007203213,nan
300.49,190.0712890625,-226.9586181640625,-46.05921936035156,189.64268917172157,-226.6113810652571,-46.063902103118004,0.5516279518315715,0.3375901641503152,0.06291712728549792,3.582643756224858e-05,7.424025523386356,8.210795553127545,nan,nan,nan
300.5,190.07992553710938,-226.96141052246094,-46.060054779052734,189.67588912060359,-226.63136542951673,-46.06531517126873,0.5217306402403964,0.3375240929546457,0.06290901066317138,3.5098968241617615e-05,7.025810766308558,8.063926071331158,10.047335730738416,0.09861668576286954,nan
300.51,190.08856201171875,-226.9641571044922,-46.060874938964844,189.68457644920431,-226.63392051698938,-46.06624557417841,0.5218135511542444,0.3375705524397864,0.06293254272830796,3.580386485372234e-05,7.036080318781323,7.9560894809576235,nan,nan,nan
300.52,190.09719848632812,-226.96685791015625,-46.06167984008789,189.69326702259858,-226.63641683874798,-46.066492676779106,0.521895672008458,0.3376170984015392,0.0629561405853328,3.509872273375076e-05,6.884149987158022,7.71237058294567,nan,0.31307233145650454,nan
300.53000000000003,190.1058349609375,-226.969482421875,-46.062469482421875,189.70195538116448,-226.6388623311312,-46.06738564480756,0.5219698535487144,0.3376637310351772,0.06297980445564572,3.58039122676429e-05,6.891402514491909,7.866063021401541,nan,nan,nan
300.54,190.11447143554688,-226.97207641601562,-46.0632438659668,189.71064215406548,-226.64125721388396,-46.06880323859756,0.5220635399114333,0.337710450435201,0.06300353441243751,3.509904376430117e-05,7.090702726934325,7.884320289386082,nan,0.20441830955345927,nan
300.55,190.12310791015625,-226.974609375,-46.06399917602539,189.7165347336493,-226.63424414638084,-46.06958970157028,0.5302654907532612,0.3376443791148848,0.06299530441642237,3.578251432252875e-05,7.688209367490398,8.501634376078739,6.072899148451253,nan,nan
300.56,190.13174438476562,-226.9770965576172,-46.06474304199219,189.72523254845296,-226.63650380694548,-46.07055995479063,0.5303669779944004,0.33769090206423114,0.06301901831495395,3.507873548375419e-05,7.773872658956546,8.459590826556429,nan,0.009695657749439382,nan
300.57,190.140380859375,-226.97952270507812,-46.065467834472656,189.7339314811628,-226.63871290166864,-46.07139986201635,0.5304598081851861,0.33773751159909277,0.0630427984039648,3.57836578720507e-05,7.7863665789716965,8.645923428796266,nan,nan,nan
300.58,190.14901733398438,-226.98190307617188,-46.06618118286133,189.74263481036877,-226.6408690959309,-46.0712929676086,0.5305441183563294,0.3377842078171346,0.06306664477691981,3.508008823727417e-05,7.541800532939806,8.298903890792664,nan,0.6119646431676633,nan
300.59000000000003,190.15765380859375,-226.98423767089844,-46.0668830871582,189.75133493804884,-226.64298109504347,-46.07209646983444,0.5306394769370987,0.337830990908918,0.06309055762489406,3.578532540321455e-05,7.550529983986745,8.230724370610206,nan,nan,nan
300.6,190.16629028320312,-226.98654174804688,-46.06756591796875,189.77246879632523,-226.65271659279273,-46.07092765491101,0.5162808335416312,0.33776491856505736,0.0630822108883688,3.506077896239394e-05,6.9131000735493275,7.6596594726435825,1.8542957875237156,2.726950681334039,nan
300.61,190.17494201660156,-226.98878479003906,-46.0682373046875,189.78118672235217,-226.65475235552077,-46.07168570382916,0.5163649780109796,0.3378115049498322,0.06310610681960138,3.576546354392119e-05,6.916761929870999,7.739177495883522,nan,nan,nan
300.62,190.18357849121094,-226.99098205566406,-46.06889343261719,189.78989836820801,-226.65674905278715,-46.07425443198346,0.5164537537610906,0.3378581779339329,0.06313006922662902,3.5063061703761525e-05,7.397839497551423,8.24466851809484,nan,2.338499357424006,nan
300.63,190.1922149658203,-226.99313354492188,-46.06953811645508,189.79861781372702,-226.65869537334308,-46.07500584700459,0.5165244474584728,0.33790493770476165,0.06315409828546835,3.576807795858805e-05,7.407753208662397,8.22294653018718,nan,nan,nan
300.64,190.20086669921875,-226.99525451660156,-46.07017135620117,189.68503721125379,-226.66278768358117,-46.07350146761435,0.6136980897435073,0.33086145983739024,0.0631759079665534,3.506532722772772e-05,4.864360616891535,5.597706424923548,nan,3.4438459232893424,2.1098499135547892
300.65000000000003,190.20950317382812,-226.9974365234375,-46.07089614868164,189.7044360601242,-226.67324965278232,-46.07431140558489,0.600167960182914,0.33078888470801565,0.06316752336822563,3.574865781260495e-05,4.593868627012632,5.521027535858519,2.9447928809649615,nan,nan
300.66,190.21815490722656,-226.99969482421875,-46.07170867919922,189.7131620548576,-226.67534396683817,-46.07436711649569,0.6001902422699922,0.330830465445165,0.06319142972935723,3.504732931763124e-05,4.466403187135208,5.505662501771094,nan,0.44515548569536245,nan
300.67,190.22679138183594,-227.0020294189453,-46.07261276245117,189.72184515860766,-226.6775146324946,-46.07530125866256,0.6002397545893914,0.33087213528433956,0.06321539648745363,3.575213623765841e-05,4.464615706655134,5.417598861246902,nan,nan,nan
300.68,190.23544311523438,-227.0044403076172,-46.0736083984375,189.73055145104234,-226.6797566399676,-46.0759018671,0.6002835468405708,0.33091388604384175,0.06323942375350718,3.505086938046987e-05,4.410045275991889,5.308108310394344,nan,0.12642037430325923,nan
300.69,190.24407958984375,-227.00692749023438,-46.07468795776367,189.7392354902434,-226.68207216575604,-46.07701116418374,0.6003365256514721,0.3309557260585687,0.06326351170291528,3.575602131000479e-05,4.409078126508392,5.365156420341652,nan,nan,nan
300.7,190.2527313232422,-227.0094757080078,-46.07585525512695,189.73965929437625,-226.68215888541314,-46.0778300147798,0.6085910850758186,0.330883291100445,0.06325501771481057,3.503363953620175e-05,4.322842625564479,5.407992283119765,1.1439864744572934,0.1280326933646348,nan
300.71,190.26136779785156,-227.0120849609375,-46.07710647583008,189.74832642016372,-226.68461471879323,-46.079111210826916,0.6086478732997219,0.3309249578336989,0.06327908475903753,3.573826640206746e-05,4.32074203036056,5.5171749472879785,nan,nan,nan
300.72,190.27001953125,-227.01478576660156,-46.07844543457031,189.75695618669351,-226.68714222268252,-46.08120243715655,0.6087625879294604,0.330966705690249,0.06330321255758266,3.5037889513818414e-05,4.422965794760488,5.409553927710748,nan,0.3691531675301632,nan
300.73,190.27867126464844,-227.0175323486328,-46.079864501953125,189.76562371796027,-226.68973640115578,-46.08266221856864,0.6088315001405348,0.3310085424656771,0.06332740127611557,3.574287299560184e-05,4.42131418425712,5.72928215101999,nan,nan,nan
300.74,190.2873077392578,-227.02035522460938,-46.08137130737305,189.77419482052025,-226.69240310548835,-46.086099449167804,0.6089826065957717,0.33105046078556105,0.06335165103981309,3.504248067218186e-05,4.837435515761812,5.887576948407755,nan,2.5248539893831796,nan
300.75,190.29595947265625,-227.02325439453125,-46.08295440673828,189.779222870443,-226.68868624273526,-46.08762485594755,0.6156089484071068,0.33097817293547976,0.063343044961272,3.572581203461616e-05,5.136003404639545,6.185809163362932,4.132423456754159,nan,nan
300.76,190.3046112060547,-227.02621459960938,-46.08462142944336,189.78792141761912,-226.69146101476625,-46.08892719866872,0.6156677997812959,0.33101991797416636,0.0633672731887082,3.5026229577467733e-05,5.052533813597174,6.062036295930931,nan,0.12655631718244365,nan
300.77,190.31326293945312,-227.02923583984375,-46.086368560791016,189.79659910635576,-226.69430214205659,-46.090730469760786,0.6157443662707027,0.3310617516005161,0.0633915625702067,3.5731056858769104e-05,5.053202564452098,6.103175824318775,nan,nan,nan
300.78000000000003,190.3218994140625,-227.03231811523438,-46.08819580078125,189.80531624812897,-226.6972064145496,-46.09181660145644,0.6157687304981213,0.3311036669642343,0.06341591323797904,3.50314195695832e-05,4.892558419649868,5.919466408986198,nan,0.44849010985064663,nan
300.79,190.33055114746094,-227.0354766845703,-46.0900993347168,189.81399426700753,-226.7001763123725,-46.09377210599074,0.6158496891194993,0.33114567107598414,0.06344032534744834,3.5736609445686684e-05,4.893777488167658,5.937143729368096,nan,nan,nan
300.8,190.33920288085938,-227.03868103027344,-46.092079162597656,189.84806444919158,-226.71785398006267,-46.09458286103261,0.5866457395344262,0.3310735220219966,0.06343160442328558,3.5015743237798925e-05,4.378979449739454,5.740819475530704,6.544929089117082,1.0123633944416108,nan
300.81,190.3478546142578,-227.04196166992188,-46.0941047668457,189.8567732442475,-226.7209810168433,-46.09666648728568,0.5866822428142534,0.3311153525812875,0.06345599434540168,3.572042350418725e-05,4.3807821798358955,5.579911197148458,nan,nan,nan
300.82,190.3564910888672,-227.04530334472656,-46.096134185791016,189.8654715063686,-226.72417024916703,-46.09899327392761,0.5867153226614253,0.33115726506230087,0.06348044579033016,3.502145908977393e-05,4.427881941598817,5.564297807727661,nan,0.033851499532951336,nan
300.83,190.36514282226562,-227.04869079589844,-46.098140716552734,189.87417989829126,-226.7274202602699,-46.101095428236526,0.5867436238270026,0.33119926597059074,0.06350495890871408,3.572650969560186e-05,4.4349279790393075,5.851951566457507,nan,nan,nan
300.84000000000003,190.37379455566406,-227.05215454101562,-46.10011672973633,189.88286611311307,-226.73073126950777,-46.10364496078724,0.5868015879210843,0.33124134921217935,0.06352953383974548,3.50274297252663e-05,4.542999380818381,5.849964222844489,nan,0.15610068973846475,nan
300.85,190.38243103027344,-227.05567932128906,-46.1020622253418,189.8673418982411,-226.71840158310394,-46.10580043385315,0.6157004635502273,0.3311693444573147,0.06352069532993504,3.5710835368981314e-05,4.996983945091704,6.042285347327291,7.940873505249869,nan,nan
300.86,190.39108276367188,-227.0592498779297,-46.10396957397461,189.8760515513852,-226.72179449402586,-46.10724280637921,0.6157467010106913,0.33121125411995184,0.06354524740929346,3.501246976668394e-05,4.908796163430975,6.144337390947018,nan,0.23658452472197053,nan
300.87,190.3997344970703,-227.06288146972656,-46.10584259033203,189.88473458081486,-226.72524621580112,-46.10922319667807,0.6158197032701069,0.3312532518971924,0.06356986139096908,3.571738633541165e-05,4.9200267331584575,6.06556388088485,nan,nan,nan
300.88,190.4083709716797,-227.0665740966797,-46.1076774597168,189.89342695234254,-226.72875538422073,-46.11095381076226,0.6158730064020491,0.33129533217779583,0.06359453741708784,3.501887590073673e-05,4.904410175621896,6.0337316082053665,nan,0.032358519736057564,nan
300.89,190.41702270507812,-227.07032775878906,-46.109474182128906,189.90210960913197,-226.73232160666169,-46.11286092935506,0.6159505867434374,0.33133750074422763,0.06361927563401422,3.572416390194745e-05,4.916634692189157,6.10366571963523,nan,nan,nan
300.90000000000003,190.42567443847656,-227.07412719726562,-46.11124038696289,189.88709922992646,-226.7284065092181,-46.11418498175865,0.6399958750236957,0.3312656331109469,0.06361031677684828,3.500433303430538e-05,4.764010074275981,5.908526662126235,7.5473577118633495,0.1323559356364773,nan
300.91,190.43431091308594,-227.07798767089844,-46.11296463012695,189.8957341075246,-226.73207613921116,-46.11601578018161,0.6401008301506579,0.3313076278215467,0.06363503146050599,3.5709118666675065e-05,4.774459673355287,6.01400899885139,nan,nan,nan
300.92,190.44296264648438,-227.08189392089844,-46.11465835571289,189.90436415524925,-226.73580076063882,-46.11791796634859,0.6402182716860954,0.33134970519479257,0.06365980841614644,3.501111505304098e-05,4.813718871621826,6.075199031392232,nan,0.007813712832017638,nan
300.93,190.45159912109375,-227.0858612060547,-46.11631774902344,189.91299819960045,-226.73957963071604,-46.11968289738308,0.6403227360292075,0.3313918705551705,0.06368464778870477,3.571627714786736e-05,4.824523752750762,5.980203102666882,nan,nan,nan
300.94,190.4602508544922,-227.0898895263672,-46.11794662475586,189.9216754609927,-226.7434119481184,-46.120371783230034,0.640403035678236,0.3314341189773958,0.06370954972240678,3.501808187835849e-05,4.672702346025072,5.769963115762832,nan,0.768274077415603,nan
300.95,190.46888732910156,-227.09396362304688,-46.11954116821289,189.90780050471676,-226.73469944837925,-46.12218891614674,0.6662553431432692,0.3313623926452078,0.06370046775470875,3.570159678585978e-05,4.971089711636402,6.165006876186271,5.582136045387699,nan,nan
300.96,190.4775390625,-227.09808349609375,-46.12110137939453,189.91640425736344,-226.73861124607183,-46.123850979175074,0.6664083795769855,0.33140446952864755,0.06372534545897753,3.642056289874266e-05,4.979207048909451,6.3925095766718325,nan,nan,nan
300.97,190.48617553710938,-227.10226440429688,-46.12263488769531,189.92500750824854,-226.74257482379454,-46.125482650849804,0.6665540193356295,0.33144663173956035,0.06375028580312271,3.7153983640230663e-05,4.987697842119538,6.120626253752418,nan,nan,nan
300.98,190.4948272705078,-227.1064910888672,-46.1241340637207,189.93360360678705,-226.74658962239135,-46.12725103564185,0.6667164178311294,0.3314888769707838,0.0637752889316112,3.6370327637421085e-05,5.033613826056764,6.408170695197072,nan,0.018116326117326706,nan
300.99,190.5034637451172,-227.11077880859375,-46.12560272216797,189.94220586336644,-226.75065509214,-46.12882523791613,0.666865717807978,0.33153121026852556,0.06380035498902004,3.71024133232356e-05,5.044408310863803,6.292234949083309,nan,nan,nan
301.0,190.51210021972656,-227.1150665283203,-46.127044677734375,189.94119661930085,-226.7536816831293,-46.12970781515083,0.6756752323518139,0.3314596189182463,0.06379114714026275,3.6298898750402385e-05,4.810408537599124,6.16017501436635,2.522981838858987,0.24651767263165708,nan
301.01,190.520751953125,-227.11932373046875,-46.12845993041992,189.94977332627906,-226.75777014152212,-46.131218002218745,0.6758292661280046,0.33150177802509434,0.06381618825678162,3.7028801291902214e-05,4.814684399063015,6.178785860105004,nan,nan,nan
301.02,190.52938842773438,-227.12351989746094,-46.12984085083008,189.95835269145246,-226.76181054498608,-46.13261650390476,0.6759609249274707,0.3315440203115846,0.0638412923768386,3.6251759009180636e-05,4.815539489319848,6.274194219349475,nan,0.004654553915908829,nan
301.03000000000003,190.53802490234375,-227.1276397705078,-46.13119888305664,189.96692833527854,-226.765785461644,-46.13407139292486,0.6760902906194778,0.33158635036287215,0.0638664596456861,3.6980477341799986e-05,4.819233664732811,6.170129773542666,nan,nan,nan
301.04,190.54666137695312,-227.13169860839844,-46.132530212402344,189.9755197044014,-226.76968745406887,-46.1350691772579,0.6762110116869972,0.3316287639918558,0.06389169020682336,3.620614510130598e-05,4.76796840625215,6.025606228625396,nan,0.12231800969657625,nan
301.05,190.55531311035156,-227.1356658935547,-46.13383102416992,189.97852556449368,-226.76982609213948,-46.13635857403028,0.6830292979547604,0.3315573109520313,0.06388235370332992,3.691033373346026e-05,4.863761037713827,6.42989659257412,0.9044777418485878,nan,nan
301.06,190.56394958496094,-227.13955688476562,-46.135108947753906,189.98708038930266,-226.7735647826079,-46.13813046029006,0.6831818332473855,0.3315995503169392,0.06390755859690712,3.613962148994717e-05,4.936463529721371,6.289190398545769,nan,0.10603596944462781,nan
301.07,190.5725860595703,-227.14337158203125,-46.13636016845703,189.99564972344524,-226.7772263858301,-46.1394813019156,0.683320994933329,0.33164187715985155,0.06393282685579653,3.6865260114806546e-05,4.941317800622363,6.329424245099814,nan,nan,nan
301.08,190.5812225341797,-227.14710998535156,-46.13758850097656,190.00420090171977,-226.78081127869126,-46.141316617263854,0.68347831397841,0.33168428771575215,0.0639581586221467,3.609712457396276e-05,5.055331315810588,6.387223827398932,nan,0.171592563091032,nan
301.09000000000003,190.58987426757812,-227.15078735351562,-46.138790130615234,190.01277003746893,-226.78432166202003,-46.14262450345488,0.6836381337142826,0.3317267859372974,0.06398355404316938,3.682178043476438e-05,5.063292112786365,6.495964636313566,nan,nan,nan
301.1,190.5985107421875,-227.1543731689453,-46.13996887207031,190.01445059840572,-226.7861602128285,-46.14413262505081,0.6904522933885937,0.33165546567769666,0.06397408610627259,3.6033890269649544e-05,5.091523534505556,6.5757878195389345,0.7783584517257183,0.03955694957799567,nan
301.11,190.60714721679688,-227.15789794921875,-46.1411247253418,190.0230044360609,-226.78952425196704,-46.145396538999854,0.6906085848762653,0.33169778934273175,0.06399945511916695,3.675672019760049e-05,5.100441240363126,6.502970975229414,nan,nan,nan
301.12,190.61578369140625,-227.16134643554688,-46.14225769042969,190.03155677098556,-226.79281749460844,-46.146682063032166,0.6907635267777038,0.33174019684034317,0.06402488785088115,3.599448441978593e-05,5.141059835795275,6.581197328049458,nan,0.001275348136578588,nan
301.13,190.62442016601562,-227.16473388671875,-46.14336395263672,190.0401106887927,-226.79604127009,-46.14790247815701,0.6909214202374754,0.3317826917386368,0.06405038445046216,3.671646258801077e-05,5.151985411455791,6.662677728944026,nan,nan,nan
301.14,190.63307189941406,-227.1680450439453,-46.14445495605469,190.04868158380773,-226.7991975737027,-46.148591279091846,0.6910698998271421,0.3318252708490068,0.06407594505739878,3.5956589721324697e-05,5.059746587603223,6.552190962808982,nan,0.17400459819931358,nan
301.15000000000003,190.64170837402344,-227.17129516601562,-46.1455192565918,190.08511736678201,-226.81420510626984,-46.1498021020141,0.6613056803598333,0.3317540855404757,0.06406634291275157,3.665477044026104e-05,4.987368364387521,6.2872859439713995,7.148599850719228,nan,nan
301.16,190.6503448486328,-227.1744842529297,-46.14656448364258,190.09371180434255,-226.81724802321293,-46.15115593581086,0.6614220674056083,0.3317964899876668,0.06409187635566449,3.589813305981184e-05,5.067970604452209,6.275994482055701,nan,0.02696472656349177,nan
301.17,190.6589813232422,-227.1776123046875,-46.147586822509766,190.10231284278797,-226.82022721646388,-46.15229130850129,0.6615330910878625,0.3318389815842561,0.0641174738761614,3.661767971543563e-05,5.079065326633923,6.33676652406036,nan,nan,nan
301.18,190.66763305664062,-227.1806640625,-46.148590087890625,190.11095620056915,-226.82314566929892,-46.15206069613567,0.6616045410094257,0.33188155749039355,0.0641431356115793,3.5863264572517295e-05,4.803343457223011,6.221649126843719,nan,1.2180519445175269,nan
301.19,190.67626953125,-227.18365478515625,-46.149574279785156,190.11955798962205,-226.82600016614072,-46.153143958606776,0.6617078733790333,0.3319242207514452,0.0641688617140936,3.65821313715487e-05,4.809030619335541,6.097026970386508,nan,nan,nan
301.2,190.68490600585938,-227.1865997314453,-46.150535583496094,190.11814297173657,-226.83660227967172,-46.15387223605313,0.6661303823924977,0.3318531657274477,0.06415912257775369,3.5807942420528116e-05,4.139965219401092,5.797418535006686,18.365536609069952,0.07716400981681688,nan
301.21,190.6935577392578,-227.18948364257812,-46.15148162841797,190.1266974919768,-226.8393691651962,-46.15491493525635,0.6662750744367889,0.331895654036527,0.06418482074742485,3.652528725291242e-05,4.144722908637228,5.838053887310177,nan,nan,nan
301.22,190.7021942138672,-227.1923065185547,-46.15240478515625,190.13520985382135,-226.84207562568935,-46.157371613148946,0.6664515077889384,0.33193822673834944,0.06421058333591233,3.577602674678112e-05,4.504632685407201,6.230216105292089,nan,1.3845688471869169,nan
301.23,190.71083068847656,-227.195068359375,-46.15331268310547,190.1437647518541,-226.8447281250957,-46.15839289247936,0.6665792261687031,0.33198088656355634,0.06423641049772734,3.649280286153756e-05,4.515160122460297,6.185225808421193,nan,nan,nan
301.24,190.719482421875,-227.19778442382812,-46.15420150756836,190.1523143941818,-226.84732466513572,-46.15958478427968,0.6667312755288313,0.33202363114419087,0.0642623023668125,3.574554597073163e-05,4.6117546799964275,6.3416689398604005,nan,0.023916074106539356,nan
301.25,190.72811889648438,-227.200439453125,-46.15507507324219,190.16357520101852,-226.85605688914774,-46.16046330641571,0.661315331380222,0.33195270760742257,0.06425242347150421,3.6439109961480874e-05,4.334097407374415,6.040810412961183,3.129747499112712,nan,nan
301.26,190.7367706298828,-227.20303344726562,-46.15592575073242,190.1720785610177,-226.85856067316195,-46.16301073996303,0.6615049673360193,0.3319952770982322,0.06427828662386137,3.569470303952217e-05,4.935851122998001,7.041447689421981,nan,1.6879379639814853,nan
301.27,190.7454071044922,-227.20559692382812,-46.15676498413086,190.1806264496626,-226.8610152494377,-46.16398027676565,0.6616387071833315,0.33203793349308075,0.06430421455222023,3.640959412172295e-05,4.952995799917355,6.49855745158931,nan,nan,nan
301.28000000000003,190.75405883789062,-227.20809936523438,-46.15758514404297,190.18918154889622,-226.86341892146018,-46.164680864132386,0.6617713420703839,0.3320806747067062,0.06433020738811823,3.566705117235879e-05,4.927649313587895,6.77790959452015,nan,0.04353769500003951,nan
301.29,190.7626953125,-227.21054077148438,-46.15838623046875,190.19773024062192,-226.86577180002203,-46.165616430797705,0.6618938373502209,0.33212350304592475,0.06435626528956875,3.6381516584840174e-05,4.9455085128902585,6.848974074280187,nan,nan,nan
301.3,190.77134704589844,-227.21295166015625,-46.159175872802734,190.17881597583394,-226.83720670002214,-46.16511276272302,0.7016499060926955,0.33205270702690665,0.06434624385043759,3.561909673751424e-05,5.613549702790702,6.9502165958433375,39.4038005082812,1.1030005773733171,nan
301.31,190.77999877929688,-227.21530151367188,-46.15994644165039,190.18736777368278,-226.839381387528,-46.166002603236166,0.7018291295952017,0.3320953599897637,0.06437227223903397,3.633229285789333e-05,5.627389780670214,7.134244781136752,nan,nan,nan
301.32,190.78863525390625,-227.2176055908203,-46.16070556640625,190.19595441599384,-226.8415118401,-46.16552895636666,0.7019546638139407,0.33213809782205694,0.06439836573187355,3.5594169302379494e-05,5.265829390870887,6.517911552737669,nan,1.2414469154995713,nan
301.33,190.7972869873047,-227.21986389160156,-46.16144561767578,190.20450716265725,-226.84359284204072,-46.166376469156425,0.7021339875999363,0.3321809225780152,0.06442452448935611,3.630703199192755e-05,5.275907245135044,6.75587002194114,nan,nan,nan
301.34000000000003,190.80593872070312,-227.2220916748047,-46.162174224853516,190.2131004674997,-226.84563204928372,-46.165600692691676,0.702275433708553,0.3322238325512229,0.06445074863954423,3.557055962575084e-05,4.931233114421797,6.214494858699576,nan,1.7690593004228086,nan
301.35,190.8145751953125,-227.22425842285156,-46.16288375854492,190.24942940247402,-226.8630422235751,-46.166397193821766,0.6707303884648551,0.33215316445671217,0.06444058190262157,3.6260668232113e-05,4.6460047318069595,5.933512083255593,7.2040181882983525,nan,nan
301.36,190.82322692871094,-227.2263946533203,-46.16358184814453,190.25805044821004,-226.865022982178,-46.16598329600653,0.6708350809009597,0.33219589888700063,0.06446677572928361,3.552667604965799e-05,4.46228859930237,5.6696226548369415,nan,0.9930026118747795,nan
301.37,190.83187866210938,-227.2284698486328,-46.164268493652344,190.26664339771318,-226.86695780625013,-46.16674844397948,0.6709605137847979,0.33223872004960653,0.06449303501607997,3.6238103768700156e-05,4.463087667157198,5.765682944507369,nan,nan,nan
301.38,190.8405303955078,-227.2305145263672,-46.16493606567383,190.27525305988863,-226.86885235372898,-46.16680674218063,0.671074878618404,0.33228162646269654,0.06451935988877959,3.5505630046542986e-05,4.385994612259098,5.7449298610799735,nan,0.3304009146338651,nan
301.39,190.84918212890625,-227.23252868652344,-46.16559600830078,190.28384709569252,-226.87070398944903,-46.16753986129069,0.6712112854803639,0.332324619843714,0.06454575051112779,3.621684041974657e-05,4.386421755107483,5.5165622857856675,nan,nan,nan
301.40000000000003,190.8578338623047,-227.23448181152344,-46.16624069213867,190.2815452134232,-226.8661320374592,-46.16786658853387,0.6839538043040057,0.33225407625348913,0.06453543569596606,3.546433399246797e-05,4.492795013008113,5.904117705443568,1.4935143653979115,0.15897332441863168,nan
301.41,190.86648559570312,-227.23641967773438,-46.1668701171875,190.29012634372268,-226.86789046762388,-46.16857244876673,0.6841101256237432,0.332296893805769,0.06456179517236545,3.617448030033901e-05,4.493453998161957,5.797974511406341,nan,nan,nan
301.42,190.87513732910156,-227.23829650878906,-46.16748809814453,190.2987079549355,-226.86960998588714,-46.169266486304814,0.68425414740097,0.3323397973180887,0.06458822043503692,3.6898963361524395e-05,4.492929146722726,5.931911858365028,nan,nan,nan
301.43,190.8837890625,-227.24014282226562,-46.168094635009766,190.30729006107478,-226.8712915758493,-46.16994901423939,0.6844017674944077,0.33238278693494855,0.06461471162848068,3.7637927676224133e-05,4.4928733387840865,5.85568009214566,nan,nan,nan
301.44,190.89244079589844,-227.24208068847656,-46.168792724609375,190.3158771066563,-226.87299396518952,-46.17046250560534,0.6845827088291382,0.3324258621060687,0.06464126888520014,3.68208421717395e-05,4.4754353486306,5.7822318772903625,nan,0.028085706652195053,nan
301.45,190.90109252929688,-227.24407958984375,-46.16958236694336,190.31314816726194,-226.86527744069485,-46.171406040882516,0.6994090125492538,0.33235544278355916,0.0646308032563068,3.753389826505054e-05,4.796652910471849,6.241472877303001,3.3466162276121265,nan,nan
301.46,190.9097442626953,-227.24615478515625,-46.17046356201172,190.32173384499043,-226.8671120367385,-46.17182807709084,0.6995938238427758,0.3323983419381349,0.06465732853084331,3.672250703650525e-05,4.756554810253132,6.171315776294587,nan,0.15137568152447034,nan
301.47,190.9184112548828,-227.24832153320312,-46.17143249511719,190.33031006098645,-226.8690210049434,-46.17282196065616,0.6998098567574805,0.3324413277652632,0.06468391993596129,3.7456882735065364e-05,4.755777774322303,6.253027468650834,nan,nan,nan
301.48,190.92706298828125,-227.25054931640625,-46.1724853515625,190.33888279049324,-226.8710042181628,-46.17410409622559,0.7000093192271483,0.3324843991632773,0.06471057759073129,3.665000255434628e-05,4.773635825177775,6.380465459287617,nan,0.025403087451272493,nan
301.49,190.9357147216797,-227.2528533935547,-46.17362976074219,190.34745999096523,-226.8730618521099,-46.175277882344666,0.7002056551226564,0.33252755747703,0.06473730166546726,3.738271372034849e-05,4.772833578210425,6.231988506969221,nan,nan,nan
301.5,190.9443817138672,-227.25521850585938,-46.17485809326172,190.36861107535262,-226.88760146751707,-46.17918601691615,0.6831345738419333,0.33245725938325454,0.06472668245192612,3.6557481598356554e-05,4.78822661250793,6.621919627554747,5.087384797636758,4.669585901052558,nan
301.51,190.95303344726562,-227.25767517089844,-46.17617416381836,190.37719378445516,-226.88983552584506,-46.18055953720604,0.6833129248290399,0.33250024138884277,0.06475337369677778,3.7287712046952546e-05,4.789305217819009,6.259206226479674,nan,nan,nan
301.52,190.96168518066406,-227.26019287109375,-46.177574157714844,190.3858132045341,-226.8921470103362,-46.180025519926524,0.6834415100718558,0.3325433089708415,0.06478013137423064,3.649044092517668e-05,4.435345245352283,5.987767924429574,nan,2.575569876210721,nan
301.53000000000003,190.97035217285156,-227.26278686523438,-46.179054260253906,190.3943964528941,-226.89452313316144,-46.18154904730004,0.6836295719718344,0.33258646330600583,0.06480695565615334,3.721921705602268e-05,4.435029776065582,6.178113394597792,nan,nan,nan
301.54,190.97900390625,-227.26544189453125,-46.18061828613281,190.402984828696,-226.8969698808821,-46.18287276037639,0.6837943296071907,0.3326297035450052,0.06483384665935112,3.64260325114656e-05,4.4042955913219854,6.050140387412617,nan,0.052256196369714104,nan
301.55,190.98765563964844,-227.26817321777344,-46.1822624206543,190.4231035736695,-226.9127530708591,-46.18458294037622,0.6671191054418059,0.3325595260111367,0.06482307115002148,3.713004843894018e-05,3.949110439006833,5.73758386385459,6.382603207287214,nan,nan
301.56,190.99632263183594,-227.27096557617188,-46.18398666381836,190.43167072044486,-226.91536721692873,-46.18734313565277,0.6673029597096016,0.3326025897285883,0.06484992846264592,3.6341801535246226e-05,4.110121693290092,6.117516466726298,nan,0.6422861183512685,nan
301.57,191.00497436523438,-227.27381896972656,-46.185791015625,190.4402550169309,-226.9180518163419,-46.18920284070906,0.6674502605633886,0.33264574004540565,0.06487685256064114,3.706703872927693e-05,4.110152432676455,6.046520212445013,nan,nan,nan
301.58,191.0136260986328,-227.27674865722656,-46.18767166137695,190.44882710680832,-226.92080078921185,-46.191892444048854,0.6676186043816781,0.3326889762569673,0.06490384355949662,3.628260520308086e-05,4.283576200409628,6.199861929783007,nan,0.3690980395600303,nan
301.59000000000003,191.0222930908203,-227.27975463867188,-46.189632415771484,190.45741136650724,-226.92361789320927,-46.193918272145204,0.6677897217661098,0.3327322993229047,0.06493090163300215,3.700666508959776e-05,4.285620527181117,6.140447730604329,nan,nan,nan
301.6,191.03094482421875,-227.28280639648438,-46.1916389465332,190.4755547117141,-226.94455770039272,-46.19708828541622,0.6503076600885905,0.33266223959905455,0.06491996707283584,3.620369552747488e-05,3.9393289612084468,6.249307510575837,16.561627875859443,0.9308809935293056,nan
301.61,191.03961181640625,-227.2859344482422,-46.19364929199219,190.4841236048559,-226.94755443881573,-46.19921192252505,0.6504607035088984,0.3327053858513698,0.06494699058392538,3.692575960253042e-05,3.9526481858206615,6.2008441663988885,nan,nan,nan
301.62,191.0482635498047,-227.28912353515625,-46.195640563964844,190.49269194528583,-226.9506146334679,-46.20136559196125,0.6506003844261685,0.3327486179803735,0.06497408117207039,3.6149513421405646e-05,4.0170484186576445,6.16048837278168,nan,0.0009005873338071114,nan
301.63,191.05691528320312,-227.2923583984375,-46.197601318359375,190.50126078241425,-226.95373770784434,-46.20346012519586,0.6507305294530683,0.33279193682191177,0.06500123901213302,3.6870573734305634e-05,4.036325263274664,6.4703668143259705,nan,nan,nan
301.64,191.06558227539062,-227.29566955566406,-46.199527740478516,190.5098616870244,-226.9569299249579,-46.20329906082302,0.6508334138642479,0.3328353418572587,0.06502846421803317,3.6097738359945013e-05,3.4947243028636663,5.878842645449551,nan,3.2834297733044218,nan
301.65000000000003,191.07423400878906,-227.29904174804688,-46.201419830322266,190.53053746231296,-226.96727241840284,-46.20523115889864,0.6369390465091651,0.3327653988443696,0.065017367922236,3.679493548373836e-05,3.3756605292235964,5.542183287275163,1.682620775305201,nan,nan
301.66,191.0828857421875,-227.30247497558594,-46.203277587890625,190.49902425341838,-226.99321224286462,-46.20753483683438,0.6607236942069795,0.33139304012784043,0.06459396770782043,3.602550016682202e-05,2.524947297633647,4.618873787177517,nan,0.0873218566464613,1.1354872717452449
301.67,191.091552734375,-227.30596923828125,-46.20509719848633,190.5075785856721,-226.99665665017181,-46.209475015238276,0.6608473717854646,0.33143428808067726,0.06461872113381746,3.6743865507723404e-05,2.5397723479877063,4.813219631799978,nan,nan,nan
301.68,191.10020446777344,-227.3095245361328,-46.206878662109375,190.5160512437399,-227.0001860971413,-46.21327498898665,0.6610341685450244,0.3314756181937457,0.06464353490325309,3.597846583073134e-05,3.1518916143959697,5.336161767754645,nan,2.3963399086647867,nan
301.69,191.10885620117188,-227.31312561035156,-46.2086296081543,190.52460479631043,-227.00374854486034,-46.215164341202424,0.6611403598862676,0.3315170361346718,0.06466840970673016,3.669605370676892e-05,3.1745520960096063,5.371126965607489,nan,nan,nan
301.7,191.1175079345703,-227.31680297851562,-46.21034240722656,190.51788628132047,-227.00593012993411,-46.21718036604267,0.6754515620768272,0.3314415190190023,0.06465906634509448,3.5911842426642586e-05,3.203036999508008,5.513043879938245,9.173428382034341,0.07536607456664585,nan
301.71,191.12615966796875,-227.32052612304688,-46.21202087402344,190.52639626828244,-227.00961415186947,-46.21900166926553,0.6755968627272566,0.3314827647647644,0.06468391598168888,3.6627829160675666e-05,3.227878431201261,5.696792960870271,nan,nan,nan
301.72,191.13482666015625,-227.3242950439453,-46.21366500854492,190.53492401013037,-227.0133490122406,-46.22034606406738,0.6757331282717105,0.3315240928788044,0.06470882622478721,3.586929402166208e-05,3.1377943737712846,5.965743569700657,nan,0.13244031578725524,nan
301.73,191.1434783935547,-227.32814025878906,-46.21527862548828,190.54343323653197,-227.0171456804232,-46.22209795451007,0.6758833638192981,0.3315655084815019,0.0647337977194075,3.658464383270316e-05,3.1611994994759485,5.41604612729589,nan,nan,nan
301.74,191.15213012695312,-227.33203125,-46.216861724853516,190.5519769232426,-227.02098659107264,-46.222941302605896,0.6759952729397601,0.33160700687255773,0.06475883011898594,3.582889220694725e-05,2.9181204458968395,5.250213665469012,nan,0.5177026763625511,nan
301.75,191.16078186035156,-227.33596801757812,-46.21841049194336,190.5525835594501,-227.01761526812234,-46.22471757964322,0.6865081395444053,0.33153167681449125,0.06474936871630953,3.652106767275479e-05,3.1235616204273997,5.542014705467346,2.7447952848186787,nan,nan
301.76,191.16943359375,-227.3399658203125,-46.21992874145508,190.5611011069409,-227.0215540814746,-46.22611191698376,0.6866532469862414,0.3315730030352487,0.06477437532449774,3.576889911393248e-05,3.099667286815569,5.382013207272673,nan,0.04495022149132615,nan
301.77,191.17808532714844,-227.34397888183594,-46.22141647338867,190.56960834589725,-227.02552997482263,-46.22773201095374,0.6867997008628217,0.3316144164248716,0.06479944339920514,3.648226879215366e-05,3.1200013564316267,5.390007647645135,nan,nan,nan
301.78000000000003,191.18673706054688,-227.34796142578125,-46.22287368774414,190.57817041241964,-227.02947878575156,-46.22785890919411,0.6868838399948013,0.33165591278002093,0.06482457263664827,3.573265287117256e-05,2.717437725685373,4.9877968880072,nan,1.4515147401171384,nan
301.79,191.1953887939453,-227.3518829345703,-46.22430419921875,190.5866765795917,-227.03340137997228,-46.229407402342574,0.687013175422838,0.3316974964720199,0.06484976362066756,3.644556483100085e-05,2.7312006526481802,5.000021893220359,nan,nan,nan
301.8,191.20404052734375,-227.35574340820312,-46.225704193115234,190.59591912443045,-227.03693628462042,-46.23090458661508,0.6866415854147392,0.33162234762501236,0.06484018103757468,3.5676813839561486e-05,2.789580640305939,5.044717519198933,0.8229696749257055,0.016442935596031074,nan
301.81,191.2126922607422,-227.35952758789062,-46.22707748413086,190.6044281171027,-227.04072777618802,-46.23239912863945,0.6867655409813119,0.33166375891767497,0.06486534556565636,3.6388437680633365e-05,2.804314666660617,5.089382068288251,nan,nan,nan
301.82,191.22134399414062,-227.3632354736328,-46.228424072265625,190.61296931354488,-227.04443701599354,-46.232962625431036,0.686857195527564,0.3317052533333967,0.06489057150940104,3.5644491309984544e-05,2.5983160458721057,4.919411562711232,nan,0.5565784059951232,nan
301.83,191.22999572753906,-227.36688232421875,-46.22974395751953,190.62147788283136,-227.04808427200842,-46.234395787407884,0.6869845740204937,0.33174683479420436,0.06491585941269831,3.635576908734944e-05,2.610419117376286,4.765969086539367,nan,nan,nan
301.84000000000003,191.2386474609375,-227.37045288085938,-46.23103332519531,190.62997182594623,-227.05166405773195,-46.23621610440338,0.6871238633487511,0.33178849977408914,0.06494120902903375,3.5614040891976066e-05,2.764110044215789,5.1180377084096556,nan,0.11594742314795352,nan
301.85,191.24729919433594,-227.3739471435547,-46.2322998046875,190.62639790311823,-227.0535176016576,-46.23746370572422,0.6987275367624398,0.33171353484056837,0.06493150300844491,3.63026595443547e-05,2.6796462871206845,5.270961582814877,4.760434278746652,nan,nan
301.86,191.25595092773438,-227.37738037109375,-46.233543395996094,190.6348858559014,-227.0569507290723,-46.23849514794704,0.6988715896245127,0.3317550274052883,0.06495682551151834,3.5563938678500446e-05,2.629593542261265,5.0173307887602,nan,0.07367846350997757,nan
301.87,191.2646026611328,-227.3807373046875,-46.23476028442383,190.64336265634736,-227.06031862641083,-46.239827725858795,0.6990228550606106,0.3317966067405598,0.064982210184657,3.627378378233247e-05,2.642907981096788,5.202175525985821,nan,nan,nan
301.88,191.2732391357422,-227.384033203125,-46.2359504699707,190.65181749675742,-227.06362626250413,-46.24180938799565,0.699185088454386,0.33183826972487757,0.06500765681845388,3.553707620947533e-05,2.8961419531155963,5.252560047300461,nan,0.30953346072907506,nan
301.89,191.28189086914062,-227.38726806640625,-46.23712158203125,190.66029470437533,-227.0668601903575,-46.24310244497877,0.6993416688619356,0.3318800196706408,0.0650331659034639,3.624671449758404e-05,2.912321096678061,5.24026063635641,nan,nan,nan
301.90000000000003,191.29054260253906,-227.3904266357422,-46.23826599121094,190.6475482635646,-227.06837436922518,-46.243424613277114,0.7191564459167181,0.3318052337981629,0.06502333338892947,3.549052981008325e-05,2.555670088811586,5.833203065295844,14.594973625894834,0.5721797409873131,nan
301.91,191.2991943359375,-227.39353942871094,-46.23938751220703,190.6559668241815,-227.0714890760205,-46.2446633169722,0.719364925238772,0.33184681110473474,0.06504881466730357,3.619912351884178e-05,2.570722427148276,5.56876076113043,nan,nan,nan
301.92,191.30784606933594,-227.39657592773438,-46.2404899597168,190.66435294816932,-227.07455201524178,-46.24692543508194,0.719600036512621,0.3318884721729049,0.06507435814913383,3.5467025908252524e-05,2.96517311285624,6.073003182130077,nan,0.7506347377376283,nan
301.93,191.31649780273438,-227.39955139160156,-46.2415657043457,190.67277154784645,-227.07754298605593,-46.24813160711574,0.7198027615626774,0.33193021995267846,0.06509996429068655,3.617549964046766e-05,2.9848727930876313,6.223758571294223,nan,nan,nan
301.94,191.3251495361328,-227.4024658203125,-46.24262237548828,190.68118236240193,-227.0804766248229,-46.24958116431542,0.7200133245967951,0.33197205186884704,0.06512563293194593,3.544512016953229e-05,3.155047697002254,6.326257537077198,nan,0.0480044605018827,nan
301.95,191.33380126953125,-227.40533447265625,-46.24365997314453,190.72303638544756,-227.10411039186354,-46.25076485746217,0.6810434419773421,0.331897446612327,0.06511567156454394,3.613131080400764e-05,2.916599722467085,5.823402142407028,12.086600817636867,nan,nan
301.96,191.3424530029297,-227.40814208984375,-46.24467468261719,190.73145874018968,-227.10698085293495,-46.25303298994692,0.6812355987608545,0.33193910583594893,0.06514131171008,3.540343499209817e-05,3.488953032576667,6.511573237264984,nan,0.8649960100077585,nan
301.97,191.35110473632812,-227.410888671875,-46.245670318603516,190.73991395712656,-227.10978380405982,-46.25417297026689,0.6813887327277458,0.33198085153634493,0.06516701472136727,3.611089763775065e-05,3.513806375674349,6.571577134837557,nan,nan,nan
301.98,191.35975646972656,-227.41357421875,-46.24664306640625,190.748370676156,-227.11253085176068,-46.255244112642615,0.681537728511452,0.3320226814614855,0.06519278046989581,3.538456193661304e-05,3.5985063883557826,6.8430058919881045,nan,0.0017203501530904392,nan
301.99,191.368408203125,-227.4162139892578,-46.24760055541992,190.75682600490603,-227.11522425975497,-46.256346195259695,0.681692077598639,0.3320645980743588,0.06521860936643993,3.609200984972396e-05,3.623268671028131,6.592036884551529,nan,nan,nan
302.0,191.37705993652344,-227.41880798339844,-46.24853515625,190.76937370192493,-227.12762848707536,-46.25939306474074,0.673933196226647,0.33199016936581055,0.06520851616493127,3.5345858727591586e-05,4.681934588075018,8.076370000499486,7.776064813412254,2.58551628327198,nan
302.01,191.38571166992188,-227.4213409423828,-46.249454498291016,190.77781243241145,-227.13024546857372,-46.26047861773139,0.6740916770346083,0.3320319130648527,0.06523431584447835,3.605244680022345e-05,4.71436795453835,8.155982490303852,nan,nan,nan
302.02,191.3943634033203,-227.423828125,-46.2503547668457,190.78621070041203,-227.13282526275887,-46.26308984042332,0.6743104314677398,0.332073741061789,0.06526017849404636,3.53298000451778e-05,5.930979115890617,9.257573890267604,nan,1.6499789037049366,nan
302.03000000000003,191.40301513671875,-227.42626953125,-46.25123596191406,190.7946503262949,-227.13534097795696,-46.26415591201806,0.6744731950151192,0.33211565553298006,0.06528610449562013,3.6036439354706423e-05,5.969732785516836,9.219545157152101,nan,nan,nan
302.04,191.4116668701172,-227.42864990234375,-46.252098083496094,190.8031023898624,-227.137803443007,-46.26473421511178,0.6746125268320448,0.33215765465847424,0.06531209376234405,3.5315077300038234e-05,5.855975292850538,9.352171898084023,nan,0.15384316941687515,nan
302.05,191.42031860351562,-227.4309844970703,-46.25294494628906,190.80197266406842,-227.12368064313472,-46.26575369168875,0.6906166979108126,0.33208340311750195,0.06530186628509488,3.599969898850625e-05,6.1490803123783815,8.863926129736459,18.041474299356643,nan,nan
302.06,191.42898559570312,-227.43328857421875,-46.25377655029297,190.8104512261696,-227.1259992204892,-46.266074223931014,0.6907696765106849,0.3321252292414548,0.06532782561509498,3.52804083207011e-05,5.874798191784642,8.468654748693798,nan,0.33246180173383816,nan
302.07,191.43763732910156,-227.43553161621094,-46.25458908081055,190.8189130470421,-227.12827763899313,-46.26706409294157,0.6909271811514186,0.3321671416390074,0.06535384849856375,3.598635244939379e-05,5.90908315915031,8.579563329170442,nan,nan,nan
302.08,191.4462890625,-227.43772888183594,-46.25538635253906,190.82734296802812,-227.13052211140004,-46.26938734444226,0.6911340647355773,0.3322091387431209,0.06537993487479633,3.526819495381764e-05,7.139023827900686,9.774945108730737,nan,1.2645880481741132,nan
302.09000000000003,191.45494079589844,-227.4398956298828,-46.256168365478516,190.8358053774483,-227.1327110891966,-46.27036006214485,0.6912976295853254,0.3322512223490517,0.06540608508785838,3.5974267245106055e-05,7.176018291158655,9.545233774646706,nan,nan,nan
302.1,191.46360778808594,-227.44200134277344,-46.25693130493164,190.82690850894008,-227.12695185995972,-46.26730688942735,0.710457459275132,0.3321771445103102,0.06539572042130413,3.523597538969238e-05,4.704059947141511,7.8157514210913295,2.7143964341359985,11.05133124400381,nan
302.11,191.47225952148438,-227.44407653808594,-46.25768280029297,190.8353435941139,-227.1290414079191,-46.26821008358518,0.7106474903008797,0.33221905489391784,0.0654218399493828,3.5941323858190333e-05,4.729006861716016,7.310049666537045,nan,nan,nan
302.12,191.4809112548828,-227.44610595703125,-46.258419036865234,190.84376771822983,-227.13109338913944,-46.26961209495975,0.7108516643983996,0.33226105002330103,0.06544802319318285,3.5226070153893855e-05,5.198758278693223,7.830474589705797,nan,0.18345135751477742,nan
302.13,191.4895782470703,-227.44810485839844,-46.25914001464844,190.8522037537706,-227.13310048301608,-46.27049214969209,0.7110575730481674,0.332303131471943,0.06547427047315867,3.593159558604292e-05,5.2255302471949125,7.904587506289077,nan,nan,nan
302.14,191.49822998046875,-227.45005798339844,-46.25984573364258,190.86062185630948,-227.13507387958094,-46.272215307011976,0.7112749904199892,0.33234529800713153,0.06550058176290845,3.521725823410267e-05,5.980395404424122,8.525564810788289,nan,0.5116914803016007,nan
302.15000000000003,191.50689697265625,-227.45196533203125,-46.260536193847656,190.87250529879108,-227.1383917658769,-46.2730757762103,0.7077700321333485,0.3322713937393567,0.06549007740119896,3.590094555994099e-05,6.0024851849925,8.82689241386217,0.11309612450204184,nan,nan
302.16,191.5155487060547,-227.45384216308594,-46.26121520996094,190.88093614951566,-227.14028738173184,-46.274546387260244,0.7079741648642274,0.33231338693326035,0.06551635725677848,3.518831563801361e-05,6.670026263376927,9.07137769163021,nan,0.27021216084443744,nan
302.17,191.5242156982422,-227.45567321777344,-46.26188278198242,190.88938038456322,-227.1421406317932,-46.27538840092698,0.7081673246545555,0.33235546627458007,0.0655427013452836,3.5893374986368905e-05,6.697895504814886,9.38020873079277,nan,nan,nan
302.18,191.53286743164062,-227.4574737548828,-46.26253128051758,190.89780596871145,-227.14396352413976,-46.277175621427475,0.7083827942567393,0.3323976307239461,0.06556910966149387,3.5181535140226776e-05,7.708736344324794,10.158028802961013,nan,0.6407914322078412,nan
302.19,191.54153442382812,-227.45924377441406,-46.2631721496582,190.9062511951133,-227.1457432295883,-46.278002436179655,0.7085811948469201,0.3324398815635099,0.06559558249502924,3.5886825326969854e-05,7.738617397330824,10.178369760084014,nan,nan,nan
302.2,191.55018615722656,-227.46096801757812,-46.263797760009766,190.90183130392376,-227.1498716521047,-46.277130953627065,0.7192515126602858,0.33236614784941837,0.06558493558530043,3.515456175372091e-05,6.57568724617811,9.578795134724691,10.330116578585455,1.7661352361233247,nan
302.21,191.55885314941406,-227.46266174316406,-46.26441192626953,190.91023452105264,-227.15159714149777,-46.27791632080739,0.7194787558636385,0.3324082251252773,0.06561137621032723,3.585922466317577e-05,6.601971377898298,9.735337964662369,nan,nan,nan
302.22,191.56752014160156,-227.46432495117188,-46.265010833740234,190.91860533229936,-227.1533003901602,-46.28047611922627,0.7197679364485271,0.3324503875196844,0.06563788127645707,3.514963228335774e-05,8.318388108229245,11.416527242505802,nan,2.232537692571741,nan
302.23,191.57618713378906,-227.466064453125,-46.26570510864258,190.92700964344291,-227.15501500205025,-46.28130880947648,0.7200185070300211,0.33249263614745256,0.06566445105443529,3.5854561039301665e-05,8.302997675128069,11.39170423735618,nan,nan,nan
302.24,191.5848388671875,-227.4678955078125,-46.2664909362793,190.93544290200288,-227.15679931688732,-46.280632650527416,0.7202054899041685,0.33253497022150325,0.06569108556656965,3.514557819249445e-05,7.201319824247069,9.818697273381536,nan,1.7955260405493987,nan
302.25,191.593505859375,-227.46978759765625,-46.267364501953125,190.9310224790889,-227.15884156384482,-46.281561116661116,0.7319653058496098,0.3324614063365312,0.06568029355623956,3.582878316166493e-05,7.108108494989321,10.827143735328205,6.1612217469457145,nan,nan
302.26,191.6021728515625,-227.47177124023438,-46.26832962036133,190.93940326091027,-227.16079731566762,-46.28198992462895,0.7322260006080497,0.33250356669963477,0.06570689508243928,3.512120728512873e-05,6.795071739710027,10.19480388161676,nan,0.30633980804861277,nan
302.27,191.61083984375,-227.47381591796875,-46.269378662109375,190.94777312793127,-227.1628340303657,-46.28316272706636,0.7325006515290817,0.33254581314800197,0.06573356151232972,3.582582940778294e-05,6.784223095301239,10.515525958357825,nan,nan,nan
302.28000000000003,191.6195068359375,-227.4759521484375,-46.2705192565918,190.95614323640473,-227.16494680921832,-46.28442408203216,0.7327816389474013,0.33258814541539256,0.06576029293600287,3.65447678560177e-05,6.770439426318167,10.123985325464435,nan,nan,nan
302.29,191.628173828125,-227.4781494140625,-46.27174377441406,190.96451367251896,-227.16713472621362,-46.28577283353001,0.7330564457778456,0.3326305636463067,0.06578708949795894,3.727816713003301e-05,6.758349723822613,10.365667618494308,nan,nan,nan
302.3,191.6368408203125,-227.4804229736328,-46.27305221557617,190.95616163707263,-227.15773542259802,-46.28831099078064,0.7534482306765826,0.3325571668651094,0.06577614958458453,3.6461879135459515e-05,7.990093320312462,11.584647665318029,3.6900313252172827,0.8468549680954371,nan
302.31,191.6455078125,-227.48277282714844,-46.27444839477539,190.96451683229964,-227.1600453931527,-46.289842296160245,0.7537497489005028,0.3325994111590022,0.06580291236106861,3.719294361094301e-05,7.974816272723128,11.443446058969958,nan,nan,nan
302.32,191.6541748046875,-227.48519897460938,-46.27592468261719,190.97290430365143,-227.16241620398975,-46.28931059432061,0.7539876625137494,0.33264174085567283,0.06582974028083684,3.640400649947907e-05,6.524387520614809,9.962439126005112,nan,3.005832166559441,nan
302.33,191.66282653808594,-227.48768615722656,-46.27748107910156,190.98125991806887,-227.16487080356083,-46.29098917689217,0.7542713562039451,0.3326841567823654,0.06585663358267385,3.7133751515959934e-05,6.514994559205531,9.865246714188777,nan,nan,nan
302.34000000000003,191.67149353027344,-227.49024963378906,-46.27912139892578,190.9896357009634,-227.16738901992662,-46.291346840990876,0.754531998532025,0.3327266584315224,0.06588359232026003,3.6348275402685966e-05,5.712001339379995,9.192562943004315,nan,1.2879090948042893,nan
302.35,191.68016052246094,-227.49288940429688,-46.28084182739258,191.02903259199417,-227.19132060305708,-46.29307557919316,0.7176774960929636,0.3326534276245168,0.06587250192883745,3.7053309836379066e-05,5.4210687543002525,8.733803257335083,12.404151163723045,nan,nan
302.36,191.68882751464844,-227.49559020996094,-46.28264236450195,191.03743355258948,-227.19402746327086,-46.293919304315594,0.7179006570338946,0.3326957551662205,0.06589942607685924,3.627217308518318e-05,4.887033541535251,8.324688194152506,nan,0.7433011448260718,nan
302.37,191.69749450683594,-227.4983673095703,-46.284523010253906,191.04582003572557,-227.19680815002465,-46.29589639481959,0.7181552038935197,0.33273816880404344,0.06592641579303549,3.69986023805301e-05,4.876499168217661,8.126093256254126,nan,nan,nan
302.38,191.70616149902344,-227.50120544433594,-46.286476135253906,191.05420740931717,-227.1996561480005,-46.297889974589346,0.7184054488472992,0.332780668143365,0.06595347114501914,3.6220712471317704e-05,4.976250661934856,8.405513386517715,nan,0.002576471006259067,nan
302.39,191.71482849121094,-227.5041046142578,-46.28847885131836,191.06259387333048,-227.20257127352792,-46.30000848483044,0.7186551918565055,0.3328232538412519,0.06598059235109978,3.6946058881800506e-05,4.976726708393918,8.45053589180916,nan,nan,nan
302.40000000000003,191.72349548339844,-227.507080078125,-46.29048538208008,191.1110355169474,-227.2248197624229,-46.3029955392265,0.6744883989790261,0.3327501864799188,0.06596934872652746,3.6149010561606415e-05,5.537615041216343,8.415380454123497,13.937833748083378,0.4327595155546677,nan
302.41,191.73216247558594,-227.51011657714844,-46.29247283935547,191.11948273762528,-227.22790106064457,-46.30514179983919,0.6746721882683677,0.33279259783662324,0.06599643451895673,3.6872439179213865e-05,5.560243389320436,8.515302193963821,nan,nan,nan
302.42,191.74082946777344,-227.51321411132812,-46.294429779052734,191.1279277501569,-227.23104775780607,-46.30743164713707,0.6748595521224414,0.33283509486564555,0.0660235861429046,3.61016862229614e-05,5.889015026540765,8.921862050907153,nan,0.018276431542164313,nan
302.43,191.74949645996094,-227.51637268066406,-46.296356201171875,191.13637437729108,-227.2342575527681,-46.30952706029135,0.6750415581096681,0.33287767813018104,0.06605080380468992,3.682418250100176e-05,5.916367984247917,8.948095379600625,nan,nan,nan
302.44,191.75816345214844,-227.51959228515625,-46.29824447631836,191.14483780862975,-227.23752380876664,-46.310064595232234,0.6751819647928347,0.332920347377212,0.0660780875895586,3.605635533640966e-05,5.079595598733491,8.16063364919323,nan,1.5440934980143786,nan
302.45,191.76683044433594,-227.52288818359375,-46.30009841918945,191.14989893778494,-227.22451417010402,-46.31213579561075,0.6854023884787418,0.33284744195771526,0.06606668813771902,3.675495362975395e-05,5.328859093232947,7.381067786581916,20.422215892963653,nan,nan
302.46,191.77548217773438,-227.52622985839844,-46.30191421508789,191.15836963769576,-227.227865471674,-46.314767232330844,0.6855759581480502,0.33288993666927824,0.0660939356789954,3.5990898118759016e-05,5.974926772401807,8.113632049446498,nan,0.2851474305050327,nan
302.47,191.78414916992188,-227.52964782714844,-46.30369567871094,191.16684697168316,-227.2312750796603,-46.31671625870423,0.685753480412123,0.33293251749928215,0.06612124943906544,3.671082559868964e-05,6.001506779131366,8.040493540036003,nan,nan,nan
302.48,191.79281616210938,-227.53311157226562,-46.30543899536133,191.17531374585397,-227.23474899927433,-46.31964064042915,0.6859527285213477,0.33297518427204237,0.06614862951334674,3.594949170374817e-05,6.991955578062495,9.29409292608198,nan,0.6821160773268322,nan
302.49,191.80148315429688,-227.53665161132812,-46.30714797973633,191.18379026754485,-227.23827843463127,-46.32153085797223,0.6861325834724449,0.333017937434207,0.06617607609318925,3.666868291738715e-05,7.02175443206077,9.02208880251786,nan,nan,nan
302.5,191.81015014648438,-227.5402374267578,-46.3088264465332,191.20076711854745,-227.24787594058787,-46.32401178144261,0.6760573257715539,0.3329451915793045,0.06616451810704922,3.588802896859878e-05,7.741553760940354,9.941288937732645,1.4734138850350884,0.365580649170687,nan
302.51,191.8188018798828,-227.54388427734375,-46.31047058105469,191.20925116722393,-227.25153579867296,-46.3258409631069,0.6762070340720456,0.3329877699662566,0.06619192759598944,3.660564737035088e-05,7.768569643594273,9.726244970981812,nan,nan,nan
302.52,191.8274688720703,-227.54757690429688,-46.31208038330078,191.21773520688754,-227.2552529919435,-46.327603473862084,0.6763648265036939,0.3330304342498455,0.06621940358610934,3.5850384598426054e-05,8.034476890866493,10.385610400922198,nan,0.0008023783624026231,nan
302.53000000000003,191.8361358642578,-227.5513458251953,-46.313655853271484,191.2262186263582,-227.2590270806095,-46.32936872858517,0.6765324677899401,0.3330731848138152,0.06624694626020271,3.6567391076925744e-05,8.063418214889095,10.078201146829938,nan,nan,nan
302.54,191.84478759765625,-227.5550994873047,-46.31520462036133,191.23470666333728,-227.2628277212092,-46.33049953757375,0.6766501800551193,0.3331160215774096,0.06627455572630515,3.5814547404513204e-05,7.841579723708669,9.897785806607885,nan,0.24552298050086824,nan
302.55,191.85345458984375,-227.55882263183594,-46.31671905517578,191.24731203185394,-227.2644676430442,-46.33219054876805,0.6740126312963172,0.3330434335047857,0.06626283660719645,3.650829184454664e-05,7.903489616741567,9.858206621798312,1.6803150029050564,nan,nan
302.56,191.8621063232422,-227.56248474121094,-46.318206787109375,191.25580433285714,-227.2682005671747,-46.334607520263944,0.6741470630960851,0.33308609527772376,0.0662904081279221,3.575869160996155e-05,8.866661608139713,10.722233917967099,nan,0.378248300391986,nan
302.57,191.8707733154297,-227.56610107421875,-46.31966018676758,191.2643021182561,-227.27187215550484,-46.336255003372365,0.674279880722295,0.3331288432263236,0.06631804650812914,3.64737424436087e-05,8.8924268041981,10.66218617359076,nan,nan,nan
302.58,191.8794403076172,-227.5696258544922,-46.32108688354492,191.2728112164292,-227.27547373887683,-46.33630019764582,0.6743558158142361,0.33317167732035957,0.06634575186297396,3.572637229998576e-05,7.817697581579873,9.975795429520458,nan,1.6776868526624606,nan
302.59000000000003,191.88809204101562,-227.57310485839844,-46.322486877441406,191.2813083069048,-227.27901247227553,-46.33787612866316,0.6744728761114898,0.3332145978674047,0.06637352436473597,3.6440970271692584e-05,7.836096098840961,9.420796863804965,nan,nan,nan
302.6,191.89675903320312,-227.57650756835938,-46.323856353759766,191.29928314895142,-227.27775646027146,-46.33632324964216,0.6681205582371031,0.3331421652805473,0.06636164145010016,3.567406043583991e-05,5.796842966017309,7.289668682352675,9.116308083714955,7.147445173962266,nan
302.61,191.90541076660156,-227.579833984375,-46.32520294189453,191.30781580324603,-227.2811396628095,-46.33781622192685,0.6682044094411175,0.3331849105895256,0.06638937513684225,3.63873653608828e-05,5.809247014826758,7.264843892587824,nan,nan,nan
302.62,191.91407775878906,-227.58311462402344,-46.32651901245117,191.31634365310092,-227.28445804479725,-46.33998275189109,0.6683285761491907,0.33322774198485944,0.06641717597686199,3.564508213750188e-05,6.519714521000033,7.83224190794881,nan,0.33287153081158616,nan
302.63,191.9227294921875,-227.58631896972656,-46.32780838012695,191.3248758670631,-227.28770896815567,-46.3414310894798,0.6684178845024035,0.3332706597342603,0.06644504413659236,3.635803496674491e-05,6.535561042779967,7.862975432817531,nan,nan,nan
302.64,191.93138122558594,-227.58944702148438,-46.329071044921875,191.36439251249027,-227.324154350122,-46.340953724098036,0.6260971173235588,0.3299551099116205,0.06259930255613134,3.561691024387427e-05,5.131520394241404,6.6466088869423015,nan,2.422194729948702,0.2856394915292169
302.65000000000003,191.94004821777344,-227.592529296875,-46.3303108215332,191.40599389251287,-227.33851567576752,-46.342390181579084,0.5915089627188861,0.32989146139081876,0.06259264529997052,3.630707133436329e-05,5.11772274652395,6.2547861748522635,11.709453108435863,nan,nan
302.66,191.94869995117188,-227.59555053710938,-46.33152770996094,191.41446699912575,-227.34148261418704,-46.34099243814323,0.5916459562859782,0.32993677590348397,0.06261274038987093,3.5569550450396294e-05,3.6147808822288168,4.634195529660551,nan,5.185610046862,nan
302.67,191.95736694335938,-227.59849548339844,-46.33271789550781,191.4230488446193,-227.34452877628647,-46.3422989491437,0.5916812617882009,0.3299821779825371,0.06263289888472416,3.628102380931595e-05,3.623561228662851,5.0040770205078475,nan,nan,nan
302.68,191.9660186767578,-227.6013946533203,-46.333885192871094,191.43166533027667,-227.34755947397562,-46.34446606574318,0.5916736871276935,0.33002766326624844,0.0626531135121876,3.554528328141011e-05,4.240455250438469,5.298918086311449,nan,0.5341973946784625,nan
302.69,191.9746856689453,-227.60423278808594,-46.335025787353516,191.44024747624636,-227.35048777311184,-46.34573585241836,0.5917139680058491,0.33007323635791097,0.06267339169442097,3.6256531587338194e-05,4.251870015381303,5.47758524481915,nan,nan,nan
302.7,191.98333740234375,-227.60702514648438,-46.33614730834961,191.45577226445872,-227.36252703951735,-46.344797379182246,0.5815317039917304,0.3300095692943851,0.06266667956568989,3.5501000650496866e-05,3.082998873372851,4.293216639414523,8.19904038767545,2.6942885551186113,nan
302.71,191.99200439453125,-227.6097412109375,-46.33724594116211,191.46435429614587,-227.36537225349326,-46.34600029763096,0.58155606130937,0.3300549515037553,0.06268695542237383,3.6211178972209675e-05,3.089474432525849,4.7561344184296965,nan,nan,nan
302.72,192.0006561279297,-227.6124267578125,-46.338321685791016,191.4729230802831,-227.36814568542067,-46.346832677594776,0.5815907916127503,0.3301004169493009,0.06270728794674951,3.547963486414784e-05,3.0127259804412096,4.166565645322939,nan,0.08378863518422262,nan
302.73,192.0093231201172,-227.6150360107422,-46.339378356933594,191.48150527412497,-227.37088209821232,-46.34799031096399,0.581615833092367,0.330145970026693,0.06272768399152392,3.618966813484988e-05,3.018207372562166,4.654539118871074,nan,nan,nan
302.74,192.01797485351562,-227.6175994873047,-46.34041213989258,191.4900624858537,-227.37353441803717,-46.34846077829515,0.5816562615042503,0.33019160667877717,0.06274813712432703,3.545965528254104e-05,2.793633679347166,4.207240946979148,nan,0.3060196923323103,nan
302.75,192.02664184570312,-227.6201171875,-46.34142303466797,191.48189294043436,-227.36967533264666,-46.349583498703126,0.5996157816695306,0.3301279250998276,0.06274137396137246,3.6147281343805733e-05,2.8551093911937757,4.341099058234198,2.653809891567189,nan,nan
302.76,192.03530883789062,-227.62258911132812,-46.3424186706543,191.49046029189364,-227.37226389879467,-46.35103726381556,0.5996640144722931,0.3301733707106137,0.06276182435312985,3.541960439801549e-05,3.1081816476299036,4.492844834646455,nan,0.09017777394752541,nan
302.77,192.04396057128906,-227.625,-46.34339141845703,191.49901430572484,-227.37478616614865,-46.35211384005885,0.5997078252295694,0.33021890377477586,0.06278233824007408,3.612856469925826e-05,3.114983599581675,4.578805672226413,nan,nan,nan
302.78000000000003,192.05262756347656,-227.62738037109375,-46.34434509277344,191.5076339800771,-227.3773399894412,-46.35494709956597,0.599708763444043,0.33026452044688703,0.06280290972746624,3.540226841667945e-05,4.182486112450737,5.471844528882696,nan,2.173830355205955,nan
302.79,192.061279296875,-227.62969970703125,-46.345279693603516,191.51618852040096,-227.37976591984435,-46.35600460074613,0.599754846756472,0.33031022481102806,0.06282354487399647,3.611118108328078e-05,4.190961179947879,5.570591629368715,nan,nan,nan
302.8,192.0699462890625,-227.63197326660156,-46.346195220947266,191.53833807056463,-227.38165426663554,-46.35929054860298,0.5877400678232481,0.3302465242668136,0.06281672117309223,3.536483612326323e-05,5.887858606813831,7.07030118529908,7.633805189570828,3.3167008598560344,nan
302.81,192.07861328125,-227.6342010498047,-46.34709548950195,191.54692767135427,-227.38397253088957,-46.360335533051725,0.5877747852722602,0.330292037314244,0.06283735286217791,3.6072851067525674e-05,5.896072132398432,7.067445247813607,nan,nan,nan
302.82,192.0872802734375,-227.63638305664062,-46.34797286987305,191.5555383538301,-227.38627104309532,-46.361943028946165,0.5877930364779692,0.33033763400252925,0.06285804264690041,3.5349967643055306e-05,6.555194762609679,7.760899824100086,nan,0.2323731805161765,nan
302.83,192.09593200683594,-227.63851928710938,-46.34883499145508,191.56412843305432,-227.38850054957797,-46.362960081531334,0.5878128344748513,0.3303833182026012,0.0628787960812643,3.605799720922126e-05,6.5652889223321385,7.692013588321292,nan,nan,nan
302.84000000000003,192.10459899902344,-227.640625,-46.34968185424805,191.57265475653264,-227.39061041414232,-46.362150554142275,0.5879008749251418,0.33042908638323065,0.06289960801652711,3.533627553098057e-05,5.429654593732863,6.458886612857286,nan,2.2691158329305976,nan
302.85,192.11326599121094,-227.64268493652344,-46.35050964355469,191.58739701974454,-227.38797126063466,-46.36302042875052,0.5844431123574939,0.33036537032503943,0.06289272623072206,3.602216484098626e-05,5.4692186175546205,6.27404799328576,8.264551112753765,nan,nan
302.86,192.12193298339844,-227.6446990966797,-46.351322174072266,191.5960874465717,-227.39013885252433,-46.36611780716159,0.5844085533798784,0.3304109470203892,0.06291353423594617,3.530240765452029e-05,7.322619151140817,8.180235635673304,nan,3.2023027664695864,nan
302.87,192.13058471679688,-227.64666748046875,-46.35211944580078,191.60470354270987,-227.39217701867312,-46.36707274182962,0.584414241327334,0.3304566110470351,0.06293440589124692,3.6009661865578234e-05,7.328548005618118,8.18185388648801,nan,nan,nan
302.88,192.13925170898438,-227.6486053466797,-46.35289764404297,191.61332556858264,-227.39418181969162,-46.36816982269182,0.5844338077863012,0.3305023590857604,0.06295533651885975,3.529093633805619e-05,7.725708007175027,8.534181632345124,nan,0.017149607605197067,nan
302.89,192.14791870117188,-227.6505126953125,-46.353660583496094,191.62194250428607,-227.39614142410502,-46.36909649831862,0.5844604099274583,0.3305481946942706,0.06297633097589156,3.5998278304625225e-05,7.733265764637151,8.436939940357668,nan,nan,nan
302.90000000000003,192.15658569335938,-227.65237426757812,-46.35441207885742,191.64244676631563,-227.39827991019106,-46.36994736511098,0.5737108364643442,0.33048445914415586,0.06296938280112387,3.525925252775994e-05,8.008860883467872,8.669912163342058,4.439780980504522,0.003046469109507017,nan
302.91,192.16525268554688,-227.65419006347656,-46.35514450073242,191.65109306764364,-227.40015378352504,-46.37084518519294,0.5737081624890251,0.3305301029836006,0.06299037259136908,3.596582705454267e-05,8.015325629493988,8.782510642803622,nan,nan,nan
302.92,192.17391967773438,-227.65597534179688,-46.355865478515625,191.65974282321727,-227.40199454768214,-46.37182370553733,0.5737061499669774,0.33057583086450376,0.06301142180782171,3.524983638311074e-05,8.383278417479685,9.073820063806206,nan,0.006192998101434278,nan
302.93,192.18258666992188,-227.65773010253906,-46.356571197509766,191.66838955793764,-227.40379566282226,-46.37269528821393,0.5737084241565968,0.33062164613573736,0.06303253487051848,3.595654604523537e-05,8.38682295725068,9.01304975355284,nan,nan,nan
302.94,192.19125366210938,-227.65943908691406,-46.357261657714844,191.67703149052866,-227.4055556197366,-46.37339943509225,0.5737087105055334,0.3306675457869721,0.06305370774894027,3.52413983664135e-05,8.54344382349631,9.300005650347,nan,0.016573628712476616,nan
302.95,192.19992065429688,-227.6611328125,-46.35793685913086,191.69644752521475,-227.40954347485973,-46.37418867452641,0.5630688306287833,0.3306037936216258,0.06304669442452947,3.592615644905427e-05,8.516526568141648,9.018854667564874,1.9054551439010639,nan,nan
302.96,192.20858764648438,-227.66278076171875,-46.35860061645508,191.7051133495652,-227.41123492293403,-46.37489391068938,0.5630516389330226,0.3306495013238661,0.06306786210758791,3.521265591155833e-05,8.701272033073527,9.338517603088558,nan,0.010963813745062457,nan
302.97,192.21725463867188,-227.6643829345703,-46.3592529296875,191.71378363932487,-227.41289768513428,-46.37571121696818,0.5630264230811766,0.3306952962383258,0.0630890936636883,3.591881250341823e-05,8.700702280165608,9.501442026106037,nan,nan,nan
302.98,192.22592163085938,-227.6659698486328,-46.35988998413086,191.7224295365395,-227.41449998763198,-46.37573618018785,0.5630208539333802,0.33074117555844373,0.06311038546560985,3.520604494748878e-05,8.289304431261003,8.877916203467523,nan,0.42489056574736955,nan
302.99,192.23460388183594,-227.6675262451172,-46.36051559448242,191.73110069346515,-227.41609840518078,-46.37652191214601,0.5630165375899581,0.33078714233119305,0.0631317413356289,3.591238966302094e-05,8.288566983998543,8.906749186175748,nan,nan,nan
303.0,192.24327087402344,-227.66905212402344,-46.36112594604492,191.74835584415203,-227.42522465009296,-46.37716183377055,0.5519509702238814,0.33072337003943203,0.06312465560014081,3.5179087581158305e-05,8.362607170834432,9.079271730652795,2.7070527826174686,0.0030066482121736907,nan
303.01,192.25193786621094,-227.6705322265625,-46.36172866821289,191.75703552095197,-227.42678193205404,-46.377922461170314,0.5519101161839048,0.3307691445733312,0.06314600551887084,3.588476048156078e-05,8.358091673434075,9.29285068651264,nan,nan,nan
303.02,192.26060485839844,-227.67210388183594,-46.36241912841797,191.76576687860455,-227.4284216458838,-46.38038681234119,0.5518772472486052,0.33081500353511456,0.06316741609635462,3.5174152531268275e-05,10.227117285280784,11.017235269525765,nan,1.9321780087946594,nan
303.03000000000003,192.269287109375,-227.67376708984375,-46.36320495605469,191.77444760487825,-227.4300865100332,-46.38129803052813,0.5518819797124227,0.3308609497745024,0.06318889078481453,3.588004875019786e-05,10.171243667646348,10.877007921285228,nan,nan,nan
303.04,192.2779541015625,-227.6754913330078,-46.364078521728516,191.78301249394275,-227.4317044482099,-46.378452515815425,0.5519110905378736,0.33090698077743963,0.06321042650595045,3.51700142544094e-05,6.920590976658152,7.831734372702052,nan,10.354756286655801,nan
303.05,192.28662109375,-227.67730712890625,-46.36503982543945,191.7542050609878,-227.42523751634252,-46.3795389602863,0.5892504954869155,0.3308431906842595,0.06320326855954662,3.585408685935282e-05,6.9068802573681305,7.77172337811324,19.995205995351345,nan,nan
303.06,192.29530334472656,-227.67919921875,-46.3660888671875,191.76285036782113,-227.42718553030892,-46.382000465226,0.5892964031192404,0.33088902925588465,0.06322479774673265,3.514543354713954e-05,8.246083550573687,9.223449038171978,nan,1.213057705892512,nan
303.07,192.30397033691406,-227.68116760253906,-46.36722946166992,191.77145685934536,-227.42916906514557,-46.38324731359697,0.5893474681553525,0.3309349549325403,0.06324639109721704,3.585093736661436e-05,8.197772435556276,9.117179553020005,nan,nan,nan
303.08,192.31263732910156,-227.68321228027344,-46.36845397949219,191.78006309043366,-227.43122919400685,-46.38456882522364,0.5893984083029778,0.33098096538962724,0.06326804587033596,3.514276647918243e-05,8.42949164034789,9.339977518077692,nan,0.00011706126690252564,nan
303.09000000000003,192.32131958007812,-227.68533325195312,-46.3697624206543,191.78866990233516,-227.43336583039004,-46.38598975754337,0.5894629650718904,0.33102706319556324,0.06328976501710501,3.584853028740152e-05,8.384290700646556,9.370323076682793,nan,nan,nan
303.1,192.32998657226562,-227.68753051757812,-46.37115478515625,191.79837178350698,-227.43618473985242,-46.388756007347496,0.5883016119560299,0.33096325223295153,0.06328252848455099,3.511961457714312e-05,9.854647109254174,10.729543374231651,0.0568203547372219,1.0564453505694986,nan
303.11,192.3386688232422,-227.68980407714844,-46.37263107299805,191.80698036118054,-227.43847205445573,-46.39036010349908,0.5883661486207369,0.33100915731334896,0.06330424032273188,3.5824774247352904e-05,9.80589815081331,10.739050661631227,nan,nan,nan
303.12,192.3473358154297,-227.692138671875,-46.37418746948242,191.81550936368347,-227.44074905564003,-46.38921215432464,0.5884401881944689,0.3310551471867856,0.0633260139571795,3.5118284439612554e-05,7.458867536876994,8.471531823928826,nan,5.638716954322728,nan
303.13,192.35601806640625,-227.69456481933594,-46.37582778930664,191.8241178636574,-227.44318302221552,-46.390954222115866,0.5885061109090528,0.33110122424095045,0.06334785203262379,3.582372955588132e-05,7.416863685112698,8.2658278492156,nan,nan,nan
303.14,192.36468505859375,-227.69703674316406,-46.37754821777344,191.83271678599627,-227.44567907813956,-46.39243780717264,0.588551288070457,0.3311473864197872,0.06336975226343686,3.5117589818965705e-05,7.341500525621209,8.457782260552072,nan,0.08122856933921192,nan
303.15000000000003,192.3733673095703,-227.69960021972656,-46.37934494018555,191.82502455077676,-227.4496079377362,-46.394307636481045,0.6028265127352166,0.3310835563992706,0.06336243647563425,3.580129340029504e-05,7.244296137392944,8.46719801319193,10.088915363561984,nan,nan
303.16,192.3820343017578,-227.7022247314453,-46.3812255859375,191.83352719301126,-227.4522065601077,-46.393884989204466,0.6029339887878097,0.33112952564694637,0.06338432876359075,3.509631632303283e-05,5.556290071259831,6.806536670670738,nan,4.056582660551202,nan
303.17,192.3907012939453,-227.70492553710938,-46.3831787109375,191.8420945045823,-227.4549415868223,-46.395921133249175,0.6030122337587425,0.3311755819103729,0.06340628556838965,3.5801480534259714e-05,5.524486323276435,6.645415047239031,nan,nan,nan
303.18,192.39938354492188,-227.7076873779297,-46.38518142700195,191.85062915001825,-227.45771186269036,-46.39679435255979,0.603120223657956,0.3312217233047348,0.06342830488065969,3.509677991787585e-05,4.830911127847441,6.184914344427986,nan,1.0551682362164274,nan
303.19,192.40805053710938,-227.7105255126953,-46.387184143066406,191.85919601742293,-227.4605828773512,-46.398906824287266,0.6031998226110562,0.3312679519630249,0.06345038893445226,3.5802253362200266e-05,4.826005775320221,5.912400896139484,nan,nan,nan
303.2,192.41673278808594,-227.7134246826172,-46.3891716003418,191.89917038159408,-227.47400510380547,-46.401663112341005,0.5703933881139012,0.33120410022348545,0.06344298825319976,3.5076625148462315e-05,5.360799197145073,6.53666206123703,10.00941012982374,0.35113614410275046,nan
303.21,192.42539978027344,-227.7163848876953,-46.39112854003906,191.90779356823316,-227.47702140949838,-46.40375256921108,0.5704125099870755,0.3312501356531893,0.06346506357073706,3.5781540162303465e-05,5.3650930444203935,6.530310227580274,nan,nan,nan
303.22,192.43406677246094,-227.7194061279297,-46.3930549621582,191.91637075277302,-227.48005728702717,-46.4040048315772,0.5704532724793391,0.33129625621535347,0.06348720173269382,3.5078130563376745e-05,4.328183332208787,5.573065255168212,nan,2.2954184843046894,nan
303.23,192.4427490234375,-227.72250366210938,-46.39494323730469,191.92499367907632,-227.4832037511942,-46.40601269582514,0.5704888928721659,0.3313424638817108,0.06350940472546072,3.578337269257357e-05,4.333398736744464,5.452862919693746,nan,nan,nan
303.24,192.451416015625,-227.7256622314453,-46.396793365478516,191.9335905775062,-227.48638840323895,-46.40694202903758,0.570524446977938,0.33138875700745424,0.06353167090814892,3.5080131831076366e-05,3.844092351408637,4.916983176448136,nan,0.7655281217129971,nan
303.25,192.4600830078125,-227.7288818359375,-46.39860916137695,191.94330371915973,-227.4898417533014,-46.40894610792665,0.5694803304339078,0.3313248848950734,0.06352418395457615,3.576368086948391e-05,3.8946338041999713,4.990944312785972,0.2880308290141574,nan,nan
303.26,192.46876525878906,-227.73216247558594,-46.400390625,191.9519068056787,-227.49315633556003,-46.40995945784156,0.5695245017412917,0.33137098457327635,0.06354644071799953,3.50614267810915e-05,3.517329023648482,4.715912410133849,nan,0.5449729655255722,nan
303.27,192.47743225097656,-227.73550415039062,-46.40213394165039,191.96053105176975,-227.49655351799368,-46.41180941060371,0.5695418063354181,0.3314171711994235,0.06356876240880119,3.576646128912605e-05,3.522188713984664,4.630025261273776,nan,nan,nan
303.28000000000003,192.48609924316406,-227.73890686035156,-46.40384292602539,191.96914175648303,-227.49999883350034,-46.4130643520713,0.5695674876850307,0.3314634432796528,0.06359114760679625,3.506431789146439e-05,3.3288772459834233,4.434883055591964,nan,0.22136718056050156,nan
303.29,192.49476623535156,-227.74237060546875,-46.405521392822266,191.97776535864028,-227.5035175136473,-46.41484141130473,0.5695854358543699,0.3315098025608689,0.06361359796983362,3.5769693416234326e-05,3.3311443192215715,4.437527548319288,nan,nan,nan
303.3,192.50343322753906,-227.74588012695312,-46.407161712646484,192.00017698638632,-227.51629980704945,-46.417367153573956,0.5532432725038631,0.3314459077774515,0.06360601970565659,3.504646826769848e-05,3.8025226734935904,5.068992634094857,2.9705261655775312,0.4970946867584193,nan
303.31,192.51211547851562,-227.7493896484375,-46.40877151489258,192.00881718618115,-227.51991088513608,-46.419086853903025,0.5532414302020852,0.3314920733112354,0.06362845983688606,3.575131428380094e-05,3.8058742613089285,4.957210244089946,nan,nan,nan
303.32,192.52078247070312,-227.75283813476562,-46.41035079956055,192.01741941014774,-227.52346023874182,-46.419116947309014,0.5532318096985582,0.33153832428890045,0.06365096377880236,3.505015065728154e-05,3.02063546741025,4.4530118674354835,nan,1.9362712387763532,nan
303.33,192.52944946289062,-227.75624084472656,-46.411895751953125,192.0260590416019,-227.52699823952887,-46.42075814706028,0.553202160453203,0.33158466231686284,0.06367353299386182,3.575534985640873e-05,3.0234880019494392,4.297730579717392,nan,nan,nan
303.34000000000003,192.53811645507812,-227.75958251953125,-46.413414001464844,192.0347063995921,-227.5304864971615,-46.422731500472636,0.5531667806528626,0.33163108611064285,0.06369616635301142,3.505421094783251e-05,3.302082337759183,4.600553168328136,nan,0.09239561829861494,nan
303.35,192.54678344726562,-227.7628631591797,-46.41489791870117,192.04524239998128,-227.5222641513631,-46.424221207295226,0.5563436243758175,0.3315671695904693,0.06368849483472618,3.5737741760990575e-05,3.3784233951470224,4.232970164963169,15.372396940345814,nan,nan
303.36,192.55545043945312,-227.76608276367188,-46.41635513305664,192.05392287518256,-227.52559464397865,-46.426667260537364,0.5563009737632343,0.3316133994047242,0.06371111723340729,3.5037451127010894e-05,3.979185870414857,4.813312273224783,nan,0.560254707649526,nan
303.37,192.56411743164062,-227.7692413330078,-46.41777801513672,192.06258380724842,-227.52884385727745,-46.428202254472346,0.5562693479774361,0.3316597161221393,0.06373380501924404,3.5742487188561396e-05,3.982397051504209,4.760741814554841,nan,nan,nan
303.38,192.57278442382812,-227.7723388671875,-46.4191780090332,192.07120750905216,-227.5319963122431,-46.42795779333185,0.556256262675492,0.3317061185882659,0.0637565572350675,3.5042176783851285e-05,3.14002409434882,3.9256863047965793,nan,2.161400026241313,nan
303.39,192.58145141601562,-227.77536010742188,-46.42054748535156,192.07986814392916,-227.53512066617807,-46.42942052204901,0.5562189305896839,0.33175260821561064,0.06377937508712744,3.574757258943216e-05,3.140575719712647,4.109115626367062,nan,nan,nan
303.40000000000003,192.59011840820312,-227.77833557128906,-46.42189025878906,192.08260892075384,-227.54541051327988,-46.43116462347662,0.5584854307320604,0.3316886679758548,0.06377160575439984,3.502605418160412e-05,3.3088483980535037,4.3487850595380735,9.739904259355686,0.125180335734758,nan
303.41,192.59878540039062,-227.78125,-46.4232063293457,192.09124520648618,-227.54844484318886,-46.43257703526583,0.5584649492992949,0.33173496332169866,0.06379441181373947,3.573093699200622e-05,3.3093037497504922,4.375387812911428,nan,nan,nan
303.42,192.60745239257812,-227.7841033935547,-46.424495697021484,192.0999289956815,-227.55146301911785,-46.43632662442374,0.5584277151599886,0.3317813443943269,0.06381728257664955,3.5031363613296296e-05,4.845976741135569,5.951407169343154,nan,3.9344323038821916,nan
303.43,192.61611938476562,-227.78689575195312,-46.42576217651367,192.10856511258118,-227.55438144232457,-46.437712293394185,0.5584058100415759,0.3318278124865477,0.06384021909927648,3.573661417339155e-05,4.84504834005295,6.029414379208005,nan,nan,nan
303.44,192.62478637695312,-227.7896270751953,-46.427001953125,192.11719394182154,-227.55723729817154,-46.43870379598283,0.5583834003569937,0.331874366622522,0.06386322064842147,3.5036953786247405e-05,4.755834889095882,6.015116670706957,nan,0.09638603257867367,nan
303.45,192.63345336914062,-227.7923126220703,-46.42821502685547,192.1080704324351,-227.55059096616793,-46.44000842231731,0.5784424546054833,0.3318104032406457,0.06385535112155916,3.572054471773659e-05,4.811757454439889,5.812884314017049,3.2241074249919968,nan,nan
303.46,192.64212036132812,-227.79495239257812,-46.429405212402344,192.11663949955735,-227.55328981663777,-46.439200447341456,0.5784694316253836,0.3318567628503564,0.06387834010684637,3.502162611466276e-05,3.6564627420182374,4.554405338168369,nan,3.162555059872009,nan
303.47,192.65078735351562,-227.7975311279297,-46.430572509765625,192.1252492655065,-227.5559706544537,-46.44046612404797,0.5784804472908242,0.33190320934144535,0.06390139497982676,3.572673708076376e-05,3.655298835816712,4.66914664306064,nan,nan,nan
303.48,192.65945434570312,-227.80006408691406,-46.43171310424805,192.1338533188324,-227.55859431215043,-46.44138974170287,0.5784960923674398,0.3319497418476853,0.06392451513746404,3.502769850579684e-05,3.5875091180817797,4.496630109245415,nan,0.07206446926260213,nan
303.49,192.66812133789062,-227.8025360107422,-46.43283462524414,192.14246346181406,-227.56117209733628,-46.44260797697975,0.5785051942550616,0.331996361498256,0.0639477014416329,3.573317854473761e-05,3.5860638540840566,4.663183170232026,nan,nan,nan
303.5,192.67678833007812,-227.80496215820312,-46.43393325805664,192.16321796391975,-227.56174219039826,-46.44120957563457,0.5682987053764433,0.33193237325889696,0.06393972753306032,3.501283162744253e-05,2.4557598208744156,3.2904891188206586,5.756970876000686,4.822221275132257,nan
303.51,192.68545532226562,-227.80734252929688,-46.43500900268555,192.17185893790742,-227.56420515834904,-46.44235952305928,0.5682878296488628,0.3319787980792639,0.06396290042079592,3.5717806373884485e-05,2.4546861451832775,3.2477065304815267,nan,nan,nan
303.52,192.69412231445312,-227.80967712402344,-46.43606185913086,192.18045741631877,-227.5665849797952,-46.44108070981062,0.5683050299117517,0.332025308881604,0.06398613884047988,3.5019320193645643e-05,1.659699393406199,2.4183745746406853,nan,4.089766838330177,nan
303.53000000000003,192.70278930664062,-227.8119659423828,-46.437095642089844,192.18909859837635,-227.56895294593266,-46.442165510584125,0.5682949619407901,0.3320719066952577,0.06400944354205865,3.572466912328959e-05,1.6583601739505565,2.4134555349214,nan,nan,nan
303.54,192.71145629882812,-227.814208984375,-46.4381103515625,192.1977670475888,-227.5712968961522,-46.4448079137727,0.5682673550215067,0.3321185908031306,0.06403281408974668,3.50260114807814e-05,2.2180271607985755,2.9766994302006,nan,1.754535044853498,nan
303.55,192.72012329101562,-227.81639099121094,-46.43910217285156,192.1867539782239,-227.56373804664454,-46.44587651847265,0.5902221835754646,0.3320545779808421,0.06402473309434423,3.570969955249757e-05,2.300675742589787,3.174814589921524,3.6893029170072467,nan,nan
303.56,192.7288055419922,-227.81854248046875,-46.4400749206543,192.19537763262556,-227.56596110231453,-46.44765272436678,0.5902542758766216,0.3321010670017425,0.06404808941513154,3.5011703959893735e-05,2.6541431744872215,3.4325205240811445,nan,0.3799781318415913,nan
303.57,192.7374725341797,-227.82066345214844,-46.4410285949707,192.20398930970606,-227.5681308771444,-46.44868405128826,0.5902843876000616,0.3321476429040654,0.0640715121562921,3.571692228460151e-05,2.653554550249559,3.208984714397864,nan,nan,nan
303.58,192.7461395263672,-227.82272338867188,-46.44196319580078,192.21259428104426,-227.57025281743384,-46.44927449857894,0.5903095571784991,0.3321943050611965,0.0640950009775125,3.5018731826768066e-05,2.5376545555270527,3.3120226247379363,nan,0.1259913100289142,nan
303.59000000000003,192.7548065185547,-227.8247528076172,-46.44287872314453,192.22120637201795,-227.57233880279884,-46.450265269586545,0.5903359274860454,0.3322410543672846,0.06411855648605475,3.5724322107508525e-05,2.5370732684305324,3.182001901324539,nan,nan,nan
303.6,192.7634735107422,-227.8267364501953,-46.44377899169922,192.23512110956602,-227.57415093925172,-46.449765794372915,0.5856547976184489,0.33217701546830763,0.06411036450100265,3.500474609322482e-05,2.0450611409769106,2.7030504824393304,0.7568354026227851,1.5241746571303216,nan
303.61,192.7721405029297,-227.8286895751953,-46.44465637207031,192.24374631843833,-227.57615125777835,-46.45070705013482,0.5856727983039012,0.33222356938145414,0.06413390490918192,3.57098328467803e-05,2.0449634773457244,2.5758436844420913,nan,nan,nan
303.62,192.78082275390625,-227.83058166503906,-46.445518493652344,192.25233847248842,-227.57808687916634,-46.44945193210465,0.5857172735515784,0.3322702095057802,0.06415751162192032,3.5012058274233654e-05,1.4599431377959897,2.327215472311768,nan,3.35181238016126,nan
303.63,192.78948974609375,-227.83245849609375,-46.44636535644531,192.2609641959009,-227.58000913503938,-46.45033809204137,0.5857351959132524,0.3323169366538765,0.06418118516585582,3.571752019810187e-05,1.4585488147619659,1.9871693576640752,nan,nan,nan
303.64,192.79815673828125,-227.83428955078125,-46.44719314575195,192.25806979876165,-227.5960365379181,-46.45084131782192,0.5903149240341636,0.33185847055025625,0.06344229745392331,3.501869729468323e-05,1.2811177723648526,1.890243396257979,nan,0.08746857573987403,0.26242122337493845
303.65000000000003,192.8068389892578,-227.83609008789062,-46.44800567626953,192.27726555195795,-227.61114681279025,-46.45159979871689,0.5753785017035626,0.3317932388174312,0.06343521568765392,3.570247327076409e-05,1.2070290899958156,2.142476838343085,13.091536293501449,nan,nan
303.66,192.8155059814453,-227.8378448486328,-46.44879913330078,192.28588380026585,-227.61297733501596,-46.45078838977592,0.5753859666509452,0.33183865908858085,0.06345566630141862,3.5005115551750874e-05,0.9583325069589176,1.9466770622075809,nan,1.9097233282087909,nan
303.67,192.8241729736328,-227.83956909179688,-46.449581146240234,192.29449642571146,-227.6148261481226,-46.451590458576234,0.5753874116500324,0.3318841645670435,0.06347617822599357,3.571042867182199e-05,0.958431303058098,1.8882098271949546,nan,nan,nan
303.68,192.83285522460938,-227.8412628173828,-46.45034408569336,192.30310692187533,-227.6166613642982,-46.45303599145799,0.5754010108906363,0.3319297553594987,0.06349674866388647,3.501282058113257e-05,1.0524825856574096,1.9840780646895835,nan,0.30549312663013656,nan
303.69,192.84152221679688,-227.84291076660156,-46.45109176635742,192.31172033033826,-227.61844177326924,-46.453815751347754,0.5753988077472529,0.33197543164987603,0.06351738062611977,3.5718505334068934e-05,1.053367456902754,2.0796566581353413,nan,nan,nan
303.7,192.85018920898438,-227.84454345703125,-46.45182800292969,192.3428166960758,-227.62848177558223,-46.453089299415595,0.5514626985704151,0.3319102014483344,0.0635102436065935,3.4999453416004925e-05,0.8210691997499042,1.6490996684132666,4.950009042107534,1.493650856619382,nan
303.71,192.85887145996094,-227.84613037109375,-46.452545166015625,192.35147096839856,-227.6302072229348,-46.45382572909588,0.5514342250807543,0.331955685286715,0.06353087115404797,3.5704633610063284e-05,0.8214970663641348,1.8685866031562295,nan,nan,nan
303.72,192.86753845214844,-227.84768676757812,-46.453250885009766,192.36012356315345,-227.63191705093737,-46.45509635529533,0.5513890150824545,0.3320012543649329,0.06355155761287282,3.500734119151894e-05,0.8727747287051961,1.851555895765951,nan,0.21168214974558638,nan
303.73,192.876220703125,-227.84921264648438,-46.453941345214844,192.3687788207535,-227.6335790319763,-46.4558117100778,0.551360696781395,0.3320469088731898,0.06357230569432168,3.571289503671578e-05,0.8734177647083643,1.8822483572436952,nan,nan,nan
303.74,192.8848876953125,-227.8507080078125,-46.45461654663086,192.37743331844135,-227.63521868471344,-46.4567976204512,0.5513169234282509,0.33209264890880263,0.06359311304409063,3.501532398551635e-05,0.9112575646806134,1.8751632043184299,nan,0.05672477715093924,nan
303.75,192.89356994628906,-227.8521728515625,-46.45528030395508,192.39677029318767,-227.64361233176876,-46.4575240967643,0.5388064776378122,0.332027419833429,0.06358592036046326,3.569920200923824e-05,0.8862414972341142,2.0513484206785506,1.7363856183650317,nan,nan
303.76,192.90225219726562,-227.85362243652344,-46.4559326171875,192.40543148387198,-227.6452567904529,-46.460180674636554,0.5387625726713561,0.3320729672303173,0.06360672280844563,3.500219326416904e-05,1.260920550292221,2.206346104512944,nan,2.7564622172845126,nan
303.77,192.91091918945312,-227.8550262451172,-46.45656967163086,192.41410151829987,-227.64681609108695,-46.4608690541547,0.5387000568976429,0.33211859998843846,0.0636275869847437,3.5707611420822245e-05,1.2631397437152359,2.4294554736883485,nan,nan,nan
303.78000000000003,192.9196014404297,-227.85641479492188,-46.45719528198242,192.42277455871584,-227.64833219728604,-46.46101182047854,0.5386556263499636,0.332164318199411,0.06364851080742241,3.501031447922808e-05,1.16168094192219,2.156244626030796,nan,0.2011079553595792,nan
303.79,192.92828369140625,-227.85775756835938,-46.45780563354492,192.4314459218702,-227.64983520462042,-46.4616713575591,0.5386041425783078,0.33221012206196776,0.06366949658478145,3.571610047878984e-05,1.164238981530298,2.4441452105383306,nan,nan,nan
303.8,192.93695068359375,-227.8590850830078,-46.458404541015625,192.45158801452058,-227.6604173080214,-46.46330518430537,0.5244709921935933,0.33214489358687027,0.06366224270936559,3.499731895727921e-05,1.4111467221468412,2.7236337004025115,3.5845961950877974,0.6295437543290962,nan
303.81,192.9456329345703,-227.8603973388672,-46.4589958190918,192.46027084385503,-227.6618909559231,-46.46395248227615,0.5244098699328421,0.33219050462181593,0.0636832229367484,3.570259624122832e-05,1.4135649946311215,2.5599278485083796,nan,nan,nan
303.82,192.95431518554688,-227.8617706298828,-46.45967483520508,192.46895817331853,-227.6633707494135,-46.46376435256646,0.5243573838916687,0.3322362010347059,0.06370426317420898,3.500554796776252e-05,1.20356099029669,2.7487854887905594,nan,0.5425716060464366,nan
303.83,192.96299743652344,-227.8632354736328,-46.460445404052734,192.47764196819227,-227.66495705606283,-46.464537042108816,0.5243100256670679,0.3322819830292505,0.06372536548405928,3.571119454498712e-05,1.194956737700606,2.5891069180253807,nan,nan,nan
303.84000000000003,192.97166442871094,-227.8647918701172,-46.461307525634766,192.48632150860394,-227.66665071009916,-46.46637407049456,0.5242550326588159,0.33232785068961357,0.06374652814857104,3.501383787561987e-05,1.4595304477194602,2.6717289676545457,nan,0.6674696944949635,nan
303.85,192.9803466796875,-227.86642456054688,-46.462257385253906,192.45060038320716,-227.64841922687665,-46.46724685559997,0.5728720266845246,0.332262622367872,0.06373921194302065,3.5697798790910614e-05,1.555478619302512,2.620426201455203,18.1680118617648,nan,nan
303.86,192.98902893066406,-227.86813354492188,-46.46329879760742,192.45921995332606,-227.65018376035712,-46.466977055494944,0.5728989358000709,0.3323082970043082,0.06376036851842165,3.5000977384571684e-05,1.2451498187057015,2.358047154057407,nan,1.2347690070671404,nan
303.87,192.99771118164062,-227.86993408203125,-46.46442413330078,192.46783367671256,-227.65206063817254,-46.46810528777995,0.5729332933823499,0.33235405715144234,0.06378158729043153,3.570647890977844e-05,1.2385639755437623,2.188907689303354,nan,nan,nan
303.88,193.0063934326172,-227.87179565429688,-46.46563720703125,192.476445518083,-227.65402724358975,-46.46977011964877,0.5729615639706847,0.33239990288928506,0.06380286676215807,3.5009344229973996e-05,1.347480760600376,2.552438419873246,nan,0.14222390871546192,nan
303.89,193.01507568359375,-227.87374877929688,-46.46693420410156,192.48505965472685,-227.65606141734958,-46.471077116038224,0.5729938412642179,0.3324458344277859,0.06382420866875865,3.5715208706320746e-05,1.3406321898435754,2.344612307267971,nan,nan,nan
303.90000000000003,193.0237579345703,-227.8757781982422,-46.468318939208984,192.52127676907335,-227.66648487348093,-46.472126386673835,0.5443395210022911,0.33238060566708477,0.06381682516949382,3.4996562155454384e-05,1.1785539163395868,2.1567245708655944,8.66889481492002,0.09529992345117694,nan
303.91,193.03244018554688,-227.87786865234375,-46.469783782958984,192.5299434904939,-227.6686790425033,-46.47360059003342,0.5443140540355352,0.3324263439825163,0.06383816031449266,3.570191291217365e-05,1.1725400517780982,2.3997173964601086,nan,nan,nan
303.92,193.04112243652344,-227.8800506591797,-46.47132873535156,192.53861241504262,-227.6709390493696,-46.47473067034224,0.5442936341789238,0.3324721678132011,0.0638595564909686,3.500498337640749e-05,1.0952456536457758,2.0895199377972067,nan,0.12924964032945835,nan
303.93,193.04978942871094,-227.88229370117188,-46.472957611083984,192.54727932830082,-227.67328302066255,-46.47636723067037,0.5442549871952329,0.3325180773723709,0.06388101523708431,3.57106983632996e-05,1.0902873347945414,2.229469442524752,nan,nan,nan
303.94,193.0584716796875,-227.88462829589844,-46.474666595458984,192.55595495501024,-227.6756641988055,-46.47638345713682,0.5442352433169463,0.33256407273509436,0.06390253534802533,3.501344143603208e-05,0.8490560539186933,1.7659678888333363,nan,2.0449048902337457,nan
303.95,193.06715393066406,-227.88702392578125,-46.47645568847656,192.5491292699279,-227.66419821492386,-46.47819311517186,0.5639183142986555,0.33249884304660104,0.06389508282437668,3.569746190510498e-05,0.8934661825051614,1.6656430368644224,8.741938461291522,nan,nan
303.96,193.07583618164062,-227.8894805908203,-46.47832489013672,192.55778239282148,-227.66672993779443,-46.480429453256306,0.563916670013623,0.3325446449806674,0.06391659558506445,3.50007233290181e-05,0.9353106998762025,1.837448659504752,nan,0.09830283004654877,nan
303.97,193.0845184326172,-227.89202880859375,-46.48027038574219,192.56643722951978,-227.66932515248118,-46.482375489459294,0.5639232952365291,0.3325905325699936,0.06393817105555473,3.5706283052907854e-05,0.932765667500899,1.600614108642701,nan,nan,nan
303.98,193.09320068359375,-227.89463806152344,-46.482261657714844,192.5750941718836,-227.67198142645495,-46.48391576602993,0.5639264763165573,0.3326365058872503,0.06395980820565918,3.500921568062225e-05,0.8866926886477925,1.6870211959938883,nan,0.15543388810506029,nan
303.99,193.1018829345703,-227.89730834960938,-46.484256744384766,192.5837484110147,-227.67471658162347,-46.485947254102776,0.5639267128788883,0.3326825651492979,0.0639815083145063,3.5715133246939625e-05,0.888433208570633,1.7938905981037199,nan,nan,nan
304.0,193.11056518554688,-227.90005493164062,-46.486236572265625,192.59499821154174,-227.67245549885004,-46.4869562488842,0.5635701592755304,0.3326173338820502,0.06397398225411934,3.499653720472106e-05,0.8324348471769255,1.4488715436399944,5.058911516699393,0.6017282183200873,nan
304.01,193.11923217773438,-227.90286254882812,-46.48818588256836,192.60366766054568,-227.6753061701704,-46.48894816952034,0.5635505815215093,0.3326631995062635,0.06399567431558388,3.570193601254219e-05,0.8335544966443262,1.5277626257175054,nan,nan,nan
304.02,193.12791442871094,-227.90574645996094,-46.4901008605957,192.6123392397172,-227.67821571141366,-46.49046691176002,0.5635495994443457,0.33270915078243507,0.06401742835937851,3.500504763528351e-05,0.8208112194603595,1.4493174902428227,nan,0.1386629056240155,nan
304.03000000000003,193.1365966796875,-227.90869140625,-46.491981506347656,192.6210083548413,-227.68119984589066,-46.49239094290182,0.563545826344869,0.33275518792895914,0.06403924551090952,3.571080565441126e-05,0.8213624598227091,1.4951768834346026,nan,nan,nan
304.04,193.14527893066406,-227.91171264648438,-46.49382781982422,192.62967592462795,-227.68425429284088,-46.494533383736375,0.5635461474414711,0.3328013110161635,0.06406112496822307,3.501357879243259e-05,0.8306178326830124,1.37785561113426,nan,0.04525015732103225,nan
304.05,193.15396118164062,-227.91477966308594,-46.495635986328125,192.6104051271589,-227.67578950035318,-46.49629436524449,0.593775981081717,0.3327360776387678,0.06405352317022513,3.569763513366253e-05,0.9162227149946763,1.6157186070564011,7.455533813477577,nan,nan
304.06,193.16262817382812,-227.9179229736328,-46.49740982055664,192.61902649697154,-227.67894995376187,-46.498113995314675,0.5938108984934636,0.3327820069110114,0.06407539436696202,3.64171777371804e-05,0.9175286177994049,1.4253373348708385,nan,nan,nan
304.07,193.1713104248047,-227.92112731933594,-46.4991455078125,192.6276476914616,-227.68217384925177,-46.4998990518356,0.593858986898362,0.3328280219408554,0.06409732840387043,3.71511750251749e-05,0.9190456429426918,1.5405303363959824,nan,nan,nan
304.08,193.17999267578125,-227.92434692382812,-46.500850677490234,192.63628123628493,-227.68540038263666,-46.49919227819996,0.5939026260884289,0.3328741228322143,0.06411932500178069,3.636827237263034e-05,0.9791249041096162,1.643502479310562,nan,3.9444751270082032,nan
304.09000000000003,193.18865966796875,-227.92755126953125,-46.50251770019531,192.64490170505837,-227.68866953837139,-46.50088564527699,0.5939190747177873,0.33292030981056375,0.06414138515108135,3.710091290786334e-05,0.9749519539389785,1.6002452736639834,nan,nan,nan
304.1,193.1973419189453,-227.93072509765625,-46.504154205322266,192.64946293354114,-227.68969719816093,-46.503653598962224,0.598553323931423,0.3328550736186781,0.06413370342545813,3.629799412490214e-05,0.9253781590061991,1.463277843999414,0.22453022547208523,0.7523140826295965,nan
304.11,193.2060089111328,-227.933837890625,-46.50575637817383,192.6580768588908,-227.69288364869468,-46.505293828703216,0.5985722132962442,0.3329010665256701,0.06415575416968047,3.7028428225509745e-05,0.9238663867746849,1.5172140794449458,nan,nan,nan
304.12,193.21469116210938,-227.9368896484375,-46.507328033447266,192.66668689241587,-227.69602691757171,-46.50761585558434,0.5986013845323286,0.33294714521794705,0.06417786775747757,3.6251904204926254e-05,0.919992649579821,1.6076448259404215,nan,0.33415314508158317,nan
304.13,193.22337341308594,-227.9398956298828,-46.50886917114258,192.67530028703706,-227.69910205548186,-46.50920146953415,0.5986366238311822,0.3329933099202662,0.06420004505108153,3.698113069644788e-05,0.9203655063847245,1.4889057080199486,nan,nan,nan
304.14,193.23204040527344,-227.9428253173828,-46.510379791259766,192.6839204086261,-227.70209856148753,-46.50937414519026,0.5986534164711266,0.3330395606971216,0.06422228550568804,3.620721386235466e-05,0.9448966066220736,1.6278081292705506,nan,1.2600265631973047,nan
304.15000000000003,193.24072265625,-227.94570922851562,-46.51185607910156,192.69110532695842,-227.70559412851554,-46.510790991179654,0.5997796297957595,0.33297432112176584,0.06421452134776201,3.69118558016e-05,0.948429415206184,1.6622795753129989,0.5537823377632589,nan,nan
304.16,193.2493896484375,-227.9485321044922,-46.5133056640625,192.6997042515158,-227.70852467574704,-46.514084637293635,0.5997984730233188,0.3330203776040326,0.06423675172040373,3.61414678004249e-05,0.9341892986038339,1.5894167763214404,nan,2.1718821979313114,nan
304.17,193.25807189941406,-227.95130920410156,-46.51472854614258,192.7083121618633,-227.71137312087768,-46.515556022149916,0.5998381263151369,0.33306652001844633,0.06425904595723064,3.6867565657168286e-05,0.9357457549033393,1.533561462592396,nan,nan,nan
304.18,193.26673889160156,-227.9540252685547,-46.51612091064453,192.71692515827203,-227.714151800369,-46.51595452299942,0.5998620256209216,0.3331127484308504,0.06428140362289853,3.609967010887981e-05,0.9176743514428782,1.550528486501891,nan,0.7245193644490802,nan
304.19,193.27542114257812,-227.95668029785156,-46.517486572265625,192.72553272834702,-227.71688997503892,-46.51736103459888,0.5998972268479784,0.3331590630640405,0.06430382541683947,3.682476048436262e-05,0.9170894660128273,1.6678654547284948,nan,nan,nan
304.2,193.28408813476562,-227.95928955078125,-46.518821716308594,192.75405019884718,-227.73450349049432,-46.52252456443584,0.5757453408376458,0.3330938193555755,0.06429597488678558,3.603700890758661e-05,1.22387347722469,2.098179604954055,7.753249116645863,9.350272621949122,nan
304.21,193.2927703857422,-227.9618377685547,-46.52013397216797,192.76268002083,-227.73717279334207,-46.52391664078768,0.5757468668103242,0.333139939465743,0.06431838584869522,3.67602481210639e-05,1.2327205293272145,2.2042588627067823,nan,nan,nan
304.22,193.3014373779297,-227.96434020996094,-46.521419525146484,192.7713159244016,-227.73977601591508,-46.524096756290774,0.5757299716922903,0.3331861454968811,0.06434086049697652,3.599811043822553e-05,1.0426244415830273,1.9093230813132558,nan,0.9387728113530409,nan
304.23,193.31011962890625,-227.966796875,-46.52267837524414,192.77994606591096,-227.742343586372,-46.52542679347257,0.5757350427738493,0.3332324376698915,0.06436339943833123,3.6720473005106675e-05,1.0493166298897056,1.936924047655538,nan,nan,nan
304.24,193.31878662109375,-227.96920776367188,-46.52391052246094,192.78857113867593,-227.7448741795959,-46.527775911343504,0.575733407030666,0.3332788160533893,0.0643860023755074,3.5960637531354526e-05,1.2591388641608074,2.0930229775751807,nan,0.7275716490554213,nan
304.25,193.3274688720703,-227.9715576171875,-46.52511978149414,192.82257277165579,-227.75728933890923,-46.52909510194264,0.5484950049570168,0.333213567598432,0.06437806267443033,3.6659155185775637e-05,1.1960677069798555,2.2892122052934623,5.89942014055648,nan,nan
304.26,193.3361358642578,-227.97386169433594,-46.52630615234375,192.83125312226036,-227.75971165393545,-46.52908591485213,0.5484291659366721,0.33325975122707063,0.06440065406074387,3.590250309678486e-05,0.9800948456057115,2.0123591625120194,nan,1.0961164144356186,nan
304.27,193.34481811523438,-227.97613525390625,-46.527469635009766,192.83992706622388,-227.76210182100257,-46.53031990136859,0.5483916536470697,0.3333060209177975,0.06442330990732356,3.66223844589108e-05,0.9866415934069388,1.8421686863946038,nan,nan,nan
304.28000000000003,193.35348510742188,-227.9783477783203,-46.52860641479492,192.8486103053324,-227.76442654211644,-46.52968912333582,0.5483265754472226,0.33335237674157364,0.06444602999486201,3.5867907008032124e-05,0.7973924008968416,1.8908198329406583,nan,2.27999778019656,nan
304.29,193.36216735839844,-227.98052978515625,-46.52972412109375,192.85728477179163,-227.766726479212,-46.53086047586551,0.5482878543189187,0.33339881891584583,0.0644688148139877,3.6587084135735434e-05,0.7999536256046716,1.6841495744761912,nan,nan,nan
304.3,193.37083435058594,-227.98265075683594,-46.53081512451172,192.85923296442928,-227.7614517191366,-46.53182263526703,0.5573742079379398,0.3333335649298288,0.06446078221862589,3.5812773362512995e-05,0.817010661296334,1.8284186250151124,2.5426178418446628,0.028594097981484067,nan
304.31,193.3795166015625,-227.9847412109375,-46.53188705444336,192.8679044786657,-227.76364343732018,-46.532949706961965,0.5573439862633061,0.3333798121118553,0.06448355471180565,3.653040437403682e-05,0.8193090987629873,1.6700136116890836,nan,nan,nan
304.32,193.38818359375,-227.98678588867188,-46.53293991088867,192.87658178342537,-227.76578180837157,-46.53289236760401,0.5572963467466753,0.3334261453489536,0.06450639168225344,3.5781005164716326e-05,0.7881540879828945,1.6288309438506805,nan,0.914237147703401,nan
304.33,193.39686584472656,-227.98880004882812,-46.533966064453125,192.88525344223555,-227.76789021031806,-46.533967065534874,0.5572687028123597,0.33347256485585486,0.06452929355575425,3.649804385141752e-05,0.7878447660271799,1.6576544807711695,nan,nan,nan
304.34000000000003,193.40554809570312,-227.9907684326172,-46.534976959228516,192.8939251683021,-227.7699579165064,-46.535022144721836,0.5572390025018275,0.33351907074199977,0.06455226033641873,3.722948020050482e-05,0.7876503047364585,1.619599964770547,nan,nan,nan
304.35,193.41421508789062,-227.99269104003906,-46.53596496582031,192.9335228551563,-227.7823815314807,-46.536009631728085,0.5246857287903093,0.3334538105681449,0.0645441318398411,3.79508604307459e-05,0.7015467419388675,1.8452129353864595,9.466016549547978,nan,nan
304.36,193.4228973388672,-227.9945831298828,-46.53693389892578,192.94224196244554,-227.78439847536242,-46.53884879728863,0.5246054200202619,0.33350012118469113,0.06456708540088897,3.711421069100858e-05,0.7997960569368966,1.8270595791510158,nan,2.0815966962111183,nan
304.37,193.4315643310547,-227.99642944335938,-46.53788375854492,192.95097010308655,-227.78636134829696,-46.5398644274164,0.5245029452430381,0.33354651799230417,0.06459010404719523,3.7856930106388716e-05,0.8040853918494486,1.9378592909472343,nan,nan,nan
304.38,193.44024658203125,-227.9982452392578,-46.538814544677734,192.95969642524517,-227.78829082297585,-46.54133289937331,0.5244193476730215,0.3335930010636263,0.06461318769120221,3.7025713348900836e-05,0.8712555386079821,1.9236875337631043,nan,0.139653587580291,nan
304.39,193.4489288330078,-228.00001525878906,-46.53972625732422,192.9684251532813,-227.7901797986896,-46.54231731893005,0.524329495781166,0.333639570614081,0.06463633669638065,3.776624751245999e-05,0.8772232282241158,2.0491241093253225,nan,nan,nan
304.40000000000003,193.45761108398438,-228.00177001953125,-46.54062271118164,192.969343889288,-227.78944020095793,-46.54470466678552,0.5324523148917546,0.33357430343610406,0.06462810872186907,3.691712247967393e-05,1.1715574506042394,2.0173184825634274,0.6390468310330055,1.336994540629233,nan
304.41,193.46627807617188,-228.00347900390625,-46.54149627685547,192.978059076759,-227.79125525022917,-46.545668281773594,0.5323665265937931,0.33362067750814556,0.0646512438427006,3.765466539115661e-05,1.1820125779854163,2.2569466644096807,nan,nan,nan
304.42,193.47496032714844,-228.00514221191406,-46.542354583740234,192.9867754314047,-227.79303432106119,-46.546418093031654,0.5322882319778754,0.3336671377651671,0.064674444181389,3.683489052245e-05,1.1676097839553778,2.3123571508677694,nan,0.02473293350787639,nan
304.43,193.483642578125,-228.0067901611328,-46.54319763183594,192.99549120504437,-227.7947809969355,-46.54734703281899,0.5322188142791154,0.3337136844186636,0.06469771005442905,3.757050523691565e-05,1.1772201359630994,2.0923254693587117,nan,nan,nan
304.44,193.49232482910156,-228.00839233398438,-46.54402160644531,193.00420953507475,-227.79649104015695,-46.54776717869803,0.5321397635021442,0.3337603175471019,0.06472104144444253,3.6755680631370515e-05,1.1002278558211143,2.1986680731763375,nan,0.15526346418485523,nan
304.45,193.50099182128906,-228.0099639892578,-46.544830322265625,192.9955136410249,-227.78230553022553,-46.54862842627001,0.554392451505386,0.3336950426714091,0.06471271086084748,3.746567302325145e-05,1.1881110820217895,1.9739468485759555,9.098086036113582,nan,nan
304.46,193.50967407226562,-228.01150512695312,-46.545623779296875,193.00421277893707,-227.78391527468713,-46.54985661320266,0.5543520332701072,0.3337414800732217,0.06473602757344644,3.665666920073572e-05,1.2912345974636448,2.0454468761354097,nan,0.07939833077452074,nan
304.47,193.5183563232422,-228.01303100585938,-46.5463981628418,193.01291381949997,-227.78549185499637,-46.55072177934822,0.554314787304429,0.3337880037881622,0.06475940999388549,3.738785183905093e-05,1.3019270044445195,2.0150351646109326,nan,nan,nan
304.48,193.52703857421875,-228.01451110839844,-46.54716110229492,193.0216078308889,-227.78704801800916,-46.553226585969384,0.5542891699145852,0.33383461389865654,0.06478285814224019,3.6583484088563755e-05,1.8069735677010665,2.548020929897416,nan,1.7655212103712976,nan
304.49,193.5357208251953,-228.01596069335938,-46.54790496826172,193.03030959443745,-227.7885640786716,-46.554078949359564,0.5542452982121038,0.3338813106103206,0.06480637227907576,3.7313079920930774e-05,1.8222904187621511,2.6483616393459477,nan,nan,nan
304.5,193.54440307617188,-228.0173797607422,-46.54863739013672,193.04646500876925,-227.7992558029162,-46.557218661076895,0.5436855875938627,0.3338160271945529,0.06479793561274823,3.6490659763451714e-05,2.770497830354266,3.6800790805731576,3.72581822623342,3.573742707235166,nan
304.51,193.55308532714844,-228.01878356933594,-46.549354553222656,193.05517089032085,-227.8007400434975,-46.55806533920325,0.5436337400803809,0.3338625279253434,0.06482143424495523,3.721786153133165e-05,2.7908363621617474,3.577672843891055,nan,nan,nan
304.52,193.561767578125,-228.02015686035156,-46.55005645751953,193.0638808752516,-227.80219150006812,-46.55800636015747,0.5435653301430995,0.33390911497161635,0.06484499880924093,3.642329945494995e-05,2.486858364845598,3.307831572194913,nan,0.5179271803587276,nan
304.53000000000003,193.57044982910156,-228.021484375,-46.550743103027344,193.07258736395357,-227.80362014685628,-46.558817301457985,0.5435044146906177,0.33395578853504826,0.06486862953685239,3.714912777302331e-05,2.5061121295963567,3.528053775614143,nan,nan,nan
304.54,193.57913208007812,-228.02279663085938,-46.55141830444336,193.081296989018,-227.80501827261074,-46.55893106323057,0.5434368709950673,0.334002548703916,0.06489232649174388,3.635873789157666e-05,2.303151682733793,3.144025075084759,nan,0.3056952216992621,nan
304.55,193.5878143310547,-228.0240936279297,-46.55207824707031,193.13166595773603,-227.8206405506289,-46.559774613834904,0.49952350015368896,0.3339372560140196,0.06488378051847024,3.706007166008113e-05,2.2419260661176286,3.3830484549557376,16.74826981567202,nan,nan
304.56,193.59649658203125,-228.02536010742188,-46.55272674560547,193.14045840507345,-227.82199476830644,-46.557880105994876,0.4993544203467484,0.33398381994586435,0.0649074611418394,3.6274681346221134e-05,1.3750488112850627,2.5296035420593403,nan,4.650944378467624,nan
304.57,193.6051788330078,-228.02659606933594,-46.55335998535156,193.14924007782642,-227.8233357196794,-46.558609414143774,0.49922186923401474,0.3340304703102134,0.06493120810261829,3.699714214141098e-05,1.3870847051817525,2.646061283912022,nan,nan,nan
304.58,193.61386108398438,-228.02780151367188,-46.55398178100586,193.1580183286858,-227.82465572289846,-46.56025183437442,0.49909933223396236,0.334077207199216,0.06495502148724983,3.621562805697094e-05,1.7270983423265305,3.0241031731430237,nan,0.5632776674688763,nan
304.59000000000003,193.62254333496094,-228.02899169921875,-46.55459213256836,193.16680067582533,-227.825947671344,-46.560966953456905,0.49896782156062414,0.3341240308087902,0.06497890149334473,3.693699502858743e-05,1.7411029654540593,2.925654817889007,nan,nan,nan
304.6,193.6312255859375,-228.0301513671875,-46.55519104003906,193.18430691423887,-227.8233702770597,-46.56264607337893,0.49249395516026995,0.33405872798320285,0.06497024281871812,3.613715755598915e-05,2.1971250272339136,3.4441911378383776,5.482517251157283,0.6858246139535886,nan
304.61,193.63990783691406,-228.0312957763672,-46.5557746887207,193.1931152323972,-227.82459551999494,-46.56334774786706,0.49234741662788895,0.33410535509378503,0.06499410564053083,3.685661834470453e-05,2.2144023435935436,3.450748623929438,nan,nan,nan
304.62,193.6486053466797,-228.03240966796875,-46.55635070800781,193.20192092592842,-227.82580050044652,-46.56480338035249,0.49222532189627494,0.33415206864752856,0.06501803507696531,3.6083375265217284e-05,2.637529089843585,3.7858498436103996,nan,0.38827978699222926,nan
304.63,193.65728759765625,-228.0336151123047,-46.5570182800293,193.21073017539064,-227.82703474162682,-46.56554292285046,0.49209922827123337,0.33419886883658223,0.0650420313089019,3.6801916135581035e-05,2.6316169939126635,3.8325131711832143,nan,nan,nan
304.64,193.6659698486328,-228.034912109375,-46.55777359008789,193.16724285812066,-227.82892696973514,-46.56528809488533,0.5396433605633585,0.32717632504098787,0.06506523866185145,3.603161822941318e-05,2.3563723286636,3.590819796310683,nan,0.7668519486751431,0.38693637349495813
304.65000000000003,193.67465209960938,-228.03628540039062,-46.558624267578125,193.1917489789308,-227.84256802794388,-46.566164530082126,0.5203640071213628,0.3271052476591621,0.0650565113333301,3.67265226358663e-05,2.330254479447347,3.794470106723766,5.661566976089848,nan,nan
304.66,193.683349609375,-228.03775024414062,-46.5595588684082,193.20048502361283,-227.84412624152796,-46.56833884427118,0.5203129352103195,0.32714679644973343,0.0650804514984683,3.596099679488264e-05,2.9256163332212495,4.342666534583136,nan,0.9156305586078175,nan
304.67,193.69203186035156,-228.03927612304688,-46.560585021972656,193.20928567677183,-227.84576359088885,-46.569444043576134,0.5201629169085207,0.3271884344556437,0.06510445223673529,3.6677022455198875e-05,2.9216621131740794,4.592818355024452,nan,nan,nan
304.68,193.70071411132812,-228.04090881347656,-46.56169891357422,193.21811971797834,-227.84748115666963,-46.57002732769456,0.5199817010167066,0.3272301528714158,0.06512851366122278,3.591466863312899e-05,2.7128086418760518,4.115921688511629,nan,0.2500440346887791,nan
304.69,193.70941162109375,-228.0426025390625,-46.56290054321289,193.22692100285963,-227.8492816503221,-46.57130340285415,0.5198468724129026,0.3272719606341357,0.06515263594528134,3.662999937220324e-05,2.709032021635851,4.211935061251678,nan,nan,nan
304.7,193.7180938720703,-228.0443878173828,-46.564186096191406,193.24070912899845,-227.84559546968944,-46.57060528478058,0.5171612866421623,0.3272010095622814,0.06514380167061683,3.5848976425017954e-05,1.8640747714515582,3.4162648827962996,10.294643960591154,2.6534346076368096,nan
304.71,193.72677612304688,-228.04624938964844,-46.5655517578125,193.2495431079248,-227.84753200101733,-46.572033077133774,0.516993190252068,0.32724264477080545,0.0651679023232957,3.656279253988227e-05,1.8630168276445878,3.5381565723142954,nan,nan,nan
304.72,193.7354736328125,-228.04818725585938,-46.5670051574707,193.2584368080324,-227.84954392154123,-46.5724108335166,0.5167712528758011,0.32728436063436367,0.06519206390611394,3.5807305567566094e-05,1.529720236631513,3.0200075510768136,nan,0.8680932567483738,nan
304.73,193.74415588378906,-228.05020141601562,-46.56854248046875,193.26727102332933,-227.85163622195958,-46.573996040261605,0.5166014399327866,0.3273261654715963,0.06521628658295917,3.65205657992514e-05,1.527495136489285,3.110051063006046,nan,nan,nan
304.74,193.75283813476562,-228.0522918701172,-46.570159912109375,193.27611774972377,-227.8538046139524,-46.57542198551064,0.5164176660327972,0.32736805140257547,0.06524057048072102,3.5767858177910406e-05,1.48674169200378,3.1063457175831077,nan,0.03964412090270547,nan
304.75,193.76153564453125,-228.05445861816406,-46.57185363769531,193.26995717404935,-227.85120182135861,-46.57709599900149,0.5319682325487091,0.32729723415366235,0.06523162656429898,3.645815082236783e-05,1.5189974635806167,2.8868584793100993,3.140144534375673,nan,nan
304.76,193.7702178955078,-228.05670166015625,-46.573631286621094,193.27876093712155,-227.8535159102443,-46.5789237516402,0.5318292969548922,0.3273389513316443,0.0652558882124254,3.7184358496655086e-05,1.518034642878218,2.8734060473770224,nan,nan,nan
304.77,193.77890014648438,-228.05902099609375,-46.57548904418945,193.2875646929473,-227.85590388225816,-46.58083181214976,0.5316912967172278,0.32738075333282496,0.06528021118052951,3.79250453709698e-05,1.5169794021813765,2.831639744153278,nan,nan,nan
304.78000000000003,193.78759765625,-228.0614013671875,-46.577423095703125,193.29632444144755,-227.85836641903708,-46.583702904395636,0.531612638817014,0.327422636354549,0.06530459560775566,3.7086448150813914e-05,1.8273569215596581,3.1933112685670872,nan,0.49006876456803133,nan
304.79,193.79627990722656,-228.06385803222656,-46.579402923583984,193.30512792973994,-227.86089947271836,-46.58576289609841,0.5314723803896587,0.3274646084326784,0.06532904164910977,3.782494430824428e-05,1.8329722599982494,3.300185892922433,nan,nan,nan
304.8,193.80496215820312,-228.06639099121094,-46.581390380859375,193.30730353741012,-227.86044647573607,-46.58730456335251,0.5386206678714952,0.3273939159592604,0.06531998534311326,3.696933363647886e-05,1.7286914738956103,2.941075700163833,1.7253838400523318,0.08327711385556107,nan
304.81,193.81365966796875,-228.06898498535156,-46.58335876464844,193.31609580489874,-227.86311576910117,-46.58937901839471,0.5385055018176461,0.327435715199504,0.0653444084842669,3.7704847449646275e-05,1.7435203381929392,2.98229240954365,nan,nan,nan
304.82,193.8223419189453,-228.0716552734375,-46.585296630859375,193.32493378769976,-227.86585330523732,-46.590472437966454,0.5383271199962587,0.3274775957215288,0.06536889331879736,3.6879165201624716e-05,1.508268829998376,2.8091239639771053,nan,0.5838657117969438,nan
304.83,193.83102416992188,-228.07440185546875,-46.58720397949219,193.33372538573997,-227.86866084053167,-46.59248604961201,0.53820381477735,0.3275195649075247,0.06539343999697511,3.7612765629321496e-05,1.5231979730023846,2.7057653899334864,nan,nan,nan
304.84000000000003,193.83970642089844,-228.07720947265625,-46.58907699584961,193.34251958097676,-227.87153632907436,-46.594403873982436,0.5380748752848499,0.3275616158197253,0.06541804865834333,3.679269144701527e-05,1.55224245980467,2.7615806865867363,nan,0.0025040850171539663,nan
304.85,193.848388671875,-228.080078125,-46.59091567993164,193.37673482991897,-227.88808962643978,-46.59634634611405,0.5092606624769611,0.3274910545926604,0.06540887722799917,3.7500820871889264e-05,1.5079087584188695,3.1490067692018204,5.9511980242175975,nan,nan
304.86,193.85708618164062,-228.0830078125,-46.59271240234375,193.38553902074918,-227.8911228796675,-46.598725842724846,0.5091293684891217,0.32753293266531985,0.06543346233146133,3.668717026400161e-05,1.7068545789729903,3.3537410378792147,nan,0.14113436065405088,nan
304.87,193.8657684326172,-228.0859375,-46.594478607177734,193.39436450828813,-227.8941850026219,-46.60060615527156,0.508948157447508,0.32757489902802867,0.06545810950524003,3.7416396364341734e-05,1.7244991590538652,3.348542428820317,nan,nan,nan
304.88,193.87445068359375,-228.08883666992188,-46.59621047973633,193.403259380781,-227.8972313860278,-46.60090745064626,0.5086805384504322,0.3276169473487396,0.0654828188917156,3.660794328651518e-05,1.3235959290689336,2.9422021178599405,nan,1.5372502274906195,nan
304.89,193.8831329345703,-228.09169006347656,-46.597904205322266,193.4120839955788,-227.90024292145972,-46.60270458199623,0.5084900733816352,0.3276590841025627,0.06550759063702552,3.7335620345143487e-05,1.3381626028453284,3.0561582174039765,nan,nan,nan
304.90000000000003,193.89181518554688,-228.09449768066406,-46.59956359863281,193.4082794828507,-227.8974675700962,-46.60338377443063,0.5221515431322481,0.3275886461739679,0.06549830132582268,3.650974918880179e-05,1.1562529041851872,2.637142590638156,1.5083831467267708,0.7110159700971332,nan
304.91,193.90049743652344,-228.09725952148438,-46.601192474365234,193.41708313465864,-227.90037174996488,-46.605104751190176,0.5219860991743931,0.32763060977425457,0.06552304883825903,3.723507878779631e-05,1.1675985924174501,2.539745339553419,nan,nan,nan
304.92,193.9091796875,-228.09996032714844,-46.60279083251953,193.42595300475807,-227.90322290206203,-46.605265344530025,0.5217468395238155,0.3276726555450585,0.06554785878865849,3.643741979907814e-05,0.9246493084441769,2.338137455044407,nan,1.5203819869101591,nan
304.93,193.91786193847656,-228.1026153564453,-46.60435485839844,193.43475647044954,-227.9060216786966,-46.60690880213784,0.5215807607619348,0.3277147894021323,0.06557273132184571,3.716142473205604e-05,0.9321395464187285,2.3321855392003856,nan,nan,nan
304.94,193.92654418945312,-228.10520935058594,-46.60588836669922,193.44362151363597,-227.90876744285904,-46.60706109701313,0.5213493159352628,0.3277570058512754,0.0655976665821296,3.636837599932252e-05,0.7945091805738875,2.255671337628576,nan,1.392999624158734,nan
304.95,193.9352264404297,-228.10775756835938,-46.60738754272461,193.45871251345673,-227.91398038560195,-46.608566937694945,0.5144088939055096,0.3276866960672002,0.06558825663097048,3.706805182101221e-05,0.7746953302051061,2.3659633576928765,0.5598869268037564,nan,nan
304.96,193.94390869140625,-228.11026000976562,-46.60886001586914,193.46743817664378,-227.91662644438966,-46.61223392558456,0.5143243065858213,0.3277287393223715,0.06561316696875495,3.628039837651906e-05,1.050885987910903,2.5337931120306076,nan,2.9728683513795713,nan
304.97,193.9525909423828,-228.11270141601562,-46.61030578613281,193.4762520719758,-227.91922224874398,-46.61376478621748,0.5141447970273915,0.3277708703341313,0.06563814011015136,3.700114863980146e-05,1.0605215654961895,2.5878166907280153,nan,nan,nan
304.98,193.96127319335938,-228.11509704589844,-46.611717224121094,193.48510963307618,-227.921768967405,-46.6141890599974,0.513919830370588,0.32781308412308097,0.06566317619959185,3.621773939968657e-05,0.9058723779461963,2.525487539773576,nan,0.7659831651475939,nan
304.99,193.96995544433594,-228.11744689941406,-46.61310577392578,193.49392336213995,-227.9242671786699,-46.61565371620575,0.5137425812568944,0.3278553858338461,0.06568827538171469,3.693745611560039e-05,0.9129213168023904,2.3990542269734245,nan,nan,nan
305.0,193.9786376953125,-228.1197509765625,-46.614463806152344,193.49813182246052,-227.9221928839433,-46.6170506154526,0.5195399747728131,0.32778519991747274,0.06567874202392758,3.7647763688703815e-05,0.9127587538374762,2.3651043432964163,0.9064268561175743,nan,nan
305.01,193.98731994628906,-228.12200927734375,-46.61579513549805,193.50694489723173,-227.92458532108026,-46.618461035002625,0.5193683791719796,0.32782732812917614,0.06570381557863304,3.839551591453158e-05,0.9199696248029586,2.3740070382573406,nan,nan,nan
305.02,193.99600219726562,-228.1242218017578,-46.61709976196289,193.51579055649108,-227.92693271477563,-46.6190106676011,0.5191626482500432,0.32786953909523564,0.06572895229832754,3.7525275622045014e-05,0.8320318227455599,2.3010768276667175,nan,0.42721194177355454,nan
305.03000000000003,194.0046844482422,-228.1263885498047,-46.618377685546875,193.5246038100062,-227.92923513506955,-46.62036195359502,0.5189901978558826,0.32791183786838346,0.06575415232849331,3.8270293823999634e-05,0.8374641546503354,2.3366609289769054,nan,nan,nan
305.04,194.01336669921875,-228.12850952148438,-46.619632720947266,193.5334070369338,-227.93149379829387,-46.62195598136009,0.5188273991838815,0.32795421981257383,0.06577941581237233,3.7407726883073375e-05,0.8787442160070619,2.344923321662516,nan,0.04416275705415628,nan
305.05,194.0220489501953,-228.13059997558594,-46.6208610534668,193.56144860253804,-227.9422839413138,-46.623215073676405,0.49761546442723714,0.3278841564581567,0.06576975627689814,3.812580810926309e-05,0.8260450677166444,2.57151454419428,3.4445512467345583,nan,nan
305.06,194.03073120117188,-228.13262939453125,-46.62206268310547,193.57030237685984,-227.94447291008507,-46.62426386596391,0.4973956273455597,0.32792636483972504,0.0657949934131896,3.7271715197167104e-05,0.8105521664390555,2.782872487079985,nan,0.033250406852676044,nan
305.07,194.03941345214844,-228.1346435546875,-46.62324523925781,193.579147641092,-227.94662075410162,-46.6255185634854,0.4971944874700943,0.3279686607080363,0.06582029407438973,3.801083072445965e-05,0.8162224252742014,2.470915739960526,nan,nan,nan
305.08,194.048095703125,-228.1365966796875,-46.6244010925293,193.5879801303676,-227.94872813816463,-46.62711040321306,0.4969992651424875,0.3280110399182509,0.06584565840227254,3.7163834063149e-05,0.8776017285488564,2.779879084648451,nan,0.08094416893726127,nan
305.09000000000003,194.05677795410156,-228.13851928710938,-46.62553405761719,193.59682583869605,-227.9507964065459,-46.62832353261504,0.4967933267706231,0.3280535067871389,0.06587108654444634,3.790070886101153e-05,0.8851658475957251,2.713631801568499,nan,nan,nan
305.1,194.06546020507812,-228.14039611816406,-46.626644134521484,193.58204306997067,-227.94021387215022,-46.62991730075194,0.5232358662704805,0.3279835626648579,0.06586129805488525,3.703758345744174e-05,1.024447541193211,2.522294874610581,5.104102915806736,0.09793718628542326,nan
305.11,194.0741424560547,-228.14224243164062,-46.62773132324219,193.5908555159402,-227.94218068676741,-46.631091233448096,0.5230700309170121,0.3280258556552971,0.06588669911540396,3.777144192344004e-05,1.0338098260011848,2.4954349483035707,nan,nan,nan
305.12,194.08282470703125,-228.14405822753906,-46.62879943847656,193.59962231614588,-227.94410859999456,-46.63358165013113,0.5229601071409058,0.3280682321376058,0.06591216405179556,3.693886605110886e-05,1.3537681131161268,2.713509849527595,nan,1.1316129685127403,nan
305.13,194.0915069580078,-228.1458282470703,-46.629844665527344,193.6084354389132,-227.94600167141508,-46.63472702572015,0.5227930664608348,0.3281106959881185,0.06593769301359668,3.767078487115599e-05,1.3671920997958407,2.8289109070904974,nan,nan,nan
305.14,194.10018920898438,-228.14756774902344,-46.6308708190918,193.61734407861923,-227.9478628664516,-46.633009590571106,0.522518932081709,0.3281532437222127,0.06596328613979073,3.684449395751658e-05,0.8582946088087743,2.2457157205648026,nan,5.138110938372709,nan
305.15000000000003,194.10887145996094,-228.14926147460938,-46.631874084472656,193.64065696163624,-227.95474561871984,-46.633953805247685,0.5070163309720795,0.3280834213750559,0.06595336592394961,3.755103530619645e-05,0.8017474695634431,2.5608698759696473,3.0706424656955527,nan,nan
305.16,194.1175537109375,-228.15093994140625,-46.63285827636719,193.6495166665412,-227.95654080511704,-46.63443679933053,0.5068058709722787,0.3281257951294587,0.06597893121900208,3.6731794606196154e-05,0.7539947970571115,2.3558797284388815,nan,0.21002678642436173,nan
305.17,194.12623596191406,-228.15257263183594,-46.63382339477539,193.65835779427223,-227.9583013709123,-46.63546807098731,0.5066103113208206,0.3281682559795877,0.06600456074712016,3.745931995499437e-05,0.7580141618419262,2.4346765660252,nan,nan,nan
305.18,194.13491821289062,-228.1541748046875,-46.634769439697266,193.6671398034013,-227.96002575507646,-46.63834724271133,0.5064812874367911,0.3282108008348974,0.06603025464506278,3.664586183763316e-05,1.0347436714974245,2.7046474063514596,nan,2.2392159457424556,nan
305.19,194.1436004638672,-228.15574645996094,-46.63569641113281,193.67598145142549,-227.96172082266244,-46.63936054133833,0.5062873833863555,0.32825343298113124,0.06605601306559522,3.737183998775731e-05,1.044311538214927,2.715051497611332,nan,nan,nan
305.2,194.1522979736328,-228.15728759765625,-46.63660430908203,193.71716020910068,-227.9839131626977,-46.638951883926126,0.4684112295055143,0.32818372750408337,0.06604595834010113,3.6541611954547984e-05,0.7851726152784575,2.9461103499867063,11.841014577638514,1.205744958849801,nan
305.21,194.16098022460938,-228.15878295898438,-46.63749313354492,193.72603993955394,-227.98558995505414,-46.63991603328882,0.4681610178321654,0.3282261853644993,0.06607168816709072,3.7265255261419285e-05,0.7917883323578512,3.2763909604185306,nan,nan,nan
305.22,194.16966247558594,-228.16026306152344,-46.63836669921875,193.73498786713068,-227.9872404822825,-46.63861152733599,0.46784494023525114,0.32826872733405077,0.06609748256569575,3.646363426048217e-05,0.6356873604562836,2.9259827075118916,nan,3.2935560950299783,nan
305.23,194.1783447265625,-228.16171264648438,-46.63922119140625,193.74386831908384,-227.98885704925016,-46.63952055866245,0.46759907588821303,0.32831135634700354,0.06612334169107378,3.7185969151990306e-05,0.636239972130245,2.989758331822114,nan,nan,nan
305.24,194.18702697753906,-228.1631317138672,-46.64005661010742,193.75278069257146,-227.99044667530623,-46.63933179360542,0.4673226764345193,0.3283540698398304,0.0661492656765128,3.638942508502536e-05,0.6480618883757372,3.076346085819611,nan,0.7629611921592857,nan
305.25,194.1957244873047,-228.16453552246094,-46.64087677001953,193.76173960382985,-227.98537564322362,-46.64015926649675,0.4695121470465933,0.3282844826988797,0.06613907367521657,3.708755797980304e-05,0.6078716457447769,2.7908646270942232,4.710853683494412,nan,nan
305.26,194.20440673828125,-228.1658935546875,-46.64168167114258,193.77065541676956,-227.98688625967756,-46.640381720479006,0.46923928911765567,0.3283270217696523,0.066164968289572,3.629683629030463e-05,0.6400791386725287,3.1077125702040647,nan,0.258399149160283,nan
305.27,194.2130889892578,-228.167236328125,-46.64247131347656,193.77955359359004,-227.98836808994454,-46.64121053074043,0.46898654085133656,0.32836964765126925,0.0661909278313445,3.701596957920653e-05,0.6359415849129983,3.000814504780343,nan,nan,nan
305.28000000000003,194.22178649902344,-228.1685333251953,-46.643245697021484,193.78840324661113,-227.98981917306452,-46.643791737383765,0.468785761092826,0.32841235809281655,0.06621695243137234,3.622989090408446e-05,0.6008554274698844,2.9769080017987157,nan,2.055516461688627,nan
305.29,194.23046875,-228.16983032226562,-46.64400100708008,193.79730200198992,-227.99124755034504,-46.6446082272007,0.4685355981403594,0.32845515555993443,0.0662430422483742,3.694802327065871e-05,0.6020465257700393,3.017441087462031,nan,nan,nan
305.3,194.23915100097656,-228.17108154296875,-46.644744873046875,193.8054371142775,-227.9882924368796,-46.644977208001784,0.47065873709090367,0.32838568264631324,0.06623271018567319,3.61445184097174e-05,0.5813454836830518,3.099998822034874,1.6870979464391007,0.1501865693943283,nan
305.31,194.2478485107422,-228.1723175048828,-46.64547348022461,193.8143450675741,-227.98965629066495,-46.64576170069674,0.4704151756578168,0.3284283053914545,0.06625876984180279,3.6860849047454443e-05,0.5815420134597497,2.891351068291818,nan,nan,nan
305.32,194.25653076171875,-228.17352294921875,-46.646183013916016,193.82326220499408,-227.99099613475028,-46.646192409454024,0.4701464456257895,0.3284710127617026,0.06628489475084309,3.608437965384469e-05,0.5786832062691445,3.231901872103311,nan,0.07681268127428974,nan
305.33,194.2652130126953,-228.17471313476562,-46.64688491821289,193.83217088871575,-227.99231075383364,-46.64694668089817,0.46988946947661814,0.32851380694574145,0.06631108507393556,3.6799895901072585e-05,0.5781524053213413,3.0119539544353127,nan,nan,nan
305.34000000000003,194.27391052246094,-228.17587280273438,-46.64756774902344,193.84106904682025,-227.99360039314675,-46.64811683196412,0.4696544217014902,0.3285566861080604,0.06633734093839623,3.60274607518127e-05,0.5858579509271328,3.0400895348750128,nan,0.12251854208344665,nan
305.35,194.2825927734375,-228.177001953125,-46.64823913574219,193.8444207691115,-227.98960998492478,-46.648915604840475,0.47656155188123284,0.32848732802135566,0.06632686606039825,3.67196454384669e-05,0.5987465718897664,3.1548019238279768,1.10751242097152,nan,nan
305.36,194.29129028320312,-228.17811584472656,-46.64889907836914,193.85331377576048,-227.99084003916442,-46.650203303037344,0.47633743231304737,0.3285300322943132,0.06635309095958854,3.5951981615898336e-05,0.6329892922280087,2.9305954719443843,nan,0.21429603919315876,nan
305.37,194.2999725341797,-228.17921447753906,-46.64954376220703,193.86222081607278,-227.9920490974299,-46.6509182547695,0.476087529186344,0.3285728231816597,0.06637938146633042,3.666522252536027e-05,0.6365357920326209,3.1339020113603167,nan,nan,nan
305.38,194.3086700439453,-228.18028259277344,-46.65017318725586,193.87116403995233,-227.99324002154768,-46.650098578784316,0.47581134133926684,0.3286156990923969,0.06640573770561513,3.5901221572888774e-05,0.5845578625874295,3.044842159917138,nan,1.55475762723957,nan
305.39,194.31735229492188,-228.18133544921875,-46.65079116821289,193.88007138256103,-227.9944053074277,-46.65077531767369,0.47556016914412885,0.32865866184857134,0.06643215984196961,3.6613884542028704e-05,0.5837442487663808,3.164708015667026,nan,nan,nan
305.40000000000003,194.3260498046875,-228.18235778808594,-46.65140151977539,193.877899370867,-227.99637712029687,-46.65098385932212,0.48520902152064865,0.328589415096326,0.06642153936625972,3.583181639426878e-05,0.6326557577909036,2.7496153853657743,4.76011094973551,0.14878849659329726,nan
305.41,194.33473205566406,-228.18336486816406,-46.65199279785156,193.88677554021086,-227.99751060805474,-46.651633603909396,0.48498141692032376,0.328632202666521,0.0664479297211794,3.654308734583966e-05,0.6308088742780138,3.059975951905309,nan,nan,nan
305.42,194.3434295654297,-228.18435668945312,-46.6525764465332,193.89565078398806,-227.99862381974884,-46.65232881500968,0.48477066466454827,0.3286750752927248,0.06647438599635302,3.578679098828735e-05,0.6285298510881097,2.761625441768848,nan,0.0021691159107814777,nan
305.43,194.35211181640625,-228.18533325195312,-46.65314865112305,193.90452772202028,-227.9997174726504,-46.65295701159009,0.4845459480783891,0.32871803458213944,0.066500908358482,3.6497627087948435e-05,0.6272744895857293,2.8901045160026513,nan,nan,nan
305.44,194.36080932617188,-228.18638610839844,-46.653812408447266,193.91334610604233,-228.00083772855896,-46.65637610284963,0.48441522184872343,0.32876107926611614,0.06652749692938921,3.574447340206316e-05,0.8095029351394764,3.065635540025113,nan,5.113525274688874,nan
305.45,194.3695068359375,-228.18753051757812,-46.65456771850586,193.92064549921525,-228.00244214721604,-46.65719152891899,0.48553175882578065,0.3286919437586468,0.06651672811950968,3.643260782015714e-05,0.8228207486069185,3.0419293361355004,0.17424227433324338,nan,nan
305.46,194.37818908691406,-228.18875122070312,-46.65541458129883,193.92951213990008,-228.00374544470944,-46.658373350346956,0.48533173628672954,0.3287348130615054,0.06654328407890024,3.568333382086918e-05,0.8785222971288271,3.2977834512700843,nan,0.06099533914289656,nan
305.47,194.3868865966797,-228.19007873535156,-46.656349182128906,193.93838535378308,-228.0051350891164,-46.65934925827591,0.4851458725161405,0.3287777688554834,0.0665699063115412,3.639260042071034e-05,0.8798124066027843,3.0739878710843884,nan,nan,nan
305.48,194.3955841064453,-228.19146728515625,-46.657371520996094,193.94727935316416,-228.00661215317012,-46.65938740891499,0.4849253916224454,0.3288208100599044,0.06659659493727305,3.5646154690359084e-05,0.7459078775446026,3.1432043108159977,nan,0.7184245503795043,nan
305.49,194.40426635742188,-228.1929473876953,-46.65848159790039,193.95615287805637,-228.00816967017775,-46.660532073997906,0.4847191967854003,0.32886393800003183,0.06662335012569087,3.635516408790683e-05,0.7468548309546734,3.2307932524508685,nan,nan,nan
305.5,194.4129638671875,-228.19451904296875,-46.6596794128418,193.96116364734334,-228.00912981189762,-46.66251891595049,0.4883653022341768,0.32879491071227485,0.06661243020834967,3.559004716675286e-05,0.8722468882879106,3.1109039578173547,1.3868906615668535,0.23960254473197568,nan
305.51,194.42166137695312,-228.1961669921875,-46.66096115112305,193.9700287394006,-228.01085165596385,-46.66384764766432,0.48818249149741927,0.32883786297553624,0.06663915194377103,3.629797263070866e-05,0.8746173713125057,3.2169339129634307,nan,nan,nan
305.52,194.43035888671875,-228.19789123535156,-46.662330627441406,193.97890775419185,-228.01265660900967,-46.664520264381075,0.48798031350226445,0.3288809006547106,0.06666594025318885,3.5557619646585824e-05,0.7793111915299521,3.056680702790792,nan,0.37646340650387555,nan
305.53000000000003,194.4390411376953,-228.19969177246094,-46.663780212402344,193.9877729183948,-228.01453924593216,-46.666012594192466,0.48778012193928827,0.32892402491153894,0.06669279530795985,3.626539530075859e-05,0.7812320352591373,3.3518780654472025,nan,nan,nan
305.54,194.44773864746094,-228.20156860351562,-46.665313720703125,193.99662462867437,-228.0164985327457,-46.668343718307554,0.4876104694590162,0.3289672349107829,0.06671971722534988,3.552743102212607e-05,0.9016551921314919,3.3315171436878503,nan,0.3900567139296267,nan
305.55,194.45643615722656,-228.2035369873047,-46.666927337646484,194.00209790276338,-228.02279164500283,-46.669853524638924,0.4889792335087269,0.32889831521192797,0.06670864348597676,3.621294729638235e-05,0.9218468096621505,3.1965335216612236,4.21400936834739,nan,nan
305.56,194.4651336669922,-228.20556640625,-46.66862106323242,194.01096244201656,-228.02492693834566,-46.67058671252332,0.48878009650328225,0.32894134931443947,0.06673553109576146,3.547811449160208e-05,0.7938603702386161,3.237323173964768,nan,0.7046780429124583,nan
305.57,194.47381591796875,-228.2076873779297,-46.67039489746094,194.01980919135517,-228.027135302676,-46.67240393769948,0.48859512475205946,0.32898446984473034,0.06676248562998521,3.618484566505573e-05,0.795861681369065,3.223612977837252,nan,nan,nan
305.58,194.48251342773438,-228.20986938476562,-46.67224884033203,194.02865474359322,-228.02941886796947,-46.67435335356582,0.4884204368761508,0.32902767610907896,0.06678950720439315,3.5452138794712775e-05,0.8087970784396347,3.1919556269824483,nan,0.0018699908630883772,nan
305.59000000000003,194.4912109375,-228.21212768554688,-46.6741828918457,194.0375008860384,-228.03177706611933,-46.67633033592732,0.4882456023778079,0.3290709690568998,0.06681659599256976,3.6158849791096115e-05,0.8109442968646372,3.1102629869957923,nan,nan,nan
305.6,194.49989318847656,-228.2144775390625,-46.67616271972656,194.04700515411497,-228.03462408609815,-46.67656497204064,0.48729354399379377,0.32900215426726304,0.06680536567315176,3.540691966508708e-05,0.6868302021093199,3.059802724998798,0.42024200005059376,2.013816135453719,nan
305.61,194.5085906982422,-228.2168731689453,-46.67814636230469,194.05585142487936,-228.03712957705415,-46.6786148161995,0.48711479952890707,0.3290452710214202,0.06683241928802398,3.6112772211197895e-05,0.6879410852880233,3.1816611571766913,nan,nan,nan
305.62,194.5172882080078,-228.2193603515625,-46.680110931396484,194.0647130691137,-228.03971043924165,-46.67963536951194,0.4869276881642848,0.3290884734926867,0.06685954011728125,3.538481046018351e-05,0.6877238551291138,3.0582106460330127,nan,0.7234682477462334,nan
305.63,194.52597045898438,-228.22190856933594,-46.68205261230469,194.07355870448959,-228.04235931802944,-46.681647445993995,0.4867386294609428,0.3291317625088488,0.06688672833577684,3.6090721330807377e-05,0.685332814323628,3.0811494905401373,nan,nan,nan
305.64,194.53466796875,-228.22451782226562,-46.683956146240234,194.08242799499334,-228.04508373721632,-46.68200967211463,0.486540207487963,0.3291751375588203,0.06691398405739253,3.536451887170781e-05,0.7875234279698736,3.3163591445394447,nan,1.814658908043674,nan
305.65000000000003,194.54335021972656,-228.2271728515625,-46.68582534790039,194.12140081005887,-228.0644207092758,-46.68384625552804,0.45225377935893735,0.32910642662928746,0.06690259446920424,3.604846868420883e-05,0.7357144779314888,3.7450835413100028,8.828368879600983,nan,nan
305.66,194.5520477294922,-228.22979736328125,-46.687660217285156,194.1161242061131,-228.07483358756144,-46.685480277076685,0.46265304728260176,0.3276719625311914,0.06650335435676619,3.532396690784424e-05,1.0928576819047242,4.0484843880475365,nan,0.0440194510264158,0.13583473435126836
305.67,194.56072998046875,-228.23239135742188,-46.68946075439453,194.12500094227136,-228.07763175702766,-46.687339293334,0.46240115618328026,0.3277130983165632,0.06652821505412906,3.6029194092984195e-05,1.0837294147055323,4.107466866757387,nan,nan,nan
305.68,194.56942749023438,-228.2349395751953,-46.69122314453125,194.13385135366306,-228.08039982468082,-46.68975195982021,0.46218099227891846,0.3277543160158469,0.06655313630903593,3.5307093121893415e-05,1.0209439718537003,4.02977936913254,nan,0.24016212136104262,nan
305.69,194.57810974121094,-228.23744201660156,-46.69295120239258,194.142727421357,-228.08311614783602,-46.69154787539478,0.4619266257083504,0.32779562135743767,0.06657811876111785,3.6012470668069216e-05,1.0150084609608423,4.161032650683597,nan,nan,nan
305.7,194.58680725097656,-228.23989868164062,-46.694644927978516,194.13043880116211,-228.0720229403799,-46.69397302696279,0.4862662623921764,0.32772150963449787,0.06656838988903388,3.5270654497626966e-05,0.9440621647401426,3.55688197054225,5.69023643423649,0.26072332703341344,nan
305.71,194.59548950195312,-228.2423095703125,-46.69630432128906,194.1392940224981,-228.07461404237156,-46.69570960164901,0.48604162296869896,0.327762643915824,0.06659334608518051,3.597533399362655e-05,0.9413519651485257,3.7067979571796705,nan,nan,nan
305.72,194.60418701171875,-228.2446746826172,-46.697933197021484,194.14821643900254,-228.0771373475909,-46.69580514793903,0.48578024908774897,0.32780386031836917,0.06661836309681202,3.525686432226957e-05,1.0603558819658165,3.5872546388280444,nan,1.8002724436662156,nan
305.73,194.6128692626953,-228.2469940185547,-46.699527740478516,194.1570713400486,-228.07963382184195,-46.69746175845343,0.4855568452967401,0.32784516403016817,0.06664344152332595,3.596174965914902e-05,1.050793007319681,3.793119722078607,nan,nan,nan
305.74,194.62155151367188,-228.24925231933594,-46.701087951660156,194.16589176163686,-228.08209410528212,-46.69992598773176,0.48535453877598134,0.32788655028199315,0.06666858106264176,3.524452021297409e-05,0.9708653372825732,3.929740604375701,nan,0.4897175080279459,nan
305.75,194.6302490234375,-228.25148010253906,-46.70262145996094,194.17227414321488,-228.08866482043777,-46.70147174130643,0.48605671361851666,0.32781261434317865,0.06665873560420059,3.592763574137563e-05,1.0810024663782631,3.5438165033181908,4.665271230221894,nan,nan
305.76,194.63893127441406,-228.253662109375,-46.70412063598633,194.18107341565954,-228.09105052285796,-46.7038966428499,0.4858769361327945,0.32785382955374637,0.06668384826723792,3.521241071217349e-05,1.0463288104004453,3.794130215719858,nan,0.5067506938188518,nan
305.77,194.6476287841797,-228.25579833984375,-46.70559310913086,194.1899062748413,-228.09338200533085,-46.70544855214278,0.48568403532375465,0.3278951317582496,0.06670902256014459,3.591689511840461e-05,1.046403627003152,3.5835846383053394,nan,nan,nan
305.78000000000003,194.65631103515625,-228.2578887939453,-46.707035064697266,194.19866781737946,-228.09569219820105,-46.708807556206416,0.4855390737873455,0.3279365166815507,0.06673425821890484,3.5202735284736505e-05,1.135854334829219,3.867797175249266,nan,2.3514738120511667,nan
305.79,194.6649932861328,-228.25994873046875,-46.70844650268555,194.20750037918086,-228.09793860333374,-46.710320975123985,0.4853355075126625,0.327977988767326,0.06675955578861331,3.590748617410394e-05,1.144998225505435,3.8361736092401513,nan,nan,nan
305.8,194.67369079589844,-228.26194763183594,-46.70983123779297,194.2140558969283,-228.10206547647553,-46.710977106712505,0.4866496244420188,0.3279042227051402,0.06674959066089471,3.51731860249016e-05,1.1577575119444352,3.832546371439576,1.4511936900752411,0.46384504737743526,nan
305.81,194.682373046875,-228.26393127441406,-46.71118927001953,194.22287504684098,-228.104238161109,-46.712427825789185,0.4864584632758657,0.32794552351578254,0.06677486069653282,3.5877346426246124e-05,1.1638938666281113,3.668013889599556,nan,nan,nan
305.82,194.69105529785156,-228.26585388183594,-46.712520599365234,194.23169596413132,-228.1063704793667,-46.713802255409135,0.4862587745031336,0.3279869072054963,0.06680019234648052,3.5165916896005504e-05,1.1690343191696624,3.8599476810115103,nan,0.0017443793961732235,nan
305.83,194.6997528076172,-228.2677459716797,-46.71382522583008,194.24051506461652,-228.10846441043932,-46.71520048283444,0.4860779892973405,0.32802837776848986,0.06682558612003006,3.587038143597079e-05,1.1762308667513461,3.6969244945390267,nan,nan,nan
305.84000000000003,194.70843505859375,-228.2696075439453,-46.71510314941406,194.2493658249779,-228.11051045143253,-46.71568947007389,0.48585675859308575,0.3280699316068253,0.06685104180437854,3.515977360218578e-05,1.1340837893952154,3.7197570761226117,nan,0.546815372662066,nan
305.85,194.71713256835938,-228.27142333984375,-46.71635437011719,194.28569445259015,-228.12740861283302,-46.71703059819823,0.4548401330345547,0.32799633820625057,0.06684095472731508,3.584257895978198e-05,1.1308673918511691,4.270785121318038,6.76773371276079,nan,nan
305.86,194.72581481933594,-228.27320861816406,-46.71758270263672,194.29450656853572,-228.1294335731275,-46.71963163256689,0.4546452121132088,0.32803772074896886,0.06686638222479452,3.513356987746545e-05,1.2386384165125348,4.375227987370833,nan,1.1585264990382496,nan
305.87,194.7344970703125,-228.2749481201172,-46.71878433227539,194.3033633870013,-228.13140874313567,-46.72093593800932,0.4544055842933291,0.32807918989208534,0.06689187205588396,3.583780618433871e-05,1.249594980225875,4.581548980836317,nan,nan,nan
305.88,194.74319458007812,-228.27667236328125,-46.71996307373047,194.31221215066574,-228.13335121048948,-46.7224607751349,0.4541949425214531,0.32812074244449546,0.06691742404124035,3.512947999937577e-05,1.298980108782309,4.2485489196558515,nan,0.04159184254897206,nan
305.89,194.7518768310547,-228.27833557128906,-46.72111892700195,194.32106926724484,-228.13525663812416,-46.723721794758525,0.4539532058174526,0.32816238178757134,0.06694303864214977,3.5834057813334025e-05,1.3118662696150978,4.665903582733682,nan,nan,nan
305.90000000000003,194.7605743408203,-228.2799835205078,-46.722251892089844,194.33842264678896,-228.14089011031368,-46.724073071583426,0.44447986031734416,0.32808895613866035,0.06693282660464771,3.510523270314149e-05,1.1989241271800202,4.419093656052303,0.8058725332700195,0.6298457742913511,nan
305.91,194.76925659179688,-228.28160095214844,-46.723358154296875,194.3472940843792,-228.1427349437709,-46.725281892312076,0.4442294752904984,0.3281304239559642,0.06695841233183761,3.5809288086193365e-05,1.2086454919973404,4.709575670869816,nan,nan,nan
305.92,194.7779541015625,-228.28317260742188,-46.724449157714844,194.35612948073626,-228.1445590703087,-46.727614661088246,0.44402673772852413,0.328171975299629,0.0669840604521441,3.510297479261421e-05,1.3921340714340216,4.637199617221887,nan,0.920885867586131,nan
305.93,194.78663635253906,-228.28472900390625,-46.72551345825195,194.36500146277692,-228.1463401093429,-46.728792392999885,0.44377721642315493,0.32821361318481307,0.0670097713957689,3.58073958674362e-05,1.4076988372997887,4.798082495513284,nan,nan,nan
305.94,194.79531860351562,-228.28623962402344,-46.726558685302734,194.37389888686857,-228.1480818219938,-46.72913122054743,0.4434960809050369,0.32825533497216286,0.06703554502807299,3.5101572322516204e-05,1.2970855469010973,4.753539688289832,nan,0.47018733930193846,nan
305.95,194.80401611328125,-228.28773498535156,-46.72758102416992,194.39072380263033,-228.16093416397507,-46.73018362128309,0.4323144178218675,0.3281820787116381,0.0670252056564228,3.578438892936395e-05,1.481078328890603,4.845646345315756,7.5706972994034825,nan,nan
305.96,194.8126983642578,-228.2891845703125,-46.72858428955078,194.39955582291788,-228.1626640099213,-46.7323380373654,0.4320975610775697,0.3282236289157185,0.06705094973073372,3.507984507306346e-05,1.6954397767927183,5.357107375084551,nan,0.7697477913102719,nan
305.97,194.82139587402344,-228.29061889648438,-46.72956848144531,194.40841942740752,-228.16435454298244,-46.73343726826189,0.43186479358266944,0.3282652654267793,0.06707675683351194,3.5784142747589074e-05,1.7138297790782395,5.018184856709422,nan,nan,nan
305.98,194.830078125,-228.29200744628906,-46.730533599853516,194.41727142759515,-228.1660201983688,-46.734933335243824,0.4316265906224034,0.3283069859333727,0.06710262685880915,3.507998110613633e-05,1.8493993401957174,5.486354450200588,nan,0.12144000906302103,nan
305.99,194.83877563476562,-228.2933807373047,-46.731475830078125,194.42613575318782,-228.16765387805404,-46.73599925576899,0.43139236941044334,0.32834879295675146,0.0671285601954554,3.578466451047615e-05,1.8712484210473972,5.318379686485072,nan,nan,nan
306.0,194.84747314453125,-228.2947235107422,-46.73240280151367,194.41935641582293,-228.1595467171375,-46.737796633138,0.44898306465695403,0.32827570197203676,0.06711809054501462,3.505970943031856e-05,2.093764361268154,5.08189369203418,2.7409817409681705,0.4591418885111532,nan
306.01,194.8561553955078,-228.29605102539062,-46.73331069946289,194.4282032918978,-228.16110526598305,-46.738833429666634,0.44875813253379915,0.3283173371841331,0.06714399360874551,3.576390918182683e-05,2.1178895638251727,5.107547342503938,nan,nan,nan
306.02,194.86485290527344,-228.29733276367188,-46.73419952392578,194.43706900095214,-228.16263111733474,-46.73916493227184,0.44851784535551603,0.32835905647007335,0.06716995982424298,3.506120105734251e-05,1.9701035393818924,5.085890307436255,nan,0.3331093875550334,nan
306.03000000000003,194.87353515625,-228.29859924316406,-46.735069274902344,194.44591624882136,-228.1641369330181,-46.74016085552402,0.44829004788582394,0.3284008620592699,0.06719598955401952,3.576580087954405e-05,1.993039813671331,5.1450346800253275,nan,nan,nan
306.04,194.88223266601562,-228.2998504638672,-46.735923767089844,194.4547892077906,-228.16560893629156,-46.74016850389229,0.4480476710080284,0.3284427520799842,0.06722208273015835,3.506332492179257e-05,1.7833140178993943,4.618360310079844,nan,0.6645220688655784,nan
306.05,194.8909149169922,-228.30105590820312,-46.736759185791016,194.45496395012532,-228.1683232403419,-46.74106110272817,0.4557298685834108,0.3283698270653875,0.06721148035067195,3.574633734629156e-05,1.955445017833121,5.045006704009708,4.6233656752479595,nan,nan
306.06,194.8996124267578,-228.30224609375,-46.737579345703125,194.46378725109295,-228.16976267988443,-46.74183966035393,0.4555365945494459,0.32841154518304816,0.06723754253921144,3.504489569293352e-05,1.9578043536248726,4.767983628306323,nan,0.017600360029064142,nan
306.07,194.90830993652344,-228.3034210205078,-46.73838424682617,194.47260681229506,-228.17117949395734,-46.7427593620849,0.45535060715925246,0.32845334940317034,0.06726366844233342,3.574942741874702e-05,1.977217140175021,4.644938093851305,nan,nan,nan
306.08,194.9169921875,-228.3045654296875,-46.739173889160156,194.4814205928951,-228.17257475041842,-46.743911917210795,0.45515558037926424,0.3284952381122776,0.06728985801610048,3.5048136882688114e-05,2.084133099218656,4.919759381267864,nan,0.04322853719982997,nan
306.09000000000003,194.92568969726562,-228.30567932128906,-46.73994445800781,194.49024059285316,-228.17394487943648,-46.74480441032668,0.45496538861805336,0.32853721315079115,0.06731611158828976,3.5753076289501464e-05,2.1065096293177534,5.036823724690044,nan,nan,nan
306.1,194.93438720703125,-228.30677795410156,-46.740699768066406,194.51785648265474,-228.1826128539948,-46.74522653579028,0.43466689321843804,0.32846445061299395,0.06730537359585487,3.50307571937507e-05,1.959250908593494,5.13677200087856,3.9952486407797796,0.08943590473698923,nan
306.11,194.94308471679688,-228.307861328125,-46.7414436340332,194.52671087178206,-228.18394891737282,-46.74608465915464,0.4344456277430108,0.3285062535207788,0.06733159543841175,3.573523083898041e-05,1.9786947330890694,4.943615671069072,nan,nan,nan
306.12,194.95176696777344,-228.3089141845703,-46.74216842651367,194.53553860092882,-228.18527213735422,-46.748111007828996,0.4342450039765758,0.3285481409618929,0.0673578811713715,3.5034968029430985e-05,2.385588907788756,5.733918187183415,nan,0.9846135705248892,nan
306.13,194.96046447753906,-228.30995178222656,-46.742881774902344,194.5443933823714,-228.18656522630636,-46.74895354984012,0.43402334599277753,0.32859011454973536,0.06738423110080602,3.5739856806254165e-05,2.4108545518851607,5.440498368611042,nan,nan,nan
306.14,194.9691619873047,-228.3109588623047,-46.74357986450195,194.55323206110532,-228.18784289718076,-46.7505336504634,0.4338243878757925,0.3286321730129071,0.06741064521428253,3.5039631242472655e-05,2.761317941829415,5.931868413438492,nan,0.397225229190351,nan
306.15000000000003,194.9778594970703,-228.31195068359375,-46.7442626953125,194.5687475155589,-228.19478998406964,-46.75144771151081,0.42561821787482806,0.3285595728863634,0.06739976909902129,3.572292604720569e-05,2.895295152813625,6.245037849564947,1.3935720843746702,nan,nan
306.16,194.98654174804688,-228.31292724609375,-46.74493408203125,194.57763874270597,-228.19602436341725,-46.75073954478461,0.4253253521160932,0.32860145909562394,0.06742615073890422,3.5023550899058434e-05,2.41419257464507,5.734651887470969,nan,1.6312181207128316,nan
306.17,194.9952392578125,-228.3138885498047,-46.7455940246582,194.58649810658014,-228.19724967542183,-46.75152452484961,0.42509896090272614,0.32864343127973533,0.06745259677064627,3.572839226237659e-05,2.438085217276758,5.486385116588302,nan,nan,nan
306.18,195.00393676757812,-228.3148193359375,-46.74623489379883,194.59537128083588,-228.19845105086804,-46.75162659605004,0.424848685039864,0.3286854883656073,0.06747910720132305,3.502899528710589e-05,2.285708812545486,5.677004777660084,nan,0.3170871844036195,nan
306.19,195.01263427734375,-228.31573486328125,-46.74686813354492,194.6042311952738,-228.1996380992467,-46.75238063496894,0.42461974016227805,0.3287276316679472,0.06750568230862954,3.5734250910625055e-05,2.3081819095045057,5.455505050873576,nan,nan,nan
306.2,195.02133178710938,-228.31663513183594,-46.74748611450195,194.59493279565015,-228.19953448264408,-46.75262939274928,0.44221614089687605,0.32865519092421125,0.06749466524182109,3.50136433978068e-05,2.4765814731431313,5.374739946357948,10.305410887909035,0.27803004224342054,nan
306.21,195.030029296875,-228.31752014160156,-46.74809265136719,194.60374525807978,-228.20069292976564,-46.75335635626495,0.4420343716795887,0.3286971617434073,0.06752120710733177,3.571843698529144e-05,2.499424994395798,5.3192090219949435,nan,nan,nan
306.22,195.03872680664062,-228.31837463378906,-46.748687744140625,194.61257932488377,-228.20182649600878,-46.752942500454004,0.44181811594710463,0.32873921747960766,0.06754781358224365,3.501975258069201e-05,2.243733389633655,5.206874208266733,nan,0.8998036122469205,nan
306.23,195.04742431640625,-228.31922912597656,-46.749267578125,194.62139262233688,-228.20294991724583,-46.7536357937541,0.44163666066399054,0.32878135927560703,0.06757448492684373,3.572496333109477e-05,2.263370105232542,5.097098115462285,nan,nan,nan
306.24,195.05612182617188,-228.32005310058594,-46.749839782714844,194.63017357660118,-228.20406736250638,-46.75612701084226,0.4415021313512824,0.3288235863173916,0.06760122117357856,3.502617294172563e-05,2.860695560180554,5.726729937933593,nan,2.3064550599552,nan
306.25,195.06480407714844,-228.3209686279297,-46.75050354003906,194.64436911602047,-228.20210835128785,-46.75675907370882,0.43695818290031263,0.32875130428929883,0.0675900606019911,3.570976990245119e-05,2.6424349078703324,5.678416626008435,4.333850582953369,nan,nan
306.26,195.07350158691406,-228.3219757080078,-46.751258850097656,194.65319875152122,-228.20332912440975,-46.758037434906164,0.4367807624549922,0.3287933586962081,0.06761676283487683,3.5011696284584223e-05,2.8594070808634298,5.722660740171383,nan,0.14031843241445613,nan
306.27,195.0821990966797,-228.3230743408203,-46.75210189819336,194.6620361630752,-228.2046352238542,-46.758965975705486,0.4365911482874374,0.3288354990151473,0.06764353012777745,3.5716857489294876e-05,2.86643209834949,5.763101339389678,nan,nan,nan
306.28000000000003,195.0908966064453,-228.32424926757812,-46.75303649902344,194.67086592728432,-228.2060308978845,-46.760459742319675,0.4364131745381856,0.32887772458007075,0.06767036252855463,3.5018636640458256e-05,3.121457455928893,6.07148976196874,nan,0.15876965764635795,nan
306.29,195.099609375,-228.3255157470703,-46.754058837890625,194.67970394858736,-228.207509733243,-46.76157365099382,0.43623670048056357,0.3289200363108924,0.06769726027498485,3.572420874218862e-05,3.1293102139886697,5.911972977713093,nan,nan,nan
306.3,195.10830688476562,-228.32687377929688,-46.75516891479492,194.6830454051353,-228.20081684795917,-46.7609402010614,0.4435887552010649,0.32884791030458804,0.06768595342006532,3.500464140439502e-05,2.346345887529038,5.069675642251195,3.5717041531633256,2.568774670572742,nan
306.31,195.11700439453125,-228.32830810546875,-46.75636672973633,194.6918900906937,-228.20244286305095,-46.76221330597312,0.44339419598125795,0.32889004916787523,0.06771281635920602,3.5709746261940243e-05,2.3519927332563224,5.112345731430078,nan,nan,nan
306.32,195.12570190429688,-228.32981872558594,-46.75764846801758,194.70073769745494,-228.20415116232658,-46.763384601470754,0.44319275352754983,0.32893227326801455,0.06773974460765965,3.501201241474218e-05,2.3346550650764475,5.219535015224103,nan,0.02510927816933343,nan
306.33,195.1343994140625,-228.3314208984375,-46.75901794433594,194.70958259919908,-228.2059428228078,-46.764828489051176,0.44299868632347134,0.32897458339869423,0.06776673838966256,3.5717528325782114e-05,2.340003733139974,5.0103701401268115,nan,nan,nan
306.34000000000003,195.14309692382812,-228.33309936523438,-46.760467529296875,194.71846807291485,-228.20780143276576,-46.76354785369482,0.442740015480008,0.3290169790841368,0.06779379777288716,3.501958692129387e-05,1.6656715836103908,4.51453179754374,nan,5.567985604547825,nan
306.35,195.15179443359375,-228.33486938476562,-46.76199722290039,194.75832221775624,-228.23139327142928,-46.76524405237735,0.40686389931883143,0.3289450079649176,0.067782342053297,3.570346341146172e-05,1.8518548855775905,5.429066394127986,12.720951785470069,nan,nan
306.36,195.16049194335938,-228.33670043945312,-46.76361083984375,194.76721548120543,-228.23346748813503,-46.765672309280774,0.4066050510980031,0.32898723060530705,0.06780936583030771,3.500614522856807e-05,1.6787659161111996,5.422807815190627,nan,1.0897488962074748,nan
306.37,195.169189453125,-228.338623046875,-46.76530838012695,194.77609152568516,-228.23562613881143,-46.76741265791684,0.4063727003788157,0.3290295391479858,0.06783645532595543,3.571159571406034e-05,1.6817070494918998,5.121999925078287,nan,nan,nan
306.38,195.17788696289062,-228.3406219482422,-46.76708221435547,194.78495865268854,-228.23786534859116,-46.76989063843506,0.406152019539378,0.32907193322394696,0.06786361061970383,3.501404283060874e-05,1.783346172438752,5.360584887630748,nan,0.3042696707412296,nan
306.39,195.18658447265625,-228.34268188476562,-46.76893615722656,194.79383421941236,-228.24017802497343,-46.77179853322424,0.40591624245869856,0.3291144134660354,0.06789083191850646,3.571989504559245e-05,1.7883105345498373,5.523983368916846,nan,nan,nan
306.40000000000003,195.19528198242188,-228.34483337402344,-46.77086639404297,194.81648142092035,-228.24514305625627,-46.77274878508964,0.3917034187321312,0.32904259476774633,0.0678792246016693,3.500089834375991e-05,1.5254742107895713,5.388305607799577,5.388131643370121,0.4789033029975909,nan
306.41,195.2039794921875,-228.3470458984375,-46.77284622192383,194.82538749560575,-228.24760559381642,-46.77478780842005,0.39143842915203114,0.3290849017269503,0.06790640947650774,3.5706273111372e-05,1.5302430148547936,5.545857949310544,nan,nan,nan
306.42,195.21267700195312,-228.34934997558594,-46.77482986450195,194.8343067869241,-228.25013718816302,-46.77570650803825,0.39116232604026874,0.3291272941903399,0.0679336603421542,3.500905241825964e-05,1.4465140183785006,5.24355911642568,nan,0.9299251076101106,nan
306.43,195.22137451171875,-228.3516845703125,-46.77679443359375,194.84321210964865,-228.25273090674756,-46.777756183784845,0.39089583629885855,0.3291697727014271,0.06796097739539118,3.571482766171594e-05,1.4511319683957717,5.440985350902708,nan,nan,nan
306.44,195.23007202148438,-228.35401916503906,-46.77873229980469,194.85213672288916,-228.2553365263236,-46.77803831404508,0.3906070080328057,0.3292123370259065,0.0679883607306201,3.501733055747981e-05,1.4402134758109446,5.33517828199276,nan,2.1501051872634545,nan
306.45,195.23875427246094,-228.3563232421875,-46.7806396484375,194.8357085961949,-228.25013580114708,-46.78001477892654,0.4167996884036279,0.3291406692573809,0.06797659922106304,3.5701439970857404e-05,1.6019290362030802,5.018782863945193,7.772096412020861,nan,nan
306.46,195.24745178222656,-228.3585968017578,-46.782508850097656,194.84453813774698,-228.2527062784436,-46.784288566220546,0.41659977823452193,0.3291830600982562,0.06800394530777423,3.500450370087547e-05,1.6836456925000611,5.012626117422488,nan,3.820336169634913,nan
306.47,195.2561492919922,-228.36082458496094,-46.78434371948242,194.8533921680989,-228.25523058679798,-46.78622463075047,0.4163735475772024,0.32922553687387446,0.06803135776172216,3.571019060583649e-05,1.694669748635092,5.036122218221475,nan,nan,nan
306.48,195.2648468017578,-228.36302185058594,-46.78614044189453,194.86224646388365,-228.2577142197522,-46.788070930902094,0.4161495596008904,0.32926809942388674,0.06805883668599354,3.5012961630516125e-05,1.7041572266183864,4.967104883963949,nan,0.002109013095843618,nan
306.49,195.27354431152344,-228.36517333984375,-46.78790283203125,194.87109999717376,-228.26015616162226,-46.789936523670704,0.41592567818742787,0.32931074818037487,0.06808638226459435,3.5719038327827614e-05,1.7157323254443004,4.970855042481221,nan,nan,nan
306.5,195.28224182128906,-228.36727905273438,-46.78963088989258,194.88198081460578,-228.267456488166,-46.79170561838866,0.4125260262897988,0.32923922901809116,0.068074463872521,3.500029959649426e-05,1.8507884839633089,5.192087200330462,1.4475724191333676,0.0005144849812310079,nan
306.51,195.29092407226562,-228.3693389892578,-46.791324615478516,194.89082761834823,-228.26982806447623,-46.79350244593005,0.41229157101939296,0.3292817040464195,0.06810197136147707,3.570588649463939e-05,1.8632980409788147,5.37767304212981,nan,nan,nan
306.52,195.29962158203125,-228.37136840820312,-46.79298782348633,194.89967828361813,-228.27215690287164,-46.794813672133564,0.41206904574232156,0.32932426480405863,0.06812954550505537,3.500888924491101e-05,1.8282418653759809,4.950049597772254,nan,0.1444880916454259,nan
306.53000000000003,195.30831909179688,-228.37335205078125,-46.794612884521484,194.90852487701736,-228.2744466892188,-46.796540395391546,0.41185118673512,0.32936691166272314,0.06815718647993188,3.571486421867323e-05,1.839744562590751,5.206109881241652,nan,nan,nan
306.54,195.3170166015625,-228.3752899169922,-46.796207427978516,194.9173810810067,-228.27669283017812,-46.79709268272917,0.4116196284120715,0.32940964455313226,0.06818489439999914,3.5017546667820556e-05,1.7609694856693252,5.133091880747531,nan,0.9210144673814641,nan
306.55,195.32569885253906,-228.377197265625,-46.79777145385742,194.8944224240958,-228.2683551183374,-46.79874747605136,0.44479986890315754,0.3293382722394118,0.06817281652835533,3.570183178755445e-05,1.9649282878984082,4.679988402460913,11.293990546020858,nan,nan
306.56,195.3343963623047,-228.3790740966797,-46.79930114746094,194.90320703988718,-228.27051515168054,-46.800502003109024,0.44464673434141627,0.3293808311801017,0.06820048550984521,3.500503618935422e-05,1.9822585955004786,4.620730704695365,nan,0.012390434312205696,nan
306.57,195.3430938720703,-228.3809051513672,-46.80080032348633,194.91199259028903,-228.27263708917948,-46.80209550630098,0.44449068150172444,0.32942347612040535,0.06822822149663273,3.571089762999596e-05,1.9911129992471805,4.73094804926253,nan,nan,nan
306.58,195.35179138183594,-228.3826904296875,-46.80227279663086,194.92078151039235,-228.274720735462,-46.803209970266025,0.44432852985982113,0.32946620703961876,0.06825602460871893,3.501377351863965e-05,1.9725766447251458,4.710673507960489,nan,0.14272329220283858,nan
306.59000000000003,195.3604736328125,-228.3844451904297,-46.803714752197266,194.92956716161123,-228.27676937555145,-46.80474101361432,0.44415709072952736,0.32950902423624695,0.06828389501376128,3.572001216500945e-05,1.979842841471553,4.7732309325377535,nan,nan,nan
306.6,195.36917114257812,-228.38616943359375,-46.80512619018555,194.93996374715098,-228.28028694766886,-46.80523935482502,0.4420747696048959,0.32943779652480176,0.06827165501340175,3.5001337034498094e-05,1.9804539359592068,4.717437035153244,0.19733587873724234,0.6366344490473174,nan
306.61,195.37786865234375,-228.3878631591797,-46.80651092529297,194.94875024220298,-228.2822689032889,-46.806704345203556,0.4419194431229942,0.3294804395191182,0.06829948561630664,3.570707333270198e-05,1.9840200871023908,4.6141010480491165,nan,nan,nan
306.62,195.38656616210938,-228.3895263671875,-46.80786895751953,194.95754073064285,-228.28421541226683,-46.80752617113582,0.4417616275479888,0.32952316843475,0.06832738352072319,3.501012090447561e-05,1.989075827073088,4.544789410254694,nan,0.26784622492295607,nan
306.63,195.39524841308594,-228.39114379882812,-46.809200286865234,194.9663274170891,-228.2861302191738,-46.80893151306672,0.44158933972423475,0.32956598353188105,0.06835534888929637,3.5716232860506656e-05,1.9906237471696748,4.792802908048287,nan,nan,nan
306.64,195.40394592285156,-228.39273071289062,-46.81050109863281,194.96754665767799,-228.27962105253945,-46.809000575129524,0.4508218777738933,0.32646821155367484,0.06453266306349001,3.5018149271057153e-05,2.3086639820338113,5.147676077477606,nan,1.2185388909216757,0.01827203243298166
306.65000000000003,195.4126434326172,-228.394287109375,-46.8117790222168,194.9678309202953,-228.2733333889679,-46.81044214123442,0.4609661168124811,0.32640512763038615,0.06452555455155609,3.570253392953388e-05,2.13453651332527,4.660765885118986,4.1582721852816436,nan,nan
306.66,195.4213409423828,-228.39581298828125,-46.81303405761719,194.97660364873954,-228.27510423485768,-46.81145582841193,0.46083007097805395,0.3264503158653483,0.06454580050182504,3.5005780495569936e-05,2.1586893166382604,4.589860697125656,nan,0.06570560890351049,nan
306.67,195.43002319335938,-228.39730834960938,-46.81425857543945,194.98538831710195,-228.27686006971004,-46.81274726350227,0.4606628326432852,0.3264955912853085,0.06456610997480026,3.5711737685679405e-05,2.1541971795816037,4.89631596239856,nan,nan,nan
306.68,195.438720703125,-228.39877319335938,-46.815460205078125,194.99421372705268,-228.27863917678948,-46.81507832029063,0.4604549701655558,0.32654094986020366,0.0645864758684365,3.501463483368797e-05,2.097415398022875,4.700788979236739,nan,0.7977359384121436,nan
306.69,195.44741821289062,-228.4002227783203,-46.8166389465332,195.00299852451576,-228.28033542985355,-46.816333337340424,0.4603063427051393,0.3265863958703094,0.06460690544392422,3.572095827341602e-05,2.0982661712103337,4.510182021495709,nan,nan,nan
306.7,195.45611572265625,-228.40162658691406,-46.81779479980469,195.02157144584086,-228.2843653306035,-46.81620944264819,0.4500904843493749,0.3265232910915048,0.06459974335775284,3.500228083611176e-05,2.072601487733134,4.837929592404761,2.1114996413350395,1.5466719773931459,nan
306.71,195.4647979736328,-228.40301513671875,-46.81892776489258,195.030376273125,-228.28600412417458,-46.81740709190955,0.4499067718706088,0.326568547315573,0.06462016930961861,3.5708091304721383e-05,2.0674458556827937,4.826942678733656,nan,nan,nan
306.72,195.47349548339844,-228.40435791015625,-46.820037841796875,195.03916278421428,-228.28759155551,-46.818089442946444,0.4497589036539971,0.3266138867120602,0.06464065219795306,3.501112652333935e-05,2.1140171692660337,4.972299302363058,nan,0.17186526389711299,nan
306.73,195.48219299316406,-228.4056854248047,-46.82112503051758,195.04796806352417,-228.28917547271183,-46.81923898694783,0.4495880510175944,0.32665931338699544,0.06466119874776965,3.5717302186026606e-05,2.1075635038087372,4.880451781955614,nan,nan,nan
306.74,195.4908905029297,-228.406982421875,-46.82218933105469,195.0568140366429,-228.29078443919485,-46.82146050602117,0.4493605244666005,0.32670482356538677,0.06468180264731277,3.5019977978606116e-05,2.0256491695150474,4.900920332217165,nan,0.8423580642642465,nan
306.75,195.4995880126953,-228.40826416015625,-46.82323455810547,195.05549207682068,-228.28909240269968,-46.822728769120666,0.4598079641090906,0.32664170163357115,0.06467459069869244,3.57044298940881e-05,2.0964342700369536,4.694066868318427,2.16683793904029,nan,nan
306.76,195.50827026367188,-228.40951538085938,-46.824256896972656,195.06427727549178,-228.29059370412574,-46.82379372707728,0.4596437242871753,0.3266870218569007,0.06469519055665673,3.5007594785228284e-05,2.097557997926531,4.936436441215124,nan,0.0009737264770208968,nan
306.77,195.5169677734375,-228.41073608398438,-46.825260162353516,195.07306398626866,-228.292071599609,-46.824875915949974,0.4594910007390895,0.3267324291979364,0.06471585406202948,3.5713612685810996e-05,2.098228719007877,4.850731009683696,nan,nan,nan
306.78000000000003,195.52566528320312,-228.41192626953125,-46.82624435424805,195.08189091828484,-228.29357523900418,-46.82704859435714,0.4592856411728951,0.32677792006392686,0.06473657541444763,3.501641970171142e-05,2.1154447320006438,4.895161159222166,nan,0.8687756959027088,nan
306.79,195.53436279296875,-228.41310119628906,-46.82720947265625,195.09067791929158,-228.29500431891918,-46.8281037672251,0.4591339013155304,0.3268234982930479,0.06475736058403866,3.5722793403160365e-05,2.1218534853329745,4.786924900423699,nan,nan,nan
306.8,195.54306030273438,-228.4142608642578,-46.82815170288086,195.10455366942494,-228.2980638001792,-46.82843426622154,0.45364072237719494,0.3267603550094341,0.06475008939664771,3.5004016766897053e-05,2.0718698835929437,4.955355216009709,1.3311693977869923,0.5236366574925837,nan
306.81,195.5517578125,-228.41539001464844,-46.829078674316406,195.1133506921603,-228.29944738098055,-46.82944748363249,0.45347947416249873,0.3268057430132097,0.06477086981922901,3.570986758044185e-05,2.0756980940030596,4.89138114202983,nan,nan,nan
306.82,195.56045532226562,-228.41648864746094,-46.829986572265625,195.12217855566269,-228.30084633925125,-46.831318370791415,0.45327854712009574,0.3268512145644608,0.06479170857124184,3.5012801338365994e-05,2.125139493505686,5.058456068799658,nan,0.5404447606310715,nan
306.83,195.56915283203125,-228.41757202148438,-46.830875396728516,195.1309757393326,-228.3021850963548,-46.8323057008692,0.4531173720203573,0.32689677331418954,0.06481261113857631,3.571900765398926e-05,2.1340453134655823,5.0402781861166455,nan,nan,nan
306.84000000000003,195.57785034179688,-228.41864013671875,-46.83174514770508,195.13978260946146,-228.30351360354527,-46.83354799189824,0.4529466933329126,0.3269424159452761,0.0648335724362981,3.5021578377967355e-05,2.1715759530231304,5.0611202161888915,nan,0.05213570372431274,nan
306.85,195.5865478515625,-228.419677734375,-46.83259963989258,195.13431989299463,-228.29940983663013,-46.83445428307662,0.46795078100135395,0.3268792545110146,0.06482624440180157,3.57060505802829e-05,2.250500283070285,4.906694953621055,2.080327191802257,nan,nan
306.86,195.59524536132812,-228.4207000732422,-46.83343505859375,195.14305167879,-228.30062780190028,-46.83420139445512,0.46786436511371515,0.3269247067397204,0.06484720048028025,3.5009108490135776e-05,2.1732190595783782,4.852322530075434,nan,1.0031269131631386,nan
306.87,195.60394287109375,-228.4217071533203,-46.83425521850586,195.15182445180128,-228.30187478549587,-46.835112813403015,0.46773026084587105,0.3269702460007031,0.0648682203802751,3.5715139037337497e-05,2.1790724281740124,4.744550344581746,nan,nan,nan
306.88,195.61264038085938,-228.4226837158203,-46.835060119628906,195.1605633518646,-228.3030607327485,-46.835000758199286,0.46763586447954014,0.3270158691659988,0.06488929947202933,3.5017838011847334e-05,2.1610127258218723,4.771960910025182,nan,0.7163618360578743,nan
306.89,195.621337890625,-228.42364501953125,-46.835845947265625,195.1693363594157,-228.30426774972938,-46.83587107338953,0.4675000720772434,0.32706157960731375,0.0649104425681194,3.572421586741924e-05,2.1631436215998674,4.860653504436447,nan,nan,nan
306.90000000000003,195.63003540039062,-228.42459106445312,-46.83662033081055,195.16731095653807,-228.29749810059408,-46.83628316169063,0.47986106956508107,0.3269983962317191,0.06490304945661599,3.5005331500354464e-05,2.0720649970453975,4.361989465021235,2.42490257856533,0.12802309611066062,nan
306.91,195.63873291015625,-228.42550659179688,-46.83737564086914,195.17607220322128,-228.29864664212084,-46.837119357031625,0.4797378891173552,0.3270439159900989,0.06492418660516744,3.571117860612175e-05,2.0727104094816298,4.612007378729418,nan,nan,nan
306.92,195.64743041992188,-228.42640686035156,-46.83811569213867,195.18487094455242,-228.29982068237524,-46.83907695304735,0.47956881959866565,0.3270895196746825,0.06494538339082603,3.501400566071987e-05,2.0991633526548723,4.6265872370414245,nan,0.9100762058107691,nan
306.93,195.6561279296875,-228.42730712890625,-46.838844299316406,195.1936328431626,-228.30093265257753,-46.839896361234864,0.4794510612787535,0.32713521046842214,0.06496664420114477,3.572020060118389e-05,2.1049426047176016,4.367203026235756,nan,nan,nan
306.94,195.66482543945312,-228.4281768798828,-46.83955764770508,195.20241063249108,-228.30204482462875,-46.84118427031408,0.479311375789758,0.3271809855224034,0.06498796503558132,3.5022666532995726e-05,2.151142851168455,4.527950942393439,nan,0.163933355916718,nan
306.95,195.67352294921875,-228.42901611328125,-46.84025573730469,195.22976779669028,-228.30946772682896,-46.84200840574652,0.4595797253421625,0.3271177828902338,0.06498050806410459,3.570712148183712e-05,2.0507689803580225,4.880838976523428,3.6044049183518125,nan,nan
306.96,195.68222045898438,-228.4298553466797,-46.840938568115234,195.23861733459057,-228.31059531458337,-46.84445834175387,0.45936812692439466,0.3271633670740721,0.06500182242463833,3.501007747872461e-05,2.3197716338431724,5.052380706383744,nan,1.9572896607245223,nan
306.97,195.69091796875,-228.43067932128906,-46.841609954833984,195.24741424879963,-228.31164489504633,-46.84524676511283,0.4592145148291357,0.32720903820052366,0.06502320083893752,3.571608278931057e-05,2.337330744116947,4.967461290095056,nan,nan,nan
306.98,195.69961547851562,-228.4314727783203,-46.84226608276367,195.25624973857063,-228.31272229803517,-46.84725447537383,0.45902041347390815,0.3272547936068025,0.06504463970066496,3.501868322988582e-05,2.6792134508595167,5.493750015632416,nan,1.070064533962693,nan
306.99,195.70831298828125,-228.43226623535156,-46.84291076660156,195.26504706890964,-228.31373942914797,-46.84803057283967,0.4588676186887669,0.32730063620016847,0.065066142813198,3.572502941084998e-05,2.703338374719748,5.309774018689524,nan,nan,nan
307.0,195.71702575683594,-228.4330291748047,-46.84354019165039,195.29757665817033,-228.32290298025634,-46.84765343648991,0.43368449808611015,0.32723741093840164,0.06505861476267857,3.5006052790289294e-05,2.3184328577827658,5.4826476922217955,6.144305255700458,1.0789061863649951,nan
307.01,195.72572326660156,-228.4337921142578,-46.84415817260742,195.3064180636515,-228.3238976585384,-46.848395609562516,0.4334877166550388,0.32728306237348215,0.06508011065226656,3.5711862442695335e-05,2.338513452069592,5.449377578684465,nan,nan,nan
307.02,195.7344207763672,-228.4345245361328,-46.844764709472656,195.31521476675726,-228.32482608599548,-46.847633237219796,0.4333308861678831,0.32732879810537574,0.06510166739636833,3.501459957351033e-05,2.0718390973834633,5.256974447166353,nan,1.5727929909964928,nan
307.03000000000003,195.7431182861328,-228.43524169921875,-46.845359802246094,195.3240569555936,-228.32579039235392,-46.8483378577481,0.43312914487747706,0.3273746208595718,0.06512328843505773,3.572075142464442e-05,2.0862203613346844,5.24865071063726,nan,nan,nan
307.04,195.75181579589844,-228.4359588623047,-46.845943450927734,195.3328483434523,-228.32668255672445,-46.8473049909913,0.4329860170511496,0.3274205282427653,0.06514497070080012,3.5023132396537384e-05,1.8914088357024725,4.911480406375794,nan,2.1020237699718916,nan
307.05,195.76052856445312,-228.43666076660156,-46.84651184082031,195.34722668012503,-228.33556682081496,-46.84802814749977,0.4254888161277594,0.3273572825296945,0.06513737177142835,3.570754219548321e-05,2.1019934288670252,5.347866552066252,4.004208590403849,nan,nan
307.06,195.76922607421875,-228.4373321533203,-46.84707260131836,195.35604629625877,-228.33648674726768,-46.84788059216553,0.4253092729840117,0.3274029985557498,0.06515904623496588,3.5010418614087545e-05,2.05807067636644,5.452083371914733,nan,0.45626749901099384,nan
307.07,195.77792358398438,-228.4381103515625,-46.84772491455078,195.36488973474906,-228.33747125800645,-46.84857082181252,0.42511869321993356,0.3274488014409794,0.06518078504559544,3.57163709942127e-05,2.058619423072017,5.371140200568184,nan,nan,nan
307.08,195.78662109375,-228.43898010253906,-46.84846878051758,195.37367446410997,-228.33848151318028,-46.84729107554656,0.4250014969187347,0.3274946889679386,0.06520258546847639,3.501889750891553e-05,2.077297244638309,5.397373991101252,nan,3.0020234632494907,nan
307.09000000000003,195.7953338623047,-228.43992614746094,-46.849300384521484,195.38251825039586,-228.33964608751015,-46.84814581213255,0.4248224957518068,0.3275406636010283,0.06522445044986704,3.572518627245908e-05,2.074886556256196,5.534942557259591,nan,nan,nan
307.1,195.8040313720703,-228.4409637451172,-46.850223541259766,195.40071137823816,-228.34724354554106,-46.84789478369722,0.4140723564126736,0.3274773944691912,0.06521677429057976,3.500614535532445e-05,2.2636777762687648,6.076658797621567,2.5737559887340065,1.3079798196077674,nan
307.11,195.81272888183594,-228.4420928955078,-46.85123825073242,195.40956702970928,-228.3485999270737,-46.8489199477973,0.4138668731431847,0.3275231774514246,0.0652386307010861,3.571189374177293e-05,2.2587748932288862,5.917746479116873,nan,nan,nan
307.12,195.82144165039062,-228.4433135986328,-46.85233688354492,195.4184135958823,-228.35003302468087,-46.849698853948716,0.41369050919464,0.3275690450844825,0.06526054909328874,3.501456894392713e-05,2.3066328904143005,5.964351487371956,nan,0.0792525935681227,nan
307.13,195.83013916015625,-228.44461059570312,-46.85352325439453,195.4272695957742,-228.3515616405783,-46.85089755072357,0.41348384282215855,0.3276149996639655,0.06528253211069329,3.572065576405087e-05,2.300537768039089,6.167062926699677,nan,nan,nan
307.14,195.83883666992188,-228.4459991455078,-46.854793548583984,195.43620081543926,-228.35325501827128,-46.85496127175106,0.4131792983474226,0.32766103922321754,0.06530457746818959,3.5022981066424264e-05,2.1076869992522727,6.024058488781524,nan,5.441743096837734,nan
307.15000000000003,195.84754943847656,-228.4474639892578,-46.85615158081055,195.42689798348175,-228.3461797776234,-46.85628864316705,0.43267326806927253,0.3275977483725932,0.06529682342182781,3.5707326814243415e-05,2.120317248083138,5.436735064203525,3.332376103938958,nan,nan
307.16,195.8562469482422,-228.44900512695312,-46.85758972167969,195.43572512377744,-228.3479431696941,-46.857768986235264,0.43249526724804827,0.32764359606963056,0.06531885957832595,3.501015384460517e-05,2.120577883517836,5.7955014976132,nan,6.0687901596608735e-06,nan
307.17,195.8649444580078,-228.4506378173828,-46.85911178588867,195.4445523135717,-228.3497885598591,-46.85933620524685,0.4323195325343544,0.32768953055591066,0.06534096043480091,3.57160349640601e-05,2.1205467989387388,5.655533615121993,nan,nan,nan
307.18,195.8736572265625,-228.4523468017578,-46.8607177734375,195.4533798461908,-228.3517150936484,-46.86099875063476,0.4321572585035325,0.32773555002554783,0.06536312397993353,3.5018518504137564e-05,2.1213259802232267,5.481973334959674,nan,0.0001059098135843236,nan
307.19,195.88235473632812,-228.4541473388672,-46.86240005493164,195.46220706011405,-228.3537211523952,-46.862731308036736,0.4319833312594494,0.3277816565350271,0.06538535245024402,3.5724733245661676e-05,2.1213073973362477,5.7307999188937195,nan,nan,nan
307.2,195.89105224609375,-228.4560089111328,-46.864166259765625,195.45918285716638,-228.36000560501842,-46.86568985858003,0.44241397494963897,0.32771834137632894,0.06537751489289761,3.500566040071144e-05,2.602172333465117,6.117762192053128,10.512357795945151,0.8768653075126667,nan
307.21,195.89976501464844,-228.4579620361328,-46.86600875854492,195.46797527402452,-228.36219406660592,-46.86759554013337,0.4422854304305969,0.32776425572571805,0.06539973337426438,3.5711332589080196e-05,2.607042010888391,6.000737772979296,nan,nan,nan
307.22,195.90846252441406,-228.4599609375,-46.8679313659668,195.4767437107407,-228.36442448941773,-46.86863283001819,0.4421638147152413,0.3278102550578017,0.06542201487804218,3.501397754500025e-05,2.5518083941786913,6.032923362136401,nan,0.6335880519740766,nan
307.23,195.9171600341797,-228.46197509765625,-46.869903564453125,195.48553529207962,-228.36670986208523,-46.87067290821695,0.44201354616253613,0.32785634127698376,0.06544436139473879,3.571998601678898e-05,2.556187332042332,5.953669655797676,nan,nan,nan
307.24,195.9258575439453,-228.46395874023438,-46.87187576293945,195.49434946950765,-228.3690136121813,-46.87367593126466,0.44183372013904604,0.3279025128037137,0.06546677127903423,3.502228744305916e-05,2.635084563550096,6.417266551159173,nan,0.6162074606172434,nan
307.25,195.9345703125,-228.46592712402344,-46.873836517333984,195.49016869235106,-228.36807245239044,-46.87561649025602,0.45505110158641127,0.3278391745989306,0.06545884884946446,3.570655807923951e-05,2.7790312359377687,5.816723993133831,2.9255585963699713,nan,nan
307.26,195.94326782226562,-228.4678497314453,-46.87576675415039,195.49892603276896,-228.37029188780073,-46.87731844604225,0.45492808936952117,0.32788515374135957,0.06548124806643983,3.500936735964882e-05,2.76277106289518,6.144750008420002,nan,0.08469624490787683,nan
307.27,195.95196533203125,-228.46975708007812,-46.87766647338867,195.50769133556597,-228.3724852699477,-46.87933421663615,0.4548010228097822,0.3279312196211414,0.06550371239112866,3.5715166951600764e-05,2.7747001489893974,5.820790013914334,nan,nan,nan
307.28000000000003,195.96066284179688,-228.47161865234375,-46.8795280456543,195.51649116097613,-228.37467714269252,-46.882808452914865,0.45463930693284776,0.3279773708016266,0.06552624039787361,3.501763892560707e-05,3.007361621629523,6.274021541688848,nan,1.5689273971651938,nan
307.29,195.9693603515625,-228.4734344482422,-46.88135528564453,195.52525589031094,-228.37679827075465,-46.884771701641334,0.45450962058156785,0.3280236089743719,0.06554883375020534,3.572377081682832e-05,3.0304268544663917,6.304825851147129,nan,nan,nan
307.3,195.97805786132812,-228.4752197265625,-46.883148193359375,195.57120900598554,-228.4004823376444,-46.88578950214521,0.4136648944592359,0.3279602454753002,0.0655408214194386,3.500469751972674e-05,3.0671545015123063,7.020205307795669,15.638547993552045,0.6077341324742997,nan
307.31,195.98675537109375,-228.4769744873047,-46.88490295410156,195.58002660716556,-228.40257812768397,-46.887674390303665,0.4134861383287085,0.328006290962632,0.06556340329711528,3.571028604853638e-05,3.086792531793666,7.072405761390087,nan,nan,nan
307.32,195.99546813964844,-228.4786834716797,-46.88662338256836,195.58890005387684,-228.40469293722188,-46.89203228018948,0.4132813372641057,0.32805242173930155,0.06558604915772728,3.501293120920767e-05,3.711948649729666,7.6869707851787545,nan,4.435340170411286,nan
307.33,196.00416564941406,-228.48037719726562,-46.88831329345703,195.59771738409376,-228.4067190478844,-46.893874379893035,0.41310608932150017,0.32809863936341227,0.06560876046999803,3.571885518746414e-05,3.7455833711837325,7.375813525702181,nan,nan,nan
307.34000000000003,196.0128631591797,-228.48202514648438,-46.88996505737305,195.6065204554607,-228.40869773961776,-46.89503845227163,0.4129370906073202,0.32814494259720706,0.06563153609851259,3.5021162562837305e-05,3.618669519794653,7.566323969998564,nan,0.29337786299806146,nan
307.35,196.0215606689453,-228.483642578125,-46.89158630371094,195.61322930317894,-228.41577667804563,-46.89687767060873,0.4139665242816874,0.32808155467522376,0.06562343194278607,3.570535347434167e-05,3.9723415195005964,7.870953300153534,3.7356256289519387,nan,nan
307.36,196.03025817871094,-228.4852294921875,-46.89317321777344,195.6220335072907,-228.41772283826313,-46.89861770881971,0.413804510805504,0.3281276656303656,0.0656461959475255,3.64250339627798e-05,4.006603862956042,7.938158306236229,nan,nan,nan
307.37,196.03895568847656,-228.4867706298828,-46.89472961425781,195.6308376733672,-228.41963705196906,-46.9003268141808,0.4136406171875252,0.32817386264719306,0.06566902494215197,3.715916376845748e-05,4.0411727655450465,8.100585527385697,nan,nan,nan
307.38,196.0476531982422,-228.48829650878906,-46.89625549316406,195.63964015834267,-228.42151841050392,-46.90192115238579,0.41348041650486916,0.32822014520609943,0.06569191849247426,3.637574554074887e-05,4.084970177975424,7.870789656321253,nan,0.004665816634573342,nan
307.39,196.0563507080078,-228.4897918701172,-46.89775085449219,195.64844433235194,-228.4233707527632,-46.90356956718043,0.41331977154330424,0.3282665147801406,0.06571487789942203,3.7108496502667835e-05,4.1193138705759775,7.8789049522731425,nan,nan,nan
307.40000000000003,196.06504821777344,-228.4912567138672,-46.89921569824219,195.67010450892184,-228.43147999508787,-46.90333160405133,0.399463052046254,0.32820310043907985,0.06570667732505751,3.6305068929377945e-05,3.6902787198829023,7.759721984022464,1.6277980103539722,2.1670025561865707,nan
307.41,196.07374572753906,-228.49267578125,-46.90065383911133,195.6789288464438,-228.43328448595332,-46.90490338150801,0.39928154748922745,0.328249276786908,0.06572962370642996,3.70355926649682e-05,3.7165283104340783,7.883849298612078,nan,nan,nan
307.42,196.0824432373047,-228.49407958984375,-46.902061462402344,195.68774994661493,-228.43505674969822,-46.90627542937746,0.3991043057798582,0.3282955386625397,0.06575263492262771,3.625858051633762e-05,3.7232107720461007,7.741804424011995,nan,0.019348862724911042,nan
307.43,196.0911407470703,-228.49546813964844,-46.903438568115234,195.69657458304124,-228.43680359753387,-46.907790105487145,0.39892721413263865,0.3283418874086331,0.06577571210885323,3.698787669202808e-05,3.749252103268129,7.685290615651386,nan,nan,nan
307.44,196.09983825683594,-228.49681091308594,-46.90479278564453,195.70536065150736,-228.4384880248253,-46.90728392231878,0.398773552486572,0.3283883220017897,0.06579885445620705,3.6213486981962744e-05,3.4133642030127005,7.377386924866543,nan,2.6192655567880228,nan
307.45,196.10855102539062,-228.49813842773438,-46.9061164855957,195.7246843146501,-228.4517425539143,-46.908706334243995,0.3866690264791148,0.32832488186553854,0.06579055518388002,3.6918176752581065e-05,3.7687908638420784,7.9915982840870825,5.478388748912506,nan,nan
307.46,196.11724853515625,-228.49942016601562,-46.90741729736328,195.73350498689982,-228.45343032730702,-46.90952941866457,0.3864953261674356,0.32837112298635013,0.06581368374281349,3.614733310347457e-05,3.716697851619764,8.218377845457955,nan,0.23232150802497908,nan
307.47,196.12594604492188,-228.50070190429688,-46.908687591552734,195.7423368332532,-228.45510216399194,-46.910914273196695,0.38631634925806557,0.3284174508372811,0.06583687839098809,3.6873464162658244e-05,3.732516226643073,8.007772335181947,nan,nan,nan
307.48,196.1346435546875,-228.50193786621094,-46.909934997558594,195.75118130524268,-228.45675944768215,-46.91294986888135,0.3861262432147491,0.3284638645129466,0.0658601384621519,3.6105130261547514e-05,3.855593812684356,8.337376419470102,nan,0.3022062259861186,nan
307.49,196.14334106445312,-228.50315856933594,-46.91115951538086,195.76001346707298,-228.4583808661109,-46.914292987581625,0.38594676869663896,0.3285103651798029,0.06588346487859859,3.6830236984714775e-05,3.875675490581072,8.111187462964562,nan,nan,nan
307.5,196.15203857421875,-228.5043487548828,-46.912357330322266,195.73572430973735,-228.4449633506571,-46.91631176904545,0.420547061137461,0.3284468974791471,0.06587506266274186,3.604206504681889e-05,4.099727110907776,7.785807444196719,10.06942466275491,0.29688515692013606,nan
307.51,196.16073608398438,-228.50552368164062,-46.91352844238281,195.74450252564898,-228.44650992451182,-46.91761533529739,0.42041610495876075,0.3284932043640552,0.06589837444019819,3.676530509944764e-05,4.1251873020126855,7.78815426376168,nan,nan,nan
307.52,196.16943359375,-228.5066680908203,-46.91468048095703,195.75330306178878,-228.44805185062745,-46.92017236469798,0.42027448653433097,0.3285395970460374,0.06592175189069159,3.600276649569326e-05,4.513963781672937,8.079363446098366,nan,1.0853021097535713,nan
307.53000000000003,196.17813110351562,-228.50779724121094,-46.915809631347656,195.76208131750707,-228.449551820904,-46.921443938824176,0.42014485459807654,0.32858607658518585,0.0659451958146332,3.672511502448449e-05,4.5455424998708525,7.969207458959814,nan,nan,nan
307.54,196.18682861328125,-228.50889587402344,-46.91691207885742,195.77081809237643,-228.45099475365018,-46.92025805275137,0.4200339138513426,0.32863264223503796,0.0659687057279141,3.596489783069713e-05,3.9977084445595095,7.68449774513756,nan,3.962689598631708,nan
307.55,196.19554138183594,-228.50997924804688,-46.91799545288086,195.79930576851268,-228.46375982018867,-46.92141250715561,0.39893680331239595,0.32856914726951764,0.06596019793124122,3.666338953948236e-05,4.116791678212326,7.9272082494864735,4.32481312019649,nan,nan
307.56,196.20423889160156,-228.5110321044922,-46.91905975341797,195.8080985971504,-228.46520546469537,-46.92172731310292,0.39879108525340634,0.3286155188783079,0.06598369240229865,3.590637573064165e-05,4.002231866536976,7.936599304484363,nan,0.5043090171690108,nan
307.57,196.2129364013672,-228.51206970214844,-46.92009735107422,195.81690598135899,-228.46664158200568,-46.922880317803966,0.39863711891317494,0.3286619772139546,0.06600725347892974,3.6626216518507745e-05,4.020867305988188,8.063706600562863,nan,nan,nan
307.58,196.2216339111328,-228.51309204101562,-46.921119689941406,195.82571142402873,-228.46805514100112,-46.92388542736957,0.39848536668380263,0.328708521625512,0.06603088078045792,3.5871397136723886e-05,4.02766314969857,7.748238118732793,nan,0.010967608910179028,nan
307.59000000000003,196.23033142089844,-228.5140838623047,-46.922119140625,195.83451900509982,-228.46944998190747,-46.92499741065282,0.39833144015756844,0.32875515303033925,0.06605457495272027,3.6590521594595234e-05,4.04633221066984,8.005176908677406,nan,nan,nan
307.6,196.23902893066406,-228.5150604248047,-46.923095703125,195.85737902661492,-228.47674141695492,-46.92732418417539,0.3835920693592377,0.3286916292704016,0.06604595763952759,3.581589267478946e-05,4.291532902076073,8.610169105469424,2.001140975455627,1.1479128271435322,nan
307.61,196.24774169921875,-228.51602172851562,-46.92405700683594,195.8662103361646,-228.47810602802195,-46.92840982966733,0.38343542925044727,0.3287380663232601,0.06606963549935262,3.653346021582587e-05,4.316243191597085,8.245481379787886,nan,nan,nan
307.62,196.25643920898438,-228.5169677734375,-46.92499923706055,195.87498235296118,-228.47940518431906,-46.92558465724704,0.3833022617010933,0.32878458941253363,0.06609337980958384,3.578375925865395e-05,3.811860459907456,7.783677656889282,nan,10.225893251211811,nan
307.63,196.26513671875,-228.51788330078125,-46.92591857910156,195.8838137311688,-228.48073134514846,-46.92659538667385,0.38312915150596794,0.328831199370173,0.06611719112906514,3.6500724106616566e-05,3.820028721908166,8.136946243114139,nan,nan,nan
307.64,196.27383422851562,-228.51878356933594,-46.926822662353516,195.90102473508193,-228.47238682912655,-46.92804900062192,0.37568747623775306,0.32832615006832355,0.06540706819637293,3.5752152195900935e-05,4.322929897960369,8.458423564143382,nan,0.13688580875338807,0.12706012103743383
307.65000000000003,196.2825469970703,-228.51966857910156,-46.92770767211914,195.9188689203481,-228.47368313169756,-46.92905943336243,0.3665763660136462,0.32826145952835273,0.0653995136695962,3.644584358624062e-05,4.0691921602071925,8.235708420204425,3.267028544507322,nan,nan
307.66,196.29124450683594,-228.52053833007812,-46.9285774230957,195.92773663960483,-228.4749042290439,-46.929391198902785,0.3663619834906116,0.32830668661058204,0.06542017531768574,3.570103000569825e-05,4.042436542100501,8.210926604382319,nan,0.27131982827432066,nan
307.67,196.29994201660156,-228.52137756347656,-46.92942810058594,195.9366017262589,-228.47612847136955,-46.93033271608138,0.3661481465909445,0.3283519986978677,0.06544089855067403,3.641602768291299e-05,4.0519590500965315,8.487910998579249,nan,nan,nan
307.68,196.3086395263672,-228.522216796875,-46.930259704589844,195.9454681454107,-228.47732763795514,-46.931005778002046,0.36593584842142834,0.3283973958697103,0.06546168045576645,3.567307376161067e-05,4.049527654989108,8.330605891824526,nan,0.04329349572989691,nan
307.69,196.31735229492188,-228.5230255126953,-46.93107986450195,195.9543336165141,-228.47851803476118,-46.93191301736471,0.3657378441024028,0.32844287833731667,0.06548252415418383,3.638761675443995e-05,4.058727726817448,8.16998599203801,nan,nan,nan
307.7,196.3260498046875,-228.52381896972656,-46.93187713623047,195.9362326271468,-228.4639449255634,-46.93054151629055,0.39439081752858834,0.3283781882487322,0.06547491461983374,3.5624781300992215e-05,3.913211091925794,7.76837878018636,9.416450332422652,3.9192770825030716,nan
307.71,196.33474731445312,-228.5246124267578,-46.93266296386719,195.9450614753088,-228.46506811364415,-46.93139708457836,0.39421083306293836,0.3284234797133996,0.0654957523081556,3.6338027857663106e-05,3.910507096063761,7.403748892475653,nan,nan,nan
307.72,196.3434600830078,-228.52537536621094,-46.933433532714844,195.95388738680438,-228.46619464460343,-46.9328650680674,0.3940425948920376,0.32846885619115207,0.06551664907319484,3.5599496628674256e-05,3.880077076466804,7.408819513618187,nan,0.26828134444355295,nan
307.73,196.35215759277344,-228.526123046875,-46.93418502807617,195.96271653705634,-228.46728698834073,-46.9336975269625,0.39386070547749885,0.3285143178995273,0.0655376077179269,3.6312383392820686e-05,3.8816268254067308,7.694765396966572,nan,nan,nan
307.74,196.36085510253906,-228.52687072753906,-46.9349250793457,195.97154284507462,-228.46838171238974,-46.93510735422718,0.3936813837728776,0.32855986490854827,0.06555862580024244,3.557550902855943e-05,3.8791243249540575,7.3871928856675275,nan,0.23891011471844917,nan
307.75,196.36956787109375,-228.527587890625,-46.93564987182617,196.0096576192334,-228.48467072933832,-46.935803561189545,0.3624600608998352,0.3284951748686386,0.06555096097091782,3.6265616416365894e-05,3.980216176122837,8.264408658335737,9.061899552410255,nan,nan
307.76,196.37826538085938,-228.52828979492188,-46.93635940551758,196.01852157713327,-228.48580118285543,-46.93841995762883,0.36225009641083916,0.3285405306860825,0.065571972563251,3.5531231438446074e-05,4.103593459265967,8.579399075347299,nan,2.2728513976916194,nan
307.77,196.386962890625,-228.52899169921875,-46.93705368041992,196.0273950788415,-228.48686559363765,-46.93921911208986,0.36203357459844326,0.3285859716678882,0.065593046130614,3.624263510791734e-05,4.117067264163222,8.442766889530194,nan,nan,nan
307.78000000000003,196.3956756591797,-228.5296630859375,-46.93773651123047,196.03627052180187,-228.4879071615121,-46.93967881133533,0.3618278354796459,0.3286314978787375,0.06561417951801024,3.550977919717434e-05,4.098967641794055,8.383885476135639,nan,0.07304765753061176,nan
307.79,196.4043731689453,-228.53033447265625,-46.93840408325195,196.04514452630838,-228.48894409185158,-46.94044897021637,0.3616110657552228,0.32867710954418766,0.06563537510355265,3.622094311772149e-05,4.111838906117144,8.432722833537087,nan,nan,nan
307.8,196.4130859375,-228.53099060058594,-46.939056396484375,196.01179838527153,-228.46764196200056,-46.9401829845447,0.4062585614910704,0.3286124189754617,0.06562764939238287,3.546807047315908e-05,3.896204727232558,7.189018706271417,17.972963867263168,0.7829782152222983,nan
307.81,196.42178344726562,-228.53163146972656,-46.939701080322266,196.0206101712285,-228.46860660059662,-46.940918989538716,0.40609557352680864,0.32865783925820446,0.06564883783940455,3.617814992398359e-05,3.9045387088558443,7.118912665487715,nan,nan,nan
307.82,196.43048095703125,-228.53225708007812,-46.94032669067383,196.02942179234165,-228.46956033363827,-46.94172064260181,0.4059326036396187,0.3287033446980893,0.06567008647338156,3.544904444108924e-05,3.92154728829491,7.4256468881036115,nan,0.0041339372403966235,nan
307.83,196.43919372558594,-228.53286743164062,-46.94094467163086,196.03823402355616,-228.47049929617728,-46.94243395958465,0.40578403732970286,0.3287489355249622,0.06569139741472459,3.615896166450617e-05,3.9318151568417874,7.133659576084436,nan,nan,nan
307.84000000000003,196.44789123535156,-228.53346252441406,-46.94154739379883,196.047043051182,-228.4714412746814,-46.94375049473236,0.40562390933495185,0.32879461179705277,0.06571276889008319,3.543119099473054e-05,4.010873678493327,7.4830756319538825,nan,0.26015405100693273,nan
307.85,196.45660400390625,-228.5340576171875,-46.942138671875,196.0600646344434,-228.47297502542133,-46.94456344130047,0.40122367085908484,0.32872992025471154,0.06570498124536397,3.61186921358839e-05,3.9635308585424474,7.283251092083688,0.9795673488369008,nan,nan
307.86,196.46530151367188,-228.53463745117188,-46.942718505859375,196.06889320091392,-228.47384686252897,-46.94407482175957,0.40104474274572016,0.3287754049457562,0.06572634504901356,3.5393076478867704e-05,3.855297978128081,7.326322784188444,nan,0.9559751987862057,nan
307.87,196.47401428222656,-228.5352020263672,-46.94328689575195,196.07771573461747,-228.47473587789244,-46.944740828994505,0.40088752521164783,0.32882097495501933,0.0657477712767746,3.610188562377251e-05,3.8650317182930487,7.240278358776365,nan,nan,nan
307.88,196.4827117919922,-228.5357666015625,-46.943843841552734,196.08653418635313,-228.4756328479011,-46.94621136767444,0.400722308736662,0.3288666303375176,0.06576925838544292,3.5377485226893154e-05,3.9669007402474126,7.366630177635618,nan,0.4588408698581262,nan
307.89,196.49142456054688,-228.53640747070312,-46.944496154785156,196.09535747204262,-228.47655102926416,-46.94691666190297,0.4005718300538367,0.3289123713279524,0.06579080815443906,3.6086227616448e-05,3.971151162970555,7.299880865560084,nan,nan,nan
307.90000000000003,196.5001220703125,-228.5371551513672,-46.94523620605469,196.12835865251319,-228.4855986173585,-46.947317113043184,0.3753271175744048,0.3288476781702245,0.06578295358351165,3.53416380857217e-05,3.736600396137119,7.768839991201257,6.324526179572813,0.08372959814961599,nan
307.91,196.5088348388672,-228.53797912597656,-46.946067810058594,196.13722715086502,-228.4867080099711,-46.94820335169065,0.3751340582469521,0.3288932273778243,0.06580449500957863,3.604946502417384e-05,3.740395965392629,7.721894527231668,nan,nan,nan
307.92,196.51754760742188,-228.5388946533203,-46.946990966796875,196.14609582729318,-228.48790739568503,-46.949180578407656,0.37494122179476214,0.3289388619326923,0.06582609836590758,3.6771602995197954e-05,3.7439548210167417,7.622898852820593,nan,nan,nan
307.93,196.5262451171875,-228.5399169921875,-46.948001861572266,196.15496480508094,-228.48919574136707,-46.950247757074735,0.3747355860995111,0.3289845819793287,0.06584776379699869,3.7508196498994045e-05,3.7462396704345973,7.677608856149652,nan,nan,nan
307.94,196.5349578857422,-228.54100036621094,-46.9490966796875,196.1638410501087,-228.49054520688668,-46.95015773328448,0.374532448030601,0.32903038761177095,0.06586949072109961,3.6699287422930524e-05,3.642562572187072,7.8379337455387805,nan,0.9955489577758779,nan
307.95,196.5436553955078,-228.5421905517578,-46.95028305053711,196.18541074103626,-228.49917973081173,-46.951459209818815,0.3608192712793353,0.3289656923504221,0.06586156755579878,3.741026667109647e-05,3.7221997264283226,8.060037252574945,1.9569530223216778,nan,nan
307.96,196.5523681640625,-228.54345703125,-46.95155334472656,196.19429804796883,-228.50074449999292,-46.952779422807325,0.3606106926218112,0.32901130604293916,0.0658832862329522,3.815875514117769e-05,3.724358180587117,8.052950723074705,nan,nan,nan
307.97,196.56106567382812,-228.54481506347656,-46.95290756225586,196.2031853321548,-228.50239438526845,-46.954185520277264,0.36038796604848666,0.32905700515529107,0.06590506721171327,3.892195208127157e-05,3.7258338166335023,8.204842237576363,nan,nan,nan
307.98,196.5697784423828,-228.54624938964844,-46.954345703125,196.2120850295571,-228.50408473056177,-46.95350664962409,0.3601709872624064,0.3291027897772461,0.0659269099539609,3.8022775052351775e-05,3.7021489281436626,8.080982867951347,nan,2.807615234137922,nan
307.99,196.5784912109375,-228.54776000976562,-46.95586395263672,196.2209723468151,-228.50590210769116,-46.9550605843013,0.3599617584829358,0.32914866016247585,0.06594881596711095,3.878247158692531e-05,3.7003869880275824,8.302213564638908,nan,nan,nan
308.0,196.58718872070312,-228.5493621826172,-46.95746612548828,196.23719528050614,-228.51475075056322,-46.95623388141669,0.35170282602674213,0.3290839620932532,0.06594081959448699,3.7867242536696884e-05,3.9373322790173755,8.75041280977374,2.249059053170259,0.10247512718468857,nan
308.01,196.5959014892578,-228.551025390625,-46.95914840698242,196.2460876809645,-228.51674032365383,-46.95794811533925,0.3514919728669651,0.3291296402756749,0.06596271598626058,3.862266633230135e-05,3.9352406431329743,8.605547026426926,nan,nan,nan
308.02,196.60459899902344,-228.55270385742188,-46.96091079711914,196.25497430280097,-228.51878461187212,-46.96069801683887,0.351266264680743,0.329175403895848,0.06598467446182388,3.774093444206339e-05,3.900669697666343,8.741655589231335,nan,0.5513574601498281,nan
308.03000000000003,196.61331176757812,-228.5543670654297,-46.96275329589844,196.263866125757,-228.52081268322473,-46.962583356974704,0.351052961862122,0.32922125320585977,0.06600669633468155,3.849325036588308e-05,3.903168093315698,8.581765612476826,nan,nan,nan
308.04,196.62200927734375,-228.55601501464844,-46.96467208862305,196.2727602268654,-228.52281760148333,-46.96413051667642,0.3508236890534429,0.3292671882430925,0.06602878062325121,3.7619244846798266e-05,3.912669910731018,8.796198435693842,nan,0.106226498129657,nan
308.05,196.63072204589844,-228.55763244628906,-46.966644287109375,196.27673642266632,-228.51964560064872,-46.96615113919193,0.35601834937486637,0.3292024868464102,0.06602070907348252,3.834380413951574e-05,3.754180788235904,8.185561788189833,1.2585798587619805,nan,nan
308.06,196.63941955566406,-228.55921936035156,-46.9686164855957,196.28562593109305,-228.52158865333826,-46.96804362952357,0.3557897230970766,0.32924822946423643,0.06604278311746248,3.747839146953169e-05,3.758974166340604,8.626429975977217,nan,0.01590141779783737,nan
308.07,196.64813232421875,-228.56077575683594,-46.97057342529297,196.29451443144313,-228.52350469061605,-46.970090308477644,0.3555769675753649,0.32929405769746345,0.06606492069286651,3.822407216406245e-05,3.759109812823177,8.342491082754792,nan,nan,nan
308.08,196.65682983398438,-228.5623016357422,-46.972503662109375,196.3034051452673,-228.525383140235,-46.97167135780696,0.3553486719205857,0.3293399715857505,0.06608712098413436,3.736586277900376e-05,3.7738981239972027,8.490709002861852,nan,0.12186885232989587,nan
308.09000000000003,196.66554260253906,-228.5637969970703,-46.97439956665039,196.3122930671577,-228.52723915168949,-46.97366292639846,0.35513694956298203,0.3293859713778509,0.06610938505810102,3.8108957102526684e-05,3.772361215868175,8.38046399949614,nan,nan,nan
308.1,196.6742401123047,-228.5652618408203,-46.976261138916016,196.3281246989847,-228.5223708057262,-46.976105411655325,0.34876287715306314,0.32932126589762584,0.06610123402605823,3.723437841171576e-05,3.214561557586421,8.228977096754228,12.697511930524616,0.0517025299093299,nan
308.11,196.6829376220703,-228.5666961669922,-46.97808837890625,196.33704055378837,-228.5241368595867,-46.97803645083161,0.34850549377219786,0.3293670730477668,0.06612348712927023,3.797411027592251e-05,3.2148331040168965,8.169412580255198,nan,nan,nan
308.12,196.691650390625,-228.56809997558594,-46.97987747192383,196.34595007810998,-228.52589061599843,-46.98100307685052,0.34826944037084445,0.3294129657803215,0.06614580323507097,3.713063607810739e-05,3.2501713212963437,8.129221571135634,nan,0.7166839269478802,nan
308.13,196.70034790039062,-228.56948852539062,-46.981632232666016,196.35486546078698,-228.52759924153293,-46.98287581240679,0.34801490581175876,0.3294589443411746,0.06616818326887594,3.786810274834611e-05,3.257079930466476,8.193957804328516,nan,nan,nan
308.14,196.7090606689453,-228.57083129882812,-46.98335266113281,196.36379098907145,-228.52925290349984,-46.98288772392568,0.3477644762837107,0.329505008774199,0.06619062662549678,3.703108305863609e-05,3.223592468159872,8.062238957690752,nan,2.1002098587733267,nan
308.15000000000003,196.71775817871094,-228.57215881347656,-46.98503875732422,196.39362765430567,-228.54131234733478,-46.98464600031362,0.32559523273957186,0.3294402986411831,0.06618239369827175,3.77425197884367e-05,3.2566104495365846,8.819597586509879,4.135629285997985,nan,nan
308.16,196.72645568847656,-228.57345581054688,-46.986690521240234,196.4025805224275,-228.54294601742703,-46.98546869102128,0.3253113332311051,0.3294861702065269,0.06620482541415013,3.691276526021208e-05,3.293798186374778,8.924906872649304,nan,0.5490807754971093,nan
308.17,196.73516845703125,-228.57473754882812,-46.988311767578125,196.4115280167005,-228.54456691209174,-46.987181060396544,0.3250456590039309,0.32953212752373995,0.06622732120848296,3.7645208953523046e-05,3.2879170147575976,8.473839361633893,nan,nan,nan
308.18,196.74386596679688,-228.57598876953125,-46.989898681640625,196.42046449193663,-228.54618967164302,-46.990847726230655,0.3247728450199763,0.32957817064004946,0.06624988059600201,3.6821437068741224e-05,3.2788611170469735,8.835818541628171,nan,2.5109560671937055,nan
308.19,196.7525634765625,-228.57720947265625,-46.991455078125,196.42941212273368,-228.54775972853898,-46.992517081868066,0.32449223836930546,0.3296242997963922,0.0662725043237554,3.75520383496012e-05,3.2851452931277585,8.83722822583647,nan,nan,nan
308.2,196.7612762451172,-228.5784149169922,-46.992977142333984,196.43769580014427,-228.5512591497316,-46.995197482759615,0.324725530218966,0.329559584218953,0.0662641855279127,3.671143976389298e-05,3.5173193529286078,8.954470334324474,0.6041970556434203,0.6371254836664019,nan
308.21,196.7699737548828,-228.57958984375,-46.99447250366211,196.44663853017593,-228.5527878650408,-46.99681785991429,0.324452637984231,0.32960552027555146,0.06628679686650048,3.743941424147421e-05,3.5308044464002406,9.049244249999823,nan,nan,nan
308.22,196.77867126464844,-228.5807342529297,-46.99593734741211,196.4555678376276,-228.55432380389772,-47.00084077234793,0.32421810551969893,0.32965154205761066,0.06630947205750702,3.662794170680531e-05,4.041499177261515,9.638652232981967,nan,3.805271208513947,nan
308.23,196.78738403320312,-228.5818634033203,-46.997371673583984,196.46451037471525,-228.55580574367,-47.00242731366853,0.3239628998333972,0.3296976498023205,0.06633221174697929,3.7354333072333327e-05,4.070459259771754,9.398019369769106,nan,nan,nan
308.24,196.79608154296875,-228.58297729492188,-46.998779296875,196.47344889669796,-228.55727401199624,-47.004723724735214,0.32370946760240626,0.32974384356244046,0.06635501560007774,3.6548170867480785e-05,4.353383707383599,9.725066726465053,nan,0.35193151851998733,nan
308.25,196.80477905273438,-228.5840606689453,-47.00015640258789,196.50554770303432,-228.57361930115474,-47.006166762251745,0.29947378387421686,0.3296791219224042,0.06634660820273787,3.7249854899291795e-05,4.587631284553153,10.866186616515938,7.502783113714665,nan,nan
308.26,196.81349182128906,-228.58511352539062,-47.00150680541992,196.514527852083,-228.57505314689027,-47.00635131334514,0.29917241743858636,0.3297251223481448,0.06636939895394213,3.644977867642293e-05,4.264054660894954,10.334820848812765,nan,1.141928522133718,nan
308.27,196.8221893310547,-228.58615112304688,-47.002830505371094,196.5235010107897,-228.57648088822583,-47.00782222494806,0.2988865058321582,0.32977120865831977,0.06639225436495629,3.717244358784223e-05,4.292025747019521,10.501060624083827,nan,nan,nan
308.28000000000003,196.83090209960938,-228.58717346191406,-47.004127502441406,196.53248698783213,-228.5778610579467,-47.0068756232443,0.29857302619731824,0.32981738090973334,0.06641517418547135,3.637725832932363e-05,3.8308869417987843,9.727795118889837,nan,3.734011507400358,nan
308.29,196.839599609375,-228.5881805419922,-47.005401611328125,196.54146025509684,-228.57924706144723,-47.00827236203582,0.29828698069757065,0.3298636393335882,0.06643815893565631,3.709867761948056e-05,3.846243204659051,9.77462398833048,nan,nan,nan
308.3,196.84829711914062,-228.5891571044922,-47.006649017333984,196.54256948012534,-228.56646156698378,-47.00966753109079,0.3065837375105828,0.3297989108096278,0.06642965920117498,3.6286131926180664e-05,3.3267112537170096,9.182359362784196,12.044981612905172,0.0014790075318693672,nan
308.31,196.8570098876953,-228.59011840820312,-47.007869720458984,196.55154721234996,-228.5677638811753,-47.01101627131818,0.3062957258762978,0.32984497565794163,0.06645263007721432,3.700551031307241e-05,3.3431987131674195,8.971227968846868,nan,nan,nan
308.32,196.86570739746094,-228.591064453125,-47.00906753540039,196.56053150358068,-228.56903431393616,-47.011086230533365,0.30597667945177753,0.3298911263726966,0.06647566559930701,3.622046518821139e-05,3.1876051341705645,8.956596645605298,nan,1.0371337236206581,nan
308.33,196.87440490722656,-228.59197998046875,-47.01023864746094,196.56950955173002,-228.57029840036662,-47.01237572098081,0.30567275933965105,0.3299373631808338,0.06649876621751978,3.693880414749997e-05,3.198725900620233,9.178060605769033,nan,nan,nan
308.34000000000003,196.88311767578125,-228.5928955078125,-47.01138687133789,196.57848059318886,-228.571557199963,-47.01503422767743,0.30540526956906333,0.3299836861454679,0.0665219317860935,3.615805471339966e-05,3.4423928177318164,8.989319146185302,nan,1.2796968437446274,nan
308.35,196.89181518554688,-228.59378051757812,-47.012516021728516,196.57163442316968,-228.57181537383386,-47.016225351364035,0.32095474332449225,0.32991895007236716,0.06651333675699489,3.6852682919741264e-05,3.789556777846715,8.991258463466163,5.848000475080481,nan,nan
308.36,196.90052795410156,-228.5946502685547,-47.01361846923828,196.5805804761274,-228.573028353517,-47.01680518836901,0.32069307920617257,0.3299650792181419,0.06653648769941367,3.607698512794005e-05,3.6983308165064717,8.809006428060906,nan,0.2851371240832628,nan
308.37,196.9092254638672,-228.59548950195312,-47.01470184326172,196.58952342010122,-228.5742298490759,-47.01801269579102,0.3204252352313571,0.33001129437747717,0.06655970390591283,3.6792623823079764e-05,3.7156964079534185,9.035758159218586,nan,nan,nan
308.38,196.9179229736328,-228.59632873535156,-47.01576232910156,196.59847184116856,-228.57540521961394,-47.01815784245408,0.3201445892526338,0.33005759561788484,0.06658298528835226,3.602085409088755e-05,3.577044737695453,8.79021485980207,nan,0.7223751963125055,nan
308.39,196.9266357421875,-228.59715270996094,-47.01680374145508,196.6074149650948,-228.57657252644708,-47.01931373515874,0.3198933393328626,0.33010398315978295,0.06660633221088494,3.67357179514497e-05,3.589459362850862,8.434914805212948,nan,nan,nan
308.40000000000003,196.93533325195312,-228.5979461669922,-47.017822265625,196.60593014801336,-228.580724301151,-47.02188974155723,0.3298780712758344,0.3300392386914216,0.06659763831904554,3.594602388308017e-05,4.315880555616735,9.335862335760769,6.336942208284828,1.4791742477599987,nan
308.41,196.9440460205078,-228.59873962402344,-47.018821716308594,196.61484468566235,-228.58187792263874,-47.023019699824175,0.3296596106641205,0.33008543216460745,0.0666209698183795,3.665930556000565e-05,4.337478628704515,8.909664006824338,nan,nan,nan
308.42,196.95274353027344,-228.59950256347656,-47.019798278808594,196.6237484781628,-228.58303256305115,-47.02636094075385,0.32947241729634286,0.33013171164276184,0.06664436671136086,3.589578646657076e-05,5.058073631952942,10.079598627170835,nan,3.3369668310998994,nan
308.43,196.96145629882812,-228.6002655029297,-47.02075958251953,196.63266336861378,-228.58415460716813,-47.02747450822169,0.32925589159248536,0.33017807734183685,0.06666782931538195,3.660845443021937e-05,5.09095088039733,9.54076015861987,nan,nan,nan
308.44,196.97015380859375,-228.6009979248047,-47.021697998046875,196.64158069928652,-228.58525806891996,-47.028110427236435,0.32901238650118214,0.33022452933597074,0.06669135761214876,3.58483433035872e-05,5.00771220833507,9.943024536346911,nan,0.14181395549903533,nan
308.45,196.97886657714844,-228.60171508789062,-47.02261734008789,196.60385878280886,-228.55589781054175,-47.02916315162432,0.3778530354089688,0.3301597757627551,0.06668256174964636,3.653803598036757e-05,4.595790367528278,8.109044324889748,28.669978576029315,nan,nan
308.46,196.98756408691406,-228.60243225097656,-47.023521423339844,196.6127186518085,-228.55689755411515,-47.028954558241665,0.3776400770477032,0.33020603343642785,0.06670607383494052,3.578208027619561e-05,4.247448095400521,7.693516314003142,nan,1.0771801151636367,nan
308.47,196.99627685546875,-228.60313415527344,-47.02440643310547,196.62157270356784,-228.5578915570169,-47.02997958259212,0.3774667589920836,0.3302523772497482,0.0667296518024632,3.649284520570209e-05,4.273376430732566,7.579414420467071,nan,nan,nan
308.48,197.00497436523438,-228.6038055419922,-47.025272369384766,196.63041739960676,-228.55888439972483,-47.033013324935084,0.3773204896578044,0.3302988072813233,0.06675329567137295,3.573997959286001e-05,5.099084324316429,8.701145492776288,nan,2.7762389858552496,nan
308.49,197.01368713378906,-228.60447692871094,-47.026123046875,196.63927171193728,-228.5598507006611,-47.03402487851148,0.3771483094137031,0.3303453237404651,0.06677700570313765,3.6450333847163135e-05,5.135320107895078,8.384157986243508,nan,nan,nan
308.5,197.0223846435547,-228.60513305664062,-47.02695846557617,196.6504545198066,-228.5505305472973,-47.03280746128761,0.37596231423998555,0.33028056019554874,0.06676810441779316,3.567898327897942e-05,3.836370238516836,7.220016989884575,12.491830883002642,2.8031430892728015,nan
308.51,197.03109741210938,-228.60577392578125,-47.027774810791016,196.65932977955924,-228.55143301957588,-47.03376387052171,0.37576585200841245,0.33032688207608435,0.06679179741575537,3.638810728542837e-05,3.8620671425095328,7.143440577834798,nan,nan,nan
308.52,197.039794921875,-228.6063995361328,-47.02857208251953,196.6682083168334,-228.55231888759312,-47.034018767197246,0.37554092715282694,0.3303732900973503,0.066815556517036,3.5641860195774934e-05,3.7072499870298046,7.2870199609856385,nan,0.3203030353531535,nan
308.53000000000003,197.0485076904297,-228.60702514648438,-47.02935791015625,196.67708369754152,-228.5531959315935,-47.034937916196014,0.3753458449698905,0.3304197844642394,0.06683938195366451,3.6350696887199575e-05,3.7297722229116825,6.885084182329395,nan,nan,nan
308.54,197.0572052001953,-228.6076202392578,-47.03012466430664,196.68597134690629,-228.55404680343702,-47.033120442123995,0.37509153754542995,0.3304663652619263,0.06686327378885179,3.560709160745204e-05,3.1240458170163716,6.650972920655103,nan,5.05092815151815,nan
308.55,197.06591796875,-228.60821533203125,-47.030879974365234,196.70241170417114,-228.55941968919836,-47.033977565370144,0.36677978981615655,0.3304015909946339,0.06685426387949243,3.629348156041394e-05,3.181415188816599,6.482573754160765,0.64231516887658,nan,nan
308.56,197.0746307373047,-228.60879516601562,-47.0316162109375,196.71129457262364,-228.56027340374104,-47.03564760414378,0.3665839359690306,0.33044797695380923,0.06687813785900332,3.5553265124178765e-05,3.3729340491871045,6.829857044542155,nan,0.46154436331825993,nan
308.57,197.0833282470703,-228.609375,-47.03234100341797,196.7201810532744,-228.56111158530905,-47.03649039482554,0.36636383419838103,0.3304944491760092,0.0669020783455964,3.62608045415649e-05,3.3885214041245546,6.9008755525774195,nan,nan,nan
308.58,197.092041015625,-228.60992431640625,-47.033050537109375,196.72907463922778,-228.5619312467931,-47.035702460586045,0.3661351633262636,0.3305410077507273,0.06692608542514063,3.5522959035191766e-05,3.1107510959017355,6.489981945946857,nan,1.7917986220055522,nan
308.59000000000003,197.10073852539062,-228.6104736328125,-47.03374481201172,196.73796142734116,-228.56274656184817,-47.03650245860152,0.36591351544694,0.33058765287643005,0.06695015929577701,3.623036292775573e-05,3.120860651041534,6.709581844065109,nan,nan,nan
308.6,197.1094512939453,-228.6110076904297,-47.034423828125,196.73065457923963,-228.55963149470207,-47.036705798518234,0.38227172527946474,0.330522867002556,0.06694103738941856,3.54734989610738e-05,3.243899934178791,6.353320998955345,3.2666316941042295,0.27789407114700937,nan
308.61,197.1181640625,-228.61154174804688,-47.035091400146484,196.7395107683687,-228.5604242151388,-47.03747453637275,0.3820955360448155,0.3305693170236985,0.06696509255664071,3.617993609577511e-05,3.25260622784585,6.240494107573455,nan,nan,nan
308.62,197.12686157226562,-228.61204528808594,-47.03574752807617,196.74837605546466,-228.56119872962887,-47.0361022251158,0.38188582684489725,0.33061585331833093,0.06698921450542657,3.5447318615381326e-05,3.0982741934632503,6.252925970018878,nan,3.116851615197865,nan
308.63,197.1355743408203,-228.612548828125,-47.0363883972168,196.7572328159488,-228.56197026046218,-47.03682495968711,0.381707599525745,0.330662476080739,0.06701340341701392,3.615371242815716e-05,3.098899884197496,6.126103797633687,nan,nan,nan
308.64,197.144287109375,-228.61305236816406,-47.037017822265625,196.77801221675108,-228.5626386724411,-47.03745369469828,0.3697283160212235,0.3237795119472628,0.0670372408657185,3.542259317131779e-05,4.015812206914223,6.960767821042811,nan,0.004988828528440185,0.02051115278214821
308.65000000000003,197.15298461914062,-228.613525390625,-47.03763198852539,196.79096462294333,-228.56030747297402,-47.038225476258894,0.36591115948202857,0.32370921671376035,0.06702803635767587,3.6106895773857925e-05,3.7085374717939517,7.271052754923057,4.602979642860135,nan,nan
308.66,197.1616973876953,-228.614013671875,-47.03823471069336,196.7999107506914,-228.56102332507663,-47.03778426220378,0.36564702989667064,0.32375057471797447,0.06705219955165,3.537903862730106e-05,3.7011103416709807,6.992480860541416,nan,0.8807274141698138,nan
308.67,197.17041015625,-228.61447143554688,-47.03882598876953,196.8087946234899,-228.5617332717102,-47.038449776788354,0.3654411703594675,0.3237920215958929,0.06707642352355138,3.608457219809437e-05,3.697137025702613,6.997857989517991,nan,nan,nan
308.68,197.17910766601562,-228.61492919921875,-47.039405822753906,196.81763440195292,-228.56243628882416,-47.03991426232722,0.36526522526055455,0.3238335487855974,0.06710070838949712,3.5358477135075105e-05,3.697317781131532,7.190047365535497,nan,0.4536342729230735,nan
308.69,197.1878204345703,-228.61537170410156,-47.039974212646484,196.82651834490846,-228.5631276650767,-47.04056631105969,0.3650602555581471,0.32387516499055075,0.06712505431993956,3.6064077772450446e-05,3.697310125104645,7.001528283577381,nan,nan,nan
308.7,197.196533203125,-228.61581420898438,-47.040531158447266,196.83548957364638,-228.56679239559975,-47.04164877453781,0.36435818865552455,0.3238049928458573,0.06711574300440741,3.5318473500908095e-05,3.9066641617939366,7.143279905781068,1.3444797024221333,0.12332413408342797,nan
308.71,197.2052459716797,-228.61624145507812,-47.04107666015625,196.84436513961586,-228.56747654812472,-47.04228463333009,0.3641626701083512,0.3238464379012599,0.06714006564473017,3.602329935045145e-05,3.9097137214336914,7.178890339351583,nan,nan,nan
308.72,197.2139434814453,-228.61676025390625,-47.04171371459961,196.85322520850767,-228.56820423486988,-47.0432603165518,0.3639749323694928,0.3238879634986196,0.06716444942012062,3.530126371351448e-05,3.9314343828695995,7.483487306173801,nan,0.061623014542353485,nan
308.73,197.22265625,-228.6173858642578,-47.04244613647461,196.8621010931123,-228.56902473963316,-47.044034156804415,0.36378749475736777,0.3239295777583367,0.06718889449210987,3.600622354263912e-05,3.9277989370009956,7.12557936441673,nan,nan,nan
308.74,197.2313690185547,-228.6180877685547,-47.04326629638672,196.87097366856995,-228.56993795714837,-47.04496757649729,0.3636015772560722,0.323971272990842,0.06721340098982842,3.528563140771182e-05,3.9348547242599086,7.32268956646616,nan,0.003140902355038857,nan
308.75,197.24008178710938,-228.61888122558594,-47.0441780090332,196.8616487142968,-228.56451799836694,-47.04595595639157,0.38232200063408334,0.3239012312096022,0.06720398019319702,3.596875506200628e-05,4.085887188594212,7.0246498297125,3.9843811834455987,nan,nan
308.76,197.248779296875,-228.61978149414062,-47.0451774597168,196.87055881523435,-228.56560262587706,-47.045645228639046,0.3820815375107425,0.3239427552949346,0.06722846277965228,3.5250367511380957e-05,3.9980697825995812,7.152801550443648,nan,1.2868026108492072,nan
308.77,197.2574920654297,-228.62075805664062,-47.046260833740234,196.87940005671328,-228.56677925662038,-47.04677000383068,0.38192608861010646,0.3239843676973867,0.06725300689230053,3.5954799500379436e-05,3.9941760590898743,7.171241199241992,nan,nan,nan
308.78000000000003,197.26620483398438,-228.621826171875,-47.04743576049805,196.888266218417,-228.56804354593672,-47.047481325570814,0.3817462115934966,0.32402606128898176,0.06727761266649936,3.523766822273126e-05,3.9819272599211892,6.964272737796245,nan,0.17522917411171746,nan
308.79,197.27491760253906,-228.6229705810547,-47.0486946105957,196.89710715279404,-228.5693959356924,-47.04877655367228,0.3815900749192811,0.3240678433495416,0.06730228025470837,3.594231025992713e-05,3.9776206956694042,7.090762400893898,nan,nan,nan
308.8,197.28363037109375,-228.62420654296875,-47.0500373840332,196.90008229375923,-228.56600903046416,-47.05018061973932,0.3879382664873362,0.3239979233161727,0.06729274725630478,3.520523311873899e-05,3.856809271071495,6.90826697367703,1.2587190406454096,0.010170770338630503,nan
308.81,197.29232788085938,-228.62551879882812,-47.05146789550781,196.90891948090646,-228.56750803432288,-47.051646409340044,0.3877722035166053,0.3240395339410226,0.0673173902926298,3.590923406778738e-05,3.851383564535875,6.928848720826047,nan,nan,nan
308.82,197.30104064941406,-228.6268310546875,-47.052978515625,196.91772042355026,-228.5690456026954,-47.053949667493754,0.38765254694656076,0.3240812259606504,0.06734209522181561,3.5195198859273894e-05,3.874274564380068,6.909125655663864,nan,0.3962037114247295,nan
308.83,197.30975341796875,-228.6281280517578,-47.054569244384766,196.9265574201628,-228.57058801827796,-47.05559028809004,0.3874933169973552,0.32412300611765865,0.06736686219232614,3.5899456733083764e-05,3.874746374101525,7.021311485901116,nan,nan,nan
308.84000000000003,197.31846618652344,-228.62942504882812,-47.056243896484375,196.935439722377,-228.57211946106145,-47.056346258121046,0.38728957267619896,0.32416486808812695,0.06739169134535868,3.518641579445937e-05,3.843605917386549,6.849725362725152,nan,0.6530561614802858,nan
308.85,197.32716369628906,-228.63070678710938,-47.0579948425293,196.94289242600212,-228.56927954129662,-47.058237537082285,0.3891500669365592,0.32409507555771455,0.06738204343290746,3.586898754272638e-05,3.6298268350152383,7.143567725159652,2.3094078512143423,nan,nan
308.86,197.33587646484375,-228.6319580078125,-47.0598258972168,196.9517626018715,-228.57075852031815,-47.059562703007046,0.38895874622923904,0.3241367660653448,0.067406847379877,3.515771294803796e-05,3.627567837191173,6.914925704733246,nan,0.2132477749288814,nan
308.87,197.34458923339844,-228.6331787109375,-47.061737060546875,196.96060707231197,-228.57221454582344,-47.061514050050704,0.3887916912620011,0.3241785443886487,0.06743171359262186,3.5861662045779134e-05,3.6247926539730178,6.852583066984028,nan,nan,nan
308.88,197.35330200195312,-228.63438415527344,-47.063697814941406,196.96946977955994,-228.57364663009918,-47.06312401817967,0.3886084805486188,0.32422040471404856,0.06745664221453021,3.515123043189607e-05,3.630048383240029,6.936589378224641,nan,0.11590454915405887,nan
308.89,197.36199951171875,-228.63555908203125,-47.0656623840332,196.97831382302144,-228.5750553044483,-47.06516610739703,0.3884271631894917,0.32426235302006245,0.06748163339086888,3.585548607316057e-05,3.624748300585288,7.20359356039415,nan,nan,nan
308.90000000000003,197.37071228027344,-228.63671875,-47.0676155090332,196.98846275127505,-228.56648910338413,-47.06794037354797,0.3886476697733196,0.3241926805999801,0.06747186783399932,3.512473058994549e-05,3.0415189510522485,6.5039598419879745,15.477206050083948,0.4991783128027377,nan
308.91,197.37942504882812,-228.63784790039062,-47.06953430175781,196.99733835401037,-228.56781659220576,-47.06996305980249,0.38845181209038426,0.3242344571513222,0.06749683313331388,3.582843382793785e-05,3.039846400852596,6.810683350232793,nan,nan,nan
308.92,197.38812255859375,-228.6389617919922,-47.07142639160156,197.00628874271354,-228.5691211740446,-47.07022482547804,0.3881703474327931,0.3242763158810498,0.06752186106424812,3.5120317436335893e-05,3.071251157355841,6.808807124935683,nan,2.1038013542589966,nan
308.93,197.39683532714844,-228.6400604248047,-47.073280334472656,197.015163817414,-228.5704034493482,-47.072168719325774,0.3879774107611843,0.3243182622859368,0.06754695177133008,3.5824358585614165e-05,3.0600577712862673,6.744383648167447,nan,nan,nan
308.94,197.40554809570312,-228.64112854003906,-47.07509994506836,197.0240220740588,-228.5716637961801,-47.07447347312513,0.3877987213726197,0.3243602912736816,0.06757210539904292,3.511687365539298e-05,3.032604665117973,6.6412467798302535,nan,0.10951170713216615,nan
308.95,197.41424560546875,-228.6421661376953,-47.076881408691406,197.02443133129438,-228.56711174052467,-47.076351229907786,0.39697432155528956,0.3242907433340007,0.06756221946287196,3.5799311330947954e-05,2.9463878817969786,6.769594566553835,0.9720041023475837,nan,nan
308.96,197.42295837402344,-228.6431884765625,-47.07862854003906,197.03337714771672,-228.5683169897075,-47.076272830048474,0.3967175579730269,0.3243326005090558,0.06758734652774324,3.5093241828078895e-05,3.0925248094355307,6.67112979817071,nan,2.59720507449655,nan
308.97,197.43167114257812,-228.64419555664062,-47.080345153808594,197.0422430123242,-228.56950103010206,-47.0780642452134,0.39653340776270396,0.32437454506495966,0.06761253658735093,3.579711508603842e-05,3.0753017627158754,6.485823346003348,nan,nan,nan
308.98,197.44036865234375,-228.6451873779297,-47.08202362060547,197.0511248092239,-228.57066510662645,-47.07942522570397,0.39632195243636625,0.3244165723612458,0.06763778978578716,3.5091557488148656e-05,3.1173177158727383,6.959303131796697,nan,0.11068091279403493,nan
308.99,197.44908142089844,-228.64614868164062,-47.08366775512695,197.0599904958723,-228.57180918906997,-47.08114639017709,0.39613692755732655,0.32445868721802046,0.06766310626814202,3.579579807020862e-05,3.098368513059801,6.728294398709284,nan,nan,nan
309.0,197.45777893066406,-228.6470947265625,-47.08528137207031,197.0751407943345,-228.5753014196345,-47.082136787281165,0.38932776770598165,0.3243892574597087,0.06765309721051425,3.5069598358678305e-05,3.167916809264247,7.097094452848421,0.55721150087858,0.40110033244091625,nan
309.01,197.46649169921875,-228.6480255126953,-47.08686447143555,197.0840180253705,-228.5764104378496,-47.08378759624009,0.3891327502191171,0.3244312002108831,0.0676783864293445,3.577334099387746e-05,3.146007929169979,6.799245885380417,nan,nan,nan
309.02,197.47520446777344,-228.64892578125,-47.08841323852539,197.0928714675962,-228.5775003380459,-47.086019137644534,0.38895481573114576,0.32447322584686744,0.06770373900126668,3.506947845633619e-05,3.0408024165488756,6.779916926727208,nan,0.2632470360417475,nan
309.03000000000003,197.48390197753906,-228.64981079101562,-47.08993148803711,197.10174852302524,-228.57857246782456,-47.08761460180666,0.3887435265695507,0.3245153387665485,0.06772915507262767,3.577360813087802e-05,3.0228956938905753,6.986725710393683,nan,nan,nan
309.04,197.49261474609375,-228.65069580078125,-47.0914192199707,197.11059313564098,-228.57962576441926,-47.090038303016456,0.3885786507942179,0.3245575349603311,0.06775463478570488,3.5070090170537996e-05,2.9221741686106983,6.763202778209117,nan,0.5174862671542412,nan
309.05,197.50131225585938,-228.65155029296875,-47.09288024902344,197.1075100764481,-228.57596296749455,-47.09170323169762,0.40099250074183707,0.32448822652122106,0.06774449986151317,3.575265196960217e-05,2.9650085097700347,6.634332014543624,2.1060016235635435,nan,nan
309.06,197.51002502441406,-228.6523895263672,-47.09430694580078,197.11635099428548,-228.5769751753254,-47.09361278756636,0.40083294300292466,0.3245302505201908,0.06776995159493619,3.5050274423915597e-05,2.9356247849971955,6.658589764797084,nan,0.10717598093138701,nan
309.07,197.51873779296875,-228.6531982421875,-47.09571075439453,197.1252063168444,-228.57797100950478,-47.09510826238869,0.4006576122255977,0.3245723615376611,0.0677954670399987,3.5754318429171333e-05,2.928323414302883,6.343085491700071,nan,nan,nan
309.08,197.52743530273438,-228.6540069580078,-47.097084045410156,197.1340434880486,-228.57894966292585,-47.097084697059124,0.40048809895827,0.3246145559543302,0.06782104633709385,3.505219337534182e-05,2.913270919819644,6.742578174927409,nan,0.18164364867206306,nan
309.09000000000003,197.53614807128906,-228.65480041503906,-47.098426818847656,197.14289909074125,-228.57991285474108,-47.09853181578301,0.400316023178728,0.3246568375844275,0.06784668963530693,3.575663889414574e-05,2.909000602369899,6.693922422691681,nan,nan,nan
309.1,197.5448455810547,-228.6555633544922,-47.09974670410156,197.16445519712548,-228.590106266063,-47.098276000323615,0.385983986171759,0.3245876451167494,0.06783642609154115,3.503361125455932e-05,3.1225649138713156,7.033887235071081,2.480276937728054,2.0310276743735085,nan
309.11,197.55355834960938,-228.6563262939453,-47.10103988647461,197.17332277182896,-228.59105952694875,-47.09965525001419,0.3857988630132462,0.3246297542592242,0.06786204068043958,3.5737588103628717e-05,3.110144834289358,6.880587600637888,nan,nan,nan
309.12,197.56227111816406,-228.65707397460938,-47.1023063659668,197.18220764393874,-228.59199834611246,-47.10050451968014,0.3855986624905905,0.3246719469128706,0.06788771932794385,3.5036676712257785e-05,3.144828156482158,6.980668794507545,nan,0.179746776974238,nan
309.13,197.5709686279297,-228.6577911376953,-47.10354995727539,197.19107526570633,-228.59292148041516,-47.10182953540668,0.3853958989771652,0.3247142265324303,0.06791346218545875,3.5741066350071246e-05,3.131044766887186,7.035867080496799,nan,nan,nan
309.14,197.57968139648438,-228.65850830078125,-47.104766845703125,197.19995453713466,-228.59383051511708,-47.102778890679225,0.38520079911027855,0.32475659003720064,0.06793926939000984,3.504027802101954e-05,3.156711272848484,6.991442600812647,nan,0.08714028780477244,nan
309.15000000000003,197.58837890625,-228.65921020507812,-47.10595703125,197.2167169039704,-228.5974545697467,-47.1039459835328,0.37676311755079567,0.3246875156069781,0.0679288744809262,3.572310427448712e-05,3.101533098496235,7.4176120474697225,1.2298365547439265,nan,nan
309.16,197.5970916748047,-228.65989685058594,-47.10712814331055,197.22555592144008,-228.59833582063854,-47.10654744408318,0.3766017971916576,0.32472970650429367,0.06795465223099144,3.502324603473965e-05,2.99368013892827,6.86015184732837,nan,1.290470545906791,nan
309.17,197.60580444335938,-228.6605682373047,-47.108272552490234,197.23443890766399,-228.5992058023739,-47.107787036584284,0.37640130877649064,0.3247719841313978,0.06798049439650994,3.572758979330561e-05,2.986454040030542,7.021475270467686,nan,nan,nan
309.18,197.614501953125,-228.66122436523438,-47.10939407348633,197.24334340373989,-228.6000636650306,-47.10832256425369,0.37616545317601113,0.32481434573675144,0.06800640111192317,3.50277858145386e-05,3.0081529805633487,7.265372455824097,nan,0.32794507392101097,nan
309.19,197.6232147216797,-228.661865234375,-47.110496520996094,197.25222631084614,-228.60090682355732,-47.10951169002123,0.3759644912944127,0.32485679428187897,0.06803237253239723,3.5732546237161124e-05,2.9984924376135376,6.8685470566781,nan,nan,nan
309.2,197.63192749023438,-228.66250610351562,-47.111572265625,197.26541248704356,-228.6028574226509,-47.11234849808662,0.3713378720649108,0.3247878333468524,0.06802184349724487,3.5011632727252354e-05,2.940122396528146,7.183258040631756,0.6605695334521813,2.1900008361524392,nan
309.21,197.640625,-228.66311645507812,-47.11262893676758,197.27430478271933,-228.6036754129393,-47.113511691107064,0.37111254133258825,0.3248301089921459,0.06804778470544316,3.571593599482474e-05,2.9405053333864104,7.24029550088636,nan,nan,nan
309.22,197.6493377685547,-228.66372680664062,-47.11366653442383,197.28321284056202,-228.6044820680587,-47.11412640089367,0.3708876021444367,0.32487246869613606,0.06807379066279481,3.501698164220483e-05,2.9202531192120813,6.927589411086977,nan,0.19683611053953692,nan
309.23,197.65805053710938,-228.66432189941406,-47.114681243896484,197.29210520464227,-228.6052751839954,-47.11524417513152,0.3706788608051047,0.32491491512075654,0.06809986152717995,3.5721707018877755e-05,2.918740707913928,7.020320698576153,nan,nan,nan
309.24,197.666748046875,-228.66490173339844,-47.11567687988281,197.30099673071382,-228.60605599631145,-47.11637157188967,0.3704555690550898,0.3249574459634868,0.06812599742909145,3.502270929297781e-05,2.9190859905794357,7.177586113309344,nan,0.0006002558648078372,nan
309.25,197.6754608154297,-228.6654815673828,-47.11664962768555,197.3224642879735,-228.62111905892175,-47.11740787694505,0.3557740230750726,0.32488859967732175,0.06811533152898724,3.570585683264113e-05,3.333104738753439,7.540702601774111,8.267157998967496,nan,nan
309.26,197.68417358398438,-228.66603088378906,-47.11760711669922,197.33137782332457,-228.62191576688443,-47.11771726313396,0.3555432525182768,0.324930957471015,0.06814143644563678,3.5007632831376107e-05,3.3143069637036127,7.307440551860831,nan,0.3974995569912267,nan
309.27,197.69287109375,-228.6665802001953,-47.1185417175293,197.3402703959676,-228.6226994420757,-47.118751341738374,0.3553207240678482,0.3249734017768859,0.06816760646776063,3.571232285262066e-05,3.3111514234696995,7.719277934797312,nan,nan,nan
309.28000000000003,197.7015838623047,-228.66712951660156,-47.11946105957031,197.34916799883138,-228.62347246130759,-47.11958310683992,0.3551096931936904,0.32501593056349504,0.06819384172312404,3.501400596924977e-05,3.3061062204543368,7.336965910598792,nan,0.023983653438388812,nan
309.29,197.71029663085938,-228.6676483154297,-47.120357513427734,197.35806050370425,-228.62423400778087,-47.12057983927304,0.35490159313624925,0.32505854608647655,0.06822014237358237,3.5719114857448044e-05,3.303824060632595,7.526560446793999,nan,nan,nan
309.3,197.718994140625,-228.6681671142578,-47.12124252319336,197.33575785121633,-228.604830807546,-47.12234642569119,0.38843630091476405,0.3249898105708239,0.0682093368446606,3.499952929383633e-05,3.091344209715273,6.766215447154806,10.991366552318077,0.4242201156249317,nan
309.31,197.7277069091797,-228.66867065429688,-47.12210464477539,197.34461369272213,-228.6055282421152,-47.12331702769828,0.3882638878189215,0.3250322527525021,0.06823560572486956,3.570418069908574e-05,3.093672100706453,6.7877328370209575,nan,nan,nan
309.32,197.73641967773438,-228.66917419433594,-47.12295150756836,197.35350852315915,-228.60621973517257,-47.12275433441829,0.388051871666579,0.3250747794658894,0.06826194003053689,3.500644646165093e-05,3.0491008570852154,6.6810168422728715,nan,1.6240522852706776,nan
309.33,197.74513244628906,-228.66966247558594,-47.123779296875,197.3623646790374,-228.60689732210932,-47.123677265104924,0.38787967019199376,0.3251173927228536,0.06828833992617023,3.5711518409756106e-05,3.0440074575328175,6.7677647482075445,nan,nan,nan
309.34000000000003,197.7538299560547,-228.67013549804688,-47.124595642089844,197.37126534915802,-228.60756995558495,-47.122805956910554,0.38765103963048475,0.3251600908574428,0.06831480553566951,3.501361971013485e-05,3.130811127623479,6.822840443778071,nan,2.2321775608839407,nan
309.35,197.76254272460938,-228.6706085205078,-47.12539291381836,197.39478013733995,-228.61552613861187,-47.12377215507461,0.37186827808961787,0.3250914665054667,0.06830385765187956,3.569708939403089e-05,3.1194333734533917,7.111580786163984,2.310441352651075,nan,nan
309.36,197.77125549316406,-228.6710662841797,-47.12617111206055,197.40366468614425,-228.6161887938515,-47.12440255607393,0.371668761319097,0.3251339911219025,0.06833029069152044,3.49998520348666e-05,3.1310250561033817,7.276350386080289,nan,0.03771986704745084,nan
309.37,197.77996826171875,-228.6715087890625,-47.12693786621094,197.41254391708733,-228.61684149431434,-47.125247054683115,0.37147277287377384,0.3251766020987712,0.06835678951242373,3.5704880266712674e-05,3.1178181539723653,7.057456164007367,nan,nan,nan
309.38,197.78868103027344,-228.6719512939453,-47.127689361572266,197.42143313105032,-228.6174863526193,-47.125655171894124,0.37127023479547266,0.32521929798802246,0.0683833542359862,3.500744453564005e-05,3.151592760786367,7.137346110423212,nan,0.1257260240807375,nan
309.39,197.79737854003906,-228.67237854003906,-47.128421783447266,197.43031262360273,-228.61812114891853,-47.12646700516402,0.37105939236001917,0.3252620804748354,0.06840998503036906,3.5712885660246374e-05,3.1359663729521627,7.532802262287774,nan,nan,nan
309.40000000000003,197.80609130859375,-228.6728057861328,-47.12914276123047,197.43822068968979,-228.61665581237042,-47.12808898071468,0.37213266755241753,0.325193563940245,0.06839889203032892,3.4994063355965504e-05,2.984844849610314,7.024605752446864,0.5578614063332514,0.5818877352230706,nan
309.41,197.81480407714844,-228.6732177734375,-47.129852294921875,197.44710276122746,-228.61726791919423,-47.1288807163024,0.37193492426078845,0.32523617261598137,0.0684254894436675,3.569903941064749e-05,2.975306695341533,6.871044905175885,nan,nan,nan
309.42,197.82351684570312,-228.67361450195312,-47.13054275512695,197.4559705111509,-228.61786959355655,-47.130328100284856,0.37174971275257757,0.32527886622838964,0.06845215294504049,3.500199768256436e-05,2.946244033797683,7.081105433613814,nan,0.3157447792060457,nan
309.43,197.8322296142578,-228.6740264892578,-47.131221771240234,197.46485312545556,-228.61846495933264,-47.13110064097025,0.3715542797557821,0.32532164626914567,0.06847888270491004,3.570738611201719e-05,2.94028416985595,7.067269629420103,nan,nan,nan
309.44,197.84092712402344,-228.67440795898438,-47.13188552856445,197.47373938881805,-228.6190525769253,-47.13169794126175,0.37133689070326276,0.3253645115804422,0.068505678841313,3.501009524418494e-05,2.936512106313934,7.294151429796402,nan,0.018682982440858482,nan
309.45,197.84963989257812,-228.67478942871094,-47.132537841796875,197.46669402985728,-228.6186007572309,-47.132328993569416,0.38704617837576805,0.325296102635497,0.06849443801669748,3.569385334234339e-05,3.266037052520312,6.804638263983676,7.107668229211077,nan,nan
309.46,197.8583526611328,-228.6751708984375,-47.133174896240234,197.47556229197536,-228.61918348723927,-47.131796370282736,0.38686555450981985,0.3253387939332377,0.0685211999469899,3.499714638037175e-05,3.3148824042040888,6.987631722563223,nan,1.1283164851602605,nan
309.47,197.8670654296875,-228.675537109375,-47.1338005065918,197.48440488405257,-228.61975467355927,-47.132503236477476,0.3867071970379022,0.32538157149852287,0.06854802831986813,3.570247177117536e-05,3.3038508685144516,6.902996661968997,nan,nan,nan
309.48,197.8757781982422,-228.67588806152344,-47.13441467285156,197.4932619076569,-228.62032075420254,-47.13247276560968,0.3865361680486956,0.32542443434431567,0.06857492325131152,3.500549404010205e-05,3.3609440151105305,6.899505254919376,nan,0.37177171664117836,nan
309.49,197.88449096679688,-228.67623901367188,-47.13501739501953,197.5021048531562,-228.62087754072533,-47.13314942904933,0.3863774344975363,0.32546738370618433,0.06860188491479169,3.571122178315689e-05,3.3470696979182,6.883507019378258,nan,nan,nan
309.5,197.89320373535156,-228.6765899658203,-47.13560485839844,197.48720974548428,-228.61347688877214,-47.13426277172288,0.410872463788326,0.32539907941828716,0.06859049351284781,3.499277405256501e-05,3.488372645711768,6.753270993636589,6.325007744051685,0.15956994005820577,nan
309.51,197.9019012451172,-228.6769256591797,-47.13618469238281,197.496007560835,-228.61401057358802,-47.13492162109383,0.41074272517507515,0.3254418544719743,0.06861742013388417,3.5698025303890035e-05,3.4777386698083586,6.699919528565042,nan,nan,nan
309.52,197.91061401367188,-228.67726135253906,-47.136749267578125,197.5048055767848,-228.6145374490754,-47.13556996527107,0.41062898858747954,0.32548471527781714,0.06864441350750104,3.641760800210049e-05,3.46740763973212,6.746556815697926,nan,nan,nan
309.53000000000003,197.91932678222656,-228.67758178710938,-47.13730239868164,197.51360382826152,-228.61505771105047,-47.13620794825942,0.41051379183026726,0.3255276619803158,0.06867147377819861,3.715166664739638e-05,3.4580457603769057,6.72492650982826,nan,nan,nan
309.54,197.92803955078125,-228.67800903320312,-47.1379508972168,197.5223844003386,-228.61561894497962,-47.137906526470026,0.4104249336455353,0.32557069425160257,0.06869860107352606,3.636880114279928e-05,3.419342401344715,6.632705071284187,nan,0.677845624135209,nan
309.55,197.93675231933594,-228.6785125732422,-47.13869094848633,197.5534130740608,-228.6276963762435,-47.138720796596466,0.3866927252178663,0.32550249389674896,0.06868705640780712,3.7077802523914725e-05,3.4451836288889512,6.9914629191391,4.499234719219176,nan,nan
309.56,197.94546508789062,-228.6791229248047,-47.13951873779297,197.5622725064715,-228.6284761086856,-47.13800502208337,0.3865280659575885,0.3255453516373004,0.06871414781138438,3.6298680517445526e-05,3.50208144939917,7.244724859693498,nan,1.6600516869886157,nan
309.57,197.9541778564453,-228.67982482910156,-47.140438079833984,197.5711051685239,-228.6293431418329,-47.13895573334686,0.3863874769346644,0.32558829563593233,0.06874130630549888,3.702925851301318e-05,3.4921396615568936,7.158479897185412,nan,nan,nan
309.58,197.962890625,-228.6806182861328,-47.14144515991211,197.57993641364524,-228.63030147055554,-47.14008651473513,0.3862480496273072,0.32563132519834764,0.06876853199975741,3.6252821187887754e-05,3.4775618109157493,7.230921656202746,nan,0.005324201064277432,nan
309.59000000000003,197.9716033935547,-228.68150329589844,-47.142539978027344,197.5887691509683,-228.63135074056515,-47.14121733855765,0.3861076086770706,0.3256744412740575,0.06879582507380692,3.698222642729707e-05,3.4677487687622413,7.24923933404689,nan,nan,nan
309.6,197.98031616210938,-228.68243408203125,-47.14372253417969,197.54692167401691,-228.60532623229582,-47.142574926530976,0.44020190799570874,0.3256063422037001,0.06878412440553726,3.618586856967473e-05,3.3582831305824414,6.489586858103042,23.604089044346768,0.004517399043657312,nan
309.61,197.98902893066406,-228.68338012695312,-47.144989013671875,197.55568014816987,-228.6064277719493,-47.143882761950664,0.44012959003309743,0.3256492834477658,0.0688113807273787,3.6913251414088574e-05,3.350814741776661,6.59322862081387,nan,nan,nan
309.62,197.99774169921875,-228.684326171875,-47.14634323120117,197.5644165317651,-228.60753145085087,-47.14674362976979,0.4400775957089043,0.3256923102416592,0.06883870442155095,3.6142975234987025e-05,3.3182101903875725,6.442919365580044,nan,1.4230081992322383,nan
309.63,198.00645446777344,-228.6852569580078,-47.14777755737305,197.57317495617446,-228.60863422348885,-47.148237426661694,0.44000271601022983,0.3257354234117729,0.068866095668646,3.6869323632241844e-05,3.316064263654494,6.636689163106097,nan,nan,nan
309.64,198.01516723632812,-228.68618774414062,-47.149295806884766,197.5819376204845,-228.609725820552,-47.149522646100834,0.4399254223830684,0.3257786224486724,0.06889355457688935,3.610154024917553e-05,3.307722074529634,6.6682501998129275,nan,0.05687159251316997,nan
309.65000000000003,198.0238800048828,-228.6870880126953,-47.15089416503906,197.58732609722514,-228.60959605205417,-47.15119294502708,0.44337840218561514,0.3257106236033787,0.06888169524725103,3.6803645073288595e-05,3.3349994495635342,6.686959628674217,0.12448158314828132,nan,nan
309.66,198.03257751464844,-228.68797302246094,-47.1525764465332,197.59877609529045,-228.60909555310937,-47.153530219516924,0.44091522574211406,0.32439853905908705,0.06846128817442947,3.603839123939372e-05,4.3912999892183,7.745406198982709,nan,0.23490937406875376,0.005403873333700043
309.67,198.04129028320312,-228.6888427734375,-47.15433883666992,197.60753021880817,-228.61013144766375,-47.155358260309264,0.4408449903237397,0.32443956606111585,0.06848629544062701,3.676192614069113e-05,4.389569740325192,7.612743965106614,nan,nan,nan
309.68,198.0500030517578,-228.689697265625,-47.15617752075195,197.61632045167545,-228.61113882856915,-47.15641927214816,0.44074038173350333,0.32448067482770504,0.06851136342383607,3.599994859030928e-05,4.358021737640236,7.756017493594465,nan,0.47872337616314065,nan
309.69,198.0587158203125,-228.69053649902344,-47.15809631347656,197.62507443307166,-228.6121405776192,-47.15839897378358,0.4406709257759617,0.3245218709780861,0.0685364928145134,3.672263373918331e-05,4.353851340964405,7.6936563279258845,nan,nan,nan
309.7,198.0674285888672,-228.6913604736328,-47.16006088256836,197.65061753559618,-228.62450894276444,-47.16133035317324,0.42214001571036397,0.3244488361786444,0.06852633421081177,3.594080188579823e-05,4.608230154698842,8.282098716532628,3.9059450089833243,0.4658205646152648,nan
309.71,198.07614135742188,-228.69216918945312,-47.16203308105469,197.65938659073893,-228.6255029365431,-47.16341284354471,0.4220554804460474,0.3244898622687309,0.06855143606179255,3.666179160908222e-05,4.610562474782899,8.145133243947612,nan,nan,nan
309.72,198.08485412597656,-228.6929473876953,-47.16399002075195,197.66823992555246,-228.62645384661096,-47.163413994652714,0.42188756180648607,0.3245309703347187,0.06857659888778335,3.590527942501389e-05,4.5640455750132665,7.952807894572091,nan,2.89002285517886,nan
309.73,198.09356689453125,-228.6937255859375,-47.165916442871094,197.67700861830247,-228.62741562811266,-47.16544970072282,0.4218033023219013,0.32457216545252654,0.0686018233341447,3.662553895412633e-05,4.555801191345867,8.146835357089094,nan,nan,nan
309.74,198.10226440429688,-228.69448852539062,-47.16781234741211,197.68580883808215,-228.62835148541635,-47.16665495181988,0.4216760442002145,0.3246134429651627,0.06862710905386943,3.587118238547396e-05,4.581705438551872,8.200256729579191,nan,0.43109530736679486,nan
309.75,198.11097717285156,-228.69522094726562,-47.169673919677734,197.71084925313852,-228.63458405659256,-47.168646850898654,0.4046977137502283,0.32454057600000785,0.06861683515312672,3.65678615250871e-05,4.404672991430663,8.07661166988417,3.6194958346351758,nan,nan
309.76,198.11968994140625,-228.69595336914062,-47.1714973449707,197.71964538102736,-228.635507058374,-47.17072069842351,0.4045862206673526,0.32458168346859206,0.06864209271922078,3.58165265686296e-05,4.387297910853159,8.245900901649502,nan,0.013596918250607949,nan
309.77,198.12840270996094,-228.69667053222656,-47.17328643798828,197.72844675572674,-228.63641367299076,-47.17261919951996,0.40447014675934734,0.32462287767607695,0.06866741211609034,3.653458410425968e-05,4.377308259418354,8.150454547188417,nan,nan,nan
309.78000000000003,198.13711547851562,-228.69735717773438,-47.17504119873047,197.73721448639705,-228.63731674397434,-47.17536817411036,0.4043831896807935,0.3246641544592579,0.06869279303917213,3.5785270790880886e-05,4.3638227893668144,8.026383032812907,nan,0.5284804741184875,nan
309.79,198.1458282470703,-228.6980438232422,-47.1767578125,197.74601513580296,-228.63819488440467,-47.17720712047157,0.4042680067713843,0.32470551815033394,0.06871823607316133,3.6502754018303535e-05,4.36114732053649,8.256792579946634,nan,nan,nan
309.8,198.15452575683594,-228.69871520996094,-47.178443908691406,197.72979155695612,-228.62929548275912,-47.17845234186404,0.43036988642729856,0.3246328132178589,0.06870784376438904,3.573354805583428e-05,4.5156006230001156,7.978315411580537,6.726646079660785,0.23516228378663628,nan
309.81,198.16323852539062,-228.69937133789062,-47.18009567260742,197.73854596713673,-228.6301325260201,-47.180219737852006,0.4302996601179974,0.3246740066281423,0.06873325799101906,3.644961190959531e-05,4.511339966114924,7.870009029232758,nan,nan,nan
309.82,198.1719512939453,-228.7000274658203,-47.18171310424805,197.7473704147962,-228.63093334190685,-47.179988292348675,0.43016961291390055,0.32471528277547723,0.0687587339919535,3.570505449681953e-05,4.588668176770758,8.085061283495735,nan,2.6222674072736454,nan
309.83,198.1806640625,-228.70065307617188,-47.18329620361328,197.75612469680513,-228.6317439094497,-47.18167246258529,0.4300985733734431,0.3247566455454455,0.06878427231215725,3.642064512468939e-05,4.573269595470813,8.103111325589254,nan,nan,nan
309.84000000000003,198.18936157226562,-228.70127868652344,-47.184852600097656,197.76483760020326,-228.63255528286967,-47.18451667317716,0.4300507201624682,0.3247980914476424,0.0688098727039954,3.56779019581421e-05,4.498248323329861,7.9717321905846,nan,0.9630299013695253,nan
309.85,198.1980743408203,-228.70187377929688,-47.18637466430664,197.80385553898105,-228.652372128926,-47.18624263981189,0.3973146039896944,0.3247255512196213,0.0687993597593885,3.6370439607595124e-05,4.786703549137843,8.52314152111897,10.368550339440137,nan,nan
309.86,198.206787109375,-228.7024688720703,-47.187870025634766,197.8126232499848,-228.65319241220516,-47.18843969469611,0.39723247861807864,0.32476682681652147,0.06882493069733393,3.563035395936485e-05,4.791129884442876,8.344788851065607,nan,0.23708286488770056,nan
309.87,198.2154998779297,-228.7030487060547,-47.1893310546875,197.8214106496385,-228.65399421344753,-47.19002353956979,0.3971311403496404,0.32480818876785733,0.06885056416046004,3.634423805016533e-05,4.791214560610743,8.584132282538167,nan,nan,nan
309.88,198.22421264648438,-228.70362854003906,-47.190765380859375,197.8302137426937,-228.65477906087798,-47.191093593561355,0.39701576231446933,0.32484963398534716,0.06887625993810415,3.560583534370791e-05,4.77624193865355,8.453160295905834,nan,0.16064052318415256,nan
309.89,198.23291015625,-228.70419311523438,-47.192169189453125,197.83900082024053,-228.65555792150397,-47.19261638394945,0.3969006765521248,0.3248911657489447,0.06890201852210773,3.631937535858066e-05,4.773666034764781,8.70320601114634,nan,nan,nan
309.90000000000003,198.2416229248047,-228.70474243164062,-47.193546295166016,197.82093057772656,-228.64612515021204,-47.192889437720105,0.42475695171931915,0.3248187854186602,0.06889138191173162,3.556097036199278e-05,4.977177173049291,8.279717184216006,8.023717386459596,1.1186487827882454,nan
309.91,198.25033569335938,-228.7052764892578,-47.19489669799805,197.82966734037575,-228.6468679116861,-47.19434655526936,0.42470428275793304,0.32486014664493473,0.06891711035939761,3.627331961420922e-05,4.969787236679935,8.23877928174492,nan,nan,nan
309.92,198.25904846191406,-228.70579528808594,-47.19622039794922,197.8383951927468,-228.64760274690335,-47.196067019147044,0.42465935552565004,0.324901591253881,0.06894290135971597,3.553898099080869e-05,4.958769004305597,8.201420010594944,nan,0.05731457616530326,nan
309.93,198.26776123046875,-228.70631408691406,-47.19751739501953,197.8471320360073,-228.64832403436108,-47.19747528798704,0.42460778042963376,0.32494312216525395,0.068968755370311,3.625106980666237e-05,4.954074436299342,8.238622442923674,nan,nan,nan
309.94,198.27645874023438,-228.70681762695312,-47.198787689208984,197.8558349845504,-228.64904651391757,-47.19999239064057,0.4245742534028648,0.3249847368334028,0.06899467222979468,3.551821434117985e-05,4.990611214180217,8.427261133760776,nan,0.8811802600480811,nan
309.95,198.28517150878906,-228.7073211669922,-47.20003128051758,197.82706393409657,-228.63672766170254,-47.201263362772636,0.463516462497719,0.324912517939642,0.0689839096230879,3.620766177099951e-05,5.35578196934664,8.332450124889741,17.32443461555766,nan,nan
309.96,198.29388427734375,-228.7078094482422,-47.20125198364258,197.83575942289073,-228.63739218352896,-47.20149389741163,0.46350515850372553,0.32495396200828397,0.06900979566812018,3.547711786223818e-05,5.3122136980821875,8.141811967527353,nan,0.8507687860915653,nan
309.97,198.30259704589844,-228.70828247070312,-47.202449798583984,197.84442260568372,-228.63805773260256,-47.20280279294089,0.46352503288644537,0.3249954921505957,0.06903574492489492,3.618790665340674e-05,5.311047587126856,8.05807238877773,nan,nan,nan
309.98,198.31129455566406,-228.708740234375,-47.20362091064453,197.85310535989382,-228.6387069184905,-47.20339235523425,0.46351057883497987,0.32503710614202297,0.06906175726350448,3.545872224651187e-05,5.305950225845323,8.261496888271996,nan,0.3334773253017472,nan
309.99,198.32000732421875,-228.70919799804688,-47.204769134521484,197.8617685140251,-228.63935341954678,-47.20464877399932,0.4635311066155131,0.3250788064187402,0.06908783309612758,3.616935493933477e-05,5.301582925480156,8.17713702619106,nan,nan,nan
310.0,198.32872009277344,-228.70965576171875,-47.205894470214844,197.8485629578041,-228.62719647737447,-47.20551364910721,0.48718636358303163,0.32500674494121295,0.06907694153688511,3.542001475679847e-05,5.170165892762648,8.058565229118933,4.585110636853321,0.09178083311134341,nan
310.01,198.33743286132812,-228.71009826660156,-47.207000732421875,197.85719848702476,-228.6277985783506,-47.206722463415986,0.48723543629583277,0.3250482743889564,0.06910298584483496,3.6129641689238217e-05,5.164335491689157,7.836324343755223,nan,nan,nan
310.02,198.3461456298828,-228.7105255126953,-47.20808029174805,197.8658238573773,-228.62839542062335,-47.20830463000634,0.48729293807137547,0.32508988776292835,0.06912909346287159,3.540387141537353e-05,5.160123354440797,8.051587960246106,nan,0.10740865079836714,nan
310.03000000000003,198.3548583984375,-228.71095275878906,-47.20914077758789,197.87445969280387,-228.62898006074136,-47.20947545036569,0.4873423351254827,0.32513158721467833,0.06915526477437621,3.6113410010857966e-05,5.1577137140109555,7.969665634402481,nan,nan,nan
310.04,198.36355590820312,-228.71136474609375,-47.21017837524414,197.8831119982722,-228.6295505913514,-47.20998382686529,0.4873601792873443,0.32517337094845833,0.06918149969109927,3.53888132491818e-05,5.151515802277222,8.078480414124062,nan,0.28471922325263904,nan
310.05,198.3722686767578,-228.71176147460938,-47.21119689941406,197.87752916569875,-228.62210961794656,-47.21113153451875,0.5027968212694097,0.3251014675039325,0.06917047676485692,3.6076024219771904e-05,5.090391525030964,7.838362782998215,1.884945550414517,nan,nan
310.06,198.3809814453125,-228.712158203125,-47.212196350097656,197.8861704721722,-228.62264521108807,-47.21125242595023,0.502843281625836,0.3251430803120299,0.06919667944831198,3.5353420590999384e-05,5.111563064303881,7.8258672644404434,nan,0.670006660107142,nan
310.07,198.3896942138672,-228.71255493164062,-47.213172912597656,197.89478753202795,-228.62318117152455,-47.21232858201896,0.5029125228312953,0.3251847790031466,0.06922294602220036,3.606198492030157e-05,5.101652680224184,8.045857963305682,nan,nan,nan
310.08,198.39840698242188,-228.7129364013672,-47.21413040161133,197.90340932634263,-228.6237075886477,-47.21319159012289,0.502976482462441,0.32522656203251155,0.06924927642445472,3.5340442053063056e-05,5.102802173137281,7.9783876087628975,nan,0.02620788261342934,nan
310.09000000000003,198.40711975097656,-228.7133026123047,-47.21506881713867,197.91202662572493,-228.6242278612573,-47.21422891165128,0.5030429597825663,0.325268431173698,0.06927567100049702,3.6049000115233344e-05,5.093869527129099,7.926526299751043,nan,nan,nan
310.1,198.4158172607422,-228.7136688232422,-47.21599197387695,197.91846072929962,-228.62376530627716,-47.21676036395241,0.5054174038896615,0.32519668234681814,0.069264513817456,3.530712545174187e-05,5.10047791780488,7.848341619412135,0.04464309561429205,1.5686434882024003,nan
310.11,198.42453002929688,-228.7140350341797,-47.21689224243164,197.92707458050688,-228.62426925165175,-47.21777730470454,0.5054904574558573,0.3252383803332068,0.06929087542314825,3.601482391111523e-05,5.101002619454904,8.08373661333768,nan,nan,nan
310.12,198.43324279785156,-228.71438598632812,-47.217777252197266,197.93569230987055,-228.6247646376812,-47.218607966113154,0.5055582699442757,0.3252801627009916,0.06931730107575176,3.529610275048268e-05,5.094799556580682,7.868339555249964,nan,0.019839272860025865,nan
310.13,198.44195556640625,-228.71473693847656,-47.21864318847656,197.9443063300522,-228.6252542691871,-47.21958913158904,0.5056310961118855,0.3253220310038394,0.06934379109702911,3.600384868538863e-05,5.095613298623423,7.983370132253324,nan,nan,nan
310.14,198.45066833496094,-228.71507263183594,-47.2194938659668,197.95288470467483,-228.6257497602319,-47.222226581496535,0.5057416195119522,0.3253639840283166,0.06937034545928135,3.528601995755044e-05,5.278427692732586,8.005561831446359,nan,1.9431746971415644,nan
310.15000000000003,198.45938110351562,-228.71539306640625,-47.2203254699707,197.9176378031282,-228.59779939527098,-47.22338247268716,0.5543675858772195,0.32529238969745905,0.06935905153942756,3.597167115015351e-05,4.924344130896531,8.024769930884665,22.99723863421806,nan,nan
310.16,198.4680938720703,-228.71572875976562,-47.22114181518555,197.92618518085698,-228.59821451712006,-47.22518949594571,0.5545187197531292,0.3253341714390264,0.06938557219341537,3.525555029845515e-05,5.123667402770614,8.359961841860773,nan,0.5068140806829073,nan
310.17,198.476806640625,-228.71604919433594,-47.22193908691406,197.93475014359254,-228.59861671833667,-47.22613608775231,0.5546469572714321,0.3253760389495393,0.06941215740840916,3.596257657821156e-05,5.143682397583107,8.41342714201883,nan,nan,nan
310.18,198.4855194091797,-228.7163543701172,-47.22272491455078,197.943306951269,-228.59901543456436,-47.22747889161406,0.5547840801682609,0.32541799120711795,0.06943880717795078,3.5247248201015055e-05,5.290508177931366,8.204198636771057,nan,0.11779680388715319,nan
310.19,198.49423217773438,-228.71665954589844,-47.22349166870117,197.95187182775538,-228.59940494328472,-47.228399536351795,0.5549121355929336,0.32546002947693725,0.06946552179288516,3.59543846133406e-05,5.314311207123424,8.442125062666747,nan,nan,nan
310.2,198.5029296875,-228.7169647216797,-47.2242431640625,197.97928659298813,-228.6145625420942,-47.22823071874481,0.5335767961654323,0.3253885866772042,0.06945408830596388,3.52185419202466e-05,5.424470609768648,8.465996699060057,6.3510288265796255,0.9173105943321727,nan
310.21,198.5116424560547,-228.71725463867188,-47.224979400634766,197.9878659507887,-228.61497379912882,-47.229112603852705,0.5336855637687201,0.32543045343320626,0.06948076844959539,3.592493123435901e-05,5.4443885441879365,8.355097886673164,nan,nan,nan
310.22,198.52035522460938,-228.71754455566406,-47.225704193115234,197.9965121356919,-228.61535465150038,-47.22632445366647,0.5337178496572403,0.3254724049506962,0.06950751335686434,3.52118985315006e-05,4.975265623831322,7.731250247596481,nan,9.322549919722094,nan
310.23,198.52906799316406,-228.7178192138672,-47.22641372680664,198.00509180740104,-228.615753890497,-47.227142199540374,0.5338247878788959,0.32551444232920795,0.06953432329967398,3.591843968010382e-05,4.9751139003358125,7.690360345844185,nan,nan,nan
310.24,198.53778076171875,-228.7180938720703,-47.227108001708984,198.01366692096042,-228.6161489618021,-47.228212680513245,0.5339375460850291,0.32555656479647643,0.06956119829918939,3.520605082228249e-05,4.990613513350208,7.810066237035037,nan,0.0494006522795001,nan
310.25,198.54649353027344,-228.71836853027344,-47.227787017822266,198.0446793094684,-228.62849890185544,-47.229046799285875,0.5097996168726492,0.3254852728246334,0.0695496227170537,3.589066470866359e-05,5.053466351810091,7.948008070563191,4.547193915602895,nan,nan
310.26,198.55520629882812,-228.71864318847656,-47.22845458984375,198.05326758851854,-228.62891270873786,-47.23125632162129,0.5099037924965296,0.32552722362156866,0.06957646247923877,3.517973430919849e-05,5.227392873272537,8.04699424177559,nan,1.4234359671248205,nan
310.27,198.5639190673828,-228.71890258789062,-47.22910690307617,198.06188007122884,-228.62931241889845,-47.232040220260494,0.5099785842454924,0.3255692601369603,0.06960336746447657,3.588574941185594e-05,5.23966357667928,8.060419423673988,nan,nan,nan
310.28000000000003,198.5726318359375,-228.71914672851562,-47.2297477722168,198.07050656318518,-228.62970162677644,-47.23195198606564,0.5100343854294729,0.3256113817408067,0.06963033771070357,3.517537650692813e-05,5.134244928977315,7.777890492748672,nan,0.5165833666042666,nan
310.29,198.5813446044922,-228.7194061279297,-47.230377197265625,198.0791195209458,-228.63009077860667,-47.2327028438953,0.510110453529546,0.32565358931836913,0.06965737346531939,3.588158962682907e-05,5.141774971767495,7.856430114689614,nan,nan,nan
310.3,198.59005737304688,-228.7196502685547,-47.23099136352539,198.0681211550964,-228.62300430369754,-47.234723133367055,0.530821800831276,0.3255824455315167,0.06964565301119785,3.5150524958536216e-05,5.534864379316689,8.285879898070352,3.98919890865327,1.1829291100600619,nan
310.31,198.59877014160156,-228.7198944091797,-47.23159408569336,198.0766984597011,-228.62337308150884,-47.235463335463734,0.5309333092126535,0.3256244812040508,0.06967265274038792,3.585607507997643e-05,5.551745415176857,8.282612143934529,nan,nan,nan
310.32,198.60748291015625,-228.72012329101562,-47.23218536376953,198.08528059522592,-228.62373527720712,-47.235874526922856,0.5310362669811842,0.32566660195562624,0.06969971793050382,3.5147541793362406e-05,5.517598909983081,8.117241661051127,nan,0.07071716269884551,nan
310.33,198.61619567871094,-228.72035217285156,-47.232765197753906,198.09385824821885,-228.6240946912388,-47.23658948365075,0.5311464197583617,0.3257088085503758,0.06972684881420829,3.5853321560373574e-05,5.534145088732261,8.138837217584774,nan,nan,nan
310.34000000000003,198.62490844726562,-228.7205810546875,-47.23332977294922,198.10243522052204,-228.62445003049268,-47.237351977198465,0.5312585289702382,0.3257511005408767,0.06975404545100963,3.514521745986661e-05,5.5821042122559765,8.4050832371763,nan,0.0023611312961220204,nan
310.35,198.6336212158203,-228.72079467773438,-47.23388671875,198.10179494264867,-228.61896765833328,-47.23789046532895,0.5415015759002207,0.3256801037854877,0.06974217756478941,3.582918578827268e-05,5.49985310659329,7.99624298093539,1.9887666458558608,nan,nan
310.36,198.642333984375,-228.7210235595703,-47.234432220458984,198.1103552760643,-228.6193043842918,-47.23907290846217,0.5416361072716681,0.32572222368885273,0.06976933738326088,3.512232697106103e-05,5.660499407046529,8.336695431381663,nan,0.1761329557679069,nan
310.37,198.6510467529297,-228.72132873535156,-47.235069274902344,198.11892262644133,-228.61968457370102,-47.239801112090035,0.5417656429414911,0.3257644293116866,0.06979656307779356,3.5827723342947715e-05,5.665319426382641,8.243540404906096,nan,nan,nan
310.38,198.65975952148438,-228.72174072265625,-47.235801696777344,198.1274817407487,-228.62016410357998,-47.2412809210403,0.5419109403826361,0.3258067203088592,0.06982385472074097,3.512122096667866e-05,5.887571564981624,8.394324657907227,nan,0.30371601444867885,nan
310.39,198.66847229003906,-228.7222442626953,-47.23662185668945,198.1360493346308,-228.62073294712275,-47.242201455870585,0.5420423254340627,0.32584909729041434,0.06985121252593095,3.582687954849755e-05,5.894169352104067,8.570692767622857,nan,nan,nan
310.40000000000003,198.6772003173828,-228.7227783203125,-47.23752975463867,198.14134382901005,-228.62015143242667,-47.24318779192087,0.5456248414746179,0.3257782451413943,0.06983919447929288,3.5099520887304613e-05,5.96797593795718,8.731968004293309,0.8399824424362947,0.016765133246855107,nan
310.41,198.6859130859375,-228.72332763671875,-47.238529205322266,198.14990557039053,-228.62080976816927,-47.24429077135783,0.5457537592522353,0.3258204497955442,0.06986651465390319,3.580457720402712e-05,5.978296306128854,8.61798113823354,nan,nan,nan
310.42,198.6946258544922,-228.723876953125,-47.23961639404297,198.15846731087115,-228.6214758106566,-47.24548284377041,0.5458812994681872,0.32586273998537574,0.0698939009972516,3.652394252966509e-05,5.989138802062962,8.602558894564398,nan,nan,nan
310.43,198.70333862304688,-228.72442626953125,-47.240787506103516,198.1670289930404,-228.6221401714124,-47.24676282297849,0.546009312665843,0.325905115855389,0.06992135365383831,3.7257761364418525e-05,6.000774046198304,8.77862182481566,nan,nan,nan
310.44,198.71205139160156,-228.7249755859375,-47.24204635620117,198.17560825472682,-228.62279134129844,-47.24651746297833,0.5461069947805804,0.3259475773648805,0.0699488727391036,3.646624210191068e-05,5.585872889019734,8.330313295438106,nan,1.688218364775619,nan
310.45,198.72076416015625,-228.7255096435547,-47.24338912963867,198.2100854268706,-228.6341092621974,-47.247791335574625,0.5188122760301697,0.3258768683269316,0.06993670195455413,3.717491156918995e-05,5.425042506012852,8.022459563080407,7.584996972362797,nan,nan
310.46,198.72947692871094,-228.7260284423828,-47.24481964111328,198.21869116655913,-228.63476608295073,-47.24941244541607,0.5188949864061912,0.3259191573054024,0.06996418259092949,3.638775924210108e-05,5.479121818604815,7.863297890359114,nan,0.0067734922361948145,nan
310.47,198.73818969726562,-228.72653198242188,-47.2463264465332,198.22729788452193,-228.63541231756201,-47.25101713374656,0.5189751826429123,0.32596153205775685,0.06999172974876598,3.711788070766534e-05,5.48817392355819,8.166827729043744,nan,nan,nan
310.48,198.7469024658203,-228.72703552246094,-47.247920989990234,198.23592168271892,-228.6360414743826,-47.25095779508293,0.5190284189423159,0.32600399241410594,0.0700193435223969,3.6333999423410695e-05,5.144575472188452,7.625876582399916,nan,1.9978217110429781,nan
310.49,198.755615234375,-228.72752380371094,-47.24959182739258,198.2445282195951,-228.63666764059496,-47.2527112023308,0.5191093425789792,0.326046538815466,0.07004702410421285,3.7062856649541456e-05,5.148945085882524,7.837863629081851,nan,nan,nan
310.5,198.7643280029297,-228.72801208496094,-47.251346588134766,198.23109374694002,-228.63731240433907,-47.254215629856915,0.5409005779495597,0.32597597058813094,0.07003469789652414,3.625964932005599e-05,5.796128870752351,8.250760672936183,15.482043159892477,0.04687941587704802,nan
310.51,198.77304077148438,-228.72848510742188,-47.253177642822266,198.23964001955486,-228.6379332534815,-47.25612721705664,0.5410403870314874,0.3260183442095743,0.07006233919372955,3.6986405593840775e-05,5.801000502926484,8.371465300725095,nan,nan,nan
310.52,198.78175354003906,-228.72894287109375,-47.25508499145508,198.2481877199876,-228.63854397478528,-47.25792371550462,0.5411769610166306,0.32606080339306576,0.07009004728971617,3.620977021098825e-05,5.7853391034523,8.423917326533084,nan,0.024998652532798493,nan
310.53000000000003,198.79046630859375,-228.72940063476562,-47.25704574584961,198.25673354959986,-228.63914612417784,-47.259978337705085,0.5413179609062159,0.32610334851733364,0.0701178223681547,3.693542152763245e-05,5.792035364114193,8.344079672378324,nan,nan,nan
310.54,198.79917907714844,-228.72984313964844,-47.25901412963867,198.26528848872906,-228.63973516825845,-47.260940482871355,0.5414446580654289,0.32614597950646307,0.07014566453623815,3.6161776593656794e-05,5.658561384162605,8.068156461477718,nan,0.8308657227617829,nan
310.55,198.80789184570312,-228.73028564453125,-47.260963439941406,198.2825721353554,-228.64499619037161,-47.263078962579186,0.5322025596581653,0.3260755503586617,0.07013318032720815,3.686317193651746e-05,5.704713397837371,8.296968610722978,0.893619231653879,nan,nan
310.56,198.8166046142578,-228.730712890625,-47.26288604736328,198.2911235588638,-228.64558287579476,-47.265988600252705,0.5323411357742625,0.32611800834295995,0.07016098236792934,3.609338998120134e-05,5.846612885357302,8.35007504898168,nan,0.49148669775690007,nan
310.57,198.8253173828125,-228.7311248779297,-47.264774322509766,198.2996814179396,-228.6461581447079,-47.26801698579678,0.5324688048960523,0.3261605521680726,0.07018885156252319,3.681613583410971e-05,5.862546924347084,8.400796378857024,nan,nan,nan
310.58,198.8340301513672,-228.73153686523438,-47.26662826538086,198.30822698585493,-228.64673014219463,-47.27166326245603,0.5326222867389219,0.3262031818079696,0.07021678802543656,3.604916096351011e-05,6.276662009014462,8.830617850169812,nan,1.8109803196887468,nan
310.59000000000003,198.84274291992188,-228.73193359375,-47.26844787597656,198.31678434638278,-228.6472888646431,-47.27364125672772,0.5327514640510093,0.3262458975662022,0.07024479192962943,3.67710118412034e-05,6.303835939984338,8.719177983411889,nan,nan,nan
310.6,198.85145568847656,-228.73233032226562,-47.27022933959961,198.3039170481682,-228.64004855928073,-47.27628682137324,0.5552937776490766,0.3261756052653898,0.07023214707480863,3.598465721680827e-05,6.78198019313443,9.469056478529135,4.989915368465686,0.2698885920111438,nan
310.61,198.86016845703125,-228.7327117919922,-47.271976470947266,198.31243478339832,-228.64058100341995,-47.27820329596485,0.5554628995569103,0.32621814776214847,0.07026010999369178,3.670477722889251e-05,6.815890552537748,9.364168495109475,nan,nan,nan
310.62,198.86888122558594,-228.73309326171875,-47.27368927001953,198.32095183678427,-228.6411059632617,-47.28019810298249,0.5556353508340954,0.3262607760186812,0.07028814035561584,3.5944084212771874e-05,6.9348883315848,9.494750078320727,nan,0.008435993048895238,nan
310.63,198.87759399414062,-228.7334747314453,-47.27537155151367,198.32946955353665,-228.6416231272611,-47.28204836142433,0.5558072501948943,0.3263034902993099,0.07031623832758561,3.666344342443074e-05,6.968405952748281,9.381123805802593,nan,nan,nan
310.64,198.8863067626953,-228.73382568359375,-47.277015686035156,198.3228759518875,-228.6254069073242,-47.283397170972215,0.5738027822913787,0.3230919185780739,0.06635935540855516,3.590444370694172e-05,7.755460033176677,10.195667635178854,nan,0.15205739098149076,0.07019203204070736
310.65000000000003,198.89501953125,-228.73419189453125,-47.278629302978516,198.35313967323148,-228.629518801631,-47.2853942398866,0.551938403515141,0.32302957996443976,0.06635185805147825,3.660023923632577e-05,7.3319371497486925,9.931617221573978,12.218604645470538,nan,nan
310.66,198.9037322998047,-228.7345428466797,-47.280208587646484,198.3617456358557,-228.6300352955855,-47.28802650998658,0.5520258074075685,0.323074749361477,0.06637211873711625,3.584549512267097e-05,7.780797315341723,10.38086537834814,nan,0.519180272945957,nan
310.67,198.91244506835938,-228.73487854003906,-47.28175735473633,198.3703168130897,-228.63049882611028,-47.28975804461274,0.552143261192336,0.3231200059873344,0.06639244351086189,3.656259448067705e-05,7.82119957924793,10.268725792920586,nan,nan,nan
310.68,198.92115783691406,-228.73521423339844,-47.28327560424805,198.3787874246127,-228.6308237042395,-47.28889761046445,0.5523537396197462,0.3231653453645725,0.06641282451461472,3.5810199673004555e-05,6.947320910705089,9.40278152785737,nan,4.42287062765741,nan
310.69,198.92987060546875,-228.7355499267578,-47.284767150878906,198.38735848076095,-228.63127341842073,-47.29054416473181,0.5524729581934298,0.32321077220838834,0.06643326974304474,3.652671308001883e-05,6.972045361266316,9.302980608669406,nan,nan,nan
310.7,198.93856811523438,-228.73587036132812,-47.286224365234375,198.42625568717713,-228.65935277698838,-47.29294613680438,0.518038750353809,0.3231484059420085,0.06642572172672737,3.5754792424897866e-05,8.369620697268124,10.609271435857499,38.47773004088069,0.3615611201227674,nan
310.71,198.94728088378906,-228.73617553710938,-47.287654876708984,198.43485084473966,-228.65986819318508,-47.294543499404156,0.518126247916078,0.3231936436274877,0.06644616273054135,3.646988190824891e-05,8.404903968415262,10.429717651189485,nan,nan,nan
310.72,198.95599365234375,-228.7364959716797,-47.28905487060547,198.4433622064977,-228.6602693666742,-47.293933261844415,0.518290742037654,0.32323896410747716,0.06646666052046976,3.5722836503456375e-05,7.7658737908745366,9.941091666346363,nan,3.2180101386792077,nan
310.73,198.96470642089844,-228.73678588867188,-47.290428161621094,198.45195722957342,-228.66077209961207,-47.29545390455428,0.5183773600609058,0.3232843718762807,0.06648722247001657,3.6437450697058555e-05,7.7907556785177885,9.78622719549571,nan,nan,nan
310.74,198.97341918945312,-228.73709106445312,-47.291770935058594,198.46045608561042,-228.66114547743487,-47.29440968149192,0.518561318528707,0.32332986278138226,0.06650784163789787,3.569248882932767e-05,7.288687719340656,9.477599719401585,nan,4.370009598887756,nan
310.75,198.9821319580078,-228.7373809814453,-47.2930908203125,198.48682452572575,-228.66374926455018,-47.295966019829116,0.5007587732422013,0.3232674729791622,0.06650024736534163,3.638411331668182e-05,6.8046896962177,8.929825508028149,8.36369117379779,nan,nan
310.76,198.9908447265625,-228.7376708984375,-47.29438400268555,198.4953881728285,-228.6641333825882,-47.29546726090446,0.5008853524746095,0.3233127745609133,0.0665208619157901,3.5642058266158474e-05,6.605412909402756,8.761283145249866,nan,2.502501086388262,nan
310.77,198.9995574951172,-228.73794555664062,-47.295650482177734,198.50402379587476,-228.66460312896365,-47.296842126835735,0.5009333077360996,0.3233581632519614,0.06654154057192008,3.6354975910540616e-05,6.607277676427216,8.753201351107752,nan,nan,nan
310.78000000000003,199.00827026367188,-228.73822021484375,-47.29689025878906,198.51267754435483,-228.6650900603858,-47.298678596131516,0.5009624348008107,0.3234036351231474,0.06656227697707531,3.561483838136974e-05,6.653256534884337,8.893341998567854,nan,0.1610750672603072,nan
310.79,199.01698303222656,-228.73849487304688,-47.2981071472168,198.52131340782185,-228.66554881316648,-47.30000970193526,0.5010120995784826,0.32344919433933106,0.06658307764087942,3.632742129745645e-05,6.657863709780419,8.8389546241057,nan,nan,nan
310.8,199.02569580078125,-228.73875427246094,-47.29930114746094,198.5311331364407,-228.6644978136028,-47.29856601026123,0.500106779666579,0.32338677644784725,0.06657542713809413,3.556755729927891e-05,6.422752823431891,8.51681717432215,0.5450104037175514,5.191016107720382,nan
310.81,199.03440856933594,-228.739013671875,-47.30046844482422,198.5397745434548,-228.66493883517222,-47.299823212852885,0.5001502947277194,0.3234321460538172,0.06659622246663303,3.627896368941715e-05,6.413717866734837,8.676034157194355,nan,nan,nan
310.82,199.04312133789062,-228.7392578125,-47.301612854003906,198.54835703613904,-228.66530151598712,-47.29941735760608,0.5002659975313822,0.3234775988827721,0.0666170760559413,3.554330925058255e-05,6.533291521832828,8.723669036052264,nan,1.841249790652329,nan
310.83,199.0518341064453,-228.73951721191406,-47.302738189697266,198.5569990328267,-228.6657321277594,-47.30061346727388,0.5003104068198337,0.32352313887630985,0.06663799386836035,3.625447039260938e-05,6.515971353097944,8.677443033520106,nan,nan,nan
310.84000000000003,199.06053161621094,-228.73976135253906,-47.303836822509766,198.5656436897342,-228.66616054717596,-47.30185548804025,0.5003349518161008,0.3235687624350287,0.06665897035660108,3.5520487624304344e-05,6.495909463047461,8.891992201520361,nan,0.003118169871485756,nan
310.85,199.06924438476562,-228.739990234375,-47.30491638183594,198.54814930806768,-228.6489553237771,-47.30300948438968,0.5289906144387408,0.32350631997010615,0.06665126652222501,3.6209081851282356e-05,6.1103793184181505,8.300385230678982,11.191615131255837,nan,nan
310.86,199.0779571533203,-228.74021911621094,-47.305973052978516,198.556710619579,-228.64926975670073,-47.30276900735336,0.5291313644464954,0.3235517537432672,0.06667223722311766,3.547758245876237e-05,6.293328978021433,8.600158779511373,nan,1.2964175797354944,nan
310.87,199.086669921875,-228.74044799804688,-47.3070068359375,198.56532008490305,-228.6496382143923,-47.30386850191218,0.5292087664225952,0.32359727450085346,0.06669327212321396,3.6187482727833256e-05,6.269761417207013,8.722567542718934,nan,nan,nan
310.88,199.0953826904297,-228.7406768798828,-47.308021545410156,198.57389333303232,-228.649958418291,-47.3039012272122,0.5293372896125512,0.32364287886421633,0.06671436618473096,3.545750424995707e-05,6.469661131080079,8.91324910075225,nan,0.7537555602187265,nan
310.89,199.10409545898438,-228.74090576171875,-47.309017181396484,198.58250264290723,-228.65031804116902,-47.304951102343544,0.5294164087904233,0.3236885704482646,0.0667355246157781,3.616727019810873e-05,6.440915995385033,8.889621999456086,nan,nan,nan
310.90000000000003,199.11280822753906,-228.74111938476562,-47.30998992919922,198.6057266798264,-228.6443293967322,-47.30714313650735,0.5162442271278279,0.3236260993586249,0.06672775877984924,3.541733593037217e-05,5.269487268956954,8.193094385695167,23.59544790837055,0.8030201642132668,nan
310.91,199.12152099609375,-228.74131774902344,-47.31094741821289,198.6143824972739,-228.64464185663698,-47.30816757271736,0.5162784255563461,0.32367160086250135,0.06674891068760473,3.6126121016618526e-05,5.247201329017688,7.870197631157212,nan,nan,nan
310.92,199.13023376464844,-228.7415313720703,-47.31188201904297,198.62308479705843,-228.6450052241564,-47.31055593508384,0.5162549089910741,0.32371718601007826,0.06677012222340259,3.539983971488771e-05,5.0742919361921945,8.120975682146527,nan,1.3181188652569173,nan
310.93,199.13894653320312,-228.74172973632812,-47.312801361083984,198.63174093355235,-228.64530942379147,-47.3115579965539,0.5162905605781706,0.3237628581999266,0.06679139812352036,3.610856133289635e-05,5.059498404794698,7.832781712099977,nan,nan,nan
310.94,199.1476593017578,-228.74192810058594,-47.31370162963867,198.6404182669505,-228.6456343470077,-47.31318102467327,0.5163005184968529,0.3238086143738723,0.06681273404918829,3.538357933634315e-05,5.016130009095046,7.880010492539817,nan,0.28146958095491154,nan
310.95,199.1563720703125,-228.74212646484375,-47.31458282470703,198.62703855394642,-228.6327281802675,-47.31418735905293,0.5405202240525239,0.32374611758278576,0.06680490779859823,3.6070048591039e-05,4.856582861142722,7.9425305012518645,6.020070086437189,nan,nan
310.96,199.1650848388672,-228.74232482910156,-47.31544494628906,198.63569457398597,-228.6330266236862,-47.31608515814642,0.5405557881747691,0.3237916834892353,0.06682623669106952,3.534717198011855e-05,4.854877503786559,8.076272280266528,nan,0.6119808508012666,nan
310.97,199.17379760742188,-228.7425079345703,-47.31629180908203,198.64432023619773,-228.63328543802442,-47.31703540845121,0.54062592735659,0.32383733626127775,0.0668476299540749,3.605497382872209e-05,4.850384722629562,7.818539712694205,nan,nan,nan
310.98,199.18251037597656,-228.74269104003906,-47.31711959838867,198.65285761298435,-228.63343815389112,-47.31520283678323,0.5408067274470553,0.3238830730509203,0.06686908368344391,3.5333263077815136e-05,4.930555014088667,8.065655458333366,nan,5.302067332744886,nan
310.99,199.19122314453125,-228.7428741455078,-47.317935943603516,198.66148339241454,-228.63368941320678,-47.31609395864245,0.5408779008694287,0.323928896944924,0.0668906019710707,3.6041086620343266e-05,4.91198404032311,7.8623215218834455,nan,nan,nan
311.0,199.19993591308594,-228.7430419921875,-47.318729400634766,198.69466609854615,-228.6456395670356,-47.31868076151096,0.5145724635814728,0.3238663708913783,0.06688270776342181,3.5299182389662884e-05,4.793554636037345,7.943871471108505,5.7191015289353535,1.9180110888681763,nan
311.01,199.20864868164062,-228.7432098388672,-47.31951141357422,198.70333149585363,-228.64590471123236,-47.31955887642413,0.5146005716751955,0.3239120042176877,0.06690421826463268,3.600617603470223e-05,4.785332369655984,7.7745199241983824,nan,nan,nan
311.02,199.2173614501953,-228.74339294433594,-47.32027816772461,198.71195472550787,-228.6461181283337,-47.31905195460734,0.5146842243416525,0.3239577215912481,0.06692578965462978,3.528746641150673e-05,4.818462839566268,8.05313367291225,nan,1.304261347467353,nan
311.03000000000003,199.22607421875,-228.74354553222656,-47.32102584838867,198.72062033433212,-228.64637606524832,-47.31988760940193,0.5147104333253267,0.324003525896119,0.06694742562714238,3.599453662907455e-05,4.804122078000644,7.903183663857946,nan,nan,nan
311.04,199.2347869873047,-228.74371337890625,-47.32176208496094,198.72932581487228,-228.64667557457105,-47.322021812785266,0.5146915578921815,0.3240494145852569,0.06696912286882305,3.5276797651804144e-05,4.761140943418958,7.916471238093697,nan,1.197303777168297,nan
311.05,199.24349975585938,-228.74386596679688,-47.32248306274414,198.72459215674255,-228.645651957309,-47.32287123561644,0.5281204775039998,0.3239868616285821,0.06696116117182986,3.596184261582061e-05,5.104003277155361,7.984659830990408,4.18477202859247,nan,nan
311.06,199.25221252441406,-228.74403381347656,-47.32318878173828,198.7332152913216,-228.6458935994251,-47.32324828991879,0.5281946924315946,0.32403255954968413,0.06698285006155774,3.524587907828639e-05,5.091180788383939,8.2498985929914,nan,0.1291739932463459,nan
311.07,199.26092529296875,-228.7441864013672,-47.323883056640625,198.74185147342158,-228.64614651970228,-47.32403884676979,0.5282513348839967,0.32407834423178816,0.06700460356873411,3.595228967379035e-05,5.083809462528937,7.984455464464421,nan,nan,nan
311.08,199.2696533203125,-228.74432373046875,-47.32455825805664,198.75041255968085,-228.6463127305674,-47.322238210577545,0.5284150889436267,0.32412421332192004,0.06702641874283842,3.523718143812182e-05,5.229194264836386,8.200872598203249,nan,4.630776232107556,nan
311.09000000000003,199.2783660888672,-228.74447631835938,-47.325225830078125,198.75904909499477,-228.6465591825936,-47.32297802755807,0.5284722870855516,0.32417016941568294,0.06704829873883895,3.594373191696824e-05,5.208604718960267,8.195745403238657,nan,nan,nan
311.1,199.28707885742188,-228.74462890625,-47.32587432861328,198.78616812995398,-228.65425433070536,-47.323703154104784,0.5090027846643261,0.3241075864561512,0.0670402629647236,3.520819884029566e-05,5.0998832451897895,8.475166042550345,3.2751294624419187,0.0011041611884371832,nan
311.11,199.29579162597656,-228.74476623535156,-47.326515197753906,198.7948372197207,-228.65450575440997,-47.324418272473395,0.5090252141717528,0.32415335147766944,0.06706213383844169,3.591403268135244e-05,5.080470373671057,8.061041276403397,nan,nan,nan
311.12,199.30450439453125,-228.74490356445312,-47.32714080810547,198.8035203266818,-228.65476939496924,-47.325614235081545,0.5090299943743379,0.3241992009263757,0.06708406675949669,3.520132266127094e-05,5.016089277380232,8.164475149414027,nan,0.1694318653611802,nan
311.13,199.31321716308594,-228.7450408935547,-47.327754974365234,198.81218956134225,-228.65501506897428,-47.32631067772487,0.5090534282304736,0.32424513721325754,0.06710606455406543,3.590733789674344e-05,4.999651370640788,8.143856555614427,nan,nan,nan
311.14,199.32192993164062,-228.7451629638672,-47.32835388183594,198.82087712809175,-228.65527768425477,-47.32766108259811,0.5090518199613594,0.32429115825992744,0.06712812476024005,3.519531485187237e-05,4.94765287427194,8.098153657150975,nan,0.30919375162685475,nan
311.15000000000003,199.3306427001953,-228.74530029296875,-47.32894515991211,198.80595087351784,-228.64557208649947,-47.32831979505214,0.5340857789053421,0.3242285471355511,0.0671200144426814,3.5879462827823396e-05,5.049337938783584,8.13036166778627,5.161590866795292,nan,nan
311.16,199.33935546875,-228.74542236328125,-47.32952117919922,198.8146096634461,-228.64582574472772,-47.33008072093729,0.5341141822665703,0.3242743768961055,0.06714206490813296,3.5168933283416016e-05,5.0396666784261,8.147440349307981,nan,0.8337776081901189,nan
311.17,199.3480682373047,-228.74554443359375,-47.33008575439453,198.82323905117374,-228.64604546812578,-47.330749903768684,0.5341780226089959,0.32432029333272633,0.06716418030825559,3.587448140289984e-05,5.035236513347009,8.172220397563862,nan,nan,nan
311.18,199.35679626464844,-228.74566650390625,-47.33064270019531,198.83183421103246,-228.6462263939746,-47.33011172419007,0.534297459413243,0.3243662945415335,0.06718635847745252,3.516454142515883e-05,5.023451920340371,7.934146690422684,nan,1.1764867300530188,nan
311.19,199.36550903320312,-228.74578857421875,-47.33118438720703,198.84046374077806,-228.64644115206667,-47.33074748355718,0.5343619188067034,0.3244123826737371,0.06720860180130017,3.587031616854501e-05,5.012601144407147,8.253481500522556,nan,nan,nan
311.2,199.3742218017578,-228.7459259033203,-47.33182144165039,198.83433417896066,-228.6339092601172,-47.3292113678687,0.5513920439117692,0.3243497407056366,0.06720041114404493,3.5139736360746274e-05,4.868707104794517,8.213864689517225,6.157895266978431,3.2939761267393366,nan
311.21,199.3829345703125,-228.74607849121094,-47.332550048828125,198.84294917073137,-228.63410792328284,-47.329960121196805,0.5514783291916967,0.32439563724457243,0.06722264393942108,3.584487667902453e-05,4.852616008934838,8.398500723145768,nan,nan,nan
311.22,199.3916473388672,-228.7462158203125,-47.33336639404297,198.8515357329058,-228.63428110965322,-47.329679255153465,0.5516008714077191,0.3244416185631034,0.06724493984533583,3.513682373314692e-05,5.044202405384972,8.537435231027311,nan,0.8818252607878972,nan
311.23,199.40036010742188,-228.74635314941406,-47.33427429199219,198.8601506812491,-228.63448440182768,-47.33060052697534,0.5516831856798373,0.3244876866484465,0.0672673009818993,3.584222127452044e-05,5.025676777152266,8.485126425176443,nan,nan,nan
311.24,199.40907287597656,-228.7465057373047,-47.33527374267578,198.8687597876838,-228.63468063152678,-47.33137906223939,0.5517773610781707,0.3245338398409934,0.0672897255785841,3.51346157014809e-05,5.071722454682208,8.696330960446199,nan,0.038061535853545575,nan
311.25,199.4178009033203,-228.74664306640625,-47.33635711669922,198.8897716579473,-228.63791605589788,-47.332464030988156,0.5391211393551801,0.32447116839724777,0.06728145335359843,3.581825066650356e-05,4.881084954138626,8.525327270078732,2.0022240123059865,nan,nan
311.26,199.426513671875,-228.7467803955078,-47.337528228759766,198.89843316538273,-228.63813617690593,-47.33455995733342,0.5391487718691471,0.32451712976904795,0.06730386675354828,3.5111902676354416e-05,4.700157952372905,8.475854698078766,nan,0.5801619911215032,nan
311.27,199.4352264404297,-228.7469024658203,-47.33878707885742,198.9070725811666,-228.63833134847587,-47.33584287912991,0.5392057630329504,0.3245631777546967,0.06732634546830178,3.581697046888005e-05,4.6832789673939645,8.216944356954063,nan,nan,nan
311.28000000000003,199.44393920898438,-228.74703979492188,-47.34012985229492,198.91566256183208,-228.63847445396607,-47.33513630140824,0.5393399528440109,0.3246093108478133,0.06734888796379324,3.511098950951399e-05,5.142473333105523,9.005555686010839,nan,3.0224693595724292,nan
311.29,199.45265197753906,-228.74717712402344,-47.341552734375,198.92430203140492,-228.63866451039218,-47.33656973887469,0.5394010411013263,0.3246555308072259,0.06737149600806101,3.5816345168821616e-05,5.116405166449022,9.278455405548549,nan,nan,nan
311.3,199.46136474609375,-228.74729919433594,-47.34306335449219,198.94882632675652,-228.6462477793666,-47.336741384529724,0.5224432859825262,0.3245928275826987,0.06736313706182046,3.508953201447798e-05,5.535107401604941,9.292007324287272,2.352358180868176,1.2975064042068114,nan
311.31,199.4700927734375,-228.74742126464844,-47.34465408325195,198.95749197952057,-228.64644596332295,-47.33832931542276,0.5224897971158241,0.3246388554119193,0.06738573310357804,3.5794310531070526e-05,5.505524078150616,9.346367760230812,nan,nan,nan
311.32,199.4788055419922,-228.74754333496094,-47.3463249206543,198.96618573620137,-228.64666931678926,-47.3412410771947,0.5224753374997139,0.3246849683437821,0.06740839323221133,3.508979231794948e-05,5.1157949554110145,9.223282821046825,nan,1.0823645928992494,nan
311.33,199.48751831054688,-228.74766540527344,-47.34807586669922,198.9748511231793,-228.64686261885,-47.34300534099915,0.5225079492074653,0.32473116799472845,0.0674311190064821,3.579488062357482e-05,5.088686336416075,9.262787142169454,nan,nan,nan
311.34000000000003,199.49623107910156,-228.74777221679688,-47.34990692138672,198.98355186227354,-228.64708791901697,-47.346445391046146,0.5224837694887015,0.32477745307072886,0.0674539092042056,3.5090611727268854e-05,4.703810303096466,8.702501100680745,nan,1.7875139534281268,nan
311.35,199.50494384765625,-228.74789428710938,-47.35181427001953,198.97834527954967,-228.6301369875414,-47.34851303571394,0.5396144287186762,0.3247147190193565,0.06744546170285787,3.577400216435548e-05,4.113192169935935,9.006383288537204,14.201108883103698,nan,nan
311.36,199.51365661621094,-228.7480010986328,-47.35377502441406,198.98702745678156,-228.63029708804777,-47.35163624965165,0.5396267969871212,0.324760811724342,0.06746823918325795,3.5070797593301424e-05,3.9301547581192984,8.463231301942209,nan,0.8740353938939566,nan
311.37,199.52236938476562,-228.74810791015625,-47.35573959350586,198.9956852374685,-228.6304319570781,-47.35368493804865,0.5396740150831741,0.3248069910048341,0.06749108241280312,3.577564972751093e-05,3.908809106082198,8.603086043617818,nan,nan,nan
311.38,199.53109741210938,-228.7482147216797,-47.35768508911133,199.0043764883124,-228.63059646382268,-47.3573165379429,0.5396935445017073,0.32485325569841095,0.06751399035337684,3.507262983861406e-05,3.7860664149776935,8.563086966518485,nan,1.7716250811017515,nan
311.39,199.53981018066406,-228.74832153320312,-47.3596076965332,199.0130338258093,-228.63072697888867,-47.3593557864096,0.539742411430868,0.3248996072251398,0.06753696428932587,3.577781095644031e-05,3.77488891258469,8.438357687628766,nan,nan,nan
311.40000000000003,199.54852294921875,-228.74842834472656,-47.36149597167969,198.98369673638956,-228.61304291819425,-47.35954979723741,0.5808284187359115,0.3248368403656517,0.06752842359036794,3.50537923648682e-05,3.953297273198658,8.837995194651073,13.816913775006185,2.061265184736029,nan
311.41,199.55723571777344,-228.74853515625,-47.363346099853516,198.99229197545486,-228.61313769948947,-47.36150851667969,0.5809451609180144,0.32488299920994973,0.06755138398443403,3.5758434140502064e-05,3.930596808095507,9.055960235125946,nan,nan,nan
311.42,199.56594848632812,-228.74862670898438,-47.36516571044922,199.00089932378222,-228.61324165697084,-47.36404072201076,0.5810429708735155,0.32492924345039265,0.06757440936422106,3.5056532416376494e-05,3.8638775970535786,8.442148158261283,nan,0.2598348587271678,nan
311.43,199.5746612548828,-228.7487335205078,-47.366947174072266,199.00949426079077,-228.6133322274279,-47.36593683950541,0.5811611326944383,0.32497557438604574,0.06759750085333736,3.57615183933377e-05,3.847091694217155,8.902997371447807,nan,nan,nan
311.44,199.5833740234375,-228.7488250732422,-47.36869430541992,199.0180734913477,-228.61340657272493,-47.36700257670305,0.5812965885065886,0.325021991035139,0.06762065765354405,3.5059705861496116e-05,3.8916396129963275,8.623418335802892,nan,0.4457903846911611,nan
311.45,199.5920867919922,-228.74891662597656,-47.37040710449219,199.02491418011027,-228.61541060863573,-47.368664041001374,0.5826762965879922,0.3249591919640554,0.06761202145471266,3.574302969891114e-05,4.035188202048348,8.599962447078449,1.8123660273263886,nan,nan
311.46,199.60079956054688,-228.74900817871094,-47.37208557128906,199.03351190320572,-228.61551264831962,-47.37098339435873,0.5827843148198646,0.32500541567707303,0.06763516395500462,3.5042126637734507e-05,3.976303457532079,8.569222553558406,nan,0.20244918804035328,nan
311.47,199.60951232910156,-228.7490997314453,-47.37372970581055,199.04209939559738,-228.61560378110153,-47.37273899650047,0.5829061565732123,0.32505172595081605,0.06765837268368788,3.574693622600455e-05,3.9604833777166033,8.624550098543281,nan,nan,nan
311.48,199.61822509765625,-228.7491912841797,-47.375343322753906,199.0507227938051,-228.6157247115464,-47.37638211306351,0.5829865092539799,0.325098121914202,0.06768164698192296,3.504607176161708e-05,3.9551345688527766,8.530497661133316,nan,2.59506659490889,nan
311.49,199.62693786621094,-228.749267578125,-47.376922607421875,199.05931030934767,-228.61581215844674,-47.37809320399049,0.5831061332625416,0.32514460470098455,0.06770498776523119,3.575123602838776e-05,3.9547016478800434,8.37848832988571,nan,nan,nan
311.5,199.63565063476562,-228.74935913085938,-47.37847137451172,199.07641944694495,-228.60690543971538,-47.3802265327916,0.5770924155908276,0.3250817717112863,0.0676962518217904,3.502923311883296e-05,3.369095455744532,8.524127859581267,14.64255765367741,0.15302112393858885,nan
311.51,199.6443634033203,-228.7494354248047,-47.37998962402344,199.08503907687611,-228.60695094009404,-47.381880784634,0.5771907024753345,0.32512806124868426,0.06771957746105776,3.573388107736745e-05,3.3727057355126315,8.199069830687245,nan,nan,nan
311.52,199.653076171875,-228.74952697753906,-47.38147735595703,199.09366613524756,-228.6070009762643,-47.38391327646571,0.5772860502624463,0.325174436447234,0.06774296891703283,3.503386123830821e-05,3.4327318587160973,8.615122064469041,nan,0.11720442202185918,nan
311.53000000000003,199.6617889404297,-228.74960327148438,-47.3829345703125,199.10228602253414,-228.60704325057497,-47.385513170319186,0.5773850741691454,0.32522089833996726,0.0677664269853388,3.573887407943577e-05,3.4407937282256675,8.363558741127475,nan,nan,nan
311.54,199.67050170898438,-228.7496795654297,-47.384361267089844,199.11090345652642,-228.60708193791902,-47.386942237756294,0.5774867521729434,0.3252674462063182,0.06778995118631896,3.503881696244856e-05,3.4362072454511536,8.44674486424617,nan,0.01431980928619036,nan
311.55,199.67921447753906,-228.749755859375,-47.38576126098633,199.12639218537896,-228.60993705516694,-47.38827672922552,0.5702351377280983,0.32520457959214266,0.06778111284576321,3.572218326065087e-05,3.3880342386809787,8.175740325538248,2.400113944558837,nan,nan
311.56,199.68792724609375,-228.7498321533203,-47.38713455200195,199.13503738624706,-228.60999034213535,-47.390599043833916,0.5703112588582081,0.3252509339433449,0.06780462110473426,3.502291441532918e-05,3.5448540937580195,8.283208267468378,nan,0.4638389450277286,nan
311.57,199.69664001464844,-228.74990844726562,-47.38847732543945,199.143669039343,-228.6100309048446,-47.39209174259968,0.5703995883724038,0.32529737486266286,0.06782819610691443,3.572778540917332e-05,3.559013345166123,8.464313681590685,nan,nan,nan
311.58,199.70535278320312,-228.74996948242188,-47.38979721069336,199.15229264767385,-228.61006354464251,-47.3930685190971,0.5704909170146873,0.32534390172073296,0.06785183747495362,3.5028440903576185e-05,3.490716292450805,7.859473305979735,nan,0.16901085676565328,nan
311.59000000000003,199.7140655517578,-228.7500457763672,-47.39108657836914,199.160924133488,-228.610101208588,-47.39450438672501,0.5705800487840357,0.32539051541426506,0.0678755458515598,3.573368085122385e-05,3.5032648091375873,8.421145242970349,nan,nan,nan
311.6,199.7227783203125,-228.75010681152344,-47.39235305786133,199.18428642601927,-228.61944227046675,-47.39487136983939,0.5541237085744349,0.3253276136957247,0.06786660117231029,3.5013084122207774e-05,3.4293291231364034,7.808539561788121,4.034101297451914,1.04865475510221,nan
311.61,199.7314910888672,-228.75018310546875,-47.39359664916992,199.19293860437404,-228.61949768181668,-47.39624890140912,0.5541881385872562,0.3253740335588137,0.06789029274250574,3.571781999682617e-05,3.436200796737774,8.004211052731716,nan,nan,nan
311.62,199.74020385742188,-228.750244140625,-47.39480972290039,199.2016015536511,-228.61956009541314,-47.398297336853176,0.5542408544587853,0.32542053932147535,0.0679140509019334,3.5019108236071464e-05,3.5782886263523572,8.154580745607921,nan,0.34063482688096464,nan
311.63,199.74891662597656,-228.7503204345703,-47.39600372314453,199.21025397340978,-228.61961293750437,-47.3996341997626,0.5543059474874885,0.3254671317982752,0.06793787620686388,3.572421966372025e-05,3.590902695147294,8.192334310377712,nan,nan,nan
311.64,199.75762939453125,-228.75038146972656,-47.39717102050781,199.2166774729971,-228.62245439523718,-47.40043612871859,0.5558821626302848,0.3250301537200623,0.06719565044205715,3.502453223015671e-05,4.774700086828417,9.216905607298457,nan,0.1826196823820942,0.01020167791948222
311.65000000000003,199.76634216308594,-228.7504425048828,-47.3983154296875,199.20794209037922,-228.61939357031892,-47.40155555692545,0.5735808250575652,0.32496630265451637,0.06718772617709864,3.570798064274855e-05,5.116717108110801,9.252989574965117,7.5055373098917455,nan,nan
311.66,199.77505493164062,-228.75050354003906,-47.399436950683594,199.21655015088,-228.61949065438424,-47.40390262190341,0.5736827595104372,0.32501157994387037,0.06720833906379538,3.500987767475e-05,5.3803382330305,9.516666575307543,nan,0.8329213790580078,nan
311.67,199.7837677001953,-228.7505645751953,-47.400535583496094,199.22516197829017,-228.619550208901,-47.40515248692355,0.5737825655402248,0.325056942045236,0.06722901371628415,3.5714845443130045e-05,5.3955160619502545,9.567107332256187,nan,nan,nan
311.68,199.79248046875,-228.75062561035156,-47.401615142822266,199.23377095757237,-228.61963421059872,-47.40717082350893,0.5738866876635511,0.32510238906789474,0.06724974718970769,3.5016578464199425e-05,5.668047438290796,9.700138363961093,nan,0.4397420347326127,nan
311.69,199.8011932373047,-228.75067138671875,-47.40266799926758,199.24238273279892,-228.61969117101887,-47.40838681481723,0.5739840604947777,0.3251479211931789,0.06727054263831565,3.5721922307513165e-05,5.690976186440264,9.705433129186218,nan,nan,nan
311.7,199.80990600585938,-228.750732421875,-47.40370559692383,199.24650962696245,-228.61863808574847,-47.40962735086145,0.5787049857747675,0.32508406178140703,0.06726256768207628,3.5002312300740825e-05,5.845581196424759,9.767230033685188,0.6997342551777046,0.013737368211041347,nan
311.71,199.81861877441406,-228.75079345703125,-47.404720306396484,199.25511239277105,-228.61869268552525,-47.41080249008657,0.5788152113959323,0.3251294031887692,0.06728335682862868,3.570715769713523e-05,5.867600433889788,9.88510176148587,nan,nan,nan
311.72,199.82733154296875,-228.75083923339844,-47.40571212768555,199.26371594266743,-228.6187401360241,-47.41176600941795,0.5789208632569426,0.3251748294482375,0.06730420519727424,3.500936108097182e-05,5.867242369658046,9.742768638819264,nan,0.02607591872285397,nan
311.73,199.83604431152344,-228.7509002685547,-47.40668869018555,199.2723186591044,-228.61879228287933,-47.41290099022782,0.5790317122112454,0.3252203407473637,0.0673251156266914,3.571458662086762e-05,5.888739412468521,9.827014197358691,nan,nan,nan
311.74,199.84475708007812,-228.75094604492188,-47.40764236450195,199.28092676896043,-228.6188037219425,-47.41270254614945,0.5791302260250035,0.3252659371860905,0.06734608563881518,3.501658109643945e-05,5.528082352044088,9.348254362198674,nan,1.2196361589186,nan
311.75,199.8534698486328,-228.75099182128906,-47.40857696533203,199.28190899954222,-228.61788735252117,-47.41377700271773,0.586877878444869,0.3252020690085516,0.06733805973269986,3.5700158057260606e-05,5.735287777603703,9.473644633013036,1.4054200638795022,nan,nan
311.76,199.8621826171875,-228.7510528564453,-47.40949249267578,199.29050084078693,-228.61789868024692,-47.41342969078879,0.586997095083579,0.32524747453329034,0.06735902297028076,3.500277851074817e-05,5.408584180338628,9.455875077546256,nan,1.412509948400954,nan
311.77,199.87091064453125,-228.7510986328125,-47.41039276123047,199.29908681267628,-228.61795030847867,-47.41446523465044,0.5871350406763043,0.3252929650337716,0.06738004836232174,3.5707884358913454e-05,5.419513970150963,8.961988933100919,nan,nan,nan
311.78000000000003,199.87962341308594,-228.7511444091797,-47.41127395629883,199.3076737111985,-228.6179946350386,-47.41525954640274,0.5872573616153511,0.32533854060424,0.06740113371732762,3.501027643687107e-05,5.397557476846999,9.07153097178954,nan,0.03545862691654288,nan
311.79,199.88833618164062,-228.75119018554688,-47.41213607788086,199.3162597079454,-228.61804419379126,-47.416259091268074,0.5873809207963343,0.3253842014408351,0.06742228144980798,3.5715758908059116e-05,5.408522622011669,9.161859460792893,nan,nan,nan
311.8,199.8970489501953,-228.75123596191406,-47.41298294067383,199.29157632262584,-228.60835546436869,-47.41686269037967,0.622114934535791,0.3253203239647991,0.06741419896469103,3.4996739396660355e-05,5.813476959662732,9.521341569671506,13.886013289197209,0.11850089461347442,nan
311.81,199.90576171875,-228.75128173828125,-47.41381072998047,199.3000983127254,-228.60839811851812,-47.41782620927418,0.6223021888663867,0.3253657936890985,0.0674353392817868,3.570172295964381e-05,5.824345729019433,9.646634952097715,nan,nan,nan
311.82,199.9144744873047,-228.75132751464844,-47.41462326049805,199.30861917582078,-228.60844707416777,-47.41904276216846,0.6224909724005854,0.3254113484133061,0.06745653992718643,3.5004468752302896e-05,5.919999478310963,9.684183275221034,nan,0.05096024039502192,nan
311.83,199.92318725585938,-228.75137329101562,-47.41542053222656,199.31714121221262,-228.60848813011958,-47.41997800545027,0.6226786866324872,0.3254569883385814,0.0674778030567192,3.57098314387261e-05,5.932933290091092,9.654841500018728,nan,nan,nan
311.84000000000003,199.93190002441406,-228.7514190673828,-47.416202545166016,199.32566466077077,-228.60851956966602,-47.42056569505361,0.6228648486279913,0.325502713551595,0.06749912686206896,3.5012315517816114e-05,5.884232641093107,9.588551565239639,nan,0.07803875209716171,nan
311.85,199.94061279296875,-228.75144958496094,-47.41696548461914,199.35550500658147,-228.6163688143982,-47.42146128047302,0.6005149027686266,0.3254388263204398,0.06749098677424632,3.5696019717852234e-05,5.71919664524873,9.19545259295257,4.551157180806725,nan,nan
311.86,199.94932556152344,-228.75149536132812,-47.41771697998047,199.36406665748814,-228.6164079267891,-47.4220185955818,0.6006622209026622,0.3254843602154336,0.06751230263888255,3.4999080775825e-05,5.670518348142862,9.248434193026313,nan,0.0770889204103906,nan
311.87,199.95803833007812,-228.7515411376953,-47.418453216552734,199.37262690350525,-228.61645453389752,-47.422888810154596,0.6008116205420052,0.32552997924537663,0.06753368110143562,3.5704319615711876e-05,5.681678774629375,9.263443895395369,nan,nan,nan
311.88,199.9667510986328,-228.75157165527344,-47.41917037963867,199.38119122849952,-228.6164796589662,-47.42289630613014,0.6009526532972596,0.32557568349271115,0.06755512058571002,3.500710639328059e-05,5.51697294532311,9.030457084056145,nan,0.5084805163551364,nan
311.89,199.97547912597656,-228.75161743164062,-47.41987609863281,199.38975160289118,-228.61652450510738,-47.423730730322255,0.6011170337667322,0.32562147316500384,0.0675766229035113,3.571271902279819e-05,5.525680431367785,9.149857991138752,nan,nan,nan
311.90000000000003,199.98419189453125,-228.75164794921875,-47.420570373535156,199.39419460705176,-228.61854649711603,-47.42574542845736,0.6048467384209476,0.3255575755840141,0.06756842017764085,3.4994043952309644e-05,6.13802908942918,9.208528185557311,3.8078536828649345,1.3764349453559854,nan
311.91,199.99290466308594,-228.75169372558594,-47.42124557495117,199.4027416748609,-228.6186010890954,-47.42656371417571,0.6050076736402041,0.3256031737296956,0.06758991389035494,3.5699154224645e-05,6.154022475086959,9.717696290883186,nan,nan,nan
311.92,200.00161743164062,-228.75172424316406,-47.421913146972656,199.41128727171565,-228.6186620272325,-47.427675030066716,0.6051681174041279,0.32564885702202,0.06761146895692254,3.500221271692504e-05,6.300322292831525,9.334344405032628,nan,0.0659902563336876,nan
311.93,200.0103302001953,-228.7517547607422,-47.42256164550781,199.41983441754408,-228.61871540276155,-47.42847138906286,0.6053260816862897,0.3256946256719366,0.06763308698218343,3.570769839053967e-05,6.3199307507475675,9.607902733724842,nan,nan,nan
311.94,200.01904296875,-228.75180053710938,-47.42319869995117,199.428382992523,-228.61876235488023,-47.42899455724168,0.6054848944515728,0.3257404797567427,0.067654766696935,3.5010458443405313e-05,6.290297416541157,9.7860723887915,nan,0.0481255683238624,nan
311.95,200.0277557373047,-228.7518310546875,-47.423824310302734,199.43686917366568,-228.62714762245122,-47.42982556278809,0.6039278966852932,0.3256765713321257,0.06764649968670094,3.569427433404643e-05,6.91204393400864,9.772732815310633,8.838132678908938,nan,nan
311.96,200.03648376464844,-228.75186157226562,-47.4244384765625,199.44540518131558,-228.62721800066853,-47.4299946367028,0.6041032879655293,0.3257222336752662,0.06766817022090012,3.499757777363046e-05,6.77652208248381,9.569912869215088,nan,0.24606812075630718,nan
311.97,200.04519653320312,-228.75189208984375,-47.42504119873047,199.4539383410674,-228.62730033646758,-47.43073677454603,0.6042696371329674,0.32576798130754264,0.06768990384489265,3.5702931002128544e-05,6.7938314518882486,9.566885903166135,nan,nan,nan
311.98,200.0539093017578,-228.75192260742188,-47.425628662109375,199.46247337216167,-228.62737459894188,-47.43110378524914,0.6044324959885787,0.3258138143037364,0.06771169947286014,3.500592883263636e-05,6.7323220369884496,9.637356836563809,nan,0.09348155637390418,nan
311.99,200.0626220703125,-228.751953125,-47.426204681396484,199.4710066972377,-228.62745549153237,-47.43182012516472,0.6045989940499331,0.32585973287865244,0.06773355843750725,3.571165118843351e-05,6.74966280947853,9.642345026131064,nan,nan,nan
312.0,200.0713348388672,-228.7519989013672,-47.4267692565918,199.48333806894266,-228.62953650592556,-47.43191770505119,0.6006361180119971,0.3257958129611692,0.06772522258174886,3.499315206287364e-05,6.633761562041414,9.70841704024283,0.2881430595483699,0.21412205919427593,nan
312.01,200.08004760742188,-228.75201416015625,-47.42732620239258,199.49187727024062,-228.6296197777777,-47.43260652722717,0.6007933190441594,0.32584153957576406,0.06774707167749444,3.569836709289293e-05,6.649010044900232,9.100951823082756,nan,nan,nan
312.02,200.08877563476562,-228.75204467773438,-47.4278678894043,199.5004160786269,-228.62970337535018,-47.43333108044926,0.6009693902564551,0.3258873514829039,0.06776898307922673,3.500158169614439e-05,6.711792521321122,9.549851001289097,nan,0.0014725473395648695,nan
312.03000000000003,200.0974884033203,-228.75198364257812,-47.428504943847656,199.5089551050323,-228.62973597070916,-47.4340524252707,0.6011212115882184,0.32593324889905734,0.06779095795828989,3.570716706997073e-05,6.714470384161746,9.613376190520318,nan,nan,nan
312.04,200.106201171875,-228.75181579589844,-47.429229736328125,199.517498862186,-228.62965237891927,-47.43392528749961,0.6012623038924076,0.32597923189642186,0.06781299546853448,3.50100589847218e-05,6.476439783056171,9.409762950271064,nan,0.6257684007881442,nan
312.05,200.1149139404297,-228.7515869140625,-47.430049896240234,199.51573345539268,-228.62739464458724,-47.43488034515375,0.6119348876173903,0.3259152999543905,0.06780458862679845,3.569396365705809e-05,6.712052991338681,9.462564106887328,1.827411624303348,nan,nan
312.06,200.12362670898438,-228.75132751464844,-47.43095779418945,199.52426252280176,-228.62716780003507,-47.43365787919682,0.6120950521530666,0.3259610907673167,0.06782661564542877,3.499737718965261e-05,6.258914989899933,9.063717259943484,nan,3.455452134933743,nan
312.07,200.13235473632812,-228.75106811523438,-47.43195343017578,199.53278037203685,-228.62696071251733,-47.434715579608074,0.6122905316873184,0.32600696701848036,0.0678487062866802,3.570281955494781e-05,6.2556873369284585,9.283069816006428,nan,nan,nan
312.08,200.1410675048828,-228.75079345703125,-47.433040618896484,199.54129407366568,-228.62676023699856,-47.43665567460123,0.6124748787447489,0.3260529287792284,0.06787085984541985,3.50059073231199e-05,6.4067723931898035,9.11523499756831,nan,0.4439997852803987,nan
312.09000000000003,200.1497802734375,-228.75051879882812,-47.43421173095703,199.5498118061885,-228.6265456850413,-47.43789889094157,0.6126541355315147,0.32609897626739653,0.06789307728346754,3.571171343829719e-05,6.405545857530543,9.230525865801013,nan,nan,nan
312.1,200.1584930419922,-228.75025939941406,-47.43546676635742,199.56963822213044,-228.62372380459345,-47.43760125975494,0.6023004330839262,0.3260350316047641,0.06788459526383454,3.4993281269586156e-05,5.60221667986845,8.87077409626089,7.783286291639675,1.741186395453662,nan
312.11,200.16722106933594,-228.75,-47.43680953979492,199.5781873345321,-228.62349549567412,-47.43900110191352,0.6024690309851841,0.32608088668007873,0.06790680149738922,3.5698574606889545e-05,5.596998327737656,8.642518335516172,nan,nan,nan
312.12,200.17593383789062,-228.74974060058594,-47.438236236572266,199.58673372122598,-228.62328022284905,-47.441026364169296,0.6026249160356655,0.3261268271929143,0.06792907092361865,3.500184469787634e-05,5.6751122849012,8.689678569400492,nan,0.20603358328723767,nan
312.13,200.1846466064453,-228.74949645996094,-47.43974304199219,199.59528290876497,-228.62306132732218,-47.44260105051364,0.602779876174988,0.3261728533611991,0.0679514043820734,3.570750294698881e-05,5.6710262954437365,9.00296669801407,nan,nan,nan
312.14,200.193359375,-228.74923706054688,-47.44133377075195,199.60382824491055,-228.62285886783442,-47.445037081321246,0.6029362449272624,0.32621896525604427,0.06797380134947484,3.5010435479336665e-05,5.824880000064601,8.746502760944816,nan,0.4272011050378768,nan
312.15000000000003,200.2020721435547,-228.74900817871094,-47.4430046081543,199.57888143444714,-228.60053564987902,-47.446776938908904,0.6406441931486102,0.32615500730260333,0.06796524163009247,3.569440354187147e-05,5.494632344039582,9.556855739422142,15.827102788386178,nan,nan
312.16,200.21080017089844,-228.74876403808594,-47.44475555419922,199.5873870544383,-228.60027988864806,-47.44860640226133,0.6408637027009988,0.3262009265882138,0.06798762701983349,3.6413851734190195e-05,5.493836264669282,9.139737993198782,nan,nan,nan
312.17,200.21951293945312,-228.74853515625,-47.44658660888672,199.59589251011386,-228.6000289271707,-47.450516433170144,0.6410709660275863,0.3262469314198876,0.06801007630520851,3.7147754240345115e-05,5.491884910908784,9.328267817898679,nan,nan,nan
312.18,200.2282257080078,-228.74830627441406,-47.44849395751953,199.6044081114051,-228.59975442774513,-47.45045935485444,0.6412643041419266,0.326293021902828,0.0680325893385649,3.6365034834368424e-05,5.172239192152977,9.003163550600819,nan,2.7357722562500353,nan
312.19,200.2369384765625,-228.74807739257812,-47.4504508972168,199.61291318029055,-228.59951285437126,-47.45249397685039,0.6414695367469195,0.32633919825996094,0.06805516684770305,3.7097586455858974e-05,5.168674075357016,8.97171768415354,nan,nan,nan
312.2,200.2456512451172,-228.74786376953125,-47.452415466308594,199.62938203117415,-228.61034417447573,-47.45554852975932,0.6314342397786138,0.32627522627754935,0.06804652549626485,3.6294853855393354e-05,5.764463312455902,9.308050876573082,6.535440309221973,0.5972092589457068,nan
312.21,200.25436401367188,-228.74765014648438,-47.45436477661133,199.63788788270807,-228.61014447386933,-47.45761777244827,0.6316337641634852,0.32632120975105683,0.06806909039586466,3.7025204849852086e-05,5.7701215259506995,9.161743712868683,nan,nan,nan
312.22,200.26307678222656,-228.7474365234375,-47.45628356933594,199.64639269749537,-228.60995086036684,-47.4598132258382,0.6318338597968217,0.32636727880329697,0.06809171929928134,3.624885851123608e-05,5.818598440195176,9.27160195114687,nan,0.01425096957825363,nan
312.23,200.2718048095703,-228.7472381591797,-47.45817184448242,199.65489802332723,-228.60975960623858,-47.46183394833387,0.6320504302950528,0.3264134336552938,0.06811441283629079,3.69780073889913e-05,5.827973807965904,9.361645379163535,nan,nan,nan
312.24,200.280517578125,-228.7470245361328,-47.460025787353516,199.66339744904255,-228.60958625656602,-47.46496130864707,0.632258565603868,0.3264596743755248,0.06813717068773058,3.620426515281681e-05,6.129284568158646,9.312293155491695,nan,0.8552658099518432,nan
312.25,200.2892303466797,-228.746826171875,-47.46184158325195,199.6606125650071,-228.59891655886562,-47.46689311057631,0.645804217223641,0.32639568776064765,0.0681284449381103,3.6908839452812675e-05,5.851011630460644,9.656630756692032,4.243163161317894,nan,nan
312.26,200.29794311523438,-228.74664306640625,-47.463623046875,199.66910704163982,-228.59871009703028,-47.468890052178764,0.6460237706362515,0.3264417353558681,0.0681511894732787,3.6138622220308106e-05,5.916753458250526,9.878400671429093,nan,0.002947291503886025,nan
312.27,200.30665588378906,-228.74644470214844,-47.465370178222656,199.67760162021995,-228.59850664138133,-47.47078658622818,0.6462385579750695,0.3264878686754943,0.06817399880269219,3.6864652978189245e-05,5.935595164694048,9.468537387028947,nan,nan,nan
312.28000000000003,200.31536865234375,-228.7462615966797,-47.46708297729492,199.68610840359156,-228.59827946187374,-47.470129032440205,0.6464336403168846,0.32653408779035664,0.0681968726894372,3.609692453419085e-05,5.386825432482752,9.10131825712731,nan,4.211158229556199,nan
312.29,200.32408142089844,-228.74607849121094,-47.4687614440918,199.69460270802364,-228.59808392119814,-47.47193325789343,0.6466497530491913,0.32658039291804697,0.06821981164076839,3.6821952733534526e-05,5.393243393315577,9.03376079252897,nan,nan,nan
312.3,200.33279418945312,-228.7458953857422,-47.47040557861328,199.7075725015776,-228.60709901047744,-47.47501045829862,0.6404590523159676,0.3265163908977612,0.06821099775540573,3.60343679669669e-05,6.135138238439783,9.390649771691187,5.339529179410693,1.2054518813905692,nan
312.31,200.3415069580078,-228.7457275390625,-47.47201919555664,199.7160630150768,-228.60693990552866,-47.47676226570619,0.6406751358414494,0.3265625026534563,0.06823392262532037,3.675754980787676e-05,6.149025319914314,9.512898381490453,nan,nan,nan
312.32,200.3502197265625,-228.7455596923828,-47.47359848022461,199.72455232839778,-228.60678656994745,-47.478722979988824,0.6408930746501388,0.32660870013080345,0.06825691228635239,3.599557083653956e-05,6.2570889088916655,9.631868026836187,nan,0.038536933007402775,nan
312.33,200.3589324951172,-228.74539184570312,-47.47514724731445,199.73304283273166,-228.60663436493516,-47.48041484218209,0.64110783453787,0.3266549835446735,0.06827996717745302,3.6717880569714104e-05,6.274017636724465,9.52846868197232,nan,nan,nan
312.34000000000003,200.36764526367188,-228.74522399902344,-47.476661682128906,199.74153954290563,-228.6064735322538,-47.480788975228904,0.6413088960503724,0.3267013529698807,0.06830308716360604,3.5958199520369644e-05,5.9830589408610635,9.30099343362882,nan,1.1076976486927987,nan
312.35,200.37635803222656,-228.74505615234375,-47.4781494140625,199.75590520686248,-228.6124567530764,-47.48236004885731,0.6344777684314168,0.32663733490114344,0.06829418215546193,3.665667179232597e-05,6.195569046847744,9.087710074647902,1.598062627970635,nan,nan
312.36,200.38507080078125,-228.74490356445312,-47.47960662841797,199.76440028025513,-228.6123316046984,-47.48394642829594,0.6346857911016703,0.3266835107045555,0.06831728731420593,3.5900169372288396e-05,6.22727280172178,9.344837963899595,nan,5.247695627891352e-06,nan
312.37,200.39378356933594,-228.7447509765625,-47.48103713989258,199.77289527768582,-228.61220985161657,-47.48550730717322,0.6348932216567224,0.32672977236734396,0.0683404578698931,3.662000646648327e-05,6.239299782802313,9.202781195262451,nan,nan,nan
312.38,200.40249633789062,-228.74459838867188,-47.48243713378906,199.78139108692818,-228.61208963559596,-47.48684411351149,0.6350982001904325,0.32677611996732575,0.06836369374365545,3.5865674134423546e-05,6.226323627702803,9.206085720458187,nan,0.025903990948869214,nan
312.39,200.4112091064453,-228.74444580078125,-47.48380661010742,199.78988588599043,-228.61197420418154,-47.48834798240777,0.635304566522605,0.3268225537149545,0.06838699529069349,3.658481097283028e-05,6.239942326606119,9.253562558902981,nan,nan,nan
312.40000000000003,200.419921875,-228.74429321289062,-47.48515319824219,199.79016768897867,-228.6094612499988,-47.48948298958659,0.644040945997799,0.32675851879923473,0.06837799558338153,3.581064295547909e-05,6.312346523171536,9.099574798211139,1.1518891899492192,0.04014412984145101,nan
312.41,200.4286346435547,-228.74415588378906,-47.48646926879883,199.79864690983493,-228.60935020553643,-47.490929774150075,0.6442647061841106,0.326804758669514,0.06840128151266622,3.6528237506409884e-05,6.324525127217189,9.475006873386857,nan,nan,nan
312.42,200.43736267089844,-228.7440185546875,-47.487762451171875,199.8071199752145,-228.60925213243465,-47.49369451002421,0.6445176749725424,0.32685108440219846,0.06842463297528718,3.5778973772414214e-05,6.755054152194729,9.728529593188188,nan,1.217975313693804,nan
312.43,200.44607543945312,-228.74388122558594,-47.48902893066406,199.8155991808739,-228.6091469511515,-47.495104580720096,0.6447406849757746,0.3268974962045306,0.06844805028092316,3.64959796129727e-05,6.774380503025779,9.719379988981245,nan,nan,nan
312.44,200.4547882080078,-228.74374389648438,-47.49026870727539,199.82409205216442,-228.60902348803842,-47.49348671919709,0.6449322329114977,0.32694399415905895,0.06847153341872533,3.5748683453773736e-05,6.044203177613648,8.983400758308441,nan,6.100519479114589,nan
312.45,200.4635009765625,-228.7436065673828,-47.491485595703125,199.83858011292068,-228.62188817945403,-47.49481731303119,0.6366730339155036,0.3268799417154256,0.06846243587680621,3.644244442983954e-05,6.711577852814333,9.167850316415802,9.81191912693203,nan,nan
312.46,200.4722137451172,-228.7434844970703,-47.49267578125,199.8470511818986,-228.62183602227455,-47.49679920559068,0.6369015500832701,0.32692624553463306,0.06848590261451327,3.569796802005775e-05,6.875109619378244,9.611317949259208,nan,0.30770948933623316,nan
312.47,200.48092651367188,-228.7433624267578,-47.49384307861328,199.8555254770425,-228.62178201789914,-47.49809127900067,0.637123457143013,0.32697263534471255,0.06850943536516725,3.6413049797986845e-05,6.8864535113686856,9.548492320218768,nan,nan,nan
312.48,200.48963928222656,-228.74322509765625,-47.49498748779297,199.86400035342078,-228.62173008281846,-47.49929962569608,0.6373411193395419,0.327019111231559,0.0685330341542988,3.567041018265438e-05,6.905295899379704,9.296072395913734,nan,0.0025529074753209238,nan
312.49,200.49835205078125,-228.74310302734375,-47.49610900878906,199.87247515438105,-228.6216809087883,-47.50054661951129,0.6375616932587473,0.3270656733974693,0.06855669923724468,3.6385047362463e-05,6.9175344525963265,9.48291419364401,nan,nan,nan
312.5,200.50706481933594,-228.7429962158203,-47.49720764160156,199.8702969786574,-228.6163132493909,-47.500595359082084,0.6492559845973669,0.32700160260639866,0.06854750039554601,3.56224980974035e-05,6.7042342810748785,9.594114988878621,1.4973002556974553,0.7876581482199344,nan
312.51,200.51577758789062,-228.7428741455078,-47.498287200927734,199.87875517127173,-228.61625892264937,-47.50178697687692,0.6494930502831883,0.32704797037326555,0.0685711482624675,3.633584760018185e-05,6.711795268526493,9.217900891020783,nan,nan,nan
312.52,200.5244903564453,-228.7427520751953,-47.49934005737305,199.88721849436158,-228.61620075430412,-47.50178313615875,0.6497204257655225,0.32709442414077927,0.06859486236753806,3.559758560321358e-05,6.535166317715786,9.194200388086529,nan,0.9412605955536648,nan
312.53000000000003,200.533203125,-228.74264526367188,-47.5003776550293,199.895676916957,-228.61615111288864,-47.50292188048473,0.6499591596456072,0.32714096410781507,0.06861864293760227,3.631058370662908e-05,6.537682774375167,9.172607029688042,nan,nan,nan
312.54,200.5419158935547,-228.74253845214844,-47.50138854980469,199.90414478447198,-228.61609295135207,-47.50185612658,0.6501851050895195,0.3271875903653289,0.0686424900408438,3.5573956639245806e-05,6.35760782656972,9.200064007111123,nan,3.2602948866183072,nan
312.55,200.55062866210938,-228.742431640625,-47.502384185791016,199.90765811168765,-228.61278051530581,-47.50294969300118,0.6559122371205988,0.32712350051042927,0.06863318667182597,3.626417600271249e-05,6.314309039491671,9.033470982871853,0.3330226734508911,nan,nan
312.56,200.55934143066406,-228.74232482910156,-47.50335693359375,199.91610775819314,-228.6127325021159,-47.50455486430483,0.6561594041480947,0.32716993210302003,0.06865701574297381,3.5530016826778666e-05,6.338157798919812,9.137722499507408,nan,0.204323803639166,nan
312.57,200.56805419921875,-228.74221801757812,-47.50431442260742,199.9245596274615,-228.61268408732474,-47.50560039958566,0.6564038061321217,0.32721644981486925,0.06868091144951322,3.624154578927916e-05,6.335816777387293,8.950933506517682,nan,nan,nan
312.58,200.57676696777344,-228.7421112060547,-47.5052490234375,199.93301272146306,-228.61263642854937,-47.50633102795449,0.6566463419425044,0.32726305374037085,0.06870487388144193,3.550889467457119e-05,6.315695819758755,9.057533625674571,nan,0.06036079059898056,nan
312.59000000000003,200.58547973632812,-228.7420196533203,-47.50616455078125,199.94146470135283,-228.6125919557518,-47.50733767732194,0.6568928911154367,0.32730974407330377,0.06872890323296629,3.6220189989119105e-05,6.312392825682813,9.292873183784687,nan,nan,nan
312.6,200.5941925048828,-228.74191284179688,-47.50706481933594,199.9762874909718,-228.61918897975994,-47.5086286998468,0.6299763473749489,0.32724563431788667,0.06871949194680119,3.5467493978409356e-05,5.929249744753704,8.398241192508364,8.297926646066957,0.04638472052997455,nan
312.61,200.60292053222656,-228.7418212890625,-47.5079460144043,199.98479037245147,-228.61915008745498,-47.50960456094921,0.6301871697393197,0.3272921297143989,0.06874350242464197,3.6177709746784533e-05,5.928150837536371,8.654724643157756,nan,nan,nan
312.62,200.61163330078125,-228.74172973632812,-47.50880813598633,199.99329844347128,-228.61910881851594,-47.50929816006545,0.6303761776695307,0.32733871124701186,0.06876757981435958,3.544876877133783e-05,5.850352319761953,8.621181589086099,nan,1.1020032359812288,nan
312.63,200.62034606933594,-228.74163818359375,-47.5096549987793,200.00180156416903,-228.61907377254113,-47.5102283015994,0.6305709067226113,0.3273853791060966,0.06879172429401242,3.615882704850122e-05,5.844241585566098,8.505770920079724,nan,nan,nan
312.64,200.62905883789062,-228.74154663085938,-47.51048278808594,200.0323568010332,-228.61874505529337,-47.51094879661209,0.6092074892146784,0.320870148940319,0.06881476262601939,3.543069613920671e-05,7.237858986118714,9.965629052822495,nan,0.027428436846674682,0.07410250615207124
312.65000000000003,200.6377716064453,-228.741455078125,-47.511295318603516,200.0236994550207,-228.60419974655585,-47.511791564199704,0.6292248242552864,0.32080134392438947,0.0688052919704221,3.6118322041495856e-05,6.751947269863958,9.818565120490433,8.445395577196798,nan,nan
312.66,200.646484375,-228.7413787841797,-47.51209259033203,200.03211540256524,-228.6041232387637,-47.514277260539366,0.6295181425677115,0.32084283691539206,0.06882936143260038,3.539286183013723e-05,6.8666113773233,10.176524533998844,nan,1.7794346135884693,nan
312.67,200.6551971435547,-228.7412872314453,-47.51287078857422,200.04061878530499,-228.60404291630073,-47.51515821074291,0.6297204084104173,0.3208844184715011,0.06885349181197394,3.610180784695902e-05,6.864669085113936,9.980006768304191,nan,nan,nan
312.68,200.66390991210938,-228.7412109375,-47.51363754272461,200.04916187530807,-228.60396192919723,-47.51528635001865,0.629885035222018,0.32092608029194214,0.06887768322237982,3.537754404203485e-05,6.783488155515967,10.009488522107393,nan,0.37642077763254655,nan
312.69,200.67262268066406,-228.74111938476562,-47.51438522338867,200.05766564528082,-228.603884837591,-47.516131028413746,0.6300861243836056,0.32096783082497043,0.06890193583643023,3.6086426809521665e-05,6.779321550097182,9.84593524605451,nan,nan,nan
312.7,200.68133544921875,-228.7410430908203,-47.51512145996094,200.08740611922255,-228.6100295998073,-47.51935124438266,0.6082223893720197,0.32089913251827235,0.06889236267668837,3.5341947042167756e-05,6.851909874843505,9.952386034808368,7.279894216104014,4.164314855592227,nan
312.71,200.6900634765625,-228.740966796875,-47.51584243774414,200.09595604400033,-228.6099599870851,-47.520191126552646,0.6083957073577149,0.3209407116879011,0.06891659192363137,3.604991685161232e-05,6.85754440231761,9.901292426950246,nan,nan,nan
312.72,200.6987762451172,-228.7408905029297,-47.51654815673828,200.1044723176773,-228.60989382146104,-47.521669455286585,0.6085914199404114,0.32098237134350527,0.06894088244102536,3.53287403331187e-05,7.062192132971426,10.153804274328653,nan,0.2943996968028715,nan
312.73,200.70748901367188,-228.74081420898438,-47.51723861694336,200.11302256691897,-228.6098277055923,-47.5224891583705,0.6087490357866568,0.3210241193716841,0.06896523439209666,3.6036707719923496e-05,7.071781780596084,10.172441292572469,nan,nan,nan
312.74,200.71620178222656,-228.74073791503906,-47.51791763305664,200.12157143272393,-228.6097632001148,-47.52332734521245,0.6089079515696353,0.32106594831137303,0.06898964790438221,3.531655004332611e-05,7.122528779879282,10.099022490821033,nan,0.0006858579609132536,nan
312.75,200.72491455078125,-228.74066162109375,-47.51858139038086,200.1701278298184,-228.63250776370555,-47.524006823157585,0.5652565770917451,0.32099736377439275,0.06897996955910493,3.600236523274396e-05,7.3313709019775235,9.885697239974188,16.3256652562643,nan,nan
312.76,200.73362731933594,-228.7406005859375,-47.519229888916016,200.17872809763787,-228.63249272133854,-47.524860069800205,0.5653601998425913,0.3210390213417603,0.06900435909240146,3.528404106661118e-05,7.398703094418229,10.268530229319909,nan,0.003734560060825481,nan
312.77,200.7423553466797,-228.7405242919922,-47.51987075805664,200.18733225681584,-228.63247902406684,-47.52562875160494,0.5654710997856387,0.3210807669485839,0.06902881028694492,3.599119908320975e-05,7.4099313879393245,9.718593267260013,nan,nan,nan
312.78000000000003,200.75106811523438,-228.74046325683594,-47.5204963684082,200.19592598963595,-228.632467276878,-47.52660056456939,0.5655821536362188,0.3211225936758273,0.0690533232769023,3.527378703419633e-05,7.53186945772263,10.240030484745631,nan,0.032086081102615197,nan
312.79,200.75978088378906,-228.74038696289062,-47.5211067199707,200.20453015102257,-228.6324566074376,-47.52734800081255,0.5656777275556221,0.3211645085993057,0.0690778982158348,3.598101491622828e-05,7.546223926217562,10.066624270200922,nan,nan,nan
312.8,200.76849365234375,-228.74032592773438,-47.52170944213867,200.20603206167718,-228.62907894060316,-47.52686309048732,0.573380757622929,0.3210960294701095,0.06906811195206417,3.524320111045115e-05,7.229249641587827,9.820725832750584,0.7400112351296679,0.9083349257590656,nan
312.81,200.77720642089844,-228.74026489257812,-47.52229690551758,200.21462490123218,-228.62906485392017,-47.52757539205811,0.5734904334752933,0.32113777273091043,0.06909266228028756,3.594964493777136e-05,7.237823462690262,9.917372508230788,nan,nan,nan
312.82,200.78591918945312,-228.74020385742188,-47.52287292480469,200.22325586501225,-228.62905110630095,-47.527474070679155,0.5735556828207421,0.3211795973109288,0.06911727463361052,3.523475940564103e-05,7.0508895940680265,9.690773348058674,nan,0.448767893693628,nan
312.83,200.79464721679688,-228.74014282226562,-47.5234375,200.2318489851091,-228.62903984418696,-47.52815693755449,0.5736793480853686,0.3212215097667076,0.06914194916125307,3.594132061352701e-05,7.057707325282793,9.603544113363196,nan,nan,nan
312.84000000000003,200.80335998535156,-228.74008178710938,-47.52399444580078,200.2405572544313,-228.62902726119887,-47.5263466650638,0.5736597899382206,0.3212635039559422,0.06916668600372969,3.5227188071113906e-05,6.582551061038093,9.060697430684321,nan,4.296320534197248,nan
312.85,200.81207275390625,-228.74002075195312,-47.5245361328125,200.23291543190714,-228.62738770862848,-47.52684729393068,0.5900124977824297,0.3211951358326242,0.06915678909811551,3.591179101632474e-05,7.07222095154106,9.497754951842392,8.928674285161458,nan,nan
312.86,200.82078552246094,-228.7398681640625,-47.52517318725586,200.24154568402494,-228.62733606297678,-47.52577186022048,0.5900700150113064,0.3212369583217569,0.06918150068464064,3.519922389813561e-05,6.9256258269140805,9.400123472496142,nan,2.1440423356032623,nan
312.87,200.82949829101562,-228.73960876464844,-47.52589797973633,200.25009646193115,-228.62718797073094,-47.52652473666972,0.5902078509099383,0.3212788683754593,0.06920627466800705,3.5905198621517755e-05,6.91899142543697,9.405049957251137,nan,nan,nan
312.88,200.83822631835938,-228.7392578125,-47.52671813964844,200.258673322616,-228.62694283023725,-47.52678253427695,0.5903357809437471,0.32132086034525975,0.0692311111912128,3.5193290915373e-05,6.900949076651147,9.288074962589,nan,0.2407944032687845,nan
312.89,200.84693908691406,-228.7388153076172,-47.527626037597656,200.26722407414232,-228.6266025831977,-47.52771307733516,0.5904754009529127,0.3213629400487245,0.06925601039985203,3.589943698638661e-05,6.892880558370126,9.489372298917457,nan,nan,nan
312.90000000000003,200.85565185546875,-228.73826599121094,-47.528621673583984,200.29186472025827,-228.63271716445973,-47.528545896447085,0.573582160112712,0.321294675754331,0.0692460001083552,3.5166941061648544e-05,6.784789716876293,9.206026206419937,2.8090775725948576,0.04504290557307725,nan
312.91,200.86436462402344,-228.73765563964844,-47.52970886230469,200.30044445373855,-228.63220496065753,-47.52965462559524,0.5736948728160299,0.32133658346361993,0.06927087339871356,3.587240035484e-05,6.775237402173194,9.406863970740481,nan,nan,nan
312.92,200.8730926513672,-228.73699951171875,-47.530879974365234,200.30911665309327,-228.6316352308171,-47.528684393698136,0.5737380751644869,0.3213785732597978,0.06929580944973178,3.5162526297208105e-05,6.902469067688491,9.41383110658982,nan,3.285431610284882,nan
312.93,200.88180541992188,-228.736328125,-47.532135009765625,200.3176963085736,-228.63104401805745,-47.52994729369993,0.5738541790232187,0.32142065049387697,0.06932080840602052,3.586819318014897e-05,6.887892866639852,9.502731216135913,nan,nan,nan
312.94,200.89051818847656,-228.7356719970703,-47.533477783203125,200.32637292224683,-228.63044855077487,-47.52897435255452,0.5738920943411826,0.321462810215572,0.0693458704120304,3.5158839458928203e-05,7.318874122592271,10.074822752895798,nan,3.772486669952628,nan
312.95,200.89923095703125,-228.73501586914062,-47.5349006652832,200.34344706443017,-228.63437029979224,-47.530435279494846,0.5648408674790748,0.32139465401220985,0.0693357439857791,3.584268324834465e-05,7.320582269394051,10.111617830895778,0.7755446888522413,nan,nan
312.96,200.90794372558594,-228.734375,-47.53641128540039,200.3521011640992,-228.63379698040094,-47.530409576551975,0.5649007981014997,0.3214366416722963,0.06936077939630804,3.513466296984878e-05,7.776953403771348,10.498656075287471,nan,1.6234255145270506,nan
312.97,200.9166717529297,-228.73373413085938,-47.53799819946289,200.3606929364851,-228.63323414341846,-47.53197432139582,0.5650212198826884,0.3214787164851572,0.06938587792885284,3.583990921626455e-05,7.753075812883843,10.51717948531902,nan,nan,nan
312.98,200.92538452148438,-228.7331085205078,-47.5396728515625,200.36938117698375,-228.63268402887905,-47.53120338522356,0.5650632968746425,0.3215208739383788,0.06941103972767484,3.513232939424337e-05,8.770385551936293,11.420559951431935,nan,4.097187183016995,nan
312.99,200.93409729003906,-228.7324981689453,-47.541419982910156,200.37797285394484,-228.63214497013212,-47.532907908193735,0.5651704241634868,0.3215631187275094,0.06943626493765326,3.5837821872943063e-05,8.738112458733656,11.835252021718192,nan,nan,nan
313.0,200.94281005859375,-228.73190307617188,-47.543251037597656,200.39433747017654,-228.63570708617561,-47.53564082594775,0.5568965469975493,0.32149506450059195,0.06942601961929507,3.5109476933831e-05,8.381630793531135,11.301599473335708,0.9291599153105476,0.7588862494516898,nan
313.01,200.95152282714844,-228.7313232421875,-47.54515838623047,200.4029405171081,-228.63519957564012,-47.53751407558503,0.5569925902962647,0.3215371369326533,0.06945121754146968,3.5814353594672896e-05,8.350982857391006,11.469615937021384,nan,nan,nan
313.02,200.96023559570312,-228.73074340820312,-47.547119140625,200.41155817429896,-228.6347039618852,-47.539067485215654,0.5570774785993472,0.32157929214516007,0.06947647894254726,3.510838474495249e-05,8.554073531563251,11.44025992081473,nan,0.10417567845796458,nan
313.03000000000003,200.96896362304688,-228.7301788330078,-47.5490837097168,200.42016085467873,-228.63421961403827,-47.54103164511732,0.5571871193935672,0.32162153442524083,0.06950180396850081,3.581353458812086e-05,8.50633083638556,11.499101715089656,nan,nan,nan
313.04,200.97767639160156,-228.72962951660156,-47.55103302001953,200.4287395006551,-228.63374617536536,-47.543630692514505,0.5572971557625971,0.3216638598719268,0.06952719276201333,3.510788742096671e-05,8.244271385277093,11.362699960428097,nan,0.28691156734302437,nan
313.05,200.98638916015625,-228.72909545898438,-47.55295181274414,200.43741563459054,-228.62808091476185,-47.54559024236633,0.5582383564705679,0.32159591069351173,0.06951682578987084,3.5791303680023806e-05,7.807909940581253,11.391124414259034,3.2392989989985526,nan,nan
313.06,200.99510192871094,-228.7285614013672,-47.554840087890625,200.4460102199159,-228.62761206320923,-47.54808456789018,0.5583351239107702,0.32163806368531794,0.06954218658775452,3.508679390073336e-05,7.5819972681056305,10.913422401347056,nan,0.23494975942596313,nan
313.07,201.00381469726562,-228.72804260253906,-47.55669403076172,200.4546256965118,-228.62715465604526,-47.549973803834085,0.5584192848986023,0.32168030348749715,0.06956761122094764,3.579164200845248e-05,7.530319176269152,10.970127860468303,nan,nan,nan
313.08,201.0125274658203,-228.7275390625,-47.558509826660156,200.4632334567324,-228.62670761850282,-47.5520414521107,0.5585093807517725,0.321722626577685,0.0695930998303775,3.508738750097146e-05,7.447884704394071,11.128743297179401,nan,0.03170040103828111,nan
313.09000000000003,201.021240234375,-228.72703552246094,-47.5602912902832,200.47184872859677,-228.62627108779256,-47.55386417594635,0.5585927010926741,0.3217650366760783,0.06961865256457013,3.5792534960269936e-05,7.397188336682898,10.877207137777033,nan,nan,nan
313.1,201.0299530029297,-228.72654724121094,-47.56203842163086,200.49327135868012,-228.62720133672642,-47.554437918990416,0.5458521444976251,0.3216971873573561,0.0696081611688102,3.5067354636162255e-05,7.533675724949304,11.295237322517604,4.467801058365684,1.1433229766755455,nan
313.11,201.03866577148438,-228.72607421875,-47.563751220703125,200.5019189339613,-228.626779908596,-47.55618097230176,0.5459064354638499,0.3217394247052536,0.0696336851858003,3.5771935919943624e-05,7.474869178280984,11.373131036736092,nan,nan,nan
313.12,201.04737854003906,-228.72560119628906,-47.5654296875,200.51051740995996,-228.62636603561714,-47.55934396152813,0.5459894927230733,0.32178174544983945,0.06965927338396873,3.5068938364201985e-05,6.916076660033163,10.67747917484281,nan,1.4854423082008292,nan
313.13,201.05609130859375,-228.7251434326172,-47.567073822021484,200.51916476634108,-228.6259638117017,-47.56103521737031,0.5460431976744008,0.32182415296244343,0.06968492591406297,3.5773838499521536e-05,6.866101644172773,10.813206462557215,nan,nan,nan
313.14,201.06480407714844,-228.7246856689453,-47.56868362426758,200.52782334784465,-228.62557131221152,-47.56235208599299,0.54608794871459,0.3218666442432015,0.06971064291378329,3.507099699068967e-05,6.977309696754021,10.86267782676733,nan,0.08233763304739665,nan
313.15000000000003,201.07351684570312,-228.7242431640625,-47.57026290893555,200.54323717078336,-228.62457841426811,-47.563889404336976,0.5396019065435745,0.32179889682048207,0.06970002432979869,3.575421859890863e-05,6.696941307372983,10.761617578835542,2.4827682031368385,nan,nan
313.16,201.0822296142578,-228.72381591796875,-47.57181167602539,200.5519133382461,-228.62419664361823,-47.56521256317744,0.5396321902142602,0.3218412152230881,0.06972571187514336,3.505235259119946e-05,6.789504617078757,10.96021677137963,nan,0.05064894737748682,nan
313.17,201.0909423828125,-228.723388671875,-47.57332992553711,200.56058092371606,-228.62382320189457,-47.5667710648497,0.5396661734450717,0.32188362016448735,0.06975146395615701,3.575703230159433e-05,6.737137021590368,10.757083863185546,nan,nan,nan
313.18,201.0996551513672,-228.7229766845703,-47.5748176574707,200.56922614916775,-228.6234569715026,-47.56901469582179,0.5397154565391578,0.3219261089643832,0.06977728070802688,3.5055268613473006e-05,6.4811740066851735,10.672057904789872,nan,0.3595997132252004,nan
313.19,201.10838317871094,-228.72256469726562,-47.57627487182617,200.57789345570603,-228.62310027775897,-47.57052152942535,0.5397644096366477,0.32196868451542265,0.06980316228516092,3.576028347752594e-05,6.433797874708957,10.400952574892575,nan,nan,nan
313.2,201.11709594726562,-228.72216796875,-47.577701568603516,200.58248934974216,-228.6168297321598,-47.57120952101882,0.544924311152833,0.3219010345850723,0.06979241373369734,3.503745322944679e-05,6.456044459131379,10.932312708688208,1.8983073345401797,0.37769411844688944,nan
313.21,201.1258087158203,-228.72177124023438,-47.5791015625,200.5911595690339,-228.61647286869066,-47.572651387995656,0.5449578533798206,0.32194343696255023,0.06981826510647803,3.574193477515118e-05,6.404125734587682,10.66716229731539,nan,nan,nan
313.22,201.134521484375,-228.7213897705078,-47.580474853515625,200.5998251692987,-228.61612379879506,-47.57421806330292,0.5449956161113347,0.32198592327664394,0.06984418134775464,3.504113841703244e-05,6.343811228927732,10.719887850922397,nan,0.016262630200023366,nan
313.23,201.1432342529297,-228.72100830078125,-47.58182144165039,200.6084952519245,-228.61578290827833,-47.57560762204866,0.5450291680061415,0.3220284961290213,0.0698701626146018,3.574596881763465e-05,6.293855500166694,10.515611080553276,nan,nan,nan
313.24,201.15194702148438,-228.72064208984375,-47.58313751220703,200.617181743465,-228.61545076360815,-47.57640159499301,0.5450545754977625,0.32207115327536434,0.06989620903832443,3.5045193653982885e-05,6.494972446706812,11.080355548985686,nan,0.22823486813887334,nan
313.25,201.16065979003906,-228.72027587890625,-47.58443069458008,200.64992812931098,-228.62934764182455,-47.57771222691925,0.5188062368327518,0.3220036019917416,0.06988532775959175,3.57283754730472e-05,6.59724646589331,10.790932390134284,5.799956708040364,nan,nan
313.26,201.16937255859375,-228.7199249267578,-47.585693359375,200.65858891660127,-228.62905420910496,-47.58052066422194,0.5188296184962721,0.32204608580822786,0.06991134321367264,3.502844525841302e-05,6.0844433646941685,10.719802620796575,nan,1.590442959121465,nan
313.27,201.17808532714844,-228.71957397460938,-47.586936950683594,200.66729137790787,-228.6287713389711,-47.58181758135329,0.5188273172857918,0.3220886559604344,0.06993742389012597,3.573310732332178e-05,6.0412216905354095,10.249699778613538,nan,nan,nan
313.28000000000003,201.18679809570312,-228.71923828125,-47.58815002441406,200.67598755414218,-228.62849490412714,-47.5833216917895,0.5188304951112447,0.3221313104674506,0.06996356991755587,3.503315610334624e-05,5.959929567646114,10.64651827354998,nan,0.0376878104707198,nan
313.29,201.1955108642578,-228.71890258789062,-47.5893440246582,200.6846899735852,-228.6282257958924,-47.58457324713471,0.5188285104664497,0.32217405153625667,0.06998978145697603,3.573817575939388e-05,5.918503424181833,10.229042227419844,nan,nan,nan
313.3,201.2042236328125,-228.7185821533203,-47.590511322021484,200.6941502501951,-228.61855160180767,-47.58556124342075,0.5198129184320457,0.3221065951439995,0.06997876466690642,3.5017038717969335e-05,5.374957218978894,10.423792342899167,10.515723726843532,0.005226301697172665,nan
313.31,201.2129364013672,-228.71826171875,-47.59165573120117,200.70287651732465,-228.61826490973323,-47.586762989395815,0.5197926375444284,0.32214916258745935,0.07000494445923475,3.5721545103064384e-05,5.331931594886769,10.250384413307547,nan,nan,nan
313.32,201.22164916992188,-228.7179412841797,-47.592777252197266,200.71159890699647,-228.61798424719674,-47.58809797677638,0.5197735810630889,0.32219181443524675,0.07003118979315795,3.502232994321934e-05,5.273958658292418,10.09026106153296,nan,0.017013895965094696,nan
313.33,201.23036193847656,-228.71763610839844,-47.593875885009766,200.72032521634472,-228.61771031357867,-47.589257629043416,0.5197537404209117,0.32223455265735856,0.070057500832333,3.572720325494615e-05,5.232246555453089,10.288189561901687,nan,nan,nan
313.34000000000003,201.23907470703125,-228.7173309326172,-47.59495162963867,200.7290954065327,-228.61744743272476,-47.58860822819859,0.5197074554300466,0.3222773756281083,0.07008387770150903,3.5027902175223086e-05,5.770944689433784,10.771840705145317,nan,2.253687376911576,nan
313.35,201.24778747558594,-228.717041015625,-47.59600830078125,200.71177849749637,-228.59628289415974,-47.58973965198513,0.5494792484254263,0.3222100145462709,0.07007272265131806,3.571113932102629e-05,5.286198654234731,10.785209452964251,12.293325404164355,nan,nan
313.36,201.25650024414062,-228.7167510986328,-47.597042083740234,200.72046666538358,-228.59597670117003,-47.591464476346154,0.5494993742870163,0.32225266370841427,0.07009906698119688,3.5012580485183646e-05,5.0609904514052175,10.551547212409817,nan,0.2932592255994962,nan
313.37,201.2652130126953,-228.71646118164062,-47.59805679321289,200.72917025335602,-228.5956780598118,-47.59253107227452,0.5495097232540028,0.32229539906671356,0.07012547720603932,3.5717315578058514e-05,5.014337419693991,10.303568460365765,nan,nan,nan
313.38,201.27392578125,-228.7161865234375,-47.59905242919922,200.7378651632584,-228.59538399773007,-47.59394957842175,0.5495273200350441,0.32233821920743694,0.07015195344808527,3.501863877910073e-05,4.889587979892178,10.39199272639384,nan,0.09720023748827172,nan
313.39,201.2826385498047,-228.71591186523438,-47.60002517700195,200.74656844385805,-228.5950965697628,-47.5949815889445,0.5495388356522343,0.3223811257828843,0.07017849587465694,3.5723743937610404e-05,4.844973641920878,10.383974556490028,nan,nan,nan
313.40000000000003,201.29135131835938,-228.7156524658203,-47.60097885131836,200.70957245817175,-228.56967614663347,-47.59592355484043,0.599834380430992,0.3223138567767523,0.07016719978107452,3.500378340601114e-05,4.778893977615486,10.885076258441627,19.76000850549655,0.015175953106427446,nan
313.41,201.30006408691406,-228.71539306640625,-47.6019172668457,200.71820963773382,-228.56935128740375,-47.596918412649835,0.5999231532357534,0.32235658924729244,0.07019370886442595,3.570838591220006e-05,4.7355709720734165,10.505814149465415,nan,nan,nan
313.42,201.30877685546875,-228.7151336669922,-47.60283279418945,200.7268773014166,-228.56903614079192,-47.59648891315683,0.5999931857900352,0.3223994065238634,0.07022028414877891,3.501026518787274e-05,5.172596287845754,11.053132666081353,nan,1.3958849338764705,nan
313.43,201.31748962402344,-228.71487426757812,-47.60373306274414,200.7355145212176,-228.56872210657764,-47.59743420827441,0.600079286443561,0.3224423100704259,0.0702469258037752,3.571524393512523e-05,5.121584151641244,10.720998546213357,nan,nan,nan
313.44,201.32620239257812,-228.71463012695312,-47.604610443115234,200.74417104694123,-228.56841588990076,-47.597435834737574,0.6001587835115543,0.32248529875568177,0.070273633948265,3.5016954425071593e-05,5.4678453280234605,11.658358376209847,nan,0.6056850184691717,nan
313.45,201.3349151611328,-228.71438598632812,-47.60547637939453,200.7448689008666,-228.5589938833747,-47.5983372693964,0.6102067369391991,0.3224181216438938,0.07026219407859312,3.5700297872973277e-05,5.1759684800686205,11.259254137524929,2.9835808296696373,nan,nan
313.46,201.3436279296875,-228.7141571044922,-47.606319427490234,200.75347759302122,-228.55866708834353,-47.600596703855004,0.6103173883767725,0.32246093601597753,0.07028886806191202,3.50026719494668e-05,4.67097634640414,11.41623170448974,nan,1.3311121378863067,nan
313.47,201.3523406982422,-228.71392822265625,-47.60715103149414,200.76211405813092,-228.55834932848174,-47.60148086124872,0.610413327049969,0.32250383650142156,0.07031560859842768,3.570752671157003e-05,4.623042841310255,10.950488861660412,nan,nan,nan
313.48,201.36105346679688,-228.7136993408203,-47.60796356201172,200.77073841493822,-228.55803433293343,-47.60297456631368,0.6105148198114293,0.32254682213525554,0.07034241580490366,3.5009708654954186e-05,4.42118043314976,10.801678322890515,nan,0.275784048087942,nan
313.49,201.36976623535156,-228.71347045898438,-47.608760833740234,200.77937481222605,-228.55772577415595,-47.60383406420755,0.6106084771852559,0.3225898941320457,0.07036928985403615,3.571493883309898e-05,4.377721156937781,10.601891069283601,nan,nan,nan
313.5,201.3784942626953,-228.7132568359375,-47.60953903198242,200.79567124564153,-228.55611685075985,-47.607995026396225,0.6036373316011505,0.3225228060858723,0.07035770343198616,3.4995759192461155e-05,3.5116743857140906,10.326022995716412,2.826302397088553,7.7076557983374885,nan
313.51,201.38720703125,-228.71304321289062,-47.61030578613281,200.80433077738158,-228.5558078154671,-47.60885791263664,0.6037133374908001,0.3225657034713787,0.070384542490604,3.570049069816089e-05,3.489934404599402,10.096236208637599,nan,nan,nan
313.52,201.3959197998047,-228.71282958984375,-47.611053466796875,200.81301150376683,-228.55550697198422,-47.608533617914404,0.6037705170992748,0.3226086860060649,0.07041144839630066,3.50030925463723e-05,3.6005310889024726,10.28211294018481,nan,0.9707903526590816,nan
313.53000000000003,201.40463256835938,-228.71263122558594,-47.61178970336914,200.82167092992435,-228.55520651296712,-47.60935589197774,0.6038482718927441,0.32265175475864416,0.0704384213235977,3.5708203467277624e-05,3.572488286338435,10.356278936878816,nan,nan,nan
313.54,201.41334533691406,-228.71243286132812,-47.61250686645508,200.83034204743214,-228.5549122020672,-47.609496634981674,0.6039160994163566,0.3226949089829709,0.07046546138658362,3.5010574270604694e-05,3.6531336979816804,10.56782706582915,nan,0.3143814403305122,nan
313.55,201.42205810546875,-228.7122344970703,-47.61321258544922,200.79922121795724,-228.53593732190694,-47.61024706212979,0.6473138935201133,0.3226279093409351,0.0704537256998669,3.569404378088084e-05,3.750901843572143,10.642454852330928,14.502445936196525,nan,nan
313.56,201.43077087402344,-228.7120361328125,-47.61390686035156,200.80780323620095,-228.535614053092,-47.61181464258534,0.6474703123404321,0.32267088872280403,0.07048072992979362,3.499701972002361e-05,3.6180191594986684,10.250477041135452,nan,0.4450549953226755,nan
313.57,201.43948364257812,-228.7118377685547,-47.61458206176758,200.81639865893024,-228.53529743161272,-47.612583294758515,0.6476151499807782,0.32271395418432586,0.07050780135670993,3.5702009967660925e-05,3.593491177044259,10.410899922943429,nan,nan,nan
313.58,201.4481964111328,-228.71165466308594,-47.61524963378906,200.82499858916384,-228.53498570312817,-47.613061343230946,0.6477593961765404,0.3227571051064079,0.0705349400931587,3.500473875698168e-05,3.6066048363865923,10.417323434106073,nan,0.05452826074499325,nan
313.59000000000003,201.45692443847656,-228.7114715576172,-47.61589813232422,200.83359415896354,-228.53467706018924,-47.613802225247305,0.64792077023743,0.32280034236718724,0.0705621463159316,3.571010494414826e-05,3.5816165945872047,10.506826595040543,nan,nan,nan
313.6,201.46563720703125,-228.7113037109375,-47.61653518676758,200.85086310532324,-228.53657544187297,-47.614605048027,0.6391250969698601,0.32273342860689586,0.07055025860166306,3.499141232756634e-05,3.4524905852367667,10.78755956247076,1.1093566816479987,0.000791983782959226,nan
313.61,201.47434997558594,-228.71112060546875,-47.61716079711914,200.8594767001262,-228.53627540774806,-47.61532327074149,0.6392521916612801,0.322776490724174,0.07057742813770418,3.5696279415563656e-05,3.4294469750100247,10.14925793047705,nan,nan,nan
313.62,201.48306274414062,-228.71095275878906,-47.617774963378906,200.86808166175925,-228.53597682453238,-47.61661520411647,0.6393900642780697,0.3228196382832183,0.07060466515381342,3.499932836406764e-05,3.3616799775154522,10.355096849897917,nan,0.24190556011238998,nan
313.63,201.4917755126953,-228.71078491210938,-47.61837387084961,200.87669557952452,-228.53568370418952,-47.61731626538979,0.6395192536067099,0.32286287205236525,0.0706319698280401,3.5704573991999265e-05,3.343168641852101,10.410129455308518,nan,nan,nan
313.64,201.50048828125,-228.7106170654297,-47.61896514892578,200.8852934504509,-228.5353901024841,-47.61914282022393,0.6396633489204905,0.3229061915773426,0.07065934227107504,3.50073466725921e-05,3.301534057746064,10.002538544694923,nan,0.9119046910628207,nan
313.65000000000003,201.5092010498047,-228.71046447753906,-47.61954116821289,200.8634516688913,-228.50583241793876,-47.619880601007296,0.6773969722259784,0.32283936266156815,0.0706472998412044,3.569094116806988e-05,2.8211024931991595,11.294399215736384,24.586868794805216,nan,nan
313.66,201.51792907714844,-228.71029663085938,-47.6201057434082,200.86040640805828,-228.51267120855195,-47.619630351398925,0.6865799981846203,0.3216432800421968,0.07020292107354754,3.499345333622654e-05,4.286883714625714,12.019239464660536,nan,0.5995574782511824,0.10957365302720896
313.67,201.52664184570312,-228.71014404296875,-47.62065887451172,200.86899199404706,-228.5123398931276,-47.62029121298545,0.6867531902019933,0.3216844968060673,0.07022778010999448,3.5698556101543947e-05,4.266542760999634,12.506068223100135,nan,nan,nan
313.68,201.5353546142578,-228.70999145507812,-47.6212043762207,200.8775599404338,-228.5120176287035,-47.62137106356599,0.6869406791167101,0.32172579546918334,0.07025269997934061,3.500165244835975e-05,4.246146178273683,12.16775510194388,nan,0.1301372939192478,nan
313.69,201.5440673828125,-228.70974731445312,-47.6218376159668,200.88614570621573,-228.5116420972203,-47.6220675408031,0.6871001837404835,0.32176718104235386,0.07027768138565849,3.5707129618820494e-05,4.232134411405325,12.656573830705357,nan,nan,nan
313.7,201.5527801513672,-228.7093963623047,-47.62256622314453,200.9152376200553,-228.52404707347557,-47.62168876092741,0.66393946112651,0.32169589146929517,0.07026731498085306,3.498875936116568e-05,4.367983310878633,11.710486107917557,5.3445825255881765,0.7760523452268917,nan
313.71,201.56150817871094,-228.70895385742188,-47.62338638305664,200.9238466540169,-228.5235067081894,-47.622557639783345,0.6640809830502572,0.32173710649747206,0.07029226904036222,3.569373528458715e-05,4.35142717072605,11.649615294279833,nan,nan,nan
313.72,201.57022094726562,-228.7084197998047,-47.62429428100586,200.9324355084568,-228.52287905856824,-47.62403211786256,0.6642256403848485,0.32177840359989546,0.07031728418850341,3.499707881323555e-05,4.319776357595417,11.958426953178066,nan,0.1868535739345283,nan
313.73,201.5789337158203,-228.70779418945312,-47.62528991699219,200.94104465947052,-228.52215111642963,-47.62508756739394,0.6643537007632275,0.321819787320913,0.07034236108543787,3.5702430870425904e-05,4.30453559273341,12.064718290401226,nan,nan,nan
313.74,201.587646484375,-228.7070770263672,-47.626373291015625,200.9496570831717,-228.52132956362004,-47.62614498727081,0.6644792307418992,0.3218612535173442,0.070367499369192,3.5005465283861435e-05,4.290459119152173,12.069766779509937,nan,0.005354246400982087,nan
313.75,201.5963592529297,-228.70626831054688,-47.62754440307617,200.9564418192786,-228.51913394371644,-47.62726884306759,0.6667185831165412,0.32179011129486346,0.07035702254413385,3.568915643948346e-05,4.263744282377782,11.970218214489712,0.5761663356237622,nan,nan
313.76,201.60508728027344,-228.7053680419922,-47.62880325317383,200.96510038811232,-228.51811143096194,-47.62722012133073,0.6668213904929973,0.3218314069388738,0.07038213287727149,3.499272391994516e-05,4.319490341592971,11.750682913303223,nan,1.3173098827894614,nan
313.77,201.61380004882812,-228.70437622070312,-47.63014602661133,200.97370781945594,-228.51701735389395,-47.628609546431505,0.6669510985417277,0.32187278892441296,0.07040730516829094,3.569794562033264e-05,4.299968790446892,11.838958786877402,nan,nan,nan
313.78000000000003,201.6225128173828,-228.70335388183594,-47.631568908691406,200.98231200935956,-228.51585978030877,-47.630173787375085,0.6670929913172455,0.32191425353666203,0.07043253909709155,3.500119837682989e-05,4.273531147657871,12.391573227317785,nan,0.0056538624207266835,nan
313.79,201.6312255859375,-228.7023162841797,-47.633079528808594,200.99091937763893,-228.51467581376906,-47.631733669658466,0.6672351893136808,0.32195580467503765,0.07045783526396647,3.5706790146094096e-05,4.252255783734351,11.911867821579635,nan,nan,nan
313.8,201.6399383544922,-228.70127868652344,-47.634666442871094,200.99888124034584,-228.51168217476376,-47.631603236441265,0.6685136080161073,0.3218848045348908,0.0704472448756966,3.4988545023409824e-05,4.380037834183413,12.33448076652052,0.3021810977596758,2.1912798322648985,nan
313.81,201.64865112304688,-228.70025634765625,-47.63633728027344,201.00749135225453,-228.51049975568912,-47.63331088789204,0.6686572925859051,0.3219261848927036,0.07047251244850326,3.569363088078208e-05,4.351760462931579,12.219231995006535,nan,nan,nan
313.82,201.65737915039062,-228.69924926757812,-47.63808822631836,201.01614705801177,-228.5093159224073,-47.63377125885642,0.668783902402275,0.32196764801283473,0.07049784190550887,3.499708373975706e-05,4.611467862730818,12.351064848965713,nan,1.2469285963457162,nan
313.83,201.6660919189453,-228.69825744628906,-47.63991928100586,201.02475677375978,-228.5081653007146,-47.63562771721012,0.668927656610986,0.32200919740368383,0.07052323380735888,3.570254102718865e-05,4.578359884342962,12.336757422964034,nan,nan,nan
313.84000000000003,201.6748046875,-228.69729614257812,-47.64182662963867,201.03342320820903,-228.50701265929018,-47.635866191681465,0.6690392610380259,0.3220508299391749,0.07054868789079174,3.500566398124946e-05,5.060338768315297,13.378716820930777,nan,2.034676563912117,nan
313.85,201.6835174560547,-228.69635009765625,-47.6437873840332,201.0171058790178,-228.49420673432826,-47.63783207390218,0.6964207026396426,0.32197997420067254,0.07053798170888666,3.568944947787635e-05,5.110627708573205,13.450668541383692,5.660606652932728,nan,nan
313.86,201.69223022460938,-228.69541931152344,-47.645751953125,201.0256451987742,-228.4931024827884,-47.64075457635452,0.6966295067190669,0.3220214359122939,0.07056340656168654,3.499308692159695e-05,4.814212687958474,13.190388420070835,nan,0.5834295955750572,nan
313.87,201.70094299316406,-228.6945037841797,-47.64769744873047,201.03421397964098,-228.49200623019502,-47.642772882901326,0.6968192650837386,0.32206298365289093,0.07058889406351412,3.569840397678344e-05,4.7637603127369434,13.19755434909353,nan,nan,nan
313.88,201.70965576171875,-228.69361877441406,-47.649620056152344,201.04282044951123,-228.49091476698675,-47.64357157250271,0.6969898366464603,0.3221046146512321,0.07061444398836912,3.50017094512555e-05,5.11296023111998,13.670187201441545,nan,1.0142001048555178,nan
313.89,201.71836853027344,-228.69273376464844,-47.65150451660156,201.05138893854408,-228.4898547385079,-47.6455277419469,0.697178167233077,0.3221463318815055,0.07064005684331535,3.570739156397377e-05,5.052500916677179,13.396704871225603,nan,nan,nan
313.90000000000003,201.72708129882812,-228.69187927246094,-47.653358459472656,201.072640677013,-228.49686497743173,-47.6454901373543,0.6829238707502233,0.3220756161386271,0.07062923180294442,3.4989178479497166e-05,5.882686992642844,14.113422930416853,2.0249442528372525,2.927373877963977,nan
313.91,201.7357940673828,-228.6910400390625,-47.65517807006836,201.0812232590849,-228.4958570657027,-47.64736041692665,0.6830962244559627,0.3221171623175418,0.07065481475446761,3.569434955277143e-05,5.809291580749399,13.928321816263859,nan,nan,nan
313.92,201.7445068359375,-228.69021606445312,-47.656959533691406,201.08981596534653,-228.49486236090112,-47.64885307002725,0.6832634340280342,0.32215879185266116,0.07068046036584108,3.499782578662395e-05,5.9587747998727965,14.223719852424441,nan,0.08313006529081275,nan
313.93,201.7532196044922,-228.6894073486328,-47.65870666503906,201.0983984217901,-228.4938878652401,-47.65065098642381,0.683435105668015,0.3222005073981262,0.07070616910934578,3.570336321674037e-05,5.882825025265047,14.076806254928169,nan,nan,nan
313.94,201.76193237304688,-228.68861389160156,-47.66041564941406,201.1069573788077,-228.49293817515354,-47.65322391447848,0.6836175466863383,0.3222423066646124,0.07073194080911484,3.500649688824871e-05,5.526988929151663,13.9391875840509,nan,0.4619709490872681,nan
313.95,201.77064514160156,-228.68783569335938,-47.66209411621094,201.11620052612437,-228.49452233619692,-47.65490793353264,0.6824364072981376,0.3221717322316845,0.070720994573862,3.5690352951180386e-05,5.602285542646466,13.593673870100204,0.7549779153669878,nan,nan
313.96,201.77935791015625,-228.68707275390625,-47.66373825073242,201.12481991048557,-228.49358834472093,-47.65508124069695,0.6825914982135657,0.3222133603694444,0.07074673570180039,3.499399015146074e-05,6.281521206464607,14.340344836598176,nan,1.6570229451719807,nan
313.97,201.78807067871094,-228.6863250732422,-47.66535186767578,201.13339631308753,-228.49268564876095,-47.65673878488879,0.6827656529973731,0.32225507430842437,0.0707725401613964,3.5699377182251095e-05,6.2025852564338955,14.135174068948013,nan,nan,nan
313.98,201.79678344726562,-228.6855926513672,-47.66693115234375,201.14198360387994,-228.4917938239827,-47.657957039118784,0.6829358352742212,0.3222968720462655,0.07079840780902055,3.500267236439892e-05,6.410040421392223,14.535784694216373,nan,0.11738249944860918,nan
313.99,201.8054962158203,-228.6848907470703,-47.668479919433594,201.15055978857828,-228.4909205102085,-47.65954803936078,0.6831148915068571,0.32233875580509896,0.07082433907036634,3.570841944641409e-05,6.327305578165408,14.917818705543569,nan,nan,nan
314.0,201.814208984375,-228.68418884277344,-47.66999816894531,201.17441444308145,-228.48846913250946,-47.66104788565973,0.6691213399868031,0.3222683189687609,0.07081326864797807,3.499018364226306e-05,5.879523077916105,14.561304498127896,13.818639208571687,0.03133264174392326,nan
314.01,201.8229217529297,-228.68348693847656,-47.67148208618164,201.18303961335434,-228.4876077132395,-47.66257958966088,0.6692511321404699,0.3223100313711021,0.07083916863641188,3.569541471494539e-05,5.795886638681743,14.332873155013457,nan,nan,nan
314.02,201.83163452148438,-228.6828155517578,-47.67293930053711,201.1916988429287,-228.486747524908,-47.66274055460467,0.6693760962716583,0.32235182763691195,0.07086513204001005,3.499886434433555e-05,6.532308878274627,15.418955418557811,nan,1.2711267985127621,nan
314.03000000000003,201.84034729003906,-228.68215942382812,-47.67436981201172,201.2003239543511,-228.48591370958914,-47.66420133037574,0.6695114999767422,0.3223937097326738,0.07089115925478674,3.5704456904362146e-05,6.44110426226479,15.264188193994622,nan,nan,nan
314.04,201.84906005859375,-228.6815185546875,-47.6757698059082,201.20900971326836,-228.48507050477383,-47.66315974451139,0.6696381817925771,0.32243567604100154,0.07091725018009179,3.5007557234804894e-05,8.072216857331703,17.136029320972238,nan,4.322006071112664,nan
314.05,201.85777282714844,-228.68087768554688,-47.67714309692383,201.2472947271058,-228.49980934707844,-47.66457104505872,0.6368887738965687,0.3223653772880107,0.07090605314598411,3.5691460651708714e-05,7.930650715130279,16.244616327926085,7.900418436294977,nan,nan
314.06,201.86648559570312,-228.6802520751953,-47.67848587036133,201.255978861326,-228.4990375847571,-47.66528573681739,0.6369704920874762,0.32240717213066555,0.07093211209915418,3.499505901454171e-05,8.466494409049462,17.139368330761638,nan,0.2894068075235974,nan
314.07,201.8751983642578,-228.6796417236328,-47.67980194091797,201.2646477821515,-228.49828410402912,-47.666608147979154,0.6370531184059685,0.32244905262319823,0.07095823505845934,3.5700491709910426e-05,8.348533870086111,17.158334097818333,nan,nan,nan
314.08,201.8839111328125,-228.67904663085938,-47.681095123291016,201.2733513602566,-228.49752987864815,-47.66638675136236,0.637140411056778,0.32249101737457997,0.07098442195038068,3.500374315664997e-05,9.63795642232236,18.365382649293323,nan,1.6273468951454224,nan
314.09000000000003,201.8926239013672,-228.678466796875,-47.6823616027832,201.28202016080948,-228.4968008703565,-47.66764342421734,0.6372252832563865,0.3225330680105224,0.0710106731315518,3.5709531333673226e-05,9.508868270388545,18.4735057517653,nan,nan,nan
314.1,201.9013214111328,-228.67788696289062,-47.68360137939453,201.2902147681515,-228.50266121197998,-47.67043487462206,0.6358685003410909,0.32246290416674145,0.07099934655967541,3.499124554644598e-05,8.718441845630583,17.084333040087675,6.2892881437979575,2.0677125354361565,nan
314.11,201.9100341796875,-228.6773223876953,-47.684818267822266,201.2988649585678,-228.50197712650385,-47.67165699510371,0.6359614741208236,0.32250478310764713,0.07102556504033239,3.5696513283069414e-05,8.602142183632683,16.842091494807903,nan,nan,nan
314.12,201.9187469482422,-228.67677307128906,-47.68600845336914,201.3075325566619,-228.50129762091365,-47.67204054986901,0.6360579914500788,0.3225467463420559,0.07105184767111766,3.499991203239407e-05,9.30926880393448,17.89409295354204,nan,0.4688919706814584,nan
314.13,201.92745971679688,-228.67623901367188,-47.68717575073242,201.31618298551913,-228.50063567623252,-47.67320776239494,0.636153188327808,0.3225887952966539,0.07107819478403207,3.570553693948017e-05,9.184327863634046,17.90943958739122,nan,nan,nan
314.14,201.93617248535156,-228.6757049560547,-47.68832015991211,201.32484286931586,-228.49998081521196,-47.67388813803152,0.6362477162024545,0.3226309288801616,0.07110460634137918,3.500858377015023e-05,9.655314404197775,18.110237303877273,nan,0.15219018584422242,nan
314.15000000000003,201.94488525390625,-228.67518615722656,-47.6894416809082,201.3169676802007,-228.49514288044875,-47.674999188323106,0.6533794046901372,0.3225608997639944,0.07109314773698776,3.569251371358965e-05,9.77130889820314,18.314132777313603,4.373558582269988,nan,nan
314.16,201.95359802246094,-228.6746826171875,-47.6905403137207,201.32563179968915,-228.49449162797768,-47.673587085152136,0.6535271849690568,0.3226028615139445,0.07111952586489947,3.4996056810394085e-05,12.125549194289189,20.920662775232277,nan,4.443847408995144,nan
314.17,201.96231079101562,-228.67417907714844,-47.691619873046875,201.33424636853312,-228.4938697079786,-47.6746370902631,0.6536549566168627,0.3226449088290482,0.07114596866528691,3.5701513666412176e-05,11.977428406139957,20.35393884053054,nan,nan,nan
314.18,201.9710235595703,-228.67369079589844,-47.69267272949219,201.34288847516197,-228.49324696930697,-47.674200686873256,0.653800332806709,0.3226870407918711,0.07117247612265684,3.500470845247134e-05,13.632525464695057,22.620747117630334,nan,1.5162618411176665,nan
314.19,201.979736328125,-228.6732177734375,-47.69371032714844,201.3515025494564,-228.49264498449875,-47.67519495982241,0.6539319778024043,0.32272925856736845,0.07119904853665418,3.5710516898569325e-05,13.470409263594245,22.30042771787256,nan,nan,nan
314.2,201.9884490966797,-228.67274475097656,-47.694725036621094,201.35283589954705,-228.48929995635936,-47.67702893437617,0.6617924758381505,0.32265936140964063,0.07118745503342887,3.499217261905742e-05,12.867715784933093,21.72547018187194,0.5739296193876157,0.5018707741311275,nan
314.21,201.99716186523438,-228.6722869873047,-47.695716857910156,201.36143631333897,-228.4887132905544,-47.677992995771476,0.661936866143894,0.322701407119104,0.07121399326326877,3.569745693280789e-05,12.70449595541574,22.05940923588003,nan,nan,nan
314.22,202.00587463378906,-228.6718292236328,-47.69668960571289,201.37000920717983,-228.48814671146584,-47.68051047483883,0.6620618326929476,0.32274353748513057,0.07124059635816032,3.5000797970815846e-05,11.36994300710354,20.49760741484554,nan,1.7455574273173757,nan
314.23,202.01458740234375,-228.67140197753906,-47.69764709472656,201.3786095704032,-228.48757838668146,-47.681452813899725,0.6622093098160762,0.32278575352201044,0.07126726459788005,3.570643587045362e-05,11.2214723531082,20.762264723238758,nan,nan,nan
314.24,202.02330017089844,-228.67095947265625,-47.69858169555664,201.38721194823088,-228.4870181714212,-47.68225627783822,0.6623512275070466,0.3228280545392699,0.07129399799594137,3.5009425061929275e-05,11.476363572004388,20.702876064461332,nan,0.010298050730817755,nan
314.25,202.03201293945312,-228.6705322265625,-47.69949722290039,201.395200349713,-228.48493154379202,-47.68321199239082,0.6635081737470419,0.32275828862894673,0.07128226704648608,3.5693364064560696e-05,11.227250409265178,20.88447114825457,0.2740844178000885,nan,nan
314.26,202.0407257080078,-228.6701202392578,-47.70039749145508,201.40378910338828,-228.48439064604833,-47.68495573217564,0.6636431029006992,0.32280041741484833,0.07130896550295379,3.499685013284879e-05,10.596812122440081,20.304213773954512,nan,0.5159442883789678,nan
314.27,202.0494384765625,-228.66970825195312,-47.70127868652344,201.41239179847526,-228.48385275478165,-47.68583626169828,0.6637840043081259,0.32284263173747246,0.07133572928985346,3.5702313342119515e-05,10.449579695275979,20.086033487171672,nan,nan,nan
314.28000000000003,202.0581512451172,-228.6693115234375,-47.70214080810547,201.42101086472078,-228.4833167140595,-47.685652135213296,0.6639381068902261,0.32288493103596266,0.07136255843834219,3.500545192399334e-05,11.52346041837611,21.573644191088825,nan,0.7752939099145425,nan
314.29,202.06686401367188,-228.66893005371094,-47.70298767089844,201.42961388079786,-228.48279529136295,-47.68648929637883,0.6640828848600773,0.3229273161294452,0.07138945320239003,3.571126361113978e-05,11.365182559774023,21.573012331640726,nan,nan,nan
314.3,202.07557678222656,-228.6685333251953,-47.70381546020508,201.45119935655006,-228.48943028388263,-47.687290371662385,0.6497677643998739,0.3228576789884763,0.07137758199409348,3.4992864265329123e-05,11.548275501264872,21.29752654327146,2.317737662296737,0.016790841822429934,nan
314.31,202.08428955078125,-228.6681671142578,-47.704627990722656,201.45982117294184,-228.48893817226775,-47.68809694841115,0.6498900244873443,0.32289989161346033,0.07140444103641394,3.569814893689616e-05,11.385909492314635,21.76245286593232,nan,nan,nan
314.32,202.09300231933594,-228.6678009033203,-47.70542526245117,201.468433592243,-228.48845752191937,-47.68956725875701,0.650001245841865,0.3229421892014542,0.0714313656392148,3.500143644995162e-05,10.90220753144716,21.08276454828212,nan,0.32555816544215993,nan
314.33,202.10171508789062,-228.6674346923828,-47.70620346069336,201.4770557255797,-228.48798035568842,-47.6903503374867,0.6501188348267701,0.322984572461087,0.07145835604092297,3.570707191293874e-05,10.74302644269765,21.06733426284128,nan,nan,nan
314.34000000000003,202.1104278564453,-228.66708374023438,-47.70697021484375,201.48567192886298,-228.48751302124515,-47.691567389366895,0.6502329268810007,0.32302704099800084,0.07148541229547122,3.5010009255766135e-05,10.467976386539938,20.729968211965822,nan,0.14214346930082505,nan
314.35,202.119140625,-228.66673278808594,-47.70771789550781,201.50168993964854,-228.47282511650968,-47.69234478812332,0.6473653268192266,0.3229575315040254,0.07147339824480667,3.569394357026703e-05,9.517935345578856,21.060419723775166,31.68372435280459,nan,nan
314.36,202.1278533935547,-228.66639709472656,-47.70845413208008,201.5103558883066,-228.47232418230038,-47.6939392297064,0.6474396857747459,0.32299982738279354,0.07150041799290467,3.499737975864313e-05,8.904128152609744,20.48570417808361,nan,0.5101901025620398,nan
314.37,202.13656616210938,-228.6660614013672,-47.70917510986328,201.51903277444436,-228.47182566410353,-47.69467858918366,0.6475223205598442,0.32304220881596646,0.07152750372057784,3.570283548901541e-05,8.757917874801503,20.25999819585662,nan,nan,nan
314.38,202.14527893066406,-228.66574096679688,-47.70988082885742,201.5276975474299,-228.47133910270688,-47.696406000425085,0.6475958775967899,0.32308467550257175,0.07155465549533693,3.500592626855432e-05,8.046144766815047,19.94494187203332,nan,0.7080127359241019,nan
314.39,202.15399169921875,-228.66542053222656,-47.7105712890625,201.53637475377107,-228.47085396285496,-47.69712869676954,0.6476785811717961,0.3231272280106065,0.07158187353567932,3.571172814787969e-05,7.907088755214985,19.78256074823361,nan,nan,nan
314.40000000000003,202.16270446777344,-228.66510009765625,-47.71125030517578,201.567496070014,-228.47692593250497,-47.69831665729481,0.6243795579943837,0.3230578438831356,0.07156971387855887,3.4993283963347745e-05,7.3975693961830835,19.028200487546986,7.048192685366707,0.2304894577760646,nan
314.41,202.17141723632812,-228.664794921875,-47.7119140625,201.57621916278438,-228.47645875002777,-47.69901766106906,0.6244177908629103,0.3231002234897476,0.07159689460782617,3.569855673301154e-05,7.26402036419173,19.386549845264685,nan,nan,nan
314.42,202.1801300048828,-228.66448974609375,-47.712562561035156,201.58493366520528,-228.47600149122283,-47.700485479993795,0.624445642851555,0.3231426883191108,0.071624141574211,3.5001801101661366e-05,6.760333469633263,18.900026196573005,nan,0.42867913546182473,nan
314.43,202.1888427734375,-228.66419982910156,-47.71320343017578,201.59365708795357,-228.47554664413417,-47.70116966558407,0.6244844560864277,0.3231852388611714,0.07165145498445824,3.570742263341957e-05,6.636631562448549,18.641014751672095,nan,nan,nan
314.44,202.1975555419922,-228.66390991210938,-47.713829040527344,201.60238212320868,-228.47509710468916,-47.70171523478954,0.6245225528047816,0.3232278749326102,0.07167883492336123,3.501031931412198e-05,6.760767056093584,18.85673616246551,nan,0.011351659266428057,nan
314.45,202.20626831054688,-228.6636199951172,-47.714439392089844,201.62181536296922,-228.47950452121657,-47.70241840761382,0.6128851929437004,0.3231586147359585,0.07166652705531498,3.569423885076361e-05,6.569648200974296,18.799733143787854,1.1398644830508426,nan,nan
314.46,202.21499633789062,-228.66334533691406,-47.71504211425781,201.63055238676145,-228.4790769805796,-47.7035246702168,0.6129128899565748,0.3232010776943425,0.07169386887238784,3.4997636967800184e-05,6.299991665556307,18.25547636420984,nan,0.14761825836142034,nan
314.47,202.2237091064453,-228.66307067871094,-47.71562957763672,201.63929395189808,-228.4786529041385,-47.70416713773907,0.6129293401128065,0.3232436262613737,0.07172127730883025,3.570307522741505e-05,6.178094708704502,18.485065255758364,nan,nan,nan
314.48,202.232421875,-228.66281127929688,-47.71620559692383,201.6480346464967,-228.47823462916688,-47.70489195704702,0.6129477718845454,0.3232862603182665,0.07174875245950975,3.500613057016558e-05,6.142675579656975,18.75691372819113,nan,0.006153677468432411,nan
314.49,202.2411346435547,-228.6625518798828,-47.71677017211914,201.6567761905285,-228.47782136206166,-47.70551363718,0.6129656396703472,0.32332898025776247,0.0717762945163341,3.571191337383688e-05,6.02271631940344,18.48172253928605,nan,nan,nan
314.5,202.24984741210938,-228.66229248046875,-47.71732711791992,201.65297979013462,-228.46309503642487,-47.70852372552815,0.6292917285274072,0.3232598418345664,0.07176383571768985,3.499343767236871e-05,4.444068440629966,17.002652297602992,7.133717093152535,4.255541230387059,nan
314.51,202.25856018066406,-228.66204833984375,-47.71786880493164,201.66172008041414,-228.4626563716486,-47.70914830824706,0.6293260755041857,0.32330238841028164,0.07179133882448924,3.569868998586525e-05,4.348634517958786,17.625000947510593,nan,nan,nan
314.52,202.26727294921875,-228.6616973876953,-47.718505859375,201.6704548038488,-228.46217466496705,-47.710481341541296,0.629337436050161,0.32334502043086194,0.07181890882704202,3.500190431464947e-05,4.0490672386698705,16.7844897205586,nan,0.3137522021650969,nan
314.53000000000003,202.27598571777344,-228.6612548828125,-47.71923065185547,201.67919502629655,-228.46159494684017,-47.711247799413634,0.6293543877649868,0.3233877382364554,0.07184654590871628,3.570750404947951e-05,3.984957994386909,17.26756613777814,nan,nan,nan
314.54,202.2847137451172,-228.6607208251953,-47.72005081176758,201.6879371531306,-228.46091987571435,-47.71185937413581,0.6293884490575657,0.32343054178759695,0.07187425017698194,3.501037342015087e-05,4.108019328344177,16.85443920271028,nan,0.04310319755377146,nan
314.55,202.29342651367188,-228.6600799560547,-47.7209587097168,201.74267305094074,-228.48820270469363,-47.7128287062603,0.5770071604425473,0.32336152346825553,0.07186163783598827,3.569427141655404e-05,4.098658298619128,16.520066355656322,20.878588315976547,nan,nan
314.56,202.30213928222656,-228.65936279296875,-47.721954345703125,201.75146779356737,-228.48740169853897,-47.714690015045676,0.5769423514698122,0.3234041534241432,0.07188930231870698,3.4997644931682254e-05,3.7451001381446742,16.75030444442396,nan,0.478693855447258,nan
314.57,202.31085205078125,-228.65855407714844,-47.72304153442383,201.76026855760614,-228.48650665757773,-47.7158253249083,0.5768834988259041,0.32344686907086934,0.07191703405066091,3.570305917704248e-05,3.6862249812160295,16.3464227828152,nan,nan,nan
314.58,202.31956481933594,-228.65765380859375,-47.724212646484375,201.76907247950334,-228.4855198224069,-47.71658784487519,0.5768275851712766,0.32348967041120946,0.07194483314647317,3.5006092633347956e-05,3.8790172976950648,16.78870095025248,nan,0.15001892716332335,nan
314.59000000000003,202.32827758789062,-228.6566619873047,-47.725467681884766,201.77787325049883,-228.48444509625,-47.717893940364505,0.5767676774446197,0.3235325577216661,0.071972699778941,3.571185044616211e-05,3.8151170665941834,16.830711083140383,nan,nan,nan
314.6,202.3369903564453,-228.65557861328125,-47.726810455322266,201.77804430241068,-228.4838597271024,-47.71828080025398,0.5847912637915975,0.32346365741481653,0.07195993121741998,3.4993357102658386e-05,4.461715110027178,16.71916887395404,2.7330833481817516,0.6645253730581758,nan
314.61,202.34571838378906,-228.6544189453125,-47.728233337402344,201.786820577622,-228.48261698064215,-47.71974775256283,0.584768909872115,0.32350637087074124,0.0719877572135058,3.569858365219791e-05,4.390320916969036,17.107349764166305,nan,nan,nan
314.62,202.35443115234375,-228.65316772460938,-47.72974395751953,201.7955882681687,-228.48129213966703,-47.72272069867241,0.5847186606028527,0.32354916996403743,0.07201565074680047,3.5001781403200736e-05,3.7731743485316978,16.133495972762177,nan,1.4270333462278755,nan
314.63,202.36314392089844,-228.65182495117188,-47.73133087158203,201.80436415605624,-228.47987833936278,-47.72436959093315,0.5846784777448223,0.3235920549379648,0.07204361198419532,3.570735461755034e-05,3.711973593745073,16.43112560704262,nan,nan,nan
314.64,202.37185668945312,-228.65045166015625,-47.733001708984375,201.81313222738723,-228.4784018231742,-47.72749490189994,0.5846404842641648,0.32363502584547316,0.07207164104906062,3.5010210021353605e-05,3.2107914704687244,16.189632450928652,nan,1.3713481758339898,nan
314.65000000000003,202.3805694580078,-228.6490478515625,-47.7347526550293,201.85464090446615,-228.50303159715332,-47.72932615065416,0.5458489140154464,0.3204508723970789,0.06806936213811804,3.5693242475298654e-05,4.017704488392479,17.304066384470197,14.10195350803234,nan,0.4260213556726122
314.66,202.3892822265625,-228.64767456054688,-47.7365837097168,201.86341618362556,-228.50150838810535,-47.731044330614274,0.5458299458633638,0.3204962131790448,0.06808948383013914,3.4996651035004825e-05,4.051036746305918,17.948211702343336,nan,0.025322704318932625,nan
314.67,202.3979949951172,-228.64630126953125,-47.73849105834961,201.8721986324998,-228.5000085153226,-47.73302958976464,0.5457959440255513,0.32054164093152243,0.06810966966791407,3.570201981454655e-05,3.9920431823815052,17.50003754933289,nan,nan,nan
314.68,202.40670776367188,-228.64495849609375,-47.74045181274414,201.88099426505138,-228.49854653273266,-47.735419779424646,0.545743957370463,0.32058715133826726,0.06812991187889178,3.500508954304724e-05,3.8618444539160985,17.371365947101566,nan,0.08135858953707537,nan
314.69,202.41542053222656,-228.64364624023438,-47.74241638183594,201.8897761536328,-228.4970901675559,-47.737502942854405,0.5457149778673742,0.32063274896003674,0.06815021838352327,3.57108023640508e-05,3.7961437495830297,17.625980777457702,nan,nan,nan
314.7,202.42413330078125,-228.64234924316406,-47.744361877441406,201.9057972521381,-228.50048271107886,-47.73821639493257,0.5374347766977465,0.3205709670657479,0.06814230856060337,3.49923484095484e-05,4.244541086097385,17.911868732614224,1.2232509431361103,1.4915333916855291,nan
314.71,202.43284606933594,-228.64108276367188,-47.74628448486328,201.9145877285119,-228.4990882417598,-47.74026124740176,0.5373922510385214,0.3206163750248808,0.06816261094305079,3.569753060566715e-05,4.163490402653412,17.53104754919105,nan,nan,nan
314.72,202.44155883789062,-228.63983154296875,-47.748172760009766,201.9234269506716,-228.4977828809914,-47.743544832880296,0.5372707814800872,0.3206618656707756,0.0681829702335604,3.5000766758894736e-05,3.741664806803522,16.930317671350284,nan,1.134821270945625,nan
314.73,202.4502716064453,-228.63861083984375,-47.750022888183594,201.9322170227222,-228.49643846893625,-47.74554061955445,0.5372277221980013,0.3207074433688675,0.06820339377082778,3.5706296203653104e-05,3.674786572855409,17.315651277166854,nan,nan,nan
314.74,202.458984375,-228.63742065429688,-47.7518424987793,201.94102093949837,-228.49513648523975,-47.74786843766508,0.5371654293070837,0.32075310409017355,0.06822387464027627,3.500919101078137e-05,3.54542039353944,16.864668410668664,nan,0.09463594099655455,nan
314.75,202.4676971435547,-228.63624572753906,-47.753623962402344,201.94561068619583,-228.4937579519773,-47.74973448593271,0.5411951248572588,0.3206912903608225,0.06821592463419789,3.569302247124021e-05,3.60987174407248,16.61018559329749,0.8237700644848803,nan,nan
314.76,202.47640991210938,-228.63510131835938,-47.75537109375,201.954448890195,-228.49256491929196,-47.753189882370414,0.5410773430296951,0.32073676124462414,0.06823640099265471,3.4996424738009136e-05,3.3044164006092203,16.38481990984715,nan,1.7194385105504486,nan
314.77,202.48512268066406,-228.63397216796875,-47.757083892822266,201.9632278729329,-228.49131941256002,-47.755066620471254,0.5410434994990692,0.32078231901412546,0.06825694155796429,3.570176898713458e-05,3.2654036627295624,16.01540216620214,nan,nan,nan
314.78000000000003,202.4938201904297,-228.63287353515625,-47.758758544921875,201.97194310186822,-228.4900154438141,-47.75520253683109,0.541088509414921,0.3208279598427497,0.06827753997087149,3.5004834528720555e-05,3.4949283591351104,17.07163075844558,nan,2.0581671388791136,nan
314.79,202.50253295898438,-228.6317901611328,-47.760406494140625,201.98072174947697,-228.48881439936414,-47.75699608053506,0.5410551152534023,0.3208736877972854,0.06829820274988994,3.571052260257243e-05,3.4424879711666514,15.865098620269283,nan,nan,nan
314.8,202.51124572753906,-228.63072204589844,-47.76201629638672,202.00661210801678,-228.49682314198893,-47.76051180307761,0.5220979505039678,0.320811837810883,0.0682902025907898,3.499206815208274e-05,3.187849133974176,15.744381138085998,3.247815118420431,2.362067690026459,nan
314.81,202.51995849609375,-228.6296844482422,-47.76359558105469,202.01541647343916,-228.4956834593212,-47.76225818418053,0.5220351580943402,0.32085737564242556,0.06831086015972536,3.5697225529012085e-05,3.156311394577681,15.773558774829286,nan,nan,nan
314.82,202.52867126464844,-228.62867736816406,-47.76514434814453,202.024218241945,-228.49456140781092,-47.763905435965164,0.5219784266035097,0.3209029965695693,0.06833157607599631,3.500046140168448e-05,3.132721369958664,15.885607699679293,nan,0.0032899857373281756,nan
314.83,202.53738403320312,-228.62767028808594,-47.76666259765625,202.03302245789337,-228.49346288250266,-47.76559009083328,0.5219131887902643,0.3209487044527977,0.06835235633185913,3.570596594271548e-05,3.104861520509729,15.163829489561138,nan,nan,nan
314.84000000000003,202.5460968017578,-228.62669372558594,-47.768150329589844,202.04185164726013,-228.4924153399176,-47.767941861860656,0.5218178840849323,0.3209944957703607,0.06837319534596574,3.500886233673708e-05,3.057240155277879,15.375933604395238,nan,0.34258750882974215,nan
314.85,202.55479431152344,-228.625732421875,-47.76960754394531,202.03782470575985,-228.48649104790496,-47.7695958548744,0.5353930646217427,0.32093261297195247,0.06836514793840044,3.569267059257931e-05,3.1288286757739794,15.445160269080532,1.6474412551818292,nan,nan
314.86,202.56350708007812,-228.6248016357422,-47.771034240722656,202.04665380466014,-228.48550417373636,-47.77255536163372,0.5352974920923805,0.32097821398349546,0.06838598129777794,3.4996076150908416e-05,3.178167944404705,15.625211877116545,nan,1.2960410169099044,nan
314.87,202.5722198486328,-228.62388610839844,-47.77243423461914,202.05543530573868,-228.48447737075546,-47.7741459129165,0.5352606745765068,0.3210239017801495,0.06840687897916466,3.570139557816178e-05,3.1776337672396364,15.271863972896725,nan,nan,nan
314.88,202.5809326171875,-228.6229705810547,-47.773807525634766,202.06415375531355,-228.48339167799008,-47.77388603104269,0.5352968040475741,0.3210696730473225,0.06842783589628211,3.500446610838623e-05,3.0802643797742455,14.440597797503125,nan,2.346652171818384,nan
314.89,202.5896453857422,-228.62210083007812,-47.775150299072266,202.0729355490236,-228.4824016384291,-47.77540443703487,0.5352616034195145,0.3211155313387377,0.06844885730871514,3.5710129446279035e-05,3.065151243056353,15.443137110375282,nan,nan,nan
314.90000000000003,202.5983428955078,-228.62123107910156,-47.77647018432617,202.07180076303734,-228.48155422095738,-47.777523930269965,0.5447543963549923,0.32105361177005926,0.06844075392849548,3.4991683209070946e-05,3.341534289879726,14.58561306964683,3.5993051972554424,0.303972599594293,nan
314.91,202.6070556640625,-228.62037658691406,-47.77775955200195,202.0805586664636,-228.48060976680176,-47.77899667081522,0.5447342314816745,0.32109927946054284,0.06846176896481705,3.569681605414435e-05,3.337016133626261,14.570809459018344,nan,nan,nan
314.92,202.6157684326172,-228.6195526123047,-47.77902603149414,202.0893401129681,-228.47971099566163,-47.78114445244122,0.5446897659963983,0.32114503065615496,0.06848284369744634,3.500005996814088e-05,3.406128488407382,14.698736064706349,nan,0.3460881428920486,nan
314.93,202.62448120117188,-228.6187286376953,-47.78026580810547,202.0980980192111,-228.4788007104863,-47.78257455710043,0.5446690824584002,0.321190868705049,0.0685039829233262,3.57055401579759e-05,3.4118971366569486,14.26164255468007,nan,nan,nan
314.94,202.63319396972656,-228.61793518066406,-47.7814826965332,202.10685576218881,-228.47790687810547,-47.78398061872986,0.544652250382563,0.3212367921491925,0.06852518446300954,3.642532841231091e-05,3.4180044598743327,14.42866674434926,nan,nan,nan
314.95,202.64190673828125,-228.61715698242188,-47.78267288208008,202.10871230421387,-228.4755747293168,-47.78530309076312,0.5516781279989822,0.321174838696222,0.06851702673259105,3.713573392321356e-05,3.5272339039369323,14.435896397929387,0.9194010621648403,nan,nan
314.96,202.65060424804688,-228.6163787841797,-47.783843994140625,202.11739235043183,-228.47463886177616,-47.78470689565249,0.5517298958369188,0.32122056967217383,0.06853821900670212,3.635340342356708e-05,3.346146437496224,13.587914703616768,nan,2.496858451671474,nan
314.97,202.65931701660156,-228.61563110351562,-47.78498840332031,202.12613603255753,-228.47379413103295,-47.78602345412965,0.5517252575688355,0.3212663874519533,0.06855947595309453,3.708535885871581e-05,3.338989956937473,13.984648865298212,nan,nan,nan
314.98,202.66802978515625,-228.61489868164062,-47.786109924316406,202.13491467231287,-228.47300566211953,-47.788409292507296,0.5516798343467847,0.32131228899526576,0.06858079327104806,3.6305750353299676e-05,3.440244076110727,14.046435981372353,nan,0.7805018459267684,nan
314.99,202.67674255371094,-228.61416625976562,-47.787208557128906,202.1436583790319,-228.47219071456888,-47.78969290771291,0.5516719720313533,0.32135827757364166,0.06860217543609995,3.7036415572240935e-05,3.4465934838440937,13.589921019375504,nan,nan,nan
315.0,202.68545532226562,-228.61346435546875,-47.78828430175781,202.16456813507938,-228.4770069034076,-47.791505298161816,0.5384742081248205,0.3212962866481483,0.06859395559055353,3.6236861274478125e-05,3.5236084998629766,14.072465915649726,2.002614243446145,0.2992577820450435,nan
315.01,202.6941680908203,-228.61276245117188,-47.78934097290039,202.17333190026125,-228.47623018197118,-47.792751405047575,0.538445010169658,0.32134208413067833,0.06861533013730524,3.6965390277919455e-05,3.5372921222403235,13.429715043690539,nan,nan,nan
315.02,202.70286560058594,-228.61209106445312,-47.790374755859375,202.18209173865912,-228.47546296561706,-47.79385150701618,0.5384094542783701,0.32138796542206416,0.06863676550077957,3.6192053677808294e-05,3.5408656291965808,14.218447110126684,nan,0.010444898216972592,nan
315.03000000000003,202.71157836914062,-228.61141967773438,-47.79138946533203,202.19085550696985,-228.47471394989668,-47.79505632827529,0.5383810928095434,0.3214339335638359,0.068658265710103,3.691943980101324e-05,3.5564358215363288,13.396370684958347,nan,nan,nan
315.04,202.7202911376953,-228.6107635498047,-47.79238510131836,202.19966154035833,-228.4740271843282,-47.79763662406035,0.5383117960421179,0.32147998585767984,0.06867982712724562,3.614865921598654e-05,3.9405240921697327,13.666322863567958,nan,1.2862918001431805,nan
315.05,202.72900390625,-228.61012268066406,-47.793357849121094,202.17930161576942,-228.46394276287094,-47.798798367278465,0.5688328188171123,0.32141796001627115,0.0686715459721916,3.685163851481649e-05,4.250087586688361,13.84589099657871,9.324052090927717,nan,nan
315.06,202.7377166748047,-228.6094970703125,-47.7943115234375,202.1879187022705,-228.463120954902,-47.796864303818396,0.5689554415356588,0.3214638210160848,0.0686930992263889,3.608432607482021e-05,3.6128851150792074,13.147570504863356,nan,6.357246463808614,nan
315.07,202.74642944335938,-228.60888671875,-47.79524612426758,202.19662820162074,-228.46241695198052,-47.79797662100287,0.5689835266572079,0.3215097686860414,0.0687147173387868,3.680871415054385e-05,3.6201664650510845,13.174810183181538,nan,nan,nan
315.08,202.75514221191406,-228.6082763671875,-47.796165466308594,202.2053692921094,-228.4617609366422,-47.80014512847617,0.5689752828105886,0.3215558005449849,0.06873639707531076,3.6043840498692353e-05,3.843034105646399,12.7270476659358,nan,0.7671421264989788,nan
315.09000000000003,202.7638397216797,-228.60769653320312,-47.797061920166016,202.21407908393408,-228.46108176584326,-47.80123272999504,0.5689903729212588,0.32160191931128357,0.06875814186508186,3.676728275897692e-05,3.8615701436175174,13.740371990706237,nan,nan,nan
315.1,202.77255249023438,-228.60711669921875,-47.797943115234375,202.21819124513908,-228.4569402185068,-47.80063634125365,0.5743488651412358,0.3215398553411423,0.06874979248298971,3.5982595899961186e-05,3.5301745036745045,12.697927027600011,0.41843507303087724,1.8799129536122374,nan
315.11,202.78126525878906,-228.60655212402344,-47.79880905151367,202.226895983687,-228.4562762865198,-47.80167350541633,0.5743834308288903,0.3215857825000139,0.06877152833915605,3.670425114822114e-05,3.53793097870154,12.557347628057766,nan,nan,nan
315.12,202.78997802734375,-228.60598754882812,-47.799652099609375,202.23560421776568,-228.45562751404773,-47.80281379161631,0.5744114005672292,0.32163179387869434,0.0687933262159767,3.594501729524092e-05,3.578889786345342,12.674650743908309,nan,0.009553839965238538,nan
315.13,202.79869079589844,-228.60543823242188,-47.80048370361328,202.2443092634715,-228.4549861891732,-47.80381979624282,0.5744439314047647,0.32167789199158603,0.06881518917883307,3.6665855206051655e-05,3.5906116069979555,12.327115725478606,nan,nan,nan
315.14,202.80740356445312,-228.6049041748047,-47.80129623413086,202.25303471668707,-228.45437799840258,-47.80554009295822,0.5744570997850501,0.32172407466125724,0.06883711453436918,3.590886694004717e-05,3.7747703898379017,12.78124352568432,nan,0.35704681273306194,nan
315.15000000000003,202.8161163330078,-228.60438537597656,-47.80208969116211,202.2395131778567,-228.4485097028587,-47.80648243978675,0.5973171019154188,0.32166197454371726,0.06882869669127198,3.660601125810183e-05,4.098004158392188,13.076063451522234,6.899386005283838,nan,nan
315.16,202.8248291015625,-228.6038818359375,-47.80287170410156,202.24813601259459,-228.4478593121206,-47.806012895663464,0.5974343594789092,0.32170796539274243,0.06885061251230183,3.585214211684398e-05,3.831969593111374,12.530046713706362,nan,1.3863614530234332,nan
315.17,202.8335418701172,-228.60337829589844,-47.80363845825195,202.2567976549845,-228.44726163700156,-47.80695014207416,0.5975092201162145,0.3217540428074835,0.06887259346386977,3.657061704274238e-05,3.8430991334416635,12.154488184455817,nan,nan,nan
315.18,202.8422393798828,-228.60287475585938,-47.804386138916016,202.2654740640183,-228.44668984277723,-47.80842751331857,0.5975519135320696,0.3218002048011212,0.06889463717860592,3.5818864576257004e-05,3.9858007207222386,12.408208188734553,nan,0.20728965724849388,nan
315.19,202.8509521484375,-228.60240173339844,-47.80512237548828,202.27413595598625,-228.44611192576272,-47.809341419101145,0.5976296714302012,0.3218464536040342,0.06891674623707178,3.6536690873444754e-05,4.003071162259106,12.518367800804135,nan,nan,nan
315.2,202.8596649169922,-228.6019287109375,-47.80583953857422,202.24772557286536,-228.4249298979748,-47.80767577685422,0.6370256764460845,0.3217843146001861,0.0689082538925054,3.57651257135044e-05,3.5029642457672794,12.513529804545055,14.022454714036327,4.409869088933812,nan
315.21,202.86837768554688,-228.60145568847656,-47.80654525756836,202.2563364051929,-228.4243272032163,-47.80853655713185,0.6371601010906623,0.321830371268111,0.06893035263092102,3.6481463057938326e-05,3.5047306041543234,11.966319088124951,nan,nan,nan
315.22,202.87709045410156,-228.6009979248047,-47.8072395324707,202.26497196650712,-228.42375990366412,-47.810348993319316,0.6372691956618509,0.32187651253093524,0.06895251448522105,3.5734665069895945e-05,3.6537513022305323,12.067974711615438,nan,0.6301936849662191,nan
315.23,202.88580322265625,-228.60055541992188,-47.80791473388672,202.27358329311392,-228.42317582263854,-47.81119309699139,0.6374068648248656,0.3219227404417572,0.06897474174534841,3.645046304221508e-05,3.6649715010674835,12.58022572216091,nan,nan,nan
315.24,202.89451599121094,-228.60012817382812,-47.80857849121094,202.28223429626166,-228.422642325551,-47.81361227852746,0.6375072072716915,0.3219690532780735,0.06899703247652997,3.5705578119273934e-05,4.066502569459873,12.966040392395652,nan,1.709169012552429,nan
315.25,202.90322875976562,-228.59970092773438,-47.80923080444336,202.3055497289143,-228.4258380261382,-47.81463120560044,0.6224770652831283,0.3219068768625754,0.06898846455792593,3.639825259002512e-05,3.969599600561205,12.61625384453291,4.243441316284746,nan,nan
315.26,202.9119415283203,-228.59927368164062,-47.80986785888672,202.31418677681472,-228.42527796418742,-47.81532555388005,0.6225873746505043,0.3219529973360173,0.0690107443157941,3.565612721540336e-05,3.9913592026900604,12.454853014278676,nan,0.011758081811439907,nan
315.27,202.920654296875,-228.59886169433594,-47.81049346923828,202.32282695375272,-228.4247297856777,-47.81613820651172,0.6226968097368791,0.32199920430075624,0.06903308955132352,3.637009886450531e-05,4.019472251571253,12.53694533940703,nan,nan,nan
315.28000000000003,202.9293670654297,-228.5984649658203,-47.81110763549805,202.33145514602492,-228.42417753951653,-47.81643460550507,0.6228187111377927,0.3220454961984114,0.06905549858753725,3.5629755487436344e-05,3.9270084194386303,12.53741362719736,nan,0.17351923755355872,nan
315.29,202.93807983398438,-228.5980682373047,-47.81170654296875,202.3400952570489,-228.42364576625764,-47.81721962033909,0.6229278824077196,0.3220918748372647,0.06907797333049714,3.634332838634607e-05,3.9544848877865135,12.468442464968845,nan,nan,nan
315.3,202.94679260253906,-228.59768676757812,-47.81229782104492,202.3821536383986,-228.43113416507543,-47.81966104492614,0.5887369075333806,0.3220296586825185,0.06906932450112577,3.558308236610114e-05,4.225829945306311,12.981743150569558,14.661887077840625,1.874338152165055,nan
315.31,202.95550537109375,-228.59730529785156,-47.81287384033203,202.39085938896207,-228.43061774023442,-47.820440895328424,0.5887844149798245,0.3220758446434016,0.06909178746893771,3.629541445649859e-05,4.267610954028522,12.952184403532039,nan,nan,nan
315.32,202.96421813964844,-228.596923828125,-47.813438415527344,202.3995175625843,-228.430060764456,-47.81910850500637,0.5888651574582134,0.3221221155387165,0.06911431455132075,3.5559333979458966e-05,3.5823170819014356,11.968295532077736,nan,3.0197107463304094,nan
315.33,202.97293090820312,-228.5965576171875,-47.81399154663086,202.40822375908215,-228.4295592481668,-47.819846588870895,0.5889116241368856,0.3221684730255027,0.06913690742697645,3.6271358091786264e-05,3.611286795369104,12.181807553109895,nan,nan,nan
315.34000000000003,202.9816436767578,-228.59620666503906,-47.814537048339844,202.41692904356262,-228.42906387854939,-47.82052341447984,0.5889610892069855,0.32221491577111405,0.06915956475780521,3.553685777746817e-05,3.6622909485467874,12.182785495064584,nan,0.00178120951962133,nan
315.35,202.9903564453125,-228.5957489013672,-47.81517028808594,202.41234329961475,-228.41910527720435,-47.82126404405704,0.6044330404756412,0.3221526609137096,0.06915083328333205,3.6226203850218025e-05,3.5895053230113243,12.306730913385412,2.884349169161813,nan,nan
315.36,202.9990692138672,-228.59521484375,-47.81589889526367,202.42099433456102,-228.41841261808568,-47.82034770671926,0.6045240979548034,0.32219891073942747,0.0691734781372758,3.5494112286166404e-05,3.1118142127744193,12.120202541444087,nan,2.169656661225275,nan
315.37,203.00778198242188,-228.59457397460938,-47.81671905517578,202.42968407008905,-228.41766453894633,-47.821284052889474,0.6045783521383411,0.3222452470111994,0.06919618887879928,3.620475246890513e-05,3.1200882014536955,11.602796927788157,nan,nan,nan
315.38,203.01649475097656,-228.59384155273438,-47.817626953125,202.43835068449656,-228.4168016573768,-47.8212160887283,0.6046540895823339,0.32229166853514457,0.0692189643692247,3.5474114604599403e-05,2.897949364188941,11.49440566214705,nan,0.8245140366243259,nan
315.39,203.02520751953125,-228.593017578125,-47.81862258911133,202.44704048273402,-228.41587014282845,-47.82232297823533,0.6047082181934502,0.32233817676111853,0.06924180598993504,3.618456096026658e-05,2.9036115740468738,11.520095547080931,nan,nan,nan
315.40000000000003,203.03392028808594,-228.59210205078125,-47.819705963134766,202.45492408224385,-228.4221309961778,-47.82337629267593,0.6034403343342936,0.32227588122344747,0.06923298708792866,3.5433873089867e-05,3.19268762126396,11.168526811682247,5.748544759522495,0.0017468327853358302,nan
315.41,203.0426483154297,-228.5911102294922,-47.82087707519531,202.46360199094775,-228.42104660781527,-47.824658286283885,0.6035151852863404,0.32232219621362157,0.06925581541227083,3.614328022934153e-05,3.198270144606435,11.304136657753343,nan,nan,nan
315.42,203.05136108398438,-228.59002685546875,-47.82213592529297,202.47225148339436,-228.41984691166527,-47.8246157280194,0.6036019318972097,0.32236859644377297,0.06927870876546316,3.541624054511054e-05,2.9663612847609055,10.99143252390833,nan,1.3739650461262334,nan
315.43,203.06007385253906,-228.58885192871094,-47.82347869873047,202.48092945851948,-228.41858705174377,-47.82605728991361,0.6036596777866149,0.32241508323702045,0.0693016683551165,3.612552758696599e-05,2.967034758683027,10.889884614215191,nan,nan,nan
315.44,203.06878662109375,-228.58758544921875,-47.82490158081055,202.48958935587865,-228.41722420837115,-47.826666824446015,0.6037346606754302,0.3224616555888183,0.06932469330189786,3.5399750011095524e-05,2.8615149792518855,10.855929776558135,nan,0.5806780686913264,nan
315.45,203.07749938964844,-228.58624267578125,-47.826412200927734,202.53133198657883,-228.42806484968054,-47.828249137780574,0.5686144837961328,0.32239932003528,0.06931578472874046,3.6086698528805775e-05,2.6491784462263577,10.673131223022015,10.47009084353385,nan,nan
315.46,203.08621215820312,-228.58482360839844,-47.827999114990234,202.5400824999267,-228.42657860501748,-47.83069180045594,0.5686003300202769,0.3224456988961223,0.06933879563271957,3.5363000868500374e-05,2.750562260108671,11.340047495295149,nan,0.39705032498547227,nan
315.47,203.0949249267578,-228.58331298828125,-47.82966995239258,202.54881833851897,-228.42499568913817,-47.83246650161396,0.5685987984628312,0.322492164185042,0.06936187288525775,3.6071259703795545e-05,2.752572380901734,10.87562729794365,nan,nan,nan
315.48,203.1036376953125,-228.5817108154297,-47.8314208984375,202.55753396766264,-228.4233121792202,-47.83325719763911,0.5686147916655522,0.3225387150127509,0.06938501575750611,3.5348706848005415e-05,2.621777783989705,10.454961311205018,nan,0.7856380833051502,nan
315.49,203.1123504638672,-228.58004760742188,-47.833251953125,202.56626919518942,-228.42156521472822,-47.83518341279559,0.568616875700225,0.322585352530143,0.06940822523244453,3.605693571617171e-05,2.6197601193849898,10.967931779425054,nan,nan,nan
315.5,203.12106323242188,-228.5783233642578,-47.83515930175781,202.55965018982383,-228.40707670281049,-47.836024773151195,0.5869504003719442,0.3225229752753389,0.0693992226340944,3.5314153750007674e-05,2.378115413425381,10.846810304849221,5.293360225095521,0.8867492224696055,nan
315.51,203.12977600097656,-228.5765838623047,-47.837120056152344,202.5683667580437,-228.40520406104926,-47.83808424811642,0.5869857783583287,0.322569418984841,0.06942241722788389,3.602150309168073e-05,2.372403389940185,10.444803864389932,nan,nan,nan
315.52,203.1384735107422,-228.5748748779297,-47.83908462524414,202.57708318833267,-228.40333437461373,-47.84017311552053,0.5870148406846626,0.3226159486592153,0.06944567804686733,3.6743159971556764e-05,2.367369883414532,11.273599323704348,nan,nan,nan
315.53000000000003,203.14718627929688,-228.57318115234375,-47.84103012084961,202.58579920431293,-228.4014833159805,-47.84225749088591,0.5870580051477472,0.322662564442962,0.06946900523554492,3.747926888983578e-05,2.364327800848916,10.900645977767894,nan,nan,nan
315.54,203.15589904785156,-228.57151794433594,-47.842952728271484,202.59450535108317,-228.39965018369531,-47.84378328140445,0.5871133619135316,0.3227092660188577,0.06949239858539909,3.66722209402906e-05,2.3318873370011644,10.592081074134473,nan,0.18542284650017316,nan
315.55,203.16461181640625,-228.56988525390625,-47.8448371887207,202.61357373991652,-228.409520836808,-47.84577653484697,0.5738994601704255,0.3226468474156863,0.06948329933772471,3.7382780872725716e-05,2.539327693568364,10.633784385959741,5.347591275818216,nan,nan
315.56,203.17332458496094,-228.5682830810547,-47.8466911315918,202.6222958802764,-228.407787500544,-47.847734261291855,0.5739273062586893,0.32269335491933365,0.06950667702159521,3.658097131903628e-05,2.5341015546619907,10.288007686643782,nan,0.0009106643997142222,nan
315.57,203.18203735351562,-228.56671142578125,-47.848506927490234,202.63101828804173,-228.4060859947949,-47.84969506716944,0.5739546595953158,0.3227399488897209,0.06953012157946782,3.731285970785115e-05,2.530925269338283,10.396273596146848,nan,nan,nan
315.58,203.19073486328125,-228.56517028808594,-47.85029220581055,202.63974297711616,-228.40441764014113,-47.851774903596954,0.5739648689891732,0.3227866286264508,0.06955363253952578,3.651513789940015e-05,2.5418277303749104,10.2599277303784,nan,0.015251704499467571,nan
315.59000000000003,203.19944763183594,-228.56365966796875,-47.85203552246094,202.64846498321742,-228.40277788955106,-47.8536685500069,0.573992589224354,0.32283339509381753,0.06957721063468622,3.724552905286684e-05,2.54213076739151,10.443472897688697,nan,nan,nan
315.6,203.20816040039062,-228.5621795654297,-47.8537483215332,202.64984828437434,-228.38760794353104,-47.856092529338056,0.5849727902844164,0.3227709336705048,0.06956801068880729,3.642918143234332e-05,2.2966097853473966,10.63469089324148,9.549147542493898,0.15211107280509434,nan
315.61,203.2168731689453,-228.56072998046875,-47.85542678833008,202.65857101706604,-228.38598699695487,-47.85792546419437,0.5850150822512492,0.3228175057442414,0.06959157225703247,3.7157254363299734e-05,2.3033972143844177,10.646242034675296,nan,nan,nan
315.62,203.22557067871094,-228.55929565429688,-47.85707092285156,202.66728993725025,-228.38439216150363,-47.859484310476425,0.5850422570353406,0.3228641635529706,0.0696152004572211,3.636832501662422e-05,2.2853735717130235,10.430359403869357,nan,0.038046105229604076,nan
315.63,203.23428344726562,-228.5579071044922,-47.85868453979492,202.67601234435665,-228.38282905005295,-47.86125012405935,0.5850859182308619,0.32291090796678584,0.06963889592065464,3.7095093294965974e-05,2.292326332225112,10.578765189256515,nan,nan,nan
315.64,203.2429962158203,-228.55654907226562,-47.86026382446289,202.66928142241645,-228.39994328908742,-47.866450711495645,0.5947371798252203,0.3224420073353503,0.06891992095659485,3.630896215777588e-05,5.025871857408738,13.49559444233592,nan,7.964364989226759,0.4661579950286711
315.65000000000003,203.251708984375,-228.55520629882812,-47.861812591552734,202.69461030863687,-228.4162302832944,-47.868230036600686,0.5742076723658044,0.3223787650920353,0.0689116215110033,3.701121089619826e-05,5.63740693137913,12.76868302683208,18.723555226051662,nan,nan
315.66,203.26040649414062,-228.55389404296875,-47.86332702636719,202.70332429421956,-228.41482104682444,-47.869281896756505,0.5742101846944255,0.32242413761508676,0.06893216914238445,3.623060251409503e-05,5.48401143915789,13.076943566794007,nan,0.2836171428522734,nan
315.67,203.2691192626953,-228.5526123046875,-47.86481475830078,202.71203547243414,-228.41346017711984,-47.87095425040117,0.5742328424442578,0.32246959478218246,0.06895277882358297,3.69540909668257e-05,5.506183480096233,12.759497574496628,nan,nan,nan
315.68,203.27783203125,-228.5513458251953,-47.86627197265625,202.7207464521269,-228.4121252067003,-47.87259770657536,0.5742532002441801,0.3225151367130609,0.06897344897448118,3.7692033855723574e-05,5.529477688174396,12.484103077128704,nan,nan,nan
315.69,203.28652954101562,-228.55010986328125,-47.86770248413086,202.72945731699204,-228.4108158382698,-47.87421279251792,0.5742601085725607,0.3225607635522223,0.06899417973957929,3.844457568098866e-05,5.551293764422312,12.667899287231377,nan,nan,nan
315.7,203.2952423095703,-228.5489044189453,-47.869102478027344,202.72981434611705,-228.4026157655101,-47.874703910393436,0.5840723653994795,0.3224975059061903,0.0689858340914378,3.755088531512672e-05,5.109679154387536,12.501120477677315,2.062808222912651,0.7361774963269239,nan
315.71,203.303955078125,-228.54771423339844,-47.8704719543457,202.73851698539858,-228.40133711831066,-47.87625308197291,0.5841060845121865,0.3225429419426414,0.06900655832523175,3.8299607964211866e-05,5.128574970997027,12.363198677464244,nan,nan,nan
315.72,203.31265258789062,-228.5465545654297,-47.87181854248047,202.74722132219077,-228.40006970272145,-47.877367888384825,0.5841242389026147,0.3225884626466297,0.06902734169051801,3.743808635248144e-05,5.0595699030854435,12.394464100277048,nan,0.10232050621929863,nan
315.73,203.3213653564453,-228.54541015625,-47.87313461303711,202.75592381024362,-228.39883843040857,-47.87886034894533,0.5841576816569227,0.32263406822703705,0.0690481874854893,3.818412000110835e-05,5.077685714647836,12.144589574090109,nan,nan,nan
315.74,203.330078125,-228.54429626464844,-47.874427795410156,202.76462571343572,-228.39763378285866,-47.88044855746769,0.5841939428685902,0.3226797587624754,0.06906909279172227,3.732949792105967e-05,5.1719207494010195,12.214795909671398,nan,0.009129959903445369,nan
315.75,203.33877563476562,-228.54319763183594,-47.875694274902344,202.82972304350952,-228.42294934836124,-47.882008754067165,0.523100432986144,0.3226164853215463,0.06906070118098716,3.8048559385189305e-05,5.114883026099715,12.461438583592049,29.853944130095876,nan,nan
315.76,203.3474884033203,-228.54212951660156,-47.87693405151367,202.83852295216747,-228.42179590269222,-47.88221159829164,0.5230237677235098,0.3226619848539853,0.06908159951086329,3.720169287271774e-05,4.797220034251263,12.1374568989701,nan,0.9249472654625515,nan
315.77,203.356201171875,-228.54107666015625,-47.87814712524414,202.84731717017476,-228.42069998339562,-47.88359642669328,0.52295618017255,0.32270756920099625,0.06910256032480089,3.794187955288514e-05,4.813218157269702,12.063283787248277,nan,nan,nan
315.78000000000003,203.36489868164062,-228.54005432128906,-47.87934112548828,202.8561167296796,-228.4195924525189,-47.88381711131885,0.5228672593670638,0.32275323843576265,0.06912358106291683,3.710144269222885e-05,4.551698753205751,11.987465735114096,nan,0.8155936859211348,nan
315.79,203.3736114501953,-228.53904724121094,-47.88050842285156,202.8649107586929,-228.41853833625746,-47.885144227439525,0.5228004211860365,0.32279899277542556,0.06914466449207386,3.7839403004954205e-05,4.56164048404144,11.722163379747169,nan,nan,nan
315.8,203.38232421875,-228.53805541992188,-47.88165283203125,202.91007131491565,-228.43327751248438,-47.8837568527532,0.48374129653167913,0.3227357029940755,0.06913622086990107,3.6982149786720326e-05,3.961166705896643,11.382841025820888,12.196947018483817,4.67586759025496,nan
315.81,203.39102172851562,-228.53707885742188,-47.882774353027344,202.9189262977164,-228.4322883883593,-47.88501356754438,0.4835908934931513,0.3227812661280796,0.06915729667234563,3.7717098373073296e-05,3.9565280018562707,11.567579411257238,nan,nan,nan
315.82,203.3997344970703,-228.5361328125,-47.883872985839844,202.92779637561824,-228.4312364320619,-47.88320645018744,0.48345556711915116,0.3228269140821836,0.06917843279141202,3.688989280541298e-05,3.8176438004007633,11.422725357049071,nan,5.870699873741468,nan
315.83,203.408447265625,-228.5352020263672,-47.88494873046875,202.93665166347782,-228.43028576330406,-47.884390683288274,0.48332062223456795,0.32287264707800406,0.06919963167750216,3.762290045646343e-05,3.796163204100204,11.361058849136631,nan,nan,nan
315.84000000000003,203.41714477539062,-228.53428649902344,-47.88600540161133,202.94551875091648,-228.42929283768797,-47.88323208764038,0.4831795392525414,0.3229184651818887,0.06922089124011264,3.6801449731144566e-05,3.9790111340424876,11.61576492128519,nan,3.4367167979363042,nan
315.85,203.4258575439453,-228.53338623046875,-47.88703918457031,202.96771209002716,-228.44008056437582,-47.884238156963086,0.46755860598065035,0.32285515863439634,0.06921239489631205,3.7509002406051123e-05,4.264555362477225,11.371381755034488,6.4841370765402875,nan,nan
315.86,203.4345703125,-228.5325164794922,-47.88805389404297,202.97657496849405,-228.43924123202697,-47.88628983535203,0.46740038385081767,0.3229007853229535,0.06923364632744963,3.669411390884707e-05,4.122371165780619,11.44346129321663,nan,0.5820813471952214,nan
315.87,203.44326782226562,-228.5316619873047,-47.8890495300293,202.98544252208686,-228.43839536299862,-47.88737850609178,0.4672316994963298,0.3229464969888862,0.06925496061341327,3.742270505152325e-05,4.094141718539608,11.590908802417385,nan,nan,nan
315.88,203.4519805908203,-228.5308074951172,-47.89002227783203,202.99430010413298,-228.43761413500596,-47.890366169389836,0.46707231616162265,0.3229922936950543,0.06927633594223219,3.6613146339906694e-05,4.0062696627707535,10.970913753171137,nan,2.3698818472046166,nan
315.89,203.460693359375,-228.5299835205078,-47.89097595214844,203.00316754508805,-228.4368023657189,-47.89143591222316,0.4669184189020649,0.32303817566844156,0.06929777435113803,3.734017128591327e-05,3.991488872938811,11.256298886534356,nan,nan,nan
315.90000000000003,203.46939086914062,-228.5291748046875,-47.89191436767578,203.01958871472618,-228.43623906007738,-47.89289894263924,0.4593038211575962,0.32297485175222995,0.06928921997640834,3.65133606237253e-05,3.7955545391183008,11.552554991093189,2.249265174310458,0.06244255855497535,nan
315.91,203.4781036376953,-228.52838134765625,-47.89282989501953,203.02847454455562,-228.43545368357002,-47.89393793361864,0.4591329871613257,0.32302054209739317,0.0693106495862055,3.72380260225955e-05,3.7849812156161353,11.425529620174645,nan,nan,nan
315.92,203.48681640625,-228.52760314941406,-47.89373016357422,203.0373638948545,-228.43466979028642,-47.8943299717623,0.4589602695313884,0.3230663174145914,0.0693321405878262,3.643950427029237e-05,3.7450096947735916,11.180349216127755,nan,0.25765190320053794,nan
315.93,203.4955291748047,-228.52685546875,-47.89461135864258,203.04625000267552,-228.43391620129722,-47.89532803630274,0.4587918869929991,0.32311217793331587,0.06935369477433856,3.716283370907268e-05,3.7313139843808507,11.58251972512775,nan,nan,nan
315.94,203.5042266845703,-228.52610778808594,-47.89547348022461,203.0551426879201,-228.43315004968193,-47.895062976416035,0.4586041274235295,0.3231581237125243,0.06937531069629417,3.63690344672839e-05,3.705002724288113,11.572877798916881,nan,1.014226701903265,nan
315.95,203.512939453125,-228.52537536621094,-47.89632034301758,203.09535639954095,-228.4489054284871,-47.89602827859078,0.4245271997383653,0.3230947819666171,0.06936669683931139,3.706806979735855e-05,3.74348478421753,11.606411960321335,9.669298768622605,nan,nan
315.96,203.5216522216797,-228.524658203125,-47.89714813232422,203.10428033797265,-228.44827112489244,-47.898897024081776,0.4243080645621107,0.32314053589881303,0.06938830340273733,3.627977028351554e-05,3.808828099332353,11.80391345672659,nan,2.4486138099173793,nan
315.97,203.5303497314453,-228.52395629882812,-47.8979606628418,203.11321476046868,-228.44760943347183,-47.89983727248603,0.4240683311981294,0.32318637496569785,0.06940997326482881,3.699983219174207e-05,3.8026471583265042,12.08316317585311,nan,nan,nan
315.98,203.5390625,-228.5232696533203,-47.89875793457031,203.12214496707227,-228.44697937636158,-47.901598360539474,0.4238496238533992,0.3232322992246695,0.06943170518938734,3.621587683458598e-05,3.913619460818636,11.810429272919599,nan,0.46052418959532265,nan
315.99,203.5477752685547,-228.5225830078125,-47.8995361328125,203.13107989525315,-228.44634568593452,-47.902516491426724,0.42362252762985014,0.32327830890770315,0.06945350065282643,3.6934901305091835e-05,3.9155640463917494,11.677863950802136,nan,nan,nan
316.0,203.55648803710938,-228.5219268798828,-47.90030288696289,203.1258612589881,-228.42657707255478,-47.90451007032065,0.44107675996861684,0.32321494868063033,0.06944482257166987,3.613319293679261e-05,3.5132600455833187,12.052007020650057,21.548893622967736,0.8757041464691083,nan
316.01,203.56520080566406,-228.5212860107422,-47.90105056762695,203.134793817172,-228.42591188559473,-47.9054092836461,0.44086891237166653,0.3232607662938007,0.0694666079889199,3.68503763798781e-05,3.5224728431598713,12.29772657878635,nan,nan,nan
316.02,203.5738983154297,-228.52064514160156,-47.90178680419922,203.14373417445918,-228.4252309028757,-47.90481490334837,0.4406293618371143,0.32330666903025473,0.06948845578089002,3.607550942294957e-05,3.24497709244329,11.812690084782833,nan,1.4533272269075168,nan
316.03000000000003,203.58261108398438,-228.52001953125,-47.90250778198242,203.15266655330396,-228.4245916284774,-47.90567169754873,0.44041888521189737,0.32335265712263306,0.06951036723868229,3.679183816533179e-05,3.2471082106816413,11.515835073376858,nan,nan,nan
316.04,203.59132385253906,-228.5194091796875,-47.9032096862793,203.1616055585626,-228.42394272231954,-47.90532619334872,0.4402001093396122,0.32339873062718705,0.06953234140154162,3.6020777089287345e-05,3.0835632959544603,11.651720800800897,nan,0.9408128589418989,nan
316.05,203.60003662109375,-228.51881408691406,-47.90390396118164,203.1832601439167,-228.42796194061143,-47.906127697947056,0.4265696770998984,0.32333535142127134,0.0695235970736982,3.6713684288378015e-05,2.9971969232538482,11.611827486567421,1.6246388407958932,nan,nan
316.06,203.60873413085938,-228.5182342529297,-47.904579162597656,203.19221938254555,-228.4273530038022,-47.90627251089085,0.42631772709370847,0.3233812326282773,0.06954556058071587,3.5947189790830675e-05,2.925932352558802,12.268029135238393,nan,0.29143779954181964,nan
316.07,203.61744689941406,-228.5176544189453,-47.90524673461914,203.2011752871681,-228.42676779284744,-47.90705835407854,0.4260818183522668,0.3234271991219782,0.06956758788708504,3.666115830971018e-05,2.9203583379327367,11.260830616738296,nan,nan,nan
316.08,203.62615966796875,-228.51708984375,-47.9058952331543,203.21012963073758,-228.42619995820962,-47.908154857486586,0.42584864573488074,0.32347325095878227,0.06958967819232746,3.5898137903952364e-05,2.957646604178575,11.687779321481273,nan,0.06992229723118802,nan
316.09000000000003,203.63487243652344,-228.51654052734375,-47.906532287597656,203.21908598978325,-228.42563796503342,-47.90891946226488,0.4256140783976778,0.32351938837123884,0.06961183254929515,3.661148498909517e-05,2.9555445240476454,11.682796857842554,nan,nan,nan
316.1,203.64358520507812,-228.5159912109375,-47.90715789794922,203.20475390900685,-228.40910314727046,-47.91100328059561,0.4516777075900232,0.32345598949400145,0.06960301766140424,3.583018680851027e-05,3.012061524461461,11.355084760804875,8.412196567029609,1.155850002424855,nan
316.11,203.6522979736328,-228.51547241210938,-47.907772064208984,203.21368094928633,-228.40852530966848,-47.91175732205534,0.45148472736867923,0.3235019343764493,0.06962516065278139,3.6542097667560024e-05,3.0185256548908805,11.83457807086946,nan,nan,nan
316.12,203.6610107421875,-228.51495361328125,-47.90837097167969,203.22260817825193,-228.40795767810087,-47.91248065282441,0.4512890733105725,0.323547964532464,0.06964736692425631,3.578645955904146e-05,3.0409277945101634,11.687188738024606,nan,0.00025197220918450895,nan
316.13,203.66970825195312,-228.51443481445312,-47.90896224975586,203.23153542265572,-228.4074008482568,-47.91321203219095,0.4510762229434739,0.32359408019369273,0.06966963739093163,3.649789137323682e-05,3.0491039494808354,11.51194254742394,nan,nan,nan
316.14,203.6784210205078,-228.51394653320312,-47.90953826904297,203.24046129937395,-228.40685832333082,-47.91419339752597,0.45088609675892655,0.3236402814177509,0.06969197145731734,3.574525707273305e-05,3.1453341713962395,11.978693334727982,nan,0.045989541551782726,nan
316.15000000000003,203.6871337890625,-228.51345825195312,-47.91010284423828,203.27553136978514,-228.42197297998212,-47.91494777095506,0.4216747322966774,0.3235768623338597,0.06968308355505606,3.643390878362716e-05,3.275984309528461,12.010237839284816,7.981034137516936,nan,nan
316.16,203.6958465576172,-228.51296997070312,-47.9106559753418,203.28449411891708,-228.42148529704588,-47.91600596245468,0.42143670545030376,0.323622870791538,0.06970540559990329,3.568503246871562e-05,3.4194543056952162,11.874718977643623,nan,0.08565377038894885,nan
316.17,203.70455932617188,-228.5124969482422,-47.91120147705078,203.29345896451454,-228.42100200153794,-47.91670223333105,0.4211948372746956,0.32366896468297107,0.06972779198801067,3.63948064944059e-05,3.4342516662430422,11.8343297304569,nan,nan,nan
316.18,203.71327209472656,-228.51194763183594,-47.91183853149414,203.3024207413484,-228.42048482281984,-47.918023222257474,0.4209543091662195,0.3237151440673313,0.06975024224156605,3.564864733868117e-05,3.6629621161977735,12.606264838675916,nan,0.23081906822047205,nan
316.19,203.72198486328125,-228.51129150390625,-47.91256332397461,203.3113857681117,-228.41986609100886,-47.918860928572656,0.42070165545334026,0.3237614091740671,0.06977275710054703,3.635812048355929e-05,3.668568399523158,12.442093251410036,nan,nan,nan
316.2,203.73069763183594,-228.5105438232422,-47.91338348388672,203.320508038334,-228.428740204126,-47.91975113274719,0.41831552884133183,0.32369796915724586,0.06976379218823459,3.559316538827856e-05,4.1494876549992,12.00937557774214,9.43658302202402,0.0005469011860893583,nan
316.21,203.73941040039062,-228.50970458984375,-47.91429138183594,203.32945927569062,-228.42797342032034,-47.92077192477145,0.41806925999312466,0.32374404125591183,0.06978629429231809,3.630151161795114e-05,4.155087428228529,12.094237777427018,nan,nan,nan
316.22,203.7481231689453,-228.50877380371094,-47.915287017822266,203.33842212095777,-228.42708895538456,-47.91975863294798,0.41778865292157413,0.32379019877707155,0.06980886051686197,3.556126187470583e-05,3.5484453907892433,11.473111790509027,nan,3.0844654821299144,nan
316.23,203.75682067871094,-228.50775146484375,-47.9163703918457,203.3473737281179,-228.42614317582732,-47.920937742245584,0.4175255427824754,0.3238364419480479,0.06983149150211589,3.6269415834953136e-05,3.5490979723701352,11.760439851204925,nan,nan,nan
316.24,203.76553344726562,-228.50665283203125,-47.91754150390625,203.35632116521785,-228.42511944531785,-47.923003337970776,0.41729152466717306,0.32388277083106526,0.06985418691886379,3.5531478318113805e-05,3.801154454307296,11.858226599892078,nan,0.4363284198059477,nan
316.25,203.7742462158203,-228.50546264648438,-47.918800354003906,203.35723750171292,-228.41397919125802,-47.92428781958756,0.42696089106636936,0.32381930930811964,0.06984514222392776,3.62173105927168e-05,3.5118762815938434,11.582204124562471,5.03000816277714,nan,nan
316.26,203.782958984375,-228.5041961669922,-47.920143127441406,203.3661963279778,-228.41271891049243,-47.92363561773272,0.426698251358504,0.3238654449382201,0.06986782418706669,3.5482440131953985e-05,3.0117802796551336,11.349930293731557,nan,3.027182257398682,nan
316.27,203.7916717529297,-228.50282287597656,-47.921566009521484,203.375143998631,-228.41139862615253,-47.925147545665375,0.4264581936815771,0.32391166614463474,0.0698905710690954,3.618946753407535e-05,3.011060538076256,10.964462581326448,nan,nan,nan
316.28000000000003,203.80038452148438,-228.5013885498047,-47.923072814941406,203.38409214928464,-228.4099927818225,-47.92662619378237,0.4262219516377873,0.32395797299218737,0.06991338262465685,3.5456665489069566e-05,3.000341345905538,11.463790423678219,nan,0.009480500038000085,nan
316.29,203.80909729003906,-228.49986267089844,-47.92466354370117,203.39303947656944,-228.40850495846422,-47.92830434008167,0.425985435394943,0.3240043657044256,0.06993625936905334,3.616363297848098e-05,2.9988166716608813,11.111245243768591,nan,nan,nan
316.3,203.81781005859375,-228.49826049804688,-47.926334381103516,203.38081951892838,-228.40106426616651,-47.930066388285624,0.4476848971390285,0.32394088192162035,0.06992713112616923,3.541154489481338e-05,3.2369266752824144,10.811260253916886,6.43558120243415,0.01815814629196534,nan
316.31,203.82652282714844,-228.49656677246094,-47.92808532714844,203.38972615858535,-228.39941110405908,-47.93190671886771,0.44748760497369905,0.3239870811304217,0.06994999365891641,3.61176158014624e-05,3.2363430347478848,10.526970118827197,nan,nan,nan
316.32,203.83523559570312,-228.4947967529297,-47.92991638183594,203.39863571896115,-228.397671289159,-47.93319373583024,0.44728463994752327,0.3240333659088599,0.06997292109808576,3.538947028476934e-05,3.1238270732407036,10.434901706139513,nan,0.27731120331457404,nan
316.33,203.84393310546875,-228.49295043945312,-47.93182373046875,203.40754178609677,-228.3958585075964,-47.93518776798549,0.44707442736450875,0.32407973647749416,0.06999591388919546,3.6095562080911565e-05,3.1216941420243796,10.924314429488868,nan,nan,nan
316.34000000000003,203.85264587402344,-228.49102783203125,-47.933780670166016,203.41644759689092,-228.3939674164072,-47.93726337731914,0.4468800627725565,0.32412619290550926,0.07001897189101339,3.536914160194385e-05,3.1392600719627026,10.706655501460835,nan,0.00017865295967335062,nan
316.35,203.86135864257812,-228.48902893066406,-47.93574523925781,203.41684291282422,-228.38152730834204,-47.939332365213865,0.4573441814138835,0.3240626862524212,0.0700097571010074,3.6053227489454895e-05,2.8842678569062588,10.664004984656646,4.901803755468236,nan,nan
316.36,203.8700714111328,-228.4869842529297,-47.93769454956055,203.42574951447102,-228.37945673811603,-47.9402429938386,0.4571549068569316,0.32410894892389713,0.07003280015288972,3.532929246764705e-05,2.698885987651913,10.349621075579956,nan,0.9542588821114053,nan
316.37,203.87876892089844,-228.48492431640625,-47.939613342285156,203.4346498962475,-228.3773733583335,-47.94229449136854,0.45696400864803394,0.32415529731021164,0.07005590872129204,3.603464820669445e-05,2.7016336218419594,10.452622049487347,nan,nan,nan
316.38,203.88748168945312,-228.48289489746094,-47.94150161743164,203.4435415765162,-228.37531293391342,-47.945977617251074,0.4568114899272739,0.32420173148383746,0.07007908272244899,3.5312234311731886e-05,3.0560913457821686,10.623695627415353,nan,1.91261555285815,nan
316.39,203.8961944580078,-228.48089599609375,-47.943355560302734,203.45244104902284,-228.37326238141912,-47.94798361484007,0.4566437362786363,0.3242482516605097,0.07010232251614344,3.60177058943402e-05,3.069847856235487,10.6028862979351,nan,nan,nan
316.40000000000003,203.90489196777344,-228.4789276123047,-47.94517135620117,203.47646419622697,-228.37678762319848,-47.950126798727105,0.44046281252509306,0.3241847213613502,0.0700930175766188,3.5275558353785635e-05,3.0708976620916917,11.243047523283453,2.453598823189271,0.04248822712414971,nan
316.41,203.91360473632812,-228.4770050048828,-47.946956634521484,203.48538986505662,-228.37481071245185,-47.9520650754451,0.44027008250869043,0.32423104752253806,0.0701162416369654,3.598029950460347e-05,3.086304265760253,10.8772770407518,nan,nan,nan
316.42,203.9223175048828,-228.47511291503906,-47.948699951171875,203.49431586835365,-228.37286951842736,-47.95385138084441,0.44007459623341966,0.32427745939830893,0.07013953134429607,3.526149318528422e-05,3.1001708947069435,10.989673320321744,nan,0.009603027063300695,nan
316.43,203.93101501464844,-228.47325134277344,-47.95041275024414,203.50324091490054,-228.37096627802902,-47.955720068645505,0.4398648457350328,0.3243239572008872,0.07016288701173648,3.5966408522321136e-05,3.117362364617275,10.939245234863375,nan,nan,nan
316.44,203.93972778320312,-228.471435546875,-47.952091217041016,203.51216994708818,-228.36909335771946,-47.95666030244836,0.43965953128062557,0.3243705410079075,0.07018630862524877,3.5248836857701136e-05,2.9131113010759795,10.60115347882324,nan,0.5576799061258976,nan
316.45,203.94842529296875,-228.4696502685547,-47.9537353515625,203.50884751619972,-228.36045391436843,-47.95842293561922,0.452961851639914,0.32430698641648115,0.07017691038348302,3.593195311288842e-05,2.9058780394757555,10.657509413726988,1.5751706606367246,nan,nan
316.46,203.95713806152344,-228.46791076660156,-47.95534896850586,203.51776137910747,-228.35863493806332,-47.95852157413941,0.45277272574669136,0.32435337594689684,0.07020031548867518,3.521638526951908e-05,2.566914235046652,10.129133424649812,nan,1.9271547374666769,nan
316.47,203.96585083007812,-228.46620178222656,-47.95692825317383,203.5266673800677,-228.35686217537076,-47.960234748076374,0.4526015745652979,0.32439985132708127,0.07022378672183838,3.5920841558407164e-05,2.5724513468883052,10.089343832000967,nan,nan,nan
316.48,203.97454833984375,-228.4645233154297,-47.95847702026367,203.53557360354384,-228.35512347039358,-47.96185201638192,0.452414119808721,0.3244464126383245,0.07024732410625392,3.5206340950767905e-05,2.578551013837044,10.25742209726309,nan,0.002950435663554743,nan
316.49,203.98326110839844,-228.46287536621094,-47.959991455078125,203.54447928603088,-228.35341894110172,-47.963503472252135,0.45224167311573166,0.3244930600874582,0.07027092789929042,3.5911036465335616e-05,2.585907824908343,9.98056114093913,nan,nan,nan
316.5,203.99195861816406,-228.4612579345703,-47.96147918701172,203.57524091595948,-228.36647010694057,-47.96453952620246,0.42737307036521716,0.3244294804104277,0.07026143286513023,3.517640581282209e-05,2.631365220992291,10.149086405115046,7.177065137574627,0.1513623400388315,nan
316.51,204.00067138671875,-228.45968627929688,-47.96293640136719,203.5841756081636,-228.36486431295614,-47.96612566280863,0.42716520251949497,0.32447593331598884,0.0702850193407019,3.5880485948354787e-05,2.635472875209313,10.151650349546458,nan,nan,nan
316.52,204.00936889648438,-228.4581298828125,-47.9643669128418,203.5931185507977,-228.36328010205725,-47.96581813774882,0.4269226361383628,0.3245224720785163,0.070308672166006,3.516872974961593e-05,2.3991694715495475,9.738519988357389,nan,2.432863605719706,nan
316.53000000000003,204.01806640625,-228.4566192626953,-47.96576690673828,203.60205304700975,-228.36173699264447,-47.9673295096581,0.42669919377032633,0.32456909690110647,0.07033239156917678,3.5873089714054464e-05,2.394128344574909,10.174739979845771,nan,nan,nan
316.54,204.0267791748047,-228.4551239013672,-47.96713638305664,203.6109822231903,-228.36023022541536,-47.96998429383974,0.42649739190680036,0.3246158078705669,0.07035617761726727,3.5162165915201174e-05,2.544475480203335,9.700162011440684,nan,0.9587371957172487,nan
316.55,204.0354766845703,-228.45367431640625,-47.968482971191406,203.66100246349598,-228.37298902109185,-47.97142708587462,0.38307926978690776,0.32455220242815663,0.07034658254179454,3.5844852489687767e-05,2.287729309873001,11.152284515276826,16.57889752364258,nan,nan
316.56,204.044189453125,-228.45223999023438,-47.96979904174805,203.6699998863734,-228.37156202900127,-47.97523750341791,0.38282677826898753,0.3245987185851622,0.07037035046338325,3.5135540751180136e-05,2.8756361073478818,11.129720804544311,nan,3.9286029242344185,nan
316.57,204.05288696289062,-228.45083618164062,-47.971092224121094,203.679007706576,-228.37015314092204,-47.97667788600817,0.3825266670190455,0.32464532072366153,0.07039418513139807,3.583962915759573e-05,2.892048778645763,11.416492168600051,nan,nan,nan
316.58,204.0615997314453,-228.44947814941406,-47.97235870361328,203.68801606799744,-228.36877194767095,-47.977983000632776,0.38224321748318585,0.32469200893421357,0.07041808663525717,3.513101515689585e-05,2.9093253764090328,11.482039615737678,nan,0.008514671684565118,nan
316.59000000000003,204.07029724121094,-228.4481201171875,-47.97359848022461,203.69702400234794,-228.36741868505533,-47.97937258539992,0.38194105865961586,0.32473878341435986,0.0704420551696252,3.5835425074487794e-05,2.9274499851995444,11.257954963543273,nan,nan,nan
316.6,204.07901000976562,-228.44680786132812,-47.974815368652344,203.70410122405661,-228.3761424338511,-47.980612026653674,0.3815544541560216,0.32467515139938,0.07043235663821487,3.5106339926148094e-05,3.3675047005700014,10.93168489117905,9.74780107707234,0.004971082930847131,nan
316.61,204.08770751953125,-228.4455108642578,-47.97600555419922,203.71309143441115,-228.3748788446693,-47.981952455593365,0.38126297887160604,0.32472173079247535,0.07045630621113357,3.581020980067107e-05,3.3855617254849744,11.179280157039278,nan,nan,nan
316.62,204.09642028808594,-228.4442596435547,-47.9771728515625,203.72208058969105,-228.37364238511705,-47.983545462531914,0.38099556054394323,0.3247683961820582,0.07048032280504411,3.510364327122381e-05,3.5420275886177484,11.322006704398667,nan,0.05327601151195292,nan
316.63,204.10511779785156,-228.44300842285156,-47.97831726074219,203.73107080319926,-228.37243068516077,-47.98484317750046,0.3807032425072149,0.32481514776195336,0.0705044065980908,3.580786160968733e-05,3.5624744194376374,11.111873526998544,nan,nan,nan
316.64,204.11383056640625,-228.44180297851562,-47.97943878173828,203.69261738820734,-228.37115225850687,-47.98715314660784,0.4271669195426121,0.3180509818124735,0.07052853031434955,3.5101300491365184e-05,6.512852498334049,14.111379858245149,nan,0.7696232568294055,0.3304186170732046
316.65000000000003,204.12252807617188,-228.4405975341797,-47.98053741455078,203.7159980910514,-228.37260484685447,-47.98848561495102,0.41225333015193155,0.31798316305380764,0.0705187169915398,3.578390089968946e-05,6.257149076251039,14.535993901673622,5.562602242374598,nan,nan
316.66,204.13124084472656,-228.43943786621094,-47.98161697387695,203.7250356962467,-228.3714945028006,-47.989195771114,0.4119179062029503,0.3180245690052501,0.07054286625999759,3.507917112417383e-05,6.107506316531813,14.312993455240601,nan,0.20080456767997898,nan
316.67,204.1399383544922,-228.43829345703125,-47.98267364501953,203.73404349039697,-228.37040912726795,-47.99041428393248,0.4116051996963448,0.31806606348811295,0.0705670766052529,3.578322525528138e-05,6.123109083196867,14.581060240327346,nan,nan,nan
316.68,204.1486358642578,-228.43716430664062,-47.983707427978516,203.74312161366655,-228.3693439649956,-47.99033559008753,0.411199876831678,0.3181076378833215,0.07059134815416035,3.507889777577164e-05,5.6801911289110985,14.000758388010269,nan,1.1458247391052843,nan
316.69,204.1573486328125,-228.43606567382812,-47.98472213745117,203.75212959455845,-228.36830448949158,-47.991501132880934,0.4109014502837173,0.3181493009559123,0.07061568106697454,3.5783324898664944e-05,5.6912615006550435,13.708191169905625,nan,nan,nan
316.7,204.16604614257812,-228.43499755859375,-47.985713958740234,203.80116424251577,-228.38808807069037,-47.99158295236871,0.3679317139561151,0.318081581156988,0.07060576680482002,3.505824032507192e-05,5.441462521914873,15.16218128375207,14.793963004400666,0.8810346722791477,nan
316.71,204.1747589111328,-228.43394470214844,-47.986690521240234,203.81023268758943,-228.387131464476,-47.99270028755675,0.36756899238558316,0.3181230737906033,0.07063007545534895,3.5762173306017365e-05,5.448106200059744,14.378707433180331,nan,nan,nan
316.72,204.18345642089844,-228.4329071044922,-47.98764419555664,203.8193357333597,-228.3861949484909,-47.99315159043461,0.3671460635909203,0.3181646465652353,0.07065444554541608,3.5059340771165806e-05,5.282515579624956,14.674754377297837,nan,0.29504706440730183,nan
316.73,204.19216918945312,-228.431884765625,-47.98857879638672,203.82840440574327,-228.38528038834082,-47.99422567490028,0.36678150592208203,0.318206307675059,0.07067887722862978,3.5763663478109526e-05,5.289120244916926,14.093419184001608,nan,nan,nan
316.74,204.20086669921875,-228.43089294433594,-47.98949432373047,203.83741869871525,-228.3843877839968,-47.996322084121864,0.36647482494725386,0.3182480493539334,0.07070337064155803,3.5061084442506185e-05,5.706187205058221,15.178211990692752,nan,0.7613706177707178,nan
316.75,204.20957946777344,-228.42991638183594,-47.990394592285156,203.870554897203,-228.40546554554976,-47.99731221228747,0.3399755231072733,0.31818043588802064,0.07069335275960754,3.574382837815012e-05,6.3997552097684105,14.955437009128719,19.598545833546513,nan,nan
316.76,204.21827697753906,-228.42897033691406,-47.991275787353516,203.8796525381371,-228.40466649572954,-47.99797023974745,0.33956148684660103,0.3182220071179542,0.07071782130281934,3.5042304606914535e-05,6.319075223019402,15.53376411148747,nan,0.09795074105175122,nan
316.77,204.22698974609375,-228.4280242919922,-47.99213790893555,203.8887310700774,-228.4038869839336,-47.9989806318757,0.3391878010746939,0.3182636663466304,0.07074235166586063,3.574654292955098e-05,6.331191309532873,14.820105300988722,nan,nan,nan
316.78000000000003,204.23570251464844,-228.42710876464844,-47.992984771728516,203.89785842750638,-228.40312516900826,-47.99900751448608,0.33874786125820283,0.31830540636189575,0.07076694398947336,3.504519169294394e-05,6.036763949987707,14.616376685845163,nan,0.6586199429401561,nan
316.79,204.24440002441406,-228.42620849609375,-47.993812561035156,203.90693713753004,-228.40238274514462,-47.99997574014634,0.33835905663828103,0.318347234529693,0.07079159842117616,3.574983064331316e-05,6.044358828805303,15.100725376547976,nan,nan,nan
316.8,204.25311279296875,-228.4253387451172,-47.994625091552734,203.88507401553042,-228.37857213119068,-47.99887612288318,0.37102254533090495,0.31827971873891225,0.07078147420586849,3.502749023719423e-05,4.953446463693942,13.602579114869283,16.84274408180408,3.1734825781373766,nan
316.81,204.26181030273438,-228.42446899414062,-47.99542236328125,203.89412565449155,-228.37781121798935,-47.99979346631274,0.3706589472419996,0.3183213761598776,0.07080610314193841,3.573165839599329e-05,4.952497570769401,13.641503098924819,nan,nan,nan
316.82,204.27052307128906,-228.4236297607422,-47.9962043762207,203.90318812592793,-228.3770674293192,-48.000475987259215,0.3702988785452609,0.3183631145756155,0.07083079426505674,3.503137661884608e-05,4.918584129569807,13.400761692799371,nan,0.0340081412510173,nan
316.83,204.2792205810547,-228.42279052734375,-47.99696731567383,203.91224000435417,-228.3763408456355,-48.00136117152518,0.36993461932547167,0.31840494081878534,0.07085554772058186,3.573595483460818e-05,4.91859102688452,13.619677015609772,nan,nan,nan
316.84000000000003,204.28793334960938,-228.42198181152344,-47.997718811035156,203.92137022218532,-228.3756303676794,-48.00058907065223,0.3694931949625082,0.3184468484744999,0.07088036365242725,3.503573104032217e-05,4.593798180777956,12.989195956958746,nan,1.9018941617216059,nan
316.85,204.29664611816406,-228.4211883544922,-47.998451232910156,203.92132193305972,-228.37532846686204,-48.00154567176728,0.3781282173675115,0.31837943624382087,0.07087013038650036,3.571873072985996e-05,4.935936203296483,12.842136198486898,4.6997255556768165,nan,nan
316.86,204.3053436279297,-228.42041015625,-47.99917221069336,203.9303441330843,-228.37465960541928,-48.002428553631,0.377794041515922,0.3184211731150017,0.0708949201821001,3.501937693113743e-05,4.9508925454583945,13.124354304253934,nan,0.0020534451183280753,nan
316.87,204.31405639648438,-228.41964721679688,-47.9998779296875,203.93936901395944,-228.37400656600303,-48.00324448278776,0.37747190267363295,0.31846299749720475,0.07091977253151428,3.5723901308313665e-05,4.946199536054776,12.733880746648332,nan,nan,nan
316.88,204.32275390625,-228.4188995361328,-48.00056838989258,203.94827646381145,-228.373368703126,-48.00662098237784,0.3772837732071201,0.31850490348476085,0.07094468757922402,3.502454551053218e-05,5.655304783392591,13.907717043362116,nan,4.670773807171629,nan
316.89,204.3314666748047,-228.41815185546875,-48.00124740600586,203.9573016509401,-228.37274619539193,-48.007436453186976,0.3769607981681942,0.3185468971486714,0.07096966546975214,3.5729481724011446e-05,5.66342151230337,13.109481757077027,nan,nan,nan
316.90000000000003,204.34017944335938,-228.4174346923828,-48.00191116333008,203.96504980071708,-228.3690266497778,-48.00641181600276,0.3782668942060136,0.3184795810419793,0.07095932042231355,3.500895372151219e-05,5.0006849315747575,12.952084693468082,1.1431079787793679,2.1279820642621847,nan
316.91,204.348876953125,-228.41673278808594,-48.0025634765625,203.97407956286213,-228.36842402164842,-48.0071828571517,0.3779261294745315,0.318521403618895,0.07098427151995222,3.5713427223260636e-05,5.000070298750917,13.309646649214462,nan,nan,nan
316.92,204.3575897216797,-228.41604614257812,-48.00320053100586,203.98307988512443,-228.36783546052382,-48.008618498380194,0.3776390365299378,0.3185633079823959,0.07100928553380177,3.5014821115672174e-05,5.221887113971223,13.20049343124611,nan,0.323292470468449,nan
316.93,204.36630249023438,-228.4153594970703,-48.00382614135742,203.99211004405726,-228.36726117473222,-48.00937205429421,0.37731179750712485,0.31860529972071705,0.0710343626090639,3.571971090097478e-05,5.22655027852832,12.880217339036525,nan,nan,nan
316.94,204.375,-228.41470336914062,-48.00444030761719,204.00118016558665,-228.36670106414417,-48.009188876046814,0.3769191409147737,0.3186473736503136,0.07105950288925096,3.5021016825150155e-05,4.989789093454118,13.378066604935746,nan,0.6037894323593863,nan
316.95,204.3837127685547,-228.41404724121094,-48.00503921508789,204.02442576420398,-228.3703915337343,-48.00981282962822,0.36196099194024794,0.3185801581818481,0.07104904332135609,3.5704312645873873e-05,4.79824270406688,13.211081330770526,3.3407337063127387,nan,nan
316.96,204.39242553710938,-228.4134063720703,-48.0056266784668,204.03348151544213,-228.36986030051284,-48.010639612894245,0.36161056476590325,0.318622060956941,0.07107415613624452,3.500635174819199e-05,4.859534088764886,13.293651951375095,nan,0.009868229971478466,nan
316.97,204.401123046875,-228.41278076171875,-48.00620651245117,204.0425424359388,-228.36934203669352,-48.011338323621864,0.36123858162866274,0.31866405081579047,0.0710993322279718,3.571119323837913e-05,4.860257875310512,13.623684479213093,nan,nan,nan
316.98,204.4098358154297,-228.41217041015625,-48.006771087646484,204.05158847879093,-228.36883613068954,-48.012392168820334,0.36090249450401796,0.3187061230292585,0.07112457173843863,3.50131016819275e-05,5.00671972049142,13.491555940510235,nan,0.09453193832279315,nan
316.99,204.41854858398438,-228.4115753173828,-48.00732421875,204.06064964441333,-228.36834297640561,-48.01307302409348,0.36054643947114984,0.31874828250562104,0.07114987481518616,3.571835520122719e-05,5.010956809736171,13.54871767790925,nan,nan,nan
317.0,204.42726135253906,-228.41087341308594,-48.007972717285156,204.1213649905538,-228.39245763105043,-48.01249478080409,0.30648356295611606,0.3186811613441461,0.07113929797766287,3.499895183715835e-05,4.614287630234695,14.566366711632762,24.597928875898493,1.252760137709086,nan
317.01,204.4359588623047,-228.41009521484375,-48.00870895385742,204.13051046043486,-228.39187551849142,-48.01329763773482,0.3060257171541762,0.3187231493618722,0.07116457290236583,3.570374070032847e-05,4.603965000938793,15.468659756659024,nan,nan,nan
317.02,204.44467163085938,-228.4092254638672,-48.00954055786133,204.13965303764016,-228.39120275091653,-48.01426791429528,0.3055871533464473,0.3187652198848282,0.07118991145580589,3.5006166020949e-05,4.637400920844983,14.804392805355345,nan,0.004018685476877942,nan
317.03000000000003,204.45338439941406,-228.40826416015625,-48.01045608520508,204.14879847908912,-228.39044034518864,-48.01525441790367,0.30514471195954934,0.31880737739639675,0.07121531378781418,3.5711368199617955e-05,4.6286602904950325,14.950084029564739,nan,nan,nan
317.04,204.46209716796875,-228.40721130371094,-48.01146697998047,204.15791353311386,-228.38958814037005,-48.01712458544077,0.30474623557842273,0.3188496178033073,0.0712407800369717,3.501360018013765e-05,4.883274304747844,14.903512517265565,nan,0.44444597574583605,nan
317.05,204.47079467773438,-228.40606689453125,-48.01255798339844,204.1690117664604,-228.3896659984679,-48.01828812602783,0.3022825655958975,0.3187825942351265,0.07123008318071258,3.5697185070992935e-05,4.885224682227371,15.68027091000403,0.03941606534196396,nan,nan
317.06,204.47950744628906,-228.40484619140625,-48.01374053955078,204.17816756730727,-228.38864315155237,-48.019348017270985,0.30182727671907056,0.3188246630853198,0.07125552057493244,3.5000052680257445e-05,4.848711754733435,15.142162027579907,nan,0.028604676219662332,nan
317.07,204.48822021484375,-228.40353393554688,-48.01500701904297,204.18731604802392,-228.3875343870629,-48.02069418102518,0.3013828909753185,0.318866818661107,0.07128102195665748,3.5705196275537786e-05,4.841473894430939,15.078886298671389,nan,nan,nan
317.08,204.49693298339844,-228.4021453857422,-48.016361236572266,204.1963997774078,-228.3863377251619,-48.023906162485076,0.3010432127503614,0.3189090572638968,0.07130658746172737,3.500784175153785e-05,5.546550937584016,15.813176625305449,nan,2.2357677709256283,nan
317.09000000000003,204.50563049316406,-228.40066528320312,-48.01779556274414,204.20554804051852,-228.38506055695055,-48.02544125364079,0.300585166727282,0.3189513827862582,0.07133221724395959,3.571339075902459e-05,5.542217108696082,16.275905087752108,nan,nan,nan
317.1,204.51434326171875,-228.39910888671875,-48.01931381225586,204.21789647065137,-228.38943148024012,-48.027850158927215,0.2967275203697731,0.3188844514492804,0.07132139760350516,3.4994622017433895e-05,6.230856376767063,16.285433157683133,2.0665982511532617,0.4858886400828674,nan
317.11,204.52305603027344,-228.3974609375,-48.020912170410156,204.22703951198469,-228.38800649504898,-48.02956008309536,0.29629369209563955,0.3189266051107507,0.0713469978147061,3.569969843016269e-05,6.2293303154623505,16.160488184714726,nan,nan,nan
317.12,204.53175354003906,-228.395751953125,-48.02259063720703,204.23617908417154,-228.38650039790483,-48.031452621668976,0.29585196467824626,0.31896884191786573,0.07137266235181139,3.500269773821479e-05,6.362401003139736,17.14047318325329,nan,0.007127094573131425,nan
317.13,204.54046630859375,-228.39395141601562,-48.02435302734375,204.2453218688271,-228.38491472926663,-48.033326913426606,0.29541907972235426,0.31901116539889185,0.07139839137165091,3.570817906868503e-05,6.359465846753473,16.240586597461643,nan,nan,nan
317.14,204.54917907714844,-228.39207458496094,-48.02619171142578,204.25454233999318,-228.38325541603828,-48.032959586283845,0.2948463816160502,0.3190535724006828,0.07142418500568795,3.5010912047774806e-05,5.3979076622651725,15.37642205105971,nan,3.8045106307249417,nan
317.15000000000003,204.55789184570312,-228.39010620117188,-48.028106689453125,204.26374720552,-228.3813638551412,-48.03489692441687,0.29435285840882985,0.3189867355084736,0.07141323983058731,3.5694750326656805e-05,5.365180094566714,15.182518899387137,0.24934701011974147,nan,nan
317.16,204.56658935546875,-228.38807678222656,-48.03007507324219,204.2729123762952,-228.37954568857796,-48.036265501536725,0.29386607333580866,0.319028970521008,0.07143900316147116,3.4998052395359826e-05,5.153326858183169,15.595867567475993,nan,0.3520822966646687,nan
317.17,204.57530212402344,-228.38597106933594,-48.032047271728516,204.28205414210606,-228.377649641549,-48.03836170033382,0.29343397394923076,0.3190712919730638,0.07146483117718991,3.570345596153176e-05,5.16050434834551,15.113875095896915,nan,nan,nan
317.18,204.58399963378906,-228.3837890625,-48.03400421142578,204.2912000495274,-228.37567860096962,-48.04031136519898,0.2929797882427434,0.3191136970456636,0.07149072400608064,3.500647377650967e-05,5.165155761539509,15.503111451184903,nan,0.014158205747624815,nan
317.19,204.59271240234375,-228.38153076171875,-48.03593063354492,204.300340863052,-228.37363260405638,-48.04237998355978,0.2925492984060855,0.31915618876665536,0.07151668180952245,3.571227248327004e-05,5.1791316303557675,15.043527336440524,nan,nan,nan
317.2,204.60140991210938,-228.3791961669922,-48.03782653808594,204.3107550829101,-228.3772173140087,-48.04497007904781,0.2907493349493005,0.31908944178322274,0.07150560832210119,3.499380449785401e-05,5.773302095081389,15.614730330101713,2.7657154280060494,0.24489098707121237,nan
317.21,204.61012268066406,-228.3768310546875,-48.0396842956543,204.31988508249307,-228.37506152379945,-48.04698160630863,0.29033471265836325,0.31913176121135384,0.07153153507780896,3.569911965936266e-05,5.791430955554836,15.293205854459117,nan,nan,nan
317.22,204.6188201904297,-228.37448120117188,-48.041507720947266,204.3290756658494,-228.37289710449696,-48.04694478125127,0.28979986285588344,0.3191741643471688,0.07155752684215903,3.500238273400019e-05,5.126881856413078,15.177113551484151,nan,2.863822244297217,nan
317.23,204.62753295898438,-228.3721466064453,-48.043296813964844,204.33820497519508,-228.37074373370336,-48.04886717020885,0.28938500155362584,0.31921665391389376,0.07158358377964896,3.570809176480284e-05,5.134412613849806,14.42854725545202,nan,nan,nan
317.24,204.63623046875,-228.36985778808594,-48.04505157470703,204.34735135473755,-228.36862356567715,-48.050152671453326,0.28892678485316103,0.31925922754884906,0.07160970601408025,3.5011040647406916e-05,4.9905741152003635,14.848856274781133,nan,0.25604181678868454,nan
317.25,204.6449432373047,-228.3675994873047,-48.04676818847656,204.383815438235,-228.38220691347902,-48.0519394726956,0.2615871681235476,0.3191925717722669,0.0715985014693922,3.569508199073613e-05,5.132678513369528,15.314104077791315,7.389016858680727,nan,nan
317.26,204.6536407470703,-228.36538696289062,-48.04845428466797,204.39301395969105,-228.3801993668463,-48.05262233472148,0.26108064319637364,0.3192349729567943,0.07162459189594918,3.4998557216359675e-05,4.862222771081858,15.44861113829944,nan,0.9020641510320629,nan
317.27,204.66233825683594,-228.36322021484375,-48.05010223388672,204.4021801473003,-228.37823130164512,-48.05439124239714,0.2606261120419779,0.31927746036544313,0.0716507476906924,3.570416544986104e-05,4.863276965809069,15.625722745432517,nan,nan,nan
317.28000000000003,204.67105102539062,-228.361083984375,-48.05172348022461,204.4113605090763,-228.37630749347292,-48.05561327463175,0.26016542812868787,0.31932003191153835,0.07167696897441492,3.500731680181048e-05,4.763751608334231,14.635936057716542,nan,0.18696364815576696,nan
317.29,204.67974853515625,-228.3590087890625,-48.053306579589844,204.42052639626516,-228.37442444910553,-48.057313249557545,0.25971101876906183,0.3193626899048371,0.07170325591599501,3.571330851610978e-05,4.7629941427415385,15.57504937608152,nan,nan,nan
317.3,204.68844604492188,-228.35696411132812,-48.05486297607422,204.4132701577462,-228.36503317539768,-48.05923200369997,0.2753288344512189,0.31929612148391173,0.0716919175296122,3.499492720315946e-05,4.87772095153167,14.672406698406219,2.542736147954728,0.05412453217309031,nan
317.31,204.69715881347656,-228.35494995117188,-48.0563850402832,204.4224081744757,-228.36322062573694,-48.06087264367778,0.2749117245105694,0.31933860672359077,0.0717181718911958,3.570042351702122e-05,4.8802485571318295,14.124475151579281,nan,nan,nan
317.32,204.7058563232422,-228.35299682617188,-48.05787658691406,204.4315823577069,-228.36145275595163,-48.06108692460066,0.2744230624181459,0.31938117615814493,0.07174449193038634,3.500375280378894e-05,4.592829414679743,14.62722477311829,nan,1.3771140518554985,nan
317.33,204.7145538330078,-228.35107421875,-48.05934143066406,204.44072014325377,-228.35972012730718,-48.06265504215795,0.2739901848611088,0.3194238318488352,0.07177087781888501,3.57096312438329e-05,4.588727571030641,14.385224489887747,nan,nan,nan
317.34000000000003,204.72325134277344,-228.34918212890625,-48.06077194213867,204.4498619777745,-228.35802681794218,-48.06402675179765,0.2735517633000723,0.31946657208138535,0.07179732967337496,3.501261736033561e-05,4.567228288019996,14.392961351111227,nan,0.019922820989553378,nan
317.35,204.73196411132812,-228.3473358154297,-48.06217956542969,204.49162066384872,-228.37041739382434,-48.06541868045553,0.24147095865470888,0.31940009155014276,0.0717858547113109,3.569680672671239e-05,4.4437060114324005,15.145489394265518,10.871302330696746,nan,nan
317.36,204.74066162109375,-228.34552001953125,-48.06355667114258,204.50073472506386,-228.36880985594078,-48.07016791727288,0.24114526844604212,0.319442658843943,0.07181227319882234,3.5000294099982476e-05,5.382044672268573,16.5859851343327,nan,7.545900200975363,nan
317.37,204.74935913085938,-228.34375,-48.064903259277344,204.50992863784091,-228.3672493216323,-48.07165383319022,0.24067561021506617,0.3194853122125278,0.07183875772351783,3.5706048332795516e-05,5.392481348774672,16.80202119745823,nan,nan,nan
317.38,204.758056640625,-228.34201049804688,-48.066226959228516,204.51913997731813,-228.36572688956988,-48.07236929272275,0.24016945578760396,0.31952805016399344,0.07186530839950318,3.500918888718171e-05,5.177239953367948,16.359975745178502,nan,0.390871883024659,nan
317.39,204.7667694091797,-228.34030151367188,-48.06752395629883,204.5283335028333,-228.36423708105275,-48.07379602099883,0.2397163565897537,0.3195708744263516,0.07189192540223575,3.57153150920135e-05,5.1851425541531615,15.776935283026802,nan,nan,nan
317.40000000000003,204.7754669189453,-228.33863830566406,-48.06879425048828,204.5412736110847,-228.36341386305548,-48.07613799745867,0.2356146521554084,0.31950447848547403,0.07188031107961122,3.499689524946158e-05,5.547768321313798,17.132687353963355,0.30633351628067745,0.6609124702143572,nan
317.41,204.78416442871094,-228.33700561523438,-48.070037841796875,204.5504756833001,-228.3619914446949,-48.07752442589506,0.23513989526870455,0.3195471295056119,0.07190689391671505,3.570251469317739e-05,5.559965783485437,17.119777363179157,nan,nan,nan
317.42,204.79286193847656,-228.33538818359375,-48.071258544921875,204.55963158154424,-228.36059480654401,-48.080975598072605,0.23478968111326862,0.3195898651390178,0.07193354308706228,3.5005795994874826e-05,6.67177817619096,17.909896097059683,nan,3.0799920502642184,nan
317.43,204.8015594482422,-228.3338165283203,-48.07245635986328,204.56883373436565,-228.35923755040713,-48.082335041240874,0.23431831897877833,0.3196326869160234,0.07196025876840148,3.571178641816598e-05,6.690840221495545,18.04197204742976,nan,nan,nan
317.44,204.81027221679688,-228.332275390625,-48.07362747192383,204.57805758285468,-228.3579153507142,-48.08265823183058,0.23380033873964992,0.3196755936411122,0.07198704107149853,3.501470924359525e-05,6.271563563547824,17.13680719744579,nan,0.7240469273440592,nan
317.45,204.8189697265625,-228.3307647705078,-48.07477569580078,204.59298113921824,-228.35940517641208,-48.08399746849847,0.2279827966139198,0.3196092822007216,0.07197528466979701,3.569899350515526e-05,6.318436596733491,17.976354703378867,0.35752865325388977,nan,nan
317.46,204.82766723632812,-228.32928466796875,-48.07590103149414,204.60222920118824,-228.35815227320393,-48.08349289314833,0.2274055467290184,0.3196520154728811,0.07200203199459283,3.500240509948967e-05,5.56688419302591,17.190738075984783,nan,2.2540281499578834,nan
317.47,204.83636474609375,-228.3278350830078,-48.07700729370117,204.61144045245888,-228.35692301305542,-48.08473534950987,0.22692899415496146,0.3196948347298465,0.07202884601104845,3.5708249755478707e-05,5.576759075729948,17.09534913784609,nan,nan,nan
317.48,204.84506225585938,-228.326416015625,-48.078086853027344,204.620652898217,-228.3557232477065,-48.08589643252763,0.22644969238599544,0.31973773895073065,0.07205572682795292,3.5011303451622995e-05,5.630212328757425,17.2684999651763,nan,0.0025356994173673397,nan
317.49,204.85377502441406,-228.3250274658203,-48.07914733886719,204.62986406924193,-228.35455188793216,-48.08709607731631,0.22598891519290656,0.3197807294040644,0.07208267462593951,3.571750968553969e-05,5.641518498109855,16.684729269595465,nan,nan,nan
317.5,204.8624725341797,-228.3236541748047,-48.08018493652344,204.63391794575523,-228.3502937847769,-48.08789239962862,0.23023091386011446,0.3197144995965976,0.07207077336654949,3.4998989483925696e-05,5.5293117277182295,16.79288643835258,0.49730924894599793,0.06806574329436339,nan
317.51,204.8711700439453,-228.3223114013672,-48.08120346069336,204.6431219968053,-228.34917162396349,-48.089047137209185,0.2297583657314459,0.31975731629223525,0.07209768536212154,3.570467893661571e-05,5.539678483603929,16.78153935165751,nan,nan,nan
317.52,204.87986755371094,-228.3209991455078,-48.08219909667969,204.65235637038305,-228.34808236275313,-48.088546089589684,0.22920541772526692,0.3198002179583038,0.07212466433353293,3.500785726682095e-05,4.9517279191602,16.300984463475192,nan,1.8898334313055465,nan
317.53000000000003,204.88858032226562,-228.31971740722656,-48.08317947387695,204.66156060677258,-228.34701337977495,-48.08964595154136,0.22874622767007258,0.31984320571016817,0.0721517104630644,3.5713907921665043e-05,4.95650682928256,15.704984906176932,nan,nan,nan
317.54,204.89727783203125,-228.31846618652344,-48.084136962890625,204.67075766061743,-228.34596866917283,-48.09113731083537,0.22829099737084727,0.31988627875670383,0.07217882385709884,3.501672191621378e-05,5.169180511061571,16.59950479891817,nan,0.11866868779089987,nan
317.55,204.90597534179688,-228.31723022460938,-48.08507537841797,204.68355810675416,-228.33958544933157,-48.09220768841819,0.22365163170065208,0.3198201299937968,0.07216677504087833,3.570105390849903e-05,4.808702592592898,16.796728060394074,4.410998404683296,nan,nan
317.56,204.9146728515625,-228.31600952148438,-48.085994720458984,204.69274580157003,-228.3385652981304,-48.09543748307762,0.223270115206533,0.3198630290485021,0.07219385179526823,3.500435272719621e-05,5.916292930483862,17.751039144795428,nan,3.3567753899365202,nan
317.57,204.9233856201172,-228.31483459472656,-48.08689880371094,204.70197108966542,-228.33757772197674,-48.09649087272351,0.2227861124941057,0.31990601404952484,0.07222099588125921,3.5710239171415395e-05,5.930080751609772,17.451580087084224,nan,nan,nan
317.58,204.9320831298828,-228.31365966796875,-48.08778381347656,204.71118276613964,-228.3366107238829,-48.09836888712745,0.22234155134304873,0.31994908433918207,0.07224820740392154,3.501317702788372e-05,6.5390652017754345,18.256795953582046,nan,0.5000944826959377,nan
317.59000000000003,204.94078063964844,-228.31253051757812,-48.08864974975586,204.72040856693334,-228.3356701303044,-48.09939657032818,0.2218440584335821,0.3199922408327048,0.07227548654745605,3.571941629578018e-05,6.556748564073722,18.64242102508881,nan,nan,nan
317.6,204.94947814941406,-228.31141662597656,-48.08949661254883,204.732676699311,-228.3434472975858,-48.100202741865395,0.2194161659847952,0.31992617057376094,0.07226328740887605,3.500077684254582e-05,6.969860805439615,18.60442989472538,4.324951352594636,0.01993422054482395,nan
317.61,204.95819091796875,-228.31031799316406,-48.09033203125,204.7418928218996,-228.34257698457677,-48.10119535570463,0.21896008930467653,0.3199691527682171,0.07229052906429242,3.570649108015444e-05,6.985761229127687,17.83499460609768,nan,nan,nan
317.62,204.96688842773438,-228.30923461914062,-48.09114456176758,204.75111165815719,-228.3417292935835,-48.10201174108691,0.21848023650361448,0.32001222023730147,0.0723178383252784,3.50095513631358e-05,7.0396231437316485,18.47692306678861,nan,0.018187790687518027,nan
317.63,204.9755859375,-228.30819702148438,-48.09194564819336,204.7603282431481,-228.34090248871848,-48.10297160812649,0.21800709703388196,0.32005537378091303,0.07234521537701563,3.571561877876226e-05,7.054695301457649,18.697623503591867,nan,nan,nan
317.64,204.9842987060547,-228.30715942382812,-48.09272766113281,204.7695649681495,-228.34010213549638,-48.10253764174805,0.21746732206578714,0.3200986129144726,0.07237266032313604,3.501831499401525e-05,6.384972571903437,17.227257131319657,nan,1.340565612139977,nan
317.65000000000003,204.9929962158203,-228.30615234375,-48.0934944152832,204.7906694150456,-228.3468438184408,-48.103356761857725,0.2066136401697427,0.32003262018162965,0.07236030818597526,3.5702655618560124e-05,6.450530055611583,18.379813757866508,1.918758200275969,nan,nan
317.66,205.00169372558594,-228.30516052246094,-48.0942497253418,204.78739891653643,-228.3529084955435,-48.10130233199824,0.2196630906176695,0.31865974495722077,0.07197143514601256,3.5005002595554584e-05,7.640005536364297,19.397259402664222,nan,6.11883429632999,0.11113047110268565
317.67,205.01040649414062,-228.30419921875,-48.09498596191406,204.79662175851277,-228.35219975019533,-48.10215802568777,0.21922454859180185,0.3187007059334833,0.07199653268759942,3.5710872251345644e-05,7.636996136637459,19.066437968616174,nan,nan,nan
317.68,205.01910400390625,-228.30323791503906,-48.095706939697266,204.80589011460873,-228.3514972613995,-48.10196701753072,0.21869685794494553,0.3187417483000042,0.07202169131016144,3.5013743384512244e-05,7.294359435505865,19.03013119695779,nan,0.752504172011059,nan
317.69,205.02780151367188,-228.30230712890625,-48.09641647338867,204.81511331861975,-228.3508271200307,-48.10278487032095,0.21824530769923264,0.3187828776721112,0.0720469116217178,3.571995993955888e-05,7.288186756670926,19.106989396229807,nan,nan,nan
317.7,205.03651428222656,-228.3013916015625,-48.097110748291016,204.84527078858773,-228.3633369753687,-48.10505813364151,0.20118266358979944,0.31871228432061877,0.07203610257485413,3.500125608083811e-05,8.202557063444614,20.177724686301186,4.786462798165943,1.515609264394454,nan
317.71,205.0452117919922,-228.30050659179688,-48.0977897644043,204.8545188381136,-228.36273163158728,-48.105864620924194,0.2007509938796787,0.3187532449311162,0.07206129386878062,3.570694223281201e-05,8.201498467098576,20.91710661961025,nan,nan,nan
317.72,205.05392456054688,-228.29962158203125,-48.09845733642578,204.86373533931646,-228.36215349879265,-48.107419277155685,0.20040583042349755,0.3187942871364128,0.0720865464930343,3.5009939282975146e-05,8.649077947524852,20.543134051470233,nan,0.40866783854901223,nan
317.73,205.0626220703125,-228.29876708984375,-48.09911346435547,204.87298399063138,-228.36158377258306,-48.10820802739925,0.1999781187342011,0.31883541603151594,0.07211186101941161,3.5715973365783664e-05,8.64870382122539,21.21436003387877,nan,nan,nan
317.74,205.07131958007812,-228.2979278564453,-48.09975051879883,204.88220974331344,-228.36103821014893,-48.109554118342245,0.19960350114607234,0.31887662693539454,0.07213723717258594,3.501860888564092e-05,9.055580828940998,21.727009389361367,nan,0.22870218588347555,nan
317.75,205.0800323486328,-228.29710388183594,-48.100379943847656,204.9193906745184,-228.37672159958078,-48.11026834721153,0.17956199197564354,0.31880617956070395,0.07212631711636226,3.5702913118014026e-05,9.282364222830058,22.415587072008748,7.632753924065058,nan,nan
317.76,205.08872985839844,-228.29629516601562,-48.10099411010742,204.92870741615872,-228.3762260277136,-48.110255786859256,0.17911421866620064,0.3188472217058664,0.07215166364809444,3.5006038030344786e-05,8.97288188527762,22.72802935382067,nan,0.41871204797141093,nan
317.77,205.09744262695312,-228.29550170898438,-48.10159683227539,204.93799379064555,-228.3757556172212,-48.11099433806346,0.17875383716765247,0.31888835024096185,0.07217707229220124,3.571188386178729e-05,8.974981043534546,22.11159161358385,nan,nan,nan
317.78000000000003,205.10614013671875,-228.2947235107422,-48.10218811035156,204.94732986267053,-228.37528610543262,-48.110440539863916,0.1782670395765373,0.3189295609633455,0.07220254280795518,3.5014653215095635e-05,8.42605348408888,22.126855115290347,nan,1.158210762371709,nan
317.79,205.11485290527344,-228.29396057128906,-48.10276794433594,204.9566166443515,-228.37484699157756,-48.1111444688032,0.17790866594911353,0.3189708582482223,0.07222807571791252,3.572084070073504e-05,8.425064270938888,21.527270235231917,nan,nan,nan
317.8,205.12355041503906,-228.293212890625,-48.103336334228516,204.94670158968063,-228.37109021946583,-48.11131522446349,0.19340126180411005,0.3189005510437795,0.07221704162095295,3.500204233304848e-05,8.7615553497278,20.90579844915148,9.438208333103974,0.1960356085324422,nan
317.81,205.13226318359375,-228.29248046875,-48.1038932800293,204.95594022451354,-228.3706855729702,-48.11199293981757,0.19305809673147,0.31894167932678136,0.07224254427008835,3.5707694735170965e-05,8.760412175682829,20.352849528077222,nan,nan,nan
317.82,205.14096069335938,-228.29165649414062,-48.10454177856445,204.96525777356524,-228.37021914430406,-48.1105608086246,0.19256124934095845,0.31898288995831947,0.07226810903138345,3.5010600662886514e-05,7.942450596547237,20.112798173877657,nan,3.2667366907280884,nan
317.83,205.14967346191406,-228.29074096679688,-48.105281829833984,204.97449689280307,-228.36968608726258,-48.11135185918001,0.19223945398149403,0.31902418687642115,0.07229373639458371,3.571659644824252e-05,7.924457968060816,19.543515626422376,nan,nan,nan
317.84000000000003,205.1583709716797,-228.2897491455078,-48.10611343383789,204.9836194716669,-228.36909942502677,-48.11552054833796,0.19215370779578977,0.31906556653629237,0.07231942616579744,3.501914653474688e-05,9.403344234040343,21.69519323128566,nan,7.613970874073574,nan
317.85,205.16708374023438,-228.2886505126953,-48.107032775878906,204.97304143245555,-228.35485409919244,-48.116566587722524,0.20524674331517606,0.3189954022503906,0.07230827575194879,3.57034111140299e-05,9.080793097408172,20.158679712803167,5.109361251167382,nan,nan
317.86,205.17578125,-228.2874755859375,-48.10803985595703,204.9822723290179,-228.35402356388926,-48.11732826118152,0.2048428918482232,0.3190366128731294,0.07233393462633633,3.500645650046088e-05,8.983148737976702,20.722968683125586,nan,0.07979635249289448,nan
317.87,205.1844940185547,-228.28622436523438,-48.10913848876953,204.9914916451306,-228.35311052694757,-48.11851204393026,0.2044786989209601,0.3190779095216842,0.07235965630758283,3.5712256162325536e-05,8.962376269911779,20.194630906314917,nan,nan,nan
317.88,205.19320678710938,-228.28488159179688,-48.110321044921875,205.00075613063305,-228.35209863051315,-48.118448198748695,0.2040133233425675,0.3191192890484312,0.07238544063267514,3.501495201986603e-05,8.372375249597747,19.58805671979606,nan,1.2589034729526758,nan
317.89,205.201904296875,-228.283447265625,-48.11159133911133,205.00997596676484,-228.3510162380198,-48.119793915294146,0.20364020277292866,0.3191607547938021,0.07241128804713173,3.572108977421338e-05,8.353525349012203,19.98609004054134,nan,nan,nan
317.90000000000003,205.2106170654297,-228.2819366455078,-48.112945556640625,205.02451806110432,-228.34765809203768,-48.12237105727853,0.19758792475034298,0.3190907285978403,0.07240001834668265,3.5002227313594334e-05,8.623498798968967,20.54303280612179,3.677551919204905,1.033554991684711,nan
317.91,205.2193145751953,-228.2803497314453,-48.1143798828125,205.03376007984804,-228.34639871751997,-48.12389863537919,0.19718911216266236,0.31913202506521643,0.07242583419564659,3.570782695816676e-05,8.60527995262921,21.242396146825314,nan,nan,nan
317.92,205.22802734375,-228.27867126464844,-48.115901947021484,205.04297163009656,-228.34506728005508,-48.12647353511417,0.1968903412878962,0.31917340453103804,0.07245171291988121,3.501067170314102e-05,9.24381519970358,21.06989281096606,nan,0.6545779675799673,nan
317.93,205.23672485351562,-228.27691650390625,-48.11750030517578,205.05221338093259,-228.34364590097394,-48.12817808203541,0.19649761033265342,0.31921486997712134,0.07247765493604358,3.5716611780967636e-05,9.22688666011895,21.75111499202106,nan,nan,nan
317.94,205.2454376220703,-228.27508544921875,-48.11918258666992,205.06138051887856,-228.34216825457932,-48.13238652290495,0.19634526717616743,0.3192564187955274,0.0725036601225645,3.5019106918535214e-05,10.996561966772834,22.908072577977926,nan,4.13659235351571,nan
317.95,205.25413513183594,-228.27317810058594,-48.12094497680664,205.09177920525687,-228.3541501260704,-48.134267709778584,0.1819159449312979,0.31918653232751265,0.07249226876942577,3.570331693298289e-05,11.256516077942614,24.508820836681004,4.921312359218286,nan,nan
317.96,205.26284790039062,-228.27117919921875,-48.12278747558594,205.10103427252446,-228.35252513353035,-48.13659862869433,0.18163578706417066,0.31922791179642784,0.07251824172316639,3.500631352381624e-05,11.718916375561836,24.192355136151846,nan,0.0908214622242421,nan
317.97,205.27154541015625,-228.2691192626953,-48.12470626831055,205.11029975670468,-228.35082026258706,-48.1386539238566,0.18130016887903908,0.3192693770211418,0.07254427816871974,3.571205266611554e-05,11.700397635207583,24.923593230041003,nan,nan,nan
317.98,205.28025817871094,-228.26698303222656,-48.12667465209961,205.11957383630315,-228.349036754841,-48.14046582711512,0.18094879883055012,0.31931092571561537,0.07257037801129611,3.501470591808994e-05,11.668599892123094,24.267588017413082,nan,0.0669755709568186,nan
317.99,205.28895568847656,-228.2647705078125,-48.12864685058594,205.12883864306005,-228.34718098625888,-48.14261109341165,0.18062102665074722,0.31935256037731297,0.0725965416289859,3.5720781044404225e-05,11.678906713152585,24.828156223546436,nan,nan,nan
318.0,205.2976531982422,-228.26248168945312,-48.1306037902832,205.13180640057698,-228.3396016640878,-48.1438317594008,0.18337837917932295,0.3192828095982711,0.07258502571170572,3.500188604964267e-05,11.01085179012835,24.03272976314104,1.4506452962410252,0.4791148451733956,nan
318.01,205.30636596679688,-228.26011657714844,-48.13253402709961,205.14106755511312,-228.33758455026307,-48.145940267406914,0.18304256074158756,0.3193242746709063,0.07261115639969662,3.570742144054669e-05,11.028991920177216,23.379154891695688,nan,nan,nan
318.02,205.3150634765625,-228.25767517089844,-48.134429931640625,205.1503107908527,-228.33550040652986,-48.14866396651037,0.18276439067376257,0.31936582329609,0.07263735070695904,3.5010235638585486e-05,11.766468824701867,24.624022904884363,nan,0.293187753181168,nan
318.03000000000003,205.32376098632812,-228.2551727294922,-48.136287689208984,205.15957078989823,-228.33333912675536,-48.15071671699077,0.18241875755393422,0.3194074576841921,0.07266360898690337,3.5716109861231245e-05,11.79153830782247,24.780231876488813,nan,nan,nan
318.04,205.3324737548828,-228.25259399414062,-48.13811492919922,205.16883844217583,-228.3311045059755,-48.15241863536733,0.18205771624249167,0.31944917598128403,0.07268993118036375,3.5018580385476626e-05,11.788820948529764,23.993886436653057,nan,0.0706748073668979,nan
318.05,205.34117126464844,-228.2499542236328,-48.1399040222168,205.16190476941384,-228.31514939120356,-48.154272385432456,0.19129384739131608,0.3193795616147859,0.07267828825842575,3.570272749748536e-05,11.28362772262579,23.978274831638196,6.399479466897221,nan,nan
318.06,205.34986877441406,-228.24729919433594,-48.141658782958984,205.17112944511436,-228.31277938388425,-48.15714897103196,0.19098520620280043,0.31942111021749364,0.07270457682462544,3.50057051334852e-05,12.335966522696546,25.007852112893147,nan,0.6146171925700897,nan
318.07,205.3585662841797,-228.24465942382812,-48.14337921142578,205.1803772722722,-228.31040233194406,-48.15906775094228,0.19057697710968197,0.3194627443910884,0.07273092955841616,3.5711376138869127e-05,12.353040272409036,24.93490274638825,nan,nan,nan
318.08,205.3672637939453,-228.24205017089844,-48.14506149291992,205.1896296023922,-228.30805016771993,-48.16074903237963,0.19014732310360985,0.31950446253614034,0.07275734642321328,3.501401609108352e-05,12.468544415985058,25.00311376447838,nan,0.02937487133313088,nan
318.09000000000003,205.3759765625,-228.23947143554688,-48.14671325683594,205.19887641145348,-228.30573879247194,-48.16259941440031,0.1897582569921358,0.3195462664800625,0.07278382773974927,3.572002215891898e-05,12.4855619601809,24.189626653253924,nan,nan,nan
318.1,205.38467407226562,-228.23695373535156,-48.14833450317383,205.19854188618436,-228.30234794327544,-48.16269537012443,0.1978075519917148,0.3194767851056699,0.07277205495576783,3.5001123607173914e-05,11.55682628911418,23.202377582516867,2.7073490427856837,1.934581580148675,nan
318.11,205.39337158203125,-228.2344970703125,-48.14992141723633,205.20776305592562,-228.30013241154,-48.16446406847554,0.1974082361154642,0.3195184191154593,0.07279850192086551,3.570658943564122e-05,11.565584839140616,23.3940421709253,nan,nan,nan
318.12,205.40206909179688,-228.23207092285156,-48.15147399902344,205.21700436049525,-228.2979583099251,-48.165304758604684,0.1969299176298848,0.3195601371462789,0.07282501323008518,3.500940097789741e-05,11.085963133848399,22.67229332261692,nan,0.5680130294305674,nan
318.13,205.4107666015625,-228.2296905517578,-48.15299987792969,205.22622489624635,-228.29583879582225,-48.16700340356754,0.1965383675623946,0.31960194080149423,0.07285158918364118,3.5715205114185734e-05,11.092244286573536,22.56430448782749,nan,nan,nan
318.14,205.41946411132812,-228.2273712158203,-48.15449142456055,205.23544501517452,-228.29376674564148,-48.16867161949525,0.19614400846778152,0.3196438288189541,0.07287822977470314,3.5017678117083774e-05,11.322511059329557,22.997115846348972,nan,3.0430421708660207e-07,nan
318.15000000000003,205.42816162109375,-228.22508239746094,-48.15595626831055,205.25395028982126,-228.29276110073513,-48.17042322352368,0.18745476151260645,0.3195744804219767,0.07286632462945751,3.5701759287424746e-05,11.189541495638178,23.42083344342311,2.8984778973181546,nan,nan
318.16,205.43685913085938,-228.2228546142578,-48.15739059448242,205.2632236872965,-228.29076815759592,-48.17062447606183,0.1869134886830679,0.31961619836883554,0.07289293014233476,3.500474414921787e-05,10.3092889470083,22.740545154976118,nan,1.4082216804975616,nan
318.17,205.445556640625,-228.2206573486328,-48.15879821777344,205.2724670765082,-228.28882976421653,-48.17219613332845,0.18651267944533897,0.31965800177610054,0.07291960048946677,3.571034476583896e-05,10.312639009204922,22.508352696073196,nan,nan,nan
318.18,205.45425415039062,-228.218505859375,-48.16017532348633,205.28171499953734,-228.28693362026283,-48.17351076479059,0.18609124383504205,0.3196998895775813,0.0729463356825294,3.501299667719294e-05,10.344857538046085,22.576192786446562,nan,0.037239440035902446,nan
318.19,205.46295166015625,-228.21640014648438,-48.16152572631836,205.29095817445526,-228.28508211623597,-48.175026029042776,0.18569122291101442,0.31974186308174396,0.0729731359948391,3.571893235163101e-05,10.348027622427496,22.58999940543146,nan,nan,nan
318.2,205.47164916992188,-228.21434020996094,-48.16284942626953,205.27849459228736,-228.27004307414208,-48.17718241308224,0.20153643454751421,0.3196726447100518,0.07296109568063702,3.500005454866663e-05,10.91247752654763,22.462294317021055,4.683813890990181,0.317996190248055,nan
318.21,205.4803466796875,-228.2123260498047,-48.164146423339844,205.28770945359017,-228.26824904488154,-48.178652255851624,0.201114150257262,0.31971444790198594,0.0729878601642888,3.5705450327036665e-05,10.915354102276025,22.524095612283556,nan,nan,nan
318.22,205.48904418945312,-228.21034240722656,-48.1654167175293,205.29693759806432,-228.26649106270608,-48.179388643760326,0.2006310760819197,0.3197563355090442,0.07301468969799994,3.5008282457048305e-05,10.578379712810154,22.030650438220757,nan,0.3540707224368114,nan
318.23,205.49774169921875,-228.20838928222656,-48.166664123535156,205.3061524495163,-228.26477732559223,-48.180801733655294,0.20021469490540414,0.3197983086696156,0.07304158453851774,3.571401683217083e-05,10.579264628743658,21.859204030204605,nan,nan,nan
318.24,205.5064239501953,-228.2064971923828,-48.167884826660156,205.3153849966965,-228.2630966751964,-48.18119678023588,0.1996912399598114,0.31984036657360326,0.07306854472164823,3.501651451484329e-05,10.022289200916644,22.205879323360953,nan,0.6969986897627426,nan
318.25,205.51512145996094,-228.20462036132812,-48.16908264160156,205.3110799331106,-228.25729484258144,-48.18250738095674,0.2111581617685699,0.3197712776282179,0.07305636669592332,3.570053073719378e-05,10.159750762917163,20.635937384331363,2.534134430722661,nan,nan
318.26,205.52381896972656,-228.2028045654297,-48.17025375366211,205.32028414505663,-228.25568648936667,-48.182830461854905,0.21066821383792664,0.31981316505512325,0.07308329029561447,3.5003543933861165e-05,9.609777813781236,20.44940598818009,nan,0.7182108091332523,nan
318.27,205.5325164794922,-228.2010040283203,-48.17140197753906,205.32947082991654,-228.25412089085614,-48.184129331374535,0.21026393516934438,0.3198551378950426,0.07311027938694598,3.570907594286439e-05,9.608214735999749,20.099104905137096,nan,nan,nan
318.28000000000003,205.5412139892578,-228.19924926757812,-48.17253112792969,205.33866193869892,-228.25258999404824,-48.18514842670669,0.209837466898549,0.31989719548442663,0.073137334020443,3.501175983763481e-05,9.59927650049398,20.21634922106805,nan,0.046780757557782424,nan
318.29,205.54991149902344,-228.19752502441406,-48.17363357543945,205.34784883324104,-228.25109592991743,-48.186400823647396,0.20943296169977732,0.319939338741096,0.07316445443137289,3.5717627564618765e-05,9.596756520397294,20.150690142899744,nan,nan,nan
318.3,205.55860900878906,-228.1958465576172,-48.17471694946289,205.35406226481234,-228.2399422133629,-48.18717428550692,0.20961627453143028,0.3198703766103839,0.07315213593204564,3.499878924361055e-05,8.924448061803059,20.281169549859968,7.278197163487316,0.23338149982787576,nan
318.31,205.5673065185547,-228.19418334960938,-48.175777435302734,205.3632643755607,-228.2384882264822,-48.18838117319202,0.2091768927034593,0.31991234914470823,0.07317921898371288,3.570411801431002e-05,8.920790605763266,19.95579554294259,nan,nan,nan
318.32,205.5760040283203,-228.19256591796875,-48.176815032958984,205.37245491624637,-228.23707145138533,-48.19033425808372,0.20879596015909604,0.319954406425277,0.07320636777290747,3.5006988538996886e-05,9.67300482777159,20.924388884688913,nan,0.4148812709952361,nan
318.33,205.58470153808594,-228.19097900390625,-48.177833557128906,205.38165700321747,-228.23568330941563,-48.19150824557387,0.20835679776550545,0.3199965492447601,0.07323358252192698,3.5712656767325406e-05,9.668900690610638,20.855372215611887,nan,nan,nan
318.34000000000003,205.59339904785156,-228.18942260742188,-48.1788330078125,205.39084378183085,-228.23433256195793,-48.19372267064279,0.20800779280678539,0.3200387771281124,0.0732608633002606,3.5015195831138445e-05,10.74518700315324,21.897947280119176,nan,0.7927987007919469,nan
318.35,205.6020965576172,-228.18789672851562,-48.1798095703125,205.40353216833125,-228.23280538300412,-48.19489253292403,0.2041374529614884,0.3199699407598872,0.07324840175597878,3.569915096834993e-05,10.66129978497367,22.16931385184242,0.5172466761375967,nan,nan
318.36,205.6107940673828,-228.1864013671875,-48.18077087402344,205.4127602096263,-228.23150246241445,-48.19486741114163,0.20359329548716082,0.32001199773036004,0.07327564439342446,3.500220809116673e-05,9.946900517932413,21.419087639395563,nan,0.9380694405238907,nan
318.37,205.61949157714844,-228.1849365234375,-48.18170928955078,205.42197244743457,-228.23023529527015,-48.19596538874021,0.20314778289848254,0.32005414011830574,0.07330295317029774,3.5707676096876417e-05,9.942522514276272,21.436302301223918,nan,nan,nan
318.38,205.62818908691406,-228.18350219726562,-48.1826286315918,205.43117297161862,-228.2290018610712,-48.197945247705846,0.20278108349082138,0.3200963675546574,0.07333032816741783,3.5010406472373445e-05,10.932780032671891,22.433248263596834,nan,0.5711834380107231,nan
318.39,205.6368865966797,-228.18209838867188,-48.18353271484375,205.44038539901806,-228.2277932466656,-48.19901694285433,0.20233759424933212,0.3201386806725473,0.07335776959048497,3.571621129945963e-05,10.92600370740372,22.440640301902874,nan,nan,nan
318.40000000000003,205.6455841064453,-228.18072509765625,-48.184417724609375,205.42537946265531,-228.21624887578398,-48.2011022953094,0.22367476133572115,0.3200699676902349,0.07334516228132884,3.499742553931874e-05,12.24051209545521,22.69159836360644,5.721147587758676,0.8012296365698843,nan
318.41,205.65428161621094,-228.1793670654297,-48.18528366088867,205.43455013446544,-228.21508102524479,-48.20214996927567,0.2232529582208308,0.32011210964466996,0.0733725647632727,3.57026927300091e-05,12.23606087202098,22.456796284790528,nan,nan,nan
318.42,205.66297912597656,-228.17803955078125,-48.186134338378906,205.4437433003726,-228.21393250042098,-48.20127391786014,0.22266984063621806,0.32015433662445375,0.07340003365232588,3.5005613994933646e-05,10.797746986147722,21.04464433281459,nan,2.5678803592724724,nan
318.43,205.6716766357422,-228.17674255371094,-48.18696594238281,205.45291375054214,-228.2128189192824,-48.20227004909115,0.22224517942136798,0.3201966491739411,0.07342756914438359,3.571122186883393e-05,10.790250822309972,21.112520934494828,nan,nan,nan
318.44,205.6803741455078,-228.17547607421875,-48.187782287597656,205.4621085370883,-228.2117227040755,-48.201109958046416,0.22165586117740604,0.3202390470578373,0.07345517133465707,3.501381360956896e-05,9.286122077216493,19.685883944784525,nan,3.2325726098888787,nan
318.45,205.68907165527344,-228.17422485351562,-48.18858337402344,205.46221680562567,-228.2151723310956,-48.202138261305734,0.23091893317376225,0.32017045606490285,0.07344241567395057,3.569771338396722e-05,9.89576685108177,19.07555960099428,8.605361521824982,nan,nan
318.46,205.69776916503906,-228.17300415039062,-48.18936538696289,205.47135969337518,-228.21415346131897,-48.2024380474668,0.23048949889669126,0.3202126825716812,0.07346997811584793,3.5000824704844756e-05,9.613365405567883,18.890131786236882,nan,0.28044396623728785,nan
318.47,205.7064666748047,-228.17181396484375,-48.19013595581055,205.48049601185517,-228.21316166385253,-48.203346950132044,0.23010194066571793,0.3202549945416618,0.07349760733494702,3.5706235096254e-05,9.600405025464127,18.970299005773835,nan,nan,nan
318.48,205.7151641845703,-228.17063903808594,-48.190887451171875,205.48962868234577,-228.21219516109346,-48.204598906044176,0.22974154634677965,0.32029739181314415,0.07352530343485983,3.500902121955329e-05,10.064884715487409,19.285146903000186,nan,0.09020794771458514,nan
318.49,205.72386169433594,-228.1694793701172,-48.191627502441406,205.49876512158315,-228.21125093649025,-48.205482648998014,0.2293584441620056,0.32033987481966814,0.0735530665991298,3.5714769794077986e-05,10.052529508088014,19.144078521060717,nan,nan,nan
318.5,205.73255920410156,-228.16836547851562,-48.19234848022461,205.51687565845342,-228.21589901942164,-48.20749679908216,0.22137818532689796,0.32027140359034234,0.07354015990649732,3.499604446284343e-05,11.30183370229878,21.067350261668235,0.8072260248352453,0.9324524519348489,nan
318.51,205.7412567138672,-228.16725158691406,-48.193058013916016,205.5260244417748,-228.21501170507938,-48.208364398563425,0.2209982924101161,0.32031371496235433,0.07356788249868323,3.5701256923522356e-05,11.29015955222981,20.69717490167394,nan,nan,nan
318.52,205.7499542236328,-228.16616821289062,-48.19375228881836,205.5351939942638,-228.2141392102168,-48.20694622281274,0.22044784552665783,0.3203561115968703,0.07359567215033881,3.500423627419489e-05,9.683437443430552,19.21450918300659,nan,3.645555607728434,nan
318.53000000000003,205.75865173339844,-228.1651153564453,-48.194435119628906,205.54434342693597,-228.21329643256607,-48.20776479037609,0.2200616877995679,0.3203985938672645,0.07362352903789175,3.57097908388054e-05,9.668064388884577,19.348415778088885,nan,nan,nan
318.54,205.76734924316406,-228.1640625,-48.195098876953125,205.55350704368797,-228.2124697427296,-48.20691340331149,0.21957078689690912,0.32044116170254466,0.07365145327543854,3.501244167917468e-05,8.662497897391937,18.00309666336145,nan,1.9376721591227368,nan
318.55,205.77606201171875,-228.16305541992188,-48.19575500488281,205.56029368851603,-228.213201526138,-48.20768580907651,0.2218399092928539,0.3203728085842034,0.07363839296106732,3.569629283997541e-05,8.8230796213163,17.791426071862343,0.6859971235234218,nan,nan
318.56,205.78475952148438,-228.16204833984375,-48.19639587402344,205.56944024706885,-228.21242526839748,-48.20760777769069,0.22141800208921086,0.3204152045505184,0.07366627579487746,3.499946390340035e-05,8.410464004756815,17.547792993673223,nan,0.5013617220483509,nan
318.57,205.79345703125,-228.16107177734375,-48.197025299072266,205.57858015612675,-228.2116717977406,-48.208352235645826,0.22104464033094343,0.32045768605747155,0.07369422603319412,3.570482400639818e-05,8.394882635407583,17.689463113483708,nan,nan,nan
318.58,205.80215454101562,-228.1601104736328,-48.19763946533203,205.5877209307412,-228.21093774831584,-48.20900856063131,0.22066817032583744,0.32050025308257357,0.07372224379606697,3.5007670561873795e-05,8.476846441379207,17.71340370411185,nan,0.004144447659819851,nan
318.59000000000003,205.81085205078125,-228.1591796875,-48.1982421875,205.59686156335812,-228.21022308781346,-48.20972957578384,0.22029370738342366,0.32054290592614015,0.07375032925113852,3.571337032122509e-05,8.462011602439725,17.885893156096788,nan,nan,nan
318.6,205.81956481933594,-228.1582489013672,-48.19883346557617,205.60791597672926,-228.2079502730336,-48.20931011215711,0.21765849178437785,0.32047466877879427,0.07373711267252078,3.499470881829805e-05,7.7467428858449345,16.67226354880905,0.840432577070078,0.7786676497108284,nan
318.61,205.82826232910156,-228.1573486328125,-48.19941329956055,205.61706552493544,-228.20726650941634,-48.20999728947733,0.21727380269415372,0.3205171494879047,0.0737651558776225,3.5699874050666024e-05,7.730969657612313,17.33877412819354,nan,nan,nan
318.62,205.8369598388672,-228.15646362304688,-48.199981689453125,205.62622117051646,-228.20659872518243,-48.20974435444235,0.2168400895408247,0.3205597156636409,0.07379326677802943,3.5002914566791285e-05,7.299118485103181,16.85759746210467,nan,0.6099231075417418,nan
318.63,205.8456573486328,-228.1555938720703,-48.200538635253906,205.6353710730141,-228.20595130913287,-48.21040115862672,0.21645659737779424,0.32060236756796734,0.07382144553647726,3.5708423386988376e-05,7.2835039808011,16.80179405414657,nan,nan,nan
318.64,205.8543701171875,-228.15463256835938,-48.20118713378906,205.6445156987218,-228.20527043706065,-48.212029461313946,0.21614954721753535,0.3206451052362586,0.07384969228027365,3.5011135646372804e-05,7.904328355720897,16.883785466929275,nan,0.6102378659100819,nan
318.65000000000003,205.86306762695312,-228.15359497070312,-48.201927185058594,205.67821563094296,-228.21852127533361,-48.21288321022377,0.19622874394271067,0.32057698222105796,0.07383631685529622,3.5694945316580915e-05,8.035428355316578,18.61387225925112,5.726537206090599,nan,nan
318.66,205.87176513671875,-228.1524658203125,-48.2027587890625,205.69444482886226,-228.2259658722557,-48.214814829735374,0.1923280981309791,0.3177607576067965,0.06992536408381958,3.499735690803824e-05,10.986494211148102,21.494418544957714,nan,0.765723380278552,0.017382739646666878
318.67,205.88046264648438,-228.1512451171875,-48.203678131103516,205.70362746373686,-228.22505483254693,-48.21581029901636,0.19200454535518424,0.3178059103911192,0.06994582603789978,3.570265573686354e-05,10.937582855315547,21.37162483206262,nan,nan,nan
318.68,205.88917541503906,-228.1499481201172,-48.204689025878906,205.7128141851428,-228.2240635939044,-48.217000260643026,0.19169755701792257,0.3178511457882015,0.06996634448601027,3.50056103111042e-05,11.126094699891972,21.164871364449098,nan,0.007726110441034927,nan
318.69,205.8978729248047,-228.1485595703125,-48.205787658691406,205.7219970697647,-228.22298213812033,-48.21817559042854,0.19137527488648443,0.31789646801472,0.06998692742479178,3.571125123668716e-05,11.074959099263511,21.53976214734514,nan,nan,nan
318.7,205.9065704345703,-228.14707946777344,-48.20697021484375,205.72943758117484,-228.2209186427567,-48.21920846008411,0.19229676586150296,0.3178350062903983,0.06997856795916065,3.4992699005854534e-05,11.046292170461177,21.371293714191665,0.029832772372244323,0.03655972508167733,nan
318.71,205.915283203125,-228.14552307128906,-48.2082405090332,205.73861825262554,-228.2196688713482,-48.22055637735647,0.1919890231600291,0.3178801406060357,0.06999914488327377,3.5697807907671665e-05,10.997276564019337,20.885943061706936,nan,nan,nan
318.72,205.92398071289062,-228.14389038085938,-48.209590911865234,205.74779889430224,-228.21833719711387,-48.22199019622872,0.19166664786620816,0.3179253595069038,0.0700197824731946,3.6417216963329376e-05,10.950992071475708,21.43489819332883,nan,nan,nan
318.73,205.93267822265625,-228.14218139648438,-48.211029052734375,205.75697947519564,-228.21692447595552,-48.2235089821477,0.19134347761609427,0.31797066313750283,0.07004048087342332,3.715107067302767e-05,10.902277789781934,21.45328590835045,nan,nan,nan
318.74,205.94139099121094,-228.140380859375,-48.21255111694336,205.76613089093536,-228.21539210394238,-48.224316512594214,0.19100056045722572,0.3180160495782083,0.07006123643731946,3.636803483844167e-05,10.498474773745881,20.342479238938715,nan,0.41306393476503916,nan
318.75,205.95008850097656,-228.13851928710938,-48.21415328979492,205.7406066348146,-228.20470956258464,-48.22597596968349,0.22000813752662107,0.3179545584200876,0.0700528357143381,3.707679629300394e-05,11.084264869544805,19.787522630446016,17.781964118816852,nan,nan
318.76,205.9587860107422,-228.13656616210938,-48.21583557128906,205.7497791280184,-228.2031430797076,-48.22944225802347,0.2197760335129539,0.3179997567809778,0.07007358489977165,3.629749104096421e-05,12.3972923550214,20.892377648712483,nan,1.9081377549974874,nan
318.77,205.9674835205078,-228.13453674316406,-48.217594146728516,205.75888949871543,-228.20141622766667,-48.23130071405944,0.2194816652088531,0.31804504181711546,0.07009439874923994,3.702776594953285e-05,12.352556777918245,20.854938483218426,nan,nan,nan
318.78000000000003,205.9761962890625,-228.13243103027344,-48.21943664550781,205.76792502240087,-228.19951380893565,-48.23115824709831,0.21912191961035668,0.3180904097102471,0.07011527031724733,3.6251138940002314e-05,11.051779292440308,19.053952040383194,nan,2.8470985750695967,nan
318.79,205.98489379882812,-228.13026428222656,-48.22135543823242,205.77703465191158,-228.19763533516667,-48.23315580338294,0.21882306173897365,0.3181358645150292,0.07013620668928046,3.698019516495171e-05,11.00813694039849,19.67710489479117,nan,nan,nan
318.8,205.99359130859375,-228.1280059814453,-48.223323822021484,205.7421305767709,-228.1761868290589,-48.23451978887758,0.2562796195554539,0.31807433964808063,0.07012775447825453,3.618367077618802e-05,10.82305794785801,17.56234060223409,18.153313205607358,0.34859578382608697,nan
318.81,206.00228881835938,-228.1256866455078,-48.22529983520508,205.75116462798871,-228.17412938029508,-48.236603917961645,0.2560035933926652,0.31811960608393525,0.07014868375418151,3.6910663899341193e-05,10.802190996517293,17.7251662830242,nan,nan,nan
318.82,206.010986328125,-228.12327575683594,-48.227256774902344,205.7601830076231,-228.171979112811,-48.238245924737605,0.2557246250796094,0.31816495542224843,0.07016967128243572,3.614020458217554e-05,10.664826227762308,17.285667392060823,nan,0.12625866693179388,nan
318.83,206.0196990966797,-228.12081909179688,-48.229183197021484,205.7692161960801,-228.1697768418977,-48.240298867137334,0.2554644846350339,0.31821039149858027,0.07019072355004732,3.6866122999930264e-05,10.656343007652477,17.245654993580622,nan,nan,nan
318.84000000000003,206.0283966064453,-228.11827087402344,-48.231082916259766,205.77822454269503,-228.16747174107007,-48.24161541738644,0.2551817399015856,0.31825591081856525,0.07021183449658096,3.609816763586232e-05,10.360560283815497,17.036511574548722,nan,0.3314706628687245,nan
318.85,206.03709411621094,-228.11566162109375,-48.232940673828125,205.75728510742556,-228.14849934467065,-48.243536632330084,0.28192848707383955,0.3181943556326874,0.07020333426791524,3.679983501580187e-05,10.132295882269247,16.189192608663124,9.739631434569597,nan,nan
318.86,206.04579162597656,-228.11297607421875,-48.23476791381836,205.76623214332844,-228.14600092039242,-48.244316135870385,0.2816652505149276,0.3182396864036547,0.070224437693179,3.6035286548761766e-05,9.59348702414729,15.5197103515817,nan,0.9091704442748647,nan
318.87,206.0544891357422,-228.1102294921875,-48.23655700683594,205.77521857789253,-228.14348511950553,-48.24621838060638,0.2814095296415992,0.3182851037395608,0.07024560580685613,3.675834093176112e-05,9.58438719018459,15.627911016903395,nan,nan,nan
318.88,206.0631866455078,-228.107421875,-48.238311767578125,205.7841861566788,-228.1408780202245,-48.24754136949102,0.28115079934366494,0.31833060436179367,0.07026683310415902,3.599617516175645e-05,9.39255964022383,15.53779454710473,nan,0.19785888477039562,nan
318.89,206.07188415527344,-228.1045379638672,-48.24003219604492,205.7931713331126,-228.13822712737516,-48.24936959887225,0.28089674983217494,0.31837619178638094,0.07028812524960766,3.6718346691435756e-05,9.382349117612085,15.347384779851337,nan,nan,nan
318.90000000000003,206.08058166503906,-228.10159301757812,-48.24171829223633,205.79548623725475,-228.1380940106616,-48.25280068900966,0.2876361329142118,0.3183146023163523,0.07027956786148051,3.593638414862825e-05,10.91039640803761,16.264453783676263,4.439082685010288,1.8513821814582065,nan
318.91,206.0892791748047,-228.09866333007812,-48.243370056152344,205.8044504593766,-228.1353706883076,-48.254578502542145,0.2874029515350821,0.31836000089531985,0.07030085175258056,3.66568322461946e-05,10.898798053287404,16.486135432795994,nan,nan,nan
318.92,206.09796142578125,-228.0957489013672,-48.24498748779297,205.81344880186865,-228.13270583332326,-48.25738127717447,0.2871704267512128,0.3184054828003207,0.07032219531121314,3.590018298049207e-05,11.728648954898187,17.46637158492619,nan,0.7492270387060154,nan
318.93,206.10665893554688,-228.0928955078125,-48.24657440185547,205.82241234712336,-228.1300341135479,-48.25910580620558,0.2869362911194096,0.3184510513367099,0.07034360368856556,3.661987306051153e-05,11.715139998447457,17.350883010481642,nan,nan,nan
318.94,206.1153564453125,-228.09007263183594,-48.248130798339844,205.83129404802088,-228.1273072364789,-48.25825991237992,0.2866713454275087,0.3184967035381777,0.07036507214032554,3.5865408971926206e-05,10.265889289830543,15.578774652095804,nan,4.33220355459577,nan
318.95,206.12405395507812,-228.08731079101562,-48.24965286254883,205.86228248124414,-228.1371858178475,-48.25975119851408,0.26667170679313806,0.31843508259663705,0.07035645963410603,3.6561531854112296e-05,10.355556529618127,16.31930670731728,6.224605923545994,nan,nan
318.96,206.13275146484375,-228.08460998535156,-48.25114822387695,205.87131118085847,-228.13473199298446,-48.26242104826051,0.26644007639437084,0.31848054575999,0.07037791934610331,3.5810119847098836e-05,11.092176811675603,17.17036843623157,nan,0.763788052646067,nan
318.97,206.1414337158203,-228.0819549560547,-48.25261306762695,205.88030585937184,-228.13228982516435,-48.26400769376439,0.2661788758832496,0.3185260953856516,0.0703994438605801,3.6527562247743315e-05,11.075329996122893,17.443309182870195,nan,nan,nan
318.98,206.15013122558594,-228.079345703125,-48.25404739379883,205.88929244072827,-228.12989089944267,-48.265315088029695,0.2659297830069005,0.3185717287113542,0.07042102890511,3.577820477224269e-05,11.047929466301774,16.8976223802352,nan,0.04244864183402861,nan
318.99,206.15882873535156,-228.07679748535156,-48.255455017089844,205.89828651031195,-228.1275537043912,-48.266842822500784,0.26568426169397136,0.3186174487395672,0.07044267893126499,3.649505243465248e-05,11.030639918295625,17.01775953963624,nan,nan,nan
319.0,206.16751098632812,-228.0742950439453,-48.256832122802734,205.9573521822077,-228.1565232748598,-48.26686589224882,0.2258957313407052,0.31855579284112173,0.07043400339354919,3.572587595893921e-05,10.952597930357761,18.62242509020952,32.65598723877801,1.6804478892714483,nan
319.01,206.17620849609375,-228.07183837890625,-48.258182525634766,205.96641593307618,-228.15435710458286,-48.26832590986674,0.22566600946631427,0.3186013235291226,0.07045564393181954,3.6441288514333144e-05,10.937731351283322,18.11591097806144,nan,nan,nan
319.02,206.18490600585938,-228.06944274902344,-48.25950622558594,205.97547212181934,-228.15223093550688,-48.26951192685569,0.22542526403048255,0.31864693794812576,0.0704773454359114,3.569675449555222e-05,10.89762019856636,18.213302186346287,nan,0.04165578452919004,nan
319.03000000000003,206.19358825683594,-228.0670928955078,-48.26080322265625,205.98453565294022,-228.15016206944068,-48.270917505798714,0.22517943417850905,0.3186926389043386,0.0704991119257655,3.64116779229569e-05,10.88089079007597,18.619023450853852,nan,nan,nan
319.04,206.20228576660156,-228.06478881835938,-48.2620735168457,205.99358303021373,-228.14812168949135,-48.27175854815815,0.22493332216101508,0.318738423927049,0.07052093976939253,3.566899347986754e-05,10.680291730056705,17.93920853843526,nan,0.19759799942390582,nan
319.05,206.2109832763672,-228.06251525878906,-48.26332092285156,205.9841705067064,-228.14578996588813,-48.2730754627449,0.24181368938124068,0.3186767353384661,0.07051220202702632,3.636089369246568e-05,11.422715768470137,17.499389088886648,10.620460226425445,nan,nan
319.06,206.21966552734375,-228.060302734375,-48.26454162597656,205.99313560764693,-228.1438123022966,-48.272530019919415,0.24156462259628078,0.3187223308152112,0.07053401983972041,3.562090073440113e-05,10.576977845618998,17.215983161630028,nan,2.384464188160622,nan
319.07,206.22836303710938,-228.05813598632812,-48.26573944091797,206.0021548896442,-228.14194362347683,-48.27381338152118,0.24136908364771778,0.3187680126666169,0.0705559026544277,3.633409450768163e-05,10.559815353146991,16.79563187607879,nan,nan,nan
319.08,206.23704528808594,-228.05599975585938,-48.266910552978516,206.01114292184596,-228.1400822021429,-48.2739844842151,0.24114679626522967,0.31881377860947774,0.07057784723202863,3.559582000423356e-05,10.152225933818055,16.66559138601688,nan,0.8095052186467969,nan
319.09000000000003,206.24574279785156,-228.05392456054688,-48.268062591552734,206.02016193850554,-228.13830016359574,-48.27521153833784,0.24095035574426427,0.31885963117116367,0.07059985700916045,3.6308659974305903e-05,10.133774634875076,16.435202228832864,nan,nan,nan
319.1,206.2544403076172,-228.0518798828125,-48.269187927246094,206.03197928874377,-228.13235390121764,-48.274595097099045,0.23663095748926996,0.3187979068557503,0.07059105018433426,3.5550461244674253e-05,9.053392499105502,15.593067212562056,3.747104412121843,2.5061317938691574,nan
319.11,206.26312255859375,-228.04986572265625,-48.27029037475586,206.04101144586684,-228.13063682267259,-48.275761355607834,0.23640484053021465,0.31884356956527726,0.0706130491670934,3.626210487865357e-05,9.036879999918888,15.892209800342716,nan,nan,nan
319.12,206.27182006835938,-228.04791259765625,-48.2713737487793,206.04999240423575,-228.1289011250432,-48.27504254716739,0.23617814086079614,0.3188893163865942,0.0706351103033271,3.55279627969216e-05,8.569647264867063,15.239138822741713,nan,2.3792597089486383,nan
319.13,206.28050231933594,-228.0459747314453,-48.27243423461914,206.0590246363637,-228.1272641722474,-48.27614812458859,0.23595366116968555,0.31893514966899555,0.07065723667391814,3.623933993721358e-05,8.552238923682802,15.379749249456639,nan,nan,nan
319.14,206.28919982910156,-228.04409790039062,-48.273475646972656,206.068009262882,-228.12561138085078,-48.27546472133738,0.2357406848596439,0.31898106739425813,0.07067942556836876,3.550671527015648e-05,8.262594074127891,14.92446866386862,nan,2.144609391221927,nan
319.15000000000003,206.2978973388672,-228.04225158691406,-48.27449417114258,206.06147130440664,-228.11000094209183,-48.27643924528955,0.24594923909453664,0.3189193091165309,0.07067054947654607,3.6195492066651966e-05,7.6799000981559145,14.073678092245299,7.826614141453106,nan,nan
319.16,206.30657958984375,-228.04043579101562,-48.27549362182617,206.07048953039748,-228.1084418125016,-48.27750793324023,0.24569776673418903,0.3189650367702658,0.07069272697903821,3.546521045568769e-05,7.669265678071074,14.398690751088164,nan,0.0012176268045788934,nan
319.17,206.31527709960938,-228.03866577148438,-48.27647018432617,206.07950673609793,-228.1069181338389,-48.2785157966058,0.24545923043734005,0.3190108507305855,0.0707149697614161,3.6175282698543365e-05,7.649890598009325,14.091657469351757,nan,nan,nan
319.18,206.323974609375,-228.03692626953125,-48.277427673339844,206.08857721910155,-228.10548976417587,-48.28155244991148,0.2452139839552365,0.3190567491473945,0.07073727543370763,3.544639316788912e-05,7.994022619433158,14.378642919303239,nan,2.884396343660383,nan
319.19,206.33265686035156,-228.03521728515625,-48.27836990356445,206.09759484067808,-228.10403680449375,-48.28254361206083,0.24496468965430745,0.31910273411960915,0.07075964660026222,3.615630813206351e-05,7.9754736131504504,14.732716842268696,nan,nan,nan
319.2,206.3413543701172,-228.03353881835938,-48.27928924560547,206.08655531769298,-228.09271130838007,-48.283378747224354,0.2616116677730809,0.31904093925064325,0.07075069521998456,3.540733764209282e-05,7.93207334551795,13.626889022228495,4.0332364204495,0.030313664456694457,nan
319.21,206.35003662109375,-228.0319061279297,-48.28019332885742,206.09554120351447,-228.0913085841318,-48.28433360347884,0.2613689179027165,0.31908673384196246,0.07077305421513222,3.6116249211360205e-05,7.913348952249811,14.199028360464464,nan,nan,nan
319.22,206.35873413085938,-228.03030395507812,-48.28107833862305,206.1045153642217,-228.0899258284057,-48.28479713922169,0.2611432146692025,0.3191326128984821,0.07079547644929725,3.5390833710634144e-05,7.809292629354624,13.659479332241817,nan,0.15532315124462473,nan
319.23,206.367431640625,-228.0287322998047,-48.281944274902344,206.11350140618987,-228.08858830170095,-48.2857138031581,0.26091668069818247,0.31917857836124,0.07081796423961974,3.6099658570493124e-05,7.792119622488377,13.632774368222783,nan,nan,nan
319.24,206.37611389160156,-228.0271759033203,-48.28279495239258,206.12247097913072,-228.08726423055344,-48.28592863488943,0.2606820939043494,0.31922462861539147,0.07084051562348902,3.537544582612498e-05,7.656848882707964,13.675879958538186,nan,0.32472176475706344,nan
319.25,206.3848114013672,-228.02566528320312,-48.283626556396484,206.0837811806288,-228.0627143468685,-48.286773604858034,0.3033178709379118,0.31916279846832035,0.07083148794567738,3.6061990774888556e-05,7.610863057692251,12.221176801081983,21.455112652609678,nan,nan
319.26,206.3935089111328,-228.02418518066406,-48.28444290161133,206.0926836666097,-228.06142087948393,-48.28733681470435,0.3031347880761682,0.3192086581086243,0.07085402650939236,3.533979690471988e-05,7.553314022174465,12.17164565668894,nan,0.06143618123184615,nan
319.27,206.40220642089844,-228.02273559570312,-48.28524398803711,206.10159338703332,-228.06016488951119,-48.288179266080014,0.3029484510964702,0.3192546040094349,0.07087663070025758,3.604765653508477e-05,7.535433099986246,12.176290921516474,nan,nan,nan
319.28000000000003,206.410888671875,-228.0213165283203,-48.28602981567383,206.11052635837726,-228.05896271251703,-48.289992513405515,0.3027382657141353,0.31930063470337644,0.07089929881165616,3.532655003070421e-05,7.720353158295227,12.754132382897177,nan,0.6735257745194676,nan
319.29,206.41958618164062,-228.01992797851562,-48.28679656982422,206.11943652072802,-228.0577646064311,-48.29081494084833,0.30255177517849136,0.31934675191161377,0.07092203277964551,3.6034408646128195e-05,7.703852616113959,12.442279770970385,nan,nan,nan
319.3,206.42828369140625,-228.0185546875,-48.28754806518555,206.12367378741038,-228.05601298674947,-48.29063159266872,0.3069199015000064,0.31928488421899237,0.0709129234774192,3.529303726839644e-05,7.65661386616741,12.001947437234687,0.4813164061623868,0.731577925540882,nan
319.31,206.43698120117188,-228.0172119140625,-48.28828811645508,206.13257399333813,-228.0548726036139,-48.29141588811559,0.3067439627346964,0.31933081050139045,0.07093564382887975,3.600004446195603e-05,7.639869927691854,12.024054826552439,nan,nan,nan
319.32,206.44566345214844,-228.01589965820312,-48.28900909423828,206.14153139803005,-228.05381893779767,-48.29474541911153,0.30654050879172284,0.3193768215736973,0.07095842841262372,3.5281806387699416e-05,8.280843552416846,13.10471588605703,nan,4.549549724053692,nan
319.33,206.45436096191406,-228.01461791992188,-48.28971862792969,206.15043169554946,-228.05273206897968,-48.29552754937193,0.30636486560904763,0.319422919020033,0.070981278937897,3.598886831549644e-05,8.26621572040853,12.807510202244096,nan,nan,nan
319.34000000000003,206.4630584716797,-228.0133514404297,-48.29041290283203,206.15934057693724,-228.05167955166598,-48.29667733800734,0.30619086669231704,0.3194691015774652,0.07100419403602978,3.527154499120005e-05,8.422470028571095,12.81433271381551,nan,0.10083189069194747,nan
319.35,206.4717559814453,-228.01211547851562,-48.29109573364258,206.1494133683248,-228.0380818356496,-48.29732357930331,0.3234467467725585,0.3194071972552197,0.07099500144335062,3.5956562755549415e-05,8.1119334987926,12.360527203439386,5.482951947560725,nan,nan
319.36,206.48045349121094,-228.0109100341797,-48.29176330566406,206.15832684884836,-228.03708119828804,-48.29985711491511,0.32328936465458563,0.31945318864060707,0.071017902228545,3.5240965845741847e-05,8.872357487488298,13.248525253075382,nan,2.2282742077957627,nan
319.37,206.4891357421875,-228.0097198486328,-48.292415618896484,206.1672023342483,-228.03606593893045,-48.30060701393125,0.32311350107035497,0.3194992662631629,0.07104086904762545,3.59473270430972e-05,8.860432728906979,13.427000236411812,nan,nan,nan
319.38,206.49783325195312,-228.00856018066406,-48.29305648803711,206.17609524914928,-228.03509190128585,-48.30216250785609,0.3229585023564181,0.31954542898668364,0.07106390073172685,3.523254193973191e-05,9.327825904937898,13.684925613341449,nan,0.4659162987379814,nan
319.39,206.50653076171875,-228.00741577148438,-48.29368591308594,206.1849713335684,-228.03412421447993,-48.302896379542204,0.32279814040971466,0.3195916782061504,0.07108699869228412,3.593902302140906e-05,9.315962435280154,13.527310560464297,nan,nan,nan
319.40000000000003,206.51522827148438,-228.0063018798828,-48.2943000793457,206.16522832429868,-228.02212444247016,-48.302266447996175,0.3504479698133436,0.3195297353001376,0.07107771803468652,3.520378019923715e-05,8.970343723567648,12.682476429276097,8.337724995796666,1.07917261998609,nan
319.41,206.52392578125,-228.0052032470703,-48.29490661621094,206.1740544301586,-228.02118793306937,-48.30296274302319,0.35032895067382214,0.31957579303321115,0.07110080086800714,3.5909526275278474e-05,8.956387651033001,12.533034621345944,nan,nan,nan
319.42,206.53262329101562,-228.00413513183594,-48.29549789428711,206.18285313498032,-228.02024627761102,-48.30225486864155,0.3502062075029142,0.31962193585230353,0.07112394884501232,3.5197068732815536e-05,8.427002580886477,12.186057765477278,nan,1.3545985405639283,nan
319.43,206.54132080078125,-228.00308227539062,-48.296077728271484,206.19167990837872,-228.0193534481041,-48.30291522061957,0.35008606942168097,0.31966816503578593,0.07114716320229811,3.590297769812474e-05,8.413279829126347,12.068589917416565,nan,nan,nan
319.44,206.55001831054688,-228.00205993652344,-48.2966423034668,206.20048910889696,-228.0184642456531,-48.30264491673644,0.34996542047767104,0.3197144796215868,0.07117044303185849,3.519117885094879e-05,8.115582701027002,11.990322574910707,nan,0.5910222241637693,nan
319.45,206.5587158203125,-228.00103759765625,-48.29719924926758,206.23710605415886,-228.02567171979763,-48.30319812771673,0.32260760716654624,0.31965249870498147,0.07116107213324999,3.5875211010229476e-05,7.687483009424197,11.925112823678239,9.049484975044134,nan,nan
319.46,206.56741333007812,-227.99993896484375,-48.2978515625,206.24599234644313,-228.02479720660233,-48.30419790210967,0.32244326156807207,0.3196986215454791,0.0711843360950037,3.51648817446443e-05,7.814775163042276,12.265062888168103,nan,0.07586265332281938,nan
319.47,206.57611083984375,-227.99876403808594,-48.29859161376953,206.25487272046084,-228.02382977279638,-48.30496479781747,0.322277578922507,0.3197448306220247,0.0712076665466132,3.5870289953508876e-05,7.786037172885746,12.466640706240666,nan,nan,nan
319.48,206.58480834960938,-227.99749755859375,-48.29942321777344,206.2637505567005,-228.02277392882556,-48.305678445677664,0.32211198232252525,0.31979112507933904,0.07123106273208808,3.516053010755838e-05,7.7512282586731365,12.312241896544027,nan,0.01479713902223653,nan
319.49,206.593505859375,-227.9961395263672,-48.30034255981445,206.2726313428415,-228.0216356820977,-48.30662718253707,0.321947209648433,0.3198375060362715,0.07125452566116068,3.586614891111883e-05,7.7248043673023785,12.18283516962738,nan,nan,nan
319.5,206.60220336914062,-227.9947052001953,-48.301353454589844,206.28952900678158,-228.01322793062056,-48.310168330286814,0.31334653413209484,0.3197754854207837,0.07124506017772227,3.513574272332576e-05,8.048484715890703,13.398412771133016,10.623502543350066,4.302651009062644,nan
319.51,206.61090087890625,-227.99317932128906,-48.302452087402344,206.2984379486101,-228.01189045527937,-48.311321615533664,0.31314830012909345,0.3198216743157697,0.07126850640579954,3.584071291236993e-05,8.016503548136093,13.18065501379773,nan,nan,nan
319.52,206.61959838867188,-227.9915771484375,-48.30363464355469,206.3073413166396,-228.01046569724616,-48.312246083307734,0.3129463423734024,0.31986794856543743,0.07129201861752298,3.513281008207753e-05,7.916489243238971,13.220042644392976,nan,0.07039520226946237,nan
319.53000000000003,206.6282958984375,-227.98989868164062,-48.30490493774414,206.3162501726538,-228.00896464162554,-48.313571501661094,0.3127477500161162,0.31991430919131714,0.07131559769146949,3.5838023209307846e-05,7.8853944878788305,13.278204392030908,nan,nan,nan
319.54,206.63699340820312,-227.98812866210938,-48.30625534057617,206.325157392664,-228.00738169845616,-48.314889279772416,0.3125490759895569,0.3199607554835821,0.07133924306760045,3.513055729932711e-05,7.896182771970508,13.081527283644132,nan,0.006145052673637317,nan
319.55,206.64569091796875,-227.9862823486328,-48.30769348144531,206.336866619413,-228.00610867915762,-48.316203236360074,0.3095770448357538,0.3198986954521302,0.07132968043918066,3.5814007109529165e-05,7.7291689631466625,13.036060929013818,1.6298600138165695,nan,nan
319.56,206.65438842773438,-227.984375,-48.3092155456543,206.34575211958338,-228.0043424352999,-48.3160427981874,0.3093568821905884,0.3199449494115353,0.07135330833299848,3.510779075816732e-05,7.01812530104617,12.693985294947284,nan,2.115718294160544,nan
319.57,206.6630859375,-227.9823760986328,-48.31081771850586,206.35466642523187,-228.00252416490633,-48.31768476412529,0.3091531925078782,0.31999128962665613,0.07137700321182706,3.581264920672479e-05,6.991461167300482,12.364402291626929,nan,nan,nan
319.58,206.67178344726562,-227.9803009033203,-48.3125,206.36360631808864,-228.00065169729774,-48.321001804152345,0.30896533533249837,0.32003771547594223,0.07140076462795163,3.510679441450764e-05,7.717854835426188,13.091750175917124,nan,1.7802307615931883,nan
319.59000000000003,206.68048095703125,-227.9781494140625,-48.31426239013672,206.37252013692668,-227.9986811233981,-48.3228232792749,0.3087631885937113,0.3200842278489613,0.07142459329210825,3.581192909515474e-05,7.689835703783665,13.035280841257595,nan,nan,nan
319.6,206.68917846679688,-227.97592163085938,-48.31610107421875,206.34873198376775,-227.994061458801,-48.324127905623214,0.3410238865344317,0.32002212693427834,0.0714149295038985,3.5085252501575726e-05,8.39522579662884,12.44073933083813,21.690396882653374,0.3323006933611308,nan
319.61,206.6978759765625,-227.9736328125,-48.31801986694336,206.3575751621495,-227.9919601125687,-48.326104160300666,0.3408898502699296,0.3200684466554204,0.07143873983281031,3.578980027888493e-05,8.369385079516286,12.655888020428357,nan,nan,nan
319.62,206.70657348632812,-227.9712677001953,-48.31998825073242,206.36639892032235,-227.9897694183961,-48.32689041053024,0.3407472505295833,0.3201148519743331,0.07146261692390041,3.508540307327353e-05,7.885796054444969,12.098684721168015,nan,1.1064201252298949,nan
319.63,206.71527099609375,-227.9688262939453,-48.321964263916016,206.37524164783105,-227.98752252759303,-48.32894752504856,0.34061455161019505,0.32016134370091315,0.07148656139259023,3.579025074900601e-05,7.875500619425356,11.984204257213415,nan,nan,nan
319.64,206.72396850585938,-227.96630859375,-48.32392120361328,206.38382974657006,-227.9855346920768,-48.33191984481964,0.3407755811217939,0.3196896718237837,0.07077547605723643,3.50852464971793e-05,10.889337687822625,14.914412252626567,nan,0.5952587995541071,0.0001387195990099484
319.65000000000003,206.732666015625,-227.96372985839844,-48.32584762573242,206.3725349964085,-227.9730383961476,-48.33393914551028,0.3603421604104426,0.31962676921140176,0.07076672100001578,3.576838387398395e-05,10.848620088620049,14.808754630555098,3.860449727716481,nan,nan
319.66,206.74136352539062,-227.96107482910156,-48.3277473449707,206.38134711152546,-227.97054178542083,-48.33537406332352,0.36022161005014675,0.31967187215566667,0.07078754669926511,3.506535034806927e-05,10.656051577351583,14.423787333251676,nan,0.2326083781114591,nan
319.67,206.7500457763672,-227.95834350585938,-48.32960510253906,206.39015650118614,-227.96799561089102,-48.337345398556096,0.3601018823948473,0.31971705954213,0.07080843453878814,3.576992707973171e-05,10.651231654007418,14.624056614106813,nan,nan,nan
319.68,206.7587432861328,-227.95556640625,-48.3314323425293,206.3989676818222,-227.96536603994304,-48.3388269288478,0.359984997165724,0.31976233146192623,0.07082938147321433,3.506707979692279e-05,10.513201622970152,14.622699615873676,nan,0.14596206121022628,nan
319.69,206.76744079589844,-227.9527130126953,-48.333221435546875,206.407776603322,-227.9626839645245,-48.340724627123684,0.35988060407013467,0.3198076881146059,0.07085039075452824,3.5771979118691323e-05,10.506186903378126,14.435793500958837,nan,nan,nan
319.7,206.77613830566406,-227.9497833251953,-48.33497619628906,206.39387062792912,-227.9502634451845,-48.34237590058716,0.3823395919595177,0.31974477235080795,0.07084158862069653,3.504815219525555e-05,10.616586086695165,13.96952608305342,4.916115191328197,0.04278920218976603,nan
319.71,206.78482055664062,-227.94679260253906,-48.33669662475586,206.40263954870542,-227.94743455482842,-48.34420323445361,0.3822552604193473,0.31978993994924393,0.0708625894909964,3.575250755574001e-05,10.608915999580844,14.313519374884766,nan,nan,nan
319.72,206.79351806640625,-227.94374084472656,-48.338382720947266,206.41141282748669,-227.94450746973132,-48.344936779491384,0.3821622129503059,0.319835192016579,0.07088364985843754,3.505078407899397e-05,10.237261763761163,13.758291166019317,nan,0.7915251484733278,nan
319.73,206.80221557617188,-227.9406280517578,-48.34003448486328,206.4201807093875,-227.94154913792005,-48.34668712403289,0.3820938961127205,0.31988052875852474,0.07090477264887164,3.575547876662653e-05,10.228126153009944,13.823156870827283,nan,nan,nan
319.74,206.81089782714844,-227.9374542236328,-48.341651916503906,206.4289439667521,-227.93855299577052,-48.349252534697236,0.3820310565501271,0.3199259502569005,0.07092595529948405,3.505384887152187e-05,10.61603884025006,14.545849025307199,nan,0.5053338038897934,nan
319.75,206.81959533691406,-227.93423461914062,-48.343238830566406,206.41653520117873,-227.93653390050645,-48.35107840172508,0.40314292575925753,0.31986302091266205,0.07091710594826325,3.573689520947173e-05,11.805336224503442,14.18877353094251,21.58230033841992,nan,nan
319.76,206.82827758789062,-227.93104553222656,-48.34479522705078,206.42525852182453,-227.93341770275538,-48.350393070096004,0.4030649211387205,0.31990825315680815,0.07093827972899808,3.503617911421902e-05,10.956042311623257,13.797259569162858,nan,3.89792742733769,nan
319.77,206.83697509765625,-227.9279022216797,-48.346317291259766,206.43396995864174,-227.93040014324848,-48.352005854517955,0.40305302558870726,0.31995357001617175,0.0709595160174516,3.574069081097844e-05,10.942204590251055,13.694546268894037,nan,nan,nan
319.78000000000003,206.8456573486328,-227.9248046875,-48.34781265258789,206.44268940659714,-227.92737852502475,-48.35185327997351,0.4029964188646577,0.31999897156724594,0.0709808125467701,3.504001887429956e-05,10.477210767223665,13.317446085217616,nan,2.1221617954071275,nan
319.79,206.85435485839844,-227.9217529296875,-48.34927749633789,206.45139977272132,-227.92446004917187,-48.353389958230984,0.4029851633891509,0.3200444580238319,0.0710021718046221,3.5744882491371e-05,10.460413386847002,12.902005667208266,nan,nan,nan
319.8,206.863037109375,-227.9187774658203,-48.350711822509766,206.46547926522464,-227.92379270799043,-48.35607283135671,0.39762561853502415,0.31998151452229107,0.0709932695508818,3.5023095609992796e-05,10.75583390406101,13.85829637285483,0.28471283250259244,0.9906469454602623,nan
319.81,206.87173461914062,-227.9158477783203,-48.352115631103516,206.4741983189667,-227.92099175562825,-48.35756468858519,0.39760691981648977,0.3200268115220529,0.07101461930691548,3.572744176713891e-05,10.741635873808095,13.40296996923008,nan,nan,nan
319.82,206.8804168701172,-227.91297912597656,-48.35349655151367,206.4829125354053,-227.9182725032036,-48.35992104824046,0.3975914864724949,0.3200721931483918,0.07103602966920702,3.502762594024032e-05,11.063196024480575,13.981468871022049,nan,0.5606598776084764,nan
319.83,206.88909912109375,-227.91015625,-48.3548469543457,206.4916309895708,-227.91558623148381,-48.361367635754405,0.3975586995165455,0.320117659619511,0.07105750285840504,3.573233550028519e-05,11.050292294356439,13.786034956308084,nan,nan,nan
319.84000000000003,206.89779663085938,-227.90740966796875,-48.356170654296875,206.50035516244773,-227.91292538714706,-48.361612322715786,0.3975169879721343,0.32016321100519446,0.07107903700328844,3.503248890226501e-05,10.679897226654557,13.59413945888856,nan,0.9741653685651767,nan
319.85,206.90647888183594,-227.90469360351562,-48.35746765136719,206.50266180612377,-227.90680274564343,-48.36310526724315,0.40386193411858945,0.32010025288212507,0.07107008091593876,3.571556962916837e-05,10.674684224335037,13.324229940104345,0.9766519268505387,nan,nan
319.86,206.9151611328125,-227.9020538330078,-48.35873794555664,206.51137740166936,-227.9042389779603,-48.363043257977324,0.40381259528322716,0.320145614601205,0.0710916050468788,3.501651708806561e-05,10.288018931145123,13.403174476730323,nan,1.4265949214606193,nan
319.87,206.92385864257812,-227.8994598388672,-48.3599853515625,206.520085481772,-227.90176484364278,-48.36436468296444,0.4038034880704982,0.32019106110315537,0.07111319211064895,3.572108454057032e-05,10.270971701166754,12.998131256084706,nan,nan,nan
319.88,206.9325408935547,-227.89691162109375,-48.3612060546875,206.52880553027234,-227.89928600413225,-48.363350955526755,0.403748042545293,0.320236592454332,0.07113484047554611,3.5021963017103435e-05,9.840784033226566,12.703766031814933,nan,3.767266246437595,nan
319.89,206.94122314453125,-227.89442443847656,-48.362403869628906,206.53751306869356,-227.89691519960664,-48.364601962688475,0.4037237432167967,0.320282208878201,0.07115655200715014,3.5726899668165924e-05,9.819052190161639,12.887455924057482,nan,nan,nan
319.90000000000003,206.9499053955078,-227.89198303222656,-48.36357498168945,206.58415512106785,-227.91207366559155,-48.36379855985964,0.36630171551483504,0.32021923549883646,0.07114753701404426,3.500655025612991e-05,9.601557387308512,13.052004725737673,13.495924137385735,2.6953224935221343,nan
319.91,206.95860290527344,-227.88958740234375,-48.364723205566406,206.59292530054432,-227.90983133315436,-48.3649829144933,0.3662376206560625,0.32026466204288123,0.07116923787682648,3.5710984476165e-05,9.577888189684446,12.720156267670575,nan,nan,nan
319.92,206.96728515625,-227.88723754882812,-48.36585235595703,206.6016979134498,-227.90762700168037,-48.36570645943241,0.36615540849706657,0.3203101733704187,0.07119100037210883,3.50125080415182e-05,9.55202377534281,12.897944800395981,nan,0.13576180811461033,nan
319.93,206.97596740722656,-227.8849334716797,-48.3669548034668,206.61046823195377,-227.90547992536608,-48.36684265509204,0.3660762440550237,0.3203557697073657,0.07121282615196164,3.571731906306625e-05,9.527327268157377,12.927232759365529,nan,nan,nan
319.94,206.98464965820312,-227.88267517089844,-48.368038177490234,206.6192350599316,-227.90339395105076,-48.36861910908454,0.366001958959852,0.32040145111627516,0.07123471390145204,3.501871439049571e-05,9.512258410979639,12.8868132562886,nan,0.3087123679248326,nan
319.95,206.99334716796875,-227.88047790527344,-48.36909866333008,206.63061531433715,-227.9035385349524,-48.36971674850462,0.36346467821438994,0.320338461979941,0.0712256384286755,3.570190130884573e-05,9.598273675585837,13.007657974343704,0.18670108272121616,nan,nan
319.96,207.0020294189453,-227.87831115722656,-48.370140075683594,206.63937633490698,-227.90158176557185,-48.37303475210263,0.3634104562706491,0.32038395328973374,0.07124751494674916,3.500399777972025e-05,9.802687340640631,13.214894689355544,nan,3.5366559693901416,nan
319.97,207.01071166992188,-227.87619018554688,-48.371158599853516,206.64814968001411,-227.8996205629872,-48.37411699192407,0.36333033343847587,0.32042952954448417,0.07126945487354562,3.5708688069185366e-05,9.783997650300552,13.289716494530746,nan,nan,nan
319.98,207.01939392089844,-227.8740997314453,-48.372154235839844,206.65691759082773,-227.89772340881618,-48.37619532070858,0.3632678052910364,0.3204751908052456,0.07129145708328988,3.5010627843863906e-05,9.98214172227153,13.315237222987982,nan,0.7278659683764619,nan
319.99,207.02809143066406,-227.8720703125,-48.37313461303711,206.66569103863267,-227.8958470360144,-48.377249087250604,0.36320284363374516,0.32052093730031544,0.07131352294729137,3.571569580950902e-05,9.965416727726886,13.350903631186208,nan,nan,nan
320.0,207.03677368164062,-227.8700714111328,-48.37409210205078,206.66886828455492,-227.89438621617208,-48.377827476460126,0.36872692330621487,0.3204579317225394,0.0713043824115883,3.4996316383019916e-05,10.182443479503885,13.439726891819447,1.3859815383160907,0.12402458001465934,nan
320.01,207.0454559326172,-227.86810302734375,-48.37503433227539,206.67762775554544,-227.89259785259503,-48.37883949961654,0.36866250638016707,0.3205034878949275,0.07132643636580917,3.570088868726677e-05,10.166772682940133,13.217445917733247,nan,nan,nan
320.02,207.0541534423828,-227.86619567871094,-48.375953674316406,206.68638551508664,-227.89085586326667,-48.38019042825948,0.3686181264317024,0.3205491290069482,0.07134855290357954,3.5003311716272515e-05,10.250094670989315,13.521921466843454,nan,0.08995322709026814,nan
320.03000000000003,207.06283569335938,-227.8643035888672,-48.37685775756836,206.69514553496498,-227.8891456643644,-48.381170284199,0.3685536313496931,0.3205948552874985,0.07137073322977562,3.5708266560241346e-05,10.235769849195593,13.312478366791865,nan,nan,nan
320.04,207.07151794433594,-227.8624725341797,-48.377742767333984,206.70390603666576,-227.88747188985238,-48.38205043776646,0.36848614420289144,0.3206406667965965,0.07139297646587535,3.501048709107229e-05,10.220415292082844,13.75919190745241,nan,0.004801376807218996,nan
320.05,207.0802001953125,-227.86065673828125,-48.37860870361328,206.72733848016583,-227.8889950557703,-48.3829453404048,0.3540243729929106,0.32057764423890683,0.0713837687830512,3.569381324008416e-05,9.843705455005429,13.414925145385862,3.5379506567355183,nan,nan
320.06,207.08889770507812,-227.85888671875,-48.379459381103516,206.7361394918775,-227.88735990268626,-48.3819548315539,0.3539142642744277,0.3206232651967538,0.07140599949925941,3.499666488457182e-05,9.471746135030344,12.924166881388693,nan,2.597626890611189,nan
320.07,207.0975799560547,-227.85716247558594,-48.38029098510742,206.74493004809324,-227.88579496694305,-48.38284689488097,0.3538196006742767,0.32066897125623417,0.07142829414300038,3.5701506617673244e-05,9.452152558436582,13.431617608627093,nan,nan,nan
320.08,207.1062774658203,-227.85545349121094,-48.381107330322266,206.75372678735033,-227.884245424639,-48.382590538039786,0.3537275169184662,0.3207147624775941,0.07145065198120695,3.500413555083551e-05,9.309944581574845,12.640532832774715,nan,0.9058150318470847,nan
320.09000000000003,207.11495971679688,-227.85379028320312,-48.38190841674805,206.76251767016652,-227.88274961275752,-48.38344028322709,0.35363312290585186,0.32076063908952074,0.07147307400259605,3.570935731139712e-05,9.288974135799808,13.13167078109668,nan,nan,nan
320.1,207.12364196777344,-227.85215759277344,-48.3826904296875,206.73393258828776,-227.85559971600728,-48.385399141362,0.3897339936295092,0.3206975988257289,0.07146379496967997,3.49905956301115e-05,8.737903362093425,12.591068923922073,21.11535921051833,0.8501733664126327,nan
320.11,207.13233947753906,-227.85055541992188,-48.383460998535156,206.74267559544342,-227.85411061236465,-48.38623047963266,0.38968994140047386,0.32074328465284724,0.07148620376869098,3.569532285269675e-05,8.719739550572221,12.221482483734205,nan,nan,nan
320.12,207.14102172851562,-227.84898376464844,-48.384212493896484,206.75141689740485,-227.85265930388292,-48.38739512217263,0.38963516670888754,0.32078905557469095,0.07150867603542202,3.4998314704050016e-05,8.770462146555019,12.569293340623423,nan,0.08544619932840745,nan
320.13,207.1497039794922,-227.84744262695312,-48.384952545166016,206.760160290521,-227.85123407812014,-48.38820098413325,0.3895756833722659,0.3208349118189713,0.07153121263246007,3.5703424994612047e-05,8.752928540933883,12.488835970035453,nan,nan,nan
320.14,207.1584014892578,-227.845947265625,-48.38567352294922,206.76890824229224,-227.84982737892128,-48.38818243338925,0.3895206532939834,0.32088085344726314,0.07155381301436817,3.500615955905664e-05,8.612898861229494,12.525790166468498,nan,0.46363415392817153,nan
320.15000000000003,207.16708374023438,-227.84446716308594,-48.386383056640625,206.76207032273362,-227.84223972216162,-48.38906531208354,0.40502842411733603,0.3208177949002163,0.07154446015297836,3.5689631344531616e-05,8.747506703718255,12.33868738693218,2.883081917278199,nan,nan
320.16,207.17578125,-227.843017578125,-48.38707733154297,206.7707877475451,-227.84089427642274,-48.389643187474896,0.40500719630329757,0.3208635455060711,0.07156704665787937,3.499294597931157e-05,8.711261972522175,12.12598525745292,nan,0.023290334090063966,nan
320.17,207.18446350097656,-227.8415985107422,-48.387760162353516,206.77950430218178,-227.83958079376464,-48.39038807763048,0.4049727519340265,0.3209093813651888,0.07158969764379704,3.5697941643453045e-05,8.693061320693204,12.356564236872847,nan,nan,nan
320.18,207.1931610107422,-227.8402099609375,-48.388427734375,206.78822146679698,-227.838294449866,-48.39101839121879,0.4049523613168557,0.32095530254077315,0.07161241267383212,3.500098555610551e-05,8.668361792562514,12.189081178033,nan,0.007330896680607758,nan
320.19,207.20184326171875,-227.83885192871094,-48.38908004760742,206.7969381663164,-227.837037393617,-48.39173723304427,0.40491787989027117,0.3210013092582184,0.0716351924490741,3.570635960332413e-05,8.650520215771468,12.53522260509049,nan,nan,nan
320.2,207.21054077148438,-227.83750915527344,-48.38972091674805,206.80742347532103,-227.8465798448907,-48.39387154811503,0.4032406968758521,0.32093823166732816,0.0716257618443025,3.498795905305035e-05,9.818695406057453,12.657335969003672,10.49375836299399,1.301258136771019,nan
320.21,207.21922302246094,-227.83619689941406,-48.390350341796875,206.81612853724272,-227.84541476920276,-48.39458149541045,0.40322206759760043,0.32098404711918027,0.07164852701530827,3.569283609718251e-05,9.805903513877542,12.935692567997842,nan,nan,nan
320.22,207.22792053222656,-227.8349151611328,-48.39096450805664,206.8248434525907,-227.84425297906614,-48.39348331377312,0.4031930943775821,0.321029947819397,0.07167135647973931,3.499615664389863e-05,9.463935529093952,12.526630352900822,nan,2.279056451021724,nan
320.23,207.2366180419922,-227.8336639404297,-48.39156723022461,206.83354927057673,-227.84313979408086,-48.394152084453225,0.4031884271208337,0.321075933991182,0.07169425084614378,3.5701414000810185e-05,9.447660478473976,12.622360768780034,nan,nan,nan
320.24,207.24530029296875,-227.83242797851562,-48.39215850830078,206.84226154068267,-227.84203749912405,-48.393630614791356,0.40315598200716657,0.3211220057008982,0.07171720981547874,3.5004438357492726e-05,9.300541062736492,12.507116941907446,nan,0.9816764400313227,nan
320.25,207.25399780273438,-227.8312225341797,-48.392738342285156,206.86178851535615,-227.84284248777283,-48.39442009851662,0.3923849853540034,0.32105890845021695,0.07170769869400265,3.5688045137452716e-05,9.01412148443388,12.409177766794434,3.089783109496926,nan,nan
320.26,207.26268005371094,-227.83004760742188,-48.393306732177734,206.8705254690973,-227.8417830332625,-48.39351967689342,0.39233019740853053,0.32110478864786784,0.07173064236290365,3.4991613841332044e-05,8.912974443541101,12.703365764017708,nan,1.6494155472774543,nan
320.27,207.27137756347656,-227.82876586914062,-48.39396667480469,206.87925490577845,-227.84071065829136,-48.39417335272582,0.3923046002583293,0.3211507542458321,0.07175365109283872,3.5696749503055646e-05,8.89708612981941,12.0629936922663,nan,nan,nan
320.28000000000003,207.2800750732422,-227.82742309570312,-48.39472198486328,206.88798106697521,-227.8395610456719,-48.39563589422532,0.3922829015012654,0.3211968053131256,0.07177672466295087,3.500001399660642e-05,8.901829658526006,12.519328887270463,nan,0.3617909451810813,nan
320.29,207.28875732421875,-227.82598876953125,-48.39556121826172,206.89671115615954,-227.83831927494745,-48.396481789065,0.3922411078715909,0.3212429420690873,0.0717998635653029,3.570552404146722e-05,8.883767284523174,12.757338291674499,nan,nan,nan
320.3,207.29745483398438,-227.824462890625,-48.3964958190918,206.88520133248255,-227.82765624994582,-48.397677190837406,0.41226756200732884,0.32117982437003467,0.07179026822434646,3.4987305169671036e-05,8.947713920261648,12.099895388557286,3.7519575649696275,0.05048346353095369,nan
320.31,207.30615234375,-227.82286071777344,-48.39751434326172,206.8938982349924,-227.82623343567025,-48.39870638162309,0.412269628239802,0.3212257693615907,0.07181339107377249,3.569231372164343e-05,8.930661439107356,12.334952439440194,nan,nan,nan
320.32,207.31484985351562,-227.82118225097656,-48.398624420166016,206.9025905010118,-227.82473839856547,-48.4007322061818,0.4122800779499859,0.3212717997532461,0.07183657899196311,3.499579572322378e-05,9.000403344671565,12.428463203021343,nan,0.5821292111999861,nan
320.33,207.3235321044922,-227.8194122314453,-48.399818420410156,206.91128728391746,-227.82315410776923,-48.40194696037623,0.41226729728599615,0.32131791576131424,0.07185983240567302,3.570118001026256e-05,8.983317745398601,12.461555752076627,nan,nan,nan
320.34000000000003,207.3322296142578,-227.8175811767578,-48.40109634399414,206.91998636612598,-227.82148602416552,-48.40278727196872,0.4122652091809036,0.32136411745923654,0.07188315119147844,3.500433950925802e-05,8.92011250149147,12.639145767218567,nan,0.15022593492250957,nan
320.35,207.34092712402344,-227.81565856933594,-48.402462005615234,206.92441728985435,-227.8168938210717,-48.404138357610606,0.41651503929921485,0.32130097865784213,0.07187346864565751,3.568806090637234e-05,8.854233738326787,12.22164772664298,0.2918170080771836,nan,nan
320.36,207.349609375,-227.81365966796875,-48.403907775878906,206.9331097223817,-227.81506501546542,-48.40533101111161,0.4165044552358228,0.3213469883362702,0.07189677064360384,3.499174103550301e-05,8.81573071915005,12.542260805377373,nan,0.053367012218476555,nan
320.37,207.35830688476562,-227.81158447265625,-48.40543746948242,206.94180083742233,-227.81316193709867,-48.406879924778174,0.41651153230718413,0.32139308355797197,0.07192013830146088,3.5696993683408674e-05,8.799085929197409,12.302099661616515,nan,nan,nan
320.38,207.36700439453125,-227.8094482421875,-48.40705108642578,206.95049649858552,-227.8111747413048,-48.407542844541176,0.41651176455219496,0.3214392643996947,0.07194357154973015,3.500034748636828e-05,8.72941306459281,12.531037610434257,nan,0.663243402076384,nan
320.39,207.37570190429688,-227.80722045898438,-48.40874099731445,206.95918724983457,-227.80912067796902,-48.40924747708602,0.4165192969548965,0.32148553107289257,0.07196707073471652,3.5705969375690434e-05,8.712798288198128,12.278829532909123,nan,nan,nan
320.40000000000003,207.38438415527344,-227.804931640625,-48.41051483154297,206.96039278533277,-227.81513566165597,-48.41228490879437,0.42411783386558843,0.3214223703580129,0.07195729743290337,3.498781319494238e-05,9.824644347048938,13.120587035341268,12.599800644825228,1.1275762127706168,nan
320.41,207.39308166503906,-227.80255126953125,-48.4123649597168,206.96905405724937,-227.81296984794795,-48.41416352762618,0.42415939667842134,0.32146844475061237,0.07198077905191247,3.569292821718275e-05,9.810865094850135,12.62700282484429,nan,nan,nan
320.42,207.4017791748047,-227.80010986328125,-48.41429138183594,206.97770964844193,-227.81074021306966,-48.41725289441985,0.4242130809898982,0.32151460469270887,0.07200432647214793,3.499646141540952e-05,9.954983144300035,13.055697277192673,nan,0.9040409435849122,nan
320.43,207.41046142578125,-227.797607421875,-48.4162712097168,206.98637034507297,-227.80843059394581,-48.41928656977172,0.4242398828331113,0.32156085039225046,0.0720279399960524,3.570194683454143e-05,9.941595395541878,13.341515700028221,nan,nan,nan
320.44,207.41915893554688,-227.79502868652344,-48.418251037597656,206.99503238357693,-227.80604773170975,-48.420989315830894,0.42427850477064927,0.3216071819311473,0.07205161961967399,3.500514089119903e-05,9.88482105567624,13.096829202120773,nan,0.09076929102091713,nan
320.45,207.42784118652344,-227.79237365722656,-48.42021560668945,207.0033347202591,-227.8070517427314,-48.42296344469329,0.42476903925312876,0.3215439986124266,0.07204175243205514,3.5688952147632095e-05,10.213341732447521,13.223105010182577,1.4346683451228013,nan,nan
320.46,207.43653869628906,-227.78965759277344,-48.42215347290039,207.01198194497695,-227.8045538017799,-48.42641153043429,0.4248393380813727,0.3215901376072655,0.072065413718704,3.4992652230622484e-05,10.503974064899124,13.446547575486418,nan,1.4225813305924377,nan
320.47,207.44522094726562,-227.786865234375,-48.42405700683594,207.02063538924918,-227.80197815329467,-48.42842505546423,0.42487689539821816,0.32163636228470655,0.07208914127604218,3.569799510402699e-05,10.504440512292199,13.510849771857355,nan,nan,nan
320.48,207.45391845703125,-227.7840118408203,-48.425926208496094,207.02928800470733,-227.79933573878233,-48.430533303818365,0.42493183949532387,0.32168267273028667,0.07211293513523279,3.500135536655326e-05,10.560587368815362,13.47107674632443,nan,0.011569233923926335,nan
320.49,207.4626007080078,-227.7810821533203,-48.427757263183594,207.03794082600695,-227.79662582695144,-48.432480275505284,0.4249705025249779,0.32172906914659644,0.07213679554625381,3.5707062053961086e-05,10.56330591615438,13.537814011024858,nan,nan,nan
320.5,207.47129821777344,-227.77809143066406,-48.4295539855957,207.05915263019736,-227.7963684343439,-48.437283552016396,0.4126230488217961,0.32166586239481987,0.07212683102694008,3.498889546456673e-05,11.333242848124158,14.377832039979566,2.3443413358211758,5.769899773733427,nan
320.51,207.47998046875,-227.77503967285156,-48.43131637573242,207.067829822359,-227.79352576980781,-48.43919025578646,0.4126401447851512,0.32171206599761976,0.07215067229707355,3.5694089815660186e-05,11.345926574202831,14.627240568540842,nan,nan,nan
320.52,207.48867797851562,-227.7719268798828,-48.433040618896484,207.0765193369227,-227.79060334517024,-48.43813842719692,0.4126130679520768,0.3217583552966008,0.07217458006470384,3.4997607079577415e-05,10.335265450525714,13.54301556760416,nan,6.038852345551661,nan
320.53000000000003,207.4973602294922,-227.7687530517578,-48.43473434448242,207.08519541828863,-227.78763244529756,-48.439948090215935,0.41262991437783914,0.32180473049067143,0.07219855455230054,3.570316646090512e-05,10.33688590943309,13.705663143099558,nan,nan,nan
320.54,207.50604248046875,-227.7655029296875,-48.4363899230957,207.09386857650557,-227.78460135718763,-48.442296678426096,0.41265841418751986,0.3218511916708135,0.07222259583221431,3.5006335120878316e-05,10.55618209493274,13.771259327256915,nan,0.23075471281891716,nan
320.55,207.51473999023438,-227.76220703125,-48.43801498413086,207.10492833875136,-227.7896971734145,-48.44415660507267,0.4107785499697504,0.3217879607616368,0.07221253076089,3.569021082504266e-05,11.2441470290061,14.202716982109749,4.8122397547447715,nan,nan
320.56,207.52342224121094,-227.7588348388672,-48.43960952758789,207.11358880097953,-227.78657457355,-48.44781883436309,0.41085317855642195,0.32183422885670526,0.07223655209534613,3.499387757606584e-05,12.097959318891789,14.92800258686109,nan,2.6623235908655665,nan
320.57,207.5321044921875,-227.7554168701172,-48.44116973876953,207.12225673979188,-227.783382441247,-48.44952806909837,0.41088576879498323,0.321880582770469,0.07226064031708265,3.569928382973323e-05,12.11258954111154,15.275647724740129,nan,nan,nan
320.58,207.54078674316406,-227.75193786621094,-48.44269943237305,207.1309311452663,-227.78012539235573,-48.44949052598267,0.4108798689528606,0.3219270225975842,0.0722847955194737,3.5002603562917454e-05,11.457050489357773,14.48506474640234,nan,2.0799644459211244,nan
320.59000000000003,207.54946899414062,-227.7484588623047,-48.44419860839844,207.13959780636034,-227.77685125321105,-48.45112256473532,0.41091174186819546,0.3219735485315133,0.0723090178935256,3.57083684837007e-05,11.463726893488362,14.353447137070836,nan,nan,nan
320.6,207.55816650390625,-227.74502563476562,-48.44567108154297,207.1690307409197,-227.78074414479542,-48.45079634437895,0.39080522298582954,0.32191029262131554,0.07229884889550874,3.499015195257773e-05,10.617717982571271,13.611861455149775,4.3533744822731055,2.532130399398622,nan
320.61,207.5668487548828,-227.74163818359375,-48.44710922241211,207.1777333281739,-227.7775452337006,-48.45235134125016,0.3908038016193641,0.32195662519277757,0.07232305049443029,3.5695399481235766e-05,10.616230758075442,13.834625314586653,nan,nan,nan
320.62,207.57553100585938,-227.7383270263672,-48.44852066040039,207.18643382167252,-227.774403501505,-48.45423274254434,0.3908078283286108,0.322003043604092,0.07234731925671235,3.499886512262814e-05,10.756329664968133,14.23126635735677,nan,0.08873168218635132,nan
320.63,207.58421325683594,-227.7350616455078,-48.44990539550781,207.19513522339497,-227.77132146093984,-48.45573569217797,0.39080747521089876,0.322049548045104,0.07237165535786733,3.570447275461645e-05,10.755184840487562,13.870534532300555,nan,nan,nan
320.64,207.5928955078125,-227.7318572998047,-48.45125961303711,207.20526171048803,-227.76829549329594,-48.45770142459243,0.3893959420810743,0.31570514988842424,0.07239585473493648,3.500707340083938e-05,14.998724137777412,18.153938871197095,nan,0.16899289599602008,0.0003187733495243195
320.65000000000003,207.60157775878906,-227.72872924804688,-48.45258712768555,207.21732726022023,-227.76383475651508,-48.45913363096441,0.385906334594792,0.31563784147408547,0.07238559869867683,3.569097798154799e-05,14.624609036087806,18.267424796050562,1.7496379842612209,nan,nan
320.66,207.61026000976562,-227.72564697265625,-48.45389175415039,207.22609190272198,-227.76092884915963,-48.45967013235029,0.385828115789559,0.3156791335598113,0.07240992952141029,3.499461408856187e-05,14.348184461199198,17.58750039150453,nan,0.5617870694506641,nan
320.67,207.6189422607422,-227.72264099121094,-48.45516586303711,207.2348075236169,-227.75808693535228,-48.461064158370256,0.3858117430952909,0.31572051377943394,0.07243432159287505,3.570004758507293e-05,14.336969637967922,17.99067351067421,nan,nan,nan
320.68,207.6276092529297,-227.7196807861328,-48.456417083740234,207.2436396924222,-227.7552995642523,-48.460263535808345,0.38563728546985354,0.31576197393723343,0.07245877503586585,3.500333314275433e-05,13.754448690479592,17.31566349923545,nan,3.3234371118555117,nan
320.69,207.63629150390625,-227.716796875,-48.457645416259766,207.25235486271868,-227.75257709863524,-48.46158667722765,0.3856204123069748,0.31580352238221177,0.07248329001450575,3.570912136185039e-05,13.734932703879437,17.356969737113243,nan,nan,nan
320.7,207.6449737548828,-227.71395874023438,-48.45884323120117,207.22131171340422,-227.72940437188942,-48.463581937357304,0.4239699850969012,0.31573631116197814,0.072472933802797,3.499086616058155e-05,13.804028176186247,17.13138991824508,14.595100503270293,0.29927236222363107,nan
320.71,207.65365600585938,-227.711181640625,-48.46002197265625,207.22996527060062,-227.7267596299335,-48.464865587870406,0.4240046857091871,0.3157776900298006,0.07249742310205848,3.569613321433636e-05,13.788650454015682,17.09817026109743,nan,nan,nan
320.72,207.66233825683594,-227.7084503173828,-48.461177825927734,207.2385644397319,-227.72417300077183,-48.46716796465879,0.42410768985941827,0.31581914905257136,0.07252197400697309,3.49995598164688e-05,14.126989510867807,17.228584516978785,nan,0.7657541142863047,nan
320.73,207.6710205078125,-227.70578002929688,-48.46230697631836,207.24721756220617,-227.7216391911598,-48.46841722649039,0.4241435899277007,0.3158606960367672,0.07254658667417649,3.570518329638411e-05,14.117114930232233,17.462662700278656,nan,nan,nan
320.74,207.67970275878906,-227.7031707763672,-48.463417053222656,207.25579430684218,-227.7191618739606,-48.4711382911875,0.42428022384970626,0.3159023235971589,0.07257126123739613,3.5008255284539785e-05,14.743279361264529,18.17517046382017,nan,1.574719840412601,nan
320.75,207.68836975097656,-227.7006072998047,-48.464500427246094,207.23544628890687,-227.71232885352964,-48.472389612752494,0.4531437923693497,0.3158352165197502,0.07256080219026283,3.569218298413779e-05,15.944621416804093,18.820033522860015,23.384351013483595,nan,nan
320.76,207.69705200195312,-227.69808959960938,-48.46556854248047,207.244057346813,-227.70996135591375,-48.47294976548046,0.4532103028796226,0.31587667448698026,0.07258545047125245,3.49957488372252e-05,15.730317894225006,18.179116269228825,nan,0.28930644832232194,nan
320.77,207.7057342529297,-227.6956329345703,-48.466609954833984,207.25263627035534,-227.7076455419792,-48.47412281969118,0.4533194543454616,0.31591822009491516,0.07261016073864862,3.570120284995964e-05,15.725838007234026,18.529195343244716,nan,nan,nan
320.78000000000003,207.71441650390625,-227.69320678710938,-48.46763229370117,207.2612777870062,-227.70537776189002,-48.47400994565842,0.45334700156217617,0.315959846485673,0.07263493313116047,3.500441822060124e-05,15.280495447167878,17.681054359285522,nan,1.1311481261357366,nan
320.79,207.7230987548828,-227.6908416748047,-48.46863555908203,207.26985714712558,-227.7031603005156,-48.475130785917194,0.45345550113920674,0.31600156067738777,0.07265976779816062,3.5710223125987815e-05,15.272053374120865,17.906407405180452,nan,nan,nan
320.8,207.73178100585938,-227.6885223388672,-48.4696159362793,207.2726914655271,-227.69552564870312,-48.47700664848631,0.45920243359339324,0.3159345494311926,0.07264920321657078,3.4991897534172266e-05,15.332597765725431,18.166255786310625,1.2157379704274462,0.4111319285917879,nan
320.81,207.74046325683594,-227.68626403808594,-48.4705810546875,207.2812691285499,-227.6933884949947,-48.4780974690365,0.45931089887274595,0.3159760937390868,0.07267401097964299,3.5697177664757486e-05,15.324443672064714,18.391308672809455,nan,nan,nan
320.82,207.74913024902344,-227.6840362548828,-48.47152328491211,207.28985217825723,-227.6912969333451,-48.4790635416148,0.45939734349427874,0.3160177190276694,0.0726988810925519,3.5000535647693075e-05,15.337276793888169,18.335663558696723,nan,0.007977743079906277,nan
320.83,207.7578125,-227.68185424804688,-48.472450256347656,207.2984305531574,-227.6892503477455,-48.480116872037854,0.45950544324500514,0.31605943180688195,0.07272381370174992,3.570616871094328e-05,15.330839495604174,18.126323922259505,nan,nan,nan
320.84000000000003,207.76649475097656,-227.67970275878906,-48.47335433959961,207.30713584276717,-227.6872460125868,-48.47842850475388,0.4594488593752277,0.31610122597853385,0.07274880895022222,3.500917332897805e-05,14.393548245067649,17.035531696135145,nan,5.237339476177221,nan
320.85,207.77517700195312,-227.6776123046875,-48.4742431640625,207.30108699989896,-227.67853739049292,-48.47939275509142,0.4741188712962544,0.31603431609199795,0.07273813613531789,3.569310703707507e-05,14.450828298251983,17.400698619160877,2.0680608085044585,nan,nan
320.86,207.7838592529297,-227.67555236816406,-48.47511291503906,207.3096767111005,-227.6766091295537,-48.47959015061771,0.4742048558994762,0.3160759403366028,0.0727631038439595,3.499660720951946e-05,14.253530628251099,16.991577516600618,nan,0.42575112823758654,nan
320.87,207.79254150390625,-227.6735382080078,-48.47596740722656,207.31823128132075,-227.67472280821107,-48.4805395910897,0.4743337384079142,0.31611765176959894,0.07278813426782707,3.570206438774015e-05,14.238647645695606,17.043381479465616,nan,nan,nan
320.88,207.8012237548828,-227.67156982421875,-48.476802825927734,207.32675438253287,-227.67287733193285,-48.48218347737725,0.47450168206719057,0.31615944477836533,0.07281322755117524,3.5005215911219196e-05,14.451932678901954,17.452393258278033,nan,0.35636350765946373,nan
320.89,207.80990600585938,-227.6696319580078,-48.477622985839844,207.33530948552684,-227.6710714889581,-48.483108257162186,0.4746304010096607,0.3162013251465948,0.07283838383859968,3.5711020992856844e-05,14.440254651537122,17.22979453670733,nan,nan,nan
320.90000000000003,207.81858825683594,-227.66773986816406,-48.478424072265625,207.3120378184316,-227.65731160262962,-48.48229622934767,0.5066725658353194,0.3161345094684844,0.07282760007575723,3.499263384770183e-05,14.46088328112387,17.427540859739455,11.767574194008589,2.007560870727046,nan
320.91,207.8272705078125,-227.66587829589844,-48.47921371459961,207.3205324506648,-227.65556791329868,-48.48317283951928,0.5068583995765429,0.3161762196134527,0.07285272817111241,3.569791140531296e-05,14.44526205917673,17.16062407535695,nan,nan,nan
320.92,207.83595275878906,-227.6640625,-48.479984283447266,207.329056505401,-227.6538618352365,-48.48335617844256,0.5070100935250875,0.3162180115064756,0.07287791934208945,3.500120999744105e-05,14.303766139375503,17.309268215635328,nan,0.3249428668906967,nan
320.93,207.84463500976562,-227.6622772216797,-48.48073959350586,207.33755193321352,-227.65219238813967,-48.484196532325726,0.5071951309102678,0.31625989047074776,0.07290317373332574,3.570683783021645e-05,14.287066323486684,17.17304088911688,nan,nan,nan
320.94,207.8533172607422,-227.6605224609375,-48.48147964477539,207.34601534763758,-227.6505586026563,-48.485795560022474,0.5074181083050421,0.31630185158242696,0.07292849148903452,3.500978552220573e-05,14.458499661818552,17.252557538951123,nan,0.4216928752970697,nan
320.95,207.86199951171875,-227.6588134765625,-48.48220443725586,207.33624409973348,-227.64784970773582,-48.48652549816753,0.5258874680253288,0.31623513433095174,0.07291759405586873,3.569371209730745e-05,15.380089218830738,18.184552975405808,11.81680878444544,nan,nan
320.96,207.8706817626953,-227.65713500976562,-48.48291778564453,207.34469917166524,-227.64629688845756,-48.48713024515848,0.5261111059038318,0.3162769251467908,0.07294288295192623,3.499715802253614e-05,15.33901807404416,18.01449757631312,nan,0.028180782852327124,nan
320.97,207.87936401367188,-227.65548706054688,-48.48361587524414,207.3531464912208,-227.64477775365108,-48.48791942782825,0.5263440801923986,0.31631880275557667,0.07296823528130722,3.570260521899198e-05,15.326066740792639,17.974854910642,nan,nan,nan
320.98,207.88804626464844,-227.65386962890625,-48.48429870605469,207.36163307433202,-227.64329257439059,-48.487721350932304,0.5265305646582118,0.31636076266694635,0.07299365118718219,3.5005705233298396e-05,15.117582417322463,17.76301628593396,nan,0.6698795433720761,nan
320.99,207.896728515625,-227.6522979736328,-48.48497009277344,207.37008101630417,-227.64183939592476,-48.48847484739611,0.5267629957519081,0.3164028095554734,0.07301913081569955,3.571149815363182e-05,15.100926208493316,18.000702545568615,nan,nan,nan
321.0,207.90541076660156,-227.65074157714844,-48.485626220703125,207.36659028737202,-227.62558744250987,-48.488980277936676,0.5394177314720894,0.3163361846300046,0.07300811698072865,3.499306323751629e-05,14.05510506448344,17.166279034500697,10.81514859421864,0.015511920159974667,nan
321.01,207.91409301757812,-227.64923095703125,-48.48626708984375,207.3750421126341,-227.6241574863398,-48.489705545399744,0.5396446794234996,0.31637806092389303,0.07303356706744099,3.5698326692747246e-05,14.037490472950582,17.58101507026031,nan,nan,nan
321.02,207.9227752685547,-227.64773559570312,-48.486900329589844,207.38346923803883,-227.6227573257488,-48.4910680957582,0.5399002489307803,0.3164200196633168,0.07305908093884464,3.500157957005557e-05,14.176977602843227,17.250708720494398,nan,0.2976701546671609,nan
321.03000000000003,207.9314727783203,-227.64627075195312,-48.487518310546875,207.39192127920006,-227.62138778963546,-48.491775898816066,0.5401417490571171,0.31646206511756547,0.07308465874287899,3.5707191423764734e-05,14.163554009152715,17.257910727693716,nan,nan,nan
321.04,207.94015502929688,-227.6448516845703,-48.488121032714844,207.4003757510894,-227.62004767530732,-48.49241766553253,0.5403659585052267,0.31650419340277725,0.07311030062012154,3.501009637793525e-05,14.155672462819057,17.82270096317264,nan,0.0020884516364208317,nan
321.05,207.94883728027344,-227.64344787597656,-48.48871612548828,207.42697447051276,-227.63398124630461,-48.493139537215086,0.5219674088101276,0.31643766384724265,0.07309916764924945,3.569400643254678e-05,14.884341455445544,17.628981013969803,7.263287101232856,nan,nan
321.06,207.95751953125,-227.64207458496094,-48.48929977416992,207.43549439516482,-227.63273657008273,-48.49235268120976,0.5221175743719093,0.3164796214351013,0.07312477928673021,3.499741264545922e-05,14.577355281933226,17.390146627618158,nan,1.5078395969303404,nan
321.07,207.96620178222656,-227.64073181152344,-48.4898681640625,207.44396149442645,-227.63151744786109,-48.49300172454316,0.522330969693102,0.31652166548617194,0.0731504550635292,3.5702840629960035e-05,14.560558743104936,17.549506708646323,nan,nan,nan
321.08,207.9748992919922,-227.63929748535156,-48.49053192138672,207.45244494425,-227.63027085654997,-48.49323761483968,0.5225393251031861,0.316563792492967,0.07317619511791174,3.500590396688335e-05,14.47732790819011,17.177308567007103,nan,0.14583629266239123,nan
321.09000000000003,207.98358154296875,-227.63778686523438,-48.49128341674805,207.46091267719044,-227.62894042985033,-48.49401642052283,0.522750869901358,0.3166060061613771,0.0732019996011785,3.5711676222260734e-05,14.458288671186821,17.50140778112985,nan,nan,nan
321.1,207.9922637939453,-227.6361846923828,-48.492130279541016,207.46039006492182,-227.63175491059548,-48.4938873295379,0.531895077827127,0.3165395667966585,0.0731907447476971,3.4993209025809386e-05,15.355756734700547,17.795480426063836,9.612721621818924,0.7975983252783639,nan
321.11,208.00096130371094,-227.634521484375,-48.493064880371094,207.46882259546743,-227.6302817300801,-48.49483920226905,0.5321585558325151,0.31658160946799335,0.07321651827988267,3.569845058578786e-05,15.33814471181803,18.217670907638524,nan,nan,nan
321.12,208.0096435546875,-227.6327667236328,-48.49408721923828,207.47728073391778,-227.6287295340076,-48.49511892205818,0.5323791282992518,0.31662373520729203,0.07324235629038457,3.5001672847616225e-05,15.263148306821494,17.997477708772358,nan,0.40995406889997804,nan
321.13,208.01832580566406,-227.63092041015625,-48.49519729614258,207.48571331997707,-227.62709640764288,-48.496241968440934,0.5326272376109905,0.31666594737315495,0.07326825893315499,3.570726161348107e-05,15.2474066867759,17.752645552132577,nan,nan,nan
321.14,208.0270233154297,-227.62901306152344,-48.49639129638672,207.49419498329888,-227.62538752641376,-48.495961206421775,0.532840840217325,0.31670824297805805,0.07329422634260851,3.50101389624157e-05,15.20497848762148,18.11290006035782,nan,1.5699516406257112,nan
321.15000000000003,208.03570556640625,-227.6270294189453,-48.49767303466797,207.51054601986334,-227.6173198377292,-48.49744731411782,0.5252493467319238,0.3166418958224135,0.07328284686984551,3.5694026429981915e-05,14.04792418186867,17.45291292077195,13.941549597601183,nan,nan
321.16,208.0443878173828,-227.6249542236328,-48.49903869628906,207.5190515578142,-227.61542918434318,-48.49769891215913,0.5254243114022378,0.31668402029767184,0.07330878260113667,3.4997407982390246e-05,14.079097364571249,17.184973346593978,nan,0.8876229966150798,nan
321.17,208.05308532714844,-227.62281799316406,-48.50048828125,207.52752133789392,-227.61346029039123,-48.499145401965066,0.5256490052564408,0.3167262309751807,0.07333478316465736,3.570281094913816e-05,14.058752290609904,17.45046131170938,nan,nan,nan
321.18,208.061767578125,-227.62060546875,-48.50202178955078,207.53602409064928,-227.61141859941856,-48.49961738192092,0.5258292444960613,0.3167685251858514,0.07336084869199126,3.5005852554667184e-05,14.15307973560488,17.588077308397565,nan,0.7906976826596156,nan
321.19,208.07046508789062,-227.61831665039062,-48.50363540649414,207.5444938453541,-227.60930053028957,-48.501220039970825,0.5260540584317572,0.31681090581143345,0.07338697934120991,3.5711598954917426e-05,14.132022479511527,17.500491502093247,nan,nan,nan
321.2,208.0791473388672,-227.61595153808594,-48.50532913208008,207.57653077807132,-227.61621578134964,-48.5044589158635,0.502617383590178,0.31674464647065514,0.07337547249094181,3.4993114525425956e-05,13.711714793335084,17.081055201300053,6.012025079466287,1.6786309367232184,nan
321.21,208.08782958984375,-227.61351013183594,-48.507102966308594,207.58504413306582,-227.61396413308182,-48.50624013911807,0.502786402098627,0.31678685566657705,0.07340157072236518,3.569832959120633e-05,13.691132372740498,16.98579627705121,nan,nan,nan
321.22,208.09652709960938,-227.6110076904297,-48.50895309448242,207.59352921568976,-227.61163855528747,-48.509058325437856,0.5029982905454424,0.3168291484776262,0.07342773411122364,3.5001535762258186e-05,13.650441123925422,17.18228590144569,nan,0.6465559999928473,nan
321.23,208.10520935058594,-227.60842895507812,-48.51088333129883,207.60204218461345,-227.60924448851333,-48.51100832471649,0.5031678424054151,0.31687152749540387,0.07345396281847413,3.570709740881764e-05,13.630186087915096,17.102670130677993,nan,nan,nan
321.24,208.1138916015625,-227.6057891845703,-48.51286315917969,207.61058827269147,-227.6067835281334,-48.51185246200753,0.5033053259012391,0.31691399048543517,0.07348025697150384,3.500996140853194e-05,13.637569811513712,17.32407702184113,nan,0.9666147035440071,nan
321.25,208.12257385253906,-227.6030731201172,-48.51484680175781,207.62706601753302,-227.61167843881634,-48.513882508742775,0.4955834903659558,0.3168478201029036,0.07346862001163335,3.56938230006279e-05,14.02318013898701,17.344178572317148,1.7353498247405186,nan,nan
321.26,208.1312713623047,-227.6002960205078,-48.51681137084961,207.63559968953146,-227.60909690794716,-48.51530104281854,0.4957520992394189,0.31689011150191976,0.07349488099187003,3.499719380783756e-05,14.04240276723581,17.480913762234124,nan,0.2598391956155568,nan
321.27,208.13995361328125,-227.59744262695312,-48.51874923706055,207.64411617349094,-227.60644630555478,-48.51729837960078,0.49592130213728164,0.3169324889096588,0.07352120748350845,3.570256878509486e-05,14.016389198148714,17.34702342900985,nan,nan,nan
321.28000000000003,208.1486358642578,-227.5945281982422,-48.52065658569336,207.65260995273516,-227.60372671656933,-48.52009375522151,0.4961115140968119,0.3169749503544103,0.07354759961110222,3.500560222535474e-05,13.94605482100222,17.338379816817373,nan,0.48341972814187917,nan
321.29,208.15731811523438,-227.591552734375,-48.522525787353516,207.66112560354412,-227.600943389993,-48.52203690272456,0.49628160562184725,0.31701749803414403,0.07357405753973505,3.571132029354854e-05,13.922741129481029,17.550201079955492,nan,nan,nan
321.3,208.16600036621094,-227.5885009765625,-48.52436065673828,207.652086060769,-227.58701891899153,-48.525539499140585,0.5139177944982333,0.3169514128655423,0.07356228770564714,3.4992831928055795e-05,13.709023307806756,17.234448621466996,3.514535397744045,1.9622115713044128,nan
321.31,208.1746826171875,-227.58538818359375,-48.52615737915039,207.66057811487846,-227.58408284249455,-48.52742879999465,0.5141077316290551,0.31699378865382094,0.07358871169447609,3.5698018488798074e-05,13.694180558053652,17.3818537492489,nan,nan,nan
321.32,208.18338012695312,-227.58221435546875,-48.52791976928711,207.66910676016602,-227.58108727021607,-48.52781687722021,0.5142746121426685,0.31703624853254175,0.07361520150602546,3.500122131750359e-05,13.629327087180313,17.231628386821185,nan,1.5182887821470834,nan
321.33,208.1920623779297,-227.5789794921875,-48.52964782714844,207.67759787779053,-227.57802435669564,-48.52962240653451,0.5144653874007913,0.31707879446321896,0.07364175730808074,3.5706754280415166e-05,13.6081129288761,17.361235027696374,nan,nan,nan
321.34000000000003,208.20074462890625,-227.57568359375,-48.531341552734375,207.6860698224797,-227.57489673553644,-48.53216303203111,0.5146760635042984,0.3171214248284961,0.07366837922126125,3.500961724325856e-05,13.606290678157464,17.400639163484236,nan,0.41699686574096245,nan
321.35,208.2094268798828,-227.57232666015625,-48.53300094604492,207.6865892088375,-227.57496697087382,-48.53384143804315,0.5228450132989527,0.3170554252875153,0.07365647379115998,3.5693451875371904e-05,14.395329156727158,17.910617274073644,5.828564053656871,nan,nan
321.36,208.21810913085938,-227.5688934326172,-48.53462600708008,207.69504445803844,-227.57173452815724,-48.53580040259633,0.5230737070260458,0.31709788357280744,0.07368306098279721,3.4996823774459855e-05,14.396850525663318,17.623718591675388,nan,0.042751855650780476,nan
321.37,208.22677612304688,-227.56541442871094,-48.53622055053711,207.70350502550005,-227.56844272551365,-48.53748407248995,0.5232813856780208,0.31714042773626,0.07370971435087344,3.570217001417431e-05,14.381673162025624,17.957361574531955,nan,nan,nan
321.38,208.23545837402344,-227.56187438964844,-48.53778076171875,207.71194109926014,-227.56508838439143,-48.540181984383494,0.5235326471272627,0.317183056372005,0.07373643401350286,3.50052066528307e-05,14.4821950368297,18.010300703617272,nan,0.7716298791380856,nan
321.39,208.244140625,-227.55828857421875,-48.53931427001953,207.7204007748794,-227.5616786030357,-48.54181422340298,0.5237567877045975,0.3172257711246193,0.0737632201421232,3.5710896017339455e-05,14.47163658595153,18.157031243691232,nan,nan,nan
321.40000000000003,208.25282287597656,-227.55462646484375,-48.54081344604492,207.72314116488798,-227.56062327708642,-48.542751591781936,0.5297192022455892,0.3171598539899217,0.07375117635100639,3.499241458786637e-05,14.992940851308877,18.261951521852684,4.46600437807759,0.5168939865433589,nan
321.41,208.26150512695312,-227.55091857910156,-48.54228210449219,207.73157926697942,-227.55710979837454,-48.544319727505574,0.5299659424647002,0.31720239636103736,0.07377792696469665,3.569757261853003e-05,14.98277997444694,18.52403705996811,nan,nan,nan
321.42,208.2701873779297,-227.5471954345703,-48.543724060058594,207.74004150792652,-227.55356433257273,-48.54470227734689,0.5301850273746361,0.3172450232319249,0.07380474405302606,3.5000782469441505e-05,14.872455946433561,18.30644050308979,nan,0.9448918348866882,nan
321.43,208.2788543701172,-227.54348754882812,-48.545135498046875,207.74847810862164,-227.55002289779995,-48.546202020503074,0.5304175968181357,0.3172877360592573,0.07383162778969536,3.5706287055230856e-05,14.853961831862685,18.116760060999866,nan,nan,nan
321.44,208.28753662109375,-227.5398406982422,-48.5465202331543,207.7569141490018,-227.5465221640156,-48.54767432902982,0.5306657910692401,0.31733053433163005,0.07385857830456014,3.64261000890272e-05,14.834287313460546,18.193014585099974,nan,nan,nan
321.45,208.2962188720703,-227.53627014160156,-48.54787826538086,207.74291067613657,-227.53497727206266,-48.54898877655653,0.5533108208178869,0.31726469942159685,0.07384639344566925,3.713652949786428e-05,15.175934936914071,18.953532786089724,6.297062301727013,nan,nan
321.46,208.3048858642578,-227.53274536132812,-48.54920959472656,207.75134084276533,-227.5315930116182,-48.548528483731246,0.5535466399872322,0.3173073244393817,0.07387330762193936,3.63541595004374e-05,15.130738440326972,18.48722111217299,nan,2.3019632157171808,nan
321.47,208.31356811523438,-227.529296875,-48.55051040649414,207.7597329210562,-227.5282689807636,-48.54990053932861,0.5538364838243179,0.3173500353081418,0.0739002886265723,3.708613912949781e-05,15.103000534087341,18.78687035489977,nan,nan,nan
321.48,208.32223510742188,-227.52590942382812,-48.551788330078125,207.76812953235793,-227.52501294458716,-48.55100446165218,0.5541068547145772,0.31739283098011967,0.07392733657004034,3.6306491556201255e-05,15.08474127833748,18.588316028403842,nan,0.038697256310881376,nan
321.49,208.33091735839844,-227.52259826660156,-48.55303955078125,207.77652121595867,-227.5218231851821,-48.552324334998104,0.5543971455887213,0.31743571274849436,0.07395445163123256,3.703718006476393e-05,15.056309569738698,18.79312445599988,nan,nan,nan
321.5,208.33958435058594,-227.51934814453125,-48.55426788330078,207.78893970115865,-227.5161121643586,-48.55316936667526,0.5506552535383191,0.3173699572114382,0.07394212294457506,3.6237586078967454e-05,14.588240315964818,18.336014538790806,2.011498319146974,0.11768746000801468,nan
321.51,208.3482666015625,-227.5161590576172,-48.55546951293945,207.79734681144026,-227.5130425380298,-48.55443656353088,0.5509295733822503,0.3174126660809796,0.07396920086480265,3.6966137436259196e-05,14.55890918300737,18.26965416134624,nan,nan,nan
321.52,208.35693359375,-227.51303100585938,-48.55664825439453,207.80576060227716,-227.51003820483396,-48.55530254472691,0.551182759456068,0.31745545976583467,0.07399634589752216,3.619276284183525e-05,14.554705016832584,18.24932070947005,nan,0.09424323386154619,nan
321.53000000000003,208.36561584472656,-227.5099639892578,-48.55780029296875,207.81416745909436,-227.50709553645197,-48.55652018556427,0.5514573317246082,0.317498339398733,0.07402355822305515,3.692017044593463e-05,14.524699285532307,18.276933363714658,nan,nan,nan
321.54,208.37428283691406,-227.50697326660156,-48.55893325805664,207.82251630222294,-227.5042028833122,-48.56104407361211,0.5517775270622505,0.31754130417263726,0.07405083794979408,3.6149352416913796e-05,14.57685882188789,18.63950410662044,nan,7.323542473581678,nan
321.55,208.38294982910156,-227.5040283203125,-48.56004333496094,207.82160025673213,-227.5021614954993,-48.56233377426939,0.5613573492406229,0.3174756274286709,0.07403836274989788,3.685235128129848e-05,15.185915890629207,18.83890975632108,3.6007512760170903,nan,nan
321.56,208.39163208007812,-227.5011444091797,-48.56113052368164,207.8299837868623,-227.49940957645805,-48.56332345573967,0.5616552535744969,0.31751841906981365,0.07406560450394167,3.608500206064131e-05,15.15326088765671,18.863484230991347,nan,0.025852133830216763,nan
321.57,208.40029907226562,-227.49832153320312,-48.56219482421875,207.83836369774497,-227.49671494282356,-48.56448768002578,0.5619423488740387,0.31756129651872855,0.07409291372236639,3.6809409880120946e-05,15.138111386376623,19.024774491079455,nan,nan,nan
321.58,208.4089813232422,-227.4955596923828,-48.56324005126953,207.84673968960223,-227.4940762007505,-48.56586381524488,0.5622497127459904,0.3176042591068619,0.07412029051242996,3.604450006059683e-05,15.161942574851448,19.043944246079906,nan,0.0359621577294534,nan
321.59000000000003,208.4176483154297,-227.4928436279297,-48.56426239013672,207.85511945624555,-227.4914938226356,-48.566989390249944,0.5625370884830269,0.31764730775925076,0.07414773505610264,3.676796124358881e-05,15.149103329905588,18.931313575768538,nan,nan,nan
321.6,208.42633056640625,-227.4901885986328,-48.56526565551758,207.86855708595513,-227.48379917426274,-48.568641037925836,0.5578202877672491,0.31758170724173135,0.07413511059489857,3.598323795289073e-05,14.464574741044263,18.57444898470234,5.283947340286956,0.14738130950321376,nan
321.61,208.43499755859375,-227.48757934570312,-48.56624984741211,207.8769603990224,-227.4813053562573,-48.569733523007145,0.558083300593799,0.31762458245170827,0.0741625163228725,3.6704911284695314e-05,14.45367774322528,18.409743378178817,nan,nan,nan
321.62,208.44366455078125,-227.4850311279297,-48.56721115112305,207.88534210921856,-227.47885860112754,-48.57226711663859,0.5583794512936037,0.3176675427904787,0.0741899897896526,3.5945642642007916e-05,14.808387219428935,19.12216618454818,nan,1.425647768941948,nan
321.63,208.4523468017578,-227.48252868652344,-48.56815719604492,207.89374564738486,-227.4764683431237,-48.57333662324086,0.5586580384233224,0.31771058906438654,0.07421753117805109,3.6666497853666805e-05,14.804452187698411,18.7847748644129,nan,nan,nan
321.64,208.4610137939453,-227.48007202148438,-48.5690803527832,207.90214058252596,-227.47412622337418,-48.57499774349671,0.5589361631440611,0.31775372078304936,0.07424514059410045,3.590947548326419e-05,15.023192570395745,19.111560062714,nan,0.24907629115668173,nan
321.65000000000003,208.46969604492188,-227.4776611328125,-48.56998825073242,207.8904304116264,-227.45012246924495,-48.576092922193084,0.5799519970841901,0.31768819551099686,0.07423236420829389,3.660663547289562e-05,13.916075925763273,18.557971145731322,14.319056188583454,nan,nan
321.66,208.47836303710938,-227.47531127929688,-48.57087707519531,207.90182899520647,-227.44577669682187,-48.57821925314293,0.5773367306969875,0.31664041728622383,0.07375878267166038,3.585184866319738e-05,18.92544949779776,24.017405037770718,nan,0.8133970183029602,0.008352858803260027
321.67,208.48704528808594,-227.47299194335938,-48.57175064086914,207.91022697783714,-227.44352305897198,-48.57923674658151,0.577619095913606,0.3166815332505402,0.07378381070482347,3.657031964763189e-05,18.919927645645515,23.402272010819182,nan,nan,nan
321.68,208.49571228027344,-227.47073364257812,-48.572601318359375,207.91865962303822,-227.4413031702161,-48.57937551991992,0.5778423761999952,0.3167227308073078,0.07380889985020664,3.581858672940619e-05,18.631289923193766,23.787376002465003,nan,0.50049260083627,nan
321.69,208.50439453125,-227.46852111816406,-48.57344055175781,207.9270578283059,-227.43914150406871,-48.58035158294555,0.5781250666100233,0.31676401486486483,0.0738340508924084,3.653640943303558e-05,18.62101832547851,23.541457949866054,nan,nan,nan
321.7,208.5130615234375,-227.46633911132812,-48.57426071166992,207.94807868307788,-227.43779278142324,-48.5793492957942,0.5657264325981692,0.316694584814738,0.07382296435008673,3.5764862525455266e-05,17.30864007437499,22.169166328355566,6.412495689385116,2.6931421451204014,nan
321.71,208.52174377441406,-227.46421813964844,-48.5750617980957,207.95651319228827,-227.43571180356682,-48.580275053906504,0.5659729677318603,0.3167356996429265,0.07384808619699218,3.6481196597561986e-05,17.291612213219764,22.682394304881697,nan,nan,nan
321.72,208.53041076660156,-227.46212768554688,-48.57585144042969,207.96487583248373,-227.43370059281492,-48.583080278790845,0.5662950798063737,0.3167768962480402,0.07387326941160746,3.573441631824581e-05,17.97161328510378,22.956571776350568,nan,2.4294268648944355,nan
321.73,208.53909301757812,-227.4600830078125,-48.576622009277344,207.97331106477282,-227.4317046297836,-48.5839948187393,0.5665411801264781,0.316818179061976,0.07389851472687546,3.6450211325581103e-05,17.963710363981484,23.100664873140815,nan,nan,nan
321.74,208.54776000976562,-227.45806884765625,-48.57737731933594,207.9817668932208,-227.42974216240452,-48.584350264175015,0.5667444142055661,0.3168595440554297,0.07392382170971022,3.570534323373829e-05,17.797681338040054,22.728604552077194,nan,0.2009709224808459,nan
321.75,208.5564422607422,-227.45611572265625,-48.578121185302734,208.00188889027154,-227.42962809347748,-48.58520508788818,0.555230778033515,0.31679024608471024,0.07391262840307407,3.63980146814837e-05,17.288493802915106,22.744661070814146,3.899701436203513,nan,nan
321.76,208.5651092529297,-227.4541778564453,-48.5788459777832,208.01038386785334,-227.42773888348532,-48.58528772071845,0.5553924452054877,0.31683144183650613,0.07393790559979635,3.565590530158839e-05,17.036750521676275,22.051330704453115,nan,0.41731036095279506,nan
321.77,208.57379150390625,-227.45230102539062,-48.579559326171875,208.01885077155558,-227.42589901885236,-48.5861325222414,0.5556073157165192,0.3168727235217999,0.07396324509865725,3.6369874538682185e-05,17.02226237122931,22.50240596401165,nan,nan,nan
321.78000000000003,208.5824737548828,-227.450439453125,-48.580257415771484,208.02728510175916,-227.42410949867386,-48.587894163549265,0.5558651158107277,0.31691408754409145,0.07398864651535512,3.5629546339704624e-05,17.43532982432047,22.284571170024233,nan,0.5892331904473617,nan
321.79,208.5911407470703,-227.44863891601562,-48.58094024658203,208.03575235539518,-227.42234499973296,-48.58872176282388,0.5560649131495332,0.316955537684016,0.07401411051286791,3.63431170792865e-05,17.424908920775593,23.176838032783273,nan,nan,nan
321.8,208.59982299804688,-227.4468536376953,-48.58161163330078,208.0259852715856,-227.41151762924355,-48.58880256116109,0.5749696333260077,0.31688636663872216,0.07400280724650794,3.5582885131357355e-05,17.207540486325257,22.384075605567645,3.8429375598178996,0.5189253424099078,nan
321.81,208.60850524902344,-227.4451141357422,-48.58226776123047,208.0344240765988,-227.40980989347574,-48.58959892697333,0.5752124199333598,0.31692764730138356,0.07402824082372972,3.6295215293570234e-05,17.198030390629732,22.74954187404847,nan,nan,nan
321.82,208.61717224121094,-227.4434051513672,-48.58291244506836,208.042897946883,-227.40812413305275,-48.589343759707866,0.5753929763102433,0.31696901044115855,0.07405373656425432,3.555914846095238e-05,16.84296312044367,22.316336989120593,nan,0.7383890961481059,nan
321.83,208.6258544921875,-227.4417266845703,-48.58354568481445,208.0513375422951,-227.4064860574298,-48.59010546738236,0.5756341357687714,0.31701045944744155,0.07407929508524617,3.6271170865279105e-05,16.830148333024,22.04032202973778,nan,nan,nan
321.84000000000003,208.63453674316406,-227.44009399414062,-48.584163665771484,208.05975709225586,-227.40488954221786,-48.591479537300124,0.5759032232151126,0.31705199131257983,0.0741049160682626,3.553668346620147e-05,17.112424290297803,22.806093895005333,nan,0.2666740749944263,nan
321.85,208.64321899414062,-227.43849182128906,-48.58477020263672,208.05737279324057,-227.39669591025412,-48.592168989173565,0.5873818275453205,0.31698294939694693,0.07409350068610335,3.622602773049936e-05,16.960531527672995,22.769843561918236,1.3315200724938803,nan,nan
321.86,208.65188598632812,-227.43690490722656,-48.58536148071289,208.06584232317314,-227.3951269256926,-48.59154547964825,0.5875634576009587,0.3170243117347146,0.07411909062488302,3.549394839190819e-05,16.49075202458703,21.97472685441703,nan,1.2609449291523116,nan
321.87,208.6605682373047,-227.43536376953125,-48.58594512939453,208.07426966540305,-227.39360606979437,-48.592253113077035,0.5878175835744898,0.31706575970275797,0.07414474354150981,3.620458725786608e-05,16.47553261937425,22.188850002255826,nan,nan,nan
321.88,208.66925048828125,-227.43385314941406,-48.58651351928711,208.08269854170715,-227.3921160483829,-48.5929154666042,0.5880698568723007,0.3171072906454529,0.07417045916030501,3.547396094537616e-05,16.49507531075237,22.322149705804037,nan,0.0008238312708556412,nan
321.89,208.6779327392578,-227.43226623535156,-48.58717727661133,208.09112683675357,-227.3906008510417,-48.59365357111711,0.5883188878950149,0.3171489074224686,0.07419623803679504,3.6184406161084736e-05,16.468440993547087,22.4202808787358,nan,nan,nan
321.90000000000003,208.68661499023438,-227.4305877685547,-48.58793258666992,208.11460687205573,-227.3957316245656,-48.59283571303933,0.5730901139299613,0.31707999035389495,0.07418470743530335,3.543372892023746e-05,15.893517960264377,21.382733448789615,2.8211333817647213,2.1615233033544565,nan
321.91,208.69529724121094,-227.4288330078125,-48.58877944946289,208.12306174225384,-227.39406492904027,-48.59374372595985,0.5733122444264819,0.31712143737035353,0.07421045460444192,3.614313507964272e-05,15.867016093125988,21.48309399837711,nan,nan,nan
321.92,208.7039794921875,-227.427001953125,-48.58971405029297,208.1315487649591,-227.3923060189214,-48.593638300998954,0.5734946774549069,0.3171629674617519,0.07423626471107293,3.5416105691230996e-05,15.589672985643256,21.38240467016703,nan,0.8407590220807388,nan
321.93,208.71266174316406,-227.42507934570312,-48.590736389160156,208.14000434093944,-227.3904808472056,-48.594716074652226,0.5737154297363379,0.31720458317267614,0.0742621382710292,3.6125391904369285e-05,15.564445979710122,20.986143810607174,nan,nan,nan
321.94,208.72134399414062,-227.423095703125,-48.59184646606445,208.1484439994602,-227.38858449098558,-48.59645940225409,0.5739570601085542,0.31724628232177327,0.0742880750659645,3.539962402942582e-05,15.696332825021509,21.64326982113954,nan,0.22951111135995375,nan
321.95,208.7300262451172,-227.42103576660156,-48.593040466308594,208.1891203065714,-227.4002443132532,-48.597600242957974,0.5413245888092759,0.31717749131350575,0.07427642696794638,3.6086571597713626e-05,15.373634795189163,21.20045431961903,11.190482046654358,nan,nan
321.96,208.73870849609375,-227.41888427734375,-48.594322204589844,208.19763532829316,-227.39820825696955,-48.59889684431363,0.5414873941846498,0.3172190206168861,0.07430233139944632,3.536288307956979e-05,15.359790388039636,20.635148456895717,nan,0.001598792150406506,nan
321.97,208.7473907470703,-227.4166717529297,-48.5956916809082,208.20614932358527,-227.39609779382425,-48.600326993112304,0.5416521507467887,0.31726063533800286,0.07432829947764587,3.607114135066505e-05,15.332545003507429,20.95168233527036,nan,nan,nan
321.98,208.75607299804688,-227.4143829345703,-48.59714126586914,208.21467735242612,-227.3939075954307,-48.60131387632854,0.5417987590314689,0.31730233357612586,0.07435433102082055,3.534859709152828e-05,15.198548302195146,20.878380325067173,nan,0.193047671283537,nan
321.99,208.76475524902344,-227.41201782226562,-48.598670959472656,208.22319176758805,-227.391649533499,-48.602907578842064,0.5419629328241753,0.31734411745354946,0.07438042649178352,3.605682551324068e-05,15.173248908990473,20.85866548733086,nan,nan,nan
322.0,208.7734375,-227.4095916748047,-48.600284576416016,208.26052454012174,-227.40923361111143,-48.603219887244975,0.5129214839235657,0.317275448910983,0.07436865787695845,3.5314051391442975e-05,15.57703121867793,20.886826513478862,10.712193205611763,1.1763148194161936,nan
322.01,208.78211975097656,-227.40707397460938,-48.60197830200195,208.26906969276357,-227.4068747454124,-48.60496446951126,0.5130587871979448,0.317317062710061,0.0743947202933951,3.602140039147873e-05,15.552178532313105,20.328836142892975,nan,nan,nan
322.02,208.79080200195312,-227.4044952392578,-48.60375213623047,208.27763411652865,-227.4044371647936,-48.60599846514864,0.5131728052004353,0.31735876009139796,0.07442084640002612,3.530183756960676e-05,15.41796768607153,20.47727459372473,nan,0.4349537368360024,nan
322.03000000000003,208.79946899414062,-227.40185546875,-48.60560607910156,208.28617916834577,-227.40193741167738,-48.607896355375644,0.513294941865366,0.31740054292880027,0.07444703662607213,3.6009215240853834e-05,15.389107882890182,20.865413150461464,nan,nan,nan
322.04,208.8081512451172,-227.39913940429688,-48.60753631591797,208.2947417678628,-227.39936125313824,-48.609126460292686,0.5134119876966854,0.3174424096956177,0.07447329083853634,3.529062092315709e-05,15.285266492534241,20.43061047552706,nan,0.3872234807085829,nan
322.05,208.81683349609375,-227.3963623046875,-48.60951614379883,208.31990165059597,-227.4075115272028,-48.61113707404268,0.49705954537397634,0.3173738640269859,0.07446139932919375,3.597591143713396e-05,15.58754715242143,20.652001926789694,3.079213448649165,nan,nan
322.06,208.8255157470703,-227.3935089111328,-48.61149978637695,208.32849433074034,-227.40481760755148,-48.61193860411304,0.4971502463705977,0.3174155605980953,0.07448761979999552,3.525909806722795e-05,15.490852056588048,20.342188099260852,nan,1.1032806975654879,nan
322.07,208.83419799804688,-227.39059448242188,-48.61346435546875,208.33705767064123,-227.4020688153527,-48.61398163815574,0.497272996482393,0.31745734245312107,0.07451390457955215,3.596572634830924e-05,15.463006068278814,20.539814370197234,nan,nan,nan
322.08,208.84288024902344,-227.38760375976562,-48.61540222167969,208.34562934306845,-227.39925036078913,-48.61560701359834,0.4973873226452237,0.31749920828425965,0.07454025356549068,3.5249776198104035e-05,15.428170282073797,20.191869701036143,nan,0.1091389884761471,nan
322.09000000000003,208.8515625,-227.3845672607422,-48.6173095703125,208.35419183379548,-227.39637011401422,-48.61759503535858,0.49751077218124545,0.3175411596359675,0.07456666714251699,3.595650213972529e-05,15.398343077695728,20.636820395480886,nan,nan,nan
322.1,208.86024475097656,-227.38145446777344,-48.619178771972656,208.37595234622637,-227.3956373206212,-48.6204900277294,0.48450181217956784,0.3174727337750308,0.07455464979281698,3.5220130829862384e-05,14.93240942900195,20.212793169329288,4.008633918695402,0.6014014877895001,nan
322.11,208.86891174316406,-227.37828063964844,-48.62101364135742,208.3845462750394,-227.3926259027564,-48.62242002972466,0.48457989146629704,0.3175145146970499,0.07458102891003815,3.592610040531039e-05,14.907276965361396,20.435923171490884,nan,nan,nan
322.12,208.87759399414062,-227.3750457763672,-48.62281036376953,208.39316573809515,-227.389540672249,-48.623058141814816,0.4846451265161404,0.31755637963020833,0.07460747244891713,3.521257865784265e-05,14.823281629680961,20.28509702599066,nan,1.102382232999182,nan
322.13,208.8862762451172,-227.3717498779297,-48.62457275390625,208.40175896891338,-227.38640409268055,-48.624906553630616,0.4847389486849318,0.31759832992747533,0.0746339807664131,3.591869127761773e-05,14.793848450869886,20.2557602013211,nan,nan,nan
322.14,208.8949432373047,-227.36837768554688,-48.62630081176758,208.4103207814151,-227.38321894609922,-48.628280357592516,0.4848536958391838,0.31764036456936784,0.0746605538005589,3.520587596692682e-05,14.872129722170481,20.108297724935827,nan,1.6972301816185897,nan
322.15000000000003,208.90362548828125,-227.36495971679688,-48.627994537353516,208.4043719248915,-227.37330354611063,-48.63001253482884,0.49932735991409877,0.31757205828120494,0.07464840815250602,3.589008147311751e-05,14.941521867096565,20.326760308887373,2.180260869514466,nan,nan
322.16,208.9123077392578,-227.36148071289062,-48.62965393066406,208.4129303508699,-227.36997735687456,-48.63222997349885,0.49945630938931446,0.3176139223466688,0.07467494600981815,3.5178783580556446e-05,14.986332718696044,20.361609957879057,nan,0.14541244173930695,nan
322.17,208.9209747314453,-227.35794067382812,-48.631282806396484,208.42149703153262,-227.36658810502794,-48.633963365092214,0.4995597423445433,0.3176558716289966,0.07470154883092377,3.588435882512283e-05,14.966950270374774,20.405168048738265,nan,nan,nan
322.18,208.92965698242188,-227.35433959960938,-48.63287353515625,208.43008436025502,-227.3631309779135,-48.634506991497524,0.4996526406722667,0.3176979052752385,0.07472821657883238,3.5173675520167564e-05,14.812756469045631,20.189249677681143,nan,0.9374710849343563,nan
322.19,208.93832397460938,-227.35069274902344,-48.634437561035156,208.43864986347066,-227.35962490137945,-48.63616615852411,0.49975692965406326,0.31774002438771703,0.07475494957406202,3.5879444767603125e-05,14.788146053130612,20.547168023828043,nan,nan,nan
322.2,208.94700622558594,-227.34698486328125,-48.63596725463867,208.45388909656722,-227.36705684234994,-48.63658821397603,0.493525858355863,0.3176718349986685,0.0747426727478343,3.5148150760104145e-05,15.606290171039484,20.576260583144,6.568714619226341,0.9183462055627966,nan
322.21,208.95567321777344,-227.3432159423828,-48.63747024536133,208.462445297104,-227.3634667542186,-48.638174345023444,0.49364397379511077,0.3177137832975308,0.07476936982193703,3.5853255627099157e-05,15.579422983908325,20.490884360031696,nan,nan,nan
322.22,208.96435546875,-227.33938598632812,-48.638938903808594,208.47097601363453,-227.35983140735104,-48.64120514491925,0.4938080981713617,0.3177558159697487,0.07479613202843134,3.51445169463211e-05,15.68350558847228,20.435813904806185,nan,1.5210640880087665,nan
322.23,208.9730224609375,-227.33551025390625,-48.640380859375,208.4795311213332,-227.35612984581024,-48.64274814959847,0.49392759985420964,0.3177979339739026,0.07482295966550172,3.584985014498739e-05,15.663518665578382,20.78089486940561,nan,nan,nan
322.24,208.981689453125,-227.33157348632812,-48.64179229736328,208.48808662524237,-227.35237318154452,-48.64420811763702,0.4940467743062543,0.317840136673525,0.07484985272879993,3.514158967050745e-05,15.64387400727561,20.636582230564954,nan,0.002112028485448677,nan
322.25,208.99037170410156,-227.32760620117188,-48.6431770324707,208.47512061849062,-227.34509684722656,-48.64571231607383,0.5155541015117737,0.3177720634436402,0.07483744220543523,3.582513920871317e-05,16.51206106210676,20.99849094193653,10.144474098350535,nan,nan
322.26,208.99903869628906,-227.3236541748047,-48.644535064697266,208.48363092947204,-227.34129173463035,-48.64661722368892,0.5157136657079956,0.31781409515624887,0.07486429860189991,3.5118169205567334e-05,16.424118278945702,20.83681603399589,nan,0.21622177070541357,nan
322.27,209.00770568847656,-227.31976318359375,-48.64586639404297,208.4921319527964,-227.33752668110768,-48.64804550262307,0.5158842576405395,0.3178562120739469,0.07489122060975303,3.5823121140333115e-05,16.398358136864648,21.106599958181505,nan,nan,nan
322.28000000000003,209.01637268066406,-227.31593322753906,-48.64716720581055,208.5006260196349,-227.33382124866398,-48.6498766663523,0.5160638922061198,0.3178984136834644,0.07491820824447615,3.5116551362480724e-05,16.43955212140492,21.228658603790365,nan,0.12888737580570347,nan
322.29,209.02505493164062,-227.31216430664062,-48.64844512939453,208.50912598435312,-227.3301793767111,-48.651258116598505,0.5162510380578891,0.31794070075793235,0.07494526177522079,3.582176760308988e-05,16.417699693041175,20.73518346849584,nan,nan,nan
322.3,209.03372192382812,-227.3084716796875,-48.649696350097656,208.5349322614262,-227.3276657692989,-48.65470342289887,0.4991839452276757,0.31787274129335347,0.07493271473331825,3.5094409073416464e-05,16.02988090274337,21.051274934457833,8.865333266451202,3.0647072894948284,nan
322.31,209.04238891601562,-227.3048553466797,-48.65092468261719,208.54347718464152,-227.32415651674026,-48.65605646669631,0.4993113117847938,0.31791485713868955,0.07495973082767442,3.579902723095372e-05,16.014410960304993,21.097526229110404,nan,nan,nan
322.32,209.05105590820312,-227.3013153076172,-48.65212631225586,208.55202516869275,-227.3207170491187,-48.65712493142072,0.49943277099437333,0.3179570576640382,0.07498681274512431,3.509398926523211e-05,15.953544086010037,21.25684683250782,nan,0.047789841053592796,nan
322.33,209.05972290039062,-227.29783630371094,-48.65330505371094,208.5605690928763,-227.31734989238578,-48.658428523928116,0.49956136124211836,0.3179993435378885,0.07501396073734425,3.579889700587598e-05,15.938808447989073,20.94405558164324,nan,nan,nan
322.34000000000003,209.06838989257812,-227.29441833496094,-48.65446090698242,208.56911150263267,-227.31405288573922,-48.65979348291184,0.49969276822547465,0.31804171440461565,0.07504117484544658,3.509414336841434e-05,15.980870505834268,20.726478244044067,nan,0.004980859885843662,nan
322.35,209.07705688476562,-227.29107666015625,-48.65559005737305,208.58617071097996,-227.31983195141046,-48.661000221084365,0.49175743233878144,0.31797386757594226,0.07502848872308111,3.577734727254718e-05,16.529786490204224,21.284791621149772,2.800350220264247,nan,nan
322.36,209.08572387695312,-227.28781127929688,-48.656700134277344,208.59474207196942,-227.31668051738492,-48.6601403455093,0.49184184529801966,0.31801606701603763,0.07505566462166119,3.507369329502001e-05,16.013033591939404,20.921332823533582,nan,3.090303105332379,nan
322.37,209.09439086914062,-227.2845916748047,-48.65778732299805,208.6032873658412,-227.31360678587967,-48.661334876973164,0.49197267481321666,0.31805835169402896,0.07508290677121351,3.577833017585385e-05,15.99359681849271,20.415731376991776,nan,nan,nan
322.38,209.10305786132812,-227.2814483642578,-48.65885543823242,208.6117961649204,-227.31061478664822,-48.66560331995317,0.49217300663502694,0.3181007213424157,0.07511021522812972,3.5074896081418536e-05,16.90502029383994,21.568394122198864,nan,6.733213439673685,nan
322.39,209.11172485351562,-227.2783660888672,-48.65989685058594,208.6203411254232,-227.30766949922173,-48.66678750401518,0.4923049250181129,0.31814317649700713,0.07513759022164067,3.577984640821526e-05,16.899244991915882,21.705470373777786,nan,nan,nan
322.40000000000003,209.12039184570312,-227.2753448486328,-48.66092300415039,208.65149176219302,-227.3263104278527,-48.66987411178053,0.47174664907003755,0.31807544009888866,0.07512476224936306,3.505546317964268e-05,19.04940301354197,22.998884174856812,13.523516689443559,2.6046456620573037,nan
322.41,209.12905883789062,-227.2723846435547,-48.66192626953125,208.66004894885774,-227.32353977278734,-48.671037736918294,0.47187937239870775,0.31811772357826246,0.07515209823942158,3.5759861057557254e-05,19.052534638828206,23.100114385459346,nan,nan,nan
322.42,209.13772583007812,-227.2694854736328,-48.662906646728516,208.66860514471168,-227.32082898743036,-48.67226985854758,0.4720148764428233,0.3181600919989136,0.07517950072406612,3.5057614883177896e-05,19.198687361015306,23.398561999488734,nan,0.005399055356540618,nan
322.43,209.14639282226562,-227.26663208007812,-48.66387176513672,208.67716224987504,-227.31817612902037,-48.673396580951085,0.47214917257542177,0.31820254582326557,0.07520696991928436,3.576234428062513e-05,19.20325658013182,22.96266907960628,nan,nan,nan
322.44,209.15505981445312,-227.26385498046875,-48.66481399536133,208.68573048867464,-227.31557514150663,-48.6734018263865,0.4722486018350841,0.3182450848944213,0.0752345059009579,3.5060221679888096e-05,18.736263801671655,23.08778707853678,nan,0.8560694084753314,nan
322.45,209.16372680664062,-227.26112365722656,-48.665740966796875,208.68763406257565,-227.30603324587136,-48.67442058272339,0.4782849650952775,0.3181774575028061,0.07522153349030238,3.5743294455440174e-05,18.317204126254726,22.46902496053224,1.699584672201648,nan,nan
322.46,209.17239379882812,-227.25843811035156,-48.666648864746094,208.69618434494564,-227.30353356526453,-48.67596653365298,0.478430625038495,0.3182198246794922,0.07524902966923422,3.504211485045499e-05,18.655197533198336,22.610115989777054,nan,0.16613308989981618,nan
322.47,209.18106079101562,-227.2558135986328,-48.667537689208984,208.7047392576521,-227.3010858240353,-48.6770143388583,0.47856199643018343,0.31826227716178584,0.07527659273006417,3.57466474642598e-05,18.65732220143936,22.810429920147502,nan,nan,nan
322.48,209.18972778320312,-227.2532501220703,-48.66840744018555,208.7133039839192,-227.29868626547372,-48.67694594840947,0.4786616610657309,0.31830481485323636,0.07530422276004743,3.504553965096773e-05,18.19180969119077,22.615014507678517,nan,0.8510387428052933,nan
322.49,209.19839477539062,-227.250732421875,-48.66926193237305,208.72185914610284,-227.29634319673508,-48.677949519758265,0.47879225446806706,0.31834743812523497,0.075331919958409,3.575041814164059e-05,18.189781472305302,22.41728337963218,nan,nan,nan
322.5,209.20706176757812,-227.24826049804688,-48.67009735107422,208.69883045763947,-227.27148561087162,-48.67938488551745,0.50884646855777,0.3182799176514694,0.07531880038671386,3.502822181891465e-05,17.780915449506793,22.374517915163512,12.529193037412151,0.16824113980569907,nan
322.51,209.21572875976562,-227.24583435058594,-48.67091751098633,208.7073505496293,-227.26919481409251,-48.68036069120509,0.5090022489629127,0.31832236877263015,0.07534645696492084,3.5732577354123145e-05,17.781454748185702,22.23576416862526,nan,nan,nan
322.52,209.22439575195312,-227.24346923828125,-48.671722412109375,208.71588032314128,-227.26694797834472,-48.68011582641589,0.5091263516833378,0.3183649050599979,0.07537418069088338,3.503237780650931e-05,17.263026059785556,22.03831128574963,nan,1.0236253821915484,nan
322.53000000000003,209.23306274414062,-227.2411346435547,-48.672508239746094,208.72440087837467,-227.26475375621038,-48.681048924650895,0.509281552253556,0.3184075268359072,0.07540197175416159,3.5737091732892e-05,17.261237556131498,21.66294056721243,nan,nan,nan
322.54,209.24172973632812,-227.23886108398438,-48.673282623291016,208.73291125500631,-227.26261183511357,-48.683397782869285,0.509472925254256,0.31845023407788586,0.07542983025628278,3.5036885688436086e-05,18.10692824468728,22.79452934412943,nan,1.4420880729081316,nan
322.55,209.25039672851562,-227.2366180419922,-48.67403793334961,208.73767978922126,-227.2599960568089,-48.684269820960644,0.5133516172568617,0.31838281887943304,0.07541656092323573,3.5719966726004174e-05,18.27063060416361,22.54879328701912,0.391518447859168,nan,nan
322.56,209.25906372070312,-227.23443603515625,-48.674781799316406,208.74619464780298,-227.25793911264003,-48.68485300679681,0.5135060952011923,0.3184253537316922,0.07544437798103641,3.5020578141783105e-05,18.202784801898886,22.84207885737022,nan,0.07202447782043016,nan
322.57,209.26773071289062,-227.23228454589844,-48.675506591796875,208.75470744143578,-227.25592719115306,-48.6857386461036,0.5136696863395772,0.3184679739836565,0.07547226254233041,3.5725141361685345e-05,18.20534196240024,22.59825987287634,nan,nan,nan
322.58,209.27639770507812,-227.23019409179688,-48.67621994018555,208.76322400315777,-227.25395667003946,-48.68606747316744,0.5138179467216009,0.3185106796520674,0.07550021471676584,3.5025705937364735e-05,18.009780439467498,22.828481206944343,nan,0.2080325080241194,nan
322.59000000000003,209.2850799560547,-227.22811889648438,-48.676918029785156,208.77173726422237,-227.25203036127257,-48.6869207813803,0.5139966268813879,0.31855347100018255,0.07552823468189516,3.573063468456701e-05,18.011542175690877,21.95930271020956,nan,nan,nan
322.6,209.2937469482422,-227.22610473632812,-48.6776008605957,208.80937745227752,-227.26504661560972,-48.68630089291895,0.48601025621428756,0.3184861590504679,0.07551481290783307,3.5009993546466565e-05,17.41520751306578,21.97276572547472,7.757836887321121,1.4275291524854485,nan
322.61,209.3024139404297,-227.22412109375,-48.67827224731445,208.81793701054195,-227.2632284223734,-48.68711325218699,0.4861331526574372,0.3185287777436407,0.0755427905886512,3.5714416629635614e-05,17.410148333660352,21.65251159043122,nan,nan,nan
322.62,209.3110809326172,-227.22218322753906,-48.67892837524414,208.82649590175515,-227.26145065278718,-48.68810713908233,0.486260046196244,0.3185714817994735,0.07557083605297432,3.501566767303058e-05,17.595352469032317,22.069774800825613,nan,0.02653273462833427,nan
322.63,209.31976318359375,-227.2202911376953,-48.67957305908203,208.8350562687305,-227.25971137696473,-48.68889687369241,0.48639663043568226,0.31861427145053933,0.07559894947162425,3.572046465534513e-05,17.59085268640745,22.0214774054943,nan,nan,nan
322.64,209.32843017578125,-227.2184295654297,-48.68020248413086,208.84361912825034,-227.2580093892773,-48.68925636890096,0.48650826004627945,0.31865714675989065,0.07562713096422286,3.502160661197418e-05,17.465669029808353,21.952238594875585,nan,0.12340916799955379,nan
322.65000000000003,209.33709716796875,-227.2165985107422,-48.680824279785156,208.8435890515698,-227.2566459282756,-48.68989498838602,0.4952134230382375,0.31858993625778337,0.0756135541499094,3.570477831458562e-05,17.931656613728897,21.82097041298084,3.109659440056325,nan,nan
322.66,209.3457794189453,-227.21481323242188,-48.68143081665039,208.82960871130064,-227.22893083111586,-48.689949950203484,0.5164340051350079,0.3155674793655388,0.07152732923368627,3.5005812431074856e-05,21.025027273556596,25.055013672133146,nan,0.35091522990419,0.16548724327912173
322.67,209.3544464111328,-227.2130584716797,-48.68202209472656,208.83815721214125,-227.2273221501167,-48.69068024348497,0.5165587605082518,0.3156128786424294,0.07154757180912696,3.571046520312292e-05,21.01011676441817,25.182346229245383,nan,nan,nan
322.68,209.3631134033203,-227.21121215820312,-48.682708740234375,208.84669493472174,-227.2256765280947,-48.69117080800619,0.5166902934031476,0.3156583601255984,0.07156787073671955,3.501223420914154e-05,20.925399409562505,24.731744549158147,nan,0.05568130713164727,nan
322.69,209.37179565429688,-227.2093048095703,-48.68348693847656,208.85524449031934,-227.22396780861564,-48.692032338466824,0.5168298873019508,0.3157039285754,0.07158823454624799,3.571726370883268e-05,20.89250950786724,24.97953863954231,nan,nan,nan
322.7,209.38046264648438,-227.2073211669922,-48.68435287475586,208.83849463622937,-227.2056867366568,-48.69476500692699,0.5420704825007899,0.3156430757051844,0.07157956273221322,3.499773049616229e-05,21.35629425138959,26.129038884425967,10.403085291835753,2.569009412579973,nan
322.71,209.38914489746094,-227.20526123046875,-48.68531036376953,208.84701013163462,-227.20378487106163,-48.695825219512805,0.542238735379499,0.31568845542483126,0.0715999211197243,3.570226370864652e-05,21.321785699418015,25.889311678243324,nan,nan,nan
322.72,209.39781188964844,-227.20310974121094,-48.68635559082031,208.8555472139603,-227.20183554724906,-48.697519147520836,0.5423810718190779,0.3157339173927534,0.0716203364108759,3.500454527092735e-05,21.752741702814557,26.053687386756668,nan,0.20910179912389537,nan
322.73,209.406494140625,-227.20089721679688,-48.6874885559082,208.86406295877944,-227.1997827142297,-48.69876284711241,0.5425494805052329,0.31577946616362723,0.07164081651300523,3.570946055822578e-05,21.71859909677917,26.251448258086533,nan,nan,nan
322.74,209.4151611328125,-227.1986083984375,-48.68870544433594,208.87252727160424,-227.19758780223322,-48.69877228946794,0.542728191931567,0.3158250975219906,0.07166135395254876,3.501155301167871e-05,21.01933803080849,25.717240436727067,nan,1.2329773379487488,nan
322.75,209.42384338378906,-227.1962432861328,-48.69001007080078,208.8708922962828,-227.19270244078368,-48.70019531230386,0.5530562194792065,0.31576420531074134,0.07165264830534897,3.5694841392475116e-05,21.34569311566,25.60628954886982,1.5314469606953602,nan,nan
322.76,209.43251037597656,-227.19381713867188,-48.69139862060547,208.87933681416015,-227.19036284455802,-48.70034945389847,0.5532567569014545,0.31580964775975917,0.07167317995778191,3.499757750328992e-05,20.693905856523212,25.45422077464793,nan,1.2611851539702212,nan
322.77,209.44119262695312,-227.19131469726562,-48.692867279052734,208.8878330830938,-227.18801877989384,-48.701911171819226,0.5534432580200961,0.3158551768443297,0.071693776357807,3.570237944122451e-05,20.662472816089355,25.220621108546904,nan,nan,nan
322.78000000000003,209.44985961914062,-227.18873596191406,-48.694419860839844,208.8962846228306,-227.185545477168,-48.70237498959469,0.5536413458242384,0.31590078856174986,0.07171443062651664,3.500490464972281e-05,20.145918396642756,24.670885149246494,nan,0.9854035391244954,nan
322.79,209.4585418701172,-227.18609619140625,-48.6960563659668,208.9047811085846,-227.18306036804444,-48.70409131640172,0.5538273717189699,0.31594648715218654,0.07173514979270876,3.5710086737845444e-05,20.112238482829017,24.70060524606562,nan,nan,nan
322.8,209.4672088623047,-227.18338012695312,-48.69776916503906,208.90571450642912,-227.17727940443072,-48.70304538497004,0.5615522851811514,0.3158855509905551,0.0717263998101841,3.499123440393356e-05,19.177344544281475,23.848384710308324,1.5811209010088874,6.353745685062194,nan
322.81,209.47589111328125,-227.1805877685547,-48.699562072753906,208.9141976954454,-227.17465225543577,-48.70489760652138,0.5617501169351696,0.3159310603770053,0.07174711249349286,3.569592230386733e-05,19.147745753526216,23.44754247611267,nan,nan,nan
322.82,209.48455810546875,-227.17774963378906,-48.70143508911133,208.92275606256416,-227.1720536269846,-48.70886231835167,0.5618800082219283,0.31597665244215933,0.07176788356047406,3.499883178466485e-05,19.89085806086437,24.96873977466223,nan,2.9170432047133605,nan
322.83,209.4932403564453,-227.17483520507812,-48.70338439941406,208.93123918246488,-227.16929225166572,-48.71089388943482,0.5620786745005454,0.3160223312096184,0.07178871947588908,3.570390318392202e-05,19.860936443363105,24.5421534644647,nan,nan,nan
322.84000000000003,209.5019073486328,-227.17184448242188,-48.70538330078125,208.9396577073322,-227.1663832534658,-48.711227420532914,0.5623065337518741,0.3160680929971948,0.07180961419481395,3.500656504538929e-05,19.224225469159332,23.70347650836316,nan,2.1897905422668025,nan
322.85,209.5105743408203,-227.16880798339844,-48.70738220214844,208.98239891481862,-227.18197955818695,-48.713293714426804,0.52837270651681,0.3160071164944456,0.07180082327894571,3.569000053946643e-05,19.460972188613358,24.244185844343306,12.143729238997116,nan,nan
322.86,209.51925659179688,-227.1656951904297,-48.70936584472656,208.99084695100504,-227.17894897637314,-48.71296405334502,0.5285880801047762,0.31605268889067517,0.0718217110930001,3.4993251400863216e-05,18.81929447647613,23.021179843831195,nan,4.158964693980789,nan
322.87,209.52792358398438,-227.1625213623047,-48.71131896972656,208.99938212766978,-227.17596428326402,-48.715014383390205,0.5287252965853078,0.3160983478173764,0.07184266371611273,3.569820948030122e-05,18.797868829124777,23.318279687925163,nan,nan,nan
322.88,209.53660583496094,-227.15928649902344,-48.71323776245117,209.00785944595336,-227.17284480956747,-48.7154091461794,0.5289246511372471,0.3161440898095978,0.07186367563446854,3.5001198001794755e-05,18.516796224641062,22.941644022775495,nan,1.8661394760586105,nan
322.89,209.54527282714844,-227.15599060058594,-48.71512222290039,209.01639415189638,-227.1697349348717,-48.71738003681277,0.5290620545692114,0.31618991856879003,0.07188475252661754,3.5706535252932315e-05,18.49041579444203,23.118531858372602,nan,nan,nan
322.90000000000003,209.55393981933594,-227.1526336669922,-48.71697235107422,209.0303357074501,-227.1721842856141,-48.719333910471065,0.5239743024567606,0.31612889760911206,0.07187591151142053,3.49880889753357e-05,18.912171694505723,23.273461352261197,1.9102069686797565,0.0038127400138794256,nan
322.91,209.56260681152344,-227.1492156982422,-48.71878433227539,209.0388736920112,-227.1689680502632,-48.72123579484944,0.5241111957906693,0.3161745366729613,0.07189698078134978,3.569293015909979e-05,18.88749534597493,23.30827224557618,nan,nan,nan
322.92,209.5712890625,-227.14573669433594,-48.72056198120117,209.0473226868575,-227.165582866761,-48.72052526317097,0.5243420970245131,0.3162202588460179,0.07191810982061694,3.4996210215924944e-05,18.686648946002645,22.870926187540174,nan,4.691962914893306,nan
322.93,209.5799560546875,-227.14219665527344,-48.7223014831543,209.0558596566801,-227.16224676160215,-48.722331866472956,0.5244797823474906,0.3162660676143414,0.07193930381096755,3.5701432675726054e-05,18.653260686789555,23.071070590212543,nan,nan,nan
322.94,209.588623046875,-227.1385955810547,-48.72400665283203,209.06441234217846,-227.15887153260041,-48.72458546996227,0.5246030043364232,0.3163119598326465,0.07196055797456771,3.500442320735088e-05,18.629726097529645,22.99481767379305,nan,0.1633711886175192,nan
322.95,209.5972900390625,-227.1349334716797,-48.72568130493164,209.13165543447727,-227.17835690391732,-48.72630105214877,0.4676553897274741,0.3162508974491888,0.07195166889078661,3.5687997959671104e-05,17.878494856396927,22.574111280762992,33.972060322457196,nan,nan
322.96,209.60595703125,-227.1312255859375,-48.72732162475586,209.14027453406814,-227.17485004215283,-48.727389853323174,0.46772137648043494,0.31629659977431435,0.07197291495314206,3.4991538885331226e-05,17.8325947781333,22.87706710953841,nan,0.27333847651834353,nan
322.97,209.6146240234375,-227.12745666503906,-48.72892761230469,209.14891386354378,-227.1713114197571,-48.72906234808512,0.46777046795767463,0.31634238852384794,0.0719942259544869,3.569664182776205e-05,17.798274338730003,22.778407415797695,nan,nan,nan
322.98,209.62330627441406,-227.12364196777344,-48.73050308227539,209.157482981168,-227.167633420416,-48.72857919046263,0.4678998715493821,0.3163882607637231,0.07201559757859922,3.4999884193866034e-05,17.868495854237775,22.830349487157115,nan,3.186000552023752,nan
322.99,209.63197326660156,-227.1197509765625,-48.7320442199707,209.16612080473726,-227.16398323440808,-48.730168167239306,0.46795141674430174,0.3164342196660715,0.07203703432272321,3.570536266684387e-05,17.828045466548033,22.588374487887382,nan,nan,nan
323.0,209.64064025878906,-227.11582946777344,-48.733558654785156,209.14908202521977,-227.1527574328071,-48.73273219200391,0.4929440684621537,0.3163731122387015,0.07202808918572395,3.498712846811645e-05,18.402267773282272,23.216114102811133,8.205797267646318,0.7478998908561426,nan
323.01,209.64930725097656,-227.11183166503906,-48.73503875732422,209.15766925919783,-227.14899537139132,-48.73427120172917,0.49304122056036254,0.3164188809373418,0.07204951709207509,3.5692106678644844e-05,18.36698418191105,22.716630356788755,nan,nan,nan
323.02,209.657958984375,-227.10780334472656,-48.73649215698242,209.16626387579026,-227.1451893256217,-48.736035362911814,0.49311459117984807,0.31646473316336726,0.07207100605274105,3.4995576371832985e-05,18.32018447020791,23.458803295754013,nan,0.04556457792094283,nan
323.03000000000003,209.6666259765625,-227.10369873046875,-48.7379150390625,209.17484984038362,-227.14132091443142,-48.7375195566494,0.4932132938673622,0.31651067188366055,0.07209256013875726,3.570093154106358e-05,18.286454283043646,22.60516424543707,nan,nan,nan
323.04,209.67529296875,-227.0995635986328,-48.73931121826172,209.18341279366706,-227.13737395151702,-48.73825131989008,0.4933323958645028,0.3165566944693916,0.07211417566636628,3.5004083047813024e-05,18.27917968159911,23.146258163034002,nan,0.37054052236731255,nan
323.05,209.6839599609375,-227.09536743164062,-48.74067687988281,209.20450536490324,-227.14376707865023,-48.739537500134915,0.4818926578349565,0.3164955444721423,0.07210517531480891,3.56877781042581e-05,18.85463298299604,23.23003566416646,4.85379239701478,nan,nan
323.06,209.692626953125,-227.09112548828125,-48.74201965332031,209.21312255206294,-227.13979848950012,-48.741552150599276,0.4819686195638987,0.3165413766443025,0.07212678146969162,3.49914540600189e-05,18.791955337091068,22.912112712814807,nan,0.27315773933508597,nan
323.07,209.70127868652344,-227.0869140625,-48.74333190917969,209.22172005631396,-227.13579940617078,-48.74292530417102,0.48204400417579873,0.3165872951447514,0.0721484527659026,3.5696680144958886e-05,18.751643173667553,23.445342536819886,nan,nan,nan
323.08,209.70994567871094,-227.08274841308594,-48.7446174621582,209.23028471547772,-227.13180072221434,-48.74319530187273,0.48216469304639176,0.3166332975423488,0.07217018591071235,3.500003331664859e-05,18.766036594643193,23.08222868085229,nan,0.8201386763993304,nan
323.09000000000003,209.71861267089844,-227.0786590576172,-48.745880126953125,209.23888091931153,-227.1278989654042,-48.74450733603432,0.4822540892044628,0.3166793865096647,0.07219198439443927,3.5705629926469884e-05,18.720143570836047,23.211222269254982,nan,nan,nan
323.1,209.72726440429688,-227.07464599609375,-48.74711608886719,209.23965147342432,-227.1184297055409,-48.744308936443424,0.4895827444587985,0.31661819079753817,0.07218292186077532,3.498747759334851e-05,18.65299070536885,23.557619979365736,1.244146827852974,1.419896579934771,nan
323.11,209.73593139648438,-227.07069396972656,-48.748329162597656,209.24823628554606,-227.11465985494516,-48.74555714408043,0.48968071677660896,0.3166640890363069,0.07220471021729827,3.5692568653522175e-05,18.603110022376118,22.864493653986372,nan,nan,nan
323.12,209.7445831298828,-227.06683349609375,-48.749515533447266,209.25685370246978,-227.1110039309653,-48.74793420274785,0.4897280084783428,0.3167100711995625,0.07222656081190729,3.4996107166867165e-05,18.416461642554992,23.405624639218864,nan,0.937362918777627,nan
323.13,209.7532501220703,-227.0630340576172,-48.75067901611328,209.26543757768303,-227.1073869610589,-48.74914805248364,0.48982711476084945,0.316756139770907,0.07224847677840404,3.5701569914970864e-05,18.370895197115196,22.74896654809191,nan,nan,nan
323.14,209.76190185546875,-227.059326171875,-48.7518196105957,209.27404176618734,-227.1038685900329,-48.75107384259052,0.4898898344515207,0.31680229260066883,0.07227045535391727,3.500477182728592e-05,18.278370082509372,23.343569952935674,nan,0.38061087448381675,nan
323.15000000000003,209.77056884765625,-227.05567932128906,-48.7529411315918,209.26523337079874,-227.08326388004835,-48.752146407136564,0.5060884148443944,0.3167410531244723,0.0722613304669937,3.568856287649592e-05,17.180866136670883,22.09584291288072,12.585473639976572,nan,nan
323.16,209.7792205810547,-227.05210876464844,-48.75403594970703,209.27372556399345,-227.07974049789297,-48.7506151042184,0.5062612242110718,0.3167870150029144,0.07228329832647237,3.49922729718925e-05,17.455064963070473,22.85059471733046,nan,5.09109550216302,nan
323.17,209.7878875732422,-227.04861450195312,-48.75510787963867,209.28229150605665,-227.07637134609416,-48.75172049682668,0.5063687390750596,0.3168330631309114,0.07230533160078886,3.569759576201539e-05,17.399966375937435,22.784369965135976,nan,nan,nan
323.18,209.79653930664062,-227.04518127441406,-48.756160736083984,209.2908792016892,-227.07309675395018,-48.75361328445266,0.5064364770107284,0.3168791955380829,0.07232742785011172,3.500096800851427e-05,17.222154639261362,22.539831640553214,nan,0.4610038823498516,nan
323.19,209.80519104003906,-227.0418243408203,-48.75719451904297,209.299445135161,-227.06986725678007,-48.754685912575454,0.5065289908217212,0.3169254144407587,0.07234958972782783,3.5706655879338904e-05,17.17039137433607,22.69657531249218,nan,nan,nan
323.2,209.81385803222656,-227.0385284423828,-48.75820541381836,209.30202547584926,-227.06743157885265,-48.75509892691934,0.5126573976120599,0.31686412849441703,0.07234039637415544,3.49885039380052e-05,17.720823173113935,22.706758804009297,2.156680543521056,0.4053432625173909,nan
323.21,209.822509765625,-227.03530883789062,-48.759193420410156,209.31057687871564,-227.06434468972387,-48.75612733988603,0.5127648215710763,0.3169101561277834,0.07236254676376798,3.56936807375193e-05,17.666099491050694,23.310911958186363,nan,nan,nan
323.22,209.8311767578125,-227.03213500976562,-48.76016616821289,209.3191433418493,-227.06133880097642,-48.75771695326749,0.5128714060443201,0.31695626805611354,0.07238476047786782,3.499721309036721e-05,17.53519082351585,22.336247426472656,nan,0.237589402092328,nan
323.23,209.83982849121094,-227.02903747558594,-48.76111602783203,209.3276947966334,-227.0583801528734,-48.75871393890227,0.5129792236175383,0.31700246632675494,0.07240703987899458,3.570275614975742e-05,17.483995899897764,23.035327730602848,nan,nan,nan
323.24,209.84848022460938,-227.0260009765625,-48.76205062866211,209.33626005403153,-227.05549870340252,-48.760233610169195,0.5130720423017918,0.3170487492213482,0.07242938296019662,3.500594114885082e-05,17.375535745544894,22.804483887990532,nan,0.20647466555342295,nan
323.25,209.85714721679688,-227.0230255126953,-48.76296615600586,209.3269506591959,-227.0434380879451,-48.7610615950651,0.5305927725409035,0.3169874182806165,0.07242012013492985,3.568980256667621e-05,17.323323355157097,22.599146951103677,3.974113285154359,nan,nan
323.26,209.8657989501953,-227.02011108398438,-48.763858795166016,209.33549260542006,-227.04066625113828,-48.76276193035289,0.5307056974614411,0.3170335096698897,0.07244245108802723,3.49934866244779e-05,17.214995509077507,22.918480710123692,nan,0.40170115261129713,nan
323.27,209.8744659423828,-227.01724243164062,-48.764739990234375,209.34401583288533,-227.0379334202206,-48.76369866468784,0.5308545187084679,0.3170796872518237,0.07246484779563701,3.5698878953708464e-05,17.17250424401075,22.135414323883296,nan,nan,nan
323.28000000000003,209.88311767578125,-227.0144500732422,-48.76559829711914,209.3525197993602,-227.03523768797774,-48.76381545584121,0.5310079188787434,0.31712594946629263,0.07248730851103877,3.5002216844409556e-05,17.19128314430505,23.141390498362554,nan,0.4555325947766276,nan
323.29,209.89178466796875,-227.01168823242188,-48.766441345214844,209.36104349969153,-227.03261877345392,-48.7647111022314,0.5311565390663481,0.3171722981245107,0.07250983520925908,3.570796899375837e-05,17.146741079475763,22.11577239444338,nan,nan,nan
323.3,209.9004364013672,-227.00900268554688,-48.767269134521484,209.3507325600578,-227.02272888832988,-48.76261672088772,0.5498948688119975,0.317110919876422,0.07250049749903495,3.498977192153828e-05,17.917758025429624,23.629531765211865,3.5227614251661663,6.477434942208541,nan
323.31,209.9091033935547,-227.00636291503906,-48.7680778503418,209.35922368493556,-227.0202107107159,-48.76345176267189,0.5500735006190507,0.3171570767092116,0.07252301127925163,3.569500780582748e-05,17.860039468628692,23.280613247579353,nan,nan,nan
323.32,209.91775512695312,-227.0037841796875,-48.76887130737305,209.3677204459159,-227.01775145259387,-48.76450817501464,0.5502292903691584,0.31720331817792424,0.07254558937983532,3.499849271906627e-05,17.76397387923865,23.63729067993752,nan,0.03952361779196999,nan
323.33,209.92642211914062,-227.00123596191406,-48.769649505615234,209.3762120449738,-227.01533863153512,-48.7653154045997,0.5504078446358694,0.3172496459465,0.07256823354453074,3.570408979668656e-05,17.709241341320116,22.798012095351236,nan,nan,nan
323.34000000000003,209.93507385253906,-226.99876403808594,-48.77041244506836,209.38471015800528,-227.01298316258834,-48.76637820148916,0.5505621262707322,0.3172960586746917,0.07259094237131744,3.500722210743811e-05,17.60721217369168,23.68531719299405,nan,0.051553490863547484,nan
323.35,209.94374084472656,-226.99632263183594,-48.77116012573242,209.38309072191498,-227.00190967666757,-48.76711534453137,0.5606925499180055,0.3172346341748635,0.07258152810103177,3.569112962742959e-05,17.151354225827188,22.78203313773708,2.7293662754841606,nan,nan
323.36,209.952392578125,-226.9939422607422,-48.77189254760742,209.39155396165492,-226.9996068868774,-48.76706752466192,0.5608879768365056,0.3172808548284891,0.07260422332175473,3.499475692156369e-05,17.318051338978062,23.567573614457068,nan,0.46760247159462115,nan
323.37,209.9610595703125,-226.99159240722656,-48.77260971069336,209.40003553457075,-226.99737006205893,-48.767811405240664,0.5610743031992665,0.31732716164175045,0.07262698469532594,3.570019348676547e-05,17.26047925494071,22.878050375486175,nan,nan,nan
323.38,209.9697265625,-226.9893035888672,-48.7733154296875,209.40855797854917,-226.99522020336616,-48.77041617775505,0.5612072626064976,0.31737355341067197,0.0726498110239457,3.5003471053000774e-05,16.81684069631425,22.822155589061662,nan,2.4806147354692927,nan
323.39,209.97837829589844,-226.987060546875,-48.77400588989258,209.41704033417463,-226.9930763850948,-48.77115186495599,0.5613774514888045,0.31742003159565274,0.07267270374686964,3.570926274398077e-05,16.765183534126326,23.027469911396878,nan,nan,nan
323.40000000000003,209.98704528808594,-226.98486328125,-48.774681091308594,209.4440595376339,-226.99889102687175,-48.77173130404094,0.5431749295449028,0.31735855887377146,0.07266320806373358,3.4991000422958697e-05,16.642046880419393,22.782845541816236,3.193759646036948,0.013953390142566408,nan
323.41,209.99571228027344,-226.98269653320312,-48.77534103393555,209.45257406597216,-226.99684859094862,-48.772439816393415,0.5433303025196012,0.31740484466242824,0.07268608637226824,3.5696271315740326e-05,16.591968475539353,22.41033930524213,nan,nan,nan
323.42,210.00436401367188,-226.9805908203125,-48.7759895324707,209.4610971409606,-226.99485761004954,-48.77353276496309,0.5434597243416364,0.31745121539764626,0.07270902991522404,3.499969122809974e-05,16.488559622660294,23.046516273508235,nan,0.1112031582664525,nan
323.43,210.01303100585938,-226.978515625,-48.77662658691406,209.46961248650643,-226.9929012679306,-48.774220647366754,0.5436142220760726,0.317497672414451,0.07273203995284067,3.5705318912650924e-05,16.440474450670177,22.39897395867965,nan,nan,nan
323.44,210.02169799804688,-226.9764862060547,-48.777252197265625,209.47810088457425,-226.99096070864985,-48.77353580165152,0.5438024867518646,0.3175442146962189,0.07275511555448333,3.5008384732627674e-05,16.63471075995956,22.711866325829767,nan,1.3068676413361953,nan
323.45,210.03036499023438,-226.9744873046875,-48.777862548828125,209.45504117470085,-226.97654423678782,-48.77417825473305,0.5753392892134995,0.3174826944450147,0.07274553625975277,3.5692317043758275e-05,16.972882827215905,22.875860561986652,9.427419962749,nan,nan
323.46,210.0390167236328,-226.97254943847656,-48.77846145629883,209.46350209783643,-226.9746939911119,-48.77481749136936,0.5755301574131182,0.31752904460536613,0.07276859719234031,3.641172175043729e-05,16.91755830799457,23.68813730256531,nan,nan,nan
323.47,210.0476837158203,-226.9706268310547,-48.779048919677734,209.4719636580257,-226.9728829298439,-48.77544570649269,0.5757357536874461,0.3175754803793536,0.0727917242484363,3.714557530404519e-05,16.8663658144998,22.743617475791368,nan,nan,nan
323.48,210.0563507080078,-226.96864318847656,-48.779727935791016,209.48043300390262,-226.97105950894357,-48.776495143829294,0.5759318461851758,0.31762200136065144,0.07281491709413011,3.636297830764646e-05,16.773093054710717,23.252614189039434,nan,0.09427988114805985,nan
323.49,210.0650177001953,-226.96658325195312,-48.78049850463867,209.4888956595842,-226.96915271452036,-48.77726122851234,0.5761368654864305,0.31766860879568576,0.07283817683002274,3.709547410175705e-05,16.73699208132441,23.27218742537387,nan,nan,nan
323.5,210.0736846923828,-226.9644317626953,-48.78135681152344,209.51409865213952,-226.983863995957,-48.77757755837803,0.559936095352887,0.3176070392976506,0.0728285094760958,3.629285597005004e-05,17.837492405676038,23.363859114959812,10.236119049545001,0.2538084976477101,nan
323.51,210.0823516845703,-226.96221923828125,-48.78230667114258,209.52257866346048,-226.981850596998,-48.77852156595319,0.5601299424497768,0.3176534537513012,0.07285175323722652,3.702314499698967e-05,17.801194362180944,23.699077434242497,nan,nan,nan
323.52,210.0910186767578,-226.95993041992188,-48.78334426879883,209.5310317782553,-226.9797382346815,-48.77804444640637,0.5603621722934137,0.317699953397964,0.07287506304474735,3.624689922889473e-05,18.159614540461046,24.075870512863446,nan,1.5009055744480608,nan
323.53000000000003,210.0996856689453,-226.9575653076172,-48.78446960449219,209.53951236227638,-226.97757701590433,-48.779152061637944,0.560555865400567,0.31774653936603464,0.07289843985139241,3.6975979908991546e-05,18.120190288025082,23.994107727862,nan,nan,nan
323.54,210.1083526611328,-226.95513916015625,-48.785682678222656,209.54802260544668,-226.97536941740603,-48.7820215103688,0.5607070882053086,0.31779321084345735,0.0729218830265939,3.6202329801109704e-05,17.6951263378867,23.897225797340145,nan,1.8473403779195896,nan
323.55,210.1170196533203,-226.95262145996094,-48.78697967529297,209.55912371086492,-226.9663546659681,-48.783245862554416,0.5580774363052033,0.31773159256137906,0.07291212508514222,3.6906834975922295e-05,16.794688354617705,22.92993217535598,5.472368591218978,nan,nan
323.56,210.1256866455078,-226.95005798339844,-48.788360595703125,209.5676110177043,-226.96394545538448,-48.78415232897816,0.5582642543950549,0.3177780707863344,0.07293555151401666,3.613670279420675e-05,16.874828773363866,23.874552115366598,nan,0.1500768794274927,nan
323.57,210.1343536376953,-226.94740295410156,-48.789825439453125,209.57610638731637,-226.96147333461107,-48.78561510635103,0.558440413175981,0.3178246352046849,0.07295904505649986,3.6862654328342594e-05,16.83591067400311,23.15828430578191,nan,nan,nan
323.58,210.1430206298828,-226.94468688964844,-48.7913703918457,209.58461966607308,-226.95894755961513,-48.788238207135635,0.5585918131091734,0.3178712851098766,0.07298260520768753,3.6095005233168234e-05,16.596179949423618,23.32002173742304,nan,0.76862694573972,nan
323.59000000000003,210.1516876220703,-226.94190979003906,-48.792999267578125,209.59311519590918,-226.956337977527,-48.789878250216084,0.5587674548603359,0.31791802147248704,0.07300623273248649,3.681994899786992e-05,16.55750354684763,23.447979616003476,nan,nan,nan
323.6,210.1603546142578,-226.93905639648438,-48.794708251953125,209.59859690712935,-226.96356849294548,-48.79272816241409,0.5622957274830841,0.3178563529076111,0.0729963800714676,3.603244451655483e-05,17.71420301980813,23.662303019120674,10.32457158714497,0.8302887511846563,nan
323.61,210.1690216064453,-226.93614196777344,-48.79649353027344,209.60707340345115,-226.9608615038984,-48.79454256269463,0.5624950173904582,0.31790289569016866,0.07301998999984996,3.6755537483907455e-05,17.679589272822714,23.993254444550153,nan,nan,nan
323.62,210.1776885986328,-226.93316650390625,-48.79835891723633,209.61552086293815,-226.95806427926627,-48.79458533804094,0.5627314654201241,0.3179495239316891,0.07304366676578618,3.599362973127547e-05,17.94173241843005,24.36055962493941,nan,2.2865867274339475,nan
323.63,210.1863555908203,-226.93011474609375,-48.8003044128418,209.6239971625044,-226.9552260974102,-48.79654050707603,0.562931389113718,0.3179962385088548,0.07306741102830062,3.671584607005704e-05,17.90330412732921,23.93023746890324,nan,nan,nan
323.64,210.1950225830078,-226.927001953125,-48.80229568481445,209.64678715746882,-226.93424007032547,-48.79841637865668,0.5482969279257287,0.3175685562227993,0.07233437949102095,3.595532490608393e-05,20.86899811232135,27.108013219577,nan,0.017689732154491888,0.4319721926439495
323.65000000000003,210.2036895751953,-226.923828125,-48.804290771484375,209.64616609612708,-226.9203466381718,-48.80051810834446,0.55754711321112,0.31750634727608934,0.07232532436483713,3.6653685730806735e-05,19.89434914065421,26.875967576396953,7.743213983054232,nan,nan
323.66,210.2123565673828,-226.92059326171875,-48.80626678466797,209.6546612553852,-226.91719588552888,-48.80113320687418,0.5577292863119587,0.31755171572162133,0.07234591003985175,3.58973035238595e-05,20.20001095967742,27.321281258917296,nan,1.359616478952399,nan
323.67,210.2210235595703,-226.91729736328125,-48.8082160949707,209.6631515718238,-226.9140322230853,-48.80313592476037,0.5579046728448528,0.317597168464492,0.07236655812570193,3.661702010346606e-05,20.130320790473267,27.240491681441593,nan,nan,nan
323.68,210.2296905517578,-226.9139404296875,-48.81013107299805,209.67163670930697,-226.91085510091935,-48.806533599775975,0.558073966550443,0.3176427056160407,0.07238726529064794,3.586280534864448e-05,19.745937803842136,26.96646221273544,nan,1.3637393378504017,nan
323.69,210.2383575439453,-226.91050720214844,-48.81201171875,209.68012633035306,-226.90756915341422,-48.80848751794608,0.5582500693688699,0.31768832735558283,0.07240803506240748,3.65818192335366e-05,19.68638961215202,26.392893648526538,nan,nan,nan
323.7,210.2470245361328,-226.9070281982422,-48.8138542175293,209.6887844280746,-226.90613572100807,-48.8115663974866,0.5582455095036664,0.31762609394653635,0.07239894012277512,3.58077736891753e-05,19.74404599972955,26.769522327043738,0.9524745494711597,1.079765739991203,nan
323.71,210.2556915283203,-226.9034881591797,-48.8156623840332,209.69727012772202,-226.902737617025,-48.81346067173513,0.558426245350921,0.31767152573213175,0.07241970217980222,3.652524357928535e-05,19.6912648598119,26.590498696922648,nan,nan,nan
323.72,210.26434326171875,-226.89990234375,-48.81743621826172,209.70575721573968,-226.8992650788472,-48.81483102666616,0.5585924846364628,0.3177170418636204,0.07244052373611931,3.577609381038924e-05,19.7060262992667,27.143266112331826,nan,0.1614038624151668,nan
323.73,210.27301025390625,-226.896240234375,-48.81917190551758,209.71424205222064,-226.89575008661245,-48.81665099340937,0.5587741032453599,0.3177626425265401,0.07246140795431151,3.649297312212173e-05,19.65191155337202,26.49852746789822,nan,nan,nan
323.74,210.28167724609375,-226.8925323486328,-48.82087707519531,209.72271944076604,-226.89223401531814,-48.82025047980363,0.5589582361512525,0.3178083278227886,0.07248235204349644,3.574579007671261e-05,19.448581357765775,26.48284954197075,nan,2.224154647350961,nan
323.75,210.29034423828125,-226.88876342773438,-48.82254409790039,209.73008752888833,-226.8911232748858,-48.821995808517805,0.5602619475920209,0.3177460695331666,0.07247321737664306,3.643943046261097e-05,19.879671213294287,26.704008241581676,1.3515183328527625,nan,nan
323.76,210.2989959716797,-226.8849334716797,-48.824180603027344,209.73856594785894,-226.88743405224406,-48.8232347659264,0.560436400593947,0.3177915646669009,0.07249415331095364,3.56950664486095e-05,19.85754733727059,26.568361917579416,nan,0.16876793296450548,nan
323.77,210.3076629638672,-226.8810577392578,-48.825782775878906,209.7470418724052,-226.8837043738799,-48.82493563533675,0.5606279787113387,0.31783714427451404,0.07251515197340301,3.641001921768927e-05,19.81294707224406,26.753820615645576,nan,nan,nan
323.78000000000003,210.3163299560547,-226.8771209716797,-48.827354431152344,209.75551958792428,-226.87990336581473,-48.82604151041648,0.5608188071744217,0.3178828084521612,0.0725362109017884,3.566749197944305e-05,19.80324344165482,26.487332579101825,nan,0.2158766519940701,nan
323.79,210.32498168945312,-226.87313842773438,-48.82889175415039,209.763994540237,-226.8760647137028,-48.82767483472645,0.560996101259251,0.31792855739413695,0.07255733277162252,3.638199909075517e-05,19.75504154267864,27.03358058951368,nan,nan,nan
323.8,210.33364868164062,-226.8690948486328,-48.83040237426758,209.7681231363316,-226.87575274094704,-48.82746709995879,0.5655723523673999,0.31786627370077253,0.07254815244734329,3.561956986561713e-05,20.780606592309777,27.042760823179243,4.782155590361867,2.4305328134958097,nan
323.81,210.34230041503906,-226.86500549316406,-48.831878662109375,209.77658077990375,-226.871826363547,-48.82902339018367,0.5657679581137288,0.31791183226947745,0.07256926553225834,3.6332788911610596e-05,20.72416637815901,27.57642580700026,nan,nan,nan
323.82,210.35096740722656,-226.86085510253906,-48.83332824707031,209.78504276817927,-226.86781589229187,-48.82940143462624,0.5659810681734556,0.31795747534438323,0.07259043926066197,3.55946398487741e-05,20.896418017071547,27.226169302707703,nan,0.901449050928543,nan
323.83,210.359619140625,-226.85665893554688,-48.834747314453125,209.7934992573017,-226.86378546279772,-48.83088937330229,0.5661778814070385,0.3180032031248845,0.07261167601368602,3.630750693065409e-05,20.83463162739679,27.589366895016894,nan,nan,nan
323.84000000000003,210.3682861328125,-226.8524169921875,-48.83613967895508,209.8019533989382,-226.85971518207023,-48.8327690320869,0.5663897865369909,0.31804901569934146,0.07263297376570652,3.5570993614906505e-05,20.705912703387384,27.42255170337935,nan,0.12015228120803194,nan
323.85,210.37693786621094,-226.84811401367188,-48.83750534057617,209.84669623643435,-226.86992700521807,-48.83424684203959,0.5307001133983621,0.31798670615569247,0.0726237469942471,3.626108945846035e-05,20.194192012128998,26.774921542157156,12.99686583647936,nan,nan
323.86,210.38558959960938,-226.84376525878906,-48.83884048461914,209.85521345614276,-226.86577613582523,-48.83616265836289,0.5308394324274295,0.3180323281388993,0.07264503546488998,3.55270446679382e-05,20.06421490214903,26.95483280224333,nan,0.17409823423472562,nan
323.87,210.39425659179688,-226.83937072753906,-48.840152740478516,209.86373241134206,-226.86156293380503,-48.83755331173413,0.5309944981786588,0.3180780347678627,0.07266638705273012,3.6238442579325396e-05,20.01044989781391,26.632466123634046,nan,nan,nan
323.88,210.4029083251953,-226.83493041992188,-48.841434478759766,209.8722462238458,-226.85732628225426,-48.8399190534334,0.5311366462335466,0.31812382612660517,0.07268779999452207,3.550590699290967e-05,19.848844644610654,26.992324587356087,nan,0.6865169600853317,nan
323.89,210.41156005859375,-226.83050537109375,-48.84269332885742,209.88076412376634,-226.85304844138335,-48.84126923923936,0.5312763334448711,0.31816970242119197,0.07270927628213815,3.6217071368018146e-05,19.796025418124763,26.787387354811198,nan,nan,nan
323.90000000000003,210.4202117919922,-226.8261260986328,-48.843929290771484,209.88607844886002,-226.84636688935763,-48.84007587021385,0.534530604086152,0.3181073664501982,0.07269999781214319,3.546449959113232e-05,20.039634355330065,26.816243181441884,0.23813347219890468,4.469284498503956,nan
323.91,210.42886352539062,-226.82180786132812,-48.84513854980469,209.89459113992794,-226.84217771845792,-48.8413535378923,0.5346739560355015,0.31815305193277466,0.07272146416736983,3.617458512334921e-05,19.97118767284099,26.66155334386382,nan,nan,nan
323.92,210.43751525878906,-226.8175811767578,-48.84632110595703,209.9030956930069,-226.83809821717205,-48.844174316678185,0.5348175669724895,0.3181988220804828,0.07274299221594918,3.544576187002342e-05,19.656867183725502,26.95465147516027,nan,1.6884819340436985,nan
323.93,210.4461669921875,-226.8134307861328,-48.84748458862305,209.9116070169472,-226.83406005904692,-48.84542133417882,0.5349618594337269,0.31824467710290416,0.0727645837171977,3.6155690421025996e-05,19.596696672248846,26.575840550040155,nan,nan,nan
323.94,210.45481872558594,-226.80935668945312,-48.8486213684082,209.92010710852838,-226.83015318938826,-48.84888950509238,0.5351159497932544,0.31829061707862094,0.07278623725317052,3.542818402301093e-05,19.433692237821127,26.484253818514354,nan,3.46726372839078,nan
323.95,210.46347045898438,-226.8053741455078,-48.849735260009766,209.9056047212115,-226.81860901144285,-48.85005030119016,0.5580227973014633,0.3182282542051416,0.07277690559120426,3.611570035601322e-05,19.923440930232378,27.13133410087627,6.113950248810551,nan,nan
323.96,210.4721221923828,-226.80145263671875,-48.850830078125,209.91407391109612,-226.81479652936383,-48.850883896640326,0.5582077987760311,0.31827400314178544,0.07279854864555145,3.539033147627297e-05,19.875495180043185,26.38915733725946,nan,0.09374840689276712,nan
323.97,210.48077392578125,-226.79762268066406,-48.85190200805664,209.92254110337336,-226.81107036058177,-48.85206129063292,0.5583947971458765,0.3183198368908708,0.07282025526701925,3.609916100896242e-05,19.829038688807575,26.831333489653733,nan,nan,nan
323.98,210.4894256591797,-226.7938690185547,-48.85295104980469,209.93100995028317,-226.8074130052525,-48.85283564873328,0.5585799466821908,0.3183657555283117,0.07284202424267983,3.537499071812537e-05,19.78179018685318,26.87063540248097,nan,0.10100323717074576,nan
323.99,210.49807739257812,-226.79017639160156,-48.853981018066406,209.93947672054918,-226.80383921454032,-48.853968304091126,0.5587677367954323,0.31841175926786475,0.0728638570273494,3.608375745725329e-05,19.73653794010472,26.326159085192664,nan,nan,nan
324.0,210.50672912597656,-226.7865753173828,-48.85498809814453,209.99705955830825,-226.81630383106278,-48.853779607247965,0.5105372789357017,0.31834936886791143,0.07285446745593571,3.5339380426129944e-05,18.679100470739122,26.28876232701441,29.166589688293794,0.8268210975331914,nan
324.01,210.515380859375,-226.7830352783203,-48.85597610473633,210.00561776007547,-226.8128879794855,-48.854858294609095,0.5106376902205761,0.31839518133784317,0.07287628908573322,3.604723517283177e-05,18.625431479768498,25.866728866184406,nan,nan,nan
324.02,210.52403259277344,-226.77957153320312,-48.8569450378418,210.01417544223443,-226.80954465957825,-48.855988160893,0.5107383066443602,0.3184410786307257,0.07289817337544006,3.532615605309699e-05,18.5690800065688,25.974910946073404,nan,0.003405517434113715,nan
324.03000000000003,210.53268432617188,-226.7761688232422,-48.85789489746094,210.02273322390818,-226.80626974697626,-48.85703013162937,0.5108394465285048,0.31848706096214485,0.07292012160027278,3.603400916962444e-05,18.517556681651506,25.684844952659336,nan,nan,nan
324.04,210.5413360595703,-226.77284240722656,-48.85882568359375,210.03129054337774,-226.8030647920431,-48.85814197410157,0.5109405920367069,0.31853312840509707,0.07294213281429597,3.531395093361601e-05,18.462693858109663,25.940865760696873,nan,0.005357652932814253,nan
324.05,210.5499725341797,-226.7695770263672,-48.859737396240234,210.02057354789764,-226.78458763454594,-48.85914779111382,0.5296120775327541,0.3184707099739414,0.07293268328656377,3.599966004756328e-05,17.68325522718625,25.75606752842382,8.265691777773766,nan,nan
324.06,210.55862426757812,-226.76637268066406,-48.86063003540039,210.02911581482246,-226.78145037998553,-48.85879977919281,0.5297262391030967,0.31851658591139653,0.07295468274719512,3.528143689865272e-05,17.721906043703203,25.48954344557176,nan,1.242960214981514,nan
324.07,210.56727600097656,-226.76324462890625,-48.861507415771484,210.0376514596446,-226.77840203809822,-48.85975902426,0.5298442777905499,0.31856254682269103,0.07297674627494015,3.5988483002423486e-05,17.663794900499926,25.746245257577243,nan,nan,nan
324.08,210.575927734375,-226.76016235351562,-48.86236572265625,210.04618677354685,-226.77541820309418,-48.86078512706547,0.529962946636759,0.3186085927797973,0.07299887308023963,3.5271173834764625e-05,17.60386056885286,25.248624821798458,nan,0.0048409044068741715,nan
324.09000000000003,210.58457946777344,-226.7571563720703,-48.86320495605469,210.05472258339404,-226.77249466973282,-48.86171242410999,0.5300809456592769,0.3186547240000083,0.07302106420579035,3.597829103124723e-05,17.547349965322873,25.8244360504165,nan,nan,nan
324.1,210.59323120117188,-226.75421142578125,-48.86402893066406,210.06814452323547,-226.77367805893064,-48.86340831538109,0.5254477655445757,0.3185922768740035,0.07301155041479682,3.524058853925213e-05,17.693068853656364,25.76646872411116,0.5838169189660835,0.4146047371749855,nan
324.11,210.6018829345703,-226.75131225585938,-48.864837646484375,210.07668608558302,-226.77088507689498,-48.864312032148675,0.5255617012110971,0.31863821634868045,0.07303372909032228,3.5946923331227913e-05,17.64443168229209,25.248710940241434,nan,nan,nan
324.12,210.61053466796875,-226.74847412109375,-48.865631103515625,210.0852243054141,-226.76816195334948,-48.865914287812735,0.525679244349225,0.3186842408029504,0.07305597131972892,3.523214369525239e-05,17.593334022314398,25.2900919526127,nan,0.35495153124686585,nan
324.13,210.6191864013672,-226.74569702148438,-48.86640548706055,210.09376646929422,-226.7654843229792,-48.86679487783204,0.52579253888314,0.3187303504543754,0.07307827801055844,3.5938597333348e-05,17.549160762309498,25.57989581920445,nan,nan,nan
324.14,210.62783813476562,-226.74298095703125,-48.86716842651367,210.10230680351418,-226.76286906277477,-48.86807188174022,0.5259082934393846,0.31877654537435435,0.07310064857442304,3.5224572203001e-05,17.521433673421843,25.56009151019436,nan,0.11773951161411685,nan
324.15000000000003,210.63648986816406,-226.7403106689453,-48.86791229248047,210.10722410288074,-226.75229567015563,-48.868937869399936,0.529402438946946,0.3187140690182187,0.07309106804850987,3.590907589544231e-05,16.746038334480676,25.236461156834352,4.435531597673471,nan,nan
324.16,210.6451416015625,-226.73768615722656,-48.86864471435547,210.11576926197972,-226.74975954944654,-48.86998087784991,0.5295116864129871,0.3187600719482129,0.07311342551792722,3.51966171922544e-05,16.722328937193236,24.76058694547073,nan,0.02816384369072346,nan
324.17,210.65379333496094,-226.73512268066406,-48.86935806274414,210.124315751238,-226.74727326246352,-48.870811025748,0.5296189756840765,0.3188061600083413,0.07313584759418514,3.5902487868447026e-05,16.68433134483233,25.267083923134848,nan,nan,nan
324.18,210.66244506835938,-226.7326202392578,-48.870059967041016,210.132863057168,-226.7448373428347,-48.871539148723286,0.5297249778665805,0.31885233327042084,0.073158333804877,3.5190689823420615e-05,16.640571836648377,25.4467737505999,nan,0.005481567068169233,nan
324.19,210.6710968017578,-226.7301483154297,-48.870750427246094,210.1414102100289,-226.74245335636874,-48.87234186855234,0.5298318904853931,0.3188985919515472,0.07318088488488851,3.589673360671914e-05,16.604351552233293,24.59652320119603,nan,nan,nan
324.2,210.6797637939453,-226.7277374267578,-48.871421813964844,210.14555887940455,-226.73281500645348,-48.87154769788913,0.5342290598440289,0.3188360856689492,0.07317123362508592,3.516435456541124e-05,15.91306780757229,24.786819144863884,3.144808350317083,1.653471684752055,nan
324.21,210.68841552734375,-226.72537231445312,-48.87208557128906,210.15410675681036,-226.73050647885833,-48.87230878529709,0.5343334836387584,0.31888215211091836,0.07319377088964975,3.586971366996726e-05,15.86797825538246,24.601139055362303,nan,nan,nan
324.22,210.6970672607422,-226.72305297851562,-48.87273025512695,210.1626652399887,-226.72821881727472,-48.87100701066611,0.5344297664304962,0.3189283036876856,0.07321637253959686,3.515995096366965e-05,15.905335861751915,24.89579103757515,nan,2.941238035681872,nan
324.23,210.70571899414062,-226.72079467773438,-48.87336730957031,210.17121378394842,-226.7260046497658,-48.87172311800393,0.5345331298405099,0.3189745406153129,0.0732390392111655,3.5865519567323216e-05,15.848907427729552,25.14804737507724,nan,nan,nan
324.24,210.71438598632812,-226.71856689453125,-48.87398910522461,210.17976157718653,-226.72383876852277,-48.87263493068826,0.5346521161410118,0.31902086296701004,0.07326177057897375,3.5156278010576176e-05,15.781102410983758,24.45608927441881,nan,0.03012225144039466,nan
324.25,210.72303771972656,-226.7163848876953,-48.87459945678711,210.22255611117882,-226.73440093649756,-48.87326032170748,0.5008075596391734,0.31895832619160636,0.0732520457969899,3.5840031598148423e-05,15.28218583363843,24.478802626297245,11.812804283706138,nan,nan
324.26,210.731689453125,-226.71412658691406,-48.875301361083984,210.23116605239787,-226.73227920420211,-48.87420992193631,0.5008536547029215,0.31900445605134736,0.07327476266224638,3.5132123784836604e-05,15.227359045754373,24.437427631811353,nan,0.03242058138101217,nan
324.27,210.7403564453125,-226.7117919921875,-48.87609100341797,210.2397774463203,-226.73008117251004,-48.87503912098857,0.5009140992281604,0.3190506711927568,0.07329754470419136,3.583727599806517e-05,15.18682179938644,24.230061563454928,nan,nan,nan
324.28000000000003,210.74900817871094,-226.7093963623047,-48.876976013183594,210.24838717872836,-226.7278148586777,-48.876362515120725,0.500960081256049,0.31909697169061124,0.0733203916806176,3.512980915921726e-05,15.126999118433758,24.62976898362557,nan,0.11372538190554526,nan
324.29,210.75765991210938,-226.70692443847656,-48.87794494628906,210.2569992647087,-226.72547206663134,-48.87737740602559,0.5010044116250728,0.3191433577587671,0.07334330410379425,3.583520968497779e-05,15.086162895143273,24.717503713060424,nan,nan,nan
324.3,210.76632690429688,-226.70437622070312,-48.879005432128906,210.2553439194073,-226.722186672462,-48.878746537631216,0.5112933503037962,0.3190807897678684,0.07333350202546882,3.510698356098795e-05,15.554224671539316,24.236469748145613,3.0789506805565052,0.012907279872074746,nan
324.31,210.7749786376953,-226.70176696777344,-48.88015365600586,210.2639339852549,-226.71970888763448,-48.879942969013356,0.5113595541937612,0.31912698308614396,0.07335639919995736,3.581177061266476e-05,15.51469337172012,24.78208573663316,nan,nan,nan
324.32,210.7836456298828,-226.69908142089844,-48.881385803222656,210.27252084282563,-226.71716867123865,-48.88191913395124,0.5114449931427503,0.3191732616926294,0.07337936153815339,3.5105914989252595e-05,15.48438680448822,24.378921752084484,nan,0.3363594134175711,nan
324.33,210.79229736328125,-226.69631958007812,-48.8827018737793,210.28111125627223,-226.71455284481993,-48.883296490492775,0.5115115262740639,0.31921962579915997,0.07340238948297535,3.58109773784759e-05,15.44907340695586,24.429213143215495,nan,nan,nan
324.34000000000003,210.80096435546875,-226.69351196289062,-48.88410186767578,210.2896933761934,-226.7118866650784,-48.886540094906294,0.5116068694629499,0.31926607548340413,0.07342548289572391,3.510544351911508e-05,15.569865916470581,25.102512689047675,nan,2.225051599428837,nan
324.35,210.8096160888672,-226.69061279296875,-48.88558578491211,210.3359128998699,-226.72511882464974,-48.88804535601282,0.474964658662697,0.3192034756797753,0.07341560050535935,3.578877989565246e-05,15.281429468558454,24.424054837875097,13.240872509195789,nan,nan
324.36,210.8182830810547,-226.6876678466797,-48.88715362548828,210.34457432368487,-226.72231359872532,-48.888435267009996,0.47497574416874927,0.3192497323532207,0.07343867794265944,3.5084383026057606e-05,15.120855724388576,24.58167487830053,nan,1.1112306863938362,nan
324.37,210.82693481445312,-226.6846466064453,-48.88880157470703,210.35322972550418,-226.71945411287518,-48.89015279853049,0.4749841045822651,0.319296074455521,0.07346182114791062,3.5789148276051396e-05,15.087078497782105,24.559061922223343,nan,nan,nan
324.38,210.83560180664062,-226.6815643310547,-48.89052963256836,210.3618830206494,-226.71653320163355,-48.89235368508908,0.47501119700293254,0.31934250206673587,0.07348503003959032,3.508500648198474e-05,15.093404029142908,24.402653596818276,nan,0.11337076851562176,nan
324.39,210.84425354003906,-226.6784210205078,-48.892333984375,210.37053805437588,-226.71354464346717,-48.89423760588822,0.4750196354065347,0.31938901539523834,0.07350830497528614,3.5790073308063566e-05,15.061223454368946,24.969032298484546,nan,nan,nan
324.40000000000003,210.85292053222656,-226.6752166748047,-48.89421844482422,210.40527018692868,-226.72506207943738,-48.895702454069884,0.4504193582560099,0.3193263830353455,0.07349833865799163,3.506501012608025e-05,15.22024140077616,24.757128450741828,7.006003227044336,0.14750970004297045,nan
324.41,210.861572265625,-226.67193603515625,-48.896183013916016,210.41396486124665,-226.72197628827251,-48.89773975263323,0.45039853332542423,0.31937270308677157,0.07352159684643293,3.57695131979431e-05,15.188275202147654,24.47797749711002,nan,nan,nan
324.42,210.87022399902344,-226.66860961914062,-48.898189544677734,210.42266188023942,-226.718824376573,-48.899283504772605,0.4503715896713764,0.319419108577645,0.07354492093205427,3.5066627241212596e-05,15.115989117299634,25.143413039173176,nan,0.21753169162537153,nan
324.43,210.87889099121094,-226.66522216796875,-48.90019989013672,210.4313561244387,-226.71561554251988,-48.90140299709172,0.45036473734278293,0.3194655997136527,0.07356831122599926,3.577145140401873e-05,15.084533361699844,24.710418212209618,nan,nan,nan
324.44,210.88754272460938,-226.66175842285156,-48.90219497680664,210.44005397923573,-226.71234021797991,-48.90267674840539,0.45033868070415706,0.3195121765787646,0.07359176771617496,3.5068720907993285e-05,15.013900483205816,24.235491550501003,nan,0.4946575037662899,nan
324.45,210.89620971679688,-226.6582489013672,-48.90415954589844,210.42302902011883,-226.68848392559383,-48.904712611631396,0.47414600523510503,0.3194495110353997,0.07358171430103023,3.5751873430367146e-05,14.149772345107522,24.022770284952887,13.169410230131355,nan,nan
324.46,210.9048614501953,-226.65467834472656,-48.906089782714844,210.43168674269356,-226.6850527082001,-48.90777073161432,0.4741515911235521,0.319495894354637,0.07360515328034699,3.5050117422250564e-05,14.183176082620296,24.336040784247693,nan,0.7152715313188948,nan
324.47,210.91351318359375,-226.6510467529297,-48.907981872558594,210.4403487063822,-226.6815564426034,-48.909797270324844,0.47415056609469536,0.319542363245989,0.07362865863260601,3.575472580782904e-05,14.156493132156013,24.298167999604317,nan,nan,nan
324.48,210.92218017578125,-226.64736938476562,-48.90983963012695,210.4490040095538,-226.67801134025927,-48.91318055256354,0.47417905424524986,0.3195889177963288,0.0736522303828524,3.5053071297620366e-05,14.344159318782681,24.462006634205,nan,1.3637169027944396,nan
324.49,210.9308319091797,-226.64361572265625,-48.91166305541992,210.45766534433886,-226.6744005408356,-48.91515039139806,0.4741797809120768,0.3196355582070919,0.07367586878672584,3.575801706615931e-05,14.328635280388902,23.92349898804231,nan,nan,nan
324.5,210.93948364257812,-226.6398162841797,-48.913448333740234,210.4313113362849,-226.65368624829154,-48.91600726885924,0.5083679936195731,0.31957285872053953,0.0736657247681783,3.5035299118576634e-05,14.195968583373228,24.15752933614025,11.436642073971429,0.8881570846197411,nan
324.51,210.94813537597656,-226.63597106933594,-48.91519546508789,210.43991513451635,-226.64993439330308,-48.917897224705634,0.5084192047426176,0.31961930531119753,0.07368934486342898,3.573971393840944e-05,14.17428682650099,24.62356530248488,nan,nan,nan
324.52,210.95680236816406,-226.63206481933594,-48.91691207885742,210.4485235803897,-226.6461215329277,-48.9185969016618,0.5084759147946626,0.319665837490008,0.07371303155176309,3.503902449874719e-05,14.013607406038084,23.69070136970545,nan,0.9419685104673012,nan
324.53000000000003,210.9654541015625,-226.6280975341797,-48.91859436035156,210.4571265239806,-226.6422606225637,-48.92040801045929,0.5085280803746867,0.319712455455352,0.07373678505975967,3.5743790372267464e-05,13.987178632962882,23.677074606125988,nan,nan,nan
324.54,210.97410583496094,-226.62408447265625,-48.92024230957031,210.465728196237,-226.63834705188643,-48.922366040832415,0.5085821024724544,0.3197591592985874,0.07376060545598861,3.504312098921121e-05,13.985720275027901,23.99207731926451,nan,0.02272713447934596,nan
324.55,210.98275756835938,-226.62001037597656,-48.92185592651367,210.46048998750067,-226.6259963882213,-48.924190928683245,0.5223071037174729,0.3196964252132988,0.07375036756509674,3.5726244380479154e-05,13.847307885834434,23.758606978606938,2.408221514970416,nan,nan
324.56,210.9914093017578,-226.6158905029297,-48.923439025878906,210.46906881586676,-226.62196171628625,-48.92648106758662,0.5223846253961447,0.31974293496000694,0.07377416885484553,3.502641844422095e-05,13.921088864434392,23.990329342894274,nan,0.23063142241640044,nan
324.57,211.00006103515625,-226.61170959472656,-48.92498779296875,210.47764953677873,-226.61787240755126,-48.92817415181206,0.5224575645749984,0.3197895304185524,0.07379803712964414,3.573102045628562e-05,13.90428082033883,23.734586704298355,nan,nan,nan
324.58,211.0087127685547,-226.60748291015625,-48.926509857177734,210.48623479826955,-226.61372676399608,-48.92861866603496,0.522519532858674,0.319836211683433,0.07382197248024804,3.5031172195566e-05,13.709880607689405,23.49161562481859,nan,1.0461946449801052,nan
324.59000000000003,211.01736450195312,-226.60321044921875,-48.92799758911133,210.49481451284694,-226.6095356315058,-48.93023951880041,0.5225930781158181,0.31988297894840206,0.07384597510002551,3.57361339292652e-05,13.685993905160625,23.80838810470076,nan,nan,nan
324.6,211.02601623535156,-226.59889221191406,-48.92945861816406,210.49783091464548,-226.59022610882434,-48.931475240204826,0.5282602588843952,0.31982020949234263,0.07383563990411704,3.5015101826116863e-05,12.434761126800128,23.682207430639178,14.650714173410298,0.21293004232546775,nan
324.61,211.03466796875,-226.59451293945312,-48.93088912963867,210.5064160664208,-226.58588843716333,-48.93303676567497,0.5283266666511471,0.3198667823789967,0.07385962259364992,3.571955251356868e-05,12.410462304779452,23.21833410687488,nan,nan,nan
324.62,211.04331970214844,-226.590087890625,-48.93229293823242,210.51500055466977,-226.58150176693783,-48.93457031840494,0.528393820528788,0.31991344102273345,0.07388367255712318,3.6438310008727116e-05,12.386222081336744,23.180329580645218,nan,nan,nan
324.63,211.05197143554688,-226.5856170654297,-48.93366622924805,210.52358438422928,-226.57706656665528,-48.93607655504718,0.528461726807014,0.3199601855680531,0.07390778993903704,3.717151881179218e-05,12.36260940965418,23.380718866689236,nan,nan,nan
324.64,211.06060791015625,-226.5811004638672,-48.93501281738281,210.53217390600022,-226.57257866248406,-48.93599482192955,0.528503625512743,0.32000701613535193,0.07393197486973213,3.6386275693860936e-05,12.194450494077953,23.515057814297293,nan,1.5901385378789699,nan
324.65000000000003,211.0692596435547,-226.5765380859375,-48.93633270263672,210.5563288597172,-226.5624411667583,-48.93728165900896,0.5131253381549856,0.3199442106268604,0.07392153904623083,3.70944564735943e-05,10.943357322645394,23.05416424274986,15.511584253367813,nan,nan
324.66,211.07791137695312,-226.57192993164062,-48.93762969970703,210.55119750032256,-226.55793484619795,-48.93881228035976,0.526901099589617,0.3137393690177285,0.07394535404981897,3.631262828255774e-05,16.445813257950142,28.3851199026426,nan,0.010301021048512044,0.03026356480940863
324.67,211.0865478515625,-226.5672607421875,-48.93889617919922,210.5598149687511,-226.55328907817628,-48.940197722503626,0.5269197578806575,0.31378096767313285,0.07396951612486227,3.704229536292209e-05,16.39792390727966,28.22545048002555,nan,nan,nan
324.68,211.09519958496094,-226.56256103515625,-48.94013977050781,210.56851609031423,-226.54859350056472,-48.94001270839433,0.5268686854431673,0.3138226456587704,0.07399373958334585,3.6263968328752985e-05,16.29676718539481,28.316197094097866,nan,1.5697697847017644,nan
324.69,211.10385131835938,-226.55789184570312,-48.94135665893555,210.57713210310004,-226.54389179922492,-48.94133434121637,0.5269052415025692,0.3138644122008419,0.07401802459353878,3.6992445274914726e-05,16.23528776252198,28.632509115141268,nan,nan,nan
324.7,211.11248779296875,-226.5532684326172,-48.94255065917969,210.53151034879994,-226.51742553692557,-48.9436953554134,0.5820831677122689,0.3137985095572431,0.07400751709125243,3.619446337874413e-05,16.933837306022152,28.636061257754196,32.48464423032497,0.745192098211214,nan
324.71,211.1211395263672,-226.54872131347656,-48.943721771240234,210.54002366798477,-226.51280276617885,-48.94498097887847,0.5822262176400069,0.31384010577684957,0.07403177702972329,3.69209074163893e-05,16.879132409779473,28.37651631657836,nan,nan,nan
324.72,211.12977600097656,-226.5442657470703,-48.94486618041992,210.5485004456286,-226.50825976974764,-48.94692526181664,0.582393287619488,0.31388178159244234,0.07405609858577836,3.6149143731386394e-05,16.889478967706353,29.22754709519083,nan,0.306741335273184,nan
324.73,211.13841247558594,-226.53988647460938,-48.94599151611328,210.55701277271885,-226.50379851934505,-48.94817303165168,0.5825227154533482,0.3139235455938474,0.07408048191903277,3.687454421994438e-05,16.838426153644257,28.6093548100113,nan,nan,nan
324.74,211.14706420898438,-226.53558349609375,-48.94709014892578,210.56563486387432,-226.49941774580876,-48.94727919222015,0.5825530710468774,0.3139653896333901,0.07410492716046364,3.610545774331309e-05,16.64983285193142,28.00861083289019,nan,2.9785378177232342,nan
324.75,211.15570068359375,-226.5313720703125,-48.94816970825195,210.56485413741808,-226.48071571646216,-48.94853763749522,0.5930142010821127,0.31389957472471275,0.07409432281229554,3.680666991719595e-05,15.38069004240884,28.455945814026002,14.526763501901883,nan,nan
324.76,211.16433715820312,-226.52725219726562,-48.9492301940918,210.573457738214,-226.4764626888869,-48.94811366269866,0.5930592801486227,0.31394124844098154,0.07411874239341305,3.604114585389282e-05,15.347759574658461,28.70203439175108,nan,1.6790477051565493,nan
324.77,211.17298889160156,-226.52320861816406,-48.95026397705078,210.5819798445842,-226.47229498833744,-48.94924243032273,0.5931988999620741,0.31398300998279394,0.07414322397482634,3.676374711324934e-05,15.279665417109513,28.37674605215119,nan,nan,nan
324.78000000000003,211.18162536621094,-226.5192413330078,-48.9512825012207,210.59047973879981,-226.46820920420274,-48.95078853865031,0.5933444825535071,0.3140248518106054,0.07416776769338786,3.6000748768614326e-05,15.196089158461183,28.081292572178345,nan,0.12750947397282955,nan
324.79,211.1902618408203,-226.51535034179688,-48.95227813720703,210.59900123540748,-226.46420239386467,-48.95188230011808,0.5934689316028432,0.31406678160571716,0.07419237370014573,3.6722500324845476e-05,15.132255856059505,28.050618998837344,nan,nan,nan
324.8,211.19891357421875,-226.5115509033203,-48.95325469970703,210.62002097128462,-226.4693416492439,-48.95307329994933,0.5804294098057192,0.31400104907051307,0.07418166978939132,3.7434747291481294e-05,15.434280219896822,28.266775292483146,3.004219209298517,nan,nan
324.81,211.20755004882812,-226.5078125,-48.95420837402344,210.6285549276323,-226.46551011038173,-48.954131327359576,0.5805384125724697,0.3140428082286882,0.07420624952776332,3.8184608080517436e-05,15.3731349390369,27.971544578300872,nan,nan,nan
324.82,211.2161865234375,-226.50416564941406,-48.95514678955078,210.63706614436649,-226.46175413673652,-48.95564216282485,0.5806715037416883,0.3140846476182157,0.07423089162764891,3.733351857190489e-05,15.317325750154822,28.533236067334187,nan,0.13731679595825322,nan
324.83,211.22482299804688,-226.50057983398438,-48.9560661315918,210.64560003680043,-226.45807145118286,-48.956668778561195,0.580780995407795,0.31412657492102547,0.07425559623680969,3.808079728177997e-05,15.259853616191084,27.922901801417083,nan,nan,nan
324.84000000000003,211.2334747314453,-226.4970703125,-48.956966400146484,210.6541245834227,-226.45446126254532,-48.95787399104325,0.5809156125230951,0.31416858290569666,0.07428036349708586,3.7235732182382505e-05,15.212668877544859,27.876854101053844,nan,0.02392821097829618,nan
324.85,211.2421112060547,-226.49362182617188,-48.957847595214844,210.63757496374373,-226.4276860538117,-48.95879128122119,0.6081220970228457,0.31410293171497833,0.07426955730231288,3.7956042159236606e-05,13.929925000583344,28.038988177382432,20.56131044696316,nan,nan
324.86,211.25074768066406,-226.49024963378906,-48.95871353149414,210.64608108816114,-226.42415695298345,-48.96009485908282,0.6082695443724564,0.31414476904834593,0.07429429767179081,3.711791128181036e-05,13.89736567708204,28.249627732708174,nan,0.06731521940986547,nan
324.87,211.25938415527344,-226.4869384765625,-48.95956039428711,210.65460241666162,-226.42069571585492,-48.96105724287272,0.6084006042569201,0.314186693918851,0.07431910076861693,3.7859506883162306e-05,13.845689618192175,27.961002953246638,nan,nan,nan
324.88,211.26803588867188,-226.48370361328125,-48.960391998291016,210.6631501078798,-226.4173008061319,-48.96142307109279,0.6085205039379319,0.3142286997273065,0.07434396673655218,3.7027038010106974e-05,13.755788204894326,28.0427388079577,nan,0.21206614972473706,nan
324.89,211.27667236328125,-226.48052978515625,-48.961204528808594,210.6716714379132,-226.4139713463905,-48.96234790155858,0.6086521607358111,0.31427079321042645,0.0743688957205551,3.776647030203712e-05,13.702077552630643,28.201621592972522,nan,nan,nan
324.90000000000003,211.28530883789062,-226.47740173339844,-48.962005615234375,210.69576268904464,-226.41597300202847,-48.96374315946765,0.5927403898139697,0.314205219140224,0.07435798450757092,3.691637138536591e-05,13.418582243518172,26.885129596568035,3.722876090282497,0.22901462651660348,nan
324.91,211.29396057128906,-226.474365234375,-48.96278762817383,210.7043156931862,-226.4127750535435,-48.964641268056475,0.5928556895473027,0.31424714163376816,0.0743828859615286,3.765283897533454e-05,13.36838938670565,28.189475837444228,nan,nan,nan
324.92,211.30259704589844,-226.47137451171875,-48.96355438232422,210.7129055536031,-226.4096384944533,-48.96468844009069,0.5929154054334624,0.3142891453007675,0.07440785050247832,3.68322119388336e-05,13.253497915140033,27.58078113622076,nan,0.44493082393937483,nan
324.93,211.3112335205078,-226.4684295654297,-48.96430206298828,210.72145929029062,-226.40656205234717,-48.965549171720255,0.5930116247456548,0.31433123629498183,0.07443287827491918,3.7566778017796014e-05,13.203215797311879,27.04933924600421,nan,nan,nan
324.94,211.31988525390625,-226.46556091308594,-48.96503829956055,210.72998664517843,-226.40354456552953,-48.96702237769041,0.5931528744845483,0.31437340888906756,0.07445796942330134,3.67512781861916e-05,13.211328904811037,27.455485451296227,nan,0.2510198523033644,nan
324.95,211.32852172851562,-226.46275329589844,-48.965763092041016,210.69225075287858,-226.3723470387829,-48.96784441325317,0.6426650586905664,0.31430791711384,0.07444695044691231,3.746031611458711e-05,12.680915008152871,28.46389039586492,22.51481713835655,nan,nan
324.96,211.33717346191406,-226.45999145507812,-48.966468811035156,210.70074078386736,-226.36938662920946,-48.96874440781101,0.6428537675841025,0.3143499186669892,0.07447201341065844,3.6650794932390993e-05,12.650457622428442,27.86759587717441,nan,0.0036205066103755707,nan
324.97,211.34580993652344,-226.45729064941406,-48.9671630859375,210.70923450312804,-226.36648167626632,-48.96955695915614,0.6430243250730622,0.3143920072180576,0.07449713981826242,3.738098959021748e-05,12.605166661475703,28.26836881963455,nan,nan,nan
324.98,211.35446166992188,-226.4546356201172,-48.96784210205078,210.7177502414571,-226.36363126400826,-48.969829049460316,0.6431851863409549,0.31443417757546027,0.07452232981351781,3.6576251899102004e-05,12.504446708387757,27.578530458514592,nan,0.1797599672701845,nan
324.99,211.36309814453125,-226.45204162597656,-48.968505859375,210.72624458794766,-226.36083374779196,-48.97061125134346,0.6433550825566271,0.3144764350916006,0.07454758354187092,3.7304891340217917e-05,12.458550222321534,28.30333160048949,nan,nan,nan
325.0,211.3717498779297,-226.44949340820312,-48.96915817260742,210.70557451284145,-226.35100827644422,-48.97115669965811,0.6734188387165791,0.31441101881917355,0.074536454046346,3.648229260759826e-05,13.255300877113914,28.095381439136766,15.423818188817368,0.05766951428741095,nan
325.01,211.38040161132812,-226.44700622558594,-48.96979904174805,210.71400456214664,-226.3483143396496,-48.971912799882,0.6736687490754715,0.3144531049651503,0.0745616789204096,3.7208572266478556e-05,13.210473396660342,28.501905887825732,nan,nan,nan
325.02,211.3890380859375,-226.44454956054688,-48.97042465209961,210.7224339086582,-226.34567076660485,-48.97268876215348,0.6739015293438585,0.31449527310502795,0.07458696758998716,3.641389210063155e-05,13.177233108742069,27.77752197258431,nan,0.0006571252271186645,nan
325.03000000000003,211.39768981933594,-226.44215393066406,-48.971038818359375,210.7308650864415,-226.3430764322063,-48.97342163246956,0.6741492808744037,0.3145375281005943,0.07461232020202194,3.7138831876439975e-05,13.135167339040208,28.123626654483772,nan,nan,nan
325.04,211.40634155273438,-226.439697265625,-48.971744537353516,210.73932100787815,-226.3404711620262,-48.97356346525198,0.674363059037488,0.31457986549436656,0.0746377368981459,3.6348433759388845e-05,13.02469379789095,28.636129827009313,nan,0.2610070728301437,nan
325.05,211.41497802734375,-226.43714904785156,-48.97254180908203,210.74339149674088,-226.3364180614806,-48.97429327288057,0.6791010729839109,0.3145145284756568,0.07462649412222387,3.704896742902421e-05,13.085825024404995,27.72894052799142,0.9946035510535296,nan,nan
325.06,211.4236297607422,-226.43453979492188,-48.97343063354492,210.7518656994393,-226.33367106463692,-48.97389852624063,0.6792949828543073,0.3145566944102847,0.07465188127848228,3.626366421008709e-05,12.961996860070673,27.825457849294786,nan,1.1861257174966418,nan
325.07,211.43228149414062,-226.43186950683594,-48.97440719604492,210.7602900539098,-226.33085279101076,-48.97492494257167,0.6795418608747018,0.31459894691397955,0.07467733258330166,3.698530684453923e-05,12.915351097972364,28.311230202297867,nan,nan,nan
325.08,211.44093322753906,-226.4291229248047,-48.975467681884766,210.76868508157096,-226.32796463867933,-48.97685601928319,0.6798179874717172,0.3146412819769927,0.07470284817621968,3.620396859445387e-05,12.914415342787715,28.12752798934553,nan,0.4378426873811947,nan
325.09000000000003,211.4495849609375,-226.42630004882812,-48.976619720458984,210.7771101848156,-226.32500964611916,-48.97806858254912,0.6800618864504199,0.3146837037911304,0.07472842820721975,3.69245524944208e-05,12.872144961153491,27.425491031277016,nan,nan,nan
325.1,211.45822143554688,-226.42343139648438,-48.97785568237305,210.7961362355251,-226.32652968256895,-48.98148290970622,0.6691486464349696,0.3146184403792491,0.07471706937737453,3.6125016056072776e-05,13.056561201794281,28.905938119222913,1.1621058272596385,3.0112127134874673,nan
325.11,211.4668731689453,-226.42047119140625,-48.97917938232422,210.80458064597357,-226.3234477895357,-48.98289007916811,0.6693718665778203,0.31466069041229333,0.07474261916917513,3.6843730163154446e-05,13.020840408230573,27.19735242315109,nan,nan,nan
325.12,211.47552490234375,-226.41746520996094,-48.98058319091797,210.81299878390683,-226.32029880599174,-48.98514125158242,0.6696289596398974,0.3147030231486649,0.07476823344942807,3.6070809094172735e-05,13.175919934328409,28.568571059995918,nan,0.38214413240381856,nan
325.13,211.4841766357422,-226.4143829345703,-48.98207092285156,210.8214432834746,-226.3170859667741,-48.98672557994636,0.6698536123533634,0.31474544237315877,0.07479391237061574,3.6788638538437106e-05,13.143039914160335,27.874681179001755,nan,nan,nan
325.14,211.49282836914062,-226.4112548828125,-48.983642578125,210.82990332718637,-226.3138096676677,-48.98793686714832,0.670062401663368,0.3147879446853119,0.07481965606865172,3.601922367039118e-05,13.018521487352425,28.597019183800956,nan,0.1387061641492622,nan
325.15000000000003,211.50148010253906,-226.40805053710938,-48.985294342041016,210.84141392510708,-226.30806942625654,-48.989519891574275,0.6676087449890838,0.3147227574331535,0.07480817841726786,3.671350572479445e-05,12.56733321732232,27.790568093435525,2.9328000673466064,nan,nan
325.16,211.5101318359375,-226.40478515625,-48.987022399902344,210.84992674831747,-226.30465897131182,-48.989695493653116,0.6677598041660213,0.31476508784036533,0.07483389116081023,3.594838616125241e-05,12.23352671323577,27.700206785239658,nan,1.8165819111135255,nan
325.17,211.51878356933594,-226.4014434814453,-48.988834381103516,210.85838485447138,-226.30118348778163,-48.991583704837424,0.6679716219310464,0.3148075044873244,0.07485966874475337,3.6663782503298036e-05,12.196299476614817,26.657548142416765,nan,nan,nan
325.18,211.5274200439453,-226.39805603027344,-48.99072265625,210.866814157698,-226.29764492810648,-48.994438922113034,0.6682038139781475,0.3148500043421934,0.07488551130227501,3.590188314152145e-05,12.328036951303595,27.910968945602352,nan,0.527894943370608,nan
325.19,211.53607177734375,-226.3946075439453,-48.99269104003906,210.87527177289456,-226.29404764864938,-48.9964942405047,0.6684185834907304,0.31489259063793806,0.07491141898983378,3.6616618585034686e-05,12.29265323658117,27.45321956144509,nan,nan,nan
325.2,211.5447235107422,-226.39109802246094,-48.99470138549805,210.9140839119365,-226.30731444317036,-48.99626196403696,0.6361826995022062,0.31482747484172147,0.07489981972910828,3.583612639877729e-05,12.075776145633881,26.536405363441432,9.49161249835282,3.308568750702799,nan
325.21,211.55337524414062,-226.38754272460938,-48.9967155456543,210.92258567666047,-226.30363041678893,-48.998380538484255,0.6363485884691432,0.3148698889160032,0.07492569573400215,3.654938156308304e-05,12.03689036778657,27.116575500095017,nan,nan,nan
325.22,211.56202697753906,-226.3839111328125,-48.99871063232422,210.93107406689177,-226.29988707692203,-49.000921136178015,0.6365269073258926,0.31491238630317175,0.07495163690568844,3.579442312594237e-05,12.052741335974858,26.177532232676782,nan,0.12416871838952838,nan
325.23,211.5706787109375,-226.38023376464844,-49.00067901611328,210.9395751937981,-226.29608704559178,-49.00301408642822,0.6366928397799757,0.3149549699037631,0.07497764340346748,3.650715550930495e-05,12.019791365538364,26.619801946797125,nan,nan,nan
325.24,211.57931518554688,-226.37649536132812,-49.00260925292969,210.94807320106722,-226.29222968072068,-49.00516544086686,0.6368466707103231,0.3149976371838036,0.07500371535638906,3.5755006119565127e-05,12.007193838766545,26.833580449281467,nan,0.00531640233870377,nan
325.25,211.5879669189453,-226.37269592285156,-49.00450897216797,210.95393241105998,-226.2829634033516,-49.00708577256404,0.640357964068135,0.3149325944017623,0.0749919917199726,3.644483466844247e-05,11.597719243335652,26.051852765952024,2.2109755959920596,nan,nan
325.26,211.59661865234375,-226.3688507080078,-49.006370544433594,210.96244555034104,-226.2789794320995,-49.0087763542645,0.6405139791277499,0.3149750893044112,0.07501803124643669,3.5696270754372907e-05,11.532275352779743,26.54445844685514,nan,0.061851157405390524,nan
325.27,211.6052703857422,-226.3649444580078,-49.00819396972656,210.97094965094493,-226.2749396385645,-49.01073056270313,0.6406794022135294,0.31501767020584137,0.07504413629158276,3.6407251299160164e-05,11.50223185949253,26.25204479228583,nan,nan,nan
325.28000000000003,211.61390686035156,-226.36097717285156,-49.00998306274414,210.97942708960733,-226.27084296222685,-49.01358984361675,0.6408601752932228,0.31506033487065777,0.07507030698162509,3.5661243567323275e-05,11.64572979842436,26.184509978083142,nan,0.6009521409007905,nan
325.29,211.62255859375,-226.35696411132812,-49.01173400878906,210.98793052469392,-226.26669490349616,-49.01548333100795,0.6410268117119261,0.3151030857522489,0.07509654347998897,3.637187548411272e-05,11.623068750599424,26.403369455999904,nan,nan,nan
325.3,211.63121032714844,-226.3529052734375,-49.013450622558594,211.00556575193644,-226.27309353352868,-49.01912550737412,0.6307402418088905,0.3150381120437955,0.07508469267082307,3.5606858786605364e-05,12.682949976397357,26.96677588007618,4.276843367030004,2.070993242814907,nan
325.31,211.6398468017578,-226.34878540039062,-49.01513671875,211.01407024209084,-226.26886721799468,-49.02096899313404,0.6308860704838839,0.31508069023504004,0.0751108959866534,3.631631362671676e-05,12.670654331720634,26.561063696632615,nan,nan,nan
325.32,211.64849853515625,-226.34461975097656,-49.01678466796875,211.02254071192152,-226.2645853834066,-49.02405352268785,0.6310955020517978,0.3151233522601534,0.0751371651337186,3.557594315118057e-05,13.175018423659894,27.28723965085639,nan,1.108455517170715,nan
325.33,211.65713500976562,-226.34039306640625,-49.018402099609375,211.0310444298459,-226.26025567973,-49.02584445473493,0.6312422701762966,0.3151661003056304,0.07516350027818822,3.6285156721427965e-05,13.172564028258709,26.876786904482035,nan,nan,nan
325.34000000000003,211.66578674316406,-226.33612060546875,-49.019989013671875,211.03955584550474,-226.25587603287846,-49.02728695044575,0.6313933706450827,0.3152089325359723,0.07518990154228485,3.5546980781379426e-05,13.101067565821642,26.67519157938126,nan,0.06869560343506281,nan
325.35,211.67442321777344,-226.33180236816406,-49.021541595458984,211.05449068504453,-226.25899483744854,-49.0289836264292,0.6242376674709199,0.3151440286454611,0.07517792080142005,3.623376064992574e-05,13.521177031304019,27.05522618419696,2.146689698803302,nan,nan
325.36,211.68307495117188,-226.3274383544922,-49.02306365966797,211.0630242238116,-226.2545375130891,-49.02947185089969,0.6243544683047856,0.31518668800021077,0.07520428811187799,3.549855111661542e-05,13.10584050368497,26.49925420612568,nan,0.9979782819708751,nan
325.37,211.69171142578125,-226.32301330566406,-49.02455520629883,211.07152735237966,-226.25002743412193,-49.0311245519438,0.6244985017179423,0.31522943318993624,0.07523072160531587,3.620653804962148e-05,13.097906135228039,26.124502435345303,nan,nan,nan
325.38,211.7003631591797,-226.31854248046875,-49.02601623535156,211.0799901657763,-226.24546366629724,-49.03440044760578,0.6247187039301021,0.3152722626166457,0.07525722140137343,3.5473303685713604e-05,13.845161452045552,26.747882771921777,nan,1.8756471013380844,nan
325.39,211.70899963378906,-226.31402587890625,-49.02745056152344,211.08849219454447,-226.24085668741688,-49.036011759452926,0.6248651909420747,0.31531517811100407,0.07528378766998178,3.618118140324312e-05,13.846088163814668,26.930849539798526,nan,nan,nan
325.40000000000003,211.71763610839844,-226.30946350097656,-49.02885437011719,211.11691656232037,-226.24759725614575,-49.03768579289877,0.6039614220445315,0.3152503407034735,0.07527167419706511,3.542852660092077e-05,14.11570154682787,26.883218082951284,3.8661819980323244,0.009719121399965579,nan
325.41,211.7262725830078,-226.3048553466797,-49.03023147583008,211.12544646563106,-226.2429182928314,-49.03924241503943,0.6040773286482998,0.3152930830110328,0.07529820572905509,3.613545761403189e-05,14.118179903256468,26.81389806606714,nan,nan,nan
325.42,211.73492431640625,-226.30020141601562,-49.03158187866211,211.13399113399765,-226.238195203497,-49.0400877802957,0.6041835900396721,0.3153359095960108,0.07532480374331521,3.540672978298419e-05,13.872375113814758,26.235286475477714,nan,0.323152614679804,nan
325.43,211.74356079101562,-226.29551696777344,-49.032901763916016,211.1425195204662,-226.233424280819,-49.04158470867255,0.604302493960204,0.31537882207885365,0.07535146841214731,3.611363311586555e-05,13.872431464117355,27.333227088005213,nan,nan,nan
325.44,211.752197265625,-226.290771484375,-49.03419876098633,211.15109677524012,-226.228615406705,-49.040779029663476,0.6043413583961692,0.3154218191766981,0.07537819985173758,3.538656802638695e-05,12.965898447904816,25.43947204749707,nan,3.5797292152633666,nan
325.45,211.76083374023438,-226.28598022460938,-49.03546905517578,211.19709209313967,-226.23753803179886,-49.04218450988479,0.5658589824729185,0.3153570483409911,0.07536595090031571,3.607137026035526e-05,12.464396805360312,25.07587163272935,15.426184328690553,nan,nan
325.46,211.76947021484375,-226.28114318847656,-49.036712646484375,211.20571479648294,-226.23265408370733,-49.042352714637104,0.5658649798152068,0.3153998720401684,0.07539264680603165,3.534674100490968e-05,12.071941413840548,24.601993411645427,nan,1.0480895686196554,nan
325.47,211.77810668945312,-226.27627563476562,-49.037933349609375,211.21431084382658,-226.2277227082752,-49.04371536503931,0.5659121609569516,0.31544278147672516,0.07541940954482196,3.6052812110073566e-05,12.056085449819014,25.085627894717902,nan,nan,nan
325.48,211.7867431640625,-226.27134704589844,-49.039127349853516,211.22287321102704,-226.22274341966178,-49.04667549915457,0.5660111403297996,0.31548577555293483,0.07544623923075311,3.532965887014195e-05,12.70013862530562,24.871730691975976,nan,1.8207263091025725,nan
325.49,211.79537963867188,-226.26646423339844,-49.04029846191406,211.23146793204145,-226.2177624339761,-49.04800732746699,0.5660633398745409,0.31552885561175975,0.0754731360392188,3.603579931816711e-05,12.690636514499657,25.631379029232228,nan,nan,nan
325.5,211.80401611328125,-226.2616424560547,-49.041446685791016,211.2943471562611,-226.2404382155052,-49.04790940275469,0.5101507936657981,0.3154641484828714,0.07546074881212135,3.529283722884467e-05,12.194752229627133,24.83684418217973,28.002922276727308,1.1368580226876364,nan
325.51,211.81265258789062,-226.25689697265625,-49.042572021484375,211.3030269840381,-226.2356208501257,-49.04918157404569,0.5101123559345018,0.31550705483183755,0.07548760927788249,3.599820104843285e-05,12.177037615696664,24.675669264810598,nan,nan,nan
325.52,211.8212890625,-226.25222778320312,-49.043678283691406,211.31165828751793,-226.23087703741652,-49.05295419145117,0.5101621542404319,0.31555004583511104,0.07551453686387724,3.527859105238455e-05,13.355333748000897,25.26731697761759,nan,4.419388610966487,nan
325.53000000000003,211.8299102783203,-226.24765014648438,-49.04475784301758,211.32033691559946,-226.22622884095568,-49.05420843167652,0.5101109663114454,0.31559312267360806,0.07554153174734289,3.5984084505443644e-05,13.350484252602124,25.895526045504933,nan,nan,nan
325.54,211.8385467529297,-226.2431640625,-49.04581832885742,211.3290324235532,-226.22167260694857,-49.054490094489346,0.5100411101282568,0.31563628449264103,0.07556859403965462,3.526568542813018e-05,12.953568079602622,25.09512707971244,nan,0.6297238052075363,nan
325.55,211.84718322753906,-226.23876953125,-49.04685592651367,211.30527181317828,-226.20937292560106,-49.05573692000226,0.542780815323762,0.3155716406405055,0.07555606580731632,3.59493034202457e-05,13.796520338120116,25.272311840154778,15.935608576282753,nan,nan
325.56,211.85580444335938,-226.23446655273438,-49.047874450683594,211.3138476320293,-226.2049812573504,-49.05877616817908,0.542867769751793,0.3156146285137738,0.07558309093466083,3.5232893485404665e-05,14.927655267294728,26.856345697731655,nan,2.3966586024553735,nan
325.57,211.86444091796875,-226.23023986816406,-49.04887008666992,211.32245591938707,-226.20068208891067,-49.05995941575696,0.5429036509562073,0.3156577020825434,0.07561018353090466,3.5937841681796964e-05,14.930085694873496,26.16497579635804,nan,nan,nan
325.58,211.87307739257812,-226.22608947753906,-49.04984664916992,211.3310624262167,-226.19646735745252,-49.06121185509851,0.5429427793644496,0.3157008606331565,0.07563734370587145,3.522248682222366e-05,15.13023390088533,25.945377356908534,nan,0.005441903649269168,nan
325.59000000000003,211.88169860839844,-226.2220458984375,-49.050804138183594,211.33967024671279,-226.19233607051666,-49.06235799599677,0.5429649255496024,0.3157441051350618,0.0756645716390673,3.5927633135900034e-05,15.130668218399393,27.323561754175298,nan,nan,nan
325.6,211.8903350830078,-226.2180633544922,-49.05174255371094,211.3606532032449,-226.18964999351533,-49.06460852190519,0.5305994213799526,0.3156795220499706,0.07565189961417539,3.519211620592087e-05,15.646858854581764,26.991517091304353,3.3752671283501456,0.9197565761018153,nan
325.61,211.8989715576172,-226.2141571044922,-49.05266571044922,211.3692904445585,-226.18567592715482,-49.06572926715195,0.5306071197292322,0.3157225922933252,0.07567908954881511,3.5896607077883436e-05,15.652612886598327,26.699908347691526,nan,nan,nan
325.62,211.9075927734375,-226.21034240722656,-49.053565979003906,211.3779565374942,-226.18178687931774,-49.06498827010653,0.5305284434715607,0.31576574751140984,0.07570634722880246,3.518398982242263e-05,14.560334986065644,26.689939098313094,nan,2.3757261086980517,nan
325.63,211.91622924804688,-226.20660400390625,-49.05445098876953,211.38659380166774,-226.1779681847314,-49.066055938460586,0.5305359469992283,0.31580898855180944,0.07573367283489663,3.5888722008221425e-05,14.559299181558936,26.223271041557375,nan,nan,nan
325.64,211.92486572265625,-226.2029266357422,-49.05531692504883,211.39523561341787,-226.17422600578206,-49.06681387269087,0.5305317696208715,0.3158523148837405,0.0757610664750853,3.51769390035803e-05,14.52035101820946,25.57603916963593,nan,0.05996951699826277,nan
325.65000000000003,211.93348693847656,-226.1993408203125,-49.0561637878418,211.415192337783,-226.17818217811654,-49.0677628493363,0.518855971802611,0.31578779173261734,0.07574824794889594,3.585994010446148e-05,14.658697367119291,26.699786026173445,1.7832483931750247,nan,nan
325.66,211.94212341308594,-226.19581604003906,-49.0569953918457,211.41153241497676,-226.1827361448978,-49.0679102712875,0.5308644135036995,0.3147172338214253,0.07529069040020923,3.5148925880570295e-05,20.35171402238432,31.48727045923802,nan,0.5125248677850129,0.13638048815531736
325.67,211.9507598876953,-226.19235229492188,-49.05781173706055,211.42017377559554,-226.17924695599731,-49.06889990867504,0.5308637488200044,0.3147585062683283,0.07531555924919416,3.58532943775634e-05,20.326535286166592,31.022565333580012,nan,nan,nan
325.68,211.95938110351562,-226.18896484375,-49.05861282348633,211.42893021748478,-226.17578699561147,-49.067080240336125,0.5306821038254285,0.3147998601178892,0.07534048930897665,3.5143887120262326e-05,18.870784838964155,30.20833624801778,nan,5.465921051432569,nan
325.69,211.968017578125,-226.18565368652344,-49.05939483642578,211.4375721549977,-226.17243548774073,-49.06801166225568,0.5306800518044246,0.31484130033486335,0.07536548131619221,3.5848543709030475e-05,18.835329294742554,30.30382874059413,nan,nan,nan
325.7,211.97665405273438,-226.18240356445312,-49.06016159057617,211.42447183262084,-226.16211723276024,-49.06968052576876,0.5526367247933026,0.3147731698265041,0.07535422323111836,3.511866234240385e-05,19.82414462520037,30.538010364294408,7.032888800692717,0.4049113785799553,nan
325.71,211.98529052734375,-226.17921447753906,-49.0609130859375,211.43306840878978,-226.15889267746047,-49.070589955853166,0.5526806361634489,0.31481444042293033,0.07537918633931855,3.5822746941245845e-05,19.793945397167523,30.322144972031168,nan,nan,nan
325.72,211.99391174316406,-226.17608642578125,-49.06165313720703,211.44167367846669,-226.15572951817717,-49.071270489607656,0.5526968221865434,0.3148557926052784,0.0754042109102102,3.511541357678952e-05,19.749391719219272,30.381086154165015,nan,0.032280766601691505,nan
325.73,212.00254821777344,-226.17303466796875,-49.062374114990234,211.45027078266602,-226.1526320819045,-49.072149418178476,0.552740614935572,0.31489723086823107,0.07542929763363539,3.581981597845713e-05,19.71799585710294,30.789650109782404,nan,nan,nan
325.74,212.0111846923828,-226.17002868652344,-49.06308364868164,211.4588681130948,-226.14959612906864,-49.07301483466815,0.5527836119275279,0.3149387531826249,0.07545444638238832,3.653853875414724e-05,19.68675778771389,30.001823624552745,nan,nan,nan
325.75,212.0198211669922,-226.16708374023438,-49.063777923583984,211.45827020958035,-226.13772738385356,-49.07381954017545,0.5624074212649408,0.3148707393554296,0.07544308623782235,3.7247958089860314e-05,19.10717349899766,30.038828852750346,3.3099111436249578,nan,nan
325.76,212.02845764160156,-226.16421508789062,-49.064456939697266,211.4669329865266,-226.13476444888295,-49.0728414371576,0.5623589407066394,0.3149120898090192,0.0754682052237359,3.645577448977562e-05,18.26324718225457,30.058041640140644,nan,2.144502660815256,nan
325.77,212.03709411621094,-226.161376953125,-49.06512451171875,211.47552889561743,-226.13188353785773,-49.073649345643695,0.5624037973892162,0.31495352623143397,0.07549338658505778,3.718665827924782e-05,18.227674833532966,28.746494787358408,nan,nan,nan
325.78000000000003,212.0457305908203,-226.1586151123047,-49.06577682495117,211.48407601347427,-226.12907723233263,-49.07581313728184,0.5625202913426406,0.31499504465285777,0.07551862993594413,3.639805714780634e-05,18.976961810110872,30.482401082333176,nan,1.2203090840983812,nan
325.79,212.0543670654297,-226.15589904785156,-49.0664176940918,211.4926730948844,-226.12630880643718,-49.07661018928468,0.5625651836828812,0.31503664921440877,0.07554393594036003,3.712764267737649e-05,18.945309601045658,29.982455865757316,nan,nan,nan
325.8,212.06300354003906,-226.1532440185547,-49.067047119140625,211.49453712385423,-226.11853679801197,-49.07757199337528,0.5696221822098256,0.3149687467535586,0.07553247055112638,3.631996385866966e-05,18.953496506163617,30.509360272435703,0.7609788314543542,0.017322685978552146,nan
325.81,212.07164001464844,-226.150634765625,-49.06766128540039,211.50312942921508,-226.11586502713098,-49.07834769222344,0.5696730814734977,0.3150101814347514,0.0755577464524044,3.7047415377964114e-05,18.92414634296838,30.226002839478852,nan,nan,nan
325.82,212.0802764892578,-226.14796447753906,-49.06836700439453,211.51179068812243,-226.11316020269004,-49.077164430073545,0.5696181513425288,0.3150516982807141,0.07558308458854716,3.626662909295237e-05,17.920702711165234,29.6353317040097,nan,2.6257982846672983,nan
325.83,212.0889129638672,-226.1452178955078,-49.06916427612305,211.52038408051374,-226.1104113579332,-49.078053347856105,0.5696627088561534,0.31509330099394894,0.07560848557579683,3.6992948239743305e-05,17.868666998637877,29.227534674952352,nan,nan,nan
325.84000000000003,212.09754943847656,-226.1424102783203,-49.07005310058594,211.52894977776245,-226.10760488955785,-49.07988481211435,0.5697487620018925,0.31513498626425407,0.07563394909703013,3.6215407633131566e-05,18.34709629208389,29.99760115374327,nan,0.4771023241149905,nan
325.85,212.10618591308594,-226.1395263671875,-49.07102966308594,211.54331265395828,-226.09794259416654,-49.08088375381097,0.5644932409902401,0.3150671977556086,0.07562237629167433,3.69174041883118e-05,17.10702851678674,29.55670251043567,13.402606480843962,nan,nan
325.86,212.11483764648438,-226.13658142089844,-49.07209396362305,211.55195757353985,-226.09495884501285,-49.081595236366155,0.5644968463376228,0.3151087131000689,0.07564780909639164,3.614396901344234e-05,16.920277796816773,29.304866603751243,nan,0.1372777764681262,nan
325.87,212.12347412109375,-226.13357543945312,-49.073246002197266,211.56058808626216,-226.0919147621104,-49.082846378235395,0.5645072784873197,0.31515031405675015,0.07567330494775086,3.686733380773466e-05,16.867204899033414,29.799094832170137,nan,nan,nan
325.88,212.13211059570312,-226.13050842285156,-49.074485778808594,211.569221353209,-226.08880507880227,-49.08410777055606,0.5645139953497075,0.31519199770768397,0.07569886357278086,3.609692868912704e-05,16.876392317074405,29.921858893860605,nan,0.003918997895369882,nan
325.89,212.1407470703125,-226.1273651123047,-49.0758056640625,211.57785254119577,-226.08563228524463,-49.08553151731901,0.5645232253730047,0.3152337671656458,0.07572448552399821,3.681937882451899e-05,16.82655502287419,29.405453237373617,nan,nan,nan
325.90000000000003,212.14939880371094,-226.12416076660156,-49.077213287353516,211.564488351878,-226.06851644775668,-49.085652657283205,0.5876119041067284,0.3151660880897884,0.07571280218406687,3.60297666321329e-05,15.900342175112451,28.549152114592673,6.012851452684135,1.0329812702977033,nan
325.91,212.1580352783203,-226.12091064453125,-49.07870101928711,211.5730923717365,-226.06518873705392,-49.08723100247172,0.5876528699400431,0.31520768737308325,0.07573839276532628,3.6750466175474815e-05,15.847313677769595,29.76776391909362,nan,nan,nan
325.92,212.1666717529297,-226.11758422851562,-49.08027267456055,211.58167055831777,-226.06180862164027,-49.08977313612712,0.5877308693523469,0.3152493694698645,0.07576404635497007,3.598674902880553e-05,16.321270537813646,29.465264120783146,nan,0.5170105393835829,nan
325.93,212.17530822753906,-226.11419677734375,-49.08192443847656,211.59027495219723,-226.05835742474534,-49.091526203540155,0.587770499811052,0.3152911371437698,0.07578976346486203,3.6706672080693416e-05,16.270655296942476,29.436386577230845,nan,nan,nan
325.94,212.1839599609375,-226.11074829101562,-49.083656311035156,211.5989645819052,-226.0548134882299,-49.090391137721966,0.5877020108374061,0.3153329880019798,0.07581554388081957,3.5945664969401065e-05,14.967834551213933,27.763357986635206,nan,5.897154007274947,nan
325.95,212.19259643554688,-226.10723876953125,-49.08546829223633,211.59294651099052,-226.04299557263354,-49.09220403925274,0.603119051809802,0.31526541985988205,0.07580374770758111,3.664199319439031e-05,14.828834173002651,28.027321355910484,2.2340965211297883,nan,nan
325.96,212.20123291015625,-226.10366821289062,-49.08735656738281,211.60158157713042,-226.03932954309914,-49.092312510286526,0.603113378230213,0.31530710046030547,0.07582949610745401,3.588452959204036e-05,14.221907326315309,27.356355467008957,nan,2.3100594793012803,nan
325.97,212.2098846435547,-226.1000518798828,-49.089324951171875,211.61016476537637,-226.0356246357959,-49.094336631198914,0.6031914447333839,0.3153488664230632,0.07585530821953684,3.660218203741285e-05,14.170140972713321,27.538000262254517,nan,nan,nan
325.98,212.21852111816406,-226.09637451171875,-49.09133529663086,211.6187394828011,-226.03186513877586,-49.096724340855154,0.603264876413188,0.3153907156648094,0.07588118386688412,3.584722720416143e-05,14.240221442084287,27.843266240272623,nan,0.061001647409080824,nan
325.99,212.22715759277344,-226.09263610839844,-49.09334945678711,211.62732214808736,-226.02804545274444,-49.098839087769164,0.6033279784229127,0.31543265048382585,0.07590712350739767,3.6564281550058445e-05,14.200994654132987,27.56238812039915,nan,nan,nan
326.0,212.2357940673828,-226.08883666992188,-49.0953483581543,211.62775628645576,-226.01525325950817,-49.10010811312142,0.6124925441098433,0.3153651895368153,0.0758952114655975,3.578991812574574e-05,13.468249431468479,27.148157439784082,3.226546062510773,0.4578954714602256,nan
326.01,212.24444580078125,-226.08499145507812,-49.097312927246094,211.63633750753712,-226.01129813100755,-49.1021848355028,0.6125766383195822,0.3154069538529694,0.07592111840840013,3.650553571250285e-05,13.432608856370528,27.422784894497212,nan,nan,nan
326.02,212.25308227539062,-226.08108520507812,-49.099246978759766,211.6449163757647,-226.00728864782087,-49.104307087294515,0.6126477764827226,0.31544880152744303,0.07594708911079706,3.575622024285315e-05,13.445717540651888,27.33459609236263,nan,0.0038878731561526386,nan
326.03000000000003,212.26171875,-226.07713317871094,-49.10114669799805,211.6534966407258,-226.00322386798726,-49.10632049909682,0.6127181151552699,0.315490734585634,0.07597312399675675,3.647135270365375e-05,13.410091045357756,27.69508368286138,nan,nan,nan
326.04,212.27035522460938,-226.0731201171875,-49.10300827026367,211.66207481253443,-225.99910568227614,-49.108364018582584,0.6127902417054072,0.3155327513547329,0.0759992229385978,3.572424996362484e-05,13.426559174386384,27.353157073243906,nan,0.0028861318100368172,nan
326.05,212.27899169921875,-226.06906127929688,-49.10483169555664,211.68648023783942,-226.00554292717715,-49.110435385771844,0.5959327262920745,0.31546539823288683,0.07598719262487715,3.641635178212624e-05,13.721412280045842,27.618020530539383,3.667912175454973,nan,nan
326.06,212.28762817382812,-226.06494140625,-49.10662078857422,211.695039395389,-226.0013554582656,-49.11398215298917,0.5960359240843722,0.31550724438201216,0.0760132581912979,3.567227851258416e-05,14.326268213823283,27.71141788380649,nan,1.8189848150112709,nan
326.07,212.29627990722656,-226.06077575683594,-49.10837173461914,211.7036366616649,-225.99710098912644,-49.115873765499494,0.5961013110370285,0.31554917573390945,0.0760393881294937,3.6385695661605156e-05,14.302408907684438,27.704305683179022,nan,nan,nan
326.08,212.30491638183594,-226.0565643310547,-49.11009216308594,211.71222442850882,-225.99279882691218,-49.118133486480644,0.5961664649568963,0.3155911908552466,0.07606558234253576,3.564365193105295e-05,14.517060387784587,28.398182112357123,nan,0.11007634235416698,nan
326.09000000000003,212.3135528564453,-226.0522918701172,-49.11177444458008,211.7208209987364,-225.98844242349017,-49.11996152652253,0.5962171041561682,0.315633291411268,0.0760918412096606,3.63567270081666e-05,14.49514225573687,27.903251135445764,nan,nan,nan
326.1,212.3221893310547,-226.0479736328125,-49.113426208496094,211.76900081423693,-226.00333042162026,-49.12216915156063,0.5550558444859511,0.3155660429722189,0.07607968966170472,3.5595032311740015e-05,14.66937979609934,28.10171651223237,14.529467118780296,0.12927190337527303,nan
326.11,212.33082580566406,-226.04360961914062,-49.11504364013672,211.77766113535932,-225.99890691481642,-49.123935981318425,0.5550392400352786,0.3156079726642273,0.07610591444445099,3.6306922430587853e-05,14.647852790301187,28.2473589980433,nan,nan,nan
326.12,212.33946228027344,-226.0391845703125,-49.11663055419922,211.7863201387975,-225.99443492406155,-49.12570940134866,0.5550235895723192,0.31564998617124973,0.07613220371627274,3.5569565160064355e-05,14.736755892263302,27.656709715532166,nan,0.0009943210940815024,nan
326.13,212.34808349609375,-226.0347137451172,-49.11818313598633,211.79497951385684,-225.98991426341829,-49.12741416565414,0.5549920906062906,0.3156920849496347,0.07615855782869349,3.628120385116722e-05,14.716765699212807,28.17507267978496,nan,nan,nan
326.14,212.35671997070312,-226.03021240234375,-49.11970520019531,211.8036279316263,-225.98534998336135,-49.129603526306894,0.5549967722310913,0.3157342678803951,0.07618497672516598,3.5545608451485416e-05,15.072384609808523,28.971048078271696,nan,0.18134753077311497,nan
326.15000000000003,212.3653564453125,-226.02565002441406,-49.12119674682617,211.82474140954145,-225.992292350711,-49.1312402525522,0.5417363042144089,0.31566712406537334,0.0761727014565641,3.623464490894492e-05,15.61900204641682,28.11927246337676,4.225060616255643,nan,nan
326.16,212.37399291992188,-226.0210418701172,-49.12266159057617,211.83344560521553,-225.9876419701412,-49.1308701488417,0.5416404094816456,0.3157091359844156,0.07619908556058376,3.55016186936762e-05,14.682947479458806,27.12260589931535,nan,2.7187340268174873,nan
326.17,212.38262939453125,-226.01638793945312,-49.12409591674805,211.84211032601735,-225.98296104493122,-49.1324429050933,0.5416160013505424,0.31575123302181096,0.07622553468942979,3.6211983789863256e-05,14.658973601096308,27.131898302011805,nan,nan,nan
326.18,212.39126586914062,-226.01168823242188,-49.1254997253418,211.8507868473422,-225.97822941029705,-49.13333909317909,0.5415704215245327,0.31579341423978896,0.07625204881137941,3.548055640800123e-05,14.417236488172122,26.895770730588314,nan,0.28906395996993994,nan
326.19,212.39988708496094,-226.0069580078125,-49.12687683105469,211.85945053168612,-225.97345754495956,-49.13485020788545,0.5415325695329964,0.3158356808221182,0.07627862824171976,3.6190782130503217e-05,14.389841423125587,27.902003417567276,nan,nan,nan
326.2,212.4085235595703,-226.00216674804688,-49.12822723388672,211.87702895376952,-225.9766885474758,-49.13583640376019,0.5321593315594856,0.3157686389312239,0.07626622635383871,3.5439444413142426e-05,14.612724316300026,26.394661868421707,3.5462192915000608,0.0644425091176349,nan
326.21,212.4171600341797,-225.99732971191406,-49.129547119140625,211.88569736294664,-225.97184737018,-49.13728763525614,0.532129529573532,0.31581073425639367,0.07629277025628711,3.6148682922987705e-05,14.587775219107346,26.36236141022376,nan,nan,nan
326.22,212.42578125,-225.99246215820312,-49.13084411621094,211.8943781825493,-225.96695735118902,-49.13797606745585,0.5320625715133476,0.3158529137795691,0.07631937935630885,3.54210941828173e-05,14.315643288498611,26.97096494103425,nan,0.3745910734798884,nan
326.23,212.43441772460938,-225.987548828125,-49.13211441040039,211.9030454648095,-225.96202963600612,-49.13936935567247,0.5320341548078635,0.3158951785284277,0.07634605394709465,3.6130264622747375e-05,14.287096943420618,26.410549263413497,nan,nan,nan
326.24,212.4430389404297,-225.9825897216797,-49.133358001708984,211.91170575281464,-225.95706190539988,-49.14111569443932,0.5320026385852618,0.3159375278001516,0.07637279402923193,3.540403762780182e-05,14.480553880407456,26.844322915514947,nan,0.09835405590430799,nan
326.25,212.45167541503906,-225.9775848388672,-49.134578704833984,211.95024232023437,-225.96275634002822,-49.14247215289879,0.5017144002972054,0.31587058723840655,0.07636026297276244,3.609092344273155e-05,14.02116860797816,26.357105582358095,10.46800072400997,nan,nan
326.26,212.46029663085938,-225.97254943847656,-49.13577651977539,211.95899215558967,-225.95770295487605,-49.142127790653596,0.5015644860259778,0.31591276507780186,0.07638696678982351,3.536686153135567e-05,13.385154271732162,26.606683318164688,nan,1.9268662833634282,nan
326.27,212.46893310546875,-225.96746826171875,-49.13694763183594,211.96771452819266,-225.95261966211763,-49.14341346316447,0.5014801592202356,0.3159550280124568,0.07641373627761706,3.607510191111396e-05,13.35471902129211,25.94532420021719,nan,nan,nan
326.28000000000003,212.47755432128906,-225.96234130859375,-49.13809585571289,211.9764590558319,-225.9474891114174,-49.14318593247517,0.5013411629878392,0.3159973754731225,0.0764405714562675,3.535225966939524e-05,12.88022339396134,25.340658590861327,nan,1.5372849979819971,nan
326.29,212.48617553710938,-225.95726013183594,-49.13922119140625,211.98517977301591,-225.94236753289806,-49.144412200931534,0.501243944325122,0.3160398082865258,0.07646747259035128,3.606051744861101e-05,12.84164783264681,25.84544246020467,nan,nan,nan
326.3,212.4947967529297,-225.95225524902344,-49.140323638916016,211.9996206760717,-225.9487708569197,-49.14421667953722,0.4952036387649957,0.3159729666705525,0.0764548095223405,3.5317506196482037e-05,13.374891049197265,25.80520793048027,7.428297374356943,1.41933029467283,nan
326.31,212.50343322753906,-225.9473114013672,-49.14140701293945,212.00832959392727,-225.94380653262658,-49.145386452400174,0.4951320309361018,0.31601522780263797,0.07648167363028488,3.602492841661255e-05,13.332537776231831,24.31766481563477,nan,nan,nan
326.32,212.51205444335938,-225.94247436523438,-49.14246368408203,212.01705965629625,-225.9389190526175,-49.144990132092225,0.4950140022332863,0.31605757345503604,0.07650860362417519,3.5305185262324445e-05,13.018215555015379,25.27193571510951,nan,1.6568432109259024,nan
326.33,212.5206756591797,-225.93771362304688,-49.14350509643555,212.02576739499264,-225.93413160482973,-49.14610359406568,0.49492804831114273,0.31610000434115676,0.07653559975143967,3.6012679802813576e-05,12.971125507359659,24.377422036251097,nan,nan,nan
326.34000000000003,212.529296875,-225.9330596923828,-49.1445198059082,212.03447581453108,-225.92943583605464,-49.147092421992554,0.49484101747105963,0.31614252006238036,0.07656266205736255,3.5293950333330756e-05,12.91610940325104,25.069770822958173,nan,0.007608547114336078,nan
326.35,212.5379180908203,-225.92849731445312,-49.1455192565918,212.05658218526878,-225.92376188066743,-49.148336661624995,0.4813674439317362,0.3160757763870009,0.07654986438409367,3.59793890992474e-05,12.126806890331348,25.169602007944476,9.025562214079297,nan,nan
326.36,212.54653930664062,-225.92401123046875,-49.1464958190918,212.0653179212254,-225.91924110278248,-49.15013654596412,0.48125879814426686,0.31611812022712177,0.07657688889886145,3.526247660345444e-05,12.22899364898046,24.687423766018973,nan,0.3831465109568781,nan
326.37,212.55516052246094,-225.91961669921875,-49.14745330810547,212.0740629257561,-225.91480596121914,-49.151182918626304,0.4811361041845778,0.31616054918836406,0.07660397972241896,3.5969301589215374e-05,12.186805016282083,24.740004297056455,nan,nan,nan
326.38,212.56378173828125,-225.9153289794922,-49.14839553833008,212.08281699451328,-225.9104549354779,-49.15145249455657,0.4809991538809741,0.3162030629674676,0.07663113691498684,3.525328149796899e-05,12.010561066500404,25.36695808403358,nan,0.4003145215987975,nan
326.39,212.57240295410156,-225.91110229492188,-49.149314880371094,212.09156167597763,-225.90619435947264,-49.152455234760545,0.4808765791800661,0.3162456621343404,0.07665836070204565,3.5960241979776475e-05,11.967828652847919,24.29114391211434,nan,nan,nan
326.40000000000003,212.58102416992188,-225.906982421875,-49.15021514892578,212.13782068592292,-225.91875923277456,-49.153593922963765,0.44337279756180065,0.3161790142317536,0.07664542562966122,3.5223807448926905e-05,11.76675369327921,25.76749360066145,13.815716192080076,0.03848378507762372,nan
326.41,212.5896453857422,-225.90292358398438,-49.151100158691406,212.14662969421235,-225.91469249787067,-49.15456288220223,0.4431855150270992,0.31622144126314317,0.07667261083974565,3.593004556776687e-05,11.724821115696116,24.695484816466326,nan,nan,nan
326.42,212.5982666015625,-225.89895629882812,-49.1519660949707,212.1554443395824,-225.9107047952613,-49.154991996130164,0.44298841852969173,0.3162639530880114,0.07669986260494702,3.521649170768833e-05,11.598816639626339,25.07261789440213,nan,0.19079026655541434,nan
326.43,212.6068878173828,-225.8950653076172,-49.15281677246094,212.16425341429405,-225.90679956100723,-49.155922594194045,0.44280080581340747,0.3163065501968817,0.07672718113784854,3.592290667412361e-05,11.555625403482987,24.866768023815336,nan,nan,nan
326.44,212.61550903320312,-225.89125061035156,-49.153648376464844,212.17306524366205,-225.90297157262998,-49.15659805133282,0.4426088436102745,0.3163492324060842,0.076754566517657,3.521006957309984e-05,11.482892732449526,24.783718190299435,nan,0.03986777239005576,nan
326.45,212.6241455078125,-225.8875274658203,-49.15446472167969,212.18780287186584,-225.90309471553545,-49.15754129312204,0.4366310805478825,0.3162826789632067,0.07674149142471617,3.5894587969318414e-05,11.55621407516361,25.02784947115259,0.4788505824040854,nan,nan
326.46,212.6327667236328,-225.8838653564453,-49.1552619934082,212.19660610157723,-225.89943393388293,-49.15987111123891,0.4364627278502944,0.3163251888150855,0.07676883743599328,3.518327354716314e-05,11.845310356149445,25.27802472090299,nan,1.464970710129229,nan
326.47,212.64138793945312,-225.88026428222656,-49.15604782104492,212.20542373616428,-225.89584039420419,-49.16075210424804,0.436267729833498,0.3163677838520206,0.07679625038553635,3.588921079448538e-05,11.808551924976278,24.607200157064383,nan,nan,nan
326.48,212.65000915527344,-225.8767547607422,-49.15681457519531,212.2142682212594,-225.892306716576,-49.15875462840644,0.4360226928866691,0.3164104639557384,0.07682373036358732,3.5178511745049746e-05,11.247695005076876,25.022153440117435,nan,5.7306211803418075,nan
326.49,212.65863037109375,-225.87330627441406,-49.15756607055664,212.22308630378245,-225.88885580852352,-49.15957783357649,0.4358261921586834,0.3164532295183195,0.07685127756646208,3.588467074450315e-05,11.203335066031082,24.575979745020053,nan,nan,nan
326.5,212.66725158691406,-225.86993408203125,-49.15830612182617,212.2485690397872,-225.89268245873762,-49.16121066786486,0.41931014809934214,0.31638676850400044,0.0768380597031052,3.5153333377694246e-05,11.190149592365398,25.197570491262297,2.730271082704842,0.45158509647244854,nan
326.51,212.67587280273438,-225.8666229248047,-49.159027099609375,212.25741685002288,-225.8893801352235,-49.16201453098654,0.4190849552679809,0.3164293614479477,0.07686556672775705,3.585885183687539e-05,11.149312066546694,24.99903232953359,nan,nan,nan
326.52,212.6844940185547,-225.86337280273438,-49.15973663330078,212.2662776439293,-225.8861384894594,-49.16126060543776,0.41883831604562977,0.31647203941945345,0.07689314095844213,3.515008773941215e-05,10.917490160531765,24.481604640282118,nan,1.6696633037107373,nan
326.53000000000003,212.69313049316406,-225.86019897460938,-49.160430908203125,212.27512612169383,-225.88296806014628,-49.16202241165553,0.41862706399329924,0.31651480275749255,0.07692078258213574,3.5855858323903293e-05,10.872910245676238,24.483936290021784,nan,nan,nan
326.54,212.70175170898438,-225.85707092285156,-49.161109924316406,212.28395664986976,-225.87987052719453,-49.16516930083028,0.4184363893311116,0.31655765142384246,0.0769484917028763,3.514756257389769e-05,11.223116596877968,24.62362702643939,nan,4.02619396008376,nan
326.55,212.7103729248047,-225.85401916503906,-49.16177749633789,212.2820936140805,-225.87237405811297,-49.16600274991448,0.42869327363736254,0.3164912812986347,0.07693512843475733,3.5831542415589464e-05,11.317936507179295,25.004672240537275,1.3904674046750123,nan,nan
326.56,212.71900939941406,-225.8510284423828,-49.16243362426758,212.2909218313875,-225.86938704455633,-49.16713206916209,0.4285068022296672,0.31653395710472887,0.0769627965604678,3.5124525244302395e-05,11.400138847242427,24.55522381835451,nan,0.10135210914990343,nan
326.57,212.72763061523438,-225.8480987548828,-49.16307067871094,212.29975332569384,-225.86645905285548,-49.167872708459335,0.4282979511226993,0.31657671818849087,0.07699053224461765,3.5829954460129786e-05,11.366601689251969,25.235349635615695,nan,nan,nan
326.58,212.7362518310547,-225.8450927734375,-49.16380310058594,212.3085940196991,-225.86352412139942,-49.16739608783327,0.42806988653550015,0.3166195645541982,0.07701833559906132,3.512332271169367e-05,11.048826998217258,24.375185006936174,nan,1.108794926036604,nan
326.59000000000003,212.74488830566406,-225.84202575683594,-49.16462707519531,212.31742684205466,-225.860528434119,-49.16825678034894,0.42787711635145625,0.31666249647682304,0.07704620679921484,3.582903434248465e-05,11.00770663836528,23.998661040752395,nan,nan,nan
326.6,212.75350952148438,-225.83889770507812,-49.1655387878418,212.3237049044544,-225.85644668151193,-49.17218058872534,0.4302140036227836,0.31659621528633786,0.07703269541685463,3.510156680490496e-05,11.902955438312281,25.544879063480213,0.8359933107430639,5.657264549703167,nan
326.61,212.76214599609375,-225.83570861816406,-49.166542053222656,212.33253402196007,-225.85332168004464,-49.173253682650845,0.43002524837203066,0.3166389740792286,0.07706052478931746,3.5806694731509025e-05,11.862768199984002,25.051665547271856,nan,nan,nan
326.62,212.77076721191406,-225.83245849609375,-49.16762924194336,212.34137021472134,-225.8501305190758,-49.1733012800797,0.429797921831909,0.31668181810326157,0.07708842200140904,3.5101560565143364e-05,11.479061305558625,25.3399822026945,nan,0.8719392144719225,nan
326.63,212.77940368652344,-225.82913208007812,-49.16880416870117,212.3502003524688,-225.84688038590977,-49.1745402546903,0.4296084345144939,0.3167247476000906,0.07711638722209706,3.580699261945753e-05,11.44127007537058,24.174923899911448,nan,nan,nan
326.64,212.78802490234375,-225.8257598876953,-49.170066833496094,212.35903077559433,-225.84356861918963,-49.17586629967634,0.4294027777168031,0.3167677626656744,0.07714442058368248,3.652675259926014e-05,11.40107142331812,25.24848793849421,nan,nan,nan
326.65000000000003,212.79666137695312,-225.82232666015625,-49.171409606933594,212.3465142559575,-225.81812150305333,-49.177154105443805,0.4502034130813042,0.316701568708035,0.07713075845276829,3.723715001348765e-05,10.381680526749747,24.716187448544922,14.415844224217382,nan,nan
326.66,212.80528259277344,-225.81883239746094,-49.1728401184082,212.37320545832384,-225.83568299847184,-49.17946416384095,0.4324563224725717,0.31377884923841454,0.07304866706473719,3.6445886555267534e-05,15.389866332076732,30.03297537373687,nan,0.4426002456369043,0.1077587014278838
326.67,212.8139190673828,-225.81527709960938,-49.17435073852539,212.38201674357515,-225.83215812089733,-49.18105121295074,0.43228402994756604,0.31382437391401863,0.07306880438280786,3.717777237546672e-05,15.334345552809834,29.49784413496312,nan,nan,nan
326.68,212.8225555419922,-225.81166076660156,-49.17594528198242,212.39077906982916,-225.82850671837366,-49.181476639117975,0.43214037524445026,0.3138699805528517,0.07308899781955885,3.639080394483573e-05,14.908757817144188,28.892935846394643,nan,1.0102358404540532,nan
326.69,212.8311767578125,-225.8079833984375,-49.17761993408203,212.39959078755675,-225.824865270866,-49.18321645113765,0.43195227553683097,0.31391567410024235,0.07310925662710693,3.7121369163606645e-05,14.852649676831327,29.197776236224954,nan,nan,nan
326.7,212.83981323242188,-225.80426025390625,-49.17937088012695,212.40312899518764,-225.81899392375362,-49.18568432151422,0.4369783331220952,0.31385523240905105,0.0731002552268651,3.6315034283070205e-05,15.122002515639222,29.453747099370013,0.2871703206396554,0.29017136162394924,nan
326.71,212.8484344482422,-225.80047607421875,-49.18120574951172,212.411931354111,-225.81523616370777,-49.18759205741903,0.43679926322798107,0.31390073694948817,0.07312050865352018,3.7043439037483775e-05,15.06600087295176,29.524052801366945,nan,nan,nan
326.72,212.85707092285156,-225.796630859375,-49.1831169128418,212.4207352341013,-225.81142443309355,-49.18961705420622,0.4366347843888402,0.3139463235152915,0.07314081880122118,3.6263849160005585e-05,15.072436740727523,28.8700970920646,nan,0.0009385603841018516,nan
326.73,212.86570739746094,-225.79273986816406,-49.18510437011719,212.42953758817373,-225.80755547763476,-49.191683193821824,0.43647094489663796,0.3139919968095486,0.07316119419466234,3.6991094435394385e-05,15.018719333393081,29.264780181703497,nan,nan,nan
326.74,212.87432861328125,-225.78878784179688,-49.1871337890625,212.43834279464724,-225.80363619777395,-49.19389069008388,0.43629091606014664,0.3140377524765289,0.07318162676596009,3.6214556855433946e-05,15.050780610406939,29.50884662619078,nan,0.004206935882663986,nan
326.75,212.88296508789062,-225.7847900390625,-49.18916702270508,212.45611916573057,-225.79871991443693,-49.196080092616235,0.4271291060419689,0.31397726570671824,0.07317259693120821,3.691739315687438e-05,14.416043623439991,29.584734220846144,4.501803293187094,nan,nan
326.76,212.89158630371094,-225.78073120117188,-49.19118118286133,212.4649524039426,-225.79468625013942,-49.19844367449618,0.42692384755127166,0.31402283219033794,0.07319302378709872,3.614478713573862e-05,14.522020652577531,29.78132420196533,nan,0.031625349139161305,nan
326.77,212.9002227783203,-225.77662658691406,-49.19316482543945,212.47377721872053,-225.7905889822275,-49.200567258547174,0.42673828021537513,0.31406848522136394,0.07321351577846713,3.6869017078405715e-05,14.490588510536314,29.57517486750158,nan,nan,nan
326.78000000000003,212.90884399414062,-225.7724609375,-49.19511413574219,212.48251687955124,-225.78632707841663,-49.20038223939031,0.42658508109646415,0.3141142206865339,0.07323406551944187,3.609927916842865e-05,13.715116872398022,28.839201272271428,nan,3.4392211219567477,nan
326.79,212.91748046875,-225.76824951171875,-49.19702911376953,212.491341413095,-225.78212627884523,-49.2024180672744,0.42639899183780333,0.31416004292969507,0.07325468052598196,3.682256249060935e-05,13.67737893788938,28.500261028981384,nan,nan,nan
326.8,212.9261016845703,-225.7639923095703,-49.19890594482422,212.4932069994434,-225.77335495968086,-49.204342061300615,0.4330300439814364,0.3140995083887363,0.07324561470535504,3.7536264551649414e-05,13.518231677139866,29.11131107503471,0.9335193339536552,nan,nan
326.81,212.9347381591797,-225.75967407226562,-49.20074462890625,212.50202113440224,-225.76904269599126,-49.20630511299388,0.4328541482139755,0.314145141139981,0.07326622329363776,3.828770301740192e-05,13.481981870697073,28.082692440684887,nan,nan,nan
326.82,212.943359375,-225.75531005859375,-49.20254898071289,212.51083486117346,-225.7646806449284,-49.208231703259905,0.43266332902695004,0.31419085622133963,0.07328688989932068,3.7429699276291924e-05,13.479634946882335,28.676281788932055,nan,7.554193652141153e-07,nan
326.83,212.9519805908203,-225.7509002685547,-49.204315185546875,212.5196483444515,-225.76026950164666,-49.21012447989257,0.4324727756516392,0.314236658063693,0.07330762196497619,3.817845476386467e-05,13.44309557107035,28.84968914338299,nan,nan,nan
326.84000000000003,212.9606170654297,-225.74644470214844,-49.206050872802734,212.52849263119225,-225.75585020555323,-49.21285112087657,0.4322802719685324,0.3142825425955487,0.07332841250658019,3.732684505122554e-05,13.741108522473512,28.620418070744737,nan,0.4667712593115898,nan
326.85,212.96923828125,-225.741943359375,-49.20774841308594,212.54513221380887,-225.7551206582485,-49.21457967017334,0.42436571930279215,0.31422195991706425,0.07331930749079296,3.804844629402572e-05,13.684738067533793,29.304472384811014,1.0260007650298526,nan,nan
326.86,212.9778594970703,-225.73739624023438,-49.20941162109375,212.55399848587876,-225.75062541543238,-49.21754827896378,0.424145462177818,0.31426765478436086,0.07334009122979362,3.7204130227833595e-05,14.18011840203952,29.837677631954797,nan,0.8538170683820538,nan
326.87,212.9864959716797,-225.7327880859375,-49.21104431152344,212.5628227493642,-225.74603048502806,-49.21932573797794,0.42396101526554797,0.31431343620786606,0.07336094031196239,3.794701699929209e-05,14.153015979163117,28.508972466008455,nan,nan,nan
326.88,212.9951171875,-225.7281494140625,-49.212642669677734,212.57156673087854,-225.74128740831247,-49.21877562440465,0.4237985480518291,0.3143593004001404,0.0733818484303792,3.7108694427965466e-05,13.302068965685566,28.92783508617371,nan,3.3028764001203053,nan
326.89,213.0037384033203,-225.72344970703125,-49.214210510253906,212.5803903026505,-225.73660061602445,-49.220467619300315,0.42359852710048923,0.3144052513698158,0.07340282202384045,3.7849335594520214e-05,13.267564436637214,28.084573885089625,nan,nan,nan
326.90000000000003,213.01235961914062,-225.71871948242188,-49.21574401855469,212.60804168268558,-225.7361504310087,-49.22194045046165,0.40474093872041045,0.3143446183077235,0.07339367158547717,3.699362590861445e-05,12.692860364415882,29.215424632068114,5.9810593453177905,0.007419956669732606,nan
326.91,213.02098083496094,-225.7139434814453,-49.21725082397461,212.61690270713865,-225.7313704210969,-49.223569450172846,0.4045030984393301,0.31439037928782015,0.07341463762969125,3.7731222829879326e-05,12.656633880428652,28.993918518881944,nan,nan,nan
326.92,213.0296173095703,-225.70912170410156,-49.21872329711914,212.62577766707204,-225.7265639734051,-49.22558619287934,0.40427439808847926,0.31443622310926217,0.07343566324218043,3.6905361423437965e-05,12.81945655333673,28.641017237210377,nan,0.11014395986187249,nan
326.93,213.03823852539062,-225.70425415039062,-49.22016906738281,212.63463821689783,-225.72169640606577,-49.227161602831515,0.4040375438625978,0.31448215351108755,0.07345675424599354,3.764098516478315e-05,12.786697338271559,28.89944565164753,nan,nan,nan
326.94,213.04685974121094,-225.6993408203125,-49.221588134765625,212.6435093186771,-225.71679983066295,-49.229043702543805,0.4037969364563506,0.31452816710690007,0.07347790524775975,3.682053269809496e-05,12.942371296808194,28.82194603396748,nan,0.07137190638460894,nan
326.95,213.05548095703125,-225.6943817138672,-49.22297668457031,212.6376124246308,-225.72102949632534,-49.23065832260149,0.41878780097239593,0.31446748698703253,0.0734687120998804,3.753049706740354e-05,14.77457286452008,28.146802977073175,33.688352013412604,nan,nan
326.96,213.06410217285156,-225.68939208984375,-49.224334716796875,212.64636598090158,-225.7160142869498,-49.23039137224757,0.4186274603019674,0.31451331040218256,0.0734898551057188,3.671629663247145e-05,14.146744573648926,28.083586385751047,nan,1.993803347862535,nan
326.97,213.07272338867188,-225.68435668945312,-49.225669860839844,212.6551765618867,-225.71102882363047,-49.23184500427869,0.4184434103871647,0.3145592202058599,0.07351106343891295,3.744741734867845e-05,14.111965373989735,27.69882030386375,nan,nan,nan
326.98,213.08132934570312,-225.6792755126953,-49.22697448730469,212.66400619776297,-225.7060266263623,-49.233888973411396,0.41823682526437367,0.3146052132665019,0.07353233226441964,3.6638253002616555e-05,14.344527029346152,28.29181694749248,nan,0.2442070774752717,nan
326.99,213.08995056152344,-225.67416381835938,-49.22825622558594,212.6728153380428,-225.7009594461378,-49.23529764794576,0.41805428112283993,0.3146512929437824,0.07355366657654869,3.7367760335379506e-05,14.312354213604522,28.102740622710154,nan,nan,nan
327.0,213.09857177734375,-225.66900634765625,-49.22951126098633,212.68043767076676,-225.692784703323,-49.23599681493448,0.4188598855120451,0.3145905619372263,0.07354442214005767,3.654092383412169e-05,13.836697028110379,27.62568269648374,0.9100883132412332,0.2521649950132629,nan
327.01,213.10719299316406,-225.663818359375,-49.230743408203125,212.68924718340875,-225.68762730173853,-49.237349150207706,0.41867553243045186,0.3146364511083892,0.07356574770270166,3.726801517030005e-05,13.802338575019586,27.91648657244951,nan,nan,nan
327.02,213.11581420898438,-225.65858459472656,-49.23194885253906,212.69808753849634,-225.682468943986,-49.23969227233703,0.41848057771745584,0.31468242359267085,0.07358713422683501,3.646937966968152e-05,14.222454970079756,28.040664179727607,nan,0.6684404975957595,nan
327.03000000000003,213.12442016601562,-225.65330505371094,-49.233131408691406,212.7068957187433,-225.6772338842387,-49.24100740083235,0.41828373653858586,0.3147284825097945,0.07360858620224561,3.719508065184266e-05,14.19311226311156,28.117876496724193,nan,nan,nan
327.04,213.13304138183594,-225.6479949951172,-49.23428726196289,212.71568820216427,-225.67194260140795,-49.241808386848646,0.4181073208503448,0.31477462508562937,0.07363009954336838,3.640094170730494e-05,14.02666621491605,27.833893520546123,nan,0.15722505001459353,nan
327.05,213.1416473388672,-225.6426544189453,-49.23542404174805,212.727885991715,-225.65819484364792,-49.24287989907272,0.4141202084003839,0.3147138458527562,0.07362080509487365,3.710214373827004e-05,12.874198430867335,28.684715297878796,13.148449169537667,nan,nan
327.06,213.1502685546875,-225.63729858398438,-49.236534118652344,212.73668987604353,-225.65280059363903,-49.243385776333625,0.41392581575109394,0.31475979771549856,0.07364230917505246,3.6313307418746265e-05,12.614763362040108,27.462194081603872,nan,0.35205405711317533,nan
327.07,213.15887451171875,-225.63198852539062,-49.23762512207031,212.74551505980529,-225.6474555761305,-49.24459632444745,0.413707461628834,0.31480583583249444,0.07366387868795164,3.7035618744471465e-05,12.577413070031076,27.5851660582369,nan,nan,nan
327.08,213.16749572753906,-225.62677001953125,-49.23869323730469,212.75436218505445,-225.64220150034413,-49.24655606648606,0.41349640700821255,0.3148519576546895,0.07368551000241386,3.62509395769168e-05,12.912194373338906,28.06915323004179,nan,0.3897514856134179,nan
327.09000000000003,213.1761016845703,-225.6216278076172,-49.239742279052734,212.76318612408105,-225.63700453754123,-49.24773274225468,0.41327902368678765,0.31489816596634085,0.07370720693292405,3.697215145143104e-05,12.875496445582268,27.796165586503903,nan,nan,nan
327.1,213.18472290039062,-225.61659240722656,-49.24076843261719,212.81393703922376,-225.65187679549305,-49.24900979390345,0.37255209425319985,0.31483733524568847,0.07369785510856379,3.6169419937030765e-05,12.913867046414254,28.656254504493774,16.925697072006294,0.03224764396776142,nan
327.11,213.19332885742188,-225.6116485595703,-49.24177551269531,212.82282939565962,-225.64690187339596,-49.25014705352052,0.3722670143829494,0.3148833525186476,0.07371954201480788,3.688872263721413e-05,12.877264646144054,28.851403646533022,nan,nan,nan
327.12,213.20193481445312,-225.6068115234375,-49.242759704589844,212.83170643296222,-225.64200650605724,-49.25073994213669,0.3719830983449144,0.3149294535365522,0.07374129113616679,3.6112818712443925e-05,12.681583743764438,29.166977546445267,nan,0.18276909954523754,nan
327.13,213.21055603027344,-225.60205078125,-49.24372482299805,212.84059819926384,-225.63722450383665,-49.2518342289864,0.37171460820287144,0.31497564087333496,0.0737631058794645,3.6831201572032185e-05,12.647319295807748,27.6569913591971,nan,nan,nan
327.14,213.2191619873047,-225.59739685058594,-49.24467468261719,212.84945646338016,-225.63249891382748,-49.251708003371924,0.3714347814421235,0.31502191229359844,0.07378498321987763,3.605896680090913e-05,12.175703701984784,28.2076320390362,nan,0.9600644132234083,nan
327.15000000000003,213.22776794433594,-225.59283447265625,-49.245601654052734,212.8467990258238,-225.62134104648132,-49.2528138646215,0.38210202512528096,0.31496103215637583,0.07377557412545871,3.675373643922945e-05,12.099930212628909,28.021866344593196,1.5931159096930558,nan,nan
327.16,213.2363739013672,-225.58836364746094,-49.24650955200195,212.85565044776743,-225.6168004434319,-49.253032780169214,0.38183969410178276,0.31500711231555145,0.07379744087033331,3.598595446562809e-05,11.809961378793098,27.75304383123344,nan,0.4382422845079513,nan
327.17,213.2449951171875,-225.583984375,-49.24740219116211,212.86452398391194,-225.6123750672699,-49.25403674246897,0.3815865982114666,0.3150532786280915,0.07381937325707214,3.6701839832530986e-05,11.77048512595076,27.198024548077353,nan,nan,nan
327.18,213.25360107421875,-225.57968139648438,-49.24827575683594,212.87341069264943,-225.60805266043917,-49.25551078463728,0.3813161424376165,0.31509952905440985,0.07384136862520696,3.5937423873526066e-05,11.97211173638728,27.438511654528824,nan,0.158870151978147,nan
327.19,213.26220703125,-225.57546997070312,-49.2491340637207,212.8822845761513,-225.6038020318436,-49.256485548600615,0.3810483196480808,0.31514586587629895,0.07386342983945215,3.665262015475076e-05,11.934186598709926,27.61738627665057,nan,nan,nan
327.2,213.27081298828125,-225.57135009765625,-49.24997329711914,212.91122003236683,-225.61007874518046,-49.257716331763625,0.3617553823619378,0.31508493355813594,0.07385395709413083,3.5869722961360704e-05,12.148449129465542,28.54120113370445,4.011802223325908,0.06610007076895437,nan
327.21,213.27943420410156,-225.56729125976562,-49.25079345703125,212.92012610320768,-225.60601510671506,-49.2586610081578,0.36147440580387125,0.31513107879325664,0.07387600693723566,3.658341163680523e-05,12.115786294358236,27.02537963189539,nan,nan,nan
327.22,213.2880401611328,-225.56333923339844,-49.25160217285156,212.92907049102064,-225.60207487790885,-49.26107189770955,0.3611777262027183,0.3151773081659522,0.0738981201263967,3.5826207808201886e-05,12.870758144377934,29.42839871452514,nan,1.4789164094586658,nan
327.23,213.29664611816406,-225.5594482421875,-49.25239181518555,212.93797713808414,-225.59817233884704,-49.26199992682097,0.36088129453169276,0.3152236237764147,0.07392029920215583,3.653934946331871e-05,12.840112208354903,28.60796318424701,nan,nan,nan
327.24,213.30526733398438,-225.55563354492188,-49.25316619873047,212.94686319102203,-225.59432515712484,-49.26208453573495,0.3605968764179213,0.3152700238561408,0.07394254198678737,3.578507803026312e-05,12.48335562038634,27.620814050726082,nan,0.4632025283932962,nan
327.25,213.31387329101562,-225.55191040039062,-49.25392532348633,212.95425414806803,-225.58662021636033,-49.26297862625805,0.36140373765373407,0.3152090409143166,0.0739330047569823,3.6475268901035484e-05,12.173430707644508,28.93234829727055,1.099957494321871,nan,nan
327.26,213.32247924804688,-225.54824829101562,-49.25466537475586,212.96314001450946,-225.5829090291481,-49.26290457781873,0.3611010052523459,0.31525524917011133,0.07395523554407837,3.572470193593563e-05,11.773424266558418,27.977033953193168,nan,0.6115752801665546,nan
327.27,213.3311004638672,-225.54466247558594,-49.25539779663086,212.97204962083535,-225.57929687828712,-49.26375755804793,0.36081426710052894,0.3153015435106512,0.07397753226974864,3.643604740588111e-05,11.7387955764381,27.383851274565668,nan,nan,nan
327.28000000000003,213.33970642089844,-225.54115295410156,-49.25611114501953,212.9809739827707,-225.5757724015514,-49.26519727733314,0.3605135588396354,0.31534792233523,0.0739998930434489,3.568814680108485e-05,12.080775323085824,28.592102824907347,nan,0.24467181120177806,nan
327.29,213.3483123779297,-225.53770446777344,-49.25680923461914,212.9898841116945,-225.5723030849057,-49.26602898981736,0.3602122849511768,0.3153943874934814,0.07402231997794173,3.639912435443452e-05,12.05064655278351,28.142301455898068,nan,nan,nan
327.3,213.35693359375,-225.53433227539062,-49.25749588012695,213.02381882127028,-225.58945001182985,-49.265197389265396,0.33773174230061326,0.3153333515923458,0.07401271266639615,3.5632299178088614e-05,12.119570708856786,27.584195731607632,14.522162986532818,1.6841742593445592,nan
327.31,213.36553955078125,-225.53103637695312,-49.25817108154297,213.03276072863952,-225.58616956498713,-49.2659861868678,0.3374055256809983,0.315379624600804,0.07403512681327841,3.634208086464863e-05,12.082128907801785,28.495584863333484,nan,nan,nan
327.32,213.37416076660156,-225.5277862548828,-49.258827209472656,213.041708548608,-225.5829615023235,-49.26700081880952,0.33709878829294776,0.315425982101933,0.07405760533020478,3.56000220539203e-05,12.227644545030344,27.27597075735083,nan,0.038758745148236275,nan
327.33,213.38278198242188,-225.5246124267578,-49.25947570800781,213.05065106421418,-225.57981290742677,-49.267766992755554,0.33678893286202166,0.3154724257909369,0.0740801500768657,3.630954595666093e-05,12.19299727897087,27.628561239179746,nan,nan,nan
327.34000000000003,213.39138793945312,-225.52137756347656,-49.26021194458008,213.0595852736695,-225.57665615926393,-49.268186858005876,0.3364704019932279,0.3155189542978267,0.07410275954003837,3.5569774595883215e-05,12.041737827525965,28.220054369822382,nan,0.1020038598921386,nan
327.35,213.40000915527344,-225.51806640625,-49.26103973388672,213.0695426861058,-225.57649727907724,-49.26904619450265,0.3356878871140261,0.3154578665529475,0.07409308057329407,3.625683091603361e-05,12.242294931957494,26.97210499602199,0.7018938704332475,nan,nan
327.36,213.40863037109375,-225.51470947265625,-49.261959075927734,213.07851085442798,-225.57326207480344,-49.27119774154181,0.3353992478288829,0.31550420265890133,0.07411567657176106,3.552011544242473e-05,12.832103917077953,28.211723475341646,nan,0.9323110821116178,nan
327.37,213.417236328125,-225.51129150390625,-49.262962341308594,213.0874539749407,-225.5699395424377,-49.27228430389227,0.33508639465333845,0.3155506248113302,0.07413833887805205,3.622838245299596e-05,12.782164801991005,28.8180618064422,nan,nan,nan
327.38,213.4258575439453,-225.50779724121094,-49.26405715942383,213.09640725333185,-225.56656685050007,-49.273918407592305,0.3347963637447903,0.3155971317818374,0.07416106620084796,3.549372495401054e-05,13.080027054698274,27.759063949183215,nan,0.14440122208373796,nan
327.39,213.43447875976562,-225.50425720214844,-49.26523971557617,213.10535104173755,-225.56312463063043,-49.275186214960996,0.33449867228505253,0.31564372505404237,0.07418386006891581,3.62018696841263e-05,13.028704854710831,28.268348353645397,nan,nan,nan
327.40000000000003,213.44309997558594,-225.5006561279297,-49.266502380371094,213.09384542733898,-225.56054430805787,-49.27615406133707,0.3544834108046855,0.3155825834937734,0.07417410446425624,3.544785463957481e-05,13.952831317986057,27.539069993945063,13.431365084414482,0.06787545003476379,nan
327.41,213.4517059326172,-225.4969940185547,-49.267852783203125,213.10274284487824,-225.55700707779832,-49.27759035844769,0.3542197400706604,0.3156289840387802,0.07419688406118384,3.615503982703473e-05,13.903405480402643,27.850471324205966,nan,nan,nan
327.42,213.4603271484375,-225.4932861328125,-49.269287109375,213.11163063501,-225.55340251382515,-49.278632292961554,0.3539640803793904,0.3156754693963548,0.07421972895974062,3.542504227387239e-05,13.70171457790237,27.573256001225342,nan,0.15830106135071847,nan
327.43,213.4689483642578,-225.48951721191406,-49.27080535888672,213.1205283015486,-225.54975083061308,-49.28023295134237,0.3537138793140264,0.3157220409208329,0.07424264049532024,3.61321886298955e-05,13.65248096729834,27.31125660566947,nan,nan,nan
327.44,213.47756958007812,-225.48568725585938,-49.27239990234375,213.12938589324835,-225.54600376613217,-49.27990299061401,0.35344908759176574,0.3157686975771104,0.07426561766527301,3.540392338494116e-05,12.739577101514566,26.27587539416421,nan,2.7968725193705244,nan
327.45,213.48619079589844,-225.4818115234375,-49.27408218383789,213.18416800958906,-225.56711994469882,-49.28161987859832,0.3139300989559312,0.3157075029430783,0.07425578327931873,3.608894369871098e-05,12.93474735461803,27.689285642294106,21.224028026859514,nan,nan
327.46,213.49481201171875,-225.47787475585938,-49.27583694458008,213.1931278334223,-225.56333970648728,-49.28292516717791,0.31363648403818456,0.31575396660791677,0.07427874545449052,3.5363181189747295e-05,12.73805215747317,27.356223277001085,nan,0.1875401374735325,nan
327.47,213.50341796875,-225.473876953125,-49.27767562866211,213.20209775746855,-225.55951522289683,-49.284826200386036,0.31333514589364214,0.31580051630880807,0.0743017743654501,3.606947479035693e-05,12.691841501099086,27.52345323902894,nan,nan,nan
327.48,213.5120391845703,-225.46983337402344,-49.27959060668945,213.21105059022162,-225.55562087913916,-49.28590258070168,0.31303908857826945,0.3158471511282366,0.07432486917707457,3.53452501289708e-05,12.35858936806441,26.919496160510967,nan,0.5654979041037831,nan
327.49,213.52066040039062,-225.4657440185547,-49.28158187866211,213.22002056037778,-225.55168992244103,-49.287952403790655,0.3127484538542196,0.3158938722447092,0.07434803097463559,3.605160427219711e-05,12.313663709371163,27.15616815189705,nan,nan,nan
327.5,213.52928161621094,-225.4615936279297,-49.28361892700195,213.25893975272058,-225.55651701984507,-49.289994821358114,0.2865934847776597,0.3158326228694172,0.07433811329812753,3.5307616776541e-05,11.77228928085547,27.72156155602122,10.090581199621669,0.0023590431614180477,nan
327.51,213.53790283203125,-225.45738220214844,-49.2856559753418,213.26796546784792,-225.55248682838203,-49.29212855808682,0.28627428253454545,0.31587915066748884,0.0743612592765273,3.6013185519244026e-05,11.742715743171907,27.333227964980292,nan,nan,nan
327.52,213.54652404785156,-225.45314025878906,-49.28767013549805,213.27701377824465,-225.5484268038062,-49.29552469375274,0.28596679032759775,0.31592576356562796,0.07438447140908248,3.529261843167893e-05,12.284219100915143,28.6854755603711,nan,1.120817880593528,nan
327.53000000000003,213.5551300048828,-225.44883728027344,-49.28965759277344,213.2860389307307,-225.5442952206595,-49.29763933796615,0.28563251360341174,0.3159724626358591,0.07440775063699658,3.5998309295599843e-05,12.263132706191442,28.787794073348387,nan,nan,nan
327.54,213.56375122070312,-225.44448852539062,-49.29161071777344,213.29506771089075,-225.5401173253683,-49.29994909104279,0.2853160077861855,0.3160192471199745,0.07443109634048863,3.527900485199945e-05,12.421901781009286,28.439431324169874,nan,0.03548660119314527,nan
327.55,213.57237243652344,-225.44009399414062,-49.29352951049805,213.29534739262766,-225.53053411722786,-49.3020186579847,0.29153791594669265,0.31595794343341793,0.07442109280291877,3.5962801343843135e-05,12.338797193668833,28.247158795342706,0.8995758669935997,nan,nan
327.56,213.58099365234375,-225.43563842773438,-49.29541015625,213.30434625734824,-225.52623221366093,-49.30329778329897,0.2912099412224294,0.31600453432273495,0.07444442192094335,3.524553574337985e-05,12.058922314803906,27.46654499435887,nan,0.37835058542926076,nan
327.57,213.589599609375,-225.43115234375,-49.2972526550293,213.31335748490486,-225.52189358806606,-49.305270928365466,0.2908745046563892,0.3160512112626388,0.0744678182488425,3.595066737964983e-05,12.038833276980819,28.741592423083002,nan,nan,nan
327.58,213.5982208251953,-225.42660522460938,-49.2990608215332,213.32236061233704,-225.51750051293592,-49.306723334946604,0.29055038218868484,0.3160979735909585,0.07449128128986231,3.5234502695448834e-05,11.875673189209941,27.348882241259563,nan,0.16387805884551332,nan
327.59000000000003,213.60684204101562,-225.42201232910156,-49.30083084106445,213.3313715755467,-225.5130677047099,-49.308620816987045,0.2902339444270937,0.31614482223603335,0.07451481180130437,3.593982649463795e-05,11.856656702728726,27.377890972489737,nan,nan,nan
327.6,213.61544799804688,-225.41738891601562,-49.30256652832031,213.33690985744045,-225.5044812027153,-49.309601805082686,0.291921320383062,0.3160834628206871,0.0745047182512737,3.520353264513484e-05,11.341280990154848,28.185902572416158,0.6415212993791246,0.5457989394414218,nan
327.61,213.6240692138672,-225.41270446777344,-49.30426788330078,213.345917332825,-225.49994478484925,-49.311422429277584,0.2915999474947339,0.31613011754295356,0.0745282313336341,3.590819493718544e-05,11.319958652894694,26.888653913061766,nan,nan,nan
327.62,213.6326904296875,-225.40797424316406,-49.30593490600586,213.35489907225883,-225.49534137184432,-49.3115849289877,0.2912610104280867,0.3161768576234842,0.07455181135571175,3.519485247403961e-05,10.760827184429248,26.27972440905601,nan,1.843203467229151,nan
327.63,213.64129638671875,-225.40321350097656,-49.30756759643555,213.36390583821319,-225.49071477270462,-49.313323538950456,0.2909211574094958,0.31622368390440747,0.07457545897069169,3.589975096547762e-05,10.7342578369155,27.422961154739074,nan,nan,nan
327.64,213.64991760253906,-225.3983917236328,-49.30916976928711,213.37289069315085,-225.48602580489398,-49.31361731319456,0.29059150257790234,0.31627059585261047,0.07459917383765625,3.51872809314821e-05,10.3334318208871,25.661541046080927,nan,1.3943035733944973,nan
327.65000000000003,213.6585235595703,-225.39353942871094,-49.31073760986328,213.38064610764394,-225.49277303392086,-49.315149139108385,0.2950976927770385,0.31620918088303224,0.07458898739563445,3.587043344930148e-05,11.381851856075516,26.65998030628044,12.141865659664631,nan,nan
327.66,213.66714477539062,-225.38864135742188,-49.312278747558594,213.3826109254371,-225.495910013325,-49.316047788764564,0.3041057085624213,0.3156909394471298,0.07390266599277127,3.515873964650445e-05,17.02170653122958,31.488941802847314,nan,0.3632483970036487,0.08707083965864504
327.67,213.67575073242188,-225.38369750976562,-49.313785552978516,213.39159080866912,-225.4911677124604,-49.31763857105554,0.30382816275442187,0.3157363647648412,0.07392331472659783,3.5863263779484046e-05,16.971524470484056,31.949469168968864,nan,nan,nan
327.68,213.68435668945312,-225.3787078857422,-49.31526184082031,213.4005669312656,-225.4864022450192,-49.319760963885976,0.3035703278988068,0.31578187428171917,0.07394402267074272,3.51532413217119e-05,17.07399773706727,31.90373450383925,nan,0.22032196841132834,nan
327.69,213.69297790527344,-225.37368774414062,-49.31671142578125,213.4095455809493,-225.481576359591,-49.321298915383586,0.30330657901937225,0.31582746822802943,0.07396479321061401,3.5858049461595885e-05,17.025402487833745,31.601510707123996,nan,nan,nan
327.7,213.7015838623047,-225.36862182617188,-49.31813049316406,213.4376357162617,-225.48802581859292,-49.32207783018937,0.289726627487375,0.3157656414061904,0.07395535479561821,3.5127575732055344e-05,17.13150809206012,32.54291380270104,4.256247399531857,0.364713026047611,nan
327.71,213.71018981933594,-225.36351013183594,-49.31951904296875,213.44664106027173,-225.48314210888805,-49.32355260431594,0.2894581627020066,0.31581104587127956,0.07397611707618112,3.583180759539438e-05,17.08340459061765,32.329363450024324,nan,nan,nan
327.72,213.71881103515625,-225.35836791992188,-49.320884704589844,213.45564368662076,-225.47822925936123,-49.32534720873924,0.28921221960816085,0.31585653447429307,0.07399693897432313,3.512392122735512e-05,17.13762814787463,32.012999059571484,nan,0.08428626346012917,nan
327.73,213.7274169921875,-225.35317993164062,-49.32221984863281,213.4646476533802,-225.47326568677406,-49.32677220588703,0.2889446970611434,0.31590210745311953,0.07401782353401093,3.582846733411739e-05,17.090412072913253,32.397585856214754,nan,nan,nan
327.74,213.73602294921875,-225.34796142578125,-49.32352828979492,213.4736518459691,-225.46825819826788,-49.328018462742385,0.2886694839158357,0.31594776485700976,0.07403876807785785,3.512113397904915e-05,17.026416242806892,32.61304588580081,nan,0.016359952353880134,nan
327.75,213.74462890625,-225.3426971435547,-49.32481002807617,213.4785355318678,-225.4566001448334,-49.32929269379119,0.2894817297901787,0.31588591013847805,0.07402929306479869,3.580402240146817e-05,16.37862188066143,32.11582841251682,3.718522999958569,nan,nan
327.76,213.75323486328125,-225.33738708496094,-49.32606887817383,213.48753449413053,-225.4515171812046,-49.33126056305215,0.2892219193409994,0.3159313778507891,0.07405022891412924,3.5098035552684544e-05,16.527439929087755,31.925539960926272,nan,0.27230776269439966,nan
327.77,213.76185607910156,-225.33204650878906,-49.327301025390625,213.49653647981467,-225.44637752978457,-49.332587615369796,0.28895331830806653,0.3159769298839772,0.07407122750023318,3.5802364898232704e-05,16.482407131954563,31.543193652175656,nan,nan,nan
327.78000000000003,213.7704620361328,-225.32667541503906,-49.32851028442383,213.5055340333947,-225.44121869598413,-49.3345120440663,0.28869193089394624,0.316022566280908,0.07409228645513348,3.509682603435276e-05,16.66879252202865,32.54119071177203,nan,0.27090721839326143,nan
327.79,213.77906799316406,-225.32125854492188,-49.32969284057617,213.5145347314591,-225.43600479393754,-49.335798219521976,0.288412593108392,0.3160682872893231,0.07411340836443883,3.580149830416482e-05,16.62565526450541,32.191073121486234,nan,nan,nan
327.8,213.78765869140625,-225.31581115722656,-49.33085250854492,213.5118130884405,-225.42168670423158,-49.334395621815325,0.29548770157282883,0.3160064040972884,0.07410389094081492,3.5075234920414555e-05,15.49377743460862,31.878125105622004,3.2493435902783627,4.703880000363261,nan
327.81,213.7962646484375,-225.31031799316406,-49.33198928833008,213.5207987793257,-225.41637732511396,-49.33560935279473,0.2952001554977643,0.31605193520174857,0.07412500354024915,3.577938440812935e-05,15.44464402617375,30.803654747095337,nan,nan,nan
327.82,213.80487060546875,-225.3048095703125,-49.33310317993164,213.52978452138618,-225.41102886246435,-49.336676664730874,0.29490280004559977,0.3160975506083337,0.07414617687720942,3.507543412436687e-05,15.382603940238452,31.50765442061246,nan,0.01086933350439079,nan
327.83,213.8134765625,-225.2992401123047,-49.334197998046875,213.53876885676868,-225.40564858934837,-49.337845513730215,0.2946190624273664,0.31614325056986214,0.07416741325847793,3.577994633336074e-05,15.333998932617652,30.390485842070117,nan,nan,nan
327.84000000000003,213.82208251953125,-225.293701171875,-49.33526611328125,213.5477570845911,-225.4002394896422,-49.338276363015105,0.2943024278038266,0.3161890351213059,0.07418871072942948,3.5076295341422665e-05,15.159312588557604,30.84250477759204,nan,0.36146322219975163,nan
327.85,213.8306884765625,-225.28822326660156,-49.3363151550293,213.52963983676918,-225.37725633940482,-49.33940615107886,0.3139533816202313,0.3161271230624243,0.07417915003440036,3.575919307408732e-05,14.58796085842483,29.876136292892344,10.147681975589064,nan,nan
327.86,213.8392791748047,-225.2828369140625,-49.337345123291016,213.5385816125561,-225.37195585961538,-49.34111787110454,0.3136485995899948,0.31617271749041276,0.07420043770554965,3.505664441434606e-05,14.66011046320652,30.75998708310628,nan,0.2631629593623182,nan
327.87,213.84788513183594,-225.2775421142578,-49.33835220336914,213.54752670191053,-225.36673001485568,-49.34220440010827,0.3133440720039696,0.31621839641544686,0.07422178851907943,3.576102259853107e-05,14.603432146772793,29.951304117398152,nan,nan,nan
327.88,213.85647583007812,-225.2723388671875,-49.33934020996094,213.55648703381485,-225.36153865824227,-49.340762656727264,0.3129726888444228,0.31626415986875384,0.07424320077024357,3.505869163601437e-05,14.180688524755883,29.751043001873253,nan,4.429455590436716,nan
327.89,213.86508178710938,-225.26724243164062,-49.340309143066406,213.5654306295496,-225.3565100811301,-49.34178593474049,0.3126686910867971,0.3163100081090559,0.07426467639521712,3.576344775476234e-05,14.11877996310031,29.32526478323299,nan,nan,nan
327.90000000000003,213.87368774414062,-225.2622528076172,-49.34125518798828,213.57098620072634,-225.34936092739505,-49.34411326908158,0.31499875800415844,0.316248066553856,0.07425506725317352,3.5040166346640127e-05,14.181234884366113,29.72238891790773,0.6304624154917615,1.0475219115632974,nan
327.91,213.8822784423828,-225.25735473632812,-49.342185974121094,213.5799240976249,-225.34452660094627,-49.34511429981251,0.31468342642461916,0.3162937244479851,0.07427653244013038,3.574443042278852e-05,14.122667114186946,29.88205151486481,nan,nan,nan
327.92,213.89088439941406,-225.25254821777344,-49.34309768676758,213.58886632071025,-225.33977358332493,-49.345389313358055,0.31436990284052635,0.31633946680844305,0.07429805939812811,3.5043258995821056e-05,13.969186727166019,28.907380093198807,nan,0.35332590303229733,nan
327.93,213.89947509765625,-225.2478485107422,-49.343990325927734,213.59780386419595,-225.33513357137898,-49.34634809817097,0.3140537756464261,0.3163852938963907,0.0743196498407613,3.574791313234955e-05,13.909539265905668,29.920123465212328,nan,nan,nan
327.94,213.9080810546875,-225.2432403564453,-49.34486389160156,213.60673417995565,-225.33061371903037,-49.34841438468308,0.3137780256824778,0.3164312057391098,0.07434130239366261,3.504684317915169e-05,14.04990682657719,29.414238952060742,nan,0.8904807805612854,nan
327.95,213.9166717529297,-225.2387237548828,-49.34572219848633,213.5875239686606,-225.31309075533497,-49.3494768558971,0.3374652753955134,0.31636923426572866,0.07433164326921161,3.572989654393866e-05,14.128164236125281,29.207508583160287,8.058598546903852,nan,nan
327.96,213.92527770996094,-225.23428344726562,-49.34656524658203,213.59641409761724,-225.30871014681134,-49.350491940483195,0.3372032444298329,0.3164149555338706,0.07435328484239721,3.5029740296143864e-05,14.112387786508945,28.02928014723447,nan,0.006008961074278229,nan
327.97,213.93386840820312,-225.22994995117188,-49.347389221191406,213.60530486734575,-225.30441655791458,-49.35139953323828,0.3369204038095956,0.31646076146867524,0.07437499001782975,3.5734304549813916e-05,14.058206905973229,29.361616597321536,nan,nan,nan
327.98,213.94247436523438,-225.22569274902344,-49.34819412231445,213.6142031504301,-225.30018602316426,-49.35114675186161,0.33663029629334595,0.3165066520962307,0.07439675761822351,3.503418822759219e-05,13.795297507294375,28.165230803815934,nan,0.9235109706670089,nan
327.99,213.95106506347656,-225.22152709960938,-49.3489875793457,213.62309435475356,-225.2960654025178,-49.35201206397905,0.33634787332170324,0.3165526276797702,0.07441858906453314,3.5739148043679256e-05,13.739399233912822,28.87819871100406,nan,nan,nan
328.0,213.9596710205078,-225.21743774414062,-49.349761962890625,213.62654199815137,-225.29164905523925,-49.352138981905775,0.3413032587751483,0.3164906256156344,0.07440887528818844,3.501789989986455e-05,13.876516131177707,27.847276801240437,0.8451226812606755,0.38957059007595163,nan
328.01,213.96827697753906,-225.2134246826172,-49.350521087646484,213.63542168655405,-225.2876986327283,-49.35296790696302,0.3410502181887469,0.3165364103918434,0.07443069509300132,3.572238209049791e-05,13.822685045757227,27.599072742219953,nan,nan,nan
328.02,213.97686767578125,-225.20950317382812,-49.35126876831055,213.64428849780083,-225.28386883633237,-49.3558136520655,0.34082226651757097,0.31658227979842146,0.0744525776243848,3.5023097378254426e-05,14.182898170686167,28.945342978349935,nan,2.9085313380179922,nan
328.03000000000003,213.9854736328125,-225.20565795898438,-49.35199737548828,213.65316881766742,-225.28007803033236,-49.35663485742801,0.34056767818861794,0.3166282340986355,0.07447452412996783,3.572798185697654e-05,14.134507100529792,28.365544383054466,nan,nan,nan
328.04,213.9940643310547,-225.20188903808594,-49.35271453857422,213.66204982206224,-225.27636452300035,-49.35743453301367,0.3402976790726603,0.31667427331824377,0.0744965336900546,3.502864833193618e-05,14.107503332015481,28.841437727736317,nan,4.430590790520418e-05,nan
328.05,214.00267028808594,-225.1981964111328,-49.35341262817383,213.6839002834446,-225.2837365418263,-49.35820874582252,0.3300824632763851,0.3166122402096966,0.07448676319077532,3.5711927082891844e-05,14.618078188142777,28.705414743415,4.456959079450945,nan,nan
328.06,214.0112762451172,-225.19456481933594,-49.354103088378906,213.69278111910353,-225.28024601569263,-49.36138833665961,0.3298992081622524,0.3166580883848567,0.07450876051897536,3.501336538243316e-05,15.431726428077749,28.907511792617917,nan,4.061226009290237,nan
328.07,214.01988220214844,-225.19102478027344,-49.354774475097656,213.70167805138578,-225.2767844813827,-49.3621798246727,0.3296413916656383,0.3167040213900629,0.07453082195500187,3.571817698890501e-05,15.39119509160941,29.78058310636666,nan,nan,nan
328.08,214.02847290039062,-225.1875457763672,-49.35543441772461,213.71057035193095,-225.2734090020828,-49.36379471749195,0.3294000887365408,0.31675003925209083,0.07455294673058514,3.501952168285318e-05,15.792237610012451,30.332378538323074,nan,0.4928255691138051,nan
328.09000000000003,214.03707885742188,-225.1840057373047,-49.35618591308594,213.71946868362136,-225.27002451173794,-49.36462225744217,0.3291604835983371,0.3167961422329456,0.07457513586824586,3.572473441135144e-05,15.737875757024229,29.68078257636158,nan,nan,nan
328.1,214.04568481445312,-225.18040466308594,-49.35702896118164,213.7215739968917,-225.25896575608812,-49.364827347669404,0.3335872932619736,0.31673407737334336,0.07456530436881821,3.500480619608877e-05,14.980051676807058,29.138184586603924,2.676353640127635,0.3905657683823884,nan
328.11,214.05429077148438,-225.1767578125,-49.35795974731445,213.73046859184154,-225.2554424473966,-49.36583102630828,0.33333771588352407,0.3167799890673403,0.07458748058849042,3.570954457897397e-05,14.925856588614437,29.653088515668077,nan,nan,nan
328.12,214.06289672851562,-225.17303466796875,-49.35898208618164,213.73938480660902,-225.2518077499956,-49.36361038442157,0.3329963711698824,0.3168259855551375,0.07460972042116845,3.5011477311364025e-05,13.752998227899088,27.642008689347545,nan,7.750727818049178,nan
328.13,214.07150268554688,-225.1692657470703,-49.36008834838867,213.7482803241195,-225.24816992227952,-49.36475971307805,0.33274672866941896,0.31687206709678656,0.07463202475810186,3.571661995344869e-05,13.70130709411986,28.140016563889017,nan,nan,nan
328.14,214.08010864257812,-225.1654510498047,-49.36128234863281,213.75718154257194,-225.24446299644987,-49.36517795225676,0.33247552595440627,0.31691823372173455,0.07465439302635965,3.501839306072252e-05,13.471861324630726,28.344451528380244,nan,0.4731412234835537,nan
328.15000000000003,214.08871459960938,-225.1615753173828,-49.3625602722168,213.75956978018365,-225.23589236439093,-49.366461778665155,0.33745304470898585,0.3168561366231581,0.07464449804133437,3.570191445798188e-05,13.263908444534895,27.97126391198525,0.7930577601314437,nan,nan
328.16,214.09732055664062,-225.1576385498047,-49.363922119140625,213.76846070175102,-225.2320712105537,-49.36752569547403,0.33719728781023295,0.31690211171558896,0.074666852755619,3.500435594055284e-05,13.158166918099534,27.6198926637161,nan,0.08021852055202813,nan
328.17,214.10592651367188,-225.15365600585938,-49.3653678894043,213.7773498516613,-225.2282008515614,-49.36900802707531,0.33694629756239686,0.3169481717957568,0.07468927212025347,3.57094247206354e-05,13.107131817971144,27.92862829690015,nan,nan,nan
328.18,214.11453247070312,-225.1496124267578,-49.36689758300781,213.78623945858072,-225.22427626541872,-49.37053642153781,0.3366960524832879,0.3169943168958683,0.07471175567524457,3.501167545268323e-05,13.064087818517628,27.538772833566384,nan,0.0010007656693506689,nan
328.19,214.12313842773438,-225.1455078125,-49.368507385253906,213.79512898319103,-225.22029930438748,-49.37218514907534,0.33644834509195054,0.3170405472720735,0.07473430414375172,3.571714305139299e-05,13.015454517051925,27.198588018838166,nan,nan,nan
328.2,214.13174438476562,-225.14137268066406,-49.370201110839844,213.76510575874477,-225.1994620335737,-49.37406977226067,0.3712320319599477,0.3169784172018203,0.07472434169181358,3.499801494722442e-05,13.290887203274197,27.22129675738513,14.275710289459603,0.034154155588074886,nan
328.21,214.14035034179688,-225.13717651367188,-49.371971130371094,213.77392899292002,-225.19535715197344,-49.375882583506126,0.3710321967855878,0.31702445579386285,0.07474687589521493,3.5703004400642435e-05,13.241823176763326,26.825574501370987,nan,nan,nan
328.22,214.14895629882812,-225.13291931152344,-49.373817443847656,213.78275196261234,-225.19120138232063,-49.37777562094025,0.3708343064032109,0.3170705793961491,0.0747694747794519,3.642232128270038e-05,13.194773669243238,26.404179837851473,nan,nan,nan
328.23,214.15757751464844,-225.12863159179688,-49.3757438659668,213.79157484058203,-225.18699517961025,-49.379747847585264,0.370648482628773,0.3171167881531791,0.07479213848902465,3.7156110093598254e-05,13.146260790549812,26.658943513822404,nan,nan,nan
328.24,214.1661834716797,-225.12428283691406,-49.377750396728516,213.80039396403473,-225.18274706167853,-49.38242793668861,0.3704617508738678,0.3171630821518219,0.07481486692978549,3.6372640543318924e-05,13.267054764149151,26.711475397032125,nan,0.2587631283368132,nan
328.25,214.17478942871094,-225.11988830566406,-49.37979507446289,213.81373372492797,-225.18300449145278,-49.38460192876574,0.3665623821275414,0.31710091858635114,0.07480483421440516,3.708138938588093e-05,13.516120131879482,27.02374109872365,0.9434166809458684,nan,nan
328.26,214.1833953857422,-225.11544799804688,-49.381839752197266,213.82256610215762,-225.1786519866076,-49.385810855237416,0.36634449050243745,0.3171470205470872,0.07482754771333526,3.630173241503378e-05,13.277914620468872,26.90871868155201,nan,0.5695190916809499,nan
328.27,214.19200134277344,-225.11094665527344,-49.38386917114258,213.83139257395433,-225.17426249268783,-49.38793391125233,0.3661476499021627,0.31719320765216047,0.0748503264499452,3.703204223142212e-05,13.241706394080548,26.18131554956438,nan,nan,nan
328.28000000000003,214.2006072998047,-225.10641479492188,-49.3858642578125,213.84021138565802,-225.16983947380814,-49.39126765770241,0.36597418154264105,0.3172394799350277,0.07487317015774357,3.625513486438101e-05,13.551259305173076,27.305963787766732,nan,1.0018804698311132,nan
328.29,214.20921325683594,-225.10182189941406,-49.3878288269043,213.84903732786407,-225.16535563030368,-49.39334765621997,0.36577820089299934,0.3172858376500243,0.07489607937207557,3.698427399283898e-05,13.52158095127204,26.53665991977074,nan,nan,nan
328.3,214.2178192138672,-225.09719848632812,-49.38975524902344,213.83665674640758,-225.151982495011,-49.3963287991267,0.3851354641787981,0.3172236398339119,0.07488597261544125,3.618752272970254e-05,14.041193710612392,27.151697426504967,4.996947388663501,0.7616020374071041,nan
328.31,214.22642517089844,-225.09251403808594,-49.39164352416992,213.84544531887838,-225.1473944505652,-49.398346425299586,0.38497069525182853,0.3172698052502634,0.0749088661493142,3.691464295310587e-05,14.016757905372318,26.482924967834805,nan,nan,nan
328.32,214.2350311279297,-225.08779907226562,-49.39349365234375,213.8542321032989,-225.14276378809515,-49.40057944028425,0.3848106359454206,0.31731605577988975,0.07493182488488116,3.61440124284529e-05,14.139971790390922,27.230563675245936,nan,0.04176052087557687,nan
328.33,214.24362182617188,-225.08302307128906,-49.39530944824219,213.86301987615596,-225.13808574433955,-49.402527934611165,0.38463209546895727,0.3173623916716902,0.07495484928384537,3.6870101948544575e-05,14.116408212983213,26.91574264704912,nan,nan,nan
328.34000000000003,214.25222778320312,-225.07821655273438,-49.39708709716797,213.8718139079744,-225.13335184609116,-49.40328152378703,0.38443853599920774,0.3174088129670653,0.07497793918961583,3.6102016176505496e-05,13.717824653410863,26.654387781279997,nan,0.8912185156850289,nan
328.35,214.26083374023438,-225.0733642578125,-49.398834228515625,213.8781433190525,-225.12293356528969,-49.4052057354417,0.38593998342830355,0.3173465803479446,0.07496775539726509,3.680388273926733e-05,13.282387337771164,26.428113407614152,2.1275367334076734,nan,nan
328.36,214.26943969726562,-225.06846618652344,-49.400543212890625,213.88692827100948,-225.1181114256742,-49.40767694448881,0.3857856025221259,0.3173928090826953,0.07499082890551027,3.603923567672051e-05,13.543891204641902,26.633282523653307,nan,0.27015754043127893,nan
328.37,214.27804565429688,-225.0635223388672,-49.402217864990234,213.89571651451652,-225.1132406866675,-49.40948367147093,0.38561674908773347,0.3174391231087895,0.07501396823587937,3.6762540976675184e-05,13.520819409038106,26.444141418006616,nan,nan,nan
328.38,214.28665161132812,-225.0585479736328,-49.40385818481445,213.9045099650794,-225.10831935033926,-49.410283238120805,0.3854227666432421,0.3174855224732396,0.07503717329228689,3.6000301531894134e-05,13.183479840081636,26.605650012514758,nan,0.6327421823074476,nan
328.39,214.2952423095703,-225.0535125732422,-49.40546798706055,213.91329742982833,-225.10336477293882,-49.412015280908065,0.3852401848619036,0.3175320074167103,0.0750604444461586,3.672276166324438e-05,13.157467795141624,26.13544419811359,nan,nan,nan
328.40000000000003,214.30384826660156,-225.0484619140625,-49.40704345703125,213.93747762426244,-225.09487254640388,-49.41471588203815,0.36937820789509596,0.31746973922295574,0.07505017998602952,3.5940724653659166e-05,12.518239669914903,27.684448720760038,14.817525302415902,0.37961798785163364,nan
328.41,214.3124542236328,-225.04335021972656,-49.40858840942383,213.9463035822549,-225.08980954381016,-49.41639806185776,0.3691690014707374,0.317516031336778,0.0750734339784543,3.666149487893604e-05,12.497730808819469,26.647846800132783,nan,nan,nan
328.42,214.32106018066406,-225.0382080078125,-49.41010284423828,213.95512795309597,-225.0847079736878,-49.4182511773447,0.3689648185555995,0.3175624087229633,0.07509675390812576,3.5904801815762935e-05,12.636356773165433,27.176451079085165,nan,0.027117942373275257,nan
328.43,214.32965087890625,-225.03302001953125,-49.41158676147461,213.9639529613025,-225.07956509174372,-49.41987561055895,0.3687412584809547,0.3176088716164798,0.07512014009743664,3.662484740492481e-05,12.616177724189857,27.359778444853323,nan,nan,nan
328.44,214.3382568359375,-225.02780151367188,-49.41304397583008,213.97279325750134,-225.07436160900778,-49.41854653302025,0.3684586106697538,0.3176554200727149,0.07514359252358789,3.587034605029692e-05,11.537578464645717,26.04864614889744,nan,5.74384516288669,nan
328.45,214.3468475341797,-225.0225372314453,-49.41447067260742,213.99198926747314,-225.07054421604906,-49.42008634147231,0.3581348848653486,0.3175931157150867,0.07513324423579912,3.6566830926323524e-05,11.186920543747032,26.48123365041582,1.9585304294904442,nan,nan
328.46,214.35545349121094,-225.01724243164062,-49.41586685180664,214.00083429891038,-225.0652801630237,-49.421605368209065,0.3579040733979346,0.317639471071666,0.07515667874606338,3.581538352276768e-05,11.197442475939656,26.346047427200524,nan,5.2209415765978816e-05,nan
328.47,214.36404418945312,-225.01190185546875,-49.417236328125,214.0096789349376,-225.05997783922467,-49.42308834816751,0.3576594469051988,0.3176859118630903,0.07518017967869785,3.6533239732255746e-05,11.169090960944775,26.423208459085693,nan,nan,nan
328.48,214.37265014648438,-225.00653076171875,-49.4185791015625,214.01852603781413,-225.0546345842506,-49.42400643736595,0.35741756819943493,0.31773243815044055,0.07520374705007621,3.5783844291839755e-05,11.008828223102505,26.001568229780602,nan,0.19553818323404543,nan
328.49,214.38124084472656,-225.00111389160156,-49.419891357421875,214.02736985833462,-225.04925770341836,-49.42543126991223,0.35717389638193947,0.3177790501602898,0.07522738112406306,3.650113277118822e-05,10.980762030602087,26.142495358111585,nan,nan,nan
328.5,214.3898468017578,-224.99566650390625,-49.421180725097656,214.01683407283033,-225.03790526123456,-49.428620935820604,0.3754703254561741,0.3177167088594983,0.07521694549078713,3.573188436281674e-05,12.002019866228123,26.046328326996115,4.906914031710028,2.5108243725977495,nan
328.51,214.3984375,-224.9901885986328,-49.422447204589844,214.02564062878153,-225.03245159252205,-49.43001115214475,0.3752610839740446,0.31776312749279917,0.07524056085914296,3.644776059616683e-05,11.976200232904686,26.68196394600335,nan,nan,nan
328.52,214.4070281982422,-224.9846649169922,-49.423683166503906,214.03445497570473,-225.0269532993988,-49.429746985449064,0.37501451083752857,0.3178096315544044,0.07526424286133533,3.570317314728322e-05,11.391148953125855,25.69613393435697,nan,1.8010101911070606,nan
328.53000000000003,214.41563415527344,-224.97911071777344,-49.424896240234375,214.04326052610983,-225.02142866975134,-49.43107246637067,0.3748213901651888,0.31785622126526536,0.07528799173055613,3.641858315006291e-05,11.3639499425468,25.312386415289392,nan,nan,nan
328.54,214.42422485351562,-224.97352600097656,-49.42608642578125,214.05206860000402,-225.01586583638021,-49.43173326703583,0.3745995535314435,0.3179028966947632,0.07531180752910592,3.5675832787860014e-05,11.16469934764048,25.745089049091085,nan,0.27934005454566746,nan
328.55,214.4328155517578,-224.9678955078125,-49.42725372314453,214.0543981112937,-225.00099093971403,-49.43284247373718,0.37990301524645836,0.31784051782732065,0.07530128128555412,3.636820828033388e-05,10.571127388979269,25.079831760376205,4.917167661520763,nan,nan
328.56,214.44140625,-224.96224975585938,-49.42839431762695,214.06320729003272,-224.9953279340449,-49.43235690166819,0.3796634315610181,0.31788699960248984,0.07532507758939075,3.5628135329679414e-05,10.107254814932384,25.526274589626684,nan,2.0443931052339646,nan
328.57,214.4499969482422,-224.95655822753906,-49.42951583862305,214.07200716145053,-224.9896395457829,-49.43356485605732,0.3794562518627627,0.31793356695293584,0.07534894092417319,3.634185345886517e-05,10.073182144282498,24.776814536994394,nan,nan,nan
328.58,214.45858764648438,-224.95083618164062,-49.43061065673828,214.08079711745216,-224.98392588006814,-49.436618129876614,0.3792844601377305,0.3179802199535245,0.07537287137568296,3.560348201705162e-05,10.591241650389932,25.467299425009656,nan,2.3768357957741677,nan
328.59000000000003,214.46717834472656,-224.94508361816406,-49.43168640136719,214.0895951978295,-224.97817131172553,-49.43780177804548,0.37907944565462287,0.3180269588170911,0.07539686914197409,3.631686339222087e-05,10.562927982879199,25.440103748904356,nan,nan,nan
328.6,214.47576904296875,-224.93930053710938,-49.4327392578125,214.1355518159185,-224.98616602912995,-49.439673806713884,0.3434999619979083,0.3179645415987671,0.07538624884561611,3.5558515888270526e-05,10.463543735619433,26.077395753669993,13.487686511186892,0.295840823840812,nan
328.61,214.48435974121094,-224.93356323242188,-49.433773040771484,214.1444147126061,-224.98041169788365,-49.4408244252072,0.34323042291108574,0.3180110865236427,0.07541022630144129,3.627071408313756e-05,10.435522762615724,25.93783616727845,nan,nan,nan
328.62,214.49295043945312,-224.92791748046875,-49.43478775024414,214.15327151756642,-224.97472464558112,-49.4431515723524,0.34299072028296473,0.3180577170293007,0.07543427105556681,3.553643744963817e-05,10.984507780874601,26.962811756624916,nan,0.9798569631953561,nan
328.63,214.5015411376953,-224.92236328125,-49.4357795715332,214.16213332164946,-224.96912081394026,-49.44427464872424,0.3427186875453041,0.31810443332327726,0.07545838328866437,3.624838256965985e-05,10.958175164374325,26.77005956051245,nan,nan,nan
328.64,214.5101318359375,-224.91690063476562,-49.43675231933594,214.17099171805245,-224.96361756173704,-49.44602200992959,0.34246812696722756,0.3181512354882879,0.0754825631126025,3.551560219393622e-05,11.338841378048885,26.606910234450787,nan,0.28365512682738286,nan
328.65000000000003,214.5187225341797,-224.91156005859375,-49.43770217895508,214.17154436299646,-224.9544036251791,-49.44721776391529,0.3499411380518471,0.3180887792646316,0.07547184544001591,3.620492210354218e-05,11.419487640567954,27.392947564675286,1.1143999308876509,nan,nan
328.66,214.5272979736328,-224.90631103515625,-49.438636779785156,214.1231531081935,-224.94928003711013,-49.44710031464801,0.40651081020343577,0.3119451979391692,0.0754959403004402,3.547392508143631e-05,18.194550537145343,33.98784979915718,nan,0.9503760383830828,0.5293566541075811
328.67,214.535888671875,-224.9011688232422,-49.439552307128906,214.13197620033742,-224.94412043917623,-49.448146311434556,0.40628067008528473,0.31198676340763126,0.07552013519839602,3.618457229522344e-05,18.139144941284144,33.55673751783762,nan,nan,nan
328.68,214.5444793701172,-224.8961181640625,-49.44044876098633,214.1408232523932,-224.9390623121463,-49.44873881095392,0.40601870173565396,0.31202840817257216,0.07554439158739733,3.545551462088194e-05,17.960879966651664,32.91282040750148,nan,0.13085085449705142,nan
328.69,214.55307006835938,-224.8911895751953,-49.44132995605469,214.14964629787661,-224.9341063031048,-49.44974625930162,0.40578740528179197,0.31207014119205506,0.07556870963287657,3.616601360759185e-05,17.903175398366884,33.84353593629744,nan,nan,nan
328.7,214.5616455078125,-224.88633728027344,-49.44219207763672,214.131518703731,-224.92062713334897,-49.45093264533954,0.43157995682965083,0.3120049207192488,0.07555790800909036,3.541681538826853e-05,18.69279147679063,32.91187537655613,11.085543584573458,0.04274973184192471,nan
328.71,214.5702362060547,-224.881591796875,-49.44303512573242,214.14028520846722,-224.9158610789455,-49.451908357258056,0.4314058162076574,0.31204648391003315,0.07558220035698393,3.612631653120107e-05,18.63992232615088,32.89217291459037,nan,nan,nan
328.72,214.57882690429688,-224.87693786621094,-49.44386291503906,214.14913525735628,-224.91118699840715,-49.45129758189175,0.43111853216711365,0.3120881266438276,0.07560655442821776,3.54006866404354e-05,17.947503834105078,32.024357206522794,nan,1.7016309894801827,nan
328.73,214.58740234375,-224.8723907470703,-49.44467544555664,214.1579017470935,-224.9066099491822,-49.45222595773697,0.4309277509695313,0.31212985728488074,0.0756309703802791,3.6110107072816615e-05,17.888059586862273,33.10697063332007,nan,nan,nan
328.74,214.5959930419922,-224.867919921875,-49.44546890258789,214.16669367427943,-224.90212391040316,-49.45265517158409,0.43071974927079265,0.31217166790163414,0.07565544834613018,3.538565599848666e-05,17.695162916377683,31.772431737013708,nan,0.16151576885748278,nan
328.75,214.60458374023438,-224.86354064941406,-49.446250915527344,214.19565340117813,-224.90580919297742,-49.453584637011325,0.41117445865036845,0.31210652938012273,0.07564455203738997,3.607276295371825e-05,17.419129338534358,32.13704403753642,4.659635045339242,nan,nan
328.76,214.61317443847656,-224.8592529296875,-49.44701385498047,214.20439605157517,-224.90151464954553,-49.45568184974019,0.4110486062453138,0.31214817015666496,0.07566900372356684,3.535030865003895e-05,17.979769003276438,32.985078252157805,nan,1.0272742340413745,nan
328.77,214.62176513671875,-224.85504150390625,-49.44776153564453,214.21320178415945,-224.8973045486864,-49.456558107164255,0.4108376293368033,0.3121898985004344,0.07569351751249223,3.605876974033808e-05,17.92805079711821,32.50839697471393,nan,nan,nan
328.78000000000003,214.63034057617188,-224.85092163085938,-49.44849395751953,214.22203655419912,-224.89317846143513,-49.45685271741626,0.4105699489203342,0.3122317070530159,0.07571809354242262,3.5337379388063e-05,17.685494534638035,33.163728982675984,nan,0.22300965442110604,nan
328.79,214.63893127441406,-224.8468780517578,-49.449214935302734,214.23084314415993,-224.8891361480471,-49.45769533618773,0.4103578754641803,0.3122736033226323,0.07574273196312291,3.604584136038563e-05,17.631733278070925,32.26797922170048,nan,nan,nan
328.8,214.64752197265625,-224.84292602539062,-49.449920654296875,214.2299039688424,-224.88019445862733,-49.45985531393986,0.41939531552893056,0.31220853797428866,0.07573173825906751,3.5304126711631414e-05,18.371718990427738,33.392389948153394,2.2145532640941012,1.575182066431124,nan
328.81,214.65611267089844,-224.8390350341797,-49.45061111450195,214.23869616154815,-224.8763038959898,-49.46068261717406,0.41919797888930127,0.312250264093799,0.0757563497986751,3.601173613050776e-05,18.322657187295537,32.53775839950914,nan,nan,nan
328.82,214.66470336914062,-224.83523559570312,-49.45128631591797,214.24745723849347,-224.87249219895185,-49.462148383290085,0.4190469812959567,0.312292070644531,0.07578102380211287,3.5293170621383466e-05,18.777328088338564,33.68390138414566,nan,0.29454131500415476,nan
328.83,214.6732940673828,-224.8313751220703,-49.45205307006836,214.2562505528002,-224.8686909760755,-49.463009079918486,0.4188529576920679,0.3123339645855088,0.07580576041602581,3.6000834282695846e-05,18.70638666720916,33.380311927487604,nan,nan,nan
328.84000000000003,214.681884765625,-224.8274688720703,-49.452911376953125,214.26497295116715,-224.86483555525214,-49.46546177402597,0.41877110993146605,0.3123759393786626,0.07583055978324055,3.528316180676997e-05,19.773249158942328,34.88773980289395,nan,1.5632162704721528,nan
328.85,214.6904754638672,-224.82350158691406,-49.453861236572266,214.251953278617,-224.84623976046453,-49.46647330946088,0.43929238085306094,0.3123109532655124,0.07581946597217362,3.59687418067118e-05,19.239851482388758,34.235113716950295,6.1169284909121195,nan,nan
328.86,214.69906616210938,-224.81947326660156,-49.45489501953125,214.26076288545053,-224.84224287092732,-49.46675022790505,0.4390543966032182,0.3123527578678398,0.07584423784246747,3.525277664585805e-05,18.743061579461468,33.4469982344264,nan,0.5267393040134047,nan
328.87,214.70765686035156,-224.81539916992188,-49.45602035522461,214.269532070142,-224.83819308885893,-49.46797717496539,0.43888023431797774,0.31239464954337437,0.07586907254014622,3.595973363035523e-05,18.669963764004898,33.67029593254311,nan,nan,nan
328.88,214.71624755859375,-224.811279296875,-49.45722579956055,214.2783096581464,-224.83409054167902,-49.46911330864159,0.4386926833329718,0.31243662227648655,0.0758939702094188,3.524456017415782e-05,18.6410899889946,34.08366496770694,nan,0.0222253035402113,nan
328.89,214.724853515625,-224.80709838867188,-49.45852279663086,214.2870794997992,-224.82993592242997,-49.47051312204019,0.4385332482079518,0.31247868224542463,0.07591893099490803,3.5951633433891306e-05,18.57007527311951,32.984380388513415,nan,nan,nan
328.90000000000003,214.7334442138672,-224.80287170410156,-49.45989990234375,214.27798978962653,-224.8086822730457,-49.472128413619735,0.45565560652741804,0.3124137678621274,0.07590773434652658,3.5215947647693404e-05,17.838535178583445,34.08668682027794,10.888957490606085,0.014130365469521679,nan
328.91,214.74203491210938,-224.798583984375,-49.461360931396484,214.28675139248713,-224.8043821520249,-49.47369934496538,0.4554875831865342,0.3124556573274931,0.07593266700255162,3.592227976048365e-05,17.76937886316783,33.441050745228466,nan,nan,nan
328.92,214.75062561035156,-224.7942657470703,-49.46290588378906,214.2956276510506,-224.8000326834496,-49.4727496439688,0.45514096732519166,0.3124976280433159,0.07595766284440283,3.5209398327037886e-05,16.22072851420048,32.852703007261816,nan,4.7303483456423745,nan
328.93,214.75921630859375,-224.78988647460938,-49.46452713012695,214.30438960657332,-224.79563326501275,-49.47446076304089,0.4549714623287783,0.3125396856940906,0.0759827220166994,3.5915887972737526e-05,16.15479769395863,32.25434576407491,nan,nan,nan
328.94,214.767822265625,-224.78546142578125,-49.46623229980469,214.31314208922686,-224.7911848728765,-49.47647836364344,0.4548316199213567,0.31258182500219295,0.07600784466367581,3.520364799925253e-05,16.328952812712178,32.02500148313004,nan,0.03523521196077029,nan
328.95,214.7764129638672,-224.78097534179688,-49.468017578125,214.30095724061803,-224.77961401689024,-49.478319474187934,0.47556926628869745,0.31251698701851627,0.07599654243768388,3.588821855887917e-05,16.67219182835632,31.460376831644847,5.865044114978534,nan,nan
328.96,214.78500366210938,-224.77645874023438,-49.469879150390625,214.30977902688988,-224.77506451933337,-49.47785442726019,0.4752935964354712,0.3125589557515415,0.07602163630701855,3.517743390379479e-05,15.461891698106928,31.157911783524256,nan,4.094718210022931,nan
328.97,214.79359436035156,-224.7718963623047,-49.47182083129883,214.31849880567444,-224.77046621573422,-49.47986481806207,0.47516579960706923,0.31260101112981115,0.07604679371796176,3.588340823247116e-05,15.395821065815673,31.11865737594292,nan,nan,nan
328.98,214.80218505859375,-224.76727294921875,-49.473838806152344,214.32721578798885,-224.76582101518554,-49.48201873477797,0.4750419216908225,0.3126431483392893,0.07607201481369871,3.517317787928277e-05,15.435613966574627,30.416689612634556,nan,0.0030061872409472053,nan
328.99,214.810791015625,-224.7626190185547,-49.475894927978516,214.33593531946303,-224.7611297387586,-49.48416782143691,0.4749300905374931,0.3126853723712772,0.07609729974036909,3.58793552477998e-05,15.380786095934445,30.73084961864456,nan,nan,nan
329.0,214.8193817138672,-224.75790405273438,-49.47795486450195,214.3472057800862,-224.76833630174306,-49.48556783449991,0.47235251833087283,0.3126206044249232,0.07608588918504874,3.514843139424472e-05,16.317591178856564,29.73645180269964,13.749039213203185,0.35289993435704897,nan
329.01,214.82797241210938,-224.75315856933594,-49.4799919128418,214.35590336460933,-224.76359321363233,-49.48772115471448,0.47224761364046725,0.3126626575686362,0.07611114467101184,3.5853950545417155e-05,16.275123441880265,30.405127897208285,nan,nan,nan
329.02,214.83656311035156,-224.7483673095703,-49.48200225830078,214.36462188192397,-224.7588064684175,-49.4893095073757,0.4721132226661611,0.31270479270406726,0.07613646404807384,3.51455521819013e-05,16.06879806211346,30.046053875005832,nan,0.2045357851978259,nan
329.03000000000003,214.84515380859375,-224.74351501464844,-49.48397445678711,214.37331896283857,-224.75397529170075,-49.49140137419319,0.4720092140700062,0.31274701438990643,0.0761618474642118,3.585130554788143e-05,16.03091282104371,29.217904325765748,nan,nan,nan
329.04,214.85374450683594,-224.7386474609375,-49.48590850830078,214.38211951235414,-224.7491042343702,-49.49075726006031,0.47176582106401765,0.31278931845911373,0.07618729505995064,3.514333229008977e-05,15.10115094604766,29.647510851266304,nan,5.109459786937618,nan
329.05,214.8623504638672,-224.7337188720703,-49.48780822753906,214.4140445734094,-224.75713521893633,-49.49277316074767,0.44894448129080095,0.3127246239797856,0.07617577341871243,3.582727980756012e-05,15.23246193968275,28.374425834623842,5.174158963577524,nan,nan
329.06,214.87094116210938,-224.72874450683594,-49.48966979980469,214.42276782566938,-224.75220007981102,-49.49493646184206,0.44881760340739785,0.3127667570580356,0.07620119089453314,3.512054731560373e-05,15.276996513869943,28.7116184745576,nan,0.029377680421298995,nan
329.07,214.87953186035156,-224.72373962402344,-49.49149703979492,214.43149833462047,-224.74722347670738,-49.4968610572284,0.4486806260570429,0.3128089764262837,0.0762266726143148,3.5825925727028145e-05,15.232054586864642,29.139849519947408,nan,nan,nan
329.08,214.88812255859375,-224.71868896484375,-49.493282318115234,214.44025072369485,-224.74220638683747,-49.498141505075274,0.4485151740251995,0.31285127831873044,0.0762522187161941,3.511954520123858e-05,15.043690654711693,28.825629442136318,nan,0.25970804218324145,nan
329.09000000000003,214.89671325683594,-224.71360778808594,-49.49503707885742,214.44898049354367,-224.73714732974187,-49.499989638344644,0.44837848431004534,0.3128936666938081,0.07627782935162024,3.58251897298771e-05,14.997480039758168,29.178146213111194,nan,nan,nan
329.1,214.90530395507812,-224.70846557617188,-49.49675369262695,214.4264516462075,-224.7191457078029,-49.50144741657609,0.4789943945046592,0.3128290403177588,0.07626619385292496,3.509794886903494e-05,15.249254725213836,27.781693433202967,12.742023348828697,0.009678009294611456,nan
329.11,214.9138946533203,-224.70330810546875,-49.49843978881836,214.4351236350621,-224.71398869934933,-49.50322203604936,0.4789140140967143,0.31287125738948357,0.07629177367558063,3.580299477937368e-05,15.202079137785695,28.857019477376436,nan,nan,nan
329.12,214.9224853515625,-224.69808959960938,-49.500091552734375,214.4438387132599,-224.7087944848216,-49.50371641745891,0.47878005239363386,0.31291355711279406,0.0763174180792099,3.509805780785796e-05,14.882124816923685,27.496018676853186,nan,1.0925298371599146,nan
329.13,214.9310760498047,-224.69284057617188,-49.501708984375,214.4525100777049,-224.70355885691671,-49.505413596851085,0.47870031893403925,0.31295594307618024,0.07634312721801137,3.580339282731011e-05,14.834727227359043,27.865573662412856,nan,nan,nan
329.14,214.9396514892578,-224.68756103515625,-49.503292083740234,214.46124375828978,-224.6982881819065,-49.5052325288939,0.4785319153983091,0.31299841206741735,0.07636890122612863,3.509869902877082e-05,14.500738730524022,28.384721509633742,nan,2.3940768934300545,nan
329.15000000000003,214.9482421875,-224.68223571777344,-49.504844665527344,214.47602159522316,-224.69906073281555,-49.50682312887073,0.4725243731477341,0.3129338561453703,0.07635714910659884,3.578230208382872e-05,14.81845176077737,27.49011986990364,1.3109234336906401,nan,nan
329.16,214.9568328857422,-224.6768798828125,-49.506370544433594,214.48469879832246,-224.69372625067106,-49.50829810270806,0.4724384744012611,0.3129761536999389,0.0763828915929603,3.507867032181709e-05,14.7585704952171,27.689231336255084,nan,0.008584247249287167,nan
329.17,214.96542358398438,-224.67147827148438,-49.50786209106445,214.49337199520568,-224.6883543004599,-49.50985283116794,0.47235734975613003,0.3130185372635458,0.07640869901273241,3.57837294151448e-05,14.70817506579437,27.292009685497792,nan,nan,nan
329.18,214.97401428222656,-224.66604614257812,-49.50932312011719,214.5020211748933,-224.68294382658505,-49.51211089191313,0.4723037124208377,0.31306100396305536,0.07643457149711497,3.50802809800241e-05,14.76322353167514,27.63887604570706,nan,0.3770839006995671,nan
329.19,214.9825897216797,-224.6605682373047,-49.51075744628906,214.51069339972858,-224.67749853136658,-49.513615142381596,0.472208576748625,0.3131035568794463,0.07646050920459019,3.5785650180664086e-05,14.714564049154262,27.531523884338952,nan,nan,nan
329.2,214.99118041992188,-224.6550750732422,-49.51216125488281,214.5297932833583,-224.67363396610264,-49.51620720631226,0.4617779683067628,0.3130390668973763,0.07644863767664573,3.5061193402848385e-05,14.51438189499494,28.386832879744475,3.0875414655793576,1.0709371943322084,nan
329.21,214.99977111816406,-224.64952087402344,-49.5135383605957,214.53848969350813,-224.6681143332754,-49.51766640442754,0.46167446345389623,0.3130814480658536,0.07647454314056974,3.57660049689542e-05,14.47027006248988,27.089317357061798,nan,nan,nan
329.22,215.0083465576172,-224.64395141601562,-49.514888763427734,214.54715793339795,-224.66255747029837,-49.520010544801856,0.46159220640046045,0.31312391246535987,0.07650051386091654,3.5063679265008966e-05,14.685462027812182,28.657944629869466,nan,0.5847309142689805,nan
329.23,215.01693725585938,-224.63833618164062,-49.51620864868164,214.55585321498762,-224.6569683155268,-49.52142571188002,0.46148983402475185,0.31316646286790245,0.07652654999917614,3.576881746919172e-05,14.644102575505203,27.645847194310356,nan,nan,nan
329.24,215.02552795410156,-224.6326904296875,-49.51750564575195,214.56462441682004,-224.65135155035745,-49.520221956542784,0.4612891570886878,0.31320909686293047,0.07655265168217411,3.506658533122989e-05,14.03925934450376,27.13998786908922,nan,4.729895596805324,nan
329.25,215.0341033935547,-224.62701416015625,-49.518775939941406,214.57279429955253,-224.6424316704191,-49.52151545874076,0.46157478786763456,0.3131446742532941,0.07654065798309458,3.575003618440087e-05,13.687361997735783,27.72863386970644,0.9918136362318978,nan,nan
329.26,215.04269409179688,-224.62130737304688,-49.52001953125,214.58151315624758,-224.63673260310108,-49.522142259620765,0.46144371163998216,0.3131871363377079,0.07656672668499614,3.504872043722077e-05,13.551322038565603,27.273888811935695,nan,0.3315804405439887,nan
329.27,215.05126953125,-224.61557006835938,-49.521240234375,214.59021176276826,-224.63099870956637,-49.52342473338697,0.46132101717002516,0.31322968422214,0.07659286099616439,3.575364914765227e-05,13.500683471948442,27.762941110595264,nan,nan,nan
329.28000000000003,215.05984497070312,-224.6097869873047,-49.522438049316406,214.59891088524708,-224.62523234546447,-49.52464240347686,0.4611980587569183,0.3132723157759447,0.07661906104046418,3.505237929740074e-05,13.451951028206226,27.019898196359907,nan,0.0012161215271989348,nan
329.29,215.0684356689453,-224.60398864746094,-49.52360916137695,214.60760816364774,-224.61943373225688,-49.52587818876568,0.4610918441790411,0.3133150333520128,0.0766453269836968,3.575764715110697e-05,13.402682248731814,27.36135747491464,nan,nan,nan
329.3,215.07701110839844,-224.59814453125,-49.524757385253906,214.58371222325144,-224.59731937969588,-49.52612622361673,0.4933014744360922,0.3132506743054085,0.07663320831512689,3.503524191913523e-05,13.320062670401727,26.75911893966096,9.946772059914489,0.6527322708916359,nan
329.31,215.08558654785156,-224.59226989746094,-49.525882720947266,214.5923548975394,-224.59142955988852,-49.527307461040536,0.4932344239012866,0.3132932196604394,0.07665944052745555,3.573997868735348e-05,13.269936104810235,26.724707246188288,nan,nan,nan
329.32,215.09417724609375,-224.58636474609375,-49.52698516845703,214.60107540710058,-224.58551740379002,-49.52547385688674,0.49310488303208655,0.31333584874973897,0.07668573865792652,3.5039572479514824e-05,13.225887184495088,26.281156063437084,nan,6.311465130973361,nan
329.33,215.10275268554688,-224.5804443359375,-49.52806854248047,214.6097167196595,-224.57956583310528,-49.526582335305676,0.49303898855718004,0.3133785636741644,0.0767121028751707,3.57446599717885e-05,13.167815141893465,27.341107034010655,nan,nan,nan
329.34000000000003,215.111328125,-224.57447814941406,-49.52912521362305,214.61837493404164,-224.57358612965226,-49.52698074543283,0.49295866248510517,0.3134213626806081,0.07673853329893345,3.504422708747322e-05,13.184433650536146,26.64929661238363,nan,0.33463003171916295,nan
329.35,215.11990356445312,-224.5684814453125,-49.53016662597656,214.63847180906023,-224.56776346164946,-49.52811428226903,0.48143666532152896,0.31335706786460876,0.07672628690477726,3.572765084562616e-05,12.56567855674465,26.59421744319161,4.492047557084827,nan,nan
329.36,215.12847900390625,-224.56251525878906,-49.53118133544922,214.64709737938398,-224.5617337452994,-49.53093601165343,0.4813823214190568,0.31339969445966614,0.07675268283271222,3.50280183428847e-05,12.393524945421236,27.018842606806814,nan,2.2327827059122387,nan
329.37,215.13705444335938,-224.55661010742188,-49.53218078613281,214.65576612927694,-224.55575451467112,-49.531976358244506,0.4812891179966864,0.31344240671249735,0.07677914503175444,3.573293783085964e-05,12.335691763840114,26.425362350343207,nan,nan,nan
329.38,215.1456298828125,-224.55079650878906,-49.53315734863281,214.6644676644109,-224.5498606180704,-49.53160070311484,0.48116564658531263,0.31348520309560757,0.076805673619019,3.503324180486277e-05,12.345620497849652,26.42632228092976,nan,1.3751415529203186,nan
329.39,215.15420532226562,-224.54510498046875,-49.534114837646484,214.673135357744,-224.5440601370803,-49.53258912348983,0.4810735185667883,0.3135280853718837,0.07683226876697027,3.573851811583756e-05,12.281359770167027,27.301089109189643,nan,nan,nan
329.40000000000003,215.16278076171875,-224.5395050048828,-49.53505325317383,214.66898353188526,-224.53157796398597,-49.533845515719804,0.49386232980291833,0.31346385154620676,0.076819891844294,3.501758099789998e-05,12.203077220046284,26.34877286259118,1.6346723825149783,0.07868024900833438,nan
329.41,215.17135620117188,-224.5340118408203,-49.53597640991211,214.6776302886201,-224.52597823569943,-49.534799974489445,0.4937926685731889,0.31350656110070235,0.0768464517195978,3.5722341933858535e-05,12.142050902064918,26.146698632702027,nan,nan,nan
329.42,215.179931640625,-224.52862548828125,-49.5368766784668,214.68627031063167,-224.52048546775805,-49.53602813413003,0.49372916532487016,0.31354935482294405,0.07687307816151592,3.502330518439016e-05,12.066133025067561,26.1210681233097,nan,0.05974213651718289,nan
329.43,215.18850708007812,-224.52334594726562,-49.53776168823242,214.69491670549002,-224.51510074632878,-49.5369508681846,0.4936599018085921,0.3135922342751511,0.07689977134489562,3.5728430860861706e-05,12.006547180587349,26.00760287134553,nan,nan,nan
329.44,215.1970672607422,-224.5181884765625,-49.53862762451172,214.703572542913,-224.50982303089253,-49.537416725698364,0.4935671012967686,0.31363519823058456,0.07692653138337852,3.502927309289965e-05,11.970466792095635,27.33408489828578,nan,0.1364167212209335,nan
329.45,215.2056427001953,-224.5131072998047,-49.53947830200195,214.70089188074564,-224.50502243025184,-49.538257684396264,0.5048170408753431,0.3135710254391261,0.07691402118765409,3.5712744269016026e-05,12.550788551958677,25.328111617899282,4.624701213280436,nan,nan
329.46,215.21421813964844,-224.50814819335938,-49.54030990600586,214.70949722422222,-224.49995660345203,-49.53962477428424,0.5047878505068903,0.3136138164568178,0.0769407451623433,3.50142966966248e-05,12.4648371040556,26.34726744373405,nan,0.17579884428666984,nan
329.47,215.22279357910156,-224.50328063964844,-49.5411262512207,214.7181129000972,-224.49499226571538,-49.54048191231476,0.5047491456905974,0.31365669304981003,0.07696753605575311,3.571927742082231e-05,12.406502276583755,25.89082773576152,nan,nan,nan
329.48,215.2313690185547,-224.49850463867188,-49.54192352294922,214.7267382720764,-224.49012750871714,-49.540843702940315,0.5047014291724966,0.31369965416876044,0.07699439397942558,3.502068133824727e-05,12.372498128460121,25.662673356756123,nan,0.16250149263432484,nan
329.49,215.2399444580078,-224.49383544921875,-49.54270553588867,214.7353540623925,-224.4853571353993,-49.54166560825746,0.5046626899245811,0.3137427011100279,0.07702131911127189,3.572602824848353e-05,12.31297194333964,26.171160097321135,nan,nan,nan
329.5,215.24851989746094,-224.48924255371094,-49.54347610473633,214.74618415882227,-224.48533512376667,-49.54367532640547,0.5023509749285797,0.3136785865596006,0.07700867284168268,3.500610577189045e-05,12.604195038770415,25.146691050685547,1.3380713906862538,0.8996458160314927,nan
329.51,215.257080078125,-224.48475646972656,-49.544227600097656,214.7547970917066,-224.48076447748727,-49.544480638595594,0.5022989134727589,0.3137214602516857,0.07703556110695704,3.571094518341451e-05,12.54833697938052,26.33778211452024,nan,nan,nan
329.52,215.26565551757812,-224.4803466796875,-49.54496383666992,214.76345090112596,-224.47629202846946,-49.54311218953416,0.5022243976346407,0.3137644184829991,0.07706251657439096,3.501285121176097e-05,12.590360005428925,25.339410510416275,nan,3.290582770004662,nan
329.53000000000003,215.27423095703125,-224.4760284423828,-49.54568862915039,214.77206468143663,-224.4719006738569,-49.54386771866537,0.5021865415685369,0.31380746239416646,0.0770895394236905,3.5718062127251e-05,12.53105554555502,25.399621709700384,nan,nan,nan
329.54,215.28280639648438,-224.4718017578125,-49.5463981628418,214.78066692913225,-224.46759391926057,-49.54527784441704,0.5021583472285667,0.3138505911693863,0.07711662976377649,3.501977502404861e-05,12.419610627834318,25.592358734718857,nan,0.3149375782947031,nan
329.55,215.2913818359375,-224.46766662597656,-49.54709243774414,214.79338992220485,-224.46637255261223,-49.54611668099585,0.49799455104469653,0.3137865344062415,0.07710384469162687,3.5703331425274046e-05,12.471637175444274,25.937418490354773,0.7116395271325369,nan,nan
329.56,215.2999725341797,-224.46360778808594,-49.54777145385742,214.8020023338518,-224.46224200505765,-49.54728243816105,0.4979723134012967,0.31382948969288504,0.07713089734891022,3.5005686248900893e-05,12.398612508711498,25.224342284767015,nan,0.13743263188243043,nan
329.57,215.3085479736328,-224.45948791503906,-49.54854202270508,214.81062300264077,-224.45812819307395,-49.548051111443336,0.49792706953440324,0.3138725305241166,0.07715801755824885,3.571076219650664e-05,12.352216178116707,25.183718202833372,nan,nan,nan
329.58,215.31712341308594,-224.455322265625,-49.54940414428711,214.81923125914437,-224.453959473296,-49.54969660636889,0.4978941048993963,0.3139156562199574,0.0771852054270853,3.5012904272083357e-05,12.30112019983356,25.434778126081397,nan,0.4348890482022457,nan
329.59000000000003,215.32569885253906,-224.4510955810547,-49.55035400390625,214.82785321504497,-224.44974207269175,-49.550655573690136,0.4978475687407991,0.31395886771738407,0.07721246113728773,3.5718349944850766e-05,12.255503398551477,24.992359234096,nan,nan,nan
329.6,215.3342742919922,-224.44683837890625,-49.551395416259766,214.81179846846638,-224.43708781955908,-49.55164095713577,0.5225668568392728,0.31389486628908125,0.07719953447074301,3.499909895913444e-05,12.651685013540844,25.83267881281949,7.343331799918439,0.014250356753514968,nan
329.61,215.3428497314453,-224.44252014160156,-49.552520751953125,214.82037360039823,-224.4327602826533,-49.552778002282075,0.5225673435437319,0.3139379039842408,0.07722675167049949,3.57040396124719e-05,12.605647565464157,25.3691929886312,nan,nan,nan
329.62,215.3514404296875,-224.4381561279297,-49.553733825683594,214.82894248905856,-224.42838135941267,-49.55441734385944,0.522589811666989,0.31398102653646837,0.07725403669523678,3.500656629121709e-05,12.571494340883765,25.123872756646836,nan,0.12153675785356469,nan
329.63,215.36001586914062,-224.43373107910156,-49.555030822753906,214.8375179699729,-224.42395484858443,-49.55573238824509,0.5225898214775533,0.3140242347652052,0.07728138972798228,3.5711880241149905e-05,12.526836508100729,24.917695833363112,nan,nan,nan
329.64,215.36859130859375,-224.4292755126953,-49.55641174316406,214.84608635603547,-224.41947790759397,-49.557636699436635,0.5225982386418088,0.31406752816683775,0.07730881087447974,3.501416025649475e-05,12.509217564785782,25.807046248143113,nan,0.178888384061202,nan
329.65000000000003,215.37718200683594,-224.4247589111328,-49.55787658691406,214.8553317436932,-224.42967704069204,-49.55920902304476,0.521875138827813,0.3140035812313883,0.07729573990451856,3.569781428969915e-05,13.925134148596774,24.805130929336826,16.402831106839013,nan,nan
329.66,215.38575744628906,-224.42019653320312,-49.55942153930664,214.86386853246827,-224.4251485882501,-49.56175254600533,0.5219176130487071,0.314046700570126,0.07732312170037953,3.500068609155194e-05,13.985859510681177,25.346395232935315,nan,0.6613498253793297,nan
329.67,215.3943328857422,-224.41558837890625,-49.56105041503906,214.87241929946916,-224.4205769301769,-49.5634204904857,0.521942807631045,0.31408990546615795,0.07735057166741952,3.570586629105061e-05,13.943189347055538,25.281925036934183,nan,nan,nan
329.68,215.40292358398438,-224.41094970703125,-49.56275939941406,214.87172917355701,-224.4225488786682,-49.56445204672423,0.5313237313605064,0.31311106287530166,0.07685982823249392,3.5007621511574735e-05,20.94033028587161,32.67313382717089,nan,0.3553501843162746,0.08372499867741957
329.69,215.4114990234375,-224.40625,-49.564544677734375,214.88027181766182,-224.41790198641087,-49.56627519748782,0.5313577962561303,0.31315253338160687,0.07688476277974879,3.5713151874940794e-05,20.876659310583147,32.39221222109866,nan,nan,nan
329.7,215.4200897216797,-224.40150451660156,-49.566410064697266,214.88227690163322,-224.41411343756744,-49.56742540333556,0.53796156480441,0.3130852533969497,0.0768732702836305,3.499436972017853e-05,21.426352824050124,32.00228491672071,3.299056140431119,0.43228888132780907,nan
329.71,215.4286651611328,-224.39671325683594,-49.568355560302734,214.89079731263394,-224.4093857740818,-49.56940016748548,0.5380181282692285,0.3131265544010569,0.0768981757216425,3.5699395094966195e-05,21.363273349772548,32.145494165414384,nan,nan,nan
329.72,215.43724060058594,-224.3918914794922,-49.57037353515625,214.89936491480998,-224.40459601715128,-49.570222303655754,0.5380257256833129,0.31316793691556855,0.07692314260822072,3.500235406311326e-05,21.267250774735086,32.83415393586023,nan,1.0692482565777035,nan
329.73,215.44583129882812,-224.3870086669922,-49.57243347167969,214.90788528643245,-224.39978060266762,-49.57232280712955,0.5380976183184163,0.3132094052459533,0.07694817169851642,3.570775232208738e-05,21.20458387457174,31.697450519898965,nan,nan,nan
329.74,215.45440673828125,-224.38209533691406,-49.574493408203125,214.91636227364313,-224.39493881942315,-49.57560372613601,0.5381988793899459,0.31325095548187404,0.07697326253684314,3.5010424848289e-05,21.17409698645096,32.557882354649294,nan,0.9475526777175155,nan
329.75,215.46298217773438,-224.37713623046875,-49.576534271240234,214.91760704978702,-224.3957401501351,-49.577830290358094,0.5456938845874095,0.313183783234256,0.07696167153306677,3.569415648325652e-05,22.56966451190689,32.620570105448245,14.078735933278136,nan,nan
329.76,215.47157287597656,-224.3721466064453,-49.57854461669922,214.92609167651338,-224.39082240245645,-49.5798685675837,0.545802415870786,0.31322516394203825,0.0769867326925427,3.499738384456229e-05,22.509589257484034,32.796839816830946,nan,0.002870391743298339,nan
329.77,215.4801483154297,-224.3671112060547,-49.58052062988281,214.93457384866497,-224.38586408961004,-49.58193849206245,0.5458985068310859,0.31326663020793066,0.07701185625616204,3.5702646004700794e-05,22.452289629244742,32.83929046831125,nan,nan,nan
329.78000000000003,215.4887237548828,-224.36203002929688,-49.58245849609375,214.94309292643393,-224.380850422063,-49.582926814663494,0.5459555178400188,0.3133081785285987,0.07703704181577498,3.500557892500795e-05,22.339574703672834,32.57487289846909,nan,0.7735074130125792,nan
329.79,215.49729919433594,-224.35690307617188,-49.5843620300293,214.95157478725108,-224.37581079901983,-49.58491546241267,0.5460521373997377,0.313349812597654,0.07706229005844646,3.571120876171019e-05,22.280129072227233,32.207077775554964,nan,nan,nan
329.8,215.50588989257812,-224.35174560546875,-49.58622360229492,214.9414568866931,-224.35913079451916,-49.58585099327712,0.5644814416676666,0.31328274311172155,0.07705059731568559,3.49926607886128e-05,21.93463080025828,32.518979561604645,3.9426167075240603,0.8500307657354057,nan
329.81,215.51446533203125,-224.34654235839844,-49.588050842285156,214.9499145766939,-224.35398789316775,-49.587757822518775,0.5645999266742262,0.3133242074157827,0.07707581526681807,3.5697782436144705e-05,21.870715978112436,32.39087906578103,nan,nan,nan
329.82,215.52304077148438,-224.34129333496094,-49.58984375,214.95834831566594,-224.34881522774737,-49.590341371559646,0.5647427699019774,0.31336575390871424,0.07710109545741804,3.5000952985439216e-05,21.814128475217885,32.000338616651426,nan,0.3582312928312037,nan
329.83,215.5316162109375,-224.33602905273438,-49.59159851074219,214.96680557860304,-224.34359457067785,-49.59218504593438,0.5648616038317112,0.3134073859128687,0.07712643852926841,3.5706444142064564e-05,21.75211813897788,33.08486414995818,nan,nan,nan
329.84000000000003,215.5402069091797,-224.33070373535156,-49.593318939208984,214.97522033354628,-224.33835273085327,-49.59529296676585,0.5650417989520332,0.31344910048310926,0.07715184413924867,3.5009301861746086e-05,21.793887777718577,31.829258724072428,nan,1.1897376029484958,nan
329.85,215.5487823486328,-224.32534790039062,-49.59500503540039,214.98931008863056,-224.33814212513025,-49.5971228185466,0.5596225396677388,0.31338213596112763,0.07714004751025898,3.569311743813247e-05,22.114487255241553,32.44212774661703,0.9789224426500667,nan,nan
329.86,215.55735778808594,-224.31996154785156,-49.596656799316406,214.99776952300752,-224.3328208002798,-49.59887951805536,0.5597404106057368,0.31342368212368743,0.07716542245340965,3.641240247490379e-05,22.062205578777757,32.70867550051019,nan,nan,nan
329.87,215.56593322753906,-224.31454467773438,-49.5982780456543,215.00622839266848,-224.32746280911653,-49.600603914141196,0.5598587232151838,0.31346531215707935,0.07719086024723824,3.714614061742245e-05,22.009108298875343,32.839804042931966,nan,nan,nan
329.88,215.5745086669922,-224.30908203125,-49.5998649597168,215.01473792524465,-224.32204787674385,-49.60062675767894,0.55992140234331,0.31350702475972464,0.07721636079991494,3.63633965107122e-05,21.817952716207362,32.3091030614607,nan,1.8216449946589846,nan
329.89,215.5830841064453,-224.30357360839844,-49.601417541503906,215.0231956213605,-224.31661771751914,-49.60227211480128,0.5600410652879441,0.3135488229662852,0.07724192472705993,3.709578950910762e-05,21.761747802419222,31.942587294798003,nan,nan,nan
329.90000000000003,215.59165954589844,-224.2980499267578,-49.602943420410156,215.05022990324613,-224.3115493194309,-49.604758057585975,0.5416009457647054,0.313481959165107,0.0772300210486335,3.629306118301147e-05,20.508165728849743,32.39391811965898,14.514109662279665,0.4868103117305373,nan
329.91,215.60023498535156,-224.29248046875,-49.60443878173828,215.0587402048597,-224.30603421799646,-49.60635221172148,0.5416677603779495,0.31352358730912344,0.07725555343841725,3.702325969092926e-05,20.45373991572913,31.861647846082917,nan,nan,nan
329.92,215.6088104248047,-224.28688049316406,-49.60590362548828,215.06725014679205,-224.3004843641335,-49.60791708429418,0.541734855850021,0.31356529941501593,0.07728114903711956,3.7768007975881506e-05,20.399174051340626,32.017685302198565,nan,nan,nan
329.93,215.6173858642578,-224.28123474121094,-49.607337951660156,215.0757595486653,-224.2949002134599,-49.60945321246114,0.5418028102569789,0.31360709562728467,0.07730680798924063,3.852745053806823e-05,20.34673760247023,31.48569812003494,nan,nan,nan
329.94,215.62596130371094,-224.27557373046875,-49.608741760253906,215.08430077127866,-224.28926897549402,-49.60981520359245,0.5418347021110022,0.31364897479211645,0.07733253021834981,3.7657291038111656e-05,20.19753994819204,32.25697150131218,nan,0.7988536464676493,nan
329.95,215.63453674316406,-224.26986694335938,-49.61012268066406,215.08680630919832,-224.27864146462497,-49.61123026014294,0.5478018320962788,0.31358221317123786,0.07732051725012981,3.8388396281720335e-05,19.909462958502846,31.40498376953689,0.8655456401517466,nan,nan
329.96,215.6431121826172,-224.26412963867188,-49.611473083496094,215.09531192907565,-224.27294456829347,-49.612595817319466,0.5478723220748113,0.31362392219595786,0.07734620730881908,3.7525867481065406e-05,19.848976186989493,31.57114763907214,nan,0.0035286659433831804,nan
329.97,215.65167236328125,-224.25836181640625,-49.612796783447266,215.10381501002124,-224.26721594839807,-49.614010222660575,0.5479302397286725,0.31366571648533387,0.07737196113767952,3.827841510626089e-05,19.79056179621125,31.92395977124751,nan,nan,nan
329.98,215.66024780273438,-224.2525634765625,-49.61409378051758,215.11233945572906,-224.26144604051686,-49.61457278679511,0.5479805526727363,0.31370759383742225,0.07739777847725549,3.742218448000161e-05,19.695961943084274,31.604157424776286,nan,0.42050383157953486,nan
329.99,215.6688232421875,-224.24671936035156,-49.6153678894043,215.12084139469775,-224.2556534843311,-49.6159283111709,0.5480549587606333,0.31374955666278825,0.07742365986569959,3.81720045425048e-05,19.637902610089267,30.7826658441073,nan,nan,nan
330.0,215.67739868164062,-224.24085998535156,-49.61661148071289,215.0937473682029,-224.23271386412893,-49.61766316143824,0.583709106491315,0.3136828935007159,0.07741153450181262,3.7298159921892685e-05,19.776536346395282,31.939636046667804,11.9469449608442,0.1154615116581725,nan
330.01,215.6859588623047,-224.23497009277344,-49.617835998535156,215.10218871649363,-224.2268308166947,-49.61897371785466,0.5838279929573441,0.31372468593233993,0.0774373830456626,3.804445135410826e-05,19.718167694562943,31.994250613684486,nan,nan,nan
330.02,215.6945343017578,-224.2290496826172,-49.6190299987793,215.11062573538098,-224.22091850461368,-49.620413841594825,0.5839668183766206,0.3137665615187785,0.07746329532854605,3.7201398538406105e-05,19.6740673998276,31.908489531243745,nan,0.01462609152275882,nan
330.03000000000003,215.70309448242188,-224.22308349609375,-49.62020492553711,215.11906612235111,-224.21497417502133,-49.62167931544352,0.5840865178043352,0.3138085223761162,0.07748927184564929,3.794526391008205e-05,19.619544723678217,31.244006951605375,nan,nan,nan
330.04,215.711669921875,-224.21710205078125,-49.62135314941406,215.12753504396417,-224.20898735585706,-49.62171058014566,0.584191348465841,0.31385056674538275,0.07751531239999955,3.7107978304607154e-05,19.504592468389827,31.666407704508494,nan,0.9199131589772692,nan
330.05,215.72023010253906,-224.21109008789062,-49.62248229980469,215.16524237769576,-224.21962740736024,-49.62301077406908,0.55505363689964,0.31378400280868374,0.0775030723080939,3.782523951037464e-05,19.71374906174205,31.585587740097417,8.43061143810431,nan,nan
330.06,215.7288055419922,-224.20504760742188,-49.62358474731445,215.17371054212506,-224.21363093090832,-49.624751154707816,0.5551625823358067,0.3138258766698103,0.07752907935235431,3.6994620339943786e-05,19.682878193761624,31.34319704251628,nan,0.19186661391021984,nan
330.07,215.73736572265625,-224.198974609375,-49.62466812133789,215.182190733367,-224.20760011599256,-49.6259241826231,0.5552434112951466,0.31386783561423004,0.07755515081450448,3.773310575995448e-05,19.627043552047542,31.410750719202728,nan,nan,nan
330.08,215.74594116210938,-224.19287109375,-49.625728607177734,215.19068670698644,-224.20153359033355,-49.62633855681323,0.5553223575721447,0.31390987813875115,0.07758128653617205,3.6907904955939575e-05,19.535941424000754,30.963507966738707,nan,0.3449021953318861,nan
330.09000000000003,215.75450134277344,-224.18673706054688,-49.62677001953125,215.19916538494402,-224.1954459466392,-49.627463120966915,0.5554046733192669,0.31395200597488754,0.0776074869563249,3.76443671729245e-05,19.478703124018672,31.04091595527722,nan,nan,nan
330.1,215.7630615234375,-224.1805877685547,-49.62778854370117,215.19881238606547,-224.18404490628353,-49.62805910130975,0.5642597930278005,0.31388553807794367,0.07759512910255054,3.6801476627701644e-05,19.344201180448785,31.654930908647902,0.9233417007222728,0.12701951486141067,nan
330.11,215.77163696289062,-224.17440795898438,-49.628787994384766,215.2072774110292,-224.17789631386913,-49.62913875242408,0.5643704416677375,0.3139274951564495,0.07762129531151167,3.7535115538791234e-05,19.286356692565953,30.657441865319644,nan,nan,nan
330.12,215.7801971435547,-224.1682891845703,-49.629764556884766,215.2157968666984,-224.17174112323727,-49.62756543814294,0.5644151171958824,0.31396953586866383,0.07764752599712667,3.6721272826054096e-05,19.34906154962847,31.53161341168082,nan,4.441065615949614,nan
330.13,215.78875732421875,-224.16226196289062,-49.6307258605957,215.22426057445873,-224.165679385379,-49.62858118634411,0.5645111680859305,0.31401166172500716,0.07767382156382784,3.745314027809176e-05,19.271758111514234,31.549042804533848,nan,nan,nan
330.14,215.7973175048828,-224.1563262939453,-49.63166427612305,215.2326935452542,-224.1597252164008,-49.63106693095169,0.5646345059255704,0.31405387155495895,0.07770018190362253,3.66441998366288e-05,19.090888905964306,31.013393850003787,nan,1.4243153963554671,nan
330.15000000000003,215.80587768554688,-224.15049743652344,-49.63258743286133,215.26180842907303,-224.1571968250977,-49.63204539798156,0.5441107713040467,0.3139874997373525,0.07768770385117649,3.735083050577872e-05,18.129968000771466,30.50481499802868,9.940228761318195,nan,nan
330.16,215.81443786621094,-224.14479064941406,-49.633487701416016,215.2703219519416,-224.15143929198447,-49.632928230509776,0.5441568207942167,0.31402953866292493,0.07771402928310768,3.654763608062256e-05,18.061152220208214,31.13295749087234,nan,0.0056369647506935485,nan
330.17,215.822998046875,-224.13917541503906,-49.63437271118164,215.2788333865735,-224.14579400232503,-49.63388637224069,0.5442051265325228,0.31407166257670566,0.0777404197768134,3.727538363924391e-05,17.99219659266899,30.02724896700161,nan,nan,nan
330.18,215.83155822753906,-224.13369750976562,-49.6352424621582,215.2873279226899,-224.1402671797745,-49.63571476583031,0.5442701611800742,0.31411387049851325,0.07776687525506748,3.647675966703988e-05,17.92217014613656,31.142968568009692,nan,0.5107289806579561,nan
330.19,215.84011840820312,-224.12831115722656,-49.63609313964844,215.29583889505014,-224.13484259061224,-49.63664824803426,0.5443189838738342,0.3141561636525257,0.07779339607735646,3.7203068160390265e-05,17.85708042477431,30.33104909589653,nan,nan,nan
330.2,215.8486785888672,-224.12303161621094,-49.636924743652344,215.2887634154559,-224.12353816373195,-49.6354986956209,0.5599172185417973,0.3140898852059713,0.07778079487112295,3.638651289870538e-05,18.129122932902593,30.429337941480874,3.816371030344002,2.3693874785595366,nan
330.21,215.8572540283203,-224.11785888671875,-49.63774108886719,215.29724497488567,-224.11832019966945,-49.63637849331117,0.5600109011484062,0.3141320072065589,0.07780728005818947,3.711057817375582e-05,18.057686400119778,30.09953841018404,nan,nan,nan
330.22,215.86581420898438,-224.11279296875,-49.63854217529297,215.30572626411123,-224.11320625414643,-49.63726552387002,0.5600895523359627,0.31417421323789274,0.07783383043638403,3.6321590284617674e-05,17.985815172640926,30.531425215470993,nan,0.0003333876607373586,nan
330.23,215.87437438964844,-224.1078338623047,-49.63932800292969,215.31420830890863,-224.10819401665012,-49.638115347561154,0.5601675091038295,0.31421650436126103,0.07786044633791733,3.7044423073515186e-05,17.913518198262654,30.75141801352261,nan,nan,nan
330.24,215.8829345703125,-224.10296630859375,-49.64009475708008,215.32267211204933,-224.10329015208404,-49.64007716375105,0.5602625521335681,0.3142588798416509,0.07788712772547472,3.625952072753745e-05,17.80792424340388,30.470380883240463,nan,0.8339512096034482,nan
330.25,215.89149475097656,-224.0981903076172,-49.64085006713867,215.35042057492726,-224.1021457195815,-49.640877719724244,0.5410886341773491,0.314192694249253,0.07787440084912141,3.695817839262251e-05,17.022022472190894,29.881486123289342,7.563362900991327,nan,nan
330.26,215.90005493164062,-224.09352111816406,-49.64158630371094,215.35895635262742,-224.0974205074701,-49.64120385509119,0.5411127643236856,0.3142348984010424,0.07790104587499648,3.617816903629474e-05,16.959607262565644,30.563223749194677,nan,0.15895194447514335,nan
330.27,215.9086151123047,-224.0889434814453,-49.642311096191406,215.36748453974607,-224.09279313743704,-49.64200213632563,0.5411443539990669,0.31427718751362455,0.07792775660139264,3.689791137780434e-05,16.89226140686679,30.299372009613357,nan,nan,nan
330.28000000000003,215.91717529296875,-224.08444213867188,-49.64302062988281,215.37598186651374,-224.08827248076489,-49.644828270910665,0.5412099998380935,0.3143195609906619,0.07795453301505467,3.612168104345291e-05,16.916360725999265,29.6782870864094,nan,2.7590599823379707,nan
330.29,215.92575073242188,-224.0799102783203,-49.643821716308594,215.38451094442212,-224.08375914265204,-49.645672391179104,0.5412566367890027,0.3143620196848458,0.07798137541294015,3.684045995620724e-05,16.862594886297632,30.096489346035558,nan,nan,nan
330.3,215.93431091308594,-224.0753173828125,-49.644710540771484,215.37747573553415,-224.07933361639817,-49.64688855032649,0.5568539205365888,0.3142959245754242,0.07796851997806169,3.604595537090924e-05,17.86176903518172,29.986753712856885,8.89708374450263,0.06378764214184567,nan
330.31,215.94287109375,-224.07069396972656,-49.64569091796875,215.38596269166248,-224.0747390266214,-49.647916721083554,0.5569275401705843,0.31433821168946685,0.07799532526137266,3.6762959602549526e-05,17.808556714797426,30.595715059225668,nan,nan,nan
330.32,215.95143127441406,-224.06600952148438,-49.64675521850586,215.3944301531394,-224.0701077311547,-49.65044127578203,0.557028393748438,0.31438058316605844,0.07802219642855787,3.599478005085158e-05,17.99685388809939,30.256325378407606,nan,1.3205464166683525,nan
330.33,215.9600067138672,-224.06129455566406,-49.64790725708008,215.40291775102924,-224.0654215223421,-49.65166064490889,0.5571168928420857,0.3144230397407115,0.07804913375547631,3.6710987341982775e-05,17.947988562956667,30.573738238169195,nan,nan,nan
330.34000000000003,215.96856689453125,-224.0565185546875,-49.649147033691406,215.41141703778564,-224.06068501100626,-49.65212975696757,0.5571734190250396,0.3144655809935201,0.07807613725983932,3.594614282057219e-05,17.757712746948084,29.880928963377684,nan,0.46896190651808883,nan
330.35,215.9771270751953,-224.0517120361328,-49.65047073364258,215.42084386971894,-224.0668872048904,-49.653346275432824,0.5564975823689451,0.3143995754296429,0.07806315069264227,3.663898400517947e-05,19.009788688039578,30.60164853301599,11.653501167839531,nan,nan
330.36,215.98570251464844,-224.04685974121094,-49.651878356933594,215.42930492730233,-224.06210539543903,-49.65530954817792,0.5566169942166443,0.31444194490202915,0.07809011632755719,3.587826004070978e-05,19.059071800378923,30.279299369456744,nan,0.16588184056702554,nan
330.37,215.9942626953125,-224.04196166992188,-49.65336990356445,215.43777272145954,-224.0572771795704,-49.656864864090956,0.5567116583867686,0.31448439936015393,0.07811714829540649,3.659220217775375e-05,19.011005424223654,30.405075815165578,nan,nan,nan
330.38,216.00283813476562,-224.03701782226562,-49.65494155883789,215.44624091986412,-224.05240613375133,-49.65849174066667,0.5568212132790078,0.3145269384824533,0.07814424663229178,3.5834536712292214e-05,18.976634719420726,30.010991618948566,nan,9.136362014360116e-05,nan
330.39,216.0113983154297,-224.03204345703125,-49.656593322753906,215.4547090043769,-224.04749302778313,-49.66021239573217,0.5569154118589937,0.3145695628564724,0.07817141158704544,3.6547895222787726e-05,18.928714617123887,30.830850603014802,nan,nan,nan
330.40000000000003,216.01995849609375,-224.0270233154297,-49.6583251953125,215.42057749768685,-224.02445505242986,-49.66409808122404,0.5994143003281092,0.3145036446951903,0.0781582910562612,3.5771558919599886e-05,19.955285980740616,31.55789503636809,18.399048472668515,3.1321013709208274,nan
330.41,216.02853393554688,-224.02195739746094,-49.66013717651367,215.42896964185204,-224.01943332807681,-49.6660002327637,0.5995982727031819,0.31454609703243175,0.07818541736391357,3.6483513833981714e-05,19.9142964969254,31.01152963567875,nan,nan,nan
330.42,216.03709411621094,-224.016845703125,-49.66202926635742,215.4373591242896,-224.01437235404285,-49.66821449376363,0.5997719858651583,0.31458863401246673,0.07821261022778508,3.5732472027146255e-05,19.99096249131121,31.021027845184726,nan,0.03661073848485234,nan
330.43,216.04566955566406,-224.01170349121094,-49.66399383544922,215.44575106134346,-224.00926995937724,-49.67027716314858,0.5999563335044181,0.3146312561411033,0.07823986988079268,3.644397491202619e-05,19.95176090186633,31.373170796150344,nan,nan,nan
330.44,216.05422973632812,-224.0065155029297,-49.666038513183594,215.45413627834444,-224.00413119018913,-49.67305332421007,0.6001391928842875,0.3146739632199011,0.07826719638246848,3.569559377134073e-05,20.19502451049346,31.44566989368087,nan,0.27399886731747497,nan
330.45,216.0627899169922,-224.0012969970703,-49.668121337890625,215.45378055359154,-223.99427395332788,-49.67526366626454,0.6090917342302947,0.314608131210718,0.07825393927624222,3.6384333399141014e-05,20.187020138335814,31.963266097462277,0.7068196571760309,nan,nan
330.46,216.0713653564453,-223.99603271484375,-49.67020034790039,215.46216596670715,-223.9890418772618,-49.67675176924492,0.6092747240687768,0.3146506660301752,0.078281226348888,3.563938721597691e-05,19.938403028903373,31.22799194325905,nan,0.37053824407560565,nan
330.47,216.07992553710938,-223.99073791503906,-49.67226028442383,215.47054378791435,-223.98377521796263,-49.67896032563825,0.6094583545697273,0.31469328590010137,0.0783085803794629,3.634927296286703e-05,19.91639674404331,31.70606231670871,nan,nan,nan
330.48,216.0885009765625,-223.9853973388672,-49.67428970336914,215.4789209965938,-223.97847072597747,-49.68116084757163,0.6096580538034405,0.3147359906893699,0.07833600144117048,3.5606743130543034e-05,19.95675861427455,31.098002998412024,nan,0.0001955288253063534,nan
330.49,216.09706115722656,-223.9800262451172,-49.67628479003906,215.48729798579404,-223.97312869632987,-49.68331256843902,0.6098426773225664,0.3147787808024739,0.07836348974677602,3.631634204665243e-05,19.93854765082392,31.583571849054,nan,nan,nan
330.5,216.10562133789062,-223.974609375,-49.67824172973633,215.51492055125232,-223.9824373942022,-49.68441955889041,0.590784954778643,0.3147130329475348,0.07835009328363392,3.555472639753284e-05,20.227011963064925,30.75664371299679,5.877631497164298,0.5470230585562255,nan
330.51,216.1141815185547,-223.9691619873047,-49.68016052246094,215.52331737121486,-223.9770536259205,-49.68648840400214,0.5909507260816803,0.3147556505383225,0.07837754135861087,3.6263209214912825e-05,20.20657532722707,30.997713090224355,nan,nan,nan
330.52,216.1227569580078,-223.96368408203125,-49.68204116821289,215.53171960985094,-223.97163071617047,-49.687839038863295,0.5911192022042012,0.3147983530118236,0.0784050566429852,3.552604354893077e-05,19.997778902194664,30.80614240271395,nan,0.3183629292916268,nan
330.53000000000003,216.13131713867188,-223.95816040039062,-49.68388366699219,215.54011588366714,-223.9661751303541,-49.6898286425043,0.5912854662084964,0.3148411407178155,0.07843263933788341,3.6234341341177334e-05,19.97654634329016,30.61225850578441,nan,nan,nan
330.54,216.13987731933594,-223.95260620117188,-49.685691833496094,215.54850527830303,-223.9606877326394,-49.69260086314909,0.5914676126019401,0.31488401360764,0.07846028953369676,3.549924245024338e-05,20.294977310525688,31.030630041975613,nan,0.4595160212394064,nan
330.55,216.1484375,-223.947021484375,-49.687461853027344,215.54927638470215,-223.95697488169958,-49.694496996970756,0.5992850786174846,0.31481834842743944,0.0784467510806418,3.618521402655302e-05,21.012984205091602,31.50189618748948,3.3419775565869547,nan,nan
330.56,216.15701293945312,-223.94140625,-49.68920135498047,215.55765482463,-223.95142209558364,-49.69544788039287,0.5994743414415856,0.31486104855251135,0.07847436023818337,3.5452952760907657e-05,20.695893879526885,30.93750316828825,nan,0.6080666158569582,nan
330.57,216.1655731201172,-223.9357452392578,-49.69090270996094,215.56602590040632,-223.9458391700336,-49.69729577246981,0.5996662633080038,0.3149038338222654,0.07850203697025492,3.616013035529798e-05,20.676297328019707,30.726558379679446,nan,nan,nan
330.58,216.17413330078125,-223.9300537109375,-49.692569732666016,215.5744055146921,-223.94021770961552,-49.69779588712746,0.5998366752433296,0.31494670423193977,0.07852978137706278,3.542972424349752e-05,20.26738523194392,30.445838819134636,nan,1.1898871707881198,nan
330.59000000000003,216.1826934814453,-223.92433166503906,-49.6942024230957,215.5827755558873,-223.93456794652812,-49.69956479717401,0.6000292108891839,0.3149896600652157,0.07855759364522226,3.6136841278265876e-05,20.242462515605716,30.571594797881705,nan,nan,nan
330.6,216.19125366210938,-223.9185791015625,-49.695804595947266,215.57902987708135,-223.92988246896496,-49.70147896061052,0.6123544132959309,0.31492407564491964,0.07854391046524725,3.538694147161621e-05,21.24376667349061,31.03429504726472,6.219835558697016,0.06008856867556735,nan
330.61,216.19981384277344,-223.9127960205078,-49.6973762512207,215.58736539347748,-223.9241790922988,-49.703185406692846,0.6125817689547387,0.3149668584424699,0.07857168087044547,3.609315953394404e-05,21.219761881422354,31.024165311919422,nan,nan,nan
330.62,216.2083740234375,-223.90696716308594,-49.69891357421875,215.5957042912836,-223.91844137201807,-49.70420657231147,0.6128000277390367,0.31500972633151303,0.07859951912019328,3.536702672046334e-05,21.0296635346479,30.351738677922807,nan,0.2962521742444033,nan
330.63,216.21693420410156,-223.901123046875,-49.70042037963867,215.6040388600918,-223.91267418390143,-49.705846091824945,0.6130281966012417,0.3150526795611716,0.07862742539292539,3.607326108648179e-05,21.0043932097554,31.017628037206574,nan,nan,nan
330.64,216.22549438476562,-223.89523315429688,-49.701900482177734,215.61237560172887,-223.9068740300705,-49.70695378618783,0.6132501023095432,0.3150957181788132,0.07865539980096783,3.534868194673674e-05,20.863441432530255,30.130700208059256,nan,0.17479021144139065,nan
330.65000000000003,216.2340545654297,-223.8893280029297,-49.70335006713867,215.60262369987296,-223.8891804944749,-49.70856834966924,0.631452444930753,0.31503021287477007,0.07864156925456375,3.6032896068932755e-05,20.585544524125226,30.996967343457943,3.5679852160144327,nan,nan
330.66,216.24261474609375,-223.88339233398438,-49.704769134521484,215.61743054745205,-223.89084792616976,-49.70826650621332,0.6252384342751621,0.31194663706803183,0.07442801421359116,3.5309795506900984e-05,27.729833303931635,38.20282452812327,nan,2.3674496059289334,0.013464206660971713
330.67,216.2511749267578,-223.87741088867188,-49.70615768432617,215.62573652202977,-223.88494086718703,-49.709769946118435,0.6254941623392299,0.31199226123199947,0.07444800502737738,3.601526121034396e-05,27.678833180456788,37.560531206335845,nan,nan,nan
330.68,216.2597198486328,-223.8714141845703,-49.707523345947266,215.63403096146257,-223.8789887614475,-49.71097148118667,0.6257442347955214,0.312037967250015,0.07446805211856121,3.529443143222579e-05,27.582864358248933,38.15249771057082,nan,0.052479299665782395,nan
330.69,216.26828002929688,-223.86538696289062,-49.708858489990234,215.64233620046716,-223.87302259273147,-49.712418833665716,0.6260005237539044,0.3120837600064516,0.07448816458444114,3.6000005119088124e-05,27.52914267583417,37.97879579392748,nan,nan,nan
330.7,216.27684020996094,-223.8593292236328,-49.710166931152344,215.62437043290964,-223.84595841997998,-49.7155267555137,0.6526287735557428,0.31202381284506714,0.07447888553140443,3.525929745129906e-05,26.643216716576816,38.49980271714119,18.508963569660263,2.0210286907065287,nan
330.71,216.285400390625,-223.85324096679688,-49.71145248413086,215.63264320409425,-223.8398784499419,-49.716939462206085,0.6529169995892565,0.31206941652988074,0.07449899289531717,3.596413220008968e-05,26.59560827332575,38.26666049723308,nan,nan,nan
330.72,216.2939453125,-223.8471221923828,-49.712711334228516,215.64078871292767,-223.8335983571688,-49.71513191882554,0.6533010767736207,0.3121151021199043,0.07451915711304531,3.524664544046315e-05,25.853924116642418,37.66596593527813,nan,7.10749749125622,nan
330.73,216.30250549316406,-223.84097290039062,-49.71394348144531,215.64906040792485,-223.8274614933475,-49.71646381475509,0.6535896186626279,0.3121608742826824,0.07453938660397201,3.595164451667362e-05,25.795313221879457,37.366845448431285,nan,nan,nan
330.74,216.31106567382812,-223.83480834960938,-49.71514892578125,215.65734594406553,-223.82131639954687,-49.718141862418165,0.6538657931617831,0.31220672869273525,0.07455967339524555,3.523527508737894e-05,25.80191363265271,38.063088319419215,nan,0.09535187381346036,nan
330.75,216.31961059570312,-223.82859802246094,-49.71633529663086,215.65554066986695,-223.8097972426137,-49.719517381225984,0.6643436320047746,0.31214672978507885,0.07455037116852749,3.591845954564705e-05,25.764304693330313,37.399832970413975,1.3698826022292379,nan,nan
330.76,216.3281707763672,-223.82237243652344,-49.71749496459961,215.66379644810607,-223.80357106748306,-49.720839782478315,0.6646487247688407,0.31219239493492584,0.07457065252254502,3.520398606891128e-05,25.73076840188847,37.878348788641894,nan,0.0021107893125145785,nan
330.77,216.3367156982422,-223.81613159179688,-49.718631744384766,215.67204947897383,-223.79731537771437,-49.72208548473669,0.6649414720645015,0.3122381464888141,0.07459099905846948,3.5908504697987276e-05,25.672822013593937,38.570393788425605,nan,nan,nan
330.78000000000003,216.34527587890625,-223.80984497070312,-49.719749450683594,215.68022664902568,-223.79093356397513,-49.72133819448037,0.6653199557927127,0.31228398034343013,0.07461140344719051,3.5194999043798476e-05,25.344536082522588,37.01154984857007,nan,2.7129201728665326,nan
330.79,216.35382080078125,-223.8035430908203,-49.72084045410156,215.68847888453092,-223.78462526209736,-49.7225212859205,0.6656129317845706,0.3123299008370313,0.07463187315614495,3.589974515260256e-05,25.280809902510995,37.825271228023446,nan,nan,nan
330.8,216.3623809814453,-223.79721069335938,-49.7219123840332,215.66014909121424,-223.76568039704173,-49.72384965103643,0.7029420603768348,0.31226984549731146,0.07462253675288998,3.516601498987971e-05,26.22087328612701,38.404780021044374,15.169124312656116,0.024115134259994397,nan
330.81,216.3709259033203,-223.79086303710938,-49.72296142578125,215.66833224367113,-223.75931164172604,-49.72499240541972,0.7033046750933464,0.3123155764228859,0.07464300033352038,3.5870134120262944e-05,26.159395614025822,39.04179824310759,nan,nan,nan
330.82,216.3794708251953,-223.7844696044922,-49.7239875793457,215.6765201124297,-223.7529244937414,-49.72625301892433,0.7036618014404699,0.31236138970255367,0.07466352230094772,3.515919822573929e-05,26.124085309574546,38.079336367951605,nan,0.013331821883442558,nan
330.83,216.3880157470703,-223.778076171875,-49.724998474121094,215.68470220807734,-223.7465058478107,-49.72735730266277,0.7040256980852566,0.31240728945003593,0.07468410951504979,3.586358480284506e-05,26.063164808565084,39.075159353492474,nan,nan,nan
330.84000000000003,216.39657592773438,-223.77163696289062,-49.725982666015625,215.69291950406034,-223.7401089634788,-49.729420904969146,0.7043707821962406,0.31245327189511213,0.07470475554584642,3.515340484195749e-05,26.178952781403577,38.27041949083691,nan,0.6703041153808337,nan
330.85,216.40512084960938,-223.7652587890625,-49.726951599121094,215.70140004236342,-223.7285487506883,-49.73040262964013,0.7046861081928468,0.3123931638594056,0.07469538875856123,3.583610437797406e-05,25.314984508193128,38.46085096071218,4.083411550585986,nan,nan
330.86,216.41366577148438,-223.75897216796875,-49.727901458740234,215.70957911266905,-223.72215650982713,-49.731208482709846,0.7050562759196376,0.3124389565396133,0.07471602826554836,3.512746694875421e-05,25.215964068646535,38.527183638329326,nan,0.04366305373119521,nan
330.87,216.42221069335938,-223.75279235839844,-49.72883224487305,215.71776672247023,-223.71587310653987,-49.73224331890183,0.7054190064818865,0.31248483551577166,0.07473673295731809,3.5831557353935726e-05,25.150075340160626,38.50977702272152,nan,nan,nan
330.88,216.43075561523438,-223.74671936035156,-49.72974395751953,215.72589798057737,-223.7096284300622,-49.73169416412976,0.7058355513501842,0.31253079724172017,0.07475749697370054,3.512355416497653e-05,24.85505372685653,37.90823095822982,nan,1.719842131816776,nan
330.89,216.43930053710938,-223.7407684326172,-49.73063659667969,215.73408477251144,-223.70356964005595,-49.73267844259443,0.7061991177707657,0.31257684549825165,0.07477832633044788,3.582795346292269e-05,24.78363288168679,38.18163270324808,nan,nan,nan
330.90000000000003,216.44784545898438,-223.73492431640625,-49.731510162353516,215.75881880474978,-223.70949956878465,-49.73441300631459,0.6895016856690093,0.3125166806015342,0.07476891959654489,3.509942216448797e-05,25.419966746213888,37.57096005875212,5.255774191701306,0.31764417926164534,nan
330.91,216.45639038085938,-223.7292022705078,-49.73236846923828,215.7670273153616,-223.70370102582055,-49.73537220377059,0.689841120820038,0.31256253877709395,0.07478974171881594,3.5803269482486364e-05,25.353843705583714,37.793291316567135,nan,nan,nan
330.92,216.46493530273438,-223.72360229492188,-49.733211517333984,215.77524800894574,-223.69803182419955,-49.73666833577074,0.6901698064825497,0.3126084797525431,0.07481062365433291,3.5097204132127664e-05,25.363221279498266,38.198700188848,nan,0.08760199898234411,nan
330.93,216.47348022460938,-223.7180938720703,-49.73403549194336,215.78345644635175,-223.69245962604657,-49.73759881243812,0.6905089618412515,0.3126545070873833,0.0748315708875844,3.5801387529577965e-05,25.30172494818013,37.25703747236602,nan,nan,nan
330.94,216.48202514648438,-223.71270751953125,-49.73484420776367,215.79171339939282,-223.68705799568772,-49.73993592967455,0.6908068701728536,0.31270061756446615,0.0748525783459882,3.509578394686738e-05,25.608471605106665,38.15852759860113,nan,1.4204187355357538,nan
330.95,216.49057006835938,-223.70742797851562,-49.735633850097656,215.82698108477808,-223.69749592798576,-49.740773881778985,0.6636832110908524,0.3126403989551317,0.07484313398441035,3.577835176364264e-05,25.91261997922868,37.62068610438778,8.551895245188915,nan,nan
330.96,216.49911499023438,-223.70225524902344,-49.736412048339844,215.83519656747342,-223.692239293781,-49.74064210546585,0.6640074433499261,0.3126863191440557,0.07486413375314037,3.507400561218519e-05,25.608000901617764,37.243281121307625,nan,0.7444414617019376,nan
330.97,216.50765991210938,-223.69717407226562,-49.7371711730957,215.84344676840712,-223.68712945166254,-49.74151455024024,0.6643032888635376,0.3127323255222804,0.07488519878913392,3.577801268546013e-05,25.550874341014076,36.78207097028026,nan,nan,nan
330.98,216.51620483398438,-223.6922149658203,-49.7379150390625,215.85167407230827,-223.68209326289337,-49.74166902207009,0.6646184427717802,0.31277841508905296,0.07490632451215609,3.507403159172508e-05,25.34820057094038,37.62690192284161,nan,0.3483213311905094,nan
330.99,216.52476501464844,-223.6873321533203,-49.7386474609375,215.8599250868945,-223.67718534460948,-49.742506503685775,0.6649285521571611,0.3128245910817545,0.0749275156761757,3.5778399477285204e-05,25.29040841172242,36.217454232163796,nan,nan,nan
331.0,216.53330993652344,-223.6824188232422,-49.73946762084961,215.85428045338566,-223.65529732087356,-49.743791221035934,0.6795846587288933,0.3127643151119358,0.07491802538709699,3.505363227228815e-05,23.88903257685568,37.25775275964316,15.702892831606828,0.073109532591701,nan
331.01,216.54185485839844,-223.67745971679688,-49.740379333496094,215.86252327741235,-223.65032329414112,-49.744763668159486,0.6798874941856552,0.31281030049467806,0.07493920813296391,3.575749485078257e-05,23.82803989754166,36.9868864028115,nan,nan,nan
331.02,216.55039978027344,-223.67245483398438,-49.74137878417969,215.87078618542188,-223.6453308505998,-49.74644278755416,0.6801735020653797,0.31285636910870984,0.0749604520084815,3.505494623711025e-05,23.95736191469401,36.97803151670127,nan,0.2676401367005905,nan
331.03000000000003,216.55894470214844,-223.66741943359375,-49.742462158203125,215.8790299316033,-223.64027332992018,-49.74760036928903,0.6804758683180974,0.3129025239815628,0.07498176131399487,3.5759187137620613e-05,23.897973830634264,37.63104657326584,nan,nan,nan
331.04,216.5675048828125,-223.66233825683594,-49.74363708496094,215.88724233567314,-223.63513686106134,-49.747829468978374,0.6808190839396112,0.31294876242500513,0.07500313214280932,3.50568661280143e-05,23.59680767361451,36.745057367719554,nan,0.7270982490890255,nan
331.05,216.5760498046875,-223.65721130371094,-49.744895935058594,215.87045168010104,-223.62131069895534,-49.749196900347314,0.7065239310484536,0.31288843167634905,0.07499359697092603,3.573952339206938e-05,24.17957701572789,37.42832089664963,6.846969505572213,nan,nan
331.06,216.5845947265625,-223.6520538330078,-49.746238708496094,215.87863562859627,-223.61610679748583,-49.750126224256896,0.7068843965903484,0.31293447929088847,0.0750149588682269,3.503823495092335e-05,24.028328019671328,37.816810084744525,nan,0.16231214529151905,nan
331.07,216.5931396484375,-223.6468505859375,-49.74766540527344,215.88683463344586,-223.61088065771776,-49.75161582687218,0.7072313735753563,0.31298061299951296,0.07503638619639104,3.574237065601973e-05,23.96963556629471,37.45136171477119,nan,nan,nan
331.08,216.60169982910156,-223.64161682128906,-49.74917221069336,215.89498318638323,-223.6055562332509,-49.751514566506,0.7076399266120338,0.3130268303158303,0.07505787546420932,3.504123501376291e-05,23.62558619041389,37.50630211758763,nan,1.9761768718482395,nan
331.09000000000003,216.61024475097656,-223.63633728027344,-49.750762939453125,215.90318242098107,-223.60025232214463,-49.753154573829185,0.7079865695172505,0.31307313396650754,0.07507943035467257,3.574576132067435e-05,23.565021159987577,37.16412852024771,nan,nan,nan
331.1,216.61878967285156,-223.63101196289062,-49.75243377685547,215.93400625160027,-223.59788435428845,-49.75486293899626,0.6855885597798693,0.3130127465250817,0.07506984475290379,3.6441763059296575e-05,22.336409084020026,36.056647744651606,10.821874273012199,nan,nan
331.11,216.62734985351562,-223.6256561279297,-49.75418472290039,215.9422538067491,-223.59249246143216,-49.75666602398622,0.6859027474254263,0.3130588590202995,0.0750913899693086,3.7174169843417156e-05,22.276260564471155,36.18798655882364,nan,nan,nan
331.12,216.63589477539062,-223.62026977539062,-49.75601577758789,215.9505310581342,-223.58709742624973,-49.75956406734957,0.686175210889536,0.3131050550592941,0.07511299739393063,3.6387981044591656e-05,22.390924730007935,36.80977156628654,nan,0.67150715982825,nan
331.13,216.64443969726562,-223.61483764648438,-49.7579231262207,215.95877894970502,-223.5816320097537,-49.761536858348066,0.6864738408096444,0.31315133736901724,0.07513467058972266,3.711907887819588e-05,22.33248696743495,36.33674189163779,nan,nan,nan
331.14,216.6529998779297,-223.609375,-49.75990676879883,215.96699886267294,-223.57609860506287,-49.76260877636157,0.686812938315938,0.313197703565152,0.07515640638063031,3.633603320664348e-05,22.117793093369464,36.28497600235498,nan,0.6274290311242137,nan
331.15000000000003,216.6615447998047,-223.6038818359375,-49.761966705322266,215.9986747669665,-223.5820348065998,-49.76462986654192,0.6632353017997917,0.3131372589998239,0.07514676697239694,3.7042337726830655e-05,22.033333306765545,36.1637541827448,5.614611394232398,nan,nan
331.16,216.6700897216797,-223.5983428955078,-49.76406478881836,216.00692216180886,-223.57643751613472,-49.76541880722668,0.6635306258767247,0.31318343381732106,0.07516849252733049,3.626333741120472e-05,21.828425287239376,35.411340620847106,nan,1.2617326586480735,nan
331.17,216.67864990234375,-223.5927734375,-49.76616287231445,216.01520782063525,-223.5708488533716,-49.76759879125147,0.6638058037062496,0.3132296947335751,0.07519028386265345,3.699112077871535e-05,21.77015977501555,35.30512027479237,nan,nan,nan
331.18,216.68719482421875,-223.58717346191406,-49.76823425292969,216.02341731628303,-223.56514037850044,-49.7669868722378,0.6641442559901097,0.3132760395758669,0.07521213818557314,3.621508970811283e-05,21.69243996929922,35.85670761727621,nan,5.094060394073455,nan
331.19,216.69573974609375,-223.58152770996094,-49.77027893066406,216.03170261717278,-223.55948284501767,-49.76910295547747,0.6644039942486853,0.31332247075531083,0.07523405848868046,3.694178513828584e-05,21.623668793788426,35.02051698103141,nan,nan,nan
331.2,216.70428466796875,-223.57586669921875,-49.77228546142578,216.05849207001276,-223.5861112745681,-49.76976759541027,0.6458787583967337,0.3132619675400112,0.07522436054282447,3.614625392185371e-05,25.02128850725033,36.40866248104639,62.94883781594285,1.3030087431557438,nan
331.21,216.71282958984375,-223.57015991210938,-49.774253845214844,216.06677787635127,-223.58048981819346,-49.771801325180924,0.6461389466057559,0.3133082070055326,0.07524626983717939,3.6871019177892584e-05,24.948686617296037,35.834783098867426,nan,nan,nan
331.22,216.7213897705078,-223.56442260742188,-49.776187896728516,216.0750761610557,-223.57484935551975,-49.774282161178476,0.6464005187705951,0.31335453042961176,0.07526824249110872,3.610162885040862e-05,24.82669592689628,35.498894076789334,nan,0.15511502411893835,nan
331.23,216.7299346923828,-223.55865478515625,-49.778079986572266,216.08336154622904,-223.56916240358598,-49.77624710097031,0.646661119012021,0.31340094002744756,0.07529028115636009,3.6825448574448285e-05,24.756544561295048,35.91011639231597,nan,nan,nan
331.24,216.7384796142578,-223.55284118652344,-49.779937744140625,216.09161959468517,-223.56341380636493,-49.77712312847811,0.646952538655781,0.3134474339188989,0.07531238354781479,3.60587599551259e-05,24.826353224543183,35.27872972913505,nan,0.7359708319672041,nan
331.25,216.7470245361328,-223.54701232910156,-49.78175735473633,216.09828135005455,-223.55320534842065,-49.779090183140426,0.6487782277293105,0.3133868737654278,0.07530262632619453,3.6758581660655306e-05,24.264814203634074,35.943532302677006,1.7381309352459908,nan,nan
331.26,216.7555694580078,-223.54115295410156,-49.783538818359375,216.10654717780255,-223.54738573008896,-49.78011748222653,0.6490612245699755,0.31343317570345763,0.07532471709359612,3.5995460845694325e-05,24.335029133048824,36.165033344754676,nan,0.4493290557257041,nan
331.27,216.7641143798828,-223.53524780273438,-49.7852897644043,216.11483334734407,-223.54155733269187,-49.78192264073712,0.6493204192882313,0.31347956365720153,0.07534687391581472,3.671667240376407e-05,24.25940571039427,35.223202941933884,nan,nan,nan
331.28000000000003,216.7726593017578,-223.52932739257812,-49.78700256347656,216.12311991977523,-223.5356989607118,-49.78372144771871,0.6495789184905926,0.3135260359271711,0.07536909480945982,3.595608067792773e-05,24.18872886602712,36.02726604275076,nan,0.0005224267537500204,nan
331.29,216.7812042236328,-223.52337646484375,-49.78868103027344,216.131405481707,-223.52980944923058,-49.78545908298601,0.6498385716782468,0.31357259445869895,0.07539138197673662,3.66765333132728e-05,24.111203030230925,35.97726239419388,nan,nan,nan
331.3,216.7897491455078,-223.5173797607422,-49.79032516479492,216.13124381092004,-223.5190985299875,-49.7877162531623,0.6585127457142949,0.3135119749591483,0.07538155975584282,3.589636770745815e-05,23.93653470525731,35.31945640199576,0.9952025779831094,0.15287159476722142,nan
331.31,216.7982940673828,-223.51136779785156,-49.79193878173828,216.13951534191278,-223.51314018603478,-49.78939526853101,0.6587860198510767,0.31355834120278125,0.075403834512581,3.661521982164172e-05,23.863054432206823,35.81339007900827,nan,nan,nan
331.32,216.8068389892578,-223.5053253173828,-49.79351806640625,216.1478073476316,-223.50717470187118,-49.791938325027694,0.659036129867197,0.31360479177852957,0.07542617366805193,3.586036140439351e-05,23.695749198801064,35.70680936356456,nan,0.5389233107917398,nan
331.33,216.8153839111328,-223.49925231933594,-49.795066833496094,216.15607782504185,-223.5011582816937,-49.79356401106497,0.6593105537789874,0.3136513284658525,0.07544857915881886,3.657857428807014e-05,23.628084080618063,35.5410978632522,nan,nan,nan
331.34000000000003,216.8239288330078,-223.49314880371094,-49.79658508300781,216.1643609972347,-223.4951269535448,-49.79573483750917,0.659571350181773,0.3136979498131747,0.07547104939763709,3.5825984026295266e-05,23.52712617890008,35.357490156401475,nan,0.2227298933176058,nan
331.35,216.8324737548828,-223.48703002929688,-49.798072814941406,216.17444374016728,-223.4858641458724,-49.79736073685893,0.6580314328403187,0.31363727220775145,0.07546116066068317,3.652083122384639e-05,22.941674548812774,35.815961341975445,1.6786299221312344,nan,nan
331.36,216.8410186767578,-223.48086547851562,-49.799530029296875,216.18268351163655,-223.4797117469321,-49.797253452794905,0.6583401123525516,0.31368370101326676,0.07548361782165666,3.57713501597251e-05,23.013832269049693,35.07927327184253,nan,1.842350393720622,nan
331.37,216.8495635986328,-223.4746856689453,-49.800960540771484,216.19095963720363,-223.47356959286785,-49.798753210782884,0.6586086060337331,0.3137302157852936,0.07550614138947923,3.6487544952319664e-05,22.94206631754315,35.51643234211916,nan,nan,nan
331.38,216.85809326171875,-223.46847534179688,-49.80236053466797,216.1992105364008,-223.46737502383152,-49.799092419584944,0.6588917490743176,0.31377681522395856,0.07552873000958465,3.574016728816233e-05,23.046497488741842,35.79257248356131,nan,0.8683202701330353,nan
331.39,216.86663818359375,-223.4622344970703,-49.803733825683594,216.20748574642428,-223.4611784083695,-49.800526162501505,0.6591610879389669,0.31382350088194605,0.07555138527147653,3.645587690975091e-05,22.97067576115545,35.31165279404545,nan,nan,nan
331.40000000000003,216.87518310546875,-223.4559783935547,-49.80508041381836,216.22712141483467,-223.4704901790696,-49.80220144238047,0.6482305417541454,0.31376276315771684,0.0755414249388048,3.568877818905224e-05,24.26729112839304,35.90011325678867,11.16939495478181,0.041167993783229155,nan
331.41,216.8837127685547,-223.44967651367188,-49.806396484375,216.23540262256924,-223.46428646915462,-49.80358552882931,0.6484808383120974,0.3138092559399615,0.07556406632062106,3.6403159205954684e-05,24.19464939256596,35.33740882189799,nan,nan,nan
331.42,216.8922576904297,-223.44337463378906,-49.80768966674805,216.24373012523503,-223.45810319798102,-49.80719535866386,0.6486949805270165,0.313855833389272,0.07558677304345587,3.566065210717616e-05,23.92459542170267,35.9124665871224,nan,3.4444934596816412,nan
331.43,216.9008026123047,-223.43702697753906,-49.808956146240234,216.2520104302545,-223.45184809461102,-49.808551344137236,0.6489615742595597,0.3139024969201843,0.07560954649428109,3.637464658471335e-05,23.86540368478914,34.980517604460964,nan,nan,nan
331.44,216.90933227539062,-223.4306640625,-49.81019592285156,216.2602834065206,-223.44556082714553,-49.80953986932044,0.6492201307604231,0.3139492454394455,0.07563238562093172,3.56339968650244e-05,23.81377925599498,35.68988963646761,nan,0.08008322927857227,nan
331.45,216.91787719726562,-223.4242706298828,-49.8114128112793,216.26735411396604,-223.43225275586863,-49.81081142575973,0.6505723310327614,0.3138884484394918,0.07562235157659125,3.632511876968115e-05,22.932142387892622,34.87428655763016,3.7682724396289426,nan,nan
331.46,216.92640686035156,-223.41786193847656,-49.81260681152344,216.27559873633285,-223.42586001700587,-49.810080127785746,0.6508621725677591,0.3139350038156526,0.07564517610820333,3.558715115381204e-05,23.041435896641627,35.59599330039714,nan,2.7614520491517056,nan
331.47,216.93495178222656,-223.4114227294922,-49.81377410888672,216.283882495537,-223.41948121368495,-49.811317194592235,0.6511237913529124,0.3139816451400842,0.07566806746161607,3.6299610194798626e-05,22.9701903404128,35.147971501593325,nan,nan,nan
331.48,216.9434814453125,-223.4049530029297,-49.814918518066406,216.292118192231,-223.41303308012516,-49.81005452310183,0.6514315263781999,0.31402837144484613,0.07569102475992442,3.556334752790288e-05,23.410990261860604,35.49786322482122,nan,4.193893863762025,nan
331.49,216.9520263671875,-223.39846801757812,-49.8160400390625,216.30040113025188,-223.40660664656653,-49.81122247256143,0.6516938665049717,0.3140751839570363,0.07571404912838675,3.627554432643609e-05,23.32738869091938,35.632427358466785,nan,nan,nan
331.5,216.96055603027344,-223.39195251464844,-49.817142486572266,216.2897164276065,-223.39313527332223,-49.811337762605994,0.6708657587362388,0.31401432599698414,0.07570393678713498,3.5519369425036463e-05,23.98119262514223,36.041689076612464,3.553904030795812,0.6897708532495244,nan
331.51,216.96908569335938,-223.3854217529297,-49.81821823120117,216.29796441249647,-223.38665459589745,-49.81245252764103,0.6711471797351113,0.31406094503227816,0.07572694574081222,3.623045721039697e-05,23.89156877145645,36.58750211466631,nan,nan,nan
331.52,216.97763061523438,-223.3788604736328,-49.81927490234375,216.3062056335652,-223.38014522180825,-49.813208855965186,0.6714536123262541,0.3141076490342508,0.07575002089517188,3.549826846249386e-05,23.954270902396317,36.01120157314123,nan,0.07823124178438277,nan
331.53000000000003,216.9861602783203,-223.37228393554688,-49.8203125,216.3144523968715,-223.373618838256,-49.814279269864926,0.6717363023028864,0.3141544391168335,0.07577316322492568,3.620917369387726e-05,23.86473857102044,36.41712650733609,nan,nan,nan
331.54,216.99468994140625,-223.36569213867188,-49.821327209472656,216.32265958960656,-223.36703475864257,-49.81314860191359,0.6720814578531441,0.3142013144814478,0.07579637207823446,3.5478464231748e-05,24.685848305603407,37.710258451139936,nan,3.2681173419388743,nan
331.55,217.0032196044922,-223.35906982421875,-49.82231903076172,216.36476225262675,-223.37459112830985,-49.81411217666806,0.6386987188697296,0.3141403960753738,0.07578617887547388,3.616687326730424e-05,24.25773104483931,36.73910454223764,10.803208566137306,nan,nan
331.56,217.01174926757812,-223.3524169921875,-49.82329559326172,216.3730466879113,-223.36800104426726,-49.814021420729794,0.6389599817112319,0.3141870776833287,0.07580937155544352,3.543845825066011e-05,24.76571284914379,36.67247902175398,nan,0.8034029490401986,nan
331.57,217.02027893066406,-223.34580993652344,-49.824249267578125,216.38134922996298,-223.36143729147966,-49.814981723566845,0.6391879723781616,0.31423384524888437,0.07583263152159454,3.614821432312531e-05,24.653248104673622,37.00811151688591,nan,nan,nan
331.58,217.02882385253906,-223.33929443359375,-49.82518768310547,216.38968442942536,-223.35496617925378,-49.817905491743495,0.6393730023242955,0.31428069807525205,0.0758559582505098,3.5421141257344524e-05,23.710497003574222,35.97233064304077,nan,2.7061562675764113,nan
331.59000000000003,217.037353515625,-223.3328857421875,-49.82610321044922,216.39798579259028,-223.34856186618427,-49.81884937315019,0.6396010039686696,0.3143276371240292,0.0758793525249059,3.613081262401068e-05,23.603618836375098,36.351034007280774,nan,nan,nan
331.6,217.04588317871094,-223.3265838623047,-49.827003479003906,216.39997466661586,-223.33771476182645,-49.81960722603748,0.6460467533228396,0.3142666568563431,0.07586907424763148,3.538361487402608e-05,23.505740478670788,35.91167773046593,0.9999252577301299,0.04779215793323631,nan
331.61,217.05441284179688,-223.32041931152344,-49.827884674072266,216.40826621122505,-223.33152966100337,-49.82051587312934,0.6462841536756253,0.3143134018143469,0.07589245150996327,3.6092350651946796e-05,23.39663267626066,36.746919143484874,nan,nan,nan
331.62,217.06292724609375,-223.31436157226562,-49.8287467956543,216.41657162621286,-223.32547658857774,-49.822305276792804,0.6464832744197448,0.3143602320069164,0.07591589576296573,3.536863399823163e-05,22.998736232019386,36.04540358775874,nan,0.5569527558849724,nan
331.63,217.0714569091797,-223.3084259033203,-49.829593658447266,216.42486246608175,-223.319530918206,-49.82318943366881,0.6467215082984007,0.3144071483045195,0.07593940768078243,3.607734816643033e-05,22.89670821525338,35.79732261793145,nan,nan,nan
331.64,217.07998657226562,-223.30259704589844,-49.83042526245117,216.4331703955422,-223.31371816560926,-49.82518436632967,0.6469330048520471,0.3144541501468263,0.07596298690252813,3.535477134001402e-05,22.472752279353347,34.80959448111493,nan,0.878257742605293,nan
331.65000000000003,217.08851623535156,-223.29689025878906,-49.83123779296875,216.44241499069477,-223.31060025976802,-49.82617538316672,0.6462665165911823,0.31439310826357864,0.07595262066158254,3.6041269640492384e-05,22.66610078305328,35.29280239956978,1.1093922269683376,nan,nan
331.66,217.0970458984375,-223.2913055419922,-49.832035064697266,216.44898860256578,-223.30731687168947,-49.82696330845518,0.6482748985751525,0.31400742075594884,0.07519519929667431,3.5319748004294015e-05,31.76281986218416,44.78870833676781,nan,0.0025350673775028447,0.006805290721533543
331.67,217.10557556152344,-223.28582763671875,-49.83281707763672,216.45727645686378,-223.3018459347188,-49.82779862916147,0.6485163836006227,0.3140531071891415,0.07521556724564496,3.6027594655112084e-05,31.641624516791317,44.494097794849345,nan,nan,nan
331.68,217.11410522460938,-223.28045654296875,-49.833580017089844,216.4655679213263,-223.2964416994604,-49.82737948165302,0.6487639059144967,0.3140988777422579,0.07523599434317257,3.530803876697372e-05,31.940257298865383,44.93191595683585,nan,1.0661973592688296,nan
331.69,217.1226348876953,-223.2751922607422,-49.83433151245117,216.47385617376966,-223.29118900956908,-49.82817348035291,0.6490051132120422,0.3141447325836373,0.07525648427058583,3.601593981016484e-05,31.81341915518361,44.65652113048526,nan,nan,nan
331.7,217.13116455078125,-223.27003479003906,-49.83506774902344,216.5045129312614,-223.2891994184073,-49.828872854291376,0.6269752083999012,0.3140834736577429,0.07524680535839239,3.5276041392030156e-05,30.382518457351036,44.15399867484896,12.59884316001202,0.006099599434194461,nan
331.71,217.1396942138672,-223.26483154296875,-49.83589172363281,216.5128507797724,-223.2840723819748,-49.82969092110968,0.6271693158193608,0.31412913814218807,0.07526728799444844,3.598314157187196e-05,30.284729149827086,43.99682291838531,nan,nan,nan
331.72,217.14822387695312,-223.2595977783203,-49.83680725097656,216.52118737340936,-223.2789220443239,-49.83107655233566,0.6273603788412834,0.3141748866875101,0.07528783020016516,3.526630719152811e-05,30.067524400171354,44.15669120273876,nan,0.15801246278287695,nan
331.73,217.15676879882812,-223.2543182373047,-49.83781433105469,216.5295258246574,-223.27371734109673,-49.8320801095161,0.6275690839828787,0.3142207194680049,0.07530843528548528,3.597351060672474e-05,29.97314637724121,43.36958235266777,nan,nan,nan
331.74,217.16529846191406,-223.24900817871094,-49.838905334472656,216.5378675788492,-223.2684473353281,-49.832334984920095,0.6277663286022895,0.3142666365968069,0.07532910031400522,3.525751659936683e-05,30.2036725705717,44.53055895265713,nan,0.48809588181505176,nan
331.75,217.173828125,-223.24366760253906,-49.84008026123047,216.5402828360217,-223.25862951667557,-49.83353799559319,0.6337557047482025,0.31420533934682227,0.07531939254272706,3.594270827187712e-05,29.870546720793442,45.056506674715955,0.818358506555094,nan,nan
331.76,217.18235778808594,-223.23826599121094,-49.84134292602539,216.54860788022125,-223.25336622820885,-49.836911199476035,0.6339452682023073,0.3142510658989718,0.07534004986188866,3.5228364501663074e-05,29.160125872127253,43.11567701838766,nan,3.112751627173662,nan
331.77,217.19088745117188,-223.23284912109375,-49.84269332885742,216.55694080900787,-223.24799996014343,-49.83827767517488,0.6341430367293889,0.31429687663230355,0.07536077012097009,3.593495284829339e-05,29.064528467784026,43.969412151225164,nan,nan,nan
331.78000000000003,217.19943237304688,-223.22738647460938,-49.84412384033203,216.56527583658166,-223.24258322423378,-49.83926701298233,0.6343571885874758,0.31434277165417907,0.07538155072000767,3.52213456122707e-05,29.113972034126427,43.54867649238144,nan,0.1488134449895776,nan
331.79,217.2079620361328,-223.22189331054688,-49.84563446044922,216.57360927827068,-223.2371444416873,-49.84079767085575,0.634554499583705,0.31438875114774306,0.07540239447020454,3.5928092662351275e-05,29.015512188327914,44.20934811121505,nan,nan,nan
331.8,217.21649169921875,-223.2163543701172,-49.84722900390625,216.58277563053943,-223.2345683959476,-49.841580639307246,0.6340029262250819,0.3143274150992009,0.07539265174833942,3.519393418308945e-05,29.67401603757905,43.88499177086471,1.0573464858204833,0.413351243928249,nan
331.81,217.2250213623047,-223.21078491210938,-49.84890365600586,216.59110677277147,-223.22906949048425,-49.843267726956846,0.634203276817191,0.31437320379443146,0.07541348717705783,3.589998044021035e-05,29.574281063741523,44.11305986579763,nan,nan,nan
331.82,217.2335662841797,-223.20518493652344,-49.85065841674805,216.59943534242208,-223.2235556137673,-49.845720196102306,0.634416203371202,0.314419076717782,0.07543438332550614,3.518854999505191e-05,29.305210196847682,43.83056376692541,nan,0.3270282902723181,nan
331.83,217.24209594726562,-223.19955444335938,-49.85249328613281,216.6077666506768,-223.2179878642947,-49.847575330992484,0.63461613105956,0.31446503405776294,0.07545534270175719,3.589479197488744e-05,29.206906807459962,44.16529557145686,nan,nan,nan
331.84000000000003,217.25062561035156,-223.1938934326172,-49.85440444946289,216.61610049244865,-223.21236907788486,-49.848891087227415,0.634817983268353,0.31451107591349614,0.07547636315552674,3.518394592479154e-05,29.3175044521538,44.59282571324913,nan,0.26730479726437695,nan
331.85,217.25917053222656,-223.1881866455078,-49.85639190673828,216.63643103012788,-223.2112797888815,-49.850883169951615,0.6231918861201398,0.3144497006496794,0.07546658480129838,3.586831761507065e-05,29.031045465480283,43.550392070368694,1.4918847229637662,nan,nan
331.86,217.2677001953125,-223.1824493408203,-49.858455657958984,216.64478203849396,-223.20562937728755,-49.85344634190264,0.6233694229204582,0.31449555147836267,0.07548759645894472,3.5158867614344814e-05,28.820837232375126,43.773822161762126,nan,0.1608823267215024,nan
331.87,217.27622985839844,-223.1766815185547,-49.860557556152344,216.6531346866767,-223.19993356870347,-49.8555926003512,0.6235486361505095,0.3145414866675533,0.075508671430241,3.586466448033984e-05,28.71632740757148,43.795652662513085,nan,nan,nan
331.88,217.28475952148438,-223.17088317871094,-49.86265563964844,216.66148848386385,-223.19419718560445,-49.85743949398042,0.6237287370561245,0.3145875063115942,0.07552980783655779,3.515571160976549e-05,28.72456606880766,44.055365411632835,nan,0.0708922566415508,nan
331.89,217.29330444335938,-223.16505432128906,-49.8647346496582,216.66984082085813,-223.1884371807155,-49.859590422836256,0.6239231601462887,0.3146336106063814,0.07555100778281178,3.586174370019433e-05,28.611318452746495,43.56592906554988,nan,nan,nan
331.90000000000003,217.3018341064453,-223.15919494628906,-49.86677932739258,216.67697690393962,-223.18218245476106,-49.86041608249188,0.6253122739517104,0.3145721956047272,0.07554118839853283,3.513204722040116e-05,29.03216430694244,44.467353742765965,0.029974601641835717,1.1512836124987051,nan
331.91,217.31036376953125,-223.15330505371094,-49.86879348754883,216.68532650560653,-223.176359366564,-49.862495604517456,0.6254940015430275,0.31461810864138795,0.07556237891444481,3.583745116199204e-05,28.908057015974748,44.086880972155974,nan,nan,nan
331.92,217.3188934326172,-223.14736938476562,-49.870765686035156,216.69367783336185,-223.17049481265184,-49.86409986354079,0.6256786428804025,0.31466410607144546,0.07558363120741259,3.513021506197894e-05,28.990411266044365,43.74482666287948,nan,0.13547842458345802,nan
331.93,217.32742309570312,-223.14141845703125,-49.87269973754883,216.70202691363633,-223.16461086019828,-49.866102721400175,0.6258608413461015,0.3147101880948825,0.07560494714034276,3.583588162612857e-05,28.862023606551265,44.390466639063966,nan,nan,nan
331.94,217.33595275878906,-223.13543701171875,-49.874595642089844,216.7103742395618,-223.15870445856598,-49.868378674982466,0.6260419382768165,0.31475635479969494,0.07562632519404307,3.51290145424348e-05,28.670105141590817,44.22067223857112,nan,0.06735198653553748,nan
331.95,217.34449768066406,-223.12942504882812,-49.87645721435547,216.74481864054576,-223.15671876975043,-49.8703135630652,0.6003312775544605,0.31469489962228675,0.07561646336511164,3.581290520178121e-05,27.131793453204107,43.062264669988835,14.501049124636861,nan,nan
331.96,217.35302734375,-223.12338256835938,-49.87827682495117,216.75322111451925,-223.15073868101203,-49.87242537960729,0.6004582491198611,0.3147408748316235,0.07563783146034063,3.510722220917495e-05,26.974549959577224,43.50404402482796,nan,0.03259772109322094,nan
331.97,217.36155700683594,-223.1173095703125,-49.88006591796875,216.7616241690531,-223.14472495715614,-49.87428815693434,0.6005867096502531,0.31478693457583673,0.07565926330322797,3.581256498731879e-05,26.853343694385554,42.938681562659596,nan,nan,nan
331.98,217.37008666992188,-223.11122131347656,-49.88181686401367,216.77002593075684,-223.13868722611284,-49.876311287000696,0.6007142235892805,0.31483307893959867,0.0756807575889345,3.5107179355583677e-05,26.704662294888998,43.65320134923069,nan,0.02676473598491842,nan
331.99,217.3786163330078,-223.10508728027344,-49.88352966308594,216.77842827124363,-223.13261714209,-49.87810686790112,0.6008435815447359,0.3148793081281044,0.0757023158618981,3.581281141787151e-05,26.58544495882641,42.86662558919793,nan,nan,nan
332.0,217.38714599609375,-223.09893798828125,-49.88521194458008,216.78049083406484,-223.12355598632098,-49.88053462068916,0.6071724703925512,0.31481781221012944,0.07569240674172344,3.5086511161920804e-05,26.393050569338207,43.14407217184735,0.8867938629822676,0.21806422893874478,nan
332.01,217.3956756591797,-223.09275817871094,-49.88685989379883,216.78888231352835,-223.1174258236175,-49.882271511769375,0.6073118723371309,0.31486384966284653,0.07571395439900706,3.5791565760843146e-05,26.279861720222392,42.958276430620266,nan,nan,nan
332.02,217.40420532226562,-223.0865478515625,-49.88847732543945,216.7972677066809,-223.1112937850335,-49.885210138351255,0.6074506605037782,0.31490997167276985,0.07573556480729626,3.508751632194659e-05,25.918692726082284,42.29975800614228,nan,1.0696534593856906,nan
332.03000000000003,217.41273498535156,-223.08030700683594,-49.89006042480469,216.80565856834093,-223.10510938026837,-49.88689560563616,0.6075911041964963,0.3149561784476309,0.07575723932242119,3.579287997493718e-05,25.81790873281027,42.161254267025875,nan,nan,nan
332.04,217.4212646484375,-223.0740509033203,-49.89160919189453,216.8140486501295,-223.09890027496752,-49.88863711268355,0.6077315140152513,0.31500247006807297,0.07577897691999999,3.508902208365092e-05,25.711890800294224,42.82057019770672,nan,0.005297232003157431,nan
332.05,217.42979431152344,-223.06776428222656,-49.893131256103516,216.85682990119292,-223.108229769897,-49.89029947025465,0.5743985464891896,0.3149409329496363,0.07576901851149832,3.577266895830014e-05,25.401412681170918,42.013559032249084,11.035294705943944,nan,nan
332.06,217.4383087158203,-223.0614471435547,-49.89461898803711,216.86527762046217,-223.10199051374445,-49.8918960978376,0.5744700298925438,0.3149870326212745,0.07579074543691124,3.649177773904408e-05,25.302937895709455,42.32136664964294,nan,nan,nan
332.07,217.44683837890625,-223.05511474609375,-49.896080017089844,216.87372500223537,-223.09572571575586,-49.89346377578409,0.5745563837384102,0.31503321696443387,0.07581253607467281,3.722534330684863e-05,25.20597931093818,42.18203041168001,nan,nan,nan
332.08,217.4553680419922,-223.0487518310547,-49.89751434326172,216.88218175855073,-223.08939863455905,-49.89299701533178,0.5746434411112517,0.31507948608784553,0.07583439004537904,3.643616666724725e-05,25.505529145583154,42.04647246012091,nan,2.617324858858859,nan
332.09000000000003,217.46389770507812,-223.0423583984375,-49.8989143371582,216.8906284575832,-223.0830835480816,-49.89448834060241,0.5747310304676768,0.31512584020733064,0.07585630853962039,3.71683401950527e-05,25.396875491114056,42.05887296888235,nan,nan,nan
332.1,217.47242736816406,-223.03594970703125,-49.900291442871094,216.8764740586818,-223.0646646857411,-49.89609784886638,0.5966594366268348,0.31506426128545584,0.07584629638674902,3.635968789996214e-05,25.21650610717264,42.14483112946598,5.2796217359587585,0.032617054885174614,nan
332.11,217.48094177246094,-223.02951049804688,-49.90163803100586,216.88488434736078,-223.05827803938226,-49.897535923959026,0.5967653246743939,0.31511042317415444,0.07586820300571694,3.7089627601333794e-05,25.10971784443182,42.274030102577264,nan,nan,nan
332.12,217.48947143554688,-223.02304077148438,-49.902957916259766,216.89328534495112,-223.051897943553,-49.900731245007584,0.5968882215829932,0.3151566697801571,0.07589017324310479,3.6307816307262295e-05,24.718158357499217,41.16877687491031,nan,2.0840310418539327,nan
332.13,217.4980010986328,-223.0165557861328,-49.90425109863281,216.90169434782618,-223.04546357040533,-49.90213493233322,0.5970107865096895,0.31520300131972045,0.07591220813211866,3.703652735864984e-05,24.62707762245,41.54043573298455,nan,nan,nan
332.14,217.5065155029297,-223.0100555419922,-49.905521392822266,216.910102571434,-223.0390074139293,-49.90361735694258,0.5971182639113988,0.31524941786547417,0.07593430696360226,3.625776819360871e-05,24.528575494296053,42.00831370336758,nan,0.007099070344276715,nan
332.15000000000003,217.51504516601562,-223.00352478027344,-49.90676498413086,216.9141958982713,-223.02382002776673,-49.90478657805803,0.6011951876972313,0.315187796662146,0.07592423869061506,3.6961913479799426e-05,23.551989332062245,41.10520628795385,6.472013568656752,nan,nan
332.16,217.52357482910156,-222.99696350097656,-49.907981872558594,216.92260116033833,-223.01730276822633,-49.90706698555254,0.6013184458814058,0.31523402072347806,0.07594632502442496,3.6187098668871255e-05,23.394709515343138,40.67735625567674,nan,0.59917169942427,nan
332.17,217.53208923339844,-222.99038696289062,-49.909175872802734,216.93101061788965,-223.0107477454109,-49.908380274074105,0.6014238908325225,0.31528032965476027,0.07596847614375042,3.691265735722503e-05,23.312279784597468,41.235039502004554,nan,nan,nan
332.18,217.54061889648438,-222.98379516601562,-49.91034698486328,216.93941059710764,-223.00419784782605,-49.9115076492696,0.6015555134868179,0.3153267235288635,0.07599069147392022,3.614072209748337e-05,23.25626601251902,41.15327777237625,nan,2.2323331434287965,nan
332.19,217.54913330078125,-222.9771728515625,-49.911495208740234,216.94781904701182,-222.99759806075764,-49.91279346184802,0.6016624522255684,0.3153732025619044,0.07601297184787255,3.686526905880442e-05,23.188961904222804,40.920543028928606,nan,nan,nan
332.2,217.5576629638672,-222.97052001953125,-49.91261672973633,216.9673170492613,-222.99881433522046,-49.914653152678746,0.5910270841599138,0.31531153844324267,0.07600284329907284,3.607387226412082e-05,23.558114092602892,40.31300527265651,1.9494160571224182,0.21253455543439848,nan
332.21,217.56617736816406,-222.9638671875,-49.913719177246094,216.97573958316607,-222.99218934589064,-49.91590137115042,0.5911207022085005,0.31535782473376966,0.07602511046660661,3.6796568725983176e-05,23.49578058472598,41.5031069046233,nan,nan,nan
332.22,217.57470703125,-222.95718383789062,-49.914798736572266,216.98415665280774,-222.98555681128195,-49.91813116441468,0.5912409662503821,0.3154041959031621,0.07604744210170322,3.60310867919293e-05,23.600451952111847,40.76187261243545,nan,0.6694418706558553,nan
332.23,217.58322143554688,-222.95046997070312,-49.91585922241211,216.99257801016176,-222.9788894266927,-49.91934705317478,0.5913370328271587,0.3154506521666884,0.07606983892328431,3.675291093743766e-05,23.549657509875278,40.375289247280215,nan,nan,nan
332.24,217.59173583984375,-222.94374084472656,-49.916893005371094,217.001000396046,-222.97219709704845,-49.92023527481074,0.591429872106683,0.3154971935982789,0.07609230052667072,3.5990042799884594e-05,23.45489443069469,40.89623171917801,nan,0.06300635464074471,nan
332.25,217.6002655029297,-222.93699645996094,-49.917911529541016,217.03071259087866,-222.96839485628848,-49.92137137658236,0.5704282158688256,0.31543548606095884,0.07608210895776196,3.668806330179311e-05,22.353609371776948,40.144979002586965,8.94911778867999,nan,nan
332.26,217.60877990722656,-222.93023681640625,-49.918907165527344,217.03917492731838,-222.96166080097174,-49.922934594774404,0.5704853373475149,0.3154818344885146,0.0761045566874508,3.5928666716146103e-05,22.40298138281983,40.970275592615806,nan,0.11290496048515594,nan
332.27,217.61729431152344,-222.92344665527344,-49.919883728027344,217.04763849561488,-222.95490139149743,-49.92407206867013,0.5705389480365994,0.3155282679443669,0.0761270697501834,3.664802904710355e-05,22.35611628425568,40.26461856623984,nan,nan,nan
332.28000000000003,217.6258087158203,-222.91664123535156,-49.920841217041016,217.0561060503604,-222.94811064324466,-49.924238696224336,0.5705812768835604,0.3155747865038224,0.07614964783722201,3.5891074955728655e-05,22.12461660865138,40.19225918200655,nan,0.6079983672205711,nan
332.29,217.6343231201172,-222.90985107421875,-49.92177963256836,217.0645685574593,-222.9413301165067,-49.92532956953933,0.5706345536552698,0.3156213903802793,0.07617229152445806,3.660974701964356e-05,22.07078806387407,40.0046072003325,nan,nan,nan
332.3,217.64283752441406,-222.90313720703125,-49.92269515991211,217.07308941355663,-222.93821449331833,-49.9245641550883,0.5708299387574614,0.3155596387686506,0.07616203303856675,3.58332378329619e-05,22.28853742237107,39.99610028378957,1.3289836649409617,2.36818033968504,nan
332.31,217.6513671875,-222.8965301513672,-49.92359924316406,217.08154663236647,-222.93158322280235,-49.92560179463483,0.5709012113160367,0.315606049374704,0.07618466211895691,3.655038039570753e-05,22.21976365381881,39.28108078755736,nan,nan,nan
332.32,217.65988159179688,-222.89002990722656,-49.92448043823242,217.08999861308345,-222.92507322995445,-49.927636162727204,0.5709681273873188,0.31565254501925655,0.07620735645630416,3.5798980149140404e-05,22.306933120889525,39.486450182839576,nan,0.6931060225792386,nan
332.33,217.66839599609375,-222.88365173339844,-49.92534637451172,217.09845495687415,-222.91867153622144,-49.92865009901895,0.5710254717366812,0.31569912591387667,0.07623011654657097,3.6515548932110696e-05,22.246329314874714,39.27948122708595,nan,nan,nan
332.34000000000003,217.67691040039062,-222.87741088867188,-49.92619323730469,217.1069024559513,-222.91241097047677,-49.93145025345548,0.5711056808236877,0.31574579213643167,0.07625294220034423,3.576633224893288e-05,22.637072126365744,40.51504570615162,nan,2.19475340411765,nan
332.35,217.6854248046875,-222.87127685546875,-49.927024841308594,217.11717416594715,-222.91004246178053,-49.932556387098586,0.5695982432033698,0.3156839959217407,0.07624261378885104,3.6459699205467814e-05,23.06472593655217,39.648007984462595,1.3517124004910892,nan,nan
332.36,217.69393920898438,-222.8652801513672,-49.92784118652344,217.125630965208,-222.90401701209626,-49.93322292643319,0.5696523215504347,0.3157304686047081,0.07626542412709887,3.571350037897452e-05,22.954356046443294,40.26622149683766,nan,0.06923229606163364,nan
332.37,217.70245361328125,-222.85939025878906,-49.92863845825195,217.13408633247067,-222.89811483460852,-49.93419040532729,0.5697120174129501,0.3157770264698434,0.07628830037320875,3.6428180743435285e-05,22.90949331226121,39.69777337208279,nan,nan,nan
332.38,217.71096801757812,-222.85362243652344,-49.929420471191406,217.1425388508088,-222.89233686451757,-49.93579674763262,0.5697816963278549,0.31582366959721697,0.07631124240370372,3.5684002268997455e-05,23.12238129731331,40.10555936302997,nan,0.29031290439128493,nan
332.39,217.719482421875,-222.84796142578125,-49.9301872253418,217.15099462509303,-222.88666868117411,-49.93674089728714,0.569841712518511,0.3158703981952567,0.07633425061613008,3.63982581392378e-05,23.08423263049102,39.612553165133065,nan,nan,nan
332.40000000000003,217.72799682617188,-222.84228515625,-49.93104553222656,217.1770164045396,-222.8850640977817,-49.938213387436136,0.5526851192215815,0.315808556705268,0.07632384856353809,3.563436110823674e-05,22.681086858857153,40.600763467795474,4.286640900840301,0.17013784243596436,nan
332.41,217.73651123046875,-222.83656311035156,-49.93199157714844,217.18550704641203,-222.879401084756,-49.939290939914116,0.5527151016535334,0.31585509148945784,0.07634684070192091,3.6347350554801756e-05,22.635670362130547,39.92700915322197,nan,nan,nan
332.42,217.74502563476562,-222.830810546875,-49.93302536010742,217.19399924004617,-222.87370285912698,-49.940149338162456,0.5527391692210468,0.3159017114694918,0.07636989883724012,3.560787208882195e-05,22.525504689058195,39.94501853462189,nan,0.06497061864558268,nan
332.43,217.7535400390625,-222.82501220703125,-49.934146881103516,217.20249022654556,-222.86797474736838,-49.941401939079086,0.5527696732034049,0.31594841685129266,0.07639302331337183,3.6320532412391055e-05,22.48181298063404,39.152666675455166,nan,nan,nan
332.44,217.76205444335938,-222.81919860839844,-49.93535232543945,217.21097049421917,-222.86223304990375,-49.94513338143799,0.5528482171555649,0.31599520771853495,0.07641621408708,3.558283071446444e-05,23.651590269046636,41.306109548653154,nan,3.9042441685005107,nan
332.45,217.77056884765625,-222.8133544921875,-49.9366455078125,217.25689979529267,-222.87414933530746,-49.946355847353416,0.5173453382413739,0.31593332039964483,0.07640573520292568,3.627275471454979e-05,23.399310000197314,40.96412411523687,15.241165364928202,nan,nan
332.46,217.7790985107422,-222.80746459960938,-49.938018798828125,217.26544663361153,-222.8683650911645,-49.94929013563222,0.517372364728589,0.3159799171764235,0.07642890915563721,3.553764922151669e-05,24.308172352230606,40.900321201669186,nan,1.3472856828427753,nan
332.47,217.78761291503906,-222.8015594482422,-49.93947982788086,217.2739999286833,-222.86253968698998,-49.95092000515304,0.5173468535973045,0.3160265992851684,0.0764521496089024,3.624888693333044e-05,24.27447429911974,41.814308168995225,nan,nan,nan
332.48,217.79612731933594,-222.79562377929688,-49.94102096557617,217.2825516222442,-222.8566863918669,-49.953028643300954,0.5173324111453722,0.31607336681228754,0.07647545656257056,3.551540763328784e-05,24.65456178899276,42.25999653966649,nan,0.10708838607305235,nan
332.49,217.8046417236328,-222.78964233398438,-49.94264221191406,217.29110515131552,-222.85080026612584,-49.954828437168416,0.5173090061628196,0.3161202199597373,0.0764988302961236,3.6226435744004344e-05,24.627207706739433,41.440645972505756,nan,nan,nan
332.5,217.8131561279297,-222.7836456298828,-49.94434356689453,217.3214365110164,-222.84944239352546,-49.955199821548376,0.49622097298311096,0.3160582861275019,0.0764882709881046,3.547303404595819e-05,23.021906058255496,41.33567364539151,6.7876111842507925,1.5104546921141384,nan
332.51,217.82168579101562,-222.77761840820312,-49.94612503051758,217.33003274932253,-222.84349351762302,-49.95714620335486,0.4961690333927213,0.3161049449027175,0.07651162711618983,3.618300663507777e-05,22.988801442895582,40.67310093694695,nan,nan,nan
332.52,217.8302001953125,-222.7715606689453,-49.9479866027832,217.33862512889286,-222.83752086866002,-49.96005165842355,0.4961273621152988,0.3161516890284949,0.07653504994044376,3.545344099319866e-05,23.66945545561279,41.610725601132515,nan,0.5318542505113271,nan
332.53000000000003,217.83871459960938,-222.76547241210938,-49.94992446899414,217.3472210389929,-222.83151433434827,-49.96216533490781,0.49606178488045855,0.31619851870389154,0.07655853970642268,3.616328047967657e-05,23.63934476024127,41.494318234565824,nan,nan,nan
332.54,217.84722900390625,-222.7593536376953,-49.95193862915039,217.3558249114463,-222.82546888681674,-49.96243724178282,0.49594296962452217,0.3162454340195406,0.07658209646478487,3.543511829436423e-05,22.53925648447058,40.254569244341596,nan,2.5378097127775425,nan
332.55,217.85574340820312,-222.75320434570312,-49.95402526855469,217.36852798006353,-222.81942084081717,-49.964658570924776,0.49180948014625403,0.3161834530967648,0.0765714534251048,3.6122573257838664e-05,22.286331817258343,40.169477691559315,0.4730604012013479,nan,nan
332.56,217.8642578125,-222.74703979492188,-49.95615005493164,217.3771244161343,-222.81333626961577,-49.96880380566436,0.49178682965205495,0.3162301737563852,0.07659499179558318,3.539662569726172e-05,23.611748542812826,41.96719034875689,nan,2.3347404028709766,nan
332.57,217.87277221679688,-222.7408447265625,-49.95827102661133,217.3857283293215,-222.80721519793494,-49.97114514701137,0.49171387083689744,0.3162769798940696,0.07661859726937457,3.610541244819227e-05,23.611421620911543,41.7338313871188,nan,nan,nan
332.58,217.88128662109375,-222.734619140625,-49.96037292480469,217.39433749455662,-222.8010611108292,-49.97213947087582,0.4916019109465825,0.3163238716034526,0.07664226992328106,3.5380733175511e-05,22.867436356123676,40.545326263797065,nan,1.2310746942494692,nan
332.59000000000003,217.88980102539062,-222.72836303710938,-49.96243667602539,217.40294080103683,-222.79488675423826,-49.97442930876759,0.4915303716338971,0.31637084907919455,0.07666600996372626,3.608948006523893e-05,22.873492032536788,40.56094494557929,nan,nan,nan
332.6,217.8983154296875,-222.7220916748047,-49.96446990966797,217.44495804329998,-222.8001532315402,-49.97563386224934,0.4601642753075666,0.31630882037284136,0.07665527968109247,3.5344656723196405e-05,21.759551453985146,40.608728192857704,11.27729224889734,0.747740365160512,nan
332.61,217.90682983398438,-222.71578979492188,-49.966461181640625,217.4536209735999,-222.79393695136682,-49.977843926270715,0.4600378419942665,0.31635560290365644,0.07667900052298716,3.605251323884013e-05,21.7606628435241,40.47142732797888,nan,nan,nan
332.62,217.91534423828125,-222.70945739746094,-49.968414306640625,217.46229103984476,-222.7876879018521,-49.97813848785769,0.45986060075981244,0.31640247093683316,0.07670278872670683,3.533104182039751e-05,20.77757987011552,39.136874159419136,nan,2.4437353310241576,nan
332.63,217.92385864257812,-222.70309448242188,-49.97032928466797,217.47095325129317,-222.7814206575449,-49.9802552427876,0.45973558466685843,0.31644942466397946,0.0767266444791562,3.603891854854361e-05,20.77021394778344,38.797238196478325,nan,nan,nan
332.64,217.932373046875,-222.69671630859375,-49.97220993041992,217.4796219546738,-222.77512227865762,-49.9806061270337,0.45956669129584493,0.3164964641832133,0.07675056788643435,3.5318516668537885e-05,19.966649434643227,38.26469123363121,nan,2.0716653107470617,nan
332.65000000000003,217.94088745117188,-222.69032287597656,-49.97404861450195,217.46565421087746,-222.75137264253925,-49.98274610554411,0.47921743815153084,0.31643438709434446,0.07673974698531881,3.600426768250916e-05,19.341550720489494,38.781617514674686,9.411776096100962,nan,nan
332.66,217.94940185546875,-222.68389892578125,-49.975852966308594,217.45433855105256,-222.74510457632528,-49.983478133429536,0.4988907197088543,0.31048427731370665,0.07676344025470043,3.5285202360633945e-05,27.706094171566445,46.63443226804893,nan,1.092828236132931,0.06638017241552803
332.67,217.95791625976562,-222.6774444580078,-49.977622985839844,217.46296105176313,-222.7387126620654,-49.985422775298666,0.49879383263312094,0.3105261298586224,0.0767873569230304,3.599230015376738e-05,27.653142628390043,46.129247223518924,nan,nan,nan
332.68,217.9664306640625,-222.67095947265625,-49.97935485839844,217.47148622226123,-222.73230260971133,-49.989127161575645,0.4988271031561055,0.31056806178785673,0.07681133515509947,3.5274757412846534e-05,28.576122989125547,46.80472534556673,nan,2.2372752505254616,nan
332.69,217.97494506835938,-222.66445922851562,-49.98105239868164,217.48010817627218,-222.72586360858517,-49.99102115970947,0.4987318155669111,0.3106100816630139,0.07683537512268444,3.598194668635253e-05,28.535648612451425,47.1482003311869,nan,nan,nan
332.7,217.98345947265625,-222.65794372558594,-49.98271560668945,217.46094477779488,-222.71279415439437,-49.99152778569014,0.5254596372560707,0.31054607290429675,0.0768244824338318,3.524403643554017e-05,29.176897049474334,46.70923819858399,16.3106490109344,1.2382397301234511,nan
332.71,217.99195861816406,-222.65139770507812,-49.98434829711914,217.46950205033113,-222.70631117324612,-49.99334222150571,0.525411500572529,0.310587921923587,0.07684849767781479,3.595046197522752e-05,29.12931015361716,46.59452315876016,nan,nan,nan
332.72,218.00047302246094,-222.64483642578125,-49.98594665527344,217.478122199833,-222.69980243947748,-49.99391911218957,0.5252953499042435,0.31062985055335407,0.07687257471764827,3.523550638579421e-05,28.589102753439345,46.03550322612064,nan,1.0125168202775494,nan
332.73,218.0089874267578,-222.63824462890625,-49.98751449584961,217.48667897663822,-222.69327422601972,-49.99565842088502,0.5252625030780208,0.3106718668048496,0.0768967137154546,3.594206949639397e-05,28.53812740035956,45.47066846982106,nan,nan,nan
332.74,218.0175018310547,-222.6316375732422,-49.98904800415039,217.49520878213352,-222.686725008955,-49.997881296477054,0.5252643920713769,0.31071396308912075,0.07692091479991703,3.5227890783679316e-05,28.81447595455107,46.21808696523832,nan,0.18418570814783305,nan
332.75,218.0260009765625,-222.625,-49.99055480957031,217.4854148089856,-222.67611556641717,-49.99962716128713,0.5430732117047307,0.3106500190511101,0.07690993359157047,3.591251328170639e-05,29.727072027797544,45.999906989567364,7.545020178264049,nan,nan
332.76,218.03451538085938,-222.61834716796875,-49.992027282714844,217.49407033339736,-222.66951913234107,-49.99845224916633,0.5429002665847971,0.3106919444492089,0.07693410938089272,3.519991937535639e-05,28.51681295861819,44.82852402444493,nan,5.5929135851891765,nan
332.77,218.04302978515625,-222.61166381835938,-49.993473052978516,217.5025823216234,-222.6629068617181,-50.00005133920037,0.5429112120608355,0.3107339571502201,0.07695834734837276,3.590593339480757e-05,28.45995325268475,44.173211110122026,nan,nan,nan
332.78000000000003,218.05152893066406,-222.60496520996094,-49.99489212036133,217.511051754048,-222.65627502639524,-50.00247362712334,0.5429601780519239,0.3107760500995043,0.07698264762934272,3.5194015119725664e-05,28.79662713183316,45.14882319315205,nan,0.5059710145743284,nan
332.79,218.06004333496094,-222.59825134277344,-49.996280670166016,217.51956325162706,-222.64962095726509,-50.00402547616616,0.5429710303447076,0.3108182305109877,0.07700701037620328,3.590021829667286e-05,28.74349613974133,45.03686205448094,nan,nan,nan
332.8,218.06854248046875,-222.59152221679688,-49.99763870239258,217.5259016986567,-222.64699633616348,-50.00546966511346,0.5455251781377587,0.31075434279265624,0.07699593790412253,3.516772034718035e-05,29.638523339047268,45.83826143798716,4.4741905020687565,0.0017355273291043366,nan
332.81,218.07705688476562,-222.5847625732422,-49.99897384643555,217.534395857962,-222.64031760727295,-50.00696612446246,0.5455558892778735,0.3107963520085315,0.07702027476397955,3.587325300697672e-05,29.58716888905389,44.662414435282486,nan,nan,nan
332.82,218.08555603027344,-222.57798767089844,-50.000282287597656,217.54292143744718,-222.6336180105091,-50.007770351441714,0.5455301156829503,0.3108384416791685,0.07704467415966,3.516339074710036e-05,29.311055249914162,45.04494097018095,nan,0.31067542057182834,nan
332.83,218.0940704345703,-222.57118225097656,-50.001564025878906,217.55141455274946,-222.62689940462832,-50.009209240967905,0.5455623306273755,0.31088061850380677,0.07706913623939848,3.5869147111802136e-05,29.259239041956892,44.038804353330676,nan,nan,nan
332.84000000000003,218.10256958007812,-222.56436157226562,-50.0028190612793,217.55992146551063,-222.62016089529075,-50.01031721108105,0.5455609617120463,0.31092287619594633,0.07709366114464022,3.515981225441111e-05,29.1402494568963,44.595118012823974,nan,0.06560551538476923,nan
332.85,218.11106872558594,-222.55752563476562,-50.00404739379883,217.5879044846293,-222.63095490569495,-50.01171343282366,0.5283478484855276,0.31085905063835106,0.07708249466738988,3.5843753892734985e-05,30.441060985542805,45.083121327578944,11.036620468925445,nan,nan
332.86,218.1195831298828,-222.55067443847656,-50.005252838134766,217.59645446297256,-222.62422131703127,-50.01209757827103,0.5283177036177876,0.31090113707798583,0.0771069930796352,3.513575690398715e-05,30.04839827528184,44.384118077171756,nan,0.6716975107066301,nan
332.87,218.12808227539062,-222.54379272460938,-50.00643539428711,217.60495881067678,-222.61746934178123,-50.01342789848377,0.528332564174355,0.31094331037156425,0.07713155439142963,3.584112153480324e-05,29.99354343431494,44.14455529780985,nan,nan,nan
332.88,218.13658142089844,-222.5369110107422,-50.00759506225586,217.61337197547965,-222.61069943678658,-50.016739873648845,0.528466160855125,0.3109855647244855,0.0771561787463843,3.513356736420495e-05,30.92098418510958,45.96349988227088,nan,2.8150537623615124,nan
332.89,218.1450958251953,-222.52999877929688,-50.00872802734375,217.62187481673107,-222.60391015113026,-50.018044973278485,0.5284977957060829,0.311027906101407,0.07718086628956106,3.583919175258167e-05,30.877796950762544,45.00348788770175,nan,nan,nan
332.90000000000003,218.15359497070312,-222.52305603027344,-50.00984191894531,217.59736763203261,-222.58575277211344,-50.018682229434745,0.5598195109241723,0.3109641354969572,0.0771696030422387,3.5110864250156894e-05,31.560996706482836,44.54117962770778,14.439506733496556,0.33130164837732695,nan
332.91,218.16209411621094,-222.51611328125,-50.01093292236328,217.60580293393681,-222.5789165188784,-50.01993790279136,0.5598975047319472,0.31100630530762663,0.07719426346901302,3.5815884714762423e-05,31.513657999282458,45.39407925817788,nan,nan,nan
332.92,218.17059326171875,-222.5091552734375,-50.012001037597656,217.61426369685302,-222.57206247584517,-50.02056933922469,0.5599404581303525,0.31104855635838513,0.07721898715246818,3.5109940449780245e-05,31.254837423187627,45.27945141796816,nan,0.25540293005043846,nan
332.93,218.17909240722656,-222.50216674804688,-50.0130500793457,217.6226976579907,-222.56519092315378,-50.02177755323084,0.560020832135342,0.31109089414702684,0.0772437742371025,3.5815245902123894e-05,31.207174274167553,44.50179649549926,nan,nan,nan
332.94,218.18759155273438,-222.4951629638672,-50.014076232910156,217.63117909484524,-222.55830219816792,-50.021834846350735,0.5600371258093835,0.3111333135762557,0.07726862486737285,3.51096203261705e-05,30.711463116467534,44.17004985288839,nan,0.8970729354315651,nan
332.95,218.19610595703125,-222.48814392089844,-50.01508331298828,217.63637534061803,-222.5475284033161,-50.02305246915028,0.5629284032204017,0.3110696024582525,0.07725726207471315,3.579319249370248e-05,30.373318087570187,43.77553328805202,0.8622630444664318,nan,nan
332.96,218.20460510253906,-222.48110961914062,-50.01606750488281,217.64484859561293,-222.5405952348249,-50.0232094722062,0.5629537220915539,0.31111185023582316,0.07728208494957287,3.508870007600976e-05,29.96867317807412,43.91013328065966,nan,0.67760930807036,nan
332.97,218.21310424804688,-222.47406005859375,-50.017032623291016,217.6532806383095,-222.53364503914992,-50.02431973916723,0.563032810753566,0.31115418447497956,0.07730697143559118,3.579372409445765e-05,29.9144864958309,43.88751852007689,nan,nan,nan
332.98,218.22158813476562,-222.4669952392578,-50.017982482910156,217.6617767212161,-222.52667919140907,-50.02381861263142,0.5630142567420642,0.31119660051843734,0.07733192167654977,3.508948139091049e-05,29.316285340870948,43.603882373356726,nan,1.782135133642628,nan
332.99,218.23008728027344,-222.4599609375,-50.0189094543457,217.67020743678194,-222.5197205945023,-50.02487639954184,0.563091697850425,0.31123910320647347,0.07735693581792485,3.579481406464184e-05,29.25277521240198,43.16504688492088,nan,nan,nan
333.0,218.23858642578125,-222.45301818847656,-50.01981735229492,217.67261112459911,-222.50724661460768,-50.02742556874088,0.5686181923807532,0.3111754454497586,0.07734547069185342,3.506962740896405e-05,29.456650516384382,44.037891503251316,2.9179027006860334,1.1960629116302417,nan
333.01,218.24708557128906,-222.44618225097656,-50.02070999145508,217.68103667776234,-222.50043198978625,-50.028465435795525,0.5686954641463818,0.31121777617079466,0.07737045642343895,3.5774401620552916e-05,29.393558671931178,43.65374220689077,nan,nan,nan
333.02,218.25558471679688,-222.43946838378906,-50.021583557128906,217.68945581423174,-222.49373385254145,-50.02964138486234,0.5687808048855975,0.3112601888476486,0.07739550611541113,3.507140206244134e-05,29.469210648193073,43.74948336154531,nan,0.01647924141846352,nan
333.03000000000003,218.2640838623047,-222.43287658691406,-50.02244186401367,217.69788039835728,-222.48716032619302,-50.0306491647453,0.5688588987802189,0.31130268790854876,0.07742061991486346,3.577650284066712e-05,29.406997118471736,43.37625695053475,nan,nan,nan
333.04,218.2725830078125,-222.42642211914062,-50.02328109741211,217.70622216592446,-222.48071149916132,-50.033818140690286,0.5690544519535967,0.31134526931206685,0.07744579796323289,3.507365111561495e-05,30.594759632528838,45.131461688107436,nan,3.333387513482169,nan
333.05,218.28106689453125,-222.4200897216797,-50.02410125732422,217.72137988613684,-222.47039911748422,-50.0348027187352,0.5620454643069608,0.3112816682764907,0.07743422770816463,3.575706717090367e-05,29.41793691059918,45.11742386575777,6.780635066138347,nan,nan
333.06,218.28956604003906,-222.41387939453125,-50.02490997314453,217.72984031080202,-222.46418691449148,-50.03554006258383,0.5620825004712184,0.31132407759838027,0.07745937667607943,3.50551825107806e-05,29.344816675290748,44.28463130044059,nan,0.042032332895847804,nan
333.07,218.29806518554688,-222.4077911376953,-50.025699615478516,217.73829168442163,-222.45809853780304,-50.036503976983845,0.5621333839002595,0.3113665730543717,0.07748458995534306,3.576007523619056e-05,29.292525419609852,44.27087244634125,nan,nan,nan
333.08,218.3065643310547,-222.40167236328125,-50.026580810546875,217.74667083908926,-222.45205447842733,-50.0395062673555,0.562304319124033,0.31140915098642274,0.0775098676851004,3.5058283606333976e-05,30.712823746176337,45.554022743675226,nan,2.8165179363609365,nan
333.09000000000003,218.3150634765625,-222.39553833007812,-50.027549743652344,217.7551223896852,-222.4459850649279,-50.040618412460496,0.5623608129437493,0.311451815249533,0.07753521001578653,3.576351696895749e-05,30.640424005882736,46.20802183234138,nan,nan,nan
333.1,218.3235626220703,-222.38937377929688,-50.02860641479492,217.74917874332007,-222.434245670126,-50.041299361765674,0.5762737523586793,0.3113882657634092,0.07752353182139787,3.5040635782504514e-05,30.696054336208732,45.92994882954581,2.9298139523388493,0.2898011814542134,nan
333.11,218.33204650878906,-222.38316345214844,-50.029747009277344,217.75760385786373,-222.42811390687353,-50.04258553999773,0.5763416785667829,0.3114307576295033,0.07754884438698845,3.574533984233312e-05,30.62964246073023,45.40572763015068,nan,nan,nan
333.12,218.34054565429688,-222.376953125,-50.030975341796875,217.76602197592788,-222.42195471299436,-50.04417029160577,0.5764344773077932,0.3114733320926025,0.07757422160100114,3.504449641882319e-05,30.904082425842923,46.64476579772851,nan,0.03143967746338626,nan
333.13,218.3490447998047,-222.37069702148438,-50.032291412353516,217.77444751149147,-222.41576922904753,-50.045631929573524,0.5765167101057973,0.31151599265317614,0.07759966361662315,3.574955344932788e-05,30.83474677309961,45.462334159781705,nan,nan,nan
333.14,218.3575439453125,-222.3644256591797,-50.033687591552734,217.7829523755287,-222.40956171939268,-50.0448160272132,0.5764690608162785,0.3115587361834046,0.07762517056899151,3.50487211100737e-05,29.309002946868198,44.646889510429986,nan,3.930734887893535,nan
333.15000000000003,218.3660430908203,-222.35812377929688,-50.0351676940918,217.81438946301387,-222.4140754515493,-50.04642574563557,0.5545981053198953,0.3114952405794336,0.07761338162976013,3.573211853683498e-05,29.150472623595522,44.271854601608936,5.0982323038820425,nan,nan
333.16,218.37454223632812,-222.35179138183594,-50.03672790527344,217.82287079616736,-222.40782961785135,-50.047623548868444,0.5546173246790217,0.3115378115690552,0.07763885811600532,3.5032121505164904e-05,28.912829501421335,43.851273269370736,nan,0.17154573441625398,nan
333.17,218.38304138183594,-222.34544372558594,-50.03837203979492,217.83133593302193,-222.40155744715952,-50.04939211721985,0.5546612426574903,0.31158046843319487,0.07766439960119627,3.573701576010386e-05,28.84163973117982,44.194678602175664,nan,nan,nan
333.18,218.39154052734375,-222.3390655517578,-50.040096282958984,217.83981643419403,-222.39526142145334,-50.05075301921822,0.5546810045065649,0.3116232083698846,0.07769000621744769,3.503698751911594e-05,28.605147346036475,43.659415103319354,nan,0.16848456521274596,nan
333.19,218.40003967285156,-222.33265686035156,-50.04189682006836,217.84828133453516,-222.38893968318365,-50.052678495675295,0.5547262969938603,0.31166603439213064,0.07771567812235819,3.5742241615338106e-05,28.53760974740444,43.37799641354145,nan,nan,nan
333.2,218.40853881835938,-222.32623291015625,-50.04377746582031,217.86527152436182,-222.39207491773635,-50.05461011282216,0.5473498597155889,0.3116025883158598,0.07770377560911355,3.502100328246508e-05,29.388766681360245,43.951337816582125,3.5307423263147064,0.012521250299647419,nan
333.21,218.41702270507812,-222.3197784423828,-50.04573059082031,217.87373889551392,-222.38572921970422,-50.05669347573057,0.5473819394257032,0.3116452414826733,0.07772941633382476,3.572574506053643e-05,29.323186056666028,44.122034296956905,nan,nan,nan
333.22,218.42552185058594,-222.3133087158203,-50.04776382446289,217.8821979008162,-222.37935905530642,-50.05911916549943,0.5474417827583726,0.3116879778127581,0.07775512238041728,3.5026433320837504e-05,29.561578695190885,44.24711504084238,nan,0.04938176961981839,nan
333.23,218.43402099609375,-222.3068084716797,-50.04987335205078,217.89066462513412,-222.37296602063776,-50.061359553122315,0.5474896345700191,0.31173080002144005,0.07778089390963291,3.5731543169250084e-05,29.495029427091605,43.79098772730807,nan,nan,nan
333.24,218.44252014160156,-222.30029296875,-50.0520133972168,217.89915699307886,-222.36655190791598,-50.06276683939422,0.5474937394259104,0.31177370575221847,0.07780673104900125,3.5032135654806696e-05,29.02496552014714,43.82901692248437,nan,0.5568028309617116,nan
333.25,218.45101928710938,-222.2937469482422,-50.05415344238281,217.88802927034126,-222.34762462060667,-50.06513069772453,0.5656686863304435,0.31171031065789934,0.07779471215434867,3.57155950801038e-05,28.701317717496067,43.23917716870919,4.377989043291581,nan,nan
333.26,218.4595184326172,-222.2871856689453,-50.05626678466797,217.89652308935166,-222.3411420393891,-50.06548312843584,0.5656500574052681,0.31175304336169446,0.07782051738337209,3.5016920855543665e-05,27.674819334412923,42.68913199989765,nan,2.6526806568718113,nan
333.27,218.46800231933594,-222.2805938720703,-50.058349609375,217.90496130092802,-222.3346319414009,-50.067728502180394,0.5657059881042921,0.3117958617472487,0.07784638828554427,3.5721892550307134e-05,27.633471986461025,42.535978648531554,nan,nan,nan
333.28000000000003,218.47650146484375,-222.27398681640625,-50.060394287109375,217.91346438483683,-222.32810630469186,-50.06758019918266,0.5656777437793903,0.3118387637283944,0.07787232498525905,3.502309101044756e-05,26.567689992084773,41.45030087891761,nan,3.928299820256248,nan
333.29,218.48500061035156,-222.26734924316406,-50.062400817871094,217.92190188321078,-222.3215524838342,-50.069732281733444,0.5657489886593534,0.31188175161584425,0.07789832764783954,3.572843244837285e-05,26.521482229211706,40.94411869309051,nan,nan,nan
333.3,218.4934844970703,-222.2606964111328,-50.064369201660156,217.94082010392475,-222.31568432338375,-50.07011672070269,0.5554229342760467,0.31181840383117126,0.0778861895288744,3.5008324029206266e-05,25.26643473614363,40.930192041401725,3.093757382975798,2.133606917523391,nan
333.31,218.50198364257812,-222.2540283203125,-50.06629943847656,217.94928311714335,-222.30908148269756,-50.072176550413324,0.5554667064272956,0.3118612183772669,0.07791215953851945,3.571316138836725e-05,25.21189657420749,40.748539526685924,nan,nan,nan
333.32,218.51048278808594,-222.24732971191406,-50.06819152832031,217.95778713985686,-222.3024622217113,-50.07261402797661,0.5554562374400976,0.3119041165810437,0.07793819552971565,3.501489888483926e-05,24.72681379224023,39.76087786160439,nan,1.7724454976748683,nan
333.33,218.5189666748047,-222.24061584472656,-50.070045471191406,217.96624983266875,-222.2958175696138,-50.074583912825304,0.5554851352319992,0.31194710050922625,0.07796429767081685,3.572011132347922e-05,24.666653304572645,40.43226679620802,nan,nan,nan
333.34000000000003,218.5274658203125,-222.23387145996094,-50.07186508178711,217.97472963991103,-222.28915436267977,-50.0758299140885,0.5555080596652053,0.3119901684409807,0.0779904660817897,3.502167170226637e-05,24.463426851717234,39.21993235773862,nan,0.33364909575619495,nan
333.35,218.5359649658203,-222.22711181640625,-50.07364273071289,218.01549837329944,-222.29177549562144,-50.07780333425106,0.5244846765747668,0.3119268686855177,0.0779782059356371,3.570523275776992e-05,23.469266336580386,39.6029267624462,14.935511589572892,nan,nan
333.36,218.54444885253906,-222.2203369140625,-50.07538986206055,218.0240380045817,-222.28507612018444,-50.07918127878322,0.5244358781793566,0.3119697630779346,0.07800434093561688,3.500744952303022e-05,23.316887455168043,40.01444067354295,nan,0.16291394385827082,nan
333.37,218.55294799804688,-222.2135467529297,-50.07709884643555,218.03256542760707,-222.27835558878076,-50.081000675254444,0.5244172280637274,0.3120127430220919,0.07803054226905184,3.571253389049185e-05,23.255106870917047,39.794064655762085,nan,nan,nan
333.38,218.56143188476562,-222.20672607421875,-50.07877731323242,218.04108718437064,-222.27161489888428,-50.083009723326974,0.5243921052903354,0.3120558070160603,0.0780568100530632,3.501455100596167e-05,23.263662444769043,39.57540613342578,nan,0.03515175385368391,nan
333.39,218.56993103027344,-222.19989013671875,-50.080421447753906,218.04961400253558,-222.26485548381547,-50.08476496499629,0.5243750297443549,0.3120989567987634,0.07808314446016673,3.572000855200977e-05,23.204243752486615,39.293555056315874,nan,nan,nan
333.40000000000003,218.5784149169922,-222.1930389404297,-50.08203125,218.06969644712487,-222.26484795737574,-50.086541142817445,0.513781427877778,0.31203570195466107,0.0780707594363984,3.500064352398381e-05,23.35388568702284,40.03819235875144,1.8645148029178988,0.019072460824387592,nan
333.41,218.5869140625,-222.18617248535156,-50.08361053466797,218.07823987835826,-222.25806350344368,-50.08823211666931,0.5137500395277651,0.3120786778835003,0.0780970596623999,3.5705599253296194e-05,23.294537294742327,39.626477815853875,nan,nan,nan
333.42,218.59539794921875,-222.1792755126953,-50.08515548706055,218.08675275907362,-222.2512560331165,-50.091250752127415,0.5137492355557502,0.3121217378980446,0.0781234265163801,3.5008023295264095e-05,23.681975352000514,39.93437395026556,nan,1.3025391520584668,nan
333.43,218.6038818359375,-222.17236328125,-50.086673736572266,218.0952954797355,-222.2444345600413,-50.092894248859054,0.5137052128551342,0.31216488354208094,0.07814986017345744,3.571335561366332e-05,23.62844222233858,39.92112856349446,nan,nan,nan
333.44,218.6123809814453,-222.16543579101562,-50.088157653808594,218.10385674781998,-222.23759777423783,-50.09362750329271,0.5136479020303468,0.31220811360603945,0.07817636074694526,3.5015542424322685e-05,23.324549381936773,39.392844065477625,nan,0.5471439118365478,nan
333.45,218.62086486816406,-222.1584930419922,-50.08961486816406,218.11247360231482,-222.2311937644338,-50.09525651190242,0.5135941027498253,0.3121449037917751,0.07816384805243203,3.569921659258297e-05,23.39438682123749,39.90075783235875,0.14097541425031768,nan,nan
333.46,218.6293487548828,-222.15151977539062,-50.091041564941406,218.1210141363583,-222.22431967653858,-50.096811494338,0.5135535045960239,0.31218795977931474,0.07819031366002503,3.500200356571663e-05,23.380011601769787,39.24410705013177,nan,2.3591398595024464e-05,nan
333.47,218.63784790039062,-222.14454650878906,-50.09244155883789,218.12955461495932,-222.21742802309595,-50.098333059597856,0.5135255484622179,0.31223110124521447,0.07821684624721428,3.57072082297746e-05,23.325884773639025,39.594284943316666,nan,nan,nan
333.48,218.64633178710938,-222.13754272460938,-50.09381103515625,218.13808413860386,-222.21051714528787,-50.100351730112244,0.5135014303536614,0.312274327152791,0.07824344592499695,3.50097427938455e-05,23.501710140842285,39.58499260222478,nan,0.19406427648354485,nan
333.49,218.65481567382812,-222.1305389404297,-50.09515380859375,218.14662354278371,-222.2035910380208,-50.10182451983544,0.5134591993590034,0.3123176387868124,0.07827011287188484,3.5715319849479936e-05,23.449590860009113,40.397596825249714,nan,nan,nan
333.5,218.66329956054688,-222.12350463867188,-50.09646987915039,218.1634909363829,-222.20687872996103,-50.10117549863959,0.5067366601517419,0.31225447132294454,0.07825746965550083,3.4996415790427724e-05,23.625263437079187,39.109163578477514,3.8733435636217073,2.920382587985694,nan
333.51,218.67178344726562,-222.116455078125,-50.09776306152344,218.17203151412772,-222.19994539476727,-50.10257531874885,0.5067008836263254,0.3122976085649395,0.07828410083992089,3.570148947978867e-05,23.56770226029292,39.02426112228792,nan,nan,nan
333.52,218.68028259277344,-222.10939025878906,-50.09902572631836,218.18055273175,-222.19299204683438,-50.10496369509518,0.5067094359058989,0.31234083026124004,0.07831079928586943,3.5004335825222745e-05,23.85397573476789,39.01700461183437,nan,0.7251506243619964,nan
333.53000000000003,218.6887664794922,-222.10231018066406,-50.10026550292969,218.1890923998858,-222.18602608418922,-50.10632414208744,0.5066746939032716,0.3123841375445006,0.07833756517386041,3.570978413778541e-05,23.801336722821425,39.402254866780865,nan,nan,nan
333.54,218.69725036621094,-222.09521484375,-50.10148239135742,218.19760277032782,-222.17903828541247,-50.10926768321784,0.5066899448511625,0.3124275296060778,0.07836439861195486,3.501235034721976e-05,24.431387063182974,40.01541187637744,nan,1.8224510407200292,nan
333.55,218.7057342529297,-222.0880889892578,-50.1026725769043,218.21187421014915,-222.17607121363395,-50.11057553863075,0.5016981866275966,0.31236440413010086,0.07835162209476562,3.569613104801031e-05,24.583517912600197,39.360504132531226,0.4314274248463559,nan,nan
333.56,218.71421813964844,-222.08096313476562,-50.10383987426758,218.22040532400797,-222.16906277304705,-50.11273172315633,0.5016888558984978,0.3124076215545587,0.07837841896001957,3.499925778758195e-05,25.020175953638265,40.55158523888576,nan,0.5109438693224774,nan
333.57,218.7227020263672,-222.07382202148438,-50.104984283447266,218.22895066045032,-222.1620417927222,-50.11402323888055,0.5016521126212338,0.31245092443336797,0.07840528343675637,3.5704572956903604e-05,24.97693252061266,40.48609907335656,nan,nan,nan
333.58,218.73118591308594,-222.06666564941406,-50.106101989746094,218.2375019633674,-222.1550069072675,-50.11490021208325,0.5016028596061938,0.31249431209085093,0.07843221563136546,3.500741022805112e-05,24.827581953779728,40.418451575141916,nan,0.10874165477418028,nan
333.59000000000003,218.7396697998047,-222.0594940185547,-50.107200622558594,218.24604629219218,-222.1479554407806,-50.11614415556408,0.5015671214030398,0.3125377854603516,0.07845921572681676,3.57130944967693e-05,24.784070336654736,40.260887621433554,nan,nan,nan
333.6,218.74815368652344,-222.0522918701172,-50.108280181884766,218.28318710658627,-222.15795690429678,-50.114793711788344,0.47686627683077715,0.3124746996293414,0.0784463030640707,3.499445250494083e-05,24.08223060131115,38.687846239529165,8.321139090042807,4.890166888823659,nan
333.61,218.7566375732422,-222.0450897216797,-50.10933303833008,218.29177225838825,-222.15090873098177,-50.11597050867787,0.47680339732068056,0.31251799804394986,0.07847326576474277,3.5699629683338096e-05,24.032641066345644,39.46595161541176,nan,nan,nan
333.62,218.76510620117188,-222.03787231445312,-50.11036682128906,218.30037042121143,-222.1438493218616,-50.116260763491674,0.47670243321110983,0.3125613812297355,0.07850029634784511,3.500271292459463e-05,23.719018166214674,39.56025225221563,nan,0.5298467405960691,nan
333.63,218.77359008789062,-222.0306396484375,-50.11138153076172,218.30895481323842,-222.13677235062062,-50.117388825067636,0.4766405107716954,0.31260485000470667,0.07852739499768299,3.570826081120986e-05,23.66656071261607,38.89855889468267,nan,nan,nan
333.64,218.78207397460938,-222.0233917236328,-50.11237335205078,218.31754701917833,-222.12968318183363,-50.117938149755304,0.4765649309191555,0.31264840386620135,0.07855456181867933,3.501103458735947e-05,23.470155518443647,38.71980234335294,nan,0.22079697104772492,nan
333.65000000000003,218.79055786132812,-222.01612854003906,-50.11334991455078,218.34940029111684,-222.12704478049676,-50.119017917007,0.45492256528319347,0.3125853569415235,0.07854151024959906,3.5694904829312144e-05,22.514099467542678,38.7147485544336,9.218915115250068,nan,nan
333.66,218.79904174804688,-222.0088653564453,-50.11430358886719,218.35803612685143,-222.1199230473775,-50.11995218654024,0.4548094934110802,0.31262873558257315,0.07856863884100317,3.499821245421609e-05,22.453778750766812,39.401070736380156,nan,0.012147345865440121,nan
333.67,218.80751037597656,-222.00157165527344,-50.115238189697266,218.36666975669127,-222.11278719231007,-50.12099814618584,0.45468948128248976,0.3126721996956012,0.07859583566156741,3.5703618598149904e-05,22.400808248322665,39.0526015624405,nan,nan,nan
333.68,218.8159942626953,-221.99432373046875,-50.116153717041016,218.36391427435996,-222.11358781209438,-50.12289476003663,0.46759563586497405,0.31167337457190264,0.07811712452458042,3.500574859083479e-05,33.857373847024625,50.22189789242692,nan,0.5450820029317083,0.12417134321213705
333.69,218.82447814941406,-221.98716735839844,-50.11705017089844,218.3725366065628,-222.10655196976126,-50.12391419921821,0.4674943405751719,0.311715068548313,0.07814184319374698,3.5711499887933535e-05,33.7661781177118,50.153913999503466,nan,nan,nan
333.7,218.83294677734375,-221.98013305664062,-50.1179313659668,218.4004834335341,-222.1238874545819,-50.123160245638,0.4557600375736053,0.31164898847127975,0.07813024852787985,3.4993035849846565e-05,35.95260887586656,51.02879948436226,33.711557899509465,2.064435293340023,nan
333.71,218.8414306640625,-221.97320556640625,-50.11879348754883,218.40909675662098,-222.11714442269135,-50.12412807498663,0.4556966750980807,0.3116905122326149,0.07815493876230534,3.569827638623979e-05,35.85967033889863,49.57808027163087,nan,nan,nan
333.72,218.8498992919922,-221.9664306640625,-50.1196403503418,218.41774058309278,-222.11051871849287,-50.124285981279385,0.455570081320032,0.3117321173473782,0.0781796905393544,3.5001520297178855e-05,35.56446350998315,50.771847386771064,nan,0.44477387795989515,nan
333.73,218.85838317871094,-221.95977783203125,-50.12046813964844,218.42635348933584,-222.10403565277932,-50.125213724835305,0.45550246094537383,0.31177380820461803,0.07820450459572366,3.570712776350961e-05,35.46741227349101,49.79017735081532,nan,nan,nan
333.74,218.86685180664062,-221.95326232910156,-50.121280670166016,218.43494582076542,-222.097691591261,-50.12666745885287,0.45544660487823097,0.31181558081115635,0.0782293804940136,3.501004189561757e-05,35.55199974614916,50.69948998017465,nan,0.2070141111031487,nan
333.75,218.87533569335938,-221.94671630859375,-50.12218475341797,218.46256599319054,-222.0992889305282,-50.127776028011816,0.4401005483898028,0.3117495928087946,0.07821769236614347,3.5693963765876626e-05,35.24810128584547,50.157993358984186,5.052165575037854,nan,nan
333.76,218.88381958007812,-221.94015502929688,-50.123172760009766,218.47119094405585,-222.0929878046777,-50.129470289041386,0.4400680712891081,0.31179119516729775,0.07824253926869792,3.499739344629788e-05,35.4084316132401,50.8228812636891,nan,0.2950837102012862,nan
333.77,218.8922882080078,-221.93356323242188,-50.12425231933594,218.47983981992746,-222.0866552082209,-50.13061346208423,0.43999010218547974,0.3118328830099094,0.07826744865032231,3.57028513279942e-05,35.311793661328764,50.85760776869088,nan,nan,nan
333.78000000000003,218.90077209472656,-221.9269561767578,-50.12541580200195,218.48851060547784,-222.08029212035245,-50.13123307759083,0.43989235934590726,0.3118746527546094,0.0782924201202066,3.500594979344729e-05,35.048606139696226,50.445655063464415,nan,0.26380892714473203,nan
333.79,218.9092559814453,-221.92031860351562,-50.12666320800781,218.49715960810337,-222.0739154747882,-50.13254478209045,0.43982952686239085,0.3119165081728788,0.07831745434825267,3.5711768234395496e-05,34.95575885585091,50.06186074115494,nan,nan,nan
333.8,218.917724609375,-221.91366577148438,-50.12799835205078,218.5312535492899,-222.07937781833363,-50.13352441997802,0.42053644334470774,0.31185060723255664,0.07830566952213618,3.499334108300103e-05,34.655223026792555,51.250227231294794,6.369787389201939,0.10037244345447509,nan
333.81,218.92620849609375,-221.906982421875,-50.129417419433594,218.53994614564323,-222.07297639362565,-50.13500235950492,0.4204566488815684,0.3118922921565515,0.07833067415074652,3.5698643708480836e-05,34.56217790440646,50.20472783610989,nan,nan,nan
333.82,218.93467712402344,-221.90029907226562,-50.130916595458984,218.5486129756954,-222.06656378525446,-50.13732845564631,0.42039337930155457,0.31193405912033956,0.07835574110947495,3.500191588278494e-05,34.763585478089674,52.04615573885194,nan,0.4124018152650125,nan
333.83,218.9431610107422,-221.89356994628906,-50.13249588012695,218.55730577451493,-222.0601202874475,-50.138980840873096,0.4203157553314652,0.311975911519762,0.07838087102390842,3.570758042127052e-05,34.67358170122559,50.34060792596297,nan,nan,nan
333.84000000000003,218.95164489746094,-221.8868408203125,-50.134159088134766,218.56598956324305,-222.05365959703303,-50.14098955606653,0.42024421039368504,0.3120178463371045,0.07840606356693303,3.5010511621545665e-05,34.73154509014435,51.249072860747006,nan,0.053208956371708825,nan
333.85,218.96011352539062,-221.8800811767578,-50.135902404785156,218.5517398159311,-222.03402485360007,-50.142680236583026,0.4364787294030666,0.31195203478378036,0.07839417985451441,3.569448256922469e-05,34.356257547847925,50.63050866616776,5.777873017923088,nan,nan
333.86,218.96859741210938,-221.87330627441406,-50.13772201538086,218.56043649245103,-222.0274808707448,-50.14341700214718,0.4363457062517717,0.3119937990394861,0.07841934220319487,3.4997919672861524e-05,33.90020138838722,49.92795831524059,nan,0.9480364390208025,nan
333.87,218.97706604003906,-221.8665008544922,-50.139617919921875,218.5690960474164,-222.0209314230605,-50.145379918956124,0.4362585426346851,0.3120356485058043,0.07844456770266117,3.570342477309318e-05,33.80830645464751,49.983818590407786,nan,nan,nan
333.88,218.9855499267578,-221.8596954345703,-50.14159393310547,218.57777747686055,-222.0143538234026,-50.14671486007405,0.43614654879344233,0.31207758050620377,0.07846985606762838,3.500652192315463e-05,33.53044994288152,49.98745926272521,nan,0.35202981693278107,nan
333.89,218.99403381347656,-221.8528594970703,-50.14364242553711,218.58643672815316,-222.00776545123284,-50.14882638815269,0.4360712236178129,0.31211959792398775,0.07849520786338307,3.571238276400724e-05,33.438947172561086,49.50313413873516,nan,nan,nan
333.90000000000003,219.00250244140625,-221.8459930419922,-50.14576721191406,218.58022812522864,-221.99479122048973,-50.151632422658025,0.44776209835639624,0.3120538715918697,0.07848322210870086,3.4993944481006725e-05,33.84006583437816,49.39923928452439,2.3069738758155585,0.2580421548535858,nan
333.91,219.010986328125,-221.83912658691406,-50.147926330566406,218.5888598222017,-221.98815612554668,-50.15388160525641,0.4477008551306328,0.31209571820250515,0.07850854307600266,3.569928482096801e-05,33.754998297321634,49.61460655165203,nan,nan,nan
333.92,219.0194549560547,-221.8322296142578,-50.150081634521484,218.5974990969025,-221.98149936347895,-50.155875592500756,0.4476178895603457,0.3121376474492649,0.07853392714111919,3.500254168698028e-05,33.62604852931769,49.45744123125799,nan,0.05151190651610172,nan
333.93,219.02792358398438,-221.8253173828125,-50.1522102355957,218.606130097789,-221.9748275470711,-50.15812345919282,0.44754664609043665,0.312179661907452,0.07855937483012554,3.570823932968567e-05,33.5512344706881,49.59587391574496,nan,nan,nan
333.94,219.03640747070312,-221.81838989257812,-50.1543083190918,218.61474665184602,-221.96814350448875,-50.16084053758315,0.44751163148899503,0.31222175936334057,0.07858488591438673,3.501114956764705e-05,33.69690801494515,49.264427414970854,nan,0.17406387745393484,nan
333.95,219.0448760986328,-221.8114471435547,-50.15636444091797,218.67625279428967,-221.99667369729656,-50.162970289945804,0.4125962359951045,0.31215611963174617,0.0785727958030054,3.569514752916495e-05,35.24107137063528,51.540351809780475,33.1502683232004,nan,nan
333.96,219.05335998535156,-221.8044891357422,-50.15838623046875,218.68497089137045,-221.99001366892662,-50.16427641368645,0.4125100862231879,0.31219804618045155,0.07859827543085776,3.499855910722442e-05,34.91767410613678,50.620024580336235,nan,0.5068761338242678,nan
333.97,219.06182861328125,-221.79750061035156,-50.160369873046875,218.6936652950291,-221.98334552529622,-50.16638349504959,0.4124545126032888,0.3122400577464178,0.07862381887334255,3.570408851308258e-05,34.848182490694875,50.576775317802934,nan,nan,nan
333.98,219.07029724121094,-221.79051208496094,-50.16231155395508,218.702367271736,-221.97665695584652,-50.168158980304405,0.4123791553773716,0.31228215239233176,0.07864942593831592,3.500715617304542e-05,34.717979363895616,51.27462117252052,nan,0.06085107600544337,nan
333.99,219.0787811279297,-221.7834930419922,-50.164215087890625,218.71106113997413,-221.9699544314546,-50.17018759850585,0.4123366466679053,0.3123243322781917,0.07867509709899982,3.571303709632001e-05,34.650018081739084,50.06055671955609,nan,nan,nan
334.0,219.08724975585938,-221.77645874023438,-50.16608428955078,218.6801917457052,-221.94039381043638,-50.17221876911417,0.4388719206241428,0.3122587756660345,0.0786628995495033,3.4994565207518596e-05,34.17056948070641,49.56731220288569,15.277003041601073,0.00066030540580426,nan
334.01,219.09571838378906,-221.7694091796875,-50.167911529541016,218.68882754184477,-221.93361404849952,-50.174174799808696,0.43881958109700575,0.3123007843990548,0.07868853859034705,3.5699921620467075e-05,34.10193132461205,49.67930688225252,nan,nan,nan
334.02,219.1042022705078,-221.76234436035156,-50.169708251953125,218.69744738479403,-221.92682425946796,-50.176709664097736,0.4388076959641786,0.3123428762814738,0.07871424147628553,3.500314342722886e-05,34.312828969681235,49.239891522236384,nan,0.26670161235060985,nan
334.03000000000003,219.1126708984375,-221.75526428222656,-50.17146301269531,218.70608220417168,-221.9200121803682,-50.178600961651746,0.438756409140851,0.3123850532268089,0.07874000864680886,3.570885321686697e-05,34.247196565701074,49.92638989157751,nan,nan,nan
334.04,219.1211395263672,-221.7481689453125,-50.173187255859375,218.71469898491796,-221.91319140068177,-50.18119287949151,0.4387372955646505,0.31242731366821214,0.07876583995872402,3.501172649527336e-05,34.558950492622444,50.17345991636193,nan,0.38123437104491475,nan
334.05,219.12960815429688,-221.74105834960938,-50.17487335205078,218.71248293705878,-221.90129080041618,-50.18293493590432,0.44691484007773735,0.3123618407772863,0.07875353254926248,3.5695732459483815e-05,34.598180941313274,49.99676763525535,1.491286676642393,nan,nan
334.06,219.13807678222656,-221.7339324951172,-50.17652893066406,218.721050377844,-221.89444282391102,-50.186781269777555,0.4469672225779603,0.31240392993529165,0.07877933108133071,3.499910588934921e-05,35.689258612228095,51.028128718781026,nan,2.969743586479362,nan
334.07,219.1465606689453,-221.72679138183594,-50.17815017700195,218.72966515724278,-221.8875596418631,-50.18856505073283,0.44694157415115426,0.3124461039895661,0.07880519408453052,3.570464013996481e-05,35.634073312036804,50.471213418893235,nan,nan,nan
334.08,219.155029296875,-221.71961975097656,-50.17974090576172,218.73823534383519,-221.88067958038235,-50.192276643346716,0.4470062780941404,0.31248836159171667,0.07883112144662867,3.500766884195549e-05,36.99656232646529,51.65230846063628,nan,2.7099201959888464,nan
334.09000000000003,219.1634979248047,-221.7124481201172,-50.181297302246094,218.74684935793314,-221.87376597424992,-50.1940172694064,0.4469689876296345,0.31253070432697533,0.07885711356208801,3.571355115956159e-05,36.94729975196257,52.33745869191333,nan,nan,nan
334.1,219.17196655273438,-221.70526123046875,-50.182823181152344,218.75681923286797,-221.86042402633396,-50.196648952797375,0.44341170752986375,0.3124653122137113,0.07884469327889819,3.499504013543856e-05,36.627655028859394,52.9481560151003,5.690918241667355,0.5803883812201509,nan
334.11,219.18043518066406,-221.69805908203125,-50.18431854248047,218.76545100339584,-221.85345829139854,-50.19833858131089,0.443347880499918,0.31250748341851703,0.0788706519227769,3.5700394748085016e-05,36.57983198699956,52.858061659163596,nan,nan,nan
334.12,219.18890380859375,-221.6908416748047,-50.185787200927734,218.77409456647766,-221.84647291554188,-50.199420022702284,0.4432534763178535,0.31254973821172843,0.07889667513846892,3.500357745311716e-05,36.29246722731938,52.46371640691681,nan,0.2366709529492178,nan
334.13,219.19737243652344,-221.68360900878906,-50.187225341796875,218.78272565846055,-221.8394781792116,-50.2010463421439,0.44319089441992754,0.31259207798629757,0.07892276329221443,3.5709282321541484e-05,36.241487152265634,52.407929452828775,nan,nan,nan
334.14,219.20584106445312,-221.67636108398438,-50.18863296508789,218.79138038113405,-221.83245888710212,-50.201456950834846,0.4430673050067466,0.31263450168292045,0.07894891631289967,3.501211696835767e-05,35.498903675568926,51.64401161441751,nan,0.9958275080613169,nan
334.15000000000003,219.2143096923828,-221.66909790039062,-50.19001388549805,218.80677831915858,-221.8244844502341,-50.203125479224,0.4363470109033903,0.3125691903227128,0.07893638064614975,3.56961156640468e-05,34.86241254009148,51.631656060121756,3.1313801560006906,nan,nan
334.16,219.2227783203125,-221.66183471679688,-50.19136428833008,218.81543900088195,-221.8174344472817,-50.20414735602622,0.4362338869239939,0.3126114423301717,0.07896249950429775,3.499945134368155e-05,34.62256704940591,52.122609918156144,nan,0.18565395501532655,nan
334.17,219.2312469482422,-221.654541015625,-50.192691802978516,218.8240892922953,-221.81037496620854,-50.205650673686684,0.43615308009994663,0.3126537791760769,0.07898868348284098,3.570497502579362e-05,34.5674528511082,51.15903727245989,nan,nan,nan
334.18,219.23971557617188,-221.64724731445312,-50.19398880004883,218.83276492636514,-221.80329085807006,-50.20575350592098,0.43600094860780775,0.3126961999692638,0.07901493253620875,3.500796708641172e-05,33.726132425615226,51.03411208326683,nan,1.3337761328670967,nan
334.19,219.2481689453125,-221.63992309570312,-50.19526290893555,218.84141421483946,-221.79620440703522,-50.20719210754273,0.43590774805374105,0.3127387058499563,0.07904124699335313,3.5713836208168025e-05,33.66730182336739,50.65845740510793,nan,nan,nan
334.2,219.2566375732422,-221.63259887695312,-50.196510314941406,218.83567747874767,-221.78332027725492,-50.20643500868789,0.4472391320219281,0.31267347270754764,0.0790285929897279,3.499529089260067e-05,32.72104548870234,49.24268800589551,2.265342757090113,3.2750514715952783,nan
334.21,219.26510620117188,-221.62525939941406,-50.19773483276367,218.84429939437493,-221.7762000907284,-50.207803082734756,0.4471720369148448,0.3127158066491782,0.07905487256527025,3.570062995092264e-05,32.656257204534356,49.0329803757995,nan,nan,nan
334.22,219.27357482910156,-221.61790466308594,-50.19893264770508,218.85290314073785,-221.76907481115674,-50.210177284417775,0.4471504499755366,0.31275822455362096,0.07908121741901804,3.5003779038589176e-05,33.340094210311335,49.647418016823195,nan,0.7485052500146077,nan
334.23,219.2820281982422,-221.61053466796875,-50.20010757446289,218.86152436130274,-221.76192893580483,-50.21150894197916,0.4470723570023766,0.3128007274152023,0.0791076278569701,3.5709466048705466e-05,33.278552316108275,50.0108356218135,nan,nan,nan
334.24,219.29049682617188,-221.60316467285156,-50.20125961303711,218.87017409750197,-221.75475764985705,-50.21107463460631,0.4469317191275459,0.31284331456219044,0.07913410386712026,3.501226888587118e-05,32.2996539697659,49.065752119979535,nan,2.1447224665322593,nan
334.25,219.29896545410156,-221.59576416015625,-50.202388763427734,218.85792527956482,-221.74302129803917,-50.21256128078616,0.465085562367047,0.31277815911859275,0.07912132894791137,3.5696248914608474e-05,33.404215713455436,48.13462549352383,10.16078115892705,nan,nan
334.26,219.30743408203125,-221.58836364746094,-50.203495025634766,218.8664841156487,-221.73584587191525,-50.21471275564326,0.46509538467857997,0.31282057414209186,0.07914776935573285,3.4999554775442316e-05,34.01302536803581,49.340819562496165,nan,0.5710779377130822,nan
334.27,219.31588745117188,-221.58094787597656,-50.2045783996582,218.8750568178496,-221.72865201103252,-50.21595254789155,0.46505648047949166,0.3128630739996374,0.07917427552577314,3.5705056572565966e-05,33.95278011570517,49.6555951269195,nan,nan,nan
334.28000000000003,219.32435607910156,-221.5735321044922,-50.20564270019531,218.8836385351099,-221.72144210504638,-50.21656031240134,0.46500378073975807,0.3129056581451769,0.07920084746649758,3.5008020933403164e-05,33.6455899464391,49.36269448983306,nan,0.2635461646611841,nan
334.29,219.3328094482422,-221.5660858154297,-50.20668411254883,218.89221069300308,-221.7142244563557,-50.21775250818662,0.4649675574012179,0.3129483273840815,0.0792274854539172,3.571386633107646e-05,33.584472460589005,48.95944988269997,nan,nan,nan
334.3,219.34127807617188,-221.5586395263672,-50.20770263671875,218.91466432620305,-221.72415298533954,-50.21750434013644,0.45770085225324125,0.31288324740242196,0.0792145867193992,3.499529710457113e-05,34.554032034965424,48.8706121417663,11.444983534819535,1.3392778519012778,nan
334.31,219.3497314453125,-221.55117797851562,-50.208702087402344,218.92323653260996,-221.7169568474281,-50.21864238542465,0.45768914501418406,0.3129257442636132,0.07924118835903322,3.5700610861120544e-05,34.49061547060316,49.147054230844724,nan,nan,nan
334.32,219.3582000732422,-221.543701171875,-50.20968246459961,218.93180228302484,-221.70975220701814,-50.22020622574943,0.4577103574566421,0.31296832540723474,0.0792678559634574,3.500373680793641e-05,34.80311722612353,48.749155325033406,nan,0.13985348236244918,nan
334.33,219.3666534423828,-221.5362091064453,-50.21064376831055,218.94037390450757,-221.70253352351932,-50.22131056852987,0.4577027821119955,0.3130109915313613,0.07929458979056625,3.5709396970148844e-05,34.7413614217587,49.02607397632495,nan,nan,nan
334.34000000000003,219.3751220703125,-221.52871704101562,-50.211585998535156,218.94894728205378,-221.69530271635247,-50.222232479163644,0.4576997759717293,0.31305374225138516,0.079321389875408,3.501217907238915e-05,34.707953859516515,48.97541381037432,nan,0.01900658014257768,nan
334.35,219.38357543945312,-221.52120971679688,-50.21250915527344,218.94698057055646,-221.689290612659,-50.22346302574077,0.46795967174418074,0.31298873683063516,0.07930836469617293,3.569613267630602e-05,35.907723108681544,49.49733359892499,6.467010305613744,nan,nan
334.36,219.3920440673828,-221.51376342773438,-50.21341323852539,218.95552902022393,-221.6820784245218,-50.223814566030235,0.46795674175454294,0.31303131496518777,0.07933512768396728,3.4999420226598387e-05,35.5486401799073,49.06307159166208,nan,0.34654233827106246,nan
334.37,219.40049743652344,-221.50640869140625,-50.214298248291016,218.96406806231334,-221.67494581774952,-50.22484228466579,0.4679599751394686,0.313073977973163,0.07936195706793497,3.570489261449545e-05,35.47867360043496,49.166151602876134,nan,nan,nan
334.38,219.40895080566406,-221.49917602539062,-50.21516799926758,218.97260787449824,-221.66792309004575,-50.22575895980185,0.4679560811156773,0.3131167255607785,0.07938885289902622,3.500784115629215e-05,35.474698460925204,49.1482947259025,nan,0.0062467086386395745,nan
334.39,219.41741943359375,-221.4920654296875,-50.21601867675781,218.98114617856908,-221.6610275337063,-50.22675231905664,0.46797196146914477,0.31315955828951386,0.07941581541176539,3.571365600701705e-05,35.40454872483831,48.19139751075663,nan,nan,nan
334.40000000000003,219.42587280273438,-221.485107421875,-50.216854095458984,219.0015136070728,-221.65577201869723,-50.22880172926465,0.45754767784852923,0.31309462540048194,0.0794026609356404,3.4995075384341645e-05,35.500294358588896,50.21002914481099,3.8645173500575027,0.99898628820535,nan
334.41,219.434326171875,-221.47811889648438,-50.217777252197266,219.01007997738202,-221.6490643882291,-50.229825654000805,0.4575503892202947,0.3131372852837857,0.07942958558040526,3.570035769664278e-05,35.40563467160671,49.577946245954784,nan,nan,nan
334.42,219.4427947998047,-221.4711151123047,-50.218788146972656,219.0186553789934,-221.6423349214049,-50.23010824796235,0.4575353713111883,0.3131800297237651,0.07945657685745046,3.5003472795169026e-05,34.919593611271154,48.695419012188715,nan,0.4875674124864505,nan
334.43,219.4512481689453,-221.46409606933594,-50.21989059448242,219.02722144442004,-221.6355925553237,-50.231302196768986,0.4575368099776632,0.31322285920584875,0.07948363498746512,3.570910062466691e-05,34.82331342978916,49.15473670262041,nan,nan,nan
334.44,219.45970153808594,-221.45706176757812,-50.221073150634766,219.03579024704766,-221.62883187072137,-50.23230912317325,0.45752813911547363,0.31326577355074514,0.07951076004176766,3.501187438116044e-05,34.70001596581439,49.214757636351564,nan,0.05320957698758712,nan
334.45,219.46817016601562,-221.45001220703125,-50.22234344482422,219.07352666824949,-221.6392320907727,-50.233651625542215,0.43780764004683037,0.31320091200361844,0.07949747360547546,3.569579699385245e-05,35.06518305763571,49.335359228360396,8.27376472889344,nan,nan
334.46,219.47662353515625,-221.4429473876953,-50.223697662353516,219.08213463650807,-221.63247196779372,-50.235134448140634,0.43780344640862495,0.3132436532742464,0.07952456001527561,3.499907860797632e-05,35.1380433170353,50.03575031488818,nan,0.0007272373538758505,nan
334.47,219.48507690429688,-221.43585205078125,-50.225135803222656,219.09074300781123,-221.62569550721287,-50.23667027340108,0.43780452700920564,0.31328647949236815,0.07955171344676562,3.5704517345908886e-05,35.04748246757869,49.3354257197655,nan,nan,nan
334.48,219.49354553222656,-221.4287567138672,-50.22665786743164,219.09936352938797,-221.61889707044668,-50.236993456627786,0.4377666398505601,0.3133293905417021,0.07957893398318981,3.500746239428918e-05,34.29191889811773,48.73402993278318,nan,1.1860291097686457,nan
334.49,219.5019989013672,-221.42164611816406,-50.22825622558594,219.1079718590988,-221.61208860157538,-50.238682507229626,0.4377606159484424,0.31337238681287904,0.07960622182765506,3.571324304485305e-05,34.20233285201368,49.2992665197061,nan,nan,nan
334.5,219.5104522705078,-221.4145050048828,-50.22993850708008,219.10261832039265,-221.60130707196544,-50.23943640274708,0.4486800119851326,0.3133075947136389,0.07959280062166366,3.4994663420085656e-05,34.229338760464515,47.9569686459209,2.9118418037324068,0.8249865056738814,nan
334.51,219.5189208984375,-221.40736389160156,-50.23169708251953,219.11119788547535,-221.59446528762035,-50.24127835281973,0.44870568130087213,0.3133504176435929,0.07962004902614793,3.569991119359016e-05,34.14298283166742,48.08061119071886,nan,nan,nan
334.52,219.52737426757812,-221.40020751953125,-50.23353576660156,219.11978296197364,-221.5876054861683,-50.24251073545184,0.44869724800797134,0.3133933253677465,0.07964736471213577,3.500302746026248e-05,33.79170353571932,48.23627918406006,nan,0.3354990664145414,nan
334.53000000000003,219.53582763671875,-221.3930206298828,-50.23545455932617,219.1283620456872,-221.58073359166437,-50.24450452176776,0.4487162418674981,0.3134363182252515,0.07967474787256193,3.570862040103444e-05,33.70568065029835,47.4490983040925,nan,nan,nan
334.54,219.54428100585938,-221.38583374023438,-50.23744583129883,219.13694343077162,-221.57384561274793,-50.24622056768882,0.44871969009966267,0.3134793961773765,0.07970219860569527,3.5011397609400016e-05,33.530652360692905,47.971050481545554,nan,0.08932373794786097,nan
334.55,219.55274963378906,-221.37863159179688,-50.2395133972168,219.11546424023157,-221.55708436563205,-50.24840969577811,0.4723801986073162,0.3134146721229901,0.07968863994808767,3.569528730117254e-05,34.399634378564855,47.145548858335964,11.155203217428086,nan,nan
334.56,219.5612030029297,-221.37139892578125,-50.24165725708008,219.12398486918215,-221.55015879043935,-50.25034093483309,0.47243009212959725,0.3134575764860437,0.079716050438731,3.4998574489459536e-05,34.2604253509719,46.7806176777836,nan,0.0597996125240631,nan
334.57,219.5696563720703,-221.36416625976562,-50.243831634521484,219.13250280215937,-221.54322004465405,-50.25261440429712,0.4724834797256803,0.3135005658971499,0.07974352856750626,3.570397801841804e-05,34.187639153060736,47.34276901071379,nan,nan,nan
334.58,219.57810974121094,-221.35691833496094,-50.246002197265625,219.1410224570351,-221.53626603711794,-50.25456131115038,0.4725295236148801,0.31354364035904264,0.07977107444126214,3.500693078079569e-05,34.04151906572676,47.115200238843364,nan,0.08177386971347718,nan
334.59000000000003,219.58656311035156,-221.3496551513672,-50.248146057128906,219.14953928520197,-221.52929926934365,-50.256831043282226,0.4725857190567752,0.313586800148461,0.0797986882402445,3.571267613706184e-05,33.98296239547155,47.04061810655277,nan,nan,nan
334.6,219.5950164794922,-221.34237670898438,-50.2502555847168,219.1838230074247,-221.53605527766177,-50.25755417941146,0.45458192762180183,0.31352214232409076,0.07978498936050002,3.499410841510717e-05,33.5088789721318,46.81614967246845,6.196672062904568,1.6901336908275453,nan
334.61,219.6034698486328,-221.3350830078125,-50.2523307800293,219.1923790157868,-221.52908554269365,-50.259746754640936,0.4546291379462846,0.3135651282494299,0.0798125620978867,3.569932098814065e-05,33.450281688463754,46.635115327897985,nan,nan,nan
334.62,219.61192321777344,-221.32778930664062,-50.254364013671875,219.20093624514018,-221.52210141406326,-50.261604250174486,0.4546646102237175,0.3136081991774341,0.079840202748609,3.500244890611386e-05,33.32849292416434,47.146678631461825,nan,0.06266325444655213,nan
334.63,219.62037658691406,-221.32046508789062,-50.2563591003418,219.20949114702626,-221.51510485473003,-50.26371843162768,0.4547149033230252,0.31365135535209127,0.07986791148577208,3.570800671266985e-05,33.27160966463534,46.325487264141145,nan,nan,nan
334.64,219.6288299560547,-221.31314086914062,-50.25831604003906,219.21805150846387,-221.50809169938813,-50.264687717714864,0.45473658033604053,0.3136945968255171,0.07989568842680693,3.5010797462258506e-05,32.83656063181952,46.44561213029061,nan,0.8639708400285602,nan
334.65000000000003,219.6372833251953,-221.30580139160156,-50.26023483276367,219.2497495330644,-221.5198224306385,-50.26674919092549,0.44275261947962913,0.3136300036746753,0.07988184663788221,3.569465435926224e-05,33.99179452021196,47.17101484210077,8.603904308834375,nan,nan
334.66,219.64573669433594,-221.29844665527344,-50.262115478515625,219.2453224291955,-221.49724179192387,-50.268113557711416,0.447087314780738,0.3107800076394088,0.07575672455666307,3.499711287047433e-05,44.355043242484385,57.45152129247898,nan,0.2828659285609075,0.0584849139374599
334.67,219.65419006347656,-221.29107666015625,-50.26395797729492,219.25390522371046,-221.4902200833356,-50.27006089071434,0.44712783574093,0.31082576748146434,0.07577663369993315,3.570246253573645e-05,44.268040304745085,57.29164444172655,nan,nan,nan
334.68,219.6626434326172,-221.28369140625,-50.26576232910156,219.26250002762666,-221.48320340335587,-50.272287412048584,0.44717150876822925,0.31087160925013935,0.07579659939099928,3.50054801744286e-05,44.33955883423904,57.31984654285281,nan,0.07011335387254682,nan
334.69,219.6710968017578,-221.27630615234375,-50.26753234863281,219.2710822348474,-221.47615690020785,-50.274166697928344,0.44720911188496965,0.31091753744058137,0.07581663043433301,3.571117292090368e-05,44.25163685636442,57.75594753977377,nan,nan,nan
334.7,219.67955017089844,-221.26890563964844,-50.269264221191406,219.29340237465013,-221.4740073728002,-50.27657265487662,0.4372988162483571,0.3108577944461805,0.07580704367943213,3.49926726975528e-05,44.11339053363616,58.08356765504999,2.127368251290109,0.23470031076911094,nan
334.71,219.68800354003906,-221.26148986816406,-50.270965576171875,219.30200923744096,-221.46694011081172,-50.27838861847696,0.4373288298285893,0.31090353312454205,0.0758270696206098,3.569783404871265e-05,44.02749249984669,57.834874804494234,nan,nan,nan
334.72,219.69644165039062,-221.25405883789062,-50.27263259887695,219.3105537972603,-221.45977501085392,-50.27855728203205,0.437337033513839,0.31094935376827326,0.0758471526657682,3.5001027171187154e-05,43.38298287736086,57.637926865506515,nan,1.839270874322164,nan
334.73,219.70489501953125,-221.24661254882812,-50.27426528930664,219.31915985524287,-221.45268398468036,-50.28029117924879,0.4373709695354494,0.3109952606835724,0.07586730097877649,3.57065350498066e-05,43.295619475634695,56.905913018000184,nan,nan,nan
334.74,219.71334838867188,-221.23916625976562,-50.27586364746094,219.32772185948562,-221.44552080743554,-50.280837719745044,0.43739542836131784,0.3110412498999926,0.07588750683418623,3.5009391098511835e-05,42.881523804729625,57.05227101993461,nan,0.9422527388637382,nan
334.75,219.7218017578125,-221.23170471191406,-50.27743148803711,219.32745810507063,-221.44072425187366,-50.282537141007914,0.4463430880331615,0.3109814510934179,0.07587790122380948,3.5693201725789486e-05,44.31614839618002,57.22570436056696,6.742892931764078,nan,nan
334.76,219.73023986816406,-221.22422790527344,-50.278968811035156,219.3360005249098,-221.4335657238642,-50.28313612170275,0.44639035444339503,0.31102725059966657,0.07589810164012745,3.499656929925384e-05,43.98105196596744,57.290126693211384,nan,0.7501044258492551,nan
334.77,219.7386932373047,-221.21673583984375,-50.28047561645508,219.3445813808477,-221.42644871980804,-50.284725462959685,0.4464545986079671,0.31107313622332994,0.07591836724760591,3.570189093019815e-05,43.89223369665707,56.55810972384792,nan,nan,nan
334.78000000000003,219.7471466064453,-221.20924377441406,-50.281951904296875,219.35316878931042,-221.41933000764857,-50.28647115222811,0.4465144671686517,0.31111910419042327,0.07593869093328925,3.500492569480467e-05,43.869013744540354,57.0106899763468,nan,0.024318497889671654,nan
334.79,219.75558471679688,-221.2017364501953,-50.28339767456055,219.36174883751008,-221.41219123813838,-50.28800444266546,0.44656370194423245,0.31116515851580345,0.07595907995548289,3.571059074088189e-05,43.7785176525642,57.32324804950912,nan,nan,nan
334.8,219.7640380859375,-221.19422912597656,-50.28481674194336,219.34146574091898,-221.38941157404122,-50.28974113387359,0.46549739466816387,0.3111052995578944,0.07594944470904247,3.49921106119585e-05,43.56575051143637,56.54379289734836,8.802148423031516,0.06656001490106274,nan
334.81,219.77249145507812,-221.1866912841797,-50.28620529174805,219.3499992834457,-221.38222141889608,-50.291220266683425,0.4655714968149335,0.31115116386932046,0.07596982761543664,3.569724470821158e-05,43.47938684910314,55.69753460203452,nan,nan,nan
334.82,219.7809295654297,-221.1791534423828,-50.287567138671875,219.35852356672646,-221.37500881105214,-50.292424150173254,0.46562833218973354,0.3111971105671735,0.0759902691193814,3.500045706575538e-05,43.347225865266225,56.53071627193668,nan,0.04351150102806718,nan
334.83,219.7893829345703,-221.17160034179688,-50.288902282714844,219.36705645842352,-221.36779776590677,-50.293847292389955,0.465701121753656,0.3112431434655069,0.07601077589785074,3.5705938094037615e-05,43.25914836691539,55.758390928172645,nan,nan,nan
334.84000000000003,219.79782104492188,-221.16404724121094,-50.29021072387695,219.3755534214787,-221.36052923658139,-50.29424085012375,0.46575890998525576,0.3112892590883616,0.07603134169804177,3.5008814363457874e-05,42.93566252159657,56.417888588086356,nan,0.7106648205753578,nan
334.85,219.8062744140625,-221.15647888183594,-50.29149627685547,219.39623548418137,-221.35898600368688,-50.295528412847105,0.45733720222508223,0.3112293434085864,0.07602168039910587,3.5692600399084985e-05,42.84469055290333,55.798409427092544,1.64058280471411,nan,nan
334.86,219.81471252441406,-221.14889526367188,-50.29275131225586,219.40469059449288,-221.35162520917436,-50.294081961426905,0.4574048364927397,0.31127526881230794,0.07604223968849703,3.499598899764558e-05,42.339641347561496,55.72411338823878,nan,5.4650708883048535,nan
334.87,219.8231658935547,-221.1413116455078,-50.293983459472656,219.41324305537157,-221.34438225595034,-50.29536536538711,0.4574672838067885,0.3113212802572668,0.07606286420042446,3.570128474683883e-05,42.24189447454167,55.53718400366418,nan,nan,nan
334.88,219.83160400390625,-221.1337127685547,-50.295188903808594,219.42179979565742,-221.33713552221812,-50.296756921692264,0.4575180482631767,0.3113673744696086,0.07608354822976349,3.500434136496989e-05,42.15766873002684,55.81847916363042,nan,0.012239310704473351,nan
334.89,219.84005737304688,-221.1260986328125,-50.29637145996094,219.43035155916448,-221.32987319106556,-50.297994877479816,0.45758666939139203,0.31141355496291007,0.07610429764221444,3.570998101816916e-05,42.063096522328934,54.9870650219794,nan,nan,nan
334.90000000000003,219.84849548339844,-221.1184844970703,-50.29753112792969,219.43533508360377,-221.3248017605176,-50.30031289221492,0.4618182189643477,0.31135357868641067,0.0760946008817236,3.499152513721927e-05,43.00945405536749,56.2734430722344,1.9891246804809086,0.851813413664052,nan
334.91,219.85693359375,-221.11085510253906,-50.298667907714844,219.44387483595045,-221.31753302703834,-50.301516964720804,0.4618889682554195,0.31139956864768115,0.07611534308449565,3.5696634415361165e-05,42.9169770887132,55.969864241027274,nan,nan,nan
334.92,219.86538696289062,-221.1032257080078,-50.299781799316406,219.4524343025253,-221.31028084515324,-50.30330042601442,0.46196765065852907,0.31144564141773684,0.07613614528243556,3.499986995492781e-05,42.94433856629501,55.91482289648845,nan,0.255171771740353,nan
334.93,219.8738250732422,-221.0955810546875,-50.300872802734375,219.46097326516687,-221.30299365688805,-50.304467396754006,0.46203844438404384,0.31149180030919427,0.07615701282871923,3.570532669529927e-05,42.85330478793826,56.135836767842214,nan,nan,nan
334.94,219.88226318359375,-221.08792114257812,-50.301944732666016,219.4694926477123,-221.29567295510213,-50.30503326012756,0.4621145636103264,0.3115380423471322,0.07617794077795989,3.500822675032372e-05,42.666097390009796,55.68307013790683,nan,0.23754083307689627,nan
334.95,219.89071655273438,-221.08026123046875,-50.30299377441406,219.44912819118312,-221.28122330857764,-50.306231674817894,0.4851767944722714,0.31147800837270695,0.07616821071898988,3.569199066613459e-05,44.1597294159523,55.689744104806906,12.85168430975022,nan,nan
334.96,219.89915466308594,-221.0725860595703,-50.304019927978516,219.45762089438585,-221.27392835142632,-50.307706619593574,0.48528793420751026,0.31152405966408864,0.07618913100521263,3.4995403485260177e-05,44.15873583535079,55.96798280423756,nan,0.09897472904173464,nan
334.97,219.9075927734375,-221.06491088867188,-50.30502700805664,219.4661012512882,-221.26660939895774,-50.30879112249184,0.48539800343504697,0.31157019691779375,0.0762101166160418,3.57006761149557e-05,44.06984623127705,56.25916928484309,nan,nan,nan
334.98,219.91603088378906,-221.05722045898438,-50.30601501464844,219.4745582691357,-221.25925296892987,-50.30913411406716,0.48551512164393595,0.31161641735645,0.07623116308248051,3.5003757416871806e-05,43.85498432707596,55.787244233930565,nan,0.3680967433494533,nan
334.99,219.92446899414062,-221.0495147705078,-50.30698013305664,219.4830377993829,-221.25191668663223,-50.310173122097346,0.485631784930795,0.3116627239984491,0.07625227505087775,3.570937452544891e-05,43.76805045549958,55.525891635114476,nan,nan,nan
335.0,219.93292236328125,-221.04180908203125,-50.30792999267578,219.4915973671323,-221.2485436401606,-50.31080645117041,0.4873553157238318,0.31160262892028606,0.07624250349758231,3.499094516198068e-05,44.5323880321735,55.64063204747636,1.8596752529767162,0.11250507322669505,nan
335.01,219.9413604736328,-221.0341033935547,-50.30885696411133,219.5000712665449,-221.2412059527975,-50.311805087519,0.48747956446278695,0.3116487444964714,0.07626360708445289,3.569603253382212e-05,44.44306622228485,56.45305647447016,nan,nan,nan
335.02,219.94979858398438,-221.0263671875,-50.30976867675781,219.5085278026816,-221.2338392130477,-50.3122373800005,0.48761730723192853,0.31169494329305397,0.07628477196126343,3.499929339114313e-05,44.28208034437646,55.39129392716993,nan,0.2126282455011784,nan
335.03000000000003,219.95823669433594,-221.0187225341797,-50.31066131591797,219.5170007208057,-221.22652255326685,-50.31319576241777,0.4877257996957542,0.31174122813604627,0.07630600233437164,3.570472881797483e-05,44.183407761576056,56.333175153035135,nan,nan,nan
335.04,219.9666748046875,-221.01116943359375,-50.3115348815918,219.52542902128573,-221.21923995543366,-50.312675884038036,0.4878447348441482,0.31178759653471483,0.07632729438805488,3.500765445992302e-05,43.93565214487761,55.440898696032946,nan,1.507477036197538,nan
335.05,219.97511291503906,-221.00375366210938,-50.31239318847656,219.5090040609381,-221.20208480836615,-50.31365762065958,0.5065513855825241,0.3117274427340849,0.07631748226704202,3.5691399062201355e-05,44.399395470778174,55.58900545734311,6.265767977331449,nan,nan
335.06,219.98355102539062,-220.99632263183594,-50.31333923339844,219.51743210645947,-221.1950206822456,-50.31460197077869,0.5067044072512529,0.3117736198415331,0.07633876542857596,3.4994837588208146e-05,44.3077325439356,55.45455277790728,nan,1.320710349919585e-05,nan
335.07,219.9919891357422,-220.98887634277344,-50.31437301635742,219.5258602426335,-221.18794478036259,-50.31564004124116,0.5068589480190306,0.3118198828402929,0.07636011409183743,3.57000901557142e-05,44.21540253216764,55.29231744377251,nan,nan,nan
335.08,220.00042724609375,-220.98143005371094,-50.315494537353516,219.5342667087342,-221.18083109568107,-50.316024133769325,0.5070174578872761,0.31186622942528025,0.07638152484488915,3.500319731683122e-05,44.08431146474339,55.70307456554738,nan,0.38919316265298487,nan
335.09000000000003,220.0088653564453,-220.9739532470703,-50.31669998168945,219.54269483883903,-221.17373164304547,-50.317230746299515,0.5071751578052615,0.3119126621456415,0.07640300129411666,3.570879496971872e-05,43.993881378205295,54.94802118366569,nan,nan,nan
335.1,220.01730346679688,-220.9664764404297,-50.3179931640625,219.57773022650235,-221.1803063150379,-50.320739513246274,0.48883063661336995,0.3118524466684523,0.07639314145406306,3.499039278768971e-05,44.297308873895545,55.964422607623916,7.514926662710429,3.869920953635468,nan
335.11,220.02574157714844,-220.95899963378906,-50.31937026977539,219.58620136676262,-221.17320863630604,-50.322138981318254,0.48896703270152436,0.3118986877740248,0.07641460827430292,3.5695461354906755e-05,44.20220737805548,56.39268480996407,nan,nan,nan
335.12,220.0341796875,-220.9514923095703,-50.32082748413086,219.59466688101065,-221.16609331857734,-50.32342943577993,0.4891133511644924,0.311945012492309,0.0764361375756648,3.499874812948425e-05,44.09055193432064,55.61025194213266,nan,0.026415886199069167,nan
335.13,220.04261779785156,-220.94398498535156,-50.32236862182617,219.60313753180378,-221.15897328138374,-50.32499456296977,0.4892542971125914,0.3119914231946808,0.07645773259629104,3.570416535830681e-05,43.99769896221547,55.96333143455262,nan,nan,nan
335.14,220.05105590820312,-220.93646240234375,-50.3239860534668,219.61160986431096,-221.15184454734606,-50.3267060685143,0.4893972745736591,0.31203791784126256,0.07647939047179521,3.500711691319622e-05,43.92429562622663,55.87406550293826,nan,0.0028968716279879608,nan
335.15000000000003,220.0594940185547,-220.92893981933594,-50.325687408447266,219.61165842853177,-221.1415443168106,-50.32837928511469,0.4957465423355229,0.31197764258283595,0.07646948279055914,3.569084510230543e-05,44.12301326870622,56.134090192665575,0.8587358590203594,nan,nan
335.16,220.06793212890625,-220.92138671875,-50.32746887207031,219.62012281586425,-221.13439973830592,-50.330532631130495,0.4959003064800994,0.31202394537744477,0.07649113047121846,3.4994309410403485e-05,44.099141091834476,55.33572795253906,nan,0.08394807471839139,nan
335.17,220.0763702392578,-220.91384887695312,-50.32932662963867,219.6285775380879,-221.12723396216572,-50.332424019685114,0.496045453196905,0.3120703340075548,0.07651284390466112,3.569954502585569e-05,44.005460262539074,56.363836345301294,nan,nan,nan
335.18,220.08480834960938,-220.90628051757812,-50.331260681152344,219.63704391597554,-221.1200719658214,-50.33485211618183,0.4961982162150141,0.31211680660222657,0.0765346205602476,3.500267787376971e-05,44.01521256787,55.59848536217606,nan,0.14824749294594827,nan
335.19,220.09324645996094,-220.89871215820312,-50.333274841308594,219.6454977467159,-221.11288605116056,-50.33690434914991,0.4963492117091508,0.3121633652806343,0.07655646317955707,3.570825917213546e-05,43.923716371290354,55.87523469142901,nan,nan,nan
335.2,220.10166931152344,-220.89112854003906,-50.33536148071289,219.65227246114532,-221.1054548768796,-50.338048570502195,0.49789610185740324,0.3121030277059216,0.07654650138257006,3.498988355714229e-05,43.88858330059197,56.02970605751122,0.09509805770047028,0.6446693471660011,nan
335.21,220.110107421875,-220.88352966308594,-50.337520599365234,219.66072189048165,-221.09825023056908,-50.340243324091375,0.4980559116764874,0.3121493942059024,0.07656833305224646,3.569493639662388e-05,43.80072774143365,55.331945238915786,nan,nan,nan
335.22,220.11854553222656,-220.8759307861328,-50.3397102355957,219.66915627879362,-221.0910194781977,-50.34191044897598,0.49821550306480406,0.31219584468612804,0.07659022829447358,3.499824846989946e-05,43.6402742663221,55.616126034034544,nan,0.23844087056111637,nan
335.23,220.12698364257812,-220.8683319091797,-50.341896057128906,219.67760499862186,-221.0837957044706,-50.34416577717481,0.4983683019155795,0.31224238110630675,0.07661218955027103,3.570365055598936e-05,43.553272933009694,55.885308174513646,nan,nan,nan
335.24,220.1354217529297,-220.86070251464844,-50.34405517578125,219.68607035135355,-221.07658165277937,-50.347099310096716,0.49852758312085715,0.31228900183363856,0.07663421473652444,3.500662719629476e-05,43.584974430847225,55.12446312608418,nan,0.33900514361008566,nan
335.25,220.1438446044922,-220.8530731201172,-50.34618377685547,219.69007626416655,-221.0727406884992,-50.34931656598873,0.5041521215352642,0.3122286033956979,0.07662419783453536,3.569034178981876e-05,44.71488657699137,56.32051587280194,3.1436952755479965,nan,nan
335.26,220.15228271484375,-220.84544372558594,-50.348270416259766,219.69855560707603,-221.06555706822152,-50.35340476324688,0.5043258207235218,0.3122750316952783,0.07664621145280175,3.499383086690724e-05,45.10279582035283,56.776673520835445,nan,2.5604979224637634,nan
335.27,220.1607208251953,-220.83779907226562,-50.350318908691406,219.70698849198425,-221.05831343206748,-50.35557064999909,0.5045068818824384,0.3123215457941878,0.07666829114376489,3.5699052517599e-05,45.03299686678639,56.456057486550165,nan,nan,nan
335.28000000000003,220.1691436767578,-220.83013916015625,-50.35232925415039,219.71543893334893,-221.0510805024214,-50.358459778979984,0.5046787634211763,0.31236814420916226,0.07669043509329632,3.500220985554457e-05,45.244900630379774,56.85710296713956,nan,0.4095333859279282,nan
335.29,220.17758178710938,-220.82247924804688,-50.35430145263672,219.72387090248793,-221.04381901440678,-50.360556422937826,0.5048603605450696,0.31241482867648956,0.07671264534170694,3.570777774939292e-05,45.177459288527274,56.68854754563574,nan,nan,nan
335.3,220.18600463867188,-220.81480407714844,-50.356231689453125,219.74047072208356,-221.04682634004192,-50.36147595430639,0.5023567493550656,0.312354367217104,0.07670256777831772,3.498942714051731e-05,46.122464133561984,57.387076170565805,4.86550848922652,0.891276904149798,nan
335.31,220.19444274902344,-220.80711364746094,-50.358123779296875,219.74890856426376,-221.03957724911737,-50.36348515639061,0.5025622153016431,0.3124008589282463,0.07672476568575459,3.569446715301474e-05,46.056962740642355,56.64468118031521,nan,nan,nan
335.32,220.20286560058594,-220.79942321777344,-50.35997772216797,219.7573519182862,-221.032325803252,-50.36571033400998,0.502751348359618,0.3124474349594493,0.07674702816441206,3.499780300847898e-05,46.10272660538972,57.507657406934804,nan,0.04520462173148927,nan
335.33,220.2113037109375,-220.79173278808594,-50.36179733276367,219.76578910874122,-221.02505975691025,-50.367648795787694,0.5029502706733309,0.3124940969076313,0.0767693570154796,3.570319280704679e-05,46.03469620954108,57.28202496194868,nan,nan,nan
335.34000000000003,220.2197265625,-220.78402709960938,-50.36357879638672,219.7742327787864,-221.01779278796494,-50.36986974970682,0.5031408197249415,0.31254084349783096,0.07679175078134484,3.5006192868924034e-05,46.11813867904182,57.61102439680859,nan,0.07138129018804992,nan
335.35,220.22816467285156,-220.77630615234375,-50.365325927734375,219.7981351043539,-221.02020649118396,-50.37185477659242,0.49442434298492355,0.3124803200782735,0.07678161086890149,3.56898964806781e-05,46.60698159906371,57.40951829793389,3.49727724317031,nan,nan
335.36,220.23658752441406,-220.76858520507812,-50.36703872680664,219.80658475789116,-221.01292673927168,-50.37327888162213,0.49461510700900646,0.31252687365088383,0.07680399162610561,3.4993408537925984e-05,46.43809888802724,58.032633150932824,nan,0.1218968531509725,nan
335.37,220.24502563476562,-220.7608642578125,-50.368717193603516,219.81504319542591,-221.00564836020524,-50.37508089704649,0.4948177964122333,0.3125735130083987,0.07682643883708412,3.569861897051806e-05,46.37237241292915,57.84378707793352,nan,nan,nan
335.38,220.25344848632812,-220.75311279296875,-50.370361328125,219.82348611141686,-220.99834627607672,-50.376124394623645,0.4950154724976508,0.3126202370049852,0.07684895125542163,3.500179888522444e-05,46.10250836266903,57.23775247138607,nan,0.3720568855285388,nan
335.39,220.26187133789062,-220.74537658691406,-50.371971130371094,219.8319440111574,-220.99105220426668,-50.377854472867426,0.49520564309436627,0.3126670470445003,0.07687153036730873,3.5707356065988606e-05,46.034127509387275,58.114353716783384,nan,nan,nan
335.40000000000003,220.2703094482422,-220.7376251220703,-50.37355041503906,219.8568860717295,-220.9917035409155,-50.37922776897529,0.4852905969805555,0.3126064598364009,0.07686132312372304,3.498902826371641e-05,45.96911603302651,57.526756314470354,2.577985766003471,0.064447541055012,nan
335.41,220.2787322998047,-220.7298583984375,-50.375099182128906,219.86537044406776,-220.98440712329972,-50.38089204748042,0.4854859775485126,0.31265307652840935,0.07688388843513842,3.569405807645827e-05,45.90253929048553,57.66048252739712,nan,nan,nan
335.42,220.2871551513672,-220.7220916748047,-50.376617431640625,219.87389266964112,-220.97714173979176,-50.384431878589204,0.4856927835920655,0.31269977785164943,0.076906519232612,3.499741559510287e-05,46.62035536559037,58.68207415365495,nan,2.564838891965835,nan
335.43,220.29559326171875,-220.7143096923828,-50.37810134887695,219.88237645173,-220.9698304070321,-50.386055586811565,0.48590352702288137,0.3127465650910231,0.07692921681715369,3.570279567348896e-05,46.56381958086447,57.97418985266211,nan,nan,nan
335.44,220.30401611328125,-220.70652770996094,-50.37955856323242,219.890851086124,-220.96250270598762,-50.38719087069786,0.4860933967602887,0.3127934372786152,0.07695198021880159,3.500581694539145e-05,46.36908528992682,58.50109573297018,nan,0.149071858025361,nan
335.45,220.31243896484375,-220.69873046875,-50.38098907470703,219.90588469518056,-220.9627933684086,-50.388805801642015,0.48484707937395266,0.3127327870045023,0.07694170340946897,3.568951191120831e-05,47.29485209626029,58.79843654520339,2.456850829729009,nan,nan
335.46,220.32086181640625,-220.69093322753906,-50.38238525390625,219.91435077627833,-220.95545896704763,-50.389146170651216,0.4850472168806614,0.3127794655714818,0.07696445229699707,3.499304466472643e-05,46.804045172248884,58.72172726463992,nan,1.0081662172813308,nan
335.47,220.3292999267578,-220.68313598632812,-50.383758544921875,219.92283924822925,-220.9481398952245,-50.390642012319404,0.48526769627049043,0.3128262299310038,0.0769872680713653,3.569824631540485e-05,46.74017373433063,58.32458447204453,nan,nan,nan
335.48,220.3377227783203,-220.67532348632812,-50.38510513305664,219.93136073486247,-220.940846344171,-50.39391493891452,0.48549985693050596,0.3128730792241381,0.07701014992384836,3.500144644992732e-05,47.5456053185027,59.311567581648745,nan,2.297227474055925,nan
335.49,220.3461456298828,-220.66749572753906,-50.38642120361328,219.93984825102692,-220.93351342498082,-50.395376130099045,0.4857192256085296,0.3129200145727478,0.07703309891468763,3.5706995289009514e-05,47.49104019325706,59.07037197119263,nan,nan,nan
335.5,220.3545684814453,-220.65966796875,-50.38771057128906,219.93984077501347,-220.91748975134618,-50.39602384554618,0.4884058277622896,0.3128592996860426,0.07702274800592278,3.4988687722635056e-05,46.3832380759756,58.37712719007491,2.8418067862632985,0.3775335533897462,nan
335.51,220.3629913330078,-220.65184020996094,-50.38897705078125,219.9483187120963,-220.9101200128851,-50.397426210217745,0.48860334365142793,0.31290604108282777,0.07704568167121106,3.569370963581938e-05,46.32171594151934,58.51610990410316,nan,nan,nan
335.52,220.3714141845703,-220.6439971923828,-50.39021682739258,219.95679310176746,-220.90274080144607,-50.39862511478703,0.48880425206067785,0.3129528673939396,0.07706868166341892,3.499708635166163e-05,46.25726372537505,58.16584067254542,nan,0.02260507285947527,nan
335.53000000000003,220.3798370361328,-220.6361541748047,-50.39143371582031,219.96527029851745,-220.89535799030585,-50.39997719790078,0.48900428320564276,0.3129997796419441,0.07709174890354531,3.57024589434186e-05,46.19579211156118,58.34183936510667,nan,nan,nan
335.54,220.3882598876953,-220.6282958984375,-50.39262390136719,219.97373787408213,-220.88796024314362,-50.400765200689364,0.48920379438045986,0.3130467771165194,0.07711488279101213,3.5005498912749385e-05,45.96081388021596,57.8269199897206,nan,0.20634165218938139,nan
335.55,220.3966827392578,-220.6204376220703,-50.39379119873047,219.94044868951647,-220.8701533382175,-50.402085955188745,0.5201694435652592,0.31298599805341687,0.07710445513323294,3.568918725362608e-05,47.98636877772669,58.376728115927754,21.9435574420618,nan,nan
335.56,220.4051055908203,-220.61257934570312,-50.394935607910156,219.94882024248145,-220.8627302403736,-50.401873514774145,0.5204036162103508,0.3130328012919621,0.07712757293895366,3.499273816164478e-05,47.350444568714245,58.008315845611364,nan,1.5703998871342733,nan
335.57,220.4135284423828,-220.60470581054688,-50.396060943603516,219.9572163527866,-220.85532356361276,-50.4031153187464,0.5206531911667501,0.31307969035176186,0.07715075810681819,3.5697933124169913e-05,47.28702907597181,57.546327976800455,nan,nan,nan
335.58,220.4219512939453,-220.59683227539062,-50.397159576416016,219.96562149545858,-220.84791904481435,-50.404904873617284,0.5209044445916364,0.3131266646124952,0.07717401015555327,3.5001150905800875e-05,47.523877987298214,58.141524557922864,nan,0.22889257705972746,nan
335.59000000000003,220.4303741455078,-220.5889434814453,-50.39823532104492,219.97401721012758,-220.8405001172093,-50.40610948289667,0.5211567862854686,0.31317372496202206,0.07719732982779122,3.570669342906888e-05,47.465141085964895,57.77887949872147,nan,nan,nan
335.6,220.4387969970703,-220.5810546875,-50.3992919921875,219.98272057316416,-220.8366059016204,-50.40761563394988,0.5228588820070152,0.31311288041132146,0.07718682122912454,3.4988403375930454e-05,48.39010453968944,58.53523072179376,0.9720440643435192,0.08768247681546526,nan
335.61,220.4472198486328,-220.57315063476562,-50.400325775146484,219.9911127351174,-220.8291872901188,-50.408781965848775,0.5231252001624301,0.3131597461922872,0.07721012398775527,3.5693419343218975e-05,48.33390733158187,58.20183261815481,nan,nan,nan
335.62,220.4556427001953,-220.5652618408203,-50.40134048461914,219.9994762035207,-220.82173805278646,-50.40806749736508,0.5233671490391703,0.3132066971442104,0.07723349385019798,3.499681265203946e-05,47.540139369819514,58.20265891020233,nan,2.445755853595277,nan
335.63,220.4640655517578,-220.55734252929688,-50.40233612060547,220.0078679080965,-220.81430767455905,-50.40917600184403,0.5236355220352226,0.31325373407382706,0.07725693145784165,3.570217964314423e-05,47.47875581247403,57.216394463259945,nan,nan,nan
335.64,220.4724884033203,-220.5494384765625,-50.4033088684082,220.0162367024973,-220.80685205307734,-50.40873327184382,0.5238862357713501,0.31330085648229367,0.07728043648096493,3.500523569546861e-05,46.92617157962268,57.56731761139161,nan,1.65749800805549,nan
335.65000000000003,220.4809112548828,-220.54151916503906,-50.40426254272461,220.0019455496658,-220.79907594805383,-50.40967604514364,0.5438501165389042,0.31323994664338184,0.07726984398876525,3.568891910911122e-05,49.04617489604684,58.043329364354285,12.859816466889754,nan,nan
335.66,220.48931884765625,-220.53358459472656,-50.40520095825195,220.0270696338924,-220.7698083655632,-50.41021929936873,0.5191350395428245,0.3128340369247518,0.07652754540681816,3.499159853881318e-05,60.20282309704256,69.20255140872452,nan,0.18782307954920202,0.6224646193499404
335.67,220.49774169921875,-220.52566528320312,-50.4061164855957,220.0354347453969,-220.76232835985678,-50.4112317625822,0.5193874252057411,0.3128798043598347,0.07654787772370508,3.569676829034995e-05,60.110057609612646,69.61538738858464,nan,nan,nan
335.68,220.50616455078125,-220.51773071289062,-50.40701675415039,220.04380259694207,-220.75481740773017,-50.411427170704776,0.5196230643477114,0.3129256557815643,0.07656826938113938,3.5000051370388144e-05,59.829725942775994,68.793034022691,nan,0.45143074428567714,nan
335.69,220.51458740234375,-220.50987243652344,-50.40789794921875,220.05216707550974,-220.74737297799732,-50.41239711691421,0.519864701994285,0.312971591376624,0.0765887239224232,3.5705570032208425e-05,59.72813207125438,68.7036640836979,nan,nan,nan
335.7,220.52301025390625,-220.50201416015625,-50.40886688232422,220.0845688809207,-220.7400221474155,-50.41211342076219,0.49888794288545163,0.3129105774036727,0.07657874222281476,3.4987344006291994e-05,56.518205187628126,67.48565468166225,23.983544340027173,1.1847723608624385,nan
335.71,220.5314178466797,-220.49415588378906,-50.4099235534668,220.09299016299366,-220.73257917055543,-50.41319617283363,0.4990743507056764,0.312956322493397,0.07659918925684299,3.569233744503685e-05,56.40474880565027,68.16405343143994,nan,nan,nan
335.72,220.5398406982422,-220.4862823486328,-50.411067962646484,220.10141365325674,-220.72511186853694,-50.413821302142594,0.4992648537907387,0.3130021515119801,0.07661969604080066,3.499579223031065e-05,56.212994150117815,67.21377919517803,nan,0.21031502514851985,nan
335.73,220.5482635498047,-220.4783935546875,-50.412296295166016,220.1098346419848,-220.71765625767182,-50.41507366165735,0.49947398532468706,0.3130480646526489,0.07664026576691801,3.5701137947577585e-05,56.10624062660121,66.84519971925555,nan,nan,nan
335.74,220.55667114257812,-220.47052001953125,-50.41360855102539,220.11824840226348,-220.71024548084208,-50.418006847366584,0.49970205226354636,0.3130940620094859,0.07666089561208354,3.500425360488795e-05,56.329477025519786,68.48051967749532,nan,1.7955272501891921,nan
335.75,220.56509399414062,-220.46263122558594,-50.41500473022461,220.19561917382393,-220.737172865593,-50.41942899793748,0.46033067363648855,0.3130330063800293,0.07665088852516118,3.568791750947239e-05,56.41514090668261,69.0848421494646,44.94976002043133,nan,nan
335.76,220.57351684570312,-220.45472717285156,-50.41648483276367,220.20415065967964,-220.7297658899304,-50.421210517624985,0.46054316558528935,0.313078813009188,0.07667151044631357,3.499154163762447e-05,56.39851213527231,68.75620613239022,nan,0.047322138865500796,nan
335.77,220.58192443847656,-220.4468231201172,-50.41804885864258,220.21268296982052,-220.72234481153572,-50.422818594912094,0.4607322595624069,0.3131247037081016,0.07669219537716246,3.5696712783055566e-05,56.287915388883754,69.41411483185219,nan,nan,nan
335.78000000000003,220.59034729003906,-220.4389190673828,-50.4196891784668,220.22121971473925,-220.7148859181832,-50.42344550131559,0.4608980142599305,0.31317067856491376,0.07671294081410242,3.50000014256209e-05,55.944385302544255,68.88937127245615,nan,0.7980905697759618,nan
335.79,220.5987548828125,-220.43101501464844,-50.421409606933594,220.229751181462,-220.70745337390517,-50.425205949941855,0.46108167421743557,0.31321673778203285,0.07673374947578693,3.570552155442252e-05,55.83229514970002,69.59203010972949,nan,nan,nan
335.8,220.607177734375,-220.423095703125,-50.42321014404297,220.26741651272278,-220.70873848835797,-50.428906404287034,0.4439165866185072,0.3131556400026649,0.07672371100963617,3.4987300718162064e-05,54.991542492940376,69.28290293691825,11.380229829576976,2.37937530418544,nan
335.81,220.6156005859375,-220.4151611328125,-50.425086975097656,220.2760032218166,-220.70129611472692,-50.43084489224194,0.4441089406923264,0.3132015082678528,0.07674451114506504,3.569229568624878e-05,54.88488700762699,68.90080560087272,nan,nan,nan
335.82,220.62400817871094,-220.40724182128906,-50.42704391479492,220.2845912018699,-220.69383771473662,-50.43249136412171,0.44426429635194425,0.3132474606321299,0.07676537215778013,3.49957551080304e-05,54.68914774214168,70.05814027767215,nan,0.09690144380243647,nan
335.83,220.63243103027344,-220.3992919921875,-50.429073333740234,220.29317697181165,-220.68638440183136,-50.43458198247751,0.44446114911072415,0.3132934973030875,0.07678629647740058,3.570110240735819e-05,54.584083039661266,68.54319750578162,nan,nan,nan
335.84000000000003,220.64083862304688,-220.391357421875,-50.43117904663086,220.3017525357133,-220.67898148810727,-50.4387706335165,0.444707331051137,0.3133396183608205,0.07680728202902525,3.5004222275129596e-05,55.26680031257423,70.61027773017264,nan,2.8852111479952485,nan
335.85,220.6492462158203,-220.38340759277344,-50.43335723876953,220.2894412838282,-220.6599619940877,-50.44109226355317,0.4538741638169459,0.3132784780351461,0.0767972114089891,3.568788787977884e-05,54.991497671352406,69.51826267456076,4.641058578287483,nan,nan
335.86,220.6576690673828,-220.37545776367188,-50.43556594848633,220.29799592573272,-220.65245435925345,-50.442796236688565,0.45403101199777,0.3133244079098651,0.07681818796215122,3.499151580504438e-05,54.697999303839666,68.86184810627356,nan,0.26492659919830297,nan
335.87,220.66607666015625,-220.3675079345703,-50.437767028808594,220.3065471365781,-220.64495803294008,-50.44511815492759,0.4541960749114208,0.31337042203644605,0.07683922791263209,3.5696688610092516e-05,54.60382022329404,69.5762716052744,nan,nan,nan
335.88,220.67449951171875,-220.3595428466797,-50.439945220947266,220.31510241732965,-220.6374333805493,-50.44652736225497,0.45434870403013483,0.31341652049066404,0.07686032944544438,3.499998066505943e-05,54.217938257985594,68.19117628239435,nan,0.5683623692417065,nan
335.89,220.6829071044922,-220.35157775878906,-50.44208526611328,220.32365269092713,-220.62992688740889,-50.44879594180408,0.45451843113080975,0.3134627034868801,0.07688149460450672,3.5705502480270064e-05,54.12849947038692,68.98625518039015,nan,nan,nan
335.90000000000003,220.69131469726562,-220.34361267089844,-50.444190979003906,220.34248877006047,-220.62847042682378,-50.45246767942005,0.45043531430288386,0.31340152007587163,0.07687138649502187,3.498728474126984e-05,55.03910370372389,70.1367463736559,1.3825856775548269,1.6062142824815542,nan
335.91,220.69972229003906,-220.33563232421875,-50.44625473022461,220.35105402576826,-220.6209665640713,-50.45467700016386,0.45061748919984385,0.3134475116553817,0.07689254202979454,3.5692281413788475e-05,54.957882745840024,69.73372448336616,nan,nan,nan
335.92,220.70814514160156,-220.32765197753906,-50.44827651977539,220.35961901861435,-220.6134581001895,-50.45684740179832,0.4508093368239146,0.3134935875396819,0.07691376031750023,3.641157710259947e-05,54.87801738338279,69.32666318666682,nan,nan,nan
335.93,220.716552734375,-220.31967163085938,-50.450260162353516,220.3681836232902,-220.6059452324949,-50.45897878547509,0.45098739111034347,0.3135397478732723,0.07693504150263916,3.714531630790282e-05,54.79427955774556,69.9880932121909,nan,nan,nan
335.94,220.72496032714844,-220.31167602539062,-50.452205657958984,220.3767439583242,-220.5984450027867,-50.461803023196005,0.45120194517911416,0.3135859927600567,0.07695638488305234,3.63626296138998e-05,55.17084438062391,69.94084210605322,nan,0.34930490840944073,nan
335.95,220.73336791992188,-220.30368041992188,-50.4541130065918,220.40485918923136,-220.59699407896767,-50.463845193384145,0.4405060773502299,0.31352476584720607,0.07694623780373709,3.707129080862423e-05,54.378388965332384,70.29046093361976,4.711776310080603,nan,nan
335.96,220.7417755126953,-220.29568481445312,-50.45598220825195,220.4134549194491,-220.58948915296446,-50.46671621889213,0.4407160313195514,0.31357081907790135,0.07696757104059783,3.629232087750317e-05,54.88529426006856,70.99893219532196,nan,0.46972624797062007,nan
335.97,220.75018310546875,-220.28768920898438,-50.45781326293945,220.42205462911534,-220.58196056340262,-50.468712618224934,0.44088856071664917,0.3136169567397437,0.0769889681757926,3.702249516994559e-05,54.805522640533525,71.15473305277823,nan,nan,nan
335.98,220.7585906982422,-220.27967834472656,-50.45960998535156,220.4306582603257,-220.5744104377209,-50.46989620652782,0.441035709239911,0.3136631788951608,0.07701042783387312,3.624619062884246e-05,54.40461805824817,70.30355662038102,nan,0.39685795280739034,nan
335.99,220.7670135498047,-220.27166748046875,-50.461368560791016,220.4392576043001,-220.56687301026804,-50.471813942996285,0.4412248527078832,0.31370948577126534,0.07703195162663679,3.6975152608138045e-05,54.325800122030834,69.87238845475919,nan,nan,nan
336.0,220.77542114257812,-220.26365661621094,-50.46309280395508,220.39371099944623,-220.53123966693207,-50.47142748165135,0.46623254847264844,0.31364821477644117,0.07702176071883379,3.6178943875346925e-05,52.981531930241445,67.93264962829468,29.36574740173955,2.9112270450682707,nan
336.01,220.78382873535156,-220.25563049316406,-50.46478271484375,220.40222249497327,-220.52364337374465,-50.47325314509228,0.4663967999904705,0.3136943297533913,0.07704327371233863,3.690584899383433e-05,52.89467153345538,67.41190530904328,nan,nan,nan
336.02,220.792236328125,-220.2476043701172,-50.46643829345703,220.4107370985948,-220.5160297879479,-50.4744128071078,0.4665377368849053,0.3137405291638047,0.07706484954121491,3.6135686765436795e-05,52.5986665034062,67.35228573039278,nan,0.26502275785308416,nan
336.03000000000003,220.80064392089844,-220.2395782470703,-50.46805953979492,220.41924797148434,-220.5084248206288,-50.47616677482183,0.46669805828115135,0.3137868132358004,0.0770864896171492,3.686152295292841e-05,52.50928233366227,67.5085761814219,nan,nan,nan
336.04,220.8090362548828,-220.23153686523438,-50.46965026855469,220.42777109460633,-220.50076779892834,-50.475466401928024,0.46677858295533675,0.3138331820299926,0.07710819286232058,3.60938527347793e-05,51.55169622196145,66.60634664151736,nan,3.8920529240012045,nan
336.05,220.81744384765625,-220.2235107421875,-50.47121047973633,220.45331405025732,-220.50478425619204,-50.47708810070287,0.46015198083076264,0.31377186651979805,0.07709795617938682,3.6795448520673004e-05,52.264739935123806,67.55725571519403,4.362471673891525,nan,nan
336.06,220.8258514404297,-220.21546936035156,-50.47273635864258,220.46184077416993,-220.49721798314977,-50.480008106352,0.46036825467695747,0.3138180431672726,0.07711964805442595,3.603117307379071e-05,52.683097071768245,67.61800831347082,nan,1.0976544044602663,nan
336.07,220.83425903320312,-220.20742797851562,-50.47423553466797,220.47037414625942,-220.48962331075253,-50.48162700441381,0.46054429787734746,0.3138643044160473,0.07714140429605629,3.675415608316293e-05,52.59090946907441,67.66013124714983,nan,nan,nan
336.08,220.84266662597656,-220.19937133789062,-50.475704193115234,220.4789127837711,-220.48200513853712,-50.48214789484636,0.4606953920749723,0.3139106503265593,0.0771632240002964,3.599225201832888e-05,52.149584383062674,66.77914600648113,nan,0.761972326379232,nan
336.09000000000003,220.85107421875,-220.19131469726562,-50.477142333984375,220.4874451896546,-220.47440264383653,-50.48369848601455,0.46087724984428363,0.31395708112748144,0.07718510832024847,3.6714357131911386e-05,52.05744199283507,66.90471848799145,nan,nan,nan
336.1,220.85948181152344,-220.18325805664062,-50.47854995727539,220.480653505663,-220.46344047900217,-50.487581539660766,0.4712691848634361,0.3138957204885321,0.07717482138096966,3.5932649296668834e-05,54.074316244237835,68.20301739935931,4.6088400500398805,4.210847474479795,nan
336.11,220.86788940429688,-220.17520141601562,-50.47993087768555,220.4891547363963,-220.4558336117836,-50.48909881433301,0.471464133348104,0.3139419588907666,0.07719669365249286,3.665303579631512e-05,53.98836248431421,68.28756584240645,nan,nan,nan
336.12,220.87628173828125,-220.16712951660156,-50.481285095214844,220.4976630148506,-220.44819967243637,-50.489222308791454,0.47160955205829996,0.3139882818937325,0.07721862966697528,3.589662611165165e-05,53.34210805953126,67.74396139526655,nan,1.2529751006567167,nan
336.13,220.8846893310547,-220.15907287597656,-50.48261260986328,220.50616378172816,-220.44058503643535,-50.49067285894669,0.4718004404347342,0.3140346897255248,0.07724063042750931,3.661625904840111e-05,53.25072593834636,67.93919714977793,nan,nan,nan
336.14,220.89309692382812,-220.1510009765625,-50.48391342163086,220.51466674127568,-220.43295887429056,-50.49162460886989,0.4719842386844547,0.3140811824471703,0.07726269525347985,3.586202415628775e-05,53.02648764984164,67.2705212064924,nan,0.15039263649605003,nan
336.15000000000003,220.90150451660156,-220.14291381835938,-50.48518753051758,220.52776597383212,-220.42915673620055,-50.49285653053458,0.470823023998318,0.31401977622108096,0.07725235563577462,3.6558097653274144e-05,53.32647380418792,66.97560107434097,1.6707250501720228,nan,nan
336.16,220.90989685058594,-220.1348419189453,-50.4864387512207,220.53627703129027,-220.42152453839043,-50.49318886711492,0.4709822265510953,0.31406607628847205,0.07727440779442692,3.5806904407831573e-05,52.87986461389301,67.88235263941485,nan,0.7220933465639923,nan
336.17,220.91830444335938,-220.1267547607422,-50.48766326904297,220.54478243626681,-220.41390489313562,-50.49452185547066,0.47119096821120043,0.3141124611219972,0.07729652483465882,3.6524297968807734e-05,52.789182368908456,66.80874795378193,nan,nan,nan
336.18,220.9267120361328,-220.11866760253906,-50.48886489868164,220.5532822491518,-220.40629693469793,-50.49684526670092,0.47142775140689547,0.3141589307839289,0.07731870620448728,3.577514949191809e-05,53.17463836631207,67.36188406759565,nan,0.694221387198484,nan
336.19,220.9351043701172,-220.11058044433594,-50.49003982543945,220.5617871109348,-220.39867024071822,-50.49814177180729,0.47162182765217703,0.3142054855007495,0.07734095271546143,3.649195208627077e-05,53.08414752546932,68.06498513902025,nan,nan,nan
336.2,220.94351196289062,-220.1024932861328,-50.49119186401367,220.5578149482941,-220.3894904189477,-50.49887817003585,0.48082077805863394,0.31414403305077687,0.07733055627691093,3.572297784758797e-05,53.95251485200368,67.64850148115586,3.4787902102168182,0.14931139472831828,nan
336.21,220.95191955566406,-220.09439086914062,-50.4923210144043,220.5662929785211,-220.38186393599196,-50.500123797018034,0.4810504179194038,0.314190394852835,0.07735278941824228,3.6438348969815846e-05,53.86582553366494,67.11426406610627,nan,nan,nan
336.22,220.96031188964844,-220.08628845214844,-50.49342727661133,220.57476790578937,-220.3742414199571,-50.5018842592914,0.4812822412221126,0.31423684142124103,0.0773750871421806,3.569400502515786e-05,54.092608281338435,68.05894791227664,nan,0.19532389026853728,nan
336.23,220.96871948242188,-220.07818603515625,-50.49451446533203,220.58324527662373,-220.36660812899632,-50.50309213963596,0.4815093395223667,0.3142833729806492,0.0773974501508596,3.640889037513051e-05,54.00467577475044,67.56744854806983,nan,nan,nan
336.24,220.9771270751953,-220.07008361816406,-50.49557876586914,220.59172898160045,-220.35895505144032,-50.50303253760662,0.4816990286711654,0.31432998959583097,0.07741987805541371,3.566638714576526e-05,53.43582218097941,67.20353104183812,nan,1.0557843518573855,nan
336.25,220.9855194091797,-220.0619659423828,-50.496620178222656,220.59619660710942,-220.34762700110394,-50.504124973003684,0.4829397546549967,0.31426849043768906,0.07740942201902495,3.6358254781750784e-05,53.071380301878726,66.94290711651549,0.6547181346818111,nan,nan
336.26,220.99392700195312,-220.05386352539062,-50.497642517089844,220.6046749843733,-220.33996004592566,-50.50413064685789,0.48312570629195944,0.3143149138747399,0.0774318358906022,3.56184342157914e-05,52.596896708399434,66.74116309374938,nan,0.8656709057050017,nan
336.27,221.0023193359375,-220.04574584960938,-50.49864196777344,220.6131474489113,-220.33230419101997,-50.50523292690558,0.48333619916763276,0.314361422237874,0.07745431519397175,3.6331596107251913e-05,52.50449204542289,66.74115041477329,nan,nan,nan
336.28000000000003,221.01072692871094,-220.03762817382812,-50.4996223449707,220.6216142366215,-220.3246582933042,-50.507397228210735,0.4835860062501146,0.3144080155941803,0.07747685963261874,3.55934857255133e-05,52.90194300960016,66.76302190853491,nan,0.7975173208283951,nan
336.29,221.0191192626953,-220.0294952392578,-50.500587463378906,220.63008624711057,-220.31699643491444,-50.508472559250144,0.48380347193447315,0.314454694165056,0.07749946977100512,3.630629660962226e-05,52.812096457297635,66.66607157460946,nan,nan,nan
336.3,221.02752685546875,-220.02137756347656,-50.501529693603516,220.65822820525662,-220.31647623731536,-50.509899838128334,0.47279464852013964,0.31439314764444654,0.0774889502399863,3.554825574675791e-05,52.53760742929888,67.37242274650247,3.9439497281460247,0.08287476413497828,nan
336.31,221.03591918945312,-220.01324462890625,-50.5024528503418,220.66673478380136,-220.30881517957968,-50.510942771173006,0.4730022775395094,0.31443963276853093,0.07751154561794323,3.625987296443748e-05,52.44911940337709,67.3574407544583,nan,nan,nan
336.32,221.04432678222656,-220.00511169433594,-50.50335693359375,220.67524268009666,-220.3011475244293,-50.51163402683313,0.47321115521149193,0.3144862028225085,0.07753420636106785,3.5525879101078584e-05,52.28529516446835,66.79710583476927,nan,0.0764274894682328,nan
336.33,221.05271911621094,-219.99697875976562,-50.50435256958008,220.68374838283424,-220.29348048226475,-50.5126918182688,0.47341547989285526,0.3145328580250538,0.07755693295666,3.623723228379319e-05,52.169546352746835,67.35483324585724,nan,nan,nan
336.34000000000003,221.06112670898438,-219.9888458251953,-50.50543212890625,220.69225165295552,-220.28581456870123,-50.51422527128548,0.47364180657188,0.31457959844713396,0.07757972522338952,3.550474840912597e-05,52.32284963834466,67.14834595971321,nan,0.10268972822512275,nan
336.35,221.06951904296875,-219.98069763183594,-50.50659942626953,220.6738643565981,-220.27611751593145,-50.51542938761546,0.49385575523975633,0.31451800405378394,0.07756913916410325,3.6193505011592546e-05,54.69413837444697,67.67719160182904,16.688034412373536,nan,nan
336.36,221.0779266357422,-219.97256469726562,-50.507850646972656,220.68231078200654,-220.26846182157897,-50.51686389698248,0.49411360088509104,0.3145645507581142,0.07759191596590209,3.546335686229799e-05,54.7277665572262,68.01371477353575,nan,0.008371418120488994,nan
336.37,221.08631896972656,-219.96441650390625,-50.50918960571289,220.690757571221,-220.26080221630278,-50.518274902987,0.49436408964145295,0.3146111825440534,0.07761475877486053,3.617340963676126e-05,54.61701341490873,67.89644459423619,nan,nan,nan
336.38,221.09471130371094,-219.95626831054688,-50.5106086730957,220.69920400032078,-220.25313990116157,-50.51977071338911,0.4946136990939463,0.3146578995205651,0.07763766759746432,3.689779016932651e-05,54.507808034011205,67.98329063347308,nan,nan,nan
336.39,221.10311889648438,-219.9481201171875,-50.512107849121094,220.70765012524555,-220.24547490934583,-50.52135017524422,0.49487457202490837,0.3147047018321494,0.07766064257821369,3.7636642960193737e-05,54.40112774705779,67.54662985506019,nan,nan,nan
336.40000000000003,221.11151123046875,-219.93995666503906,-50.51369094848633,220.69914294157059,-220.23433428523248,-50.52252980368867,0.5067385068463094,0.31464305889626837,0.07764998625741416,3.679646779652597e-05,55.32187068999196,67.55997193328867,4.383837808289411,0.17447103631215322,nan
336.41,221.11990356445312,-219.9318084716797,-50.515357971191406,220.70755498839026,-220.22666763945202,-50.52426963701929,0.5070036437623441,0.31468966721367186,0.07767294501985236,3.753249493715663e-05,55.21243295273974,68.17325066263194,nan,nan,nan
336.42,221.12831115722656,-219.92364501953125,-50.51709747314453,220.71597048597388,-220.21899228445528,-50.525339108666834,0.5072699090457652,0.3147363606194563,0.0776959698739832,3.6721103807346714e-05,54.84829395680363,66.95021163729368,nan,0.36127368369934837,nan
336.43,221.13670349121094,-219.9154815673828,-50.5189208984375,220.72438211241155,-220.21132051133765,-50.52723211025372,0.5075417977045792,0.31478313932978697,0.07771906117647794,3.745535555401289e-05,54.74275296869627,67.39085732115272,nan,nan,nan
336.44,221.1450958251953,-219.90731811523438,-50.52082061767578,220.73279974519915,-220.20363566393925,-50.527832017257566,0.5077807666451821,0.314830003418455,0.07774221887190214,3.664847542023744e-05,54.13943604895753,66.93437174212244,nan,1.209773352045443,nan
336.45,221.1534881591797,-219.89915466308594,-50.52279281616211,220.7589158439392,-220.20685644716406,-50.5299620708041,0.5004189225950723,0.3147683114101238,0.07773148909696631,3.73573260872337e-05,54.65641865354506,67.74901344820584,3.957601953142618,nan,nan
336.46,221.16189575195312,-219.89097595214844,-50.524845123291016,220.7673550622521,-220.19919652262237,-50.531603932802824,0.5007074569037786,0.3148149812264737,0.07775462983226052,3.6555834764734074e-05,54.434578191178396,66.47651573245156,nan,0.14466261800037591,nan
336.47,221.1702880859375,-219.8828125,-50.52696990966797,220.77579172936493,-220.19153765619959,-50.533790391879066,0.5009841478500953,0.31486173627818287,0.07777783717317549,3.72859321646866e-05,54.33165048146018,67.66772910981348,nan,nan,nan
336.48,221.17868041992188,-219.8746337890625,-50.529170989990234,220.78423266398914,-220.18386956677517,-50.53502304944105,0.5012484862598036,0.31490857664318866,0.07780111110955937,3.6488672783763705e-05,53.924487796468895,66.71752676469914,nan,0.6866145488648948,nan
336.49,221.18707275390625,-219.86647033691406,-50.531394958496094,220.79266840711264,-220.17620637340198,-50.53732608836057,0.5015240566218203,0.3149555025315938,0.0778244519304108,3.7217307667146534e-05,53.82938822995718,67.46333181285179,nan,nan,nan
336.5,221.19546508789062,-219.85829162597656,-50.53361511230469,220.8105013137154,-220.17578230690313,-50.539513960193815,0.499031297925154,0.31489376077050013,0.07781364508076725,3.6401661010374684e-05,54.41874756788688,67.33661395058718,1.5981290215467292,0.006133996297722467,nan
336.51,221.203857421875,-219.85011291503906,-50.53580856323242,220.81894861452753,-220.16813180711614,-50.54180962647718,0.4993263646670909,0.3149404921026132,0.07783696816096168,3.712801854022764e-05,54.33448494611134,67.38305123614084,nan,nan,nan
336.52,221.21224975585938,-219.8419189453125,-50.5379638671875,220.82739567755152,-220.1604791686234,-50.54407593008775,0.49963049824742706,0.31498730871292524,0.07786035808646619,3.786884906582119e-05,54.25546994851418,66.89395194508484,nan,nan,nan
336.53000000000003,221.22064208984375,-219.833740234375,-50.54008483886719,220.835842272773,-220.15282437563044,-50.54630681214184,0.4999242956386929,0.3150342107459365,0.07788381500178097,3.862429708735532e-05,54.17214506960529,67.4498482737,nan,nan,nan
336.54,221.22903442382812,-219.82554626464844,-50.54216384887695,220.84429080543165,-220.14516416934757,-50.5479146492519,0.5002162818281936,0.3150811983138451,0.07790733900026545,3.774245657853622e-05,53.949787076141966,66.76326089928153,nan,0.20703740658282954,nan
336.55,221.2374267578125,-219.81736755371094,-50.5442008972168,220.89938856018034,-220.1524132783587,-50.549982431606274,0.47598202361332415,0.3150194062444295,0.07789645175932276,3.8469783789077234e-05,52.305492691865986,67.76317043125941,23.5045343566299,nan,nan
336.56,221.24581909179688,-219.80917358398438,-50.546199798583984,220.90791097003282,-220.14477187658912,-50.553956001235115,0.4763069088653851,0.31506619897093485,0.07791995724004,3.7596828173742994e-05,52.93805134904896,67.85152855095478,nan,2.126002569753275,nan
336.57,221.25421142578125,-219.8009796142578,-50.548160552978516,220.91644107275076,-220.13711886585216,-50.556042384842094,0.4765926259629672,0.31511307708232095,0.07794352992808973,3.8345305144179266e-05,52.859155981178105,67.84963925884233,nan,nan,nan
336.58,221.26260375976562,-219.79278564453125,-50.55008316040039,220.92496636854824,-220.12946851711297,-50.55910175452515,0.47690219089237385,0.3151600406622629,0.07796716988740965,3.7479820512146045e-05,53.309918533546934,68.4012780732645,nan,0.6279552423112417,nan
336.59000000000003,221.27099609375,-219.7845916748047,-50.551963806152344,220.9334955652528,-220.12181135717532,-50.56112243281806,0.47718717643754993,0.3152070899149566,0.07799087733651129,3.822555650993967e-05,53.23466178464717,68.48688993236887,nan,nan,nan
336.6,221.27938842773438,-219.77639770507812,-50.553810119628906,220.95045106772398,-220.12101361366362,-50.56487985139582,0.47653168858136785,0.31514524685104195,0.07797990616526852,3.7343806103022066e-05,54.901013780483886,70.1389349191695,1.4418183974464343,2.0219145485847627,nan
336.61,221.28778076171875,-219.7681884765625,-50.55561828613281,220.9589904487291,-220.11336873000192,-50.56684494230679,0.47684223291270883,0.3151921009712177,0.07800359428940606,3.808602666218753e-05,54.8328994478414,69.59509398003621,nan,nan,nan
336.62,221.29617309570312,-219.75999450683594,-50.55738830566406,220.96752799068074,-220.10572324990272,-50.569143733133345,0.4771521339286898,0.3152390404926977,0.07802734986658913,3.723580763035173e-05,55.13533453204054,70.64460883052341,nan,0.08473465239104867,nan
336.63,221.3045654296875,-219.7517852783203,-50.55912780761719,220.97606687152813,-220.0980741722066,-50.571042545425215,0.47746126724458166,0.3152860656150454,0.07805117309310376,3.7975621495157606e-05,55.06560982357017,70.00581358985802,nan,nan,nan
336.64,221.3129425048828,-219.7435760498047,-50.560829162597656,220.98459977664683,-220.0904281511724,-50.574344528442744,0.47780539189357657,0.31533317642877196,0.07807506406624433,3.713210472939014e-05,56.14809861828362,71.86226747470693,nan,1.2923843847479848,nan
336.65000000000003,221.3213348388672,-219.73536682128906,-50.562496185302734,220.97071534000898,-220.07606273877417,-50.57617254211474,0.4890754378480368,0.3152712817957814,0.0780640055812919,3.784561008896069e-05,57.07902731545089,71.15592006146481,5.533155467578147,nan,nan
336.66,221.32972717285156,-219.72715759277344,-50.56413269042969,221.04448017472987,-220.06791137175628,-50.578476924020116,0.44461752649420216,0.30946241974196514,0.07808754028712764,3.700901295823193e-05,69.75951109318207,83.9012005364651,nan,0.13959203337079465,0.7275140371953768
336.67,221.33811950683594,-219.7189483642578,-50.56573486328125,221.05300498142097,-220.06020345713893,-50.58026293539826,0.4449229100634589,0.30950437602487585,0.078111410968395,3.774352099594184e-05,69.66366503585427,83.96475728462421,nan,nan,nan
336.68,221.34649658203125,-219.7107391357422,-50.56730651855469,221.06159036246675,-220.05249004585272,-50.580889027131086,0.4451401161961746,0.30954641121769993,0.07813534331316316,3.691377725556161e-05,68.93850891526314,83.91634530955692,nan,0.8070474013180153,nan
336.69,221.35488891601562,-219.7025146484375,-50.568843841552734,221.07011496389558,-220.04477877965698,-50.5826021795318,0.4454550832457105,0.3095885345918293,0.07815933750218997,3.764632004506311e-05,68.84366728502873,82.80945001723298,nan,nan,nan
336.7,221.36328125,-219.69430541992188,-50.57035446166992,221.08347937399787,-220.05029126191408,-50.58336175560176,0.45297262523097237,0.30952509221312074,0.07814821332802759,3.679986275312866e-05,71.2936383419697,84.45537496026074,17.768136115336805,0.6885206055326726,nan
336.71,221.37167358398438,-219.6860809326172,-50.57183074951172,221.09198477520857,-220.04261930431187,-50.585007564400605,0.4533421099961251,0.3095670444400949,0.07817218263198823,3.7529657977534016e-05,71.20221694363757,83.97178637497841,nan,nan,nan
336.72,221.3800506591797,-219.6778564453125,-50.573280334472656,221.10048981083105,-220.0349456738579,-50.58662863053012,0.45370162230279726,0.3096090758664985,0.07819621383117834,3.6712672755724295e-05,71.30617379451307,84.71457938497018,nan,1.124142008514679e-05,nan
336.73,221.38844299316406,-219.66964721679688,-50.57469940185547,221.10899495969005,-220.02727034864336,-50.58821722658794,0.454057528766648,0.3096511950896771,0.07822030709476203,3.744077304687193e-05,71.20792675288541,84.78395614231772,nan,nan,nan
336.74,221.39683532714844,-219.6614227294922,-50.57609176635742,221.1175307621508,-220.01959174128086,-50.58917652641932,0.45438672073473857,0.30969339396158735,0.07824446254478293,3.6629312909943695e-05,70.87952733702592,83.97860800826591,nan,0.23287846146261132,nan
336.75,221.40521240234375,-219.65318298339844,-50.577457427978516,221.12205393466988,-220.00649820363816,-50.590726472368544,0.45297508784422413,0.3096300097817268,0.07823325296584681,3.733249652046908e-05,70.01513367165646,83.5093109895031,1.7664263534748676,nan,nan
336.76,221.41360473632812,-219.64495849609375,-50.578792572021484,221.13061157524734,-219.9987995939749,-50.5912086737784,0.45325799645573245,0.3096720374992604,0.07825738296594717,3.652734071626279e-05,69.39487122959723,83.0708637106594,nan,0.6728863038750216,nan
336.77,221.42198181152344,-219.63673400878906,-50.58010482788086,221.13911785604176,-219.99110165991178,-50.59267453399819,0.45359282069367474,0.3097141526438398,0.07828157524844004,3.725150334569591e-05,69.28890368546504,83.61945867940904,nan,nan,nan
336.78000000000003,221.4303741455078,-219.6284942626953,-50.581390380859375,221.14774763896824,-219.98339702997146,-50.59161429372519,0.45380419215044193,0.3097563477023491,0.07830582994366289,3.645144116055517e-05,67.79366756508217,81.0936157860804,nan,4.063760066271091,nan
336.79,221.4387664794922,-219.62026977539062,-50.582645416259766,221.15625379313997,-219.97569575852887,-50.59300505732971,0.4541457581028752,0.3097986303244082,0.07833014720866091,3.7174261372985863e-05,67.68697673388837,81.76280775941756,nan,nan,nan
336.8,221.4471435546875,-219.61203002929688,-50.58388137817383,221.17028738227674,-219.96309916997808,-50.5935261247509,0.44720454254972813,0.30973529543057,0.07831884946775287,3.635695480516322e-05,65.38400250715712,80.65234437259714,8.515356104804118,0.42297577545427767,nan
336.81,221.45553588867188,-219.60379028320312,-50.58509063720703,221.1788201505147,-219.9553721458846,-50.594860236039416,0.44752301725363886,0.30977740656112224,0.07834314069666319,3.7077639601899036e-05,65.27344831612523,80.1034043184213,nan,nan,nan
336.82,221.4639129638672,-219.59556579589844,-50.586273193359375,221.18736302966218,-219.9476430500906,-50.595957434859336,0.44780804320792367,0.3098195978541239,0.078367494560014,3.628811382718272e-05,65.15114301504028,81.38630772491511,nan,0.02987732799599188,nan
336.83,221.47230529785156,-219.5873260498047,-50.58743667602539,221.19589554872923,-219.93991251207348,-50.597243144866304,0.4481246808826994,0.3098618763633922,0.07839191120927821,3.700767164460191e-05,65.03813399156643,80.1134842738529,nan,nan,nan
336.84000000000003,221.48068237304688,-219.57908630371094,-50.58857345581055,221.204427399772,-219.9321802531057,-50.59851611362869,0.44843171587522457,0.30990423546540996,0.07841639078295792,3.622262703198737e-05,65.0391635541186,80.88034907472743,nan,5.982640791012633e-05,nan
336.85,221.48907470703125,-219.57083129882812,-50.589691162109375,221.19585066673736,-219.91888694595863,-50.5997575734062,0.45521907247182436,0.3098409561015553,0.07840500213478595,3.6918318878749314e-05,65.80673668779413,79.5489237062736,4.196536038479009,nan,nan
336.86,221.49745178222656,-219.56259155273438,-50.590782165527344,221.20443579028282,-219.91114585595193,-50.599051509571375,0.455430407282135,0.3098831436693497,0.0784294550727613,3.613851290220557e-05,64.82560426701484,79.92448707949144,nan,2.4543991745868405,nan
336.87,221.50584411621094,-219.55435180664062,-50.591854095458984,221.21293240107542,-219.90340536409732,-50.60023173059183,0.4557475656624252,0.3099254181208541,0.07845397101020768,3.6855206240456955e-05,64.71069395810657,79.32221668420225,nan,nan,nan
336.88,221.51422119140625,-219.5460968017578,-50.59290313720703,221.2214613078767,-219.89566288107537,-50.60066379176816,0.456031820131998,0.3099677733894503,0.07847855008900059,3.60795026744098e-05,64.35022330607428,79.0210972309346,nan,0.35138740451467937,nan
336.89,221.52261352539062,-219.53785705566406,-50.59393310546875,221.22995732523603,-219.8879195340749,-50.60179634484234,0.45634769728083313,0.31001021569717807,0.07850319245567854,3.679534619462362e-05,64.2335437485021,79.0914001114674,nan,nan,nan
336.90000000000003,221.53099060058594,-219.52960205078125,-50.59494400024414,221.22892326479646,-219.8685809487833,-50.60170358362242,0.45408926502294217,0.3099469843552683,0.07849171012438183,3.600183166474986e-05,62.114381750264855,77.64666085344143,6.445347607849446,0.9654104975829693,nan
336.91,221.5393829345703,-219.52134704589844,-50.59593200683594,221.23741870305045,-219.86080256300622,-50.60278552347812,0.45437805394038894,0.3099892547964561,0.0785163252375792,3.6716020326398895e-05,61.997311593459735,77.11272211539553,nan,nan,nan
336.92,221.54776000976562,-219.51309204101562,-50.596900939941406,221.24586589118442,-219.85302321346472,-50.60496414605156,0.4547068023785379,0.31003160626271936,0.07854100370486214,3.5948906230247266e-05,62.39713872112182,78.20281879309383,nan,0.8316778056937675,nan
336.93,221.55615234375,-219.5048370361328,-50.59785079956055,221.2543610258585,-219.84524212933448,-50.60602013120284,0.45499490657788055,0.3100740444576364,0.07856574567117007,3.666241388067608e-05,62.281132065235425,77.63363502312835,nan,nan,nan
336.94,221.5645294189453,-219.49658203125,-50.5988883972168,221.26285568900798,-219.83745975569994,-50.60712368835623,0.455271877432182,0.3101165640891977,0.07859055128073633,3.58988663315827e-05,62.22028516021244,78.28138076553131,nan,0.00010289915272189998,nan
336.95,221.5729217529297,-219.4883270263672,-50.60000991821289,221.26744630409115,-219.82900194214787,-50.60828239373306,0.4576495186674089,0.3100533855461726,0.07857897248273239,3.658928617296893e-05,62.50983787966303,77.7902047641514,0.3839777873337765,nan,nan
336.96,221.581298828125,-219.48007202148438,-50.601219177246094,221.27600315433978,-219.82121808819045,-50.60783150119088,0.45785348102744583,0.3100957332339459,0.07860375020591277,3.583005266149022e-05,61.730355475962924,77.68957628926846,nan,1.9843174088615494,nan
336.97,221.58969116210938,-219.47181701660156,-50.602516174316406,221.2844889074403,-219.8134328296088,-50.60916686875317,0.45814191217150263,0.3101381673541682,0.07862859163635672,3.654153206204826e-05,61.592610723514156,77.07018466617572,nan,nan,nan
336.98,221.5980682373047,-219.4635467529297,-50.6038932800293,221.2930415606455,-219.80564659843682,-50.60892993256521,0.4583655153243177,0.3101806830955496,0.07865349691850548,3.5785537070450515e-05,60.96468210782644,76.49760042200856,nan,1.8537124348315615,nan
336.99,221.6064453125,-219.45529174804688,-50.60535430908203,221.30152713406753,-219.79785884464457,-50.61041800623855,0.4586425102831636,0.31022328544326394,0.07867846619698667,3.649654889813415e-05,60.827967846209745,77.14535279188256,nan,nan,nan
337.0,221.61483764648438,-219.447021484375,-50.606895446777344,221.31605592794085,-219.79194666255822,-50.6140931430077,0.4563942382541326,0.31016015340972186,0.07866678813437121,3.572217571710797e-05,61.29073216743144,76.70705863228534,0.8659490295493253,3.248023727359805,nan
337.01,221.6232147216797,-219.4387664794922,-50.6085205078125,221.32455377313252,-219.7841577235871,-50.61576650493673,0.456668345912927,0.3102025834859938,0.07869172887762226,3.643190260277999e-05,61.1508127093925,77.92203985989228,nan,nan,nan
337.02,221.631591796875,-219.4304962158203,-50.61022186279297,221.33303485501318,-219.77636731203836,-50.617942740124796,0.45697119677254083,0.310245095352244,0.0787167336771244,3.568281279208207e-05,61.25289511149295,77.46588452987955,nan,0.12074637415039036,nan
337.03000000000003,221.63998413085938,-219.42222595214844,-50.612003326416016,221.34153192924396,-219.7685760887322,-50.61978144921155,0.4572664791507313,0.3102876935498056,0.07874180267837788,3.639220177804198e-05,61.11901683553722,76.83712501050023,nan,nan,nan
337.04,221.6483612060547,-219.41395568847656,-50.61386489868164,221.34999591516072,-219.7607831573281,-50.622573861144325,0.45758822754456624,0.31033037393090024,0.07876693602456739,3.5645887833930135e-05,61.45662372013478,77.8566160946802,nan,0.5200740518155985,nan
337.05,221.65673828125,-219.4056854248047,-50.61580276489258,221.39177570189273,-219.77459280826625,-50.62453352746561,0.4542841096133803,0.3102672919116836,0.07875515588984792,3.6332750855529144e-05,62.635297811363365,79.29961759572917,12.790604106891806,nan,nan
337.06,221.66513061523438,-219.3974151611328,-50.61781311035156,221.40037546704042,-219.7668447850444,-50.62500523358108,0.45456051539395526,0.3103097999109369,0.07878026003599059,3.558995881101273e-05,61.86661530803858,78.06149994750368,nan,1.7684584524326734,nan
337.07,221.6735076904297,-219.38914489746094,-50.619903564453125,221.40891564107602,-219.7590940874761,-50.62714759544189,0.45488881252346025,0.31035239397998193,0.07880542858617415,3.629795728968589e-05,61.73272743949848,78.59689599728024,nan,nan,nan
337.08,221.681884765625,-219.38087463378906,-50.62206268310547,221.41744911408665,-219.75134213331515,-50.629547839772975,0.4552234721320495,0.31039507037909275,0.07883066168190868,3.5557661030719744e-05,61.73628281690423,78.77632384135954,nan,0.022644286497167702,nan
337.09000000000003,221.6902618408203,-219.3726043701172,-50.62430191040039,221.42598900805834,-219.74358941898473,-50.631842605447545,0.455551203160614,0.3104378330394723,0.07885595947113376,3.6265481889919e-05,61.601968122103685,78.65834800971702,nan,nan,nan
337.1,221.6986541748047,-219.3643341064453,-50.62656021118164,221.43490021861646,-219.7333117348218,-50.63356530869351,0.4536074415597984,0.310374795784153,0.0788440744446287,3.55062646833447e-05,60.77849706381904,77.66477547188263,0.8256776509172582,0.2458049586210954,nan
337.11,221.70703125,-219.35604858398438,-50.62881088256836,221.4434459933438,-219.72554821408386,-50.63591087790087,0.45393564973891504,0.3104173857391616,0.07886934235459106,3.6213078700542794e-05,60.66445163347903,77.56398755641982,nan,nan,nan
337.12,221.7154083251953,-219.3477783203125,-50.63103103637695,221.4519915501849,-219.7177837968485,-50.63823622598138,0.4542514334382913,0.3104600581560188,0.07889467500703717,3.5478250043174894e-05,60.607874244505716,78.30169713743943,nan,3.6855703793637915e-06,nan
337.13,221.72378540039062,-219.33949279785156,-50.633216857910156,221.46053659941688,-219.71001836524633,-50.64053362148674,0.454579654556339,0.3105028165924762,0.07892007255215899,3.61849837517063e-05,60.49971103175571,77.59592186483697,nan,nan,nan
337.14,221.73216247558594,-219.3312225341797,-50.6353645324707,221.46906579863992,-219.70225117909888,-50.64325953286602,0.4549114724887171,0.31054565786740695,0.07894553512818905,3.545225702600776e-05,60.650288489155486,78.5023050985305,nan,0.14860914139310513,nan
337.15000000000003,221.74053955078125,-219.32293701171875,-50.637474060058594,221.47650271290993,-219.69544294754684,-50.64546215820421,0.45666172786016,0.31048266779504313,0.07893354238960372,3.613685724835294e-05,61.01809415165703,77.92178191554014,0.28588853075899934,nan,nan
337.16,221.74891662597656,-219.31466674804688,-50.6395378112793,221.48511863533002,-219.68768277222577,-50.64529216233175,0.45690638726047117,0.3105253362227762,0.07895897439095056,3.54069830059719e-05,60.06003135112286,77.80030653200818,nan,3.829224947873506,nan
337.17,221.75730895996094,-219.30638122558594,-50.641563415527344,221.49365779179422,-219.6799176658844,-50.64741557217879,0.4572479179219922,0.3105680904409148,0.07898447148087204,3.611280008026477e-05,59.950846505169224,76.44645542558678,nan,nan,nan
337.18,221.76568603515625,-219.298095703125,-50.643550872802734,221.5022144088063,-219.67215282513763,-50.648938244380275,0.45756426017813967,0.31061092760858755,0.07901003379496947,3.538479230686942e-05,59.6985222132425,76.86385493541472,nan,0.2176713016665964,nan
337.19,221.77406311035156,-219.28981018066406,-50.6454963684082,221.51075289514,-219.66438607698512,-50.650978115462635,0.45789673627386157,0.31065385077453084,0.07903566148727525,3.609064571373504e-05,59.586568675784605,76.87672649497115,nan,nan,nan
337.2,221.78244018554688,-219.2815399169922,-50.647403717041016,221.51218797259276,-219.66020439491658,-50.653201667821534,0.4652490318975439,0.31059090350427065,0.07902355819801793,3.534321598627948e-05,61.373843854804704,78.17331195313277,5.872948584692678,0.025548753801237237,nan
337.21,221.7908172607422,-219.27325439453125,-50.64927291870117,221.5206996344992,-219.65245413603094,-50.65516860689909,0.4656079199282375,0.31063365350275984,0.07904915460687069,3.604826564114864e-05,61.265180577070005,77.478169048922,nan,nan,nan
337.22,221.7991943359375,-219.2649688720703,-50.65110397338867,221.52918556792454,-219.64470105321007,-50.6579446206181,0.46599147916195893,0.3106764865482599,0.0790748164296469,3.5324516318561604e-05,61.50369352674017,77.82886517558254,nan,0.4956203167720215,nan
337.23,221.8075714111328,-219.25668334960938,-50.65290069580078,221.53769667004843,-219.6369486732627,-50.659847380181546,0.4663500280609201,0.310719405381012,0.07910054382323134,3.602967331492048e-05,61.396249788108975,77.78859881287396,nan,nan,nan
337.24,221.81594848632812,-219.24839782714844,-50.654659271240234,221.54623165912295,-219.6291973204109,-50.660892907107396,0.46668434638703515,0.31076240762184065,0.07912633691906445,3.530746024823087e-05,61.03523363305898,77.53554271404906,nan,0.4686523269476085,nan
337.25,221.82432556152344,-219.24009704589844,-50.6563835144043,221.54519111081274,-219.62458454419016,-50.662798444582116,0.4751713682929297,0.31069950466121893,0.07911412025473251,3.5990745969396944e-05,62.946541819048775,77.55387467268409,7.564062665626855,nan,nan
337.26,221.83270263671875,-219.2318115234375,-50.658077239990234,221.55366965579347,-219.61684792343942,-50.6646112548238,0.47555770114711976,0.3107423335633251,0.07913988134234458,3.5270828180412215e-05,62.89403302375121,78.18925719721469,nan,0.000285042623979994,nan
337.27,221.841064453125,-219.22352600097656,-50.659732818603516,221.56214853096046,-219.6091104592807,-50.666370896505036,0.47593437593940446,0.31078524805291713,0.079165708189977,3.597540943523768e-05,62.786904899298506,78.80553507186524,nan,nan,nan
337.28000000000003,221.8494415283203,-219.21524047851562,-50.661354064941406,221.5706106602234,-219.60137072970568,-50.66870017575521,0.4763372641646497,0.3108282460291904,0.07919160092613414,3.525683332003815e-05,62.97280464114894,78.5080069462387,nan,0.25219585854549587,nan
337.29,221.85781860351562,-219.20693969726562,-50.66294860839844,221.57908914628325,-219.59363160478014,-50.67040144109074,0.47673502743285917,0.31087132981574367,0.07921755971199192,3.596160340277344e-05,62.87028358475683,77.76985845364186,nan,nan,nan
337.3,221.86619567871094,-219.1986541748047,-50.66450500488281,221.59200709563126,-219.58552445587668,-50.672218709676294,0.4742441298630955,0.3108084674973521,0.07920522681975264,3.5223157044161365e-05,62.43658702790408,78.49737128079899,1.184041793371871,0.0380080376276135,nan
337.31,221.87457275390625,-219.1903533935547,-50.66603469848633,221.60049787052128,-219.5777789842867,-50.67385945604992,0.47463339209064254,0.3108513776271087,0.07923115285997875,3.592726631704445e-05,62.33431645729554,77.78269021720358,nan,nan,nan
337.32,221.88294982910156,-219.18206787109375,-50.66753387451172,221.60899944284492,-219.57003371286115,-50.675061224490214,0.4749978626332414,0.310894371309888,0.07925714497160458,3.521194792716377e-05,62.11834699660801,78.335642533492,nan,0.11685680238240409,nan
337.33,221.89132690429688,-219.17376708984375,-50.669002532958984,221.61749049953423,-219.56228645376365,-50.67663910530757,0.4753861482534903,0.3109374506194379,0.07928320331871942,3.591629609299449e-05,62.015306389662484,77.66833033679467,nan,nan,nan
337.34000000000003,221.8997039794922,-219.1654815673828,-50.670440673828125,221.6259652690725,-219.55453670275344,-50.67883097429229,0.47578059763126473,0.31098061382909137,0.07930932802557009,3.52020470844476e-05,62.27017119271188,78.67911847948291,nan,0.2882029116180233,nan
337.35,221.9080810546875,-219.1571807861328,-50.671852111816406,221.62294120808502,-219.53169970648105,-50.680362858919516,0.4707882609364274,0.3109177929085069,0.07929687608384849,3.5884688245910774e-05,60.18727697497917,76.74192273063093,9.075829007434297,nan,nan
337.36,221.91644287109375,-219.1488800048828,-50.67323303222656,221.63141172659778,-219.52390768592255,-50.682651864452744,0.4711445948742642,0.3109607822628194,0.07932296729216992,3.517227845001155e-05,60.56901607077655,77.83541081639164,nan,0.43489678842491747,nan
337.37,221.92481994628906,-219.1405792236328,-50.67458724975586,221.63990123858017,-219.51611711157307,-50.68413318253101,0.4714854187710184,0.3110038570702969,0.07934912491832274,3.587628602499002e-05,60.46633235557577,77.19385650488444,nan,nan,nan
337.38,221.93319702148438,-219.1322784423828,-50.6759147644043,221.64842543375957,-219.5083300670392,-50.68411279850376,0.4717805521056459,0.3110470158273825,0.07937534908375278,3.516478787044529e-05,59.71713994366313,76.51853439333202,nan,1.5227470324440713,nan
337.39,221.9415740966797,-219.1239776611328,-50.677215576171875,221.6569146888529,-219.50053810850122,-50.68552777115127,0.4721205794836334,0.3110902602737274,0.07940163995664919,3.586908812571118e-05,59.61161868707437,76.49863839019952,nan,nan,nan
337.40000000000003,221.949951171875,-219.1156768798828,-50.67849349975586,221.65629571567555,-219.48930020659333,-50.686457967890426,0.47528028569529707,0.31102747765630895,0.0793890661042255,3.5137329966736185e-05,59.75259896564048,76.22477269948922,0.9511898358785914,0.1665120178760107,nan
337.41,221.9583282470703,-219.1073760986328,-50.67974090576172,221.66476777749736,-219.48150300234212,-50.68781888181799,0.4756195360497439,0.3110705479301705,0.07941532271352947,3.5841065177576347e-05,59.647955939910155,76.25520003993894,nan,nan,nan
337.42,221.96669006347656,-219.0990753173828,-50.680965423583984,221.67325864079064,-219.47370755339765,-50.688300617042785,0.47592553739428456,0.3111137021922905,0.07944164603833735,3.5132011209252874e-05,59.23704705594033,76.5147227007138,nan,0.5122882047921221,nan
337.43,221.97506713867188,-219.0907745361328,-50.682167053222656,221.68173053053135,-219.46590853541812,-50.689605299059934,0.47626380357561576,0.31115694198425714,0.0794680362494603,3.583607288527436e-05,59.12921078268919,75.88877511828295,nan,nan,nan
337.44,221.9834442138672,-219.0824737548828,-50.683345794677734,221.69020978926602,-219.45810975449425,-50.69054325140644,0.47659273531876156,0.3112002660992722,0.07949449346450481,3.512771007266202e-05,58.93969319018339,75.77598783827159,nan,0.08275632949292568,nan
337.45,221.9918212890625,-219.0741729736328,-50.68449783325195,221.70741223067662,-219.45576359010303,-50.69174270636124,0.47597520865737597,0.31113752193169497,0.07948179488831195,3.581015748681291e-05,59.19225737723586,76.1504524131711,0.9472948111916178,nan,nan
337.46,222.0001983642578,-219.0658721923828,-50.68562698364258,221.71591109282423,-219.44797509088707,-50.692269267662844,0.47630452200405676,0.3111806716506676,0.07950821705992595,3.51032675428358e-05,58.86346480527247,75.91542035010299,nan,0.34958219430877246,nan
337.47,222.00856018066406,-219.05755615234375,-50.686737060546875,221.72439544046273,-219.44018373301543,-50.693472843175904,0.4766537903258303,0.31122390674856876,0.07953470629323324,3.580714169275721e-05,58.75538541881111,75.75151924378176,nan,nan,nan
337.48,222.01693725585938,-219.04925537109375,-50.68782043457031,221.73294230808978,-219.43240176676306,-50.69152486997258,0.4769360687919229,0.3112672261934528,0.07956126270345051,3.5100817778826284e-05,57.75918755057813,74.99894840040142,nan,6.878252541884652,nan
337.49,222.0253143310547,-219.0409393310547,-50.68888473510742,221.74142665674148,-219.42460869534273,-50.69265517614164,0.4772930011489186,0.3113106312649441,0.07958788646489415,3.580505092185556e-05,57.64833620804597,74.24787269074548,nan,nan,nan
337.5,222.03369140625,-219.0326385498047,-50.68992614746094,221.74119890549855,-219.41463195881036,-50.692518716075476,0.48112113748164703,0.31124792290147824,0.07957506030188478,3.507813742601923e-05,57.936824792715015,74.77331601409966,1.6918296088814597,1.2947995532625458,nan
337.51,222.0420684814453,-219.02432250976562,-50.690948486328125,221.74966474531655,-219.40683716143917,-50.69359737625767,0.4814814848619326,0.311291153259388,0.07960164822822882,3.5781865248307446e-05,57.82510998634559,74.02649019126152,nan,nan,nan
337.52,222.05043029785156,-219.01602172851562,-50.691951751708984,221.75812528169186,-219.39904084662868,-50.694938975252214,0.48182443982920037,0.3113344679787936,0.07962830350121831,3.507733720283161e-05,57.762197003857445,75.33868180369583,nan,0.05596972217904212,nan
337.53000000000003,222.05880737304688,-219.00770568847656,-50.69293212890625,221.7665910896368,-219.3912449209298,-50.69598220749564,0.4821846141264034,0.31137786818597024,0.07965502629729107,3.5781445507248505e-05,57.65153267525057,74.0410082292883,nan,nan,nan
337.54,222.0671844482422,-218.99940490722656,-50.69389343261719,221.77507204345602,-219.38345112841864,-50.696160426946776,0.482520772926061,0.3114213530788748,0.07968181672854892,3.507730848414946e-05,57.41840849737053,74.60110782020435,nan,0.5032722858870134,nan
337.55,222.0755615234375,-218.9910888671875,-50.69483947753906,221.76829983829143,-219.36959956490568,-50.69721569100032,0.487530242996601,0.3113586801828575,0.07966886017897565,3.575984496666573e-05,57.791272871945765,73.65437513138127,2.576099794443024,nan,nan
337.56,222.08392333984375,-218.98277282714844,-50.69586944580078,221.77670783225324,-219.3617878320826,-50.69996872007146,0.4879042386768991,0.3114019901158829,0.0796956139695225,3.5056892665644316e-05,57.99540442616052,74.57813529464778,nan,2.0794049107124626,nan
337.57,222.09230041503906,-218.97445678710938,-50.69698715209961,221.78514524969523,-219.35398121704083,-50.70110838164031,0.48826229943045424,0.31144538540492933,0.07972243545154081,3.5760904593164585e-05,57.87533616262265,73.96402406002922,nan,nan,nan
337.58,222.10067749023438,-218.96615600585938,-50.69818878173828,221.79359826280174,-219.34617712588852,-50.701375966229,0.4885937594093961,0.3114888653816162,0.07974932473530487,3.505824650763221e-05,57.571115558550815,74.48926725203812,nan,0.6476599653200561,nan
337.59000000000003,222.1090545654297,-218.9578399658203,-50.69947814941406,221.80203522472286,-219.33836899647727,-50.70267969314592,0.48895139699467927,0.3115324309718623,0.07977628199994169,3.5762655636394365e-05,57.45216405495646,73.70297104592038,nan,nan,nan
337.6,222.11741638183594,-218.94952392578125,-50.70085144042969,221.82436561170618,-219.3316545088226,-50.70131740591112,0.4815628240354414,0.31146979123999874,0.07976319220582377,3.5039136988665184e-05,55.95750025052608,73.83255108609428,4.751704118659818,5.546500598343649,nan
337.61,222.12579345703125,-218.9412078857422,-50.70230484008789,221.83283557126018,-219.3238380910325,-50.702764269014054,0.4819029029907504,0.3115131815510991,0.07979011201256578,3.574307385084712e-05,55.84016753328454,73.23352117971487,nan,nan,nan
337.62,222.13417053222656,-218.93289184570312,-50.70384216308594,221.84129020795393,-219.31601753311077,-50.70528159073057,0.48225122980616975,0.3115566565437303,0.07981709978440486,3.504170641660041e-05,55.7763500511839,73.22533040764995,nan,0.6864500428336796,nan
337.63,222.14254760742188,-218.92457580566406,-50.70545959472656,221.84975962680224,-219.30819980962667,-50.706903888137745,0.4825911975938701,0.31160021702818164,0.07984415570198825,3.5746053004238185e-05,55.658567699113476,73.1978832290292,nan,nan,nan
337.64,222.15090942382812,-218.916259765625,-50.707157135009766,221.85822788551607,-219.30038133697974,-50.70866262716804,0.4829224895937056,0.31164386250953746,0.07987127987334812,3.504484390309745e-05,55.54631840403786,73.76457443727412,nan,0.00213631902567265,nan
337.65000000000003,222.15928649902344,-218.90794372558594,-50.70893096923828,221.88975349364108,-219.30756616185556,-50.71022640156167,0.48202469926905167,0.31158125522970603,0.07985805405249434,3.572762750680534e-05,56.29017203269454,74.09499009607234,8.056800932643457,nan,nan
337.66,222.16766357421875,-218.89962768554688,-50.710784912109375,221.89824616057027,-219.29977506897637,-50.71264246334798,0.48239726547640793,0.311624725165101,0.0798851399357253,3.502738182824212e-05,56.225878249543946,74.07597732214131,nan,0.21816098494855934,nan
337.67,222.176025390625,-218.89129638671875,-50.71271514892578,221.90674657347788,-219.29198557658444,-50.71458631905344,0.48276952007870416,0.31166828047630923,0.07991229412612497,3.573167810708238e-05,56.11117346763185,73.97017522111,nan,nan,nan
337.68,222.1844024658203,-218.8829803466797,-50.714725494384766,221.943246192499,-219.26408549115433,-50.717240024718095,0.45100310660799153,0.3107101658876231,0.07942316620472209,3.5030649965669605e-05,69.10221619521178,87.03682683092049,nan,0.25887042792112125,0.7830557137030264
337.69,222.19277954101562,-218.87466430664062,-50.71680450439453,221.95177286892059,-219.25624399516744,-50.719344717172056,0.45132441477445084,0.3107519774717518,0.07944781868517425,3.573534185956145e-05,68.9497624457846,87.11906125915125,nan,nan,nan
337.7,222.20114135742188,-218.86634826660156,-50.718963623046875,221.95029802227666,-219.24629161401964,-50.72222606130775,0.4552910822072368,0.3106865681151218,0.0794360183056193,3.50141547718428e-05,69.83137165548581,87.7680812736649,2.396377969971777,0.3593586260450904,nan
337.71,222.2095184326172,-218.85801696777344,-50.72119140625,221.9588000949113,-219.23845095400682,-50.72448815707524,0.4556320569378596,0.31072820913667676,0.07946064229814037,3.571838954026471e-05,69.6850454845592,86.49281448107824,nan,nan,nan
337.72,222.2178955078125,-218.84970092773438,-50.723445892333984,221.96731969202202,-219.2306030087688,-50.7263287027271,0.45594182237561004,0.31076993145901893,0.07948532791070977,3.501918440593857e-05,69.4669832486907,87.0215291795775,nan,0.1568807565628086,nan
337.73,222.22625732421875,-218.8413848876953,-50.72569274902344,221.97582101646597,-219.2227617329791,-50.728644564302854,0.4562623758024639,0.3108117393506943,0.07951007591183788,3.572384158164091e-05,69.32017745924757,87.54461250829212,nan,nan,nan
337.74,222.23463439941406,-218.83306884765625,-50.727909088134766,221.98426062253986,-219.21494424813366,-50.73259762950433,0.456659426768143,0.3108536289368928,0.0795348858329998,3.502461771455342e-05,69.55239740480827,87.31861811819506,nan,1.9307795964390875,nan
337.75,222.2429962158203,-218.82473754882812,-50.7300910949707,221.9857980349757,-219.20776803096973,-50.734925037874525,0.4613963821741708,0.3107883033949105,0.07952299528762713,3.570770124851693e-05,70.69059998354813,87.46454883602887,3.2142630642822394,nan,nan
337.76,222.25137329101562,-218.81642150878906,-50.732234954833984,221.9942948561105,-219.1999271291599,-50.73665586087453,0.4617200742435874,0.31083002238054264,0.07954777616720075,3.5009274017173735e-05,70.44538595091714,87.3914483621706,nan,0.18957852227916236,nan
337.77,222.25973510742188,-218.80809020996094,-50.73434066772461,222.00277250165115,-219.19209306292825,-50.738861026529044,0.46206969765960354,0.31087182668258745,0.07957261963244128,3.571389747345473e-05,70.31215412350099,87.19547397623117,nan,nan,nan
337.78000000000003,222.2681121826172,-218.79977416992188,-50.73640060424805,222.01128796324696,-219.18424319296267,-50.73994425183711,0.46237178414270247,0.31091371282931013,0.07959752526420062,3.501539882057872e-05,69.94922896963392,87.15358082265143,nan,0.8264511766123664,nan
337.79,222.27647399902344,-218.79144287109375,-50.73842239379883,222.01976493635735,-219.17640792318966,-50.74205924988994,0.46272114811442827,0.310955684484032,0.07962249376007222,3.572044233170629e-05,69.81344056193784,86.92165973244587,nan,nan,nan
337.8,222.28485107421875,-218.7831268310547,-50.74040603637695,222.0170270039615,-219.16979680031716,-50.74449964321238,0.47038298795293393,0.31089043787143955,0.07961050977343856,3.500069833516879e-05,71.76257387321478,87.60043817803115,8.1391577510093,0.0898382462752256,nan
337.81,222.293212890625,-218.77479553222656,-50.742347717285156,222.02546760466487,-219.16197534887408,-50.746539945010255,0.47075824299355284,0.3109322386782352,0.07963544862979516,3.570528586300317e-05,71.63226928712052,87.47010175284534,nan,nan,nan
337.82,222.3015899658203,-218.7664794921875,-50.7442512512207,222.03385116661582,-219.15417643440975,-50.75024703777839,0.47119946207990454,0.31097412146480435,0.07966044989460465,3.500740826959127e-05,72.02103026574018,88.07083690886022,nan,2.0520100382972264,nan
337.83,222.30995178222656,-218.75814819335938,-50.746116638183594,222.04229146336954,-219.14635439871614,-50.75222876112478,0.4715755106183873,0.3110160895268242,0.07968551421856239,3.571241797083129e-05,71.89627624795735,87.91181479868492,nan,nan,nan
337.84000000000003,222.31832885742188,-218.7498321533203,-50.74794387817383,222.0507203252024,-219.1385365535148,-50.75452307422283,0.47196262888905083,0.31105813994468656,0.07971064125004013,3.501439313827891e-05,71.94029138996903,88.20358741884219,nan,0.08594976364809574,nan
337.85,222.32669067382812,-218.7415008544922,-50.74973678588867,222.06940563539413,-219.13922543958802,-50.75640302201935,0.4737350264607636,0.3109929744975054,0.07969856165028953,3.569780565079178e-05,72.86370462567764,88.6839330794704,2.3197321838168308,nan,nan
337.86,222.33506774902344,-218.73318481445312,-50.75149154663086,222.07787059702866,-219.13141543543867,-50.75775386267824,0.47410675916615225,0.31103485399528236,0.07972365845435139,3.500045794551432e-05,72.59493328945393,88.68772732084264,nan,0.1956920271207333,nan
337.87,222.3434295654297,-218.724853515625,-50.75321578979492,222.08631886654635,-219.12361158079867,-50.7595916755158,0.4745045394303938,0.3110768185487762,0.07974881851022855,3.570542778154948e-05,72.47054333877908,88.44987252094406,nan,nan,nan
337.88,222.351806640625,-218.71652221679688,-50.75490188598633,222.09479934570865,-219.11579395878064,-50.76033691200092,0.4748686271957231,0.31111886557180335,0.0797740415105065,3.500789642897202e-05,72.03519874809705,87.62297909788333,nan,0.7918672821159538,nan
337.89,222.36016845703125,-218.7082061767578,-50.756553649902344,222.1032473453072,-219.10798912014084,-50.7620979482762,0.47525319432274654,0.3111609978593111,0.0797993280420467,3.57132812661565e-05,71.90516481202447,88.86609493105497,nan,nan,nan
337.90000000000003,222.3685302734375,-218.6998748779297,-50.758174896240234,222.10621189526142,-219.10183186342098,-50.76484699893477,0.4800259020808596,0.31109590952343935,0.07978714963882173,3.499437979757012e-05,73.49380000103785,88.90977750904547,2.9626665322809833,0.8046457178512538,nan
337.91,222.3769073486328,-218.69154357910156,-50.759765625,222.1146403510675,-219.09403683115775,-50.76655356943438,0.4804486155171419,0.31113787064435044,0.0798124053144987,3.569930184062972e-05,73.37392119308993,88.29454374155024,nan,nan,nan
337.92,222.38526916503906,-218.68321228027344,-50.761322021484375,222.12303048493766,-219.08625712955504,-50.76955901712629,0.4809180012964359,0.31117991433448944,0.07983772416679615,3.5002190371834515e-05,73.88091596228443,89.51522678148996,nan,1.248497230632683,nan
337.93,222.39364624023438,-218.6748809814453,-50.762847900390625,222.1314586798838,-219.07846122793327,-50.77121784449314,0.48134123875079937,0.3112220430882261,0.0798631067411719,3.570752710652159e-05,73.76571142837817,88.90358113251155,nan,nan,nan
337.94,222.40200805664062,-218.66656494140625,-50.76434326171875,222.13988402777983,-219.07066613830565,-50.77294363850171,0.4817476002250094,0.31126425477090286,0.07988855279011242,3.50101779370335e-05,73.77147788797154,90.26397737569276,nan,0.006581307272511766,nan
337.95,222.41036987304688,-218.65823364257812,-50.76580810546875,222.1444160040751,-219.05586547942974,-50.77446900051972,0.47845328842231205,0.3111992448604284,0.07987627327768348,3.5693889420143674e-05,72.41983482886623,88.86647507836578,3.411539575387449,nan,nan
337.96,222.4187469482422,-218.64990234375,-50.767242431640625,222.15291606700086,-219.04802026352345,-50.7735902997458,0.4787527868281967,0.31124128527201894,0.07990168784949185,3.499713444730996e-05,71.32877549242467,87.29791206982325,nan,4.238612176701499,nan
337.97,222.42710876464844,-218.64157104492188,-50.76865005493164,222.16134982522016,-219.04020248277556,-50.77510905479644,0.47914147786493166,0.3112834105579445,0.07992716633192355,3.570241303258482e-05,71.20278984580082,87.80175837675843,nan,nan,nan
337.98,222.4354705810547,-218.63323974609375,-50.7700309753418,222.1698293018716,-219.0323650560834,-50.77485237250954,0.47946798449010514,0.31132561885294546,0.07995270851596126,3.500539682335409e-05,70.55516601666187,87.21209174793495,nan,2.1572418418782773,nan
337.99,222.44384765625,-218.62490844726562,-50.77138137817383,222.1782628497996,-219.02454664609962,-50.77629972297208,0.47986474083863273,0.3113679122467386,0.07997831489123335,3.571108025964841e-05,70.4271745225022,86.64976236325424,nan,nan,nan
338.0,222.45220947265625,-218.6165771484375,-50.772708892822266,222.17915774292075,-219.01790726144867,-50.77749134767088,0.485433804545466,0.31130297737773777,0.07996593115770445,3.4992604959562316e-05,71.7092330575556,87.53601116860058,3.9268906050365944,0.06686770227869446,nan
338.01,222.46058654785156,-218.60824584960938,-50.77400588989258,222.18756738783478,-219.01009890785016,-50.778885508529584,0.48584889917729523,0.3113450992537983,0.0799915053979571,3.5697814460552976e-05,71.58375743976991,87.04160147080312,nan,nan,nan
338.02,222.4689483642578,-218.59991455078125,-50.7752799987793,222.19596195678469,-219.0022966214433,-50.78087406860262,0.48627585080131763,0.3113873042064403,0.08001714356216905,3.5001081512582436e-05,71.66981226079454,87.72254899056645,nan,0.27099516903453064,nan
338.03000000000003,222.47731018066406,-218.59158325195312,-50.776527404785156,222.20437179342963,-218.99448746478632,-50.78222461858823,0.4866822641004966,0.31142959408546395,0.08004284610441283,3.570669435553045e-05,71.54363690437003,87.72365348429942,nan,nan,nan
338.04,222.48568725585938,-218.583251953125,-50.777748107910156,222.21277139554766,-218.98668220106813,-50.78397781291941,0.4871117335782867,0.3114719673861174,0.08006861286733181,3.500966309898108e-05,71.60388060573348,87.34285760215957,nan,0.12851679998165932,nan
338.05,222.49404907226562,-218.57492065429688,-50.77894973754883,222.22370657678067,-218.97819495786376,-50.785356685988326,0.48554740012762676,0.31140710811677547,0.08005612249307897,3.5693622666208625e-05,71.14779500660073,87.70077776451996,0.7538254509578434,nan,nan
338.06,222.50241088867188,-218.56658935546875,-50.780120849609375,222.23207790251845,-218.97040029463992,-50.78868783663296,0.48602118396587035,0.31144930976507157,0.0800818564673477,3.49971310666772e-05,71.95307922650258,88.72753619011154,nan,2.954916032075505,nan
338.07,222.5107879638672,-218.55824279785156,-50.781272888183594,222.24049609521734,-218.96258511159002,-50.78997144150902,0.486442253271186,0.3114915961775221,0.08010765500420156,3.5702661508818024e-05,71.83941525689244,87.33548243551829,nan,nan,nan
338.08,222.51914978027344,-218.54991149902344,-50.78240203857422,222.24892418843254,-218.9547651408277,-50.79078205475254,0.4868249854301742,0.3115339660617408,0.08013351797889322,3.500585794910848e-05,71.5843159331732,88.44308271994905,nan,0.14341829646723417,nan
338.09000000000003,222.5275115966797,-218.5415802001953,-50.78350830078125,222.25734217041014,-218.94694907683643,-50.792017109169976,0.48722463490703716,0.3115764209484726,0.08015944579801525,3.5711780783944115e-05,71.4636098134514,88.41083659574058,nan,nan,nan
338.1,222.535888671875,-218.5332489013672,-50.78459167480469,222.26929198901698,-218.94327861291464,-50.79435190175845,0.48917626444133255,0.3115116344197633,0.08014684574188087,3.4993458247089216e-05,72.77492798508727,88.8746402106959,0.9631717031976856,1.0181098786315967,nan
338.11,222.54425048828125,-218.52490234375,-50.78565216064453,222.277710662194,-218.93547281262695,-50.79555518313299,0.48960153049073013,0.31155391740605026,0.08017274008604065,3.5698894284959924e-05,72.66303228938764,88.74383655083425,nan,nan,nan
338.12,222.55262756347656,-218.51657104492188,-50.78669357299805,222.28611602811458,-218.9276724345338,-50.79738170147837,0.490047943687425,0.3115962839031444,0.0801986990805545,3.5002286849838534e-05,73.04075603491641,89.30060304736072,nan,0.2922781190238858,nan
338.13,222.5609893798828,-218.50823974609375,-50.78771209716797,222.29453448756857,-218.9198657992069,-50.79855132032623,0.4904607079046906,0.3116387352551155,0.08022472310231031,3.570811343924103e-05,72.92651258145155,89.88359209940535,nan,nan,nan
338.14,222.56935119628906,-218.49989318847656,-50.78871154785156,222.30291731970468,-218.91207451594732,-50.80149269199579,0.49096213189306076,0.3116812704501762,0.08025081206988591,3.501116981477744e-05,74.16512614365897,90.45773867132264,nan,2.2643206473610706,nan
338.15000000000003,222.57772827148438,-218.49156188964844,-50.78969192504883,222.34241449322192,-218.93067768166674,-50.80268385128619,0.4983613580398919,0.3116165566129648,0.08023809981874064,3.569531797005893e-05,77.03911161724376,92.70801983482804,19.992294161815895,nan,nan
338.16,222.58609008789062,-218.4832305908203,-50.790653228759766,222.35088388089952,-218.92292082251893,-50.802548577786865,0.49878949366121056,0.31165891974520227,0.08026415462647289,3.49988808187015e-05,76.21710172179854,92.56065486332245,nan,1.132087720460506,nan
338.17,222.59445190429688,-218.47488403320312,-50.79170227050781,222.3593292130779,-218.91517426391147,-50.803701867321,0.4992816414679577,0.3117013675933153,0.0802902746419853,3.570459913845894e-05,76.07460893798475,91.83665645557139,nan,nan,nan
338.18,222.6028289794922,-218.466552734375,-50.7928352355957,222.36777355568222,-218.90742787617933,-50.80499682604048,0.4997697942109097,0.3117438993085334,0.08031645981072141,3.5007819484770684e-05,76.13221928803382,92.09149994746238,nan,0.00203632398910142,nan
338.19,222.61119079589844,-218.4582061767578,-50.7940559387207,222.37621875021287,-218.89968091426633,-50.806325559264316,0.5002622809088805,0.31178651598995216,0.08034271047031101,3.5713917370010815e-05,75.99006359546581,91.89717749467516,nan,nan,nan
338.2,222.6195526123047,-218.4498748779297,-50.79536056518555,222.36921972803208,-218.8890616290867,-50.807944991304886,0.5056776869912873,0.311721872383088,0.08032988304576492,3.499558169337566e-05,77.57335081605721,93.08605686232507,5.081966953097145,0.041788024714063905,nan
338.21,222.6279296875,-218.4415283203125,-50.796749114990234,222.37762909366913,-218.8813175989323,-50.80944604056201,0.5061879184452993,0.3117643167506936,0.08035609883173994,3.5701179979110326e-05,77.43531908080209,91.80236419303985,nan,nan,nan
338.22,222.63629150390625,-218.43319702148438,-50.798221588134766,222.38606931041508,-218.87355909757787,-50.80920988786292,0.506606994531085,0.3118068449998962,0.08038237997379065,3.500454599322333e-05,76.23474470140297,91.89603896197264,nan,2.3414643144979737,nan
338.23,222.6446533203125,-218.4248504638672,-50.79977035522461,222.39447866999024,-218.8658143991647,-50.81085961819292,0.5071089820246815,0.3118494580885438,0.08040872678542194,3.5710522246176557e-05,76.09837587196112,91.2456387329747,nan,nan,nan
338.24,222.6530303955078,-218.41651916503906,-50.80140686035156,222.40286217590926,-218.85808140490727,-50.814175506045956,0.5076656262614231,0.31189215538026316,0.08043513924738861,3.501353089429976e-05,77.17862791337134,92.39617986128641,nan,1.770524531687371,nan
338.25,222.66139221191406,-218.40817260742188,-50.80311965942383,222.43443578603848,-218.86189609444568,-50.81591845869548,0.5074820501121784,0.3118275814766675,0.08042219406279973,3.5697807944663294e-05,77.14197519971799,92.88836721853788,5.363266948905278,nan,nan
338.26,222.6697540283203,-218.39984130859375,-50.804908752441406,222.44287946016766,-218.8541717606065,-50.81804958138732,0.5079969593274674,0.3118701062668686,0.08044857093621234,3.5001305361956735e-05,77.35258505958066,93.86263540279465,nan,0.03542954296450954,nan
338.27,222.67813110351562,-218.39149475097656,-50.80677795410156,222.451326494858,-218.84644556762782,-50.820038040421885,0.5085237516274081,0.3119127157768397,0.08047501365558948,3.5707148735902936e-05,77.21483487948475,92.51173905297668,nan,nan,nan
338.28000000000003,222.68649291992188,-218.38314819335938,-50.80872344970703,222.4597878700661,-218.83871230722175,-50.82112623238539,0.5090065524995665,0.31195540949169226,0.0805015222231873,3.5010287707197156e-05,76.55400754172331,92.50141022451629,nan,0.6756469357679608,nan
338.29,222.69485473632812,-218.37481689453125,-50.81074523925781,222.46823434444335,-218.83098590750149,-50.82326045726003,0.5095131019845249,0.31199818818666075,0.08052809692098647,3.571649870856728e-05,76.41126587660246,93.07560218139893,nan,nan,nan
338.3,222.70323181152344,-218.36647033691406,-50.812843322753906,222.4430734035575,-218.80247761574316,-50.82432555588505,0.5078548868574623,0.311933681815315,0.08051503105318479,3.499806188043365e-05,74.83132429799089,89.81610850152629,11.818169212380178,0.7967686275392346,nan
338.31,222.7115936279297,-218.35813903808594,-50.81501388549805,222.4514727513626,-218.7947105704281,-50.82659973824114,0.5083225405796995,0.3119762877533928,0.0805415694221317,3.5703761660353915e-05,74.68856910462142,91.03920558581345,nan,nan,nan
338.32,222.71995544433594,-218.34979248046875,-50.817256927490234,222.45986834289067,-218.78694522849744,-50.82920924183718,0.5088130140488614,0.3120189778901704,0.08056817383276393,3.500702195047911e-05,74.87838763026194,90.57822872550375,nan,0.04797885448722198,nan
338.33,222.72833251953125,-218.34144592285156,-50.81952667236328,222.46826712183892,-218.77917834297028,-50.83160986211658,0.5093031378015219,0.312061752897344,0.08059484454804833,3.571308834880192e-05,74.75630009899095,89.89324728244237,nan,nan,nan
338.34000000000003,222.7366943359375,-218.33311462402344,-50.82178497314453,222.47668317090162,-218.77140297111325,-50.832664036965255,0.509726235510442,0.31210461241578935,0.08062158159816425,3.501598185815279e-05,73.91284981582697,90.38644473314307,nan,1.2927163581357304,nan
338.35,222.74505615234375,-218.32476806640625,-50.824012756347656,222.49813200349556,-218.76605999482678,-50.83501594900606,0.5057975599211504,0.3120401726814718,0.08060839240597638,3.570033325898507e-05,72.94368913398138,89.54240650678155,3.4055559329277836,nan,nan
338.36,222.75341796875,-218.31642150878906,-50.82620620727539,222.50655412158457,-218.75829284134178,-50.837805496804485,0.5062870500880052,0.31208285923235896,0.08063509238349013,3.500370854855457e-05,73.2635986901937,89.89653683474512,nan,0.13966501934315675,nan
338.37,222.76177978515625,-218.30809020996094,-50.82836151123047,222.51498157804656,-218.75052291473528,-50.840118219836654,0.506748728152083,0.3121256305495225,0.0806618588376679,3.5709620445082464e-05,73.15439149405591,90.55437468865435,nan,nan,nan
338.38,222.77015686035156,-218.29974365234375,-50.830474853515625,222.5234198528061,-218.74274752790694,-50.84147425867595,0.507200721184805,0.31216848636131717,0.0806886918153662,3.501263141717064e-05,72.60864510197301,88.78776275783095,nan,0.5944708210674639,nan
338.39,222.7785186767578,-218.29139709472656,-50.832550048828125,222.53184718278285,-218.7349771748679,-50.843699308699776,0.5076755060407439,0.312211427207898,0.08071559155502321,3.571890062293102e-05,72.50074065378371,89.30060790527105,nan,nan,nan
338.40000000000003,222.78688049316406,-218.28305053710938,-50.83457946777344,222.54045797561562,-218.7174412446776,-50.844261805026186,0.4995128543202856,0.312147052141052,0.0807022761638607,3.5000328509414655e-05,69.35696570347193,87.4241138154477,9.09559474692574,1.6568847764007528,nan
338.41,222.7952423095703,-218.27471923828125,-50.836570739746094,222.54890474592818,-218.70963923012297,-50.84639061961784,0.4999340202521138,0.31218981975892407,0.08072913806500501,3.570607667124183e-05,69.24038944009699,88.0917176547022,nan,nan,nan
338.42,222.80360412597656,-218.26637268066406,-50.838523864746094,222.55734424697812,-218.70184057595816,-50.849150517862014,0.5003889902792067,0.3122326718482191,0.08075606667409241,3.500920225315493e-05,69.63026485540016,87.78123349932955,nan,0.31677095103468594,nan
338.43,222.8119659423828,-218.25802612304688,-50.84043884277344,222.56579091766656,-218.6940382367565,-50.85120895426102,0.5008240223841578,0.31227560887600025,0.0807830622150632,3.571530747892591e-05,69.51745533255426,87.72136968810948,nan,nan,nan
338.44,222.82034301757812,-218.24969482421875,-50.84231185913086,222.5742374744387,-218.686235888925,-50.85323012307618,0.5012536763220924,0.31231863082560496,0.08081012479280889,3.643574153279311e-05,69.40471984719265,87.84371080236953,nan,nan,nan
338.45,222.82870483398438,-218.24134826660156,-50.84415054321289,222.5366469195988,-218.6509916704078,-50.85529013925909,0.5032192705344977,0.3122543192542322,0.08079668052438314,3.714677044318638e-05,68.46757748443726,86.23333757861703,21.022113117505707,nan,nan
338.46,222.83706665039062,-218.23300170898438,-50.845951080322266,222.54504922113438,-218.64312520588203,-50.85487254653424,0.5035425049152844,0.31229716758805726,0.08082370445308751,3.636419711078607e-05,67.18017175487152,85.03470750356537,nan,3.66122360702587,nan
338.47,222.84542846679688,-218.2246551513672,-50.84771728515625,222.55342856828094,-218.63526995893227,-50.856763893087,0.5039348192376482,0.3123401007792205,0.0808507954838172,3.709682093473417e-05,67.06194364939735,84.95309742809566,nan,nan,nan
338.48,222.85379028320312,-218.21632385253906,-50.849449157714844,222.56179569970854,-218.62742075781347,-50.85994555491451,0.5043527304085333,0.3123831187058719,0.08087795369199102,3.631694029510721e-05,67.75042644329054,86.50085929423965,nan,1.1493866967588247,nan
338.49,222.86215209960938,-218.20797729492188,-50.85114288330078,222.5701746620092,-218.61956530577768,-50.86178170555492,0.5047461731274007,0.3124262217636519,0.08090517928815337,3.704827636933926e-05,67.63644458612524,85.66685703947871,nan,nan,nan
338.5,222.87051391601562,-218.1996307373047,-50.852806091308594,222.58086652596728,-218.60735309117936,-50.8629277185367,0.5002355202788664,0.31236197183977116,0.08089160330892069,3.62483802214e-05,66.16173861836553,84.87777955135779,2.968791197985301,0.21355526742060493,nan
338.51,222.87887573242188,-218.1912841796875,-50.854434967041016,222.58925978818925,-218.59948177973732,-50.864690979747046,0.5006074925895638,0.31240490116925695,0.0809187895046673,3.6977579068592564e-05,66.04378177861541,84.81943266495729,nan,nan,nan
338.52,222.8872528076172,-218.1829376220703,-50.85603332519531,222.59765573917682,-218.59160899130327,-50.86607851112246,0.5009786979905562,0.3124479151993032,0.08094604305409121,3.620391625895829e-05,65.8519528077935,84.07975588706911,nan,0.07789347244327907,nan
338.53000000000003,222.89561462402344,-218.17459106445312,-50.85759735107422,222.60604890139092,-218.58373765583195,-50.86777533069722,0.5013510070098712,0.3124910142723264,0.08097336415615705,3.693197194884933e-05,65.73371108407422,84.62525468440424,nan,nan,nan
338.54,222.9039764404297,-218.166259765625,-50.859130859375,222.614458704546,-218.57585735975127,-50.867242252433975,0.5016537682531681,0.3125341983466577,0.08100075290340202,3.616083854280699e-05,64.60895575340568,84.3771538806494,nan,3.195704582569776,nan
338.55,222.91233825683594,-218.1579132080078,-50.860633850097656,222.63694669733164,-218.5684272646801,-50.868806747946394,0.4943977124047024,0.3124700087114395,0.08098704251857572,3.686444305918245e-05,63.13097063815487,83.18522878414682,5.84019296598049,nan,nan
338.56,222.9207000732422,-218.14956665039062,-50.86210632324219,222.64537444888967,-218.560547316613,-50.87058153389249,0.49475361204265683,0.3125130188081337,0.08101439106809273,3.609675440660072e-05,63.17193221426578,83.30869261738218,nan,0.02398477686659423,nan
338.57,222.92906188964844,-218.14122009277344,-50.863548278808594,222.65380368847568,-218.55266644077864,-50.87213940718874,0.49510502126975464,0.31255611386310367,0.0810418073323318,3.6821805827409776e-05,63.049593978637176,83.25757915799339,nan,nan,nan
338.58,222.9374237060547,-218.13287353515625,-50.86496353149414,222.6622414852386,-218.5447806775858,-50.87240440303266,0.4954272047506105,0.3125992938772432,0.08106929141352999,3.605653158689253e-05,62.44390968560852,82.71558068173344,nan,1.0631063127405889,nan
338.59000000000003,222.94578552246094,-218.12452697753906,-50.86635208129883,222.67067089807404,-218.53689927499215,-50.87389401123256,0.4957780238830785,0.31264255912891215,0.08109684349629813,3.6780633363922165e-05,62.318143598865696,82.62968944342433,nan,nan,nan
338.6,222.9541473388672,-218.11618041992188,-50.86771011352539,222.6557393695801,-218.51846773440818,-50.87467234178241,0.5009300072394871,0.31257842800640534,0.0810829959099611,3.5995482834350366e-05,62.394631091997326,82.05206348109098,5.303293652183443,0.28896592711707775,nan
338.61,222.96250915527344,-218.1078338623047,-50.869041442871094,222.66412853001265,-218.5105702058618,-50.87610143003294,0.501275775767686,0.31262151900346036,0.08111050698041596,3.671779089291804e-05,62.269612637550615,82.00226103394621,nan,nan,nan
338.62,222.97088623046875,-218.0994873046875,-50.87034606933594,222.67252693490562,-218.50266721474344,-50.87593193595278,0.501600947993028,0.3126646949130762,0.08113808603561101,3.595811352007389e-05,61.64577828819683,80.85911010158823,nan,1.6527548331749122,nan
338.63,222.979248046875,-218.0911407470703,-50.87162780761719,222.68091621776202,-218.494768988875,-50.877294116158254,0.5019459581436224,0.31270795598020995,0.08116573325213099,3.6679598437707814e-05,61.517659153843994,81.37447875800746,nan,nan,nan
338.64,222.98760986328125,-218.08279418945312,-50.87287902832031,222.6893102646834,-218.48686766414332,-50.87775153207706,0.5022765819393779,0.31275130225612174,0.0811934487441147,3.592214598771225e-05,61.16758473210183,81.14159751263061,nan,0.5186129026256658,nan
338.65000000000003,222.9959716796875,-218.07444763183594,-50.874107360839844,222.72012677242435,-218.4931596790963,-50.87898069718953,0.5014318904808027,0.3126872281339957,0.08117946125252533,3.6619889933865766e-05,61.81722470798901,81.77852584736696,5.440009181384045,nan,nan
338.66,223.00433349609375,-218.06610107421875,-50.87531280517578,222.7285421247133,-218.48529140721627,-50.881296325679514,0.5018139279893458,0.31273039988876317,0.08120713490987942,3.5865539455846695e-05,62.03245902689277,82.032770873898,nan,0.7212501824623117,nan
338.67,223.0126953125,-218.05775451660156,-50.876495361328125,222.7369626425801,-218.4774200971413,-50.88256289898129,0.5021797683739266,0.3127736567233017,0.08123487688560219,3.658464543382161e-05,61.90624169781168,81.95803844982773,nan,nan,nan
338.68,223.02105712890625,-218.04940795898438,-50.87765121459961,222.68944260392513,-218.40201869565811,-50.883921185622974,0.48408866680876217,0.30990854909738086,0.07702421386902698,3.583149991199513e-05,74.48547688438572,94.62710909725344,nan,0.004685503921139919,1.0759337277850873
338.69,223.0294189453125,-218.0410614013672,-50.8787841796875,222.69788867849095,-218.39408303722126,-50.88514388195626,0.4843315383214279,0.30995462955933856,0.0770440807044101,3.6549928848455025e-05,74.32042025234047,94.58320471315305,nan,nan,nan
338.7,223.03778076171875,-218.03271484375,-50.8798942565918,222.68666510993884,-218.37761412437175,-50.887228094862884,0.4922311447704351,0.30989510141483834,0.07703422399210379,3.577786316996117e-05,75.00685562853589,94.66866640083478,4.4007955434621335,0.687640581006135,nan
338.71,223.046142578125,-218.0243682861328,-50.880985260009766,222.69507690247266,-218.36966633558393,-50.88841504441923,0.49247644945961444,0.3099409918350667,0.07705408607449182,3.649479367024162e-05,74.84267011516938,94.57946481943495,nan,nan,nan
338.72,223.0545196533203,-218.01602172851562,-50.88205337524414,222.70343761862625,-218.3616474963052,-50.88829107299303,0.4927014058415776,0.30998696386484426,0.07707400480799032,3.574751716509267e-05,74.24719033621389,93.4944262446081,nan,1.1255891059119394,nan
338.73,223.06288146972656,-218.00767517089844,-50.88309860229492,222.71184939827782,-218.35369937414745,-50.88942379198418,0.4929465208765713,0.3100330222779437,0.07709398926516325,3.6463899751013976e-05,74.08246899303789,94.0361936035007,nan,nan,nan
338.74,223.0712432861328,-217.99932861328125,-50.884124755859375,222.7203371981085,-218.34585579313242,-50.892478372421905,0.4932402577829644,0.3100791626462804,0.07711403083361361,3.571852060276443e-05,74.7654879775059,94.81905210949417,nan,2.5547940351857275,nan
338.75,223.07960510253906,-217.990966796875,-50.885128021240234,222.75314407935846,-218.35059182040905,-50.89350846560166,0.4857748336994054,0.31001957434452454,0.07710416144048929,3.64117334468302e-05,74.88434642556176,94.49515340794696,6.171825283292851,nan,nan
338.76,223.0879669189453,-217.9826202392578,-50.886112213134766,222.76168417367518,-218.34278754789642,-50.89689461572692,0.48610408379137643,0.31006552447941793,0.07712419795301134,3.566910159545682e-05,76.04239901695382,96.57278866548167,nan,3.5781891036121944,nan
338.77,223.09632873535156,-217.97427368164062,-50.88707733154297,222.7701356867284,-218.33486190537067,-50.89798959219367,0.4863587662367935,0.3101115608253985,0.0771443000685434,3.638363749630959e-05,75.88340533149191,96.50084180700013,nan,nan,nan
338.78000000000003,223.1046905517578,-217.96592712402344,-50.88813018798828,222.77863409290705,-218.3269997609186,-50.90034756029633,0.4866575054993323,0.3101576791891209,0.07716445987247009,3.5642774582596274e-05,76.62646238321696,97.3473111586152,nan,1.0261891489580122,nan
338.79,223.11305236816406,-217.95758056640625,-50.8892707824707,222.78708573399865,-218.31907381033093,-50.90157750640744,0.4869117655657679,0.31020388399563387,0.07718468540513683,3.635690152026812e-05,76.43265172201887,97.24442034588559,nan,nan,nan
338.8,223.12142944335938,-217.94923400878906,-50.89049530029297,222.80652127966601,-218.31211068996691,-50.90116321748635,0.48058343891630445,0.3101442307724405,0.07717479169298941,3.559609073862565e-05,74.22010259763388,95.35962611061085,3.4765448112825084,2.0594694210845668,nan
338.81,223.12979125976562,-217.9408721923828,-50.89180374145508,222.81499699341492,-218.30417565560475,-50.90254887897903,0.4808329174429935,0.310190245029059,0.07719501148286165,3.630896483247658e-05,74.03378563557067,95.06562727053475,nan,nan,nan
338.82,223.13815307617188,-217.93252563476562,-50.8931999206543,222.82339496196582,-218.29613648308245,-50.90192767706465,0.48100072058593896,0.3102363413650953,0.07721528951779802,3.557234465380444e-05,72.82213879756164,94.76145969976197,nan,2.9889683004340717,nan
338.83,223.14651489257812,-217.92417907714844,-50.89467239379883,222.83187074505497,-218.28820121381892,-50.903461626342256,0.4812383049648272,0.3102825239703121,0.07723563318159841,3.628489972967928e-05,72.63658830498152,94.7169325988259,nan,nan,nan
338.84000000000003,223.15487670898438,-217.91583251953125,-50.89623260498047,222.84041508552707,-218.28035686655218,-50.90694605749003,0.48153804653746274,0.3103287890011284,0.07725603553159101,3.55498504823613e-05,73.56319229171898,95.6901685336075,nan,2.385239218023706,nan
338.85,223.16323852539062,-217.907470703125,-50.89786911010742,222.813216022915,-218.25404373275234,-50.90869183569005,0.4926923466966136,0.31026907469532,0.0772461218178232,3.6239682925714084e-05,73.33598382872252,93.98511615167496,12.471188502486749,nan,nan
338.86,223.17160034179688,-217.8991241455078,-50.89958572387695,222.82168156844563,-218.2461388261628,-50.91181477965339,0.4929623579330402,0.31031514897585616,0.07726651805868583,3.550703643753947e-05,74.1429479261665,95.72775758866518,nan,1.2014059575857607,nan
338.87,223.17996215820312,-217.89077758789062,-50.90138244628906,222.8300990805091,-218.23817081931813,-50.91370708397311,0.4931917751435346,0.3103613093519097,0.07728697984211506,3.621818322854868e-05,73.95251716086887,95.62014789569086,nan,nan,nan
338.88,223.18833923339844,-217.88241577148438,-50.903255462646484,222.83850437276146,-218.23018664995368,-50.91533560415022,0.4934318022249416,0.3104075522130489,0.07730750083959506,3.548698362120686e-05,73.70443632022445,93.98372388819831,nan,0.08071093529084707,nan
338.89,223.1967010498047,-217.8740692138672,-50.90520477294922,222.8469217947075,-218.2222183368407,-50.91738181221336,0.493661442092472,0.31045388140197994,0.07732808752487712,3.619792463557458e-05,73.51625500558195,95.37051090767903,nan,nan,nan
338.90000000000003,223.20506286621094,-217.86572265625,-50.907230377197266,222.84195150914243,-218.20451684396335,-50.9214495098832,0.4968234525410591,0.3103941018029974,0.07731814372835734,3.5446639813544226e-05,74.2520865344285,96.37425950326588,3.7908318255314235,2.8781539818762414,nan
338.91,223.2134246826172,-217.8573760986328,-50.909332275390625,222.85035026717313,-218.19652444671544,-50.92366791098669,0.49704139023341587,0.31044023991815667,0.07733872359988177,3.615652828506701e-05,74.05930025939216,96.22832184177228,nan,nan,nan
338.92,223.22178649902344,-217.84901428222656,-50.91150665283203,222.8586722216024,-218.1884333451104,-50.923743986113564,0.49719918648544914,0.3104864605751844,0.07735936319236086,3.542891860192278e-05,72.43363695147218,93.7822371368135,nan,3.388594250403246,nan
338.93,223.2301483154297,-217.84066772460938,-50.91375732421875,222.86707070663735,-218.18044091499132,-50.92609083862468,0.4974166125958104,0.31053276738789853,0.07738006840818332,3.6138674650716455e-05,72.24353033812964,94.55454634925131,nan,nan,nan
338.94,223.23851013183594,-217.8323211669922,-50.9160270690918,222.87541694281163,-218.17238194859794,-50.926959496688035,0.49759171724950385,0.31057915708673867,0.07740083376606868,3.5412323624067187e-05,71.23686502134406,93.63819464959263,nan,1.6085033774780164,nan
338.95,223.2468719482422,-217.823974609375,-50.91828918457031,222.8687577537679,-218.14772913701674,-50.92941957066183,0.4979068424173386,0.3105193154275181,0.07739086261476455,3.609969969659982e-05,68.88104875266774,92.54702112043852,14.055909989183865,nan,nan
338.96,223.25523376464844,-217.81561279296875,-50.9205207824707,222.8771419302625,-218.1396876815074,-50.93179090303266,0.49810137946822886,0.31056551546348987,0.0774116233430836,3.682278559015994e-05,68.72750682065126,91.52084750911345,nan,nan,nan
338.97,223.2635955810547,-217.80726623535156,-50.9227180480957,222.88552591281544,-218.13164612753621,-50.93413139916082,0.49828631636720433,0.31061179986120474,0.07743244703588281,3.756033479487695e-05,68.57143487909069,92.38464012480459,nan,nan,nan
338.98,223.27195739746094,-217.79891967773438,-50.92487716674805,222.8939013864348,-218.1235938975443,-50.93618111266438,0.4984651198182882,0.31065816706963,0.07745333114391878,3.6748144067981735e-05,68.40584520449468,92.28396765813184,nan,0.041353401249717,nan
338.99,223.2803192138672,-217.79055786132812,-50.9269905090332,222.90228519623963,-218.11555220414948,-50.93844382135641,0.4986604252521839,0.31070462062593285,0.07747428119419633,3.748388777246593e-05,68.2577556937466,91.27795869353108,nan,nan,nan
339.0,223.28868103027344,-217.78221130371094,-50.92906951904297,222.9240297120695,-218.12138889503095,-50.94134418161383,0.49815930149173404,0.31064471311723457,0.07746427377443507,3.665322946355432e-05,70.67153796921431,93.52829489407348,8.81413779218056,0.32384075466348894,nan
339.01,223.2970428466797,-217.77386474609375,-50.93110275268555,222.9324268625336,-218.1133868351639,-50.94353354064278,0.4983719387672525,0.3106909750607774,0.07748521586074328,3.7386348925889244e-05,70.52299819994558,93.4904549799592,nan,nan,nan
339.02,223.30540466308594,-217.76551818847656,-50.93309783935547,222.94084514953045,-218.1054109141267,-50.94634800357215,0.4986043228106534,0.3107373198827258,0.07750621885249973,3.658392053356488e-05,71.01793663141615,94.0429829269288,nan,0.2850507477393859,nan
339.03000000000003,223.3137664794922,-217.7571563720703,-50.93505096435547,222.9492423284064,-218.0974087956392,-50.948465257760404,0.49882813847744967,0.31078375086613824,0.0775272877245029,3.731545144086665e-05,70.87437041903127,93.04877869734128,nan,nan,nan
339.04,223.32212829589844,-217.74880981445312,-50.93696975708008,222.9576073211939,-218.0893669248415,-50.94950826685969,0.4990109223885941,0.310830265077203,0.07754841791735653,3.651718887572303e-05,70.1869763966443,93.3372822442802,nan,0.6950129148572267,nan
339.05,223.3304901123047,-217.74046325683594,-50.938846588134766,222.96553977746163,-218.08640071934641,-50.95146082892147,0.5030115246600949,0.3107702946125762,0.07753837596566254,3.722366008729973e-05,71.46398645677284,93.72410684985427,3.463464549419135,nan,nan
339.06,223.33885192871094,-217.7321014404297,-50.9406852722168,222.97394256253526,-218.07843413611764,-50.95386024928585,0.503268081290666,0.3108166169962058,0.07755949771884882,3.6430433680423545e-05,71.79000189905443,93.20023311681554,nan,0.1074569767459075,nan
339.07,223.3472137451172,-217.7237548828125,-50.94248962402344,222.98233283596255,-218.07045234232478,-50.95582142075701,0.5035026743741597,0.3108630253603561,0.07758068530855662,3.715816246733571e-05,71.64091270232106,94.03079480560743,nan,nan,nan
339.08,223.35557556152344,-217.7154083251953,-50.94425964355469,222.99072236952853,-218.06246992316454,-50.957726591203496,0.503736998018615,0.31090951700965574,0.07760193467388872,3.63688395507618e-05,71.67692965113498,94.09715882426585,nan,0.00028598561034942394,nan
339.09000000000003,223.3639373779297,-217.70706176757812,-50.94599151611328,222.99911247478045,-218.05448846231485,-50.959618009758906,0.5039724193868285,0.3109560948712061,0.07762325004861113,3.7095267261615064e-05,71.5286903109206,94.03546518422117,nan,nan,nan
339.1,223.37229919433594,-217.69869995117188,-50.947689056396484,223.0359353748178,-218.05661418684784,-50.96013232831878,0.491322759697201,0.31089605809826576,0.07761316569126554,3.628736394678468e-05,69.78208840086738,92.42823083773848,8.842905242220956,1.040055579694975,nan
339.11,223.3806610107422,-217.6903533935547,-50.94935607910156,223.04437685803947,-218.04864127597077,-50.961942325677775,0.4915441502531176,0.31094244379317343,0.07763447187579472,3.701167140752971e-05,69.62780560065212,93.23545241531698,nan,nan,nan
339.12,223.38902282714844,-217.6820068359375,-50.950984954833984,223.05281796416838,-218.0406681415006,-50.96370994685498,0.4917657647921325,0.3109889128235995,0.07765584026701423,3.6230741379437994e-05,69.64976342302765,93.32722659399231,nan,6.223693699661365e-05,nan
339.13,223.3973846435547,-217.67364501953125,-50.95258331298828,223.06125927455082,-218.03269530134997,-50.965455171412806,0.49199903790697813,0.3110354678938358,0.07767727465053102,3.6953928621904616e-05,69.50084380939056,92.32716254759683,nan,nan,nan
339.14,223.40574645996094,-217.66529846191406,-50.95415115356445,223.06966963097395,-218.02468565408205,-50.966081998819796,0.49218810829280124,0.31108210664128527,0.07769877163217721,3.6176511647397275e-05,68.78525336590714,92.60638933334751,nan,0.7802394819666116,nan
339.15000000000003,223.4141082763672,-217.65695190429688,-50.9556884765625,223.09990117468806,-218.03238441158294,-50.967757403230074,0.4897155595482005,0.3110220058337458,0.0776886453135737,3.68755948458334e-05,69.99038857950072,93.47059981180226,7.939112253246142,nan,nan
339.16,223.42247009277344,-217.64859008789062,-50.957191467285156,223.10833845899376,-218.0244077025532,-50.968174364332775,0.4899369213065198,0.3110684521847116,0.07771013256666603,3.6102523808682e-05,69.2207522938559,91.89497977499133,nan,0.9964027803492506,nan
339.17,223.43081665039062,-217.64024353027344,-50.95866775512695,223.1168098167404,-218.01647084753094,-50.96977613002303,0.49017413418359834,0.31111498440843205,0.07773168581045443,3.6822808818752304e-05,69.06438276553024,93.37468441878791,nan,nan,nan
339.18,223.43917846679688,-217.63189697265625,-50.960113525390625,223.1252729579102,-218.00852423999217,-50.97104954775954,0.4904124423335723,0.31116160034968116,0.07775330205210243,3.605300182377654e-05,68.8662885128091,92.5807578092262,nan,0.05971002735899144,nan
339.19,223.44754028320312,-217.62353515625,-50.96152877807617,223.13374446450405,-218.0005869922748,-50.97259165687169,0.4906712648708346,0.3112083024029292,0.07777498447994757,3.677240281140004e-05,68.71692555451881,91.62340474278966,nan,nan,nan
339.2,223.45590209960938,-217.6151885986328,-50.96291732788086,223.13516733023692,-217.99160817769962,-50.97487290148065,0.49467709420320827,0.3111481347439206,0.07776480940284612,3.5983791345635245e-05,69.94095302781233,93.1617504564534,1.335396396296792,0.4949302066041071,nan
339.21,223.46426391601562,-217.60682678222656,-50.96427917480469,223.14362445213513,-217.98367417738015,-50.97636699710747,0.4949441791552271,0.3111946440624429,0.07778648134014746,3.670148525374617e-05,69.79105557134196,92.19492289344663,nan,nan,nan
339.22,223.47262573242188,-217.59848022460938,-50.965614318847656,223.1521281898219,-217.97579344013354,-50.979613144151116,0.4952574123944947,0.31124123713189994,0.07780821665409209,3.5938776888366e-05,71.1002482143182,94.45802709127926,nan,2.1160796033428992,nan
339.23,223.48098754882812,-217.5901336669922,-50.9669189453125,223.1605852336605,-217.9678593174657,-50.981072494552265,0.4955145139614906,0.3112879161545396,0.07783001817527148,3.6655734712616715e-05,70.95027334213293,94.38834292232887,nan,nan,nan
339.24,223.48934936523438,-217.58177185058594,-50.96820068359375,223.16898223693363,-217.95985683478705,-50.98016924450069,0.49570817889581215,0.3113346792624508,0.07785188344369758,3.5895924265923414e-05,69.31760494107574,91.94777739942697,nan,3.6635987303822293,nan
339.25,223.49771118164062,-217.57342529296875,-50.96945571899414,223.2230232321813,-217.96911680494327,-50.9816761761949,0.4818449769386858,0.3112744464892037,0.07784165901358996,3.658951748104405e-05,68.10808470297918,93.54812768720242,21.35854826526806,nan,nan
339.26,223.50607299804688,-217.5650634765625,-50.97068786621094,223.2315668525308,-217.9612053039031,-50.983250242419295,0.4821200935356866,0.3113210166179975,0.07786351319527716,3.583341382528648e-05,68.27154863342554,92.87818007332608,nan,0.0296012777192279,nan
339.27,223.51443481445312,-217.5567169189453,-50.971893310546875,223.2401050512373,-217.9532877296576,-50.98459292216659,0.4823758980612002,0.31136767254626374,0.07788543361807126,3.654820144126511e-05,68.11770232551565,93.68243145002846,nan,nan,nan
339.28000000000003,223.52279663085938,-217.54835510253906,-50.97307586669922,223.24864439268092,-217.94537112622143,-50.98595329010403,0.4826458337045545,0.31141441258358504,0.07790741813949786,3.579476627689957e-05,68.17891406618206,92.93182795693083,nan,0.001140566244574036,nan
339.29,223.53115844726562,-217.54000854492188,-50.97423553466797,223.25718284144617,-217.93745317280928,-50.9872500016646,0.4829018960119202,0.31146123866684955,0.07792946911709375,3.650900775837285e-05,68.02329415310831,93.7450606502674,nan,nan,nan
339.3,223.53952026367188,-217.5316619873047,-50.97536849975586,223.2905162245803,-217.9389903635864,-50.98597999629742,0.47752698506689273,0.31140093842456296,0.07791918939709402,3.573647827362566e-05,65.87236472158973,92.70037605442096,6.21930253268674,4.182415647499077,nan
339.31,223.54788208007812,-217.52330017089844,-50.97648239135742,223.2990988602867,-217.9310823064967,-50.987206768039464,0.47780160403465416,0.31144757119134264,0.07794122851218512,3.644934464467693e-05,65.71827119233816,91.72995937541032,nan,nan,nan
339.32,223.55624389648438,-217.51495361328125,-50.97757339477539,223.30767898860918,-217.92317117000024,-50.98830291211549,0.4780598389145234,0.31149428808442475,0.07796333205896203,3.570181878957614e-05,65.62545971175182,92.60423926419527,nan,0.0081016437535978,nan
339.33,223.56460571289062,-217.506591796875,-50.978641510009766,223.31626184980232,-217.91526264907216,-50.98948629725727,0.4783347668522774,0.3115410908774706,0.0779855021146251,3.6414257693868984e-05,65.47249005804922,91.62601077510656,nan,nan,nan
339.34000000000003,223.57296752929688,-217.4982452392578,-50.97969055175781,223.32481694913383,-217.90732392767478,-50.989433291873446,0.4785593011708816,0.3115879781241999,0.0780077369547383,3.566906598415108e-05,64.74235866509267,91.85672595223224,nan,1.0041816166301396,nan
339.35,223.58132934570312,-217.48988342285156,-50.980716705322266,223.3447100639334,-217.90771316800766,-50.990684071332055,0.4802808853448166,0.3115276116901612,0.07799740052784994,3.635870038665032e-05,65.44057127174571,91.60590139472241,2.783083884069657,nan,nan
339.36,223.58969116210938,-217.48153686523438,-50.98172378540039,223.3533179059169,-217.89983335202422,-50.99219478839786,0.4805766421784697,0.3115743053622548,0.07801962285604769,3.5616637864101246e-05,65.62643201794897,92.73168012759383,nan,0.10759661516078277,nan
339.37,223.59805297851562,-217.47317504882812,-50.98270797729492,223.36191694885503,-217.8919438360892,-50.99329287842649,0.48087374831649704,0.31162108479302986,0.07804191175619268,3.632748969711279e-05,65.47591752842688,91.77905351655984,nan,nan,nan
339.38,223.60641479492188,-217.46482849121094,-50.98367691040039,223.37050379581365,-217.88404108567246,-50.993812786193416,0.4811402444542533,0.3116679486857383,0.07806426575014729,3.55875551457952e-05,65.11893245326979,92.37285048354677,nan,0.21360005903162757,nan
339.39,223.61477661132812,-217.4564666748047,-50.984622955322266,223.3791030400513,-217.87615123067638,-50.99486804865007,0.48143755625511414,0.3117148985903587,0.07808668654775515,3.6298128756462744e-05,64.96783943401533,91.39054228577066,nan,nan,nan
339.40000000000003,223.62313842773438,-217.44810485839844,-50.98565673828125,223.4180753983428,-217.88542564522263,-50.995001752159766,0.4831021071121126,0.3116544640021183,0.07807628815314639,3.553877853721021e-05,65.04676891380895,92.23463056835104,9.696843080273721,0.6545616287066436,nan
339.41,223.63150024414062,-217.43975830078125,-50.98678207397461,223.42672280228336,-217.8775688804379,-50.99617132522273,0.4834253431419384,0.31170121999535816,0.07809869564723677,3.624823803580122e-05,64.863625182407,92.97941124683373,nan,nan,nan
339.42,223.63986206054688,-217.431396484375,-50.98798751831055,223.43538663476897,-217.8697287630476,-50.9982064888338,0.4837869506631135,0.31174806045272047,0.07812116852859545,3.5513145421838915e-05,65.21789023613779,92.53621035443032,nan,0.41531512259971753,nan
339.43,223.64822387695312,-217.4230499267578,-50.989280700683594,223.4440344937955,-217.86187185432155,-50.99955716274394,0.4841111380432422,0.31179498678777146,0.07814370829197655,3.6222419927430176e-05,65.03536710885628,93.2793692409912,nan,nan,nan
339.44,223.65658569335938,-217.41468811035156,-50.990657806396484,223.45268198910725,-217.85401432101884,-51.00096800293203,0.48444869711828864,0.3118419979079122,0.07816631378036391,3.548915682819717e-05,64.96141872143382,92.40076540888657,nan,0.0004296006607398471,nan
339.45,223.66494750976562,-217.40634155273438,-50.99211502075195,223.49138675401795,-217.86664457913827,-51.00243914447227,0.4920455259250691,0.31178149605463257,0.07815585136367174,3.617604058550696e-05,66.2303362074798,94.94400950441191,12.775584983146192,nan,nan
339.46,223.67330932617188,-217.39797973632812,-50.993656158447266,223.50003709802453,-217.8587912595651,-51.00196431106851,0.4923815089898261,0.3118283129923894,0.0781784428502855,3.5445395785941324e-05,65.07983390878188,93.00587322024954,nan,2.9679326780820423,nan
339.47,223.68167114257812,-217.38961791992188,-50.995277404785156,223.50872843619743,-217.85097929924672,-51.00362804377058,0.4927811230092574,0.311875215677816,0.07820110130534141,3.615353723202404e-05,64.90989295268359,92.87582752874731,nan,nan,nan
339.48,223.69003295898438,-217.3812713623047,-50.996978759765625,223.51743077843577,-217.84317839108226,-51.00595055044043,0.49318364631460937,0.31192220314227387,0.0782238257585932,3.542454078942291e-05,65.09866225649623,93.94019401110515,nan,0.22981024569222525,nan
339.49,223.69839477539062,-217.37290954589844,-50.998756408691406,223.5261219337852,-217.83536637648743,-51.007781572073135,0.4935845476585469,0.31196927661380847,0.0782466174259173,3.613261145466986e-05,64.92981967897433,92.99130207453041,nan,nan,nan
339.5,223.70675659179688,-217.36456298828125,-51.000614166259766,223.54290901524925,-217.83133546173468,-51.01038356154054,0.4947908764301504,0.3119087058609198,0.07823608624787119,3.538387184833028e-05,65.32815950265005,94.54651950128859,0.6126136283627248,0.3402136060672001,nan
339.51,223.71511840820312,-217.356201171875,-51.0025520324707,223.55161389607855,-217.8235297086998,-51.012379381231035,0.4952032548353817,0.3119555848135935,0.07825886310420635,3.609102868523925e-05,65.15674764899912,93.58753488949668,nan,nan,nan
339.52,223.72348022460938,-217.34783935546875,-51.00456237792969,223.56032190920922,-217.81572712986022,-51.01462032557632,0.49562159720908283,0.3120025485337167,0.07828170621825195,3.5365936429324116e-05,65.19148926369355,93.6568161887526,nan,0.019426521944153462,nan
339.53000000000003,223.73184204101562,-217.33949279785156,-51.00664520263672,223.5690267217138,-217.80792167190972,-51.01677198293239,0.4960211587522309,0.31204959813718464,0.0783046166448572,3.607309408708454e-05,65.02095781777169,94.36239623467074,nan,nan,nan
339.54,223.74020385742188,-217.3311309814453,-51.00880813598633,223.57770231898294,-217.80008839810387,-51.017370876053505,0.4963880832086348,0.3120967328232842,0.07832759365447761,3.5349389247449414e-05,64.10297366589161,92.63914707039903,nan,1.8356330229485611,nan
339.55,223.74856567382812,-217.32278442382812,-51.01103973388672,223.59724741899228,-217.79529877585847,-51.01960215965424,0.4962260999345419,0.31203609373770413,0.07831699117936272,3.6034452583762846e-05,63.54795993620626,93.67467959921935,1.5143908627382205,nan,nan
339.56,223.75692749023438,-217.31442260742188,-51.01329803466797,223.6059481473574,-217.78747113240644,-51.02054392573122,0.49661068444299067,0.3120830336220614,0.0783399526349871,3.531292316051486e-05,62.85113604252724,92.16520468511214,nan,1.3466886837333425,nan
339.57,223.76528930664062,-217.30606079101562,-51.01554870605469,223.61467286798862,-217.779666263009,-51.022873670667714,0.49703230257284986,0.3121300592696962,0.07836298150763187,3.601929218341917e-05,62.70513671730088,92.04201643603447,nan,nan,nan
339.58,223.77365112304688,-217.29771423339844,-51.01776885986328,223.62339336105944,-217.77185765630458,-51.024947648167235,0.4974343328763448,0.31217716998095346,0.07838607720565167,3.5298994379991725e-05,62.523479991693264,92.73496601997903,nan,0.03933678646420921,nan
339.59000000000003,223.78201293945312,-217.2893524169922,-51.019954681396484,223.63211766325708,-217.76405289171427,-51.02722707732718,0.49785743167078916,0.3122243667204191,0.07840924057775668,3.600544894455341e-05,62.384116336714996,91.76792883380776,nan,nan,nan
339.6,223.7903594970703,-217.281005859375,-51.022098541259766,223.60949386201494,-217.7449593344028,-51.03210180698639,0.49806151252587033,0.31216365793718687,0.07839856246079671,3.526509247435114e-05,64.65600008552909,93.78086554586449,9.875799155938138,5.029931124816854,nan
339.61,223.79872131347656,-217.27264404296875,-51.02420425415039,223.61816185039615,-217.7371437721841,-51.03433153008762,0.4984619141588859,0.31221065953828975,0.07842170945060153,3.597078265365521e-05,64.52314646914174,91.9994162281508,nan,nan,nan
339.62,223.8070831298828,-217.26429748535156,-51.026268005371094,223.6268333903831,-217.72933162017276,-51.03675706773983,0.4988554255172412,0.3122577461790496,0.07844492349647045,3.525358166367191e-05,64.6430019861906,92.99600446294393,nan,0.03859107799942883,nan
339.63,223.81544494628906,-217.2559356689453,-51.02829360961914,223.6355011378092,-217.72151616016393,-51.038909801896885,0.49925711968091563,0.3123049187334151,0.07846820533003515,3.595941100233939e-05,64.5103114111986,92.05525134111555,nan,nan,nan
339.64,223.8238067626953,-217.24757385253906,-51.030277252197266,223.64416631181098,-217.7136983485584,-51.04084548056837,0.4996543053293161,0.31235217663750825,0.07849155453488305,3.5243217977826626e-05,64.39934824841474,92.00216725907485,nan,0.021999903512424247,nan
339.65000000000003,223.83216857910156,-217.23922729492188,-51.032222747802734,223.65489510276535,-217.7054128846771,-51.0430152727705,0.4988700914094979,0.3122913984605145,0.07848079788840183,3.592715725883648e-05,64.15303844322891,92.8061490259804,0.618298060596875,nan,nan
339.66,223.8405303955078,-217.23086547851562,-51.03413009643555,223.68758642439934,-217.66732076389837,-51.04403272906336,0.4625831131482504,0.31186663235713646,0.07775624108962179,3.52118678887828e-05,75.41067710483122,103.25147018850232,nan,0.7724312532425082,1.2242943154967552
339.67,223.84889221191406,-217.22251892089844,-51.03599548339844,223.69629145723854,-217.65943760504595,-51.04602195767457,0.46290977206270206,0.31191250160781575,0.07777647097146838,3.591714162342229e-05,75.23197720772781,104.01607980480622,nan,nan,nan
339.68,223.8572540283203,-217.2141571044922,-51.03782653808594,223.70499888104132,-217.65153013952425,-51.04729250069723,0.46321313247172513,0.3119584547316487,0.07779676016820446,3.520367555482438e-05,74.79009550522322,102.80950540279005,nan,0.32450491315171975,nan
339.69,223.8656005859375,-217.205810546875,-51.03962326049805,223.7137038280304,-217.64364659879794,-51.04920220066696,0.46353510063523895,0.312004491910528,0.07781711239543486,3.5909149959096306e-05,74.60550500065287,104.38591872576349,nan,nan,nan
339.7,223.87396240234375,-217.19744873046875,-51.0413818359375,223.72974560220106,-217.63419808961834,-51.05095062233856,0.4600435303687683,0.3119437375177814,0.07780686854284982,3.5175332851797964e-05,73.15570231365848,102.50173696510798,4.264133220161281,0.014007563051654017,nan
339.71,223.88232421875,-217.18910217285156,-51.04310607910156,223.73846993818168,-217.6262993131367,-51.05278964883723,0.46035764904492205,0.31198958394329995,0.07782721337515607,3.588015172505765e-05,72.97239155630548,103.25953959290784,nan,nan,nan
339.72,223.89068603515625,-217.1807403564453,-51.044795989990234,223.74719836849223,-217.61836438561303,-51.05351464271388,0.46062947831743273,0.31203551418553827,0.07784761794267907,3.516909814246406e-05,72.33104431273271,101.81218505112864,nan,0.8161578133695456,nan
339.73,223.8990478515625,-217.17237854003906,-51.046451568603516,223.75592263658598,-217.61046551638944,-51.055276344279264,0.460958677839585,0.31208152843305803,0.07786808558628494,3.5874156621446114e-05,72.15133164612104,101.72953342742187,nan,nan,nan
339.74,223.90740966796875,-217.16403198242188,-51.048072814941406,223.76465534605185,-217.602500012342,-51.05496086985083,0.4611729122448855,0.31212762678454686,0.07788861333955414,3.516379043407319e-05,71.13662434379793,101.6683956947342,nan,2.924545814859696,nan
339.75,223.915771484375,-217.15567016601562,-51.04966354370117,223.78370332812602,-217.5949006557912,-51.0566905955042,0.4587099306757423,0.3120668266185336,0.07787834861277929,3.584709366174268e-05,69.80706967981779,100.8051565764278,4.111540747004339,nan,nan
339.76,223.9241180419922,-217.14732360839844,-51.05122375488281,223.79245560308388,-217.5869601212495,-51.05738639823332,0.458969758725107,0.3121127339908156,0.07789886856761767,3.513821124213784e-05,69.31410143137457,102.1539114908246,nan,0.6340127094163639,nan
339.77,223.93247985839844,-217.1389617919922,-51.05274963378906,223.80120366367902,-217.57904956299092,-51.05899353643467,0.4592925775612851,0.31215872531756017,0.07791945165480554,3.584291605127258e-05,69.13108390360269,100.2550096008142,nan,nan,nan
339.78000000000003,223.9408416748047,-217.130615234375,-51.05424499511719,223.80995331350448,-217.57112604138948,-51.06015144555553,0.45958287650561963,0.3122048006912819,0.07794009524756923,3.5134613070924836e-05,68.84258348165358,100.94155471735773,nan,0.12323569742020811,nan
339.79,223.94920349121094,-217.12225341796875,-51.05571365356445,223.81870113729894,-217.56321528466262,-51.061695500019724,0.459906528266045,0.3122509603100966,0.07796080218305854,3.58395983410561e-05,68.65870472386285,99.92823917322522,nan,nan,nan
339.8,223.9575653076172,-217.1138916015625,-51.057151794433594,223.8509622180032,-217.571562894742,-51.06229814411445,0.469950759368332,0.3121901138917293,0.07795051044707764,3.511068487534659e-05,69.63686739878364,101.14722760001028,9.259713820915634,0.7108822240172502,nan
339.81,223.96592712402344,-217.1055450439453,-51.058563232421875,223.85974254893722,-217.56369008181386,-51.063777479165054,0.4703182200158868,0.3122360823037675,0.07797120898485364,3.581508895807165e-05,69.45089302553892,101.92578510760596,nan,nan,nan
339.82,223.9742889404297,-217.09718322753906,-51.05994415283203,223.86852874494838,-217.55578138241628,-51.063992649599626,0.47065260748360344,0.3122821347052082,0.07799196840709036,3.510863515121158e-05,68.97211991078578,100.65510347641936,nan,1.0731209013974536,nan
339.83,223.98265075683594,-217.08883666992188,-51.06129837036133,223.8773093401418,-217.54790837855805,-51.065405372614975,0.47102071632654735,0.3123282712996654,0.07801279124478654,3.581334706438833e-05,68.78587324966561,101.41382710161983,nan,nan,nan
339.84000000000003,223.99099731445312,-217.08047485351562,-51.0626220703125,223.8860911292791,-217.54002783675384,-51.06652849742736,0.4713910396514887,0.31237449217111063,0.07803367532552191,3.5107317864280356e-05,68.56146629063043,101.29056736455426,nan,0.048570036228138706,nan
339.85,223.99935913085938,-217.07211303710938,-51.06392288208008,223.90136159343322,-217.53783621085375,-51.06778022415318,0.4759374654216629,0.3123135991108655,0.07802335590586486,3.579035507886237e-05,69.16050987905162,100.84577174994703,1.8253495365233452,nan,nan
339.86,224.00772094726562,-217.0637664794922,-51.0651969909668,223.9101490654312,-217.52997991693204,-51.06916920481372,0.4763307882732709,0.3123596285410965,0.0780442311282152,3.508555364150316e-05,69.00620624708561,101.64732860822456,nan,0.002400265653125621,nan
339.87,224.01608276367188,-217.05540466308594,-51.06644821166992,223.91893692326806,-217.52212185007656,-51.07047582489588,0.4767373161485256,0.3124057421110856,0.07806516984807176,3.579003279970817e-05,68.8257314347587,100.67497590704468,nan,nan,nan
339.88,224.02444458007812,-217.04705810546875,-51.06767272949219,223.9277207807544,-217.51428506037107,-51.07257408179252,0.47715882470858284,0.3124519399001154,0.07808617016747234,3.508556918842749e-05,68.86930519394444,101.66819008245618,nan,0.4676499210907914,nan
339.89,224.03280639648438,-217.0386962890625,-51.068870544433594,223.936508534602,-217.50642652986977,-51.073840972382264,0.4775662901867497,0.3124982221191483,0.07810723420993086,3.579038179752612e-05,68.69125473725218,100.71089871480785,nan,nan,nan
339.90000000000003,224.04116821289062,-217.03033447265625,-51.07004928588867,223.91239103363847,-217.48034327471277,-51.07519192810825,0.46810034244110565,0.3124372818937869,0.07809688166890365,3.506508392135976e-05,68.15521502474128,98.99491715915586,11.09419801702994,0.005521727391602253,nan
339.91,224.04953002929688,-217.02198791503906,-51.07120132446289,223.9211271597405,-217.4724496256186,-51.0764140919015,0.468433797406759,0.31248337243480695,0.07811793623123256,3.576936378993712e-05,67.97302576346799,99.79809784620001,nan,nan,nan
339.92,224.05789184570312,-217.0136260986328,-51.072330474853516,223.92986794291662,-217.46453210972115,-51.076657957656415,0.46874841613352997,0.3125295471364133,0.0781390527340764,3.5066293461957174e-05,67.56398763358803,98.56219170678355,nan,0.643064977724162,nan
339.93,224.0662384033203,-217.00526428222656,-51.07343673706055,223.9386038866344,-217.45663818610927,-51.07782685750132,0.4690930015609348,0.3125758062133802,0.07816023305637514,3.577092524954875e-05,67.38361075615826,99.30023224504895,nan,nan,nan
339.94,224.07460021972656,-216.99691772460938,-51.074520111083984,223.9473459602323,-217.44871511759456,-51.07775754989636,0.4693879119424649,0.3126221497389607,0.07818147566355504,3.506806779162686e-05,66.95682251689355,98.99698348463484,nan,1.041432354914292,nan
339.95,224.0829620361328,-216.98855590820312,-51.075584411621094,223.9495915456463,-217.43946634894252,-51.07883077330998,0.4702323384930231,0.31256116194198535,0.07817108858268706,3.575106745222196e-05,67.38166539526087,97.87672098194554,0.8208728939899993,nan,nan
339.96,224.09132385253906,-216.98019409179688,-51.07662582397461,223.95831383503048,-217.43157556281608,-51.07997743243648,0.47058275618256046,0.3126073135468434,0.07819232119503312,3.5049233334593694e-05,67.22597592535207,97.79637417451637,nan,0.0020070733912624494,nan
339.97,224.0996856689453,-216.9718475341797,-51.0776481628418,223.96703662213196,-217.42368344780246,-51.08105117453229,0.4709172357733187,0.31265354947119683,0.07821361773102674,3.5753708428858255e-05,67.04425597024898,98.60765981545704,nan,nan,nan
339.98,224.10804748535156,-216.96348571777344,-51.078651428222656,223.9757654637912,-217.41576576304632,-51.08096956639592,0.4712336430527139,0.31269986978539716,0.07823497687275732,3.505201922541843e-05,66.69269494106062,97.42838876714917,nan,0.9080570304231143,nan
339.99,224.1164093017578,-216.9551239013672,-51.07963180541992,223.9844885355116,-217.4078733166064,-51.08199318928331,0.4715831821642939,0.31274627470888455,0.07825640017714044,3.575686030678169e-05,66.51454261085259,97.33108694862565,nan,nan,nan
340.0,224.12477111816406,-216.94676208496094,-51.08059310913086,223.98858144817405,-217.4027160191199,-51.08415194802101,0.4758721273843195,0.3126852387795814,0.07824597367237039,3.503414956741888e-05,67.96009674601254,97.73912291563799,3.0235085328120164,0.9569792310223291,nan
340.01,224.1331329345703,-216.93841552734375,-51.08153533935547,223.99729033467412,-217.39483897744287,-51.08514982785745,0.47622331135096185,0.3127314515365152,0.07826738633685175,3.57384868097956e-05,67.78191526549791,98.53515599202689,nan,nan,nan
340.02,224.14149475097656,-216.9300537109375,-51.08245849609375,224.00599672338615,-217.38697194715627,-51.08662464986272,0.4766039728195626,0.31277774862403057,0.07828886191398757,3.503783023474696e-05,67.73361824214383,97.68360933728245,nan,0.1726919980210256,nan
340.03000000000003,224.1498565673828,-216.92169189453125,-51.08346939086914,224.01470585134788,-217.37909447920552,-51.087644754656196,0.4769698881210541,0.3128241302635656,0.07831040177003544,3.574254530511189e-05,67.548416304006,97.58950161870297,nan,nan,nan
340.04,224.15821838378906,-216.913330078125,-51.08456802368164,224.0234239181357,-217.37118381608076,-51.08710286579244,0.4772902877236885,0.3128705965221685,0.07833200487069485,3.504193494021829e-05,67.06660927209052,97.20162416295005,nan,1.9191448544477225,nan
340.05,224.1665802001953,-216.9049835205078,-51.08575439453125,224.08122220520087,-217.3951229279784,-51.08842616937369,0.4975236320476684,0.3128095120352332,0.07832153693134065,3.572503427798834e-05,69.04077308496586,101.03085773960385,32.43263301094911,nan,nan
340.06,224.17494201660156,-216.89662170410156,-51.0870246887207,224.09000109974946,-217.38732071173712,-51.09001792220499,0.4980054566938867,0.31285578587655666,0.07834312882661966,3.5025287838761124e-05,68.92276425887503,100.16489737672367,nan,0.0734405180589749,nan
340.07,224.1833038330078,-216.8882598876953,-51.088375091552734,224.09878156162205,-217.37951206408525,-51.09137560536152,0.49847940604519797,0.31290214421142754,0.07836478512328901,3.572988892541364e-05,68.74510887444275,100.09662482450318,nan,nan,nan
340.08,224.191650390625,-216.87989807128906,-51.089813232421875,224.1075693154338,-217.37167781557577,-51.09143974886901,0.49891841983610363,0.3129485871057664,0.07838650495373031,3.5030137056244834e-05,68.3931296832483,100.66204270455444,nan,1.33840842752765,nan
340.09000000000003,224.20001220703125,-216.87155151367188,-51.091331481933594,224.11634984851267,-217.36386890998529,-51.09295145550644,0.49937804643384537,0.31299511478299863,0.07840828943619524,3.573512159020777e-05,68.21363815251246,100.53394368948993,nan,nan,nan
340.1,224.2083740234375,-216.86318969726562,-51.09292984008789,224.09590238155482,-217.34790542324814,-51.094155062645555,0.497594922012729,0.312933981147291,0.07839777560672312,3.501419610876165e-05,69.73902986691863,98.9221571138693,12.540692552122191,0.22501163460835294,nan
340.11,224.21673583984375,-216.85482788085938,-51.09461212158203,224.1046268782787,-217.34009637491093,-51.095828693783844,0.498051614423823,0.3129803161526646,0.07841954821450645,3.571869148345141e-05,69.56673211449082,98.77495601584691,nan,nan,nan
340.12,224.22509765625,-216.84646606445312,-51.096370697021484,224.11335918035599,-217.33226188121472,-51.09609104972477,0.49848083291215206,0.31302673565737377,0.07844138463289609,3.5019693937682685e-05,69.35687363081088,98.66078860477259,nan,1.5697862015989807,nan
340.13,224.23345947265625,-216.83811950683594,-51.09820556640625,224.122083455638,-217.32445287168227,-51.097909859651814,0.4989236879244034,0.31307323988515406,0.07846328583553358,3.572457986158529e-05,69.18266058069405,99.42270017926484,nan,nan,nan
340.14,224.2418212890625,-216.8297576904297,-51.100120544433594,224.1308106861299,-217.31663436792311,-51.099232774612425,0.49937264761473704,0.3131198289011752,0.0784852511701702,3.502550067426494e-05,69.03240891880445,98.47076410689016,nan,0.2327200366891687,nan
340.15000000000003,224.25018310546875,-216.82139587402344,-51.10211181640625,224.11608227227035,-217.29100432778193,-51.10106418445359,0.4883812351418307,0.31305864567073755,0.07847468898013801,3.5708770290517865e-05,67.42062562697105,96.75940591415153,11.100968774928228,nan,nan
340.16,224.258544921875,-216.8130340576172,-51.10417938232422,224.12478205861626,-217.2831328235592,-51.10186051820436,0.48876449385997583,0.31310504175637777,0.07849664182711491,3.501043393945177e-05,67.37192860794015,96.75918820191332,nan,1.0978178401143917,nan
340.17,224.26690673828125,-216.8046875,-51.106319427490234,224.13347507267736,-217.2752811753044,-51.103967532000844,0.4891502305373323,0.3131515225041152,0.07851865959522482,3.5715224771799026e-05,67.1981047235024,97.53455681606891,nan,nan,nan
340.18,224.2752685546875,-216.79632568359375,-51.1085319519043,224.1421642351693,-217.2674401939486,-51.106844907389856,0.4895594834751825,0.3131980879795553,0.07854074175674565,3.5016768930588044e-05,66.95352213365747,96.5050818750909,nan,0.34116487597129874,nan
340.19,224.28363037109375,-216.7879638671875,-51.11077117919922,224.15085679146412,-217.25958876301712,-51.109084767820775,0.48996092680672293,0.3132447384060468,0.0785628890998316,3.572195002652387e-05,66.78107833599817,96.37766604675951,nan,nan,nan
340.2,224.2919921875,-216.77960205078125,-51.11300277709961,224.1643083032257,-217.25840539968058,-51.11345676437976,0.49553610093013184,0.3131835049660742,0.07855227441626708,3.5002200890685896e-05,67.75820310731842,96.86000971050383,2.2725526552571806,3.260208640180856,nan
340.21,224.30035400390625,-216.77125549316406,-51.11520767211914,224.1730028676873,-217.2505740009714,-51.11571007601379,0.49594838061292296,0.31322996219919896,0.0785744085772976,3.570689762613632e-05,67.58697140644244,97.59611714957661,nan,nan,nan
340.22,224.3087158203125,-216.7628936767578,-51.11737823486328,224.1816930252957,-217.2427534828066,-51.11872395284242,0.4963889955185698,0.31327650409889884,0.0785966073823836,3.50089872717353e-05,67.46328359844298,96.66031029458422,nan,0.44087708249382535,nan
340.23,224.3170623779297,-216.75453186035156,-51.119510650634766,224.1903871075554,-217.23492200887955,-51.12091945970006,0.4968131476421707,0.3133231308874183,0.07861887151341398,3.571407815727167e-05,67.29720044230703,97.37652750590046,nan,nan,nan
340.24,224.32542419433594,-216.74618530273438,-51.12160110473633,224.19907207097498,-217.22711348660442,-51.124810518675304,0.49725956748583333,0.31336984263176504,0.07864120060112777,3.501599089307914e-05,67.3642167799211,97.55358313817547,nan,2.1211375002919572,nan
340.25,224.3337860107422,-216.73782348632812,-51.12364959716797,224.19538088147837,-217.20687119401097,-51.12710957223122,0.48905388590267396,0.3133085585142758,0.07863053060683793,3.569945488955143e-05,65.83413098438155,95.60317762698773,7.133861648145379,nan,nan
340.26,224.34214782714844,-216.72946166992188,-51.12565994262695,224.20406331859076,-217.19900242149606,-51.128894660548035,0.48943468644191673,0.3133550767991427,0.07865284585522203,3.50020212133661e-05,65.62913788374142,95.39518679493459,nan,0.06952860889603428,nan
340.27,224.3505096435547,-216.72109985351562,-51.127628326416016,224.2127439338283,-217.1911377430418,-51.1309514238224,0.4898224692100187,0.3134016799095167,0.07867522657711486,3.5707019764022045e-05,65.47119548766472,95.31521509053857,nan,nan,nan
340.28000000000003,224.35887145996094,-216.71275329589844,-51.12956237792969,224.2214310757669,-217.18325794815922,-51.13168889510659,0.4901724279085381,0.3134483679140898,0.07869767249313116,3.5009382695246786e-05,65.119482086982,95.8200364487417,nan,1.1579605107978876,nan
340.29,224.3672332763672,-216.7043914794922,-51.13145446777344,224.2301116159645,-217.17539338587392,-51.13365690229595,0.49056089966959526,0.3134951410328112,0.07872018415113247,3.571477122932142e-05,64.95842004040976,94.9008860506506,nan,nan,nan
340.3,224.37557983398438,-216.69602966308594,-51.13330841064453,224.23054472784904,-217.16087577699037,-51.135734147972975,0.4869527449612792,0.31343380560541806,0.07870945494851088,3.499574986006716e-05,64.34500887849435,95.17692047966906,1.678718473597783,0.003378052283301943,nan
340.31,224.38394165039062,-216.68768310546875,-51.135128021240234,224.23921497935154,-217.15299475480282,-51.13763106001743,0.48730586444159074,0.3134803849936409,0.07873195204695745,3.570065238781035e-05,64.18115399028814,95.11182349965118,nan,nan,nan
340.32,224.39230346679688,-216.6793212890625,-51.13690948486328,224.24788177617648,-217.14512151727604,-51.14021562837777,0.4876867928398048,0.31352704921378066,0.07875451456765238,3.500340911549174e-05,64.1506367928124,94.2775424974291,nan,0.3691457024584015,nan
340.33,224.40066528320312,-216.67095947265625,-51.13865661621094,224.2565524253499,-217.1372405495411,-51.14204950957675,0.48805539663537845,0.3135737984836072,0.0787771429832903,3.5708703489402566e-05,63.99377006268451,94.14995830878617,nan,nan,nan
340.34000000000003,224.40902709960938,-216.66261291503906,-51.14036560058594,224.26522465167326,-217.12935647434307,-51.14353873036482,0.48840430274188235,0.31362063287486375,0.0787998371267258,3.5011214705096733e-05,63.78869644071946,94.9760541704085,nan,0.06802283790210682,nan
340.35,224.41738891601562,-216.6542510986328,-51.14204406738281,224.2849620078621,-217.13414243960983,-51.14531595986644,0.49783861885981373,0.3135592456469233,0.07878904564612538,3.5694866674431366e-05,65.50587802381396,95.05249175977,6.536033360774983,nan,nan
340.36,224.4257354736328,-216.64588928222656,-51.1436882019043,224.29364660483327,-217.12628910611525,-51.14621817279011,0.49823474467936213,0.3136058860341842,0.07881172453150125,3.4997968018652104e-05,65.22314564112547,95.66776902933248,nan,0.48443937978122087,nan
340.37,224.43409729003906,-216.63754272460938,-51.14529800415039,224.30232696934468,-217.11844362051144,-51.14790812353939,0.4986340359607807,0.31365261140566636,0.07883446946661535,3.570316267879004e-05,65.06373027319131,95.65511184726964,nan,nan,nan
340.38,224.4424591064453,-216.62918090820312,-51.14687728881836,224.31100653416476,-217.1105996834152,-51.14974723214245,0.4990511521482943,0.3136994218356953,0.07885728034648133,3.500600115107171e-05,64.94474105189674,94.67825738823564,nan,0.023055247594042746,nan
340.39,224.45082092285156,-216.62081909179688,-51.1484260559082,224.3196872016517,-217.10275411199623,-51.15137673890825,0.4994658377311158,0.31374631753836046,0.07888015755098544,3.571158116785002e-05,64.7900505386701,94.57572956404563,nan,nan,nan
340.40000000000003,224.4591827392578,-216.61245727539062,-51.14994430541992,224.3451903145834,-217.10953271837994,-51.1513706811167,0.5099806892950008,0.3136848778651158,0.07886930006064538,3.4992968843452025e-05,66.1166444502426,95.70548670050579,7.250076293354462,2.0064051706260533,nan
340.41,224.46754455566406,-216.60411071777344,-51.15142822265625,224.353891537935,-217.10172394283143,-51.152925596088714,0.5104293999357133,0.3137315792851221,0.07889216126048332,3.569805739525466e-05,65.95687884250096,96.55549206951909,nan,nan,nan
340.42,224.47589111328125,-216.5957489013672,-51.15288543701172,224.3625961169926,-217.09390959162286,-51.15376867075321,0.5108821875950446,0.3137783657000748,0.07891508861402101,3.500118376568227e-05,65.75403298196888,96.3387941376667,nan,0.3293364502074757,nan
340.43,224.4842529296875,-216.58738708496094,-51.15431594848633,224.37129745430477,-217.0861006382793,-51.15525949951902,0.5113462994594982,0.3138252373211592,0.078938082450494,3.570665841293388e-05,65.59632312962759,95.35216236817057,nan,nan,nan
340.44,224.49261474609375,-216.57904052734375,-51.15571594238281,224.3800031005428,-217.07828478062407,-51.15582412053797,0.5117872789056331,0.3138721942268777,0.07896114274066268,3.5009491915215826e-05,65.40799200553899,96.12495919089437,nan,0.5697167692910099,nan
340.45,224.5009765625,-216.5706787109375,-51.15708541870117,224.3796352709479,-217.06778695720723,-51.15726020529358,0.5117033790148907,0.31381070159520635,0.07895021599542372,3.5693307231655696e-05,65.82067091745137,95.08066704077179,0.950238764662079,nan,nan
340.46,224.50933837890625,-216.56231689453125,-51.15843200683594,224.388312392168,-217.05998824909761,-51.16022518526279,0.5121789551619238,0.3138574639376029,0.0789732595440734,3.4996687732265086e-05,65.75279867774185,94.9638044223074,nan,1.7283413008658732,nan
340.47,224.5177001953125,-216.55397033691406,-51.15974807739258,224.3969969706374,-217.05217859780805,-51.16161531150264,0.5126248396568442,0.31390431141869546,0.07899636973460296,3.5702049675252144e-05,65.59642036555279,95.8023703157659,nan,nan,nan
340.48,224.5260467529297,-216.5456085205078,-51.16103744506836,224.4056790733195,-217.04437267005414,-51.16352380700684,0.5130889174042886,0.3139512441201279,0.07901954657841145,3.500512706631171e-05,65.51532170349769,95.76068251456819,nan,0.20882618230841848,nan
340.49,224.53440856933594,-216.53724670410156,-51.16230392456055,224.41436369351848,-217.03656307290504,-51.16486879811562,0.5135505690206873,0.31399826224852884,0.07904279034397639,3.571086744728098e-05,65.36491346996283,94.7635391167919,nan,nan,nan
340.5,224.5427703857422,-216.5288848876953,-51.163543701171875,224.41681191942612,-217.02996139389492,-51.16545178218333,0.5166689859814007,0.3139367160056045,0.07903179072446204,3.499244780372717e-05,66.28726484114156,94.84139339469455,1.8605572134219357,0.33872680064496136,nan
340.51,224.55113220214844,-216.52053833007812,-51.16476058959961,224.42548144336203,-217.0221618556397,-51.16674073231206,0.5171249322413107,0.3139835392847658,0.07905501697518638,3.5697689387892686e-05,66.13320362845326,95.57236928551177,nan,nan,nan
340.52,224.5594940185547,-216.51217651367188,-51.165950775146484,224.43415505761405,-217.0143572645272,-51.16714801838398,0.5175874757475034,0.3140304477192003,0.07907831007191073,3.500098445295182e-05,65.9082221485671,94.63068047393953,nan,0.5202198557155431,nan
340.53000000000003,224.56785583496094,-216.50381469726562,-51.167118072509766,224.4428249013016,-217.00655750717465,-51.168382199128224,0.5180585539329041,0.31407744151222966,0.07910167025118925,3.570660474153665e-05,65.75610181787016,94.51723547611991,nan,nan,nan
340.54,224.5762176513672,-216.49545288085938,-51.16826248168945,224.45149135541806,-216.99876174773053,-51.17035344903887,0.5185372084207351,0.3141245207503161,0.07912509757224669,3.500957602687009e-05,65.68054336854829,94.48746254846384,nan,0.40720706922873395,nan
340.55,224.58456420898438,-216.4871063232422,-51.16938400268555,224.47728077226574,-216.98974083573728,-51.1714820863357,0.513960690034114,0.31406292036150874,0.07911402171915546,3.56935209402895e-05,63.4718180696212,95.97459287105893,9.663044876701461,nan,nan
340.56,224.59292602539062,-216.47874450683594,-51.17048645019531,224.48599370891216,-216.98191601216894,-51.17169308366736,0.5144098949775984,0.31410980446276093,0.07913743075284581,3.499701165125663e-05,63.233173452463376,93.96890472172865,nan,0.6549013965527061,nan
340.57,224.60128784179688,-216.4703826904297,-51.17156219482422,224.49470228155758,-216.9740957427208,-51.17283621980812,0.514867889695618,0.3141567738533679,0.07916090702951874,3.570250390424648e-05,63.08033631252874,93.96824785522452,nan,nan,nan
340.58,224.60964965820312,-216.46202087402344,-51.1726188659668,224.50341234209284,-216.96627399549388,-51.173615586809085,0.5153237538668645,0.31420382862319296,0.07918445063288301,3.500566597736483e-05,62.90684712518776,93.79701393600888,nan,0.0831566394721927,nan
340.59000000000003,224.61801147460938,-216.45367431640625,-51.17365264892578,224.512121074754,-216.95845368918677,-51.17471457238508,0.5157675054204753,0.31425096897057603,0.07920806176283143,3.5711528926450995e-05,62.7504298449412,94.63686793660833,nan,nan,nan
340.6,224.62637329101562,-216.4453125,-51.17466735839844,224.5108610368358,-216.95132144940123,-51.17589068442372,0.5190275852653804,0.3141893137784315,0.07919690612982495,3.499316391662945e-05,64.02375498745516,93.77380099336709,3.108565743579329,0.005862251703212649,nan
340.61,224.63473510742188,-216.43695068359375,-51.175662994384766,224.5195475381109,-216.94351287609243,-51.17695138185058,0.5194950345625033,0.31423625869619226,0.07922049817227163,3.569852022688811e-05,63.87330377098551,93.66231716341171,nan,nan,nan
340.62,224.64309692382812,-216.4285888671875,-51.1766357421875,224.5282277145435,-216.93570956279285,-51.17948081451007,0.519975412485485,0.3142832889265162,0.0792441577204318,3.500185668466714e-05,63.90410563906688,93.82324088001829,nan,1.5624461017802682,nan
340.63,224.65145874023438,-216.42022705078125,-51.177589416503906,224.53691408373183,-216.927900605358,-51.18051905829165,0.5204435600051877,0.31433040466430595,0.07926788495606601,3.570758393235948e-05,63.759524804333765,93.74211110532477,nan,nan,nan
340.64,224.65982055664062,-216.41188049316406,-51.178524017333984,224.5456017890423,-216.92009047061873,-51.18122390472252,0.5208940366793081,0.31437760600447306,0.07929167999011019,3.501057802060417e-05,63.570475998568625,94.47712073823128,nan,0.07020107194219133,nan
340.65000000000003,224.6681671142578,-216.4035186767578,-51.179443359375,224.55093748788255,-216.91546613078702,-51.18215790266848,0.525205054937943,0.3143158954545099,0.07928044115156455,3.569461607793504e-05,64.66389879332111,94.62317646755628,2.0307040127644456,nan,nan
340.66,224.67652893066406,-216.39515686035156,-51.18034362792969,224.55961538741607,-216.90766965068522,-51.1826177619077,0.5256836582353902,0.3143629010707822,0.07930421629236369,3.499811352968234e-05,64.45357070755459,93.65699849948143,nan,0.19141437891363103,nan
340.67,224.6848907470703,-216.3867950439453,-51.18132781982422,224.56829138459045,-216.89987457639825,-51.1836289518522,0.5261666211015689,0.31440999212361503,0.07932805928031668,3.570369731062521e-05,64.30268637885068,93.69758191886191,nan,nan,nan
340.68,224.69325256347656,-216.37843322753906,-51.182403564453125,224.6619275144372,-216.89116641596868,-51.184814157901265,0.5136948434384916,0.3087036120921285,0.07935130551441853,3.500629992003597e-05,76.88834215742482,106.22373448708016,nan,0.002454556089747856,1.2545723775519682
340.69,224.7016143798828,-216.3700714111328,-51.183563232421875,224.67064077518202,-216.88330830305244,-51.186002791985295,0.5141764511005427,0.3087458219743019,0.07937518983376705,3.571223377681202e-05,76.69195098993282,106.20412774339232,nan,nan,nan
340.7,224.70997619628906,-216.36172485351562,-51.184810638427734,224.66962152719893,-216.87234409934123,-51.18765863607205,0.5122193130051521,0.30868293001080227,0.07936389142422433,3.499387439068824e-05,77.19331419744607,106.76533323582619,1.512863712341377,0.08406536492675079,nan
340.71,224.7183380126953,-216.35336303710938,-51.18614196777344,224.67831449816316,-216.8644841356947,-51.18902384179321,0.5126938309873161,0.30872496849122755,0.07938775098364047,3.569929481848579e-05,76.99869277393941,105.83170253076368,nan,nan,nan
340.72,224.72669982910156,-216.34500122070312,-51.18755340576172,224.6870738420018,-216.85662121089192,-51.18922617460762,0.5131549779257921,0.30876708626635957,0.07941167242653081,3.500262973832098e-05,76.65064174195435,105.66352388775981,nan,1.0989994480633594,nan
340.73,224.7350616455078,-216.33663940429688,-51.189048767089844,224.6957669387338,-216.84876139589238,-51.19074734656208,0.5136301134361442,0.30880929147576847,0.0794356559143791,3.570841441591332e-05,76.4562821750742,105.5290311601689,nan,nan,nan
340.74,224.74342346191406,-216.32827758789062,-51.19062805175781,224.7044729284796,-216.8409009734673,-51.19210462380237,0.5141031606204526,0.3088515763994686,0.07945970157645031,3.5011396465424497e-05,76.24268574433532,105.354065236571,nan,0.04291015888754136,nan
340.75,224.7517852783203,-216.31991577148438,-51.192283630371094,224.70847178078967,-216.82900955891665,-51.19384840360987,0.510935408819713,0.30878873553214337,0.0794483216526171,3.5695481842013646e-05,75.71185056311731,105.15929903686475,0.7383450892004605,nan,nan
340.76,224.76014709472656,-216.31155395507812,-51.19402313232422,224.71715261510002,-216.8211396164414,-51.195783749550095,0.5113992288989292,0.3088308490187524,0.07947234200019722,3.499895854217618e-05,75.53659635360741,104.97468945788069,nan,0.02041008146224137,nan
340.77,224.7685089111328,-216.30320739746094,-51.19583511352539,224.72584209404965,-216.81326923238078,-51.197630801436,0.51184641956047,0.30887304962808587,0.0794964246115144,3.57045868537219e-05,75.33889249763808,105.93684002914821,nan,nan,nan
340.78000000000003,224.77687072753906,-216.2948455810547,-51.197731018066406,224.7346081881609,-216.80539628949435,-51.19803419601249,0.5122970232587756,0.3089153301669603,0.07952056962226824,3.500771248277849e-05,75.05633700436667,104.66892640326162,nan,1.636363803342902,nan
340.79,224.7852325439453,-216.28648376464844,-51.19969940185547,224.74329735253005,-216.7975257535415,-51.20002315389569,0.5127597678310846,0.308957697989646,0.07954477718453416,3.571369768965183e-05,74.86187080872652,104.71271258458547,nan,nan,nan
340.8,224.79359436035156,-216.2781219482422,-51.201744079589844,224.74538588679957,-216.78268503953132,-51.202765741626,0.506861927754266,0.30889489971641637,0.07953331299279574,3.499526971564216e-05,73.79911393234221,104.15269327916442,2.616674886725996,0.23207425565787973,nan
340.81,224.80194091796875,-216.26976013183594,-51.203861236572266,224.75407235772846,-216.77479592332972,-51.204915792220305,0.5073003664860137,0.3089370957906693,0.07955749466554136,3.5700734860362835e-05,73.60288266455065,104.94490378041989,nan,nan,nan
340.82,224.810302734375,-216.2613983154297,-51.206058502197266,224.7627506087276,-216.76690700640927,-51.207306296416654,0.5077418618746049,0.30897937200223136,0.07958173895848979,3.500399953240925e-05,73.421056384284,103.8483337473301,nan,0.019185176183806895,nan
340.83,224.81866455078125,-216.2530517578125,-51.20827865600586,224.77143680000276,-216.75901783904828,-51.20958576933056,0.5081671421392119,0.30902173519417697,0.07960604601969505,3.570982245316273e-05,73.225068325747,104.82194518512276,nan,nan,nan
340.84000000000003,224.8270263671875,-216.24468994140625,-51.21049118041992,224.78021816112104,-216.75112672350832,-51.209883870313234,0.5085957051004524,0.30906417893549115,0.07963041599075721,3.5012730659323636e-05,72.99269820035977,103.78348910096624,nan,2.801208948063334,nan
340.85,224.83538818359375,-216.236328125,-51.21268081665039,224.81143457765992,-216.74867555366853,-51.21225553796463,0.5129072467439428,0.3090014292747474,0.07961886477750212,3.569684622474187e-05,71.36533548242572,104.20994802393437,10.642282939253622,nan,nan
340.86,224.84375,-216.22796630859375,-51.2148323059082,224.82022240979262,-216.74078357849942,-51.21339424718015,0.5133587126243929,0.30904370120768015,0.0796432082695421,3.5000246725721725e-05,71.22284754738303,104.27027324837682,nan,0.8378129282771503,nan
340.87,224.85211181640625,-216.2196044921875,-51.216949462890625,224.82895918481134,-216.73289217948667,-51.215576119535925,0.5138114248969837,0.3090860598243985,0.07966761474390956,3.570590109036021e-05,71.02031280046295,104.03261172115849,nan,nan,nan
340.88,224.8604736328125,-216.2112579345703,-51.219024658203125,224.83765390566856,-216.7250010740141,-51.21863696295752,0.514249845483777,0.3091284991854457,0.07969208434427986,3.5008948741703256e-05,70.77163142542236,104.86640821268512,nan,0.5935094192006121,nan
340.89,224.8688201904297,-216.20289611816406,-51.2210578918457,224.84639069549613,-216.717109365478,-51.220750780243606,0.5147022831440041,0.3091710254004389,0.07971661721566725,3.571495421974363e-05,70.57217231197363,104.77110085281934,nan,nan,nan
340.90000000000003,224.87718200683594,-216.1945343017578,-51.223052978515625,224.85902876209119,-216.70462702125582,-51.223468605128076,0.5104158065000669,0.30910831703949093,0.07970497620219474,3.499644643826031e-05,68.77774102648522,103.49345744837925,7.289914492649528,0.49002078323140386,nan
340.91,224.8855438232422,-216.18617248535156,-51.22500991821289,224.8677866034078,-216.69671533924958,-51.22550898294493,0.5108518117695038,0.3091506711289897,0.07972948198743103,3.570192641627056e-05,68.58275815172081,103.30920818756518,nan,nan,nan
340.92,224.89390563964844,-216.1778106689453,-51.2269287109375,224.87657483800555,-216.68880372602212,-51.22681861060323,0.5112868795386455,0.30919310614759765,0.0797540511107211,3.5005112091038465e-05,68.37948135649981,103.1365809489873,nan,0.3384217040621135,nan
340.93,224.9022674560547,-216.16946411132812,-51.22880554199219,224.8853323484359,-216.68089219902333,-51.22877606815447,0.5117084009690915,0.3092356277359481,0.07977868371656338,3.5710944554045685e-05,68.17886140727026,104.06002244148162,nan,nan,nan
340.94,224.91062927246094,-216.16110229492188,-51.230648040771484,224.89404695032053,-216.67298045273049,-51.23168857690617,0.5121477370491371,0.30927823065448734,0.07980337994940848,3.5013774143986726e-05,68.01384658777874,102.9263881772125,nan,0.6940933280316416,nan
340.95,224.9189910888672,-216.15274047851562,-51.232452392578125,224.89102730404358,-216.65850758313238,-51.233579430074734,0.5065408251933816,0.3092155683121499,0.07979164634453781,3.569789408325297e-05,67.77388839492768,102.34720626884972,1.3424015212567235,nan,nan
340.96,224.92733764648438,-216.14437866210938,-51.234222412109375,224.89973902084603,-216.65058373822697,-51.23609640790845,0.5069603289061198,0.3092579990179999,0.07981631486820988,3.50012171083503e-05,67.64161176432401,103.11858876104957,nan,0.3054044691511294,nan
340.97,224.93569946289062,-216.1360321044922,-51.23595428466797,224.9084784344429,-216.64266019104718,-51.237927831634295,0.5073626881864265,0.30930051601843433,0.07984104708300213,3.570687129563249e-05,67.45172226843732,103.17009805181739,nan,nan,nan
340.98,224.94406127929688,-216.12767028808594,-51.23765182495117,224.91727361342166,-216.63473753678937,-51.23837132833186,0.5077748432482936,0.3093431145178622,0.07986584313267504,3.5009842948587176e-05,67.16316622856104,101.93732307490859,nan,1.2938081917529356,nan
340.99,224.95242309570312,-216.1193084716797,-51.23931884765625,224.92601265677,-216.62681415643377,-51.24012199625421,0.5081930503165278,0.30938579949395534,0.07989070316272656,3.571584370525032e-05,66.97255564719052,101.68337901820678,nan,nan,nan
341.0,224.96078491210938,-216.11094665527344,-51.24095153808594,224.9216757158665,-216.6148899773122,-51.24264562319897,0.505461443616226,0.3093231769501071,0.07987887416056486,3.4997262438493745e-05,67.61876369407165,101.3252351629478,2.716343325584049,0.38355909198328536,nan
341.01,224.96913146972656,-216.10260009765625,-51.242549896240234,224.93038791592687,-216.60696475310507,-51.24434058494098,0.505853709280721,0.30936568939404724,0.07990370584279594,3.5702733530881474e-05,67.42865274735385,103.12003719691806,nan,nan,nan
341.02,224.9774932861328,-216.09423828125,-51.244117736816406,224.93907506217158,-216.59903893661067,-51.24664178475538,0.506266760120486,0.30940828349406785,0.07992860156396128,3.5005847624161955e-05,67.32914602829027,101.19528928921734,nan,0.2867193828777019,nan
341.03000000000003,224.98585510253906,-216.08587646484375,-51.24565505981445,224.9477874150195,-216.59111375714212,-51.248281578374986,0.5066761973507639,0.30945096381049503,0.07995356147116575,3.5711667154703e-05,67.149019617431,101.06032935521158,nan,nan,nan
341.04,224.9942169189453,-216.0775146484375,-51.24715805053711,224.9565459978766,-216.58319012540173,-51.248694805359335,0.5070790351735609,0.3094937261710905,0.0799785857058408,3.5014427867146614e-05,66.83236743285596,100.90935406769331,nan,1.010410857583384,nan
341.05,225.00257873535156,-216.0691680908203,-51.248634338378906,224.96295527612733,-216.56895667067502,-51.25029166255133,0.501359541444554,0.3094311469680065,0.079966658491119,3.569853223747078e-05,65.48209912622244,101.36816065217396,3.0736294827666084,nan,nan
341.06,225.0109405517578,-216.06080627441406,-51.25008010864258,224.9716917754331,-216.5610124221465,-51.251382369103624,0.5017453064599716,0.30947373668078676,0.07999165372277968,3.500178947690238e-05,65.26219494142475,100.26333711158631,nan,0.14288848553836997,nan
341.07,225.019287109375,-216.0524444580078,-51.25149917602539,224.98041133857774,-216.55306730250302,-51.25289029882148,0.5021319480058918,0.3095164123599025,0.08001671334296075,3.5707423508270136e-05,65.07493872998461,100.96442770988916,nan,nan,nan
341.08,225.02764892578125,-216.04408264160156,-51.25288772583008,224.98900725185698,-216.54511715857723,-51.25773576732008,0.5025457886312414,0.309559170222711,0.08004183749083052,3.501033264595628e-05,65.50127823599423,100.6638648034304,nan,7.991486435554731,nan
341.09000000000003,225.0360107421875,-216.03573608398438,-51.254249572753906,224.99772700732944,-216.53717187294043,-51.25922257529099,0.5029197009015461,0.3096020142473639,0.08006702631679158,3.571630992284004e-05,65.32829189233973,101.49438080116066,nan,nan,nan
341.1,225.04437255859375,-216.02737426757812,-51.255584716796875,225.01394960642065,-216.5298105406025,-51.26037843142457,0.5033793243365228,0.3095394731365461,0.08005499805765783,3.49976712536943e-05,64.46801569616369,100.58867917653541,2.698475467770536,0.1453758336407111,nan
341.11,225.052734375,-216.01901245117188,-51.256893157958984,225.0226886439028,-216.52186051550956,-51.26181137571493,0.5037689059789376,0.30958214419360935,0.08008015721115745,3.5703115923228265e-05,64.29883554793564,100.47528599119264,nan,nan,nan
341.12,225.06109619140625,-216.01065063476562,-51.258174896240234,225.03149986903838,-216.5139140967522,-51.26116490188842,0.5041418397655364,0.30962489756158007,0.08010538108894386,3.5006174710497876e-05,63.687033040741824,99.94841637242087,nan,2.9784472803924538,nan
341.13,225.06944274902344,-216.00228881835938,-51.259429931640625,225.04023942463218,-216.50596393613904,-51.26252750991226,0.5045305277354475,0.3096677368572805,0.08013066984412956,3.571196495578306e-05,63.50905683723211,100.79568590455195,nan,nan,nan
341.14,225.0778045654297,-215.9939422607422,-51.26066207885742,225.04896371525956,-216.49801278708057,-51.26431635558872,0.5049081539250653,0.30971065883815296,0.08015602361193873,3.501467418682645e-05,63.42900059198997,100.8076575626966,nan,0.1430547642727439,nan
341.15000000000003,225.08616638183594,-215.98558044433594,-51.26186752319336,225.06486978913537,-216.4944036745585,-51.2657444985105,0.5092834725498016,0.30964815832548387,0.08014389147947179,3.5698748716635954e-05,63.610712192703886,100.20454541412283,1.0683175461168162,nan,nan
341.16,225.0945281982422,-215.9772186279297,-51.2630500793457,225.0736234920297,-216.48646201413035,-51.26693559592316,0.5096870906448628,0.3096909071945586,0.08016921488874167,3.500195841306516e-05,63.43323488424177,100.04192131047061,nan,0.008045830225478284,nan
341.17,225.10289001464844,-215.96885681152344,-51.26420974731445,225.0823737555879,-216.47851987466757,-51.26820945834223,0.5100915138557041,0.3097337417677227,0.080194603371394,3.5707558247874585e-05,63.26251374486308,99.91485083561625,nan,nan,nan
341.18,225.1112518310547,-215.9604949951172,-51.26534652709961,225.09111085361175,-216.4705765467088,-51.26986887142205,0.5104990693866474,0.3097766591353779,0.08022005705968134,3.501042386152709e-05,63.211566302499676,99.91362693714186,nan,0.11747284568575628,nan
341.19,225.11961364746094,-215.9521484375,-51.26646041870117,225.09986115483477,-216.46263386456388,-51.27110230383418,0.5108885194512897,0.3098196624164961,0.0802455761110505,3.571636472912404e-05,63.04032756435748,100.79922641835944,nan,nan,nan
341.2,225.12796020507812,-215.94378662109375,-51.26755142211914,225.1392625077287,-216.47197293326786,-51.27109032992977,0.5283190762047,0.3097571980926056,0.08023333725108987,3.499768893711626e-05,63.25707772574166,101.97041956387454,9.618154469771012,1.2539988641595972,nan
341.21,225.13632202148438,-215.9354248046875,-51.268619537353516,225.1480596299907,-216.4640621445495,-51.27227012261589,0.5287802334832299,0.3098000279427713,0.08025882524450603,3.5703095342775796e-05,63.08734467824133,100.93154833191028,nan,nan,nan
341.22,225.14462280273438,-215.92706298828125,-51.26966857910156,225.15684011502486,-216.456152495011,-51.272967612045065,0.5292408265331507,0.3098429406845725,0.08028437863309952,3.500611875588631e-05,62.83668401545396,100.60668824480017,nan,0.15048325079018,nan
341.23,225.15281677246094,-215.918701171875,-51.270694732666016,225.16551934745857,-216.44824176039737,-51.274102241674306,0.5297038808823527,0.30988593913208845,0.08030999757740499,3.5711868925881684e-05,62.66070528698817,100.19370638773027,nan,nan,nan
341.24,225.16085815429688,-215.91033935546875,-51.27170181274414,225.1740760144353,-216.4403312652564,-51.275150490900266,0.5301679258951949,0.30992902083176194,0.08033568220517434,3.501454689647234e-05,62.482217755777874,100.97523451712362,nan,0.0031549175427220562,nan
341.25,225.16876220703125,-215.90199279785156,-51.27268981933594,225.19401052560056,-216.44429531046242,-51.27617138743236,0.5429011089425396,0.3098665943121204,0.08032333378332314,3.5698582399803544e-05,63.90238111635865,102.11623951558504,5.0149324933474695,nan,nan
341.26,225.176513671875,-215.8936309814453,-51.27365493774414,225.20221765349095,-216.43640808651188,-51.27946033410299,0.5434163993497387,0.309909502408876,0.08034898663741874,3.500176487241163e-05,64.33503411064947,101.90756037514203,nan,3.460939646954147,nan
341.27,225.18411254882812,-215.88526916503906,-51.27460479736328,225.21033833054847,-216.42852588062152,-51.280539003178966,0.5439217457051577,0.30995249601371794,0.08037470523643968,3.5707321727302625e-05,64.1678186385641,101.78835145377073,nan,nan,nan
341.28000000000003,225.1915740966797,-215.8769073486328,-51.27553176879883,225.21829026624206,-216.42064108969478,-51.28225520460665,0.5444312072928897,0.30999557295056845,0.08040048970505875,3.501016417973054e-05,64.28401766516129,101.36449292042306,nan,0.30336795181429765,nan
341.29,225.19886779785156,-215.86854553222656,-51.27644348144531,225.22611205425068,-216.41275721376996,-51.28330453051772,0.5449363979671498,0.31003873561837225,0.0804263402083047,3.5716060805988874e-05,64.1200962103395,102.40488654895636,nan,nan,nan
341.3,225.20602416992188,-215.8601837158203,-51.27733612060547,225.24614665735874,-216.40053521047645,-51.28514375064951,0.5418952951098078,0.30997634319859285,0.0804138793534112,3.499736860117117e-05,62.05361412334346,102.4904329543291,12.471947095042228,0.46020575587261153,nan
341.31,225.21304321289062,-215.851806640625,-51.2782096862793,225.25371933534257,-216.39262484066302,-51.286166655396336,0.5424040798036243,0.3100193319450346,0.08043969735452931,3.570272982491678e-05,61.89853673807846,101.15736249010561,nan,nan,nan
341.32,225.2199249267578,-215.84344482421875,-51.27906799316406,225.26114075620208,-216.3847123622114,-51.28756096891328,0.542900932876771,0.3100624040918196,0.08046558140801952,3.50057379492125e-05,61.99626708554185,102.08663402372775,nan,0.10637773772572229,nan
341.33,225.22666931152344,-215.8350830078125,-51.2799072265625,225.2684342770965,-216.37679985482845,-51.28855468574787,0.5433932583687271,0.3101055617869433,0.08049153168188602,3.5711442005726166e-05,61.84059070204381,102.1241211263254,nan,nan,nan
341.34000000000003,225.23342895507812,-215.8267059326172,-51.28083801269531,225.2756827656234,-216.3688875990192,-51.289066762238434,0.5438879077595774,0.3101488032299304,0.08051754829646011,3.501410855310808e-05,61.503507811579205,101.14924398331206,nan,0.1899415662151134,nan
341.35,225.24020385742188,-215.81834411621094,-51.28185272216797,225.24922697914678,-216.34848971268715,-51.29021258929429,0.5302882777953479,0.31008644577829225,0.08050497217519746,3.569810013945321e-05,62.443777169701306,101.13821596481218,12.975281839614926,nan,nan
341.36,225.24700927734375,-215.80996704101562,-51.282958984375,225.2564001737926,-216.3405550950454,-51.292930149352856,0.5307648218808731,0.310129513101597,0.08053095554348498,3.500127485473635e-05,63.15149483141785,100.19970596487946,nan,1.61638430053717,nan
341.37,225.2538299560547,-215.8015899658203,-51.284149169921875,225.26363097849526,-216.33262378001166,-51.29423734809266,0.5312200515740113,0.3101726657999455,0.08055700531443206,3.5706784337094256e-05,62.98560977038403,100.46777124623556,nan,nan,nan
341.38,225.2606658935547,-215.79322814941406,-51.28542709350586,225.27084202413516,-216.32468615110224,-51.29724398208105,0.5316867499266669,0.3102159022984472,0.08058312160557624,3.5009622699109036e-05,63.94467300166236,102.69655894474198,nan,1.835826647260405,nan
341.39,225.2675323486328,-215.78485107421875,-51.28678512573242,225.2781112915403,-216.3167523130845,-51.298739415040565,0.5321407210248196,0.3102592244074152,0.08060930458900266,3.5715471461942924e-05,63.78291938889623,101.06827184018533,nan,nan,nan
341.40000000000003,225.27439880371094,-215.77647399902344,-51.28822708129883,225.25939056104227,-216.30452779385973,-51.300142878534686,0.5284014040601908,0.3101968987960374,0.0805966103196123,3.499678162721235e-05,65.76817876241266,101.44985618570887,14.140833418660463,0.005440010977172163,nan
341.41,225.2812957763672,-215.76809692382812,-51.28975296020508,225.26663829521743,-216.29659860845518,-51.301803561540936,0.5288422159773659,0.31024004646708997,0.08062275930025853,3.570209477259577e-05,65.60546667504555,100.63356916760033,nan,nan,nan
341.42,225.28822326660156,-215.7597198486328,-51.291358947753906,225.27393394606145,-216.28867260474175,-51.30224542331226,0.5292577049291016,0.3102832779800703,0.0806489749773079,3.50051056723776e-05,64.75211258476804,99.19131484910375,nan,1.1954836820497186,nan
341.43,225.29515075683594,-215.7513427734375,-51.29304504394531,225.2812182494162,-216.28074143488294,-51.304057477780944,0.5296964519441391,0.31032659494381715,0.08067525752540172,3.571076141604543e-05,64.58896506729964,100.18413835881012,nan,nan,nan
341.44,225.30209350585938,-215.74295043945312,-51.2948112487793,225.2885443812473,-216.27281305812582,-51.30487339252691,0.5301313235239327,0.3103699960851876,0.0807016070583433,3.501343404453154e-05,63.91448205089535,98.73505151599687,nan,0.8184000929985749,nan
341.45,225.30906677246094,-215.7345733642578,-51.29665756225586,225.2970667223746,-216.2650309577428,-51.30671409252107,0.5306886031270392,0.31030770256951085,0.08068879181397723,3.569738025549553e-05,63.73111643396009,98.8452305793596,0.6996492574473114,nan,nan
341.46,225.31605529785156,-215.7261962890625,-51.29857635498047,225.3044287074529,-216.25709999093587,-51.30774223368988,0.531110093671418,0.3103509290500851,0.08071510657271974,3.500056408882805e-05,63.12638537662147,98.58530711575153,nan,0.7206003209997398,nan
341.47,225.32305908203125,-215.71780395507812,-51.300575256347656,225.3117862916183,-216.24916472955672,-51.30984833132418,0.5315612273084938,0.31039424082996764,0.08074148837778657,3.570602527483416e-05,62.965738141555704,97.52589263047874,nan,nan,nan
341.48,225.330078125,-215.7094268798828,-51.302650451660156,225.31918237967204,-216.24123210383144,-51.31097764039836,0.5319820067987064,0.3104376368148513,0.08076793734070487,3.5008875787005065e-05,62.36611602302766,98.07602483625965,nan,0.783846853517278,nan
341.49,225.3371124267578,-215.7010498046875,-51.3047981262207,225.32657367355137,-216.23329503171556,-51.313226671479065,0.5324162726555848,0.3104811183457257,0.08079445363944478,3.571467635228283e-05,62.202477062104286,98.1610780104352,nan,nan,nan
341.5,225.3441619873047,-215.69265747070312,-51.306976318359375,225.3064605862148,-216.209258887158,-51.31514380817327,0.518039696371991,0.31041885425656046,0.080781514534717,3.499600444838196e-05,61.54922168917099,95.9050517563605,7.550586182246621,0.12364592403766163,nan
341.51,225.3512420654297,-215.68426513671875,-51.30915069580078,225.31384353011677,-216.2012900041105,-51.31745668582515,0.5184422372987011,0.3104621608077429,0.08080799527578376,3.570126972373188e-05,61.40839464757119,94.94326607237625,nan,nan,nan
341.52,225.3583221435547,-215.67588806152344,-51.31129837036133,225.32124255484527,-216.19332054138394,-51.319755064962855,0.5188282787175663,0.31050555210155006,0.08083454336215286,3.642083813478057e-05,61.26758456403259,96.82985724578026,nan,nan,nan
341.53000000000003,225.3654327392578,-215.66749572753906,-51.31341552734375,225.32865751781554,-216.18535056436767,-51.32202541409224,0.5192303718858617,0.3105490282824821,0.08086115893832449,3.715485418172805e-05,61.13242226289006,94.82494646117948,nan,nan,nan
341.54,225.37254333496094,-215.6591033935547,-51.31549072265625,225.33605094684967,-216.1773728208401,-51.326284216122,0.5196646929992587,0.3105925889719969,0.0808878421292968,3.6371670963113934e-05,62.17206868066327,96.94768100972004,nan,2.671478578004995,nan
341.55,225.37966918945312,-215.65072631835938,-51.317527770996094,225.34526353414134,-216.1680721960488,-51.32850400801309,0.5186048438442562,0.31053035407351887,0.0808747763484725,3.708058132333024e-05,61.71039551557294,97.88468731029734,0.43811997048806456,nan,nan
341.56,225.38682556152344,-215.642333984375,-51.31953048706055,225.35275178588665,-216.16009875062448,-51.329594403590974,0.5189823289587624,0.3105737395416094,0.08090142318433526,3.630112510168035e-05,61.08521318655343,95.29242275692228,nan,0.7788841007603461,nan
341.57,225.39398193359375,-215.63394165039062,-51.32148742675781,225.3602357290952,-216.15212073066374,-51.33172572827429,0.5193776933684112,0.3106172103195534,0.08092813769736959,3.703155410872505e-05,60.958216343666,96.24353054756966,nan,nan,nan
341.58,225.4011688232422,-215.62554931640625,-51.32341003417969,225.3677403806229,-216.14414324572272,-51.333492162348925,0.5197679997924688,0.3106607656186616,0.08095491999198537,3.6254772495895806e-05,60.76568277954298,95.11863529299937,nan,0.07017905002478479,nan
341.59000000000003,225.40835571289062,-215.61715698242188,-51.32529067993164,225.37525452486798,-216.13616379962468,-51.335544834431964,0.5201623906397073,0.3107044064807358,0.08098177025304283,3.698397877331346e-05,60.63795410234025,96.02030104647905,nan,nan,nan
341.6,225.4155731201172,-215.6087646484375,-51.3271369934082,225.3841372049921,-216.12573196431777,-51.336359522505084,0.5180043218846155,0.3106421984286913,0.08096857491316825,3.618728823243502e-05,59.4557528400204,94.38996381249521,0.8323727978869885,0.9077522056855972,nan
341.61,225.42279052734375,-215.6003875732422,-51.32894515991211,225.39168825827608,-216.1177421776033,-51.33832746805979,0.5183735771632112,0.3106856637449922,0.08099538800968535,3.691442697356575e-05,59.32003189757779,96.18268262065855,nan,nan,nan
341.62,225.43002319335938,-215.5919952392578,-51.330718994140625,225.39924937676457,-216.10975087630663,-51.34053060631052,0.5187621759698893,0.3107292135857484,0.08102226905136592,3.614380791409493e-05,59.432576529915664,95.21985767769009,nan,0.048393807456473224,nan
341.63,225.43727111816406,-215.58360290527344,-51.332454681396484,225.40682903444858,-216.10175995665398,-51.34243118459285,0.5191463964743899,0.31077284886106826,0.08104921822408104,3.686986781422011e-05,59.302755338535164,95.14371344092093,nan,nan,nan
341.64,225.4445343017578,-215.5751953125,-51.33415985107422,225.41441013908334,-216.093765432204,-51.34511978738546,0.5195599623052323,0.31081656897978915,0.08107623563076923,3.61017505748875e-05,59.76830736080335,94.46016257097013,nan,0.44795881836975054,nan
341.65000000000003,225.45181274414062,-215.56680297851562,-51.3358268737793,225.40279665829829,-216.09366253613223,-51.34707044466334,0.5292541809088439,0.3107543872128568,0.08106290793377828,3.6803547021515134e-05,63.598270841651605,95.75890086428231,28.13006194547861,nan,nan
341.66,225.4591064453125,-215.55841064453125,-51.33746337890625,225.41032404968593,-216.0857014016197,-51.35105588378194,0.5297169251805868,0.3107979315221892,0.08108988735351652,3.6038835542663164e-05,65.12824346717748,97.19997450122425,nan,3.1455490582101846,nan
341.67,225.46641540527344,-215.55001831054688,-51.33906555175781,225.41789686143048,-216.0777477996395,-51.352856431525666,0.5301345594463465,0.3108415611444814,0.08111693506544364,3.676202276039724e-05,65.01396646068112,97.0615200922665,nan,nan,nan
341.68,225.47372436523438,-215.5416259765625,-51.34063720703125,225.45981396051405,-216.04418770644844,-51.35422736039669,0.5029378529937153,0.30993754835226106,0.08061656933180285,3.599877269054393e-05,76.25274345234632,109.03125777607141,nan,0.12448944707448567,1.2431769139828588
341.69,225.48106384277344,-215.53323364257812,-51.34217834472656,225.4674473886183,-216.03616882913673,-51.355962054577226,0.5033082558032824,0.30997948331968833,0.08064109840300146,3.672105231935214e-05,76.08771523212903,108.02070310285475,nan,nan,nan
341.7,225.4884033203125,-215.5248260498047,-51.343685150146484,225.474527215695,-216.02855031090883,-51.357170576260096,0.5040957589801096,0.3099147416292726,0.08062914788727357,3.593897236878517e-05,76.09502660803336,107.64458686868647,0.07989440067465946,0.16511105264241024,nan
341.71,225.49575805664062,-215.5164337158203,-51.34516525268555,225.4821839707268,-216.02053248879042,-51.358840557595215,0.5044668895802171,0.3099565056458341,0.08065364871349553,3.6659525260704244e-05,75.92741707845316,108.3348743320554,nan,nan,nan
341.72,225.5031280517578,-215.50804138183594,-51.346614837646484,225.48983708924007,-216.01252058221456,-51.36091100536112,0.50485670611633,0.30999835075105947,0.0806782111760775,3.590276358268616e-05,76.31035625465324,108.69410459603186,nan,0.12352806630932549,nan
341.73,225.51051330566406,-215.4996337890625,-51.3480339050293,225.49751915150637,-216.0045016422357,-51.36252839584232,0.5052429984412729,0.31004028141676376,0.08070283608889199,3.662255537617637e-05,76.15084268695233,107.55755025607485,nan,nan,nan
341.74,225.51791381835938,-215.49124145507812,-51.34942626953125,225.50523915836035,-215.99647200140842,-51.36343064787353,0.5055834991018334,0.31008229357344524,0.08072752293934038,3.5867977001022884e-05,75.67494235847484,107.95278722275565,nan,0.31765263737483507,nan
341.75,225.5253143310547,-215.48284912109375,-51.350791931152344,225.53024007038684,-215.99933738933214,-51.36507732100643,0.5167092668988462,0.3100176272254983,0.08071548615153036,3.65641919197327e-05,76.3351530653432,109.39369649270006,3.5914654277369333,nan,nan
341.76,225.53273010253906,-215.4744415283203,-51.35212707519531,225.53801577543746,-215.991325720302,-51.3656706984122,0.5170886152183133,0.3100594683982452,0.08074014421320529,3.581266454319852e-05,75.67335649877192,107.73902904644008,nan,0.5932110780896487,nan
341.77,225.5401611328125,-215.46604919433594,-51.35343933105469,225.54576949669973,-215.9833272381271,-51.36716713162606,0.5174905611143253,0.3101013948631738,0.08076486491890521,3.6530202224610786e-05,75.50426758220559,108.34553890236728,nan,nan,nan
341.78000000000003,225.547607421875,-215.4576416015625,-51.3547248840332,225.55358046691364,-215.97531028506944,-51.367348262178034,0.517857019674958,0.31014340298594045,0.08078964781056305,3.5780728197888585e-05,74.59788774041395,106.36472095200017,nan,1.1231467687791372,nan
341.79,225.55506896972656,-215.44924926757812,-51.35598373413086,225.5613578207004,-215.96731137817213,-51.368781788470116,0.5182583238835182,0.3101854965852884,0.08081449362356247,3.6497668031460295e-05,74.42756322149324,107.07008752928583,nan,nan,nan
341.8,225.56253051757812,-215.4408416748047,-51.357215881347656,225.5765849419887,-215.96670835863245,-51.37068618495916,0.5262268950603928,0.31012090053613667,0.08080236723524876,3.572836843345783e-05,75.95400259325889,107.75925571377134,2.377997071502422,0.21698027704892686,nan
341.81,225.56996154785156,-215.4324493408203,-51.35842514038086,225.58436927510752,-215.95872786199206,-51.37207544329177,0.5266526324067532,0.310162822892895,0.08082718366850337,3.644386985793459e-05,75.78139114705246,108.75600908016514,nan,nan,nan
341.82,225.5773162841797,-215.42404174804688,-51.35961151123047,225.5921538741774,-215.95072364163215,-51.37171786267755,0.5270299183660007,0.31020482705678953,0.08085206253119703,3.569921826895683e-05,74.56906696389667,106.05240701094364,nan,2.0138192788501144,nan
341.83,225.5845489501953,-215.4156494140625,-51.36077117919922,225.5997795312873,-215.942742188256,-51.37304349219138,0.5274555648332693,0.31024691645319313,0.08087700450741492,3.641422748017801e-05,74.38777599536654,107.32198417235219,nan,nan,nan
341.84000000000003,225.59165954589844,-215.40724182128906,-51.36191177368164,225.60731517768167,-215.93474692861776,-51.37334772155382,0.5278612677286746,0.31028908803831046,0.08090200921308256,3.5671425184289453e-05,73.71069013063668,105.32602181052268,nan,0.6779894858380653,nan
341.85,225.5986328125,-215.39883422851562,-51.3630256652832,225.6087595962517,-215.92327697051573,-51.37471176405361,0.5246706645984828,0.3102245646917095,0.08088979107575012,3.63634026469746e-05,73.5857703969878,105.37920698521437,0.7271525694471406,nan,nan
341.86,225.60546875,-215.39044189453125,-51.36412048339844,225.61599022871272,-215.91528668841252,-51.37592381813619,0.5250829247742761,0.31026656496428556,0.08091476582292428,3.562329219672406e-05,73.52903828405142,106.48207760755088,nan,0.0010790788616462104,nan
341.87,225.6121826171875,-215.3820343017578,-51.36519241333008,225.62308512082367,-215.90729611801953,-51.37715431649531,0.5255111105727738,0.3103086502402181,0.08093980387371251,3.633656547186326e-05,73.34985210253367,104.80262470397028,nan,nan,nan
341.88,225.61874389648438,-215.37362670898438,-51.366241455078125,225.63001376940267,-215.8993183243901,-51.37943875143268,0.5259779968539932,0.3103508178297065,0.0809649048920088,3.559817370116781e-05,74.0961132834076,106.7861813597137,nan,0.7874835624806003,nan
341.89,225.62518310546875,-215.36521911621094,-51.367271423339844,225.6368439917892,-215.89132610072448,-51.3806392996403,0.5264059607759964,0.31039307062673466,0.0809900694925407,3.631109016706307e-05,73.91777988758878,106.24264782484477,nan,nan,nan
341.90000000000003,225.63150024414062,-215.3568115234375,-51.36827850341797,225.66369034764975,-215.8868773993031,-51.38357650903851,0.5312627076099571,0.3103286158400647,0.0809777563717071,3.5552769943700946e-05,73.79239519245971,108.08287755459341,10.57442956553213,2.3121505694825175,nan
341.91,225.6376953125,-215.34840393066406,-51.36927032470703,225.67031375819428,-215.87887644593218,-51.384754823174255,0.5316999361925613,0.31037069706986636,0.08100289039229906,3.626448694811616e-05,73.6144636605516,107.76925434084556,nan,nan,nan
341.92,225.6437530517578,-215.33999633789062,-51.3702392578125,225.67689894362059,-215.8708380465491,-51.382935089831186,0.5320270237022463,0.31041286072241153,0.08102808761358608,3.553022907620065e-05,71.33060810937195,106.50244128721901,nan,6.077563235134725,nan
341.93,225.6497039794922,-215.3315887451172,-51.37118911743164,225.6832764132596,-215.86283401507103,-51.38404647124717,0.5324602865045762,0.31045510937474596,0.08105334860568954,3.62416766631928e-05,71.14863345258999,105.67643718672645,nan,nan,nan
341.94,225.65553283691406,-215.32318115234375,-51.37211990356445,225.68954870916247,-215.8548224281876,-51.384625158184974,0.5328751327832897,0.3104974408130172,0.08107867309712193,3.5508937073882716e-05,70.78420390524822,105.65735645635614,nan,0.18166753313186526,nan
341.95,225.66123962402344,-215.31475830078125,-51.37303161621094,225.6753892800116,-215.8397189041242,-51.38572801240338,0.5253047175716677,0.31043305602048055,0.08106626269895917,3.619777700308098e-05,71.5431867292694,104.3818865786703,5.4940075327625,nan,nan
341.96,225.6668243408203,-215.3063507080078,-51.373924255371094,225.68142075978255,-215.8316847388216,-51.385073492361435,0.5256550245769962,0.31047521578752557,0.08109155599773454,3.546738184513776e-05,70.38740191135302,104.86898454875634,nan,2.006326130874037,nan
341.97,225.6723175048828,-215.2979278564453,-51.37480163574219,225.68729340852644,-215.8236684746414,-51.38609370917014,0.5260750766130807,0.3105174603595976,0.08111691325383796,3.617751868997713e-05,70.20650030967408,102.71850390185257,nan,nan,nan
341.98,225.6776885986328,-215.2895050048828,-51.37565994262695,225.6930977062984,-215.81563245173413,-51.38550592561988,0.5264451294393696,0.3105597878052492,0.08114233423701535,3.544851683089423e-05,69.21436162188704,102.65642694167721,nan,1.7422815713599933,nan
341.99,225.68295288085938,-215.28109741210938,-51.376502990722656,225.69875220483155,-215.807612454883,-51.38647737153963,0.5268464645203441,0.31060220027750146,0.0811678194575271,3.615849362242028e-05,69.02490765651297,103.59570565665481,nan,nan,nan
342.0,225.68812561035156,-215.27267456054688,-51.37732696533203,225.69777369688273,-215.80291407378627,-51.3874721717119,0.530424313344093,0.3105378820524757,0.08115530863197656,3.5409408433180823e-05,70.8074535798516,102.16497985557947,5.808904984674307,0.0008182899479058664,nan
342.01,225.69317626953125,-215.2642364501953,-51.378135681152344,225.70319233811495,-215.79490751925138,-51.38841248711941,0.5308650656276691,0.31058012260080203,0.08118076200888935,3.6118378991303864e-05,70.6281559897843,102.21097282568613,nan,nan,nan
342.02,225.69813537597656,-215.2558135986328,-51.378929138183594,225.7085439606533,-215.78688395101568,-51.38792214066027,0.5312484653235086,0.3106224460966565,0.0812062793357865,3.539285435111279e-05,69.78975500643482,102.0169114803677,nan,1.382577668054685,nan
342.03000000000003,225.7030029296875,-215.2473907470703,-51.37970733642578,225.71376099962873,-215.77887333583232,-51.38881795312403,0.5316695228830063,0.31066485444283337,0.08123186108502899,3.6101735542987024e-05,69.60536313126799,101.62703728716265,nan,nan,nan
342.04,225.707763671875,-215.23895263671875,-51.38046646118164,225.71888759810778,-215.77085740359374,-51.38939241150663,0.5320959456229405,0.3107073460837732,0.0812575070814796,3.53774153063761e-05,69.36235274127974,101.19758097944231,nan,0.06497818187295938,nan
342.05,225.71243286132812,-215.23052978515625,-51.3812141418457,225.6976200457622,-215.75106367022974,-51.390107921083136,0.5208205490606301,0.3106430950756644,0.08124489341199145,3.606401048257113e-05,69.58520092189518,101.06253990114048,7.947544372071479,nan,nan
342.06,225.71714782714844,-215.2220916748047,-51.382049560546875,225.7026064820236,-215.74301482674775,-51.389520785873,0.521179623696295,0.31068541465751875,0.08127050691924664,3.534171115435632e-05,68.78557885999459,99.49077422852355,nan,1.5299416017211944,nan
342.07,225.72190856933594,-215.21365356445312,-51.38297653198242,225.70760381632277,-215.73497876780417,-51.39049635622498,0.521575633407476,0.3107278189244612,0.08129618503175941,3.604962188317875e-05,68.58884148277144,99.42960006145348,nan,nan,nan
342.08,225.72671508789062,-215.20521545410156,-51.38399124145508,225.71267325097458,-215.72692861152646,-51.390325721664354,0.5219405305719754,0.31077030654149157,0.0813219276090166,3.532841178934922e-05,67.97004314616234,98.93098017270917,nan,1.0584616857122322,nan
342.09000000000003,225.73155212402344,-215.19677734375,-51.385093688964844,225.71775934214386,-215.71888868506755,-51.39146768207775,0.5223323858929262,0.3108128790801561,0.08134773507292874,3.603631903567678e-05,67.77378040646353,99.63339631187534,nan,nan,nan
342.1,225.7364501953125,-215.18833923339844,-51.38628005981445,225.74867836587686,-215.72142333010524,-51.393283995564644,0.5332703230379974,0.31074869241735287,0.08133501548408904,3.529484311349947e-05,67.42124793222817,99.76023258903811,7.220806907796819,0.24505287105827636,nan
342.11,225.7413787841797,-215.1798858642578,-51.38755416870117,225.75389836362882,-215.7133932319987,-51.39460644468512,0.5337008393285101,0.3107910926442136,0.08136078977930723,3.600189644714964e-05,67.22891145393424,99.41192126529403,nan,nan,nan
342.12,225.74635314941406,-215.17144775390625,-51.388912200927734,225.75914652560638,-215.70536774432128,-51.39670781287163,0.5341301322756121,0.3108335762647194,0.08138662875205951,3.528355904045402e-05,67.38240158451576,100.54583151973868,nan,0.33361077965867764,nan
342.13,225.75137329101562,-215.16299438476562,-51.390350341796875,225.76445096104484,-215.69733420623402,-51.39820790428672,0.5345575848760815,0.3108761446572303,0.08141253279281402,3.5990664776781e-05,67.19228564413514,99.34756830732115,nan,nan,nan
342.14,225.75643920898438,-215.15455627441406,-51.391876220703125,225.76987548735906,-215.68926350284104,-51.395842399837676,0.5348907218166654,0.3109187967770508,0.08143850180694778,3.52732442431114e-05,65.73627368850208,98.72606401885312,nan,10.84134130320479,nan
342.15000000000003,225.76153564453125,-215.14610290527344,-51.39347839355469,225.7612778721797,-215.67490000862247,-51.39741407703525,0.5288118120478915,0.3108546744845943,0.0814256737817612,3.595830085141654e-05,65.83896527267926,97.89902550442926,2.0841702083783584,nan,nan
342.16,225.76666259765625,-215.1376495361328,-51.395164489746094,225.76667229059927,-215.66685591253187,-51.3995390454718,0.5292244567791381,0.31089715412913127,0.08145160894989732,3.524260913878448e-05,65.76621516747211,98.45838559983568,nan,0.12052436193198125,nan
342.17,225.7718505859375,-215.1291961669922,-51.39693069458008,225.7721144883794,-215.658806757175,-51.4013330618503,0.5296289528678243,0.31093971840520745,0.08147760936521466,3.594900960975579e-05,65.57996667659918,97.26480811356505,nan,nan,nan
342.18,225.77706909179688,-215.12074279785156,-51.398773193359375,225.77761610792206,-215.6507472388154,-51.40212037549316,0.5300152925117032,0.310982366436347,0.0815036749614621,3.523413194468793e-05,65.17541378691651,97.4817505432712,nan,0.8225368192541913,nan
342.19,225.78231811523438,-215.11228942871094,-51.40069580078125,225.78313651178757,-215.6426956859849,-51.40406266278346,0.5304175744524663,0.3110250993481985,0.08152980608762704,3.594065017531296e-05,64.98844241082129,97.86106738459769,nan,nan,nan
342.2,225.78761291503906,-215.1038360595703,-51.40269088745117,225.80041272597234,-215.64123224692298,-51.40630756638511,0.5375607665256313,0.3109610389724839,0.08151686661592726,3.5205314869453996e-05,65.18948848711746,98.01637592332582,1.3055527940206884,0.03591316345672918,nan
342.21,225.79295349121094,-215.09536743164062,-51.40476608276367,225.80602711727678,-215.6331903869318,-51.40840766671242,0.5379941561674252,0.3110035991543888,0.081542963188951,3.5911095974828036e-05,65.00904081829775,96.49377036760536,nan,nan,nan
342.22,225.79832458496094,-215.0869140625,-51.40687561035156,225.81162076801752,-215.6251743034862,-51.41396946522241,0.538471167554336,0.311046243109172,0.0815691251458354,3.5198550682696164e-05,65.88668214660198,98.886794065583,nan,8.090541134392836,nan
342.23,225.80372619628906,-215.07846069335938,-51.40898132324219,225.8173094207542,-215.61713010816175,-51.41617838520484,0.5388887084837587,0.3110889718170656,0.08159535281013297,3.590449269394431e-05,65.71624477300207,99.21230620503044,nan,nan,nan
342.24,225.80917358398438,-215.0699920654297,-51.411067962646484,225.82302568781597,-215.6090889255892,-51.41891579765547,0.5393318958941005,0.31113178462020197,0.08162164615283923,3.519260845548194e-05,65.84509488135214,97.88712309970613,nan,0.20363104537525722,nan
342.25,225.8146514892578,-215.0615234375,-51.41312026977539,225.8233563792939,-215.59712962561065,-51.42110002833623,0.5357363534422962,0.311067785698567,0.08160859263853958,3.587666972931922e-05,65.54637213678454,97.96807041297409,0.39185315560015344,nan,nan
342.26,225.82015991210938,-215.05307006835938,-51.415138244628906,225.82912574692546,-215.58908370901125,-51.42457639061805,0.5361716961557532,0.3111104255826726,0.08163485072032803,3.516625762783622e-05,66.12131738463113,99.89695511742171,nan,1.2418223294742068,nan
342.27,225.82571411132812,-215.0446014404297,-51.417118072509766,225.83495126867118,-215.58102706173736,-51.4266975189426,0.5365906615522312,0.3111531500996873,0.08166117468475975,3.587169506943922e-05,65.96828978477878,98.25829594902915,nan,nan,nan
342.28000000000003,225.831298828125,-215.0361328125,-51.41905975341797,225.84079921563122,-215.57297559281136,-51.42960861426119,0.5370304522094531,0.3111959587165951,0.08168756452547608,3.5161854784220596e-05,66.39641304802632,98.99892422486593,nan,0.47831431316209605,nan
342.29,225.8369140625,-215.02767944335938,-51.420963287353516,225.84669405608687,-215.5649174474797,-51.43166405506094,0.5374335566144701,0.3112388522260087,0.08171402053281474,3.586750104503211e-05,66.24183660240543,100.16682608844505,nan,nan,nan
342.3,225.84255981445312,-215.0192108154297,-51.422828674316406,225.83514017462795,-215.55754297871434,-51.43315974600219,0.53848240465594,0.3111749126088589,0.08170085002247036,3.513701520578071e-05,68.29857460896004,99.0415935888255,14.58588298098897,0.058537869323252396,nan
342.31,225.84825134277344,-215.0107421875,-51.42465591430664,225.84105468628772,-215.54949962588282,-51.43513468975261,0.5389073890866917,0.31121763294085664,0.08172727003499929,3.5842011100045443e-05,68.14971205698751,98.38501979551056,nan,nan,nan
342.32,225.8539581298828,-215.0022735595703,-51.426448822021484,225.84699400898566,-215.54145948656154,-51.43769573981681,0.5393481769739744,0.31126043736914627,0.0817537561172209,3.513403280272542e-05,68.5095138522198,99.7567445857755,nan,0.27092066357589273,nan
342.33,225.85971069335938,-214.99380493164062,-51.42820358276367,225.85297498374302,-215.5334144724296,-51.43960617570719,0.5397720309726671,0.31130332658007104,0.08178030853945673,3.5839269996977975e-05,68.36182679980868,99.062540258375,nan,nan,nan
342.34000000000003,225.86549377441406,-214.98533630371094,-51.42992401123047,225.85900110867507,-215.52536266070257,-51.44052741330252,0.5401694670097091,0.31134630020044785,0.08180692732475359,3.513173102980098e-05,67.75899384441459,98.62753990891103,nan,0.638999798912888,nan
342.35,225.87130737304688,-214.97686767578125,-51.43161392211914,225.8339571503662,-215.50451212507883,-51.44227039317774,0.5290720786284879,0.31128241905161214,0.08179363716316627,3.581520188138213e-05,68.34894289103423,97.7976092857823,10.517509197227145,nan,nan
342.36,225.87716674804688,-214.96839904785156,-51.433265686035156,225.83998742825437,-215.49644371117972,-51.44329739286184,0.5294469788670431,0.31132521928242296,0.08182021921668121,3.510891500951097e-05,67.87201077674264,96.75423543522847,nan,0.4173962363572943,nan
342.37,225.88304138183594,-214.9599151611328,-51.43488693237305,225.84603931794925,-215.4883794031797,-51.44505596269638,0.5298556567894456,0.3113681041917922,0.0818468677812228,3.5813794410639875e-05,67.72236036919274,96.47400248837276,nan,nan,nan
342.38,225.88894653320312,-214.95144653320312,-51.43647384643555,225.85210459778907,-215.48032309045732,-51.448252752491285,0.5302890566907559,0.3114110734962497,0.08187358289739506,3.510787148695071e-05,68.61262192991022,98.48841709388476,nan,1.5156650919791943,nan
342.39,225.89488220214844,-214.94297790527344,-51.43803024291992,225.85821806595627,-215.4722573626649,-51.44996347653725,0.5306820186928094,0.31145412774727477,0.0819003648096893,3.5813025679281236e-05,68.46299636395871,98.41691759877087,nan,nan,nan
342.40000000000003,225.90084838867188,-214.93450927734375,-51.43955612182617,225.89596212035934,-215.4889926934583,-51.45204901887504,0.5546456588135862,0.31139030312857735,0.08188695209282258,3.508628218737446e-05,71.06126043675127,100.3479647248678,15.952698427819644,0.17673478981590773,nan
342.41,225.9068603515625,-214.926025390625,-51.4410514831543,225.90216988555431,-215.48098077343636,-51.45370280928316,0.5551193866507392,0.3114331837263503,0.08191369651358713,3.579084806958375e-05,70.91939744736675,98.53877082415183,nan,nan,nan
342.42,225.9128875732422,-214.9175567626953,-51.4425163269043,225.90838497042873,-215.4729796431781,-51.45739333603196,0.5556403288067462,0.311476148698112,0.08194050767025206,3.5086387574213604e-05,72.5846401786676,101.95180294621014,nan,2.9985772799580186,nan
342.43,225.9189453125,-214.90908813476562,-51.44395446777344,225.91465153745156,-215.4649667117323,-51.45900984602771,0.5560989959072429,0.3115191985204152,0.08196738579203768,3.579125204101319e-05,72.43922888570546,101.78329207532157,nan,nan,nan
342.44,225.92501831054688,-214.90060424804688,-51.44536209106445,225.92094601971627,-215.45695386709514,-51.460692048534504,0.5565756819730712,0.3115623330225464,0.0819943309420525,3.508704338487516e-05,72.63596602992465,101.80048193477617,nan,0.006165264383166461,nan
342.45,225.93113708496094,-214.8921356201172,-51.446739196777344,225.92200540876212,-215.4374581703802,-51.462255805539336,0.5456196811727381,0.3114985638178612,0.0819807929738954,3.577021449939601e-05,70.58473890352066,101.10111836600332,6.924511717227779,nan,nan
342.46,225.93728637695312,-214.88365173339844,-51.44809341430664,225.9283781013379,-215.42940492898018,-51.4625136699393,0.5460163474060347,0.3115415244338509,0.08200769986751598,3.506707375403534e-05,69.61665302084437,99.0420454092912,nan,1.1479345195175068,nan
342.47,225.94345092773438,-214.87518310546875,-51.44941711425781,225.93476608068372,-215.42135760744898,-51.464010200937544,0.5464384424255766,0.3115845698087236,0.08203467389275595,3.5771683346671146e-05,69.4681586040086,100.61980030501559,nan,nan,nan
342.48,225.94964599609375,-214.86669921875,-51.450714111328125,225.94118675238653,-215.4133069086795,-51.46489962093256,0.5468571606707611,0.3116276998336933,0.08206171512588945,3.506873246270976e-05,69.08523271345454,99.15748986119522,nan,0.23768482825618412,nan
342.49,225.95587158203125,-214.85821533203125,-51.451988220214844,225.9476290798937,-215.405258445863,-51.466339340652304,0.5472933965342981,0.31167091489217846,0.08208882377670948,3.5773662536135896e-05,68.9370898146482,98.86829518706529,nan,nan,nan
342.5,225.9621124267578,-214.84974670410156,-51.4532356262207,225.94128959898515,-215.39263688915335,-51.46838701973162,0.5435006052502042,0.311607199301529,0.0820751576967422,3.504973454989985e-05,70.12754159704834,100.88583320041742,1.9170861120960576,0.29835346183548855,nan
342.51,225.96839904785156,-214.8412628173828,-51.4544563293457,225.94776030555497,-215.38458299354602,-51.469784339832806,0.5439280461743957,0.31165024020353543,0.08210222730646209,3.575411860439568e-05,69.98397827856783,98.83983538958073,nan,nan,nan
342.52,225.97470092773438,-214.83279418945312,-51.45565414428711,225.95427453175185,-215.3765193821765,-51.46901087816404,0.5442726570339188,0.3116933657205005,0.08212936429961377,3.5052298785886646e-05,68.33280239574242,98.76596542216491,nan,3.2460786574702505,nan
342.53000000000003,225.98101806640625,-214.82431030273438,-51.45682907104492,225.9607969421326,-215.3684649030218,-51.47034034062328,0.5446977852777305,0.31173657618537326,0.08215656887475467,3.575702023864145e-05,68.18157154179484,98.1893634465398,nan,nan,nan
342.54,225.9873809814453,-214.81582641601562,-51.45798110961914,225.96734600730116,-215.36040939886925,-51.47147659985033,0.5451184767179422,0.3117798715653732,0.0821838411247681,3.505529750368019e-05,68.10714055744097,97.14522800426244,nan,0.02042242111157117,nan
342.55,225.9936981201172,-214.80735778808594,-51.4591064453125,225.95723124769734,-215.34133993465616,-51.47280403029207,0.535401148181532,0.31171620826775737,0.08217004421260848,3.573836784362337e-05,67.53382580289839,98.46997779116161,3.1382976549020323,nan,nan
342.56,225.9999542236328,-214.7988739013672,-51.46021270751953,225.963694680859,-215.33326762128925,-51.47545395639062,0.5358392464176726,0.31175932923974575,0.08219727663007917,3.503756247173646e-05,68.74338638142501,97.98712389548568,nan,1.357761635374802,nan
342.57,226.006103515625,-214.79039001464844,-51.46129608154297,225.9700805936476,-215.32518947032986,-51.476708213329395,0.5362328249101678,0.31180253507716743,0.08222457679122297,3.57420973024359e-05,68.58702556234226,98.25873372511086,nan,nan,nan
342.58,226.01214599609375,-214.7819061279297,-51.46235656738281,225.97635093853495,-215.31711705013709,-51.479567290417336,0.5366826123353561,0.31184582578779024,0.08225194479840926,3.504133948770747e-05,70.22220980255565,99.81107163075144,nan,1.861656262385594,nan
342.59000000000003,226.01808166503906,-214.7734375,-51.46339797973633,225.9825201805014,-215.30903781674033,-51.48079661194093,0.5370614777448232,0.31188920164355005,0.08227938083615596,3.574622456488083e-05,70.06276232762103,100.40070413835183,nan,nan,nan
342.6,226.02389526367188,-214.76495361328125,-51.46441650390625,225.96196530443612,-215.29437034788145,-51.483073210458514,0.5333530457633692,0.311825588921057,0.08226545027042037,3.502435447389509e-05,73.01372291609289,100.89275400747549,10.916251855899345,0.7158881334966026,nan
342.61,226.0295867919922,-214.7564697265625,-51.465415954589844,225.9678495711689,-215.28628946657398,-51.48427423479287,0.5337378345901922,0.31186879009071156,0.08229284566687069,3.5728720472846e-05,72.85845022577006,101.18339915981939,nan,nan,nan
342.62,226.03517150878906,-214.74798583984375,-51.46639633178711,225.9736201611097,-215.27820811826228,-51.48550400683636,0.5341248320180184,0.3119120760873688,0.08232030907657951,3.502882548668336e-05,73.15759493171649,101.28999322571337,nan,0.001617138972064199,nan
342.63,226.0406494140625,-214.739501953125,-51.46735763549805,225.97927933544474,-215.27012574370212,-51.48666767858111,0.5345098422291724,0.31195544715102974,0.08234784067615901,3.573355337564202e-05,73.00030194192371,101.05478216120218,nan,nan,nan
342.64,226.0460205078125,-214.73101806640625,-51.468299865722656,225.98482746160246,-215.26204320222584,-51.48803673288931,0.5349035686011374,0.3119989033376008,0.08237544057970268,3.503363083711975e-05,73.51569369654493,101.55867499050461,nan,0.03523037265073864,nan
342.65000000000003,226.05126953125,-214.7225341796875,-51.46921920776367,225.98760193983802,-215.25228392774417,-51.48923198058683,0.5339371394072373,0.3119353397233015,0.08236137363015926,3.5716727882236914e-05,73.52349392932427,102.24536891541963,0.2679128271070589,nan,nan
342.66,226.05642700195312,-214.71405029296875,-51.470123291015625,225.99294102601453,-215.24419130973578,-51.48887094634298,0.5342578416644268,0.31197862095545,0.08238893207569875,3.501760263277601e-05,72.17881455878617,100.37858955417316,nan,1.5338784858262826,nan
342.67,226.0614776611328,-214.70556640625,-51.47100830078125,225.99816904139936,-215.2361020161424,-51.4899527323058,0.5346353020351865,0.3120219871785615,0.08241655886769023,3.5722185596005254e-05,72.02001478005442,100.52380421241547,nan,nan,nan
342.68,226.06643676757812,-214.6970672607422,-51.47187805175781,225.928178847391,-215.1379306186931,-51.48846478292,0.46233199384087165,0.309052739618005,0.07811367836986963,3.502213642150599e-05,79.22903834338082,106.41171930749978,nan,4.74125058768116,1.8734870618784474
342.69,226.0712890625,-214.68858337402344,-51.47272872924805,225.93323907669148,-215.12975521712244,-51.489487754913085,0.46257027430039477,0.3090989820987609,0.0781333692594006,3.572706782944774e-05,79.02100540557828,107.74089056684961,nan,nan,nan
342.7,226.0760498046875,-214.68008422851562,-51.47356414794922,225.95794584229705,-215.12266460025327,-51.490517420816,0.45838122217282756,0.30903969860180674,0.07812328347074439,3.500670051329189e-05,76.89239120516946,106.67384799493315,13.676778192664743,0.0001181430770258367,nan
342.71,226.08070373535156,-214.67160034179688,-51.47438049316406,225.96285643948082,-215.11446609675207,-51.49150874803941,0.45859725159572734,0.30908575053465176,0.07814297014959769,3.571112928774215e-05,76.6799766458244,108.26600490207527,nan,nan,nan
342.72,226.0852813720703,-214.66310119628906,-51.475181579589844,225.96765174079857,-215.10623683118644,-51.49195461648474,0.45878890116882887,0.3091318839781375,0.07816271362100483,3.5012636639233976e-05,76.28909717965973,106.16162654514083,nan,0.19814930170812076,nan
342.73,226.08975219726562,-214.65460205078125,-51.47596740722656,225.97237655532876,-215.09803591959914,-51.492909945906625,0.4590181771475048,0.3091781037221277,0.07818252282492541,3.571744204023618e-05,76.07780549480418,106.89416755270177,nan,nan,nan
342.74,226.09414672851562,-214.6461181640625,-51.47673416137695,225.9769466328701,-215.08974523739002,-51.49223392298633,0.45910901234718643,0.3092244053181651,0.07820238927142979,3.5018822660533014e-05,74.68649342087991,106.08504995543416,nan,1.8431980982689373,nan
342.75,226.09844970703125,-214.6376190185547,-51.47748947143555,225.97997346480722,-215.08549913647738,-51.493224436927285,0.4635523801481338,0.3091650563765814,0.07819229618455631,3.570200378951827e-05,75.9558390453157,105.58730802044023,3.4456878861173506,nan,nan
342.76,226.1026611328125,-214.62911987304688,-51.47822952270508,225.9844056044756,-215.07728614961215,-51.493641250093695,0.4637616874793809,0.3092111672229299,0.07821215811494157,3.500408699982355e-05,75.5965242663595,105.70373620286786,nan,0.16293369898552562,nan
342.77,226.10679626464844,-214.62062072753906,-51.47895431518555,225.98877181520405,-215.06909735995524,-51.49451966903573,0.4640079102024934,0.3092573642071325,0.07823208567599275,3.5708771420418556e-05,75.38704502240896,105.27912263492067,nan,nan,nan
342.78000000000003,226.11083984375,-214.6121063232422,-51.47966384887695,225.9929911410328,-215.06082136092925,-51.49375323472754,0.4641465421311226,0.3093036430994944,0.07825207103786168,3.501069929236799e-05,74.0662927861392,103.5721082828346,nan,1.8775998294708072,nan
342.79,226.11480712890625,-214.60360717773438,-51.4803581237793,225.99719260605286,-215.0526294980683,-51.494588394966115,0.46438854503761623,0.30935000836478926,0.07827212216429955,3.5715761303889016e-05,73.85671720486276,104.33125542057493,nan,nan,nan
342.8,226.1186981201172,-214.59510803222656,-51.481040954589844,225.9963139497714,-215.0373178040121,-51.49366151106429,0.45900615013262236,0.3092905892077094,0.07826201023018735,3.499637129001095e-05,71.43186009820809,102.65409298722336,3.446101292222282,2.0346162990627534,nan
342.81,226.1225128173828,-214.5865936279297,-51.48170852661133,226.00035454616113,-215.029099869228,-51.49445319471314,0.45923506331817393,0.3093367634052785,0.07828205617035429,3.570093758941314e-05,71.22439405942328,101.50425270890187,nan,nan,nan
342.82,226.12637329101562,-214.57809448242188,-51.48246765136719,226.00436579246596,-215.02085614319986,-51.49480255232915,0.45942993779135805,0.3093830195679909,0.07830216045271303,3.50033512278427e-05,70.81946597137679,102.81198781342196,nan,0.16413242671341238,nan
342.83,226.1302947998047,-214.569580078125,-51.48331832885742,226.00845057312873,-215.0126350744987,-51.49572111982476,0.45967115921029056,0.3094293619369746,0.07832233041308292,3.570830003173995e-05,70.583402866018,101.4130469115792,nan,nan,nan
342.84000000000003,226.13427734375,-214.56106567382812,-51.484256744384766,226.01252692633432,-215.004329512864,-51.49505257542565,0.4598070737880937,0.30947578661507547,0.07834255915096833,3.5010512320416524e-05,69.40790714976215,100.06367657649177,nan,1.9870718357594228,nan
342.85,226.1383056640625,-214.55255126953125,-51.485286712646484,226.00882528909872,-214.98587656199084,-51.496202335025586,0.45238824851875686,0.30941630114796587,0.07833243260465027,3.5693832486385917e-05,67.69862128157499,99.90512476640095,6.556553019937499,nan,nan
342.86,226.1423797607422,-214.54403686523438,-51.48640060424805,226.0130810564293,-214.9776381033834,-51.4977824821304,0.4526121251198452,0.30946253455025957,0.07835265579130689,3.499667697535477e-05,67.86177201261204,100.5686101916052,nan,0.11727674234811505,nan
342.87,226.14651489257812,-214.5355224609375,-51.48760223388672,226.01737419098478,-214.96937851429118,-51.49904677300929,0.45281273537233857,0.3095088539905972,0.078372944579966,3.5701512672010966e-05,67.62948795931835,100.07707252097961,nan,nan,nan
342.88,226.1507110595703,-214.52700805664062,-51.488887786865234,226.02172716644486,-214.96112781001682,-51.500615006254804,0.4530279600993922,0.30955525579699306,0.07839329266306687,3.50041354671048e-05,67.69161655527788,99.82471557966059,nan,0.03334076678885045,nan
342.89,226.15493774414062,-214.51849365234375,-51.490257263183594,226.02612340678706,-214.95286550843304,-51.50205369060037,0.45322312228094336,0.3096017438752605,0.07841370649789126,3.570935121772942e-05,67.45898864879383,100.7697495075159,nan,nan,nan
342.90000000000003,226.1592254638672,-214.5099639892578,-51.4917106628418,226.03771788785474,-214.9510830655867,-51.50299204078185,0.45768701097790215,0.3095421878536974,0.07840355527078435,3.499058445096172e-05,67.89096076141445,99.22651147393677,1.8258216891057617,0.2669287077270444,nan
342.91,226.16355895996094,-214.50144958496094,-51.493247985839844,226.04222291562706,-214.94283569502775,-51.50459361474507,0.4579004882174311,0.3095884843293473,0.07842396286188943,3.569530571653338e-05,67.66130993133933,100.41178002985441,nan,nan,nan
342.92,226.16795349121094,-214.492919921875,-51.4948616027832,226.04672473739078,-214.93452017385584,-51.50478951878002,0.4580455837778317,0.3096348632264881,0.07844443024577408,3.4998293280798694e-05,66.67826166121088,97.8813548148164,nan,1.5645033211226766,nan
342.93,226.17239379882812,-214.48440551757812,-51.496559143066406,226.05132803264246,-214.9262707593069,-51.50654074600487,0.45825914501226744,0.3096813282269555,0.0784649633235679,3.570339767394524e-05,66.45530091982718,99.01451133681293,nan,nan,nan
342.94,226.17686462402344,-214.4758758544922,-51.49833679199219,226.0559899306782,-214.91803344958018,-51.50866947336915,0.4584984129631607,0.309727875992426,0.07848555661230912,3.5006128787968744e-05,66.51913226041844,99.00652567862733,nan,0.06210404705094064,nan
342.95,226.181396484375,-214.46734619140625,-51.50019454956055,226.09392703189081,-214.92129387961435,-51.51048260020958,0.4624124270967656,0.3096682527384935,0.0784753834002835,3.5689594873427485e-05,65.14397613730725,98.7858719095831,12.73891932090027,nan,nan
342.96,226.18597412109375,-214.45883178710938,-51.50212860107422,226.09871976148614,-214.91303116709545,-51.51205405240214,0.4626109754797612,0.30971460868441136,0.07849597002026548,3.499290683579065e-05,64.79516252489918,99.69949676534858,nan,0.12509447217680528,nan
342.97,226.1905975341797,-214.45030212402344,-51.50413513183594,226.10357327394604,-214.90478565415074,-51.514120348800105,0.4628479292208321,0.30976105056567477,0.07851662228814713,3.5697896772459236e-05,64.57840148390834,98.51125250213177,nan,nan,nan
342.98,226.1952667236328,-214.4417724609375,-51.506187438964844,226.1084364667347,-214.8964943755514,-51.51516988620649,0.4630250506199243,0.30980757526422387,0.0785373352390929,3.500093873857628e-05,63.8962784354455,97.91343523860753,nan,0.8193187856348558,nan
342.99,226.19998168945312,-214.43324279785156,-51.50823974609375,226.11338128337366,-214.88824776927973,-51.51730817053512,0.46326168704019205,0.30985418613340415,0.07855811400530968,3.570630715699631e-05,63.70007403817527,97.77810588480239,nan,nan,nan
343.0,226.20474243164062,-214.42471313476562,-51.51027297973633,226.07292634572434,-214.86523859514222,-51.519493003836146,0.45991648219073217,0.30979449193406616,0.07854791005500958,3.498790546536812e-05,65.66140566089182,97.02993782011163,24.24953103792935,3.5556787347209135e-05,nan
343.01,226.2095489501953,-214.41619873046875,-51.51227569580078,226.0778756704079,-214.85698412902158,-51.52159952556586,0.4601266716773122,0.30984091065113617,0.07856868144047793,3.569277699850015e-05,65.47242108604296,97.95217057886224,nan,nan,nan
343.02,226.21438598632812,-214.4076690673828,-51.514244079589844,226.08282115720277,-214.84867050303467,-51.522206513876576,0.46027705881300635,0.30988741223451854,0.07858951396197171,3.49960968915331e-05,64.65593286325874,96.79050172862921,nan,1.5225265442677411,nan
343.03000000000003,226.2192840576172,-214.39913940429688,-51.51617431640625,226.08785766532074,-214.84041491534043,-51.524232543259586,0.4605018004946688,0.30993399982297326,0.07861041227205665,3.570134885576763e-05,64.47300463716132,95.80854005486191,nan,nan,nan
343.04,226.22421264648438,-214.39059448242188,-51.51806640625,226.09291935211579,-214.8321374241225,-51.52567222151463,0.4607124341035655,0.30998067061855017,0.0786313721181795,3.500437313440593e-05,64.11918680429652,95.06739258442222,nan,0.21390690005926452,nan
343.05,226.22918701171875,-214.38206481933594,-51.51992416381836,226.11574811128781,-214.8322814830343,-51.527557890711634,0.46435083954802125,0.3099209082262715,0.07862113877928173,3.5687974794190265e-05,63.9581509108636,96.26350928240909,3.131013504301485,nan,nan
343.06,226.2342071533203,-214.37353515625,-51.52174377441406,226.1209264039239,-214.82401962144232,-51.52899596407116,0.46456579277669946,0.30996738664218537,0.07864209076039379,3.499154394310613e-05,63.638693790134646,95.81134077007903,nan,0.15846267291266156,nan
343.07,226.2392578125,-214.36500549316406,-51.523529052734375,226.12616083588563,-214.81577531191363,-51.53086747792235,0.46479910509710065,0.31001395089969336,0.07866310851542885,3.569667448054118e-05,63.45362525153921,96.24531160299443,nan,nan,nan
343.08,226.24435424804688,-214.35647583007812,-51.52527618408203,226.13139914583454,-214.80748625108296,-51.53150489323091,0.4649817757594622,0.31006059840800415,0.07868418823301769,3.4999939904494467e-05,62.863749012771706,95.48716587244543,nan,1.015607249454937,nan
343.09000000000003,226.24949645996094,-214.3479461669922,-51.5269889831543,226.13671475585278,-214.79924087763277,-51.53329549103652,0.4652165094613208,0.3101073319965963,0.07870533391006095,3.5705444964820196e-05,62.68031670395556,95.10694589222163,nan,nan,nan
343.1,226.25466918945312,-214.33941650390625,-51.52867126464844,226.1625870489913,-214.79199646153674,-51.53409825372155,0.46188439121846053,0.3100474982101488,0.07869506356634404,3.498722760787982e-05,60.1646163540946,95.30223683787632,12.199486280810186,0.7605156775245703,nan
343.11,226.2598876953125,-214.33087158203125,-51.53031539916992,226.16802651998034,-214.78373148579354,-51.53581379348226,0.46211557029492956,0.310094039083028,0.07871620064839428,3.5692231327956156e-05,59.983068959603344,93.74567926859612,nan,nan,nan
343.12,226.26513671875,-214.3223419189453,-51.53192901611328,226.17348795355161,-214.77544639114916,-51.536931217960635,0.4623074528026101,0.31014066324596107,0.07873740010069356,3.4995715098863424e-05,59.6600640086768,95.00496021382901,nan,0.2262528775020386,nan
343.13,226.2704315185547,-214.31381225585938,-51.53350830078125,226.17900451773943,-214.76718078785822,-51.538577564377505,0.46252310182116513,0.3101873733299886,0.07875866551685837,3.570109470317445e-05,59.4751286419826,94.49057918398024,nan,nan,nan
343.14,226.2757568359375,-214.30528259277344,-51.535057067871094,226.18461053450918,-214.75897487584842,-51.54196095419601,0.46280881542192276,0.31023416704065354,0.0787799936852684,3.500425633659552e-05,59.92677984684042,95.40727311905457,nan,2.206008830614154,nan
343.15000000000003,226.2811279296875,-214.29673767089844,-51.53657913208008,226.19236784947452,-214.75151258917268,-51.54372367584058,0.46341085727063097,0.3101742640772181,0.07876968653893655,3.568797335094214e-05,59.87643064045875,93.89624515684606,1.2046021939877412,nan,nan
343.16,226.28652954101562,-214.2882080078125,-51.53806686401367,226.19800805608241,-214.7432545167559,-51.545537956362175,0.4636369224050717,0.31022086483293776,0.07879100557081693,3.499165593473515e-05,59.85226211596343,95.38001573523114,nan,0.03987108911632355,nan
343.17,226.29197692871094,-214.27967834472656,-51.53952407836914,226.20367802010222,-214.73498820932448,-51.54708802084473,0.4638544850353861,0.3102675513536215,0.07881239058239985,3.569690421514107e-05,59.67229138722601,94.7738007677037,nan,nan,nan
343.18,226.29745483398438,-214.27113342285156,-51.54095458984375,226.20940222890385,-214.72674236410694,-51.54925477242655,0.4641138455640166,0.3103143215334523,0.07883383872842167,3.5000260767061424e-05,59.85365847525626,94.18614835720291,nan,0.2938201255532745,nan
343.19,226.30296325683594,-214.26260375976562,-51.542354583740234,226.21514425321087,-214.71847565047935,-51.55075514057796,0.46432954622314215,0.3103611777216,0.07885535305733384,3.57058784463335e-05,59.67376941412946,95.45999419041294,nan,nan,nan
343.2,226.3085174560547,-214.2540740966797,-51.54372787475586,226.2190933523133,-214.70111572515543,-51.551920333307876,0.45597149504911083,0.31030120285501217,0.07884500245053598,3.4987725410887116e-05,57.68273077649769,94.33820639943792,7.176274242679805,0.059559943089541885,nan
343.21,226.3140869140625,-214.2455291748047,-51.545074462890625,226.22491159626304,-214.69281571581362,-51.553363195825376,0.45616465247324484,0.31034786575024,0.07886650689543712,3.5692836388307194e-05,57.50338038691342,94.11407497420471,nan,nan,nan
343.22,226.31971740722656,-214.23699951171875,-51.546390533447266,226.23068409193093,-214.68442512061958,-51.55177942330996,0.4562298180377543,0.3103946123320105,0.07888807483913844,3.4996372819075316e-05,56.222406541673884,92.5798644585835,nan,6.358057733761233,nan
343.23,226.3253631591797,-214.2284698486328,-51.54768371582031,226.23657106650944,-214.6761248926779,-51.55314054921034,0.4564086449777453,0.31044144477138036,0.0789097089993812,3.5701854352826857e-05,56.039022564451926,93.44237445331616,nan,nan,nan
343.24,226.33103942871094,-214.2199249267578,-51.5489501953125,226.2424826737203,-214.66781452840976,-51.5541297017284,0.4565897736580696,0.3104883612287414,0.07893140702337988,3.500505184379019e-05,55.78732113116062,92.22759213695232,nan,0.08499881077213911,nan
343.25,226.33676147460938,-214.21139526367188,-51.550193786621094,226.23880562048052,-214.6604764527195,-51.55537923472018,0.45966961242455123,0.3104283161888399,0.07892101220463645,3.568885950939999e-05,56.997376350664474,92.51316043159528,3.936417437213733,nan,nan
343.26,226.34251403808594,-214.20286560058594,-51.55141067504883,226.24474637095767,-214.65216359206286,-51.555726280416785,0.459832389388345,0.31047503910189883,0.07894269974853375,3.499256319184281e-05,56.59198864944821,92.26184813761424,nan,0.6188798287557001,nan
343.27,226.34829711914062,-214.19432067871094,-51.5526008605957,226.25074335699344,-214.64387719550234,-51.55697649432068,0.4600401552790631,0.3105218477254204,0.07896445355290964,3.5697902504553296e-05,56.41556697327122,91.07416342646809,nan,nan,nan
343.28000000000003,226.35411071777344,-214.185791015625,-51.553768157958984,226.25676180241706,-214.63557930093472,-51.55778382764569,0.46021998927247404,0.31056874038685794,0.07898627156165973,3.5001266515049565e-05,56.1563271534047,92.05504830272885,nan,0.12452621806279958,nan
343.29,226.35995483398438,-214.17724609375,-51.55491638183594,226.26282237184745,-214.62729288121906,-51.55898458468564,0.46042738448796844,0.3106157190074711,0.07900815605050705,3.5706969800198216e-05,55.97927547186744,90.82043322381121,nan,nan,nan
343.3,226.36582946777344,-214.16871643066406,-51.55603790283203,226.2520604648675,-214.6156710126228,-51.55969609510785,0.4612213858082246,0.3105556014956683,0.07899771115002284,3.4988807201491945e-05,56.957821672570525,91.23697449817774,4.806505723479544,0.2152433738870151,nan
343.31,226.37164306640625,-214.16018676757812,-51.55713653564453,226.25810535827776,-214.60738993493587,-51.56084937129893,0.4614057533348097,0.31060238623306896,0.07901958439357307,3.5693998312546764e-05,56.77498092983926,91.86511726371118,nan,nan,nan
343.32,226.3773956298828,-214.15164184570312,-51.5582160949707,226.2641212740073,-214.59914551636084,-51.563406766721215,0.46164657263361036,0.3106492550229081,0.0790415221657018,3.4997519541307495e-05,56.97623161186335,89.98816900384935,nan,1.4345326507633358,nan
343.33,226.38304138183594,-214.1431121826172,-51.55927276611328,226.27001462511487,-214.59086431891134,-51.564532394964104,0.46182755113409224,0.3106962096307117,0.07906352647773507,3.5703075837958926e-05,56.79389161670573,91.50723152729162,nan,nan,nan
343.34000000000003,226.38858032226562,-214.13458251953125,-51.560306549072266,226.27581078764698,-214.58258576731865,-51.56575169377858,0.4620103111046722,0.3107432486168574,0.07908559566780124,3.500624854323547e-05,56.67845578953333,91.62295268033141,nan,0.009177231014066053,nan
343.35,226.39402770996094,-214.12603759765625,-51.56132507324219,226.30539710249042,-214.58977797355504,-51.56704110055234,0.4721686073719418,0.3106830599313049,0.07907509916160124,3.569012143095e-05,57.517226928391345,90.5057865790564,9.212873457851213,nan,nan
343.36,226.39935302734375,-214.1175079345703,-51.56231689453125,226.311034741454,-214.5815492058416,-51.56893598789237,0.47241743560384264,0.3107299047707091,0.07909715645894003,3.499379227917087e-05,57.667609387874215,92.66932545067175,nan,0.4791483664241725,nan
343.37,226.4045867919922,-214.1089630126953,-51.56329345703125,226.31654797563078,-214.5733004801253,-51.56999656070494,0.47265743244392433,0.31077683529061506,0.07911928036479236,3.569919575686769e-05,57.49349924045203,90.70982584538862,nan,nan,nan
343.38,226.4097137451172,-214.10043334960938,-51.564247131347656,226.32195325036608,-214.56504746021875,-51.57087125814014,0.4728763636216795,0.31082385019571,0.07914146945140305,3.5002519629612594e-05,57.30449121895517,91.88800817287904,nan,0.019748912187366824,nan
343.39,226.41473388671875,-214.09190368652344,-51.565185546875,226.32725963265,-214.55679783338144,-51.57189321980209,0.4730996784862675,0.31087095103562146,0.07916372538088727,3.5708281922683547e-05,57.12688558143039,92.00426281325782,nan,nan,nan
343.40000000000003,226.41964721679688,-214.08335876464844,-51.56610107421875,226.3416258443192,-214.55770550231483,-51.57312726535362,0.48077180601603037,0.31081068925238325,0.07915317203164186,3.499006965369291e-05,58.25546813106194,91.88450631110042,3.3676241175987762,0.0159307913722271,nan
343.41,226.4244842529297,-214.0748291015625,-51.56700134277344,226.34674273010808,-214.54947922872148,-51.57411680305915,0.48102714825437576,0.310857595606235,0.07917541528483166,3.569531470370882e-05,58.08240782861762,91.70644418617051,nan,nan,nan
343.42,226.42919921875,-214.0662841796875,-51.5678825378418,226.35172575310153,-214.54121469304803,-51.57334666879813,0.48123901247466605,0.31090458634673485,0.0791977240067504,3.4998784511161104e-05,57.33750280752214,91.35833869699744,nan,2.144096486929292,nan
343.43,226.433837890625,-214.0577392578125,-51.568748474121094,226.35665069170918,-214.5329869928516,-51.5742847567183,0.4815069301279603,0.3109516628905582,0.0792200996536868,3.570438980653874e-05,57.1655860452622,90.29818735816214,nan,nan,nan
343.44,226.43838500976562,-214.04920959472656,-51.56959533691406,226.36147322374958,-214.52474943502446,-51.574762544157224,0.4817470939916728,0.310998824141363,0.0792425411051733,3.500750664909873e-05,56.88971053160743,91.15265804312303,nan,0.13901071262412754,nan
343.45,226.4428253173828,-214.04066467285156,-51.57042694091797,226.36488504508645,-214.50785590849537,-51.575664865820464,0.4736768651362496,0.31093849018554154,0.07923192878001827,3.5691421048178034e-05,55.11658834683814,90.42083808350495,5.827533573942331,nan,nan
343.46,226.4471893310547,-214.03211975097656,-51.57123947143555,226.369548742734,-214.4996027820081,-51.57691013674409,0.4739204592568971,0.3109854566749716,0.07925435685991303,3.499503268660657e-05,55.089469877304424,89.80877528262472,nan,0.09152365549405536,nan
343.47,226.45147705078125,-214.02357482910156,-51.57203674316406,226.3741173037539,-214.49134165630463,-51.5777834925843,0.4741554177911028,0.3110325088398813,0.07927685195411645,3.5700475668428244e-05,54.919905750100966,89.16329663460347,nan,nan,nan
343.48,226.45565795898438,-214.01504516601562,-51.572818756103516,226.3785995258533,-214.48307931170126,-51.578629790933995,0.4743708799769432,0.31107964570574187,0.07929941312187516,3.5003737454894693e-05,54.77867875091686,91.38431478514607,nan,0.00010059549255837918,nan
343.49,226.4597625732422,-214.00650024414062,-51.57358169555664,226.38299756598101,-214.4748161398355,-51.57947325165026,0.4746023123979719,0.31112686850689997,0.07932204155110698,3.570953470845649e-05,54.60952837110528,89.83213327498503,nan,nan,nan
343.5,226.4637908935547,-213.99795532226562,-51.57433319091797,226.41053670440576,-214.4745042007329,-51.579337841016304,0.47954133164194457,0.3110664607749994,0.07931136550811442,3.4991256314829784e-05,53.5802059855751,89.73941383203805,5.6067216260143615,0.6104650273179321,nan
343.51,226.46774291992188,-213.98939514160156,-51.575069427490234,226.4148133145729,-214.46624507501824,-51.58014305256761,0.4798053186379958,0.3111134884752377,0.07933397976294027,3.5696531955732656e-05,53.413756207388815,88.38164872310506,nan,nan,nan
343.52,226.4716033935547,-213.98085021972656,-51.57579040527344,226.41900485738432,-214.45797929408636,-51.580629153574684,0.48004392829388254,0.31116060086524067,0.07935666034731931,3.499993618475334e-05,53.185603600526605,90.08064339816403,nan,0.06591626295019014,nan
343.53000000000003,226.4753875732422,-213.97230529785156,-51.57649612426758,226.42312416325746,-214.44971770731698,-51.581404344336484,0.4802896660964616,0.31120779906837176,0.07937940829350468,3.570556783048878e-05,53.015796479890504,89.97137293249943,nan,nan,nan
343.54,226.47911071777344,-213.96376037597656,-51.57719039916992,226.42717983346492,-214.4414669526948,-51.58287310243477,0.48055455809026326,0.31125508227628257,0.07940222289343779,3.500861812640052e-05,53.08982989868361,89.32210966941491,nan,0.352476104293462,nan
343.55,226.4827423095703,-213.9552001953125,-51.57786560058594,226.43821015714178,-214.44112065616017,-51.58358507279468,0.4879902860023676,0.3111946013783882,0.0793914805341641,3.569255347061893e-05,53.96734069044026,89.63878152971718,2.447163611696829,nan,nan
343.56,226.48631286621094,-213.9466552734375,-51.57853317260742,226.44208865495588,-214.43285502598894,-51.58295538387467,0.4882269310420186,0.31124168919889256,0.07941428022007334,3.499609832166899e-05,53.43667756760339,89.63468570800791,nan,1.3302277967194165,nan
343.57,226.48980712890625,-213.93809509277344,-51.579185485839844,226.44591962813666,-214.4246103648228,-51.58367213086312,0.4885113638848413,0.3112888627137199,0.07943714737358065,3.5701559690668834e-05,53.27162598072264,88.80763579093976,nan,nan,nan
343.58,226.4933624267578,-213.92955017089844,-51.57992935180664,226.44975081559593,-214.4163699620889,-51.584795839401714,0.4887935805883511,0.3113361212151074,0.07946008142042993,3.500475472518811e-05,53.21817061444233,89.86513979689967,nan,0.09499515809194416,nan
343.59000000000003,226.49697875976562,-213.92098999023438,-51.58076095581055,226.45363447256022,-214.4081225178022,-51.585648429786595,0.4890815004166898,0.311383465675802,0.07948308319283398,3.5710566608551373e-05,53.04793455140139,88.6007523250268,nan,nan,nan
343.6,226.5006561279297,-213.9124298095703,-51.58168411254883,226.44428254010768,-214.40082907544272,-51.58677977886445,0.49166837413426095,0.31132291027642167,0.07947227015398252,3.499222124908069e-05,54.64154745440735,88.3778454594894,6.393274994968027,0.07619486326041672,nan
343.61,226.50437927246094,-213.9038848876953,-51.58269500732422,226.44825235345067,-214.3925959339451,-51.58781381079157,0.49195011933435595,0.3113700590098748,0.07949525618938225,3.569750798421558e-05,54.46845594527077,89.98007414731693,nan,nan,nan
343.62,226.50816345214844,-213.89532470703125,-51.583797454833984,226.45227876939683,-214.3843618374872,-51.588936826546295,0.49224671240389234,0.31141729307560784,0.07951830963350569,3.641710185001031e-05,54.29855724685302,88.54622784552419,nan,nan,nan
343.63,226.5120086669922,-213.8867645263672,-51.58498001098633,226.45636099120495,-214.3761265822718,-51.59014777770675,0.4925429843095892,0.3114646126181211,0.07954143063085303,3.715114734666489e-05,54.13161418996586,88.24821570151855,nan,nan,nan
343.64,226.51589965820312,-213.87820434570312,-51.58625411987305,226.4605402310922,-214.3679266404773,-51.5941247731669,0.49290418881583664,0.3115120174059525,0.07956461904264456,3.636828846527565e-05,54.95486473953184,89.60023380822162,nan,4.68669594217167,nan
343.65000000000003,226.5198516845703,-213.86964416503906,-51.587608337402344,226.4672776388758,-214.36246472361958,-51.59549985308971,0.49567974465389164,0.3114513878547199,0.07955373238225895,3.70772350492603e-05,55.22112902640657,89.39220045035339,0.32602228274915096,nan,nan
343.66,226.5238494873047,-213.86106872558594,-51.589046478271484,226.4715208046848,-214.35422917207276,-51.59663850595873,0.4959870521376779,0.31149859662096285,0.07957690427879974,3.62980824440264e-05,54.97203323574602,88.59438835461535,nan,0.08312532646590635,nan
343.67,226.5279083251953,-213.85250854492188,-51.59056854248047,226.47582261326264,-214.34599736941348,-51.59821364110288,0.4962888159313969,0.3115458911480367,0.07960014415296263,3.702855863058029e-05,54.80302367797467,89.11264020763002,nan,nan,nan
343.68,226.53201293945312,-213.8439483642578,-51.59217071533203,226.50268431859564,-214.30161649434083,-51.5995039802241,0.4586655230874334,0.3112611766076555,0.07876751748753054,3.6251099726473846e-05,62.96104181628255,97.71307293881826,nan,0.10837912458099798,1.5262154894221407
343.69,226.5361785888672,-213.83538818359375,-51.59385299682617,226.50712734589388,-214.29331133487267,-51.60124069126319,0.45890321988912325,0.31130756516303837,0.07878747845013637,3.6980339289500244e-05,62.75085568986234,97.13004417767517,nan,nan,nan
343.7,226.54039001464844,-213.82681274414062,-51.595619201660156,226.48692932982112,-214.27432185453844,-51.60305750744039,0.45075245657026813,0.31124706872888147,0.07877704024781086,3.769965876942199e-05,63.039125547754985,95.56509113964276,5.836997275961476,nan,nan
343.71,226.54464721679688,-213.81825256347656,-51.59745788574219,226.4914319586416,-214.26600175707136,-51.604955678705025,0.45096277115150046,0.31129326504548094,0.07879699533508303,3.8457147898081214e-05,62.830531297361986,96.87777262945482,nan,nan,nan
343.72,226.54896545410156,-213.8096923828125,-51.59938049316406,226.4959850728194,-214.25767397355543,-51.606737647403065,0.45116355589061463,0.3113395451153664,0.07881700965909959,3.759091937572125e-05,62.607503038625666,96.12313390623731,nan,0.02332120534864274,nan
343.73,226.55331420898438,-213.80111694335938,-51.601375579833984,226.50058762313407,-214.2493525267923,-51.608791695255036,0.4513870067678397,0.31138590908788794,0.07883708748506357,3.834543373279793e-05,62.402468486161276,95.99457569497051,nan,nan,nan
343.74,226.55772399902344,-213.7925567626953,-51.603416442871094,226.50523703929514,-214.24108672140582,-51.61252595636791,0.4516823973086837,0.3114323571018378,0.0788572249518658,3.748556623555504e-05,62.98026738842512,97.06667558871744,nan,1.6091141040548382,nan
343.75,226.56219482421875,-213.78399658203125,-51.6054573059082,226.54064539500132,-214.24930939830637,-51.6147466507039,0.4659041605482936,0.3113718058315828,0.07884677350895113,3.821228004534129e-05,63.305703375816236,97.34380312131391,9.612881489511867,nan,nan
343.76,226.5666961669922,-213.77542114257812,-51.607479095458984,226.54544292039827,-214.24101333759782,-51.616765490562415,0.4661695289141676,0.3114180613737217,0.07886690473441976,3.735973099910816e-05,63.158675490060396,97.14907483358058,nan,0.010167893873767715,nan
343.77,226.5712432861328,-213.76686096191406,-51.60947036743164,226.55028761437129,-214.23272140516872,-51.618887564509514,0.46642660341065917,0.31146440076712123,0.07888709945964924,3.810780223668366e-05,62.97670680827624,98.16812727726762,nan,nan,nan
343.78000000000003,226.5758514404297,-213.75828552246094,-51.611427307128906,226.5551820764612,-214.224373726416,-51.61928037936338,0.46661237362122,0.31151082414720166,0.07890735427677179,3.7261268043352706e-05,62.10982536883507,95.52046694102303,nan,1.7920865816139775,nan
343.79,226.5804901123047,-213.74972534179688,-51.613346099853516,226.56011966189655,-214.21608136024375,-51.62132018419157,0.46686880085574517,0.3115573316685052,0.07892767277822099,3.800682149468219e-05,61.92744458989578,97.32695365315469,nan,nan,nan
343.8,226.58518981933594,-213.74114990234375,-51.615230560302734,226.57930920175858,-214.20806317791633,-51.622795195411946,0.46701157616631145,0.31149672517089155,0.07891720326390386,3.7142650749920006e-05,60.03797110601836,95.30347677690413,7.712492841043738,0.13062158972867585,nan
343.81,226.5899200439453,-213.7325897216797,-51.6170768737793,226.58436959677317,-214.19975456981925,-51.62475754599802,0.46726095014114016,0.3115430399848013,0.07893751491041523,3.788488686504964e-05,59.85356542984709,97.0976803609581,nan,nan,nan
343.82,226.59469604492188,-213.72401428222656,-51.61888885498047,226.58947302586043,-214.19146917617064,-51.62743950153806,0.46756226468454437,0.311589438729642,0.07895788707585046,3.705095113072485e-05,60.07320558821124,96.17874303800286,nan,0.35876298587843863,nan
343.83,226.59951782226562,-213.7154541015625,-51.620662689208984,226.5946222922332,-214.18316039660039,-51.629337974322766,0.46781236110664,0.3116359215637156,0.078978322950638,3.779095652091642e-05,59.89176023975232,97.06495887411951,nan,nan,nan
343.84000000000003,226.60438537597656,-213.70687866210938,-51.62240219116211,226.5998147308444,-214.17485877820687,-51.63144151421684,0.4680897234727923,0.31168248861665904,0.07899881972409653,3.696251516979308e-05,59.91573992082645,95.9081896128116,nan,0.03630654975820267,nan
343.85,226.6092987060547,-213.6983184814453,-51.62410354614258,226.6104130227042,-214.1673253944907,-51.63322562707803,0.4690969393915736,0.3116218265050972,0.07898833213311421,3.7676343827582355e-05,59.37466304071661,96.86378070579995,0.7641457943595258,nan,nan
343.86,226.6142578125,-213.6897430419922,-51.62577438354492,226.61569893781493,-214.1590570284443,-51.63652919279673,0.46943941104660647,0.3116682006092759,0.07900882162599972,3.685428003947389e-05,60.1108400221824,96.32033904585643,nan,1.4405452345340661,nan
343.87,226.61924743652344,-213.68116760253906,-51.627410888671875,226.62103036597983,-214.15074454773605,-51.638309437951,0.46970678585089,0.311714658749873,0.07902937486864174,3.758928313731182e-05,59.93772479198927,96.86156230071235,nan,nan,nan
343.88,226.62428283691406,-213.672607421875,-51.6290168762207,226.62640347698576,-214.14243062926658,-51.64001009070713,0.46995658744481306,0.31176120105267596,0.07904998940587776,3.677237313088244e-05,59.86703407830183,97.64600899487903,nan,0.0014452815203630789,nan
343.89,226.62936401367188,-213.66403198242188,-51.63058853149414,226.63181746366607,-214.13411789584512,-51.64172651858301,0.47022424456022544,0.3118078276819521,0.07907066789995765,3.750552802652796e-05,59.69568774479428,96.18461585993784,nan,nan,nan
343.90000000000003,226.6344757080078,-213.6554718017578,-51.63212966918945,226.6157297231162,-214.1166784753738,-51.64087387786227,0.4616703032714837,0.31174710952858525,0.0790601561509019,3.667086358267153e-05,58.75700841534366,95.80878948325257,4.546869776173201,4.294149040542397,nan
343.91,226.63963317871094,-213.6468963623047,-51.63364028930664,226.62118687840456,-214.1083546221319,-51.64250496334317,0.4619118682211335,0.3117935429653786,0.07908082673584108,3.7401370115973436e-05,58.581431512835,94.2276952197699,nan,nan,nan
343.92,226.6448211669922,-213.63833618164062,-51.6351203918457,226.62668308131532,-214.10003573695388,-51.644288175547544,0.4621466409988142,0.3118400605069034,0.07910155899085144,3.659528403880532e-05,58.58129670436777,95.86304840792852,nan,0.02128248589856742,nan
343.93,226.65005493164062,-213.6297607421875,-51.63656997680664,226.63221896270258,-214.09171208981138,-51.645862623142236,0.4623889300528256,0.3118866623211642,0.0791223552650179,3.7324181106276125e-05,58.407391043492694,94.25825278919164,nan,nan,nan
343.94,226.65533447265625,-213.62120056152344,-51.63799285888672,226.63779420104714,-214.0833826986564,-51.64718293084279,0.4626061461280845,0.3119333485281477,0.07914321356882113,3.652274567728083e-05,58.21316606074215,94.76504066002693,nan,0.032989866923426196,nan
343.95,226.66064453125,-213.6126251220703,-51.63938522338867,226.6478766178923,-214.08072309332798,-51.6487396868272,0.4683654943452518,0.31187257393155854,0.07913267670472876,3.722674219918772e-05,59.00100883911399,94.28861688350096,1.8430850861065897,nan,nan
343.96,226.66600036621094,-213.60406494140625,-51.640750885009766,226.6535354494216,-214.0723737845734,-51.64849228356947,0.4685386600812858,0.3119190666966964,0.07915352661302083,3.643079025050306e-05,58.1044668967396,94.04672153708744,nan,1.9641643172929915,nan
343.97,226.67138671875,-213.59548950195312,-51.64208984375,226.65922657009307,-214.06406813784685,-51.64993867455203,0.468802102572437,0.3119656436798607,0.07917444061483292,3.715587851731945e-05,57.92981683331887,93.17532173134069,nan,nan,nan
343.98,226.6768035888672,-213.58692932128906,-51.643402099609375,226.66495302063583,-214.05577518845482,-51.6518732786348,0.4690721095949906,0.3120123049975777,0.07919541699552139,3.636425478531145e-05,58.05376409173944,94.76012811410577,nan,0.1726834727001662,nan
343.99,226.68226623535156,-213.57835388183594,-51.64468765258789,226.6707174640936,-214.0474698379893,-51.65327334052635,0.46933662596544296,0.3120590508232626,0.07921645769543453,3.70880477894121e-05,57.88168122394032,93.02306603381214,nan,nan,nan
344.0,226.68775939941406,-213.56979370117188,-51.64595031738281,226.6591357303715,-214.03799745237583,-51.653503910848094,0.46913870427108767,0.3119982193228899,0.0792058903572955,3.627840163411481e-05,59.14782621239215,93.58704233005541,8.918656019458131,0.7348141301966286,nan
344.01,226.6932830810547,-213.56121826171875,-51.64718246459961,226.66493420091902,-214.0297074559429,-51.65484258240113,0.4694086295696791,0.31204477145492004,0.07922692201483286,3.700009414073955e-05,58.97630229638767,92.70129117889908,nan,nan,nan
344.02,226.6988525390625,-213.5526580810547,-51.64839172363281,226.67076943890126,-214.02140606528815,-51.65564919539018,0.46964455084021467,0.3120914078626254,0.07924801638310201,3.621762247589205e-05,58.658170292446044,92.88805766388569,nan,0.17020055795593228,nan
344.03000000000003,226.70445251464844,-213.54408264160156,-51.64957809448242,226.6766378686878,-214.01311650682686,-51.656935890949825,0.4699154800886591,0.3121381287225019,0.0792691751623337,3.693821477820265e-05,58.486582901021634,91.8767426966764,nan,nan,nan
344.04,226.7100830078125,-213.5355224609375,-51.65074157714844,226.68253343971955,-214.00487583882256,-51.66041564273884,0.47026073574057636,0.31218493414623605,0.07929039699525692,3.6159600654177665e-05,59.42270607761494,94.10643450847832,nan,3.2444457818200405,nan
344.05,226.7156982421875,-213.52696228027344,-51.65188217163086,226.65708004738627,-213.9805812970517,-51.66161803792367,0.4574943630659466,0.31212404532727084,0.07927979748346273,3.685627858195129e-05,59.20304334660088,93.12765788961947,9.52872383078221,nan,nan
344.06,226.7212677001953,-213.5183868408203,-51.65299606323242,226.66290358555693,-213.97226992153074,-51.66307851326443,0.45773122750294976,0.3121706568003484,0.07930100973193174,3.608232243401703e-05,59.26298487156898,91.30399367878016,nan,0.03226162377640735,nan
344.07,226.7267303466797,-213.50982666015625,-51.654090881347656,226.6686537165698,-213.96395411623345,-51.66429914891937,0.45793978867847746,0.3122173526687579,0.0793222864923153,3.6800076589436636e-05,59.085074963128804,93.290010519776,nan,nan,nan
344.08,226.7321014404297,-213.5012664794922,-51.6551628112793,226.67431178298816,-213.95564389196474,-51.66576638386143,0.4581603575430406,0.3122641330415596,0.0793436266161784,3.602968135985581e-05,59.18212765738601,93.16720768857044,nan,0.04772693089883833,nan
344.09000000000003,226.7373809814453,-213.49269104003906,-51.65621566772461,226.67987221446404,-213.94732839191258,-51.666947819514235,0.45838581902181946,0.3123109980994155,0.07936503149292733,3.6746588358278015e-05,59.00899581510963,91.44375680302473,nan,nan,nan
344.1,226.7425537109375,-213.484130859375,-51.65724563598633,226.6986415526876,-213.94972644446324,-51.66823435914295,0.4677908491328526,0.31225005147241974,0.07935439499743241,3.59578131203179e-05,60.128792265870715,93.43751331434052,4.10021752403738,0.0028639397491700387,nan
344.11,226.74761962890625,-213.47557067871094,-51.65825653076172,226.7040164237586,-213.94143814688073,-51.66937741810259,0.46803569472138346,0.31229672231987704,0.07937578962193079,3.667306001034999e-05,59.9534703981786,93.55410286430029,nan,nan,nan
344.12,226.75259399414062,-213.46701049804688,-51.659244537353516,226.70929551633586,-213.9331229570919,-51.66907010823434,0.46822230243801294,0.3123434776115971,0.07939724790493324,3.59102836217096e-05,59.081628473799675,92.27542702506187,nan,1.3725145188967414,nan
344.13,226.75747680664062,-213.45843505859375,-51.660213470458984,226.71447000245342,-213.92483484496012,-51.67016105307872,0.4684840449033085,0.31239031753037705,0.07941877105527351,3.6624839796007705e-05,58.91202703322309,90.70963337823352,nan,nan,nan
344.14,226.76223754882812,-213.4498748779297,-51.661163330078125,226.71954222214973,-213.9165695292128,-51.67248846009493,0.4687803825101323,0.3124372421818535,0.07944035819354021,3.586519505226491e-05,59.597490880146715,93.82404031388852,nan,1.058221689061887,nan
344.15000000000003,226.7669219970703,-213.44131469726562,-51.6620979309082,226.73265426887156,-213.91314296958112,-51.67352648754124,0.47320905280736103,0.31237623731889574,0.07942968244489051,3.655658394298279e-05,59.72970276252749,92.97070250305097,0.7797468293258855,nan,nan
344.16,226.77151489257812,-213.4327392578125,-51.66300964355469,226.7375613688833,-213.90482712879532,-51.6724456551317,0.4734013498236644,0.31242296749562926,0.07945125873761076,3.580085231290333e-05,58.462415553459415,90.63870200906379,nan,3.0554825261340524,nan
344.17,226.7760009765625,-213.42417907714844,-51.66390609741211,226.74236839472204,-213.89654807820003,-51.6734549087209,0.4736610639615029,0.31246978224036714,0.07947290001891494,3.651334448168298e-05,58.28628392502422,92.3893534647316,nan,nan,nan
344.18,226.78041076660156,-213.4156036376953,-51.66477966308594,226.74708479245544,-213.88826917532617,-51.67448709088508,0.4739383558767253,0.3125166816571187,0.07949460556467519,3.5760477952717487e-05,58.24343474473985,90.68986786208555,nan,0.001088500453835043,nan
344.19,226.78472900390625,-213.40704345703125,-51.66564178466797,226.75171262452062,-213.8799890703061,-51.67546285292085,0.47419836335154414,0.31256366593133966,0.07951637635238179,3.647247884679644e-05,58.068619888727866,91.8034054679029,nan,nan,nan
344.2,226.78897094726562,-213.39846801757812,-51.66648483276367,226.76477789130323,-213.88144178001684,-51.6749464888227,0.4836533456767068,0.312502602318696,0.07950565694949874,3.570082997217842e-05,58.64262978525849,90.06308857159429,4.231088688980975,1.450625534364573,nan
344.21,226.79310607910156,-213.38990783691406,-51.66730880737305,226.7692412328555,-213.87318876294358,-51.675875213655985,0.4839456247006524,0.312549391850734,0.0795274162008913,3.641151760738556e-05,58.46898576238927,92.20777599394296,nan,nan,nan
344.22,226.79718017578125,-213.38133239746094,-51.66811752319336,226.7736238515572,-213.8649241489138,-51.67606492032612,0.48423036212671366,0.3125962659934448,0.07954923998075,3.5664894793095476e-05,58.04743087279498,89.65470903911844,nan,0.35553106242702687,nan
344.23,226.80116271972656,-213.3727569580078,-51.66891098022461,226.77792175927715,-213.85667032925048,-51.67695553741454,0.4845379324783913,0.3126432249334092,0.0795711291339925,3.637521412386953e-05,57.87771484809377,90.07859821709224,nan,nan,nan
344.24,226.80506896972656,-213.36419677734375,-51.6696891784668,226.7821434384877,-213.84840016492115,-51.67676108773454,0.48479739317028087,0.3126902687727397,0.07959308313421841,3.563107324046057e-05,57.321708470325504,90.48463620041001,nan,0.7795773607556816,nan
344.25,226.80889892578125,-213.35562133789062,-51.670448303222656,226.79855366826197,-213.84425763215467,-51.67747149981112,0.4887962537863339,0.31262914596915925,0.0795823173795319,3.6318777891733755e-05,56.79681308954382,89.57373227952418,2.50478654725086,nan,nan
344.26,226.81265258789062,-213.3470458984375,-51.67119598388672,226.80264592407875,-213.83597493418864,-51.67623345163148,0.4890573702567668,0.3126759947948841,0.07960425920296248,3.557789138003083e-05,55.9756209525076,88.80433936227101,nan,2.9303337989891767,nan
344.27,226.8163299560547,-213.33847045898438,-51.67192840576172,226.8066545348342,-213.82772073714526,-51.67703238439815,0.4893725564988445,0.31272292835659954,0.07962626653594757,3.628675088746783e-05,55.80410332506464,88.79104395570462,nan,nan,nan
344.28000000000003,226.81993103027344,-213.32989501953125,-51.672645568847656,226.8105911440832,-213.8194580778834,-51.67724877259966,0.48967378024757513,0.31276994675577574,0.07964833896448935,3.5548111771120265e-05,55.506151655211895,88.74198559782955,nan,0.2211688716393102,nan
344.29,226.82345581054688,-213.32131958007812,-51.67334747314453,226.81445286848378,-213.8112022943702,-51.67801449616351,0.489987660897509,0.3128170501801556,0.07967047716587371,3.6256756343043534e-05,55.33457362047419,88.8952173552163,nan,nan,nan
344.3,226.82691955566406,-213.312744140625,-51.67403793334961,226.82265280539613,-213.79902445090437,-51.68055890866155,0.48634274790755067,0.3127558676523909,0.0796596609558273,3.549892072965218e-05,54.539415538637186,88.77182438873996,3.770928899027493,2.0868977028493414,nan
344.31,226.83030700683594,-213.30416870117188,-51.67470932006836,226.82638763903756,-213.79074760955194,-51.68131680475466,0.48663955282956295,0.3128027757883125,0.07968178626514691,3.620651898890237e-05,54.37135112994783,89.12823971093735,nan,nan,nan
344.32,226.83363342285156,-213.29559326171875,-51.67537307739258,226.83005088961136,-213.78248071196828,-51.682937347737685,0.48695938428246316,0.3128497686991149,0.07970397690799473,3.5472914625256874e-05,54.603605177801825,89.05382767687937,nan,0.5261768160879924,nan
344.33,226.83688354492188,-213.28701782226562,-51.676021575927734,226.8336506217728,-213.77420217339883,-51.68367917608108,0.4872552540725262,0.31289684657273087,0.07972623346722825,3.618039246790818e-05,54.43573227727927,89.54281041636996,nan,nan,nan
344.34000000000003,226.840087890625,-213.2784423828125,-51.67665481567383,226.83718559750997,-213.7659202573068,-51.68420768206102,0.4875450207083012,0.3129440095101575,0.07974855566985506,3.5448700142025265e-05,54.25100204867748,88.43764403040662,nan,0.027876936543844252,nan
344.35,226.8433380126953,-213.2698516845703,-51.67738342285156,226.8501948569535,-213.76059990152314,-51.68507286928137,0.49085635000675454,0.31288276680342153,0.07973768599387294,3.61339601235837e-05,53.87448118998043,88.52788500407196,1.4321466214715348,nan,nan
344.36,226.84664916992188,-213.2612762451172,-51.678199768066406,226.8538072768719,-213.75232022496854,-51.6859846868127,0.4911578499863891,0.31292973417413616,0.07975999462040247,3.540495044521181e-05,53.782084055186154,89.6344754827659,nan,0.0016618943890148532,nan
344.37,226.85003662109375,-213.252685546875,-51.679107666015625,226.85748112306192,-213.74403925152563,-51.68693909913116,0.4914724967158391,0.3129767864442607,0.07978236930984649,3.611142844367503e-05,53.60601549039753,87.61389652433067,nan,nan,nan
344.38,226.8534698486328,-213.24411010742188,-51.68010330200195,226.8612135341422,-213.73576284741048,-51.688497463503545,0.49178536309134907,0.3130239237150142,0.07980480986782708,3.538412853565572e-05,53.7317309908539,89.70425014359132,nan,0.18234346108686486,nan
344.39,226.85696411132812,-213.2355194091797,-51.681190490722656,226.8650080631141,-213.72748020965005,-51.68963622897567,0.4920990396804456,0.31307114617416937,0.07982731675982942,3.6090600667284515e-05,53.553215699220964,88.45644892828437,nan,nan,nan
344.40000000000003,226.86053466796875,-213.22694396972656,-51.68235778808594,226.866424216236,-213.71660998926998,-51.688995205016894,0.48974641680956216,0.3130098427402549,0.0798163897247656,3.534370194497378e-05,52.491855257596335,87.70677848098269,0.25566391974727576,2.3832388992991183,nan
344.41,226.86415100097656,-213.21835327148438,-51.683616638183594,226.87033438880886,-213.7083188219203,-51.69029091188049,0.49005001870058684,0.3130568693507505,0.07983888229980941,3.604932775015048e-05,52.31830901145345,87.18219955056865,nan,nan,nan
344.42,226.86781311035156,-213.2097625732422,-51.68495559692383,226.87431113445325,-213.700006075275,-51.68945146726457,0.4903071776476007,0.31310398089799046,0.07986144095956203,3.5326019774095115e-05,51.491072408464966,87.13216204757633,nan,3.4186438022418684,nan
344.43,226.87155151367188,-213.201171875,-51.686378479003906,226.8783366412247,-213.69171376420158,-51.69089638859774,0.49060961519772694,0.3131511775691562,0.07988406610485008,3.603171052982808e-05,51.32386595412551,85.94356208275744,nan,nan,nan
344.44,226.87533569335938,-213.19259643554688,-51.68788528442383,226.8824132675067,-213.68343365309963,-51.693852526721194,0.49092450964621215,0.3131984594661923,0.07990675763797718,3.5309824325860416e-05,51.600369889391686,87.9411618526399,nan,1.4122746255361271,nan
344.45,226.87918090820312,-213.1840057373047,-51.689476013183594,226.88912845175471,-213.67416182519761,-51.69543267701402,0.4902932040781298,0.31313709483680385,0.0798957700126138,3.5993571514344976e-05,51.07458129580049,86.46412527183091,0.5697078050862412,nan,nan
344.46,226.88307189941406,-213.1754150390625,-51.69114303588867,226.8933290652179,-213.66586038259354,-51.69699166585955,0.49058745490905026,0.3131841806003375,0.07991844650448085,3.527388088009899e-05,50.89635054654882,86.89884335218655,nan,0.015321636716109494,nan
344.47,226.88702392578125,-213.1668243408203,-51.692893981933594,226.89758349676896,-213.65755973591692,-51.69877883491535,0.49088426745484953,0.31323135142235,0.07994118963491292,3.597891183841426e-05,50.728013630489045,86.34372857015985,nan,nan,nan
344.48,226.89102172851562,-213.15823364257812,-51.69472122192383,226.9018912386295,-213.6492594524358,-51.70074668495007,0.49118305996969763,0.3132786074056974,0.07996399935873723,3.526047202054209e-05,50.6335379587153,86.76584008898111,nan,0.006989211035614935,nan
344.49,226.89508056640625,-213.14964294433594,-51.69662857055664,226.90625264806394,-213.64095800876072,-51.702694733061385,0.49147950747394126,0.3133259487363384,0.07998687599826629,3.5965650448203476e-05,50.46661736060006,86.17826015749148,nan,nan,nan
344.5,226.89920043945312,-213.14105224609375,-51.698612213134766,226.93767217477827,-213.64320539682345,-51.70466321276811,0.5036610723524825,0.3132645223524607,0.07997582403338883,3.522723758335337e-05,49.904972483893985,86.50353645026098,8.078160902572716,0.033228825202285844,nan
344.51,226.90335083007812,-213.13246154785156,-51.70063781738281,226.94218574955877,-213.63491518083862,-51.7067522006173,0.5039892756352039,0.31331166726089177,0.07999868486450137,3.593171469466131e-05,49.74502751586469,87.64784781618164,nan,nan,nan
344.52,226.90756225585938,-213.12387084960938,-51.702667236328125,226.9467462508343,-213.62663293468236,-51.71005791542626,0.5043408785599927,0.3133588972653876,0.08002161248696263,3.5216384251271375e-05,50.095913569131156,87.41565411889799,nan,0.9921430242622216,nan
344.53000000000003,226.91183471679688,-213.1152801513672,-51.70467758178711,226.9513618369467,-213.61834224978224,-51.712174852285415,0.5046682842759423,0.3134062125507217,0.08004460718114118,3.592106032830908e-05,49.95144364562595,86.67145336853083,nan,nan,nan
344.54,226.91615295410156,-213.106689453125,-51.70665740966797,226.9560226364502,-213.61005960770515,-51.71556244514338,0.5050251516008357,0.31345361322139453,0.08006766896468002,3.52067380251344e-05,50.48081307727527,87.48114497041837,nan,1.1683386901366382,nan
344.55,226.92050170898438,-213.0980987548828,-51.7086067199707,226.9651990366045,-213.60583296647792,-51.7176294055311,0.509777686423413,0.3133921246016294,0.08005654928147121,3.588965054960116e-05,50.83263698021266,88.68527609235979,0.5368379992234973,nan,nan
344.56,226.9249267578125,-213.08950805664062,-51.71051788330078,226.96996800382524,-213.59755251289408,-51.7197729292274,0.5101211025309149,0.31343932855890483,0.08007959449498954,3.51771166558284e-05,50.84316694955403,87.12499138400521,nan,0.0073261728429845924,nan
344.57,226.92938232421875,-213.08091735839844,-51.7123908996582,226.9747856915536,-213.589271491034,-51.72177950754737,0.5104640397629314,0.3134866177296378,0.08010270693653311,3.5881375360784214e-05,50.70736684632223,88.0131025996458,nan,nan,nan
344.58,226.9338836669922,-213.07232666015625,-51.71422576904297,226.97964620535663,-213.58099806894242,-51.72508181033201,0.5108411354487167,0.31353399221973727,0.08012588665662487,3.516970811969413e-05,51.444693385897416,88.84871359414646,nan,1.2396042705825407,nan
344.59000000000003,226.93844604492188,-213.06373596191406,-51.716026306152344,226.9845587051732,-213.57271740372607,-51.72703030196635,0.5111844808563382,0.31358145221198,0.08014913388641558,3.5874222474206025e-05,51.31384258737725,87.88366450428205,nan,nan,nan
344.6,226.9430389404297,-213.05514526367188,-51.71779251098633,226.98306666488986,-213.56795735708172,-51.72954864925908,0.5145062377269486,0.3135199007901437,0.08013794283045343,3.5142246337388e-05,53.15703434722153,89.28295466562702,4.043869861226932,0.1909979782991388,nan
344.61,226.94769287109375,-213.0465545654297,-51.719520568847656,226.9880548550458,-213.55969547021118,-51.73143466442513,0.5148636941773466,0.3135671637738649,0.08016117269641135,3.584616025345982e-05,53.030564622662204,88.34776628998506,nan,nan,nan
344.62,226.95237731933594,-213.0379638671875,-51.72121810913086,226.99309689788979,-213.55142321123643,-51.73102930914825,0.5151648684785648,0.31361451201021484,0.08018447002365242,3.51368699756988e-05,51.65570634984597,87.77171441107431,nan,3.570832603971155,nan
344.63,226.95712280273438,-213.0293731689453,-51.722877502441406,226.99817594129055,-213.54316162650107,-51.7328263005899,0.5155219858429333,0.3136619456803834,0.0802078350182289,3.5841075660598485e-05,51.52512840446926,86.76194788044002,nan,nan,nan
344.64,226.96189880371094,-213.02078247070312,-51.72450637817383,227.00330531756063,-213.53489327050863,-51.73298435150644,0.5158452189345871,0.31370946489255447,0.08023126776832498,3.513245149870441e-05,50.65586038868181,86.67095533336236,nan,1.8081341785572382,nan
344.65000000000003,226.9667205810547,-213.01219177246094,-51.726104736328125,226.9920635743843,-213.51760404924647,-51.73478747535839,0.50612175095871,0.31364785017497265,0.08022000186998378,3.5815003001144995e-05,50.486852289098785,85.84395111361783,3.0199447533561865,nan,nan
344.66,226.97158813476562,-213.00360107421875,-51.72766876220703,226.997248841873,-213.50932645499967,-51.73651632518328,0.5064532673661719,0.31369517208134123,0.08024341646002152,3.510783360793377e-05,50.45924393383428,85.69428577729987,nan,0.0012144471051361578,nan
344.67,226.97650146484375,-212.99501037597656,-51.72920227050781,227.00247732628378,-213.50104893101684,-51.73817350935333,0.5067842220227723,0.3137425793523223,0.08026689887433068,3.58117867589465e-05,50.325393188632525,85.38743213437408,nan,nan,nan
344.68,226.98146057128906,-212.98641967773438,-51.7307014465332,227.07691267309252,-213.48989881293747,-51.741020604953825,0.5125512933883427,0.30875480781900455,0.08028173923683743,3.510461493091767e-05,60.14276704132533,95.08078592899105,nan,1.005062965888494,0.9501511867817657
344.69,226.9864501953125,-212.9778289794922,-51.732173919677734,227.08225814968978,-213.4815665156657,-51.7426309996287,0.5128742730857251,0.30879768831456883,0.08030502261468922,3.580888313707625e-05,59.96618339591267,95.54359125771529,nan,nan,nan
344.7,226.99148559570312,-212.96923828125,-51.733619689941406,227.07359847918747,-213.46495299283075,-51.742633605264466,0.5025503473097461,0.3087357651601289,0.08029375415930405,3.508169590487566e-05,58.82241761028883,93.88120350568458,2.502266463981823,1.9846329723090412,nan
344.71,226.99656677246094,-212.96066284179688,-51.73503494262695,227.0790060272542,-213.45660506453711,-51.74417216884124,0.5028303967843316,0.3087784710294026,0.08031701535578964,3.578543067713647e-05,58.640689121329814,94.56487723915207,nan,nan,nan
344.72,227.00167846679688,-212.9520721435547,-51.736419677734375,227.08445961440884,-213.44825696127947,-51.74557518988373,0.5031261423770844,0.30882125667152766,0.08034033837038208,3.508062483297977e-05,58.50144784100798,93.94025102570097,nan,0.008175005717706834,nan
344.73,227.0068359375,-212.9434814453125,-51.73777770996094,227.08994800844667,-213.4399097724889,-51.74705794746944,0.5034231055170396,0.3088641291926101,0.08036372341024371,3.578471258264332e-05,58.32432198414709,93.44933393834305,nan,nan,nan
344.74,227.0120391845703,-212.9348907470703,-51.73910903930664,227.09557715129415,-213.43155375522085,-51.74643578555273,0.5036927801349206,0.30890708188688515,0.08038717056135478,3.5080295173657065e-05,57.25480391833582,92.05085213598305,nan,3.0362199902487856,nan
344.75,227.01727294921875,-212.92630004882812,-51.740413665771484,227.07839677101146,-213.41118708968176,-51.74795423962886,0.4887825940358763,0.3088451878329054,0.0803758320637039,3.576278770589758e-05,57.046960454032195,91.68836706465021,5.482045770186834,nan,nan
344.76,227.02255249023438,-212.91770935058594,-51.74169158935547,227.08389860368334,-213.40282540033164,-51.7507506180283,0.48906338378236763,0.3088879658375396,0.08039925649898866,3.5059556591173335e-05,57.60564844070162,91.87189024518328,nan,1.3987981066365303,nan
344.77,227.02786254882812,-212.9091339111328,-51.74294662475586,227.08950595707887,-213.39445843168596,-51.752126389823445,0.48930978747375203,0.30893083044811653,0.08042274317376286,3.576349784339817e-05,57.42502991494721,93.18446998178976,nan,nan,nan
344.78000000000003,227.033203125,-212.90054321289062,-51.74417495727539,227.09512834255534,-213.38609351372244,-51.75395888239798,0.48958099676963546,0.30897377540991067,0.0804462921899235,3.506056479450971e-05,57.60631800151069,92.69520642074323,nan,0.1627465740058571,nan
344.79,227.03858947753906,-212.89195251464844,-51.74537658691406,227.1008107101019,-213.37772702456041,-51.755291472371155,0.4898435068626393,0.30901680715747226,0.08046990373126331,3.576487981860114e-05,57.43350610950307,92.12097992247507,nan,nan,nan
344.8,227.0439910888672,-212.88336181640625,-51.746559143066406,227.12312444760423,-213.38321635601986,-51.75615789809199,0.5061707077018367,0.3089549347612151,0.08045849233132363,3.5041099044927376e-05,58.58767007825854,92.42286065553692,7.593713329162036,0.05772005310410009,nan
344.81,227.04934692382812,-212.87478637695312,-51.74771499633789,227.12883284508516,-213.3748844844963,-51.75743877692959,0.506468834929994,0.3089977915180928,0.08048208059631308,3.574492061554849e-05,58.406534975922646,93.31145076736235,nan,nan,nan
344.82,227.05462646484375,-212.86619567871094,-51.74884796142578,227.1344217264693,-213.36655700222195,-51.75997982893137,0.5068063301871303,0.3090407287979056,0.0805057314277967,3.504329427202254e-05,59.10305005393591,92.97520186226589,nan,1.158395088857929,nan
344.83,227.05982971191406,-212.85760498046875,-51.74995803833008,227.1399860611658,-213.35822587129266,-51.76122935986349,0.5071226275210009,0.30908375259692117,0.08052944499752422,3.574750484643775e-05,58.92772909013641,92.12172586365992,nan,nan,nan
344.84000000000003,227.06491088867188,-212.84902954101562,-51.75104522705078,227.14536885528526,-213.34990062993907,-51.764452124668736,0.5074692867698076,0.3091268573131498,0.08055322142510388,3.5046047939387414e-05,60.30299540552674,96.0258513265637,nan,2.801605558835013,nan
344.85,227.06991577148438,-212.84043884277344,-51.752113342285156,227.12507983251172,-213.328073899004,-51.76568370411287,0.49093296529583075,0.3090650117974265,0.08054173432658408,3.5728685712949164e-05,60.06281236025043,92.84070040406881,6.283850387325612,nan,nan
344.86,227.07481384277344,-212.8318634033203,-51.75315856933594,227.13028985840154,-213.3197215037713,-51.76748930583815,0.4912112422311831,0.30910794143765286,0.08056548690651003,3.50282054033577e-05,60.57448653268413,94.96840981385114,nan,0.25291425257403444,nan
344.87,227.07962036132812,-212.82327270507812,-51.75418472290039,227.1354289986798,-213.31136777634637,-51.76868201550509,0.4914891393431526,0.3091509573359623,0.08058930243560773,3.5732329128534074e-05,60.401160192847826,93.45667201975633,nan,nan,nan
344.88,227.08432006835938,-212.81468200683594,-51.75518798828125,227.14054632451013,-213.30301023284358,-51.76812775025491,0.4917248068141693,0.3091940543125316,0.08061318104227068,3.503194893151222e-05,59.10597137052915,92.83219879859182,nan,2.103234389202163,nan
344.89,227.08892822265625,-212.8061065673828,-51.75617218017578,227.1454952268567,-213.294656528423,-51.76926444726511,0.4919881074315831,0.30923723773436296,0.0806371228853414,3.57364710143456e-05,58.92713166478685,93.6676384914476,nan,nan,nan
344.90000000000003,227.0934600830078,-212.79751586914062,-51.757137298583984,227.1631454484898,-213.29153061156202,-51.77079472034517,0.4990923171730861,0.30917541267549753,0.08062555721697166,3.501504150629175e-05,59.11143089264522,92.53896994387392,1.8270024775316358,0.10445616327495341,nan
344.91,227.09788513183594,-212.7889404296875,-51.75808334350586,227.1679344033257,-213.28318293049114,-51.77189861063119,0.4993730185368667,0.3092184207139498,0.08064947461932413,3.5719090857657845e-05,58.93320679417532,94.39557903697663,nan,nan,nan
344.92,227.10223388671875,-212.7803497314453,-51.759010314941406,227.17265814618156,-213.27483410926433,-51.772406164682636,0.49965370509807966,0.30926150998313395,0.08067345531439117,3.5019650386200935e-05,58.52494170415948,92.30921911791303,nan,0.23577755072178452,nan
344.93,227.1064910888672,-212.77175903320312,-51.759918212890625,227.17727065532495,-213.26648602709545,-51.773468537966515,0.49994815413535687,0.30930468544649115,0.0806974994549683,3.572410687891215e-05,58.351301751494795,92.46564639022102,nan,nan,nan
344.94,227.11065673828125,-212.76318359375,-51.760807037353516,227.18176556775296,-213.25813889368158,-51.7753032263446,0.5002472929006794,0.30934794252588216,0.08072160717835701,3.502466698953446e-05,59.01851590610885,94.63338432055995,nan,0.43945364980289087,nan
344.95,227.11474609375,-212.7545928955078,-51.761680603027344,227.1768106218296,-213.248182684667,-51.77638963516007,0.4976939232442317,0.3092861420313017,0.08070996008362162,3.5707549798555636e-05,59.70490734849424,92.89000881060375,2.2131872997484536,nan,nan
344.96,227.11875915527344,-212.74600219726562,-51.762535095214844,227.181131418076,-213.23983750830263,-51.77785442644452,0.49799427256089085,0.30932922361783716,0.08073404275972955,3.5008926445158335e-05,60.16332664606152,93.15519076614648,nan,0.13897001828004676,nan
344.97,227.1226806640625,-212.73741149902344,-51.763370513916016,227.18538908092316,-213.23149137050103,-51.778863766646964,0.4982843624123399,0.30937239115479304,0.08075818908791137,3.571332333384373e-05,59.994379233986706,93.6798084549174,nan,nan,nan
344.98,227.1265411376953,-212.72882080078125,-51.76419448852539,227.18960770835486,-213.2231439055275,-51.77882503071027,0.4985446589678384,0.30941564044686715,0.08078239920926492,3.501464914322502e-05,59.20201326871944,92.01075933065978,nan,0.751665159071359,nan
344.99,227.13031005859375,-212.72024536132812,-51.76499938964844,227.19370895404697,-213.21479689973523,-51.77979282061177,0.4988180927805173,0.30945897588633187,0.08080667327100076,3.571945444954877e-05,59.026548729990395,93.80831481405279,nan,nan,nan
345.0,227.13400268554688,-212.71165466308594,-51.765785217285156,227.16589413326153,-213.198256073596,-51.78172211646822,0.4879057100540054,0.3093971944722089,0.0807949418594338,3.499957098795919e-05,61.83125234638524,93.15961752097033,17.383266642455467,0.7079839773073212,nan
345.01,227.13763427734375,-212.70306396484375,-51.76655960083008,227.16977674993973,-213.189908727626,-51.782669421025574,0.4881705520612897,0.30944035410803405,0.08081919024874018,3.5703910769550604e-05,61.66174934445152,92.43409014097743,nan,nan,nan
345.02,227.1411895751953,-212.69447326660156,-51.76731872558594,227.17356112365889,-213.1815610448248,-51.78428761106287,0.48845712597802504,0.30948359562813715,0.08084350263738652,3.500589953675249e-05,62.436807794376826,93.51123012223373,nan,0.33160106795652644,nan
345.03000000000003,227.14466857910156,-212.68588256835938,-51.76805877685547,227.17729921858742,-213.17321225917766,-51.78521304968429,0.4887220634088327,0.30952692306409907,0.08086787917063006,3.57106520939525e-05,62.26976261859285,93.70158575538424,nan,nan,nan
345.04,227.1480712890625,-212.6772918701172,-51.7687873840332,227.18098501958184,-213.1648626572517,-51.78563094945681,0.4889706451514613,0.30957033275889145,0.08089231999246187,3.5012514967661215e-05,61.95014917061981,93.80830176060304,nan,0.17199468826853626,nan
345.05,227.1514129638672,-212.66868591308594,-51.769500732421875,227.16879341436757,-213.14120042417474,-51.78648597019447,0.4731390298329646,0.30950857351912303,0.08088050136666372,3.569567901315525e-05,60.1763349600198,91.73365561757001,8.393304159975091,nan,nan
345.06,227.15469360351562,-212.66009521484375,-51.770198822021484,227.17227387727928,-213.1328100905704,-51.788486271011,0.47339502590268084,0.3095518072755836,0.08090491587573914,3.499823986506876e-05,61.46844855833153,93.93682041956087,nan,0.888179046711579,nan
345.07,227.1579132080078,-212.65150451660156,-51.7708854675293,227.17572812192608,-213.12441898340668,-51.78936313136072,0.4736104814424565,0.3095951267247393,0.0809293947307798,3.570293785979189e-05,61.295308334367576,93.6379935940744,nan,nan,nan
345.08,227.1610565185547,-212.64291381835938,-51.77155685424805,227.17916526554384,-213.11602720603395,-51.78885369360684,0.4737756694536265,0.30963852854705065,0.08095393807626561,3.5005336254882256e-05,60.09772633627462,93.15677033710259,nan,1.331740327129621,nan
345.09000000000003,227.1641387939453,-212.63430786132812,-51.772212982177734,227.18249148695446,-213.1076343723411,-51.78969169307607,0.4740045492430085,0.3096820162701845,0.08097854605672737,3.5710442921371524e-05,59.9286269888367,91.88714086857868,nan,nan,nan
345.1,227.1671600341797,-212.62571716308594,-51.772857666015625,227.20174456227048,-213.0955737093855,-51.791647821670345,0.47150220957418154,0.30962027456078967,0.08096663730371433,3.49915093280132e-05,58.85391949080644,94.6804857482225,18.461464333075785,1.0943039763820994,nan
345.11,227.1701202392578,-212.61712646484375,-51.77349090576172,227.20499668789392,-213.08715123286555,-51.79247166419751,0.4716989701220612,0.3096635860332312,0.08099121831479772,3.5696148744080534e-05,58.6747402600092,94.63085403018214,nan,nan,nan
345.12,227.17303466796875,-212.6085205078125,-51.774112701416016,227.20817247700248,-213.07872758134278,-51.79378949793367,0.4719285263075267,0.30970697998265007,0.0810158640142839,3.499900803721967e-05,59.46800634292408,93.70252684811835,nan,0.18053045050181918,nan
345.13,227.17587280273438,-212.59991455078125,-51.77471923828125,227.2113063266878,-213.0703030407437,-51.794595440882766,0.47213973518311064,0.3097504596229624,0.08104057454736643,3.570405765277487e-05,59.29233874895549,94.58579410814461,nan,nan,nan
345.14,227.1787872314453,-212.59132385253906,-51.77541732788086,227.21444601979474,-213.06187739059519,-51.79539054339235,0.47232521709257974,0.3097940221032439,0.08106535005756962,3.5006699497853246e-05,59.44991803460572,95.47703687798071,nan,0.001875135113316828,nan
345.15000000000003,227.1817626953125,-212.5827178955078,-51.776206970214844,227.24569640203964,-213.0678454985976,-51.79639552479751,0.48973859136445835,0.3097323001216462,0.081053348254144,3.569013870501813e-05,59.50987972974332,95.3304310858654,7.667411425244175,nan,nan
345.16,227.184814453125,-212.57411193847656,-51.7770881652832,227.24901228303122,-213.05944240785504,-51.79740976080755,0.4899795843874118,0.309775686191209,0.08107809612229722,3.49933938116132e-05,59.72273915542624,95.02184689686672,nan,0.00020423983853233463,nan
345.17,227.1879119873047,-212.5655059814453,-51.77805709838867,227.25239214756553,-213.0510386723797,-51.798531283715725,0.490223293304233,0.30981915775042995,0.08110290901959104,3.569837973653917e-05,59.493938654772606,95.84292747147931,nan,nan,nan
345.18,227.1910858154297,-212.55691528320312,-51.77911376953125,227.25582848054748,-213.04263409993106,-51.799977192616154,0.490458626219341,0.30986271223819867,0.08112778708802215,3.5001392839595095e-05,60.015833302246,96.8615050134019,nan,0.03895900153031937,nan
345.19,227.19432067871094,-212.54830932617188,-51.78025817871094,227.25933492461908,-213.03422912895127,-51.80127886278142,0.4907002914844859,0.3099063524353922,0.0811527304750243,3.570678157559321e-05,59.78639584181372,95.66250569276738,nan,nan,nan
345.2,227.19761657714844,-212.53970336914062,-51.78148651123047,227.27679588828795,-213.0381302535394,-51.803000285004956,0.505135194642013,0.30984464626680214,0.08114063268591494,3.4988372122043714e-05,61.71608794670506,96.97458620615117,5.2152998608579955,0.03322248808606847,nan
345.21,227.2009735107422,-212.53109741210938,-51.78280258178711,227.28043960323876,-213.02975422294682,-51.804480285710866,0.50541408537817,0.30988810974026215,0.0811655477435143,3.569328649109495e-05,61.48651935812133,96.81973351935738,nan,nan,nan
345.22,227.2043914794922,-212.52249145507812,-51.784202575683594,227.28420162483766,-213.0213805106028,-51.80406532018425,0.5056228610747964,0.30993165622037866,0.08119052816259485,3.499661871108134e-05,59.427994657574004,94.79484407706454,nan,2.7704602496766544,nan
345.23,227.20787048339844,-212.51388549804688,-51.785682678222656,227.28796652506426,-213.01300379750313,-51.8056958824113,0.5059001690892535,0.30997528822199244,0.08121557409274949,3.5701935804994445e-05,59.20749712763083,94.53517709432809,nan,nan,nan
345.24,227.21141052246094,-212.50527954101562,-51.78724670410156,227.2917734048926,-213.00462588653645,-51.808031822814435,0.5061985646143548,0.31001900358164997,0.0812406856728119,3.500498704175272e-05,60.16526931657928,95.45250080885643,nan,0.27285742498233817,nan
345.25,227.21499633789062,-212.4966583251953,-51.78889083862305,227.30983670064543,-212.99579831762748,-51.809791968234094,0.5085000331088101,0.30995731465002985,0.0812284889607931,3.568866959232489e-05,58.46947570336222,95.24899062474965,7.823540053656939,nan,nan
345.26,227.21865844726562,-212.48805236816406,-51.79061508178711,227.3138805326617,-212.98741043429277,-51.80928769142201,0.50869872233529,0.31000085310121006,0.08125357150779355,3.4992276235595494e-05,56.02809936273556,92.90221020435764,nan,4.028622550201224,nan
345.27,227.2223663330078,-212.4794464111328,-51.79241943359375,227.3179162918286,-212.9790183775129,-51.811228304195446,0.508975164263266,0.3100444768944334,0.08127871975513233,3.569751245671704e-05,55.80887110450256,93.35226088610519,nan,nan,nan
345.28000000000003,227.22613525390625,-212.47084045410156,-51.79430389404297,227.32203577540105,-212.97062801191927,-51.812235681947264,0.5092210345123336,0.3100881841089569,0.08130393383906259,3.5000822998166724e-05,54.9209256335628,92.23879393199911,nan,0.72455435237771,nan
345.29,227.22994995117188,-212.4622344970703,-51.7962646484375,227.32618447161474,-212.96223577511088,-51.81432502465818,0.5094983200721126,0.3101319768967234,0.08132921391297167,3.570645284035946e-05,54.70390445109704,92.60833808601998,nan,nan,nan
345.3,227.23382568359375,-212.45362854003906,-51.79827117919922,227.3260155022997,-212.94498913868108,-51.8133267583868,0.5001608451643843,0.3100703019033906,0.08131691532335934,3.498827708609919e-05,50.65881856565929,89.33200812606114,5.780758527823385,7.835571226638396,nan
345.31,227.23776245117188,-212.44500732421875,-51.80027770996094,227.33027900105955,-212.93657050969733,-51.8154751372072,0.5004244589504755,0.31011391746922407,0.08134216564697622,3.569342269087927e-05,50.49038990343294,87.63782232735919,nan,nan,nan
345.32,227.2417449951172,-212.4364013671875,-51.802268981933594,227.33462735428893,-212.9281543032224,-51.8163891372088,0.5006470428647928,0.3101576165096321,0.08136748199036725,3.499695786082831e-05,49.552719589643516,88.3308165910757,nan,1.064461162646052,nan
345.33,227.24578857421875,-212.42779541015625,-51.80423355102539,227.33899827108303,-212.91973544499464,-51.818495919512536,0.5008956584171929,0.3102014009565056,0.08139286450975428,3.570249627710908e-05,49.39042762865303,87.7417253391707,nan,nan,nan
345.34000000000003,227.2498779296875,-212.419189453125,-51.80615997314453,227.3434436571173,-212.91131846717911,-51.81967987094511,0.5011270292649149,0.31024526921826573,0.08141831333722455,3.500570877243752e-05,48.75165682570732,87.46089763763149,nan,0.5624541664939119,nan
345.35,227.2540283203125,-212.41058349609375,-51.80805206298828,227.3388734631255,-212.89341015724156,-51.82162169008493,0.4904124975504249,0.3101836089354228,0.08140590992800499,3.5689589461910113e-05,47.657646514898865,86.49819817016183,3.39321559038951,nan,nan
345.36,227.25820922851562,-212.4019775390625,-51.80990982055664,227.3434086555685,-212.88496832458156,-51.823033376593166,0.49062334737505736,0.31022729976694224,0.08143132827184182,3.499332021157874e-05,47.256655645057194,87.32003235798123,nan,0.24206179816913276,nan
345.37,227.26246643066406,-212.3933563232422,-51.811729431152344,227.34798107974729,-212.87652503220045,-51.82498921212661,0.4908569835661953,0.3102710758460099,0.0814568129743456,3.569875698958414e-05,47.102540353161224,84.56616926460049,nan,nan,nan
345.38,227.26675415039062,-212.38475036621094,-51.813514709472656,227.3526085899472,-212.86808218916985,-51.82670427953069,0.4910749440102606,0.31031493577934893,0.08148236416466247,3.500215713526019e-05,46.9857070615322,86.72033657259995,nan,0.029783683048188566,nan
345.39,227.27110290527344,-212.3761444091797,-51.81526184082031,227.35728121638857,-212.8596389456773,-51.82858751400125,0.4912954729034384,0.31035888120216426,0.08150798200334736,3.5707977029350005e-05,46.82837075070148,85.89246727529651,nan,nan,nan
345.40000000000003,227.27549743652344,-212.36753845214844,-51.816978454589844,227.3753650454543,-212.85711766278175,-51.83059445722544,0.49984671482932813,0.31029723283799493,0.08149547080518356,3.498984878695684e-05,46.96365047480319,86.75087735321854,1.7725452703071727,0.0134347803902131,nan
345.41,227.27993774414062,-212.3589324951172,-51.81865692138672,227.3801592140162,-212.84868279475012,-51.83241166631236,0.5000888841221492,0.3103410005163711,0.08152105741407271,3.569517369498765e-05,46.8057437257019,86.72775096515774,nan,nan,nan
345.42,227.284423828125,-212.35032653808594,-51.8203010559082,227.38500838429775,-212.84024875746735,-51.833876965389344,0.5003252335254718,0.3103848520792184,0.08154671068713124,3.499873994876522e-05,46.61230142797123,86.63423774874755,nan,0.07186517426056675,nan
345.43,227.28897094726562,-212.34170532226562,-51.82191467285156,227.38989810622732,-212.8318140053822,-51.83562586106643,0.5005804724163794,0.31042878898418486,0.08157243078784782,3.570444705970695e-05,46.45705013816857,84.5468393262961,nan,nan,nan
345.44,227.29354858398438,-212.33309936523438,-51.8234977722168,227.39482411720448,-212.8233782328609,-51.837851258677794,0.5008354263066399,0.31047281010378286,0.08159821784104565,3.5007665437200567e-05,46.91844812084969,87.05705469420384,nan,0.1821310864294894,nan
345.45,227.29818725585938,-212.32449340820312,-51.82504653930664,227.387593329868,-212.8051104567908,-51.83960727636901,0.4890789389521511,0.31041117389378253,0.08158559591449419,3.5691694506380304e-05,46.21239091674505,85.69706544958528,2.7682266720047504,nan,nan
345.46,227.3028564453125,-212.31588745117188,-51.82656478881836,227.39258534217913,-212.79665109916252,-51.84240106567699,0.48932172221036313,0.3104550170385803,0.08161135097613667,3.4995409416980325e-05,47.28121743668915,87.6044326589564,nan,0.9035362116557754,nan
345.47,227.3075714111328,-212.30728149414062,-51.82805633544922,227.39764555384977,-212.78819517888087,-51.84404551472195,0.48953751358853936,0.3104989453851321,0.08163717304131865,3.570099364617807e-05,47.119298143411164,87.4282046474067,nan,nan,nan
345.48,227.31234741210938,-212.29867553710938,-51.82951354980469,227.40280828197328,-212.7797480184791,-51.842706954557144,0.4896814957058494,0.31054295796395676,0.08166306223203378,3.5004358034947493e-05,44.77649810671899,84.06610601690133,nan,6.16011938911255,nan
345.49,227.31715393066406,-212.29006958007812,-51.8309440612793,227.40795772089703,-212.77129272513832,-51.844264448935,0.4898963935258147,0.31058705599615793,0.08168901871594915,3.571031493913204e-05,44.61726587568418,84.6760613346381,nan,nan,nan
345.5,227.32200622558594,-212.28146362304688,-51.83234405517578,227.41609556236128,-212.7626412325861,-51.84446200447844,0.49044014916400674,0.31052542955441265,0.08167628308304095,3.499212570527101e-05,43.490137501539614,83.69077378449401,1.2702396371974471,1.547376409088861,nan
345.51,227.326904296875,-212.27285766601562,-51.833717346191406,227.42133953932614,-212.75418340421732,-51.84595271662801,0.4906548538045135,0.31056934929623115,0.08170220680132664,3.569757725274682e-05,43.33369640030489,83.34577465487072,nan,nan,nan
345.52,227.33184814453125,-212.26425170898438,-51.83506393432617,227.42661937103506,-212.74572484362645,-51.84779899922919,0.49087691597098354,0.31061335327975936,0.08172819781491616,3.5001075617812616e-05,43.620920831882586,83.41873964676026,nan,0.10318320463914674,nan
345.53000000000003,227.33682250976562,-212.25564575195312,-51.83638381958008,227.4319484604856,-212.73726779873698,-51.849240752680586,0.49109473951305666,0.3106574425864482,0.08175425629413055,3.570689922561786e-05,43.463555081471284,83.89181865427993,nan,nan,nan
345.54,227.3418426513672,-212.24703979492188,-51.837677001953125,227.43735082438735,-212.72881661014003,-51.84885905870766,0.49127970565519885,0.3107016164560171,0.08178038235704119,3.501003650091525e-05,42.25353344410044,82.39214648496204,nan,2.281450905188793,nan
345.55,227.34690856933594,-212.23843383789062,-51.83894348144531,227.40929111133116,-212.70378831120274,-51.85029754750096,0.4696544284826664,0.31063999958613964,0.08176753008690504,3.569416558739229e-05,42.23572911143357,80.99573237552725,10.780180051256549,nan,nan
345.56,227.3520050048828,-212.22982788085938,-51.84018325805664,227.41470662223256,-212.69530872653667,-51.85056618165212,0.4697996547605262,0.31068399491462545,0.08179362259523835,3.499778872650277e-05,41.55292530178815,80.79526609299045,nan,0.8261691120364807,nan
345.57,227.35716247558594,-212.22122192382812,-51.841400146484375,227.4201439782888,-212.68682618407044,-51.85188156838843,0.469961548473526,0.3107280754420409,0.0818197827381861,3.570346974089055e-05,41.4005555563093,79.4600075184501,nan,nan,nan
345.58,227.36227416992188,-212.21263122558594,-51.842594146728516,227.42559517719621,-212.67834547554963,-51.85271538558341,0.47010823440718713,0.3107722405307431,0.08184601063139874,3.500673286195832e-05,41.09415381383655,81.3497142880248,nan,0.14801807220060287,nan
345.59000000000003,227.36732482910156,-212.2040252685547,-51.8437614440918,227.43099342298208,-212.66986363062472,-51.8539795436284,0.470280213256896,0.31081649107847487,0.08187230644878382,3.571277704713569e-05,40.93777754083606,79.76431194710025,nan,nan,nan
345.6,227.37229919433594,-212.19541931152344,-51.84490966796875,227.44246417125,-212.66963216214282,-51.85524502382971,0.47948698758014696,0.31075488205970825,0.08185933457683728,3.641020269772444e-05,41.806342787943834,79.50925499247423,2.5021621537950844,nan,nan
345.61,227.37718200683594,-212.1868133544922,-51.846031188964844,227.44770581483937,-212.6611725908555,-51.85646493071175,0.47968651803582185,0.31079895374875127,0.08188559603867607,3.7144128552563656e-05,41.65028588750273,79.39556828488962,nan,nan,nan
345.62,227.3819580078125,-212.17822265625,-51.84713363647461,227.4528670434112,-212.65271559492265,-51.8569579787059,0.47986264480580965,0.31084310996368386,0.08191192541291198,3.636171924031528e-05,41.21730213255189,80.92150681053762,nan,0.3249322050788078,nan
345.63,227.38665771484375,-212.16961669921875,-51.848209381103516,227.45792481086193,-212.6442566732267,-51.85812815194559,0.48006300202800656,0.31088735154866254,0.08193832287804852,3.709429926249647e-05,41.063365079583384,78.56188837555862,nan,nan,nan
345.64,227.39126586914062,-212.1610107421875,-51.849266052246094,227.46289747522152,-212.63579980844366,-51.858759083286635,0.4802560380302015,0.3109316779755085,0.08196478854416439,3.631457879653617e-05,40.74167549526216,78.20474126956398,nan,0.1760567521532334,nan
345.65000000000003,227.39578247070312,-212.1524200439453,-51.850303649902344,227.5008946598333,-212.63988411522743,-51.860029708377056,0.49876285878975735,0.31087007557385055,0.08195169412266497,3.702223183541526e-05,40.097644331253676,80.33728731530961,12.546196384614715,nan,nan
345.66,227.40020751953125,-212.14381408691406,-51.851318359375,227.50574983840065,-212.6314424745538,-51.86034148832411,0.49900104444830495,0.3109142228748702,0.08197812461843293,3.624614307560466e-05,39.63881873503869,78.77428897495052,nan,0.41570119537947947,nan
345.67,227.404541015625,-212.1352081298828,-51.85231399536133,227.51050515795723,-212.62299806514523,-51.86142108529812,0.4992497966856169,0.3109584554304013,0.08200462336704108,3.697531932046199e-05,39.48608236266666,78.83742606611536,nan,nan,nan
345.68,227.40878295898438,-212.12660217285156,-51.85329055786133,227.5151868586084,-212.61455695035627,-51.86147532485754,0.49948838340411056,0.31100277281401373,0.08203119047697555,3.62018153310467e-05,38.94402266114753,78.58846121590476,nan,0.6674864089793426,nan
345.69,227.41294860839844,-212.11801147460938,-51.854244232177734,227.5197695903255,-212.6061122876898,-51.862507241795946,0.49972132557814697,0.31104717571735474,0.08205782612910735,3.6929854244334807e-05,38.791679492627026,79.07085719169787,nan,nan,nan
345.7,227.41702270507812,-212.10940551757812,-51.85518264770508,227.51851452624732,-212.57529503902182,-51.86366909488388,0.47689166038105235,0.31030933824943996,0.08139761039370529,3.613548124459417e-05,49.07434538534939,89.09292214435115,5.826313943356496,0.001605654930007607,0.13390229230846404
345.71,227.4210205078125,-212.10079956054688,-51.85609817504883,227.52292549969155,-212.5667987272391,-51.86466801340417,0.4770883491106836,0.3103519943530851,0.08142125799798872,3.686151529176083e-05,48.87328628058846,88.63893809476798,nan,nan,nan
345.72,227.42494201660156,-212.09219360351562,-51.856998443603516,227.52729704560937,-212.55828063083212,-51.864442203691716,0.477251588326496,0.31039473193353956,0.08144496694686831,3.609403704824938e-05,48.216744111150135,87.85166601589331,nan,0.9666240697138387,nan
345.73,227.4287872314453,-212.08360290527344,-51.857879638671875,227.53154858047685,-212.54978348332048,-51.865394737969396,0.477431359381126,0.3104375546258071,0.08146873832876603,3.681907193064195e-05,48.01362610837436,88.78105721884265,nan,nan,nan
345.74,227.43255615234375,-212.0749969482422,-51.85874557495117,227.53572220999357,-212.5412862062485,-51.8663490110551,0.4776261297538653,0.31048045917524403,0.08149257136212999,3.605399876396939e-05,47.885478051261025,87.52682386421121,nan,0.00022588480830311894,nan
345.75,227.43624877929688,-212.06639099121094,-51.85959243774414,227.54175986180144,-212.53878924907542,-51.867137429977106,0.4840967149986451,0.3104171467416751,0.08148074340953695,3.675490602258028e-05,48.850318144095695,87.33591075801952,4.369570095949538,nan,nan
345.76,227.4398651123047,-212.0577850341797,-51.86042404174805,227.54580126313215,-212.53029720036247,-51.867240333381055,0.4842898688538808,0.3104598758952,0.08150455148605128,3.5993135045897146e-05,48.39651813549639,87.10165730333364,nan,0.4247471053041669,nan
345.77,227.4434051513672,-212.04917907714844,-51.861236572265625,227.54974407548875,-212.52181815578956,-51.86811778028796,0.48450285496156464,0.31050268993487984,0.08152842217925849,3.671544778360069e-05,48.199616778456566,87.20115304989581,nan,nan,nan
345.78000000000003,227.44688415527344,-212.0405731201172,-51.86203384399414,227.5536549273659,-212.51331765083552,-51.86773112965337,0.4846853083818378,0.31054558595802273,0.08155235478505976,3.595596020166461e-05,47.61861298322454,86.15663308497342,nan,1.0424585650078009,nan
345.79,227.45028686523438,-212.03196716308594,-51.862815856933594,227.55745655180456,-212.5048372835853,-51.86856619096531,0.4848964414409531,0.3105885670720562,0.08157635027959255,3.6677455583615065e-05,47.42311159774376,86.43136300337977,nan,nan,nan
345.8,227.45362854003906,-212.0233612060547,-51.86357879638672,227.54452599475107,-212.49114071839836,-51.8705867263433,0.47658066528540327,0.3105252954254501,0.08156444742243667,3.5898109881863226e-05,48.46130467877999,85.86007544518834,4.53000354913395,1.113903263863697,nan
345.81,227.45689392089844,-212.01475524902344,-51.86433029174805,227.54815761664466,-212.48265689720384,-51.87140374036454,0.47677148426318977,0.31056810089440917,0.08158841738713217,3.661794477407984e-05,48.26681178487816,86.28145526911194,nan,nan,nan
345.82,227.46009826660156,-212.0061492919922,-51.86506652832031,227.55174218241194,-212.4741625582241,-51.87158103547051,0.4769459754285884,0.31061098845862645,0.08161244952005328,3.5863771307599365e-05,47.892010294132525,85.75908314868698,nan,0.26297498606375513,nan
345.83,227.46324157714844,-211.99754333496094,-51.865787506103516,227.55524374201528,-212.46567757871117,-51.87236389692289,0.4771344856830121,0.31065396090763786,0.08163654472471309,3.6582907292725755e-05,47.699973265140265,85.48565931413074,nan,nan,nan
345.84000000000003,227.46632385253906,-211.9889373779297,-51.866493225097656,227.55875611022756,-212.45715187507096,-51.8705737428989,0.47726846556228386,0.3106970158154468,0.08166070240247252,3.5830821039545515e-05,46.79228195364183,84.53479021109486,nan,4.409291134900903,nan
345.85,227.46932983398438,-211.98031616210938,-51.8671875,227.5591746449389,-212.4377636917025,-51.87119910120494,0.4662042742516664,0.3106337868187049,0.0816487226299905,3.652647698600634e-05,44.629013055025986,84.22541846450922,12.172420373318937,nan,nan
345.86,227.4722900390625,-211.97171020507812,-51.86786651611328,227.5625354406055,-212.42922399835183,-51.8708535682807,0.466338960431147,0.3106766659844697,0.08167285422751301,3.5777341976167985e-05,44.24741762105249,84.27766514859488,nan,0.7601664128799468,nan
345.87,227.47518920898438,-211.96310424804688,-51.8685302734375,227.56580687656918,-212.42069978486597,-51.87154593436496,0.4664915124695192,0.31071962984090773,0.08169704907832846,3.64943398370654e-05,44.05714697183533,84.28525983612565,nan,nan,nan
345.88,227.47802734375,-211.95448303222656,-51.86918258666992,227.5690139597567,-212.4121781534654,-51.87245287952991,0.4666627080810766,0.3107626762478844,0.08172130665150885,3.574716352672909e-05,43.92049416515579,83.22719636923686,nan,0.034803534263403005,nan
345.89,227.48081970214844,-211.9458770751953,-51.86982345581055,227.5721700497279,-212.40365238405096,-51.87312309021292,0.46681260371583727,0.3108058075662916,0.08174562775205343,3.6463616831790615e-05,43.73176393032115,83.69281280349774,nan,nan,nan
345.90000000000003,227.48353576660156,-211.937255859375,-51.87044906616211,227.5699754215349,-212.3949662210082,-51.87203521455578,0.46580371934765347,0.3107426178033295,0.08173356752790344,3.569654821550097e-05,43.93647710972298,83.10823208817915,1.833068965017714,2.3801424773845885,nan
345.91,227.48622131347656,-211.92864990234375,-51.871063232421875,227.57300601964752,-212.3864435668649,-51.87266591452037,0.46594977528784154,0.3107855731322113,0.08175786194396487,3.6411613979795534e-05,43.75021561829197,82.84655366181794,nan,nan,nan
345.92,227.48883056640625,-211.92002868652344,-51.87166213989258,227.5759889227655,-212.37791656793274,-51.87303808045355,0.46611134317583025,0.3108286110904782,0.08178221932615132,3.566907036709023e-05,43.54777228524014,82.79504279977182,nan,0.04153589590009527,nan
345.93,227.4915313720703,-211.9114227294922,-51.87235641479492,227.5789733409021,-212.36939214944567,-51.873696007361566,0.46624444450733954,0.3108717337832478,0.08180664041666724,3.6383691621096284e-05,43.36531285048656,82.66822587548465,nan,nan,nan
345.94,227.49427795410156,-211.90280151367188,-51.87314224243164,227.58201623297825,-212.3608725349173,-51.87486091672274,0.4664011362833292,0.31091493945407955,0.08183112477608423,3.564290612958557e-05,43.22133957274403,82.67686555227725,nan,0.11675630899585004,nan
345.95,227.4971160888672,-211.89418029785156,-51.87401580810547,227.57708649164135,-212.35443343424814,-51.87568489075444,0.46715201029176207,0.3108517900035361,0.08181898188699185,3.633456216674493e-05,44.40462367747922,80.97483094736957,5.455942083483672,nan,nan
345.96,227.5,-211.88555908203125,-51.87498092651367,227.58024876931097,-212.34592142013466,-51.87662153434909,0.46730722112335443,0.3108948204229677,0.08184343924531694,3.7062244348988016e-05,44.22501196153613,81.98441032599283,nan,nan,nan
345.97,227.50296020507812,-211.876953125,-51.876033782958984,227.58347742155667,-212.3374088147848,-51.87764769473222,0.4674452578814492,0.31093793454732255,0.08186796022276056,3.7804428459416315e-05,44.04399896931142,82.50016412906537,nan,nan,nan
345.98,227.5059814453125,-211.8683319091797,-51.87717056274414,227.58675723416766,-212.32890369951892,-51.87937880148982,0.46760664926818124,0.3109811316433541,0.08189254468514534,3.6976950375566594e-05,43.93280343601466,81.52668945873612,nan,0.2399217158720834,nan
345.99,227.50906372070312,-211.85971069335938,-51.878395080566406,227.59011646368387,-212.3203897674618,-51.8805870250463,0.4677601533704689,0.3110244136096126,0.08191719333279401,3.7717018457886734e-05,43.75419458255173,81.59723561102338,nan,nan,nan
346.0,227.51222229003906,-211.85108947753906,-51.879703521728516,227.5670100213833,-212.29804239825862,-51.88218842402734,0.450305211589899,0.31096130157102775,0.08190496434366631,3.6871448952776356e-05,43.58373681925454,80.26211053523015,6.627993497269897,0.06876610707465197,nan
346.01,227.51544189453125,-211.84246826171875,-51.881099700927734,227.57045399231373,-212.28950370679493,-51.88357164924075,0.4504143987322689,0.3110044071739102,0.08192958508535776,3.760859044548705e-05,43.40657079127488,80.23856129111431,nan,nan,nan
346.02,227.51870727539062,-211.83384704589844,-51.88257598876953,227.57400634012203,-212.280938495041,-51.88297405940541,0.4504985115589114,0.3110475958100507,0.0819542695473948,3.679214188161539e-05,43.07492424743648,80.85530055335153,nan,2.720454230113853,nan
346.03000000000003,227.5220489501953,-211.82522583007812,-51.88413619995117,227.57757501915202,-212.2723987836345,-51.88450521201875,0.45060729121487897,0.3110908691530148,0.08197901837016984,3.752741488405712e-05,42.902668483228354,79.94668041774374,nan,nan,nan
346.04,227.52545166015625,-211.8166046142578,-51.88577651977539,227.58119362313738,-212.26386531409165,-51.88664260753399,0.450721699234512,0.31113422587008654,0.08200383121540346,3.6715725414146e-05,42.74840464180188,79.81660373877104,nan,0.1755308955474352,nan
346.05,227.52891540527344,-211.8079833984375,-51.88749694824219,227.59499248610936,-212.2678088429114,-51.888338627800955,0.46454959737566226,0.31107115180939465,0.0819915137809822,3.74254494390461e-05,44.19446646243407,79.78237452622268,6.994505028828252,nan,nan
346.06,227.5324249267578,-211.7993621826172,-51.8892936706543,227.59876120192195,-212.25929309137445,-51.88929345588475,0.464690157237029,0.3111143320145231,0.08201629809966349,3.661939431015776e-05,44.00524269794085,80.37354157758145,nan,0.4397542757693681,nan
346.07,227.5360107421875,-211.7907257080078,-51.89117431640625,227.60257179391945,-212.250786852572,-51.891146416396175,0.46485119245170975,0.31115759677380467,0.08204114695355334,3.735034183964082e-05,43.840351697575606,78.16133015221932,nan,nan,nan
346.08,227.53964233398438,-211.7821044921875,-51.89312744140625,227.60642742881234,-212.24228810139198,-51.893741246854624,0.4650049245209862,0.31120094495071343,0.08206606005833843,3.654874782661077e-05,43.68176631444844,79.86198496884454,nan,0.28400675423764304,nan
346.09000000000003,227.5433349609375,-211.7734832763672,-51.8951301574707,227.61035402712545,-212.23378159103248,-51.895742810169544,0.4651520923953209,0.31124437792445625,0.0820910379753439,3.7278155798813694e-05,43.51348242135624,79.5133117793715,nan,nan,nan
346.1,227.54708862304688,-211.76486206054688,-51.89713668823242,227.5835479793557,-212.21047810804882,-51.898633091899086,0.4471075772983963,0.3111813393474881,0.08207862875341122,3.645835094219959e-05,43.60098192938509,78.56222421075388,9.072960357596962,0.4427389895356492,nan
346.11,227.55088806152344,-211.75624084472656,-51.89912414550781,227.58753563213205,-212.20194859531523,-51.90066320728259,0.4472145034292483,0.3112245955556712,0.08210357747849852,3.718540827804674e-05,43.43571831645509,78.92166877739814,nan,nan,nan
346.12,227.55474853515625,-211.74761962890625,-51.90108108520508,227.59160467316997,-212.1934039579307,-51.90128571863903,0.4473053596682235,0.31126793521380725,0.08212859067720567,3.63932901458524e-05,43.20670731645991,78.44851285684751,nan,1.2507761211277335,nan
346.13,227.55865478515625,-211.73899841308594,-51.90300750732422,227.59570285094043,-212.1848743827827,-51.9032494862005,0.4474125591500107,0.3113113595308864,0.08215366886247535,3.711901401723447e-05,43.04023609181503,78.73098219514259,nan,nan,nan
346.14,227.56263732910156,-211.73037719726562,-51.9048957824707,227.59984199239756,-212.17635260535218,-51.905926132993784,0.4475257682090908,0.3113548676259646,0.0821788118209747,3.6330915444106675e-05,42.90367836890595,77.56795630918653,nan,0.3644573782732459,nan
346.15000000000003,227.566650390625,-211.7217559814453,-51.9067497253418,227.6094535345097,-212.16983869596396,-51.90785005044431,0.4501238039608054,0.3112918645494958,0.0821663083095748,3.7032185392413735e-05,42.69879021259142,78.65772739256053,0.3570092042087383,nan,nan
346.16,227.5707244873047,-211.713134765625,-51.908565521240234,227.61378056864586,-212.161277113536,-51.90641954639724,0.45021105643870823,0.31133519570419316,0.08219142142106851,3.624893878518841e-05,42.62857433993948,78.20112777585409,nan,7.152426901619941,nan
346.17,227.57485961914062,-211.7045135498047,-51.91034698486328,227.6181030774857,-212.15274975721982,-51.90822008275401,0.45032234903469853,0.3113786113884124,0.08221659969216435,3.6971365088046636e-05,42.46064824594361,77.59605357547208,nan,nan,nan
346.18,227.57904052734375,-211.69589233398438,-51.91209030151367,227.6224869636543,-212.14421689577398,-51.90942387122977,0.45043269794985596,0.3114221108682417,0.0822418429527114,3.6191855866129615e-05,42.37144586270075,77.85716623378084,nan,0.20849580529283718,nan
346.19,227.58326721191406,-211.68727111816406,-51.91380310058594,227.62691270905725,-212.13568985256092,-51.91115055154034,0.4505455879213453,0.3114656951319884,0.08226715165223146,3.6913218895784e-05,42.20235346702723,77.89122362223063,nan,nan,nan
346.2,227.58753967285156,-211.67864990234375,-51.91547775268555,227.62862961595943,-212.12127264238407,-51.912931741256756,0.4445331884118488,0.3114027254349682,0.08225455060970985,3.611525240779838e-05,41.23871268515886,78.03632292517213,2.9993227206855404,0.0020467520978575907,nan
346.21,227.5918731689453,-211.67002868652344,-51.91712188720703,227.6331600983673,-212.11272842658883,-51.91459473564902,0.44462799832001254,0.3114461325033208,0.08227982876883116,3.683473668257588e-05,41.07080715235794,77.25307526932475,nan,nan,nan
346.22,227.59625244140625,-211.66140747070312,-51.918731689453125,227.6377166716341,-212.1041987506594,-51.9177397529357,0.4447295626914922,0.31148962337575664,0.08230517212824089,3.606323869356483e-05,40.76315764852559,77.14753266635161,nan,1.52271739023983,nan
346.23,227.60067749023438,-211.6527862548828,-51.920310974121094,227.64234534030896,-212.09565508966148,-51.91935404136879,0.44482573022290767,0.3115331989143569,0.08233058109911605,3.6781828159560296e-05,40.599596451301295,77.07538741751101,nan,nan,nan
346.24,227.6051483154297,-211.6441650390625,-51.92185592651367,227.64701977392517,-212.0871131844181,-51.921105189227575,0.4449234115181681,0.3115768585748255,0.08235605556769843,3.601365433158236e-05,40.4295386454222,77.0826660311958,nan,0.018774900386337452,nan
346.25,227.60968017578125,-211.6355438232422,-51.92337417602539,227.67441625927663,-212.0907741530419,-51.922595412189345,0.4598108525785282,0.31151392185131127,0.08234335436930795,3.670863668273012e-05,40.536519363854325,76.61319696380411,5.031139786284264,nan,nan
346.26,227.61424255371094,-211.62692260742188,-51.92485809326172,227.6792215777415,-212.08225407696565,-51.92427629561415,0.45994495236860994,0.31155740411823546,0.08236879760943075,3.594459191098125e-05,40.36970854074181,77.35249757650915,nan,0.01645678071569356,nan
346.27,227.61886596679688,-211.61830139160156,-51.92631530761719,227.68407577694776,-212.07373299042453,-51.92577286936734,0.4600766835926547,0.3116009709401356,0.08239430663192798,3.666071979168634e-05,40.21061725424078,76.37190067151562,nan,nan,nan
346.28000000000003,227.62351989746094,-211.60968017578125,-51.92774200439453,227.68898883038693,-212.06520431385286,-51.92630736461822,0.46020699661743436,0.3116446218804841,0.08241988135691436,3.589973957244639e-05,40.101370251028875,77.06876313193226,nan,0.5846142231262395,nan
346.29,227.62823486328125,-211.60105895996094,-51.929141998291016,227.6939346674684,-212.05668394606047,-51.927738782403694,0.4603396151139491,0.3116883576395485,0.08244552214569913,3.66151900634449e-05,39.94132155263843,76.05530853453656,nan,nan,nan
346.3,227.6329803466797,-211.59243774414062,-51.930511474609375,227.6822273962863,-212.04262505337002,-51.92965828331606,0.4528737276786309,0.3116254520359082,0.08243271763223374,3.5835430824712404e-05,40.366203540541456,76.24051996967279,3.8452415485423677,0.24696983157429106,nan
346.31,227.63778686523438,-211.58383178710938,-51.931854248046875,227.6872298203232,-212.03410134664117,-51.93103984606967,0.45297676022004646,0.3116690101429659,0.08245832647181152,3.65493817460892e-05,40.20640878346546,76.36790645885985,nan,nan,nan
346.32,227.6426239013672,-211.57521057128906,-51.933170318603516,227.69228558397307,-212.0255721085427,-51.931638436360046,0.45309396775934474,0.311712652357644,0.0824840012135887,3.5795069071519526e-05,40.09845632565504,75.72674515690005,nan,0.38641300555333497,nan
346.33,227.6475067138672,-211.56658935546875,-51.9344596862793,227.6973750341108,-212.01704937279973,-51.93296097704406,0.4532144334717502,0.3117563792889015,0.08250974218913128,3.650847770709124e-05,39.93990945973965,75.3944751210009,nan,nan,nan
346.34000000000003,227.65243530273438,-211.55796813964844,-51.935726165771484,227.70251363369917,-212.00852290852416,-51.93372114680714,0.4533337171333271,0.3118001906374444,0.08253554936240359,3.575685268654628e-05,39.837205688972766,75.09508701063537,nan,0.19526280928159667,nan
346.35,227.65733337402344,-211.5493621826172,-51.93696594238281,227.7029045697647,-211.98454295772595,-51.93490632038266,0.43756517565767955,0.31173731542813393,0.08252263881565548,3.64472957159578e-05,37.37257719224491,76.74934718207543,16.350340855076585,nan,nan
346.36,227.6621856689453,-211.54074096679688,-51.93817901611328,227.7080187904189,-211.97597711961384,-51.936631694982474,0.4376454934597293,0.31178094890572366,0.08254841332019629,3.5699147286655425e-05,37.16579296649227,74.67261301989295,nan,0.1582312013412082,nan
346.37,227.6669464111328,-211.53213500976562,-51.939369201660156,227.71307079804797,-211.96740817018292,-51.93785538030188,0.43771277671900843,0.3118246670027233,0.08257425422662612,3.641076059659641e-05,37.00004818743341,76.42124529052175,nan,nan,nan
346.38,227.671630859375,-211.5235137939453,-51.94053649902344,227.71804422093734,-211.95883790347017,-51.93881644013543,0.4377947453632857,0.3118684694966571,0.08260016152486668,3.566506664873797e-05,36.86232577827969,74.54847467688401,nan,0.03905648442246885,nan
346.39,227.67623901367188,-211.514892578125,-51.941680908203125,227.72292809383808,-211.9502695930536,-51.93999231137562,0.43787654275395327,0.31191235688109237,0.08262613550817861,3.63763087432421e-05,36.70161877057858,73.74538881523459,nan,nan,nan
346.40000000000003,227.6807403564453,-211.50628662109375,-51.94280242919922,227.75480164563604,-211.9550221300473,-51.941267167623046,0.45480873846101294,0.31184951039688036,0.08261311583659398,3.5611477366403386e-05,36.587922517942715,76.28578241500564,6.899122340096945,0.012176390033101158,nan
346.41,227.68515014648438,-211.49766540527344,-51.94390106201172,227.7595525573805,-211.9464753030287,-51.94240079149267,0.45493768131676954,0.3118932196468081,0.0826390564037952,3.63215182357926e-05,36.42713420346466,75.0713340700667,nan,nan,nan
346.42,227.68948364257812,-211.4890594482422,-51.944976806640625,227.76419557547771,-211.9379419937376,-51.945522196284884,0.4550579194101634,0.31193701326736023,0.08266506355211166,3.5581286885779784e-05,36.21597711147042,75.45511103775144,nan,2.755134407166102,nan
346.43,227.69374084472656,-211.48043823242188,-51.94602966308594,227.7687717549138,-211.9293958257761,-51.94663396470042,0.45518449368843045,0.31198089168810594,0.08269113755231428,3.62910626930763e-05,36.06445110009177,73.61175994526002,nan,nan,nan
346.44,227.69789123535156,-211.47183227539062,-51.94706344604492,227.77324201168778,-211.9208636252894,-51.94993982188647,0.4553187523311213,0.3120248547828151,0.08271727842756246,3.5552949547216654e-05,36.12993592859937,76.0384658527871,nan,3.352887055369662,nan
346.45,227.7019805908203,-211.4632110595703,-51.94807815551758,227.77111862415478,-211.9198673646837,-51.95098936403934,0.4618695960855578,0.3119620360608227,0.08270414684525362,3.624023396746685e-05,37.97120671731711,73.24145798469607,10.884799537979694,nan,nan
346.46,227.70596313476562,-211.45460510253906,-51.94906997680664,227.77541490550666,-211.91135103721876,-51.95199500541726,0.4620053604644363,0.3120058207834786,0.0827302535548975,3.5505020582482434e-05,37.8224823625857,75.63584144420827,nan,0.0031673359241844393,nan
346.47,227.7098846435547,-211.44598388671875,-51.95004653930664,227.77962985728595,-211.90283499285366,-51.953048996623174,0.4621540249365405,0.3120496902196549,0.08275642728116203,3.6213520345986094e-05,37.67963330906635,73.24865651203638,nan,nan,nan
346.48,227.71372985839844,-211.4373779296875,-51.95100021362305,227.78376281471077,-211.89432085021713,-51.95443440128528,0.4622912947881344,0.31209364429594133,0.08278266806654776,3.5480220224189815e-05,37.610374599536044,74.3309529771784,nan,0.08413777906380356,nan
346.49,227.7174835205078,-211.4287567138672,-51.951934814453125,227.78782136651586,-211.8858044843061,-51.95545490848046,0.46244185375698804,0.3121376833625253,0.08280897615321545,3.618858613940829e-05,37.469653748095794,73.80805619728845,nan,nan,nan
346.5,227.72117614746094,-211.42013549804688,-51.952850341796875,227.77191583713707,-211.8720506879602,-51.95734020524307,0.45477688359964247,0.31207489085389967,0.08279572962458383,3.5435782048557554e-05,38.46001791848763,72.80591212623105,5.918013339673012,0.4614489975463176,nan
346.51,227.72479248046875,-211.41152954101562,-51.9537467956543,227.77578310456983,-211.86353254321978,-51.958334867684925,0.45489318323397765,0.3121187512784923,0.08282200277240652,3.614317598457768e-05,38.32242944874698,74.02815717579674,nan,nan,nan
346.52,227.72833251953125,-211.4029083251953,-51.954627990722656,227.77957960973447,-211.85501267578664,-51.95907115805813,0.4550212630348975,0.31216269630459004,0.08284834315892513,3.54142798998306e-05,38.149194779307926,72.87107154298607,nan,0.040111217708527235,nan
346.53000000000003,227.7318115234375,-211.394287109375,-51.95549011230469,227.78330332637995,-211.8464936787408,-51.960029501883334,0.45515139591745646,0.31220672623935236,0.0828747510098158,3.6121621533633156e-05,38.0152778851573,72.35172222442168,nan,nan,nan
346.54,227.73521423339844,-211.38568115234375,-51.956336975097656,227.78695076117054,-211.83797903235651,-51.96189071936461,0.45528110508271474,0.3122508410741265,0.08290122639200341,3.539434466658728e-05,38.16658136529044,73.96268252697101,nan,0.5833211886710503,nan
346.55,227.73854064941406,-211.37705993652344,-51.9571647644043,227.77918071099168,-211.82598590186845,-51.962774550060395,0.45079663559202715,0.312188073643455,0.08288786208591212,3.6079535079469486e-05,38.49504417722819,72.92071438511093,1.763636918751608,nan,nan
346.56,227.74180603027344,-211.36843872070312,-51.957977294921875,227.78267569871332,-211.8174643273805,-51.96381893227438,0.45091956042882125,0.31223200958199776,0.08291430175126631,3.5354657811502955e-05,38.441956917105,72.63026751871777,nan,0.011032567540426077,nan
346.57,227.74501037597656,-211.3598175048828,-51.95877456665039,227.78610595629968,-211.80894160420192,-51.96472298108963,0.45103956250603305,0.3122760303501049,0.08294080904179012,3.6061117981456106e-05,38.3127322606625,72.32019080931848,nan,nan,nan
346.58,227.74815368652344,-211.35121154785156,-51.95955276489258,227.7894688377611,-211.8004204315337,-51.9660726021147,0.451151938018824,0.31232013597371594,0.08296738403832823,3.533768349922411e-05,38.387290930709874,73.52316564999074,nan,0.1469428830382562,nan
346.59000000000003,227.751220703125,-211.34259033203125,-51.96031951904297,227.79277115012695,-211.79189664486108,-51.966951436126,0.451272184738876,0.3123643267079722,0.08299402694591577,3.60441890198654e-05,38.259475788604405,72.81324123256401,nan,nan,nan
346.6,227.75424194335938,-211.33396911621094,-51.96106719970703,227.80288011324524,-211.7934038034236,-51.96736417605422,0.46204497107440523,0.31230158287856513,0.08298054187387509,3.530089634677845e-05,39.26266217968255,72.07321758012918,4.189529463898236,0.09244098962527524,nan
346.61,227.7572021484375,-211.32534790039062,-51.96179962158203,227.8060597811982,-211.7849057240483,-51.96820922093042,0.4621921078163847,0.3123455944392807,0.08300714826634295,3.6006601261198186e-05,39.13781664170355,72.03746316181174,nan,nan,nan
346.62,227.76010131835938,-211.3167266845703,-51.962520599365234,227.80917813594178,-211.77640842889537,-51.96936250111435,0.4623447325419468,0.3123896908072352,0.08303382253529555,3.5286658906217396e-05,39.181151892313316,72.13699416388023,nan,0.07199998161679555,nan
346.63,227.762939453125,-211.30810546875,-51.963226318359375,227.81223978521658,-211.76790916834804,-51.970183331957344,0.462491475539374,0.3124338722102758,0.08306056487414952,3.599247024145264e-05,39.05716102670135,72.22854898806229,nan,nan,nan
346.64,227.76571655273438,-211.2994842529297,-51.96391677856445,227.81523272833854,-211.75941810427398,-51.97329036162562,0.46268657136149716,0.3124781387154603,0.0830873753810095,3.527371848959997e-05,40.06128684127665,73.52519078901024,nan,3.6750173023446453,nan
346.65000000000003,227.7684326171875,-211.29086303710938,-51.964595794677734,227.81552757573337,-211.75908943233338,-51.974071944440134,0.4706842781729865,0.3124154172296448,0.08307376668594393,3.595761341248499e-05,41.67620160462762,73.68337677332804,7.155090901150769,nan,nan
346.66,227.7711181640625,-211.28224182128906,-51.96525955200195,227.8184053451489,-211.75061284900784,-51.97395569218468,0.4708323692733081,0.31245950429200425,0.08310053987264983,3.52408357733537e-05,41.185717019811264,72.14907752921827,nan,0.589878321056024,nan
346.67,227.7737274169922,-211.2736053466797,-51.96590805053711,227.8212251414989,-211.74213914203068,-51.9747382776047,0.47101796582443317,0.3125036763155229,0.08312738128563057,3.5946056624453855e-05,41.07099639361528,72.08898452035253,nan,nan,nan
346.68,227.7762908935547,-211.26498413085938,-51.966548919677734,227.77958924255353,-211.68240618214313,-51.97558244239823,0.41753281611963633,0.3091107416924879,0.0785737353483909,3.522945871255709e-05,50.05890483441325,81.8135658043171,nan,0.0018519546247768434,0.5736136331796792
346.69,227.77880859375,-211.25636291503906,-51.96717071533203,227.7823230314283,-211.6738849590901,-51.97634169175355,0.4176375406369324,0.3091579324163133,0.07859245058813413,3.5934836478289505e-05,49.90015079241278,81.5981136212533,nan,nan,nan
346.7,227.78128051757812,-211.24774169921875,-51.9677848815918,227.79605548146378,-211.66600471726244,-51.97802362796154,0.41864911769650437,0.30909852402315235,0.07858220218174657,3.5198964255492473e-05,49.3457253413413,81.97535508820555,4.984675797263208,0.8029811542981073,nan
346.71,227.78369140625,-211.23910522460938,-51.9683837890625,227.79871197067743,-211.65747002976988,-51.97876761803414,0.4187631209369091,0.30914551973988197,0.0786009176825411,3.5903666386531614e-05,49.190352047348014,81.4029212677032,nan,nan,nan
346.72,227.7860565185547,-211.23048400878906,-51.96897506713867,227.80129380935446,-211.64890039134028,-51.978907761093204,0.41881153592917597,0.3091925965787904,0.07861968956013443,3.519070025816112e-05,48.80781107762237,82.02886051166074,nan,0.2453876780171229,nan
346.73,227.7884979248047,-211.2218475341797,-51.96965408325195,227.80391339048742,-211.64036400487467,-51.97967589790523,0.4189201709086637,0.3092397601254322,0.07863852747583143,3.589562421021317e-05,48.63057985570079,80.72552642338376,nan,nan,nan
346.74,227.791015625,-211.21322631835938,-51.97042465209961,227.80658155699297,-211.63179645255943,-51.97999931944952,0.4189688887470301,0.30928700515219637,0.07865742223687558,3.51834863408937e-05,48.26385517818833,81.32111220120636,nan,0.20178390237582217,nan
346.75,227.79359436035156,-211.20458984375,-51.97128677368164,227.78759904953202,-211.61569376834618,-51.981029297435036,0.4112630512692418,0.309227515062934,0.07864718702537325,3.586664898200016e-05,48.9170606426003,80.23055610502757,5.565609109692447,nan,nan
346.76,227.79624938964844,-211.19595336914062,-51.97224044799805,227.79042149034558,-211.60719029825245,-51.98277001843563,0.4114129897429183,0.309274564878774,0.0786660817813577,3.51561287607758e-05,49.25464446184117,80.30263367668135,nan,0.34402729791655046,nan
346.77,227.79896545410156,-211.1873321533203,-51.9732780456543,227.7932832658276,-211.59864729046984,-51.98390617928636,0.4114916603485637,0.309321701207759,0.07868504243807616,3.586067092841249e-05,49.077124974004136,81.78589447359742,nan,nan,nan
346.78000000000003,227.8017578125,-211.17869567871094,-51.97440719604492,227.79619187619724,-211.59007569618427,-51.98461756368697,0.411544347586834,0.3093689191037706,0.07870406053357966,3.515085622045453e-05,48.72396714811284,79.92190311273798,nan,0.1845236486484504,nan
346.79,227.8046112060547,-211.17005920410156,-51.975616455078125,227.79918942435577,-211.581531511781,-51.98592497684301,0.4116371233560168,0.3094162237322902,0.07872314464674682,3.585566786392996e-05,48.55235313549947,80.2086202427083,nan,nan,nan
346.8,227.80752563476562,-211.16143798828125,-51.9769172668457,227.80744778048083,-211.57135826048528,-51.98697209197891,0.4100435771153814,0.3093566465308656,0.07871291030088814,3.512537278695427e-05,47.46776375757962,81.3527998841537,2.6472055750741372,0.05788510573837267,nan
346.81,227.81051635742188,-211.15280151367188,-51.97829818725586,227.81059086986826,-211.562799826775,-51.988447863813214,0.4101239303353762,0.3094037555987088,0.07873199374205332,3.582959455134413e-05,47.295829550913915,79.65117454901025,nan,nan,nan
346.82,227.81356811523438,-211.1441650390625,-51.97976303100586,227.81381931594896,-211.55426690649642,-51.990501854507976,0.41024252230211283,0.30945094631974535,0.07875113519569492,3.5121860744936546e-05,47.53530513247132,80.12011196215262,nan,0.17077510778187355,nan
346.83,227.81668090820312,-211.13552856445312,-51.9813117980957,227.8170923566885,-211.54570798610058,-51.99215089904769,0.4103228160148359,0.3094982235771409,0.07877034254931448,3.5826383108250594e-05,47.362355805826155,80.12912926937433,nan,nan,nan
346.84000000000003,227.81985473632812,-211.12689208984375,-51.982940673828125,227.8204293860064,-211.5371488257275,-51.99388281135855,0.41040303353409485,0.30954558514489766,0.07878961207953558,3.65452223442603e-05,47.19061111589551,80.15141489417385,nan,nan,nan
346.85,227.82310485839844,-211.11827087402344,-51.984649658203125,227.84535955482897,-211.53673971267676,-51.99571044448676,0.4192061323863123,0.30948592551313153,0.07877938329853709,3.7254747559571205e-05,46.593790763345375,80.90689361909331,4.708007981115295,nan,nan
346.86,227.82640075683594,-211.10963439941406,-51.9864387512207,227.8488855075284,-211.5282193736342,-51.99824365007679,0.41935462355095876,0.3095330888291696,0.0787986478303186,3.646212587160521e-05,46.963578896672516,80.94200874189315,nan,0.26458123145043,nan
346.87,227.82977294921875,-211.1009979248047,-51.988304138183594,227.85244781901523,-211.51966715971045,-52.00022486225369,0.4194522399978572,0.3095803386652346,0.07881797844565339,3.7193105984641955e-05,46.796159455336586,80.11558738458443,nan,nan,nan
346.88,227.83319091796875,-211.0923614501953,-51.99024963378906,227.85604966740786,-211.51108816104787,-52.00173883379011,0.41950754763648973,0.3096276704307545,0.07883736780332486,3.6404079233638984e-05,46.43422965734353,80.45743646865701,nan,0.1945411814631904,nan
346.89,227.83668518066406,-211.08372497558594,-51.99224090576172,227.85973289848727,-211.5025357755915,-52.00385752401045,0.4196053256545862,0.30967508892273954,0.07885682335779547,3.7133745181216766e-05,46.27709045269888,79.55457553185825,nan,nan,nan
346.90000000000003,227.84022521972656,-211.07508850097656,-51.994239807128906,227.8648265303451,-211.48916432216856,-52.00710053470026,0.4150053114041363,0.30961534197960006,0.07884658920308105,3.632564998066458e-05,45.9698452020808,80.93182040606399,4.062342369260308,0.8733561578973353,nan
346.91,227.8438262939453,-211.0664520263672,-51.9962158203125,227.86863522866963,-211.48059005841205,-52.009250400400596,0.4150851636787544,0.30966256434562006,0.07886604306666468,3.705316696937819e-05,45.83580031188176,80.76318459091956,nan,nan,nan
346.92,227.8474884033203,-211.0578155517578,-51.998165130615234,227.87241817277248,-211.47191232589986,-52.009157810906686,0.4149921333950591,0.309709868746653,0.07888555623848242,3.627198335006109e-05,44.41667636413573,79.13989500573058,nan,3.236765935329103,nan
346.93,227.85121154785156,-211.0491943359375,-52.000083923339844,227.876342113896,-211.4633382479815,-52.01123397857872,0.4150554769722487,0.3097572596551631,0.078905135482972,3.699835367723158e-05,44.27797646278392,79.91422132904378,nan,nan,nan
346.94,227.85498046875,-211.04055786132812,-52.0019645690918,227.8802843183096,-211.45471706889236,-52.01223894265692,0.41505866665440144,0.30980473296569055,0.07892477448387078,3.62204304682695e-05,43.66729582099086,78.70838287375463,nan,0.7092311887145947,nan
346.95,227.8588104248047,-211.03192138671875,-52.003807067871094,227.88821079817046,-211.44542069743144,-52.01407910361359,0.4146704434032109,0.3097449029908079,0.0789145384541523,3.692246247252698e-05,42.998571542181686,78.30280721871259,1.9796187705739334,nan,nan
346.96,227.86270141601562,-211.02328491210938,-52.005619049072266,227.89225542819202,-211.4367710319594,-52.0144978579634,0.4146360382210942,0.30979217996614616,0.07893417538601233,3.61486605584146e-05,42.1588346975766,77.06220890445015,nan,1.5695066073661137,nan
346.97,227.86663818359375,-211.0146484375,-52.007389068603516,227.8964108151634,-211.42819000550648,-52.01640743852076,0.414709981861787,0.30983954323549123,0.07895387828659811,3.687205048229286e-05,42.02064141096378,77.45499360770197,nan,nan,nan
346.98,227.87062072753906,-211.00601196289062,-52.00912857055664,227.90055152916327,-211.41952565204062,-52.01635704208381,0.4146585038328823,0.3098869890019898,0.07897364147111233,3.610129423961724e-05,41.0988827553222,76.8551754921023,nan,2.457605305827946,nan
346.99,227.87466430664062,-210.9973907470703,-52.010833740234375,227.90481484208917,-211.41094519978455,-52.018179192108164,0.4147171274626069,0.3099345212766001,0.07899347076551669,3.682375751983197e-05,40.951740686292425,77.46829012320177,nan,nan,nan
347.0,227.87876892089844,-210.98875427246094,-52.01250076293945,227.91069210407795,-211.40796357638902,-52.02334182071129,0.420562788008871,0.30987460395037403,0.0789832231911194,3.60338099516124e-05,43.61365821386795,77.6050545261701,2.8747424424556387,7.433548961232526,nan
347.01,227.88291931152344,-210.98011779785156,-52.014137268066406,227.91505879701404,-211.39940450470112,-52.02513195778634,0.4206604001690539,0.30992193952206515,0.07900304969338473,3.675451162180857e-05,43.481140107032786,77.73267746414302,nan,nan,nan
347.02,227.88711547851562,-210.9714813232422,-52.01573944091797,227.9194897494805,-211.39086059018433,-52.02725283074305,0.4207845304983323,0.3099693576784491,0.07902293698097443,3.5990475867724585e-05,43.71549949436704,78.27344340067357,nan,0.08769396293029319,nan
347.03000000000003,227.89137268066406,-210.96286010742188,-52.017311096191406,227.9239591439637,-211.38230203302578,-52.02898350622559,0.4208677365879902,0.3100168621385769,0.07904289030453866,3.6710390515572244e-05,43.5824518331428,78.72096021943969,nan,nan,nan
347.04,227.8956756591797,-210.9542236328125,-52.01885223388672,227.9284299961014,-211.3736858182143,-52.0292432880577,0.4208673729050883,0.3100644495422375,0.079062904834888,3.59490810509454e-05,42.71656817724012,76.89252752244299,nan,1.3869779002308156,nan
347.05,227.9000244140625,-210.94558715820312,-52.020362854003906,227.94666575143663,-211.375168047537,-52.03090375265708,0.43223404004929583,0.310004448361389,0.07905264757478386,3.664539234531052e-05,43.32993980732035,77.26825185721039,3.512811534844953,nan,nan
347.06,227.9044189453125,-210.9369659423828,-52.02184295654297,227.95134960448271,-211.36668811909033,-52.03389439639851,0.43244522558005744,0.3100518388386718,0.07907265886561415,3.588764301810488e-05,44.18476279964344,79.41359449756092,nan,1.248635472723551,nan
347.07,227.90887451171875,-210.92832946777344,-52.023292541503906,227.95603664112178,-211.35815507063822,-52.03550557956869,0.4325777081943465,0.31009931542138125,0.07909273613662565,3.6605268323361786e-05,44.057280729984186,77.5031555377721,nan,nan,nan
347.08,227.9133758544922,-210.91970825195312,-52.02471160888672,227.96073553138592,-211.34958013075698,-52.03598312700085,0.4326197155729603,0.3101468750239944,0.07911287508050521,3.585004403893513e-05,43.36846233146404,78.04316482338672,nan,0.8215502368854305,nan
347.09000000000003,227.91790771484375,-210.91107177734375,-52.02610397338867,227.96551790408864,-211.3410478115327,-52.03752739522943,0.43275468185027716,0.3101945209545399,0.079133080171417,3.656706273929012e-05,43.2373375843738,77.56114257247691,nan,nan,nan
347.1,227.92250061035156,-210.90243530273438,-52.027469635009766,227.9635191829758,-211.3229463994742,-52.03800752273471,0.4226383239356885,0.31013443231504806,0.07912280492647296,3.579244867809489e-05,41.503030766339656,76.03136952471138,5.225372290322063,0.7530475867086586,nan
347.11,227.92713928222656,-210.89381408691406,-52.02880859375,227.96838896816283,-211.31438450510797,-52.03948807151373,0.4227233900495001,0.310181880954709,0.07914300604335375,3.6508023029534636e-05,41.36756859982827,77.03184169243283,nan,nan,nan
347.12,227.93182373046875,-210.8851776123047,-52.03011703491211,227.97328191931777,-211.30579693565122,-52.040217375120946,0.4227782083639917,0.31022941268277715,0.07916326927532039,3.5758470575177375e-05,40.94310722553956,75.45470437832135,nan,0.35547378983398725,nan
347.13,227.93649291992188,-210.87655639648438,-52.031402587890625,227.97821340273723,-211.29723598316846,-52.04163923623682,0.4228672395781027,0.31027703055005906,0.07918359862536986,3.647355254256493e-05,40.804619839619676,76.46639619298152,nan,nan,nan
347.14,227.94110107421875,-210.86793518066406,-52.03266143798828,227.98306596619537,-211.28862377407833,-52.041567933734896,0.422870276153302,0.31032473185601717,0.07920399048772714,3.5726228697533584e-05,39.991549378132895,76.01578822191034,nan,1.459938793140076,nan
347.15000000000003,227.94564819335938,-210.8592987060547,-52.033897399902344,227.98670571171618,-211.2751717996849,-52.04293920322903,0.4179927081021631,0.3102645585575782,0.07919369775805096,3.641827707930523e-05,39.13404267748911,74.09922781273924,2.1110835110235917,nan,nan
347.16,227.95010375976562,-210.85067749023438,-52.03510665893555,227.9913621736842,-211.2664760203174,-52.04081544495789,0.41787948570866656,0.31031206233495656,0.07921408513407618,3.567399844644802e-05,37.64217781017933,74.33487816978001,nan,8.122433606480126,nan
347.17,227.95448303222656,-210.84205627441406,-52.036293029785156,227.99604072072722,-211.2578985589037,-52.042092482222344,0.4179539217325777,0.3103596520690112,0.07923453861506632,3.6387352628681445e-05,37.49349950983432,73.77518496095053,nan,nan,nan
347.18,227.9587860107422,-210.8334197998047,-52.037452697753906,228.00054698905996,-211.24922201189102,-52.04034798850934,0.41790410574018527,0.31040732529892406,0.07925505501868432,3.564511890273981e-05,36.64907899024344,71.36269164164686,nan,6.11736265632243,nan
347.19,227.96298217773438,-210.82479858398438,-52.03859329223633,228.00505695867128,-211.2406450224714,-52.04155012748952,0.4179800120435712,0.3104550847166349,0.0792756377172248,3.635812545907105e-05,36.49486000457648,73.44038001062981,nan,nan,nan
347.2,227.9671173095703,-210.81617736816406,-52.03970718383789,227.99351050596107,-211.2162535607961,-52.04232778563816,0.40095439675911715,0.31039482378679295,0.07926532032571676,3.5596260268077824e-05,34.924391665551994,71.92980178995907,11.798861841781477,0.0325718324318428,nan
347.21,227.97116088867188,-210.8075408935547,-52.040802001953125,227.99783417299054,-211.20763282954712,-52.04348047902264,0.4009890217723311,0.3104423853150706,0.07928589779022964,3.630807713949336e-05,34.77450764309699,70.97095028745383,nan,nan,nan
347.22,227.97512817382812,-210.79891967773438,-52.041873931884766,228.00210292627827,-211.19904126738447,-52.04554334576225,0.4010466162082312,0.31049003038859047,0.0793065385662355,3.5570559669442884e-05,34.799239706527814,72.02831682914021,nan,0.5923867854207381,nan
347.23,227.97900390625,-210.79029846191406,-52.04292297363281,228.00626586257772,-211.1904204895813,-52.046663968531014,0.40106713444283126,0.31053776147693724,0.07932724564744373,3.628212058551864e-05,34.64982081216332,72.55000784435231,nan,nan,nan
347.24,227.98281860351562,-210.7816619873047,-52.04395294189453,228.0103654075017,-211.18181577462067,-52.04829705699732,0.40112435883301917,0.31058557645225515,0.07934801641584208,3.554637934823553e-05,34.64317664107923,70.48390637863847,nan,0.19393557649864682,nan
347.25,227.98654174804688,-210.77304077148438,-52.04496383666992,228.01476691345383,-211.17884550303648,-52.049450272563725,0.40680986740657915,0.31052523008230143,0.07933767375718226,3.623533921187344e-05,35.55736321948983,72.26721650977689,3.2878410305857355,nan,nan
347.26,227.99020385742188,-210.76441955566406,-52.04595184326172,228.01864437933446,-211.17019007641724,-52.04860712505208,0.4067746665174136,0.3105728469166523,0.07935843871879268,3.550218105541442e-05,35.047342231047345,71.11420445503695,nan,2.505009802031603,nan
347.27,227.99378967285156,-210.75579833984375,-52.04692077636719,228.02249963942668,-211.161590652258,-52.049637228549436,0.40681573483300526,0.3106205495988697,0.07937927000932817,3.6212461045830153e-05,34.899718894390645,71.12074765074782,nan,nan,nan
347.28000000000003,227.99729919433594,-210.74716186523438,-52.04787063598633,228.02628428877756,-211.15299283955596,-52.050706188926156,0.40687461923677953,0.3106683362064109,0.07940016534758823,3.5480915276848194e-05,34.772691791875545,70.05403471566702,nan,0.0022508181620057147,nan
347.29,228.00074768066406,-210.73854064941406,-52.04880142211914,228.029996794389,-211.14439315342239,-52.05170030555764,0.4069154324779415,0.3107162089013821,0.07942112722508252,3.6191052742056754e-05,34.627109754332906,70.68189117286799,nan,nan,nan
347.3,228.00411987304688,-210.7299041748047,-52.049713134765625,228.0384982516518,-211.13468209506772,-52.05406100877518,0.4062584665657679,0.3106557746656556,0.07941075302372955,3.54396152495999e-05,34.24516655822585,70.18325766676138,1.5146603688293516,1.4589678762534233,nan
347.31,228.00743103027344,-210.72128295898438,-52.05060958862305,228.04208447520676,-211.12607200366668,-52.05503325319008,0.40629373702871724,0.31070344886250356,0.07943170833168851,3.614876306983503e-05,34.103001464769925,70.90494014359336,nan,nan,nan
347.32,228.0106658935547,-210.71266174316406,-52.051483154296875,228.04555988306592,-211.11741480953933,-52.05423156453665,0.406263693926783,0.3107512070155497,0.07945272802889888,3.5421081620868984e-05,33.62454520794894,71.03004646595228,nan,2.1269752732520635,nan
347.33,228.0138397216797,-210.7040252685547,-52.05234146118164,228.04901408181024,-211.1088040785105,-52.055152936489534,0.406313948804673,0.3107990510982095,0.07947381430893659,3.613015902986233e-05,33.483211732536525,69.48163355507111,nan,nan,nan
347.34000000000003,228.01695251464844,-210.69540405273438,-52.053184509277344,228.05238586240887,-211.10017373924953,-52.05530547348327,0.40632317155713515,0.3108469794706102,0.079494965335201,3.540385155920079e-05,33.24283427743399,70.31782801004155,nan,0.39085921822507896,nan
347.35,228.02000427246094,-210.686767578125,-52.05400848388672,228.07281462703048,-211.1008116758594,-52.05616865464648,0.41740401861526105,0.3107864590392884,0.07948455810462453,3.609064838912298e-05,33.32695163619487,69.31301607003272,2.982602045905659,nan,nan
347.36,228.0229949951172,-210.6781463623047,-52.05481719970703,228.07611156737428,-211.0922203475074,-52.05717339206478,0.4174735765439916,0.3108341886488831,0.07950570193261172,3.536651758078526e-05,33.20731178767825,70.39974300542515,nan,0.01331135019332001,nan
347.37,228.0259246826172,-210.6695098876953,-52.05561065673828,228.07934488480595,-211.08362490485044,-52.05802550144158,0.41755334618491496,0.31088200403589844,0.07952691239807959,3.607466164878372e-05,33.067693487903256,69.18306629130457,nan,nan,nan
347.38,228.02879333496094,-210.660888671875,-52.05638885498047,228.08255074097104,-211.07506127383672,-52.06021052266747,0.4176642288496703,0.3109299037331068,0.07954818792653487,3.535176180409517e-05,33.1726328325884,70.62532234888526,nan,1.2566839534416305,nan
347.39,228.0316162109375,-210.65225219726562,-52.05714797973633,228.08566738746484,-211.0664648833575,-52.06104658803791,0.41774259795970353,0.3109778894552847,0.0795695303203369,3.605992199462621e-05,33.03855702655562,68.81333055048141,nan,nan,nan
347.40000000000003,228.0343780517578,-210.64361572265625,-52.05789566040039,228.07616074381662,-211.05513561037495,-52.06115472843337,0.41364844115279015,0.3109172808674802,0.07955908449513277,3.5316869892214866e-05,33.429803380782246,68.50694955909192,2.269319405144452,0.3136871334553191,nan
347.41,228.03707885742188,-210.63499450683594,-52.058624267578125,228.07914156701648,-211.0465409868073,-52.061954901039364,0.4137038431468836,0.31096506747315716,0.07958041891102238,3.602419385050881e-05,33.29211445165184,69.95122586768937,nan,nan,nan
347.42,228.03973388671875,-210.62635803222656,-52.05934143066406,228.08206791161575,-211.03794574281113,-52.06274130702853,0.41377309280271146,0.31101293910882694,0.07960181940495828,3.674584806434383e-05,33.15764478462204,68.21822273993352,nan,nan,nan
347.43,228.04232788085938,-210.6177215576172,-52.06004333496094,228.08494101176728,-211.029349935262,-52.06351419359326,0.41384278061591534,0.31106089591898983,0.07962328612144066,3.748197703391992e-05,33.0232001563161,68.54297968520254,nan,nan,nan
347.44,228.0448760986328,-210.6090850830078,-52.060733795166016,228.08780775079157,-211.02079912189168,-52.06639456816753,0.41398504915289597,0.31110893732379635,0.07964481848692738,3.6674752230560476e-05,33.435258551980894,68.66421743183643,nan,2.8864476327075157,nan
347.45,228.04736328125,-210.60044860839844,-52.06140899658203,228.08357157124863,-211.01049019176938,-52.06732262708908,0.41167962225952653,0.3110482418110035,0.07963433189363989,3.7385368643543834e-05,33.720243092919084,69.02868522985209,1.695045131377203,nan,nan
347.46,228.0498046875,-210.59181213378906,-52.062068939208984,228.08628688186198,-211.00190238959487,-52.06850067708994,0.41176004622171797,0.3110960838271983,0.07965585560609717,3.658342867188834e-05,33.775896407406826,68.9485691738309,nan,0.11357827509901196,nan
347.47,228.0522003173828,-210.5831756591797,-52.06271743774414,228.0889442418902,-210.9933053461438,-52.069250917753024,0.4118241887972625,0.3111440116361458,0.0796774463845557,3.731541600100318e-05,33.650128585901584,68.68293756003828,nan,nan,nan
347.48,228.05455017089844,-210.5745391845703,-52.063350677490234,228.09150818894676,-210.98466386524754,-52.06778569804317,0.4118104153684842,0.31119202405275576,0.0796991031008387,3.6517602788994625e-05,32.90654536473309,67.89894556106368,nan,3.143981145573064,nan
347.49,228.05685424804688,-210.56590270996094,-52.06397247314453,228.09406986422815,-210.97606556713097,-52.06849045110581,0.4118725332120335,0.31124012251265015,0.07972082712113483,3.724813046440518e-05,32.77816422925771,67.74801865575284,nan,nan,nan
347.5,228.05911254882812,-210.55726623535156,-52.06458282470703,228.09494196794432,-210.95908100279675,-52.06940390490435,0.4034378482808768,0.3111793384609097,0.07971029470151936,3.643171265462896e-05,31.575837408977016,67.78037357956724,5.2556962648933485,0.02206044479241609,nan
347.51,228.0613250732422,-210.5486297607422,-52.065181732177734,228.09741525267077,-210.95045157250848,-52.07008857880371,0.40346913959576575,0.31122723717672596,0.07973200926527443,3.71599562738015e-05,31.44887280430935,67.74183609212753,nan,nan,nan
347.52,228.06349182128906,-210.5399932861328,-52.065765380859375,228.09982749501305,-210.94180548508695,-52.0699110731605,0.4034730612791725,0.31127522050536766,0.07975379003954147,3.6370990622853576e-05,31.136874892849583,67.63367725672002,nan,0.47308894902830345,nan
347.53000000000003,228.06561279296875,-210.53135681152344,-52.066341400146484,228.10221250548838,-210.9331742629812,-52.07056559766014,0.40350297036969,0.31132328973853646,0.07977563820254634,3.709796353234556e-05,31.00899696644526,67.57398822568494,nan,nan,nan
347.54,228.06781005859375,-210.52272033691406,-52.06700897216797,228.10463756586998,-210.92456541358015,-52.0725621426982,0.4035673037250365,0.3113714439069276,0.0797975529072944,3.631272308377024e-05,31.246153469305472,67.78603368012942,nan,1.1076945071149278,nan
347.55,228.07008361816406,-210.51406860351562,-52.06776428222656,228.11608817503975,-210.91712704538506,-52.07345554649159,0.4057153155902275,0.3113105722704056,0.07978697204895309,3.701521298893151e-05,30.715516658980864,66.72927251643772,1.7344584732627164,nan,nan
347.56,228.07241821289062,-210.50543212890625,-52.0686149597168,228.11863257267203,-210.90846983671008,-52.07319927522401,0.40570454386220794,0.31135852640960976,0.07980887657267827,3.623454462077864e-05,30.289527893071924,68.02205585393332,nan,0.8732915437793203,nan
347.57,228.07484436035156,-210.49679565429688,-52.06955337524414,228.1212704762579,-210.89983156452203,-52.07417463489828,0.40572735329277543,0.3114065663203033,0.07983084857795968,3.6958317806418464e-05,30.158327005240242,66.97161371343685,nan,nan,nan
347.58,228.07733154296875,-210.48814392089844,-52.070579528808594,228.1239566739705,-210.89117121863256,-52.07391506319133,0.40572901221063923,0.31145469116093594,0.07985288737746685,3.618111841964711e-05,29.760923098118266,65.96036854873998,nan,1.1581163269562396,nan
347.59000000000003,228.07989501953125,-210.47950744628906,-52.07168960571289,228.12673748165525,-210.88253178752456,-52.075056024062356,0.4057513631014022,0.31150290203171976,0.07987499391061298,3.6903868802548833e-05,29.63188188537663,66.84174277934224,nan,nan,nan
347.6,228.08251953125,-210.47085571289062,-52.07289123535156,228.11813070244185,-210.85760865842045,-52.07520408978901,0.38839586208570315,0.31144194148743704,0.0798643599427595,3.6107869747356125e-05,27.79803508486279,65.73393331296052,11.800743924287316,0.8214519239535448,nan
347.61,228.08522033691406,-210.46221923828125,-52.07417678833008,228.12104049732403,-210.84892002517435,-52.07650953130682,0.38836326315105435,0.3114899519777816,0.07988645547334479,3.6828770852382536e-05,27.669864248973155,66.530805821204,nan,nan,nan
347.62,228.08798217773438,-210.4535675048828,-52.07554626464844,228.12400279900908,-210.8402167362162,-52.07693651116404,0.3883259533344298,0.3115380473860994,0.0799086180372915,3.6059085728987306e-05,27.45014389480204,65.4449992024989,nan,0.6176297558204994,nan
347.63,228.0908203125,-210.44493103027344,-52.076995849609375,228.12704894036668,-210.83152733648916,-52.07840274503105,0.38829266901587267,0.3115862286996544,0.07993084843946913,3.677911977595319e-05,27.323621799977985,66.19992245465056,nan,nan,nan
347.64,228.09371948242188,-210.436279296875,-52.07853317260742,228.1301563632169,-210.82283266779072,-52.07960280960037,0.38826833372253655,0.3116344952462955,0.07995314619405192,3.601252737037945e-05,27.17716912102923,64.98293505374407,nan,0.08169673143572201,nan
347.65000000000003,228.0966796875,-210.42764282226562,-52.08015060424805,228.13172298775206,-210.81162322516155,-52.08118833518385,0.38557756623819683,0.31157344642511103,0.07994245608956374,3.670888294196668e-05,26.86299594607782,66.38451975879086,0.37596949652226014,nan,nan
347.66,228.09971618652344,-210.4189910888672,-52.08184814453125,228.1349326258936,-210.80289673114984,-52.08075610530484,0.38551904275670185,0.3116215122949212,0.07996474207240638,3.594620318238672e-05,26.74389147491486,64.44365765449139,nan,3.0710491456657856,nan
347.67,228.10281372070312,-210.41033935546875,-52.083621978759766,228.13824052521034,-210.79419902609112,-52.082526796642696,0.38549254808851613,0.31166966394967166,0.07998709600364053,3.6663809870506606e-05,26.620706583560032,64.56917819981759,nan,nan,nan
347.68,228.10597229003906,-210.40170288085938,-52.085479736328125,228.14550538181612,-210.77750494467725,-52.08578335198329,0.3778758376738203,0.31149610457372645,0.07905918748709798,3.590304492815215e-05,35.11356257207021,74.27789979546156,nan,1.3096270212009278,0.06758600337719567
347.69,228.10919189453125,-210.39305114746094,-52.08740997314453,228.14894799754472,-210.76879209464875,-52.087727147797416,0.3778384677612502,0.31154355400291206,0.07907807941559089,3.661996437336289e-05,34.947063820183374,73.1231646512431,nan,nan,nan
347.7,228.1124725341797,-210.38441467285156,-52.089393615722656,228.16245405449936,-210.7705174551637,-52.08975786064489,0.38932459921897217,0.3114829309361984,0.07906751641809971,3.5841130296980444e-05,35.93355772232347,74.07680517023529,6.096670033987058,0.0009822366746873414,nan
347.71,228.11582946777344,-210.37576293945312,-52.09137725830078,228.16603168962558,-210.76183663277988,-52.09179364505515,0.38932420055241745,0.3115301831080282,0.0790864074541678,3.6556554023257935e-05,35.77098938357761,72.10510584661921,nan,nan,nan
347.72,228.11923217773438,-210.3671112060547,-52.09334945678711,228.16967101716745,-210.75316891019347,-52.09417069867212,0.3893395714366745,0.3115775190641331,0.07910535769527849,3.5803073010822976e-05,35.62060744859828,72.52278248967019,nan,0.08110810287310467,nan
347.73,228.12269592285156,-210.3584747314453,-52.09528732299805,228.17336978070895,-210.74448850522728,-52.0961824675437,0.38932669405437037,0.3116249389603077,0.07912437138392239,3.651795801072405e-05,35.45691245393866,73.68165157563021,nan,nan,nan
347.74,228.126220703125,-210.34982299804688,-52.09719467163086,228.17712662175583,-210.73577720193805,-52.09730653059978,0.38929689513961935,0.31167244293132657,0.07914344467602079,3.576698774260172e-05,35.272330582202166,72.12031477748276,nan,0.49743924424867747,nan
347.75,228.1298065185547,-210.3411865234375,-52.09906768798828,228.1856596032722,-210.73249801363622,-52.099302250145016,0.3952775030954932,0.3116117462134744,0.07913289212565423,3.645881266705766e-05,35.778761594112666,73.03543479609486,1.8610992831604312,nan,nan
347.76,228.13345336914062,-210.33253479003906,-52.10090255737305,228.18954174159637,-210.72388041907277,-52.102493725310644,0.39534774402281453,0.31165905267672667,0.07915196418158035,3.5711156611809015e-05,35.68734105720047,71.6669691395996,nan,1.1177663132243643,nan
347.77,228.13714599609375,-210.3238983154297,-52.10270309448242,228.1934796566522,-210.7152178620969,-52.10437874711947,0.3953571508490773,0.3117064430238942,0.07917109969480061,3.6424237503469056e-05,35.52929656589405,73.23015832775667,nan,nan,nan
347.78000000000003,228.14089965820312,-210.31524658203125,-52.104469299316406,228.19747524680184,-210.70658056500037,-52.10695811096334,0.39541026495929166,0.3117539173946166,0.07919029525322686,3.567887950524798e-05,35.46563592097173,71.70101517889377,nan,0.3608501548935906,nan
347.79,228.14471435546875,-210.30661010742188,-52.106197357177734,228.20152610831556,-210.69791850830035,-52.108781590257124,0.3954194205147276,0.31180147593720553,0.07920955445750034,3.639158134406967e-05,35.31350989737429,72.5802197192741,nan,nan,nan
347.8,228.14859008789062,-210.29795837402344,-52.10789489746094,228.1788413217214,-210.68530632759064,-52.10920615403694,0.38852965610721396,0.311740705291828,0.07919900522476288,3.562685109109127e-05,36.89185780147798,70.04740684187509,16.54200790448486,1.3581247313749476,nan
347.81,228.15249633789062,-210.28932189941406,-52.109554290771484,228.18294928435972,-210.67666270988792,-52.110949690519845,0.38853858566126115,0.31178806607070253,0.07921826260542361,3.6338336977903464e-05,36.7356388393094,72.32310878929523,nan,nan,nan
347.82,228.15647888183594,-210.28067016601562,-52.111183166503906,228.1871117681935,-210.66802491839417,-52.1128270081654,0.3885676004664365,0.31183551082009564,0.07923758045201873,3.559816207619812e-05,36.6022157055353,69.87861259417309,nan,0.018846852638566232,nan
347.83,228.16050720214844,-210.27203369140625,-52.1127815246582,228.19132789171118,-210.65938221410065,-52.11450800562355,0.3885765994951027,0.3118830396857682,0.07925696197677345,3.6309368924429005e-05,36.4495570784024,71.1827470274146,nan,nan,nan
347.84000000000003,228.1645965576172,-210.26339721679688,-52.11434555053711,228.1955977952808,-210.65079377428145,-52.11787845714695,0.3886510657603966,0.3119306528113334,0.07927640434507957,3.5571184115162334e-05,36.56085649308613,70.99279559875677,nan,2.0228337621697587,nan
347.85,228.16871643066406,-210.25474548339844,-52.115875244140625,228.20462365450425,-210.6387627664648,-52.11950758180694,0.38570947135700095,0.31186980796502606,0.07926585831068235,3.625979356492383e-05,35.39056992215176,71.00130606045877,4.3577167095422915,nan,nan
347.86,228.17291259765625,-210.24610900878906,-52.11737823486328,228.20901028823795,-210.63008855974525,-52.12071683675347,0.38568702996137405,0.3119172230689892,0.07928529844692025,3.552439382192316e-05,35.1840058924248,70.6348955300051,nan,0.10784957393313213,nan
347.87,228.17713928222656,-210.2374725341797,-52.11885070800781,228.2134483506199,-210.62142691670908,-52.12228974759018,0.3856826976989903,0.3119647222334902,0.07930480230661392,3.623428536449786e-05,35.03892171568797,71.4824570626006,nan,nan,nan
347.88,228.18142700195312,-210.22882080078125,-52.120296478271484,228.21793701319575,-210.61281473412183,-52.125496301123626,0.38576075477035965,0.31201230560295656,0.07932436740282303,3.550068812033314e-05,35.32093215673302,69.97924630183391,nan,1.895220538267113,nan
347.89,228.18576049804688,-210.22018432617188,-52.121707916259766,228.22247561888184,-210.6041538261,-52.12702903588286,0.3857575550615001,0.31205997332188823,0.07934399643074352,3.6210424450147725e-05,35.18545580864975,71.32482643589783,nan,nan,nan
347.90000000000003,228.19015502929688,-210.2115478515625,-52.12309646606445,228.2452043232269,-210.60324314753615,-52.12798490410666,0.39557493155730783,0.3119990539901551,0.07933344735257425,3.5457139017314414e-05,34.780998208435214,70.5726384481386,4.095100953556697,0.10684485921626648,nan
347.91,228.194580078125,-210.20291137695312,-52.124454498291016,228.2498718595744,-210.59459307688587,-52.12945612888174,0.39559670305327393,0.31204652342603983,0.07935307354068695,3.6165876820554006e-05,34.643834506601024,71.35676678009662,nan,nan,nan
347.92,228.19900512695312,-210.1942596435547,-52.12578582763672,228.2545570576668,-210.585915166569,-52.129879558769424,0.395596795169306,0.31209407701061065,0.07937276133949395,3.5436491001373014e-05,34.272108431405755,69.06407967549282,nan,0.718183066989128,nan
347.93,228.203369140625,-210.1856231689453,-52.12709045410156,228.25920954294844,-210.57726610944687,-52.131288243826766,0.39562604162886594,0.3121417148888521,0.07939251313461058,3.614515137653356e-05,34.129013347010634,70.56642522424484,nan,nan,nan
347.94,228.20767211914062,-210.17698669433594,-52.12836837768555,228.26380271646548,-210.56861016870886,-52.13239799869604,0.395646088671998,0.31218943720447884,0.07941232689980919,3.54172976646637e-05,33.94285649957797,69.99634561527353,nan,0.051565464067305986,nan
347.95,228.21189880371094,-210.16835021972656,-52.12961959838867,228.24071561147164,-210.55420897832002,-52.13375034916702,0.3869553631813289,0.3121284430971148,0.07940177371519509,3.610369892430787e-05,35.31137020062468,69.22850464055013,12.826779666975133,nan,nan
347.96,228.21603393554688,-210.1597137451172,-52.1308479309082,228.24510526572809,-210.54557235653527,-52.13511615680583,0.3869757460052401,0.3121759668649761,0.07942158417150622,3.537816961770334e-05,35.19690656023417,69.58892587929235,nan,0.0008154066669160827,nan
347.97,228.22010803222656,-210.1510772705078,-52.13205337524414,228.24941514430452,-210.53693522312253,-52.13642429511785,0.3869940197921813,0.3122235748702209,0.07944145869951413,3.608589072516877e-05,35.05700631901841,68.49873996262487,nan,nan,nan
347.98,228.22409057617188,-210.14244079589844,-52.13323211669922,228.25364555107518,-210.52828439369003,-52.13715696545212,0.38699377635309307,0.3122712672551823,0.0794613955472739,3.536173134990876e-05,34.80838686979807,68.85513369682862,nan,0.2108927699425685,nan
347.99,228.22799682617188,-210.13380432128906,-52.1343879699707,228.25779604018553,-210.5196476887804,-52.13841364755372,0.3870133117515281,0.3123190441669767,0.07948139669213705,3.6069468440803505e-05,34.66816749264263,68.55451965661172,nan,nan,nan
348.0,228.23182678222656,-210.1251678466797,-52.135520935058594,228.25802818126328,-210.51122861623926,-52.13918646709912,0.38696623525774815,0.3122579749851472,0.07947083386020494,3.5325312076462625e-05,34.906821967711934,68.17350034881856,0.6668091650266322,0.17253697815975338,nan
348.01,228.23558044433594,-210.1165313720703,-52.136634826660156,228.26201515485886,-210.50259791819414,-52.14039483471979,0.3869887719521346,0.31230555308200547,0.07949083106642665,3.603221546170386e-05,34.766644320719436,67.94420169495552,nan,nan,nan
348.02,228.2392578125,-210.10789489746094,-52.13772201538086,228.26592841946146,-210.4939372613443,-52.1403005434241,0.38697115757537764,0.3123532154998318,0.07951089092547449,3.531142679695744e-05,34.41089414740169,67.77974167546436,nan,1.1384828963080662,nan
348.03000000000003,228.24285888671875,-210.09925842285156,-52.138790130615234,228.269766254475,-210.48530680980764,-52.14145383375245,0.38699413280482964,0.31240096238772397,0.07953101517312725,3.601840531037701e-05,34.26827729759863,67.7110871589356,nan,nan,nan
348.04,228.24639892578125,-210.0906219482422,-52.139835357666016,228.2735318144939,-210.4766721986562,-52.14240277184053,0.38701108654682004,0.3124487938849688,0.07955120241729707,3.529875355596121e-05,34.10831337678079,67.09775229312162,nan,0.02343375058755872,nan
348.05,228.24984741210938,-210.0819854736328,-52.1408576965332,228.2738997378349,-210.4779801523168,-52.14359607735972,0.3967339141646392,0.3123876493290371,0.07954062812364149,3.5983712563614305e-05,36.184696726897656,67.8831411987977,15.760367790485354,nan,nan
348.06,228.2532501220703,-210.07334899902344,-52.14186477661133,228.27750781824386,-210.46939377615655,-52.14468873081547,0.39679702120279664,0.31243528174377494,0.07956081159157899,3.670422580438068e-05,36.04634577017866,66.55259680634913,nan,nan,nan
348.07,228.25657653808594,-210.06471252441406,-52.14284896850586,228.28104746062056,-210.46080717876026,-52.14576230835874,0.39686054074501964,0.31248299856769907,0.07958105886226788,3.7439203577828286e-05,35.90830111538386,66.93708182201908,nan,nan,nan
348.08,228.25982666015625,-210.0560760498047,-52.1438102722168,228.28451677872624,-210.45226184805452,-52.14878429025288,0.39698555332062124,0.3125307999408695,0.079601369388042,3.6634323174622536e-05,36.209093273495064,67.79915087461079,nan,2.4890143707099424,nan
348.09000000000003,228.26303100585938,-210.0474395751953,-52.14475631713867,228.28792381599223,-210.44367485595203,-52.1498403060563,0.3970489852096035,0.3125786860165851,0.07962174469565357,3.736769955796887e-05,36.079956156531864,66.73141291961653,nan,nan,nan
348.1,228.2661590576172,-210.03880310058594,-52.14568328857422,228.28645379751032,-210.42814482902116,-52.14968028311096,0.3898907974466523,0.312517465770721,0.079611153892898,3.6544265768720285e-05,34.92177456117477,66.882898697388,2.78452940774198,0.8955913517239039,nan
348.11,228.26922607421875,-210.0301513671875,-52.14659118652344,228.28972960950338,-210.41953516181064,-52.150688722007025,0.38994477079623124,0.3125651524874852,0.07963152408269306,3.727521558664147e-05,34.79202687593364,65.60604907030853,nan,nan,nan
348.12,228.27223205566406,-210.02151489257812,-52.147483825683594,228.29294455784202,-210.4109172920583,-52.1512706077382,0.38997125046047715,0.3126129236927918,0.07965195783426011,3.647963370689687e-05,34.58947782743668,66.48210580215974,nan,0.10877980082359588,nan
348.13,228.27517700195312,-210.01287841796875,-52.148353576660156,228.29609839581738,-210.4023071216542,-52.15224109630355,0.39000965729623005,0.3126607795424025,0.07967245647145409,3.7209181159728944e-05,34.45773646919826,66.58300506574399,nan,nan,nan
348.14,228.27806091308594,-210.00424194335938,-52.149208068847656,228.29919372247545,-210.39368936866074,-52.152811968648074,0.39003702490959874,0.31270872016886164,0.07969301900487152,3.641753640887414e-05,34.26374360060615,66.46501905348791,nan,0.09558842392658218,nan
348.15000000000003,228.28089904785156,-209.99560546875,-52.150047302246094,228.28337462103966,-210.37858100022305,-52.15371130127755,0.38300105882174484,0.3126474239288138,0.07968240938841982,3.712231695909126e-05,34.694081477555216,65.52975574171757,3.7367816584798925,nan,nan
348.16,228.28367614746094,-209.98696899414062,-52.1508674621582,228.28632818736517,-210.3698999996829,-52.15098650581972,0.3829402074641223,0.31269516491939203,0.07970296622947015,3.633546517459872e-05,34.190252374890015,65.30536009266963,nan,8.679238473895921,nan
348.17,228.28639221191406,-209.9783172607422,-52.15167236328125,228.2892182377908,-210.36128454478148,-52.1518524508683,0.38297775326803224,0.31274299049516185,0.07972358806826438,3.70615588644526e-05,34.05079005350047,64.30885688970554,nan,nan,nan
348.18,228.2890625,-209.9696807861328,-52.152462005615234,228.29205211552298,-210.35267841561816,-52.15326640742717,0.3830101422346986,0.3127909007862585,0.07974427408922646,3.627837954184606e-05,33.926315260449535,64.9587160614942,nan,0.20817538082252185,nan
348.19,228.2916717529297,-209.96104431152344,-52.15323257446289,228.29483336837322,-210.34406193305813,-52.15410789435797,0.3830316702352735,0.31283889595221914,0.07976502535697597,3.700333292113191e-05,33.78755466592531,65.31782919090354,nan,nan,nan
348.2,228.29421997070312,-209.952392578125,-52.15399169921875,228.3086898686189,-210.3285887618434,-52.15411835619211,0.37647438509409176,0.31277752338560294,0.07975439225765016,3.6201424459326026e-05,31.563814889702662,64.62937798197306,15.998093413686954,0.4149842735922045,nan
348.21,228.29673767089844,-209.94375610351562,-52.15473556518555,228.31139636983923,-210.31993158349215,-52.15492262155547,0.3764610261106595,0.3128253186369386,0.07977513715094342,3.692441122945954e-05,31.424067277051588,64.77023122115882,nan,nan,nan
348.22,228.2991943359375,-209.93511962890625,-52.155460357666016,228.31405115462388,-210.31128267812784,-52.15625554805331,0.37645716487924014,0.3128731985412952,0.0797959464985492,3.614915229147051e-05,31.299957147083497,65.30789344275959,nan,0.19468080668817614,nan
348.23,228.30160522460938,-209.9264678955078,-52.15617370605469,228.31665779789617,-210.3026245714049,-52.157037555924596,0.3764587241930939,0.31292116326046326,0.07981682121722015,3.6871163503895596e-05,31.16543417985035,63.83055306036679,nan,nan,nan
348.24,228.30397033691406,-209.91783142089844,-52.15687561035156,228.3192121181477,-210.29399030194006,-52.159409411795416,0.3764760760412454,0.31296921292103724,0.07983776071214747,3.609918824807336e-05,31.183850155281707,64.89868024769267,nan,1.70396419412942,nan
348.25,228.3062744140625,-209.9091796875,-52.15755844116211,228.31048079986917,-210.27303265580775,-52.160250697927815,0.36388724142845424,0.31290776372024093,0.07982710134148371,3.679729777319522e-05,30.007174901227362,64.45274330082698,6.795617729310294,nan,nan
348.26,228.3085479736328,-209.90052795410156,-52.15822982788086,228.3129313355246,-210.26434238896223,-52.16135645508015,0.3638542739505854,0.3129556131837046,0.07984803383699564,3.6029432132483764e-05,29.9458784377842,63.64611612544596,nan,0.07970560294122465,nan
348.27,228.31077575683594,-209.8918914794922,-52.15888977050781,228.31533708444204,-210.25564657505873,-52.16210698367837,0.3637979187966061,0.3130035474009857,0.07986903183369803,3.674880798719785e-05,29.8185553821653,64.71205554862638,nan,nan,nan
348.28000000000003,228.3129425048828,-209.88323974609375,-52.1595344543457,228.3177032588641,-210.24692271698873,-52.16088668712083,0.36371664332410025,0.3130515664966618,0.07989009486172967,3.598398132643344e-05,29.451717959938687,64.00795911706082,nan,2.5594517955142804,nan
348.29,228.31507873535156,-209.87460327148438,-52.16016387939453,228.32002040438962,-210.23822548078573,-52.16159353078241,0.36365859689160457,0.31309967063571786,0.07991122365132823,3.670259536100143e-05,29.31957854830062,64.6125295370528,nan,nan,nan
348.3,228.31716918945312,-209.86595153808594,-52.16078567504883,228.32038930276644,-210.21897354523315,-52.16293772450892,0.35304325227495736,0.3130381444540567,0.07990053366799829,3.5918783722545924e-05,27.789120520372496,63.64403594162988,9.431999358838697,0.3037386643931323,nan
348.31,228.31922912597656,-209.8572998046875,-52.16139221191406,228.3226264745728,-210.2102364684662,-52.16362766989575,0.35296009390455996,0.31308604811161767,0.07992165475137869,3.6635805723034343e-05,27.663699920551487,63.12103014916454,nan,nan,nan
348.32,228.3212432861328,-209.84864807128906,-52.1619873046875,228.32482577360204,-210.20148382541615,-52.16311395054852,0.35285573955625565,0.3131340365838304,0.07994284110963597,3.587762912784296e-05,27.429957420476423,63.115416526586735,nan,0.9546828558984268,nan
348.33,228.32321166992188,-209.83999633789062,-52.16257095336914,228.32698150196623,-210.19274581792533,-52.16377006828332,0.35277166152480743,0.31318211003741353,0.07996409336837944,3.659402328835387e-05,27.301214351995547,63.26876371077028,nan,nan,nan
348.34000000000003,228.32513427734375,-209.83135986328125,-52.16313934326172,228.32909787733567,-210.1840054481337,-52.16427458025695,0.3526696859723702,0.3132302685941804,0.07998541121413275,3.583852907693707e-05,27.162888348379642,64.81234197152527,nan,0.013356304601908654,nan
348.35,228.3271484375,-209.8227081298828,-52.16380310058594,228.33226191124405,-210.17640838817124,-52.16484032346182,0.353738739973904,0.3131686651214382,0.07997468747670826,3.653168883665079e-05,27.191770350129477,62.71545416550879,0.6878245045862212,nan,nan
348.36,228.3292236328125,-209.81405639648438,-52.16455841064453,228.33447105629082,-210.16768480245636,-52.166774558098695,0.3536742799144282,0.313216622908952,0.07999599694497692,3.577968420528676e-05,27.172304412578185,63.41598340232083,nan,0.9056980783321786,nan
348.37,228.33139038085938,-209.80540466308594,-52.1654052734375,228.33675897131107,-210.15894713336155,-52.16765383934379,0.3535903789707177,0.31326466561485894,0.08001737245643323,3.649410455959965e-05,27.047968652542128,62.58815343927057,nan,nan,nan
348.38,228.3336181640625,-209.7967529296875,-52.16633987426758,228.33912270558406,-210.15020489169288,-52.16826477089196,0.35350006315392607,0.31331279335955176,0.08003881378444784,3.5744561167470153e-05,26.886868911958263,63.117500273626355,nan,0.08734398080166728,nan
348.39,228.33592224121094,-209.78810119628906,-52.167362213134766,228.34155929172277,-210.14146615376882,-52.16932141571239,0.3534153476971285,0.31336100631204106,0.080060321424857,3.645852445114665e-05,26.762930905959077,62.91234239964124,nan,nan,nan
348.40000000000003,228.3383026123047,-209.77943420410156,-52.16847610473633,228.3275649406966,-210.12985776770347,-52.16804683371743,0.35058829956607385,0.31329932519008885,0.08004955982046656,3.5689696345428825e-05,27.40762270114148,60.9033456749075,4.794535854102156,3.645849126058323,nan
348.41,228.34075927734375,-209.77078247070312,-52.16967010498047,228.33011527977087,-210.1211249662949,-52.16925542809439,0.3505043949206977,0.31334733708349904,0.08007105835040523,3.64023668249729e-05,27.28296609127941,62.05396667353487,nan,nan,nan
348.42,228.34327697753906,-209.7621307373047,-52.170955657958984,228.332735355279,-210.11239759015254,-52.171147811621196,0.3504254998239181,0.3133954339505843,0.08009262291682359,3.5658327469554237e-05,27.15474226460653,62.188067262629076,nan,0.24216714072314066,nan
348.43,228.3458709716797,-209.75347900390625,-52.17232131958008,228.3354277198579,-210.10366401802258,-52.17253514518237,0.3503407646016358,0.3134436159614519,0.08011425394433229,3.637064782728893e-05,27.031334098231756,61.97901482790576,nan,nan,nan
348.44,228.34854125976562,-209.7448272705078,-52.173770904541016,228.33819229692824,-210.09492267685224,-52.17320428442693,0.3502487910523455,0.31349188323469696,0.08013595131289449,3.5628749404630526e-05,26.91640554969787,61.58179565384219,nan,0.4391677698600735,nan
348.45,228.3512725830078,-209.73617553710938,-52.1753044128418,228.33538101286138,-210.07882835754762,-52.17482647478269,0.3430214654810871,0.3134301241508379,0.08012514845098413,3.631833955833215e-05,26.16579759738843,61.90460195756948,2.676606867363779,nan,nan
348.46,228.35406494140625,-209.72750854492188,-52.176918029785156,228.33827509976774,-210.07007105905123,-52.176349796669484,0.3429266948991687,0.31347819007222616,0.08014683599514395,3.557937899146989e-05,26.048010007121935,60.92266204859887,nan,0.008155766897559683,nan
348.47,228.35693359375,-209.71885681152344,-52.178611755371094,228.34123612399551,-210.06131454320985,-52.17806333259578,0.34281774941801635,0.31352634107241645,0.08016859015116559,3.629024962783125e-05,25.925534054813664,61.64263299096292,nan,nan,nan
348.48,228.35986328125,-209.710205078125,-52.18038558959961,228.3442638353542,-210.05255801606594,-52.17985795096722,0.3427085572780145,0.31357457728271615,0.08019041095377318,3.7015478634829596e-05,25.803196546040663,61.737209199740995,nan,nan,nan
348.49,228.3628692626953,-209.70155334472656,-52.1822395324707,228.34735747469225,-210.04380158553073,-52.18173281264578,0.3425999571885268,0.3136228988476255,0.08021229854746689,3.775521051266493e-05,25.682198597986826,61.09081942409006,nan,nan,nan
348.5,228.3659210205078,-209.69290161132812,-52.18416976928711,228.3362199429441,-210.03107924907425,-52.18144327855415,0.3394903569053383,0.31356106143427026,0.08020145046131945,3.690630506384251e-05,26.271454614757815,61.88978479973791,2.5967899825925382,3.422357130765942,nan
348.51,228.36904907226562,-209.68423461914062,-52.18614959716797,228.3394169027242,-210.02232302845243,-52.18344034724517,0.3393953123097977,0.3136091813522904,0.08022332747044167,3.764313838635938e-05,26.147369329334897,60.00535615296475,nan,nan,nan
348.52,228.3722381591797,-209.6755828857422,-52.18813705444336,228.3426770394198,-210.01356708686637,-52.18552189891333,0.3392845694243379,0.3136573863994378,0.08024527122304338,3.6823659667179276e-05,26.018501880647072,61.074151084927244,nan,0.0020480669619788614,nan
348.53000000000003,228.37548828125,-209.66693115234375,-52.190101623535156,228.34600007811366,-210.0048108295821,-52.18754186445713,0.3391736764276488,0.3137056767496398,0.08026728202437165,3.755865573842516e-05,25.888021581540055,61.17533978726221,nan,nan,nan
348.54,228.37879943847656,-209.6582794189453,-52.192039489746094,228.3493880461659,-209.9960489269295,-52.18863806139212,0.3390646549500141,0.3137540525178939,0.08028935986882513,3.674423518208937e-05,25.909713509839257,61.12393135007143,nan,0.5200498311179705,nan
348.55,228.38218688964844,-209.64962768554688,-52.193946838378906,228.3710606752751,-210.00246163822564,-52.19067545949121,0.3530244931007328,0.3136921364620721,0.08027846301465187,3.745373049393939e-05,26.73620114070167,60.14336641326065,7.631300111425792,nan,nan
348.56,228.3856201171875,-209.64097595214844,-52.19581604003906,228.3745976734177,-209.99373476776094,-52.19108393194866,0.3529627021456714,0.3137403102859421,0.08030052952188117,3.664521614897046e-05,26.943892777016657,61.04902112139681,nan,1.4840931212667077,nan
348.57,228.3891143798828,-209.63230895996094,-52.19765090942383,228.37819000376155,-209.98501751896933,-52.192962345036634,0.35290884407652306,0.3137885693457931,0.08032266323151839,3.737595278769607e-05,26.806122482003673,59.62949412441525,nan,nan,nan
348.58,228.39266967773438,-209.6236572265625,-52.1994514465332,228.38183586195774,-209.9763112568754,-52.1966895592433,0.3528312127372091,0.31383691375669137,0.08034486417666704,3.657214808196983e-05,26.310093766302938,60.141644170340044,nan,2.290174649128215,nan
348.59000000000003,228.39627075195312,-209.61500549316406,-52.20121383666992,228.38554607755162,-209.96759461161153,-52.19851715641946,0.35276249399979387,0.31388534369259247,0.0803671326046013,3.730138041792755e-05,26.179707064671966,60.59054377738449,nan,nan,nan
348.6,228.3999481201172,-209.60635375976562,-52.20294189453125,228.42338787105143,-209.9649304411943,-52.1992365426337,0.3593610830640179,0.3138233486208123,0.0803561831101142,3.647960055374425e-05,24.792294399741227,60.367411230199195,17.065758210192833,0.68931680363723,nan
348.61,228.40367126464844,-209.5977020263672,-52.20463562011719,228.4272778181825,-209.9562023598608,-52.200985150371395,0.35929526077330887,0.31387157631230184,0.0803784394122849,3.720651684028536e-05,24.65916421294475,60.706326549140186,nan,nan,nan
348.62,228.40745544433594,-209.58905029296875,-52.206295013427734,228.43122966798836,-209.94746631467538,-52.2009882435003,0.35924284284220137,0.3139198892871007,0.08040076313531869,3.6412617906694666e-05,24.960358903952034,60.76139955927487,nan,1.9101044937358964,nan
348.63,228.41128540039062,-209.5803985595703,-52.207923889160156,228.43523225220872,-209.9387390856903,-52.20265450736702,0.3591784386017898,0.3139682877188487,0.08042315449705373,3.7138236992153863e-05,24.82038890125899,60.93167467599621,nan,nan,nan
348.64,228.41517639160156,-209.57174682617188,-52.20951843261719,228.43929139110995,-209.9300105512414,-52.20390773196501,0.3591182393916888,0.3140167717229659,0.08044561357479552,3.6348543121524004e-05,24.82553899508378,60.69270172587623,nan,0.09497559782415294,nan
348.65000000000003,228.41912841796875,-209.56309509277344,-52.21107864379883,228.4670451374268,-209.92966288330084,-52.205536154290066,0.36972784077712356,0.3139546973190271,0.08043460778433381,3.704974850727175e-05,24.30154763092034,60.714966733633325,5.389584720261163,nan,nan
348.66,228.42312622070312,-209.554443359375,-52.21261215209961,228.47126258290328,-209.92093209025734,-52.204139565552865,0.3697335310090273,0.31400297877667,0.08045705394682774,3.626507322640722e-05,25.339769690764065,61.8977419921958,nan,5.777939212171498,nan
348.67,228.42718505859375,-209.54579162597656,-52.214111328125,228.4755243473848,-209.91221371568344,-52.20565002243203,0.36969369532087865,0.3140513456222991,0.08047956790370389,3.6987465950731256e-05,25.184854487298445,61.507732017628875,nan,nan,nan
348.68,228.43128967285156,-209.53713989257812,-52.21558380126953,228.47848266849172,-209.90358665254774,-52.20799748712954,0.3695510233945438,0.30948527019387706,0.08048277855502001,3.620608466990062e-05,34.0119085909984,70.4667191772543,nan,0.4949960528264071,0.00039703041892944716
348.69,228.43544006347656,-209.52850341796875,-52.21702575683594,228.48284866888162,-209.89487032754445,-52.20945865920032,0.36949905177839126,0.30952932917214904,0.08050492799131201,3.692743616871794e-05,33.81383404979076,71.83192132363968,nan,nan,nan
348.7,228.4396514892578,-209.5198516845703,-52.21843719482422,228.4814914877513,-209.89141533698313,-52.210872936106746,0.373988437359008,0.3094686278871502,0.08049391915507798,3.6128361017022724e-05,35.29530334411098,69.24892391411916,10.158906352997924,0.0007293073509353383,nan
348.71,228.44383239746094,-209.51119995117188,-52.21982192993164,228.48588995751913,-209.88272724808965,-52.212278751717534,0.37397629637538254,0.3095125065987463,0.08051605172675506,3.684786839536114e-05,35.0992999585434,69.42962472551221,nan,nan,nan
348.72,228.4479522705078,-209.50254821777344,-52.2211799621582,228.4902954530479,-209.87403430633165,-52.21274476851316,0.3739866462746154,0.3095564652326768,0.0805382460038755,3.607538226520626e-05,35.36936084875504,70.10601789355881,nan,0.5531837896459394,nan
348.73,228.45201110839844,-209.49391174316406,-52.222511291503906,228.49459885124315,-209.86534718350836,-52.21408827247909,0.37396383439293157,0.3096005106835914,0.08056050223425071,3.679403028234985e-05,35.164749492137446,70.81744355342907,nan,nan,nan
348.74,228.4560089111328,-209.48526000976562,-52.22381591796875,228.49881335127685,-209.85666276445423,-52.21582178661853,0.3739466973010616,0.3096446364586249,0.08058282046512075,3.602497526478941e-05,34.85433958508768,68.83500094222484,nan,0.11514205838740582,nan
348.75,228.4599151611328,-209.4766082763672,-52.225093841552734,228.52156259258646,-209.8530958772696,-52.21708815126574,0.38158539085643006,0.3095839303740425,0.08057176081643595,3.672004385608883e-05,33.961601111715325,69.90706527128815,5.84270259233206,nan,nan
348.76,228.4637451171875,-209.46795654296875,-52.22634506225586,228.52558028294135,-209.84442075183995,-52.22064964521729,0.38155121027204997,0.3096278758008403,0.08059406167353907,3.595521226928477e-05,32.961629325468,69.02061271479306,nan,3.5058823407270587,nan
348.77,228.46751403808594,-209.45932006835938,-52.22757339477539,228.5296273703252,-209.8357340014796,-52.221919320942305,0.3815461749773107,0.30967190776752535,0.08061642469537414,3.667146536652254e-05,32.77369550784943,69.2540261370747,nan,nan,nan
348.78000000000003,228.47120666503906,-209.45066833496094,-52.22877502441406,228.53357824563508,-209.8270496244026,-52.223639491607194,0.38154876858014974,0.3097160202378817,0.08063884995241433,3.590978210067305e-05,32.48218813499516,68.00735666104995,nan,0.15068368515702243,nan
348.79,228.4748077392578,-209.44203186035156,-52.22995376586914,228.53747683057512,-209.818362974637,-52.22486689030921,0.38154737437024316,0.3097602194279038,0.08066133765823362,3.662539039769454e-05,32.29628653469007,69.87390418073527,nan,nan,nan
348.8,228.47836303710938,-209.43338012695312,-52.231109619140625,228.56027718416385,-209.81782857889985,-52.227704847217964,0.39309303245382077,0.30969950146023884,0.08065022417660106,3.584499045383887e-05,31.585882406477804,67.33953086536253,3.861859769324565,1.6710194957933397,nan
348.81,228.48182678222656,-209.4247283935547,-52.23223876953125,228.56406609956062,-209.8091523031228,-52.228904086727894,0.3931363219960777,0.3097435199796405,0.08067269396866622,3.655912893590888e-05,31.41332764781273,68.40353420730153,nan,nan,nan
348.82,228.4852294921875,-209.4160919189453,-52.23334884643555,228.56778056257127,-209.80047650669576,-52.230189762973644,0.39316176102198236,0.3097876191734304,0.0806952262251322,3.58042506837347e-05,31.233263403850792,68.83785169283908,nan,0.007881182116626322,nan
348.83,228.48855590820312,-209.40744018554688,-52.23443603515625,228.57143133330482,-209.79180027860824,-52.23134713769555,0.393205491456371,0.3098318048201667,0.08071782114142333,3.6517877072827685e-05,31.0638694494536,67.97483094484853,nan,nan,nan
348.84000000000003,228.49183654785156,-209.39878845214844,-52.235504150390625,228.57496976440413,-209.7831281484384,-52.23353711099035,0.39323275942200575,0.3098760715340476,0.08074047881479812,3.576574206497087e-05,30.7613891656272,66.53156947547635,nan,0.7496957587214017,nan
348.85,228.4950408935547,-209.39015197753906,-52.236549377441406,228.57034203223824,-209.77479619698488,-52.23456155215895,0.3919507475301918,0.30981534684331064,0.0807293086004226,3.645641538563757e-05,31.455007587884833,67.79081410927768,3.679302405499919,nan,nan
348.86,228.4981689453125,-209.38150024414062,-52.237571716308594,228.57381760663117,-209.76612629586282,-52.23462251628582,0.39200588950101783,0.3098594327820208,0.08075194781147306,3.570780473714518e-05,31.440382082494367,67.36880191877853,nan,0.7382829203052512,nan
348.87,228.50125122070312,-209.3728485107422,-52.23857498168945,228.57718626836575,-209.75745992729432,-52.2356971202319,0.3920463688039111,0.3099036049144417,0.08077464989167356,3.6419690517018834e-05,31.276490056082345,66.33457949318347,nan,nan,nan
348.88,228.50425720214844,-209.3642120361328,-52.239559173583984,228.58051631587932,-209.7487917447492,-52.23618812165338,0.39208209433435465,0.30994785827123633,0.08079741495213795,3.5673574980947046e-05,31.2165395997134,68.121536429209,nan,0.21629716059192164,nan
348.89,228.50721740722656,-209.35556030273438,-52.24052429199219,228.58376231015492,-209.74012520565748,-52.23721921619103,0.3921226979538663,0.30999219801123346,0.08082024316786073,3.6385115703640006e-05,31.051718923948783,66.12825977481819,nan,nan,nan
348.90000000000003,228.51011657714844,-209.34690856933594,-52.2414665222168,228.59195405672475,-209.74305667154127,-52.239532922942566,0.40451752835994753,0.30993146054936943,0.080809013193833,3.561987756469657e-05,32.40162319320871,66.03208382863737,11.821698281913953,0.8797465855033837,nan
348.91,228.51295471191406,-209.33827209472656,-52.242393493652344,228.59507441196754,-209.73442770083125,-52.24054237970787,0.40458168026726027,0.3099756191904261,0.0808318223732951,3.6330240033618036e-05,32.24315208883799,66.98578518399319,nan,nan,nan
348.92,228.51573181152344,-209.32962036132812,-52.24330139160156,228.59814735198663,-209.7257978674209,-52.24128902843452,0.4046640424466361,0.3100198592031242,0.08085469475127491,3.5589649694112265e-05,32.11773753819704,66.02685235051209,nan,0.0410457392829669,nan
348.93,228.51846313476562,-209.3209686279297,-52.24419021606445,228.60115467312897,-209.71716838480125,-52.242261258735994,0.4047417185543904,0.310064185352005,0.08087763049254848,3.629977039469006e-05,31.962969826113138,65.51098270842036,nan,nan,nan
348.94,228.52113342285156,-209.31231689453125,-52.245059967041016,228.60404377155223,-209.70854235706113,-52.244843930441405,0.4048071019022501,0.3101085932547168,0.08090062972332804,3.55613211358606e-05,31.718223033002417,65.71674203875392,nan,1.80979317255784,nan
348.95,228.5237579345703,-209.3036651611328,-52.245914459228516,228.61214904655523,-209.70932419637472,-52.2458533723324,0.4151773660532774,0.3100478470979434,0.08088933700670813,3.6248948646485573e-05,32.869033008959285,65.14620010482477,6.067784807631338,nan,nan
348.96,228.5263214111328,-209.29502868652344,-52.24675369262695,228.61494543976207,-209.7007257636306,-52.2480071192648,0.4152660688066279,0.3100920737733255,0.08091231661500661,3.551341772114128e-05,32.76847414752121,66.47625779323496,nan,1.0093173171277245,nan
348.97,228.52883911132812,-209.286376953125,-52.24757385253906,228.61773637914644,-209.692124503727,-52.248943596518004,0.41537413887199554,0.31013638634623963,0.08093535979240399,3.6222302811144526e-05,32.6351347930987,65.15870087237394,nan,nan,nan
348.98,228.5312957763672,-209.27772521972656,-52.248374938964844,228.6205215389706,-209.6835205267895,-52.24866508443867,0.4154890517581103,0.31018078080549455,0.08095846667230713,3.54886989104763e-05,32.44431087840481,65.67151640158654,nan,0.9876744339632388,nan
348.99,228.53370666503906,-209.26907348632812,-52.24916458129883,228.62321228022032,-209.6749181636102,-52.249559153019895,0.41559753718471226,0.31022526136271344,0.08098163740887337,3.6197469070351205e-05,32.305599662222264,65.17659844158926,nan,nan,nan
349.0,228.5360870361328,-209.2604217529297,-52.249935150146484,228.61395276519352,-209.66369581000984,-52.251320592357104,0.41072491563838803,0.3101645013968154,0.08097027890413037,3.544434588961184e-05,32.866971054190664,64.16543565688286,2.9619527911110426,0.6490594450147369,nan
349.01,228.5384063720703,-209.25177001953125,-52.250694274902344,228.61652191295408,-209.65509518468804,-52.252193006595036,0.4108229214308765,0.3102088004030644,0.08099342941067819,3.6152159751187344e-05,32.73597564780708,64.47974632370484,nan,nan,nan
349.02,228.54067993164062,-209.2431182861328,-52.251434326171875,228.61904880249963,-209.6464941014132,-52.25292723438856,0.41092086470240724,0.3102531814176676,0.0810166438282669,3.5422976921296226e-05,32.59831711126049,64.55285414423211,nan,0.010593847271776723,nan
349.03000000000003,228.54290771484375,-209.23446655273438,-52.25216293334961,228.62152552187786,-209.6378927659644,-52.25377044876355,0.41101831249931314,0.31029764830473666,0.08103992230637334,3.613075451136248e-05,32.46891751903001,64.32113760431601,nan,nan,nan
349.04,228.5450897216797,-209.22581481933594,-52.25287628173828,228.6239552558893,-209.62929105624738,-52.254659856533905,0.4111155888280588,0.3103421975709905,0.081063264985337,3.540319426541497e-05,32.349603901103656,64.32015878793699,nan,0.002461773357153376,nan
349.05,228.54722595214844,-209.2171630859375,-52.25357437133789,228.65083712928794,-209.63205943524147,-52.255492237953824,0.4276422978452359,0.31028142690409366,0.08105183765052777,3.608880658564613e-05,32.16126695271493,64.90540344449096,5.777799357404843,nan,nan
349.06,228.54933166503906,-209.20851135253906,-52.25425720214844,228.65316495459737,-209.62347530528965,-52.258007640238766,0.4277738887411864,0.3103257944670227,0.08107515947724396,3.536364754449945e-05,32.32137033166417,64.57096301085402,nan,2.024184469710131,nan
349.07,228.55137634277344,-209.19984436035156,-52.25492858886719,228.655508985106,-209.61488935652307,-52.258816089159545,0.4279264758164494,0.31037024768562566,0.08109854556571378,3.6070569721721946e-05,32.20842241233474,64.2121988709915,nan,nan,nan
349.08,228.55340576171875,-209.19119262695312,-52.255584716796875,228.65781145409898,-209.6063028630244,-52.2596119009,0.42805756027005665,0.3104147850094536,0.08112199605947498,3.679182419796507e-05,32.09608658403972,64.03998342314789,nan,nan,nan
349.09000000000003,228.5553741455078,-209.1825408935547,-52.256229400634766,228.66007319218645,-209.597715956026,-52.260395534415885,0.42819339035552767,0.31045940658300664,0.08114551110302777,3.7527555473428845e-05,31.982305042816193,64.83682099018131,nan,nan,nan
349.1,228.55731201171875,-209.17388916015625,-52.25686264038086,228.6869384004505,-209.60576880690084,-52.26243355754678,0.4509479626807657,0.31039862079598196,0.08113401186764159,3.669342693892769e-05,33.07566281678728,65.17399561632088,7.901452239877139,1.0052733214302725,nan
349.11,228.5592041015625,-209.16522216796875,-52.25748062133789,228.68915554614563,-209.5972169652,-52.26320626552587,0.45115370527735,0.3104430603434069,0.08115750541834957,3.7426560399257886e-05,32.97450319348236,64.55777399257599,nan,nan,nan
349.12,228.56106567382812,-209.1565704345703,-52.258087158203125,228.69143499143036,-209.5886638704758,-52.26082385639782,0.4513406538765379,0.31048758235707874,0.08118106357354869,3.662096990136502e-05,32.17016545680291,64.39275305624388,nan,6.361992245331252,nan
349.13,228.56288146972656,-209.14791870117188,-52.25868225097656,228.69357653969365,-209.5801108344813,-52.26154267568448,0.4515300913978674,0.310532190150771,0.08120468647784992,3.7352544771683924e-05,32.05139804912592,64.67677315982488,nan,nan,nan
349.14,228.56466674804688,-209.13925170898438,-52.25926208496094,228.69559829400032,-209.5715573097543,-52.26490837166541,0.45173341999054206,0.3105768807796228,0.08122837427570381,3.6551401513353974e-05,32.574832439471706,64.06995129346731,nan,4.566000256524501,nan
349.15000000000003,228.56642150878906,-209.13059997558594,-52.25983428955078,228.70481964020905,-209.58436466208568,-52.265615940861025,0.4744363613664366,0.3105160823885955,0.0812168000576763,3.7257942230270565e-05,35.6825990162478,64.75171502768505,34.26995828100576,nan,nan
349.16,228.56814575195312,-209.12193298339844,-52.26039505004883,228.7068306150269,-209.57587981817005,-52.26651096026556,0.4746984562885521,0.310560590824544,0.0812404657060079,3.646209176155434e-05,35.68497921280171,63.63979972798688,nan,0.021699002436291852,nan
349.17,228.56993103027344,-209.11328125,-52.26104736328125,228.70886945821053,-209.56739437996768,-52.2672668473872,0.4749329463716095,0.3106051848269999,0.08126419629928283,3.718992540900769e-05,35.57409943301694,65.47828422862773,nan,nan,nan
349.18,228.57180786132812,-209.1046142578125,-52.26179122924805,228.7109794282437,-209.5589081464828,-52.26837907035147,0.47517897888197214,0.3106498617630549,0.08128799198171609,3.639821187534066e-05,35.605272597489524,63.99613120266771,nan,0.045101694209430526,nan
349.19,228.57376098632812,-209.095947265625,-52.26262283325195,228.71317534315492,-209.55042141890036,-52.269323016108,0.47542403319046056,0.31069462448082685,0.08131185289825826,3.712477682312764e-05,35.501182342689134,64.14746778083178,nan,nan,nan
349.2,228.57579040527344,-209.08729553222656,-52.263545989990234,228.74885838283012,-209.5633162054747,-52.2715017103713,0.5065683563962108,0.31063380969482307,0.0813002006003273,3.6314685522462735e-05,36.867696886485405,66.60439705360484,14.79924561437247,0.5713814851469186,nan
349.21,228.57789611816406,-209.07862854003906,-52.26456069946289,228.75125560236125,-209.55487272372508,-52.27263978780431,0.5068799709243886,0.3106783898891743,0.08132403869437714,3.703916063674936e-05,36.76739352361103,65.42793189282025,nan,nan,nan
349.22,228.58006286621094,-209.06996154785156,-52.26565933227539,228.75376970895323,-209.54642996744911,-52.27240132779988,0.5071899807694707,0.3107230531026815,0.08134794206936992,3.6256244332740116e-05,36.138242341972,65.68564608000904,nan,1.4109376210576317,nan
349.23,228.5823211669922,-209.06130981445312,-52.266845703125,228.75631704963146,-209.53798558277205,-52.27370175281165,0.5074853305221398,0.3107678019014784,0.08137191087147998,3.697963176144039e-05,36.03404277061321,65.64259988367863,nan,nan,nan
349.24,228.5846405029297,-209.05264282226562,-52.26811599731445,228.75895368088695,-209.52954118647014,-52.27452399009617,0.5077973967656713,0.3108126340738303,0.0813959452431335,3.6200402328432165e-05,35.777484388267446,65.17456815870489,nan,0.21061373179039602,nan
349.25,228.58705139160156,-209.04397583007812,-52.269474029541016,228.77434642791454,-209.51541678410933,-52.2758886076783,0.507323516681431,0.3107518045925629,0.08138421175760029,3.689970250383883e-05,33.64406142816872,64.21890769471129,16.185162738518592,nan,nan
349.26,228.5895233154297,-209.0353240966797,-52.270912170410156,228.77717360461588,-209.5069397851851,-52.27663473253629,0.5076088419180471,0.3107964540489906,0.08140822261708346,3.612497606324941e-05,33.31327793613115,65.58471122719463,nan,0.4289305944275339,nan
349.27,228.59205627441406,-209.0266571044922,-52.27243423461914,228.78005033570733,-209.4984615802583,-52.27826185182664,0.5079125825934854,0.31084118890471035,0.0814322990935679,3.684552312250176e-05,33.20838587138981,64.950985277607,nan,nan,nan
349.28000000000003,228.59466552734375,-209.0179901123047,-52.27404022216797,228.7829887387057,-209.48998272684477,-52.2803024198031,0.5082143988881941,0.31088600720195303,0.08145644132753771,3.607420187147063e-05,33.25450276263212,64.57365532709719,nan,0.07248193052872041,nan
349.29,228.59735107421875,-209.0093231201172,-52.27572250366211,228.78600544693313,-209.4815042091836,-52.2820979627903,0.5085136180037922,0.3109309111274705,0.08148064946803041,3.67938960879581e-05,33.15384188754894,64.33318056429952,nan,nan,nan
349.3,228.60009765625,-209.0006561279297,-52.277488708496094,228.79562190834656,-209.49171516139316,-52.28588815895097,0.5286201455411463,0.31087006383117843,0.08146883167253198,3.6003878121943155e-05,36.62462759329758,65.6955799742287,23.42420920799411,2.3691228877340156,nan
349.31,228.60292053222656,-208.99200439453125,-52.27933120727539,228.79876260385555,-209.48329609431104,-52.287864240605494,0.528956013247099,0.3109147847144175,0.08149301559635348,3.6721893387378876e-05,36.52942986672759,66.19856318605466,nan,nan,nan
349.32,228.60580444335938,-208.98333740234375,-52.281253814697266,228.80199484323487,-209.47487851269233,-52.288923195681605,0.5293034626475637,0.31095958909578486,0.08151726546199513,3.5957911110327587e-05,36.06642535307241,64.98924862819527,nan,0.6636761927278292,nan
349.33,228.60874938964844,-208.97467041015625,-52.28322219848633,228.80526883822125,-209.46645937890585,-52.29103359502972,0.5296577209548815,0.31100447893428695,0.08154158142094024,3.667521976832091e-05,35.978240889850426,65.33380368534671,nan,nan,nan
349.34000000000003,228.61175537109375,-208.96600341796875,-52.28519821166992,228.80867211748676,-209.4580447910188,-52.290512165921484,0.5300086375831851,0.31104945261258454,0.08156596361007007,3.5914236419508796e-05,34.98457990790598,64.38840119436902,nan,4.74072523531822,nan
349.35,228.61483764648438,-208.9573516845703,-52.28715896606445,228.79348375167066,-209.428703701023,-52.29264032322037,0.5041003864197349,0.31098858853411887,0.08155405838276228,3.6608184347761366e-05,32.97266795970489,63.81636528465188,16.214560656354468,nan,nan
349.36,228.61798095703125,-208.9486846923828,-52.28908920288086,228.79695890476216,-209.42023068540294,-52.29387387789937,0.5043923298607367,0.3110333789542347,0.08157841563394183,3.585099808653321e-05,32.674630711772075,62.787237881297266,nan,0.48891216443493535,nan
349.37,228.62118530273438,-208.9400177001953,-52.29098892211914,228.800477615409,-209.41175629706458,-52.29592241300012,0.5046854233011648,0.3110782546692918,0.08160283916193664,3.6566190006548454e-05,32.58602125510544,62.659150667259,nan,nan,nan
349.38,228.62445068359375,-208.9313507080078,-52.292850494384766,228.80408550344052,-209.40328434946017,-52.29675039781728,0.5049804349503468,0.31112321426536416,0.08162732910086905,3.5811751604196286e-05,32.2297204248656,62.465214463380484,nan,0.9505554474907184,nan
349.39,228.62779235839844,-208.92269897460938,-52.294677734375,228.80772836874365,-209.39481032427423,-52.29871989865944,0.5052548202574904,0.31116825939737375,0.08165188560630021,3.6526423499801934e-05,32.13602117155175,62.48835893244797,nan,nan,nan
349.40000000000003,228.6311798095703,-208.91403198242188,-52.296470642089844,228.80049017579285,-209.37731611758096,-52.298043135789506,0.4932551700052878,0.3111073759567301,0.08163988980371889,3.57529337021756e-05,31.122703439091563,61.37630340749613,2.5149375607730082,4.846770095272211,nan
349.41,228.63462829589844,-208.90536499023438,-52.29822540283203,228.80424169610504,-209.3688214238185,-52.299918146849684,0.49352146533101526,0.3111522375068057,0.08166442063610646,3.646625300724598e-05,31.017700903995767,61.32424702857024,nan,nan,nan
349.42,228.6381378173828,-208.89671325683594,-52.29994583129883,228.80803290796484,-209.3603250216827,-52.30270117342606,0.4937689765654133,0.3111971829692139,0.08168901805673583,3.5717855731805854e-05,31.03534109506857,62.16949975614696,nan,0.6014341049546916,nan
349.43,228.64170837402344,-208.88804626464844,-52.301631927490234,228.81190321518991,-209.35183113982526,-52.30451774277804,0.49403544643309066,0.31124221381807476,0.08171368222409119,3.643077107125436e-05,30.93817722309359,60.9518106256465,nan,nan,nan
349.44,228.6453399658203,-208.87939453125,-52.303287506103516,228.81586111088504,-209.34334097437662,-52.30488240140017,0.49429374535293386,0.31128732890993155,0.08173841326797485,3.5684761179258797e-05,30.665878492421065,61.31757035590169,nan,1.3668046868166204,nan
349.45,228.64901733398438,-208.8707275390625,-52.304908752441406,228.8396753965766,-209.33721888380666,-52.30675212272536,0.5039524477236313,0.31122642660256133,0.08172632376324315,3.637486230029596e-05,29.479431699215354,61.57506999982492,9.209800573958672,nan,nan
349.46,228.6527557373047,-208.86207580566406,-52.306495666503906,228.84374033570455,-209.32871368934858,-52.30957647024042,0.5042177333922137,0.31127135787542093,0.08175102838254851,3.563202861721065e-05,29.53742623537867,62.45407017061208,nan,0.8480438613914996,nan
349.47,228.65655517578125,-208.85340881347656,-52.30805206298828,228.84788386556048,-209.32021172462322,-52.31126491201343,0.5045016826398981,0.31131637439278237,0.08177579992544823,3.634339741508086e-05,29.443404312021872,61.002336701787684,nan,nan,nan
349.48,228.660400390625,-208.84475708007812,-52.30957794189453,228.85210022791938,-209.3117125729574,-52.312027248044366,0.5047794162299256,0.3113614751711736,0.08180063851878713,3.560273118330345e-05,29.213581360033835,62.16985740935757,nan,0.5473586654265049,nan
349.49,228.66432189941406,-208.83609008789062,-52.311073303222656,228.85635435711592,-209.30321156746416,-52.313646911548965,0.505059961737021,0.31140666144538226,0.08182554432543154,3.631384104406141e-05,29.11762653207505,59.95649522560441,nan,nan,nan
349.5,228.66824340820312,-208.8274383544922,-52.312538146972656,228.8833528652309,-209.3076601764166,-52.31546407727288,0.5262068393923632,0.31134573811755106,0.08181335795966613,3.5553759740363594e-05,29.418432022603874,63.04540019080282,6.099265958581083,0.09647726644696421,nan
349.51,228.6721649169922,-208.8187713623047,-52.31397247314453,228.88768464896546,-209.29918413741842,-52.31702673941291,0.5265496347969005,0.31139074025015273,0.08183823657707338,3.626377103483186e-05,29.323004200796273,60.64361516114563,nan,nan,nan
349.52,228.676025390625,-208.81011962890625,-52.31538009643555,228.89197742815384,-209.290708500765,-52.31860565523085,0.5268883662568921,0.3114358266532942,0.08186318241549824,3.552800962172225e-05,29.243151217022145,61.90406729282495,nan,0.0013333315114447998,nan
349.53000000000003,228.6798095703125,-208.8014678955078,-52.3167610168457,228.8962136911176,-209.28223333764794,-52.32011359665204,0.5272356149284435,0.31148099842097676,0.08188819564070027,3.623785231913438e-05,29.144093762347865,62.391129518170665,nan,nan,nan
349.54,228.68353271484375,-208.7928009033203,-52.318111419677734,228.9003912251184,-209.27375957708804,-52.32116512830667,0.5275966115199606,0.31152625478050155,0.08191327637523481,3.550394373374121e-05,28.98340611612298,60.93998755315527,nan,0.126605922223317,nan
349.55,228.68719482421875,-208.78414916992188,-52.31943893432617,228.90180805780918,-209.26138971612423,-52.32267233722956,0.5232856140445625,0.31146531050199117,0.08190099002390962,3.619137370503278e-05,28.57206225223102,61.04165864252735,0.7622478258418814,nan,nan
349.56,228.69078063964844,-208.77549743652344,-52.320735931396484,228.90582005577744,-209.2529016381228,-52.32508423214565,0.5236178281086686,0.31151038246381285,0.08192604278872123,3.5460103788920406e-05,28.702057214424496,61.57849541993328,nan,0.6682984999523491,nan
349.57,228.6942901611328,-208.76683044433594,-52.3220100402832,228.90977780849485,-209.2444165567859,-52.32649477839759,0.5239690199302272,0.31155553966510974,0.08195116311037476,3.616883961568951e-05,28.61298949356711,60.656543738605166,nan,nan,nan
349.58,228.69773864746094,-208.7581787109375,-52.32325744628906,228.91363711682422,-209.2359264929691,-52.329630418165344,0.5243049752577753,0.31160078145644693,0.08197635110867958,3.543923317146072e-05,29.089836316774033,61.6594925303746,nan,2.1073438795063457,nan
349.59000000000003,228.70111083984375,-208.74952697753906,-52.32447814941406,228.91745583716636,-209.22744174064826,-52.33100958580466,0.5246430580171283,0.3116461087472958,0.08200160695347672,3.614791029895785e-05,29.010801205558714,62.03585546599025,nan,nan,nan
349.6,228.7044219970703,-208.74087524414062,-52.32567596435547,228.9205663310211,-209.22672974631448,-52.33331350804814,0.5318188624478114,0.3115851416942372,0.0819892174490419,3.5398535595564063e-05,30.65540635873381,61.965817253254066,5.224865067597795,0.6070928804002564,nan
349.61,228.70765686035156,-208.73220825195312,-52.32685089111328,228.92423836320316,-209.21827185386118,-52.334655238914294,0.5321900791276456,0.3116302842645789,0.08201444453098687,3.610630735407251e-05,30.58451554390436,61.40670310372161,nan,nan,nan
349.62,228.71084594726562,-208.7235565185547,-52.327999114990234,228.92784627998668,-209.2098141864104,-52.33589395798869,0.5325391933890818,0.3116755114159145,0.08203973945365377,3.538062691340582e-05,30.548877412921026,61.42926618715026,nan,0.004456671865305341,nan
349.63,228.71395874023438,-208.71490478515625,-52.32912826538086,228.93138889252964,-209.20135632983136,-52.33719005458603,0.5328939565139831,0.31172082395047745,0.08206510238942215,3.608840879849883e-05,30.47728128766347,61.804614929004345,nan,nan,nan
349.64,228.71701049804688,-208.7062530517578,-52.33023452758789,228.93489920706375,-209.19290522305522,-52.33635342846529,0.5332384703802507,0.31176622137950977,0.08209053345432292,3.5364121685841866e-05,29.624789866141693,60.85652502189133,nan,3.080949818906198,nan
349.65000000000003,228.72000122070312,-208.6975860595703,-52.33131790161133,228.93875272542124,-209.18581361511335,-52.33747666082246,0.5350292488481223,0.3117052312910142,0.08207803768075443,3.604977739505227e-05,29.75641306668684,59.853157451119586,0.6413616388412892,nan,nan
349.66,228.72293090820312,-208.68893432617188,-52.33237838745117,228.94211618196985,-209.17736129426723,-52.338223692594376,0.5353851464051197,0.3117504437264046,0.08210343917463932,3.532767097679357e-05,29.561902187107854,60.68330310311049,nan,0.148081960726733,nan
349.67,228.72581481933594,-208.68028259277344,-52.33341979980469,228.94541401546942,-209.16890757677587,-52.33940816545509,0.5357369153390583,0.31179574143373073,0.08212890884481236,3.603467665241197e-05,29.481796399477233,59.81051955290731,nan,nan,nan
349.68,228.72862243652344,-208.671630859375,-52.33443832397461,228.9486483489266,-209.1604523540243,-52.34099475219919,0.5360977919289439,0.31184112401698466,0.08215444680502094,3.531380340386042e-05,29.594842802707742,61.00105384006763,nan,0.12352837957238731,nan
349.69,228.73138427734375,-208.6629638671875,-52.3354377746582,228.95183161431635,-209.1519982613341,-52.34214392129044,0.5364668111256362,0.31188659213944986,0.08218005323105398,3.60208999732095e-05,29.52044680719228,59.36622498295335,nan,nan,nan
349.7,228.7340850830078,-208.65431213378906,-52.33641815185547,228.97741655970984,-209.13983119676772,-52.34238179757643,0.5431155799090492,0.3111897240277804,0.08150133799255599,3.5279036212798316e-05,37.38319268577319,71.22157635976407,18.46073457844201,0.6340383623843315,0.0007374483313206531
349.71,228.7367401123047,-208.64566040039062,-52.337379455566406,228.98054496731544,-209.13134664528414,-52.343484894306336,0.5434788056472702,0.3112334908392997,0.08152391475365693,3.598535042111803e-05,37.26020688807694,70.62736841059285,nan,nan,nan
349.72,228.7393341064453,-208.63699340820312,-52.33831787109375,228.9836411312041,-209.12285048485893,-52.34393373352483,0.5438515966638918,0.3112773393126506,0.08154655276661708,3.5267625434121735e-05,36.970575262795556,69.97001554224416,nan,0.2811141473024176,nan
349.73,228.74188232421875,-208.6283416748047,-52.33924102783203,228.98666347238648,-209.11436564382387,-52.34499421400375,0.5442152222334491,0.31132127279775873,0.08156925312378423,3.597408277980893e-05,36.84654200587123,70.34068970250402,nan,nan,nan
349.74,228.744384765625,-208.61968994140625,-52.340145111083984,228.98958030383085,-209.105910131394,-52.3476975769427,0.5445989027241407,0.3113652883145081,0.0815920150396132,3.5257361312417964e-05,37.39539686271955,70.67262435969678,nan,1.9177084783323977,nan
349.75,228.746826171875,-208.61102294921875,-52.34103012084961,228.98262083785133,-209.08763963671365,-52.34868535586259,0.531809358628259,0.3113032290815648,0.08158050332870591,3.5941891062464334e-05,36.37327100595427,69.97655493740467,4.2962215320027,nan,nan
349.76,228.7492218017578,-208.6023712158203,-52.34189987182617,228.98550310100052,-209.07911745127754,-52.34914362334425,0.5321356005103535,0.31134706383317157,0.0816032453659278,3.52269649884768e-05,36.0830733014522,70.4151704358267,nan,0.22343558782594627,nan
349.77,228.75157165527344,-208.5937042236328,-52.342750549316406,228.98831887677204,-209.0706048068253,-52.35014612205353,0.5324829646408806,0.31139098338974225,0.08162604993249989,3.593288955878103e-05,35.97005122051303,69.2736401338862,nan,nan,nan
349.78000000000003,228.75387573242188,-208.58505249023438,-52.34358215332031,228.9910302335675,-209.06212340711838,-52.352979449615795,0.5328482207231608,0.31143498508550094,0.08164891631949953,3.5218834074573406e-05,36.80742939475007,71.14281009491538,nan,2.378329856438508,nan
349.79,228.75613403320312,-208.57640075683594,-52.344398498535156,228.99375233366527,-209.05361014916988,-52.35396836291267,0.5331818105960265,0.31147907180021406,0.08167184550786764,3.592495878292506e-05,36.701890057519364,70.99592785885966,nan,nan,nan
349.8,228.7583465576172,-208.56773376464844,-52.34519958496094,228.99597668390868,-209.0494681882762,-52.35340144114741,0.5372182073182002,0.3114170204223171,0.08166027644170702,3.519050832489236e-05,36.87037865241772,69.16189678950649,3.262436872659829,1.4890463583451852,nan
349.81,228.76051330566406,-208.55906677246094,-52.345985412597656,228.99859930057605,-209.04097119156452,-52.354343602702656,0.5375748036009732,0.31146092611331305,0.08168318519987022,3.5895974023857e-05,36.76187969804136,69.11057953805386,nan,nan,nan
349.82,228.76263427734375,-208.5504150390625,-52.34675598144531,229.00115713663794,-209.03248578198946,-52.355992026760376,0.5379318359467998,0.3115049140388207,0.08170615603491445,3.518432182869211e-05,37.09452455384638,70.55653510001503,nan,0.36333685169077107,nan
349.83,228.7647247314453,-208.541748046875,-52.34750747680664,229.00369334502528,-209.02398825550821,-52.35691182644003,0.5382843661959419,0.31154898679250936,0.08172918985552328,3.5890024627062695e-05,36.99304966205318,68.98933462191198,nan,nan,nan
349.84000000000003,228.76675415039062,-208.53309631347656,-52.34824752807617,229.0062388178762,-209.01546152200245,-52.35602381332334,0.5385996388498165,0.3115931421366762,0.08175228605799575,3.517905371809241e-05,36.10227585334632,70.04277579889019,nan,2.2480056626658493,nan
349.85,228.7687530517578,-208.52442932128906,-52.34897232055664,228.980463688238,-208.9917580508884,-52.356901378725524,0.5131085704519185,0.3115311004132418,0.08174065751000892,3.5862957885018425e-05,35.81642237047772,67.50652119391943,7.609302644546708,nan,nan
349.86,228.77072143554688,-208.51576232910156,-52.34968185424805,228.98278390966954,-208.98325933911124,-52.35951323609816,0.5134399705594586,0.3115750746130318,0.08176373275180401,3.5153466538460425e-05,36.672803733458956,67.9112683610773,nan,2.1465217496387243,nan
349.87,228.77264404296875,-208.50711059570312,-52.35037612915039,228.98511321251607,-208.9747329374956,-52.360377680604124,0.5137254457227871,0.31161913346019654,0.08178687116174595,3.585880609610242e-05,36.56975983858321,69.22710472337064,nan,nan,nan
349.88,228.77452087402344,-208.49844360351562,-52.35105895996094,228.98741808600127,-208.9661980568438,-52.36070360027624,0.5140160216988311,0.31166327497609503,0.08181007220383703,3.514988791136051e-05,36.286073234545675,68.2684535324445,nan,0.1933978410030855,nan
349.89,228.7763671875,-208.48977661132812,-52.35172653198242,228.98967114362242,-208.95767062464463,-52.36153723009641,0.5143147238728325,0.3117075013667286,0.08183333668798726,3.5855502806644236e-05,36.184675064029804,67.90712500429366,nan,nan,nan
349.90000000000003,228.77818298339844,-208.48110961914062,-52.352378845214844,228.99834284447203,-208.9529172130805,-52.36305713887088,0.5207559851626103,0.31164546621494466,0.08182164499120789,3.512593080356103e-05,36.78120809048386,68.28245208686849,0.6410806739521264,0.41455959647623375,nan
349.91,228.7799530029297,-208.4724578857422,-52.353023529052734,229.00053200977638,-208.94439625870672,-52.36387237654054,0.5210552980535695,0.3116895112035845,0.0818448879297123,3.583095687857453e-05,36.678391906629386,69.51818587357707,nan,nan,nan
349.92,228.78167724609375,-208.4637908935547,-52.3536491394043,229.00271635293706,-208.93585696842325,-52.36345819745315,0.5213452631564861,0.31173363892800143,0.08186819374525027,3.512387773078749e-05,35.99381520639691,68.63317379711334,nan,1.0390415908717483,nan
349.93,228.78338623046875,-208.4551239013672,-52.35426712036133,229.00483495775217,-208.92733465727775,-52.36423756207037,0.5216530902054995,0.31177785136091213,0.08189156318467598,3.582920503293207e-05,35.89197086853659,67.3628518000659,nan,nan,nan
349.94,228.78504943847656,-208.4464569091797,-52.3548698425293,229.0069359407535,-208.91880216922993,-52.36432553102664,0.5219512186302322,0.311822146872921,0.08191499580411239,3.5122544744386244e-05,35.525432899549145,67.73750355361622,nan,0.3242242926292945,nan
349.95,228.78668212890625,-208.4377899169922,-52.355464935302734,229.015940922235,-208.91256996344597,-52.3650129030468,0.527320443864309,0.3117601193923193,0.08190323861962351,3.5806152194606624e-05,35.25152909898938,67.5893507349043,0.8139566657363565,nan,nan
349.96,228.7882843017578,-208.4291229248047,-52.35604476928711,229.01797409552185,-208.90404666395744,-52.36567082336685,0.5276387213684649,0.31180423335608237,0.08192664912482787,3.5100716346397185e-05,35.209063285926675,67.53652012644388,nan,0.004469554225211345,nan
349.97,228.78985595703125,-208.4204559326172,-52.35661315917969,229.01997328444602,-208.89552423449095,-52.36639686704221,0.5279579498040325,0.3118484318709913,0.08195012343420172,3.5805794064397556e-05,35.10685366980348,67.37100837292486,nan,nan,nan
349.98,228.79139709472656,-208.4117889404297,-52.35717010498047,229.02195447304197,-208.88699350259975,-52.366523026507984,0.528264666378527,0.31189271351659925,0.08197366116222203,3.5100691053223433e-05,34.79053263574483,67.01635157378281,nan,0.24382460246445986,nan
349.99,228.79290771484375,-208.4031219482422,-52.35771560668945,229.02389118029467,-208.87847042024885,-52.36722245705043,0.5285829276041428,0.31193707995279596,0.08199726297035168,3.5806093735703155e-05,34.687821429662264,66.93604881333128,nan,nan,nan
350.0,228.79449462890625,-208.3944549560547,-52.35835266113281,229.0071187898149,-208.8682667205038,-52.36754081190389,0.5194141353939997,0.311875057594459,0.08198543674412515,3.508011728288973e-05,35.86157225638877,66.37248224858587,10.521200839676741,0.1060487998136743,nan
350.01,228.79617309570312,-208.38577270507812,-52.35908508300781,229.00911775220766,-208.85975532993564,-52.36837083104944,0.5197029733581902,0.3119192422247664,0.0820090158207839,3.5784976672045933e-05,35.73976129838188,64.67974349944508,nan,nan,nan
350.02,228.7979278564453,-208.37710571289062,-52.35990524291992,229.01122383921197,-208.85122757582658,-52.36805627601024,0.51995495624015,0.3119635100273247,0.08203265854933692,3.5081260474578204e-05,35.09646633820833,65.32760341823949,nan,1.075091347300611,nan
350.03000000000003,228.7997589111328,-208.36843872070312,-52.360816955566406,229.0133827321425,-208.8427151239937,-52.369057532849524,0.52023182403136,0.31200786247599177,0.08205636553757402,3.578646229196402e-05,34.97255605290038,65.32742220313727,nan,nan,nan
350.04,228.80166625976562,-208.35977172851562,-52.36181640625,229.01561599908212,-208.83420473592702,-52.37034554962768,0.5205131273673786,0.31205229842898163,0.08208013647861515,3.5082955510723984e-05,35.02108661576675,65.53759742542302,nan,0.027099556933017147,nan
350.05,228.80364990234375,-208.35110473632812,-52.3629035949707,229.02677953128324,-208.8371666978843,-52.3714402504755,0.5348980615684803,0.3119902817215361,0.08206823868951843,3.576648039882538e-05,36.20953151490407,65.73320284319936,6.739666753346564,nan,nan
350.06,228.8057098388672,-208.34242248535156,-52.364078521728516,229.02919071481895,-208.8286755161502,-52.37186359042897,0.5352068003787994,0.312034535698658,0.08209198629351462,3.506399612158451e-05,35.77728296597197,64.383511627498,nan,0.5031780642147208,nan
350.07,228.80784606933594,-208.33375549316406,-52.36533737182617,229.03166089977265,-208.82019433022737,-52.37321131164074,0.5355164044687291,0.3120788741851113,0.08211579833520165,3.576901953660859e-05,35.656482020343454,65.23230590819806,nan,nan,nan
350.08,228.81005859375,-208.32508850097656,-52.36668014526367,229.03423495661167,-208.81169579417414,-52.37317633253042,0.5358021089058594,0.3121232962037915,0.08213967455674959,3.506667792132672e-05,35.00143124047443,64.55822152733985,nan,1.5177353586163025,nan
350.09000000000003,228.81234741210938,-208.31640625,-52.36811065673828,229.03685449403037,-208.80321419854167,-52.37468090636113,0.5361236581014973,0.31216780298188457,0.08216361549397444,3.577205662851792e-05,34.8828263247116,63.2809945428929,nan,nan,nan
350.1,228.814697265625,-208.3077392578125,-52.36962127685547,229.06404964715784,-208.8081004179624,-52.377768944554305,0.5591102621590782,0.3121057897967151,0.0821516426856033,3.504866040351435e-05,35.74949214669603,66.37575144957867,5.857928272141267,1.6837895535251912,nan
350.11,228.817138671875,-208.299072265625,-52.371212005615234,229.06685328803832,-208.7996426758327,-52.379455349923205,0.559460523921463,0.3121501143401371,0.08217555963729142,3.575352293158256e-05,35.633102126083344,65.28541013663798,nan,nan,nan
350.12,228.81964111328125,-208.29039001464844,-52.372886657714844,229.06973152096856,-208.7911829755569,-52.38105399510137,0.5598263187030851,0.31219452243487644,0.08219954099060581,3.50522133339957e-05,35.51480860224582,64.69824222148611,nan,0.020320774854386388,nan
350.13,228.82220458984375,-208.28172302246094,-52.374637603759766,229.07267746429474,-208.78272504462115,-52.38290195884695,0.560185671549502,0.3122390151633017,0.08222358723682295,3.575744241460284e-05,35.39791093713424,66.1158067466482,nan,nan,nan
350.14,228.82484436035156,-208.27305603027344,-52.376468658447266,229.07568805061635,-208.77427043284666,-52.3851390590633,0.5605475984600544,0.31228359176536086,0.08224769818354977,3.5056178711541745e-05,35.50926202704023,65.85122767068533,nan,0.06710188280980474,nan
350.15000000000003,228.8275604248047,-208.26437377929688,-52.378379821777344,229.09785108606832,-208.7712949872231,-52.38722014296134,0.574547042364971,0.31222158217464147,0.08223564768257904,3.573974926781917e-05,34.82630450313335,65.17516994015597,5.425638017999141,nan,nan
350.16,228.83033752441406,-208.25570678710938,-52.380340576171875,229.10104771853906,-208.76283521265415,-52.38900432148642,0.5749246121724105,0.3122659763502698,0.08225973400245977,3.5039351752115555e-05,34.65933184884958,66.34331403111347,nan,0.060807346162021186,nan
350.17,228.83319091796875,-208.24703979492188,-52.38230895996094,229.10430695311732,-208.75437861363042,-52.39110864806418,0.5753034121174467,0.31231045504032723,0.08228388539081094,3.5744442375465376e-05,34.56212519167546,65.67569214938996,nan,nan,nan
350.18,228.8361053466797,-208.23837280273438,-52.38425827026367,229.10764423850844,-208.74591524657114,-52.39252006875762,0.5756743518567963,0.3123550176113125,0.08230810169541372,3.5044040430202757e-05,34.22207709830035,65.68383804255654,nan,0.3337212476561406,nan
350.19,228.83908081054688,-208.2296905517578,-52.38618087768555,229.11103643298003,-208.73745899737978,-52.39459165850273,0.5760723879655257,0.3123996649559421,0.08233238334844455,3.57495026083001e-05,34.13426945910814,64.85775839726955,nan,nan,nan
350.2,228.8421173095703,-208.2210235595703,-52.38806915283203,229.14016775160317,-208.74428284382668,-52.39722990695871,0.6022609600269971,0.3123376571526138,0.08232025178114824,3.502790085620997e-05,34.967835113429764,67.4488672406541,6.78069283016147,0.24351609950122938,nan
350.21,228.84523010253906,-208.2123565673828,-52.389923095703125,229.14372776077187,-208.7358563027037,-52.399245742765174,0.6026937336655707,0.31238212180966324,0.08234450812854335,3.573286071857301e-05,34.884792399510694,66.6633305097102,nan,nan,nan
350.22,228.84840393066406,-208.2036895751953,-52.39174270629883,229.14734390586503,-208.72743465438708,-52.4017374686511,0.6031367274716616,0.31242667034736016,0.08236882960280009,3.5033218900322024e-05,35.18463701494245,67.03206373285119,nan,0.18331337396377917,nan
350.23,228.8516387939453,-208.19500732421875,-52.39352798461914,229.15103076440306,-208.7190085610713,-52.40368982442772,0.6035860429018065,0.31247130354866165,0.08239321660010594,3.5738557193583606e-05,35.1061781294533,66.07544301401674,nan,nan,nan
350.24,228.8549346923828,-208.18634033203125,-52.3952751159668,229.15480228343029,-208.71056876157053,-52.404064344665876,0.6039977392664287,0.31251602094467734,0.08241766902125153,3.503883667252154e-05,34.30280182630943,66.28471875843931,nan,1.6786933216117286,nan
350.25,228.85829162597656,-208.17767333984375,-52.39698791503906,229.19246520723263,-208.72975144094912,-52.40599219874574,0.6454016495599326,0.3124540146436268,0.08240545359104184,3.5722519070904756e-05,36.23132933638012,67.92600844071325,22.260782095568494,nan,nan
350.26,228.86170959472656,-208.16900634765625,-52.3986701965332,229.1963984959221,-208.72137633276313,-52.40614124225976,0.645898658889067,0.31249854914046243,0.08242988003085512,3.5023546707887484e-05,35.438849661223315,66.97885821416968,nan,2.008892472491947,nan
350.27,228.86517333984375,-208.16033935546875,-52.40031433105469,229.2003684902441,-208.713016484107,-52.407928490380094,0.6464253806851599,0.3125431681961217,0.08245437216654078,3.5728764437841756e-05,35.35047499612257,67.76434954719213,nan,nan,nan
350.28000000000003,228.86871337890625,-208.15167236328125,-52.40192794799805,229.20437371163814,-208.70467274713727,-52.41150368400603,0.6469690705394497,0.31258787143623384,0.08247892993090054,3.502967674436292e-05,36.23002266081604,67.54884570771536,nan,2.3352890256101446,nan
350.29,228.872314453125,-208.14300537109375,-52.40351104736328,229.208461705239,-208.6963141037521,-52.41324538529235,0.6474876725271902,0.3126326595020314,0.0825035536729169,3.573527248032434e-05,36.1493231988093,67.23558300920436,nan,nan,nan
350.3,228.87596130371094,-208.13433837890625,-52.405059814453125,229.21656095285883,-208.6913791512616,-52.414146166493374,0.6529817033112875,0.312570653134176,0.08249125107498477,3.5014872140144724e-05,36.07650222291697,67.83603791375137,0.4014811741644124,0.5024364597009935,nan
350.31,228.87962341308594,-208.12567138671875,-52.406578063964844,229.22074425218926,-208.68302975502658,-52.41581903846914,0.6535267195785601,0.3126152580361374,0.08251584812749535,3.571997032553048e-05,35.99319199476989,67.30638305208201,nan,nan,nan
350.32,228.8832550048828,-208.11700439453125,-52.40806579589844,229.22492594532596,-208.67467386664094,-52.41659972281599,0.6540696442849543,0.31265994710590406,0.08254051100858548,3.502143985270003e-05,35.56480134020163,66.7514163795206,nan,0.5247826625885894,nan
350.33,228.88682556152344,-208.10833740234375,-52.40952682495117,229.22905501141247,-208.66632506903798,-52.418205541606035,0.65463467115407,0.3127047209040272,0.08256524003898015,3.572691998433232e-05,35.4751351502632,67.07534065922542,nan,nan,nan
350.34000000000003,228.89035034179688,-208.09967041015625,-52.410953521728516,229.23311683968936,-208.65798391274987,-52.42072087229535,0.6552085472526512,0.3127495791772212,0.082590035193205,3.5028218457790625e-05,35.973449800347325,66.79733397791698,nan,0.6201789659139074,nan
350.35,228.893798828125,-208.09100341796875,-52.412357330322266,229.23646461567964,-208.66286997364668,-52.422461134992965,0.6667482930853296,0.3126875721841006,0.08257764253479359,3.57120360827398e-05,38.40779001478839,67.66700674724135,18.67778844841729,nan,nan
350.36,228.89718627929688,-208.08233642578125,-52.41373062133789,229.24039378006597,-208.6545640701781,-52.423315588030846,0.6673288073975641,0.31273224706388936,0.08260241029084306,3.501399609761138e-05,38.057682025942135,67.06520357164194,nan,0.32727632997659345,nan
350.37,228.90049743652344,-208.07366943359375,-52.41507339477539,229.2442492838914,-208.64626347542557,-52.424817608762694,0.6679253094593901,0.3127770065788227,0.08262724436587714,3.571935881164831e-05,37.97621767271607,67.60605770147555,nan,nan,nan
350.38,228.90374755859375,-208.06500244140625,-52.4163932800293,229.2480338027828,-208.6379664527167,-52.42678092194694,0.6685272464899131,0.3128218505439071,0.0826521447591709,3.5021122296299446e-05,38.284052537553166,67.5465523227379,nan,0.1675608980084411,nan
350.39,228.9069366455078,-208.0563507080078,-52.417686462402344,229.25175839621372,-208.6296661180301,-52.42823604840396,0.6691067873618525,0.31286677941723634,0.08267711175486749,3.5726863016163764e-05,38.201139126315084,68.06110808003174,nan,nan,nan
350.40000000000003,228.91006469726562,-208.0476837158203,-52.41895294189453,229.2364560830225,-208.62720927359783,-52.4294971044242,0.6652010133614336,0.31280477039891824,0.08266462578808678,3.500722912786993e-05,40.88867910914521,66.82942036960111,24.732678388174566,0.0416836954619601,nan
350.41,228.9131317138672,-208.0390167236328,-52.420196533203125,229.23999865359843,-208.61894620841053,-52.430901620775934,0.6657888572991935,0.3128495156096074,0.0826895646489441,3.57124712088473e-05,40.81035579828063,66.60585334855658,nan,nan,nan
350.42,228.91612243652344,-208.0303497314453,-52.42141342163086,229.2434823255797,-208.61068139787784,-52.431979037448336,0.6663790004681122,0.31289434524023896,0.08271457001778983,3.501464507952602e-05,40.677279793542624,67.30079186135525,nan,0.06474142437858076,nan
350.43,228.9190673828125,-208.0216827392578,-52.422603607177734,229.24690263082766,-208.60241867264173,-52.43333275933731,0.6669672322314788,0.31293925969172054,0.08273964215727818,3.572026728866618e-05,40.60108087434207,66.53795297324599,nan,nan,nan
350.44,228.9219512939453,-208.0130157470703,-52.42377471923828,229.25025911779093,-208.59415904345454,-52.43518450160701,0.6675655333106055,0.3129842588649499,0.08276478109849104,3.5022203836410334e-05,40.98496021215776,66.95810932902813,nan,0.1915154482962313,nan
350.45,228.92477416992188,-208.00436401367188,-52.42491912841797,229.28840063504958,-208.60157820234465,-52.436550972321925,0.6993027192038976,0.31292224705905114,0.0827521988591681,3.570615238814671e-05,40.80704581702842,69.67757547118117,11.690259356344454,nan,nan
350.46,228.92755126953125,-207.99569702148438,-52.42604446411133,229.2917177416433,-208.593330405309,-52.436629796846184,0.6999249460772999,0.31296706232385507,0.08277730892535264,3.500868902181878e-05,40.109179983219136,67.57053526647519,nan,1.0392987479819793,nan
350.47,228.93026733398438,-207.98703002929688,-52.42714309692383,229.29496881058031,-208.5850896216093,-52.437888474739346,0.700569701123719,0.313011962325194,0.08280248592826785,3.5714187840751665e-05,40.03209466662731,67.9165365401789,nan,nan,nan
350.48,228.93292236328125,-207.97836303710938,-52.42822265625,229.2981560498008,-208.57685510528154,-52.44026754786202,0.70123710743771,0.3130569470113517,0.0828277299174868,3.5016470529195344e-05,40.83255980860851,69.0374270314763,nan,0.9196295856883484,nan
350.49,228.93553161621094,-207.96969604492188,-52.42927932739258,229.30129899016586,-208.56861410275056,-52.44149558312798,0.7018816486754417,0.3131020167120979,0.08285304112826905,3.5722343472646187e-05,40.75832463890649,68.58613774220846,nan,nan,nan
350.5,228.93807983398438,-207.96102905273438,-52.43031311035156,229.30745870188915,-208.56369100391055,-52.441558527612685,0.7069431623967093,0.3130400008327954,0.08284035941555244,3.50031677066348e-05,40.49224273900338,68.78620527726315,0.3697394877273482,0.9097944500562009,nan
350.51,228.94058227539062,-207.95237731933594,-52.431331634521484,229.3104999688481,-208.55545798938016,-52.44273506998075,0.7075842231523769,0.31308488635036336,0.0828656409870429,3.570853752229502e-05,40.410298252796125,69.0402522356328,nan,nan,nan
350.52,228.9430389404297,-207.94371032714844,-52.43232345581055,229.31348875452588,-208.54722628894936,-52.44416903234502,0.708240706678054,0.3131298565115121,0.08289098972495335,3.501112821621118e-05,40.66894731517955,68.4597714840916,nan,0.05406928683214076,nan
350.53000000000003,228.94544982910156,-207.93504333496094,-52.43330001831055,229.31643017574598,-208.5389930542916,-52.44530990009004,0.70889062508709,0.31317491160728855,0.08291640584879696,3.5716873293678516e-05,40.59259202275792,68.11451594986283,nan,nan,nan
350.54,228.9477996826172,-207.92637634277344,-52.43425750732422,229.3193368498413,-208.53074977627688,-52.444435080662785,0.7095144091226915,0.3132200516441905,0.08294188943151104,3.5019180958314364e-05,39.40440295912153,67.67412294769504,nan,2.8130484763929626,nan
350.55,228.9501190185547,-207.91770935058594,-52.4351921081543,229.34167669933865,-208.53065672300832,-52.4453146078125,0.7274093508745596,0.3131580307812649,0.08292910523193851,3.570323991155872e-05,39.074491116861,67.67843867158895,5.627746257894261,nan,nan
350.56,228.95237731933594,-207.90904235839844,-52.43611145019531,229.34452044318508,-208.52242539862715,-52.444815460707986,0.7280733090983232,0.31320298637459115,0.08295455840512232,3.500610584497994e-05,38.261673145060605,67.68256999269997,nan,1.7214695736468182,nan
350.57,228.95458984375,-207.90037536621094,-52.43701171875,229.347308674708,-208.51420099334794,-52.445845101737504,0.7287578537306817,0.31324802682475184,0.08298007912627406,3.571171662962564e-05,38.17553545980612,67.64832358217504,nan,nan,nan
350.58,228.95677185058594,-207.89170837402344,-52.43789291381836,229.35004656777525,-208.5059804732894,-52.447798649493045,0.729447283027512,0.31329315216944426,0.08300566748159494,3.5014289753058034e-05,38.68746792172245,67.41347973852186,nan,0.6246146791839402,nan
350.59000000000003,228.9589080810547,-207.88304138183594,-52.43875503540039,229.35274622586957,-208.49775547408615,-52.448803986779616,0.7301252501770144,0.313338362652843,0.08303132367090182,3.572026879405369e-05,38.60669438819159,67.50638450382988,nan,nan,nan
350.6,228.9609832763672,-207.87437438964844,-52.43960189819336,229.3581175900015,-208.49067061646275,-52.449937576344155,0.733241794017637,0.31327633559197376,0.08301843382305384,3.500134164122456e-05,38.78427842516636,68.92550353489779,0.6862982006108579,0.00047800706034617366,nan
350.61,228.96304321289062,-207.86570739746094,-52.440433502197266,229.36073715123908,-208.4824461688255,-52.4509128375713,0.7339189309271564,0.31332136135074745,0.0830440588118704,3.570681144774838e-05,38.70357880977267,67.32059370173806,nan,nan,nan
350.62,228.9650421142578,-207.85704040527344,-52.441246032714844,229.36332341467448,-208.47421534086868,-52.45036394939288,0.7345856191031345,0.31336647195399914,0.08306975160592656,3.500962449561545e-05,37.897196167284214,67.73605233981897,nan,1.6055636166622764,nan
350.63,228.96701049804688,-207.84837341308594,-52.44204330444336,229.365861750795,-208.46599010188152,-52.45129303500106,0.7352674707975035,0.3134116676212501,0.08309551239401335,3.5715463304943787e-05,37.81348946160698,67.12220385146911,nan,nan,nan
350.64,228.96893310546875,-207.83970642089844,-52.44282531738281,229.36837099284278,-208.45775625426032,-52.45002187207088,0.7359266354656949,0.31345694842730293,0.08312134127873379,3.501796338146869e-05,36.79207277836732,66.4797951196337,nan,3.368671819257055,nan
350.65000000000003,228.9708251953125,-207.83103942871094,-52.4435920715332,229.36290621840328,-208.44767820408708,-52.45094348271853,0.7307701083184249,0.3133949141546648,0.08310834273926,3.570210434682096e-05,37.141629628403244,65.71574906810547,0.9986879578491861,nan,nan
350.66,228.97267150878906,-207.82235717773438,-52.444339752197266,229.36531479078724,-208.43944990738038,-52.45118967010764,0.7314500018836786,0.31344000996252286,0.0831341396246702,3.5005135768972326e-05,36.8666744903561,65.27576507856342,nan,0.2695287447132091,nan
350.67,228.9744873046875,-207.81369018554688,-52.44507598876953,229.36768344001783,-208.43122338551615,-52.45203355513497,0.7321194312629089,0.31348519076106324,0.08316000466164852,3.571082743666988e-05,36.77837308251284,65.50326836983606,nan,nan,nan
350.68,228.9762725830078,-207.80502319335938,-52.445796966552734,229.37001393575306,-208.42299773531167,-52.45327124167765,0.732789637038796,0.3135304566441604,0.08318593796183442,3.5013541234337755e-05,36.915594379247196,65.36819338456003,nan,0.11713290294116678,nan
350.69,228.97801208496094,-207.79635620117188,-52.446502685546875,229.3326036514478,-208.36830802593101,-52.45411291656847,0.6729947878588117,0.3102871148459005,0.07870900472106779,3.571869804153357e-05,45.58464771494828,74.66076167371115,nan,nan,0.4794084690544591
350.7,228.97972106933594,-207.7876739501953,-52.44719696044922,229.3449897068742,-208.36237260841727,-52.45274552309939,0.680977614814662,0.31022694139058915,0.07869854357937303,3.499993487075057e-05,44.25375036564608,73.24317331576853,2.5069348355036825,2.9243733751031185,nan
350.71,228.9813995361328,-207.7790069580078,-52.4478759765625,229.34725239250372,-208.35409867716572,-52.45351743854634,0.6816235207591268,0.31027488193433966,0.07871636859621718,3.570545347708892e-05,44.12878985150232,73.73027168587157,nan,nan,nan
350.72,228.9830322265625,-207.7703399658203,-52.44853973388672,229.34950593272777,-208.345856864935,-52.454838739609144,0.6823212996456902,0.310322903678938,0.07873424995911844,3.500841301686811e-05,44.233044003962185,74.64022096400839,nan,0.22299278451974433,nan
350.73,228.98463439941406,-207.7616729736328,-52.44919204711914,229.35170210187084,-208.3375820968084,-52.4555911319387,0.6829721550914836,0.3103710121139437,0.07875219726217482,3.5714295111308495e-05,44.108940118630215,74.41945427285023,nan,nan,nan
350.74,228.98622131347656,-207.75299072265625,-52.4498291015625,229.35386211267186,-208.32930168275027,-52.456242825135256,0.6836192038024659,0.3104192021050616,0.07877020137461362,3.501692209610372e-05,44.00503379169864,72.71446983339996,nan,0.005549056456879088,nan
350.75,228.98776245117188,-207.74432373046875,-52.45045471191406,229.36617408359393,-208.33416574742307,-52.45701054050354,0.7008223365486884,0.31035893703147993,0.07875977247005965,3.570109783633418e-05,45.759567630726,75.52163227517394,11.986837653725269,nan,nan
350.76,228.98927307128906,-207.7356414794922,-52.45106887817383,229.36826562242942,-208.3259061117843,-52.45723262244512,0.7014881907047694,0.3104069270496326,0.07877778072369725,3.500423877844437e-05,45.51054250775106,74.6123826300056,nan,0.17289241127349209,nan
350.77,228.99075317382812,-207.7269744873047,-52.4516716003418,229.37034778932843,-208.3176732372253,-52.4579334192497,0.7021796747632658,0.310455003569566,0.07879585479148668,3.57099628591357e-05,45.389454894144755,75.27398018837309,nan,nan,nan
350.78000000000003,228.99221801757812,-207.71829223632812,-52.4522590637207,229.37230834785115,-208.3093199321983,-52.45642211205266,0.7027088496838978,0.3105031617261539,0.07881398625315829,3.501277030003187e-05,44.65757883130708,73.1368853507764,nan,3.4187259497963565,nan
350.79,228.99363708496094,-207.70962524414062,-52.45283889770508,229.3743315757237,-208.30108609729368,-52.457079207367755,0.7034004665449695,0.3105514066061383,0.07883218365010197,3.571885071846617e-05,44.532279949459735,74.64173213255086,nan,nan,nan
350.8,228.99502563476562,-207.70094299316406,-52.45340347290039,229.34859682120288,-208.2816741718043,-52.45732967573404,0.6799093327732841,0.310491044666521,0.0788217746065074,3.500011502222424e-05,44.888568137790266,72.70710099973356,8.214196525375879,0.04421744514292045,nan
350.81,228.99639892578125,-207.69227600097656,-52.45396041870117,229.35051558877834,-208.27342792620024,-52.45796037903473,0.6805528420968137,0.31053908921726625,0.07883997550193172,3.570567451652851e-05,44.764625595901684,72.5816995810796,nan,nan,nan
350.82,228.99774169921875,-207.68359375,-52.45450210571289,229.35239958843223,-208.2651720655449,-52.45840189590794,0.6811980357113312,0.3105872154853408,0.07885823435788207,3.500865286892637e-05,44.622466034468474,72.03108256313979,nan,0.022610231572204716,nan
350.83,228.99916076660156,-207.67491149902344,-52.45513916015625,229.35431912641465,-208.25692513504717,-52.45906245322541,0.6818304226794185,0.31063542828533325,0.07887655903986679,3.57145696497961e-05,44.496025466939535,72.34938783102977,nan,nan,nan
350.84000000000003,229.00067138671875,-207.66624450683594,-52.455867767333984,229.35637080658137,-208.24874025218867,-52.46103939638502,0.6825321357941154,0.31068372315932324,0.07889494212964711,3.5017205605240766e-05,44.70350806031386,72.8558906955872,nan,1.0550790839611421,nan
350.85,229.00225830078125,-207.65756225585938,-52.456687927246094,229.3412761689845,-208.22167096342883,-52.46179049404719,0.6581624306390689,0.310623269049393,0.07888455751441864,3.570140846347302e-05,42.406601399897646,70.71341557595781,20.449715772696397,nan,nan
350.86,229.00393676757812,-207.6488800048828,-52.45759582519531,229.34344358896286,-208.2133915637926,-52.4632970026048,0.6587645143246488,0.3106713633715577,0.07890294378661884,3.500455012836546e-05,42.481620551514396,70.3056739909799,nan,0.22051410361072937,nan
350.87,229.00567626953125,-207.6402130126953,-52.45859146118164,229.3456694571913,-208.2050838660988,-52.46434034454299,0.6593235156885511,0.31071954403346974,0.0789213957872372,3.5710297081766585e-05,42.349406745537834,72.08007618008344,nan,nan,nan
350.88,229.00750732421875,-207.63153076171875,-52.459678649902344,229.34795242614467,-208.19674751840856,-52.4648921282512,0.6598484900526715,0.3107678068486077,0.07893990673615671,3.501309799511743e-05,42.07561580560676,70.31899646531349,nan,0.23805362466996935,nan
350.89,229.00941467285156,-207.6228485107422,-52.46084976196289,229.35033665451243,-208.1884391954018,-52.46610719742427,0.6604152184655746,0.31081615622516284,0.07895848355188667,3.571919559146681e-05,41.94847397872687,70.41182409896064,nan,nan,nan
350.90000000000003,229.0113983154297,-207.61416625976562,-52.46210861206055,229.35568819800056,-208.17837965785026,-52.46879200299269,0.660996936099728,0.31075560536231234,0.0789481125684779,3.500044665145564e-05,41.75754098901255,70.89082815572095,2.0368655007739527,1.1146844090907162,nan
350.91,229.0134735107422,-207.60549926757812,-52.46344757080078,229.35823394723968,-208.17005939451988,-52.47019561174116,0.6615386848574836,0.3108037538258355,0.07896669189947021,3.5706017953004385e-05,41.63004992189147,70.83547804747415,nan,nan,nan
350.92,229.01560974121094,-207.59681701660156,-52.464874267578125,229.36078899588512,-208.1616561908124,-52.46990803471076,0.6619798708360831,0.310851984519313,0.07898533069950191,3.500897883865091e-05,40.95387322151046,70.13452617740556,nan,2.2274115335352382,nan
350.93,229.01780700683594,-207.588134765625,-52.46638107299805,229.36348605858285,-208.15333597854234,-52.47146376918858,0.6625498107315761,0.31090030158327087,0.07900403528868669,3.5714902130189856e-05,40.8276261672066,70.88446603007047,nan,nan,nan
350.94,229.0200958251953,-207.57945251464844,-52.46797180175781,229.36620583398226,-208.144952077809,-52.47170556769343,0.6630202373422296,0.3109487012319343,0.07902279977546518,3.501751655014859e-05,40.37857678610285,69.41397037901761,nan,1.3772009822129878,nan
350.95,229.0224609375,-207.57077026367188,-52.469642639160156,229.37070161851585,-208.1409264783928,-52.473425672311855,0.6681047765426501,0.3108880576268724,0.07901244531810517,3.5701720960805646e-05,41.04056212664428,69.54650821123002,1.6646667920770515,nan,nan
350.96,229.02488708496094,-207.56210327148438,-52.47139358520508,229.37363112830454,-208.13263731643843,-52.475545221576105,0.6686918126490261,0.3109362561328705,0.07903121193929322,3.500483806081616e-05,41.005884731502775,70.93848575237757,nan,0.07709164575078285,nan
350.97,229.0273895263672,-207.5534210205078,-52.47322463989258,229.3766202591183,-208.12433351259108,-52.47741800913627,0.6692688269000932,0.31098454082004656,0.07905004428498161,3.571058171309112e-05,40.88352139684088,69.75818936956553,nan,nan,nan
350.98,229.02996826171875,-207.54473876953125,-52.47513198852539,229.3796256580076,-208.11596336208606,-52.47784225713868,0.6697500843410659,0.31103290816383594,0.07906893702092331,3.501335568619398e-05,40.47931211961451,69.0907689135458,nan,1.6473449257714285,nan
350.99,229.03260803222656,-207.5360565185547,-52.47709274291992,229.38275545050234,-208.10765964371524,-52.479844663615665,0.6703289642302639,0.31108136191345825,0.07908789563900406,3.5719445331567495e-05,40.359278990906354,69.4179444894128,nan,nan,nan
351.0,229.03530883789062,-207.52737426757812,-52.47905731201172,229.3954041080032,-208.10335403134818,-52.48278972971867,0.6792902345625057,0.3110206216405534,0.0790775483125765,3.500066862251575e-05,40.39242637705306,70.52257433435679,0.8385730738111177,0.6185303942992976,nan
351.01,229.0380859375,-207.51870727539062,-52.48100662231445,229.39868770709472,-208.09505527032178,-52.4848258700314,0.6798714835534222,0.3110688738846337,0.07909650837657589,3.5706227706687104e-05,40.27818358801476,70.70541610049973,nan,nan,nan
351.02,229.0409393310547,-207.51002502441406,-52.48292541503906,229.40214957737638,-208.0868895862453,-52.4900579544457,0.6806588263314443,0.3111172088528645,0.07911552930309593,3.5009159149127575e-05,41.20218055784165,70.41849803813979,nan,7.303779710415887,nan
351.03000000000003,229.04385375976562,-207.5013427734375,-52.48481369018555,229.4055676868946,-208.0785914866869,-52.492076002085845,0.6812530977553704,0.31116563004179243,0.07913461606829285,3.5715066025374295e-05,41.10504965673767,70.56751704586524,nan,nan,nan
351.04,229.0468292236328,-207.49267578125,-52.48666763305664,229.40899797039478,-208.07022937402465,-52.49246394553728,0.6817389169589863,0.31121413430533584,0.07915376410479466,3.501765063144485e-05,40.46393524103926,70.96223410898756,nan,1.7995392668114385,nan
351.05,229.04986572265625,-207.48399353027344,-52.48848342895508,229.38231324797786,-208.05063798458443,-52.49439649300564,0.6569948698584552,0.31115330071656666,0.07914342533961458,3.570183610146326e-05,41.0740519809329,69.13194857075808,8.84270969291393,nan,nan
351.06,229.052978515625,-207.47531127929688,-52.49026870727539,229.38587219466552,-208.04232831412168,-52.496223587990656,0.6575423788098965,0.31120160323591645,0.07916257437725127,3.500492361675981e-05,40.98885264578884,68.25917302666376,nan,0.003780329268797368,nan
351.07,229.05615234375,-207.46664428710938,-52.49201583862305,229.38949735508476,-208.03402186256042,-52.498088650136125,0.6580828889631999,0.3112499917940588,0.079181789223332,3.5710643308375695e-05,40.886761266311545,69.14675102448307,nan,nan,nan
351.08,229.0593719482422,-207.4579620361328,-52.49372482299805,229.39313382520535,-208.02565502361216,-52.498326172765935,0.658554091147332,0.3112984634872406,0.07920106578467345,3.5013388340684695e-05,40.33866568958257,68.80594889894437,nan,1.792142438572791,nan
351.09000000000003,229.0626678466797,-207.44927978515625,-52.49540328979492,229.39688431884906,-208.01734938619364,-52.50010828522974,0.6591098989350461,0.31134702144887255,0.07922040833186046,3.571945050899865e-05,40.23528765750126,67.8474715783517,nan,nan,nan
351.1,229.06602478027344,-207.44061279296875,-52.49705123901367,229.4142729011794,-208.0091077985002,-52.501804747656706,0.666697773262483,0.31128609124091233,0.07921006994199652,3.5000647829338693e-05,38.98156914200023,68.83160427986805,5.760962793913918,0.005353309809856711,nan
351.11,229.06942749023438,-207.4319305419922,-52.498661041259766,229.41816415696755,-208.0007864374326,-52.50352208935584,0.6672615096722311,0.3113344470961414,0.07922941278212166,3.570617632084294e-05,38.87842172268262,67.89605795598996,nan,nan,nan
351.12,229.07281494140625,-207.4232635498047,-52.500240325927734,229.42208018818943,-207.9924759497148,-52.505497096138676,0.6678447442744303,0.3113828861412644,0.07924881776143657,3.500908136237445e-05,38.88129757202135,68.8531205069441,nan,0.05901601670530352,nan
351.13,229.076171875,-207.41458129882812,-52.50178909301758,229.4259615909924,-207.9841553227501,-52.50715502688512,0.6684281617249334,0.3114314112790095,0.07926828871726366,3.571495457772637e-05,38.77635826584407,67.42768653195294,nan,nan,nan
351.14,229.07945251464844,-207.40591430664062,-52.5033073425293,229.42983774610883,-207.97588180349,-52.510114433579304,0.6690882560461452,0.3114800199512992,0.07928782220148714,3.501751455751057e-05,39.166377030903845,69.94357678433082,nan,1.2507931273655502,nan
351.15000000000003,229.08270263671875,-207.39724731445312,-52.50479507446289,229.45728399858925,-207.97016329970347,-52.51173603241065,0.6845378731037202,0.31141899586545585,0.0792774843687963,3.57016659301825e-05,37.52789551042591,69.04626342701128,11.845780493204671,nan,nan
351.16,229.08587646484375,-207.38856506347656,-52.50625228881836,229.46102006190858,-207.96179213763776,-52.51234119168412,0.6850978555711996,0.31146740218251634,0.07929701763930018,3.500473086017714e-05,37.11409239828002,68.70087663048854,nan,0.6747589082119171,nan
351.17,229.0889892578125,-207.37989807128906,-52.50768280029297,229.46472428580503,-207.95345460657887,-52.51388592568201,0.6856984681321622,0.3115158944205711,0.07931661688956894,3.571041158869302e-05,37.00661451388155,69.34134145420403,nan,nan,nan
351.18,229.092041015625,-207.3712158203125,-52.50908279418945,229.46839964505875,-207.9451538234767,-52.51650439316798,0.6863714224505166,0.31156447023954587,0.07933627906489482,3.501313633149298e-05,37.37957285768345,68.92190554809076,nan,0.856076566929321,nan
351.19,229.09503173828125,-207.362548828125,-52.51045227050781,229.47198210343842,-207.93681685476272,-52.518005202334145,0.6869733553709959,0.3116131322154045,0.07935600741656058,3.5719157115080055e-05,37.27855263979901,69.73586584797867,nan,nan,nan
351.2,229.09796142578125,-207.3538818359375,-52.51179885864258,229.47923813279564,-207.93571174555711,-52.51861899977014,0.6956611857540335,0.31155201151820794,0.07934566297145758,3.500033930366279e-05,37.957450336838924,69.89494688391464,3.551407049499089,0.5299958826042153,nan
351.21,229.10084533691406,-207.34519958496094,-52.51311492919922,229.48270479224854,-207.92739997058658,-52.520058718697115,0.6962917124765879,0.3116004707788271,0.07936539038201644,3.570582437720762e-05,37.85931207752321,68.35298578910289,nan,nan,nan
351.22,229.10365295410156,-207.33653259277344,-52.514408111572266,229.48612097239922,-207.91909636989874,-52.521732763097845,0.6969332751124792,0.31164901366053327,0.07938518109534301,3.500871424964819e-05,37.91786889024691,70.24384884033165,nan,0.047645084665933674,nan
351.23,229.10641479492188,-207.32786560058594,-52.51567459106445,229.48947319934794,-207.9107848956323,-52.52312471440203,0.697555840113565,0.31169764253462456,0.07940503800776563,3.571454203343332e-05,37.81730391979605,69.5457582665249,nan,nan,nan
351.24,229.109130859375,-207.31918334960938,-52.51691436767578,229.49281050255522,-207.90251834121787,-52.52597362760163,0.6982634540173109,0.311746355367813,0.07942495859368469,3.501708964852255e-05,38.48871443156264,68.91727772553189,nan,1.547912137758999,nan
351.25,229.1117706298828,-207.31051635742188,-52.518131256103516,229.50618364986772,-207.9000896426563,-52.52713224447073,0.7093936190771053,0.31168514025161304,0.07941460667950734,3.570119682105086e-05,38.56156921925459,71.42698571350567,2.975521386164364,nan,nan
351.26,229.1143798828125,-207.30184936523438,-52.51932144165039,229.50939395762248,-207.89179598921203,-52.528662904743754,0.7100425349043098,0.31173365011007637,0.07943452575868744,3.500425221645097e-05,38.665419148029656,70.24191234009518,nan,0.028177552593247675,nan
351.27,229.11692810058594,-207.29318237304688,-52.52049255371094,229.51254649465045,-207.8834963873669,-52.529972789615236,0.7106858828607847,0.31178224580108416,0.07945451107106113,3.570988424940328e-05,38.56919270066858,70.59916111343372,nan,nan,nan
351.28000000000003,229.11941528320312,-207.2845001220703,-52.521636962890625,229.515679560476,-207.87523132761012,-52.532479857395785,0.7114114864144125,0.3118309254822627,0.07947456040929832,3.501260244119674e-05,39.292417013464146,71.18334678275951,nan,1.0495681584992083,nan
351.29,229.1218719482422,-207.2758331298828,-52.52275848388672,229.5187303211839,-207.86693173705928,-52.5337574122063,0.7120499336451651,0.3118796912386928,0.07949467619510904,3.5718573085401236e-05,39.20298188466413,70.73998368193863,nan,nan,nan
351.3,229.124267578125,-207.2671661376953,-52.52385711669922,229.54029420896143,-207.86126534620252,-52.53491571969156,0.7253649562903736,0.311818379477063,0.07948431047513857,3.499975487550764e-05,38.17660784445162,72.26788950378653,6.1582559843560025,0.012673301319046482,nan
351.31,229.12661743164062,-207.25848388671875,-52.524932861328125,229.5432822521381,-207.85295437918472,-52.536150023625595,0.7260375773904185,0.31186694190182573,0.07950442400737433,3.570518872234291e-05,38.09012873997475,71.26243501952874,nan,nan,nan
351.32,229.12892150878906,-207.24981689453125,-52.5259895324707,229.54622866161264,-207.84464934445452,-52.53759355851671,0.7267087151671744,0.31191558834142746,0.07952460190043095,3.500807804184879e-05,38.293945591880544,72.15133734078839,nan,0.037302744038376155,nan
351.33,229.1311798095703,-207.2411346435547,-52.52702713012695,229.54912294913902,-207.8363380882397,-52.53878910009379,0.7273801979810502,0.3119643207039412,0.0795448462925345,3.571385350275651e-05,38.20580476388333,71.19880511877751,nan,nan,nan
351.34000000000003,229.13339233398438,-207.2324676513672,-52.52804183959961,229.55194490538426,-207.82799821632977,-52.5388591881377,0.7279834640014216,0.3120131374123926,0.07956515539941288,3.501640363770376e-05,37.556035773029436,71.45368936923661,nan,0.8621463144546091,nan
351.35,229.13555908203125,-207.2238006591797,-52.52903366088867,229.57748145793596,-207.83275701688973,-52.53983253543232,0.7524891013245002,0.31195173071738364,0.07955477417456215,3.570046095154402e-05,37.83522313314522,72.89368234079376,7.0657912752273075,nan,nan
351.36,229.13768005371094,-207.21511840820312,-52.53001022338867,229.58028517266732,-207.82447788122346,-52.541247146196476,0.7532227606227774,0.31200034382406333,0.07957508040669325,3.500352180257769e-05,38.06176866785583,72.39959143253839,nan,0.060176979528419806,nan
351.37,229.1397705078125,-207.20645141601562,-52.53096389770508,229.5830390882372,-207.81619104708778,-52.54235391128585,0.7539225321617015,0.3120490427060361,0.07959545319907115,3.5709099981481976e-05,37.971914767558225,72.4332484878967,nan,nan,nan
351.38,229.14181518554688,-207.19776916503906,-52.531898498535156,229.58577227776675,-207.80792553986265,-52.54435928119696,0.7546813715567224,0.31209782594948504,0.07961589101830317,3.5011826658652996e-05,38.660687410412194,72.60249982639623,nan,0.593481138780798,nan
351.39,229.14381408691406,-207.18910217285156,-52.53281784057617,229.5884431043744,-207.7996376762242,-52.54543892225939,0.7553858985638164,0.31214669521783966,0.07963639562810425,3.57177428246365e-05,38.56994238227085,73.57391794481056,nan,nan,nan
351.40000000000003,229.14576721191406,-207.180419921875,-52.533714294433594,229.59176117049748,-207.80271633965214,-52.54486990901457,0.7656943844693128,0.31208519180286504,0.07962599322718118,3.499893940784686e-05,39.54188749153538,73.0341887952362,12.47642045038056,2.19490904901627,nan
351.41,229.14768981933594,-207.1717529296875,-52.53459548950195,229.59434647150337,-207.79447162060706,-52.545900029551724,0.7664258121773571,0.31213385711592545,0.07964649419521422,3.5704318465583876e-05,39.45177456254324,73.13610814313685,nan,nan,nan
351.42,229.14956665039062,-207.16307067871094,-52.53546142578125,229.59688126102543,-207.78621421358218,-52.54635958255122,0.767148613868384,0.3121826067997277,0.07966706048656791,3.50072220426001e-05,39.15407539750255,72.54960331822332,nan,0.21632202058482208,nan
351.43,229.1514129638672,-207.15440368652344,-52.53630447387695,229.59939051520428,-207.77796877782754,-52.54735078161968,0.7678797630552676,0.3122314423681797,0.07968769364452262,3.5712942369185446e-05,39.06503381510419,72.86607282084513,nan,nan,nan
351.44,229.15322875976562,-207.14572143554688,-52.53713607788086,229.6018045977871,-207.76966516108277,-52.545619719715276,0.7685037587878475,0.31228036263170433,0.07970839246502674,3.501550961887573e-05,37.594219539380255,70.16673963616546,nan,5.166836361720062,nan
351.45,229.15499877929688,-207.13705444335938,-52.53794860839844,229.58972616571225,-207.75581404632368,-52.54670151441114,0.7562591884557516,0.3122187637988742,0.0796979665234155,3.569951508739728e-05,37.873690736144056,70.8787331649243,2.950651362568812,nan,nan
351.46,229.15673828125,-207.1283721923828,-52.53874588012695,229.592098072215,-207.7475591885745,-52.5474769762325,0.7569722028457861,0.3122674798268093,0.0797186610291517,3.5002595673503004e-05,37.79626866876961,69.74168332971718,nan,0.014795509908860352,nan
351.47,229.158447265625,-207.1197052001953,-52.53952407836914,229.5944380323912,-207.73930718204917,-52.54838083860107,0.757676056652455,0.3123162816036348,0.07973942248545234,3.570811857350974e-05,37.70390504344399,70.20807239973975,nan,nan,nan
351.48,229.1601104736328,-207.11102294921875,-52.54029083251953,229.59675979259865,-207.73107060983983,-52.55007428604797,0.7584309099436464,0.31236516807604986,0.07976024988061761,3.501086766907277e-05,38.131760431912845,70.53790796053694,nan,0.456533485854564,nan
351.49,229.1617431640625,-207.1023406982422,-52.54104232788086,229.59903144979864,-207.72281766876515,-52.55095686657238,0.7591515091659039,0.3124141405535985,0.07978114447049144,3.571672857916416e-05,38.041290987707775,70.27253513742822,nan,nan,nan
351.5,229.16334533691406,-207.0936737060547,-52.54177474975586,229.6287920333988,-207.7198384775729,-52.55149142765818,0.7802674939970701,0.31235244488912794,0.07977068983538547,3.499795349124976e-05,36.65188263754926,72.0980170205436,11.15850636084843,0.034843879164379615,nan
351.51,229.1649169921875,-207.08499145507812,-52.54249572753906,229.6310489314169,-207.71157534132567,-52.55234151551132,0.7810142705582472,0.31240121278095667,0.07979157932231588,3.570327758120109e-05,36.561068281795016,71.08217940685003,nan,nan,nan
351.52,229.1664581298828,-207.07630920410156,-52.5432014465332,229.63325349970023,-207.70329235862988,-52.55210285751111,0.7817192772745593,0.3124500653629809,0.07981253501070122,3.5006208475681776e-05,36.00151718347668,70.47602049356412,nan,0.8162171362080713,nan
351.53000000000003,229.16796875,-207.067626953125,-52.54389190673828,229.63544741559653,-207.69502863663246,-52.55291556310426,0.7824644411282318,0.3124990038212463,0.07983355798988419,3.571187406767191e-05,35.910598610129085,70.37245065427005,nan,nan,nan
351.54,229.16944885253906,-207.0589599609375,-52.54457092285156,229.63764803005105,-207.68679957111283,-52.55571849404484,0.7832734607220666,0.31254802728770337,0.07985464749721523,3.501447100210173e-05,37.069772864922236,72.30840838827544,nan,2.8312234463512724,nan
351.55,229.1708984375,-207.05027770996094,-52.54523468017578,229.58646421621407,-207.65561471026723,-52.556426470443064,0.7343385163175339,0.3124862357519477,0.07984416129329548,3.569842549339285e-05,37.379950669334995,68.56754643801708,26.082118380739647,nan,nan
351.56,229.1723175048828,-207.04159545898438,-52.5458869934082,229.58844970684495,-207.64729300800295,-52.555645985927725,0.7349358940288349,0.3125350543428916,0.07986524497664584,3.5001537843319306e-05,36.485151166788974,67.7641601032178,nan,1.7476156375712464,nan
351.57,229.1737060546875,-207.0329132080078,-52.54652404785156,229.5904351907686,-207.63899732074591,-52.55641095323679,0.7355942328964598,0.3125839586852645,0.07988639605298711,3.5707006905068763e-05,36.39480859164009,67.84611339341583,nan,nan,nan
351.58,229.17507934570312,-207.02423095703125,-52.547149658203125,229.59235696886407,-207.63066854882854,-52.55512038833643,0.7361730096075224,0.31263294802234504,0.0799076139026866,3.5009789893945353e-05,35.36623646552281,66.08750026447976,nan,2.9475007148820827,nan
351.59000000000003,229.17640686035156,-207.0155487060547,-52.54776382446289,229.59428714682028,-207.62237227637735,-52.55584147369437,0.7368337856907918,0.31268202337320955,0.07992889940115068,3.571559746759451e-05,35.271531919671446,67.06498858838934,nan,nan,nan
351.6,229.17771911621094,-207.00686645507812,-52.54836654663086,229.61908787927337,-207.6270895681247,-52.55654798094127,0.7612818340350723,0.31262013486157186,0.07991837686889572,3.4996861458621995e-05,35.68979855889531,67.87934505844277,5.735163859664769,0.0018399558923129324,nan
351.61,229.1790008544922,-206.99818420410156,-52.548954010009766,229.62100140160993,-207.6188175345917,-52.55724681333052,0.7619835858826488,0.31266900498989864,0.07993965573303552,3.570213293044336e-05,35.59813032787927,68.10968005196357,nan,nan,nan
351.62,229.18026733398438,-206.989501953125,-52.549530029296875,229.6229014958024,-207.61055611651338,-52.5586850997073,0.7627038025240293,0.3127179600940443,0.07996100160387302,3.5005101431096975e-05,35.962071227022804,67.84543466259439,nan,0.39769124198078487,nan
351.63,229.18150329589844,-206.98081970214844,-52.55009460449219,229.624763745569,-207.6022832579113,-52.55936942742215,0.7634021219016522,0.312767001093305,0.07998241523511732,3.5710715053485704e-05,35.872247233313786,68.08757724927696,nan,nan,nan
351.64,229.18270874023438,-206.97213745117188,-52.55065155029297,229.62659186679875,-207.59400192425696,-52.55946519995608,0.7640846375594359,0.31281612738066156,0.08000389618938968,3.501335134880173e-05,35.57748865252929,68.11691682542583,nan,0.23587708458614806,nan
351.65000000000003,229.18389892578125,-206.9634552001953,-52.55119323730469,229.61680816288137,-207.57318949489013,-52.56004190757783,0.7478399672785594,0.31275414257510054,0.0799933340746222,3.569725780296221e-05,34.397808652597746,66.56780307452318,6.281990609192485,nan,nan
351.66,229.18505859375,-206.95477294921875,-52.551727294921875,229.61856520808942,-207.56486534601444,-52.55958519558301,0.7484667420178012,0.31280306334148417,0.08001480762921366,3.500041096487921e-05,33.86411473923956,66.43964241752934,nan,0.8590497333626729,nan
351.67,229.18629455566406,-206.9460906982422,-52.55235290527344,229.6203705696875,-207.55655530560966,-52.56026247628979,0.7491005166948375,0.31285206988786424,0.08003634906020746,3.5705829675857244e-05,33.75126798645995,66.94177969981459,nan,nan,nan
351.68,229.18763732910156,-206.93740844726562,-52.553070068359375,229.63182033473484,-207.53010525362572,-52.55877955916369,0.7406893039919729,0.3126448191083058,0.07914432014029918,3.50077550768593e-05,40.324514342661644,72.2080935309724,nan,3.6422496989006663,0.3590091022662079
351.69,229.1890411376953,-206.92872619628906,-52.55387878417969,229.63381309236823,-207.52175963542194,-52.55962040345072,0.741312159474801,0.3126930592028503,0.07916247347385952,3.571349253124654e-05,40.18306205896415,73.50322689404274,nan,nan,nan
351.7,229.1905517578125,-206.9200439453125,-52.55477523803711,229.66300610201984,-207.52182768532523,-52.56163820729453,0.7651169044343005,0.3126318412989601,0.07915175353058793,3.499485448781412e-05,39.61043610196486,73.85637262215187,9.899522927662364,1.0645655786487402,nan
351.71,229.19212341308594,-206.91134643554688,-52.555763244628906,229.6652137045726,-207.51348088297107,-52.5626703370451,0.7657858869158042,0.3126798801951795,0.07916990941333321,3.570005792229615e-05,39.47056326624841,74.21852208381141,nan,nan,nan
351.72,229.19378662109375,-206.9026641845703,-52.55683517456055,229.66750245294713,-207.50511406951176,-52.563247141264014,0.7664161183922968,0.3127280029080094,0.07918812462054235,3.500312073654095e-05,39.17662604309655,74.15625780601708,nan,0.2094952250764065,nan
351.73,229.19552612304688,-206.89398193359375,-52.55799865722656,229.6698723236623,-207.49676696545498,-52.56445147066611,0.7670695871141832,0.3127762095837775,0.07920640308410991,3.570866826460075e-05,39.03590312427327,74.23723145295048,nan,nan,nan
351.74,229.19735717773438,-206.8852996826172,-52.55924606323242,229.67232203032125,-207.4884352951318,-52.56618178282156,0.7677319079486545,0.3128245003656638,0.07922474125908605,3.5011398602696125e-05,39.11299602693169,73.57888955922682,nan,0.1359613408546753,nan
351.75,229.19924926757812,-206.87661743164062,-52.560577392578125,229.70082228774683,-207.4851773717782,-52.56753324451771,0.7886501627322599,0.3127632001593865,0.07921404716605251,3.569524416996909e-05,37.59343052930744,75.96580856778667,12.677958791121801,nan,nan
351.76,229.20123291015625,-206.867919921875,-52.56199264526367,229.70347670250612,-207.47676927280096,-52.56762669538439,0.7892896183263237,0.3128112894822311,0.07923238755005554,3.499849076368939e-05,37.01628744489029,73.65173881335635,nan,1.3316309354335794,nan
351.77,229.20327758789062,-206.85923767089844,-52.56349182128906,229.70620846718876,-207.46840850846755,-52.569164151892906,0.7899751603884291,0.3128594627134309,0.07925079122344,3.570384741004027e-05,36.8777292806681,75.36564266209133,nan,nan,nan
351.78000000000003,229.20541381835938,-206.85055541992188,-52.56507110595703,229.70901622816177,-207.46002857913052,-52.570219389089,0.7906322936572714,0.3129077199973362,0.07926925502915622,3.5006765629784164e-05,36.602719749415144,74.08985977907133,nan,0.22604535281204247,nan
351.79,229.20761108398438,-206.8418731689453,-52.566734313964844,229.71189913546118,-207.4516676556914,-52.57191750135697,0.7913170163466415,0.3129560614784544,0.07928778232260557,3.5712463558926955e-05,36.465986902718214,74.81749310973103,nan,nan,nan
351.8,229.2098846435547,-206.8331756591797,-52.56847381591797,229.75608348513265,-207.4646949439545,-52.573651316645574,0.8349710103335205,0.31289467876734667,0.07927710714544081,3.49938693302846e-05,36.7745533006933,76.70760031854293,16.747201836486006,0.006939212893843135,nan
351.81,229.2122344970703,-206.82449340820312,-52.57029342651367,229.75918125812444,-207.45637207490435,-52.57551194927792,0.8357323984623092,0.31294281852548644,0.07929563608625781,3.5699034213137353e-05,36.64155263159937,77.15407837988442,nan,nan,nan
351.82,229.21466064453125,-206.81581115722656,-52.57219314575195,229.76235154654728,-207.4480493549612,-52.5774524834205,0.836491556119119,0.3129910422816842,0.07931422699392914,3.6418500387230745e-05,36.50918138480888,76.69555433542978,nan,nan,nan
351.83,229.2171630859375,-206.80712890625,-52.57414245605469,229.76559344355226,-207.43972690136138,-52.57945905245803,0.8372480795855627,0.31303935018044,0.07933288001295499,3.7152412352764774e-05,36.3822056231505,76.25221473982926,nan,nan,nan
351.84000000000003,229.2197265625,-206.79844665527344,-52.57609939575195,229.76890687970442,-207.43137565774373,-52.58055743932752,0.8379844969480665,0.31308774236568643,0.07935159382644691,3.636932496556072e-05,36.038978145389734,76.54318212261367,nan,0.574796834367883,nan
351.85,229.22235107421875,-206.7897491455078,-52.578041076660156,229.77282166291403,-207.41703540724964,-52.5826533229389,0.8345820486952132,0.31302627694408725,0.07934093712909314,3.707813984827059e-05,34.82555092404207,76.1328040999408,5.603885764712289,nan,nan
351.86,229.2250518798828,-206.78106689453125,-52.5799560546875,229.77628069269983,-207.4086504319575,-52.58343561944031,0.835300190290284,0.31307446713967313,0.07935965219678205,3.629878177588446e-05,34.45627095735555,76.05583830476338,nan,0.9790958630062105,nan
351.87,229.2278289794922,-206.7723846435547,-52.58183670043945,229.77980720681023,-207.40030243057268,-52.58539924924716,0.8360462920441377,0.31312274142316815,0.0793784309650199,3.7029112257145014e-05,34.33751885499079,75.37100250732864,nan,nan,nan
351.88,229.2306671142578,-206.76370239257812,-52.583683013916016,229.7834020019436,-207.39193723868766,-52.58672973756813,0.8367820268482822,0.3131710999367626,0.07939727092481919,3.625243111814605e-05,34.12276215092982,75.5789468310184,nan,0.2371291636281133,nan
351.89,229.2335662841797,-206.75502014160156,-52.58549118041992,229.78706311574868,-207.38358960545347,-52.58862094109412,0.8375369298400283,0.3132195428277838,0.07941617479160597,3.698154159240268e-05,34.00344130336178,75.86752407397582,nan,nan,nan
351.90000000000003,229.23654174804688,-206.746337890625,-52.5872688293457,229.7331903986623,-207.33940176179726,-52.592061091436264,0.773568098633782,0.3131579944834473,0.07940553034225636,3.618495876636702e-05,32.73846106627486,71.50845899095968,43.66347482721152,1.6976867866602856,nan
351.91,229.2395782470703,-206.73765563964844,-52.58900833129883,229.73689358790327,-207.33097653924,-52.59389955297027,0.7741938789278666,0.31320623511620105,0.07942443486678813,3.691200466334131e-05,32.62383899924314,71.6925388572854,nan,nan,nan
351.92,229.24267578125,-206.72897338867188,-52.59071350097656,229.74066087245075,-207.32256399752075,-52.59615532070826,0.7748345470962049,0.3132545599215353,0.07944340096033625,3.614148932166946e-05,32.66721482263059,71.90814416292193,nan,0.1345746028712988,nan
351.93,229.24578857421875,-206.7202911376953,-52.592384338378906,229.7444660787111,-207.31413953507536,-52.59793128353178,0.7754778792190602,0.31330296904904803,0.07946243102303738,3.686745914327802e-05,32.55325419364188,71.45675741960852,nan,nan,nan
351.94,229.24887084960938,-206.71160888671875,-52.594024658203125,229.7482649997924,-207.30569476726174,-52.59889831703479,0.7761161660782396,0.3133514626374115,0.07948152301537241,3.6099446941240664e-05,32.24610991318823,71.41746642988117,nan,0.3995962536819731,nan
351.95,229.2519073486328,-206.7029266357422,-52.59563064575195,229.72892769825532,-207.29017048922498,-52.60073767830669,0.75659093253145,0.3132898311597451,0.07947088967016802,3.680116123162967e-05,32.90642869783879,70.35452558586985,6.933535657199318,nan,nan
351.96,229.25489807128906,-206.69424438476562,-52.59720230102539,229.73260094163882,-207.28177677190487,-52.60359990016065,0.7572550875052856,0.3133381222177425,0.07948998186461814,3.603655546583347e-05,33.20334649337817,70.31202403692919,nan,0.937830910302528,nan
351.97,229.25784301757812,-206.68556213378906,-52.59874725341797,229.7362229043109,-207.27335310417251,-52.605255817087055,0.757883831662749,0.3133864975419862,0.07950913810187986,3.675965835102738e-05,33.09107492698377,69.489680281258,nan,nan,nan
351.98,229.26071166992188,-206.6768798828125,-52.600257873535156,229.7397871948749,-207.26496092360736,-52.60813809139936,0.7585609843545726,0.3134349572684618,0.07952835662069495,3.599743476134208e-05,33.53364176519976,71.266020641865,nan,1.0525340166785484,nan
351.99,229.26353454589844,-206.66819763183594,-52.60173797607422,229.74329766948154,-207.25653789279204,-52.609747085605676,0.7591976443901756,0.3134835015509738,0.07954763940681667,3.671965338497533e-05,33.42681053919668,70.47524165326044,nan,nan,nan
352.0,229.2663116455078,-206.65953063964844,-52.60319137573242,229.7505986402699,-207.2623907586011,-52.6111990936751,0.7733293863975267,0.31342178671427817,0.07953701151064574,3.593762991719968e-05,35.61744295993915,71.222312820194,19.65404899035212,0.0202364821612022,nan
352.01,229.26902770996094,-206.65084838867188,-52.6046142578125,229.75399528104825,-207.254022802089,-52.61275023311443,0.7740020103988929,0.31347012819297737,0.07955629388010815,3.6658123592678274e-05,35.51295657717377,70.67960927173512,nan,nan,nan
352.02,229.2716827392578,-206.6421661376953,-52.60601043701172,229.7573334116965,-207.24570208297015,-52.61630494750086,0.7747374973661407,0.3135185540143732,0.07957563886592248,3.5901416057558876e-05,36.533136614391545,72.07275550220253,nan,2.7662152841664653,nan
352.03000000000003,229.2742919921875,-206.63348388671875,-52.60737609863281,229.76062200954289,-207.237334540561,-52.61782140904247,0.7754106024785506,0.3135670643351456,0.07959504820964443,3.662115030319313e-05,36.435717127912326,71.55694910723443,nan,nan,nan
352.04,229.27684020996094,-206.6248016357422,-52.60871505737305,229.76385974172726,-207.22895016765892,-52.61855573675093,0.7760672083715764,0.31361565928677787,0.079614520513963,3.586662781049521e-05,36.031328709932744,71.69103590246215,nan,0.38358632129344367,nan
352.05,229.2793426513672,-206.61611938476562,-52.61003112792969,229.7623376125069,-207.22712364231157,-52.62005737496648,0.7789164659032928,0.3135538608798726,0.07960389615354127,3.6562790812165427e-05,37.60578653669431,71.41266741626283,9.134099784879364,nan,nan
352.06,229.28179931640625,-206.60745239257812,-52.6113166809082,229.76545683016423,-207.21879836963973,-52.62192138115604,0.7796030746163712,0.3136022527505877,0.07962336752714647,3.581132056103674e-05,37.87169079326052,72.31887963474449,nan,0.12577780822035564,nan
352.07,229.28419494628906,-206.59877014160156,-52.612579345703125,229.7685277422021,-207.21046375031054,-52.62333281876989,0.7802967162018284,0.3136507290631669,0.07964290335833638,3.652880421874838e-05,37.774153527168,72.10664991884119,nan,nan,nan
352.08,229.28656005859375,-206.590087890625,-52.61381530761719,229.77155125785205,-207.2021203442143,-52.62429793332395,0.7809673956358634,0.3136992899462256,0.07966250246297303,3.577938858641938e-05,37.55877776911788,70.83139407121688,nan,0.12021387776239098,nan
352.09000000000003,229.2888641357422,-206.58140563964844,-52.61502456665039,229.77452624614986,-207.19378555617783,-52.62565683406907,0.7816584246105472,0.3137479355609697,0.0796821662648857,3.649627610933655e-05,37.46330231270708,71.63522403575521,nan,nan,nan
352.1,229.29112243652344,-206.57272338867188,-52.6162109375,229.76507844216076,-207.1768082243715,-52.62549679784293,0.7678795551414619,0.31368605334432753,0.07967154032673417,3.5727039385882676e-05,36.23688783380615,70.04816329376241,2.5435303174668333,1.4616490302718972,nan
352.11,229.29335021972656,-206.56405639648438,-52.617374420166016,229.7679429037871,-207.16845308277036,-52.62679432020376,0.7685195538657219,0.31373449559984384,0.07969120255489198,3.64424903328645e-05,36.13560052262573,69.87034972603259,nan,nan,nan
352.12,229.29551696777344,-206.5553741455078,-52.61851501464844,229.77075986429526,-207.16011900684813,-52.629160351564266,0.7692109471465068,0.31378302236466976,0.07971092835456424,3.5697898798925545e-05,36.75422993930188,70.6570275796254,nan,0.8072675172118443,nan
352.13,229.2976531982422,-206.54669189453125,-52.619632720947266,229.77353589215133,-207.15176384788842,-52.630424159954984,0.7698654832225812,0.3138316338027401,0.07973071896469956,3.6412859247005764e-05,36.658490276168955,69.79275581328724,nan,nan,nan
352.14,229.29974365234375,-206.5380096435547,-52.6207275390625,229.7762742161186,-207.1433733770137,-52.62977329949918,0.7704728767327689,0.31388033003835125,0.07975057347696562,3.56701176621003e-05,35.63494678950775,68.98835437532794,nan,2.4346238766729136,nan
352.15000000000003,229.30178833007812,-206.52932739257812,-52.621803283691406,229.751155853166,-207.12211403865336,-52.631058326175356,0.7439172228028152,0.31381836380208467,0.07973994345003162,3.636205135283902e-05,35.69428010017734,67.71594346993963,7.330123267465778,nan,nan
352.16,229.3037872314453,-206.52064514160156,-52.62285614013672,229.75376366844586,-207.11371051799418,-52.630620371096065,0.7444901730807529,0.31386685639668355,0.07975979582028833,3.562200186530549e-05,34.91156992443202,67.23925515936011,nan,1.7903232496702732,nan
352.17,229.30575561523438,-206.51197814941406,-52.62388610839844,229.75632666897945,-207.10533570373576,-52.63176735285692,0.7450836032002003,0.3139154336051402,0.07977971312105948,3.63352298910511e-05,34.80784008318074,67.47290820060229,nan,nan,nan
352.18,229.30767822265625,-206.5032958984375,-52.62489700317383,229.7588502372601,-207.09696055857992,-52.63289447359292,0.7456928824903885,0.3139640955610211,0.07979969503239528,3.706281181656235e-05,34.70566496615591,66.91195165614381,nan,nan,nan
352.19,229.3095703125,-206.49461364746094,-52.625885009765625,229.76133516402984,-207.08858502743482,-52.63400225114922,0.746297106327994,0.3140128424088265,0.07981974169879595,3.7804892142039246e-05,34.605417724286646,66.41779670256699,nan,nan,nan
352.2,229.31141662597656,-206.48593139648438,-52.62685775756836,229.7806737128958,-207.09646559999317,-52.63327129163023,0.7700619200409864,0.3139507919000232,0.07980910284010159,3.6954006096147356e-05,35.37588696893021,67.4071301652999,12.478738177000395,1.674083605135439,nan
352.21,229.313232421875,-206.4772491455078,-52.6278076171875,229.78310568688994,-207.08813505463664,-52.63432186357524,0.7707171430258647,0.313999334823711,0.07982914669542862,3.769303891793523e-05,35.27286969138392,67.00343434181919,nan,nan,nan
352.22,229.31500244140625,-206.46856689453125,-52.62874221801758,229.78549609617218,-207.07983102291263,-52.637056807669666,0.7714125006907347,0.3140479624195479,0.07984925496907398,3.687157505919246e-05,35.905821799087114,68.15621966161522,nan,1.8405290339165814,nan
352.23,229.31674194335938,-206.4598846435547,-52.62965393066406,229.7878556235375,-207.071500068858,-52.63808816312779,0.7720703752878862,0.31409667485945864,0.07986942858581009,3.760862695063242e-05,35.80700869094163,67.82527039491748,nan,nan,nan
352.24,229.31845092773438,-206.45120239257812,-52.630550384521484,229.7901858435118,-207.0631394259002,-52.63715133550001,0.7726864409761495,0.3141454722599446,0.07988966694325206,3.679209062436585e-05,34.985177171930495,66.71697304564697,nan,2.4268972825026367,nan
352.25,229.32012939453125,-206.44252014160156,-52.63142776489258,229.8048835142692,-207.06130469980573,-52.63805914937682,0.7860819685853467,0.3140833372724899,0.07987901635381167,3.750337801526598e-05,35.042685595975,67.20306139463749,1.7079938341125152,nan,nan
352.26,229.32176208496094,-206.433837890625,-52.632286071777344,229.80716230202188,-207.0529717912842,-52.63815689673934,0.78674940372015,0.3141319304627137,0.07989925128440255,3.669265203791805e-05,34.694973683021765,67.6414559828113,nan,0.4765278535981856,nan
352.27,229.32337951660156,-206.42515563964844,-52.63312911987305,229.80940547339563,-207.04465092032478,-52.639091868713784,0.7874205914449981,0.314180608435521,0.07991955168782851,3.742516456000844e-05,34.59290569938055,66.4906669750936,nan,nan,nan
352.28000000000003,229.324951171875,-206.41647338867188,-52.63395690917969,229.8116210302216,-207.03630821206997,-52.63845944592832,0.7880755243992927,0.3142293713057714,0.07993991708807242,3.661906321690681e-05,34.082963883359476,66.78277238269575,nan,1.549537551879708,nan
352.29,229.3264923095703,-206.4077911376953,-52.634765625,229.81379989131446,-207.02798658682113,-52.63934740522904,0.7887534894070322,0.31427821924810107,0.07996034822121438,3.7349937497414265e-05,33.978232533797,66.67300790566048,nan,nan,nan
352.3,229.3280029296875,-206.39910888671875,-52.63555908203125,229.8170136746688,-207.0197998214545,-52.64103546199276,0.7902017058370624,0.3142159995187585,0.07994968143000733,3.652570103671525e-05,34.133046385160696,66.93733941382466,0.0441691489859751,0.40602297516743846,nan
352.31,229.32948303222656,-206.3904266357422,-52.63633728027344,229.8191328170798,-207.01147705691452,-52.641901527845434,0.7908802047694671,0.3142646429630449,0.079970108437424,3.72541279281321e-05,34.03065913047629,66.83274639824967,nan,nan,nan
352.32,229.33094787597656,-206.38174438476562,-52.63710021972656,229.82121952558924,-207.00316329101346,-52.643487039076724,0.7915608245217871,0.3143133712409496,0.07999060068604717,3.645783009671171e-05,34.2075900302567,66.15161788849035,nan,0.35020717434186543,nan
352.33,229.33236694335938,-206.37306213378906,-52.637847900390625,229.82327920773912,-206.9948399788773,-52.64433119046597,0.7922402243077742,0.31436218452836784,0.08001115880642459,3.718483350717973e-05,34.10725807069172,67.06994861394647,nan,nan,nan
352.34000000000003,229.33375549316406,-206.36436462402344,-52.638580322265625,229.82530982815572,-206.98651827757314,-52.64531607561939,0.7929351822485748,0.31441108293803505,0.08003178248032777,3.6392710486123344e-05,34.114453822184046,66.44023918597247,nan,0.015634835613185856,nan
352.35,229.3351287841797,-206.35568237304688,-52.63929748535156,229.81399690836582,-206.97384736157323,-52.646121345786135,0.7819777480674069,0.3143487782614357,0.08002109622578159,3.709509811892407e-05,34.41242846703787,65.82800567682344,1.8060633992131534,nan,nan
352.36,229.3364715576172,-206.3470001220703,-52.63999938964844,229.81594083374833,-206.96554910995584,-52.649388511748626,0.7826760458719487,0.31439747188272776,0.08004171511050209,3.6307986642036365e-05,35.47499041813035,67.1059156078503,nan,3.975938855986012,nan
352.37,229.33778381347656,-206.33831787109375,-52.640689849853516,229.81786580626292,-206.95722248654624,-52.650203167451174,0.7833339939245763,0.31444625044997704,0.08006240000974713,3.703152268606293e-05,35.38089690273387,67.21362958549572,nan,nan,nan
352.38,229.3390655517578,-206.3296356201172,-52.64136505126953,229.81976308174734,-206.94889996907378,-52.65141444840157,0.7840021936253624,0.3144951140750383,0.08008315069271484,3.624829763286716e-05,35.61293443356547,67.73684843211052,nan,0.11029090749505434,nan
352.39,229.34033203125,-206.32093811035156,-52.642024993896484,229.82163572186187,-206.94057263592688,-52.65220749717436,0.7846680006566862,0.3145440629353497,0.08010396765928196,3.69706923943898e-05,35.52494820177189,66.27359364535347,nan,nan,nan
352.40000000000003,229.34156799316406,-206.312255859375,-52.64267349243164,229.81473952967195,-206.92784437243438,-52.65092716712018,0.7764719206241523,0.3144816730420477,0.08009325769557549,3.6169097116784204e-05,34.52719457840505,65.9142939201283,0.8991724793148663,2.628640073973823,nan
352.41,229.3427734375,-206.30357360839844,-52.643310546875,229.81654731631218,-206.91950891047696,-52.651674654512455,0.7771151413322713,0.31453041682177013,0.08011406914694731,3.688953730516939e-05,34.430896671654196,66.15655463740433,nan,nan,nan
352.42,229.34396362304688,-206.2948760986328,-52.6439323425293,229.81833301379172,-206.91116651399884,-52.651731499661466,0.7777538311057227,0.31457924559417055,0.08013494660253655,3.611461833204064e-05,34.11300162361133,64.57136499926698,nan,0.305189624611087,nan
352.43,229.3451385498047,-206.28619384765625,-52.64454650878906,229.82009251610188,-206.9028304936324,-52.652448778292545,0.7783858099461013,0.31462815953720574,0.08015589049061032,3.683409317968742e-05,34.01677414196987,64.7079449303294,nan,nan,nan
352.44,229.3462677001953,-206.2775115966797,-52.6451416015625,229.82182742690583,-206.8944973897857,-52.653502732812235,0.7790368611814256,0.3146771587617459,0.08017690068756175,3.6062637722619424e-05,34.15125130370793,66.28045754605377,nan,0.08050253913169064,nan
352.45,229.34739685058594,-206.26881408691406,-52.645729064941406,229.82816944315823,-206.89218038696404,-52.654151627430586,0.7872729954504795,0.3146146834466032,0.08016616349686538,3.6758386923913105e-05,34.744691532169576,64.5129047989042,1.777294939973799,nan,nan
352.46,229.34848022460938,-206.2601318359375,-52.646305084228516,229.82986756763265,-206.88385509445123,-52.65408649906802,0.7879245063144699,0.3146634772962349,0.08018716747129112,3.599120186985086e-05,34.38949405412294,66.3058874424312,nan,0.3769472419886957,nan
352.47,229.3495635986328,-206.25144958496094,-52.64686965942383,229.831540923883,-206.87553607740946,-52.654755247993414,0.7885735695666762,0.31471235625091715,0.08020823802920042,3.67080832927012e-05,34.295442975683024,64.92056282515172,nan,nan,nan
352.48,229.35061645507812,-206.2427520751953,-52.64741897583008,229.83319338899713,-206.8672144364066,-52.655120519992956,0.7892357388656155,0.31476132042133975,0.08022937510497796,3.594409533484311e-05,34.14809707439435,64.57308369840594,nan,0.057572030187094746,nan
352.49,229.3516387939453,-206.23406982421875,-52.6479606628418,229.83482354354913,-206.85889503241836,-52.65576626536689,0.7898955440323575,0.31481036998591894,0.08025057904012187,3.666023910532085e-05,34.053444891963004,65.76896298095963,nan,nan,nan
352.5,229.3526611328125,-206.22537231445312,-52.64849090576172,229.8419129647355,-206.84931688937348,-52.65570724209943,0.7929226085329578,0.3147478089763643,0.08023981052573805,3.587756247214138e-05,33.19565690523109,63.64504983668887,1.4611780292240726,0.2991452976038907,nan
352.51,229.35365295410156,-206.21669006347656,-52.649009704589844,229.84351334399128,-206.8409864047862,-52.65632605718766,0.7935758642819515,0.31479665286962705,0.08026100748412668,3.6592148646987166e-05,33.101837864484374,64.97475789215491,nan,nan,nan
352.52,229.35472106933594,-206.20799255371094,-52.64962387084961,229.8451491804168,-206.83265245290423,-52.656530276226725,0.7942086754963988,0.31484558191215317,0.08028227116130345,3.5835087666819664e-05,32.870860695900014,64.61542181284068,nan,0.1404947420354692,nan
352.53000000000003,229.35589599609375,-206.1992950439453,-52.65032958984375,229.846870705236,-206.82432147595952,-52.65728038725574,0.794834900667046,0.31489459628222966,0.08030360185255547,3.654907761782856e-05,32.764231081946434,63.34381065833385,nan,nan,nan
352.54,229.35714721679688,-206.19061279296875,-52.651126861572266,229.84867974205108,-206.8159872470468,-52.65769281154838,0.7954498996764464,0.31494369609056694,0.08032499956153921,3.579482659649136e-05,32.5463736947451,64.47751313983426,nan,0.12487346152608002,nan
352.55,229.3584747314453,-206.18191528320312,-52.65201187133789,229.86547680788843,-206.81372410480114,-52.65883232681873,0.8101111103914495,0.3148810491811237,0.08031419603195444,3.648576685412561e-05,32.444972878134735,65.11166893841965,3.947856047622239,nan,nan
352.56,229.35989379882812,-206.17323303222656,-52.652984619140625,229.8674811319801,-206.8053955674617,-52.65925253729674,0.8107488257957859,0.3149299430200299,0.0803355860163148,3.573511507057962e-05,32.169536395587535,65.1937195235874,nan,0.247255696729119,nan
352.57,229.3614044189453,-206.16453552246094,-52.654048919677734,229.86956683427113,-206.79707042203052,-52.66036068320476,0.8113995796659504,0.3149789221189428,0.08035704317013702,3.644720990247068e-05,32.06659975926243,63.74914175760557,nan,nan,nan
352.58,229.36297607421875,-206.1558380126953,-52.65519714355469,229.87173464767008,-206.78874569672848,-52.661674949132326,0.8120648893614151,0.31502798658897785,0.08037856753326937,3.569912796039016e-05,32.051075141645924,65.0431884638848,nan,0.009417194121088658,nan
352.59000000000003,229.36465454101562,-206.14715576171875,-52.65643310546875,229.87398426878062,-206.78042011140712,-52.66295993108,0.8127011182617883,0.3150771366079682,0.08040015934678126,3.641080624999002e-05,31.947459274187697,64.15072781498199,nan,nan,nan
352.6,229.36639404296875,-206.13845825195312,-52.657752990722656,229.86407080226164,-206.77379130164567,-52.663143940101996,0.8070683385606909,0.3150144035257688,0.08038931679943845,3.564367493814871e-05,32.74212304882811,63.85020563804002,5.501770069252788,0.8769310112815054,nan
352.61,229.36822509765625,-206.12977600097656,-52.65916061401367,229.86645531339585,-206.76548441780355,-52.66458892262814,0.8077053953236986,0.31506334727497926,0.0804109001053014,3.635410881316997e-05,32.63969675953828,63.72846946026256,nan,nan,nan
352.62,229.3701171875,-206.12107849121094,-52.66064453125,229.86892100875656,-206.7571735199566,-52.66531246652421,0.808358786254486,0.31511237632744094,0.08043255080529225,3.561171312086799e-05,32.344794427777394,63.779011854297565,nan,0.4426409869831491,nan
352.63,229.37210083007812,-206.1123809814453,-52.66221618652344,229.87146176955957,-206.74886647648984,-52.66691750748473,0.8090100343633878,0.31516149086033945,0.08045426911284319,3.632184185134117e-05,32.24650360090851,62.764315489333725,nan,nan,nan
352.64,229.37416076660156,-206.10369873046875,-52.66386795043945,229.87408836921432,-206.7405476480065,-52.66595227418441,0.8096347917602194,0.3152106909856227,0.08047605510930486,3.558166950990581e-05,31.66297157599167,62.99133879151101,nan,4.806004700890328,nan
352.65000000000003,229.37628173828125,-206.09500122070312,-52.66559600830078,229.8638013195406,-206.72073360229035,-52.667700764925115,0.7932343824359703,0.3151478715245226,0.08046516974231992,3.626924966524669e-05,30.800986542016574,62.14584932239562,4.396323948338297,nan,nan
352.66,229.3784942626953,-206.0863037109375,-52.66740798950195,229.86655149781447,-206.71239830989916,-52.66977715742472,0.7938513239629706,0.31519686507830724,0.08048694644567203,3.553208144692466e-05,30.742252485361945,61.029994786026435,nan,0.04357619135114902,nan
352.67,229.3807830810547,-206.07762145996094,-52.66929626464844,229.86937682951165,-206.70406219474393,-52.671683523512776,0.7944542430068349,0.31524594404310796,0.08050879091330775,3.624086086800363e-05,30.64510265093188,61.60736779646197,nan,nan,nan
352.68,229.3831329345703,-206.0689239501953,-52.67123794555664,229.90216517521458,-206.69396554456415,-52.67395553339689,0.8124523658670794,0.3105803456808794,0.08051432260113164,3.550512897921435e-05,38.139031445560704,68.97179307354222,nan,0.05719629304176733,0.1895000617587971
352.69,229.38555908203125,-206.06024169921875,-52.67318344116211,229.90515078413054,-206.68560517144775,-52.67596203888548,0.813057642417839,0.31062507061670797,0.08053584168919763,3.6213728059102014e-05,38.01465134822981,69.50275578019287,nan,nan,nan
352.7,229.38804626464844,-206.05154418945312,-52.67511749267578,229.90670891034753,-206.6816221538766,-52.67650634000476,0.8160950374757243,0.3105647271143829,0.08052492917558776,3.5459182677171195e-05,38.83781592814197,69.06054233234751,4.4305558818091635,1.6798573792855676,nan
352.71,229.390625,-206.0428466796875,-52.67702102661133,229.90982561620513,-206.6732813512261,-52.67847531546562,0.8167124768863566,0.31060926852691323,0.0805464343576421,3.616677941520593e-05,38.71834797926201,67.81886969701108,nan,nan,nan
352.72,229.39324951171875,-206.03416442871094,-52.67889404296875,229.91292643182555,-206.66495088103608,-52.68219722624797,0.8172922125827486,0.310653889890825,0.0805680012013882,3.54362478583071e-05,38.83912583979441,70.05633723926208,nan,2.185156007437272,nan
352.73,229.39596557617188,-206.0254669189453,-52.68073272705078,229.91618219754088,-206.65661096609782,-52.684123062387656,0.8179117530506069,0.31069859808909345,0.08058962994222597,3.614376420425163e-05,38.726294057443866,67.86332657167094,nan,nan,nan
352.74,229.39874267578125,-206.01678466796875,-52.68253707885742,229.9195176308196,-206.64827020400568,-52.68577880724674,0.8185298069233625,0.3107433866362122,0.08061132063918751,3.541493951960425e-05,38.57864743441772,68.88614707611761,nan,0.03851902255750933,nan
352.75,229.40155029296875,-206.0081024169922,-52.684303283691406,229.92097280430974,-206.6472876788059,-52.687570490087595,0.82363111818658,0.31068302265468967,0.08060036837801492,3.610026885470924e-05,40.20020237025913,69.2613906888555,10.063202597434527,nan,nan
352.76,229.4043426513672,-205.99940490722656,-52.68603515625,229.92429105236118,-206.63898552121458,-52.690512555574685,0.824275286897657,0.31072762758413824,0.08062204467199546,3.5373929895199384e-05,40.346119256917575,68.93074614561822,nan,0.8694018328488978,nan
352.77,229.4071044921875,-205.99072265625,-52.68773651123047,229.92763973441356,-206.6306783284338,-52.692310443756774,0.8249370410027075,0.31077231907799346,0.08064378307636824,3.608051428144104e-05,40.23059908617294,69.3321628545225,nan,nan,nan
352.78000000000003,229.4098358154297,-205.98202514648438,-52.68939971923828,229.93103305545478,-206.6223632443625,-52.69226444751637,0.8256437786794356,0.3108170910934236,0.0806655836709559,3.535569940770143e-05,39.75848071418753,67.47850981974008,nan,2.268141527889647,nan
352.79,229.41250610351562,-205.9733428955078,-52.69103240966797,229.9342972002381,-206.61405675606596,-52.69397892093014,0.8263104027293754,0.3108619498563879,0.08068744666049708,3.606230667043037e-05,39.63851256340555,68.74863349414912,nan,nan,nan
352.8,229.41513061523438,-205.96466064453125,-52.692630767822266,229.93599356520568,-206.60342574483533,-52.69550832377491,0.8242131680260607,0.31080155838757106,0.0806764515738976,3.531770650393288e-05,39.25821358981852,68.35026962804602,0.40758824621070255,0.023925414302251462,nan
352.81,229.41769409179688,-205.95596313476562,-52.69419860839844,229.93915746245452,-206.5951125971033,-52.69715879422439,0.8248908078311362,0.3108462332045148,0.08069829963341313,3.6023492375384514e-05,39.14142742630561,68.03423232027728,nan,nan,nan
352.82,229.4202117919922,-205.94728088378906,-52.695735931396484,229.94227204731462,-206.58679965341744,-52.69875005936253,0.825554511744509,0.3108909887085901,0.08072021011191316,3.530232436150189e-05,39.02773478979698,68.41517887435995,nan,0.0005705992620284055,nan
352.83,229.4226837158203,-205.9385986328125,-52.69723892211914,229.94533517899703,-206.57848715379535,-52.70033974142738,0.8262151574056016,0.310935830698009,0.08074218319793626,3.6008197511068066e-05,38.91042238332785,68.13094308393715,nan,nan,nan
352.84000000000003,229.42510986328125,-205.92990112304688,-52.69871520996094,229.94827144221682,-206.57018149656278,-52.70367819941254,0.8268504251969192,0.3109807537651513,0.08076421899523088,3.52882923256964e-05,39.218208281236855,67.45474150801007,nan,2.1954915347974593,nan
352.85,229.427490234375,-205.9212188720703,-52.70016098022461,229.9223663467783,-206.54294994591527,-52.70519543980427,0.7946554225543637,0.31092034006120967,0.08075317810426753,3.597222840473898e-05,38.182124499668234,66.41891061633467,10.870515820917705,nan,nan
352.86,229.4298095703125,-205.91253662109375,-52.70158004760742,229.92521748743178,-206.5345989942251,-52.707309620838686,0.7952505444321767,0.3109650790679055,0.0807751984342949,3.5254367627077704e-05,38.28129270919417,67.22556943125562,nan,0.24517838899841932,nan
352.87,229.43209838867188,-205.9038543701172,-52.70296859741211,229.9280471188493,-206.52624624149595,-52.708808733968695,0.7958460226186695,0.31100990430384484,0.08079728158252436,3.5959616597705104e-05,38.17310318554295,66.32603933048902,nan,nan,nan
352.88,229.434326171875,-205.89515686035156,-52.70433044433594,229.93084483503392,-206.51789258580845,-52.709948712393675,0.7964685377096913,0.3110548107716098,0.08081942766501113,3.524286407575029e-05,37.996660628873435,66.20488679144805,nan,0.07690564553698048,nan
352.89,229.4365234375,-205.886474609375,-52.70566177368164,229.93358359595993,-206.5095400992326,-52.711391381546875,0.797064761600954,0.31109980365964035,0.08084163685213375,3.594827471955458e-05,37.88938904828634,66.19459312225196,nan,nan,nan
352.90000000000003,229.43865966796875,-205.87779235839844,-52.70697021484375,229.91467056000792,-206.48685336371582,-52.713361690699244,0.7730346230937932,0.3110393617302522,0.08083054706144246,3.521139934312663e-05,37.32614971371383,66.12062886590284,6.216465692310835,0.23694884711393752,nan
352.91,229.44076538085938,-205.86911010742188,-52.708251953125,229.9172916629385,-206.4784694936498,-52.71475819428181,0.77358806238866,0.3110841702272831,0.08085274021897683,3.5916119976242496e-05,37.2194500345142,65.36639939473339,nan,nan,nan
352.92,229.4428253173828,-205.86041259765625,-52.70950698852539,229.91979970413686,-206.4700898053379,-52.717883212092396,0.7741324333130165,0.3111290601013341,0.08087499652895616,3.5202214428798095e-05,37.9116917313931,65.50930497988476,nan,2.145297743096681,nan
352.93,229.44485473632812,-205.8517303466797,-52.71073913574219,229.9223369377623,-206.46170594625437,-52.71924795920835,0.7746817958618277,0.31117403615009087,0.08089731615275869,3.590714371216536e-05,37.81122028776107,65.60006805822312,nan,nan,nan
352.94,229.4468231201172,-205.84304809570312,-52.711944580078125,229.92482078922745,-206.4533228493212,-52.720908679258066,0.775240221900651,0.3112190939572792,0.08091969921974855,3.519412607373107e-05,37.95293619619903,66.91685144358354,nan,0.0714141928050505,nan
352.95,229.4487762451172,-205.83436584472656,-52.71312713623047,229.8950585918305,-206.42706480836046,-52.72214387470776,0.7419847006868753,0.3111586279954944,0.08090855746512227,3.587728301249713e-05,37.44283468426015,64.05390414193958,10.683375564364596,nan,nan
352.96,229.45066833496094,-205.82566833496094,-52.71428680419922,229.89745917728064,-206.4186456913882,-52.72255770415362,0.7425042826827841,0.31120350127560414,0.08093092392671647,3.516594060516404e-05,37.0002415254691,63.91966455689592,nan,0.5446088629821063,nan
352.97,229.45252990722656,-205.81698608398438,-52.71541976928711,229.8997872367971,-206.41022815025204,-52.72382287033903,0.742997900502673,0.3112484604923833,0.0809533539089759,3.587046544436086e-05,36.89990255632774,64.35809048308616,nan,nan,nan
352.98,229.45436096191406,-205.8083038330078,-52.71653366088867,229.90207431605046,-206.4018107584267,-52.72515832457751,0.7434864509969202,0.31129350159926455,0.08097584754751083,3.515988300942341e-05,36.924407440211354,63.97491934737967,nan,0.00595879751338168,nan
352.99,229.45616149902344,-205.7996063232422,-52.71762466430664,229.90432831442814,-206.39339300559212,-52.72638095045806,0.7439844024664062,0.3113386288436439,0.08099840499447367,3.5864667589466605e-05,36.82771583734001,62.80904601738278,nan,nan,nan
353.0,229.45791625976562,-205.79092407226562,-52.718692779541016,229.89107262677553,-206.37174679227587,-52.72849976634131,0.7246210370610403,0.31127813379067426,0.08098720815304356,3.513365930052011e-05,36.32176414606173,63.98544668042712,6.455992622700986,0.7194733690311466,nan
353.01,229.45962524414062,-205.78224182128906,-52.71974182128906,229.89323828147752,-206.36329536792164,-52.72968913042939,0.7250809880019999,0.31132307617743604,0.08100974839745931,3.583784542920624e-05,36.221826564988014,64.41585071352424,nan,nan,nan
353.02,229.46131896972656,-205.7735595703125,-52.720767974853516,229.89536228674189,-206.35484398702934,-52.73105106505226,0.725528025721638,0.31136810057607317,0.08103235250685914,3.512944579453996e-05,36.349411576144504,63.61190846083689,nan,0.026010911110613027,nan
353.03000000000003,229.4629669189453,-205.76486206054688,-52.72177505493164,229.89745924483034,-206.34639221020876,-52.73220262718035,0.7259956132661983,0.3114132108863537,0.08105502062944109,3.5833924766364424e-05,36.2543680003936,63.2510294002177,nan,nan,nan
353.04,229.46458435058594,-205.7561798095703,-52.72275924682617,229.89955492485566,-206.33793958652382,-52.73243279185128,0.7264553778690606,0.3114584035793751,0.08107775290667867,3.512610288385441e-05,35.76253103821665,63.55667838539031,nan,0.5704798768736988,nan
353.05,229.46617126464844,-205.7474822998047,-52.72372817993164,229.8844630217087,-206.3158224291049,-52.733340006377325,0.7057413717539801,0.3113978826721966,0.08106649785198362,3.580891031761338e-05,34.674171161726164,61.62535164052493,7.732250336193731,nan,nan
353.06,229.4677276611328,-205.73880004882812,-52.724674224853516,229.8864416942244,-206.30733713012484,-52.7344219866984,0.7061521600747193,0.3114428920629239,0.08108921231457399,3.6527118511972985e-05,34.57439550456109,62.450424421376184,nan,nan,nan
353.07,229.46925354003906,-205.73011779785156,-52.72560119628906,229.88838902791878,-206.29885150496804,-52.735485850360305,0.7065623066628499,0.31148798543543066,0.08111199099178823,3.7259776361164684e-05,34.47469994672697,62.34465887315132,nan,nan,nan
353.08,229.4707489013672,-205.72142028808594,-52.72651290893555,229.89028577949935,-206.29036582676454,-52.73711664593796,0.7069813698631571,0.3115331611646458,0.08113483402777188,3.646702476042107e-05,34.818057430091635,61.7630501931947,nan,0.2219655234332654,nan
353.09000000000003,229.4722137451172,-205.71273803710938,-52.7274055480957,229.89217234163164,-206.28187968940253,-52.73815114058229,0.7073916248580094,0.3115784229327098,0.0811577415676974,3.7198287989134844e-05,34.718911878384716,62.627645516287444,nan,nan,nan
353.1,229.47364807128906,-205.70404052734375,-52.72827911376953,229.88029875782107,-206.2708565973533,-52.740026181497704,0.6976985249219154,0.311517871818477,0.0811464251446177,3.638647527087724e-05,36.06057703145067,61.98319420794123,3.919771320498453,0.39677612728862494,nan
353.11,229.4750518798828,-205.6953582763672,-52.72913360595703,229.8820978472211,-206.2623751022203,-52.74103611902925,0.6980946713335713,0.31156294824120434,0.08116931423786324,3.7115508591032136e-05,35.96618530559454,62.896946058482364,nan,nan,nan
353.12,229.47642517089844,-205.68667602539062,-52.72997283935547,229.88393142813163,-206.25389335354564,-52.74008655639341,0.6984977697286072,0.31160810713874226,0.08119226789001663,3.633081072174292e-05,34.84587636693171,61.88744801856481,nan,2.4706273081112204,nan
353.13,229.477783203125,-205.677978515625,-52.730796813964844,229.88567447185952,-206.24541158835478,-52.74104510830617,0.6988995683746877,0.31165335184926873,0.08121528624558777,3.705862224349894e-05,34.74977420480603,60.28453248570398,nan,nan,nan
353.14,229.47911071777344,-205.66929626464844,-52.73160171508789,229.8874334864602,-206.2369298924646,-52.74061302443837,0.6992972347664145,0.3116986794035787,0.08123836944905324,3.627728524487027e-05,34.036817790131934,60.67124597564967,nan,1.2412247303877502,nan
353.15000000000003,229.48040771484375,-205.6605987548828,-52.73239517211914,229.88551458373183,-206.2263215194506,-52.74165207245312,0.6958732009312678,0.3116381007235817,0.08122698848709506,3.698059864630146e-05,34.002697985997195,59.835374734817215,0.804262986078853,nan,nan
353.16,229.48167419433594,-205.65191650390625,-52.73316955566406,229.88718229913536,-206.2178349377521,-52.7422198397521,0.6962631718442531,0.311683242760637,0.08125005259570303,3.620348999212108e-05,33.830646349250415,60.87291931527283,nan,0.07355025459508673,nan
353.17,229.48292541503906,-205.64321899414062,-52.73392868041992,229.88881410833656,-206.2093478556909,-52.74310376392523,0.6966575208696877,0.3117284703964222,0.08127318160424063,3.692817581375559e-05,33.73429877907682,59.39854207641108,nan,nan,nan
353.18,229.48414611816406,-205.634521484375,-52.73467254638672,229.89040115259291,-206.20086009746123,-52.744626993485184,0.6970521276692723,0.31177378097475555,0.08129637565668058,3.615421171743184e-05,34.08179396221848,60.053091390957356,nan,0.2822759168193197,nan
353.19,229.48533630371094,-205.62583923339844,-52.73540115356445,229.89198319615747,-206.19237237598634,-52.74548919654104,0.6974405102932008,0.311819177366813,0.08131963489826934,3.687790339719886e-05,33.984239957675214,61.17670763053004,nan,nan,nan
353.2,229.48651123046875,-205.6171417236328,-52.736114501953125,229.87902100422028,-206.17383840163063,-52.746354552699714,0.6812341538880567,0.3117585674104254,0.08130818620948446,3.608477459710844e-05,33.57450596798364,59.44310168134445,2.9072154347035615,0.00019877679085296152,nan
353.21,229.48765563964844,-205.60845947265625,-52.736812591552734,229.88053523960312,-206.16532781342156,-52.74718971828608,0.681589622695721,0.3118037779492611,0.08133142569137505,3.680663733726653e-05,33.478483458895234,60.641868439926455,nan,nan,nan
353.22,229.48878479003906,-205.59976196289062,-52.73749923706055,229.88203022655745,-206.156817198587,-52.747876409063295,0.681953220285706,0.3118490715167343,0.08135473040939017,3.6039595107405796e-05,33.42850116801659,59.2718520930997,nan,0.012206895666334865,nan
353.23,229.48988342285156,-205.591064453125,-52.73817443847656,229.88349861110964,-206.14830629154878,-52.74868445633644,0.6823209240473076,0.3118944507004046,0.08137810051017007,3.6760608291581473e-05,33.33284295142161,59.5436473765124,nan,nan,nan
353.24,229.490966796875,-205.58238220214844,-52.73883056640625,229.88498637272278,-206.1397966092865,-52.7479797851303,0.6826755859407838,0.31193991326747805,0.08140153613564505,3.5996388151148e-05,32.53928319903649,59.4420190739885,nan,1.5007023244343434,nan
353.25,229.49203491210938,-205.5736846923828,-52.739479064941406,229.89165880523737,-206.13074304009095,-52.74869628148965,0.6856370875258939,0.3118792738638648,0.08139001651969151,3.6693672243337835e-05,31.984421709773056,58.21001578221893,1.3279968747386677,nan,nan
353.26,229.49307250976562,-205.5649871826172,-52.7401123046875,229.89312711865318,-206.12222634089176,-52.74752476215575,0.6860132025933949,0.3119245503812182,0.08141343170332171,3.593311248171624e-05,31.086833665415757,57.81688795370113,nan,2.484555675219004,nan
353.27,229.4940948486328,-205.55630493164062,-52.74073028564453,229.89452246990865,-206.11370705921382,-52.74824937773891,0.6863642971845765,0.3119699123275483,0.08143691246017257,3.665171639101009e-05,30.987203221745876,58.44051965631611,nan,nan,nan
353.28000000000003,229.49508666992188,-205.547607421875,-52.74134063720703,229.89585610816172,-206.10518532240343,-52.750524848427965,0.6867267342404291,0.3120153577259644,0.08146045893013946,3.589377484660873e-05,31.683588340251163,58.65765835974255,nan,1.6370247304700067,nan
353.29,229.49606323242188,-205.53890991210938,-52.74193572998047,229.89721050205125,-206.09666523166138,-52.75124217466062,0.6870929619289105,0.3120608887819205,0.08148407126286507,3.6611716653149787e-05,31.588938268708784,58.3863943162408,nan,nan,nan
353.3,229.4970245361328,-205.53021240234375,-52.74251937866211,229.91009206467635,-206.08290131541682,-52.75038051618673,0.6900374013444031,0.3120002169017557,0.08147247750152822,3.5834424138954965e-05,29.20767656833292,57.84835028771877,12.801430508349657,1.4967156936582882,nan
353.31,229.4979705810547,-205.5215301513672,-52.74309158325195,229.9114419538096,-206.07435054428387,-52.751059771734326,0.6903857290964828,0.3120455615769665,0.08149606869498692,3.6550866690148937e-05,29.108403454029528,58.532058052222766,nan,nan,nan
353.32,229.49888610839844,-205.51283264160156,-52.74365234375,229.9128078519838,-206.06580181447148,-52.75033186713233,0.690760980361383,0.31209098976162636,0.08151972578639584,3.579878410200041e-05,28.50766679492082,57.573292568554784,nan,1.315264143128187,nan
353.33,229.49978637695312,-205.50413513183594,-52.74420166015625,229.91412063242333,-206.0572505394283,-52.7509764230206,0.6911262017779363,0.3121365034313752,0.08154344892787517,3.651468327097548e-05,28.408957602238264,57.34370288890894,nan,nan,nan
353.34000000000003,229.50067138671875,-205.4954376220703,-52.74474334716797,229.9153963782044,-206.0486974735747,-52.75239146805925,0.691485195505003,0.3121821009526957,0.08156723825566753,3.57649180852697e-05,28.678712394223414,57.448473645499156,nan,0.4115865509981621,nan
353.35,229.5015411376953,-205.4867401123047,-52.745269775390625,229.90946725498074,-206.04031266471654,-52.75292492493122,0.6876808047792407,0.3121213977600557,0.08155556713016343,3.6457686618769396e-05,29.159225187325895,57.03373569668608,2.1695659891001373,nan,nan
353.36,229.50250244140625,-205.47804260253906,-52.74589157104492,229.91075454210093,-206.03176726567858,-52.753953153654095,0.6880012859034198,0.31216680868167856,0.08157933460397698,3.5711058209308986e-05,29.268164059905327,56.98954819662338,nan,0.08574535151232093,nan
353.37,229.5035400390625,-205.46934509277344,-52.746604919433594,229.91213865568128,-206.0232224185322,-52.75472260460142,0.6883304571969443,0.3122123049248912,0.08160316831188084,3.642513258583807e-05,29.153333958337697,57.475325515540156,nan,nan,nan
353.38,229.50466918945312,-205.4606475830078,-52.74740982055664,229.91364159900473,-206.01467989892762,-52.75421103056371,0.688662831373583,0.3122578850616514,0.08162706838737342,3.5680634583554436e-05,28.537161882337223,56.66800648543135,nan,1.2804663404743708,nan
353.39,229.50588989257812,-205.4519500732422,-52.7483024597168,229.91519993708707,-206.00613414459215,-52.75515065586816,0.6889859180451099,0.31230355076054495,0.08165103498663344,3.639431664057058e-05,28.426515919993886,56.34157762717373,nan,nan,nan
353.40000000000003,229.5072021484375,-205.44326782226562,-52.74928665161133,229.91383446592806,-205.99505746840154,-52.75392622817662,0.6854510784011135,0.3122428137768218,0.08163928325318678,3.5630232645549156e-05,27.539093517226746,56.10895419002216,0.24147080042154626,3.354737009942103,nan
353.41,229.50857543945312,-205.4345703125,-52.7503547668457,229.91555954721642,-205.98650514962026,-52.75502307176355,0.6857768744057021,0.3122882925485253,0.08166322726944439,3.634268115707271e-05,27.431074427171463,56.260120073192766,nan,nan,nan
353.42,229.5100555419922,-205.42587280273438,-52.75151443481445,229.9173679097467,-205.97795267271295,-52.7562250842954,0.6860887245683868,0.312333855245808,0.08168723783112765,3.560306914999913e-05,27.353183578379017,54.94241895118354,nan,0.00019683912002325642,nan
353.43,229.51161193847656,-205.41717529296875,-52.75275421142578,229.91925931210045,-205.96940028833905,-52.75749761114261,0.6864046376409837,0.31237950335448533,0.08171131509728832,3.6315220988668175e-05,27.247900075059004,55.20708843389334,nan,nan,nan
353.44,229.51324462890625,-205.40847778320312,-52.754085540771484,229.9212325947733,-205.96084793164405,-52.758856524246994,0.6867239062857146,0.3124252363486265,0.08173545920511208,3.704174488482355e-05,27.14122981336612,55.27153278070717,nan,nan,nan
353.45,229.51495361328125,-205.3997802734375,-52.755496978759766,229.94090908328417,-205.94893782288767,-52.76035665350111,0.6950076927503153,0.3123644662010308,0.08172362363566801,3.775850930948683e-05,25.394214175654984,56.19133426932872,15.35738041719643,nan,nan
353.46,229.51675415039062,-205.39108276367188,-52.75699234008789,229.9431122890014,-205.94036000473693,-52.76070040010644,0.6953420019104108,0.3124100113513452,0.08174774440589465,3.693280331727724e-05,25.04047275258726,55.19130683411627,nan,0.8899226185731319,nan
353.47,229.51861572265625,-205.38238525390625,-52.758567810058594,229.9453707379601,-205.9317793713198,-52.76230170403617,0.6956778574166699,0.31245564181886687,0.08177193205860389,3.767090201983349e-05,24.936877400935046,56.010713922531615,nan,nan,nan
353.48,229.52056884765625,-205.37368774414062,-52.760223388671875,229.94773605683275,-205.92320264910373,-52.762509344407285,0.6960198854672727,0.31250135651719585,0.08179618671885958,3.685037290391417e-05,24.608517932563192,54.96753616342161,nan,1.3851531025729469,nan
353.49,229.52259826660156,-205.364990234375,-52.761962890625,229.950149825924,-205.91462223183728,-52.76426022976179,0.6963482938017003,0.3125471567791913,0.08182050855126276,3.7586584604064324e-05,24.50738924348127,54.810025613265346,nan,nan,nan
353.5,229.5247039794922,-205.35629272460938,-52.76377868652344,229.96456066237494,-205.91692894543817,-52.76567311223236,0.7125941779376096,0.312486351385894,0.08180858588215242,3.674813550361257e-05,25.161405864888557,55.07073147357813,3.6202794456208762,0.10239526300254424,nan
353.51,229.52687072753906,-205.34759521484375,-52.76567459106445,229.96713927292376,-205.90837594522554,-52.76758003781677,0.7129621661420897,0.3125319641560354,0.08183288362607692,3.748164905713189e-05,25.06093645381312,55.665800911700494,nan,nan,nan
353.52,229.5291290283203,-205.33889770507812,-52.76762390136719,229.96978928699087,-205.89982258205728,-52.769735278019375,0.7133180490475879,0.31257766117486613,0.08185724854873162,3.667199646975486e-05,24.987494399859663,54.65329378021943,nan,0.021314495080107597,nan
353.53000000000003,229.5314483642578,-205.3302001953125,-52.76957702636719,229.97251633209015,-205.89127007245824,-52.77174042113343,0.7136841315070698,0.3126234436171938,0.08188168081739938,3.740385726788502e-05,24.892489990251082,55.19430018568369,nan,nan,nan
353.54,229.53384399414062,-205.32150268554688,-52.771514892578125,229.97528185767425,-205.88271257174048,-52.77569380436501,0.7140317829244681,0.31266931063322123,0.08190618055316991,3.65988741246757e-05,25.146623682293317,55.20549829076404,nan,2.45601889072482,nan
353.55,229.53631591796875,-205.3128204345703,-52.7734260559082,229.96738742863894,-205.87310185840687,-52.77751727339455,0.7069332778051424,0.31260847027794486,0.08189416755591991,3.730560106793556e-05,25.653685301010384,55.33140948250887,3.7985291068745513,nan,nan
353.56,229.53883361816406,-205.3041229248047,-52.77530288696289,229.97031033364632,-205.86455901211593,-52.778617235832314,0.7072989105551676,0.3126541495476955,0.08191864242743498,3.6506130929761715e-05,25.408290463153303,54.23645358298315,nan,0.48811474239473424,nan
353.57,229.54135131835938,-205.29542541503906,-52.77714538574219,229.9732417422735,-205.85601410595768,-52.78054420080184,0.7076726436696466,0.3126999141084328,0.08194318481540457,3.723408230722253e-05,25.3188730069181,54.03299567543587,nan,nan,nan
353.58,229.54383850097656,-205.28672790527344,-52.778953552246094,229.97616906015463,-205.84747146544643,-52.78187861184627,0.708061867811261,0.3127457632473729,0.08196779483841513,3.643895838810031e-05,25.143983849186274,54.05090414270794,nan,0.20299390338744555,nan
353.59000000000003,229.54629516601562,-205.2780303955078,-52.78072738647461,229.9790559462252,-205.83892769239813,-52.78373187916199,0.7084466793787485,0.3127916979342537,0.08199247266746792,3.7165565558888594e-05,25.053140440807795,53.56100966096585,nan,nan,nan
353.6,229.5487060546875,-205.26934814453125,-52.782466888427734,229.98211123443969,-205.8346671119545,-52.78787356604498,0.7123586294327969,0.3127308208487841,0.08198036606582829,3.635226802315935e-05,26.160511945387185,55.08748723659174,1.8578504420352298,3.8533688215863835,nan
353.61,229.5510711669922,-205.26065063476562,-52.7841682434082,229.98490975474132,-205.8261386613795,-52.78968100218882,0.7127573352643911,0.31277656746173377,0.08200501824162038,3.70767167496133e-05,26.077599633076623,54.15407516888641,nan,nan,nan
353.62,229.5533905029297,-205.251953125,-52.78583908081055,229.98764178462858,-205.81760621802528,-52.792859178411646,0.7131527740088516,0.3128223986490315,0.08202973821714511,3.629079236111737e-05,26.51784979116751,54.52153699791855,nan,1.2919207795242245,nan
353.63,229.5556640625,-205.24327087402344,-52.7874755859375,229.9903498458676,-205.80907820917224,-52.79461513765674,0.7135409196176808,0.31286831526228337,0.08205452616568414,3.701408905636708e-05,26.43722916664988,55.39582146117094,nan,nan,nan
353.64,229.55789184570312,-205.2345733642578,-52.78907775878906,229.9930516876893,-205.80055858332736,-52.79368944706126,0.7139500150230104,0.31291431676569437,0.08207938220243113,3.623204127905577e-05,25.54979419108128,53.61818704207374,nan,4.619419659916215,nan
353.65000000000003,229.56007385253906,-205.2258758544922,-52.7906494140625,230.0305729905898,-205.8087578048379,-52.7952861129533,0.7490943237816767,0.3128534028736291,0.08206717877234018,3.693120167022974e-05,25.528681306835455,54.93011990351377,11.59794472234404,nan,nan
353.66,229.56222534179688,-205.21719360351562,-52.79219055175781,230.03320266010275,-205.80025537964136,-52.79715369377527,0.7495367248615421,0.3128992160312103,0.08209200835145665,3.615384218902126e-05,25.5303004343907,55.11581892281537,nan,0.03580670048269722,nan
353.67,229.56431579589844,-205.20849609375,-52.793701171875,230.03579256348033,-205.79175379780023,-52.79876078911384,0.7500036609444066,0.3129451144986895,0.08211690606713194,3.68741865175149e-05,25.446977723735184,55.06778274516486,nan,nan,nan
353.68,229.56637573242188,-205.19979858398438,-52.7951774597168,230.03833009974718,-205.78324986519803,-52.8010849720919,0.75046067258035,0.3129910978416444,0.08214187203253599,3.610040877055569e-05,25.624364974262445,54.70277700510802,nan,0.36930943189922955,nan
353.69,229.56838989257812,-205.1911163330078,-52.796630859375,230.04083636057922,-205.77474840756568,-52.80264146720361,0.7509115733466233,0.3130371667598399,0.08216690642397069,3.681985076728155e-05,25.54180514478647,55.64202652022354,nan,nan,nan
353.7,229.57037353515625,-205.1824188232422,-52.79804992675781,230.03769631130135,-205.7590309251818,-52.80245742750775,0.7422206675039729,0.3123940759293072,0.08146037304615694,3.6026631056722405e-05,33.521701426682576,62.38588272564373,1.3948717227771512,1.7713267542712268,0.001559464280036829
353.71,229.5723114013672,-205.17372131347656,-52.799442291259766,230.0401160389793,-205.75051216149024,-52.803940538792695,0.7426635143553268,0.31243851396524663,0.08148231321801477,3.674432984114078e-05,33.40087467152042,62.57628553383623,nan,nan,nan
353.72,229.57420349121094,-205.1650390625,-52.80080795288086,230.04252287473489,-205.7419786122837,-52.804595891763135,0.7430993456933249,0.3124830337070933,0.08150431453088104,3.597828144856511e-05,33.11374954302775,63.56890269386355,nan,0.42781308356182657,nan
353.73,229.57606506347656,-205.15634155273438,-52.802146911621094,230.04486536224684,-205.7334602626927,-52.80601735767937,0.7435420000670693,0.3125276384932119,0.08152637817467967,3.669523402894718e-05,32.99195832113914,62.1266315679382,nan,nan,nan
353.74,229.577880859375,-205.1476593017578,-52.80345916748047,230.04716343828366,-205.72494596447012,-52.80763200706547,0.7439781195726681,0.3125723253580497,0.08154850326876915,3.593233993878342e-05,32.933972245052516,63.48513584781964,nan,0.03212418936574779,nan
353.75,229.57968139648438,-205.1389617919922,-52.80474090576172,230.0387197997972,-205.69872731796232,-52.80910682342371,0.723928698849305,0.31251068776389285,0.0815371436290004,3.6625920572616274e-05,30.626776645224783,61.36684040770561,23.387915223128864,nan,nan
353.76,229.5814208984375,-205.13026428222656,-52.80600357055664,230.04091580371679,-205.69017549165312,-52.81177871466952,0.7243407228015393,0.31255519054734454,0.08155925189391904,3.586697313863926e-05,30.903753451067672,62.905660259651135,nan,1.1738615071172815,nan
353.77,229.58314514160156,-205.12158203125,-52.80723571777344,230.0431174933275,-205.68160000810548,-52.81311720961828,0.7247270456522917,0.3125997781616666,0.0815814226707043,3.658174315940174e-05,30.78651203686358,62.78591668865967,nan,nan,nan
353.78000000000003,229.58482360839844,-205.11288452148438,-52.80844497680664,230.045357310545,-205.67298220170596,-52.81202661514926,0.725130009264298,0.31264444796701446,0.08160365516496534,3.582568636847767e-05,30.068281931064003,61.68606877439811,nan,3.894040539595883,nan
353.79,229.5864715576172,-205.10418701171875,-52.80963134765625,230.04749089166825,-205.66440667242313,-52.8132936733168,0.7255331193252674,0.31268920281508567,0.08162595044088633,3.6539908149197834e-05,29.947320370427935,61.38722133993328,nan,nan,nan
353.8,229.5880889892578,-205.0955047607422,-52.810794830322266,230.0164131483869,-205.63815794521855,-52.81395252348695,0.6913349658031942,0.31262755651752083,0.08161454418424108,3.576496466870134e-05,29.496505040569115,60.88283570069843,13.034436087956333,0.07890634671755936,nan
353.81,229.5896759033203,-205.08680725097656,-52.81193161010742,230.0184283298275,-205.62955109983875,-52.815165820923525,0.6916718794581238,0.3126721270130637,0.08163682208907105,3.6477810644784626e-05,29.375593596592925,59.749209871654706,nan,nan,nan
353.82,229.59121704101562,-205.078125,-52.81304931640625,230.0203632274002,-205.62097277768305,-52.81804913512012,0.6920080615216988,0.3127167797981669,0.08165916197277744,3.572806224284236e-05,29.656366515328546,61.70651695556927,nan,1.93827212285881,nan
353.83,229.59274291992188,-205.06942749023438,-52.81414031982422,230.02231505005042,-205.61236600015107,-52.8192356755858,0.6923441363831115,0.31276151743102637,0.08168156481883235,3.644048262804318e-05,29.54151431320567,59.840645569889354,nan,nan,nan
353.84000000000003,229.59423828125,-205.06072998046875,-52.81521224975586,230.02428915821272,-205.6037276283287,-52.81849509200513,0.6926766773979607,0.31280633771056504,0.08170402995066671,3.569324633844502e-05,29.00385343510029,59.27906676415122,nan,2.4648622498782875,nan
353.85,229.59568786621094,-205.05203247070312,-52.81626510620117,230.0523713151852,-205.6179413683031,-52.81970798369944,0.7272032084330472,0.31274468455681836,0.08169257495683273,3.638286585121442e-05,30.71986443454193,60.717022512800135,19.412146366129008,nan,nan
353.86,229.5971221923828,-205.04335021972656,-52.81729507446289,230.05427565269036,-205.60938320589042,-52.82021415101917,0.7275927079793256,0.31278932035553725,0.08171502220058179,3.563892413756368e-05,30.5053062337926,60.79573797962532,nan,0.24634141294322084,nan
353.87,229.59852600097656,-205.03465270996094,-52.818302154541016,230.0561349796812,-205.6008345300315,-52.82129635879582,0.7279950522006539,0.31283404081828237,0.08173753258616273,3.634976520565711e-05,30.387929333821948,59.89230092292788,nan,nan,nan
353.88,229.5998992919922,-205.0259552001953,-52.81929016113281,230.05800019285113,-205.5922652733085,-52.82106281659253,0.7284000800278727,0.3128788440073995,0.08176010551214916,3.560810412279148e-05,30.104854607715502,59.75329935950413,nan,1.1460145031947306,nan
353.89,229.60125732421875,-205.01727294921875,-52.82025909423828,230.05980376774713,-205.58371619205414,-52.82209412027485,0.7287840253099342,0.3129237320872656,0.08178274185215226,3.631867314626243e-05,29.983421396932577,59.962604740462666,nan,nan,nan
353.90000000000003,229.60256958007812,-205.00857543945312,-52.82120895385742,230.07851287941327,-205.5745367585585,-52.82328309393884,0.7394853216681209,0.31286206911631675,0.08177123430893474,3.5557737370197574e-05,28.44880328205317,60.84293763538775,13.790858702602792,0.0022707573920221547,nan
353.91,229.60386657714844,-204.9998779296875,-52.822139739990234,230.0803060947747,-205.56596668632733,-52.82428084084952,0.7399024791571259,0.31290677244807374,0.08179385218501753,3.626719879386528e-05,28.330658486850606,60.14471713339553,nan,nan,nan
353.92,229.60513305664062,-204.99118041992188,-52.823055267333984,230.08205214397137,-205.55740925101435,-52.82611108456909,0.7403217159044517,0.312951558573774,0.08181653285037381,3.553065143308143e-05,28.34363563136748,60.34621782536722,nan,0.4948565308459023,nan
353.93,229.60638427734375,-204.9824981689453,-52.82394790649414,230.0837935069982,-205.5488389069795,-52.827082203558724,0.740723449024311,0.3129964294224872,0.08183927710900493,3.623993597997405e-05,28.227228121250988,60.76229097948168,nan,nan,nan
353.94,229.6075897216797,-204.9738006591797,-52.824825286865234,230.08550976188585,-205.54026838890766,-52.82803628926322,0.7411501630507961,0.3130413842471926,0.08186208477654215,3.69635648562598e-05,28.11178876966607,60.765680223577796,nan,nan,nan
353.95,229.60879516601562,-204.96510314941406,-52.82568359375,230.10372348611688,-205.53396802484943,-52.82892300178525,0.754036990012268,0.3129797126048025,0.08185052232629801,3.767759619797048e-05,27.121623936506317,60.24059345045431,6.994546632588429,nan,nan
353.96,229.60995483398438,-204.95640563964844,-52.8265266418457,230.10545273062127,-205.52537315383242,-52.82879344877049,0.754484815077094,0.31302448162494584,0.08187331063512057,3.685567964602841e-05,26.860281289835914,61.15989515288676,nan,0.7005647972297768,nan
353.97,229.61111450195312,-204.9477081298828,-52.82735061645508,230.1071340321922,-205.51679329747478,-52.82968766233592,0.7549163954605891,0.31306933527521147,0.08189616273978391,3.7590993422863534e-05,26.74620845582727,59.788682694273845,nan,nan,nan
353.98,229.6122283935547,-204.9390106201172,-52.82815933227539,230.1088296203567,-205.5081901362125,-52.828910768759364,0.7553665763459093,0.3131142720544354,0.08191907815763604,3.677428253034329e-05,26.49505749249064,60.81266061396661,nan,1.7497352546252722,nan
353.99,229.6133270263672,-204.93032836914062,-52.828948974609375,230.11046521224227,-205.4996099207638,-52.82975783583847,0.7557966096312799,0.31315929369761814,0.0819420576439771,3.750783946204655e-05,26.374520258758125,61.3328388314857,nan,nan,nan
354.0,229.61441040039062,-204.921630859375,-52.82972717285156,230.11356612496178,-205.49098939132466,-52.83103827869657,0.7571837916084592,0.31309761091612565,0.08193043657821623,3.6673381485906625e-05,26.216935067752992,59.911869132034354,0.4559980975867998,0.08049478414547045,nan
354.01,229.615478515625,-204.91293334960938,-52.83049011230469,230.11516144444778,-205.4824073239209,-52.83186094469054,0.7576183181236544,0.3131424473920067,0.08195339643512313,3.7404372521395204e-05,26.1021670865418,59.46525482900511,nan,nan,nan
354.02,229.6165008544922,-204.90423583984375,-52.831233978271484,230.11673588332096,-205.47382497312702,-52.83266012146451,0.7580691912392404,0.31318736704768385,0.0819764198453365,3.6598542593972375e-05,25.987969679899642,60.84922958079037,nan,5.4480726639997224e-05,nan
354.03000000000003,229.61752319335938,-204.89553833007812,-52.831966400146484,230.11828937981167,-205.46524272584344,-52.83345438321495,0.7585064839155357,0.31323237141262256,0.08199950749815071,3.73280057165643e-05,25.87425966489077,59.47332267235849,nan,nan,nan
354.04,229.61851501464844,-204.8868408203125,-52.832679748535156,230.11982188812465,-205.4566609061773,-52.834272896427294,0.7589506240656613,0.3132774592933537,0.08202265900787932,3.652683625231573e-05,25.766688013764426,60.07814968146635,nan,0.0009335942551504837,nan
354.05,229.61949157714844,-204.87814331054688,-52.8333854675293,230.1316598864063,-205.44529539193874,-52.83508667715557,0.7641863349664065,0.3132157660629207,0.0820109768089451,3.723143312264255e-05,24.527006361943787,60.35699230088267,8.240148036364204,nan,nan
354.06,229.62045288085938,-204.86944580078125,-52.83407211303711,230.13319262439467,-205.43668604623446,-52.835387604671794,0.7646340766541152,0.31326066860329366,0.08203410809577054,3.64357454940126e-05,24.380626502058696,60.099076060418945,nan,0.1342766691313124,nan
354.07,229.6213836669922,-204.86074829101562,-52.834747314453125,230.1346974230669,-205.42808206423007,-52.83612548690255,0.765088571189361,0.313305655708043,0.0820573037985326,3.716154420296853e-05,24.267749061337504,60.626082126145775,nan,nan,nan
354.08,229.622314453125,-204.85205078125,-52.83540725708008,230.13621426578507,-205.41945798203352,-52.83523572711417,0.7655350928439375,0.31335072636279127,0.08208056359098279,3.637017397783159e-05,24.102771564069535,59.407745408332374,nan,1.7028910582020858,nan
354.09000000000003,229.6232147216797,-204.84335327148438,-52.836055755615234,230.13768161755294,-205.4108532974492,-52.83593267171971,0.7659846483900169,0.3133958818289599,0.08210388807501444,3.7094744473459294e-05,23.987298733447275,59.95426922762943,nan,nan,nan
354.1,229.6240997314453,-204.83465576171875,-52.83668899536133,230.13965066104396,-205.40821398003428,-52.8354275971174,0.7712090390632352,0.3133341760748984,0.08209214112541247,3.62852820243439e-05,24.826831645456583,59.648046547579916,3.934796643489936,0.8036089074646642,nan
354.11,229.6249542236328,-204.82595825195312,-52.837310791015625,230.14107413795261,-205.39963002994517,-52.83608803692926,0.771673875383631,0.31337914593188426,0.08211544474427013,3.7007810134028194e-05,24.708531509568786,60.263958338832865,nan,nan,nan
354.12,229.6258087158203,-204.8172607421875,-52.837921142578125,230.14250300781714,-205.39103101905158,-52.83545269272037,0.7721343246090593,0.31342419936272037,0.08213881267964324,3.622554623173454e-05,24.72321253394982,59.253542749192675,nan,1.0857375652376842,nan
354.13,229.6266326904297,-204.80856323242188,-52.83852005004883,230.1438918571641,-205.38244655085853,-52.83607771758563,0.7725963200394602,0.3134693374735701,0.08216224548013769,3.694703182277312e-05,24.602819747691573,59.908656309768936,nan,nan,nan
354.14,229.62745666503906,-204.79986572265625,-52.83910369873047,230.14524398395284,-205.37387474729172,-52.83784559901952,0.7730405233917335,0.313514559482625,0.0821857428979524,3.616859228752225e-05,24.373152351504682,58.81290620060521,nan,0.8790690471018854,nan
354.15000000000003,229.6282501220703,-204.79116821289062,-52.83967971801758,230.1749645666763,-205.38371775023143,-52.83861750800642,0.806233692197078,0.3134528414102159,0.0821739284968118,3.686615561149286e-05,25.034824835514154,60.685017755860756,10.692131045448889,nan,nan
354.16,229.6290283203125,-204.782470703125,-52.840240478515625,230.17635093101526,-205.37516664268097,-52.83880970300145,0.8067543393569019,0.31349787761447273,0.0821974044184076,3.609233657947267e-05,24.949272145831877,60.66921132479023,nan,0.11429973030077147,nan
354.17,229.62979125976562,-204.77377319335938,-52.84079360961914,230.1777149121008,-205.36661983429127,-52.83940266003307,0.8072728183169012,0.31354299837505484,0.08222094537756061,3.681108160919662e-05,24.833922267961924,60.465534897799614,nan,nan,nan
354.18,229.63055419921875,-204.7650604248047,-52.84133529663086,230.17905496579107,-205.35807826616,-52.84052244497254,0.8077895219820223,0.31358820304414564,0.0822445511740265,3.6040780323615044e-05,24.692279431447677,58.51645844588215,nan,0.19163784273794518,nan
354.19,229.63128662109375,-204.75636291503906,-52.841861724853516,230.18038827457832,-205.3495307452627,-52.84110097994684,0.8083076638288997,0.3136334925272531,0.08226822228633654,3.6758722552549025e-05,24.579363646216574,60.37637836576308,nan,nan,nan
354.2,229.6320037841797,-204.74766540527344,-52.84238052368164,230.17382853924914,-205.33687408282577,-52.84223667371454,0.8004629607932279,0.3135717604181798,0.08225633691606159,3.5969929596318156e-05,24.45125308882541,59.84226890896622,1.381266261702065,0.3313732690970631,nan
354.21,229.63272094726562,-204.7389678955078,-52.842891693115234,230.17511985809196,-205.32831942595072,-52.842800216672,0.8009568111133939,0.31361686382810117,0.08227998585931551,3.6686247627374166e-05,24.342482752348317,58.81848516856402,nan,nan,nan
354.22,229.63351440429688,-204.7302703857422,-52.8434944152832,230.17645175042378,-205.3197630962048,-52.84325363411774,0.8014254023198074,0.3136620511483772,0.08230369985428271,3.592346980720293e-05,24.238653935272392,59.633056907135106,nan,0.015581538401142403,nan
354.23,229.6343994140625,-204.7215576171875,-52.84418487548828,230.17787180962534,-205.3112081428296,-52.843951650719106,0.801904010167435,0.31370732316960015,0.0823274793372727,3.663913317939385e-05,24.136020288764456,58.615128706705654,nan,nan,nan
354.24,229.6353759765625,-204.71286010742188,-52.844970703125,230.179376979871,-205.3026557846681,-52.84503256392858,0.8023690150583745,0.31375267941620427,0.082351324170329,3.5879434390013245e-05,24.0304952220122,59.185757853644155,nan,0.056567655160577025,nan
354.25,229.63644409179688,-204.70416259765625,-52.845848083496094,230.16449986294393,-205.28494588234506,-52.84593016879039,0.7849535833115371,0.3136909331069931,0.08233936498359946,3.657189003741972e-05,23.7868355138839,58.19495383006736,2.651614615235232,nan,nan
354.26,229.63758850097656,-204.69546508789062,-52.8468132019043,230.1662044594439,-205.27634280632748,-52.84357993661048,0.7854070341722146,0.3137361030649237,0.0823631869805884,3.5816052257527025e-05,23.97450845783168,59.06628629791994,nan,7.453155075666241,nan
354.27,229.6388397216797,-204.68675231933594,-52.847862243652344,230.16795064829543,-205.26777030638848,-52.84461260551053,0.785844026566861,0.3137813576166939,0.08238707463636778,3.652970780674349e-05,23.871580203988632,56.968543174859064,nan,nan,nan
354.28000000000003,229.64015197753906,-204.6780548095703,-52.849002838134766,230.16977856619425,-205.25920021351882,-52.846022551295384,0.7862844180388278,0.31382669638473487,0.08241102785026724,3.5776679380786374e-05,23.72720504111572,59.0274402320178,nan,0.05634392516100759,nan
354.29,229.6415557861328,-204.6693572998047,-52.85022735595703,230.17169461858106,-205.25062727327807,-52.8472339929299,0.7867216305362063,0.31387212001279996,0.08243504700354277,3.648986822959194e-05,23.621828377369283,58.5795946444489,nan,nan,nan
354.3,229.64305114746094,-204.66064453125,-52.851539611816406,230.17127727885028,-205.23907418751685,-52.84887632985403,0.7833331387106958,0.31381035804373697,0.08242301056288218,3.57179283017203e-05,23.267594928508558,56.86826671628188,0.9231562486052888,0.14239746460347563,nan
354.31,229.64462280273438,-204.65194702148438,-52.85293197631836,230.17335791172835,-205.23049281561904,-52.850262162471665,0.783762195630637,0.3138555951132294,0.08244700617739263,3.64298208360112e-05,23.162971744943288,58.19368578376638,nan,nan,nan
354.32,229.64627075195312,-204.64324951171875,-52.85441207885742,230.17550006619172,-205.22192550246498,-52.853409277109684,0.7841878441591215,0.3139009163830195,0.08247106755282277,3.568292535106564e-05,22.893917400367428,58.03284592816572,nan,1.9084977679796868,nan
354.33,229.64801025390625,-204.63455200195312,-52.85597229003906,230.17774271008113,-205.2133443935356,-52.85497967585082,0.784613339780666,0.3139463224139439,0.0824951950377047,3.6394467218747216e-05,22.79245485785447,57.33612953357344,nan,nan,nan
354.34000000000003,229.6498260498047,-204.62583923339844,-52.85761260986328,230.18007086923106,-205.20475931458037,-52.856124235448895,0.7850542937801183,0.3139918129528101,0.08251938857974618,3.5649996676266783e-05,22.72950678440896,56.5083014112795,nan,0.17573536023460973,nan
354.35,229.65171813964844,-204.6171417236328,-52.85933303833008,230.16838739697556,-205.1855934466756,-52.857840038330096,0.7681710173823741,0.31393003488504984,0.08250727192408128,3.633886013860144e-05,22.142995079025727,57.05631077554679,3.1340687994836864,nan,nan
354.36,229.6536865234375,-204.6084442138672,-52.86113357543945,230.17083631288205,-205.17699760679454,-52.86078960313389,0.7685681385854432,0.3139753386323017,0.08253144122598231,3.559759056674905e-05,21.985386578007216,56.921843534726996,nan,0.885889753100532,nan
354.37,229.65573120117188,-204.59974670410156,-52.863014221191406,230.17337454116276,-205.16839326106816,-52.86269060796771,0.7689692054382948,0.31402072704628914,0.08255567680571453,3.63076942709422e-05,21.88582540221102,56.74441871918663,nan,nan,nan
354.38,229.65785217285156,-204.59103393554688,-52.86494827270508,230.17598663804583,-205.15979100587373,-52.864875094217055,0.769381527217819,0.3140661999434652,0.08257997863952438,3.5568616215464196e-05,21.786529487233068,55.5841650137628,nan,0.03206735706610956,nan
354.39,229.66001892089844,-204.58233642578125,-52.866886138916016,230.17866764931938,-205.15118755458911,-52.86687628306622,0.7697974476027959,0.3141117577802427,0.08260434703371955,3.627851326577178e-05,21.68688941690952,57.22428621905641,nan,nan,nan
354.40000000000003,229.66221618652344,-204.57363891601562,-52.868812561035156,230.20415390359454,-205.15922220694367,-52.86761110692965,0.7978757568007235,0.3140499623357311,0.08259214678956461,3.55201084178268e-05,22.471514591008994,56.523149434193336,7.601112609985031,1.087592581169508,nan
354.41,229.6643829345703,-204.56494140625,-52.87070846557617,230.2068916699449,-205.1506561476781,-52.86957649866495,0.7983600488708041,0.31409533310791937,0.082616490211819,3.622896079389452e-05,22.36605156196596,57.253254018463636,nan,nan,nan
354.42,229.66651916503906,-204.55624389648438,-52.87257385253906,230.20961903831287,-205.14207999513567,-52.870034019975954,0.7988540902958716,0.3141407883330169,0.08264090008013514,3.549481240403189e-05,22.41229313299951,57.21614467972244,nan,1.5019886595208085,nan
354.43,229.66860961914062,-204.54754638671875,-52.87440490722656,230.2122993585586,-205.13351414016978,-52.87192418811741,0.7993515464425689,0.3141863284095237,0.08266537667611817,3.620354715990534e-05,22.300061846904317,57.6318247500202,nan,nan,nan
354.44,229.67066955566406,-204.53884887695312,-52.87620162963867,230.21494232167817,-205.12494841381582,-52.87378062761736,0.7998445925216284,0.31423195335505477,0.08268992007587744,3.692662974288868e-05,22.18924916168184,56.999433766248316,nan,nan,nan
354.45,229.67269897460938,-204.5301513671875,-52.87796401977539,230.2131663196319,-205.1180387995903,-52.875671414176175,0.7985748808053579,0.31417013989403264,0.08267763319711283,3.764015364379075e-05,22.623131143362528,56.101841092558175,1.6362366314810475,nan,nan
354.46,229.6746826171875,-204.5214385986328,-52.87969207763672,230.21571585118556,-205.10948480404474,-52.87772044708143,0.7990739560996953,0.3142155774036649,0.08270215082294785,3.68207438817937e-05,22.492543032917755,55.353445335949615,nan,0.04277298228268657,nan
354.47,229.67662048339844,-204.5127410888672,-52.88138198852539,230.21822824254002,-205.10092941078167,-52.87947936613922,0.7995674372877454,0.3142610996884662,0.0827267353466159,3.7555573964633615e-05,22.384838878301768,56.66688376718725,nan,nan,nan
354.48,229.67852783203125,-204.50404357910156,-52.88304138183594,230.22071165843943,-205.09236661548286,-52.87994786177838,0.8000605393480344,0.3143067066830778,0.08275138679293628,3.6741255797796064e-05,22.451412830613396,56.11204056925511,nan,1.011178616633202,nan
354.49,229.68040466308594,-204.49534606933594,-52.884666442871094,230.22314685247645,-205.08381144320578,-52.88162897043174,0.8005434445593761,0.3143523987299406,0.08277610542083735,3.747438433943831e-05,22.340546307279098,55.63447904556448,nan,nan,nan
354.5,229.68223571777344,-204.4866485595703,-52.886260986328125,230.1956398283353,-205.0589202811483,-52.88056577112744,0.7688375247968899,0.31429056608939604,0.08276372858141626,3.6642231673644765e-05,22.646404468925475,55.353907621718065,8.606802609755968,4.657468385034262,nan
354.51,229.68402099609375,-204.4779510498047,-52.887821197509766,230.1979530540173,-205.0503361220975,-52.88215734981213,0.7692742750904289,0.3143360705457748,0.08278842074311155,3.737284659348383e-05,22.52249265235185,55.84381840579511,nan,nan,nan
354.52,229.68577575683594,-204.46925354003906,-52.88935089111328,230.20021820634125,-205.04176138605817,-52.88541377490897,0.7696958935128,0.31438165967192494,0.0828131800101928,3.65691856289452e-05,21.991738051795505,54.99972234779816,nan,1.8553110957385786,nan
354.53000000000003,229.6875,-204.46055603027344,-52.89085388183594,230.20246005604483,-205.03317740039762,-52.88696185513867,0.7701261200065866,0.3144273337683198,0.08283800662188429,3.7298321542071575e-05,21.87849786631679,54.461058498308745,nan,nan,nan
354.54,229.68919372558594,-204.4518585205078,-52.8923225402832,230.20467315397832,-205.02458896664297,-52.88760650304508,0.7705591775023775,0.3144730928326739,0.08286290063226916,3.649921509643159e-05,21.986943375618683,54.51783390272384,nan,0.49518927572251487,nan
354.55,229.6908416748047,-204.4431610107422,-52.89376449584961,230.20994036545017,-205.02498924190365,-52.8892039513664,0.7797488953325387,0.3144112402435881,0.08285043073425659,3.720354875116286e-05,22.87909530101447,54.98183818753103,5.29711711643233,nan,nan
354.56,229.69247436523438,-204.43446350097656,-52.89517593383789,230.21206739899654,-205.01643977737035,-52.89190037314876,0.7801820533165169,0.3144568114556609,0.08287529751341603,3.640981817343203e-05,22.521092614051817,53.72862017134185,nan,1.0028754667022952,nan
354.57,229.69406127929688,-204.42576599121094,-52.89655685424805,230.21416956109832,-205.00788408091074,-52.89334095816793,0.7806307943847688,0.31450246755854055,0.08290023179817121,3.713537862600211e-05,22.410881105302533,54.44814561170184,nan,nan,nan
354.58,229.69561767578125,-204.4170684814453,-52.89791488647461,230.21623411533582,-204.9993329126575,-52.89569030802776,0.7810750884125081,0.3145482085834336,0.08292523365910463,3.634586527622119e-05,22.175044277082186,53.92112965440427,nan,0.5721292735299216,nan
354.59000000000003,229.6971435546875,-204.4083709716797,-52.89924240112305,230.21827263053166,-204.99077729727233,-52.89708712343742,0.7815224161867733,0.3145940347805226,0.08295030331092551,3.70702377557323e-05,22.071189097789073,53.918950138165556,nan,nan,nan
354.6,229.69863891601562,-204.39967346191406,-52.90054702758789,230.19284964834088,-204.9698815512909,-52.89743291846571,0.7545801553260513,0.3145321611534857,0.08293773706752151,3.626254520152196e-05,22.258133164598757,52.76415513472837,7.066548687457805,0.7121742089387864,nan
354.61,229.70010375976562,-204.39097595214844,-52.90182113647461,230.1947802845305,-204.96130826236615,-52.89876876739868,0.7549788905583432,0.3145777992151248,0.08296277870025404,3.698491274056418e-05,22.15013722048123,52.87735874093536,nan,nan,nan
354.62,229.7015380859375,-204.38229370117188,-52.903072357177734,230.1966774716724,-204.95273821605355,-52.90086158689667,0.7553640469136343,0.3146235221491102,0.0829878880821818,3.6204311773824444e-05,21.939087013267578,53.59199944204246,nan,0.40259418681628917,nan
354.63,229.7029571533203,-204.37359619140625,-52.904300689697266,230.19854977070236,-204.94416463130094,-52.90215635261444,0.7557545799986698,0.31466933017936904,0.08301306541434712,3.6925671800525274e-05,21.837699110985053,51.75037424011812,nan,nan,nan
354.64,229.70433044433594,-204.36489868164062,-52.90550231933594,230.20039707762737,-204.93558807648108,-52.90269485441703,0.7561589594177512,0.31471522337661323,0.08303831078767528,3.6148803740228235e-05,21.839640870754216,52.72908516613727,nan,0.35475202866287686,nan
354.65000000000003,229.7056884765625,-204.35618591308594,-52.906681060791016,230.1885797896519,-204.9227998048199,-52.90388492208263,0.7444750774571219,0.31465332783847716,0.0830256450595811,3.6846279980972054e-05,22.087824715500325,50.541837600060276,2.2726485699384864,nan,nan
354.66,229.70701599121094,-204.3474884033203,-52.907833099365234,230.19033644387423,-204.9142295909913,-52.90657239147162,0.7448461741526083,0.31469903262589183,0.08305086161901118,3.607394218025532e-05,21.829292205225276,51.52138297620782,nan,1.435446162178624,nan
354.67,229.70831298828125,-204.3387908935547,-52.908966064453125,230.1920728082692,-204.90565368322072,-52.90778184187305,0.745223716829945,0.3147448224352534,0.08307614628571479,3.679262418651577e-05,21.73313279566201,51.449769415562436,nan,nan,nan
354.68,229.70957946777344,-204.33009338378906,-52.910072326660156,230.1937827888161,-204.897077883916,-52.90901584938578,0.7456040474924849,0.3147906973574659,0.08310149916181078,3.602371857360778e-05,21.635901868929285,51.74069561127326,nan,0.0014355980227202362,nan
354.69,229.71083068847656,-204.32139587402344,-52.91115951538086,230.19546721087264,-204.88850176091412,-52.910182387975055,0.7459776139832879,0.3148366575861084,0.083126920431674,3.674162576479726e-05,21.541813446252583,50.98902194053586,nan,nan,nan
354.7,229.71205139160156,-204.3126983642578,-52.91222381591797,230.17001473597242,-204.87443259423904,-52.91002990432577,0.7247624322272868,0.3112818967740458,0.07850258388492869,3.595323868580485e-05,32.21144276621778,59.43751261675145,19.129927462901314,1.3207085254776239,0.03165091023723776
354.71,229.7132568359375,-204.3040008544922,-52.91326904296875,230.17160682381012,-204.86588195908806,-52.91114308156487,0.7251204084816526,0.3113305052554594,0.07851971001684689,3.6669526775954906e-05,32.076811220653326,58.80664433287713,nan,nan,nan
354.72,229.7144317626953,-204.29530334472656,-52.91429138183594,230.17319072091433,-204.85735188050657,-52.912585316164844,0.7255075802351945,0.31137919459983293,0.07853689189764794,3.5908034512389666e-05,31.910383954291287,59.10588358402872,nan,0.08167468395890666,nan
354.73,229.71559143066406,-204.28660583496094,-52.9152946472168,230.17473521810714,-204.8488009041897,-52.91366217704714,0.7258642974906205,0.31142797106947306,0.07855414014038843,3.6623692842580133e-05,31.77895838459031,58.555426944714426,nan,nan,nan
354.74,229.71670532226562,-204.2779083251953,-52.91627883911133,230.1763312412918,-204.84034725919923,-52.916395690193966,0.7263563544007109,0.3114768287751689,0.07857144462474243,3.586520097885311e-05,31.58186529749238,59.43611470664443,nan,1.8869074478365,nan
354.75,229.7178192138672,-204.2692108154297,-52.917240142822266,230.1692919888525,-204.82241684089183,-52.91746221649382,0.7140480533390484,0.31141591721267,0.07856092120018962,3.65576725556628e-05,30.548670550385534,58.07758729370236,5.459897881098273,nan,nan
354.76,229.71890258789062,-204.26051330566406,-52.918182373046875,230.17085094189204,-204.81395754978328,-52.920643355872784,0.7145375444787724,0.31146457168327785,0.07857823321585865,3.5802965015595984e-05,30.59308951521034,58.548454675791376,nan,3.0997781396627975,nan
354.77,229.719970703125,-204.25181579589844,-52.91910934448242,230.17229337485728,-204.8053758551124,-52.92168330358255,0.7148644373483976,0.31151331305569835,0.07859561141081847,3.651665907328433e-05,30.482975922643853,57.994897766372056,nan,nan,nan
354.78000000000003,229.72100830078125,-204.2431182861328,-52.920013427734375,230.17374363460968,-204.79683150704477,-52.92337903472382,0.7152474682372822,0.31156213577668385,0.07861304648719922,3.576468800753086e-05,30.495454088533805,58.67612124000811,nan,0.3063896752265386,nan
354.79,229.72203063964844,-204.2344207763672,-52.920902252197266,230.17514362576222,-204.7882493810873,-52.92439073528244,0.7155764606982301,0.31161104560482394,0.07863054783809012,3.647793458629466e-05,30.390455534572496,58.18426818617029,nan,nan,nan
354.8,229.7230224609375,-204.2257080078125,-52.921775817871094,230.17394417904066,-204.7842523318151,-52.926699769660836,0.7178623844678499,0.31155003030129597,0.07862005812076235,3.570697691384625e-05,31.699448564640793,57.878370898571525,4.907819260394093,1.2767841797151083,nan
354.81,229.72401428222656,-204.21701049804688,-52.92262649536133,230.17529588349356,-204.7756940433455,-52.9276903790749,0.7181977654851224,0.31159873651129083,0.07863756634543696,3.641894424691077e-05,31.605234537347044,58.001657372349065,nan,nan,nan
354.82,229.72496032714844,-204.20831298828125,-52.9234619140625,230.17662020955277,-204.76712564279026,-52.92848283460346,0.7185356232337954,0.3116475241796153,0.07865513206710263,3.567296811353282e-05,31.486628353099878,59.07185021149716,nan,0.022506664718430727,nan
354.83,229.7259063720703,-204.19961547851562,-52.92428207397461,230.17793290954097,-204.75856676126102,-52.92943973792819,0.7188749046655444,0.3116963987332592,0.07867276390719698,3.6384600658678275e-05,31.391883677155604,58.00792459650107,nan,nan,nan
354.84000000000003,229.72683715820312,-204.19091796875,-52.925086975097656,230.17915728375857,-204.7499204009714,-52.9287213092836,0.7190899968689005,0.311745355116056,0.07869045371313806,3.564098488045372e-05,30.912870861674694,57.33660139300099,nan,1.8747990707102,nan
354.85,229.7277374267578,-204.18222045898438,-52.925872802734375,230.16886208074152,-204.72784473340343,-52.929561047979604,0.7016483537645861,0.31168424147961254,0.07868000299332424,3.632994614812934e-05,29.449621559978567,57.540819222652644,11.4645850981558,nan,nan
354.86,229.72862243652344,-204.1735076904297,-52.92664337158203,230.17006383606352,-204.71919066543288,-52.92948162718692,0.7018892178478849,0.31173299402475163,0.0786976993906371,3.5589469108778015e-05,29.18455169331903,56.21225683596335,nan,0.6464985262733213,nan
354.87,229.7294921875,-204.16481018066406,-52.92740249633789,230.1712877744189,-204.71058636584783,-52.93035153280247,0.7021849341525491,0.3117818332353008,0.07871546176746108,3.629969023317688e-05,29.07876362174198,56.79121409366899,nan,nan,nan
354.88,229.7303466796875,-204.15611267089844,-52.92814254760742,230.17249154108436,-204.7019786199851,-52.931143747918696,0.7024747113136879,0.31183075437948926,0.07873328269152652,3.556134547097212e-05,28.974002343437096,56.76235564186771,nan,0.0027577348829131666,nan
354.89,229.73117065429688,-204.1474151611328,-52.92886734008789,230.17368075792578,-204.69337388109432,-52.93198487249381,0.70277722979901,0.3118797623978211,0.07875116971441194,3.627137143560256e-05,28.869525784590444,57.33509255400492,nan,nan,nan
354.90000000000003,229.73199462890625,-204.13870239257812,-52.92958068847656,230.17617257297212,-204.6868408828483,-52.934444664535214,0.7055306575715441,0.31181854534406805,0.07874074641276306,3.551363445602556e-05,29.44478795082285,55.87627493716642,0.31320603707047306,1.7826739556648141,nan
354.91,229.73280334472656,-204.1300048828125,-52.93027877807617,230.17732996205646,-204.6782427298024,-52.93527533403611,0.7058283190396591,0.31186734914126063,0.0787586393513677,3.6222625444971835e-05,29.351174932832752,56.73331543078286,nan,nan,nan
354.92,229.73358154296875,-204.12130737304688,-52.93096160888672,230.17848011608788,-204.66965530516578,-52.93631855512794,0.7061507572010005,0.31191623497185084,0.07877659139429909,3.5489099453364854e-05,29.353134908792182,57.46714061722046,nan,0.0348898362572444,nan
354.93,229.73434448242188,-204.1125946044922,-52.93163299560547,230.17960558219286,-204.6610569298484,-52.93712577144445,0.7064690650628876,0.3119652074613845,0.07879460942407301,3.619798177797908e-05,29.26363805612828,56.33279379283525,nan,nan,nan
354.94,229.735107421875,-204.10389709472656,-52.932289123535156,230.18077533201892,-204.65253118584235,-52.93947195498815,0.7068739952312442,0.31201426235035634,0.07881268700273368,3.5466263969661e-05,29.76950596403308,57.164276467538656,nan,1.6540705007347756,nan
354.95,229.73583984375,-204.09519958496094,-52.93292999267578,230.20082356953486,-204.64815308975588,-52.94028931251399,0.7225106250417794,0.31195294647309546,0.07880229452311625,3.615284736903717e-05,28.965595671593633,58.561922660455714,5.385171771307553,nan,nan
354.96,229.736572265625,-204.08648681640625,-52.933563232421875,230.2019536294708,-204.63956589497337,-52.941495483057885,0.7228687305201368,0.3120017969128571,0.07882037766369147,3.542371624859774e-05,29.131380575134088,56.83507261442717,nan,0.12112430485117312,nan
354.97,229.73727416992188,-204.07778930664062,-52.934181213378906,230.20305306312633,-204.63095920541804,-52.94227484825879,0.7231959770309506,0.31205073380001974,0.07883852669607626,3.6131607177661905e-05,29.052462931867687,58.58180923045254,nan,nan,nan
354.98,229.73797607421875,-204.069091796875,-52.93478775024414,230.2041243615316,-204.62233581526488,-52.94267581600866,0.7234883490633306,0.312099753178597,0.07885673580063136,3.540409031196764e-05,28.88274897000898,57.669006585461695,nan,0.09293346853598021,nan
354.99,229.73866271972656,-204.0603790283203,-52.93537902832031,230.20519528444572,-204.61372869797634,-52.94342909594474,0.7238185507712765,0.3121488592188855,0.07887501094041409,3.6111976645623234e-05,28.80840682279595,56.838869421837515,nan,nan,nan
355.0,229.73931884765625,-204.0516815185547,-52.93596267700195,230.21802948753182,-204.61480924609162,-52.94514566812413,0.7391623918848582,0.31208744021441254,0.0788646392766753,3.536468481066602e-05,30.00600777415787,59.311024035350066,3.8744700979029627,0.6745207510388052,nan
355.01,229.73997497558594,-204.04298400878906,-52.93653106689453,230.2190906456562,-204.60622816759738,-52.94588701451976,0.7395156127456174,0.3121363414240451,0.0788829192855468,3.607171904475293e-05,29.935397882218183,58.70736469681144,nan,nan,nan
355.02,229.74061584472656,-204.03427124023438,-52.93709182739258,230.2201454008179,-204.59765505360207,-52.94680867260792,0.7398948123962057,0.3121853252109793,0.078901259866238,3.534802007920113e-05,30.069789931913032,57.85969171104956,nan,0.025164057826122133,nan
355.03000000000003,229.7412567138672,-204.02557373046875,-52.93763732910156,230.22118029582796,-204.58907357537734,-52.94753123230614,0.7402409128484386,0.3122343954549368,0.078919666413292,3.6055114598032594e-05,30.002580207062017,58.23137178503994,nan,nan,nan
355.04,229.7418670654297,-204.01686096191406,-52.938175201416016,230.2221357906282,-204.58041323283626,-52.94635454118569,0.740483701417141,0.3122835486357268,0.07893813395296563,3.5332754922110386e-05,29.071426730512236,57.12134522587148,nan,2.472226184007541,nan
355.05,229.7424774169922,-204.00816345214844,-52.93870162963867,230.21209655114663,-204.56333592510856,-52.94711761623555,0.7272065970046102,0.3122220303363964,0.07892778488522335,3.601781085106199e-05,28.55992564795822,57.123257051382055,3.076968142656236,nan,nan
355.06,229.74307250976562,-203.99945068359375,-52.93921661376953,230.21312809810678,-204.55479109703663,-52.94926952604937,0.7276374729073266,0.3122709784485032,0.07894625687121859,3.529757299102707e-05,29.348012122819895,57.15906808529744,nan,1.511355978743058,nan
355.07,229.74374389648438,-203.99075317382812,-52.93982696533203,230.21414862232874,-204.54618643837625,-52.95000268716015,0.7279356171929098,0.3123200128177446,0.07896479477076232,3.6003986704539025e-05,29.253229739303997,58.682220124200825,nan,nan,nan
355.08,229.74452209472656,-203.98204040527344,-52.94052505493164,230.21516899241345,-204.53747477957626,-52.94812216723989,0.7280615101589175,0.3123691302002959,0.07898339413015291,3.528492606146463e-05,27.909264883139826,55.83233308968566,nan,5.090647418864734,nan
355.09000000000003,229.74539184570312,-203.9733428955078,-52.94131851196289,230.21637217278828,-204.52886949276797,-52.94901464031931,0.7283484737104672,0.31241833406130975,0.07900205956976467,3.599147504345598e-05,27.813421604854817,56.45300031973173,nan,nan,nan
355.1,229.74635314941406,-203.96463012695312,-52.94219970703125,230.19700218457353,-204.500701769888,-52.949250929724606,0.7003621056214611,0.31235671288528466,0.07899172442778132,3.525229070788483e-05,26.012986697426996,54.58329430032373,17.185863459804533,0.3923228869976025,nan
355.11,229.7473907470703,-203.9559326171875,-52.943172454833984,230.19835412358645,-204.49203994308988,-52.950317564974114,0.7005926665644978,0.3124057112999177,0.07901039360383721,3.595812048110434e-05,25.915864629071347,55.93013031819056,nan,nan,nan
355.12,229.74851989746094,-203.9472198486328,-52.94422912597656,230.19975487003646,-204.4833335098138,-52.9502842652042,0.7007621014946391,0.3124547927974288,0.07902912468459183,3.524203963944103e-05,25.43291344526109,54.416728143053746,nan,0.9848829306610788,nan
355.13,229.74974060058594,-203.9385223388672,-52.945377349853516,230.20128099473507,-204.4746713530092,-52.951517042294476,0.7009865824229994,0.31250396058168756,0.07904792181724853,3.594805207967205e-05,25.336068087827222,54.86103826736327,nan,nan,nan
355.14,229.75103759765625,-203.9298095703125,-52.94660949707031,230.20291572284282,-204.4660354263798,-52.95355994182174,0.701270502316665,0.31255321180080053,0.07906678125293377,3.523291892978565e-05,25.555521365772414,54.59447271741163,nan,0.3636945980827517,nan
355.15000000000003,229.75242614746094,-203.92111206054688,-52.94792556762695,230.2032578106293,-204.4639863053143,-52.955139785953406,0.7057008424913724,0.31249149088757844,0.07905646044687792,3.591706721383209e-05,26.671961693823054,55.24298679939757,7.13791847876566,nan,nan
355.16,229.75389099121094,-203.9123992919922,-52.94932556152344,230.20504375637222,-204.455366516592,-52.95701945439997,0.7059825922003199,0.3125405364115851,0.0790753231304154,3.52036707912638e-05,26.80256946210684,54.72827630952193,nan,0.09920570479743673,nan
355.17,229.7554473876953,-203.90370178222656,-52.950809478759766,230.20690072605927,-204.44673355729444,-52.95861044117703,0.7062255167210876,0.31258966803605803,0.07909425185217993,3.590922463097121e-05,26.712574073308726,55.12925641128981,nan,nan,nan
355.18,229.757080078125,-203.89498901367188,-52.95237350463867,230.20883959623566,-204.43810075546784,-52.9602852199787,0.7064839853244025,0.3126388844996712,0.07911324497519094,3.662911157724848e-05,26.625935683054294,54.389145581448396,nan,nan,nan
355.19,229.7587890625,-203.88629150390625,-52.95402145385742,230.21085956566,-204.42946809075278,-52.96204269565308,0.7067339560580946,0.31268818594692477,0.07913230264394865,3.7363476130295605e-05,26.535990921799108,55.34501495015718,nan,nan,nan
355.2,229.76058959960938,-203.87757873535156,-52.95574951171875,230.2149154833229,-204.41068936904261,-52.96054752353096,0.7004584051061838,0.31262636225959534,0.0791219884830944,3.6541252856788196e-05,23.77613663787153,52.76299423190082,13.203401432038115,7.031296917082448,nan
355.21,229.76243591308594,-203.86888122558594,-52.957557678222656,230.21709336804392,-204.40201271674556,-52.96243414393649,0.700689922956517,0.3126754576389376,0.07914104867204329,3.727320675193639e-05,23.680692593813806,54.212727690275706,nan,nan,nan
355.22,229.76429748535156,-203.86016845703125,-52.959442138671875,230.21933754554533,-204.39337147046558,-52.965491229213356,0.7010017841724638,0.31272463646831,0.07916017185354324,3.647873500993186e-05,23.943723460544533,53.31160114867912,nan,0.7717449023658894,nan
355.23,229.76614379882812,-203.85147094726562,-52.96138000488281,230.22154840487232,-204.3846951771468,-52.96753532340027,0.7012555329440829,0.3127739015459926,0.07917936138889523,3.720930149227587e-05,23.854143395176006,54.27798354823478,nan,nan,nan
355.24,229.76797485351562,-203.84275817871094,-52.96332550048828,230.22375156588407,-204.37603152112084,-52.9700063563436,0.701539381002503,0.31282325042561,0.07919861430481358,3.6418610919004745e-05,23.95961337836313,52.846115904470295,nan,0.1021105944164136,nan
355.25,229.76976013183594,-203.8340606689453,-52.96525192260742,230.2309963542572,-204.37279564133857,-52.97210144313815,0.7092398319923251,0.3127613266992926,0.07918830632912631,3.712435516144728e-05,24.377646701115868,54.724500226601975,1.3891956506394232,nan,nan
355.26,229.77151489257812,-203.82534790039062,-52.96715545654297,230.23305685573948,-204.36405072935858,-52.97135083708978,0.7093936304442312,0.31281046925874095,0.0792075612242117,3.63383126694181e-05,23.496292147134444,52.52687857929232,nan,5.150481781856473,nan
355.27,229.77325439453125,-203.816650390625,-52.969024658203125,230.23516295566083,-204.3553912939244,-52.97335020255116,0.7096618843270147,0.31285969787932344,0.07922688247452853,3.706544117476048e-05,23.414155686055373,52.61697570550316,nan,nan,nan
355.28000000000003,229.7749481201172,-203.80795288085938,-52.970863342285156,230.2371395561008,-204.3466290460114,-52.97182067503475,0.709784369287941,0.31290901035743,0.07924626749001086,3.6282932089651247e-05,22.83175011803367,52.406894663502946,nan,8.02225240945177,nan
355.29,229.77659606933594,-203.7992401123047,-52.97266387939453,230.23917854647922,-204.33796985013115,-52.97371940185239,0.7100798495283764,0.3129584091271501,0.07926571906024178,3.7008924619540026e-05,22.735433247579888,52.02445703098436,nan,nan,nan
355.3,229.77822875976562,-203.79054260253906,-52.97442626953125,230.2292586928825,-204.32161364114023,-52.97398645874779,0.6967529275445199,0.3128963828306405,0.07925541040132641,3.62074914844869e-05,22.36497715941151,51.93717081035976,3.082875888639248,2.045370240558673,nan
355.31,229.77981567382812,-203.78184509277344,-52.976158142089844,230.23121348207323,-204.3129378064725,-52.97580274757706,0.6970075882929598,0.312945574905256,0.07927486319512315,3.6931515853538565e-05,22.26083148237074,52.26461667983858,nan,nan,nan
355.32,229.78138732910156,-203.77313232421875,-52.97785568237305,230.23318408079598,-204.30431265505104,-52.9794134927457,0.6973344072092524,0.31299485088354845,0.07929438011690189,3.615667575157992e-05,22.22599066952906,50.4461498019649,nan,2.207964903750598,nan
355.33,229.7829132080078,-203.76443481445312,-52.97951889038086,230.2350754369485,-204.29563704695855,-52.98118126630778,0.6975881711963603,0.3130442129785022,0.07931396361893032,3.687972306041804e-05,22.132707340211137,52.03006735589021,nan,nan,nan
355.34000000000003,229.78440856933594,-203.7557373046875,-52.98114776611328,230.2369004764947,-204.28692422369548,-52.98152379885602,0.6977883707614966,0.3130936593183003,0.07933361161480486,3.61080509425863e-05,21.961063940262555,51.88102645597589,nan,1.2851217056631035,nan
355.35,229.785888671875,-203.7470245361328,-52.98274612426758,230.24584584156622,-204.28054957158673,-52.98329455397112,0.7044216508467112,0.3130315325778707,0.0793233008002747,3.680712660704897e-05,21.775594388049527,50.27891781685049,0.7897316778983926,nan,nan
355.36,229.78732299804688,-203.7383270263672,-52.984310150146484,230.24769484056944,-204.27191185894912,-52.986393953898606,0.704740625469534,0.31308077195713213,0.07934294941688452,3.6039458794283386e-05,21.7881008253989,52.15652044270206,nan,1.3779033125035112,nan
355.37,229.7887420654297,-203.72962951660156,-52.985843658447266,230.24947907894875,-204.26323700161987,-52.988037752269896,0.7049967076105629,0.3131300972855045,0.07936266465271131,3.67598574514159e-05,21.70012274919841,51.36902736762781,nan,nan,nan
355.38,229.79013061523438,-203.72093200683594,-52.98734664916992,230.25122088036287,-204.25454781005791,-52.989072319921505,0.7052326112596042,0.31317950689185803,0.0793824447169095,3.599512725864924e-05,21.55376941980202,51.28233383132278,nan,0.22369171499075743,nan
355.39,229.79148864746094,-203.71221923828125,-52.98881912231445,230.25294892337206,-204.24587339945472,-52.99065093311372,0.7055038664050939,0.3132290026880801,0.0794022916204042,3.6714755405719186e-05,21.466664320245535,50.30827796352872,nan,nan,nan
355.40000000000003,229.79281616210938,-203.70352172851562,-52.990264892578125,230.2247528466426,-204.22228865723702,-52.992409334297406,0.6750503865718884,0.3131667735273324,0.0793919725790774,3.5930884436471736e-05,21.327232748426724,50.5650527011226,8.640788269575543,0.015548216364125764,nan
355.41,229.7941131591797,-203.69482421875,-52.99168014526367,230.22637706763044,-204.21358964023318,-52.99393385254356,0.6752590082866309,0.31321606199605434,0.07941181933154962,3.6648907341610454e-05,21.240276558170578,50.69691442628932,nan,nan,nan
355.42,229.79539489746094,-203.6861114501953,-52.993064880371094,230.22799597902855,-204.20491164937502,-52.996341588866976,0.675505795134978,0.313265434767425,0.07943173122830169,3.5890647797305866e-05,21.30641285235692,49.35134137332411,nan,0.5564031533573388,nan
355.43,229.79664611816406,-203.6774139404297,-52.99442672729492,230.22956829637687,-204.19621241390914,-52.99782064261361,0.6757107274080516,0.31331489357190756,0.07945171002278213,3.6608030369794955e-05,21.225596361488844,50.291642102789744,nan,nan,nan
355.44,229.79786682128906,-203.66871643066406,-52.995758056640625,230.23114024210625,-204.18753778797574,-53.00037341160311,0.6759606197780983,0.3133644370106573,0.079471754308982,3.585237142266178e-05,21.40887379071964,50.839685504771936,nan,0.813656005920632,nan
355.45,229.799072265625,-203.66001892089844,-52.99706268310547,230.2241039928874,-204.17171288715366,-53.00188737904493,0.6652112160604048,0.3133021070542615,0.07946142478556155,3.654644380141994e-05,20.99488877093469,50.254233772500214,2.079434553551836,nan,nan
355.46,229.80026245117188,-203.65130615234375,-52.99834442138672,230.22554743612997,-204.1629539523665,-53.00139040504217,0.6653270381664685,0.31335144288828803,0.07948146826146552,3.5794201997356514e-05,20.524930606454234,48.21264194024626,nan,2.4634834616129737,nan
355.47,229.80140686035156,-203.64260864257812,-52.99959945678711,230.2270088117013,-204.15423618264143,-53.00276069091193,0.665514653591578,0.3134008646051087,0.07950157870402601,3.6509578621414575e-05,20.444296939999873,50.146351758749155,nan,nan,nan
355.48,229.8025360107422,-203.6339111328125,-53.00082778930664,230.2284731679753,-204.14554387589854,-53.00533545717163,0.6657408240292519,0.3134503709693033,0.07952175493034211,3.575972811146285e-05,20.64454742152274,50.053975229210636,nan,1.0205658631795393,nan
355.49,229.80364990234375,-203.6251983642578,-53.00203323364258,230.22988869915324,-204.13682597696564,-53.00666978420943,0.6659307948967871,0.3134999634661271,0.07954199836039505,3.647463067940223e-05,20.57433485238502,48.5330762791336,nan,nan,nan
355.5,229.8047332763672,-203.6165008544922,-53.003211975097656,230.21279149302723,-204.1166443306358,-53.008682805893386,0.6455113747273473,0.31343753119416506,0.07953165289138295,3.5705375153350874e-05,20.416118450376317,49.88564348202254,4.319633092889527,0.32950349052715383,nan
355.51,229.80580139160156,-203.60780334472656,-53.00436782836914,230.21413344499499,-204.1079018968518,-53.00997809303133,0.6456509139897828,0.3134869157262331,0.07955189472067374,3.6418964583465865e-05,20.349413583572414,49.49051572390609,nan,nan,nan
355.52,229.80685424804688,-203.59910583496094,-53.0055046081543,230.21541412865034,-204.09912129688695,-53.00926508402458,0.6457172596288326,0.31353638491128455,0.0795722026099627,3.567449796430408e-05,19.789638508251763,48.47641063220861,nan,2.6787597154700347,nan
355.53000000000003,229.80787658691406,-203.59039306640625,-53.006614685058594,230.21671379863957,-204.09037875127407,-53.01049663987714,0.645870436184728,0.31358594008799784,0.07959257778722682,3.638771806324144e-05,19.71719712567774,47.91051502383789,nan,nan,nan
355.54,229.8088836669922,-203.58169555664062,-53.0077018737793,230.2179465420518,-204.08159253310782,-53.00934858929381,0.6459350853646775,0.3136355802409634,0.0796130193568435,3.5645338404417866e-05,19.287755900405806,48.280846586686344,nan,3.7822893994893985,nan
355.55,229.8098602294922,-203.572998046875,-53.00876998901367,230.22811772729028,-204.08693583116795,-53.01040401668881,0.6626266298864786,0.3135730468704736,0.07960265509413605,3.633575285487767e-05,20.490715669563354,48.46023768476153,10.740718840325131,nan,nan
355.56,229.81082153320312,-203.5642852783203,-53.00981903076172,230.22939239082962,-204.07826125349908,-53.01289199374585,0.6628591924508873,0.31362247877104943,0.07962309435219679,3.5596265215323115e-05,20.59332515748816,47.28215501282469,nan,1.235102488560803,nan
355.57,229.811767578125,-203.5555877685547,-53.010841369628906,230.230622282631,-204.06956271277144,-53.01402747695245,0.6630382025564633,0.3136719965278064,0.07964360099034178,3.6307992524816596e-05,20.517119963558176,48.248437292589536,nan,nan,nan
355.58,229.8126983642578,-203.54689025878906,-53.01184844970703,230.23184337841894,-204.06087324499867,-53.01568622600753,0.6632313182713991,0.3137215992563016,0.07966417427713007,3.557040558125185e-05,20.561695065086578,47.92147848948373,nan,0.2014091005528888,nan
355.59000000000003,229.8135986328125,-203.53817749023438,-53.01283264160156,230.23303600115017,-204.0521745384725,-53.0167880216317,0.6634277026072479,0.3137712880986977,0.07968481519490894,3.6281894500510216e-05,20.490551715924255,47.45670148382115,nan,nan,nan
355.6,229.81448364257812,-203.52947998046875,-53.013797760009766,230.2483210699807,-204.03373235086593,-53.02013152330306,0.6652258887204565,0.3137086524798882,0.07967442712856025,3.552461731450775e-05,19.144850145508173,49.59089621831743,22.711227296084335,3.4627874869002038,nan
355.61,229.8153533935547,-203.52076721191406,-53.01474380493164,230.24950863814598,-204.02498046437873,-53.02121856240122,0.6654049164617094,0.3137581327157624,0.07969506492352747,3.6235023488499084e-05,19.08595782422378,48.31691614541184,nan,nan,nan
355.62,229.8162078857422,-203.51206970214844,-53.01567077636719,230.25068303494342,-204.01623236582282,-53.022541202618164,0.6655793337187903,0.3138076979123079,0.07971576961012163,3.550185394611303e-05,19.170719057932452,49.32335989500686,nan,0.04411921539181269,nan
355.63,229.81704711914062,-203.5033721923828,-53.016578674316406,230.25183578625243,-204.00748002482692,-53.02359507259888,0.6657440361168935,0.31385734909521806,0.07973654203146877,3.621210438880554e-05,19.113267515196465,49.181210769340005,nan,nan,nan
355.64,229.81787109375,-203.49465942382812,-53.0174674987793,230.2529587029885,-203.9987160066505,-53.02386318655836,0.6658942642954877,0.3139070855548873,0.07975738166466381,3.5480565956502975e-05,18.821575568977867,47.77449005423871,nan,0.4055637410555971,nan
355.65000000000003,229.8186798095703,-203.4859619140625,-53.018341064453125,230.2760634603887,-204.0054183359471,-53.0247270495305,0.6921528437263885,0.3138443485791158,0.07974696651004899,3.616838711990335e-05,19.3706112303096,48.858204707853865,8.636007924355734,nan,nan
355.66,229.8194580078125,-203.4772491455078,-53.019195556640625,230.27721062285582,-203.99670899093272,-53.026303612354226,0.6924063200490664,0.31389387613555814,0.0797678022626094,3.5439279584869014e-05,19.58366627679184,48.75991812673395,nan,0.23488792895317984,nan
355.67,229.8202362060547,-203.4685516357422,-53.02003479003906,230.2783325282541,-203.98799132145564,-53.02728557087399,0.6926199544695799,0.31394348955540186,0.0797887058592664,3.614843831556147e-05,19.52678292354999,48.878986737316914,nan,nan,nan
355.68,229.82098388671875,-203.45985412597656,-53.02085494995117,230.27768256213827,-203.98314149768728,-53.02737856787311,0.6945832643482339,0.31379708961035385,0.07883779729531525,3.541988091784713e-05,26.750293722454177,56.8525045970459,nan,0.5207094372559975,0.015486724288578961
355.69,229.8217315673828,-203.45114135742188,-53.021663665771484,230.27877018788368,-203.97443088317937,-53.02832044794117,0.694809715782451,0.3138460625227291,0.07885520004631728,3.6128963555568935e-05,26.65623352654316,54.86446355462782,nan,nan,nan
355.7,229.8224639892578,-203.44244384765625,-53.0224494934082,230.2949627510677,-203.96449955261886,-53.02760378842573,0.7041475738458524,0.31378418509053096,0.07884440280222375,3.53814011628993e-05,24.755323664382512,56.23116943789207,11.999616767461639,1.6790638730611105,nan
355.71,229.8231658935547,-203.43373107910156,-53.023223876953125,230.2960507828033,-203.9557615252367,-53.02849882527927,0.7043889055426478,0.31383295320563587,0.07886181175273799,3.6089579863022744e-05,24.65565124428232,55.69195799779742,nan,nan,nan
355.72,229.82386779785156,-203.42503356933594,-53.023983001708984,230.29712706355025,-203.94705402500205,-53.030181180619316,0.7046404090919826,0.31388180519494063,0.0788792797530863,3.5365565798410915e-05,24.850321815240534,56.22788749039524,nan,0.4445043980565094,nan
355.73,229.82455444335938,-203.41632080078125,-53.024723052978516,230.2981866727521,-203.93831595326822,-53.031055173588186,0.7048734096920083,0.31393074123283143,0.07889681113108207,3.607375433324553e-05,24.75775078145365,55.267567539602105,nan,nan,nan
355.74,229.82522583007812,-203.40762329101562,-53.02545166015625,230.29922175361827,-203.92944121313997,-53.028229784462624,0.7049636851338525,0.31397976143684125,0.07891440195800134,3.535097280350486e-05,23.744837407915877,55.23286299791235,nan,9.396818914981317,nan
355.75,229.8258819580078,-203.39891052246094,-53.02616500854492,230.2850428647785,-203.91343796908575,-53.02909122743373,0.6896200362472826,0.31391779405937603,0.07890364579098022,3.603700684218647e-05,23.671605613138283,53.85126360415497,2.2466927195224775,nan,nan
355.76,229.82652282714844,-203.3902130126953,-53.0268669128418,230.28603738504444,-203.9047017660272,-53.03026449430821,0.689828855429493,0.3139666091954143,0.07892124250189471,3.531625684333649e-05,23.641741505599498,54.874128575736975,nan,0.09801701436806927,nan
355.77,229.82716369628906,-203.38150024414062,-53.027549743652344,230.28701791391853,-203.89595187946176,-53.0310523031649,0.690028009923759,0.31401550832025776,0.07893890260081837,3.6023661762783105e-05,23.54014442412586,53.29564263551785,nan,nan,nan
355.78000000000003,229.82777404785156,-203.37278747558594,-53.028221130371094,230.28798868700665,-203.88724576639825,-53.033085817410445,0.6902814732108647,0.3140644915608551,0.07895662259292113,3.5304005211324224e-05,23.75379618319702,54.28327271735362,nan,1.0991771502468923,nan
355.79,229.82838439941406,-203.3640899658203,-53.02888107299805,230.2889441414273,-203.87849537827222,-53.03386060445114,0.6904730263063166,0.3141135590770299,0.07897440616054575,3.6011494912596946e-05,23.654975294993235,54.59096041398922,nan,nan,nan
355.8,229.8289794921875,-203.35537719726562,-53.02952575683594,230.29465215803887,-203.87339726436994,-53.03175040590879,0.6965635439120982,0.3140515016061064,0.07896368368514477,3.5271586932226774e-05,23.26637997435852,53.150720205573684,0.682674138378485,5.5608496070408275,nan
355.81,229.82955932617188,-203.3466796875,-53.03015899658203,230.29559072764994,-203.86465659334442,-53.03247218730857,0.6967716218411197,0.314100363777255,0.07898147257608258,3.5978306093409225e-05,23.15832828542843,54.23289131059173,nan,nan,nan
355.82,229.8301239013672,-203.3379669189453,-53.03077697753906,230.29651643382604,-203.8558942830847,-53.03253525907765,0.6969747774573487,0.31414931001176616,0.07899932178408756,3.5261496636497775e-05,22.983382204684737,53.26350472203038,nan,0.29120976500360723,nan
355.83,229.8306884765625,-203.3292694091797,-53.0313835144043,230.29743180958675,-203.84715328094762,-53.03322752996662,0.6971774838255548,0.3141983404631205,0.0790172345994907,3.596834885844034e-05,22.87533310965754,53.63816101250288,nan,nan,nan
355.84000000000003,229.83123779296875,-203.320556640625,-53.031978607177734,230.29833806028844,-203.83845840872954,-53.03534399162769,0.6974354643609906,0.3142474552681387,0.07903520811095606,3.525243253654041e-05,22.989714721465077,52.85823857859971,nan,1.4338642813934583,nan
355.85,229.83177185058594,-203.3118438720703,-53.032562255859375,230.33169783334793,-203.84455049254922,-53.035955476176724,0.7305572158884773,0.3141853075888558,0.07902451910645607,3.593732231471346e-05,22.85966816306748,53.84423106085511,9.746024506091237,nan,nan
355.86,229.83230590820312,-203.3031463623047,-53.03313446044922,230.33263358755107,-203.83581368728002,-53.036087347178174,0.730801604649385,0.314234216772754,0.07904249755924997,3.522310051333734e-05,22.673949751270147,54.142169990505565,nan,0.2033274371071903,nan
355.87,229.8328094482422,-203.29443359375,-53.033695220947266,230.33355949461662,-203.82709360453086,-53.03674350760387,0.7310858965132648,0.31428321011489,0.07906053966381328,3.59293959893809e-05,22.573518012885625,54.00944698480855,nan,nan,nan
355.88,229.8333282470703,-203.2857208251953,-53.034244537353516,230.33447801692637,-203.81846140703584,-53.04030090918223,0.7314371463128532,0.31433228775600597,0.07907864286117039,3.5215950629754684e-05,23.247223768563074,53.43555128703392,nan,5.911000079915904,nan
355.89,229.8338165283203,-203.2770233154297,-53.03478240966797,230.3353835726428,-203.8097411491579,-53.04096568427853,0.7317076077282398,0.3143814498434993,0.07909680991703393,3.5922433113628755e-05,23.15760728390917,55.392685621433884,nan,nan,nan
355.90000000000003,229.8343048095703,-203.268310546875,-53.035308837890625,230.3493694236939,-203.8212714787044,-53.04144627874995,0.7557082883178037,0.3143192118199859,0.07908614787793607,3.5188485345773244e-05,25.236789811846176,53.887857155489684,29.888401734422757,0.03335325124235664,nan
355.91,229.83477783203125,-203.2595977783203,-53.03582763671875,230.35026910724844,-203.81262210751416,-53.04209017648483,0.75604654811041,0.3143681680064989,0.07910431929079792,3.589429457974694e-05,25.150818653002815,53.9738948161852,nan,nan,nan
355.92,229.8352508544922,-203.2509002685547,-53.03633117675781,230.35115926610885,-203.80397899411025,-53.04295499714247,0.7563738763571132,0.3144172084357308,0.07912255217464562,3.518308742441277e-05,25.19582591155806,54.68820951125653,nan,0.037036734869597736,nan
355.93,229.83580017089844,-203.2421875,-53.03693389892578,230.35209144546275,-203.795329011191,-53.04363422843479,0.7566816411209095,0.31446633325307477,0.07914084898026427,3.588911929385131e-05,25.095744045645556,54.303442937894886,nan,nan,nan
355.94,229.83645629882812,-203.2334747314453,-53.03762435913086,230.3531172735984,-203.78670253136247,-53.045270593267325,0.7570059618974038,0.31451554260242454,0.07915920761785798,3.5178520476289394e-05,25.40413153810272,54.09221750817075,nan,0.5210259370596293,nan
355.95,229.8372039794922,-203.22476196289062,-53.03840637207031,230.3560145190149,-203.77934713511226,-53.04616376411968,0.7594664352684473,0.314453214105323,0.07914857135221227,3.586271949166137e-05,25.433554580385778,54.06698535554428,0.07931292945434804,nan,nan
355.96,229.83804321289062,-203.216064453125,-53.03927993774414,230.3572257861331,-203.77068080108802,-53.046403806919784,0.759737183043295,0.3145022172728633,0.07916693390198912,3.5153534791068214e-05,25.09517694158518,54.563637384506045,nan,0.3686055309740453,nan
355.97,229.83895874023438,-203.2073516845703,-53.04024124145508,230.35852716202845,-203.76203381211465,-53.04745275006019,0.760049744029339,0.3145513047699869,0.07918536044743904,3.5859172816178235e-05,24.999510762224947,54.19997097051422,nan,nan,nan
355.98,229.83998107910156,-203.19863891601562,-53.04129409790039,230.35991764941375,-203.753375342862,-53.04814947519408,0.7603377779751037,0.31460047674115066,0.07920384917868094,3.515050055149726e-05,24.785587019637706,52.986290373500644,nan,0.1365821017378966,nan
355.99,229.84107971191406,-203.18992614746094,-53.04243087768555,230.36139619658653,-203.74472822043444,-53.04937214281678,0.7606462814996379,0.3146497333308675,0.07922240212939681,3.5856398277055145e-05,24.69122580517991,53.533979939586295,nan,nan,nan
356.0,229.84226989746094,-203.1812286376953,-53.04365539550781,230.35787519980929,-203.72676189888406,-53.04972236576981,0.7506611585803049,0.3145873142263812,0.07921178583098966,3.51270009207555e-05,23.31510947624985,53.77084900986439,6.945922206648275,0.5146168746639008,nan
356.01,229.84353637695312,-203.17251586914062,-53.04496383666992,230.35952240747235,-203.71808143935812,-53.051108501463375,0.7509468236853734,0.3146363643512885,0.07923034208473197,3.583229378563309e-05,23.21998018801015,53.20059409183036,nan,nan,nan
356.02,229.8448944091797,-203.16380310058594,-53.046356201171875,230.36125480886176,-203.7094004547171,-53.052563012143594,0.7512277016305976,0.31468549889101877,0.07924896086148475,3.5125356683628935e-05,23.162899175771216,52.78540774532892,nan,0.00020387786039796838,nan
356.03000000000003,229.84632873535156,-203.15509033203125,-53.04783248901367,230.36307139993784,-203.70071996137924,-53.054119034440895,0.751514600310301,0.3147347179906007,0.07926764394770186,3.583093484029098e-05,23.06887516704699,53.031983498539745,nan,nan,nan
356.04,229.8478240966797,-203.14639282226562,-53.04938888549805,230.36495643617283,-203.69203893815924,-53.05572834685987,0.7517950047119246,0.3147840217937182,0.07928638990216069,3.5124371628975075e-05,23.007617017953955,53.6104654133884,nan,0.0006519962497312686,nan
356.05,229.84933471679688,-203.13768005371094,-53.051029205322266,230.37543434078177,-203.68426812370177,-53.05738199873174,0.7586696847755617,0.31472151194769377,0.07927579159816088,3.580819961552851e-05,22.494685301363,52.55505974956851,1.8165698435684718,nan,nan
356.06,229.850830078125,-203.12896728515625,-53.05274963378906,230.37736962511934,-203.6755543754969,-53.05799159656527,0.7589656250778413,0.314770609000959,0.07929454035178135,3.510282158923157e-05,22.048913474661312,52.39816953268393,nan,0.9991495332045102,nan
356.07,229.85231018066406,-203.12026977539062,-53.05454635620117,230.37928969594665,-203.66686748329516,-53.059863445173214,0.7592790891688683,0.31481979055483333,0.07931335351356948,3.5808118119009724e-05,21.952401146602234,53.16741839425332,nan,nan,nan
356.08,229.853759765625,-203.11155700683594,-53.05642318725586,230.38118835420147,-203.6581709117149,-53.06135225994657,0.7595998767853968,0.3148690567517406,0.07933222985932646,3.5103036898917216e-05,21.753848276897518,52.19881674912259,nan,0.15053082476492713,nan
356.09000000000003,229.8551788330078,-203.10284423828125,-53.05835723876953,230.38306131521165,-203.64948457659702,-53.06336669320075,0.75993464793057,0.31491840773867114,0.07935117085184522,3.580864255326219e-05,21.661497189574188,52.167455645464294,nan,nan,nan
356.1,229.85658264160156,-203.09414672851562,-53.06029510498047,230.38188029356846,-203.6483746015575,-53.065228539529365,0.7636298168582035,0.31485580701378424,0.07934058527756463,3.50826445660016e-05,22.861386558337063,52.307753446684316,9.707482867907396,0.055807727621303205,nan
356.11,229.8579559326172,-203.08543395996094,-53.062217712402344,230.3836894320745,-203.63972425602057,-53.06727020066558,0.7639757668899998,0.31490495096453897,0.07935952843402712,3.578769119105016e-05,22.78138059443834,51.39269104501052,nan,nan,nan
356.12,229.8592987060547,-203.07672119140625,-53.06411361694336,230.38547075476703,-203.6310858927117,-53.069882951647735,0.7643366615062682,0.31495417949679905,0.07937853507554707,3.5083937591365755e-05,22.917466378928548,51.66078932170903,nan,0.24558969360607716,nan
356.13,229.86061096191406,-203.06802368164062,-53.06597900390625,230.3872258842618,-203.62243589778163,-53.071882130777816,0.7646770748182193,0.31500349275931144,0.07939760647577385,3.578931118083773e-05,22.84114569861159,52.654345118184736,nan,nan,nan
356.14,229.86190795898438,-203.05931091308594,-53.067806243896484,230.3889553744292,-203.61377423239355,-53.073230513616195,0.7650084792253496,0.3150528908917751,0.07941674169282167,3.508574230284521e-05,22.608165022135875,51.00633391716326,nan,0.26905237128825576,nan
356.15000000000003,229.86317443847656,-203.05059814453125,-53.069602966308594,230.398703018163,-203.61152812957033,-53.07517306858701,0.7755413166403831,0.3149901991548111,0.07940616626119776,3.576941425397951e-05,22.959321847208408,51.263533521922874,1.5548738471533725,nan,nan
356.16,229.86441040039062,-203.04190063476562,-53.07136154174805,230.40039406943782,-203.60286930841852,-53.075656693331155,0.7758755020184007,0.3150393899622573,0.07942530308307941,3.506684735279189e-05,22.518377461565738,52.09279989822883,nan,1.3984166571554175,nan
356.17,229.86563110351562,-203.03318786621094,-53.073089599609375,230.40205784733826,-203.59423646785643,-53.07750236369854,0.7762400771561739,0.31508866543945707,0.07944450478242172,3.577201243156875e-05,22.44021690507069,50.41500406746636,nan,nan,nan
356.18,229.8668212890625,-203.0244903564453,-53.07477951049805,230.4036945825149,-203.5856295047367,-53.08077438070823,0.7766247584493009,0.31513802572408006,0.07946377058103836,3.506956979379238e-05,22.822134922410704,52.14093690435926,nan,1.4987982159837954,nan
356.19,229.8679962158203,-203.01577758789062,-53.076438903808594,230.40530966257862,-203.57699693625332,-53.08256798698859,0.7769880711468923,0.31518747096805055,0.07948310150823183,3.57750755900164e-05,22.752098318751372,50.56387996933598,nan,nan,nan
356.2,229.869140625,-203.007080078125,-53.078060150146484,230.3619600292466,-203.55720197355785,-53.083321614081086,0.7386018873786785,0.31512468807582616,0.0794725313618505,3.505155589217288e-05,23.820161064801063,50.2487412654164,26.439901099369198,0.9641656685444057,nan
356.21,229.87025451660156,-202.9983673095703,-53.079654693603516,230.36344852319894,-203.54857848196554,-53.085042689420554,0.7389192735820497,0.3151739257050686,0.0794918632314153,3.575653137863095e-05,23.746744985461675,49.392927100993795,nan,nan,nan
356.22,229.87135314941406,-202.9896697998047,-53.081214904785156,230.36491412607845,-203.53995852073092,-53.08694350836057,0.7392245470514717,0.3152232480783312,0.07951125946996894,3.5055092979455226e-05,23.774174714560345,50.08161189183622,nan,0.03126816815369289,nan
356.23,229.8724365234375,-202.98095703125,-53.08274459838867,230.36635805821152,-203.5313350923715,-53.08860523592306,0.7395328523802704,0.31527265534968113,0.07953072096632711,3.576042121748443e-05,23.70469564575666,48.76375977416076,nan,nan,nan
356.24,229.8734893798828,-202.9722442626953,-53.08424377441406,230.36777679453368,-203.52273971154642,-53.09205677893035,0.7398826464565826,0.31532214765343397,0.07955024715220413,3.505901812813165e-05,24.39133552584756,49.854310535691084,nan,2.329856853620336,nan
356.25,229.87452697753906,-202.9635467529297,-53.08571243286133,230.3890553448117,-203.52419177075154,-53.093504028473745,0.7610013046630807,0.31525927347669297,0.07953967923261131,3.574266933205487e-05,24.417620635132813,50.91207592588617,5.135909080022496,nan,nan
356.26,229.87554931640625,-202.954833984375,-53.08715057373047,230.39046934420756,-203.51557742931357,-53.094547466396854,0.7613347227688954,0.3153085578734106,0.0795592057502329,3.504212471861378e-05,24.188257462997274,49.54245177931962,nan,0.20940879392986805,nan
356.27,229.8765411376953,-202.94613647460938,-53.08856201171875,230.39186173868177,-203.50697116707502,-53.09610274395072,0.7616742983169865,0.315357927106112,0.07957879765988352,3.574728830768584e-05,24.12289959096914,50.764922880750916,nan,nan,nan
356.28000000000003,229.8775177001953,-202.9374237060547,-53.089942932128906,230.39323457887,-203.49836091194544,-53.097359019510336,0.7620166968344781,0.31540738130699447,0.07959845451285441,3.5046732896771825e-05,24.009653904017213,49.6077985130573,nan,0.05200033817753254,nan
356.29,229.8784637451172,-202.92872619628906,-53.0912971496582,230.3945872221436,-203.48975429015937,-53.09885744765584,0.7623602322756574,0.31545692063346387,0.07961817701931119,3.5752255563719065e-05,23.944766185292448,50.91306474364535,nan,nan,nan
356.3,229.87940979003906,-202.92001342773438,-53.092628479003906,230.38462362069245,-203.47382774449557,-53.10011321114172,0.7496714836168643,0.31539395502301854,0.07960760676518999,3.503049283916787e-05,23.61636332968804,48.577712258095275,1.854334714495598,0.04811122815699279,nan
356.31,229.8803253173828,-202.91131591796875,-53.093929290771484,230.38592043858182,-203.46520471923472,-53.101557886664835,0.7499849506646091,0.31544328614938427,0.07962732891264038,3.573550136285429e-05,23.552437925529404,50.08300542581918,nan,nan,nan
356.32,229.8812255859375,-202.90260314941406,-53.0952033996582,230.38720440023428,-203.45655131093633,-53.10061446645478,0.7502682225810704,0.3154927021789264,0.07964711624625168,3.503569929256783e-05,22.669080632840263,48.14940861632032,nan,3.9338784841773045,nan
356.33,229.88209533691406,-202.89390563964844,-53.09645462036133,230.38846494849793,-203.44792802363327,-53.101985493982454,0.7505874872756939,0.3155422032710512,0.07966696937545299,3.574107473669222e-05,22.596142718762444,49.48828480909267,nan,nan,nan
356.34000000000003,229.88296508789062,-202.88519287109375,-53.097679138183594,230.38971029596928,-203.43929127781357,-53.10222862956854,0.7508904368228301,0.31559178955479555,0.07968688800221127,3.504119266907248e-05,22.241387928507777,47.42999243028304,nan,0.8583018513261604,nan
356.35,229.88380432128906,-202.87648010253906,-53.098880767822266,230.37260969773254,-203.43310318684604,-53.10380833571941,0.7407997266122915,0.31552873238659684,0.07967631200358072,3.5724899748910684e-05,23.80108093037144,47.607526388862055,16.57638732972258,nan,nan
356.36,229.8846435546875,-202.86778259277344,-53.100059509277344,230.37378114165887,-203.42451280118334,-53.105295771947794,0.7411015601056707,0.31557811017473786,0.07969622961276379,3.502576636990414e-05,23.813723764064147,47.72084018154131,nan,0.026217202467597057,nan
356.37,229.8854522705078,-202.85906982421875,-53.10121154785156,230.37493622544216,-203.41592007399817,-53.10656973197109,0.7414212385375957,0.3156275729615508,0.07971621316297228,3.573099992866647e-05,23.745500861964945,47.476588138805624,nan,nan,nan
356.38,229.88624572753906,-202.85037231445312,-53.10234069824219,230.37607485893807,-203.40732726464236,-53.10782173488876,0.7417286810351348,0.3156771208831869,0.07973626261009617,3.645056033639785e-05,23.67553448593217,48.2476927659411,nan,nan,nan
356.39,229.8870391845703,-202.84165954589844,-53.103450775146484,230.3771975329886,-203.39873443736863,-53.1090522274972,0.7420370728603107,0.31572675408414635,0.07975637809863566,3.718459209329827e-05,23.608017607642488,46.48921667062643,nan,nan,nan
356.40000000000003,229.88780212402344,-202.8329620361328,-53.10453414916992,230.36437365527982,-203.37597974327457,-53.10887181502566,0.7225008443030505,0.3156636052033874,0.07974579198831482,3.63762769750078e-05,22.195511094565727,47.4352970887541,8.998830237839824,1.524571423713438,nan
356.41,229.8885498046875,-202.82424926757812,-53.10559844970703,230.36544630130837,-203.36734661582102,-53.110047593610126,0.7227757557079456,0.31571302961241143,0.07976590573935981,3.710803878677252e-05,22.12392280555244,46.347709497759354,nan,nan,nan
356.42,229.8892822265625,-202.81553649902344,-53.10664367675781,230.36651195689234,-203.35868297817197,-53.10809366517934,0.7230203425828076,0.31576253908019253,0.07978608542607743,3.6326475636266454e-05,21.560918475291192,45.71364740995123,nan,6.326932386180821,nan
356.43,229.88999938964844,-202.8068389892578,-53.107666015625,230.36755479947047,-203.35004981599545,-53.10919802104545,0.7232838438510024,0.31581213377196554,0.07980633148593205,3.705697369818856e-05,21.477156217521397,46.64003038871627,nan,nan,nan
356.44,229.8907012939453,-202.79812622070312,-53.108665466308594,230.36858426927506,-203.34141254585967,-53.10984166681221,0.7235561848673119,0.31586181381109113,0.07982664378686122,3.627827037964274e-05,21.365080983314584,45.71599182194755,nan,0.12772151924228972,nan
356.45,229.8914031982422,-202.7894287109375,-53.10964584350586,230.38287361571102,-203.34664729887712,-53.110922255741194,0.742992163633374,0.3157985731006806,0.07981604392714162,3.698405254141139e-05,22.364292039326184,46.25850445785364,7.905669743951831,nan,nan
356.46,229.89207458496094,-202.7807159423828,-53.11061096191406,230.38389529252404,-203.33804048190888,-53.110469021614904,0.7433022742416866,0.3158480440494489,0.07983635378856775,3.620912359369444e-05,22.234813714217747,45.85646101701872,nan,1.4742792077747162,nan
356.47,229.8927459716797,-202.77200317382812,-53.11155319213867,230.38489938598872,-203.32944653415464,-53.11147854526717,0.743611517366635,0.31589760015633056,0.07985673017359181,3.6936387227058375e-05,22.149552149816714,45.31659351652423,nan,nan,nan
356.48,229.89340209960938,-202.7633056640625,-53.11247634887695,230.38589246627419,-203.3208451541718,-53.11157856249579,0.7439071516724081,0.3159472415435183,0.07987717301073242,3.6164176492485795e-05,22.084981720936952,46.22046535498784,nan,0.5250127548671482,nan
356.49,229.89402770996094,-202.7545928955078,-53.11338424682617,230.38686986097778,-203.3122510221173,-53.11254362832075,0.7442289154769378,0.3159969683781655,0.07989768264676146,3.6890385919156794e-05,21.9964328051028,45.92266821548508,nan,nan,nan
356.5,229.8946533203125,-202.74588012695312,-53.1142692565918,230.37705817536008,-203.29910803329093,-53.11317997152699,0.7340141327429208,0.31593363567997595,0.07988706480041412,3.609846676344502e-05,22.03750955266639,45.21682693956583,1.1634446518759487,0.090386161506041,nan
356.51,229.89527893066406,-202.7371826171875,-53.11513900756836,230.37799202692588,-203.29050815646153,-53.11410863646993,0.7342902337496837,0.3159831531247921,0.07990757124623109,3.682277800307261e-05,21.948193702385705,45.39313685603811,nan,nan,nan
356.52,229.8958740234375,-202.7284698486328,-53.11599349975586,230.37892055165608,-203.2818900642688,-53.112497204286285,0.7345883933064894,0.31603275578215667,0.07992814434686353,3.605674622206768e-05,22.174334226817376,45.47689598894985,nan,4.232274880499981,nan
356.53000000000003,229.89645385742188,-202.71975708007812,-53.11682891845703,230.37982990698708,-203.27328975529352,-53.11336812313795,0.7348896549337308,0.3160824438201059,0.0799487844009586,3.678013939222127e-05,22.07694019975814,45.608979830479875,nan,nan,nan
356.54,229.89703369140625,-202.7110595703125,-53.11764907836914,230.38072787092835,-203.26468811217313,-53.11405473631579,0.7351717764992667,0.3161322173593533,0.0799694914092162,3.601660054461172e-05,22.025013444452753,45.905426470823215,nan,0.01888051097846666,nan
356.55,229.89759826660156,-202.7023468017578,-53.11845016479492,230.40932168200553,-203.26945859293915,-53.11486113590811,0.7638648563050582,0.3160687925608904,0.07995885175355345,3.67160463696232e-05,22.05373785050243,46.02350464877027,7.082243716788211,nan,nan
356.56,229.89816284179688,-202.69363403320312,-53.11923599243164,230.41024362892458,-203.2608757298761,-53.11513114045792,0.7642033268701967,0.3161183564091233,0.07997955482766667,3.595587634781647e-05,22.089887306548125,45.52810650936301,nan,0.20360012922211548,nan
356.57,229.89869689941406,-202.6849365234375,-53.1200065612793,230.41115287502382,-203.2522961728043,-53.115932629248306,0.7645421476870744,0.3161680055701357,0.08000032501071408,3.6676709617829544e-05,21.989268426720333,47.18755300656948,nan,nan,nan
356.58,229.89923095703125,-202.6762237548828,-53.12076187133789,230.41204995805575,-203.24371887476568,-53.11717311299401,0.7648835977382957,0.3162177401640381,0.0800211623409406,3.59188845702599e-05,21.813732752314518,45.676876552753924,nan,0.13782626066580894,nan
356.59000000000003,229.89974975585938,-202.66751098632812,-53.12150192260742,230.4129376716831,-203.23513865861224,-53.11794995819238,0.7652291341430921,0.316267560359914,0.08004206706071967,3.663897878569443e-05,21.71794802059915,45.80726164166779,nan,nan,nan
356.6,229.9002685546875,-202.65879821777344,-53.122230529785156,230.3918436075121,-203.2163949180241,-53.11895412226577,0.74335109304834,0.31620404330275526,0.0800314014529053,3.5861427704734694e-05,21.64269449883689,44.533663198414985,4.35583702712757,0.03234406835942194,nan
356.61,229.90077209472656,-202.6501007080078,-53.12294006347656,230.3926742286542,-203.20779929615276,-53.11970585118778,0.7436436543873306,0.3162536535052197,0.08005230145826965,3.657994038801657e-05,21.54653870598103,45.69914321961699,nan,nan,nan
356.62,229.90126037597656,-202.64138793945312,-53.12363815307617,230.3934924999002,-203.19920737667158,-53.12123747827817,0.7439494281203302,0.3163033490714533,0.0800732687968811,3.5827511376665434e-05,21.340648476460892,44.77079508540938,nan,0.4237313708001353,nan
356.63,229.9017333984375,-202.63267517089844,-53.12432098388672,230.39430319233276,-203.19061140802944,-53.12197051560804,0.7442602846202712,0.3163531301708758,0.08009430368258505,3.654540062698573e-05,21.250148881090894,44.977190148347006,nan,nan,nan
356.64,229.90220642089844,-202.62396240234375,-53.1249885559082,230.39510769682525,-203.18201010824092,-53.121495735493006,0.7445677334278075,0.3164029969229626,0.08011540619649106,3.5795087806705875e-05,21.359868216215112,44.74223517362183,nan,0.9632411937700022,nan
356.65000000000003,229.90267944335938,-202.61526489257812,-53.12564468383789,230.36538460484445,-203.16388844672386,-53.12234254461859,0.7177010343812049,0.316339387498774,0.08010471069550948,3.64896453012945e-05,21.87993482266941,44.41686479165747,10.040638974514843,nan,nan
356.66,229.9031219482422,-202.60655212402344,-53.12628936767578,230.3661119865099,-203.15529156330248,-53.1237710652979,0.7179701174856045,0.3163890439536851,0.08012580771222143,3.574229731409629e-05,21.67836771068514,44.15757803864249,nan,0.37228137315451015,nan
356.67,229.90357971191406,-202.59783935546875,-53.12691879272461,230.36683239111383,-203.14669177351456,-53.12445308429199,0.7182256618212502,0.31643878587209034,0.0801469724332504,3.645819609054874e-05,21.58930162197878,43.17943065863256,nan,nan,nan
356.68,229.9040069580078,-202.58912658691406,-53.12753677368164,230.36754355808768,-203.13809209247887,-53.12517699952516,0.7184948673774184,0.3164886133733755,0.08016820496071048,3.571281819048332e-05,21.4990887587599,43.94115914778389,nan,0.0019417757590468284,nan
356.69,229.90443420410156,-202.58041381835938,-53.128143310546875,230.36824615137812,-203.12949208000285,-53.12583654305245,0.7187584997912443,0.3165385266272107,0.08018950547691948,3.642824277214568e-05,21.41065985061515,43.488056559059594,nan,nan,nan
356.7,229.90484619140625,-202.57171630859375,-53.12873458862305,230.38030139831616,-203.1211719756452,-53.125379506214294,0.7266157446757427,0.31200718606547245,0.08015166218880863,3.566244284098576e-05,28.201788974862232,52.733953253698864,5.827896399396754,1.1010003890708167,0.0020189827682524936
356.71,229.90525817871094,-202.56300354003906,-53.12931823730469,230.38101268224207,-203.11255963173332,-53.12600762095759,0.726887340465509,0.3120525103607676,0.08017236037990391,3.6376535662359154e-05,28.07763884039506,51.24182158214475,nan,nan,nan
356.72,229.90567016601562,-202.55429077148438,-53.129886627197266,230.3816197170575,-203.10395988663936,-53.12862740757393,0.7270940083141167,0.31209791467371956,0.08019312002176895,3.5635819277961045e-05,27.712028476204992,50.73090905556068,nan,2.7286952818363734,nan
356.73,229.9060516357422,-202.5455780029297,-53.13044357299805,230.38231429240685,-203.09534727651283,-53.12925430118583,0.7273745848439118,0.31214340587101275,0.08021394137766857,3.634953473340499e-05,27.59617328756434,51.5997036356405,nan,nan,nan
356.74,229.9064483642578,-202.536865234375,-53.1309928894043,230.38299542205732,-203.0867351485139,-53.12998772654942,0.7276366065041313,0.3121889774795943,0.08023482447993036,3.561056561384899e-05,27.47759751092323,50.40734744560241,nan,0.009306140991148834,nan
356.75,229.9068145751953,-202.5281524658203,-53.131526947021484,230.40048354174138,-203.09426961112445,-53.13056825201893,0.751131539634751,0.3121287826980868,0.08022405261345048,3.630143334449877e-05,28.813032347951985,51.94440379702213,11.979975778115914,nan,nan
356.76,229.90719604492188,-202.51943969726562,-53.13205337524414,230.40120529164932,-203.08569766626132,-53.13043167362661,0.7514624762551274,0.31217416674036375,0.08024492519026655,3.55650419245004e-05,28.7556542084089,50.82640583476826,nan,0.36852908528345424,nan
356.77,229.9075469970703,-202.5107421875,-53.132568359375,230.40188553808102,-203.0771297946472,-53.131012539457714,0.7517765194751228,0.3122196374025752,0.08026585969424485,3.627723814945578e-05,28.638180134616977,52.61321959610078,nan,nan,nan
356.78000000000003,229.9079132080078,-202.5020294189453,-53.13307571411133,230.40265721171463,-203.06855041042542,-53.1294185895699,0.7521509406703941,0.3122651886420517,0.08028685618297722,3.554245551866575e-05,28.842348542539018,50.929534025173844,nan,3.208717800334023,nan
356.79,229.90835571289062,-202.49331665039062,-53.13367462158203,230.40337393233054,-203.0599824423052,-53.130011176690594,0.7524404150044742,0.3123108266879855,0.08030791488240979,3.625439572429906e-05,28.73398620413841,51.751767903987755,nan,nan,nan
356.8,229.90890502929688,-202.48460388183594,-53.13436508178711,230.4137866415193,-203.06262622897233,-53.13234334725669,0.7674759693696541,0.31225058787064686,0.08029711401296162,3.549962562537569e-05,29.570182991646792,51.25743765733222,7.234774463975523,2.0863072308143598,nan
356.81,229.9095458984375,-202.47589111328125,-53.1351432800293,230.41469775511544,-203.05409188764665,-53.13313776073685,0.7677880930892002,0.3122960380143801,0.08031816167695743,3.6210463221042796e-05,29.466591388425982,51.41969416092817,nan,nan,nan
356.82,229.9102783203125,-202.46717834472656,-53.136016845703125,230.41566349685567,-203.0455612766799,-53.134874447865236,0.7680770128817406,0.3123415688949384,0.08033927155851711,3.547957963127099e-05,29.292966627253833,51.09417610058011,nan,0.4969353421838726,nan
356.83,229.9110870361328,-202.45846557617188,-53.13697814941406,230.41675805279795,-203.03702656109013,-53.135859488562396,0.7683991422215614,0.3123871863241341,0.08036044386354149,3.619023941117217e-05,29.190427262799595,51.73447265364493,nan,nan,nan
356.84000000000003,229.91200256347656,-202.4497528076172,-53.13802719116211,230.41787376291123,-203.02849866027177,-53.13852717187568,0.7686694233303774,0.3124328848779673,0.08038167867927004,3.54607569488347e-05,29.0641836705211,50.95053401775658,nan,1.74465921296078,nan
356.85,229.91299438476562,-202.4410400390625,-53.139163970947266,230.41950907716918,-203.0155658757587,-53.13972525686659,0.7659225716050108,0.3123726073853282,0.08037084576627242,3.6148939596592974e-05,28.241967402980745,51.378862258760904,2.819298119145207,nan,nan
356.86,229.91409301757812,-202.4323272705078,-53.140384674072266,230.42086410643634,-203.00701475668694,-53.141323033583795,0.7662137585504464,0.31241811791137225,0.08039206902764177,3.5421677596589005e-05,28.159824987695778,50.622190298354425,nan,0.07536213061731392,nan
356.87,229.9152069091797,-202.42361450195312,-53.141693115234375,230.422297584209,-202.9984622652376,-53.1426801381513,0.7665454180080159,0.31246371473365325,0.08041335492356608,3.6131196849460326e-05,28.059999239575607,51.57284119848901,nan,nan,nan
356.88,229.91635131835938,-202.41490173339844,-53.14308166503906,230.42367802500806,-202.98991662813648,-53.145992463906076,0.7668317867692044,0.31250939282972845,0.08043470355687511,3.540520894520821e-05,28.171133855940198,50.97533428215049,nan,2.4107223014189056,nan
356.89,229.91748046875,-202.4062042236328,-53.14455795288086,230.42513780534415,-202.98136434186455,-53.14753839027445,0.7671597069771505,0.3125551574154832,0.08045611511042941,3.611464661087317e-05,28.07312391529617,51.88561888293178,nan,nan,nan
356.90000000000003,229.91859436035156,-202.39749145507812,-53.146114349365234,230.41905156390482,-202.9741643455834,-53.14972398003455,0.7635588154593099,0.31249483534135614,0.08044524695844875,3.536848427643646e-05,28.973140940943487,51.09863228613872,3.7772799466541165,0.18470057585621835,nan
356.91,229.91969299316406,-202.38877868652344,-53.14775085449219,230.42046477269412,-202.96562618910176,-53.15144230022062,0.763897272659162,0.3125404115616794,0.08046664641123637,3.607698993905222e-05,28.881463318583663,50.96521727511738,nan,nan,nan
356.92,229.92076110839844,-202.38006591796875,-53.149471282958984,230.42189563283114,-202.95708517682158,-53.152326732026374,0.7642612055147331,0.3125860691966579,0.08048810882307948,3.535423546778141e-05,28.63277383961339,51.01055398494684,nan,0.5800131890215894,nan
356.93,229.9218292236328,-202.37135314941406,-53.151268005371094,230.42326934143898,-202.94854704058545,-53.154198538533976,0.7645937272667452,0.3126318130785045,0.08050963436505863,3.6062721879051166e-05,28.540595847736252,50.21750625565069,nan,nan,nan
356.94,229.9228515625,-202.36264038085938,-53.15314483642578,230.42465411690176,-202.94000689784937,-53.15535219612413,0.7649593263580313,0.31267763875450344,0.08053122315744389,3.534105257599013e-05,28.338957733113983,51.025473706257756,nan,0.44094611831067715,nan
356.95,229.9238739013672,-202.3539276123047,-53.15507507324219,230.42747722750372,-202.93043782010042,-53.15733919890646,0.7654968687417859,0.31261727643121007,0.08052031662442408,3.602733917481618e-05,28.01093067082295,50.14655751785842,0.42612094354045177,nan,nan
356.96,229.92486572265625,-202.34521484375,-53.157012939453125,230.42878309057548,-202.92189518196403,-53.15968097759286,0.765832909060984,0.31266291359643883,0.08054189275688066,3.530756864705708e-05,27.970085309453374,50.531543463854,nan,0.062205927627172676,nan
356.97,229.92584228515625,-202.33651733398438,-53.158935546875,230.43008056634855,-202.91335191596008,-53.16172332936161,0.7661606560728906,0.31270863677270044,0.08056353222718836,3.601521265218745e-05,27.882261531102113,51.08481665458203,nan,nan,nan
356.98,229.9268035888672,-202.3278045654297,-53.16082763671875,230.43140746425286,-202.90480581536036,-53.16245428349348,0.7665234239444522,0.31275444187131485,0.08058523516419595,3.5296413977948224e-05,27.642568400064643,50.02040963943719,nan,1.1574967074447746,nan
356.99,229.927734375,-202.319091796875,-53.16269302368164,230.43266612968029,-202.89626252588133,-53.164435434099104,0.7668671092831331,0.31280033318341005,0.08060700172629594,3.600411292719368e-05,27.552479301696206,50.16876547815613,nan,nan,nan
357.0,229.92864990234375,-202.3103790283203,-53.164520263671875,230.438104541744,-202.88021724246346,-53.16644908153511,0.7643712057911622,0.3127399276108607,0.08059605359385588,3.670308894431849e-05,26.00427637336162,50.24757681928781,11.228949151913543,nan,nan
357.01,229.92955017089844,-202.30166625976562,-53.166316986083984,230.43934581514839,-202.87164051005567,-53.16836596601982,0.7647002309458889,0.31278563007693816,0.0806178069137733,3.74386682419543e-05,25.915911455676106,49.79588766959843,nan,nan,nan
357.02,229.93043518066406,-202.29295349121094,-53.16807556152344,230.44054504047105,-202.86306492835507,-53.17090357211831,0.7650144557319036,0.31283141442882445,0.08063962391175009,3.66343765688375e-05,25.92350777508598,49.819142998113456,nan,0.2758689847801219,nan
357.03000000000003,229.93130493164062,-202.2842559814453,-53.1697998046875,230.44175034987467,-202.85448840249384,-53.172758915141024,0.765328880511947,0.31287728492497047,0.08066150474105178,3.736831387391169e-05,25.839139468873924,50.46189143109854,nan,nan,nan
357.04,229.93214416503906,-202.27554321289062,-53.17148971557617,230.44302378049096,-202.84590853827495,-53.17218099479281,0.7657121285130642,0.3129232376890459,0.08068344953856259,3.6568101545566585e-05,25.51929053610603,49.85337867588298,nan,3.7187027128257206,nan
357.05,229.9329833984375,-202.26683044433594,-53.17314529418945,230.44110763214465,-202.83961333593817,-53.17400820068212,0.7656835001489232,0.3128627882939264,0.08067245657828892,3.727677218831682e-05,26.064882880037477,49.070832464935016,1.8842407448329344,nan,nan
357.06,229.9337921142578,-202.25811767578125,-53.17477035522461,230.44229816033294,-202.83104733475164,-53.17441022684437,0.7660462928017745,0.3129085520560135,0.08069438753578818,3.648152842622402e-05,25.95110781146422,49.43930396096615,nan,1.1518789982753506,nan
357.07,229.93458557128906,-202.24942016601562,-53.176361083984375,230.44342595133662,-202.8224827861457,-53.17609982653101,0.7663676449412271,0.3129544017214199,0.08071638252777523,3.721154611989119e-05,25.850015150633215,50.27438894552549,nan,nan,nan
357.08,229.93536376953125,-202.24070739746094,-53.177921295166016,230.44452138018465,-202.81391873373866,-53.17824004239272,0.7666895135081541,0.3130003337822249,0.08073844169505477,3.642013775441548e-05,25.75437693752364,49.23664161348425,nan,0.1509939130400929,nan
357.09000000000003,229.93614196777344,-202.23199462890625,-53.17945098876953,230.44561740506154,-202.80535439529086,-53.17987304290158,0.7670116172772166,0.31304635194835956,0.080760565185088,3.714879647659991e-05,25.661322016094562,48.44161912501436,nan,nan,nan
357.1,229.9368896484375,-202.22328186035156,-53.180946350097656,230.45189663063567,-202.80476949383205,-53.181821315409636,0.776763043126995,0.3129858564480291,0.08074952414369005,3.633861406645371e-05,26.492141338828105,49.55183477292239,6.675948026216707,0.0033761444948316836,nan
357.11,229.9376220703125,-202.21458435058594,-53.18241500854492,230.452963478999,-202.79622987250545,-53.18340137715764,0.7771031164517731,0.31303168526529007,0.08077163317580995,3.706508854080723e-05,26.4000262749251,50.15259411503808,nan,nan,nan
357.12,229.93833923339844,-202.20587158203125,-53.18385314941406,230.45402211961326,-202.78769004103145,-53.18474873200648,0.7774589123782664,0.3130775965922046,0.08079380658610401,3.628197109421347e-05,26.301247580599405,49.31120606506614,nan,0.027335769042884584,nan
357.13,229.93905639648438,-202.19715881347656,-53.185264587402344,230.4550596433534,-202.77915044314105,-53.186270249266954,0.7778011436959194,0.3131235938009281,0.0808160445199704,3.7007265737107435e-05,26.213232174329907,48.51387167264369,nan,nan,nan
357.14,229.9397430419922,-202.18844604492188,-53.1866455078125,230.45604090575725,-202.77061133605469,-53.1890856729505,0.7781297223047169,0.3131696738867649,0.0808383471212891,3.622761756408645e-05,26.25614281742245,49.36391765786727,nan,1.1492380330649201,nan
357.15000000000003,229.94041442871094,-202.17974853515625,-53.1879997253418,230.47096992860543,-202.76669106016814,-53.19056284837536,0.7911998709146211,0.3131091350750402,0.08082725472621664,3.6928617333972776e-05,25.92674388749444,50.58043043540508,2.254399014954916,nan,nan
357.16,229.9410858154297,-202.17103576660156,-53.189327239990234,230.47199928646438,-202.7581539475757,-53.191762631920724,0.7915698347526472,0.3131550256333719,0.08084954223497796,3.6153287160507596e-05,25.820304595891827,49.021074819801754,nan,0.04271698211294063,nan
357.17,229.94174194335938,-202.16232299804688,-53.19062805175781,230.47300726723958,-202.7496169550379,-53.19318829247373,0.7919366080111769,0.31320100186095434,0.08087189446527643,3.687555410536294e-05,25.741608361565568,49.00683239395157,nan,nan,nan
357.18,229.9423828125,-202.1536102294922,-53.1919059753418,230.47400966710407,-202.7410800768313,-53.194339473491624,0.7923091921605566,0.3132470610615487,0.08089431156158726,3.6103458298719406e-05,25.635668557032638,48.85592160597689,nan,0.04114677239927151,nan
357.19,229.94300842285156,-202.14491271972656,-53.193153381347656,230.4749915984976,-202.73254329779982,-53.195712775207646,0.7926678661041439,0.3132932061475797,0.08091679366842007,3.682478037703153e-05,25.55516695243448,49.93627008672727,nan,nan,nan
357.2,229.94361877441406,-202.13619995117188,-53.19437789916992,230.48566587731395,-202.72729411427608,-53.198328054935324,0.8020118298058875,0.31323262040363914,0.08090564662451304,3.603374306570791e-05,25.57608298516945,49.616857040448565,1.110704949538663,1.01987969031122,nan
357.21,229.9442138671875,-202.1274871826172,-53.195579528808594,230.48664037121029,-202.71875964392908,-53.199666349640516,0.8024003600925856,0.31327857562193,0.08092811298622324,3.6753293008381764e-05,25.50580879860067,49.57618902333628,nan,nan,nan
357.22,229.94480895996094,-202.1187744140625,-53.196754455566406,230.4875601778131,-202.71022455362885,-53.20245784745433,0.8027606621852362,0.3133246138970179,0.08095064440860342,3.598826367202404e-05,25.864728626482105,49.50882528957951,nan,1.4544611008170218,nan
357.23,229.9453887939453,-202.11007690429688,-53.19791030883789,230.4885107423576,-202.70169001769582,-53.20376463537867,0.8031324921406139,0.3133707378608508,0.08097324103671946,3.670701677111039e-05,25.80188664772099,50.22093310331681,nan,nan,nan
357.24,229.94595336914062,-202.1013641357422,-53.199039459228516,230.48945675807664,-202.69315551766994,-53.20479390100236,0.8035210557969334,0.31341694523548663,0.08099590301424256,3.594487404537605e-05,25.699074431678817,49.60174355000998,nan,0.04362712129134017,nan
357.25,229.94650268554688,-202.0926513671875,-53.20014572143555,230.474135404332,-202.6779214910478,-53.20596963195889,0.7880173359449869,0.31335631456161295,0.08098469800966188,3.66400922924779e-05,25.80837833607057,49.174342458012106,2.8880306302657037,nan,nan
357.26,229.94705200195312,-202.0839385986328,-53.201229095458984,230.47500720738626,-202.6693780253488,-53.20778907238602,0.7883647979170386,0.31340233186706995,0.08100734357196118,3.588165800986477e-05,25.992755928646822,48.894807277848386,nan,0.22747952233895802,nan
357.27,229.9475860595703,-202.07522583007812,-53.202293395996094,230.47588394578727,-202.6608349308737,-53.2090111591105,0.7887216263404841,0.3134484346744046,0.08103005453212846,3.659811642561605e-05,25.937316835574,48.88644402487302,nan,nan,nan
357.28000000000003,229.94810485839844,-202.0665283203125,-53.203338623046875,230.47676221206024,-202.65229216084276,-53.20974586404592,0.7890747285211199,0.31349462095966407,0.08105283103241392,3.5842349759389406e-05,25.75816903040303,49.628453681170654,nan,0.14670604272165816,nan
357.29,229.94862365722656,-202.0578155517578,-53.2043571472168,230.4776175908688,-202.64374880103432,-53.21092296430652,0.789427301524376,0.31354089297588345,0.08107567321998096,3.655820231591319e-05,25.703811042202894,48.54630560213643,nan,nan,nan
357.3,229.94911193847656,-202.04910278320312,-53.205360412597656,230.50457210971308,-202.64197228673626,-53.21271996562144,0.812455791456028,0.3134802144306056,0.08106440692495775,3.57832508127026e-05,25.207364350651513,50.348662062098136,9.675722796995137,0.21625682307333693,nan
357.31,229.94961547851562,-202.04039001464844,-53.20634078979492,230.50545810667396,-202.63342709592519,-53.21386548265999,0.8128410841301749,0.313526296042884,0.08108723201092938,3.649766581228155e-05,25.157716153741678,49.22147383675025,nan,nan,nan
357.32,229.95008850097656,-202.03167724609375,-53.20730209350586,230.50642699246748,-202.6248863023678,-53.21130678100898,0.8132807258763338,0.3135724611893037,0.0811101228240544,3.574782768344204e-05,23.96654788989075,48.9414941201659,nan,9.185579044439997,nan
357.33,229.9505615234375,-202.02297973632812,-53.20824432373047,230.50729326324497,-202.61634063119095,-53.21237872946719,0.8136611548871359,0.3136187118939478,0.08113307951355135,3.646175680801471e-05,23.897002525040346,49.25636037465643,nan,nan,nan
357.34000000000003,229.95103454589844,-202.01426696777344,-53.20916748046875,230.50806730978357,-202.60779007950802,-53.21680999777635,0.8140108059942508,0.31366504647465376,0.08115610221864,3.571426526617763e-05,24.976997884723467,49.08185557924985,nan,7.728347326818965,nan
357.35,229.95147705078125,-202.00555419921875,-53.21007537841797,230.49597384663213,-202.59260561963208,-53.21786962389478,0.8007289686053158,0.31360432140664407,0.08114477129511373,3.640524225317983e-05,24.894951266586602,49.43575790963164,1.594284412735672,nan,nan
357.36,229.95191955566406,-201.99684143066406,-53.210960388183594,230.49683776227488,-202.58405111699156,-53.21696517471649,0.8011161745178362,0.3136504653610861,0.08116777619451256,3.566090267065083e-05,24.15049747458452,48.47606402818135,nan,2.6029511640042884,nan
357.37,229.95236206054688,-201.98812866210938,-53.211830139160156,230.4976459998705,-202.57549346855873,-53.21798153093099,0.8014797751411548,0.313696694709626,0.0811908471561342,3.6373127341215594e-05,24.09371780810336,47.87072007808074,nan,nan,nan
357.38,229.95278930664062,-201.9794158935547,-53.212684631347656,230.49840539946317,-202.56693277297074,-53.22070189525895,0.8018336990089289,0.31374300797559007,0.08121398431671613,3.5630935520084274e-05,24.771271920550046,48.74332852805381,nan,2.0153968199577137,nan
357.39,229.9532012939453,-201.97071838378906,-53.21351623535156,230.49919602428704,-202.55837477008762,-53.22170260261917,0.8021952945059362,0.313789406876227,0.08123718782915236,3.634282610281778e-05,24.72303925024076,50.08489375465767,nan,nan,nan
357.40000000000003,229.95361328125,-201.96200561523438,-53.21433639526367,230.4918094518921,-202.5540946695406,-53.22282876257863,0.8001854076560453,0.3137286328980992,0.0812257889168546,3.558116526704579e-05,26.00458005654853,48.53481142770589,6.838138109950745,0.00458316580614556,nan
357.41,229.9540252685547,-201.9532928466797,-53.21513748168945,230.49255978259217,-202.54556005759798,-53.223800072901035,0.8005466335105147,0.3137748408419144,0.0812489739043958,3.629188429768234e-05,25.961273370486047,48.237260834691185,nan,nan,nan
357.42,229.95440673828125,-201.944580078125,-53.21592330932617,230.49329805409852,-202.53702484635883,-53.2249467998812,0.8009220168360348,0.31382113273485834,0.0812722252707603,3.5554589601235584e-05,26.098369787068755,49.323552515060115,nan,0.024831936274082266,nan
357.43,229.95480346679688,-201.9358673095703,-53.21669387817383,230.4940327249946,-202.52848970770913,-53.225890093925806,0.8012827653559242,0.3138675101106692,0.08129554317158805,3.626506987450519e-05,26.05676215805341,48.247989955689576,nan,nan,nan
357.44,229.95516967773438,-201.92715454101562,-53.21744918823242,230.49478691429445,-202.51995695290995,-53.22553709148989,0.8016650645497564,0.31391397176688723,0.08131892773955222,3.552963359023637e-05,25.481108560879598,48.64763637655893,nan,1.1250357412665852,nan
357.45,229.95555114746094,-201.91844177246094,-53.21818923950195,230.49455783573197,-202.51116272096314,-53.22643563874739,0.8011955665720896,0.3138531496968956,0.08130745748471885,3.621759836844994e-05,25.51473644863522,47.57891298361768,0.011978521553626671,nan,nan
357.46,229.95591735839844,-201.90972900390625,-53.21891403198242,230.49525880298935,-202.5026261433308,-53.22776498039402,0.8015575781433301,0.3138994201550342,0.08133082279111178,3.548481727639401e-05,25.7616226531391,48.14354676342359,nan,0.13393220923450608,nan
357.47,229.95626831054688,-201.90101623535156,-53.219627380371094,230.4959614733165,-202.49409052501804,-53.22864319304456,0.8019271213033242,0.31394577595160983,0.0813542548112352,3.6194058058076887e-05,25.716371461566666,48.29708362588057,nan,nan,nan
357.48,229.9566192626953,-201.89230346679688,-53.22032165527344,230.49667187400564,-202.48555651914785,-53.228751799381236,0.8022948799765157,0.31399221604727956,0.08137775367489729,3.546295902582038e-05,25.391923698879957,47.82787122465727,nan,0.39314637089022775,nan
357.49,229.9569549560547,-201.88360595703125,-53.221004486083984,230.4973601970275,-202.47702069952908,-53.22959619343293,0.8026535357922532,0.31403874173200463,0.08140131954199002,3.617207872002729e-05,25.34369803135243,48.84844768661401,nan,nan,nan
357.5,229.95729064941406,-201.87489318847656,-53.221675872802734,230.49971612455846,-202.46497268901263,-53.23006405017687,0.801554473855755,0.3139778696264401,0.08138977455979628,3.5421211941375676e-05,24.677333695608958,47.494045803221304,2.088135716293319,0.04643099312504211,nan
357.51,229.95762634277344,-201.86618041992188,-53.22233200073242,230.5003987545261,-202.4564224613187,-53.23087859566254,0.8019105951893833,0.3140242037854482,0.08141332041434315,3.6129366782586154e-05,24.63106586367017,47.206303999881314,nan,nan,nan
357.52,229.95794677734375,-201.8574676513672,-53.22297286987305,230.50107221888496,-202.4478717236786,-53.23181390531369,0.8022720098313787,0.3140706222538182,0.0814369332854522,3.5402250402275504e-05,24.735351456450672,47.748406017854926,nan,0.012199680572179902,nan
357.53000000000003,229.95826721191406,-201.8487548828125,-53.223602294921875,230.5017416875223,-202.43932109985093,-53.232605482756966,0.8026294411096074,0.31411712617732435,0.08146061333588807,3.611035829639284e-05,24.69102213586489,47.352903962477946,nan,nan,nan
357.54,229.9585723876953,-201.8400421142578,-53.224220275878906,230.5024319841422,-202.4307743247947,-53.231874080856805,0.8029983723170279,0.3141637147322799,0.0814843606911942,3.538466870274351e-05,24.02042039677755,46.99044967488318,nan,1.576863184483662,nan
357.55,229.95887756347656,-201.83132934570312,-53.22482681274414,230.46155119133192,-202.39807061689888,-53.23274203835856,0.7575876816675229,0.3141027929869817,0.08147273762080234,3.607057948675887e-05,23.45448958544318,45.56133965061326,18.510202412176604,nan,nan
357.56,229.95916748046875,-201.82261657714844,-53.22541809082031,230.46209713288428,-202.38946722000273,-53.235805258762184,0.7578692366371543,0.31414918975794653,0.08149646419567554,3.534711065060894e-05,24.68853396702141,47.272983143106124,nan,3.7218817915241376,nan
357.57,229.95945739746094,-201.81390380859375,-53.22600173950195,230.46267737586803,-202.38086988055002,-53.236561258991046,0.7581506294064501,0.3141956718562982,0.08152025812237139,3.6054336550326233e-05,24.648037938442357,46.80856467509969,nan,nan,nan
357.58,229.95974731445312,-201.80519104003906,-53.22657012939453,230.46323709910544,-202.37226990876718,-53.23817780397771,0.7584293933626429,0.31424223858514744,0.08154411952364872,3.533214145734698e-05,25.288742357204896,47.3070367786104,nan,0.5259116034142983,nan
357.59000000000003,229.96002197265625,-201.79647827148438,-53.22712707519531,230.46380568420184,-202.3636720147109,-53.23892111012589,0.7587132987063687,0.31428889090060846,0.08156804856641652,3.603940904712783e-05,25.254501869329538,47.66582949719897,nan,nan,nan
357.6,229.96029663085938,-201.7877655029297,-53.22767639160156,230.45798124300353,-202.35165899681596,-53.23923732695082,0.7521964509611114,0.3142279179201344,0.08155634400559232,3.5297152099200975e-05,25.099007040358373,46.98376347447555,0.8308019467190837,0.06959805079989811,nan
357.61,229.9605712890625,-201.779052734375,-53.22821044921875,230.45852841510234,-202.3430541043892,-53.23995519020625,0.7524604864659825,0.3142743781256431,0.08158025148631887,3.600361134779495e-05,25.064400955490644,46.84697581322223,nan,nan,nan
357.62,229.96083068847656,-201.7703399658203,-53.228736877441406,230.4590603920633,-202.33444736358877,-53.24128405825449,0.7527333030360573,0.31432092295346914,0.08160422660805268,3.528460460974466e-05,25.61534436832595,47.63916613573993,nan,0.2677555114152017,nan
357.63,229.96109008789062,-201.76162719726562,-53.229251861572266,230.45959643237987,-202.32584241600625,-53.24198863950746,0.7530004077467246,0.3143675532489196,0.08162826954032854,3.599116187857532e-05,25.58202870706082,47.3869851143192,nan,nan,nan
357.64,229.9613494873047,-201.75291442871094,-53.22975540161133,230.46014761357367,-202.31724146276176,-53.2413247850318,0.7532585364685687,0.31441426848099296,0.08165238040199317,3.527320815218111e-05,24.7910248587124,46.39503778108871,nan,1.283960288997417,nan
357.65000000000003,229.96168518066406,-201.74420166015625,-53.23035430908203,230.48050856543045,-202.3182104287047,-53.24207605016814,0.7738224409805241,0.31435324433172723,0.08164059099008104,3.5957792797650365e-05,24.831561464011486,47.634825401996906,3.6742177679197963,nan,nan
357.66,229.96214294433594,-201.73548889160156,-53.23104476928711,230.4812132481568,-202.30962009468655,-53.24289459179141,0.7740807690143667,0.31439976748138,0.08166467950566243,3.667789963472137e-05,24.76462421370379,46.43199568952161,nan,nan,nan
357.67,229.96267700195312,-201.72677612304688,-53.23182678222656,230.48201241176722,-202.30102960108454,-53.243805835475385,0.7743512269260365,0.3144463756838802,0.08168883598364139,3.741246324877581e-05,24.69671351143469,47.08976102156303,nan,nan,nan
357.68,229.9633026123047,-201.71804809570312,-53.232696533203125,230.48290495216912,-202.29243910412544,-53.24480900211582,0.7746343227950557,0.3144930690837279,0.08171306056851813,3.816162814001369e-05,24.632669071345834,46.29713227847412,nan,nan,nan
357.69,229.96401977539062,-201.70933532714844,-53.23365783691406,230.4838819075419,-202.28384867321589,-53.24590297681977,0.774901390310919,0.3145398478254235,0.08173735340479281,3.8925538808635015e-05,24.56604796435735,46.32792972526785,nan,nan,nan
357.7,229.96475219726562,-201.70062255859375,-53.23470687866211,230.4679111285406,-202.2746080021233,-53.24552084273794,0.7633774566521012,0.31393765127750023,0.0810123001511087,3.800113204261067e-05,32.73873501810582,53.03566469807621,17.265726745319196,1.7222784771057278,0.02272079714678513
357.71,229.9654998779297,-201.69190979003906,-53.23583984375,230.4689161489269,-202.2660391752726,-53.246778649136665,0.7636570895085404,0.31398286002285775,0.08103346397040313,3.8760588077484877e-05,32.643611845613506,52.7670367804757,nan,nan,nan
357.72,229.9662322998047,-201.68319702148438,-53.237064361572266,230.46999447418528,-202.25742831752436,-53.24592508305825,0.7639348284203816,0.31402815040953336,0.081054688702886,3.7871279511812815e-05,31.5236034674625,51.968839411541346,nan,2.906699046738519,nan
357.73,229.9669647216797,-201.6744842529297,-53.23836898803711,230.47099548610976,-202.2488593582239,-53.247335509188865,0.764221284429631,0.31407352605931266,0.08107597570280022,3.862748436963912e-05,31.42655829348143,51.69256554514529,nan,nan,nan
357.74,229.96768188476562,-201.665771484375,-53.23976135253906,230.47191355752096,-202.24033353000743,-53.25113043264612,0.7645262455098932,0.3141189837356707,0.08109732393091684,3.7746107175581196e-05,32.66415810616946,52.97765695133683,nan,3.19800628905926,nan
357.75,229.96839904785156,-201.6570587158203,-53.241233825683594,230.4565070598905,-202.22388546026247,-53.25257330194829,0.7481113375383702,0.314057596803481,0.08108618668847167,3.8474166465706126e-05,32.52488361850034,51.973481466474595,3.545302389851565,nan,nan
357.76,229.96908569335938,-201.64834594726562,-53.24279022216797,230.45749420555288,-202.21527485451156,-53.25263323414432,0.7483636452547047,0.31410286653034997,0.08110752189475472,3.760160051852483e-05,31.654368399968682,51.72449731051151,nan,1.6087673540045881,nan
357.77,229.9697723388672,-201.63963317871094,-53.24443054199219,230.45841792832172,-202.20669405807996,-53.25438398034354,0.7486198126814132,0.31414822128115083,0.08112891953974567,3.8350885523137765e-05,31.557415755027925,51.030406583141335,nan,nan,nan
357.78000000000003,229.97044372558594,-201.63092041015625,-53.24614715576172,230.45937217316666,-202.19808705063895,-53.254747800314526,0.748867809440921,0.31419365819245326,0.0811503786924066,3.748571694487347e-05,30.84399450456492,50.53183025944501,nan,1.3242891215543158,nan
357.79,229.97108459472656,-201.62220764160156,-53.24794387817383,230.46026911518408,-202.18950642151535,-53.256646915721994,0.7491362650476083,0.3142391803292765,0.08117190054860393,3.8232283231680984e-05,30.747206312144165,51.10312797099657,nan,nan,nan
357.8,229.9717254638672,-201.61349487304688,-53.249820709228516,230.4499427723743,-202.1756591911599,-53.25714682574055,0.7380881971000557,0.31417776754139426,0.08116072943417917,3.7350723101643355e-05,30.17827715157305,49.67192623883302,1.2644892995027464,1.2757766379332358,nan
357.81,229.9723663330078,-201.6047821044922,-53.25175094604492,230.45079489081203,-202.16707139512067,-53.25917797463135,0.7383212661380786,0.3142231014347751,0.0811822377358325,3.8093790099286685e-05,30.08756550550948,49.12991365861532,nan,nan,nan
357.82,229.9729766845703,-201.5960693359375,-53.25368881225586,230.4516195475374,-202.15849279853538,-53.26176893146867,0.7385691774481343,0.314268517604876,0.08120380781742433,3.7243747444347005e-05,30.289480358339176,50.015756460338125,nan,0.17367191041526764,nan
357.83,229.9735870361328,-201.5873565673828,-53.255611419677734,230.4524468472251,-202.14990503035318,-53.26383357266602,0.738806534668876,0.3143140187858688,0.08122544077570477,3.7984424049033423e-05,30.214449749319424,49.49045889010993,nan,nan,nan
357.84000000000003,229.9741668701172,-201.57864379882812,-53.25750732421875,230.4532907415745,-202.14129975596737,-53.26483738665248,0.7390501607602882,0.3143596026084034,0.08124713582488018,3.714101589443884e-05,29.778296030366917,49.74833866133686,nan,0.6775754927814184,nan
357.85,229.97474670410156,-201.56993103027344,-53.259368896484375,230.45533754519215,-202.1349742654901,-53.266815137946,0.7418199651641639,0.31429816610173794,0.08123592875644184,3.7855339413159703e-05,30.032310048309686,49.33533991157449,0.41569987350538407,nan,nan
357.86,229.97531127929688,-201.56121826171875,-53.261199951171875,230.45609658257297,-202.12641429373602,-53.2699891634062,0.7420770261273762,0.3143435615503664,0.08125760975216154,3.701938747485476e-05,30.553040436218776,49.889119851313325,nan,0.907471751492461,nan
357.87,229.9758758544922,-201.55250549316406,-53.26299285888672,230.45687658935208,-202.1178349424684,-53.27194101564969,0.742320121440841,0.3143890418097971,0.08127935379772692,3.775479369249231e-05,30.487022645819028,49.48336391732037,nan,nan,nan
357.88,229.97642517089844,-201.54379272460938,-53.26475143432617,230.45767862519753,-202.1092354270958,-53.27259453751938,0.7425576417609995,0.31443460480347485,0.081301160197905,3.692499586784772e-05,29.932114374315034,49.073991522276195,nan,1.0119085032140853,nan
357.89,229.97695922851562,-201.5350799560547,-53.266475677490234,230.4584368578809,-202.10065634615165,-53.27446616785278,0.7428063062135138,0.31448025282837105,0.08132302991661375,3.765844454570665e-05,29.861518861583562,49.162785306314724,nan,nan,nan
357.90000000000003,229.97747802734375,-201.5263671875,-53.268165588378906,230.4803563375175,-202.0942304363234,-53.27609252609764,0.7585631816460943,0.3144187895851197,0.08131178289156654,3.6811817367818174e-05,28.51144811874213,49.66852142628208,13.094582061034608,0.0086908557971993,nan
357.91,229.97799682617188,-201.5176544189453,-53.26982116699219,230.48114088542803,-202.0856362013281,-53.27789492176286,0.758829648208074,0.3144642489518964,0.08133363799052284,3.754252105127155e-05,28.440916181344637,49.18771911355596,nan,nan,nan
357.92,229.97850036621094,-201.50894165039062,-53.271446228027344,230.48191724382747,-202.07704080463054,-53.27957862947739,0.7590990302132062,0.3145097911310055,0.08135555570103523,3.672536783646594e-05,28.405529237185107,49.27850140786125,nan,0.004768329263617,nan
357.93,229.97898864746094,-201.50022888183594,-53.27303695678711,230.48268132463764,-202.0684469426272,-53.28131612545552,0.7593725187841898,0.3145554181611346,0.08137753690453153,3.74543798513433e-05,28.334854836587624,49.4564349605859,nan,nan,nan
357.94,229.97947692871094,-201.49151611328125,-53.27459716796875,230.4834228622098,-202.05986110313484,-53.283546531461774,0.7596430888836212,0.31460112835168663,0.08139958102689991,3.6642697154924006e-05,28.591700210369055,49.28166623642736,nan,0.1764983806285625,nan
357.95,229.97994995117188,-201.48280334472656,-53.276123046875,230.48177739052545,-202.0527949377233,-53.28523262000417,0.7594762532809776,0.314539639742371,0.08138829168078762,3.7346734878083006e-05,29.011134672389908,49.49955626638382,0.9526276219185047,nan,nan
357.96,229.98040771484375,-201.47410583496094,-53.27762222290039,230.4825180881237,-202.04420115621554,-53.28628106707267,0.7597357947695447,0.31458516111699886,0.08141032064230558,3.654130728992649e-05,28.73989882491146,50.19622195595064,nan,0.23521267258840048,nan
357.97,229.98086547851562,-201.46539306640625,-53.279090881347656,230.48323531513586,-202.03561636153407,-53.2878973331719,0.7600050083032336,0.3146307671741492,0.08143241327087898,3.7266379474827055e-05,28.67165625884149,48.8959901688937,nan,nan,nan
357.98,229.98130798339844,-201.45668029785156,-53.2805290222168,230.48394242073985,-202.02703230230773,-53.28952628009666,0.7602787233890247,0.31467645645044573,0.08145456906729086,3.6465996030494265e-05,28.712860821187526,49.21996161978884,nan,0.0011080365627998648,nan
357.99,229.98175048828125,-201.44796752929688,-53.28193664550781,230.4846414791023,-202.01844776900484,-53.29108639639659,0.7605463631413613,0.31472223064508525,0.08147678880289949,3.718972332833847e-05,28.647462800507633,48.83758279984712,nan,nan,nan
358.0,229.982177734375,-201.4392547607422,-53.283321380615234,230.50646715494463,-202.02000647172054,-53.29152318393696,0.7824443851822601,0.3146607142673673,0.08146545328266981,3.63719933775365e-05,28.220859062066374,48.99993216130962,4.15535773726442,0.7973533374627209,nan
358.01,229.98260498046875,-201.4305419921875,-53.28467559814453,230.50718411991667,-202.01143786974225,-53.293018400153784,0.7827470194445932,0.3147062993681288,0.08148765725806842,3.709357856009613e-05,28.15215488298719,48.664328465652474,nan,nan,nan
358.02,229.98301696777344,-201.4218292236328,-53.28600311279297,230.5079197216801,-202.00285164738358,-53.2931972173636,0.7830464309992085,0.31475196773468317,0.08150992464389085,3.6303643149945405e-05,27.605548734908993,48.389381356627794,nan,1.0907052298328959,nan
358.03000000000003,229.98341369628906,-201.41311645507812,-53.28730392456055,230.50861963685506,-201.99428276291226,-53.294627662922224,0.783357641509271,0.3147977208671426,0.08153225614374889,3.7024095683288e-05,27.532585796591636,48.61132068968478,nan,nan,nan
358.04,229.9838104248047,-201.40440368652344,-53.288578033447266,230.50928878472288,-201.9857285295128,-53.297147776613194,0.7836705432239166,0.3148435575998193,0.08155465135809478,3.6238599613980776e-05,28.01530728101371,48.802551482391685,nan,0.8176262095528167,nan
358.05,229.98419189453125,-201.39569091796875,-53.289825439453125,230.50808725065738,-201.96796142473758,-53.29857099983123,0.7759100217900972,0.31478201422433577,0.08154326706350774,3.693512257002386e-05,26.73463229592434,49.07148139141535,8.027379738983326,nan,nan
358.06,229.9845733642578,-201.38697814941406,-53.29104995727539,230.50877068996218,-201.95936104348846,-53.30003782320902,0.7761995847967371,0.3148276616814412,0.08156564593599899,3.615482882694418e-05,26.803019564541955,48.74570877139914,nan,0.006493912068684495,nan
358.07,229.98495483398438,-201.37828063964844,-53.29225158691406,230.50944841353027,-201.95075955056976,-53.30138278650955,0.776472148399782,0.31487339376136597,0.08158808909662933,3.68723988893548e-05,26.733442944702485,49.18008143152759,nan,nan,nan
358.08,229.98532104492188,-201.36956787109375,-53.293426513671875,230.51013207204565,-201.94214924156356,-53.301992752362494,0.7767557019070391,0.3149192094722376,0.0816105962068931,3.609617078568713e-05,26.41066021189981,48.35728109627821,nan,0.33590160265345936,nan
358.09000000000003,229.9856719970703,-201.36085510253906,-53.294578552246094,230.51079469657716,-201.93354786276177,-53.30328477924097,0.7770499633468583,0.3149651100543104,0.08163316788051732,3.681288134040105e-05,26.34213623912016,48.59934429699762,nan,nan,nan
358.1,229.98602294921875,-201.35214233398438,-53.295711517333984,230.49731584220393,-201.92453645205134,-53.30346506081191,0.7675386415362302,0.31490353774889934,0.08162173107997414,3.601875603600008e-05,26.864199442474533,47.3901040335193,6.584484796941647,0.8556492330023786,nan
358.11,229.98635864257812,-201.3434295654297,-53.296817779541016,230.49793136197567,-201.91594853763925,-53.30470275740384,0.7678195059046083,0.31494924878090214,0.0816442857799297,3.673379864850863e-05,26.794105718903396,47.75776385468147,nan,nan,nan
358.12,229.9866943359375,-201.334716796875,-53.29790115356445,230.49855500552223,-201.90735043968192,-53.30506372592024,0.7680897970841746,0.3149950434646255,0.08166690465865413,3.596609684890406e-05,26.435244201461504,47.13529096527343,nan,0.4888596028274197,nan
358.13,229.98703002929688,-201.3260040283203,-53.29896545410156,230.49915662261122,-201.89876242811434,-53.30625086194951,0.7683611841327519,0.3150409228893326,0.0816895882751181,3.668044660800395e-05,26.363908015885194,46.730103136692975,nan,nan,nan
358.14,229.9873504638672,-201.31729125976562,-53.30000686645508,230.49973276767423,-201.89018705347996,-53.30851795900696,0.7686466381937944,0.3150868862890803,0.08171233637153227,3.591628189746445e-05,26.841525380727013,47.59977282347163,nan,0.8110857542471083,nan
358.15000000000003,229.9876708984375,-201.30857849121094,-53.301029205322266,230.5012164556398,-201.88806765741057,-53.30972483031126,0.7743463998488733,0.31502528536069774,0.08170084427115677,3.6607478745340555e-05,27.768038958216728,47.36385311317046,4.047611638333403,nan,nan
358.16,229.98797607421875,-201.29986572265625,-53.30202865600586,230.50177295968956,-201.8795152220256,-53.31199740527143,0.7746484090221512,0.31507105900773275,0.08172357477334606,3.584760393391334e-05,28.38347928213086,48.39527588255539,nan,0.863952111065886,nan
358.17,229.98828125,-201.29115295410156,-53.30301284790039,230.50234192290128,-201.8709502088038,-53.31312838042459,0.7749358399133583,0.31511691727292224,0.08174637018659024,3.655989687910592e-05,28.319690095796513,47.976398695337366,nan,nan,nan
358.18,229.98858642578125,-201.28244018554688,-53.30397415161133,230.50293110219536,-201.862367344448,-53.312587890088295,0.7752032973854052,0.3151628595208971,0.08176923030199121,3.5803235786881545e-05,27.503520237589655,47.009955676174556,nan,1.841654276082013,nan
358.19,229.98887634277344,-201.2737274169922,-53.30491638183594,230.50348812469753,-201.85380220129704,-53.31366571742422,0.7754924837512268,0.3152088866455844,0.08179215560638846,3.651504672491732e-05,27.4374826096846,47.308263025415506,nan,nan,nan
358.2,229.98916625976562,-201.2650146484375,-53.30583953857422,230.49939544902685,-201.8395135070918,-53.313105178166516,0.7683980437819571,0.31514725551472805,0.08178060457209749,3.573993758000795e-05,26.259455738880966,46.25199139397745,1.5069706211315645,1.6984717098803548,nan
358.21,229.98944091796875,-201.2563018798828,-53.30674362182617,230.49993785117815,-201.830932060755,-53.314131322827016,0.768675186090642,0.31519309261338463,0.08180351161867862,3.645044649520681e-05,26.189673191573842,46.5782698916345,nan,nan,nan
358.22,229.98971557617188,-201.24758911132812,-53.30763244628906,230.50050221616272,-201.82233148906656,-53.313252138006135,0.7689365209798225,0.31523901369439966,0.08182648358396706,3.5700650578348044e-05,25.487599286274687,45.59485469769567,nan,2.4176826828859195,nan
358.23,229.989990234375,-201.23887634277344,-53.308502197265625,230.50103326402774,-201.81374985254445,-53.31422566290826,0.7692056216981598,0.31528501953948473,0.08184952091137968,3.6410805866215513e-05,25.413964064515763,45.339419175210494,nan,nan,nan
358.24,229.99024963378906,-201.23016357421875,-53.30935287475586,230.50156691114998,-201.80516255933927,-53.314606513384504,0.7694782594305337,0.31533110968130307,0.08187262345615375,3.5663767583618635e-05,25.199104054095343,45.551470573175294,nan,0.2255534150025226,nan
358.25,229.99050903320312,-201.22145080566406,-53.31018829345703,230.4661960898319,-201.77721248959665,-53.315654532510386,0.7315593652883666,0.31526944830211967,0.08186101053831998,3.635133361860389e-05,24.868653934400395,44.555210303111686,12.977275177512837,nan,nan
358.26,229.9907684326172,-201.21273803710938,-53.311004638671875,230.46664903897485,-201.76859937179285,-53.31692485772125,0.7317644593016379,0.31531534819684404,0.08188409416744334,3.560780390327522e-05,24.942932614035545,44.50266421097059,nan,0.0829726323281956,nan
358.27,229.9910125732422,-201.2040252685547,-53.31180953979492,230.46710152788202,-201.75998288247052,-53.3178343281871,0.7319739471294122,0.31536133274873124,0.0819072433304474,3.6316533846437484e-05,24.86968276619586,44.706966359945326,nan,nan,nan
358.28000000000003,229.9912567138672,-201.1953125,-53.31259536743164,230.46756655405105,-201.75135396114615,-53.31737422205777,0.7321721162548173,0.31540740158633307,0.08193045792092457,3.557548575222901e-05,24.424332099838736,44.147392208370306,nan,1.2528160598740659,nan
358.29,229.9915008544922,-201.1865997314453,-53.3133659362793,230.46800900800667,-201.74273723342438,-53.31824015546419,0.732374698829748,0.3154535553478169,0.08195373832559612,3.628402091271553e-05,24.34996923439655,43.88817037162269,nan,nan,nan
358.3,229.99172973632812,-201.17788696289062,-53.31412124633789,230.4561424426505,-201.72537358446584,-53.32039166332255,0.7179554865913915,0.31539186239921646,0.08194205996760764,3.552399773401093e-05,24.3491806471582,44.42845088483746,3.4245183720599552,1.477036520172352,nan
358.31,229.99195861816406,-201.16917419433594,-53.31486129760742,230.45655880830643,-201.71673678006627,-53.321239981405874,0.7181356484529985,0.31543782563961936,0.08196532076199456,3.623150689424939e-05,24.278152382511415,44.20985199196372,nan,nan,nan
358.32,229.9921875,-201.16046142578125,-53.31558609008789,230.45696508917584,-201.70810374965532,-53.32253941785999,0.7183165535231699,0.3154838731480539,0.0819886471886495,3.549590655045144e-05,24.43063524215889,44.209018386771994,nan,0.1484020358069311,nan
358.33,229.99240112304688,-201.15174865722656,-53.3162956237793,230.45737246536675,-201.69946659105992,-53.3233647523476,0.7185007006260578,0.3155300054813869,0.08201203960063004,3.620331762977303e-05,24.361824378354186,44.57743511559954,nan,nan,nan
358.34000000000003,229.99261474609375,-201.14303588867188,-53.316993713378906,230.4577809851325,-201.6908252705182,-53.32367968227554,0.7186776321725276,0.3155762223900084,0.08203549794134905,3.5469810661067966e-05,24.155337357439223,44.133361436608716,nan,0.1698590704767797,nan
358.35,229.99282836914062,-201.1343231201172,-53.31767272949219,230.46393637601275,-201.67981233018364,-53.324398568708176,0.7207957195704674,0.31551449756285316,0.08202375107162528,3.615502909450256e-05,23.404048959647447,44.064591198383326,3.0505865763180373,nan,nan
358.36,229.9930419921875,-201.1256103515625,-53.31834411621094,230.46434855021698,-201.67115969267107,-53.32500453459493,0.720970399114028,0.31556052371310084,0.08204718910857647,3.5424370398609806e-05,23.319760280365532,43.70288620150384,nan,0.020849646196568098,nan
358.37,229.9932403564453,-201.1168975830078,-53.319000244140625,230.46475467580734,-201.6625083309087,-53.325770356384346,0.7211537117759321,0.31560663459360433,0.0820706933003253,3.613082714850979e-05,23.250263418389913,44.08897501436754,nan,nan,nan
358.38,229.99343872070312,-201.10818481445312,-53.31964111328125,230.46516234411982,-201.653852781343,-53.325984675499825,0.7213299853470189,0.3156528300231824,0.08209426361963829,3.540202974799685e-05,23.033152665839044,43.77341139215079,nan,0.20066918244433535,nan
358.39,229.99363708496094,-201.09947204589844,-53.32027053833008,230.4655605726801,-201.64520128793822,-53.32672110591136,0.7215079997480598,0.3156991104561907,0.08211790037609917,3.610850452954449e-05,22.964169194685994,43.52198499253464,nan,nan,nan
358.40000000000003,229.99383544921875,-201.09075927734375,-53.32088851928711,230.47561508103266,-201.64242320546273,-53.325722644744765,0.7324398077571643,0.31563735261315934,0.08210608149912876,3.53602453894089e-05,22.61744500882358,42.948547483044656,1.2358123274896762,2.228186740401723,nan
358.41,229.9940185546875,-201.08204650878906,-53.321495056152344,230.47602019145614,-201.63378349194795,-53.32641956214178,0.7326414724762473,0.31568344201163967,0.0821296972269302,3.6065896676158984e-05,22.544566274290776,43.30774498528282,nan,nan,nan
358.42,229.99420166015625,-201.07333374023438,-53.322086334228516,230.47643212262244,-201.62513573937548,-53.3259678973695,0.7328347233305025,0.31572961592758864,0.08215337927612848,3.534135456895189e-05,22.214615980066448,42.8982704915701,nan,0.8957544682493945,nan
358.43,229.994384765625,-201.06460571289062,-53.32266616821289,230.4768296624762,-201.6164958207464,-53.32663159955835,0.7330426278822934,0.3157758747583397,0.08217712793090941,3.604709481252173e-05,22.14323292543175,41.81488910600192,nan,nan,nan
358.44,229.9945526123047,-201.05589294433594,-53.323238372802734,230.4772278405706,-201.60785256915307,-53.3268031682658,0.7332445098168254,0.3158222184082438,0.08220094320170389,3.532408834480099e-05,21.982978885244336,42.897738706860636,nan,0.16063504923422814,nan
358.45,229.99473571777344,-201.04718017578125,-53.323795318603516,230.45225077298852,-201.5801598312832,-53.32753871589281,0.7024253354988701,0.31576042704838825,0.08218904915382418,3.600790377484015e-05,21.0485094689965,41.88867821021545,10.70970432706535,nan,nan
358.46,229.99490356445312,-201.03846740722656,-53.3243408203125,230.4526065916521,-201.5714746676451,-53.327888027937064,0.7025677073762573,0.3158065794121451,0.08221284266844893,3.528719569367983e-05,20.932912217603572,42.2054237809727,nan,0.05451738050672225,nan
358.47,229.9950714111328,-201.02975463867188,-53.32487869262695,230.45295671094357,-201.56279118469234,-53.328504707662596,0.7027090828794339,0.3158528166052444,0.08223670295516504,3.599232225725372e-05,20.85914281947425,41.95102983722068,nan,nan,nan
358.48,229.99522399902344,-201.0210418701172,-53.32540512084961,230.4533087248168,-201.5541036097754,-53.32846229653323,0.7028554478808463,0.31589913857909674,0.08226063004620471,3.527295790512615e-05,20.675903091579382,42.2206911067846,nan,0.29296599026481634,nan
358.49,229.99539184570312,-201.0123291015625,-53.32592010498047,230.4536522249354,-201.54541998025667,-53.32905320163127,0.7029923729427379,0.31594554566048094,0.08228462419340146,3.5978255065514174e-05,20.60230864533175,41.48511819608665,nan,nan,nan
358.5,229.99554443359375,-201.0036163330078,-53.32642364501953,230.45607075550652,-201.53882338536602,-53.329081694982506,0.7060723385730833,0.31588371977213564,0.0822726515272896,3.523899322853698e-05,20.638357302355182,41.836642098299215,0.2071711570986227,0.24322080872232515,nan
358.51,229.99569702148438,-200.99488830566406,-53.32691955566406,230.45641012573276,-201.53014510794796,-53.3296492160661,0.7062321571999363,0.31592993528785146,0.08229662316399922,3.594361036281735e-05,20.565781104273494,40.70590851431064,nan,nan,nan
358.52,229.99595642089844,-200.98617553710938,-53.32750701904297,230.45680565701147,-201.52145960352763,-53.32897978366503,0.706337893095694,0.3159762355415969,0.08232066178865535,3.522751369828144e-05,20.342680114390816,41.08544971057458,nan,1.1409013079844283,nan
358.53000000000003,229.99624633789062,-200.9774627685547,-53.32818603515625,230.4572654535277,-201.5127811065618,-53.32967099387775,0.706474736343684,0.3160226208218274,0.08234476763455728,3.59323517947525e-05,20.26277761686982,41.74674776457047,nan,nan,nan
358.54,229.99656677246094,-200.96875,-53.328956604003906,230.45775216452344,-201.50410934231192,-53.33175607597728,0.7066183045292751,0.31606909113749876,0.08236894076148138,3.5217330070795564e-05,20.34422857152983,41.515853284797394,nan,1.1803120295129654,nan
358.55,229.9969024658203,-200.9600372314453,-53.32981872558594,230.50283253432474,-201.51902079565582,-53.33269686400995,0.7539470425402327,0.3160072300841406,0.08235688624751464,3.5900414069193536e-05,20.649647395239914,41.929685175123936,18.957537520872737,nan,nan
358.56,229.99722290039062,-200.95132446289062,-53.33076858520508,230.50340694950987,-201.5103910951598,-53.33536996110982,0.7541876182752992,0.31605350856984976,0.08238103610402073,3.51872402049435e-05,20.94072358720697,42.90804019861142,nan,2.000928813551728,nan
358.57,229.99755859375,-200.94259643554688,-53.331809997558594,230.50399038407778,-201.5017525902576,-53.33645698998721,0.7544205446195963,0.31609987200318856,0.08240525334469202,3.589170143315442e-05,20.864010432940713,41.15048922645253,nan,nan,nan
358.58,229.9978790283203,-200.9338836669922,-53.33293533325195,230.5045716897822,-201.4931124382721,-53.33732238253293,0.754647943088685,0.3161463204239021,0.08242953804490455,3.517944675228227e-05,20.730463617789397,42.405769891904995,nan,0.06730865756070047,nan
358.59000000000003,229.99818420410156,-200.9251708984375,-53.33414840698242,230.5051463273658,-201.4844737847635,-53.338582783321726,0.7548840816779088,0.3161928540742435,0.0824538904147611,3.588418336855583e-05,20.652079387653167,42.68415576824138,nan,nan,nan
358.6,229.99850463867188,-200.9164581298828,-53.335445404052734,230.50937838111423,-201.47210798361618,-53.339527815783896,0.7548214403132164,0.31613095692562815,0.0824417506441142,3.5151651970033295e-05,19.874308465329968,41.81996255572069,3.56125236427423,0.04340787076042599,nan
358.61,229.99880981445312,-200.90774536132812,-53.33682632446289,230.50995426144044,-201.46345300192291,-53.34095503391285,0.7550474645630694,0.31617729846217957,0.0824660789606871,3.585580563007856e-05,19.797618956866653,42.120263218776934,nan,nan,nan
358.62,229.9990997314453,-200.89901733398438,-53.338294982910156,230.51052529890933,-201.45479726816876,-53.34226498390988,0.7552901476954597,0.3162237249346037,0.08249047491091793,3.5146014770504046e-05,19.694327887008267,41.38502843382828,nan,0.028554473303704246,nan
358.63,229.9993896484375,-200.8903045654297,-53.339839935302734,230.5110894921484,-201.4461425488884,-53.34385861763431,0.7555188572874031,0.3162702365608843,0.08251493869194355,3.585047816576514e-05,19.618844345761755,42.10944634866651,nan,nan,nan
358.64,229.9996795654297,-200.881591796875,-53.341468811035156,230.5116529380062,-201.43748317644446,-53.34441400149497,0.7557384694812372,0.31631683341725586,0.0825394703984526,3.514138851432769e-05,19.338334372413012,41.52928421816516,nan,0.8802776161496475,nan
358.65000000000003,229.9999542236328,-200.8728790283203,-53.34318161010742,230.547425845693,-201.4539927365765,-53.34617205832687,0.7983904193219212,0.31625489944473945,0.08252724209812917,3.582419729201303e-05,20.371949227111905,42.5780629571505,17.201118921259457,nan,nan
358.66,230.00022888183594,-200.86416625976562,-53.344970703125,230.54802242839037,-201.445391720784,-53.347708936729,0.7986916201550882,0.3163013039117815,0.08255174896058717,3.511659303262093e-05,20.259676787110255,42.29277142826462,nan,0.05964530724465885,nan
358.67,230.00050354003906,-200.85545349121094,-53.34683609008789,230.54861208173725,-201.4367920444061,-53.34961474829226,0.7989901174951893,0.31634779345829617,0.08257632381260488,3.582083557667835e-05,20.18619507134361,42.051676114186364,nan,nan,nan
358.68,230.00076293945312,-200.84674072265625,-53.348758697509766,230.54919600462023,-201.42819301181035,-53.35169072830437,0.799296058000856,0.3163943681792544,0.08260096675950465,3.511380875039678e-05,20.139726898802017,42.33955999396736,nan,0.00735988146229264,nan
358.69,230.0010223388672,-200.8380126953125,-53.35068893432617,230.54977505814344,-201.41959383885185,-53.35369764850054,0.7996094207765467,0.31644102826449494,0.08262567798257714,3.581839451272809e-05,20.07435397445565,41.20633972916895,nan,nan,nan
358.7,230.00128173828125,-200.8292999267578,-53.352603912353516,230.56728851063565,-201.41567432601732,-53.35640385791344,0.8149926637978137,0.3128662243599184,0.07802825727603963,3.5089899651978046e-05,28.104268498110596,50.124715365834135,7.838029557714206,0.3173735263499792,0.030026805347987563
358.71,230.00152587890625,-200.82058715820312,-53.3544921875,230.56790231120056,-201.4070968380399,-53.35839561832191,0.815347229328002,0.31291550420810643,0.07804472412437505,3.579394423627184e-05,28.013502981877732,50.50049785358237,nan,nan,nan
358.72,230.00177001953125,-200.81187438964844,-53.35634994506836,230.56841425688123,-201.3983934495074,-53.35823323750405,0.8155328602148334,0.31296486510062865,0.07806124689966894,3.50887890366307e-05,27.584666472908623,49.85152662115359,nan,3.1752380825985123,nan
358.73,230.00201416015625,-200.80316162109375,-53.35817337036133,230.56901848293646,-201.38981576896256,-53.360143890499515,0.8158804288697821,0.31301431310724975,0.07807783571268792,3.579320007489421e-05,27.488489645712537,49.56844713348013,nan,nan,nan
358.74,230.0022430419922,-200.79444885253906,-53.35995864868164,230.56956569352334,-201.38117071695606,-53.36086067484923,0.8161484857404999,0.31306384252211455,0.07809448092621821,3.508844751878337e-05,27.299099894958456,49.94859803606666,nan,0.945751109819813,nan
358.75,230.00247192382812,-200.78573608398438,-53.36171340942383,230.5668130914548,-201.364666811767,-53.36275392725968,0.8084818017287243,0.31300200007206785,0.078083885367217,3.577125432719137e-05,26.18486000146855,49.402286312411064,6.756741340811221,nan,nan
358.76,230.00270080566406,-200.7770233154297,-53.36343002319336,230.56753717568486,-201.35623313919558,-53.36763835902906,0.809037610334462,0.3130513227722411,0.07810054137465777,3.5067699973316703e-05,26.556087476287637,49.68499034411002,nan,6.694659403506396,nan
358.77,230.00291442871094,-200.768310546875,-53.365116119384766,230.56811959595427,-201.34762415989817,-53.36943481893929,0.8093699985040045,0.31310073238045977,0.07811726327615413,3.577198700795052e-05,26.468566482660307,49.965726441712974,nan,nan,nan
358.78000000000003,230.00314331054688,-200.7595977783203,-53.36676788330078,230.56869130064229,-201.33900733722564,-53.37105495631851,0.8096779267380839,0.31315022349135896,0.07813404218365529,3.506873929369915e-05,26.36926348462984,49.024159559809846,nan,0.014483576675149604,nan
358.79,230.0033416748047,-200.75088500976562,-53.368385314941406,230.56926488113868,-201.33039869826712,-53.37278508507831,0.8100151533182623,0.3131998017234068,0.07815088709673015,3.577341053088308e-05,26.282706125234796,50.13033538222883,nan,nan,nan
358.8,230.00355529785156,-200.74217224121094,-53.369972229003906,230.5761641274224,-201.32515267773627,-53.37458336656222,0.8171709268343652,0.3131378519587136,0.07814033880885604,3.504929938635664e-05,26.359356183090814,49.42512848481197,0.48492543870315097,0.002561788669823868,nan
358.81,230.00375366210938,-200.73345947265625,-53.371524810791016,230.5767397779382,-201.31655032674155,-53.37625268520395,0.8175147618526484,0.31318722309497504,0.07815719388729714,3.575348521515015e-05,26.275823565662574,49.9374090474289,nan,nan,nan
358.82,230.0039520263672,-200.72474670410156,-53.373046875,230.57727739689014,-201.30790511907435,-53.37709435295772,0.8177971016802823,0.3132366758283183,0.07817410655827386,3.505155527021932e-05,26.016570159677585,49.502263330234285,nan,0.44778001250378646,nan
358.83,230.004150390625,-200.71603393554688,-53.374542236328125,230.57784501967782,-201.29930247672624,-53.378695938030994,0.8181350571705125,0.31328621547424557,0.07819108510959856,3.575613855628596e-05,25.930942550383662,49.133098842232606,nan,nan,nan
358.84000000000003,230.0043487548828,-200.7073211669922,-53.37600326538086,230.57843598701606,-201.2907338704362,-53.380917356115695,0.8185173675164351,0.3133358370821544,0.0782081217095151,3.5054380249820245e-05,26.03714231487798,49.206009297309876,nan,0.29646604702024365,nan
358.85,230.00453186035156,-200.6986083984375,-53.377437591552734,230.58595839935998,-201.28028833322875,-53.38240167436492,0.8224554753421194,0.31327378534643074,0.07819762553762571,3.5737374108811014e-05,25.179271863920274,49.734143403278445,3.9587678770544734,nan,nan
358.86,230.0047149658203,-200.6898956298828,-53.378841400146484,230.5864882045148,-201.27161849390478,-53.38296800210041,0.822726333983963,0.31332319962623156,0.07821467201742233,3.503659390476227e-05,24.87538923646818,49.31939124227604,nan,0.6424897358497464,nan
358.87,230.00489807128906,-200.68116760253906,-53.380218505859375,230.58705389626945,-201.26299750159836,-53.384452424597946,0.8230731207285531,0.31337270060961175,0.07823178426495185,3.57411030075733e-05,24.793528734399274,48.17781791128055,nan,nan,nan
358.88,230.00506591796875,-200.67245483398438,-53.381568908691406,230.58762810917727,-201.2543913430375,-53.38620849348347,0.8234381172508678,0.3134222836475171,0.07824895511993928,3.504042208163146e-05,24.80604115250057,49.56562077418271,nan,0.06278139910636782,nan
358.89,230.0052490234375,-200.6637420654297,-53.38289260864258,230.5881865443819,-201.24577018437253,-53.38764280770049,0.8237690507393658,0.3134719536026276,0.07826619187278006,3.574533516269219e-05,24.724478999389465,48.621502270515805,nan,nan,nan
358.90000000000003,230.0054168701172,-200.655029296875,-53.38418960571289,230.58150042810715,-201.23745538620017,-53.38924235907882,0.8192178865415216,0.3134097949704854,0.0782557364524363,3.502357915826335e-05,25.334312054699822,49.042114356033316,4.5358814106033565,0.0016224678394732264,nan
358.91,230.00558471679688,-200.6463165283203,-53.385459899902344,230.5820384394727,-201.22884554531214,-53.390630277373255,0.8195521233133903,0.3134592572137288,0.07827298243111777,3.572802290421338e-05,25.25555433472897,48.86236914788057,nan,nan,nan
358.92,230.0057373046875,-200.63760375976562,-53.38670349121094,230.58250479988806,-201.22015258540077,-53.39026407342883,0.819778357554369,0.3135088016012505,0.07829028755542124,3.5028277589260366e-05,24.770684840857747,48.95058727032771,nan,2.10898705656056,nan
358.93,230.0059051513672,-200.62889099121094,-53.38792419433594,230.5830359367915,-201.21154255002895,-53.391586261154046,0.8201074278476755,0.313558432698723,0.07830765848632106,3.5733132338669596e-05,24.68718404173007,47.960141251994905,nan,nan,nan
358.94,230.0060577392578,-200.62017822265625,-53.389122009277344,230.58353204529087,-201.2028941955469,-53.392068035169764,0.8203920759361345,0.3136081463029132,0.07832508899897227,3.50333836478611e-05,24.46225123615363,48.24671624138828,nan,0.4701339676005769,nan
358.95,230.00621032714844,-200.61146545410156,-53.39029312133789,230.62347043319605,-201.21161710879772,-53.39337787929066,0.8609306376730215,0.3135458853634211,0.0783146774035997,3.5716642408740734e-05,24.294231652321123,49.44791286089392,13.981673557976999,nan,nan
358.96,230.00636291503906,-200.60275268554688,-53.391441345214844,230.62408504151074,-201.20306200961252,-53.39532147893664,0.8613750434802162,0.3135953910181659,0.07833211678843377,3.501770671274612e-05,24.36182507701593,49.352761548821,nan,0.34414113225849796,nan
358.97,230.0065155029297,-200.5940399169922,-53.3925666809082,230.62467006709778,-201.19447510171153,-53.39655149842282,0.861773377995297,0.3136449831776136,0.0783496219024686,3.572250580167785e-05,24.281073112078655,49.13107140125682,nan,nan,nan
358.98,230.00665283203125,-200.5853271484375,-53.39366912841797,230.6252538774236,-201.18589012048662,-53.397806050135436,0.8621834206700328,0.3136946579281297,0.07836718710700555,3.502351404791133e-05,24.22938665449762,49.69428504113651,nan,0.0014993192763960576,nan
358.99,230.0067901611328,-200.5766143798828,-53.394752502441406,230.6258331702919,-201.17730286573655,-53.39899381701258,0.862588484142526,0.3137444194005539,0.07838481819126038,3.572872298691522e-05,24.14893969072646,49.40762620603067,nan,nan,nan
359.0,230.00694274902344,-200.56790161132812,-53.39581298828125,230.61638539075827,-201.16846879636708,-53.40154857871542,0.855648394089518,0.313682051966238,0.07837444052195765,3.500849205980445e-05,25.189784701389627,48.68064990971121,3.1378694931921554,1.2262092722206437,nan
359.01,230.00706481933594,-200.55918884277344,-53.3968505859375,230.6169407327227,-201.15989368023253,-53.4027094939421,0.8560544715607136,0.3137316051061795,0.0783920798018297,3.571323492280604e-05,25.116349268295266,49.95373086853315,nan,nan,nan
359.02,230.0072021484375,-200.55047607421875,-53.39786911010742,230.61743118352788,-201.15124566241397,-53.402134160610835,0.8563420835293525,0.3137812409167667,0.07840977965971829,3.501489568419196e-05,24.58136801891965,48.5040856392934,nan,2.0780538533293966,nan
359.03000000000003,230.00733947753906,-200.54176330566406,-53.39886474609375,230.61798107103675,-201.14267037005786,-53.40323854782669,0.8567330890594599,0.3138309632488595,0.07842754534236991,3.572005130446727e-05,24.5045712648113,48.40870345415864,nan,nan,nan
359.04,230.00746154785156,-200.53305053710938,-53.399845123291016,230.61851555578818,-201.13408004251585,-53.40396289651427,0.8571116747780707,0.3138807686090921,0.07844537201831318,3.502157999133669e-05,24.359806476522433,48.70293897757142,nan,0.0919177475652212,nan
359.05,230.00758361816406,-200.5243377685547,-53.40080261230469,230.59899642918194,-201.11205785936681,-53.40494840965529,0.8337872665230331,0.31381829854489013,0.07843502979862309,3.570512108734086e-05,23.687551122432644,47.88536368938917,6.880085918866997,nan,nan
359.06,230.00770568847656,-200.515625,-53.40174102783203,230.59940684460352,-201.10333512537247,-53.403128437316866,0.8339756438484158,0.3138678953276388,0.0784528642493554,3.500734270563527e-05,23.16838762723491,47.23818366065914,nan,5.785586746796741,nan
359.07,230.00782775878906,-200.5069122314453,-53.40266036987305,230.59991453980726,-201.09472761164636,-53.40412484870485,0.8343235716169376,0.313917578435198,0.07847076448391066,3.57124405324247e-05,23.081133913359064,47.05723829697171,nan,nan,nan
359.08,230.00794982910156,-200.49819946289062,-53.403564453125,230.60030482976507,-201.08598791654686,-53.40173464468833,0.8344956927759158,0.3139673446426347,0.0784887261697321,3.5014493391899054e-05,23.02490862318217,46.79943671717619,nan,8.007821710203123,nan
359.09000000000003,230.00807189941406,-200.48948669433594,-53.404449462890625,230.60080778203687,-201.07738035525267,-53.40266264479399,0.8348400899655126,0.3140171973977899,0.07850675381070384,3.571999793365248e-05,22.927308217101412,46.63855848179235,nan,nan,nan
359.1,230.0081787109375,-200.48077392578125,-53.40531539916992,230.60317580170027,-201.05839363414037,-53.402154170710325,0.8292623582838046,0.313954621213666,0.07849643840497134,3.500068883678997e-05,21.484410311759024,47.430759125732266,15.97227335673232,1.117785471924279,nan
359.11,230.00828552246094,-200.4720458984375,-53.40616226196289,230.60368120558758,-201.04973908375612,-53.40303286960331,0.8295994388534472,0.3140042650114645,0.0785144731232219,3.5705722468124e-05,21.383445629375053,46.37084501059558,nan,nan,nan
359.12,230.00839233398438,-200.4633331298828,-53.4069938659668,230.60418989622218,-201.04109106911397,-53.404067284491894,0.8299322480734681,0.31405399197481704,0.07853256972989636,3.50082251386378e-05,21.262550189411318,46.99099005503783,nan,0.020846995547169803,nan
359.13,230.0084991455078,-200.45462036132812,-53.40781021118164,230.60469064636152,-201.03243646522424,-53.404915720774234,0.8302554629068063,0.3141038052960771,0.07855073227284219,3.5713665901093376e-05,21.161722115518785,46.78307475405369,nan,nan,nan
359.14,230.00860595703125,-200.44590759277344,-53.40861129760742,230.60522247057872,-201.02381903255795,-53.40678599780567,0.8306239992865125,0.3141537021338245,0.07856895709890559,3.5015945200517176e-05,20.932009024471345,46.43765925546719,nan,0.7589217146480737,nan
359.15000000000003,230.0087127685547,-200.43719482421875,-53.409393310546875,230.61262595566424,-201.0176403233631,-53.40762664204041,0.8376343093256018,0.3140910230240475,0.07855866870745666,3.569974764681594e-05,20.781286278385487,46.58994917724879,0.45167048126809306,nan,nan
359.16,230.00881958007812,-200.42848205566406,-53.410160064697266,230.61313464263876,-201.00898979240137,-53.40851594498458,0.8379669625821498,0.3141407106506931,0.07857690012496274,3.5002635825361736e-05,20.681907216880937,46.404672386308455,nan,0.004039156221721926,nan
359.17,230.0089111328125,-200.41976928710938,-53.41091537475586,230.61363919219772,-201.0003363881176,-53.409315754742416,0.8383058769715882,0.3141904844501884,0.07859519747318432,3.570800419358186e-05,20.586690599171586,46.83756812984191,nan,nan,nan
359.18,230.00900268554688,-200.4110565185547,-53.411651611328125,230.6141572377681,-200.99169990906518,-53.41060141439668,0.8386655363917,0.31424034182253896,0.07861355751325994,3.5010644993506526e-05,20.457368099089813,46.7392893674167,nan,0.1764185752874466,nan
359.19,230.00909423828125,-200.40234375,-53.41237258911133,230.61465779998755,-200.98304634909164,-53.411378108938166,0.839001623865546,0.3142902855976526,0.0786319836755272,3.5716411673202114e-05,20.36490920760925,46.562928128403485,nan,nan,nan
359.2,230.0092010498047,-200.3936309814453,-53.413082122802734,230.62464086651144,-200.96802606958192,-53.41421968375553,0.8418415404982285,0.3142275007102685,0.0786217147239561,3.499760247913809e-05,18.919452852793196,46.085484217371565,13.028719103916417,2.8657832987460354,nan
359.21,230.00927734375,-200.38490295410156,-53.41377639770508,230.62515695565352,-200.95933304883928,-53.41499081853484,0.8421870961471526,0.3142772348991754,0.07864014675971875,3.5702888880122154e-05,18.837266181030753,46.46252731963604,nan,nan,nan
359.22,230.00936889648438,-200.37619018554688,-53.41445541381836,230.62566731405997,-200.95063569574316,-53.41561928731685,0.842503850609817,0.314327052710548,0.07865864187637807,3.500584038622017e-05,18.74756707125541,46.52959835847501,nan,0.011873301280078323,nan
359.23,230.00946044921875,-200.3674774169922,-53.415122985839844,230.62617967839603,-200.94194240357368,-53.41636331660465,0.8428251104858543,0.3143769567476459,0.07867720313026552,3.571152423232333e-05,18.665370475179017,46.26740912298317,nan,nan,nan
359.24,230.00955200195312,-200.3587646484375,-53.41577911376953,230.62671105216862,-200.93327169018252,-53.41782074860087,0.8431772070865581,0.3144269447507055,0.07869582784032965,3.501419049188393e-05,18.65528050863622,46.091426141629455,nan,0.3717528380303612,nan
359.25,230.00962829589844,-200.3500518798828,-53.41641616821289,230.62650175484845,-200.9320804327985,-53.41842151142056,0.8481120929260827,0.3143640566773878,0.07868557742619955,3.569821153473309e-05,19.600647843159813,46.66894113181173,7.318984844007485,nan,nan
359.26,230.00970458984375,-200.34133911132812,-53.41704559326172,230.62698317258008,-200.92339617939354,-53.41835938118279,0.8484250144995599,0.314413834831142,0.07870420746191764,3.500143064958882e-05,19.45135192732213,46.26723383919173,nan,0.4231712933844839,nan
359.27,230.00979614257812,-200.33261108398438,-53.417659759521484,230.62748470035623,-200.9147350499269,-53.4190520020327,0.848769347039496,0.3144636990388382,0.07872290366193095,3.570702110615369e-05,19.37366067117184,44.57372166266861,nan,nan,nan
359.28000000000003,230.00987243652344,-200.3238983154297,-53.41826248168945,230.62803348570623,-200.90612580220966,-53.421512197437686,0.8491893132519571,0.31451364725212955,0.07874166368074291,3.500994073138024e-05,19.53597573092087,46.223550767188534,nan,2.2338200892978177,nan
359.29,230.00994873046875,-200.315185546875,-53.418853759765625,230.62853189796195,-200.89746479744295,-53.42219972354262,0.8495324927402658,0.3145636817569015,0.07876049007403757,3.571591857372373e-05,19.46327077075442,46.03979123010253,nan,nan,nan
359.3,230.01002502441406,-200.3064727783203,-53.41943359375,230.62711366249005,-200.88386158873186,-53.42194013691405,0.8450931950912687,0.31450068821330557,0.07875025149221175,3.4997328460523995e-05,18.772478636427714,45.707782987441256,2.4915559076470974,0.4652875987863544,nan
359.31,230.01010131835938,-200.29776000976562,-53.42000198364258,230.62760723351892,-200.87518224447757,-53.422595707482934,0.8454210310845831,0.31455051249933264,0.07876908247251589,3.5702814698619065e-05,18.697760254304804,45.557232847430186,nan,nan,nan
359.32,230.0101776123047,-200.28904724121094,-53.42055892944336,230.62807119739668,-200.8664734809443,-53.42216907579374,0.8457045213321985,0.3146004208236092,0.07878797761614029,3.500595483552343e-05,18.500225730574616,45.27426931394655,nan,0.8109846866105532,nan
359.33,230.01023864746094,-200.2803192138672,-53.42110061645508,230.6285617564091,-200.85779402306375,-53.422793628744415,0.8460517056342072,0.3146504152760097,0.07880693917969864,3.571182716854734e-05,18.42473717143706,45.055044180283076,nan,nan,nan
359.34000000000003,230.01031494140625,-200.2716064453125,-53.421634674072266,230.62904440684235,-200.84910792140596,-53.4231545433181,0.8463665968665682,0.3147004941024362,0.07882596526422073,3.501464265841506e-05,18.328203326163077,44.96206507435435,nan,0.045437138123358735,nan
359.35,230.0103759765625,-200.2628936767578,-53.42216110229492,230.6322239356922,-200.83632571263243,-53.42378256204012,0.8458852245859252,0.31463739715322947,0.07881573671547752,3.569882987666386e-05,17.643061351552117,45.65464397538037,2.857179475732635,nan,nan
359.36,230.0104522705078,-200.25418090820312,-53.422672271728516,230.63268206017182,-200.8275908507791,-53.42299526508658,0.8461495008064513,0.3146872654884157,0.07883476678071222,3.5002163363106776e-05,17.49116975445765,44.83142715022755,nan,1.3456643359664326,nan
359.37,230.01051330566406,-200.24546813964844,-53.42317581176758,230.63317318546478,-200.81889117978122,-53.423565256546745,0.8464747252787916,0.31473721979369745,0.07885386332169073,3.5707919221390515e-05,17.41083417024365,45.299145518816516,nan,nan,nan
359.38,230.010498046875,-200.2367401123047,-53.423770904541016,230.63362744831738,-200.81019797970566,-53.42443934075006,0.8468439191686883,0.31478725849563977,0.07887302470428928,3.501092109941338e-05,17.338264126118325,43.93603624787149,nan,0.04826365169857981,nan
359.39,230.01043701171875,-200.22802734375,-53.424461364746094,230.63401190698738,-200.80149851837928,-53.42514838475138,0.8471808013266441,0.3148373834129252,0.07889225278958933,3.57170528174008e-05,17.25719785692163,44.84534294428744,nan,nan,nan
359.40000000000003,230.01034545898438,-200.2193145751953,-53.42523956298828,230.64954786186365,-200.7997208331471,-53.426136719896995,0.8633955877850825,0.3147741812661543,0.07888202826288489,3.499850748802016e-05,17.228866080404938,45.99114457923417,2.244858157988754,0.01078868359082703,nan
359.41,230.01026916503906,-200.21060180664062,-53.426109313964844,230.64991225844778,-200.79103116800945,-53.427032975457045,0.8637374506382467,0.3148240953287621,0.07890125956880831,3.5704136088534114e-05,17.15075543744483,44.69960070544099,nan,nan,nan
359.42,230.01016235351562,-200.20187377929688,-53.42707061767578,230.65024913585705,-200.78232011568227,-53.42709506414075,0.8640769867026061,0.31487409380382464,0.07892055602076872,3.500730469966195e-05,17.04873038492957,44.903577256535556,nan,0.6036991900898623,nan
359.43,230.01007080078125,-200.1931610107422,-53.42811584472656,230.65060514938287,-200.77363019820382,-53.428162348322495,0.8644239304261835,0.3149241783444788,0.07893991924698458,3.571330801818893e-05,16.970118036042226,45.09868801900083,nan,nan,nan
359.44,230.00997924804688,-200.1844482421875,-53.42924880981445,230.65097087224459,-200.76494992089664,-53.4297594771795,0.8647847836640664,0.3149743476258128,0.07895934796137984,3.5016129180472354e-05,16.899234116277626,45.04680442887438,nan,0.13733228311170242,nan
359.45,230.0098876953125,-200.1757354736328,-53.43046951293945,230.61712209002724,-200.73680466598734,-53.431008328299,0.8267602669794444,0.3149110418965967,0.07894912494676508,3.5700428840466014e-05,16.395291250413244,43.98266499108446,13.062873861443366,nan,nan
359.46,230.00979614257812,-200.16700744628906,-53.4317741394043,230.61739318401683,-200.72804594793334,-53.43090979250097,0.8270061137548474,0.3149610000417427,0.07896855622087638,3.500374856695158e-05,16.332353931990426,43.0882700547263,nan,1.4498451338909186,nan
359.47,230.00970458984375,-200.15829467773438,-53.43316650390625,230.6176971365801,-200.71931767502582,-53.43231574418579,0.8272862045077995,0.3150110441078155,0.07898805434929229,3.570961310772301e-05,16.25367674150116,43.88523293859782,nan,nan,nan
359.48,230.00961303710938,-200.1495819091797,-53.43463897705078,230.6180179947133,-200.7106040106584,-53.43452183795458,0.8275883061681045,0.315061172920758,0.07900761824927191,3.50125836490764e-05,16.156494108310206,44.008987817936934,nan,0.36106059405372454,nan
359.49,230.00953674316406,-200.140869140625,-53.43619155883789,230.61832533189306,-200.7018758183516,-53.436103587491544,0.8278599192855249,0.3151113879072724,0.07902724924507318,3.571881318210127e-05,16.08010448833306,43.35700706611132,nan,nan,nan
359.5,230.0094451904297,-200.13214111328125,-53.437828063964844,230.66574878943916,-200.70617668415184,-53.43719476755228,0.871924108946337,0.315047977221023,0.07901702227139,3.500021594787274e-05,15.157421188455057,44.79635435780572,23.170387974931874,0.2340552362238301,nan
359.51,230.00936889648438,-200.12342834472656,-53.439544677734375,230.6661411152598,-200.69744664799322,-53.4389355164102,0.8722655162952568,0.315097980713831,0.07903665504437801,3.570593179093951e-05,15.081702747338646,44.99211057721095,nan,nan,nan
359.52,230.00927734375,-200.11471557617188,-53.441341400146484,230.66651145133966,-200.68869457584563,-53.439581868505,0.8725890557400189,0.31514806895325165,0.07905635385803642,3.500904137313498e-05,15.08469104277295,45.82580167646679,nan,0.9754832390680194,nan
359.53000000000003,230.0092010498047,-200.1060028076172,-53.44321823120117,230.66690683641033,-200.67996464803505,-53.4414723787662,0.872933069594193,0.3151982432293111,0.0790761198604924,3.5715121566682474e-05,15.007590689012478,44.96010437395342,nan,nan,nan
359.54,230.00912475585938,-200.0972900390625,-53.44514465332031,230.66731795017932,-200.67124811094104,-53.44416118656339,0.8732966944461014,0.31524850257314263,0.07909595223254623,3.501787266743766e-05,14.876190232134851,45.04756242064499,nan,0.3771534787704159,nan
359.55,230.00904846191406,-200.08856201171875,-53.44708251953125,230.66455838580737,-200.65991334637235,-53.446283602499584,0.8695609502510329,0.3151849881705243,0.07908571824224901,3.570223509138228e-05,14.69986881559138,43.89398997982279,0.9610732943879042,nan,nan
359.56,230.00897216796875,-200.07984924316406,-53.44900131225586,230.6649894435691,-200.6512102645912,-53.45018969459842,0.869950283030583,0.3152350357308014,0.07910555167990779,3.500547608805689e-05,14.649315277133944,44.98568537445987,nan,2.5748361639171855,nan
359.57,230.00889587402344,-200.07113647460938,-53.450897216796875,230.66538582875782,-200.6424744159322,-53.452185060323195,0.8702917685484098,0.31528516919541494,0.07912545240593154,3.571139773392873e-05,14.58277799132465,44.78531394627593,nan,nan,nan
359.58,230.0088348388672,-200.0624237060547,-53.4527587890625,230.66575906196616,-200.63371648096896,-53.45281002492925,0.8705888077551558,0.315335387718664,0.07914541975251548,3.501428208420245e-05,14.464812348020269,44.03089363271625,nan,1.2708485867107873,nan
359.59000000000003,230.00875854492188,-200.0537109375,-53.454586029052734,230.6661582646324,-200.6249808393197,-53.45473168167338,0.8709326687036479,0.3153856924057109,0.07916545464124909,3.572055925807187e-05,14.393345797008683,44.72972722302356,nan,nan,nan
359.6,230.00868225097656,-200.0449981689453,-53.45637893676758,230.6948525155316,-200.63723923480026,-53.45760733345752,0.9064108455898876,0.3153220732582511,0.07915520857178486,3.500186754625293e-05,15.27386109238777,45.67001350740525,16.612236804086308,0.4353370091559961,nan
359.61,230.0086212158203,-200.03628540039062,-53.45813751220703,230.69529850276857,-200.62855467864205,-53.45947337964553,0.9068133098454648,0.31537216580976996,0.0791752437201043,3.570762203576088e-05,15.210019194539722,44.792803540812855,nan,nan,nan
359.62,230.00856018066406,-200.02755737304688,-53.459861755371094,230.6957778840182,-200.6198983515845,-53.46316082113035,0.9072744295378108,0.31542234340489633,0.07919534572760256,3.501063552987389e-05,15.40213880262399,44.07398115616641,nan,2.429078192599473,nan
359.63,230.00848388671875,-200.0188446044922,-53.4615478515625,230.69622648615015,-200.61121413541522,-53.46497806811058,0.9076911978333864,0.3154726070384502,0.07921551538694838,3.571674558819218e-05,15.349963100797769,45.8946144352807,nan,nan,nan
359.64,230.0084228515625,-200.0101318359375,-53.46320343017578,230.69667833736673,-200.60253161717907,-53.466874228299034,0.9081005392100266,0.3155229560303936,0.07923575222346044,3.501939748611229e-05,15.335594170520789,44.97431664295283,nan,0.008811659225789335,nan
359.65000000000003,230.00836181640625,-200.0014190673828,-53.46482849121094,230.70495648982146,-200.60463025378994,-53.46862809231427,0.9214783293196155,0.31545923307409324,0.07922549060887299,3.57037801242982e-05,16.087705691309026,45.07814362068126,5.433881519848017,nan,nan
359.66,230.00830078125,-199.99270629882812,-53.4664192199707,230.70542722452376,-200.59598617178165,-53.47081272683448,0.9219279722000532,0.31550936963318466,0.07924572694658595,3.500692033986006e-05,16.165411984934178,45.23607584763694,nan,0.15133459766073976,nan
359.67,230.00823974609375,-199.98399353027344,-53.46797561645508,230.70589167691165,-200.58733578871733,-53.47250784090218,0.922366867605592,0.31555959210937834,0.07926603105060497,3.571285552040293e-05,16.120148761808895,45.310871284324485,nan,nan,nan
359.68,230.0081787109375,-199.97528076171875,-53.469505310058594,230.70638601420404,-200.57870923473945,-53.475992576753825,0.9228550509240362,0.3156098999209627,0.07928640255504273,3.501563825777066e-05,16.678120719563317,45.68222370334576,nan,2.3370843991725097,nan
359.69,230.0081329345703,-199.96656799316406,-53.47100067138672,230.70685286291462,-200.57005912834086,-53.47764545642199,0.9232850273185476,0.315660293915184,0.07930684208960986,3.572192126628351e-05,16.644590029960998,44.99322743952281,nan,nan,nan
359.7,230.00807189941406,-199.95785522460938,-53.472469329833984,230.6951981405694,-200.56693987930208,-53.47839388531959,0.918238361333322,0.31539054973426967,0.07832787751153349,3.500221813043558e-05,23.391950586475883,52.13157889476341,1.0183372772803603,0.4171444275827794,0.09732192221668459
359.71,230.0080108642578,-199.9491424560547,-53.473907470703125,230.69564583294377,-200.55830075872507,-53.47997927894715,0.9186689037555075,0.3154399023743851,0.07834467622246392,3.570795049101539e-05,23.320631136298143,52.126534697080885,nan,nan,nan
359.72,230.00796508789062,-199.9404296875,-53.47531509399414,230.6961000938241,-200.5497428346683,-53.48365354214739,0.9191636564947595,0.31548933895663994,0.07836153384529093,3.501091538053466e-05,24.174578476448925,52.30798097796469,nan,3.1622224058354673,nan
359.73,230.00790405273438,-199.9317169189453,-53.4766960144043,230.69655002179542,-200.5411040406458,-53.48520464252358,0.9195968309813211,0.3155388596439425,0.07837845466701761,3.5716997425314144e-05,24.11540341456368,52.98176721860357,nan,nan,nan
359.74,230.0078582763672,-199.92300415039062,-53.478050231933594,230.69700214444697,-200.53248258589701,-53.487194525788304,0.9200363320920436,0.31558846456458156,0.07839543479497207,3.501960114350663e-05,24.377419526883514,52.452815090772646,nan,0.15301763846674368,nan
359.75,230.00779724121094,-199.91427612304688,-53.479373931884766,230.68367147283874,-200.51512450769303,-53.488657118540274,0.9043842855030417,0.31552572385158695,0.07838464797791982,3.570395160844593e-05,23.984169826849563,51.9363301947892,2.8912179928678183,nan,nan
359.76,230.00775146484375,-199.9055633544922,-53.480674743652344,230.6841026892884,-200.50646374165615,-53.49008186724854,0.9047766288294261,0.3155751206669833,0.07840163693842862,3.5007044898085784e-05,24.00008278304439,51.9827682341388,nan,0.0018545507108534956,nan
359.77,230.00770568847656,-199.8968505859375,-53.48194885253906,230.68453505644882,-200.49780479249551,-53.491532373330855,0.9051716939897477,0.3156246015281485,0.07841868911916904,3.571294153444014e-05,23.945969671251923,51.969826842050836,nan,nan,nan
359.78000000000003,230.00765991210938,-199.8881378173828,-53.48320007324219,230.68496710703405,-200.48911708884617,-53.492142201348706,0.9055391116238114,0.3156741665701854,0.07843580104385468,3.501567907762826e-05,23.560276078781087,51.50777050398036,nan,0.46991843779187403,nan
359.79,230.0076141357422,-199.87942504882812,-53.48442077636719,230.68540137340065,-200.48045808043742,-53.49353584668691,0.9059356098118005,0.315723815945406,0.07845297638006969,3.572191866033391e-05,23.505318318766474,51.657839486533,nan,nan,nan
359.8,230.007568359375,-199.87071228027344,-53.48562240600586,230.69776507607278,-200.47528795048368,-53.494622600511455,0.917586100729353,0.3156609816607721,0.07844223518370651,3.500308473986758e-05,23.15133304162155,51.90896704133662,1.7223592003287134,0.0696919337768024,nan
359.81,230.0075225830078,-199.86199951171875,-53.48679733276367,230.6982218226751,-200.4666277220048,-53.49596694544483,0.9180004325420537,0.31571042264858873,0.07845941880972192,3.570879019009963e-05,23.095376485979415,51.97848746356454,nan,nan,nan
359.82,230.00747680664062,-199.85328674316406,-53.48794937133789,230.69867809240796,-200.45792850546863,-53.49612142372446,0.9183777330757742,0.3157599477629516,0.07847666259876894,3.501166342455761e-05,22.5521074299362,51.41563895250505,nan,0.9615740519285203,nan
359.83,230.00743103027344,-199.84457397460938,-53.489078521728516,230.69913645900849,-200.4492682346521,-53.49740942447808,0.9187932042689325,0.31580955715203757,0.078493969839476,3.571771325957239e-05,22.492135074808363,51.34117819618247,nan,nan,nan
359.84000000000003,230.00738525390625,-199.8358612060547,-53.49018478393555,230.69959525586924,-200.44059266413564,-53.49819764639983,0.9191947721648471,0.31585925095743733,0.07851133761957596,3.5020229887346525e-05,22.287155206331352,51.14227450434645,nan,0.16110234612563482,nan
359.85,230.00733947753906,-199.8271484375,-53.491268157958984,230.68313175998202,-200.42997520293588,-53.49953641529952,0.9056288876878831,0.31579632303400906,0.07850064175584343,3.570454577309767e-05,23.130540332011233,50.492301638735725,7.046230771649007,nan,nan
359.86,230.00730895996094,-199.8184356689453,-53.492332458496094,230.68356027477452,-200.42125439703725,-53.498348295958195,0.9059483705078599,0.3158458081701977,0.07851801745423502,3.5007556946301874e-05,22.156230749096107,48.68548403011831,nan,4.096719814647286,nan
359.87,230.00726318359375,-199.80972290039062,-53.49337387084961,230.6839913157199,-200.41260923840215,-53.499524868503926,0.9063502281922007,0.3158953775226456,0.0785354566554418,3.571341205657755e-05,22.087766471740547,49.443609133830726,nan,nan,nan
359.88,230.00721740722656,-199.80099487304688,-53.4943962097168,230.68442290077692,-200.40395083418804,-53.500247179315075,0.9067510162198279,0.315945031235005,0.07855295679004702,3.5016072689832694e-05,21.914497717539824,48.32913605110212,nan,0.13300865853289492,nan
359.89,230.00718688964844,-199.7922821044922,-53.49539566040039,230.68485532190152,-200.39530553732612,-53.50137968966853,0.9071425319239868,0.3159947694522332,0.07857052063621336,3.5722266487815363e-05,21.84686572922509,48.51080381015322,nan,nan,nan
359.90000000000003,230.00714111328125,-199.7835693359375,-53.496376037597656,230.678894040892,-200.3885384880283,-53.501727123551746,0.9040289292140887,0.31593174781365163,0.0785598635325354,3.500336420613184e-05,22.294759381136956,48.66235083317143,4.276233632778892,0.27115889130716375,nan
359.91,230.00711059570312,-199.7748565673828,-53.497337341308594,230.67931559121152,-200.37991062096665,-53.50281281879406,0.9044224370272852,0.3159812770773863,0.07857743472747535,3.5709020180536976e-05,22.22484130837285,47.87637895992357,nan,nan,nan
359.92,230.007080078125,-199.76614379882812,-53.4982795715332,230.67973798576008,-200.37128357885413,-53.5039123840311,0.904817408459061,0.3160308906431855,0.07859506723238562,3.5011827591237606e-05,22.200325538072413,47.88414836887056,nan,0.0007235923868454226,nan
359.93,230.0070343017578,-199.75743103027344,-53.499202728271484,230.68016116472975,-200.36265550727384,-53.50496231071463,0.905223516047158,0.3160805886555503,0.07861276351716043,3.571782434777317e-05,22.13102444334482,48.57997753550334,nan,nan,nan
359.94,230.0070037841797,-199.74871826171875,-53.50010681152344,230.68058531986478,-200.35398364781818,-53.50441947300519,0.9055809582113753,0.3161303712588847,0.0786305214716194,3.502028093263571e-05,21.64288317294585,47.37621537631994,nan,1.749806785666941,nan
359.95,230.00697326660156,-199.74000549316406,-53.50099182128906,230.65676899059434,-200.3350571218385,-53.505309504709366,0.8811013370194855,0.3160672558310031,0.07861990188570743,3.570454417456085e-05,21.691475127083528,46.47834254377231,5.747069564033004,nan,nan
359.96,230.00694274902344,-199.73129272460938,-53.501861572265625,230.65715296073475,-200.32643974802613,-53.50714909617237,0.8814767477390193,0.3161168291953158,0.07863766675484206,3.5007501132412184e-05,21.878012472665297,46.59520444595663,nan,0.5213577082348545,nan
359.97,230.00689697265625,-199.7225799560547,-53.50271224975586,230.65753792278494,-200.31779927639727,-53.50812123730978,0.8818440578922129,0.31616648694752447,0.07865549548184889,3.571329713091131e-05,21.808014232402158,47.3134823882564,nan,nan,nan
359.98,230.00686645507812,-199.71385192871094,-53.50354766845703,230.6579233918502,-200.30916428853817,-53.50929267463859,0.882215929224891,0.3162162292313251,0.07867338623204023,3.501590948398527e-05,21.84422336021794,45.73768066493376,nan,0.03278469238696222,nan
359.99,230.0068359375,-199.70513916015625,-53.504364013671875,230.65830948785666,-200.30052370706048,-53.5102349054459,0.8825729504561539,0.3162660561923218,0.0786913410647906,3.5722041481934716e-05,21.777578391442194,46.61229946562882,nan,nan,nan
360.0,230.00680541992188,-199.69642639160156,-53.50516891479492,230.65371722496565,-200.28845987041882,-53.509841559515216,0.8769380577635663,0.31620284689948314,0.07868075309916357,3.5003100832623755e-05,21.23095980847427,45.93983148808994,0.4486886228410388,1.2779994263637267,nan
360.01,230.00677490234375,-199.68771362304688,-53.50595474243164,230.65409683047116,-200.27981079723256,-53.51074018502743,0.877284242862082,0.3162524643347438,0.07869871424988466,3.570869284166476e-05,21.16009666283825,45.9991046659395,nan,nan,nan
360.02,230.00674438476562,-199.6790008544922,-53.50672149658203,230.6544756102026,-200.27120274413934,-53.5133137432081,0.8776686597021341,0.31630216624107343,0.07871673776137308,3.501146379040597e-05,21.671919980703148,46.63824065354385,nan,2.014895912100121,nan
360.03000000000003,230.0067138671875,-199.6702880859375,-53.507476806640625,230.6548565568484,-200.26255369418737,-53.5142000180767,0.8780163429278846,0.31635195276561634,0.0787348254484267,3.571739445184877e-05,21.60850524082692,46.455290858043476,nan,nan,nan
360.04,230.00669860839844,-199.6615753173828,-53.508216857910156,230.65523699448764,-200.25392466050587,-53.51593850933263,0.878373158987794,0.31640182404968176,0.07875297584104594,3.5019820489065054e-05,21.959093199633227,46.15989391221413,nan,0.5292444283517995,nan
360.05,230.0066680908203,-199.65284729003906,-53.508941650390625,230.6662963397715,-200.25811823128333,-53.51684186056484,0.8952791477801331,0.31633852081872876,0.07874241747717013,3.5704020169786525e-05,23.059956773035648,46.367290373592795,9.503949329783845,nan,nan
360.06,230.0066375732422,-199.64413452148438,-53.50965118408203,230.66669381625783,-200.24949516483156,-53.51703931931509,0.8956507896495521,0.3163881822882777,0.07876057369436386,3.5006952295286006e-05,22.78485478257738,46.94903182645298,nan,0.30440553872398335,nan
360.07,230.00660705566406,-199.6354217529297,-53.51034927368164,230.6670909598831,-200.2408868708805,-53.51787358212949,0.896037729119277,0.3164379283164371,0.07877879418826789,3.571267895472073e-05,22.72493769993685,46.81205685294335,nan,nan,nan
360.08,230.00657653808594,-199.626708984375,-53.51103210449219,230.6674894874012,-200.23226577219302,-53.51811770720224,0.8964123803310923,0.31648775904244936,0.07879707770461682,3.501527223106927e-05,22.48778137430185,46.63516794154501,nan,0.23487114052202665,nan
360.09000000000003,230.00656127929688,-199.6179962158203,-53.51169967651367,230.6678876527498,-200.22365703802313,-53.518920342509006,0.8967885713997628,0.3165376746167044,0.07881542573646998,3.572133351857906e-05,22.42908670204556,45.93910417180982,nan,nan,nan
360.1,230.00653076171875,-199.60928344726562,-53.51235580444336,230.66647293589784,-200.2093903037216,-53.5191461369808,0.8920190698867705,0.31647427736818823,0.07880489160484294,3.5002383831783646e-05,21.584523711433334,46.31232303938556,3.563613096132128,0.13426288190705477,nan
360.11,230.00650024414062,-199.60055541992188,-53.512996673583984,230.66687109807458,-200.20075946117888,-53.519917250681495,0.8924026278838826,0.3165239828386111,0.07882324483665822,3.570790421973257e-05,21.525564909241456,45.46700059991187,nan,nan,nan
360.12,230.00648498535156,-199.5918426513672,-53.51362609863281,230.66727184989173,-200.19210500540788,-53.51951444681404,0.8927423181812373,0.3165737729442764,0.07884166139355818,3.5010667090575045e-05,21.090869845170566,45.16265549531358,nan,0.9527766519272426,nan
360.13,230.00645446777344,-199.5831298828125,-53.514244079589844,230.66767123692165,-200.18347395378203,-53.520250434775306,0.8931162833884944,0.3166236478379452,0.07886014257969454,3.571652520921464e-05,21.026200552819752,45.77941599477242,nan,nan,nan
360.14,230.00643920898438,-199.5744171142578,-53.51484680175781,230.66807271733953,-200.17482566726238,-53.52008759512673,0.8934633712774822,0.31667360765514085,0.07887868742274663,3.501894853794136e-05,20.717300964893255,44.833526361777174,nan,0.5552260334395781,nan
360.15000000000003,230.00640869140625,-199.56570434570312,-53.51544189453125,230.68884148669912,-200.17631619010578,-53.5207825648466,0.9157455254465987,0.3166101163212535,0.07886817488776302,3.570307965386114e-05,20.80393208018809,46.099402508321546,3.9108729137320246,nan,nan
360.16,230.0063934326172,-199.55697631835938,-53.516021728515625,230.68927725657656,-200.16768794200325,-53.52071681319761,0.9161446654864557,0.3166598657429511,0.0788867243815694,3.500601408990842e-05,20.554523085540037,44.39559897301196,nan,0.40620002728084076,nan
360.17,230.00636291503906,-199.5482635498047,-53.5165901184082,230.68971199684913,-200.1590737741539,-53.52139143793681,0.9165577725650583,0.31670969989162706,0.0789053386248161,3.5711667202630944e-05,20.487455317557526,45.90064500965182,nan,nan,nan
360.18,230.00634765625,-199.53955078125,-53.517147064208984,230.69015079894976,-200.15042768827672,-53.52029132891619,0.9169335962353814,0.31675961890032756,0.0789240168094309,3.5014267820354104e-05,20.04262578152527,44.7512508610932,nan,2.1964365690778505,nan
360.19,230.00633239746094,-199.5308380126953,-53.51769256591797,230.69058650466965,-200.14181301995976,-53.520927871717056,0.9173356037663625,0.3168096229257303,0.07894275999440392,3.572025523425818e-05,19.97188951983117,44.724857135139096,nan,nan,nan
360.2,230.0063018798828,-199.52212524414062,-53.51823043823242,230.69593404505528,-200.13443876955205,-53.52171673335075,0.9222432059364196,0.31674603742172663,0.0789322640868769,3.5001322243545405e-05,19.854832447547864,45.505758974071156,2.384761856532186,0.10280939291913978,nan
360.21,230.00628662109375,-199.51339721679688,-53.51875686645508,230.69637943523404,-200.12582304210972,-53.52233313063435,0.9226625999267839,0.3167958307596584,0.07895101126924836,3.570676882148424e-05,19.787006806243756,43.91071555605393,nan,nan,nan
360.22,230.0062713623047,-199.5046844482422,-53.51926803588867,230.69682806540436,-200.11718816628365,-53.52178644132479,0.9230578027276796,0.3168457088933025,0.07896982266491587,3.5009548326257015e-05,19.52953403849327,44.65319399519569,nan,0.9392994320037322,nan
360.23,230.00624084472656,-199.4959716796875,-53.519775390625,230.69727455518245,-200.10857241359867,-53.522372615580586,0.9234792871268928,0.31689567198178265,0.07898869919124996,3.571533264960023e-05,19.45623729198392,45.11899916851436,nan,nan,nan
360.24,230.0062255859375,-199.4872589111328,-53.520267486572266,230.6977215549614,-200.09995548995516,-53.52287507499528,0.9238888311881938,0.31694572015427136,0.07900764025175404,3.5017777063572797e-05,19.3817411674689,44.46268242487537,nan,0.0039013991626180157,nan
360.25,230.006103515625,-199.47853088378906,-53.52085494995117,230.6791226222161,-200.0754919224466,-53.52349176951789,0.8996244507177419,0.31688204041960066,0.07899715785760525,3.570183923584474e-05,18.423793041372477,43.2526693912958,9.790481794230061,nan,nan
360.26,230.00588989257812,-199.46981811523438,-53.52153396606445,230.67939342375408,-200.06683626158366,-53.52437905110502,0.9000254263551127,0.3169318776103558,0.07901610231401587,3.500479877981153e-05,18.37815804046518,43.84860320106739,nan,0.02152624995857863,nan
360.27,230.00558471679688,-199.4611053466797,-53.522308349609375,230.6795675514745,-200.05817778564466,-53.525186405334736,0.9004202585550891,0.31698179969319684,0.0790351120362158,3.571037878960511e-05,18.29743085819105,43.40466683265121,nan,nan,nan
360.28000000000003,230.0051727294922,-199.452392578125,-53.523170471191406,230.67964702191168,-200.04951045965348,-53.525483084258525,0.9008166759974108,0.31703180679499793,0.07905418654882694,3.501300854548313e-05,18.136554316957127,43.8524921764422,nan,0.2561757446649887,nan
360.29,230.00469970703125,-199.44366455078125,-53.52412033081055,230.67964499449386,-200.04085183092934,-53.52646729890898,0.9012154553146043,0.31708189907855094,0.07907332658827575,3.571892330989808e-05,18.059624652040483,42.78849729242044,nan,nan,nan
360.3,230.0041961669922,-199.43495178222656,-53.5251579284668,230.65410012291323,-200.02150391090748,-53.52722026264013,0.8754557697589234,0.317018125023612,0.07906285303137357,3.500002765002938e-05,18.083626190774776,42.886276949404234,5.941193376828788,0.04337047864084606,nan
360.31,230.00369262695312,-199.42623901367188,-53.526283264160156,230.65399156458864,-200.0128322979105,-53.528379078827214,0.8757766734977918,0.3170680060308336,0.07908199578382033,3.570540235112521e-05,18.007139828268908,42.39926790222793,nan,nan,nan
360.32,230.00318908691406,-199.41751098632812,-53.527496337890625,230.6538836448749,-200.0041392059411,-53.527984296191306,0.8760914985944315,0.3171179719912328,0.07910120357205314,3.5008218178616484e-05,17.81536663419135,41.31664904657686,nan,1.9009372726879166,nan
360.33,230.002685546875,-199.40879821777344,-53.52879333496094,230.65377459723715,-199.9954676294717,-53.52930087029149,0.8764121220727056,0.3171680230696776,0.07912047702994165,3.57139313207888e-05,17.73848706724665,42.419747615676386,nan,nan,nan
360.34000000000003,230.002197265625,-199.40008544921875,-53.530174255371094,230.6536742349755,-199.98678621447544,-53.529921583978634,0.8767212175998425,0.3172181593897123,0.07913981583548764,3.501641543801005e-05,17.65662428466891,42.0094719912933,nan,0.4310384638062177,nan
360.35,230.001708984375,-199.39137268066406,-53.53164291381836,230.62509891552506,-199.97339825522573,-53.53150755332794,0.8528591876890214,0.31715429096157605,0.07912934764101985,3.5700411684852936e-05,18.613592131486914,41.33682578831234,12.830995009370934,nan,nan
360.36,230.00123596191406,-199.3826446533203,-53.53318786621094,230.62496281304303,-199.96474081734507,-53.5330086318398,0.8531536562170704,0.3172042157086522,0.07914868850924023,3.500341385970789e-05,18.539768884604587,40.354531346026555,nan,0.0029115435717361397,nan
360.37,230.00076293945312,-199.37393188476562,-53.53481674194336,230.62483572696064,-199.95608435948913,-53.53465604425574,0.853445003358648,0.31725422550913557,0.07916809519318285,3.570892457792543e-05,18.4632848822889,41.42976215562599,nan,nan,nan
360.38,230.00030517578125,-199.36521911621094,-53.53652572631836,230.6247171365179,-199.9474306532671,-53.53661344010932,0.8537333180132928,0.31730432048477303,0.07918756745683701,3.501159990935931e-05,18.387177514089565,41.11492245080985,nan,0.036700721413194484,nan
360.39,229.99986267089844,-199.35650634765625,-53.53831481933594,230.62460809765273,-199.93877448722714,-53.538426069,0.8540158353252152,0.31735450080334465,0.07920710580549102,3.571744637713252e-05,18.31239279610537,40.747087690711886,nan,nan,nan
360.40000000000003,229.99942016601562,-199.3477783203125,-53.540184020996094,230.59324846108655,-199.91776049255955,-53.539604894088654,0.8231112051808549,0.3172905379091389,0.07919663850318759,3.4998603096878955e-05,18.511865012229595,39.372936837492794,8.622339067279261,0.3378229604266431,nan
360.41,229.99899291992188,-199.3390655517578,-53.54210662841797,230.59310436237055,-199.9090916643796,-53.541558214567665,0.8233459029332043,0.317340506357627,0.07921617820137633,3.5703910747929526e-05,18.4360606448234,39.941721340664735,nan,nan,nan
360.42,229.99856567382812,-199.33035278320312,-53.544036865234375,230.59296749148987,-199.9004277410134,-53.54400549072742,0.8235890840378706,0.3173905599141357,0.07923578370199962,3.5006777162206933e-05,18.352847619714023,40.206508545766475,nan,0.15032269659605055,nan
360.43,229.99815368652344,-199.32164001464844,-53.54594802856445,230.592840585134,-199.89175939768717,-53.54599321262044,0.8238256006808271,0.3174406987479339,0.07925545543915115,3.571242440530962e-05,18.278761026535637,39.98675294872491,nan,nan,nan
360.44,229.9977569580078,-199.31292724609375,-53.54783630371094,230.59272868618373,-199.8830702175746,-53.54576496794877,0.8240501536250745,0.3174909229783303,0.07927519328342232,3.5014961417181185e-05,18.32782423941149,39.61570543495133,nan,3.4022995791460766,nan
360.45,229.99734497070312,-199.30421447753906,-53.5496940612793,230.58959254855475,-199.85984719160163,-53.547548276316896,0.8120895953038402,0.3174268655722479,0.07926472313543571,3.569889705912297e-05,16.73959450161748,40.467135618077684,17.634432929309455,nan,nan
360.46,229.99696350097656,-199.2954864501953,-53.551517486572266,230.58948724544342,-199.85113320544767,-53.55038745857258,0.8122985789368207,0.3174768776337618,0.07928446163338325,3.500195399707189e-05,16.57601097484361,38.487448595959606,nan,0.6452670009375523,nan
360.47,229.99658203125,-199.28677368164062,-53.553306579589844,230.5893927569223,-199.84241078315873,-53.55224679818471,0.8125012419634767,0.3175269749059752,0.07930426652121655,3.57074014710526e-05,16.49809260759123,39.59197657351707,nan,nan,nan
360.48,229.99620056152344,-199.27806091308594,-53.555057525634766,230.58930087411153,-199.83370335519714,-53.555801459832345,0.8127158529925996,0.3175771575070327,0.07932413772772312,3.5010133466726175e-05,16.409524286793253,39.89786811048324,nan,2.1099212126840756,nan
360.49,229.99583435058594,-199.26934814453125,-53.5567741394043,230.58922195811738,-199.8249817434083,-53.55761059792892,0.8129195831297299,0.31762742560814483,0.07934407559988335,3.571591802245342e-05,16.34119575371068,39.471490996457355,nan,nan,nan
360.5,229.9954833984375,-199.26063537597656,-53.5584602355957,230.56558891382906,-199.7964237002571,-53.560637528711965,0.7823644724299096,0.31756327359619024,0.07933359827341607,3.499713677487832e-05,15.394822638977036,38.80478269571715,14.325278951161245,1.195305737150684,nan
360.51,229.99513244628906,-199.25192260742188,-53.56011199951172,230.5654891978912,-199.78765055644683,-53.562392597796226,0.7825065243134801,0.3176133292289114,0.07935353605540425,3.5702384036927955e-05,15.33368751160166,39.03318768387003,nan,nan,nan
360.52,229.99478149414062,-199.2432098388672,-53.561729431152344,230.56539670922749,-199.77887731855907,-53.56408860069398,0.7826537792466103,0.31766347012203544,0.0793735403596595,3.500531010538291e-05,15.275650915904619,39.24377090194569,nan,0.0005060762577223358,nan
360.53000000000003,229.99444580078125,-199.2344970703125,-53.56331253051758,230.56531103030423,-199.77010441276792,-53.56577933257376,0.7827952610247889,0.3177136964476119,0.07939361148639525,3.5710898376696394e-05,15.216475659914229,38.89789970142327,nan,nan,nan
360.54,229.99411010742188,-199.2257843017578,-53.56486892700195,230.56523321194578,-199.76132897159425,-53.567068828197975,0.7829396742256192,0.3177640083223449,0.07941374943452169,3.501349637156848e-05,15.113743178605345,38.830346969759724,nan,0.09663509509654533,nan
360.55,229.99378967285156,-199.21705627441406,-53.56639099121094,230.57095854249485,-199.76083827831698,-53.568732424518025,0.7929869192892882,0.3176997616649482,0.07940326100793112,3.569737810667804e-05,15.709850025953763,37.61893645765211,3.4526195728735,nan,nan
360.56,229.99346923828125,-199.20834350585938,-53.5678825378418,230.57089557807888,-199.75210134761807,-53.57186172961277,0.793164297187728,0.3177498607704875,0.07942339812758366,3.50004969548407e-05,15.938727598180218,38.99894430811245,nan,1.6587929823995327,nan
360.57,229.9931640625,-199.1996307373047,-53.5693473815918,230.57084396983552,-199.74335470292806,-53.57344476851824,0.7933262977564829,0.3178000452399413,0.07944360222713201,3.5705888521886164e-05,15.887395411132157,38.46702078051135,nan,nan,nan
360.58,229.99285888671875,-199.19091796875,-53.570777893066406,230.5708030782173,-199.73459975484877,-53.573585284087464,0.7934842496652372,0.3178503151894899,0.07946387334238583,3.500868340457951e-05,15.573232426808985,38.53594019080011,nan,1.4115417684687488,nan
360.59000000000003,229.9925537109375,-199.1822052001953,-53.57218551635742,230.57076360914317,-199.72585334949514,-53.57509811177254,0.7936551391077811,0.31790067079213563,0.07948421171825946,3.571441355675373e-05,15.516568137058801,38.46357987209092,nan,nan,nan
360.6,229.9922637939453,-199.17349243164062,-53.57356262207031,230.57969598228235,-199.7143615218318,-53.57950931397583,0.7985307206133484,0.3178363293964822,0.0794737079447631,3.499569920275112e-05,15.532359447355274,39.25373534673377,5.035877309829802,5.519350286481188,nan
360.61,229.99197387695312,-199.16477966308594,-53.57490921020508,230.57968570227337,-199.7055948540244,-53.58099861820782,0.7987010337171799,0.31788647192821656,0.07949404471736858,3.5700893703009045e-05,15.492681831314062,39.486128009977165,nan,nan,nan
360.62,229.99168395996094,-199.15606689453125,-53.57623291015625,230.5796836504497,-199.6968244266056,-53.58168951023757,0.7988692752850538,0.31793669987029133,0.07951444869322072,3.5003883904861546e-05,15.236884647005802,39.26178394466749,nan,0.4208155488281625,nan
360.63,229.9914093017578,-199.14735412597656,-53.57752990722656,230.5796848646131,-199.68805804761809,-53.583119060131914,0.799036987480206,0.31798701339593527,0.07953492008886015,3.570942094714076e-05,15.194119197051924,38.787591822759616,nan,nan,nan
360.64,229.9911346435547,-199.13864135742188,-53.578800201416016,230.57969977718508,-199.67928013048825,-53.582000147940335,0.7991929924153753,0.3180374126208365,0.07955545898271368,3.5012083572067353e-05,14.544898718681194,38.352415069911785,nan,4.492751358214532,nan
360.65000000000003,229.99087524414062,-199.1299285888672,-53.58004379272461,230.5771332122265,-199.6655933225624,-53.58345285814823,0.794132692813984,0.31797297645264766,0.07954493581970802,3.569591873309285e-05,14.15940476098783,38.05536510962536,1.74991785700033,nan,nan
360.66,229.99061584472656,-199.1212158203125,-53.58126449584961,230.57714786648054,-199.65681143023596,-53.58489203789622,0.7942893861643867,0.31802316230398464,0.07956547233240849,3.4999102357967095e-05,14.143889029520087,38.127225504353575,nan,0.008034098332143658,nan
360.67,229.9903564453125,-199.1125030517578,-53.582462310791016,230.57716807890245,-199.64802914272968,-53.586202017035504,0.7944495407707832,0.3180734336684508,0.07958607642360424,3.570444589320679e-05,14.093792608856688,38.195183240045296,nan,nan,nan
360.68,229.9901123046875,-199.10379028320312,-53.58363342285156,230.5771910172022,-199.6392497217541,-53.58824975700158,0.7946065287689579,0.31812379066178037,0.079606748192886,3.50073057639001e-05,14.245811377231352,38.01483102447246,nan,0.408529743172984,nan
360.69,229.9898681640625,-199.09507751464844,-53.584781646728516,230.57722145191758,-199.63046747109368,-53.589521756235655,0.7947633351223194,0.3181742334572679,0.07962748782503314,3.571298943053305e-05,14.20130565607111,38.10507893088911,nan,nan,nan
360.7,229.9896240234375,-199.0863494873047,-53.585906982421875,230.5271210453592,-199.61678470223703,-53.5936211646944,0.7551980365593793,0.31378171311653125,0.07958346581169376,3.499376998994836e-05,22.155360874321893,44.53052273492904,4.622238374798873,6.069293371379515,0.18309167572113244
360.71,229.98939514160156,-199.07763671875,-53.58700942993164,230.52710997340125,-199.6080220620473,-53.59487719426663,0.7553196372646427,0.3138276726860309,0.0796035398154551,3.5698906136145037e-05,22.0933092034634,45.02009402417418,nan,nan,nan
360.72,229.98916625976562,-199.0689239501953,-53.58809280395508,230.52708845222568,-199.59926152177496,-53.59643085284533,0.7554387784786624,0.31387371253137897,0.07962367512505772,3.5001993262925426e-05,22.25015211173324,45.22992472571042,nan,0.07182284270326442,nan
360.73,229.9889373779297,-199.06021118164062,-53.58915328979492,230.52708667736138,-199.59049876766684,-53.597647869145995,0.7555671712367403,0.313919839176215,0.07964387202113804,3.570747415799977e-05,22.189369225911072,45.36105918182588,nan,nan,nan
360.74,229.98870849609375,-199.05149841308594,-53.59019088745117,230.52715093047726,-199.58172731796506,-53.59753083551745,0.7557227147252975,0.313966046480067,0.07966413051911564,3.501023271353193e-05,21.61214516336627,45.00572126997739,nan,1.217802163034645,nan
360.75,229.98849487304688,-199.04278564453125,-53.591209411621094,230.53336744548756,-199.58429502767459,-53.59883423854724,0.7682295686941858,0.31390571089983726,0.07965351507975382,3.569401673711544e-05,22.875545635852397,44.37681412366429,11.46285330417057,nan,nan
360.76,229.98828125,-199.03407287597656,-53.59220504760742,230.5333537892268,-199.57557477324997,-53.60051145274931,0.7683731997774418,0.31395172731854115,0.0796737661558187,3.4997294971247146e-05,23.12484198793333,44.845671183178396,nan,0.19867439100690948,nan
360.77,229.98806762695312,-199.02536010742188,-53.59318161010742,230.53336876145673,-199.5668511977162,-53.60164444060824,0.7685294709112616,0.31399783029124756,0.07969407903212958,3.570258678110469e-05,23.066062007562063,44.91917225807184,nan,nan,nan
360.78000000000003,229.9878692626953,-199.0166473388672,-53.59414291381836,230.5333649618997,-199.55813050814714,-53.603262945846375,0.7686694708703797,0.31404401406899585,0.07971445375125283,3.50055400397943e-05,23.343954897570722,44.61333716807927,nan,0.17936454512647118,nan
360.79,229.9876708984375,-199.0079345703125,-53.5950813293457,230.53338790929627,-199.5494069515154,-53.60436417381413,0.7688208938027108,0.31409028459648086,0.07973489055369216,3.5711174086108766e-05,23.288854573073046,44.81723161113854,nan,nan,nan
360.8,229.9874725341797,-198.9992218017578,-53.59600067138672,230.5334586307647,-199.54387926122075,-53.60451706425143,0.7712490484663089,0.3140298945646296,0.07972425663951449,3.49926219957138e-05,23.363543787756083,44.47077550866894,1.48515668427406,0.65620227357365,nan
360.81,229.98727416992188,-198.99049377441406,-53.596900939941406,230.53348531570603,-199.53516860393475,-53.60557376146551,0.7714223898263642,0.31407597387396896,0.07974468552100998,3.5697724188626005e-05,23.308538388783365,43.677631398019486,nan,nan,nan
360.82,229.98709106445312,-198.98178100585938,-53.59778594970703,230.5334740348793,-199.52646272924986,-53.60757145270712,0.7715622374354038,0.31412213413024953,0.07976517648063625,3.5000869673242e-05,23.846764492001153,44.60352109419918,nan,0.648303540739269,nan
360.83,229.98690795898438,-198.9730682373047,-53.59865188598633,230.5335085220365,-199.51775165373755,-53.6086038085265,0.7717196644041912,0.314168380893863,0.07978572973697111,3.570631796507488e-05,23.79424773169554,44.74436182678538,nan,nan,nan
360.84000000000003,229.98672485351562,-198.96435546875,-53.59950256347656,230.5336158062862,-199.50903269755838,-53.608011581346446,0.7719037512473971,0.31421470898461457,0.07980634536503176,3.500913420670751e-05,22.99824799795089,43.99559902274826,nan,1.8254065619494435,nan
360.85,229.98654174804688,-198.9556427001953,-53.60033416748047,230.5561780954435,-199.50900903345405,-53.608942897865305,0.7942128035346859,0.31415426966371685,0.0797956898807493,3.569288903712117e-05,22.691011493947432,44.57007771276777,5.394926940922198,nan,nan
360.86,229.9863739013672,-198.94692993164062,-53.60115051269531,230.55636223474295,-199.50029562220536,-53.60757279488391,0.7944441663120011,0.3142004063976077,0.0798162970803038,3.4996224065244815e-05,21.70416882335478,43.070688253264976,nan,3.8589840335484005,nan
360.87,229.9862060546875,-198.93821716308594,-53.60194778442383,230.55645118901518,-199.49159249508224,-53.60850134452943,0.7946362189306952,0.3142466293998523,0.0798369667882974,3.570148596951505e-05,21.63958442086375,43.214351606661,nan,nan,nan
360.88,229.9860382080078,-198.92950439453125,-53.60272979736328,230.5565987658958,-199.4828838614772,-53.608082940005765,0.7948564906893617,0.31429293386366597,0.0798576990971522,3.5004495217013785e-05,21.166339143111617,42.839721371748574,nan,1.2521475972424028,nan
360.89,229.98587036132812,-198.92079162597656,-53.60350036621094,230.55669451446064,-199.47418071772952,-53.60896831623571,0.7950532052310084,0.3143393247959706,0.07987849419970183,3.571010063564846e-05,21.096207171982435,42.76197828019684,nan,nan,nan
360.90000000000003,229.9857177734375,-198.9120635986328,-53.604251861572266,230.51188131206675,-199.43709638854895,-53.608181059427864,0.7433188672876301,0.3142788305842957,0.07986781386724208,3.4991605434033505e-05,19.62511953952399,40.508459114616244,25.57028433360374,1.8766939185653144,nan
360.91,229.9855499267578,-198.90335083007812,-53.60498809814453,230.5119170341497,-199.42833168792973,-53.609021040838165,0.743426860882405,0.3143250298232957,0.0798886000047794,3.5696680308011766e-05,19.55044295613876,42.05168193103471,nan,nan,nan
360.92,229.9853973388672,-198.89463806152344,-53.605712890625,230.51193879313502,-199.419568381982,-53.610280099049646,0.7435177225809797,0.31437131065166246,0.07990944896724773,3.499987986061681e-05,19.60282773502401,41.56599061862053,nan,0.13233882013637255,nan
360.93,229.98524475097656,-198.88592529296875,-53.60641860961914,230.5119810450409,-199.41080345740124,-53.611096985598714,0.7436195923887831,0.3144176777165793,0.07993036093399336,3.570530205524584e-05,19.532027169050735,41.756775629695746,nan,nan,nan
360.94,229.985107421875,-198.87721252441406,-53.607112884521484,230.5120879596478,-199.40203327511094,-53.61032479968178,0.7437443270051469,0.31446412674482604,0.07995133601741862,3.500817139826587e-05,19.12704049161615,40.8291952778504,nan,1.752681666179589,nan
360.95,229.98495483398438,-198.86849975585938,-53.60779571533203,230.47945499996746,-199.37397812714767,-53.61111001683033,0.7071419819187531,0.31440358185341843,0.07994062762967911,3.569190298244462e-05,18.55075337417055,41.13408003380561,11.876428692902277,nan,nan
360.96,229.9848175048828,-198.85977172851562,-53.60845947265625,230.47936612763846,-199.36518062214918,-53.614216300623305,0.7071418748042315,0.3144498390327874,0.07996159319916789,3.499528997585101e-05,19.105397806573638,40.458751582746885,nan,3.8805753223827484,nan
360.97,229.98468017578125,-198.85105895996094,-53.60911560058594,230.47936991780864,-199.35637621087443,-53.6149894283528,0.7071760507755688,0.3144961822223139,0.07998262198138224,3.5700528189323076e-05,19.038420179258935,41.27944522331215,nan,nan,nan
360.98,229.9845428466797,-198.84234619140625,-53.60975646972656,230.4793848295908,-199.34757107353386,-53.615531064677185,0.7072157489190259,0.31454260749241575,0.08000371409887502,3.500358835430975e-05,18.938432189518075,41.33911509938449,nan,0.034006963323425565,nan
360.99,229.98440551757812,-198.83363342285156,-53.610382080078125,230.4793943386104,-199.33876662173864,-53.616278172649125,0.7072540176431849,0.3145891189799968,0.0800248697159673,3.570917121432359e-05,18.873326789147523,41.41124438057658,nan,nan,nan
361.0,229.98426818847656,-198.82492065429688,-53.61099624633789,230.46079860513038,-199.3220923382575,-53.61501357397768,0.6886777622733824,0.3145285186726573,0.08001412996510306,3.499072723260442e-05,18.425127765704843,40.71708340131927,3.771212235732059,3.1079475927426223,nan
361.01,229.98414611816406,-198.8162078857422,-53.61159896850586,230.46078095639396,-199.31327805869228,-53.6157185438097,0.6886773531573089,0.31457483797454466,0.08003527549474816,3.569578069244671e-05,18.354580981450358,40.221768490125925,nan,nan,nan
361.02,229.98402404785156,-198.80747985839844,-53.61219024658203,230.4608456348293,-199.3044589415339,-53.614196365140046,0.6887314856994766,0.31462123946604165,0.0800564845736479,3.4999028853815734e-05,17.91157485623542,38.87514056300446,nan,3.4680465813810737,nan
361.03000000000003,229.98390197753906,-198.79876708984375,-53.612770080566406,230.4608330301543,-199.2956444767938,-53.614857298974606,0.6887341454376086,0.3146677269582138,0.08007775735881387,3.570443070257259e-05,17.834229890788567,39.81692322509565,nan,nan,nan
361.04,229.98377990722656,-198.79005432128906,-53.613338470458984,230.46079209264448,-199.2868318747975,-53.61637786305645,0.6887218601252492,0.3147142970056134,0.08009909398364384,3.500734751686872e-05,17.891992143256928,39.91909278242573,nan,0.5346148443887787,nan
361.05,229.98365783691406,-198.78134155273438,-53.6138916015625,230.43657119199932,-199.26491496007046,-53.617058701370674,0.662558509128369,0.3146536446169593,0.08008831957750785,3.569106107747276e-05,17.634617646226452,40.0075643462821,5.864991121083305,nan,nan
361.06,229.98353576660156,-198.77261352539062,-53.614437103271484,230.43660630197743,-199.25607339012942,-53.615389777758814,0.6625762283901436,0.31470002230481503,0.08010964552628408,3.499449428022943e-05,17.29775648760092,38.653855701518275,nan,3.7618442706290973,nan
361.07,229.98342895507812,-198.76390075683594,-53.61497116088867,230.43656429589586,-199.24723532949804,-53.61599566790023,0.6625292415003892,0.3147464857833458,0.08013103538547751,3.569971422590847e-05,17.218592997630775,39.18626572675351,nan,nan,nan
361.08,229.98330688476562,-198.75518798828125,-53.61549758911133,230.43648721822007,-199.23839870570336,-53.61769939856611,0.6624725352996486,0.31479303191378477,0.08015248929342705,3.500281942470549e-05,17.244393564641616,39.65841717601837,nan,0.866016438992958,nan
361.09000000000003,229.9832000732422,-198.74647521972656,-53.61600875854492,230.4364497350703,-199.22956060017057,-53.61829713710189,0.6624288470639413,0.31483966405110453,0.08017400739982143,3.5708384988447213e-05,17.17039444195568,39.33039225453255,nan,nan,nan
361.1,229.98309326171875,-198.73776245117188,-53.616512298583984,230.45682098753483,-199.22218443351585,-53.61822396947857,0.6775585177696376,0.3147789556311423,0.08016319499404319,3.498998590786394e-05,16.064414352623057,39.600531295205464,11.263375521276808,0.31130071553995636,nan
361.11,229.9829864501953,-198.72903442382812,-53.61700439453125,230.45683166977415,-199.21332927437783,-53.61879690670939,0.6775500036798616,0.31482539507369145,0.08018470181449286,3.5695023042329854e-05,15.991062966611219,38.62622607104035,nan,nan,nan
361.12,229.9827880859375,-198.72032165527344,-53.617591857910156,230.45673869838555,-199.2044755758512,-53.62114216048037,0.67752993033448,0.31487191725581937,0.08020627288853176,3.4998313754944564e-05,16.177756863960585,39.54939744375685,nan,2.1126542433451094,nan
361.13,229.98248291015625,-198.71160888671875,-53.61827087402344,230.45660383552158,-199.19562029838957,-53.6218690336732,0.6775475225028276,0.31491852524577874,0.08022790836287681,3.570370018408597e-05,16.096694257121694,39.826130219457156,nan,nan,nan
361.14,229.98208618164062,-198.70289611816406,-53.61903762817383,230.45633200856432,-199.18676574313434,-53.62398323180777,0.6775421590710956,0.31496521633145064,0.08024960838029159,3.500665834211935e-05,16.34989795753978,40.06791363023779,nan,1.1826761544128674,nan
361.15000000000003,229.98159790039062,-198.6941680908203,-53.61989974975586,230.45030329963842,-199.1777589954635,-53.62506260553347,0.6734772226418934,0.314904454431674,0.0802387546192864,3.5690358325911395e-05,16.649105277087095,38.68471052489042,2.07631546863934,nan,nan
361.16,229.98101806640625,-198.68545532226562,-53.620849609375,230.44984567309584,-199.16890942481015,-53.626882398314784,0.6734712975352494,0.31495095262997125,0.08026044272407769,3.499383157869912e-05,16.860440837117352,39.8715365637686,nan,0.45358715719894566,nan
361.17,229.9803466796875,-198.67674255371094,-53.62188720703125,230.44931956658468,-199.16005944760147,-53.62799856819057,0.6734746745794407,0.31499753644439754,0.08028219542822061,3.569903784681414e-05,16.78526385429728,39.773526440333605,nan,nan,nan
361.18,229.97958374023438,-198.6680145263672,-53.62301254272461,230.44875263338147,-199.15120910441007,-53.62749987938077,0.6735106433733475,0.31504420342910144,0.08030401287585731,3.500218188377924e-05,16.2351952145232,38.20929960476236,nan,2.049058570646139,nan
361.19,229.97872924804688,-198.6593017578125,-53.62422180175781,230.44804466317555,-199.14235929268722,-53.62877555446154,0.6735148680915124,0.3150909562558287,0.08032589521165465,3.570773457935353e-05,16.159988801536624,39.26425723468306,nan,nan,nan
361.2,229.9778289794922,-198.6505889892578,-53.625518798828125,230.47872472871933,-199.1496655554721,-53.62981462318597,0.7071014245813493,0.31503013761951165,0.08031499671223237,3.498937390924242e-05,16.240527594509654,39.56507185086547,10.383931469532685,0.15732910084486568,nan
361.21,229.9769287109375,-198.64187622070312,-53.62689971923828,230.47798355510534,-199.14084373627708,-53.63126094297946,0.7071375811923876,0.31507669722626924,0.08033686648989678,3.5694398975923114e-05,16.168376968970446,39.19646439673835,nan,nan,nan
361.22,229.9760284423828,-198.63314819335938,-53.628360748291016,230.47722025171782,-199.13202201884414,-53.633508619295554,0.7071738287537129,0.3151233400686777,0.08035880120751328,3.4997726036841694e-05,16.317393720841935,38.638076230487265,nan,0.36258498824255786,nan
361.23,229.97515869140625,-198.6244354248047,-53.62990951538086,230.47648524971154,-199.12320066783457,-53.635130742012755,0.7071932882348558,0.3151700685727697,0.08038080100964982,3.57031011442055e-05,16.24825565746772,38.659535979105776,nan,nan,nan
361.24,229.9742889404297,-198.61572265625,-53.631534576416016,230.4757667223197,-199.1143795587002,-53.63668804104681,0.7072236069930355,0.3152168806588028,0.08040286604061458,3.500609445058536e-05,16.167595840419143,39.21152968583245,nan,0.015405842363168347,nan
361.25,229.9734344482422,-198.6070098876953,-53.633243560791016,230.45886401927007,-199.09178478503546,-53.63845873872291,0.6860581371868716,0.3151560071564908,0.0803919194011513,3.568978453545528e-05,15.412706766010398,39.19937873976139,6.43059233965974,nan,nan
361.26,229.97259521484375,-198.59829711914062,-53.635032653808594,230.45819593023165,-199.0829294194904,-53.63870759768777,0.686068529040701,0.3152026258114561,0.08041397121078023,3.499329168161286e-05,14.961539096889133,38.76205906192937,nan,1.8481462190391589,nan
361.27,229.97177124023438,-198.58956909179688,-53.636898040771484,230.45750056355044,-199.0740731703304,-53.64063809568991,0.6860693592163178,0.31524932995510285,0.0804360882982446,3.56984880472325e-05,14.894397311852565,37.8059249754331,nan,nan,nan
361.28000000000003,229.97096252441406,-198.5808563232422,-53.63882064819336,230.45682855982193,-199.06521731745778,-53.642361579837434,0.6860640751980701,0.3152961177330174,0.08045827080696333,3.5001664798001966e-05,14.786353771367729,38.59623799592683,nan,0.053316184176193694,nan
361.29,229.9701690673828,-198.5721435546875,-53.6407470703125,230.45616542040477,-199.0563615187303,-53.64438950875257,0.6860559446650121,0.31534299123530063,0.0804805188828166,3.57072082463508e-05,14.725592276314432,38.68380432057158,nan,nan,nan
361.3,229.96939086914062,-198.5634307861328,-53.642662048339844,230.4676432299502,-199.0559381777836,-53.64572180657643,0.700591398750677,0.31528206020531285,0.08046952068250957,3.4988879682685844e-05,14.892721644900268,38.2916934273349,2.513836544485296,0.2553630435213706,nan
361.31,229.96864318847656,-198.55471801757812,-53.64455032348633,230.4670288391137,-199.0471015011504,-53.647719458570684,0.7005995968261454,0.31532873994689037,0.08049175485678167,3.569389614355641e-05,14.833838459554967,37.684677277377446,nan,nan,nan
361.32,229.9678955078125,-198.54600524902344,-53.64640426635742,230.4664680494098,-199.03826661805115,-53.64814126321929,0.7006417428543126,0.31537550336615117,0.08051405464100063,3.4997253542784265e-05,14.565580588719566,37.97456723389992,nan,1.691509486985247,nan
361.33,229.9671630859375,-198.53729248046875,-53.64822769165039,230.4658838324029,-199.02943041339856,-53.65006344167931,0.7006607581145153,0.3154223523478358,0.08053642018268475,3.5702620641384075e-05,14.501054601455778,37.72712945174198,nan,nan,nan
361.34000000000003,229.96644592285156,-198.528564453125,-53.6500129699707,230.46527840947385,-199.0205926596177,-53.65344326664527,0.7006692319700372,0.3154692853438792,0.08055885162283731,3.500564314957239e-05,14.672182290912046,36.973628521128994,nan,1.5697854584599096,nan
361.35,229.96575927734375,-198.5198516845703,-53.651763916015625,230.42882496969784,-198.98696567978675,-53.65531351492431,0.6577521718815141,0.3154082980795103,0.08054779842805632,3.568932629202711e-05,13.766970250932262,37.533554345705774,18.349911865562582,nan,nan
361.36,229.96507263183594,-198.51113891601562,-53.65348434448242,230.42823955865506,-198.97807493931256,-53.65683773237434,0.6576960522625839,0.3154550370860554,0.08057021526839417,3.4992861472892994e-05,13.663951434168142,37.666964656485426,nan,0.06851302440029276,nan
361.37,229.9644012451172,-198.50242614746094,-53.65516662597656,230.42766059741507,-198.96918375805728,-53.65863688980481,0.6576351095190262,0.31550186150000686,0.08059269805331801,3.569805095333055e-05,13.60903875691418,37.68833074377058,nan,nan,nan
361.38,229.96372985839844,-198.49371337890625,-53.65681457519531,230.42709464738454,-198.9602923987492,-53.660424216982996,0.6575834083548472,0.3155487699593323,0.08061524692166298,3.500125463948787e-05,13.572738880430174,38.07591635208594,nan,0.0003100347348603214,nan
361.39,229.9630889892578,-198.48500061035156,-53.65843200683594,230.42654239919025,-198.95140120462224,-53.66215858167433,0.657519934963251,0.3155957640711322,0.0806378620241619,3.5706791717903605e-05,13.519424733944007,37.32221604044778,nan,nan,nan
361.40000000000003,229.96246337890625,-198.47628784179688,-53.66001892089844,230.41265623322465,-198.93638635754093,-53.66359948776951,0.6437212678856794,0.3155347184086306,0.08062675038035856,3.498848939345148e-05,13.462605828801399,37.07762281473393,1.9963527873052134,0.08711628095547246,nan
361.41,229.9618377685547,-198.4675750732422,-53.66157150268555,230.41210721261635,-198.92748639938225,-53.665269660032386,0.6436417299517385,0.31558151820405267,0.08064935016904842,3.569349998360147e-05,13.409480572396195,37.46883279138573,nan,nan,nan
361.42,229.9612274169922,-198.4588623046875,-53.66309356689453,230.411556412298,-198.91858536375668,-53.66758143664546,0.6435539107394003,0.31562840206755344,0.08067201622255853,3.499688213899275e-05,13.532460293671479,37.443688356616185,nan,0.31884964644002406,nan
361.43,229.96063232421875,-198.4501495361328,-53.66458511352539,230.4110323266446,-198.90968565341268,-53.66919826796599,0.6434709678483996,0.3156753714387599,0.08069474869414378,3.570224383069801e-05,13.484185595344128,37.25318050145308,nan,nan,nan
361.44,229.96005249023438,-198.44143676757812,-53.666046142578125,230.4105545373188,-198.9007892457603,-53.66913092548413,0.6434021367115198,0.3157224252057487,0.08071754771890233,3.50052900589349e-05,13.091642335969409,36.733602210791275,nan,1.9338845789716603,nan
361.45,229.95947265625,-198.43272399902344,-53.66748046875,230.41303437920573,-198.8926396078506,-53.670640778762085,0.645949372112714,0.3156613219609255,0.08070637417183786,3.568896856693279e-05,12.995907360060245,36.933348893117575,0.1663082257887168,nan,nan
361.46,229.95892333984375,-198.42401123046875,-53.66888427734375,230.41253288570397,-198.88373826438453,-53.673079004705464,0.6458545978361968,0.3157081811662143,0.08072915715096962,3.4992526419438313e-05,13.151658380198548,36.5463589267773,nan,0.6028766732338819,nan
361.47,229.95835876464844,-198.41529846191406,-53.67026138305664,230.4120613435951,-198.87483886963253,-53.67457553026916,0.6457879128127706,0.3157551257406888,0.08075200672877537,3.569771135593558e-05,13.102080231185525,37.226117315770566,nan,nan,nan
361.48,229.95782470703125,-198.40658569335938,-53.671607971191406,230.41158881296255,-198.86593831042833,-53.67666262796439,0.6457029039696391,0.31580215472228695,0.08077492303763492,3.5000936724877106e-05,13.243838551777127,36.812441053301185,nan,0.2690276471372223,nan
361.49,229.95730590820312,-198.3978729248047,-53.67293167114258,230.4111390495601,-198.85703920557717,-53.678112457157255,0.6456198836282019,0.31584926932675744,0.08079790623484319,3.570646965209363e-05,13.199319011044006,36.44216385194191,nan,nan,nan
361.5,229.956787109375,-198.38916015625,-53.67422866821289,230.42502243941507,-198.8598658935483,-53.67964171156679,0.6639559597304729,0.315788106742366,0.08078666730202559,3.498818829357626e-05,13.761037207208663,36.55600573859582,4.209841618430396,0.007484346835777968,nan
361.51,229.95626831054688,-198.3804473876953,-53.67549514770508,230.42461230295802,-198.85099501838008,-53.68104170190641,0.6639216310937364,0.3158350264604637,0.08080963370693861,3.5693195108944035e-05,13.718715439198437,36.97021439554501,nan,nan,nan
361.52,229.95578002929688,-198.37173461914062,-53.67674255371094,230.42423249068494,-198.84212667835334,-53.681309920836966,0.6638804551976059,0.31588203058951564,0.08083266701736921,3.49965970126425e-05,13.387398166878825,35.745311654331765,nan,0.8658892767899151,nan
361.53000000000003,229.95529174804688,-198.36302185058594,-53.67795944213867,230.42384247640902,-198.83325566741217,-53.68265021951108,0.6638385578798707,0.31592912021204095,0.08085576739340339,3.5701955278418986e-05,13.341981875946352,36.16374031657618,nan,nan,nan
361.54,229.95481872558594,-198.35430908203125,-53.67915725708008,230.423458636477,-198.82438411442968,-53.68417067008472,0.6637914103649687,0.31597629456515886,0.08087893496327231,3.500502034037798e-05,13.378638447605915,35.80535633711711,nan,0.029346541291623465,nan
361.55,229.954345703125,-198.34559631347656,-53.680328369140625,230.41551685374574,-198.8171044781463,-53.68545984426982,0.659564334657414,0.31591507307162525,0.08086762717923664,3.5688695959480544e-05,13.873586244385171,35.87765993581734,2.697425095558385,nan,nan
361.56,229.95388793945312,-198.33688354492188,-53.68147659301758,230.4151381004863,-198.80824663079827,-53.68669640470321,0.659516577664337,0.31596205227790086,0.08089077719281514,3.49922717318502e-05,13.84950642323441,35.61862335808328,nan,0.0009238502878300314,nan
361.57,229.9534454345703,-198.3281707763672,-53.68260192871094,230.41476795192028,-198.7993885732561,-53.68794644326067,0.6594643591239194,0.3160091168536656,0.08091399444586142,3.5697453883314824e-05,13.806724933354056,35.362490808984674,nan,nan,nan
361.58,229.9530029296875,-198.3194580078125,-53.6837043762207,230.41442713308916,-198.7905335663909,-53.6879410180028,0.6594258309381016,0.31605626615375176,0.08093727906385022,3.5000696309491244e-05,13.454953244536881,35.2761916685689,nan,1.0746861862807051,nan
361.59000000000003,229.9525604248047,-198.3107452392578,-53.684783935546875,230.4140749591051,-198.78167519369467,-53.68913575791914,0.6593857942922273,0.31610350108465934,0.08096063121097533,3.570622674075401e-05,13.407979957561638,35.49207322867339,nan,nan,nan
361.6,229.9521484375,-198.30203247070312,-53.68584442138672,230.40114695145957,-198.76595316352024,-53.689977967038665,0.6456308240484375,0.31604221924851184,0.08094925107241097,3.4987961750149635e-05,13.227995314226277,34.64530724349523,1.562471643437953,0.07933253782147724,nan
361.61,229.9517364501953,-198.29331970214844,-53.68688201904297,230.4007917427463,-198.7570823481065,-53.69112832953381,0.6455574945013507,0.3160892587093515,0.08097258488505042,3.5692966343294667e-05,13.18146864013256,34.88027998269169,nan,nan,nan
361.62,229.95132446289062,-198.28460693359375,-53.68790054321289,230.4004695343597,-198.74821607685735,-53.69064267742525,0.6455015509219212,0.3161363828816306,0.08099598623042538,3.499638363624601e-05,12.827735124147997,34.67461486966687,nan,1.8447933897883655,nan
361.63,229.950927734375,-198.27589416503906,-53.68889617919922,230.4001309020185,-198.73934529048415,-53.69173768763084,0.645428931538899,0.31618359256857287,0.0810194552753705,3.5701739932594074e-05,12.776229682544338,34.48630313738445,nan,nan,nan
361.64,229.95053100585938,-198.26718139648438,-53.68987274169922,230.39979820127766,-198.73047398592203,-53.69295214515561,0.6453607665736348,0.3162308872795735,0.0810429921414214,3.500481959939929e-05,12.75811174926591,34.650202582370184,nan,0.013528573629153301,nan
361.65000000000003,229.9501495361328,-198.2584686279297,-53.69083023071289,230.37113666488395,-198.70220049651226,-53.69397948012973,0.6116682528477331,0.3161695452279973,0.08103153617951879,3.568849360311476e-05,12.124731151553688,34.654349771604124,10.80514898989642,nan,nan
361.66,229.9497833251953,-198.24974060058594,-53.691768646240234,230.37078013139853,-198.69328747888008,-53.69501932421831,0.6115412586122935,0.31621664447797065,0.0810550539286756,3.6407614627918065e-05,12.077084150294144,33.3664255952191,nan,nan,nan
361.67,229.9494171142578,-198.24102783203125,-53.69268798828125,230.37043103721575,-198.6843743837284,-53.696041195795594,0.6114083187419181,0.3162638288479416,0.08107863953197235,3.714117557342076e-05,12.028125162456458,34.5015013079042,nan,nan,nan
361.68,229.9490509033203,-198.23231506347656,-53.6935920715332,230.37009091161426,-198.6754615152669,-53.69692445033675,0.6112810900617021,0.31631109819872466,0.0811022931199287,3.635864923983768e-05,11.969340617978364,34.521428726707704,nan,0.009568106191287628,nan
361.69,229.94869995117188,-198.22360229492188,-53.69447326660156,230.36975633518773,-198.6665481451982,-53.69791019642456,0.6111475413385259,0.3163584532420404,0.08112601486505826,3.709085069316675e-05,11.921574319480657,34.374475273956136,nan,nan,nan
361.7,229.94834899902344,-198.2148895263672,-53.69533920288086,230.41784785244135,-198.68582416131605,-53.698939262968324,0.6649974166775309,0.31629704977333234,0.08111447956264098,3.628833735071574e-05,12.482171885343599,34.23543585902536,25.77291560662469,0.008655009908570438,nan
361.71,229.94801330566406,-198.2061767578125,-53.696189880371094,230.41760266448296,-198.6769648428009,-53.699893813960536,0.6649581234987901,0.3163442087498039,0.081138181369973,3.701833190390496e-05,12.4354452685997,33.83519049924002,nan,nan,nan
361.72,229.9476776123047,-198.1974639892578,-53.697021484375,230.40668291345753,-198.68168701991362,-53.699337212255315,0.6672054949560345,0.315916713886912,0.08039763006988679,3.624123275865872e-05,19.097475320873556,40.736485682699374,nan,1.439941690470602,0.24116852167291072
361.73,229.94735717773438,-198.18875122070312,-53.69783401489258,230.40643691921662,-198.67285647072075,-53.70024462057283,0.6671715769978293,0.3159627588561742,0.08041822642360476,3.69699972350739e-05,19.01617211410154,40.4741226856544,nan,nan,nan
361.74,229.94703674316406,-198.18003845214844,-53.69863510131836,230.40623220454435,-198.66400283922388,-53.69999187101644,0.667146041383431,0.3160088861776741,0.08043888375662489,3.619651969193384e-05,18.81928090246551,40.3286635695594,nan,0.8637984273194109,nan
361.75,229.94671630859375,-198.17132568359375,-53.69941711425781,230.4510734958164,-198.67967116418032,-53.70077443567169,0.7160957633287202,0.3159474323622963,0.08042795158751269,3.6900729557367286e-05,19.220517832525307,40.687851916281744,20.362701370074,nan,nan
361.76,229.9464111328125,-198.16261291503906,-53.7001838684082,230.45095009979238,-198.67086404421246,-53.70052576389086,0.7161556369949785,0.3159933682029467,0.08044859927954838,3.61307810814992e-05,19.08454352180951,40.23344169900656,nan,0.7972633418779188,nan
361.77,229.9461212158203,-198.15390014648438,-53.70093536376953,230.4508002665645,-198.66207827002097,-53.70134942547139,0.716202569772213,0.3160393889217287,0.0804693092238896,3.685642059863196e-05,18.997619555109175,39.874280114057676,nan,nan,nan
361.78000000000003,229.94581604003906,-198.1451873779297,-53.70167541503906,230.45071182203083,-198.65325519900497,-53.7002343653385,0.7162783942780229,0.3160854920904634,0.08049008042694017,3.6088966709966794e-05,18.961124565283065,40.449544865450825,nan,2.457300468023808,nan
361.79,229.94554138183594,-198.136474609375,-53.702396392822266,230.45057385058402,-198.6444688919692,-53.70101109361516,0.7163224865185267,0.316131680355822,0.08051091414814794,3.6813600855932244e-05,18.868232992394287,39.713359143071386,nan,nan,nan
361.8,229.94525146484375,-198.12774658203125,-53.70310592651367,230.44737539251577,-198.64253021471382,-53.69952853483626,0.7191268489980365,0.3160701889184336,0.08049995943290585,3.602632058834408e-05,20.29722400583929,39.32924038921903,10.016535564467357,3.3614939774580446,nan
361.81,229.94497680664062,-198.11903381347656,-53.70379638671875,230.4472319170169,-198.63377540480838,-53.70025605898992,0.7191881782025561,0.31611618542081577,0.08052078299728081,3.674910763042376e-05,20.19601701545273,40.02110987569341,nan,nan,nan
361.82,229.9447021484375,-198.11032104492188,-53.7044792175293,230.4470671939429,-198.62503861403087,-53.70195978563008,0.7192434653385532,0.31616226445814033,0.080541668093615,3.59874151386505e-05,19.944232853688177,39.78063264179677,nan,0.652952590990738,nan
361.83,229.94444274902344,-198.1016082763672,-53.705142974853516,230.44693517736917,-198.61628363178508,-53.70267136086492,0.7193020720775339,0.31620842840644564,0.08056261588503787,3.670932881721711e-05,19.848126381703405,39.579255007040025,nan,nan,nan
361.84000000000003,229.9441680908203,-198.0928955078125,-53.7057991027832,230.44677610782966,-198.6075508842009,-53.70459883908138,0.7193652867914194,0.3162546752410155,0.08058362551901985,3.594994126347888e-05,19.634632559302457,39.877562953086674,nan,1.0085809386577034,nan
361.85,229.9439239501953,-198.0841827392578,-53.70643615722656,230.42233843327259,-198.58112713742526,-53.70534854632004,0.6898081873865957,0.3161931480101827,0.0805726461749989,3.664804180630034e-05,18.712017397229584,39.26306330692522,10.547116037976457,nan,nan
361.86,229.94366455078125,-198.07546997070312,-53.70706558227539,230.42217252913514,-198.57234183097782,-53.70672725982257,0.6898200093816094,0.31623920293313357,0.08059364516788076,3.5891838863871764e-05,18.596321245718514,39.61275515600202,nan,0.3197897605191619,nan
361.87,229.94342041015625,-198.06675720214844,-53.707679748535156,230.42202954401787,-198.5635443799709,-53.707410602196845,0.6898291639995552,0.3162853425917368,0.0806147070319203,3.661128076920938e-05,18.50951527416732,39.3008652636864,nan,nan,nan
361.88,229.94317626953125,-198.0580291748047,-53.708282470703125,230.42193235030595,-198.5547186069196,-53.706449798969,0.6898631281196864,0.31633156520422007,0.08063583100441327,3.585725517239557e-05,18.517713984803102,38.52593635229306,nan,1.7915850794280963,nan
361.89,229.9429473876953,-198.04931640625,-53.7088737487793,230.42179904875178,-198.54592067635116,-53.70709435503,0.6898680168128953,0.3163778727843744,0.08065701811675081,3.657599765581596e-05,18.425994745277485,39.0582137923282,nan,nan,nan
361.90000000000003,229.94271850585938,-198.0406036376953,-53.709449768066406,230.416598407595,-198.5368106570205,-53.70956691616369,0.6861367072386007,0.31631630714869985,0.08064601000589293,3.580216704062024e-05,18.56355173166603,39.04497431016498,1.002190786406856,2.4589476605371505,nan
361.91,229.94248962402344,-198.03189086914062,-53.710018157958984,230.41646332240757,-198.5280173435609,-53.710207375985014,0.6861432657864333,0.3163624225401111,0.08066718592525254,3.65193698522356e-05,18.479762730199347,38.968870841656546,nan,nan,nan
361.92,229.9422607421875,-198.02317810058594,-53.710575103759766,230.41633144675217,-198.5192249163605,-53.71089394525987,0.6861527366603145,0.3164086209417696,0.0806884242127879,3.5770426023739166e-05,18.397289670450842,39.03688628887197,nan,0.002163065749162099,nan
361.93,229.94204711914062,-198.01446533203125,-53.71112060546875,230.41620526883912,-198.51043137950293,-53.711514155653866,0.6861548120154324,0.3164549041504417,0.08070972581655751,3.648704216683091e-05,18.315370525198627,38.65253663809049,nan,nan,nan
361.94,229.94183349609375,-198.0057373046875,-53.71165084838867,230.4160727342443,-198.50164529458772,-53.71259298253491,0.6861694230037022,0.3165012707081646,0.08073109009620287,3.574007292365246e-05,18.25471493093049,37.97421801796524,nan,0.14862382918977887,nan
361.95,229.94163513183594,-197.9970245361328,-53.71217727661133,230.42127848675688,-198.4921042257116,-53.713275011107356,0.6893205727194565,0.3164396678614983,0.08072005084863193,3.6433470965380385e-05,17.785378562363636,38.42058367054979,1.8909413556089052,nan,nan
361.96,229.94142150878906,-197.98831176757812,-53.71268844604492,230.4211866634208,-198.48329595182997,-53.71350899736925,0.6893363617006986,0.3164858420594206,0.08074140340834542,3.56893269970831e-05,17.688001970533204,39.07269215874414,nan,0.08946039341382686,nan
361.97,229.94122314453125,-197.97959899902344,-53.713191986083984,230.42109092445878,-198.47449357280914,-53.714093044087974,0.6893435553340829,0.31653210091254186,0.0807628194598083,3.640402589871067e-05,17.609339962059874,38.55236579769652,nan,nan,nan
361.98,229.94093322753906,-197.97088623046875,-53.71378707885742,230.4209781842372,-198.4656702043163,-53.713362028673316,0.689387062465897,0.31657844315588873,0.08078429843954944,3.5661725249540066e-05,17.507738243458522,38.39393908121882,nan,1.2526005197691996,nan
361.99,229.94053649902344,-197.962158203125,-53.714473724365234,230.42074009776002,-198.45686740456932,-53.7140690005748,0.6894438730125813,0.31662487029825065,0.08080584118260661,3.637598316510292e-05,17.42445018652354,37.791813566807015,nan,nan,nan
362.0,229.94004821777344,-197.9534454345703,-53.71525573730469,230.42302339865012,-198.4446143441045,-53.716540096284,0.6888494556968591,0.3165632281451123,0.08079476680465096,3.56138014338215e-05,16.813383478900402,38.59979493205514,3.3464031451576775,2.173813446642504,nan
362.01,229.93946838378906,-197.94473266601562,-53.71612548828125,230.4226069161001,-198.4357950797697,-53.71744701165899,0.6888881491430068,0.3166094626539185,0.08081629724092855,3.632677677217001e-05,16.731589628421986,38.56822154013135,nan,nan,nan
362.02,229.9387969970703,-197.93601989746094,-53.71708297729492,230.42207958545367,-198.4269888531088,-53.71933406568942,0.6889249908687035,0.31665578058434535,0.08083789085180945,3.558886454074035e-05,16.74281864333734,38.61006665172443,nan,0.5398537959535005,nan
362.03000000000003,229.93801879882812,-197.9272918701172,-53.7181282043457,230.42147839689096,-198.41816981902795,-53.72043008902895,0.688984500811893,0.3167021832744838,0.080859548401769,3.6301492961359426e-05,16.664752391975675,38.09032407595664,nan,nan,nan
362.04,229.93716430664062,-197.9185791015625,-53.71926498413086,230.4207955881494,-198.4093441813838,-53.72114486407423,0.6890233043768685,0.31674866971425697,0.08088126943116551,3.5565221137985035e-05,16.535853242006052,38.31009423205369,nan,0.15098136773325255,nan
362.05,229.9362335205078,-197.9098663330078,-53.720481872558594,230.41442061182252,-198.38939513520526,-53.72250590616479,0.677211092015615,0.31668698894066133,0.08087015730590488,3.625509839963224e-05,15.462295059919947,38.46521135971927,9.132217140760527,nan,nan
362.06,229.93519592285156,-197.90115356445312,-53.72178649902344,230.4135483846417,-198.38054163994477,-53.72403946297905,0.6772289719665353,0.31673328255557776,0.08089186546017645,3.5521298260734925e-05,15.410498895657565,38.91030767719573,nan,0.021547527920516053,nan
362.07,229.93408203125,-197.89244079589844,-53.72317886352539,230.41259179116403,-198.37168573790314,-53.72548297132539,0.6772389635002003,0.31677966079830727,0.08091363772831159,3.6232468622544423e-05,15.33348770341289,38.31293448209974,nan,nan,nan
362.08,229.932861328125,-197.8837127685547,-53.72465133666992,230.41152206582566,-198.36284959051062,-53.72846197485505,0.6772759533111699,0.31682612280900463,0.08093547371506699,3.550018117454339e-05,15.516475860114415,38.29872590854776,nan,1.443700232478358,nan
362.09000000000003,229.93161010742188,-197.875,-53.72620391845703,230.41040950414623,-198.35399409622292,-53.730088429084965,0.677273427754874,0.31687266970142086,0.08095737409005543,3.6211123455057906e-05,15.445373325799666,38.58502926167485,nan,nan,nan
362.1,229.9303436279297,-197.8662872314453,-53.727840423583984,230.45687770621325,-198.3706612183412,-53.731593375859106,0.7291401366691888,0.3168109486151172,0.08094622034560246,3.545881597015272e-05,15.775438416172873,38.682884567501,22.11152273279103,0.05030729563546269,nan
362.11,229.9290771484375,-197.85757446289062,-53.729557037353516,230.45580429221235,-198.36185192796992,-53.73338295426055,0.7292131947628159,0.3168573024107076,0.0809681072246244,3.616868547576523e-05,15.706354656244974,38.81541795227563,nan,nan,nan
362.12,229.92782592773438,-197.84886169433594,-53.731353759765625,230.45474071985336,-198.3530433889176,-53.73530193909975,0.7292831874005354,0.3169037399842239,0.08099005805554843,3.5440114799306955e-05,15.665549198420992,38.74235634753993,nan,0.0016176040043281582,nan
362.13,229.9265899658203,-197.84014892578125,-53.73322677612305,230.45369559097037,-198.34423441617997,-53.73725301121764,0.7293550111327058,0.3169502623179959,0.08101207344954513,3.6149832944822994e-05,15.598440577575117,38.913258984373414,nan,nan,nan
362.14,229.92538452148438,-197.83143615722656,-53.73515701293945,230.45269984735066,-198.33540437818854,-53.73753845431342,0.7294183243489738,0.316996868748586,0.0810341530975476,3.542258098526838e-05,15.235315327710945,38.08645352034959,nan,2.069401122912629,nan
362.15000000000003,229.9241943359375,-197.82272338867188,-53.737091064453125,230.44457511430656,-198.32303865504005,-53.7396064584446,0.7218849267466244,0.316935107636805,0.08102295490902804,3.6109905559628744e-05,15.176664065728955,38.37492903871594,0.5267937318142065,nan,nan
362.16,229.92303466796875,-197.81399536132812,-53.739009857177734,230.44359315080183,-198.3142182895649,-53.74111982462582,0.7219477570751853,0.3169815207611042,0.0810450204527479,3.538479164674882e-05,15.054820162555806,37.02268779090706,nan,0.1848555588333431,nan
362.17,229.92189025878906,-197.80528259277344,-53.74090576171875,230.44262601630152,-198.30540422824626,-53.743125569916245,0.7220057527253608,0.31702801853024426,0.08106715073323398,3.609342265611531e-05,14.991268375423994,37.97967400747693,nan,nan,nan
362.18,229.9207763671875,-197.79656982421875,-53.742767333984375,230.44166455722674,-198.2966034407067,-53.746223632646824,0.7220596029004891,0.3170746003951094,0.08108934549414797,3.5369508213055704e-05,15.119031919682158,37.908459095268725,nan,0.8673846122159801,nan
362.19,229.919677734375,-197.78785705566406,-53.74459457397461,230.44074253964837,-198.28778992268258,-53.748180834136015,0.7221179017874237,0.31712126716718575,0.08111160526883296,3.607808218306009e-05,15.064327760995184,38.072359583677105,nan,nan,nan
362.2,229.91860961914062,-197.77914428710938,-53.74638748168945,230.44199542603715,-198.2792263949241,-53.74944145307502,0.7238951195845847,0.31705946464558904,0.08110035886489834,3.533397279869609e-05,14.846193898982907,37.55963571052032,0.2323739659742647,0.25605319582957997,nan
362.21,229.9175567626953,-197.7704315185547,-53.748146057128906,230.44112136607382,-198.27041197510658,-53.75132358215215,0.723954727527906,0.3171059378397194,0.08112260388138723,3.604164097174739e-05,14.78983316084516,37.61291631306162,nan,nan,nan
362.22,229.91653442382812,-197.76171875,-53.7498664855957,230.44027952021557,-198.26158930207347,-53.75237544942894,0.7240067608245447,0.3171524951214125,0.08114491359905845,3.5320817310428944e-05,14.616263235892935,37.20390985324341,nan,0.43956954750879157,nan
362.23,229.91551208496094,-197.7530059814453,-53.751556396484375,230.43944720085497,-198.25277543350282,-53.75418239364289,0.7240748626611971,0.3171991372034015,0.08116728850397173,3.6028489614898756e-05,14.557083602123063,37.68038271147698,nan,nan,nan
362.24,229.91453552246094,-197.74429321289062,-53.753211975097656,230.43865803488617,-198.24394384041668,-53.75427224693902,0.7241244932982842,0.31724586368428276,0.08118972840965195,3.530868639860666e-05,14.326827345108134,36.55824661522655,nan,1.967282040312072,nan
362.25,229.91355895996094,-197.73558044433594,-53.75483322143555,230.43522690374303,-198.22885514935402,-53.75610294735349,0.7179547272526428,0.3171840197333596,0.08117843079450454,3.59942314851086e-05,13.74343211391233,37.499378045358334,3.1715787886487026,nan,nan
362.26,229.91261291503906,-197.7268829345703,-53.75642395019531,230.43443821069562,-198.22003503056487,-53.75921972333754,0.7179891679672763,0.31723055241061254,0.08120085529521347,3.527626177729943e-05,13.848212469779726,38.08321235748051,nan,1.4034099546250411,nan
362.27,229.91168212890625,-197.71817016601562,-53.75798416137695,230.4336870912372,-198.2112005056818,-53.76089847019331,0.7180366214374886,0.3172771697860479,0.0812233451552777,3.5983138932359924e-05,13.79251708307914,37.097334186359745,nan,nan,nan
362.28000000000003,229.9107666015625,-197.70945739746094,-53.7595100402832,230.4329603849968,-198.2023616545107,-53.76209944397885,0.7180861084067085,0.3173238715430101,0.081245900230357,3.526608199696406e-05,13.676641931183324,37.20390428171458,nan,0.13926949105887196,nan
362.29,229.9098663330078,-197.70074462890625,-53.76100540161133,230.4322465835478,-198.1935271931174,-53.76371395670959,0.7181386481839386,0.3173706582674867,0.08126852094420027,3.5973035934366095e-05,13.620679449933128,37.24005591565255,nan,nan,nan
362.3,229.90899658203125,-197.69203186035156,-53.762474060058594,230.46635882729512,-198.20178364526276,-53.76459654319839,0.7553171913841382,0.3173087717318128,0.08125716842790673,3.523559367421131e-05,13.619920390799107,36.941665019235714,11.301335471741544,0.39491321203515123,nan
362.31,229.9081268310547,-197.68331909179688,-53.763912200927734,230.46573834061485,-198.19297665595482,-53.76614709777859,0.7554379015255377,0.3173553643799973,0.0812797730506854,3.594177119722824e-05,13.56190764923725,37.56092254487835,nan,nan,nan
362.32,229.90728759765625,-197.6746063232422,-53.76531982421875,230.46513347385869,-198.18417120069847,-53.767835316779134,0.7555492794225421,0.31740204138645817,0.08130244309733024,3.522723963240885e-05,13.534421745204453,37.092290544357375,nan,0.01910685603006491,nan
362.33,229.90646362304688,-197.6658935546875,-53.766700744628906,230.46454756552393,-198.1753641344671,-53.76933227055431,0.7556618843374185,0.3174488032650596,0.08132517895429879,3.593354158402956e-05,13.479629201164244,37.0081901451338,nan,nan,nan
362.34000000000003,229.90565490722656,-197.6571807861328,-53.7680549621582,230.46399151907025,-198.16654621224814,-53.769583110115555,0.7557745991252358,0.31749564980712497,0.08134798053245972,3.521976231092027e-05,13.285619397449027,36.79407736085421,nan,1.0365690043014695,nan
362.35,229.9048614501953,-197.64846801757812,-53.76938247680664,230.42687786376686,-198.14237741992878,-53.770919049767265,0.7186445538824775,0.31743372043672435,0.08133656998258859,3.590412901685244e-05,13.39624469911202,36.11342964666831,12.995253625771468,nan,nan
362.36,229.90408325195312,-197.63975524902344,-53.77067947387695,230.42627629383512,-198.13355220776828,-53.77245823078178,0.7186961621100701,0.3174803726623871,0.08135935478602313,3.5191913016020496e-05,13.352995141919461,36.245829884149124,nan,0.012727669569210955,nan
362.37,229.9033203125,-197.63104248046875,-53.77195358276367,230.4256920591394,-198.1247258066495,-53.77383848546131,0.7187482320633434,0.31752710966850084,0.08138220556974725,3.589764328305223e-05,13.29497801287539,36.04501124978392,nan,nan,nan
362.38,229.90257263183594,-197.62234497070312,-53.7732048034668,230.42512675779417,-198.11589641010306,-53.77485589150758,0.7187896521107168,0.317573931307284,0.08140512227740491,3.5186085162828875e-05,13.205122857653397,36.82835864254146,nan,0.07988060014985951,nan
362.39,229.90184020996094,-197.61363220214844,-53.7744255065918,230.42457319501392,-198.10706948626444,-53.776184019776515,0.7188415815649476,0.31762083800145474,0.08142810524689263,3.589199390394177e-05,13.147341028359174,36.001683982171194,nan,nan,nan
362.40000000000003,229.901123046875,-197.60491943359375,-53.77562713623047,230.4225285253974,-198.1044377055927,-53.77872250773234,0.7220746210875459,0.31755886480574586,0.08141663303842638,3.515985961372458e-05,14.014626480531403,35.5496631941672,4.432467554209682,1.05692700273797,nan
362.41,229.90042114257812,-197.59620666503906,-53.77680206298828,230.42199335932648,-198.0956350000175,-53.78001609557262,0.7221333457669531,0.3176055769086899,0.0814395985157973,3.58650892316879e-05,13.964151902902284,35.544860711478755,nan,nan,nan
362.42,229.8997344970703,-197.58749389648438,-53.7779541015625,230.421463263963,-198.0868400943149,-53.782302854137725,0.7221955712548648,0.3176523736086744,0.08146263011473612,3.51555595491348e-05,14.148462851519183,35.63241854821726,nan,0.7221001533342746,nan
362.43,229.89906311035156,-197.5787811279297,-53.779083251953125,230.42095622399285,-198.07803761965948,-53.78356166258377,0.7222530877485493,0.31769925527753284,0.0814857281445587,3.5861003849329575e-05,14.104602726064526,35.49438190695333,nan,nan,nan
362.44,229.8983917236328,-197.570068359375,-53.780189514160156,230.4204703654375,-198.06922863168873,-53.78389293918818,0.7223162749390866,0.31774622184374196,0.08150889259130577,3.5151991831693594e-05,13.86998733576984,35.6816280010798,nan,0.5742199705815005,nan
362.45,229.8977508544922,-197.5613555908203,-53.781272888183594,230.44320391741317,-198.0724904118837,-53.785136051394666,0.7475244298237923,0.3176842044042963,0.08149735548629462,3.583563366978231e-05,14.007157118611222,35.305307110193,5.140758454217817,nan,nan
362.46,229.89710998535156,-197.55264282226562,-53.7823371887207,230.44279840373855,-198.06368736155088,-53.78326196984332,0.7476250573082013,0.31773097612635803,0.08152050172198382,3.512795116147742e-05,13.550482783178914,35.16081445110732,nan,6.565278386834312,nan
362.47,229.896484375,-197.54393005371094,-53.78337860107422,230.442381083739,-198.05490559111263,-53.78439744833058,0.7477300679287682,0.31777783273348414,0.08154371455577254,3.583298938508726e-05,13.4909203474791,35.05327283760659,nan,nan,nan
362.48,229.8958740234375,-197.53521728515625,-53.78439712524414,230.4419664953398,-198.04613232638687,-53.78677853743744,0.7478347667420233,0.31782477419624455,0.08156699399842508,3.5125743992128606e-05,13.559669264295373,35.06529109018428,nan,1.1230065350503577,nan
362.49,229.89527893066406,-197.52650451660156,-53.785396575927734,230.4415735725949,-198.03735062321016,-53.787886686538336,0.7479356797815984,0.31787180082341376,0.08159034032255681,3.5831035404165795e-05,13.508024376547478,34.80921416143155,nan,nan,nan
362.5,229.8946990966797,-197.51780700683594,-53.786376953125,230.44831320949498,-198.03058915121022,-53.79047273369971,0.754619698202925,0.3178097382637592,0.08157873474730239,3.510303301432589e-05,13.650643555389305,35.917883886689594,1.4103910387957934,1.8699406238441743,nan
362.51,229.8941192626953,-197.50909423828125,-53.78733825683594,230.44795761893317,-198.02180751484406,-53.791556353584184,0.7547381142781926,0.3178565697688274,0.08160206211257899,3.580771593092856e-05,13.606707942819058,35.299529004945306,nan,nan,nan
362.52,229.8935546875,-197.50038146972656,-53.78828048706055,230.44761164226216,-198.01302746793272,-53.79288964474899,0.7548551337387185,0.31790348608389085,0.08162545627384653,3.5102073054349764e-05,13.652591533215187,35.177500567672475,nan,0.050456736300767996,nan
362.53000000000003,229.89300537109375,-197.49166870117188,-53.78920364379883,230.44727871749006,-198.00424561875286,-53.79393956659416,0.7549678588701095,0.31795048748337124,0.08164891748253299,3.5807035955134355e-05,13.61179739745267,34.977908752060955,nan,nan,nan
362.54,229.89247131347656,-197.4829559326172,-53.79010772705078,230.4469671385382,-197.9954541080189,-53.793340418888235,0.755069831272175,0.3179975739893803,0.081672445780896,3.510171054221309e-05,13.221656384793402,34.42668059571799,nan,1.8685598443840246,nan
362.55,229.89193725585938,-197.4742431640625,-53.79099655151367,230.42586803764354,-197.96831098576087,-53.794316499174464,0.7274586683976536,0.31793546577203063,0.08166076841965088,3.578495789668832e-05,12.331977290176207,34.68248769053691,10.435282121476769,nan,nan
362.56,229.89141845703125,-197.4655303955078,-53.79186248779297,230.42553861211817,-197.95948713323796,-53.79596143058596,0.7275262195626402,0.31798235689165005,0.08168427700655825,3.5080764599081175e-05,12.441973749919581,34.81007809163777,nan,0.30913456677415646,nan
362.57,229.89089965820312,-197.45681762695312,-53.79271697998047,230.42522371364703,-197.95065959893043,-53.796933231164076,0.7275986986564056,0.3180293330175582,0.08170785280474739,3.578543949009473e-05,12.398748673870747,34.85533756193826,nan,nan,nan
362.58,229.89041137695312,-197.44810485839844,-53.793548583984375,230.4249088014613,-197.94184187182617,-53.79973030503955,0.727668845636264,0.3180763941995197,0.0817314958744586,3.508149675716226e-05,12.931414339139252,34.859359697924475,nan,2.383533549182226,nan
362.59000000000003,229.88992309570312,-197.43939208984375,-53.794368743896484,230.42461422971226,-197.93301423971806,-53.80068802670215,0.7277344082628583,0.31812354067049,0.0817552064403744,3.57864775140308e-05,12.898050263046379,34.9332777508552,nan,nan,nan
362.6,229.88943481445312,-197.43067932128906,-53.795169830322266,230.44276245753147,-197.94022532192474,-53.80291568888296,0.7522423849287528,0.3180613859939988,0.08174345376015159,3.506161374551486e-05,14.189059382385855,35.82540897915841,7.80631173764083,1.2291648137119944,nan
362.61,229.8889617919922,-197.42196655273438,-53.795955657958984,230.44251018499955,-197.93143688760478,-53.80385513855345,0.7523551337683899,0.31810833679671174,0.08176714383731876,3.57660350774551e-05,14.162761466532576,35.51905158629992,nan,nan,nan
362.62,229.8885040283203,-197.4132537841797,-53.79672622680664,230.44226440082986,-197.9226514225057,-53.80539401640663,0.7524703546788978,0.31815537260185384,0.08179090136332832,3.5063338499002265e-05,14.50151223871271,35.574183032127415,nan,0.26553836637240547,nan
362.63,229.8880615234375,-197.404541015625,-53.79747772216797,230.44203090460923,-197.9138628462268,-53.806309978080805,0.7525747877439618,0.31820249362054126,0.08181472654777833,3.5768084961857266e-05,14.481074590585244,35.45286878102115,nan,nan,nan
362.64,229.8876190185547,-197.3958282470703,-53.7982177734375,230.44181084155406,-197.90506961529988,-53.80625435810039,0.7526751852484123,0.3182496999353507,0.08183861947337868,3.506553911705961e-05,14.083184246944306,35.19307338758673,nan,0.6445878467180124,nan
362.65000000000003,229.88717651367188,-197.38711547851562,-53.79894256591797,230.4673858355766,-197.9029510263924,-53.80708485899926,0.7763990382626091,0.3181874981816502,0.08182678810491822,3.574862246038821e-05,13.593759349962083,36.08298130796913,8.358805317708264,nan,nan
362.66,229.88674926757812,-197.37840270996094,-53.799652099609375,230.46722972436385,-197.89415928868152,-53.807546869552105,0.7765466738040739,0.31823450855381463,0.08185065975712434,3.5047045956585575e-05,13.459737217235155,35.67749130309914,nan,0.1135170360971389,nan
362.67,229.88633728027344,-197.36968994140625,-53.800350189208984,230.46708066261408,-197.88536923763883,-53.808393056612,0.7766934404328635,0.3182816040652209,0.08187459922770692,3.575158449061757e-05,13.433402116599837,35.259129408350745,nan,nan,nan
362.68,229.88592529296875,-197.36097717285156,-53.80103302001953,230.46694443180533,-197.8765745586085,-53.80810893883054,0.7768358723184752,0.3183287848153391,0.08189860661187433,3.505010468239464e-05,12.995150895200277,35.15973853423012,nan,0.8791739279060384,nan
362.69,229.88552856445312,-197.35226440429688,-53.801700592041016,230.4668123187862,-197.86778423758594,-53.80891860936118,0.7769836557740241,0.31837605098992505,0.08192268210059842,3.575498426571013e-05,12.96698468035159,34.887971405217236,nan,nan,nan
362.7,229.88514709472656,-197.3435516357422,-53.8023567199707,230.5143909255767,-197.88719243411077,-53.80781384065469,0.831578557010664,0.314691179549495,0.07731855185706024,3.503157373504031e-05,18.009533659991384,41.41379679627562,14.252092501082727,2.5390313893359577,0.19556290988645347
362.71,229.88475036621094,-197.3348388671875,-53.80299758911133,230.5143119226955,-197.87840321839306,-53.808580048987004,0.83176987271904,0.31474105768415833,0.07733440900414848,3.573590635562398e-05,17.944181828819808,42.322646537290375,nan,nan,nan
362.72,229.88438415527344,-197.3261260986328,-53.803627014160156,230.51425076043768,-197.86962714636456,-53.80955653794701,0.8319618311190565,0.31479101685755206,0.07735032189796635,3.503543087509405e-05,17.99012848097581,41.38243434134893,nan,0.034818378406350436,nan
362.73,229.88401794433594,-197.31741333007812,-53.80424499511719,230.5141867841802,-197.86083768153546,-53.810301279465016,0.8321414970109253,0.3148410633482578,0.07736630076392996,3.5740118983608814e-05,17.927274032973937,41.572339991857795,nan,nan,nan
362.74,229.88365173339844,-197.30870056152344,-53.804847717285156,230.5141111278968,-197.85202367658474,-53.81061646525143,0.8322934181670844,0.31489119124612247,0.07738233585231376,3.5039657349702247e-05,17.765114970367033,41.791086404195646,nan,0.1232132558684508,nan
362.75,229.88330078125,-197.29998779296875,-53.80543899536133,230.52833059491937,-197.84953387614843,-53.81134551928278,0.8474073666692419,0.31482836885923543,0.07737172053268718,3.572271105689278e-05,17.71368162189922,41.71777851809518,1.8160764182216291,nan,nan
362.76,229.88294982910156,-197.29127502441406,-53.80602264404297,230.5283324583389,-197.84077778529664,-53.81249372006769,0.8476519905974279,0.3148782868835297,0.07738776949257989,3.502308632566228e-05,17.848071819881053,41.99027879912823,nan,0.13709456390174515,nan
362.77,229.8826141357422,-197.28256225585938,-53.80659103393555,230.5283212193896,-197.83199631287854,-53.81319467658809,0.8478555472374221,0.3149282920095509,0.07740388427848297,3.572761909541114e-05,17.789246788951377,41.679670798236316,nan,nan,nan
362.78000000000003,229.8822784423828,-197.27383422851562,-53.80714797973633,230.5283059742343,-197.82320128719664,-53.81364509730088,0.8480553930083926,0.31497837864406514,0.07742005589777493,3.502796585999166e-05,17.69199015386504,40.90747640615198,nan,0.04058465750597746,nan
362.79,229.88194274902344,-197.26512145996094,-53.80769348144531,230.52830813030224,-197.8144196784447,-53.81432265369988,0.8482692290009669,0.3150285525890086,0.0774362934524159,3.573286231746879e-05,17.632983349514213,42.03300853704565,nan,nan,nan
362.8,229.88162231445312,-197.25640869140625,-53.808231353759766,230.50183223125848,-197.78863467860452,-53.814969012630726,0.8172944624796736,0.3149656209508933,0.07742573725855464,3.501202214708522e-05,17.009247697874297,41.23087574691121,11.298729574584412,0.0008610666402896565,nan
362.81,229.88131713867188,-197.24769592285156,-53.808753967285156,230.50180415728417,-197.77981266341908,-53.81562687829511,0.8174347697304801,0.3150155846317419,0.07744198806429178,3.5716411476092614e-05,16.95302685573951,40.947017177105884,nan,nan,nan
362.82,229.88101196289062,-197.23898315429688,-53.809268951416016,230.50167555918244,-197.77085778110913,-53.81381499361324,0.8173949993168715,0.3150656299221583,0.07745829629546072,3.5017478603604644e-05,16.13851182047269,40.273358259411815,nan,4.269563794908028,nan
362.83,229.88070678710938,-197.2302703857422,-53.80977249145508,230.50165991671588,-197.76203526996062,-53.81442928726076,0.8175441070689288,0.3151157623052757,0.0774746703341813,3.572224058664242e-05,16.073272730773017,40.45498243869504,nan,nan,nan
362.84000000000003,229.88040161132812,-197.2215576171875,-53.81026840209961,230.50168517745504,-197.7532557610293,-53.81585074687403,0.8177575119051931,0.31516597666700846,0.07749110225654546,3.502321418431603e-05,16.27392966108511,40.79856984426865,nan,0.47018870362898774,nan
362.85,229.88002014160156,-197.2128448486328,-53.810855865478516,230.51171373007978,-197.74905278210045,-53.81644570381079,0.8286054452697602,0.31510294135030176,0.07748061006067893,3.570635156660567e-05,16.21108017436231,40.1769926210381,1.0844599640847314,nan,nan
362.86,229.87953186035156,-197.20413208007812,-53.8115348815918,230.51152079288312,-197.74016241045268,-53.815755300438695,0.8287076311094743,0.3151529452138679,0.07749705495993439,3.5008059293085444e-05,15.761473869883663,40.24798357355409,nan,1.4601597879802528,nan
362.87,229.8789520263672,-197.19540405273438,-53.81230545043945,230.5112945427667,-197.73134617099902,-53.8165815621382,0.828920561518248,0.31520303595227395,0.07751356555157644,3.5712694165315506e-05,15.683749760909457,39.11639364052333,nan,nan,nan
362.88,229.87828063964844,-197.1866912841797,-53.813167572021484,230.51094718063464,-197.7224957351183,-53.8168212224207,0.8290758173353663,0.3152532087680398,0.07753013459113756,3.501427632581723e-05,15.470728200006478,39.7578311405322,nan,0.3246314739102846,nan
362.89,229.8775177001953,-197.177978515625,-53.814117431640625,230.51053586543705,-197.7136795520475,-53.81782309583347,0.8292775951979287,0.3153034686683124,0.07754676945110928,3.5719286444798756e-05,15.392099393929948,39.716509459252606,nan,nan,nan
362.90000000000003,229.8766632080078,-197.1692657470703,-53.81515884399414,230.48476822619017,-197.69286643818947,-53.819235274913446,0.8024749305542592,0.31524032464582247,0.07753632972634064,3.4999582240643145e-05,15.352214924906576,39.23889998797769,5.911340629996707,0.07800967230581438,nan
362.91,229.87571716308594,-197.16055297851562,-53.8162841796875,230.48413404497006,-197.68403146408923,-53.82041876043376,0.8026318718927026,0.31529037365591406,0.07755297691622665,3.570409487902045e-05,15.274883320650101,39.32100786549632,nan,nan,nan
362.92,229.87469482421875,-197.15184020996094,-53.81749725341797,230.48337624012555,-197.67515449863959,-53.820817060360646,0.8027215780852565,0.31534050483897397,0.07756968309746977,3.500621753406856e-05,15.030694863408568,38.57093474735416,nan,0.5376581550707837,nan
362.93,229.87356567382812,-197.14312744140625,-53.81879425048828,230.48256582155182,-197.66631948332346,-53.82216607885199,0.8028838408384456,0.31539072289099007,0.07758645500548325,3.571111123093712e-05,14.953362292949775,39.28986534375845,nan,nan,nan
362.94,229.8723602294922,-197.1343994140625,-53.82017517089844,230.48168141336313,-197.65749963689646,-53.82391903734474,0.803069215434634,0.31544102348204583,0.07760328634294837,3.501305759757675e-05,14.95722487505959,37.92896598658529,nan,0.07149997343057146,nan
362.95,229.87107849121094,-197.1256866455078,-53.82164001464844,230.4828936920176,-197.64975386756507,-53.82535586020629,0.8055917704899374,0.3153777755357013,0.07759290216365027,3.5696325215378545e-05,14.902373337273712,38.444817162706535,0.37966351048549096,nan,nan
362.96,229.8697052001953,-197.11697387695312,-53.82318878173828,230.48194195611666,-197.64105430778133,-53.82985226106418,0.8059395419229021,0.3154278649977155,0.07760974548748165,3.4998927324279966e-05,15.705376177684848,39.432802351205986,nan,5.905639719757538,nan
362.97,229.8682403564453,-197.10826110839844,-53.8248176574707,230.48079451561134,-197.63222204765057,-53.83156858883516,0.806103739507429,0.3154780411155402,0.0776266544584562,3.5703706289956574e-05,15.634415829813902,39.71419250000117,nan,nan,nan
362.98,229.86669921875,-197.09954833984375,-53.8265266418457,230.47958016192197,-197.62340872042324,-53.83378698425303,0.8062911765709267,0.3155282998620143,0.077643623372625,3.5006108892585246e-05,15.785737422490492,39.602504107268366,nan,0.12453250707637649,nan
362.99,229.86509704589844,-197.09083557128906,-53.82831573486328,230.47827613306174,-197.61457660460627,-53.83567054549518,0.8064411671994611,0.3155786454780936,0.07766065808259687,3.5711267566072865e-05,15.71774259436876,39.351184574012734,nan,nan,nan
363.0,229.8634796142578,-197.08212280273438,-53.83018112182617,230.47259509802592,-197.61343008354152,-53.83706344581505,0.8083046861105172,0.31551528935631146,0.07765031940046926,3.4992304997878536e-05,16.632842575602687,38.657517954163204,11.97237942023306,0.2336986719136777,nan
363.01,229.8618621826172,-197.0734100341797,-53.83210372924805,230.47123753276585,-197.60463869274523,-53.839089061019195,0.8084497510112212,0.31556542345335126,0.07766736542644835,3.5696969245789326e-05,16.571257118611445,38.76350308448184,nan,nan,nan
363.02,229.8602752685547,-197.064697265625,-53.83403396606445,230.4698744638023,-197.59582494169095,-53.84061714268693,0.8085487773438356,0.3156156402634787,0.07768447188791207,3.4999776891567735e-05,16.368900574812034,38.151790670286395,nan,0.1983530193711325,nan
363.03000000000003,229.85870361328125,-197.0559844970703,-53.8359489440918,230.46855359146187,-197.5870339996465,-53.842667342282574,0.8086876448589879,0.3156659437355561,0.07770164408828827,3.570482450509991e-05,16.321083907903066,38.44072316920875,nan,nan,nan
363.04,229.857177734375,-197.04727172851562,-53.83783721923828,230.46725566394562,-197.57823878129767,-53.844587890769844,0.80880570154726,0.3157163302812743,0.07771887714110465,3.5007393991059455e-05,16.28631322380954,37.72392701796492,nan,0.008519974082321736,nan
363.05,229.8556671142578,-197.03855895996094,-53.83969497680664,230.43370763748302,-197.5694120714898,-53.846446492743944,0.7848448607704657,0.3156528700103516,0.07770858545645211,3.569080737275513e-05,17.970492460910354,37.07651334274543,32.657692939625335,nan,nan
363.06,229.85418701171875,-197.02984619140625,-53.841514587402344,230.43235624535546,-197.56059840192688,-53.846763025482524,0.7848599351469561,0.3157030447911368,0.0777258294133161,3.499397467079122e-05,17.40812844183609,36.58733720068223,nan,1.9227606060499658,nan
363.07,229.8527374267578,-197.02113342285156,-53.84330368041992,230.4310922013342,-197.55185181428345,-53.848679576336586,0.7849746215873847,0.3157533060303534,0.07774313906642218,3.569890912922178e-05,17.358549264185964,36.30122936333969,nan,nan,nan
363.08,229.85130310058594,-197.01242065429688,-53.845054626464844,230.42989317891616,-197.54314693448595,-53.8516081742834,0.7851622839989909,0.31580365041917696,0.07776051003436651,3.500182237957764e-05,17.703667228067687,37.172013792183115,nan,0.7724229849636994,nan
363.09000000000003,229.84991455078125,-197.00372314453125,-53.84677505493164,230.42868645855359,-197.534401077849,-53.853467595957675,0.7852647835234999,0.3158540814865077,0.07777794686832376,3.570713624367648e-05,17.65809051823337,37.25094795537237,nan,nan,nan
363.1,229.84854125976562,-196.99501037597656,-53.84845733642578,230.46739737655832,-197.54953713158417,-53.85637436605452,0.8309906710274096,0.31579051354471827,0.07776769340723001,3.498862400731876e-05,18.871456218646973,38.00624204365459,20.51981759337354,0.7878931813335287,nan
363.11,229.8472137451172,-196.98629760742188,-53.8501091003418,230.46631154274786,-197.5408431759869,-53.85817873320054,0.8311846904393386,0.3158407324616163,0.0777851404531842,3.56934421734431e-05,18.83491920518077,37.16655906485349,nan,nan,nan
363.12,229.8459014892578,-196.9775848388672,-53.85172653198242,230.46525543051905,-197.5321526344479,-53.86003688933844,0.8313926909051229,0.315891034597624,0.07780264925531864,3.49966618668079e-05,18.91406092607937,37.660535158724514,nan,0.005228487081083612,nan
363.13,229.8446044921875,-196.9688720703125,-53.85331344604492,230.46422287520394,-197.52345919573057,-53.86177809467938,0.8316041549486706,0.31594142321615876,0.07782022390319229,3.5701861730831836e-05,18.877451219537097,37.921604897912815,nan,nan,nan
363.14,229.84335327148438,-196.9601593017578,-53.85486602783203,230.46324044591603,-197.5147928810577,-53.8642317770235,0.8318450778659345,0.315991895407226,0.07783786070331161,3.5004798624576835e-05,19.30767660571216,37.69445898242927,nan,0.3901645970890973,nan
363.15000000000003,229.8421173095703,-196.9514617919922,-53.856388092041016,230.4502203071994,-197.49738626521784,-53.86596850321361,0.8172604055442961,0.3159282231238619,0.0778276456217543,3.5688352805481344e-05,18.93639517647185,38.6704162853984,3.036340052512803,nan,nan
363.16,229.8408966064453,-196.9427490234375,-53.85788345336914,230.44915530413545,-197.48857221477417,-53.864821485918874,0.8172819194208936,0.31597848291022607,0.07784529215565815,3.4991846271984555e-05,17.670861890019445,36.754182115277494,nan,5.561855991176238,nan
363.17,229.8397216796875,-196.9340362548828,-53.859344482421875,230.4482037651786,-197.47985708930304,-53.866423330499316,0.8174478220295666,0.31602882898830953,0.07786300452856428,3.569692772238332e-05,17.631038060449974,36.04275127015511,nan,nan,nan
363.18,229.8385467529297,-196.92532348632812,-53.86077880859375,230.44726207628017,-197.47112662358884,-53.86754389298609,0.8176069813132466,0.3160792586985096,0.07788077946627844,3.500012842472307e-05,17.465963562966405,36.626575013660116,nan,0.14476196541363856,nan
363.19,229.83741760253906,-196.91661071777344,-53.8621826171875,230.4463579953409,-197.4624117864785,-53.869084793449495,0.8177743262186586,0.3161297749280671,0.07789862043322038,3.570558603806179e-05,17.425181779132046,35.80740909747464,nan,nan,nan
363.2,229.8363037109375,-196.9079132080078,-53.86355972290039,230.45005158285295,-197.45849803248674,-53.870709436671724,0.8245490995897407,0.31606599544640646,0.07788843602723607,3.4987316895031174e-05,17.839628815693725,36.9167388713141,1.527604508202597,0.02925631464823948,nan
363.21,229.835205078125,-196.89920043945312,-53.86491012573242,230.44919987335018,-197.449798141888,-53.872196448185434,0.8247427047177055,0.3161162988918453,0.07790628601477292,3.56922749575363e-05,17.798551596570842,36.278068655722734,nan,nan,nan
363.22,229.83412170410156,-196.89048767089844,-53.866233825683594,230.4483599785475,-197.44108683852906,-53.873310407386505,0.8249231353274412,0.31616668602185094,0.07792419895975539,3.49957132303074e-05,17.674494889471767,36.36942507832113,nan,0.0849454834515747,nan
363.23,229.8330841064453,-196.88177490234375,-53.86752700805664,230.44755200750407,-197.43238662004623,-53.874742073727,0.8251037039520918,0.3162171594890418,0.07794217794814581,3.570104898168256e-05,17.635627933727925,35.570447857283696,nan,nan,nan
363.24,229.83204650878906,-196.87307739257812,-53.868797302246094,230.4467639465381,-197.4236850341919,-53.876104973143526,0.8252876500531047,0.316267716986257,0.07796022027034022,3.5004173631909244e-05,17.634414503842134,37.036860157561605,nan,0.0013441299066554895,nan
363.25,229.83103942871094,-196.86436462402344,-53.87004470825195,230.44209062151842,-197.41199837669436,-53.87758103084482,0.8205748493916328,0.3162038330117721,0.07795006557530094,3.568785131084056e-05,17.521860684040366,35.75415061529128,0.7524457377244069,nan,nan
363.26,229.83004760742188,-196.85565185546875,-53.87126541137695,230.44137254323041,-197.40332609670548,-53.880117143020634,0.8208188623616295,0.3162541774616229,0.07796811637666096,3.499150452970574e-05,18.103484249271233,36.53679719169834,nan,0.9782381518974445,nan
363.27,229.82907104492188,-196.84693908691406,-53.872459411621094,230.44064093085709,-197.3946183651945,-53.88146464644962,0.8210063407154102,0.31630460807212574,0.07798623324783727,3.5696712786968126e-05,18.0700107076699,36.688821263076555,nan,nan,nan
363.28000000000003,229.828125,-196.83822631835938,-53.87363052368164,230.4399250814744,-197.3859068392561,-53.88266120351527,0.8211789365540598,0.3163551227545733,0.0780044138187043,3.500004706618873e-05,18.063176750976435,36.24677011496369,nan,0.011570916564780027,nan
363.29,229.8271942138672,-196.82952880859375,-53.874778747558594,230.43923179455277,-197.37719898535437,-53.88396194911287,0.8213506887287867,0.3164057238334418,0.07802266066860543,3.5705626674102244e-05,18.028099312220935,37.12987315817556,nan,nan,nan
363.3,229.82627868652344,-196.82081604003906,-53.87590789794922,230.44937731148835,-197.36803840396135,-53.88329365042665,0.8293122218739555,0.3163417330986786,0.07801252885607092,3.4987460043974685e-05,16.59489601438706,35.6587122610751,4.120677210489017,2.363146340156655,nan
363.31,229.8253936767578,-196.81210327148438,-53.877010345458984,230.44874030129216,-197.35931563986549,-53.88452961239714,0.8294931764655563,0.3163921207576956,0.07803078345055948,3.569253496377409e-05,16.55584290029214,35.24196549390063,nan,nan,nan
363.32,229.8245086669922,-196.8033905029297,-53.878089904785156,230.44814391641253,-197.35061665435381,-53.88660569569908,0.8297288134185338,0.31644259252326584,0.07804910209231816,3.499606122626581e-05,16.9793738048524,36.29431969260287,nan,0.5243011056611725,nan
363.33,229.8236541748047,-196.79469299316406,-53.879150390625,230.4475424234407,-197.3418941811698,-53.88780781252604,0.8299039931793158,0.3164931505176995,0.07806748705819229,3.5701508693275805e-05,16.941242105728982,36.534876948617296,nan,nan,nan
363.34000000000003,229.82281494140625,-196.78598022460938,-53.88018798828125,230.44693070754076,-197.33314335122148,-53.88791992900837,0.8300408180137931,0.3165437929559585,0.07808593642979926,3.500470126086008e-05,16.486282279533036,35.31912550696319,nan,0.8076677153331556,nan
363.35,229.8219757080078,-196.7772674560547,-53.88120651245117,230.41926912297848,-197.3202786315677,-53.88913772551479,0.8072691400270458,0.3164796976228708,0.07807582562361788,3.5688478875664906e-05,17.400543041818896,35.27146678954431,11.450672675027743,nan,nan
363.36,229.8211669921875,-196.7685546875,-53.882205963134766,230.41863050633518,-197.31153029401693,-53.888646167664724,0.8073578117814368,0.31653012636904415,0.07809428213876729,3.4992182185686066e-05,16.7600332545515,34.09051789859182,nan,1.86401065263012,nan
363.37,229.82037353515625,-196.7598419189453,-53.883182525634766,230.41804904393777,-197.3028235100974,-53.88974360920859,0.8075197025119337,0.31658064118218887,0.07811280503364242,3.5697491449140464e-05,16.717592658854805,34.150226795022746,nan,nan,nan
363.38,229.81959533691406,-196.7511444091797,-53.88414001464844,230.41749175848662,-197.29412468665691,-53.89115354438326,0.8076861409346184,0.3166312404632692,0.07813139265767745,3.500085927806134e-05,16.852504916289778,35.129283483310125,nan,0.0774353662737167,nan
363.39,229.81884765625,-196.742431640625,-53.88507843017578,230.4169420513596,-197.28541751670986,-53.89221742084209,0.8078375655271846,0.3166819260552375,0.07815004688766912,3.570653449720651e-05,16.81261987704359,33.741595723775454,nan,nan,nan
363.40000000000003,229.81809997558594,-196.7337188720703,-53.8859977722168,230.42643290963983,-197.28752849503687,-53.893287926391544,0.8226950853705546,0.3166177243656563,0.07813995095754205,3.498838105281007e-05,17.588964259557045,34.403696806575425,6.135331577379783,0.015858930581247377,nan
363.41,229.81736755371094,-196.72500610351562,-53.88690185546875,230.42592868189087,-197.27885350762472,-53.89431529342468,0.822890365013672,0.31666819590024414,0.07815861157435573,3.5693546079435386e-05,17.547847759811958,34.26631095477484,nan,nan,nan
363.42,229.816650390625,-196.71629333496094,-53.887786865234375,230.425418269316,-197.27015774439892,-53.89443200351224,0.8230481589984567,0.3167187519197555,0.0781773372273399,3.499707796596559e-05,17.208222158621716,33.915928661438734,nan,0.5635819749576615,nan
363.43,229.81594848632812,-196.7075958251953,-53.88865280151367,230.42494290803177,-197.2614823260696,-53.895416378351044,0.8232315637100821,0.3167693940970104,0.07819612955787823,3.5702610117770085e-05,17.16466991784329,34.67370843797463,nan,nan,nan
363.44,229.81524658203125,-196.69888305664062,-53.88949966430664,230.42448561001683,-197.2528105668417,-53.896559139078285,0.8234426002839734,0.31682012108851454,0.07821498726733073,3.5005796328384684e-05,17.24516113423889,34.48386240053535,nan,0.021534763681206437,nan
363.45,229.8145751953125,-196.69017028808594,-53.89033126831055,230.41197184501533,-197.24531523253555,-53.89751896435309,0.8155490968657404,0.31675581474245823,0.07820490361441142,3.568964837686338e-05,17.99256231083754,33.62368339432834,4.805752286624038,nan,nan
363.46,229.8139190673828,-196.68145751953125,-53.89114761352539,230.41148208010938,-197.23662513505178,-53.89689093863148,0.8156749483004113,0.31680632739577835,0.07822376705392864,3.499333506508935e-05,17.42726305035935,32.9685410925932,nan,1.732309620836089,nan
363.47,229.81326293945312,-196.67274475097656,-53.89194869995117,230.41104022892728,-197.22796845234782,-53.89779770659271,0.8158708581964185,0.31685692605906923,0.0782426972512326,3.569871818931579e-05,17.382105216728235,33.31925437368091,nan,nan,nan
363.48,229.81263732910156,-196.66404724121094,-53.892730712890625,230.41060160613569,-197.21930242031505,-53.898233432651764,0.8160268809638849,0.3169076095435948,0.0782616931131887,3.500206000084932e-05,17.22741039710748,33.422981773261355,nan,0.14665144862815394,nan
363.49,229.81201171875,-196.65533447265625,-53.893497467041016,230.41018537273712,-197.21064561389548,-53.89910560420499,0.8162191097439253,0.31695837928977205,0.07828075597392305,3.570780377440265e-05,17.18296493974738,33.00626635699165,nan,nan,nan
363.5,229.8114013671875,-196.64662170410156,-53.89425277709961,230.38534172943514,-197.1956389598006,-53.90091105558741,0.7942743978907193,0.31689396695919625,0.07827067900999642,3.498961225549359e-05,18.07474821538714,32.80457263190689,6.479894329817828,0.5528380245054751,nan
363.51,229.81080627441406,-196.63790893554688,-53.894989013671875,230.38490847498466,-197.1869850250414,-53.90176508954638,0.7944330078482692,0.3169445220089222,0.07828974682092586,3.56948405749249e-05,18.03466815160373,32.775324239782314,nan,nan,nan
363.52,229.81021118164062,-196.6291961669922,-53.89570999145508,230.38446216230344,-197.17830748923487,-53.9013701201794,0.7945561465777484,0.316995161880191,0.07830888056782102,3.4998331427556914e-05,17.60391932272903,32.72089837480706,nan,1.0774168164825997,nan
363.53000000000003,229.8096466064453,-196.6204833984375,-53.896419525146484,230.38405237352126,-197.16965307007453,-53.90218444343479,0.7947090963232395,0.31704588787346094,0.07832808140685027,3.570392173321649e-05,17.56070571319041,32.030063596108405,nan,nan,nan
363.54,229.80908203125,-196.6117706298828,-53.89711380004883,230.38366390843075,-197.16100763280758,-53.90348745656815,0.7948875659260003,0.3170966990102098,0.07834734851119701,3.500706078771207e-05,17.731266330943168,32.57340130787013,nan,0.17782414989618475,nan
363.55,229.80853271484375,-196.60305786132812,-53.89779281616211,230.39518499203498,-197.15659727948162,-53.904355469003264,0.8066038991944435,0.31703218201175815,0.07833727508023254,3.569096271942656e-05,17.629491045760986,32.6567306620847,1.506813126436365,nan,nan
363.56,229.8079833984375,-196.59434509277344,-53.898460388183594,230.39482921942576,-197.14794629273968,-53.90514747230318,0.8067880907087465,0.31708277816339814,0.0783565464263,3.4994597378385485e-05,17.64174322804158,32.965805822575,nan,6.681472722862727e-05,nan
363.57,229.8074493408203,-196.5856475830078,-53.899112701416016,230.39448422416697,-197.1392950845267,-53.90591754420784,0.8069583732072954,0.31713346030225303,0.07837588496455901,3.570002868959591e-05,17.60084540360945,33.602114780863445,nan,nan,nan
363.58,229.8069305419922,-196.57693481445312,-53.89975357055664,230.3941625836724,-197.1306550852024,-53.90736392055448,0.8071589226674252,0.31718422757569564,0.07839529002110995,3.5003314159420073e-05,17.90038490183356,32.94103399738027,nan,0.33463699516070855,nan
363.59000000000003,229.80642700195312,-196.56822204589844,-53.90038299560547,230.39383851343024,-197.12200340861386,-53.908116715140316,0.807332578262903,0.31723508109514736,0.07841476252327294,3.570910132312325e-05,17.863146764286668,32.7093346448596,nan,nan,nan
363.6,229.80592346191406,-196.55950927734375,-53.900997161865234,230.3840115971876,-197.0961446942187,-53.90811086139894,0.7888054687371566,0.31717045845618214,0.07840468744638925,3.499084760094909e-05,16.205026854617287,32.67044704268903,16.71121873668637,0.4045454956374298,nan
363.61,229.80543518066406,-196.55079650878906,-53.9015998840332,230.38369544631465,-197.087435351709,-53.90883282924035,0.7889350404545946,0.31722109663882836,0.07842416338619301,3.5696114660972054e-05,16.16670363261209,32.44185308191963,nan,nan,nan
363.62,229.80496215820312,-196.54208374023438,-53.902191162109375,230.38339141576367,-197.07872760794342,-53.909661001606615,0.7890645380790343,0.3172718199410982,0.07844370608480081,3.4999543173419113e-05,16.238175871970885,32.3276694743822,nan,0.009738116392080826,nan
363.63,229.8044891357422,-196.5333709716797,-53.90277099609375,230.3830950103514,-197.07001788543812,-53.910362025284655,0.7891972452454022,0.31732262936183697,0.07846331633936167,3.570516770153114e-05,16.200346815766373,32.573869130305575,nan,nan,nan
363.64,229.8040313720703,-196.524658203125,-53.90333557128906,230.38280792933318,-197.0613079925916,-53.91104793188955,0.7893255223782085,0.3173735242175008,0.07848299367099901,3.500824233651946e-05,16.228570971841094,32.49298117542177,nan,1.4888625358252673e-05,nan
363.65000000000003,229.80357360839844,-196.5159454345703,-53.903892517089844,230.38489188102076,-197.05384667159956,-53.91167888196786,0.7920412251645816,0.3173087969438895,0.07847291337615842,3.569217232133421e-05,16.22367451053944,32.653144227208166,0.16578883418255075,nan,nan
363.66,229.80313110351562,-196.50723266601562,-53.90443801879883,230.38464059751166,-197.04515044682253,-53.91317408638311,0.7922027198846219,0.31735947616713206,0.07849259338917351,3.499574133597328e-05,16.6492628056144,32.864170906828974,nan,0.4823956594375325,nan
363.67,229.80270385742188,-196.49851989746094,-53.904972076416016,230.38438462207614,-197.03644284657992,-53.91384115394079,0.7923334346686194,0.3174102413855349,0.07851234107332665,3.5701198313526654e-05,16.61572167497999,32.61524563038075,nan,nan,nan
363.68,229.80227661132812,-196.48980712890625,-53.905494689941406,230.38414267116013,-197.02773968881107,-53.91483526350025,0.7924814173875533,0.31746109201567946,0.078532156059548,3.5004417253314086e-05,16.848650829279798,33.11735314649469,nan,0.08012809114793154,nan
363.69,229.80186462402344,-196.48109436035156,-53.906009674072266,230.38390395504885,-197.0190320385864,-53.91548626983006,0.7926137359346972,0.3175120289060848,0.07855203898049197,3.5710226025844385e-05,16.815406109553592,32.79704822416466,nan,nan,nan
363.7,229.80145263671875,-196.47238159179688,-53.90651321411133,230.40214694440678,-197.02503112237974,-53.91814586039521,0.8163274302642496,0.31728357734748946,0.07753070495671788,3.499099214165297e-05,24.176259377594423,41.33018960054378,6.03537433254059,3.035633038362929,0.10140414269780963
363.71,229.8009490966797,-196.4636688232422,-53.907108306884766,230.40190313104463,-197.01633490712422,-53.918849840059416,0.8165313314835482,0.31733356901092374,0.07754686860128827,3.569625608824876e-05,24.086304995513878,41.20314524806093,nan,nan,nan
363.72,229.80035400390625,-196.4549560546875,-53.90779495239258,230.40156728863278,-197.00765663659215,-53.92011418304454,0.8167540085076098,0.3173836447228175,0.07756309098281346,3.499966966527178e-05,24.475893348493116,41.55692393519248,nan,0.15379740011793952,nan
363.73,229.79966735839844,-196.4462432861328,-53.90857696533203,230.40113674180657,-196.9989600713075,-53.921009027171564,0.8169552129417943,0.3174338046697689,0.07757937652761793,3.5705288423954524e-05,24.3844125517726,41.35684645086061,nan,nan,nan
363.74,229.79888916015625,-196.43753051757812,-53.909446716308594,230.40061193917143,-196.99023635643212,-53.921278151077445,0.817125467683963,0.31748404895788845,0.07759572120698194,3.500834725076806e-05,23.970618001350807,41.001891022159505,nan,0.3632181414583616,nan
363.75,229.7980194091797,-196.42881774902344,-53.910404205322266,230.3933929094381,-196.97740613682947,-53.92231451003053,0.8096670176089749,0.31742032049839825,0.07758494637657957,3.569226871016971e-05,23.736501063902416,40.880800644575366,0.7019693854217595,nan,nan
363.76,229.79705810546875,-196.42010498046875,-53.91145324707031,230.39268610226475,-196.96877489520415,-53.925506747770406,0.8099437553218679,0.31747035330374634,0.07760130315906347,3.499582152550101e-05,25.322302292214985,42.49605456612016,nan,2.920118682815792,nan
363.77,229.7960205078125,-196.41139221191406,-53.9125862121582,230.3918840055925,-196.96006852859767,-53.926774481135084,0.8101236420773411,0.31752047028072516,0.0776177231212364,3.570126789659846e-05,25.235156612882445,42.082115401378644,nan,nan,nan
363.78000000000003,229.7948760986328,-196.40267944335938,-53.9138069152832,230.39099526567875,-196.9513762532697,-53.92852764468367,0.8103350852575718,0.31757067154740853,0.07763420266313761,3.500447047779946e-05,25.703964757943588,43.17762787163155,nan,0.11172533962737953,nan
363.79,229.79367065429688,-196.3939666748047,-53.91511154174805,230.3900187046794,-196.9426696749417,-53.92997361489299,0.8105102471730693,0.3176209572718052,0.0776507455729444,3.5710266383074245e-05,25.61749358376455,42.277788972852726,nan,nan,nan
363.8,229.7923583984375,-196.38525390625,-53.916500091552734,230.40662471235703,-196.94165025664157,-53.93368566806757,0.8289724646726736,0.3175571326152944,0.07764002844837767,3.4991928671046155e-05,27.763399921693093,45.47481244281017,2.733380838217747,3.362084527705214,nan
363.81,229.7909698486328,-196.3765411376953,-53.917972564697266,230.405507572284,-196.93295369640063,-53.93532361154207,0.8291879208611196,0.3176072065671303,0.07765658292398403,3.5697198584201675e-05,27.6755394013439,45.0780907521992,nan,nan,nan
363.82,229.7895050048828,-196.36782836914062,-53.91952896118164,230.40430824073104,-196.92427784207902,-53.937645283369804,0.8294258471210654,0.3176573647550428,0.07767319740548581,3.500054477981592e-05,28.53852111871481,45.63406964389489,nan,0.2544258226067998,nan
363.83,229.78794860839844,-196.35911560058594,-53.921165466308594,230.40302485182121,-196.91558225117436,-53.93945532818926,0.8296435605052227,0.3177076073385751,0.0776898752906315,3.570616643582483e-05,28.449645008856578,45.84094626564676,nan,nan,nan
363.84000000000003,229.7863006591797,-196.35040283203125,-53.922882080078125,230.40165563125782,-196.90682129290045,-53.93934907775048,0.8297797341883393,0.3177579344490235,0.07770661356083496,3.50091599449121e-05,26.745704116900296,44.459594133567236,nan,2.8172529334600243,nan
363.85,229.7845916748047,-196.34169006347656,-53.92467498779297,230.38856263317453,-196.89694571882544,-53.94131482173322,0.820589206256487,0.31769401360095934,0.07769595388870769,3.569308162396517e-05,27.280727353094942,43.5525365813745,3.2264101508533716,nan,nan
363.86,229.7827911376953,-196.33297729492188,-53.926551818847656,230.38701566539567,-196.8882563250741,-53.94316450887821,0.8207911200004376,0.3177441286518504,0.07771270336370101,3.499657149424317e-05,27.330049954685393,43.902967875185546,nan,0.02373966211799077,nan
363.87,229.7809295654297,-196.3242645263672,-53.9284782409668,230.38538988963285,-196.87957289909096,-53.94526302835052,0.8209880641278712,0.31779432803657237,0.07772951628944451,3.5702015191419484e-05,27.25733368347628,43.30046213640306,nan,nan,nan
363.88,229.7789764404297,-196.3155517578125,-53.930416107177734,230.38368850958906,-196.87086277233394,-53.94652053728721,0.8211615931745663,0.317844611892076,0.07774639000077524,3.500515728980614e-05,26.69649056561236,43.35201779945274,nan,0.5377359145262156,nan
363.89,229.7770233154297,-196.30685424804688,-53.932334899902344,230.38194578559467,-196.8621802509073,-53.94863922212876,0.8213306248318641,0.3178949803690945,0.07776332736899094,3.5710947944125094e-05,26.653640545648944,43.62524194390378,nan,nan,nan
363.90000000000003,229.7750701904297,-196.2981414794922,-53.93423080444336,230.38850189795969,-196.86062545744514,-53.95232375020859,0.8324746482286459,0.3178309633046609,0.07775271839201815,3.499255297228808e-05,28.97955979563916,45.12453508634279,2.3827264532530115,1.7540440870804392,nan
363.91,229.7731475830078,-196.2894287109375,-53.936092376708984,230.386788888911,-196.85196405197811,-53.95441024997428,0.832668725671398,0.3178811194315384,0.07776966640032479,3.569781529581205e-05,28.950347924619862,44.924271827223265,nan,nan,nan
363.92,229.77125549316406,-196.2807159423828,-53.93791961669922,230.38510452270557,-196.84331020418017,-53.95671226160659,0.8328721978665066,0.3179313599713751,0.07778667557694856,3.500110644428765e-05,29.567456489354203,45.55054914339526,nan,0.04326214176678087,nan
363.93,229.7694091796875,-196.27200317382812,-53.93971252441406,230.38345274422804,-196.83464948931294,-53.958735661885484,0.8330559736545564,0.3179816850715199,0.07780374847523559,3.570671825083828e-05,29.539925099371022,45.096367024353825,nan,nan,nan
363.94,229.767578125,-196.2633056640625,-53.941471099853516,230.38183564217067,-196.82598615735006,-53.960617232419935,0.8332395869851951,0.31803209487424505,0.07782088290389333,3.5009659571652005e-05,29.800586934760986,46.785315016946726,nan,0.008220867422593203,nan
363.95,229.7657928466797,-196.2545928955078,-53.94319152832031,230.3851205267998,-196.82669001755326,-53.962674199300686,0.8433513306352041,0.3179679815851095,0.07781032338173569,3.569357022228512e-05,30.91369281411069,45.914127837169445,7.841755180603796,nan,nan
363.96,229.76405334472656,-196.24588012695312,-53.944881439208984,230.38358030427165,-196.81806688920256,-53.96464022986122,0.8435649081752398,0.3180181787476523,0.07782746802542993,3.499701088120586e-05,31.364569660982426,45.94418481667214,nan,0.0012940881091148822,nan
363.97,229.7623291015625,-196.2371826171875,-53.946537017822266,230.38207478435768,-196.80944284760457,-53.966531131476216,0.8437809237243257,0.31806846040917847,0.07784467646560252,3.570244074948311e-05,31.332719498376512,47.30242802330598,nan,nan,nan
363.98,229.76065063476562,-196.2284698486328,-53.948158264160156,230.38060331657798,-196.80079759652708,-53.96757605225081,0.843965300939783,0.318118826713593,0.07786194679526787,3.5005536639502984e-05,30.83643249149557,45.64873883785829,nan,0.46762736059961113,nan
363.99,229.75900268554688,-196.21975708007812,-53.94974899291992,230.37916590597754,-196.79217406362585,-53.969395214315824,0.8441857597969493,0.3181692778056904,0.07787928114393841,3.571131165495676e-05,30.803161492353333,45.68944020677492,nan,nan,nan
364.0,229.75738525390625,-196.2110595703125,-53.95130920410156,230.36241152674535,-196.7804476402241,-53.9685975354819,0.8309984665359833,0.3181050682776442,0.07786876501279359,3.499287467625434e-05,29.045949296178897,43.907128440236825,6.659922566896755,3.801332635188177,nan
364.01,229.75579833984375,-196.2023468017578,-53.95283508300781,230.36101325420077,-196.77183185294285,-53.970327017239335,0.8312065229812406,0.31815530643778106,0.07788610898401668,3.569811977971209e-05,29.00589168868673,43.19508783658449,nan,nan,nan
364.02,229.75425720214844,-196.19363403320312,-53.95433044433594,230.35964719094565,-196.7631477101179,-53.969251044483606,0.8313034891287503,0.31820562917978235,0.0779035151875904,3.5001370850944855e-05,26.72680641233776,40.451359521788696,nan,5.439981551780747,nan
364.03000000000003,229.7527313232422,-196.1849365234375,-53.9557991027832,230.35831220855073,-196.75453239056338,-53.970894003895275,0.8315019642415444,0.3182560366481616,0.07792098550047825,3.570696390801272e-05,26.676174809223994,41.624634029892434,nan,nan,nan
364.04,229.75123596191406,-196.1762237548828,-53.957237243652344,230.3570079528944,-196.74590243374044,-53.9718910216966,0.8316899875628131,0.31830652898729705,0.077938518392422,3.500986823482962e-05,26.359279154217205,40.56048406732817,nan,0.26909069846902334,nan
364.05,229.74977111816406,-196.1675262451172,-53.95864486694336,230.3569331852249,-196.74457394637605,-53.97348827521581,0.8377649741871963,0.31824222320917245,0.07792804360780155,3.56937601393877e-05,27.30231633259346,41.38614288179241,5.776309455170435,nan,nan
364.06,229.74835205078125,-196.1588134765625,-53.960025787353516,230.35568875964725,-196.73595814137073,-53.97367555914524,0.8379380396680628,0.3182925023237742,0.07794558563653628,3.499716686997905e-05,26.386680045252962,39.217825908347926,nan,1.3179759978932857,nan
364.07,229.7469482421875,-196.1501007080078,-53.96138000488281,230.35447238181212,-196.727374039188,-53.975188503370035,0.8381651112692313,0.31834286610302287,0.0779631918733419,3.570257541442565e-05,26.33622959195489,39.57080326453902,nan,nan,nan
364.08,229.74557495117188,-196.1414031982422,-53.96270751953125,230.35328430828068,-196.71878216811322,-53.97632231434702,0.8383689523144372,0.31839331469060145,0.07798086101086017,3.500564043306149e-05,26.22170783508772,40.095983241698576,nan,0.08791708994946403,nan
364.09000000000003,229.7442169189453,-196.1326904296875,-53.96400833129883,230.35212375958912,-196.71019813801686,-53.977779772499616,0.8386033225990194,0.3184438482321085,0.07799859459350053,3.571139298270545e-05,26.169623985632157,39.73404577824157,nan,nan,nan
364.1,229.74290466308594,-196.12399291992188,-53.96528244018555,230.35404098964614,-196.70265773568616,-53.97776538662085,0.8417222835334197,0.3183794461927803,0.07798815563406836,3.4992929660537564e-05,25.241169262637666,38.99881061496354,0.10007427464319123,1.515814684655299,nan
364.11,229.74160766601562,-196.1152801513672,-53.966529846191406,230.35293941520533,-196.69407408923442,-53.979158619896936,0.8419551151958776,0.3184297662165255,0.07800589773250982,3.5698151364365773e-05,25.189049603252244,38.59913787613177,nan,nan,nan
364.12,229.74034118652344,-196.1065673828125,-53.96775436401367,230.35186380060253,-196.6854916909606,-53.980583927543336,0.8421863569277478,0.31848017098509745,0.07802370303876395,3.500137754519173e-05,25.357791545155596,38.61502180584799,nan,0.0022388800358961462,nan
364.13,229.7390899658203,-196.09786987304688,-53.96895217895508,230.35081392978492,-196.67690827753844,-53.9819297929211,0.8424132598843431,0.3185306606454841,0.07804157290193527,3.5706946295468756e-05,25.30311828773863,39.615244781028004,nan,nan,nan
364.14,229.7378692626953,-196.0891571044922,-53.97012710571289,230.34979165205473,-196.66828040355787,-53.98102047144406,0.8425861804806787,0.31858123533921184,0.07805950630626517,3.5009828664656415e-05,23.909774129455826,37.34355946578596,nan,3.5159536661767277,nan
364.15000000000003,229.73667907714844,-196.08045959472656,-53.97127914428711,230.34913598055536,-196.65412509351856,-53.982352419880314,0.8392366653497864,0.3185167370313039,0.07804910048708485,3.569369714042044e-05,23.15739224441454,37.75155371474403,3.948918635753412,nan,nan
364.16,229.73550415039062,-196.07174682617188,-53.972408294677734,230.34816387632546,-196.64548693179526,-53.982035814036124,0.8394178564411621,0.3185670979125677,0.07806704186429367,3.499708473888973e-05,22.304123284776043,36.45130021340483,nan,1.7481331092252232,nan
364.17,229.73435974121094,-196.06304931640625,-53.973514556884766,230.3472134431123,-196.63687867139632,-53.98325488245642,0.8396217377633659,0.3186175436228925,0.0780850479169632,3.570246757582406e-05,22.245078432687322,36.90569659594082,nan,nan,nan
364.18,229.73324584960938,-196.05433654785156,-53.97460174560547,230.34628517007127,-196.6282848067679,-53.985235171960845,0.8398493210698814,0.31866807430198024,0.07810311779925708,3.5005516264111296e-05,22.752549781035675,36.43380700747676,nan,0.4323534926518512,nan
364.19,229.7321319580078,-196.04562377929688,-53.97566223144531,230.34538077976453,-196.61967656550786,-53.98641968562418,0.840075259463699,0.3187186900996859,0.07812125260656017,3.571124251558603e-05,22.696635332255134,37.13968982441805,nan,nan,nan
364.2,229.73106384277344,-196.03692626953125,-53.97670364379883,230.34761020554913,-196.60488572225285,-53.9877618288746,0.8383493548902637,0.3186540955113008,0.07811087481753654,3.499276726928204e-05,21.94202060671586,37.26291632158373,6.683797680892135,0.04839891827833356,nan
364.21,229.72999572753906,-196.02821350097656,-53.977725982666016,230.34675689611515,-196.59624708007846,-53.98890678183264,0.838559178782664,0.3187044972017292,0.07812901694737495,3.5697962265673584e-05,21.883060310722637,37.15673488085526,nan,nan,nan
364.22,229.7289581298828,-196.01951599121094,-53.97872543334961,230.34592809520896,-196.58757456419696,-53.98802903731605,0.8387067649090625,0.31875498379543976,0.07814722318249752,3.500117742978411e-05,20.78664833448804,36.520036402718695,nan,2.832992873265352,nan
364.23,229.7279510498047,-196.01080322265625,-53.979705810546875,230.34511689447342,-196.5789357095674,-53.98911528512247,0.8389021043729092,0.3188055554443589,0.07816549447167494,3.5706719068492894e-05,20.72843933312982,35.37368707536849,nan,nan,nan
364.24,229.72694396972656,-196.00210571289062,-53.98066711425781,230.34432484008525,-196.5703106439691,-53.991043275753825,0.8391207586004111,0.3188562122849377,0.07818383018818077,3.5009592980205706e-05,21.25643750740452,37.36748358887122,nan,0.5224916993208032,nan
364.25,229.72596740722656,-195.99339294433594,-53.98160934448242,230.36232490793455,-196.56819239717984,-53.992049528728394,0.8575863088599647,0.31879152141603073,0.07817347724665781,3.569343581849919e-05,20.967145301231866,36.512310809050305,3.3312020600191374,nan,nan
364.26,229.7250213623047,-195.98468017578125,-53.9825325012207,230.36160755566868,-196.5595435379511,-53.99220779882248,0.8577898799418017,0.3188419638528166,0.07819181968921163,3.499681735841381e-05,20.52420135314526,35.69674340653992,nan,0.5472151526714064,nan
364.27,229.7240753173828,-195.97598266601562,-53.983436584472656,230.36090789784626,-196.55090814096965,-53.99321965190832,0.8580155859302907,0.3188924912806233,0.07821022731991996,3.570217261307505e-05,20.46326284348643,37.07392709207116,nan,nan,nan
364.28000000000003,229.72315979003906,-195.96726989746094,-53.98432159423828,230.36022589803764,-196.5422820716304,-53.99484864722735,0.8582558157380552,0.3189431038337501,0.07822869963754021,3.500521761581089e-05,20.88422480519289,36.30862240520332,nan,0.28423270199325806,nan
364.29,229.72225952148438,-195.95855712890625,-53.985191345214844,230.35956380537286,-196.53364669044066,-53.99583253945791,0.8584858700429338,0.3189938016675255,0.07824723740331797,3.5710916126095506e-05,20.82532776571631,36.36210632582997,nan,nan,nan
364.3,229.72137451171875,-195.94985961914062,-53.98604202270508,230.33674266174097,-196.5123766111546,-53.99586685700971,0.8337864557159264,0.31892901450410555,0.07823690450004558,3.499244119476167e-05,20.0589288591266,36.35679558319871,5.564427378425062,0.6099759564109769,nan
364.31,229.7205047607422,-195.94114685058594,-53.98687744140625,230.33608077219773,-196.50371563374605,-53.996808490061575,0.83397607123536,0.3189794976376502,0.07825544831134633,3.569760844317587e-05,19.999081276809406,35.59094484620586,nan,nan,nan
364.32,229.71966552734375,-195.9324493408203,-53.98769760131836,230.3354377837482,-196.4950444753422,-53.99699067542969,0.8341313555859091,0.31903006582938415,0.07827405705803328,3.50008242974877e-05,19.638636530932096,35.57999477244029,nan,0.3903732457706223,nan
364.33,229.7188262939453,-195.92373657226562,-53.98849868774414,230.33481015686974,-196.4863831101445,-53.99789340894813,0.8343233826022531,0.319080719236752,0.07829273139501207,3.570633816940721e-05,19.579171222313143,35.29701397431778,nan,nan,nan
364.34000000000003,229.718017578125,-195.91502380371094,-53.98928451538086,230.33419827558342,-196.47772732503552,-53.999226352985815,0.8345134780016359,0.31913145799070297,0.07831147098012493,3.500921484691328e-05,19.867631342304907,35.12752153231016,nan,0.14000455914052284,nan
364.35,229.71722412109375,-195.9063262939453,-53.990055084228516,230.32256686630515,-196.45522325620544,-54.00016331464789,0.8172085967980799,0.31906657454151593,0.07830115455613007,3.569303175075148e-05,18.836603750697428,35.82423452311808,10.12632520173723,nan,nan
364.36,229.7164306640625,-195.89761352539062,-53.990806579589844,230.32197480686958,-196.4465059898483,-54.00007101622098,0.8173447719368336,0.3191170982971562,0.07831989954023784,3.4996417946690794e-05,18.362767016525908,35.04904076572423,nan,0.6455518005956139,nan
364.37,229.71566772460938,-195.88890075683594,-53.991546630859375,230.32139631142834,-196.4378001068702,-54.00091118508945,0.8174871939264151,0.31916770720255594,0.07833871026022114,3.5701745660262305e-05,18.30381026401411,34.506676221965996,nan,nan,nan
364.38,229.7149200439453,-195.8802032470703,-53.992271423339844,230.32083303172524,-196.4290955955778,-54.00187562094665,0.8176219172833671,0.31921840138668134,0.07835758646316178,3.500479718873704e-05,18.4183072909245,35.453179277244665,nan,0.013455184149168683,nan
364.39,229.7141876220703,-195.87149047851562,-53.99298095703125,230.3202853669217,-196.42038935457157,-54.00268968179781,0.8177644598452555,0.319269181010139,0.07837652867048339,3.57104683180418e-05,18.360483928404513,34.564553659236324,nan,nan,nan
364.40000000000003,229.7134552001953,-195.86277770996094,-53.99367904663086,230.2907788557537,-196.41231822429856,-54.0045339148677,0.7971293548290622,0.31920420125941784,0.0783662241275051,3.499200335031267e-05,20.642736818158554,35.26543944631413,23.00320123480303,0.9238267536202458,nan
364.41,229.71275329589844,-195.85406494140625,-53.994361877441406,230.29020840649534,-196.40364911890464,-54.00533106776695,0.7972562298580411,0.31925476558653665,0.07838517102241556,3.569714350088055e-05,20.58468213761125,34.708313317933396,nan,nan,nan
364.42,229.71206665039062,-195.84536743164062,-53.99502944946289,230.28965130592485,-196.39498347086248,-54.00646000550621,0.7973785064133425,0.3193054151237971,0.07840418362557162,3.500036922529287e-05,20.884067581509214,35.779102266927204,nan,0.08377546033484,nan
364.43,229.7113800048828,-195.83665466308594,-53.99568557739258,230.28910903302506,-196.3863138721523,-54.00723574836103,0.7975145657096435,0.3193561500335937,0.07842326238443477,3.570585625779973e-05,20.82557239901672,35.36553967217236,nan,nan,nan
364.44,229.71072387695312,-195.82794189453125,-53.9963264465332,230.28858035188838,-196.3776440584357,-54.00802016737824,0.797638588417732,0.3194069704420294,0.07844240715686153,3.500874436737977e-05,20.934620146829683,34.993758350751506,nan,0.0003046129890087021,nan
364.45,229.71006774902344,-195.81922912597656,-53.99695587158203,230.2817570835973,-196.37269672913146,-54.00871212662333,0.7957972684925138,0.3193418944074665,0.07843211066047663,3.569253642954705e-05,21.65690921870053,35.27565861909478,4.303156612926627,nan,nan
364.46,229.7094268798828,-195.81053161621094,-53.99757385253906,230.2812434782956,-196.3640459747967,-54.009147516493734,0.7959185367098409,0.31939249922011975,0.07845125942729306,3.499593542952577e-05,21.54986370959788,35.87178326483634,nan,0.06508725603441763,nan
364.47,229.70880126953125,-195.80181884765625,-53.99817657470703,230.2807419805608,-196.35539797424033,-54.00987203869142,0.7960545271527567,0.3194431893376146,0.0784704745031345,3.570123701594069e-05,21.493395732415127,34.98110129615144,nan,nan,nan
364.48,229.70819091796875,-195.79310607910156,-53.99877166748047,230.28024975462796,-196.34676072094982,-54.01183657925307,0.7962132044619915,0.3194939648845085,0.07848975580638608,3.500430270908461e-05,22.478458968945503,35.90102668904978,nan,1.1051576266498098,nan
364.49,229.70758056640625,-195.78439331054688,-53.999351501464844,230.27977325771974,-196.3381124937934,-54.01255148447626,0.7963564838935376,0.3195448260256939,0.07850910369388217,3.570994809044429e-05,22.421099778567953,36.205351141120964,nan,nan,nan
364.5,229.7069854736328,-195.77569580078125,-53.99991989135742,230.28221144831156,-196.32494856788716,-54.01349605258423,0.795454484098411,0.3194796536910226,0.07849881078625097,3.4991500099730674e-05,22.103472811999573,37.227763662728975,3.263344140650711,0.022367981186204356,nan
364.51,229.7064208984375,-195.76698303222656,-54.0004768371582,230.28176539467066,-196.31627863904896,-54.01419269346664,0.7955721700351546,0.3195302989368956,0.07851816192535095,3.5696614977412214e-05,22.047228697357905,35.830936592645315,nan,nan,nan
364.52,229.70584106445312,-195.75827026367188,-54.00102615356445,230.28133284972307,-196.30760335270608,-54.01417681535548,0.7956950279639778,0.31958102954223255,0.07853757949758099,3.4999857205802734e-05,21.65810958354283,36.238237666387874,nan,0.34818169817911326,nan
364.53000000000003,229.70529174804688,-195.7495574951172,-54.00156021118164,230.2809096835347,-196.29893333372573,-54.014846098430645,0.7958180285103489,0.3196318456732047,0.07855706381106713,3.5705319407300404e-05,21.601615828040647,35.60156135647604,nan,nan,nan
364.54,229.70474243164062,-195.7408447265625,-54.0020866394043,230.28049408672132,-196.29027251810572,-54.01682213884667,0.7959761311697975,0.31968274745228237,0.07857661485724403,3.50082250926489e-05,22.800988402878435,37.15004173669727,nan,1.223259952005588,nan
364.55,229.70420837402344,-195.73214721679688,-54.002601623535156,230.28278444157968,-196.28931760551308,-54.01743049797119,0.8033735143306925,0.31961747884357083,0.07856632151040915,3.569199433875031e-05,23.485847331476712,37.749212242708396,4.177533322687448,nan,nan
364.56,229.7036895751953,-195.7234344482422,-54.00310516357422,230.2823937382382,-196.28068182375688,-54.01911953071649,0.8035419129056967,0.31966816442669616,0.07858587507148175,3.4995411805588374e-05,24.595156772963755,37.960935777906776,nan,0.7583249222571945,nan
364.57,229.7030792236328,-195.7147216796875,-54.003700256347656,230.2819647653713,-196.27203927517655,-54.01982541992363,0.8037234559075109,0.3197189354658928,0.07860549553153756,3.570068958105364e-05,24.48962916260031,37.80211434611255,nan,nan,nan
364.58,229.70236206054688,-195.7060089111328,-54.004390716552734,230.28145282177255,-196.26337661832903,-54.01733819174081,0.803848560287226,0.3197697920826319,0.07862518292050645,3.500377463115407e-05,21.93435960620411,35.69765971193908,nan,7.627528708909545,nan
364.59000000000003,229.70156860351562,-195.69729614257812,-54.00517272949219,230.28084011776613,-196.25473393297185,-54.01819783871897,0.804028625641823,0.3198207344447427,0.07864493748881189,3.57093967157142e-05,21.836094303107423,35.17501202805882,nan,nan,nan
364.6,229.70068359375,-195.68858337402344,-54.00604248046875,230.2607301354916,-196.22901038766904,-54.01913153423712,0.7783860284737739,0.3197553695469655,0.07863463933218523,3.499097027203508e-05,21.01251818581438,35.06077086514316,10.83404619106373,4.578533327944609e-07,nan
364.61,229.69970703125,-195.67987060546875,-54.00700378417969,230.25990807293607,-196.22032193393605,-54.02017269118368,0.7785154241631355,0.3198060954122186,0.07865439564096562,3.569606243874385e-05,20.914354429115036,35.044968946590906,nan,nan,nan
364.62,229.69863891601562,-195.67115783691406,-54.008052825927734,230.2590019543143,-196.2116258673744,-54.01983664765165,0.7786214003579845,0.31985690678376594,0.07867421906797503,3.499932545927228e-05,19.963451409026778,34.18522407189224,nan,1.5192543362126192,nan
364.63,229.69747924804688,-195.66246032714844,-54.009185791015625,230.25800399691965,-196.20293747987841,-54.02104133660221,0.7787452090916204,0.31990780383015655,0.0786941098339732,3.570476549761814e-05,19.87076705282562,34.99575419866118,nan,nan,nan
364.64,229.6962432861328,-195.65374755859375,-54.01041030883789,230.25692242557807,-196.19424423489366,-54.021304755287595,0.7788558553826036,0.31995878667163535,0.0787140680134523,3.500769261255472e-05,19.265227145887785,33.32259770757098,nan,0.7470792057435892,nan
364.65000000000003,229.69491577148438,-195.64503479003906,-54.011714935302734,230.22888589558767,-196.1758818360704,-54.02258603052759,0.7530211553644903,0.31989332551834737,0.07870376089058649,3.56914416205266e-05,19.42667817965321,33.15964693663181,6.637674788732736,nan,nan
364.66,229.69351196289062,-195.63632202148438,-54.01310729980469,230.22758586499728,-196.1671862898656,-54.02423684372495,0.7531106632515888,0.3199440915612781,0.07872372003325094,3.4994880991746085e-05,19.59612170218213,33.12833674428216,nan,0.027754953823985618,nan
364.67,229.6920166015625,-195.6276092529297,-54.01457977294922,230.22620294931227,-196.1584898519349,-54.02577615339833,0.7532029098838617,0.3199949432076262,0.07874374667419183,3.570013778686715e-05,19.508871378202375,33.25924127432998,nan,nan,nan
364.68,229.69044494628906,-195.618896484375,-54.016136169433594,230.2247351355559,-196.1497965743452,-54.02818364947412,0.7533034273468381,0.32004588057718697,0.0787638409100899,3.500324522496014e-05,20.085372100637134,33.66161034994797,nan,0.43445535624122955,nan
364.69,229.6887969970703,-195.6101837158203,-54.01777267456055,230.22318797312062,-196.1411004586426,-54.02989717091952,0.753387885823086,0.3200969038393163,0.07878400292840045,3.570884691070054e-05,19.997515933729918,33.43609969088436,nan,nan,nan
364.7,229.6870574951172,-195.6014862060547,-54.01948928833008,230.22564361954767,-196.14556373763813,-54.03152331064253,0.7656632363487168,0.3157901116699605,0.07873427913126743,3.498986634783273e-05,26.998853567235553,40.90022932746239,5.714616528970729,0.04352946112876515,0.02181102490434741
364.71,229.6852569580078,-195.5927734375,-54.02128982543945,230.22395238498916,-196.13690892449557,-54.03339876053532,0.7657824871121574,0.31583672434950666,0.07875372052067808,3.5694925119735023e-05,26.887281440058427,39.55682256503146,nan,nan,nan
364.72,229.68336486816406,-195.5840606689453,-54.023162841796875,230.2222324279507,-196.128246447565,-54.034292013421855,0.7659244526083396,0.31588341748828364,0.07877322308347721,3.499824359267794e-05,26.237308987982306,39.25943816204315,nan,0.7968723121434406,nan
364.73,229.681396484375,-195.57534790039062,-54.02509307861328,230.2203848169719,-196.11959211857905,-54.036304093798364,0.7660521382834082,0.31593019749113166,0.07879278711895192,3.570365150751366e-05,26.137723542899494,39.13645738737854,nan,nan,nan
364.74,229.67935180664062,-195.566650390625,-54.02703094482422,230.21838292128155,-196.11094995104122,-54.04001920786606,0.7661496257240932,0.31597705833318485,0.0788124126245935,3.5006633514713226e-05,27.35338979271847,41.110579516354406,nan,1.9717863409702112,nan
364.75,229.67723083496094,-195.5579376220703,-54.028953552246094,230.22146260458788,-196.1002902214249,-54.04209008151576,0.7684446170669736,0.31591644417014453,0.07880199250144417,3.569035304307921e-05,26.663785882770846,40.31891063127167,3.062430149712181,nan,nan
364.76,229.67503356933594,-195.54922485351562,-54.030845642089844,230.21932947218082,-196.09163233981732,-54.045684195129056,0.7685597528534442,0.3159631106989129,0.07882161384899879,3.4993846571668156e-05,28.03990138109513,41.738560491021296,nan,1.7110659422908783,nan
364.77,229.67276000976562,-195.54052734375,-54.032711029052734,230.2171948246428,-196.08296437789912,-54.04770923481367,0.7686820863288572,0.31600986385045604,0.07884129688313532,3.569907378589192e-05,27.96603878408567,42.64304682668037,nan,nan,nan
364.78000000000003,229.6704864501953,-195.5318145751953,-54.03453826904297,230.2150046020903,-196.07429873657875,-54.050028644738106,0.7687841275899193,0.3160566979801073,0.07886104163123582,3.500223468769267e-05,28.442594795898376,41.992402986141734,nan,0.07520291480990272,nan
364.79,229.66822814941406,-195.52310180664062,-54.03633117675781,230.21283146020042,-196.06563132739637,-54.051991331261966,0.7688798914329981,0.31610361893126965,0.0788808483483433,3.570780800481829e-05,28.37882548153477,41.984273629993545,nan,nan,nan
364.8,229.66600036621094,-195.514404296875,-54.038089752197266,230.2384850393546,-196.07411808007015,-54.054554503447115,0.8008054121425212,0.31604294067073774,0.07887042005925683,3.4989459462400594e-05,29.85295714018272,43.864739329773236,9.756018259267096,0.31117896078663604,nan
364.81,229.66380310058594,-195.5056915283203,-54.03981399536133,230.23641149153238,-196.0654883474793,-54.05645540872865,0.8009555448098493,0.316089666970762,0.07889022212724052,3.569450473304429e-05,29.788937757146044,43.24771207311071,nan,nan,nan
364.82,229.66165161132812,-195.4969940185547,-54.04150390625,230.23433161554453,-196.05686464254435,-54.059356337892254,0.8010843976457327,0.31613647438402126,0.07891008614723388,3.499784261847768e-05,31.06059628663359,45.103970336385416,nan,0.7540776770812644,nan
364.83,229.65953063964844,-195.48828125,-54.04315948486328,230.23233719886073,-196.04823555569115,-54.061201254838714,0.8012375953501769,0.31618336838006794,0.07893001234996407,3.570323751802424e-05,30.996535138339503,44.61480903456077,nan,nan,nan
364.84000000000003,229.657470703125,-195.47958374023438,-54.04478454589844,230.23043038826225,-196.03960117966665,-54.0619288226368,0.8013714865689543,0.31623034386683535,0.07895000079884387,3.500623891618188e-05,30.200824449961427,43.998859809113,nan,0.831242122701157,nan
364.85,229.6554412841797,-195.4708709716797,-54.0463752746582,230.2168682731745,-196.02657281676198,-54.06359412659761,0.790127390654038,0.3161696066461622,0.07893956118724026,3.568994682859959e-05,30.22683310607224,43.26564266680406,1.9026177936242514,nan,nan
364.86,229.6534423828125,-195.46217346191406,-54.047935485839844,230.21491851703513,-196.01794758262773,-54.0667077528299,0.7902485182299185,0.31621638733399626,0.07895954448811396,3.499345962572057e-05,31.91404257339852,45.99539585257823,nan,1.3379259640926255,nan
364.87,229.6514892578125,-195.45346069335938,-54.049461364746094,230.21306627945552,-196.00931602079956,-54.068428417786265,0.7903819617008639,0.31626325436899644,0.07897959018390882,3.569867481239267e-05,31.848131863692068,44.995109509283736,nan,nan,nan
364.88,229.6495819091797,-195.44476318359375,-54.050960540771484,230.2112970774641,-196.0006798117594,-54.069056553455404,0.7905028105117123,0.3163102030229162,0.07899969835750717,3.500185488712247e-05,31.051955548704896,44.797463182096344,nan,0.7974119430754104,nan
364.89,229.647705078125,-195.43606567382812,-54.05242919921875,230.20952278408802,-195.9920485999391,-54.07070776086896,0.7906264950509007,0.3163572382266604,0.07901986921080284,3.570741664792667e-05,30.978278640414793,44.94436275062288,nan,nan,nan
364.90000000000003,229.6458740234375,-195.42735290527344,-54.05386734008789,230.22563876725755,-195.99043099669785,-54.06992320849782,0.8083575237042626,0.31629643660142354,0.07900941491050036,3.498908793481353e-05,28.784519026095545,42.100145438738345,4.11037871623677,3.593789551309601,nan
364.91,229.64407348632812,-195.4186553955078,-54.055274963378906,230.22397033872127,-195.98180743660672,-54.071492537576475,0.8085070132795349,0.31634327666557593,0.07902958008640588,3.569412213886246e-05,28.7109574777084,42.97342926704609,nan,nan,nan
364.92,229.64231872558594,-195.40994262695312,-54.05665969848633,230.22237773730288,-195.97317998723543,-54.07203960122811,0.8086663851676753,0.3163901984705615,0.07904980796657043,3.499747884930651e-05,28.030150491411412,41.32047990764808,nan,0.6991724967567029,nan
364.93,229.6405792236328,-195.4012451171875,-54.058013916015625,230.22078139329037,-195.9645564046193,-54.07354492013694,0.808823451880821,0.3164372065962823,0.07907009873763463,3.570286313913015e-05,27.95289209430352,42.583013362436745,nan,nan,nan
364.94,229.63888549804688,-195.39254760742188,-54.0593376159668,230.21928960818104,-195.95592651241108,-54.07322908288964,0.808985595978533,0.3164842968345604,0.07909045250510258,3.500588317270952e-05,26.635783156043797,40.90189215995773,nan,2.274101414210449,nan
364.95,229.63723754882812,-195.3838348388672,-54.060638427734375,230.22370980192665,-195.94995679470767,-54.07462523608675,0.815254195540875,0.3164234350204898,0.07907998023707288,3.5689581666670386e-05,26.561552572415124,39.82850560973097,0.39828359648522416,nan,nan
364.96,229.63560485839844,-195.37513732910156,-54.06191635131836,230.22232807898388,-195.94132833278667,-54.07335082913535,0.8154429087992893,0.31647032995591,0.07910032778573493,3.4993112829493844e-05,24.74297123992095,39.34475477168357,nan,5.088311164222639,nan
364.97,229.63400268554688,-195.36643981933594,-54.06316375732422,230.22087699146425,-195.93270869339617,-54.074708770061804,0.8156072437114273,0.31651731098821184,0.07912073843445959,3.569831831807468e-05,24.66685439105791,39.27569666139228,nan,nan,nan
364.98,229.6324462890625,-195.35772705078125,-54.064388275146484,230.21940388279978,-195.92409350328487,-54.07749048191799,0.815758446594133,0.31656437424495276,0.07914121230039661,3.500151651791979e-05,25.767565475627293,39.22554649134305,nan,1.480271975937614,nan
364.99,229.63092041015625,-195.34902954101562,-54.065589904785156,230.21801619661974,-195.91547409538722,-54.07881515318372,0.8159140903646851,0.31661152380795654,0.07916174955292778,3.570706901212325e-05,25.689263727938886,39.94438832897902,nan,nan,nan
365.0,229.62940979003906,-195.34033203125,-54.06676483154297,230.22390915070105,-195.90970595550223,-54.07889161295289,0.8232637574151188,0.31655059720922396,0.07915125592036436,3.498875878725374e-05,24.89610521885279,39.73658074712911,0.5301533536470225,1.101282741991521,nan
365.01,229.62794494628906,-195.3316192626953,-54.06791687011719,230.22259538257853,-195.90108992929194,-54.08015849281495,0.8234414604691344,0.31659755112896215,0.07917178638682383,3.5693784165801004e-05,24.822004595587956,38.43002948659663,nan,nan,nan
365.02,229.62649536132812,-195.3229217529297,-54.06904602050781,230.22135117623284,-195.89247126660413,-54.080285391846786,0.823630021624303,0.3166445873771393,0.07919238028657025,3.499715840543732e-05,24.160811393308013,38.96610614029035,nan,0.8826318933259825,nan
365.03000000000003,229.62509155273438,-195.31422424316406,-54.070152282714844,230.22009592018782,-195.88385509370724,-54.08149748546611,0.8237950089704845,0.31669170971683686,0.07921303778042596,3.5702534281545416e-05,24.0853927021363,38.37418290020231,nan,nan,nan
365.04,229.6237030029297,-195.30551147460938,-54.07123947143555,230.21888535036751,-195.8752376657475,-54.08222588054704,0.8239846241014023,0.31673891474879273,0.07923375899825265,3.5005571541951686e-05,23.858684802173244,37.8610858829834,nan,0.15100683980374158,nan
365.05,229.62234497070312,-195.29681396484375,-54.072303771972656,230.22084912224108,-195.87184401216274,-54.08341188324488,0.8300543144059185,0.31667792672996453,0.07922324062821842,3.568926260841598e-05,24.359302630595025,38.5506825198543,1.7906023801489115,nan,nan
365.06,229.6210174560547,-195.28811645507812,-54.07334518432617,230.21963641470143,-195.86324664234564,-54.0858026597907,0.8302256191256847,0.3167249359384559,0.07924395447775132,3.4992810634628135e-05,25.26630499153023,39.354942197381035,nan,1.0954114633493888,nan
365.07,229.6197052001953,-195.27940368652344,-54.07436752319336,230.21849307083264,-195.8546468780148,-54.086940728675835,0.8304274374535334,0.31677203103024015,0.07926473212646719,3.5698008518909485e-05,25.190939231087878,38.923153892999764,nan,nan,nan
365.08,229.61843872070312,-195.2707061767578,-54.07536697387695,230.2174192735599,-195.84604480486254,-54.086763181107656,0.8306155026420375,0.3168192089064096,0.07928557371019966,3.500122324854539e-05,24.403472478172052,38.26115287523394,nan,1.1860303450789766,nan
365.09000000000003,229.6171875,-195.2620086669922,-54.07634735107422,230.2163278831145,-195.83744455568993,-54.08784963936443,0.8307995927513815,0.31686647288371295,0.07930647938091101,3.570676851891217e-05,24.328076553618487,38.53110164182903,nan,nan,nan
365.1,229.61595153808594,-195.2532958984375,-54.077308654785156,230.2269158048232,-195.8285643779516,-54.087663482830564,0.8392367849517296,0.31680541962204367,0.07929593283827406,3.498847496257514e-05,22.89805670519762,37.5862812260951,6.753448181450584,0.7684104266729211,nan
365.11,229.61474609375,-195.24459838867188,-54.078250885009766,230.22589951667962,-195.81994952809967,-54.0886981604395,0.8394322995711778,0.31685248743768607,0.07931683053616514,3.5693493500899764e-05,22.821046478232443,38.06385420502733,nan,nan,nan
365.12,229.6135711669922,-195.2358856201172,-54.07917404174805,230.22490112086686,-195.8113348545582,-54.089904173935224,0.8396316273580385,0.31689963812112937,0.0793377923757678,3.499688352480987e-05,22.985380828201414,37.26084309264989,nan,0.025292801413911815,nan
365.13,229.61241149902344,-195.22718811035156,-54.080081939697266,230.22393247983467,-195.80271987243069,-54.09090529363835,0.8398284730376613,0.3169468747079982,0.0793588185052372,3.570225291887136e-05,22.906642036568023,38.259796490344925,nan,nan,nan
365.14,229.6112823486328,-195.21849060058594,-54.08096694946289,230.22299766012597,-195.79410438780363,-54.09155265152724,0.8400231612511991,0.31699419451739946,0.07937990906607702,3.500530559510306e-05,22.75723785062968,37.824846738608805,nan,0.07994863373719162,nan
365.15000000000003,229.6101837158203,-195.20977783203125,-54.08183670043945,230.2369679746805,-195.79123251253915,-54.092533786490364,0.8550219180169922,0.3169330786152384,0.07936933090710467,3.568899097397484e-05,22.594372916192093,37.06234101242501,2.182778616325493,nan,nan
365.16,229.6090850830078,-195.20108032226562,-54.08268737792969,230.2360429112101,-195.78262409558266,-54.095162094920695,0.855233826033525,0.31698020206531374,0.07939041287375267,3.4992554003171104e-05,23.765521846789994,39.72119190289771,nan,1.9957302602918807,nan
365.17,229.60801696777344,-195.1923828125,-54.08352279663086,230.2351909246395,-195.77401457217135,-54.096110110951955,0.8554537489024524,0.31702741122819683,0.07941155933039483,3.5697746100307655e-05,23.687726260777694,39.360199611020604,nan,nan,nan
365.18,229.6069793701172,-195.1836700439453,-54.08434295654297,230.2343556267265,-195.76540503715952,-54.097201441548556,0.855676288279456,0.3170747036843505,0.07943277042057681,3.500097544932494e-05,23.906979621610414,38.55150480265771,nan,0.017890054469812584,nan
365.19,229.60595703125,-195.1749725341797,-54.08514404296875,230.23354589909792,-195.75679527508248,-54.09811945911043,0.8558935975355362,0.31712208208046566,0.07945404628941685,3.570651525707909e-05,23.82989377685822,39.3820451342565,nan,nan,nan
365.2,229.60494995117188,-195.166259765625,-54.08592987060547,230.20838857358814,-195.74390060607317,-54.09911859516309,0.8354526043006634,0.31706090039867446,0.07944343303766249,3.4988236296082525e-05,24.957414170832664,38.653624439185975,10.551028164110281,0.015460474415965608,nan
365.21,229.60397338867188,-195.15756225585938,-54.086700439453125,230.20757165625957,-195.73530072535468,-54.10000721933121,0.8356372886368637,0.3171080821005318,0.07946469967128478,3.569324969504825e-05,24.87964572521621,39.01748464310616,nan,nan,nan
365.22,229.60301208496094,-195.1488494873047,-54.08745574951172,230.2067496881859,-195.7267006572051,-54.10176506952854,0.8358324142688246,0.31715534715746957,0.07948603113657661,3.499665352299544e-05,25.70420316143951,39.26179131033441,nan,0.5513632508746052,nan
365.23,229.60206604003906,-195.14015197753906,-54.08819580078125,230.20597202732463,-195.71810043521097,-54.102634107691834,0.83602351995093,0.3172026979747375,0.0795074275780449,3.570201807943268e-05,25.625133031756114,40.04880485716733,nan,nan,nan
365.24,229.60113525390625,-195.13143920898438,-54.08892059326172,230.20522903859583,-195.70950023201598,-54.10291047045326,0.83622937266803,0.3172501324923177,0.07952888914016329,3.500508416263657e-05,25.3118638565735,39.108167556667034,nan,0.23636857616435852,nan
365.25,229.60023498535156,-195.12274169921875,-54.089630126953125,230.15228338679879,-195.6769672259365,-54.10366199625002,0.7823811509500724,0.3171888869692604,0.07951823729975971,3.568876532622969e-05,25.216512429793404,38.73393789044857,25.38413482244582,nan,nan
365.26,229.59933471679688,-195.11402893066406,-54.090328216552734,230.1515457374485,-195.66833234782058,-54.10178154571143,0.7825090851544827,0.31723612457764727,0.07953968896773249,3.4992341334947435e-05,23.38284717957071,36.699126348022226,nan,5.152842321418573,nan
365.27,229.5984649658203,-195.10533142089844,-54.09101104736328,230.15075358189452,-195.65969649880185,-54.102561926837005,0.7826089559036725,0.3172834477738514,0.07956120580639477,3.5697529172869986e-05,23.305074648199664,37.007003799104645,nan,nan,nan
365.28000000000003,229.5976104736328,-195.09661865234375,-54.091678619384766,230.14997807429228,-195.6510606175131,-54.10336828175333,0.7827212193402245,0.3173308547195004,0.0795827879597132,3.500077110160016e-05,23.407091691240197,36.4140665904698,nan,0.0010567049183581277,nan
365.29,229.59677124023438,-195.08792114257812,-54.09233474731445,230.1492210200755,-195.64242472430885,-54.10412382551952,0.7828243505178057,0.31737834748959076,0.07960443557294068,3.5706306918557206e-05,23.328877476442347,37.17625835747322,nan,nan,nan
365.3,229.59596252441406,-195.07920837402344,-54.09297561645508,230.18179867579465,-195.65212164142048,-54.104505412922364,0.8194916378039209,0.3173170355745324,0.07959374162686551,3.49880404030005e-05,23.608868535086486,36.26763624075013,11.285796704679889,0.07492990142129649,nan
365.31,229.59515380859375,-195.0705108642578,-54.09360885620117,230.18112789058233,-195.64352005172805,-54.10523302300585,0.819658633176984,0.31736433110410467,0.07961537866930722,3.5693050075506904e-05,23.52926534583531,37.47002218873721,nan,nan,nan
365.32,229.5943603515625,-195.06179809570312,-54.09422302246094,230.1804791121085,-195.63491858074144,-54.10571231823245,0.8198379692060154,0.3174117104235681,0.07963708121661894,3.4996465659311913e-05,23.45187037520691,36.61812323701047,nan,0.039527701625660376,nan
365.33,229.59359741210938,-195.0531005859375,-54.09482955932617,230.17984032456235,-195.62631677597102,-54.106414288325816,0.8199949749016058,0.3174591754057005,0.07965884941542174,3.5701826735861874e-05,23.374442491699476,36.90077330626444,nan,nan,nan
365.34000000000003,229.59283447265625,-195.0443878173828,-54.095420837402344,230.1792750717719,-195.61771740924004,-54.10469316501991,0.820186182064635,0.31750672451363104,0.079680683407666,3.500490417773558e-05,22.008128631473586,35.22485145373734,nan,4.107041155689219,nan
365.35,229.59210205078125,-195.0356903076172,-54.096004486083984,230.16348164652635,-195.5972710908642,-54.10554310555486,0.8012107112411719,0.31744534758118353,0.07966994382299428,3.56885823346269e-05,21.457474809345488,35.364678706005506,6.221082480187853,nan,nan
365.36,229.59136962890625,-195.0269775390625,-54.09657287597656,230.16287540255442,-195.58864032778854,-54.1058792901143,0.8013554435435049,0.3174926992171218,0.07969176654950495,3.499216928575131e-05,21.319739206787442,34.86837593545324,nan,0.06916295155325153,nan
365.37,229.5906524658203,-195.0182647705078,-54.097129821777344,230.16227646123264,-195.58000903241444,-54.10651457295269,0.8014977738401966,0.3175401363607031,0.07971365511590336,3.5697354110988634e-05,21.248663071964902,34.78118848342386,nan,nan,nan
365.38,229.58995056152344,-195.0095672607422,-54.097679138183594,230.161715574887,-195.57137910581156,-54.10609601833376,0.8016349690715606,0.31758765765843816,0.07973560966214717,3.500060659121753e-05,20.740658780129223,35.05010645635793,nan,0.7688711912430986,nan
365.39,229.5892791748047,-195.0008544921875,-54.09821319580078,230.1611451048103,-195.56274776137835,-54.10670041860406,0.8017647540357834,0.3176352647095529,0.07975763033781456,3.5706139610877926e-05,20.672144095796025,33.70208014853206,nan,nan,nan
365.40000000000003,229.58860778808594,-194.99215698242188,-54.09873962402344,230.14726238661532,-195.54488435914652,-54.107090172777966,0.7859212715682417,0.31757382070280177,0.07974684156054505,3.4987883445234884e-05,20.237774360918742,34.66649850360973,2.62157713244225,0.03645363806884261,nan
365.41,229.58795166015625,-194.9834442138672,-54.0992546081543,230.14669990127805,-195.53623171491117,-54.107673112005095,0.7860308451163,0.31762122995402714,0.07976885025921752,3.5692890530211947e-05,20.167962088011162,33.776487583124585,nan,nan,nan
365.42,229.58729553222656,-194.9747314453125,-54.09975814819336,230.14610231090612,-195.5275750834728,-54.11050663373405,0.7861403399482609,0.3176687233796387,0.07979092512054031,3.4996315877492554e-05,21.420640723078936,35.3937946283182,nan,3.607306345087045,nan
365.43,229.58656311035156,-194.96603393554688,-54.10035705566406,230.14551349366428,-195.51892190451153,-54.111145227463,0.7862741391410887,0.31771630241359455,0.07981306629651783,3.570167456196221e-05,21.31279634846444,35.651908845714125,nan,nan,nan
365.44,229.5857391357422,-194.9573211669922,-54.10104751586914,230.1448515138889,-195.51027016387997,-54.11099980049809,0.7864211928257139,0.31776396594910833,0.07983527392351011,3.500476139034166e-05,20.817929301802973,34.39052632754917,nan,0.5436970068970146,nan
365.45,229.58482360839844,-194.9486083984375,-54.10182571411133,230.12860665809765,-195.49141091488536,-54.11175741976851,0.7683965224931548,0.31770245577571954,0.07982443239591162,3.568843750308516e-05,20.352076802022935,34.14955224580441,3.3024767506575414,nan,nan
365.46,229.5838165283203,-194.93991088867188,-54.102699279785156,230.1277238129459,-195.48273531478313,-54.11268464034328,0.7685006176167125,0.3177499212644284,0.07984662731642828,3.499203345344435e-05,20.371337804715782,35.09791226779901,nan,0.00030840559615921107,nan
365.47,229.58273315429688,-194.9311981201172,-54.103660583496094,230.12675317766517,-195.47405957766586,-54.11368178605044,0.7686070338073508,0.3177974722225512,0.07986888873352091,3.569721625257539e-05,20.271541362505882,33.880913023173136,nan,nan,nan
365.48,229.58154296875,-194.9224853515625,-54.10470962524414,230.12569827267515,-195.465384043878,-54.114626988286346,0.7687277404890948,0.317845107691353,0.07989121678086224,3.500047736741772e-05,20.20393763224421,34.35886908448125,nan,0.014139430341406994,nan
365.49,229.58029174804688,-194.91378784179688,-54.10584259033203,230.12455447206503,-195.45670816369022,-54.11580083185705,0.7688195856341774,0.31789282888370746,0.07991361161445479,3.5706008528489804e-05,20.106498680405426,34.34771916258041,nan,nan,nan
365.5,229.5789337158203,-194.9050750732422,-54.1070671081543,230.1292588983939,-195.45269864073867,-54.11562054349759,0.7764164729759533,0.3178312508912064,0.07990271375124561,3.498776076212266e-05,19.62756527171961,33.51944552533519,0.8600067121417789,1.339798797577732,nan
365.51,229.57749938964844,-194.8963623046875,-54.10837173461914,230.12795390247624,-195.44403394897435,-54.11695366881811,0.7765423686077579,0.3178787737117532,0.07992509513356445,3.5692766149796874e-05,19.536885360534345,33.15749154841629,nan,nan,nan
365.52,229.57598876953125,-194.88766479492188,-54.109764099121094,230.12656181146087,-195.43536894044857,-54.11858933958098,0.7766520394590751,0.31792638104474075,0.07994754332191446,3.499619940907996e-05,19.634738254862498,33.884215234352524,nan,0.03323332770714723,nan
365.53000000000003,229.5743865966797,-194.8789520263672,-54.111236572265625,230.12509151200956,-195.42670450830047,-54.120094890898486,0.776779991401401,0.31797407397126926,0.07997005847511103,3.570155654627259e-05,19.544449887408533,33.24387165189752,nan,nan,nan
365.54,229.5727081298828,-194.8702392578125,-54.11279296875,230.12348879093466,-195.4180332945155,-54.124598497183975,0.7769021905862361,0.3180218517295322,0.07999264072264206,3.500465094322688e-05,21.265787104730194,34.85318516908866,nan,5.99619751614921,nan
365.55,229.57095336914062,-194.86154174804688,-54.11442947387695,230.12550653897497,-195.40113536268092,-54.12640030626615,0.7738435164522912,0.31796020644826795,0.07998168295136057,3.568832575456947e-05,20.143162499759732,35.53180656681476,8.907926575572015,nan,nan
365.56,229.56912231445312,-194.8528289794922,-54.11614990234375,230.12381612678647,-195.39243832050352,-54.12785829937988,0.7739512600343322,0.3180077855736826,0.08000425098504918,3.4991928926283894e-05,19.984004565697603,34.49075592631286,nan,0.07548648474158104,nan
365.57,229.56719970703125,-194.8441162109375,-54.11794662475586,230.12204160687776,-195.38374072013713,-54.12972093084,0.7740689756332979,0.3180554501679316,0.08002688615879198,3.5697110455504505e-05,19.8880966890501,34.72482795727317,nan,nan,nan
365.58,229.56521606445312,-194.83541870117188,-54.11982345581055,230.1202137826691,-195.37504724723607,-54.13018665411706,0.7741633101816741,0.31810319958577454,0.08004958859925758,3.500037846423617e-05,19.010437507409847,34.19060925997202,nan,1.5399790810616463,nan
365.59000000000003,229.56314086914062,-194.8267059326172,-54.12175369262695,230.11828503616357,-195.3663503241506,-54.13218154905529,0.7742802178040963,0.3181510347340671,0.08007235846946704,3.570590848131957e-05,18.926206568857463,33.693828626959075,nan,nan,nan
365.6,229.56100463867188,-194.81800842285156,-54.123687744140625,230.09928254825772,-195.3454447664621,-54.131966187478405,0.753658236293779,0.31808932083485436,0.08006133718070828,3.4987667364765984e-05,17.324499039845065,32.851199472747936,4.416623655204983,3.5404764963318796,nan
365.61,229.55877685546875,-194.80929565429688,-54.1256103515625,230.09717865307283,-195.33672090731605,-54.13396732508775,0.7537398305729556,0.31813695702744593,0.0800840920599008,3.5692671728182284e-05,17.26145715295442,32.40788679293368,nan,nan,nan
365.62,229.55648803710938,-194.80059814453125,-54.127506256103516,230.0949733420825,-195.32799265749134,-54.137729175099146,0.7538009711092241,0.3181846780289995,0.08010691437486339,3.499611124151174e-05,18.229402439782746,33.814567810235744,nan,2.2396101865703493,nan
365.63,229.5541229248047,-194.79188537597656,-54.12936782836914,230.092722023094,-195.31926967767262,-54.13969996376749,0.7538766101792813,0.3182324846439697,0.08012980429135248,3.570146746554997e-05,18.17344229600252,32.99469718579065,nan,nan,nan
365.64,229.5516815185547,-194.78318786621094,-54.13119888305664,230.090411849235,-195.3105495712944,-54.14073414767761,0.7539440685189096,0.31828037638031936,0.08015276193195321,3.500456781423272e-05,17.71929777437545,33.48340066516482,nan,0.5778196975446691,nan
365.65000000000003,229.54917907714844,-194.77447509765625,-54.132991790771484,230.11787116305598,-195.30543106658158,-54.14257083362882,0.7780852701172069,0.31821859409632386,0.08014167354696784,3.5688241877619524e-05,16.631456332937926,32.58346383862199,15.817405671439758,nan,nan
365.66,229.54661560058594,-194.76577758789062,-54.13475036621094,230.1154633894664,-195.29669225311562,-54.1447622537384,0.7781763466959402,0.3182662866032254,0.08016461540230463,3.499185069952631e-05,16.865260717973293,33.55839994493523,nan,0.07707394664213449,nan
365.67,229.54403686523438,-194.75706481933594,-54.136474609375,230.11302530415225,-195.28795476278378,-54.14659277326287,0.7782636782715187,0.3183140646109462,0.08018762502752319,3.569703151803675e-05,16.811668367860705,32.88977663746013,nan,nan,nan
365.68,229.54147338867188,-194.7483673095703,-54.13816452026367,230.11059835958196,-195.2792183291774,-54.148164040913706,0.7783354212320853,0.31836192771682076,0.08021070254263339,3.500030489227292e-05,16.742696430971375,33.85647093275133,nan,0.03597374735040697,nan
365.69,229.53895568847656,-194.7396697998047,-54.13982009887695,230.10819764977387,-195.27048147952254,-54.14992581065336,0.7783955133715809,0.31840987659157716,0.08023384811724692,3.570583428963867e-05,16.689201195469412,33.47932671796767,nan,nan,nan
365.7,229.53648376464844,-194.73097229003906,-54.14144515991211,230.10418761436355,-195.26513351285342,-54.15382299231307,0.7795954615535183,0.3183480248457098,0.080222689010588,3.498759830336613e-05,18.602691871023247,34.75037829426469,1.367547610911654,3.3846134532841665,nan
365.71,229.5340576171875,-194.72225952148438,-54.143035888671875,230.10186424834245,-195.2564109746467,-54.15554235342112,0.779665669989064,0.3183957741694755,0.08024581799160758,3.569260213233371e-05,18.55146689704779,33.8391511440755,nan,nan,nan
365.72,229.5316619873047,-194.71356201171875,-54.144596099853516,230.09471202308447,-195.25375906962105,-54.158200456164224,0.780399437896099,0.3179579240847373,0.0795114150235419,3.499515107181232e-05,25.617964024675153,42.17947429930128,nan,0.673431537468727,0.04868615048584085
365.73,229.52932739257812,-194.70486450195312,-54.146121978759766,230.09247475646578,-195.24505033123324,-54.15986796262311,0.7804643718204134,0.31800455428238833,0.07953144680023147,3.570048671531635e-05,25.541542498540355,41.63663578973263,nan,nan,nan
365.74,229.52703857421875,-194.6961669921875,-54.147621154785156,230.09028054274847,-195.23634399540052,-54.161609371491345,0.7805308322674086,0.31805126702203,0.07955153947729611,3.500364265558146e-05,25.758710350299793,41.88901496684956,nan,0.007598689007766378,nan
365.75,229.52479553222656,-194.68746948242188,-54.14908981323242,230.0843583945697,-195.23925101917925,-54.1633248568375,0.7859873393932111,0.31798960972487683,0.07954083140714935,3.568729770314195e-05,27.78481809205886,41.74204813047857,27.044176952714746,nan,nan
365.76,229.52259826660156,-194.6787567138672,-54.15052795410156,230.08227037424973,-195.23057263671106,-54.163701915420646,0.7860707563827913,0.3180361278817708,0.07956091738449086,3.49909603794468e-05,26.99134116583934,40.156771371022515,nan,1.0273043166844187,nan
365.77,229.5204315185547,-194.67005920410156,-54.15193557739258,230.0801905290093,-195.2219181214143,-54.165244897112544,0.7861650923273663,0.3180827309736982,0.07958106545847483,3.569612285408728e-05,26.915440909429844,41.20523497649829,nan,nan,nan
365.78000000000003,229.51832580566406,-194.66136169433594,-54.1533203125,230.07816796575972,-195.2132545388032,-54.166274329898705,0.7862421780606151,0.3181294166904416,0.07960127470797738,3.499944840823993e-05,26.6708064645081,40.499326583700785,nan,0.16690704770693907,nan
365.79,229.51625061035156,-194.6526641845703,-54.1546745300293,230.07617355224454,-195.2046004194233,-54.16775822256893,0.7863323032994614,0.31817618756719046,0.07962154632254206,3.570496050668765e-05,26.593244163671663,40.72774194995073,nan,nan,nan
365.8,229.51422119140625,-194.6439666748047,-54.156002044677734,230.05525913799497,-195.1934465370219,-54.16950955511583,0.7712539344920263,0.31811448361030503,0.07961082443073349,3.498677536452382e-05,27.931915200018864,40.86431857352724,9.381355760057641,0.033307299603966965,nan
365.81,229.51223754882812,-194.63526916503906,-54.15730285644531,230.05330727158358,-195.18480552238194,-54.170944772530994,0.7713188412056488,0.31816105962273233,0.07963108884011164,3.569176291946019e-05,27.855888971896743,40.67437682107659,nan,nan,nan
365.82,229.51028442382812,-194.62657165527344,-54.15857696533203,230.05146044012707,-195.17612121813275,-54.169999701933946,0.7713667620318735,0.3182077183323982,0.07965141469477695,3.4995256062148244e-05,26.29448126897013,39.36727493532464,nan,3.9172084970188568,nan
365.83,229.5083770751953,-194.6178741455078,-54.15982437133789,230.0495882207646,-195.1674803187158,-54.17136130596716,0.771433438850947,0.3182544620259708,0.07967180309786655,3.570059652072206e-05,26.21915184502013,39.119098675134516,nan,nan,nan
365.84000000000003,229.50650024414062,-194.6091766357422,-54.161048889160156,230.04779524099743,-195.15881185479512,-54.171173178400956,0.7714931295081012,0.3183012887632146,0.0796922532547734,3.5003748602896317e-05,25.343726885308453,38.48894488368241,nan,1.642516099046211,nan
365.85,229.50466918945312,-194.6004638671875,-54.16225051879883,230.040535096792,-195.15484727269637,-54.17258219289176,0.7711030893734682,0.3182395399381611,0.0796815153290138,3.5687408229210634e-05,26.47691531333507,37.64630460128681,7.975120211358869,nan,nan
365.86,229.50286865234375,-194.59176635742188,-54.16342544555664,230.0387756752685,-195.14621992923634,-54.17317198488359,0.7711744909855016,0.31828617165236534,0.07970195780103072,3.499106686727041e-05,26.1269462647306,38.161922129122004,nan,0.3338830387282247,nan
365.87,229.5010986328125,-194.58306884765625,-54.16457748413086,230.03703474699796,-195.1376048385901,-54.17441984414018,0.7712551820116084,0.3183328881827517,0.079722463003262,3.5696233890369114e-05,26.05193822789545,38.236985366043314,nan,nan,nan
365.88,229.49937438964844,-194.57437133789062,-54.16571044921875,230.03533880708665,-195.12898347017403,-54.17527943293857,0.7713261563601084,0.3183796878146988,0.07974303022270468,3.499955524028493e-05,25.881288944296088,37.87376489951795,nan,0.09468879128321966,nan
365.89,229.4976806640625,-194.565673828125,-54.16681671142578,230.03366875768322,-195.120368372331,-54.176479904359496,0.7714030406815536,0.31842657249885997,0.07976366044281372,3.570507175322201e-05,25.807109349301673,37.88550252885288,nan,nan,nan
365.90000000000003,229.4960174560547,-194.55697631835938,-54.16790008544922,230.02689819371096,-195.11759581321968,-54.175352157083765,0.7721295933996707,0.3183647763377174,0.0797529023323688,3.4986882165180884e-05,26.030394069222478,37.04838033961206,9.844347865702284,4.121599303304767,nan
365.91,229.494384765625,-194.54827880859375,-54.16896438598633,230.02527661863923,-195.10901056916464,-54.17648830743364,0.7722194482812195,0.3184114657205233,0.07977352432421322,3.5691873993392145e-05,25.957336030384944,37.07814513805844,nan,nan,nan
365.92,229.4927978515625,-194.53958129882812,-54.170005798339844,230.02369084575625,-195.1004232139659,-54.17748039803499,0.7722997440761109,0.3184582382530612,0.07979420859104883,3.499536266919885e-05,25.8969726472039,36.7268189365801,nan,0.010804972306802085,nan
365.93,229.49122619628906,-194.5308837890625,-54.17102813720703,230.02213424330148,-195.0918377455689,-54.17857494679678,0.7723921607821495,0.3185050956823943,0.07981495603978485,3.5700707264220945e-05,25.823932168059187,37.080804810633786,nan,nan,nan
365.94,229.4897003173828,-194.52218627929688,-54.172027587890625,230.02058742651002,-195.0832673246625,-54.180582727664856,0.7724805839130086,0.31855203659729603,0.07983576606980299,3.500385477313837e-05,26.248838005498616,37.15189241135037,nan,0.6144087234575302,nan
365.95,229.4882049560547,-194.51348876953125,-54.173011779785156,230.04112421656518,-195.08862186327292,-54.18157157792312,0.797854030700163,0.31849019430586994,0.07982498529080115,3.568751830049311e-05,26.755695859429512,37.36590194150778,6.412614410596277,nan,nan
365.96,229.48672485351562,-194.50479125976562,-54.173973083496094,230.03967652578638,-195.08007753212104,-54.18331796743628,0.7979957229731638,0.3185369397409156,0.07984578656997049,3.4991172284620805e-05,27.127600079825214,38.09872730403262,nan,0.34770808830294525,nan
365.97,229.48529052734375,-194.49609375,-54.1749153137207,230.03827397683065,-195.071522020899,-54.18435160450454,0.7981211900081437,0.31858376992493,0.07986665121089376,3.569634316348086e-05,27.057016228303667,37.65816697446867,nan,nan,nan
365.98,229.48387145996094,-194.4873809814453,-54.175838470458984,230.03694019446527,-195.06293809496051,-54.18353025284029,0.7982544578769234,0.31863068362933267,0.07988757868424659,3.4999659788047346e-05,26.185012287207275,36.4875355815529,nan,2.3828498010324313,nan
365.99,229.4824981689453,-194.4786834716797,-54.17674255371094,230.03559516286919,-195.05438189976658,-54.18450989046388,0.798376663179467,0.3186776823289225,0.0799085697921164,3.570518001886648e-05,26.11533368744473,36.68359432221087,nan,nan,nan
366.0,229.48114013671875,-194.46998596191406,-54.17763137817383,230.007514037539,-195.0408528373806,-54.18604704690887,0.7765496097803002,0.3186157919251646,0.07989776231654906,3.498698556480062e-05,27.592758982253105,37.41969795824781,13.452763222939621,0.23378790885945047,nan
366.01,229.47979736328125,-194.46128845214844,-54.17850112915039,230.0061703748709,-195.0323072881472,-54.186998060118896,0.7766616098605665,0.3186625948691188,0.07991874409363997,3.569198096876652e-05,27.52219225316112,37.643534897317814,nan,nan,nan
366.02,229.47850036621094,-194.4525909423828,-54.179351806640625,230.00485363950853,-195.0237615786995,-54.18793255989166,0.7767607697533655,0.31870948194373583,0.0799397892451618,3.6411275395191095e-05,27.45392103149961,37.16790462017803,nan,nan,nan
366.03000000000003,229.4772186279297,-194.4438934326172,-54.1801872253418,230.003563421138,-195.01521582158819,-54.18885095182483,0.7768675393100257,0.3187564532935159,0.07996089791561475,3.7145013344274346e-05,27.38415993417453,37.37798323667151,nan,nan,nan
366.04,229.47596740722656,-194.43519592285156,-54.18100357055664,230.00233645658676,-195.00664320936937,-54.18785230082149,0.7769577095950378,0.3188035084710612,0.07998206994480528,3.636234948577268e-05,26.58546533886624,36.48086892338894,nan,2.3610100005014765,nan
366.05,229.47474670410156,-194.42649841308594,-54.18180847167969,230.01233951482536,-195.00517527133417,-54.18886595733074,0.7898878050189567,0.3187415706837576,0.07997123305093752,3.70710098500113e-05,26.90714030153735,36.513901825046005,2.4516426865284346,nan,nan
366.06,229.47354125976562,-194.41778564453125,-54.182594299316406,230.01114783355715,-194.99663991815729,-54.189385797752486,0.7900248241226289,0.3187884299128991,0.07999239518682631,3.6292061246914445e-05,26.769346503067023,35.95253732638803,nan,0.07397187585380899,nan
366.07,229.4723663330078,-194.40908813476562,-54.18336486816406,230.00997399117202,-194.9881088332399,-54.19022326547945,0.7901480880139903,0.31883537391096556,0.08001362133584128,3.702223485295972e-05,26.70195145263621,36.43232271248501,nan,nan,nan
366.08,229.47120666503906,-194.400390625,-54.184120178222656,230.00883329115211,-194.97957053578992,-54.19053580464131,0.7902739515071119,0.3188824017586293,0.0800349110860147,3.624595023223668e-05,26.49945293676094,36.45395980487946,nan,0.17120525423927102,nan
366.09000000000003,229.47007751464844,-194.39169311523438,-54.18486022949219,230.00770624331972,-194.97103884802306,-54.191339193051945,0.7903974348148904,0.31892951462688873,0.08005626512281976,3.697491176887061e-05,26.432214827473867,36.23329913469179,nan,nan,nan
366.1,229.46896362304688,-194.38299560546875,-54.185585021972656,230.02324290606572,-194.9717038126896,-54.19064481126334,0.8085966103693174,0.31886752782774425,0.08004539487113829,3.617872168945492e-05,26.216553908725334,36.121828513183154,3.0826597005512766,1.2913607677808903,nan
366.11,229.46788024902344,-194.37428283691406,-54.18629455566406,230.02218686103546,-194.96318930901973,-54.19140514180393,0.8087600207100267,0.31891444446932016,0.08006673839742728,3.690562658481679e-05,26.152666367656558,35.25506393282225,nan,nan,nan
366.12,229.46681213378906,-194.36558532714844,-54.18699264526367,230.0211480018159,-194.95467823584386,-54.192430824864566,0.808917970781755,0.31896144497324463,0.08008814576108976,3.613548165981444e-05,26.19670636012789,36.11738858353768,nan,0.051318192742309955,nan
366.13,229.4657745361328,-194.3568878173828,-54.18767547607422,230.0201353158772,-194.94616356121617,-54.1931677234993,0.8090685639492802,0.31900853037068505,0.08010961758610496,3.6861317820174e-05,26.13070274115223,35.854048195912775,nan,nan,nan
366.14,229.46475219726562,-194.3481903076172,-54.1883430480957,230.01918688556304,-194.9376167245102,-54.191280231493046,0.8092156397185547,0.3190556999511391,0.08013115355126664,3.609366370832171e-05,25.48513892108366,35.36723943784619,nan,4.522697518492751,nan
366.15000000000003,229.4637451171875,-194.3394775390625,-54.18899917602539,230.03406783697667,-194.93385559830924,-54.191877878990255,0.8237484864644052,0.3189936645576074,0.08012024705304979,3.679525967990518e-05,25.064316015267266,34.8606284318142,3.368507240014052,nan,nan
366.16,229.46275329589844,-194.33078002929688,-54.189640045166016,230.03311781135818,-194.92536295342845,-54.19436088917395,0.8239337476597415,0.31904063770052865,0.08014177190412895,3.603099919413127e-05,25.390511949999148,35.96426109317803,nan,2.1829651163674044,nan
366.17,229.4617919921875,-194.32208251953125,-54.19027328491211,230.0322163188985,-194.91684885689668,-54.19503887266444,0.8241077717103507,0.31908769561656625,0.0801633613903737,3.675398250521244e-05,25.32371673471194,35.648868182398665,nan,nan,nan
366.18,229.46084594726562,-194.31338500976562,-54.190887451171875,230.0313437720125,-194.90832769473425,-54.19508716415563,0.8242828422499968,0.3191348377164522,0.08018501524574097,3.599209233167375e-05,25.129491575273203,35.56126736540538,nan,0.2547197340525517,nan
366.19,229.45993041992188,-194.30467224121094,-54.19149398803711,230.03048078568352,-194.89981364197297,-54.19573596894648,0.8244628561516754,0.31918206485031475,0.08020673401272442,3.6714197882928117e-05,25.06641341781135,34.59211785632986,nan,nan,nan
366.2,229.45901489257812,-194.2959747314453,-54.19208526611328,230.04176052897446,-194.91058747484803,-54.19984587975285,0.8469955892541887,0.3191199795132597,0.08019578740536354,3.593250293263529e-05,28.30037381557279,37.630888692274105,21.69648534800902,7.547408576557002,nan
366.21,229.4581298828125,-194.2872772216797,-54.19266891479492,230.04093926275124,-194.9021341785134,-54.2005079454518,0.8472173871640147,0.31916700993333946,0.08021749440746198,3.665288998782832e-05,28.237729321384574,37.28461660559358,nan,nan,nan
366.22,229.45726013183594,-194.278564453125,-54.1932373046875,230.04012018545893,-194.89369262350772,-54.20226482359365,0.8474609160341205,0.3192141245305565,0.08023926600177417,3.5896492221439385e-05,28.770611747834014,37.32815006780872,nan,0.8194148670494749,nan
366.23,229.45640563964844,-194.26986694335938,-54.19379425048828,230.03933440278945,-194.8852389094705,-54.20291701655592,0.8476861591611068,0.31926132405061425,0.08026110268159274,3.661612581636013e-05,28.709897681531338,37.93901225224129,nan,nan,nan
366.24,229.45556640625,-194.26116943359375,-54.19434356689453,230.03856420884102,-194.87678637623304,-54.20368846827582,0.8479139019218506,0.31930860806033606,0.08028300425362739,3.5861901943663746e-05,28.808708790861097,38.1256532001371,nan,0.011248369049501666,nan
366.25,229.45474243164062,-194.25245666503906,-54.19487762451172,230.03165880857824,-194.86469558203515,-54.20427414285084,0.841283122391191,0.3192464728774984,0.08027201446754731,3.655797617323319e-05,28.664866008481063,37.40422260105564,0.5104209386543987,nan,nan
366.26,229.45394897460938,-194.24375915527344,-54.195404052734375,230.03091938427428,-194.85623076566162,-54.20453642900291,0.8414866175149184,0.3192935599466115,0.08029390363158624,3.580679309451347e-05,28.516482050371298,37.5214320582643,nan,0.08738076635751896,nan
366.27,229.45315551757812,-194.23504638671875,-54.195919036865234,230.0301912115876,-194.84776959351456,-54.20514561306445,0.8417155398443704,0.31934073183266226,0.08031585805382278,3.652418747444441e-05,28.4569943190913,37.280116821369404,nan,nan,nan
366.28000000000003,229.45237731933594,-194.22634887695312,-54.1964225769043,230.0294933418203,-194.83929721375372,-54.20459476492194,0.8419236020280003,0.3193879881918854,0.08033787758459651,3.577504836780859e-05,27.929671460765547,37.3864294455572,nan,0.8941810612477877,nan
366.29,229.45152282714844,-194.2176513671875,-54.197021484375,230.02874398706456,-194.83083610134398,-54.20522596045333,0.8421680943167942,0.3194353296363562,0.080359962652637,3.649185184256814e-05,27.841617209612746,36.98028992374349,nan,nan,nan
366.3,229.45057678222656,-194.2089385986328,-54.19771194458008,230.00471709469082,-194.82082050149742,-54.207494006286566,0.8255704922551608,0.3193731435059572,0.08034892590792903,3.572288619490399e-05,30.07069461934497,37.58424829242589,13.180083001606771,1.6668109650777685,nan
366.31,229.4495391845703,-194.2002410888672,-54.19849395751953,230.00374078285185,-194.81237766772952,-54.2083265304528,0.8258009943137513,0.31942028773397624,0.08037099788439106,3.643825824606452e-05,29.980881811803492,38.16803801610012,nan,nan,nan
366.32,229.4484100341797,-194.1915283203125,-54.199363708496094,230.00267598521026,-194.80393542189287,-54.20932095283652,0.8260462149618228,0.3194675164124788,0.08039313518016535,3.5693922215676476e-05,30.04305949253258,37.78159286941302,nan,0.003360601203224663,nan
366.33,229.4471893310547,-194.18283081054688,-54.20032501220703,230.0015251701152,-194.7954924017105,-54.210336175349646,0.8262824402960175,0.31951483007757897,0.08041533818554074,3.640880853370909e-05,29.953213438609236,38.41588679115198,nan,nan,nan
366.34000000000003,229.44589233398438,-194.1741180419922,-54.20137405395508,230.00028939245811,-194.78704842415635,-54.2113476492945,0.8265223677724878,0.3195622284991652,0.08043760680780308,3.566631255865465e-05,29.927683805177995,37.62955404913751,nan,0.005930711030715833,nan
366.35,229.4445037841797,-194.16542053222656,-54.202510833740234,229.99203631842582,-194.7769844599622,-54.21249352215439,0.8209153231810185,0.31949999128077305,0.08042651989097427,3.63581811527242e-05,30.120690033137347,38.33187910320672,0.7708331973465818,nan,nan
366.36,229.4430389404297,-194.15670776367188,-54.203731536865234,229.99061698544344,-194.76854288483491,-54.2138319295066,0.8211491635514112,0.31954719224507294,0.08044877474067981,3.561836722072331e-05,30.18281442729659,37.69861334994685,nan,0.0023831464127654495,nan
366.37,229.44149780273438,-194.14801025390625,-54.20503616333008,229.98911553252236,-194.76010071309105,-54.21519843465987,0.8213666537921948,0.3195944781012941,0.08047109547082584,3.6331530128650696e-05,30.098124408492552,38.086956141844205,nan,nan,nan
366.38,229.4398651123047,-194.13929748535156,-54.20642852783203,229.98752053016233,-194.75166799270482,-54.217809627426476,0.8216164703880376,0.31964184868339207,0.08049348202234743,3.559342580193149e-05,30.833524248139497,38.4851399024837,nan,0.9165154527985215,nan
366.39,229.4381561279297,-194.13059997558594,-54.20790481567383,229.98585617460304,-194.74322578009867,-54.21935784546218,0.8218375078883905,0.3196893044316481,0.08051593473565205,3.6306237714764954e-05,30.74418575150086,38.90571548103565,nan,nan,nan
366.40000000000003,229.43637084960938,-194.12188720703125,-54.2094612121582,229.98136067948235,-194.73899738804332,-54.22043430030771,0.8233828385612952,0.3196270152018089,0.080504793931331,3.55482023203637e-05,31.35908885888097,38.362313363370085,3.830754693389497,0.11331737527486284,nan
366.41,229.4344940185547,-194.11318969726562,-54.211097717285156,229.9795266905145,-194.7305736664461,-54.22214196854142,0.8236173592090547,0.3196742732159714,0.08052723215653973,3.625982057033661e-05,31.273298908988437,39.129261417900395,nan,nan,nan
366.42,229.43255615234375,-194.1044921875,-54.21281433105469,229.9776217547602,-194.72214430589213,-54.22314867544964,0.8238309589751858,0.3197216159203663,0.08054973640240633,3.552583171442716e-05,30.854400373708415,38.367412397982136,nan,0.41966842391124154,nan
366.43,229.43052673339844,-194.0957794189453,-54.2146110534668,229.97563247253058,-194.71372109417956,-54.22501122830912,0.8240754482830183,0.3197690437017613,0.08057230698010397,3.623718592763054e-05,30.773267997994957,38.05913600257253,nan,nan,nan
366.44,229.42843627929688,-194.0870819091797,-54.216487884521484,229.97355853644544,-194.70530504845695,-54.22790580629764,0.8243109207782362,0.31981655647426305,0.08059494387395615,3.55047065886783e-05,31.399348149639415,38.935731076205,nan,0.6216071910855723,nan
366.45,229.42625427246094,-194.078369140625,-54.21841812133789,229.97098646163025,-194.6984165390041,-54.230006578801614,0.8254248763517396,0.3197542149197756,0.08058374585769779,3.619346416553892e-05,31.70584156996724,38.8531672787786,0.571195169452301,nan,nan
366.46,229.42401123046875,-194.06967163085938,-54.22035598754883,229.96875580098526,-194.69001071217366,-54.23353824255069,0.8256760834370859,0.3198015297050717,0.08060636754629637,3.54633201131652e-05,32.83506480487588,40.254990434977984,nan,1.5045276400394239,nan
366.47,229.42169189453125,-194.06097412109375,-54.2222785949707,229.9664633337815,-194.68159511590432,-54.23560217076828,0.8259078991597477,0.3198489294811086,0.08062905573499234,3.617337389585982e-05,32.78202493458703,40.26540016294146,nan,nan,nan
366.48,229.41929626464844,-194.05226135253906,-54.22417068481445,229.9640957792824,-194.67318172332796,-54.2379018783672,0.8261580742705295,0.31989641420627796,0.0806518104333155,3.5444614632182126e-05,33.135864799101896,40.16023411351213,nan,0.04496458746165745,nan
366.49,229.41683959960938,-194.04356384277344,-54.226036071777344,229.9616581434188,-194.66476705828774,-54.23992024933326,0.826385776154405,0.3199439842010442,0.08067463191500686,3.615451312723346e-05,33.0886946564423,40.44384890998888,nan,nan,nan
366.5,229.41429138183594,-194.0348663330078,-54.22786331176758,229.9456730795557,-194.65529556858405,-54.24279729632369,0.817020176570912,0.3198815895226637,0.08066337302139724,3.540566688799061e-05,34.85001586370427,42.0808193549491,5.118335053733311,0.36082536425364004,nan
366.51,229.4116973876953,-194.0261688232422,-54.22965621948242,229.94306604152004,-194.64689132749908,-54.244760628073685,0.8172375521947947,0.3199289612513277,0.08068617855119428,3.6114563862754814e-05,34.810166950863625,41.554529027926485,nan,nan,nan
366.52,229.4090118408203,-194.01747131347656,-54.231414794921875,229.94037757894756,-194.6384977323165,-54.24836079025726,0.8175026160879083,0.31997641788309916,0.0807090507792136,3.538926476500213e-05,36.54810266248623,43.74323072601487,nan,1.9268302912122064,nan
366.53000000000003,229.40626525878906,-194.00875854492188,-54.23313903808594,229.937631823625,-194.63009436163549,-54.25027312369449,0.8177421355454008,0.32002395970225644,0.08073198995765968,3.609807674579381e-05,36.51001804325823,43.02357992241938,nan,nan,nan
366.54,229.40345764160156,-194.00006103515625,-54.23482894897461,229.93482419168336,-194.62168606766122,-54.251214406026236,0.8179465598591532,0.32007158672145336,0.08075499612808747,3.5373973963936176e-05,35.90909558508505,42.83136451107557,nan,0.6075782110866724,nan
366.55,229.40060424804688,-193.99136352539062,-54.236488342285156,229.9238793750398,-194.62570329799962,-54.25318288459777,0.8224855703209178,0.3200091384847304,0.08074367295072213,3.606050841306887e-05,38.560196972667946,44.05836285197191,23.474650744821016,nan,nan
366.56,229.39773559570312,-193.982666015625,-54.23810958862305,229.92094733594624,-194.6173581579793,-54.25566944973296,0.8227350663589896,0.3200565669739432,0.08076666241760071,3.53384182189483e-05,39.50399488574769,45.34668718787563,nan,0.31959953908429667,nan
366.57,229.39491271972656,-193.97396850585938,-54.23970031738281,229.91803589551844,-194.60900955670695,-54.25745157405924,0.8229520644762786,0.3201040805703284,0.08078971899991559,3.604626804435242e-05,39.469470403756986,45.044150498465356,nan,nan,nan
366.58,229.39212036132812,-193.96527099609375,-54.24126052856445,229.9151561651465,-194.60066561234214,-54.260000407064865,0.8231913225244678,0.320151679315735,0.08081284275745236,3.532525931132156e-05,40.618110037806275,46.419737000721334,nan,0.4409048463461641,nan
366.59000000000003,229.38938903808594,-193.95657348632812,-54.24279022216797,229.91232672394494,-194.59231792929,-54.26172904637192,0.8234036064474765,0.3201993634506862,0.08083603391529282,3.603310947545388e-05,40.58103479667042,46.182125818321374,nan,nan,nan
366.6,229.38668823242188,-193.9478759765625,-54.244285583496094,229.9030504664848,-194.58430606296739,-54.264801291222156,0.8198134579959643,0.3201368609391715,0.08082464282760322,3.529183072419046e-05,43.10212432300301,48.7574666213098,1.278141922257438,1.2790201323448411,nan
366.61,229.38406372070312,-193.93917846679688,-54.24575424194336,229.90030813940155,-194.5759666788735,-54.266484740069025,0.8200227316541606,0.3201843462622584,0.0808478165050469,3.5998830723543655e-05,43.06564500401488,48.31439760558571,nan,nan,nan
366.62,229.3814697265625,-193.93048095703125,-54.2471923828125,229.89762608947214,-194.5676196202837,-54.26644857321328,0.8202035528159886,0.3202319166801176,0.08087105753638422,3.528067927736736e-05,41.587807737180675,47.22270247922746,nan,1.9865341839582924,nan
366.63,229.37893676757812,-193.9217987060547,-54.24860382080078,229.8949870579347,-194.55928106227393,-54.26805863841825,0.82040852421003,0.32027957241013233,0.0808943661314417,3.598773515342214e-05,41.5434389273971,47.525964244589716,nan,nan,nan
366.64,229.37646484375,-193.91310119628906,-54.24998474121094,229.89240056298596,-194.55094101342132,-54.26923048102069,0.8206093450623518,0.3203273135288989,0.08091774237273604,3.527049329825794e-05,41.47955207213171,46.78821389480844,nan,0.1173890876368083,nan
366.65000000000003,229.3740234375,-193.90440368652344,-54.251338958740234,229.8949593397503,-194.549491645486,-54.270748740643626,0.8293909986763526,0.32026475622668127,0.08090627991151886,3.595550642814924e-05,42.18935414720887,47.51400200730171,1.982197779295191,nan,nan
366.66,229.37164306640625,-193.8957061767578,-54.25266647338867,229.8924621917803,-194.54118467797517,-54.27480967489897,0.8296899289869256,0.3203122982602339,0.08092963788792679,3.523998599098164e-05,45.57758474244409,50.69745132226463,nan,4.478793607849645,nan
366.67,229.3693084716797,-193.8870086669922,-54.25396728515625,229.89002382029744,-194.53286723689175,-54.27633392267636,0.8299265226950943,0.3203599255298088,0.08095306358918136,3.59463431445963e-05,45.533181767348225,50.70870886793143,nan,nan,nan
366.68,229.36700439453125,-193.87831115722656,-54.25524139404297,229.88763306363245,-194.52454920708647,-54.27765788772358,0.8301688547312227,0.32040763812999684,0.08097655711041164,3.523162981929504e-05,45.83000929877358,51.319474901994475,nan,0.02134846046683441,nan
366.69,229.36476135253906,-193.86962890625,-54.25648880004883,229.8852876901985,-194.51623194878945,-54.27913048312484,0.8303949714629478,0.3204554362511817,0.08100011864264386,3.593810772586089e-05,45.781807373834766,51.50656666627694,nan,nan,nan
366.7,229.36256408691406,-193.86093139648438,-54.257713317871094,229.80672378863,-194.43058518640998,-54.27953964475053,0.7226753555712586,0.31664953328962775,0.07637931958671458,3.520205287650696e-05,49.585085753948285,54.78272866957735,1.636863633704681,0.6777513768173263,1.1045544951639703
366.71,229.36041259765625,-193.85223388671875,-54.258914947509766,229.8044725521518,-194.42219470998828,-54.28095325425593,0.7228625527808845,0.31669994526217016,0.0763946484275711,3.59077766608075e-05,49.51722993952507,54.74595915562735,nan,nan,nan
366.72,229.35829162597656,-193.84353637695312,-54.26008987426758,229.80222836850777,-194.41375829655357,-54.28157526431302,0.7229761344245308,0.31675043826451704,0.07641003283020359,3.5195432489706894e-05,49.04512257083407,54.50830819670754,nan,0.41217703265386185,nan
366.73,229.35621643066406,-193.83485412597656,-54.26124572753906,229.80006300462887,-194.4053678895676,-54.28293531356061,0.7231570879199701,0.3168010188417546,0.07642548319736149,3.590132091428185e-05,48.967940818780136,54.96180864605766,nan,nan,nan
366.74,229.35418701171875,-193.82615661621094,-54.26237487792969,229.79785168798378,-194.39686707038396,-54.28239151314096,0.7231524273297537,0.3168516808228596,0.07644098960765677,3.518962993132202e-05,47.1886388542733,52.61796056024263,nan,2.472663865986701,nan
366.75,229.35220336914062,-193.8174591064453,-54.26348114013672,229.79635877967073,-194.38918093817674,-54.28366142362142,0.7242562567372265,0.3167878819112593,0.07643043299522148,3.587364362577043e-05,47.24216766024225,52.55122139622223,0.07127173154423436,nan,nan
366.76,229.35025024414062,-193.8087615966797,-54.264564514160156,229.79423926745818,-194.3806952506628,-54.28323773830847,0.7242810550366766,0.3168383311502095,0.07644595609670143,3.516341683591223e-05,45.744479565645136,51.25563431975755,nan,2.019373760327886,nan
366.77,229.3483428955078,-193.80006408691406,-54.265628814697266,229.7922372467358,-194.3723073869199,-54.2844754799142,0.7244720741640063,0.3168888677364495,0.07646154500706454,3.586880771226361e-05,45.66965259287987,51.13327244126117,nan,nan,nan
366.78000000000003,229.34646606445312,-193.7913818359375,-54.26667022705078,229.7903671403196,-194.36403599015176,-54.28775418462933,0.7248623860854163,0.3169394858364405,0.07647719058293037,3.5159145240504194e-05,48.34543783418765,54.46990605917044,nan,2.9727779369768137,nan
366.79,229.34463500976562,-193.78268432617188,-54.26769256591797,229.78844119540605,-194.35564840472037,-54.288971932083996,0.7250548787119895,0.31699019148715857,0.0764929020720534,3.586474815466669e-05,48.26623176745505,53.819028837051924,nan,nan,nan
366.8,229.34283447265625,-193.77398681640625,-54.26869583129883,229.7841760872085,-194.3502883797086,-54.29005679290567,0.7261970829472312,0.31692628237117165,0.0764824141678218,3.513443468103049e-05,49.440206648569834,54.760618869715216,3.3117663924456764,0.00029029894823871046,nan
366.81,229.341064453125,-193.76528930664062,-54.269676208496094,229.78231916939066,-194.341918724244,-54.291233243386074,0.7264102942728414,0.31697677487929105,0.07649814172779387,3.5839390348858956e-05,49.35891577008425,54.789982410817764,nan,nan,nan
366.82,229.33934020996094,-193.75660705566406,-54.27063751220703,229.78047208472475,-194.3335174673488,-54.29180751836036,0.7265473991443496,0.3170273490101383,0.07651392655544026,3.5131575201041324e-05,49.086669498767435,54.88108297260017,nan,0.23845448988952392,nan
366.83,229.337646484375,-193.74790954589844,-54.27157974243164,229.77868543859694,-194.3251478761326,-54.29294096704392,0.7267570095634753,0.3170780104630182,0.07652977716097178,3.5836775066869484e-05,49.002346915715684,54.42965774498394,nan,nan,nan
366.84000000000003,229.3359832763672,-193.7392120361328,-54.27250289916992,229.77694550513732,-194.31679372542754,-54.29434882127014,0.7269976198880486,0.3171287539124061,0.07654568549647785,3.512939231020198e-05,49.794241199153106,55.33453127575811,nan,0.05992599781107479,nan
366.85,229.33436584472656,-193.7305145263672,-54.273406982421875,229.786760472059,-194.31451081696108,-54.295379203978165,0.7390502992265107,0.3170647404397493,0.07653527124039121,3.581283021481701e-05,49.83917546843679,55.16532866360929,1.6437110749377588,nan,nan
366.86,229.332763671875,-193.72181701660156,-54.274295806884766,229.78501749176468,-194.30606064792516,-54.2946903319288,0.7391143855985791,0.31711527051186694,0.07655119538100569,3.510669261474506e-05,48.145615110611,53.88680862326384,nan,2.2013077651889117,nan
366.87,229.33120727539062,-193.713134765625,-54.27516555786133,229.78338245609916,-194.2977023528877,-54.29573811748763,0.7393273215136331,0.31716588767782694,0.07656718517784154,3.5811540086304516e-05,48.053513717532155,54.04919541633922,nan,nan,nan
366.88,229.32968139648438,-193.70443725585938,-54.27601623535156,229.78172835785313,-194.28928315858786,-54.29556750745702,0.7394413008900462,0.31721658694601385,0.07658323327745335,3.5105759877140665e-05,47.06405867456724,52.606519091731684,nan,1.014014457105038,nan
366.89,229.3281707763672,-193.69573974609375,-54.276851654052734,229.7801558844037,-194.2809249512056,-54.29657093907861,0.7396763565036568,0.3172673735132947,0.07659934715772558,3.581088459812281e-05,46.972634119651545,52.87986228924905,nan,nan,nan
366.90000000000003,229.3267059326172,-193.68704223632812,-54.277671813964844,229.77021699399975,-194.2710326646979,-54.295906475153785,0.7335389457042437,0.317203250503546,0.07658899483379467,3.5084278656767255e-05,46.066408950279666,51.47818642991961,1.3095569786387684,2.0577209851962173,nan
366.91,229.32525634765625,-193.6783447265625,-54.278472900390625,229.7686907382878,-194.26267941938994,-54.29686242381895,0.7337705817273104,0.317253823293192,0.07660512387289227,3.5788817431002116e-05,45.97801745433762,51.637680350108745,nan,nan,nan
366.92,229.3238525390625,-193.66964721679688,-54.279258728027344,229.76718381323408,-194.25431425190854,-54.29756249247342,0.7339708362038382,0.3173044782870976,0.0766213117658312,3.508448694219005e-05,46.01908148717368,51.46287252993538,nan,0.04069408301628742,nan
366.93,229.3224639892578,-193.6609649658203,-54.280029296875,229.76571515298085,-194.2459603852171,-54.298485989151445,0.734187908063622,0.3173552203551165,0.07663756534065619,3.57893264896374e-05,45.9249006478729,52.14846528757096,nan,nan,nan
366.94,229.32110595703125,-193.6522674560547,-54.280784606933594,229.76424437374683,-194.23757085781762,-54.29864617899624,0.734350573119542,0.3174060449974273,0.0766538782103801,3.5085241849672444e-05,45.43973906911689,51.18165997802354,nan,0.39385208040620634,nan
366.95,229.3197784423828,-193.64356994628906,-54.281524658203125,229.7737068874684,-194.22923800251812,-54.29950557728491,0.7412026840183165,0.3173418174651163,0.07664359091805933,3.576839113674069e-05,44.43973031619597,50.61519871517406,3.759963001692845,nan,nan
366.96,229.3184814453125,-193.63487243652344,-54.282249450683594,229.77230163046562,-194.220824797822,-54.29943554285046,0.7413422232192968,0.3173924280904951,0.0766599186096716,3.5065368471417085e-05,43.76259651016022,49.904051817130416,nan,0.6248484342173953,nan
366.97,229.31719970703125,-193.6261749267578,-54.282958984375,229.77095975633745,-194.2124550479544,-54.300284944270665,0.7415677661164525,0.3174431255679554,0.07667631189916098,3.576995718078488e-05,43.669354014539294,50.048441462504314,nan,nan,nan
366.98,229.31594848632812,-193.6174774169922,-54.28365707397461,229.76956204316932,-194.20398967086885,-54.29900903088907,0.741618207353826,0.31749390571495406,0.07669276500378724,3.506711876354384e-05,41.93608221664111,48.3391459178014,nan,3.1377019980140073,nan
366.99,229.31471252441406,-193.60877990722656,-54.284339904785156,229.768271291972,-194.1956193193966,-54.29981124191478,0.7418459500309611,0.31754477292413835,0.07670928385234278,3.57720297768101e-05,41.84353013546509,48.44536244424763,nan,nan,nan
367.0,229.3135223388672,-193.60008239746094,-54.28500747680664,229.766267098022,-194.18174624514558,-54.298423840727935,0.7372181817252793,0.31748043650594393,0.0766990513822358,3.504820955060127e-05,39.34934841131693,45.93782526924641,3.619535125768337,3.4983232597091023,nan
367.01,229.3123321533203,-193.5913848876953,-54.28566360473633,229.76502455563653,-194.1733522249624,-54.299179651368995,0.7374273362692408,0.3175310893012868,0.07671558438321761,3.5752576281915694e-05,39.25848414221825,46.38515168924742,nan,nan,nan
367.02,229.31118774414062,-193.5826873779297,-54.28630447387695,229.76378615716246,-194.16493547783742,-54.29939755303499,0.737583623759287,0.3175818248557765,0.07673217769748789,3.50508581444165e-05,38.976708520391526,45.67305420257828,nan,0.19463114976413393,nan
367.03000000000003,229.31004333496094,-193.57398986816406,-54.28693771362305,229.76259065163794,-194.15654106733876,-54.30012399363847,0.7377932308391559,0.317632647256678,0.07674883669537032,3.5755563876097845e-05,38.88382650025424,46.189647069872166,nan,nan,nan
367.04,229.30894470214844,-193.56529235839844,-54.28755187988281,229.76145553747946,-194.1481892640781,-54.301865063190164,0.7380648521365152,0.3176835527805831,0.07676555642566475,3.5053937758309676e-05,39.80203747035472,46.57497649339644,nan,0.7417409038855043,nan
367.05,229.307861328125,-193.5565948486328,-54.28815841674805,229.7625812526652,-194.13357330987552,-54.302660244443935,0.7347684380254529,0.31761911169984247,0.07675538027127193,3.5736994471125984e-05,38.53611574177253,46.21367573957003,6.885377540462011,nan,nan
367.06,229.30679321289062,-193.5478973388672,-54.28874969482422,229.76140600524073,-194.1250882884682,-54.30192207147338,0.7348439934953918,0.31766980256381594,0.0767721137471209,3.503628074067387e-05,37.537375128919734,45.31260271916959,nan,1.4648197353387893,nan
367.07,229.3057403564453,-193.53919982910156,-54.28933334350586,229.76030383538395,-194.1166616912478,-54.30260046869033,0.7350280098260592,0.31772058006303044,0.07678891286100983,3.5740802770481166e-05,37.442962833450146,45.478394444653375,nan,nan,nan
367.08,229.30471801757812,-193.53050231933594,-54.28990173339844,229.75916803889683,-194.1081731883456,-54.30171296986849,0.7350972453260224,0.31777144076571445,0.07680577317476878,3.504013189141553e-05,36.433306555184245,44.23449448494039,nan,1.7037280398349652,nan
367.09000000000003,229.3037109375,-193.5218048095703,-54.29045867919922,229.75810756908248,-194.0997461297806,-54.30235450526516,0.7352781644233172,0.3178223883206429,0.07682269929442226,3.574500547379249e-05,36.344256139555014,44.29415712332088,nan,nan,nan
367.1,229.302734375,-193.5131072998047,-54.29100799560547,229.717101398056,-194.0770141496248,-54.30094027248925,0.6998497090050363,0.31775783897869775,0.07681257054014996,3.502321816965228e-05,35.95391775657044,43.272728581861166,14.402541279772214,3.1298570428724917,nan
367.11,229.30177307128906,-193.50440979003906,-54.291542053222656,229.71601425134523,-194.0685773369323,-54.301541630439075,0.6999862625554574,0.31780857148260944,0.07682950971412117,3.572757390542444e-05,35.87095524745133,43.20869300150916,nan,nan,nan
367.12,229.3008270263672,-193.49571228027344,-54.29206848144531,229.71498055965026,-194.06017825471685,-54.30314250947719,0.7001911307150697,0.31785938726359453,0.0768465105339118,3.5027756887711796e-05,36.50794801983428,44.007966148058905,nan,0.7182532072002369,nan
367.13,229.29989624023438,-193.48699951171875,-54.29258346557617,229.7139316376164,-194.0517413285756,-54.30373445404665,0.7003448968443562,0.3179102896938513,0.07686357713709369,3.573247564314138e-05,36.42387529529759,43.42060564843686,nan,nan,nan
367.14,229.29888916015625,-193.47830200195312,-54.293190002441406,229.71285349574003,-194.0433106037609,-54.30454145965039,0.7005212679375648,0.31796127575734545,0.07688070578376258,3.5032626880945204e-05,36.55335127870511,43.9130200390846,nan,0.021038963632472006,nan
367.15000000000003,229.29779052734375,-193.4696044921875,-54.29389190673828,229.68379553892632,-194.0276240103357,-54.305329842953704,0.6786136441201842,0.31789662165084814,0.07687062455455487,3.57157161353526e-05,37.548106717757015,44.53304062809375,8.79531104566044,nan,nan
367.16,229.29660034179688,-193.46090698242188,-54.294681549072266,229.68256169979605,-194.01927003013793,-54.3083714720537,0.6789130113015742,0.3179473924091551,0.07688776578112508,3.501666057616069e-05,39.16932198611717,46.1900892077553,nan,3.47119860371949,nan
367.17,229.29531860351562,-193.45220947265625,-54.295562744140625,229.68117023101533,-194.01083733031803,-54.309308668485876,0.6790695930728022,0.3179982496193373,0.07690497278249021,3.572123643595663e-05,39.03843261243929,46.206972165719435,nan,nan,nan
367.18,229.29396057128906,-193.44351196289062,-54.29653549194336,229.67960983448643,-194.00231306747915,-54.30768060318525,0.6790495138048629,0.3180491905258662,0.07692224224393557,3.50221111139102e-05,37.22793787479177,44.34639500792402,nan,4.975096895630535,nan
367.19,229.2925262451172,-193.43479919433594,-54.29759216308594,229.67804941119394,-193.9938800847916,-54.3087717892039,0.6792087585526932,0.3181002181093669,0.07693957766898048,3.572705577960826e-05,37.11513512801817,43.519102700949844,nan,nan,nan
367.2,229.29100036621094,-193.4261016845703,-54.298736572265625,229.67541791993673,-193.97637001011427,-54.3098139514586,0.6713380624091392,0.31803545633373137,0.07692953613264268,3.500670164009269e-05,35.61910665436153,43.56204840394568,9.085258800800624,0.0011802336927135592,nan
367.21,229.28939819335938,-193.4174041748047,-54.29996871948242,229.67369183166005,-193.9678990381013,-54.311078562940494,0.6714533666428357,0.3180862682282757,0.07694688342494267,3.5711143475027876e-05,35.50091025578746,43.42114760204887,nan,nan,nan
367.22,229.28770446777344,-193.40870666503906,-54.30128479003906,229.67186605156544,-193.95940815787492,-54.311816930262154,0.671537923464418,0.31813716387479846,0.07696429357366065,3.5012661959408345e-05,35.142745820172955,43.23018991394406,nan,0.26487442225686997,nan
367.23,229.28594970703125,-193.40000915527344,-54.30268478393555,229.66997842222028,-193.95093725535966,-54.31324737158916,0.6716482664403268,0.3181881460101043,0.07698176969878064,3.571748020505756e-05,35.02977910212317,42.8372164686221,nan,nan,nan
367.24,229.2841033935547,-193.39129638671875,-54.304168701171875,229.66794241142944,-193.94239327670425,-54.31242779417514,0.6716460276157228,0.3182392122451021,0.07699930905786856,3.501886991936921e-05,33.78732912227907,41.20851297789564,nan,3.844071066031787,nan
367.25,229.2821807861328,-193.38259887695312,-54.30573272705078,229.6572711847536,-193.92723853821795,-54.31410524672203,0.661358652204541,0.3181743456485159,0.07698930620004386,3.570206345534964e-05,33.345836857497936,41.58185745785439,2.282301948815854,nan,nan
367.26,229.28018188476562,-193.3739013671875,-54.30738067626953,229.65517480496916,-193.91879317345536,-54.31717167626593,0.6615305241797643,0.31822519593174947,0.07700685688762286,3.5004153872536456e-05,34.05158865025594,42.33486341842698,nan,1.3969045680997796,nan
367.27,229.27810668945312,-193.36520385742188,-54.309104919433594,229.65296122565965,-193.91030501590814,-54.31892727227588,0.6616250259119837,0.3182761325215701,0.07702447357690158,3.5708850608110204e-05,33.945438075536956,42.19038907814529,nan,nan,nan
367.28000000000003,229.2759552001953,-193.35650634765625,-54.3109130859375,229.65065840845116,-193.90180271960824,-54.32028113597209,0.6616935755337839,0.3183271532556856,0.0770421538693088,3.5010783937379244e-05,33.68099406556948,42.02201776594168,nan,0.1643712104809915,nan
367.29,229.2737274169922,-193.34780883789062,-54.31279754638672,229.64829437730398,-193.89331498939828,-54.32219267220543,0.6617897230080395,0.31837826053007406,0.07705990037157592,3.5715857970078595e-05,33.57642238171961,41.913069293031306,nan,nan,nan
367.3,229.27142333984375,-193.33909606933594,-54.314735412597656,229.63392444879878,-193.88194670027536,-54.324107225530106,0.65282592808696,0.31831328682132126,0.07704992924483733,3.499647159530575e-05,34.06198615563305,41.57171595150961,2.20175298483913,0.02301967423840662,nan
367.31,229.26904296875,-193.3303985595703,-54.31667709350586,229.63139320025334,-193.87346244781074,-54.32611708282814,0.6529205084692465,0.31836417776825765,0.07706768634117309,3.5701049589070876e-05,33.979486266802844,42.14006215171789,nan,nan,nan
367.32,229.2666015625,-193.3217010498047,-54.318607330322266,229.62878964488715,-193.86497859292905,-54.328123411584606,0.6530093810115702,0.3184151539170632,0.0770855084700518,3.641993670504744e-05,33.901906959982455,41.966304426918875,nan,nan,nan
367.33,229.2640838623047,-193.31300354003906,-54.32051086425781,229.6261146016412,-193.85649516432812,-54.330109438480264,0.6531014733745526,0.31846621541223813,0.0771033957759737,3.715327744343545e-05,33.82709173285796,41.98562136739935,nan,nan,nan
367.34000000000003,229.26150512695312,-193.30430603027344,-54.32238006591797,229.62334907866838,-193.8479918348681,-54.33130766153226,0.6531500604563424,0.31851736134894565,0.07712134731211351,3.636960276946611e-05,33.471403036295705,41.48187548642081,nan,0.3763896541511953,nan
367.35,229.25885009765625,-193.2956085205078,-54.324214935302734,229.61575580083823,-193.84382673233944,-54.33326018655061,0.6542222140204538,0.3184522828123702,0.07711140597577588,3.707791911968774e-05,34.58568930275153,42.020809350458606,4.285423063339885,nan,nan
367.36,229.25611877441406,-193.2869110107422,-54.32601547241211,229.61284570718877,-193.8353520809159,-54.33449202274829,0.6543038773580165,0.3185032121569021,0.07712936751405922,3.6298095404588123e-05,34.29205699745537,41.85246947947184,nan,0.2793754253958445,nan
367.37,229.2533416748047,-193.27821350097656,-54.32777786254883,229.60988416876785,-193.8268947285912,-54.33633600058097,0.6544057466623963,0.31855422777449116,0.07714739543672453,3.702793137259517e-05,34.22590640730403,41.473628485711814,nan,nan,nan
367.38,229.25047302246094,-193.26951599121094,-54.32950973510742,229.60688541898023,-193.8184680486624,-54.33935933634594,0.6545801497275718,0.318605327872447,0.07716548793010351,3.6250895964485445e-05,34.857653726443765,42.498086893942244,nan,0.967986651505923,nan
367.39,229.24754333496094,-193.26083374023438,-54.331207275390625,229.60378976066306,-193.81001167731532,-54.341147427984936,0.6546806313276846,0.31865651447957,0.0771836470265581,3.69795501526675e-05,34.78500139990632,42.97248177218112,nan,nan,nan
367.40000000000003,229.24456787109375,-193.25213623046875,-54.33286666870117,229.5972567630737,-193.8085760992967,-54.342557278464255,0.6588692511150205,0.3185913292926716,0.07717372917568471,3.6182739236633475e-05,36.170439983165565,42.627625301272786,7.2109771162444165,0.06573246009234998,nan
367.41,229.2415008544922,-193.24343872070312,-54.334495544433594,229.59402312698384,-193.80015416526874,-54.34427610080132,0.6590141865722081,0.3186422989335382,0.0771918975096896,3.690936676980812e-05,36.102848578927876,42.93962891161413,nan,nan,nan
367.42,229.23838806152344,-193.2347412109375,-54.33609390258789,229.59067620243263,-193.7916848042251,-54.34389549998146,0.6590553582600256,0.3186933530842431,0.07721013073585245,3.613868224328275e-05,35.13295644297684,41.76900471027764,nan,2.827662182646724,nan
367.43,229.2352294921875,-193.22605895996094,-54.3376579284668,229.58733063448122,-193.78326392485224,-54.34553063482627,0.6591771892363062,0.31874449357575724,0.07722843062448866,3.6864271219649154e-05,35.06527074445484,42.45563098857327,nan,nan,nan
367.44,229.2321014404297,-193.2173614501953,-54.33919143676758,229.5839698849192,-193.77483597923055,-54.34679590518764,0.6592776961876418,0.31879571891265074,0.07724679575379803,3.609616766089536e-05,34.926931394166395,41.56420568066151,nan,0.07631116712163973,nan
367.45,229.22900390625,-193.2086639404297,-54.340694427490234,229.5900053985181,-193.77019462223498,-54.348474415762325,0.6676071541303453,0.31873042900226745,0.07723689883815171,3.679756000484054e-05,34.891874280248345,41.56326009623535,1.2481928855657947,nan,nan
367.46,229.22596740722656,-193.19998168945312,-54.342166900634766,229.58674163034564,-193.76178122099765,-54.35008320809247,0.6677120798926628,0.3187814370976402,0.07725527255375429,3.6032928995454196e-05,34.926284444441485,42.033521454862196,nan,0.00278713599174991,nan
367.47,229.2229766845703,-193.1912841796875,-54.34361267089844,229.5835287738634,-193.75336677713184,-54.351599231672616,0.667831146770197,0.3188325313728111,0.07727371300205427,3.675572411099593e-05,34.86472349450058,41.56552987186721,nan,nan,nan
367.48,229.22003173828125,-193.18258666992188,-54.34502410888672,229.58036652145793,-193.7449479762334,-54.35285376384018,0.6679466283319885,0.3188837105099996,0.07729221898802077,3.599353472394043e-05,34.77405664259293,41.5703962085073,nan,0.036320291998256274,nan
367.49,229.2171630859375,-193.1739044189453,-54.346412658691406,229.5772660550298,-193.7365345557641,-54.354311729790744,0.6680488114876543,0.3189349760733339,0.07731079194286941,3.6715481100186467e-05,34.710902459604235,41.88970224261514,nan,nan,nan
367.5,229.21434020996094,-193.1652069091797,-54.34777069091797,229.56788773330294,-193.7217599540563,-54.35594261742798,0.6594042185227299,0.31886958002433935,0.07730091016475125,3.593355846295378e-05,34.3201466830646,41.33759612774551,1.894730159658833,0.0431554352778898,nan
367.51,229.21157836914062,-193.15652465820312,-54.34910202026367,229.56488982082834,-193.713328779208,-54.35734847804051,0.659490572432671,0.31892062798243226,0.07731949092047992,3.665381419761532e-05,34.25674612077107,41.81258739397655,nan,nan,nan
367.52,229.2088623046875,-193.1478271484375,-54.350406646728516,229.5619206341648,-193.70487327970878,-54.357433014455076,0.6595452571439151,0.31897176081093853,0.077338137494734,3.5897234072640176e-05,33.71835105104194,40.81182282834229,nan,1.1254385795469,nan
367.53000000000003,229.20620727539062,-193.13914489746094,-54.351688385009766,229.5590327821811,-193.6964429471266,-54.35877516411431,0.6596341234663244,0.31902297991518075,0.07735685112385494,3.6616764064884106e-05,33.65423426248807,41.29907594585605,nan,nan,nan
367.54,229.20361328125,-193.1304473876953,-54.35293960571289,229.55621179071443,-193.68802492315496,-54.36075583154727,0.6597571601067169,0.31907428421599326,0.07737563090451792,3.586240586445106e-05,33.92892432785059,40.85013188804197,nan,0.29550362141435643,nan
367.55,229.2010498046875,-193.12176513671875,-54.35417175292969,229.5530681262656,-193.68045129782368,-54.36190409405085,0.6603839144286002,0.31900878351480266,0.07736576110017895,3.655840806048909e-05,34.043594933237564,41.81140417017597,1.0972018987760486,nan,nan
367.56,229.1985626220703,-193.1130828857422,-54.35537338256836,229.55034204122433,-193.67202986666078,-54.3634387580612,0.660481292316583,0.31905986992611685,0.0773845479760768,3.580713111161168e-05,34.16578361128516,41.53141961971501,nan,0.04616131051476498,nan
367.57,229.19610595703125,-193.10438537597656,-54.3565559387207,229.54766116448076,-193.66360400101593,-54.36469120870688,0.6605927013625953,0.31911104246899835,0.07740340200093078,3.652447432303747e-05,34.10310367991902,41.207929120636194,nan,nan,nan
367.58,229.19371032714844,-193.095703125,-54.35771179199219,229.54506384574253,-193.65520899158633,-54.3677412066729,0.6607546435189195,0.31916230020568526,0.07742232243780295,3.577527679790995e-05,35.04321494118585,42.56336646756232,nan,2.2372508760571077,nan
367.59000000000003,229.19134521484375,-193.08700561523438,-54.35884475708008,229.54248064896143,-193.64678354238012,-54.36896674160847,0.6608705435888271,0.3192136443291239,0.07744131027400425,3.649205435190868e-05,34.98077762979763,42.16170764135016,nan,nan,nan
367.6,229.1890411376953,-193.0783233642578,-54.359954833984375,229.5668534012096,-193.64499506737516,-54.37095908638019,0.6811607880276938,0.31914803796473545,0.07743144709592428,3.572306077205634e-05,34.644986499899815,42.563577743106755,7.680028515351847,0.35631965350540173,nan
367.61,229.18678283691406,-193.0696258544922,-54.361045837402344,229.5644096984236,-193.63656563394824,-54.372150086576234,0.6812826611715029,0.3191991638440405,0.07745044121900774,3.643843048506716e-05,34.58089170940911,41.94779198989453,nan,nan,nan
367.62,229.1845703125,-193.06094360351562,-54.36211395263672,229.56201578952476,-193.62814011194993,-54.37355511286881,0.6814013996566028,0.3192503749072404,0.07746950200103087,3.569409002591708e-05,34.803698641020766,42.77134124069112,nan,0.0374173549610813,nan
367.63,229.18240356445312,-193.05226135253906,-54.3631591796875,229.5596623317986,-193.61971117719344,-54.37470699520832,0.6815106991695762,0.31930167222198325,0.07748863028843306,3.6408997349750314e-05,34.73864220513895,42.69019180204955,nan,nan,nan
367.64,229.18026733398438,-193.04356384277344,-54.36418151855469,229.55734485335907,-193.61127575091007,-54.37539020911267,0.681622990370726,0.3193530550387674,0.07750782555536823,3.5666517187839315e-05,34.53962420316339,42.09168034252366,nan,0.13668234610463312,nan
367.65000000000003,229.17819213867188,-193.03488159179688,-54.36518859863281,229.54718392647703,-193.589753373405,-54.37646581463794,0.6664569071541195,0.3192873441481807,0.07749796538730075,3.635842617038707e-05,33.059174113200186,41.873971044477635,9.33317828045655,nan,nan
367.66,229.1761474609375,-193.02618408203125,-54.366172790527344,229.5449622957125,-193.58129398923458,-54.37843806796766,0.666574698331774,0.3193385084290314,0.07751716618575791,3.561864354465095e-05,33.72501241711197,42.04832321465917,nan,0.5329998517664479,nan
367.67,229.17413330078125,-193.0175018310547,-54.36713790893555,229.54276710250826,-193.57282239262608,-54.37951579987994,0.666652096722053,0.3193897588313948,0.07753643460137222,3.6331870338719966e-05,33.65563968090288,42.82023953073877,nan,nan,nan
367.68,229.17218017578125,-193.00881958007812,-54.36808395385742,229.5405983103523,-193.56433913777147,-54.379704827959884,0.6666850422617281,0.31944109471633203,0.07755577022662197,3.55938095777084e-05,33.17134777570335,42.03714515327115,nan,0.5167440705054828,nan
367.69,229.17025756835938,-193.0001220703125,-54.36901092529297,229.53848301242888,-193.5558675615259,-54.380737355668664,0.6667687288959846,0.31949251698545494,0.07757517373068325,3.63067056681071e-05,33.10515214123933,41.470567217622104,nan,nan,nan
367.7,229.16836547851562,-192.99143981933594,-54.36991882324219,229.5148809921078,-193.5043593795275,-54.37946355667802,0.6190723530602216,0.31931960691783035,0.07647881517019056,3.554777270762534e-05,36.64252849286336,45.82741817627237,8.369062535990052,3.5001842298619112,0.8473313608853486
367.71,229.16651916503906,-192.9827423095703,-54.37080764770508,229.5128167453778,-193.49581843652933,-54.38043826855069,0.6190814769168911,0.31937022897279765,0.07649435489959382,3.625947207016323e-05,36.562354330108384,45.016151036132364,nan,nan,nan
367.72,229.16470336914062,-192.97406005859375,-54.371681213378906,229.5107845685077,-193.4872429496728,-54.380541503208576,0.619037463314998,0.319420935185174,0.0765099530381229,3.5525595649477864e-05,36.13536213764707,45.41023284086619,nan,0.5004800100325482,nan
367.73,229.16293334960938,-192.96536254882812,-54.372535705566406,229.50879412192478,-193.4787015853097,-54.38147468987318,0.6190448656138501,0.319471725812,0.07652561443950691,3.6237050288542474e-05,36.05549057857995,44.56269030395074,nan,nan,nan
367.74,229.16119384765625,-192.95668029785156,-54.373374938964844,229.5068509059513,-193.47023834527178,-54.384390469172665,0.619146195922265,0.3195226008923432,0.0765413346603324,3.5504684658442134e-05,37.18949984966786,46.49224870391425,nan,2.7399723813927648,nan
367.75,229.15948486328125,-192.94798278808594,-54.37419509887695,229.50381457851896,-193.46077883000302,-54.38530461182747,0.6177751651527486,0.31945776579609747,0.07653062252143873,3.6193552402394535e-05,37.090640290235704,45.82787543164387,0.04488008682783862,nan,nan
367.76,229.15782165527344,-192.93930053710938,-54.375,229.50193007146862,-193.45225233691446,-54.386680130266434,0.6177916934231712,0.3195084260200278,0.076546358165374,3.546352067160392e-05,37.44968986670617,46.74826169748309,nan,0.15210748825530085,nan
367.77,229.1561737060547,-192.93060302734375,-54.375789642333984,229.5000767414613,-193.44370788322894,-54.387574724967415,0.6178064252397497,0.3195591705870964,0.07656215706527687,3.617370936522325e-05,37.365711128141,46.29858383296844,nan,nan,nan
367.78000000000003,229.15457153320312,-192.9219207763672,-54.376564025878906,229.49825424157768,-193.435147138815,-54.38801755963289,0.6177785093239735,0.31960999956011993,0.07657801525476338,3.544505904477019e-05,37.1489742853406,46.62002837361008,nan,0.1313461007232606,nan
367.79,229.1529998779297,-192.91322326660156,-54.3773193359375,229.496466393047,-193.426602456894,-54.38887837233703,0.6177872217476048,0.31966091315933726,0.0765939368771457,3.6155108492548816e-05,37.06785099021616,45.90615425208691,nan,nan,nan
367.8,229.15145874023438,-192.904541015625,-54.3780632019043,229.48861469643506,-193.42078606822875,-54.38937212668415,0.6166935907881048,0.3195959803765552,0.07658329375544723,3.540635545464608e-05,38.030600942842035,46.92373162447701,4.555300797103619,0.09259845075424478,nan
367.81,229.1499481201172,-192.89584350585938,-54.37879180908203,229.48687920189263,-193.4122626087448,-54.39020140298251,0.6167182683562611,0.3196466788205493,0.07659923025803549,3.611541746415541e-05,37.94924182231101,46.25893992238981,nan,nan,nan
367.82,229.14846801757812,-192.8871612548828,-54.3795051574707,229.48517030873015,-193.4037072900287,-54.39012010655933,0.6166854274556176,0.319697461620126,0.07661522649875278,3.539021496609341e-05,37.45180586697094,46.45637495128007,nan,0.5550396157011543,nan
367.83,229.1470184326172,-192.8784637451172,-54.38020324707031,229.48349525285334,-193.39518308438417,-54.39091317972632,0.6167091930450207,0.31974832897698,0.0766312861887573,3.6099205891012025e-05,37.37151943959272,45.75543617326355,nan,nan,nan
367.84000000000003,229.14559936523438,-192.86978149414062,-54.38088607788086,229.48184627911644,-193.38663305712913,-54.39094272256116,0.6166835990693283,0.3197992809827498,0.07664740600557349,3.5375191214451295e-05,36.97636160126974,46.022951603090426,nan,0.38911108265518507,nan
367.85,229.14419555664062,-192.861083984375,-54.381561279296875,229.4699188734046,-193.38915526960022,-54.39170092327961,0.6205302359621466,0.3197342506258576,0.07663683189983314,3.60619046773267e-05,40.02984659653867,46.89831407446033,35.27003745106424,nan,nan
367.86,229.14283752441406,-192.85238647460938,-54.38221740722656,229.46831340764547,-193.38072152269385,-54.39320025728482,0.6206392644645411,0.319784987185488,0.0766529662509655,3.533989300608997e-05,40.52432573706512,47.1841328269397,nan,0.39179012290682574,nan
367.87,229.14149475097656,-192.8437042236328,-54.38286209106445,229.46673253040825,-193.3722624900929,-54.3939426092408,0.6207062365531807,0.31983580823440977,0.07666916408140156,3.604794559446738e-05,40.44508629909352,47.90285333686369,nan,nan,nan
367.88,229.1401824951172,-192.8350067138672,-54.38349533081055,229.4651763965497,-193.3637816295346,-54.394007644127456,0.6207531362294378,0.3198867138784697,0.07668542245823201,3.532700456983653e-05,40.09851365903753,46.99375647421668,nan,0.30681111743994344,nan
367.89,229.13890075683594,-192.82630920410156,-54.38411331176758,229.46364935961628,-193.3553218443885,-54.39471974012383,0.6208289014806082,0.31993770429731166,0.07670174451202826,3.603506834897296e-05,40.02362734920128,46.89816320954442,nan,nan,nan
367.90000000000003,229.13763427734375,-192.817626953125,-54.38471984863281,229.44594952526413,-193.33884869723317,-54.39544807470201,0.6056777141896196,0.3198725763661959,0.07669123229214793,3.529383183000115e-05,40.073851606068956,47.91005715611309,3.8657757090750007,0.02912989228680456,nan
367.91,229.1363983154297,-192.80892944335938,-54.38531494140625,229.4444470205854,-193.33037465411573,-54.39613587631998,0.6057360854375846,0.31992335104101277,0.0767075683120268,3.6001054420333884e-05,39.996135362713495,47.234679526090105,nan,nan,nan
367.92,229.13519287109375,-192.80023193359375,-54.38589859008789,229.44296385436428,-193.3218427069534,-54.394908940978425,0.6057078201999055,0.31997421025498685,0.07672396527816543,3.5282946841022164e-05,38.97593424799234,46.19670295004488,nan,2.5175072728189605,nan
367.93,229.13400268554688,-192.7915496826172,-54.386470794677734,229.441510674729,-193.31336830727,-54.39555620623072,0.6057543934206859,0.32002515417719596,0.0767404259718665,3.599023424260892e-05,38.89583415879681,46.86621780121279,nan,nan,nan
367.94,229.13284301757812,-192.78285217285156,-54.38703155517578,229.44008470460125,-193.3049305613849,-54.397447612653046,0.6058644999269703,0.3200761829299493,0.076756947981043,3.5273023222253845e-05,39.60900427123324,46.94086035442226,nan,1.0939056174360733,nan
367.95,229.13169860839844,-192.77415466308594,-54.38758087158203,229.39629346191546,-193.272927966088,-54.39815636352298,0.5647097354615619,0.32001095750311376,0.07674649656265391,3.595826033539346e-05,38.934341621315006,47.38354222838207,20.716613880845827,nan,nan
367.96,229.13058471679688,-192.7654571533203,-54.388118743896484,229.39483686104782,-193.264356361512,-54.3970571040572,0.5646321899766948,0.32006177021824633,0.07676303212472163,3.5242757716742254e-05,38.02073204481517,46.44920437816092,nan,2.0831224177952694,nan
367.97,229.12948608398438,-192.7567596435547,-54.38864517211914,229.39340688567015,-193.2558335704921,-54.39766074849056,0.5646328494946827,0.320112667575452,0.0767796314766542,3.594936064198778e-05,37.943684670582996,46.47225460177803,nan,nan,nan
367.98,229.12841796875,-192.74807739257812,-54.38916015625,229.39200072669644,-193.24733218417273,-54.39904364708771,0.5646493607611417,0.3201636497046385,0.07679629251784707,3.523465135598296e-05,38.381786301313866,47.5369172041221,nan,0.43342250502802754,nan
367.99,229.12725830078125,-192.7393798828125,-54.3897705078125,229.39056053996927,-193.2388090069556,-54.399687947419956,0.564673246056628,0.32021471676307034,0.07681301756505007,3.5941381302329765e-05,38.270603807589765,46.85707036842035,nan,nan,nan
368.0,229.12600708007812,-192.73068237304688,-54.390472412109375,229.32955752896686,-193.20558914820904,-54.40042382824219,0.5167864752688325,0.32014939387626806,0.07680262160100504,3.66394411857289e-05,38.8431875620922,48.363996058350125,30.384595820213463,nan,nan
368.01,229.1246795654297,-192.72198486328125,-54.391265869140625,229.327847122926,-193.19703665241292,-54.4012544056811,0.516769803334553,0.3202002445994531,0.0768193596092568,3.7374035195761505e-05,38.73597570626803,48.270483396126224,nan,nan,nan
368.02,229.12326049804688,-192.71328735351562,-54.39215087890625,229.32604840331345,-193.18841838255722,-54.39963068716481,0.5166511171110656,0.3202511800339778,0.0768361595842894,3.657397895215457e-05,37.52156325462301,47.13642684101908,nan,4.18331037211673,nan
368.03000000000003,229.12176513671875,-192.70458984375,-54.39311981201172,229.32417050842562,-193.17986549861573,-54.400618042167665,0.516634402705931,0.3203022003326384,0.0768530237236432,3.7307004736258966e-05,37.42481101529942,47.0054735714076,nan,nan,nan
368.04,229.1201934814453,-192.69589233398438,-54.39418029785156,229.3222097343813,-193.17130404887914,-54.40135285569304,0.5166026623000115,0.32035330563279485,0.07686995018886049,3.6510822985018846e-05,37.253258580326815,46.87014312342804,nan,0.07583053204513346,nan
368.05,229.1185302734375,-192.6872100830078,-54.395328521728516,229.28456597324043,-193.16134021897614,-54.40233781805873,0.5024105588833054,0.3202878853379728,0.07685960568644291,3.7218705634559954e-05,40.112881597176454,49.54139891383685,34.1006105023551,nan,nan
368.06,229.11679077148438,-192.6785125732422,-54.39656066894531,229.282379949192,-193.152775619769,-54.40136133695205,0.5023626772443217,0.3203387740073746,0.07687654463959252,3.6427289854220794e-05,39.35647772030549,48.17624916554759,nan,3.2144066911594944,nan
368.07,229.11497497558594,-192.66981506347656,-54.39787673950195,229.2801169983103,-193.1442641753834,-54.402671687794715,0.5023911215256558,0.32038974747529964,0.07689354783322887,3.7156532238571895e-05,39.27366865787455,48.12721297653987,nan,nan,nan
368.08,229.11306762695312,-192.66111755371094,-54.3992805480957,229.2777763638391,-193.13577992914097,-54.40524893661322,0.5024628944677905,0.32044080588256857,0.07691061369809823,3.636876307924823e-05,39.564166256907164,48.48661440461706,nan,0.9113579709293691,nan
368.09000000000003,229.11109924316406,-192.6524200439453,-54.40076446533203,229.27535667363895,-193.12726829319567,-54.40674079051457,0.5024908752853429,0.32049194937658115,0.07692774402991642,3.709670779298471e-05,39.478835829435866,48.39499815539278,nan,nan,nan
368.1,229.1090545654297,-192.6437225341797,-54.4023323059082,229.254741752626,-193.1036956222667,-54.41014327277483,0.4825567422395798,0.3204264317263947,0.0769174461845281,3.6290023981449645e-05,38.949869468549636,49.20963101188554,10.440759778727664,2.4049118751496104,nan
368.11,229.10691833496094,-192.63502502441406,-54.40398025512695,229.2521399574148,-193.0951422031849,-54.411818421366945,0.4825542194180692,0.3204773582920208,0.07693458837526372,3.701584319313204e-05,38.85667848445349,49.132974316732,nan,nan,nan
368.12,229.10472106933594,-192.62632751464844,-54.40570831298828,229.2494624977307,-193.08657000150728,-54.412705320853895,0.48251651362708764,0.3205283697334305,0.0769517935648409,3.623600505694707e-05,38.47753442705347,48.78723923744635,nan,0.4976911227893899,nan
368.13,229.10244750976562,-192.6176300048828,-54.40751647949219,229.24671121035345,-193.0780166295901,-54.414534068769846,0.4825112496884836,0.3205794661961631,0.0769690633154934,3.6960698339988964e-05,38.3881435139524,48.72441012653799,nan,nan,nan
368.14,229.10009765625,-192.60894775390625,-54.409400939941406,229.24388611985538,-193.0694445735404,-54.415531794923226,0.4824624654229357,0.32063064782397616,0.07698639640677186,3.618416282448799e-05,38.020701105518896,49.03437743859345,nan,0.5473613525077533,nan
368.15000000000003,229.09767150878906,-192.60025024414062,-54.411338806152344,229.24595326415186,-193.0627256073227,-54.41729312967429,0.48570196056066556,0.32056503287570604,0.0769761426674993,3.6884646724289405e-05,37.85631875210525,48.078210407383864,2.0247179221440046,nan,nan
368.16,229.09518432617188,-192.591552734375,-54.41328430175781,229.2429921661778,-193.0541367104823,-54.41737732566228,0.48564168412848246,0.3206159972779327,0.076993487085875,3.611226542814543e-05,37.288769733726184,47.52960744168606,nan,2.4135059106151897,nan
368.17,229.09262084960938,-192.58285522460938,-54.41521453857422,229.23996067400904,-193.04558626622332,-54.41934788685141,0.48563991320240085,0.3206670466357453,0.07701089616890855,3.683402973331906e-05,37.217887158720856,47.48202470535473,nan,nan,nan
368.18,229.08998107910156,-192.57415771484375,-54.417118072509766,229.23685898166394,-193.03700534923377,-54.41969694662113,0.48560035164035903,0.32071818109356215,0.07702836889759615,3.606472985241857e-05,36.86716703062093,47.139825251935335,nan,1.7029670448086072,nan
368.19,229.0872802734375,-192.5654754638672,-54.41899108886719,229.23368800376372,-193.0284557475668,-54.421602950072284,0.4855849960746299,0.32076940079588656,0.07704590653326848,3.678559345033252e-05,36.794828601064324,47.75770172287547,nan,nan,nan
368.2,229.0845184326172,-192.55677795410156,-54.42082595825195,229.22132852827923,-193.01316930464932,-54.4229098471526,0.4764602918636737,0.3207036886059369,0.0770356914982607,3.599723110719668e-05,36.29090791479573,47.14706164918594,2.3694335540241456,0.13330014503329327,nan
368.21,229.08168029785156,-192.54808044433594,-54.42262649536133,229.21800638611072,-193.00460322791483,-54.42474303165267,0.4764476193586587,0.32075469078474816,0.07705323980545473,3.671636455938446e-05,36.221340955743116,47.08446789044216,nan,nan,nan
368.22,229.0787811279297,-192.53939819335938,-54.42439270019531,229.21461784933268,-192.996014494075,-54.42524579939064,0.4763935229817736,0.3208057779973507,0.07707085204834317,3.5953841072286964e-05,36.04640165448393,47.618876319300185,nan,1.122956985876051,nan
368.23,229.0758056640625,-192.53070068359375,-54.426124572753906,229.21116297367317,-192.98744902441322,-54.42699787878926,0.47638368020935756,0.3208569503884874,0.07708852931564314,3.6672216100172395e-05,35.97570680029402,46.876437022807494,nan,nan,nan
368.24,229.07276916503906,-192.5220184326172,-54.42782211303711,229.2076430054594,-192.97887253437028,-54.4280489860769,0.47634722061720336,0.32090820810222725,0.07710627084643827,3.5912445061383544e-05,35.8827543104543,47.48258160713777,nan,0.29841314254392176,nan
368.25,229.06967163085938,-192.51332092285156,-54.42948532104492,229.1966695342638,-192.96773010118332,-54.429785428579905,0.4718222746816826,0.3208423987299844,0.07709609138344993,3.660734257794391e-05,36.05865554753803,47.09220598425503,0.6277600389530955,nan,nan
368.26,229.06651306152344,-192.50462341308594,-54.431114196777344,229.19300849607,-192.9591681420827,-54.43168274694207,0.4718181099418984,0.3208934386218217,0.07711384299691643,3.585114893949881e-05,35.995538934118805,47.038133391400386,nan,0.04187664155891974,nan
368.27,229.06329345703125,-192.49594116210938,-54.43271255493164,229.189284442563,-192.95060258203304,-54.43330105955828,0.47179559296369467,0.32094456362567714,0.07713165975911125,3.656729895084874e-05,35.92382805632794,47.67111155135283,nan,nan,nan
368.28000000000003,229.05999755859375,-192.4872589111328,-54.43427658081055,229.1854957882869,-192.9420843052454,-54.43787572478801,0.47183566908739927,0.32099577388475403,0.07714954105607554,3.5813650342142285e-05,36.20281490779815,47.94636653312055,nan,6.0134227719823645,nan
368.29,229.05665588378906,-192.4785614013672,-54.43581008911133,229.18164788708026,-192.93352011574203,-54.43946210025662,0.47183023414969816,0.3210470695451471,0.07716748775684387,3.6529225402726745e-05,36.137328306804605,47.185794541470095,nan,nan,nan
368.3,229.05323791503906,-192.46987915039062,-54.43731689453125,229.17510058187676,-192.92995074217126,-54.441407799910095,0.4759549502202703,0.32098116305092145,0.07715733882691828,3.575628992260752e-05,37.382685640283725,48.4194963860869,5.319025763313359,0.2169574248179105,nan
368.31,229.04983520507812,-192.461181640625,-54.43878936767578,229.1711535666706,-192.92141234174713,-54.44293700323337,0.47597021545004925,0.321032240591019,0.07717529492622646,3.647045654790001e-05,37.32243634352784,47.710873351375795,nan,nan,nan
368.32,229.04644775390625,-192.45249938964844,-54.44023513793945,229.16721859420812,-192.9128895888508,-54.445490228858816,0.47599616318765803,0.3210834033180045,0.0771933158189768,3.572250524125701e-05,37.55739907116508,48.60237823048163,nan,0.7507286083330766,nan
368.33,229.04312133789062,-192.44381713867188,-54.441650390625,229.16332481649945,-192.9043524054696,-54.44697283074209,0.4759936308428123,0.32113465137926467,0.0772114022501568,3.643621251428955e-05,37.49730453255454,48.55784283136699,nan,nan,nan
368.34000000000003,229.0398406982422,-192.4351348876953,-54.44303512573242,229.1594831475949,-192.89582710565642,-54.449254791855616,0.47601504138391165,0.3211859849159948,0.07722955379145108,3.569050103172218e-05,37.73865789181327,48.79617835334607,nan,0.4639757989557303,nan
368.35,229.03662109375,-192.4264373779297,-54.44439697265625,229.15298292854416,-192.87236162108852,-54.45077209975401,0.46090036827816705,0.3211199813656305,0.07721943182795936,3.638129303525589e-05,35.36124149817729,47.429259035654646,20.261515844806457,nan,nan
368.36,229.03346252441406,-192.41775512695312,-54.44572830200195,229.14926213497478,-192.86374360333835,-54.45037883112817,0.460800280268557,0.3211710964827946,0.07723759212627569,3.5638629870429184e-05,34.78308702043549,47.60024111831435,nan,2.216860644198114,nan
368.37,229.03038024902344,-192.40907287597656,-54.4470329284668,229.14560074318354,-192.85514931228045,-54.45174667067318,0.4607408910284153,0.321222296866501,0.07725581810234822,3.635068018274323e-05,34.72083560710483,47.55081968285391,nan,nan,nan
368.38,229.02734375,-192.400390625,-54.44831466674805,229.141997783746,-192.84658230680952,-54.45525926616174,0.46073939687339305,0.32127358265640743,0.07727410943170913,3.5610067715645665e-05,35.39609345818352,48.21558577785655,nan,3.2099953548074747,nan
368.39,229.0243682861328,-192.39170837402344,-54.44956970214844,229.13845847472697,-192.8379891185223,-54.45659844283035,0.46068696230681994,0.32132495400231276,0.07729246670397706,3.632180477117161e-05,35.33432010669098,48.16222942676212,nan,nan,nan
368.40000000000003,229.02145385742188,-192.38302612304688,-54.45079803466797,229.13671611371208,-192.83242261613705,-54.458542028114046,0.46400707447338757,0.3212588534575757,0.07728236692016421,3.556163887718229e-05,36.05389750081453,48.53268386665912,0.5711834653865984,0.27271495627319514,nan
368.41,229.0186004638672,-192.3743438720703,-54.452003479003906,229.1332974226135,-192.82384041488712,-54.45983948714057,0.46396544846942134,0.3213100060849833,0.07730073223529148,3.6272223786032586e-05,35.993986721839455,48.4990709958334,nan,nan,nan
368.42,229.01580810546875,-192.36566162109375,-54.45318603515625,229.1299345376132,-192.81526850543244,-54.462037245214994,0.4639499292793036,0.3213612440484913,0.07731916313631385,3.5536326401721196e-05,36.43969757453132,48.96735017084352,nan,0.5839302758099546,nan
368.43,229.0130615234375,-192.3569793701172,-54.454341888427734,229.12662944951663,-192.80668647448482,-54.46329760283321,0.4639120157671578,0.3214125674995543,0.07733766012687279,3.6246690096615206e-05,36.38096681723164,48.936930405367946,nan,nan,nan
368.44,229.0103759765625,-192.34829711914062,-54.455474853515625,229.12338302071086,-192.79808346669628,-54.462522016197916,0.46381894417593583,0.32146397657523595,0.07735622301130536,3.551256727311176e-05,35.50031218674139,48.07222757531503,nan,2.7792347880536123,nan
368.45,229.00775146484375,-192.33961486816406,-54.45658874511719,229.08995109558504,-192.77832434261876,-54.46373600800229,0.44640101437728513,0.32139777911056433,0.07734614152459396,3.62004377895319e-05,36.063180440228756,49.40154675301998,7.843475056669261,nan,nan
368.46,229.00515747070312,-192.3309326171875,-54.45767593383789,229.08675884004558,-192.76973179296394,-54.46481673301393,0.4463793130886748,0.32144896916783733,0.0773647117616375,3.546888926906466e-05,36.02297263070377,49.350705163265005,nan,0.006138962604656459,nan
368.47,229.0026397705078,-192.32223510742188,-54.458744049072266,229.08361829765616,-192.761140230153,-54.46596998668954,0.44637141798414764,0.32150024464343974,0.07738334823770104,3.617804436134952e-05,35.96654845203742,48.6421649245881,nan,nan,nan
368.48,229.00015258789062,-192.3135528564453,-54.45979309082031,229.08053133567412,-192.7525349298147,-54.465613091148654,0.4463181334415392,0.32155160567277274,0.0774020508275175,3.544810210396319e-05,35.41253822201956,48.774257157923,nan,1.5266465805325737,nan
368.49,228.9977264404297,-192.30487060546875,-54.4608154296875,229.07749184856158,-192.7439436773384,-54.46671099398449,0.44629860010297134,0.32160305240991127,0.07742081992930921,3.615714943015697e-05,35.3528535745358,48.77828118971956,nan,nan,nan
368.5,228.99534606933594,-192.2961883544922,-54.461822509765625,229.06417387662364,-192.73405316681848,-54.47031209018821,0.4433226070316373,0.3215367580878472,0.07741075212038669,3.54073709982404e-05,37.05680528974308,50.431559081788514,1.8581428739774442,4.1336164157621065,nan
368.51,228.99301147460938,-192.28750610351562,-54.462806701660156,229.06121413338963,-192.7254688893124,-54.471396912274706,0.44332470732631807,0.32158798550710704,0.07742952782958888,3.6115465695570996e-05,36.99976197946656,50.4081445509806,nan,nan,nan
368.52,228.99072265625,-192.27882385253906,-54.46377182006836,229.0583030254941,-192.71687739233806,-54.47159347704695,0.44330484810736465,0.32163929840845584,0.07744836986357198,3.53893648181018e-05,36.62044576822806,50.050370935301345,nan,0.5218678012566211,nan
368.53000000000003,228.9884796142578,-192.2701416015625,-54.464717864990234,229.05543619966537,-192.70829299462278,-54.47263251010403,0.4433085485047416,0.3216906969475625,0.07746727856379113,3.6097423483856255e-05,36.5622162394724,50.02472191838386,nan,nan,nan
368.54,228.9862823486328,-192.26145935058594,-54.46564865112305,229.05261485207615,-192.69970742070205,-54.47352217049228,0.4433095580751883,0.3217421812573136,0.07748625389012925,3.537268452235423e-05,36.51458949369547,50.00519752677964,nan,0.011903616362901388,nan
368.55,228.984130859375,-192.25277709960938,-54.466556549072266,229.0411690737708,-192.68839536395626,-54.47458768213632,0.43940997853069463,0.32167579016159636,0.07747619565462245,3.605855836509778e-05,36.806079474446925,50.526783654575,0.8617969716753965,nan,nan
368.56,228.98202514648438,-192.2440948486328,-54.467445373535156,229.03841980957483,-192.6798124305656,-54.476004254361634,0.43943534640653925,0.3217270548531098,0.07749517685294274,3.533597799153464e-05,37.02637875065993,50.79163447142189,nan,0.12869748872557252,nan
368.57,228.97994995117188,-192.23541259765625,-54.468318939208984,229.03571394641475,-192.67122617713733,-54.476976788558666,0.43945199690173026,0.32177840511150263,0.07751422487307573,3.604317341284376e-05,36.967952137999006,50.72286891453263,nan,nan,nan
368.58,228.97792053222656,-192.2267303466797,-54.469173431396484,229.03305205730527,-192.6626317869525,-54.476745937449046,0.4394392944848267,0.32182984106819734,0.0775333397199507,3.532180853171693e-05,36.44701499851618,50.25064067684894,nan,0.9759226382923097,nan
368.59000000000003,228.97593688964844,-192.21804809570312,-54.47001266479492,229.0304281859313,-192.6540451146368,-54.477673730182154,0.4394557927852432,0.3218813628811853,0.07755252166749335,3.6029053510717006e-05,36.38826452404948,50.24705998987354,nan,nan,nan
368.6,228.9739990234375,-192.20936584472656,-54.4708366394043,229.0284762365561,-192.63562053534974,-54.47763876969232,0.42977563565642923,0.3218148750755471,0.07754246849061326,3.5287572513316055e-05,34.39746924339309,49.52219222271235,9.322416574985665,0.5219445400111805,nan
368.61,228.9720916748047,-192.20068359375,-54.471641540527344,229.02593437423621,-192.62699317067026,-54.47852462747376,0.42975140318784005,0.32186617697034153,0.0775616555333133,3.599401621034601e-05,34.3360141751661,49.46842052631853,nan,nan,nan
368.62,228.97021484375,-192.19200134277344,-54.47243118286133,229.0234300736423,-192.6183678742504,-54.47977765199381,0.42973742036841,0.3219175644903852,0.07758090959595615,3.527573185850656e-05,34.48264221448832,49.61946460205618,nan,0.1016869792157448,nan
368.63,228.9683837890625,-192.18331909179688,-54.47320556640625,229.02096445760304,-192.6097401992989,-54.480637107855095,0.4297149234501031,0.32196903779496505,0.07760023091752881,3.598227973655849e-05,34.4210990011362,49.61444521457908,nan,nan,nan
368.64,228.96658325195312,-192.17462158203125,-54.473960876464844,229.01853325607595,-192.6011182651275,-54.48260829361007,0.42973596712835854,0.3220205970134412,0.0776196195554494,3.526499907944432e-05,34.942251022784816,49.38504201628086,nan,0.8821247844341782,nan
368.65000000000003,228.96482849121094,-192.1659393310547,-54.47470474243164,229.07211804521464,-192.61782020814502,-54.48352054640891,0.46452674183302534,0.32195401259076867,0.07760956718472992,3.594957999595416e-05,34.820868905077376,48.00379918440867,27.802964871418837,nan,nan
368.66,228.96310424804688,-192.15725708007812,-54.475433349609375,229.06985306055438,-192.60923033262728,-54.48448975543241,0.46449666142831797,0.32200535159040305,0.07762896014040058,3.5234100665538813e-05,34.92025669338957,48.146969016882586,nan,0.013658144294829793,nan
368.67,228.96141052246094,-192.14857482910156,-54.47614669799805,229.06762323037157,-192.6006395459911,-54.485306712252346,0.46446480322976647,0.32205677630196516,0.0776484205133196,3.5940044015111114e-05,34.860189398762195,48.128647431807515,nan,nan,nan
368.68,228.95974731445312,-192.139892578125,-54.476844787597656,229.06542744326688,-192.59204851294092,-54.486110278632296,0.4644342023790499,0.3221082868620046,0.0776679484147856,3.666030544611469e-05,34.800222259253815,48.1153316203999,nan,nan,nan
368.69,228.9581298828125,-192.13121032714844,-54.47753143310547,229.06326499368373,-192.58345729453828,-54.48690080323559,0.46440122324111965,0.32215988341502155,0.07768754398929875,3.739502945874953e-05,34.739838405863544,48.05536852451591,nan,nan,nan
368.7,228.95654296875,-192.1225128173828,-54.47820281982422,229.12740197637632,-192.5699805055191,-54.488196784243456,0.4790824686188258,0.3182274914447656,0.0776139546495434,3.656995565074656e-05,39.95146645591316,52.10603593363494,2.2108186166887807,0.2727981391481404,1.1466612230772244
368.71,228.95498657226562,-192.11383056640625,-54.47886276245117,229.12533723667363,-192.5613417461799,-54.48896558861977,0.4789443307768016,0.3182749181757758,0.07763263424305894,3.730218619829577e-05,39.874440415529804,52.82974587250955,nan,nan,nan
368.72,228.9534454345703,-192.1051483154297,-54.47950744628906,229.12336393600683,-192.55269034296265,-54.48837586674171,0.47879516749865897,0.31832242558408336,0.07765137480171627,3.6505652525307805e-05,39.208919202544685,52.25672554331003,nan,1.1743703079206622,nan
368.73,228.9519500732422,-192.09646606445312,-54.480140686035156,229.12136113019642,-192.54405067625902,-54.48910725962521,0.4786569652535399,0.3183700199725468,0.07767017672132373,3.723643189237733e-05,39.131291377274955,52.20597717904336,nan,nan,nan
368.74,228.9504852294922,-192.0877685546875,-54.48075866699219,229.11938542880623,-192.5354112606364,-54.4898964870034,0.47853397922419244,0.3184176954254006,0.07768903990662322,3.6443770968573105e-05,39.183978919518125,51.57721426038489,nan,0.0031386487731783885,nan
368.75,228.9490509033203,-192.07908630371094,-54.48136901855469,229.15098263906248,-192.5499929810474,-54.490871692294235,0.5124644626392353,0.3183565028979096,0.07767882622479948,3.714965835429068e-05,40.776750397996736,51.869854997675745,22.83496485914222,nan,nan
368.76,228.9476318359375,-192.07040405273438,-54.481964111328125,229.14912034219253,-192.5414088179251,-54.491505664751166,0.5123808624714312,0.3184039796932797,0.07769768920759415,3.636174023583505e-05,40.76886015845518,51.959765593538705,nan,0.003104781979094528,nan
368.77,228.94625854492188,-192.06170654296875,-54.482547760009766,229.14728335782024,-192.53282514616797,-54.49219700315781,0.5123053987364703,0.3184515432113256,0.07771661375982154,3.708896614420716e-05,40.699335809749385,51.180164078668845,nan,nan,nan
368.78000000000003,228.9449005126953,-192.0530242919922,-54.48311996459961,229.14551082257915,-192.52423464303178,-54.49201825064618,0.5122136964716087,0.3184991879425753,0.07773559983056873,3.630467310072946e-05,40.28938493151449,51.554223229916296,nan,0.483982409493671,nan
368.79,228.94357299804688,-192.04434204101562,-54.48367691040039,229.14372892054197,-192.51565065763228,-54.492679947776224,0.5121281676386864,0.31854691959022613,0.07775464774988428,3.703071031567817e-05,40.21695338603358,51.54353086152578,nan,nan,nan
368.8,228.94227600097656,-192.03564453125,-54.48422622680664,229.1643181534756,-192.51238307402969,-54.49366342642507,0.5259956429427318,0.3184856533029889,0.07774443866128831,3.6227583967938314e-05,39.41412448747865,50.073186479083134,7.95068940044898,0.09154627445958477,nan
368.81,228.9409942626953,-192.02696228027344,-54.48476791381836,229.1626315954007,-192.50379252425643,-54.494307710692574,0.5259098749310959,0.31853318594070623,0.07776348589379002,3.695160474583525e-05,39.335871575248675,50.8213178721781,nan,nan,nan
368.82,228.9397430419922,-192.0182647705078,-54.485294342041016,229.16095184635375,-192.49520496066017,-54.495400409736504,0.5258397215063836,0.3185807999328237,0.0777825948909973,3.617516466823745e-05,39.61689996899067,50.41313509997958,nan,0.13863771336294428,nan
368.83,228.9385223388672,-192.00958251953125,-54.485809326171875,229.15931630134344,-192.48661402153857,-54.496029769759865,0.5257504020354716,0.31862850059240416,0.07780176594638906,3.689816250713208e-05,39.54268298897985,51.08561940068108,nan,nan,nan
368.84000000000003,228.9372100830078,-192.00088500976562,-54.486419677734375,229.15773745449877,-192.47800866575542,-54.4945704034388,0.5256859699585803,0.3186762829863627,0.07782099906333821,3.6124980010473883e-05,38.46631084816795,49.36408297100573,nan,3.0060436504728116,nan
368.85,228.93582153320312,-191.99220275878906,-54.48712158203125,229.1677011370577,-192.4909675277472,-54.49539142379666,0.5500934790746271,0.31861494800911405,0.07781079138698976,3.682396949883229e-05,41.6784985242981,50.98491313091886,37.96739101680451,nan,nan
368.86,228.93434143066406,-191.98350524902344,-54.4879150390625,229.16592148178185,-192.4824447377234,-54.49498678219186,0.5501090282941947,0.3186625312407529,0.07783002333067944,3.6054881152730775e-05,41.12954368687754,49.87262460153693,nan,1.0262909815347303,nan
368.87,228.9327850341797,-191.97482299804688,-54.488800048828125,229.16400963534124,-192.473929510473,-54.49590393919303,0.5501114361534455,0.3187102008972751,0.07784931754137324,3.6775149278532406e-05,41.033389595912865,50.44883581773184,nan,nan,nan
368.88,228.93113708496094,-191.96612548828125,-54.48977279663086,229.16213085194508,-192.46539688194832,-54.49398790638718,0.5501343581981066,0.31875795241786814,0.0778686740522824,3.6009085456769855e-05,40.07524151419094,48.93533858922134,nan,5.695417790253863,nan
368.89,228.92941284179688,-191.9574432373047,-54.4908332824707,229.16005667242945,-192.45688145354742,-54.4950560261702,0.550139018809742,0.31880579056487157,0.07788809311261731,3.672854656987835e-05,39.98525195182351,49.53624194701381,nan,nan,nan
368.90000000000003,228.9276123046875,-191.94874572753906,-54.49197769165039,229.20112636873392,-192.47240255255642,-54.49748899028923,0.5908102809118457,0.3187443816976031,0.07787788333016192,3.594343894534862e-05,41.05737164880963,48.69701367620969,20.111346434970283,1.2217332089912751,nan
368.91,228.9257354736328,-191.94004821777344,-54.49321365356445,229.19896220944042,-192.46393414635517,-54.49874485152259,0.5908806220184244,0.31879202033280934,0.07789730069435293,3.666126240093124e-05,40.969812380639105,48.604290650598074,nan,nan,nan
368.92,228.9237823486328,-191.93136596679688,-54.494529724121094,229.19668903434635,-192.45547006798103,-54.500910035700024,0.590934747972259,0.31883974095308687,0.07791678059155198,3.590183900484523e-05,41.18916092060965,49.51443597829772,nan,0.4540461340714022,nan
368.93,228.9217529296875,-191.92266845703125,-54.495933532714844,229.19436987897382,-192.44700174027477,-54.502346003007524,0.5910046638820742,0.3188875479675239,0.07793632324698259,3.6618991313396354e-05,41.101346568330705,48.821202291354936,nan,nan,nan
368.94,228.9196319580078,-191.9139862060547,-54.49741744995117,229.1920216819128,-192.4385272544812,-54.50259593077997,0.5910721528181615,0.3189354373383398,0.07795592872948941,3.58622501545467e-05,40.64476482180031,49.19501287172864,nan,1.0849017990571026,nan
368.95,228.91744995117188,-191.90528869628906,-54.498985290527344,229.17462740887095,-192.42073083435778,-54.50430053079208,0.5760634463533373,0.3188739587142378,0.07794571350499892,3.655608051453697e-05,40.21762375222191,48.51967939330689,3.4837326753478273,nan,nan
368.96,228.91519165039062,-191.8966064453125,-54.500633239746094,229.1720764090672,-192.41223989398495,-54.505513835446266,0.5761002107659261,0.3189216484037768,0.07796531676034517,3.5802836505995996e-05,40.02930068439855,49.0541781522102,nan,0.14459947854112887,nan
368.97,228.91287231445312,-191.88790893554688,-54.50236129760742,229.1694348793637,-192.40375099878077,-54.50726741840142,0.5761436053069914,0.31896942426242836,0.07798498298124432,3.651793037415083e-05,39.94650903565035,48.28821774446923,nan,nan,nan
368.98,228.91046142578125,-191.8792266845703,-54.50416946411133,229.16678892036646,-192.39525411565825,-54.50718808321377,0.5761919872549669,0.31901728258571427,0.078004712255511,3.5767155066024255e-05,39.46071818391279,48.62797287707745,nan,2.474345647082711,nan
368.99,228.90798950195312,-191.8705291748047,-54.50605392456055,229.16400270708004,-192.3867654643367,-54.50908353560783,0.5762394002254843,0.319065227288695,0.07802450478020645,3.6481751734217476e-05,39.38014708316536,47.87798817701691,nan,nan,nan
369.0,228.9054412841797,-191.86184692382812,-54.507991790771484,229.18625434715034,-192.40084133872352,-54.51043762991962,0.6077638832248348,0.31900367456964984,0.07801428058036936,3.5711665995458e-05,41.43968922187377,49.03237876775536,21.621827001239918,0.2600653079394319,nan
369.01,228.90281677246094,-191.8531494140625,-54.50994110107422,229.18335876715184,-192.39241582286908,-54.512424779182375,0.607880119027795,0.3190514192461388,0.07803407031667306,3.642492999333303e-05,41.3667954976856,48.40341467692575,nan,nan,nan
369.02,228.900146484375,-191.84446716308594,-54.51186752319336,229.1804153252419,-192.38398828671896,-54.513774036154516,0.6079780430235877,0.3190992464863071,0.07805392332739583,3.567968664011106e-05,41.22369552200392,48.78072050554157,nan,0.2732704943126946,nan
369.03000000000003,228.8973846435547,-191.8357696533203,-54.513771057128906,229.1773813518693,-192.37556329457158,-54.51573106974567,0.6080947076334143,0.3191471598923816,0.07807383979494324,3.6392562725405695e-05,41.152653067670244,48.29174950434064,nan,nan,nan
369.04,228.89456176757812,-191.82708740234375,-54.51564407348633,229.17429265267293,-192.36713733990356,-54.51726151427112,0.6081989142122632,0.3191951562239308,0.07809381982892455,3.5649476826096155e-05,41.04336410164715,48.737263559740086,nan,0.10776360769400556,nan
369.05,228.8916778564453,-191.81838989257812,-54.517478942871094,229.14991472411904,-192.35114970301368,-54.519106112686714,0.5920489364257586,0.31913353270375144,0.07808358319942449,3.633955350563485e-05,41.553210527386376,48.729644151005566,4.642105098753214,nan,nan
369.06,228.8887176513672,-191.80970764160156,-54.519283294677734,229.14661290392527,-192.34272263596824,-54.521832081195164,0.5921329595829162,0.3191813288220447,0.0781035598713769,3.5599427351679186e-05,41.58655768369854,49.39943860721443,nan,0.5144198901520174,nan
369.07,228.88571166992188,-191.801025390625,-54.52104949951172,229.14327399176736,-192.3342936145914,-54.52366414174217,0.5922163326696552,0.3192292108999968,0.07812360020452165,3.6310781021892e-05,41.51805949267842,49.25349285240267,nan,nan,nan
369.08,228.88262939453125,-191.79232788085938,-54.52277755737305,229.13983286035784,-192.32586833294027,-54.52662455807074,0.5923122793377403,0.31927717598923605,0.07814370431947441,3.557262112905166e-05,41.67355482125454,48.96159811224101,nan,0.9227191634822398,nan
369.09000000000003,228.8794708251953,-191.7836456298828,-54.52447509765625,229.13636494734484,-192.3174404479694,-54.528400810492755,0.5924077219553692,0.3193252272583712,0.07816387238228643,3.628372387526487e-05,41.605896969812065,49.56256678995732,nan,nan,nan
369.1,228.8762664794922,-191.77496337890625,-54.52613830566406,229.1385174455462,-192.31068354828494,-54.5306960581336,0.5964833964017526,0.31926352936403235,0.0781536197609232,3.5525960513928664e-05,41.57288855184689,49.394277159734166,0.5935943954452043,0.15929453474231287,nan
369.11,228.8730010986328,-191.7662811279297,-54.52777099609375,229.1349338564591,-192.30225653974333,-54.532412931523034,0.5965735153824822,0.31931138007960425,0.07817378386258617,3.6235971062271054e-05,41.5083001562737,49.30836859609543,nan,nan,nan
369.12,228.86965942382812,-191.75759887695312,-54.52936935424805,229.13126484293582,-192.2938316807221,-54.534865627412316,0.596668437378028,0.31935931388299127,0.07819401195669458,3.550235161928871e-05,41.68874606324214,49.649948617099795,nan,0.404351003725309,nan
369.13,228.86627197265625,-191.7489013671875,-54.53093338012695,229.12755826796936,-192.2854056978491,-54.53652706196326,0.5967735870609334,0.3194073336715284,0.07821430420138446,3.6212197422922545e-05,41.63063483317128,48.93117577674809,nan,nan,nan
369.14,228.86280822753906,-191.74021911621094,-54.532466888427734,229.12379137354947,-192.27698033599307,-54.53815807683647,0.5968728501020946,0.31945543821391165,0.07823466073441455,3.693639279407815e-05,41.567797869847205,49.60234475023867,nan,nan,nan
369.15000000000003,228.8592987060547,-191.73153686523438,-54.533973693847656,229.09839774743793,-192.2572250001799,-54.53974499253541,0.5775375959203161,0.3193936685007629,0.07822438857777918,3.76509590414728e-05,41.36899944376353,49.73566453176824,4.577306692335474,nan,nan
369.16,228.85572814941406,-191.7228546142578,-54.53544616699219,229.09445929187908,-192.24878107713408,-54.541935502891114,0.5776100018322096,0.3194415708701364,0.07824474052963602,3.683170847814359e-05,41.5531987480557,50.002526562775174,nan,0.2439347202030825,nan
369.17,228.8520965576172,-191.71417236328125,-54.53689193725586,229.09048055462355,-192.24033681047325,-54.54348428014642,0.5776845285295281,0.31948955914016913,0.07826515683271315,3.7567599688165284e-05,41.49206806889411,49.9360990003393,nan,nan,nan
369.18,228.84841918945312,-191.7054901123047,-54.538307189941406,229.0864176820065,-192.2318948612664,-54.546246906143615,0.577761439766008,0.31953763081908954,0.07828563762408478,3.675329655589217e-05,41.97616997992448,50.51014539134189,nan,0.9856614464726011,nan
369.19,228.8447723388672,-191.69680786132812,-54.539695739746094,229.08237941385542,-192.22345154536654,-54.54775241787853,0.5778196968644729,0.3195857886201254,0.07830618305454509,3.748743396356459e-05,41.92213228273833,50.371318796701026,nan,nan,nan
369.2,228.84117126464844,-191.68812561035156,-54.541053771972656,229.10742677270648,-192.21822643809702,-54.54795055538382,0.5932507469604088,0.319523944096501,0.07829588776366757,3.665510762299468e-05,39.49413488472624,48.46184228881426,17.69901449627279,1.0220464823705124,nan
369.21,228.83761596679688,-191.67945861816406,-54.54238510131836,229.10352813218094,-192.20976428253104,-54.549390016714945,0.5932810853201521,0.31957190080491654,0.07831642798218437,3.7386677862147874e-05,39.433791608614285,49.18628689027228,nan,nan,nan
369.22,228.83412170410156,-191.6707763671875,-54.54369354248047,229.09971172391968,-192.20130210516842,-54.55001986323385,0.5933259134922959,0.3196199409919295,0.07833703289039652,3.6582794028824425e-05,39.14322496118681,48.21200872472444,nan,0.39634805576006077,nan
369.23,228.83070373535156,-191.66209411621094,-54.54497146606445,229.0959387431069,-192.19284112349857,-54.55140055294829,0.5933660996736405,0.3196680671096926,0.07835770263564384,3.731283307810772e-05,39.08589883894751,48.13997648342232,nan,nan,nan
369.24,228.8273468017578,-191.65341186523438,-54.546226501464844,229.09229392283132,-192.18437876745085,-54.5504287208795,0.5934142624360396,0.31971627705509414,0.07837843736016355,3.651340315653605e-05,38.39033080835265,47.481289875075234,nan,3.5093972104818674,nan
369.25,228.82406616210938,-191.64474487304688,-54.54745864868164,229.08339468581732,-192.1743653196526,-54.55185218207897,0.5897189193226714,0.3196543598187219,0.07836811532633411,3.7218533763399624e-05,38.610081829166525,48.22787520658051,0.8736636463704505,nan,nan
369.26,228.8208465576172,-191.6360626220703,-54.54866027832031,229.07979634454966,-192.16590534231926,-54.55366020066836,0.589756983491225,0.31970236845787364,0.07838884418547941,3.642439579959754e-05,38.70739809315474,47.80134686741326,nan,0.1765980000768129,nan
369.27,228.81768798828125,-191.62738037109375,-54.549842834472656,229.07627602643984,-192.1574453633899,-54.55492925276419,0.5897987293879797,0.31975046284592257,0.07840963807684409,3.71507552310442e-05,38.64685229489515,47.73000674201068,nan,nan,nan
369.28000000000003,228.81459045410156,-191.61871337890625,-54.551002502441406,229.0728340389375,-192.14898532306267,-54.555590032009256,0.5898297460249691,0.319798641115303,0.07843049714436032,3.636075777469762e-05,38.4556056088809,48.25889827426402,nan,0.22393616445546716,nan
369.29,228.81155395507812,-191.6100311279297,-54.5521354675293,229.0694395549294,-192.14052567063217,-54.556808173494694,0.5898739497797906,0.31984690536738186,0.07845142153283872,3.708587852283476e-05,38.39465235854446,47.60697644978101,nan,nan,nan
369.3,228.80857849121094,-191.60134887695312,-54.553245544433594,229.06760717080488,-192.13329086983245,-54.558219375555645,0.5916780202412781,0.3197849129344603,0.07844106911805569,3.62775922387054e-05,38.59729876360788,47.694212328548446,0.7086842995993171,0.07630383475518109,nan
369.31,228.8056640625,-191.59268188476562,-54.55433654785156,229.06433593823607,-192.12483454768136,-54.55939501983499,0.5917120787037657,0.31983297554355106,0.07846198696831405,3.7000657486860825e-05,38.533709245913194,48.28034135013503,nan,nan,nan
369.32,228.8028106689453,-191.58399963378906,-54.55540466308594,229.06108939301475,-192.11637825862775,-54.561973279182006,0.5917584356893324,0.3198811220772769,0.07848297018757806,3.6219453869211007e-05,38.96323007698379,48.060644806500825,nan,1.3341560728709922,nan
369.33,228.8000030517578,-191.5753173828125,-54.55644989013672,229.05793450975776,-192.10792221082758,-54.56312178260835,0.5918116710576978,0.3199293544253098,0.07850401892036649,3.6941462649082325e-05,38.90582429741185,48.1690770504016,nan,nan,nan
369.34000000000003,228.79725646972656,-191.566650390625,-54.55747604370117,229.05483849337094,-192.09946637748592,-54.564145796745244,0.5918495251032827,0.31997767103560865,0.07852513331106785,3.616394465184039e-05,38.85744750230904,48.75159747536171,nan,0.007214775963344573,nan
369.35,228.79457092285156,-191.55796813964844,-54.5584831237793,229.01400613788215,-192.08188309876263,-54.56517183231479,0.5680523187181087,0.3199156049098019,0.07851474685911651,3.6861983871565245e-05,40.475550308372064,49.44501055566073,18.704083403627997,nan,nan
369.36,228.79193115234375,-191.54930114746094,-54.55946731567383,229.01095971352643,-192.0734331542482,-54.56570667231552,0.5680904863874182,0.31996371964605475,0.07853585402075411,3.6088960553169635e-05,40.2694295400521,50.035366387958334,nan,0.202190068027793,nan
369.37,228.7893524169922,-191.54061889648438,-54.56043243408203,229.00795387424623,-192.06498278915805,-54.56676931637967,0.5681410433428783,0.32001192003635254,0.0785570268854593,3.680819615452926e-05,40.214010866714275,49.298705978595876,nan,nan,nan
369.38,228.7868194580078,-191.5319366455078,-54.561378479003906,229.00500779882495,-192.0565324631454,-54.5674698012884,0.5681936537471701,0.32006020471823526,0.078578265596835,3.6038573599048735e-05,40.084338503893854,49.24470932434526,nan,0.07856955986484428,nan
369.39,228.7843475341797,-191.5232696533203,-54.56230545043945,229.00210521774866,-192.04808198934313,-54.56849243593801,0.5682294216112135,0.3201085752987264,0.07859957030056282,3.6756988791494916e-05,40.02592031731242,49.8151933697946,nan,nan,nan
369.40000000000003,228.7819061279297,-191.51458740234375,-54.56321716308594,228.99264888225966,-192.03269182646977,-54.56942835623515,0.5593597069166464,0.3200464335195347,0.07858914613599169,3.596873958495719e-05,39.377765888832116,49.08782742344095,1.9627537125358636,0.005304785641546327,nan
369.41,228.77952575683594,-191.5059051513672,-54.56410598754883,228.98983725770694,-192.0242219129789,-54.57041555644714,0.5593952121943397,0.32009460189573347,0.07861044290232097,3.66855115677479e-05,39.32158442556726,49.06060079510399,nan,nan,nan
369.42,228.77719116210938,-191.4972381591797,-54.564979553222656,228.98705533915364,-192.01575106734862,-54.57225795749694,0.5594207574921118,0.32014285458379266,0.07863180570030974,3.5923209266268805e-05,39.639290793832316,50.075548397660334,nan,0.5094420304743099,nan
369.43,228.77490234375,-191.48855590820312,-54.56583786010742,228.98433868802925,-192.00728097679203,-54.57321999943282,0.5594584659013072,0.3201911930216941,0.07865323467724096,3.663930744487142e-05,39.58287526482057,49.34752440713363,nan,nan,nan
369.44,228.7726593017578,-191.47988891601562,-54.566673278808594,228.9817013020049,-191.99881255054336,-54.5725307057574,0.5594770824522114,0.32023961609921836,0.07867472997434813,3.587999503372714e-05,38.97979167270181,49.56457488173663,nan,1.7947300031315458,nan
369.45,228.7704620361328,-191.47120666503906,-54.56749725341797,228.97688529807473,-191.9917605298251,-54.573521802154,0.5600206999762435,0.32017739969191517,0.07866426440858501,3.657283992032926e-05,39.48286591049499,49.10367075948038,0.8236905812151931,nan,nan
369.46,228.768310546875,-191.4625244140625,-54.568302154541016,228.97431318962975,-191.98329838852578,-54.5736985909412,0.5600640524315473,0.32022562031864776,0.07868575104163171,3.581730919858575e-05,39.235227798733206,48.93425444072161,nan,0.35239447355756753,nan
369.47,228.7661895751953,-191.45384216308594,-54.569091796875,228.97177044882235,-191.974834984208,-54.574576402044016,0.5601134672152108,0.32027392655329334,0.07870730403701248,3.653135929590189e-05,39.17610986585411,48.99781370991465,nan,nan,nan
369.48,228.76412963867188,-191.44517517089844,-54.56986618041992,228.96923941324627,-191.9663690022565,-54.57707005572241,0.5601472353685494,0.32032231743575834,0.07872892353378108,3.577856453613971e-05,39.73243380104633,50.160106154394164,nan,1.7952349067184017,nan
369.49,228.76210021972656,-191.43649291992188,-54.57062530517578,228.9667811871167,-191.95790522341437,-54.57793445105755,0.560195066256959,0.3203707941799592,0.07875060968246587,3.649212751715694e-05,39.677033387878275,49.517383358382716,nan,nan,nan
369.5,228.76010131835938,-191.4278106689453,-54.57136535644531,228.957559330477,-191.95347867746736,-54.577735419740364,0.5615666473708761,0.32030850160276425,0.07874009900660171,3.5720333379316087e-05,40.691010636830356,50.087073637452825,4.941904626546241,0.6656922542496081,nan
369.51,228.75816345214844,-191.4191436767578,-54.57209396362305,228.95516503214503,-191.94503661228592,-54.57856080567666,0.5616180394232981,0.32035677557094155,0.07876177574844265,3.6432579125565394e-05,40.63405198128596,50.585128896564754,nan,nan,nan
369.52,228.75625610351562,-191.41046142578125,-54.57280731201172,228.95279835398298,-191.93659306902975,-54.58002728662055,0.5616898523914227,0.32040513418734207,0.07878351916930909,3.568579301658455e-05,40.88001765541597,50.26913383036148,nan,0.29084922862736734,nan
369.53000000000003,228.75437927246094,-191.4017791748047,-54.573509216308594,228.9504819037612,-191.92815033960616,-54.580832171365216,0.5617619342818666,0.3204535785332121,0.07880532942229927,3.6397667430664356e-05,40.82494322150642,50.25834392988284,nan,nan,nan
369.54,228.75254821777344,-191.39309692382812,-54.574195861816406,228.9482137374813,-191.9197084135551,-54.58101663176271,0.5618284254269005,0.32050210784664895,0.07882720664264299,3.565325285058787e-05,40.5894462299964,50.04512571781075,nan,0.25071891201337954,nan
369.55,228.75074768066406,-191.38441467285156,-54.574867248535156,228.9380095460612,-191.90365868759358,-54.58174265841571,0.5520223042037795,0.3204397397460206,0.0788166471479754,3.634240891588375e-05,39.922917891025286,49.98994381106243,2.1566513526444506,nan,nan
369.56,228.7489776611328,-191.37574768066406,-54.575523376464844,228.9357984733266,-191.8951951014194,-54.58221791069428,0.5520620033897206,0.3204880660233437,0.07883851420052826,3.5601149166811126e-05,39.809427877574315,50.67792985024897,nan,0.055026279481604094,nan
369.57,228.74725341796875,-191.3670654296875,-54.576171875,228.93361821484555,-191.88673059016017,-54.582962015013635,0.5521139579157748,0.3205364779035131,0.07886044826209453,3.631154398070335e-05,39.75221971518063,49.83741959963927,nan,nan,nan
369.58,228.7455596923828,-191.35838317871094,-54.57680130004883,228.93145777427898,-191.87826371763023,-54.58461905460461,0.5521729700791108,0.3205849747413397,0.07888244946511234,3.5572433496365226e-05,40.13206739390232,50.37651397761895,nan,0.5845326774942219,nan
369.59000000000003,228.74391174316406,-191.34970092773438,-54.577423095703125,228.9293462721913,-191.86979844799797,-54.58534849777141,0.5522229686800766,0.32063355744368965,0.07890451796684801,3.628260126996009e-05,40.07758980151223,50.23297319598699,nan,nan,nan
369.6,228.74227905273438,-191.3410186767578,-54.57802963256836,228.9201650854038,-191.85306211598188,-54.58661605684447,0.5421306585622435,0.32057111260744603,0.07889390591709687,3.5524111455747844e-05,39.58221392684693,50.52938915126637,2.892004066874144,0.25723221879092883,nan
369.61,228.74069213867188,-191.33233642578125,-54.5786247253418,228.9181119913769,-191.84457243987845,-54.587327439071075,0.5421616691525761,0.3206194919521288,0.07891596347494564,3.6233214292950515e-05,39.52810823231903,50.449589905583856,nan,nan,nan
369.62,228.7391357421875,-191.3236541748047,-54.57920837402344,228.91607300931543,-191.83607945475373,-54.589215704412695,0.5422053215259629,0.3206679562379146,0.07893808834491596,3.549896500741152e-05,40.18977122988677,51.16647221256762,nan,0.9680769295223658,nan
369.63,228.7375946044922,-191.31497192382812,-54.57978057861328,228.91408331619147,-191.82758881456027,-54.58991709369441,0.5422426495206321,0.3207165062695757,0.07896028068715676,3.620793039757791e-05,40.135875649198844,51.23831355501078,nan,nan,nan
369.64,228.73609924316406,-191.30628967285156,-54.58034133911133,228.9121098762993,-191.8190952016408,-54.5916128555607,0.5422880234861824,0.3207651415546087,0.07898254062980127,3.5475512667534796e-05,40.810024672822784,51.89393563795333,nan,0.693601507367964,nan
369.65000000000003,228.73463439941406,-191.297607421875,-54.58089065551758,228.94174969528768,-191.83024343893482,-54.59235245459071,0.5716023489211305,0.32070262033498975,0.0789718723061732,3.61621490816188e-05,41.703002832063326,51.55799055735166,12.014207340156796,nan,nan
369.66,228.73318481445312,-191.28892517089844,-54.58142852783203,228.9399177079025,-191.82179558687454,-54.59169995902807,0.5716597517363958,0.32075105199038345,0.07899412051118372,3.5432344109052026e-05,40.9782942780575,50.9787542979254,nan,1.2254154193956088,nan
369.67,228.73178100585938,-191.28024291992188,-54.58195877075195,228.93809576911195,-191.81334412647027,-54.592358403770824,0.5717261847477766,0.3207995692775585,0.07901643635862804,3.614026553386196e-05,40.925262917059285,50.79954498859314,nan,nan,nan
369.68,228.73028564453125,-191.2715606689453,-54.582576751708984,228.93625752102952,-191.80489442343548,-54.592251827878115,0.5718067109484459,0.32084817179285285,0.07903881997378001,3.541210104529102e-05,40.50271356014617,50.56202065895318,nan,0.449225141069496,nan
369.69,228.7287139892578,-191.26287841796875,-54.583290100097656,228.93432606622164,-191.79644219008182,-54.59303800182465,0.5718930378077592,0.3208968602081641,0.07906127152107123,3.6119993586148576e-05,40.417183364351125,50.44088937793387,nan,nan,nan
369.7,228.72705078125,-191.2541961669922,-54.5840950012207,228.93355274407546,-191.7916855919739,-54.59363048257666,0.575872267106717,0.3208342616477499,0.07905054316740118,3.5372082592226847e-05,40.91980479782326,50.68450384595169,0.9831717780647143,0.08464890583851611,nan
369.71,228.72531127929688,-191.24551391601562,-54.58498764038086,228.93145866402267,-191.78324491212314,-54.59459814057912,0.5759719872685858,0.32088274611435613,0.07907298216885987,3.607910073422752e-05,40.83670298858393,50.654662936685035,nan,nan,nan
369.72,228.72349548339844,-191.23681640625,-54.58597183227539,228.95477544158925,-191.74052514770236,-54.594590740741396,0.5543349175899043,0.3204946177873512,0.07830476928655296,3.535389415556456e-05,44.82117618837829,53.95479352115291,nan,0.8406998515317937,1.486298190270267
369.73,228.7216033935547,-191.22813415527344,-54.587039947509766,228.95255809695243,-191.73201209945466,-54.59572770344924,0.5543541600431103,0.3205420648136308,0.07832403022058912,3.6060930670908236e-05,44.72272757066329,54.632838283883814,nan,nan,nan
369.74,228.71961975097656,-191.21945190429688,-54.58819580078125,228.95027005967268,-191.7234937661369,-54.5967097158891,0.5543737458964232,0.32058959461401687,0.0783433518266919,3.533806166599912e-05,44.58914893417787,54.653048401137276,nan,0.04094978316051527,nan
369.75,228.7175750732422,-191.2107696533203,-54.589439392089844,228.94896430137823,-191.71380330551432,-54.59811705245302,0.5537681210817486,0.32052747140588433,0.07833289896877933,3.6023045186193184e-05,44.25321389482373,54.387754655007335,0.857754948887901,nan,nan
369.76,228.7154541015625,-191.20208740234375,-54.59076690673828,228.94654246767712,-191.70526713394054,-54.59872924666981,0.5537644572383867,0.32057480226173873,0.0783522178866554,3.5302326329765614e-05,43.86801935680057,54.08405260204737,nan,0.4288867930895495,nan
369.77,228.7132568359375,-191.1934051513672,-54.59217834472656,228.94402249028133,-191.6967469223408,-54.600205333059485,0.5537780766455794,0.3206222181597878,0.07837159879169316,3.6008646103898015e-05,43.7706703573605,54.042388895908275,nan,nan,nan
369.78000000000003,228.7109832763672,-191.18470764160156,-54.59367370605469,228.94144980279614,-191.68821121948253,-54.60098984687321,0.5537907534977772,0.32066971690797563,0.07839104065307594,3.528913261362839e-05,43.41032628134586,53.050913751831516,nan,0.41817597355322395,nan
369.79,228.70863342285156,-191.176025390625,-54.59524917602539,228.93878158910988,-191.67969108809072,-54.602626126591765,0.5538065841386823,0.320717300925926,0.0784105447666456,3.599557131906705e-05,43.314076224412474,53.73891251163631,nan,nan,nan
369.8,228.70620727539062,-191.16734313964844,-54.59690856933594,228.96976913992364,-191.68735919608605,-54.60628501157985,0.5830690122602978,0.3206551202697464,0.07840009046870466,3.52559694417171e-05,44.302336708056615,54.098508754321344,11.02629093244442,2.3189768376851054,nan
369.81,228.70372009277344,-191.15866088867188,-54.5986442565918,228.96701172059,-191.67886508005066,-54.60810544944808,0.5831161086581362,0.3207025050558246,0.07841959139536445,3.59616745021802e-05,44.207589123717334,53.98858432332612,nan,nan,nan
369.82,228.70115661621094,-191.1499786376953,-54.600460052490234,228.96414837635965,-191.67039641072694,-54.611326777109625,0.5831958591221861,0.32074997275757056,0.07843915355657059,3.524519788880027e-05,44.97810779292164,54.85812633208584,nan,1.2136215648417918,nan
369.83,228.6985321044922,-191.1412811279297,-54.60235595703125,228.96125010910853,-191.66190245116888,-54.61332060307809,0.5832559777866487,0.3207975255556449,0.07845877814908916,3.595107173239948e-05,44.88520177904893,54.017188050876285,nan,nan,nan
369.84000000000003,228.69583129882812,-191.13259887695312,-54.60430145263672,228.95831084329646,-191.65338792627745,-54.614281607332025,0.5832806774171221,0.32084516161323096,0.07847846428761403,3.523557118170412e-05,44.27733157305668,54.24278173289336,nan,0.841420731559869,nan
369.85,228.6930694580078,-191.12391662597656,-54.60625457763672,228.97267100608096,-191.64852380938842,-54.61636329901718,0.5945518554509537,0.32078292527269725,0.07846800634607011,3.5919577357357134e-05,43.32361283358853,53.46755901651181,5.329797369145035,nan,nan
369.86,228.6902313232422,-191.115234375,-54.608192443847656,228.96958689695347,-191.6400342946016,-54.61899547545653,0.5946185312192642,0.3208303619302919,0.07848768883052495,3.5205841807123e-05,43.7015913513201,53.95533236882921,nan,0.2160295524661249,nan
369.87,228.6873321533203,-191.10655212402344,-54.610103607177734,228.96644981100488,-191.63153502739436,-54.62105593362848,0.5946710595932589,0.3208778835191735,0.07850743392444529,3.591123342105414e-05,43.63551169562583,53.833054017881196,nan,nan,nan
369.88,228.68435668945312,-191.09786987304688,-54.61198043823242,228.96330372588284,-191.62299431370565,-54.62074869175855,0.5946797538003172,0.32092548841864377,0.07852724083527059,3.519834051586607e-05,42.38720541127514,52.75827370973081,nan,3.818194284055797,nan
369.89,228.6813201904297,-191.0891876220703,-54.61382293701172,228.96003510572052,-191.61449586374897,-54.622724459959834,0.5947352267117665,0.32097317848796036,0.07854711062337941,3.5903955986761085e-05,42.31808609844363,52.65257048961979,nan,nan,nan
369.90000000000003,228.67823791503906,-191.08050537109375,-54.615631103515625,228.97968307709434,-191.61177630580153,-54.62590213990569,0.6109201960815596,0.3209108841801589,0.07853664470721931,3.517066932519888e-05,42.05825066571645,52.42847260186279,8.40455416460729,1.2845915514392034,nan
369.91,228.67506408691406,-191.0718231201172,-54.61740493774414,228.97632944123143,-191.6032743224278,-54.62782066866326,0.6109907377366299,0.32095837456675896,0.07855651030421418,3.587564985966671e-05,41.98901793094688,52.771965135818455,nan,nan,nan
369.92,228.67184448242188,-191.06314086914062,-54.619140625,228.97290934254818,-191.5947750669281,-54.62984474216836,0.6110560926660903,0.3210059483054584,0.07857643798283526,3.516510145108121e-05,42.131377773040164,52.727085588021446,nan,0.013658945219689632,nan
369.93,228.66856384277344,-191.05445861816406,-54.620845794677734,228.96943005872083,-191.58627386169897,-54.63169655446979,0.6111183781745253,0.32105360706109665,0.07859642871714327,3.5870341465782686e-05,42.06381298601335,52.594528225202744,nan,nan,nan
369.94,228.66522216796875,-191.0457763671875,-54.62251281738281,228.9658939257364,-191.57776958028833,-54.633300386239064,0.6111764527092501,0.32110134950230446,0.078616481841629,3.516044601857225e-05,41.999776410041264,52.597658296952616,nan,0.03217836218864863,nan
369.95,228.66180419921875,-191.037109375,-54.624149322509766,228.96155775377068,-191.56855635582116,-54.635120543782506,0.6102527792535279,0.32103899843571293,0.07860600544122476,3.584393666398137e-05,41.956747765566845,53.515540942379175,0.08504975639796972,nan,nan
369.96,228.65834045410156,-191.02842712402344,-54.625755310058594,228.95787139675897,-191.56007145815084,-54.637943768910304,0.6103384652372743,0.3210865410076843,0.07862605386263999,3.5135490247368114e-05,42.735730429838945,53.338375218827544,nan,0.8038278187012265,nan
369.97,228.65481567382812,-191.01974487304688,-54.62732696533203,228.95414860267874,-191.55156968383614,-54.63967528198546,0.6104017632588347,0.3211341684511048,0.07864616551723955,3.584041068767762e-05,42.67099987802785,53.33375418998231,nan,nan,nan
369.98,228.65122985839844,-191.0110626220703,-54.62886428833008,228.9503937958758,-191.5430482635291,-54.64010359149401,0.6104376349316087,0.3211818796086003,0.07866633981935996,3.5132509120833926e-05,41.92107800268843,52.682013685383176,nan,1.1347544008002748,nan
369.99,228.6475830078125,-191.0023956298828,-54.630374908447266,228.9465540998811,-191.53454727718147,-54.64176180195592,0.6104905822034823,0.3212296758859964,0.07868657762540399,3.5837725290661205e-05,41.849330799569614,53.362795515984274,nan,nan,nan
370.0,228.64389038085938,-190.99371337890625,-54.63185501098633,228.98005932525615,-191.54051687616192,-54.64126343431016,0.6419440335553482,0.3211672662469306,0.07867608655075597,3.510916452426757e-05,40.12956605761877,50.72662004051517,13.399168635837528,3.1756216542223332,nan
370.01,228.64013671875,-190.9850311279297,-54.633304595947266,228.97616993080416,-191.5320316671613,-54.64284224047472,0.6420427370403392,0.3212148623759433,0.0786963190795393,3.5813812371544245e-05,40.05754110447284,50.74958320141871,nan,nan,nan
370.02,228.63632202148438,-190.9763641357422,-54.63472366333008,228.9722777811581,-191.52350630846064,-54.64167359116344,0.6420896597220013,0.3212625422390029,0.07871661450703689,3.5107691468666336e-05,38.79941871203891,50.345561418025454,nan,5.188606849753387,nan
370.03000000000003,228.6324462890625,-190.96768188476562,-54.63611602783203,228.9682764608676,-191.51502214241776,-54.64316970353758,0.6421939086306492,0.32131030708711883,0.07873697361623136,3.5812659598684335e-05,38.72155374638293,49.63906899804816,nan,nan,nan
370.04,228.62852478027344,-190.95901489257812,-54.637481689453125,228.96421242048788,-191.50654448638534,-54.64504832382222,0.6422866196980201,0.32135815599355244,0.07875739592974486,3.510692954912718e-05,38.86986245703752,50.35955651706566,nan,0.11766009132561892,nan
370.05,228.62460327148438,-190.95033264160156,-54.63882064819336,228.96775377697193,-191.49814114591433,-54.64648619146523,0.6464558665271839,0.3212956885416845,0.07874688740603553,3.579021749755251e-05,38.201493641227344,49.32643441069812,1.8883249797206187,nan,nan
370.06,228.6207275390625,-190.94166564941406,-54.64012908935547,228.96370995874227,-191.48964899565934,-54.64782036488182,0.6465151534889041,0.3213433370964264,0.07876730388678993,3.508568230706292e-05,38.15681566867895,49.962582370625114,nan,0.00528040182834441,nan
370.07,228.61691284179688,-190.9329833984375,-54.641414642333984,228.9597134497672,-191.4811587339068,-54.64921495456702,0.6465827867432268,0.32139107050775395,0.07878778422606268,3.579043768156315e-05,38.08609205787871,49.06355573103253,nan,nan,nan
370.08,228.6131591796875,-190.92431640625,-54.64267349243164,228.9557839571179,-191.47266563298936,-54.65033047589729,0.646635323788201,0.32143888798591574,0.07880832801356825,3.5086207742217664e-05,37.96955257280415,49.81595327294256,nan,0.045319742167851694,nan
370.09000000000003,228.60946655273438,-190.9156494140625,-54.6439094543457,228.95191840138963,-191.46417650229773,-54.651672811878,0.6466958364605426,0.32148679057780244,0.07882893593323687,3.579130519474846e-05,37.894486381598085,49.916663244921,nan,nan,nan
370.1,228.60585021972656,-190.906982421875,-54.645118713378906,228.9475972736004,-191.44937350043986,-54.652794825829446,0.6411224950355046,0.3214242638724035,0.07881840588925765,3.506619190776341e-05,36.755487438099124,49.421131459041234,4.35806075816296,0.015384284158918226,nan
370.11,228.60231018066406,-190.89830017089844,-54.64630126953125,228.94387853197458,-191.440860581401,-54.65408715432968,0.6411718628135507,0.3214719658359099,0.07883900736593696,3.577076311650341e-05,36.6846891265542,48.516530086543,nan,nan,nan
370.12,228.5988311767578,-190.88963317871094,-54.647464752197266,228.94020261680544,-191.43236966513376,-54.65701937499817,0.641239927477734,0.32151975186730314,0.07885967252874593,3.506786402663375e-05,37.50471426209706,50.257475012732606,nan,1.9443763849281503,nan
370.13,228.59542846679688,-190.88096618652344,-54.64860153198242,228.93662378102653,-191.4238575494376,-54.65828323538277,0.6412791979783835,0.32156762289304014,0.07888040200068754,3.577279350446627e-05,37.434004344343094,50.096722662359014,nan,nan,nan
370.14,228.5920867919922,-190.87229919433594,-54.64971923828125,228.93313683285385,-191.41532735273222,-54.65806375754637,0.641298949153017,0.3216155783029717,0.07890119546150752,3.5070077091392936e-05,36.710998578701776,49.491865540663056,nan,1.5019719143460037,nan
370.15000000000003,228.5888214111328,-190.86361694335938,-54.650814056396484,228.92061104763155,-191.39527613897627,-54.65943392230797,0.6267536719160914,0.321552992748706,0.07889064089775889,3.5753360907887046e-05,35.4866446805197,48.25543723396489,8.179496317713742,nan,nan
370.16,228.5856170654297,-190.85494995117188,-54.65188217163086,228.9172525424412,-191.3867082035088,-54.658897623982746,0.6267361048421876,0.3216007473118025,0.0789114273179631,3.505163921187854e-05,34.72361163663042,48.48160129839369,nan,2.0935035385095615,nan
370.17,228.5824737548828,-190.84628295898438,-54.65293502807617,228.9139323293767,-191.3781612389769,-54.66004804819685,0.6267454717734857,0.32164858675517694,0.07893227822318323,3.5756420625295046e-05,34.64532921903888,48.4263964971619,nan,nan,nan
370.18,228.5793914794922,-190.83761596679688,-54.65396499633789,228.9106701274781,-191.36961860311024,-54.661535396612656,0.6267612453048397,0.321696510573914,0.07895319334813587,3.505481557954086e-05,34.77604810071522,48.634483884251054,nan,0.08973344415020905,nan
370.19,228.57638549804688,-190.82894897460938,-54.654972076416016,228.90747514912206,-191.3610719114375,-54.662649669298126,0.626764806271179,0.32174451953751637,0.07897417323452173,3.575996630929416e-05,34.70171114226645,48.31393366771624,nan,nan,nan
370.2,228.57342529296875,-190.82028198242188,-54.65596008300781,228.90833375155356,-191.34833751967702,-54.66073176968738,0.6253231924782858,0.3216818739830898,0.07896359017712311,3.503729398870275e-05,32.63983302870533,47.24798448580556,4.424039546378407,5.95116453093637,nan
370.21,228.57052612304688,-190.81161499023438,-54.65692901611328,228.90527181638663,-191.33977044894888,-54.66177692221239,0.6253210135386398,0.32172968182449396,0.078984562377646,3.574194239275517e-05,32.55793041119765,47.14850432784349,nan,nan,nan
370.22,228.56768798828125,-190.8029327392578,-54.65787887573242,228.90227195569395,-191.33120031218786,-54.66253204154736,0.6253276835476949,0.32177757402602103,0.07900559902295147,3.504131730192053e-05,32.43167086133819,46.16142605238517,nan,0.05192412557071476,nan
370.23,228.5648956298828,-190.7942657470703,-54.658809661865234,228.8993254727945,-191.3226331157928,-54.66353778540904,0.6253301138701823,0.3218255512658907,0.0790267006054766,3.574634511604217e-05,32.34917819525473,47.16840872389827,nan,nan,nan
370.24,228.56216430664062,-190.7855987548828,-54.659725189208984,228.89642532285907,-191.31407384679594,-54.665261235042884,0.6253375069028312,0.3218736131754626,0.07904786693286758,3.5045741146356744e-05,32.508926145238625,47.20541170432628,nan,0.3809907228742464,nan
370.25,228.5594940185547,-190.7769317626953,-54.66061782836914,228.90510368027617,-191.30881191069238,-54.66613645682381,0.6343287675713951,0.32181090775133214,0.07903725219653866,3.572913452468406e-05,32.11184285225975,46.87663155755962,2.029898450439775,nan,nan
370.26,228.55686950683594,-190.7682647705078,-54.661495208740234,228.902340051234,-191.30024747903147,-54.66733665280301,0.6343418807580045,0.3218587683067156,0.07905841019984737,3.5029371346329195e-05,32.14420275868013,47.08262530183981,nan,0.04113636745228801,nan
370.27,228.55430603027344,-190.7595977783203,-54.662353515625,228.8996322642136,-191.29168044418404,-54.668281098349354,0.6343479387504185,0.32190671379820773,0.07907963331487729,3.5734285106234046e-05,32.064827728825236,46.86494388154668,nan,nan,nan
370.28000000000003,228.55178833007812,-190.75091552734375,-54.66319274902344,228.8969761918877,-191.28311328217094,-54.669209134456615,0.6343700080216951,0.3219547441441613,0.07910092153493359,3.645352799161395e-05,31.988242796162876,46.12440624419481,nan,nan,nan
370.29,228.54931640625,-190.74224853515625,-54.66402053833008,228.8943708937695,-191.27454592687963,-54.67012115413397,0.6343818488150758,0.32200285948907653,0.07912227500451646,3.718724450266891e-05,31.907032907336603,46.97405709172906,nan,nan,nan
370.3,228.54690551757812,-190.73358154296875,-54.66482925415039,228.8714321599734,-191.25899497340993,-54.67158072675763,0.6175940389079932,0.32194009324673767,0.07911162468208759,3.637844987829938e-05,32.571026350103274,47.19476928972927,4.266650272684897,0.17700795845453196,nan
370.31,228.54454040527344,-190.72491455078125,-54.665618896484375,228.86888936180102,-191.25042221547656,-54.67246799395381,0.6175819471051595,0.3219880069623074,0.07913296914823922,3.710991214080515e-05,32.4944999975504,47.24845668781311,nan,nan,nan
370.32,228.54220581054688,-190.71624755859375,-54.66639709472656,228.86636844598232,-191.241871103261,-54.675677742758424,0.6176144876449203,0.32203600528067794,0.07915437878050943,3.6327927279115844e-05,33.51253282342826,48.58952723791763,nan,3.575848599933943,nan
370.33,228.53993225097656,-190.7075653076172,-54.66715621948242,228.86392039567764,-191.2332982649598,-54.6765585302204,0.6176178946486917,0.3220840887240794,0.07917585398740941,3.705814167806012e-05,33.44224713149194,47.44840618566111,nan,nan,nan
370.34000000000003,228.53770446777344,-190.6988983154297,-54.667903900146484,228.86153197105892,-191.22471370054177,-54.67613806779574,0.617587137674964,0.3221322570757092,0.07919739465898108,3.627908738275874e-05,32.83830023965934,47.67322433107699,nan,1.0867862113587299,nan
370.35,228.5355224609375,-190.6902313232422,-54.66863250732422,228.82458185185934,-191.1950820903569,-54.676990913512284,0.5818070913029608,0.32206942997125804,0.07918670543757021,3.698461903076115e-05,32.052103927746785,47.898473899717025,13.890218896687687,nan,nan
370.36,228.5333709716797,-190.6815643310547,-54.669349670410156,228.82221000180428,-191.18647037312252,-54.67843641650011,0.5817565346383483,0.3221173964508491,0.07920823642937323,3.6209401938564875e-05,32.35481626016632,48.45152396693064,nan,0.2526961418213987,nan
370.37,228.53128051757812,-190.67288208007812,-54.67005157470703,228.8198877223368,-191.17785312148462,-54.67925525439535,0.581699732695124,0.3221654479599507,0.07922983316664971,3.6936414677329435e-05,32.283237617583325,47.20937913796122,nan,nan,nan
370.38,228.5292205810547,-190.66421508789062,-54.67074203491211,228.81760758044,-191.16923567465113,-54.68006084928865,0.5816353623773091,0.3222135844864379,0.07925149568128391,3.767795649584288e-05,32.20689805521797,48.21762688281681,nan,nan,nan
370.39,228.52720642089844,-190.65554809570312,-54.671417236328125,228.81536888822117,-191.16061798088538,-54.680853632813005,0.5815687767325195,0.32226180617481076,0.07927322411777607,3.843417189430523e-05,32.131610723239966,48.1120416873982,nan,nan,nan
370.40000000000003,228.5252227783203,-190.64686584472656,-54.67207717895508,228.81630505327678,-191.14561054947356,-54.67908316228523,0.5775155886289333,0.3221989173996348,0.07926249213574862,3.7544540335129665e-05,29.856103433518502,46.1277504940789,6.138897131812424,3.6826018813043215,nan
370.41,228.52328491210938,-190.63819885253906,-54.672725677490234,228.81415944287227,-191.13696467467324,-54.67982484826745,0.5774302868757716,0.32224693693877365,0.07928421017918864,3.829692223400122e-05,29.776450075634717,46.866577878279045,nan,nan,nan
370.42,228.52139282226562,-190.62953186035156,-54.67335891723633,228.81207271341648,-191.1283012043585,-54.678320814792016,0.5773129810319065,0.3222950413042198,0.07930599409050726,3.743904608219645e-05,29.03042931519754,46.04966978549881,nan,3.0699901605356312,nan
370.43,228.51953125,-190.620849609375,-54.673980712890625,228.8100046053909,-191.1196544291311,-54.67901629637008,0.5772403100138895,0.32234323089378697,0.07932784420569963,3.818872259805462e-05,28.95108368053047,45.24036334047898,nan,nan,nan
370.44,228.5177001953125,-190.6121826171875,-54.674591064453125,228.80796276278681,-191.11101704307208,-54.68104452997213,0.5771739683506057,0.3223915056111245,0.07934976048560553,3.7337136193787515e-05,29.314040308832794,46.692812938721,nan,1.118328203156047,nan
370.45,228.5159149169922,-190.60350036621094,-54.67518997192383,228.838814905221,-191.1175822449128,-54.681662488991115,0.6071132298714845,0.32232855498040885,0.07933898232203258,3.8059576300615244e-05,29.24938828535137,45.17469190676458,9.917712972807095,nan,nan
370.46,228.51416015625,-190.59483337402344,-54.67577362060547,228.83690988437527,-191.10895896025346,-54.682570758421775,0.607073888833803,0.3223766272956767,0.07936088749560911,3.7215192434287135e-05,29.302349279875795,46.319134044748935,nan,0.034353402275436366,nan
370.47,228.512451171875,-190.58615112304688,-54.67634963989258,228.83504196395137,-191.1003336293962,-54.68323574353847,0.6070386210049229,0.32242478474578956,0.07938285904059052,3.7958950055905384e-05,29.22563925371723,45.103274193611185,nan,nan,nan
370.48,228.51077270507812,-190.57748413085938,-54.676910400390625,228.83320862207435,-191.0917081728501,-54.68389009199745,0.6069925881140623,0.32247302737285305,0.07940489702145358,3.8717370765878654e-05,29.147782146370275,46.05631643952321,nan,nan,nan
370.49,228.50912475585938,-190.5688018798828,-54.67746353149414,228.8314092321221,-191.08308263217913,-54.68453408608631,0.6069612578778342,0.32252135532136744,0.07942700158269848,3.9490599064406944e-05,29.07088449865836,45.141933201545704,nan,nan,nan
370.5,228.50750732421875,-190.56011962890625,-54.678001403808594,228.80432489200055,-191.06614496407744,-54.68440697500463,0.5866884520095521,0.3224583421366795,0.07941617341813213,3.852821038703381e-05,29.39962840173695,45.326436332340435,6.59126496027382,0.2929129093832347,nan
370.51,228.50579833984375,-190.55145263671875,-54.67863464355469,228.80248976983384,-191.05751354808518,-54.68507479000293,0.5866557134545475,0.32250646740386374,0.0794382661272394,3.929624914120778e-05,29.298931592249932,46.36603811026308,nan,nan,nan
370.52,228.5040283203125,-190.5427703857422,-54.679359436035156,228.80058343396206,-191.04887350559378,-54.68452201476797,0.5866105655154763,0.3225546777023963,0.07946042538572072,3.837044484380692e-05,28.850799015586585,44.69825806075948,nan,1.01028982723985,nan
370.53000000000003,228.50216674804688,-190.53408813476562,-54.68017578125,228.79858895802508,-191.04024112069362,-54.68536242958512,0.586586628771183,0.32260297333588545,0.07948265147003233,3.9134534348672245e-05,28.755565444254533,44.8993053022182,nan,nan,nan
370.54,228.500244140625,-190.52542114257812,-54.68107986450195,228.79651757511274,-191.0316070719552,-54.68606384716766,0.5865381344513775,0.32265135429866787,0.0795049443988294,3.8218539011705406e-05,28.62917566472985,45.388888731880094,nan,0.031301978902908825,nan
370.55,228.49822998046875,-190.51673889160156,-54.68207550048828,228.78412234924048,-191.02086698811553,-54.68704246651781,0.5795724760271508,0.32258827826715114,0.07949406272573029,3.895334823220035e-05,29.005746320567514,44.85247984880516,1.5088912555943554,nan,nan
370.56,228.4961395263672,-190.508056640625,-54.68315887451172,228.7818608761164,-191.01225106821087,-54.69067081325627,0.5795732393191267,0.32263645628641796,0.07951634305354667,3.804801167448248e-05,29.7687126064842,45.65409383371223,nan,3.78125871743532,nan
370.57,228.49398803710938,-190.4993896484375,-54.684326171875,228.7795391378452,-191.0036208229343,-54.691892169082486,0.5795220037061621,0.32268471955665706,0.0795386903714064,3.8803900546687644e-05,29.673023586893397,46.24231097335015,nan,nan,nan
370.58,228.4917449951172,-190.49070739746094,-54.68558120727539,228.77715685304875,-190.99497733484472,-54.69075523344506,0.5794608433223034,0.32273306810509217,0.07956110472112762,3.790767157433304e-05,28.81754772050913,44.81359752462739,nan,3.587422438110371,nan
370.59000000000003,228.48944091796875,-190.48202514648438,-54.686920166015625,228.77468692332192,-190.9863469039721,-54.69212569791563,0.5794245560966651,0.3227815021860839,0.07958358634467198,3.866026653700927e-05,28.726850146510806,44.54322438744509,nan,nan,nan
370.6,228.487060546875,-190.4733428955078,-54.6883430480957,228.76876811221317,-190.9773966237761,-54.694716984452675,0.5774685622738158,0.3227183626960286,0.07957264738499956,3.774892950330933e-05,29.27565538061871,45.004599788847685,0.350359165259838,0.8644938309395415,nan
370.61,228.48460388183594,-190.4646759033203,-54.68984603881836,228.76614648582728,-190.96876803742305,-54.696267337375424,0.5774221597770843,0.3227665935519403,0.07959511563050228,3.8497477822961625e-05,29.182850172921498,45.96035730881866,nan,nan,nan
370.62,228.48207092285156,-190.45599365234375,-54.69143295288086,228.7634498060815,-190.96014300862686,-54.69862956256741,0.5774014552799268,0.3228149096313666,0.079617651090198,3.7619611459776326e-05,29.403067945925656,45.36291294278796,nan,0.3234911922857647,nan
370.63,228.47947692871094,-190.4473114013672,-54.6931037902832,228.7606860562826,-190.9515144321373,-54.70035262711239,0.5773662748227876,0.3228633111628036,0.07964025398703202,3.8365266038618126e-05,29.31148257673247,45.08504365122447,nan,nan,nan
370.64,228.47682189941406,-190.43862915039062,-54.69485092163086,228.7578513881053,-190.94288672171095,-54.702362512191385,0.577329798070984,0.3229117982122925,0.07966292439119135,3.749552183742784e-05,29.363023729522375,45.05670448885,nan,0.02589514850362737,nan
370.65000000000003,228.47409057617188,-190.42996215820312,-54.696678161621094,228.7700203764858,-190.93704740640575,-54.70412951040727,0.5871672830269886,0.32284859488376433,0.07965192456445185,3.821406040683969e-05,28.65804730495298,45.64203616379761,3.8043419631672775,nan,nan
370.66,228.47128295898438,-190.42127990722656,-54.69858169555664,228.7670841792811,-190.92840862472298,-54.7047382705251,0.5871250305121894,0.3228968784371158,0.07967458080731116,3.7353228584996695e-05,28.13534037295389,44.40966623036799,nan,1.1353475931773163,nan
370.67,228.46841430664062,-190.41259765625,-54.700538635253906,228.76407465638107,-190.919776129794,-54.70675451413437,0.5870976780616002,0.3229452473634847,0.07969730464868689,3.809269628339259e-05,28.051090449756728,44.17293146817151,nan,nan,nan
370.68,228.46548461914062,-190.4039306640625,-54.7025032043457,228.76099989527975,-190.9111428257215,-54.708510975765755,0.5870515724225719,0.3229937017489682,0.0797200961742368,3.723937253094148e-05,27.920618053240677,44.81426749510132,nan,0.052121724825237845,nan
370.69,228.4624786376953,-190.39524841308594,-54.70444869995117,228.75785821369018,-190.9025110617104,-54.71054981479875,0.5870278632286648,0.323042241791994,0.07974295558382932,3.7976472901242305e-05,27.847950082377473,44.08543033363965,nan,nan,nan
370.7,228.45941162109375,-190.38656616210938,-54.70636749267578,228.76429890712026,-190.89933263420127,-54.7128313935901,0.5965965924284294,0.3229789740760274,0.07973189114922138,3.710740741601805e-05,28.114216971751368,43.96054946139436,3.4266546150535135,0.16432273356044133,nan
370.71,228.45628356933594,-190.37789916992188,-54.708251953125,228.76104301707534,-190.8907118181804,-54.714820809187316,0.5965721105367777,0.3230273103391036,0.07975473559067592,3.784137619156063e-05,28.043907087937956,44.74217347071574,nan,nan,nan
370.72,228.45309448242188,-190.3692169189453,-54.71010208129883,228.7107428122144,-190.83037296307657,-54.71666476669175,0.5282902873640877,0.31926700982187306,0.07516222847915965,3.700227294069352e-05,33.48484731260536,49.229686331300144,nan,0.011788427932913537,0.5795232123320313
370.73,228.44984436035156,-190.3605499267578,-54.711917877197266,228.70737804200098,-190.82170657926338,-54.718586494599364,0.5282362405137486,0.3193183293459615,0.07517693553200272,3.773417307263927e-05,33.38957510680995,49.99537612392384,nan,nan,nan
370.74,228.446533203125,-190.35186767578125,-54.71369934082031,228.70391794275645,-190.8129990990856,-54.71978171181498,0.5281345368282233,0.3193697298980228,0.07519169766418268,3.6902753936987846e-05,33.10702737562094,48.797462190332865,nan,0.30345572564732787,nan
370.75,228.4431610107422,-190.34320068359375,-54.7154426574707,228.70675088094293,-190.8036308016732,-54.72179429055043,0.5305806786435748,0.31930437218253244,0.0751811464953808,3.7609186797875994e-05,32.444552356433434,49.63631716876153,3.2865518955759097,nan,nan
370.76,228.43971252441406,-190.3345184326172,-54.71715545654297,228.70323765137644,-190.7949844104114,-54.724152021979236,0.5305877506825901,0.3193555559795393,0.07519592914372683,3.6785164788153617e-05,32.594731198319636,49.16611974709668,nan,0.18759675226578493,nan
370.77,228.43621826171875,-190.3258514404297,-54.71883010864258,228.69963884161274,-190.78630660323662,-54.725939420425604,0.5305279457118888,0.31940682776739265,0.07521077806355363,3.7512487329595687e-05,32.50217859733679,49.749596621135,nan,nan,nan
370.78000000000003,228.4326629638672,-190.31716918945312,-54.72047424316406,228.69591085026767,-190.77754293709137,-54.72619744620075,0.5303547796162483,0.3194581807507447,0.0752256827825577,3.6694575200536335e-05,31.941367748123657,48.27808287548146,nan,1.436109758448911,nan
370.79,228.42904663085938,-190.30850219726562,-54.722084045410156,228.6921943550912,-190.76886622617076,-54.72790540274025,0.5302977013709572,0.31950962189888904,0.07524065383249927,3.7420269723010634e-05,31.84556200713743,49.168986268597834,nan,nan,nan
370.8,228.42538452148438,-190.29983520507812,-54.723663330078125,228.71958025945887,-190.77753172230118,-54.73057213058731,0.561064012688271,0.3194441547355091,0.07523018498179948,3.658592103858012e-05,32.71760131906903,48.95430705096119,12.031767970698617,0.7410472640111209,nan
370.81,228.42166137695312,-190.29115295410156,-54.7252082824707,228.7158008652442,-190.76889227873568,-54.7322265454146,0.561072327680441,0.31949537869340383,0.07524517589155796,3.730920933408549e-05,32.62944512111218,48.13935079587717,nan,nan,nan
370.82,228.41787719726562,-190.28248596191406,-54.726722717285156,228.7119574908957,-190.7602440865789,-54.73368575569535,0.5610566180776384,0.319546684006412,0.07526022328723887,3.6503747584215154e-05,32.53084053890959,49.03250479488821,nan,0.01768194096996624,nan
370.83,228.41403198242188,-190.27381896972656,-54.72821044921875,228.70806586850094,-190.75160553104942,-54.735279136989796,0.5610578318589642,0.3195980772010116,0.07527533679931675,3.7225661208816103e-05,32.43825406318545,49.027778913591355,nan,nan,nan
370.84000000000003,228.41014099121094,-190.26515197753906,-54.72966384887695,228.70407439017055,-190.74291325091397,-54.735845994961025,0.5609731689581674,0.31964955214892227,0.07529050729586159,3.642556061451268e-05,32.039699477380076,48.479811855985865,nan,0.6478725210817704,nan
370.85,228.40618896484375,-190.25648498535156,-54.7310905456543,228.72739344057933,-190.74492045046665,-54.737420533194985,0.5846208921660512,0.3195839823218282,0.07528012682364571,3.7123243077126654e-05,31.661948318584066,48.42426483311326,6.493443997797954,nan,nan
370.86,228.40219116210938,-190.247802734375,-54.73249053955078,228.72330196209768,-190.73619576883047,-54.737081436484004,0.5845177313892213,0.31963523986265524,0.0752953169619301,3.632923701030176e-05,31.060686097005068,46.718930739460966,nan,2.2129788155501373,nan
370.87,228.39813232421875,-190.2391357421875,-54.73386001586914,228.71923833692964,-190.72756933479485,-54.738536032057155,0.5845496650531902,0.3196865850086143,0.07531057302682465,3.70478382045433e-05,30.965581665421755,47.74455269401764,nan,nan,nan
370.88,228.39402770996094,-190.23046875,-54.73520278930664,228.71512238722792,-190.71894372534032,-54.73996991414105,0.5845787532763279,0.3197380120551825,0.07532588671758482,3.6258732797658184e-05,30.89794029069294,47.494244496963084,nan,2.3473542933154422e-05,nan
370.89,228.38986206054688,-190.2218017578125,-54.73651885986328,228.71095415310657,-190.71031844623295,-54.741371653806254,0.5846128944683794,0.3197895268905646,0.07534126642807916,3.6976285673062564e-05,30.803503821328665,47.6256055011416,nan,nan,nan
370.90000000000003,228.38568115234375,-190.213134765625,-54.73781204223633,228.6851037253929,-190.69169816090155,-54.741859700951,0.5645291702747249,0.31972384851338476,0.07533096150768913,3.617003628640643e-05,30.580118894153056,47.34774559934834,4.740153791911135,0.6588966364162752,nan
370.91,228.3815460205078,-190.2044677734375,-54.73907470703125,228.68087438920995,-190.68305866508186,-54.74320301365744,0.5645031060945753,0.3197751455158264,0.07534636019146301,3.688574775250748e-05,30.48995152284146,47.01439824324716,nan,nan,nan
370.92,228.37745666503906,-190.19581604003906,-54.74031448364258,228.6767195134385,-190.67445422159483,-54.74521393297782,0.5645146285783494,0.31982652455737964,0.07536181711190963,3.610673011904802e-05,30.591174496661512,48.271992755963886,nan,0.31751733123865833,nan
370.93,228.37344360351562,-190.18714904785156,-54.74152755737305,228.67259879066236,-190.6658157918146,-54.74651536703982,0.5644825559910976,0.3198779911225216,0.0753773398988468,3.6821590591883116e-05,30.504522274698974,47.13618480537522,nan,nan,nan
370.94,228.3695068359375,-190.17848205566406,-54.74271774291992,228.66850587009466,-190.65712637348344,-54.74673585132683,0.5643730597777141,0.31992954011467206,0.0753929213888805,3.6046828423724e-05,30.180017995013117,46.738349554208256,nan,0.7435863817852745,nan
370.95,228.36563110351562,-190.16981506347656,-54.7438850402832,228.6653872892923,-190.66137116684354,-54.74785693954671,0.5757577178401266,0.31986375891324825,0.07538269589008914,3.673836881493859e-05,32.34062446710857,47.192223062181625,22.83722963289877,nan,nan
370.96,228.36184692382812,-190.16114807128906,-54.74502944946289,228.66147933143304,-190.65278009658158,-54.74879931336773,0.5757567540673779,0.31991508984610245,0.075398296052416,3.596858746000606e-05,32.21313858860859,46.707777918998815,nan,0.05141612376450073,nan
370.97,228.35813903808594,-190.15249633789062,-54.746150970458984,228.65765780210975,-190.64420262522657,-54.749994352696795,0.575761525803069,0.319966508044792,0.07541396195028927,3.668111596568928e-05,32.125129274714716,47.42815509881432,nan,nan,nan
370.98,228.3544921875,-190.14382934570312,-54.74724578857422,228.6539048177864,-190.6356189506016,-54.7510234159964,0.5757770481099234,0.32001800879565356,0.0754296871203303,3.5915196333902394e-05,32.0260660422017,46.87177210849795,nan,0.013954556714138991,nan
370.99,228.35092163085938,-190.13516235351562,-54.74832534790039,228.65023059969832,-190.6270423163808,-54.75217421917523,0.5758008080106891,0.32006959700664955,0.07544547814996488,3.662712410529513e-05,31.940027436074406,46.61246019268973,nan,nan,nan
371.0,228.347412109375,-190.1265106201172,-54.7493782043457,228.67098445044883,-190.62733979292219,-54.75340951622821,0.5962760868222289,0.3200037081086537,0.07543532103616771,3.584337070943829e-05,31.533010585909203,47.70015325011418,5.17652629988359,0.012431747396149962,nan
371.01,228.343994140625,-190.1178436279297,-54.75041198730469,228.66749267043824,-190.61876986799598,-54.75452018192447,0.5963180980326787,0.32005507784493165,0.07545113005553254,3.6553889829281595e-05,31.44915185844718,46.2012360643156,nan,nan,nan
371.02,228.3406219482422,-190.1091766357422,-54.751426696777344,228.66409330188202,-190.6102270561564,-54.75621812554878,0.5964127750245678,0.32010653024924784,0.07546699888802803,3.5796040223060255e-05,31.53498009588082,46.866187842727996,nan,0.24854704782889117,nan
371.03000000000003,228.33734130859375,-190.10052490234375,-54.752418518066406,228.66073830621724,-190.60165762081868,-54.75729569345648,0.5964422909534094,0.3201580698679799,0.07548293348214527,3.6506109461162105e-05,31.450900068362802,47.06198631546604,nan,nan,nan
371.04,228.3341064453125,-190.09185791015625,-54.75339126586914,228.65749338211793,-190.59313821999748,-54.75950952909318,0.5965722865469071,0.32020969253174875,0.0754989283264774,3.575157081080465e-05,31.75327425344502,47.04839527936819,nan,0.902234895631041,nan
371.05,228.33094787597656,-190.0832061767578,-54.75434494018555,228.65707395859786,-190.5807783643291,-54.76059649268006,0.5949583056979499,0.3201437007073875,0.07548884161425741,3.6438975441421117e-05,30.86666631495983,47.41585775834717,3.274095659613248,nan,nan
371.06,228.3278350830078,-190.0745391845703,-54.755279541015625,228.6539112855685,-190.57218024781247,-54.761439072248514,0.5949876112375777,0.3201951046600664,0.07550485406906976,3.5688473790491094e-05,30.763343012346922,46.93264564050322,nan,0.02496428669787787,nan
371.07,228.32479858398438,-190.0658721923828,-54.756195068359375,228.65081814094765,-190.56359029956693,-54.76245378768362,0.5950220477503716,0.3202465955892798,0.07552093220738121,3.639695578994883e-05,30.683946253103855,46.493226471946606,nan,nan,nan
371.08,228.3218231201172,-190.05722045898438,-54.75709533691406,228.64781443592344,-190.55503225689506,-54.76422454309347,0.5950947401052266,0.3202981696655792,0.07553707109876799,3.5649432031667044e-05,30.93852282669949,47.581492097262405,nan,0.4068885116545069,nan
371.09000000000003,228.31890869140625,-190.04855346679688,-54.757972717285156,228.64484273440368,-190.54644245323172,-54.765212442318735,0.5951292773980543,0.3203498309237473,0.07555327582583131,3.635765155668975e-05,30.862416202586466,46.72274305122304,nan,nan,nan
371.1,228.3160400390625,-190.03988647460938,-54.75883865356445,228.63989116721388,-190.53622289437865,-54.76548185744344,0.5926833277156373,0.3202837322098349,0.07554324997017349,3.5591644872154644e-05,30.514042413804823,46.68074108330117,0.14591372385990653,0.31162918262322353,nan
371.11,228.313232421875,-190.03123474121094,-54.759681701660156,228.63703270911193,-190.52762817444423,-54.76642972109307,0.5927044814560839,0.32033517435256387,0.07555947160915348,3.629877997011925e-05,30.43357576312893,47.49173150744783,nan,nan,nan
371.12,228.31048583984375,-190.02256774902344,-54.7605094909668,228.63422347523098,-190.51902521051372,-54.7671545094775,0.5927227209298603,0.32038669973496975,0.07557575447846511,3.555762034659694e-05,30.32907351021711,46.39092957899312,nan,0.02932919929440937,nan
371.13,228.30780029296875,-190.013916015625,-54.761322021484375,228.6314767483254,-190.51043013621228,-54.768068826366836,0.5927379176929153,0.32043831207368106,0.07559210313469485,3.6264605708955584e-05,30.248698130718363,47.028501449001425,nan,nan,nan
371.14,228.30516052246094,-190.0052490234375,-54.76211929321289,228.6288029166548,-190.50185556107712,-54.769511046238556,0.5928044285923776,0.3204900080180005,0.07560851343184855,3.552595903075899e-05,30.439838870669547,46.567991510590154,nan,0.20213845783043793,nan
371.15000000000003,228.3025665283203,-189.99658203125,-54.76289749145508,228.65992198371939,-190.50722995850998,-54.770350951832874,0.6233135496601991,0.32042380633712303,0.0755985489036185,3.6210736469657185e-05,30.149206328378256,46.80705587404604,9.827132837445648,nan,nan
371.16,228.30003356933594,-189.9879150390625,-54.7636604309082,228.6574193419305,-190.4986827747944,-54.77208489747906,0.6234414503020321,0.3204752829195359,0.0756149756598587,3.54753355725076e-05,30.524472688535397,46.94458719248914,nan,0.5085426045526581,nan
371.17,228.29754638671875,-189.97926330566406,-54.76441192626953,228.6549389430966,-190.49010373869118,-54.772952681387785,0.6235064810149209,0.3205268462405715,0.07563146817163562,3.6181285413664374e-05,30.446164074021855,47.85277074391595,nan,nan,nan
371.18,228.2951202392578,-189.97059631347656,-54.76514434814453,228.652518493738,-190.48153534432862,-54.77411257873559,0.6235965319928096,0.3205784932459899,0.07564802276717694,3.5448119315718306e-05,30.608724067966858,46.91030942093558,nan,0.06446515351291288,nan
371.19,228.292724609375,-189.96192932128906,-54.765865325927734,228.65013674149492,-190.47295584366375,-54.77495566667062,0.6236779401675994,0.32063022720641127,0.07566464329569793,3.615405559358977e-05,30.534003622747246,47.31541286201901,nan,nan,nan
371.2,228.29039001464844,-189.95326232910156,-54.766571044921875,228.63294938336603,-190.46845897295776,-54.77495449642648,0.6187445233664814,0.3205639193963706,0.07565473177295289,3.540181375802146e-05,32.00634971671084,46.85160062824063,13.511293186301181,0.5048231027099087,nan
371.21,228.28810119628906,-189.94461059570312,-54.76726150512695,228.63063854660513,-190.45991690005567,-54.775762859610204,0.6188252553791597,0.32061543360183686,0.07567136804413925,3.6106901777474304e-05,31.931743773689526,47.68751448162382,nan,nan,nan
371.22,228.28585815429688,-189.93594360351562,-54.76793670654297,228.62839085956435,-190.45139284131594,-54.77710057532661,0.6189511672320032,0.32066703156113857,0.07568806681885576,3.537867491601814e-05,32.21546338403245,47.18983034346233,nan,0.20320787576630853,nan
371.23,228.2836456298828,-189.92727661132812,-54.76860046386719,228.62617148482917,-190.44285024032354,-54.77788861944131,0.6190528233165585,0.32071871626991105,0.07570483152088026,3.608383131574202e-05,32.14339856744036,47.53051253658159,nan,nan,nan
371.24,228.281494140625,-189.91860961914062,-54.76925277709961,228.62393369284547,-190.43424033555567,-54.776616263109325,0.6190267389716413,0.32077048508758443,0.07572165911344841,3.535745183715792e-05,31.19826855940048,46.13179676406602,nan,2.9015658604808285,nan
371.25,228.2793731689453,-189.90994262695312,-54.76988983154297,228.6195394770267,-190.42567372747277,-54.7773204256216,0.6178566977263342,0.3207040743325187,0.07571179979842044,3.604070483109092e-05,31.33992288599685,46.499529356294154,0.19937519984742286,nan,nan
371.26,228.2772979736328,-189.90127563476562,-54.77051544189453,228.61746475494058,-190.41715152309888,-54.77865316884602,0.6179867262885603,0.32075562313895545,0.07572864261196166,3.531691637058044e-05,31.594928560434358,46.68337916886714,nan,0.25084482027132543,nan
371.27,228.2752685546875,-189.89260864257812,-54.77112579345703,228.61541380417273,-190.40860991878398,-54.779378692306345,0.6180810773133728,0.32080725849697717,0.07574555136203066,3.6021433253980977e-05,31.523014514231274,46.57556403582321,nan,nan,nan
371.28000000000003,228.27328491210938,-189.88394165039062,-54.771728515625,228.6133218013265,-190.39998181011052,-54.77728991664853,0.6180238358295989,0.32085897801994623,0.07576252339171408,3.529926337184071e-05,30.421235324183037,45.32349221341069,nan,5.451872263814031,nan
371.29,228.27133178710938,-189.87527465820312,-54.772315979003906,228.61135192042332,-190.39143918684607,-54.77796534184763,0.6181192659904444,0.32091078432159204,0.07577956155771308,3.600394373642887e-05,30.343646867729557,45.58258939934514,nan,nan,nan
371.3,228.26942443847656,-189.86660766601562,-54.772891998291016,228.6028979132584,-190.38179013707486,-54.78153414360244,0.6137525751842973,0.32084426815274725,0.07576974711328582,3.526217142885363e-05,31.853741560595747,46.6548435284121,0.7458643514020755,5.6168090730791675,nan
371.31,228.26754760742188,-189.85794067382812,-54.77345657348633,228.60099485826,-190.37324976950754,-54.78221759314998,0.6138463070239901,0.3208958540612799,0.07578679976415628,3.596616943650087e-05,31.782551522387603,46.83972477229499,nan,nan,nan
371.32,228.2657012939453,-189.84927368164062,-54.774009704589844,228.59911742743245,-190.36469645679892,-54.782459291549735,0.6139204759096946,0.3209475241818682,0.07580391606316668,3.5247765393208885e-05,31.58630866001384,46.86933813499563,nan,0.12949233008661243,nan
371.33,228.26390075683594,-189.84060668945312,-54.77455139160156,228.5972889860902,-190.35615513986625,-54.78311797726559,0.6140124612079186,0.3209992808948529,0.07582109852975645,3.59519844033693e-05,31.515130199161437,46.6046586239033,nan,nan,nan
371.34000000000003,228.26202392578125,-189.83193969726562,-54.77518844604492,228.5953887842013,-190.34756128745292,-54.78194772120602,0.6140386314373064,0.3210511221646018,0.07583834501086424,3.523488093280418e-05,30.679818955458103,45.7357611206455,nan,2.438505291130863,nan
371.35,228.26007080078125,-189.82327270507812,-54.775917053222656,228.5875492810055,-190.34330435404488,-54.782781899196884,0.6145910811647914,0.32098450313441457,0.07582857361693726,3.59173870361081e-05,31.813984652924713,45.95626498230746,5.073255801032507,nan,nan
371.36,228.25804138183594,-189.81460571289062,-54.7767333984375,228.58555212827875,-190.33480438912318,-54.784287389464225,0.6147576876868318,0.3210361237455362,0.07584583399707513,3.520234090295076e-05,32.03361995167721,46.259555588432335,nan,0.28255310377829046,nan
371.37,228.2559356689453,-189.80593872070312,-54.77764129638672,228.58346180111357,-190.326286917702,-54.78525427296076,0.6148931376958023,0.3210878307699599,0.07586316058848275,3.5906193088582054e-05,31.93763748878078,46.20666839191077,nan,nan,nan
371.38,228.2537384033203,-189.79725646972656,-54.77863693237305,228.58129798870408,-190.31777069544532,-54.78638141036198,0.6150531018470704,0.3211396223855917,0.07588055153593871,3.5192262593601795e-05,31.940028536348063,45.92917278387953,nan,0.0034200244829506363,nan
371.39,228.25148010253906,-189.78858947753906,-54.779720306396484,228.57905777080765,-190.30925214190557,-54.787528322383935,0.6151891610937084,0.32119150065171365,0.0758980089138665,3.589639863180602e-05,31.84504072501055,46.32486599159498,nan,nan,nan
371.40000000000003,228.24916076660156,-189.77992248535156,-54.78089141845703,228.55641216551473,-190.29154357898287,-54.788802881626864,0.596843494420504,0.3211247777891285,0.07588827490813271,3.659203683016205e-05,31.86139924603558,45.94325562312818,3.7430229220973734,nan,nan
371.41,228.2467498779297,-189.77125549316406,-54.78215026855469,228.5539915416089,-190.28301088575756,-54.79012577778174,0.5969544626655579,0.3211764350249996,0.07590574542890895,3.7324058142532066e-05,31.766003266930564,46.32473846909209,nan,nan,nan
371.42,228.24427795410156,-189.7625732421875,-54.78348922729492,228.55151828194775,-190.27449702024282,-54.7923253422216,0.5971102498872901,0.3212281768078268,0.07592328056011274,3.652561924076049e-05,32.11369683288871,45.733352830312384,nan,0.40441408026725617,nan
371.43,228.24172973632812,-189.75390625,-54.784915924072266,228.54895458156517,-190.26596386810832,-54.79382741145362,0.5972181547818478,0.3212800051431872,0.07594088225289976,3.7256236365472913e-05,32.01936221715464,46.540742601437,nan,nan,nan
371.44,228.23912048339844,-189.7452392578125,-54.78642272949219,228.54630097224725,-190.25741140590424,-54.794594423147586,0.5972829635838421,0.32133191836667974,0.07595854891115336,3.646188059712953e-05,31.631730283117562,46.021637552738945,nan,0.4361034433193658,nan
371.45,228.23643493652344,-189.736572265625,-54.78800964355469,228.56316080100683,-190.25506036415467,-54.7962746351743,0.612901304392321,0.3212650918781513,0.07594884787100467,3.7167659695811404e-05,31.171619108482535,46.117199768908044,3.4116324439199706,nan,nan
371.46,228.23367309570312,-189.72789001464844,-54.78968048095703,228.5604136203289,-190.2465217142976,-54.79770664873936,0.613027429796541,0.3213167838035547,0.07596652703122676,3.637823469886979e-05,31.018642881679632,45.33383039704906,nan,0.06361322604143577,nan
371.47,228.23085021972656,-189.71922302246094,-54.79143142700195,228.557605768598,-190.23799010166124,-54.79952907769571,0.6131509138271274,0.32136856210806747,0.07598427281290084,3.710539013356774e-05,30.92739207675259,45.89472630475644,nan,nan,nan
371.48,228.22796630859375,-189.71055603027344,-54.79325866699219,228.55475892066576,-190.22948562224113,-54.80267742523855,0.613327030002352,0.3214204253257925,0.07600208387130827,3.631976002482182e-05,31.515838342817148,46.38946583175938,nan,1.0158794025937967,nan
371.49,228.22500610351562,-189.70188903808594,-54.795166015625,228.55181757563292,-190.2209544140449,-54.80467186103895,0.6134533103048191,0.32147237516397587,0.07601996178165002,3.70457726955046e-05,31.425110441465538,46.54396173535869,nan,nan,nan
371.5,228.2220001220703,-189.69320678710938,-54.79712677001953,228.59386525228348,-190.22395675024868,-54.806316215073515,0.6481231706560285,0.3214054445219703,0.0760102885973363,3.624146115453869e-05,29.897838939172754,44.872207745906294,20.253735900318393,0.09518549572007147,nan
371.51,228.2189178466797,-189.68453979492188,-54.79908752441406,228.59086814110378,-190.21541994578217,-54.808401168930814,0.6482804177775301,0.3214571726954553,0.07602817822312079,3.696550070480767e-05,29.827393557210737,46.06907039406424,nan,nan,nan
371.52,228.21575927734375,-189.67587280273438,-54.8010368347168,228.58783334898516,-190.20690811807728,-54.81171291267859,0.6484994985116022,0.3215089857978683,0.07604613341926188,3.6188009467392724e-05,30.542860484200343,47.055336630261216,nan,0.9999325502043926,nan
371.53000000000003,228.21255493164062,-189.66720581054688,-54.802955627441406,228.58470903949612,-190.19837221362246,-54.81378446758239,0.6486552948437059,0.3215608853597165,0.07606415554524122,3.6911070187066634e-05,30.48419259934236,46.50367974003505,nan,nan,nan
371.54,228.2092742919922,-189.65853881835938,-54.80484390258789,228.58151133065095,-190.18982657638546,-54.8153001223251,0.6487961369405814,0.32161287018081697,0.07608224357927718,3.613695639002356e-05,30.246154583826225,46.65383491754283,nan,0.1836701901832588,nan
371.55,228.20594787597656,-189.6498565673828,-54.806697845458984,228.57590536627188,-190.18225508119502,-54.81740308771261,0.6484067584061505,0.3215458370686452,0.07607259509562171,3.6836044596715756e-05,30.61965397059793,45.4125002264979,0.7907466500612936,nan,nan
371.56,228.2025604248047,-189.6411895751953,-54.80851364135742,228.5725733212972,-190.17371052895058,-54.818479078656075,0.6485271156241272,0.32159759994723797,0.07609069414842246,3.606612998288011e-05,30.17742381632152,45.82297000626657,nan,0.5341574146924334,nan
371.57,228.1990966796875,-189.6325225830078,-54.81029510498047,228.5691988499926,-190.16518269053407,-54.82040870725885,0.6486946057779989,0.32164944913151267,0.07610886021835256,3.678654369909076e-05,30.118903800646184,46.223480866887286,nan,nan,nan
371.58,228.19558715820312,-189.6238555908203,-54.812042236328125,228.56575825890434,-190.1566492819724,-54.82197262958594,0.6488407923643984,0.32170138357813194,0.0761270924676668,3.6019746474532986e-05,29.991910637348845,45.66485436189697,nan,0.0731631186654777,nan
371.59000000000003,228.1920166015625,-189.6151885986328,-54.81375503540039,228.56226532090983,-190.14812209857286,-54.82383089647292,0.6490021205766857,0.32175340458191926,0.07614539198039327,3.673939342867188e-05,29.933406975891344,45.66927428452323,nan,nan,nan
371.6,228.18838500976562,-189.6065216064453,-54.8154296875,228.56533538811476,-190.1352457211532,-54.825661979561865,0.6494193383416045,0.3216862679371866,0.0761357626116431,3.595362073996658e-05,28.97645635819316,45.70583977930148,4.983974787689,0.005561784433994786,nan
371.61,228.1846923828125,-189.5978546142578,-54.817073822021484,228.56173743013318,-190.12669355241718,-54.82745360928778,0.6495701118480384,0.3217380666431337,0.07615407233431895,3.6671666767189884e-05,28.917890842822764,45.689534954945806,nan,nan,nan
371.62,228.1809539794922,-189.5891876220703,-54.818687438964844,228.55806967994897,-190.11813049778107,-54.82852303558488,0.6496872757389093,0.3217899506065458,0.07617244849305042,3.591166064913959e-05,28.590331260842696,44.98612586839361,nan,0.319159453690902,nan
371.63,228.17715454101562,-189.5805206298828,-54.82026672363281,228.55435827537156,-190.10957903305678,-54.83024430328882,0.6498345968604893,0.3218419209836674,0.07619089201608872,3.662907266029133e-05,28.53096489171605,45.07896761290972,nan,nan,nan
371.64,228.1732940673828,-189.57186889648438,-54.821815490722656,228.55064675082215,-190.10107660210096,-54.83506170405001,0.6501009964231369,0.3218939769394812,0.07620940229912229,3.58718089566484e-05,30.61888947813638,48.13561809210841,nan,6.566379292950142,nan
371.65000000000003,228.1693878173828,-189.56320190429688,-54.82332992553711,228.58828243710929,-190.1164332705627,-54.83674700382487,0.6940588339945881,0.32182673805730416,0.07619978838855106,3.6565915460658e-05,31.367510651468727,47.604270810237836,20.503332490107507,nan,nan
371.66,228.16542053222656,-189.55453491210938,-54.8248176574707,228.58442929525626,-190.1078943113099,-54.83581526484311,0.6941872337829073,0.32187857142979864,0.07621830813275954,3.581219995794756e-05,29.739877017416347,46.127480906536974,nan,4.531711007253601,nan
371.67,228.16139221191406,-189.54586791992188,-54.82627487182617,228.58056731356888,-190.09939431006555,-54.83742237181314,0.69442313987134,0.3219304910784933,0.07623689534882976,3.652762066995305e-05,29.68261137086122,46.29976270451863,nan,nan,nan
371.68,228.15733337402344,-189.53721618652344,-54.827701568603516,228.5766424572396,-190.0908867431605,-54.83841978096633,0.6946121742602932,0.32198249629035675,0.07625554956334087,3.5776416783358366e-05,29.40928904463838,46.09126401021192,nan,0.22811741389398962,nan
371.69,228.1531982421875,-189.52854919433594,-54.8291015625,228.57267481997576,-190.08238795452436,-54.83996483901723,0.6948496113380888,0.32203458803836366,0.07627427150845789,3.649137227882419e-05,29.350760428374816,45.9604858545893,nan,nan,nan
371.7,228.14903259277344,-189.51988220214844,-54.830474853515625,228.5783413103056,-190.0460256261268,-54.84248868651967,0.6791739171436453,0.32183735577919165,0.07521762557374902,3.571991867215549e-05,34.021237542629606,50.253326918291606,1.3598832903386864,0.7460985928755781,0.5776410788511186
371.71,228.14480590820312,-189.51123046875,-54.831817626953125,228.57429330644834,-190.03746899087116,-54.843989357046176,0.6793633478700231,0.32188859125031694,0.0752325609982216,3.64335478976899e-05,33.940495347844404,51.36078477776696,nan,nan,nan
371.72,228.14053344726562,-189.5025634765625,-54.833133697509766,228.5701856592862,-190.02885167841754,-54.843942211242755,0.6794829789443645,0.32193991103106573,0.07524755462547122,3.5687995767949764e-05,33.044801364300596,49.46698803462632,nan,1.5715513311466587,nan
371.73,228.13619995117188,-189.49391174316406,-54.83442687988281,228.56603701834692,-190.02029621965403,-54.84537623502255,0.6796766950434848,0.32199131536978487,0.07526261138499701,3.640126660287404e-05,32.95872299956493,50.54269517563149,nan,nan,nan
371.74,228.13182067871094,-189.48524475097656,-54.835693359375,228.56184062961137,-190.0117529674132,-54.847083739989934,0.6798954338118856,0.3220428043140913,0.07527772676149339,3.565789276921664e-05,33.20097441918661,49.85013700707288,nan,0.06059067711534714,nan
371.75,228.12741088867188,-189.47659301757812,-54.83693313598633,228.55235802081052,-189.99996572235878,-54.84845265859178,0.6742638597932801,0.3219767023184464,0.07526710287796705,3.634836412375635e-05,33.01155407569897,50.43040467356194,0.4405687570759499,nan,nan
371.76,228.12303161621094,-189.46792602539062,-54.8381462097168,228.54810360933982,-189.99137262649924,-54.84898632432049,0.6743886502895379,0.32202797299162583,0.07528223687493953,3.560796592230034e-05,32.562341724125915,49.06285691314708,nan,0.4687372137719118,nan
371.77,228.11871337890625,-189.4592742919922,-54.83934020996094,228.5438955512873,-189.98281183550213,-54.85031733240049,0.6745309009913153,0.32207932814995116,0.07529743399214239,3.63197656825907e-05,32.48068932552499,49.59311825224677,nan,nan,nan
371.78000000000003,228.1144561767578,-189.45062255859375,-54.84050750732422,228.53975207286436,-189.97425773964028,-54.85178833576272,0.6746833769739415,0.32213076786403805,0.0753126902051868,3.558134425233783e-05,32.640369296063604,50.10504910902207,nan,0.018165972851493184,nan
371.79,228.11029052734375,-189.44195556640625,-54.841651916503906,228.53568187582445,-189.96569798142082,-54.85307528269655,0.6748291709334236,0.32218229234650136,0.07532800971209325,3.629291703171968e-05,32.56469500034907,48.73808392886521,nan,nan,nan
371.8,228.10618591308594,-189.4333038330078,-54.8427734375,228.53394240274443,-189.95321002903066,-54.85393633679148,0.6733518229191127,0.32211609337338826,0.07531746562097147,3.553486846121119e-05,31.5675517814426,49.91834429924985,3.6578132150306644,0.10922661088129877,nan
371.81,228.1021728515625,-189.42465209960938,-54.8438720703125,228.5300336133583,-189.94462902533962,-54.85517577020584,0.6734750243384321,0.322167399282894,0.07533280321010224,3.6245369023537316e-05,31.488069880971114,49.4523275117496,nan,nan,nan
371.82,228.09823608398438,-189.41600036621094,-54.844947814941406,228.52620344956065,-189.93604033758555,-54.85616371752868,0.6735899600620977,0.32221878969551604,0.07534820035132234,3.55114972501463e-05,31.407305842411787,49.47407965243242,nan,0.03638336651840583,nan
371.83,228.09437561035156,-189.40733337402344,-54.846004486083984,228.5224529625112,-189.9274601137242,-54.857359036314016,0.6737291522523682,0.3222702648061618,0.0753636607991942,3.62218533583181e-05,31.32906299473512,48.59044419139559,nan,nan,nan
371.84000000000003,228.09059143066406,-189.398681640625,-54.84703826904297,228.5187798459385,-189.91888037184725,-54.858534074982316,0.6738576945428956,0.3223218247339879,0.07537918289577193,3.6946582978159516e-05,31.24908019387477,49.36974369279566,nan,nan,nan
371.85,228.08688354492188,-189.39002990722656,-54.848052978515625,228.52342016616194,-189.90884681350698,-54.85972750158209,0.6781382590703086,0.3222555289380721,0.07536871857567164,3.7661670058413185e-05,30.365793383809194,49.320132126875016,4.066589393548533,nan,nan
371.86,228.083251953125,-189.38137817382812,-54.84904479980469,228.51992266298606,-189.90035812762503,-54.864151251765314,0.678417059178523,0.3223068699762349,0.07538425658470377,3.684209397109227e-05,32.84359666370124,51.74307029170003,nan,6.872262072775652,nan
371.87,228.07968139648438,-189.3727264404297,-54.85002136230469,228.51648658101527,-189.89176050095094,-54.865301256969964,0.6785488931501025,0.32235829564462454,0.07539985806039848,3.757855566223439e-05,32.76456236371725,52.0257534619886,nan,nan,nan
371.88,228.07620239257812,-189.36407470703125,-54.850975036621094,228.51312092628012,-189.88315266723103,-54.86611414046674,0.6786522867586305,0.3224098060518752,0.07541551978377009,3.6763922225847684e-05,32.68965805055148,51.26900214274468,nan,0.0648668269620224,nan
371.89,228.07276916503906,-189.3554229736328,-54.85190963745117,228.50982647892872,-189.87455534864387,-54.86722444591879,0.678787199177663,0.32246140137481144,0.07543124515788392,3.749864300222368e-05,32.612628581574846,52.00903942796572,nan,nan,nan
371.90000000000003,228.06942749023438,-189.34677124023438,-54.85282516479492,228.5055722150255,-189.8574144166799,-54.8669821027665,0.6716986627247487,0.3223950088098141,0.07542085325638048,3.666594232436107e-05,30.472548052391147,50.296493255267414,10.13230771816175,1.380554151776994,nan
371.91,228.06613159179688,-189.33811950683594,-54.85372543334961,228.5024123033877,-189.84877890788874,-54.86804514307294,0.6718027517630213,0.32244638496582034,0.07543659581279145,3.739810503997862e-05,30.391617377133656,50.948404102133125,nan,nan,nan
371.92,228.0629119873047,-189.3294677734375,-54.85460662841797,228.4993129402758,-189.84007757090106,-54.866933510809794,0.6718036238733469,0.3224978458028071,0.07545239904278317,3.6593876851156164e-05,28.96414850790928,49.178504503298505,nan,3.001264859153687,nan
371.93,228.05975341796875,-189.32080078125,-54.85546875,228.49628423419833,-189.83144153633617,-54.867941092481985,0.6719142010703635,0.3225493914871914,0.07546826595215568,3.7324518138473055e-05,28.88504912483584,48.32106399922457,nan,nan,nan
371.94,228.05667114257812,-189.31214904785156,-54.85631561279297,228.49331576343747,-189.8227642760588,-54.86753548680567,0.6719466658711672,0.32260102214388525,0.07548419391476303,3.6524733662266564e-05,28.06823487108081,47.952159122751425,nan,1.262486500521046,nan
371.95,228.0536346435547,-189.30349731445312,-54.85714340209961,228.4854830365014,-189.81890862780529,-54.868501917123936,0.6725108714999398,0.32253453293555384,0.07547387351908352,3.7230434770971166e-05,29.15566865597568,48.405812345780326,6.54689024490352,nan,nan
371.96,228.0506591796875,-189.2948455810547,-54.85795593261719,228.4826334061903,-189.81030238701405,-54.869473728087605,0.6726292521032804,0.32258594412966585,0.07548981826700965,3.6435932587996986e-05,29.23588918946066,48.47882610823328,nan,0.0004459526102862007,nan
371.97,228.04774475097656,-189.28619384765625,-54.8587532043457,228.47984358977135,-189.8016952701407,-54.870404284144136,0.6727457697613278,0.32263744010336276,0.07550582673859461,3.7162907231165424e-05,29.15279598734337,48.35023177780856,nan,nan,nan
371.98,228.04489135742188,-189.2775421142578,-54.859535217285156,228.47711060425914,-189.79306286548325,-54.8704158762202,0.6728250225872041,0.32268902098882,0.07552189665752812,3.637253321134492e-05,28.660390978632805,47.7812010292153,nan,0.5333832789484083,nan
371.99,228.04209899902344,-189.26889038085938,-54.86029815673828,228.474436792999,-189.78445514200118,-54.87130779693701,0.6729369979486688,0.3227406869411241,0.07553803050758055,3.709827461368623e-05,28.578781554416842,47.613847950113,nan,nan,nan
372.0,228.0393524169922,-189.26023864746094,-54.86104965209961,228.42365656942357,-189.7656088493251,-54.87211519593625,0.6349891091732469,0.3226741011729794,0.07552777497706167,3.62895601598001e-05,30.53022748503258,47.613826988057774,30.592097334037085,0.001356664527347907,nan
372.01,228.0366668701172,-189.25157165527344,-54.86178207397461,228.42101502758223,-189.7570211955886,-54.87297773690524,0.6350811655371652,0.32272554736371917,0.07554392501417243,3.701324813805488e-05,30.452601385872114,46.547404106804144,nan,nan,nan
372.02,228.03404235839844,-189.242919921875,-54.86250305175781,228.41842626815315,-189.74840960339336,-54.872916263502205,0.6351214397095132,0.32277707840392017,0.07556013687194835,3.623164313816897e-05,29.967293103416786,46.720827579807796,nan,0.5450113427579272,nan
372.03000000000003,228.03146362304688,-189.23426818847656,-54.86320877075195,228.41589183383502,-189.73982099407684,-54.87374236331232,0.6352004762847003,0.322828694443941,0.07557641272755682,3.6954277503027094e-05,29.884908140877446,46.8966062841598,nan,nan,nan
372.04,228.0289306640625,-189.22561645507812,-54.86389923095703,228.41341065337534,-189.73125848537907,-54.87561651324345,0.6353235551221463,0.32288039562338483,0.075592750762549,3.617634418477871e-05,30.585139290155002,47.81720516012219,nan,0.7434878467525613,nan
372.05,228.02645874023438,-189.21694946289062,-54.86457824707031,228.41763588390614,-189.73201466689702,-54.876355926629714,0.6468774504070705,0.32281371340633064,0.07558255820513994,3.687497015722927e-05,31.549169895286592,46.75735176281157,6.382789991950556,nan,nan
372.06,228.02401733398438,-189.2082977294922,-54.86524200439453,228.41526488760698,-189.7234436838205,-54.87654889047426,0.646975925478937,0.32286519452730933,0.0755989119622901,3.610151936760986e-05,31.237136740959684,47.88647633866122,nan,0.2413218444473717,nan
372.07,228.02163696289062,-189.19964599609375,-54.86589431762695,228.41294341117293,-189.71488688560575,-54.877326716814544,0.6470893372971123,0.3229167605810862,0.0756153297962492,3.682138071705388e-05,31.15492239629554,47.45795887996168,nan,nan,nan
372.08,228.01930236816406,-189.19097900390625,-54.86653137207031,228.41066972246776,-189.7063295922807,-54.87809241275703,0.6472158006525508,0.3229684117107793,0.07563181097388157,3.7555685354306525e-05,31.076278524595907,46.650337011411715,nan,nan,nan
372.09000000000003,228.0170135498047,-189.1823272705078,-54.867156982421875,228.4084427870842,-189.69777172797154,-54.87884626197214,0.6473302679341527,0.32302014806088863,0.07564835563968739,3.8304577779567786e-05,30.99410974288413,47.467220278677175,nan,nan,nan
372.1,228.01478576660156,-189.17367553710938,-54.86777114868164,228.41059131991997,-189.6961324709595,-54.87790444968809,0.6555348713493829,0.3229533694955511,0.07563822002132523,3.741917051117429e-05,30.95410097054831,46.295626646881665,3.611481676114293,1.6885000012064326,nan
372.11,228.01258850097656,-189.16500854492188,-54.868370056152344,228.40846254003338,-189.68759887034167,-54.878618255951196,0.6556843208592453,0.3230048854890017,0.07565477978566272,3.8164493875199454e-05,30.875131269932712,45.915259783171685,nan,nan,nan
372.12,228.01043701171875,-189.15635681152344,-54.86895751953125,228.40637721764165,-189.67899634432894,-54.87616754773792,0.6557230455185773,0.3230564864919665,0.07567140234643002,3.731083075486966e-05,29.42747510789744,45.2614710812091,nan,6.162068372013533,nan
372.13,228.00831604003906,-189.14768981933594,-54.869537353515625,228.40433657012588,-189.6704617275816,-54.876828322179676,0.6558779509368415,0.3231081726493112,0.07568808936568369,3.8053700593572634e-05,29.343709814853153,44.79019424721064,nan,nan,nan
372.14,228.00625610351562,-189.1390380859375,-54.87010192871094,228.4023386235489,-189.66194312782966,-54.87826959850552,0.6560318257081917,0.32315994410531923,0.07570483952837824,3.720674377673741e-05,29.651348586213604,45.39684446573817,nan,0.38987308023908945,nan
372.15000000000003,228.0042266845703,-189.13037109375,-54.87065505981445,228.4012011611351,-189.64388113193647,-54.878778643541324,0.649112692045631,0.32309306929964904,0.07569475832249908,3.79230591575748e-05,27.9844956198061,44.54479061744103,12.480103983270116,nan,nan
372.16,228.0022430419922,-189.1217041015625,-54.87120056152344,228.39928715318524,-189.63530450823282,-54.879539835669114,0.6492295029173257,0.32314462010136114,0.07571152306130356,3.708363855339931e-05,28.032313165896042,44.45720095687916,nan,0.009970150194786682,nan
372.17,228.00018310546875,-189.11305236816406,-54.87183380126953,228.39735523596758,-189.62672487108625,-54.88021802758699,0.6493654108083295,0.323196255990248,0.0757283523541531,3.782110847861733e-05,27.922073886134424,45.27000682685558,nan,nan,nan
372.18,227.998046875,-189.10438537597656,-54.872562408447266,228.39534709433974,-189.61817159926238,-54.88237654449747,0.6495537428051078,0.32324797711073994,0.07574524510639441,3.6987910881381474e-05,28.57649210707399,45.115289056128,nan,1.213476022307474,nan
372.19,227.99583435058594,-189.09573364257812,-54.873382568359375,228.393264075426,-189.60959118653497,-54.88325414425622,0.6496902413292809,0.32329978360746764,0.07576220265075369,3.7723362318949865e-05,28.462540289636056,45.92993346295151,nan,nan,nan
372.2,227.99354553222656,-189.08706665039062,-54.874290466308594,228.37445025505778,-189.60051286563302,-54.884263404754456,0.6393863333878144,0.32323281267040727,0.07575217082526403,3.8448530899634586e-05,29.541138011335697,45.147111882974954,6.690138628301782,nan,nan
372.21,227.99118041992188,-189.07839965820312,-54.87528610229492,228.37219218623432,-189.59195123514715,-54.88532326323933,0.6395357166335934,0.32328439821511257,0.07576914229121415,3.921231518377012e-05,29.43358330157318,45.189336258801255,nan,nan,nan
372.22,227.98875427246094,-189.06973266601562,-54.87636947631836,228.3698623708009,-189.58336589070274,-54.885175942203524,0.6396405443404611,0.32333606892324346,0.07578617747198436,3.828957794509689e-05,28.800874463830347,44.28551534654375,nan,0.9876540422510218,nan
372.23,227.9862518310547,-189.0610809326172,-54.877540588378906,228.36746027726028,-189.57480327889272,-54.8864003655777,0.6397726347487264,0.32338782494018,0.07580327760060322,3.904960297921795e-05,28.694040121817295,45.19210100741593,nan,nan,nan
372.24,227.98367309570312,-189.0524139404297,-54.87879943847656,228.364987554034,-189.5662357406704,-54.88744233270576,0.6399126957292233,0.32343966640922306,0.07582044177937414,3.813690644188992e-05,28.55330018693825,44.41138001969989,nan,0.04309858651341096,nan
372.25,227.9810333251953,-189.0437469482422,-54.8801383972168,228.36362002113358,-189.56945681871608,-54.88882078959201,0.650245208948128,0.32337259945248253,0.07581045508313869,3.886809755419476e-05,30.28882937244753,44.49823734434973,14.482702532323394,nan,nan
372.26,227.9783172607422,-189.0350799560547,-54.88156509399414,228.36100874142267,-189.5609563487357,-54.891114386393845,0.6504536407384711,0.32342421967147933,0.07582763260352794,3.796623596618173e-05,30.663938174042503,45.101830990587494,nan,0.3960519892166167,nan
372.27,227.9755401611328,-189.0264129638672,-54.88307189941406,228.35832976143362,-189.5524424308655,-54.89268626964881,0.6506360844312326,0.32347592513128526,0.07584487518360894,3.8718441071535155e-05,30.562998012772656,44.83139333045713,nan,nan,nan
372.28000000000003,227.97268676757812,-189.01776123046875,-54.88466262817383,228.35558213995378,-189.54394336776969,-54.89527821949389,0.6508373057687674,0.32352771597392427,0.0758621820999491,3.782585095203614e-05,31.065482967595486,46.39330695750163,nan,0.5289563964469232,nan
372.29,227.9697723388672,-189.00909423828125,-54.88633346557617,228.35276845425605,-189.53542947878913,-54.89702477266787,0.6510215924612427,0.32357959234678596,0.07587955432498347,3.85749452516158e-05,30.963247882491764,45.3691932530743,nan,nan,nan
372.3,227.966796875,-189.00042724609375,-54.88808059692383,228.3001893774853,-189.5036894344887,-54.89883334279285,0.6037706621932051,0.3235124294826362,0.07586960809321254,3.7667593515900025e-05,30.957230455626643,45.02793402352308,22.585638408937243,0.00673535422187239,nan
372.31,227.96376037597656,-188.99176025390625,-54.88991165161133,228.29716267435853,-189.49513868749395,-54.90074229740109,0.6038743601576475,0.323564084307991,0.07588699297218678,3.841282659121263e-05,30.85616349036989,44.7971507625903,nan,nan,nan
372.32,227.9606475830078,-188.9831085205078,-54.89181900024414,228.29407230305844,-189.48657568479595,-54.90186206150398,0.6039470941536599,0.32361582444600295,0.07590444245841849,3.753882226708145e-05,30.401038751936593,45.475868811524265,nan,0.46181810626285674,nan
372.33,227.9574737548828,-188.9744415283203,-54.893775939941406,228.29091703993353,-189.47802549288994,-54.90390742039778,0.6040561899470267,0.32366765004568643,0.07592195737939644,3.828133796234488e-05,30.310070215033722,44.529746654566466,nan,nan,nan
372.34000000000003,227.95423889160156,-188.9657745361328,-54.8957405090332,228.28770317066113,-189.46942739729877,-54.90251002492797,0.6040781872529634,0.3237195612465169,0.07593953722873409,3.741553815793898e-05,28.768364295572876,42.943882963047685,nan,7.428812861018256,nan
372.35,227.95094299316406,-188.9571075439453,-54.89768981933594,228.29458549945832,-189.45440623894277,-54.904607579534684,0.6045196602134111,0.32365230259516836,0.07592962789178508,3.813130341723335e-05,27.062463860670086,42.61233870846183,12.522460931222522,nan,nan
372.36,227.9475860595703,-188.94845581054688,-54.89960861206055,228.29126087548207,-189.445811547446,-54.90627732361395,0.6045821530877594,0.3237039919504075,0.07594721976041148,3.7274459871594834e-05,26.912477904522753,43.330288453772546,nan,0.07475131598234072,nan
372.37,227.9441680908203,-188.93978881835938,-54.90149688720703,228.28787481043915,-189.4372216750204,-54.90826158135246,0.6046647972918274,0.3237557666980643,0.07596487719652735,3.801113446596314e-05,26.837812158097847,42.397437612925685,nan,nan,nan
372.38,227.94068908691406,-188.93112182617188,-54.903350830078125,228.28442790460232,-189.42863721559615,-54.91061846994282,0.6047567743224705,0.32380762697581733,0.07598259981361936,3.716183860562923e-05,26.970016910817858,42.54337221485515,nan,0.10262895182002744,nan
372.39,227.93714904785156,-188.92247009277344,-54.90516662597656,228.28092215550527,-189.42004817203141,-54.912539910583604,0.6048291162219612,0.32385957293552226,0.07600038825978311,3.7896310334369264e-05,26.896014146353934,43.38762757557762,nan,nan,nan
372.40000000000003,227.93356323242188,-188.91380310058594,-54.90694808959961,228.3013064111809,-189.42041595285636,-54.91405272336353,0.626052796040618,0.32379221861003954,0.07599051086122438,3.7031448792503606e-05,26.509830711298402,42.063201831474345,4.8192212575067765,0.0831384919056467,nan
372.41,227.92990112304688,-188.9051513671875,-54.908695220947266,228.29772334061727,-189.41183594484613,-54.91590152921213,0.6261584271207371,0.32384394242687203,0.07600831061090609,3.776295253705537e-05,26.434971920394993,43.36176091890025,nan,nan,nan
372.42,227.9261932373047,-188.896484375,-54.91040802001953,228.29408163629134,-189.403263899514,-54.91839235902496,0.6262835701540896,0.3238957517019639,0.07602617578212888,3.692886631666701e-05,26.702434764531674,42.43391201740277,nan,0.2891174192686132,nan
372.43,227.9224395751953,-188.8878173828125,-54.91208267211914,228.2903842495855,-189.39468455673398,-54.92018056236105,0.6263890095121453,0.32394764658901903,0.07604410692476231,3.7658478643172824e-05,26.634901266042593,42.09694816272709,nan,nan,nan
372.44,227.91860961914062,-188.87916564941406,-54.91373062133789,228.28663210900683,-189.38609713203326,-54.92115532726741,0.6264784173265316,0.32399962722279424,0.07606210379951421,3.6831027344755346e-05,26.30446468516167,43.13748022434198,nan,0.38799463082364044,nan
372.45,227.91473388671875,-188.87051391601562,-54.915340423583984,228.2556320600053,-189.3635712516726,-54.922764583474105,0.5994766208496622,0.3239321773530725,0.07605225440934428,3.7535459452199186e-05,26.01724621793483,42.69053042415354,7.848596806679686,nan,nan
372.46,227.91079711914062,-188.86184692382812,-54.91691970825195,228.25172202376186,-189.35497575582994,-54.92528540467473,0.5995630245596447,0.3239839355460237,0.07607026190168006,3.6715370474276145e-05,26.37194705639569,42.318446676741246,nan,0.45020289115047385,nan
372.47,227.9068145751953,-188.8531951904297,-54.9184684753418,228.24775932157075,-189.34637227290602,-54.92694517975581,0.5996155512314602,0.32403577928016297,0.07608833551178318,3.744070251099187e-05,26.30065462623027,42.86576451807211,nan,nan,nan
372.48,227.90277099609375,-188.8445281982422,-54.919986724853516,228.24374633231815,-189.33775353651882,-54.92694240662927,0.5996530628124958,0.3240877086884482,0.07610647508013726,3.662668870506476e-05,25.620162429805767,41.52176854728843,nan,1.715059459817336,nan
372.49,227.898681640625,-188.83587646484375,-54.921470642089844,228.2396772411138,-189.32915078047742,-54.92852655339591,0.5997060412409972,0.3241397239274438,0.07612468103712296,3.735053292297782e-05,25.548430579132337,42.150249241594835,nan,nan,nan
372.5,227.89454650878906,-188.8272247314453,-54.92292785644531,228.22400348568692,-189.3202446870226,-54.92868920870991,0.5929955897003214,0.3240721786271269,0.07611485489448247,3.652014384546307e-05,25.81387490580952,41.49847234995247,3.0378900128267903,1.1167325779129562,nan
372.51,227.89035034179688,-188.8185577392578,-54.92435836791992,228.2198110854838,-189.31165532917214,-54.93020175371224,0.5930630320358677,0.3241239711281845,0.07613307072304394,3.724171922981966e-05,25.74113949169607,40.81054980389766,nan,nan,nan
372.52,227.8861083984375,-188.80990600585938,-54.925758361816406,228.21556966184488,-189.30305831871803,-54.930752184454946,0.59310105886634,0.32417584923009574,0.07615135272625623,3.6440043402220345e-05,25.42638133373104,41.22563120735962,nan,0.5680633614107811,nan
372.53000000000003,227.88180541992188,-188.80125427246094,-54.927127838134766,228.21127593975436,-189.2944697974327,-54.93220095180619,0.5931594338743829,0.3242278130911077,0.07616970127057757,3.716037459488414e-05,25.351932059152617,41.42923962341537,nan,nan,nan
372.54,227.87745666503906,-188.7926025390625,-54.92847442626953,228.20693478913478,-189.28587349939403,-54.93254845570118,0.5932020501311758,0.3242798628414977,0.0761881162924059,3.6363995301656824e-05,25.033756696228036,40.93932740138379,nan,0.7543435612846873,nan
372.55,227.87306213378906,-188.78395080566406,-54.92979049682617,228.19759815116507,-189.27892651939456,-54.9338363803873,0.591896065987166,0.32421222225043633,0.0761783092181555,3.706031333830385e-05,25.555395903939164,40.84296677691135,1.7896290474352403,nan,nan
372.56,227.86862182617188,-188.77529907226562,-54.93108367919922,228.19314734153699,-189.2703545638763,-54.935489999376166,0.5919595979071456,0.32426404896523003,0.07619673337860888,3.626994693008016e-05,25.56840641744247,40.74080613317247,nan,0.05728242268982838,nan
372.57,227.8641357421875,-188.7666473388672,-54.93234634399414,228.18864914853307,-189.26178102717014,-54.93682613894967,0.5920189091180624,0.32431596136668567,0.07621522423464443,3.698721355186273e-05,25.495546438281576,40.642018161765336,nan,nan,nan
372.58,227.85958862304688,-188.75799560546875,-54.933589935302734,228.1840973399312,-189.2532262998681,-54.9407622211903,0.5921239648029999,0.32436795958356684,0.07623378177316684,3.620166864473553e-05,26.293253222114252,41.71416395660383,nan,4.539765255227631,nan
372.59000000000003,227.85501098632812,-188.7493438720703,-54.9348030090332,228.17950448028756,-189.24465399768616,-54.942075592049775,0.5921832812764306,0.3244200437765473,0.07625240628490935,3.691800291162847e-05,26.225706545803273,41.257985541940606,nan,nan,nan
372.6,227.8503875732422,-188.74069213867188,-54.935997009277344,228.16995334616368,-189.23581116504909,-54.94339276645669,0.5893384687324287,0.32435230800952314,0.07624261363787542,3.611529759425732e-05,26.56892053115676,41.2346503903263,0.8329628877417681,0.01022855389827213,nan
372.61,227.8457794189453,-188.73204040527344,-54.937164306640625,228.16529488609052,-189.22724467952222,-54.94465902912843,0.5893840665003159,0.3244041688700003,0.07626124651075303,3.682990246396359e-05,26.50293500300779,41.37901389784152,nan,nan,nan
372.62,227.8412322998047,-188.723388671875,-54.93830871582031,228.16067606553955,-189.218680076869,-54.94612232312022,0.5894225545284367,0.32445611547126907,0.07627994626314466,3.6054261869006416e-05,26.596173351521543,41.34356527930644,nan,0.032016906619957,nan
372.63,227.8367462158203,-188.71473693847656,-54.939430236816406,228.156122950296,-189.21011489309345,-54.94734622223481,0.5894603288346996,0.32450814797531724,0.07629871314670507,3.676812206494535e-05,26.532173639056477,41.55894397919524,nan,nan,nan
372.64,227.8323516845703,-188.7061004638672,-54.940528869628906,228.1516510892356,-189.20154112523113,-54.94686402133222,0.5894520276489449,0.32456026650879155,0.0763175472070597,3.599664210318834e-05,25.866992474339586,41.45269273974636,nan,1.8919590330501275,nan
372.65000000000003,227.82803344726562,-188.69744873046875,-54.94160461425781,228.17635601316252,-189.19716564085434,-54.9480529950927,0.609169255670133,0.324492435715113,0.07630776464287217,3.668734019450089e-05,24.612805226545795,40.579686970381054,11.22599762367192,nan,nan
372.66,227.8238067626953,-188.6887969970703,-54.94266128540039,228.17209598344817,-189.18858168986986,-54.948312410636284,0.6091978789078375,0.32454433061884747,0.07632660628802115,3.5920735873137885e-05,24.294873930634118,40.001382039845,nan,0.5242553894935651,nan
372.67,227.81967163085938,-188.68016052246094,-54.943695068359375,228.16791697694427,-189.18000259851894,-54.94942782415459,0.6092206386497168,0.32459631135119765,0.076345515222743,3.6632463088597137e-05,24.22807892210801,40.57976821426947,nan,nan,nan
372.68,227.8155975341797,-188.6715087890625,-54.94470977783203,228.16381471433039,-189.17143433641132,-54.95282602341141,0.6093001156133396,0.32464837803771684,0.07636449152218477,3.586961892094667e-05,25.09352017201329,41.13800487638929,nan,3.560834800352508,nan
372.69,227.81161499023438,-188.66285705566406,-54.945701599121094,228.15979967746324,-189.1628557464527,-54.95392473511476,0.6093429963301269,0.3247005308421703,0.07638353539368616,3.65808377535795e-05,25.03260362870856,40.79558831428052,nan,nan,nan
372.7,227.80770874023438,-188.6542205810547,-54.946678161621094,228.20460011445465,-189.13779509809362,-54.95473509541847,0.625645259425906,0.32058157566091694,0.07631751369120854,3.579948150022708e-05,26.609567593069933,45.33924147713759,23.224971376185298,0.11755094418128045,0.3632097555840023
372.71,227.80389404296875,-188.64556884765625,-54.9476318359375,228.2007810342826,-189.12912320406073,-54.95579473194786,0.6256282700959093,0.3206294907171155,0.07633569740193846,3.650936523431938e-05,26.527463992643998,43.98589237300817,nan,nan,nan
372.72,227.80014038085938,-188.63693237304688,-54.94856643676758,228.19702967015365,-189.12045334320146,-54.95703575376212,0.6256079969646363,0.32067748655079154,0.07635394193136438,3.5754410884112125e-05,26.611236283242924,45.4154174821498,nan,0.026936427587856374,nan
372.73,227.7964630126953,-188.62828063964844,-54.949485778808594,228.1933628151518,-189.11178182422438,-54.95806124385882,0.6256008210330024,0.3207255695497492,0.07637224765827105,3.646392881555198e-05,26.527427331163075,44.35627977118137,nan,nan,nan
372.74,227.79286193847656,-188.61962890625,-54.950382232666016,228.18973811517577,-189.10311637855807,-54.9597730226929,0.6255869423569818,0.3207737337094384,0.07639061450398785,3.571217678635163e-05,26.8861140701775,44.68280260348981,nan,0.33570314432741094,nan
372.75,227.78932189941406,-188.61099243164062,-54.951263427734375,228.19908169420168,-189.09883856891176,-54.96091642402474,0.637173542617817,0.3207120759130862,0.07638066174584147,3.639913852804237e-05,26.674905663363706,45.98349120450651,2.733209953447144,nan,nan
372.76,227.78587341308594,-188.6023406982422,-54.952125549316406,228.19566235756136,-189.09016833488005,-54.961742538176814,0.6371775800800766,0.3207600387152344,0.07639903109969899,3.56513094076994e-05,26.61637202526944,44.41745541027966,nan,0.0169718695464905,nan
372.77,227.78248596191406,-188.5937042236328,-54.952972412109375,228.19230546848803,-189.08149928851182,-54.96270884130516,0.637174113835717,0.32080808843024944,0.07641746186237051,3.6359394977553955e-05,26.533877829195397,45.47536442419796,nan,nan,nan
372.78000000000003,227.77915954589844,-188.58505249023438,-54.95380401611328,228.18900410779372,-189.07283247583652,-54.963947944328375,0.6371850426279632,0.3208562194469967,0.0764359539976899,3.561443367125355e-05,26.72256340791083,44.938821895520256,nan,0.05686216110739962,nan
372.79,227.77589416503906,-188.576416015625,-54.95461654663086,228.1857823476082,-189.0641633354538,-54.96488510573998,0.6371900921359285,0.3209044375733123,0.07645450782135713,3.632232800715205e-05,26.6403995128089,45.98362899319296,nan,nan,nan
372.8,227.772705078125,-188.56776428222656,-54.95541000366211,228.16813437919745,-189.0606119115184,-54.96430091163897,0.6319352546660885,0.3208427010629916,0.07644456667189245,3.555878934430391e-05,27.826472793695824,43.9100108522536,21.52817021930345,1.691040457229177,nan
372.81,227.7695770263672,-188.5591278076172,-54.95619201660156,228.16500788273066,-189.05198354253284,-54.965193469280344,0.6319441144230444,0.3208907174782925,0.07646312252488129,3.626566587473531e-05,27.744596240102364,44.76873324256725,nan,nan,nan
372.82,227.76651000976562,-188.55047607421875,-54.95695877075195,228.16193111687713,-189.04335714901535,-54.96638722282013,0.6319640033659668,0.32093881533033924,0.07648173999777177,3.552684478303641e-05,27.922057854143134,44.14391844620211,nan,0.06830536806575103,nan
372.83,227.7635040283203,-188.5418243408203,-54.957706451416016,228.15892971160054,-189.0347285307356,-54.96725388363646,0.631986680948014,0.32098700004563135,0.07650041937134967,3.6233634729220705e-05,27.845215246339404,44.128370786065474,nan,nan,nan
372.84000000000003,227.76055908203125,-188.53318786621094,-54.95844268798828,228.15596542139187,-189.02610343345788,-54.96866586003353,0.6319940212435586,0.3210352665758165,0.07651916066132267,3.54972170410365e-05,28.181227859608516,45.3072117193337,nan,0.21465809621936974,nan
372.85,227.75767517089844,-188.5245361328125,-54.95915985107422,228.14129443362378,-189.01410346176755,-54.96949103065002,0.6220503529341861,0.3209734565830594,0.07650922787157816,3.618186618885143e-05,28.48134800760859,44.34278354680792,1.7543036388513706,nan,nan
372.86,227.75485229492188,-188.51588439941406,-54.95986557006836,228.13853116831214,-189.00546275525616,-54.968333518501254,0.6220676414552834,0.3210215212450472,0.07652797070862111,3.544858283685848e-05,27.465403546790533,43.23889272737107,nan,2.718994049518362,nan
372.87,227.7520751953125,-188.5072479248047,-54.9605598449707,228.13574294416625,-188.99683365565005,-54.96913117686992,0.6220680003732882,0.32106967252888063,0.07654677565781315,3.615445135227421e-05,27.38262640043203,44.335512942503485,nan,nan,nan
372.88,227.74935913085938,-188.49859619140625,-54.961238861083984,228.13299048304302,-188.98820684265507,-54.97040809799052,0.6220736926602792,0.32111790575325827,0.07656564276319833,3.542329528526111e-05,27.63504278499999,43.619914356804166,nan,0.16683215491954215,nan
372.89,227.74668884277344,-188.4899444580078,-54.9619026184082,228.1303123932617,-188.97957677821864,-54.971185171847466,0.6220876170465199,0.321166225802166,0.07658457226348643,3.6129202132904475e-05,27.557110991121704,43.81188420298966,nan,nan,nan
372.90000000000003,227.74407958984375,-188.48129272460938,-54.96255111694336,228.16364996862134,-188.99570060718068,-54.97170141960284,0.663881390338535,0.32110433706460495,0.07657464427028318,3.5378863238665885e-05,28.83277378421004,43.81193066783083,22.688005837224168,0.07937664649066238,nan
372.91,227.7415313720703,-188.47265625,-54.963191986083984,228.1611307294732,-188.98713007958102,-54.97245255052824,0.6639523327095885,0.3211524548936475,0.07659357479937919,3.6083969289531864e-05,28.75394542790179,44.28558952886242,nan,nan,nan
372.92,227.739013671875,-188.46400451660156,-54.96381759643555,228.15866584481807,-188.97855884050145,-54.97311786211833,0.6640486378584658,0.32120065478141746,0.07661256771863643,3.5357539656137134e-05,28.73585728594603,44.09532793362142,nan,0.003781433720006909,nan
372.93,227.73655700683594,-188.45535278320312,-54.96442794799805,228.15624862733858,-188.96998759881143,-54.97384457344121,0.6641375780597475,0.3212489412607885,0.07663162324415057,3.606275903440578e-05,28.66160263866682,43.76578606594983,nan,nan,nan
372.94,227.73416137695312,-188.4467010498047,-54.965030670166016,228.15390355104878,-188.96141315239203,-54.97396418507685,0.6642227404666997,0.3212973101698906,0.07665074145358981,3.5338073989154816e-05,28.37539150226779,43.150082556929625,nan,0.24556721205500068,nan
372.95,227.73179626464844,-188.43804931640625,-54.96561813354492,228.15244985232926,-188.9473926567597,-54.97469744912869,0.6606530959305437,0.3212353469989943,0.07664081485277972,3.602142459972855e-05,27.42986865952057,43.58871822444492,4.471184777532146,nan,nan
372.96,227.72947692871094,-188.4293975830078,-54.96619415283203,228.15018725222026,-188.93879544538564,-54.975292413370234,0.6607315164628059,0.321283513516086,0.07665993356351067,3.529922836498067e-05,27.39873105136799,43.62805249002133,nan,0.005999045161127274,nan
372.97,227.7272186279297,-188.42074584960938,-54.96676254272461,228.14796760451986,-188.93019824189403,-54.97596875120066,0.6607996637262653,0.32133176639803007,0.07667911509030491,3.600388735408512e-05,27.321267443576062,43.12600485904419,nan,nan,nan
372.98,227.72486877441406,-188.41209411621094,-54.9674186706543,228.14575480805516,-188.92159836336154,-54.97612967897603,0.6609202015709742,0.3213801018166722,0.07669835952853793,3.528321108534142e-05,27.026123922020922,43.44759947082912,nan,0.21538473151872486,nan
372.99,227.7224578857422,-188.4034423828125,-54.968170166015625,228.1434486568824,-188.9130002060564,-54.97693503489525,0.6610289158129089,0.3214285238105815,0.07671766706799524,3.5988068996336884e-05,26.91946194978567,43.01758279209627,nan,nan,nan
373.0,227.71998596191406,-188.39479064941406,-54.96900939941406,228.1304348783176,-188.9119596971668,-54.9778502528931,0.6603107583710438,0.321366483667565,0.07670773829335269,3.668439238180946e-05,28.86305455755105,42.85829820371419,19.72861521903012,nan,nan
373.01,227.71742248535156,-188.38613891601562,-54.969940185546875,228.12795758150807,-188.903405146214,-54.97883905493872,0.6604412221812953,0.3214147029231271,0.07672704577698981,3.7417153713536885e-05,28.75955678089853,43.34586705126798,nan,nan,nan
373.02,227.7147979736328,-188.3774871826172,-54.97095489501953,228.125408810088,-188.89485037618755,-54.97995882290832,0.6605656695538918,0.32146300466796984,0.07674641639293807,3.661199333867625e-05,28.769022344476337,43.2135099836901,nan,0.001084593956182265,nan
373.03000000000003,227.7121124267578,-188.36883544921875,-54.97206115722656,228.1227922162397,-188.88629500997348,-54.98112693353001,0.6606848528650795,0.32151139291719566,0.07676585032032192,3.7343266787031375e-05,28.66792514060146,42.90843724273864,nan,nan,nan
373.04,227.7093505859375,-188.36016845703125,-54.9732551574707,228.1200876835845,-188.87774087249855,-54.98294227616204,0.6608176820460213,0.32155986402985137,0.07678534767194709,3.654260729267837e-05,28.949376402080578,42.65513908798237,nan,0.20229279799211258,nan
373.05,227.70651245117188,-188.3515167236328,-54.97452926635742,228.11527580650704,-188.86762257876964,-54.984210708049645,0.6584424535862049,0.3214977466551766,0.0767754131621924,3.7248928776990036e-05,28.764354855121127,43.60596157199497,0.3617238426747868,nan,nan
373.06,227.70361328125,-188.34286499023438,-54.97589111328125,228.11242421033114,-188.85906452964537,-54.9864941262854,0.6585596131779351,0.32154601485099343,0.07679490988699887,3.6453600918660756e-05,29.24416525643868,43.93861658854903,nan,0.4704085774806811,nan
373.07,227.70065307617188,-188.33421325683594,-54.97733688354492,228.10953534477048,-188.85050394179012,-54.98801999446663,0.6586766352344433,0.3215943693185661,0.07681447012961802,3.7181265349509864e-05,29.14237148186943,43.7343983670321,nan,nan,nan
373.08,227.6976318359375,-188.3255615234375,-54.97886276245117,228.1065848767911,-188.84194305510854,-54.989511550655884,0.6587912207707081,0.3216428067569839,0.07683409401344819,3.639010550683783e-05,29.102244538785115,43.61555517729994,nan,0.00911563063276717,nan
373.09000000000003,227.6945343017578,-188.31689453125,-54.980472564697266,228.1035656084528,-188.83338249860316,-54.99120317090692,0.6589245603153983,0.3216913306764588,0.0768537817018637,3.711656389544537e-05,29.00347177513,43.042184735098616,nan,nan,nan
373.1,227.69139099121094,-188.30824279785156,-54.98216247558594,228.10283461614944,-188.8349017981508,-54.993596477284264,0.6684207473542189,0.3216291342040775,0.07684383785451306,3.630705122944781e-05,30.90532583810849,44.07733926303146,9.814079101373094,0.19438426873089218,nan
373.11,227.68817138671875,-188.29959106445312,-54.98393249511719,228.09968476867678,-188.82637960904918,-54.99545793189853,0.6685673264086203,0.3216774548522199,0.07686352431982842,3.703147813617214e-05,30.806464766598705,44.342815205988316,nan,nan,nan
373.12,227.6848907470703,-188.2909393310547,-54.98577880859375,228.09649340325876,-188.8178562386402,-54.99673433944789,0.668713838451958,0.32172585856666785,0.07688327463854414,3.62491472400312e-05,30.445659567271502,43.99547753998341,nan,0.29098286862672607,nan
373.13,227.68154907226562,-188.28228759765625,-54.98770523071289,228.0932191155667,-188.80933431635245,-54.99874879367915,0.6688590498176258,0.3217743485451564,0.07690308896660523,3.6972543484413883e-05,30.348768049893245,43.872678152838276,nan,nan,nan
373.14,227.6781463623047,-188.27362060546875,-54.989681243896484,228.08995803114095,-188.80080869782765,-54.998431199363026,0.669023689442601,0.32182292195110407,0.07692296743848813,3.6193904243319494e-05,29.083593778579086,41.854551508837616,nan,3.787253060856002,nan
373.15000000000003,227.6746826171875,-188.2649688720703,-54.991661071777344,228.13268976474038,-188.81750232485223,-55.000449359530705,0.7177332357180234,0.3217606493193501,0.07691301064209875,3.68932626389354e-05,29.68479770831307,43.151332740062124,22.333499541406763,nan,nan
373.16,227.67115783691406,-188.25631713867188,-54.993621826171875,228.12933496051463,-188.80902875895168,-55.00163685569979,0.7179698130712395,0.321809019257839,0.07693288727868343,3.611912257641498e-05,29.286724684726295,42.84703911882317,nan,0.523752538682803,nan
373.17,227.66758728027344,-188.24766540527344,-54.99555969238281,228.1258943117365,-188.80055657207654,-55.00368330913594,0.7181921543476554,0.3218574752532274,0.07695282812691501,3.6839782341520645e-05,29.21746354573637,42.35496648884404,nan,nan,nan
373.18,227.6639404296875,-188.239013671875,-54.997459411621094,228.12235198512516,-188.79208637234254,-55.00716271807803,0.7184182071171574,0.3219060147549947,0.07697283332610584,3.606903910402094e-05,29.95337037682435,43.69043961270439,nan,1.4198841819673038,nan
373.19,227.66024780273438,-188.23036193847656,-54.99932861328125,228.11879514161993,-188.78361470531297,-55.00916132927847,0.7186452311920286,0.3219546405355471,0.076992903025,3.678889456315898e-05,29.889053741294493,43.24239287254801,nan,nan,nan
373.2,227.656494140625,-188.22171020507812,-55.00115966796875,228.15551469874262,-188.78928865185088,-55.012419477930756,0.7558396615588373,0.3218922886215978,0.07698292961553581,3.599942864364561e-05,30.084253825234473,44.71446677577332,15.925765599493948,1.1336789382593138,nan
373.21,227.65269470214844,-188.2130584716797,-55.002952575683594,228.15191516607388,-188.78082821518538,-55.0143613240788,0.7561175257738684,0.3219407105891901,0.07700299684490676,3.6717649090129337e-05,30.025991891248484,44.328920607660585,nan,nan,nan
373.22,227.64881896972656,-188.20440673828125,-55.00471496582031,228.14826953482148,-188.77236807657462,-55.01593121516723,0.7564104395227789,0.32198921613109177,0.07702312862802484,3.5954211180430946e-05,29.897646781352403,44.84499765356335,nan,0.07606986243205295,nan
373.23,227.64491271972656,-188.1957550048828,-55.006439208984375,228.14455955317692,-188.76390853192862,-55.017800809202726,0.7566865100099788,0.32203780775890195,0.07704332511092393,3.667176796586017e-05,29.838175087791196,44.01782235123582,nan,nan,nan
373.24,227.64093017578125,-188.18710327148438,-55.00812911987305,228.1408038408052,-188.7554490075914,-55.01932803355945,0.7569781848925917,0.3220864833101839,0.07706358643697644,3.591130603939752e-05,29.72870332603539,44.655812635382425,nan,0.06382229210979809,nan
373.25,227.6369171142578,-188.17845153808594,-55.00978469848633,228.07973796154616,-188.719321968283,-55.021182150297925,0.6991144591284884,0.32202405433413095,0.07705359273531145,3.660552344635059e-05,29.523348873978726,43.04161981621042,30.48031045737239,nan,nan
373.26,227.63282775878906,-188.1697998046875,-55.011409759521484,228.07577274695583,-188.71081770262123,-55.022950690620064,0.699309531979447,0.3220725269216673,0.07707385093999887,3.733600038635354e-05,29.46050460010683,43.61536056140704,nan,nan,nan
373.27,227.6287078857422,-188.16114807128906,-55.01300048828125,228.07175497073075,-188.70231399614389,-55.02468732110066,0.6994911434765908,0.3221210843486675,0.07709417404163663,3.808104724684506e-05,29.399975870990588,42.92936096625736,nan,nan,nan
373.28000000000003,227.62452697753906,-188.1525115966797,-55.01456069946289,228.06762356678357,-188.69381104508244,-55.02875805619663,0.6996722412526192,0.3221697256678711,0.07711456218471353,3.7233924385998953e-05,31.144454637490597,45.6851497653292,nan,3.4815631727242784,nan
373.29,227.6202850341797,-188.14385986328125,-55.016090393066406,228.0635025138924,-188.6853085812685,-55.030456420943004,0.6998677241378197,0.3222184532064492,0.0771350155137472,3.7976649184587736e-05,31.08509254553795,45.124256502569004,nan,nan,nan
373.3,227.6160125732422,-188.1352081298828,-55.01758575439453,228.047417263013,-188.6643853704277,-55.03143476738802,0.6828838506128596,0.32215594461223496,0.07712499781247115,3.711251143716365e-05,29.75291694676781,43.92120398229533,6.907665358572201,0.23569252330147863,nan
373.31,227.61167907714844,-188.12655639648438,-55.0190544128418,228.04318132021373,-188.6558481765796,-55.033066857810475,0.6830375706070384,0.3222044677860859,0.07714544734864667,3.7852114807927985e-05,29.69234383762813,44.15292962436304,nan,nan,nan
373.32,227.6072998046875,-188.117919921875,-55.0204963684082,228.0388593733304,-188.64731084000826,-55.03614729395059,0.683186180304874,0.3222530749091723,0.07716596212054952,3.7018426243449835e-05,31.04049324917702,46.18252750479875,nan,1.3735126575233847,nan
373.33,227.6028594970703,-188.10926818847656,-55.02190399169922,228.03452495989254,-188.63877440970097,-55.037737342379735,0.6833466214906238,0.32230176806630323,0.07718654227298777,3.775599081384267e-05,30.983515541561125,45.69021153340774,nan,nan,nan
373.34000000000003,227.598388671875,-188.10061645507812,-55.02328872680664,228.03010844841296,-188.63023786839005,-55.04070636824621,0.6835087279075734,0.3223505455170569,0.07720718794992845,3.692814471623075e-05,32.48057011431591,46.6439216152599,nan,1.2519656791752247,nan
373.35,227.59385681152344,-188.09197998046875,-55.02464294433594,228.04684474009971,-188.625849565796,-55.04231457049174,0.7003763873406175,0.3222879590851018,0.07719714252113308,3.763986662588259e-05,31.73893410738275,47.955028345531616,6.599991708178034,nan,nan
373.36,227.58929443359375,-188.0833282470703,-55.025970458984375,228.04240622282373,-188.61730777633244,-55.043854295037555,0.7005456893038252,0.32233653194648093,0.0772177837151924,3.681868711782755e-05,32.0510693164192,46.93121031990713,nan,0.00014536923585552333,nan
373.37,227.5846710205078,-188.07469177246094,-55.02727127075195,228.03792139891448,-188.60876648860483,-55.04535318616857,0.7007129680654529,0.3223851906667338,0.07723849048130013,3.755162502714404e-05,31.99061869440326,48.10608859921191,nan,nan,nan
373.38,227.5800018310547,-188.0660400390625,-55.02854537963867,228.03343201640425,-188.6002273289112,-55.04500031534377,0.7008749949392419,0.32243393372077744,0.07725926296212843,3.673585935844185e-05,30.57628367809096,45.846201029462776,nan,2.1340379668798066,nan
373.39,227.57530212402344,-188.05740356445312,-55.0297966003418,228.02885552617445,-188.59168722777775,-55.046431452545896,0.701032409954204,0.3224827628723865,0.07728010130440711,3.746713092155865e-05,30.51234880814964,46.115396589713015,nan,nan,nan
373.40000000000003,227.57054138183594,-188.0487518310547,-55.03102111816406,228.03334189332742,-188.58572168937903,-55.04751360185011,0.7090789407419829,0.3224200965302961,0.07727002439892795,3.663394061677819e-05,30.306206719917775,45.82245274234631,0.9309483002116673,0.05921781115754877,nan
373.41,227.5657501220703,-188.0401153564453,-55.03221893310547,228.02869223856632,-188.57718308171502,-55.04889374886049,0.7092497403825023,0.3224687207558876,0.07729085755072934,3.736274127699797e-05,30.24478502283485,46.124056661315095,nan,nan,nan
373.42,227.56089782714844,-188.03147888183594,-55.03339767456055,228.02402587514177,-188.56864661173995,-55.048984751745245,0.709422099926067,0.32251742934477806,0.07731175660371353,3.6558195270682875e-05,29.369468450912432,45.75084192197075,nan,1.0353903533386348,nan
373.43,227.5560302734375,-188.02284240722656,-55.034549713134766,228.01929076072832,-188.56010941018275,-55.05030672073375,0.709587482160535,0.32256622387008754,0.07733272170664728,3.728555924112677e-05,29.305494424145948,44.89743611059392,nan,nan,nan
373.44,227.55117797851562,-188.01419067382812,-55.03567886352539,228.01456066567818,-188.5515735962804,-55.05110789800859,0.7097478250832641,0.32261510309123315,0.0773537529991829,3.648581735311546e-05,29.097687533335872,44.27258086476616,nan,0.16128244171601425,nan
373.45,227.54638671875,-188.00555419921875,-55.03678512573242,228.03990743617095,-188.54985003491117,-55.052458678496,0.7348920434540268,0.3225523580766625,0.07734364085532607,3.7188534788336286e-05,28.228945958233204,45.44176473498567,11.72519678848216,nan,nan
373.46,227.5416717529297,-187.99691772460938,-55.037872314453125,228.0353184991494,-188.5413078615424,-55.05466490557915,0.7350712362485775,0.3226010321303945,0.07736466623090311,3.639439055093199e-05,29.2974996314191,46.54015304126215,nan,0.5915209376096904,nan
373.47,227.5370330810547,-187.98828125,-55.038936614990234,228.030830618682,-188.53276760532475,-55.0559072414256,0.7352478503628725,0.32264979196766924,0.07738575784168443,3.711827531748527e-05,29.234499263449045,46.77503746372678,nan,nan,nan
373.48,227.53250122070312,-187.97964477539062,-55.03997802734375,228.02644041721308,-188.52422875917676,-55.05656986827235,0.7354066456258629,0.32269863651618663,0.07740691582477785,3.6328556449333864e-05,28.98090306678354,45.848635096938814,nan,0.2048042025590605,nan
373.49,227.52804565429688,-187.97100830078125,-55.04100036621094,228.02212731342013,-188.5156896725286,-55.05776650674038,0.7355784024010008,0.3227475670979187,0.07742814033274119,3.705130304875978e-05,28.91730972480961,46.152437962579675,nan,nan,nan
373.5,227.523681640625,-187.96237182617188,-55.04199981689453,228.03692490644994,-188.51696923858592,-55.05995205766076,0.7558566151853985,0.3226847418139273,0.07741798916421268,3.624369141767594e-05,30.362270408959446,47.57785920892955,3.6023170624540595,0.7354074837988709,nan
373.51,227.5194091796875,-187.9537353515625,-55.04298400878906,228.03281692071565,-188.50844851871517,-55.06111934324275,0.7560576014536969,0.3227334668992001,0.07743920701246684,3.6964487538718714e-05,30.296281655002687,47.319020171542945,nan,nan,nan
373.52,227.5152130126953,-187.94509887695312,-55.0439453125,228.02881438030693,-188.4999302879744,-55.061187028424776,0.7562549412971808,0.32278227670219556,0.07746049141217876,3.618403565847957e-05,29.542890051482452,46.83233572428657,nan,0.7706941004369655,nan
373.53000000000003,227.5111083984375,-187.9364776611328,-55.04488754272461,228.02487601337475,-188.4914104776723,-55.06230647474496,0.7564463049176018,0.32283117239697895,0.07748184251877441,3.690387716638044e-05,29.476191109390154,47.280959032187084,nan,nan,nan
373.54,227.507080078125,-187.92784118652344,-55.04581069946289,228.02100359955278,-188.48288901563993,-55.06434172288291,0.7566629879362776,0.32288015313220386,0.07750326046509007,3.6127313218117406e-05,30.688562662665095,47.865824622893435,nan,0.5769115539462473,nan
373.55,227.5031280517578,-187.91920471191406,-55.046714782714844,227.989164263967,-188.45956099683548,-55.06541845759636,0.7270254064933451,0.3228172483939791,0.0774930664885156,3.68234176429085e-05,30.380608460486698,47.41814372502604,7.770613371836807,nan,nan
373.56,227.499267578125,-187.9105682373047,-55.047603607177734,227.98546004952058,-188.45101911061388,-55.06439442019686,0.7271534893708906,0.3228660233770112,0.07751447701373013,3.6051517389301566e-05,28.630448166108962,45.256011134116484,nan,2.9315264458594417,nan
373.57,227.4954833984375,-187.9019317626953,-55.0484733581543,227.98179747226334,-188.44247266646502,-55.065432743717224,0.7273056220103962,0.3229148841170631,0.07753595442448279,3.676879228988442e-05,28.562468345427614,45.21504200761994,nan,nan,nan
373.58,227.49176025390625,-187.89329528808594,-55.04932403564453,227.97821901678918,-188.4339272208249,-55.06598990747762,0.7274632402854558,0.3229638298923,0.07755749885058044,3.6000449182647004e-05,28.38444104186318,45.527465769848405,nan,0.14388720075713463,nan
373.59000000000003,227.4881134033203,-187.88465881347656,-55.0501594543457,227.9747078192871,-188.42538072758077,-55.06699090838081,0.727624636668871,0.3230128616832997,0.07757911045197477,3.671700467135683e-05,28.314422029446217,45.3966278437678,nan,nan,nan
373.6,227.4845428466797,-187.8760223388672,-55.05097961425781,227.99831444189132,-188.43420264152206,-55.06693808605259,0.7588024612112316,0.322949876263845,0.0775688698505923,3.593027885043875e-05,28.334858842420168,45.12988759735324,9.674516843701744,0.6304484838777061,nan
373.61,227.48104858398438,-187.8673858642578,-55.051780700683594,227.99498986832424,-188.42569350573143,-55.06789681217263,0.7590143577866434,0.3229987019792716,0.0775904732541404,3.664529356189404e-05,28.265320934732582,44.89712928687213,nan,nan,nan
373.62,227.47763061523438,-187.8587646484375,-55.05257034301758,227.99175636381466,-188.4171873843343,-55.06751811215144,0.7592000218136175,0.32304761271718563,0.07761214384523539,3.5884514453361154e-05,27.333532804494173,44.579790896976135,nan,1.1734319066984453,nan
373.63,227.47425842285156,-187.85012817382812,-55.053340911865234,227.98857125665776,-188.40867779862563,-55.068433954982936,0.7594229219148934,0.3230966093453375,0.07763388178689465,3.6598954096504565e-05,27.261382221740977,44.48423368768921,nan,nan,nan
373.64,227.47097778320312,-187.84149169921875,-55.05409622192383,227.9854700276242,-188.40017075062465,-55.068248721070326,0.7596215144934448,0.3231456913106289,0.07765568720434339,3.584126386597987e-05,26.557232424331772,42.93854854001419,nan,0.7940718625745363,nan
373.65000000000003,227.46774291992188,-187.83285522460938,-55.05483627319336,227.999070986141,-188.38289128654026,-55.06916180972724,0.7648884914636668,0.32308262570043494,0.07764539618306036,3.653264527621066e-05,24.54394066333848,43.82495175641759,23.09323230121062,nan,nan
373.66,227.46458435058594,-187.82421875,-55.05556106567383,227.9961479435901,-188.3743360297122,-55.068372396699495,0.7650836588557451,0.3231315013221756,0.0776671926078581,3.577881144885461e-05,23.44490174161932,42.2880057417046,nan,1.844200078265031,nan
373.67,227.46148681640625,-187.81558227539062,-55.056270599365234,227.99326474200575,-188.3657759936669,-55.069205970032016,0.7652896272652936,0.3231804627139075,0.07768905655506192,3.6491397742153286e-05,23.373961515413548,42.304845509722774,nan,nan,nan
373.68,227.4584503173828,-187.80694580078125,-55.056968688964844,227.9904738668801,-188.35722160126863,-55.06789213625127,0.7654879721604726,0.3232295094203779,0.0777109881469029,3.5740367447773685e-05,22.058501955912764,41.04273902212397,nan,3.0815999422676894,nan
373.69,227.45547485351562,-187.79830932617188,-55.05765151977539,227.9877143217127,-188.34866101377835,-55.06867830762632,0.7656940783422032,0.32327864216300556,0.07773298755088577,3.645256029227502e-05,21.98696447248374,40.94506679619779,nan,nan,nan
373.7,227.45254516601562,-187.7896728515625,-55.05832290649414,227.9933156189897,-188.33858114083677,-55.0669766972707,0.7705893075682982,0.3232154954185509,0.07772264227047852,3.568266248301177e-05,20.109641214382815,40.365832183898995,2.651185400613115,4.05826425523626,nan
373.71,227.44969177246094,-187.78102111816406,-55.05897903442383,227.9906919728812,-188.33000625237358,-55.067712650244886,0.7708061821775358,0.3232644214983011,0.07774463187230675,3.6393631083508526e-05,20.040629369939303,38.742865571913065,nan,nan,nan
373.72,227.44688415527344,-187.7723846435547,-55.05961990356445,227.99598181101197,-188.31164047834764,-55.068996388630325,0.7696707148956564,0.32282430636315124,0.07700861646976227,3.564775809798047e-05,24.799924624714752,44.78103649066967,nan,0.20492665832808749,0.126401695215994
373.73,227.4441375732422,-187.7637481689453,-55.06024932861328,227.9934824752908,-188.303043843788,-55.06971403508297,0.7698761114487056,0.32287213569473244,0.0770274924197684,3.635842371501499e-05,24.706519952783857,44.52672669276345,nan,nan,nan
373.74,227.4414520263672,-187.75511169433594,-55.06086730957031,227.99103148641765,-188.29445144841,-55.070640531421574,0.770078222714672,0.3229200477807378,0.07704642892718702,3.561594475987414e-05,24.83430346032658,44.43307679398801,nan,0.03313859050805557,nan
373.75,227.43881225585938,-187.74647521972656,-55.06147384643555,227.96865689204034,-188.2732723002474,-55.07134738583717,0.7472268660288851,0.3228575604343594,0.07703626363745393,3.630404897402755e-05,24.25521482008506,44.357091856842096,5.525847429713871,nan,nan
373.76,227.43621826171875,-187.73782348632812,-55.06206512451172,227.96634094314544,-188.2646130191164,-55.070368518981574,0.7473996357893451,0.32290527140280156,0.077055199647519,3.556473498755283e-05,23.41963355930258,42.925179882048035,nan,1.8945705931283334,nan
373.77,227.43368530273438,-187.72918701171875,-55.06264877319336,227.964026405613,-188.25598614139074,-55.07102722424872,0.7475621759210151,0.3229530676986331,0.07707419748422273,3.627409567872701e-05,23.325890467236842,43.40851024638934,nan,nan,nan
373.78000000000003,227.43121337890625,-187.72055053710938,-55.06321716308594,227.96179162170452,-188.24733977241763,-55.07069975639182,0.7477139555807022,0.32300094684041253,0.07709325616324042,3.553693764327759e-05,22.87676647569889,42.587388578981916,nan,0.6513683752876988,nan
373.79,227.42864990234375,-187.71189880371094,-55.063880920410156,227.9595180314776,-188.2387117627247,-55.07137959918986,0.7479365578030945,0.32304891152904114,0.07711237693443541,3.624615425900545e-05,22.760407206685485,42.420780474815544,nan,nan,nan
373.8,227.426025390625,-187.70326232910156,-55.064632415771484,227.98316935440226,-188.2416335500116,-55.07009615845339,0.7747792074918598,0.3229863627791104,0.07710221483619462,3.5489667121947574e-05,21.967205715391604,42.74192379359184,6.426435623604504,2.6550943736557024,nan
373.81,227.42333984375,-187.6946258544922,-55.06547927856445,227.98079993463617,-188.23302095334498,-55.07093965155605,0.7750231293791978,0.32303412605144055,0.07712133461441537,3.619789970106738e-05,21.857138741114483,42.37131779426749,nan,nan,nan
373.82,227.4205780029297,-187.68597412109375,-55.06641387939453,227.9783727906369,-188.2244006165481,-55.0714822885099,0.7752830482936994,0.32308197224913815,0.07714051551364459,3.5465584565423086e-05,21.667207658978455,41.62242739428728,nan,0.10550818604686465,nan
373.83,227.41773986816406,-187.67733764648438,-55.06743240356445,227.9758667477735,-188.21578722469013,-55.07250258023975,0.7755380511000333,0.3231299038029418,0.077159758687133,3.617375718164031e-05,21.56043212595718,42.74041907170415,nan,nan,nan
373.84000000000003,227.41485595703125,-187.66868591308594,-55.06854248046875,227.97325283007794,-188.2072006720096,-55.07510741148722,0.775788831916401,0.32317791863298034,0.07717906329249895,3.544325577242847e-05,21.976617781643313,41.514408824074394,nan,1.5396062592406639,nan
373.85,227.41188049316406,-187.66004943847656,-55.069740295410156,227.9791931277676,-188.20434081192445,-55.07629700771329,0.786218617858169,0.32311531054875836,0.07716890209564062,3.612921781838474e-05,22.168021810161445,43.4747490877037,1.1907661547326918,nan,nan
373.86,227.4088592529297,-187.65139770507812,-55.07101821899414,227.97649287011805,-188.1957452346086,-55.07789260504785,0.786491839405789,0.32316312379947243,0.07718820524232446,3.540129995615363e-05,22.224311901851532,41.9016918965199,nan,0.06094626129710018,nan
373.87,227.40576171875,-187.64276123046875,-55.072383880615234,227.97373583042284,-188.18714406340047,-55.07927965079106,0.7867622334400849,0.32321102222543285,0.07720757084443586,3.6108575474202526e-05,22.11495930954603,43.15642354220825,nan,nan,nan
373.88,227.40261840820312,-187.6341094970703,-55.07383346557617,227.97092786654764,-188.17853391072865,-55.08024956210078,0.7870290648544499,0.3232590039904745,0.0772269981496943,3.538226774696524e-05,21.87387049765768,41.36303130389589,nan,0.17395707173494,nan
373.89,227.39939880371094,-187.62545776367188,-55.07536315917969,227.96804366028508,-188.1699323675213,-55.081800266844965,0.7873061688443186,0.32330707116296603,0.07724648817881909,3.608958339175651e-05,21.77035351826949,41.773482574224865,nan,nan,nan
373.90000000000003,227.3961181640625,-187.6168212890625,-55.07697677612305,227.934620006087,-188.13556090198156,-55.083105899151,0.7477383138667414,0.3232444012720399,0.07723632355074574,3.5343524253633706e-05,19.95225847501927,42.10801983930981,28.047977231413466,0.08480044557607942,nan
373.91,227.3927764892578,-187.60816955566406,-55.078670501708984,227.9315725821353,-188.12688890330807,-55.084818533901114,0.7479363539901607,0.32329226657364346,0.07725581158674434,3.6050031645293396e-05,19.849759481040767,41.06554015265169,nan,nan,nan
373.92,227.38937377929688,-187.5995330810547,-55.0804443359375,227.92841202387902,-188.1182524655364,-55.088758758023594,0.7481317788825027,0.32334021526633144,0.07727536159093568,3.532751810802973e-05,20.66825971046658,42.820007477134034,nan,3.192194139068905,nan
373.93,227.3859100341797,-187.59088134765625,-55.08229446411133,227.92524328113,-188.10958072368192,-55.09065373234076,0.7483309904853079,0.3233882491997118,0.07729497450045493,3.6034127614247424e-05,20.563297599353945,41.790976514669005,nan,nan,nan
373.94,227.38238525390625,-187.58224487304688,-55.084224700927734,227.92199140771373,-188.10092536191632,-55.09362338736454,0.7485269441159041,0.3234363668631308,0.07731464968607656,3.531293773885043e-05,21.036527717928642,43.246992871743124,nan,0.6872090000475775,nan
373.95,227.37881469726562,-187.57359313964844,-55.08620071411133,227.9043748147499,-188.08972298638344,-55.09560662852765,0.7366762701531689,0.3233736366132387,0.0773044790344327,3.5997576343516695e-05,21.47831751980301,41.342100964482675,3.993464334749312,nan,nan
373.96,227.3751678466797,-187.56494140625,-55.08818435668945,227.90102795967172,-188.08104010723886,-55.0965128082535,0.7368555426295186,0.32342155222329755,0.07732415171584313,3.527848679058909e-05,20.90019531974024,41.41490101846173,nan,0.9496954866345423,nan
373.97,227.37147521972656,-187.55630493164062,-55.09014892578125,227.89759681602547,-188.07237590197616,-55.09857125832539,0.7370238233603127,0.3234695529159077,0.07734388748312589,3.598449509122448e-05,20.817735167407484,41.80039425372916,nan,nan,nan
373.98,227.3677215576172,-187.5476531982422,-55.09208679199219,227.89410645525106,-188.06371360070167,-55.10071233631324,0.7372067548920774,0.3235176373758545,0.07736368578415777,3.5266561288081366e-05,20.870724114713173,41.080025342527136,nan,0.007551146181462693,nan
373.99,227.36392211914062,-187.5390167236328,-55.093994140625,227.89056226166593,-188.05504994414687,-55.102720705672425,0.7373711937218039,0.3235658071618572,0.07738354744244154,3.597274222989123e-05,20.791645358150348,41.530101599976646,nan,nan,nan
374.0,227.36004638671875,-187.53038024902344,-55.095863342285156,227.91158900876783,-188.0626380441857,-55.10259424425445,0.7665134894371269,0.32350301461311937,0.07737336656645326,3.52346808962982e-05,20.610136465550596,41.71333183039671,8.998384764390158,3.0064574364063783,nan
374.01,227.35614013671875,-187.521728515625,-55.097694396972656,227.90797017490402,-188.05401238090118,-55.10451353569429,0.7667392026822547,0.3235509820599209,0.07739322514839017,3.594017868661145e-05,20.535162217852072,39.83410272603022,nan,nan,nan
374.02,227.35215759277344,-187.51309204101562,-55.09949493408203,227.90429712121212,-188.04538686562074,-55.10639250984757,0.7669702834643134,0.3235990333018003,0.07741314651558058,3.522517224498894e-05,20.505943950550503,41.499971971895896,nan,1.963380916778176e-05,nan
374.03000000000003,227.34814453125,-187.5044403076172,-55.10125732421875,227.90057025691985,-188.03676188923217,-55.108241950483695,0.7671956944867416,0.3236471697238263,0.0774331314208019,3.5930887040958166e-05,20.43091471552804,39.64318853333848,nan,nan,nan
374.04,227.34405517578125,-187.4958038330078,-55.10298156738281,227.89683898636233,-188.02810318053824,-55.10764264722715,0.7674205250624765,0.3236953902694433,0.07745317941625643,3.521680026928775e-05,19.604886108364024,40.55842081230158,nan,4.0646175321594,nan
374.05,227.33993530273438,-187.48716735839844,-55.10467529296875,227.88479277356973,-188.01202921775675,-55.10945924322062,0.7565530524121709,0.32363253636957284,0.07744298546264279,3.590069990312373e-05,19.080514335060503,39.579531269641855,2.50495161441646,nan,nan
374.06,227.33575439453125,-187.478515625,-55.1063346862793,227.88092522324868,-188.00336596376454,-55.10981428222385,0.7567636474974453,0.3236805543759867,0.07746302982661696,3.518831819714415e-05,18.70534767973282,38.624089850769764,nan,1.3117072246517654,nan
374.07,227.33151245117188,-187.46987915039062,-55.10795974731445,227.8769797019202,-187.99472199295442,-55.11149378358836,0.756972271910776,0.32372865742397927,0.07748313790839462,3.589363863563408e-05,18.62526581224921,39.79365501921904,nan,nan,nan
374.08,227.32723999023438,-187.46124267578125,-55.109554290771484,227.87296966494145,-187.98608835015955,-55.11388575066853,0.7571674988497201,0.32377684461048206,0.07750330932467217,3.518204063877183e-05,18.728215580990703,39.12595715754118,nan,0.38696293171057156,nan
374.09000000000003,227.32290649414062,-187.4525909423828,-55.11111831665039,227.86892385844047,-187.97744517667218,-55.11550966630134,0.757381154584783,0.3238251170918942,0.07752354473300226,3.5887625302795136e-05,18.651677405644882,38.55281482844199,nan,nan,nan
374.1,227.3185272216797,-187.44395446777344,-55.112648010253906,227.8587867568271,-187.97463566353733,-55.1168368180845,0.7573113249952974,0.3237622003233292,0.07751333361079736,3.515557394257639e-05,19.695574866403412,38.89420405801839,8.806864517040559,0.06119498273888358,nan
374.11,227.3140869140625,-187.43531799316406,-55.1141471862793,227.8546244899709,-187.96602399863625,-55.118397958383945,0.757527428068874,0.3238102699839724,0.07753356477887938,3.5860560769826854e-05,19.618258483250674,39.23845372749633,nan,nan,nan
374.12,227.3096160888672,-187.4266815185547,-55.11561965942383,227.8503707570445,-187.95744415969156,-55.12239474294611,0.7577403870316444,0.32385842378976004,0.07755385951974932,3.5151185659148296e-05,20.339638259139736,39.264709615509894,nan,4.252676547392562,nan
374.13,227.30508422851562,-187.4180450439453,-55.11705780029297,227.8461125359468,-187.94883394347926,-55.12392229360956,0.7579548842634226,0.3239066627622609,0.07757421843250173,3.58564673626931e-05,20.26703563330218,39.668417432700416,nan,nan,nan
374.14,227.30052185058594,-187.40940856933594,-55.11846923828125,227.84181416769576,-187.94021913777715,-55.1250061537405,0.7581556326999903,0.3239549861994523,0.07759464122022285,3.5147684683607784e-05,20.089098213277897,38.85433455593668,nan,0.12090562221054933,nan
374.15000000000003,227.2958984375,-187.40077209472656,-55.11985397338867,227.84106946199495,-187.92934107241905,-55.12660054053381,0.7593695584470026,0.32389200711579574,0.07758440985557066,3.583124528287496e-05,19.593791195411455,39.46192702868491,2.532845069622976,nan,nan
374.16,227.29122924804688,-187.3921356201172,-55.121212005615234,227.83672238576443,-187.92068897107248,-55.125490469856814,0.7595720593592684,0.32394012751656903,0.07760482780532253,3.5123850020168757e-05,18.765033758771658,38.58577736449051,nan,4.5710533412332275,nan
374.17,227.28652954101562,-187.3834991455078,-55.12253952026367,227.83228833795138,-187.9120676363021,-55.12688226650302,0.7597737645761586,0.32398833296195645,0.07762531010562232,3.582887500816352e-05,18.69182561586853,37.958789164043836,nan,nan,nan
374.18,227.28176879882812,-187.37486267089844,-55.123844146728516,227.82783620092357,-187.90342724527778,-55.12654491556743,0.7599851387181257,0.32403662286768664,0.07764585651221187,3.512196434350969e-05,18.294182204550097,38.109871683362954,nan,2.034388948521881,nan
374.19,227.2769775390625,-187.36622619628906,-55.1251220703125,227.82331290263113,-187.89480709396886,-55.12786874120445,0.7601892126823702,0.3240849980797297,0.07766646754630394,3.5827313511302186e-05,18.21930974328176,37.47897470434537,nan,nan,nan
374.2,227.27212524414062,-187.3575897216797,-55.126373291015625,227.81044010004095,-187.88725427866297,-55.12966032318223,0.7552074096483318,0.324021955490955,0.07765621193727143,3.5099674702325006e-05,18.890187948304575,37.87792292755528,3.086741692467636,0.1489438914727424,nan
374.21,227.26724243164062,-187.3489532470703,-55.12759780883789,227.80581120496618,-187.8786490044073,-55.13094006228503,0.7554105437444537,0.3240701273878915,0.07767681748899818,3.580448089203922e-05,18.817263560534972,37.31967257139113,nan,nan,nan
374.22,227.26231384277344,-187.34033203125,-55.12879943847656,227.80114973153667,-187.87003671356658,-55.131476966245636,0.7556046152865405,0.32411838373375873,0.07769748737258467,3.5099231170017404e-05,18.630726728795185,38.04142287947057,nan,0.3628433661497761,nan
374.23,227.25733947753906,-187.33169555664062,-55.12997817993164,227.79643539008845,-187.8614329201992,-55.132702327922324,0.7558131371309484,0.3241667252724174,0.07771822206212714,3.580438180792045e-05,18.55711139000081,37.18942482766743,nan,nan,nan
374.24,227.25233459472656,-187.32305908203125,-55.131134033203125,227.79165707378925,-187.85284640552214,-55.13549801565241,0.7560174527726117,0.32421515157201514,0.07773902138312186,3.509946452993184e-05,18.816845533432133,37.01350058437376,nan,1.7818446496580125,nan
374.25,227.24728393554688,-187.31443786621094,-55.13226318359375,227.81052597536413,-187.85761555038175,-55.13673844522564,0.7824983194648689,0.3241520457281515,0.07772873827367176,3.5782944311294765e-05,19.14416529056469,38.41566052803816,6.022152127331893,nan,nan
374.26,227.2421875,-187.30580139160156,-55.13337326049805,227.80571758090105,-187.84904617549319,-55.13852591142701,0.7827564098219775,0.32420026848315037,0.07774953147355564,3.507916411576348e-05,19.266182430593563,37.90202533586088,nan,0.26347155212983897,nan
374.27,227.2371368408203,-187.29718017578125,-55.13446044921875,227.80091358319106,-187.84047150359555,-55.1396859880484,0.7829667862511545,0.32424857632233733,0.07777038965647648,3.5784143346261715e-05,19.198588502359726,38.069733707157404,nan,nan,nan
374.28000000000003,227.2321319580078,-187.28854370117188,-55.13552474975586,227.79613337061426,-187.8319161749334,-55.1427325005225,0.7832006066997843,0.32429696890181414,0.07779131268980424,3.508061206820272e-05,19.8447876391555,38.585213265641976,nan,2.5563852042112365,nan
374.29,227.2272186279297,-187.27992248535156,-55.13656997680664,227.7914511199449,-187.8233430157433,-55.14387039167117,0.7834012215679222,0.32434544683415,0.07781230098559491,3.578595168436633e-05,19.781026138075138,38.931592131925925,nan,nan,nan
374.3,227.22239685058594,-187.2712860107422,-55.13759231567383,227.788860644206,-187.82011465928574,-55.14413982035122,0.7887566067945694,0.3242822767929171,0.07780198644409686,3.50614667281125e-05,20.04878720790428,37.68607643324199,2.3662084856749823,0.6093901501316401,nan
374.31,227.21766662597656,-187.26266479492188,-55.13859558105469,227.78435319285586,-187.8115613636698,-55.145230571430005,0.7889645944920257,0.3243305509035361,0.07782296793971911,3.5766295602987356e-05,19.986130109715543,38.4019972940569,nan,nan,nan
374.32,227.21302795410156,-187.25404357910156,-55.13957977294922,227.77994036818322,-187.80300624145823,-55.14605092779983,0.7891714425565065,0.32437890972787076,0.07784401449922339,3.506398620697393e-05,19.87905068201226,38.27660642293316,nan,0.04444705753806658,nan
374.33,227.20848083496094,-187.2454071044922,-55.140541076660156,227.77561605385813,-187.7944537774685,-55.14710142080872,0.7893906787740002,0.3244273538033585,0.07786512649772678,3.576918813160795e-05,19.819741785762655,37.39071335972023,nan,nan,nan
374.34000000000003,227.20401000976562,-187.23678588867188,-55.14148712158203,227.77137724151956,-187.78590594718972,-55.14860461001576,0.7896132426551409,0.324475882898376,0.07788630385738375,3.50670090115972e-05,19.990474560255088,38.83859619693648,nan,0.15611784831142447,nan
374.35,227.19964599609375,-187.22816467285156,-55.14241027832031,227.78461480458523,-187.78462621087903,-55.149672046233405,0.8073974755255662,0.3244126486820395,0.07787595448130183,3.575056057706103e-05,19.928078871130573,38.54540986674286,2.820005569937849,nan,nan
374.36,227.1953582763672,-187.2195281982422,-55.14331817626953,227.78060990499634,-187.776067239883,-55.14861512213727,0.8076405334795081,0.3244609737136936,0.07789712436265603,3.504932552205332e-05,19.18587269203951,37.360010087772075,nan,2.9861000317611097,nan
374.37,227.191162109375,-187.21090698242188,-55.14420700073242,227.7766692112394,-187.76752573283062,-55.14957977544114,0.8078810966648015,0.32450938389862727,0.07791835985793426,3.575440306056263e-05,19.123669782944894,37.86498807659976,nan,nan,nan
374.38,227.18704223632812,-187.20228576660156,-55.145076751708984,227.7728241850961,-187.75897581320893,-55.14944812777998,0.8081233868803038,0.32455787906888744,0.07793966092162959,3.5053235347712027e-05,18.79223434159376,37.81243388439617,nan,0.8201282263914561,nan
374.39,227.18301391601562,-187.19366455078125,-55.145931243896484,227.76905097139303,-187.75043465314758,-55.150368738854844,0.8083638218809248,0.32460645966677326,0.07796102788086492,3.575869226191168e-05,18.72929450817069,37.367154564721936,nan,nan,nan
374.40000000000003,227.17906188964844,-187.18504333496094,-55.146766662597656,227.73641448149831,-187.73246837891227,-55.15079570579012,0.7812376869915739,0.3245431605151503,0.07795063979275968,3.503639091977906e-05,19.050052411398603,36.7612329722792,8.766556190935756,0.2206098119795126,nan
374.41,227.17518615722656,-187.17640686035156,-55.147586822509766,227.73275111722927,-187.72392155545506,-55.151680471697944,0.7814523555155344,0.32459153677294383,0.07797199856092316,3.57413531389333e-05,18.98901032508547,35.99041323079983,nan,nan,nan
374.42,227.17138671875,-187.16778564453125,-55.14839172363281,227.72915689112438,-187.7153817542307,-55.153517851821555,0.7816619101240065,0.324639997976969,0.07799342309958412,3.504107213940691e-05,19.201682798209653,37.04221834158385,nan,0.6599628424481335,nan
374.43,227.1676788330078,-187.15916442871094,-55.14917755126953,227.7256481164085,-187.70683469613434,-55.15438194028023,0.7818564629797959,0.32468854451611445,0.07801491370779691,3.574642105565287e-05,19.14223539078835,36.45060464752859,nan,nan,nan
374.44,227.16403198242188,-187.15054321289062,-55.14994812011719,227.7222116235072,-187.6982894122172,-55.155516194877094,0.7820622827213937,0.3247371763023381,0.0780364703817588,3.504611687835458e-05,19.201356582915203,36.98810469744338,nan,0.05710543259915629,nan
374.45,227.1604461669922,-187.14190673828125,-55.15070724487305,227.712026987931,-187.6777349672057,-55.15636964705204,0.7690158358176413,0.324673812072045,0.07802604006505354,3.572981696689269e-05,18.105688050164215,36.41892132994355,7.98261603785292,nan,nan
374.46,227.15695190429688,-187.13328552246094,-55.15144729614258,227.70872843700872,-187.66915404072313,-55.157956427095655,0.7691909903930116,0.3247222392659225,0.07804758783209965,3.50303116721428e-05,18.350575150904838,36.81045995335542,nan,0.41016958778806906,nan
374.47,227.1535186767578,-187.12466430664062,-55.15217590332031,227.70550669880686,-187.66056757253213,-55.15877421076955,0.7693676783827049,0.3247707517052748,0.07806920184084665,3.573555635507333e-05,18.291927906931594,37.05782505779943,nan,nan,nan
374.48,227.150146484375,-187.11602783203125,-55.15288543701172,227.70236827096542,-187.6519689820417,-55.157776851741076,0.7695490522362367,0.3248193493464233,0.07809088211164014,3.5035982028469264e-05,17.690592503857985,35.939061649008494,nan,2.286987116798773,nan
374.49,227.1468505859375,-187.10740661621094,-55.15358352661133,227.6992833305413,-187.6433816176356,-55.15854973397774,0.7697244979070625,0.32486803251189694,0.0781126289076342,3.5741613142864106e-05,17.630680281778545,36.37977174887986,nan,nan,nan
374.5,227.14361572265625,-187.09878540039062,-55.15427017211914,227.67687903921853,-187.62888237380193,-55.15971471412639,0.751932316800189,0.32480460257216226,0.07810215252592982,3.5020765939819965e-05,18.08162423638093,36.2586621158158,3.9440898612277513,0.13234317312079358,nan
374.51,227.1404571533203,-187.09014892578125,-55.154937744140625,227.67389105666518,-187.62029178496272,-55.1604654024377,0.7520862552826608,0.32485308086791925,0.07812388966947943,3.572590736304413e-05,18.025866867684037,35.04042014403222,nan,nan,nan
374.52,227.13734436035156,-187.08152770996094,-55.15559768676758,227.67097034595238,-187.61169791991887,-55.160713531523356,0.7522388689125609,0.32490164431621155,0.07814569326649408,3.502697059275787e-05,17.850685026057576,36.25422807251088,nan,0.16938768222805517,nan
374.53000000000003,227.13430786132812,-187.07289123535156,-55.1562385559082,227.66810863963906,-187.6031065454426,-55.16143489368547,0.7523952072591927,0.32495029320319785,0.07816756355956679,3.573250221839581e-05,17.794766692634635,34.947062355568114,nan,nan,nan
374.54,227.13133239746094,-187.06427001953125,-55.1568717956543,227.6653260302556,-187.59449954578812,-55.15946732032394,0.7525285955551163,0.3249990275396877,0.07818950059965014,3.5033428981006304e-05,17.165388255746528,35.121897363957,nan,5.050537111276539,nan
374.55,227.12840270996094,-187.05563354492188,-55.15748977661133,227.6749531220847,-187.6017532678988,-55.160115601483184,0.7726389841143845,0.32493553163120287,0.07817897455128094,3.5717302365743904e-05,18.3614663664002,34.97578018801602,10.971739628010939,nan,nan
374.56,227.1255340576172,-187.04701232910156,-55.15809631347656,227.67228560762624,-187.59320503350662,-55.160474089198196,0.7728320526479158,0.3249840608365024,0.07820090118706381,3.501892189752577e-05,18.263870825903844,35.61213513712588,nan,0.0638607427307498,nan
374.57,227.1227264404297,-187.0383758544922,-55.15869140625,227.6696739156146,-187.58465775997828,-55.16111938352738,0.7730338646827355,0.32503267539687797,0.07822289468765105,3.572435161026635e-05,18.203600456778798,34.64146465928259,nan,nan,nan
374.58,227.11997985839844,-187.0297393798828,-55.159271240234375,227.66711251508787,-187.57611539109013,-55.16283852879749,0.7732358082671412,0.32508137535256665,0.0782449551213144,3.5025802668394645e-05,18.3384591539458,34.68388020214795,nan,0.829744950550554,nan
374.59000000000003,227.11727905273438,-187.0211181640625,-55.15984344482422,227.66461310197312,-187.56756696831386,-55.163472935176884,0.7734300422947338,0.3251301609456583,0.07826708270485366,3.5731618087036624e-05,18.27821687771736,35.72950071509979,nan,nan,nan
374.6,227.11451721191406,-187.01248168945312,-55.16050720214844,227.69535022128792,-187.58461937537066,-55.16203822963777,0.8152980194202281,0.32506659852593545,0.07825650318440056,3.501169219276787e-05,19.25039857876559,35.179341790399235,20.595467054921382,3.2361013471019504,nan
374.61,227.1116943359375,-187.00384521484375,-55.161258697509766,227.69282266498155,-187.57613139083944,-55.162786271276595,0.8156126136438218,0.3251151787089591,0.07827861958632111,3.5717015886594785e-05,19.18341388725816,34.97260388542218,nan,nan,nan
374.62,227.10879516601562,-186.99520874023438,-55.162105560302734,227.690240107199,-187.56763195118245,-55.161253447048416,0.8159333785039332,0.3251638442299116,0.07830080310280216,3.501892496357043e-05,19.073098547526875,35.18423285054084,nan,3.971008979281423,nan
374.63,227.1058349609375,-186.986572265625,-55.16304016113281,227.68757909210086,-187.55914262230036,-55.16216073406415,0.8162498519928373,0.3252125953074977,0.0783230539362468,3.572463596126125e-05,19.008697058958923,35.005403184137904,nan,nan,nan
374.64,227.10279846191406,-186.9779510498047,-55.1640625,227.684846491967,-187.55065817064812,-55.16439815572672,0.8165619806346843,0.32526143201704255,0.07834537217640061,3.502632763668768e-05,18.922717385967047,36.10868550848042,nan,1.0845292020525543,nan
374.65000000000003,227.09970092773438,-186.9693145751953,-55.1651725769043,227.64449886625877,-187.5299547976139,-55.16547008420566,0.7817431428062459,0.3251978027496686,0.07833473552247877,3.5710365777046396e-05,19.45646908934637,34.449881541798405,13.839831290185108,nan,nan
374.66,227.09654235839844,-186.96067810058594,-55.16636657714844,227.64157539325507,-187.5214580534898,-55.16704405326204,0.7820074319581399,0.3252464337796742,0.07835704179484011,3.501267527982656e-05,19.402136770927232,34.391983710994744,nan,0.10644513178682195,nan
374.67,227.09332275390625,-186.95204162597656,-55.16764831542969,227.63859039530138,-187.51295930233962,-55.16832040318001,0.7822697054795656,0.3252951502868397,0.07837941554890873,3.571827578815902e-05,19.337006871724018,34.264836581942994,nan,nan,nan
374.68,227.0900421142578,-186.9434051513672,-55.16901397705078,227.63554474910438,-187.50445833388176,-55.16918740510344,0.7825304008864882,0.3253439523647182,0.0784018568862301,3.5020346836695954e-05,19.26081805180658,34.178008357984936,nan,0.17296839819219,nan
374.69,227.08670043945312,-186.9347686767578,-55.17046356201172,227.63243516739035,-187.4959590573385,-55.17062966204202,0.7827905621060045,0.32539284020468223,0.07842436599160098,3.5726327707052016e-05,19.196568494312032,34.120172530256944,nan,nan,nan
374.7,227.0832977294922,-186.92613220214844,-55.1719970703125,227.61860823331637,-187.4894968250368,-55.168841122236145,0.7771402665123675,0.32532914360435017,0.07841366842274687,3.5006947173937586e-05,20.297797364820838,34.27688488071919,4.994133463972071,7.269057362788859,nan
374.71,227.079833984375,-186.91749572753906,-55.17361068725586,227.61535393390398,-187.48101502062616,-55.17041590519844,0.7773968205860456,0.3253778254836948,0.07843616475221808,3.571243026221577e-05,20.23551114463568,34.30058518761451,nan,nan,nan
374.72,227.07630920410156,-186.9088592529297,-55.1753044128418,227.57966492032946,-187.4371955197088,-55.17348869200954,0.7297324747436846,0.3216025231228394,0.0739001834648289,3.501394609520945e-05,25.004576443381836,39.15441496726428,nan,1.3836845765322778,0.27400714702166495
374.73,227.07272338867188,-186.9002227783203,-55.17707824707031,227.57630341033385,-187.42868172447777,-55.17524073733303,0.7299760766168707,0.32165415334646685,0.0739145859848962,3.5719789773828016e-05,24.92009250714366,39.18831876543198,nan,nan,nan
374.74,227.06907653808594,-186.89158630371094,-55.17892837524414,227.57276401916891,-187.42002094495174,-55.17461071742188,0.7300430746415482,0.32170586502562776,0.07392904409633938,3.502197184507397e-05,25.272984040592178,39.744263816414,nan,4.275180749627713,nan
374.75,227.0653839111328,-186.88294982910156,-55.18085861206055,227.5667832005216,-187.41092778648706,-55.17660834978243,0.728134627396596,0.32163978093335316,0.07391871386669686,3.570612817846233e-05,25.29306938126158,39.26787288840891,0.6371620762406486,nan,nan
374.76,227.06163024902344,-186.8743133544922,-55.182838439941406,227.5633131075872,-187.4024982356602,-55.17998435417627,0.7284731327075323,0.3216912739615707,0.07393319426101028,3.500887593595821e-05,24.93603009398702,39.076101062749665,nan,1.4283085190825329,nan
374.77,227.0578155517578,-186.8656768798828,-55.18482208251953,227.5597184723398,-187.3939858128168,-55.18197980147003,0.7287145866991626,0.32174285485255694,0.07394774022908614,3.57145968687943e-05,24.84554695523826,39.199212156407356,nan,nan,nan
374.78000000000003,227.053955078125,-186.85704040527344,-55.18678665161133,227.55604492514792,-187.38544540992083,-55.18347677500242,0.7289149598568244,0.32179451730999775,0.07396234241126677,3.501705768966172e-05,24.84910188294036,38.97690433544393,nan,0.1716618248718514,nan
374.79,227.05003356933594,-186.84841918945312,-55.188724517822266,227.55233986475136,-187.37693346516082,-55.185440609029364,0.7291431533641065,0.32184626783055215,0.07397701027310924,3.572315231880639e-05,24.752324378448293,39.82701399620603,nan,nan,nan
374.8,227.0460662841797,-186.83978271484375,-55.19063186645508,227.53277367421663,-187.36667232634392,-55.18839491579277,0.7172877736108659,0.32178007552000454,0.07396676664384294,3.500410971066507e-05,25.414574471972244,38.51135707310403,5.374110200310915,0.6893765027421177,nan
374.81,227.0420379638672,-186.83114624023438,-55.192501068115234,227.5289355126203,-187.35817618002457,-55.19030651374123,0.717519753376836,0.32183160698260005,0.07398145618454013,3.5709699618834674e-05,25.324736969854317,38.75043933641572,nan,nan,nan
374.82,227.03794860839844,-186.822509765625,-55.1943359375,227.52504863593575,-187.34968567922542,-55.19228016345232,0.7177639632317968,0.32188322012322973,0.07399620254398104,3.501240879573787e-05,25.22850337957361,38.88116221705218,nan,0.006590713578490955,nan
374.83,227.03382873535156,-186.81387329101562,-55.19613265991211,227.521104843495,-187.34119028767356,-55.194123294825474,0.7179869484049246,0.321934921088485,0.07401101445356308,3.5718372350070664e-05,25.140616237576527,38.22532749537408,nan,nan,nan
374.84000000000003,227.02963256835938,-186.80523681640625,-55.19789505004883,227.5171304381589,-187.33272042592446,-55.19639800116054,0.7182585694057533,0.3219867041096073,0.07402588364408379,3.5020771106349644e-05,25.00983187650931,38.8374366301237,nan,0.15327815290542762,nan
374.85,227.02540588378906,-186.79661560058594,-55.199623107910156,227.51953873279447,-187.32737806036573,-55.19806430812588,0.7251748003305607,0.3219204099677472,0.07401573165874926,3.5705032308819124e-05,25.018271181495674,38.9421437824702,0.985044543612391,nan,nan
374.86,227.0211181640625,-186.78797912597656,-55.201316833496094,227.5155098026853,-187.31895739105488,-55.20109692477168,0.7255074490903355,0.32197197369537794,0.07403062227573587,3.500796438279567e-05,24.871311188323375,38.44499270903524,nan,1.173136039093928,nan
374.87,227.01678466796875,-186.7793426513672,-55.20297622680664,227.51137323105416,-187.3104690624794,-55.2028202886616,0.7257500503841101,0.32202362500842885,0.07404557832524318,3.571378837932917e-05,24.7909013495002,38.277074598692565,nan,nan,nan
374.88,227.0124053955078,-186.7707061767578,-55.2046012878418,227.50721091094994,-187.30200896796617,-55.20504876936611,0.7260271030047406,0.3220753584874513,0.07406059223344381,3.501640372506356e-05,24.716752794607373,38.14162769508997,nan,0.2038188392798421,nan
374.89,227.00796508789062,-186.7620849609375,-55.20619583129883,227.50297607880668,-187.2935216587975,-55.20671329766279,0.7262651807235858,0.3221271797525993,0.07407567169796875,3.572259292938073e-05,24.6363519791706,39.105635166239395,nan,nan,nan
374.90000000000003,227.0034942626953,-186.75344848632812,-55.207759857177734,227.49171940310185,-187.2782542703056,-55.20789098440357,0.716787915506085,0.3220607782508284,0.07406559930028007,3.500367280090943e-05,24.020926780744084,37.47562939997569,3.3201486868887695,0.08316316750709342,nan
374.91,226.99896240234375,-186.74481201171875,-55.20928955078125,227.48737628165233,-187.26974568079507,-55.209488038288725,0.7170101211478634,0.32211237981518376,0.07408069955711437,3.570934886234048e-05,23.942063187187788,37.916907334855885,nan,nan,nan
374.92,226.994384765625,-186.73619079589844,-55.210792541503906,227.48294036687454,-187.26118443630102,-55.209981043763406,0.7171509997929618,0.32216406365285155,0.07409585822993334,3.501216188548415e-05,23.87829493408332,38.450021793006414,nan,0.8143066146978291,nan
374.93,226.98977661132812,-186.72755432128906,-55.21226119995117,227.4785036242882,-187.25267683551147,-55.211508311123836,0.7173620529284567,0.32221583503930334,0.0741110823622583,3.5718203166566015e-05,23.797650255799887,37.278719266255905,nan,nan,nan
374.94,226.985107421875,-186.71893310546875,-55.21370315551758,227.47406008136386,-187.24421532022416,-55.21394649917181,0.7176323345388697,0.3222676890741541,0.07412636535311616,3.502068407567088e-05,23.702703862322103,38.28322180151382,nan,0.6227628117616174,nan
374.95,226.9803924560547,-186.71029663085938,-55.21511459350586,227.48813405689867,-187.2460650588706,-55.21535170916015,0.7381391453547764,0.32220118572826534,0.07411637573420952,3.570501060728138e-05,23.984740911537443,37.93916373156712,4.494622250977982,nan,nan
374.96,226.9756317138672,-186.70167541503906,-55.21649932861328,227.4835828049141,-187.23757083909018,-55.216584154172814,0.7383753947756254,0.3222528198246599,0.07413167919360436,3.500800590529832e-05,23.90364066822789,38.545474141972036,nan,0.03359988309486807,nan
374.97,226.97084045410156,-186.6930389404297,-55.217857360839844,227.47899587654285,-187.22908762610734,-55.21800575822511,0.7386272055611095,0.3223045412348102,0.07414704802937626,3.5713891144067943e-05,23.827978585057902,37.2981717065593,nan,nan,nan
374.98,226.9659881591797,-186.68441772460938,-55.21918869018555,227.47440957585465,-187.22065576170274,-55.22050181931927,0.7389487760783207,0.3223563453948449,0.07416247625157213,3.5016552572107935e-05,23.79731728709196,38.52165201161721,nan,0.8547120862609098,nan
374.99,226.9611053466797,-186.67579650878906,-55.220489501953125,227.46973540414848,-187.2121739297776,-55.2218823075561,0.7391936234941938,0.3224082370734576,0.07417796999429253,3.57227949313436e-05,23.7242971240188,38.1420216668102,nan,nan,nan
375.0,226.9561767578125,-186.6671600341797,-55.22176742553711,227.47060155220902,-187.21962812642906,-55.22261977018458,0.7548871362892314,0.32234162721696447,0.07416805260431966,3.500390309872736e-05,25.761949631860713,38.14073973846891,26.201772796136858,0.26360490723384766,nan
375.01,226.95120239257812,-186.65853881835938,-55.223018646240234,227.46585332648556,-187.2112135196237,-55.22394405866138,0.755192535435534,0.32239329855365684,0.07418356615506944,3.570962451844667e-05,25.689540173009508,38.87208445646662,nan,nan,nan
375.02,226.94619750976562,-186.64991760253906,-55.224246978759766,227.46110598735183,-187.20284731812703,-55.22633461962136,0.7555569924993722,0.32244505273650415,0.07419913959871995,3.501245569396187e-05,25.715468975638125,38.49891877156901,nan,0.8389449011706892,nan
375.03000000000003,226.94113159179688,-186.64129638671875,-55.22544860839844,227.45627499178335,-187.19443399849538,-55.22762200577932,0.7558694753512373,0.3224968942085794,0.0742147785022943,3.571853460818194e-05,25.6475450061145,39.140958297581115,nan,nan,nan
375.04,226.93605041503906,-186.63265991210938,-55.226627349853516,227.45144510332648,-187.1860680453284,-55.229984674709826,0.7562430285682217,0.3225488188961126,0.07423047772024711,3.5021022241933144e-05,25.76591685461674,37.79428352544019,nan,0.8509138112784493,nan
375.05,226.930908203125,-186.62403869628906,-55.227783203125,227.46781854761085,-187.18685207687932,-55.23118654486866,0.7778452301855219,0.3224821072059664,0.07422063411836845,3.57053772395195e-05,25.696519746350912,39.450691710427044,4.0403016832923875,nan,nan
375.06,226.9257354736328,-186.61541748046875,-55.22891616821289,227.46287804177055,-187.17842748101168,-55.23179164051095,0.778145659602297,0.3225338113089861,0.07423635274977261,3.5008369761797726e-05,25.534647128674372,38.95880984881931,nan,0.2749603968653427,nan
375.07,226.92051696777344,-186.60679626464844,-55.23002243041992,227.4579214234982,-187.17002964467193,-55.2329927549674,0.7784884149641678,0.3225856024762947,0.07425213679468735,3.571427797709278e-05,25.471685330215852,39.21319422866714,nan,nan,nan
375.08,226.91526794433594,-186.59817504882812,-55.231109619140625,227.45292876604248,-187.1616359911304,-55.2342557889035,0.7788307204280592,0.32263747694648104,0.07426798163044428,3.501692833307435e-05,25.43440449053162,38.80761591128728,nan,0.00487395358869217,nan
375.09000000000003,226.9099884033203,-186.5895538330078,-55.232177734375,227.44789609607534,-187.15323976672872,-55.235415806598894,0.7791642977649657,0.3226894386924811,0.07428389204502535,3.5723186621199644e-05,25.373072717306915,38.50860871085504,nan,nan,nan
375.1,226.90472412109375,-186.58094787597656,-55.233219146728516,227.4072794183629,-187.13721556673374,-55.23530220197211,0.7496665323413796,0.3226226213181923,0.07427411298681164,3.500427627317573e-05,26.475289442533832,39.426248939349584,15.698313030111358,1.2157727438281036,nan
375.11,226.89955139160156,-186.57232666015625,-55.23424530029297,227.40224074761966,-187.1288349569428,-55.236409403072265,0.7499351681225448,0.3226743620829879,0.07429004213013209,3.5710007000955434e-05,26.41613240510355,37.890235946052734,nan,nan,nan
375.12,226.8944549560547,-186.56370544433594,-55.23524856567383,227.39720918130655,-187.1203788662848,-55.23551202121739,0.7500981129970103,0.3227261862312794,0.07430603251950935,3.5012814799924074e-05,26.220754825803226,38.02992713821604,nan,2.7796579071254093,nan
375.13,226.8894500732422,-186.55508422851562,-55.236228942871094,227.39233668335095,-187.11199948749334,-55.236560200423746,0.7503663492191375,0.3227780974386222,0.07432208846384102,3.5718896495182715e-05,26.155961957802578,38.08919295464823,nan,nan,nan
375.14,226.88453674316406,-186.5464630126953,-55.2371940612793,227.38759594613344,-187.1036613612757,-55.23868138229263,0.7506935283301006,0.3228300923910244,0.0743382060546109,3.5021356284687695e-05,26.15020164677032,38.09396374145698,nan,0.8407056581693205,nan
375.15000000000003,226.8797149658203,-186.53785705566406,-55.238136291503906,227.38017724286397,-187.0991523902484,-55.23956004687577,0.7520086239194514,0.32276317323139325,0.07432849169751683,3.570570820841058e-05,26.93262515406915,39.13874907003343,3.9972562509861236,nan,nan
375.16,226.875,-186.52923583984375,-55.23906326293945,227.37556445352553,-187.09077303503733,-55.239934816455225,0.7522563082651506,0.3228149469533156,0.07434462755357953,3.500866965943835e-05,26.83378197185218,37.97977062658168,nan,0.2770981471930544,nan
375.17,226.87037658691406,-186.52061462402344,-55.23997116088867,227.37106697592347,-187.082416821422,-55.24091226653334,0.752538012546917,0.32286680752322333,0.07436082895442529,3.571456861551427e-05,26.7730725786831,38.00948370557338,nan,nan,nan
375.18,226.8658447265625,-186.5120086669922,-55.24085998535156,227.36663650216317,-187.07403341570796,-55.241094406409125,0.7527710645551771,0.32291875190815983,0.07437709242774847,3.501718545928956e-05,26.68365820613172,38.59792214160138,nan,0.4269082343340827,nan
375.19,226.86138916015625,-186.50338745117188,-55.241729736328125,227.3623229238979,-187.0656776478724,-55.24202970299104,0.7530637363078159,0.3229707833608798,0.07439342163190853,3.5723428795594365e-05,26.61990080264618,38.40212439912108,nan,nan,nan
375.2,226.85704040527344,-186.49478149414062,-55.242584228515625,227.32713547679774,-187.05200374213226,-55.24434368507715,0.7290329935028145,0.3229037593121361,0.07438376383244036,3.5004484603058534e-05,28.048844279114213,38.44975568437688,13.891882986872927,1.6294935156062873,nan
375.21,226.85276794433594,-186.4861602783203,-55.2434196472168,227.3229483326307,-187.04366548801403,-55.24525858442946,0.7293044892654288,0.3229555691463481,0.07440011059385995,3.571019518055747e-05,27.99289147945908,38.195405962970966,nan,nan,nan
375.22,226.8485870361328,-186.4775390625,-55.244239807128906,227.31882189477506,-187.03530087450716,-55.245360638003376,0.7295343154901266,0.3230074628578966,0.07441651983353166,3.501296725731814e-05,27.872345161397547,37.88620481575534,nan,0.44824568534234466,nan
375.23,226.844482421875,-186.46893310546875,-55.24504470825195,227.31480487503634,-187.02696264371957,-55.246236261620844,0.7297955846040455,0.3230594434357267,0.07443299481516025,3.571902368686223e-05,27.811520043845633,38.61255625772102,nan,nan,nan
375.24,226.84046936035156,-186.46031188964844,-55.24583435058594,227.31089162523858,-187.0186462820143,-55.24778166834483,0.7300946466359215,0.3231115082436683,0.0744495326553361,3.50214476978552e-05,27.818484303911045,37.78337329543378,nan,0.3309819861499855,nan
375.25,226.83653259277344,-186.4517059326172,-55.246604919433594,227.31125997444516,-187.01554833875446,-55.248683555769674,0.7370811804656092,0.32304438250505046,0.07443993039611532,3.570577155056358e-05,28.361028624893347,38.89976627066631,1.7705828325924613,nan,nan
375.26,226.83267211914062,-186.44308471679688,-55.24736022949219,227.30744958646824,-187.00718246223076,-55.2480838879789,0.7373062006840974,0.3230962254376451,0.07445648526415488,3.500869786655946e-05,28.193858107825946,38.25854612912224,nan,1.4599556347335614,nan
375.27,226.82888793945312,-186.43446350097656,-55.248104095458984,227.30376055919132,-186.99886123373295,-55.2488937071637,0.7375970642594859,0.32314815504133515,0.0744731058977798,3.571456241042663e-05,28.13512645353362,38.15082329377623,nan,nan,nan
375.28000000000003,226.82518005371094,-186.4258575439453,-55.24882888793945,227.3001311109196,-186.99052286923077,-55.249128983038545,0.7378519677960054,0.3232001689259756,0.07448978976841492,3.5017145259117174e-05,28.056609562568177,38.7776906056986,nan,0.2215170492185508,nan
375.29,226.82154846191406,-186.417236328125,-55.249542236328125,227.29659288353142,-186.98220118786486,-55.249905193547995,0.7381413326650864,0.32325226971051974,0.07450653961010596,3.572334993189973e-05,27.996666475490724,38.034958123169964,nan,nan,nan
375.3,226.81797790527344,-186.4086151123047,-55.250240325927734,227.28973718623166,-186.972477467594,-55.24965278916926,0.7351856364769804,0.32318503984212,0.07449698565195993,3.500437594770245e-05,28.021527380004603,38.331658931924835,0.11436691869682925,0.697927402074401,nan
375.31,226.81448364257812,-186.39999389648438,-55.25092315673828,227.2863385003776,-186.96415355117543,-55.25039204545769,0.7354749519115477,0.32323691837297086,0.07451375179014096,3.571004412059895e-05,27.958134934221086,38.219728826815576,nan,nan,nan
375.32,226.81106567382812,-186.39138793945312,-55.25159454345703,227.2830238226777,-186.95584276072805,-55.25159882533379,0.7357674493645127,0.3232888812276677,0.07453058152506606,3.501278593572134e-05,27.886804930268674,38.53608436698663,nan,0.16280820819837122,nan
375.33,226.80770874023438,-186.3827667236328,-55.252254486083984,227.2797646554899,-186.94751793998262,-55.252317349831635,0.7360575571571687,0.32334093079714527,0.07454747727385184,3.571879627393286e-05,27.82535316902418,38.08144619651508,nan,nan,nan
375.34000000000003,226.80442810058594,-186.3741455078125,-55.25289535522461,227.276537204018,-186.93915696540438,-55.25171990240177,0.7362922887297384,0.32339306503412674,0.0745644369813068,3.502119248141578e-05,27.80373946192472,38.0416490006885,nan,1.1986387091993806,nan
375.35,226.80120849609375,-186.3655242919922,-55.2535285949707,227.25501826714142,-186.93108336921017,-55.25239875771826,0.7251218205613563,0.3233257336234057,0.07455492934588592,3.570547002931692e-05,29.146463744110825,38.39764445056784,8.494309027199266,nan,nan
375.36,226.7980499267578,-186.35690307617188,-55.254146575927734,227.25193475170704,-186.9227875422202,-55.25330980367458,0.7254221966701758,0.32337764534209756,0.07457190475805076,3.5008371291834864e-05,29.07080985499702,38.55471149295254,nan,0.04116980253888891,nan
375.37,226.79495239257812,-186.34828186035156,-55.25475311279297,227.2489083459277,-186.91448464323753,-55.25397012414451,0.7257149660855563,0.323429643596863,0.07458894623775156,3.5714183423009295e-05,29.007838149629947,38.57101766674043,nan,nan,nan
375.38,226.79193115234375,-186.33966064453125,-55.255348205566406,227.24595594240532,-186.90619270586936,-55.25506932580252,0.7260145758098654,0.32348172655049534,0.07460605201105984,3.5016744272490906e-05,28.933724004543794,38.15294115672626,nan,0.14296224318683878,nan
375.39,226.78883361816406,-186.33103942871094,-55.25603485107422,227.2429904793266,-186.8978887356089,-55.25576394462712,0.726344728529095,0.3235338962781103,0.07462322407488219,3.572289365631402e-05,28.869137360859806,38.499990576807875,nan,nan,nan
375.40000000000003,226.78567504882812,-186.32241821289062,-55.256813049316406,227.2248797973289,-186.8821427653933,-55.25722109610729,0.7114721022514696,0.3234664614603659,0.07461375624650442,3.500390443540063e-05,28.76180383223803,38.1634703218749,2.2227339191170867,0.3158566308344559,nan
375.41,226.78245544433594,-186.3137969970703,-55.2576789855957,227.22176217329016,-186.8738245196254,-55.2581066942684,0.7117734267717201,0.32351840830135903,0.07463094325972318,3.5709514933417405e-05,28.698053237099703,38.2130562997304,nan,nan,nan
375.42,226.77915954589844,-186.30517578125,-55.258636474609375,227.2185358762876,-186.86546144788758,-55.257219090927414,0.7120207840521736,0.32357043986479134,0.07464819488461528,3.5012241432327814e-05,28.68522850687802,38.543759471467126,nan,2.451480560187652,nan
375.43,226.77581787109375,-186.2965545654297,-55.259681701660156,227.21529395144276,-186.85714234411938,-55.25826636206392,0.712320072721068,0.32362255803339146,0.07466551287024346,3.571819172823391e-05,28.619953449533458,38.158373061045765,nan,nan,nan
375.44,226.7724151611328,-186.28793334960938,-55.26081466674805,227.21197504174432,-186.84880768155682,-55.25873908503609,0.7125989144814514,0.32367476125918215,0.07468289581323868,3.502057623790358e-05,28.622930538528593,38.22487310361805,nan,0.31018298436775715,nan
375.45,226.76895141601562,-186.27931213378906,-55.26203155517578,227.1818110191926,-186.82077123393125,-55.259931423866036,0.6809077908305601,0.3236072251002238,0.07467346504706428,3.5704795578500644e-05,27.4310093235193,37.50019193075123,15.394992751065585,nan,nan
375.46,226.76541137695312,-186.27069091796875,-55.26333236694336,227.17828508888397,-186.8123448404773,-55.25873573097262,0.6810835505535955,0.3236592051673568,0.07469086228921817,3.500768876145445e-05,27.84456163614915,38.45548717720098,nan,4.406911822194069,nan
375.47,226.7618408203125,-186.26205444335938,-55.26472091674805,227.17475886576875,-186.80397330463578,-55.26009961503109,0.681321305185799,0.3237112716769798,0.07470832597132643,3.571343707010996e-05,27.776794277706156,37.06759986733756,nan,nan,nan
375.48,226.75819396972656,-186.25343322753906,-55.26619338989258,227.17116454883322,-186.7955923554719,-55.2611138161224,0.6815475194572126,0.32376342325631846,0.07472585490692951,3.501599364184689e-05,27.84996620169633,38.21881820853043,nan,0.13306765392344577,nan
375.49,226.75448608398438,-186.24481201171875,-55.26774215698242,227.1675226255418,-186.78722035621342,-55.26264169152498,0.6817858986419857,0.3238156615247756,0.07474345052073982,3.572207754334253e-05,27.77545801532384,38.545382111101844,nan,nan,nan
375.5,226.750732421875,-186.23619079589844,-55.269378662109375,227.1358184394333,-186.77862092004648,-55.264572972772406,0.6652403889964738,0.32374802264661673,0.0747340508644573,3.5003091912038646e-05,29.607015142552783,38.66053212841935,17.43344262889923,0.03142711392492759,nan
375.51,226.74691772460938,-186.22755432128906,-55.27109146118164,227.13201757834102,-186.77028129640615,-55.26626955354209,0.66549058419873,0.32380003739792024,0.07475165999726467,3.570863571510004e-05,29.537546601231494,38.34578441998418,nan,nan,nan
375.52,226.74305725097656,-186.21893310546875,-55.272884368896484,227.128141974344,-186.7619242792824,-55.267162884256614,0.6657044347133232,0.3238521372241305,0.0747693346648142,3.501136551433043e-05,29.758982705456788,38.98208377154686,nan,0.5514206923264959,nan
375.53000000000003,226.7391357421875,-186.21031188964844,-55.274757385253906,227.12423060507024,-186.75358473379356,-55.269011346902104,0.665940277773424,0.3239043235860306,0.07478707610347597,3.571724788522926e-05,29.685585647861448,39.04699454794185,nan,nan,nan
375.54,226.7351531982422,-186.20169067382812,-55.27670669555664,227.12023954021686,-186.7452222685191,-55.269713809341354,0.6661583788111892,0.32395659534926946,0.07480488340867207,3.501963955735024e-05,30.094371898318688,39.727869454393606,nan,1.058166796096607,nan
375.55,226.7311248779297,-186.1930694580078,-55.27870178222656,227.10954444821508,-186.73725226616972,-55.2716048100957,0.6628624796195528,0.3238888553834562,0.07479551152242991,3.570379430373065e-05,30.638120844451095,39.84150619009265,1.5001179658111412,nan,nan
375.56,226.72705078125,-186.18443298339844,-55.28070068359375,227.10547930549134,-186.7289381981924,-55.27447350112689,0.6631235591492513,0.3239409033507372,0.07481333164198845,3.5006698315759543e-05,30.276209759995993,38.83753911334167,nan,0.5285955466556279,nan
375.57,226.72291564941406,-186.17581176757812,-55.282684326171875,227.10134422167303,-186.72060875650675,-55.276479342257616,0.6633629815365288,0.3239930377058816,0.07483121863261763,3.5712377060517296e-05,30.184767233083136,39.42174714348888,nan,nan,nan
375.58,226.71871948242188,-186.1671905517578,-55.284637451171875,227.09713086172948,-186.7122562621267,-55.27711171758227,0.6635875505729992,0.3240452574573616,0.07484917175204328,3.5014948241590805e-05,30.661793484640945,40.23076785375298,nan,1.2880862418823638,nan
375.59000000000003,226.71449279785156,-186.1585693359375,-55.286556243896484,227.09289309904358,-186.7039274943779,-55.27905185669093,0.663821229509148,0.3240975638513538,0.07486719199372058,3.5720961930264796e-05,30.559991035753526,39.795122521146034,nan,nan,nan
375.6,226.710205078125,-186.1499481201172,-55.28844451904297,227.08906382719974,-186.6935756588654,-55.28091921108591,0.6626624200116991,0.3240297218225818,0.0748578423516209,3.5001998864868956e-05,30.265301848163336,39.65622221781257,0.6409965082587976,0.0005313123916044216,nan
375.61,226.70587158203125,-186.14132690429688,-55.29029083251953,227.08472654965337,-186.68523868693984,-55.282789982119326,0.6628931863781151,0.32408180407142645,0.074875874601649,3.570747219704307e-05,30.161742695040367,39.773671030379866,nan,nan,nan
375.62,226.70147705078125,-186.13270568847656,-55.2921028137207,227.08035053213473,-186.67691094695664,-55.285190113299805,0.6631381934841196,0.32413397170491914,0.07489397322984012,3.501022376197318e-05,29.8889968294306,39.72791949180813,nan,0.2248799640371878,nan
375.63,226.69705200195312,-186.1240692138672,-55.293880462646484,227.07591539091078,-186.6685746189512,-55.28699652627191,0.6633784683257287,0.3241862258414014,0.07491213909105701,3.5716035354845355e-05,29.792634055580667,38.67287138699327,nan,nan,nan
375.64,226.69256591796875,-186.11544799804688,-55.29561996459961,227.07146123942573,-186.66026327332474,-55.29039348806237,0.6636359430102348,0.32423856568146836,0.07493037165067024,3.5018452323094875e-05,29.1845204601568,39.06049490864417,nan,1.862944164556657,nan
375.65000000000003,226.6880340576172,-186.10682678222656,-55.29732894897461,227.0365690611765,-186.62465425350683,-55.292072807890236,0.6242191648273092,0.32417062286816867,0.07492104046491621,3.570254060539013e-05,27.158013627599416,37.82268745896307,30.992774008421193,nan,nan
375.66,226.68345642089844,-186.09820556640625,-55.29899978637695,227.03195799891694,-186.61625718298052,-55.29480195956459,0.6243784501939061,0.32422273827840714,0.07493928427787137,3.5005473130634966e-05,26.824743785770615,37.70197502613284,nan,0.7198680059203069,nan
375.67,226.6788330078125,-186.08958435058594,-55.30064010620117,227.02728298564236,-186.60784589063326,-55.29649876492606,0.624523467653062,0.3242749400570262,0.07495759543979323,3.571108115660396e-05,26.738972320008607,37.50421859772436,nan,nan,nan
375.68,226.67416381835938,-186.08096313476562,-55.30224609375,227.02257285608496,-186.5994437290747,-55.29880659667895,0.6246781686469093,0.32432722751841747,0.07497597353335851,3.501368414606607e-05,26.534112346245013,37.40194249863798,nan,0.29178743443240424,nan
375.69,226.66944885253906,-186.07235717773438,-55.3038215637207,227.01780639839163,-186.5910331496106,-55.30044643992466,0.6248112795195178,0.324379601609971,0.07499441923769687,3.571962725799608e-05,26.450649949292263,37.93430059264203,nan,nan,nan
375.7,226.66470336914062,-186.06373596191406,-55.30536651611328,227.02095941967556,-186.56101096361047,-55.302212116015724,0.6117276772346425,0.32423310881172623,0.0738614339704313,3.499977853723688e-05,31.78409640246823,41.24611836981961,13.761318212244802,0.0003152961861406207,1.0055177985724495
375.71,226.65989685058594,-186.05511474609375,-55.30687713623047,227.01613004965017,-186.5525919386693,-55.30379385573003,0.6118783832323569,0.3242847746052658,0.07387594613260909,3.5705160584831685e-05,31.689643653270746,41.6678928211165,nan,nan,nan
375.72,226.65504455566406,-186.04649353027344,-55.3083610534668,227.01125096465177,-186.54414311600107,-55.30460231574456,0.6120067353289993,0.3243365248266494,0.07389051635978947,3.5008002316355184e-05,31.75059006951581,41.637616106566156,nan,0.39062707290541887,nan
375.73,226.65016174316406,-186.03787231445312,-55.309814453125,227.00633480530468,-186.53572541459727,-55.30611848241085,0.6121524481020008,0.32438835980831393,0.07390514958547488,3.571372410986948e-05,31.654338189514423,41.39304951616304,nan,nan,nan
375.74,226.64523315429688,-186.0292510986328,-55.31123733520508,227.0013671458208,-186.5272621111809,-55.306459797668936,0.6122656395739127,0.3244402795168286,0.07391984128492939,3.501623269780142e-05,31.848349605424783,41.76138208766414,nan,0.927380571466332,nan
375.75,226.6402587890625,-186.02064514160156,-55.3126335144043,227.00449491874923,-186.52024372179295,-55.30807986520841,0.6182939715211687,0.3243732201244918,0.07390941853550213,3.5700237459747775e-05,31.33123317874406,42.20296012012096,2.460437570259204,nan,nan
375.76,226.63523864746094,-186.01202392578125,-55.31399917602539,226.99947034793718,-186.51185212796787,-55.31028254509117,0.6184713224381732,0.32442491907042015,0.07392413128005125,3.5003262633117114e-05,31.068867102441484,41.578268836034006,nan,0.4268743169567893,nan
375.77,226.63018798828125,-186.00340270996094,-55.315338134765625,226.9943988937913,-186.5034308652149,-55.31168886050123,0.6186202849420611,0.3244767026962713,0.073938907023019,3.570878427313637e-05,30.972088241160925,41.27265931275057,nan,nan,nan
375.78000000000003,226.62509155273438,-185.9947967529297,-55.316654205322266,226.98927936724758,-186.49496965648436,-55.312001575963244,0.6187304297108425,0.32452857100246335,0.07395374171157104,3.501148104962563e-05,31.139343413544598,42.00561541150982,nan,0.8042876824794375,nan
375.79,226.61996459960938,-185.98617553710938,-55.31793975830078,226.98412678427906,-186.4865495794859,-55.31334595221959,0.6188775178352666,0.32458052426897566,0.07396863957618495,3.57173394774732e-05,31.037530574838062,41.352965924794674,nan,nan,nan
375.8,226.61477661132812,-185.97756958007812,-55.3192024230957,226.99088532378445,-186.48326584586934,-55.31753742174155,0.6302295209288805,0.3245133687819939,0.07395830293044439,3.4998514674492246e-05,30.434726862433433,41.72322611340231,1.259753835209478,5.968376770311409,nan
375.81,226.6095733642578,-185.9689483642578,-55.320438385009766,226.9856729273973,-186.47485342924824,-55.318860710330206,0.6303913905139257,0.32456510097969565,0.07397322130867562,3.570383517132204e-05,30.351627599931255,40.61280810206943,nan,nan,nan
375.82,226.60430908203125,-185.96034240722656,-55.321651458740234,226.9804295875295,-186.46648855375625,-55.3214614139214,0.6305954268944104,0.32461691780802143,0.07398819908411533,3.5006719849493236e-05,30.20501318615702,41.47504506917602,nan,1.1952008396838933,nan
375.83,226.59901428222656,-185.95172119140625,-55.322837829589844,226.97513970967915,-186.45807771855112,-55.32275046478936,0.6307672133134545,0.32466881951941806,0.07400324005650799,3.5712380810209964e-05,30.129888466242807,40.747574076155054,nan,nan,nan
375.84000000000003,226.59368896484375,-185.943115234375,-55.32400131225586,226.96982656579883,-186.44975763273405,-55.3265920202876,0.6310092918771911,0.3247208061570571,0.07401834081498533,3.501493444230945e-05,30.245153513507454,41.27236060614252,nan,4.679983782766975,nan
375.85,226.58831787109375,-185.93450927734375,-55.32514190673828,227.0083667285407,-186.45282886848935,-55.32769423422011,0.6671602173266906,0.3246535548305196,0.07400809023446257,3.569888311950896e-05,28.748258720539912,41.10018216584491,22.70393910618668,nan,nan
375.86,226.58291625976562,-185.92588806152344,-55.32625961303711,227.0030296129201,-186.44437594755703,-55.327922314394364,0.6673287660801759,0.3247053201058107,0.07402321117007034,3.500195507265898e-05,28.569712931193123,40.09969091521437,nan,0.729012904545654,nan
375.87,226.57748413085938,-185.9172821044922,-55.32735824584961,226.99766139717497,-186.43595827514056,-55.329134887948186,0.6675155890195023,0.3247571701883162,0.0740383953359919,3.5707417704882776e-05,28.5021666763319,40.37738260712918,nan,nan,nan
375.88,226.57200622558594,-185.90867614746094,-55.32843017578125,226.99225680430342,-186.42753943112643,-55.330271002035296,0.6677073046551312,0.3248091051433237,0.07405363971218537,3.501016306383503e-05,28.43305760259523,40.76871177558351,nan,0.0021629008071005944,nan
375.89,226.56649780273438,-185.9000701904297,-55.32948303222656,226.98681682730754,-186.41912318433324,-55.331441122495455,0.6678981411981024,0.3248611251889764,0.07406894751572077,3.571596341886302e-05,28.366788041619518,40.44627746371471,nan,nan,nan
375.90000000000003,226.56097412109375,-185.89146423339844,-55.33051300048828,227.0014430847005,-186.42064885435587,-55.331380842114804,0.6885129077277764,0.3247937780659765,0.07405877565376053,3.4997192449153514e-05,28.419450626910763,40.90819154371364,4.114817900110391,1.1302108439318463,nan
375.91,226.55551147460938,-185.8828582763672,-55.33152389526367,226.9960377116111,-186.41225192169065,-55.33249939113268,0.6887103518809388,0.32484557644594303,0.07407410307436446,3.570245601491942e-05,28.3520439666726,40.506834580447126,nan,nan,nan
375.92,226.5501251220703,-185.87425231933594,-55.332515716552734,226.99069515821395,-186.40383775590553,-55.33302466069302,0.6888852955306491,0.3248974596421022,0.07408949111041202,3.500539222808407e-05,28.261286041724862,40.45614716884959,nan,0.2324819480754002,nan
375.93,226.54483032226562,-185.8656463623047,-55.33348846435547,226.98544113065657,-186.39544195013838,-55.334099105192394,0.6890730166253766,0.3249494278551572,0.07410494262653218,3.571099730431171e-05,28.19343270979698,40.377017213046024,nan,nan,nan
375.94,226.5396270751953,-185.85704040527344,-55.33443832397461,226.98029120504242,-186.38711255234438,-55.33733757667179,0.68932558497455,0.32500148117751454,0.074120455128389,3.5013603836858856e-05,28.352100951026692,40.864906277922415,nan,3.3612527541115487,nan
375.95,226.53453063964844,-185.8484344482422,-55.33537292480469,226.99012468947873,-186.38779256057163,-55.33833640020685,0.706032501916735,0.324934038460436,0.07411036085138864,3.569750130609136e-05,28.747308837542434,40.7901858374012,3.470535848321925,nan,nan
375.96,226.52952575683594,-185.83982849121094,-55.33628463745117,226.98518517814315,-186.37938935885643,-55.33833603123067,0.7062263421430994,0.3249858698218936,0.07412589256575892,3.5000627173392725e-05,28.55171688916315,41.02920141580232,nan,0.7650831708282809,nan
375.97,226.52462768554688,-185.8312225341797,-55.337181091308594,226.98034883929475,-186.3710166693102,-55.339348737464604,0.7064447444665733,0.3250377861273021,0.07414148782407094,3.5706036289873104e-05,28.49396695767489,40.614380199828105,nan,nan,nan
375.98,226.51983642578125,-185.82261657714844,-55.33805847167969,226.97560840743535,-186.36262994725632,-55.33984258773634,0.7066439854879407,0.325089787482574,0.07415714444789684,3.500883664644173e-05,28.384971932069163,40.30983287932519,nan,0.17766168432135815,nan
375.99,226.51512145996094,-185.81402587890625,-55.33892059326172,226.97096596567437,-186.354257348028,-55.340816284941155,0.7068577277398248,0.3251418740674438,0.07417286483054426,3.571458466020926e-05,28.32236193916952,41.313732138769076,nan,nan,nan
376.0,226.51051330566406,-185.805419921875,-55.33976364135742,226.95720684335163,-186.35206873614285,-55.34120552106166,0.7059476763679904,0.3250743358490743,0.07416284155759605,3.499587284149514e-05,30.028731912065194,40.875333241140744,14.439395370842377,0.13818099690407423,nan
376.01,226.50599670410156,-185.79681396484375,-55.34059143066406,226.9527375139519,-186.34373789870932,-55.342139514227455,0.7061908645567682,0.3251262001719513,0.07417858056378439,3.5701085397822185e-05,29.970475863432043,40.781661538698906,nan,nan,nan
376.02,226.50155639648438,-185.7882080078125,-55.341400146484375,226.94835453818158,-186.33536775614053,-55.34156756663824,0.706408095681222,0.3251781494832058,0.0741943812978196,3.500407816497166e-05,29.83708698208922,41.15068705800079,nan,1.5678720755549458,nan
376.03000000000003,226.49722290039062,-185.77960205078125,-55.342193603515625,226.94406511047455,-186.3270369162588,-55.34245566628386,0.7066491076411361,0.32523018395240033,0.07421024587169009,3.5709633464199024e-05,29.772538459905164,40.59194105837561,nan,nan,nan
376.04,226.4929656982422,-185.77101135253906,-55.34297180175781,226.93986578069317,-186.31873182488033,-55.34433352012394,0.7069082357656784,0.32528230370129285,0.07422617252692812,3.501229723425339e-05,29.754515427635038,41.41581497571869,nan,0.7125409183394471,nan
376.05,226.48878479003906,-185.7624053955078,-55.34373474121094,226.92795540993052,-186.3136406624528,-55.34530642329898,0.7047933194095565,0.3252146701535483,0.07421621822754713,3.569614933610231e-05,30.925425717795118,41.51795761645374,6.148516844987532,nan,nan
376.06,226.4846954345703,-185.75379943847656,-55.344482421875,226.9239101764922,-186.30533125321261,-55.3460015958059,0.7050526505708526,0.3252665673442091,0.07423216303715305,3.499933280243944e-05,30.8575926959523,41.2705507908798,nan,0.01820424865751842,nan
376.07,226.48069763183594,-185.7451934814453,-55.34521484375,226.91994757492566,-186.2970254711548,-55.34684148690074,0.705309650677623,0.32531854962148393,0.0742481717771024,3.570469478653203e-05,30.801883734287557,41.00430976208788,nan,nan,nan
376.08,226.4767608642578,-185.73658752441406,-55.34593200683594,226.91606881911758,-186.2887572350165,-55.34925786478931,0.7056159931867936,0.3253706171145607,0.07426424293785654,3.500755317870244e-05,30.97835929224819,41.713933104511746,nan,1.7851674137741889,nan
376.09000000000003,226.47291564941406,-185.7279815673828,-55.34663772583008,226.91226546561938,-186.2804511400466,-55.350086354253115,0.7058773142387901,0.32542276998145353,0.07428037825974354,3.571325534852862e-05,30.931075921897275,41.227630491531386,nan,nan,nan
376.1,226.46914672851562,-185.71937561035156,-55.347328186035156,226.92680332540132,-186.26085113985172,-55.35118516808244,0.7089853214495991,0.3253550412283001,0.0742704869544647,3.499460466754444e-05,27.76163731370089,40.21051922114995,45.52866551793,0.06508376318025898,nan
376.11,226.4654541015625,-185.7107696533203,-55.34800338745117,226.92318237196275,-186.25246876507228,-55.351990424006736,0.709203069407467,0.3254069712376118,0.07428663981212381,3.5699772783032646e-05,27.71311546776716,40.22618794408257,nan,nan,nan
376.12,226.46182250976562,-185.70216369628906,-55.348663330078125,226.91963698961067,-186.24410190312443,-55.35350408150504,0.7094466511712471,0.3254589863971962,0.07430285541436857,3.5002823923911744e-05,27.86766762563209,40.84322582011823,nan,0.3670540721705495,nan
376.13,226.45828247070312,-185.6935577392578,-55.34931564331055,226.9161631270661,-186.2357187846654,-55.35429145953608,0.7096605198092738,0.32551108685990776,0.07431913528282799,3.5708336086628875e-05,27.82340098029144,40.016201806000076,nan,nan,nan
376.14,226.4547882080078,-185.68495178222656,-55.34994888305664,226.91275825294736,-186.2272985253592,-55.35333889329681,0.7098507195304782,0.3255632727629941,0.07433547823471442,3.5011058328922246e-05,27.388288087518248,40.605648662232845,nan,2.106792892172198,nan
376.15000000000003,226.45138549804688,-185.6763458251953,-55.3505744934082,226.89412112387842,-186.21024688332497,-55.35404407461686,0.693597298326761,0.3254954489616476,0.07432564717474929,3.569487130790293e-05,27.09267749180366,39.45878079409174,2.940174191878643,nan,nan
376.16,226.4480438232422,-185.66773986816406,-55.3511848449707,226.89083184083339,-186.20183511145518,-55.3543687022953,0.6937788512026052,0.325547411710417,0.07434200713233054,3.499811306392303e-05,26.97575181413578,39.70547796306922,nan,0.11864185743974674,nan
376.17,226.44476318359375,-185.6591339111328,-55.351783752441406,226.88761047297842,-186.1934310145861,-55.35508779813137,0.693972645852744,0.3255994596915888,0.07435843146891068,3.570343462244355e-05,26.922105739442884,39.81215283984581,nan,nan,nan
376.18,226.44142150878906,-185.65052795410156,-55.352474212646484,226.88439281189002,-186.1850445357177,-55.356774846358874,0.6942262216625797,0.32565159304575736,0.07437491919251545,3.5006351201974644e-05,27.070614645072496,40.04301814575452,nan,0.6065652474344787,nan
376.19,226.4380340576172,-185.6419219970703,-55.35325622558594,226.8811129352945,-186.17663919907426,-55.35763680327547,0.6944498307463393,0.3257038119205675,0.07439147153967124,3.571201425159377e-05,27.006696697714794,39.615210040237095,nan,nan,nan
376.2,226.4345703125,-185.63330078125,-55.354129791259766,226.88024030419166,-186.16393142278667,-55.35806857203309,0.6929690709014703,0.32563589321340486,0.07438169520331267,3.499342391683721e-05,26.055624447351526,38.97493202532501,3.3253969792331475,0.2126713027105019,nan
376.21,226.43106079101562,-185.62469482421875,-55.3550910949707,226.8768438749218,-186.155502542906,-55.359107673935895,0.6931778451605629,0.3256878886359182,0.07439826390705467,3.569855429664702e-05,25.990502864966224,39.33647383635664,nan,nan,nan
376.22,226.42747497558594,-185.6160888671875,-55.35614013671875,226.87338821772985,-186.14706933586825,-55.36003008804021,0.6933931131479559,0.3257399693627344,0.07441489628762211,3.500166297677858e-05,25.896088907581518,39.78584836023323,nan,0.03001515239298879,nan
376.23,226.42384338378906,-185.6074676513672,-55.357276916503906,226.86987425500683,-186.13863929693989,-55.36124513565921,0.6936156009656625,0.3257921355396071,0.07443159341640242,3.570713869392186e-05,25.833251908743325,38.72868525769315,nan,nan,nan
376.24,226.42015075683594,-185.59886169433594,-55.358497619628906,226.86630179384233,-186.13018527845628,-55.36119402377247,0.6938031200994043,0.3258443873101042,0.07444835454836654,3.500991810741776e-05,25.525939927965595,39.326775337758384,nan,1.292991888490856,nan
376.25,226.41639709472656,-185.59024047851562,-55.359806060791016,226.85138176909197,-186.11855644819917,-55.36244542325645,0.6843510772912336,0.32577637385031366,0.07443862962503654,3.569369818510435e-05,25.77668568541323,38.51797638806529,1.9082144795919431,nan,nan
376.26,226.41259765625,-185.58163452148438,-55.36119842529297,226.84767791991072,-186.11012256015573,-55.3637085426279,0.6845441866927329,0.32582840187170226,0.07445540652640266,3.4996996508941576e-05,25.688550471183564,38.86672365770454,nan,0.026878502636004064,nan
376.27,226.4087371826172,-185.57302856445312,-55.3626708984375,226.84391835643825,-186.10169169136316,-55.36524917297497,0.6847437501008411,0.3258805152722507,0.0744722483065361,3.5702284244592915e-05,25.62146756969232,39.13367466830854,nan,nan,nan
376.28000000000003,226.40481567382812,-185.5644073486328,-55.364227294921875,226.84010385723363,-186.0932722514462,-55.36761793862328,0.6849710829699174,0.3259327141963044,0.07448915436220642,3.500525687239596e-05,25.692472167601352,38.66152053742181,nan,0.39135472720748465,nan
376.29,226.40084838867188,-185.55580139160156,-55.365867614746094,226.8362349363778,-186.08484077802433,-55.36933214181771,0.6851686808791573,0.3259849987884022,0.07450612555276884,3.571088735082376e-05,25.627365941142653,38.961405678865006,nan,nan,nan
376.3,226.39683532714844,-185.54718017578125,-55.367584228515625,226.81422497937305,-186.06564272006594,-55.368819523002365,0.6655967679930583,0.3259168907284559,0.07449644685690181,3.4992354420692725e-05,24.920101112778866,37.68492045704794,4.413735653288502,3.920493798535288,nan
376.31,226.39276123046875,-185.53857421875,-55.369380950927734,226.81021924182713,-186.05718727091715,-55.37067334139298,0.6657569822379164,0.3259689512745728,0.07451343313634419,3.569745353169068e-05,24.850356411407816,38.51417254562587,nan,nan,nan
376.32,226.3886260986328,-185.5299530029297,-55.37125778198242,226.80616100495612,-186.04874549762107,-55.3735409111007,0.6659476430058862,0.32602109727299594,0.07453048395170048,3.500061687269039e-05,24.88146178631892,38.01170768843894,nan,0.6160687775866414,nan
376.33,226.3844451904297,-185.52134704589844,-55.373207092285156,226.80205117685443,-186.04029042209882,-55.37556263705072,0.6661100030709495,0.3260733288683388,0.07454760004172957,3.570606253600466e-05,24.815237441043333,38.76916540677375,nan,nan,nan
376.34000000000003,226.38021850585938,-185.51272583007812,-55.37520980834961,226.7978897619809,-186.03184468151596,-55.378324840779484,0.6662907499998194,0.3261256462048526,0.07456478098370978,3.50088958980733e-05,24.86710156419151,37.726847059625406,nan,0.3235411332044947,nan
376.35,226.3759307861328,-185.50411987304688,-55.37721252441406,226.7935378947889,-186.02624871178594,-55.380342086911554,0.668598545918644,0.3260574437007009,0.07455514477671292,3.5692648967866143e-05,25.2790417437964,38.88982075985458,1.3729669625983525,nan,nan
376.36,226.37161254882812,-185.49549865722656,-55.37919616699219,226.78927684582524,-186.01778722883216,-55.38101041994929,0.668754146551411,0.3261095366946772,0.07457234016702682,3.499600033860123e-05,25.03016797315602,37.507308040223265,nan,1.4680611944410218,nan
376.37,226.3672332763672,-185.4868927001953,-55.38115310668945,226.7849657369707,-186.00934494098263,-55.38308367366786,0.6689248684526563,0.32616171521393916,0.07458960097595616,3.570126044906615e-05,24.969102483431964,38.34069515893217,nan,nan,nan
376.38,226.36280822753906,-185.47828674316406,-55.38307571411133,226.78060581851943,-186.00090631029013,-55.38539797550088,0.6690974756117412,0.32621397940205576,0.0746069268823829,3.500428530726092e-05,24.947756588799717,38.30577519300246,nan,0.05182935517136367,nan
376.39,226.3583221435547,-185.46966552734375,-55.38496398925781,226.7761980219028,-185.99246453630468,-55.38741067517862,0.6692869636768084,0.32626632940470174,0.07462431847301068,3.5709889311031655e-05,24.891924671432953,37.834248117936816,nan,nan,nan
376.40000000000003,226.3538055419922,-185.4610595703125,-55.386817932128906,226.76723715910788,-185.98903954016325,-55.389795805094465,0.6705948242582033,0.3261980326139255,0.0746147198058575,3.4991409317341405e-05,26.005044470251153,38.284722857408475,5.001745677595293,0.15407896148444813,nan
376.41,226.34922790527344,-185.45245361328125,-55.38862991333008,226.7627270835806,-185.98062528599277,-55.3917418182899,0.6707880218579142,0.326250157978101,0.07463212513209551,3.569648313293309e-05,25.952936998740093,38.82931425970876,nan,nan,nan
376.42,226.34461975097656,-185.44383239746094,-55.390411376953125,226.75817215169968,-185.97218722827753,-55.39150042558015,0.6709587181175917,0.3263023689379032,0.07464959579110424,3.499969681344577e-05,25.64915403234299,37.21146816285269,nan,3.2712144427153658,nan
376.43,226.33995056152344,-185.4352264404297,-55.392154693603516,226.753569173441,-185.96377359962827,-55.393355322046276,0.6711511730826115,0.32635466564011395,0.07466713228499847,3.5705118281943306e-05,25.586111644872013,38.326136740224534,nan,nan,nan
376.44,226.3352508544922,-185.42662048339844,-55.393863677978516,226.7489181768828,-185.9553858598955,-55.39759879382293,0.6713623671954421,0.3264070482265895,0.07468473441940784,3.5008001041593245e-05,25.875888639609105,38.24860148075648,nan,4.141919557096917,nan
376.45,226.33050537109375,-185.41799926757812,-55.395538330078125,226.71979837970082,-185.92938602179774,-55.39945926234144,0.642713647475631,0.326338657311838,0.07467516923715371,3.569173246870671e-05,24.921258749459085,37.14395119511344,12.046809669601538,nan,nan
376.46,226.32569885253906,-185.40939331054688,-55.39718246459961,226.71501977147398,-185.9209313461401,-55.40150642415512,0.6428535108445256,0.3263908149637981,0.07469278441686047,3.4995132148817984e-05,24.954894391734232,38.12934424102358,nan,0.05032024075851802,nan
376.47,226.32086181640625,-185.40078735351562,-55.39878845214844,226.7101975476687,-185.9124741409109,-55.403257092278125,0.6429818417165218,0.32644305828540093,0.07471046558471445,3.57003702342437e-05,24.911141755573556,38.00060376240515,nan,nan,nan
376.48,226.31597900390625,-185.39218139648438,-55.400367736816406,226.70533285497265,-185.904012517118,-55.404473613932666,0.6431052601372467,0.32649538741713796,0.0747282126159275,3.5003442397695554e-05,24.764634262318676,37.66636537541841,nan,0.17838686692745803,nan
376.49,226.31105041503906,-185.38357543945312,-55.401912689208984,226.7004249574538,-185.89555618220007,-55.40615723037314,0.6432377720206544,0.3265478025079214,0.07474602590838522,3.5709025397620076e-05,24.71878987575024,37.8069724134159,nan,nan,nan
376.5,226.30609130859375,-185.37496948242188,-55.40342712402344,226.70056398376482,-185.88416171294148,-55.40868018453277,0.6441374183533086,0.3264793176292891,0.07473648941979723,3.4990592913833924e-05,24.24962024838409,37.555882332597655,2.51357984613185,0.5353065395978944,nan
376.51,226.30108642578125,-185.36634826660156,-55.404911041259766,226.69558016914976,-185.87568789344033,-55.41031305290799,0.6442680736735326,0.326531507490473,0.07475431501203735,3.569564675921961e-05,24.212399198355865,36.89884962987336,nan,nan,nan
376.52,226.29603576660156,-185.3577423095703,-55.406368255615234,226.69055707060556,-185.86720166141396,-55.41040382156568,0.6443695960289448,0.3265837830868641,0.0747722066817415,3.49989055595385e-05,23.79189399141494,37.15367480583753,nan,1.6169671301049597,nan
376.53000000000003,226.2909393310547,-185.34913635253906,-55.40779113769531,226.68549087515507,-185.85872838772679,-55.41196446053897,0.6444938943871517,0.32663614456887624,0.07479016477045707,3.570430802242323e-05,23.745944930104415,37.45205670234791,nan,nan,nan
376.54,226.2858123779297,-185.3405303955078,-55.4091911315918,226.68038282021854,-185.850264241632,-55.41459223283387,0.644626713460751,0.32668859207466167,0.0748081892379179,3.50072348304006e-05,24.02389102217186,37.230725787661804,nan,0.8459389673528988,nan
376.55,226.2806396484375,-185.33192443847656,-55.410560607910156,226.65119498314408,-185.8380891203533,-55.41608803016965,0.6273312471539317,0.326620013403425,0.07479867716279692,3.5690949338497474e-05,25.020281467446193,37.60901661198946,7.449469828681741,nan,nan
376.56,226.27542114257812,-185.3233184814453,-55.411903381347656,226.64597395036668,-185.82961399883666,-55.41532799968898,0.6274203234685197,0.32667223538427625,0.0748167131933446,3.499439188756804e-05,24.432308739615067,37.115216865470884,nan,3.576028564844108,nan
376.57,226.27017211914062,-185.31472778320312,-55.4132194519043,226.64071032147513,-185.82115582532896,-55.41676950714122,0.6275193416404576,0.32672454317659244,0.07483481580184995,3.569961284640434e-05,24.38168101525901,37.57167903496553,nan,nan,nan
376.58,226.264892578125,-185.30612182617188,-55.41450881958008,226.63540784766263,-185.8126995888313,-55.41839847766584,0.6276286513708498,0.3267769369169937,0.07485298499290285,3.500272678025324e-05,24.39526256273412,36.70164390314183,nan,0.032054095302813196,nan
376.59000000000003,226.2595672607422,-185.29751586914062,-55.415771484375,226.63006771148457,-185.80424232040355,-55.41979147562643,0.6277407432527256,0.32682941675829313,0.07487122104078951,3.570829353255532e-05,24.34969645328725,36.85183054265075,nan,nan,nan
376.6,226.25421142578125,-185.28890991210938,-55.41700744628906,226.62274693572195,-185.78883148061465,-55.42075822586431,0.6210910280236258,0.3267607444560997,0.07486172868590468,3.4989902658531464e-05,23.44667657867322,36.45014338042941,4.5184063329099855,0.21227783324105484,nan
376.61,226.24880981445312,-185.28030395507812,-55.4182243347168,226.61732860051558,-185.78034948498708,-55.42210010159221,0.6211816555821237,0.32681299847819906,0.07487997551823114,3.569494113626072e-05,23.399418083635002,36.327413235791745,nan,nan,nan
376.62,226.24337768554688,-185.27171325683594,-55.419410705566406,226.61187485576608,-185.77186403781056,-55.42269687055933,0.6212501646272962,0.32686533837197307,0.07489828912950534,3.499823940086885e-05,23.2196791233194,36.98141005094578,nan,0.36774748220269565,nan
376.63,226.23789978027344,-185.2631072998047,-55.42057800292969,226.60638353668395,-185.7633834598787,-55.423984884799495,0.6213438033173516,0.32691776429172353,0.07491666975912077,3.570362731684118e-05,23.17051352336031,36.17080404775383,nan,nan,nan
376.64,226.23239135742188,-185.25450134277344,-55.421722412109375,226.60085814541563,-185.75489848393926,-55.4243332651822,0.6214273000883749,0.3269702763717397,0.07493511746409624,3.500659247038125e-05,22.97500587175495,35.82411251737288,nan,0.5934653328992419,nan
376.65000000000003,226.2268524169922,-185.24591064453125,-55.4228401184082,226.63683262130183,-185.75563642210838,-55.42555935800786,0.6541494710816417,0.32690151061908157,0.07492564039665894,3.5690294096182465e-05,21.738356863692488,36.41762476105267,17.64805718733724,nan,nan
376.66,226.2212677001953,-185.2373046875,-55.4239387512207,226.63130335635523,-185.74714774620824,-55.42682701442775,0.6542763375667998,0.32695379658542745,0.07494409810613413,3.499377379691782e-05,21.703979128827374,35.73223483680657,nan,0.0021664512560447802,nan
376.67,226.21566772460938,-185.2287139892578,-55.42501449584961,226.62573974772027,-185.73865966068252,-55.42801861450986,0.6543796120540292,0.32700616850204944,0.07496262299544666,3.5698981790332e-05,21.652232328476284,35.94542057765768,nan,nan,nan
376.68,226.21002197265625,-185.22010803222656,-55.42606735229492,226.62013884167376,-185.73017948150854,-55.430795719615965,0.6545159181279487,0.32705862650185197,0.07498121514804076,3.500213175768191e-05,21.973620750896885,35.86336991627813,nan,1.8211530792056236,nan
376.69,226.204345703125,-185.21151733398438,-55.427101135253906,226.61450768753954,-185.72169279614468,-55.431962720826064,0.6546262221020727,0.32711117074131413,0.07499987476363622,3.5707686279949124e-05,21.93071739797886,36.382382993837695,nan,nan,nan
376.7,226.19862365722656,-185.20291137695312,-55.4281120300293,226.59513832812152,-185.71639628859262,-55.432417048171374,0.6487751319968736,0.3270423117014758,0.07499040834523484,3.498933103149613e-05,23.004072542720838,36.051819709158984,7.551615440021575,0.3909211021508166,nan
376.71,226.19293212890625,-185.19432067871094,-55.42910385131836,226.58944024313055,-185.70793913852148,-55.43353863758386,0.6488777036029901,0.3270946295338358,0.07500907715348408,3.56943580080604e-05,22.96230674433573,36.191355219061926,nan,nan,nan
376.72,226.18728637695312,-185.18572998046875,-55.430076599121094,226.6313709977508,-185.6928372050632,-55.43596417467823,0.674094615918889,0.3232682868975184,0.07495209210743348,3.4997087632757866e-05,26.561142399766197,40.12874411571535,nan,1.201067478126103,0.5840251770253296
376.73,226.18173217773438,-185.17713928222656,-55.4310302734375,226.62580783005762,-185.68433676154163,-55.437061528780546,0.6741578776895593,0.323316875132157,0.0749698790199924,3.57024505622702e-05,26.511726355678313,39.92657512889657,nan,nan,nan
376.74,226.17628479003906,-185.16854858398438,-55.43196487426758,226.62034878999958,-185.67583453003041,-55.437871913484706,0.6742156629959543,0.3233655448111832,0.07498772677989508,3.500548214953694e-05,26.413223409261775,39.587704323068984,nan,0.05102126349147753,nan
376.75,226.17092895507812,-185.15994262695312,-55.43288040161133,226.60754421322275,-185.6649082256143,-55.43890438697252,0.6675772823243629,0.3233032751075719,0.07497803831465195,3.5689161039124354e-05,26.561258971115628,39.061046166758935,0.6303904702238033,nan,nan
376.76,226.16567993164062,-185.15135192871094,-55.43377685546875,226.6021969689342,-185.65642152671091,-55.44141641484292,0.6676082575424438,0.32335174051901044,0.07499589134008046,3.499270511583834e-05,27.13636709947788,40.29391333352351,nan,1.5292596593168777,nan
376.77,226.16053771972656,-185.14276123046875,-55.43465805053711,226.59701818756113,-185.6479222572937,-55.442454603123714,0.6676553362747468,0.3234002928702554,0.0750138055339587,3.56978908269936e-05,27.09587363684819,40.04415636066398,nan,nan,nan
376.78000000000003,226.15548706054688,-185.13417053222656,-55.43552017211914,226.59200738864743,-185.63941065997383,-55.441977070918135,0.6677269464932478,0.323448926779795,0.0750317808328425,3.500110320670501e-05,26.508171286491265,39.747134801316285,nan,1.5863538501695338,nan
376.79,226.15054321289062,-185.12557983398438,-55.436363220214844,226.5870317717368,-185.63091175549218,-55.44296698827067,0.6677770755655799,0.32349764783799095,0.07504981757926592,3.5706636708079394e-05,26.46288973121292,39.61512668120872,nan,nan,nan
376.8,226.1457061767578,-185.1169891357422,-55.437191009521484,226.55783287611615,-185.60219449487863,-55.44458233896775,0.636653193355462,0.32343529588342446,0.07504014818494217,3.4988342622441375e-05,25.2863425718571,39.33499481460683,20.917064013595706,0.5095203242391052,nan
376.81,226.1409454345703,-185.1083984375,-55.43800354003906,226.5530202935558,-185.59363846579768,-55.44554485827336,0.6366478194032762,0.3234838123317808,0.0750581897270558,3.569334982115459e-05,25.24040700579446,39.70389828270888,nan,nan,nan
376.82,226.13629150390625,-185.0998077392578,-55.43879699707031,226.5483346196568,-185.58507688972196,-55.44575399700567,0.6366428178168017,0.32353241045014075,0.0750762926253896,3.4996740263067894e-05,24.953197327021226,39.257863992340226,nan,0.38481783533955305,nan
376.83,226.13172912597656,-185.09121704101562,-55.439579010009766,226.54371126886167,-185.5765208211751,-55.44667895065536,0.6366313330731227,0.32358109549026354,0.07509445718549279,3.5702098744108394e-05,24.90533222265614,39.08319924701719,nan,nan,nan
376.84000000000003,226.12725830078125,-185.08262634277344,-55.44034194946289,226.5392048918487,-185.56796017386586,-55.44698648625019,0.6366263200371575,0.32362986256897924,0.07511268339884622,3.500515304386535e-05,24.67792518062905,38.995141540172,nan,0.2563819333767615,nan
376.85,226.1228790283203,-185.07403564453125,-55.44108963012695,226.53105793658725,-185.5634200946931,-55.44781990932416,0.6373009162650516,0.323567433449927,0.07510302980623361,3.568882829261851e-05,25.554903097423317,38.95976911765807,4.753977235459286,nan,nan
376.86,226.11859130859375,-185.06544494628906,-55.44182205200195,226.52669337060868,-185.55488572111284,-55.44871718295642,0.6372967188930275,0.32361599575168337,0.07512126034260282,3.499239400915252e-05,25.56941742751735,38.93135774630229,nan,0.0003659172856544879,nan
376.87,226.1143798828125,-185.0568389892578,-55.442543029785156,226.52241646551903,-185.54635097938294,-55.44957829130454,0.6373110199955179,0.323664644749983,0.07513955275397405,3.569757607857337e-05,25.524141518824194,38.24957789949982,nan,nan,nan
376.88,226.11024475097656,-185.04824829101562,-55.4432487487793,226.5182504239524,-185.5378118611884,-55.44978628306959,0.6373255508571537,0.32371337589397536,0.07515790706246538,3.500080909141622e-05,25.282674795548278,38.994958848986116,nan,0.28886629302692335,nan
376.89,226.106201171875,-185.03965759277344,-55.443939208984375,226.51414175291399,-185.52927645110117,-55.45061430485404,0.6373277814385978,0.32376219394528555,0.075176323528145,3.5706339314827504e-05,25.234093977087774,38.81584806911611,nan,nan,nan
376.90000000000003,226.1022491455078,-185.03106689453125,-55.44461441040039,226.48978904333782,-185.51550496153956,-55.452687149956674,0.6204293531908273,0.32369968260228993,0.07516668210262209,3.498806518737914e-05,26.447964920359308,39.35515440700503,5.48431868932093,1.0305386469757465,nan
376.91,226.09835815429688,-185.02247619628906,-55.44527816772461,226.4858048207219,-185.5069718920811,-55.453502719561854,0.6204181185441131,0.32374829553247814,0.07518510238099865,3.569306945626849e-05,26.40558153023711,39.632765103861004,nan,nan,nan
376.92,226.0945587158203,-185.0138702392578,-55.445926666259766,226.48194384519988,-185.4984316917781,-55.453150854318146,0.6204185914574979,0.32379699071064455,0.07520358479455003,3.499647856878596e-05,25.930232737223726,38.244880337630896,nan,0.9424538135794128,nan
376.93,226.0908203125,-185.00527954101562,-55.446563720703125,226.47811457096293,-185.48989748873902,-55.45393064106453,0.6204076638868958,0.32384577257531094,0.07522212957832713,3.570183443972733e-05,25.884140440708325,39.223132535224565,nan,nan,nan
376.94,226.08717346191406,-184.99668884277344,-55.44718933105469,226.4743457467467,-185.48136489665953,-55.4550842583561,0.6203834179200935,0.32389463705268706,0.07524073679162686,3.5004906487511396e-05,26.070916606438182,39.0547852037527,nan,0.1050092931079854,nan
376.95,226.0834503173828,-184.9880828857422,-55.447906494140625,226.47941541404393,-185.48167084729374,-55.45593368203018,0.6328363685091741,0.3238320477421067,0.07523110409844934,3.568857968666084e-05,26.832030161416323,38.817402216836115,4.105344564216709,nan,nan
376.96,226.07968139648438,-184.9794921875,-55.44871520996094,226.47560693388183,-185.47316448648928,-55.45730525990647,0.6328847911831162,0.3238807069200595,0.07524971460565798,3.4992162229982086e-05,27.057628695303997,39.58326368825178,nan,0.15375358005600914,nan
376.97,226.07586669921875,-184.9709014892578,-55.44961166381836,226.47175995417567,-185.46465538275754,-55.458306101916286,0.63292967217564,0.32392945256763106,0.07526838769455729,3.569734227279505e-05,26.98973510138327,39.412880973487276,nan,nan,nan
376.98,226.0719757080078,-184.96229553222656,-55.45059585571289,226.46788402555566,-185.45614254811093,-55.45867423005521,0.6330035790842582,0.3239782809222783,0.07528712344455643,3.500059124754729e-05,26.66090939184496,38.854093986862644,nan,0.3688896982505273,nan
376.99,226.0680389404297,-184.95370483398438,-55.45166778564453,226.46392647513815,-185.4476327136995,-55.459847268365664,0.6330549695208268,0.324027195962216,0.07530592206083145,3.570611970465486e-05,26.59271072907686,39.378734120026074,nan,nan,nan
377.0,226.06405639648438,-184.94509887695312,-55.45283126831055,226.46720191106206,-185.46036081458345,-55.460730321631196,0.6542809529078703,0.32396452441306395,0.07529629444444322,3.498786089615277e-05,29.377941939056758,38.99758440053372,42.52259740429384,0.156564735855168,nan
377.01,226.0600128173828,-184.93650817871094,-55.45407485961914,226.4631355892282,-185.45193115714332,-55.46207579597288,0.65439501133409,0.32401323381064245,0.07531509580424416,3.569286364442319e-05,29.314497158599657,39.989147482169805,nan,nan,nan
377.02,226.05592346191406,-184.9279022216797,-55.455406188964844,226.45899070228285,-185.44350398122236,-55.46423456578646,0.6545122725658515,0.32406202600309514,0.07533396005145394,3.4996287051911316e-05,29.67760066107964,39.501324321248106,nan,0.3733120168075118,nan
377.03000000000003,226.05177307128906,-184.91929626464844,-55.45682144165039,226.454819132957,-185.43507367938028,-55.46575866882433,0.6546390940075735,0.32411090467116976,0.07535288737541951,3.5701641626797696e-05,29.616696855064493,39.62879554235445,nan,nan,nan
377.04,226.04757690429688,-184.91070556640625,-55.458316802978516,226.45066080357344,-185.42663635012465,-55.46549180039792,0.6547615474600317,0.324159866492642,0.07537187787909717,3.500472719024701e-05,28.777049889824394,39.46309281341691,nan,2.482196075578792,nan
377.05,226.04331970214844,-184.902099609375,-55.459896087646484,226.4319309538673,-185.41850440566492,-55.46714753716726,0.646332114407045,0.32409711618309894,0.07536225177540416,3.568839946190908e-05,29.902105111942554,39.27210409574993,7.0563587028310115,nan,nan
377.06,226.03903198242188,-184.8935089111328,-55.46155548095703,226.42763397300564,-185.41008697968238,-55.46723223481183,0.6464492505420595,0.32414587217101254,0.07538124445959227,3.499199475118464e-05,29.279081251606502,38.97576680837457,nan,1.9702678861886131,nan
377.07,226.03468322753906,-184.88490295410156,-55.463294982910156,226.42323065815268,-185.40167512381782,-55.46905153571926,0.6465722845358728,0.3241947144302634,0.07540030042895837,3.569717390053953e-05,29.217619604783398,38.522770549658645,nan,nan,nan
377.08,226.0302734375,-184.8762969970703,-55.46511459350586,226.41877083983786,-185.39326387202613,-55.4711727882894,0.6467006132275435,0.32424363992068767,0.07541941979860997,3.500043489864034e-05,29.268262628350012,38.7962600216632,nan,0.03463664246115737,nan
377.09000000000003,226.0258331298828,-184.86770629882812,-55.467010498046875,226.4142697572174,-185.38485206763494,-55.47315434800442,0.6468079363629962,0.3242926519049784,0.07543860273982993,3.570596263935457e-05,29.206102694699457,39.13216172366517,nan,nan,nan
377.1,226.02133178710938,-184.85910034179688,-55.4689826965332,226.42262225325834,-185.38698364422808,-55.47608625208463,0.6631329276315584,0.3242298192929406,0.0754289744593419,3.498771527174149e-05,30.355810025174513,39.44422219869447,4.502868890665289,0.5057197358880546,nan
377.11,226.0167999267578,-184.8505096435547,-55.47100067138672,226.41804362594,-185.37860049456754,-55.47821767622794,0.6632710895371121,0.32427862510405614,0.07544815899119917,3.5692717467806286e-05,30.303825435916686,39.68669369241998,nan,nan,nan
377.12,226.01220703125,-184.84190368652344,-55.4730224609375,226.41341659817692,-185.3702176831821,-55.480422781821815,0.6634301473465909,0.3243275142165431,0.0754674071391122,3.499615152077001e-05,30.341946547560557,39.350464162568024,nan,0.0016804069962919087,nan
377.13,226.00758361816406,-184.83331298828125,-55.47502517700195,226.40874488051438,-185.36183492917502,-55.48257225740867,0.6635682021007926,0.32437648962750576,0.07548671906537006,3.5701505692441944e-05,30.303716045447555,39.63548022572217,nan,nan,nan
377.14,226.00289916992188,-184.82470703125,-55.47700119018555,226.4040078220754,-185.3534539103812,-55.48533470615003,0.663724988614824,0.32442554869073115,0.07550609489847902,3.500460126075255e-05,30.624993134602285,39.54797294313505,nan,0.2857589573160831,nan
377.15000000000003,225.9981689453125,-184.8161163330078,-55.478939056396484,226.42629728122918,-185.3526908872809,-55.48729609751007,0.6864954220126374,0.3243626365486807,0.07549646077748436,3.568827335357123e-05,29.826678120484463,40.02733171271364,9.164345017572328,nan,nan
377.16,225.993408203125,-184.80751037597656,-55.48084259033203,226.4215983762937,-185.34430455561676,-55.48738760954313,0.686685992991198,0.32441148923381913,0.07551583759580494,3.499187802150347e-05,29.027094794585018,38.24949105550708,nan,2.7522706837482382,nan
377.17,225.98858642578125,-184.79891967773438,-55.48271179199219,226.41679547482858,-185.33592235583293,-55.48939781118421,0.6868621177672241,0.32446042802818686,0.0755352783967899,3.5697057028336196e-05,28.98472351840193,39.11694200049975,nan,nan,nan
377.18,225.98373413085938,-184.79031372070312,-55.48453903198242,226.41202100682568,-185.32753625191856,-55.48893780416087,0.6870640766094348,0.3245094505339031,0.07555478331528326,3.500032681743061e-05,28.21838632243407,37.62290129345506,nan,4.184888610793549,nan
377.19,225.9788360595703,-184.78172302246094,-55.48633575439453,226.40713123485992,-185.31915452047048,-55.490852603212375,0.6872334204274224,0.32455855937933503,0.07557435250414127,3.5705854527891486e-05,28.167509923548355,38.08629321024586,nan,nan,nan
377.2,225.97389221191406,-184.7731170654297,-55.488094329833984,226.40311394483174,-185.31428814701854,-55.49068713245131,0.690727267582744,0.324495564818306,0.07556470881194909,3.49876154450234e-05,28.28459735071395,37.39346151138356,1.125787058569274,3.0151503504023633,nan
377.21,225.9689178466797,-184.7645263671875,-55.48981857299805,226.3981383211531,-185.30592009496254,-55.49251256962189,0.6909013256603006,0.32454446695056155,0.07558427835737445,3.5692617712323644e-05,28.22796441933764,37.70197889010058,nan,nan,nan
377.22,225.96389770507812,-184.75592041015625,-55.49150848388672,226.39310384890257,-185.29755313493948,-55.494912146063044,0.6910828513058065,0.32459345284526864,0.07560391222655058,3.499605944741738e-05,28.290144581954713,37.260764949387344,nan,0.2608545611215514,nan
377.23,225.95883178710938,-184.74732971191406,-55.4931640625,226.38804523019618,-185.2891859585348,-55.496677182773745,0.6912631291645797,0.3246425249000919,0.0756236105682259,3.570141378129785e-05,28.236700377563757,37.93955502664193,nan,nan,nan
377.24,225.95372009277344,-184.73873901367188,-55.49478530883789,226.38294865747713,-185.28081923851195,-55.498304197123936,0.6914481278411492,0.32469168105996454,0.07564337352338132,3.50045165191544e-05,28.176462738614404,38.03131429720406,nan,0.00788127876872927,nan
377.25,225.94857788085938,-184.73013305664062,-55.496376037597656,226.38143807397788,-185.26349323573234,-55.50001209228729,0.6869164784171644,0.3246286062308374,0.07563371652093563,3.568818889426289e-05,26.520679167225364,36.52243822000416,11.924181276597974,nan,nan
377.26,225.94338989257812,-184.72154235839844,-55.4979362487793,226.3762903151879,-185.255086885404,-55.50098192568492,0.6870821016015034,0.32467755545881766,0.07565347918657253,3.499180023577502e-05,26.345981546522815,37.09001848725523,nan,0.3454346258591393,nan
377.27,225.93817138671875,-184.71295166015625,-55.49946212768555,226.3710844086571,-185.24668150073182,-55.502613599692566,0.68723442802325,0.3247265906736723,0.07567330652406687,3.569697955800332e-05,26.290571078868094,36.95434599348864,nan,nan,nan
377.28000000000003,225.9329071044922,-184.70436096191406,-55.50095748901367,226.36589595487766,-185.23827523706422,-55.50205972253309,0.6874190953748488,0.3247757100332836,0.07569319867668294,3.5000255555586374e-05,25.978221639925312,36.80346664315742,nan,3.2812911224835513,nan
377.29,225.92759704589844,-184.6957550048828,-55.50242614746094,226.36061278773795,-185.22987038127155,-55.50361075239035,0.6875923728958513,0.32482491561861787,0.07571315578976277,3.5705783645054024e-05,25.915922243546134,36.17957408615428,nan,nan,nan
377.3,225.92225646972656,-184.68716430664062,-55.50386428833008,226.28496166169165,-185.19111636458862,-55.505906175577216,0.6209081270944891,0.3247617582017405,0.07570348170260635,3.498755034661795e-05,26.211462142027543,36.774343372737064,44.01382549605052,0.4098272694102221,nan
377.31,225.91688537597656,-184.67857360839844,-55.505271911621094,226.2794855150492,-185.1826699376866,-55.50740846152526,0.62096419776247,0.3248107565251203,0.07572343785960411,3.569255304793691e-05,26.152615291969866,36.661566948180905,nan,nan,nan
377.32,225.91146850585938,-184.66998291015625,-55.506656646728516,226.27391873609312,-185.17422434616108,-55.51104801173867,0.6210063439831873,0.3248598390250419,0.07574345902926809,3.499600012327303e-05,26.507783739961653,37.0090544267431,nan,3.3094755927291732,nan
377.33,225.90602111816406,-184.66139221191406,-55.50800704956055,226.26836904944437,-185.16577893541228,-55.512517530656076,0.6210654833301386,0.3249090075871235,0.07576354535614137,3.5701354939260806e-05,26.459275164671855,37.069402383852406,nan,nan,nan
377.34000000000003,225.90054321289062,-184.65280151367188,-55.509334564208984,226.26276222497316,-185.15733385329636,-55.514825761088886,0.6211164525949879,0.3249582606599845,0.07578369698469949,3.5004462618502444e-05,26.684096109018444,37.07218787838988,nan,0.5282353643888803,nan
377.35,225.89501953125,-184.6442108154297,-55.51063537597656,226.26224902152921,-185.13921597015087,-55.51626341923046,0.6163759214977034,0.32489502227311956,0.07577400201817565,3.568813552382121e-05,24.914251449993326,36.719950623446074,14.274720202233533,nan,nan
377.36,225.88946533203125,-184.6356201171875,-55.51190948486328,226.25660719242958,-185.1307278368508,-55.51772097244039,0.6164077977401087,0.324944067851959,0.07579415200559227,3.4991751424808855e-05,24.923577188810633,36.66140040201536,nan,0.0022603433438251894,nan
377.37,225.88388061523438,-184.6270294189453,-55.513160705566406,226.25093197213363,-185.12224024846205,-55.51909777854712,0.6164379231583789,0.32499319933555587,0.07581436734394062,3.5696931304075563e-05,24.878051683848863,36.44288089958304,nan,nan,nan
377.38,225.8782501220703,-184.61843872070312,-55.514381408691406,226.2452452933825,-185.11375372256714,-55.51944511373362,0.6164803710960896,0.32504241535064177,0.07583464817732997,3.500021150343006e-05,24.554899350890057,36.49432486726436,nan,0.713710863868251,nan
377.39,225.87258911132812,-184.60986328125,-55.51558303833008,226.23950159637178,-185.10526733426946,-55.52076416699067,0.6165036833006051,0.32509171751757254,0.07585499465084233,3.570574017850789e-05,24.50407600464865,36.93250867928955,nan,nan,nan
377.40000000000003,225.8668975830078,-184.6012725830078,-55.51675796508789,226.2430125907852,-185.10885077014024,-55.523310373776546,0.6317761068508805,0.3250283963248595,0.07584527498791059,3.4987510738963555e-05,26.111264242867655,36.866270907120786,7.332707643530045,1.1840004173408023,nan
377.41,225.86117553710938,-184.59268188476562,-55.51791000366211,226.2372122948702,-185.10040284135872,-55.52459544166367,0.6318456362374846,0.3250774906726998,0.07586561911676958,3.569251404794555e-05,26.070584125906993,36.74698658660383,nan,nan,nan
377.42,225.8554229736328,-184.58409118652344,-55.519039154052734,226.23137231018262,-185.0919552920498,-55.52617850933177,0.6319136204641604,0.3251266695652135,0.07588602893018354,3.499596466483156e-05,26.209417144036586,36.827689555472084,nan,0.0723956561480086,nan
377.43,225.84963989257812,-184.5755157470703,-55.520145416259766,226.22550681291898,-185.08350878713492,-55.52742287886966,0.6319698030939737,0.3251759344613539,0.07590650457450264,3.5701320106282006e-05,26.169156900910664,37.433549986044625,nan,nan,nan
377.44,225.84381103515625,-184.56692504882812,-55.52123260498047,226.21962048656428,-185.0750635583387,-55.528111930469564,0.6320481103004988,0.3252252842284137,0.07592704619196237,3.500443102591746e-05,25.971989458394138,36.6878907200329,nan,0.20132665715071815,nan
377.45,225.8379669189453,-184.55833435058594,-55.52229309082031,226.22115469345195,-185.0714404634984,-55.5293164394891,0.6404374138555621,0.32516188140183805,0.07591729799842692,3.56881045581463e-05,26.205348334622617,36.54073038670465,0.7685849406674005,nan,nan
377.46,225.8320770263672,-184.5497589111328,-55.52333450317383,226.215215656989,-185.06300750291538,-55.53001911491541,0.640518548736628,0.32521102310522587,0.07593783654882894,3.499172341437977e-05,26.03313599404768,37.24634770080496,nan,0.15869129354037884,nan
377.47,225.826171875,-184.54116821289062,-55.524356842041016,226.20923612857038,-185.05457478607167,-55.53117099606307,0.6406020328128629,0.32526025066969877,0.07595844111771277,3.5696903939815264e-05,25.993370535362587,36.148290971796094,nan,nan,nan
377.48,225.82022094726562,-184.5325927734375,-55.52535629272461,226.2032022928364,-185.0461411433042,-55.53350936944422,0.6406817555603921,0.3253095631079402,0.07597911184538723,3.5000186827821785e-05,26.525309999410428,37.72483336706533,nan,1.0271167589417298,nan
377.49,225.8142547607422,-184.52401733398438,-55.526336669921875,226.1971687496104,-185.03770968632736,-55.5346345892344,0.6407587776937211,0.3253589616620934,0.07599984888107199,3.5705716153705685e-05,26.48879538960616,37.60907614497643,nan,nan,nan
377.5,225.808349609375,-184.5154266357422,-55.52729797363281,226.23585208725243,-185.0507988553323,-55.535172348631704,0.6851596805721958,0.325295475767107,0.07599006830138184,3.498748913540499e-05,26.526030069265634,36.57297194704159,18.824995705270567,0.1590926783630393,nan
377.51,225.80252075195312,-184.50685119628906,-55.52824020385742,226.22997580841513,-185.04240482125235,-55.53625381063147,0.6852734697912818,0.3253446659371038,0.07601080153062385,3.569249309517711e-05,26.491583227799243,37.33038030370617,nan,nan,nan
377.52,225.7967987060547,-184.49827575683594,-55.5291633605957,226.2242156331369,-185.03401363886692,-55.53596711623932,0.6853806233694621,0.32539394097681146,0.07603160110066459,3.4995945914856784e-05,25.954947559036754,36.607565938436906,nan,1.2875838828203212,nan
377.53000000000003,225.79116821289062,-184.48968505859375,-55.53007125854492,226.21853267642712,-185.0256209927864,-55.53699944248554,0.6855039824723833,0.32544330199822646,0.07605246716311216,3.570130200474042e-05,25.91816263043989,36.10940693885083,nan,nan,nan
377.54,225.78565979003906,-184.48110961914062,-55.53095626831055,226.21297618461477,-185.01723078321217,-55.536898425226845,0.6856095921641063,0.3254927482082694,0.07607339985472122,3.500441490740599e-05,25.522868534886108,36.1881162824908,nan,0.8793199207404284,nan
377.55,225.78025817871094,-184.4725341796875,-55.53182601928711,226.2021038387434,-185.01658976432094,-55.53792244518513,0.6884674331206864,0.32542918005332044,0.07606358302827469,3.5688089062021736e-05,27.02690677689514,36.61781538625362,9.182334860846453,nan,nan
377.56,225.7749481201172,-184.46395874023438,-55.532676696777344,226.19672650260085,-185.0082333808294,-55.538893819452284,0.688600421826582,0.32547841804781197,0.07608451116011236,3.640721028830249e-05,26.988429499687413,36.96199535321711,nan,nan,nan
377.57,225.76976013183594,-184.45538330078125,-55.533512115478516,226.19145494478292,-184.99987710370317,-55.5398491053348,0.6887235832518029,0.32552774147046354,0.07610550596052874,3.714077146066147e-05,26.950419880774653,36.529819230923536,nan,nan,nan
377.58,225.76466369628906,-184.44680786132812,-55.534332275390625,226.1863054977647,-184.99152303405555,-55.53971233921087,0.6888580211028899,0.32557715003576054,0.07612656756809533,3.6358277350755447e-05,26.607017954443574,36.40427193650132,nan,0.756678389834231,nan
377.59000000000003,225.75967407226562,-184.438232421875,-55.535133361816406,226.18124012312396,-184.98316693417044,-55.54062546369651,0.6889860093717585,0.3256266447479689,0.07614769613922294,3.709047938300022e-05,26.56624245847112,36.331855877925335,nan,nan,nan
377.6,225.75477600097656,-184.4296417236328,-55.535919189453125,226.1714270301844,-184.96708438766382,-55.54100998668704,0.6800504492147343,0.3255629931935994,0.0761378391777368,3.628799588624086e-05,25.675662721005637,35.381956834695224,3.9235111569543872,0.08700964043744255,nan
377.61,225.74998474121094,-184.4210662841797,-55.53668975830078,226.16655576671704,-184.9587036871379,-55.54188686036149,0.6801561631130634,0.32561227894907024,0.0761589624101595,3.7017991326726126e-05,25.632640961994955,35.805469401845215,nan,nan,nan
377.62,225.7452850341797,-184.41249084472656,-55.537445068359375,226.16178617583984,-184.95032367848677,-55.54241493247314,0.6802661667494935,0.32566164983330614,0.07618015262465729,3.6241874148652756e-05,25.525814965118208,35.79856059518908,nan,0.07350723187973746,nan
377.63,225.7406768798828,-184.40391540527344,-55.538185119628906,226.1571059386239,-184.94194280247868,-55.54326000477019,0.6803766571294484,0.325711106736877,0.07620140998041525,3.6970661112589606e-05,25.482094046661633,35.849134944506886,nan,nan,nan
377.64,225.73617553710938,-184.3953399658203,-55.538909912109375,226.15257228968844,-184.93356991251272,-55.54052323054422,0.6805000616247404,0.325760649084074,0.07622273460655622,3.619715219656065e-05,24.79953226644843,34.88646201225534,nan,8.393994634067482,nan
377.65000000000003,225.73175048828125,-184.3867645263672,-55.53961944580078,226.14591087307568,-184.92654049120063,-55.54148782776211,0.6803604981155885,0.32569691470953693,0.07621283363471588,3.690138304827507e-05,25.15203277893709,35.35169059083974,1.8812913414371604,nan,nan
377.66,225.7274169921875,-184.378173828125,-55.54031753540039,226.14148246270102,-184.91816365712978,-55.543331882018705,0.6804765356613934,0.3257462478360275,0.07623415212976069,3.6131403205156604e-05,25.252953315542552,34.71231566702144,nan,0.7597468329442788,nan
377.67,225.72315979003906,-184.36959838867188,-55.54100036621094,226.13715716405827,-184.90978889324305,-55.54410200646868,0.6805947598211004,0.32579566685949846,0.07625553794033994,3.685706331978684e-05,25.203700857374738,35.61243474190031,nan,nan,nan
377.68,225.718994140625,-184.36102294921875,-55.54166793823242,226.13290647560953,-184.9014115786504,-55.54563889712693,0.6807048261808502,0.3258451713031377,0.07627699119281611,3.6089578103936086e-05,25.321220199898114,35.678029784227526,nan,0.4031168023997093,nan
377.69,225.7149200439453,-184.35243225097656,-55.54232406616211,226.12875053991306,-184.89303581344163,-55.546391458603054,0.6808262882880609,0.3258947619096823,0.07629851205050842,3.681423193878379e-05,25.277970451273163,34.78194315649893,nan,nan,nan
377.7,225.71092224121094,-184.34385681152344,-55.542964935302734,226.1100405249607,-184.87780355588725,-55.54740229622291,0.6666439982569548,0.3258309438148811,0.07628856315513557,3.6026919987194915e-05,25.34019009796942,35.63571665602629,1.943018223445638,0.04912244286956925,nan
377.71,225.70700073242188,-184.3352813720703,-55.54359436035156,226.10602321687622,-184.86941604036267,-55.54813327436182,0.6667378710650053,0.3258803248850771,0.07631007707414789,3.6749725800961815e-05,25.295910483761112,35.66540196469301,nan,nan,nan
377.72,225.70301818847656,-184.32669067382812,-55.54431915283203,226.12098719177527,-184.8337211818036,-55.54839335711026,0.657110814761784,0.3255360228221019,0.0755149172115894,3.5987041152327964e-05,28.04343328671364,37.850501201817536,nan,0.19518498583610222,0.9130618744527124
377.73,225.69898986816406,-184.318115234375,-55.54513168334961,226.1169555798455,-184.82527597660004,-55.549251827381255,0.657209502504689,0.3255844594960541,0.07553318949158533,3.67089512443708e-05,27.96623084184362,38.429948008198274,nan,nan,nan
377.74,225.69491577148438,-184.3095245361328,-55.5460319519043,226.11286861966914,-184.81683189287585,-55.55027530810886,0.6573152543363421,0.32563297923165,0.07555152202076834,3.594958988936086e-05,27.929519416606055,37.7098382723927,nan,0.0036514242422473874,nan
377.75,225.69078063964844,-184.3009490966797,-55.54702377319336,226.11539769815448,-184.80895715125686,-55.551289171605774,0.6621102804769217,0.3255698929943525,0.07554165531732764,3.664768714632131e-05,27.472232018577653,38.36821600458355,1.2771762988643705,nan,nan
377.76,225.6865997314453,-184.2923583984375,-55.548099517822266,226.1111739432668,-184.8005390396911,-55.55408570935684,0.6622285556949759,0.3256182082018739,0.07555999060564315,3.5891508860488196e-05,27.898355665419317,38.176700175254695,nan,1.865771539299519,nan
377.77,225.68235778808594,-184.28378295898438,-55.54926681518555,226.10694659882543,-184.79208543958728,-55.555319067556155,0.662332016250916,0.3256666087873312,0.07557838758708454,3.661094778740803e-05,27.821363988966596,38.891883221894915,nan,nan,nan
377.78000000000003,225.67807006835938,-184.2751922607422,-55.55051803588867,226.10259175623727,-184.78368856556398,-55.559393893257294,0.662469573897657,0.3257150925122647,0.07559684511279108,3.5856945397242184e-05,28.94189790761863,39.34093113134106,nan,5.0985343676150965,nan
377.79,225.67373657226562,-184.2666015625,-55.55185317993164,226.09826380882572,-184.77523476738975,-55.56082805296225,0.6625795499739504,0.3257636618403085,0.07561536459357586,3.657568516816084e-05,28.87146638188952,39.24914566542814,nan,nan,nan
377.8,225.6693572998047,-184.25802612304688,-55.55327224731445,226.06923675287095,-184.76123899844578,-55.56022201896906,0.6427869587023793,0.325700508579233,0.07560550980935234,3.5801876342361144e-05,28.9695055096979,39.193844271354024,9.694048314973122,2.9843401611713367,nan
377.81,225.6649169921875,-184.2494354248047,-55.554771423339844,226.0647646037377,-184.75279260569724,-55.56180412335867,0.6428810332309158,0.3257488730824483,0.07562403155773387,3.6519076687419104e-05,28.900166346110613,38.82690977248586,nan,nan,nan
377.82,225.6604461669922,-184.2408447265625,-55.55635452270508,226.0602830932647,-184.74431703838243,-55.562005271209465,0.6429509058544205,0.3257973207914868,0.07564261413878984,3.577015337733753e-05,28.365352346109294,37.94680538426567,nan,1.4479729020878314,nan
377.83,225.65591430664062,-184.2322540283203,-55.55801773071289,226.0557151036959,-184.73587028031642,-55.5637383712939,0.6430417811692232,0.3258458539214998,0.07566125885256635,3.648676727644714e-05,28.295464015565244,38.19006780909208,nan,nan,nan
377.84000000000003,225.65133666992188,-184.2236785888672,-55.55976486206055,226.0511139760569,-184.72741301324976,-55.565007655817446,0.6431156596561804,0.32589447060294896,0.07567996471317617,3.5739817316974934e-05,28.091128262558037,38.554348971253546,nan,0.2011478211390891,nan
377.85,225.64671325683594,-184.215087890625,-55.56158447265625,226.0326038914564,-184.72316212485882,-55.566811537353345,0.6380269050638956,0.32583125222244214,0.07567011964700976,3.643321326847054e-05,29.864107484164943,38.60303683023176,16.940571454562274,nan,nan
377.86,225.6420440673828,-184.2064971923828,-55.5634880065918,226.0278741249972,-184.71474326822113,-55.56837764528377,0.6381244514436848,0.32587966390775275,0.07568882732037377,3.5689087408226114e-05,29.713271367658994,38.326408094660884,nan,0.10920342069058742,nan
377.87,225.63734436035156,-184.1979217529297,-55.56546401977539,226.02308905741958,-184.70633191962628,-55.57041947606911,0.6382040625565103,0.3259281608412104,0.07570759730360327,3.640378445585607e-05,29.64562441751053,38.82761871868922,nan,nan,nan
377.88,225.63258361816406,-184.1893310546875,-55.56748580932617,226.01824705078113,-184.69792972075732,-55.573019684818156,0.6383098856855766,0.32597674137680366,0.0757264287139789,3.566150080875566e-05,29.758858894948943,38.60203681401212,nan,0.16740735007403795,nan
377.89,225.62777709960938,-184.1807403564453,-55.56951141357422,226.01337282862139,-184.68951837103202,-55.575153096055736,0.6384128467851508,0.326025407397691,0.07574532269958864,3.637575703820145e-05,29.704039025828486,38.558042028843445,nan,nan,nan
377.90000000000003,225.62294006347656,-184.1721649169922,-55.57151794433594,226.0136984058575,-184.68417584019406,-55.57650086153533,0.6441056567692471,0.32596212168956823,0.07573548281402735,3.561359120270552e-05,29.630148257332852,38.780914817833505,0.35047117350038615,0.43654625751600573,nan
377.91,225.6180419921875,-184.16357421875,-55.57349395751953,226.0087452497087,-184.67577165498926,-55.5785962560195,0.6442214546083828,0.3260105824248909,0.0757543780816129,3.6326565008848184e-05,29.578664593636223,38.45586159335516,nan,nan,nan
377.92,225.6131134033203,-184.1549835205078,-55.575439453125,226.00372554345046,-184.6673861363956,-55.58169907476855,0.6443395592766491,0.3260591268028263,0.0757733350499798,3.5588667740278576e-05,29.893166028657166,38.47663615367613,nan,0.7355510829032154,nan
377.93,225.60813903808594,-184.1464080810547,-55.57734680175781,225.9986874499715,-184.6589825349977,-55.583740054151264,0.6444389083051104,0.32610775650644713,0.07579235477163473,3.630129476606067e-05,29.845495544363477,39.207414605509925,nan,nan,nan
377.94,225.60313415527344,-184.1378173828125,-55.57921600341797,225.99359073000684,-184.65059226373504,-55.586508766186114,0.6445522474140142,0.3261564701871489,0.07581143650475858,3.5565036971462203e-05,30.14591124556903,38.75187840252697,nan,0.3978167170252955,nan
377.95,225.59808349609375,-184.1292266845703,-55.581050872802734,226.01204613719793,-184.6515652369712,-55.58853181750469,0.6665272658247698,0.3260931184884657,0.07580159925891426,3.625491290214097e-05,29.949164311120327,38.69490632290113,5.158755036742366,nan,nan
377.96,225.59298706054688,-184.1206512451172,-55.582847595214844,226.00696008509365,-184.64314556749002,-55.58883112852338,0.6666406713028468,0.32614162669445873,0.07582068177226685,3.552112590762696e-05,29.34118707911779,38.85843239645602,nan,1.851103987441961,nan
377.97,225.5878448486328,-184.112060546875,-55.58460998535156,226.0017982587597,-184.63475380592772,-55.59072290990292,0.6667856002204848,0.3261902200745673,0.07583982721644049,3.62322951111757e-05,29.294642015197375,38.27077230968801,nan,nan,nan
377.98,225.58267211914062,-184.10348510742188,-55.586334228515625,225.9965677881311,-184.62638493994555,-55.59396090263941,0.6669273017507643,0.3262388974584548,0.07585903493767948,3.5500019975618086e-05,29.830084560326593,39.36841752379185,nan,1.3070008481354678,nan
377.99,225.57745361328125,-184.0948944091797,-55.58802795410156,225.99132683492965,-184.61799376533514,-55.59579866220043,0.6670714833600946,0.3262876602641405,0.0758783058585471,3.6210961197283e-05,29.789721318698795,38.72795810297668,nan,nan,nan
378.0,225.57220458984375,-184.08631896972656,-55.58968734741211,225.99971859775238,-184.6177967691367,-55.5961360533856,0.6821132340254626,0.32622424085601,0.07586846687184881,3.545866517951189e-05,29.619483769961988,38.83736454927346,2.987942828509163,1.7445030021879344,nan
378.01,225.56690979003906,-184.07772827148438,-55.591312408447266,225.99442112839748,-184.60942427438027,-55.59789512849961,0.6822828710467277,0.32627279790341146,0.0758877380040529,3.616853371654953e-05,29.576319851634793,38.378751667745426,nan,nan,nan
378.02,225.56158447265625,-184.06915283203125,-55.59290313720703,225.98909643750645,-184.60104360853842,-55.59906958236485,0.6824311710856702,0.32632143897234994,0.07590707167235537,3.5439973827468864e-05,29.380920526186156,38.71255520043441,nan,0.21050940034706064,nan
378.03000000000003,225.55621337890625,-184.06056213378906,-55.59446716308594,225.98372329623706,-184.59267173860255,-55.60076055985365,0.682601617192513,0.3263701653228714,0.07592646871862571,3.614969108302862e-05,29.335409239653714,38.09782367242096,nan,nan,nan
378.04,225.55081176757812,-184.05198669433594,-55.59599685668945,225.97836552865883,-184.58425845768951,-55.59965830479412,0.6827362996648149,0.32641897601971326,0.07594592860827509,3.542244921462269e-05,28.548110083057367,37.88348260554556,nan,5.259262011476336,nan
378.05,225.54537963867188,-184.0434112548828,-55.597496032714844,225.95745131470662,-184.56945994136768,-55.60120886007883,0.6682395317770218,0.3263554897855897,0.07593608504693994,3.610977291255968e-05,28.638340749283127,37.69798960859847,2.264428620630148,nan,nan
378.06,225.53990173339844,-184.03482055664062,-55.59896469116211,225.95193591556097,-184.5610865333478,-55.60313973544131,0.6683902127534775,0.3264040945190601,0.07595554460066974,3.5384668435337624e-05,28.681910507048567,37.341106365693555,nan,0.08845655143685645,nan
378.07,225.53439331054688,-184.0262451171875,-55.600406646728516,225.9463914162078,-184.55270839744077,-55.60468760836491,0.6685240094086042,0.32645278440067316,0.0759750677100583,3.609329868686639e-05,28.62780345210316,37.73984256027798,nan,nan,nan
378.08,225.5288543701172,-184.01766967773438,-55.6018180847168,225.94083757279896,-184.54430972097,-55.60474633260649,0.6686467446020034,0.3265015586344467,0.07599465391403876,3.536939306332889e-05,28.293717057994332,37.39607493281755,nan,1.475629588328461,nan
378.09000000000003,225.5232696533203,-184.0090789794922,-55.60320281982422,225.9352230163517,-184.53593208800362,-55.60622442790151,0.6687966068816444,0.32655041827312625,0.07601430394581113,3.607796632874507e-05,28.23738300941919,36.91716029854973,nan,nan,nan
378.1,225.5176544189453,-184.00050354003906,-55.604557037353516,225.9518911582883,-184.54329478409886,-55.60683964421009,0.6951180408515378,0.3264868638804273,0.0760044515594285,3.5333865133460024e-05,29.05433061320727,37.825956425275386,8.808215171168298,0.4731643790558782,nan
378.11,225.5120086669922,-183.99192810058594,-55.60588455200195,225.94624013814516,-184.53495648722503,-55.608256315932834,0.6953002405433736,0.32653551727654895,0.07602410064930674,3.604153264981921e-05,28.995754181780978,37.687384395097304,nan,nan,nan
378.12,225.50631713867188,-183.9833526611328,-55.6071891784668,225.94055540730022,-184.52661876906885,-55.609646984634345,0.6954904591613532,0.3265842554164353,0.07604381334029403,3.676350946571124e-05,28.93606912807804,37.78877298462883,nan,nan,nan
378.13,225.5006103515625,-183.9747772216797,-55.60846710205078,225.9348375017766,-184.51828163388106,-55.61101228937177,0.6956699950723155,0.32663307844458656,0.07606358977689054,3.749994008133612e-05,28.878093769731514,37.395079515743056,nan,nan,nan
378.14,225.49485778808594,-183.96620178222656,-55.60971450805664,225.92910648149117,-184.50992894920523,-55.611119334141286,0.6958542472178596,0.326681986109157,0.07608342983656906,3.669153908149966e-05,28.691905629046715,37.63590950709159,nan,0.9757209232334231,nan
378.15000000000003,225.48907470703125,-183.95762634277344,-55.61094284057617,225.93129702370447,-184.49339884574886,-55.61215494411045,0.6947044130443943,0.3266183640854941,0.0760735655438266,3.740237532100808e-05,26.758134621634408,36.651290319180895,18.969754535810832,nan,nan
378.16,225.48326110839844,-183.9490509033203,-55.612144470214844,225.92549481029704,-184.48502900662928,-55.6140644289756,0.6948718303135174,0.32666706529115547,0.07609340407210417,3.6599277902657293e-05,26.750710107416833,36.6771114573234,nan,0.259212075384977,nan
378.17,225.4774169921875,-183.9404754638672,-55.61332321166992,225.91967042290588,-184.47665165957252,-55.61532295862796,0.6950374154037482,0.32671585168693207,0.07611330680236078,3.7331436848024164e-05,26.688564579327654,36.579777264841155,nan,nan,nan
378.18,225.47154235839844,-183.93190002441406,-55.61447525024414,225.91382868038423,-184.46826316301681,-55.61561372113768,0.695200620816386,0.3267647227125952,0.07613327339645468,3.653248804969636e-05,26.54861356438799,36.52999702982356,nan,0.5780189040861873,nan
378.19,225.46563720703125,-183.92332458496094,-55.61560821533203,225.90794206090996,-184.45988683555169,-55.61681811641213,0.6953661599361155,0.32681367919026727,0.07615330446621342,3.7263126601166994e-05,26.48432947845322,36.358504942862965,nan,nan,nan
378.2,225.45970153808594,-183.9147491455078,-55.61671447753906,225.90767723871983,-184.45234500904158,-55.61861480373534,0.6997822176125178,0.3267499884795371,0.07614342410643128,3.644559652103777e-05,26.261339213778104,36.40104226431185,0.7854084376568565,0.30679151895535545,nan
378.21,225.4537353515625,-183.9061737060547,-55.617801666259766,225.90174082256075,-184.4439669955927,-55.619781496396044,0.6999531727507494,0.326798738219222,0.07616345300090563,3.7173894707705016e-05,26.199864235512354,36.283264649985234,nan,nan,nan
378.22,225.44773864746094,-183.89759826660156,-55.618865966796875,225.89577055260565,-184.43559287534953,-55.62122585312194,0.7001259573340699,0.3268475725747747,0.07618354599334137,3.6383855617027716e-05,26.179784043707038,36.32794020625753,nan,0.058129453208404035,nan
378.23,225.4417266845703,-183.88902282714844,-55.619911193847656,225.88977498012144,-184.4272159942018,-55.62235411615128,0.7002893174100057,0.3268964922673154,0.07620370363625852,3.711082868513731e-05,26.121057254583516,35.88632258748428,nan,nan,nan
378.24,225.4356689453125,-183.88046264648438,-55.620933532714844,225.88377645374567,-184.41881779621474,-55.6214885460937,0.7004476528586809,0.32694549688728586,0.07622392567943206,3.632455130429277e-05,25.898957835195056,36.752602437513325,nan,2.5496775477823257,nan
378.25,225.42958068847656,-183.87188720703125,-55.6219367980957,225.88195607660566,-184.42464323284767,-55.62254207029174,0.7142710145426233,0.3268817377906076,0.07621402599793953,3.702699377697736e-05,27.815507813914092,36.78315274399421,16.516135290870412,nan,nan
378.26,225.42347717285156,-183.8633270263672,-55.62291717529297,225.87585815096477,-184.41633196383063,-55.62465861378153,0.7144690635889144,0.3269305354427876,0.07623424523345639,3.62453302889795e-05,27.823050610702026,37.18018207650559,nan,0.7491780804067978,nan
378.27,225.41732788085938,-183.85475158691406,-55.62388229370117,225.86974564878608,-184.40800982193414,-55.62569925626409,0.7146886124084191,0.32697941832217225,0.07625452929362739,3.696900545118391e-05,27.763836718568903,36.80916228759369,nan,nan,nan
378.28000000000003,225.4112091064453,-183.84617614746094,-55.62482452392578,225.86362331140228,-184.3996903651021,-55.62692082391024,0.7148853030041702,0.3270283861053568,0.07627487798045479,3.619085404071574e-05,27.73399544196298,36.50205482813186,nan,0.026215664079519536,nan
378.29,225.4051513671875,-183.83761596679688,-55.62575149536133,225.857543426007,-184.39136955966828,-55.62792689970701,0.7150568850692917,0.32707743938496014,0.07629529176900049,3.691346111812394e-05,27.678096163505653,37.07588802179351,nan,nan,nan
378.3,225.39918518066406,-183.8290557861328,-55.62665557861328,225.87585384636643,-184.3935418781631,-55.628180917214294,0.7388233155605846,0.32701361105702176,0.07628536867789232,3.6116566466016026e-05,27.540633575889412,37.32179898324095,5.257717491411957,0.33190025447741356,nan
378.31,225.39332580566406,-183.8204803466797,-55.62754440307617,225.8699935653256,-184.38523699584582,-55.62914446085846,0.7390296246179824,0.32706245709261267,0.0763057789803518,3.683728343990948e-05,27.487205365376656,36.56517153283458,nan,nan,nan
378.32,225.3875732421875,-183.81192016601562,-55.628414154052734,225.86422550391634,-184.37694570245145,-55.63144137427798,0.7392295986350301,0.32711138800233264,0.07632625412974317,3.6066740815294434e-05,27.610985658232583,37.41198315093509,nan,1.2107962975372826,nan
378.33,225.38192749023438,-183.8033447265625,-55.629268646240234,225.85858287610418,-184.36864155193587,-55.63238499885679,0.7394393614824201,0.3271604043058389,0.07634679455540944,3.678655124662294e-05,27.5623694572942,36.84129622275168,nan,nan,nan
378.34000000000003,225.37640380859375,-183.79478454589844,-55.630104064941406,225.85304903258714,-184.36033939165202,-55.63349821314935,0.7396313090676468,0.3272095057886883,0.07636740012722817,3.60191507422986e-05,27.55818627274595,37.221731944703755,nan,0.022987061874019814,nan
378.35,225.37098693847656,-183.78622436523438,-55.630924224853516,225.80960277314645,-184.33478229322392,-55.63459583510967,0.7023625356646124,0.32714560830999795,0.07635745019570699,3.6715262890500984e-05,27.58883367541993,37.01301838227089,14.372078084551381,nan,nan
378.36,225.3656768798828,-183.7776641845703,-55.63172912597656,225.80425532866022,-184.3264267364709,-55.63266118771564,0.7024900446550957,0.32719450230752817,0.07637805160802846,3.595182626435527e-05,27.185752375745512,36.6160022508952,nan,5.378331386679359,nan
378.37,225.36045837402344,-183.7690887451172,-55.63251495361328,225.79898576357948,-184.31809699480013,-55.633519884812436,0.7026502255727808,0.32724348160012273,0.07639871847009252,3.6669140256440906e-05,27.130371543166703,36.38491819419136,nan,nan,nan
378.38,225.35536193847656,-183.76052856445312,-55.63328552246094,225.79381599531158,-184.3097717830878,-55.63487754680217,0.7027891630587071,0.3272925460347244,0.07641945069156231,3.5908611694679944e-05,27.113576965301245,36.60015102306995,nan,0.17696830974407124,nan
378.39,225.35035705566406,-183.75196838378906,-55.63404083251953,225.78875384145417,-184.30144199980532,-55.635711781087416,0.702933701395937,0.3273416960393366,0.07644024864268884,3.6625228452522446e-05,27.05868985932222,36.798439474967026,nan,nan,nan
378.40000000000003,225.345458984375,-183.74339294433594,-55.63478469848633,225.7964534795944,-184.3038769498079,-55.636168445634524,0.7194027174429094,0.3272777287440986,0.07643026785563443,3.5845706486506795e-05,27.820274648603327,36.309227600321165,4.365551013463981,0.06231922900532691,nan
378.41,225.3406524658203,-183.73483276367188,-55.6355094909668,225.79160774167326,-184.29557503123112,-55.636970493523535,0.7195795202585795,0.3273266709884722,0.07645106093497868,3.656079921732026e-05,27.765794228383026,37.13615644598631,nan,nan,nan
378.42,225.3359375,-183.7262725830078,-55.63622283935547,225.786866541441,-184.28726548358944,-55.636855694054795,0.7197572058846934,0.3273756983326721,0.07647191958132496,3.58066640051311e-05,27.658811655687412,37.08463320493901,nan,0.5497615615713226,nan
378.43,225.33132934570312,-183.7176971435547,-55.63692092895508,225.7822121325347,-184.278962700208,-55.6376217807684,0.7199408334992864,0.32742481115352345,0.0764928441305505,3.652119058248137e-05,27.60444678551549,36.24289228030794,nan,nan,nan
378.44,225.32681274414062,-183.70913696289062,-55.637603759765625,225.77764938650955,-184.2706606226625,-55.63853428966359,0.7201134386136449,0.3274740093744906,0.0765138345434308,3.5769620279364394e-05,27.55609313223304,36.89532504433405,nan,0.01717873336140716,nan
378.45,225.32237243652344,-183.7005615234375,-55.638275146484375,225.7847407381637,-184.26207439734088,-55.639216843515165,0.7273802586778293,0.3274099721856833,0.07650381933392236,3.646108702689568e-05,26.72525004795037,36.29869799294919,3.8598007429401324,nan,nan
378.46,225.31802368164062,-183.69200134277344,-55.63893127441406,225.78037776615966,-184.25376198678208,-55.640613595977854,0.7275638465690035,0.3274589623953096,0.07652480416248018,3.57128846102064e-05,26.719421485320233,36.93880767273798,nan,0.3026855432117203,nan
378.47,225.3137664794922,-183.6834259033203,-55.63957595825195,225.77610740449697,-184.24544403189125,-55.64133627548302,0.7277544960310539,0.3275080379910462,0.07654585506565036,3.642556106795824e-05,26.667080981851825,36.152713444815426,nan,nan,nan
378.48,225.30946350097656,-183.67486572265625,-55.64030838012695,225.77185870414755,-184.23712210663948,-55.641611987779825,0.7279720218788227,0.3275571989386593,0.07656697203369325,3.567971012326775e-05,26.56497032112145,36.749161790128404,nan,0.1612470576684328,nan
378.49,225.3050994873047,-183.66629028320312,-55.641136169433594,225.76755651048973,-184.22880311385194,-55.6424624140683,0.7282094079744776,0.3276064455517454,0.07658815535862706,3.639198711231905e-05,26.502557449465307,36.263513011459715,nan,nan,nan
378.5,225.3007049560547,-183.65773010253906,-55.642051696777344,225.7891518670378,-184.2210960829907,-55.64348735009984,0.7456297163335348,0.3275423379298119,0.07657810176521834,3.5626843828043756e-05,24.891307649999003,36.21791022837412,15.717444093781276,0.003268967210297176,nan
378.51,225.29624938964844,-183.64915466308594,-55.6430549621582,225.78480300520917,-184.21275115831293,-55.64451991777671,0.7458738437595016,0.32759137625670515,0.07659927876045977,3.633788826929525e-05,24.828470949938886,35.92942943408004,nan,nan,nan
378.52,225.291748046875,-183.6405792236328,-55.64414596557617,225.78040598337296,-184.20440573503654,-55.64564150466249,0.7461160435892693,0.32764049995071554,0.07662052207792014,3.706327270451179e-05,24.765926841776366,35.86203599588427,nan,nan,nan
378.53000000000003,225.2871856689453,-183.6320037841797,-55.64532470703125,225.77596150534526,-184.1960599193417,-55.646851028050726,0.7463668478156312,0.3276897091563432,0.07664183186209966,3.780314163389338e-05,24.702584097403975,36.1788542429412,nan,nan,nan
378.54,225.2825927734375,-183.62344360351562,-55.64658737182617,225.77146701117087,-184.18771672710065,-55.648642032015665,0.7465965442916801,0.32773900395315075,0.0766632081969435,3.69736222255158e-05,24.6894585498169,36.49853010106008,nan,0.15443435176427947,nan
378.55,225.2779541015625,-183.6148681640625,-55.64793395996094,225.7301485469663,-184.1589869566845,-55.65006426381014,0.7074953110324763,0.32767482571245415,0.07665311255110098,3.768737438058603e-05,24.138450381124517,35.35227958251739,14.05589053671805,nan,nan
378.56,225.2732696533203,-183.60629272460938,-55.64936828613281,225.7255110502338,-184.15059693124795,-55.65092213405381,0.7076664220450629,0.32772391196419376,0.07667448180692743,3.6864376896427904e-05,24.019752640585715,35.15404740105064,nan,0.24029868409960056,nan
378.57,225.26852416992188,-183.59771728515625,-55.65087890625,225.72082460975702,-184.1422102050601,-55.65247299066958,0.7078493969804809,0.3277730837145713,0.07669591776387434,3.759935043690603e-05,23.95714875624514,35.73493825110972,nan,nan,nan
378.58,225.2637481689453,-183.5891571044922,-55.6524772644043,225.71609639338325,-184.13382045976806,-55.653608146218694,0.7080101451435618,0.327822341000393,0.07671742046260256,3.678163521459728e-05,23.858520054244323,35.82547198023909,nan,0.15872256953461178,nan
378.59000000000003,225.25892639160156,-183.58058166503906,-55.654151916503906,225.711321187872,-184.12543335724183,-55.65531927936356,0.7081848494036195,0.3278716840670361,0.07673899014622845,3.751481283035663e-05,23.796400991516126,35.31151735481276,nan,nan,nan
378.6,225.2540740966797,-183.57200622558594,-55.655906677246094,225.65747860747356,-184.09890630741708,-55.65727084162267,0.6635968328035928,0.3278074347502565,0.07672884852244105,3.6679452360905854e-05,24.35140140168955,35.02388248381562,21.771124690034103,0.028459599605308545,nan
378.61,225.24916076660156,-183.5634307861328,-55.65774154663086,225.65253281245498,-184.0905002880627,-55.65914445035798,0.6637117110458969,0.32785656899549437,0.07675041034895164,3.7410030298801705e-05,24.28995678860513,35.3119216542172,nan,nan,nan
378.62,225.2442169189453,-183.5548553466797,-55.65965270996094,225.6475470661156,-184.08209148097654,-55.6605665380119,0.6638177340252449,0.3279057887171499,0.07677203910333955,3.660334772701223e-05,24.197721478457176,35.091313713905315,nan,0.1816074653828825,nan
378.63,225.2392120361328,-183.54627990722656,-55.661643981933594,225.64251662397737,-184.0736852661671,-55.66259248621716,0.6639366708324271,0.32795509413672824,0.07679373500964735,3.733236511607191e-05,24.135480782302864,35.32796853536073,nan,nan,nan
378.64,225.23419189453125,-183.5377197265625,-55.66367721557617,225.63743770536894,-184.06528643331035,-55.66616895835588,0.6640331488781227,0.32800448532683574,0.07681549813699994,3.653041736121673e-05,24.217495911015938,35.687637819330405,nan,1.4344374501749488,nan
378.65000000000003,225.22911071777344,-183.52914428710938,-55.66571044921875,225.64274077781488,-184.066052149384,-55.66827147759525,0.6777657692806168,0.32794016468416565,0.07680530680146577,3.723457016809166e-05,24.84574894973399,35.62304326981818,2.8974710675741213,nan,nan
378.66,225.2239990234375,-183.52056884765625,-55.667724609375,225.63760958039367,-184.05766112347212,-55.66836252113759,0.677895428881238,0.327989346786603,0.07682706128676166,3.643817700775208e-05,24.619411502134668,35.196561195845575,nan,2.671546102253684,nan
378.67,225.21884155273438,-183.51199340820312,-55.66971206665039,225.63242958392698,-184.04927942097507,-55.670436721666825,0.6780352824086954,0.328038614505451,0.07684888308898796,3.716347571287583e-05,24.560757018708323,35.16234711153226,nan,nan,nan
378.68,225.21365356445312,-183.50343322753906,-55.67166519165039,225.62720995201627,-184.0408980889592,-55.67247808511202,0.6781578162577195,0.32808796793187084,0.07687077229288194,3.637147158218389e-05,24.501800123163935,35.59583413390422,nan,2.464990411348013e-06,nan
378.69,225.2084197998047,-183.49485778808594,-55.673580169677734,225.6219509891043,-184.03251708505712,-55.67448718800643,0.6782966805354088,0.3281374072595653,0.07689272909918712,3.7095518155833476e-05,24.444709928433088,35.088930033349996,nan,nan,nan
378.7,225.20314025878906,-183.4862823486328,-55.67545700073242,225.5949261482341,-184.0274301759913,-55.67382226623299,0.6680866909166268,0.3280730148875375,0.07688248415369571,3.628552527131289e-05,26.350362721636806,35.9173011042975,16.831134308738527,4.281065618288999,nan
378.71,225.19784545898438,-183.4777069091797,-55.67729949951172,225.5895448830776,-184.0190827126647,-55.67573314965808,0.6682205121708429,0.32812224484985536,0.07690443150872997,3.7007510227443344e-05,26.28489189638378,35.38875723453963,nan,nan,nan
378.72,225.19248962402344,-183.46914672851562,-55.679107666015625,225.5169932125464,-183.9396350735496,-55.67790055380468,0.5715446779535017,0.324042831062302,0.07229503572100959,3.622379826606157e-05,29.520195333980162,39.63310474030728,nan,0.04448006240519738,1.0915433314321665
378.73,225.18710327148438,-183.4605712890625,-55.680877685546875,225.5115597233031,-183.93122427475174,-55.67974369302755,0.571653311023407,0.3240950438709809,0.07230882546566769,3.694470062540374e-05,29.439646742679972,38.91565351733948,nan,nan,nan
378.74,225.1816864013672,-183.45199584960938,-55.68260955810547,225.50615111927794,-183.9228879235602,-55.682775572320544,0.5718537628094671,0.3241473377887809,0.0723226701167542,3.61658878914001e-05,29.331101629881513,38.84034868287052,nan,0.9880411059173707,nan
378.75,225.17623901367188,-183.4434356689453,-55.68431091308594,225.53119009714996,-183.93118632078816,-55.68439174471994,0.6032337661049315,0.32407987060356697,0.07231250096255586,3.686289052973078e-05,29.848712874322768,39.333276832016914,13.006500683560715,nan,nan
378.76,225.17074584960938,-183.4348602294922,-55.685977935791016,225.52573597304865,-183.92285645938378,-55.68688285926158,0.6034559859793673,0.32413194266271367,0.07232637131876878,3.6088759627480707e-05,29.79784830024931,38.92131447495702,nan,0.3640231229953844,nan
378.77,225.16522216796875,-183.42630004882812,-55.6876106262207,225.5202093180647,-183.9144830077326,-55.688607948445316,0.6036053948976869,0.3241841032749119,0.0723403075623179,3.6806895403956526e-05,29.726589422257025,39.4273748691563,nan,nan,nan
378.78000000000003,225.15965270996094,-183.417724609375,-55.689208984375,225.51469352777542,-183.9061643573479,-55.691233948567884,0.603847224216684,0.3242363451622406,0.0723542994082542,3.603634267120769e-05,29.739784114157338,39.142163851549924,nan,0.5788168575823204,nan
378.79,225.154052734375,-183.40916442871094,-55.69078063964844,225.50909698138028,-183.8977918381145,-55.69290526441127,0.604001387897716,0.3242886757745181,0.07236835721359126,3.675366488854638e-05,29.67305400792413,39.43352510387689,nan,nan,nan
378.8,225.14842224121094,-183.4005889892578,-55.692317962646484,225.5280543142716,-183.898510082637,-55.6946623365541,0.6261400979152103,0.32422110181215535,0.0723582845608178,3.596471633206811e-05,29.340350827327633,38.86793604815304,5.068639501876835,0.010022798164652354,nan
378.81,225.14276123046875,-183.39202880859375,-55.69382095336914,225.52242940225233,-183.8901456471574,-55.69627435264634,0.6263180699086845,0.32427321012477717,0.07237236743517093,3.668040758670468e-05,29.276413630704553,39.47891353587898,nan,nan,nan
378.82,225.13706970214844,-183.38345336914062,-55.6953010559082,225.5167763928361,-183.88178835553398,-55.69797484148927,0.6265158248168876,0.32432539987334075,0.07238650658018074,3.591749131193942e-05,29.239325228199203,38.52158097018097,nan,0.00929907546384659,nan
378.83,225.13133239746094,-183.37489318847656,-55.696746826171875,225.5110846449276,-183.87342495191862,-55.69952984263113,0.6267004338575471,0.3243776780544617,0.07240071149583777,3.663252107898649e-05,29.176119301441275,39.541175126267675,nan,nan,nan
378.84000000000003,225.12557983398438,-183.36631774902344,-55.69816589355469,225.50541915282156,-183.86513062024957,-55.702306251412814,0.6269843149543306,0.3244300380735101,0.07241497317167282,3.5872737724459996e-05,29.37121862537144,38.67702497411971,nan,1.048493665845077,nan
378.85,225.11978149414062,-183.35775756835938,-55.699554443359375,225.50129951870957,-183.85185995481052,-55.70375165051314,0.6242682019097255,0.32436236467662233,0.07240500281413693,3.656459474707772e-05,28.37259494505169,39.27691919620223,4.97819592854378,nan,nan
378.86,225.11395263671875,-183.3491973876953,-55.7009162902832,225.49559608588297,-183.84356871323453,-55.70704953270617,0.6245737318107313,0.32441450217805257,0.07241928933693942,3.580872236248946e-05,28.865338311040485,39.72245811016141,nan,2.2188813244682706,nan
378.87,225.10809326171875,-183.3406219482422,-55.70225143432617,225.48977685534766,-183.83518060942365,-55.70852441208286,0.62474793736755,0.324466727824277,0.07243364146182596,3.652173787348091e-05,28.81927728373914,38.99408415749372,nan,nan,nan
378.88,225.10220336914062,-183.33206176757812,-55.70355987548828,225.4839141190621,-183.8267787407052,-55.70970030960224,0.6248885380903861,0.324519035459971,0.07244805097623187,3.5768724140473165e-05,28.720577053638152,39.52558934788529,nan,0.05037565202405629,nan
378.89,225.09628295898438,-183.32350158691406,-55.70484161376953,225.4780330625709,-183.81839185648695,-55.71112129851774,0.6250511618633943,0.3245714314194947,0.07246252619293439,3.6481271235644105e-05,28.672259910466963,39.47796786542198,nan,nan,nan
378.90000000000003,225.09033203125,-183.31494140625,-55.70610046386719,225.51267298131702,-183.82747165431078,-55.71296075735137,0.6641582619432321,0.3245036523279001,0.0724526452948378,3.570943130750203e-05,28.781764838900685,39.90159024750429,14.192716503047125,0.12683038723210827,nan
378.91,225.0843505859375,-183.30638122558594,-55.707332611083984,225.50679827914146,-183.81911016936348,-55.71433680698357,0.6643809765795434,0.32455582533635746,0.07246714470257795,3.642068369055479e-05,28.736215241617618,39.92597586000571,nan,nan,nan
378.92,225.07835388183594,-183.2978057861328,-55.70853805541992,225.50097734714544,-183.81084384935752,-55.71757321882556,0.6647558062366511,0.32460808047854006,0.07248170210196553,3.567389276315908e-05,29.60679953095138,39.883350573501275,nan,2.4112841427272915,nan
378.93,225.0723114013672,-183.28924560546875,-55.709720611572266,225.49504364216696,-183.80248346560018,-55.71892075049514,0.6649814215751323,0.32466042366572306,0.07249632506626708,3.6384795655717394e-05,29.570485338455235,40.83584795383127,nan,nan,nan
378.94,225.0662384033203,-183.2806854248047,-55.710880279541016,225.48910554310464,-183.7941514053771,-55.72081412946636,0.6652537955464185,0.32471284938007533,0.07251100648378186,3.56404720328843e-05,29.938777305435543,41.20420506328087,nan,0.22011962183715897,nan
378.95,225.06015014648438,-183.27212524414062,-55.71201705932617,225.51272485433245,-183.79587528309452,-55.72199362502672,0.6922698183159142,0.32464497083892324,0.07250121872442691,3.632873870727859e-05,29.381785951984686,40.92725239410353,8.23794649788451,nan,nan
378.96,225.0540313720703,-183.26356506347656,-55.713130950927734,225.50676198285768,-183.78753119167195,-55.723479559930624,0.692540686998432,0.324697173377687,0.07251592403064977,3.558765419346623e-05,29.57797726470151,41.17618477705142,nan,0.027978371600732303,nan
378.97,225.04786682128906,-183.2550048828125,-55.7142219543457,225.50076272549572,-183.77917790019077,-55.72474351137173,0.6928078776665728,0.32474946368904045,0.07253069478387351,3.629712685151293e-05,29.544173062469028,41.67010099102519,nan,nan,nan
378.98,225.04168701171875,-183.24644470214844,-55.715293884277344,225.49463468391244,-183.77071218181922,-55.72357395137521,0.6928827776017963,0.32480183665999585,0.07254552455463095,3.555827160955822e-05,28.34906013866771,40.00931730799935,nan,3.97915067287835,nan
378.99,225.03549194335938,-183.23789978027344,-55.716339111328125,225.48858074415725,-183.7623600142021,-55.7247725182677,0.6931227313640574,0.32485429759190554,0.07256041990011987,3.626754245554119e-05,28.307276107463167,40.44178114840134,nan,nan,nan
379.0,225.0292510986328,-183.22933959960938,-55.717369079589844,225.48704853414634,-183.76247080633357,-55.726926409262404,0.7027792812088482,0.3247863144020788,0.072550714162852,3.550943292730274e-05,29.95019385259421,41.1671669784296,6.738201447747051,0.7686794891362716,nan
379.01,225.0229949951172,-183.2207794189453,-55.71837615966797,225.4809505542009,-183.75415323966186,-55.7280943294577,0.7030685382987173,0.3248385517350048,0.07256563272172543,3.621766661532506e-05,29.914738995147413,40.88360533460829,nan,nan,nan
379.02,225.01670837402344,-183.21221923828125,-55.719364166259766,225.47482064656106,-183.74582987443344,-55.72909931741345,0.7033505089443752,0.3248908718513162,0.07258061083635675,3.5483807814930514e-05,29.907121039708713,40.945221298858144,nan,0.014154565884970953,nan
379.03000000000003,225.01040649414062,-183.2036590576172,-55.72032928466797,225.46867060635708,-183.737513530605,-55.73022743010872,0.7036366734031219,0.3249432796672409,0.07259565443753177,3.6191930721387777e-05,29.873414474376872,40.69452566680551,nan,nan,nan
379.04,225.00405883789062,-183.1951141357422,-55.72127914428711,225.4624625782542,-183.7291624251066,-55.73052344148962,0.7038657695776511,0.32499577064979285,0.07261075802918698,3.5459962807398e-05,29.50273238568732,41.382289786459644,nan,0.455195573357588,nan
379.05,224.99771118164062,-183.18655395507812,-55.722206115722656,225.46110375885863,-183.7171132569035,-55.731527116008856,0.7044946659986214,0.3249276880456101,0.07260113617794221,3.614583446539015e-05,28.528743686028506,40.03546581181738,4.643852590534579,nan,nan
379.06,224.99142456054688,-183.17800903320312,-55.72311782836914,225.45494194759914,-183.7087830639373,-55.73279366105078,0.7047432593076949,0.3249799551965621,0.07261626260343712,3.5416529259694794e-05,28.698764807680572,40.565548711651225,nan,0.028249703026605084,nan
379.07,224.98521423339844,-183.16944885253906,-55.7240104675293,225.4488448902822,-183.70044487377075,-55.73384239952777,0.7049871115511093,0.3250323097933127,0.07263145444545978,3.612366456133849e-05,28.664434373883324,40.3041984074589,nan,nan,nan
379.08,224.97911071777344,-183.16090393066406,-55.724884033203125,225.44284170609714,-183.69210295037846,-55.734775160988114,0.7052068224897359,0.32508474766710693,0.07264670678036218,3.539604721094902e-05,28.683923378815923,40.95823488528119,nan,0.006763074503321304,nan
379.09000000000003,224.97311401367188,-183.15234375,-55.72574234008789,225.436951366691,-183.68376555890833,-55.735789312888755,0.7054467880015193,0.32513727318572605,0.07266202468565695,3.6103181513829076e-05,28.64981552053085,40.37850299388729,nan,nan,nan
379.1,224.96725463867188,-183.143798828125,-55.72658157348633,225.42984601271294,-183.6771509126134,-55.73661010645085,0.7060848368565525,0.3250690869350137,0.07265247705589664,3.535590336371738e-05,29.050373639493873,40.529825769676705,0.7374492315003038,0.0333609627253491,nan
379.11,224.96148681640625,-183.13523864746094,-55.7274055480957,225.42418241487724,-183.6688240144641,-55.73759075569154,0.706331578777338,0.3251213882103138,0.07266781710004638,3.606219270041409e-05,29.017406645379463,40.5098347109161,nan,nan,nan
379.12,224.95584106445312,-183.12669372558594,-55.72821044921875,225.41861976207278,-183.66048291841946,-55.738188944194356,0.706537044830904,0.32517377286368193,0.07268321811499498,3.533852519144321e-05,28.891523050208345,40.845047370149786,nan,0.09316333458280418,nan
379.13,224.95030212402344,-183.11814880371094,-55.72900390625,225.41318333631668,-183.65215620665793,-55.7391348087087,0.706771220608822,0.32522624492032,0.07269868465781933,3.604488151797683e-05,28.854211976441462,40.832100740779154,nan,nan,nan
379.14,224.94488525390625,-183.10958862304688,-55.72977828979492,225.4078785836308,-183.64385177079816,-55.74064959364837,0.7070488806737624,0.32527880072718196,0.07271421258108164,3.5322614087884376e-05,29.288842485916454,40.375084361422026,nan,0.2363028118587738,nan
379.15000000000003,224.9395751953125,-183.10104370117188,-55.73053741455078,225.3904206484113,-183.63310830828087,-55.74152824057374,0.6974777179054323,0.32521051515539495,0.07270473950627213,3.600698561719284e-05,29.75610349537033,40.97380594932868,1.9261823903160153,nan,nan
379.16,224.93435668945312,-183.0924835205078,-55.73128128051758,225.3852664488247,-183.62476113675896,-55.74173661174252,0.6976735524653035,0.3252628464774409,0.0727202891153063,3.528689441848673e-05,29.434960967040308,40.447704628957716,nan,0.3387832983812198,nan
379.17,224.9292449951172,-183.0839385986328,-55.73201370239258,225.38024166009305,-183.61643953728947,-55.74262247024394,0.6979024197156004,0.3253152649692582,0.07273590422613713,3.599258915857067e-05,29.397657536908138,40.89743935143049,nan,nan,nan
379.18,224.9242401123047,-183.07537841796875,-55.73272705078125,225.3753544085991,-183.6081540226923,-55.74450785011449,0.6982068035637263,0.3253677672982641,0.07275158116213502,3.5273727982671e-05,30.141679902809766,41.00365872680134,nan,0.7133479631859447,nan
379.19,224.91934204101562,-183.06683349609375,-55.733428955078125,225.37053284207923,-183.59983192606438,-55.745376668854,0.6984291039039292,0.32542035700733846,0.07276732377796631,3.5979568474047264e-05,30.10908806632839,41.3285995252193,nan,nan,nan
379.2,224.91453552246094,-183.0582733154297,-55.73411560058594,225.3850095194669,-183.6005805999491,-55.74436758576643,0.7180167657525335,0.3253519687435314,0.07275791679566147,3.524067452376975e-05,29.214484282342223,40.269928554369734,3.5211642187439076,2.3879788007439595,nan
379.21,224.90982055664062,-183.0497283935547,-55.73478698730469,225.38041521607826,-183.59227339968123,-55.745191816199586,0.7182775770051649,0.32540433356862297,0.07277368038182744,3.594580898817617e-05,29.17787548349811,41.052815985074524,nan,nan,nan
379.22,224.90521240234375,-183.04116821289062,-55.73544692993164,225.37590486712887,-183.58395449304325,-55.74566963581948,0.7185212912941986,0.32545678230824876,0.07278950621538517,3.5230019578693335e-05,29.069739164916314,39.926505283789346,nan,0.07769982401612645,nan
379.23,224.90054321289062,-183.03262329101562,-55.73619842529297,225.37142944698363,-183.5756464307097,-55.74651810028243,0.7188285410258719,0.3255093182071065,0.07280539772740763,3.5935349138462594e-05,28.996253628638573,40.95779902138717,nan,nan,nan
379.24,224.8958282470703,-183.02406311035156,-55.73704147338867,225.3668891373973,-183.56731815128623,-55.746859921597135,0.7191111206356067,0.3255619383813267,0.0728213518736128,3.522054918869358e-05,28.701524424231128,40.07122993244919,nan,0.24979191983506752,nan
379.25,224.89108276367188,-183.0155029296875,-55.737972259521484,225.38536603595804,-183.56084344126634,-55.747774190251306,0.7360762899842844,0.3254934509518901,0.07281201005146674,3.590406966476099e-05,27.36276070496608,39.49740605962227,10.286945913750612,nan,nan
379.26,224.8862762451172,-183.0069580078125,-55.738990783691406,225.38075863026094,-183.55247853442003,-55.74783098788958,0.7363311913655984,0.32554584599158315,0.07282798464549543,3.519104241297087e-05,26.835853277627315,40.21134228542373,nan,0.7788481929454008,nan
379.27,224.88143920898438,-182.99839782714844,-55.74009704589844,225.37614064255203,-183.544146824302,-55.74902230808461,0.7366485841791248,0.3255983279777855,0.0728440249310231,3.589594218123136e-05,26.765917799966253,39.105220380692664,nan,nan,nan
379.28000000000003,224.87655639648438,-182.98983764648438,-55.74129104614258,225.37146148170206,-183.53579706856567,-55.74972232204584,0.736935424814834,0.3256508943026371,0.07286012824284976,3.518376470318784e-05,26.49869758479815,38.90270228606816,nan,0.23438407021899477,nan
379.29,224.8716278076172,-182.98129272460938,-55.74256896972656,225.36675705516416,-183.52746505584346,-55.751082433106006,0.7372446447691714,0.325703547795586,0.07287629744601544,3.588891348366929e-05,26.42703322275656,39.631931368552934,nan,nan,nan
379.3,224.8666534423828,-182.9727325439453,-55.74393081665039,225.396537374227,-183.53711883208453,-55.75303443670717,0.7742039391299637,0.32563495858032293,0.07286701329569283,3.5156373612965815e-05,27.173591078247664,40.40298891334103,12.999126369185328,0.22398603362374242,nan
379.31,224.8616485595703,-182.96417236328125,-55.74537658691406,225.39180614733414,-183.5288213184338,-55.75456932834075,0.7745837701071308,0.3256873865523878,0.07288320220964249,3.586091284862379e-05,27.10574535786545,39.970140861643166,nan,nan,nan
379.32,224.85659790039062,-182.9556121826172,-55.74690628051758,225.38709480150374,-183.52058427278018,-55.758287494822156,0.7750806130931189,0.32573989891695415,0.07289945452170568,3.515108366513787e-05,28.36707606775373,41.36864846471746,nan,3.085862038927634,nan
379.33,224.85150146484375,-182.94705200195312,-55.748512268066406,225.38228129030682,-183.51228643460357,-55.760009465342925,0.775467196287174,0.32579249824932927,0.07291577275970149,3.585590651713795e-05,28.30133623099836,41.609760324092896,nan,nan,nan
379.34000000000003,224.84637451171875,-182.93849182128906,-55.75020217895508,225.37740715895208,-183.50396852181817,-55.76109954439532,0.7758081746427138,0.3258451823239747,0.07293215476229659,3.514672961476426e-05,27.926985952591995,40.84351529583672,nan,0.3566052935894503,nan
379.35,224.84120178222656,-182.92994689941406,-55.75197219848633,225.37298392690772,-183.5063355724367,-55.76298964108919,0.7843070418095268,0.32577649416166915,0.07292292632578945,3.582985140543164e-05,29.482159916158935,42.3604049612792,12.108029561222157,nan,nan
379.36,224.8359832763672,-182.92138671875,-55.75381851196289,225.36804012258298,-183.49807017720548,-55.76445238120914,0.784704643822384,0.3258289524561635,0.072939327451602,3.512211863240637e-05,29.24856375094977,41.84640626856018,nan,0.17181914555171549,nan
379.37,224.8307342529297,-182.91282653808594,-55.75574493408203,225.36307116565428,-183.48981819411233,-55.76648429082803,0.7851224704188156,0.3258814975259795,0.07295579455013881,3.5826669094713566e-05,29.183458806486684,41.44483529411094,nan,nan,nan
379.38,224.825439453125,-182.90426635742188,-55.757747650146484,225.35805018669197,-183.4815532608223,-55.76809057785465,0.7855197887398937,0.3259341273783993,0.07297232575831525,3.5119476285102754e-05,28.945246561984533,41.487316378550744,nan,0.1778639210035775,nan
379.39,224.8201141357422,-182.8957061767578,-55.75979232788086,225.35300496527032,-183.473301576708,-55.77025639724951,0.7859380249017991,0.3259868442385809,0.07298892315824623,3.582434487049865e-05,28.891194777385223,41.222662275605025,nan,nan,nan
379.40000000000003,224.81475830078125,-182.88714599609375,-55.761837005615234,225.37293284403296,-183.47792726419948,-55.77141051839084,0.8128179252610839,0.3259180551500596,0.07297974371875039,3.509650608823501e-05,28.735242503519952,41.415149606841744,6.702609337037789,0.6860586134195146,nan
379.41,224.80935668945312,-182.87860107421875,-55.76386642456055,225.3678547428906,-183.46970016474472,-55.773580314214165,0.8132727526274731,0.3259705458563105,0.07299635948190676,3.5800828588101434e-05,28.6933525450414,42.17172667390833,nan,nan,nan
379.42,224.80392456054688,-182.8700408935547,-55.76586151123047,225.36275723877452,-183.46148952666056,-55.77639787441881,0.8137668356520321,0.32602312137655953,0.07301303968174641,3.509539947466755e-05,29.157579739735368,41.93986762162872,nan,0.3167541858616633,nan
379.43,224.79844665527344,-182.86148071289062,-55.767822265625,225.35760637296445,-183.45326290808632,-55.778519261083936,0.8142359499253132,0.3260757837238112,0.07302978613836575,3.580006335524114e-05,29.126832890764966,42.24699237442484,nan,nan,nan
379.44,224.79293823242188,-182.85292053222656,-55.76974868774414,225.35243472641153,-183.44505069177197,-55.78121072796399,0.8147305266135456,0.32612853122442204,0.0730465973805444,3.5095015153869006e-05,29.610848608214056,42.496622796794234,nan,0.2566016418462249,nan
379.45,224.7873992919922,-182.84437561035156,-55.771636962890625,225.40383965138662,-183.44821112977408,-55.78325461307014,0.8629895833683573,0.32605964346910776,0.07303746416741425,3.577803710194638e-05,27.7209098257721,43.83992913268545,35.366122820265915,nan,nan
379.46,224.7818145751953,-182.8358154296875,-55.77349090576172,225.3986665937217,-183.43995788413955,-55.78497848673262,0.8634966604150827,0.32611216454849123,0.07305429312467453,3.507417084627545e-05,27.646375843422906,43.555018850141586,nan,0.06217689030818955,nan
379.47,224.7761993408203,-182.82725524902344,-55.775306701660156,225.3934662975033,-183.43171164304766,-55.78696106722931,0.8640149607074291,0.3261647722813358,0.07307118841368093,3.5778662544423637e-05,27.616063240491805,43.377317480755984,nan,nan,nan
379.48,224.7705535888672,-182.81871032714844,-55.77708435058594,225.38823268737477,-183.42346642565226,-55.78893747966696,0.8645217776781097,0.3262174651863475,0.07308814879192664,3.507508901724941e-05,27.759598713016,44.00779571224147,nan,0.0005995467115504359,nan
379.49,224.76487731933594,-182.81015014648438,-55.77882766723633,225.3829649033699,-183.4152208749871,-55.790850190865406,0.8650360623131165,0.32627024498733925,0.07310517573743051,3.5779941868735176e-05,27.73044609792066,43.23195819287752,nan,nan,nan
379.5,224.75917053222656,-182.8015899658203,-55.78053665161133,225.38200917958775,-183.41100642724857,-55.79166842553764,0.8714587313792889,0.32620125712236153,0.07309608262999996,3.505548527018676e-05,27.51844992231861,42.92209833513981,1.2422086905286902,0.9557485753909049,nan
379.51,224.75341796875,-182.7930450439453,-55.78221130371094,225.3766828722379,-183.40277343194637,-55.79350420383075,0.8719835873726404,0.3262538101403239,0.0731131265062358,3.575983054183518e-05,27.484591853392455,43.99201555083088,nan,nan,nan
379.52,224.7476348876953,-182.78448486328125,-55.783851623535156,225.37132597535486,-183.39454251597783,-55.79539173075696,0.872521682546806,0.3263064483410348,0.07313023575969212,3.505755824478346e-05,27.654238575915553,43.499234807275485,nan,0.005012425865540346,nan
379.53000000000003,224.74183654785156,-182.77593994140625,-55.78546142578125,225.36593525491094,-183.38631025201744,-55.79716364203158,0.8730338218499617,0.3263591732748701,0.07314741167027254,3.5762279463295374e-05,27.621034252439607,43.33079980065955,nan,nan,nan
379.54,224.73599243164062,-182.7673797607422,-55.78704071044922,225.36055119446877,-183.37811243910073,-55.80067934376211,0.8736441294709577,0.326411983721324,0.07316465329204995,3.506017440824936e-05,29.035113317772243,44.6812971881126,nan,2.217543084144621,nan
379.55,224.73011779785156,-182.75881958007812,-55.7885856628418,225.36418456244596,-183.36986217238126,-55.80227961757852,0.8806822559629949,0.3263428975281486,0.07315559689183522,3.574327894985096e-05,28.425064103899885,44.661631669467155,2.477324463274526,nan,nan
379.56,224.72421264648438,-182.75027465820312,-55.79010009765625,225.35867093092477,-183.36158215818182,-55.801915437259595,0.8811207502239385,0.32639548091719295,0.07317285474007007,3.5042151228601684e-05,27.098427061949618,43.88053797017754,nan,2.9864149784767138,nan
379.57,224.71827697753906,-182.74171447753906,-55.79158401489258,225.3531697477055,-183.35334027403272,-55.80356039985348,0.8816566102189867,0.32644815088295887,0.0731901793430297,3.5746757859636706e-05,27.06530004043052,43.24939126220855,nan,nan,nan
379.58,224.71231079101562,-182.73316955566406,-55.79303741455078,225.34763458876924,-183.34509544481335,-55.804988507352355,0.8821748411864717,0.3265009063605292,0.07320756992513933,3.504573001548332e-05,27.06462799339803,43.85623069495314,nan,0.024913915172102476,nan
379.59000000000003,224.70632934570312,-182.72462463378906,-55.794464111328125,225.3420733729347,-183.33685441106957,-55.80657455797575,0.8826904504227698,0.3265537486664239,0.0732250275112925,3.5750721560478564e-05,27.028943682677436,43.16376568039447,nan,nan,nan
379.6,224.70030212402344,-182.716064453125,-55.795860290527344,225.31429648680677,-183.3255942707672,-55.80782984760324,0.8652507997229658,0.3264845631418149,0.07321600214592812,3.5028618045421865e-05,27.896333411498148,42.84805406479354,6.495516790374224,0.04452036852765877,nan
379.61,224.69424438476562,-182.70751953125,-55.7972297668457,225.30864087866522,-183.3173674526741,-55.809357487124366,0.8657624504334612,0.32653717803962384,0.07323347514849757,3.573312230549974e-05,27.859776743385254,43.424638712355616,nan,nan,nan
379.62,224.68817138671875,-182.698974609375,-55.7985725402832,225.30293813692427,-183.30912535257505,-55.809888858007355,0.8662275368704598,0.32658987844104176,0.07325101438467128,3.5033038336385114e-05,27.337457279068282,42.359813865391224,nan,0.6627601176046708,nan
379.63,224.68206787109375,-182.69041442871094,-55.799888610839844,225.2972255414699,-183.30089908945018,-55.811354279886174,0.8667421427317474,0.32664266552381704,0.07326862073418557,3.573793622854824e-05,27.301110951249992,41.82457544001822,nan,nan,nan
379.64,224.67591857910156,-182.68186950683594,-55.801177978515625,225.29147793555842,-183.2926675015267,-55.81242366227364,0.8672450501692203,0.3266955384316577,0.07328629363899146,3.503785530779976e-05,27.169640832923417,42.96611761846506,nan,0.09682319193870878,nan
379.65000000000003,224.6697540283203,-182.67332458496094,-55.80244064331055,225.2983853299215,-183.28606168713048,-55.81381585671576,0.8779256604109215,0.32662625497121384,0.0732772954389592,3.572113961704377e-05,26.65727592242545,42.647968045281026,2.1196811655700043,nan,nan
379.66,224.66357421875,-182.66477966308594,-55.80367660522461,225.2926021198488,-183.27782281869403,-55.81479977123693,0.878420022438483,0.3266789001906025,0.07329498300407905,3.502188027762646e-05,26.506983835122135,42.01595142244633,nan,0.11459170850314732,nan
379.67,224.6573486328125,-182.65621948242188,-55.804893493652344,225.28679901663935,-183.26959019270925,-55.81615898805735,0.8789529710413353,0.3267316319499677,0.07331273779749657,3.572669063004188e-05,26.4669584354473,42.071593284507735,nan,nan,nan
379.68,224.65110778808594,-182.64767456054688,-55.80607986450195,225.2809174564774,-183.26131643027904,-55.814507594304274,0.8793677213301417,0.3267844495161391,0.07333055938377167,3.502738453007768e-05,24.881741502373597,40.65093029294445,nan,6.290838204744922,nan
379.69,224.64483642578125,-182.63912963867188,-55.807247161865234,225.2750611687215,-183.2530848481762,-55.815790630575,0.8798847747001822,0.32683735388185664,0.07334844845893262,3.573258989293999e-05,24.83595879698067,40.71559548363141,nan,nan,nan
379.7,224.63853454589844,-182.63058471679688,-55.808387756347656,225.2508722790482,-183.19920775018656,-55.818139614783625,0.8356941738957054,0.3266902649705736,0.07221959790672348,3.501112342263444e-05,27.39956728822486,42.98644441598608,11.735024009630624,0.9401031528715711,0.7130850070481617
379.71,224.63221740722656,-182.62203979492188,-55.80950927734375,225.24494376088353,-183.1908855544578,-55.81938837321563,0.8361319747163148,0.3267424665577921,0.07223355576641963,3.5715827680682136e-05,27.338822332936587,42.476055804892525,nan,nan,nan
379.72,224.62586975097656,-182.61349487304688,-55.810604095458984,225.23899106327352,-183.1825704439475,-55.82077463616091,0.8365812506187179,0.32679475274749864,0.0722475715053933,3.501724938920999e-05,27.483007751390883,42.86141553150462,nan,0.01780819992801215,nan
379.73,224.61949157714844,-182.60494995117188,-55.81167984008789,225.2330117250005,-183.17424922147993,-55.821982519742434,0.8370273449546036,0.3268471238918963,0.0722616501170831,3.572235432478631e-05,27.423153611924803,42.975544321112274,nan,nan,nan
379.74,224.61309814453125,-182.59640502929688,-55.81273651123047,225.22699977254808,-183.1658898487427,-55.822211160117156,0.8374233919783238,0.32689957993892144,0.07227578701958334,3.50236549110803e-05,26.938537299300055,42.092304696531514,nan,0.6478890026914941,nan
379.75,224.60667419433594,-182.58786010742188,-55.81376647949219,225.2533622175058,-183.17256487045742,-55.823482417321095,0.8718827092423079,0.3268312749414995,0.07226557287546731,3.5707137503797684e-05,27.131227077972813,43.658667823344615,10.195066156141758,nan,nan
379.76,224.60023498535156,-182.57933044433594,-55.814781188964844,225.2473633243551,-183.16427248603995,-55.82469301813079,0.8723706343359677,0.3268835072091894,0.07227973395637524,3.500914296293041e-05,27.21619909170052,43.93621300262261,nan,0.003539287586246283,nan
379.77,224.59376525878906,-182.57078552246094,-55.815773010253906,225.2413400179661,-183.15597784662006,-55.82581399712868,0.8728710938021643,0.3269358243469359,0.07229395790679233,3.57141686890552e-05,27.157656192030853,43.54921453266525,nan,nan,nan
379.78000000000003,224.58726501464844,-182.56224060058594,-55.81674575805664,225.23529864571677,-183.14771335648283,-55.82769049444805,0.8734103973206285,0.3269882263403025,0.07230824062670677,3.501601767023136e-05,27.68007931289621,44.33901976112048,nan,0.42326304641773027,nan
379.79,224.58074951171875,-182.55369567871094,-55.81769943237305,225.22922813625843,-183.13941996371116,-55.828781473903085,0.8739109085990234,0.3270407134831599,0.07232258639134512,3.572144031641703e-05,27.622583584949602,43.920216856923005,nan,nan,nan
379.8,224.57420349121094,-182.545166015625,-55.81863021850586,225.21121981047924,-183.13044379306956,-55.832075359700355,0.8651708730686176,0.3269723138699406,0.07231246706527408,3.500194502113409e-05,30.01815074055802,46.40415358302294,3.8469844319928512,3.738617074223666,nan
379.81,224.56764221191406,-182.53662109375,-55.81954574584961,225.20508483777712,-183.12216599283042,-55.83315202411622,0.8656679853815532,0.3270245769223704,0.07232683647752224,3.570688814489496e-05,29.96522386837933,45.39769450221673,nan,nan,nan
379.82,224.56112670898438,-182.528076171875,-55.8204460144043,225.19896452981507,-183.11392271702638,-55.835150126434776,0.8661809690003985,0.32707692477994293,0.07234126511714517,3.500921300243265e-05,30.886139955256752,46.044721610051944,nan,0.621976141394709,nan
379.83,224.5546875,-182.51954650878906,-55.82132339477539,225.19290022046806,-183.1056463150579,-55.836201592028154,0.8666313058210513,0.32712935770595813,0.07235575682016852,3.571455490549669e-05,30.83701212828352,46.937516004147334,nan,nan,nan
379.84000000000003,224.54835510253906,-182.51100158691406,-55.82218551635742,225.18691439387402,-183.0972754843672,-55.83453032648653,0.8669645008431548,0.32718187573346613,0.07237030814143654,3.5016669841527004e-05,28.923165492060264,44.34247243148664,nan,5.164592289890343,nan
379.85,224.54212951660156,-182.50247192382812,-55.823028564453125,225.20833506465993,-183.0951550104374,-55.83547575110157,0.8917723957781537,0.32711338182320526,0.07236028356425402,3.5700372106962844e-05,27.995957687134872,45.93980326946978,9.19469857588294,nan,nan
379.86,224.53604125976562,-182.49392700195312,-55.823856353759766,225.2026358047534,-183.08687138086202,-55.836515741985934,0.8922396449370505,0.3271656754636654,0.07237485820100999,3.500310956526761e-05,28.167413609591737,44.6410232201154,nan,0.0030733347723787105,nan
379.87,224.53005981445312,-182.4853973388672,-55.824668884277344,225.1970541236899,-183.07858592207685,-55.837474740534525,0.8927026905745316,0.32721805409318605,0.07238949593282835,3.570836489084057e-05,28.11137707965875,45.66596929174589,nan,nan,nan
379.88,224.52418518066406,-182.47686767578125,-55.825462341308594,225.19158463015475,-183.0702645254898,-55.837322365688074,0.8931307332091841,0.32727051776934146,0.07240419371251636,3.501086871115949e-05,27.465910731888474,45.516125024906614,nan,0.847589727276436,nan
379.89,224.51844787597656,-182.46832275390625,-55.82624435424805,225.1862378278794,-183.0619794314263,-55.83823982205945,0.8935969795576526,0.327323066717382,0.07241895478256188,3.571651600999922e-05,27.410288444312073,43.90709726621385,nan,nan,nan
379.90000000000003,224.51280212402344,-182.4597930908203,-55.82700729370117,225.18849403086284,-183.05986104237144,-55.83804656054058,0.9037493927297462,0.32725447859535894,0.0724090175029722,3.499759069361956e-05,27.29082249656833,45.42624949874877,3.1819837012297123,0.6216552873893475,nan
379.91,224.5072784423828,-182.4512481689453,-55.827754974365234,225.1833879920894,-183.0515947967656,-55.83892262933912,0.9042482586420933,0.3273068028492659,0.07242380132898521,3.5702752475013795e-05,27.235274437250574,44.32504099790794,nan,nan,nan
379.92,224.5018768310547,-182.44271850585938,-55.828487396240234,225.1784011433106,-183.04338379751835,-55.841566360313685,0.9047955553484546,0.32735921209219493,0.07243864561299498,3.500559441837736e-05,28.56059320923853,45.76997104569972,nan,2.2405296330005653,nan
379.93,224.49656677246094,-182.43417358398438,-55.82920837402344,225.1735149223023,-183.0351170998485,-55.84243257061225,0.9052992799114519,0.3274117065300892,0.07245355323908897,3.571114853999758e-05,28.504264765851012,45.81035993857941,nan,nan,nan
379.94,224.49136352539062,-182.42564392089844,-55.82991409301758,225.1687488433123,-183.02694357494443,-55.84638259660663,0.9059157546384417,0.3274642862505535,0.07246852169486798,3.501371887748518e-05,31.28410945024565,49.18221883383775,nan,6.768997019593858,nan
379.95,224.48626708984375,-182.41709899902344,-55.830604553222656,225.14863647209538,-183.01160345032403,-55.84727674896861,0.8901947558099925,0.3273956041766866,0.07245867052614356,3.56976138077594e-05,31.2366691601565,47.83862542117929,2.178211495029125,nan,nan
379.96,224.4812774658203,-182.4085693359375,-55.83127975463867,225.14404755753398,-183.00338771584978,-55.85029576306508,0.8907495204197923,0.3274479589053053,0.07247366133634359,3.500075028905969e-05,33.71322501616787,50.732046480992544,nan,3.297818297267557,nan
379.97,224.4762420654297,-182.4000244140625,-55.83205032348633,225.139479961874,-182.99510863904132,-55.851214953384996,0.8912783095855497,0.3275003987529768,0.07248871555188792,3.570620300596046e-05,33.597497448490344,50.190199104654965,nan,nan,nan
379.98,224.47116088867188,-182.39149475097656,-55.83290481567383,225.1348676504807,-182.98680130800173,-55.851243623871476,0.8917583049201211,0.3275529238222256,0.07250383098121282,3.500905326102584e-05,32.84462307203128,50.320773573984916,nan,0.6807931364663491,nan
379.99,224.46604919433594,-182.38294982910156,-55.83385467529297,225.13021842860542,-182.97852100146778,-55.85233523792499,0.8922820878505728,0.3276055342958253,0.07251901002956905,3.571488993614397e-05,32.73090867056004,49.19390807855008,nan,nan,nan
380.0,224.4608917236328,-182.37440490722656,-55.83488845825195,225.11643652718098,-182.96989985854515,-55.85341780868272,0.8858310015642463,0.32753675840999824,0.0725092382971818,3.4996251793147864e-05,33.49054125172,49.57921638720675,2.2538154552307645,0.0005594380416676163,nan
380.01,224.45570373535156,-182.36587524414062,-55.83600997924805,225.11169344437167,-182.96162995811244,-55.85468583688207,0.8863379520353885,0.32758914358793023,0.07252443911125284,3.570159441177665e-05,33.378142037756454,49.720160161698416,nan,nan,nan
380.02,224.45046997070312,-182.35733032226562,-55.83721923828125,225.10690374228358,-182.95329705398777,-55.85366865633352,0.8867650337858215,0.32764161392427527,0.07253970150537752,3.500469063678412e-05,31.26930025910078,47.29693990813577,nan,3.974300560237111,nan
380.03000000000003,224.4451904296875,-182.34878540039062,-55.8385124206543,225.10208250595693,-182.94502639393397,-55.85508694343286,0.8872909540012542,0.3276941695906033,0.07255502759947277,3.5710416920817994e-05,31.16261749227658,47.50967463950421,nan,nan,nan
380.04,224.43988037109375,-182.34024047851562,-55.83988952636719,225.09723006645203,-182.936820997907,-55.85915620106388,0.887912238263883,0.32774681070689615,0.07257041562807248,3.501320088050357e-05,34.00264777914606,50.05327373766749,nan,4.6438453005378815,nan
380.05,224.4345245361328,-182.3317108154297,-55.84135055541992,225.09390860542527,-182.92827239509555,-55.860900977882984,0.8894128896011065,0.32767794123488314,0.072560721231847,3.569724913386299e-05,33.9372334353848,51.09341907687721,0.8984052198316259,nan,nan
380.06,224.42913818359375,-182.3231658935547,-55.8428955078125,225.0889750407823,-182.91998915312718,-55.86226098471947,0.8899200542560048,0.3277303567574038,0.07257613055878426,3.50005627770806e-05,33.876011100019944,50.16223926160299,nan,0.0819085710024288,nan
380.07,224.42372131347656,-182.3146209716797,-55.84451675415039,225.08400540063008,-182.91171394861752,-55.86404081688006,0.8904360099872989,0.3277828575360182,0.07259160367642643,3.57061695504565e-05,33.76880713018083,49.82205929882137,nan,nan,nan
380.08,224.4182586669922,-182.3060760498047,-55.846221923828125,225.07899430059982,-182.90338566320236,-55.86366167210705,0.890872884645268,0.327835443698857,0.07260713907145358,3.5009163204142884e-05,31.71209443740924,48.14281797995958,nan,3.542800940052776,nan
380.09000000000003,224.4127655029297,-182.2975311279297,-55.84800720214844,225.0739523271031,-182.8951109038088,-55.865581305855024,0.8913913024712217,0.3278881154048215,0.07262273848720092,3.571514473105491e-05,31.60404423992192,47.81920853804379,nan,nan,nan
380.1,224.40724182128906,-182.28900146484375,-55.84986877441406,225.0966562436097,-182.89850463235632,-55.867524063169235,0.920379305576003,0.32781915252614113,0.07261311610342924,3.64125164127687e-05,31.453452133870428,49.211533274432476,6.645809845781696,nan,nan
380.11,224.40167236328125,-182.28045654296875,-55.851806640625,225.09158915916558,-182.8902456551118,-55.86960098572299,0.9209476560852901,0.3278715983371054,0.07262873620092349,3.714639037628626e-05,31.349260876633956,48.96976400038667,nan,nan,nan
380.12,224.3960723876953,-182.27191162109375,-55.85382080078125,225.08648362363985,-182.88194028628303,-55.86964618775841,0.9214407685489343,0.3279241294644499,0.07264441884578667,3.6363759281893134e-05,29.64503575341773,47.087033022165926,nan,2.9063790530258777,nan
380.13,224.39044189453125,-182.26336669921875,-55.85588073730469,225.081347505729,-182.87368175185804,-55.87184010565984,0.9220031065571062,0.3279767460622498,0.0726601656738736,3.709629850824234e-05,29.556912313002286,46.832670090306934,nan,nan,nan
380.14,224.384765625,-182.2548370361328,-55.85793685913086,225.07617509004908,-182.86538920563885,-55.87245156133581,0.9225137812672916,0.3280294482667041,0.07267597539394496,3.631638749737334e-05,28.422375877834977,46.84680787693246,nan,1.6865321931166548,nan
380.15000000000003,224.3790740966797,-182.2462921142578,-55.8599739074707,225.05249836123838,-182.85360836917883,-55.87455842675559,0.9069432075882555,0.3279603921790444,0.07266642070686487,3.7024012151171166e-05,28.98044435609685,44.93436874157207,4.581343784652104,nan,nan
380.16,224.3733367919922,-182.2377471923828,-55.86198425292969,225.0472323108912,-182.84535891047318,-55.87671916530374,0.9074934093400099,0.32801286819070186,0.07268225058189351,3.624776017921213e-05,29.15883099164853,45.6574826848216,nan,1.3846885513983115e-05,nan
380.17,224.36756896972656,-182.2292022705078,-55.863956451416016,225.04193352639714,-182.83710969352452,-55.878853135159304,0.9080423456198937,0.3280654295996774,0.07269814474376195,3.69769168821776e-05,29.104387385939905,45.512308911862824,nan,nan,nan
380.18,224.3617706298828,-182.22067260742188,-55.86589050292969,225.0366013390705,-182.8288389334435,-55.87985438028891,0.9085470576917363,0.3281180765460199,0.07271410211313323,3.6203274093281856e-05,28.421124746415806,45.36986984164029,nan,0.794764223643445,nan
380.19,224.35594177246094,-182.21212768554688,-55.86779022216797,225.0312385995788,-182.8205900544163,-55.881906894586336,0.9090938012580606,0.3281708091778057,0.07273012400915028,3.6931303863220355e-05,28.365731280264445,44.6645036884918,nan,nan,nan
380.2,224.35008239746094,-182.20358276367188,-55.869651794433594,224.9901065877803,-182.80753262807121,-55.88480672132898,0.8801227611595699,0.3281016600798105,0.07272063211637783,3.613774905997872e-05,30.850120601690662,44.998447010134896,20.259384659632417,0.7049858812023267,nan
380.21,224.3441925048828,-182.19505310058594,-55.87147903442383,224.9846245393933,-182.79930977695548,-55.88679437233782,0.8806326597054199,0.32815416621983073,0.07273667351287104,3.686380462815152e-05,30.791824615707842,45.500735276993375,nan,nan,nan
380.22,224.33827209472656,-182.18650817871094,-55.873268127441406,224.97911220990898,-182.79109694440547,-55.88927204666139,0.8811695377516429,0.3282067578265486,0.0727527784167708,3.6096171617732105e-05,31.461369453523062,45.59524283562329,nan,0.18317608618160128,nan
380.23,224.3323211669922,-182.177978515625,-55.87501907348633,224.9735692208004,-182.78287509032563,-55.891194417931125,0.8816805398585721,0.3282594350458801,0.07276894796559383,3.682123664059387e-05,31.406195244028304,46.103608316678745,nan,nan,nan
380.24,224.3263397216797,-182.16943359375,-55.876739501953125,224.96799570423096,-182.77462936435083,-55.8916877852242,0.8821608537391129,0.32831219802127554,0.07278518135172099,3.605602661161933e-05,30.434962565923723,44.62515281127174,nan,1.2930094395810763,nan
380.25,224.32032775878906,-182.160888671875,-55.878421783447266,224.95166597845366,-182.76108851239377,-55.893604113340345,0.871239518909125,0.32824295611744614,0.07277574892983946,3.675697031382471e-05,30.391476804416897,44.26222032762715,1.3860588921294297,nan,nan
380.26,224.3142852783203,-182.15235900878906,-55.88007354736328,224.94601634968518,-182.7528467372,-55.89475196809331,0.8717138948847049,0.32829549230377775,0.07279200123200023,3.5995077890534995e-05,30.041199382522827,44.55838827487299,nan,0.29186870729472186,nan
380.27,224.3082275390625,-182.14381408691406,-55.881690979003906,224.94033806093117,-182.74461635229684,-55.89652286929564,0.8722081511404197,0.328348114029671,0.07280831830473096,3.6717436677426635e-05,29.9850881948303,43.406909927147275,nan,nan,nan
380.28000000000003,224.3021240234375,-182.13528442382812,-55.883277893066406,224.93463102232988,-182.7363563563821,-55.89637463568598,0.8726534801507684,0.3284008214394553,0.07282469949505092,3.595784104989446e-05,28.699162933570477,43.35768109222138,nan,2.3814362697487845,nan
380.29,224.29600524902344,-182.12673950195312,-55.884830474853516,224.92889599402884,-182.72812676876774,-55.8980644857214,0.8731508912232111,0.32845361467767165,0.07284114570918387,3.66793901317466e-05,28.64225315893567,42.234182063288145,nan,nan,nan
380.3,224.28985595703125,-182.1182098388672,-55.8863525390625,224.9575319291118,-182.72428967623102,-55.89862263787029,0.9018173475141443,0.32838428017123616,0.07283176742638876,3.589994472182242e-05,26.573289276048556,42.845087109130475,17.660611373676506,0.7567694613250591,nan
380.31,224.28367614746094,-182.10968017578125,-55.88784408569336,224.95179626246122,-182.7160364659227,-55.9002412279127,0.9023337119920262,0.3284368463233539,0.07284823187198007,3.661984019617663e-05,26.5116711574049,42.8975671478955,nan,nan,nan
380.32,224.2774658203125,-182.10113525390625,-55.88930892944336,224.94603327753188,-182.70779620139845,-55.902685428978394,0.9028836474345611,0.3284894980860862,0.07286476070231093,3.586557968758374e-05,27.241133651789966,43.18534754625435,nan,0.49058361008563883,nan
380.33,224.27122497558594,-182.0926055908203,-55.89073944091797,224.9402435380102,-182.69954381981017,-55.90425524547621,0.9034060701868472,0.32854223560406814,0.07288135469309029,3.6584783187196385e-05,27.180786025858684,43.83833229039932,nan,nan,nan
380.34000000000003,224.2649688720703,-182.0840606689453,-55.892147064208984,224.9344287123574,-182.6912464041127,-55.902532653666455,0.9038577627128853,0.32859505902150815,0.0728980133867646,3.583261789538966e-05,25.13597829700441,40.78513100960462,nan,7.173340903096002,nan
380.35,224.25868225097656,-182.07553100585938,-55.893524169921875,224.8992419632637,-182.66925592558147,-55.903949471704806,0.8734613398552091,0.3285256321191529,0.07288868545612141,3.65283435619501e-05,24.91929807918148,40.35496770326733,8.1103849970804,nan,nan
380.36,224.2523651123047,-182.06700134277344,-55.89487075805664,224.89332662595262,-182.66095804314608,-55.9036384984445,0.8738953582477267,0.3285782281541368,0.07290536174140075,3.577913605301159e-05,24.028168277945383,39.62851352501647,nan,2.1036709718017326,nan
380.37,224.24603271484375,-182.0584716796875,-55.89619445800781,224.88738487711535,-182.65268376095796,-55.905049039383876,0.8743563330756925,0.3286309098707328,0.07292210332884508,3.649621374929546e-05,23.96440738758852,39.18914325702447,nan,nan,nan
380.38,224.2396697998047,-182.0499267578125,-55.897491455078125,224.8814188783927,-182.64439180143623,-55.90500278327835,0.8748068289688105,0.3286836774123655,0.0729389098701363,3.574897013784695e-05,23.33287921158774,38.14455767266303,nan,1.3848534156401537,nan
380.39,224.2332763671875,-182.04139709472656,-55.89876174926758,224.8754269584783,-182.6361183531363,-55.90634819589607,0.8752761342982261,0.32873653092488997,0.0729557819774705,3.6465509084245405e-05,23.26929393107648,38.886907534330255,nan,nan,nan
380.40000000000003,224.22686767578125,-182.03286743164062,-55.90000534057617,224.86176578768678,-182.6170074524122,-55.908332642789034,0.8627772136133174,0.32866701183462144,0.072946499326438,3.569837211900291e-05,22.602335485293686,38.169118331374236,7.291995028936848,0.2684502539097575,nan
380.41,224.22042846679688,-182.0243377685547,-55.90122604370117,224.85571136665126,-182.6086980448531,-55.9096363634018,0.863210303947088,0.32871963766935697,0.07296338830917884,3.641352851743265e-05,22.538697526143757,38.3479356517097,nan,nan,nan
380.42,224.21397399902344,-182.01580810546875,-55.90242385864258,224.84963362112376,-182.60038186693126,-55.91026076833884,0.8636266872397669,0.32877234925379717,0.07298034248572037,3.567092459052646e-05,22.255085387731786,37.70664002590793,nan,0.29211524335303346,nan
380.43,224.20748901367188,-182.0072784423828,-55.903594970703125,224.8435314849275,-182.592073737842,-55.9115113608862,0.8640591600496287,0.3288251467350608,0.07299736237785082,3.638564152470776e-05,22.192683386388442,37.87101238902329,nan,nan,nan
380.44,224.20098876953125,-181.99874877929688,-55.90474319458008,224.83740689318282,-182.5837555494939,-55.911761561489094,0.8644710560583309,0.32887803025461565,0.07301444777276113,3.56447976687647e-05,21.789934457716157,37.14426791125804,nan,0.6502575494658455,nan
380.45,224.1944580078125,-181.99021911621094,-55.90586853027344,224.81882439303374,-182.57206423151928,-55.91288226252887,0.8534789473927051,0.3288084191896902,0.07300520627592519,3.6336547985407016e-05,21.994049709916844,37.05536165944874,1.6572691232426162,nan,nan
380.46,224.18789672851562,-181.981689453125,-55.9069709777832,224.8126314664424,-182.5637663340925,-55.91486588072804,0.8539141160689419,0.3288610747363001,0.07302230785510169,3.559830461606739e-05,22.328651383316384,37.65693975399352,nan,0.4484761365241141,nan
380.47,224.1813201904297,-181.97315979003906,-55.90805435180664,224.80641690710613,-182.55546065634113,-55.9160254568449,0.854332337332099,0.32891381610505455,0.07303947530254787,3.6311381867100805e-05,22.265733502382965,37.331710443609566,nan,nan,nan
380.48,224.1747283935547,-181.96463012695312,-55.909114837646484,224.80018192252632,-182.54714213619457,-55.915771020256386,0.8547260745879385,0.3289666434358671,0.07305670847945053,3.557476950532361e-05,21.70010788214938,36.4702249458542,nan,1.325920660125489,nan
380.49,224.16810607910156,-181.9561004638672,-55.910152435302734,224.79392283233358,-182.53883752596178,-55.91687568378809,0.8551457736752819,0.32901955687828494,0.07307400779673721,3.628753384055457e-05,21.638953251391847,36.68024571243516,nan,nan,nan
380.5,224.16146850585938,-181.94757080078125,-55.911170959472656,224.807455074841,-182.53172515891683,-55.91779856257218,0.8709643428730419,0.32894985404843463,0.07306480255177271,3.553091380669382e-05,20.689976727085167,36.65733912696267,7.368353573556796,0.05151600469931373,nan
380.51,224.15480041503906,-181.9390411376953,-55.912166595458984,224.80118391065542,-182.5234031959997,-55.91886360769184,0.8713985819151905,0.32900253922413975,0.07308211730443862,3.624251940358374e-05,20.629896092517306,36.9179661634822,nan,nan,nan
380.52,224.1481170654297,-181.93052673339844,-55.91314697265625,224.79489148544474,-182.5150823509021,-55.91999403979931,0.8718195356089234,0.3290553102848882,0.07309949800404926,3.550986676599639e-05,20.650000874556564,37.395305078101444,nan,0.004873688176439948,nan
380.53000000000003,224.14141845703125,-181.9219970703125,-55.91410446166992,224.788578305329,-182.5067612274625,-55.92102237890485,0.8722458634553608,0.3291081673819356,0.07311694500188634,3.62212413521818e-05,20.590797965672873,36.39460519995581,nan,nan,nan
380.54,224.1346893310547,-181.91346740722656,-55.915042877197266,224.78224304049206,-182.49844717035643,-55.922840635428024,0.8726900566128866,0.3291611106525316,0.07313445824864413,3.5490023038864145e-05,20.92241073325183,37.07625217359047,nan,0.4483271647573938,nan
380.55,224.12794494628906,-181.9049530029297,-55.91596221923828,224.79433593478976,-182.50085254334536,-55.92388280255155,0.8939999706166465,0.32909131627966404,0.07312528489113534,3.61788281990252e-05,21.283766774629203,38.24274880020681,4.383795310145413,nan,nan
380.56,224.1211700439453,-181.89642333984375,-55.916866302490234,224.78798986219297,-182.49256293685949,-55.92575850301346,0.8944887703979694,0.3291440309897847,0.0731428128345707,3.5449870310724806e-05,21.720513928936747,38.430978094245916,nan,0.5476251348222974,nan
380.57,224.11444091796875,-181.88790893554688,-55.917747497558594,224.78164805059194,-182.48426734238575,-55.926733734172984,0.8949242759469368,0.32919683166019015,0.07316040723558485,3.616000276043729e-05,21.664136236347982,38.165212891525314,nan,nan,nan
380.58,224.10777282714844,-181.87937927246094,-55.918617248535156,224.7753571714982,-182.47597843601085,-55.928575607315445,0.8953762268895421,0.3292497184263866,0.07317806809218384,3.543235753760115e-05,22.173293221592534,38.75749706637499,nan,0.5373920622553483,nan
380.59000000000003,224.10121154785156,-181.87086486816406,-55.919464111328125,224.76916026000646,-182.46768406868875,-55.92952645792248,0.8957956748072081,0.32930269144236196,0.07319579568469532,3.6142360820386414e-05,22.118583567544785,39.256029714354135,nan,nan,nan
380.6,224.0947723388672,-181.86233520507812,-55.92029571533203,224.79548567131394,-182.47022322265855,-55.92860404484335,0.9276831595570534,0.3292328057367523,0.07318664941651215,3.539455061759319e-05,20.91033520544553,38.602174617305,8.982547514295765,2.620539255171655,nan
380.61,224.0884552001953,-181.85382080078125,-55.921112060546875,224.78957181130713,-182.46193681698514,-55.92950555568301,0.9281379435736965,0.3292855498999837,0.07320439092349346,3.610357562104033e-05,20.855334149129,39.14575440869945,nan,nan,nan
380.62,224.08226013183594,-181.8452911376953,-55.921913146972656,224.78377842590888,-182.45365443821973,-55.93107020024264,0.9286106148265587,0.3293383800805488,0.07322219908504317,3.537925071250378e-05,21.219997540182206,38.87909914827681,nan,0.3178196116132484,nan
380.63,224.07618713378906,-181.83677673339844,-55.92269515991211,224.7781085327438,-182.4453682533683,-55.931948240177626,0.9290656101611919,0.3293912964341317,0.07324007414480777,3.608821266801202e-05,21.166729273166688,39.43553479320187,nan,nan,nan
380.64,224.0702362060547,-181.82826232910156,-55.9234619140625,224.77256011190727,-182.43708135028643,-55.93263599975925,0.9295179574042128,0.329444299093581,0.0732580161559213,3.536501726089607e-05,21.11864389600382,39.30591268878447,nan,0.021260185802998512,nan
380.65000000000003,224.06439208984375,-181.81973266601562,-55.924217224121094,224.78201083159993,-182.4337085644696,-55.93353553998979,0.9444733418221696,0.3293743222863598,0.07324889245152102,3.605171087551886e-05,20.976034504146114,39.721625907330775,1.9435568305091144,nan,nan
380.66,224.05868530273438,-181.81121826171875,-55.92495346069336,224.77672623621106,-182.42541711231675,-55.93260278564645,0.9449240828744998,0.3294270958008367,0.07326684759419956,3.5330462809475506e-05,20.169062103573392,38.592681427069344,nan,2.161608262205452,nan
380.67,224.05307006835938,-181.8026885986328,-55.92567825317383,224.77155262827904,-182.41713424499122,-55.933404948435765,0.9454207227775276,0.32947995541080766,0.07328486979757491,3.6038499932452616e-05,20.115732220951976,38.8737263051965,nan,nan,nan
380.68,224.04757690429688,-181.79417419433594,-55.92638397216797,224.7664896895365,-182.40885503079153,-55.93508517036766,0.9459089989723479,0.3295329012475407,0.07330295914248318,3.531827046909257e-05,20.54779747154949,39.49377755188045,nan,0.5512091127606609,nan
380.69,224.0421905517578,-181.78564453125,-55.92707824707031,224.7615392693752,-182.40057132870467,-55.935869188570486,0.9464009850048161,0.3295859334692067,0.07332111583097554,3.6026324270054375e-05,20.49599171211308,38.931450659379436,nan,nan,nan
380.7,224.03677368164062,-181.77713012695312,-55.92786407470703,224.7890764424797,-182.40537686875584,-55.93654837925971,0.9801677558955911,0.32951586577119163,0.07331200994956578,3.528575096598601e-05,20.418148257521295,40.67097819312936,8.762783219169904,0.009203837032083398,nan
380.71,224.03131103515625,-181.7686004638672,-55.928741455078125,224.7841788878925,-182.3971087389894,-55.93746143748408,0.9807694396105261,0.3295686685571022,0.07333017895385709,3.599296842097589e-05,20.337074024189683,40.39943741341904,nan,nan,nan
380.72,224.02581787109375,-181.7600860595703,-55.92970657348633,224.81250465931086,-182.3841326776397,-55.93780269113022,1.0041791829151372,0.3256974425392642,0.07326988023481298,3.52748572150384e-05,22.814510221243374,43.27985127741063,nan,0.31695588992311,0.28186775091023497
380.73,224.02029418945312,-181.75155639648438,-55.930755615234375,224.807552033847,-182.3758324148608,-55.938888973357045,1.0047694323544987,0.32574653406659293,0.07328714438422852,3.5982129060174476e-05,22.72271658449089,42.344677387977846,nan,nan,nan
380.74,224.0147247314453,-181.7430419921875,-55.9318962097168,224.80254707860814,-182.36753535263819,-55.940436953518166,1.0053501639930345,0.32579570709236577,0.07330446920208653,3.52655253017205e-05,22.877942504130274,43.64622966697294,nan,0.09685730187072668,nan
380.75,224.00912475585938,-181.73451232910156,-55.93312072753906,224.826402179235,-182.36556859746517,-55.941727541344164,1.0325930843485172,0.3257328645630137,0.07329511089056415,3.595075164272044e-05,21.967762498568586,44.10218461825724,12.929500042919422,nan,nan
380.76,224.0034942626953,-181.72598266601562,-55.93442916870117,224.82154075374055,-182.35722888560264,-55.93990952497991,1.0332966106395889,0.3257818305333704,0.07331244393598305,3.52358139407203e-05,20.687529781091737,42.657754848880394,nan,7.002733110808448,nan
380.77,223.99783325195312,-181.71746826171875,-55.935821533203125,224.8165024021942,-182.34891729263106,-55.94131627001371,1.0339135594086957,0.3258308837472225,0.07332983798610743,3.594240919873306e-05,20.601302801695955,43.07987971355926,nan,nan,nan
380.78000000000003,223.99212646484375,-181.7089385986328,-55.93729782104492,224.8113986521111,-182.34061177219763,-55.943524509735525,1.034532110030106,0.3258800185821558,0.07334729296578142,3.522822526199246e-05,20.789673727485983,43.21173747172828,nan,0.3583501999329213,nan
380.79,223.98638916015625,-181.70040893554688,-55.93885803222656,224.80629376516185,-182.33230007563859,-55.94510620280315,1.0351661769355445,0.32592924086448893,0.07336480922865153,3.593495059832878e-05,20.703708304448423,43.01286034980887,nan,nan,nan
380.8,223.98062133789062,-181.69189453125,-55.940494537353516,224.81970800592717,-182.33289572071027,-55.94749559621789,1.0559346457955485,0.32586631154960494,0.07335547684416881,3.520023767713601e-05,21.105734024721738,44.8853214808434,3.2846460650318114,0.3328728572583602,nan
380.81,223.97482299804688,-181.68336486816406,-55.94221496582031,224.81456884140115,-182.3245990685184,-55.94924867182295,1.0566001391988364,0.3259153264231773,0.07337300086737684,3.590623599084131e-05,21.020368067028482,44.05698067836614,nan,nan,nan
380.82,223.968994140625,-181.67483520507812,-55.94401168823242,224.80938693162827,-182.31630439724083,-55.95133625332175,1.0572589166887552,0.3259644230372959,0.07339058607458072,3.519427086395914e-05,21.096477195763438,44.07179250590723,nan,0.04497683368451645,nan
380.83,223.963134765625,-181.66632080078125,-55.94588851928711,224.80418449520005,-182.30800801913662,-55.95325215228463,1.0579136812187644,0.32601360685964453,0.07340823278032484,3.5900439521691596e-05,21.010316066113347,44.57053137210254,nan,nan,nan
380.84000000000003,223.95724487304688,-181.6577911376953,-55.94784164428711,224.79897579689063,-182.29970756627182,-55.95466051619208,1.0585906415821638,0.32606287279545465,0.07342594096756405,3.518908208210952e-05,20.751549262717763,43.62510933409721,nan,0.23998496401851563,nan
380.85,223.95132446289062,-181.64926147460938,-55.94987106323242,224.80239519148478,-182.29371110384938,-55.956605088380954,1.0675589242716563,0.32599986206539955,0.07341663119117885,3.587336305892568e-05,20.469545437282072,44.00591480386397,1.6097546451012354,nan,nan
380.86,223.94537353515625,-181.6407470703125,-55.951942443847656,224.79713398168226,-182.28541109827432,-55.95829711954715,1.0682359051807822,0.32604892042550865,0.07343434666937568,3.5163426974255365e-05,20.282552330773065,44.471515414487286,nan,0.13049282668536186,nan
380.87,223.93939208984375,-181.63221740722656,-55.95401382446289,224.7918247353277,-182.27711424858504,-55.96043815092416,1.0689128229427305,0.3260980657572582,0.07345212386060306,3.586910530856842e-05,20.215717635715368,43.75917495691634,nan,nan,nan
380.88,223.93338012695312,-181.62368774414062,-55.95606231689453,224.78649133266413,-182.26881686863723,-55.9624410614069,1.0695938504708182,0.3261472933160901,0.0734699627801657,3.5159692257552144e-05,20.153484608231835,43.755383497600356,nan,0.011567780149784808,nan
380.89,223.92733764648438,-181.61517333984375,-55.95808410644531,224.78112366410338,-182.26052065578293,-55.96454668391757,1.0702642136310065,0.32619660805338446,0.07348786369455292,3.586558509978082e-05,20.090061901735577,44.38897202369141,nan,nan,nan
380.90000000000003,223.92127990722656,-181.6066436767578,-55.96006774902344,224.79046720730014,-182.25424294872667,-55.96708447807429,1.0839375508535358,0.3261335107045172,0.07347857282212324,3.513546464827948e-05,19.735976877100427,44.039777400183986,4.766483514698471,0.21898300343415897,nan
380.91,223.91517639160156,-181.59811401367188,-55.962013244628906,224.78506983661094,-182.24593707839688,-55.96912688803414,1.0846381575357205,0.32618261751291316,0.07349648051920311,3.584071099055061e-05,19.67824013603208,44.880536777867334,nan,nan,nan
380.92,223.9090576171875,-181.589599609375,-55.963924407958984,224.77960597308612,-182.23763697443874,-55.97210107161499,1.0852989101188177,0.3262318066564722,0.07351445018548883,3.5133069511316723e-05,20.099984975733367,45.25971124624559,nan,0.656732477625203,nan
380.93,223.90289306640625,-181.58106994628906,-55.965797424316406,224.77415248672537,-182.22933158015363,-55.9740801519718,1.0860040179543429,0.32628108274744255,0.07353248206107897,3.5838560705134623e-05,20.04325407603584,45.448123764224015,nan,nan,nan
380.94,223.89671325683594,-181.5725555419922,-55.96763229370117,224.76875138061004,-182.22101534050236,-55.97396864676719,1.086733982614647,0.3263304415417979,0.07355057620052458,3.51313164195819e-05,19.202899477429323,44.621712983114264,nan,2.957078931166615,nan
380.95,223.89051818847656,-181.56402587890625,-55.96942901611328,224.7571173146417,-182.2046855119988,-55.97593659329635,1.0777203531089434,0.32626726207274725,0.07354130073948581,3.581502756263685e-05,18.516552610086052,42.98871000177945,4.592218852763465,nan,nan
380.96,223.88427734375,-181.55551147460938,-55.971195220947266,224.75156222519644,-182.19635564797352,-55.978142731682674,1.0783842487841486,0.3263164127599296,0.07355940114520285,3.51089959608587e-05,18.639948831051843,44.75534777515382,nan,0.08736808265015722,nan
380.97,223.87802124023438,-181.54698181152344,-55.972923278808594,224.74599401653367,-182.1880244668704,-55.97996512385828,1.0790560754440346,0.3263656501680949,0.07357756397322489,3.581413292573538e-05,18.583604882406334,43.37490121747566,nan,nan,nan
380.98,223.87173461914062,-181.53846740722656,-55.97461700439453,224.74044186357992,-182.17968853432794,-55.98062293541177,1.0797466747297024,0.3264149703788846,0.07359578929930713,3.5108427406582345e-05,18.15858062283346,43.82422434458502,nan,0.8969598590460824,nan
380.99,223.86541748046875,-181.5299530029297,-55.97627639770508,224.73482155606908,-182.17135862312412,-55.98236691317512,1.080417377991561,0.3264643775231181,0.07361407733203157,3.58138399970967e-05,18.09917993808927,43.96599142577658,nan,nan,nan
381.0,223.8590850830078,-181.52142333984375,-55.977901458740234,224.73336430633842,-182.15783698504939,-55.98229164702757,1.0813906610955573,0.3264011115610078,0.07360481355718064,3.508726240743839e-05,16.740886946185682,42.451156111218666,6.788781516524514,2.517700010865947,nan
381.01,223.85272216796875,-181.51290893554688,-55.979496002197266,224.72770443030745,-182.14948053163448,-55.98395481143099,1.0820523265224573,0.3264503102478303,0.0736231073072387,3.5792086078307736e-05,16.68016690217205,43.36118322001519,nan,nan,nan
381.02,223.84632873535156,-181.50437927246094,-55.98106002807617,224.72204167902683,-182.1411220310239,-55.984976647869516,1.0827418160454476,0.3264995918294051,0.07364146378417928,3.5087774060583166e-05,16.496927884472704,42.70661854492163,nan,0.26154091253568595,nan
381.03000000000003,223.8399200439453,-181.49586486816406,-55.98258972167969,224.71633238233497,-182.1327664830875,-55.98657206244256,1.083401178239922,0.3265489601260703,0.07365988317990042,3.5792895649735664e-05,16.43686183808881,42.84538938942807,nan,nan,nan
381.04,223.83348083496094,-181.4873504638672,-55.984092712402344,224.71057557921583,-182.12441376212334,-55.988795212798856,1.0840511749426487,0.3265984116788733,0.07367836559499186,3.508880365368748e-05,16.558107010700347,43.24036094504911,nan,0.30379234661448906,nan
381.05,223.8270263671875,-181.4788360595703,-55.98556137084961,224.7036400704668,-182.1173572995693,-55.990395524911754,1.0845203215027392,0.3265350629108716,0.0736691098781438,3.577221441379393e-05,16.75328952830867,42.755366711980415,0.5583600032136232,nan,nan
381.06,223.82054138183594,-181.47030639648438,-55.987003326416016,224.69782010767008,-182.10901306769819,-55.99293991956723,1.0851725290443226,0.32658430581514747,0.07368759744905844,3.5069161162920736e-05,17.04166732744661,42.63937095740984,nan,0.7448567210289495,nan
381.07,223.8140411376953,-181.4617919921875,-55.98841857910156,224.6920121244236,-182.10066588876398,-55.9944373755201,1.0858310804051376,0.3266336352220725,0.0737061481488934,3.5774023964287016e-05,16.985037224734917,42.78914929141658,nan,nan,nan
381.08,223.80751037597656,-181.45327758789062,-55.989803314208984,224.68616592369827,-182.09232067408638,-55.9963527339854,1.0864872444976679,0.3266830479665414,0.07372476209104706,3.507113254891931e-05,17.131197494698995,43.299999194041845,nan,0.13946201913707584,nan
381.09000000000003,223.8009490966797,-181.44476318359375,-55.99115753173828,224.68031187747954,-182.08397446507038,-55.99780030081372,1.0871587230041608,0.32673254743354097,0.07374343944836459,3.5776313316590335e-05,17.077214385086524,43.63718031231312,nan,nan,nan
381.1,223.79437255859375,-181.43624877929688,-55.992488861083984,224.70114009086626,-182.08907396415518,-55.999387353150865,1.1173431293750595,0.3266691122502377,0.07373418802918698,3.5052403568657546e-05,17.43991816487901,44.84902524716126,9.06553888508029,0.10478060554963632,nan
381.11,223.78778076171875,-181.42771911621094,-55.99379348754883,224.69528428860013,-182.08075284917305,-56.000782347582955,1.1180628568435513,0.32671840272328156,0.07375286995326366,3.575703470362169e-05,17.387492124860383,43.694862329774,nan,nan,nan
381.12,223.78115844726562,-181.41920471191406,-55.99507141113281,224.68941502078317,-182.07243133879214,-56.00188702946261,1.1187857176660634,0.32676777660728,0.07377161533771812,3.505522444811128e-05,17.284004780365642,44.70671551148374,nan,0.04946461391292249,nan
381.13,223.77452087402344,-181.4106903076172,-55.99632263183594,224.68351532883426,-182.06411083755486,-56.00322937794556,1.1194985533544395,0.3268172370109333,0.07379042434591028,3.576018949135572e-05,17.230885613684904,44.24989505227092,nan,nan,nan
381.14,223.76785278320312,-181.4021759033203,-55.99755096435547,224.67754807767534,-182.05579394878862,-56.00600313157728,1.1201935177804967,0.3268667811788081,0.07380929710537787,3.505845355653196e-05,17.872568455937895,45.353778600303464,nan,1.4907972684052953,nan
381.15000000000003,223.76116943359375,-181.39366149902344,-55.99875259399414,224.6679012245671,-182.03393072741304,-56.00732704450089,1.1100363718301414,0.3268032625346677,0.07380004625114445,3.574174850965209e-05,16.525990769136612,44.89740094237696,16.803204388297463,nan,nan
381.16,223.7544708251953,-181.38514709472656,-55.99993133544922,224.66197346257044,-182.02555680166694,-56.007495381243885,1.1107397734730937,0.32685259750395435,0.07381892297264077,3.504090961316774e-05,16.04101132843361,44.045945311525465,nan,0.8806147572093079,nan
381.17,223.74774169921875,-181.3766326904297,-56.0010871887207,224.6559904590289,-182.0171854411972,-56.008747850826175,1.1114325539394734,0.3269020187965843,0.07383786352402662,3.574567928266827e-05,15.98911427540727,44.479669607462576,nan,nan,nan
381.18,223.74099731445312,-181.3681182861328,-56.002220153808594,224.6499839375254,-182.00881481240773,-56.0100710000702,1.1121197577114275,0.32695152391518667,0.07385686803953141,3.5044868408452236e-05,16.04589074468405,44.153702809185326,nan,0.006116260089092341,nan
381.19,223.73423767089844,-181.359619140625,-56.003326416015625,224.6439598505904,-182.00044466504193,-56.011279790421014,1.1127960519035551,0.3270011155854136,0.07387593667254982,3.574998369130749e-05,15.995286203285271,44.546604024029364,nan,nan,nan
381.2,223.72744750976562,-181.35110473632812,-56.004417419433594,224.61701156040198,-181.97663832456675,-56.01173206543737,1.087506309979581,0.32693751055278136,0.07386668257986026,3.502802888993776e-05,15.000942719558138,42.99231261119858,8.99556172908965,0.3964655384785702,nan
381.21,223.72064208984375,-181.34259033203125,-56.0054817199707,224.61091698276806,-181.96822992887982,-56.01289138140342,1.0881494351415082,0.3269868926848336,0.07388575454642303,3.5732619663075005e-05,14.950741561652656,42.67100632316184,nan,nan,nan
381.22,223.7138214111328,-181.33407592773438,-56.006526947021484,224.60481884172805,-181.95982132361706,-56.013478814210046,1.0887984433553806,0.32703635869629427,0.07390489068546742,3.503263786211164e-05,14.735088067950645,42.15580556578599,nan,0.2142225226242912,nan
381.23,223.70697021484375,-181.3255615234375,-56.00754928588867,224.59868549667985,-181.9514138683667,-56.01459203162366,1.089447980300528,0.32708591107325774,0.07392409114604112,3.573758533417739e-05,14.684681685269828,42.659165199059274,nan,nan,nan
381.24,223.7001190185547,-181.3170623779297,-56.00855255126953,224.5925533523921,-181.94300614521532,-56.01496143960039,1.0900851865176286,0.3271355476742109,0.07394335606887134,3.503756084393806e-05,14.409900876468706,42.06418516201636,nan,0.36959184586058896,nan
381.25,223.6932373046875,-181.3085479736328,-56.00953674316406,224.5762382379169,-181.93396537642298,-56.01603180984611,1.0820719762049023,0.3270718585638027,0.07393409492574743,3.572085862966874e-05,14.740873293835206,41.28603651415621,2.2758279110789936,nan,nan
381.26,223.6863250732422,-181.30003356933594,-56.010501861572266,224.57002358914738,-181.92556874245372,-56.017296867348804,1.082711176595144,0.32712128540842994,0.07395336253596503,3.502161843281405e-05,14.820112656299061,41.94076716441386,nan,0.03300834628760443,nan
381.27,223.67941284179688,-181.29153442382812,-56.011444091796875,224.5637964159191,-181.9171726525727,-56.01832944123058,1.0833304701154918,0.3271707984391427,0.07397269466896855,3.5726409483822484e-05,14.770140429676998,41.61187954955942,nan,nan,nan
381.28000000000003,223.67247009277344,-181.28302001953125,-56.01237106323242,224.5575643027781,-181.90877690750315,-56.01884346973856,1.083976630501805,0.32722039573543954,0.07399209146791423,3.5027090891072875e-05,14.582023327949134,41.239727319238554,nan,0.17668349729734587,nan
381.29,223.66552734375,-181.27452087402344,-56.01327896118164,224.55130097295185,-181.90038201754552,-56.019835571704114,1.0845921271619734,0.32727007945482867,0.07401155307822421,3.573224406760217e-05,14.531550571330913,40.94407002532114,nan,nan,nan
381.3,223.65855407714844,-181.26600646972656,-56.01416778564453,224.55289549415082,-181.90409604191677,-56.02087549699854,1.098658211499518,0.32720630488619484,0.07400228103542114,3.642882628446457e-05,15.44245975033951,41.248062331394,8.96024500595604,nan,nan
381.31,223.65159606933594,-181.25750732421875,-56.015037536621094,224.54662247594337,-181.8957422194778,-56.0218345306583,1.0993008001356468,0.3272557785166146,0.07402174466608061,3.7161844110657286e-05,15.393596952697685,41.9815503882401,nan,nan,nan
381.32,223.64471435546875,-181.24899291992188,-56.015892028808594,224.54037937158736,-181.8873889298372,-56.023472218970156,1.0999194269842822,0.32730533637224296,0.07404127316221411,3.637718720082213e-05,15.676139262975665,41.55337949853202,nan,0.3154637719478011,nan
381.33,223.63795471191406,-181.24049377441406,-56.016727447509766,224.53424566598952,-181.87903597657146,-56.02440525411344,1.1005146827769938,0.3273549805553995,0.07406086666838838,3.710886513599953e-05,15.631340372526276,41.33163038918458,nan,nan,nan
381.34000000000003,223.6313018798828,-181.23199462890625,-56.017547607421875,224.5282258678992,-181.87068350202998,-56.025271706189564,1.1011156972058231,0.3274047093058439,0.07408052532907182,3.6327154064494153e-05,15.631426399581244,41.929846043677216,nan,0.0016806104347222401,nan
381.35,223.62477111816406,-181.22348022460938,-56.01835250854492,224.49364888027748,-181.8512445901825,-56.02600018388748,1.0719585584885143,0.3273408491288385,0.07407123851552849,3.7033971841437474e-05,15.608345242741713,39.723598722270296,8.550304718255271,nan,nan
381.36,223.6183624267578,-181.21498107910156,-56.019142150878906,224.48781548767866,-181.8428796736129,-56.027344708263264,1.0725076000111158,0.3273903675642561,0.07409089851069395,3.6256128557595884e-05,15.831122178708437,40.826624605332995,nan,0.14029824025287607,nan
381.37,223.61209106445312,-181.20648193359375,-56.01991271972656,224.48211898257287,-181.8345149422346,-56.0282170686115,1.0730531209873297,0.327439972152312,0.07411062371153271,3.698442657388804e-05,15.787081286722865,40.17995942181483,nan,nan,nan
381.38,223.60594177246094,-181.19796752929688,-56.02067184448242,224.47658125153177,-181.82615073139795,-56.02761671742151,1.0736272487128962,0.32748966134070884,0.07413041426219408,3.620938903279939e-05,15.203223861077197,38.92989189828628,nan,1.4013750431286085,nan
381.39,223.59991455078125,-181.18946838378906,-56.02141189575195,224.47113248905592,-181.81778585827524,-56.028446113984714,1.074175509375634,0.32753943692208326,0.07415027030771303,3.693656527776208e-05,15.158202283640525,39.58872904440772,nan,nan,nan
381.40000000000003,223.59400939941406,-181.18096923828125,-56.02214050292969,224.48697063377787,-181.8148781490786,-56.02885086771943,1.0951097215623768,0.3274754902100692,0.07414096482918463,3.6141851288817e-05,14.720237457914907,40.48458006681012,5.088708022241142,0.14650463998766422,nan
381.41,223.5880584716797,-181.17245483398438,-56.02295684814453,224.48172447458106,-181.8065115913649,-56.029701497535896,1.0957702252831296,0.32752505514326036,0.0741608215045208,3.686706309967637e-05,14.654405239652561,40.491845254403415,nan,nan,nan
381.42,223.58209228515625,-181.16395568847656,-56.02386474609375,224.47646322972795,-181.79814529594967,-56.02995183966555,1.0964182128317301,0.3275747047003234,0.074180743721116,3.609838613316698e-05,14.392457091837702,40.14260388555211,nan,0.3169377029032045,nan
381.43,223.5760955810547,-181.1554412841797,-56.02486038208008,224.47115688574144,-181.78977817593693,-56.030976757940216,1.0970667442983806,0.32762444048778294,0.07420073162526324,3.6822617882556407e-05,14.32921243150412,39.38468687078352,nan,nan,nan
381.44,223.570068359375,-181.14694213867188,-56.025943756103516,224.4658062479226,-181.78141011509246,-56.03277881057821,1.0976988184618703,0.3276742612307581,0.07422078535925367,3.6056521801451624e-05,14.554900250781932,40.37174075915826,nan,0.3146667609534307,nan
381.45,223.5640106201172,-181.13844299316406,-56.0271110534668,224.49383522051684,-181.79661733267264,-56.03401418929763,1.1392167932313098,0.3276102293854257,0.0742114573028791,3.675669741950194e-05,15.52436552167124,42.34603729276365,19.259048314042698,nan,nan
381.46,223.55792236328125,-181.1299285888672,-56.02836608886719,224.4884532280741,-181.7883046385395,-56.03717814981897,1.1399229647359745,0.3276598392407329,0.07423151094280335,3.599406262660869e-05,16.33337820022162,42.54085454914612,nan,2.3260811306975433,nan
381.47,223.5518035888672,-181.12142944335938,-56.02970504760742,224.48308156579844,-181.7799938686403,-56.03857893141993,1.140642151762195,0.32770953517129386,0.074251630459758,3.671561732009787e-05,16.267518128557455,43.24560519167211,nan,nan,nan
381.48,223.54566955566406,-181.1129150390625,-56.0311279296875,224.4777072507523,-181.7716845666195,-56.03880309458967,1.1413721845477771,0.3277593160680855,0.07427181599409372,3.595541453666542e-05,15.710190987372405,41.29974145730591,nan,1.0636292139721584,nan
381.49,223.53948974609375,-181.1044158935547,-56.03263473510742,224.47227987826963,-181.76337368205918,-56.040360045349296,1.1420956519196481,0.3278091832903217,0.07429206769499386,3.6676176091155606e-05,15.64610184182214,42.850458496697335,nan,nan,nan
381.5,223.53329467773438,-181.0959014892578,-56.03422164916992,224.45839556735277,-181.75026895307636,-56.04281725903451,1.1331735604866533,0.32774506481420346,0.0742827131254843,3.5896295702912565e-05,15.91490957977996,41.49923952439096,0.9615258819307666,0.3815186049995185,nan
381.51,223.52706909179688,-181.08740234375,-56.035888671875,224.45290044719627,-181.7419480375639,-56.04454776195942,1.1338733367409668,0.3277947208232921,0.07430296399113138,3.661542326698565e-05,15.852210574536638,42.28630917600896,nan,nan,nan
381.52,223.5208282470703,-181.07888793945312,-56.037635803222656,224.4473998194642,-181.73362885201288,-56.04524192155112,1.1345829164869845,0.32784446180104493,0.0743232810580289,3.5860792525132305e-05,15.367733519957403,40.47617679073134,nan,0.8386179638604154,nan
381.53000000000003,223.51454162597656,-181.0703887939453,-56.039459228515625,224.44185163917618,-181.72530804140837,-56.04712196564711,1.1352893018161465,0.32789428895960965,0.07434366447777853,3.657924759841429e-05,15.307701928628907,42.12420587714358,nan,nan,nan
381.54,223.50823974609375,-181.0618896484375,-56.04136276245117,224.43626786356543,-181.71698652360737,-56.0495984966236,1.1359823634162327,0.32794420140945774,0.07436411438713195,3.5826817529506764e-05,15.54441643843597,41.71619261739245,nan,0.18017485788073664,nan
381.55,223.5019073486328,-181.05337524414062,-56.04334259033203,224.42991242661373,-181.70893338680233,-56.05168011576794,1.1362303540650627,0.3278799972909188,0.07435472936297989,3.652186150950478e-05,15.586370035493319,41.28062409913855,0.10084468531213475,nan,nan
381.56,223.4955596923828,-181.0448760986328,-56.0453987121582,224.42428284207193,-181.70061470773356,-56.05393856016463,1.136922486908338,0.32792969827572355,0.07437517767676834,3.577248312180388e-05,15.671165288698479,41.45605730731878,nan,0.012813086754862485,nan
381.57,223.4891815185547,-181.03636169433594,-56.04749298095703,224.41863063892475,-181.69229656513886,-56.05611883177055,1.1376293892978477,0.32797948530293775,0.0743956925263488,3.6488856058974874e-05,15.62260565744565,40.98914848966389,nan,nan,nan
381.58,223.4827880859375,-181.02786254882812,-56.04958724975586,224.41295903388016,-181.6839792101235,-56.05800662773115,1.1383224286428841,0.3280293576128388,0.07441627404576015,3.574152976649681e-05,15.51693939553086,41.00710109301889,nan,0.06601553056154398,nan
381.59000000000003,223.47634887695312,-181.0193634033203,-56.051658630371094,224.40725757798722,-181.6756614932501,-56.06019345687034,1.1390307439967715,0.32807931622379277,0.07443692239065611,3.6457386470062556e-05,15.481307585601469,42.07163767983368,nan,nan,nan
381.6,223.46990966796875,-181.01084899902344,-56.0536994934082,224.37594017827985,-181.65943157222412,-56.063620086719965,1.114293075472457,0.3280150253348954,0.07442750294204846,3.5690287494140655e-05,16.447887514172606,39.477734056055596,6.313853508949456,1.1655654531043438,nan
381.61,223.4634246826172,-181.00234985351562,-56.05570602416992,224.37014629685694,-181.6511102839689,-56.06576141669158,1.1149597718170101,0.3280647721615906,0.07444814891484723,3.640478600812107e-05,16.4175517092459,41.16883129462422,nan,nan,nan
381.62,223.45692443847656,-180.9938507080078,-56.057674407958984,224.36433138516767,-181.6427897109116,-56.06771068109806,1.1156208689207778,0.32811460425528105,0.07446886173419266,3.56622498901583e-05,16.415035666537584,40.70472373843625,nan,0.0166662590320621,nan
381.63,223.45040893554688,-180.98533630371094,-56.059600830078125,224.35849078997924,-181.63446913092963,-56.069778374452945,1.116283863599113,0.3281645225203981,0.07448964155860253,3.637633267061535e-05,16.390563348864465,39.612316952686065,nan,nan,nan
381.64,223.44386291503906,-180.97683715820312,-56.061492919921875,224.3526172753782,-181.6261474259584,-56.072449641050135,1.1169415208441884,0.32821452636747717,0.07451048851783779,3.56356224288628e-05,16.862847466942647,41.04365257090901,nan,0.2791180457080388,nan
381.65000000000003,223.4373016357422,-180.9683380126953,-56.063350677490234,224.3178400363496,-181.61819510301564,-56.074468845902516,1.0944339753738876,0.3281501493737634,0.074501030685788,3.63268010765484e-05,18.055986565012937,39.27435990148233,19.446932400406723,nan,nan
381.66,223.4307098388672,-180.9598388671875,-56.06516647338867,224.3118579482773,-181.60990321643752,-56.07763783023439,1.0950621825377878,0.32819994117399365,0.07452187447774151,3.5588747994153255e-05,18.974473510138374,40.59101024064139,nan,0.9887300058422679,nan
381.67,223.42410278320312,-180.9513397216797,-56.06694793701172,224.30587164508498,-181.6016145285869,-56.07957963306968,1.0956884639476403,0.3282498190211157,0.07454278545091064,3.6301240697846816e-05,18.951104790520347,40.175376290258754,nan,nan,nan
381.68,223.41746520996094,-180.94284057617188,-56.068695068359375,224.29987059148203,-181.59332755293258,-56.08099291731301,1.0963228545285175,0.328299782425164,0.07456376373216671,3.5564871620594264e-05,18.759543467861892,40.3390864717827,nan,0.16659117262794965,nan
381.69,223.4108123779297,-180.934326171875,-56.07040786743164,224.29384071304204,-181.58503988388946,-56.08286088859284,1.0969605523221817,0.3283498321418613,0.07458480948435608,3.627707604566222e-05,18.735415130534147,39.33277422590543,nan,nan,nan
381.7,223.40414428710938,-180.9258270263672,-56.07208251953125,224.31078535462564,-181.5806670508033,-56.086962756028,1.1184967162887485,0.32828536820329707,0.07457530927239828,3.5520779124942486e-05,20.149629423949875,42.76451002722589,6.944903731248223,3.550523109676715,nan
381.71,223.39744567871094,-180.91732788085938,-56.073726654052734,224.30475460503993,-181.5723718525022,-56.08878677031519,1.1191599080040795,0.328335205558877,0.07459635104668427,3.623185037754447e-05,20.12864088026074,43.14520962290159,nan,nan,nan
381.72,223.39073181152344,-180.90882873535156,-56.07533645629883,224.3031444911051,-181.55803275653008,-56.08920759726596,1.119890694455247,0.32795886610865305,0.07382044968006571,3.549858265292222e-05,22.42507178673805,45.13020086593073,nan,1.3021978950461954,0.045893423723376264
381.73,223.3839874267578,-180.90032958984375,-56.0769157409668,224.2970782360913,-181.549725501064,-56.09095482215045,1.1205565453823916,0.3280077270108824,0.07383828182428656,3.620942644159222e-05,22.383365018341976,45.54678990423084,nan,nan,nan
381.74,223.37722778320312,-180.89183044433594,-56.07846450805664,224.29104435513358,-181.54138175260556,-56.090943251573606,1.1212195807464593,0.32805667108926206,0.07385617407938705,3.5478629432979995e-05,21.26509663770385,44.13253925051626,nan,2.051265183627759,nan
381.75,223.37045288085938,-180.88333129882812,-56.07998275756836,224.25792034144254,-181.52013673836063,-56.092605667978084,1.092373104428766,0.3279931247310115,0.07384666685501996,3.616696024519647e-05,21.041057279518242,42.483412866081444,6.739676400051611,nan,nan
381.76,223.36366271972656,-180.8748321533203,-56.08146667480469,224.25173242465127,-181.51182073122905,-56.09482749652774,1.0929779324160034,0.32804186186132867,0.07386456443144401,3.5438451526674694e-05,21.6093017454271,42.841869810116464,nan,0.23336539802837622,nan
381.77,223.35684204101562,-180.8663330078125,-56.082923889160156,224.24554216809065,-181.50349297207703,-56.09644400797127,1.0935920306665583,0.32809068460244606,0.073882523505957,3.614810515716274e-05,21.56527789150405,43.265565678412926,nan,nan,nan
381.78000000000003,223.35000610351562,-180.8578338623047,-56.0843505859375,224.23937701430748,-181.49513422943116,-56.09649436404786,1.0942028359719511,0.32813959059923686,0.07390054298519086,3.542093481604601e-05,20.608832114972657,42.086500974714276,nan,1.6301623082884402,nan
381.79,223.34315490722656,-180.84934997558594,-56.085750579833984,224.23314826787225,-181.48680740481527,-56.098039956321244,1.0948018929685497,0.32818858243020793,0.07391862422599786,3.6130484510725975e-05,20.561119677219484,42.47973277056742,nan,nan,nan
381.8,223.33627319335938,-180.84085083007812,-56.08712387084961,224.2494147877035,-181.4935138010136,-56.0997379032448,1.1224774557936155,0.3281249650626848,0.07390913391867619,3.5383196149254015e-05,21.541012477731723,43.86602860341213,8.711564853479288,0.022425349074950373,nan
381.81,223.32937622070312,-180.8323516845703,-56.08846664428711,224.2431817887855,-181.48522484650672,-56.101231539598786,1.1231415424547033,0.3281737496433786,0.0739272199929004,3.609179303986326e-05,21.497128200410906,43.63400394076987,nan,nan,nan
381.82,223.32247924804688,-180.8238525390625,-56.08978271484375,224.2369444030311,-181.47692627733502,-56.10218308482766,1.12379072628194,0.32822261754795723,0.07394536675936123,3.5367980216342646e-05,21.269761723536355,42.46446515733058,nan,0.18413506349421213,nan
381.83,223.3155517578125,-180.8153533935547,-56.0910758972168,224.23067465857454,-181.46863825910805,-56.10362021373106,1.1244502652127473,0.32827157109835897,0.07396357547015293,3.607653851959941e-05,21.223184688907175,42.98211098494111,nan,nan,nan
381.84000000000003,223.30859375,-180.80686950683594,-56.09233856201172,224.22436372287203,-181.46036740206796,-56.1059038405116,1.1251125095151577,0.32832060832016324,0.07398184518603916,3.535386935699948e-05,22.00337022146089,45.01041406834367,nan,0.5255158110030902,nan
381.85,223.3016357421875,-180.79837036132812,-56.09357833862305,224.22488768495654,-181.45425340266723,-56.10730597288997,1.1325922309841334,0.3282569220076861,0.07397236949547763,3.604020629621579e-05,21.910721524687453,43.87764397792261,0.496896906197173,nan,nan
381.86,223.29464721679688,-180.7898712158203,-56.09479522705078,224.21852531301408,-181.44600449528537,-56.110664484770716,1.1332755403837498,0.3283057518070768,0.07399064359004223,3.531949344030923e-05,23.751891525255783,46.33228901702406,nan,2.734502770833717,nan
381.87,223.28765869140625,-180.78138732910156,-56.095985412597656,224.21219723387892,-181.43771882975065,-56.11203304957781,1.1339312509647261,0.328354667073196,0.07400897981084956,3.6027174901151334e-05,23.709040452889056,46.047379473148126,nan,nan,nan
381.88,223.2806396484375,-180.77288818359375,-56.09715270996094,224.20583407789388,-181.42944654789443,-56.11409396761434,1.1346103402671701,0.3284036660633888,0.07402737731662223,3.530748847833996e-05,24.63033490224622,46.97585548019778,nan,0.3550112157457264,nan
381.89,223.2736053466797,-180.76438903808594,-56.098297119140625,224.1994719547934,-181.42116146004156,-56.11542394858891,1.135285126542409,0.3284527507555326,0.0740458372151606,3.6015209584361374e-05,24.587186207395277,46.82228109424003,nan,nan,nan
381.90000000000003,223.2665557861328,-180.7559051513672,-56.09941864013672,224.1436197452199,-181.39070462854,-56.11543454715768,1.082805649147656,0.3283889932394102,0.07403637159861146,3.527520267546247e-05,23.49981968348279,43.969558737327944,21.828230308722706,1.172887704427351,nan
381.91,223.25949096679688,-180.74740600585938,-56.10051727294922,224.13714231488882,-181.38238667876388,-56.11670822364112,1.083390276241287,0.3284378702148084,0.07405483534759483,3.5982110182679036e-05,23.454863913832867,43.189442993193005,nan,nan,nan
381.92,223.25241088867188,-180.73892211914062,-56.101593017578125,224.13067902721517,-181.37404672402434,-56.116678043892335,1.0839583686322511,0.32848683095670955,0.07407336065499832,3.526516713325969e-05,22.56188217364172,42.87325398991955,nan,1.1441048770352737,nan
381.93,223.24530029296875,-180.7304229736328,-56.1026496887207,224.1241689916876,-181.36572941297592,-56.11789694658254,1.0845537978039226,0.32853587723472755,0.07409194853754517,3.597216530767533e-05,22.51299294854709,42.804298874135874,nan,nan,nan
381.94,223.23818969726562,-180.72193908691406,-56.10368347167969,224.1176131808401,-181.35743434444194,-56.120383451260444,1.085135371795003,0.3285850076156162,0.0741105982882244,3.525607526724962e-05,23.9010351714357,44.08301394472165,nan,1.1540356934494134,nan
381.95,223.23106384277344,-180.7134552001953,-56.104698181152344,224.0840169966549,-181.3334757794267,-56.121632613680994,1.0546285490123093,0.32852118037483313,0.0741011401156985,3.594106415333494e-05,23.42399576096122,42.85495168367486,8.841886314834932,nan,nan
381.96,223.2239227294922,-180.7049560546875,-56.10569381713867,224.07740154335568,-181.32513800066027,-56.12350148571043,1.05516294707707,0.32857010284955,0.07411979321490697,3.522663758851892e-05,24.389527773597592,43.11064766526978,nan,0.3371043408232539,nan
381.97,223.2167510986328,-180.69647216796875,-56.106666564941406,224.0707864861138,-181.31678920982884,-56.12466270469195,1.055695759458084,0.3286191107027051,0.07413850907084422,3.593299961085328e-05,24.340633679358675,44.39928773046558,nan,nan,nan
381.98,223.20957946777344,-180.68798828125,-56.10762023925781,224.0642100751349,-181.3084008987243,-56.12333350661394,1.0561970449359022,0.32866820268725255,0.0741572870606695,3.5219323753686406e-05,22.279584111406695,41.627228895159064,nan,4.2595342440695685,nan
381.99,223.202392578125,-180.6794891357422,-56.10855484008789,224.05756524119533,-181.3000528963346,-56.12443345550754,1.0567269254878666,0.32871738029607445,0.07417612807689551,3.592583499022824e-05,22.230455943535517,40.90716006328067,nan,nan,nan
382.0,223.1951904296875,-180.67100524902344,-56.10947036743164,224.05572035299457,-181.2940474469689,-56.12556705779123,1.0625217328450844,0.3286534815832657,0.07416667294847339,3.5191637333551286e-05,22.581350516484033,42.1172164042931,0.3361347628360713,0.007538861693824741,nan
382.01,223.18797302246094,-180.6625213623047,-56.11037063598633,224.04905419668722,-181.28570453193157,-56.12663188820052,1.0630533758173677,0.32870245099819406,0.07418551674591539,3.589744017317297e-05,22.527150835491927,42.06284829971439,nan,nan,nan
382.02,223.1807403564453,-180.65403747558594,-56.11125183105469,224.04236149446132,-181.277371263889,-56.12827447123253,1.0635909774884613,0.32875150456395597,0.07420442293662902,3.5185970549374514e-05,23.33882501219832,42.87685542173201,nan,0.24716574204907227,nan
382.03000000000003,223.1735382080078,-180.6455535888672,-56.11211395263672,224.03569171386278,-181.26902951418245,-56.129311395415435,1.0641083822354995,0.32880064360790284,0.07422339233579596,3.589196152618296e-05,23.287267125602025,43.02648359886546,nan,nan,nan
382.04,223.1664276123047,-180.63706970214844,-56.11296081542969,224.0291242681301,-181.2606580507814,-56.128302995053964,1.064585990420091,0.3288498671292041,0.0742424244347852,3.518109169351672e-05,21.683258359853426,41.2757398823527,nan,2.8760912583184526,nan
382.05,223.15943908691406,-180.6285858154297,-56.11378860473633,224.01103784897904,-181.25050233286012,-56.12936134540612,1.0546293739771224,0.3287858979522152,0.07423296943455565,3.5865222106800165e-05,22.070315998095623,40.46160328041601,2.6131086367255465,nan,nan
382.06,223.15255737304688,-180.62010192871094,-56.114601135253906,224.004640743261,-181.24215994692688,-56.129775705914426,1.055098343955171,0.3288349130746504,0.07425200376698869,3.515576334383096e-05,21.804897666128284,40.99702016132757,nan,0.21600167839979523,nan
382.07,223.1458282470703,-180.6116180419922,-56.11539840698242,223.99836064171515,-181.23382590944124,-56.13072468996481,1.0555515189626765,0.32888401353616825,0.07427110148907225,3.5861297623514336e-05,21.75288010635812,39.92536052354165,nan,nan,nan
382.08,223.13922119140625,-180.60311889648438,-56.11617660522461,223.99220251462867,-181.22549846013683,-56.13210931705254,1.0560242943818536,0.32893319848229835,0.07429026216278861,3.515235157698144e-05,22.37362152590699,40.25488794763982,nan,0.14222330196027963,nan
382.09000000000003,223.1327362060547,-180.59463500976562,-56.116943359375,223.9861828172521,-181.2171646867164,-56.133032984896396,1.0564909809828773,0.3289824690226316,0.0743094864989367,3.585811611074912e-05,22.319107597496924,41.18776495916906,nan,nan,nan
382.1,223.1263885498047,-180.58615112304688,-56.11769104003906,223.94206141415896,-181.1870582662655,-56.13422226301022,1.0132546065762464,0.3289184280409023,0.07430002734613128,3.512845835275027e-05,22.200130795891447,39.82549529027108,16.605869113847007,0.060130376741420126,nan
382.11,223.1201629638672,-180.57766723632812,-56.11842727661133,223.9362381403586,-181.1786789005005,-56.13512019681074,1.0136431165560773,0.3289674898999123,0.0743192533104642,3.583359145503581e-05,22.144452709719005,39.95537201449979,nan,nan,nan
382.12,223.11390686035156,-180.56918334960938,-56.1192512512207,223.93047724882646,-181.17028945790784,-56.13532145219561,1.0140877694396833,0.3290166362428969,0.07433854247201992,3.5126392498301806e-05,21.664283362693336,39.63310679173943,nan,0.3790987202091144,nan
382.13,223.10763549804688,-180.56069946289062,-56.12016677856445,223.92467729840982,-181.16190942322476,-56.13634173959885,1.014530605408113,0.32906586805084936,0.07435789547751576,3.583178482060547e-05,21.558638002687935,39.07589207850088,nan,nan,nan
382.14,223.10133361816406,-180.55221557617188,-56.12117004394531,223.91887107817314,-181.15351354516113,-56.136246100212986,1.014965040531587,0.3291151846608049,0.07437731198373967,3.5124970075652325e-05,20.67268439187725,38.37548976712245,nan,1.0192289740574103,nan
382.15000000000003,223.09500122070312,-180.54373168945312,-56.12226104736328,223.90460846953698,-181.13938437991513,-56.13749301199668,1.0052353146231694,0.32905107251115784,0.07436784551973613,3.580860133402653e-05,20.40819091146237,38.27557195290114,1.342682893275296,nan,nan
382.16,223.08865356445312,-180.53524780273438,-56.123435974121094,223.8987380408233,-181.13097436848247,-56.13755505731401,1.0056472286563385,0.3291001802210218,0.07438726306200044,3.510298487217351e-05,19.553264451296982,37.00956263703006,nan,1.0342218064069582,nan
382.17,223.08226013183594,-180.52676391601562,-56.124698638916016,223.89282330207348,-181.122579076556,-56.138905774012855,1.006086577369442,0.3291493732724375,0.07440674462870463,3.58080496296809e-05,19.45572458517842,37.78503439695687,nan,nan,nan
382.18,223.07586669921875,-180.51828002929688,-56.12604522705078,223.88690460287276,-181.11416704559934,-56.13899447941106,1.00649465994512,0.3291986511147599,0.07442628993442012,3.5102745085193003e-05,18.541771989429733,35.873299596803996,nan,1.2754096859364428,nan
382.19,223.06944274902344,-180.50978088378906,-56.12747573852539,223.88094099677033,-181.1057710077622,-56.14050260733749,1.0069276703323076,0.3292480145616872,0.07444589954030757,3.580809782141075e-05,18.451439007219573,35.341484259221154,nan,nan,nan
382.2,223.06298828125,-180.5012969970703,-56.12898635864258,223.83646336891766,-181.07872892538722,-56.14218148176241,0.96533178459866,0.32918383052931793,0.07443642177587405,3.6504865653805787e-05,18.176062583175344,35.03988189858059,14.027762810115073,nan,nan
382.21,223.05650329589844,-180.49281311035156,-56.13058090209961,223.83038931057823,-181.07030049749739,-56.143858155672135,0.9656953616394277,0.32923298479817015,0.07445603177655875,3.7238080112931356e-05,18.085841773615847,35.205592832827065,nan,nan,nan
382.22,223.0500030517578,-180.4843292236328,-56.13225173950195,223.8243032727249,-181.06186268899174,-56.14479698286567,0.9660450915615852,0.3292822238163954,0.07447570573346547,3.6447559022794274e-05,17.61580186494389,34.39671499306239,nan,0.4368680441169305,nan
382.23,223.04348754882812,-180.47584533691406,-56.13400650024414,223.81818234692864,-181.05343420210474,-56.14662841490908,0.9663954884652847,0.3293315483476416,0.07449544418609938,3.717936385499699e-05,17.529207052941267,34.00334469021147,nan,nan,nan
382.24,223.0369415283203,-180.4673614501953,-56.13583755493164,223.81207489039525,-181.04497671068108,-56.14587313079208,0.9667325539830006,0.3293809579413657,0.07451524689692306,3.6392187060459916e-05,15.95809448776231,32.68304445699139,nan,4.637502042994886,nan
382.25,223.03036499023438,-180.45887756347656,-56.13774490356445,223.83432488482558,-181.04965968296972,-56.14791849104657,0.9977367020943843,0.3293167017588885,0.07450575408190524,3.7099065010779304e-05,16.08634930607668,33.89751011204468,7.527954232004611,nan,nan
382.26,223.02377319335938,-180.45037841796875,-56.139732360839844,223.82818509047075,-181.04125097389135,-56.14979020994674,0.9981533138178185,0.3293659019451748,0.0745255565528926,3.6316136509818514e-05,16.03077274072326,32.83488245059463,nan,0.019420224072658428,nan
382.27,223.0171661376953,-180.44189453125,-56.14179611206055,223.82202097639097,-181.03284430537275,-56.1519097540544,0.9985565745925095,0.32941518752962223,0.07454542369638627,3.704444310331441e-05,15.954121706486754,33.171000191159415,nan,nan,nan
382.28000000000003,223.01052856445312,-180.43341064453125,-56.14389419555664,223.8158280913813,-181.02444348359256,-56.15464131208213,0.9989707930831699,0.32946455815383374,0.07456535532575677,3.6264676335761387e-05,16.32547421847808,33.861197092843085,nan,0.2014262538759808,nan
382.29,223.00387573242188,-180.4249267578125,-56.145992279052734,223.80962068085074,-181.0160372308504,-56.15684394301773,0.999376941831528,0.32951401444405165,0.07458535190499639,3.6991811607311866e-05,16.272012095220447,33.53799748881711,nan,nan,nan
382.3,222.99720764160156,-180.41644287109375,-56.1480712890625,223.78181180710533,-180.99636196040606,-56.15962174033238,0.9757270415434941,0.32944968562137206,0.07457584011558148,3.6192709883116965e-05,16.511265786503504,33.0861159221891,4.614679793236921,0.23426945107417013,nan
382.31,222.99050903320312,-180.407958984375,-56.150115966796875,223.7755275670772,-180.98793504714024,-56.161794049134414,0.9760956456790301,0.32949893222618576,0.07459583577569456,3.691783717304619e-05,16.467434253051348,33.37728066338559,nan,nan,nan
382.32,222.98377990722656,-180.39947509765625,-56.15212631225586,223.76921548009653,-180.97951438816295,-56.16454560265712,0.9764777808200102,0.32954826384168706,0.07461589614328239,3.614508703918982e-05,16.988708623965433,34.23929625174809,nan,0.24740666068994657,nan
382.33,222.97705078125,-180.3909912109375,-56.15409851074219,223.76288998232212,-180.9710882982229,-56.16665592045872,0.9768385583900029,0.32959768101602044,0.0746360216377987,3.686919594875017e-05,16.94775739200049,33.389116656724134,nan,nan,nan
382.34000000000003,222.9702911376953,-180.38250732421875,-56.15603256225586,223.75654070008352,-180.962665425948,-56.16905558643084,0.9772110296739303,0.3296471835073927,0.0746562121387466,3.609932587212593e-05,17.318032507703812,34.130225089199875,nan,0.07045019374983667,nan
382.35,222.96351623535156,-180.3740234375,-56.157928466796875,223.79497088107226,-180.9748071081294,-56.17107853308454,1.0258804857432624,0.3295827822144409,0.07464667787302158,3.6799355185018934e-05,17.50142060933913,35.443558456494344,17.96846379169506,nan,nan
382.36,222.9567108154297,-180.36553955078125,-56.1597900390625,223.78867033627756,-180.96640470681052,-56.17201006518955,1.0263259273242844,0.3296320747803094,0.0746668667796672,3.6033229886926944e-05,16.896385386559267,35.26077537342305,nan,0.7641009581475944,nan
382.37,222.94989013671875,-180.3570556640625,-56.1616096496582,223.7823388133151,-180.958012071946,-56.1739663368677,1.0267775275404407,0.3296814528020798,0.07468712098914237,3.675460002069406e-05,16.856733235394277,34.997073412886266,nan,nan,nan
382.38,222.94305419921875,-180.34857177734375,-56.16339874267578,223.77598795732686,-180.9496197177984,-56.175887075314115,1.0272259880732089,0.32973091625659645,0.0747074405286354,3.749042111132418e-05,16.813178875177798,34.77475010291951,nan,nan,nan
382.39,222.9362030029297,-180.340087890625,-56.16514587402344,223.76961801896746,-180.94122757524818,-56.17777283404137,1.027671615597801,0.32978046528835964,0.07472782554264645,3.824083765901729e-05,16.77373110311081,34.53564236678413,nan,nan,nan
382.40000000000003,222.9293212890625,-180.33160400390625,-56.16686248779297,223.78018769215026,-180.94420021027753,-56.179123330170945,1.0485218530005989,0.32971599088094367,0.07471826472447385,3.736192954551134e-05,17.035576342211996,35.473520808827175,4.350095822550158,0.16813957109253724,nan
382.41,222.9224395751953,-180.3231201171875,-56.16854476928711,223.7738053180368,-180.93583496759015,-56.18093664151876,1.048997938265563,0.32976532971152217,0.07473864743037155,3.810877456006366e-05,16.993587657862783,34.62356672289807,nan,nan,nan
382.42,222.91552734375,-180.3146514892578,-56.17019271850586,223.7674134216144,-180.92746237352304,-56.181753768568186,1.0494668777106204,0.32981475376905506,0.07475909555859393,3.726103661130389e-05,16.5015469807621,35.292229921454265,nan,0.5767730468060871,nan
382.43,222.90859985351562,-180.30616760253906,-56.17180633544922,223.76099455851923,-180.91909783774034,-56.18349255520405,1.0499508436466114,0.329864263469922,0.07477960945306725,3.800541926911138e-05,16.460097290132644,34.401604123093165,nan,nan,nan
382.44,222.90164184570312,-180.2976837158203,-56.17338943481445,223.75458157756788,-180.91071294477484,-56.18246214472247,1.0504253118671385,0.3299138586999513,0.07480018906703441,3.716376478349178e-05,15.033636868310772,33.474774704028846,nan,4.682358085537548,nan
382.45,222.89468383789062,-180.28919982910156,-56.17494201660156,223.74078514837933,-180.89222877119118,-56.18401057826151,1.039044547369849,0.3298493112048879,0.07479059807621055,3.788147926607987e-05,14.289122106046442,32.41786011139295,5.618625980751987,nan,nan
382.46000000000004,222.8876953125,-180.2807159423828,-56.17646026611328,223.73430601971427,-180.88383358977046,-56.18558370583882,1.0395113387128974,0.3298986959851051,0.07481117466796901,3.704678994669583e-05,14.317705226589998,32.941572052459286,nan,0.0012080462878947269,nan
382.47,222.8806915283203,-180.27224731445312,-56.17795181274414,223.72780926679377,-180.87543899930583,-56.18717049274366,1.0399681031516117,0.3299481663124807,0.07483181719858167,3.778573036001051e-05,14.271647887353156,33.51540813826411,nan,nan,nan
382.48,222.87368774414062,-180.26376342773438,-56.179412841796875,223.72128217079324,-180.86705633917433,-56.190421545332256,1.0404325257506157,0.3299977221222607,0.07485252565263206,3.695673429652434e-05,15.255778775938227,33.043879546283335,nan,1.8118459113301075,nan
382.49,222.8666534423828,-180.25527954101562,-56.180843353271484,223.7147515918956,-180.85866226000402,-56.19196763028191,1.0408962130394475,0.330047363756974,0.07487330032741711,3.769362658789895e-05,15.213261202903864,33.519050459550336,nan,nan,nan
382.5,222.85960388183594,-180.24681091308594,-56.182247161865234,223.71236281689886,-180.85342858014843,-56.19314064922527,1.0465665116889877,0.32998274266022304,0.07486367513218013,3.684717207134989e-05,15.26243316442628,34.21382165154347,0.4259293157289823,0.097242554335808,nan
382.51,222.8525390625,-180.2383270263672,-56.18362045288086,223.70580475888428,-180.84504273743062,-56.19462877401066,1.0470374806144511,0.33003217356941666,0.07488444603662005,3.7581217605186845e-05,15.220793798602887,33.387297470531365,nan,nan,nan
382.52,222.84544372558594,-180.22984313964844,-56.184967041015625,223.69923736149227,-180.83665071396842,-56.195098196474454,1.0475121217805476,0.3300816899098279,0.0749052830629908,3.6764077580446986e-05,14.742145376226153,33.48137840720971,nan,0.62866765999139,nan
382.53000000000003,222.83834838867188,-180.22137451171875,-56.18628692626953,223.69264676168044,-180.82826540978476,-56.19652407024398,1.0479728390550964,0.33013129198382507,0.07492618648218431,3.7496332667326765e-05,14.69871583225477,33.39871052929645,nan,nan,nan
382.54,222.83123779296875,-180.212890625,-56.187583923339844,223.68605088445068,-180.81987104816608,-56.196350159416646,1.0484309716765905,0.3301809797867781,0.07494715631812471,3.6684317152035255e-05,13.953821735344226,31.91469903330403,nan,1.5898982130085209,nan
382.55,222.82411193847656,-180.20440673828125,-56.18885040283203,223.69911482376682,-180.81801970641777,-56.19762192953795,1.0687506087073542,0.3301162849897302,0.07493749319026596,3.739129490317921e-05,13.769039776764494,32.624785112063634,3.9347297571288027,nan,nan
382.56,222.81695556640625,-180.19593811035156,-56.190093994140625,223.69251861345793,-180.8096336970023,-56.197805933124776,1.069248519493917,0.3301657618100528,0.07495845850374225,3.658523476527242e-05,13.29105790371,33.48885897626939,nan,0.8521536113275414,nan
382.57,222.80979919433594,-180.1874542236328,-56.19131088256836,223.6859000178172,-180.8012547076437,-56.199104024727916,1.069749699762175,0.3302153242750473,0.07497949038042377,3.7313337783574176e-05,13.249311880748849,32.02714492119138,nan,nan,nan
382.58,222.80262756347656,-180.17898559570312,-56.1925048828125,223.6792686346498,-180.7928741172093,-56.19999444237828,1.0702405234372594,0.33026497241239194,0.07500058886630662,3.651204049764414e-05,13.11310876336309,32.53870965401931,nan,0.09556696977753207,nan
382.59000000000003,222.79544067382812,-180.17050170898438,-56.19367599487305,223.67261987686433,-180.78449617120555,-56.20124201975751,1.0707426388306631,0.3303147064761161,0.07502175419939418,3.723869229849523e-05,13.070804661835261,31.770546223669044,nan,nan,nan
382.6,222.78822326660156,-180.1620330810547,-56.19482421875,223.61850811482705,-180.75770038785706,-56.20299429278224,1.0218900232880752,0.3302499375661281,0.07501204914844199,3.641962261956109e-05,13.404450173027032,31.498021294449167,21.09958151564533,0.07791139923818818,nan
382.61,222.781005859375,-180.153564453125,-56.195945739746094,223.61174986588853,-180.74930151451687,-56.204204102316616,1.0223044806838697,0.33029946037185026,0.07503320917839512,3.714401945046178e-05,13.363017269801848,30.808377528132166,nan,nan,nan
382.62,222.77377319335938,-180.14508056640625,-56.19704818725586,223.60498204620868,-180.7408983203005,-56.20445766519066,1.0227227646209365,0.3303490687899055,0.07505443600502897,3.635270557617622e-05,12.99395482527634,29.75148341972394,nan,0.5709935329063243,nan
382.63,222.7665252685547,-180.13661193847656,-56.19812774658203,223.59819506032156,-180.73250003277025,-56.20561576296416,1.0231389611620936,0.3303987630487221,0.07507572984809388,3.7075861221841136e-05,12.951737922884837,30.407707702662528,nan,nan,nan
382.64,222.75926208496094,-180.12814331054688,-56.199188232421875,223.5913995270028,-180.72409651186643,-56.20558384960619,1.0235496297347704,0.3304485432143625,0.07509709078082738,3.628878738412463e-05,12.522492802713984,29.985317073931995,nan,0.8967479120094747,nan
382.65000000000003,222.75198364257812,-180.11965942382812,-56.200225830078125,223.56423868466027,-180.71436273410532,-56.20679383055484,1.006714169599684,0.33038370001146133,0.07508734000254058,3.698774034816367e-05,13.157553013477822,28.592102724048697,8.185690648541856,nan,nan
382.66,222.7447052001953,-180.11119079589844,-56.20124053955078,223.55738170451784,-180.7059704269082,-56.20557506116971,1.0070872346622528,0.3304332686549553,0.07510869484394343,3.620570471264703e-05,12.466590819721695,28.015031496501436,nan,3.5055620260546223,nan
382.67,222.73739624023438,-180.10272216796875,-56.20223617553711,223.55050084463522,-180.6975888379871,-56.20662061247184,1.007484330440833,0.33048292305512633,0.07513011686891632,3.692575530539582e-05,12.424257557675631,28.590598251479744,nan,nan,nan
382.68,222.73007202148438,-180.09425354003906,-56.20321273803711,223.54360787565832,-180.6892064683462,-56.207360827492,1.0078823242690176,0.33053266329800723,0.07515160616562526,3.6147631780262964e-05,12.335848283051016,28.540799938681,nan,0.054179300114259255,nan
382.69,222.72274780273438,-180.0857696533203,-56.20417022705078,223.53670050384522,-180.6808257336396,-56.208365744121515,1.0082798920607825,0.33058248958210795,0.0751731629315399,3.686671406288134e-05,12.2955553655569,27.29188061702158,nan,nan,nan
382.7,222.7154083251953,-180.07730102539062,-56.205108642578125,223.55017391874708,-180.67728994090177,-56.20932611333405,1.0280263041253617,0.330517571739391,0.07516336246510137,3.6070421856111e-05,11.992417969629908,28.714373058671196,4.617730549164099,9.879280591199209e-05,nan
382.71000000000004,222.7080535888672,-180.06883239746094,-56.20602798461914,223.54327666526441,-180.6689082499836,-56.21029468070429,1.0284487448690465,0.3305671862253083,0.07518491232731563,3.678772427039272e-05,11.95168843451427,28.723195935692384,nan,nan,nan
382.72,222.70068359375,-180.06036376953125,-56.20692825317383,223.51515468444083,-180.6384476182417,-56.2133116004136,0.9987916904104657,0.32636774366224536,0.07059640221790166,3.6016939524388744e-05,15.538091878166407,32.37760874355795,nan,2.815117378444779,0.10581710783176446
382.73,222.69329833984375,-180.05189514160156,-56.20780944824219,223.508239024634,-180.63004676481563,-56.2142657997583,0.9992143431848731,0.3264203239571371,0.07060980087044853,3.673342059386986e-05,15.48308989486793,32.41046069434873,nan,nan,nan
382.74,222.6859130859375,-180.04342651367188,-56.208675384521484,223.50129581166695,-180.62162859458607,-56.21491015455482,0.9996026751409087,0.3264729854409507,0.07062325432304992,3.596708456395908e-05,15.371549505404547,31.770972385726175,nan,0.057417596117362114,nan
382.75,222.6785430908203,-180.0349578857422,-56.20952224731445,223.51606014526485,-180.62165621225392,-56.21586598166025,1.0225898424014237,0.32640457769526615,0.07061337420743043,3.6660180056458375e-05,15.297994956883562,32.76622123054303,3.95068170313294,nan,nan
382.76,222.67124938964844,-180.0264892578125,-56.21035385131836,223.50922450082442,-180.61326586619293,-56.21676883312126,1.0230103748664376,0.32645701902064683,0.07062686099789744,3.738940341195119e-05,15.245833359640931,32.99496815966476,nan,nan,nan
382.77,222.66407775878906,-180.0180206298828,-56.21116638183594,223.5024873876779,-180.6048758511091,-56.21765598415235,1.0234118777072576,0.32650954529990645,0.07064040820728325,3.81331359223067e-05,15.195924490896237,32.56781325288435,nan,nan,nan
382.78000000000003,222.6570281982422,-180.00955200195312,-56.21196746826172,223.49599243529119,-180.59662813894366,-56.2209614948094,1.0240118525605424,0.32656215262369664,0.07065401048426098,3.7280526083695936e-05,16.20799623665992,33.76277036869809,nan,3.6768380940306464,nan
382.79,222.65011596679688,-180.00108337402344,-56.21274948120117,223.4895048815933,-180.58823845346305,-56.221842014283816,1.0244059311389702,0.32661484924751144,0.07066767895447384,3.8021834078859285e-05,16.159816671805523,33.4983073845488,nan,nan,nan
382.8,222.64332580566406,-179.99261474609375,-56.21351623535156,223.4769017053136,-180.5707828915492,-56.22205895471775,1.0144950285487224,0.32654633601921607,0.07065789978078758,3.7152778516289805e-05,15.18578529765853,33.478922970566,7.616443859226224,0.24551133772278103,nan
382.81,222.63653564453125,-179.98414611816406,-56.21437072753906,223.47059103014502,-180.56235777396466,-56.22295629678573,1.0149141920252618,0.3265988081790856,0.0706715956693553,3.7890880198603414e-05,15.111347457135855,32.583441077887805,nan,nan,nan
382.82,222.6297149658203,-179.97567749023438,-56.21531677246094,223.46420760552155,-180.55387148540967,-56.22285380190585,1.0152551741238096,0.32665136159016983,0.07068534735452013,3.705263267850375e-05,14.64334285103836,32.5472898188426,nan,0.7470242226976032,nan
382.83,222.62286376953125,-179.9672088623047,-56.21635055541992,223.4578579032697,-180.54544633450092,-56.22392012311044,1.0156924120936213,0.326704003958674,0.07069916498745835,3.77886162532183e-05,14.57048212400039,32.92036628492601,nan,nan,nan
382.84000000000003,222.6160125732422,-179.958740234375,-56.217472076416016,223.45152465657276,-180.5370621254953,-56.225821680370565,1.016172410089233,0.32675672800244926,0.07071303893220562,3.6956640558910056e-05,14.88572234897406,32.43397124821073,nan,0.35248305945458275,nan
382.85,222.609130859375,-179.9502716064453,-56.21867752075195,223.44820478446695,-180.52340385925703,-56.22706756846194,1.0161673208103208,0.3266881174272833,0.07070336715539466,3.766681987131429e-05,14.14058340618832,33.01609683720647,6.501769816886493,nan,nan
382.86,222.60223388671875,-179.94180297851562,-56.219970703125,223.44181875981738,-180.514969584382,-56.22879867590945,1.0166123402358893,0.3267406168074836,0.07071726832087122,3.68419161902803e-05,14.332345454635474,33.026699174952235,nan,0.09937006939712227,nan
382.87,222.59532165527344,-179.93333435058594,-56.221343994140625,223.4353953145086,-180.50651414636627,-56.23022380609299,1.0170239339818257,0.32679320481284213,0.07073123521753345,3.75731509858281e-05,14.261288732921232,32.80824002434772,nan,nan,nan
382.88,222.58839416503906,-179.92486572265625,-56.22280502319336,223.4289172292624,-180.49801773160027,-56.230954725368385,1.0173734144813744,0.3268458746825941,0.07074525910350755,3.6754046906296956e-05,13.915876845647155,32.306235669834976,nan,0.3873219749022782,nan
382.89,222.58143615722656,-179.91639709472656,-56.224342346191406,223.42245735377477,-180.48956248670748,-56.23253970987308,1.0177929142902105,0.3268986333370791,0.07075934879906419,3.748356564716187e-05,13.84734555562895,32.74569431936229,nan,nan,nan
382.90000000000003,222.574462890625,-179.90794372558594,-56.2259635925293,223.42672037618215,-180.48697314878652,-56.23434099279241,1.0303824898819636,0.32682991853974075,0.07074977094638762,3.66475123075601e-05,14.090381067569345,33.84921990840916,1.774393465012444,0.03172387898873751,nan
382.91,222.56747436523438,-179.89947509765625,-56.227664947509766,223.4202434039294,-180.4785307626921,-56.236090172921784,1.0308207802475469,0.3268824520752787,0.07076388718218143,3.737452454709383e-05,14.021402075534652,32.92609882061288,nan,nan,nan
382.92,222.56048583984375,-179.89100646972656,-56.22944641113281,223.4136612669936,-180.4699899732971,-56.235965968563654,1.0311026677922277,0.3269350676523046,0.07077806105057685,3.656734760932526e-05,13.232249650326622,31.402891592656463,nan,2.465516694687726,nan
382.93,222.55345153808594,-179.88253784179688,-56.23130416870117,223.40715025404717,-180.46154770890433,-56.23785625615518,1.0315507034032085,0.32698777169814813,0.07079230055391574,3.729289009008331e-05,13.167857484375862,32.53495901823973,nan,nan,nan
382.94,222.54641723632812,-179.8740692138672,-56.23324203491211,223.400639772767,-180.45312481090468,-56.24021518921227,1.0320126700294905,0.32704055819497346,0.07080659816854062,3.649084348868195e-05,13.297023006513836,31.925292402157204,nan,0.09861330545851288,nan
382.95,222.53936767578125,-179.8656005859375,-56.235252380371094,223.37270913126662,-180.434977589461,-56.242502150746645,1.009307045820234,0.32697174600818774,0.07079711833497342,3.71918321199177e-05,13.229906155798602,31.18557193246903,6.602286109929053,nan,nan
382.96000000000004,222.5323028564453,-179.8571319580078,-56.23733901977539,223.36614624335442,-180.42655718784823,-56.245404096893246,1.0097548869600907,0.3270243071748698,0.07081144220312716,3.639568678163339e-05,13.552088696985251,31.41823201945432,nan,0.3860946800392555,nan
382.97,222.52520751953125,-179.84866333007812,-56.239463806152344,223.3595335938543,-180.41810019291043,-56.24760113218704,1.01016065807505,0.32707695650510865,0.07082583155700545,3.71177112205839e-05,13.496752537359377,31.90270392002828,nan,nan,nan
382.98,222.5181121826172,-179.8402099609375,-56.24158477783203,223.35286616201367,-180.40960085016093,-56.24890661110719,1.0104819642583514,0.3271296884454739,0.07084027961903139,3.632628113064099e-05,13.135830004589572,31.609396976893837,nan,0.5413617255354218,nan
382.99,222.51100158691406,-179.8317413330078,-56.243682861328125,223.34622195183147,-180.40114456081218,-56.25110097023255,1.0108749290325276,0.3271825087236365,0.07085479328003956,3.7047155292609385e-05,13.094475853937993,30.784954387811805,nan,nan,nan
383.0,222.5038604736328,-179.82327270507812,-56.245750427246094,223.3140138252123,-180.3865443052576,-56.25348970755558,0.9867538928749744,0.32711359351070796,0.07084539991010753,3.6238219729047905e-05,13.642086763805036,30.606834275352895,7.182971276687376,0.013834664625482974,nan
383.01,222.49671936035156,-179.81480407714844,-56.247779846191406,223.30729846809726,-180.37809578218847,-56.25562762651801,0.9871158100936113,0.32716618801955066,0.07085993913240017,3.695714238219537e-05,13.605022621214443,29.96130825220554,nan,nan,nan
383.02,222.4895477294922,-179.8063507080078,-56.24977493286133,223.30054362500564,-180.3696209798714,-56.25713696909883,0.9874421204721399,0.3272188652855498,0.07087453762885773,3.617550355710989e-05,13.384245271846495,31.024190611542952,nan,0.2316081612010228,nan
383.03000000000003,222.4823760986328,-179.79788208007812,-56.25172805786133,223.29379829437065,-180.36117288803516,-56.259195653909615,0.9878047778056311,0.32727163060059977,0.07088920161211423,3.6893471003440955e-05,13.347369725108674,29.67513135407879,nan,nan,nan
383.04,222.47518920898438,-179.78941345214844,-56.25364303588867,223.28705619258682,-180.35274480939617,-56.26166611938297,0.9881976457121614,0.32732447906767903,0.07090392531555148,3.611596060164125e-05,13.568290954698234,29.866518131152173,nan,0.13365208655986402,nan
383.05,222.4679718017578,-179.7809600830078,-56.25551986694336,223.29966494152157,-180.35191839393087,-56.263588921324875,1.0088468571496982,0.32725546650031356,0.07089462052658611,3.681031392291002e-05,13.505206252101164,31.801690893873467,3.2967826957523743,nan,nan
383.06,222.46075439453125,-179.77249145507812,-56.257362365722656,223.29286626210333,-180.3434360417577,-56.264502483446286,1.0091773196490936,0.32730808897527086,0.07090936942129197,3.603768710480502e-05,13.10197142195798,30.05083245254519,nan,0.7152963607891517,nan
383.07,222.45352172851562,-179.7640380859375,-56.2591667175293,223.28609453979809,-180.33499808702305,-56.26640680269849,1.0095668515554832,0.32736079922114447,0.07092418371277846,3.675310655090186e-05,13.063158543575879,30.749097146760874,nan,nan,nan
383.08,222.44627380371094,-179.7555694580078,-56.26093292236328,223.2792892757148,-180.326539782467,-56.26777658291197,1.0099350096419826,0.32741359274826426,0.07093905824884499,3.598424746486932e-05,12.889822402953467,29.88114933466479,nan,0.1663772885774716,nan
383.09000000000003,222.4390106201172,-179.7471160888672,-56.26266860961914,223.2724894138569,-180.318102444889,-56.26960626119437,1.0103269022382142,0.32746647423509273,0.07095399832603394,3.6698961077675424e-05,12.849866204434939,30.555222897027708,nan,nan,nan
383.1,222.43173217773438,-179.7386474609375,-56.264366149902344,223.2742697957264,-180.30999880916585,-56.27075219663426,1.0180141366635864,0.3273973597721161,0.0709447721451781,3.591202640461762e-05,12.348382301590743,30.02130562487096,1.8128711060692975,0.33831267614700683,nan
383.11,222.4244384765625,-179.73019409179688,-56.266029357910156,223.26745568971066,-180.3015519195967,-56.272508936321245,1.018415324898743,0.32745001484393393,0.07095973670672305,3.662522128264586e-05,12.309820358350944,30.742948621414108,nan,nan,nan
383.12,222.41712951660156,-179.7217254638672,-56.267662048339844,223.2606040936518,-180.2930799587975,-56.27358435652894,1.0187886899359724,0.32750275331432976,0.07097476200960498,3.58643001732776e-05,12.093808750722488,29.82731140687287,nan,0.2827324232760248,nan
383.13,222.40982055664062,-179.71327209472656,-56.26926040649414,223.25376350540228,-180.28463381950115,-56.27527024586113,1.0191810631438958,0.32755557948249825,0.07098985279595509,3.657694107656759e-05,12.05501482290653,29.94951705105567,nan,nan,nan
383.14,222.40248107910156,-179.70480346679688,-56.27082824707031,223.246875212424,-180.27615199314906,-56.27598105922587,1.0195426143262716,0.32760848942983756,0.07100500474069273,3.5819279028109466e-05,11.7616080885229,29.582086803375535,nan,0.6001116529565845,nan
383.15000000000003,222.3951416015625,-179.69635009765625,-56.27236557006836,223.20426380473634,-180.25646300205838,-56.27760939842839,0.984089784055578,0.3275392777251425,0.07099585764738199,3.650899761508513e-05,12.025757192787697,28.553838728203218,10.913373618784906,nan,nan
383.16,222.38778686523438,-179.68789672851562,-56.273868560791016,223.1972680230702,-180.24795370021164,-56.27755969605868,0.9843460676591804,0.32759196102340393,0.07101103362872867,3.57553439142474e-05,11.605403903111714,28.205136933380643,nan,1.806003596761667,nan
383.17,222.3804168701172,-179.67942810058594,-56.27534484863281,223.19031789879122,-180.23950550806146,-56.27909887671647,0.9847032402397223,0.32764473176777875,0.07102627505495616,3.646618738483964e-05,11.564212688198852,27.483905560271488,nan,nan,nan
383.18,222.37303161621094,-179.6709747314453,-56.276790618896484,223.1833078560932,-180.23100863402246,-56.27925460811863,0.9849830598525048,0.3276975863914116,0.07104157809931087,3.571548315723125e-05,11.299852759261636,28.032979522861503,nan,1.2432113296242246,nan
383.19,222.3656463623047,-179.6625213623047,-56.27820587158203,223.17633297230302,-180.2225609737757,-56.2807233825177,0.9853240502030256,0.3277505286640204,0.07105694676033679,3.642596317106491e-05,11.256678078632499,27.499109308041668,nan,nan,nan
383.2,222.3582305908203,-179.65406799316406,-56.27959442138672,223.1955868960611,-180.22691986064478,-56.281398168169005,1.0145580799072502,0.3276812161306614,0.07104787006898991,3.5656627494668834e-05,11.366887246355978,28.891664622275673,6.929595626819407,0.4161677110683085,nan
383.21000000000004,222.35081481933594,-179.64559936523438,-56.28095626831055,223.18863122149853,-180.21849652137107,-56.28280501824572,1.014963493490526,0.32773393134730666,0.07106326204240479,3.636591950160439e-05,11.324498545845493,27.647362521732955,nan,nan,nan
383.22,222.34339904785156,-179.63714599609375,-56.282291412353516,223.18160620969218,-180.21001496173736,-56.28246648931281,1.0152685007476674,0.32778673053190255,0.07107871606910678,3.5621563701317405e-05,11.185516785702388,27.705158222462646,nan,2.012639814784187,nan
383.23,222.33595275878906,-179.62869262695312,-56.283599853515625,223.17462713100164,-180.2015924469438,-56.283803800439195,1.0156716733009088,0.32783961712930026,0.07109423570178598,3.6330608107880545e-05,11.13950430242694,28.35290824437369,nan,nan,nan
383.24,222.3284912109375,-179.6202392578125,-56.28487777709961,223.16772135267144,-180.19325603950907,-56.287705728740406,1.0162005019734708,0.3278925880616265,0.07110981777940864,3.558876626123455e-05,11.316912412860434,28.699199686106795,nan,4.578560913907994,nan
383.25,222.32102966308594,-179.61178588867188,-56.286136627197266,223.16243991958018,-180.18856485371182,-56.28884194972519,1.0201237733805846,0.3278231784751864,0.07110081063268418,3.6275384427140485e-05,11.549682319137423,28.160228122774843,2.5727382058088883,nan,nan
383.26,222.3135528564453,-179.60333251953125,-56.2873649597168,223.15541412039804,-180.18014223084396,-56.28962957706877,1.0205121063958393,0.32787592210687233,0.07111641550262503,3.553680705108092e-05,11.446919602198108,28.213109249828353,nan,0.16912112970613244,nan
383.27,222.3060760498047,-179.59486389160156,-56.288570404052734,223.148393050094,-180.17173593858575,-56.290885537905126,1.0209234287706759,0.32792875292488916,0.07113208598395768,3.624462205732323e-05,11.407248095170981,27.02976895498279,nan,nan,nan
383.28000000000003,222.29856872558594,-179.58641052246094,-56.28975296020508,223.14134868369115,-180.1633175895105,-56.29172072928908,1.0213244802268928,0.3279816681502015,0.0711478193127874,3.550829649936985e-05,11.323295276650066,28.356257319498646,nan,0.10832908861121371,nan
383.29,222.2910614013672,-179.5779571533203,-56.29091262817383,223.13430588353944,-180.154911951503,-56.292926703765026,1.021734873810459,0.3280346707779988,0.07116361844874118,3.621600568740458e-05,11.281787424472913,27.83821405249968,nan,nan,nan
383.3,222.28355407714844,-179.5695037841797,-56.292049407958984,223.1333098417747,-180.15241190572982,-56.294543699641345,1.0304722020392632,0.32796516136972526,0.07115467319051798,3.546052701128156e-05,11.643111509606362,27.672635451906267,2.718525228113502,0.22561457284451938,nan
383.31,222.27601623535156,-179.56105041503906,-56.29315948486328,223.1262567531133,-180.14402561846993,-56.29570856012991,1.0309100463395005,0.3280179363054028,0.07117049437486017,3.616729483959534e-05,11.603075053745156,28.420162688779104,nan,nan,nan
383.32,222.2684783935547,-179.55259704589844,-56.29425048828125,223.11914331757617,-180.1355910550847,-56.29517936227741,1.0312680013044337,0.328070795710048,0.07118637878759984,3.543597174549166e-05,11.404166770263052,27.74580817584109,nan,1.9264984957891438,nan
383.33,222.26092529296875,-179.5441436767578,-56.29532241821289,223.11206948715724,-180.1272055577341,-56.296285463954455,1.0317017610751111,0.32812374230516045,0.07120232903649582,3.614272006214031e-05,11.361924457306644,27.85510569145321,nan,nan,nan
383.34000000000003,222.2533721923828,-179.53570556640625,-56.29636764526367,223.10495420720292,-180.11879021449076,-56.29629608130581,1.0320754041824236,0.32817677372352516,0.07121834288348729,3.541328090934462e-05,11.292075041556762,28.063204422597614,nan,0.7967439304921506,nan
383.35,222.2458038330078,-179.52725219726562,-56.297393798828125,223.10080740672325,-180.10468492953234,-56.29732973953364,1.031726550721054,0.3281071675233693,0.07120945758369863,3.6097946745405404e-05,10.651701991765687,27.618864484428993,5.20440923723577,nan,nan
383.36,222.23822021484375,-179.518798828125,-56.29840087890625,223.0937302229146,-180.09629503621377,-56.299221156816415,1.0321821143200103,0.3281599709952354,0.07122549289192079,3.537114817706517e-05,10.627947823156491,27.76271209621269,nan,0.5067053111309718,nan
383.37,222.23062133789062,-179.51034545898438,-56.29938888549805,223.0866188228818,-180.08788210081855,-56.300245556374215,1.0326088324517202,0.3282128614544928,0.0712415940786263,3.607708554151312e-05,10.58668552477191,27.89915218676217,nan,nan,nan
383.38,222.2230224609375,-179.50189208984375,-56.30035400390625,223.07954482091824,-180.07951437418566,-56.30295687571746,1.0330947833848638,0.3282658367835411,0.07125775921593053,3.5351952308820154e-05,10.715981817120639,27.649611946348493,nan,2.013034542058917,nan
383.39,222.2154083251953,-179.49343872070312,-56.301300048828125,223.07241427389093,-180.07110228157765,-56.3039609394764,1.0335189722501237,0.328318899328418,0.0712739904480267,3.605797224441281e-05,10.678790262239463,27.799970592608894,nan,nan,nan
383.40000000000003,222.20779418945312,-179.48500061035156,-56.30223083496094,223.06904816860487,-180.0667048346348,-56.304986730488,1.0393006379839436,0.32824919425783056,0.07126515825805385,3.531321176262971e-05,10.89239142679,28.184900889984092,0.8910211922114001,0.0003184463977778987,nan
383.41,222.20016479492188,-179.47654724121094,-56.303138732910156,223.06190575030587,-180.05830639056222,-56.30595590875449,1.0397351194029114,0.3283020284792887,0.07128141018556722,3.601846881355497e-05,10.856365146568342,27.73982926123801,nan,nan,nan
383.42,222.19253540039062,-179.4680938720703,-56.30403137207031,223.05470043100362,-180.04985803488972,-56.30486046716061,1.0400859428679694,0.3283549476072387,0.07129772639730447,3.529721454335489e-05,10.614750511461118,27.060927750468572,nan,2.9102306710011425,nan
383.43,222.18487548828125,-179.45965576171875,-56.30490493774414,223.04753957213953,-180.0414600792598,-56.305775806369816,1.0405221496443995,0.32840795376112236,0.07131410876571996,3.600261664685666e-05,10.573766478290942,28.56608542378769,nan,nan,nan
383.44,222.17723083496094,-179.45120239257812,-56.305763244628906,223.04033535007204,-180.03303043819827,-56.30532300636134,1.0409003182269954,0.32846104516420105,0.0713305557693761,3.528272157157083e-05,10.517984685102359,26.794344940108274,nan,1.2686593503859103,nan
383.45,222.16961669921875,-179.4427490234375,-56.306602478027344,223.0491887430363,-180.0344927334259,-56.30620287373789,1.0600979946494606,0.32839124363089117,0.07132177391500669,3.596626863147151e-05,10.807179917093398,28.24116826951865,3.875880011660586,nan,nan
383.46000000000004,222.162109375,-179.43431091308594,-56.30742645263672,223.04218722271824,-180.02615999938575,-56.308865692257726,1.0605774042515639,0.32844410644756583,0.0713382409648772,3.52484986504144e-05,10.821959665824853,28.572405882253037,nan,2.2794951498534575,nan
383.47,222.1547393798828,-179.4258575439453,-56.308231353759766,223.035252676064,-180.01778652559116,-56.30972119254565,1.0609834134819305,0.32849705610832375,0.07135477424395857,3.5953387818737356e-05,10.787801150755138,27.34428631037315,nan,nan,nan
383.48,222.14749145507812,-179.41741943359375,-56.30902099609375,223.02843038913932,-180.009397768406,-56.30986781848225,1.061363496423397,0.32855009104123134,0.0713713724674812,3.523679782002039e-05,10.707921852940114,28.40844978346392,nan,0.33517735337813775,nan
383.49,222.14022827148438,-179.40896606445312,-56.30990219116211,223.0216847478131,-180.00102411445593,-56.31073922909681,1.0618375369459778,0.3286032130577706,0.07138803715390564,3.594190240725638e-05,10.667616178394622,27.70276660371473,nan,nan,nan
383.5,222.13294982910156,-179.4005126953125,-56.31087112426758,223.00091645687712,-179.98884666084038,-56.31301107017305,1.0485740323383537,0.32853331355557985,0.071379299406128,3.520526650477942e-05,10.895884501431397,27.35919250988779,1.748785031219456,1.168456626428315,nan
383.51,222.1256561279297,-179.39207458496094,-56.311927795410156,222.99412019053116,-179.98047366573448,-56.31407508345168,1.0490223625506472,0.32858620662232085,0.07139598334913809,3.590973246177409e-05,10.853567767700909,28.026941484352864,nan,nan,nan
383.52,222.1183624267578,-179.3836212158203,-56.31306838989258,222.98727861133636,-179.9720726639918,-56.313831532559455,1.0494241397377948,0.3286391849752912,0.07141273252950897,3.519609849754397e-05,10.703044731848724,26.710467628548738,nan,1.3599628540332096,nan
383.53000000000003,222.1110382080078,-179.37518310546875,-56.31429672241211,222.98045533691922,-179.96369999660385,-56.31505699753264,1.0498756370228515,0.3286922502417891,0.07142954826107259,3.590082354631095e-05,10.662253955441058,27.966371166811378,nan,nan,nan
383.54,222.1037139892578,-179.36672973632812,-56.31561279296875,222.97359400862584,-179.95530565185578,-56.31524553146533,1.050291860063643,0.32874540112687495,0.0714464295654134,3.518811894843404e-05,10.611586398446414,26.666760963351884,nan,0.8809729347108088,nan
383.55,222.09637451171875,-179.35829162597656,-56.31700897216797,222.99032607019961,-179.9528064068492,-56.316509952952096,1.0735909195809057,0.32867540555355806,0.07143773250081534,3.5871129655360886e-05,10.323699427280642,28.309862804699442,5.779488189331444,nan,nan
383.56,222.08901977539062,-179.34983825683594,-56.31848907470703,222.98350114985962,-179.9444312856891,-56.317977212312755,1.0740754448528378,0.32872832787541895,0.07145463284974315,3.658956914257414e-05,10.286182210917163,27.673495002782584,nan,nan,nan
383.57,222.08164978027344,-179.34140014648438,-56.32004928588867,222.9766634076471,-179.93605641129932,-56.31952760265867,1.07455373928976,0.328781336290562,0.07147159935260072,3.732247383371043e-05,10.24747249903898,28.409872377772935,nan,nan,nan
383.58,222.0742645263672,-179.33294677734375,-56.32168960571289,222.96975003142197,-179.92762765664204,-56.31812641704342,1.0749662014592367,0.3288344302754239,0.0714886316626306,3.6524981969372696e-05,10.550326420397804,28.176788637770137,nan,5.957020734711777,nan
383.59000000000003,222.06687927246094,-179.3245086669922,-56.32341003417969,222.96288738211544,-179.91925307889554,-56.31981017512485,1.0754368447482678,0.3288876113108879,0.07150573090616581,3.7256463481455686e-05,10.51240472159053,28.27118600356931,nan,nan,nan
383.6,222.05947875976562,-179.31605529785156,-56.32521057128906,222.95136849177626,-179.90809869261017,-56.32138695907774,1.0705126320383362,0.3288175185806028,0.0714970687255541,3.6440239285904334e-05,10.465760760524002,27.590779048874232,0.30859752361388587,0.026780937279166712,nan
383.61,222.05206298828125,-179.3076171875,-56.32708740234375,222.94447380960847,-179.89971825597857,-56.32322849499861,1.070978823544743,0.32887047004489056,0.07151418570408151,3.7169465525411e-05,10.427220632966103,28.370032411638924,nan,nan,nan
383.62,222.0446319580078,-179.29916381835938,-56.329044342041016,222.93761457070474,-179.8913777018292,-56.32757093719505,1.0715117364150968,0.3289235070815607,0.0715313687552077,3.638068808008189e-05,10.04964532797922,27.39869730737355,nan,3.828854879099059,nan
383.63,222.0371856689453,-179.2907257080078,-56.33107376098633,222.93069628304215,-179.88299803120282,-56.32959270360786,1.0719841024275867,0.32897663100733104,0.07154861884146045,3.7108672390738856e-05,10.011405026498263,28.237796160346353,nan,nan,nan
383.64,222.0297393798828,-179.28228759765625,-56.33317947387695,222.92376390137755,-179.87461674061373,-56.33155803495754,1.0724440720591528,0.32902984083258,0.07156593532600523,3.632355232037521e-05,9.987585322492885,27.6849749261043,nan,0.011605729161774112,nan
383.65000000000003,222.02227783203125,-179.27383422851562,-56.335323333740234,222.90518067752936,-179.85377755922815,-56.333670272100214,1.0563401128610892,0.32895965252527204,0.07155730418816802,3.702701172342058e-05,9.349575531383966,26.648850696314234,7.650175510278594,nan,nan
383.66,222.01480102539062,-179.26539611816406,-56.337459564208984,222.89820922033212,-179.84536190333844,-56.33593930233346,1.0567746505565396,0.32901263250630436,0.07157463765135494,3.624639855246654e-05,9.302774567927854,27.517383075672882,nan,0.006529011109652374,nan
383.67,222.00732421875,-179.2569580078125,-56.33957290649414,222.89122471126393,-179.8369451450406,-56.33809732673278,1.0571978704821772,0.3290656992224399,0.07159203825857346,3.697122627743525e-05,9.261694969619226,26.986575630536553,nan,nan,nan
383.68,221.99981689453125,-179.24850463867188,-56.34165573120117,222.88422297669604,-179.8285238740531,-56.3398792462559,1.0576386847506358,0.3291188518279302,0.07160950551025402,3.619401528449951e-05,9.254616473221008,27.004394855827318,nan,0.08052402876107469,nan
383.69,221.99232482910156,-179.2400665283203,-56.34370040893555,222.87721649767835,-179.82010801896834,-56.34197385111431,1.0580568874080936,0.3291720914232963,0.07162704016325788,3.691783856235707e-05,9.21262048259173,26.59984184232956,nan,nan,nan
383.7,221.98480224609375,-179.23162841796875,-56.34571075439453,222.8143974633838,-179.7935383444875,-56.34404323630136,1.0019849153991522,0.32910180679668405,0.07161843458600989,3.612169570750427e-05,9.424939692898718,25.362224898145605,25.398502766142123,0.00039365239534527066,nan
383.71000000000004,221.97727966308594,-179.2231903076172,-56.347679138183594,222.80727898784647,-179.7851116937218,-56.34606434878306,1.0023258605909982,0.32915481620451703,0.071635985372947,3.684368130869645e-05,9.382407340053152,24.983043793218116,nan,nan,nan
383.72,221.96974182128906,-179.21475219726562,-56.349609375,222.80030140487597,-179.7758753392341,-56.34884543616102,1.0023417510725392,0.329173234052733,0.07042866914885612,3.6072854641414844e-05,12.042552666834396,27.792238981503694,nan,0.4216807694004689,0.0005493566451903281
383.73,221.96218872070312,-179.206298828125,-56.35150146484375,222.7931628841496,-179.76744803517784,-56.35079942655769,1.0026998482843037,0.3292261037257123,0.07044218462160115,3.679396261038026e-05,11.989770069086395,27.221405189146676,nan,nan,nan
383.74,221.9546356201172,-179.19786071777344,-56.353355407714844,222.7860183558161,-179.75903782792608,-56.35310946610955,1.0030538682766592,0.32927905839405075,0.07045575771148331,3.602722695912967e-05,11.927154977367222,27.464088951712103,nan,0.10279689869040333,nan
383.75,221.9470672607422,-179.18942260742188,-56.35517120361328,222.7657932374757,-179.7502785771228,-56.35492064984942,0.992407026629992,0.32920950179456987,0.0704457789945795,3.672459672506453e-05,12.420652723749065,27.208896324826224,5.276231738239566,nan,nan
383.76,221.93948364257812,-179.1809844970703,-56.35695266723633,222.75861321744586,-179.74190342493947,-56.35755015530401,0.9927757355298629,0.32926222986145776,0.0704593793512715,3.596171339126605e-05,12.378182155731633,27.291262912044232,nan,0.4080712966244952,nan
383.77,221.93190002441406,-179.17254638671875,-56.358699798583984,222.75141513401618,-179.7334964481712,-56.359371077938135,0.9931114926963897,0.3293150430562079,0.0704730427003346,3.668040886606642e-05,12.330576931410773,26.841577908422103,nan,nan,nan
383.78000000000003,221.92430114746094,-179.1641082763672,-56.360408782958984,222.7442330994151,-179.7251943857515,-56.363742473026576,0.9935376900092329,0.32936794120895124,0.07048676419336684,3.592032070582202e-05,12.577759347579867,27.356318394032563,nan,4.4734228888633085,nan
383.79,221.91668701171875,-179.15567016601562,-56.36208724975586,222.7370154023135,-179.71678853570654,-56.36552157542174,0.9938834377396203,0.3294209247627151,0.0705005488325117,3.663835544481705e-05,12.540443054048206,27.39449215053035,nan,nan,nan
383.8,221.90907287597656,-179.14723205566406,-56.363731384277344,222.69863751651857,-179.70073617072345,-56.365550205046006,0.9642522673506626,0.32935127570671663,0.07049067302312997,3.58590741491821e-05,12.822932274452803,25.965164251013398,10.896875404032476,2.113054334195545,nan
383.81,221.90145874023438,-179.1387939453125,-56.36534118652344,222.69135185248516,-179.69234046038852,-56.36724762845231,0.9645457519759549,0.3294040323387561,0.070504484383112,3.657561138633339e-05,12.781539966011154,25.653937230750245,nan,nan,nan
383.82,221.89381408691406,-179.13035583496094,-56.366920471191406,222.6840557019633,-179.68394007454864,-56.368782387323776,0.9648527282477958,0.32945687388667816,0.07051835438823136,3.582169873541819e-05,12.72974204458231,26.228015314167305,nan,0.011574981406560903,nan
383.83,221.88616943359375,-179.12191772460938,-56.368465423583984,222.67675165563753,-179.6755448826894,-56.370416200789,0.9651565082965273,0.32950980074164243,0.07053228752111063,3.653769650809951e-05,12.688529023955732,25.983612044458305,nan,nan,nan
383.84000000000003,221.87852478027344,-179.11349487304688,-56.3699836730957,222.66943972488284,-179.66715503461847,-56.37215752472516,0.9654484707890334,0.32956281281408406,0.0705462797082031,3.578624155107712e-05,12.666832058440155,26.174082149372612,nan,0.012778289880530444,nan
383.85,221.87086486816406,-179.1050567626953,-56.37146759033203,222.6770150075229,-179.6604424186227,-56.37365018706564,0.9789463916510736,0.32949307180697973,0.07053650737326464,3.6479106087341644e-05,12.174479934609588,26.18529591274637,4.522174813417446,nan,nan
383.86,221.86318969726562,-179.09661865234375,-56.3729248046875,222.6697074110726,-179.6520368373722,-56.37526988974605,0.9792679318596521,0.32954585666217934,0.07055052597462376,3.5730918131711465e-05,12.14971685699451,26.269671413796587,nan,0.003770964687536887,nan
383.87,221.8555145263672,-179.0881805419922,-56.374351501464844,222.66239052239763,-179.64362884360384,-56.37678727712747,0.9795803293944099,0.3295987267333096,0.07056460770260146,3.644510082630986e-05,12.111117172060192,25.973354161014957,nan,nan,nan
383.88,221.8478240966797,-179.07974243164062,-56.37575149536133,222.65504818391733,-179.6351453535757,-56.376118981427375,0.9798383885910303,0.32965168197368616,0.07057874895151726,3.569916275947549e-05,11.904605313429533,25.907971730939927,nan,3.157915433944111,nan
383.89,221.84011840820312,-179.07130432128906,-56.37712097167969,222.64771402578936,-179.62673802192586,-56.37755995893495,0.9801619611357004,0.32970472270814977,0.070592953506085,3.641295959965053e-05,11.858553772112986,26.146981816997048,nan,nan,nan
383.90000000000003,221.83241271972656,-179.06288146972656,-56.37846755981445,222.62975762090093,-179.60834774561675,-56.380466023590515,0.966072638790554,0.32963488976863325,0.07058327654379692,3.564753805344329e-05,11.350745288725676,26.27134210537732,6.496791147951824,1.4433385524046738,nan
383.91,221.82470703125,-179.054443359375,-56.379783630371094,222.62238702086228,-179.59990775658838,-56.38186931471667,0.9663483453363944,0.3296877029718097,0.07059750694275055,3.63601074038996e-05,11.311732441187425,25.354641798617326,nan,nan,nan
383.92,221.81698608398438,-179.04600524902344,-56.381072998046875,222.61501680361874,-179.5915088056386,-56.384477703962695,0.9666637221817679,0.32974060129225696,0.07061179730629996,3.5619267231255115e-05,11.470887055134297,25.731157820886843,nan,1.0320020461360362,nan
383.93,221.8092498779297,-179.03758239746094,-56.38233947753906,222.60762982574693,-179.58306940323936,-56.38584242235359,0.9669430620114833,0.32979358501976686,0.07062615099983738,3.633154737845596e-05,11.435029105254145,26.529276064536496,nan,nan,nan
383.94,221.801513671875,-179.02914428710938,-56.38357925415039,222.60023963152997,-179.57465258555771,-56.38787728101157,0.9672439895588189,0.3298466541619572,0.07064056504351515,3.559265680034265e-05,11.570208323912347,25.7354343660609,nan,0.3292287299500403,nan
383.95,221.7937774658203,-179.0207061767578,-56.38479232788086,222.56604621348447,-179.55987324058228,-56.389298616174706,0.9418707172250588,0.32977672968942595,0.07063098272326032,3.628226106282625e-05,12.022665672126367,24.90960336324436,8.211109321874066,nan,nan
383.96000000000004,221.78602600097656,-179.0122833251953,-56.385986328125,222.55860472711788,-179.55149756677207,-56.392356683806554,0.942162654660463,0.32982957100333943,0.07064542223015327,3.5546121245893196e-05,12.557390642857275,26.17990373274726,nan,2.1101238542547667,nan
383.97,221.77825927734375,-179.00384521484375,-56.38715362548828,222.55114428158086,-179.54306733024498,-56.39365306366413,0.942419207258096,0.3298824976392418,0.07065992510601367,3.625705852393448e-05,12.535062376829355,25.778374602199236,nan,nan,nan
383.98,221.77049255371094,-178.9954071044922,-56.38829803466797,222.5436826216201,-179.53467118893298,-56.39605374859095,0.9427029144855661,0.32993550963311324,0.07067448874506177,3.552268592985336e-05,13.018054571514305,25.99568001705358,nan,0.8696989225390434,nan
383.99,221.76271057128906,-178.9869842529297,-56.3894157409668,222.5362066642499,-179.52624122602288,-56.39731684554818,0.942951067823203,0.3299886072308613,0.07068911595434915,3.6233453640574775e-05,13.000847202979589,26.976017017292573,nan,nan,nan
384.0,221.7549285888672,-178.97854614257812,-56.3905143737793,222.54595217360867,-179.52159700922056,-56.39782733639501,0.9595186474480722,0.32991859133860096,0.07067962109982688,3.547929901946446e-05,12.453410003135087,26.099241131721033,3.5389540546472995,0.30518706618267255,nan
384.01,221.7471466064453,-178.97012329101562,-56.39159393310547,222.53848836179313,-179.51316121944294,-56.399039969379565,0.959774665702206,0.3299714607991738,0.07069427317657473,3.6189050063919246e-05,12.43251283224669,26.41799891280784,nan,nan,nan
384.02,221.73934936523438,-178.96168518066406,-56.39264678955078,222.53100626694075,-179.5046658419597,-56.39811638818715,0.9599888359088532,0.3300244155580632,0.07070898640907185,3.545882969091699e-05,11.699951109118013,25.37074922387739,nan,3.0775487107744954,nan
384.03000000000003,221.73153686523438,-178.95326232910156,-56.39368438720703,222.52352802720745,-179.4962306166886,-56.39926731177702,0.9602581585258224,0.3300774558385763,0.07072376327248363,3.616848674753973e-05,11.672274021852918,26.108946165022413,nan,nan,nan
384.04,221.72372436523438,-178.94482421875,-56.39469528198242,222.51604539268882,-179.48781067252202,-56.40095021404687,0.9605446495095968,0.33013058171173715,0.07073860165671224,3.543977092960748e-05,11.870654237099261,25.536754842251526,nan,0.20965431219781738,nan
384.05,221.71591186523438,-178.9364013671875,-56.39569091796875,222.5100064896736,-179.48232654361874,-56.40204206360278,0.9636705390721555,0.330060474730255,0.07072919248583014,3.61270899918769e-05,12.081657664114658,25.80907246741749,0.8356103205824442,nan,nan
384.06,221.7080841064453,-178.927978515625,-56.396663665771484,222.50251166884078,-179.47391190301238,-56.40343449936317,0.9639524156022391,0.33011337216870773,0.07074405528643822,3.540067708233963e-05,12.21537949233423,26.252429330885455,nan,0.059998429661039056,nan
384.07,221.70025634765625,-178.91954040527344,-56.39761734008789,222.49500872789955,-179.46548981380732,-56.40451624485491,0.964230106078351,0.3301663550477516,0.07075898179075794,3.610935651539025e-05,12.19566085505291,25.313979734690797,nan,nan,nan
384.08,221.69241333007812,-178.91111755371094,-56.39855194091797,222.48750476728137,-179.45710182452217,-56.40690527064358,0.9645408211188842,0.3302194234561606,0.07077397018161598,3.5384290974394826e-05,12.805247873253846,26.841632795561363,nan,1.2134941994699313,nan
384.09000000000003,221.6845703125,-178.90267944335938,-56.399471282958984,222.4799887067322,-179.44868022485898,-56.40796388124063,0.9648209157696986,0.3302725775897655,0.0707890224966723,3.6092967231873167e-05,12.789143680180029,25.822207188840526,nan,nan,nan
384.1,221.6767120361328,-178.89425659179688,-56.400367736816406,222.43912580748608,-179.42357473891624,-56.407312899021655,0.9281706173420109,0.3302023796949886,0.07077969255356992,3.534782930332467e-05,11.816615268038126,25.497119724734276,11.514733989458529,2.0566829459024936,nan
384.11,221.66885375976562,-178.88583374023438,-56.401248931884766,222.43154119428257,-179.41512227337464,-56.408320466957996,0.9283794917446768,0.3302553050892788,0.0707947686615126,3.6055649770717184e-05,11.795164764583221,25.16544135739648,nan,nan,nan
384.12,221.66099548339844,-178.87741088867188,-56.4021110534668,222.42394220223474,-179.40661773894166,-56.40710370656667,0.9285324510971744,0.3303083159473477,0.07080990700373545,3.533392048885411e-05,11.070397648632746,24.267615903801747,nan,3.376221574143304,nan
384.13,221.6531219482422,-178.8689727783203,-56.402957916259766,222.4163448618599,-179.39816608031083,-56.408056846022646,0.9287522628922421,0.3303614124513968,0.07082510936097189,3.6041795681436994e-05,11.04429052696375,23.742212136660292,nan,nan,nan
384.14,221.6453094482422,-178.8605499267578,-56.403785705566406,222.40877570832737,-179.3897061988478,-56.408624781409486,0.9289297644255086,0.33041459471135537,0.07084037430005821,3.532118784654481e-05,10.943861410622025,24.493096972385164,nan,0.09449122602296886,nan
384.15000000000003,221.6376190185547,-178.8521270751953,-56.404598236083984,222.42075484681092,-179.38739117548582,-56.40951224465451,0.9485955566196868,0.33034430619206673,0.07083112096576535,3.600696790470951e-05,10.781654237537564,24.464092229511675,3.2354303880376696,nan,nan
384.16,221.62991333007812,-178.8437042236328,-56.40550231933594,222.41335057284073,-179.37890328866536,-56.408713715956075,0.94880043509024,0.3303972594153756,0.07084640918135453,3.528828085108486e-05,10.360847578671825,24.204714104359176,nan,2.135499680156347,nan
384.17,221.62220764160156,-178.83526611328125,-56.406490325927734,222.40594332229108,-179.37045420811648,-56.409741476155375,0.949040823156218,0.33045029820609645,0.07086176151247539,3.599545406860859e-05,10.321656680886745,23.344875303064924,nan,nan,nan
384.18,221.61447143554688,-178.82684326171875,-56.407569885253906,222.39852151192954,-179.36195573525856,-56.40852941002797,0.949252759965099,0.3305034226843798,0.0708771767499701,3.5277755451879785e-05,10.011588582690061,24.297473225242484,nan,3.767504727394162,nan
384.19,221.60675048828125,-178.81842041015625,-56.40873336791992,222.3910979271484,-179.35350688193617,-56.40971046525126,0.949483750181395,0.33055663301659677,0.07089265633977726,3.598505024707506e-05,9.970507323131454,23.58149425741137,nan,nan,nan
384.2,221.59901428222656,-178.80999755859375,-56.40998077392578,222.408218160033,-179.35201833140255,-56.410395112510216,0.9739597556827818,0.33048625408829796,0.07088347370454853,3.524700849251375e-05,9.686965454546636,24.424200375078446,5.377734612899822,0.24860402321896022,nan
384.21000000000004,221.5912628173828,-178.80157470703125,-56.41131591796875,222.40081773736966,-179.34356915191262,-56.41174340461964,0.9742367933423663,0.3305392350828869,0.07089897591792926,3.595356705387539e-05,9.645933845571486,24.527938484094857,nan,nan,nan
384.22,221.58351135253906,-178.79315185546875,-56.4127311706543,222.39340772471945,-179.33510305463898,-56.412299852061764,0.9744964966528781,0.3305923016948845,0.07091454134660634,3.523851257685084e-05,9.605377488991616,24.32662220903746,nan,0.5352684136641882,nan
384.23,221.57574462890625,-178.7847137451172,-56.41423034667969,222.38599206870526,-179.32665449116678,-56.41380818490097,0.974782470169735,0.33064545408328255,0.07093017124263884,3.594523609056087e-05,9.565574409158826,23.794388165167632,nan,nan,nan
384.24,221.56797790527344,-178.7762908935547,-56.415809631347656,222.37857308449387,-179.31824809267738,-56.41761793558731,0.9750822633093752,0.3306986923797044,0.07094586468687611,3.523097898703294e-05,9.613137078089588,24.30605784109218,nan,3.429500847621974,nan
384.25,221.56021118164062,-178.7678680419922,-56.41747283935547,222.38059234566595,-179.313367362314,-56.41922456246986,0.9851892362855885,0.33062822330875,0.070936749478983,3.591577610329019e-05,9.570732273232878,24.126350098215728,1.0747061169203767,nan,nan
384.26,221.55242919921875,-178.7594451904297,-56.419212341308594,222.3731707514218,-179.3049379521485,-56.42180581728541,0.9854875822241188,0.33068123197099036,0.07095246496956455,3.520311923618243e-05,9.63665609500932,24.55857404840237,nan,0.4546752240784829,nan
384.27,221.5446319580078,-178.7510223388672,-56.4210319519043,222.3657404806859,-179.2964941342055,-56.42366797081682,0.9857817375666323,0.3307343263323044,0.07096824504998052,3.590934290738717e-05,9.599366486804623,24.7304165679949,nan,nan,nan
384.28000000000003,221.53683471679688,-178.7425994873047,-56.42292785644531,222.3583067226863,-179.28809275147805,-56.428038828883636,0.9861061199271507,0.3307875065293993,0.0709840889677065,3.519737300157125e-05,10.108762839977484,25.02698373983793,nan,4.120323688539527,nan
384.29,221.52903747558594,-178.7341766357422,-56.42490005493164,222.35086221351423,-179.27964963883377,-56.430082569985096,0.9863891500999723,0.33084077271338763,0.07099999772558725,3.590380898634782e-05,10.07591032786067,24.756673235873983,nan,nan,nan
384.3,221.52122497558594,-178.7257537841797,-56.42694854736328,222.3445533538426,-179.28625520272644,-56.43271191884072,0.9960244349846292,0.33077021373874554,0.07099094443639871,3.517125212115344e-05,11.50132932051148,25.09618747250552,24.77158423095318,0.24197187503890047,nan
384.31,221.51339721679688,-178.7173309326172,-56.429073333740234,222.33710081877882,-179.2778783589156,-56.43491360189337,0.9963609535604521,0.3308232499906992,0.07100687455678352,3.587703796273428e-05,11.468622358297013,25.275489844649112,nan,nan,nan
384.32,221.5055694580078,-178.7089080810547,-56.43122863769531,222.32964225590104,-179.26951159621026,-56.437781953858824,0.9967021738639346,0.33087637200476355,0.07102286879018785,3.516713534530439e-05,11.70052405971007,25.376997181863835,nan,0.26121595595020203,nan
384.33,221.49774169921875,-178.7004852294922,-56.43338394165039,222.32217627454781,-179.26113556496557,-56.44006092827968,0.9970284598821036,0.33092957992883415,0.07103892799750944,3.587316520332344e-05,11.683961260744072,24.941088647937036,nan,nan,nan
384.34000000000003,221.48989868164062,-178.69207763671875,-56.43551254272461,222.31470218210342,-179.25273506620925,-56.44067445137823,0.9973285381054348,0.33098287390463726,0.07105505163873484,3.5163790714188375e-05,11.159371921008331,25.40004790628325,nan,1.9096046644298588,nan
384.35,221.4820556640625,-178.68365478515625,-56.43760681152344,222.31652228715507,-179.25335742323466,-56.44297222074873,1.0104080504950304,0.33091222528341996,0.07104605649903968,3.5848006400552234e-05,11.65843036912258,24.93218167287405,4.477056297154384,nan,nan
384.36,221.47421264648438,-178.67523193359375,-56.439666748046875,222.30905461920943,-179.24503910710993,-56.44714893552931,1.010790441952975,0.3309652890318691,0.07106220086894222,3.513996798139366e-05,12.411286493879489,25.34714250994992,nan,2.7643118926026102,nan
384.37,221.4663543701172,-178.66680908203125,-56.441688537597656,222.30157909098796,-179.23669262857476,-56.44932187384648,1.011150759677779,0.33101843861331254,0.07107841035188595,3.5845641133195084e-05,12.406351682978684,25.56880831852375,nan,nan,nan
384.38,221.45849609375,-178.6584014892578,-56.44367218017578,222.29409566729365,-179.22829858833322,-56.447963861610944,1.0114483523000206,0.33107167417123623,0.07109468452774517,3.5138041046306146e-05,11.26676498266395,24.763349608896164,nan,8.546082002980658,nan
384.39,221.45062255859375,-178.6499786376953,-56.445613861083984,222.28660794004384,-179.21995280078485,-56.45002601029373,1.0118110355439487,0.3311249958508042,0.07111102407796879,3.5843990086142e-05,11.24863106264116,24.508859189086767,nan,nan,nan
384.40000000000003,221.4427490234375,-178.6415557861328,-56.4475212097168,222.2522341217025,-179.19762828589717,-56.45324714941915,0.9820975184230573,0.3310542578346805,0.07110208186258947,3.511559013025669e-05,11.317962626933358,23.746694920606433,7.934713152533682,1.0849030616748159,nan
384.41,221.4348602294922,-178.6331329345703,-56.44938659667969,222.2446895751077,-179.18925547943508,-56.455245972391886,0.98241039602127,0.33110734899179645,0.07111844142553345,3.582094863326413e-05,11.30567079518003,24.13712882229583,nan,nan,nan
384.42,221.42697143554688,-178.62472534179688,-56.45121765136719,222.23713905106487,-179.18087953220547,-56.456930689264475,0.9827063078789965,0.33116052604899665,0.07113486592900806,3.5114943786869595e-05,11.238731868635766,24.384237477586307,nan,0.054129205067131134,nan
384.43,221.41908264160156,-178.61630249023438,-56.45301055908203,222.22958267586853,-179.17250736899447,-56.45885464839533,0.9830098301050657,0.3312137891508269,0.07115135595431796,3.582060072977055e-05,11.226440759268932,23.578675897427143,nan,nan,nan
384.44,221.4111785888672,-178.60789489746094,-56.454769134521484,222.22202036976313,-179.16414094520812,-56.46120893759553,0.9833186311387031,0.33126713844175776,0.07116791123141254,3.511490448362513e-05,11.416298784038942,24.608422135217467,nan,0.15201788778442576,nan
384.45,221.4032745361328,-178.59947204589844,-56.45648956298828,222.22434594694943,-179.15329273330596,-56.46305507496042,0.9904134093439886,0.3311963112871458,0.07115901780225663,3.579881754202477e-05,10.888677213373558,24.10221451099282,4.555372249324405,nan,nan
384.46000000000004,221.39537048339844,-178.59104919433594,-56.45817947387695,222.21678684986142,-179.1448981121131,-56.46479804000025,0.9907155374948581,0.3312494297618849,0.07117559240564214,3.509424368837814e-05,10.897324767816142,23.764933054849283,nan,0.004744264230510886,nan
384.47,221.387451171875,-178.5826416015625,-56.459835052490234,222.20922208597523,-179.1365048939026,-56.46658941320785,0.9910184676642784,0.3313026342038743,0.07119223268184233,3.5799640859888195e-05,10.886658366682855,24.689215215978667,nan,nan,nan
384.48,221.37953186035156,-178.57421875,-56.461456298828125,222.20165156521983,-179.12811918178286,-56.46903029028667,0.9913343849622844,0.33135592475735814,0.07120893844353933,3.509530419123887e-05,11.21169604919028,24.196002448185148,nan,0.32639972216784807,nan
384.49,221.37159729003906,-178.56581115722656,-56.46304702758789,222.1940759164867,-179.11972668730516,-56.470764539828046,0.9916416012958598,0.33140930156722936,0.07122571014809657,3.5801019680257415e-05,11.204277309390664,25.05586605970101,nan,nan,nan
384.5,221.36366271972656,-178.55738830566406,-56.464603424072266,222.17924686962874,-179.10869684070227,-56.47263549930262,0.9844709851540244,0.3313383855317367,0.07121686047067181,3.5075702493454337e-05,11.37516355626549,24.250165991048693,0.46488967766366524,0.013130941099535673,nan
384.51,221.35572814941406,-178.54898071289062,-56.466129302978516,222.17164856370553,-179.10030242658775,-56.474310144335625,0.9847581838282952,0.3313915312328122,0.07123365075254331,3.5780866627733056e-05,11.3704845169003,24.645937143569157,nan,nan,nan
384.52,221.3477783203125,-178.5405731201172,-56.467628479003906,222.16404456770914,-179.09191206858364,-56.47635090512157,0.9850590355163817,0.33144476296683745,0.0712505067439971,3.50777463304333e-05,11.633020918838605,25.084181106457795,nan,0.11012937510246257,nan
384.53000000000003,221.33982849121094,-178.5321502685547,-56.469093322753906,222.15643552563859,-179.0835184678613,-56.477970824172445,0.9853591984219591,0.3314980808795515,0.07126742883504186,3.57832443553002e-05,11.632206174072556,24.349519298780432,nan,nan,nan
384.54,221.33187866210938,-178.52374267578125,-56.47053146362305,222.1488207149744,-179.0751311994829,-56.48026509924204,0.9856563120436898,0.33155148511390503,0.07128441693941326,3.508025719407558e-05,12.09534763308309,25.191258861060856,nan,0.3471461757361118,nan
384.55,221.32391357421875,-178.51531982421875,-56.47193908691406,222.12236909570484,-179.06058079360722,-56.48171219492149,0.9669210196133904,0.3314804804583735,0.07127560661124886,3.576405149943468e-05,12.13898825369753,24.332550382355183,3.566564222579987,nan,nan
384.56,221.31594848632812,-178.5069122314453,-56.47332000732422,222.11471461044601,-179.05218149901896,-56.48293712230491,0.9671806367474312,0.33153365329202955,0.07129261255761535,3.5062017303204236e-05,12.070985273793516,24.659784253066057,nan,0.06995182135097229,nan
384.57,221.3079833984375,-178.49850463867188,-56.474674224853516,222.10705483300424,-179.04378510189775,-56.48444716687748,0.9674406707970173,0.33158691222614234,0.07130968476219826,3.5767317294938836e-05,12.06859027074953,24.43662180838183,nan,nan,nan
384.58,221.30001831054688,-178.49008178710938,-56.47599792480469,222.09938996106206,-179.03538947913822,-56.48599317359517,0.9677062672276002,0.3316402574024035,0.0713268231927347,3.506536084411738e-05,12.21407611814724,23.848365052326017,nan,0.002729780027709668,nan
384.59000000000003,221.2920379638672,-178.48167419433594,-56.477298736572266,222.09172027855325,-179.02699366065679,-56.48745180633019,0.9679711822134109,0.33169368896850226,0.0713440281582554,3.577100558873159e-05,12.212128474927333,24.66671635834738,nan,nan,nan
384.6,221.28404235839844,-178.4732666015625,-56.478572845458984,222.11075339369742,-179.0199012529037,-56.49020128415977,0.9911588159919986,0.33162259595262505,0.07133525226489529,3.504791958348979e-05,12.481237918628914,26.638874949389745,12.197365189954752,1.352667090914765,nan
384.61,221.27606201171875,-178.46485900878906,-56.479820251464844,222.10311580248808,-179.0114803839498,-56.49162226082324,0.9914394525302146,0.33167579582774354,0.07135247428983249,3.575303686618496e-05,12.485483858263457,25.973782251475274,nan,nan,nan
384.62,221.26806640625,-178.45643615722656,-56.48104476928711,222.0954759092911,-179.0030468944359,-56.49105253004613,0.9917106125431348,0.3317290818647239,0.071369762745253,3.5051998960960915e-05,11.414618581204548,24.47433030630304,nan,2.722733004895791,nan
384.63,221.26007080078125,-178.44802856445312,-56.482242584228516,222.0878287555543,-178.99462672416402,-56.4924061819539,0.9919960073549416,0.33178245421277436,0.0713871178977984,3.5757471416477865e-05,11.4129665644517,24.985537257868124,nan,nan,nan
384.64,221.25205993652344,-178.4396209716797,-56.48341751098633,222.08017845685393,-178.98620085745517,-56.49274567145419,0.9922786250980217,0.3318359130112418,0.07140453977889355,3.505642937186312e-05,10.972937538371623,24.82859056231722,nan,0.6911247847974532,nan
384.65000000000003,221.2440643310547,-178.43121337890625,-56.48456954956055,222.07873088315625,-178.9776515492195,-56.49409212364103,0.9976740983856051,0.33176473190295386,0.07139579373673054,3.5740217515788774e-05,10.830232990469124,24.371265079509534,0.9073308902486021,nan,nan
384.66,221.23605346679688,-178.4228057861328,-56.48569869995117,222.07107872645315,-178.9692296201903,-56.49626879109773,0.997976912316597,0.33181795872056674,0.07141323189644913,3.503999696468698e-05,11.449110809690042,25.31155147279211,nan,0.570472507325189,nan
384.67,221.22802734375,-178.41439819335938,-56.4868049621582,222.06342366907907,-178.96080286587264,-56.49753287329699,0.9982786056983504,0.331871271769838,0.07143073691595965,3.574530716278934e-05,11.44764770597768,25.640698807605624,nan,nan,nan
384.68,221.2200164794922,-178.40597534179688,-56.487892150878906,222.05576272236152,-178.95238123949468,-56.49975458436312,0.9985849512371614,0.331924671188472,0.07144830885917666,3.5045040743947374e-05,12.212520337692247,24.989849803662423,nan,0.6750386106341663,nan
384.69,221.2119903564453,-178.39756774902344,-56.48895263671875,222.04809915984782,-178.94395484163502,-56.50098608130196,0.9988801679321958,0.3319781571282252,0.07146594794396556,3.5750710436019924e-05,12.215604599008445,26.079976986445484,nan,nan,nan
384.7,221.20394897460938,-178.38916015625,-56.489994049072266,222.03525878919,-178.9315469650298,-56.5019931489411,0.9926748896562752,0.33190688818748415,0.07145722690709358,3.502919496820116e-05,12.114836452785399,26.285947757034993,0.6560928851391366,0.02356402021032471,nan
384.71000000000004,221.1959228515625,-178.38075256347656,-56.49101638793945,222.02757814672688,-178.92311090289493,-56.50318183181853,0.9929507018661007,0.33196014185831757,0.07147488145406941,3.573435004565274e-05,12.114883261273674,25.53307806771292,nan,nan,nan
384.72,221.18788146972656,-178.37234497070312,-56.49201583862305,222.01146459511602,-178.9162128307284,-56.50434719041345,0.9870326619883063,0.3285190839754803,0.0713763127818179,3.6453160838693145e-05,14.381325281744775,28.177499569344562,nan,nan,0.020330609639448525
384.73,221.17984008789062,-178.3639373779297,-56.49299621582031,222.00377131009185,-178.9077856392907,-56.50549711965039,0.9873144701157589,0.3285689273905281,0.07139283323337675,3.718709595150577e-05,14.367579993112653,27.97547539154305,nan,nan,nan
384.74,221.1717987060547,-178.35552978515625,-56.49395751953125,221.99605737211556,-178.8993630611191,-56.50701301477905,0.9875866678813994,0.3286188526909,0.07140941403166556,3.640130441412045e-05,14.803427950402961,28.2405509413106,nan,0.09645865605710055,nan
384.75,221.1637420654297,-178.3471221923828,-56.49489974975586,221.98380682396575,-178.89150667487,-56.508216414843425,0.9843972808448296,0.32855496640772497,0.07140034716088672,3.7110157975331244e-05,15.099331912196611,28.476452759313528,1.4311368884205624,nan,nan
384.76,221.15570068359375,-178.33871459960938,-56.49582290649414,221.97605095936336,-178.88310003959347,-56.51030984832367,0.9846521993605312,0.3286046804496227,0.07141694020086484,3.6328327787544735e-05,16.05440154720071,28.787696735529167,nan,0.645028284681401,nan
384.77,221.1476287841797,-178.33030700683594,-56.496726989746094,221.96833345056697,-178.8746830229978,-56.511402820420216,0.9849450626345118,0.32865448179042356,0.07143359406166538,3.705871909154741e-05,16.04498827492484,29.607702786699694,nan,nan,nan
384.78000000000003,221.1395721435547,-178.3218994140625,-56.49761199951172,221.9606047814795,-178.86626832648608,-56.51265606531081,0.9852199902898738,0.3287043651348681,0.07145030854315387,3.627977809483268e-05,16.42821879363401,29.35068761738433,nan,0.020657063323513584,nan
384.79,221.1315155029297,-178.31349182128906,-56.49848175048828,221.95287992386594,-178.85785225245954,-56.513716857039284,0.9854947485784308,0.32875433598346987,0.07146708411932591,3.700897059573947e-05,16.418811745210093,29.14330439454783,nan,nan,nan
384.8,221.12344360351562,-178.30508422851562,-56.49933624267578,221.92366993151524,-178.84063689509114,-56.51456286489972,0.9630216429157923,0.32869035881567943,0.07145805471763335,3.621031629775414e-05,16.507253702575746,29.04560634325938,5.469548800449625,0.09764930210546105,nan
384.81,221.11537170410156,-178.2966766357422,-56.50016784667969,221.91590160932333,-178.83221007420775,-56.515590745912135,0.9632663487789096,0.3287401180476781,0.0714748420725335,3.693746449405397e-05,16.50125501814803,28.999800820113062,nan,nan,nan
384.82,221.10728454589844,-178.28826904296875,-56.501094818115234,221.9081130978298,-178.82378723954108,-56.517058863230865,0.9635148982683311,0.3287899593965643,0.07149169031430792,3.616506093564443e-05,17.065558227727198,29.779178854853853,nan,0.10741227142387445,nan
384.83,221.09921264648438,-178.2798614501953,-56.502105712890625,221.90033720096775,-178.81536077082535,-56.51821716003226,0.963752900343456,0.32883988801109326,0.07150859986050136,3.689115541871552e-05,17.013083078139257,29.19153036955678,nan,nan,nan
384.84000000000003,221.09112548828125,-178.27146911621094,-56.503204345703125,221.89265252174496,-178.80691303986612,-56.51709373707265,0.9640221449453384,0.3288898991128501,0.07152557059496803,3.612141652595634e-05,15.273915487679258,28.436942175298356,nan,3.7196859320503823,nan
384.85,221.08303833007812,-178.2630615234375,-56.50438690185547,221.89295685332033,-178.8075027355595,-56.51835836447872,0.9760017671682422,0.3288258361803464,0.0715165753709067,3.6823267997454276e-05,15.751947602134097,27.64062334251249,5.412174988845943,nan,nan
384.86,221.074951171875,-178.25465393066406,-56.50565719604492,221.88515723993606,-178.7991121875608,-56.52035417176735,0.9762605529884927,0.3288756354916941,0.07153355742728995,3.60570827002745e-05,16.400172209857985,28.11944375333956,nan,0.238670105003806,nan
384.87,221.0668487548828,-178.24624633789062,-56.50701141357422,221.87737778237658,-178.79071684343103,-56.521842307991115,0.9765374499949432,0.32892552183438245,0.07155060099792263,3.678035388754569e-05,16.348401131637218,28.401950903850828,nan,nan,nan
384.88,221.0587615966797,-178.2378387451172,-56.50844955444336,221.86957941738189,-178.78232523882144,-56.52381806932623,0.976794385448811,0.3289754907694681,0.0715677060139574,3.601668409541153e-05,16.8854422098308,28.34359863230506,nan,0.10808517107273674,nan
384.89,221.0506591796875,-178.2294464111328,-56.50996780395508,221.86179332314666,-178.77393070757878,-56.52547860861246,0.9770579986994655,0.3290255469459423,0.07158487282259636,3.6739093608936515e-05,16.83387829259737,29.290587984017915,nan,nan,nan
384.90000000000003,221.0425567626953,-178.22103881835938,-56.51156997680664,221.8581935744522,-178.76629923867472,-56.52931326976492,0.9812681382274733,0.32896139342842373,0.07157590789212279,3.5955732155729765e-05,18.92602958488893,30.78837522859607,1.153269202442134,2.5383272127797962,nan
384.91,221.03443908691406,-178.21263122558594,-56.513248443603516,221.8504085606101,-178.75790364115844,-56.531159876004345,0.9815543839231295,0.3290112374599064,0.0715930855187631,3.6676437356739115e-05,18.876863072989444,31.143965325653465,nan,nan,nan
384.92,221.02633666992188,-178.2042236328125,-56.51500701904297,221.84268354931874,-178.7494960058017,-56.53140054106124,0.981841604236863,0.3290611641822802,0.0716103248410947,3.591851370738177e-05,17.572069371533242,29.216228729458557,nan,1.9052850467426465,nan
384.93,221.01821899414062,-178.19583129882812,-56.516845703125,221.83489229005966,-178.7411011212491,-56.53339077595575,0.982114143541998,0.3291111779191152,0.07162762616710583,3.6638481430587484e-05,17.519984507055867,30.127728177700163,nan,nan,nan
384.94,221.01010131835938,-178.1874237060547,-56.518760681152344,221.82712431102001,-178.73270154185008,-56.534741572600254,0.982400059872413,0.32916127471113366,0.07164498948632814,3.588284105663301e-05,17.126358293192908,28.964344818661193,nan,0.34607916379887105,nan
384.95,221.00198364257812,-178.17901611328125,-56.520751953125,221.81986179932088,-178.7221875963063,-56.536778156529635,0.9819454050221513,0.32909703488714304,0.07163605134071675,3.657924222311333e-05,16.7949026850741,28.767044162889245,1.2016485819539646,nan,nan
384.96000000000004,220.9938507080078,-178.17062377929688,-56.52281951904297,221.81206405261386,-178.71378414022058,-56.53897374912681,0.98222055268651,0.32914691934876666,0.07165342497186086,3.582674275767387e-05,17.0165837192077,29.95237941969434,nan,0.0002373958507347413,nan
384.97,220.98573303222656,-178.16221618652344,-56.524959564208984,221.80426236922577,-178.70538146160138,-56.54126395263606,0.9824889946767001,0.3291968906034606,0.07167086081701261,3.6544500468992204e-05,16.968388451780854,28.67075122418005,nan,nan,nan
384.98,220.97760009765625,-178.15382385253906,-56.52713394165039,221.79652781782434,-178.6969670719825,-56.54162998674561,0.9827803940914219,0.3292469450018038,0.07168835889786379,3.579413465432373e-05,15.52473279172371,28.179663922325915,nan,2.641147272675998,nan
384.99,220.96946716308594,-178.14541625976562,-56.529300689697266,221.7887202087658,-178.68856549609865,-56.543969783081806,0.9830573879919691,0.3292970864099328,0.07170591947454735,3.6511316389084186e-05,15.509201215537502,27.42082444506914,nan,nan,nan
385.0,220.96133422851562,-178.13702392578125,-56.53144454956055,221.75716867167765,-178.6718034890897,-56.54562672005732,0.9589279306680945,0.3292327562598395,0.07169700423489263,3.574118137554806e-05,15.318223288394531,27.068698335295657,5.182050686903097,0.2784682923405316,nan
385.01,220.9532012939453,-178.1286163330078,-56.5335578918457,221.74931517781795,-178.6633959707979,-56.54791822691879,0.9591625494737966,0.32928268498836616,0.07171457457873298,3.645694418134601e-05,15.309188162977282,26.261211924573477,nan,nan,nan
385.02,220.945068359375,-178.12022399902344,-56.53562927246094,221.74150443599527,-178.65498157264125,-56.54883864825343,0.9594011539980131,0.329332696941394,0.0717322073946964,3.571153624932774e-05,14.499622385659311,26.031180034810525,nan,1.2112485113360059,nan
385.03000000000003,220.93692016601562,-178.11181640625,-56.53766632080078,221.73364530970593,-178.64657495172258,-56.551045555808024,0.9596440279987565,0.32938279569177176,0.07174990291692826,3.6426827112943504e-05,14.489713646142079,25.64856544529749,nan,nan,nan
385.04,220.92877197265625,-178.10342407226562,-56.5396614074707,221.72575298544368,-178.63817351079732,-56.554126405483004,0.9598671433699181,0.32943297802350346,0.07176766120584044,3.568332464821743e-05,15.40035896802818,27.11635951100943,nan,0.5648296695180346,nan
385.05,220.92062377929688,-178.09503173828125,-56.54161834716797,221.70981892357986,-178.61927719610728,-56.55613353382551,0.9475615897949669,0.3293685610570509,0.0717587651944966,3.6375583975449266e-05,14.678865427817549,26.93795371588372,7.914428064138854,nan,nan
385.06,220.9124755859375,-178.0866241455078,-56.54353713989258,221.70200001042096,-178.61082766585093,-56.556467130000385,0.9477897088701945,0.32941853051142483,0.07177653269742447,3.5634823238744526e-05,13.541295912981008,25.015774534380462,nan,2.1207086692645603,nan
385.07,220.90432739257812,-178.07823181152344,-56.54541778564453,221.69412075173767,-178.60238692231982,-56.55851094511175,0.9479892199657786,0.3294685865569703,0.07179436311562058,3.634841433796406e-05,13.527929180351691,25.567535592361235,nan,nan,nan
385.08,220.8961639404297,-178.06983947753906,-56.54726028442383,221.68619720029332,-178.59395239040452,-56.561816016423606,0.94818709464806,0.3295187262536322,0.07181225653015945,3.560941551034276e-05,14.723151831633537,27.0980935891226,nan,1.1484096710590586,nan
385.09000000000003,220.8880157470703,-178.06143188476562,-56.54906463623047,221.67831268480975,-178.58551240695206,-56.5638000693381,0.9483916788565877,0.32956895276595366,0.07183021314441808,3.632266725574787e-05,14.7150642602848,25.890769542868593,nan,nan,nan
385.1,220.87985229492188,-178.05303955078125,-56.55083465576172,221.70452539503418,-178.59777165690903,-56.56409688593437,0.988430410420685,0.32950444568770615,0.07182133246509038,3.55637568736226e-05,14.267260733520036,26.400684490751964,16.42090842173183,1.6521051224691403,nan
385.11,220.87168884277344,-178.04464721679688,-56.55257034301758,221.69668984382457,-178.58937971877342,-56.56599400011448,0.9887063998047402,0.32955445897989044,0.07183929770809583,3.627582395133721e-05,14.251832925733641,26.280405800965102,nan,nan,nan
385.12,220.863525390625,-178.0362548828125,-56.55426788330078,221.68884265898214,-178.5809891373278,-56.56815522845285,0.98897768420031,0.3296045559849275,0.07185732617168261,3.554102961705302e-05,14.6740258817751,26.623117023946357,nan,0.06073815395061237,nan
385.13,220.85536193847656,-178.02786254882812,-56.55593490600586,221.68100199498122,-178.5725976880994,-56.569988320035336,0.9892499043759259,0.32965473960916963,0.07187541804316919,3.6252842687050366e-05,14.658963867778354,26.47116692928585,nan,nan,nan
385.14,220.84718322753906,-178.0194549560547,-56.55756759643555,221.6731891022888,-178.56420316117,-56.57078552199451,0.9895509212029131,0.32970500729496033,0.0718935734275833,3.55195943434882e-05,14.094515385633622,25.646946086331535,nan,0.689916171965114,nan
385.15000000000003,220.83901977539062,-178.0110626220703,-56.55916976928711,221.65030990483112,-178.5531997149899,-56.572516972163896,0.975849603920345,0.32964041292954077,0.07188470427291321,3.620879010539134e-05,14.355225409681347,25.259448301736814,3.3915032796825044,nan,nan
385.16,220.83084106445312,-178.00267028808594,-56.56073760986328,221.64238405448094,-178.54482215809867,-56.57599771241734,0.9760960739351179,0.32969046718495243,0.07190286768794724,3.5477910439438425e-05,15.96270890321981,27.245262446889253,nan,2.112448048238067,nan
385.17,220.82266235351562,-177.99427795410156,-56.56227493286133,221.63450758058232,-178.5364392429611,-56.57771164022178,0.9763553798607116,0.32974060786961834,0.07192109471706756,3.618843877934866e-05,15.947615181574427,27.13315421255142,nan,nan,nan
385.18,220.81448364257812,-177.9858856201172,-56.56378173828125,221.62666154656372,-178.52805327965356,-56.57825930520474,0.9766208674371115,0.32979083266612225,0.071939385477447,3.5458972040439444e-05,15.238164058407186,26.33360828043256,nan,0.8882004867881016,nan
385.19,220.80630493164062,-177.9774932861328,-56.56525802612305,221.61878054809725,-178.5196709371804,-56.57990316985939,0.9768765085040694,0.329841144124632,0.0719577401383021,3.616935255966948e-05,15.221509303713958,26.222670973421277,nan,nan,nan
385.2,220.79812622070312,-177.96910095214844,-56.56670379638672,221.59113516214842,-178.5030391326297,-56.5808051417358,0.9561129691247213,0.32977645981631537,0.07194887858019261,3.541979410801027e-05,14.850164133815763,25.39431398944052,4.339531092316849,0.5099924287513393,nan
385.21000000000004,220.78993225097656,-177.96070861816406,-56.56812286376953,221.58321670208667,-178.49464581508684,-56.5823868220039,0.9563433542067072,0.3298265575085396,0.07196724064644916,3.6129177939183915e-05,14.831934204456418,25.723870812245888,nan,nan,nan
385.22,220.78175354003906,-177.9523162841797,-56.569515228271484,221.57527387057797,-178.48625458253,-56.58475364004999,0.9565546668211573,0.3298767393548605,0.07198566665739836,3.540321855903486e-05,15.72453444468842,26.100808664183127,nan,0.45551670008372314,nan
385.23,220.7735595703125,-177.9439239501953,-56.57087707519531,221.56735102471413,-178.47786177106846,-56.5862888212979,0.9567821024443075,0.32992700768309563,0.0720041567734419,3.611252314280462e-05,15.707689399454079,26.422048290998156,nan,nan,nan
385.24,220.76536560058594,-177.93553161621094,-56.57221221923828,221.5594562204509,-178.4694669220173,-56.58666989006697,0.9570140268511377,0.32997736050577897,0.07202271112492359,3.538777843619999e-05,15.002226850091532,25.636957475822104,nan,0.8778347145405833,nan
385.25,220.75717163085938,-177.92713928222656,-56.57352066040039,221.5550910514549,-178.46848280347413,-56.58827666425214,0.9643370517665905,0.3299125884825373,0.07201385325797108,3.607477887743656e-05,15.615159055206039,25.664187321182286,4.87234545713282,nan,nan
385.26,220.7489776611328,-177.9187469482422,-56.57480239868164,221.54716055527527,-178.46011794811508,-56.58989951059157,0.9645757693374992,0.3299627273165463,0.0720324143737055,3.5352063946531775e-05,15.992284490072198,25.953128779616918,nan,0.02097524484704838,nan
385.27,220.7407684326172,-177.9103546142578,-56.5760612487793,221.53923244188056,-178.45175295496696,-56.59132522697068,0.9648263711372027,0.33001295245876405,0.07205103979671554,3.606041358538276e-05,15.971557338355414,26.28854704466559,nan,nan,nan
385.28000000000003,220.73257446289062,-177.90196228027344,-56.577293395996094,221.53130829760977,-178.44338762541557,-56.59249599110818,0.9650638642004816,0.33006326212642323,0.07206972966338532,3.533879351816033e-05,16.016725286725563,25.84857193477103,nan,0.036876995008456426,nan
385.29,220.724365234375,-177.89356994628906,-56.57849884033203,221.52337623107485,-178.43502289061226,-56.59387150222834,0.9653114432644643,0.3301136583433214,0.07208848412510134,3.604714670522378e-05,15.998345010076985,26.172005751683457,nan,nan,nan
385.3,220.71617126464844,-177.8851776123047,-56.579681396484375,221.523696449422,-178.43546208863313,-56.59454278758542,0.9773079299162115,0.33004879650226066,0.0720796259815453,3.530523768222177e-05,16.151640125102396,25.48889403443401,3.8473975935700766,0.3327800701767534,nan
385.31,220.7079620361328,-177.8767852783203,-56.580841064453125,221.51577120588308,-178.42712476895824,-56.59586550580447,0.9775760551108812,0.3300989784014313,0.07209838654307944,3.6012741439512854e-05,16.130564173563215,25.820388777982767,nan,nan,nan
385.32,220.6997528076172,-177.86839294433594,-56.58197784423828,221.50783034441977,-178.41878833705698,-56.597733818151866,0.9778408073543724,0.33014924484930647,0.07211721175202432,3.5294000964321306e-05,16.862933954197338,26.482167364960446,nan,0.22391428873874872,nan
385.33,220.69154357910156,-177.86000061035156,-56.583091735839844,221.4999014313857,-178.41045155969022,-56.5990179543874,0.9781064918578468,0.330199597682232,0.07213610175603528,3.6001562206111116e-05,16.841492819783316,26.397335078598058,nan,nan,nan
385.34000000000003,220.68333435058594,-177.85162353515625,-56.58418655395508,221.49198484314093,-178.4021144774995,-56.599671668795686,0.9783637797327855,0.33025003539608383,0.07215505669709103,3.528373917557793e-05,16.55804825051162,26.61754423781361,nan,0.2575831664481015,nan
385.35,220.67510986328125,-177.84323120117188,-56.58525466918945,221.50204730844249,-178.4004269965416,-56.600978094519725,0.997266222576301,0.3301850854568866,0.07214619429898388,3.596922661929315e-05,16.582004732750363,26.892239648338567,3.057575197867336,nan,nan
385.36,220.66690063476562,-177.8348388671875,-56.5863037109375,221.49414310825782,-178.39209775317494,-56.60217766829787,0.9975567946155833,0.3302353086191623,0.07216515465755491,3.525313301699861e-05,16.82435594024887,26.617237378235494,nan,0.00019723713814182278,nan
385.37,220.65867614746094,-177.82644653320312,-56.58732986450195,221.48623675651163,-178.38376860177215,-56.603373801906194,0.9978586361273013,0.3302856180083019,0.07218418000842833,3.5959994851304194e-05,16.802249255599527,26.982861766095233,nan,nan,nan
385.38,220.65045166015625,-177.81805419921875,-56.588340759277344,221.47835346259734,-178.37543914319056,-56.603442165125294,0.9981620222740646,0.3303360122909422,0.07220327049544423,3.524471358536762e-05,16.082351404632018,26.202336883414798,nan,0.8546909751281303,nan
385.39,220.64224243164062,-177.80966186523438,-56.589324951171875,221.4704436260092,-178.36711034968337,-56.604588252240376,0.9984482958709104,0.3303864930494147,0.07222242626347125,3.5951695528713456e-05,16.060280725599394,25.658880354829165,nan,nan,nan
385.40000000000003,220.63401794433594,-177.80128479003906,-56.590293884277344,221.44851499516778,-178.36580162043543,-56.60518524693974,0.9911137423608273,0.3303214533770175,0.07221355560073658,3.521592635238004e-05,16.931464318744837,26.092512319407135,17.51139307586908,0.1919772786845798,nan
385.41,220.6257781982422,-177.7928924560547,-56.591243743896484,221.44057197314785,-178.35751693373922,-56.606288787455,0.9914212272093202,0.3303717192613543,0.07223271608351536,3.5922171214852964e-05,16.903740077797295,25.89382791757904,nan,nan,nan
385.42,220.6175537109375,-177.7845001220703,-56.59217071533203,221.4326552455397,-178.3492324719061,-56.606034720249944,0.9917183820492049,0.330422070044552,0.07225194189740677,3.520921777684363e-05,16.030358258352877,24.52636404196187,nan,1.2518841464341768,nan
385.43,220.6093292236328,-177.77610778808594,-56.593082427978516,221.4247082754947,-178.3409481132029,-56.60708922811274,0.9920099704859016,0.330472507154228,0.07227123318692355,3.591562424003319e-05,16.00271952653459,24.445827837249524,nan,nan,nan
385.44,220.60110473632812,-177.76773071289062,-56.59397506713867,221.4167456604534,-178.33266385891304,-56.60880362087038,0.9922900093160593,0.33052302948736245,0.07229059009646081,3.520332798048776e-05,16.754145457860865,25.664804798355625,nan,0.3201359003064738,nan
385.45,220.59286499023438,-177.75933837890625,-56.5948486328125,221.43142002908388,-178.3295219158111,-56.609798857384156,1.014153503248882,0.33045790137775954,0.07228170713911865,3.588782457916585e-05,16.400192721322515,26.002214110537043,5.851267198139783,nan,nan
385.46000000000004,220.58462524414062,-177.75094604492188,-56.595706939697266,221.42356311466062,-178.32123542930324,-56.608032716734485,1.0144942864847892,0.33050820859237484,0.07230106804173517,3.5176997563392503e-05,14.460151778187518,24.0165821362349,nan,5.384821242931398,nan
385.47,220.57640075683594,-177.7425537109375,-56.59665298461914,221.4156492254531,-178.31294785639454,-56.609051533862676,1.0148109170043862,0.3305586019895502,0.07232049461154551,3.588289713480896e-05,14.395117148080999,23.436197263079823,nan,nan,nan
385.48,220.5681610107422,-177.7341766357422,-56.597686767578125,221.40771874845376,-178.304660108118,-56.610924263303644,1.0151274887906472,0.33060908060570326,0.07233998699213523,3.517263732372996e-05,15.061314799049654,25.01107527734808,nan,0.4086102011737869,nan
385.49,220.55992126464844,-177.7257843017578,-56.59880828857422,221.39980137976394,-178.29637315224917,-56.612128312390325,1.015454414095458,0.33065964566073136,0.07235954532921975,3.5878744168572993e-05,14.99405959983856,24.345831954943232,nan,nan,nan
385.5,220.5516815185547,-177.71739196777344,-56.60001754760742,221.36145976413792,-178.27354085493135,-56.6120201752435,0.9824390336183801,0.3305944278666776,0.0723506460262797,3.5147806669683546e-05,13.920929712709954,22.689685492787802,8.662366068062326,1.317374977544454,nan
385.51,220.54344177246094,-177.70901489257812,-56.6013069152832,221.35348947495527,-178.26522938431128,-56.61338349537481,0.9826991833297853,0.3306447774865289,0.07237020761636943,3.5853259596048586e-05,13.85846439466711,23.093318679610675,nan,nan,nan
385.52,220.53518676757812,-177.70062255859375,-56.602684020996094,221.34555561338684,-178.25692032871595,-56.61274532345569,0.9829883545126346,0.33069521231431825,0.07238983520414102,3.5144853492944215e-05,12.64051109690264,21.696689748567838,nan,3.049048572730314,nan
385.53000000000003,220.52694702148438,-177.69223022460938,-56.60414123535156,221.33758233361598,-178.24860927869162,-56.614257338899996,0.9832545940127433,0.33074573344498714,0.07240952893700721,3.5850544869921186e-05,12.584784453761701,21.177240619355477,nan,nan,nan
385.54,220.51869201660156,-177.68385314941406,-56.60567855834961,221.32963805399083,-178.2403002603328,-56.614127054030334,0.9835335479211806,0.3307963401012676,0.0724292889560334,3.514257316621251e-05,11.729912709405468,21.23244243858137,nan,2.084972714628273,nan
385.55,220.5104522705078,-177.6754608154297,-56.6072998046875,221.2997963046252,-178.2219950017916,-56.61578740081443,0.9601227319186971,0.3307310335733423,0.07242036924201309,3.5826466604034015e-05,11.58447159575241,19.740027287527155,4.308948441984978,nan,nan
385.56,220.502197265625,-177.6670684814453,-56.60900115966797,221.291792113411,-178.2136689122918,-56.61696510272591,0.9603621603545137,0.3307814245405978,0.07244013175471464,3.5119743611860314e-05,11.34960013495523,19.83095739916192,nan,0.2228924325104066,nan
385.57,220.49395751953125,-177.65869140625,-56.61077880859375,221.2837768220619,-178.20534244418783,-56.61878130193073,0.9605758313783019,0.3308319016794951,0.07245996059787435,3.58250684543323e-05,11.300635570647524,19.89670865239172,nan,nan,nan
385.58,220.48570251464844,-177.65029907226562,-56.61263656616211,221.27575551031737,-178.19701593969364,-56.62096142643925,0.9608081870979182,0.33088246432413626,0.07247985591022825,3.5118704690500145e-05,11.456814177815021,19.82951962291611,nan,0.056758949230130896,nan
385.59000000000003,220.47744750976562,-177.6419219970703,-56.61457061767578,221.2677375190475,-178.18869015675682,-56.62293840571164,0.9610326420545404,0.3309331134033293,0.07249981784267043,3.582429977132396e-05,11.407267808104713,20.287106456558654,nan,nan,nan
385.6,220.4691925048828,-177.63352966308594,-56.616580963134766,221.2656845733349,-178.17809746153344,-56.62527649141387,0.9648986031833144,0.3308677172091851,0.07249087363013183,3.509708490458317e-05,11.23269191978496,19.958619679710115,2.650115400520099,0.10562053108109885,nan
385.61,220.4609375,-177.62515258789062,-56.61866760253906,221.2576758204324,-178.16975727089525,-56.62740924309974,0.9651231156053175,0.33091815028786437,0.07251083727999402,3.580208543597469e-05,11.182479452002353,20.43626139080421,nan,nan,nan
385.62,220.4526824951172,-177.61676025390625,-56.620826721191406,221.24967739075768,-178.16141873613842,-56.628874002602835,0.9653592516170154,0.33096866884659143,0.07253086757843866,3.5097176800429514e-05,10.864318002486936,19.487219093613845,nan,0.3880574320249486,nan
385.63,220.4444122314453,-177.60838317871094,-56.623016357421875,221.241666137005,-178.15307931891618,-56.63112822879869,0.9655948827235582,0.331019273715518,0.07255096467911669,3.5802470417905144e-05,10.826794555844232,20.365082306945002,nan,nan,nan
385.64,220.4361572265625,-177.59999084472656,-56.62520217895508,221.23362976833664,-178.14473727951426,-56.63500003982018,0.965819409193638,0.3310699643760555,0.07257112871664678,3.5097809660119656e-05,11.69551401306331,20.21511230927357,nan,1.8067014807923263,nan
385.65000000000003,220.4279022216797,-177.59161376953125,-56.62736129760742,221.20459586077533,-178.14520748146205,-56.63732381208883,0.9538439382811763,0.3310044791911584,0.07256215591801249,3.5781377600473243e-05,13.091373652855973,20.4578880792329,28.711018798364,nan,nan
385.66,220.4196319580078,-177.58323669433594,-56.62948989868164,221.19655814454816,-178.13692744210942,-56.63825411860995,0.9540778558655719,0.33105495358900755,0.07258232087762564,3.507778261601896e-05,12.477546239892975,20.182506067519608,nan,1.2088571183970616,nan
385.67,220.411376953125,-177.57484436035156,-56.63157653808594,221.18850048842955,-178.1286451056916,-56.64044805568311,0.9543033891210356,0.3311055141767319,0.07260255281825147,3.5782807991039084e-05,12.459480306153244,19.244782180296802,nan,nan,nan
385.68,220.40310668945312,-177.56646728515625,-56.63362503051758,221.18047508500484,-178.12036835152284,-56.64021222995541,0.9545425107983063,0.33115616052263386,0.07262285187150908,3.507939963221668e-05,11.467521835390357,19.084444714399257,nan,4.022200596350162,nan
385.69,220.39483642578125,-177.55809020996094,-56.63563537597656,221.17241517224252,-178.11208658016704,-56.642306155749694,0.954769702311824,0.33120689332707887,0.07264321819554533,3.5784738808024045e-05,11.444829472886443,19.02729197683995,nan,nan,nan
385.7,220.38658142089844,-177.54969787597656,-56.63760757446289,221.17241911241013,-178.0895724917333,-56.64506277455114,0.9534469351501695,0.33114131846940575,0.07263421269361846,3.506032648663748e-05,10.403862848597734,18.451922594937958,26.34264495335188,0.4752104351933777,nan
385.71000000000004,220.37831115722656,-177.54132080078125,-56.6395378112793,221.1643782638701,-178.0812284212681,-56.64708560787588,0.9536554430401896,0.3311918347040439,0.07265457912852236,3.576511159226376e-05,10.3823827013844,19.33250765394394,nan,nan,nan
385.72,220.3700408935547,-177.53294372558594,-56.64142990112305,221.1563342696358,-178.07288412844983,-56.6492356894089,0.9538625908612982,0.3312424366583514,0.07267501284835202,3.5062830532555724e-05,10.498343077957461,19.40569330807573,nan,0.019109704348915863,nan
385.73,220.3617706298828,-177.52455139160156,-56.643287658691406,221.14829130469698,-178.06454037893795,-56.65118575519906,0.9540782244046646,0.3312931249566783,0.07269551401435255,3.576794574368991e-05,10.477009247562577,18.781105832838357,nan,nan,nan
385.74,220.35350036621094,-177.51617431640625,-56.64510726928711,221.14101839755617,-178.05480893916962,-56.65321156228058,0.9541370897822938,0.3310607295240177,0.07180245581811646,3.506482095209176e-05,12.99202957176389,21.81707862396193,nan,0.008598044032846766,0.002107451929543175
385.75,220.34523010253906,-177.50779724121094,-56.646888732910156,221.10681766644092,-178.03214376890273,-56.65506285602753,0.924673842433719,0.3309961083487997,0.07179326747228315,3.57482327520205e-05,12.594903801035308,21.366793365343803,7.857889183763376,nan,nan
385.76,220.3369598388672,-177.49942016601562,-56.64863586425781,221.0987490311792,-178.02375213158575,-56.656232749033265,0.9248267385301573,0.33104575332914393,0.07181023399134319,3.504701772204639e-05,12.332583566258911,21.06901761471304,nan,0.3201799320000346,nan
385.77,220.3286895751953,-177.4910430908203,-56.65034866333008,221.0906614693842,-178.01537641854563,-56.658036222798785,0.9249787590360613,0.3310954838603447,0.07182726181016821,3.575190999779784e-05,12.299136138700739,21.009916647818365,nan,nan,nan
385.78000000000003,220.32040405273438,-177.48265075683594,-56.65202331542969,221.08261337314653,-178.0069647943758,-56.65823196413715,0.9251523147045962,0.3311452981454433,0.0718443495560545,3.5050739995173914e-05,11.707232025906025,20.14804906431867,nan,1.7450748814905304,nan
385.79,220.3121337890625,-177.47427368164062,-56.65366744995117,221.07452333325077,-177.9985893303927,-56.659953621380545,0.9253022384956882,0.3311951982205211,0.07186149886031326,3.575597558045911e-05,11.67330784113378,20.310563545403102,nan,nan,nan
385.8,220.30384826660156,-177.4658966064453,-56.65528106689453,221.071560727891,-177.990782682614,-56.661973065246144,0.9300175261879742,0.331130499320625,0.07185234221268648,3.503366998291024e-05,11.672500319289092,20.888774477203985,3.87275639170615,0.25716692133510183,nan
385.81,220.2955780029297,-177.45751953125,-56.6568603515625,221.06347785829567,-177.98240342152823,-56.663631545954544,0.9301715622497836,0.33118018712959735,0.07186950124399842,3.573837846036317e-05,11.638227396961323,20.44301244916425,nan,nan,nan
385.82,220.28729248046875,-177.4491424560547,-56.658409118652344,221.05541248227993,-177.97400773883516,-56.66450300142261,0.9303381308201072,0.3312299587281952,0.07188672050381031,3.50380690123114e-05,11.37588743489129,20.52682507287292,nan,0.4028634575753797,nan
385.83,220.27902221679688,-177.44076538085938,-56.65992736816406,221.04732777214585,-177.96562877583304,-56.66609286818208,0.9304907431854698,0.3312798159550244,0.07190400149882102,3.574313204364228e-05,11.341058714927092,20.094123455666214,nan,nan,nan
385.84000000000003,220.27073669433594,-177.432373046875,-56.66141128540039,221.03926347053758,-177.95723056560277,-56.66674789304863,0.930664977360354,0.33132975730522446,0.07192134303996284,3.5042793971159605e-05,11.052834426754925,19.536435687024074,nan,0.5771251531993132,nan
385.85,220.262451171875,-177.4239959716797,-56.66286849975586,221.02126320065017,-177.95027507191338,-56.668212790698895,0.9234684335711516,0.3312649823239095,0.0719122159618532,3.572619757321848e-05,11.549085976895821,19.838206922958094,5.4750960776917745,nan,nan
385.86,220.25416564941406,-177.41561889648438,-56.66429901123047,221.01311950124352,-177.94194840815013,-56.671255638581535,0.9236244359701529,0.33131471121639616,0.07192956679532198,3.5026657497480546e-05,12.093105089675756,20.358722937535827,nan,1.693598209626511,nan
385.87,220.2458953857422,-177.40724182128906,-56.66569900512695,221.00501056850533,-177.93358948094144,-56.67273654959651,0.9237679614249488,0.33136452558206686,0.07194697954015111,3.57315596448969e-05,12.060181294631796,19.95548237895834,nan,nan,nan
385.88,220.23760986328125,-177.39886474609375,-56.66707229614258,220.9968951460112,-177.9252359438021,-56.67443965650072,0.9239237286410042,0.33141442409513894,0.07196445312453884,3.50319535687985e-05,12.185715363985764,20.39125034158838,nan,0.04380873135970946,nan
385.89,220.2293243408203,-177.39048767089844,-56.66841506958008,220.98878435690963,-177.91687762058515,-56.675869299389696,0.9240787091539499,0.3314644083291581,0.07198198888217416,3.5737215863638054e-05,12.153608335913097,20.325274935602422,nan,nan,nan
385.90000000000003,220.22103881835938,-177.38211059570312,-56.669734954833984,220.98563169113606,-177.91156773834405,-56.675098103200554,0.9300300480924264,0.3313995555475591,0.07197288649302756,3.501636615987788e-05,11.5065465398831,19.604613644380045,0.48569467492034746,3.1801620933454195,nan
385.91,220.21273803710938,-177.3737335205078,-56.671024322509766,220.9775266430681,-177.90321699414469,-56.67645376997482,0.9302063424631328,0.3314493270371172,0.07199043102408599,3.5721116192310126e-05,11.472680396561435,19.896083231396222,nan,nan,nan
385.92,220.20445251464844,-177.3653564453125,-56.67229080200195,220.96941732980798,-177.8948696358133,-56.67795105667845,0.9303695103717786,0.331499182690227,0.07200803668137538,3.502216369348141e-05,11.525336274634778,19.57964710306827,nan,0.01959375167620819,nan
385.93,220.1961669921875,-177.3569793701172,-56.67353057861328,220.96131067371786,-177.88651899083692,-56.6792587437376,0.9305320387678886,0.33154912391897917,0.07202570468894166,3.5727281456812194e-05,11.492196626960798,19.52793450167483,nan,nan,nan
385.94,220.18788146972656,-177.34860229492188,-56.674747467041016,220.95319640865242,-177.8781743934437,-56.68086589161879,0.930693826344192,0.3315991496367675,0.0720434341368637,3.5028204897438254e-05,11.605945956466782,19.629244464216736,nan,0.0737750655152889,nan
385.95,220.17958068847656,-177.34022521972656,-56.67593765258789,220.97426778824382,-177.88106260999044,-56.6821009435163,0.961285938417391,0.33153422024935086,0.07203435392161674,3.571167080548834e-05,11.527274975230142,20.411402715869738,7.517289361879123,nan,nan
385.96000000000004,220.17129516601562,-177.33184814453125,-56.67710876464844,220.96623516908468,-177.8726986613354,-56.68194448118545,0.9614948123423068,0.33158403301796047,0.07205209165906289,3.501330117719181e-05,11.095434236062395,19.576040149331103,nan,1.375632924034235,nan
385.97,220.16299438476562,-177.32347106933594,-56.678253173828125,220.9581738546439,-177.86436058761,-56.683147852482605,0.9617150400060108,0.33163393122292667,0.07206989192335096,3.5718279428554615e-05,11.06186961571716,19.896590168643066,nan,nan,nan
385.98,220.1547088623047,-177.31509399414062,-56.67937469482422,220.95013551616825,-177.85600015906553,-56.683090464742364,0.9619235145667404,0.33168391392238916,0.07208775390639063,3.501975800956496e-05,10.749702279080736,19.1729243436886,nan,1.0821063330491838,nan
385.99,220.1464080810547,-177.3067169189453,-56.68047332763672,220.94207250106916,-177.84766231201485,-56.68423773913732,0.962142379460582,0.33173398231389845,0.07210567868173111,3.572510495430544e-05,10.716015326249243,19.49358392480872,nan,nan,nan
386.0,220.1381072998047,-177.29833984375,-56.681549072265625,220.89710819419045,-177.82067221171178,-56.68451870683246,0.9213697840869383,0.3316689749998408,0.07209661594013311,3.500525326094977e-05,10.203311296769373,18.730643724266358,15.285412658659459,0.2875721152846317,nan
386.01,220.12982177734375,-177.2899627685547,-56.6826057434082,220.8889838129657,-177.812299528784,-56.685613863815526,0.9215051471396701,0.33171883016053966,0.0721145484458923,3.5710094999704645e-05,10.169247340100664,18.331833314560637,nan,nan,nan
386.02,220.12152099609375,-177.28158569335938,-56.68364334106445,220.88083683778683,-177.8039474795656,-56.687886065601425,0.9216509012886245,0.33176876981408443,0.07213254294198003,3.5012068829715225e-05,10.39406612434589,18.87413011544898,nan,1.0116977307877142,nan
386.03000000000003,220.11322021484375,-177.27320861816406,-56.68465805053711,220.87271049912846,-177.79557498564347,-56.688952718049876,0.9217974603813703,0.33181879502905137,0.07215060040797197,3.5717284271832043e-05,10.360616331338,18.81248478159808,nan,nan,nan
386.04,220.10491943359375,-177.26483154296875,-56.68564987182617,220.86460549852762,-177.78718139326855,-56.68873377232006,0.9219445719809829,0.3318689050549139,0.07216872017476128,3.501906149247837e-05,10.080261733607953,18.514463816359402,nan,1.1304949586154935,nan
386.05,220.09661865234375,-177.25645446777344,-56.68662643432617,220.8260781261983,-177.76569726346034,-56.68983650954361,0.8896345617938107,0.33180382064567565,0.072159672053689,3.570262368963579e-05,10.002727996937816,18.141528214732435,8.418136826353164,nan,nan
386.06,220.08831787109375,-177.24807739257812,-56.68758010864258,220.81787524128393,-177.75732842321705,-56.69223217232176,0.8897259186412906,0.3318537172241282,0.07217779901905017,3.500503929542421e-05,10.296946607425001,18.42540916818323,nan,1.3780047312443537,nan
386.07,220.08001708984375,-177.2397003173828,-56.688514709472656,220.80969512729206,-177.7489368307489,-56.693226363341935,0.8898168713627835,0.33190369923859736,0.07219598913147367,3.571012366396576e-05,10.265142485396728,18.381357928031782,nan,nan,nan
386.08,220.07171630859375,-177.2313232421875,-56.68943405151367,220.80153342991284,-177.7405267020829,-56.693030528031876,0.8899068090442165,0.3319537660528024,0.07221424180800481,3.501232300799505e-05,9.977859536193417,18.0729350173677,nan,0.969359189479601,nan
386.09000000000003,220.06341552734375,-177.2229461669922,-56.69033432006836,220.7933518730274,-177.7321351712686,-56.69397753417906,0.8899965077656561,0.33200391856576267,0.07223255790069259,3.5717778868185236e-05,9.945144427571504,18.01925763828667,nan,nan,nan
386.1,220.0550994873047,-177.21456909179688,-56.69121551513672,220.77417538561252,-177.71430906187317,-56.69556565778939,0.875687791944236,0.33193875605939877,0.07222351985235594,3.499858065996398e-05,9.653764920765829,18.430519908011306,4.093039102916542,0.2775270882873468,nan
386.11,220.0467987060547,-177.20619201660156,-56.69218444824219,220.7659764809594,-177.70589078638645,-56.696538780920704,0.8757479618329178,0.3319886948475375,0.07224184254558684,3.570353306388629e-05,9.609491979362373,18.06884262791399,nan,nan,nan
386.12,220.0384979248047,-177.19781494140625,-56.693241119384766,220.75777027324852,-177.6974786291062,-56.69802074216963,0.8758078309970699,0.33203871841798777,0.07226022805951791,3.500610999337754e-05,9.696581759426795,18.144495453819815,nan,0.12437746022243601,nan
386.13,220.03018188476562,-177.18943786621094,-56.69438552856445,220.74956962922482,-177.68906018949914,-56.69917524702875,0.8758790636891403,0.3320888275692385,0.07227867716772882,3.571143719227246e-05,9.65158525039391,18.382372621204542,nan,nan,nan
386.14,220.02188110351562,-177.1810760498047,-56.695613861083984,220.74135725226657,-177.6806525854798,-56.70116643037004,0.8759300626444539,0.33213902181435423,0.07229718940350445,3.501376399629953e-05,9.854287366302504,18.915050851018474,nan,0.3962853454110059,nan
386.15000000000003,220.01358032226562,-177.17269897460938,-56.69692611694336,220.703071797158,-177.66189546055554,-56.70266202223342,0.8454256894729669,0.332073781755741,0.07228815828566176,3.569743146839705e-05,10.033181793542466,18.10753248983148,9.415568923947172,nan,nan
386.16,220.00526428222656,-177.16432189941406,-56.698326110839844,220.69480118607217,-177.65348589674647,-56.70527212976307,0.8454530177544409,0.33212376204885447,0.07230667654364638,3.5000346643875595e-05,10.455567678800437,18.762638631456603,nan,0.9941092664232163,nan
386.17,219.9969482421875,-177.15594482421875,-56.69980239868164,220.68654660363103,-177.64505981651396,-56.70679146607011,0.8454751462086324,0.3321738278091844,0.07232525857346624,3.570554264296631e-05,10.410882366598436,18.738198998394306,nan,nan,nan
386.18,219.9886474609375,-177.14756774902344,-56.70136642456055,220.67830242223704,-177.63662264359127,-56.70755800476339,0.8454803316525032,0.33222397863769815,0.07234390397940178,3.500819463007545e-05,10.104352108314561,18.0922650155623,nan,0.49294441767109126,nan
386.19,219.98033142089844,-177.13919067382812,-56.703006744384766,220.6700460589336,-177.6281970604483,-56.709233935749566,0.8455012158403834,0.3322742152022569,0.07236261342978477,3.571376118242054e-05,10.061211556088525,18.329384483669973,nan,nan,nan
386.2,219.97201538085938,-177.1308135986328,-56.70472717285156,220.6630697766384,-177.62382779123655,-56.709863191411394,0.8489084466070934,0.33220889683890864,0.07235358481939867,3.4994965226911165e-05,10.018335709958444,17.887495144578892,2.4326976579364388,0.6762878874540686,nan
386.21000000000004,219.96371459960938,-177.1224365234375,-56.70652770996094,220.6548122988108,-177.61541788304285,-56.71168743938735,0.8489247749757413,0.33225891917731715,0.07237229965616636,3.5700026705883944e-05,9.977357092769763,17.561417399331816,nan,nan,nan
386.22,219.9553985595703,-177.11407470703125,-56.708404541015625,220.64654571846745,-177.6070167229473,-56.71425671099417,0.8489466851342409,0.3323090265528246,0.07239107811110797,3.500297173173791e-05,10.175434435728278,18.62587596669281,nan,0.31321658274758607,nan
386.23,219.94708251953125,-177.10569763183594,-56.710357666015625,220.63828707676004,-177.59860745355792,-56.716244821465445,0.8489749648152928,0.332359219556998,0.07240992078875998,3.5708406029273216e-05,10.134500271872962,17.955881109979806,nan,nan,nan
386.24,219.9387664794922,-177.09732055664062,-56.7123908996582,220.6300547823569,-177.59017127775834,-56.716100789798645,0.8489965337200589,0.3324094979043027,0.07242882738805119,3.5011062828619613e-05,9.524081653464007,17.29314189191842,nan,3.445250173044645,nan
386.25,219.9304656982422,-177.0889434814453,-56.71449279785156,220.61548904447275,-177.57608871514108,-56.718112617649005,0.84058346800826,0.33234410156071925,0.07241979790137763,3.569482860048848e-05,9.21738688199957,17.0309376613606,1.9444559887748918,nan,nan
386.26,219.92214965820312,-177.08056640625,-56.7166748046875,220.60717458349987,-177.56771090686138,-56.72423252850111,0.840610511439729,0.3323941654454117,0.07243870926387022,3.4998038612608485e-05,10.449647214204592,18.459091546348212,nan,10.890114950453722,nan
386.27,219.91383361816406,-177.07220458984375,-56.7188835144043,220.59890493807254,-177.55928666892865,-56.726517417631044,0.8406128369262998,0.3324443148549193,0.0724576850265441,3.5703336384997135e-05,10.41602236682444,19.041769055215465,nan,nan,nan
386.28000000000003,219.905517578125,-177.06382751464844,-56.72108459472656,220.5906327472931,-177.55086495247335,-56.728989989210284,0.8406252174002689,0.3324945495694609,0.0724767249452548,3.500625033936956e-05,10.53668802518574,18.505825105810754,nan,0.0217732473883127,nan
386.29,219.89720153808594,-177.05545043945312,-56.72325897216797,220.58236213308976,-177.54244148094486,-56.73127339953294,0.8406363937429688,0.3325448700827661,0.07249582954002577,3.571191552648946e-05,10.517821812122326,18.488931905577736,nan,nan,nan
386.3,219.88888549804688,-177.0470733642578,-56.725399017333984,220.57842977617287,-177.53504470006675,-56.73178359911954,0.84476511466326,0.33247939519673225,0.0724867948528362,3.4993345371012444e-05,9.81083888652982,17.83029617465373,0.6244227771094795,2.3957939824435073,nan
386.31,219.8805694580078,-177.03871154785156,-56.72750473022461,220.5701658985124,-177.52662112008343,-56.73398679359973,0.8447727615031766,0.3325295009755942,0.07250590353821217,3.569850196465277e-05,9.789850493056386,18.387192132678628,nan,nan,nan
386.32,219.87225341796875,-177.03033447265625,-56.72956848144531,220.5618951619546,-177.5182044330491,-56.73677875933689,0.8447927683218173,0.33257969201681953,0.07252507660783988,3.500165066265767e-05,10.066452688623425,18.033581775453815,nan,0.27728661075092065,nan
386.33,219.8639373779297,-177.02195739746094,-56.73159408569336,220.5536304107886,-177.50978135869175,-56.73891147835051,0.8448089967326037,0.3326299687579521,0.07254431453132196,3.5707176395146925e-05,10.049166099289952,17.974872083483977,nan,nan,nan
386.34000000000003,219.85562133789062,-177.0135955810547,-56.733577728271484,220.54537319808108,-177.5013502658372,-56.740197796564324,0.844811272692124,0.3326803310629131,0.07256361713943364,3.501001091164766e-05,9.768833960527125,18.320110992846825,nan,0.4602361609690709,nan
386.35,219.8472900390625,-177.00521850585938,-56.73552322387695,220.52324401465867,-177.48867729179568,-56.74226922299221,0.83107862644117,0.3326147777944174,0.07255457367131705,3.569385889058279e-05,9.8836979004896,17.856874285002466,1.8623591714158136,nan,nan
386.36,219.83897399902344,-176.99684143066406,-56.737430572509766,220.51495430138775,-177.48025313052835,-56.74427914562385,0.8310734887504984,0.33266492524248553,0.0725738798438763,3.641317875119644e-05,9.865710414073675,17.57254539192117,nan,nan,nan
386.37,219.83065795898438,-176.9884796142578,-56.73929977416992,220.506664214235,-177.47182911131424,-56.74625185426814,0.8310592787884419,0.33271515817254194,0.07259325090747824,3.714695246693118e-05,9.846537034810815,18.16436330294172,nan,nan,nan
386.38,219.8223419189453,-176.9801025390625,-56.74113082885742,220.4983867355806,-177.46339130428493,-56.746729313370864,0.8310451057063616,0.3327654766086587,0.07261268686600052,3.636417752800827e-05,9.376576061328745,17.062032589700667,nan,1.3896809995528543,nan
386.39,219.8140106201172,-176.97174072265625,-56.742923736572266,220.49009584431803,-177.45496761828971,-56.74861494055413,0.8310426299829796,0.33281588093593983,0.07263218814459856,3.709660544519671e-05,9.355400004845519,17.91087692020004,nan,nan,nan
386.40000000000003,219.80569458007812,-176.96336364746094,-56.74468231201172,220.4763029547698,-177.44281747174065,-56.74991075793025,0.8243900159935144,0.332750248855434,0.07262313163739123,3.629384364074748e-05,9.10059748436654,16.882760238056907,0.6278501711281029,0.24606276456333842,nan
386.41,219.79737854003906,-176.9550018310547,-56.74640655517578,220.4680027028823,-177.4343851973878,-56.751721589486664,0.8243624380670108,0.3328004379333571,0.07264263563187452,3.702407630232786e-05,9.078795360397583,17.457765594331654,nan,nan,nan
386.42,219.7890625,-176.94662475585938,-56.74809646606445,220.4596855905502,-177.42597109226935,-56.755535074582916,0.8243564597341787,0.33285071246683096,0.07266220473839814,3.624770981222423e-05,9.81206908885552,17.555964628373637,nan,2.726304528688103,nan
386.43,219.78073120117188,-176.93824768066406,-56.749755859375,220.4513842950486,-177.41753896915367,-56.757299454658686,0.8243498149318957,0.3329010727974158,0.07268183933967595,3.697674563694043e-05,9.793957997544604,17.735660854537244,nan,nan,nan
386.44,219.7724151611328,-176.9298858642578,-56.75137710571289,220.44308096329732,-177.40910867282648,-56.75922918927713,0.8243232215955706,0.33295151888209373,0.0727015393514683,3.620299858255326e-05,9.926918782587089,18.27890160880476,nan,0.025762226170742402,nan
386.45,219.7640838623047,-176.9215087890625,-56.752967834472656,220.46313554079518,-177.41784504018366,-56.76081571046283,0.8573706972686561,0.3328858080478323,0.07269246608860613,3.6907472073028133e-05,10.337723894990429,17.806797808586044,10.809572091456472,nan,nan
386.46000000000004,219.75576782226562,-176.91314697265625,-56.7545280456543,220.45487488821198,-177.40945359441943,-56.76278884031958,0.857402585248376,0.33293603863247945,0.07271216810953639,3.61372632743389e-05,10.52677960769926,18.293924149350346,nan,0.06116249979882686,nan
386.47,219.7474365234375,-176.90476989746094,-56.75605773925781,220.4466158155627,-177.40105978030238,-56.76443053221045,0.8574528756784735,0.3329863549225352,0.07273193579882652,3.6863191818169336e-05,10.510442080135112,17.926954751278252,nan,nan,nan
386.48,219.73912048339844,-176.8964080810547,-56.75755310058594,220.43835681772532,-177.39266530530102,-56.765952062506905,0.8574807440525557,0.3330367569109235,0.07275176910863562,3.609548406454829e-05,10.53277212638509,18.30019311286746,nan,0.005429371187395441,nan
386.49,219.7307891845703,-176.88803100585938,-56.7590217590332,220.43009670665907,-177.38427147407174,-56.76753405128473,0.8575302162961497,0.3330872448855847,0.07277166836748276,3.682041541837163e-05,10.516930541545069,17.91874023567609,nan,nan,nan
386.5,219.72247314453125,-176.87966918945312,-56.760459899902344,220.42595376786065,-177.37292190454585,-56.768317407046595,0.8592118299725526,0.33302145496491337,0.0727625741412042,3.603286792953195e-05,9.892794714356917,18.04442171978378,2.197949217613793,0.35158222992713195,nan
386.51,219.71414184570312,-176.8712921142578,-56.761871337890625,220.41770204871662,-177.36451196282056,-56.76983502686651,0.8592590986557854,0.3330717271690908,0.07278247466515228,3.6755958384212997e-05,9.875622323914214,17.658562854115186,nan,nan,nan
386.52,219.705810546875,-176.86293029785156,-56.76325225830078,220.40945636501192,-177.3560944941827,-56.770260867818706,0.8592889400730698,0.33312208501246876,0.0728024410139315,3.599402010008057e-05,9.48468205523253,17.879020650509105,nan,0.7556628115399138,nan
386.53000000000003,219.69749450683594,-176.85455322265625,-56.76460647583008,220.40120358799456,-177.34768465577145,-56.77171380818809,0.8593227539199717,0.333172528753673,0.07282247348511729,3.671624375777612e-05,9.467362119133902,16.962099318592866,nan,nan,nan
386.54,219.6891632080078,-176.84619140625,-56.765933990478516,220.39295210942856,-177.3392726168213,-56.7728275597449,0.8593575619488705,0.33322305842943717,0.07284257207699824,3.5956611776847734e-05,9.383284738203496,17.742453897253828,nan,0.06543428593689705,nan
386.55,219.6808319091797,-176.8378143310547,-56.767234802246094,220.40231887724394,-177.33048749337914,-56.77434280786173,0.8736823299719171,0.3331571893916273,0.07283345304436496,3.6655008355201676e-05,8.889651204957534,17.382504728920622,8.207257228449327,nan,nan
386.56,219.67250061035156,-176.82945251464844,-56.76850891113281,220.39410836951393,-177.3220455009332,-56.77382468616884,0.8737241359173425,0.3332075030401007,0.07285355215492191,3.589856185861411e-05,8.269061668850869,17.395575500121232,nan,2.4030565258188377,nan
386.57,219.6641845703125,-176.82107543945312,-56.76976013183594,220.38588708110137,-177.3136157978109,-56.77515625142617,0.8737732181732351,0.3332579024995295,0.07287371755973047,3.661832340306115e-05,8.24935631041063,16.40276052389051,nan,nan,nan
386.58,219.65585327148438,-176.81271362304688,-56.7709846496582,220.3776666268347,-177.3051845755836,-56.77619805626365,0.8738245468416193,0.33330838783027666,0.0728939492831563,3.58640532351951e-05,8.182941595786069,17.25482223265162,nan,0.04739665283876279,nan
386.59000000000003,219.64752197265625,-176.80433654785156,-56.77218246459961,220.36944433957228,-177.2967549774691,-56.77747915218449,0.8738855008409439,0.3333589592556683,0.07291424758389307,3.658311962687962e-05,8.16410709153244,16.61593645082886,nan,nan,nan
386.6,219.63919067382812,-176.7959747314453,-56.77336120605469,220.35110177468746,-177.28415860848574,-56.77584763211006,0.863219031094373,0.33329301084409546,0.07290509958419086,3.580902312575788e-05,7.54188800862841,16.504632781059705,0.939176749433294,5.77042507210729,nan
386.61,219.630859375,-176.78759765625,-56.774513244628906,220.34286167934215,-177.27572338167693,-56.77705444486855,0.8632615263700518,0.3333433659720082,0.0729253976259293,3.652655229084883e-05,7.518347158981282,15.853015436822847,nan,nan,nan
386.62,219.62252807617188,-176.77923583984375,-56.77564239501953,220.33461746701863,-177.2672928892531,-56.77904838868737,0.8632975065569979,0.33339380690532167,0.07294576217898967,3.577736003879506e-05,7.637203760933577,16.58241043849655,nan,0.44228870327445474,nan
386.63,219.61419677734375,-176.77085876464844,-56.77674865722656,220.32637658050712,-177.25885811766165,-56.78021939285663,0.8633397283693913,0.3334443338486304,0.07296619348033391,3.649430538877341e-05,7.615666143167974,15.915205985300762,nan,nan,nan
386.64,219.60586547851562,-176.7624969482422,-56.777835845947266,220.31813586507712,-177.25042262643484,-56.78124556590567,0.8633725714906763,0.3334949468903397,0.07298669158677727,3.574708430323678e-05,7.582531705771116,16.483829782032934,nan,0.010345024399922253,nan
386.65000000000003,219.5975341796875,-176.75411987304688,-56.778900146484375,220.31599881614795,-177.25064556586688,-56.78227596847025,0.8733502124856404,0.3334289190170472,0.07297751068572532,3.6440793064527925e-05,7.997528503647567,15.742373795783548,4.097548475647896,nan,nan
386.66,219.58920288085938,-176.74575805664062,-56.77994155883789,220.30777252839334,-177.24222662379063,-56.78116287901521,0.8733984589796598,0.3334793154993721,0.07299800774905411,3.569639424539845e-05,7.6985029689255295,16.053704390562597,nan,3.3388160187025524,nan
386.67,219.58087158203125,-176.7373809814453,-56.78096389770508,220.29953711388413,-177.2338188941345,-56.782226472616735,0.8734599830123712,0.33352979790799603,0.07301857172972362,3.6411424996826686e-05,7.6736255811610965,15.38656921271506,nan,nan,nan
386.68,219.57254028320312,-176.72901916503906,-56.78196334838867,220.29129375512488,-177.2254209072703,-56.785304494608766,0.8735172616198515,0.3335803663459143,0.07303920270245284,3.566886513523059e-05,7.9150076091494,16.246355546181295,nan,2.8104401519205076,nan
386.69,219.564208984375,-176.7206573486328,-56.7829475402832,220.2830573626076,-177.21701339072277,-56.78634951577278,0.8735696222076795,0.33363102099589226,0.07305990087746791,3.6383455808251244e-05,7.892491742454372,16.160864224691057,nan,nan,nan
386.7,219.55587768554688,-176.7122802734375,-56.78390884399414,220.32373195305854,-177.2262912163633,-56.785725458206976,0.9240187907562016,0.33356491345446726,0.07305068294765481,3.5620990444303546e-05,7.5672529182139865,15.833368537509065,20.737813935547265,1.7581299632650198,nan
386.71000000000004,219.54754638671875,-176.70391845703125,-56.78485107421875,220.31557699255538,-177.21790203922512,-56.78671698088168,0.9241502128303056,0.33361535127447645,0.07307137926910641,3.633429783262606e-05,7.543495241344531,16.39821307704744,nan,nan,nan
386.72,219.53919982910156,-176.69554138183594,-56.78577423095703,220.30077445105192,-177.20285730236225,-56.78881861253904,0.9150817538763989,0.3290012114115307,0.06840463780317778,3.55951800124169e-05,10.21206042480793,18.818984803674258,nan,0.8634505306430437,0.009462767298577984
386.73,219.53086853027344,-176.6871795654297,-56.78668212890625,220.2926208033005,-177.19446185019422,-56.7897857517051,0.9152111638153823,0.32905463832167076,0.06841713617231099,3.6308119036570374e-05,10.178430684174861,18.99658988516893,nan,nan,nan
386.74,219.5225372314453,-176.67880249023438,-56.787567138671875,220.2844587988284,-177.18605754632705,-56.790592299450914,0.9153367240381202,0.3291081462252347,0.06842968902091076,3.557162890546394e-05,10.133482553665784,18.410017823200977,nan,0.014064033867889295,nan
386.75,219.5142059326172,-176.67044067382812,-56.788543701171875,220.28676859715597,-177.1839811398191,-56.7916092931046,0.9276778959872866,0.32903735019829045,0.06841991472637636,3.626179689622174e-05,10.320495693209912,19.044001097582452,2.00730061852653,nan,nan
386.76,219.505859375,-176.6620635986328,-56.789608001708984,220.27868468719512,-177.17566076252436,-56.7936481223173,0.9279317499156179,0.32909062943094286,0.06843250049903678,3.552777266618209e-05,10.484052182397683,18.976411015829513,nan,0.6374863867767862,nan
386.77,219.49752807617188,-176.65370178222656,-56.79075622558594,220.2705480290385,-177.16728181149827,-56.79481946631625,0.9280844810263195,0.3291439981517354,0.0684451518340156,3.6239252797220294e-05,10.4427566831551,19.201100766042774,nan,nan,nan
386.78000000000003,219.4891815185547,-176.64532470703125,-56.7919921875,220.26234617618408,-177.15883074912176,-56.79486682062988,0.9281596342150806,0.32919744805424594,0.06845785834061556,3.550673452249336e-05,10.183512336114104,18.67381199441818,nan,1.0051808197587442,nan
386.79,219.48085021972656,-176.636962890625,-56.793312072753906,220.25420851963287,-177.15045186956777,-56.796198583983916,0.9283115444056192,0.32925098760204413,0.06847063048507689,3.621798582929589e-05,10.143717408635348,18.856758788754036,nan,nan,nan
386.8,219.47251892089844,-176.6285858154297,-56.794715881347656,220.25468424001096,-177.1432590948092,-56.79873103947208,0.9363158080607286,0.3291800924316856,0.06846097380980974,3.5465421883714155e-05,10.134379309604723,18.61555708298426,1.2660697833352987,0.8433622801752098,nan
386.81,219.46417236328125,-176.62022399902344,-56.796199798583984,220.24655864318515,-177.1348729165423,-56.80024253573048,0.936487129120755,0.3292334028454703,0.06847377825642714,3.617559827328346e-05,10.094199821240725,19.57866998833119,nan,nan,nan
386.82,219.45584106445312,-176.6118621826172,-56.797767639160156,220.23848452429306,-177.1265436545738,-56.802833416535,0.9367248608348396,0.32928679462536825,0.06848663854247344,3.5446784606233946e-05,10.329698120648443,19.408860855069275,nan,0.6832012631665036,nan
386.83,219.44749450683594,-176.60348510742188,-56.799415588378906,220.23035849974403,-177.11815747740116,-56.804519670288606,0.9369043342114652,0.3293402757242192,0.0684995642877617,3.615680793510077e-05,10.290603362830584,19.154741808273,nan,nan,nan
386.84000000000003,219.4391632080078,-176.59512329101562,-56.80113983154297,220.222208763711,-177.10974544654087,-56.80582582443362,0.9370262876746452,0.32939383860653715,0.06851254636069476,3.542930665800659e-05,10.153498264221646,19.30347999377678,nan,0.14641596929433381,nan
386.85,219.43081665039062,-176.5867462158203,-56.80294418334961,220.19820611990946,-177.09640526404525,-56.80759912100138,0.9212277741202124,0.3293228527325994,0.06850301305234353,3.611691478220491e-05,10.229989875719873,18.734131616746243,2.3483813329050287,nan,nan
386.86,219.4224853515625,-176.57838439941406,-56.80482864379883,220.18998646878723,-177.08794423776317,-56.80816288414398,0.9212601754978053,0.3293761862686713,0.06851602721212789,3.5391546479812324e-05,9.908082436710217,18.62045075743462,nan,1.270706880092101,nan
386.87,219.4141387939453,-176.57000732421875,-56.80678939819336,220.18183486472108,-177.0795575493111,-56.81014800257662,0.9214173697080027,0.32942960880129324,0.06852910666996892,3.6100477117354485e-05,9.871354200953606,18.341946068006145,nan,nan,nan
386.88,219.4058074951172,-176.5616455078125,-56.80882263183594,220.17364011413002,-177.071124557969,-56.81134081460718,0.9214891071591405,0.3294831132934423,0.0685422430880926,3.537630246284726e-05,9.702369991631462,18.47365644713152,nan,0.5223710040244594,nan
386.89,219.3974609375,-176.55328369140625,-56.81093215942383,220.1654881279139,-177.06273833472974,-56.8134709557815,0.9216378053801223,0.3295367069456665,0.0685554449046943,3.608517311890317e-05,9.665588685003033,18.75946080120856,nan,nan,nan
386.90000000000003,219.38912963867188,-176.54490661621094,-56.81311798095703,220.18075721614247,-177.06572746725226,-56.81659226451106,0.9475973042055252,0.32946562330812135,0.06854602184016047,3.5340780021787535e-05,10.005960744368908,18.259098657090274,5.750304586062503,0.6334873185878919,nan
386.91,219.3807830810547,-176.5365447998047,-56.815330505371094,220.17264464610312,-177.05736313208214,-56.81885869565713,0.9477916023915405,0.32951898715902045,0.06855925509602977,3.6048740775303496e-05,9.974128323338945,19.208962056314185,nan,nan,nan
386.92,219.37245178222656,-176.52818298339844,-56.817535400390625,220.16459994955125,-177.04907201396344,-56.822562037869666,0.9480766679141234,0.32957243313837425,0.06857254591943869,3.5327647216090254e-05,10.309105361874536,19.14912804362843,nan,1.407551276543262,nan
386.93,219.36410522460938,-176.51980590820312,-56.81971740722656,220.15648695067082,-177.0407082395569,-56.824838421244934,0.9482796335419678,0.329625967964134,0.06858590200830395,3.603560847372613e-05,10.287719540436099,18.867898761453187,nan,nan,nan
386.94,219.3557586669922,-176.51144409179688,-56.82186508178711,220.14827943098655,-177.03224402459767,-56.82507292891215,0.9483311772006124,0.3296795853271353,0.06859931612723091,3.531553052116502e-05,9.816222578739284,18.95144094261715,nan,2.8091957562634358,nan
386.95,219.34742736816406,-176.50308227539062,-56.823970794677734,220.15094523766214,-177.03610420831288,-56.82738042256793,0.9642432126498262,0.3296084111174241,0.06859000693897292,3.60013424348517e-05,10.562181293164564,18.87696777016942,12.013037997354603,nan,nan
386.96000000000004,219.33908081054688,-176.4947052001953,-56.8260383605957,220.14272084670066,-177.0276438788745,-56.8266422128101,0.9642931647476631,0.3296617984621614,0.06860345220179473,3.5283094544382266e-05,10.216669297525126,18.348414217352353,nan,5.820932031744359,nan
386.97,219.33074951171875,-176.48634338378906,-56.828067779541016,220.13462952370753,-177.019324957126,-56.828731217054816,0.9645169108632246,0.32971527434635,0.06861696261504849,3.5990251740845745e-05,10.184887493783219,18.41487374892698,nan,nan,nan
386.98,219.32240295410156,-176.4779815673828,-56.830055236816406,220.12649601524944,-177.0109620213902,-56.82985354464264,0.9646936591580969,0.3297688329243948,0.06863053162973133,3.527291254493027e-05,10.139731870350108,18.791803691644652,nan,0.5981961679446336,nan
386.99,219.31405639648438,-176.46961975097656,-56.83200454711914,220.11840433232365,-177.00264348549155,-56.831855861070515,0.9649300107016792,0.3298224802152016,0.06864416592108148,3.598014204518712e-05,10.10526037631964,18.732027902534533,nan,nan,nan
387.0,219.30572509765625,-176.46124267578125,-56.83391571044922,220.1350433137356,-177.00878165323948,-56.83510522010061,0.9937650880818065,0.32975120958041676,0.06863495919480768,3.524239732115535e-05,10.571748589538297,18.430268608152794,9.389737061872188,1.1120362540245632,nan
387.01,219.29737854003906,-176.452880859375,-56.83578872680664,220.12699403445765,-177.00049796463279,-56.8370448498962,0.9940563064512665,0.3298046264097177,0.06864862395903262,3.594884499158589e-05,10.542374557975661,19.29621216671782,nan,nan,nan
387.02,219.28903198242188,-176.44451904296875,-56.837623596191406,220.11898544869197,-176.99225707598768,-56.83989002946562,0.9944067808040047,0.32985812608021653,0.06866234787079437,3.523402521907073e-05,10.611294764238114,19.3764777162077,nan,0.61855426404828,nan
387.03000000000003,219.28070068359375,-176.4361572265625,-56.839420318603516,220.11093555889417,-176.98397345550146,-56.84176635252781,0.99468491128054,0.3299117141686026,0.0686761369724546,3.5940592399526275e-05,10.586361441966147,18.981388589060263,nan,nan,nan
387.04,219.27235412597656,-176.4277801513672,-56.841182708740234,220.10290916127823,-176.97571435223432,-56.84416283968409,0.9950188120459361,0.3299653854957971,0.06868998565837638,3.5226522060601256e-05,10.654046122803678,18.924435471153394,nan,0.21491789835534897,nan
387.05,219.26400756835938,-176.41941833496094,-56.84291076660156,220.1309979166207,-176.98586635538413,-56.845975967148064,1.035637494142625,0.3298940244667426,0.06868088319061134,3.59111323817034e-05,11.057240373663873,20.42422019062497,14.770970365099748,nan,nan
387.06,219.25567626953125,-176.4110565185547,-56.8446044921875,220.12292405786755,-176.97753301257802,-56.8457277905408,1.035864666090297,0.3299474651083038,0.06869476197591108,3.519862385291248e-05,10.800163476770187,19.714803368294223,nan,2.8663048046480055,nan
387.07,219.24732971191406,-176.40269470214844,-56.84626388549805,220.11493487236174,-176.96928693011765,-56.84745275314055,1.0362272340740861,0.33000099388134707,0.06870870588186696,3.590460830553452e-05,10.771931151732728,20.143533323983387,nan,nan,nan
387.08,219.23898315429688,-176.3943328857422,-56.84789276123047,220.106951909433,-176.9610476222302,-56.849301918822725,1.0365989283085226,0.33005460602576653,0.06872270988310827,3.519275563153971e-05,10.757390348287847,20.066090528060418,nan,0.01711736310777132,nan
387.09000000000003,219.2306365966797,-176.38595581054688,-56.849483489990234,220.09896227845093,-176.95280183432433,-56.850964228290835,1.0369696701840978,0.3301083064868841,0.06873677915667986,3.589891312994347e-05,10.731972928206316,19.690171600822946,nan,nan,nan
387.1,219.22230529785156,-176.37759399414062,-56.85104751586914,220.11253480500304,-176.95457596819347,-56.85359412089069,1.060859679214083,0.3300368503178938,0.06872777099056858,3.516646788729173e-05,10.99596899139131,20.389374749177893,4.8191338170182565,0.5737563095068351,nan
387.11,219.21395874023438,-176.36923217773438,-56.852577209472656,220.10458018720186,-176.94634788937572,-56.855205964148226,1.0612615213852308,0.33009031966446395,0.06874186966999792,3.587194010468047e-05,10.973321380281202,20.897945596728956,nan,nan,nan
387.12,219.2056121826172,-176.36087036132812,-56.85408020019531,220.09663406015594,-176.93812869406273,-56.857011541172945,1.0616759212321498,0.33014387250448984,0.0687560289314777,3.516211400757752e-05,10.994320314083351,20.832022754491916,nan,0.03491822044981823,nan
387.13,219.197265625,-176.35250854492188,-56.85554885864258,220.08867880960145,-176.92990053175308,-56.858566775198405,1.0620772476418625,0.3301975133888208,0.06877025342303811,3.5867795247221164e-05,10.97324955547485,20.90019000600521,nan,nan,nan
387.14,219.1889190673828,-176.34413146972656,-56.856990814208984,220.08068935981234,-176.92163809015935,-56.859206980186784,1.062437321678405,0.33025123815158947,0.06878453890858577,3.5158486021766396e-05,10.829899629223732,20.249950477925232,nan,0.5499372233861979,nan
387.15000000000003,219.1805877685547,-176.3357696533203,-56.858402252197266,220.06421165734386,-176.9053504284466,-56.860702416951156,1.051293834753287,0.33017969182477735,0.06877562528108562,3.584234444384119e-05,10.394373595554814,19.887348077723843,3.92081478496958,nan,nan
387.16,219.1722412109375,-176.32740783691406,-56.85978698730469,220.05621365748036,-176.8970700657564,-56.86147661630449,1.0516297808937962,0.3302331852403116,0.06878993972388259,3.5134365245494574e-05,10.297424236701078,20.213316839716303,nan,0.33198172254830305,nan
387.17,219.1638946533203,-176.3190460205078,-56.86114501953125,220.0482411814482,-176.8888153095746,-56.86290548513331,1.0520023402134788,0.33028676643712684,0.06880431937079752,3.583962827288667e-05,10.272161608709972,20.165164298366737,nan,nan,nan
387.18,219.15554809570312,-176.31068420410156,-56.86247634887695,220.04029414499897,-176.88058592964984,-56.86500779551976,1.0524114959223934,0.330340431618482,0.06881876046531768,3.513208618316911e-05,10.3377287152222,20.21671773264463,nan,0.34320569504548387,nan
387.19,219.14720153808594,-176.3023223876953,-56.86377716064453,220.03232116685737,-176.8723310665244,-56.866391348091476,1.0527836839317786,0.33039418477928933,0.06883326693970994,3.583759651250235e-05,10.31579231218437,20.276626106117366,nan,nan,nan
387.2,219.13885498046875,-176.2939453125,-56.865055084228516,220.01099067063112,-176.85435145954136,-56.8677531992428,1.0366691813309405,0.33032254453772003,0.06882443910788091,3.510928488056285e-05,9.920013074118891,19.23156377038616,4.698158535363577,0.0014121210117464425,nan
387.21000000000004,219.13050842285156,-176.28558349609375,-56.86630630493164,220.0029930916456,-176.8460692935636,-56.869086538122616,1.0370060540530441,0.3303760659380824,0.06883897382346524,3.581418028075505e-05,9.898237515813191,19.72902924965005,nan,nan,nan
387.22,219.12216186523438,-176.2772216796875,-56.86753463745117,219.99498696959998,-176.83777907791443,-56.87015736225083,1.0373307756945944,0.3304296714181363,0.06885357041764288,3.510824269679362e-05,9.848230892871541,19.623580692607597,nan,0.03987820448848283,nan
387.23,219.1138153076172,-176.26885986328125,-56.868736267089844,219.98698909051964,-176.8294972742151,-56.871440561182126,1.037667612915298,0.33048336462940947,0.06886823239048316,3.5813412130945627e-05,9.826544875791999,19.637581990468938,nan,nan,nan
387.24,219.10546875,-176.260498046875,-56.86991500854492,219.9790663498011,-176.82128889631315,-56.87490302822412,1.038115611833336,0.33053714229221176,0.06888295663087794,3.510779311127544e-05,10.301212040367409,20.077980167926853,nan,3.403817570300724,nan
387.25,219.0971221923828,-176.2521209716797,-56.871070861816406,219.97542373802145,-176.8201106380421,-56.87608644410125,1.0459689394199845,0.3304654121943168,0.06887421353516394,3.579122840938105e-05,10.743291555981775,19.794519284244448,4.228295203554312,nan,nan
387.26,219.08877563476562,-176.24375915527344,-56.8722038269043,219.9674088076485,-176.8118305206731,-56.87653605500698,1.0462887253897015,0.3305189578549559,0.068888965496795,3.5086743777120415e-05,10.54606743946767,20.069497887423612,nan,0.43429933863354864,nan
387.27,219.08042907714844,-176.2353973388672,-56.873313903808594,219.95942009918778,-176.8035755664922,-56.87774242737304,1.0466476613425584,0.330572591008166,0.0689037828503979,3.579161280877896e-05,10.529920564255656,20.06351462335293,nan,nan,nan
387.28000000000003,219.07208251953125,-176.22703552246094,-56.8744010925293,219.95140003026356,-176.79529058735113,-56.87797109575416,1.046960289780298,0.3306263086918752,0.06891866287210884,3.508738051379526e-05,10.31613618179952,19.854003117735754,nan,0.6425463816682743,nan
387.29,219.06373596191406,-176.2186737060547,-56.875465393066406,219.94341088593447,-176.7870353495909,-56.87912545365444,1.0473186362502074,0.3306801140794809,0.06893360848357948,3.579254945718169e-05,10.298199750190737,19.84998739272566,nan,nan,nan
387.3,219.05538940429688,-176.21031188964844,-56.87651062011719,219.92790531133735,-176.77364112424019,-56.88084533039577,1.0385772115243024,0.3306082912299613,0.06892494236808115,3.5067387181428535e-05,10.25292154034154,19.665152596745695,1.7590998090366479,0.34276758504884886,nan
387.31,219.0470428466797,-176.20193481445312,-56.877532958984375,219.9199021866187,-176.76537200007365,-56.881963971010066,1.0389246956956733,0.33066186421837107,0.06893991496148573,3.5771990353314554e-05,10.23837140245717,19.209891967800985,nan,nan,nan
387.32,219.0386962890625,-176.19357299804688,-56.878536224365234,219.9119250729581,-176.7571273691071,-56.88390722136325,1.0393030769576481,0.3307155218054215,0.06895495060295609,3.50690094762151e-05,10.483344110494762,19.9152570849552,nan,0.5010149007693362,nan
387.33,219.0303497314453,-176.18521118164062,-56.879520416259766,219.9039215484447,-176.74885791286616,-56.8849957703901,1.0396419270978425,0.33076926687239183,0.06897005186936944,3.577393188906914e-05,10.470144412101078,19.867350506563316,nan,nan,nan
387.34000000000003,219.02200317382812,-176.17684936523438,-56.88048553466797,219.895899793858,-176.7405714491845,-56.885467413989595,1.0399532246953702,0.3308230968969048,0.06898521655217357,3.507110442491117e-05,10.311284018295607,19.69385544277662,nan,0.25158300747077633,nan
387.35,219.01365661621094,-176.16848754882812,-56.88142776489258,219.91455844583604,-176.73867120687376,-56.88646028284827,1.0661889310816948,0.33075118455960756,0.06897662530319744,3.5754347194205294e-05,10.003042527414987,20.42356585324158,6.712804748387992,nan,nan
387.36,219.00531005859375,-176.1601104736328,-56.882354736328125,219.90661771375878,-176.73041620226024,-56.888227862499704,1.0666014283580219,0.33080478193439666,0.06899181638086892,3.505249275375152e-05,10.25187182331026,20.081990899773963,nan,0.3867212766923319,nan
387.37,218.9969482421875,-176.15174865722656,-56.883262634277344,219.89865488105335,-176.72214095804748,-56.889244064099366,1.0669854811164172,0.33085846657441,0.06900707313109797,3.575719522210666e-05,10.239978888953942,21.037662712086433,nan,nan,nan
387.38,218.9886016845703,-176.1433868408203,-56.884151458740234,219.89063383363901,-176.71381242708662,-56.88822298258532,1.0672693777707607,0.33091223622447574,0.06902239365041858,3.5055440680397835e-05,9.684480408571456,20.00936195695561,nan,2.8723597587290786,nan
387.39,218.98025512695312,-176.13502502441406,-56.885128021240234,219.88267055465292,-176.70553704625092,-56.889238228656154,1.0676396700272928,0.33096609336380095,0.0690377800596452,3.57604784688386e-05,9.656346052702707,20.009391758939703,nan,nan,nan
387.40000000000003,218.97190856933594,-176.1266632080078,-56.88619613647461,219.88160282768888,-176.69237749869606,-56.8928860504559,1.071270767508521,0.3308940893773111,0.06902925670403383,3.503765366851784e-05,9.876437719355412,20.825949162560246,6.346650713051851,4.422467768948655,nan
387.41,218.96356201171875,-176.1182861328125,-56.88734436035156,219.87364683823367,-176.68407141965756,-56.89410392666858,1.071640365980969,0.33094771348583657,0.06904466874446634,3.574215817521965e-05,9.851253203556118,20.405632407006102,nan,nan,nan
387.42,218.9552001953125,-176.10992431640625,-56.88858413696289,219.8656446563116,-176.6757238869852,-56.89371666162489,1.0719443145241478,0.3310014226466464,0.06906014488834343,3.5041366503584445e-05,9.297026324195706,20.7013481350387,nan,2.016651870269788,nan
387.43,218.9468536376953,-176.1015625,-56.8899040222168,219.85768812295234,-176.6674178743263,-56.89509050968013,1.0723053034652035,0.3310552190959109,0.06907568698838683,3.574621990479042e-05,9.27069478617018,20.280485297286347,nan,nan,nan
387.44,218.93850708007812,-176.09320068359375,-56.89130783081055,219.8497493332063,-176.6591278495411,-56.89723225250656,1.0726933857425127,0.3311091009441623,0.06909129354219244,3.504544733081473e-05,9.492740646897817,20.49553706840812,nan,0.3283735327735449,nan
387.45,218.93016052246094,-176.0848388671875,-56.89279556274414,219.8476310439615,-176.6611963141261,-56.89871927210245,1.0835013404683371,0.33103700790404433,0.06908283512914917,3.5728650690516314e-05,10.07530872269755,20.71139040062272,7.983336524541436,nan,nan
387.46000000000004,218.9217987060547,-176.0764617919922,-56.89436340332031,219.8397017253285,-176.6529413654763,-56.900924493839796,1.0839362063079157,0.33109065646288344,0.06909846666445497,3.502872114146845e-05,10.296237133088807,20.955282844668616,nan,0.2324422952545586,nan
387.47,218.9134521484375,-176.06809997558594,-56.89601135253906,219.83175746976144,-176.6446733395577,-56.90264312372029,1.0843272050458665,0.33114439211798014,0.06911416423238939,3.573340605596747e-05,10.271625031687554,20.929948698344816,nan,nan,nan
387.48,218.9051055908203,-176.0597381591797,-56.89773941040039,219.82379792862992,-176.63639237537922,-56.90383788177884,1.0846948363313618,0.3311982131997454,0.06912992656456361,3.503345362097591e-05,10.076104011063837,20.69163996461108,nan,0.25781778015124057,nan
387.49,218.89675903320312,-176.05137634277344,-56.8995475769043,219.81585323787428,-176.62812484078225,-56.90571150123742,1.0850857021354146,0.33125212161361395,0.06914575516359611,3.573849600514115e-05,10.051430342388162,20.62253348903062,nan,nan,nan
387.5,218.88839721679688,-176.0430145263672,-56.901432037353516,219.7977076925957,-176.61030772201855,-56.90710362723337,1.071773893207703,0.331179937969854,0.06913735532441799,3.501735461973398e-05,9.464209045507616,20.570206553844862,4.913694334193867,0.16426679372770608,nan
387.51,218.8800506591797,-176.03463745117188,-56.90339279174805,219.78974400929576,-176.6020110496252,-56.90912800970188,1.072141634389899,0.3312336127284658,0.06915320811563445,3.572188350739557e-05,9.441425500737925,19.559946844130263,nan,nan,nan
387.52,218.8717041015625,-176.02627563476562,-56.90542984008789,219.78174192272957,-176.59368144599745,-56.90959694106912,1.0724437306006924,0.3312873729319898,0.06916912596552524,3.502266375725926e-05,8.990468661822211,19.598350286861518,nan,1.879735186083752,nan
387.53000000000003,218.86334228515625,-176.01791381835938,-56.90754318237305,219.77377821600186,-176.58538484779845,-56.91175862586422,1.072816257982317,0.33134122028808044,0.06918511017404481,3.572755936189532e-05,8.965764466321549,20.022200143139557,nan,nan,nan
387.54,218.85499572753906,-176.00955200195312,-56.909725189208984,219.76583763725557,-176.57710801326033,-56.91500956385259,1.0732104803263596,0.33139515342467596,0.06920115977627121,3.5028252126222444e-05,9.239859667538678,19.953358164453498,nan,0.724361449234891,nan
387.55,218.84664916992188,-176.00119018554688,-56.91194152832031,219.73797481376414,-176.56697820021256,-56.91729225126114,1.055749075844329,0.3313228812230912,0.06919281491238868,3.5711509938677084e-05,9.632252015533581,19.312044510884846,5.595537176372221,nan,nan
387.56,218.8383026123047,-175.99282836914062,-56.91415023803711,219.73000120693516,-176.55871476891818,-56.92050424795111,1.0561222346684793,0.3313765804387933,0.06920888799896745,3.5012943553856124e-05,9.957957206196099,19.628188399618953,nan,0.5730478478102005,nan
387.57,218.82994079589844,-175.98446655273438,-56.91632843017578,219.72200776638257,-176.55043455486887,-56.92280835342695,1.0564777558823477,0.3314303666352214,0.06922502754391899,3.5717700351400893e-05,9.954456507312903,20.194624081084335,nan,nan,nan
387.58,218.82159423828125,-175.97610473632812,-56.91847610473633,219.71402258905346,-176.54216130465758,-56.92546950745689,1.056833623373393,0.33148423861726767,0.06924123275651198,3.501901463969297e-05,10.150018623414038,19.805614668282857,nan,0.10512277695775753,nan
387.59000000000003,218.81324768066406,-175.9677276611328,-56.92058563232422,219.70602906998178,-176.53388131258194,-56.92771304125914,1.0571846414507646,0.33153819782650573,0.06925750467588218,3.572414118545186e-05,10.151224870174005,19.29098123412503,nan,nan,nan
387.6,218.8048858642578,-175.95936584472656,-56.92265701293945,219.7136463430441,-176.5283857581042,-56.93091542299731,1.0722394653065497,0.33146583601539525,0.06924920887212395,3.5004169212457135e-05,10.452335814335346,21.11131102349386,2.538809130778045,0.7158387331454787,nan
387.61,218.79653930664062,-175.9510040283203,-56.9246826171875,219.7056770222008,-176.52009927569338,-56.93309213115187,1.0726003479216812,0.3315195609520652,0.06926550345957991,3.570879270816832e-05,10.459507990358965,20.774953997376084,nan,nan,nan
387.62,218.78819274902344,-175.94264221191406,-56.926673889160156,219.6977166335038,-176.51181999613306,-56.93567016973306,1.0729762250641164,0.3315733716710392,0.06928186397480797,3.501066070524608e-05,10.765924331608717,20.918382823935282,nan,0.13671181270370497,nan
387.63,218.77984619140625,-175.9342803955078,-56.92862319946289,219.68974734672446,-176.50353362521932,-56.937773877173306,1.07333735930925,0.3316272694565259,0.0692982913086072,3.5715660068885075e-05,10.77408271966278,20.958147213168953,nan,nan,nan
387.64,218.771484375,-175.92591857910156,-56.93053436279297,219.68175519383493,-176.495229065848,-56.93866103640018,1.0736728723246243,0.3316812533500945,0.06931478489258727,3.501735820161631e-05,10.290669898350359,20.905447148236416,nan,0.9797527734214995,nan
387.65000000000003,218.7631378173828,-175.9175567626953,-56.93240737915039,219.68347217855154,-176.48181485014422,-56.94070804408459,1.0795700193307038,0.33160880353301414,0.0693065340637535,3.570072060865805e-05,9.734061179426133,20.658073083945457,7.4648322870938,nan,nan
387.66,218.75479125976562,-175.90919494628906,-56.93424606323242,219.67548896945618,-176.47347497325563,-56.94129554735015,1.0798823624308151,0.3316625528826067,0.06932304955426766,3.5003081410858784e-05,9.199732244420769,20.032468092130053,nan,1.3702445665193828,nan
387.67,218.74642944335938,-175.9008331298828,-56.93604278564453,219.66753183072862,-176.4651556646582,-56.94322628846711,1.0802504959431594,0.3317163891446887,0.06933963198100114,3.570795592678786e-05,9.20077559009437,20.604438866182083,nan,nan,nan
387.68,218.7380828857422,-175.89247131347656,-56.937808990478516,219.65952746213802,-176.4568000743882,-56.94252274256614,1.0805319417861319,0.3317703115000049,0.06935628090075718,3.501012369440531e-05,8.366457990720198,19.129426941368912,nan,4.76724377342283,nan
387.69,218.729736328125,-175.8841094970703,-56.939537048339844,219.65157007937282,-176.4484810044344,-56.944357846215595,1.0808866283547929,0.33182432102355225,0.0693729970167152,3.571537318936513e-05,8.358760998443351,19.170793911410936,nan,nan,nan
387.7,218.72137451171875,-175.87574768066406,-56.94123077392578,219.64185966425748,-176.44002813590822,-56.946971412301004,1.0796936154038153,0.33175178254599047,0.06936478557730438,3.499617742411402e-05,8.66886461253858,19.899232636019974,0.8668349256464846,0.3218731321552369,nan
387.71000000000004,218.71302795410156,-175.8673858642578,-56.94289016723633,219.63389930181987,-176.43171053379248,-56.948748914727965,1.0800466177976351,0.33180555718680227,0.06938152275542188,3.5700927750280856e-05,8.665138997083629,19.397242008398383,nan,nan,nan
387.72,218.70468139648438,-175.85902404785156,-56.94451904296875,219.62546484502684,-176.4273607609209,-56.95136564543502,1.082079319873333,0.3318401763858351,0.06813703737306576,3.500255316649399e-05,11.403737702921907,22.061321947305466,nan,0.5405194295660269,0.012412570675289815
387.73,218.69631958007812,-175.8506622314453,-56.94611358642578,219.6175011694965,-176.4190496481385,-56.95308778420636,1.0824455716446946,0.3318938967081366,0.0681496701666583,3.5707660443930124e-05,11.391540991940822,22.548983805905547,nan,nan,nan
387.74,218.68797302246094,-175.84230041503906,-56.94767379760742,219.60950665981937,-176.41063287705276,-56.952320208879605,1.0827038474575281,0.33194770223992426,0.06816236046995633,3.501006935547386e-05,10.61160719225291,21.32022481318918,nan,4.2654069028796835,nan
387.75,218.67962646484375,-175.8339385986328,-56.9492073059082,219.60784791793236,-176.40538206336086,-56.95407110639731,1.0900304380656196,0.3318757643076076,0.06815253062118519,3.569353518539323e-05,10.695895504716448,21.455698616782993,1.0153640427784927,nan,nan
387.76,218.6712646484375,-175.82557678222656,-56.95071029663086,219.59990035943926,-176.39709819209057,-56.95618683902734,1.0904269797640305,0.3319293385319037,0.06816525304434791,3.4996547182782966e-05,10.85560217079239,22.094747454229218,nan,0.18191156388130403,nan
387.77,218.6629180908203,-175.8172149658203,-56.952178955078125,219.59194674930544,-176.38879309000183,-56.95777082412105,1.0907919459406172,0.33198299817245625,0.06817803817999983,3.5701535029013514e-05,10.840575053019027,21.686665034665914,nan,nan,nan
387.78000000000003,218.65457153320312,-175.80885314941406,-56.95362091064453,219.5839867993539,-176.38046550074725,-56.95877798272527,1.0911370273908005,0.332036742986832,0.06819088133497048,3.500429787807104e-05,10.690801139593994,21.461568689650075,nan,0.21200072433438408,nan
387.79,218.64620971679688,-175.8004913330078,-56.95503616333008,219.57603285390448,-176.37216021051515,-56.96029964849075,1.09151457896226,0.33209057348798054,0.06820378736525219,3.570966222323803e-05,10.67277841415423,21.860504458756463,nan,nan,nan
387.8,218.6378631591797,-175.79212951660156,-56.9564208984375,219.57182876746833,-176.36709573790816,-56.96149650182275,1.096769654421241,0.33201854938014597,0.06819407616588422,3.499100108216051e-05,10.777858967666821,21.518003121936083,0.7457411915029855,0.07571842283735478,nan
387.81,218.62950134277344,-175.7837677001953,-56.95777893066406,219.56388181218648,-176.35880146491633,-56.96296120416088,1.097158852741186,0.3320721482443753,0.068207013786974,3.569586683160076e-05,10.76037214134462,21.944668219871808,nan,nan,nan
387.82,218.62115478515625,-175.77540588378906,-56.959110260009766,219.55593817855805,-176.35052031352438,-56.96473695655873,1.0975464726304878,0.33212583224173303,0.06822000991510747,3.499894606321923e-05,10.879694456115352,21.562797520265235,nan,0.08031645248456558,nan
387.83,218.61280822753906,-175.7670440673828,-56.96041488647461,219.54799089049695,-176.34222615180505,-56.96615318292792,1.097922570759659,0.3321796018242069,0.06823306891886147,3.570419082808552e-05,10.864594182910158,21.538950513482053,nan,nan,nan
387.84000000000003,218.6044464111328,-175.75868225097656,-56.961692810058594,219.5400435010143,-176.33393206795972,-56.96754426405823,1.0983116616187754,0.3322334569822269,0.06824618883359784,3.6423754300505615e-05,10.84926201047669,22.013295122794784,nan,nan,nan
387.85,218.59609985351562,-175.7503204345703,-56.96294403076172,219.5343843308891,-176.32172963741016,-56.96903038128858,1.0986006013255405,0.3321613473454536,0.06823659660578844,3.713395877871848e-05,10.466633156673396,21.650791359835,4.285502040679348,nan,nan
387.86,218.58773803710938,-175.74195861816406,-56.96417236328125,219.52641569352562,-176.31332812694225,-56.96806475027672,1.0989058234867302,0.33221497041696074,0.06824974565357979,3.635158099256959e-05,9.852905057469808,21.464520724615223,nan,3.488238093943548,nan
387.87,218.5793914794922,-175.7335968017578,-56.96537399291992,219.51846895458246,-176.30501095824923,-56.96936261382304,1.0992709181805111,0.3322686789857801,0.06826295774531436,3.7083352741159155e-05,9.832814101567322,20.994358715694503,nan,nan,nan
387.88,218.57102966308594,-175.72523498535156,-56.966552734375,219.5105061779558,-176.29663096647982,-56.968865887061504,1.0995975808980687,0.33232247293494777,0.06827622906283921,3.630374357679116e-05,9.518553482552568,21.127216143383173,nan,2.056258135656278,nan
387.89,218.56268310546875,-175.7168731689453,-56.967708587646484,219.50255915623092,-176.2883137848121,-56.97010014431131,1.0999623119915374,0.3323763526562579,0.06828956359571192,3.7034255165244455e-05,9.493598965904495,20.590053024225885,nan,nan,nan
387.90000000000003,218.5543212890625,-175.70851135253906,-56.968841552734375,219.47619451617774,-176.27676410951986,-56.97256001145455,1.082947491628011,0.3323041575170686,0.06828008208369835,3.6234747854593796e-05,10.014668036491019,20.74175052661554,4.871269130553764,1.1927598608435637,nan
387.91,218.5459747314453,-175.7001495361328,-56.96995162963867,219.46821999136623,-176.26845810533283,-56.97376161762409,1.0832938037675692,0.3323578049800015,0.06829344734089919,3.696315185921209e-05,9.994059694006085,20.26302908968374,nan,nan,nan
387.92,218.53762817382812,-175.69178771972656,-56.97104263305664,219.4602562814123,-176.26019666302108,-56.97627290508301,1.0836783228740143,0.3324115377737191,0.06830687228396976,3.618988663995869e-05,10.325656512545269,20.517805909501945,nan,1.1683541319927728,nan
387.93,218.52926635742188,-175.6834259033203,-56.97210693359375,219.45228160418094,-176.25189069140094,-56.97744555353076,1.0840377585213932,0.3324653562439869,0.06832036045549021,3.6917175959835616e-05,10.309858085168546,21.074047688130502,nan,nan,nan
387.94,218.5209197998047,-175.67506408691406,-56.97315216064453,219.44430267145387,-176.24356685627984,-56.9780499874665,1.0843686251175042,0.3325192603451264,0.06833390870471703,3.6146494594454404e-05,10.170206321686218,20.415078214182746,nan,0.19840764179987644,nan
387.95,218.51255798339844,-175.6667022705078,-56.97417449951172,219.45991798646082,-176.23237994476588,-56.97925936401573,1.103407477953365,0.3324469802367514,0.06832453724344208,3.684940813321062e-05,9.22920992948459,21.66523199132567,24.0616301062506,nan,nan
387.96000000000004,218.5041961669922,-175.6583251953125,-56.975181579589844,219.4519739664655,-176.22402510756783,-56.98036834105552,1.103778080229281,0.33250065186041033,0.06833811734357459,3.758921909752067e-05,9.213083919596276,20.930141436320937,nan,nan,nan
387.97,218.495849609375,-175.64996337890625,-56.976165771484375,219.44402976893602,-176.2156698869194,-56.981458040433026,1.104127472850939,0.3325544089865112,0.06835175920804547,3.834366455273787e-05,9.197052363940582,21.065233741796817,nan,nan,nan
387.98,218.48748779296875,-175.6416015625,-56.97712707519531,219.436102039688,-176.20738763182302,-56.984926011632986,1.1045558784997156,0.33260825168194397,0.06836546145826851,3.748388560258716e-05,10.058174852421574,22.48427109509639,nan,3.527465946509602,nan
387.99,218.47914123535156,-175.63323974609375,-56.97807312011719,219.42815761930459,-176.19903200148724,-56.98600220411998,1.10490535506334,0.33266218024682404,0.06837922728072665,3.8235525735738874e-05,10.04936514461111,21.87000932591445,nan,nan,nan
388.0,218.4707794189453,-175.6248779296875,-56.979000091552734,219.38514825610832,-176.17282846640444,-56.98755801114958,1.066017541624454,0.3325898153003646,0.06836995829740956,3.735810355828573e-05,9.964130511199361,21.71197879349101,14.056791023756123,0.205771630691523,nan
388.01,218.46243286132812,-175.61651611328125,-56.97990798950195,219.3771446101943,-176.1644360370302,-56.988602764701945,1.0662970624880657,0.3326435109915926,0.06838375387483488,3.810613547922943e-05,9.957085922606312,21.23646125875846,nan,nan,nan
388.02,218.45407104492188,-175.608154296875,-56.980796813964844,219.36913661160946,-176.1560238207713,-56.98893868425926,1.0665703430170634,0.3326972921946055,0.06839761026354318,3.725970755699807e-05,9.721542972053065,21.4480505401608,nan,0.2971589952388873,nan
388.03000000000003,218.4457244873047,-175.59979248046875,-56.981773376464844,219.36113289808256,-176.14763144121378,-56.98999541534342,1.0668494211257644,0.33275115917666354,0.06841153025731324,3.800523994933049e-05,9.691081294157009,20.978125113413924,nan,nan,nan
388.04,218.43736267089844,-175.5914306640625,-56.98284149169922,219.35314134287523,-176.13929741278855,-56.993242003870996,1.067200412790715,0.33280511196727347,0.06842551144072234,3.716466117707782e-05,10.792577826919784,22.42585233075011,nan,2.7574028908476955,nan
388.05,218.4290008544922,-175.58306884765625,-56.98399353027344,219.35309902681024,-176.1413117623495,-56.99448998509463,1.0796771551952848,0.33273266263171225,0.06841634336735594,3.788341345761765e-05,11.337573764210582,22.58558872528826,8.497590683168603,nan,nan
388.06,218.420654296875,-175.57470703125,-56.9852294921875,219.3451166029105,-176.13298223240093,-56.9967290669097,1.080015738644302,0.33278638224923063,0.068430353869992,3.704959113706432e-05,11.969049699411958,22.77296588214186,nan,0.5068559455910652,nan
388.07,218.41229248046875,-175.56634521484375,-56.986549377441406,219.33712910992656,-176.12462871055254,-56.998165100217065,1.0803416949203255,0.3328401875574591,0.06844442802742219,3.778959942600908e-05,11.940427497686466,23.192715242019368,nan,nan,nan
388.08,218.4039306640625,-175.5579833984375,-56.98795700073242,219.32914010359795,-176.1162674677471,-56.99938910224174,1.080659197895109,0.3328940786118839,0.06845856376622354,3.696127684606497e-05,11.876329954822562,23.02506780662875,nan,0.05571975788527209,nan
388.09000000000003,218.3955841064453,-175.54962158203125,-56.989444732666016,219.3211526648324,-176.1079139292755,-57.00099093754392,1.080972162506195,0.3329480556395741,0.06847276336915072,3.769919469851809e-05,11.84762897522184,22.557537840383535,nan,nan,nan
388.1,218.38722229003906,-175.541259765625,-56.99101257324219,219.32673188073002,-176.1112242843248,-57.00247467895888,1.0989400363279416,0.3328755221226464,0.06846368932824792,3.685317624993553e-05,12.37500708512384,23.450646603414487,7.79096453933949,0.027912908694664115,nan
388.11,218.37887573242188,-175.53289794921875,-56.99266052246094,219.3187695074825,-176.10290744989535,-57.00423940952317,1.0992930500484868,0.3329292656676034,0.06847791761695848,3.758820261296006e-05,12.348349252222198,22.94237254918391,nan,nan,nan
388.12,218.37051391601562,-175.52452087402344,-56.994388580322266,219.3108119025799,-176.09461633101202,-57.00714198672659,1.0996962230501492,0.3329830948934887,0.06849220785701818,3.677140704919087e-05,13.17714237734528,23.697910418729442,nan,0.7128386904370404,nan
388.13,218.36215209960938,-175.5161590576172,-56.99619674682617,219.3028496339561,-176.08629958582205,-57.00907851844988,1.1000627314239357,0.33303701000718194,0.0685065620347626,3.750459885764036e-05,13.149736790690243,24.149738467275274,nan,nan,nan
388.14,218.3538055419922,-175.50779724121094,-56.99808120727539,219.2948938922154,-176.07801987556786,-57.01267657506319,1.1004608854564903,0.3330910110954843,0.06852097852005964,3.6692785510858406e-05,14.50273845944934,25.03943107609536,nan,1.6056340937359341,nan
388.15000000000003,218.34544372558594,-175.4994354248047,-57.00004196166992,219.3094269126438,-176.07728764361252,-57.01487267400092,1.1240092178179042,0.3330183937830514,0.06851199597835479,3.740059798309643e-05,14.512097410255794,26.287736857640525,4.331824954784939,nan,nan
388.16,218.3370819091797,-175.49107360839844,-57.002079010009766,219.30148728353586,-176.0688987454398,-57.01362950565387,1.1243189178491932,0.33307216108991267,0.06852644064275344,3.659461652412014e-05,12.248964502752097,23.978077639777826,nan,7.591272444159053,nan
388.17,218.3287353515625,-175.4827117919922,-57.00419235229492,219.29356095888394,-176.06058733463905,-57.015860157052394,1.1247065097172952,0.3331260142003464,0.06854094933121369,3.732356559628244e-05,12.223332682586587,23.404995875913897,nan,nan,nan
388.18,218.32037353515625,-175.47434997558594,-57.006378173828125,219.28563821904396,-176.05229699613886,-57.019133776016915,1.125131714029093,0.3331799532165829,0.06855552066943651,3.652223308329561e-05,13.003113093256221,24.702909688795884,nan,0.6061294668819187,nan
388.19,218.31201171875,-175.4659881591797,-57.00859451293945,219.27771211860647,-176.0439857923486,-57.021501636981036,1.1255332603183408,0.3332339783216223,0.068570156261257,3.724968592997433e-05,12.992952642373261,24.61636430185851,nan,nan,nan
388.2,218.3036651611328,-175.45762634277344,-57.010799407958984,219.2533200059616,-176.03422345840448,-57.022888816189834,1.1110601747215125,0.33316127747643803,0.06856125898257687,3.643043247819796e-05,12.863923932584083,23.25072358324836,5.016700255246945,0.5071783293209607,nan
388.21000000000004,218.29530334472656,-175.4492645263672,-57.01298141479492,219.24536983295036,-176.0259279437159,-57.02524202096621,1.1114483125264516,0.33321506849591803,0.0685759220936895,3.7155584616317046e-05,12.870346041823018,23.629661284311346,nan,nan,nan
388.22,218.28695678710938,-175.44090270996094,-57.01512908935547,219.23741671178334,-176.01761285020046,-57.02658492098835,1.111800292473758,0.3332689453501895,0.06859064817872151,3.6364048632566317e-05,12.406636148852403,22.662122342199513,nan,0.628840807182312,nan
388.23,218.27859497070312,-175.4325408935547,-57.01723861694336,219.22946662942772,-176.00931749802604,-57.02886400139288,1.1121885237650848,0.33332290821078314,0.06860543862201038,3.708791499836899e-05,12.414503694782063,23.12185341775769,nan,nan,nan
388.24,218.27023315429688,-175.42417907714844,-57.019309997558594,219.22151987938332,-176.00104486727122,-57.03227590971924,1.112604461620497,0.3333769571977395,0.06862029237773966,3.630054049966423e-05,13.3745862287521,24.030319824900808,nan,0.8986026856149738,nan
388.25,218.2618865966797,-175.4158172607422,-57.021339416503906,219.21023633686895,-175.99452211913956,-57.03453439707944,1.1110538467428772,0.3333041731681468,0.06861147708996554,3.700011776719829e-05,13.663943487207215,23.585332717813156,1.2213556335593556,nan,nan
388.26,218.25352478027344,-175.40745544433594,-57.0233268737793,219.2022778165241,-175.98620217205067,-57.034679683569784,1.111399561330431,0.33335798777234665,0.06862635779341093,3.621771642093335e-05,12.490232756593418,22.896804683544886,nan,2.714674152457623,nan
388.27,218.24517822265625,-175.3990936279297,-57.02527618408203,219.19432431654636,-175.97792022178936,-57.03679668804656,1.1117784200629353,0.3334118883009888,0.06864130296920538,3.6938389360758124e-05,12.49843319173967,22.36644600059506,nan,nan,nan
388.28000000000003,218.23681640625,-175.39073181152344,-57.027191162109375,219.1863701654375,-175.96963340525903,-57.038596442704275,1.1121643211514036,0.3334658748823811,0.06865631175884031,3.615984092630417e-05,12.476240818920141,22.71881395118722,nan,0.0514615775608287,nan
388.29,218.22845458984375,-175.38238525390625,-57.0290641784668,219.17841667851167,-175.96135162580075,-57.040635168283096,1.1125483888336338,0.33351994767525306,0.06867138526642584,3.6879502652973684e-05,12.481743251441774,23.280251733539153,nan,nan,nan
388.3,218.22010803222656,-175.3740234375,-57.03089904785156,219.17723070186634,-175.960156955852,-57.04245304609832,1.1223946725415024,0.33344708075641877,0.06866264619457778,3.608270154739284e-05,12.893393821569806,22.631876975895615,3.282513778151385,0.006895278634125761,nan
388.31,218.2117462158203,-175.36566162109375,-57.03269958496094,219.16929033350763,-175.95189889368544,-57.044416325631786,1.122809938994698,0.3335009188671756,0.06867774596073276,3.68005409053739e-05,12.898199121451698,23.05930321369418,nan,nan,nan
388.32,218.20339965820312,-175.3572998046875,-57.034461975097656,219.16134843244564,-175.94362532533904,-57.04539121713822,1.123193179542865,0.3335548429553851,0.06869290962715076,3.603019243646561e-05,12.457604730080838,22.153048941431212,nan,0.6045404104158371,nan
388.33,218.19503784179688,-175.34893798828125,-57.036190032958984,219.15340816128568,-175.9353672295588,-57.04727509804666,1.1236083850570215,0.3336088531741262,0.06870813813929824,3.6747190612536455e-05,12.460551543144717,22.605273317827958,nan,nan,nan
388.34000000000003,218.18667602539062,-175.340576171875,-57.03788375854492,219.14546897099257,-175.9271197954164,-57.04981056755534,1.1240371807134681,0.33366294966049914,0.06872343087626333,3.598024776160082e-05,13.044576355989165,23.173555223635013,nan,0.31350833596625866,nan
388.35,218.17832946777344,-175.33221435546875,-57.039546966552734,219.11570877812687,-175.90767699569187,-57.05168293609332,1.0999929561265105,0.3335900001815594,0.06871476419313498,3.667379006540859e-05,12.849079190936337,21.990188391713048,5.349938416544722,nan,nan
388.36,218.1699676513672,-175.3238525390625,-57.04117202758789,219.1077350157765,-175.89942826185006,-57.05558053155532,1.1004102177825392,0.3336438616907028,0.0687300825574987,3.5911041232307156e-05,14.588549144941325,24.243506531512597,nan,2.9699635713313777,nan
388.37,218.16162109375,-175.31549072265625,-57.04277038574219,219.09975869341764,-175.89114815281766,-57.057361920643146,1.100770887015537,0.3336978092495792,0.06874546590200252,3.662568938206676e-05,14.595620388695556,23.698392893874622,nan,nan,nan
388.38,218.15325927734375,-175.30712890625,-57.04433059692383,219.0917813321721,-175.88285377337266,-57.058121466837115,1.1011234981216254,0.33375184299887356,0.0687609137391543,3.5866067194355045e-05,14.05976580569382,23.690208111140983,nan,0.6595338846966782,nan
388.39,218.1448974609375,-175.29876708984375,-57.04586410522461,219.08380490064226,-175.87457347831156,-57.059831701102894,1.1014968320734821,0.3338059630861098,0.0687764268146731,3.658009246408145e-05,14.065110759439882,23.60251000196022,nan,nan,nan
388.40000000000003,218.1365509033203,-175.2904052734375,-57.047367095947266,219.05498257379,-175.86783145024424,-57.05976326759229,1.084938425927868,0.3337329313595072,0.06876782706634342,3.580182808956987e-05,13.72040353303914,21.730321587848515,11.860468151096324,2.116986451756531,nan
388.41,218.12818908691406,-175.2820587158203,-57.04883575439453,219.04697660911177,-175.85958420932158,-57.06139756156347,1.0852944326722729,0.33378681617436085,0.06878336504860709,3.651441088463131e-05,13.723609100365895,22.67585402098776,nan,nan,nan
388.42,218.11984252929688,-175.27369689941406,-57.05027770996094,219.0389707463735,-175.85134267876327,-57.06344094224308,1.085653994839305,0.33384078710111187,0.06879896777892723,3.576154850938163e-05,14.222742880309356,22.212902910395393,nan,0.12950664779813773,nan
388.43,218.11148071289062,-175.2653350830078,-57.051692962646484,219.03096435297076,-175.84309559706412,-57.06502276438138,1.0860179830886358,0.33389484428534244,0.06881463589190596,3.647364319554625e-05,14.224341118921831,22.591439668840156,nan,nan,nan
388.44,218.10311889648438,-175.25697326660156,-57.053077697753906,219.0229576314758,-175.83484278624067,-57.06610958697535,1.0863730069618114,0.333948987870778,0.06883036906661573,3.572350585619237e-05,14.082098522620244,22.46326830790692,nan,0.1479420766679757,nan
388.45,218.0947723388672,-175.2486114501953,-57.05443572998047,219.0102715798403,-175.8330732833623,-57.06752775397038,1.0862347332613678,0.3338758742184107,0.06882183201785538,3.641276779304182e-05,14.682109787681153,22.075225186656716,7.638771394176869,nan,nan
388.46000000000004,218.08641052246094,-175.24024963378906,-57.05576705932617,219.00226006058645,-175.8248420052028,-57.06745316869632,1.0865841809782055,0.33392978223884723,0.06883758941322168,3.5666131597058195e-05,13.77972097033787,21.574458893080937,nan,1.672318674181149,nan
388.47,218.0780487060547,-175.2318878173828,-57.057071685791016,218.99424881605475,-175.81662889493552,-57.068906002326486,1.0869612782383227,0.3339837764361271,0.06885341233985655,3.637654045063618e-05,13.776638447582165,21.56023479016551,nan,nan,nan
388.48,218.0697021484375,-175.22352600097656,-57.058349609375,218.98623750894183,-175.8084106695687,-57.06986955101873,1.087317732617475,0.33403785695466903,0.06886930056849519,3.5632382304078816e-05,13.62740466650797,20.986644175607747,nan,0.1463985997681232,nan
388.49,218.06134033203125,-175.2151641845703,-57.059600830078125,218.97822605127035,-175.8001975037045,-57.07126743927218,1.087694587837906,0.3340920239389768,0.06888525459639958,3.634247267885301e-05,13.624244214655006,21.400510900686637,nan,nan,nan
388.5,218.05299377441406,-175.20680236816406,-57.060829162597656,218.9643528204147,-175.7906012905176,-57.07218848636577,1.0823703278937356,0.33401882868086086,0.06887677500730585,3.557926116456205e-05,13.562626308337933,20.71308789418624,0.34343214842173486,0.15791601560170143,nan
388.51,218.0446319580078,-175.1984405517578,-57.062034606933594,218.95633194222265,-175.7823891418596,-57.07353440169753,1.0827396096840658,0.33407275980882517,0.06889275250220314,3.628820433136895e-05,13.556473379130109,21.09526738251422,nan,nan,nan
388.52,218.03627014160156,-175.19007873535156,-57.06321334838867,218.948310400136,-175.7741966974899,-57.07687429622636,1.0831425798924337,0.3341267771770728,0.06890879552907371,3.554953247995333e-05,15.138082282031636,22.693205508733637,nan,2.78346190508902,nan
388.53000000000003,218.02792358398438,-175.1817169189453,-57.064369201660156,218.94028929363134,-175.76598461187282,-57.07819423313846,1.083499449300192,0.3341808809303634,0.06892490451055953,3.62582617620001e-05,15.13672942651328,22.25765061183233,nan,nan,nan
388.54,218.01956176757812,-175.17335510253906,-57.06550216674805,218.93226762274142,-175.75778117661588,-57.08042282506501,1.0838858058646283,0.33423507121274404,0.06894107932936906,3.552171434744119e-05,16.109172750871473,23.626272664314147,nan,0.5936629028830602,nan
388.55,218.01119995117188,-175.16500854492188,-57.066612243652344,218.947073104364,-175.75512710562137,-57.081579562664366,1.1064910732519313,0.3341617946709234,0.06893265267324974,3.620806467804817e-05,15.795138377307111,24.518047703518732,5.305021067459785,nan,nan
388.56,218.00283813476562,-175.15664672851562,-57.06769943237305,218.93908768280377,-175.74690813152878,-57.08242861018456,1.1068824186731412,0.33421574880713895,0.0689488502221989,3.547441354989249e-05,15.700530744354118,23.971161114761507,nan,0.11661884049245341,nan
388.57,217.99449157714844,-175.14828491210938,-57.06876754760742,218.9311018799454,-175.738692698644,-57.083664881861694,1.107267873765884,0.33426978924727524,0.06896511388353072,3.618196811980904e-05,15.695944434891514,23.49941430669774,nan,nan,nan
388.58,217.9861297607422,-175.13992309570312,-57.06980895996094,218.9231166893822,-175.73047113875919,-57.084121637096004,1.1076535326203563,0.3343239161344494,0.06898144359987675,3.545022703233912e-05,15.31777632373774,23.590861270978323,nan,0.3964127311914549,nan
388.59000000000003,217.97776794433594,-175.13156127929688,-57.07083511352539,218.91513095599387,-175.7222556968824,-57.08530990058685,1.1080518174036866,0.33437812961485713,0.06899783970401353,3.6157696043072456e-05,15.310829428519687,23.531577197075467,nan,nan,nan
388.6,217.96942138671875,-175.12319946289062,-57.07183837890625,218.90802400064015,-175.72348276276134,-57.0864668196934,1.1142391566641447,0.3343047721111111,0.0689894608752549,3.540649497269911e-05,16.269665898664755,23.717463584194366,8.196321119870644,0.0003170168744142481,nan
388.61,217.9610595703125,-175.11483764648438,-57.07282257080078,218.90004289384592,-175.71530656021065,-57.087615730657696,1.1146620276137664,0.3343587491575402,0.06900587892191579,3.6113040627591845e-05,16.263257677621315,24.135861106531554,nan,nan,nan
388.62,217.95269775390625,-175.10647583007812,-57.073787689208984,218.89206338288747,-175.70711899531346,-57.087136378325106,1.115059722327164,0.3344128125681088,0.06902236323272445,3.538568055315719e-05,15.21675238333712,23.080531491177364,nan,1.7887691579444278,nan
388.63,217.9443359375,-175.09811401367188,-57.07473373413086,218.8840821627338,-175.69894250719685,-57.08823221926268,1.1154819835270755,0.33446696249041036,0.06903891409325541,3.6092219914199284e-05,15.207356454886554,23.066518990671458,nan,nan,nan
388.64,217.9359893798828,-175.08975219726562,-57.07565689086914,218.87610089142993,-175.69076607101454,-57.08932313654175,1.1158916151906777,0.334521199065414,0.06905553151706337,3.536646427585915e-05,15.418080840015467,22.852696179264072,nan,0.00011727573431006457,nan
388.65000000000003,217.92762756347656,-175.08139038085938,-57.07656478881836,218.85710613019424,-175.68133214836826,-57.090398257053494,1.1063687880777544,0.3344477609260638,0.06904719578879245,3.605094429940887e-05,15.664481015968484,23.091488088918908,1.5235304577723328,nan,nan
388.66,217.9192657470703,-175.07302856445312,-57.077457427978516,218.84911194098441,-175.67314338024914,-57.088187944509755,1.1067370421466243,0.3345017607802688,0.06906383437120961,3.532756639191867e-05,13.59366579479406,21.01096778056604,nan,7.335738723544777,nan
388.67,217.91090393066406,-175.06466674804688,-57.07832717895508,218.84111353757686,-175.66497383860317,-57.08918249356494,1.1071478463241973,0.33455584706415464,0.06908053966615178,3.603331390047757e-05,13.582644060016328,21.01466670478395,nan,nan,nan
388.68,217.90255737304688,-175.05630493164062,-57.079288482666016,218.83311486310686,-175.65680454683695,-57.090282234123805,1.1075458874145063,0.3346100199170102,0.06909731172356817,3.5311357934923394e-05,13.713759553834663,20.7054508667642,nan,0.0032737383585190747,nan
388.69,217.89419555664062,-175.04794311523438,-57.08033752441406,218.82511612622883,-175.64863484613906,-57.09140322639201,1.1079558259334932,0.3346642794890293,0.06911415077439449,3.60171931207396e-05,13.668968987827183,21.076811009914234,nan,nan,nan
388.7,217.88583374023438,-175.03958129882812,-57.08147048950195,218.8223817780832,-175.63998872622324,-57.09192402714991,1.1125289131160054,0.3345907610345302,0.06910585311795947,3.5275393514802656e-05,13.172367049501224,20.830619080469393,0.7593673913361372,0.2883386739664042,nan
388.71000000000004,217.87747192382812,-175.03121948242188,-57.08269119262695,218.81439039903398,-175.63181144089623,-57.09321308030644,1.1129409867043571,0.33464478360127975,0.0691227125053623,3.598047010106159e-05,13.12984318681971,20.76446227183119,nan,nan,nan
388.72,217.86911010742188,-175.02285766601562,-57.0839958190918,218.80921522389548,-175.62308275218658,-57.09292765298444,1.115413628097424,0.3312503339815462,0.06901076228709048,3.526131786915125e-05,14.417769194986489,22.045613805716336,nan,1.92021421604225,0.0022957207059200653
388.73,217.8607635498047,-175.01449584960938,-57.085384368896484,218.8012249540923,-175.61490274681995,-57.09437114708095,1.1158121962744472,0.33130102888562435,0.06902641353237343,3.59665256865549e-05,14.371569253239798,21.570930450714844,nan,nan,nan
388.74,217.85240173339844,-175.00613403320312,-57.086856842041016,218.79331174497258,-175.60670101314648,-57.09410925402937,1.1162638329527603,0.33135180612634124,0.0690421248848259,3.524920779041293e-05,13.588492059635044,21.218614419918946,nan,2.2286516926868485,nan
388.75,217.8440399169922,-174.99777221679688,-57.088409423828125,218.78165777935368,-175.60436556525775,-57.095720388360206,1.1167525224590724,0.33128663982310724,0.06903339902262468,3.593257265404387e-05,14.338739721551208,21.410546547499,8.671037833556529,nan,nan
388.76,217.83567810058594,-174.98941040039062,-57.09004211425781,218.77367363451,-175.5962143391256,-57.09706251155015,1.1171821372112563,0.33133720116038984,0.0690491273910115,3.521719498664038e-05,14.222137174631452,21.301018422751262,nan,0.0775204402596992,nan
388.77,217.8273162841797,-174.98104858398438,-57.09175491333008,218.76567519395957,-175.58806701306193,-57.098816018963696,1.1176039889047622,0.33138784986947756,0.06906491637181952,3.592189002148645e-05,14.182127408596045,21.262192280903385,nan,nan,nan
388.78000000000003,217.8189697265625,-174.97268676757812,-57.09354782104492,218.75771025608083,-175.57991079930122,-57.0998506726306,1.118031543562393,0.33143858100144374,0.06908076573797242,3.520752180480657e-05,13.894655235206782,20.565289441950398,nan,0.4456468183101484,nan
388.79,217.81060791015625,-174.96432495117188,-57.09541702270508,218.74971184731592,-175.57176358098238,-57.101756339225204,1.118453432516884,0.3314893997244949,0.06909667598971006,3.591242967089328e-05,13.85693789709934,20.955645630771304,nan,nan,nan
388.8,217.80224609375,-174.95596313476562,-57.09736251831055,218.7445337266223,-175.56549610495776,-57.103432555734024,1.12226256739217,0.33142413836326384,0.06908800100432201,3.517786839839515e-05,13.858542645639856,21.02820015753887,0.24494836146871024,0.08679870715697809,nan
388.81,217.79388427734375,-174.94760131835938,-57.09938430786133,218.73654000112563,-175.55735433074517,-57.10549196789438,1.122691343693081,0.3314747408306024,0.06910392781549884,3.588213524510816e-05,13.822666715484612,21.00488932124178,nan,nan,nan
388.82,217.7855224609375,-174.93923950195312,-57.10148239135742,218.72850116235398,-175.54922390616454,-57.10874096662249,1.1230950501276127,0.3315254258053526,0.0691199152824389,3.5170417166629607e-05,14.253062939508334,21.435489401817733,nan,0.8662806528672117,nan
388.83,217.7771759033203,-174.93087768554688,-57.10365295410156,218.72050757815666,-175.54108229842257,-57.110963547690424,1.1235113542385475,0.3315761981550263,0.06913596384622273,3.587493850429754e-05,14.21743878001401,20.999798248639095,nan,nan,nan
388.84000000000003,217.76881408691406,-174.92251586914062,-57.105857849121094,218.71249302063757,-175.53294613424785,-57.11376847625699,1.1239295425132712,0.3316270533707625,0.06915207336786985,3.5164014046456575e-05,14.479357907235642,21.658920058105398,nan,0.19568863492619953,nan
388.85,217.7604522705078,-174.91415405273438,-57.10805130004883,218.68398804857796,-175.51184320609838,-57.11613507103711,1.1000981796085285,0.3315617018557365,0.06914344588841627,3.5846828625679705e-05,13.99858464014221,20.929317585587786,7.3989902217266375,nan,nan
388.86,217.75209045410156,-174.90579223632812,-57.11022186279297,218.67605600204806,-175.50364772598385,-57.11602610319491,1.1005349651465872,0.33161234062289524,0.06915957151975656,3.513748400611732e-05,13.105867116307177,20.01681579926697,nan,3.9994809442856964,nan
388.87,217.7437286376953,-174.89743041992188,-57.11235809326172,218.66802995220965,-175.4954744057168,-57.118254502770974,1.1009197503013202,0.33166306654996985,0.06917575845926541,3.584168540199499e-05,13.088609321309859,20.01062158405512,nan,nan,nan
388.88,217.73538208007812,-174.88906860351562,-57.11445617675781,218.6600308453107,-175.48729513782598,-57.11975939535407,1.1013076089479206,0.33171387542411984,0.06919200661795283,3.5133010141502944e-05,12.8912430038607,19.423883881761114,nan,0.33232221998159006,nan
388.89,217.72702026367188,-174.88070678710938,-57.116512298583984,218.65200527148625,-175.47912212836863,-57.12190843154954,1.1016929261762392,0.3317647716784794,0.06920831636248059,3.58375097513416e-05,12.874868632791133,19.836822054108804,nan,nan,nan
388.90000000000003,217.71865844726562,-174.87234497070312,-57.1185302734375,218.6444624443694,-175.4768939728118,-57.12430638499888,1.1057241520689927,0.33169932553258674,0.06919973237549204,3.5108334861298104e-05,13.592496647804861,20.20486304060877,5.374538638647666,0.11627395929848067,nan
388.91,217.71029663085938,-174.86398315429688,-57.12051010131836,218.63643631682623,-175.46874767208652,-57.12638001732026,1.1061235445527804,0.3317500049869215,0.06921605773089451,3.581227235902911e-05,13.576896861740707,20.187124150676834,nan,nan,nan
388.92,217.7019500732422,-174.8556365966797,-57.12245178222656,218.62845609643145,-175.46059165810226,-57.12719262239388,1.1065290384405921,0.3318007674654131,0.06923244455987565,3.510560221270311e-05,13.226668998514247,19.796768252396355,nan,1.0494637555380235,nan
388.93,217.69358825683594,-174.84727478027344,-57.124351501464844,218.62043017517763,-175.45244536403973,-57.12917808233502,1.1069284859168842,0.33185161711236877,0.06924889318730239,3.580986647775728e-05,13.209652512177646,19.859264778473698,nan,nan,nan
388.94,217.6852264404297,-174.8389129638672,-57.126216888427734,218.61243060721517,-175.4442937514104,-57.13041577135872,1.1073441630535161,0.3319025501394315,0.06926540358646041,3.510368953816564e-05,13.034084135991039,19.659119968681537,nan,0.35442714390869845,nan
388.95,217.6768798828125,-174.83055114746094,-57.12804412841797,218.56844492356115,-175.42767684806637,-57.13234149419508,1.073063740679594,0.33183701353753847,0.06925685948999227,3.578632510450518e-05,13.628534305412005,18.658507758153178,15.464824204913025,nan,nan
388.96000000000004,217.66851806640625,-174.8221893310547,-57.12983322143555,218.56034060987355,-175.41954261331225,-57.13469365547506,1.0734067340385993,0.33188772956471685,0.06927338499963108,3.508143646216547e-05,13.75945404705089,19.166225330040646,nan,0.16376342990936185,nan
388.97,217.66015625,-174.81382751464844,-57.131587982177734,218.55225364364586,-175.41140498690908,-57.136532832163695,1.0737602370382906,0.33193853255172334,0.06928997251961386,3.578550754010846e-05,13.742962577563171,19.141288749071542,nan,nan,nan
388.98,217.65179443359375,-174.8054656982422,-57.13330841064453,218.5441438867172,-175.403271686011,-57.1389788450459,1.074100413987569,0.33198941898951057,0.06930662205778523,3.508101303014344e-05,13.949910887532058,19.35435599219099,nan,0.2888588152702321,nan
388.99,217.64344787597656,-174.79710388183594,-57.13499069213867,218.536057008957,-175.39513416750867,-57.14075668174598,1.0744414984065118,0.3320403926110446,0.06932333388753775,3.578543742582727e-05,13.936757946152333,19.041407655491177,nan,nan,nan
389.0,217.6350860595703,-174.78875732421875,-57.13664245605469,218.5418737655016,-175.39408950481848,-57.14282444014199,1.0902885899728656,0.3319747617866356,0.06931482567280836,3.506018178725943e-05,14.262075856999491,20.319159724384736,2.439861579871711,0.03578536259413524,nan
389.01,217.62672424316406,-174.7803955078125,-57.13826370239258,218.53380970372265,-175.38596582094226,-57.144541290769304,1.0906689896649187,0.3320255180602851,0.06933155207213725,3.576409385080129e-05,14.248066599747892,19.942817949323143,nan,nan,nan
389.02,217.6183624267578,-174.77203369140625,-57.13985061645508,218.52566943081635,-175.37785544847193,-57.1484543038353,1.091008718748099,0.3320763578498987,0.06934834072992753,3.506108707563566e-05,15.231623404006132,20.950407496882857,nan,3.492349521387826,nan
389.03000000000003,217.61001586914062,-174.763671875,-57.14140319824219,218.51760508306907,-175.36973183228545,-57.15013061536873,1.091376663152461,0.3321272846203857,0.06936519189141119,3.576537104254235e-05,15.224891169219326,20.604691432837004,nan,nan,nan
389.04,217.60165405273438,-174.75531005859375,-57.14292907714844,218.50955553065623,-175.36160552208017,-57.15132754889508,1.0917645428317302,0.3321782952579589,0.06938210560642649,3.506261759517994e-05,15.0812052062435,20.785996105069383,nan,0.14184425463203995,nan
389.05,217.59329223632812,-174.7469482421875,-57.1444206237793,218.49731699823909,-175.35131283482724,-57.15295257902981,1.0874695973888948,0.3321125736966772,0.06937362948997532,3.5745309722684177e-05,15.045744833169287,20.724794316226035,0.19538433937995914,nan,nan
389.06,217.58494567871094,-174.73858642578125,-57.1458854675293,218.48922571972366,-175.34318767219094,-57.155142258569704,1.087819262522267,0.3321633667779423,0.06939055722571141,3.504361389407591e-05,15.42940707854767,20.719373109702342,nan,0.25923347202608943,nan
389.07,217.5765838623047,-174.730224609375,-57.14731979370117,218.4811545292277,-175.33505929820265,-57.156702810597125,1.0881916803913019,0.3322142466416341,0.06940754767588739,3.5747781233719746e-05,15.421425030082856,21.09937744453974,nan,nan,nan
389.08,217.56822204589844,-174.7218780517578,-57.14872741699219,218.47308348833042,-175.3269308220293,-57.158231862659605,1.0885556574198412,0.3322652104292502,0.06942460091292525,3.5046261803035464e-05,15.50899483221158,21.520968467448835,nan,9.31744451809712e-06,nan
389.09000000000003,217.5598602294922,-174.71351623535156,-57.15010452270508,218.46501228235272,-175.3188022929515,-57.15973727849318,1.088928023473804,0.33231626122865443,0.06944171714839609,3.575081473850304e-05,15.501326784372871,21.19342708428838,nan,nan,nan
389.1,217.551513671875,-174.7051544189453,-57.15145492553711,218.4214382767351,-175.2981694703825,-57.161350991990155,1.0528692233621912,0.3322504458262983,0.06943326910310127,3.5028317624909586e-05,15.844459226455426,20.319067321783805,11.243535297726948,0.002190103800987558,nan
389.11,217.54315185546875,-174.69679260253906,-57.15277862548828,218.41330762560852,-175.29002969464463,-57.162805589849086,1.0531865227829813,0.3323012787266443,0.06945039877672854,3.573238630608585e-05,15.836998873607836,20.63622703511188,nan,nan,nan
389.12,217.5347900390625,-174.6884307861328,-57.154075622558594,218.4052124045438,-175.28188504397238,-57.16308162204025,1.0535198899425768,0.33235219560129964,0.06946759146499124,3.5031949161283726e-05,15.313243255994418,20.118896467988247,nan,0.9369829639148911,nan
389.13,217.52642822265625,-174.68006896972656,-57.15534973144531,218.39708140759768,-175.27374533093317,-57.16447414582376,1.0538367260832786,0.33240319929665585,0.06948484736174185,3.573641470537089e-05,15.302410157746278,20.073680972997987,nan,nan,nan
389.14,217.51808166503906,-174.6717071533203,-57.156593322753906,218.3889618038506,-175.26560425965454,-57.16545886853122,1.05414637835099,0.33245428731123317,0.06950216656585347,3.503604389430405e-05,15.191454711860757,19.6960882906795,nan,0.10347677629351602,nan
389.15000000000003,217.5097198486328,-174.66334533691406,-57.157814025878906,218.34574301424882,-175.23747693596064,-57.16672142588556,1.0142194872143213,0.33238838092290085,0.06949374266760358,3.5718926687108985e-05,14.536817741013651,19.036605205859587,15.751870323127443,nan,nan
389.16,217.50135803222656,-174.6549835205078,-57.15901184082031,218.33759272339725,-175.22928845503424,-57.166758474540885,1.0144824428607606,0.33243925082059034,0.06951107471464872,3.501943539163569e-05,14.00315472686642,18.490426389891617,nan,1.1519187386978489,nan
389.17,217.4929962158203,-174.64663696289062,-57.160186767578125,218.3294044359504,-175.22110428320724,-57.16803757503211,1.0147182111259392,0.3324902073530767,0.0695284701783179,3.5723824063439506e-05,13.987337915647851,18.8676157451076,nan,nan,nan
389.18,217.48463439941406,-174.63827514648438,-57.16133499145508,218.32123818980494,-175.21291750674854,-57.168527381115446,1.0149736325517953,0.3325412482457184,0.06954592917103067,3.502434117986319e-05,13.713049879207656,18.23921653772394,nan,0.41445953621956694,nan
389.19,217.47628784179688,-174.62991333007812,-57.1624641418457,218.3130498363441,-175.20473310575105,-57.16975414360224,1.0152051783501395,0.332592376009074,0.0695634518664305,3.5729131147855945e-05,13.69816199224865,17.915438711798167,nan,nan,nan
389.2,217.46792602539062,-174.62155151367188,-57.16356658935547,218.31530482147218,-175.19840420498642,-57.170210342963614,1.0251116968347718,0.3325263761296171,0.06955504805456626,3.5008496573389234e-05,13.247095628549742,18.09083409526062,1.714627868833224,0.3198930673974692,nan
389.21000000000004,217.45956420898438,-174.61318969726562,-57.164649963378906,218.30713433663112,-175.1902151230972,-57.1713860046008,1.0253676597136179,0.3325772854396718,0.06957258296927415,3.571281482286322e-05,13.230792819461286,18.051239710490645,nan,nan,nan
389.22,217.45120239257812,-174.60482788085938,-57.16571044921875,218.29897636107881,-175.1820247612259,-57.17208607485502,1.0256303373898974,0.33262827914390775,0.06959018162968358,3.50141046372677e-05,13.095212157016594,17.942041704752825,nan,0.14594178172818553,nan
389.23,217.44284057617188,-174.59646606445312,-57.166748046875,218.29080581783145,-175.17383562711132,-57.173216166709345,1.0258862020327069,0.3326793595411349,0.06960784419946918,3.5718830308977815e-05,13.07964955510902,17.941013797779274,nan,nan,nan
389.24,217.4344940185547,-174.58810424804688,-57.16777038574219,218.28263011419182,-175.16564704604787,-57.17450777144308,1.0261266552485087,0.33273052467050385,0.06962557080595652,3.5020044565142524e-05,13.179298776662076,17.691688047870045,nan,0.023220292698647855,nan
389.25,217.42613220214844,-174.57974243164062,-57.168766021728516,218.2977469788066,-175.16568761799914,-57.1756078289976,1.0502813388003622,0.33266443359449216,0.0696171830491431,3.570317916453352e-05,13.108050427328983,18.46053898277973,4.680610850068655,nan,nan
389.26,217.4177703857422,-174.57138061523438,-57.16974639892578,218.28960340018253,-175.15750708321818,-57.17711811024013,1.0505671723726198,0.33271538004308837,0.06963492123535428,3.500513919495628e-05,13.32369461001522,18.64360221554662,nan,0.1347870983589104,nan
389.27,217.40940856933594,-174.56301879882812,-57.17070388793945,218.2814712396101,-175.1493256001803,-57.17817701928523,1.0508590837451333,0.33276641301242743,0.06965272353525727,3.5709801933021954e-05,13.309618936222625,18.659622321232888,nan,nan,nan
389.28000000000003,217.4010467529297,-174.55465698242188,-57.17164611816406,218.27338268784973,-175.14114110930112,-57.17751171918886,1.0511745904984184,0.3328175307380678,0.06967059008314255,3.501164440600304e-05,12.702832452712052,18.02372165817538,nan,2.053652325799174,nan
389.29,217.39268493652344,-174.54629516601562,-57.17256546020508,218.26525018988568,-175.13295963129445,-57.178517391267285,1.0514659964446655,0.3328687352274423,0.06968852103228104,3.571671266033334e-05,12.686503500682573,18.038658695368152,nan,nan,nan
389.3,217.38433837890625,-174.53794860839844,-57.17346954345703,218.25488883629535,-175.12092145119826,-57.17897493842841,1.0477336224805738,0.3328025509771726,0.06968014522767348,3.499726804916405e-05,12.27560925718793,17.80021709951491,1.2555014311652783,0.14741667866488642,nan
389.31,217.3759765625,-174.5295867919922,-57.174354553222656,218.24675313262242,-175.11272615284648,-57.179939706948296,1.04801457203316,0.3328535364561884,0.0696980870926065,3.5701866551097435e-05,12.257669989932696,17.723984286211305,nan,nan,nan
389.32,217.36761474609375,-174.52122497558594,-57.17522430419922,218.23864332257241,-175.10452918830637,-57.179820191355425,1.0483108831823735,0.3329046067087092,0.0697160934122212,3.5004252275681985e-05,11.961767728579401,17.423292452795362,nan,0.8043840508553218,nan
389.33,217.3592529296875,-174.5128631591797,-57.17607116699219,218.23050741869716,-175.09633325150526,-57.180740837570994,1.0485912163856816,0.33295576356108975,0.06973416433534124,3.5709259017830106e-05,11.94343609431722,17.46145263349472,nan,nan,nan
389.34000000000003,217.35089111328125,-174.50450134277344,-57.17690658569336,218.22233135949884,-175.08813889592568,-57.18332532534556,1.0488479853610968,0.33300700551776635,0.06975230000292763,3.501146482138856e-05,12.484056890065201,17.95033354308329,nan,1.9919417505213672,nan
389.35,217.342529296875,-174.4961395263672,-57.17782974243164,218.22202695737042,-175.08587174106106,-57.18431620197561,1.058934508844651,0.33294072990252876,0.06974393203911804,3.569486249883404e-05,12.747646239855364,18.213471533793367,1.4822719562480553,nan,nan
389.36,217.33416748046875,-174.48777770996094,-57.178836822509766,218.2138630098487,-175.07769270739524,-57.18706016208802,1.0592127038148649,0.332991752611974,0.06976207794047526,3.499771686535029e-05,13.476192375011761,19.000941830653552,nan,2.0294047074333057,nan
389.37,217.32582092285156,-174.4794158935547,-57.179935455322266,218.20573808569088,-175.06951226184708,-57.18821449238387,1.0594982207562864,0.33304286176280395,0.06978028864485265,3.570265755864024e-05,13.439448279343301,18.58759122900314,nan,nan,nan
389.38,217.3174591064453,-174.47105407714844,-57.18111801147461,218.19763737016885,-175.0613311834418,-57.188380536359524,1.0598082762524355,0.3330940560253934,0.06979856429560488,3.500530300939637e-05,13.001552223709194,18.51687834960585,nan,0.8167731827619,nan
389.39,217.30909729003906,-174.4626922607422,-57.18238830566406,218.18951248393387,-175.05315056984008,-57.18969788609318,1.0601062957975607,0.3331453369794781,0.06981690503797093,3.571064599614295e-05,12.96619923629286,18.463497573715337,nan,nan,nan
389.40000000000003,217.3007354736328,-174.45433044433594,-57.183738708496094,218.2147641868851,-175.0586676865818,-57.191426704721856,1.0957787624794262,0.33307896847455826,0.06980854076664259,3.499190274946271e-05,13.234844219948,19.495445651683767,9.59131032977639,0.06612821479402523,nan
389.41,217.29237365722656,-174.4459686279297,-57.185176849365234,218.2066944410212,-175.05050610725962,-57.192917436093126,1.096133192762778,0.3331300298586719,0.06982689103944727,3.569677127432742e-05,13.199837305653174,19.421941144398332,nan,nan,nan
389.42,217.2840118408203,-174.43760681152344,-57.18669509887695,218.1986273032015,-175.0423444039951,-57.194365295004594,1.096488865280358,0.33318117635531247,0.06984530645631667,3.49997958663644e-05,13.177934292365034,19.42461697362724,nan,0.011303409592838555,nan
389.43,217.27565002441406,-174.4292449951172,-57.18829345703125,218.19055728505484,-175.03418263780299,-57.19602099174425,1.096842997837063,0.3332324093930592,0.06986378716176199,3.570506735134851e-05,13.145185439291247,19.406512320009988,nan,nan,nan
389.44,217.2672882080078,-174.42088317871094,-57.189971923828125,218.18245761614432,-175.0260207488931,-57.19918194153339,1.0971833706637328,0.3332837278671386,0.06988233330025105,3.5007838095049156e-05,13.871550837190552,20.129322016908148,nan,1.430622894233291,nan
389.45,217.25892639160156,-174.4125213623047,-57.19172668457031,218.1699788993819,-175.01364495378178,-57.201068957913016,1.0915372289731453,0.3332172678721436,0.06987396855186721,3.5691478399988665e-05,13.664698456634587,19.99164352468133,0.9433026139974032,nan,nan
389.46000000000004,217.2505645751953,-174.40415954589844,-57.193565368652344,218.1619049085109,-175.0054715943324,-57.20283985741689,1.0918806706144484,0.3332683665305712,0.06989252349817454,3.499482981050315e-05,13.653136821136911,19.90499529427101,nan,0.01424671048623716,nan
389.47,217.24221801757812,-174.3957977294922,-57.19547653198242,218.15382823498666,-174.99729844344458,-57.20483010829228,1.0922105047831483,0.33331955158477133,0.06991114392700115,3.570002184421458e-05,13.622259722232783,19.570754034115485,nan,nan,nan
389.48,217.23385620117188,-174.38743591308594,-57.19746780395508,218.1457322099008,-174.9891249311608,-57.20789672209116,1.0925457848991058,0.3333708220668542,0.06992982998224208,3.5003100750892794e-05,14.254769736916748,20.52681215240512,nan,0.7038205915250059,nan
389.49,217.22549438476562,-174.3790740966797,-57.19953155517578,218.13765564451322,-174.9809520998904,-57.210051823193744,1.0928888189438117,0.3334221792016301,0.0699485818092576,3.5708687505443476e-05,14.223027538818824,20.531722178474325,nan,nan,nan
389.5,217.21713256835938,-174.37071228027344,-57.2016716003418,218.1376018675617,-174.98795384862348,-57.21141128208684,1.108307604356177,0.3333556265718079,0.0699402123910176,3.49903046603477e-05,14.917797166758577,20.806545422912006,14.712475305047354,0.5182225549143684,nan
389.51,217.20877075195312,-174.3623504638672,-57.20384216308594,218.1295351648737,-174.97983419608065,-57.21368837847292,1.1086885097296963,0.3334067635747112,0.06995897228414574,3.569540851379804e-05,14.899961115048402,20.832042700196418,nan,nan,nan
389.52,217.20040893554688,-174.35398864746094,-57.20600891113281,218.12146823814456,-174.9717147039843,-57.21600235870058,1.1090696951968033,0.3334579859908264,0.0699777979931305,3.499875430933086e-05,15.014791400543118,20.9242126110649,nan,0.0003357766849451554,nan
389.53000000000003,217.19204711914062,-174.3456268310547,-57.208152770996094,218.11340171868173,-174.96359540828533,-57.218281093825205,1.10945123527956,0.33350929492175807,0.0699966896649056,3.57042524950158e-05,15.011788939437553,20.898307233595453,nan,nan,nan
389.54,217.18368530273438,-174.33726501464844,-57.210262298583984,218.10535543383995,-174.95547743001688,-57.219404674022975,1.1098405309397013,0.3335606895831931,0.07001564744103089,3.500729452859636e-05,14.503664450783988,20.411627189986287,nan,0.8973955564134272,nan
389.55,217.1753387451172,-174.3289031982422,-57.212337493896484,218.09371010844916,-174.94473478604604,-57.221536571953735,1.1057753517610809,0.33349404538074784,0.07000726914298266,3.569113906806896e-05,14.37325745706593,19.841186604446214,0.5085611426903445,nan,nan
389.56,217.16697692871094,-174.32054138183594,-57.21437072753906,218.08563015244508,-174.936608253624,-57.22418434540438,1.1061457603261264,0.3335452196566504,0.07002623422377381,3.49947167495011e-05,14.731720066900959,20.603663196269768,nan,0.16296618543388328,nan
389.57,217.1586151123047,-174.3121795654297,-57.216365814208984,218.0775583736461,-174.92848244619634,-57.22631868879921,1.106519325686937,0.3335964803140253,0.0700452654551443,3.5700116828522354e-05,14.731917303449174,20.580458133383576,nan,nan,nan
389.58,217.15025329589844,-174.3038330078125,-57.21832275390625,218.0694979738485,-174.9203576833761,-57.22773279853529,1.1068884327059598,0.3336478266788031,0.0700643629763578,3.50033800748205e-05,14.463027323610383,20.66532803490754,nan,0.328630883803139,nan
389.59000000000003,217.1418914794922,-174.29547119140625,-57.220237731933594,218.0614262704271,-174.91223197020318,-57.22978455349597,1.1072620429707853,0.3336992596882293,0.07008352693778193,3.570916523109321e-05,14.463211773893699,20.33993664449056,nan,nan,nan
389.6,217.133544921875,-174.287109375,-57.22211837768555,218.06857478733983,-174.92000864291148,-57.231879960470906,1.1291313568989836,0.33363252307987845,0.07007513552692092,3.499091702420868e-05,15.55601830535284,21.02535828378004,11.888206665902185,0.0005942094939598844,nan
389.61,217.12518310546875,-174.27874755859375,-57.223960876464844,218.06052561164196,-174.9119300349873,-57.233859748200196,1.1295501936292602,0.3336837353935102,0.07009430601407371,3.5696209248764195e-05,15.55652647542017,21.416914094784442,nan,nan,nan
389.62,217.1168212890625,-174.2703857421875,-57.225765228271484,218.05247252636863,-174.9038507656222,-57.236062865485806,1.1299677938418478,0.3337350333858316,0.07011354297286104,3.499966710205235e-05,15.819972209753796,21.70960034717887,nan,0.0474550695371826,nan
389.63,217.10845947265625,-174.26202392578125,-57.227535247802734,218.044423566017,-174.8957718132697,-57.23797404708817,1.1303867203250464,0.33378641789606883,0.07013284655644607,3.5705343673397234e-05,15.820811515405268,21.684659571586273,nan,nan,nan
389.64,217.10009765625,-174.253662109375,-57.22926712036133,218.03635906510243,-174.8876910420281,-57.24087074415481,1.1308018204940777,0.3338378883964294,0.07015221689991548,3.5008466233281895e-05,16.59375674716105,22.48481969365453,nan,0.7344132938300327,nan
389.65000000000003,217.0917510986328,-174.24530029296875,-57.2309684753418,218.05269990267018,-174.88485113623423,-57.24286683140659,1.1543783850971436,0.33377106017340086,0.07014380814022694,3.569246871681957e-05,16.351086615181085,22.67207761633242,7.250531907111917,nan,nan
389.66,217.08338928222656,-174.23695373535156,-57.23263168334961,218.04471430945847,-174.87677105838097,-57.243191508083505,1.1548261881033668,0.33382230971729354,0.07016318421085699,3.499609920998366e-05,15.5484003443197,22.648278113011692,nan,1.5852201010146925,nan
389.67,217.0750274658203,-174.2285919189453,-57.2342643737793,218.0367068823227,-174.86868805483965,-57.24496693945535,1.1552769833348604,0.3338736456562749,0.07018262708750087,3.570165734441085e-05,15.549218916292688,22.287434037480274,nan,nan,nan
389.68,217.06666564941406,-174.22023010253906,-57.23586654663086,218.0287060160501,-174.86060602390293,-57.24624857263191,1.155729541962015,0.33392506754917695,0.07020213690215316,3.500494783220604e-05,15.398824152298449,22.11124682630898,nan,0.15066062387935494,nan
389.69,217.0583038330078,-174.2118682861328,-57.23743438720703,218.02069853517716,-174.85252310964185,-57.24795633852945,1.1561802961081187,0.3339765761058963,0.07022171381261455,3.571088092859977e-05,15.39873794939309,22.122099668382393,nan,nan,nan
389.7,217.04995727539062,-174.20350646972656,-57.23897171020508,217.97686471542474,-174.8186866995017,-57.2493996176383,1.1125254418440216,0.33390965568446185,0.07021328343759546,3.499262871401726e-05,14.348451516252476,20.199975821623465,24.41390079379306,0.07565250911881925,nan
389.71000000000004,217.04159545898438,-174.1951446533203,-57.240474700927734,217.96880112095133,-174.8105399310558,-57.25104575839258,1.112894170484621,0.3339609429797152,0.07023286526028644,3.569805872910385e-05,14.349144020952405,20.62093419606717,nan,nan,nan
389.72,217.03323364257812,-174.18678283691406,-57.24195098876953,217.96074989363777,-174.80239528719838,-57.251714597049755,1.113265652470894,0.3340123161877469,0.07025251419558196,3.50015013419934e-05,13.920281749034217,20.15120414551868,nan,0.6347330006159336,nan
389.73,217.02487182617188,-174.1784210205078,-57.2433967590332,217.95268618818614,-174.7942483420602,-57.25329347332284,1.113634017657528,0.33406377594242254,0.07027223040451273,3.5707305725056906e-05,13.917727246872294,20.155234226658738,nan,nan,nan
389.74,217.01651000976562,-174.17007446289062,-57.244815826416016,217.9479925351016,-174.7803480523367,-57.254876246338725,1.113640319416785,0.33380825364507344,0.06939718121130296,3.500944416256023e-05,16.458236611759034,23.054786925035295,nan,0.00048205911367109794,0.036991156943711745
389.75,217.00814819335938,-174.16171264648438,-57.2462043762207,217.94900427766154,-174.78441991709397,-57.256445947782005,1.1283082052464686,0.3337425934859894,0.06938839183495281,3.5693536380868193e-05,17.48096204319613,23.43363766781378,12.572353214909604,nan,nan
389.76,216.9998016357422,-174.15335083007812,-57.24756622314453,217.94095258328585,-174.7763102580013,-57.25812120860171,1.1286961338724901,0.33379298406191277,0.06940460251477658,3.499717272398853e-05,17.69776935339916,23.26980541008737,nan,0.022251234902176377,nan
389.77,216.99143981933594,-174.14498901367188,-57.2489013671875,217.93290579504136,-174.76819637522703,-57.25959442681248,1.1290969579410168,0.3338434604960319,0.0694208742689915,3.5702818768928374e-05,17.688445808516413,23.644665200779063,nan,nan,nan
389.78000000000003,216.9830780029297,-174.13662719726562,-57.25020980834961,217.92482334211405,-174.76011297710045,-57.26237896221575,1.1294985125433012,0.3338940208676817,0.06943720573731618,3.500609993441701e-05,18.68766109102127,24.64588583993902,nan,1.262223854117824,nan
389.79,216.97471618652344,-174.12826538085938,-57.25149154663086,217.9167763656606,-174.75199900395458,-57.263814179936944,1.1298994915420704,0.33394466733450334,0.06945359853874836,3.5712112486928585e-05,18.68078628639895,24.6471383442531,nan,nan,nan
389.8,216.9663543701172,-174.11990356445312,-57.252750396728516,217.89564470699062,-174.73912458332273,-57.26355414504957,1.1167506084144505,0.333878924803953,0.06944485157497043,3.499383258821919e-05,17.811131738406434,23.37398826528238,2.582538328740175,1.6213274152506314,nan
389.81,216.9580078125,-174.11154174804688,-57.25398254394531,217.88757561996567,-174.73100607799907,-57.26492231244539,1.1171177392264864,0.33392935485361896,0.06946125835504197,3.5699333799495455e-05,17.800434898947223,23.023651152478383,nan,nan,nan
389.82,216.94964599609375,-174.1031951904297,-57.25518798828125,217.87953085480655,-174.72286633383965,-57.26530086588293,1.1174884548538793,0.3339798688783946,0.06947772515311806,3.500274288204123e-05,17.339753809810563,23.292660482095002,nan,0.6586306332342903,nan
389.83,216.9412841796875,-174.09483337402344,-57.256370544433594,217.87146158524422,-174.71474771187107,-57.266612475116276,1.117867921188101,0.3340304688286293,0.06949425346431765,3.5708610360957764e-05,17.32730124949409,22.928452357494326,nan,nan,nan
389.84000000000003,216.93292236328125,-174.0864715576172,-57.257530212402344,217.86346095876985,-174.70656932736725,-57.26510895545743,1.1182489700818814,0.33408115308981007,0.0695108421110615,3.5011656399151756e-05,16.002008762921907,21.609449373780578,nan,5.502164573022892,nan
389.85,216.924560546875,-174.07810974121094,-57.2586669921875,217.81464843003644,-174.68020285414934,-57.266377483786634,1.074631103253287,0.33401533002633405,0.06950213533148032,3.5695820773952035e-05,15.780754499090623,20.576777085776033,14.853877244916038,nan,nan
389.86,216.91619873046875,-174.0697479248047,-57.25978088378906,217.80655560630197,-174.6720159085294,-57.26576784286846,1.0749408980229305,0.3340657976750385,0.06951873752654746,3.499935181367255e-05,15.110778626327031,19.915868042871764,nan,2.3561315994213317,nan
389.87,216.9078369140625,-174.06138610839844,-57.26087188720703,217.79841893718668,-174.66386682061767,-57.266945313805294,1.0752470576657251,0.3341163510864036,0.06953540141402197,3.570506573728473e-05,15.091150104107049,19.91736430053098,nan,nan,nan
389.88,216.8994903564453,-174.0530242919922,-57.261940002441406,217.7903165445409,-174.655687456201,-57.266625657477434,1.0755445793895386,0.3341669888343688,0.06955212593294292,3.500823623904954e-05,14.657312963030702,19.190343281366275,nan,1.5382764768565491,nan
389.89,216.89112854003906,-174.04466247558594,-57.26298904418945,217.78217989459975,-174.64753804527598,-57.26774692205018,1.0758504107891886,0.3342177125907384,0.06956891240624263,3.571430815038957e-05,14.635442295964802,19.480180816786678,nan,nan,nan
389.90000000000003,216.8827667236328,-174.0363006591797,-57.264015197753906,217.8098243875574,-174.6581722643696,-57.26796055725401,1.1163224316676479,0.3341518072505313,0.06956024085079755,3.499591055126128e-05,14.964643980458947,20.383409857745228,13.975471691571974,0.5146937990305145,nan
389.91,216.87440490722656,-174.02793884277344,-57.26502227783203,217.80174510012137,-174.6500610644389,-57.26903277601178,1.1166969043315986,0.3342023140992784,0.06957704035783187,3.570146296016e-05,14.942765802758919,20.357065962374545,nan,nan,nan
389.92,216.8660430908203,-174.0195770263672,-57.26601028442383,217.79371625000417,-174.64190509840589,-57.26778459114463,1.117082301212357,0.3342529053022028,0.06959390078545684,3.500475489242243e-05,14.554609279225335,19.978737307392095,nan,3.737970651596176,nan
389.93,216.85768127441406,-174.01123046875,-57.2669792175293,217.7856369848227,-174.63379370915433,-57.26879588723175,1.1174480252215548,0.33430358236080077,0.06961082334755063,3.571066563661489e-05,14.527789395844252,20.29756731876979,nan,nan,nan
389.94,216.8493194580078,-174.00286865234375,-57.26792526245117,217.7775567574524,-174.62568298575653,-57.26983074045754,1.1178219038965993,0.33435434410096243,0.06962780714427882,3.5013592759200026e-05,14.511498127345224,19.996411520128355,nan,0.001239994455441599,nan
389.95,216.84095764160156,-173.9945068359375,-57.268856048583984,217.76646597173155,-174.61238270658183,-57.2707732299807,1.1128072322954177,0.3342883578540656,0.06961916819388163,3.569779079805581e-05,14.061408460170037,19.6652969216168,2.3180753351880754,nan,nan
389.96000000000004,216.83261108398438,-173.98614501953125,-57.2697639465332,217.75840056811484,-174.60423585482354,-57.270870159952445,1.1131593207205335,0.33433890247897696,0.06963616454376943,3.5001202497920564e-05,13.965973213365565,19.266389013430235,nan,0.5221183720923452,nan
389.97,216.82424926757812,-173.97784423828125,-57.27065658569336,217.75031734501397,-174.5961387562472,-57.27180102765501,1.1135041556904353,0.3343895328131197,0.06965322320770514,3.5706944840922684e-05,13.936669465811045,19.4218431572821,nan,nan,nan
389.98,216.81588745117188,-173.96966552734375,-57.27153396606445,217.74224306650632,-174.5881252563212,-57.2722632655119,1.1138346799710488,0.3344402478354017,0.0696703433871341,3.500999612328633e-05,13.88092329000786,19.49584833742522,nan,0.14395100327545218,nan
389.99,216.80752563476562,-173.9616241455078,-57.27238845825195,217.7341595587685,-174.58024648748713,-57.273156054319124,1.1141564613251964,0.33449104882080277,0.06968752614615056,3.571608945323555e-05,13.846875194285897,19.51890250076629,nan,nan,nan
390.0,216.79916381835938,-173.9537353515625,-57.27322769165039,217.71613536333862,-174.56502028367387,-57.274315446772476,1.1020468527876852,0.3344249803459933,0.0696789150140456,3.4997572754476765e-05,13.4629900254622,19.22108488635337,2.83993568518527,0.0955205453737155,nan
390.01,216.79080200195312,-173.9459991455078,-57.274051666259766,217.7080362340325,-174.55741249368631,-57.275178188948026,1.1023366944280062,0.334475563927601,0.06969610977027556,3.570314002447826e-05,13.427766519801763,19.196802816432402,nan,nan,nan
390.02,216.78244018554688,-173.93841552734375,-57.27486038208008,217.69994289732588,-174.54994978296307,-57.27567857663274,1.1026268822045076,0.3345262321965857,0.06971336631602243,3.500631561437487e-05,13.374358960275565,19.169181040931246,nan,0.08490126979684819,nan
390.03000000000003,216.77407836914062,-173.93080139160156,-57.2757568359375,217.6918424042077,-174.54256350498864,-57.27655999082506,1.1029706943052473,0.33457698629129096,0.0697306856219333,3.571223486145063e-05,13.347251491572345,18.67637324571203,nan,nan,nan
390.04,216.76571655273438,-173.92320251464844,-57.27674102783203,217.6837353682513,-174.53517289404456,-57.2778576994046,1.1032984808548962,0.3346278253930796,0.06974806702774614,3.501504795689191e-05,13.33617203464237,19.28370753530011,nan,0.07513150563948967,nan
390.05,216.75733947753906,-173.9155731201172,-57.27781295776367,217.68543753094988,-174.53641008416275,-57.27886833633689,1.1166045166012015,0.33456167568002254,0.06973948075262171,3.569924850922176e-05,13.837126566135664,19.598630954134677,3.8748217240447995,nan,nan
390.06,216.7489776611328,-173.90794372558594,-57.27897262573242,217.6773493921519,-174.52902067416935,-57.280018791650214,1.1169654164208491,0.33461229759453925,0.06975687399640257,3.641894473662543e-05,13.809470698567566,19.40522765067013,nan,nan,nan
390.07,216.74061584472656,-173.9003143310547,-57.280216217041016,217.6692605855472,-174.52162187326743,-57.281256279048954,1.1173205441560807,0.3346630047684424,0.06977432981176794,3.7153095603117946e-05,13.781078568832369,19.62287587840499,nan,nan,nan
390.08,216.7322540283203,-173.89266967773438,-57.28154754638672,217.66117225048734,-174.51421296912474,-57.28252504777197,1.1176788814571381,0.3347137969053537,0.0697918479640726,3.637018223998012e-05,13.751484161441207,19.41951988362255,nan,0.001950647962925062,nan
390.09000000000003,216.723876953125,-173.885009765625,-57.282958984375,217.65308258322574,-174.50679567136797,-57.28393274846075,1.1180526659366317,0.3347646750306869,0.06980942935439241,3.710296839366294e-05,13.72406519048379,19.680329924745156,nan,nan,nan
390.1,216.71551513671875,-173.87734985351562,-57.28445053100586,217.63275247689813,-174.49563436072248,-57.28649801118734,1.1061664713082127,0.3346984430670722,0.06980086326933518,3.6300012222887377e-05,13.919838624161482,19.44172531844241,1.758116403364717,0.6308931547177271,nan
390.11,216.7071533203125,-173.8696746826172,-57.28602600097656,217.6246409991488,-174.48819764835116,-57.28808412643207,1.1065073591427907,0.3347491032869565,0.06981845553116517,3.7030583824921475e-05,13.892678985657998,19.229078098996787,nan,nan,nan
390.12,216.6987762451172,-173.8619842529297,-57.28768539428711,217.61654833621824,-174.4807341710144,-57.28853123496016,1.10686846001695,0.33479984845857436,0.06983611039354297,3.625401602778185e-05,13.77208989281346,19.265945561754826,nan,0.9797092265461723,nan
390.13,216.69041442871094,-173.8542938232422,-57.28942108154297,217.6084358769992,-174.4732802217459,-57.290268064104,1.1072074143670478,0.33485067948874825,0.06985382867037158,3.698337211110503e-05,13.745569264284818,19.145455423279685,nan,nan,nan
390.14,216.68203735351562,-173.8466033935547,-57.29123306274414,217.60031197021678,-174.46582811188827,-57.292801616147905,1.107551345912567,0.33490159578606793,0.06987160985649969,3.620939756615014e-05,13.766456842456574,19.784846268695134,nan,0.33839128662804646,nan
390.15000000000003,216.67367553710938,-173.83888244628906,-57.29312515258789,217.5974877114142,-174.45979703576862,-57.29465292593888,1.1130885835879323,0.3348352823223818,0.0698630607596059,3.69141533905093e-05,13.694260654944577,18.96021068617964,0.40051696976936263,nan,nan
390.16,216.66529846191406,-173.8311767578125,-57.29509353637695,217.58939112901345,-174.45230998747272,-57.296077243121026,1.1134427304778403,0.334885980488046,0.0698808522420369,3.614369615008402e-05,13.630110522415388,19.826012475086475,nan,0.2044575887078443,nan
390.17,216.6569366455078,-173.82345581054688,-57.29713821411133,217.58128602528237,-174.44482243640155,-57.29812939013447,1.113785994724991,0.33493676438804376,0.06989870731546804,3.686990787902542e-05,13.603693258053333,19.273970634770958,nan,nan,nan
390.18,216.6485595703125,-173.8157196044922,-57.299259185791016,217.57319511925735,-174.4373130663823,-57.299234926132044,1.1141495998408877,0.3349876335339088,0.06991662555271341,3.61019325730678e-05,13.550968742591166,19.394496831251104,nan,0.6935424791786013,nan
390.19,216.6401824951172,-173.8079833984375,-57.30141067504883,217.56508929384677,-174.42980955497737,-57.30140859630959,1.114504533547381,0.33503858867961056,0.06993460765200323,3.682712918296703e-05,13.524021722554012,19.64449858581901,nan,nan,nan
390.2,216.63182067871094,-173.80023193359375,-57.30356216430664,217.52057922694055,-174.40100721982517,-57.30431959578651,1.0727643148893957,0.334972192953465,0.06992607097807103,3.603928260793276e-05,12.81227088710084,17.98309412860807,17.081052657433336,0.3325565905619125,nan
390.21000000000004,216.62344360351562,-173.79248046875,-57.305686950683594,217.5124150834595,-174.39344032929787,-57.30650370081018,1.0730441338659356,0.33502292968701664,0.06994406273691889,3.676262047109009e-05,12.786669947851012,18.557695429941877,nan,nan,nan
390.22,216.6150665283203,-173.7847137451172,-57.30778121948242,217.50427500458312,-174.38584219182198,-57.30680345585706,1.0733350267819683,0.33507375163877995,0.06996211790701193,3.60003870142996e-05,12.768088557178903,18.30684548348451,nan,2.3003255045721325,nan
390.23,216.60670471191406,-173.77694702148438,-57.309837341308594,217.49611022590045,-174.37825997167775,-57.30890870158787,1.0736015530686347,0.33512465947391884,0.06998023711724918,3.6722840885932566e-05,12.737881289851591,18.19849644134403,nan,nan,nan
390.24,216.59832763671875,-173.7691650390625,-57.31185531616211,217.48794882919123,-174.37066657705725,-57.3106891848705,1.0738860862160324,0.3351756528359825,0.06999842004339134,3.596290334537089e-05,12.725308485515068,18.308769822303855,nan,0.055438144606663256,nan
390.25,216.58995056152344,-173.76138305664062,-57.31383514404297,217.47070494105841,-174.35449754302155,-57.31272783512626,1.0618447613271866,0.3351091753410899,0.06998989232697142,3.6661499753910537e-05,12.219699945004956,18.140214567825502,3.5433342194144886,nan,nan
390.26,216.5815887451172,-173.7535858154297,-57.315773010253906,217.46253362421822,-174.34686022402664,-57.31409875863781,1.0620928429421228,0.3351599500553697,0.0700080842909029,3.5904740996870106e-05,12.23768487426018,17.705397269031568,nan,0.25721185249747386,nan
390.27,216.57321166992188,-173.74578857421875,-57.31767654418945,217.45435437638844,-174.33922316755434,-57.31604558083294,1.0623463398384079,0.33521081054098123,0.07002634047273364,3.662469944216132e-05,12.204411886785952,18.10283347966159,nan,nan,nan
390.28000000000003,216.56483459472656,-173.73797607421875,-57.31953811645508,217.4461699457644,-174.33158394671136,-57.31838500913829,1.0626022948077494,0.33526175651764994,0.07004466060952767,3.5870111310029824e-05,12.141871978422492,17.932946289220826,nan,0.12397394153415137,nan
390.29,216.55645751953125,-173.73016357421875,-57.32136535644531,217.43799028773395,-174.32393280218994,-57.3202625213782,1.0628561209052776,0.33531278853728674,0.07006304523911747,3.6589358719401336e-05,12.110475844706151,18.02778955648648,nan,nan,nan
390.3,216.54808044433594,-173.72235107421875,-57.323158264160156,217.437561368895,-174.32349538403415,-57.32026490488202,1.0735730845665645,0.3352462287354514,0.07005452202358324,3.581493023405202e-05,12.71445183833714,18.608078559499006,3.355785442460122,1.9313174800575776,nan
390.31,216.5397186279297,-173.7145233154297,-57.324913024902344,217.42939240558738,-174.31585187877155,-57.32205181903805,1.0738359549956864,0.3352970418313955,0.07007291501706488,3.653262491296562e-05,12.678568842219207,18.101444715723172,nan,nan,nan
390.32,216.53134155273438,-173.70668029785156,-57.32663345336914,217.4212293256985,-174.3081957936973,-57.32323701551393,1.074119488699333,0.33534794037729354,0.07009137219798903,3.578311035488946e-05,12.750975338508649,18.264925903743908,nan,0.21733307391386308,nan
390.33,216.52296447753906,-173.6988525390625,-57.32831573486328,217.41305978943322,-174.30053914524908,-57.32495031910179,1.0743871566355976,0.33539892486019257,0.07010989405033294,3.650020632718673e-05,12.710940252435211,18.921727785072378,nan,nan,nan
390.34000000000003,216.51458740234375,-173.6909942626953,-57.32997131347656,217.4048954699576,-174.29287033388778,-57.32610072166379,1.074671224986219,0.335449995096378,0.07012848039123526,3.575266285948102e-05,12.794103200336831,18.217422818662662,nan,0.18979060775672565,nan
390.35,216.50621032714844,-173.6831512451172,-57.33158874511719,217.39668534001868,-174.28560144975313,-57.32777788909434,1.0751309316710087,0.3353833532929747,0.07011995799919488,3.644649926604912e-05,12.80815593067722,18.92581655617657,0.07036854918447208,nan,nan
390.36,216.49783325195312,-173.67529296875,-57.33317565917969,217.38851286937606,-174.277929045529,-57.32958923964588,1.075403777347518,0.3354342043620032,0.07013855203768302,3.57017804519678e-05,12.743376142187842,18.588906012774682,nan,0.02699184634434729,nan
390.37,216.4894561767578,-173.66741943359375,-57.33473205566406,217.38034197369487,-174.27024840188818,-57.3311720678204,1.0756825469033833,0.33548514126541895,0.07015721092541358,3.641693354548574e-05,12.705465563043063,18.30466456464743,nan,nan,nan
390.38,216.4810791015625,-173.6595458984375,-57.33625411987305,217.37216216368097,-174.26257009066842,-57.33362747007467,1.0759526473313508,0.3355361638743642,0.07017593452653391,3.56740565236385e-05,12.524665283163639,18.39496559667548,nan,0.553659661344495,nan
390.39,216.4727020263672,-173.65167236328125,-57.33774948120117,217.36399045823225,-174.25487684281723,-57.33515933013561,1.0762236857602112,0.3355872725942219,0.07019472325510032,3.638875621177722e-05,12.488936141271752,18.443760714652107,nan,nan,nan
390.40000000000003,216.46432495117188,-173.64378356933594,-57.33921432495117,217.36801889634097,-174.25294185328644,-57.338476620654426,1.0898335219878492,0.3355205484161861,0.07018619731048782,3.56259717328104e-05,12.413875086413583,18.35438806527128,1.6594444975534233,2.0446169722307594,nan
390.41,216.45594787597656,-173.63589477539062,-57.34064865112305,217.3598665012673,-174.24524643482124,-57.33996971922404,1.0901278764194935,0.33557143769627573,0.07020499302635369,3.633937536206769e-05,12.385235814213454,18.524611044857163,nan,nan,nan
390.42,216.44757080078125,-173.6280059814453,-57.34205627441406,217.35170208203007,-174.2375570313967,-57.34279968348493,1.0904157046221086,0.33562241262988335,0.07022385367435675,3.560088823544968e-05,12.361527706067479,18.624416232181087,nan,1.270157190731661,nan
390.43,216.43919372558594,-173.62010192871094,-57.34343338012695,217.34354906293098,-174.22984961242784,-57.34425130117205,1.0907114572504604,0.3356734735764151,0.07024277962783061,3.631393245368258e-05,12.338847812335214,18.434293391800562,nan,nan,nan
390.44,216.43081665039062,-173.6121826171875,-57.344783782958984,217.3353889889252,-174.22214334374357,-57.34650943284086,1.091011540475265,0.3357246204755584,0.0702617708115557,3.5577086883298124e-05,12.379495593478051,18.231512164740227,nan,0.4740582448763959,nan
390.45,216.4224395751953,-173.60427856445312,-57.346107482910156,217.3288594000189,-174.22220822953875,-57.34798428904233,1.0970129863530849,0.3356578140935165,0.07025323747072064,3.6267342325892836e-05,13.073136578734657,19.107628859349575,5.267317222175915,nan,nan
390.46000000000004,216.4140625,-173.5963592529297,-57.34740447998047,217.32069344766748,-174.21452547079144,-57.35091743585326,1.0973246962649228,0.33570874130298134,0.07027223493292768,3.553297207626742e-05,13.298465982958396,19.11206190123014,nan,1.6455441901320191,nan
390.47,216.4056854248047,-173.5884246826172,-57.34867858886719,217.31253909826393,-174.20682436971137,-57.35229051055572,1.0976405623167278,0.3357597544298293,0.0702912978773935,3.624453235491944e-05,13.287255555569114,18.784298887311756,nan,nan,nan
390.48,216.39730834960938,-173.58050537109375,-57.34992218017578,217.30437866902938,-174.19912354763187,-57.354419538902945,1.097945918044952,0.33581085345195355,0.07031042626390972,3.55116775205273e-05,13.471051460959233,19.62745599011371,nan,0.4178074802408986,nan
390.49,216.38893127441406,-173.57257080078125,-57.35114288330078,217.2962238774271,-174.19141103262533,-57.35575142109605,1.0982551336787052,0.3358620386718065,0.07032962041366525,3.6222997298344933e-05,13.462988544779922,19.316567223884185,nan,nan,nan
390.5,216.38055419921875,-173.5646209716797,-57.35234069824219,217.31677561973044,-174.18335229914177,-57.35704387643788,1.1222126018242062,0.3357951498312494,0.0703210753586132,3.547010401233466e-05,12.444103065149015,19.231108355516568,19.23871178191237,0.000799271342707598,nan
390.51,216.37217712402344,-173.55667114257812,-57.353515625,217.30867244305645,-174.17559732205484,-57.35832899144626,1.1225490041458934,0.33584611509103734,0.07034027504098757,3.6180337849383075e-05,12.43581039336082,19.320175047434848,nan,nan,nan
390.52,216.36380004882812,-173.54879760742188,-57.35466384887695,217.3005723186978,-174.16787376614417,-57.3590794348761,1.1228611104205315,0.33589716618534043,0.07035954037159815,3.5451208969936105e-05,12.316776078956151,19.31237173132197,nan,0.18036841131808717,nan
390.53000000000003,216.3554229736328,-173.54104614257812,-57.35579299926758,217.29246850393247,-174.16024891265783,-57.36031474774673,1.1231593130710613,0.33594830338522935,0.07037887164180948,3.61612792095867e-05,12.301255723293906,19.369365432085544,nan,nan,nan
390.54,216.34703063964844,-173.53343200683594,-57.356895446777344,217.28436595905256,-174.15274642997022,-57.36126155547346,1.1234620236615631,0.3359995267154579,0.07039826885588524,3.5433473848715045e-05,12.241306272554692,19.898927542790215,nan,0.04901842641653624,nan
390.55,216.33865356445312,-173.52593994140625,-57.35797882080078,217.28974857905655,-174.14980515372025,-57.36253939160227,1.1374578360295902,0.33593255549428236,0.07038970811649899,3.612111728629763e-05,12.208861578817476,19.27311657464312,1.9356350653710162,nan,nan
390.56,216.3302764892578,-173.5186004638672,-57.359039306640625,217.28165339659967,-174.14260133401703,-57.365866201876614,1.1377792897876426,0.3359835586092747,0.07040911011386983,3.5395456855519983e-05,12.918587978164851,20.232296070787022,nan,3.2082018313004648,nan
390.57,216.3218994140625,-173.51141357421875,-57.36008071899414,217.27357024708843,-174.1355270935018,-57.36703806514312,1.1380876346088502,0.3360346477394001,0.07042857822556489,3.6104415103892833e-05,12.910707915731596,20.389238104385274,nan,nan,nan
390.58,216.31350708007812,-173.50436401367188,-57.36109924316406,217.26548800555904,-174.12859365528158,-57.36788848270442,1.1384096019083834,0.33608582293489536,0.07044811248101733,3.537996012163037e-05,12.841122076190539,20.60953459811256,nan,0.06280590560986904,nan
390.59000000000003,216.3051300048828,-173.4974365234375,-57.362098693847656,217.2574032368587,-174.12180270074217,-57.369017912320885,1.1387296901741475,0.3361370844287881,0.07046771313405259,3.6088849491428234e-05,12.835442941108687,19.698894764962372,nan,nan,nan
390.6,216.29673767089844,-173.49066162109375,-57.36307907104492,217.25500135283468,-174.1169355460093,-57.37047421494702,1.1447895008692521,0.33607003065508373,0.07045913243316836,3.5344187916644626e-05,13.014970110839082,20.753684265722022,0.3345176016666785,0.099738632393229,nan
390.61,216.28836059570312,-173.48402404785156,-57.364036560058594,217.24692413200583,-174.1104201151295,-57.37156870551855,1.1451082129849757,0.3361210716647068,0.07047873708893182,3.6052159158126064e-05,13.010855240678952,20.470458604417498,nan,nan,nan
390.62,216.27996826171875,-173.47752380371094,-57.3649787902832,217.23883935708523,-174.10404512016427,-57.37395019666956,1.1454445528406316,0.33617219867199244,0.07049840808316779,3.533080985302999e-05,13.684140578701847,21.533319516055275,nan,1.180485095896981,nan
390.63,216.27159118652344,-173.47113037109375,-57.36589813232422,217.23075961252755,-174.09779359344304,-57.37502133643009,1.145772270803218,0.33622341188960114,0.07051814564870917,3.6038773744711514e-05,13.687169507852925,20.615601772555863,nan,nan,nan
390.64,216.26319885253906,-173.4648895263672,-57.36680221557617,217.22267989559373,-174.0916687262648,-57.375765127440225,1.1460961439576711,0.3362747113982374,0.07053794984634233,3.531845235731034e-05,13.621344744891443,21.478576192743294,nan,0.06661683110965055,nan
390.65000000000003,216.2548065185547,-173.45875549316406,-57.3676872253418,217.18696941759734,-174.06463883378478,-57.376892445266854,1.1118035028129722,0.33620757508943283,0.07052934512158672,3.60042603763148e-05,12.803715846537438,20.12115660978865,16.573177953391347,nan,nan
390.66,216.2464141845703,-173.45274353027344,-57.36855697631836,217.17883758853898,-174.05871810588528,-57.379373610553074,1.1120861433057412,0.336258653854371,0.07054915253408671,3.5285781654365784e-05,13.736673753417653,20.930785816299796,nan,1.4852290665990302,nan
390.67,216.23802185058594,-173.44686889648438,-57.369407653808594,217.17071026262013,-174.05291102948487,-57.380390491814566,1.1123467820986992,0.3363098187426262,0.07056902668961784,3.599292743276449e-05,13.741741503110129,21.445804792331774,nan,nan,nan
390.68,216.22962951660156,-173.44110107421875,-57.3702392578125,217.16258147807446,-174.04722197157471,-57.381300662709556,1.1126114592731906,0.33636106985091246,0.07058896766626173,3.527536975825695e-05,13.829672932533072,21.209744740037344,nan,0.005713522332792231,nan
390.69,216.22122192382812,-173.43544006347656,-57.371055603027344,217.15445052765278,-174.04164931887047,-57.38228474711227,1.112893248249192,0.33641240736795175,0.07060897567101743,3.598258144980743e-05,13.836530841839629,21.2477383535728,nan,nan,nan
390.7,216.21282958984375,-173.42990112304688,-57.371856689453125,217.13091048705996,-174.03197540273007,-57.3814627865476,1.0979336269514446,0.33634518840765143,0.07060034267364038,3.524463230940311e-05,13.06533694430419,19.875625281985975,2.2505163551898275,2.2965437862157128,nan
390.71000000000004,216.2044219970703,-173.42446899414062,-57.372642517089844,217.12274953800932,-174.02662717517128,-57.38239892991741,1.0981872039959726,0.3363963049126235,0.07062035307893283,3.5951056423571e-05,13.065888019800942,20.06182991558435,nan,nan,nan
390.72,216.19601440429688,-173.4191436767578,-57.3734130859375,217.06842117598202,-173.97543918266751,-57.38227687578999,1.0347158218312817,0.3318651886711556,0.06610259787352381,3.523511023770155e-05,13.573792987889634,20.467102274796595,nan,0.7891625502503896,0.4651765464907754
390.73,216.1876220703125,-173.41392517089844,-57.37416458129883,217.06027024402368,-173.97026548426285,-57.38317371860648,1.0349447057263055,0.3319192019292486,0.06611453749277511,3.594162724760705e-05,13.566094861997236,20.18284245193387,nan,nan,nan
390.74,216.17921447753906,-173.4088134765625,-57.37490463256836,217.05199235378282,-173.96505627714518,-57.38176501724105,1.0349851879802376,0.3319732965566023,0.06612653162220442,3.5227428689954405e-05,12.607191149721901,19.503470328860363,nan,3.6587427720419092,nan
390.75,216.17080688476562,-173.40379333496094,-57.37562942504883,217.05582383710018,-173.96195524933412,-57.382481846433315,1.0463492171618,0.3319006306222042,0.06611704561339826,3.5911987798325255e-05,12.286570934787019,19.24225615545835,2.889143438808137,nan,nan
390.76,216.16238403320312,-173.39889526367188,-57.376338958740234,217.04770916027314,-173.95710935848456,-57.38378006702152,1.0466417373492907,0.3319544930578267,0.06612907594611961,3.519936146916812e-05,12.51411866674282,20.492377248400214,nan,0.1530981547807279,nan
390.77,216.1539764404297,-173.39393615722656,-57.377140045166016,217.03956734723536,-173.95226399759278,-57.384653801883196,1.0469277377569604,0.3320084450765992,0.06614117146190485,3.590528844621943e-05,12.485331988556316,19.46901787129573,nan,nan,nan
390.78000000000003,216.1455535888672,-173.38894653320312,-57.378028869628906,217.03137255377,-173.94731992860724,-57.38465887564861,1.0471389803920284,0.3320624786314219,0.06615332215799552,3.519332816472699e-05,12.132284568162046,19.828698723603992,nan,0.6432827521890567,nan
390.79,216.13714599609375,-173.38389587402344,-57.37900924682617,217.02322656081358,-173.94239065752586,-57.385704387730115,1.047425422302401,0.33211660193520504,0.06616553812419554,3.5899424976512656e-05,12.104831401936028,18.753044826214435,nan,nan,nan
390.8,216.12872314453125,-173.3788299560547,-57.38007354736328,217.0295157816454,-173.94491729392666,-57.387265699171806,1.0639238582838808,0.33204384381079705,0.06615617808513387,3.51668854430965e-05,12.5077118176694,20.527422328048992,2.6153239197753986,0.12445274380501196,nan
390.81,216.12030029296875,-173.3737030029297,-57.381229400634766,217.02139078852926,-173.9399224786392,-57.38849281798289,1.0642468384232195,0.332097734469481,0.06616842964649212,3.58722943317742e-05,12.479980725649215,19.726206048404343,nan,nan,nan
390.82,216.11187744140625,-173.36854553222656,-57.38246536254883,217.01321583441953,-173.93483485771412,-57.38887655850534,1.0644884228184464,0.3321517068291998,0.06618073703661707,3.516238032824448e-05,12.149902935129615,19.768206087250178,nan,0.6056732087650182,nan
390.83,216.10345458984375,-173.36334228515625,-57.3837890625,217.00508692229386,-173.92976025447095,-57.390267788382275,1.06480615736906,0.33220576862523804,0.06619310954232907,3.586799570666503e-05,12.12358575998116,19.44130221770125,nan,nan,nan
390.84000000000003,216.0950164794922,-173.3581085205078,-57.385196685791016,216.9969574167841,-173.92464779868132,-57.39176773521085,1.065132567696094,0.3322599125324314,0.0662055383553472,3.5158608065908075e-05,12.15261636706662,20.062124309586675,nan,0.00039099828338590045,nan
390.85,216.0865936279297,-173.3528289794922,-57.386688232421875,216.93119113390017,-173.89378058947742,-57.39323390503631,1.0030037075041882,0.3321870704654178,0.06619630960302302,3.584240227759557e-05,11.73668831941166,18.146552423273633,31.481993658006346,nan,nan
390.86,216.07815551757812,-173.34751892089844,-57.38825988769531,216.92294525324692,-173.88852935159147,-57.39457030898843,1.003195795957557,0.3322409815080181,0.06620877378673036,3.513435380412022e-05,11.64538556715003,18.623305067844395,nan,0.06544713345806487,nan
390.87,216.06973266601562,-173.3421630859375,-57.38991165161133,216.91471294041332,-173.88325683938558,-57.396291496230624,1.0034016227608509,0.33229498167635646,0.06622130294648494,3.583954706292112e-05,11.61981413694073,18.021630898429617,nan,nan,nan
390.88,216.06129455566406,-173.33677673339844,-57.39164733886719,216.90645354454816,-173.87791954413785,-57.39757679609995,1.0035758150581424,0.3323490641152782,0.0662338890303239,3.5131944624583185e-05,11.455973385306837,18.251501829515526,nan,0.1874042523434864,nan
390.89,216.0528564453125,-173.33135986328125,-57.39345932006836,216.89821793442658,-173.87257291138422,-57.39945448649676,1.0037846147130356,0.3324032358498474,0.06624654019921491,3.583738355861461e-05,11.428764218559747,18.46373761769971,nan,nan,nan
390.90000000000003,216.04441833496094,-173.32589721679688,-57.395347595214844,216.8788618095648,-173.86581099777413,-57.401665766314906,0.9939027731544817,0.3323303030187585,0.06623742983930667,3.510902419850805e-05,11.82187194663098,18.25127266454625,3.7965944685521693,0.0016666073553227075,nan
390.91,216.03598022460938,-173.3203887939453,-57.397315979003906,216.8706078961546,-173.86040156512152,-57.40370609815727,0.994111652061891,0.33238424144160883,0.06625011574099382,3.581384706838585e-05,11.798027410168253,17.840118300868472,nan,nan,nan
390.92,216.0275421142578,-173.3148651123047,-57.399356842041016,216.8623792128743,-173.85498485054907,-57.40638266575867,0.9943498755802554,0.33243826228901324,0.06626285916019369,3.5107865965650026e-05,12.035029439063923,18.775613419116702,nan,0.21892938815245158,nan
390.93,216.01910400390625,-173.30929565429688,-57.40143966674805,216.8541227228716,-173.849504752828,-57.40856507470594,0.9945516088152172,0.33249237212773874,0.06627566754990954,3.5812961772449485e-05,12.018957319545617,18.336961585676313,nan,nan,nan
390.94,216.0106658935547,-173.30369567871094,-57.40352249145508,216.84589412055095,-173.8440208654935,-57.41139039220995,0.9947961612839149,0.33254656479454675,0.06628853391246241,3.510730723574774e-05,12.33647650785317,18.720018816448732,nan,0.2721003571859039,nan
390.95,216.00222778320312,-173.2980499267578,-57.405582427978516,216.84049497807376,-173.83864878372555,-57.41370627334949,0.997499378954554,0.3324735482672228,0.06627954523636714,3.579067239680871e-05,12.3184821425993,18.48817870801548,0.7954912957299494,nan,nan
390.96000000000004,215.9937744140625,-173.29238891601562,-57.40761184692383,216.83228784586387,-173.83311464173048,-57.41695438208612,0.9977857328727584,0.3325275074008846,0.06629244602888877,3.508615977204987e-05,12.933078746569546,19.94632228577879,nan,0.807750448763539,nan
390.97,215.98533630371094,-173.28668212890625,-57.409603118896484,216.82403055066328,-173.82749528763716,-57.41910871197301,0.9979866075390001,0.33258155522679256,0.06630541169353446,3.5790953914661116e-05,12.942687633090255,19.29031506294564,nan,nan,nan
390.98,215.9768829345703,-173.28094482421875,-57.41156005859375,216.81574346321025,-173.82181259851896,-57.42058510900448,0.9981514851571682,0.3326356860246169,0.06631843589117266,3.508670097205029e-05,12.711633367700788,19.329797166604997,nan,0.2900237552696214,nan
390.99,215.96844482421875,-173.27517700195312,-57.41347885131836,216.80748447622005,-173.81612764328776,-57.422661045149624,0.9983483593788164,0.3326899056925998,0.06633152509354943,3.579179462006977e-05,12.7183643772081,19.063151747535045,nan,nan,nan
391.0,215.95999145507812,-173.26937866210938,-57.41536331176758,216.78873126176399,-173.80052750955244,-57.425914017449145,0.9843983353887744,0.33261679979185527,0.06632264683054372,3.506662295619593e-05,12.97929635735833,19.884472997436706,6.834408244986766,0.955017447278359,nan
391.01,215.95155334472656,-173.2635498046875,-57.417205810546875,216.7804488029534,-173.79474483797443,-57.42792931163056,0.984556162711544,0.3326707854901332,0.0663357697983001,3.577115083584841e-05,12.991499842257292,19.725377272350443,nan,nan,nan
391.02,215.94309997558594,-173.2576904296875,-57.41901397705078,216.77214567514227,-173.7889102109183,-57.42945128342633,0.9846929294394835,0.33272485429618065,0.06634895183545257,3.5068162827218685e-05,12.85473697861946,19.815866903751612,nan,0.14711725424872973,nan
391.03000000000003,215.9346466064453,-173.25180053710938,-57.42078399658203,216.76386135982676,-173.78306494051887,-57.431390655386856,0.9848611449166359,0.33277901168349,0.06636219880484015,3.577300993350646e-05,12.864713722831652,19.860874863836468,nan,nan,nan
391.04,215.9261932373047,-173.24586486816406,-57.422523498535156,216.7555687465638,-173.7771814329279,-57.43312455228277,0.9850245731411041,0.3328332525724326,0.06637550527500202,3.507018168390769e-05,12.897389804088432,19.242397038901764,nan,0.02050593164341334,nan
391.05,215.91773986816406,-173.2399139404297,-57.424224853515625,216.74279369300538,-173.7616306510374,-57.43504681553547,0.9762270508824132,0.3327600632549355,0.06636673894639626,3.575335376153722e-05,12.26408414533355,19.775295837773488,9.666176175265795,nan,nan
391.06,215.90928649902344,-173.2339324951172,-57.4258918762207,216.7344391137041,-173.7555983793189,-57.43557944342798,0.9762714690149935,0.3328140699478398,0.06638007880207544,3.505150435007396e-05,11.637437297855033,19.092902958699895,nan,1.1974527980129313,nan
391.07,215.9008331298828,-173.22792053222656,-57.42752456665039,216.72613788604303,-173.74959197223748,-57.43737078189813,0.9764046189047111,0.33286816494047655,0.0663934835336316,3.57561322019649e-05,11.643070804863676,19.06422484103899,nan,nan,nan
391.08,215.8923797607422,-173.2218780517578,-57.42912673950195,216.7178309649755,-173.7435512295991,-57.43901179291174,0.9765297278271379,0.3329223435574753,0.06640694826921503,3.50543883684539e-05,11.691169889030112,18.979737955289618,nan,0.009853788319514355,nan
391.09000000000003,215.88392639160156,-173.21580505371094,-57.43069839477539,216.70952813374961,-173.73748635403072,-57.44073860937704,0.9766629007239329,0.3329766106626776,0.06642047803709085,3.575935202286097e-05,11.694895650434562,18.870837930381974,nan,nan,nan
391.1,215.87547302246094,-173.20970153808594,-57.43223571777344,216.72269634423378,-173.7574831643105,-57.441346535780454,1.0089276852132567,0.3329033333127086,0.0664118137656693,3.503654748276939e-05,12.809944003358897,18.84970344709031,52.27001500848752,0.7602635303610698,nan
391.11,215.8670196533203,-173.2035675048828,-57.433746337890625,216.71443950657368,-173.75145739140595,-57.443001301496935,1.009152807950141,0.33295736579882773,0.06642537622937174,3.574097866665472e-05,12.81160240016938,18.67089517590268,nan,nan,nan
391.12,215.8585662841797,-173.19741821289062,-57.43522262573242,216.70616483024915,-173.7453862511827,-57.44418153205739,1.0093426218540864,0.33301148202251923,0.06643899917720197,3.504020787099633e-05,12.678848801623584,18.992480938250992,nan,0.13959410985834864,nan
391.13,215.85009765625,-173.1912384033203,-57.43667221069336,216.69790708897628,-173.73930493474273,-57.44577365543103,1.0095744615338547,0.33306568646548435,0.0664526871262036,3.574498870289962e-05,12.678752276570654,19.139510328611724,nan,nan,nan
391.14,215.84164428710938,-173.18502807617188,-57.43809127807617,216.68970319512195,-173.73325060709297,-57.44875851138004,1.0098839758781062,0.3331199750283788,0.06646643596729153,3.50442417129593e-05,13.582321148662242,19.643331099666348,nan,1.4220081329310843,nan
391.15000000000003,215.83319091796875,-173.1787872314453,-57.439483642578125,216.72289652000114,-173.73511626920842,-57.45033473659542,1.0493787699337256,0.3330466145886068,0.06645787376303322,3.572737767006141e-05,12.962861065853678,20.079234916985396,18.50895248998396,nan,nan
391.16,215.82472229003906,-173.17251586914062,-57.44084548950195,216.71469578560587,-173.72893217501652,-57.45176723284148,1.049652901074235,0.333100668299395,0.06647165484559714,3.50274778787521e-05,13.046679325020257,20.433486763778046,nan,0.005897435542919514,nan
391.17,215.81626892089844,-173.16622924804688,-57.44218444824219,216.70649792288782,-173.7227252514831,-57.45326377119899,1.0499134389180291,0.3331548099690895,0.06648550091347391,3.573209225780333e-05,13.050275345983955,20.293548263548857,nan,nan,nan
391.18,215.80780029296875,-173.159912109375,-57.4434928894043,216.69826054528787,-173.7164540821291,-57.453668103168226,1.0501247370538394,0.333209035857166,0.06649940832180928,3.503217366593956e-05,12.544121592882524,20.05268638589463,nan,0.8012923223137884,nan
391.19,215.79934692382812,-173.15357971191406,-57.44477844238281,216.69006174018406,-173.7101956481302,-57.455102806070215,1.0503812531701548,0.3332633499045862,0.06651338089474387,3.5737146598268904e-05,12.544830001345241,19.93833721549049,nan,nan,nan
391.2,215.79087829589844,-173.147216796875,-57.4460334777832,216.6708812504665,-173.70551495804233,-57.45599280762339,1.0422097797766985,0.3331899027151077,0.06650491204628073,3.501604678746892e-05,12.86838210895288,19.906202390706746,5.447383796568366,0.10328496041125967,nan
391.21000000000004,215.7824249267578,-173.1408233642578,-57.447269439697266,216.66266762417362,-173.6992287624846,-57.457371963016364,1.042471033698347,0.33324398150264356,0.06651891614636908,3.572050756102057e-05,12.867854240423183,19.25558941541304,nan,nan,nan
391.22,215.77395629882812,-173.1343994140625,-57.4484748840332,216.65447883470137,-173.69294235907236,-57.45944888628208,1.04278980927428,0.3332981445967765,0.06653298201346786,3.5021328706637195e-05,13.424377354398978,20.083685493164456,nan,0.3670941594758243,nan
391.23,215.7655029296875,-173.12796020507812,-57.44966125488281,216.64626458496153,-173.6866070758454,-57.46078824741843,1.0430490063184896,0.33335239560365504,0.06654711305275943,3.5726157450434435e-05,13.425999974797117,19.897070083317864,nan,nan,nan
391.24,215.7570343017578,-173.1215057373047,-57.45082092285156,216.63803692703982,-173.68023495438123,-57.46172259113246,1.0432942107287222,0.33340673128715637,0.06656130624505438,3.50268943168736e-05,13.327125221331173,20.455961943564372,nan,0.10295540594467104,nan
391.25,215.74856567382812,-173.11500549316406,-57.45195770263672,216.63777304035537,-173.6817278592041,-57.463080203637865,1.0545082697090902,0.33333320139069744,0.06655292950115763,3.571009054951269e-05,13.815973885541661,20.179502543979353,4.048193341645834,nan,nan
391.26,215.7401123046875,-173.10850524902344,-57.45307540893555,216.62957496044257,-173.67534800501406,-57.464391929908395,1.0547903060081798,0.3333873015737983,0.06656715369519497,3.501157097124914e-05,13.98401746835965,20.576615989873822,nan,0.0012304327974410674,nan
391.27,215.7316436767578,-173.1019744873047,-57.454166412353516,216.62137516576408,-173.66894348580576,-57.465640784589745,1.055086550482389,0.3334414894320564,0.06658144308277407,3.571626377650392e-05,13.987376476136372,20.785446574764187,nan,nan,nan
391.28000000000003,215.72317504882812,-173.09542846679688,-57.455238342285156,216.6131371480608,-173.66248577760896,-57.46570141898482,1.055317965255054,0.33349576203985626,0.06659579502051662,3.5017627531704125e-05,13.40210568299016,20.015152318491552,nan,0.9607104685722363,nan
391.29,215.7147216796875,-173.0889434814453,-57.4562873840332,216.60493670179133,-173.6560881320129,-57.46689690055482,1.0555796521758036,0.3335501225356941,0.06661021235222671,3.5722691531568724e-05,13.398880126510935,19.715809592526547,nan,nan,nan
391.3,215.7062530517578,-173.08255004882812,-57.457313537597656,216.60007307883035,-173.64329886989128,-57.46802789226792,1.0552100636914292,0.3334765071105171,0.06660191995228544,3.5002774986306873e-05,12.862852447692102,20.03607686702814,7.268433024106267,0.010070589445909087,nan
391.31,215.69778442382812,-173.07626342773438,-57.45832443237305,216.59187267458154,-173.63704473534804,-57.46918402155932,1.0554560179284997,0.3335306317142114,0.06661636754645597,3.5707337570625115e-05,12.855742166796421,19.835187476378877,nan,nan,nan
391.32,215.68931579589844,-173.07009887695312,-57.459312438964844,216.58363389776503,-173.63086783400013,-57.469090090197504,1.0556335978820814,0.3335848411300551,0.06663087806794882,3.500925936428235e-05,12.253045524748465,19.449225754386706,nan,1.0694706007873316,nan
391.33,215.68084716796875,-173.0640411376953,-57.46028137207031,216.5754327295701,-173.6248436452861,-57.470196290643464,1.0558792947851754,0.33363913821029684,0.06664545402566086,3.5714199351200604e-05,12.245042768839042,19.05718731723159,nan,nan,nan
391.34000000000003,215.67237854003906,-173.05812072753906,-57.46122741699219,216.56723878663507,-173.61894471463916,-57.4715419503015,1.056127262711321,0.3336935204603565,0.06666009327680257,3.501595318985831e-05,12.499578154937918,19.95004997617367,nan,0.04692460663981029,nan
391.35,215.66390991210938,-173.05230712890625,-57.462158203125,216.5556188973326,-173.61273891926007,-57.47266381938267,1.0532516669533378,0.3336198227704094,0.06665188294127826,3.569926129998998e-05,12.60495868831293,19.526988626124677,0.2643096153050204,nan,nan
391.36,215.6554412841797,-173.04660034179688,-57.463069915771484,216.54741370889823,-173.60707176497408,-57.47382355183322,1.0534982977419145,0.3336739688802809,0.06666655186240865,3.500167926972095e-05,12.787942913206852,19.429542564724997,nan,0.007664978298296436,nan
391.37,215.64697265625,-173.041015625,-57.46396255493164,216.53920455624524,-173.60151605518175,-57.47486281810539,1.0537349340988433,0.33372820243979,0.06668128627386623,3.5706497704567656e-05,12.781898630629236,19.671840903625142,nan,nan,nan
391.38,215.6385040283203,-173.03553771972656,-57.464839935302734,216.53094992572906,-173.59603169488315,-57.4743222632638,1.0538989944639399,0.3337825212167283,0.06669608432942771,3.5008724095672834e-05,11.993508109059075,18.68401698095438,nan,1.7235281735400902,nan
391.39,215.63003540039062,-173.03018188476562,-57.4656982421875,216.52273912362273,-173.59069789440198,-57.475312151280086,1.0541302394766816,0.3338369276683922,0.06671094809463521,3.571391912975736e-05,11.983129454758716,19.075864870627786,nan,nan,nan
391.40000000000003,215.62156677246094,-173.02491760253906,-57.46653747558594,216.53150511408936,-173.59236788563535,-57.477246664914986,1.0724282242125223,0.33376314560914794,0.06670281281817399,3.499478633366867e-05,12.713411818756033,19.649010161078316,2.4120563494245224,0.6470174208525588,nan
391.41,215.6130828857422,-173.01976013183594,-57.46736526489258,216.52332017015942,-173.58725744421128,-57.47821383389264,1.0727081639224356,0.33381731554491273,0.06671770548829567,3.569948395123059e-05,12.70416325743669,19.970789995888072,nan,nan,nan
391.42,215.6046142578125,-173.01470947265625,-57.468170166015625,216.51508961094052,-173.58221071101295,-57.47751747826215,1.072898129570657,0.3338715707358127,0.06673266213528813,3.500213084025703e-05,11.875243999390621,18.93893180436736,nan,1.9172056416576266,nan
391.43,215.5961456298828,-173.009765625,-57.468963623046875,216.50690242474653,-173.577305471261,-57.478437172761495,1.073158499304086,0.3339259134000663,0.06674768456394581,3.5707209052604263e-05,11.863834736510565,19.00008556035616,nan,nan,nan
391.44,215.58766174316406,-173.00491333007812,-57.4697380065918,216.49876731062744,-173.57254738841254,-57.48137035013689,1.0735255426212844,0.3339803416653302,0.06676277131813872,3.500962508669978e-05,13.187081950602737,20.480072604056303,nan,2.904092399324393,nan
391.45,215.5791778564453,-173.00015258789062,-57.47050094604492,216.45830107105735,-173.56672848952806,-57.48228297952783,1.0459467936272215,0.333906477842613,0.06675470800294268,3.569306496555655e-05,14.069852890965468,19.864296574006516,18.122871281231234,nan,nan
391.46000000000004,215.57069396972656,-172.99549865722656,-57.47124481201172,216.45003949193378,-173.562130690506,-57.48224561530669,1.0461555459095944,0.3339606693369341,0.06676982300682627,3.4996086086812024e-05,13.610421532708349,19.750315556553442,nan,0.6149061791402657,nan
391.47,215.56222534179688,-172.99093627929688,-57.47197723388672,216.4418002689549,-173.5576475552739,-57.48311806556306,1.0463927756511737,0.33401494811157034,0.06678500387415688,3.570104603127056e-05,13.601485518352137,19.279991852824395,nan,nan,nan
391.48,215.55374145507812,-172.9864501953125,-57.47269058227539,216.43352465890834,-173.55322601135612,-57.48257587830794,1.0465901922296597,0.3340693125108257,0.066800249376492,3.500381998311522e-05,12.890028870227319,18.532263913824533,nan,1.3858953886636145,nan
391.49,215.54525756835938,-172.98207092285156,-57.473392486572266,216.4252822798316,-173.54892473661545,-57.48340751719125,1.0468366824957671,0.33412376442694314,0.06681556097796958,3.5709157022523246e-05,12.879392085896772,18.921493439999043,nan,nan,nan
391.5,215.53675842285156,-172.97776794433594,-57.474082946777344,216.38554951643553,-173.53229747471326,-57.485168788138886,1.0139389609274605,0.3340498173357728,0.06680756320229748,3.499051109233381e-05,13.507005284005118,18.98012674284415,8.529220131868394,0.5136974412494862,nan
391.51,215.5282745361328,-172.9735565185547,-57.474754333496094,216.37725249146,-173.5281544769796,-57.48598494372743,1.014134404665778,0.3341040321206987,0.06682290226151232,3.569535023268427e-05,13.500991820867391,18.863943992043765,nan,nan,nan
391.52,215.51979064941406,-172.96942138671875,-57.47541809082031,216.36893564549504,-173.5240805857385,-57.486005736235214,1.014300818131395,0.33415833254468225,0.06683830624948696,3.499844390144582e-05,13.144194920516934,18.1933943162418,nan,0.4328578280322918,nan
391.53000000000003,215.51129150390625,-172.9653778076172,-57.4760627746582,216.36063553680242,-173.52010527907112,-57.48678947305128,1.0145062423959825,0.33421272030480687,0.06685377643313069,3.5703662708477884e-05,13.136568095394896,18.789169180595206,nan,nan,nan
391.54,215.50279235839844,-172.96141052246094,-57.47669982910156,216.35233012268824,-173.51620845469355,-57.48740393742993,1.0147067243786334,0.33426719403903715,0.06686931187934328,3.500647982131405e-05,13.160128720775337,18.57566041347145,nan,0.017434842275364727,nan
391.55,215.4943084716797,-172.95738220214844,-57.47742462158203,216.32306757403762,-173.50501979380115,-57.488164020096825,0.993410245675359,0.3341931657416803,0.06686137591127464,3.5690050168087246e-05,13.153846943534068,17.759661008098217,3.551211941265027,nan,nan
391.56,215.48580932617188,-172.95330810546875,-57.478240966796875,216.31473122681686,-173.50108167636193,-57.48918778667701,0.993623286363325,0.3342474020835889,0.066876938101651,3.4993430011729765e-05,13.32566662750812,18.363208649119805,nan,0.010561908064750377,nan
391.57,215.47731018066406,-172.94918823242188,-57.479148864746094,216.30639055480427,-173.49708879469438,-57.49018158415181,0.9938264505538535,0.33430172558843063,0.06689256659185594,3.569852670420304e-05,13.289413049079558,18.466103247794074,nan,nan,nan
391.58,215.46881103515625,-172.94500732421875,-57.48014450073242,216.29802797418125,-173.4930270965935,-57.490308674637724,0.9939968376764775,0.3343561350690087,0.06690826061832135,3.50016196059625e-05,12.810642211450304,17.717701139155782,nan,0.6465691760861533,nan
391.59000000000003,215.46031188964844,-172.94078063964844,-57.48122787475586,216.28968453795991,-173.4889307375111,-57.491472320904144,0.9941994106973394,0.3344106319594429,0.06692402119409946,3.570709080579942e-05,12.777151695974045,17.814142811355307,nan,nan,nan
391.6,215.45179748535156,-172.93650817871094,-57.48239517211914,216.2788859561377,-173.48162490407734,-57.49236836944994,0.9906195270872458,0.3343365214407581,0.06691614104966859,3.4988718899531435e-05,12.49347666070115,18.05997192935137,0.6028759796456622,0.09412666081656873,nan
391.61,215.44329833984375,-172.9321746826172,-57.48365020751953,216.2705348401035,-173.4774168571585,-57.4937034959105,0.9908129615966816,0.33439078059312927,0.06693192754964092,3.569368898955472e-05,12.461725505135393,17.362763041203085,nan,nan,nan
391.62,215.43479919433594,-172.92779541015625,-57.484989166259766,216.26220214536897,-173.47317516793686,-57.49610782285765,0.9910390245089011,0.33444512571463336,0.06694777984600825,3.499703059161583e-05,13.141855229311805,18.13046398487775,nan,0.682690426148579,nan
391.63,215.42628479003906,-172.92337036132812,-57.486412048339844,216.25384849010055,-173.46886879565164,-57.49762387128991,0.9912395898483563,0.33449955808371756,0.06696369880746045,3.570237693956924e-05,13.108995218217705,18.44178428817385,nan,nan,nan
391.64,215.41778564453125,-172.91888427734375,-57.487918853759766,216.24551266478232,-173.46452883046123,-57.500199867203385,0.9914690220534901,0.334554076747363,0.06697968388682352,3.500541012872648e-05,13.876846551770253,18.541354881340578,nan,0.6720850031763894,nan
391.65000000000003,215.40927124023438,-172.91436767578125,-57.489505767822266,216.22493125311456,-173.46102933060496,-57.50180172462286,0.9819834072019467,0.33447988563078396,0.06697185535723249,3.568909663085573e-05,14.240398892234548,19.19794125501588,3.828702635472855,nan,nan
391.66,215.4007568359375,-172.90980529785156,-57.49117660522461,216.21654108103644,-173.45658462193524,-57.5026994813948,0.9821427291754888,0.334534166290291,0.06698786559319571,3.4992663480320367e-05,13.777211646294704,18.712448442867668,nan,0.5421070280785489,nan
391.67,215.39224243164062,-172.90518188476562,-57.492923736572266,216.2081663391184,-173.4521060440881,-57.504545923777826,0.9823405387541843,0.33458853404163946,0.0670039426156033,3.5697879766725135e-05,13.746614386052904,18.30800874216447,nan,nan,nan
391.68,215.3837432861328,-172.90052795410156,-57.4947509765625,216.19978867983988,-173.4475796862141,-57.50635044854981,0.9825122034602188,0.3346429880696421,0.06702008599909762,3.500113248884653e-05,13.786094880236918,18.48271147664231,nan,0.010545349971023537,nan
391.69,215.37522888183594,-172.89581298828125,-57.49665451049805,216.19141254975577,-173.4430092332615,-57.508355160842896,0.9827087134639911,0.3346975294455175,0.06703629642980104,3.570671899266727e-05,13.756233803504795,18.30240515724519,nan,nan,nan
391.7,215.36671447753906,-172.8910675048828,-57.49863815307617,216.18087982223432,-173.4315692170258,-57.509656568718036,0.9773068682944532,0.3346232571069685,0.06702851384894111,3.4988475175789136e-05,12.907346939740442,18.114691035666517,3.8626017768473773,0.5299041024379,nan
391.71000000000004,215.3582000732422,-172.88626098632812,-57.50066375732422,216.17249595971433,-173.42688277918376,-57.51179473513238,0.9774833053831908,0.3346775601462866,0.06704474858722526,3.5693555939358864e-05,12.888619652657887,17.631284520176163,nan,nan,nan
391.72,215.3496856689453,-172.8814239501953,-57.50269317626953,216.16852999342794,-173.38042701790528,-57.513526111496994,0.9589720756137821,0.33471762046795506,0.06578820428603173,3.4996035001447096e-05,11.46302735816267,16.53968012669593,nan,0.15447221902176744,1.3674343664329383
391.73,215.34117126464844,-172.8765411376953,-57.50469970703125,216.16017441688774,-173.37558343062764,-57.51567679085233,0.9591297461148255,0.33477190490888564,0.065800298766774,3.570146503216596e-05,11.462305895151381,16.507387648628583,nan,nan,nan
391.74,215.3326416015625,-172.87161254882812,-57.50667953491211,216.1518172536447,-173.37069379613104,-57.51773141870012,0.9592981728894328,0.3348262747789212,0.06581245054290215,3.500464460396139e-05,11.553890770535855,16.72273813924252,nan,0.0037508595075549937,nan
391.75,215.32412719726562,-172.8666534423828,-57.508628845214844,216.12417764889634,-173.35771643676597,-57.51989564529378,0.938802711111911,0.3347525533407128,0.06580294799733535,3.568840532352672e-05,11.537387393817026,16.600297787287925,3.3753900473484832,nan,nan
391.76,215.31561279296875,-172.8616485595703,-57.510536193847656,216.11579043114568,-173.35274012305817,-57.522110261223915,0.9389297819341936,0.33480668849363815,0.06581513510236263,3.499209819622524e-05,11.78590432027976,16.786519338968247,nan,0.016154299617449727,nan
391.77,215.30709838867188,-172.85659790039062,-57.51240921020508,216.10740096636536,-173.34771593046628,-57.52413986866668,0.9390520452435916,0.3348609093129548,0.06582738475086607,3.569739062029496e-05,11.790117783589368,16.623066046674882,nan,nan,nan
391.78000000000003,215.29856872558594,-172.85150146484375,-57.51424789428711,216.09902432133816,-173.34269659702753,-57.52725245831592,0.9392395526901895,0.3349152155243095,0.06583969220733402,3.500075038998233e-05,12.744757020073447,17.632841871111555,nan,0.8835125969528094,nan
391.79,215.29005432128906,-172.84637451171875,-57.516048431396484,216.09063369146355,-173.3375911123858,-57.52922225324702,0.9393586249681387,0.3349696076716546,0.06585206236982168,3.570640911126915e-05,12.750761867386082,17.685805588258024,nan,nan,nan
391.8,215.2815399169922,-172.84120178222656,-57.5178108215332,216.06223592722094,-173.31381185750263,-57.52836285460426,0.912665266700488,0.33489580645374933,0.06584268585169173,3.498825010585267e-05,10.181370027046723,15.796852055279059,25.703667642074514,5.7160677199514325,nan
391.81,215.27301025390625,-172.8359832763672,-57.51953887939453,216.0538033858714,-173.30856214581053,-57.53023585485774,0.9127338758106537,0.3349499635539967,0.06585509081439686,3.569339902661222e-05,10.182006199877126,15.778963967526268,nan,nan,nan
391.82,215.26449584960938,-172.8307342529297,-57.521236419677734,216.0453626769844,-173.30324586915702,-57.531361997994104,0.9127555844259537,0.33500420600416364,0.06586755407592493,3.499692708014942e-05,9.882958412259267,15.476600505381464,nan,0.3591319649671286,nan
391.83,215.25596618652344,-172.82545471191406,-57.52289581298828,216.03692945053442,-173.2979188253283,-57.533161132381906,0.9128150606674086,0.33505853428423243,0.06588008004567505,3.570244352435368e-05,9.88106385686419,16.008329912521226,nan,nan,nan
391.84000000000003,215.24745178222656,-172.82012939453125,-57.5245246887207,216.02849319469206,-173.29254371378155,-57.53466320942611,0.9128547346762921,0.33511294821901016,0.0658926647171357,3.500562777510764e-05,9.843212510081264,15.436439865430254,nan,0.04946633093831381,nan
391.85,215.23892211914062,-172.8147735595703,-57.526119232177734,216.0059759084464,-173.28515436612363,-57.53639206696442,0.8998528490795924,0.3350390679357019,0.06588341451568713,3.5689464868460386e-05,10.094766530304144,15.759578822101094,2.978811386056653,nan,nan
391.86,215.23040771484375,-172.8093719482422,-57.52768325805664,215.99750900874236,-173.2796788946912,-57.53682414922325,0.8998425278182938,0.3350932465244728,0.06589603368048681,3.4993151300671646e-05,9.503356679793656,14.642703411876644,nan,1.1378658958827645,nan
391.87,215.2218780517578,-172.80392456054688,-57.52921676635742,215.98905432550814,-173.274213154501,-57.53848229371157,0.8998981312381643,0.3351475108403852,0.06590871556955992,3.569851959906031e-05,9.498514849663927,14.540851076015674,nan,nan,nan
391.88,215.21336364746094,-172.7984619140625,-57.53071975708008,215.98060519078456,-173.26873325835453,-57.54073398043685,0.8999527808353525,0.33520186076217034,0.06592145662141309,3.500186272693232e-05,9.935758721723905,15.450645968111946,nan,0.2742845547945253,nan
391.89,215.204833984375,-172.79295349121094,-57.53219223022461,215.97214997559678,-173.26319534099392,-57.54233940669859,0.9000023293649705,0.33525629668630524,0.06593426058135461,3.570759213263634e-05,9.931613357527752,15.316459314280635,nan,nan,nan
391.90000000000003,215.19630432128906,-172.78741455078125,-57.533634185791016,215.95274403403184,-173.25779700535298,-57.542117267135566,0.8908044988954648,0.33518233738814046,0.06592512845833978,3.498940368171539e-05,9.4234764046727,14.497595421262973,3.940865909123615,2.049570654670906,nan
391.91,215.1877899169922,-172.78182983398438,-57.5350456237793,215.94427391188714,-173.25220622326754,-57.54364698093517,0.890840033604355,0.335236537644937,0.06593796635227647,3.569461812270091e-05,9.418179928897883,13.963655879828174,nan,nan,nan
391.92,215.17926025390625,-172.77621459960938,-57.536434173583984,215.9357938898359,-173.24654369314845,-57.544042932490946,0.890848186693076,0.33529082345464584,0.06595086384941665,3.499811300622358e-05,8.977748725212086,13.782852722460945,nan,0.8640289212475051,nan
391.93,215.1707305908203,-172.77056884765625,-57.53779220581055,215.92732306646127,-173.24088416361724,-57.54550702329706,0.8908917942336471,0.3353451951687706,0.0659638242922597,3.570368991608114e-05,8.968423436624445,13.906722895812594,nan,nan,nan
391.94,215.16221618652344,-172.764892578125,-57.53912353515625,215.91886522472,-173.23524354297797,-57.54855703930415,0.8909751894090109,0.33539965273576994,0.06597684472066866,3.5006834176075075e-05,9.82163434228547,14.658266514059111,nan,1.8346926305568432,nan
391.95,215.1536865234375,-172.75918579101562,-57.54042434692383,215.92378408193122,-173.2323571977336,-57.55006572037892,0.9038995440952183,0.3353256149995942,0.06596782971372843,3.569072353428633e-05,9.708535151352114,15.114052966253583,2.1972733184422584,nan,nan
391.96000000000004,215.14515686035156,-172.75343322753906,-57.54170608520508,215.91532760510097,-173.22657056448645,-57.550775099615116,0.9039381409719875,0.3353798366003925,0.06598088369546647,3.499436443290878e-05,9.432933461862216,14.351014084027552,nan,0.3410256146882789,nan
391.97,215.1366424560547,-172.74766540527344,-57.5429573059082,215.9068764143285,-173.22077330228052,-57.55214756851208,0.9039778169929559,0.33543414401012156,0.06599400067310025,3.569978335318245e-05,9.426287824185232,14.730269854062085,nan,nan,nan
391.98,215.12811279296875,-172.74185180664062,-57.544185638427734,215.8984252080233,-173.21494386381545,-57.553495715238796,0.9040376036865418,0.33548853728895184,0.06600717937916488,3.6419514949315934e-05,9.4188599153259,14.463165023165319,nan,nan,nan
391.99,215.1195831298828,-172.7360076904297,-57.545387268066406,215.88997401066086,-173.20908264978644,-57.55482019039187,0.9040967903825192,0.3355430165813835,0.06602041995816055,3.7153703721509235e-05,9.412245205914331,14.515033194069833,nan,nan,nan
392.0,215.11106872558594,-172.73013305664062,-57.54656982421875,215.87364166609402,-173.202727698652,-57.55349778014541,0.8971684244479021,0.33546890056996326,0.06601151459966939,3.634795704683064e-05,8.515562403357322,13.13455189493626,1.2902152972849652,4.4531639572417365,nan
392.01,215.1025390625,-172.7242431640625,-57.547725677490234,215.86517950918275,-173.19681329997385,-57.55475001904396,0.8972136454858494,0.3355231435824995,0.06602478814156673,3.707986648018673e-05,8.503195392820283,13.846560065399894,nan,nan,nan
392.02,215.09400939941406,-172.7183074951172,-57.548858642578125,215.85671723401705,-173.1908688504249,-57.55600302979666,0.8972672499115117,0.335577472322952,0.06603812238177498,3.63006537004497e-05,8.557268710137947,13.407217906429873,nan,0.0003500557277806242,nan
392.03000000000003,215.08547973632812,-172.71234130859375,-57.54996871948242,215.84825478772845,-173.18489363641078,-57.557211211964976,0.8973204195054406,0.3356318870649958,0.06605151998418178,3.7031287347630104e-05,8.54640377149006,13.375644722647344,nan,nan,nan
392.04,215.07696533203125,-172.7063446044922,-57.551055908203125,215.83979510919093,-173.1789013753282,-57.55885516684323,0.897373946033524,0.33568638783181887,0.06606497865667539,3.6254724085694414e-05,8.787053914269432,13.408014262274015,nan,0.13727320856874003,nan
392.05,215.0684356689453,-172.7003173828125,-57.552120208740234,215.79423953407817,-173.16636879132489,-57.560121812843335,0.8625886572906,0.3356121940371961,0.06605618115447139,3.696062045440109e-05,9.394792549519964,13.49179890901552,16.635676432586976,nan,nan
392.06,215.05990600585938,-172.69430541992188,-57.553165435791016,215.7857322778728,-173.16038698846995,-57.56303119584553,0.8626431121307293,0.33566645822663926,0.06606967234661952,3.618763818516829e-05,10.329280751379423,14.8720764820744,nan,2.037921345359053,nan
392.07,215.0513916015625,-172.68833923339844,-57.55419158935547,215.77721493278406,-173.15438772776676,-57.56418027537038,0.8626241830002512,0.3357208083263889,0.06608322696573149,3.691500941015248e-05,10.318766634456129,14.273539981625289,nan,nan,nan
392.08,215.04286193847656,-172.68246459960938,-57.55519485473633,215.76869427769643,-173.14844666744108,-57.564696684689245,0.8625903761175076,0.33577524438598233,0.06609684303758924,3.614456748131846e-05,10.088473552093301,14.304741235888349,nan,0.24850393095220888,nan
392.09000000000003,215.03433227539062,-172.67669677734375,-57.55617904663086,215.76017688276085,-173.14261676037688,-57.565800845104846,0.8625684921465061,0.3358297666382942,0.06611052275107333,3.687086829929872e-05,10.075307204295731,14.431915746622922,nan,nan,nan
392.1,215.02581787109375,-172.6710205078125,-57.55714416503906,215.73916313717137,-173.12327216043718,-57.56809173736304,0.8446969132635096,0.3357554952980042,0.06610182626111902,3.608054935883829e-05,10.19127336953707,14.676624087979707,13.25218306419727,0.919431632448083,nan
392.11,215.0172882080078,-172.66546630859375,-57.55809020996094,215.73061965319727,-173.1176067597589,-57.56917092441905,0.8446274447996593,0.33580978066546635,0.0661155378651571,3.6804935695278605e-05,10.179252248324664,15.21034278229308,nan,nan,nan
392.12,215.00875854492188,-172.66001892089844,-57.55901336669922,215.72208548135708,-173.11209987861386,-57.57227383268314,0.8446232003272501,0.33586415192502134,0.06612931128498685,3.604036032900703e-05,11.696145560754799,16.68797835945788,nan,2.772920696052331,nan
392.13,215.00022888183594,-172.65467834472656,-57.55992126464844,215.71354136329762,-173.10665176557472,-57.57333789025837,0.8445559041324462,0.3359186092887952,0.06614314843161404,3.676381078800503e-05,11.68765769897303,16.6215178945841,nan,nan,nan
392.14,214.99171447753906,-172.64944458007812,-57.560813903808594,215.7049957366718,-173.10130335742528,-57.574079779287324,0.8444658031843997,0.33597315283852375,0.06615704774633378,3.600159169899312e-05,11.654334145109985,16.440102655937075,nan,0.062060456871007634,nan
392.15000000000003,214.98318481445312,-172.64431762695312,-57.561683654785156,215.74339446187633,-173.10760059131619,-57.57507947904498,0.8903534473521992,0.33589880437892744,0.06614844956883878,3.670107420680956e-05,11.237759116949036,16.825012128858603,19.758720955674683,nan,nan
392.16,214.9746551513672,-172.63929748535156,-57.562538146972656,215.7349225485424,-173.10246563562424,-57.576408821949684,0.8903502941308461,0.3359531107478167,0.06616238026172432,3.594209956129517e-05,11.675778521735074,17.408036740904656,nan,0.06823631631138617,nan
392.17,214.96612548828125,-172.63436889648438,-57.563377380371094,215.72644878221973,-173.0974244081188,-57.5774057878432,0.8903419086938941,0.33600750313363514,0.06617637477760424,3.666295398310622e-05,11.665882502829536,17.074322737304808,nan,nan,nan
392.18,214.9575958251953,-172.62953186035156,-57.5641975402832,215.71797112403007,-173.09246445096798,-57.57756019194939,0.8903121581739911,0.336061981634193,0.06619043179934708,3.5906210774163366e-05,11.247111819640697,16.426285492379748,nan,0.4579918303294999,nan
392.19,214.94906616210938,-172.6248016357422,-57.56500244140625,215.70949577723206,-173.08761966010604,-57.57851737657696,0.8903012842315637,0.336116546436722,0.06620455287676769,3.6626307266110726e-05,11.236558035997273,16.743719025012062,nan,nan,nan
392.2,214.94053649902344,-172.6201629638672,-57.565792083740234,215.6986617654347,-173.0763930317964,-57.577213621686,0.8848899626410686,0.3360421211499664,0.06619604675794492,3.584973523552731e-05,9.508474683953665,15.388168537927744,4.368505803744808,3.6369250851908195,nan
392.21000000000004,214.9320068359375,-172.61561584472656,-57.56656265258789,215.6901777212345,-173.07170970177344,-57.57811894744214,0.8848605798083128,0.3360964484703194,0.0662101985548857,3.656823218714965e-05,9.49778437899273,15.349677128011978,nan,nan,nan
392.22,214.92347717285156,-172.6111602783203,-57.56732177734375,215.68169171023453,-173.06711113902915,-57.57867448631884,0.8848216521317015,0.3361508618320251,0.06622441317868386,3.5816688654472664e-05,9.420473645709523,15.258913303654744,nan,0.0756840304511707,nan
392.23,214.91493225097656,-172.60678100585938,-57.56806564331055,215.6732058604999,-173.06260907836366,-57.579547704632226,0.8848106782327672,0.3362053614101788,0.06623869197056749,3.653454331088848e-05,9.407542636560379,14.988491002296087,nan,nan,nan
392.24,214.90640258789062,-172.60250854492188,-57.568790435791016,215.66471916801555,-173.05819540843126,-57.580434359402844,0.8847768838664712,0.3362599473214405,0.0662530339255391,3.5785031470680585e-05,9.563939282278465,15.648380034285433,nan,0.000507544710000075,nan
392.25,214.8978729248047,-172.5983123779297,-57.56950378417969,215.64574327161435,-173.05170218768853,-57.581210256916926,0.8746481673989349,0.3361854455930241,0.06624461645985812,3.64795392846117e-05,9.61789452550998,15.166799828174353,1.3025446590954868,nan,nan
392.26,214.8893280029297,-172.59420776367188,-57.5702018737793,215.63723991759502,-173.04747132476672,-57.58252283604892,0.8746267169632993,0.3362397937283087,0.0662589885578838,3.5732916304278875e-05,10.085784362485157,16.08277568129043,nan,0.15695090334352335,nan
392.27,214.88079833984375,-172.5901641845703,-57.57088851928711,215.628734246995,-173.04331448233046,-57.58334552188966,0.8745904701516739,0.33629422799515346,0.06627342494475479,3.644874435914199e-05,10.072920324631482,15.129060370007931,nan,nan,nan
392.28000000000003,214.87225341796875,-172.5862274169922,-57.57155990600586,215.62022971848992,-173.03925632192082,-57.585135020740736,0.8745787663682668,0.33634874851912805,0.06628792479442852,3.570402302042711e-05,10.953217929991183,17.088285759290535,nan,0.6506249221834076,nan
392.29,214.8637237548828,-172.5823516845703,-57.57221603393555,215.61172153780808,-173.035260301373,-57.58594219317223,0.8745371952539415,0.3364033554615262,0.06630248918039043,3.641935883176163e-05,10.943003324895312,16.263115197471567,nan,nan,nan
392.3,214.8551788330078,-172.57855224609375,-57.57286071777344,215.61006403588001,-173.02925049106247,-57.58668017938571,0.8793017428917923,0.33632877761594016,0.06629415454423855,3.5654752856280336e-05,10.834551077091053,16.669377915685498,2.8032666951828937,4.8024611982485745e-08,nan
392.31,214.8466339111328,-172.57484436035156,-57.57349395751953,215.60156172106034,-173.0253904506998,-57.58746197217349,0.879262692921418,0.3363831464864438,0.0663087483831071,3.636875419419113e-05,10.820122113013795,17.20700901176205,nan,nan,nan
392.32,214.8380889892578,-172.57119750976562,-57.57411193847656,215.59306009273428,-173.02162170595818,-57.589244323337816,0.8792566819033963,0.3364376015364209,0.06632340597026225,3.5628544353980666e-05,11.860792566644722,17.7520147461181,nan,0.6978145914991283,nan
392.33,214.8295440673828,-172.567626953125,-57.57472229003906,215.58455523456016,-173.01790974498445,-57.59001282890935,0.8792213917928634,0.3364921429209221,0.06633812822691253,3.6342150517790565e-05,11.845159221915448,17.84301294128872,nan,nan,nan
392.34000000000003,214.8209991455078,-172.56399536132812,-57.57542037963867,215.57604831294236,-173.01419761978755,-57.59035784126984,0.8792067143314807,0.3365467707752287,0.06635291455506946,3.5603640361122795e-05,11.66120061423945,17.54375429265264,nan,0.14697835955119615,nan
392.35,214.8124542236328,-172.560302734375,-57.576210021972656,215.60930084488808,-173.02562482621101,-57.591097299762886,0.9228818006638703,0.33647211717541836,0.06634465880636821,3.629439031989312e-05,11.524010116274562,17.38479170325952,14.754729185423892,nan,nan
392.36,214.8039093017578,-172.5565643310547,-57.577091217041016,215.60086025984228,-173.02183108186063,-57.5927469481365,0.9229567058716226,0.33652650666674283,0.0663594739515941,3.555841588939382e-05,12.292919917820104,18.517562340358722,nan,0.3016265434379643,nan
392.37,214.79534912109375,-172.55276489257812,-57.578060150146484,215.5924174842262,-173.01797105927903,-57.59382949914298,0.9230294824169774,0.33658098240889345,0.0663743539055059,3.627047005352806e-05,12.23857270412017,18.50015018302504,nan,nan,nan
392.38,214.78680419921875,-172.5489044189453,-57.57911682128906,215.5839734724191,-173.0140552313362,-57.595001576951525,0.9230907072791523,0.3366355445433377,0.06638929849120757,3.699687128379595e-05,12.18593552569843,17.995346716761347,nan,nan,nan
392.39,214.77825927734375,-172.5449981689453,-57.580257415771484,215.57552828301473,-173.01008421682363,-57.59626211535424,0.9231462775440329,0.33669019321457583,0.06640430785319933,3.773776408039748e-05,12.13619190838364,18.242613042675124,nan,nan,nan
392.40000000000003,214.7696990966797,-172.54103088378906,-57.58148956298828,215.55917210446475,-172.9990613421278,-57.597031515510615,0.9128532648106065,0.33661546420205474,0.0663961254484872,3.68912475387505e-05,11.64953295209677,18.019967095998236,2.8038983056129103,0.2664275131049477,nan
392.41,214.7611541748047,-172.53701782226562,-57.582801818847656,215.55071013740695,-172.99496057272287,-57.598460482071744,0.9128830015457098,0.3366698742192695,0.06641116290429182,3.7629183865001696e-05,11.600783868215112,18.001973681028545,nan,nan,nan
392.42,214.75259399414062,-172.53294372558594,-57.58420181274414,215.54224645576906,-172.9907903854954,-57.59870052072205,0.9128991108984144,0.3367243705457032,0.0664262649349897,3.681182688767625e-05,10.778324789823923,17.086937313075016,nan,1.0345560221670873,nan
392.43,214.74403381347656,-172.52882385253906,-57.5856819152832,215.5337830556995,-172.98658399110138,-57.600286841624616,0.9129411338754214,0.33677895332785085,0.06644143220207217,3.7547866715175444e-05,10.731568024869992,17.258053329774015,nan,nan,nan
392.44,214.73548889160156,-172.52464294433594,-57.58724594116211,215.52531786280704,-172.98230368509687,-57.60015719728466,0.9129347500911617,0.33683362270867007,0.06645666435904009,3.673525727328915e-05,9.572325902857251,15.51771634998341,nan,2.0715490091537276,nan
392.45,214.7269287109375,-172.52041625976562,-57.588890075683594,215.56016964831983,-172.990011155567,-57.60188917002677,0.9565452432301526,0.3367588186362415,0.06644855100255684,3.744567272126489e-05,9.403315082151057,16.33710281249707,15.065547577885523,nan,nan
392.46000000000004,214.71836853027344,-172.51614379882812,-57.590614318847656,215.55177160631507,-172.98564636839396,-57.603282549748414,0.9566367304566203,0.3368132490750725,0.0664638105643791,3.663869253473548e-05,9.254528311228588,16.333004232870085,nan,0.11498492476216474,nan
392.47,214.70980834960938,-172.51182556152344,-57.5924186706543,215.54337297265522,-172.98123636167526,-57.60517512938921,0.9567336135686827,0.33686776588615236,0.0664791355108622,3.73703498835582e-05,9.212293123980789,16.41534578977096,nan,nan,nan
392.48,214.7012481689453,-172.5074462890625,-57.59429931640625,215.5349741787938,-172.97679187529013,-57.608508107187916,0.9568627009893836,0.3369223692136164,0.06649452559194036,3.6567825169696553e-05,10.362987094041046,17.11108124542749,nan,1.195496371689047,nan
392.49,214.69268798828125,-172.50302124023438,-57.59626007080078,215.52657467971812,-172.97228383036745,-57.61057260869417,0.9569635528038062,0.3369770592021295,0.0665099813246121,3.7297915631399205e-05,10.318394984513098,17.131836269537793,nan,nan,nan
392.5,214.6841278076172,-172.49855041503906,-57.5982666015625,215.51929234812562,-172.97343385568854,-57.6120359093433,0.9608348899589905,0.33690218041821307,0.06650193166183181,3.647713660252052e-05,10.284278192798471,16.750865328091606,3.110769330222504,0.3303479229460326,nan
392.51,214.67556762695312,-172.49403381347656,-57.600276947021484,215.51089631927812,-172.96885387073164,-57.614183307778234,0.9609482285027584,0.33695663117813873,0.06651741404011843,3.720484808255047e-05,10.268534641809845,16.769003809525852,nan,nan,nan
392.52,214.66700744628906,-172.48947143554688,-57.602264404296875,215.50250002162824,-172.96420971689253,-57.614579672838076,0.9610285870155735,0.3370111683711157,0.06653296178695547,3.6411798853631094e-05,9.219920840952721,15.750458625336941,nan,1.9819947636729034,nan
392.53000000000003,214.658447265625,-172.48484802246094,-57.60422897338867,215.49410320834681,-172.95953604823177,-57.616680653959875,0.9611475541068296,0.3370657921416762,0.06654857534105085,3.713815027844445e-05,9.214232471315189,15.211345586414334,nan,nan,nan
392.54,214.64988708496094,-172.48019409179688,-57.60615539550781,215.48570645234818,-172.95480854141977,-57.61791347648526,0.961244580301354,0.33712050263418725,0.06656425456983185,3.6349122335903676e-05,8.826983442360032,15.35039691850007,nan,0.4589952440244616,nan
392.55,214.64132690429688,-172.47549438476562,-57.60804748535156,215.44231775180737,-172.9423380882165,-57.619833174610804,0.9271829828672548,0.3370455494889075,0.06655626400011509,3.7050955447416245e-05,8.975084174482728,14.828618198593533,11.392752561591504,nan,nan
392.56,214.6327667236328,-172.4707489013672,-57.60990524291992,215.43386761189038,-172.93751568503635,-57.619542999975174,0.9272145112458963,0.3371000204682389,0.06657196913367999,3.626678613951492e-05,7.771176891407385,13.574496030935865,nan,3.419445550713066,nan
392.57,214.62420654296875,-172.4659423828125,-57.611724853515625,215.42541623962052,-172.93266869865894,-57.62147694711476,0.9272893481767046,0.3371545779413467,0.06658774023289868,3.698978691181306e-05,7.765861396960178,12.991031566436185,nan,nan,nan
392.58,214.6156463623047,-172.46112060546875,-57.61351013183594,215.4169641357408,-172.927782911172,-57.623996194462265,0.9273585278080396,0.3372092220519784,0.06660357722797482,3.6209360695874e-05,8.21487267273853,14.39086077062922,nan,0.25363361523964184,nan
392.59000000000003,214.60708618164062,-172.45623779296875,-57.615257263183594,215.4085121337056,-172.92284870772735,-57.62586644389488,0.9274275481839536,0.3372639529456223,0.06661948046347103,3.6931272961101465e-05,8.210234597942126,13.760488374587775,nan,nan,nan
392.6,214.59852600097656,-172.45130920410156,-57.616973876953125,215.44143036792542,-172.93842095908184,-57.62700700518472,0.9735842528120158,0.33718892578846177,0.06661154377435428,3.6132364861246805e-05,8.292825806530477,13.71122920651918,18.723910041983384,0.2192986458712706,nan
392.61,214.5899658203125,-172.44635009765625,-57.61865234375,215.43304737448008,-172.933441583545,-57.62880178427986,0.9737287269799585,0.33724341688650133,0.06662747212131026,3.6852372631078506e-05,8.286496195250027,14.061944091398994,nan,nan,nan
392.62,214.58140563964844,-172.44134521484375,-57.620296478271484,215.4246644346539,-172.9284183787434,-57.630299806434174,0.9738715156115809,0.33729799453679293,0.06664346657647573,3.6079976802270035e-05,8.249407692907024,13.885180963326112,nan,0.046265302502821785,nan
392.63,214.57284545898438,-172.43629455566406,-57.621910095214844,215.41628130181462,-172.9233556841724,-57.63202698627307,0.9740199768789514,0.33735265888597904,0.06665952743497432,3.679906560576619e-05,8.242296973063745,13.724412001447845,nan,nan,nan
392.64,214.5642852783203,-172.43121337890625,-57.62349319458008,215.4078985305214,-172.9182498555052,-57.63338528080237,0.9741589717274344,0.3374074100760359,0.06667565470129765,3.603000448320816e-05,8.161332466189513,13.968074046063174,nan,0.07563892074079821,nan
392.65000000000003,214.5557098388672,-172.42608642578125,-57.62504196166992,215.38432703462746,-172.90581455341328,-57.635091716366695,0.9575210342965927,0.3373323092588881,0.06666776708305842,3.6725432631035344e-05,8.070719864843298,13.917175135474261,2.4023307424313654,nan,nan
392.66,214.54714965820312,-172.42091369628906,-57.62656021118164,215.37591846024497,-172.90061825441018,-57.6369395772085,0.9576439429971746,0.3373868203723176,0.06668391867207933,3.5960514790366864e-05,8.301581874312703,13.672749388134681,nan,0.031155560891233617,nan
392.67,214.53858947753906,-172.41571044921875,-57.6280517578125,215.36751024177542,-172.89538140385073,-57.638544062607814,0.9577598585029886,0.3374414181000219,0.06670013682838039,3.66770945011558e-05,8.292051759648302,13.939664212396716,nan,nan,nan
392.68,214.530029296875,-172.41046142578125,-57.62950897216797,215.35910150998683,-172.8901080840447,-57.640551615737444,0.9578849572440528,0.337496102582483,0.06671642159463154,3.5915254270816056e-05,8.67086808424937,14.076117703350388,nan,0.12507555793924072,nan
392.69,214.52146911621094,-172.40518188476562,-57.63093948364258,215.35069339160773,-172.88479375940437,-57.642102996095325,0.9580005601314233,0.3375508739686565,0.06673277320864088,3.663113416636359e-05,8.662606632130014,14.324049359752372,nan,nan,nan
392.7,214.51290893554688,-172.3998565673828,-57.63233947753906,215.33538531554905,-172.88169023912545,-57.64437771065951,0.9532974362407195,0.3374756998386021,0.06672492953002972,3.5850504296557256e-05,9.536188927513034,14.569984294713757,2.687633185472067,0.4916333162269729,nan
392.71000000000004,214.5043487548828,-172.39450073242188,-57.63371276855469,215.32696809450803,-172.87631730882464,-57.64588064815748,0.9534137866193994,0.3375302308696793,0.06674130463867374,3.6564862053884207e-05,9.52793302297033,14.766419623704984,nan,nan,nan
392.72,214.49578857421875,-172.38909912109375,-57.63505935668945,215.35279324332157,-172.86423334370465,-57.646269490801636,0.9799669379458256,0.33406786083290935,0.06662433985851204,3.580905267409613e-05,8.7247365517537,13.69194547931714,nan,0.8189255770511871,0.3333607553637521
392.73,214.48721313476562,-172.3836669921875,-57.63637924194336,215.34439325062587,-172.85875232710572,-57.647708859667546,0.9800980495431652,0.3341190849238962,0.06663947606575132,3.6522831419934866e-05,8.713039115583053,14.12246984050488,nan,nan,nan
392.74,214.47865295410156,-172.37818908691406,-57.637672424316406,215.33598340700578,-172.85323801495596,-57.64935271040586,0.9802160060893966,0.33417039142703037,0.06665467214106896,3.577043252097704e-05,8.996639817707393,13.843913883351622,nan,0.03574865179820482,nan
392.75,214.4700927734375,-172.37269592285156,-57.638938903808594,215.31862225137723,-172.84079434199398,-57.65074562184339,0.9691531372941361,0.33410421078686303,0.06664636712512917,3.646120334744257e-05,8.77642045258917,14.517377003830326,2.6081352259911985,nan,nan
392.76,214.46153259277344,-172.36715698242188,-57.64017868041992,215.31025696356704,-172.8351716748944,-57.65098629751497,0.9692716928376872,0.3341552982352298,0.06666158328712074,3.571229846921168e-05,8.207508792459668,13.602901944924167,nan,0.8590958145658398,nan
392.77,214.45297241210938,-172.361572265625,-57.641395568847656,215.30184341316962,-172.82952745549454,-57.6523176978578,0.9693726471636064,0.3342064734420857,0.06667685986252969,3.6424242358735276e-05,8.196161182104793,13.237211826451864,nan,nan,nan
392.78000000000003,214.4444122314453,-172.35597229003906,-57.6425895690918,215.2934598151509,-172.82384067300495,-57.65292426917965,0.9694789472708072,0.3342577311620795,0.06669219658946791,3.5677808195355316e-05,7.8979664094226045,13.559320833274848,nan,0.33387578177878613,nan
392.79,214.43585205078125,-172.35032653808594,-57.64375686645508,215.2850466408408,-172.81812774888832,-57.65420219028579,0.9695764690855946,0.33430907685176336,0.0667075940018165,3.638936232485493e-05,7.886600621232226,13.152158440791595,nan,nan,nan
392.8,214.4272918701172,-172.3446502685547,-57.64490509033203,215.29044915793472,-172.81637662575466,-57.65487194609441,0.9836999531378732,0.3342428005550985,0.06669934579208943,3.56237892121691e-05,7.62747711866438,13.24784363795557,1.8746543463246965,0.23532633776771894,nan
392.81,214.41873168945312,-172.3389434814453,-57.646026611328125,215.28205973354065,-172.8105965784591,-57.65609936827854,0.9838157429433964,0.3342939268267535,0.06671476283470085,3.633412366618395e-05,7.6153354762479815,13.312475866881845,nan,nan,nan
392.82,214.41017150878906,-172.33319091796875,-57.647125244140625,215.27366452429152,-172.80478492004167,-57.65745386935905,0.9839348408871293,0.3343451357090026,0.06673024030422542,3.559318792235266e-05,7.804849574005637,13.093026656212267,nan,0.015110559180900398,nan
392.83,214.401611328125,-172.32742309570312,-57.6482048034668,215.2652756333265,-172.79893889920865,-57.65863995909871,0.9840488186607951,0.3343964323259859,0.066745778671016,3.6303240003814336e-05,7.791035896676862,13.63938338769742,nan,nan,nan
392.84000000000003,214.39305114746094,-172.32167053222656,-57.649261474609375,215.25698382066088,-172.7930667367232,-57.65741930248763,0.9842055657188321,0.3344478119190904,0.06676137776780443,3.556444023173865e-05,6.645816040136396,12.05594818023108,nan,3.891133699615437,nan
392.85,214.38449096679688,-172.3159942626953,-57.650299072265625,215.27305417874237,-172.8008938884523,-57.65839267271451,1.0122933048530853,0.33438144519204616,0.06675318296395041,3.6251967584518085e-05,6.857492044852217,12.357066463422134,8.826156591984182,nan,nan
392.86,214.3759307861328,-172.31040954589844,-57.65131378173828,215.2646689374712,-172.7952160928997,-57.66042026022253,1.0124108936642593,0.3344326051805726,0.06676880124321471,3.5516087153490835e-05,7.366796500656851,12.874662899947129,nan,0.5910931750291691,nan
392.87,214.3673858642578,-172.304931640625,-57.65230941772461,215.25632093810006,-172.7896249658378,-57.66150908427117,1.0125304039273688,0.3344838526717438,0.0667844806318822,3.622482996243543e-05,7.3493419608789345,12.768857891751628,nan,nan,nan
392.88,214.35882568359375,-172.29954528808594,-57.653282165527344,215.24802714258246,-172.78412311187523,-57.66119783719172,1.0126981583047903,0.3345351832305808,0.06680022101644768,3.549088118747925e-05,6.759996943284515,12.065717612139887,nan,1.30916316338326,nan
392.89,214.3502655029297,-172.29428100585938,-57.654239654541016,215.23967897252862,-172.77873809708043,-57.66223537507142,1.0128271938910343,0.3345866015062173,0.06681602278721685,3.6199474656473065e-05,6.7413275788549685,12.588777927527492,nan,nan,nan
392.90000000000003,214.34170532226562,-172.2891082763672,-57.655174255371094,215.21331880751242,-172.77152215469056,-57.662614189562724,0.9962372058319449,0.3345201396843031,0.06680787728659886,3.544602728379802e-05,6.751613468069981,11.588851792252727,6.299365817225112,0.2876995523852709,nan
392.91,214.33314514160156,-172.28404235839844,-57.65609359741211,215.20493999631714,-172.76635894180166,-57.663609273391955,0.9963493567618422,0.3345713379959963,0.06682369774069676,3.615363353468917e-05,6.733357394852294,11.696095229586408,nan,nan,nan
392.92,214.3245849609375,-172.27906799316406,-57.6569938659668,215.19651217766926,-172.76130803145972,-57.66587182458592,0.9964393328056848,0.33462261946154237,0.06683957944945032,3.542412748219717e-05,7.377622580089865,12.059703718272095,nan,1.1377318538666539,nan
392.93,214.31602478027344,-172.27420043945312,-57.657875061035156,215.18813293419055,-172.75634623992664,-57.66684505030837,0.9965528915970903,0.33467398841727175,0.06685552275810423,3.6131667141242806e-05,7.360897859201009,12.255357343005137,nan,nan,nan
392.94,214.30746459960938,-172.26942443847656,-57.65874099731445,215.17978105879848,-172.75147662097518,-57.66706418093074,0.996684296560057,0.33472544088800127,0.06687152762030525,3.540379919474996e-05,7.07260299212481,11.803373021061491,nan,0.3751037472070711,nan
392.95,214.2989044189453,-172.26473999023438,-57.65958786010742,215.18248187221087,-172.75401544282266,-57.6680565311993,1.0100352978063627,0.3346588884007662,0.0668634277788716,3.608916214047119e-05,7.287805827239957,11.793775456610819,2.541345389099442,nan,nan
392.96000000000004,214.29034423828125,-172.26016235351562,-57.66041564941406,215.1741250819492,-172.74935991104456,-57.66881906960707,1.0101749588054798,0.3347101207129243,0.06687945082499254,3.536371384700088e-05,7.279098014313966,12.13826431738808,nan,0.01669258344376185,nan
392.97,214.2817840576172,-172.2556610107422,-57.661231994628906,215.1657621146581,-172.74479787649463,-57.669719673648814,1.0103188207012097,0.33476144029309124,0.06689553568415116,3.607034492838439e-05,7.262109386934294,11.703469760545367,nan,nan,nan
392.98,214.27322387695312,-172.2512664794922,-57.66202926635742,215.15738337605063,-172.74032912685269,-57.67102754152572,1.0104460707250127,0.3348128434661955,0.06691168234738966,3.534635834944669e-05,7.537472681388904,12.439692729135288,nan,0.12361370141608194,nan
392.99,214.26466369628906,-172.2469482421875,-57.66280746459961,215.14901919997808,-172.7359458600629,-57.67190203088776,1.0105869771221385,0.33486433412659733,0.06692789110424663,3.605302222203114e-05,7.523549825475026,12.08310041446166,nan,nan,nan
393.0,214.256103515625,-172.2427215576172,-57.66357421875,215.1188166476311,-172.72034876295086,-57.671697569686195,0.986137761289492,0.33479768708114305,0.06691983282920312,3.530918721716235e-05,6.87441334707595,11.574341925840127,5.864405502437492,0.9662951338124338,nan
393.01,214.24754333496094,-172.2385711669922,-57.66432571411133,215.11041528942104,-172.7161137763187,-57.672533552187446,0.9862364433147177,0.3348489572295875,0.06693605922825835,3.6015038267363135e-05,6.859018330398692,11.307226778599828,nan,nan,nan
393.02,214.2389678955078,-172.2344970703125,-57.665061950683594,215.10194903231803,-172.71197384593256,-57.67520282068586,0.9863180780008002,0.3349003110423351,0.06695234767556701,3.529458247852166e-05,7.885270359626977,12.378023398060058,nan,2.36897514694597,nan
393.03000000000003,214.23040771484375,-172.2305145263672,-57.6657829284668,215.0935460392489,-172.70790410603115,-57.676029118189895,0.9864144981864968,0.3349517521276666,0.06696869843004306,3.6000528505232166e-05,7.870798056567004,12.40175103848143,nan,nan,nan
393.04,214.2218475341797,-172.22662353515625,-57.66648864746094,215.08517891741914,-172.70390807764383,-57.67576956406078,0.9865230596375654,0.33500327723233575,0.06698511152840073,3.528128200187923e-05,7.378519466477535,12.26216197477686,nan,0.798637451141937,nan
393.05,214.21327209472656,-172.22279357910156,-57.66718292236328,215.1040221699671,-172.7061357790792,-57.676497489714436,1.0134802119356747,0.3349365393184361,0.06697709098411268,3.59652927959088e-05,7.1890801172147185,12.441404726750227,8.658092987539526,nan,nan
393.06,214.2047119140625,-172.2190399169922,-57.66786193847656,215.09566264050085,-172.70229476295148,-57.67727222448224,1.0136158032345735,0.33498784530303494,0.06699352122045184,3.6684780416002285e-05,7.17475739364288,12.12414254209356,nan,nan,nan
393.07,214.19613647460938,-172.21536254882812,-57.66852569580078,215.08730223494862,-172.6985292117251,-57.67803436870439,1.0137637058981772,0.335039236756652,0.06701001393218765,3.741871598789143e-05,7.161113644902676,12.403370570731814,nan,nan,nan
393.08,214.1875762939453,-172.21176147460938,-57.6691780090332,215.0789493614476,-172.69483622789545,-57.678529632599805,1.0139006931618941,0.3350907121663031,0.06702656922144846,3.6614494728796394e-05,7.117490621020139,12.160936970074616,nan,0.041728564549816466,nan
393.09000000000003,214.1790008544922,-172.20823669433594,-57.66981506347656,215.07058728145586,-172.69121697573334,-57.679264811878625,1.0140441838053311,0.33514227498996907,0.06704318731699822,3.734685626366461e-05,7.1039343282082665,12.526622681570773,nan,nan,nan
393.1,214.17042541503906,-172.20477294921875,-57.67044448852539,215.0841386727563,-172.69005439991716,-57.67823094516481,1.034616176476663,0.3350754429043515,0.06703520039292922,3.652419428255622e-05,6.1480462240421785,12.016736051136045,8.375920974915745,2.103513377826018,nan
393.11,214.161865234375,-172.20138549804688,-57.67105484008789,215.07581182213485,-172.68655970039032,-57.6789254553503,1.0347725926415348,0.33512678466603774,0.06705183499797017,3.725415945401405e-05,6.135996508359761,11.889044345128443,nan,nan,nan
393.12,214.15328979492188,-172.1980743408203,-57.67165756225586,215.06749319619314,-172.68313194414824,-57.67931118588619,1.0349431459731795,0.33517821045767565,0.06706853241257364,3.645932931225536e-05,6.064515080292754,12.36277023217911,nan,0.057446838470254245,nan
393.13,214.14471435546875,-172.19480895996094,-57.67224884033203,215.05916400738784,-172.67977250579503,-57.679980288832624,1.035117182728037,0.33522972344317775,0.06708529284449084,3.718792057109475e-05,6.050964578012207,11.665996536615785,nan,nan,nan
393.14,214.13613891601562,-172.19161987304688,-57.67282485961914,215.05084879137567,-172.6764764471318,-57.68014129438484,1.0352939600578344,0.335281320814951,0.06710211637941443,3.639706777515885e-05,5.899679678101798,11.82926150518136,nan,0.16119609154991327,nan
393.15000000000003,214.1275634765625,-172.18836975097656,-57.67349624633789,215.0588021381408,-172.67098935432313,-57.68086065012809,1.0488953049736343,0.33521439781332296,0.06709415909687283,3.710098052515989e-05,5.588541124218802,12.456108980328978,10.616592228332395,nan,nan
393.16,214.11898803710938,-172.18504333496094,-57.67425537109375,215.05053911543826,-172.66759961317518,-57.680267573391426,1.0491349387739182,0.3352657739177381,0.06711099854561171,3.6314951987279655e-05,5.111559009639376,11.455745095191167,nan,1.2490429976424438,nan
393.17,214.11041259765625,-172.18167114257812,-57.67510986328125,215.04223370182922,-172.66415392624583,-57.681133868339366,1.049340981452077,0.33531723700469407,0.06712790122098548,3.70401494470961e-05,5.084847295458992,11.897939804883416,nan,nan,nan
393.18,214.10182189941406,-172.17823791503906,-57.676048278808594,215.0339428937055,-172.6606454846717,-57.68156138825359,1.0495699145904875,0.3353687845372193,0.06714486722493701,3.625782389535552e-05,4.932287873263816,12.035566287135758,nan,0.1842741640082679,nan
393.19,214.09324645996094,-172.17474365234375,-57.67707824707031,215.02563570709373,-172.65707885671384,-57.68260283472154,1.049774965700888,0.33542041927837823,0.06716189674097653,3.698191033889155e-05,4.908465544578894,11.591026325638854,nan,nan,nan
393.2,214.0846710205078,-172.1711883544922,-57.67819595336914,215.01827495345182,-172.648225800268,-57.68187191057166,1.0484247903126782,0.33535340262034063,0.06715396495612956,3.618093340009284e-05,4.248171634669377,11.311506818990555,3.913197363594276,2.4907956559680096,nan
393.21000000000004,214.07608032226562,-172.16757202148438,-57.67939758300781,215.00996878476863,-172.64451759663194,-57.683071979782525,1.0486363732203507,0.3354048157479639,0.06717100976018713,3.690308438149471e-05,4.230248811628189,11.503490585064458,nan,nan,nan
393.22,214.0675048828125,-172.1638946533203,-57.680686950683594,215.00163476325184,-172.64075438912687,-57.68532970599166,1.048816188061555,0.3354563133706194,0.06718811811315405,3.612872358579695e-05,4.451058752489344,11.242291989399972,nan,0.6239143347112559,nan
393.23,214.0589141845703,-172.16017150878906,-57.68206024169922,214.99332731262422,-172.6369310105678,-57.6867119423896,1.0490229524348351,0.33550789800331926,0.06720529018634655,3.6849928349026856e-05,4.431229116854667,11.914388251714925,nan,nan,nan
393.24,214.0503387451172,-172.15638732910156,-57.68351364135742,214.98496694196086,-172.63305611324932,-57.69008588759317,1.0491835828570466,0.33555956747687615,0.06722252609993681,3.607886931951657e-05,5.031227237297671,12.001931125392966,nan,2.413478513568354,nan
393.25,214.041748046875,-172.1525421142578,-57.68505096435547,215.00175411601455,-172.6444230145161,-57.691396441675835,1.0787023398074629,0.3354924597440819,0.06721461571785133,3.677625103767482e-05,5.220302059921275,12.296743828492218,12.295303994941701,nan,nan
393.26,214.0331573486328,-172.14865112304688,-57.68667221069336,214.99349171735867,-172.64046763509575,-57.69280817109038,1.0789639619978015,0.33554390738620576,0.0672318662785215,3.600931263328861e-05,5.1608110502695865,12.503618270294723,nan,0.03706715396397335,nan
393.27,214.0245819091797,-172.1446990966797,-57.68836975097656,214.98522262486298,-172.6364582141156,-57.69453536643933,1.079210650903662,0.3355954418478462,0.06724918076531311,3.6727941980053356e-05,5.140564995127967,11.902453487756768,nan,nan,nan
393.28000000000003,214.0159912109375,-172.1407012939453,-57.69015121459961,214.97700569599098,-172.63239044347014,-57.69432826686796,1.0795019722115906,0.335647061186295,0.06726655930720106,3.596405364611041e-05,4.58058681486744,11.915940929636267,nan,2.7129871229354343,nan
393.29,214.0074005126953,-172.1366424560547,-57.69200897216797,214.96873577493903,-172.62827352321506,-57.696196521111986,1.079761144048353,0.3356987675805028,0.06728400206235556,3.668195005167455e-05,4.563747064266914,11.623736600080429,nan,nan,nan
393.3,213.9988250732422,-172.1325225830078,-57.69394302368164,214.9844208652975,-172.63569371047373,-57.69720424636309,1.10661234603895,0.33563156665283883,0.06727610890029348,3.589912683587057e-05,4.558355238948564,11.298506528252691,5.639561512475072,0.5776872826616853,nan
393.31,213.990234375,-172.1283721923828,-57.695926666259766,214.976189431215,-172.6314937654204,-57.69920638104269,1.1069098638375252,0.3356830508804726,0.06729356563597921,3.6615461178546694e-05,4.545981048324242,12.293600798811097,nan,nan,nan
393.32,213.9816436767578,-172.12416076660156,-57.697914123535156,214.96795475269954,-172.6272425697012,-57.70135200169469,1.1072094012162048,0.33573462001187404,0.067311086636725,3.585823262442071e-05,4.572353892187481,11.990776045595934,nan,0.009042393508754805,nan
393.33,213.97305297851562,-172.11988830566406,-57.699886322021484,214.95972271942733,-172.6229403165291,-57.703377160845434,1.1075155480722787,0.3357862760200786,0.06732867205473786,3.65739673543617e-05,4.56691497535549,11.625913743991275,nan,nan,nan
393.34000000000003,213.96446228027344,-172.11558532714844,-57.70182800292969,214.95149830522115,-172.61858752153304,-57.70505647025333,1.1078184621595597,0.33583801726822254,0.06734632202792862,3.581942343997238e-05,4.515078967813033,12.16646097136823,nan,0.07058111738969025,nan
393.35,213.9558868408203,-172.11122131347656,-57.703739166259766,214.94345340713886,-172.60905054657803,-57.706956997920834,1.1059529929799028,0.3357707251676497,0.06733844190399649,3.651199141925692e-05,4.326705819551049,11.572644635884686,3.093577326714815,nan,nan
393.36,213.94729614257812,-172.1068115234375,-57.70561218261719,214.93521763309704,-172.60457795788534,-57.70907210265251,1.1062424082174214,0.33582224402011135,0.06735610517353194,3.5760933869082084e-05,4.369034246006367,12.081795751968986,nan,0.02192096271892829,nan
393.37,213.93870544433594,-172.10235595703125,-57.70745086669922,214.92698595826252,-172.60005666021345,-57.71097442463046,1.106533677578566,0.3358738495776212,0.06737383306168065,3.647475124963155e-05,4.365829509215116,12.137375784753239,nan,nan,nan
393.38,213.93011474609375,-172.09783935546875,-57.70925521850586,214.91873012913328,-172.5954881554066,-57.713897791630906,1.106813560247253,0.3359255403897734,0.06739162570999462,3.5726152342955345e-05,4.620397353284859,11.943883957284458,nan,0.7551381984086583,nan
393.39,213.92152404785156,-172.09329223632812,-57.711021423339844,214.91049857035867,-172.5908711479248,-57.71574064887283,1.1071032700355958,0.33597731815247417,0.0674094832652328,3.6439539581990886e-05,4.619473454619756,12.48337861274335,nan,nan,nan
393.40000000000003,213.91294860839844,-172.0886993408203,-57.71275329589844,214.91601907156445,-172.5959367565939,-57.718374417863984,1.1240425912966472,0.3359099332755723,0.06740161195290731,3.567168465506579e-05,5.092140248755418,12.583490919277672,4.268240873795182,0.35694243638755146,nan
393.41,213.90435791015625,-172.08404541015625,-57.71445083618164,214.90780961695882,-172.5912518613758,-57.72015818125532,1.1243692835681303,0.3359614883174075,0.0674194820980422,3.6383806545026134e-05,5.093333186032728,12.492270950081297,nan,nan,nan
393.42,213.89576721191406,-172.07936096191406,-57.71611404418945,214.89962689657844,-172.5865207783223,-57.72068022117471,1.1247071600403173,0.336013128620503,0.06743741720399385,3.564069746637187e-05,4.77431220653053,12.62304832908827,nan,1.0268983533120057,nan
393.43,213.88717651367188,-172.07461547851562,-57.717742919921875,214.89141750893555,-172.5817449942031,-57.722386009097036,1.1250341686040755,0.3360648557126865,0.06745541741577532,3.6352495083684634e-05,4.774190799036491,12.115373480152144,nan,nan,nan
393.44,213.8785858154297,-172.06983947753906,-57.71934127807617,214.88320388933383,-172.57692460936974,-57.724253482854984,1.1253519161108625,0.3361166683936075,0.06747348287757496,3.561151835911975e-05,4.850202713344713,12.5789886729124,nan,0.025523216836030153,nan
393.45,213.87001037597656,-172.0650177001953,-57.720909118652344,214.88538169528968,-172.57519333873012,-57.725891201332466,1.1363463025794067,0.336049192301896,0.06746561613165046,3.6300642218290634e-05,4.8698285560019485,12.446312543385119,0.9507423495559869,nan,nan
393.46000000000004,213.86141967773438,-172.06015014648438,-57.722442626953125,214.87722411882314,-172.57028657444627,-57.72581812593006,1.1367098273801968,0.33610078202298677,0.06748369345781798,3.55625906622839e-05,4.498397251776636,12.401222869851432,nan,1.9460516121711646,nan
393.47,213.8528289794922,-172.05523681640625,-57.72394943237305,214.86903185644672,-172.56533667391162,-57.727385800768104,1.1370496736666433,0.33615245837799956,0.06750183608575593,3.6272989417746587e-05,4.495649717416525,12.264529445566307,nan,nan,nan
393.48,213.84423828125,-172.05027770996094,-57.72542190551758,214.860851523292,-172.56034428516128,-57.72832630586099,1.1374000310238837,0.33620422031744146,0.06752004415990126,3.55368712649563e-05,4.399743732220734,12.080848580135342,nan,0.2446605932418985,nan
393.49,213.83566284179688,-172.0452880859375,-57.72686767578125,214.85265936508543,-172.5553096655807,-57.7298298601172,1.137722600029896,0.33625606914457934,0.06753831782488727,3.6247077327171136e-05,4.396537697939251,11.986582739123861,nan,nan,nan
393.5,213.8270721435547,-172.04025268554688,-57.7282829284668,214.8625508461131,-172.55000301049137,-57.73006720229091,1.154151082339802,0.33618850065808953,0.06753045137499686,3.5491370731650304e-05,4.115805028891837,12.907728914354948,7.246745783570627,1.0203525308795844,nan
393.51,213.8184814453125,-172.03517150878906,-57.729671478271484,214.85439019186893,-172.54486553753188,-57.73150252979316,1.1545121423691782,0.3362401262090482,0.06754873615901216,3.6200542236879847e-05,4.111955965761135,12.708237366583926,nan,nan,nan
393.52,213.8098907470703,-172.03005981445312,-57.73102951049805,214.84621000860176,-172.53968695906747,-57.733962499543125,1.1548532550820418,0.336291837332972,0.06756708658140144,3.54688844124532e-05,4.254919024408242,13.183507004885268,nan,0.7599170683798034,nan
393.53000000000003,213.8013153076172,-172.02490234375,-57.732364654541016,214.83804979948567,-172.5344688981776,-57.7353550883966,1.1551992999979168,0.336343635198393,0.06758550278772181,3.617794560683704e-05,4.252931692614307,12.514804334832334,nan,nan,nan
393.54,213.792724609375,-172.01971435546875,-57.73366928100586,214.82985804676574,-172.52920990604724,-57.73847492949711,1.155532161936926,0.3363955189565794,0.06760398492104902,3.5447935176436176e-05,4.650356657012707,13.648935053352355,nan,2.1144767970144414,nan
393.55,213.7841339111328,-172.0144805908203,-57.73495101928711,214.8123558197633,-172.5251183088795,-57.739713203317656,1.148047843466972,0.3363278592648559,0.06759611447767515,3.61346837611258e-05,4.708995820564898,12.921647733798832,3.3736746601537004,nan,nan
393.56,213.7755584716797,-172.0092010498047,-57.7362060546875,214.80418043797062,-172.51979769488852,-57.74104487330372,1.1483882173170727,0.3363795199502627,0.0676146069663163,3.685711506940932e-05,4.709844480729545,12.287328629397557,nan,nan,nan
393.57,213.7669677734375,-172.00389099121094,-57.73743438720703,214.79600521921017,-172.51443875727608,-57.742352112639075,1.1487389913552517,0.3364312667857589,0.06763316542742115,3.759402417324381e-05,4.710812271410089,12.927436406234467,nan,nan,nan
393.58,213.7583770751953,-171.99853515625,-57.73863983154297,214.78779676587178,-172.50903991122868,-57.7455943523666,1.1490728304890667,0.3364830994579302,0.06765179000351279,3.6778561810822994e-05,5.375800872381075,13.308818654709828,nan,2.448962081868145,nan
393.59000000000003,213.7498016357422,-171.99314880371094,-57.73982238769531,214.7796221372626,-172.50360620374767,-57.74687350906205,1.1494114758938818,0.3365350190268293,0.0676704808430797,3.751369423902423e-05,5.379320915442902,13.067178582820848,nan,nan,nan
393.6,213.7412109375,-171.98773193359375,-57.7409782409668,214.7626224249604,-172.49650223005787,-57.74841000490874,1.1411327146285575,0.33646726725849907,0.06766260209543047,3.6680143995804695e-05,5.563127098886766,13.577312945159045,0.8730305775906516,0.05285562551805051,nan
393.61,213.73263549804688,-171.98226928710938,-57.74211120605469,214.75443341625322,-172.49099784799856,-57.74964668599565,1.1414606947999308,0.33651896299509443,0.06768130250588383,3.7412683545388653e-05,5.5683168069784355,12.871951902575715,nan,nan,nan
393.62,213.7240447998047,-171.97677612304688,-57.74322509765625,214.74624023095342,-172.48545720887284,-57.75115435456745,1.1417980643062902,0.336570744547202,0.06770006921564217,3.660763755986646e-05,5.761042698436252,13.586858842475257,nan,0.05517949300093722,nan
393.63,213.71546936035156,-171.9712677001953,-57.74431610107422,214.7380522265914,-172.47989459548327,-57.75235092768874,1.142121532664668,0.3366226128567485,0.06771890237563016,3.733862241564709e-05,5.76551663221178,12.999184405222449,nan,nan,nan
393.64,213.70687866210938,-171.9658203125,-57.745384216308594,214.72988161105394,-172.4743540878915,-57.75243098591805,1.1424496887063067,0.3366745672975771,0.06773780212325199,3.6538029180519195e-05,5.387370455416191,13.357300628823081,nan,0.7761380982178395,nan
393.65000000000003,213.69830322265625,-171.96044921875,-57.746429443359375,214.7410788799324,-172.479267755891,-57.75365930672559,1.1647343116836089,0.3366067244121082,0.06772991075315207,3.724402253117241e-05,5.601570160183202,13.426654038784637,4.463540065276194,nan,nan
393.66,213.68972778320312,-171.9551544189453,-57.74745559692383,214.7329216886794,-172.47389627722924,-57.754899473716016,1.1650759851874046,0.33665845476843204,0.0677488192688357,3.644872545214008e-05,5.7103709122735955,13.057213418479193,nan,0.008533818585596011,nan
393.67,213.68113708496094,-171.94998168945312,-57.74845886230469,214.7247665649946,-172.46861972553066,-57.75600641283469,1.1654204690070948,0.3367102717484467,0.06776779441813836,3.717598076064369e-05,5.71367993350794,14.203478010103963,nan,nan,nan
393.68,213.6725616455078,-171.94488525390625,-57.749446868896484,214.71659182630833,-172.4634392149482,-57.7584614564829,1.1657523286376157,0.33676217482881604,0.06778683633565312,3.6384825949352304e-05,6.40683724572373,13.72858369956139,nan,1.219670720371422,nan
393.69,213.66397094726562,-171.9398956298828,-57.75041198730469,214.7084369945466,-172.45836085555646,-57.759543759453706,1.1661041563334429,0.3368141647979628,0.06780594517651821,3.7110818537950116e-05,6.412300730613149,14.360021167488771,nan,nan,nan
393.7,213.6553955078125,-171.9350128173828,-57.75135803222656,214.707992860273,-172.45802539845292,-57.76057104736244,1.1754098119432137,0.336746230174694,0.06779803683903333,3.630132594293801e-05,6.582535178466968,14.462976734539943,1.049587817797609,0.001129013335903483,nan
393.71000000000004,213.64682006835938,-171.9302215576172,-57.75228500366211,214.69985031039488,-172.4531538991893,-57.76161569571645,1.1757627253479532,0.3367979957548835,0.06781715362834521,3.702523687961345e-05,6.587786942452434,14.286359819008393,nan,nan,nan
393.72,213.6382293701172,-171.92552185058594,-57.753196716308594,214.69170090755554,-172.4483774977865,-57.76314664015531,1.176128950832695,0.33684984739834245,0.06783633736286523,3.624288719328089e-05,6.960124897393673,14.929194352083092,nan,0.16692125651809303,nan
393.73,213.62965393066406,-171.92092895507812,-57.754085540771484,214.68355818171207,-172.4436965331154,-57.764161585296485,1.1764784901124608,0.33690178580444596,0.06785558820075233,3.696571757592697e-05,6.967029194244376,14.897153138195833,nan,nan,nan
393.74,213.62107849121094,-171.91641235351562,-57.75495910644531,214.67651062376447,-172.43756449041925,-57.76608798198821,1.1771407681736976,0.3365310129277762,0.06705588707201827,3.6186034395195224e-05,7.839633796699638,15.285870609859813,nan,0.566525234833785,0.002901079154383283
393.75,213.61248779296875,-171.9119873046875,-57.75581359863281,214.68441760497495,-172.43756536794604,-57.76698011776828,1.1938971955724875,0.33646470786399924,0.06704757736885622,3.6884798063440956e-05,7.80535934931236,16.337703628650484,3.119666118950943,nan,nan
393.76,213.60391235351562,-171.90765380859375,-57.75665283203125,214.67632792661504,-172.43313392065363,-57.76712189235254,1.1942839322458598,0.336515424185997,0.06706347014104742,3.611070594197777e-05,7.449956443721224,15.588947459233893,nan,0.45660151873674676,nan
393.77,213.59532165527344,-171.90341186523438,-57.757476806640625,214.6682128724426,-172.4288085462768,-57.768069772242086,1.1946754568707665,0.33656622691566784,0.06707942378046183,3.683069168059182e-05,7.451342691501489,16.136849895082587,nan,nan,nan
393.78000000000003,213.5867462158203,-171.8992462158203,-57.75828170776367,214.66010830313422,-172.42456080245177,-57.76863829513196,1.1950601843892905,0.336617113476278,0.06709543692726769,3.6060006396283e-05,7.36954775912737,15.350935266435242,nan,0.08793819068707052,nan
393.79,213.57815551757812,-171.89517211914062,-57.759071350097656,214.65199247195693,-172.42040491002388,-57.769551748026906,1.1954518509539869,0.3366680866630489,0.06711151119776648,3.677914906759688e-05,7.371691583123823,15.994631450937868,nan,nan,nan
393.8,213.569580078125,-171.89117431640625,-57.75984573364258,214.65430353799937,-172.41681448362877,-57.770804167298024,1.2054221903829874,0.33660169879832774,0.06710324548534186,3.598980056441614e-05,7.653914936562664,16.260381841382767,3.0598023705885664,0.11109562924024552,nan
393.81,213.5609893798828,-171.8872528076172,-57.76060485839844,214.64620512431358,-172.41280954900677,-57.77169102454353,1.2058300060374423,0.3366524534087411,0.06711933584598749,3.6707275824163354e-05,7.6567408073575525,16.584995537493562,nan,nan,nan
393.82,213.55239868164062,-171.8834228515625,-57.761348724365234,214.63806857889116,-172.40891156888614,-57.7738962396535,1.2062234278815644,0.33670329192046367,0.06713548602430566,3.5943929452505654e-05,8.67977673720776,17.962062455814948,nan,1.1874082754185322,nan
393.83,213.5438232421875,-171.87965393066406,-57.76207733154297,214.6299689455132,-172.40506265440462,-57.77476827096021,1.2066183637666372,0.336754216850548,0.06715169750522877,3.6660708531281096e-05,8.684653226580021,17.017037769532784,nan,nan,nan
393.84000000000003,213.5352325439453,-171.87596130371094,-57.76279067993164,214.62188594692537,-172.40127669506575,-57.77500680564196,1.2070298721778907,0.33680522603359025,0.06716796912284628,3.590036137338047e-05,8.440060409248849,17.22666046315006,nan,0.2575106291928026,nan
393.85,213.52664184570312,-171.87234497070312,-57.76348876953125,214.60948973068543,-172.3981095028824,-57.77574098071569,1.203801479475429,0.33673875783807017,0.06715974513296807,3.659382265114267e-05,8.42328490318093,16.978609240445127,1.3742790052017118,nan,nan
393.86,213.51805114746094,-171.86880493164062,-57.76417541503906,214.60139365216702,-172.39448189869364,-57.77607827020774,1.204204689475203,0.3367895482673987,0.06717603240983046,3.583727039565823e-05,8.265916420796163,16.867654375486257,nan,0.15904638960543607,nan
393.87,213.5094757080078,-171.86534118652344,-57.76484680175781,214.59328379823458,-172.39093553802903,-57.77688405985009,1.2045888486774041,0.33684042491784066,0.06719238116842632,3.655195571217766e-05,8.268218120295005,16.545825360074737,nan,nan,nan
393.88,213.50088500976562,-171.86192321777344,-57.765506744384766,214.58516717456988,-172.38746355159313,-57.77790838121362,1.2049955418921428,0.336891385874502,0.06720879036458395,3.5798150601390305e-05,8.59274741573958,16.614420330465148,nan,0.03604000963996453,nan
393.89,213.49229431152344,-171.8585968017578,-57.766151428222656,214.57705570499144,-172.3840554109263,-57.778691474127385,1.2053925847868836,0.33694243328381707,0.0672252613033911,3.6512327059910505e-05,8.594983349401385,17.230332607247714,nan,nan,nan
393.90000000000003,213.48370361328125,-171.85533142089844,-57.76678466796875,214.61565479909177,-172.40635873964044,-57.780238386421836,1.2590177105974563,0.3368758825204774,0.06721707405546709,3.5739498109438764e-05,9.818226447436999,19.338604747930837,26.657388262858262,0.3645665091094798,nan
393.91,213.47511291503906,-171.8521270751953,-57.76740646362305,214.60761649819028,-172.40314023918745,-57.78100572839368,1.2595097509528381,0.33692671086705006,0.06723356013555018,3.6452334529674614e-05,9.819514970965901,19.174281822994224,nan,nan,nan
393.92,213.4665069580078,-171.84898376464844,-57.76801300048828,214.59960924626134,-172.39996194642077,-57.780461630251054,1.2600209207856412,0.336977623561976,0.06725010694654364,3.570456566523145e-05,9.078756970922942,18.808240331816044,nan,1.1457653140839636,nan
393.93,213.45791625976562,-171.8459014892578,-57.76860809326172,214.5915693090544,-172.39687140918699,-57.78119352541767,1.2605139753017547,0.33702862252706195,0.06726671568124198,3.64170096013584e-05,9.08058520065617,18.230356051079383,nan,nan,nan
393.94,213.44932556152344,-171.8428955078125,-57.76919174194336,214.5835494241119,-172.39382676724102,-57.78103889003295,1.2610033219617087,0.33707970618004446,0.0672833854614738,3.567162584810306e-05,8.658148240878845,18.11041311516453,nan,0.5207749286332418,nan
393.95,213.44073486328125,-171.83993530273438,-57.7697639465332,214.60829681502364,-172.4048957059948,-57.78174637613,1.2971217163503588,0.3370130746967856,0.06727523228251689,3.636129562156836e-05,8.885504066662909,19.157901569099685,9.375476284429723,nan,nan
393.96000000000004,213.43212890625,-171.8369140625,-57.77043151855469,214.60031364101673,-172.40194292915743,-57.78224086548342,1.2977105437550651,0.33706393909398186,0.06729191672160409,3.5619083473929516e-05,8.847395109537846,19.688559468949272,nan,0.042173468819949766,nan
393.97,213.4235382080078,-171.83383178710938,-57.77118682861328,214.59232378918114,-172.39892968105707,-57.78307458377162,1.2982822047711697,0.337114889587916,0.06730866326551027,3.633000528242086e-05,8.817190112444514,19.1649602326062,nan,nan,nan
393.98,213.41493225097656,-171.83067321777344,-57.77203369140625,214.5843571246099,-172.39583346367144,-57.7829289061912,1.298876185138932,0.3371659247969195,0.06732547113914016,3.55899572882255e-05,8.2583080141405,18.78827668301839,nan,0.7832693252122036,nan
393.99,213.40634155273438,-171.8274688720703,-57.77296829223633,214.57636563603708,-172.39269246893605,-57.78393492919969,1.2994438568435591,0.3372170463456267,0.06734234138280487,3.6300631922312784e-05,8.231256328825255,18.601956960232357,nan,nan,nan
394.0,213.39773559570312,-171.82418823242188,-57.77399444580078,214.54663324357546,-172.37588780882825,-57.7839938897958,1.2745345098402643,0.33715033246511705,0.06733421747317694,3.554119020167033e-05,7.460701644985014,17.45272170639434,7.623986788015081,0.7066937620508018,nan
394.01,213.38914489746094,-171.82086181640625,-57.77510452270508,214.5386062161327,-172.37258891608855,-57.78516824841853,1.275055055368871,0.33720123445977274,0.06735110181680974,3.625077908549318e-05,7.436508720945506,17.289770387003752,nan,nan,nan
394.02,213.3805389404297,-171.8174591064453,-57.776302337646484,214.5306189679011,-172.3691972552705,-57.784520658019645,1.2756044038993566,0.3372522211869931,0.06736804776706752,3.55156260823782e-05,6.540107490553636,16.456935267275757,nan,2.4998426989364524,nan
394.03000000000003,213.37193298339844,-171.81399536132812,-57.777584075927734,214.52259095273158,-172.36577668642724,-57.78585087058092,1.276144479677687,0.3373032940931472,0.06738505627012098,3.6225058174356763e-05,6.520708090000972,16.392308449039206,nan,nan,nan
394.04,213.3633270263672,-171.81048583984375,-57.778953552246094,214.51461475590352,-172.36225498269766,-57.78472059963157,1.2766933390686344,0.33735445206091075,0.06740212669023443,3.5491753217504355e-05,5.566726386555442,15.742949344555088,nan,4.449670229037017,nan
394.05,213.354736328125,-171.80691528320312,-57.78040313720703,214.51785400092274,-172.36117019955094,-57.78614524652066,1.2884386694327061,0.3372876571328025,0.06739402902907426,3.61788090099691e-05,5.552614051267903,15.741712101793391,1.646869285494803,nan,nan
394.06,213.34613037109375,-171.80328369140625,-57.78193664550781,214.50985308138843,-172.35756196440252,-57.78726590119321,1.2889931541080737,0.33733859533983224,0.0674111130168287,3.5448135843248674e-05,5.438523000744026,16.02806071195816,nan,0.1317754729292557,nan
394.07,213.3375244140625,-171.79959106445312,-57.78355026245117,214.50184306158036,-172.3539028355882,-57.78890265153256,1.2895456954468891,0.3373896195726868,0.06742825973996636,3.61564855650709e-05,5.42588033721843,15.888308996091245,nan,nan,nan
394.08,213.32891845703125,-171.79583740234375,-57.78524398803711,214.49381982653304,-172.35019684255255,-57.79128627631501,1.290095383629984,0.3374407288717402,0.06744546864828076,3.5427470174968056e-05,5.660467335217405,15.980470933993873,nan,0.30459584980149595,nan
394.09000000000003,213.3203125,-171.7920379638672,-57.78702163696289,214.48580892867412,-172.34642446514346,-57.79309246456328,1.2906444797066383,0.3374919244494304,0.06746274056124794,3.613577292041569e-05,5.646032979775484,16.158837659149192,nan,nan,nan
394.1,213.31170654296875,-171.78817749023438,-57.78887176513672,214.4995139379949,-172.3570637838027,-57.795968693023994,1.317030139774377,0.337425047241911,0.06745466449610386,3.538700468063711e-05,6.329531783858757,17.316780558912235,8.722072270757653,0.6249479533813862,nan
394.11,213.3031005859375,-171.7842559814453,-57.790802001953125,214.49153610422243,-172.35321763775445,-57.79794429876052,1.317629447103739,0.3374760227695844,0.0674719493778821,3.609441454950302e-05,6.316075689287093,17.105171442013607,nan,nan,nan
394.12,213.29449462890625,-171.78028869628906,-57.792781829833984,214.48357099167924,-172.34930661563652,-57.79926170649346,1.3182283481421138,0.3375270833597393,0.06748929670596553,3.5369310945171825e-05,6.086286658185716,17.038299368274288,nan,0.3608904974108302,nan
394.13,213.28590393066406,-171.77627563476562,-57.794769287109375,214.47559297306265,-172.34535219287721,-57.801322544317685,1.318806692345558,0.3375782300860769,0.06750670722255432,3.607674249644759e-05,6.085787257534619,16.644059934861776,nan,nan,nan
394.14,213.2772979736328,-171.77220153808594,-57.79673385620117,214.4676489228001,-172.34131720549178,-57.80141735059508,1.319412733071036,0.33762946219498363,0.06752418049199385,3.5353025272081084e-05,5.512328651560611,16.425817704591616,nan,2.6595227249284252,nan
394.15000000000003,213.26869201660156,-171.76808166503906,-57.798675537109375,214.43784753049977,-172.32450039590302,-57.80346650718959,1.2948163472589984,0.3375625036662258,0.06751612270828077,3.603836300770759e-05,5.2913051298830975,15.717344872650619,6.428431184479179,nan,nan
394.16,213.2600860595703,-171.76390075683594,-57.80057907104492,214.42985301171984,-172.3203444252918,-57.8043646780246,1.2953758563930513,0.3376135155067214,0.06753360836603106,3.5316817715399765e-05,5.056758966941013,15.252994680625012,nan,0.8195428129540225,nan
394.17,213.25148010253906,-171.75967407226562,-57.802452087402344,214.42184016824166,-172.3161519286578,-57.806306245090695,1.2959263646433405,0.3376646133472837,0.06755115739567669,3.602349660877431e-05,5.059858021239756,15.317143483602347,nan,nan,nan
394.18,213.2428741455078,-171.75538635253906,-57.80428695678711,214.41384250918443,-172.31189656964642,-57.807274794493615,1.296487353447979,0.3377157965557248,0.06756876943098353,3.530317681079261e-05,4.897209386897032,14.892789809717165,nan,0.6111526195679577,nan
394.19,213.23426818847656,-171.75106811523438,-57.806087493896484,214.40582967637891,-172.30760344765307,-57.809137689296065,1.2970340010417345,0.3377670660253876,0.06758644511118353,3.600995779969474e-05,4.89913148832461,15.326375490160359,nan,nan,nan
394.2,213.2256622314453,-171.74668884277344,-57.8078498840332,214.37675809632526,-172.29906910996277,-57.81192880716445,1.2767780885250926,0.3377000252916664,0.06757840107284677,3.526955069279243e-05,5.089233801609044,14.298416409064338,6.399361511000027,0.46025523056635004,nan
394.21000000000004,213.21705627441406,-171.7422637939453,-57.80957794189453,214.3687089726835,-172.29468371354236,-57.81373376655532,1.2772975283298222,0.33775107421096573,0.06759608850352394,3.5975581051889844e-05,5.093653613624383,14.351313847437561,nan,nan,nan
394.22,213.2084503173828,-171.73779296875,-57.81127166748047,214.36069836302326,-172.2902184971162,-57.81294357498146,1.2778310993036597,0.3378022084764206,0.06761383918603785,3.525834033491133e-05,4.688929151589639,13.984251352055127,nan,4.56383869651975,nan
394.23,213.19984436035156,-171.73326110839844,-57.81293487548828,214.35264958746586,-172.2857369491109,-57.814656362661665,1.2783553534722245,0.33785342887577235,0.06763165369764262,3.596452365701046e-05,4.688512150991834,13.61964852206341,nan,nan,nan
394.24,213.1912384033203,-171.72869873046875,-57.81455993652344,214.34459274698713,-172.28121488053486,-57.81690077657316,1.2788689603204608,0.3379047349338598,0.06764953176410549,3.524827937004555e-05,4.75765752218604,14.113059755697542,nan,0.22141687508620017,nan
394.25,213.18264770507812,-171.7240753173828,-57.81615447998047,214.34312956080478,-172.28252730551102,-57.818508480173605,1.2878634639712592,0.3378376126523362,0.06764149791336199,3.5932561820175276e-05,4.879251387491074,13.494366757757051,1.757595830914551,nan,nan
394.26,213.17404174804688,-171.71942138671875,-57.817718505859375,214.3351125604552,-172.27790549299235,-57.81856597850511,1.288406242842929,0.33788869793173776,0.06765938710345419,3.521810436418516e-05,4.741487892963199,14.16402433426663,nan,1.706760357622442,nan
394.27,213.16543579101562,-171.7147216796875,-57.819252014160156,214.32707420961236,-172.2732561727946,-57.82014208560157,1.2889396369797514,0.33793986922283076,0.06767734030604383,3.5923774746212844e-05,4.739267886151722,14.127878943480946,nan,nan,nan
394.28000000000003,213.15682983398438,-171.7099609375,-57.82075119018555,214.31902631379538,-172.26857004647547,-57.822421820446046,1.2894757017179208,0.3379911261417481,0.06769535730188088,3.521018026106738e-05,4.793080331769183,13.852427163609216,nan,0.3753664603080466,nan
394.29,213.14822387695312,-171.70516967773438,-57.82222366333008,214.31098829784727,-172.2638312345689,-57.823946058518416,1.2900103876431628,0.33804246934045185,0.06771343858655864,3.591606017621e-05,4.79270171012111,14.10681508323103,nan,nan,nan
394.3,213.13961791992188,-171.70033264160156,-57.823665618896484,214.30746979493415,-172.26015030618586,-57.82535050398338,1.2950971617558518,0.3379752648937497,0.0677054104766008,3.518207748066692e-05,4.798798674552212,14.331307157899019,0.2127784369768705,0.006213681055164978,nan
394.31,213.1310272216797,-171.69544982910156,-57.82508087158203,214.29944022576802,-172.25532369456909,-57.8268172215255,1.2956275345435517,0.3380263870376428,0.06772350220899037,3.588730814395459e-05,4.798806752701627,13.753727536455798,nan,nan,nan
394.32,213.12242126464844,-171.69052124023438,-57.82646560668945,214.29140371983885,-172.2504602449323,-57.828848077849976,1.2961702610745036,0.3380775947725778,0.06774165796676888,3.5176099904216535e-05,4.8729104485599954,14.26536732089847,nan,0.2446969000562374,nan
394.33,213.1138153076172,-171.68556213378906,-57.827823638916016,214.28337471854414,-172.24554841812756,-57.83026606950278,1.296711155115972,0.33812888867217855,0.06775987819709708,3.588157671848523e-05,4.874312372478868,14.503868062159718,nan,nan,nan
394.34000000000003,213.10520935058594,-171.68055725097656,-57.82915115356445,214.27533268218278,-172.24060606988354,-57.83279545210631,1.29724961808368,0.33818026846923016,0.06777816275272071,3.5171041489228725e-05,5.082333674815046,14.658752932022692,nan,0.9049665817440224,nan
394.35,213.09661865234375,-171.67550659179688,-57.8304557800293,214.2660459967166,-172.23687665627986,-57.83411711000054,1.2971931499979965,0.3381129822888196,0.06777013662884279,3.5854742498223e-05,5.114569545688126,13.963482382102647,0.4750050160778554,nan,nan
394.36,213.0880126953125,-171.67041015625,-57.83173370361328,214.2580123863452,-172.2318497437878,-57.835724411930975,1.29774019480946,0.338164140794436,0.06778843096087134,3.514567735998933e-05,5.190695326050806,14.421720460399772,nan,0.045967322552345896,nan
394.37,213.07940673828125,-171.665283203125,-57.83298873901367,214.2499820704742,-172.22678008560288,-57.83705342279412,1.2982842057982757,0.3382153853536154,0.06780678994801811,3.585080896746932e-05,5.195079752752341,14.596046243349704,nan,nan,nan
394.38,213.07081604003906,-171.6601104736328,-57.83421325683594,214.2419638804495,-172.2216605903054,-57.83726877499085,1.2988206703868788,0.33826671576589196,0.06782521348538481,3.5142308386165207e-05,4.996837945294055,13.846681102879105,nan,0.8313058368088396,nan
394.39,213.0622100830078,-171.6549072265625,-57.835418701171875,214.2339345428352,-172.21651158370992,-57.83853916974738,1.299364229555687,0.33831813250548415,0.06784370195714048,3.5847723829483606e-05,4.999500203878343,14.4603980249928,nan,nan,nan
394.40000000000003,213.05361938476562,-171.649658203125,-57.83659744262695,214.2132602625386,-172.20334287067936,-57.84078167353481,1.2850490980017637,0.33825076417304056,0.06783567343871011,3.5118572533417667e-05,5.077959625353666,13.655467717206333,2.759437269905274,0.8240004885170621,nan
394.41,213.04501342773438,-171.6443634033203,-57.83775329589844,214.20521248453096,-172.1980978435588,-57.842015410814874,1.2855745203299096,0.33830195934955903,0.06785417097378824,3.5823407872448976e-05,5.083661858059538,13.954770701158472,nan,nan,nan
394.42,213.0364227294922,-171.63906860351562,-57.83888626098633,214.19717697973846,-172.19281451959245,-57.842031872458556,1.286077316458102,0.33835324032998904,0.06787273327816562,3.511672778138136e-05,4.854935476974174,13.658607666088795,nan,1.0013590837115496,nan
394.43,213.02781677246094,-171.63380432128906,-57.839996337890625,214.18913036903248,-172.18755399755497,-57.84320938531412,1.286583964310252,0.33840460753218543,0.06789136069927643,3.58218724422266e-05,4.857545731870065,13.834125809771628,nan,nan,nan
394.44,213.01922607421875,-171.6286163330078,-57.84108352661133,214.18108715964235,-172.18234971901043,-57.84405151898575,1.2870705705493992,0.33845606083973706,0.06791005318690937,3.5115602242660227e-05,4.816104991894005,13.375226746236004,nan,0.06913330637108497,nan
394.45,213.0106201171875,-171.62351989746094,-57.84214782714844,214.17990045926288,-172.18502585206215,-57.8452004477632,1.2971178720182537,0.3383886106225533,0.06790201836392866,3.579904614991643e-05,4.985505515867477,14.192933945192113,3.116325907412002,nan,nan
394.46000000000004,213.0020294189453,-171.61851501464844,-57.84319305419922,214.17186467995947,-172.1800192032151,-57.846268590026455,1.297617413034592,0.3384398421235619,0.06792071920104134,3.509399048901663e-05,4.990145470903886,13.624252886990346,nan,0.0013307136622460575,nan
394.47,212.99342346191406,-171.6136016845703,-57.844215393066406,214.16382868593394,-172.17510763975005,-57.847359859443834,1.2981322019671653,0.33849115974383004,0.06793948533573897,3.5798901510340986e-05,4.992315933192138,14.034226742368789,nan,nan,nan
394.48,212.98483276367188,-171.60879516601562,-57.84522247314453,214.15580254976567,-172.1702833976893,-57.8472920155553,1.298631417014992,0.3385425634141311,0.0679583167494011,3.509416957723322e-05,4.833518792054973,13.547423388683939,nan,0.9120194184945379,nan
394.49,212.9762420654297,-171.60406494140625,-57.8462028503418,214.14776701879387,-172.16556281445892,-57.84833327157661,1.2991362963493347,0.3385940534819552,0.06797721374241501,3.5799413039500396e-05,4.834141485803116,13.253901209812406,nan,nan,nan
394.5,212.96763610839844,-171.5994415283203,-57.84716796875,214.13350109773523,-172.16329130649413,-57.84968652751286,1.295057561981781,0.3385265211064911,0.06796916828164921,3.5073807914780454e-05,4.969957079146021,13.690694251323507,2.4469988818752038,0.0866775640600684,nan
394.51,212.95904541015625,-171.59490966796875,-57.848114013671875,214.12545373132357,-172.1587737062253,-57.850693894729034,1.2955530406408045,0.33857778909945047,0.06798807287483118,3.5778515668909715e-05,4.9703764624170725,13.181378079231127,nan,nan,nan
394.52,212.95045471191406,-171.59046936035156,-57.84904098510742,214.11740604329344,-172.1543475501471,-57.85170381845672,1.2960482681662127,0.3386291430831987,0.06800704295397601,3.50751514244672e-05,4.9818097144168325,13.194140131178745,nan,0.000301894044582928,nan
394.53000000000003,212.9418487548828,-171.58612060546875,-57.849945068359375,214.10935848288855,-172.15001079443593,-57.852675438381915,1.296556425737784,0.3386805833661719,0.06802607879257751,3.578020865452779e-05,4.983259684231465,13.77860753775032,nan,nan,nan
394.54,212.93325805664062,-171.58184814453125,-57.85083770751953,214.10130602030847,-172.14576597519138,-57.85431226276231,1.2970549092845545,0.3387321099374767,0.0680451804121137,3.507704461930312e-05,5.114752558254018,13.117416094986048,nan,0.3275265097897058,nan
394.55,212.92466735839844,-171.57766723632812,-57.851707458496094,214.08740972835065,-172.14478372952948,-57.855182176582026,1.293678093425434,0.33866449555602957,0.06803712028509051,3.576044057389913e-05,5.218218403565956,13.029466540031681,3.213130296079623,nan,nan
394.56,212.9160614013672,-171.5735626220703,-57.852561950683594,214.07935391121924,-172.14071961673787,-57.85552556811327,1.294189052305149,0.3387157998034393,0.06805622875034849,3.505828913753882e-05,5.12643171871845,13.215857540927523,nan,0.2389798492773282,nan
394.57,212.907470703125,-171.56954956054688,-57.85340118408203,214.07129402729157,-172.1367415483174,-57.85642985445741,1.2946816804564116,0.33876719025397345,0.06807540315333503,3.576318170576692e-05,5.1275938086117625,12.89730212338829,nan,nan,nan
394.58,212.89886474609375,-171.56561279296875,-57.85422134399414,214.06323110584668,-172.1328470481186,-57.85777925757761,1.2951897076061,0.338818666928704,0.06809464353818515,3.506116374550452e-05,5.227463413518116,13.393998713580642,nan,0.14963789175601222,nan
394.59000000000003,212.89027404785156,-171.56175231933594,-57.85502624511719,214.05517077307434,-172.12902913803046,-57.858656442204264,1.2956853583311865,0.3388702300883297,0.06811395014460134,3.5766418017138945e-05,5.230401504460971,12.856441978731201,nan,nan,nan
394.6,212.8816680908203,-171.55796813964844,-57.855812072753906,214.04162751307297,-172.1165224753402,-57.85797756350101,1.2874367932224646,0.3388025335293904,0.06810587105100696,3.5043343602645824e-05,4.79255198330716,12.959453475039771,4.356797731721452,1.7140522230282804,nan
394.61,212.87307739257812,-171.55426025390625,-57.85658645629883,214.03355953373216,-172.11282963109946,-57.85880933457299,1.2879143955493635,0.3388538740991225,0.06812518371857212,3.5748088136637234e-05,4.79298916166887,12.426075227345365,nan,nan,nan
394.62,212.86447143554688,-171.55062866210938,-57.85734176635742,214.0254840315948,-172.10921790836275,-57.860859655707415,1.2884038845631198,0.33890530082577436,0.06814456256387105,3.504708328918699e-05,5.00387751732465,13.164035303469023,nan,1.0704978355665529,nan
394.63,212.85586547851562,-171.54705810546875,-57.85808563232422,214.01741504135856,-172.1056730120205,-57.861675179919914,1.2888990983061401,0.33895681394427474,0.0681640078077642,3.575220036011232e-05,5.007514186988331,12.861970735596707,nan,nan,nan
394.64,212.84727478027344,-171.5435791015625,-57.85881042480469,214.00935921437406,-172.10218730433849,-57.85988101543937,1.2893736860785872,0.33900841351425465,0.06818351952252805,3.5051232345612504e-05,4.675820567919121,12.50638175035312,nan,4.743691770797431,nan
394.65000000000003,212.8386688232422,-171.54014587402344,-57.85952377319336,213.98352278302121,-172.09106505150035,-57.86065128334001,1.2705132036357152,0.33894063485352555,0.06817541734745736,3.5734703457410514e-05,4.555984982927689,11.757257399948635,2.763110839702319,nan,nan
394.66,212.83006286621094,-171.53680419921875,-57.86022186279297,213.97542305471865,-172.0877188842298,-57.861364182030385,1.2709674490215968,0.3389920115801318,0.06819493433023992,3.503459207440455e-05,4.553528043922266,12.216729133571173,nan,0.0009090515098757832,nan
394.67,212.82147216796875,-171.53350830078125,-57.86090850830078,213.96732257467744,-172.08444032432814,-57.86209973650229,1.2714167956058193,0.33904347460702255,0.06821451788649707,3.5739582244606266e-05,4.552474177521128,11.303439847499556,nan,nan,nan
394.68,212.8128662109375,-171.53028869628906,-57.86157989501953,213.95921976527626,-172.08122971272874,-57.863188854634075,1.27187462585419,0.3390950240142817,0.06823416810396124,3.503945752266634e-05,4.5829132572239315,11.954211701762624,nan,0.09451516632605285,nan
394.69,212.80426025390625,-171.52713012695312,-57.86223602294922,213.95111781476965,-172.07808253502253,-57.86390270839166,1.2723339179269642,0.3391466600062462,0.06825388518040516,3.5744824612746666e-05,4.58315825246248,11.885389955495683,nan,nan,nan
394.7,212.795654296875,-171.5240478515625,-57.86288070678711,213.925939895842,-172.06890301702217,-57.86378286066329,1.2547563510267117,0.3390787991414481,0.06824575564611417,3.502349682001713e-05,4.442285815242348,11.439134646127474,2.4526617070327212,0.49393872428383034,nan
394.71000000000004,212.78704833984375,-171.52101135253906,-57.8635139465332,213.9178079733745,-172.06587531180503,-57.8644644209967,1.2551872315839072,0.3391302120255434,0.06826547717175545,3.5728366936610566e-05,4.440638925399319,11.05520189309981,nan,nan,nan
394.72,212.7784423828125,-171.51803588867188,-57.864131927490234,213.88168018457722,-172.03471092053786,-57.866606804486175,1.2182335001191338,0.3349741352864819,0.06401309609776314,3.5028045730378506e-05,4.462186512158708,11.111525907721896,nan,1.5013364946707222,0.18619021977195777
394.73,212.76983642578125,-171.51513671875,-57.86473846435547,213.87355534198332,-172.03177784931552,-57.867279917896326,1.2186549810181664,0.33502829574911447,0.06402497327582936,3.573327785368559e-05,4.462747539433577,11.411785234801673,nan,nan,nan
394.74,212.76123046875,-171.5122833251953,-57.865333557128906,213.86551308721002,-172.02899902044027,-57.869543855624514,1.219201762531048,0.33508253819115197,0.06403690508979859,3.5033861205939585e-05,4.783064886527283,11.439002949711696,nan,1.8085719181942206,nan
394.75,212.75262451171875,-171.5094757080078,-57.86591339111328,213.8765322858514,-172.02937740971285,-57.870164537570965,1.2383394269899508,0.335009349981408,0.064027947974543,3.571744880945131e-05,4.7810778903083255,11.979812975887631,5.093525874158125,nan,nan
394.76,212.74400329589844,-171.50674438476562,-57.866485595703125,213.86839688012302,-172.02656347319387,-57.87013429236304,1.2387437708933533,0.33506335877963467,0.06403991677089733,3.501876985983755e-05,4.650893762100572,12.609115605851448,nan,0.33142310184740265,nan
394.77,212.7353973388672,-171.50405883789062,-57.86704635620117,213.86029594233005,-172.02384477479688,-57.8707722923943,1.2391885130514817,0.3351174569431556,0.0640519502553555,3.572389310863504e-05,4.655312328914594,11.941418201467284,nan,nan,nan
394.78000000000003,212.72679138183594,-171.5012969970703,-57.867698669433594,213.85221342845296,-172.02114144668448,-57.871835182871244,1.2396895359523352,0.33517163721295207,0.06406403901759454,3.5025088990851686e-05,4.752982259175667,11.866889275406395,nan,0.10352455378142243,nan
394.79,212.71817016601562,-171.49847412109375,-57.86844253540039,213.84411059938586,-172.01834839496524,-57.87261180309529,1.2401727714010136,0.3352259070324372,0.06407619256978761,3.573059566000188e-05,4.7485386523227,12.391597523046826,nan,nan,nan
394.8,212.70956420898438,-171.49559020996094,-57.86927795410156,213.81820475724467,-172.00739109273226,-57.87552021378254,1.2210908953302062,0.3351526297872952,0.06406735799214715,3.5010473616785715e-05,5.2408296942652,12.068461328978472,3.5018287946676647,3.1735341615006707,nan
394.81,212.70094299316406,-171.4926300048828,-57.870201110839844,213.81007013886057,-172.00444920603223,-57.87649933423636,1.2215406614616067,0.33520666553760603,0.06407954792997651,3.571548807929506e-05,5.236077056086332,12.264662383707762,nan,nan,nan
394.82,212.6923370361328,-171.48960876464844,-57.871212005615234,213.8019741115518,-172.001485447257,-57.878364344404005,1.2220324599996972,0.33526078352172434,0.06409179376837033,3.501722147744305e-05,5.583850585329313,12.284121586845753,nan,0.44707428349211903,nan
394.83,212.6837158203125,-171.4865264892578,-57.872314453125,213.79383830174092,-171.99841287868898,-57.879530048774114,1.222477674347569,0.3353149907756568,0.06410410427261194,3.572262285760845e-05,5.577914361768301,12.65450704744346,nan,nan,nan
394.84000000000003,212.6750946044922,-171.48338317871094,-57.87350082397461,213.7857081139769,-171.99528310710184,-57.88091226821574,1.2229304287825704,0.3353692806567655,0.06411647114295607,3.502417579211474e-05,5.686214860262741,12.843955365008993,nan,0.011649387663140814,nan
394.85,212.66648864746094,-171.48016357421875,-57.87477111816406,213.77268640950894,-171.98625376783266,-57.882229592773804,1.2164934860802472,0.3352959218863277,0.06410776386838252,3.570792345553302e-05,5.563805824806135,12.077726094313288,3.0639468728568002,nan,nan
394.86,212.65786743164062,-171.47689819335938,-57.87612533569336,213.76458362763282,-171.9830191241466,-57.88461185390366,1.2169844518496102,0.33534997747179196,0.06412016688278183,3.501012830008072e-05,6.060713034739814,13.350058040698524,nan,0.6434157094201665,nan
394.87,212.6492462158203,-171.4735565185547,-57.877567291259766,213.7564348089592,-171.979672076572,-57.886133909981424,1.2174123893736113,0.33540412204690573,0.06413263445150585,3.571542170112455e-05,6.056317903317961,12.893654548374903,nan,nan,nan
394.88,212.64064025878906,-171.4701690673828,-57.87908935546875,213.74825877022195,-171.97623419989512,-57.88716818329046,1.2177791066825212,0.33545834937472674,0.06414515898089057,3.501742093915291e-05,5.863154095710003,12.67618729463162,nan,0.23066256390404363,nan
394.89,212.63201904296875,-171.46670532226562,-57.88069152832031,213.74010958082525,-171.97276530723542,-57.88885156841482,1.2182068521926297,0.33551266587770445,0.06415774818549602,3.572309669243844e-05,5.861326153719551,12.727230661965029,nan,nan,nan
394.90000000000003,212.62339782714844,-171.46319580078125,-57.88237762451172,213.7125685200186,-171.97280981297249,-57.889646920845486,1.2025190569376112,0.3354392194100913,0.06414915580410806,3.5003692838471345e-05,5.644942714238007,11.835893392900104,19.689406808050723,0.6950305808329821,nan
394.91,212.61477661132812,-171.45960998535156,-57.88414001464844,213.7043963634939,-171.96926849744133,-57.89148403959694,1.2029451101184283,0.33549330119526316,0.06416178052310957,3.57088742082433e-05,5.643132096254579,11.55680052352859,nan,nan,nan
394.92,212.6061553955078,-171.4559783935547,-57.885982513427734,213.69624309042814,-171.9656895528131,-57.89382230146639,1.203394411972136,0.33554746585548134,0.06417446277605489,3.501126587263991e-05,5.885368155310168,11.99043767859485,nan,0.12500072443764523,nan
394.93,212.59754943847656,-171.45230102539062,-57.88790512084961,213.6880705961454,-171.9620321642758,-57.895823358730716,1.203796049072967,0.33560171941356165,0.06418720961448945,3.571683132156422e-05,5.882244671554886,11.785070148422975,nan,nan,nan
394.94,212.58892822265625,-171.44854736328125,-57.88987350463867,213.6798195598998,-171.95823305575243,-57.89613235336923,1.2041023992876625,0.3356560562362878,0.06420001443176532,3.5018977126949485e-05,5.242825833202187,11.229454810370074,nan,2.1778302853312423,nan
394.95,212.58030700683594,-171.4447479248047,-57.891849517822266,213.66678607572254,-171.9535757394212,-57.898188441194826,1.1997427615975236,0.33558252856278786,0.0641915398105714,3.570287554294792e-05,5.246591205730994,11.219421902694686,0.29644713977367476,nan,nan
394.96000000000004,212.57168579101562,-171.44088745117188,-57.8938102722168,213.6586875773615,-171.94983855535096,-57.902100853542805,1.2002803188017959,0.33563663044199193,0.06420437982484853,3.500561279984176e-05,6.081839479426906,11.907981682606492,nan,2.391009707129299,nan
394.97,212.5630645751953,-171.43698120117188,-57.8957405090332,213.65050818477877,-171.945959585229,-57.9041700119029,1.2006929898937226,0.3356908209448858,0.06421728434908229,3.571106229169483e-05,6.105091338448183,12.147422231085583,nan,nan,nan
394.98,212.554443359375,-171.43301391601562,-57.897640228271484,213.64220654006334,-171.94189595532816,-57.90337621162869,1.2009257132317468,0.335745094827846,0.064230247394963,3.501353745700577e-05,5.052211486713682,10.892425265080009,nan,5.6658001629414105,nan
394.99,212.54583740234375,-171.42898559570312,-57.89950180053711,213.63402735886845,-171.93790867785017,-57.905354994593125,1.2013302397359107,0.3357994575252984,0.06424327509294182,3.571936447458655e-05,5.069141820012351,10.458901173481253,nan,nan,nan
395.0,212.53721618652344,-171.42491149902344,-57.901329040527344,213.6395771393058,-171.93962165661517,-57.9072776639588,1.2166189225341175,0.33572584347072393,0.06423490733422944,3.500037544837211e-05,5.207729794143537,11.4455788447646,1.671849515180969,9.657315262292887e-08,nan
395.01,212.52859497070312,-171.42079162597656,-57.90312194824219,213.6314204735378,-171.9355378061822,-57.90918719329927,1.2170556712560108,0.33577997081027977,0.06424796957030875,3.5705702641313735e-05,5.224316107606625,11.530285552183626,nan,nan,nan
395.02,212.5199737548828,-171.41661071777344,-57.904876708984375,213.62322675464014,-171.9313631804111,-57.91017197732908,1.2174421214710478,0.33583418163936896,0.06426109084876713,3.5008469864142265e-05,4.992552424001477,11.171643100690586,nan,0.5593402592731729,nan
395.03000000000003,212.5113525390625,-171.41238403320312,-57.90659713745117,213.61507014449728,-171.92717627497117,-57.9120040775896,1.2178804702157437,0.33588848101592694,0.06427427672706944,3.5714175377970105e-05,5.0076735721846735,11.250130200864355,nan,nan,nan
395.04,212.50274658203125,-171.40811157226562,-57.908287048339844,213.60690746397498,-171.92293237264425,-57.91365136904251,1.2182940883275446,0.3359428642644755,0.06428752207079545,3.501665202629782e-05,5.008335440620214,10.865963358839254,nan,0.016164545703485855,nan
395.05,212.49412536621094,-171.40377807617188,-57.90993881225586,213.58874533417688,-171.91751549720422,-57.915331888200626,1.2091931596345007,0.3358691693421827,0.06427926237354926,3.57006762713329e-05,5.012560097631344,10.803766905211258,1.8251558538033388,nan,nan
395.06,212.48550415039062,-171.3994140625,-57.91156005859375,213.5805847449859,-171.91319712581688,-57.91730131580653,1.2096311449548696,0.3359233170046004,0.06429254186300754,3.500370363482207e-05,5.136582587015326,11.202872644847993,nan,0.040415602481000644,nan
395.07,212.4768829345703,-171.39498901367188,-57.91314697265625,213.57241485535377,-171.90882015502527,-57.91900227280015,1.2100607074935528,0.3359775529529459,0.06430588591461471,3.570928055639968e-05,5.152410979646215,11.020272950512318,nan,nan,nan
395.08,212.46827697753906,-171.3905029296875,-57.91470718383789,213.56430662858034,-171.90445816512192,-57.92223625709811,1.210573280283468,0.3360318728724744,0.06431928992149917,3.501200797904152e-05,5.809205287239483,10.98272922202497,nan,1.7261114239719335,nan
395.09000000000003,212.45965576171875,-171.385986328125,-57.916229248046875,213.55613729105127,-171.8999852968032,-57.92389133031546,1.2110018131589806,0.33608628127689205,0.06433275865454743,3.571795574679299e-05,5.831136643877391,11.791719050387496,nan,nan,nan
395.1,212.45103454589844,-171.3814239501953,-57.917724609375,213.54489369955127,-171.90256231723617,-57.926391700502535,1.2116881463894549,0.33601250125158155,0.06432459742575654,3.4999177441443864e-05,6.539592668196766,12.194148899195453,9.238637663777103,0.5961720568776001,nan
395.11,212.44241333007812,-171.37680053710938,-57.919193267822266,213.5367255023907,-171.89803397629257,-57.92799624026518,1.2121389858089935,0.3360666736665267,0.06433809961846952,3.5704618468944476e-05,6.561284219823352,11.936193108014633,nan,nan,nan
395.12,212.43380737304688,-171.3721466064453,-57.92062759399414,213.5284767047878,-171.89337720911308,-57.92742029472888,1.2124472886665285,0.3361209301441091,0.06435166223452805,3.500757199063933e-05,5.706202985098923,11.042620624368707,nan,3.269451344495879,nan
395.13,212.42518615722656,-171.36744689941406,-57.922035217285156,213.5203094523838,-171.88875732304874,-57.928947231738384,1.2128921490924114,0.3361752748549813,0.06436528956215631,3.5713384323207267e-05,5.723152639729287,11.362142850694035,nan,nan,nan
395.14,212.4165802001953,-171.36268615722656,-57.92341613769531,213.51214250934845,-171.88409250541025,-57.930446682286245,1.2133304503392515,0.33622970592997575,0.06437897967582451,3.6433526163359297e-05,5.7398613493247534,10.746894780204386,nan,nan,nan
395.15000000000003,212.407958984375,-171.35789489746094,-57.924766540527344,213.49135928797412,-171.87439458119994,-57.93190715858383,1.2002412797297803,0.3361558454111196,0.06437091668468269,3.714428205990492e-05,5.683781798232866,10.986007866650086,1.3260949362902283,nan,nan
395.16,212.3993377685547,-171.35305786132812,-57.926090240478516,213.48310943999357,-171.869571462733,-57.931610933001245,1.2005739520311103,0.3362100381847096,0.06438463768376787,3.6361638213313564e-05,5.146507304482451,10.39783522379527,nan,1.9829187192158773,nan
395.17,212.39073181152344,-171.34817504882812,-57.927391052246094,213.4749227901292,-171.86476810453286,-57.93301387351155,1.2009871270798258,0.3362643190966544,0.06439842354467909,3.709398617288698e-05,5.158069051900491,9.936576795954373,nan,nan,nan
395.18,212.38211059570312,-171.34326171875,-57.92866134643555,213.466732081441,-171.85991761128722,-57.93426938182248,1.2014027337568998,0.33631868438610335,0.06441227053014204,3.631407647400808e-05,5.168818843309484,10.573901361987033,nan,0.009760282738531035,nan
395.19,212.37350463867188,-171.33828735351562,-57.929908752441406,213.4585459690399,-171.85502894883973,-57.935620965688095,1.2018191188049467,0.3363731380105555,0.06442618254993972,3.704515209191101e-05,5.181220367502762,9.892524367238142,nan,nan,nan
395.2,212.36488342285156,-171.33328247070312,-57.93113327026367,213.4459571662508,-171.85150179607032,-57.93603825526028,1.1988727066411495,0.3362991934923481,0.0644182091728836,3.624527906469569e-05,5.030333757992171,10.082474137883638,1.2285592592894263,0.5589158130237899,nan
395.21000000000004,212.3562774658203,-171.32823181152344,-57.93233108520508,213.43776693873278,-171.8465427600749,-57.93733302648073,1.199287596377667,0.3363534105043091,0.06443215347455479,3.697423307596216e-05,5.040682455335866,9.721928644042977,nan,nan,nan
395.22,212.34767150878906,-171.32315063476562,-57.93350601196289,213.42953945534111,-171.84151243615653,-57.937487533766124,1.1996470578607075,0.3364077119858388,0.0644461593411351,3.6200609729333916e-05,4.799285903756808,9.420183721051828,nan,0.8223476180227719,nan
395.23,212.33905029296875,-171.318115234375,-57.934654235839844,213.4213502734959,-171.83652358913693,-57.93872510764949,1.2000570995304096,0.3364621015475727,0.06446023024028981,3.692843587458651e-05,4.806221070260008,9.975055656314895,nan,nan,nan
395.24,212.3304443359375,-171.31314086914062,-57.93578338623047,213.4131319216964,-171.8315582703047,-57.93903863409686,1.200408100116288,0.33651657595122514,0.06447436309503482,3.615737083339674e-05,4.646494356246878,9.291617679640598,nan,0.5374372381821946,nan
395.25,212.32183837890625,-171.30825805664062,-57.9368896484375,213.41324008963406,-171.8299429937244,-57.94022144315825,1.209679283370488,0.33644255148170943,0.06446647815765402,3.686077441182417e-05,4.69810180220588,9.737840183445915,0.5669156294975233,nan,nan
395.26,212.31321716308594,-171.30345153808594,-57.93797302246094,213.4050622321353,-171.82516837223093,-57.94126850575569,1.2100929592588399,0.3364967890430869,0.0644806427687486,3.609317831277264e-05,4.693704049859422,9.935077766649602,nan,0.008998263080168642,nan
395.27,212.3046112060547,-171.2987518310547,-57.93903350830078,213.3968884603424,-171.82048752558293,-57.942409987633795,1.2104912786930289,0.33655111444067193,0.06449487242700198,3.681803046489335e-05,4.697974258336478,9.816415770457946,nan,nan,nan
395.28000000000003,212.29600524902344,-171.29412841796875,-57.9400749206543,213.38873301072857,-171.8159156455786,-57.94410756805963,1.2109220182749099,0.33660552475443783,0.06450916444806576,3.605287075466799e-05,4.835391224568651,9.698322657974225,nan,0.22082987104401242,nan
395.29,212.2873992919922,-171.28961181640625,-57.94109344482422,213.38055958094722,-171.81141776965976,-57.945214645561734,1.2113207067059368,0.3366600231157253,0.06452352171314356,3.677678799044849e-05,4.841751625693472,9.962647755410362,nan,nan,nan
395.3,212.27879333496094,-171.28517150878906,-57.94209289550781,213.36637799647767,-171.80462229319087,-57.945990127690244,1.2052737041024333,0.3365859158681314,0.06451571740681322,3.599178137714701e-05,4.7657474380292815,9.52748241241761,0.5610473780427705,0.036129480049122184,nan
395.31,212.27017211914062,-171.28082275390625,-57.94307327270508,213.358195367316,-171.80030045662096,-57.94705482626399,1.2056813529936459,0.3366401770022517,0.06453010568026696,3.671391943256149e-05,4.771394567411344,9.913780043590732,nan,nan,nan
395.32,212.26156616210938,-171.2765655517578,-57.94403076171875,213.35007174314762,-171.79612132535587,-57.95005896176795,1.206158754487287,0.3366945231152347,0.06454455670179579,3.5954390524588865e-05,5.346162885654169,10.270060876012955,nan,2.562796670164498,nan
395.33,212.25296020507812,-171.2723846435547,-57.94497299194336,213.34188937246847,-171.79197256699314,-57.95110604986302,1.206555409492644,0.336748957047766,0.06455907300583605,3.6675719572152294e-05,5.357229771107478,10.06833150465278,nan,nan,nan
395.34000000000003,212.24435424804688,-171.26829528808594,-57.94589614868164,213.33367643309188,-171.78787949058201,-57.95109622584557,1.2069041416439092,0.336803476317528,0.06457365242636899,3.591842900466693e-05,5.080485947349455,9.89435505986075,nan,0.7229955070570013,nan
395.35,212.23573303222656,-171.2642822265625,-57.946800231933594,213.3083067615633,-171.76549983655988,-57.952063594044446,1.183917733803966,0.3367292895411812,0.06456592650745707,3.661603967422328e-05,4.696064655531498,9.573567653976005,21.36937336572955,nan,nan
395.36,212.2271270751953,-171.26034545898438,-57.94768524169922,213.30009561246712,-171.7615417678978,-57.953267329858384,1.1842678673981877,0.3367835713449719,0.06458053634155136,3.586186121139567e-05,4.8050064001373665,9.289592631694237,nan,0.03266219178672808,nan
395.37,212.21852111816406,-171.25650024414062,-57.948551177978516,213.2918780613495,-171.75765700916492,-57.95423592859123,1.1846035400097128,0.3368379407502618,0.06459521151003739,3.6580838566269766e-05,4.815963376773056,9.547077964327572,nan,nan,nan
395.38,212.2099151611328,-171.25271606445312,-57.94940185546875,213.28366248254818,-171.7538519000742,-57.95526689416107,1.1849492962440138,0.33689239553904726,0.06460995015158193,3.582876753699456e-05,4.889449494203506,9.28833692540839,nan,0.004168052956207298,nan
395.39,212.2012939453125,-171.2490234375,-57.95023727416992,213.27544438847727,-171.75012080743437,-57.956203941467514,1.1852988441000236,0.3369469381541406,0.06462475434517388,3.6547101024891964e-05,4.899972700384912,9.865019271874752,nan,nan,nan
395.40000000000003,212.19268798828125,-171.24539184570312,-57.951053619384766,213.27257740438506,-171.75740952516625,-57.95699265668108,1.1951395430073604,0.33687266975158064,0.06461709979306489,3.577517646335021e-05,5.148295450923223,9.586749217596354,9.829014724305896,0.01775559956388111,nan
395.41,212.18408203125,-171.24183654785156,-57.95185470581055,213.26437233194798,-171.75386848306235,-57.95789756424626,1.1955084075806044,0.33692697453324644,0.06463193362864667,3.649202300591418e-05,5.15952008552445,9.619473591239556,nan,nan,nan
395.42,212.1754608154297,-171.2383575439453,-57.952640533447266,213.25606868659594,-171.75031065833218,-57.95506652208087,1.1957488231136681,0.33698136473410545,0.06464683127483435,3.57448874761803e-05,4.319872405866154,9.15886163715276,nan,9.365082287830933,nan
395.43,212.16685485839844,-171.2349395751953,-57.95341110229492,213.24786273309087,-171.746911578337,-57.95590468297031,1.1961185455850734,0.33703584255773983,0.0646617945445652,3.646119726006775e-05,4.322444261276214,8.67346218417762,nan,nan,nan
395.44,212.15823364257812,-171.23159790039062,-57.95416259765625,213.2396702254043,-171.74359397461623,-57.95727911957306,1.196517770618572,0.3370904061462786,0.06467682197453244,3.571596395217124e-05,4.420328548016082,9.279763532114966,nan,0.20554885130366252,nan
395.45,212.14962768554688,-171.2283172607422,-57.95490264892578,213.24568373560837,-171.7573752358354,-57.95808334759154,1.2170666878729957,0.3370160587033787,0.06466923570817187,3.640911925479243e-05,4.817751825722855,9.464672416391736,18.49815985869897,nan,nan
395.46000000000004,212.14100646972656,-171.22509765625,-57.95562744140625,213.23745821697537,-171.754195674552,-57.95699983168973,1.217437074542725,0.3370703842118979,0.06468429212132454,3.566663597157503e-05,4.589453206771418,9.528393525378991,nan,2.4125849127667434,nan
395.47,212.1324005126953,-171.22195434570312,-57.956336975097656,213.22927924078203,-171.7511224903061,-57.95776855847236,1.217852174454133,0.3371247971485164,0.06469941424009654,3.638112008064098e-05,4.58951534395639,9.32423355861699,nan,nan,nan
395.48,212.123779296875,-171.21885681152344,-57.95703125,213.22107677039094,-171.74809277599857,-57.957585339054425,1.2182580836969907,0.3371792958709698,0.06471460083215594,3.5640407653440346e-05,4.538797859991723,9.446327374804069,nan,0.5998814042235263,nan
395.49,212.11517333984375,-171.21583557128906,-57.95771408081055,213.21289647306128,-171.74514506374064,-57.95831875932333,1.2186734516006958,0.3372338822584246,0.06472985336490343,3.63544927318313e-05,4.536944869018491,9.191999065416416,nan,nan,nan
395.5,212.10655212402344,-171.21287536621094,-57.95838165283203,213.21173768157306,-171.73703189790226,-57.95855986197454,1.2231824140697207,0.33715945427829674,0.0647223289629807,3.5593835737611205e-05,4.349149789672787,9.675550692299378,6.3794824254340154,0.1815238106762782,nan
395.51,212.09793090820312,-171.2099609375,-57.95903778076172,213.2035635986419,-171.73417336942313,-57.95926321841126,1.2236103835665035,0.33721380223443237,0.06473760968168,3.63066773428932e-05,4.346983541252474,9.444220727773283,nan,nan,nan
395.52,212.0893096923828,-171.2071075439453,-57.959678649902344,213.19538401076235,-171.73136923223024,-57.959746070248315,1.2240305225473862,0.3372682359879034,0.06475295517043138,3.557020730996805e-05,4.3430081561861344,9.513170223512306,nan,0.029673804109977678,nan
395.53000000000003,212.08070373535156,-171.20431518554688,-57.96030807495117,213.18720855569217,-171.72862633259933,-57.96042328037276,1.2244407334096432,0.3373227572245129,0.06476836669755437,3.6282738974661894e-05,4.3405425995527995,9.170167883050203,nan,nan,nan
395.54,212.07208251953125,-171.2015838623047,-57.9609260559082,213.17906897256142,-171.72597023477562,-57.962725543210226,1.224909512160019,0.3373773645929826,0.06478384332882392,3.55478383421033e-05,4.42841530468809,9.643290085487111,nan,1.8327522666482223,nan
395.55,212.06346130371094,-171.1988983154297,-57.96152877807617,213.17529956409933,-171.72229409232685,-57.9633388693031,1.2288737660832079,0.3373028581201487,0.06477637706907213,3.623765738909329e-05,4.3858633142601375,9.699354073657654,0.9145231686976001,nan,nan
395.56,212.05484008789062,-171.19627380371094,-57.962120056152344,213.16714986149626,-171.71972470693314,-57.964998310098636,1.2293258985673912,0.3373572268042886,0.06479188116852638,3.550515669232238e-05,4.526214068701145,9.908944594043339,nan,0.6880702459809473,nan
395.57,212.0462188720703,-171.19369506835938,-57.96269989013672,213.1589776818633,-171.7171901702875,-57.96565508963219,1.2297512039915544,0.3374116827974078,0.0648074514120472,3.621629677223788e-05,4.531673193495156,9.786123047938231,nan,nan,nan
395.58,212.03759765625,-171.19117736816406,-57.9632682800293,213.1508140088657,-171.7147151260314,-57.96673987710312,1.2301847355702253,0.33746622492088346,0.06482308703584205,3.548523970502701e-05,4.627637682347588,9.991601424064267,nan,0.13214962023741855,nan
395.59000000000003,212.0289764404297,-171.18870544433594,-57.96382522583008,213.1426404683149,-171.71228341755182,-57.96737977365754,1.230607206159886,0.33752085460083414,0.06483878905305515,3.619618179948865e-05,4.634697421746916,9.905542543830824,nan,nan,nan
395.6,212.0203399658203,-171.186279296875,-57.96437454223633,213.1182663799343,-171.70916027526056,-57.96937448435959,1.2160887828558815,0.33744626862404875,0.06483137495847938,3.544503556667571e-05,5.031826318636315,10.000596361655072,4.57995189486429,1.514360410872173,nan
395.61,212.01171875,-171.18377685546875,-57.96501159667969,213.1100673848658,-171.70678295065184,-57.970057943941846,1.2165239680873219,0.33750065928311,0.06484710361922941,3.615493228940931e-05,5.029986241433951,9.698194654096556,nan,nan,nan
395.62,212.0030975341797,-171.18121337890625,-57.96574401855469,213.10188035596107,-171.70434474556222,-57.97147515042129,1.2169728682652217,0.3375551360627698,0.06486289792256933,3.542745629165433e-05,5.25164787923845,9.938881162934244,nan,0.28260620295531647,nan
395.63,211.99447631835938,-171.17857360839844,-57.9665641784668,213.09367996999538,-171.7018262863349,-57.97235045685432,1.2174052381007618,0.3376097002357905,0.06487875873699638,3.613722753372555e-05,5.250069006258182,9.913955410211823,nan,nan,nan
395.64,211.98583984375,-171.17587280273438,-57.96747589111328,213.08550551087293,-171.69925943467032,-57.97471355801476,1.2178877328228421,0.337664350854258,0.064894685515527,3.541100504815446e-05,5.801679338223016,10.849990554123643,nan,1.344801274809872,nan
395.65000000000003,211.9772186279297,-171.173095703125,-57.968475341796875,213.10839593191804,-171.70882137454475,-57.975943702817986,1.25164686093676,0.3375896869843357,0.06488731938584603,3.609840180238332e-05,6.051454030136734,11.624492332973837,9.150343624561232,nan,nan
395.66,211.9685821533203,-171.17025756835938,-57.96956253051758,213.1002491528323,-171.70611800479418,-57.97736567847347,1.2521491501568789,0.33764409832389164,0.06490327203587651,3.5374252874617835e-05,6.226894081101586,12.221222196027497,nan,0.04640282539331286,nan
395.67,211.9599609375,-171.1673583984375,-57.97073745727539,213.09209697574153,-171.70334384651764,-57.978619066051564,1.2526270511991142,0.33769859690023407,0.06491929132037946,3.608298224295181e-05,6.226398743504858,11.862735044458656,nan,nan,nan
395.68,211.95132446289062,-171.1643829345703,-57.97199630737305,213.08393062304242,-171.70049297333983,-57.97919558806626,1.2531011600528312,0.33775318190103043,0.06493537681412186,3.535997071659955e-05,5.970005364738537,11.875750343760139,nan,0.4034703963401814,nan
395.69,211.9427032470703,-171.16134643554688,-57.97333908081055,213.07577746278557,-171.6975871693637,-57.98061439059828,1.2535805650438419,0.33780785439519695,0.0649515292031539,3.606866319748162e-05,5.971095066973421,11.551424203919971,nan,nan,nan
395.7,211.93406677246094,-171.15823364257812,-57.97476577758789,213.01014980639076,-171.67527399369547,-57.982738235099,1.193879801602288,0.33773311200620454,0.06494420538146725,3.532538839169807e-05,6.052684339542255,10.239359007455095,25.78622907705333,0.3156875634552143,nan
395.71000000000004,211.92544555664062,-171.1550750732422,-57.97627639770508,213.00190343527558,-171.67222155054722,-57.98433161820692,1.1942641793345412,0.3377875448981849,0.06496038278854775,3.6033192804891856e-05,6.052694512590893,10.095344165399622,nan,nan,nan
395.72,211.91680908203125,-171.15184020996094,-57.97787094116211,212.99748324552846,-171.64775874700462,-57.985263875024174,1.1890527736416998,0.3378034140575463,0.06378284912088135,3.531214638744714e-05,5.444403531861131,9.569781542986117,nan,0.4045419031326274,0.3813887998902435
395.73,211.90818786621094,-171.14854431152344,-57.97954177856445,212.98925159295985,-171.64454351023974,-57.98701503238897,1.189440976233029,0.33785770935467263,0.0637950076286582,3.601994873539762e-05,5.446428442103886,9.371304183977719,nan,nan,nan
395.74,211.89955139160156,-171.14520263671875,-57.98129653930664,212.9810197575326,-171.64126678923637,-57.988847369616735,1.1898363269630656,0.3379120904907984,0.06380722587927139,3.6742073434693034e-05,5.446585528449337,9.761854348661517,nan,nan,nan
395.75,211.8909149169922,-171.14178466796875,-57.98312759399414,212.95111167449636,-171.62774511672208,-57.990755052199425,1.1662902299571811,0.33783829133261906,0.06379831985100443,3.7454677269977355e-05,5.288840401251244,9.01624762881797,4.898088298623593,nan,nan
395.76,211.88229370117188,-171.1383056640625,-57.98503875732422,212.94284106327478,-171.62431848608475,-57.99253356701064,1.1666299081566966,0.3378924368472595,0.06381057082222687,3.664917407041233e-05,5.267338301639082,8.645864734308834,nan,0.02931147217199111,nan
395.77,211.8736572265625,-171.13478088378906,-57.98699951171875,212.93457262863475,-171.6208411607387,-57.994588997848844,1.1669848685746598,0.3379466681433812,0.06382288428444481,3.7383159306349414e-05,5.274204480775392,9.1368955272489,nan,nan,nan
395.78000000000003,211.86502075195312,-171.13119506835938,-57.98896408081055,212.92629153756633,-171.61725254083103,-57.99537220807475,1.167299709173542,0.3380009850569692,0.06383525523552315,3.6581801578065264e-05,4.854724629824021,8.730541477562168,nan,1.0932167052806734,nan
395.79,211.8563995361328,-171.12754821777344,-57.99091339111328,212.91802327945493,-171.6136578735042,-57.99744004505982,1.1676429963784631,0.33805538802511736,0.06384768882537924,3.731420622506769e-05,4.872686022486235,8.38990671941532,nan,nan,nan
395.8,211.84776306152344,-171.12384033203125,-57.992835998535156,212.8899785884546,-171.60517836694186,-57.99617454204645,1.1480028982109647,0.3379815102136184,0.06383890187795246,3.649416220018253e-05,3.9948217588124693,7.242154129296727,4.358719123666032,6.630876236902526,nan
395.81,211.83912658691406,-171.1200714111328,-57.99472427368164,212.881681112397,-171.6014746713432,-57.998158184069204,1.1483382904382617,0.3380356774201538,0.06385137042962401,3.722416284383356e-05,4.005001327701205,7.231270876765149,nan,nan,nan
395.82,211.83050537109375,-171.1162567138672,-57.99658203125,212.87338814218842,-171.59773419734435,-58.0006139833635,1.1486693597286566,0.33808993019351186,0.06386389698936748,3.643173040089334e-05,4.133101215444063,7.109137158644146,nan,0.16593676880312544,nan
395.83,211.82186889648438,-171.1123809814453,-57.99839782714844,212.86509081463782,-171.59391913936835,-58.00253567171344,1.1490030852044397,0.33814426891949523,0.0638764861665688,3.7160346732554936e-05,4.146376463912668,7.471771704873986,nan,nan,nan
395.84000000000003,211.81324768066406,-171.10845947265625,-58.00018310546875,212.85681161078284,-171.59012915344303,-58.00657054772201,1.1493790310653529,0.33819869351389165,0.06388913376555956,3.637168620260077e-05,4.805973042346556,7.837117366826557,nan,3.0113637266653717,nan
395.85,211.8046112060547,-171.10447692871094,-58.001930236816406,212.88395668854747,-171.59412437247417,-58.00847525013483,1.1852358950693256,0.3381247376505142,0.06388046643002016,3.7075611227670386e-05,4.916184601878866,9.081052818167553,12.85171638985675,nan,nan
395.86,211.7959747314453,-171.10044860839844,-58.00364685058594,212.8757115929206,-171.59012949689452,-58.010151782340266,1.1856059112217407,0.3381789261917986,0.06389314868827985,3.629158593114303e-05,4.9258553759577275,9.083830314980448,nan,0.017639998413480698,nan
395.87,211.787353515625,-171.0963592529297,-58.00532531738281,212.8674681037478,-171.58608763922263,-58.01195733530956,1.1859702354943589,0.33823320058673634,0.06390589356146717,3.701678444552244e-05,4.947430298945296,8.777648190872767,nan,nan,nan
395.88,211.77871704101562,-171.0922088623047,-58.00697326660156,212.85923014110304,-171.58201781539185,-58.014425134083254,1.1863713163735141,0.3382875607933555,0.06391869733874316,3.6236288804301434e-05,5.291146703551537,9.222009084356086,nan,0.3178428034478595,nan
395.89,211.7700958251953,-171.08802795410156,-58.00858688354492,212.85098716693074,-171.5778719277065,-58.016172398494575,1.1867311199900028,0.33834200713181656,0.06393156390608974,3.696036215274986e-05,5.3146271974863035,9.244052683243703,nan,nan,nan
395.90000000000003,211.76145935058594,-171.0837860107422,-58.01016616821289,212.87038169597557,-171.5812602318596,-58.016176368366494,1.2154116550727583,0.3382679733404161,0.0639230077883019,3.616105696521047e-05,4.867481327441143,9.800907163311097,7.421268951450202,2.288113139522826,nan
395.91,211.75283813476562,-171.07949829101562,-58.011714935302734,212.86218175678732,-171.57701127693238,-58.017845875455606,1.2158124984154355,0.338322183317231,0.06393590843966579,3.6883180954628634e-05,4.887389047407052,9.506599388500288,nan,nan,nan
395.92,211.74420166015625,-171.0751495361328,-58.01323318481445,212.85398194484083,-171.5727123956199,-58.01948519432374,1.2162319544554199,0.33837647911577406,0.06394887010959321,3.7619748007507205e-05,4.907202907565977,9.686261099583044,nan,nan,nan
395.93,211.73558044433594,-171.0707550048828,-58.01472473144531,212.84578240977248,-171.5683642150956,-58.02109492197102,1.2166363094512298,0.33843086088054536,0.06396189294258439,3.837090262404617e-05,4.925623031690273,9.322932453965423,nan,nan,nan
395.94,211.72694396972656,-171.0663299560547,-58.01618194580078,212.83759205030827,-171.56401162865842,-58.0240520908941,1.2170818153802474,0.33848532868856895,0.06397497539434435,3.750583597101796e-05,5.519141646103556,10.60824118254359,nan,1.1617139380394002,nan
395.95,211.71832275390625,-171.0618438720703,-58.01761245727539,212.84337744993212,-171.56486126209512,-58.02559823850636,1.2324115937539304,0.3384112174639967,0.06396652967842867,3.822945768986531e-05,5.620138158513257,10.507674073456776,1.5762877797653407,nan,nan
395.96000000000004,211.70970153808594,-171.0572967529297,-58.019012451171875,212.83520344660346,-171.5603850277778,-58.027458108161014,1.232851851395058,0.33846544861981304,0.06397964584523874,3.737244338275459e-05,5.860853482507326,10.612651000222199,nan,0.06408113199196133,nan
395.97,211.70106506347656,-171.05271911621094,-58.0203857421875,212.82702799673493,-171.55585184073502,-58.028971841942294,1.2332918497532535,0.338519765724765,0.06399282498700072,3.811726861097017e-05,5.8863633192608,11.160201644349124,nan,nan,nan
395.98,211.69244384765625,-171.048095703125,-58.021732330322266,212.8188464983478,-171.55123720847936,-58.02929913715509,1.2336902214335823,0.3385741688090888,0.06400606419572388,3.7266953599076065e-05,5.4887529002120425,10.386417842400526,nan,0.8353952809254822,nan
395.99,211.68382263183594,-171.04342651367188,-58.02305221557617,212.81067239266346,-171.54661174879027,-58.03074836730371,1.234117091312497,0.33862865812390186,0.0640193665675535,3.80093278878826e-05,5.510762233753707,10.404351865350867,nan,nan,nan
396.0,211.67518615722656,-171.03871154785156,-58.02434539794922,212.81801327158183,-171.54593306151625,-58.03465110214832,1.2503734181311326,0.33855446967497055,0.06401102371126746,3.714220146700564e-05,6.8809344560542645,12.601633256204092,2.712690608098792,4.231161069011382,nan
396.01,211.66656494140625,-171.03395080566406,-58.025611877441406,212.8098639307457,-171.54121503345365,-58.0360728363181,1.250823331841956,0.33860872203531345,0.06402435918476328,3.78813384314604e-05,6.910712949094128,12.252962152626717,nan,nan,nan
396.02,211.65794372558594,-171.02914428710938,-58.026851654052734,212.80171146561594,-171.5364317378505,-58.03673746682669,1.2512565404851923,0.33866306030807203,0.06403775514819106,3.704481414820169e-05,6.660549402999765,12.003533133165055,nan,0.3374644734986495,nan
396.03000000000003,211.64932250976562,-171.02430725097656,-58.02806854248047,212.79356329493513,-171.53163164157561,-58.038103575530876,1.2517051224750735,0.3387174847204971,0.06405121431948624,3.778180084472797e-05,6.6881978024150825,11.990958621434876,nan,nan,nan
396.04,211.6407012939453,-171.01950073242188,-58.02926254272461,212.785409667761,-171.5267975163269,-58.03818145634203,1.252112948205652,0.33877199534001384,0.06406473435579983,3.695129702824098e-05,6.175673189511351,11.408221069967482,nan,1.0111602587524706,nan
396.05,211.63206481933594,-171.01475524902344,-58.03042984008789,212.76638504381205,-171.52133343795572,-58.03961157965571,1.24233173407868,0.33869773009725346,0.06405649265349117,3.7662382991378466e-05,6.242107477916505,11.557655369472721,2.7860234166483977,nan,nan
396.06,211.62344360351562,-171.0100860595703,-58.031578063964844,212.7582214978579,-171.51665680941838,-58.04059693746954,1.242745401990617,0.3387520034727025,0.06407004534579021,3.683872544789595e-05,6.211198682019269,11.055031918494462,nan,0.05790195336604458,nan
396.07,211.6148223876953,-171.00550842285156,-58.03269958496094,212.75005990195493,-171.51206960801923,-58.04185898195085,1.2431622350498108,0.338806362898452,0.06408366130662758,3.757089140091947e-05,6.235555736107708,11.233354550235724,nan,nan,nan
396.08,211.606201171875,-171.0010223388672,-58.0338020324707,212.74189268589944,-171.50753082546828,-58.04165449996871,1.24354642988184,0.33886080846054506,0.06409733852299646,3.675282454461799e-05,5.6796651297164376,10.654583687129744,nan,1.3342006076746462,nan
396.09000000000003,211.5975799560547,-170.9966278076172,-58.03487777709961,212.73373171096992,-171.5031164078478,-58.04285950693418,1.2439594930590354,0.3389153403572785,0.06411107922006562,3.7483236608800024e-05,5.700894250943703,10.814647776810707,nan,nan,nan
396.1,211.58895874023438,-170.9923095703125,-58.03593444824219,212.7294997310358,-171.49872616350214,-58.04481460138803,1.2479464630648076,0.33884099858716443,0.06410293180539535,3.664797742434911e-05,6.1567900147366155,11.224543741589835,0.47930902805731734,0.4302092612399701,nan
396.11,211.58033752441406,-170.98806762695312,-58.03697204589844,212.7213443132162,-171.49447939076313,-58.04598611215107,1.2483711867902714,0.3388952929437472,0.06411670452086105,3.7375842939608956e-05,6.178847252746334,11.074592196052082,nan,nan,nan
396.12,211.57171630859375,-170.9839324951172,-58.037986755371094,212.71318624978358,-171.49029820929945,-58.04633823291039,1.2487712401862516,0.3389496733636023,0.06413053886138839,3.6569344827190024e-05,5.911748822679121,11.130501612300362,nan,0.4126700329244492,nan
396.13,211.56309509277344,-170.9798583984375,-58.03898239135742,212.705031178741,-171.4862194959133,-58.04746230459911,1.2491963394120207,0.33900414003080437,0.06414443676580961,3.7295700626608414e-05,5.932481819618475,10.82189202332894,nan,nan,nan
396.14,211.55447387695312,-170.9758758544922,-58.039955139160156,212.6968748000172,-171.48221269028573,-58.04814617715503,1.2496095203712778,0.33905869305358033,0.06415839664924335,3.649417724271689e-05,5.842688963594068,10.900366391892618,nan,0.11481877960748799,nan
396.15000000000003,211.5458526611328,-170.9719696044922,-58.04091262817383,212.71462846433033,-171.48210779056683,-58.04924206962411,1.2752831946773255,0.3389842751392994,0.06415034088001548,3.7195889820026505e-05,5.972033373055895,11.758032536703606,8.34031140123129,nan,nan
396.16,211.5372314453125,-170.96815490722656,-58.04185104370117,212.70651208646822,-171.478253407484,-58.05030565525592,1.2757308408135986,0.3390385903481889,0.06416433303654072,3.793437091759933e-05,5.991837247926027,11.959685294076982,nan,nan,nan
396.17,211.5286102294922,-170.9644012451172,-58.04276657104492,212.6983956065689,-171.47447589238095,-58.05135132392797,1.2761848111405505,0.3390929917037504,0.06417838808352767,3.8687436147504625e-05,6.013382286408417,11.812587296304738,nan,nan,nan
396.18,211.51998901367188,-170.96072387695312,-58.04366683959961,212.69027940184463,-171.47077785656376,-58.052565611765374,1.276641626656537,0.33914747933798245,0.06419250539097865,3.7798189711043864e-05,6.204378289257251,11.934057642893233,nan,0.020916501266169986,nan
396.19,211.51136779785156,-170.95712280273438,-58.04454803466797,212.68216216951322,-171.46714981377454,-58.053578425863236,1.2770937947818548,0.33920205342050214,0.06420668665017226,3.8548139467600044e-05,6.225780129244038,11.979815538179198,nan,nan,nan
396.2,211.50274658203125,-170.95359802246094,-58.045413970947266,212.70144129855578,-171.47093135851267,-58.055660600873765,1.305606294959965,0.33912755966608793,0.06419871622097725,3.764371945218636e-05,7.063123871280391,13.775495786517357,6.54422377754948,0.6050392973458473,nan
396.21000000000004,211.49412536621094,-170.95013427734375,-58.046260833740234,212.69336572778613,-171.46744562324403,-58.05665188609666,1.3060997080610783,0.3391818956299486,0.06421292831679333,3.838979760877286e-05,7.0883700376548475,13.66063263379787,nan,nan,nan
396.22,211.48550415039062,-170.94674682617188,-58.047088623046875,212.6852907251391,-171.46403694234482,-58.05799408932019,1.3065970375106328,0.3392363177951276,0.06422720300968071,3.751845233636285e-05,7.447489200689581,14.1296423160934,nan,0.08256920787288148,nan
396.23,211.4768829345703,-170.94342041015625,-58.04790496826172,212.67721465369533,-171.46068923653576,-58.058956964992795,1.3070904411376423,0.3392908263230032,0.06424154175555156,3.826180011571983e-05,7.4718728289103655,13.929245818008065,nan,nan,nan
396.24,211.46824645996094,-170.94015502929688,-58.048702239990234,212.669138447847,-171.45740987781102,-58.05997105421941,1.3076012890229325,0.33934542134302825,0.06425594344032051,3.7398356855733274e-05,7.676995211084577,14.480569919783548,nan,0.002752711639748168,nan
396.25,211.45962524414062,-170.9369659423828,-58.04948425292969,212.64588280220562,-171.45503658500738,-58.060793777931764,1.2945007107651685,0.3392708521061442,0.06424805510044274,3.811488473467041e-05,7.585970756377911,13.558759986168502,6.550634912450441,nan,nan
396.26,211.4510040283203,-170.933837890625,-58.05024719238281,212.63778453282825,-171.45190937786106,-58.061709561893906,1.2949816283182942,0.33932520872750255,0.06426248759890268,3.886931743775289e-05,7.611528831347977,13.571065078106937,nan,nan,nan
396.27,211.4423828125,-170.93077087402344,-58.05099868774414,212.62968573779426,-171.44884513581871,-58.06261087557063,1.295462859387775,0.3393796516209732,0.06427698371065362,3.9638479369229366e-05,7.634341650725371,13.474953654179936,nan,nan,nan
396.28000000000003,211.4337615966797,-170.92776489257812,-58.051734924316406,212.6215843351928,-171.44581946204238,-58.06220300356316,1.2959216703777732,0.3394341809267006,0.06429154302802872,3.868501970652668e-05,7.066383055403621,12.869125092611963,nan,0.9651359625101079,nan
396.29,211.4251251220703,-170.92481994628906,-58.05245590209961,212.6134843552093,-171.4428774308317,-58.06306346964691,1.2964157299132755,0.33948879679795374,0.06430616679826909,3.944988461361922e-05,7.087275301315092,13.264040283089383,nan,nan,nan
396.3,211.41650390625,-170.92193603515625,-58.05316162109375,212.59890521664414,-171.43797630012756,-58.06326628272019,1.2901443787731766,0.339414152402809,0.06429835461252355,3.848366697088807e-05,6.8517738791825575,12.470138286233478,0.7049854409253319,0.17176394976498255,nan
396.31,211.40786743164062,-170.9191131591797,-58.053855895996094,212.59079378177864,-171.43515057677968,-58.06409279202127,1.290625491865998,0.3394685295840373,0.0643130079424928,3.924352464212686e-05,6.870109642567912,12.843699692011368,nan,nan,nan
396.32,211.3992462158203,-170.9163360595703,-58.054534912109375,212.58268229592235,-171.4323896908591,-58.06539372155716,1.2911042637201158,0.33952299309673495,0.06432772478229438,3.831451280775347e-05,7.2785127435758366,12.722394435081254,nan,0.13943509402538545,nan
396.33,211.390625,-170.9136199951172,-58.055198669433594,212.57456968861104,-171.42967658946804,-58.06619938961006,1.2915728590008724,0.3395775430902384,0.06434250619381268,3.907059947784876e-05,7.2995679814008,12.803025195710111,nan,nan,nan
396.34000000000003,211.38198852539062,-170.91094970703125,-58.055850982666016,212.56645706375093,-171.4270267454452,-58.06754188510261,1.292067298999282,0.3396321797050062,0.06435735144532662,3.8152477148375014e-05,7.785961506073965,13.511584658845942,nan,0.17859567430891599,nan
396.35,211.37335205078125,-170.90834045410156,-58.056488037109375,212.5280906308977,-171.42088582927747,-58.06827895080542,1.2634330119437949,0.3395574604958825,0.06434961165802865,3.887999501825202e-05,7.668627683702185,12.560444447881503,11.907662233066702,nan,nan
396.36,211.36473083496094,-170.90579223632812,-58.05711364746094,212.51992925459143,-171.4183157978422,-58.06648679344622,1.2638242147108658,0.33961185813811795,0.06436448583489539,3.797348049350758e-05,6.4067266104711,10.99018092002287,nan,3.935231774621054,nan
396.37,211.35609436035156,-170.9032745361328,-58.0577278137207,212.51176928274944,-171.41583588480418,-58.067223829239026,1.2642760128713504,0.33966634217646746,0.06437942471150286,3.872177562905032e-05,6.4224414932322045,11.10007382714623,nan,nan,nan
396.38,211.3474578857422,-170.90081787109375,-58.05833053588867,212.50360743704826,-171.4133806870612,-58.06616390328149,1.2646990894842995,0.33972091275367444,0.06439442771000432,3.782525705085853e-05,5.71634690565877,10.455738476764676,nan,1.9213680933105448,nan
396.39,211.33883666992188,-170.89842224121094,-58.05891799926758,212.49544597574473,-171.41100074765168,-58.0668609506511,1.2651264371823605,0.33977557001550873,0.06440949566195558,3.857046890702408e-05,5.730119290371651,10.271136746444485,nan,nan,nan
396.40000000000003,211.3302001953125,-170.89605712890625,-58.05949783325195,212.5013999631912,-171.41741995242384,-58.067826111619006,1.282028646421727,0.33970077632693635,0.06440182265909505,3.7660100729557564e-05,6.0703236335499025,11.149774205616149,3.4440650424387864,0.047615964629255374,nan
396.41,211.32156372070312,-170.89373779296875,-58.060062408447266,212.4932616549245,-171.41515817122368,-58.06850441487569,1.282507905391118,0.33975519433451223,0.06441691880196118,3.8401498627092206e-05,6.085102300125987,11.176816852826011,nan,nan,nan
396.42,211.31292724609375,-170.8914794921875,-58.06061935424805,212.48512275820246,-171.41293988056208,-58.0689268757045,1.2829778915337269,0.3398096987974247,0.06443207933431054,3.752483771598595e-05,6.068932358070114,11.225058752220384,nan,0.03694538350745324,nan
396.43,211.30429077148438,-170.88925170898438,-58.061161041259766,212.47698331937687,-171.41077055363718,-58.06958250755907,1.2834565198343175,0.3398642898604308,0.06444730496087596,3.8263565692600696e-05,6.083961957680399,11.129437726964694,nan,nan,nan
396.44,211.295654296875,-170.886962890625,-58.061798095703125,212.46884334628845,-171.40859877972366,-58.071213054715145,1.2839646365506283,0.33991896766788327,0.06446259529392365,3.739567628481855e-05,6.602191502940213,11.705259193025299,nan,0.5369862190824423,nan
396.45,211.28701782226562,-170.8845977783203,-58.06252670288086,212.47488842078712,-171.399707148335,-58.07196816433222,1.2947831336185616,0.3398440998389154,0.06445498486110392,3.810795281654813e-05,6.546711074810184,12.10081681799944,15.331098107891737,nan,nan
396.46000000000004,211.27838134765625,-170.8821563720703,-58.06334686279297,212.466763865542,-171.39733131254326,-58.072818822235604,1.2952790997014667,0.33989853811268,0.06447030269319338,3.7249527705018655e-05,6.618095987756691,12.073230654643112,nan,0.001029176398453802,nan
396.47,211.26974487304688,-170.879638671875,-58.06425476074219,212.4586385057043,-171.39488422496308,-58.0738009166255,1.295776670125897,0.33995306290175054,0.064485685765995,3.7982542387083424e-05,6.610796789482256,12.010670441630182,nan,nan,nan
396.48,211.2611083984375,-170.87705993652344,-58.06525421142578,212.45051278739803,-171.3923541173148,-58.07379594918428,1.296257634315005,0.340007674350558,0.06450113379561843,3.7132143066290846e-05,6.178441937293302,11.625310146139475,nan,0.7262233312401101,nan
396.49,211.25247192382812,-170.87440490722656,-58.06633758544922,212.44238644003354,-171.38976628801257,-58.07494688295709,1.296752878803673,0.3400623726037331,0.06451664733124159,3.7863024941839216e-05,6.173140090463727,11.573007289113686,nan,nan,nan
396.5,211.24383544921875,-170.87168884277344,-58.067508697509766,212.41707399953233,-171.3807028197964,-58.07826211979436,1.2789447059343428,0.3399874309724897,0.06450909410962213,3.699771666811507e-05,7.230459870131543,12.222407646758999,2.4453052368712678,2.595646925772337,nan
396.51,211.2351837158203,-170.868896484375,-58.06876754760742,212.4089192375772,-171.37796991521046,-58.07960889643289,1.2794250145517991,0.3400418894142973,0.06452463437845683,3.7725714074811334e-05,7.222333390581654,12.42740173392619,nan,nan,nan
396.52,211.22654724121094,-170.8660430908203,-58.07011032104492,212.4007641153707,-171.3751702522373,-58.08111424645967,1.2798893781997538,0.3400964344302452,0.06454023984306574,3.6891349557656586e-05,7.3908260474002585,12.294352156877036,nan,0.0033294870604948464,nan
396.53000000000003,211.21791076660156,-170.86312866210938,-58.071533203125,212.3926087589849,-171.37230316644917,-58.082632774030884,1.28035044017386,0.3401510661655726,0.06455591096850266,3.761753636684497e-05,7.385394931360112,12.388246712786849,nan,nan,nan
396.54,211.2092742919922,-170.86013793945312,-58.07304382324219,212.38445466064175,-171.3693470600948,-58.08182953575897,1.280788825743116,0.34020578476378194,0.06457164759710099,3.679017187118119e-05,6.210205462214816,10.994629101399605,nan,3.69161988074832,nan
396.55,211.20062255859375,-170.85708618164062,-58.07463073730469,212.38983745453675,-171.36866127009577,-58.08352840850206,1.2946120300743917,0.34013076966950534,0.06456414705032389,3.7491477482758265e-05,6.300899456978773,12.043527680240334,1.8958524167171118,nan,nan
396.56,211.19198608398438,-170.85397338867188,-58.07630157470703,212.38170346812095,-171.36557805706184,-58.083654088500445,1.295075615666612,0.34018524818022117,0.06457990966785324,3.667179458298322e-05,5.665509561737979,11.014373802129557,nan,1.6850265587416657,nan
396.57,211.183349609375,-170.8507843017578,-58.07805252075195,212.37356831716357,-171.3624455573126,-58.08546535517897,1.2955588612332745,0.3402398133248911,0.06459573810423613,3.7393882153812955e-05,5.663043727639498,10.83691947852628,nan,nan,nan
396.58,211.17469787597656,-170.84754943847656,-58.07988357543945,212.36543259713454,-171.35925485245465,-58.0879206420333,1.2960540888809764,0.34029446524594265,0.06461163226923633,3.658057572298831e-05,5.961540513806548,11.693777174702277,nan,0.20506142389080126,nan
396.59000000000003,211.1660614013672,-170.84423828125,-58.081790924072266,212.35729731695008,-171.35599726809147,-58.0898972145793,1.2965361464816199,0.3403492040902885,0.06462759252681129,3.73012675204911e-05,5.959570213153835,11.149265407632782,nan,nan,nan
396.6,211.1574249267578,-170.84088134765625,-58.0837516784668,212.35316682128925,-171.35300906384722,-58.09307468659289,1.300830655584782,0.3402741158703379,0.0646201394552767,3.647204627403493e-05,6.606483000222749,12.106078519227577,0.713733693507067,1.005383114119889,nan
396.61,211.14877319335938,-170.8374481201172,-58.085716247558594,212.3450377063963,-171.34962608655454,-58.09515637217824,1.3013316911564983,0.3403286143533164,0.064636124902734,3.719057000009102e-05,6.621936090059321,12.307187887221406,nan,nan,nan
396.62,211.14013671875,-170.83396911621094,-58.08766174316406,212.33690835579463,-171.34618401363892,-58.09737571582456,1.3018144313405422,0.3403831995254386,0.06465217629506734,3.639010695509867e-05,6.821063913666421,12.326136478959139,nan,0.013153923870691425,nan
396.63,211.13150024414062,-170.83042907714844,-58.08958435058594,212.3287792313351,-171.34268141956306,-58.09943363786272,1.3022966036761894,0.3404378715349978,0.06466829394305579,3.710748305636582e-05,6.844569640239889,12.24113870743997,nan,nan,nan
396.64,211.12286376953125,-170.82681274414062,-58.09147262573242,212.32065171513312,-171.33911113022242,-58.10014334945865,1.3027742630483252,0.34049263052228085,0.06468447783634924,3.6312536688563146e-05,6.303091757314206,11.487040869455061,nan,1.140365929338772,nan
396.65000000000003,211.1142120361328,-170.8231658935547,-58.093326568603516,212.2681305280451,-171.33018489237242,-58.10224620279686,1.260426797165712,0.3404174695190396,0.06467706748488826,3.7006178387296855e-05,6.17005910786409,10.719416307618845,23.27090835152299,nan,nan
396.66,211.10557556152344,-170.81944274902344,-58.09514236450195,212.25993458983316,-171.32653415078025,-58.1039960470181,1.260858772293694,0.34047198787227584,0.06469327577560331,3.621742958037318e-05,6.18584801652348,10.214284854167492,nan,0.02682828802200085,nan
396.67,211.09693908691406,-170.815673828125,-58.096923828125,212.2517385822778,-171.32282789233446,-58.105911169436354,1.2612881873863526,0.34052659297653826,0.064709550486359,3.693194408396396e-05,6.209779810299393,10.324687623161608,nan,nan,nan
396.68,211.08828735351562,-170.8118438720703,-58.098670959472656,212.24354597517691,-171.31905197045938,-58.10549615652997,1.2617167357648356,0.34058128497056867,0.06472589164801383,3.614819126469552e-05,5.312734764134312,9.665824814070342,nan,3.4844209647382125,nan
396.69,211.07965087890625,-170.80795288085938,-58.10038375854492,212.2353502228782,-171.31523415681463,-58.10732050563468,1.2621503020845661,0.34063606400506946,0.06474229950950038,3.6861873491723205e-05,5.330783081709123,9.288568652525308,nan,nan,nan
396.7,211.07101440429688,-170.80401611328125,-58.1020622253418,212.21849980464987,-171.31398422098917,-58.11026863479217,1.255729891361406,0.3405608305530043,0.06473492677125081,3.606126968751271e-05,5.903257983079736,9.738540551920671,3.27890479244824,0.8475935111315743,nan
396.71000000000004,211.0623779296875,-170.80001831054688,-58.10370635986328,212.21029268776985,-171.3100780851884,-58.112038766185854,1.256160298101219,0.3406153686832315,0.064751358196949,3.677332774404727e-05,5.924901868747402,9.696170047961067,nan,nan,nan
396.72,211.05374145507812,-170.7959747314453,-58.10531997680664,212.21302884974585,-171.30421106889682,-58.11403955382351,1.26583074270021,0.33682886230024583,0.06465099798031951,3.5999073469491455e-05,6.159790339844845,9.95695059792659,nan,0.044443227499542375,0.031178196682918036
396.73,211.0450897216797,-170.79188537597656,-58.10689926147461,212.20482731834244,-171.30018832231704,-58.11574870209814,1.2662707020897443,0.33687997335409564,0.06466627473854168,3.671047143587326e-05,6.182548104808264,10.384769292940055,nan,nan,nan
396.74,211.0364532470703,-170.78773498535156,-58.10844802856445,212.19666785135936,-171.29610214817242,-58.11651638645075,1.2667281470935723,0.33693116664955886,0.06468161118386956,3.594121743836991e-05,5.862107294662148,9.633707670586208,nan,0.55470254020136,nan
396.75,211.02781677246094,-170.7835235595703,-58.10996627807617,212.1854498140961,-171.28913292164384,-58.11817529116638,1.26325867263906,0.3368649678164205,0.06467384429771816,3.662970151359005e-05,5.861403416038648,9.52558292801497,0.5614546451460933,nan,nan
396.76,211.01918029785156,-170.77928161621094,-58.111454010009766,212.17733216333664,-171.28492290930134,-58.11785093323058,1.2637364366953276,0.3369159420369147,0.0646892006531276,3.5865411365254424e-05,5.164185799558187,9.0148336711028,nan,2.5138130061679638,nan
396.77,211.0105438232422,-170.7749786376953,-58.112911224365234,212.16912712226184,-171.28068498440246,-58.11941290194815,1.2641583926385733,0.3369670045060495,0.06470461723249597,3.657488193013871e-05,5.180615435589284,8.928526664630537,nan,nan,nan
396.78000000000003,211.0019073486328,-170.7706298828125,-58.114341735839844,212.16084320447618,-171.27641724729855,-58.12272152773258,1.264524968889627,0.3370181493441464,0.06472009378451184,3.5814435088382565e-05,5.987144585889661,9.738711465218215,nan,2.12333039385625,nan
396.79,210.99327087402344,-170.76622009277344,-58.11574172973633,212.15263906194306,-171.2720804130331,-58.12424432566587,1.2649512057430492,0.33706938262838854,0.0647356308326268,3.6523496844945166e-05,6.007540246401869,9.662391852721576,nan,nan,nan
396.8,210.98463439941406,-170.76177978515625,-58.11711120605469,212.1262830370231,-171.2615318257717,-58.12323274843494,1.246254864437831,0.33700309033950515,0.06472791305652391,3.5745343641284507e-05,4.966091268607966,8.360483927504262,3.0658868626055624,4.067025563378897,nan
396.81,210.9759979248047,-170.7572784423828,-58.11845779418945,212.1180493449823,-171.25709360367162,-58.124676334288296,1.2466496348312186,0.33705410418071874,0.06474346955038301,3.645318666172137e-05,4.979953549032806,8.184787357021841,nan,nan,nan
396.82,210.9673614501953,-170.7527313232422,-58.119773864746094,212.10983284376263,-171.25260407750966,-58.1257103901216,1.2470560925283733,0.33710520051270443,0.06475908629425804,3.5700708372309846e-05,4.9076778301888675,8.175473710406955,nan,0.09968283095899129,nan
396.83,210.95872497558594,-170.74815368652344,-58.12106704711914,212.101600187376,-171.24807179565047,-58.127098655109634,1.2474446864900537,0.3371563850273408,0.0647747637486421,3.640828199484048e-05,4.921025027175337,8.302058207809264,nan,nan,nan
396.84000000000003,210.95008850097656,-170.7435302734375,-58.12233352661133,212.09343452093273,-171.2434903841999,-58.12690585293327,1.2478866694821131,0.33720765241059664,0.06479050175593921,3.565904985881877e-05,4.509448530843994,7.670326865750038,nan,1.645953415950886,nan
396.85,210.94146728515625,-170.73895263671875,-58.123573303222656,212.0954062945204,-171.23968318280393,-58.1282264849376,1.2579061845841768,0.33714127246852227,0.06478282970262209,3.634427745251667e-05,4.569228531691651,7.883387984874804,2.3321751627610547,nan,nan
396.86,210.93283081054688,-170.7344512939453,-58.12479019165039,212.08719040704761,-171.23516429470305,-58.12957666470058,1.2582855389320158,0.3371923202442602,0.0647985866999137,3.559899170568594e-05,4.618430802248813,8.355547262319202,nan,0.0017591176237095978,nan
396.87,210.9241943359375,-170.73001098632812,-58.125980377197266,212.07897723017547,-171.23071411125446,-58.13085321171383,1.2586702890955352,0.33724345594389565,0.06481440462244112,3.6305324304714945e-05,4.630337244725988,8.249171306340576,nan,nan,nan
396.88,210.91555786132812,-170.72564697265625,-58.12714767456055,212.07070395959423,-171.22635562787778,-58.13357268710939,1.25901268720351,0.33729467462536633,0.06483028336567428,3.5562928037528785e-05,5.138578615408836,8.695305100799489,nan,1.4687491234016865,nan
396.89,210.9069366455078,-170.72137451171875,-58.128292083740234,212.06249174047102,-171.2220662728301,-58.13481819596438,1.2593817559743192,0.3373459814334231,0.06484622331114766,3.626916097685125e-05,5.153466150037699,8.486598618102185,nan,nan,nan
396.90000000000003,210.89830017089844,-170.71719360351562,-58.12941360473633,212.05699679368527,-171.21457728620427,-58.136675628434965,1.260960399239698,0.3372795086224324,0.06483859291233215,3.550829423035395e-05,5.47156354422941,9.390904066531292,2.8877338432814916,0.3240072985507696,nan
396.91,210.88966369628906,-170.7130889892578,-58.130516052246094,212.0487907694459,-171.21043565006403,-58.137883318383835,1.2613419636841454,0.33733059546093386,0.06485455134116402,3.6213601515125524e-05,5.487131445550412,9.278099309289866,nan,nan,nan
396.92,210.8810272216797,-170.7090606689453,-58.131591796875,212.04067715190928,-171.20635722749554,-58.136762323013954,1.2617918061898934,0.3373817653874962,0.06487057085130589,3.5477351954533374e-05,4.743915377974095,8.533871650424176,nan,3.657821956986748,nan
396.93,210.87240600585938,-170.70510864257812,-58.13264846801758,212.03247144704642,-171.20237827314725,-58.13790575493472,1.2621634412343634,0.33743302318988067,0.06488665177999385,3.6182660215699175e-05,4.75617733470558,8.157028678171951,nan,nan,nan
396.94,210.86376953125,-170.7012481689453,-58.13368225097656,212.02430001560924,-171.19847170679387,-58.13815647383535,1.2625697091202215,0.33748436445180063,0.06490279408867408,3.5448808422134794e-05,4.559062040741505,8.433031781707674,nan,0.5238719491580393,nan
396.95,210.85513305664062,-170.6974639892578,-58.13469696044922,211.97085499790688,-171.18540656427888,-58.13925774196363,1.2177619666704815,0.3374178036562256,0.06489520171878203,3.6132147921716196e-05,4.309900529114881,6.93157035512938,25.713037609657135,nan,nan
396.96000000000004,210.8465118408203,-170.69374084472656,-58.13569259643555,211.96259423087292,-171.18167077412997,-58.1397659727318,1.218085427951428,0.33746892477361584,0.06491136200375494,3.540141000935471e-05,4.2035862401656905,6.42301612210368,nan,0.22187734246641874,nan
396.97,210.83787536621094,-170.69009399414062,-58.13666534423828,211.9543115094936,-171.17801380977855,-58.14081658920796,1.2184057786118814,0.33752013352206245,0.06492758392301103,3.6105967533855864e-05,4.212916876308352,6.730208440453651,nan,nan,nan
396.98,210.82923889160156,-170.68653869628906,-58.13762283325195,211.9460973751133,-171.17441741894456,-58.14003378257727,1.218771649197982,0.33757142582579186,0.06494386747460856,3.537733672317607e-05,3.9005705480601764,6.543937468212727,nan,2.275254981295145,nan
396.99,210.82061767578125,-170.68304443359375,-58.13855743408203,211.93781465178233,-171.17090529690992,-58.14102964101233,1.2190748200781896,0.3376228059702561,0.06496021294127828,3.608201347518954e-05,3.906314433989346,6.250410325735735,nan,nan,nan
397.0,210.81198120117188,-170.6796112060547,-58.13947296142578,211.9047737331704,-171.15338644228663,-58.14119541941498,1.1910757571707642,0.33755615285561463,0.0649526545435325,3.533424288725351e-05,3.6414371035319313,5.801065024181962,8.318629773860506,0.47999967536081695,nan
397.01,210.8033447265625,-170.67625427246094,-58.14037322998047,211.89645099969152,-171.14998116551283,-58.14214782837715,1.1913444685539485,0.33760731250117276,0.06496901743764806,3.603819898818614e-05,3.6455989000881983,5.841766654049673,nan,nan,nan
397.02,210.7947235107422,-170.67295837402344,-58.14125442504883,211.88812447234744,-171.14664416781534,-58.14318313228701,1.1915987638425822,0.3376585557898136,0.06498544221007786,3.5314229316556617e-05,3.6642686306392362,5.589722082558612,nan,0.006945031495376211,nan
397.03000000000003,210.7860870361328,-170.66973876953125,-58.14211654663086,211.87980133891455,-171.143372858912,-58.14410251627358,1.1918658359095111,0.3377098866840092,0.06500192911370316,3.601837478538851e-05,3.669193304974853,5.94757406785945,nan,nan,nan
397.04,210.77745056152344,-170.66656494140625,-58.14296340942383,211.87151196141707,-171.1401610889024,-58.14405158089329,1.1921681264727555,0.33776130158495804,0.06501847819107287,3.5296112174915856e-05,3.5940958613178897,5.638533041954227,nan,0.6316016503409654,nan
397.05,210.76881408691406,-170.66346740722656,-58.143795013427734,211.8530568775883,-171.12747307461427,-58.14472050742868,1.179357683248013,0.33769456019396266,0.06501094995372929,3.597852431621804e-05,3.5069094366203184,5.63942961579579,7.156582624571838,nan,nan
397.06,210.7601776123047,-170.66043090820312,-58.14460754394531,211.84475880024922,-171.1243562728606,-58.14439008833144,1.1796368697623458,0.33774575440971766,0.06502751590245785,3.525870266999043e-05,3.485603520273074,5.636757974469468,nan,0.9817315121703262,nan
397.07,210.7515411376953,-170.65745544433594,-58.14540481567383,211.8364186777879,-171.12130704623945,-58.14522048477417,1.179880341205691,0.33779703600262206,0.06504414419721356,3.5962433685813355e-05,3.486380178033716,5.618892169585384,nan,nan,nan
397.08,210.742919921875,-170.654541015625,-58.146183013916016,211.82801149763347,-171.1183276124536,-58.14797991262109,1.1800529496699792,0.33784840167843966,0.06506083490452257,3.524408569838388e-05,3.57814377280406,5.564077186199398,nan,2.631844671194964,nan
397.09000000000003,210.73428344726562,-170.6516876220703,-58.146949768066406,211.81967043842175,-171.1153972092139,-58.14879938083156,1.1802944221029,0.3378998549492663,0.06507758824154604,3.594808419099827e-05,3.582892512357943,5.742987801956696,nan,nan,nan
397.1,210.72564697265625,-170.6488800048828,-58.14769744873047,211.8186827225469,-171.11346636204112,-58.15046593925322,1.1876764282987227,0.3378330217472517,0.06507008609425834,3.5210022953388996e-05,3.754793492782772,5.999191436761264,1.072917777901448,0.603205486998445,nan
397.11,210.71701049804688,-170.64613342285156,-58.148433685302734,211.81035360203634,-171.11064538492164,-58.151264725692286,1.1879303518040127,0.33788425398721267,0.06508685571192928,3.59134374302106e-05,3.7617969490442795,6.0039109828586055,nan,nan,nan
397.12,210.7083740234375,-170.64344787597656,-58.14915466308594,211.80208592403395,-171.10787163774995,-58.15016170182896,1.1882323704280515,0.33793557037780014,0.06510368797526038,3.5198555863978033e-05,3.568967188567475,5.894336881568686,nan,2.4885223920488335,nan
397.13,210.69973754882812,-170.64080810546875,-58.14986038208008,211.7937558870588,-171.105160349862,-58.150914667990776,1.1884865345374533,0.3379869741454764,0.06512058308254678,3.5902284463271694e-05,3.572652014287154,5.799025059029538,nan,nan,nan
397.14,210.69110107421875,-170.63821411132812,-58.150550842285156,211.78537021203636,-171.10250924758532,-58.153369976776915,1.1886979713331103,0.338038462418802,0.06513754112846427,3.518855591641986e-05,3.7690900450355764,5.92555275980138,nan,2.0553177469125328,nan
397.15000000000003,210.6824493408203,-170.63568115234375,-58.15122985839844,211.765684066111,-171.0873323899842,-58.15413200188983,1.173624613313204,0.3379715406950619,0.06513006111587628,3.587068381293978e-05,3.7283613959507695,6.288009023120867,9.592964989669504,nan,nan
397.16,210.67381286621094,-170.63320922851562,-58.151893615722656,211.75730969139386,-171.0847390884024,-58.155682107572176,1.1738223618679782,0.33802280773964477,0.06514703483949605,3.5158860579907044e-05,3.90404309314303,6.430824015061826,nan,0.46852906676793793,nan
397.17,210.66517639160156,-170.63076782226562,-58.15254592895508,211.7489604146178,-171.08219262497934,-58.156409887789586,1.1740473121762514,0.33807416195051093,0.0651640716194303,3.586239252376218e-05,3.9143127799004755,6.113050355048118,nan,nan,nan
397.18,210.6565399169922,-170.62838745117188,-58.1531867980957,211.74056071514426,-171.07970053368524,-58.158755715415914,1.1742297910179598,0.33812560072259273,0.06518117156484292,3.515153827022012e-05,4.38249647159157,6.731400852257307,nan,1.8597097929853583,nan
397.19,210.6479034423828,-170.6260528564453,-58.153812408447266,211.73221058970339,-171.07725097144498,-58.15947579879781,1.1744504258162607,0.3381771268876266,0.06519833485242589,3.5855431871161826e-05,4.397009790459746,6.746393431752684,nan,nan,nan
397.2,210.63925170898438,-170.62376403808594,-58.154422760009766,211.68910493734865,-171.05323891802507,-58.159092769739,1.1343113693322866,0.33811011381705974,0.06519087287408779,3.5124384371764185e-05,3.9533846487780804,6.4557776641820634,19.49894242850094,0.7153034842785031,nan
397.21000000000004,210.630615234375,-170.6215057373047,-58.155025482177734,211.68069817673006,-171.050829603561,-58.159777978838875,1.1344671675226412,0.33816141841688363,0.06520805120735544,3.582777875582204e-05,3.96541307339652,5.924308337341781,nan,nan,nan
397.22,210.62197875976562,-170.6193084716797,-58.15561294555664,211.67222768482364,-171.0484713336517,-58.1626033270213,1.134571475101739,0.33821280762494643,0.06522529292780668,3.5119446251170775e-05,4.729072156577866,7.011300860201714,nan,3.244987351159425,nan
397.23,210.6133270263672,-170.61715698242188,-58.15618896484375,211.66381924395148,-171.046151564931,-58.16328803446174,1.1347337343257133,0.33826428402592223,0.06524259820139909,3.5823231310139234e-05,4.747308416130278,7.213813315185388,nan,nan,nan
397.24,210.6046905517578,-170.6150360107422,-58.15675735473633,211.65541505656964,-171.04387497274814,-58.163786018384386,1.134889528746775,0.33831584538119025,0.06525996715333839,3.511561531456959e-05,4.749892781279897,6.724714547085592,nan,0.021732905741175892,nan
397.25,210.59603881835938,-170.61297607421875,-58.157310485839844,211.65380305522558,-171.04586915175153,-58.164354587882464,1.1429397257697083,0.33824874359383267,0.06525251914487636,3.579786040752639e-05,4.76448721855755,7.2961377027562655,1.1239602721905937,nan,nan
397.26,210.58738708496094,-170.61094665527344,-58.15785598754883,211.64541806815893,-171.0436861774924,-58.16447889980419,1.143125941645952,0.33830008317462507,0.06526990249475016,3.509173116849663e-05,4.631051290348415,6.897657235948042,nan,0.19394105626318942,nan
397.27,210.57875061035156,-170.60894775390625,-58.15838623046875,211.63701805679946,-171.0415452534251,-58.16511370284602,1.1432916704349412,0.33835150975537087,0.06528734960637708,3.579544858951625e-05,4.647957903901359,6.623143622345065,nan,nan,nan
397.28000000000003,210.57009887695312,-170.60699462890625,-58.15890884399414,211.62864515947524,-171.0394424555819,-58.1647227267498,1.1434881530958618,0.3384030213253396,0.06530486061254274,3.508989390518389e-05,4.3495409097451025,6.536981121199107,nan,0.7251510823187103,nan
397.29,210.56146240234375,-170.60498046875,-58.159523010253906,211.62024406070975,-171.03732298750234,-58.165379896886215,1.1436664534445335,0.33845462013087807,0.065322435667888,3.5794026933019295e-05,4.346775279481655,6.642805751970231,nan,nan,nan
397.3,210.5528106689453,-170.60287475585938,-58.16022872924805,211.621297860682,-171.03739062782063,-58.16611020066002,1.153474539639945,0.3383874274173943,0.06531499748917709,3.5067887240851455e-05,4.453767760744605,6.8170208417091915,1.091304131136898,0.001358968471438782,nan
397.31,210.54415893554688,-170.60069274902344,-58.16102981567383,211.61291151449888,-171.03511834587317,-58.16695270732731,1.153686592996703,0.3384388041212248,0.0653325862698708,3.577156771581873e-05,4.450464050416648,6.708555706880734,nan,nan,nan
397.32,210.53550720214844,-170.59844970703125,-58.16191482543945,211.6045346701026,-171.03277092093438,-58.167489174264695,1.153900219885408,0.33849026584090314,0.06535023915661492,3.506780277901268e-05,4.358429518493716,6.941640697476948,nan,0.11114749391011575,nan
397.33,210.52685546875,-170.5961151123047,-58.16289138793945,211.59614708437712,-171.0303504450403,-58.16850964393358,1.1541128403440004,0.338541814613722,0.06536795629911873,3.577191509384343e-05,4.357108967255404,6.568916067553867,nan,nan,nan
397.34000000000003,210.51820373535156,-170.59371948242188,-58.16395568847656,211.58779094536266,-171.02785581510233,-58.16835364670587,1.1543441848985656,0.3385934487395887,0.06538573783755923,3.506853000378948e-05,4.028760347404412,6.43168122098534,nan,1.1271067191931887,nan
397.35,210.5095672607422,-170.59124755859375,-58.16510772705078,211.5888744107099,-171.01894138653066,-58.16945766774229,1.160967207293463,0.33852616716595546,0.06537830534321089,3.575111529914663e-05,4.196035662461965,6.7941097342170425,11.27714679674591,nan,nan
397.36,210.50091552734375,-170.58871459960938,-58.16634750366211,211.58051805311155,-171.01626759662017,-58.17015260718519,1.1611880371886107,0.3385775789700465,0.06539609991640268,3.504889703852139e-05,4.083614126172762,7.044568641026584,nan,0.23400564937679333,nan
397.37,210.4922637939453,-170.5861053466797,-58.167667388916016,211.57214750132468,-171.0135237918687,-58.17150451981503,1.1614000483574674,0.3386290776515906,0.06541395894919627,3.5753006432204366e-05,4.0859866002316725,7.008863587784872,nan,nan,nan
397.38,210.48361206054688,-170.5834197998047,-58.16907501220703,211.56377602045708,-171.01071036545156,-58.1729731832847,1.1616137927544925,0.33868066170122063,0.0654318825845339,3.5051061411148147e-05,4.111265120833328,6.82656890144648,nan,0.0006872883574663313,nan
397.39,210.47496032714844,-170.58067321777344,-58.170562744140625,211.5554049393565,-171.00782814321968,-58.17449546234942,1.1618250112021653,0.3387323328726052,0.06544987096798655,3.575561149898509e-05,4.113958319943356,7.017564390886717,nan,nan,nan
397.40000000000003,210.46630859375,-170.57785034179688,-58.17213439941406,211.50679800769717,-170.99707098042262,-58.17493088474359,1.1217718059909076,0.33866496075239283,0.06544243997424828,3.5032770418184204e-05,3.5402965277007183,5.584335483679071,18.952045194609788,0.794274730992576,nan
397.41,210.45765686035156,-170.57496643066406,-58.17378616333008,211.49835828383482,-170.9940646020168,-58.1766066243897,1.121922762525067,0.338716409283654,0.06546044068019019,3.573688764092165e-05,3.5419552583576754,5.720714497214265,nan,nan,nan
397.42,210.44900512695312,-170.572021484375,-58.17551803588867,211.48987274716276,-170.99099193747193,-58.18039919089183,1.1220363046904012,0.3387679431902278,0.06547850619097942,3.503617860183344e-05,4.001735283804994,6.281438770518543,nan,2.9182494959781233,nan
397.43,210.4403533935547,-170.5690155029297,-58.177330017089844,211.4814329449182,-170.9878533937151,-58.18225774330597,1.1221836273580592,0.33881956405275926,0.06549663665118534,3.574074388495741e-05,4.003503394646775,6.341421233297891,nan,nan,nan
397.44,210.43170166015625,-170.56593322753906,-58.17921829223633,211.4729702764317,-170.98465013103564,-58.18524037438779,1.122319224635936,0.3388712706194096,0.06551483220527274,3.504016150759146e-05,4.361335520129168,6.527360172897689,nan,0.7682042289783179,nan
397.45,210.4230499267578,-170.5627899169922,-58.1811637878418,211.4623242441564,-170.9773371646306,-58.18709133746528,1.1189171833399614,0.3388038095467265,0.06550739850832976,3.572318327495167e-05,4.336023143419877,6.549099162781518,2.3179019139004895,nan,nan
397.46000000000004,210.41439819335938,-170.55958557128906,-58.18311309814453,211.45389555785866,-170.97399230067194,-58.188473236786294,1.1190694523777451,0.3388552932432587,0.06552560565333561,3.5023529528305746e-05,4.175415598468744,6.470277988407793,nan,0.3077658260241945,nan
397.47,210.40574645996094,-170.5563201904297,-58.18504333496094,211.44545304786067,-170.97058463907177,-58.19050550781018,1.1192116232701772,0.3389068637361311,0.06554387794602888,3.572811207790872e-05,4.192785069343919,6.569408561796413,nan,nan,nan
397.48,210.3970947265625,-170.55299377441406,-58.18695068359375,211.43700647947827,-170.96711505977925,-58.19272486192413,1.1193508091658548,0.33895851992960263,0.06556221553049169,3.502850753217139e-05,4.312199876856949,6.594553874134264,nan,0.030404131003774842,nan
397.49,210.38844299316406,-170.5496063232422,-58.18882369995117,211.4285644792812,-170.9635845814707,-58.194709830951844,1.1194933455392162,0.3390102631718339,0.06558061855185769,3.573353614035769e-05,4.332606207914803,6.63959990551801,nan,nan,nan
397.5,210.37979125976562,-170.54615783691406,-58.19066619873047,211.44561427609952,-170.97347612394125,-58.195947525139964,1.1483063672137226,0.3389427118948028,0.06557317792482895,3.501279609393333e-05,4.290865715695046,6.546655629069203,7.482071754499752,0.28549121368239283,nan
397.51,210.3711395263672,-170.5426483154297,-58.19247055053711,211.43721390939115,-170.96985334350907,-58.197858708347475,1.1484980445785764,0.33899423195681827,0.06559159178620207,3.571739343339914e-05,4.309735184114199,6.58599421039858,nan,nan,nan
397.52,210.36248779296875,-170.53907775878906,-58.194236755371094,211.42880088069583,-170.96617102128516,-58.200390554759906,1.1486819077423236,0.33904583770877555,0.06561007113322988,3.501861778723092e-05,4.580955491244495,6.864242594848413,nan,0.30241818979153506,nan
397.53000000000003,210.3538360595703,-170.5354461669922,-58.19597244262695,211.4204005708904,-170.96243100692155,-58.20224005769788,1.1488756213514248,0.3390975303588383,0.06562861611250101,3.572366277563847e-05,4.601801556297568,6.7331489052096085,nan,nan,nan
397.54,210.34518432617188,-170.53176879882812,-58.19767379760742,211.41201717940552,-170.95863419570426,-58.20316025502571,1.1490763703966216,0.3391493090199622,0.06564722686594124,3.5024829063235526e-05,4.364341900073607,6.681472895806942,nan,0.5655997043826888,nan
397.55,210.33653259277344,-170.5280303955078,-58.199337005615234,211.4030292684858,-170.95492729995408,-58.20489360874287,1.1487763064102747,0.33908166874691736,0.06563977506478826,3.57082981419171e-05,4.365879309451004,6.6751518062604065,0.08927773239550976,nan,nan
397.56,210.327880859375,-170.52423095703125,-58.20096969604492,211.39462243434232,-170.9510165185067,-58.20696729694423,1.1489645227178347,0.3391332239889703,0.06565839588748869,3.5010221263546376e-05,4.531293481567642,6.703379857418629,nan,0.07832807130436424,nan
397.57,210.31922912597656,-170.52037048339844,-58.202571868896484,211.38622189156064,-170.94705028867259,-58.20867936325229,1.1491590488373853,0.3391848659839424,0.06567708253452421,3.5715274751262316e-05,4.550831615600506,6.584346519251876,nan,nan,nan
397.58,210.31057739257812,-170.51646423339844,-58.204139709472656,211.3777906756339,-170.94302657079086,-58.21212150147936,1.1493316876411226,0.33923659396963346,0.0656958351455831,3.501708586789039e-05,5.32847110426177,7.550003673597638,nan,2.188136197588574,nan
397.59000000000003,210.30194091796875,-170.51251220703125,-58.2056770324707,211.36939068681622,-170.9389510115723,-58.213789391460246,1.1495063607476415,0.3392884089680047,0.06571465387059855,3.572257821124329e-05,5.353971661960738,7.5004891182861355,nan,nan,nan
397.6,210.2932891845703,-170.5084991455078,-58.207183837890625,211.35913324345688,-170.94011268333216,-58.21426283354805,1.1499408315546338,0.33922067880038637,0.06570718662923936,3.5003076037579265e-05,4.873732491215023,6.86675586195088,3.3139580230583534,1.012449506029759,nan
397.61,210.28463745117188,-170.50442504882812,-58.20866012573242,211.350729330389,-170.9359531234852,-58.21586011252901,1.1501392150343326,0.3392722700770152,0.06572601463509678,3.5708127498207146e-05,4.895970996177978,6.766617223046282,nan,nan,nan
397.62,210.27598571777344,-170.50030517578125,-58.210105895996094,211.34236470713813,-170.93174506121292,-58.21506308006281,1.1503604206393885,0.3393239473176646,0.06574490879106516,3.50104785990382e-05,4.148289261176071,6.124788261719098,nan,3.948707500349181,nan
397.63,210.26734924316406,-170.4961395263672,-58.211524963378906,211.33396168474474,-170.9274810579584,-58.2165796825971,1.150540380689229,0.3393757114336657,0.06576386924986423,3.571596709521739e-05,4.163864615838828,6.012592006430076,nan,nan,nan
397.64,210.25869750976562,-170.49191284179688,-58.212913513183594,211.32552550228212,-170.92316187648203,-58.2201849803484,1.1507174152537956,0.33942756182798245,0.06578289614702083,3.5018130300393416e-05,4.9605730727421555,6.867298853894785,nan,3.1593444809020856,nan
397.65000000000003,210.2500457763672,-170.48764038085938,-58.21427536010742,211.3049454040251,-170.92200632799023,-58.22156113847301,1.1408505962772082,0.33935974266621644,0.06577540919590917,3.570200419730415e-05,4.803465484550929,6.405877167556474,6.808887708013473,nan,nan
397.66,210.2414093017578,-170.4833221435547,-58.21561050415039,211.29651721003657,-170.91761473208197,-58.22329693432151,1.1410178928355497,0.33941136909224495,0.06579444456571498,3.5004805169052266e-05,5.005867265305204,6.49127594180316,nan,0.05591172383701922,nan
397.67,210.23275756835938,-170.47898864746094,-58.2169189453125,211.2880939010869,-170.9131910947262,-58.22472836109645,1.141195656914633,0.33946308226097377,0.06581354642382525,3.571027634351738e-05,5.027548179888181,6.675988070464401,nan,nan,nan
397.68,210.22412109375,-170.4746856689453,-58.21820068359375,211.27970567587175,-170.908782189863,-58.22381048682092,1.1413720118253448,0.33951488167281485,0.06583271490264404,3.501285400186293e-05,4.220182718752321,5.659271009209395,nan,3.811311706774557,nan
397.69,210.21546936035156,-170.47044372558594,-58.219459533691406,211.27128368640098,-170.9044160810004,-58.22516873645569,1.141537774824536,0.3395667680935595,0.065851950159573,3.571874968711469e-05,4.235792069115548,5.789438641862065,nan,nan,nan
397.7,210.2068328857422,-170.4662628173828,-58.22068786621094,211.24572157751632,-170.88796020193652,-58.225367663995264,1.1212226801768288,0.3394988593199792,0.06584443919989055,3.49998877526988e-05,3.879805747586709,5.292143597662723,5.628188739025046,0.9477542905060925,nan
397.71000000000004,210.19818115234375,-170.46217346191406,-58.22189712524414,211.2372737947851,-170.8837033238159,-58.226666823853414,1.1213490509540462,0.33955052147626463,0.06586368210478404,3.5705326882927496e-05,3.8934879451068594,5.553986966900499,nan,nan,nan
397.72,210.18954467773438,-170.45816040039062,-58.223079681396484,211.22882040270218,-170.87952288812042,-58.228377725939026,1.1214581792689282,0.3396022698349278,0.0658829918091515,3.5008248497616155e-05,4.060226067090753,5.591173820342379,nan,0.13360915558861683,nan
397.73,210.18089294433594,-170.4542236328125,-58.224239349365234,211.2203731998764,-170.87542176022322,-58.22963502729937,1.121586455665876,0.3396541050765143,0.06590236847368663,3.571410865228928e-05,4.075857656282503,5.697201802423919,nan,nan,nan
397.74,210.17225646972656,-170.4503631591797,-58.22537612915039,211.20660539376823,-170.87879969101985,-58.233114375039,1.119596105267793,0.33928564257893506,0.06509794739404287,3.5015775469019635e-05,4.911653927514865,6.368503649727417,nan,3.57887087904565,0.06658984204497653
397.75,210.16360473632812,-170.4465789794922,-58.22649002075195,211.2093241080703,-170.88300775839957,-58.234449503214236,1.1331647880412135,0.3392191856146974,0.06509015095433554,3.5699960809407274e-05,5.026196243599233,6.570587210193222,3.8362824097434998,nan,nan
397.76,210.15496826171875,-170.44287109375,-58.22758102416992,211.20087657209163,-170.879183944845,-58.23602005683548,1.1332979815609132,0.33926982031381886,0.06510614858845803,3.50032228360877e-05,5.287878238668773,6.703629094970381,nan,0.08874343313006645,nan
397.77,210.14633178710938,-170.43922424316406,-58.2286491394043,211.19243997336775,-170.8754265325547,-58.237218632232924,1.1334408722265934,0.33932054153751906,0.06512220685935671,3.570901059110672e-05,5.311434550195316,6.580492505109907,nan,nan,nan
397.78000000000003,210.13768005371094,-170.4356689453125,-58.229698181152344,211.18402584488825,-170.8717255336192,-58.23764629030147,1.1335995921661317,0.33937134681996595,0.06513832449011202,3.5011975013120094e-05,5.06110257158889,6.663626113942732,nan,0.39728485954508386,nan
397.79,210.12904357910156,-170.4321746826172,-58.2307243347168,211.1755892239939,-170.86811280212697,-58.238796539378754,1.1337393842382701,0.339422238850448,0.06515450301795055,3.57181708619588e-05,5.082783303204703,6.427867953730768,nan,nan,nan
397.8,210.12039184570312,-170.4287567138672,-58.23173141479492,211.1464512467704,-170.85949592846816,-58.24025638900835,1.1128372930033097,0.33935570225998046,0.06514674386467702,3.499960986837213e-05,5.193336836549433,6.494086884789612,5.060032885919157,0.05543279432687328,nan
397.81,210.11175537109375,-170.42539978027344,-58.23271942138672,211.1379789503815,-170.8560253967218,-58.241371251076266,1.1129456906716801,0.33940637552566677,0.06516293848751653,3.570533223033755e-05,5.21443075501668,6.280009007862466,nan,nan,nan
397.82,210.10311889648438,-170.422119140625,-58.23368453979492,211.1295771611832,-170.85256961631384,-58.23998177974992,1.1130785400951317,0.33945713290911733,0.06517919277598107,3.500851240098938e-05,4.251872698090878,5.473527156567451,nan,4.35953828771217,nan
397.83,210.09446716308594,-170.4188995361328,-58.23463439941406,211.12110461845654,-170.8492326934025,-58.2410342413613,1.1131990158962988,0.33950797683972395,0.06519550814955896,3.571463885321314e-05,4.267213694103044,5.471414235193462,nan,nan,nan
397.84000000000003,210.08583068847656,-170.41574096679688,-58.23556137084961,211.1126543021553,-170.84594369010208,-58.241256718923395,1.1133164661214554,0.3395589052361428,0.06521188350479623,3.5017488318238615e-05,4.047844450562513,5.153355714850383,nan,0.4647546688350216,nan
397.85,210.07717895507812,-170.4126434326172,-58.236473083496094,211.126062457573,-170.8495315601231,-58.242231719248984,1.1362486522092201,0.33949229137941395,0.06520415931447202,3.570192854366068e-05,4.199122085371792,5.54638326203237,4.515685602546532,nan,nan
397.86,210.06854248046875,-170.40960693359375,-58.23736572265625,211.11758430540397,-170.84642038515798,-58.24477940037085,1.136375688119085,0.3395430008391804,0.06522055032348789,3.500528820708226e-05,4.8419972935457345,6.044755560110789,nan,1.7122379079864656,nan
397.87,210.0598907470703,-170.40664672851562,-58.23823928833008,211.10914766050257,-170.84333907871596,-58.24576836466961,1.1365284713105113,0.3395937966540186,0.0652370026047522,3.5711328952885416e-05,4.861068227940242,6.415191765865089,nan,nan,nan
397.88,210.05125427246094,-170.4037322998047,-58.239097595214844,211.10075745036394,-170.8402823437989,-58.244955804407994,1.1366913301133246,0.3396446769791019,0.06525351516558613,3.501434718358977e-05,4.255449656740553,5.450226357791214,nan,2.248039599986662,nan
397.89,210.0426025390625,-170.40087890625,-58.23993682861328,211.09232039664084,-170.83731944447777,-58.245894235450514,1.1368480173812323,0.3396956438936687,0.0652700892620802,3.5720777852010156e-05,4.2706528777694865,5.668891929739404,nan,nan,nan
397.90000000000003,210.03396606445312,-170.3980712890625,-58.240760803222656,211.10391001961054,-170.83560381127356,-58.24682117996489,1.155963452422487,0.3396289505980032,0.06526239513061736,3.500221855013423e-05,4.513405961424748,6.0101739571180035,10.152812808991666,0.009658059556849674,nan
397.91,210.0253143310547,-170.3953399658203,-58.24156951904297,211.0955084317777,-170.8327349009625,-58.24772926027664,1.156143453435779,0.3396796982797638,0.06527898435823237,3.570815765514541e-05,4.529612447154946,6.452933619510523,nan,nan,nan
397.92,210.0166778564453,-170.39263916015625,-58.24235916137695,211.08709854958573,-170.82992721148804,-58.24894950359848,1.156315152867664,0.33973053050640206,0.06529563415665308,3.501131915449496e-05,4.710113675550352,6.178920633215516,nan,0.07563758855193707,nan
397.93,210.00802612304688,-170.3900146484375,-58.243133544921875,211.07869635344866,-170.8271673008493,-58.249830746739796,1.1564955842075186,0.33978144914319114,0.06531234567843545,3.571764455257339e-05,4.728266939598423,6.65019630999231,nan,nan,nan
397.94,209.99937438964844,-170.38743591308594,-58.243892669677734,211.07032934812673,-170.8244328552726,-58.2492088495465,1.1566931798615099,0.3398324526623359,0.06532911808372839,3.502044494160136e-05,4.282382870043035,6.089859426827529,nan,1.562941231029882,nan
397.95,209.99073791503906,-170.38490295410156,-58.24463653564453,211.07144655636935,-170.8280860206248,-58.25006273159858,1.1680632865994156,0.33976568169873334,0.06532145131363933,3.5705055635717046e-05,4.342276474793549,5.92002124418059,1.7626537628359604,nan,nan
397.96000000000004,209.98208618164062,-170.38241577148438,-58.245365142822266,211.06310058690298,-170.82546518785114,-58.249048487861245,1.1682887043699086,0.3398164657987755,0.06533823835861609,3.500834073286829e-05,3.907785522287449,5.603166581253988,nan,2.384961332364051,nan
397.97,209.9734344482422,-170.37998962402344,-58.2460823059082,211.05471143632957,-170.82292705184005,-58.249840425640244,1.1684894579721463,0.33986733613768116,0.0653550873139633,3.571454570855785e-05,3.9184153619784645,5.68998114675842,nan,nan,nan
397.98,209.96478271484375,-170.3776092529297,-58.24678421020508,211.04629217339647,-170.82046084260827,-58.25193030864841,1.1686773385965117,0.33991829138010027,0.06537199743593215,3.501746645971642e-05,4.281904714359445,6.023087470526399,nan,1.213195702230536,nan
397.99,209.95614624023438,-170.37527465820312,-58.24747085571289,211.03790191418497,-170.818019662986,-58.2527087000234,1.168865224222839,0.3399693331059937,0.06538896973507817,3.5724044519092906e-05,4.296115512995717,5.85591367782492,nan,nan,nan
398.0,209.94749450683594,-170.37298583984375,-58.24814224243164,211.0496598570574,-170.8301878434384,-58.25625845562324,1.1932594035817845,0.3399024828325977,0.06538132558384618,3.500536026446688e-05,5.496444180778958,7.3162623905382045,9.712618819072414,5.6242857682592895,nan
398.01,209.9388427734375,-170.37074279785156,-58.248802185058594,211.04129958955406,-170.82787957578245,-58.25703904469528,1.193504466265444,0.3399533048521642,0.06539831195838228,3.5711430422942016e-05,5.516753766747216,7.289471367241898,nan,nan,nan
398.02,209.93019104003906,-170.36854553222656,-58.249446868896484,211.03294927759734,-170.82560808582042,-58.25731301000026,1.1937519778313412,0.34000421178749446,0.06541535977591041,3.501445934266126e-05,5.386353623835295,7.193082604284502,nan,0.1724926914382036,nan
398.03000000000003,209.92153930664062,-170.36639404296875,-58.250083923339844,211.02458799323273,-170.82338870817486,-58.258064400397494,1.193995065749217,0.34005520504652276,0.06543246995836478,3.5720899815858356e-05,5.404412878757206,7.123286512902684,nan,nan,nan
398.04,209.9128875732422,-170.36428833007812,-58.250701904296875,211.01625650062905,-170.82118872502454,-58.25731986832193,1.1942465232408568,0.34010628354916445,0.06544964189303631,3.502355404741562e-05,4.874296244845845,6.711971684612175,nan,1.5529918169752073,nan
398.05,209.90423583984375,-170.36221313476562,-58.251312255859375,211.01716872765715,-170.82853886149053,-58.25788978872252,1.2066990346067035,0.3400393552575541,0.06544201733593723,3.570825840931898e-05,4.869792384649755,6.506081637458145,6.24909561537324,nan,nan
398.06,209.8955841064453,-170.36019897460938,-58.25190734863281,211.0088184085785,-170.82647729420884,-58.25858898269128,1.2069592897062191,0.34009021440848636,0.06545920315385867,3.642851246561812e-05,4.885690103678632,6.73457137977519,nan,nan,nan
398.07,209.88693237304688,-170.3582000732422,-58.25249481201172,211.0004675042022,-170.8244565912085,-58.25927752078578,1.2072289070435127,0.3401411591773969,0.06547645117718821,3.716324327861965e-05,4.899939898928487,6.4637625942815236,nan,nan,nan
398.08,209.87828063964844,-170.35626220703125,-58.25306701660156,210.99214736532332,-170.82245105261705,-58.25832176703046,1.207501028867627,0.34019218914750426,0.06549376119398931,3.6380080599079596e-05,4.422961890098829,6.203891870149117,nan,1.7415684402184743,nan
398.09000000000003,209.86962890625,-170.35435485839844,-58.25362777709961,210.98379550887287,-170.8205097184232,-58.258972896454885,1.2077649366602068,0.34024330558493326,0.06551113405993882,3.711345758941082e-05,4.435685059154814,6.131196708957227,nan,nan,nan
398.1,209.8609619140625,-170.35247802734375,-58.25417709350586,210.95511045714704,-170.81408787819217,-58.2585367680769,1.1875452393474082,0.3401762980215131,0.06550352446575908,3.6310198747759234e-05,4.047463386617777,5.504148569707505,5.596558061037992,0.5753900494417291,nan
398.11,209.85231018066406,-170.35064697265625,-58.25471878051758,210.9467222897108,-170.81222675204273,-58.25915560765367,1.18777668044193,0.34022719427378406,0.0655209102619651,3.704136836600105e-05,4.056851808716771,5.334169768381558,nan,nan,nan
398.12,209.84365844726562,-170.34884643554688,-58.255245208740234,210.93832436265942,-170.8104099582829,-58.26026393606039,1.188006540162687,0.3402781757269632,0.06553835831758964,3.626451930940705e-05,4.221343130536574,5.516612268813199,nan,0.16383055071133357,nan
398.13,209.8350067138672,-170.3470916748047,-58.25576400756836,210.9299345880525,-170.80862220154526,-58.260868060578765,1.1882354683052265,0.3403292434974289,0.06555586940579537,3.6994481157714907e-05,4.232386768351869,5.5407084906449,nan,nan,nan
398.14,209.8263397216797,-170.34524536132812,-58.25637435913086,210.92153400917962,-170.8068212371401,-58.26210661689333,1.188501441010123,0.34038039679130305,0.06557344306107048,3.622020752037995e-05,4.436731832519344,5.848334991692362,nan,0.2309222238680367,nan
398.15000000000003,209.81768798828125,-170.3433380126953,-58.257076263427734,210.88215281563075,-170.8010685529778,-58.26283939546688,1.158721636055178,0.34031331094566875,0.06556584517456156,3.692553571435131e-05,4.235330938962778,5.138716919935879,15.567569921651096,nan,nan
398.16,209.80902099609375,-170.34133911132812,-58.25787353515625,210.8737093090096,-170.7991199639718,-58.263506801065596,1.1589461792471534,0.34036424384653846,0.06558343117404189,3.6154762879804324e-05,4.214389749387527,5.097557661422068,nan,0.01920456825134862,nan
398.17,209.8003692626953,-170.33926391601562,-58.25875473022461,210.8652624627116,-170.79709690772424,-58.264434651013936,1.1591552256872062,0.3404152629219617,0.0656010803894238,3.6881589445954145e-05,4.212138373665911,5.084975857381417,nan,nan,nan
398.18,209.7917022705078,-170.33712768554688,-58.259727478027344,210.85680313840692,-170.79500767397556,-58.26618777213351,1.1593686549164672,0.3404663675081882,0.06561879242895056,3.611328009173106e-05,4.493862973195206,5.527481721711389,nan,0.35759290412037986,nan
398.19,209.78305053710938,-170.33489990234375,-58.26079177856445,210.84835504186972,-170.79283386110592,-58.26730289492856,1.159577333810294,0.3405175585281328,0.06563656795643545,3.683909502586473e-05,4.489719758263249,5.242756363868034,nan,nan,nan
398.2,209.77438354492188,-170.33261108398438,-58.26193618774414,210.8158418871772,-170.78719750276667,-58.26855841082693,1.1363662018174918,0.3404503938208376,0.06562897748364897,3.755518758844325e-05,4.38697584565177,5.188511877912615,8.762669139154738,nan,nan
398.21000000000004,209.76573181152344,-170.3302459716797,-58.2631721496582,210.8073508335232,-170.78488891376423,-58.269850292707424,1.1365364003733556,0.3405013641725296,0.06564676471092394,3.8309202040070264e-05,4.383862378834947,4.976495130739919,nan,nan,nan
398.22,209.75706481933594,-170.3278045654297,-58.26449203491211,210.79885776875102,-170.78250921808333,-58.27134387357793,1.1367215218728606,0.3405524199863138,0.06566461499317001,3.7451835428952835e-05,4.473794297842122,5.161382843272314,nan,0.008168552448505931,nan
398.23,209.7484130859375,-170.32528686523438,-58.265892028808594,210.79036604895387,-170.78005669411573,-58.27280860162916,1.1368946360058845,0.34060356212936055,0.06568252896714757,3.820308719667821e-05,4.472974673223495,5.129614914778346,nan,nan,nan
398.24,209.73974609375,-170.3227081298828,-58.26737976074219,210.7818606171286,-170.77754486212473,-58.27530412595906,1.1370760433661298,0.34065479005126614,0.06570050630156828,3.735179001355708e-05,4.9024420667706625,5.599311979546893,nan,0.5537916951729841,nan
398.25,209.7310791015625,-170.32005310058594,-58.26894760131836,210.76970442867392,-170.7658645663309,-58.27691644026382,1.1302893149548496,0.3405875464259204,0.06569291925038528,3.807564678127282e-05,4.839728699036179,5.604603030975966,6.84305489999767,nan,nan
398.26,209.72242736816406,-170.3173370361328,-58.27059555053711,210.76121583024084,-170.76316317169133,-58.27818213501704,1.1304423772819903,0.34063855346254573,0.06571090765251021,3.723136040841269e-05,4.71826186814462,5.4658241090281585,nan,0.13079972769172601,nan
398.27,209.71376037597656,-170.31455993652344,-58.27232360839844,210.7527208968993,-170.76039871633145,-58.27998332225422,1.1306059670959987,0.3406896466961955,0.06572895992706683,3.7976571946305756e-05,4.717772720487618,5.610597313156664,nan,nan,nan
398.28000000000003,209.70510864257812,-170.3116912841797,-58.274131774902344,210.74421918630793,-170.7575725219609,-58.282368077004186,1.130764624918938,0.3407408256830195,0.065747075807042,3.713801524692293e-05,4.9999033784387965,5.641976020821881,nan,0.1582141259671621,nan
398.29,209.69644165039062,-170.30877685546875,-58.27602005004883,210.73572418156382,-170.75467428451364,-58.28433475000731,1.1309296313502515,0.3407920911315647,0.06576525583375362,3.7880894849486526e-05,4.99882885198095,5.815388061116446,nan,nan,nan
398.3,209.68777465820312,-170.3057861328125,-58.277957916259766,210.71672072978944,-170.74522300906906,-58.28630149932821,1.1188853389983555,0.340724768273535,0.06575766799793631,3.70245787892743e-05,4.989027805095555,5.768489610912342,1.9302196065304797,0.00024192937720279303,nan
398.31,209.6791229248047,-170.302734375,-58.2799072265625,210.70820969287428,-170.74217823909103,-58.28836435183206,1.1190183237422862,0.34077581256480627,0.06577585840774515,3.776432289456515e-05,5.003062290967453,5.6347974913085945,nan,nan,nan
398.32,209.6704559326172,-170.29962158203125,-58.281837463378906,210.69970360350183,-170.73906481880218,-58.29002000160023,1.119164009561117,0.3408269425763372,0.06579411266094372,3.6937789388059844e-05,4.9221830133309465,5.713086819838024,nan,0.10311632968103594,nan
398.33,209.6617889404297,-170.29644775390625,-58.28374099731445,210.69119258993157,-170.7358920182709,-58.292054859388465,1.1193088293198534,0.3408781589266162,0.06581243124299317,3.76754721100099e-05,4.944628371302571,5.735486890561386,nan,nan,nan
398.34000000000003,209.65313720703125,-170.293212890625,-58.28561019897461,210.68267597812627,-170.73266133726648,-58.2945464861778,1.119439536407585,0.34092946130604457,0.06583081396990678,3.685415992822321e-05,5.277197562028961,6.035701846372855,nan,0.14965641211992575,nan
398.35,209.64447021484375,-170.28990173339844,-58.28744888305664,210.6739292278615,-170.7230799410188,-58.296436906496595,1.1169198734045374,0.3408620596769263,0.06582322166787476,3.756596780294139e-05,5.264952781769232,6.015294307697177,4.374997442964611,nan,nan
398.36,209.6358184814453,-170.2865447998047,-58.289249420166016,210.66540142718543,-170.71971192542298,-58.30013481902684,1.1170466833501962,0.34091314067252837,0.06584161410195112,3.675075099655933e-05,6.339198587736403,7.184795308459045,nan,1.966747965329424,nan
398.37,209.6271514892578,-170.28311157226562,-58.291019439697266,210.656893449777,-170.7162661472554,-58.302061761635436,1.1171899229594893,0.3409643078890751,0.0658600710464431,3.7483750311475074e-05,6.368532417291988,7.0686855540158025,nan,nan,nan
398.38,209.61849975585938,-170.27963256835938,-58.29275131225586,210.64839421132987,-170.71275294610288,-58.303154823659746,1.1173110954765826,0.3410155610926907,0.06587859236565988,3.667342407728657e-05,6.067355951385626,6.844272362919391,nan,0.4107085322442612,nan
398.39,209.60983276367188,-170.27609252929688,-58.29444885253906,210.63988666292576,-170.70918804854782,-58.30500637284992,1.1174498760116673,0.34106690078900803,0.06589717847325903,3.7404721699416655e-05,6.096574442799287,6.934741580080344,nan,nan,nan
398.40000000000003,209.60118103027344,-170.27249145507812,-58.296112060546875,210.64308900503872,-170.7019722825333,-58.30825206549037,1.127019693151406,0.34099941991056976,0.06588957732247103,3.657649060891465e-05,7.25507145654816,8.198659814928586,7.697206962272916,1.3805374815268212,nan
398.41,209.59251403808594,-170.26882934570312,-58.2977409362793,210.63460462011335,-170.69826381461135,-58.31005184793059,1.12717270317481,0.34105053795685264,0.0659081724165786,3.730528190031445e-05,7.289445307301218,8.3142943519726,nan,nan,nan
398.42,209.5838623046875,-170.26510620117188,-58.299339294433594,210.62613676382264,-170.69448349749285,-58.31015334292819,1.1273055727735104,0.34110174194247345,0.06592683210893786,3.650525689063899e-05,6.431181073756149,7.266074394508597,nan,1.7996321788417997,nan
398.43,209.57521057128906,-170.26133728027344,-58.300907135009766,210.61765289359622,-170.6906606609342,-58.311873789407194,1.1274417182399274,0.34115303230988586,0.06594555677172173,3.723257103276781e-05,6.458867025968276,7.367452090604035,nan,nan,nan
398.44,209.56654357910156,-170.25750732421875,-58.30244064331055,210.60918674958162,-170.68676666937594,-58.31172414934713,1.1275879344147968,0.3412044089195171,0.06596434633098608,3.643694936716269e-05,5.595071143366028,6.598716149709788,nan,2.2009660347202247,nan
398.45,209.55789184570312,-170.25363159179688,-58.30394744873047,210.57872589221597,-170.67796002535349,-58.313244309725725,1.1055510850561192,0.3411368490655923,0.06595673248217035,3.713958187701873e-05,5.402723472407747,6.154202124207836,5.762985488263412,nan,nan
398.46000000000004,209.5492401123047,-170.2496795654297,-58.305419921875,210.5702245206685,-170.67395733122484,-58.31273046157209,1.105655565110931,0.3411880037905463,0.06597553030917203,3.634919210057901e-05,4.546324408289166,5.15967528853255,nan,2.9489213865746224,nan
398.47,209.5405731201172,-170.24569702148438,-58.30686569213867,210.56170468586313,-170.66991714457146,-58.31429106864571,1.1057701043214447,0.3412392447901263,0.06599439328751254,3.707294427874703e-05,4.5640111780839145,5.43901692018554,nan,nan,nan
398.48,209.53192138671875,-170.2416534423828,-58.30828094482422,210.55318091719678,-170.66582745302253,-58.31635260379914,1.1058751157219355,0.3412905719771058,0.06601332137865344,3.6286646932456476e-05,4.872844656798863,5.609260345466245,nan,0.18348264487133348,nan
398.49,209.5232696533203,-170.237548828125,-58.309669494628906,210.54466213256418,-170.6616808754077,-58.31786299038038,1.1059826958686092,0.3413419857158287,0.0660323149020595,3.7009216701881677e-05,4.891898809538976,5.519829630052369,nan,nan,nan
398.5,209.51461791992188,-170.23345947265625,-58.311031341552734,210.57087243125312,-170.6661726078834,-58.3200793867906,1.1414885532620744,0.34127434656981753,0.0660246840346159,3.620473620368873e-05,5.587792883822089,6.517509268963533,13.253796232759633,0.557395664670462,nan
398.51,209.50595092773438,-170.2294158935547,-58.31236267089844,210.56241385542438,-170.66202672851287,-58.32154181553061,1.141643687322246,0.34132553816164873,0.06604368506967408,3.6925313801416834e-05,5.610123701438887,6.737115405464921,nan,nan,nan
398.52,209.49729919433594,-170.22543334960938,-58.31367111206055,210.5539554581324,-170.65793351256866,-58.32302361793011,1.1417820808482515,0.34137681588166047,0.0660627514280957,3.614770600389362e-05,5.7497580081678645,6.687958349640524,nan,0.0013519595583082245,nan
398.53000000000003,209.4886474609375,-170.2215118408203,-58.31494903564453,210.54549783352314,-170.65390553480168,-58.32443523441516,1.1419225037612584,0.34142818005126563,0.06608188339938112,3.686728428407596e-05,5.772488960943987,6.675891642502499,nan,nan,nan
398.54,209.47999572753906,-170.21766662597656,-58.31620407104492,210.53705098925303,-170.6499394355455,-58.324379332552795,1.142056234653323,0.341479630647408,0.06610108098965685,3.609331580512012e-05,5.185036926189214,6.075853381063471,nan,1.3802304373012995,nan
398.55,209.47134399414062,-170.21389770507812,-58.31743621826172,210.54835292318617,-170.65533684487093,-58.325696765936726,1.1639952680456824,0.34141191235420915,0.06609342912858653,3.678913313557848e-05,5.308383903407375,6.313788940063905,3.6889627279584234,nan,nan
398.56,209.4626922607422,-170.210205078125,-58.318641662597656,210.53992073546164,-170.6515521460493,-58.32817455387844,1.1641732247083962,0.3414631405624102,0.06611263347104351,3.601960346920233e-05,5.97842227626402,7.0351011835780835,nan,0.8862832411357361,nan
398.57,209.45404052734375,-170.20657348632812,-58.31982421875,210.53149668628905,-170.64783348029104,-58.32948683296472,1.1643519754931348,0.3415144551206744,0.06613190360534935,3.673652981114321e-05,5.998766249725779,6.925027959112345,nan,nan,nan
398.58,209.4453887939453,-170.20303344726562,-58.320980072021484,210.52307143278307,-170.64418839734975,-58.33098243196505,1.1645246271507015,0.34156585604081313,0.06615123956277688,3.597035491262169e-05,6.2405773758225545,7.385812792871263,nan,0.02837276446863576,nan
398.59000000000003,209.43673706054688,-170.19955444335938,-58.32211685180664,210.51464775507966,-170.64061334809776,-58.33225170984022,1.1647004499803992,0.3416173435921432,0.06617064159533852,3.668651870782542e-05,6.260877799497058,7.252696337440117,nan,nan,nan
398.6,209.42808532714844,-170.19613647460938,-58.32322692871094,210.50526310751783,-170.64112358936504,-58.33399087684231,1.1655219283220215,0.3415495459464674,0.06616296446303925,3.590180454007085e-05,6.657725917372803,7.572973866790084,2.868917811462034,0.07197177449507244,nan
398.61,209.41943359375,-170.1927947998047,-58.324317932128906,210.4968363916238,-170.6377040495445,-58.335223395339824,1.1657014877309553,0.34160081085025495,0.06618237245702452,3.661638853042284e-05,6.680042372193121,7.607406773973968,nan,nan,nan
398.62,209.41078186035156,-170.18951416015625,-58.32538604736328,210.48841231462396,-170.63434930692952,-58.33598964787039,1.1658808430212073,0.3416521620478424,0.06620184647300202,3.585743232122516e-05,6.5692351731143805,7.461338009864058,nan,0.1333156562306595,nan
398.63,209.40213012695312,-170.18630981445312,-58.32643127441406,210.47998559567304,-170.63106276234103,-58.337176367128485,1.1660587691543927,0.34170359978062526,0.06622138674211506,3.657140030497341e-05,6.592192610552135,7.5820754362675356,nan,nan,nan
398.64,209.3934783935547,-170.18316650390625,-58.327457427978516,210.47156989710638,-170.6278299831567,-58.336234635855845,1.166226367043538,0.34175512410221626,0.06624099332679431,3.581538746319183e-05,5.587733284996072,6.513887708595978,nan,2.994281707831209,nan
398.65000000000003,209.38482666015625,-170.18006896972656,-58.32846450805664,210.48058918722387,-170.63326900179936,-58.33741075759247,1.1858186287021981,0.34168724716418486,0.06623328685773595,3.650629075147974e-05,5.736642462775771,6.694596650117537,3.0901840625492025,nan,nan
398.66,209.3761749267578,-170.1770477294922,-58.32944869995117,210.47218832589863,-170.63019044657372,-58.33887359633709,1.186032260021676,0.34173854859213165,0.06625289860571354,3.5754004054858984e-05,6.030375114534989,7.110782332639555,nan,0.08526510384343675,nan
398.67,209.36752319335938,-170.17408752441406,-58.33041763305664,210.463789063885,-170.62717116735948,-58.339965979602226,1.1862439956879676,0.34178993646101413,0.06627257678280965,3.646604417117217e-05,6.047758848712318,7.07015350376376,nan,nan,nan
398.68,209.35887145996094,-170.1711883544922,-58.331363677978516,210.4553861245752,-170.62421518139016,-58.341807099021004,1.1864597678161861,0.34184141084648334,0.06629232146857476,3.571644621550752e-05,6.602907610611405,7.6740402365123375,nan,0.39871741531361815,nan
398.69,209.3502197265625,-170.1683349609375,-58.33229064941406,210.4469867618842,-170.62131425554045,-58.342870536552525,1.1866760742170603,0.3418929719569599,0.06631213286859092,3.642805641641473e-05,6.623618119618685,7.6043660504250195,nan,nan,nan
398.7,209.34156799316406,-170.16555786132812,-58.33319854736328,210.44634814035408,-170.62741807511424,-58.34392061961899,1.1974844439645949,0.3418250155953591,0.06630439281497576,3.565952612594502e-05,6.8048578382583775,7.968241978808397,4.954135624600879,0.01897845941793705,nan
398.71000000000004,209.33290100097656,-170.16282653808594,-58.33409118652344,210.43795883963037,-170.62465757745457,-58.34495100910035,1.197730633924396,0.3418763535541516,0.06632420855373967,3.6369880512615935e-05,6.825184077709166,8.042755792275722,nan,nan,nan
398.72,209.32424926757812,-170.16014099121094,-58.334964752197266,210.42314292047143,-170.615578399989,-58.3450471505448,1.1895764575848498,0.33761802544760544,0.062114324852837986,3.562520385664609e-05,6.429573857380625,7.443017955612275,nan,0.5769774904855218,0.009593087562735369
398.73,209.3155975341797,-170.1575164794922,-58.335819244384766,210.4147547300537,-170.61292077218903,-58.346035130045365,1.1898083775836066,0.3376720863675624,0.062126307746263626,3.633522111487929e-05,6.449688625057113,7.512312168727425,nan,nan,nan
398.74,209.30694580078125,-170.15493774414062,-58.3366584777832,210.4064059388443,-170.6103611130566,-58.347757959113785,1.1901034571121143,0.33772622915798134,0.062138344855263455,3.559390802303143e-05,7.039939141696662,8.032626021613428,nan,0.38485855928411195,nan
398.75,209.2982940673828,-170.1524200439453,-58.33748245239258,210.36932270972625,-170.60092392307763,-58.34876912604571,1.16120001348558,0.33765335895583615,0.06213001725895666,3.6281376110832224e-05,6.90536567146656,7.593793751184392,8.087265064438995,nan,nan
398.76,209.28964233398438,-170.1499481201172,-58.338287353515625,210.36095978646955,-170.59850728424277,-58.35104703935567,1.1615029992656516,0.3377072681156945,0.062142091341260676,3.554315926536613e-05,7.975597619132067,8.66552681352087,nan,1.209404381200252,nan
398.77,209.28097534179688,-170.14752197265625,-58.33907699584961,210.35252667586823,-170.59606215507984,-58.35199337666119,1.1617131271066712,0.3377612670727395,0.06215423011875718,3.6251814639285366e-05,7.997887715041316,8.773916851686554,nan,nan,nan
398.78000000000003,209.27232360839844,-170.14515686035156,-58.33985137939453,210.34400346980289,-170.5935655812634,-58.35118991808154,1.161764463559286,0.33781534805372526,0.06216642378827753,3.551569569989613e-05,7.0164594753099125,7.70484228770978,nan,2.0625557885390005,nan
398.79,209.263671875,-170.142822265625,-58.34061050415039,210.3355695387996,-170.59121693027328,-58.352089413182995,1.161961334251991,0.3378695190023992,0.06217868223983865,3.622417983954544e-05,7.034845946365098,7.6388091642843206,nan,nan,nan
398.8,209.25502014160156,-170.1405487060547,-58.34135437011719,210.31019432448863,-170.58748219079376,-58.35307018638959,1.1459840122634097,0.3377965582621051,0.06217046903763033,3.54687271405839e-05,7.175372829822084,7.654152513696042,5.990552066120503,0.0287873418091954,nan
398.81,209.24635314941406,-170.1383056640625,-58.34208297729492,210.30173591462915,-170.58524378859934,-58.353940880276596,1.1461793394319553,0.3378504951472199,0.062182763841975554,3.6176205223427716e-05,7.19282279104182,7.725014582580255,nan,nan,nan
398.82,209.23770141601562,-170.13612365722656,-58.342796325683594,210.2931649025382,-170.58292659183843,-58.352566143613174,1.14618126101526,0.3379045142073461,0.06219511419095171,3.544483618789504e-05,5.999327266979293,6.473146455071421,nan,3.427050929052955,nan
398.83,209.2290496826172,-170.13397216796875,-58.3434944152832,210.28470566740626,-170.58077727322816,-58.3533876369977,1.1463604302935222,0.3379586229274809,0.062207529172909386,3.615223110658559e-05,6.014217975722373,6.454724312919928,nan,nan,nan
398.84000000000003,209.2203826904297,-170.13186645507812,-58.344181060791016,210.2762174431093,-170.57863992027956,-58.35361904544517,1.1465088877668683,0.33801281422769636,0.062220000176887814,3.5422640894260257e-05,5.822071443297148,6.338037638057819,nan,0.22931397389720465,nan
398.85,209.21173095703125,-170.1298065185547,-58.344852447509766,210.27008816301856,-170.57637213855105,-58.354429376313234,1.1487526043466891,0.3379397709288373,0.06221190650741033,3.610785449910774e-05,5.859762873432741,6.322605351946215,0.22528552384383382,nan,nan
398.86,209.20306396484375,-170.12779235839844,-58.34551239013672,210.26155170575,-170.5742596224474,-58.35358713462946,1.1488231008361716,0.33799372795735066,0.06222441362753698,3.5380817278471926e-05,5.163072439710366,5.725163639154802,nan,1.8125973813167047,nan
398.87,209.1944122314453,-170.1258087158203,-58.34615707397461,210.25309395107212,-170.57227384767967,-58.35433647054803,1.1490017406281265,0.33804777434068056,0.06223698524818774,3.608727778588014e-05,5.174647376782718,5.612734365210704,nan,nan,nan
398.88,209.1857452392578,-170.12387084960938,-58.3467903137207,210.2447081398772,-170.5704062760927,-58.35658127531198,1.1493007330206235,0.3381019034491713,0.06224961350941469,3.5361827586818644e-05,6.032229240940532,6.575037636166229,nan,1.5715995807582301,nan
398.89,209.17709350585938,-170.12196350097656,-58.347412109375,210.23624951194324,-170.56849939679194,-58.35732149311809,1.1494798594848605,0.3381561220875347,0.062262306381989665,3.606831095881292e-05,6.044334143385113,6.441144055945212,nan,nan,nan
398.90000000000003,209.16842651367188,-170.12010192871094,-58.348018646240234,210.2649071222987,-170.57164996054232,-58.35999362534138,1.1858788935932312,0.3380829896357433,0.06225431956774877,3.5323141575381186e-05,7.620237806301229,8.608343770412363,19.872867996775085,2.525791069157356,nan
398.91,209.15975952148438,-170.11827087402344,-58.34861373901367,210.25650124008303,-170.5697911926941,-58.36073065785391,1.1861112153627793,0.33813697357602096,0.06226704790886896,3.6028804436253695e-05,7.63700620016253,8.569302526060378,nan,nan,nan
398.92,209.15110778808594,-170.11648559570312,-58.34919738769531,210.24812930682782,-170.56800604236662,-58.362195953249135,1.1863793192079866,0.3381910403810678,0.06227983348463238,3.530711448467381e-05,8.348732411011753,9.171422258665825,nan,0.37898582250865553,nan
398.93,209.14244079589844,-170.11473083496094,-58.349769592285156,210.23972252043052,-170.5662203381029,-58.362918717398955,1.18660981536929,0.33824519641724476,0.06229268356599413,3.601286603605164e-05,8.365641034758987,9.28849017992441,nan,nan,nan
398.94,209.13377380371094,-170.11300659179688,-58.3503303527832,210.23126839822183,-170.5644203019132,-58.36260736684032,1.1867684895276636,0.33829943571662136,0.062305591334852965,3.529248994351123e-05,7.836691420734402,8.722664181772261,nan,0.7273710006549193,nan
398.95,209.12510681152344,-170.111328125,-58.35088348388672,210.2496338492728,-170.56804042748254,-58.363561382701505,1.2137989598721224,0.3382262209613296,0.06229771450730278,3.597631369734321e-05,8.240075381793906,9.571336559024775,10.800388536035445,nan,nan
398.96000000000004,209.116455078125,-170.10968017578125,-58.35142135620117,210.24116834323203,-170.56624515411494,-58.362087321760974,1.2138967299444738,0.33828022535226016,0.06231065742874333,3.5258029209836176e-05,7.0009157800818205,8.152861369481778,nan,3.24854873860731,nan
398.97,209.1077880859375,-170.10806274414062,-58.35194778442383,210.23279934527824,-170.56458552150093,-58.36274290331693,1.214158109343308,0.33833431868075586,0.062323664766914824,3.5963161276232374e-05,7.016746877579978,8.319564639441584,nan,nan,nan
398.98,209.09912109375,-170.10647583007812,-58.35246658325195,210.2245071686285,-170.56303985533958,-58.36514565618356,1.2145391247645203,0.33838849540220794,0.062336730352273516,3.524602909738889e-05,8.339413815735575,9.590009376898465,nan,2.1484604961349554,nan
398.99,209.0904541015625,-170.10491943359375,-58.35297393798828,210.21613697393585,-170.56144479511272,-58.365799681559004,1.2148011502146663,0.3384427612441128,0.062349860489731956,3.595132586671125e-05,8.355975520434152,9.595906495998223,nan,nan,nan
399.0,209.081787109375,-170.103271484375,-58.353572845458984,210.20984448373238,-170.56268247592567,-58.365578946431135,1.2180788338445891,0.3383694586858653,0.06234208258090429,3.521411828164802e-05,7.878987495409381,9.103855525708322,0.8727963929750879,0.5202502328663992,nan
399.01,209.0731201171875,-170.1015625,-58.35426330566406,210.20147795287016,-170.56099286181274,-58.36635956445844,1.2183652909446603,0.33842348920319804,0.0623552471981064,3.591872858441407e-05,7.86082270219773,9.186205684302523,nan,nan,nan
399.02,209.064453125,-170.09976196289062,-58.35504913330078,210.19300681296946,-170.55911548953017,-58.36478450592203,1.2184965599236326,0.3384776032356266,0.062368470597975484,3.520452171120475e-05,6.480959308968254,7.688563170814119,nan,4.182139608525825,nan
399.03000000000003,209.0557861328125,-170.09788513183594,-58.35592269897461,210.1846391986873,-170.55726685265347,-58.36572478268104,1.2187850058977658,0.33853180610471867,0.062381758487610225,3.5909344468331305e-05,6.465990787842873,7.696349919452026,nan,nan,nan
399.04,209.047119140625,-170.09593200683594,-58.35688400268555,210.17632209046906,-170.55539276947954,-58.367978998425876,1.219149947002434,0.3385860928780978,0.062395105588333825,3.519606041457375e-05,7.289441657366538,8.531340668453346,nan,1.0447233407361185,nan
399.05,209.0384521484375,-170.09390258789062,-58.35793685913086,210.17519671759914,-170.55679064519225,-58.36904993061757,1.227427011870284,0.3385127083042201,0.06238742798950164,3.587912115436697e-05,7.283656086141997,8.615050338278607,0.7273287063801888,nan,nan
399.06,209.02978515625,-170.091796875,-58.359073638916016,210.1668402837954,-170.55471719432757,-58.37026999330743,1.2277275526252964,0.33856676193037333,0.06240081168156476,3.6597597093073724e-05,7.268506997965996,8.616756420773948,nan,nan,nan
399.07,209.0211181640625,-170.08963012695312,-58.36029815673828,210.15848369333705,-170.55256826777608,-58.3715775973448,1.2280225141221888,0.3386209017224835,0.062414257317179395,3.733052054628926e-05,7.253013311327004,8.665379039085089,nan,nan,nan
399.08,209.01243591308594,-170.08737182617188,-58.36160659790039,210.1501069529786,-170.550324379909,-58.37247171869111,1.2283071736629982,0.3386751253420575,0.06242776247125739,3.65323897342299e-05,7.078100899169381,8.585665112462674,nan,0.16177088303423148,nan
399.09000000000003,209.00376892089844,-170.0850372314453,-58.362998962402344,210.1417500441683,-170.54802705931064,-58.37394639202883,1.2286091582927183,0.33872943790105503,0.06244133242280961,3.726384873623105e-05,7.0644728507135275,8.363648909741318,nan,nan,nan
399.1,208.99510192871094,-170.0826416015625,-58.36447525024414,210.10635182881276,-170.53440963810547,-58.37521622554468,1.199619134504204,0.3386559666566258,0.06243374525914298,3.64470041706936e-05,6.837582079818902,7.818496579566156,6.924440556931923,0.021277381780476206,nan
399.11,208.98643493652344,-170.08016967773438,-58.366031646728516,210.0979499284902,-170.53194923112662,-58.37685522950963,1.1998697813406278,0.3387100432726882,0.062447348599653736,3.717617007523496e-05,6.824767469378357,7.794343902350524,nan,nan,nan
399.12,208.97776794433594,-170.07762145996094,-58.367671966552734,210.08957005819258,-170.5294399336619,-58.379154561205524,1.2001565412618167,0.33876420384590555,0.06246101196912541,3.638678974958162e-05,7.298446236134311,8.209580575381889,nan,0.21751677736463035,nan
399.13,208.96908569335938,-170.07501220703125,-58.36939239501953,210.08116779166858,-170.52683796231955,-58.38096396471707,1.2004195132314794,0.3388184530646814,0.06247474008368189,3.7114676985652024e-05,7.2841529724190694,8.407476814711199,nan,nan,nan
399.14,208.96041870117188,-170.07232666015625,-58.371192932128906,210.07271665944728,-170.52411784433644,-58.38156122176952,1.200595487046595,0.3388727866318798,0.06248852864595438,3.632897644294514e-05,6.636822276101728,7.545147738771053,nan,1.094018604508578,nan
399.15000000000003,208.95175170898438,-170.069580078125,-58.373069763183594,210.07114725726439,-170.52753736685227,-58.38355078209843,1.2094962271809833,0.3387992338762622,0.06248103218737683,3.703231287444272e-05,6.676644953569877,7.731379654829744,2.4436887577300284,nan,nan
399.16,208.94308471679688,-170.0667724609375,-58.375,210.06280579269585,-170.52479664277897,-58.38685457248696,1.2098355135524672,0.3388533312908842,0.06249485368423054,3.6251145211423644e-05,7.5882557036163085,8.679936825270351,nan,1.0751070962492257,nan
399.17,208.93441772460938,-170.0638885498047,-58.37693786621094,210.05441720421967,-170.52194227474428,-58.38892371032231,1.210105660559208,0.3389075170694296,0.06250873989387928,3.697581024838559e-05,7.5982735627263285,8.631944583431276,nan,nan,nan
399.18,208.92575073242188,-170.06092834472656,-58.37886428833008,210.04602666647267,-170.51901954217513,-58.39093230382447,1.2103765325679514,0.33896178730615967,0.06252268702299055,3.619807219736956e-05,7.7376690342352985,8.693776514859884,nan,0.0021779281385673616,nan
399.19,208.91708374023438,-170.05792236328125,-58.380760192871094,210.03763840426464,-170.51603321970703,-58.392977599254074,1.2106434557184318,0.3390161460999271,0.06253669903549904,3.6921702576671064e-05,7.758467992466126,8.82422930256786,nan,nan,nan
399.2,208.9084014892578,-170.05484008789062,-58.38262176513672,210.0360876572796,-170.5104579030812,-58.39544585646928,1.2163174521420075,0.3389425079795119,0.06252928443510164,3.6125075062251855e-05,8.34447620941567,9.645597316556742,3.931715454416874,0.22004099538412344,nan
399.21000000000004,208.8997344970703,-170.05169677734375,-58.38445281982422,210.02770799990012,-170.50732235341715,-58.397433739712696,1.2165884238063038,0.33899663021982224,0.06254332864762095,3.684684097213286e-05,8.366721159250702,9.471862893700685,nan,nan,nan
399.22,208.8910675048828,-170.04849243164062,-58.38624954223633,210.01932791215216,-170.50412286940073,-58.399372010125965,1.2168577737716861,0.33905083701507743,0.06255743422576868,3.60765502974196e-05,8.568384225516944,9.672788893619824,nan,0.00016500862397291787,nan
399.23,208.8824005126953,-170.0452117919922,-58.38800811767578,210.01094849177204,-170.50086131921418,-58.401291709783585,1.2171333068136294,0.3391051321039491,0.06257160468422523,3.679743526119378e-05,8.592009709798006,9.634536691439402,nan,nan,nan
399.24,208.8737335205078,-170.04188537597656,-58.38973617553711,210.00250098823955,-170.4974721898318,-58.40115253777267,1.2172944074852923,0.33915951212319084,0.06258583690054743,3.603020648974582e-05,7.4156872869613135,8.515384894675783,nan,2.728926287980332,nan
399.25,208.8650665283203,-170.0384979248047,-58.39142608642578,209.98776161064137,-170.49133398697128,-58.40311121159529,1.2106367288401032,0.33908579281705187,0.06257850307125756,3.67273448193028e-05,7.477973208969708,8.529437208425273,1.0727964585703114,nan,nan
399.26,208.8563995361328,-170.03504943847656,-58.39308547973633,209.97935256053717,-170.48786537608996,-58.40431382367578,1.2108640898479084,0.33913993606218346,0.06259276695805617,3.596400368968377e-05,7.267411748806811,8.291242148573227,nan,0.23968104623794473,nan
399.27,208.8477325439453,-170.03152465820312,-58.39470672607422,209.97096366660526,-170.484355606715,-58.40607710976397,1.2111289396539697,0.339194167348909,0.06260709573884586,3.668242885598714e-05,7.287707187270214,8.251878010525337,nan,nan,nan
399.28000000000003,208.8390655517578,-170.02796936035156,-58.39630126953125,209.96251261569492,-170.48072717443762,-58.40585939403554,1.2112862177986377,0.339248483644152,0.06262148668987547,3.5921918776937984e-05,6.308125774171124,7.410819124690495,nan,2.5439799811580968,nan
399.29,208.8303985595703,-170.0243377685547,-58.39786148071289,209.9541249130544,-170.47709977119047,-58.40754044223382,1.2115477831441475,0.339302888189482,0.06263594273038454,3.6639661795066196e-05,6.323277609049933,7.318233994343805,nan,nan,nan
399.3,208.82174682617188,-170.02064514160156,-58.399391174316406,209.9613716553468,-170.48568248917272,-58.406004429286604,1.2308729508155103,0.33922908474780444,0.06262868185895912,3.586001425879484e-05,5.062937549857368,6.113477004335069,8.30912028570822,6.701345237675694,nan
399.31,208.81307983398438,-170.01690673828125,-58.4008903503418,209.9530142155994,-170.48197768244384,-58.407593586619576,1.2311727380302615,0.3392832521371267,0.06264316881494891,3.657624158034737e-05,5.073420601228317,6.337685840826219,nan,nan,nan
399.32,208.80441284179688,-170.0131072998047,-58.40235900878906,209.94466845847487,-170.47822671304604,-58.40951704429596,1.231491038299509,0.3393375046010822,0.06265771833123912,3.582197977252152e-05,5.276861966246942,6.5284831428077394,nan,0.0889672401128153,nan
399.33,208.79574584960938,-170.00927734375,-58.4037971496582,209.93631212435363,-170.4744187486824,-58.41105209162349,1.2317875579211752,0.33939184507987213,0.06267233297510384,3.653764986984641e-05,5.288730136077646,6.576987408251531,nan,nan,nan
399.34000000000003,208.78707885742188,-170.00546264648438,-58.405208587646484,209.92790299736066,-170.4705529139346,-58.41077468968989,1.2319982372698217,0.3394462709941572,0.0626870105488387,3.578588240032643e-05,4.715687173107868,5.974475420687572,nan,2.1486091142805797,nan
399.35,208.77842712402344,-170.00169372558594,-58.40658950805664,209.94947589006705,-170.47772281787596,-58.412328964122715,1.264117024058556,0.3393723867677543,0.0626798204666682,3.647842577932744e-05,4.966643540340178,6.582647697236288,7.553469240949467,nan,nan
399.36,208.76976013183594,-169.99798583984375,-58.4079475402832,209.94119095725222,-170.47402675818105,-58.41449327231882,1.264479332086837,0.33942657529555054,0.06269452835689789,3.572996134678338e-05,5.265071405204096,7.062624037254695,nan,0.3584595162651274,nan
399.37,208.76109313964844,-169.9943389892578,-58.40927505493164,209.93288520476162,-170.4703750258847,-58.415910729463,1.264812628101936,0.33948085161329317,0.0627093014264447,3.6443787337741604e-05,5.276391157898023,7.077360125509877,nan,nan,nan
399.38,208.75242614746094,-169.9907684326172,-58.41057586669922,209.92460756445294,-170.46681632646593,-58.418280368343545,1.265183872377764,0.3395352134156378,0.0627241377867933,3.569760897264621e-05,5.733328927442885,7.552738279968368,nan,0.6487262457072698,nan
399.39,208.7437744140625,-169.98727416992188,-58.4118537902832,209.91630216048597,-170.4633015101595,-58.419656522992256,1.265497620473601,0.3395896632304346,0.0627390395430881,3.64110363488815e-05,5.7448057084787445,7.3579505238677605,nan,nan,nan
399.40000000000003,208.735107421875,-169.9838409423828,-58.41310119628906,209.9096001612486,-170.46133626805477,-58.42099922489835,1.2678711920915935,0.33951569602602255,0.06273191324079067,3.5645433608771374e-05,5.8340044796414645,7.71049423439645,0.49832543484661573,0.004865339155840253,nan
399.41,208.72645568847656,-169.98046875,-58.414329528808594,209.90129822343027,-170.45796353563102,-58.42232557657215,1.268195643038217,0.3395699080901932,0.06274684453563227,3.635762361858575e-05,5.8447183866135095,7.46054868199535,nan,nan,nan
399.42,208.71778869628906,-169.9771728515625,-58.41552734375,209.89293740412532,-170.4546056043119,-58.421436404714335,1.2684444946187314,0.33962420567716073,0.06276183946293337,3.561661336272192e-05,5.068844314124681,6.94723374934896,nan,3.2733318988921125,nan
399.43,208.70912170410156,-169.97393798828125,-58.41670608520508,209.88463578466482,-170.45136651046337,-58.42269415303704,1.2687817796421315,0.3396785910667854,0.06277689985787356,3.632850441002034e-05,5.077806372118737,6.9092168568742105,nan,nan,nan
399.44,208.70046997070312,-169.9707794189453,-58.4178581237793,209.87637125107497,-170.44822506585052,-58.42533979533329,1.2691548929654424,0.33973306232696293,0.06279202423577786,3.558947822144849e-05,5.665812327656385,7.337244411450684,nan,1.3580619750908216,nan
399.45,208.69180297851562,-169.96766662597656,-58.41899108886719,209.8445106735275,-170.44334652128126,-58.42664261875721,1.2470224291673158,0.33965901480794913,0.06278495869870833,3.627871063944809e-05,5.525764190931795,6.983555460327763,8.172934520409694,nan,nan
399.46000000000004,208.6831512451172,-169.96463012695312,-58.42009735107422,209.83615806913073,-170.44030413941826,-58.42720803544688,1.2472934956090849,0.33971324807854764,0.06280011195213357,3.554246800355172e-05,5.336157714228537,6.647405985093264,nan,0.28118406740025614,nan
399.47,208.6744842529297,-169.96163940429688,-58.42118453979492,209.82782178904677,-170.43733724131067,-58.428386670963256,1.2476088229287192,0.33976756895122234,0.06281533075565988,3.625300213399448e-05,5.3460735250070766,6.797761061727204,nan,nan,nan
399.48,208.6658172607422,-169.95872497558594,-58.42224884033203,209.81944470768104,-170.4343952603552,-58.42790011799983,1.2478583425543148,0.339821975717402,0.06283061385898714,3.55185594907549e-05,4.816152099776562,6.29579373315,nan,1.8524760296150198,nan
399.49,208.65716552734375,-169.9558563232422,-58.42329025268555,209.81110853402248,-170.43154731412275,-58.42902102969951,1.2481583326136418,0.33987647032067225,0.06284596274670563,3.6228918313013366e-05,4.825085540592408,6.11191142223113,nan,nan,nan
399.5,208.64849853515625,-169.9530487060547,-58.424312591552734,209.81784521190932,-170.4352416147713,-58.4303639582048,1.2648787573077385,0.33980234091658124,0.06283895157714195,3.547475064789433e-05,5.056809797948942,6.8343731335934645,2.3971261598797238,0.0164530213567601,nan
399.51,208.63983154296875,-169.95030212402344,-58.425315856933594,209.8095339100525,-170.43251861726927,-58.4314484513313,1.265216970576061,0.33985659718250005,0.062854328537296,3.6184089554067576e-05,5.0658184619844,6.835877828402496,nan,nan,nan
399.52,208.6311798095703,-169.94760131835938,-58.42629623413086,209.80121540208734,-170.42984506191507,-58.43221319061826,1.2655344034554545,0.3399109393551596,0.06286977009759628,3.545386069474451e-05,5.015706349779485,6.591752627038237,nan,0.06211972172409292,nan
399.53000000000003,208.6225128173828,-169.94496154785156,-58.42726135253906,209.79290368398844,-170.42723191315952,-58.43325660248295,1.2658733858131441,0.33996536917762543,0.06288527754061295,3.616310222120964e-05,5.024017880044071,6.766354874119561,nan,nan,nan
399.54,208.61386108398438,-169.94236755371094,-58.42820358276367,209.78457362859518,-170.42465687462507,-58.43348746295998,1.2661748578165888,0.34001988524302534,0.06290084991852621,3.543440760765136e-05,4.819785248614476,6.376824968938536,nan,0.4342123251182568,nan
399.55,208.60519409179688,-169.9398193359375,-58.42912673950195,209.78703571268971,-170.42285618537977,-58.43454267480535,1.2767550850296,0.3399456760563475,0.06289388945456609,3.612133546318234e-05,4.93003348691801,6.875169476666881,1.787760408567854,nan,nan
399.56,208.59652709960938,-169.9373321533203,-58.43003463745117,209.77871212051951,-170.42036778320644,-58.4342982819338,1.2770681352488888,0.3399999535384129,0.06290948918292977,3.5394971161711996e-05,4.633717460233729,6.56150630835334,nan,1.0391830409183773,nan
399.57,208.58786010742188,-169.93490600585938,-58.4309196472168,209.7704153653345,-170.41795190641653,-58.43525170660007,1.277414986134239,0.34005431849101325,0.06292515490049576,3.610323271003911e-05,4.642100748021313,6.6235688178331555,nan,nan,nan
399.58,208.57920837402344,-169.93251037597656,-58.431793212890625,209.7620827549034,-170.41555638384233,-58.43452985360326,1.2777060443856298,0.34010876968637227,0.06294088583239726,3.537824313858961e-05,4.335968569794563,6.023168546369571,nan,1.8997756966725672,nan
399.59000000000003,208.57054138183594,-169.93016052246094,-58.43264389038086,209.75378545401688,-170.41323784502754,-58.435433334410746,1.2780602548109563,0.34016330859823013,0.0629566830022761,3.608650119069368e-05,4.342000887585609,6.272012869888768,nan,nan,nan
399.6,208.56187438964844,-169.92787170410156,-58.43347930908203,209.7480033150049,-170.41235038623742,-58.435828162336804,1.2812599026438674,0.34008901856232077,0.06294976730022302,3.534149072181139e-05,4.302897027070829,6.312825843961948,0.08518647168285229,0.1686651732106437,nan
399.61,208.55320739746094,-169.92562866210938,-58.43429946899414,209.73970991013275,-170.41012819871142,-58.436694726835576,1.2816137291728098,0.34014331855795593,0.06296559099051281,3.604889474402939e-05,4.30810791673614,6.298468827130128,nan,nan,nan
399.62,208.5445556640625,-169.9234161376953,-58.43510055541992,209.73138650349398,-170.4079277319002,-58.436070959388616,1.281920382874247,0.3401977047876722,0.0629814801605905,3.5327291283255724e-05,4.1776061513899,5.964151143428505,nan,1.506848833311885,nan
399.63,208.535888671875,-169.92124938964844,-58.435890197753906,209.72309251359084,-170.40579514837265,-58.4368921786226,1.2822786585013943,0.3402521785660853,0.06299743568731558,3.603475145053873e-05,4.180932677731335,6.131444388795776,nan,nan,nan
399.64,208.5272216796875,-169.9191436767578,-58.43666076660156,209.7148116748762,-170.4037163424945,-58.43838593118759,1.2826471226507627,0.340306738904767,0.06301345701581441,3.531429311116646e-05,4.239522061852835,6.245347133983843,nan,0.327555826649491,nan
399.65000000000003,208.5185546875,-169.9170684814453,-58.437416076660156,209.69916320094006,-170.41491788581007,-58.4391396788789,1.2812858628105237,0.34023236967255327,0.06300658193171477,3.599968647506721e-05,4.196278836563803,6.313296758131425,23.826483790657875,nan,nan
399.66,208.5098876953125,-169.91502380371094,-58.43815612792969,209.6908827637225,-170.4129922953034,-58.440930572992116,1.2816901605977264,0.34028669084345725,0.0630226290044056,3.528117004014221e-05,4.333756901149155,6.491157028373706,nan,0.7048252274981529,nan
399.67,208.501220703125,-169.9130401611328,-58.438880920410156,209.68258306640746,-170.4110931761713,-58.44171029675394,1.282061560354942,0.34034109940206975,0.06303874255825291,3.598793451020015e-05,4.339773668986169,6.435915306079334,nan,nan,nan
399.68,208.4925537109375,-169.9110870361328,-58.43959426879883,209.67426779904977,-170.40922274798345,-58.441644172629594,1.2824163035339482,0.34039559450068213,0.06305492216191595,3.5270427651362096e-05,4.238250861146616,6.318693763094715,nan,0.48137411285363135,nan
399.69,208.48388671875,-169.90916442871094,-58.44029235839844,209.66596726782197,-170.40740312090918,-58.442388522876826,1.2827940648456493,0.3404501772423685,0.06307116850714754,3.5977317328766696e-05,4.243054307414098,6.353110138810601,nan,nan,nan
399.7,208.4752197265625,-169.90728759765625,-58.440975189208984,209.67539660950447,-170.41710536426547,-58.442317140323276,1.303971052719928,0.3403757281472266,0.06306432842492501,3.523951145112178e-05,4.318603150174696,6.967474397384122,5.8143814884367355,0.42015113940511284,nan
399.71000000000004,208.466552734375,-169.90545654296875,-58.44164276123047,209.66712607300676,-170.41539128184542,-58.44302704223445,1.304381729242062,0.3404300714016336,0.06308059965592168,3.5945670206030155e-05,4.32279250454225,6.946875720956224,nan,nan,nan
399.72,208.4578857421875,-169.9036407470703,-58.442298889160156,209.66099339040917,-170.40238562714347,-58.44283344364026,1.302388096673635,0.3404417517127003,0.06191641637515752,3.522982796279901e-05,4.259803806600751,6.960846150019606,nan,0.566151172462338,0.10849667988542318
399.73,208.44921875,-169.90188598632812,-58.44294357299805,209.6527302598443,-170.40072502052695,-58.44350971261906,1.3027972431971917,0.3404959464894564,0.0619286797239975,3.593613330469083e-05,4.2627888454291805,6.825900111365942,nan,nan,nan
399.74,208.4405517578125,-169.900146484375,-58.443572998046875,209.6444913250387,-170.39919850142203,-58.44649325698768,1.3032773784439773,0.34055022711205324,0.061941000033149646,3.5222180637128644e-05,4.498160541417101,7.170200280628406,nan,3.749627483315091,nan
399.75,208.431884765625,-169.89845275878906,-58.444190979003906,209.6638955183675,-170.4099966078149,-58.44711856617666,1.3339925693630925,0.34047673259569844,0.06193271284407364,3.590659111785992e-05,4.6966784981560865,8.122714373194743,7.5999789481763536,nan,nan
399.76,208.4232177734375,-169.89678955078125,-58.44479751586914,209.65568873114336,-170.4085092687411,-58.448875887072425,1.3344880533181953,0.3405307777745006,0.06194506862754748,3.5194251761993545e-05,4.933128198440204,8.357318007919403,nan,0.8358310947299906,nan
399.77,208.41455078125,-169.89515686035156,-58.44538879394531,209.64747016357853,-170.40701022214373,-58.44953877097124,1.3349536657160141,0.3405849088872652,0.061957486513153616,3.590007185739619e-05,4.9427831331811385,8.406406731558363,nan,nan,nan
399.78000000000003,208.40586853027344,-169.8935546875,-58.44597244262695,209.63926300055977,-170.40559457844307,-58.451445617748476,1.335468728535339,0.34063912579549915,0.06196996187411925,3.518843270819254e-05,5.316984373992296,8.976288481058445,nan,1.0999792582785872,nan
399.79,208.39720153808594,-169.89199829101562,-58.44654083251953,209.63104305673136,-170.40416050774638,-58.452099277726276,1.335928862512116,0.34069342891204024,0.061982499501220645,3.589447253202645e-05,5.32896655667623,8.690157891430667,nan,nan,nan
399.8,208.38853454589844,-169.8904571533203,-58.44710159301758,209.63697737750667,-170.40290543395247,-58.4530479888524,1.3495362550669965,0.34061985465382266,0.06197432369425995,3.516228113588547e-05,5.588186995550853,9.215499179855527,5.743215082829935,0.029459722217528152,nan
399.81,208.37985229492188,-169.8889617919922,-58.44764709472656,209.6287760662448,-170.40151401135458,-58.453685143820586,1.3500210450899066,0.3406739220184767,0.061986896254992534,3.5867679527350595e-05,5.601958546660589,9.481148157104515,nan,nan,nan
399.82,208.37118530273438,-169.88748168945312,-58.448184967041016,209.62056010873889,-170.4000913818688,-58.45269687068043,1.3504541680159892,0.34072807512395004,0.06199952678382794,3.515812922810598e-05,5.16726532825229,8.774047566060732,nan,1.8257843118429433,nan
399.83,208.36251831054688,-169.88604736328125,-58.44871139526367,209.6123579434091,-170.3987601830992,-58.45329811339388,1.3509236031182819,0.34078231433560885,0.06201221958860005,3.586377971541465e-05,5.177639344703768,8.712448783893421,nan,nan,nan
399.84000000000003,208.3538360595703,-169.88462829589844,-58.44922637939453,209.60415512523733,-170.39745653531327,-58.45385000458315,1.351411094753049,0.34083663958873733,0.0620249707626221,3.515476729054646e-05,5.202012705628801,9.062063262051765,nan,0.0011031900140740134,nan
399.85,208.3451690673828,-169.88323974609375,-58.449729919433594,209.60257377264858,-170.394005263656,-58.454476719157384,1.357192152520323,0.3407629861626015,0.062016906563383115,3.5838634521554594e-05,5.297214790756722,8.944735101787483,3.6352393698080325,nan,nan
399.86,208.33648681640625,-169.8818817138672,-58.450225830078125,209.59436806904986,-170.3926951032311,-58.453827371928476,1.35764816340958,0.3408170753789452,0.062029692350050146,3.5130965454729235e-05,5.040842311305295,8.903471704810704,nan,1.0477251963825154,nan
399.87,208.32781982421875,-169.88043212890625,-58.45081329345703,209.5861715227441,-170.3914010536629,-58.45443126050414,1.3581426025768308,0.34087125060200757,0.06204254043661853,3.583627706524702e-05,5.039475030233126,8.67287326261858,nan,nan,nan
399.88,208.3191375732422,-169.87890625,-58.45149612426758,209.57796861313673,-170.38999640306685,-58.45434539952867,1.3586305053006087,0.3409255118063033,0.06205544735488797,3.512905389313055e-05,4.908084591284948,8.746998662059537,nan,0.43044020651721393,nan
399.89,208.3104705810547,-169.87730407714844,-58.452266693115234,209.5697710805603,-170.38853701381066,-58.45512836315851,1.359119219472218,0.34097985929629543,0.062068416758722746,3.583465019786722e-05,4.908160731210381,8.510091343211633,nan,nan,nan
399.90000000000003,208.30178833007812,-169.8756103515625,-58.453128814697266,209.55330265383336,-170.38563025143995,-58.45592531615367,1.3514496739634485,0.340906126839304,0.062060456069410234,3.5106653811270625e-05,4.8357129721497305,8.60054492035537,1.1576308773658142,0.018376454544502138,nan
399.91,208.29312133789062,-169.87384033203125,-58.45408248901367,209.54509210239374,-170.38401431720482,-58.45689112418779,1.3519305376941262,0.3409602379917251,0.06207345951561126,3.581166935108329e-05,4.835733341032922,8.280810067584415,nan,nan,nan
399.92,208.28443908691406,-169.8719940185547,-58.45512008666992,209.5368920293086,-170.38237273582976,-58.45956764964711,1.3524587198049816,0.34101443506173446,0.06208652223512547,3.510605214511887e-05,5.181573665428881,8.967194827054744,nan,1.8437110633407432,nan
399.93,208.2757568359375,-169.8700714111328,-58.45624923706055,209.52868079872454,-170.38059916107406,-58.46072833471882,1.352951256439742,0.341068718321791,0.06209964748594124,3.5811375231739025e-05,5.1809997986835885,8.881431647166004,nan,nan,nan
399.94,208.26708984375,-169.86807250976562,-58.45745849609375,209.52046885599634,-170.37874537598242,-58.461893499170316,1.353427276909247,0.34112308779617856,0.06211283239055241,3.510607117098489e-05,5.1835847901664,8.73421266056255,nan,0.004862852424462835,nan
399.95,208.25840759277344,-169.86599731445312,-58.45875930786133,209.4904060989218,-170.37114684892657,-58.463169262444964,1.3315464013807232,0.34104927678248936,0.06210497420821431,3.5789679369552136e-05,5.000041689425919,8.20790703814444,4.309813938756739,nan,nan
399.96000000000004,208.24972534179688,-169.8638458251953,-58.460140228271484,209.48216116558314,-170.36914749175676,-58.46465292421478,1.33200908345483,0.3411034096347266,0.06211819276072068,3.508550005541856e-05,5.0394694085563065,8.330044895684257,nan,0.002940011761560357,nan
399.97,208.24105834960938,-169.8616180419922,-58.461605072021484,209.47391575265442,-170.3670713451686,-58.466157146168925,1.332456805796706,0.3411576285832084,0.06213147390284635,3.5790582615464975e-05,5.040269821393413,8.083415519214808,nan,nan,nan
399.98,208.2323760986328,-169.85931396484375,-58.46315383911133,209.46567246953074,-170.36493283985786,-58.468128046157005,1.3329272778273669,0.34121193367802194,0.06214481511249676,3.5086643209300325e-05,5.168879153228132,8.43652998581671,nan,0.10306530947150604,nan
399.99,208.22369384765625,-169.85693359375,-58.46478271484375,209.45742699832905,-170.3627096560093,-58.469802518253985,1.3333912069043476,0.341266325151555,0.062158219117242924,3.5792053439307015e-05,5.170085311709121,8.474495733371226,nan,nan,nan
400.0,208.2150115966797,-169.8544921875,-58.46649169921875,209.47430107409699,-170.37198893236106,-58.472094162843376,1.3614860471096983,0.3411924358021523,0.06215045620483121,3.50671527733211e-05,5.546236072157614,9.635249464949458,6.429732184426412,0.1738295045544299,nan
400.01,208.2063446044922,-169.8519744873047,-58.46828079223633,209.46609762735858,-170.3696439901462,-58.47393699225262,1.3619806846617908,0.3412465903590878,0.062163893257022144,3.5772021686384875e-05,5.548135946059082,9.386862012992632,nan,nan,nan
400.02,208.19766235351562,-169.84938049316406,-58.470149993896484,209.45790135151444,-170.36726735086629,-58.477244377829074,1.3625195263705818,0.34130083099166963,0.06217739077141127,3.5069300369997035e-05,6.091697176812379,10.200603226736987,nan,1.348351833057285,nan
400.03000000000003,208.18898010253906,-169.8467254638672,-58.47207260131836,209.4496986020796,-170.36478169793776,-58.479248598967715,1.3630278396589601,0.34135515791184484,0.06219095115843619,3.5774512549009427e-05,6.098723399509965,10.196201230404661,nan,nan,nan
400.04,208.18031311035156,-169.84400939941406,-58.474002838134766,209.44149068679636,-170.3621945906019,-58.48009691200464,1.36349620807315,0.3414095712015128,0.06220457236955181,3.507192464499312e-05,5.720847792891212,9.516378585854246,nan,0.9929974078289475,nan
400.05,208.171630859375,-169.84120178222656,-58.47591781616211,209.45413076428298,-170.36269008295676,-58.48205254868294,1.3844831847409875,0.3413356039251077,0.06219690271522162,3.575545934272301e-05,5.892614368098808,10.548703391265896,5.63671664811742,nan,nan
400.06,208.16294860839844,-169.83834838867188,-58.477806091308594,209.44595182104047,-170.35993976037796,-58.48224271811609,1.384981763903564,0.3413897800147116,0.062210556509612436,3.5053822807423945e-05,5.404641555352412,9.971411400288233,nan,2.307787426689199,nan
400.07,208.15428161621094,-169.83541870117188,-58.47966384887695,209.43778072274705,-170.35717050141804,-58.484197487136456,1.3855018770882197,0.3414440423019651,0.062224273264925634,3.575885622910002e-05,5.420781946849958,9.701816258048733,nan,nan,nan
400.08,208.14559936523438,-169.83242797851562,-58.48148727416992,209.42961025573405,-170.35433718636077,-58.48619966319007,1.3860358562337347,0.3414983908846845,0.062238051213901684,3.505729628716329e-05,5.482474586191036,10.040393506802173,nan,0.004421991785970054,nan
400.09000000000003,208.13693237304688,-169.82937622070312,-58.483272552490234,209.4214398067816,-170.35143670692614,-58.48808980750476,1.3865531740762886,0.34155282595008896,0.06225189234690774,3.576268372438076e-05,5.500847321925794,9.813512604294726,nan,nan,nan
400.1,208.1282501220703,-169.8262481689453,-58.48502731323242,209.3976029344929,-170.34319453578487,-58.49167572140428,1.3705963336901927,0.34147878102182055,0.06224430939197575,3.504000704795825e-05,5.996126377671441,10.127017395068021,1.9648039155667643,2.1922401032862435,nan
400.11,208.1195831298828,-169.8230743408203,-58.48674774169922,209.38940809322753,-170.34016160197507,-58.49351501325942,1.3710873309699534,0.34153297859825393,0.06225818247675374,3.5744876741550855e-05,6.018600968142524,9.803034129763715,nan,nan,nan
400.12,208.11090087890625,-169.81982421875,-58.48843002319336,209.38121776350496,-170.33709562410198,-58.49657465856603,1.3716198559282904,0.34158726239402815,0.06227211710767189,3.5044230035103134e-05,6.633132442792203,10.812340221117312,nan,1.1070696231179962,nan
400.13,208.10223388671875,-169.81651306152344,-58.490081787109375,209.37302363356628,-170.33393788672342,-58.49836038210579,1.3721164548102858,0.34164163258429214,0.062286115027296855,3.57494639871769e-05,6.660023569511223,10.498933093252765,nan,nan,nan
400.14,208.0935516357422,-169.81314086914062,-58.49169921875,209.3648266313676,-170.3306947514472,-58.499060092175164,1.3726093100553391,0.3416960892856683,0.06230017483867297,3.5048810130360196e-05,6.291675642433591,10.42039815428971,nan,0.782204131177204,nan
400.15000000000003,208.0848846435547,-169.80970764160156,-58.4932861328125,209.33776023105642,-170.317373482094,-58.50061885775291,1.351841563281649,0.34162196707409814,0.062292675759856635,3.5732382789572103e-05,6.126090079012906,9.340608704721827,5.7362566749660875,nan,nan
400.16,208.07620239257812,-169.8062286376953,-58.49483871459961,209.3295376714387,-170.31403523242443,-58.50339833432542,1.3523276696040476,0.34167618600479027,0.062306766993147356,3.503254587642929e-05,6.715387253461962,10.202371927180742,nan,0.8552978146704339,nan
400.17,208.06753540039062,-169.80267333984375,-58.496360778808594,209.32131244177168,-170.31061336635912,-58.505056948902535,1.3527880703957191,0.3417304912424265,0.06232092162861324,3.573763588543951e-05,6.742488511703314,9.997349704469698,nan,nan,nan
400.18,208.05886840820312,-169.7991180419922,-58.49785614013672,209.31308565190577,-170.30714134727668,-58.50586850270726,1.3532231046901304,0.34178488291252096,0.06233513848616292,3.503774905102716e-05,6.461271328134702,9.62317497224557,nan,0.4708676290652374,nan
400.19,208.05018615722656,-169.79559326171875,-58.49931716918945,209.3048611762081,-170.3036993117767,-58.50746041573189,1.3536792359440593,0.34183936117640185,0.06234941898427619,3.5743207277689336e-05,6.48710797973552,9.983749656054782,nan,nan,nan
400.2,208.04151916503906,-169.79212951660156,-58.50075149536133,209.2809267494081,-170.29381174338354,-58.50798177874798,1.3371119974999457,0.34176516198921614,0.062341997741811685,3.502207886990101e-05,6.014574713464055,8.809085334885111,2.1342215850249198,0.774117417742584,nan
400.21000000000004,208.03285217285156,-169.78871154785156,-58.502159118652344,209.27267739846664,-170.29045576829083,-58.50950709715719,1.3375230261957332,0.341819402198401,0.062356308998269126,3.5727031479817686e-05,6.035701881689748,8.815211877068503,nan,nan,nan
400.22,208.02418518066406,-169.7853546142578,-58.503536224365234,209.2644295745525,-170.28717209581473,-58.51156869309087,1.337942996514302,0.34187372875975786,0.0623706827920651,3.5027823914734705e-05,6.368980007821856,9.200512407480616,nan,0.22392768957870815,nan
400.23,208.0155029296875,-169.78207397460938,-58.5048828125,209.25618108446898,-170.28394103875598,-58.51304557893013,1.3383644737450635,0.34192814182836856,0.06238512035335295,3.573315119447989e-05,6.394445624959126,9.485245747194229,nan,nan,nan
400.24,208.0068359375,-169.7788543701172,-58.50620651245117,209.24793448409213,-170.28079321210194,-58.51551638835698,1.3387885857130195,0.34198264153949826,0.062399620783699,3.503382922196991e-05,7.006382105793808,9.778101218538401,nan,0.7333886011788273,nan
400.25,207.9981689453125,-169.77569580078125,-58.507503509521484,209.2451643105613,-170.28105268061927,-58.516960024853255,1.3455379751734409,0.3419083657230942,0.062392273916141126,3.571749770759632e-05,7.074949264101839,10.047582005679782,0.5394659001430607,nan,nan
400.26,207.989501953125,-169.77259826660156,-58.50877380371094,209.2369253485299,-170.27801430662174,-58.51796927136482,1.3459550726300369,0.3419626271000719,0.062406804513366755,3.501889103902206e-05,6.988484886466426,9.96856669804964,nan,0.11333599777317643,nan
400.27,207.9808349609375,-169.76956176757812,-58.5100212097168,209.22868715552647,-170.2750454521046,-58.519350755075706,1.346378808240672,0.3420169748980047,0.06242139901184196,3.572409012359231e-05,7.012970433597502,9.944169483253841,nan,nan,nan
400.28000000000003,207.97215270996094,-169.76658630371094,-58.5112419128418,209.22045042568433,-170.27215635841108,-58.5217894627482,1.346833144119487,0.34207140925627677,0.062436056675450574,3.502533801648139e-05,7.755567182661297,10.950087196114547,nan,0.8243577286237019,nan
400.29,207.96348571777344,-169.763671875,-58.51243591308594,209.21221250779396,-170.26930842261677,-58.52313410146755,1.3472569783212953,0.3421259303235624,0.06245077849159876,3.573091103259351e-05,7.7850439085214465,10.755311698028688,nan,nan,nan
400.3,207.95481872558594,-169.7608184814453,-58.513607025146484,209.15877780733805,-170.24827450601654,-58.52398712415582,1.2989374861322747,0.34205157820308263,0.062443500342737816,3.5010820171604296e-05,7.337883543425251,9.24898756229749,17.373310342929198,0.17814191335633484,nan
400.31,207.94615173339844,-169.75802612304688,-58.5147590637207,209.15046588932054,-170.24551478951062,-58.52528150550355,1.2992799959462353,0.3421058606565918,0.062458251629121046,3.571589182180121e-05,7.362503365693657,9.18761258679531,nan,nan,nan
400.32,207.93748474121094,-169.75527954101562,-58.51588439941406,209.1421550210466,-170.2428342763813,-58.52799670564703,1.2996487260252627,0.3421602295869878,0.06247306636360761,3.5017644149022235e-05,8.453992922839667,10.338643827915941,nan,1.4688008405211523,nan
400.33,207.92881774902344,-169.75259399414062,-58.51698684692383,209.13384304030416,-170.2401862111214,-58.52926158500568,1.2999933814759925,0.34221468514054537,0.06248794539497542,3.5723093638472197e-05,8.48418798531284,10.351119802478758,nan,nan,nan
400.34000000000003,207.92015075683594,-169.7499542236328,-58.518070220947266,209.12553077668287,-170.2375835141801,-58.529939058116895,1.3003323369591298,0.34226922746041333,0.06250288819462288,3.5024651956198726e-05,8.290496844309612,10.110793632905544,nan,0.2260195539075523,nan
400.35,207.91146850585938,-169.74737548828125,-58.51913070678711,209.1412118846394,-170.2429924077024,-58.53100489848197,1.3259132343023907,0.3421947993723142,0.062495674813443085,3.5708437098686494e-05,8.402011100579342,10.927764466739793,5.500092220739333,nan,nan
400.36,207.90280151367188,-169.74484252929688,-58.52016830444336,209.13293834681127,-170.24050950441844,-58.53212480353066,1.3262976047414143,0.3422491028015907,0.06251064643427814,3.5010636036215685e-05,8.53910490943259,10.854220791634862,nan,0.0038329824911308118,nan
400.37,207.89413452148438,-169.7423553466797,-58.52118682861328,209.12466475028575,-170.2380786699501,-58.533297535725524,1.3266849386553639,0.3423034927680962,0.06252568250128634,3.5715960296410024e-05,8.564718606389679,10.853003536725423,nan,nan,nan
400.38,207.88546752929688,-169.73992919921875,-58.52218246459961,209.11639107884903,-170.23570027655234,-58.534627905744266,1.3270706970496622,0.3423579694160487,0.06254078260320586,3.501794376945805e-05,8.88370289494688,11.166787242188294,nan,0.022152368616690333,nan
400.39,207.87680053710938,-169.737548828125,-58.523162841796875,209.10811722198795,-170.2333683940031,-58.53576374101927,1.3274549344626079,0.34241253289005535,0.06255594741319451,3.5723642079469186e-05,8.907695991925472,11.121354891025227,nan,nan,nan
400.40000000000003,207.8681182861328,-169.73521423339844,-58.52412033081055,209.0969597642149,-170.2276229870006,-58.536250654952426,1.323882511268559,0.3423380291669118,0.06254879341557723,3.5004213710581796e-05,8.664597158643733,11.038215764605027,0.7955437553346103,0.26087574265362484,nan
400.41,207.8594512939453,-169.73292541503906,-58.52505874633789,209.0886798824707,-170.22537420026822,-58.53734294702585,1.3242581434555467,0.3423923534747016,0.06256398631614804,3.570940982437488e-05,8.689178924687575,10.829305245648547,nan,nan,nan
400.42,207.8507843017578,-169.73068237304688,-58.52598190307617,209.08039996316447,-170.22315783281027,-58.53730530388592,1.3246188027699113,0.3424467643780713,0.0625792435070086,3.5011771050153054e-05,8.127920667602414,10.213915197332291,nan,0.8726895986510884,nan
400.43,207.8421173095703,-169.72848510742188,-58.52688217163086,209.0721195882625,-170.22100039720232,-58.538351137885684,1.324993756001299,0.3425012620215874,0.06259456556310991,3.5717343540709745e-05,8.15084894925458,10.271154864956223,nan,nan,nan
400.44,207.83343505859375,-169.726318359375,-58.527767181396484,209.06383887580822,-170.218888144501,-58.53945998607591,1.3253887234755952,0.3425558465495568,0.06260995222034421,3.5019453562483955e-05,8.374721997653342,10.684307013947848,nan,0.004545573897765775,nan
400.45,207.82476806640625,-169.72421264648438,-58.52863311767578,209.03222802380435,-170.20632731287915,-58.54027400955075,1.3002036804425743,0.34248126752569596,0.06260285329030019,3.5703352166749186e-05,8.110550617986533,9.686072251487925,6.976130382165727,nan,nan
400.46000000000004,207.81610107421875,-169.72213745117188,-58.529483795166016,209.02390854186663,-170.20427589638228,-58.54081795677784,1.3005325149627531,0.34253561261355775,0.06261826733535933,3.500604975121408e-05,7.986895544004537,9.537928174889716,nan,0.1416956483032339,nan
400.47,207.80743408203125,-169.72012329101562,-58.53031539916992,209.015588540892,-170.20227101374127,-58.541789524754186,1.3008594384300523,0.34259004435534807,0.06263374640605134,3.571149204946709e-05,8.005986204297686,9.564677013891682,nan,nan,nan
400.48,207.7987518310547,-169.71812438964844,-58.531131744384766,209.00726990437957,-170.2002833076723,-58.54049748303259,1.301184411543283,0.3426445628946682,0.0626492903195369,3.5013924590172326e-05,6.8267019497903405,8.559914625276758,nan,3.565045509489981,nan
400.49,207.7900848388672,-169.7161865234375,-58.53192901611328,208.99894961754407,-170.19835908288596,-58.541415465085905,1.3015123598816478,0.34269916837717856,0.06266489952902894,3.571973767742632e-05,6.843059654690501,8.392562836717929,nan,nan,nan
400.5,207.78140258789062,-169.7142791748047,-58.53271484375,208.9673447064824,-170.18336495671082,-58.54123860163193,1.2753716453978743,0.34262451438640357,0.06265785046575614,3.500070559028424e-05,6.269489796595609,7.498094804100156,8.48542112843894,0.6156536677996647,nan
400.51,207.77273559570312,-169.71240234375,-58.53348159790039,208.95898378344967,-170.1814877883215,-58.5421145763137,1.2756568682671245,0.342678880156892,0.0626734862978232,3.5706012686187184e-05,6.282824253570274,7.357860328176528,nan,nan,nan
400.52,207.76406860351562,-169.7105712890625,-58.53423309326172,208.9506216147874,-170.17965706901683,-58.54393286736644,1.2759481192944897,0.34273333263717726,0.06268918720476946,3.50087345326443e-05,6.884961428884395,7.957467170710378,nan,0.646112594456175,nan
400.53000000000003,207.75538635253906,-169.70877075195312,-58.53497314453125,208.94225987295115,-170.17785437245385,-58.54478968530988,1.2762462775461172,0.34278787197415783,0.06270495357354414,3.57144138828181e-05,6.897686276527013,8.088240917079325,nan,nan,nan
400.54,207.74671936035156,-169.70701599121094,-58.53569412231445,208.93389909663108,-170.17607699839584,-58.544384594354646,1.2765145823680606,0.3428424983095261,0.06272078532071379,3.501684502282307e-05,6.358226490177223,7.422960969759215,nan,1.098650077756067,nan
400.55,207.738037109375,-169.7052764892578,-58.53640365600586,208.9361595026015,-170.16517363181754,-58.54531227071977,1.2833869308597128,0.34276776968857825,0.06271378154543718,3.5700839753037974e-05,6.665002107238857,7.932988367145133,17.390983609091936,nan,nan
400.56,207.7293701171875,-169.70358276367188,-58.5370979309082,208.9278085670094,-170.16342465916108,-58.545981625739095,1.2836620298554016,0.34282215604115834,0.06272963916237062,3.5003822302362666e-05,6.699252962172993,7.833979720258786,nan,0.013111059761152224,nan
400.57,207.72068786621094,-169.70193481445312,-58.53778076171875,208.91945708950306,-170.16171074092387,-58.54677295591541,1.283947979020523,0.34287662916346906,0.06274556240863821,3.570936218452355e-05,6.712038752578402,8.053226874058351,nan,nan,nan
400.58,207.71202087402344,-169.70030212402344,-58.53844451904297,208.9111070801231,-170.1600194251506,-58.54610867749324,1.2842143380054805,0.34293118919562815,0.06276155125400484,3.5012046079803984e-05,6.127879302503256,7.2482698733299324,nan,1.4691942679261458,nan
400.59000000000003,207.70333862304688,-169.69871520996094,-58.539100646972656,208.90275486203487,-170.15837196056458,-58.54686061393878,1.2845014051416672,0.3429858362869831,0.06277760600565177,3.5717951747331415e-05,6.139011947902464,7.433895375462211,nan,nan,nan
400.6,207.6946563720703,-169.69715881347656,-58.53974151611328,208.87834170503677,-170.15423691813672,-58.549063759643914,1.2689043563106277,0.34291103336746775,0.06277064243283918,3.4999134792790754e-05,6.772313442712111,7.842890301322281,2.631759863094825,1.5359811494896953,nan
400.61,207.6859893798828,-169.69561767578125,-58.540367126464844,208.86996408271727,-170.15266003570355,-58.549806247338566,1.2691622877781092,0.34296544020762604,0.06278672225392967,3.5704529249842217e-05,6.786703117524981,7.667620056249254,nan,nan,nan
400.62,207.67730712890625,-169.69412231445312,-58.540985107421875,208.86158818169287,-170.15110477596454,-58.54915307348911,1.269417700281544,0.34301993386841834,0.06280286788672149,3.500744354442506e-05,6.19947231990586,7.232248518200152,nan,1.3521539229209278,nan
400.63,207.6686248779297,-169.69265747070312,-58.541587829589844,208.85320975772052,-170.14958860960624,-58.54985872357617,1.2696833506097867,0.3430745145009593,0.06281907959658393,3.5713204904420825e-05,6.211597019776641,7.260005739524323,nan,nan,nan
400.64,207.6599578857422,-169.6912078857422,-58.542179107666016,208.8448363939095,-170.14808229298947,-58.547252742121316,1.2699200938960478,0.3431291822426257,0.06283535741609615,3.5015802571504076e-05,5.033287119830186,5.869599073652626,nan,7.684281067871874,nan
400.65000000000003,207.65127563476562,-169.68980407714844,-58.542755126953125,208.8093392080939,-170.14103251276546,-58.547897728204056,1.242877623632689,0.3430543053659146,0.06282842928616365,3.5699869176328463e-05,4.790922389074106,5.532697837836035,6.4926618292715075,nan,nan
400.66,207.64259338378906,-169.68841552734375,-58.5433235168457,208.8009144688663,-170.13961848055413,-58.550197998682854,1.2431166878538797,0.34310873258887625,0.06284473137565444,3.500299493616859e-05,5.401928458732238,6.065810140324642,nan,1.9466123682506773,nan
400.67,207.6339111328125,-169.68707275390625,-58.543880462646484,208.79249218001831,-170.1382230620014,-58.550843862426454,1.2433403123744386,0.3431632466955654,0.06286109971336987,3.5708605820839896e-05,5.411568720951495,6.130146672400457,nan,nan,nan
400.68,207.62522888183594,-169.68572998046875,-58.54442596435547,208.78407496001108,-170.136840162635,-58.54857708094698,1.2435601558127114,0.3432178478215267,0.06287753436397445,3.501141142738331e-05,4.547393787600909,5.187538426448781,nan,5.943598235471022,nan
400.69,207.61656188964844,-169.68443298339844,-58.544960021972656,208.77565201451705,-170.13549873585723,-58.549173500137954,1.2437716767990006,0.3432725361207287,0.06289403554467157,3.5717382504836165e-05,4.553856964071476,5.117225560349649,nan,nan,nan
400.7,207.60787963867188,-169.6831512451172,-58.54548263549805,208.73382427341824,-170.12265701598278,-58.55276457443288,1.2087057829649557,0.3431975856147371,0.06288713783760046,3.4998664112704445e-05,5.330154855570321,5.694112850518315,8.768664917683216,6.219784994428827,nan
400.71000000000004,207.5991973876953,-169.68191528320312,-58.545997619628906,208.72534663467633,-170.12135488121615,-58.55337210586645,1.2088728923360896,0.34325203313019226,0.06290366245274552,3.570411840452582e-05,5.339587045909888,5.752865061977343,nan,nan,nan
400.72,207.59051513671875,-169.68067932128906,-58.54650115966797,208.7252563080873,-170.11852856575342,-58.550906204353126,1.2162930943220671,0.3394969279085056,0.06279221035579743,3.500644988367564e-05,4.745341629699379,5.078946197505403,nan,6.641959064686279,0.018439634887859806
400.73,207.5818328857422,-169.67947387695312,-58.546993255615234,208.71678200826514,-170.117268211292,-58.55146458126683,1.2164675838870154,0.3395480178637358,0.06280751622941597,3.5712249767763525e-05,4.752675680458109,5.111557640982561,nan,nan,nan
400.74,207.57315063476562,-169.67819213867188,-58.54758071899414,208.7082806091861,-170.11598436205603,-58.55263478531632,1.2166378398150506,0.3395991902850878,0.06282288162104664,3.501495401682729e-05,4.923109002383059,5.29392983025175,nan,0.22858482415680495,nan
400.75,207.56446838378906,-169.67681884765625,-58.54825973510742,208.7228216667658,-170.12413777254628,-58.553360730241906,1.2417336948392521,0.3395328463578381,0.06281560601750011,3.5699051696697804e-05,5.083073569978306,5.6502496492163345,4.6656360146975615,nan,nan
400.76,207.5557861328125,-169.6753692626953,-58.54903030395508,208.71440527453473,-170.12268854180334,-58.553702458697686,1.241980145596867,0.33958379926125953,0.0628309916815289,3.500226915066981e-05,4.9788701525215835,5.557926247606941,nan,0.144106826284364,nan
400.77,207.54710388183594,-169.673828125,-58.549888610839844,208.7059677146138,-170.1211615260411,-58.55458315810869,1.2422135860558123,0.3396348405567403,0.06284643736213116,3.570790912491997e-05,4.973253626064055,5.56631431796336,nan,nan,nan
400.78000000000003,207.53842163085938,-169.67221069335938,-58.550838470458984,208.69748681103394,-170.1195629027309,-58.55650244663067,1.2424122390530286,0.33968596442595084,0.06286194284453148,3.5010792830772034e-05,5.273312398094297,5.858330508440809,nan,0.6336555207892296,nan
400.79,207.5297393798828,-169.67051696777344,-58.551876068115234,208.68904863543986,-170.1178727913881,-58.557573402586016,1.242641397412084,0.3397371768926116,0.06287750861758644,3.571678831702742e-05,5.26684721282365,5.868001382504158,nan,nan,nan
400.8,207.5210418701172,-169.66873168945312,-58.553001403808594,208.69471179360633,-170.12239448676647,-58.55726347995539,1.2583040921264854,0.3396707412594597,0.06287027707023363,3.4998134057705305e-05,4.967678304392843,5.841286492210224,1.9097315419905962,1.6035938993708045,nan
400.81,207.51235961914062,-169.66688537597656,-58.5542106628418,208.6862962693617,-170.12055679044164,-58.55849635420635,1.2585560687492128,0.3397217338566826,0.06288586264733484,3.5703608245902525e-05,4.964381532386132,5.771553478307095,nan,nan,nan
400.82,207.50367736816406,-169.66494750976562,-58.55550765991211,208.6778472682099,-170.11864849951684,-58.560571853460374,1.2587871894530653,0.33977280913358276,0.06290150830253487,3.5006662825319374e-05,5.183567456007032,5.9354247351779765,nan,0.40350393880491964,nan
400.83,207.4949951171875,-169.66293334960938,-58.556888580322266,208.66943165390146,-170.11665531489888,-58.56198462304072,1.2590435934494986,0.3398239727557903,0.06291721446852985,3.571249380983974e-05,5.179178409072486,5.944792379823819,nan,nan,nan
400.84000000000003,207.48631286621094,-169.6608428955078,-58.558353424072266,208.6610648108535,-170.11457484044868,-58.56236365711043,1.2593374810869145,0.33987521943016913,0.06293298101404816,3.501520637253788e-05,4.9123067998988095,5.674976155260156,nan,0.8826319748275381,nan
400.85,207.47763061523438,-169.65867614746094,-58.559898376464844,208.6294337970531,-170.10200289426743,-58.563965000488764,1.2341822035310432,0.339808697852141,0.06292579011148922,3.5699328576519635e-05,4.776182143762886,5.347991453914287,5.090782763147756,nan,nan
400.86,207.4689483642578,-169.6564483642578,-58.561527252197266,208.62093273599845,-170.09977422139752,-58.56673145073396,1.234355253574004,0.3398597244944616,0.06294157599786747,3.500254711611578e-05,5.087783671974149,5.670578798117226,nan,0.8742292359357914,nan
400.87,207.46026611328125,-169.6541290283203,-58.563236236572266,208.61247939186825,-170.09746156709943,-58.56847811949206,1.234571446546972,0.3399108392314963,0.06295742261488962,3.570820803779539e-05,5.08421262560787,5.6320887282342795,nan,nan,nan
400.88,207.45156860351562,-169.65174865722656,-58.56502151489258,208.60401343765898,-170.09507860749213,-58.570608132028504,1.2347881400617642,0.33996203712265,0.0629733298789838,3.501108646316944e-05,5.207343542495813,5.940197462219611,nan,0.06459530676391449,nan
400.89,207.44288635253906,-169.6492919921875,-58.56688690185547,208.59556023988213,-170.09262085565254,-58.57251851560358,1.235001735552302,0.34001332331519635,0.06298929815193702,3.571709799921292e-05,5.2047072294704275,5.799746477038087,nan,nan,nan
400.90000000000003,207.4342041015625,-169.64675903320312,-58.568809509277344,208.57865480235762,-170.07822325698876,-58.573628225966864,1.2230911670795093,0.33994671058817727,0.06298214385829562,3.4998432487679485e-05,5.121463132269577,5.685598163463477,12.166888027289136,0.6796699215759483,nan
400.91,207.42552185058594,-169.6441650390625,-58.570735931396484,208.57019012320393,-170.07557994546715,-58.57563129477959,1.2232776628341768,0.33999777639851,0.06299813096079826,3.5703918100306615e-05,5.130702773707956,5.815769632856637,nan,nan,nan
400.92,207.41683959960938,-169.64151000976562,-58.57265090942383,208.56178897823366,-170.07285447609007,-58.576069756991345,1.2235108568212865,0.3400489254603509,0.06301417897116171,3.5006957753316295e-05,4.795109879529275,5.464335820553882,nan,1.722331199535798,nan
400.93,207.4081573486328,-169.63876342773438,-58.57453918457031,208.55332476766458,-170.07007230588908,-58.57803489426128,1.2237025725122876,0.34010016257724063,0.06303028821108966,3.5712795600996155e-05,4.804535621798328,5.366344175112747,nan,nan,nan
400.94,207.39947509765625,-169.63597106933594,-58.576393127441406,208.5449079658508,-170.067213039761,-58.57878917488909,1.2239247663315898,0.34015148331468703,0.06304645865664914,3.5015489627466e-05,4.628035574562456,5.342034476742751,nan,0.9868891594153928,nan
400.95,207.3907928466797,-169.6331024169922,-58.578216552734375,208.53162088379406,-170.06095921756304,-58.58065873412103,1.2184235783629955,0.3400847843291806,0.06303933733813072,3.5699614347309866e-05,4.637588811773581,5.236277443430976,0.5576611380385014,nan,nan
400.96000000000004,207.38211059570312,-169.63015747070312,-58.58000183105469,208.52310661392912,-170.05797354906423,-58.58362658985569,1.2185695094610753,0.3401358845139532,0.06305552609941115,3.500281164472817e-05,4.8471840649052345,5.452683669633978,nan,0.8672196157254333,nan
400.97,207.37342834472656,-169.62716674804688,-58.581756591796875,208.51463592441726,-170.0549142629478,-58.585463364348904,1.2187437862857669,0.3401870725114972,0.0630717763099966,3.570847096787941e-05,4.858411996236711,5.50353585775072,nan,nan,nan
400.98,207.36474609375,-169.6240997314453,-58.583473205566406,208.50618372974046,-170.05178671760586,-58.586792936533236,1.2189368546402517,0.34023834421929094,0.06308808797926672,3.501132601057446e-05,4.789905480033889,5.423595232416722,nan,0.15817001830059385,nan
400.99,207.35606384277344,-169.6209716796875,-58.58515548706055,208.49771372548864,-170.04859800534112,-58.588557797973294,1.219114557707844,0.34028970395115077,0.06310446137937402,3.5717331935439615e-05,4.800814518141739,5.455440332602705,nan,nan,nan
401.0,207.34738159179688,-169.61776733398438,-58.58680725097656,208.52107209356123,-170.05510236280372,-58.5903754712929,1.2525270669971604,0.3402229143482912,0.06309736900307376,3.4998642167839845e-05,5.15776742518757,5.989852994275872,9.371392158375471,0.019174790561824213,nan
401.01,207.3386993408203,-169.61451721191406,-58.58842086791992,208.51265643831618,-170.05179265872718,-58.592074958118,1.252756335255073,0.34027405318204146,0.06311376016501351,3.5704118481356984e-05,5.17035795135022,6.183610996336363,nan,nan,nan
401.02,207.3300323486328,-169.61123657226562,-58.59000778198242,208.50426593546362,-170.0484318829437,-58.593081215978295,1.2529859145724564,0.34032527580920635,0.06313021303258358,3.500713242622618e-05,5.068800163132533,5.871312115782692,nan,0.30899223998084496,nan
401.03000000000003,207.32135009765625,-169.6079559326172,-58.59156036376953,208.49585166224645,-170.04506773731055,-58.594711526162534,1.253208117134398,0.3403765862255666,0.06314672785064404,3.5712957346799816e-05,5.080088511646312,5.96423847328828,nan,nan,nan
401.04,207.3126678466797,-169.604736328125,-58.593082427978516,208.4874423532213,-170.04173168191195,-58.59618265878685,1.2534231894625747,0.34042798079828557,0.06316330466921653,3.501562526717994e-05,5.080498806577036,6.073440812164814,nan,0.011721411317419187,nan
401.05,207.30398559570312,-169.6015625,-58.594573974609375,208.5184744722083,-170.05062886179869,-58.59771874080523,1.2948566399445012,0.3403611046475195,0.06315623742578456,3.5699734798562584e-05,5.492664499572994,6.998911899004776,13.895712046613955,nan,nan
401.06,207.29531860351562,-169.5984344482422,-58.59603500366211,208.51011829533363,-170.04740336611508,-58.5995163216021,1.2951152458494433,0.3404122781418018,0.06317283144382509,3.500290611745911e-05,5.5663098710045595,6.856040284319922,nan,0.0471087527497132,nan
401.07,207.28663635253906,-169.5953826904297,-58.597469329833984,208.50177157368978,-170.04423446839988,-58.60102956087151,1.2953895937180617,0.340463539196112,0.06318948763045258,3.570854598109776e-05,5.58029128766757,7.091336009589861,nan,nan,nan
401.08,207.2779541015625,-169.59237670898438,-58.598873138427734,208.49344141501177,-170.04112261401775,-58.602041304665434,1.2956821885468928,0.3405148844798564,0.06320620605770481,3.501137553148759e-05,5.516848195847221,6.970769303128943,nan,0.15809453929613904,nan
401.09000000000003,207.26927185058594,-169.5894317626953,-58.600250244140625,208.485095001558,-170.03807232799406,-58.60349423269687,1.2959609618861794,0.3405663175417768,0.06322298693766966,3.57173589502232e-05,5.529665562616665,6.97226250526103,nan,nan,nan
401.1,207.26060485839844,-169.5865478515625,-58.601600646972656,208.49150028160346,-170.04647876212965,-58.60445493689557,1.3140198371155498,0.3404993512695347,0.06321594077625871,3.499864611899511e-05,5.429892130173146,6.887903106130963,6.885839818076321,0.089166693946204,nan
401.11,207.25192260742188,-169.58372497558594,-58.60292053222656,208.4831771868803,-170.0435775465798,-58.60584935833075,1.3143290320575678,0.3405505629145394,0.06323273825975105,3.5704097220675896e-05,5.441923803087661,7.1651596514127744,nan,nan,nan
401.12,207.2432403564453,-169.58094787597656,-58.604217529296875,208.47489894793677,-170.04072722498455,-58.60586978673953,1.3146796817946091,0.3406018588543611,0.06324959821844782,3.50070877426477e-05,5.283894711590489,6.909583656840133,nan,1.2833551228270401,nan
401.13,207.2345733642578,-169.57823181152344,-58.60548782348633,208.46657591225926,-170.0379382301178,-58.60720018939831,1.3149765023664557,0.34065324235253147,0.06326652084704512,3.5712884787890245e-05,5.292108329547394,6.768399659356566,nan,nan,nan
401.14,207.22589111328125,-169.57557678222656,-58.60673141479492,208.45828550235947,-170.03519979505012,-58.60749698107746,1.3153135862752359,0.3407047105007038,0.0632835062435081,3.501553076007354e-05,5.231282633446488,6.938717817977805,nan,0.7183922539725288,nan
401.15000000000003,207.21722412109375,-169.57296752929688,-58.60795211791992,208.47115228280654,-170.0389798173389,-58.60893122795388,1.3377235312272326,0.3406376574280586,0.06327647721828816,3.5699611951833504e-05,5.471520420953584,7.363970407554795,5.191440894203505,nan,nan
401.16,207.2085418701172,-169.57041931152344,-58.60914611816406,208.462810341339,-170.03636118928353,-58.611890971253764,1.3380204653032042,0.34068890396806817,0.06329347860942203,3.500276303504289e-05,5.66503807455479,7.853659831024082,nan,2.0602614755967656,nan
401.17,207.19985961914062,-169.56790161132812,-58.61031723022461,208.45452270969315,-170.0337878758561,-58.61313665977258,1.33837118597705,0.34074023785319335,0.06331054288558093,3.5708370408762755e-05,5.6769014810104625,7.786361880698962,nan,nan,nan
401.18,207.19119262695312,-169.56546020507812,-58.61146545410156,208.44619051298562,-170.03126954624645,-58.615796361155056,1.3386623147835357,0.34079165644232257,0.06332767015813666,3.501118165616854e-05,5.994956168829567,7.964957333312305,nan,1.4561934400962757,nan
401.19,207.18251037597656,-169.56304931640625,-58.61259078979492,208.43790257063566,-170.02879578323987,-58.61701161962917,1.3390104097860493,0.34084316260286984,0.06334486060181016,3.571713047511408e-05,6.011056853099199,8.109977478115425,nan,nan,nan
401.2,207.173828125,-169.56068420410156,-58.61369323730469,208.4171886845293,-170.02333673454214,-58.62017748875901,1.3266630659036944,0.3407760198631466,0.06333784463012929,3.499840368326116e-05,6.522962983838708,8.396478106650374,1.5606758382560242,2.685758538712108,nan
401.21000000000004,207.1651611328125,-169.55838012695312,-58.61477279663086,208.40887956718043,-170.02095987610085,-58.621369542651856,1.326973656621058,0.3408273040852833,0.06335505043115178,3.57038184066261e-05,6.544683012690457,8.276740941510463,nan,nan,nan
401.22,207.15647888183594,-169.5561065673828,-58.6158332824707,208.40053343934582,-170.01863297430228,-58.6237929384181,1.327277580343217,0.34087867305722847,0.06337231945206455,3.50067949631048e-05,7.139733862721873,8.960938994109304,nan,1.1066099557083446,nan
401.23,207.14779663085938,-169.55389404296875,-58.61687088012695,208.39222431959877,-170.01634838442916,-58.62495643113434,1.3276029777655463,0.3409301293976202,0.063389651857614,3.571255387007787e-05,7.164998219731459,9.060021417385938,nan,nan,nan
401.24,207.13912963867188,-169.5517120361328,-58.617889404296875,208.38392507784263,-170.0141077477998,-58.62576037366807,1.3279259887912407,0.34098167083442416,0.06340704777406551,3.501518826011554e-05,7.107436456145317,8.73065640475456,nan,0.08144909932025081,nan
401.25,207.1304473876953,-169.54959106445312,-58.6188850402832,208.36851621431114,-170.00762787319573,-58.62688639765239,1.3201046016588072,0.34091444108653957,0.06340004080588311,3.569923228913098e-05,7.125648827566582,8.931547136890497,0.75613891165574,nan,nan
401.26,207.12176513671875,-169.54750061035156,-58.61986541748047,208.36017367696516,-170.00546607909166,-58.6287664788276,1.320404222958519,0.3409657603824971,0.06341745142630964,3.5002374203201345e-05,7.6000364452553,9.261277061253725,nan,0.4276110640733122,nan
401.27,207.11309814453125,-169.5454559326172,-58.62082290649414,208.3518530451701,-170.00334478663206,-58.62985746794828,1.3207034223429786,0.3410171668508169,0.06343492564240605,3.570794057226588e-05,7.62637863301771,9.167109418413334,nan,nan,nan
401.28000000000003,207.1044158935547,-169.54344177246094,-58.621761322021484,208.34356582117442,-170.00126247063864,-58.62970899796338,1.321043337802658,0.34106865844956336,0.0634524635875162,3.501074519583604e-05,7.1486759832808975,8.826251168588747,nan,1.0524474689143393,nan
401.29,207.09573364257812,-169.54147338867188,-58.6226806640625,208.3352447886145,-169.99922280354767,-58.63075160597447,1.3213582209495107,0.3411202374556693,0.06347006541582643,3.5716651739464475e-05,7.172415884019328,8.854677318240135,nan,nan,nan
401.3,207.08705139160156,-169.53955078125,-58.62358093261719,208.3468046930755,-169.9990627076315,-58.63288687205611,1.3409758355653552,0.3410529184517894,0.06346306332883472,3.4997923550047274e-05,8.171966009079418,10.295854635140897,6.516305560975099,0.908449632712779,nan
401.31,207.07838439941406,-169.53765869140625,-58.62446594238281,208.33851774554935,-169.99708775792607,-58.63390560314522,1.3413054180166069,0.34110427499553175,0.06348067918322718,3.570329503225037e-05,8.197981055485023,10.012947517462752,nan,nan,nan
401.32,207.0697021484375,-169.5358123779297,-58.62533187866211,208.33022200346232,-169.99515131587822,-58.63524404322842,1.3416410905431744,0.34115571669552336,0.06349835898012529,3.500627009617289e-05,8.514110020836407,10.578915142535083,nan,0.07999326976856186,nan
401.33,207.06101989746094,-169.53399658203125,-58.62617874145508,208.32193486821726,-169.9932517179668,-58.63623269386304,1.3419846963805586,0.3412072456171814,0.06351610286907569,3.5711984790303684e-05,8.542906201020068,10.593107421695558,nan,nan,nan
401.34000000000003,207.05233764648438,-169.53221130371094,-58.62701416015625,208.31367518859733,-169.9913872972195,-58.6361134010909,1.3423478626435483,0.3412588600329439,0.06353391099036992,3.501462032015958e-05,8.081820080171038,9.99823133704265,nan,0.840985436445656,nan
401.35,207.0436553955078,-169.5304718017578,-58.62782669067383,208.3075499374875,-169.98602797732667,-58.63695699328843,1.3435193354659198,0.3411914538616884,0.06352690965674976,3.569862218051744e-05,8.223116893217034,10.351087747834603,2.4868244420594037,nan,nan
401.36,207.0349884033203,-169.5287628173828,-58.62862777709961,208.29929202610404,-169.98421742774573,-58.63686288665256,1.3438639699442239,0.34124284560178836,0.06354473110813885,3.5001767755201576e-05,7.830652640368387,9.63006332344453,nan,0.7383264974672565,nan
401.37,207.02630615234375,-169.52708435058594,-58.62940979003906,208.29100855467894,-169.9824419776086,-58.63776627672823,1.344207039793311,0.34129432438458984,0.06356261685760554,3.5707288535504946e-05,7.854122329136416,9.883254936365978,nan,nan,nan
401.38,207.0176239013672,-169.52545166015625,-58.63017654418945,208.28272930738575,-169.980700037926,-58.63846435216791,1.344548794785994,0.3413458886757842,0.06358056704808028,3.5010099420997793e-05,7.866147479621472,9.939339597231044,nan,0.025642540836536547,nan
401.39,207.00894165039062,-169.52383422851562,-58.63092803955078,208.27444507942775,-169.97899116134064,-58.63933664883268,1.3448931062034097,0.34139754025332875,0.06359858182516363,3.571595981061401e-05,7.888947930243397,9.851725836636199,nan,nan,nan
401.40000000000003,207.00025939941406,-169.5222625732422,-58.63166809082031,208.26866625242235,-169.97455812490574,-58.63925485724435,1.3466568864554165,0.34133004519499216,0.06359157708008695,3.499724326661664e-05,7.714449023084878,9.767485981728184,2.095047161662695,0.4698550889619281,nan
401.41,206.9915771484375,-169.52072143554688,-58.632389068603516,208.26038658502128,-169.97289913851543,-58.64008870250009,1.3469971587899172,0.3413814737839997,0.06360960446974293,3.570256829794458e-05,7.736301767675139,9.83412372121273,nan,nan,nan
401.42,206.98289489746094,-169.51919555664062,-58.63309860229492,208.2520857171369,-169.97127133557467,-58.64183310064896,1.3473285189997577,0.34143298788787374,0.06362769650479662,3.500555459024518e-05,8.260633185755445,10.211803231774969,nan,0.6028709035543228,nan
401.43,206.97421264648438,-169.51771545410156,-58.6337890625,208.2438055452224,-169.9696738525825,-58.64264931783588,1.3476687377126695,0.3414845891090722,0.06364585332984264,3.571122250882458e-05,8.28545995620233,10.382789695414635,nan,nan,nan
401.44,206.9655303955078,-169.51626586914062,-58.63447189331055,208.23557519710664,-169.9681063831077,-58.641175510751694,1.3480425017843631,0.3415362761745603,0.0636640750893371,3.5013871727642895e-05,7.37651879061655,9.366760857425225,nan,3.658784364216714,nan
401.45,206.95684814453125,-169.5148468017578,-58.635135650634766,208.2152575615036,-169.96585433720017,-58.641987365073156,1.3368055220342274,0.3414686938388869,0.06365706274873895,3.569782957605345e-05,7.182513572637332,9.016758164416464,2.5897749701494597,nan,nan
401.46000000000004,206.9481658935547,-169.51344299316406,-58.63579177856445,208.20696852505796,-169.9643544471519,-58.64212586362756,1.3371407274668463,0.34152015769242167,0.06367529638403972,3.500099110151575e-05,7.018481199902157,8.691090398096522,nan,0.2693628413271602,nan
401.47,206.93948364257812,-169.51206970214844,-58.63642883300781,208.19866591240066,-169.9628825855169,-58.64286357049255,1.3374653828390854,0.34157170850050567,0.06369359500962393,3.570646492642613e-05,7.0366702821253355,8.79352163423005,nan,nan,nan
401.48,206.93080139160156,-169.51072692871094,-58.63705825805664,208.19037454749923,-169.96143853730777,-58.643028931797566,1.3377971214376567,0.34162334514854226,0.06371195876966813,3.500929407794998e-05,6.900231201586827,8.581706253637615,nan,0.2215770859461365,nan
401.49,206.922119140625,-169.50941467285156,-58.637672424316406,208.18207128439195,-169.96002110277078,-58.64373743483544,1.338118957200771,0.341675069002965,0.06373038780917734,3.57151075055118e-05,6.916903191626393,8.649081841220273,nan,nan,nan
401.5,206.91342163085938,-169.5081329345703,-58.638275146484375,208.15898807543292,-169.94868243697067,-58.64406541873135,1.3211938386041122,0.3416073981102437,0.06372336366685792,3.499641428839444e-05,6.877451497511098,8.606021503896828,4.515765231687925,0.045849643025667304,nan
401.51,206.9047393798828,-169.50686645507812,-58.63886642456055,208.15066101332127,-169.9472921343327,-58.64474652290564,1.321487824829788,0.3416588984479777,0.06374180382608262,3.570169257849414e-05,6.892901468356781,8.342428365359146,nan,nan,nan
401.52,206.89605712890625,-169.50563049316406,-58.63944625854492,208.14233692875092,-169.94592739525513,-58.64524886507537,1.3217822709260438,0.34171048461413733,0.06376030931578315,3.500470137329889e-05,6.891481788318147,8.354404780225101,nan,0.019882004645585528,nan
401.53000000000003,206.8873748779297,-169.50440979003906,-58.640010833740234,208.13400903284477,-169.94458746456397,-58.64590671650149,1.3220771016792234,0.34176215783299985,0.06377888028224275,3.571032272585159e-05,6.907816467215854,8.36101030444073,nan,nan,nan
401.54,206.87869262695312,-169.50323486328125,-58.640567779541016,208.12568330455218,-169.94327202764399,-58.6464159241166,1.3223663096261684,0.3418139172019264,0.0637975168677457,3.501299649585574e-05,6.916690488909345,8.441880652152653,nan,0.013507683920339133,nan
401.55,206.8699951171875,-169.50205993652344,-58.64111328125,208.0821904332941,-169.931475708349,-58.646994682610284,1.286020987529091,0.34174615896962507,0.06379047670090782,3.5696910955215386e-05,6.525092422132107,7.558892396020297,10.859553320332067,nan,nan
401.56,206.86131286621094,-169.50091552734375,-58.64164733886719,208.07384072129463,-169.93020333827772,-58.645535087436954,1.2862841593362186,0.3417976945893449,0.06380912363034993,3.500009883647253e-05,5.991885920280591,6.9187332536945565,nan,3.068336032483926,nan
401.57,206.85263061523438,-169.4998016357422,-58.64216995239258,208.0654523678805,-169.92895173481276,-58.6461294866922,1.2865154834419184,0.34184931711365446,0.06382783623055498,3.570552681640568e-05,6.003321009141999,6.978373563907054,nan,nan,nan
401.58,206.84393310546875,-169.4987030029297,-58.64268493652344,208.0570927911467,-169.92772474083517,-58.64506225778881,1.2867873663531335,0.3419010257667113,0.06384661464179685,3.500838417066411e-05,5.729904725518138,6.758244172489776,nan,1.9257987962339838,nan
401.59000000000003,206.8352508544922,-169.4976348876953,-58.643184661865234,208.04870350444466,-169.92651758140062,-58.64562079985169,1.2870173399783256,0.3419528215836436,0.06386545901336156,3.571415216128918e-05,5.738820486756425,6.74267833327765,nan,nan,nan
401.6,206.82656860351562,-169.49658203125,-58.643680572509766,208.04793471771876,-169.93476207108583,-58.648726198857894,1.2975987016714527,0.34188497509013605,0.06385839857869748,3.499549159883062e-05,6.165075428046172,7.089963390872069,4.614013906542352,4.6599545056365255,nan
401.61,206.81787109375,-169.49554443359375,-58.644161224365234,208.0395554797117,-169.93362766404877,-58.64929218547936,1.2978659339355891,0.34193654686049524,0.06387725250070844,3.570072504611742e-05,6.178533155392718,7.306070383254493,nan,nan,nan
401.62,206.80918884277344,-169.4944305419922,-58.644737243652344,208.03118391169957,-169.93246095206456,-58.64941827250025,1.2981388603146553,0.3419882047318639,0.06389617242197419,3.500376527342754e-05,6.068938693701726,7.0621189163192115,nan,0.16450931175523395,nan
401.63,206.8004913330078,-169.49322509765625,-58.645408630371094,208.0228039885191,-169.9312066731467,-58.65011617450508,1.2984214451648188,0.3420399496270026,0.06391515849430779,3.5709342318709545e-05,6.065523130693893,7.143346964315855,nan,nan,nan
401.64,206.79180908203125,-169.49192810058594,-58.64616775512695,208.01442360457773,-169.92986653105882,-58.65090707039495,1.2986911875945784,0.3420917813013862,0.06393421085853356,3.642922899620182e-05,6.062984489723172,7.035416557693007,nan,nan,nan
401.65000000000003,206.7831268310547,-169.4905548095703,-58.64701843261719,208.04382475790052,-169.93664113280502,-58.65182742045893,1.3373015355163969,0.34202384745025377,0.0639271259087696,3.7139728394677234e-05,6.590974153225979,8.172284948205672,14.290985072870564,nan,nan
401.66,206.77442932128906,-169.4890899658203,-58.64795684814453,208.0355018999171,-169.9351271103965,-58.653186351681,1.3376399106697257,0.34207545444646004,0.06394618700563884,3.6357175012902314e-05,6.723333437947471,8.486005777135295,nan,0.09665836894591061,nan
401.67,206.7657470703125,-169.487548828125,-58.64898681640625,208.0271846618146,-169.93353096716777,-58.65425415310048,1.3379658480079515,0.3421271483589014,0.06396531444126116,3.708922601402521e-05,6.721909396031958,8.261204341641086,nan,nan,nan
401.68,206.75704956054688,-169.48593139648438,-58.65010070800781,208.01887797974246,-169.93185451313843,-58.654697296795135,1.3383121885735654,0.34217892862544774,0.06398450834856316,3.6309401163137276e-05,6.55896189086352,8.374403613410381,nan,0.33333836845143616,nan
401.69,206.74835205078125,-169.48422241210938,-58.651302337646484,208.0105606103778,-169.93009572367112,-58.655934509560815,1.338654143122299,0.3422307960715238,0.06400376888434815,3.7040157871892416e-05,6.559179130493986,8.307181174691461,nan,nan,nan
401.7,206.7396697998047,-169.48243713378906,-58.652591705322266,207.9791847820569,-169.92544497574104,-58.657675327110624,1.3163127221405835,0.3421627742035236,0.0639966551453364,3.624038851974044e-05,6.316032869849393,7.498248861304386,6.881688582974816,0.09553819357728043,nan
401.71000000000004,206.73097229003906,-169.48057556152344,-58.653961181640625,207.97082732103044,-169.923537834924,-58.65908976721311,1.316617778977936,0.3422144170716442,0.06401592358885576,3.696900487187918e-05,6.31661676551821,7.753922194317807,nan,nan,nan
401.72,206.7222900390625,-169.4786376953125,-58.655418395996094,207.96248989355482,-169.92155547654502,-58.65914533357215,1.3169228261665158,0.34226614625640733,0.06403525868493963,3.619546508176096e-05,5.9908610156790045,7.194134985700066,nan,1.3742697540951703,nan
401.73,206.71359252929688,-169.47662353515625,-58.65695571899414,207.95413264692885,-169.91949239133706,-58.66071404286129,1.3172269099238576,0.3423179624877158,0.06405466059336248,3.6922934737913004e-05,5.991965019751945,7.4126197975543535,nan,nan,nan
401.74,206.7049102783203,-169.4745330810547,-58.658573150634766,207.9449281089278,-169.91841529191612,-58.66343504279211,1.3170798287647851,0.34188540556353286,0.06328312671798447,3.615089758040447e-05,6.791446968951772,8.090015920431926,nan,0.7575839470996599,0.0014334316764037479
401.75,206.6962127685547,-169.4723663330078,-58.66027069091797,207.94763209049296,-169.91703643952272,-58.665206819654465,1.3280836526045057,0.3418188225407411,0.06327581234720915,3.685392870677289e-05,7.057113365888318,8.76369082754295,2.9455713910537242,nan,nan
401.76,206.68753051757812,-169.47012329101562,-58.662052154541016,207.93936117294007,-169.91469262618278,-58.66496984056738,1.3284315550176564,0.3418693720366103,0.0632918978180353,3.60864887433731e-05,6.634744514187156,8.068511538329899,nan,2.8234388307766336,nan
401.77,206.6788330078125,-169.46780395507812,-58.663909912109375,207.93102353404964,-169.91232115343993,-58.66685548080574,1.3287532991539213,0.341920008462228,0.06330804378468403,3.6810930544289297e-05,6.637687793967442,8.294703480175146,nan,nan,nan
401.78000000000003,206.67015075683594,-169.46542358398438,-58.66582107543945,207.92264294447082,-169.9099067380826,-58.670174170458466,1.329030061285215,0.34197072888821695,0.06332424890295528,3.6045933234989766e-05,6.930978687512032,8.522074369269802,nan,1.238465200673265,nan
401.79,206.6614532470703,-169.4629669189453,-58.66774368286133,207.9143057911049,-169.90739020037398,-58.6721748257926,1.3293499107448958,0.34202153645307354,0.06334051477463105,3.676942702171384e-05,6.9427923219838945,8.628707680209834,nan,nan,nan
401.8,206.65277099609375,-169.46043395996094,-58.66965103149414,207.88978456013817,-169.89764455556394,-58.674961531718786,1.3120151919661767,0.341954876348577,0.0633332315135736,3.59846166419606e-05,7.102377209439628,8.36854171794295,2.844186269672035,0.5338234032542134,nan
401.81,206.64407348632812,-169.45782470703125,-58.671531677246094,207.88142168766865,-169.89497367581225,-58.67694708093964,1.312310603044907,0.34200546505353624,0.06334951354969581,3.670632116183018e-05,7.120503737686092,8.519148882724785,nan,nan,nan
401.82,206.63539123535156,-169.4551544189453,-58.67338180541992,207.87308048857332,-169.89221795347984,-58.67818537732588,1.312601346587573,0.34205613784254413,0.06336585505054959,3.594697140526335e-05,6.96629925398983,8.213450023931648,nan,0.3459419051726572,nan
401.83,206.62669372558594,-169.45242309570312,-58.675193786621094,207.86471819117745,-169.88940850779258,-58.680104107948765,1.3128918230523303,0.342106897540721,0.0633822574899014,3.66678565280342e-05,6.985560541147468,8.521003910551471,nan,nan,nan
401.84000000000003,206.61801147460938,-169.44961547851562,-58.67697525024414,207.85629012061537,-169.88657783889707,-58.68426194370465,1.3131348770960847,0.3421577416830199,0.06339871971214289,3.591075595946968e-05,7.809358350318936,9.04951028025226,nan,3.4600827210013527,nan
401.85,206.6093292236328,-169.44674682617188,-58.6787223815918,207.83527945981604,-169.880190990408,-58.686121464076905,1.3003394062819462,0.3420910072686605,0.06339146531103358,3.660794206419484e-05,7.660693627642674,8.75065172859596,1.6536792076281488,nan,nan
401.86,206.6006317138672,-169.4438018798828,-58.6804313659668,207.8268260069077,-169.87722956346818,-58.69045376102546,1.3005815812881674,0.34214163239862977,0.06340794325149976,3.58539643963577e-05,8.969423960806054,10.231872562574898,nan,4.173938380891438,nan
401.87,206.59194946289062,-169.44081115722656,-58.68210983276367,207.81844360415064,-169.8741592316776,-58.69228586211855,1.3008389538098102,0.3421923442199107,0.06342448231545947,3.6572482501871345e-05,9.001984213816108,10.062279903253394,nan,nan,nan
401.88,206.58326721191406,-169.4378204345703,-58.683753967285156,207.81005746155537,-169.87106828182635,-58.69423801236715,1.301087210362267,0.3422431405500428,0.06344108146636925,3.582062493875807e-05,9.242849110020972,10.298843836091146,nan,0.01567018927400849,nan
401.89,206.5745849609375,-169.43487548828125,-58.685367584228516,207.80167599231123,-169.8679921391418,-58.696007207474956,1.3013284113218024,0.34229402379523743,0.06345774200242034,3.653849255166717e-05,9.277498178252863,10.337389025139466,nan,nan,nan
401.90000000000003,206.56588745117188,-169.4319610595703,-58.686946868896484,207.75301965289452,-169.8447315356738,-58.69672598254348,1.256884227513923,0.3422272125237269,0.0634505115242565,3.576682276270613e-05,8.731248746404694,9.566071267599495,17.471920092657225,0.8078326632122534,nan
401.91,206.5572052001953,-169.42910766601562,-58.68849182128906,207.74457431868004,-169.84169989222417,-58.69842369805067,1.2570506795013967,0.34227787645634206,0.06346718724659162,3.648319952507495e-05,8.766602852953527,9.605939012955332,nan,nan,nan
401.92,206.54852294921875,-169.42630004882812,-58.69001007080078,207.73610775558913,-169.83873614904954,-58.70091791582485,1.2572112750730056,0.3423286249502205,0.0634839233525874,3.573630329166945e-05,9.397230765202247,10.098649213666942,nan,0.46223818701367364,nan
401.93,206.5398406982422,-169.42355346679688,-58.691497802734375,207.72766305100927,-169.83581070112146,-58.70256445420567,1.2573783995921344,0.3423794601579598,0.06350072103026458,3.645213894424977e-05,9.432856490648533,10.164033255576113,nan,nan,nan
401.94,206.53115844726562,-169.4208526611328,-58.692955017089844,207.71926364505805,-169.83290653068195,-58.70240319196102,1.2575657519351393,0.3424303802733754,0.06351757940566008,3.5707158965372646e-05,8.577955025465737,9.262138430532476,nan,2.144862920262225,nan
401.95,206.52247619628906,-169.418212890625,-58.69438171386719,207.72723717822592,-169.84479690542358,-58.703983957569825,1.2780904304325496,0.34236349421108586,0.0635103702090404,3.639986673637596e-05,8.391907240173744,9.169908274959749,12.283575502931335,nan,nan
401.96000000000004,206.51377868652344,-169.41561889648438,-58.69578170776367,207.71877255094867,-169.84210943916693,-58.70730015864282,1.2782945947670967,0.34241419484373603,0.06352724327373638,3.565764962669046e-05,9.583784774705709,10.40705155867925,nan,2.135524349111024,nan
401.97,206.50509643554688,-169.4130859375,-58.69715118408203,207.71035169156633,-169.839442375524,-58.70883443920111,1.2784977680298086,0.34246498199935504,0.06354417809649475,3.637165557438659e-05,9.619981797364986,10.40086935997237,nan,nan,nan
401.98,206.4964141845703,-169.41058349609375,-58.6984977722168,207.70196753846903,-169.83679961601092,-58.70881521129499,1.2787202663299109,0.34251585409835517,0.06356117390474798,3.5631223495506835e-05,8.857862143624764,9.496973857893522,nan,1.587516006138753,nan
401.99,206.48773193359375,-169.4081573486328,-58.69981384277344,207.69354712959782,-169.834233481962,-58.71028179467351,1.2789217084419449,0.3425668129570133,0.06357823173675706,3.634482913213087e-05,8.889587174934295,9.65464064194852,nan,nan,nan
402.0,206.4790496826172,-169.40576171875,-58.70110321044922,207.68723662257258,-169.833832536356,-58.71044305368163,1.2818141594772072,0.3424998501863611,0.06357103906596126,3.558449511500686e-05,8.29718573785339,9.03703174261977,0.5211052488954103,1.2533042833341062,nan
402.01,206.47036743164062,-169.40341186523438,-58.702369689941406,207.6788192210252,-169.83137038656926,-58.711847115575175,1.2820273182918476,0.3425505892737114,0.06358811101472292,3.629685836459472e-05,8.323663728879616,9.000938092052737,nan,nan,nan
402.02,206.46168518066406,-169.401123046875,-58.703609466552734,207.67043725069075,-169.8289293222221,-58.711648936016566,1.2822497452093473,0.34260141332938304,0.06360524422956362,3.5560695216835494e-05,7.670370768055083,8.38899472420559,nan,1.7014535663768477,nan
402.03000000000003,206.4530029296875,-169.39886474609375,-58.70482635498047,207.66201994139914,-169.82656055369367,-58.71298876187331,1.2824634354760245,0.3426523239682298,0.06362243965592118,3.62727490404864e-05,7.692741011105347,8.344239619626343,nan,nan,nan
402.04,206.44432067871094,-169.39666748046875,-58.706016540527344,207.65359539673457,-169.82424232937925,-58.71464009142715,1.2826690768479994,0.3427033199098864,0.06363969665842956,3.553816886767915e-05,7.952284972445504,8.673395985835567,nan,0.07675874714914098,nan
402.05,206.43563842773438,-169.39450073242188,-58.707183837890625,207.6331220069365,-169.8196198766979,-58.715932597134106,1.270735908864242,0.3426362819311107,0.06363251753448733,3.6227541155272175e-05,7.788155123741422,8.353405081058721,1.855470821232069,nan,nan
402.06,206.42694091796875,-169.3923797607422,-58.70832824707031,207.62468700629663,-169.81738530917997,-58.71705477127325,1.2709451445803197,0.3426870579157153,0.06364978810752671,3.549537263997216e-05,7.823909953699124,8.46776370060908,nan,0.01585764685424166,nan
402.07,206.4182586669922,-169.3903045654297,-58.709449768066406,207.61624876038834,-169.81519565773203,-58.71830530181507,1.2711377284429837,0.34273792031578615,0.06366712107951208,3.620603973304542e-05,7.847308774272685,8.395989154110472,nan,nan,nan
402.08,206.40957641601562,-169.38827514648438,-58.710548400878906,207.6078282288694,-169.8130345098634,-58.7186639573975,1.2713354341176601,0.34278886802914904,0.06368451589958544,3.547532758587713e-05,7.540916533109924,8.097239239199602,nan,0.5202421718256437,nan
402.09000000000003,206.40089416503906,-169.3862762451172,-58.71162796020508,207.5993899009436,-169.81092757054975,-58.71986308302427,1.2715300210458478,0.34283990240586937,0.06370197338817743,3.618579956149174e-05,7.5610455788655315,8.05069145473628,nan,nan,nan
402.1,206.3922119140625,-169.3843231201172,-58.71268081665039,207.56623599712356,-169.798679887497,-58.72169594207415,1.245032268966234,0.34277278780258524,0.0636948032047054,3.5435038267024825e-05,7.8124580460690245,8.248193227191948,5.318647521213601,0.2639098736081482,nan
402.11,206.38352966308594,-169.3824005126953,-58.713714599609375,207.55775710581335,-169.79663675391384,-58.7228610388769,1.245184889140683,0.34282360194350475,0.06371227365171908,3.6144469729881915e-05,7.835517869417469,8.211675666359325,nan,nan,nan
402.12,206.37484741210938,-169.38052368164062,-58.71472930908203,207.54925834182538,-169.79464694615942,-58.72504790901528,1.2453295080245599,0.3428745013989506,0.06372980621182178,3.541736104216293e-05,8.52960188057445,8.886341701273162,nan,0.7479104452955334,nan
402.13,206.3661651611328,-169.37869262695312,-58.71572494506836,207.54077906743433,-169.79267988565263,-58.726183954682334,1.2454768846207245,0.3429254873622412,0.06374740162894231,3.612667121681615e-05,8.553962076529263,8.901978636809142,nan,nan,nan
402.14,206.3574676513672,-169.37689208984375,-58.716697692871094,207.53229944747213,-169.79074998709365,-58.72730098394619,1.2456406135145435,0.3429765594538813,0.06376505974858403,3.6850306350088046e-05,8.579660961003514,9.01587057504225,nan,nan,nan
402.15000000000003,206.34878540039062,-169.3751220703125,-58.7176513671875,207.55280013282447,-169.80486762704928,-58.72850775711633,1.2784563272380636,0.3429093692798811,0.0637578952411898,3.756432616471863e-05,8.7260039452914,9.287888287593397,10.787497100957653,nan,nan
402.16,206.34010314941406,-169.37338256835938,-58.71858596801758,207.5443375148694,-169.80306736507265,-58.73117235000469,1.2786586129540858,0.34296022040997204,0.0637755654216907,3.675145538955226e-05,9.900682687130942,10.458387610736082,nan,1.6000371875957882,nan
402.17,206.3314208984375,-169.37168884277344,-58.719505310058594,207.5359027845387,-169.80128053363617,-58.732252492186284,1.27886204316823,0.343011157937434,0.06379329866904133,3.7486808246338753e-05,9.926924685234319,10.413988362517895,nan,nan,nan
402.18,206.32273864746094,-169.37002563476562,-58.720401763916016,207.52744700714385,-169.79954402268072,-58.7345378488852,1.2790653252845723,0.34306218105832864,0.06381109457241471,3.667844502186095e-05,11.042416419218863,11.59050083368631,nan,0.9593711164767611,nan
402.19,206.3140411376953,-169.36839294433594,-58.721282958984375,207.5190119491946,-169.79782518500292,-58.735595691901125,1.2792855663271898,0.3431132908305208,0.06382895381396461,3.741208258770108e-05,11.072062193852725,11.655978760173738,nan,nan,nan
402.2,206.30535888671875,-169.36679077148438,-58.722145080566406,207.52125579634296,-169.79461515115233,-58.736291824189024,1.2890458195995547,0.3430460240306572,0.06382179047757938,3.6585313831276494e-05,11.378144187850207,11.963174735641722,5.1886479717549,0.02921002097621235,nan
402.21000000000004,206.2966766357422,-169.365234375,-58.722991943359375,207.512840592169,-169.79294350295407,-58.73731193419143,1.2892613890070468,0.34309691309702856,0.06383966143298533,3.731641964285834e-05,11.406148522606461,11.969118263622018,nan,nan,nan
402.22,206.28799438476562,-169.3636932373047,-58.723819732666016,207.5044598071179,-169.79127653469155,-58.73613379773471,1.289483321404919,0.34314788774411104,0.06385759529792959,3.651767769989427e-05,10.0656630141093,10.626255275690708,nan,3.083709275450246,nan
402.23,206.279296875,-169.36219787597656,-58.724632263183594,207.49604401204417,-169.78966739780225,-58.73710071443231,1.2897128555890247,0.34319894889822783,0.0638755926862794,3.724728093446306e-05,10.09030948530311,10.746606574987661,nan,nan,nan
402.24,206.27061462402344,-169.3607177734375,-58.72542953491211,207.48765736903803,-169.78806576704608,-58.736144544497186,1.2899357202063777,0.3432500959513954,0.06389365328849514,3.64526356484869e-05,9.068402820145554,9.579723623777625,nan,2.3650571518424726,nan
402.25,206.26193237304688,-169.35926818847656,-58.72621154785156,207.48188471061627,-169.7961825725713,-58.73707551857321,1.2958765029236987,0.343182753299697,0.06388648765905239,3.7157381644438014e-05,8.800413143851369,9.364573597393331,8.559244351229113,nan,nan
402.26,206.25323486328125,-169.3578643798828,-58.72697448730469,207.4734641879476,-169.7947034105746,-58.73828186633016,1.2961156585474427,0.34323367943887584,0.0639045593369628,3.636769201486069e-05,9.142073941299063,9.823018197357996,nan,0.06005109375075753,nan
402.27,206.2445526123047,-169.35647583007812,-58.727725982666016,207.46504797093075,-169.79324914375238,-58.73917335617288,1.2963452049226565,0.34328469194783917,0.06392269472316883,3.7093662485756187e-05,9.160683685654295,9.694645931250436,nan,nan,nan
402.28000000000003,206.23587036132812,-169.3551025390625,-58.728458404541016,207.4566259113468,-169.7918272544687,-58.7404528413045,1.2965787505822042,0.34333579033130324,0.06394089356822924,3.630780331523105e-05,9.591428533828608,10.194792886497236,nan,0.10603985727731148,nan
402.29,206.2271728515625,-169.35377502441406,-58.72917938232422,207.44820935786353,-169.79042813315797,-58.74132012465236,1.2968205291094959,0.3433869753477171,0.06395915639683283,3.703255221227693e-05,9.611264269657921,10.228153905681516,nan,nan,nan
402.3,206.21849060058594,-169.3524627685547,-58.72988510131836,207.4493803825348,-169.7916265905359,-58.74231448815378,1.306946444006171,0.34331955606729964,0.06395198405083982,3.622813695521405e-05,10.021271544776429,10.66796567887434,0.8813141032876161,0.012713688370361628,nan
402.31,206.2097930908203,-169.3511962890625,-58.73057556152344,207.44097963060065,-169.7902813245096,-58.743156464397956,1.307200919219004,0.3433705199027674,0.06397025726543941,3.695084618299407e-05,10.042956047192911,10.780966548600013,nan,nan,nan
402.32,206.20111083984375,-169.3499298095703,-58.73125457763672,207.43257535997697,-169.78896443942526,-58.74422808883592,1.307449648189801,0.3434215695808621,0.06398859417721181,3.6173220986717194e-05,10.41363819691922,11.044325103853327,nan,0.03887318649484618,nan
402.33,206.19241333007812,-169.3487091064453,-58.73191833496094,207.42417398012674,-169.78767037801384,-58.74504674995126,1.307705491395292,0.3434727057640966,0.06400699525826166,3.689488500826979e-05,10.434498622229139,11.143786108865974,nan,nan,nan
402.34000000000003,206.18373107910156,-169.34750366210938,-58.732566833496094,207.41578563830183,-169.78639033874205,-58.74479227004832,1.307948551385232,0.3435239281002708,0.06402546033725275,3.6120695794076015e-05,9.902391563083363,10.52185469613977,nan,0.744882031394108,nan
402.35,206.17503356933594,-169.3463134765625,-58.73320770263672,207.40394878394528,-169.78674156777043,-58.745524891162,1.3055118618214705,0.34345643268354864,0.0640182776059801,3.681842083465002e-05,9.76138225495141,10.435009635610735,1.0810192624152053,nan,nan
402.36,206.16635131835938,-169.34515380859375,-58.73383331298828,207.39556601376916,-169.7855090994449,-58.74409088420132,1.3057514186701684,0.3435074336200204,0.06403675238838138,3.604849217154501e-05,8.560765952165431,9.12946500617454,nan,3.2318656124314025,nan
402.37,206.15765380859375,-169.34402465820312,-58.73444366455078,207.38715644874213,-169.7843213127127,-58.744828453578215,1.3060037250893721,0.3435585209391671,0.06405529152492934,3.676740020187175e-05,8.576856768315059,9.251104544123407,nan,nan,nan
402.38,206.1489715576172,-169.34291076660156,-58.73504638671875,207.37874446098456,-169.78315824328018,-58.7457481937104,1.306244143815162,0.3436096943699861,0.06407389489003203,3.600065701800369e-05,8.826139895951794,9.369916549716134,nan,0.02496926074829922,nan
402.39,206.14027404785156,-169.34182739257812,-58.735633850097656,207.3703345238665,-169.78201579107437,-58.74646514464974,1.3064960458288548,0.3436609544539061,0.06409256288782375,3.671874938457805e-05,8.841567909631184,9.487583778355047,nan,nan,nan
402.40000000000003,206.131591796875,-169.34075927734375,-58.736209869384766,207.363405630464,-169.7829141803834,-58.74647861003952,1.3088054576360293,0.3435933823658986,0.06408536542931825,3.5933198766749055e-05,8.5503504686465,9.146228201561053,0.3729956300995638,0.3747003541728154,nan
402.41,206.12289428710938,-169.33970642089844,-58.73677444458008,207.35499699617677,-169.78182194349307,-58.74716784918947,1.309065026600934,0.34364442078886287,0.06410404240460402,3.664965264424297e-05,8.5644212195802,9.272609677971582,nan,nan,nan
402.42,206.11419677734375,-169.33868408203125,-58.737327575683594,207.34660342574787,-169.78073832091258,-58.74637412579909,1.3093204104468177,0.3436955452764057,0.06412278383293085,3.588984297500089e-05,7.898728057842535,8.57570988035633,nan,1.4551120845715937,nan
402.43,206.1055145263672,-169.33767700195312,-58.73787307739258,207.3381941105774,-169.77968814706097,-58.74702857408078,1.3095635276105648,0.3437467563017845,0.06414159007892012,3.6605624666747574e-05,7.909231993638328,8.47104526511512,nan,nan,nan
402.44,206.09681701660156,-169.33670043945312,-58.7384033203125,207.32978625490634,-169.7786566365773,-58.74748756398201,1.3098171423009262,0.3437980536957986,0.06416046107575551,3.5848633382247956e-05,7.922895103135023,8.582060773865258,nan,0.02310606144628963,nan
402.45,206.08811950683594,-169.33572387695312,-58.73892593383789,207.32899339852577,-169.7838399556184,-58.7479678366834,1.3193399073183778,0.34373040522639614,0.06415324506223985,3.654118248320067e-05,7.821062071127118,8.64814063748819,2.658540256864332,nan,nan
402.46000000000004,206.07943725585938,-169.33477783203125,-58.739437103271484,207.32059342240507,-169.78286686628817,-58.7486484691733,1.319597386189242,0.34378148073211806,0.06417212431164317,3.5787812576184285e-05,7.95540104979774,8.629771140218747,nan,0.002499701133972763,nan
402.47,206.07073974609375,-169.33384704589844,-58.73993682861328,207.31219373574447,-169.7819124826683,-58.749259349957796,1.3198702790243007,0.3438326426643843,0.06419106856234788,3.650154745736095e-05,7.9664562240894385,8.762467263968786,nan,nan,nan
402.48,206.06204223632812,-169.33294677734375,-58.74042892456055,207.3038035174871,-169.78096871571188,-58.7487955456516,1.320138150722563,0.34388389091080485,0.06421007778142682,3.5750766749957405e-05,7.544818483130982,8.273465134633863,nan,0.7676785478762755,nan
402.49,206.0533447265625,-169.33204650878906,-58.740909576416016,207.29540345104905,-169.78005121101958,-58.74937770008989,1.3204127375227714,0.34393522585982034,0.06422915228307526,3.6464012925281344e-05,7.5541276359703176,8.364269858766834,nan,nan,nan
402.5,206.04464721679688,-169.33106994628906,-58.741485595703125,207.26525991191355,-169.77258559957264,-58.74972780514102,1.298036731988283,0.3438675006470555,0.064221913431558,3.56941161173248e-05,7.260316981888723,7.769577601843128,4.228604487695896,0.03847270671745521,nan
402.51,206.0359649658203,-169.3300018310547,-58.74215316772461,207.25682299222706,-169.77154035471432,-58.75044367400276,1.2982755181438363,0.34391861345053015,0.06424099542440155,3.640604427089516e-05,7.243693582708384,7.703075889522799,nan,nan,nan
402.52,206.0272674560547,-169.328857421875,-58.74291229248047,207.24838747555427,-169.77040654530677,-58.75108104252408,1.2985247240246498,0.3439698125090806,0.0642601425975114,3.5661010043109535e-05,7.2262378031147545,7.720723736727557,nan,0.019980293932504577,nan
402.53000000000003,206.01856994628906,-169.32760620117188,-58.74375915527344,207.2399504560963,-169.76918764192817,-58.751980034224765,1.2987810059467737,0.34402109816429516,0.06427935523627387,3.637256392314217e-05,7.211797122815586,7.821487357589305,nan,nan,nan
402.54,206.00987243652344,-169.32627868652344,-58.74469757080078,207.2315026868884,-169.7678923415582,-58.75432580701145,1.2990364859589043,0.34407247037384575,0.0642986333506823,3.56297858018865e-05,7.954506765674828,8.504679682392286,nan,1.2515205252024444,nan
402.55,206.0011749267578,-169.3248748779297,-58.745723724365234,207.22598111580015,-169.76869427632616,-58.75547631862665,1.302774336638642,0.34400466856650364,0.064291367713561,3.6318638597871435e-05,7.967066642507613,8.544972263115971,0.33544004029737107,nan,nan
402.56,205.9924774169922,-169.32337951660156,-58.7468376159668,207.21755202098245,-169.7672241113896,-58.756080551805006,1.3030315581471414,0.3440558183962648,0.06431065255392929,3.557890768787271e-05,7.748354184861615,8.362429795251334,nan,0.22896650538582822,nan
402.57,205.98377990722656,-169.32180786132812,-58.74803924560547,207.2091185032402,-169.76567504936878,-58.75734604809182,1.3032879083580589,0.34410705471961306,0.06433000304128547,3.62889762840829e-05,7.733141555569628,8.30920684375317,nan,nan,nan
402.58,205.97508239746094,-169.32015991210938,-58.749324798583984,207.20068903123084,-169.76404083122208,-58.7581031452142,1.303540927804985,0.3441583775324737,0.06434941920989312,3.555129678316511e-05,7.513118284418091,8.083055426340705,nan,0.24233675317117348,nan
402.59000000000003,205.96640014648438,-169.31842041015625,-58.750694274902344,207.1922554441805,-169.76232970179151,-58.75953540739361,1.3037848118894004,0.34420978711925204,0.06436890130897104,3.62611343063931e-05,7.4998555995578275,8.055477326687338,nan,nan,nan
402.6,205.95770263671875,-169.3166046142578,-58.75214767456055,207.14788565161513,-169.74186199094024,-58.76147534544908,1.263909194054245,0.3441419084755332,0.06436160464523791,3.550400530405255e-05,7.657246918907669,7.926119537861885,13.949299061377937,0.08005558815919805,nan
402.61,205.94900512695312,-169.31471252441406,-58.753684997558594,207.13939487086114,-169.73995416296114,-58.76308154815268,1.2640990818439266,0.34419309542792026,0.06438109267429908,3.621277516605082e-05,7.643757412702347,7.8943736563290035,nan,nan,nan
402.62,205.9403076171875,-169.312744140625,-58.75530242919922,207.13089951522332,-169.73797245425578,-58.76551989325618,1.2642913362645374,0.3442443688013993,0.06440064658502159,3.547978306031887e-05,8.146856388907231,8.410267986257178,nan,0.3854865961515255,nan
402.63,205.93161010742188,-169.31069946289062,-58.75699996948242,207.12240890335914,-169.73590969495922,-58.767298457586726,1.2644807522136157,0.3442957288495821,0.06442026660641265,3.618841119543565e-05,8.134096397063052,8.404124666829256,nan,nan,nan
402.64,205.92291259765625,-169.30857849121094,-58.7587776184082,207.11392119454143,-169.73376845185592,-58.76867243648997,1.26466829165302,0.3443471756145132,0.06443995280289928,3.5457174851659074e-05,7.96355604499802,8.233133274337629,nan,0.16226307489694486,nan
402.65000000000003,205.91421508789062,-169.30636596679688,-58.7606315612793,207.12165449484803,-169.74348085604345,-58.77064915153335,1.2841649816083573,0.3442792201890185,0.0644326210785708,3.6143491392176416e-05,7.943432060242708,8.508733441518368,5.489899274003107,nan,nan
402.66,205.905517578125,-169.30410766601562,-58.76254653930664,207.1131837223801,-169.74122779392002,-58.77360896110045,1.2843885313156262,0.34433044407977775,0.0644523124014722,3.54147971822982e-05,8.62175671068276,8.997828991024644,nan,0.6297914691812102,nan
402.67,205.89683532714844,-169.3017578125,-58.76446533203125,207.10471837157175,-169.73889645877506,-58.775655422473555,1.2845998844763402,0.34438175454797465,0.06447207001313392,3.612237428776806e-05,8.63120997959748,9.077577743751945,nan,nan,nan
402.68,205.8881378173828,-169.29934692382812,-58.76637268066406,207.09625415060393,-169.7364917435161,-58.77753028519513,1.2848210615157778,0.3444331516600867,0.06449189399461229,3.539525699731091e-05,8.68102169006575,9.08606457655898,nan,0.01977334935572724,nan
402.69,205.8794403076172,-169.29685974121094,-58.76824951171875,207.08778960440605,-169.73401613546534,-58.779553109303905,1.2850453328213862,0.3444846356331524,0.06451178455009349,3.610280112200024e-05,8.701910757030621,9.17100020992408,nan,nan,nan
402.7,205.87074279785156,-169.29429626464844,-58.77009963989258,207.06315623236912,-169.72862176176065,-58.78166308845325,1.2691028916531366,0.34441660326450835,0.06450441355410508,3.535590010332202e-05,8.730088945107784,9.095360176771573,3.0082400380180876,0.0041690571311839035,nan
402.71000000000004,205.862060546875,-169.2916717529297,-58.77191162109375,207.0546643566082,-169.7260094140022,-58.783628121543984,1.2692873304334642,0.344467864110378,0.06452430840635903,3.606256730545594e-05,8.753321283855634,9.080467210008742,nan,nan,nan
402.72,205.85336303710938,-169.28897094726562,-58.7736930847168,207.03269579093538,-169.71013006772796,-58.782810423447394,1.2523114128925599,0.3401569896331755,0.06037294957581177,3.5338229276385705e-05,7.5644349988184425,7.958872122473904,nan,5.25848838746966,0.0417101421702398
402.73,205.84466552734375,-169.28628540039062,-58.77543640136719,207.02420838423896,-169.70740702792347,-58.78468128731033,1.2524976025304502,0.3402109420059185,0.06038504230876892,3.604490942174812e-05,7.582823946643839,7.910788314954052,nan,nan,nan
402.74,205.8359832763672,-169.2836151123047,-58.77714920043945,207.01553757980307,-169.70448800910944,-58.7830859588441,1.2524047249668453,0.3402649763940824,0.06039718915020887,3.5322930506156825e-05,6.208835025182187,6.5102281097979,nan,8.165601460948018,nan
402.75,205.82728576660156,-169.28097534179688,-58.77882385253906,207.01975540430968,-169.7064899074209,-58.7848210624586,1.266128922717088,0.34019244495209994,0.06038944461094728,3.600757687769779e-05,6.321595723864373,6.838371714613908,1.3595412776561668,nan,nan
402.76,205.81858825683594,-169.2783966064453,-58.78046798706055,207.01124177007267,-169.70380286509996,-58.785647070599126,1.266262101795979,0.34024624579077584,0.0604016283425814,3.5287702805700135e-05,6.083419308154872,6.489651932328338,nan,0.575851645524587,nan
402.77,205.80990600585938,-169.27586364746094,-58.78207778930664,207.00277662928772,-169.7012159760199,-58.78734250405622,1.2664488323143064,0.34030013659839253,0.060413876518342555,3.599366111806808e-05,6.093555704930333,6.471916117773775,nan,nan,nan
402.78000000000003,205.80120849609375,-169.27337646484375,-58.78365707397461,206.99431263214532,-169.69867826292437,-58.789023129598164,1.266652238567058,0.3403541095648976,0.06042617946797092,3.5274952236520505e-05,6.14021966170946,6.569949950017778,nan,0.00019745364266124092,nan
402.79,205.7925262451172,-169.27093505859375,-58.78520202636719,206.9858480120182,-169.69618822698587,-58.79065626401916,1.2668412865452703,0.340408172674912,0.06043854695503667,3.5981026714122166e-05,6.150707467368219,6.578139114998159,nan,nan,nan
402.8,205.78382873535156,-169.26853942871094,-58.786720275878906,206.96513253185248,-169.6854028653085,-58.79094038213868,1.2527057091337324,0.34033554935415833,0.060430909250166094,3.524221461351973e-05,5.871524958994606,6.15208418509988,4.24624677910014,1.1340581930576366,nan
402.81,205.775146484375,-169.2661895751953,-58.788204193115234,206.95664567508646,-169.68298417482805,-58.79250028542854,1.2528673243181103,0.34038937849243417,0.06044331300710998,3.594755434277638e-05,5.879594663868336,6.174276627386476,nan,nan,nan
402.82,205.76644897460938,-169.26390075683594,-58.7896614074707,206.94815624844878,-169.6806095114014,-58.793979055747236,1.25303507902337,0.34044328993238776,0.060455772181577036,3.52318115163769e-05,5.8961407275138304,6.144050636186306,nan,0.0018980154804129343,nan
402.83,205.7577667236328,-169.2616424560547,-58.79108810424805,206.93966961361747,-169.67828383886607,-58.79548105111481,1.2531974230771592,0.3404972912125219,0.06046829575779055,3.5937317955527004e-05,5.903902398485107,6.19173483213304,nan,nan,nan
402.84000000000003,205.7490692138672,-169.25942993164062,-58.79248809814453,206.93120840836883,-169.67603121288022,-58.7974622475261,1.2534091290833722,0.34055137519658774,0.06048087522393187,3.522252113624474e-05,6.069601820742562,6.374477898669326,nan,0.17916987680377977,nan
402.85,205.74037170410156,-169.2572784423828,-58.79385757446289,206.9122760869658,-169.66926349433305,-58.7989430837849,1.2422227771265066,0.3404786680195352,0.06047334940094292,3.59061813373124e-05,6.031173123936712,6.241991808123978,1.0802794723230011,nan,nan
402.86,205.731689453125,-169.25515747070312,-58.79520034790039,206.90368499659635,-169.66696899944023,-58.798593126630955,1.2422454669126468,0.34053251782836824,0.060485964889499526,3.519312111738395e-05,5.637899079620412,5.860671315752561,nan,2.20233398298099,nan
402.87,205.72299194335938,-169.25308227539062,-58.7965202331543,206.8951815322072,-169.66481158696587,-58.799975576055004,1.2424014639431278,0.340586457175064,0.0604986446588704,3.589814359637049e-05,5.643785268059104,5.84527041558641,nan,nan,nan
402.88,205.7143096923828,-169.25103759765625,-58.79780960083008,206.88667797412975,-169.66269569035532,-58.80132653131311,1.2425466357971977,0.34064047936469555,0.06051138093039581,3.51859013805478e-05,5.662320702417513,5.930607285135177,nan,2.422383919036201e-05,nan
402.89,205.70562744140625,-169.24903869628906,-58.799072265625,206.87817475150496,-169.66062114964456,-58.80265832561317,1.2426906977024006,0.34069459126937185,0.06052418159772563,3.589114679538737e-05,5.668858681389592,5.9304818408198985,nan,nan,nan
402.90000000000003,205.69692993164062,-169.24708557128906,-58.80031204223633,206.89617209276446,-169.66248918470964,-58.803396488692705,1.2691538271107174,0.34062179357794875,0.060516755096737054,3.5158510519042904e-05,6.044932348592934,6.378768478348568,9.438701136144465,0.2730770995736854,nan
402.91,205.68824768066406,-169.24517822265625,-58.80152893066406,206.88770805517333,-169.66047721130906,-58.80467506847046,1.269325938511092,0.3406756708895352,0.06052959113689856,3.5863121705342844e-05,6.051556389327654,6.2990811158139834,nan,nan,nan
402.92,205.67955017089844,-169.2432861328125,-58.80271911621094,206.87925175900048,-169.65851213460775,-58.80609477478203,1.2695305936180596,0.3407296311788049,0.06054248426836881,3.515318039232106e-05,6.1003110782134256,6.494132732803506,nan,0.018980371775962842,nan
402.93,205.67086791992188,-169.241455078125,-58.80388641357422,206.8707877937168,-169.6565767925267,-58.807328424931654,1.269702952953176,0.34078368088538025,0.06055544169915389,3.5858050924550494e-05,6.107721340439185,6.377956857911291,nan,nan,nan
402.94,205.66217041015625,-169.23965454101562,-58.805030822753906,206.86237984677695,-169.65473756841615,-58.80975409905553,1.2699680786257492,0.34083781396681506,0.06056845667093213,3.514874439782205e-05,6.413273015633456,6.745787789191892,nan,1.032849262957442,nan
402.95,205.65347290039062,-169.23788452148438,-58.806148529052734,206.84254934053212,-169.64512546980868,-58.810996646070535,1.2568896032389858,0.34076493267657093,0.060561132580731786,3.583188892305569e-05,6.4925543958996705,6.787102343874818,3.5400592850386334,nan,nan
402.96000000000004,205.64479064941406,-169.23614501953125,-58.807247161865234,206.83402190358436,-169.64323175001633,-58.81123941384548,1.2569831025548257,0.3408188309602907,0.06057418260047974,3.512401381974319e-05,6.29097654402894,6.511488308643877,nan,0.6159639480387606,nan
402.97,205.63609313964844,-169.2344512939453,-58.80832290649414,206.82553683798156,-169.6414175881218,-58.81238899470787,1.25714534130843,0.3408728183677535,0.060587296838704584,3.582856688547272e-05,6.3000837054534555,6.558976157929366,nan,nan,nan
402.98,205.62741088867188,-169.2327880859375,-58.80937957763672,206.81706660891652,-169.63965336525828,-58.81385401578487,1.2573146419350745,0.3409268892764763,0.06060046917443315,3.5121221817976853e-05,6.409533666829728,6.604010181712114,nan,0.07923289994599314,nan
402.99,205.61871337890625,-169.2311553955078,-58.8104133605957,206.8085812867907,-169.63790737292717,-58.81496597653196,1.2574790398490827,0.3409810494926192,0.060613705866635635,3.582607165928463e-05,6.419078548654508,6.682329384429698,nan,nan,nan
403.0,205.6100311279297,-169.22955322265625,-58.81142807006836,206.78486440334902,-169.62970260986899,-58.81397403407955,1.2411120976978625,0.34090807902465536,0.06060647320343444,3.509807570638183e-05,5.93638127971934,6.086025489674665,2.165405772749378,2.936645886781519,nan
403.01,205.60133361816406,-169.2279815673828,-58.81241989135742,206.7763537737651,-169.62801078656784,-58.81502541958026,1.2412503901501013,0.3409620040338782,0.06061974426741987,3.580235978436668e-05,5.94205683565604,6.154463630840545,nan,nan,nan
403.02,205.5926513671875,-169.22645568847656,-58.813392639160156,206.7678518445358,-169.6263594924293,-58.81625967407191,1.2413812606386265,0.34101601266394693,0.06063307396212498,3.509676871424943e-05,5.987592296382835,6.161549124900723,nan,0.028584069776552312,nan
403.03000000000003,205.58395385742188,-169.22494506835938,-58.81434631347656,206.75934120740638,-169.6247303986645,-58.817275498202584,1.241520162121393,0.3410701103164165,0.06064646795750784,3.580137486577601e-05,5.9936626234944095,6.2019646941555555,nan,nan,nan
403.04,205.57525634765625,-169.2234649658203,-58.81528091430664,206.75083045108246,-169.6231317693224,-58.81827302714627,1.241658962520377,0.3411242945064605,0.060659923637921026,3.6520299737247144e-05,5.999742975314968,6.21363102354639,nan,nan,nan
403.05,205.5665740966797,-169.22201538085938,-58.816200256347656,206.74876963989212,-169.6244680801803,-58.81918286228935,1.2488247969672241,0.3410512407246869,0.06065278378140137,3.722990697102954e-05,6.0333569410698775,6.203789677504352,0.6231263532503757,nan,nan
403.06,205.55787658691406,-169.22061157226562,-58.81709671020508,206.7403289297079,-169.62299409067546,-58.82158425970637,1.2490497877190634,0.3411051867728176,0.060666270606443834,3.6439338695012216e-05,6.34840948811053,6.590672802883021,nan,1.3496964069162214,nan
403.07,205.5491943359375,-169.21922302246094,-58.81797790527344,206.73182847998171,-169.6214883188933,-58.822542186419746,1.2491844219471369,0.34115922176175556,0.06067982189492916,3.717042516541695e-05,6.356611788045666,6.547330971529553,nan,nan,nan
403.08,205.54049682617188,-169.2178497314453,-58.81884002685547,206.72337014911835,-169.62005306554778,-58.824525339770844,1.2493955109910262,0.34121334068744674,0.060693432554897425,3.638329518736724e-05,6.684739126529076,6.9515944043598585,nan,0.7083297431240878,nan
403.09000000000003,205.53179931640625,-169.21652221679688,-58.81968307495117,206.71486936970592,-169.61860289929837,-58.82546038613305,1.2495427177891312,0.3412675487310091,0.06070710782253188,3.711308394973132e-05,6.696611564410696,6.953901426904813,nan,nan,nan
403.1,205.5231170654297,-169.2152099609375,-58.82051467895508,206.7120786698556,-169.61847148037532,-58.82683711901827,1.255503692988074,0.34119440689900893,0.06070005097052156,3.6306729823735274e-05,6.988840745757299,7.171645572762044,0.6216433448446428,0.19587098260049854,nan
403.11,205.51441955566406,-169.21392822265625,-58.82132339477539,206.70358638615488,-169.6170730581701,-58.82774399703042,1.2556610742052894,0.3412483791294301,0.060713759507458824,3.703438337682243e-05,7.001756130190847,7.29107167316313,nan,nan,nan
403.12,205.50572204589844,-169.21267700195312,-58.822120666503906,206.6950939010345,-169.615700321834,-58.828635694651254,1.2558167269746752,0.3413024377303255,0.060727530194923586,3.777656828287309e-05,7.013166409668257,7.2355150980612155,nan,nan,nan
403.13,205.49703979492188,-169.21144104003906,-58.822898864746094,206.686601315936,-169.61435281558303,-58.82951246107588,1.2559610865014297,0.3413565828461952,0.06074136317741603,3.853342904208724e-05,7.0248121366747895,7.274396955908237,nan,nan,nan
403.14,205.48834228515625,-169.21023559570312,-58.823665618896484,206.6780979163069,-169.6130194634154,-58.83009426926399,1.256102954972053,0.3414108122328255,0.060755256275276184,3.766039251439148e-05,6.987798297520632,7.203703565117884,nan,0.047754429957128565,nan
403.15000000000003,205.47964477539062,-169.2090606689453,-58.82441329956055,206.68227533475104,-169.61558910882724,-58.83085789486337,1.269498785958062,0.34133758757803734,0.060748282691700406,3.838915331091066e-05,7.124248468912276,7.434836423910529,1.5282233273784123,nan,nan
403.16,205.470947265625,-169.20790100097656,-58.82514953613281,206.67383693989922,-169.61435051476028,-58.83261825487534,1.2697245990726511,0.34139158096387934,0.06076220861332827,3.752424570686758e-05,7.52978318080514,7.80656426211905,nan,0.5310282098434598,nan
403.17,205.46224975585938,-169.20677185058594,-58.82586669921875,206.66536346265957,-169.6131012326287,-58.83344292316395,1.26989903432164,0.3414456630575938,0.06077619923445676,3.8274362101393534e-05,7.544050954191814,7.864596937414362,nan,nan,nan
403.18,205.4535675048828,-169.20565795898438,-58.82657241821289,206.65693314335635,-169.61191712050865,-58.835443978800555,1.2701236438900363,0.3414998295606903,0.06079025047266218,3.741621525280698e-05,8.148275914578132,8.394889677009157,nan,0.8724540674715775,nan
403.19,205.4448699951172,-169.20455932617188,-58.82726287841797,206.64845905501048,-169.61071314733223,-58.83625384415101,1.270302479334267,0.34155408495006984,0.06080436656795538,3.816368394494678e-05,8.163409015668844,8.485430420124516,nan,nan,nan
403.2,205.43617248535156,-169.2034912109375,-58.82794189453125,206.61382724239513,-169.58787062791694,-58.83642512360045,1.2388261492882064,0.34148077340375893,0.060797467334512335,3.728848850353948e-05,8.298548489622263,8.442836513139302,29.019569630835104,0.12068301596125787,nan
403.21000000000004,205.42747497558594,-169.2024383544922,-58.82860565185547,206.60530337071648,-169.58664220523812,-58.83720177411488,1.2389375370137519,0.34153479238120316,0.060811615498721466,3.803251550275735e-05,8.312945665727124,8.461480881121288,nan,nan,nan
403.22,205.4187774658203,-169.201416015625,-58.829254150390625,206.5967919375901,-169.5854469936419,-58.8383235577956,1.2390642202591224,0.3415888958893164,0.060825824751451096,3.718833841286697e-05,8.58374391053072,8.775123683294783,nan,0.07974926235489324,nan
403.23,205.4100799560547,-169.20040893554688,-58.829891204833984,206.58826799030427,-169.58426056007502,-58.83907920937596,1.2391745369919716,0.34164308799211524,0.060840098837070894,3.79300253534663e-05,8.599148501986358,8.754939036701488,nan,nan,nan
403.24,205.40139770507812,-169.19943237304688,-58.83051681518555,206.57967834174286,-169.58303201275984,-58.83790391626093,1.2391725108269944,0.3416973650126931,0.06085443441336981,3.709196004387577e-05,7.846292514922084,7.992296450064556,nan,2.309861758118894,nan
403.25,205.3927001953125,-169.19845581054688,-58.83113098144531,206.56007114194105,-169.57822564574005,-58.83870172665382,1.2276145042064721,0.3416239711007594,0.060847608730862104,3.780726688268638e-05,7.783777946813002,7.899561768449767,1.2587271647907636,nan,nan
403.26,205.38400268554688,-169.197509765625,-58.831729888916016,206.55154948197668,-169.5771150924323,-58.840027011517805,1.2277355449108125,0.34167801150528143,0.06086197585057463,3.697616947407061e-05,8.13092813791081,8.302289410664237,nan,0.24398832412036492,nan
403.27,205.37530517578125,-169.1965789794922,-58.83231735229492,206.54300660285287,-169.5760041495147,-58.8407256722528,1.2278276679877413,0.3417321402280616,0.06087640779963396,3.771265745230853e-05,8.144949934610022,8.29871289450178,nan,nan,nan
403.28000000000003,205.36660766601562,-169.1956787109375,-58.83289337158203,206.53444620343524,-169.57489603520872,-58.840890335660674,1.22789111078478,0.3417863539658973,0.06089090167141867,3.688725750789975e-05,8.005585871737848,8.179920928894925,nan,0.1735472643399534,nan
403.29,205.35791015625,-169.1947784423828,-58.833457946777344,206.52590259644865,-169.5738223751463,-58.84156220323063,1.2279846588205667,0.3418406562204601,0.06090546055980871,3.762181312168382e-05,8.018383832614338,8.154685133382376,nan,nan,nan
403.3,205.34921264648438,-169.19390869140625,-58.834014892578125,206.49907053790812,-169.5686606841069,-58.84509030963531,1.2094357739729598,0.3417671766932741,0.060898700446845,3.677908752329021e-05,9.340210239775324,9.473749759750795,3.2118581380107525,4.9684359492265555,nan
403.31,205.34051513671875,-169.19305419921875,-58.834556579589844,206.4904976913946,-169.56762563215543,-58.84577045555068,1.2094996425981754,0.34182124194447316,0.060913290109050236,3.751091374467016e-05,9.358004512397693,9.531733859198077,nan,nan,nan
403.32,205.33181762695312,-169.1922149658203,-58.835086822509766,206.48190261164797,-169.56658783876526,-58.84573716865496,1.2095304667062345,0.3418753922930033,0.060927942100704104,3.669733572291037e-05,9.097032529359588,9.269267757942734,nan,0.3171911203068618,nan
403.33,205.3231201171875,-169.19139099121094,-58.835609436035156,206.47332907969053,-169.5655871526303,-58.84639056642155,1.2095948319233507,0.341929630903278,0.060942659134469154,3.742748204864956e-05,9.111969445718117,9.244308286628513,nan,nan,nan
403.34000000000003,205.31442260742188,-169.19058227539062,-58.83612060546875,206.46471717260195,-169.56456821712402,-58.845778472069696,1.2096017301923454,0.34198395497970263,0.06095743887350447,3.66190037323157e-05,8.553836061095172,8.693069171956067,nan,1.0156616866610446,nan
403.35,205.30572509765625,-169.18980407714844,-58.83662033081055,206.44519950624453,-169.5500338666043,-58.846343285557744,1.1950991443759214,0.34191039342593876,0.0609507423595753,3.7324108852301e-05,8.906487692451202,9.240112499010703,12.870533263640949,nan,nan
403.36,205.29702758789062,-169.18902587890625,-58.83711242675781,206.4365964690216,-169.54902796918535,-58.84674375036514,1.1951198694029974,0.3419644802813275,0.06096555227422259,3.652154273953835e-05,8.914689085933702,9.14918432462233,nan,0.02900011552863167,nan
403.37,205.28831481933594,-169.18826293945312,-58.83759307861328,206.427999396532,-169.54804316376183,-58.8473449857996,1.195164358988308,0.3420186551564229,0.0609804272725973,3.724775338171386e-05,8.929380444004746,9.15701114269059,nan,nan,nan
403.38,205.2796173095703,-169.18740844726562,-58.838165283203125,206.4193789038124,-169.54700020655824,-58.84719113078841,1.195175380847956,0.34207291555926084,0.060995365350269816,3.6449910303517125e-05,8.60954569831324,8.885704774867817,nan,0.41407884138264844,nan
403.39,205.2709197998047,-169.1864776611328,-58.83883285522461,206.41078115015108,-169.54588830305346,-58.847921668228985,1.1952165134657167,0.34212726419748374,0.06101036872311743,3.717477189840577e-05,8.595600093365766,8.892586758159885,nan,nan,nan
403.40000000000003,205.26222229003906,-169.18545532226562,-58.83959197998047,206.3880906819846,-169.5466348320269,-58.8493089680997,1.182423229690435,0.3420536182160899,0.061003728708661886,3.635921471865079e-05,8.521323662354108,8.815650801420114,6.995745591001327,0.11493443753462576,nan
403.41,205.25352478027344,-169.18434143066406,-58.84043884277344,206.37947264314653,-169.54537140154312,-58.850231478830494,1.1824538576631056,0.34210772926698024,0.061018761468281155,3.708192345812458e-05,8.508288020492575,8.834120805211729,nan,nan,nan
403.42,205.2448272705078,-169.18313598632812,-58.84137725830078,206.37083406345428,-169.54400313111364,-58.85049830635655,1.182454898702221,0.34216192589428834,0.06103385766005092,3.629395605567293e-05,8.211995344893168,8.502272623416912,nan,0.36555976633811127,nan
403.43,205.23611450195312,-169.18185424804688,-58.842403411865234,206.3622158904556,-169.54256706144847,-58.85159412721045,1.1824984313680174,0.3422162105332128,0.06104901921147906,3.701551979152035e-05,8.200123510622792,8.474703110330605,nan,nan,nan
403.44,205.2274169921875,-169.18048095703125,-58.8435173034668,206.35350739115546,-169.54096733829877,-58.84939218107271,1.1823977892038098,0.34227058110174174,0.06106424454950183,3.623173512992544e-05,6.868363055001584,7.168736979263563,nan,7.546073675093355,nan
403.45,205.21871948242188,-169.1790313720703,-58.84471893310547,206.34316006263492,-169.54008262043143,-58.8507365830809,1.1809999299255718,0.3421968535198632,0.06105765816225756,3.692928427608921e-05,6.827553627950884,7.139954935746482,0.6801946962948803,nan,nan
403.46000000000004,205.21002197265625,-169.177490234375,-58.846004486083984,206.33460184190872,-169.53845390532348,-58.85445963722341,1.181120715106334,0.34225098627232386,0.0610729122228572,3.6150467723960065e-05,7.822024856166617,8.148332067943473,nan,3.7925124187449626,nan
403.47,205.20132446289062,-169.17587280273438,-58.847373962402344,206.3259813502484,-169.5366893382908,-58.855896796090015,1.1811495778716277,0.34230520682359217,0.061088231719901076,3.686911212962328e-05,7.8123653988182316,8.155813531670386,nan,nan,nan
403.48,205.19261169433594,-169.17417907714844,-58.84882736206055,206.3173515982664,-169.53483589046948,-58.85705511538261,1.181177753097794,0.3423595133354276,0.06110361532933534,3.6094141842722216e-05,7.716014030644253,8.019344504135923,nan,0.0877061947359125,nan
403.49,205.1839141845703,-169.17239379882812,-58.85036087036133,206.30873107334284,-169.53291015721413,-58.85865739683354,1.1812086650051816,0.3424139078764142,0.061119064606231815,3.681190504076452e-05,7.70771522808138,8.078542526384037,nan,nan,nan
403.5,205.1752166748047,-169.1705322265625,-58.85197830200195,206.32363490285033,-169.54237984412242,-58.85915570490322,1.207139839581517,0.3423400969786293,0.06111252540818845,3.601877240887941e-05,7.346696537454396,7.577597033901302,6.150913872471008,0.9809280614329068,nan
403.51,205.16651916503906,-169.16860961914062,-58.853675842285156,206.31505432190414,-169.5403203707109,-58.86091162194155,1.207209280073372,0.3423942533557396,0.06112800259609855,3.673484170046278e-05,7.340100265162806,7.597617498773826,nan,nan,nan
403.52,205.15782165527344,-169.16659545898438,-58.85545349121094,206.30648667912683,-169.53819432022317,-58.86328643756703,1.2073021186706794,0.34244849571332325,0.0611435442045152,3.596801244434692e-05,7.618424064899634,7.8662380299679775,nan,0.1930509386803709,nan
403.53000000000003,205.1491241455078,-169.1645050048828,-58.8573112487793,206.29790636263746,-169.5359811100286,-58.86520920971729,1.2073762697993393,0.34250282590268544,0.061159151574849926,3.668336268515365e-05,7.610788383351496,7.8449662509476035,nan,nan,nan
403.54,205.14041137695312,-169.16233825683594,-58.859222412109375,206.28931832166464,-169.53368562990914,-58.866853616337885,1.2074536323903668,0.3425572424124485,0.06117482370294353,3.591989931627603e-05,7.52969295334702,7.783026574587583,nan,0.08051094915118265,nan
403.55,205.1317138671875,-169.1601104736328,-58.861141204833984,206.25162330134572,-169.5245862916031,-58.86890649501263,1.1777521226188667,0.34248335041443173,0.06116832814020322,3.661200774474013e-05,7.156171207046277,7.564769655593215,7.200784052726598,nan,nan
403.56,205.12301635742188,-169.1577911376953,-58.8630485534668,206.24296745030716,-169.5221267318836,-58.86956192874789,1.1777407608234616,0.34253752852274,0.06118402745503241,3.58526807715716e-05,6.689455866527754,7.0503587825175655,nan,1.250805899082657,nan
403.57,205.11431884765625,-169.15541076660156,-58.86492919921875,206.23434270779208,-169.51962313819078,-58.87154865722837,1.1777724381715473,0.3425917942746425,0.06119979263533887,3.6565914945135124e-05,6.701803173412928,7.068394464785398,nan,nan,nan
403.58,205.10562133789062,-169.1530303955078,-58.86677551269531,206.2257306592029,-169.51709268609602,-58.874071972202636,1.1778113097777207,0.34264614635179247,0.06121562285922236,3.580965812596382e-05,6.989009310225531,7.398231404406261,nan,0.2145217024613679,nan
403.59000000000003,205.096923828125,-169.15066528320312,-58.86859130859375,206.21710657448156,-169.5145576316188,-58.87600518266253,1.177829356061018,0.34270058631527534,0.06123151919526904,3.652237939654103e-05,7.006483904023102,7.363200792084444,nan,nan,nan
403.6,205.08822631835938,-169.14833068847656,-58.87036895751953,206.21030854312954,-169.51246955704897,-58.87575370608113,1.179701076657742,0.3426266120485559,0.061225061316112946,3.574749019930462e-05,6.344014442755155,6.711651579655674,1.4915687933243902,2.615562396731546,nan
403.61,205.07952880859375,-169.1460418701172,-58.87211227416992,206.20168804211283,-169.50999693326253,-58.877597047648415,1.1797180663622047,0.34268081327901045,0.06124098400196132,3.6458876055055426e-05,6.357819134938609,6.719711897566484,nan,nan,nan
403.62,205.07083129882812,-169.143798828125,-58.87382507324219,206.19310710348344,-169.5075960450638,-58.881322852205265,1.1797913431859586,0.3427351008301655,0.06125697200247638,3.570923773208305e-05,7.1069911209365975,7.414399117065505,nan,2.487746361265624,nan
403.63,205.0621337890625,-169.14158630371094,-58.8754997253418,206.18448707736937,-169.50520683309543,-58.88311868398852,1.1798113585204877,0.3427894760923769,0.061273026232008164,3.642023714571859e-05,7.126041101029358,7.49986030416458,nan,nan,nan
403.64,205.05343627929688,-169.13941955566406,-58.87714385986328,206.17582593528877,-169.5028285414537,-58.88279943868338,1.179769730244871,0.34284393800407376,0.061289146099805125,3.567324845469624e-05,6.428398100694343,6.756868611781285,nan,2.9457964582552547,nan
403.65000000000003,205.0447540283203,-169.13729858398438,-58.878753662109375,206.16488920657886,-169.5003168404748,-58.88453088931662,1.1775051798068081,0.34276988320002544,0.061282721847092755,3.6361574703499145e-05,6.412291982935316,6.838177419403896,0.0853446420649756,nan,nan
403.66,205.0360565185547,-169.13522338867188,-58.880332946777344,206.15629625731523,-169.498079978853,-58.887750946257874,1.1775640127196787,0.34282410613425646,0.061298867285568485,3.5618000313652076e-05,7.039082313934799,7.376756035187626,nan,1.6163156741468359,nan
403.67,205.02735900878906,-169.1331787109375,-58.88187789916992,206.14767373741654,-169.49586225734163,-58.88941531283613,1.1775828032952538,0.342878416611875,0.061315079076330097,3.632750568897559e-05,7.05737679128693,7.447451261789151,nan,nan,nan
403.68,205.01866149902344,-169.1311798095703,-58.88339614868164,206.13901275373493,-169.49365652749339,-58.8889786327359,1.177542979724357,0.34293281372174056,0.06133135675816631,3.558632513553895e-05,6.368691004801884,6.69000422134391,nan,2.927641227860956,nan
403.69,205.0099639892578,-169.1292266845703,-58.88488006591797,206.13039046164363,-169.49152005237156,-58.89056300685517,1.1775586015962798,0.34298729862810357,0.06134770105134426,3.629560141746026e-05,6.382452678246095,6.760850620990749,nan,nan,nan
403.7,205.0012664794922,-169.12730407714844,-58.88633728027344,206.13162635604814,-169.48745440370956,-58.89399478693487,1.1863727684239695,0.3429131625481828,0.06134130482224953,3.5535324357345796e-05,7.458019136176904,7.760221655588685,3.106979733325451,2.3584631294723013,nan
403.71000000000004,204.99256896972656,-169.12542724609375,-58.88776397705078,206.1230178857866,-169.4853774258697,-58.89554048432259,1.1863976389926736,0.3429674081597256,0.06135767382184849,3.624353915355823e-05,7.476646189098181,7.8014724004215505,nan,nan,nan
403.72,204.98387145996094,-169.1235809326172,-58.88916015625,206.1125090230474,-169.4964853119726,-58.89602090367257,1.1886662672118757,0.3429967507665019,0.060153272110108486,3.55066134394243e-05,7.243281292466787,7.591636112576471,nan,0.720784864600846,0.14186019877192776
403.73,204.97518920898438,-169.1217803955078,-58.890533447265625,206.1038921651392,-169.49450589393126,-58.89750130005311,1.188672878204983,0.3430509287706682,0.060165550910688044,3.621467188785099e-05,7.258303170808769,7.586744104054197,nan,nan,nan
403.74,204.96649169921875,-169.12001037597656,-58.891876220703125,206.0952554853642,-169.49249238929372,-58.897332556094156,1.1886464178863667,0.3431051927288502,0.06017788632795983,3.548088554307762e-05,6.75688730788727,7.077211221875321,nan,1.8081286478337768,nan
403.75,204.95779418945312,-169.11827087402344,-58.893192291259766,206.09086725007103,-169.4858827228087,-58.89866129983505,1.191227493856709,0.3430317380118774,0.06017013563898548,3.616667922919217e-05,7.1175686494704316,7.444237339626765,7.032539704953763,nan,nan
403.76,204.9490966796875,-169.1165771484375,-58.89448165893555,206.08224377798018,-169.48394681395774,-58.89926347965326,1.1912202497115958,0.3430857661444825,0.060182506937700775,3.5435687668754495e-05,6.937323890434281,7.29875690221383,nan,0.42154960193735513,nan
403.77,204.94039916992188,-169.1149139404297,-58.895748138427734,206.07362951045906,-169.4820781000539,-58.900615415005014,1.1912364228850036,0.3431398804336867,0.06019494030697468,3.614272486725421e-05,6.948759062301585,7.26158054568342,nan,nan,nan
403.78000000000003,204.93170166015625,-169.11328125,-58.89698791503906,206.06500156593106,-169.48019390280444,-58.900752630403105,1.191221114780522,0.34319408063194506,0.060207430827993715,3.54135452423806e-05,6.6945425495574336,7.024725379469789,nan,0.9767467697241878,nan
403.79,204.92300415039062,-169.11167907714844,-58.89820098876953,206.0563871312595,-169.47839175579088,-58.90204442800883,1.1912388266109843,0.34324836725726093,0.060219983575226226,3.612056776888686e-05,6.704161773745823,7.061431448562038,nan,nan,nan
403.8,204.91432189941406,-169.110107421875,-58.899391174316406,206.03124884910656,-169.4735033287079,-58.90300279240073,1.1745618075850566,0.3431748325511819,0.06021233880072721,3.537185156257087e-05,6.371778298677351,6.855801095221699,3.139064946195126,0.07251815428991398,nan
403.81,204.90562438964844,-169.1085662841797,-58.90055847167969,206.02260944442315,-169.47177280688692,-58.90424507068641,1.174558717876373,0.3432288830448628,0.06022492687391588,3.6078017652490075e-05,6.379682821420242,6.781680606649749,nan,nan,nan
403.82,204.8969268798828,-169.1070556640625,-58.901702880859375,206.01396112545177,-169.4700399406038,-58.90461002435563,1.1745346066733586,0.3432830193976521,0.0602375726097013,3.535301635326747e-05,6.241922590899286,6.641639576438222,nan,0.505425026977489,nan
403.83,204.8882293701172,-169.1055908203125,-58.9028205871582,206.00532166363126,-169.46837089721188,-58.90579926658817,1.174526904312885,0.34333724206646177,0.06025028056792652,3.605923955134256e-05,6.249583158352077,6.74275983661064,nan,nan,nan
403.84000000000003,204.87953186035156,-169.10414123535156,-58.9039192199707,205.99669654296477,-169.46678726955395,-58.908431026440695,1.174559249505366,0.3433915508983553,0.06026304659699832,3.533574276682606e-05,6.579490050441253,7.002950045579032,nan,1.4842945773011496,nan
403.85,204.87083435058594,-169.10272216796875,-58.90499496459961,205.9698954006998,-169.46542860842086,-58.90955418095045,1.15737286138763,0.3433179368773135,0.06025550823927083,3.601998126929873e-05,6.091849675638063,6.618186857215615,9.140112614661783,nan,nan
403.86,204.8621368408203,-169.10133361816406,-58.90605163574219,205.96121696434133,-169.46382001292537,-58.90924959698485,1.1573174721147774,0.34337200930111633,0.060268309275020596,3.529875934680395e-05,5.803320564247777,6.298873376807495,nan,1.4471886972692196,nan
403.87,204.8534393310547,-169.0999755859375,-58.90708541870117,205.9525519588031,-169.46229253553932,-58.91035462075864,1.1572954800425332,0.34342616793324815,0.06028117254522986,3.600430638293101e-05,5.809377348989493,6.337793340711319,nan,nan,nan
403.88,204.84474182128906,-169.0986328125,-58.90810012817383,205.9438853861099,-169.4607868787253,-58.91128524875216,1.1572736447200778,0.3434804126719516,0.060294094364440026,3.528440710556005e-05,5.798389855931227,6.324684675158778,nan,0.01659245281172233,nan
403.89,204.8360595703125,-169.09732055664062,-58.90909194946289,205.93521993586606,-169.45931375795533,-58.91234943728719,1.1572394731553297,0.34353474389496264,0.06030707859741623,3.5990094699647625e-05,5.8037969568297365,6.470017669517655,nan,nan,nan
403.90000000000003,204.82736206054688,-169.09603881835938,-58.910064697265625,205.95633480479768,-169.477502269234,-58.912797379302496,1.191680028013177,0.3434610506149352,0.06029963833617353,3.525025883509043e-05,5.5796259288102545,5.9789396141465305,22.03634948416918,0.20759974746099652,nan
403.91,204.81866455078125,-169.09478759765625,-58.91101837158203,205.9477230638568,-169.47613816082728,-58.913817633963674,1.191725309729193,0.3435151451318296,0.060312656993121466,3.595523678200604e-05,5.5840691323536955,5.967532654898353,nan,nan,nan
403.92,204.80996704101562,-169.0935516357422,-58.91195297241211,205.9391033731617,-169.47476653977546,-58.913850283739556,1.1917538585713194,0.3435693256948021,0.06032573465498421,3.5238578216160936e-05,5.46619538473264,5.905940110790045,nan,0.6546764120729679,nan
403.93,204.80126953125,-169.09234619140625,-58.91286849975586,205.93049150598415,-169.47345251915104,-58.91482520585451,1.1918003733714675,0.3436235926391529,0.06033887476648934,3.5943748600213195e-05,5.468701830994464,5.89654541038593,nan,nan,nan
403.94,204.79257202148438,-169.09117126464844,-58.91376876831055,205.92188012014415,-169.47216582035995,-58.91587672421033,1.1918464987818052,0.3436779459288642,0.06035207426882919,3.522815627135516e-05,5.4867031600612926,5.847532500247332,nan,0.006167663589768019,nan
403.95,204.78387451171875,-169.0900115966797,-58.91464614868164,205.8783640834934,-169.46538029247446,-58.91682504302259,1.1570712286141667,0.3436041739338188,0.06034473131124195,3.591152560257754e-05,4.9239123510383545,5.670416656766181,14.979834234311417,nan,nan
403.96000000000004,204.77517700195312,-169.0888671875,-58.91550827026367,205.86971736260747,-169.46423485349663,-58.92016990742303,1.1571262751481013,0.34365829024047573,0.06035796484322685,3.519777776204414e-05,5.405840038278379,6.176693895608608,nan,4.0892037191515325,nan
403.97,204.7664794921875,-169.08775329589844,-58.91635513305664,205.86105288300377,-169.46303515745814,-58.921102073779515,1.1571300345877105,0.34371249282799643,0.06037126087451724,3.590251650895861e-05,5.413080187553648,6.099043813090993,nan,nan,nan
403.98,204.75778198242188,-169.086669921875,-58.91718292236328,205.85238683685014,-169.46185174603255,-58.921818222290526,1.1571269051065811,0.3437667816952321,0.06038461672287819,3.518968576877722e-05,5.393327604513759,6.078823679642502,nan,0.02796297253526158,nan
403.99,204.74908447265625,-169.08558654785156,-58.91799545288086,205.8437218673419,-169.4606964427766,-58.92271691515837,1.1571347161505965,0.34382115712353367,0.060398035271140696,3.589467391031617e-05,5.400263740203904,6.216478885257714,nan,nan,nan
404.0,204.74038696289062,-169.0845489501953,-58.91878890991211,205.8553804952391,-169.46019790802504,-58.923550268330345,1.1765820784082521,0.3437473066414387,0.06039078350461412,3.65911088439506e-05,5.831221192859112,6.3489729071321275,8.663150606291774,nan,nan
404.01,204.731689453125,-169.08351135253906,-58.91957092285156,205.84674423868347,-169.45906136032656,-58.92441741750058,1.176608886442907,0.34380144479526287,0.0604042354750721,3.7323978335391874e-05,5.838232325674382,6.382864399791293,nan,nan,nan
404.02,204.72299194335938,-169.08250427246094,-58.92033386230469,205.83810804298287,-169.45794661407936,-58.92530363642779,1.1766331485107284,0.3438556691554265,0.060417747569428366,3.652632515740019e-05,5.8827573839738205,6.441057048650489,nan,0.0007375799127797615,nan
404.03000000000003,204.7142791748047,-169.08152770996094,-58.921085357666016,205.82947139533326,-169.45685132656268,-58.92614209080274,1.1766677850848446,0.34390997998419837,0.060431322533153545,3.7257752256230736e-05,5.891281020426702,6.280301774323786,nan,nan,nan
404.04,204.70558166503906,-169.08055114746094,-58.921817779541016,205.82083480402804,-169.45577864108014,-58.927053754913224,1.1766956494483245,0.34396437731561663,0.06044495799556267,3.6464019838409305e-05,5.954014820541071,6.581933758637512,nan,0.004958060970348742,nan
404.05,204.69688415527344,-169.07960510253906,-58.92253875732422,205.79419097166155,-169.45649923396303,-58.928071612406896,1.160242236810489,0.34389044867963026,0.0604377930012087,3.717052029717041e-05,5.563717769853333,6.314535150566082,12.587810473830057,nan,nan
404.06,204.6881866455078,-169.07867431640625,-58.923240661621094,205.78551285286042,-169.45541647275056,-58.92599975120867,1.1602013059315055,0.34394460846081965,0.06045146142489229,3.6381575219190343e-05,4.946139175800698,5.824273713501448,nan,5.388806017966801,nan
404.07,204.6794891357422,-169.07777404785156,-58.92393112182617,205.7768503468936,-169.45443030472603,-58.926760381796555,1.1602066920572314,0.3439988546142163,0.06046519278321787,3.71094610979971e-05,4.949786967514099,5.705741064249967,nan,nan,nan
404.08,204.67079162597656,-169.07687377929688,-58.92461013793945,205.76819015917005,-169.4534745569092,-58.92797041352778,1.1602253995691778,0.3440531871983444,0.060478985035299804,3.632417857302751e-05,5.041458030158754,5.8897157085330205,nan,0.13985991806242895,nan
404.09000000000003,204.66209411621094,-169.0760040283203,-58.92527389526367,205.75952744131575,-169.45252471050668,-58.9287100672301,1.1602325346422948,0.34410760643758437,0.06049284043413742,3.7050881643305026e-05,5.046247915666838,5.84067507908251,nan,nan,nan
404.1,204.65338134765625,-169.0751495361328,-58.92592239379883,205.73594634446437,-169.45335971988166,-58.929997632792364,1.1467373382681623,0.3440335999459203,0.06048575675708456,3.6246757963112405e-05,4.83070769302185,5.79207920053956,7.687089724832497,0.20165429976028934,nan
404.11,204.64468383789062,-169.07431030273438,-58.92656326293945,205.7272629228758,-169.45247207340813,-58.930718491621384,1.146734958903699,0.3440877813493738,0.06049964446832045,3.6971447134899665e-05,4.835914219831148,5.833619772131716,nan,nan,nan
404.12,204.635986328125,-169.073486328125,-58.92718505859375,205.71857623694413,-169.45158408980132,-58.930724948233646,1.14672200592834,0.34414204910899715,0.0605135934478709,3.6194081543553166e-05,4.711454992834462,5.85310985124223,nan,0.32554543421394466,nan
404.13,204.62728881835938,-169.0726776123047,-58.927799224853516,205.70989260158032,-169.45073003921866,-58.93141562239571,1.1467203962915415,0.3441964034300049,0.06052760566107519,3.691775171995734e-05,4.715791747230213,5.7853787466943905,nan,nan,nan
404.14,204.61859130859375,-169.07188415527344,-58.92839813232422,205.7012042679313,-169.44986644119555,-58.930992989646256,1.146703170607391,0.3442508444006476,0.060541679496931115,3.6143668956953534e-05,4.5440861637333345,5.69256714718548,nan,0.8032199093939751,nan
404.15000000000003,204.60987854003906,-169.07110595703125,-58.928985595703125,205.6893533520445,-169.44171862521475,-58.93165685596001,1.1413267521632917,0.3441767604570472,0.06053467457181773,3.6843290499098314e-05,4.729989789194279,5.682107872377741,5.294166903943042,nan,nan
404.16,204.60118103027344,-169.07034301757812,-58.929561614990234,205.68065585284089,-169.44085295349828,-58.9310042534304,1.141291192631508,0.34423096331682645,0.060548780193518295,3.6073326047539755e-05,4.590393593866973,5.665484850063068,nan,1.1210622642692145,nan
404.17,204.5924835205078,-169.06961059570312,-58.93013000488281,205.6719632118515,-169.44003203899786,-58.931627404702276,1.1412671430836185,0.34428525264543053,0.060562949147436124,3.6794269225961024e-05,4.590548303468899,5.4808573707594,nan,nan,nan
404.18,204.58377075195312,-169.06887817382812,-58.93068313598633,205.66326827536452,-169.43921353069726,-58.93167270988807,1.1412555186526905,0.34433962854586275,0.060577180072233325,3.602734839622507e-05,4.553496517975346,5.526257349605894,nan,0.21423129254443324,nan
404.19,204.5750732421875,-169.0681610107422,-58.93122482299805,205.6545750352211,-169.4384221696994,-58.93226952913072,1.1412355315209803,0.3443940912005041,0.060591474560192385,3.674748564722223e-05,4.552433365024223,5.656397799100513,nan,nan,nan
404.2,204.56637573242188,-169.0674591064453,-58.93175506591797,205.65130706980477,-169.43739329318936,-58.93244836129529,1.1462668930122262,0.34431993008827944,0.06058454216341618,3.5961496615999846e-05,4.655566911045821,5.706306008789729,0.7830690047460609,0.13032302065219006,nan
404.21000000000004,204.5576629638672,-169.0667724609375,-58.93227767944336,205.64262126862258,-169.43662278520276,-58.93302156145511,1.146265387585812,0.34437415435191626,0.06059886776036686,3.667999420087574e-05,4.654235060362278,5.529431340149037,nan,nan,nan
404.22,204.54896545410156,-169.06610107421875,-58.93278884887695,205.6339307527682,-169.43583658598396,-58.93213735762853,1.1462349115307624,0.34442846510755504,0.06061325565903604,3.5919746773058125e-05,4.64764568979886,5.662608813937675,nan,1.4038739978930375,nan
404.23,204.54026794433594,-169.06544494628906,-58.93328857421875,205.6252442637224,-169.43509330370148,-58.93267742630894,1.1462172112077522,0.3444828625265237,0.06062770723641441,3.6637572507048105e-05,4.642766485896999,5.69127719146875,nan,nan,nan
404.24,204.53155517578125,-169.06478881835938,-58.933780670166016,205.6165556316305,-169.43434860919552,-58.93246191138604,1.1462120952601385,0.34453734672898556,0.06064222145314564,3.588001956945969e-05,4.67763482864433,5.669935561531265,nan,0.37410663368687946,nan
404.25,204.52285766601562,-169.0641632080078,-58.934261322021484,205.5982533221387,-169.4240834117966,-58.933023220464605,1.134028175663733,0.34446310881466785,0.060635358301064875,3.657447912775817e-05,4.816039961445611,5.916269318312468,5.937840467744644,nan,nan
404.26,204.51416015625,-169.06353759765625,-58.934730529785156,205.58955090461882,-169.42337004393096,-58.934769723353675,1.1339949967285674,0.3445173543527376,0.060649903036029705,3.5820436088978695e-05,4.770807349227928,5.9967161195004595,nan,1.034418497779804,nan
404.27,204.5054473876953,-169.0628204345703,-58.93529510498047,205.58084536427856,-169.42259379138005,-58.935332149962,1.1339831029084255,0.3445716864638701,0.060664511574008734,3.653619732439933e-05,4.765791903960468,5.845637799265495,nan,nan,nan
404.28000000000003,204.4967498779297,-169.06202697753906,-58.93595504760742,205.57214131500987,-169.42173851368642,-58.9366723881369,1.1339575154124222,0.34462610527626586,0.0606791830601749,3.57846319995571e-05,4.775363313682858,5.86739379644767,nan,0.31554696662094045,nan
404.29,204.488037109375,-169.06112670898438,-58.936702728271484,205.56343588500033,-169.42078070325255,-58.9374286080546,1.133946228491885,0.3446806109488088,0.06069391859559427,3.649989282778136e-05,4.770369165951624,5.936414993672978,nan,nan,nan
404.3,204.47933959960938,-169.06015014648438,-58.93754196166992,205.5255147781975,-169.40803433910114,-58.93768336221789,1.1024998574878067,0.34460629654551084,0.06068711891899159,3.572898500714718e-05,4.5720545347111194,6.149981217485436,7.299869964507584,0.25820848084470627,nan
404.31,204.4706268310547,-169.05908203125,-58.93846893310547,205.51676157047874,-169.40688098376182,-58.93861682258651,1.1024345904721242,0.34466056327824934,0.060701884265508516,3.6442907212294106e-05,4.567177801475367,6.071936404169692,nan,nan,nan
404.32,204.46192932128906,-169.05792236328125,-58.93948745727539,205.508009023085,-169.4056461907269,-58.93998631697776,1.1023587671642838,0.3447149166284745,0.060716712854377804,3.5696890421432515e-05,4.568159734997476,6.192166643683603,nan,0.0812837822978323,nan
404.33,204.45321655273438,-169.05667114257812,-58.94059371948242,205.49925589363392,-169.40431933417193,-58.94110195661562,1.102296614406926,0.34476935674951337,0.06073160562975762,3.641042001666141e-05,4.563030152544768,6.070263814795096,nan,nan,nan
404.34000000000003,204.44451904296875,-169.0553436279297,-58.9417839050293,205.49050471963926,-169.40292798701552,-58.94364346666752,1.1022270094905409,0.34482388377820916,0.06074656197168432,3.5666566376009217e-05,4.647666711783848,6.358753751831948,nan,1.2165516538864958,nan
404.35,204.43580627441406,-169.05393981933594,-58.94306182861328,205.48207680939424,-169.40618417733802,-58.94488925003103,1.1039752984469582,0.3447494932324202,0.06073982194361466,3.63572502821793e-05,4.483163321399675,5.944939592430421,2.636696017045706,nan,nan
404.36,204.42710876464844,-169.0524444580078,-58.94442367553711,205.47332462346412,-169.40460408850174,-58.94489445248283,1.1038950358698039,0.3448037810501243,0.06075480744658329,3.561636356290055e-05,4.392238854708032,6.088484588833152,nan,1.3032332287510593,nan
404.37,204.4184112548828,-169.0508575439453,-58.945865631103516,205.46457416580995,-169.4029622740133,-58.94635395559047,1.1038273486359176,0.34485815554950655,0.06076985727956615,3.6328357400480645e-05,4.386999197686294,6.271207999496519,nan,nan,nan
404.38,204.40969848632812,-169.04920959472656,-58.94739532470703,205.4558244445224,-169.40124762154676,-58.948510558073444,1.1037715055575552,0.3449126168709946,0.060784970955006026,3.5589441267909705e-05,4.410808393227664,5.902454863691533,nan,0.2564005281166064,nan
404.39,204.4010009765625,-169.04747009277344,-58.94900131225586,205.4470743121147,-169.39944373393323,-58.95014351254418,1.1037011244200443,0.3449671651623626,0.06080014921892302,3.6301177485935966e-05,4.406566426753299,6.294974921371744,nan,nan,nan
404.40000000000003,204.3922882080078,-169.045654296875,-58.95069122314453,205.39943556045597,-169.37738681319658,-58.95154303270415,1.0603739800220988,0.34489269880273193,0.060793463390785826,3.554262409634076e-05,4.312689741689303,6.523035953950215,18.58684084673112,0.06396354069270684,nan
404.41,204.3835906982422,-169.04376220703125,-58.95246124267578,205.3906201317084,-169.375380042058,-58.95333641889057,1.0602261241398085,0.3449470076119092,0.06080867007656619,3.625325906744167e-05,4.308190540168273,6.722993636859913,nan,nan,nan
404.42,204.3748779296875,-169.04177856445312,-58.954307556152344,205.38180521875125,-169.37330303196086,-58.95578277724422,1.060100568009864,0.3450014031564451,0.06082394086839186,3.55188929247563e-05,4.342950935287516,6.714804131969799,nan,0.22466244617671424,nan
404.43,204.36618041992188,-169.0397491455078,-58.956214904785156,205.37299017284292,-169.3711485053283,-58.95773086233244,1.0599498631509185,0.3450558855821074,0.06083927640167921,3.622935532524165e-05,4.340292627761552,6.718449284005962,nan,nan,nan
404.44,204.35748291015625,-169.03770446777344,-58.958126068115234,205.36417496596766,-169.36894115229794,-58.9584341749852,1.0597861724604805,0.34511045503246107,0.06085467635458387,3.54966815708285e-05,4.275505383503589,6.827222759710629,nan,1.121300515769635,nan
404.45,204.34877014160156,-169.03567504882812,-58.960025787353516,205.39023739448967,-169.3776743331866,-58.960472826335106,1.096183264415158,0.3450359131968203,0.06084804049850164,3.618468659244247e-05,4.6019491644909465,6.3574334313922005,9.646741578443047,nan,nan
404.46000000000004,204.34007263183594,-169.03366088867188,-58.96189880371094,205.3814796433928,-169.37551549851102,-58.96254027078067,1.096080995852067,0.3450902428963716,0.06086346816837278,3.545450368376229e-05,4.604731814951333,6.589065555049585,nan,0.009616029539301305,nan
404.47,204.3313751220703,-169.0316925048828,-58.963741302490234,205.37272226490472,-169.37338554923957,-58.96446305494402,1.0959737813368466,0.3451446593881915,0.06087896073678925,3.6163843514114154e-05,4.604798094772859,6.523698871391382,nan,nan,nan
404.48,204.32266235351562,-169.02975463867188,-58.96554946899414,205.36396525571683,-169.37130719043518,-58.9678910323621,1.095890214696568,0.34519916281664315,0.06089451797337648,3.5435185169530034e-05,4.7425569448734715,6.548760401940658,nan,1.6258040565878062,nan
404.49,204.31396484375,-169.02786254882812,-58.967323303222656,205.355208310339,-169.36924832044335,-58.969764535133116,1.0957819862494809,0.34525375332625424,0.06091014037655527,3.6144456145745767e-05,4.75015101390156,6.679095038862222,nan,nan,nan
404.5,204.30526733398438,-169.0260009765625,-58.96906280517578,205.31451412744156,-169.36349152070545,-58.971122103388815,1.0641819384854434,0.345179136349526,0.06090354926062608,3.5395865261497985e-05,4.204922511336576,6.64103241661112,12.019368962207777,0.16455539679398898,nan
404.51,204.2965545654297,-169.024169921875,-58.970767974853516,205.3057091560194,-169.36152586497718,-58.97292372682077,1.064052004049227,0.3452334868409698,0.06091919860828841,3.610421806075249e-05,4.210468382723475,6.477369179214763,nan,nan,nan
404.52,204.28785705566406,-169.0223846435547,-58.97243881225586,205.29690439281742,-169.35959289741677,-58.97433857888027,1.063902976874412,0.34528792418004434,0.060934912862358,3.537923905757076e-05,4.180419987579994,6.614161319913192,nan,0.08642095659647402,nan
404.53000000000003,204.27915954589844,-169.0206298828125,-58.97407531738281,205.288099817801,-169.35769932249912,-58.9760712698544,1.0637576149028167,0.3453424485114044,0.060950692446627854,3.608758875683846e-05,4.185292099346363,6.682178467348109,nan,nan,nan
404.54,204.2704620361328,-169.0189208984375,-58.97568130493164,205.2792953479211,-169.35584776561774,-58.978499575928396,1.0636128560021445,0.34539705997923986,0.06096653724266047,3.536389261345244e-05,4.296325716151525,6.664455214297837,nan,0.36597903529316295,nan
404.55,204.2617645263672,-169.01722717285156,-58.97725296020508,205.2671748991071,-169.34851105122058,-58.98012969381007,1.0585874084252296,0.3453223681977183,0.06095998635233161,3.605006716338456e-05,4.419073740207482,7.004868949457068,2.2148980344776574,nan,nan
404.56,204.2530517578125,-169.0155792236328,-58.97879409790039,205.2583641158674,-169.3467001211602,-58.98164705444966,1.0584432556345864,0.34537673938161984,0.06097585733714995,3.5328451616518336e-05,4.416949188426465,6.7224948503109,nan,0.011312936175227963,nan
404.57,204.24435424804688,-169.0139617919922,-58.98030471801758,205.24955341682417,-169.34492355814052,-58.98326088420403,1.0582862554531796,0.34543119746861417,0.060991793818063904,3.603599409112052e-05,4.42571827818389,6.926721753311545,nan,nan,nan
404.58,204.23565673828125,-169.0123748779297,-58.981788635253906,205.24074363995,-169.34317074890097,-58.983735499657044,1.0581254077087303,0.34548574260210163,0.0610077957366751,3.5315517883469036e-05,4.287118917229144,6.688028923615907,nan,0.8539493924858128,nan
404.59000000000003,204.22695922851562,-169.01083374023438,-58.983238220214844,205.23193319700744,-169.34145891554746,-58.98528004881632,1.0579649582859667,0.3455403749279555,0.06102386342676805,3.602313469269162e-05,4.292568577168742,6.793474043797894,nan,nan,nan
404.6,204.21826171875,-169.00930786132812,-58.98466110229492,205.25466554556672,-169.3555776995319,-58.98675756465205,1.0927214138308203,0.34546560867721887,0.06101734766838402,3.528244442993147e-05,4.390575290152702,6.42159690745394,11.614833357284185,0.012203705398360182,nan
404.61,204.2095489501953,-169.0078125,-58.986053466796875,205.2459082020032,-169.35396093070548,-58.988246728382585,1.0926408583263036,0.34552000045533443,0.061033440740666974,3.598928072685108e-05,4.396609820301856,6.335328423488917,nan,nan,nan
404.62,204.2008514404297,-169.00634765625,-58.987422943115234,205.2371509700888,-169.35237440219782,-58.98972770481837,1.092545896523097,0.34557447918920003,0.06104959946795507,3.527173803770586e-05,4.410217028549564,6.347632404259806,nan,0.0002497362586092415,nan
404.63,204.19215393066406,-169.00491333007812,-58.98876190185547,205.22839396862156,-169.35081718015485,-58.991163309432686,1.092450757024045,0.3456290450259446,0.06106582413666421,3.597869839572294e-05,4.4166063202841155,6.445413488419953,nan,nan,nan
404.64,204.18345642089844,-169.00350952148438,-58.990074157714844,205.21963965401,-169.34927319079887,-58.99022129180733,1.092349865770022,0.345683698107041,0.061082114759543865,3.5262088688345786e-05,4.2537082882374895,6.27190939285442,nan,3.8459147338190354,nan
404.65000000000003,204.1747589111328,-169.00213623046875,-58.99135971069336,205.19627605039938,-169.34655892122117,-58.99151987553141,1.0780186832208705,0.34560885772589606,0.06107562942215732,3.59470725832964e-05,4.026128584312575,6.258149180554962,2.8609993026848164,nan,nan
404.66,204.1660614013672,-169.00079345703125,-58.992618560791016,205.18749940454254,-169.34508361845607,-58.99073346431114,1.0779029933966742,0.34566326999651925,0.06109194462438429,3.5232196055087676e-05,4.122970425896968,6.3823241837399625,nan,3.134354111589083,nan
404.67,204.1573486328125,-168.9994659423828,-58.99385452270508,205.17872022451724,-169.34364824654307,-58.992022763187784,1.077805521502584,0.3457177692800691,0.06110832593875334,3.593858338111535e-05,4.112096150743643,6.211048332096678,nan,nan,nan
404.68,204.14865112304688,-168.9981689453125,-58.99506378173828,205.16994308184897,-169.34223155836872,-58.99184262317435,1.077695097269813,0.3457723557164755,0.06112477341458386,3.522451945300512e-05,4.309768002385251,6.633515636028499,nan,1.4562126291564996,nan
404.69,204.13995361328125,-168.9969024658203,-58.99625015258789,205.1611639856458,-169.34084889075652,-58.99307005319793,1.0775805681634527,0.34582702945525345,0.061141287283405045,3.593108665656583e-05,4.293269604426688,6.5665046362125254,nan,nan,nan
404.7,204.13125610351562,-168.9956512451172,-58.997413635253906,205.15032562049626,-169.34168369582673,-58.994655615833445,1.0762196541851126,0.3457521152769029,0.06113482735458783,3.519655053644959e-05,4.1309359641767465,6.556198620473347,1.3256458761281706,0.050186456689159054,nan
404.71000000000004,204.12255859375,-168.9944305419922,-58.99855422973633,205.1415438633252,-169.3403628723441,-58.99584270997566,1.0761075732162533,0.3458065479447728,0.0611513649616518,3.590243771706514e-05,4.1160036122704415,6.514573194021436,nan,nan,nan
404.72,204.1138458251953,-168.9932403564453,-58.999671936035156,205.1228252482557,-169.3410139075649,-58.99597439389544,1.0672392378635132,0.34213750372882284,0.06102429742653309,3.51899929151552e-05,4.651176109937306,6.855091782899269,nan,0.7398363005281356,0.026524988277105543
404.73,204.1051483154297,-168.9920654296875,-59.00076675415039,205.11403844132056,-169.33975125189434,-58.99710789094656,1.0671260958123419,0.3421886731283014,0.06103953197188064,3.5896080550620925e-05,4.63096989395928,7.124191000843372,nan,nan,nan
404.74,204.09645080566406,-168.9909210205078,-59.00183868408203,205.10531914044273,-169.33849324064073,-58.99676408409882,1.0670742789010512,0.34223992521644575,0.06105482581572759,3.518500089309285e-05,4.985550056338769,7.491632034197475,nan,1.4816560532337273,nan
404.75,204.08775329589844,-168.9897918701172,-59.002891540527344,205.11053003672782,-169.3470884620435,-58.99785796783,1.0834013351652465,0.3421732921392733,0.06104799043086978,3.5869247453391455e-05,4.890156362790769,7.304762479560493,5.187666553643591,nan,nan
404.76,204.07904052734375,-168.9886932373047,-59.00392150878906,205.10175656964296,-169.34592576805645,-58.999107944618025,1.0833219071926365,0.3422243238109417,0.06106330537743962,3.5159610901400437e-05,4.838662208313046,7.106732617802577,nan,0.025865469136343328,nan
404.77,204.07034301757812,-168.98760986328125,-59.00492858886719,205.0929918081713,-169.34478283224334,-59.000147704916046,1.0832386327629815,0.3422754440110765,0.06107868019331779,3.5865295454939e-05,4.812259781426194,7.422902302878462,nan,nan,nan
404.78000000000003,204.0616455078125,-168.98655700683594,-59.00592041015625,205.08427086971483,-169.34365010955136,-59.00019197112313,1.0831947792648156,0.3423266470019171,0.061094114598737724,3.515619839953366e-05,5.103981043139475,7.49137313766687,nan,0.6668354249782605,nan
404.79,204.05294799804688,-168.9855194091797,-59.00688934326172,205.07550570405726,-169.34255050602354,-59.001183886735596,1.0831103445489412,0.3423779387282185,0.06110960914521512,3.586213872765597e-05,5.073676838163804,7.665476548977557,nan,nan,nan
404.8,204.0442352294922,-168.9844970703125,-59.00783920288086,205.0925627732319,-169.35685668462406,-59.00315044954982,1.1125036205520293,0.34231121516735574,0.06110281511862653,3.513233966791541e-05,4.783908183844445,7.19501646517816,11.162244334430108,0.620781057386682,nan
404.81,204.03553771972656,-168.98350524902344,-59.00877380371094,205.08383842501263,-169.35583799740886,-59.00411606528231,1.1124692080011807,0.3423622861323991,0.061118330292560606,3.5837671453527486e-05,4.75909359384802,7.087476681091821,nan,nan,nan
404.82,204.02684020996094,-168.98252868652344,-59.00968551635742,205.07514762885222,-169.35483098498844,-59.004291258390005,1.1124686710032996,0.342413439988344,0.06113390533903933,3.513035982406349e-05,4.977464754709386,7.550730665201321,nan,0.4182745556706833,nan
404.83,204.01812744140625,-168.9815673828125,-59.010581970214844,205.06642293097403,-169.35385219970888,-59.005213925563545,1.1124514525331424,0.34246468232888566,0.061149540744563004,3.583597370100462e-05,4.948879950989587,7.341631006239948,nan,nan,nan
404.84000000000003,204.00942993164062,-168.98062133789062,-59.01145553588867,205.05771492059665,-169.35288873193633,-59.00572820598688,1.1124375187164102,0.3425160079310945,0.06116523632603345,3.512905892320908e-05,5.073717518445433,7.894249297075187,nan,0.1073255415975069,nan
404.85,204.000732421875,-168.97970581054688,-59.0123176574707,205.01812255772637,-169.34302834459115,-59.006638636919426,1.0803324504736704,0.3424491995792841,0.06115848029809044,3.581291747098127e-05,4.736170519176677,7.645894261457613,8.9485496228686,nan,nan
404.86,203.99203491210938,-168.9788055419922,-59.013160705566406,205.00940293669106,-169.34209009798343,-59.00614844084754,1.080306686973418,0.34250030426076117,0.06117419604149057,3.510720987261112e-05,5.231361681886884,8.287587513648681,nan,1.2966593663210986,nan
404.87,203.9833221435547,-168.97792053222656,-59.01398468017578,205.00062579553577,-169.34118365345492,-59.00698811695118,1.0802387548480048,0.34255149717763356,0.06118997236209536,3.58125365525293e-05,5.192965639811943,8.22838501534748,nan,nan,nan
404.88,203.97462463378906,-168.97705078125,-59.014793395996094,204.99184825952742,-169.34029502811663,-59.007817689166345,1.0801569090311647,0.3426027734522806,0.06120580913217021,3.5107146261101844e-05,5.207116353685914,8.444980444572431,nan,2.1371042682967433e-05,nan
404.89,203.96591186523438,-168.97621154785156,-59.015586853027344,204.98307081986945,-169.33942378164468,-59.008626574158825,1.0800851407427299,0.3426541381707469,0.061221706755914346,3.581277976674605e-05,5.169469029656982,8.079755449834071,nan,nan,nan
404.90000000000003,203.95721435546875,-168.97537231445312,-59.01636505126953,204.98073918926383,-169.34036988452655,-59.00911339536789,1.0866825194453378,0.34258723989740697,0.06121498463646723,3.508649035423228e-05,5.376764716398897,8.558104122148729,0.44713665570833017,0.05188088056633783,nan
404.91,203.94851684570312,-168.9745635986328,-59.01712417602539,204.9719721913384,-169.33953314196089,-59.009889095548,1.0866075457385962,0.3426383833518984,0.06123090190453729,3.579156268496746e-05,5.335907916188711,8.546179002538137,nan,nan,nan
404.92,203.93980407714844,-168.9737548828125,-59.01787185668945,204.96316682104484,-169.3387213173756,-59.01159863885293,1.0865133028246288,0.3426896102557759,0.06124687988839391,3.508753786180624e-05,4.990107122408604,8.09344377275636,nan,0.6317026746903844,nan
404.93,203.9311065673828,-168.9729766845703,-59.01860427856445,204.95439943143134,-169.33791738725168,-59.01235536642782,1.0864387009809162,0.3427409253585181,0.06126291894555756,3.579293535320116e-05,4.954821661537637,8.114068101672077,nan,nan,nan
404.94,203.9224090576172,-168.9722137451172,-59.01932144165039,204.94559410330803,-169.33713703027146,-59.01405256327849,1.0863261033651215,0.3427923242779914,0.06127901901774498,3.508911246156129e-05,4.650331667223554,7.886305913641683,nan,0.6395048095999285,nan
404.95,203.9136962890625,-168.97146606445312,-59.020023345947266,204.95955411092848,-169.35014669481177,-59.01480036322463,1.1123151005518142,0.3427253409227412,0.06127232720690239,3.577280514634439e-05,4.630977961526739,7.706727740519881,8.607687976376381,nan,nan
404.96000000000004,203.90499877929688,-168.97071838378906,-59.020713806152344,204.95082184403586,-169.34942448876504,-59.015533009064235,1.1122908960090347,0.34277651841104734,0.061288446406693474,3.50700006315969e-05,4.628829016379747,7.987811999227025,nan,2.9840779456853485e-05,nan
404.97,203.8962860107422,-168.97000122070312,-59.02138900756836,204.94208960730313,-169.3487171493516,-59.01624627616693,1.1122757593682149,0.3428277838572428,0.06130462689883041,3.577518654542424e-05,4.598540748410018,7.674883163241353,nan,nan,nan
404.98,203.88758850097656,-168.9692840576172,-59.02204895019531,204.93331553419728,-169.348032501505,-59.018040116070495,1.1122101791060353,0.3428791332042817,0.06132086866398652,3.507252154555802e-05,4.312624140935764,7.866745027579908,nan,0.8402283808811618,nan
404.99,203.87887573242188,-168.96859741210938,-59.02269744873047,204.92458295958568,-169.34735403862945,-59.01873944159858,1.1121941615095496,0.34293057072213995,0.06133717200173543,3.5778046974154745e-05,4.288118707054742,7.399431373362685,nan,nan,nan
405.0,203.87017822265625,-168.96791076660156,-59.02333450317383,204.88905413572257,-169.33424081132347,-59.02058065413843,1.0827342294289948,0.34286349798172483,0.06133050643009863,3.5054318020894714e-05,3.943906454515362,7.577397948635235,7.154246085576017,0.8607880625157956,nan
405.01,203.86146545410156,-168.96725463867188,-59.023956298828125,204.88027761857745,-169.3335657523805,-59.021268077322034,1.0826676706383043,0.34291471372979804,0.06134682833576176,3.575931201719455e-05,3.9253793483160853,7.316340078350003,nan,nan,nan
405.02,203.85276794433594,-168.9665985107422,-59.024566650390625,204.8714813039655,-169.33290765795488,-59.022482747969555,1.0825726964360216,0.3429660134565018,0.06136321176597163,3.505767923257203e-05,3.8422741536921836,7.541934372425131,nan,0.20424890280509997,nan
405.03000000000003,203.84405517578125,-168.96595764160156,-59.02516555786133,204.8627046466761,-169.33225937964443,-59.02315278062062,1.0825099348827185,0.34301740112022816,0.06137965698821742,3.5763025098476685e-05,3.8271186387812115,7.305107818720234,nan,nan,nan
405.04,203.83535766601562,-168.96533203125,-59.02574920654297,204.85395663060243,-169.33161918597108,-59.02301301891403,1.0824590602390958,0.3430688731240294,0.06139616403094991,3.5061440275779554e-05,3.9226208538130853,7.723711112412477,nan,0.44894943971940676,nan
405.05,203.82664489746094,-168.9647216796875,-59.02632522583008,204.85535138002575,-169.3318322939676,-59.023793358433956,1.092251638012277,0.34300171503361404,0.061389520910183196,3.574510715903809e-05,4.040002749412337,7.317116625098747,2.827877681086955,nan,nan
405.06,203.8179473876953,-168.964111328125,-59.026885986328125,204.84657055070292,-169.3312178713135,-59.02504188326255,1.0921704199637083,0.3430529650908422,0.06140604595512948,3.5044392808292775e-05,3.9527980710153447,7.7466782789784885,nan,0.2673576187611683,nan
405.07,203.80923461914062,-168.96351623535156,-59.02743911743164,204.83781110702517,-169.33061222049704,-59.02566993682906,1.0921227878488993,0.3431043028568071,0.06142263301028462,3.5749572581136556e-05,3.9387573547274894,7.354017015974517,nan,nan,nan
405.08,203.800537109375,-168.9629364013672,-59.02798080444336,204.82904559047424,-169.33001944848175,-59.02645974955272,1.0920540155047058,0.34315572503088904,0.06143928213015182,3.5048858552744774e-05,3.912497496524882,7.497559740569522,nan,0.020793684959217688,nan
405.09000000000003,203.7918243408203,-168.96237182617188,-59.02851104736328,204.8202860016169,-169.32943739233093,-59.02706961102148,1.0920039355821278,0.34320723513324525,0.06145599354343891,3.5754396898007444e-05,3.9002626988604288,7.313844581009319,nan,nan,nan
405.1,203.78311157226562,-168.96182250976562,-59.029029846191406,204.81412835868852,-169.3346183603955,-59.0269208490794,1.0963470290019772,0.3431399881585311,0.061449368799429964,3.503248496398747e-05,3.857588465493405,7.361417679661554,3.269051694259239,0.3160283487371182,nan
405.11,203.7744140625,-168.96127319335938,-59.029537200927734,204.80537131851221,-169.33408140989567,-59.027503510788925,1.096295108963272,0.34319127598240506,0.06146609761357769,3.573750868441373e-05,3.8416170597020227,7.731897316625862,nan,nan,nan
405.12,203.7657012939453,-168.9607391357422,-59.03003692626953,204.79661274089614,-169.33355571977495,-59.028118336593884,1.0962546683004106,0.34324264827500933,0.061482888730841276,3.5037568257614944e-05,3.826578017636941,7.376595019735487,nan,0.0012078693739335372,nan
405.13,203.75698852539062,-168.96022033691406,-59.03052520751953,204.78785526543427,-169.33304060490036,-59.02868305581274,1.096213748076764,0.34329410827661094,0.06149974235917322,3.5742958585513075e-05,3.8122198228410813,7.380694495621933,nan,nan,nan
405.14,203.748291015625,-168.95970153808594,-59.031005859375,204.77913965700407,-169.33253027353175,-59.02793907837062,1.09620235018582,0.34334565310091286,0.06151665858401758,3.504294726529438e-05,3.9809225340635623,7.757651478260595,nan,1.1896540741269022,nan
405.15000000000003,203.7395782470703,-168.95919799804688,-59.03147506713867,204.79200673318826,-169.33398441613357,-59.028457198088006,1.1171748677393252,0.34327832054293894,0.0615100482830203,3.572666796433386e-05,4.282139789336462,7.53705556165103,8.071704661774017,nan,nan
405.16,203.73086547851562,-168.95870971679688,-59.03193664550781,204.7833138692668,-169.33348118728483,-59.028122472201254,1.1171910392607292,0.3433296429013788,0.06152698129618295,3.502741392383417e-05,4.43854653066587,7.558353257543427,nan,0.521038227629178,nan
405.17,203.72216796875,-168.9581298828125,-59.03248977661133,204.77459374074138,-169.33293979958,-59.028682068578306,1.117182607230967,0.3433810527559035,0.061543977036218944,3.5732661898090146e-05,4.423267433586053,7.833078740588372,nan,nan,nan
405.18,203.7134552001953,-168.9574432373047,-59.033138275146484,204.76590448425802,-169.33230182413112,-59.028326980594926,1.117224956844802,0.34343254748275504,0.061561035604750715,3.503330178363917e-05,4.672464825068212,8.03050215626553,nan,0.7175408343477517,nan
405.19,203.70474243164062,-168.95668029785156,-59.03387451171875,204.757183778614,-169.3315758752545,-59.02906399781069,1.1172298885276375,0.34348412993308625,0.06157815718562533,3.573891765270387e-05,4.65386382604668,8.081502353544316,nan,nan,nan
405.2,203.696044921875,-168.955810546875,-59.03470230102539,204.75373593135777,-169.3383718213021,-59.02989379834716,1.1247606509520016,0.3434167089507959,0.061571557231337934,3.501825396337385e-05,4.551601026684105,8.504318976094831,4.337784664374984,0.003997850907279711,nan
405.21000000000004,203.6873321533203,-168.95486450195312,-59.035621643066406,204.74502222244843,-169.33749228116122,-59.03081459276145,1.124782382279606,0.3434680686112775,0.06158869495809861,3.5723362903286615e-05,4.5329801711983055,8.10426307078361,nan,nan,nan
405.22,203.67861938476562,-168.95382690429688,-59.03662872314453,204.73632809327685,-169.3365220622149,-59.031164383183885,1.1248258331695604,0.34351951318578655,0.061605895740072546,3.502458058776902e-05,4.733403204932705,8.42357440976851,nan,0.3079717243247085,nan
405.23,203.669921875,-168.9527130126953,-59.037723541259766,204.72761465050877,-169.3354662015209,-59.03225730180666,1.124830605332798,0.3435710452807727,0.06162315974888255,3.57300624778804e-05,4.711978362267418,8.437084497779974,nan,nan,nan
405.24,203.6612091064453,-168.9514923095703,-59.03890609741211,204.71885029242156,-169.3343284721695,-59.035209149908106,1.1248031263682379,0.34362266263547575,0.06164048710440191,3.503111983611303e-05,4.260474277731074,8.101254546409642,nan,2.210682158142775,nan
405.25,203.65249633789062,-168.9501953125,-59.0401725769043,204.69769641284827,-169.33077473767915,-59.036428225590655,1.1123389392302716,0.34355515587900426,0.06163389345304406,3.5714931231386325e-05,4.118541985769325,8.0951533598992,2.0113964517912186,nan,nan
405.26,203.64378356933594,-168.94882202148438,-59.04152297973633,204.6889006553644,-169.32947039355224,-59.03997804309319,1.1122793235045583,0.34360655024561326,0.06165123629711828,3.50166614800042e-05,3.7892255205045617,7.737067580617703,nan,3.3508180251283375,nan
405.27,203.6350860595703,-168.94735717773438,-59.04296112060547,204.68016602211785,-169.32807678589143,-59.041455361986955,1.1122687694359794,0.3436580319363606,0.061668642580199946,3.572200977324056e-05,3.7792152163880917,7.815037672231406,nan,nan,nan
405.28000000000003,203.62637329101562,-168.94581604003906,-59.04447555541992,204.67146335283903,-169.32659783335603,-59.04185154805505,1.1123016213502432,0.34370959891711617,0.061686112431037055,3.5023554776505964e-05,3.907435651483849,8.08765168033112,nan,0.9577443170258252,nan
405.29,203.61766052246094,-168.94418334960938,-59.046077728271484,204.66272897995634,-169.325039721038,-59.04348474953645,1.1123067832429678,0.34376125345780584,0.06170364600801294,3.572927367252234e-05,3.8939291368467854,7.911162830384084,nan,nan,nan
405.3,203.6089630126953,-168.9425048828125,-59.04775619506836,204.69295323235934,-169.3381210056367,-59.045989235389726,1.1539280892292374,0.34369365869431445,0.06169705453041264,3.5009434395160525e-05,4.062772172543882,8.101909640730987,12.924384058033857,0.4989943389971557,nan
405.31,203.60025024414062,-168.94081115722656,-59.04951858520508,204.68428384827195,-169.33648377889696,-59.047793048057066,1.1539881524105513,0.3437450899313429,0.06171460291317046,3.571464797659991e-05,4.053121107387695,7.863321475432915,nan,nan,nan
405.32,203.59153747558594,-168.9391326904297,-59.05135726928711,204.67563706159189,-169.33484605558036,-59.048817077099294,1.1540656100558087,0.3437966064807282,0.06173221507993291,3.501662662046073e-05,4.150535546026721,8.082176503929137,nan,0.5219621153988986,nan
405.33,203.5828399658203,-168.93746948242188,-59.053253173828125,204.66696815353575,-169.3332269660355,-59.050761878046515,1.1541074992348088,0.34384821040377755,0.06174989118304208,3.5722213930635726e-05,4.13626369248461,8.332438486458635,nan,nan,nan
405.34000000000003,203.57412719726562,-168.93585205078125,-59.05515670776367,204.65830719961588,-169.33163254749968,-59.05243585483794,1.1541645819030846,0.34389989997640086,0.06176763136028815,3.502396689266957e-05,4.17088172687621,8.118089291172193,nan,0.06573811722999162,nan
405.35,203.56541442871094,-168.9342498779297,-59.05704879760742,204.65675865331838,-169.33574990539458,-59.054493103346374,1.1628589855229559,0.34383221929394864,0.061761037931450984,3.570787721053516e-05,4.126183188374056,8.252125196489086,1.7943939120798826,nan,nan
405.36,203.5567169189453,-168.93267822265625,-59.05891418457031,204.6481566692023,-169.33422792444344,-59.054205277576465,1.1629725126809791,0.3438836853540894,0.06177879221432899,3.5010242017828275e-05,4.573236115158389,8.860894206988416,nan,3.557890754607767,nan
405.37,203.54800415039062,-168.93113708496094,-59.06074905395508,204.63949956057607,-169.33273903521416,-59.05611294470592,1.1630424972510913,0.3439352386081592,0.06179661064105159,3.571569479789751e-05,4.538553057850774,8.696145858711274,nan,nan,nan
405.38,203.539306640625,-168.92962646484375,-59.06255340576172,204.63084238893276,-169.3312806753452,-59.05800147211443,1.1630980675537461,0.34398687752295126,0.06181449335311204,3.501781725225316e-05,4.525122113814342,8.626879062000974,nan,0.00010569247745706361,nan
405.39,203.5305938720703,-168.92816162109375,-59.0643196105957,204.6221856908014,-169.32985242032032,-59.05984498687291,1.1631630234672004,0.3440386038758597,0.061832440497317044,3.5723639153768076e-05,4.491132702345079,8.49046036768795,nan,nan,nan
405.40000000000003,203.5218963623047,-168.9267120361328,-59.0660514831543,204.62454419019835,-169.32989344306367,-59.06293536561423,1.174051612767462,0.3439708355620067,0.06182584095016755,3.500431792801011e-05,4.344418258915766,8.489793232364885,1.759177968829275,1.2508638644622792,nan
405.41,203.51318359375,-168.92529296875,-59.0677490234375,204.61590675874882,-169.32851824046546,-59.06472427452526,1.174137192784984,0.34402233809523075,0.06184380147777225,3.570963237716007e-05,4.320296217375552,8.364267438128781,nan,nan,nan
405.42,203.50448608398438,-168.92388916015625,-59.06941604614258,204.60730441228378,-169.32717083591862,-59.0649490759121,1.1742505393066014,0.3440739262927217,0.06186182649750665,3.501208576077499e-05,4.630556505313266,8.794379959005923,nan,1.6545186525921285,nan
405.43,203.4957733154297,-168.9225311279297,-59.071044921875,204.59866772227136,-169.32585223399965,-59.06665748295678,1.1743352318926665,0.34412560175826457,0.06187991615439568,3.571777132414635e-05,4.596788895377501,8.698648388369882,nan,nan,nan
405.44,203.48707580566406,-168.9211883544922,-59.0726432800293,204.59003390101643,-169.32456117495693,-59.06821439748663,1.1744129628855295,0.3441773632170915,0.06189807059261996,3.501995289194675e-05,4.614677812639511,8.880046511626341,nan,0.0101044315052527,nan
405.45,203.47836303710938,-168.91989135742188,-59.07421112060547,204.5756398155649,-169.3264550412638,-59.069897723455554,1.1701833031417903,0.3441095088865225,0.06189146074426582,3.570395256215832e-05,4.425746273262798,8.462775636715525,3.0368088554378714,nan,nan
405.46000000000004,203.46966552734375,-168.91859436035156,-59.075748443603516,204.56699671582774,-169.32523604560626,-59.07131535530311,1.1702618722654983,0.34416104630695954,0.06190962782481067,3.5006703385358276e-05,4.462687298742624,8.98973888600823,nan,0.0273864401479508,nan
405.47,203.46095275878906,-168.91734313964844,-59.07725524902344,204.55834942352703,-169.32404272559083,-59.072898273225604,1.1703431019243196,0.34421267083148194,0.06192785974450543,3.5712247802942086e-05,4.430138493827436,8.549357748436131,nan,nan,nan
405.48,203.45225524902344,-168.91610717773438,-59.07872772216797,204.54967570861567,-169.32287435263459,-59.07571392859143,1.1703846729428913,0.34426438134229553,0.061946156647785966,3.501471659895812e-05,4.15486289248911,8.79041413504355,nan,1.1235004352401938,nan
405.49,203.44354248046875,-168.91490173339844,-59.08017349243164,204.54102808122957,-169.32173107298334,-59.07725144479337,1.1704671263161666,0.3443161792093579,0.06196451867928775,3.572062628807303e-05,4.131703201813564,8.407117297034556,nan,nan,nan
405.5,203.43484497070312,-168.91371154785156,-59.08159255981445,204.52620583109248,-169.3191837898085,-59.07922013283586,1.1642516459069998,0.34424823758439893,0.06195789432428364,3.500160961457256e-05,3.993384475455129,8.462048964411725,0.426719993363162,0.12638536399461994,nan
405.51,203.42613220214844,-168.9125518798828,-59.08298110961914,204.51754732345077,-169.3180889430639,-59.080706926404744,1.1643248895949234,0.34429981111377955,0.061976268237425775,3.570700768754663e-05,3.9745786557958662,8.353868658707936,nan,nan,nan
405.52,203.4174346923828,-168.9114227294922,-59.08434295654297,204.5088566468269,-169.31701645028238,-59.08379883401839,1.1643489361253805,0.34435147061543725,0.061994707332308815,3.500973711565874e-05,3.835277922477105,8.151858443304798,nan,1.8797988321172157,nan
405.53000000000003,203.40872192382812,-168.91030883789062,-59.08567428588867,204.500197764612,-169.31596791816224,-59.08524863028207,1.1644221664003145,0.3444032173182624,0.062013211754512826,3.5715501900433384e-05,3.829056874416536,8.352675149469817,nan,nan,nan
405.54,203.4000244140625,-168.90921020507812,-59.08698272705078,204.4915172981328,-169.31494098381953,-59.08781174960467,1.1644633390848385,0.3444550503147795,0.06203178164708271,3.501792832196696e-05,3.8404473398530707,8.36219970049465,nan,0.9152016517964344,nan
405.55,203.3913116455078,-168.90814208984375,-59.08826446533203,204.490421257232,-169.3114988481392,-59.089235209029425,1.1707858708535903,0.34438702262109516,0.06202513856343152,3.5701998055996216e-05,4.000760564732428,8.11488874932293,2.9166182770425424,nan,nan
405.56,203.3826141357422,-168.90708923339844,-59.08951950073242,204.48176574274805,-169.31049862370762,-59.09121163861523,1.1708442486957065,0.3444386310523001,0.062043719557447766,3.5004965344596034e-05,4.053011539687759,8.39692516632374,nan,0.24644381585696562,nan
405.57,203.3739013671875,-168.90606689453125,-59.09075164794922,204.47312107783407,-169.30952003281124,-59.0925787823096,1.1709234584215396,0.3444903265350503,0.06206236607464076,3.5710579604022955e-05,4.061971192632086,8.021291826373144,nan,nan,nan
405.58,203.36520385742188,-168.90505981445312,-59.091957092285156,204.46450703112262,-169.30856407893324,-59.092209279370316,1.171018028366986,0.3445421082878999,0.06208107825621559,3.501323859190534e-05,3.967256603979685,8.203479800598954,nan,2.070223728540778,nan
405.59000000000003,203.3564910888672,-168.90406799316406,-59.0931396484375,204.4558624239784,-169.30762646223016,-59.09351249764077,1.1711007255721928,0.3445939773517445,0.06209985625049938,3.571921321635065e-05,3.9664242279085893,8.117722802508782,nan,nan,nan
405.6,203.34779357910156,-168.90309143066406,-59.09429931640625,204.43647311580665,-169.30188577022807,-59.095123579021745,1.1594225883247027,0.34452586266652496,0.062093190197491745,3.500035903792564e-05,3.9220319937117583,8.228816493714902,1.185827890793915,0.054683878559628196,nan
405.61,203.33908081054688,-168.9021453857422,-59.09543228149414,204.42781079535786,-169.30097859241306,-59.09638569890601,1.1594834261750586,0.34457750687295685,0.062111978495220446,3.570581708165822e-05,3.9252161740980664,8.132984827807665,nan,nan,nan
405.62,203.33038330078125,-168.90121459960938,-59.0965461730957,204.4191318290554,-169.30008895028593,-59.0986224918508,1.1595164580748067,0.3446292373196032,0.062130832647499586,3.5008691044473754e-05,4.0197529500472005,8.159293526609218,nan,0.7011256122425885,nan
405.63,203.32167053222656,-168.9003143310547,-59.09763717651367,204.41046947746474,-169.2992195718432,-59.0998511294749,1.1595746788663632,0.3446810549354831,0.06214975280514426,3.5714510744347996e-05,4.03116595347755,7.921922523929834,nan,nan,nan
405.64,203.31297302246094,-168.8994140625,-59.09870529174805,204.4018293400082,-169.29837087061523,-59.09967188972261,1.1596445788756586,0.3447329591061913,0.06216873910564882,3.501706179078312e-05,3.9173434301321923,8.221865928828239,nan,1.357061464858151,nan
405.65000000000003,203.30426025390625,-168.89854431152344,-59.09975051879883,204.3869268731718,-169.28989806243968,-59.10088220610621,1.1512280606136522,0.34466475834322646,0.06216204583734461,3.57011783394242e-05,3.9929377343498844,7.978955959561455,3.044282209584661,nan,nan
405.66,203.29556274414062,-168.89767456054688,-59.10078048706055,204.3782794154763,-169.28906142525878,-59.100521558953034,1.1512858616785766,0.3447164374210751,0.062181041623730615,3.500425246707811e-05,3.9555014285038155,7.940082337250496,nan,1.619691114686702,nan
405.67,203.28684997558594,-168.89683532714844,-59.101783752441406,204.36960842755332,-169.2882392841174,-59.101640924179705,1.151330944271744,0.3447682035311041,0.06220010360473219,3.5709911522432065e-05,3.951217523682291,8.007523258228066,nan,nan,nan
405.68,203.2781524658203,-168.89601135253906,-59.1027717590332,204.36094403756758,-169.28743467782306,-59.102299678298294,1.1513687638126686,0.3448200561576208,0.06221923191493353,3.501266106341972e-05,3.9538183977204477,7.850355266158113,nan,0.13753515256461726,nan
405.69,203.26943969726562,-168.89520263671875,-59.103736877441406,204.35227308153517,-169.28664554390747,-59.103376660816416,1.1514147026302106,0.3448719960822032,0.062238426709509444,3.5718675417794684e-05,3.948113126523236,7.921844695301505,nan,nan,nan
405.7,203.2607421875,-168.89442443847656,-59.10468292236328,204.30662603772777,-169.26904451524337,-59.10448574569678,1.110951515126858,0.344803708601656,0.06223170195572079,3.4999894994562384e-05,3.7552008395060597,7.70736470541452,15.165106878373194,0.05730874436356228,nan
405.71000000000004,203.2520294189453,-168.89364624023438,-59.105613708496094,204.29789482740986,-169.26825668837088,-59.105524286227556,1.110930892752604,0.3448554231476035,0.06225090540208173,3.57053878240519e-05,3.7509787665502743,7.520166971670628,nan,nan,nan
405.72,203.2433319091797,-168.89288330078125,-59.10652160644531,204.2891570763639,-169.26748358535727,-59.10700672150931,1.1108896834775854,0.34490722416620195,0.06227017536032639,3.500832481694202e-05,3.753910143436142,7.914637775989648,nan,0.15038385653690328,nan
405.73,203.234619140625,-168.8921356201172,-59.10741424560547,204.28042564791826,-169.26672677865034,-59.10801488597463,1.1108690955810214,0.34495911235253124,0.06228951198878327,3.571417434962847e-05,3.7539575072652975,7.597535779692391,nan,nan,nan
405.74,203.2259063720703,-168.8914031982422,-59.1082878112793,204.276088576212,-169.26013461905956,-59.108897869163606,1.1130345433833215,0.3445544206209116,0.06149898507533933,3.5015763043194814e-05,4.3514611180400085,8.270157343039111,nan,0.009317516979542712,0.04226241592747877
405.75,203.2172088623047,-168.89068603515625,-59.1091423034668,204.29201024313807,-169.2716509743567,-59.10985979931891,1.1403213616966221,0.3444874734828884,0.061492099465441034,3.5699880714252685e-05,4.429213790203704,8.483519911523056,6.591644035649585,nan,nan
405.76,203.20849609375,-168.88998413085938,-59.109981536865234,204.28332537192898,-169.27094989549647,-59.110731429433265,1.1403479527736882,0.3445381451346327,0.06150807052758056,3.5003053757067316e-05,4.426178525902166,8.219109897764842,nan,0.005192763391936276,nan
405.77,203.19979858398438,-168.88929748535156,-59.11080551147461,204.27463780871898,-169.27026492889888,-59.111671932817906,1.140357971321728,0.34458890376932416,0.06152410189520243,3.5708711469276625e-05,4.42618755120924,8.23239642885264,nan,nan,nan
405.78000000000003,203.1910858154297,-168.8886260986328,-59.111610412597656,204.2660029849943,-169.26955573645944,-59.11091194174929,1.1404186942790007,0.34463974670067554,0.06154019224324531,3.5011549203964926e-05,4.414531485817428,8.20966276329436,nan,2.0031367859643194,nan
405.79,203.182373046875,-168.88796997070312,-59.112403869628906,204.25731558413813,-169.2688980099662,-59.11180456729765,1.140442014605643,0.34469067683375204,0.06155634315608492,3.571755871286207e-05,4.4061528586353305,7.911137304196411,nan,nan,nan
405.8,203.17367553710938,-168.88731384277344,-59.11317443847656,204.26224783774907,-169.2688917323885,-59.11347314937045,1.153512647867935,0.3446236538013373,0.06154948691788754,3.499885655867465e-05,4.661804594442675,8.518981966125994,5.8043838561197845,0.6366386879708977,nan
405.81,203.1649627685547,-168.88668823242188,-59.11393356323242,204.25358518037604,-169.26824656750486,-59.11434235796387,1.1535535036157447,0.3446743639721493,0.06156565503680431,3.570434126282291e-05,4.659948089616029,7.973286496946981,nan,nan,nan
405.82,203.15625,-168.8860626220703,-59.11467742919922,204.244909447971,-169.26762357252278,-59.115634597256175,1.1535896448639766,0.3447251585032792,0.06158188244854111,3.500734847874474e-05,4.676977049652306,8.15105695065446,nan,0.13493357936849948,nan
405.83,203.14755249023438,-168.8854522705078,-59.11540603637695,204.23624644433565,-169.26700382019663,-59.116480173380076,1.1536192025694223,0.34477604002191214,0.06159817061537803,3.5713186569586666e-05,4.678418392936173,8.248001420458726,nan,nan,nan
405.84000000000003,203.1388397216797,-168.88485717773438,-59.11612319946289,204.22761638455216,-169.2663722799069,-59.116166373356954,1.1536847041828306,0.3448270062532639,0.06161451839199125,3.5015851671382916e-05,4.641902441639929,7.897229295170826,nan,0.9260617638098004,nan
405.85,203.130126953125,-168.88427734375,-59.1168212890625,204.21795039743378,-169.259231734719,-59.1171135342926,1.1506305778580876,0.34475990989445393,0.06160768924997912,3.569997731188711e-05,4.874449363850474,8.26947651731282,6.633391687021099,nan,nan
405.86,203.12142944335938,-168.88369750976562,-59.11750793457031,204.20927530320273,-169.25862919804987,-59.118378930660455,1.1506446646520356,0.3448106560079395,0.061624053781497115,3.500314882271787e-05,4.889128577593449,8.360575862949716,nan,0.1549278888679432,nan
405.87,203.1127166748047,-168.8831329345703,-59.11817932128906,204.20061328221664,-169.25802840091507,-59.119167775529085,1.1506809358575742,0.3448614889039805,0.06164047925761671,3.570881056719885e-05,4.890717006865621,8.295649625354535,nan,nan,nan
405.88,203.10400390625,-168.88258361816406,-59.118839263916016,204.19196163375366,-169.25743110447905,-59.119563171272304,1.150722894042464,0.34491240656118766,0.06165696464782116,3.5011642615448214e-05,4.874382112453241,8.126102447809961,nan,0.10236853672257659,nan
405.89,203.09530639648438,-168.88204956054688,-59.119483947753906,204.18329958322153,-169.25685248566748,-59.120323386380214,1.150741983123337,0.3449634112312401,0.06167351124517735,3.571765203331123e-05,4.875027875635948,8.295835497816416,nan,nan,nan
405.90000000000003,203.0865936279297,-168.8815155029297,-59.1201171875,204.17779069914187,-169.26068765182967,-59.12147212488456,1.155198858456319,0.3448962391882485,0.06166670426013181,3.4998941194360045e-05,4.80771851271673,8.23692942087636,1.5905413924152185,0.10278604169097788,nan
405.91,203.077880859375,-168.88099670410156,-59.1207389831543,204.1691318843008,-169.26014692099295,-59.12221276556724,1.1552427703322883,0.344947023452046,0.061683267077616,3.570442198375703e-05,4.811921816518161,8.125022123036837,nan,nan,nan
405.92,203.0691680908203,-168.8804931640625,-59.12134552001953,204.16048787591322,-169.25960561696093,-59.12235827747194,1.1552948329130301,0.34499789251523943,0.06169989010664342,3.5007417581278494e-05,4.776386584762417,8.188366045866887,nan,0.24043825484238804,nan
405.93,203.0604705810547,-168.87998962402344,-59.121944427490234,204.1518287522538,-169.25908570356924,-59.12307030945412,1.1553258254623582,0.34504884839981037,0.061716574533038526,3.5713247978790336e-05,4.777861659575876,8.142120605342464,nan,nan,nan
405.94,203.0517578125,-168.87950134277344,-59.122528076171875,204.14317257255087,-169.2585734787436,-59.12365091931278,1.15537142231518,0.3450998894250279,0.06173331948446917,3.501589944900233e-05,4.774191605923197,8.151024591038915,nan,0.01021817445268379,nan
405.95,203.0430450439453,-168.8790283203125,-59.12310028076172,204.14812340522948,-169.26205251648975,-59.12435922709576,1.169575694165028,0.3450326436328887,0.06172653200069431,3.570001472961551e-05,4.930266921615069,8.161867170197691,1.74779915540776,nan,nan
405.96000000000004,203.03433227539062,-168.87855529785156,-59.123661041259766,204.13945070964996,-169.26159121513265,-59.12654289471613,1.169620268611366,0.3450834640810645,0.06174329267083742,3.500317125324664e-05,5.1190210657658515,8.434212268726661,nan,1.5990934298441628,nan
405.97,203.02561950683594,-168.8780975341797,-59.124210357666016,204.13081433237153,-169.2611119240331,-59.127226071218395,1.169685735466432,0.34513437116770074,0.061760114927961615,3.5708818420849846e-05,5.13253519374487,8.369120226383075,nan,nan,nan
405.98,203.0169219970703,-168.87765502929688,-59.12474822998047,204.12222061102983,-169.26060957142585,-59.12608503769351,1.1697610843300035,0.3451853634190803,0.06177699799922634,3.501163458774268e-05,4.924880197317506,8.190767723256045,nan,2.322041674142724,nan
405.99,203.00820922851562,-168.87721252441406,-59.125274658203125,204.1135841720111,-169.26014841045279,-59.126730062511065,1.1698272422565472,0.34523644254999575,0.061793942923550275,3.57176261889013e-05,4.9291375874180225,8.233019068700948,nan,nan,nan
406.0,202.99949645996094,-168.87677001953125,-59.12579345703125,204.0855033052482,-169.2456901792015,-59.12555315630183,1.1469581552813377,0.34516912121933274,0.061787170176065755,3.499890041857524e-05,4.983250694493339,8.180637757294939,10.13210904829057,2.6818564069483557,nan
406.01,202.99078369140625,-168.87635803222656,-59.12630081176758,204.07683785266784,-169.24520758191306,-59.12616239022564,1.1469802311539923,0.34521997949414385,0.06180413024303607,3.570436048019072e-05,4.978830388816191,8.053621249767488,nan,nan,nan
406.02,202.98207092285156,-168.8759307861328,-59.12679672241211,204.0681475238398,-169.24475219854074,-59.12787545292902,1.1469929298492925,0.34527092294846495,0.06182115140634268,3.500733983709315e-05,5.007250874780006,8.347381598248125,nan,0.874589858430879,nan
406.03000000000003,202.97337341308594,-168.8755340576172,-59.12728500366211,204.05948170694813,-169.2442864439422,-59.12847734563759,1.1470008588035274,0.3453219531116556,0.061838234613202175,3.571314663182599e-05,5.010071255022224,8.122701185401063,nan,nan,nan
406.04,202.96466064453125,-168.87513732910156,-59.12776184082031,204.05080314476783,-169.2438385771166,-59.129659823939626,1.1470177607377894,0.34537306878539376,0.06185537922627956,3.5015782264244744e-05,5.069404454021958,8.249686491619457,nan,0.2450373517982301,nan
406.05,202.95594787597656,-168.87474060058594,-59.128231048583984,204.03689197802865,-169.25530389458618,-59.13022025253363,1.1459810336274583,0.3453056733336688,0.06184861822737179,3.5699873073223e-05,4.529130127062656,8.062972293653827,25.174774936276787,nan,nan
406.06,202.94723510742188,-168.87425231933594,-59.12879180908203,204.028166613087,-169.25490179697613,-59.13294275320473,1.1460035667938924,0.3453565679667215,0.061865777432702385,3.500301450419492e-05,4.904251073322687,8.539870511658386,nan,3.082314453966901,nan
406.07,202.9385223388672,-168.87367248535156,-59.12944793701172,204.0194843737241,-169.2543723538435,-59.13369087021542,1.1460494374825096,0.34540754914556915,0.061882998871490805,3.570863301187946e-05,4.909946590526401,8.374967562833348,nan,nan,nan
406.08,202.9298095703125,-168.8730010986328,-59.130191802978516,204.01078730091044,-169.25376133329357,-59.13526909639597,1.1460876882926654,0.345458615837019,0.061900281990357534,3.50114351256295e-05,5.135971536423112,8.788267114266475,nan,0.3834227636719129,nan
406.09000000000003,202.9210968017578,-168.8722381591797,-59.13102722167969,204.00210498288834,-169.25304704447504,-59.13620954991714,1.146133042590162,0.3455097693250824,0.06191762761234751,3.57173957300971e-05,5.145492480712325,8.747110792373578,nan,nan,nan
406.1,202.91238403320312,-168.8713836669922,-59.131954193115234,203.9978015279732,-169.25191321595042,-59.1368280546892,1.1501989524034246,0.3454422984229599,0.06191087374395837,3.4998659287080705e-05,5.166823493068848,8.640898795127903,1.18544523205443,0.19500656461487534,nan
406.11,202.90367126464844,-168.8704376220703,-59.13296890258789,203.98912742987915,-169.25101202725983,-59.1379465287314,1.1502507297475362,0.34549323059947806,0.06192823334215016,3.570408634410906e-05,5.17595608879867,8.722090954202152,nan,nan,nan
406.12,202.8949737548828,-168.86941528320312,-59.134071350097656,203.98043383150141,-169.2500370884196,-59.1401917795972,1.1502756174918953,0.3455442482823749,0.061945654887479384,3.500705445158745e-05,5.546117429138824,9.050251573538997,nan,0.7600611632141768,nan
406.13,202.88626098632812,-168.86830139160156,-59.135257720947266,203.97175958406544,-169.24895925665626,-59.14149759578182,1.1503245420122217,0.3455953526095626,0.0619631391266357,3.571282625157661e-05,5.560551823450414,9.123258170638497,nan,nan,nan
406.14,202.87754821777344,-168.86709594726562,-59.136531829833984,203.96308950355748,-169.2477913523835,-59.14266678822157,1.1503766828017516,0.34564654276511814,0.06198068561925746,3.501545235572137e-05,5.539297330216752,9.01729362330417,nan,0.03523663607817684,nan
406.15000000000003,202.86883544921875,-168.8657989501953,-59.13788986206055,203.9430817277033,-169.23485525068867,-59.14413339769376,1.1358902242333642,0.3455789974169284,0.06197393561039019,3.569950878883915e-05,5.726281038752307,9.134050105451472,7.914457922163408,nan,nan
406.16,202.86012268066406,-168.86447143554688,-59.13933181762695,203.93439385828646,-169.2335054304892,-59.14563065096521,1.1359068305960307,0.3456299660641231,0.06199149548134725,3.50026425215124e-05,5.762845320567354,9.100352529050213,nan,0.0028862133445283836,nan
406.17,202.85140991210938,-168.86314392089844,-59.1408576965332,203.9257048910201,-169.2321358593545,-59.147275261191005,1.1359163426478698,0.34568102120979877,0.06200911823611805,3.570822270932676e-05,5.778491594893512,8.971426958223237,nan,nan,nan
406.18,202.8426971435547,-168.86181640625,-59.14246368408203,203.9169734411115,-169.23080289901117,-59.15153158422402,1.135914971353738,0.345732162166502,0.06202680350331249,3.5011019139134146e-05,6.969371568915668,10.351382584914539,nan,4.512042773036303,nan
406.19,202.833984375,-168.8605194091797,-59.14414978027344,203.90828457461558,-169.22945088869017,-59.15336667911914,1.1359209068822507,0.3457833898810321,0.06204455192745043,3.5716939925778893e-05,6.99545295049297,10.252419184034986,nan,nan,nan
406.2,202.8252716064453,-168.85923767089844,-59.14591598510742,203.8966458017736,-169.2222506942019,-59.151377225948735,1.1312165781382266,0.3457157691209556,0.06203780127984531,3.499820246176642e-05,5.620177311132159,8.690650916647536,5.121815110529635,9.501712040673274,nan
406.21000000000004,202.8165740966797,-168.8579864501953,-59.147762298583984,203.88795452475304,-169.22092048657362,-59.153332439409546,1.1311976674698854,0.3457667750631857,0.06205556242743453,3.570358851218921e-05,5.633220728533356,8.699499431480072,nan,nan,nan
406.22,202.807861328125,-168.85675048828125,-59.149662017822266,203.87927485229778,-169.21960524670163,-59.15462622617985,1.1312007597474796,0.3458178667919413,0.06207338633983588,3.5006555189646125e-05,5.464429474215813,8.636638607423437,nan,0.37627723448090916,nan
406.23,202.7991485595703,-168.8555450439453,-59.151573181152344,203.87058391873606,-169.21832327777446,-59.156676759637044,1.1311975169368866,0.34586904514185074,0.06209127359970109,3.571228479044119e-05,5.486314892873642,8.47433401936965,nan,nan,nan
406.24,202.79043579101562,-168.85435485839844,-59.153472900390625,203.86188265674434,-169.21707388238752,-59.15943744769029,1.131193640482467,0.3459203095924941,0.06210922392736287,3.501491173248401e-05,5.769180413774146,8.656349054381275,nan,0.35728721148525405,nan
406.25,202.78172302246094,-168.8531951904297,-59.15534210205078,203.8492279194278,-169.21373928062,-59.16153358762646,1.1267639861625844,0.3458526141033526,0.062102469134074426,3.569892772658368e-05,5.821847407054253,8.902302858017643,0.3384847274647318,nan,nan
406.26,202.7730255126953,-168.85206604003906,-59.15718078613281,203.84055137011347,-169.2125078981068,-59.16217619813927,1.1267451989890227,0.3459036565742544,0.062120431541529374,3.5002064510479635e-05,5.457351669399948,8.519582595842092,nan,1.321354279515669,nan
406.27,202.76431274414062,-168.8509521484375,-59.15898895263672,203.83185534572306,-169.21131514105397,-59.164141635452374,1.1267365454182645,0.34595478553504105,0.062138457486022335,3.570760069675759e-05,5.484415803076118,8.287871233224983,nan,nan,nan
406.28000000000003,202.75559997558594,-168.849853515625,-59.16075897216797,203.82316096198377,-169.2101434889222,-59.16596509889596,1.1267308588534912,0.3460060005625803,0.062156546742988046,3.501040250706685e-05,5.511227696385843,8.52111492932611,nan,0.008355750453614393,nan
406.29,202.74688720703125,-168.84878540039062,-59.162498474121094,203.81446518289408,-169.2089951448336,-59.16786274852095,1.12672204645995,0.3460573023466005,0.062174699813330424,3.571627852023346e-05,5.5392361050474355,8.252171545941039,nan,nan,nan
406.3,202.73818969726562,-168.8477325439453,-59.16419982910156,203.8269026688094,-169.21334220220274,-59.16898649200134,1.1484725807612892,0.34598953144268185,0.06216793647059935,3.499755155211365e-05,5.641532625163952,8.482403094034865,4.3015223368152435,0.3663871718650066,nan
406.31,202.72947692871094,-168.84669494628906,-59.16586685180664,203.81824320005174,-169.21223736652527,-59.1708103238755,1.1485023694000784,0.3460406109886193,0.06218610092806846,3.5702892334280026e-05,5.667756032048808,8.463607906230035,nan,nan,nan
406.32,202.72076416015625,-168.84568786621094,-59.167503356933594,203.80958587963212,-169.2111516802748,-59.172449081831395,1.148529928381179,0.3460917765612707,0.06220432893643176,3.5005868942898316e-05,5.678820061929239,8.230635698925157,nan,0.016438167730908573,nan
406.33,202.71205139160156,-168.84471130371094,-59.16910934448242,203.80092675980973,-169.21008792644764,-59.1742069819782,1.1485537122141845,0.34614302876665726,0.06222262094789007,3.57115527560522e-05,5.704921954387362,8.06051030074533,nan,nan,nan
406.34000000000003,202.70335388183594,-168.84373474121094,-59.170677185058594,203.7922678366142,-169.20904400596694,-59.1759335106803,1.1485695837808234,0.34619436751870264,0.062240976953445944,3.643154887067373e-05,5.731730535416408,8.597401352764262,nan,nan,nan
406.35,202.69464111328125,-168.84278869628906,-59.172218322753906,203.78676824527372,-169.21159742355007,-59.17756677072827,1.152731606070433,0.34612652163909524,0.0622342013628717,3.7142152961325665e-05,5.6792033637529284,8.109852677921896,0.8745773472539149,nan,nan
406.36,202.68592834472656,-168.84185791015625,-59.173728942871094,203.77809970942815,-169.21061527208673,-59.18042513255,1.1527641219296614,0.3461776377085552,0.0622525679143714,3.635951303623288e-05,6.138855763144206,8.558151210017359,nan,0.9310854020772943,nan
406.37,202.67723083496094,-168.8409423828125,-59.175209045410156,203.7694453016007,-169.20964021937928,-59.18207204193981,1.1527868998854893,0.34622884030740914,0.06227099866834064,3.7091674470376205e-05,6.171643743900869,8.702400461172425,nan,nan,nan
406.38,202.66851806640625,-168.84005737304688,-59.176658630371094,203.76079146803085,-169.20868312590682,-59.183655959729336,1.1528204943469174,0.34628012917822115,0.062289493494402194,3.63117601073167e-05,6.2471300505019185,8.601533505285172,nan,0.0007666145537097576,nan
406.39,202.65980529785156,-168.83917236328125,-59.178077697753906,203.7521373323632,-169.20774427035124,-59.18524555936905,1.1528598798386807,0.34633150484944747,0.06230805280115545,3.704262575645383e-05,6.2820109415060825,8.829686615795737,nan,nan,nan
406.40000000000003,202.65110778808594,-168.83831787109375,-59.17947006225586,203.72147514293022,-169.19298281859727,-59.186396646983525,1.1276176111075977,0.34626358350584957,0.06230126062212747,3.624275741202864e-05,6.266058301723732,8.69775678097034,7.877332756305653,0.06968334322082498,nan
406.41,202.64239501953125,-168.8374786376953,-59.18083572387695,203.71278698589424,-169.1920448329053,-59.18792657609195,1.1276109385001807,0.3463147364684519,0.06231982989886179,3.6971480806470635e-05,6.298980625754241,8.574168955904414,nan,nan,nan
406.42,202.63368225097656,-168.83665466308594,-59.18217086791992,203.70410474378662,-169.19111852533143,-59.18883127217524,1.1276051187080192,0.34636597565281546,0.06233846347475638,3.6197846665353494e-05,6.161187423848114,8.571398776528161,nan,0.23652104320021544,nan
406.43,202.62496948242188,-168.83584594726562,-59.1834831237793,203.69541643316538,-169.19021390383105,-59.190303164692416,1.127599146840079,0.3464173015214221,0.062357161717750055,3.692542165203588e-05,6.19192963799736,8.42131607625653,nan,nan,nan
406.44,202.61627197265625,-168.83505249023438,-59.18476867675781,203.68672111532445,-169.1893317172638,-59.19248140867857,1.1275790987674972,0.34646871391535977,0.06237592455795405,3.615434742624417e-05,6.573854548336063,8.922069249883059,nan,0.3538448097552292,nan
406.45,202.60755920410156,-168.8342742919922,-59.18602752685547,203.66345627374886,-169.1915003722246,-59.193983784864024,1.1147162850382455,0.34640071739478473,0.062369111959298625,3.685749850406303e-05,6.229547662031158,8.781893955147467,8.863682569292763,nan,nan
406.46000000000004,202.59884643554688,-168.83351135253906,-59.187259674072266,203.6547303884287,-169.19067885936303,-59.196441664242634,1.114694513679732,0.34645190685709293,0.062387884040444014,3.6089897218993e-05,6.8441416133600095,9.431577278045872,nan,0.7339569563197248,nan
406.47,202.59014892578125,-168.832763671875,-59.18846893310547,203.64601429034386,-169.18986437455084,-59.19783409777002,1.1146570262837339,0.3465031828913266,0.062406720973841256,3.681446275701188e-05,6.886124303601898,9.499012099247683,nan,nan,nan
406.48,202.58143615722656,-168.83203125,-59.18965530395508,203.63730323571713,-169.1890606042612,-59.19862214850828,1.114632518611224,0.3465545453935318,0.0624256227243917,3.604930436435497e-05,6.730125004223292,9.124853200771105,nan,0.22447127155823002,nan
406.49,202.57272338867188,-168.83131408691406,-59.19081497192383,203.62858702786258,-169.18827605767004,-59.1999626939543,1.114609148513224,0.34660599474413645,0.062444589608263,3.677291867059269e-05,6.771346341716923,9.256388841979877,nan,nan,nan
406.5,202.5640106201172,-168.8306121826172,-59.19195556640625,203.60671807121267,-169.1857198645628,-59.19895173250841,1.1015394866671595,0.346537922702924,0.06243775229732175,3.598794118917284e-05,5.656711387400039,8.136176895228456,2.3467609506563365,3.7221063897411986,nan
406.51,202.55531311035156,-168.82992553710938,-59.19306945800781,203.59797833817936,-169.18496977144633,-59.20022527746692,1.1014800912450666,0.34658914886995484,0.06245672765615581,3.670976272123727e-05,5.687093404580885,8.461304405171132,nan,nan,nan
406.52,202.54660034179688,-168.82925415039062,-59.19416427612305,203.58923763928385,-169.18423428604981,-59.20157399368448,1.1014346711166774,0.34664046144314087,0.06247576804634447,3.5950253365950114e-05,5.815344877875767,8.26804037138723,nan,0.006237732560297106,nan
406.53000000000003,202.5378875732422,-168.82859802246094,-59.19523620605469,203.58049760534337,-169.18351177668833,-59.202806080685264,1.101388557676051,0.3466918607576075,0.062494873754559796,3.6671252259561454e-05,5.846705459924178,8.305474652618848,nan,nan,nan
406.54,202.52919006347656,-168.82794189453125,-59.196285247802734,203.57176406563596,-169.182797043554,-59.20315808724558,1.101330995971975,0.346743346777148,0.06251404478965152,3.591399287719189e-05,5.594593811373883,8.375746294184093,nan,0.49484558797406236,nan
406.55,202.52047729492188,-168.8273162841797,-59.19731521606445,203.57571572697293,-169.19268775566604,-59.204268055713776,1.1167241390033906,0.3466751993654809,0.06250717881382946,3.661128316787229e-05,5.511453772891253,7.827597619402588,4.981436663085301,nan,nan
406.56,202.5117645263672,-168.82669067382812,-59.19832229614258,203.56698628243103,-169.19204064167658,-59.206465328146166,1.1167093903283631,0.3467264619717375,0.06252635755436489,3.585714806362022e-05,6.036022123031326,8.555696729176702,nan,0.7214409069286878,nan
406.57,202.5030517578125,-168.82608032226562,-59.199310302734375,203.5582640625473,-169.1913995102077,-59.20761744248454,1.1166915982997299,0.34677781121492196,0.06254560179593802,3.6575773204148583e-05,6.069304304592843,8.492937443235913,nan,nan,nan
406.58,202.49435424804688,-168.8254852294922,-59.200279235839844,203.54952968389688,-169.19078120422074,-59.21052590296919,1.116665278300256,0.3468292470957972,0.06256491157217546,3.582375931672181e-05,7.109054831101222,9.599332512973342,nan,2.122071409251324,nan
406.59000000000003,202.4856414794922,-168.8249053955078,-59.201229095458984,203.54080704432553,-169.19016446970127,-59.211658378285335,1.116645570640482,0.3468807698942228,0.06258428713282363,3.6541730733390716e-05,7.1507817388867965,9.430894272463005,nan,nan,nan
406.6,202.4769287109375,-168.82432556152344,-59.2021598815918,203.56309419141786,-169.1992197701739,-59.21286835541269,1.1490934644659503,0.34681254688433644,0.06257738824386273,3.576990033045768e-05,7.660876568173267,9.795372997387602,8.217242701145302,0.007966414408363511,nan
406.61,202.4682159423828,-168.82376098632812,-59.20307159423828,203.55442316226433,-169.19863491755927,-59.21396604259598,1.1491280511085118,0.3468638460200942,0.06259677070940589,3.648637745517586e-05,7.704118680200442,9.796074099717801,nan,nan,nan
406.62,202.45950317382812,-168.82321166992188,-59.20396423339844,203.54575013537826,-169.19806326721778,-59.21537515937205,1.1491633437870161,0.3469152317226777,0.06261621891212645,3.5739327975130274e-05,8.090659629592105,10.148122198309348,nan,0.0730342256985988,nan
406.63,202.4508056640625,-168.8226776123047,-59.20484161376953,203.53707896676516,-169.19750111311762,-59.21644220754487,1.1491809773495911,0.34696670424219894,0.06263573308120207,3.645526079899945e-05,8.134875852217226,10.13951036011025,nan,nan,nan
406.64,202.4420928955078,-168.8221435546875,-59.2056999206543,203.52842529333324,-169.19693383940003,-59.21432398130919,1.149199813131828,0.3470182636239755,0.06265531328095947,3.571012912244266e-05,6.522125183193132,8.578176446682658,nan,6.806143566807823,nan
406.65000000000003,202.43338012695312,-168.82162475585938,-59.20654296875,203.50234570325665,-169.1867403393197,-59.21539446750368,1.1296349594615458,0.34694996507472164,0.06264837743925453,3.640292548621119e-05,6.5612108106752585,8.529172002603,3.7756626538326485,nan,nan
406.66,202.42466735839844,-168.8211212158203,-59.207366943359375,203.4936463997467,-169.18618895290874,-59.21637880576375,1.1296335056861124,0.3470013005587599,0.06266796373592122,3.5660558733433375e-05,6.682548944180514,8.660992246782289,nan,1.1738965267738673e-05,nan
406.67,202.41595458984375,-168.82061767578125,-59.20817565917969,203.48494694132762,-169.18564779152135,-59.217351569702956,1.1296352642610694,0.34705272276100646,0.06268761617880973,3.637465534682001e-05,6.715754857729025,8.729778094376707,nan,nan,nan
406.68,202.40725708007812,-168.82012939453125,-59.20896530151367,203.47625501323097,-169.1851097163989,-59.21676487099156,1.129614115403886,0.34710423175037536,0.06270733484911319,3.563407542384182e-05,6.103967682896475,8.28637278581889,nan,1.6233457475010387,nan
406.69,202.39854431152344,-168.8196563720703,-59.20974349975586,203.46755545237312,-169.18458840325388,-59.21769224091939,1.1296120524899642,0.3471558277416562,0.0627271199508322,3.634776862680838e-05,6.131313384314648,7.952902125660231,nan,nan,nan
406.7,202.38983154296875,-168.81918334960938,-59.21050262451172,203.47686111698584,-169.2037044527473,-59.21884679009936,1.1530652187302977,0.34708745350268777,0.06272014293964255,3.5587283986050045e-05,6.119301553108182,8.373145664303221,17.703194548318425,0.04794595439313345,nan
406.71000000000004,202.38111877441406,-168.8187255859375,-59.21125030517578,203.46818541622415,-169.20326100677195,-59.21974752862468,1.153106056015196,0.3471388253483653,0.06273993330406245,3.629973155743674e-05,6.148112515016237,8.17560954387798,nan,nan,nan
406.72,202.37240600585938,-168.81826782226562,-59.211978912353516,203.4301786146111,-169.17456789517584,-59.22088232832729,1.1162042396431062,0.34274961671498116,0.05863727642242201,3.5562409357051365e-05,6.890410220101256,9.17482406354194,nan,0.03740824639409093,0.1937212676417735
406.73,202.3636932373047,-168.8178253173828,-59.21269607543945,203.42151098711219,-169.17411563718937,-59.22175795345543,1.1162451798009416,0.3428036510671746,0.0586492935583763,3.627452155053042e-05,6.919309273713903,8.986646081623194,nan,nan,nan
406.74,202.35498046875,-168.81739807128906,-59.21339797973633,203.41276838843714,-169.17358970943394,-59.22125268189466,1.1161762685464973,0.3428577673650368,0.05866136452923512,3.5539858934713116e-05,6.385949705410589,8.389895840653612,nan,1.2800131523531542,nan
406.75,202.34628295898438,-168.8169708251953,-59.21408462524414,203.42548266112607,-169.18285772178078,-59.22209612103533,1.1395654444833234,0.34278496340091097,0.058654087277522804,3.622928373175999e-05,6.508708322291578,8.769084328488763,4.857218505387896,nan,nan
406.76,202.3375701904297,-168.81655883789062,-59.214759826660156,203.41684082592917,-169.18243988563268,-59.22272918169103,1.1396304472801204,0.3428388452838012,0.05866619597284756,3.549703346136539e-05,6.520835826322469,8.502233751603146,nan,0.024771950016093988,nan
406.77,202.328857421875,-168.81614685058594,-59.21541976928711,203.40820922031403,-169.18204158930038,-59.22353792027732,1.1397127572278862,0.3428928175315807,0.05867836903315285,3.620775528288315e-05,6.546066047444411,8.690977638353667,nan,nan,nan
406.78000000000003,202.3201446533203,-168.8157501220703,-59.216068267822266,203.39955079529747,-169.18162230739784,-59.22383164581498,1.1397545110120064,0.34294687188777084,0.05869059660904035,3.547696189428241e-05,6.419270472000286,8.387601070068907,nan,0.1735631233807647,nan
406.79,202.31143188476562,-168.81536865234375,-59.21670150756836,203.3909191430684,-169.18124029563216,-59.224611067566045,1.1398321636714626,0.34300101677288825,0.05870288863707612,3.618748685860703e-05,6.444046736085594,8.380728365313082,nan,nan,nan
406.8,202.30271911621094,-168.81497192382812,-59.21732711791992,203.38020090749077,-169.1772449356355,-59.22515925524392,1.1367805804106017,0.3429281216966949,0.05869571523645692,3.5436641364069964e-05,6.542447868949521,8.533017862400293,1.634592197571936,0.0516731347927388,nan
406.81,202.29400634765625,-168.81460571289062,-59.217933654785156,203.37156352399055,-169.17686298887955,-59.22591375839415,1.1368480480389913,0.3429820317382424,0.05870804435762516,3.614612396254816e-05,6.568120943541437,8.450222449707518,nan,nan,nan
406.82,202.28529357910156,-168.81423950195312,-59.21853256225586,203.36291553708196,-169.17647734603233,-59.226453802278385,1.1369028481133074,0.34303602404889366,0.05872042865180236,3.541893558764508e-05,6.572481016355929,8.393289980747664,nan,0.028466813272488258,nan
406.83,202.27658081054688,-168.81387329101562,-59.2191162109375,203.3542780887621,-169.17611048163675,-59.227184090215744,1.1369750641142673,0.3430901065630047,0.05873287725299261,3.612829518605946e-05,6.596923295626505,8.613427471434905,nan,nan,nan
406.84000000000003,202.2678680419922,-168.8135223388672,-59.21969223022461,203.34569154767075,-169.17580560293152,-59.22890469373595,1.1371180863473622,0.3431442717579661,0.0587453815047241,3.540237216076402e-05,7.187198786475189,8.957312257625837,nan,0.6913337182341023,nan
406.85,202.2591552734375,-168.81317138671875,-59.220252990722656,203.3313569945149,-169.17010170088437,-59.22959953749942,1.1300898804025903,0.3430712940154342,0.05873831715878065,3.608938536252309e-05,7.29932959599936,9.152912364405553,2.2882967863332415,nan,nan
406.86,202.2504425048828,-168.81283569335938,-59.22080612182617,203.32273237333354,-169.16976386790458,-59.230804510511994,1.130178415801043,0.3431252241770343,0.05875085825720866,3.5365545871509044e-05,7.700204170985941,9.320471991736424,nan,0.17072679647908093,nan
406.87,202.24172973632812,-168.8125,-59.221343994140625,203.31408258164456,-169.16940647978126,-59.231507350509915,1.1302327875180331,0.34317924421903545,0.05876346353362915,3.607387149066132e-05,7.7313894366502,9.55582882057348,nan,nan,nan
406.88,202.23301696777344,-168.8121795654297,-59.22187423706055,203.3054047224414,-169.1690263465381,-59.23163645082727,1.1302435234792847,0.3432333470967627,0.058776125084567546,3.535118006137536e-05,7.55866569023121,9.155759498002926,nan,0.2199492161494936,nan
406.89,202.22430419921875,-168.81185913085938,-59.22239303588867,203.29675448914395,-169.1686821414019,-59.23231402525909,1.1302967359252862,0.3432875400232532,0.05878885092399348,3.6059473007185315e-05,7.586957596011418,9.274237789394778,nan,nan,nan
406.90000000000003,202.21559143066406,-168.81153869628906,-59.222900390625,203.29937581707864,-169.17739271546375,-59.23186940491419,1.1439048049552107,0.3432144725941166,0.05878188293221366,3.531655146655738e-05,7.024744592014403,9.020729402504825,6.371861853193654,1.0666382750968548,nan
406.91,202.20687866210938,-168.8112335205078,-59.2234001159668,203.29074679455982,-169.17709107366073,-59.23251870100779,1.1439864624783869,0.34326843006480756,0.058794644959541766,3.602396210572147e-05,7.049772245228006,8.827682926634791,nan,nan,nan
406.92,202.1981658935547,-168.81092834472656,-59.2238883972168,203.2821654231114,-169.1768452671559,-59.23415576832118,1.144139673776201,0.3433224705205373,0.05880746386107637,3.5304259980318604e-05,7.7220735032895425,9.608682211904602,nan,0.6894148055190907,nan
406.93,202.189453125,-168.81063842773438,-59.224365234375,203.27353648996572,-169.1765556993181,-59.23479698696324,1.14422070130755,0.34337660070857423,0.058820346948313215,3.601169662428808e-05,7.752701153818723,9.543804602702716,nan,nan,nan
406.94,202.1807403564453,-168.8103485107422,-59.22483444213867,203.2648385611247,-169.17620055764448,-59.23396269808423,1.1442027629175935,0.3434308142866691,0.05883328736313296,3.529296673674456e-05,7.086405105661678,8.877069852472864,nan,1.4936112236514156,nan
406.95,202.17202758789062,-168.81005859375,-59.22529602050781,203.23345087768007,-169.16327985844202,-59.23470393277021,1.1186926167411757,0.34335766441781135,0.0588264189222504,3.597830983561844e-05,7.1792922611783565,8.93718244181186,9.135663633848809,nan,nan
406.96000000000004,202.16331481933594,-168.8096923828125,-59.22584915161133,203.22470447096026,-169.16284580182227,-59.233691972725026,1.118627212156274,0.34341164234758326,0.058839395199642965,3.52613648916807e-05,6.456621745689436,8.043492383800775,nan,1.9331191575955895,nan
406.97,202.15460205078125,-168.80921936035156,-59.22649383544922,203.21603492519475,-169.16239575426582,-59.23442495427227,1.1186760991233173,0.3434657096986817,0.05885243557665582,3.596804692154767e-05,6.4536375337210465,8.228337488314937,nan,nan,nan
406.98,202.14588928222656,-168.8086395263672,-59.22723388671875,203.20734012664656,-169.16182595846863,-59.23469999534888,1.1186931186516431,0.34351986057892864,0.05886553384672403,3.5251968866235536e-05,6.278145493427967,8.128486804045206,nan,0.21150029269965093,nan
406.99,202.13717651367188,-168.8079833984375,-59.22806167602539,203.19867022983627,-169.16118882146387,-59.23561307926956,1.118740364875909,0.34357410105695135,0.05887869635120387,3.5958746121638645e-05,6.275458904953246,8.005439320734993,nan,nan,nan
407.0,202.1284637451172,-168.80723571777344,-59.228981018066406,203.2093236332235,-169.16762390231605,-59.236008966839925,1.139380153126728,0.34350086289037485,0.05887191638044455,3.522224736261801e-05,6.232669054067243,7.8619443914530605,3.1847393437471423,0.3029913328263696,nan
407.01,202.1197509765625,-168.806396484375,-59.22998809814453,203.2006853452938,-169.1668137158012,-59.23709783141016,1.139460503273624,0.3435548673079481,0.058885114063515424,3.592826578675956e-05,6.23029094482199,7.9011905920044665,nan,nan,nan
407.02,202.1110382080078,-168.80548095703125,-59.2310791015625,203.1921064356733,-169.16598419673988,-59.239634203143225,1.1396246261253296,0.3436089553857738,0.05889837018089418,3.5214623628380224e-05,6.894902209150787,8.793843723097716,nan,1.2869579800243525,nan
407.03000000000003,202.10232543945312,-168.80455017089844,-59.232261657714844,203.1834680098031,-169.1650482120101,-59.240913674565945,1.139694236391458,0.3436631327607685,0.05891169047300462,3.592078281641709e-05,6.8948310319245145,8.514833272066562,nan,nan,nan
407.04,202.09361267089844,-168.80360412597656,-59.23352813720703,203.17477717353404,-169.16404571779717,-59.24105842708304,1.1396892243673602,0.3437173941913446,0.05892506962847056,3.5207850650301565e-05,6.415784374037092,8.248604333673303,nan,1.041427305422891,nan
407.05,202.08489990234375,-168.80267333984375,-59.23487854003906,203.14361594286095,-169.16455667635728,-59.242482886002136,1.1188820446195844,0.3436440738452494,0.05891837958177886,3.5892097547624026e-05,5.901158326617505,8.076503082017435,14.712820946583943,nan,nan
407.06,202.07618713378906,-168.8017578125,-59.23631286621094,203.1348995116283,-169.16360877839617,-59.2428894563593,1.1188615964666906,0.3436980990172731,0.058931793513497865,3.518068654805374e-05,5.514125282913467,7.646048621265278,nan,0.8742305458379498,nan
407.07,202.06747436523438,-168.8008575439453,-59.237831115722656,203.1262300995309,-169.16272223697206,-59.2444875202794,1.1189075335731318,0.34375221319336785,0.058945271576570014,3.588630393078832e-05,5.514095305921585,7.620647981835166,nan,nan,nan
407.08,202.0587615966797,-168.7999725341797,-59.23942947387695,203.11755861882028,-169.1618497232995,-59.24611915242243,1.1189508415913938,0.3438064115430493,0.05895880901073081,3.5175510982931824e-05,5.546374629688433,7.724365365613801,nan,0.0017193579531247546,nan
407.09000000000003,202.050048828125,-168.79910278320312,-59.24110794067383,203.10888929185717,-169.16099583868603,-59.247882070530814,1.1189975871638984,0.3438606990838055,0.05897241073504596,3.588132031130507e-05,5.547720054945287,7.771992766810649,nan,nan,nan
407.1,202.0413360595703,-168.79824829101562,-59.24287033081055,203.135788825447,-169.1728835850997,-59.25031316760383,1.156820580785171,0.3437872917784411,0.05896580091446806,3.514991761627107e-05,6.116607526603829,8.177098006420092,10.144377368590403,0.23811950503389737,nan
407.11,202.03262329101562,-168.79742431640625,-59.24470901489258,203.12717738075006,-169.17207856719713,-59.252243781336986,1.1569231762288352,0.34384134266165595,0.05897943670689202,3.5855060498897526e-05,6.119480641259001,8.048966203973073,nan,nan,nan
407.12,202.02391052246094,-168.79660034179688,-59.246604919433594,203.11847788498466,-169.17120425196734,-59.252024012420534,1.1569075880060313,0.34389547782699387,0.05899313235483187,3.514621917078849e-05,5.366578099112377,7.570157218273688,nan,3.449669849421692,nan
407.13,202.01519775390625,-168.79580688476562,-59.24850845336914,203.10986644081882,-169.17043223132998,-59.25403658694928,1.1570109094802152,0.3439497019030178,0.059006892274814864,3.585158847391589e-05,5.378876228857948,7.42147904027955,nan,nan,nan
407.14,202.00648498535156,-168.79501342773438,-59.25040054321289,203.10131892935803,-169.16973824790466,-59.25769286491071,1.1572092437222206,0.34400401064501757,0.05902071245592936,3.5143228666822286e-05,6.034580563079525,8.241762953235499,nan,1.8946028923016822,nan
407.15000000000003,201.99777221679688,-168.79425048828125,-59.25226593017578,203.09371301515978,-169.16606483085636,-59.259573038946684,1.157318250395917,0.3439305214677556,0.05901418283455102,3.582681018547646e-05,6.129627601065906,7.940164422395695,2.156704081258799,nan,nan
407.16,201.9890594482422,-168.79348754882812,-59.25410079956055,203.08506927773016,-169.16529404221384,-59.26069371938739,1.157376810485623,0.3439845933468189,0.05902803660734341,3.511974429885705e-05,5.871931833048597,7.88250153621356,nan,0.5162654530922737,nan
407.17,201.9803466796875,-168.79275512695312,-59.25590133666992,203.0764583490478,-169.1645698945001,-59.26263237433551,1.1574767038441458,0.34403875386484384,0.05904195464922701,3.58247286553198e-05,5.894454753496119,7.672454357241064,nan,nan,nan
407.18,201.9716339111328,-168.79202270507812,-59.257667541503906,203.0678650323415,-169.16387740550425,-59.26500962200668,1.1576063646514616,0.34409299914269736,0.059055933404937345,3.511806619700056e-05,6.159789328841882,8.148935045240853,nan,0.1560373368719527,nan
407.19,201.96292114257812,-168.79132080078125,-59.259403228759766,203.05925413844514,-169.16318261695812,-59.2668865085263,1.1577060281579146,0.34414733325844227,0.05906997661131609,3.582331315604726e-05,6.183574346106571,7.80442967946832,nan,nan,nan
407.2,201.95420837402344,-168.79061889648438,-59.26110076904297,203.04988530570265,-169.16818423576666,-59.26878770035976,1.158931668802945,0.34407376028238507,0.059063520335163495,3.6519974360726834e-05,6.040932281736482,8.247170778428108,4.644733127098559,nan,nan
407.21000000000004,201.94549560546875,-168.78993225097656,-59.26276397705078,203.0412766276743,-169.16754511800076,-59.27059951649663,1.1590465571522557,0.3441278571500766,0.05907759640399097,3.725306720429066e-05,6.0661769179438805,8.258836878957426,nan,nan,nan
407.22,201.93678283691406,-168.78927612304688,-59.26439666748047,203.03269956561124,-169.16694934429478,-59.273261125750366,1.159201931031219,0.3441820387152878,0.0590917334868451,3.646123705492352e-05,6.568928333903326,8.388321066939259,nan,0.505546537040596,nan
407.23,201.92807006835938,-168.7886199951172,-59.265995025634766,203.02409139277654,-169.16633744921734,-59.275017502575714,1.1593164467906105,0.3442363090065819,0.05910593517109124,3.7192897803498496e-05,6.597830520538902,8.671055358020556,nan,nan,nan
407.24,201.9193572998047,-168.78797912597656,-59.26755905151367,203.01540729236953,-169.16566755476254,-59.27455034798155,1.1593200652393247,0.3442906643790419,0.059120198264538286,3.640450830265671e-05,5.747133956309326,7.837148160491396,nan,3.132123945143179,nan
407.25,201.91065979003906,-168.78733825683594,-59.26909637451172,203.00457860989744,-169.16008037681402,-59.276118081172015,1.1557008163060702,0.3442170080145777,0.05911381069313365,3.711123271316538e-05,5.845880347423433,7.881675468799033,2.798032831999767,nan,nan
407.26,201.90194702148438,-168.78672790527344,-59.27060317993164,202.9958971750903,-169.1594240807006,-59.27576364088953,1.1557058484362597,0.34427112593763576,0.05912810610957712,3.632718395369431e-05,5.24596504784821,6.884123461668873,nan,2.6043999247482783,nan
407.27,201.8932342529297,-168.78611755371094,-59.27207565307617,202.98728337134762,-169.1588428888089,-59.277354902117466,1.1558094650094224,0.3443253323148184,0.05914246613924323,3.705530897725206e-05,5.260227398492642,7.211309819463753,nan,nan,nan
407.28000000000003,201.884521484375,-168.78553771972656,-59.273521423339844,202.9786531590238,-169.1582588877715,-59.278422641097876,1.1558846017289368,0.3443796238629943,0.059156887999935154,3.627450963435151e-05,5.166116063935995,6.755286343894316,nan,0.16074259615261777,nan
407.29,201.8758087158203,-168.78494262695312,-59.274940490722656,202.97003922658857,-169.157701918343,-59.279952096962965,1.1559909239309596,0.34443400406635266,0.05917137466684737,3.700144734952628e-05,5.177624626217335,7.129465783042247,nan,nan,nan
407.3,201.86709594726562,-168.7843780517578,-59.276329040527344,202.9665983178673,-169.16150347738434,-59.28160043378945,1.1623927207272104,0.3443602631370294,0.05916504979410481,3.620140955513821e-05,5.229095830962848,7.004977437587646,1.648966824579675,0.04515201340963802,nan
407.31,201.85838317871094,-168.78382873535156,-59.277687072753906,202.95799367273432,-169.16098351010828,-59.283075784255395,1.1625050541394564,0.3444144055112835,0.05917956801658948,3.6926325949587815e-05,5.243620839115498,7.037684508109294,nan,nan,nan
407.32,201.84967041015625,-168.7832794189453,-59.279022216796875,202.94934318191525,-169.16043357874517,-59.283075571542945,1.1625583404230357,0.344468633132854,0.059194148468739896,3.615270641047277e-05,4.907082021138968,6.775423166951898,nan,1.3884088291366734,nan
407.33,201.84095764160156,-168.78274536132812,-59.280330657958984,202.94073837787514,-169.15993605966463,-59.28448469732831,1.16267267398572,0.344522949156756,0.0592087937645827,3.6876592145877014e-05,4.916111649025087,6.712810537824229,nan,nan,nan
407.34000000000003,201.83226013183594,-168.78221130371094,-59.28160858154297,202.93211387290748,-169.15943146761362,-59.285227230211206,1.1627494994288377,0.34457735079520363,0.05922350166160957,3.610592822973187e-05,4.805805175560576,6.987260748430608,nan,0.2725680079788347,nan
407.35,201.82354736328125,-168.78170776367188,-59.282867431640625,202.91242589242185,-169.1546366235437,-59.28673895597133,1.1509767045641441,0.34450352888251984,0.05921723740975612,3.68057387753583e-05,4.777057682639682,6.4002391957875275,2.1383853118337965,nan,nan
407.36,201.81483459472656,-168.7812042236328,-59.284095764160156,202.90374522188125,-169.15411237881932,-59.28614963944702,1.1509956839791873,0.34455769247758755,0.05923197625592394,3.603889123061649e-05,4.482344871625794,6.406684698964151,nan,2.4547880118949785,nan
407.37,201.80612182617188,-168.78070068359375,-59.285301208496094,202.89512220776862,-169.15364952564641,-59.287438574552276,1.1510939311107253,0.3446119442339317,0.059246779997584806,3.676001931520879e-05,4.484768479403145,6.538444337594623,nan,nan,nan
407.38,201.7974090576172,-168.78021240234375,-59.28648376464844,202.8864694494959,-169.15317050326271,-59.2876898309095,1.1511523516876179,0.34466628166213753,0.059261646708870165,3.599593706490652e-05,4.396275902240192,6.332645212342119,nan,0.6862403420308774,nan
407.39,201.7886962890625,-168.7797393798828,-59.28764343261719,202.87784621801848,-169.1527272817427,-59.288922579210805,1.1512467932179686,0.3447207074684012,0.059276578530643664,3.6716240064184764e-05,4.39598609711783,6.221137945975069,nan,nan,nan
407.40000000000003,201.7799835205078,-168.77928161621094,-59.28877639770508,202.85477857773284,-169.14624977796143,-59.29130326022004,1.1357184650291041,0.34464680218346105,0.059270367889887085,3.593282394888364e-05,4.446873860655693,6.246732460622982,2.604287049921093,1.1281513595299704,nan
407.41,201.77127075195312,-168.77882385253906,-59.28989028930664,202.84613129323097,-169.14581508807862,-59.292502054385096,1.1357880838764662,0.34470098958601675,0.05928532987164919,3.665146739627261e-05,4.450631881595839,6.294953582985013,nan,nan,nan
407.42,201.76255798339844,-168.77838134765625,-59.29098129272461,202.83745575662567,-169.14536509761356,-59.292659916236495,1.1358191376264513,0.3447552627056537,0.05930035517158633,3.589356718410783e-05,4.3385551669951194,6.1038745311893345,nan,0.6969242358265587,nan
407.43,201.75384521484375,-168.77793884277344,-59.292049407958984,202.82880857063495,-169.1449482719125,-59.2938058891863,1.1358896172591613,0.34480962397929144,0.05931544565460783,3.6611516430310515e-05,4.339623076575677,6.265475881938539,nan,nan,nan
407.44,201.74514770507812,-168.7775115966797,-59.293094635009766,202.82021100085856,-169.14458262904157,-59.29677024971239,1.1360086896133126,0.34486407132262936,0.05933059980757005,3.5856094662546306e-05,4.627383790324358,6.611439821757781,nan,2.273166219817899,nan
407.45,201.73643493652344,-168.77708435058594,-59.29412078857422,202.816937104239,-169.14317755670757,-59.29793037613632,1.1408434086077917,0.34479008549846973,0.059324439839064144,3.655064863996203e-05,4.774081939243628,6.627119844831821,1.055891531017989,nan,nan
407.46000000000004,201.72772216796875,-168.77667236328125,-59.295127868652344,202.80830073971285,-169.14277897304888,-59.29917188520287,1.1409208795959174,0.344844294213652,0.0593396234810739,3.5798539254207055e-05,4.82938009434449,6.54228698832353,nan,0.012624841051882963,nan
407.47,201.71900939941406,-168.77627563476562,-59.29611587524414,202.79966063958767,-169.14238569862084,-59.30025882077531,1.1409911681264249,0.3448985908691451,0.059354872389984326,3.651437721751731e-05,4.83834910301474,6.435865023843459,nan,nan,nan
407.48,201.71029663085938,-168.77587890625,-59.297080993652344,202.79101057971354,-169.14199248551955,-59.300944462005575,1.141050708146333,0.3449529736227253,0.05937018529182712,3.576456459633114e-05,4.781145479221287,6.5885871778541425,nan,0.09891821956897147,nan
407.49,201.7015838623047,-168.77548217773438,-59.29802703857422,202.78237019373267,-169.1416155583052,-59.3019904618431,1.1411259594338388,0.3450074445472803,0.05938556369381104,3.64798771229894e-05,4.789687624939362,6.709511707496619,nan,nan,nan
407.5,201.69287109375,-168.7751007080078,-59.298954010009766,202.77463398446122,-169.14060513254017,-59.301969497652514,1.1418465436468888,0.34493337647136746,0.059379448018115205,3.571055471665059e-05,4.6494623552325685,6.4232686587399055,0.09571991656236432,0.73463444529262,nan
407.51,201.6841583251953,-168.7747344970703,-59.29986572265625,202.76599462212386,-169.14023999982692,-59.30296938826691,1.1419166688675861,0.3449876084250585,0.05939485509576503,3.642450435530886e-05,4.655058825868208,6.241502080286711,nan,nan,nan
407.52,201.67544555664062,-168.7743682861328,-59.30075454711914,202.75738180996845,-169.13990445589218,-59.30506019245443,1.1420250812697388,0.34504192649457793,0.059410326472425876,3.567992514556329e-05,4.905737461476345,6.73307796831736,nan,0.8337921441876657,nan
407.53000000000003,201.66673278808594,-168.77401733398438,-59.30162811279297,202.74874218491618,-169.13955431764967,-59.306036701379035,1.14209502971924,0.3450963325361971,0.05942586344945755,3.639345651125884e-05,4.9159981612414745,6.552607901415413,nan,nan,nan
407.54,201.65802001953125,-168.77366638183594,-59.302486419677734,202.74009254591735,-169.13920304902433,-59.306563490589156,1.1421535054124778,0.3451508250335082,0.05944146506105508,3.565090381644373e-05,4.843814850466891,6.521810244256904,nan,0.12757743922096923,nan
407.55,201.64930725097656,-168.7733154296875,-59.30332565307617,202.70991829312513,-169.13231934340237,-59.30757822408569,1.1197310735843014,0.34507667693146277,0.05943539008339835,3.6341565936006144e-05,4.68186817882221,6.642644796444187,3.8544309866464794,nan,nan
407.56,201.64059448242188,-168.77297973632812,-59.30414581298828,202.70117436737485,-169.13192946814053,-59.30542877193055,1.11967684995212,0.34513093022504737,0.05945101964052482,3.560185664061761e-05,4.225960037479945,6.1339307006968244,nan,6.446343056196438,nan
407.57,201.6318817138672,-168.77264404296875,-59.304954528808594,202.69250019403074,-169.13160248577213,-59.30630792334449,1.1197162836187788,0.34518527130078314,0.05946671490669391,3.631380221034061e-05,4.225477693353122,6.1046604608101696,nan,nan,nan
407.58,201.6231689453125,-168.77232360839844,-59.30574417114258,202.68386065526104,-169.13130964373158,-59.308749688233256,1.1197977095220175,0.34523969883530126,0.05948247509210727,3.557595153469893e-05,4.42452064487025,6.273097620903849,nan,1.7000023805159423,nan
407.59000000000003,201.6144561767578,-168.77200317382812,-59.3065185546875,202.67518615379598,-169.13099562100678,-59.30961464163835,1.119836259045539,0.3452942143946655,0.05949830123467041,3.628761416510243e-05,4.4301659617462334,6.363621690764972,nan,nan,nan
407.6,201.60574340820312,-168.77169799804688,-59.30727767944336,202.65330729684862,-169.13983002391015,-59.311416522393145,1.110373099134359,0.34521998509831525,0.059492261042635546,3.553003077108028e-05,4.206332924720909,6.5249139320317395,18.7227012759723,0.5303523914740161,nan
407.61,201.59703063964844,-168.77139282226562,-59.30801773071289,202.64461678605093,-169.1395819343906,-59.3122626228002,1.1104134254999996,0.3452742611270712,0.059508114291062536,3.6240568550364725e-05,4.2170801826843825,6.767806667507152,nan,nan,nan
407.62,201.58831787109375,-168.77108764648438,-59.308746337890625,202.63586119106657,-169.13928995994502,-59.30995597803737,1.1103699446971385,0.34532862360848243,0.05952403272914215,3.550707646424981e-05,3.7566336208547813,6.309936117189115,nan,6.755461562377829,nan
407.63,201.57960510253906,-168.7707977294922,-59.30946350097656,202.62717047932037,-169.13905411314184,-59.31074336704241,1.1104087629277914,0.3453830739374528,0.05954001724556715,3.621741726621193e-05,3.7564352035500717,6.062236087802984,nan,nan,nan
407.64,201.57089233398438,-168.7705078125,-59.31016159057617,202.6184919517953,-169.13883337316352,-59.31212514630535,1.1104650077453175,0.3454376110480051,0.05955606727414267,3.54855363626207e-05,3.8155374857846236,6.369136439373018,nan,0.2535681074387093,nan
407.65000000000003,201.5621795654297,-168.77023315429688,-59.310848236083984,202.61674462337254,-169.14780257175627,-59.3128276494578,1.1201205490981518,0.34536330229840034,0.05955005778637208,3.6173405647139584e-05,3.7282258338043226,6.248523538998406,5.416402644007016,nan,nan
407.66,201.553466796875,-168.76995849609375,-59.311519622802734,202.6080600560406,-169.1476099734309,-59.31318957048781,1.1201742584695231,0.3454175996387873,0.059566134136365904,3.544394321329465e-05,3.694707448388405,6.370400493463491,nan,0.10509412548690855,nan
407.67,201.5447540283203,-168.76968383789062,-59.31217956542969,202.599382931581,-169.147428780426,-59.31392587603993,1.1202394452993742,0.3454719846569765,0.05958227669190397,3.615311592265934e-05,3.6964134085519786,6.4361134761708225,nan,nan,nan
407.68,201.53604125976562,-168.76942443847656,-59.31282424926758,202.59067704120997,-169.1472321003325,-59.31312048550164,1.1202657491040626,0.34552645643807695,0.05959848501226447,3.542511369050268e-05,3.610771268894135,6.2292331450315075,nan,1.6117492553972117,nan
407.69,201.52732849121094,-168.7691650390625,-59.31345748901367,202.58199982077053,-169.14706193419747,-59.31381740275622,1.1203293293873713,0.3455810161499164,0.05961475979815509,3.613419522702352e-05,3.6080408298863516,6.283251667474845,nan,nan,nan
407.7,201.51861572265625,-168.76890563964844,-59.31407928466797,202.57888720102133,-169.15868140763612,-59.3136359574861,1.1296463843539073,0.34550662720922504,0.05960877543906928,3.538621585381324e-05,3.4896319493404997,6.695552603129451,9.914320083213614,0.574366439807131,nan
407.71000000000004,201.50990295410156,-168.76866149902344,-59.3146858215332,202.57022284828258,-169.15856516926993,-59.314301417331585,1.1297359416404924,0.3455609468380873,0.05962507567882891,3.609435914973616e-05,3.4850291248119247,6.55627706239923,nan,nan,nan
407.72,201.50119018554688,-168.76841735839844,-59.31528091430664,202.56441885704248,-169.13884458087756,-59.314880985955355,1.125909274758228,0.3455894839962845,0.05842728265339985,3.536886913033001e-05,4.13669006856338,7.302687728805205,nan,0.005965494422419801,0.3166643359370237
407.73,201.4924774169922,-168.76817321777344,-59.31586456298828,202.55576750654177,-169.13870428806132,-59.3155234738125,1.126001423145134,0.345643735810292,0.0584394934388546,3.607696463049801e-05,4.128415582403275,7.408889050346571,nan,nan,nan
407.74,201.4837646484375,-168.7679443359375,-59.316436767578125,202.54709862863257,-169.1385078838766,-59.314750537176536,1.1260547677052242,0.3456980737469706,0.05845176068356925,3.535383485046534e-05,4.198999881698811,7.256873024390254,nan,1.3650301015323432,nan
407.75,201.4750518798828,-168.76771545410156,-59.31699752807617,202.52725908778373,-169.13810877549616,-59.31536705941427,1.1154971444698696,0.3456243742608412,0.058444479529313545,3.603975334453448e-05,3.993898283390624,7.454793554496689,3.045272267794939,nan,nan
407.76,201.46632385253906,-168.76748657226562,-59.31754684448242,202.51858889866958,-169.13798717413607,-59.31572095793299,1.1155876286317041,0.3456784755423088,0.05845678344321569,3.5318664098460674e-05,4.0080359270942,7.46613813881861,nan,0.04107933469142212,nan
407.77,201.45761108398438,-168.76727294921875,-59.31808853149414,202.5099214841424,-169.13788050799587,-59.31630588006165,1.1156658633971164,0.34573266314118084,0.05846914924749509,3.602591803796863e-05,3.9954342830461016,7.2558555819471,nan,nan,nan
407.78000000000003,201.4488983154297,-168.7670440673828,-59.3186149597168,202.5012412417066,-169.13773144308504,-59.31574608804341,1.115725322565877,0.34578693681555617,0.058481572044668785,3.530593367104021e-05,4.133406549181473,8.004761136059244,nan,0.8933654587280304,nan
407.79,201.440185546875,-168.766845703125,-59.31913375854492,202.49257374301212,-169.1376333145847,-59.3163001632659,1.1158012356342504,0.3458412970778731,0.05849405688960866,3.6013245481560395e-05,4.117099211129256,7.300133661042135,nan,nan,nan
407.8,201.4314727783203,-168.76663208007812,-59.319637298583984,202.50728664795767,-169.14872079282554,-59.31845580211226,1.141651725548119,0.3457675184830396,0.05848687855682582,3.5273035554735763e-05,4.024465915731496,7.984249044547459,6.448935864485858,1.949330225297755,nan
407.81,201.42276000976562,-168.7664337158203,-59.32013702392578,202.498658917915,-169.14865487755063,-59.31900648180159,1.1417761405621512,0.3458216417887573,0.05849939951297088,3.5979552859377374e-05,4.014421977777695,7.503938619294333,nan,nan,nan
407.82,201.41404724121094,-168.76622009277344,-59.320621490478516,202.49003459741826,-169.14860633760335,-59.31988581841695,1.1419144329443112,0.34587585111784186,0.05851197797216832,3.526244667407715e-05,3.9877791442278596,8.146144710855628,nan,0.07930421584270209,nan
407.83,201.40533447265625,-168.7660369873047,-59.321102142333984,202.4814066204593,-169.148548785238,-59.320422114391306,1.1420363414855255,0.34593014692189084,0.05852461848026967,3.596907357356761e-05,3.9795592637695227,7.317781616442189,nan,nan,nan
407.84000000000003,201.3966064453125,-168.76583862304688,-59.32156753540039,202.47277168179386,-169.14846839244186,-59.320243382049874,1.1421641344484297,0.3459845290532021,0.05853731689844882,3.525287913841058e-05,4.010499737271916,7.89572905078988,nan,0.34729120114346695,nan
407.85,201.3878936767578,-168.76565551757812,-59.322025299072266,202.47566852249847,-169.145838649302,-59.320650726978954,1.1522999688110345,0.345910672025218,0.058530241869690025,3.593753738961986e-05,4.28590077565746,7.4751997527395755,8.092777129977847,nan,nan
407.86,201.37918090820312,-168.76536560058594,-59.32257843017578,202.4670473435571,-169.14568410910016,-59.32040110096221,1.1524323363437778,0.3459648169280552,0.05854297607450865,3.5223057864550294e-05,4.360030239298018,7.744536448407262,nan,0.44946831648558633,nan
407.87,201.37046813964844,-168.76498413085938,-59.32322311401367,202.45843369561712,-169.14546296065402,-59.3210405849169,1.1525788278158657,0.34601904819625345,0.05855577234454103,3.5929087333508624e-05,4.350334468265027,7.698785839023406,nan,nan,nan
407.88,201.36175537109375,-168.76451110839844,-59.32395935058594,202.4498498666977,-169.14526899838603,-59.325111837372035,1.1527911911431263,0.34607336573301795,0.05856862700295594,3.521540602919563e-05,4.24789289079772,7.661278587814557,nan,7.773230409970623,nan
407.89,201.35304260253906,-168.76400756835938,-59.32478713989258,202.441236162456,-169.14488988713504,-59.3259697177436,1.1529258272286997,0.34612776991120703,0.05858154390685458,3.592160396861045e-05,4.242591766861658,7.441240188255346,nan,nan,nan
407.90000000000003,201.3443145751953,-168.7634735107422,-59.325706481933594,202.45215505885653,-169.14780292986293,-59.32716748278865,1.1726132244537908,0.34605383451782556,0.058574563870717404,3.518746094291075e-05,4.523030355099651,7.777754656221109,4.497412601804967,0.03098579226010554,nan
407.91,201.33560180664062,-168.76295471191406,-59.32670974731445,202.44357068962543,-169.14737837850618,-59.32820979604036,1.1727654715436093,0.34610800117420953,0.058587515975208726,3.58929699330618e-05,4.519294158206121,7.669904890092649,nan,nan,nan
407.92,201.32688903808594,-168.76243591308594,-59.32780456542969,202.43498203649398,-169.14693648562198,-59.328794945792,1.1729073979878912,0.34616225403649054,0.0586005269245631,3.5181573519724456e-05,4.478709612151745,7.600467868073658,nan,0.2085614728796659,nan
407.93,201.31817626953125,-168.7619171142578,-59.328983306884766,202.4263978698018,-169.1465189109409,-59.330009232668836,1.173062108262729,0.3462165934353902,0.058613600158852724,3.588728969934017e-05,4.474239743949312,7.8689126812975205,nan,nan,nan
407.94,201.30946350097656,-168.76141357421875,-59.33024978637695,202.41781840321718,-169.14612917257898,-59.33191208216989,1.173226083996511,0.3462710193393784,0.05862673262326354,3.5176526276885864e-05,4.51780574809358,7.730006494385713,nan,0.2526909574099975,nan
407.95,201.3007354736328,-168.7609100341797,-59.33159637451172,202.42394427528572,-169.14760953755166,-59.3333055932223,1.1879130605592696,0.3461970061263645,0.05861984677904689,3.5860416311760956e-05,4.7425212782143085,8.141056484129345,2.946554412172812,nan,nan
407.96000000000004,201.29202270507812,-168.7604217529297,-59.333030700683594,202.415386876524,-169.14722972609138,-59.33544676479247,1.1880965058258126,0.34625119423618866,0.05863301404490825,3.515109171833763e-05,4.821491974530927,8.011497920213452,nan,0.3070222661021948,nan
407.97,201.28330993652344,-168.75994873046875,-59.33454895019531,202.4068248271861,-169.14683849712713,-59.3370163329821,1.1882657485022283,0.3463054687802706,0.05864624364857467,3.585638882664832e-05,4.819796566327925,7.869879830538936,nan,nan,nan
407.98,201.27459716796875,-168.7594757080078,-59.33614730834961,202.39826795435494,-169.14647959832354,-59.339402340460936,1.1884522045632713,0.3463598297616248,0.05865953290964628,3.514760214554511e-05,4.9457546346267405,8.262080517177314,nan,0.37639835249423,nan
407.99,201.26588439941406,-168.75901794433594,-59.337825775146484,202.38970616617604,-169.14610749894138,-59.34114460920835,1.1886230274532714,0.3464142774575344,0.058672884709629586,3.5853147803697975e-05,4.946033303048567,8.18254269567267,nan,nan,nan
408.0,201.25717163085938,-168.75856018066406,-59.33958435058594,202.33928790277764,-169.1268072784969,-59.34207233475739,1.1430606900238636,0.3463401866019708,0.058666085663033433,3.512368309489925e-05,4.621621278727572,7.754583970356884,17.923594730317017,0.5879209629812486,nan
408.01,201.2484588623047,-168.75811767578125,-59.3414192199707,202.33065634122278,-169.12641616540898,-59.3439678381846,1.1431542574357756,0.34639439621732265,0.058679471649537705,3.582861533828667e-05,4.620728670282307,7.767710615072907,nan,nan,nan
408.02,201.23973083496094,-168.7576904296875,-59.34331512451172,202.3220282953755,-169.1260498284123,-59.3464759133035,1.1432700599746786,0.34644869219899277,0.058692917700842846,3.512161445862964e-05,4.718489625068951,7.517871596706298,nan,0.20698563718534024,nan
408.03000000000003,201.23101806640625,-168.75726318359375,-59.34522247314453,202.31339715271812,-169.12567639798107,-59.34848044365896,1.1433649449726875,0.3465030747963405,0.058706426364294906,3.582682345538509e-05,4.724350324570406,7.6904194901352705,nan,nan,nan
408.04,201.22230529785156,-168.75685119628906,-59.347110748291016,202.30476525816087,-169.12530670418582,-59.35031419150056,1.1434549790090907,0.3465575440556515,0.05871999545828837,3.512022197390392e-05,4.7145953513556655,7.746508497776583,nan,0.020128490174468685,nan
408.05,201.21359252929688,-168.75643920898438,-59.348976135253906,202.30504152874278,-169.13092672021685,-59.35236595593107,1.153912174017059,0.34648337601526885,0.05871328135601276,3.5803697040183686e-05,4.718740696343522,7.976101049034008,2.200578217154034,nan,nan
408.06,201.2048797607422,-168.75604248046875,-59.35081100463867,202.29642678834145,-169.13059370281528,-59.35424701775454,1.154025709335885,0.34653760692210483,0.05872688416679087,3.509830516360791e-05,4.728616204558765,7.819577050162629,nan,0.004068246041673179,nan
408.07,201.1961669921875,-168.75564575195312,-59.35261154174805,202.2878127811958,-169.13027081551033,-59.35617226396929,1.1541434683987748,0.3465919243474143,0.05874054967439405,3.5803220338591884e-05,4.740583360636564,8.008627972962017,nan,nan,nan
408.08,201.1874542236328,-168.75526428222656,-59.354373931884766,202.27919860445888,-169.12995466036568,-59.358018277049965,1.1542581833311916,0.3466463283597588,0.05875427599372187,3.509815010899113e-05,4.759343113268563,8.01586079381435,nan,0.001497564969343206,nan
408.09000000000003,201.17874145507812,-168.75489807128906,-59.35610580444336,202.2705845232087,-169.1296474685584,-59.359876508706456,1.154371090416403,0.3467008191740323,0.058768065229476384,3.5803369406216665e-05,4.7727918371283655,7.717717155784358,nan,nan,nan
408.1,201.17002868652344,-168.7545166015625,-59.35780334472656,202.2783637775007,-169.12722500436936,-59.36166322302553,1.1693302040377107,0.3466265741987697,0.0587614294015205,3.5077429975728575e-05,5.191928619740881,8.16061184703144,9.492208628044528,0.00015134290675591675,nan
408.11,201.16131591796875,-168.75416564941406,-59.359466552734375,202.26977181713522,-169.12690261181592,-59.36345452836243,1.169454243434572,0.34668082638017755,0.05877525170917397,3.578208751895767e-05,5.2065969804185,7.789162841371242,nan,nan,nan
408.12,201.15260314941406,-168.75381469726562,-59.36109924316406,202.2611785110695,-169.12657931431198,-59.364874463602064,1.1695755830558925,0.3467351650712407,0.05878913519193407,3.507839211138232e-05,5.163119800271295,7.752029947826436,nan,0.08074022412989343,nan
408.13,201.14389038085938,-168.7534637451172,-59.36269760131836,202.25258679355147,-169.12627142529115,-59.366598127863405,1.1697044566985058,0.34678959046943136,0.05880308169314562,3.578337370339261e-05,5.176455727191221,7.945085322902567,nan,nan,nan
408.14,201.1351776123047,-168.75311279296875,-59.364261627197266,202.2439948578506,-169.12596756838283,-59.36816486444682,1.1698340065283304,0.3468441026703264,0.05881708971813856,3.5079886152361594e-05,5.179827602839541,8.151299818263515,nan,0.011098928790215176,nan
408.15000000000003,201.12646484375,-168.75279235839844,-59.36579895019531,202.20957259466084,-169.1123659984253,-59.369806955607615,1.1412412833370058,0.3467697811612011,0.058810529465262995,3.5763188759893725e-05,5.140040737189829,7.373098100264453,8.606021922397701,nan,nan
408.16,201.11773681640625,-168.75245666503906,-59.36730194091797,202.20093569015847,-169.11203907757886,-59.3710408140948,1.1413296152639942,0.34682405445851056,0.05882457002599744,3.506072453539435e-05,5.084004749412525,7.683222217734329,nan,0.11061456203215642,nan
408.17,201.10902404785156,-168.75213623046875,-59.3687744140625,202.19230038256026,-169.11172788882942,-59.372637885196106,1.141406458940763,0.34687841436919276,0.058838673716579366,3.576549580363574e-05,5.09707744871562,7.66979696800775,nan,nan,nan
408.18,201.10031127929688,-168.7518310546875,-59.37022018432617,202.1836660775561,-169.11142830250014,-59.37444104455495,1.1414839531096261,0.3469328610021786,0.05885283927123767,3.5063177455022796e-05,5.182618555937034,7.509995891612556,nan,0.03874436237762751,nan
408.19,201.0915985107422,-168.75152587890625,-59.37163543701172,202.17503115289574,-169.11112981815177,-59.37598376389459,1.1415604194046864,0.34698739453427424,0.058867068191356516,3.576828927536902e-05,5.197711534503018,7.668209009388203,nan,nan,nan
408.2,201.0828857421875,-168.751220703125,-59.373023986816406,202.16841612939737,-169.11403073802862,-59.37726231501382,1.1445633693285344,0.3469129967870755,0.058860577399622784,3.504493809853863e-05,5.109243043258374,7.727884802905148,1.2564023158454045,0.07733878841658796,nan
408.21000000000004,201.0741729736328,-168.75091552734375,-59.374385833740234,202.15978572010306,-169.11375683000642,-59.37874875066328,1.1446518602879634,0.34696729114043395,0.05887483817946775,3.5749521368677085e-05,5.123299207364227,7.792449621102687,nan,nan,nan
408.22,201.06546020507812,-168.75064086914062,-59.37571716308594,202.15115440880479,-169.11348083432338,-59.37981641372245,1.1447277179291473,0.34702167213379564,0.05888916114800604,3.504824680255548e-05,5.065352221178358,7.4513501673202835,nan,0.10833593509505164,nan
408.23,201.05674743652344,-168.75035095214844,-59.37702560424805,202.14252437118486,-169.1132183437588,-59.38124655958095,1.144815317944686,0.3470761399340464,0.058903547607660235,3.575318422849507e-05,5.078580767602988,7.646100088507522,nan,nan,nan
408.24,201.04803466796875,-168.7500762939453,-59.37830352783203,202.133888474182,-169.11291610419954,-59.38031813029926,1.1448734755405068,0.34713069466551694,0.058917996590128176,3.505196395693178e-05,4.690765470546003,7.254439254115751,nan,3.832551117237203,nan
408.25,201.03932189941406,-168.7498016357422,-59.37955856323242,202.13583499786208,-169.11412150458963,-59.38158601267251,1.15545404601668,0.347056221047334,0.05891157189536091,3.573525071817637e-05,4.8516880382864445,7.253882301910489,1.653175148509444,nan,nan
408.26,201.03060913085938,-168.74952697753906,-59.38079071044922,202.12722147431023,-169.1138756244159,-59.3832409659467,1.1555581214468462,0.3471105363311475,0.058926052139194225,3.503490576875337e-05,4.902516112457262,7.317396356207749,nan,0.07424059908292133,nan
408.27,201.0218963623047,-168.749267578125,-59.381996154785156,202.11860718313824,-169.11362909146706,-59.384550693919856,1.1556558582071512,0.34716493833017903,0.058940596007108645,3.5739684513180944e-05,4.908594567015357,7.234618567815821,nan,nan,nan
408.28000000000003,201.01318359375,-168.74900817871094,-59.383174896240234,202.10999419550217,-169.11339886184123,-59.386458620384396,1.1557615882665295,0.34721942717586546,0.058955202702476166,3.5039345832734826e-05,5.02842963650003,7.523195956113222,nan,0.27231100690287496,nan
408.29,201.0044708251953,-168.74876403808594,-59.384334564208984,202.1013798603383,-169.1131628352893,-59.38772805258713,1.1558578764471772,0.34727400302409134,0.05896987327105634,3.574448706426055e-05,5.037907437394232,7.209603555069485,nan,nan,nan
408.3,200.99575805664062,-168.74851989746094,-59.385467529296875,202.06965556175274,-169.09705365909923,-59.38991702569338,1.129048906162149,0.3471994538572184,0.058963508972585656,3.5022979710853464e-05,5.3815870156212755,7.559040939984371,13.077174537712995,0.5877294250156734,nan
408.31,200.98704528808594,-168.74827575683594,-59.38658142089844,202.060999858054,-169.09678257198445,-59.391152007435366,1.1290953497475507,0.347253789987264,0.05897821009424445,3.5727611778632296e-05,5.395618264310653,7.503881138147509,nan,nan,nan
408.32,200.97833251953125,-168.74803161621094,-59.387672424316406,202.05234354162647,-169.09650971648864,-59.3919613565522,1.1291390777468024,0.3473082128779327,0.05899297433438233,3.5028056395216395e-05,5.330495105192317,7.524664406407879,nan,0.11524738238294646,nan
408.33,200.96961975097656,-168.747802734375,-59.38874053955078,202.04368761939668,-169.09624817608196,-59.39314999228703,1.1291835347242365,0.34736272268032337,0.059007802591945845,3.573305988887302e-05,5.344316229513055,7.430518205653298,nan,nan,nan
408.34000000000003,200.96090698242188,-168.74757385253906,-59.38978576660156,202.03503243033205,-169.09600320292938,-59.39508770158477,1.1292371764054812,0.34741731953331856,0.059022694290007796,3.503343860547532e-05,5.597259216916964,7.7980082659998775,nan,0.417423132430994,nan
408.35,200.9521942138672,-168.7473602294922,-59.390811920166016,202.03735653938662,-169.10099548168097,-59.396377441003075,1.1413440056965982,0.34734269516687943,0.0590163865137929,3.571680160760473e-05,5.698486096229434,7.726788024105899,2.1301371089751875,nan,nan
408.36,200.9434814453125,-168.7471466064453,-59.391815185546875,202.02871666344393,-169.10072988483267,-59.395591793813544,1.141389887898928,0.34739705203504284,0.05903130810851272,3.501794087197697e-05,5.233556604505724,7.401384697028275,nan,2.611861840995895,nan
408.37,200.9347686767578,-168.74691772460938,-59.39280319213867,202.02007904676643,-169.1004974072717,-59.396692085764734,1.14146060586139,0.3474514957242769,0.05904629387021519,3.572281385214722e-05,5.243917358135445,7.516295601601875,nan,nan,nan
408.38,200.92605590820312,-168.74671936035156,-59.393768310546875,202.01144035737673,-169.10025234977275,-59.39657760368843,1.14151341176743,0.3475060263764042,0.05906134334643217,3.5023851217080336e-05,5.041175572477427,7.05824430498244,nan,1.0084901178730126,nan
408.39,200.91734313964844,-168.7465057373047,-59.39471435546875,202.00280250648316,-169.10002856530193,-59.397628548197936,1.1415817620668582,0.34756064413796844,0.05907645724988651,3.572909803799002e-05,5.048104078004473,7.322586873884994,nan,nan,nan
408.40000000000003,200.90863037109375,-168.74630737304688,-59.3956413269043,202.00009845174512,-169.09143941439376,-59.397279009005054,1.1447363797170558,0.34748594490746665,0.0590702005908042,3.5008857336749866e-05,5.343429217574466,7.191626178648839,11.945009892772958,1.4320706471128237,nan
408.41,200.89991760253906,-168.74610900878906,-59.396549224853516,201.9914656341721,-169.09118064935825,-59.3982808431077,1.1447945409499691,0.3475403224178281,0.05908534364935472,3.57136044275151e-05,5.3459954367027525,7.257622404369603,nan,nan,nan
408.42,200.89120483398438,-168.74591064453125,-59.39744186401367,201.98283344235094,-169.09094336971702,-59.400621382222624,1.1448627469655395,0.34759478680223477,0.059100550684755684,3.5015225272273874e-05,5.545795757796664,7.407000820103708,nan,1.2973284226938004,nan
408.43,200.8824920654297,-168.7457275390625,-59.3983154296875,201.9742005730751,-169.09069264355782,-59.40160239872684,1.1449188587626298,0.34764933820576294,0.05911582230537498,3.572035184457944e-05,5.555057544852732,7.331703674338528,nan,nan,nan
408.44,200.873779296875,-168.74554443359375,-59.399169921875,201.96556696399352,-169.0904139295986,-59.399960210958426,1.144961092746645,0.34770397677253706,0.059131158215066766,3.5021815151424485e-05,5.265784328483087,7.143339755730661,nan,4.7914036689220065,nan
408.45,200.86505126953125,-168.745361328125,-59.40000915527344,201.9675224382128,-169.09876135590645,-59.40088798046099,1.157728392043528,0.34762920301977723,0.0591249484192,3.570529982613019e-05,5.163430404496378,7.05877700875141,3.9259209960236996,nan,nan
408.46000000000004,200.85633850097656,-168.74517822265625,-59.40083312988281,201.9589085934559,-169.0985616495969,-59.40301714482107,1.157819254109837,0.3476836010713185,0.059140312773484915,3.500743703593453e-05,5.273098908494164,7.24164411153026,nan,1.0551164938285973,nan
408.47,200.84762573242188,-168.74501037597656,-59.40163803100586,201.9502947024395,-169.0983515055355,-59.40392032210948,1.157900695280206,0.34773808605154516,0.059155741874506625,3.5712444688537776e-05,5.278198351038611,7.205026153143949,nan,nan,nan
408.48,200.8389129638672,-168.74484252929688,-59.402427673339844,201.94168095246968,-169.0981364191356,-59.404035816417114,1.1579794451577863,0.3477926581049295,0.05917123551265976,3.501439846112816e-05,5.201572925472201,7.1405126024643515,nan,0.42101422381488857,nan
408.49,200.8302001953125,-168.7446746826172,-59.4031982421875,201.93306709453853,-169.09793304781903,-59.40490114284175,1.1580629386454566,0.34784731737600466,0.05918679416671008,3.571978392836314e-05,5.204152028375638,7.310094433744872,nan,nan,nan
408.5,200.8214874267578,-168.7445068359375,-59.40395736694336,201.9101336586118,-169.08370568819524,-59.40524413667124,1.1402666948039883,0.34777246944105494,0.05918062603047582,3.500037431792122e-05,5.418412998750485,7.2464052146261935,11.288533216090507,0.19348242115287215,nan
408.51,200.81277465820312,-168.7443389892578,-59.404701232910156,201.90149285005373,-169.08346351950004,-59.40607589881493,1.1403133946353563,0.34782688793431765,0.05919621235349623,3.5705262663186006e-05,5.419211456960541,7.289940168898498,nan,nan,nan
408.52,200.80406188964844,-168.7441864013672,-59.40542984008789,201.89285133352496,-169.083241998453,-59.408681026184084,1.1403647316640355,0.34788139340975743,0.05921186345177763,3.5007650953080907e-05,5.663909315850259,7.435175413399467,nan,2.255038987649755,nan
408.53000000000003,200.79534912109375,-168.74403381347656,-59.40614318847656,201.8842106772012,-169.0830065878631,-59.40950278852998,1.1404092761182545,0.3479359860124072,0.05922757973334205,3.571292054973838e-05,5.6735464929685735,7.501251913521555,nan,nan,nan
408.54,200.78662109375,-168.74388122558594,-59.40684509277344,201.87557066979323,-169.08276757090172,-59.40956522203775,1.1404659281668363,0.3479906658859881,0.059243361094681736,3.501508348193452e-05,5.564564676893097,7.225376004512095,nan,0.39248012935538623,nan
408.55,200.7779083251953,-168.7437286376953,-59.407527923583984,201.86827394956651,-169.0852570796822,-59.41036525674467,1.142605322040757,0.3479157441099575,0.05923723009090445,3.569870311802442e-05,5.499847251860759,7.506063228984829,0.5618722024161784,nan,nan
408.56,200.76919555664062,-168.7435760498047,-59.408199310302734,201.85963740765413,-169.08503240291182,-59.410133527029025,1.1426546340488606,0.3479701829445738,0.05925303836037763,3.50014765260271e-05,5.376337906709309,7.333791871799328,nan,0.7156029904216226,nan
408.57,200.76048278808594,-168.74343872070312,-59.40885925292969,201.8509998435606,-169.08481912029154,-59.4108859511861,1.1427038693424028,0.3480247088155927,0.05926891198245209,3.5706627736707626e-05,5.380107014855926,7.138305992986742,nan,nan,nan
408.58,200.75177001953125,-168.74330139160156,-59.40950393676758,201.84236257922961,-169.08460531684472,-59.41121117267681,1.1427525608417008,0.3480793218656399,0.059284850910591144,3.500915815352733e-05,5.343835933150154,7.2021431336681605,nan,0.12142155841089076,nan
408.59000000000003,200.74305725097656,-168.7431640625,-59.41013717651367,201.83372490154872,-169.08439764661753,-59.41193499941731,1.142803358019865,0.3481340222414405,0.059300855467412386,3.5714686313878854e-05,5.346479487616323,7.194927267945893,nan,nan,nan
408.6,200.73434448242188,-168.74302673339844,-59.41075897216797,201.81299597989994,-169.08208404517399,-59.41418036798869,1.1306903287945338,0.34805902696378016,0.059294756521683804,3.499578912368881e-05,5.411649099634957,7.363473779655739,1.4036465976441126,1.5966408802275005,nan
408.61,200.72561645507812,-168.74288940429688,-59.4113655090332,201.80433910597853,-169.08188552235694,-59.41489678249484,1.1307401980639264,0.3481134860415635,0.05931078717643693,3.5700818399052554e-05,5.421765043574105,7.4070835611891885,nan,nan,nan
408.62,200.71690368652344,-168.74276733398438,-59.41196060180664,201.79568138797706,-169.08169409883752,-59.416229957302725,1.1307744728652656,0.348168032205754,0.059326883355152106,3.500367591754684e-05,5.5886842973539945,7.510860810853512,nan,0.27851050713278913,nan
408.63,200.70819091796875,-168.74264526367188,-59.41254425048828,201.78702419931713,-169.08150098722473,-59.416930252764196,1.1308066533874863,0.34822266560457743,0.05934304533549486,3.570908422295302e-05,5.602044219305431,7.529555958782737,nan,nan,nan
408.64,200.69947814941406,-168.74252319335938,-59.413116455078125,201.7783678123947,-169.08130578905252,-59.416921917154035,1.1308364309539432,0.34827738637835143,0.05935927313844159,3.501166791853549e-05,5.472234843213444,7.409536537064612,nan,0.3436417172444541,nan
408.65000000000003,200.69076538085938,-168.74240112304688,-59.41367721557617,201.75189759195305,-169.07310622912004,-59.417506504803875,1.111477440193643,0.3482023179431575,0.05935320153587639,3.569541508990888e-05,5.398886561687167,7.402974315828373,3.445708914240653,nan,nan
408.66,200.6820526123047,-168.74227905273438,-59.41422653198242,201.74320968354138,-169.07290919555805,-59.41888518602602,1.111482039547531,0.34825679716081803,0.05936945462906675,3.499856450613506e-05,5.603205611675521,7.632269625668037,nan,0.36481389748562676,nan
408.67,200.67332458496094,-168.74215698242188,-59.414764404296875,201.73452289865725,-169.07271041769002,-59.41954221081187,1.1114991057101913,0.34831136352152375,0.05938577369738196,3.570384816609373e-05,5.617683352928813,7.569580016723215,nan,nan,nan
408.68,200.66461181640625,-168.74205017089844,-59.41529083251953,201.72583762854646,-169.07250919752542,-59.419273905082676,1.1114941554047595,0.3483660171638576,0.05940215879646614,3.500671271146101e-05,5.4269343407110355,7.397657736463324,nan,0.5918117190124821,nan
408.69,200.65589904785156,-168.74192810058594,-59.415809631347656,201.7171508990922,-169.0723152029442,-59.41990259137861,1.1114980348557344,0.34842075823872926,0.05941861015195426,3.571236956783837e-05,5.43756914211795,7.482639709950226,nan,nan,nan
408.7,200.64718627929688,-168.7418212890625,-59.416316986083984,201.74074821911503,-169.08059413675988,-59.422551758415885,1.1448509208372417,0.3483456169821369,0.05941256089405858,3.499376013108647e-05,6.452124628698205,8.160238477750402,8.222356749461492,3.0110760496234135,nan
408.71000000000004,200.6384735107422,-168.74171447753906,-59.416812896728516,201.73211243696682,-169.08040700448316,-59.42318187970566,1.1449014336202488,0.3484001162451825,0.05942903669478965,3.569891382924083e-05,6.473150055034457,8.239735131057508,nan,nan,nan
408.72,200.62974548339844,-168.74160766601562,-59.41729736328125,201.7233786670495,-169.08024962617503,-59.42600359842442,1.1448963778848011,0.34456122244009507,0.059306311989382604,3.500133531840917e-05,8.7290272443174,10.47937658890369,nan,3.419347414747457,2.273541378254151e-06
408.73,200.62103271484375,-168.7415008544922,-59.41777801513672,201.71474248832794,-169.0800670119389,-59.426637939647456,1.1449483000753389,0.3446124179890441,0.05932150320375624,3.570684720311678e-05,8.755226411819418,10.397136235209747,nan,nan,nan
408.74,200.61231994628906,-168.7414093017578,-59.418243408203125,201.70615424540432,-169.0798737465382,-59.426262019566025,1.145030983174539,0.3446636961885231,0.059336753559417435,3.500969653323176e-05,8.38755780751932,10.085056301546242,nan,0.7081654433265652,nan
408.75,200.60360717773438,-168.74130249023438,-59.418701171875,201.6982210623663,-169.07928092001157,-59.42677226519363,1.1456326278397364,0.34459690598650716,0.05933035304084352,3.569353652503097e-05,8.423148737954842,10.15920511692724,0.5032547438343263,nan,nan
408.76,200.59487915039062,-168.7412109375,-59.419254302978516,201.68964492731374,-169.07908494167486,-59.426170820916155,1.1457394063396797,0.3446479632415519,0.059345625173470924,3.499692038198498e-05,7.959454733360464,9.410371034239008,nan,1.1037883412088756,nan
408.77,200.58616638183594,-168.74110412597656,-59.419898986816406,201.68100978694451,-169.07890465508981,-59.42690115381389,1.1457924373644632,0.34469910937767334,0.059360957003325575,3.570229937902597e-05,7.958864608385825,9.690209193434763,nan,nan,nan
408.78000000000003,200.57745361328125,-168.7410125732422,-59.42063522338867,201.67239163537087,-169.07872119703634,-59.42736317521552,1.1458541146840031,0.344750338274248,0.059376348266092754,3.500536928387533e-05,7.872524654002731,9.482033118957135,nan,0.0922499978003708,nan
408.79,200.56874084472656,-168.74090576171875,-59.42146301269531,201.66375651685428,-169.07854338677305,-59.428275345329865,1.1459078915574075,0.34480165625405573,0.059391799498557156,3.571111704263601e-05,7.871828863094017,9.632266661683474,nan,nan,nan
408.8,200.5600128173828,-168.74081420898438,-59.42237854003906,201.66239663839053,-169.0796821522211,-59.42710424100515,1.1533013066942601,0.344734776120483,0.05938543709108068,3.499268039256879e-05,7.351501616942442,8.899185212396912,0.6881040375257078,3.30709628320867,nan
408.81,200.55130004882812,-168.74072265625,-59.42338562011719,201.65377404435378,-169.0795050169213,-59.4281756793199,1.153362624407212,0.34478587280984,0.059400909621074485,3.569792032215725e-05,7.349904073125065,8.893084512230303,nan,nan,nan
408.82,200.54258728027344,-168.74063110351562,-59.424476623535156,201.64520487988642,-169.079317071179,-59.42815737210209,1.153467513013861,0.3448370523682393,0.05941644186776395,3.500119205575862e-05,7.087967128771841,8.799904061214399,nan,0.9811542284454104,nan
408.83,200.53387451171875,-168.74053955078125,-59.425655364990234,201.6365822967227,-169.0791437312754,-59.429394119722836,1.1535298992411924,0.34488832074662384,0.059432034305458584,3.570680178200721e-05,7.085990132110168,8.782237249710478,nan,nan,nan
408.84000000000003,200.525146484375,-168.74046325683594,-59.42692184448242,201.6279609043103,-169.078971955945,-59.430689929351246,1.1536039106440843,0.3449396723699729,0.059447686762679475,3.5009744095297995e-05,7.094947373384327,8.541067538985795,nan,0.0005498113997662259,nan
408.85,200.5164337158203,-168.74037170410156,-59.42827224731445,201.60250321138633,-169.07229740739893,-59.432099056273195,1.1356655608828226,0.3448727083727439,0.05944135909262188,3.569367074392154e-05,6.978080016736046,8.747907103823506,2.4214510198793877,nan,nan
408.86,200.50772094726562,-168.74029541015625,-59.42970275878906,201.5938685615684,-169.07211608977894,-59.433226965363794,1.135708599735362,0.34492383855551695,0.059457032376415246,3.499712851929108e-05,6.916705254209187,8.702588906927492,nan,0.09488003399447606,nan
408.87,200.49900817871094,-168.74020385742188,-59.43122100830078,201.58521776756356,-169.07193991798857,-59.43480185788899,1.1357433280805462,0.3449750572964127,0.0594727660724886,3.5702593888549624e-05,6.913968301958072,8.696061972895148,nan,nan,nan
408.88,200.4902801513672,-168.74012756347656,-59.43281936645508,201.57657473558714,-169.07176361542315,-59.43627983320753,1.1357950385023143,0.3450263593871849,0.0594885600626437,3.50057201218827e-05,6.891175224725964,8.517014564772671,nan,0.022877509776424772,nan
408.89,200.4815673828125,-168.74005126953125,-59.43449783325195,201.56792409019098,-169.07159076145896,-59.43801832361027,1.135826449870874,0.3450777502392535,0.059504414742029124,3.5711548493873744e-05,6.889853316200661,8.672463301651687,nan,nan,nan
408.90000000000003,200.4728546142578,-168.73997497558594,-59.436256408691406,201.5467122330519,-169.05958367500185,-59.441577133685364,1.1204232308814739,0.34501069691376907,0.05949811773009572,3.49931479105523e-05,7.690646814604524,9.455538347293508,10.05991120942002,1.8081059948095561,nan
408.91,200.46414184570312,-168.73989868164062,-59.43809127807617,201.53804346236953,-169.05937509041442,-59.44349615999587,1.1204280747956488,0.34506186598030253,0.05951399271406385,3.569846267868092e-05,7.694139189047292,9.593248233461667,nan,nan,nan
408.92,200.45541381835938,-168.7398223876953,-59.43998718261719,201.52930090136428,-169.05918312639187,-59.44725715343017,1.120391717633265,0.3451131184971988,0.05952992825959352,3.500176107270757e-05,8.380389007712939,10.060489587370762,nan,2.2183617162816,nan
408.93,200.4467010498047,-168.73974609375,-59.44189453125,201.52063220943947,-169.05897745813692,-59.449297785788765,1.1203979685007508,0.34516445951764746,0.059545924716853625,3.57074399154374e-05,8.399335385205672,10.110353773916469,nan,nan,nan
408.94,200.43798828125,-168.7396697998047,-59.443782806396484,201.51193666409847,-169.05877863744223,-59.451996787502736,1.1203852233793712,0.34521588436106815,0.05956198203453129,3.501039623358328e-05,8.7854816304428,10.676791983076924,nan,0.30713200508322075,nan
408.95,200.4292755126953,-168.73960876464844,-59.445648193359375,201.47871989769382,-169.05682187881828,-59.45395208814824,1.096369751349833,0.34514874686831687,0.059555712073429995,3.569438257765684e-05,8.157017527214004,10.145992014614306,12.306977958631995,nan,nan
408.96000000000004,200.42056274414062,-168.73953247070312,-59.44748306274414,201.46999622738056,-169.05664347677575,-59.45625390214612,1.096333413493046,0.34519994976830387,0.05957178917374819,3.49978434725604e-05,8.415979712662581,10.515932039046259,nan,0.0650748598067625,nan
408.97,200.41183471679688,-168.73947143554688,-59.44927978515625,201.4612847187009,-169.0564641639492,-59.45822402529163,1.096316421380214,0.3452512409181794,0.05958792740754901,3.5703366690660265e-05,8.452518444117523,10.445747673537602,nan,nan,nan
408.98,200.4031219482422,-168.73941040039062,-59.451045989990234,201.45252438971295,-169.05629535995803,-59.46140101104661,1.0962521554030837,0.3453026159838793,0.05960412676109644,3.5006486165466524e-05,9.268288685530612,11.249773781262958,nan,1.0846349432135027,nan
408.99,200.3944091796875,-168.7393341064453,-59.45277786254883,201.4438128901182,-169.0561189137953,-59.46331742685493,1.0962261828880357,0.34535407950720737,0.059620387528694446,3.571236687555355e-05,9.308143576265666,11.420883637303794,nan,nan,nan
409.0,200.3856964111328,-168.73927307128906,-59.45447540283203,201.41388823617143,-169.05038612304963,-59.46408741070939,1.0742728474402838,0.34528685326254244,0.059614140556902936,3.499394813902704e-05,8.543002513720626,10.772380736880013,4.387574375790714,0.8482171169519919,nan
409.01,200.37698364257812,-168.7392120361328,-59.456138610839844,201.40514107676947,-169.05021173055047,-59.4659262762738,1.074208693786012,0.34533809450213154,0.05963042054292784,3.5699309868636004e-05,8.579027201955574,10.817188172205375,nan,nan,nan
409.02,200.36827087402344,-168.73915100097656,-59.45777130126953,201.39635750982282,-169.05004490956298,-59.46869769302612,1.0741212869793868,0.3453894197438488,0.059646761901646986,3.5002585708195894e-05,9.298985510379804,11.445612672838154,nan,0.657301040723971,nan
409.03000000000003,200.35955810546875,-168.7390899658203,-59.45936584472656,201.38761063424812,-169.04987305616626,-59.470482190590495,1.0740585199699324,0.3454408331970416,0.059663164896389925,3.570830623034711e-05,9.341428253541444,11.664043761901269,nan,nan,nan
409.04,200.35084533691406,-168.73902893066406,-59.460933685302734,201.37887251041752,-169.0497009261605,-59.47200104652391,1.0740016036913813,0.3454923310188087,0.059679629559520116,3.501123360754938e-05,9.371813706788945,11.503202999195448,nan,0.038778578578990204,nan
409.05,200.3421173095703,-168.73898315429688,-59.462467193603516,201.34034521588737,-169.03670367632492,-59.473670000708466,1.0417398739962935,0.34542502032497513,0.05967340178613124,3.569525437260893e-05,9.262404452356614,11.519628366566952,8.219455386361984,nan,nan
409.06,200.33340454101562,-168.73892211914062,-59.46397399902344,201.33158865108425,-169.03650606917623,-59.47428829446038,1.041649705804517,0.3454762956951185,0.05968988509692621,3.49986811927484e-05,8.77836942909658,11.219692906740436,nan,0.8099831128483151,nan
409.07,200.32469177246094,-168.73886108398438,-59.46544647216797,201.32279307772598,-169.0363156771543,-59.475937557275365,1.04153517148313,0.3455276590364384,0.05970643026433733,3.570423598229002e-05,8.81351085295898,11.375925981404157,nan,nan,nan
409.08,200.31597900390625,-168.7388153076172,-59.46689224243164,201.31397329546905,-169.0361298377063,-59.47823042441485,1.0414015028627264,0.3455791068224096,0.059723037345895826,3.5007316910720274e-05,9.396057835228277,11.738723835347354,nan,0.31903394561165427,nan
409.09000000000003,200.30726623535156,-168.73876953125,-59.46830749511719,201.30517725882328,-169.03594164464477,-59.479829621099555,1.0412830715674923,0.34563064279427164,0.05973970656748593,3.571322433944024e-05,9.434092060276807,11.818662630975716,nan,nan,nan
409.1,200.29855346679688,-168.73870849609375,-59.469696044921875,201.28042945424534,-169.03398952592886,-59.48105482327876,1.0253781561717288,0.3455632438865616,0.059733493924735405,3.4994762146648815e-05,9.064979219127721,11.891533064832675,4.073930020120942,0.08014268443085754,nan
409.11,200.2898406982422,-168.73866271972656,-59.4710578918457,201.27160547379967,-169.03381372941016,-59.48259603311635,1.0252362272894253,0.3456145570735629,0.05975018118802708,3.570014597055466e-05,9.09945779337543,11.736855827844616,nan,nan,nan
409.12,200.2811279296875,-168.73861694335938,-59.472389221191406,201.26278641714535,-169.0336382356223,-59.48396315102307,1.0250975098683397,0.3456659547734662,0.05976693060546014,3.5003377013909936e-05,9.18956023832205,11.907873783859586,nan,0.015376393136288238,nan
409.13,200.2724151611328,-168.73855590820312,-59.47369384765625,201.2539621284463,-169.03346441492022,-59.485450275069304,1.024960335799346,0.34571744042858127,0.05978374238285757,3.570911510947233e-05,9.224563690760847,12.084884476310453,nan,nan,nan
409.14,200.26370239257812,-168.73851013183594,-59.4749755859375,201.24513786684253,-169.0332915725091,-59.48691208259675,1.0248190903093288,0.3457690125351513,0.05980061663424514,3.642917109109199e-05,9.257313798542182,11.86513699288592,nan,nan,nan
409.15000000000003,200.25497436523438,-168.73846435546875,-59.47623062133789,201.2496778830986,-169.0338677907797,-59.4883351227106,1.0377113264287232,0.34570152892801526,0.05979441518948305,3.713983618616512e-05,9.609265208768292,11.722398692523061,3.4429586592035526,nan,nan
409.16,200.2462615966797,-168.73841857910156,-59.47745895385742,201.24087742167117,-169.0336853994274,-59.48973774828122,1.0375904313848172,0.3457528763695979,0.05981130683685982,3.635744466300893e-05,9.803544693398873,12.14831393680683,nan,6.437773978722507e-05,nan
409.17,200.237548828125,-168.73837280273438,-59.47866439819336,201.2320765201794,-169.03350397716162,-59.49112644726921,1.037469538371611,0.3458043116646824,0.05982826106414889,3.7089680993038134e-05,9.836352528774412,12.13530751447643,nan,nan,nan
409.18,200.2288360595703,-168.7383270263672,-59.4798469543457,201.2233462757865,-169.033315239886,-59.49027200284276,1.0373896557752798,0.3458558317753326,0.05984527797074341,3.6309998289780675e-05,8.634675629353646,10.88954357517838,nan,3.228132961220871,nan
409.19,200.22012329101562,-168.73829650878906,-59.48100662231445,201.21454524685456,-169.03313544394297,-59.49159243187473,1.0372642302235526,0.3459074399527988,0.05986235774261012,3.704094794333476e-05,8.659963778127068,10.767989181456223,nan,nan,nan
409.2,200.21141052246094,-168.73825073242188,-59.482139587402344,201.2543799876201,-169.0504610725867,-59.49422585751646,1.088763830996186,0.3458398685229197,0.059856163403689495,3.624128880650907e-05,10.062575738602774,11.74379937624458,20.35377661224589,0.9912719578445621,nan
409.21000000000004,200.20269775390625,-168.7382049560547,-59.48324966430664,201.24566000081057,-169.05030579202398,-59.495516513024114,1.088727539771959,0.3458912534116145,0.059873259952665674,3.697010410897639e-05,10.094889418700337,11.778393676305285,nan,nan,nan
409.22,200.19398498535156,-168.7381591796875,-59.48434066772461,201.2369110391241,-169.05015449581524,-59.49774132368796,1.088675988760403,0.3459427231818731,0.05989041940977391,3.619666807711517e-05,10.97862373847191,12.579592371486491,nan,0.601846998093672,nan
409.23,200.18527221679688,-168.73812866210938,-59.485408782958984,201.2281911910282,-169.0500010921285,-59.49899931209241,1.0886363497053926,0.34599428078797173,0.0599076419483415,3.692434260551918e-05,11.013174426570917,12.486309761548455,nan,nan,nan
409.24,200.1765594482422,-168.7380828857422,-59.486454010009766,201.21947213241836,-169.04984839128923,-59.500203440157684,1.0886016921234074,0.34604592363296965,0.059924927686621665,3.6153449895739306e-05,11.232664729006444,12.881288022248029,nan,0.000731121830781963,nan
409.25,200.16783142089844,-168.73805236816406,-59.48748016357422,201.2443759043153,-169.06593271510326,-59.5013887577157,1.1254541286410653,0.3459782674085866,0.059918736416324336,3.6856700472858104e-05,11.317674450076492,12.446806578289333,11.728835109283416,nan,nan
409.26,200.15911865234375,-168.73800659179688,-59.488487243652344,201.23568941669978,-169.0658168552212,-59.503296673138735,1.1254703455329977,0.3460296867816431,0.059936038269706636,3.6089264360973514e-05,12.138833927444125,13.517972081943856,nan,0.33577990690284193,nan
409.27,200.15040588378906,-168.73797607421875,-59.489471435546875,201.22702326173425,-169.06570012560755,-59.50448099804747,1.125492478570474,0.34608119376943763,0.0599534034184278,3.681394218598466e-05,12.174746918071708,13.438087216459538,nan,nan,nan
409.28000000000003,200.14169311523438,-168.73794555664062,-59.49043655395508,201.21839592151565,-169.0655811258942,-59.504273517391155,1.12553341169919,0.346132786046119,0.05997083198995321,3.604893281807648e-05,11.359686810833717,12.597457333773942,nan,1.2533656969260285,nan
409.29,200.1329803466797,-168.73789978027344,-59.49138259887695,201.20972962177444,-169.06546574218532,-59.50540708704626,1.125559926031818,0.3461844661631204,0.05998832414387623,3.677266503789353e-05,11.389826880805414,12.801836171927983,nan,nan,nan
409.3,200.124267578125,-168.7378692626953,-59.492313385009766,201.18645077632274,-169.04844444392873,-59.50454553704115,1.1067247694323445,0.3461167225985686,0.05998213181680615,3.598781320383229e-05,10.701713626878167,11.715514711337809,17.123388529179667,2.7039187617717126,nan
409.31,200.1155548095703,-168.7378387451172,-59.493221282958984,201.17776374164183,-169.04827459581782,-59.5056240053871,1.106712275298488,0.346168178920522,0.059999639398219194,3.670975720131818e-05,10.728463191551864,11.820546066118096,nan,nan,nan
409.32,200.10684204101562,-168.73780822753906,-59.494110107421875,201.16906966445904,-169.04810562743884,-59.506946145428806,1.106696328837561,0.34621972057074724,0.060017210620694615,3.595036565067818e-05,11.115202054420465,12.218397930902517,nan,0.0455796689525123,nan
409.33,200.09812927246094,-168.73776245117188,-59.4949836730957,201.16038260438995,-169.04793673473628,-59.50799262191318,1.1066885108865645,0.34627134985437835,0.06003484563749257,3.6671491435825704e-05,11.140056161032698,12.312938164540032,nan,nan,nan
409.34000000000003,200.0894012451172,-168.73773193359375,-59.49584197998047,201.1516484392096,-169.04777098906024,-59.510817530325824,1.1066695913324318,0.3463230648118893,0.06005254458555082,3.591433471318772e-05,12.764093347074226,13.6373644821688,nan,2.1588813985012236,nan
409.35,200.0806884765625,-168.73770141601562,-59.496681213378906,201.17782452201942,-169.05775486509904,-59.51171277362707,1.1429644177814706,0.3462552362618101,0.06004634708361492,3.661174733775886e-05,13.130388847927408,13.84975241088552,11.40136213522358,nan,nan
409.36,200.0719757080078,-168.7376708984375,-59.497501373291016,201.16920448136688,-169.05759392286956,-59.5123935574185,1.1430150916750297,0.3463067272272852,0.06006406075435239,3.585770040134017e-05,13.138370305930007,13.892681826425562,nan,0.07411448548752224,nan
409.37,200.06326293945312,-168.73764038085938,-59.49830627441406,201.16057597424268,-169.0574340187107,-59.51338765904654,1.143062253462893,0.3463583056281711,0.06008183842861901,3.657645917690356e-05,13.166339054328724,13.8963855237026,nan,nan,nan
409.38,200.05455017089844,-168.73760986328125,-59.49909591674805,201.15199428921096,-169.0572727476143,-59.51247919297388,1.1431303794936991,0.34640996972771904,0.0600996802473232,3.5824519168093344e-05,11.942037511186903,12.650109758023163,nan,2.398767805189453,nan
409.39,200.04583740234375,-168.7375946044922,-59.49987030029297,201.14336565018928,-169.05711369282838,-59.51342452207843,1.143172961348493,0.34646172149953236,0.0601175863577943,3.654262704489654e-05,11.96506860259424,12.54535299527772,nan,nan,nan
409.40000000000003,200.037109375,-168.73756408691406,-59.50062942504883,201.18850823245256,-169.07730531997854,-59.51458840189352,1.2005574902609977,0.3463938060336296,0.060111379519599537,3.577084824645634e-05,12.810601524891837,13.45366991671482,25.16281258942477,0.006869683320526681,nan
409.41,200.0283966064453,-168.73753356933594,-59.50136947631836,201.1799682902708,-169.07717674442122,-59.51550845794038,1.2006976056326615,0.34644533350185486,0.060129299625735516,3.648746373192806e-05,12.83722768779046,13.563373065826429,nan,nan,nan
409.42,200.01968383789062,-168.7375030517578,-59.502098083496094,201.1714661088519,-169.07704796938017,-59.51480517403707,1.2008557869011074,0.34649694668397796,0.06014728408505288,3.57404612590448e-05,11.871133296198789,12.535299303220361,nan,1.7521404816819122,nan
409.43,200.01097106933594,-168.7374725341797,-59.50281524658203,201.16292600991594,-169.07692058612614,-59.51568151503882,1.2009957143807413,0.34654864735307295,0.06016533304284515,3.6456534334248144e-05,11.888957052074119,12.50980697481701,nan,nan,nan
409.44,200.00225830078125,-168.73745727539062,-59.50351333618164,201.1543851306184,-169.0767936816899,-59.516572964720446,1.2011311263006643,0.3466004340710788,0.060183446643085434,3.571143681436954e-05,12.119808836290705,12.669090547523341,nan,0.000548529636498062,nan
409.45,199.99354553222656,-168.7374267578125,-59.50419998168945,201.1749831059223,-169.08690932827028,-59.517376717840726,1.2321146188441516,0.34653243349041724,0.06017722629309965,3.640436586216617e-05,12.398640056086089,13.152802266605281,7.178627973381756,nan,nan
409.46000000000004,199.9848175048828,-168.73739624023438,-59.5048713684082,201.16647013967932,-169.0867963897167,-59.5191610330676,1.2323098669960744,0.3465839956955961,0.06019535314329471,3.566202128782795e-05,13.350786689462527,14.133160200330954,nan,0.6107584976071772,nan
409.47,199.97610473632812,-168.7373809814453,-59.50552749633789,201.15797825261262,-169.08668394352713,-59.51999404362328,1.2324961861215544,0.3466356452102911,0.06021354469564298,3.637626023599308e-05,13.374257924835707,14.018691116643481,nan,nan,nan
409.48,199.96739196777344,-168.7373504638672,-59.50617599487305,201.14951675234823,-169.08657223981848,-59.51939566163671,1.2327001317002952,0.34668738077612515,0.06023180109461794,3.5635690679379934e-05,12.5202261031926,13.24517226049626,nan,1.3707844563783298,nan
409.49,199.95867919921875,-168.73733520507812,-59.506805419921875,201.1410244525166,-169.08646095111226,-59.520190417280965,1.2328861434431642,0.3467392038984118,0.06025012248475789,3.634952688804349e-05,12.54089586364881,13.192860698981743,nan,nan,nan
409.5,199.94996643066406,-168.7373046875,-59.50742721557617,201.121327983979,-169.07282784645466,-59.52031123836018,1.2185358742451515,0.34667111677529255,0.06024388442495391,3.558903264835642e-05,12.739433396141521,13.204401733717296,10.12632839719641,0.3240619662428702,nan
409.51,199.9412384033203,-168.73728942871094,-59.508033752441406,201.11281975703125,-169.07267352860072,-59.52107626999961,1.218710576833679,0.34672271508342634,0.06026221829963205,3.630162312655458e-05,12.75826178778695,13.147589025636611,nan,nan,nan
409.52,199.93252563476562,-168.7372589111328,-59.508628845214844,201.10434307987606,-169.07252027915325,-59.52025873668801,1.2188894797838568,0.346774399436508,0.06028061722099773,3.556530514608626e-05,11.871042864306359,12.35921315670907,nan,1.6873460756954297,nan
409.53000000000003,199.92381286621094,-168.73724365234375,-59.509212493896484,201.09583429861306,-169.0723667567536,-59.52098587181014,1.2190489512512257,0.3468261711796708,0.06029908133429715,3.6277583162600503e-05,11.885552880356638,12.252712943025193,nan,nan,nan
409.54,199.91510009765625,-168.73721313476562,-59.50978469848633,201.08732530069457,-169.072213775676,-59.521702249444026,1.2192126082309978,0.3468780298572736,0.06031761078364849,3.700421204738986e-05,11.898454727199958,12.38439240671058,nan,nan,nan
409.55,199.9063720703125,-168.73719787597656,-59.510345458984375,201.07400594150045,-169.07710909074356,-59.522494057094704,1.2161644952496231,0.3468098575455764,0.06031135079983243,3.772105548068407e-05,11.538781489694117,12.018184826194716,4.73480304588977,nan,nan
409.56,199.8976593017578,-168.7371826171875,-59.510894775390625,201.06548496718224,-169.07698155823655,-59.52327069532828,1.2163195585685433,0.34686149058178095,0.06032989194815952,3.689841776991778e-05,11.772868457574056,12.260361532475095,nan,0.003977795521701655,nan
409.57,199.88894653320312,-168.73715209960938,-59.51143264770508,201.05696535336736,-169.0768545442364,-59.523958754992336,1.2164796005306455,0.3469132108922619,0.060348498485999776,3.763658615675011e-05,11.785672276091546,12.42978356961747,nan,nan,nan
409.58,199.88023376464844,-168.7371368408203,-59.511962890625,201.048473799203,-169.07672968163644,-59.52312364638742,1.2166481160708795,0.3469650175159082,0.060367170555037,3.68188530796892e-05,10.995557723040598,11.46241565118621,nan,1.4583166415818725,nan
409.59000000000003,199.8715057373047,-168.73712158203125,-59.51247787475586,201.03995451334703,-169.07660396853893,-59.523777162187415,1.216819011554411,0.3470169116656164,0.06038590830306784,3.755511713032324e-05,11.008169776915095,11.519659107597988,nan,nan,nan
409.6,199.86279296875,-168.7371063232422,-59.51298522949219,201.01426265648095,-169.07218936022502,-59.5259584617948,1.1993045435556537,0.346948653105452,0.06037962216352579,3.6719211661027835e-05,11.939139331506441,12.42395093970024,2.6862455502870777,1.5412700144360978,nan
409.61,199.8540802001953,-168.73707580566406,-59.51348114013672,201.00571409620582,-169.07206380209325,-59.52660796910074,1.1994373271791396,0.34700032192863717,0.0603983708086125,3.7452759922287104e-05,11.95072884323858,12.60690399329582,nan,nan,nan
409.62,199.84536743164062,-168.737060546875,-59.51396942138672,200.997158300801,-169.07193812275096,-59.52765907053487,1.1995635054467035,0.3470520770471426,0.06041718517692267,3.6645425247678365e-05,12.459087626590172,12.938556912062737,nan,0.10842916503755244,nan
409.63,199.83663940429688,-168.73704528808594,-59.51444625854492,200.988609442551,-169.07181352806361,-59.52829465543808,1.199706848204786,0.34710391953451675,0.06043606541852533,3.737730051901541e-05,12.471434037285064,12.939364761224123,nan,nan,nan
409.64,199.8279266357422,-168.73703002929688,-59.51491165161133,200.98006976589093,-169.07169029190857,-59.52835954713473,1.1998383764550458,0.34715584863782434,0.060455011671718656,3.657442644205269e-05,12.28020415506553,12.80086479466359,nan,0.20390393503977194,nan
409.65000000000003,199.8192138671875,-168.7370147705078,-59.5153694152832,200.96070108150397,-169.07150126877553,-59.52890449900797,1.1895618842510105,0.34708750490380297,0.06044869513892218,3.728114767558653e-05,11.953010409422562,12.526138294623227,2.3440312838639077,nan,nan
409.66,199.8105010986328,-168.73709106445312,-59.51592254638672,200.95209256158674,-169.071433236487,-59.53202547903011,1.1896533363670818,0.34713920845445784,0.060467651467048175,3.6483596013898116e-05,14.143259223959912,14.792292843673307,nan,3.9452351343704897,nan
409.67,199.80177307128906,-168.73727416992188,-59.51656723022461,200.94352359815812,-169.07146783547878,-59.53279906197784,1.1897660039126206,0.34719099922361213,0.06048667385933529,3.7211519968680234e-05,14.113838884427079,14.632550458023367,nan,nan,nan
409.68,199.79306030273438,-168.737548828125,-59.517303466796875,200.93498159340763,-169.07160016680004,-59.53193094980478,1.1898691080209618,0.3472428765794041,0.060505762451399325,3.641814085031772e-05,12.905622700864937,13.474390677469716,nan,1.9601881879106715,nan
409.69,199.7843475341797,-168.73785400390625,-59.518131256103516,200.92641249796392,-169.07179629041283,-59.53287294420004,1.1899777937376264,0.3472948414144985,0.060524917397324095,3.714469807829836e-05,12.876076763186251,13.56953188420383,nan,nan,nan
409.7,199.77561950683594,-168.73818969726562,-59.519046783447266,200.95350611510258,-169.09236162679892,-59.53322876596139,1.2300633098468032,0.3472264117400273,0.060518566211541,3.633299121997294e-05,12.494960347638276,13.327221140600313,17.18438560589493,0.18669332064332875,nan
409.71000000000004,199.76690673828125,-168.738525390625,-59.52005386352539,200.94499369445606,-169.0926463083129,-59.534343924452365,1.2302417268547874,0.34727815073471696,0.06053773039365182,3.705736857822048e-05,12.464283275198332,13.36099296435881,nan,nan,nan
409.72,199.75819396972656,-168.73886108398438,-59.52114486694336,200.93652058646228,-169.09293901361676,-59.53284777905591,1.2304315316637937,0.3473299762796241,0.060556960960051774,3.62728876587312e-05,10.723893864797285,11.642200510044455,nan,4.786794973944692,nan
409.73,199.7494659423828,-168.73919677734375,-59.5223274230957,200.92800826454982,-169.0932240488772,-59.53411344955196,1.2306243230766425,0.34738188916275975,0.06057625806774825,3.699609003998928e-05,10.697762518305707,11.521225301784595,nan,nan,nan
409.74,199.74075317382812,-168.73953247070312,-59.523590087890625,200.91918533825594,-169.0938789548599,-59.535758180004294,1.2306144235535266,0.34691246071292564,0.059815689060459636,3.621425731445216e-05,12.41667847307285,13.22973084784745,nan,0.05630024629856604,0.0001803072749544682
409.75,199.73204040527344,-168.73985290527344,-59.524940490722656,200.90908727503768,-169.1023385001642,-59.537321081278066,1.2316608377096359,0.3468453825015709,0.05980923242194564,3.6913284612561584e-05,11.866598362839726,13.163059589956713,13.07978784001007,nan,nan
409.76,199.72332763671875,-168.7401580810547,-59.52637481689453,200.9006022729765,-169.10262399731164,-59.5378175497881,1.2318636473895481,0.34689601677525106,0.05982522209586724,3.613718686793288e-05,11.327428745432798,12.77633631948649,nan,0.7050762949135471,nan
409.77,199.714599609375,-168.740478515625,-59.527889251708984,200.89208219698367,-169.10292666320032,-59.53942057254793,1.2320579836852934,0.3469467384808284,0.05984127196208457,3.6857369662744306e-05,11.303732702221598,12.408347592479474,nan,nan,nan
409.78000000000003,199.7058868408203,-168.74078369140625,-59.52948760986328,200.883515163062,-169.10325493532832,-59.54252119502311,1.2322190318114197,0.34699754435229546,0.0598573806149168,3.6084745580764386e-05,12.394431056714367,13.651782091312462,nan,1.327135577064804,nan
409.79,199.69717407226562,-168.74107360839844,-59.531166076660156,200.87499520290257,-169.1035455181356,-59.54430366904435,1.232404599738677,0.3470484378557977,0.05987354971579653,3.680400495952146e-05,12.36655893123357,13.783678694611382,nan,nan,nan
409.8,199.68844604492188,-168.74136352539062,-59.53292465209961,200.88095875128948,-169.1054984369241,-59.54619959323589,1.2469390573351482,0.34698128519126026,0.05986711801523362,3.601278580444964e-05,12.945976701408451,14.171547005366676,4.270161077862556,0.010512988925562657,nan
409.81,199.6797332763672,-168.7416534423828,-59.53476333618164,200.87246535194114,-169.10576776766445,-59.54814330174519,1.247143965008347,0.3470319585163279,0.05988330468875915,3.6730303546633056e-05,12.91819858837066,14.061287164050407,nan,nan,nan
409.82,199.6710205078125,-168.74192810058594,-59.53665542602539,200.8639676850262,-169.10603453100998,-59.550297230986224,1.2473502151123754,0.3470827161036989,0.059899550469844284,3.59651683885811e-05,13.209607382308725,14.532169182049296,nan,0.013306927600170456,nan
409.83,199.6623077392578,-168.74220275878906,-59.5385627746582,200.85547464866846,-169.1062924896683,-59.55234563338478,1.2475570419980635,0.3471335610723976,0.05991585688465241,3.6681918607248736e-05,13.205378073356824,14.39412439655263,nan,nan,nan
409.84000000000003,199.65359497070312,-168.7424774169922,-59.54045104980469,200.8470135920324,-169.10652298647892,-59.553358482791275,1.2477755343909753,0.3471844906713023,0.05993222272672763,3.5919861244638966e-05,12.6566056217285,13.794460790648177,nan,0.7162675289193157,nan
409.85,199.64486694335938,-168.74273681640625,-59.54231643676758,200.8162197974523,-169.10638075664698,-59.55531894056873,1.2265698060732457,0.3471172666469608,0.059925813765846735,3.661323339781537e-05,11.933758251857888,13.404281464335044,13.640624027062982,nan,nan
409.86,199.6361541748047,-168.7429962158203,-59.544151306152344,200.8076609642514,-169.10666352468223,-59.55813804158864,1.2267345670611773,0.3471679759317559,0.05994219672621186,3.5855054281505534e-05,12.762765509739591,14.177315950122981,nan,0.46298794538471866,nan
409.87,199.62744140625,-168.74325561523438,-59.54595184326172,200.79912684219101,-169.10692410185626,-59.56010403813601,1.2269074185030842,0.34721877236054105,0.059958640506234305,3.656958280084031e-05,12.774293317319094,14.106280641617342,nan,nan,nan
409.88,199.6187286376953,-168.74349975585938,-59.54771423339844,200.79061191745708,-169.10716634099757,-59.56137583500288,1.2270902354308257,0.3472696534948609,0.05997514402481485,3.5814233861665106e-05,12.499012382163531,14.031166821168418,nan,0.2945403796201882,nan
409.89,199.61001586914062,-168.74374389648438,-59.54944610595703,200.78207790821807,-169.10741685845986,-59.56326888995695,1.2272646479369917,0.3473206219897828,0.059991708623325764,3.6528194948210197e-05,12.508952865563575,13.931110840447909,nan,nan,nan
409.90000000000003,199.60128784179688,-168.74398803710938,-59.551143646240234,200.76952976268026,-169.10263630115577,-59.56239710522988,1.2221065433717448,0.3472533237960197,0.05998531741392979,3.5753922399903055e-05,10.997707931141912,12.120453439920617,1.96618017245259,4.873555417539127,nan
409.91,199.5925750732422,-168.7442169189453,-59.55280685424805,200.76099131081688,-169.10285957033443,-59.56419688978706,1.2222727962828879,0.34730407167820776,0.06000189858730859,3.646649086186552e-05,11.003786537850065,12.341226192681455,nan,nan,nan
409.92,199.5838623046875,-168.74444580078125,-59.554439544677734,200.7524816173587,-169.10305814807694,-59.564923155855716,1.2224499252257288,0.34735490432768906,0.060018539802818065,3.571734956263088e-05,10.514087496665233,11.766469680914804,nan,0.7343563737598596,nan
409.93,199.5751495361328,-168.7446746826172,-59.556034088134766,200.74394331112745,-169.10327216760453,-59.566648396408844,1.2226134745885984,0.34740582411910537,0.0600352422861915,3.642947495873201e-05,10.520714603812664,11.728858913115095,nan,nan,nan
409.94,199.56643676757812,-168.74488830566406,-59.55760192871094,200.7354120166525,-169.1034768513201,-59.56807830907986,1.2227831502641213,0.34745682903045727,0.060052005126926135,3.568280475168779e-05,10.494312357796506,11.865120644605957,nan,0.04742383544228528,nan
409.95,199.55772399902344,-168.7451171875,-59.55913543701172,200.72381825783063,-169.09809305420885,-59.56980214087991,1.2183930242222198,0.347389458978513,0.060045629066281164,3.6372132693788917e-05,10.801299060784707,11.678134072917816,3.040849404757146,nan,nan
409.96000000000004,199.54901123046875,-168.74533081054688,-59.56064224243164,200.7152586127025,-169.09828601801263,-59.57216858612746,1.2185414197487474,0.347440243122104,0.06006240797639909,3.562872087493588e-05,11.393408113218507,12.415312387579842,nan,0.36659864685796845,nan
409.97,199.540283203125,-168.7455291748047,-59.56211471557617,200.70671803457543,-169.09846128022224,-59.573779163173704,1.2187154493125194,0.34749111420049283,0.060079248342406105,3.633923633686502e-05,11.399801401922957,12.566134709555492,nan,nan,nan
409.98,199.5315704345703,-168.7457275390625,-59.563560485839844,200.6981929825189,-169.0986216539084,-59.57475094430671,1.2188796708599243,0.3475420704421758,0.060096149359958946,3.559807442340422e-05,11.164375255999145,12.306222263074632,nan,0.25389469782086016,nan
409.99,199.52285766601562,-168.7459259033203,-59.56497573852539,200.68965259363264,-169.09878880474886,-59.576298674629804,1.2190368489916148,0.3475931138496701,0.06011311209805021,3.630830320631931e-05,11.168905777894114,12.252064762682615,nan,nan,nan
410.0,199.51414489746094,-168.74612426757812,-59.56636428833008,200.66321555687634,-169.08587969825368,-59.57913016266488,1.1983155262911374,0.34752566982573907,0.060106746395566416,3.5547861362747334e-05,12.486925999243677,13.224841335300752,8.649519381709922,1.304342156175965,nan
410.01,199.50543212890625,-168.74632263183594,-59.56772232055664,200.6546490595074,-169.086001725136,-59.58063591685406,1.19843573084867,0.3475764921800746,0.06012372461946784,3.625697043955272e-05,12.494031454181032,13.197247526660131,nan,nan,nan
410.02,199.49671936035156,-168.7465057373047,-59.56905746459961,200.64600034275028,-169.08617861637373,-59.585592711832575,1.1985398848930633,0.3476273997292933,0.060140763781621726,3.552087308025306e-05,15.583269824478698,16.42747773002638,nan,8.285134264130113,nan
410.03000000000003,199.48800659179688,-168.74668884277344,-59.57036209106445,200.6374339419492,-169.0862932111706,-59.5870806510945,1.1986633683241283,0.3476783942532267,0.060157864854047595,3.6229792626798975e-05,15.59248763445084,16.397034904588804,nan,nan,nan
410.04,199.4792938232422,-168.7468719482422,-59.5716438293457,200.62887116045263,-169.0864016598556,-59.58838674592689,1.198786388207585,0.34772947431146733,0.06017502717569051,3.5495626425213735e-05,15.766819953607442,16.52415334382794,nan,0.016767256917180454,nan
410.05,199.4705810546875,-168.74703979492188,-59.572898864746094,200.62048059202084,-169.08117243997017,-59.589696598196156,1.1975791140026875,0.34766195799948696,0.06016866888190807,3.618217444636077e-05,16.032801015243486,16.756595068098715,4.486904921601448,nan,nan
410.06,199.46185302734375,-168.74722290039062,-59.574127197265625,200.61189070312986,-169.0812722616791,-59.592311747925706,1.1977087748645143,0.34771281683267863,0.06018584613437601,3.545072130330347e-05,17.555647344994338,18.01827987436959,nan,1.0005584027817631,nan
410.07,199.45314025878906,-168.7473907470703,-59.57533264160156,200.60332777963114,-169.08134924121902,-59.593709033301906,1.1978302470245301,0.34776376245926494,0.06020308548669874,3.615850457289883e-05,17.559138090785552,18.203009491055035,nan,nan,nan
410.08,199.44442749023438,-168.74755859375,-59.576515197753906,200.59478718475938,-169.08140668515836,-59.59404865883382,1.1979521681528496,0.34781479363591256,0.060220386365943145,3.542878922102436e-05,16.88944515885887,17.50121660977341,nan,0.7367983832821215,nan
410.09000000000003,199.4357147216797,-168.7477264404297,-59.57767105102539,200.58622430842212,-169.08147687371962,-59.595389318895734,1.198071616358464,0.34786591184936516,0.060237749613820786,3.613650196319054e-05,16.892330796037832,17.47080848339848,nan,nan,nan
410.1,199.427001953125,-168.7478790283203,-59.57880783081055,200.5550150955424,-169.07031663508778,-59.596297049990966,1.1733224333114152,0.34779832168887514,0.06023139410040249,3.538714839571855e-05,16.84633945098868,17.509490373627003,5.861217691266573,0.06596211120641363,nan
410.11,199.4182891845703,-168.74803161621094,-59.579917907714844,200.54641605263382,-169.07035668864052,-59.59758856927452,1.1734035687023707,0.34784921840289545,0.060248771656330274,3.6093949638927385e-05,16.845792565609653,17.466642274741584,nan,nan,nan
410.12,199.40957641601562,-168.74818420410156,-59.58100891113281,200.53781806273753,-169.07039265038424,-59.598799243474026,1.1734836991532764,0.3479002006726614,0.0602662110097179,3.536829965488867e-05,17.135436316444586,17.74122957081451,nan,0.0024511589245929002,nan
410.13,199.40086364746094,-168.7483367919922,-59.58207702636719,200.52921871732588,-169.070426396787,-59.600047917936514,1.1735628786522656,0.34795126981145885,0.06028371292263663,3.6075104509674436e-05,17.131449073982637,17.710047333531318,nan,nan,nan
410.14,199.39215087890625,-168.7484893798828,-59.58312225341797,200.52062977665818,-169.07044936574763,-59.6007349023168,1.1736409419284617,0.34800242483415855,0.060301276940014664,3.5350914994480545e-05,16.946787411623013,17.494557821905257,nan,0.20265241956233362,nan
410.15000000000003,199.3834228515625,-168.74862670898438,-59.58414840698242,200.51758076437642,-169.07855841304055,-59.60183008672304,1.1813051012919094,0.3479347620150845,0.06029492096565074,3.603565089078878e-05,16.49928634028509,17.298348032892168,5.248075522228248,nan,nan
410.16,199.3747100830078,-168.74876403808594,-59.58515548706055,200.50900642360713,-169.07859734245565,-59.60197412137783,1.1813979276385886,0.34798569535193624,0.060312498688341494,3.531370390988973e-05,15.824828723273534,16.683157690823418,nan,0.7459962549806437,nan
410.17,199.36599731445312,-168.74891662597656,-59.58613967895508,200.50041246948055,-169.07864762592627,-59.603125994894334,1.1814858489262232,0.3480367153981801,0.060330139161010946,3.601972959409375e-05,15.81770502337082,16.44757033868369,nan,nan,nan
410.18,199.35728454589844,-168.74903869628906,-59.58710479736328,200.4918609798166,-169.07866361712203,-59.60190606492076,1.1815817154805337,0.34808782132058325,0.060347842000155,3.529907752582766e-05,14.004281596901652,14.995880187389437,nan,3.842260549918759,nan
410.19,199.34857177734375,-168.74917602539062,-59.588050842285156,200.4832669231469,-169.07870811650068,-59.602997352909185,1.1816716426996385,0.34813901420628485,0.060365607861857455,3.6005194523224756e-05,13.99446924605207,14.757688765295052,nan,nan,nan
410.2,199.33985900878906,-168.7493133544922,-59.5889778137207,200.4406031725111,-169.07253959812792,-59.60339245732446,1.147310202383467,0.3480712775999695,0.06035924692817673,3.526456229534546e-05,12.998456742765256,14.050197016048998,14.563699227909817,0.4129509457284556,nan
410.21000000000004,199.33114624023438,-168.7494354248047,-59.58988571166992,200.4319491093691,-169.07258870410544,-59.60444192985577,1.147347759881871,0.34812224853440166,0.060377025834128184,3.596992210098958e-05,12.987250237144343,14.215097568674574,nan,nan,nan
410.22,199.3224334716797,-168.7495574951172,-59.59077835083008,200.4233011607324,-169.07263047255117,-59.605099993115275,1.1473843850192693,0.3481733053287576,0.06039486736176717,3.525247901975459e-05,12.90544427969471,14.127909908638646,nan,0.09736012067327551,nan
410.23,199.31370544433594,-168.7496795654297,-59.591651916503906,200.41464682098854,-169.07267430139177,-59.60611132724666,1.1474347863142222,0.3482244489379959,0.060412772103258204,3.5957985243550835e-05,12.892652586488829,13.954990217830398,nan,nan,nan
410.24,199.30499267578125,-168.7498016357422,-59.592506408691406,200.40599339208396,-169.0727149172057,-59.60705532605616,1.1474699279898775,0.348275678725876,0.06043073976983963,3.5241600440533025e-05,13.075319915857234,14.219198140992257,nan,0.0017764592472631915,nan
410.25,199.29627990722656,-168.7499237060547,-59.593345642089844,200.3642273216989,-169.05004034955175,-59.60803012365163,1.1094130492205523,0.3482078691411786,0.060424370394837904,3.5925243877532785e-05,13.446941409776823,14.539741024624728,22.27216569374114,nan,nan
410.26,199.28756713867188,-168.7500457763672,-59.59416580200195,200.3555237970694,-169.05001650161688,-59.608991539768134,1.109384362032716,0.3482588771256657,0.06044235065227715,3.664434003024812e-05,13.434544825952711,14.493985275795156,nan,nan,nan
410.27,199.2788543701172,-168.75015258789062,-59.594974517822266,200.3468200585881,-169.04999030312237,-59.60993737695282,1.1093589384774845,0.3483099714371027,0.0604603941197357,3.7377883797286574e-05,13.416901461683775,14.668028774477174,nan,nan,nan
410.28000000000003,199.2701416015625,-168.75025939941406,-59.59576416015625,200.33813396812144,-169.04994842868996,-59.60967583958707,1.109330764074034,0.3483611518731102,0.06047850074439987,3.657655473910632e-05,12.709230543884736,13.91392668839435,nan,0.9173974452083415,nan
410.29,199.26141357421875,-168.7503662109375,-59.596534729003906,200.32942996798957,-169.04991776470106,-59.61057980688646,1.1093184461362378,0.3484124192714296,0.060496671064468203,3.730857175368383e-05,12.69693756794061,13.710230484193207,nan,nan,nan
410.3,199.25270080566406,-168.75047302246094,-59.597293853759766,200.33148524699695,-169.04479716530744,-59.610667138146965,1.118293975956026,0.3483445358850248,0.06049028883745434,3.648865625147582e-05,12.997482197923953,13.881383537355948,11.378847792050927,0.23417478796270413,nan
410.31,199.24398803710938,-168.75057983398438,-59.59803771972656,200.32280395294737,-169.04473026267758,-59.61153265529764,1.1182800938279407,0.3483955808749272,0.06050847085459629,3.721832110618992e-05,12.981676910533965,13.847087603491493,nan,nan,nan
410.32,199.2352752685547,-168.7506866455078,-59.5987663269043,200.31409994179057,-169.04467849972826,-59.61402543615253,1.1182695231229116,0.3484467119598182,0.06052671627238575,3.64260582510275e-05,14.473298699777228,15.32494038995361,nan,1.752441354994305,nan
410.33,199.2265625,-168.75079345703125,-59.59947967529297,200.3054182364278,-169.04460751530226,-59.614880068288045,1.1182546995051172,0.3484979298694167,0.06054502557381349,3.7154389700399795e-05,14.45725622587836,15.29595896427459,nan,nan,nan
410.34000000000003,199.2178497314453,-168.75088500976562,-59.60017776489258,200.29674323656107,-169.04452933326556,-59.61520933066199,1.118241535659528,0.34854923418704054,0.060563398577213344,3.6365954201786793e-05,14.278776337102464,15.228431619156437,nan,0.17118788056831402,nan
410.35,199.20912170410156,-168.7509765625,-59.60086441040039,200.2368423572855,-169.02542718731317,-59.615914605936716,1.0638418091177058,0.34848127756944,0.0605569998497586,3.706965876236753e-05,13.766422558041484,15.186556640035985,22.617867679312123,nan,nan
410.36,199.20040893554688,-168.75108337402344,-59.60153579711914,200.22808542739793,-169.0253163292719,-59.61597149665088,1.0637344946313276,0.3485323592714247,0.060575383858643264,3.628590193890868e-05,13.39152502793457,14.867967737646852,nan,0.36999659004721386,nan
410.37,199.1916961669922,-168.7511749267578,-59.602195739746094,200.2193189523503,-169.0252107991056,-59.616759512609164,1.0636335608660508,0.3485835276666643,0.06059383193869478,3.701091171203388e-05,13.370943927199871,14.96975436889712,nan,nan,nan
410.38,199.1829833984375,-168.7512664794922,-59.602840423583984,200.21057439263933,-169.02508641930513,-59.61573067670361,1.063525631768861,0.3486347824298722,0.06061234395613185,3.623072151300954e-05,12.217919432309142,13.785428706811373,nan,2.1428633560459147,nan
410.39,199.17425537109375,-168.7513427734375,-59.60347366333008,200.20180799365883,-169.02497701114964,-59.61647645997268,1.0634421286131246,0.34868612415438954,0.06063092032281025,3.6954651978495984e-05,12.198245505446952,13.704023919858475,nan,nan,nan
410.40000000000003,199.16554260253906,-168.75143432617188,-59.60409164428711,200.2257030951607,-169.04652780463738,-59.61475476125588,1.1005153943548929,0.3486180937141636,0.06062450075272714,3.615568832202169e-05,10.422429650623375,11.69643568264404,19.29523165460854,3.8172139662327695,nan
410.41,199.15682983398438,-168.75152587890625,-59.60470199584961,200.21698601185756,-169.0464701080937,-59.615452509936574,1.1004720775043715,0.34866921256819405,0.0606430873888834,3.6877712530669727e-05,10.40318313521292,11.72126275969493,nan,nan,nan
410.42,199.1481170654297,-168.75160217285156,-59.60529708862305,200.20828942417177,-169.0463947149356,-59.61428799433249,1.1004312379674532,0.3487204177436993,0.060661738191508024,3.610523140283702e-05,9.498867925540704,10.927108397837397,nan,2.270868457719651,nan
410.43,199.139404296875,-168.75169372558594,-59.60588073730469,200.19957222140647,-169.0463337932369,-59.6149454388622,1.1003867349641459,0.34877170975729777,0.060680453531217635,3.682633601746334e-05,9.482995835118079,10.737628057385614,nan,nan,nan
410.44,199.13067626953125,-168.75177001953125,-59.606449127197266,200.19085384654002,-169.0462722356995,-59.6157039223328,1.100360714199302,0.3488230883983456,0.0606992333355632,3.605703883427214e-05,9.618602152076246,10.816700778899035,nan,0.008298491675466502,nan
410.45,199.12196350097656,-168.75184631347656,-59.60700988769531,200.22662393952805,-169.05824212923218,-59.61636615949101,1.1464033409909622,0.3487549844760849,0.060692789112231506,3.675434951061047e-05,10.268368609454349,11.157015055145465,18.05670555265486,nan,nan
410.46000000000004,199.11325073242188,-168.75192260742188,-59.60755920410156,200.21799140098415,-169.05817462649705,-59.616104344840096,1.1464358958935634,0.34880614003002103,0.06071157845198397,3.5989059414460145e-05,9.907617623244459,10.782290614083129,nan,0.5278075577680548,nan
410.47,199.1045379638672,-168.7519989013672,-59.60810089111328,200.20934982450598,-169.05811268271927,-59.616713184608244,1.1464680833503647,0.34885738230342295,0.06073043251543592,3.670763507083167e-05,9.891448953628856,10.78794586663153,nan,nan,nan
410.48,199.09580993652344,-168.7520751953125,-59.60862731933594,200.20073110284923,-169.05803099064556,-59.61492858659581,1.1465162181416024,0.3489087111495908,0.06074935126540358,3.5945288528506245e-05,8.96820721052231,9.691109805992783,nan,3.7998575783128548,nan
410.49,199.08709716796875,-168.7521514892578,-59.6091423034668,200.1920894813616,-169.05796591763874,-59.615494623764214,1.1465473515020554,0.3489601269896216,0.06076833502004007,3.666315132479848e-05,8.956569604025706,9.759409181315899,nan,nan,nan
410.5,199.07838439941406,-168.75221252441406,-59.609649658203125,200.16222789783998,-169.03393390435986,-59.61652825701331,1.119879895399633,0.34889194918744915,0.06076186186676078,3.58817696706157e-05,10.07188113610868,10.85498761944323,29.856810885441252,0.12668947164535468,nan
410.51,199.06967163085938,-168.75228881835938,-59.610145568847656,200.15355933912963,-169.03379096163005,-59.61708104255753,1.1198679036390429,0.3489431416902416,0.06078085438560212,3.659808850608096e-05,10.061583429266861,10.721414754169105,nan,nan,nan
410.52,199.06094360351562,-168.75234985351562,-59.610633850097656,200.1448935934678,-169.0336443671625,-59.617297640936286,1.119874363593299,0.34899442070607345,0.06079991180704673,3.584220334806156e-05,9.979789973735912,10.628271117254018,nan,0.0720766639400294,nan
410.53000000000003,199.05223083496094,-168.75242614746094,-59.61111068725586,200.1362249046574,-169.03349858556072,-59.617829480516114,1.1198615989395089,0.34904578660328567,0.060819034419359666,3.65579389164105e-05,9.969856086946013,10.621169811435893,nan,nan,nan
410.54,199.04351806640625,-168.7524871826172,-59.61157989501953,200.1275570146617,-169.03335046597414,-59.618241438558016,1.1198522230344292,0.349097239314112,0.06083822222987868,3.5804647208197535e-05,9.967651260407012,10.719054348577568,nan,0.008352249632258783,nan
410.55,199.0347900390625,-168.75254821777344,-59.612037658691406,200.11678241348434,-169.03935235877074,-59.61882572451447,1.1193793777972867,0.34902898781245423,0.06083171621487421,3.6497229706893284e-05,9.513230556092925,10.22990096193551,4.709035305940158,nan,nan
410.56,199.0260772705078,-168.7526092529297,-59.612483978271484,200.1080878497314,-169.03924362000635,-59.621730859069245,1.1193710996562611,0.34908021696187863,0.06085091201513764,3.574733715255879e-05,10.63526848223656,11.455735905741895,nan,3.8901449820230645,nan
410.57,199.01736450195312,-168.75277709960938,-59.61302947998047,200.09941168481456,-169.03916824598184,-59.62230474937349,1.11934446229979,0.3491315328835207,0.06087017319078472,3.646118300034112e-05,10.599227911126606,11.397177028517858,nan,nan,nan
410.58,199.00865173339844,-168.75303649902344,-59.61366271972656,200.0907389871618,-169.03918749686125,-59.62246740427964,1.1193179801963415,0.3491829355527196,0.060889499774254625,3.571366719350705e-05,10.406314946699315,11.21111933991514,nan,0.17317540887318314,nan
410.59000000000003,198.9999237060547,-168.75338745117188,-59.6143913269043,200.0820624873833,-169.0393065542472,-59.62322394827855,1.1193087557770205,0.349234425273348,0.060908892016412315,3.642709449481214e-05,10.373385599517913,11.113213148151063,nan,nan,nan
410.6,198.9912109375,-168.75384521484375,-59.615211486816406,200.1032160147297,-169.04897642889958,-59.62159941131432,1.1505209823701963,0.3491660998083883,0.06090234890976449,3.566024208101834e-05,9.739763651475924,10.264601890341265,7.6346151690328075,3.983237595835781,nan
410.61,198.9824981689453,-168.75437927246094,-59.616119384765625,200.0945894791263,-169.04929477349881,-59.622514262667806,1.1505490556234013,0.3492173657206508,0.060921748336067026,3.6372414112447035e-05,9.715508479507479,10.377551065056158,nan,nan,nan
410.62,198.97377014160156,-168.75502014160156,-59.61711502075195,200.08596376035194,-169.0497058117233,-59.62338995947279,1.1505883993071186,0.34926871831049766,0.06094121337449331,3.563023673148479e-05,9.69335281733735,10.132924028711418,nan,0.01140129895807782,nan
410.63,198.96505737304688,-168.7557373046875,-59.61819839477539,200.07733717560563,-169.0502011698829,-59.624482916820035,1.1506149756992148,0.34932015784706255,0.06096074425507319,3.634209341604179e-05,9.671070318429479,10.190983074760817,nan,nan,nan
410.64,198.9563446044922,-168.7564697265625,-59.61936950683594,200.0687146475203,-169.05074521421434,-59.625021935434546,1.1506507398894539,0.3493716843577376,0.060980341041336365,3.5601979042170814e-05,9.47533257477759,10.125462658313243,nan,0.2810282781718763,nan
410.65000000000003,198.94761657714844,-168.75721740722656,-59.620628356933594,200.0597513801076,-169.04799210196535,-59.62639598256274,1.149533387318022,0.34930328500241614,0.060973756824803674,3.629116552452823e-05,9.713854265607841,10.138505464470384,1.4672448924952244,nan,nan
410.66,198.93890380859375,-168.75796508789062,-59.62196731567383,200.05112697298188,-169.04854597743977,-59.62755959891159,1.1495690037594624,0.34935458747455345,0.06099335998238469,3.5553910543405265e-05,9.670479549941287,10.144821342019878,nan,0.023877768070889274,nan
410.67,198.93019104003906,-168.75869750976562,-59.62339401245117,200.04250161519067,-169.04909415037596,-59.62899350427703,1.1496070540756895,0.34940597679099605,0.06101302916351093,3.626438255924562e-05,9.648516319055766,10.180910005893223,nan,nan,nan
410.68,198.9214630126953,-168.75941467285156,-59.624900817871094,200.0338729292542,-169.0496348447806,-59.63116534470967,1.1496620437978948,0.3494574530067454,0.061032764448794206,3.5528999196797184e-05,9.881706083828684,10.34276406345317,nan,0.29254329902402393,nan
410.69,198.91275024414062,-168.7601318359375,-59.62649154663086,200.0252478905087,-169.05016027089832,-59.63277351191734,1.1496986428400167,0.34950901634958925,0.06105256604277062,3.62392841051285e-05,9.859610908437993,10.319408400652861,nan,nan,nan
410.7,198.90403747558594,-168.7608184814453,-59.6281623840332,200.04005781657256,-169.06555163606956,-59.6334285353847,1.17619396487682,0.3494405429294964,0.06104593651992406,3.548424898865695e-05,9.352098814437952,9.98425187399212,8.535969621407402,0.8298618629251442,nan
410.71000000000004,198.89532470703125,-168.76150512695312,-59.629913330078125,200.03146875808423,-169.0660864723923,-59.635191032245345,1.1762741835442878,0.3494918819887772,0.0610657436461183,3.619350380908774e-05,9.333140347978723,9.827505918342169,nan,nan,nan
410.72,198.8865966796875,-168.76217651367188,-59.631744384765625,200.0233955962318,-169.06707924818338,-59.63468879699033,1.1769817856416689,0.34506154199123656,0.0570213715819486,3.546144145679624e-05,10.113661847546163,10.556780429149349,nan,3.7806047464511963,5.689051107664977e-05
410.73,198.8778839111328,-168.76283264160156,-59.63363265991211,200.01480654340926,-169.06758751352956,-59.63657829814209,1.1770629891942266,0.3451155086984187,0.057033440845049944,3.617056650578852e-05,10.099530035693423,10.640473255435836,nan,nan,nan
410.74,198.86917114257812,-168.7634735107422,-59.635528564453125,200.00620685366255,-169.06807057353396,-59.638305716554946,1.177130957674816,0.34516955745775246,0.05704556379801481,3.54411853545389e-05,10.067615632103115,10.63818461201194,nan,0.02672244483520723,nan
410.75,198.86045837402344,-168.76409912109375,-59.637413024902344,199.97069476548702,-169.05762362599307,-59.64025196882264,1.148385623172401,0.34509696713892374,0.05703878761142441,3.612799677611596e-05,9.929721079243201,10.60908920351028,6.605878717726891,nan,nan
410.76,198.85174560546875,-168.7647247314453,-59.6392707824707,199.96207943641178,-169.05809382773916,-59.642483885157105,1.148441102898087,0.34515078145558303,0.05705094845957427,3.5401002621018124e-05,9.98937403477888,10.561372425581407,nan,0.07455686706419704,nan
410.77,198.843017578125,-168.76531982421875,-59.64109802246094,199.95344632382657,-169.05853222122533,-59.644363209155244,1.148492999753527,0.34520468631732054,0.057063173499517277,3.610913552752991e-05,9.983149349608187,10.62992216830894,nan,nan,nan
410.78000000000003,198.8343048095703,-168.7659149169922,-59.64289474487305,199.94487914676063,-169.05902973507318,-59.64743504075872,1.1486131939391477,0.34525867338656996,0.05707545290871978,3.538356962890721e-05,10.261018859831358,10.896282087204707,nan,1.0341763096037075,nan
410.79,198.82559204101562,-168.76649475097656,-59.6446533203125,199.93624641088604,-169.05944438243856,-59.649262426643396,1.1486487103319016,0.3453127511677838,0.05708779659857344,3.609169432222617e-05,10.257248203733898,10.94219672070809,nan,nan,nan
410.8,198.81687927246094,-168.76707458496094,-59.64638137817383,199.95524653517754,-169.06658962592942,-59.64903306266748,1.1771135527305303,0.34524006865139034,0.0570811185060631,3.5346165616613865e-05,10.402095173205552,10.77023586357907,7.171779982300725,2.584874231061791,nan
410.81,198.80816650390625,-168.7676239013672,-59.6480712890625,199.9466575183056,-169.06697801945677,-59.65077346537217,1.177192414026735,0.34529391156857525,0.05709349945564469,3.605343280429727e-05,10.396286558128645,10.948913598793467,nan,nan,nan
410.82,198.79945373535156,-168.76817321777344,-59.64973068237305,199.93804911713377,-169.06733402894812,-59.65210488685529,1.177243505484484,0.34534783684769865,0.05710593543110538,3.533135133666796e-05,10.34484900497791,10.789819710420009,nan,0.09802189799422585,nan
410.83,198.79074096679688,-168.76870727539062,-59.6513557434082,199.92946059136284,-169.0677001343716,-59.65377650519366,1.1773211002869552,0.34540185251602484,0.057118435546804805,3.603867172761673e-05,10.339059035516042,10.837393151206802,nan,nan,nan
410.84000000000003,198.78201293945312,-168.7692413330078,-59.65294647216797,199.9208231395605,-169.06800386059362,-59.6544672543339,1.1773487302139707,0.3454559509560107,0.05713099116459907,3.531778042543812e-05,10.234568140536936,10.587626515853497,nan,0.6245043928487752,nan
410.85,198.77330017089844,-168.76976013183594,-59.654510498046875,199.89807167270337,-169.0612755220746,-59.6561081088434,1.161935758283895,0.34538318477823265,0.057124416362634184,3.6003040020804495e-05,10.28343719758147,10.750705751113047,2.706768017316537,nan,nan
410.86,198.76458740234375,-168.770263671875,-59.65604019165039,199.88947740846845,-169.06161342146146,-59.65804838743524,1.1620095676515032,0.3454370481673924,0.05713700898713198,3.528413287151568e-05,10.318172110158393,10.84464722206941,nan,0.09528868510746417,nan
410.87,198.75587463378906,-168.770751953125,-59.65753936767578,199.8808644457189,-169.06192139419636,-59.65959201205471,1.1620610714195343,0.34549100162439644,0.057149665627096044,3.599075430606472e-05,10.311796192032553,10.893303025810937,nan,nan,nan
410.88,198.74716186523438,-168.771240234375,-59.65900802612305,199.87219006472787,-169.0621551115117,-59.65987631086067,1.162032989769836,0.34554503800320124,0.05716237839298616,3.5272896615420375e-05,10.20777390735709,10.715345761244967,nan,1.0514838307834389,nan
410.89,198.7384490966797,-168.77171325683594,-59.66044998168945,199.86357716298934,-169.0624432573963,-59.66134977682811,1.1620834343775943,0.3455991646197463,0.057175155285934934,3.597964250841618e-05,10.20008166136159,10.750462892176047,nan,nan,nan
410.90000000000003,198.729736328125,-168.7721710205078,-59.661861419677734,199.88320706542228,-169.07045558151475,-59.66307195853028,1.1914150773515304,0.3455263076651328,0.05716867110710742,3.524153134591228e-05,10.706257993380389,11.162591891384588,6.600309735401925,0.04067229675029353,nan
410.91,198.7210235595703,-168.7726287841797,-59.66324234008789,199.87463904770783,-169.07072578495846,-59.66449329007943,1.1915083219264322,0.3455801988142094,0.057181484343448344,3.5947546482220085e-05,10.700606024500772,11.10306309502166,nan,nan,nan
410.92,198.71231079101562,-168.77308654785156,-59.66460037231445,199.86605866243758,-169.0709739179754,-59.66562902520454,1.1915838594982577,0.34563417303057703,0.057194354305634645,3.5232442432922544e-05,10.680249589257139,10.991316508411249,nan,0.04663042164552589,nan
410.93,198.70359802246094,-168.7735137939453,-59.66592788696289,199.8574907737572,-169.0712260174727,-59.66699447312347,1.1916804047804637,0.3456882371685575,0.057207288295709834,3.593862778176726e-05,10.67310718837639,11.19855457049146,nan,nan,nan
410.94,198.69488525390625,-168.77395629882812,-59.667232513427734,199.84893006705357,-169.0714768816268,-59.668486903378316,1.1917799719055757,0.34574238477797725,0.05722027946420582,3.522437136242026e-05,10.679382334128311,10.990530087962105,nan,0.01629882339671116,nan
410.95,198.6861572265625,-168.7743682861328,-59.66850662231445,199.82716196443357,-169.0604003111367,-59.66963721940418,1.1763109322886693,0.34566944440036357,0.057213889111866124,3.590866947854592e-05,11.130801982163279,11.479639410980498,10.298324958209541,nan,nan
410.96000000000004,198.6774444580078,-168.7747802734375,-59.66975784301758,199.81855777924554,-169.0605773863729,-59.67069405864798,1.176358992046266,0.3457233563536781,0.057226916292465825,3.519605851233216e-05,11.11322722685623,11.472332949061743,nan,0.03732834958959535,nan
410.97,198.66873168945312,-168.7751922607422,-59.670982360839844,199.8099644429708,-169.0607572692844,-59.67195559753303,1.1764185135379768,0.34577735791716396,0.05724000741812323,3.590175885836882e-05,11.10851492683601,11.442931593664213,nan,nan,nan
410.98,198.66001892089844,-168.7755889892578,-59.672183990478516,199.80131174854404,-169.06086904275045,-59.671903266200054,1.1764072875336051,0.34583144308856134,0.05725315628839876,3.5189878444394446e-05,11.077475917601593,11.45547755137564,nan,1.162661482751653,nan
410.99,198.65130615234375,-168.77597045898438,-59.673362731933594,199.79271815235646,-169.06103275681252,-59.673105224968175,1.1764701159510635,0.3458856180470698,0.057266369239162514,3.589579923086546e-05,11.069504406624812,11.498411408465435,nan,nan,nan
411.0,198.64259338378906,-168.77635192871094,-59.67451858520508,199.79810488592773,-169.0763371541959,-59.674804779609524,1.1938165893432937,0.34581258828214634,0.05726006165918876,3.516340240362863e-05,10.343292935702879,10.87662022604306,18.405511305639163,0.19188543336214728,nan
411.01,198.63388061523438,-168.77671813964844,-59.6756477355957,199.78954040469316,-169.07654117144273,-59.67596681683713,1.193919386382126,0.3458665271770327,0.057273309933290786,3.586868312391579e-05,10.334664099099415,10.992879920319435,nan,nan,nan
411.02,198.6251678466797,-168.77708435058594,-59.6767578125,199.78096987695463,-169.07673160682538,-59.676968956794795,1.194012921178583,0.34592054980900505,0.05728661649424856,3.515894611081035e-05,10.324544238552454,10.88471743741293,nan,0.013338456897167115,nan
411.03000000000003,198.616455078125,-168.77745056152344,-59.67784118652344,199.77240547159212,-169.07692066894305,-59.67808654337188,1.1941121042827976,0.3459746619259843,0.05729998707880582,3.5864480435442054e-05,10.317005602482553,10.866074677643804,nan,nan,nan
411.04,198.6077423095703,-168.77780151367188,-59.67890548706055,199.76387153947277,-169.07713282055877,-59.679885636258604,1.194250806242109,0.3460288581753812,0.057313416378836794,3.515530598151857e-05,10.333997006233476,10.949121950238828,nan,0.34514225698915957,nan
411.05,198.59902954101562,-168.77813720703125,-59.67995071411133,199.76840284330024,-169.08131643872497,-59.68104260844473,1.2080367373799716,0.3459557452540586,0.0573071930406937,3.5839066323759046e-05,10.531286038791356,11.193691897678397,1.5958309469485277,nan,nan
411.06,198.59031677246094,-168.7784881591797,-59.680973052978516,199.75989621926024,-169.08152373242237,-59.682969860879716,1.2082014021957102,0.3460097052462361,0.057320657256248735,3.513125783960015e-05,10.60429521448855,11.085207639925216,nan,0.5213651460979715,nan
411.07,198.5815887451172,-168.77880859375,-59.681976318359375,199.75135269546317,-169.08168819226609,-59.68402369863902,1.2083409876737234,0.34606375442825693,0.057334185454564666,3.5836457507507174e-05,10.599107983471429,11.268768753077628,nan,nan,nan
411.08,198.5728759765625,-168.7791290283203,-59.68295669555664,199.74274275874765,-169.0817812086703,-59.68347165943768,1.2083819328004868,0.346117887859644,0.05734777287739755,3.512911622861066e-05,10.480936464586547,11.183115260745566,nan,1.7649726187140564,nan
411.09000000000003,198.5641632080078,-168.77944946289062,-59.683921813964844,199.73419915460263,-169.08193253519258,-59.68447225104248,1.208503383666859,0.34617211066760495,0.05736142444211571,3.583460301724783e-05,10.473619039233764,11.067960278147686,nan,nan,nan
411.1,198.55545043945312,-168.77976989746094,-59.68486404418945,199.73583498836774,-169.07780265103008,-59.68509735054093,1.2174281333812786,0.34609890970206264,0.05735527567191975,3.510651499016476e-05,11.246870678549152,11.655377389164183,8.459212780393724,0.087016079035455,nan
411.11,198.54673767089844,-168.7800750732422,-59.685787200927734,199.7273036307555,-169.07790845175822,-59.68605821865344,1.2175552473633833,0.3461528958575155,0.05736896143910617,3.5811423870200095e-05,11.240420905525179,11.738367705626118,nan,nan,nan
411.12,198.53802490234375,-168.78036499023438,-59.68669509887695,199.7187796284607,-169.07801511367288,-59.687183863796434,1.2176935403136686,0.34620696637029225,0.05738270691670277,3.510572618174691e-05,11.23739146311873,11.784538109278989,nan,0.023342868409267945,nan
411.13,198.52931213378906,-168.78065490722656,-59.687583923339844,199.710248260281,-169.07810877672713,-59.68811163328432,1.2178215049063676,0.3462611259764732,0.057396516520313495,3.581094547933233e-05,11.231047227820486,11.7541409269956,nan,nan,nan
411.14,198.52059936523438,-168.78094482421875,-59.688453674316406,199.70173604253876,-169.0782148908486,-59.689513510393574,1.217971455429176,0.3463153703244396,0.05741038623975955,3.5105577759585105e-05,11.248424317731944,11.755609043841215,nan,0.1690916859069526,nan
411.15000000000003,198.5118865966797,-168.78123474121094,-59.68930435180664,199.6683881730867,-169.07669321596788,-59.690429236444714,1.1936468790655992,0.34624208651254934,0.05740431203160948,3.578909172227432e-05,10.413511734525489,11.094307595929552,9.855501315802755,nan,nan
411.16,198.50315856933594,-168.78150939941406,-59.69014358520508,199.6598529033403,-169.07682292675514,-59.69216624170243,1.1937989583207547,0.346296094007485,0.05741821547197255,3.508486385109607e-05,10.486639097762408,11.126655875731375,nan,0.5116840720742428,nan
411.17,198.49444580078125,-168.7817840576172,-59.69095993041992,199.6512847917051,-169.0769159230899,-59.693042604708204,1.1938943028892157,0.3463501903209514,0.05743218303748192,3.5789849048533065e-05,10.482926724757851,11.244872678551149,nan,nan,nan
411.18,198.48573303222656,-168.78204345703125,-59.69176483154297,199.64275377241344,-169.0770386048953,-59.69489054437612,1.1940389024511084,0.34640437147005304,0.05744621117317233,3.50858752717961e-05,10.631052141314537,11.430537442444377,nan,0.6845413582927432,nan
411.19,198.47702026367188,-168.7823028564453,-59.69255065917969,199.63418558894344,-169.0771209339669,-59.69574607403374,1.1941354611267783,0.34645864163583223,0.05746030361571501,3.5791191473892314e-05,10.629124522200955,11.431739821779997,nan,nan,nan
411.2,198.4683074951172,-168.78256225585938,-59.693321228027344,199.63018019323343,-169.07802026061617,-59.69462024463259,1.1988516533111682,0.3463852710669229,0.057454295448466385,3.5066275094242334e-05,10.508701539748023,11.226691815359686,0.2849343797779126,2.6046818078733596,nan
411.21000000000004,198.4595947265625,-168.78280639648438,-59.69407653808594,199.6216189556303,-169.07809097979717,-59.69542658831948,1.1989558443572816,0.3464393039985536,0.05746842087478987,3.577105356486494e-05,10.502569405238226,11.335391206304214,nan,nan,nan
411.22,198.4508819580078,-168.78305053710938,-59.694820404052734,199.61306842574868,-169.0781666658462,-59.69651653992104,1.1990720545978397,0.3464934218497961,0.057482607303931406,3.5068322299999925e-05,10.525061764646468,11.26651659670791,nan,0.06236858966936777,nan
411.23,198.44215393066406,-168.78329467773438,-59.6955451965332,199.60450708279515,-169.07822776349605,-59.6972976737217,1.1991886617718983,0.34654762845625564,0.05749685806207207,3.5773447558134757e-05,10.521214342102304,11.232635851702437,nan,nan,nan
411.24,198.43344116210938,-168.7835235595703,-59.696258544921875,199.59584946900486,-169.07819584953248,-59.69533720518944,1.199177084203196,0.3466019203548743,0.05751117020683288,3.5070860431437086e-05,10.450405656857638,11.308244960252395,nan,5.233151000938491,nan
411.25,198.4247283935547,-168.78375244140625,-59.69695281982422,199.56807310403624,-169.0749597745824,-59.695993731601554,1.1798473450967872,0.3465284673025659,0.057505226846828475,3.5754317150887275e-05,9.995188369501573,11.021226741523831,3.9930779836700787,nan,nan
411.26,198.416015625,-168.7839813232422,-59.69763946533203,199.5594913071142,-169.07502311346707,-59.6969801267832,1.1799332158945104,0.3465825217585994,0.05751957142363137,3.505269073789198e-05,9.972728252875042,10.85387093815441,nan,0.052877436679310164,nan
411.27,198.4073028564453,-168.78419494628906,-59.698307037353516,199.5508999746718,-169.0750731414041,-59.69768231615035,1.1800105438028516,0.3466366647172923,0.05753398036499866,3.575764458073787e-05,9.961258333436072,11.077878863482448,nan,nan,nan
411.28000000000003,198.39859008789062,-168.784423828125,-59.6989631652832,199.5422726608921,-169.07508598018345,-59.69730407781217,1.1800411293670146,0.3466908930372299,0.05754845109651389,3.5056103486427894e-05,10.020408448263526,10.896931738091201,nan,0.802640762664655,nan
411.29,198.38986206054688,-168.7846221923828,-59.699607849121094,199.53368128343925,-169.07512676990615,-59.69797091478319,1.1801347396692277,0.3467452100700838,0.05756298639507116,3.5761415005425816e-05,10.006903550197782,11.082960195906562,nan,nan,nan
411.3,198.3811492919922,-168.7848358154297,-59.70023727416992,199.53798633251108,-169.0801521980272,-59.698611835001,1.1939373292595765,0.34667167301572543,0.057557101492940195,3.645815726469838e-05,10.104991464935924,11.068776084519449,1.4324303976335746,nan,nan
411.31,198.3724365234375,-168.7850341796875,-59.70085525512695,199.52941626990125,-169.08019224499006,-59.69925468539861,1.1940364228380649,0.34672575223932783,0.057571668463965546,3.719135825059422e-05,10.091739982534076,11.181102805149642,nan,nan,nan
411.32,198.3637237548828,-168.78524780273438,-59.70146179199219,199.52086709736452,-169.08024667178347,-59.70053906987385,1.1941548891186942,0.3467799167648895,0.057586297514005264,3.640454335532071e-05,10.03806704987574,10.910782101913782,nan,0.27787624226984087,nan
411.33,198.35501098632812,-168.78543090820312,-59.70205307006836,199.51229686009296,-169.08027844510988,-59.70116561250944,1.1942556054783824,0.3468341698829615,0.05760099128170955,3.7136399040162335e-05,10.025633657871378,11.29174574488937,nan,nan,nan
411.34000000000003,198.34629821777344,-168.78562927246094,-59.70263671875,199.5037585564243,-169.08033472785056,-59.702808858790696,1.1943892877191824,0.3468885086733225,0.057615747501165486,3.6352684773851155e-05,9.996431125953512,10.964871286061198,nan,0.6903389157053098,nan
411.35,198.3375701904297,-168.7858123779297,-59.70320510864258,199.46890721499844,-169.06555431958307,-59.70344748576826,1.1654094026678998,0.34681488802835986,0.05760991636022347,3.705966484668776e-05,10.182471775824265,11.23080254860419,10.701910019988047,nan,nan
411.36,198.328857421875,-168.78599548339844,-59.703765869140625,199.46020947094533,-169.0654665323975,-59.70137120299015,1.165361429167037,0.34686898880276085,0.05762470363989326,3.627996329649724e-05,10.329859142571841,11.381905270151714,nan,4.717456428534627,nan
411.37,198.3201446533203,-168.7861785888672,-59.70431137084961,199.45159316438472,-169.06544654690222,-59.701939016267545,1.165406347005705,0.3469231779208074,0.057639555688381645,3.7008431579696306e-05,10.315077360145986,11.438955987133443,nan,nan,nan
411.38,198.31143188476562,-168.78636169433594,-59.70484924316406,199.4429931171746,-169.06543730118184,-59.70305560249553,1.1654686757584685,0.34697745277284264,0.05765447056104464,3.623166903533234e-05,10.243244349762492,11.283190962661724,nan,0.2055738300976536,nan
411.39,198.30270385742188,-168.78652954101562,-59.70537567138672,199.4343761654738,-169.06541007885474,-59.70360897692916,1.1655297887254088,0.34703181618243556,0.05766945041650387,3.695901414667613e-05,10.229961609303391,11.323647993992907,nan,nan,nan
411.40000000000003,198.2939910888672,-168.7866973876953,-59.70589065551758,199.43494284391613,-169.064818319441,-59.704076014316776,1.1743617215096236,0.34695811108959507,0.05766366736917074,3.6162688538272835e-05,10.63622396241897,11.69935659331584,1.9463206891170701,0.001985375363056978,nan
411.41,198.2852783203125,-168.786865234375,-59.706398010253906,199.4263385016519,-169.06477161496827,-59.70460928445963,1.1744162351367373,0.34701223612343074,0.057678677489857,3.6888067850833896e-05,10.623538530064595,11.621242580513785,nan,nan,nan
411.42,198.2765655517578,-168.7870330810547,-59.70689010620117,199.41775347282646,-169.06473789148,-59.705819086562364,1.1744917964845114,0.3470664469404104,0.057693750786858275,3.611790475215437e-05,10.560447859054294,11.662316949881806,nan,0.3114256580306623,nan
411.43,198.26783752441406,-168.7871856689453,-59.70737838745117,199.40914922967897,-169.06468438683473,-59.706340839546094,1.1745633331202812,0.3471207460837942,0.05770888913916039,3.684230449546024e-05,10.549383294539961,11.547297674225776,nan,nan,nan
411.44,198.25912475585938,-168.787353515625,-59.70785140991211,199.40057247783537,-169.06465069494865,-59.70785617466709,1.1746474482531946,0.3471751313654849,0.05772409102031461,3.6074828051522675e-05,10.51251731228176,11.586858466904399,nan,0.6669988966471109,nan
411.45,198.2504119873047,-168.78750610351562,-59.708316802978516,199.3488181886301,-169.0504845735071,-59.70839696821658,1.1294484783360679,0.34710134477136556,0.05771835317182633,3.677516179386376e-05,10.024094851268984,11.532635729430996,14.658055378084173,nan,nan
411.46000000000004,198.24169921875,-168.78765869140625,-59.70877456665039,199.34010593372042,-169.05037496536644,-59.70748254798833,1.1293886936780744,0.3471554914589574,0.05773358464345453,3.601124524018364e-05,10.061175255704725,11.52534878618388,nan,1.345017819069392,nan
411.47,198.23297119140625,-168.78790283203125,-59.70932388305664,199.33143152185437,-169.05034410379608,-59.70801824600961,1.1293769182083684,0.34720972625262375,0.057748881254415615,3.673297007847379e-05,10.056089384026766,11.520668231954659,nan,nan,nan
411.48,198.22425842285156,-168.78823852539062,-59.70996856689453,199.32275862832017,-169.05041107130916,-59.70870369054397,1.1293532419753203,0.34726404721629245,0.05776424172032753,3.597157574899698e-05,10.04802709188877,11.673916495793849,nan,0.0020464277889183247,nan
411.49,198.21554565429688,-168.78868103027344,-59.7107048034668,199.3140843135502,-169.05057240399168,-59.70942755882936,1.1293254220356543,0.34731845651435883,0.05777966755818325,3.6692509836054444e-05,10.042712754574113,11.595347374995441,nan,nan,nan
411.5,198.2068328857422,-168.78921508789062,-59.71152877807617,199.29999142683866,-169.04757326260955,-59.71140712405407,1.123274034782234,0.3472445866089171,0.05777396854602028,3.5911510615228914e-05,10.067102997859934,11.775264158959518,0.6115075439179355,0.9845054542036522,nan
411.51,198.19810485839844,-168.7898406982422,-59.71244430541992,199.29130753249405,-169.04791463091766,-59.71232537902591,1.1232516438981333,0.34729875697115076,0.0577894231557454,3.663081259389442e-05,10.062020756701424,11.617372181009058,nan,nan,nan
411.52,198.18939208984375,-168.79055786132812,-59.71344757080078,199.28259336406853,-169.04832432677878,-59.71210826080507,1.1231804709969262,0.3473530135240527,0.05780494192933114,3.587515090393437e-05,10.105892093729988,11.872558928531047,nan,1.0083023441274455,nan
411.53000000000003,198.18067932128906,-168.79136657714844,-59.71453857421875,199.2739092170116,-169.04884960040468,-59.71319345720373,1.1231433218901687,0.3474073582064583,0.05782052617568652,3.659378354193763e-05,10.099584257702936,11.889165046238555,nan,nan,nan
411.54,198.1719512939453,-168.79226684570312,-59.71571731567383,199.26527789645633,-169.0495074000469,-59.71658039869103,1.1231814223310785,0.3474617894214565,0.05783617492191845,3.5840393038575125e-05,10.065774123106653,11.695505403510996,nan,3.2966295015096123,nan
411.55,198.16323852539062,-168.7932586669922,-59.716983795166016,199.26803631896288,-169.0464219362446,-59.717989517107505,1.1334331992037847,0.3473878385191033,0.05783051118991639,3.6535606262559e-05,10.813404643383066,12.357373168733288,7.070884553172179,nan,nan
411.56,198.15452575683594,-168.79432678222656,-59.71833038330078,199.25938454206204,-169.0472001393546,-59.72008670163096,1.1334288485346458,0.34744203057088224,0.05784618797392089,3.578533294733573e-05,10.8666961143185,12.662268873447264,nan,0.35592567823039245,nan
411.57,198.14581298828125,-168.7954559326172,-59.71976089477539,199.25071603012518,-169.04803289980143,-59.721550085625005,1.1334059543834438,0.3474963105565874,0.057861930340164076,3.650188952811688e-05,10.862379061384758,12.580354695764495,nan,nan,nan
411.58,198.1370849609375,-168.7965850830078,-59.72127914428711,199.24204521591324,-169.04889384960472,-59.72298787201045,1.1334018698273496,0.3475506770803709,0.057877737493464594,3.5753727791505516e-05,10.848644871215667,12.388307022658475,nan,0.00815487208267318,nan
411.59000000000003,198.1283721923828,-168.79771423339844,-59.72287368774414,199.23337718359318,-169.04976032062189,-59.72461755333566,1.1333870926350225,0.34760513177888686,0.05789361047674366,3.6469771841846675e-05,10.841787607868136,12.668638606747987,nan,nan,nan
411.6,198.11965942382812,-168.79884338378906,-59.724552154541016,199.24633200325533,-169.05601966018548,-59.72736950714451,1.1556550851573226,0.34753109863638587,0.05788797613683689,3.570188055015461e-05,11.3825464214825,12.836775576336548,4.004743099454863,0.626790499617208,nan
411.61,198.11094665527344,-168.79994201660156,-59.7263069152832,199.23769889093592,-169.0568613339784,-59.72917406742472,1.155675714365052,0.34758531384613517,0.05790387631346509,3.641656927841629e-05,11.377549774256547,13.053781168745857,nan,nan,nan
411.62,198.10223388671875,-168.80101013183594,-59.728145599365234,199.2290307281229,-169.0576576711731,-59.72938740940658,1.1556559277476819,0.3476396155899127,0.057919841549876325,3.567330285048024e-05,11.185650726623013,12.797109300535352,nan,1.8976130605041162,nan
411.63,198.093505859375,-168.8020782470703,-59.730037689208984,199.22039800928817,-169.05846055099028,-59.73132485116587,1.1556900363355,0.34769400532603,0.057935872738501676,3.638757961450104e-05,11.18077623428721,12.689867867387767,nan,nan,nan
411.64,198.0847930908203,-168.80311584472656,-59.73194122314453,199.21179641050858,-169.05926595589295,-59.734807661616415,1.1557497906157934,0.3477484819267572,0.05795196930966688,3.5646184717913475e-05,11.357156064287166,13.01420711291939,nan,1.5520797914717774,nan
411.65000000000003,198.07608032226562,-168.80413818359375,-59.733829498291016,199.20447078022406,-169.0690999270374,-59.73688491079834,1.1590854526935999,0.347674368353961,0.057946360316458397,3.63375484043645e-05,10.732359193286957,12.518857738552338,7.6349548426488525,nan,nan
411.66,198.06736755371094,-168.8051300048828,-59.735694885253906,199.19582579096087,-169.0698652096304,-59.73792349691277,1.1590977907665467,0.3477286052312966,0.057962483292526845,3.55988530093559e-05,10.604991726366606,12.39710648572188,nan,0.5906362992763315,nan
411.67,198.05865478515625,-168.8061065673828,-59.737525939941406,199.18719957148485,-169.07062411128834,-59.73985600992708,1.1591325614481824,0.34778292992643517,0.05797867234916935,3.631154619154834e-05,10.605375641933115,12.468329510477473,nan,nan,nan
411.68,198.04994201660156,-168.80706787109375,-59.73932647705078,199.17854986448512,-169.07134619506454,-59.74050627020992,1.1591376530581092,0.34783734146915435,0.05799492704312753,3.5574572813906796e-05,10.485693583224785,12.203461103990113,nan,1.068861235898282,nan
411.69,198.04122924804688,-168.80801391601562,-59.741092681884766,199.16992453266238,-169.07206648728493,-59.7423621248691,1.159171435721521,0.34789184108110055,0.05801124807744511,3.6286981242554296e-05,10.481982250253473,12.177632082993796,nan,nan,nan
411.7,198.0325164794922,-168.80892944335938,-59.742820739746094,199.15700724431622,-169.0669041756118,-59.74413772391592,1.1537036782044803,0.34781764628317174,0.058005658884585844,3.553010225947632e-05,10.792671168849516,12.679811484484087,2.1193459486917634,0.0009001073699562322,nan
411.71000000000004,198.0238037109375,-168.80982971191406,-59.7445182800293,199.14837358878714,-169.06756675630845,-59.74592627084016,1.1537277740689211,0.347871905860527,0.05802200545185054,3.624138003274979e-05,10.78938844054725,12.526914635750487,nan,nan,nan
411.72,198.01507568359375,-168.8107147216797,-59.74618148803711,199.1380574597978,-169.0805044442568,-59.74896990040164,1.154938240486551,0.34790275385338815,0.05682142382986614,3.550742905244928e-05,12.49961516110514,14.116305866331984,nan,1.1582196849288051,0.12385605702580325
411.73,198.00636291503906,-168.81158447265625,-59.74781036376953,199.12941594891942,-169.08115212271804,-59.75070566668794,1.1549559375347138,0.3479569608042139,0.05683366549786126,3.621847889058517e-05,12.501125465262275,14.25896946377491,nan,nan,nan
411.74,197.99765014648438,-168.8124237060547,-59.74940872192383,199.12079555448366,-169.0818541209422,-59.75404763154457,1.1550194264421794,0.34801125400061406,0.05684596340077497,3.548718099815521e-05,12.863727162296811,14.681750277273721,nan,1.8420013666947508,nan
411.75,197.9889373779297,-168.81326293945312,-59.750972747802734,199.11695036286497,-169.0837868824071,-59.75577044441732,1.1600084119465606,0.3479376899129958,0.05683916939858253,3.617570756651727e-05,12.990726415540651,14.706936202346471,0.24115537797746361,nan,nan
411.76,197.980224609375,-168.81407165527344,-59.752506256103516,199.10832270129012,-169.08440469933703,-59.75793004684374,1.1600494287750056,0.34799174630441837,0.05685150425202422,3.544672429591069e-05,13.17248605706127,14.992895971577608,nan,0.17205375144024104,nan
411.77,197.9715118408203,-168.81488037109375,-59.75400924682617,199.09968894754442,-169.08498490300366,-59.7595647339655,1.1600736639248426,0.34804588917760493,0.05686390089758011,3.61565892555356e-05,13.185896561073012,14.857156027268484,nan,nan,nan
411.78000000000003,197.96279907226562,-168.81565856933594,-59.75548553466797,199.09105002567873,-169.08553026119782,-59.760718098279284,1.1600897912092456,0.34810011825002496,0.05687635432057942,3.5428967575419126e-05,13.093286738306304,14.780598448986133,nan,0.14074127685464896,nan
411.79,197.95408630371094,-168.81643676757812,-59.756927490234375,199.08241659266474,-169.086078719429,-59.762290367110744,1.1601141252553198,0.3481544340734004,0.05688886968989775,3.6138731298117655e-05,13.106047876968246,14.821958000261413,nan,nan,nan
411.8,197.94537353515625,-168.8171844482422,-59.75834274291992,199.06426890757191,-169.08561688687516,-59.76331789067569,1.150655283140361,0.3480807901669571,0.05688217323430023,3.539099950113105e-05,12.683312852970237,14.56045397028327,1.590832614125578,0.1467870130617321,nan
411.81,197.93666076660156,-168.8179168701172,-59.75973129272461,199.05562169848793,-169.08614235103616,-59.764828954654405,1.1506713092188239,0.3481348688871377,0.05689472498704347,3.6099812051603025e-05,12.69130269829205,14.524587636173699,nan,nan,nan
411.82,197.92794799804688,-168.8186492919922,-59.76108932495117,199.04697447056014,-169.0866529695167,-59.766313189777605,1.1506839297200084,0.34818903392546446,0.05690733629028395,3.682295931854303e-05,12.701496322601917,14.492414766704409,nan,nan,nan
411.83,197.9192352294922,-168.81935119628906,-59.76242446899414,199.03832724343204,-169.08714918876305,-59.767770977181236,1.150700345696845,0.3482432854264376,0.056920007288521875,3.756058580215106e-05,12.708766874803624,14.515012280342457,nan,nan,nan
411.84000000000003,197.9105224609375,-168.82005310058594,-59.763729095458984,199.0296733932042,-169.08760696385278,-59.76857362314778,1.1506986349131452,0.3482976233672127,0.056932735816052724,3.674846072580837e-05,12.575041000883063,14.362481711279514,nan,0.2529845072948532,nan
411.85,197.9018096923828,-168.8207244873047,-59.76500701904297,199.00587117077413,-169.08174850891788,-59.77001562565356,1.1345088691001597,0.34822390035885786,0.05692613751045391,3.746036963863683e-05,12.55473590502609,14.650363686106742,2.2103265300859407,nan,nan
411.86,197.89309692382812,-168.82139587402344,-59.76626205444336,198.99719914982055,-169.08219324193652,-59.77144470069102,1.134497180416919,0.34827800093129563,0.05693890210909292,3.6653723975135975e-05,12.606188814743607,14.480771343349573,nan,0.0018177846988158735,nan
411.87,197.88438415527344,-168.82205200195312,-59.76749038696289,198.98852666044164,-169.08262247423212,-59.77279689283357,1.1344848177685591,0.348332188035669,0.05695172882416328,3.738698222375346e-05,12.614676572517029,14.56673533083817,nan,nan,nan
411.88,197.87567138671875,-168.82269287109375,-59.76869583129883,198.97984093793875,-169.0829877970688,-59.772731830665585,1.1344426541789636,0.34838646152394953,0.056964613582906755,3.658464588733872e-05,12.294607668555718,14.220857154090327,nan,1.2529038308590448,nan
411.89,197.86695861816406,-168.8233184814453,-59.76987838745117,198.97116831709147,-169.08339103035183,-59.77402339500201,1.134431122187541,0.3484408218178855,0.05697756062237615,3.731634036865025e-05,12.297348191024003,14.223458216488071,nan,nan,nan
411.90000000000003,197.85824584960938,-168.8239288330078,-59.771034240722656,198.96189952886243,-169.08219261406686,-59.77505000620592,1.133475959475162,0.3483670197349511,0.056971051938083245,3.6495511852284714e-05,12.413557989452114,14.485116493316326,1.4208637907790964,0.10758852460874772,nan
411.91,197.8495330810547,-168.8245391845703,-59.77216720581055,198.95322538162816,-169.0825636187911,-59.77629556594325,1.1334594595121212,0.3484211423693108,0.056984034439365595,3.7224821991568603e-05,12.418350593649576,14.371804402941986,nan,nan,nan
411.92,197.8408203125,-168.82513427734375,-59.773277282714844,198.94454138240894,-169.08288332574207,-59.77637615571041,1.133421534613237,0.34847535132704305,0.0569970754717365,3.6431697567889476e-05,12.212544267774511,14.21437297693926,nan,0.8502565940674371,nan
411.93,197.8321075439453,-168.82569885253906,-59.77436828613281,198.93586707934077,-169.08323047611913,-59.77756721840064,1.1334098474461158,0.34852964697992744,0.05701017879727699,3.715964330442298e-05,12.210927204658816,14.307484555215108,nan,nan,nan
411.94,197.82339477539062,-168.82627868652344,-59.77543640136719,198.927194637336,-169.08357340145028,-59.7789597769072,1.1333962765666212,0.34858402925720816,0.05702334105173432,3.637041754018838e-05,12.26601939551547,14.140771883738154,nan,0.03233874052271046,nan
411.95,197.81468200683594,-168.8268280029297,-59.77648162841797,198.91189218701658,-169.0819782701511,-59.780108033506664,1.1264923387085481,0.3485101486929186,0.057016921551954425,3.7073734716373904e-05,12.180836208891652,14.358926939799302,0.3485136503155829,nan,nan
411.96000000000004,197.80596923828125,-168.82737731933594,-59.77750778198242,198.90319593333643,-169.082242500198,-59.77975582424924,1.126440293336315,0.34856429304406333,0.057030118876016694,3.6289257580606846e-05,11.953546369402074,13.96742498775185,nan,1.4432243534105798,nan
411.97,197.79725646972656,-168.82791137695312,-59.77851104736328,198.89451111234797,-169.08254369688456,-59.78085257438665,1.1264150442251284,0.348618523982898,0.05704337852346007,3.701382982067229e-05,11.950146014670386,14.093899144996085,nan,nan,nan
411.98,197.78854370117188,-168.82843017578125,-59.77949523925781,198.88581762439978,-169.08279758189093,-59.7807696176641,1.1263722581488067,0.3486728414796203,0.05705669755174011,3.6232987973020365e-05,11.83410884005649,14.00465799553712,nan,0.8860283032749009,nan
411.99,197.7798309326172,-168.82894897460938,-59.78046417236328,198.87713257754015,-169.08307729806256,-59.78181678695315,1.1263453885456274,0.34872724584276116,0.05707007909386923,3.695645805563502e-05,11.827022929576362,13.770230084286581,nan,nan,nan
412.0,197.7711181640625,-168.82945251464844,-59.78140640258789,198.837671750918,-169.07288224796136,-59.7819255644643,1.0939811964673654,0.34865328694012615,0.057063741108865945,3.615693874307354e-05,11.45136662385239,14.10920899892686,7.438803636732295,0.5692462434790456,nan
412.01,197.7624053955078,-168.82994079589844,-59.78233337402344,198.82893678481713,-169.07312992213505,-59.782927106149785,1.0939060782442116,0.348707453093472,0.057077157088567906,3.68784840050678e-05,11.440231363296133,14.04070552286533,nan,nan,nan
412.02,197.75369262695312,-168.83042907714844,-59.78324508666992,198.8201908537938,-169.0733183503896,-59.782245039659074,1.0938074176947035,0.34876170573463,0.057090632877670654,3.610548326038434e-05,11.446041517654313,13.860011623047823,nan,1.8390600158736117,nan
412.03000000000003,197.74497985839844,-168.83090209960938,-59.78413391113281,198.8114558614767,-169.07354578666445,-59.78319490126724,1.0937311853234328,0.34881604513896025,0.05710417123651683,3.682609093332028e-05,11.429462088429943,14.061392010346376,nan,nan,nan
412.04,197.73626708984375,-168.83135986328125,-59.78500747680664,198.80273509804283,-169.07383011063,-59.786456155002355,1.0936854813107835,0.3488704713279817,0.05711776977885559,3.605633777180592e-05,11.450320538278522,14.07807394898019,nan,3.603296397469533,nan
412.05,197.72755432128906,-168.83181762695312,-59.78586196899414,198.78685564960549,-169.07712993344916,-59.787353699109,1.0873360369039904,0.34879643457579707,0.057111511703045674,3.675316830593892e-05,10.87870152070304,13.662586093853998,4.513572682200014,nan,nan
412.06,197.71884155273438,-168.83226013183594,-59.78670120239258,198.7781109914959,-169.07734801969303,-59.78809800093437,1.0872542332474917,0.348850622288296,0.05712514421621083,3.5987483062147994e-05,10.858243008239276,13.660958426053705,nan,0.02109532936064378,nan
412.07,197.7101287841797,-168.83270263671875,-59.78752136230469,198.76936739343282,-169.0775619884884,-59.78900238008557,1.0871728137215484,0.34890489666279095,0.05713883936935885,3.67055342412222e-05,10.850451797825984,13.64149456428461,nan,nan,nan
412.08,197.701416015625,-168.8331298828125,-59.788326263427734,198.76061644482346,-169.07773175018698,-59.78857009818241,1.0870766680380295,0.34895925774738984,0.057152595104139566,3.594285224376207e-05,10.77842077002217,13.624988906075544,nan,1.1674603432238462,nan
412.09000000000003,197.6927032470703,-168.83355712890625,-59.78911590576172,198.751872686361,-169.0779281119143,-59.789430833342564,1.0869945619197212,0.34901370577638013,0.05716641369143888,3.6660179023244625e-05,10.766304281604235,13.510446669543057,nan,nan,nan
412.1,197.68399047851562,-168.83395385742188,-59.78989028930664,198.75807562916404,-169.08515874035533,-59.788021846664506,1.1030713010186346,0.34893959140405056,0.057160228679938724,3.587855232387604e-05,10.846043668265308,13.650905639632292,2.8941661714423494,3.1350282572930714,nan
412.11,197.67527770996094,-168.83436584472656,-59.790645599365234,198.7493569415491,-169.08535326320285,-59.78882985189497,1.1030159458962066,0.34899380067924146,0.05717408058024584,3.659432727889091e-05,10.825799098647048,13.475213531175415,nan,nan,nan
412.12,197.66656494140625,-168.8347625732422,-59.79138946533203,198.74064024696324,-169.0855512016329,-59.79009015430298,1.1029661764290815,0.3490480965872185,0.05718799344022106,3.5838218647566684e-05,10.76911556038028,13.408869228403432,nan,0.14650528473545404,nan
412.13,197.65785217285156,-168.83514404296875,-59.792118072509766,198.73192119059166,-169.08572960290735,-59.79087453314584,1.102913833492479,0.3491024793413044,0.05720196924382413,3.655340255667255e-05,10.749949696290566,13.523885841670605,nan,nan,nan
412.14,197.64913940429688,-168.8355255126953,-59.79283142089844,198.7231917852036,-169.08584536678026,-59.78936173252723,1.1028420489888389,0.3491569490220623,0.0572160063613231,3.579994070858185e-05,11.030217554726095,13.75727495201999,nan,3.5161559384144154,nan
412.15000000000003,197.6404266357422,-168.8358917236328,-59.79352951049805,198.6933741048532,-169.08004180090546,-59.79004023879132,1.0808884345558438,0.34908275745061657,0.05720989188605873,3.649200065367952e-05,10.706917431509158,13.906742583204574,3.6536570881984396,nan,nan
412.16,197.6317138671875,-168.8362579345703,-59.79421615600586,198.68461546931078,-169.0801627308599,-59.78938998098136,1.080793516529507,0.3491369881116,0.05722396178083661,3.574198770652961e-05,11.010831580181648,14.0555860188834,nan,1.2714550733793868,nan
412.17,197.62298583984375,-168.8366241455078,-59.79488754272461,198.67586244827788,-169.08030799742235,-59.79008435271981,1.0807192248247885,0.3491913055217278,0.05723809472163149,3.645527312156556e-05,10.979130270828882,13.82531929660179,nan,nan,nan
412.18,197.61427307128906,-168.83697509765625,-59.79554748535156,198.66710309959925,-169.08041180866758,-59.78922451536264,1.0806259670807072,0.3492457097778332,0.05725228932848835,3.570768579360521e-05,11.451710367575595,14.582594309448956,nan,1.6112267919681977,nan
412.19,197.60556030273438,-168.83731079101562,-59.79619216918945,198.65834935020172,-169.08054300410285,-59.78987883284572,1.0805399327032266,0.3493002010681007,0.05726654721226815,3.6420549784051333e-05,11.411535068620086,14.766151833240041,nan,nan,nan
412.2,197.5968475341797,-168.837646484375,-59.79682159423828,198.69482902756857,-169.09652278969403,-59.791878278436165,1.128097840460322,0.3492259325819063,0.05726049705181935,3.56537063807559e-05,11.443819855614455,14.250570282927917,16.289812980904404,1.204636770908171,nan
412.21000000000004,197.588134765625,-168.83798217773438,-59.79744338989258,198.68614860972795,-169.09666026179548,-59.79252274620708,1.1280837583041172,0.3492801845805752,0.057274787026733366,3.636531527977259e-05,11.411100236389434,13.98880164711753,nan,nan,nan
412.22,197.5794219970703,-168.8383026123047,-59.79804992675781,198.67746600098366,-169.09677656006468,-59.792452579010565,1.1280694776929692,0.34933452334244286,0.057289139002677986,3.56231558677167e-05,11.610871621996484,14.426156117965032,nan,0.3366357148587952,nan
412.23,197.57070922851562,-168.838623046875,-59.79864501953125,198.6687856844047,-169.09690090058996,-59.79306705876746,1.1280560563836315,0.3493889490433812,0.05730355437450428,3.633444932111872e-05,11.574339819729138,14.325324697258328,nan,nan,nan
412.24,197.56199645996094,-168.83892822265625,-59.79922866821289,198.66010583121093,-169.09702330916656,-59.793889828714164,1.1280451090780923,0.3494434617993009,0.057318032085195314,3.559439505929275e-05,11.504667357019247,14.391538088019482,nan,0.03283313025683259,nan
412.25,197.55328369140625,-168.8392333984375,-59.799800872802734,198.6367297525265,-169.09637508521055,-59.79440672733919,1.1135557063922483,0.34936911677796595,0.05731204299620323,3.6283054725689344e-05,11.003664643952993,14.080917366604023,3.723005573281153,nan,nan
412.26,197.5445556640625,-168.8395233154297,-59.80036163330078,198.62803126200623,-169.0965217994921,-59.79643382368783,1.113545248222211,0.34942338997777145,0.05732655219846034,3.554589811255231e-05,10.621279469284017,13.682431451563778,nan,1.4274809220024665,nan
412.27,197.5358428955078,-168.83982849121094,-59.80091094970703,198.61932866163184,-169.09663485126958,-59.79702035525748,1.113510686381192,0.3494777500222976,0.05734112492411483,3.625581194333186e-05,10.591435591145933,13.571852274592741,nan,nan,nan
412.28000000000003,197.52713012695312,-168.84010314941406,-59.801448822021484,198.61062440975533,-169.09672977026173,-59.79692670008436,1.1134799203306611,0.3495321970365215,0.057355760301792166,3.5520564627524415e-05,10.734305095339451,14.124152824470405,nan,0.30757205548177563,nan
412.29,197.51841735839844,-168.84039306640625,-59.80197525024414,198.60192186024162,-169.09683125974857,-59.797486549875806,1.113446317049056,0.3495867311823033,0.05737045944884036,3.62302947831724e-05,10.701093873466082,13.844224449222065,nan,nan,nan
412.3,197.50970458984375,-168.84066772460938,-59.802490234375,198.60881186221124,-169.1043860462899,-59.798373462409494,1.130310177417029,0.34951230994283294,0.0573645256686352,3.5475464206327825e-05,10.61409536235649,13.852284952774282,2.7158843537141855,0.08103826526599742,nan
412.31,197.50099182128906,-168.84092712402344,-59.80299758911133,198.6001353755743,-169.1044922724745,-59.79891764967326,1.130309597548663,0.3495666042654144,0.05737925559072118,3.618417017064751e-05,10.58121530991155,13.906103908419126,nan,nan,nan
412.32,197.4922637939453,-168.84120178222656,-59.80349349975586,198.59146097873784,-169.1046119105551,-59.8005749015399,1.1303220182662206,0.3496209854708188,0.057394048463369256,3.545333703530279e-05,10.348503869022363,13.270568947085051,nan,0.8662948311199179,nan
412.33,197.48355102539062,-168.84146118164062,-59.80398178100586,198.58278417241263,-169.10470762746527,-59.801111930120285,1.1303187332762898,0.3496754537145264,0.057408905245664665,3.6161941802796505e-05,10.321631923944116,13.501626776342,nan,nan,nan
412.34000000000003,197.47483825683594,-168.84170532226562,-59.80445861816406,198.57410937203713,-169.1048187513379,-59.80292177944501,1.1303220882328553,0.34973000913141483,0.057423825303045156,3.543273563516175e-05,10.145360945333172,13.590586362240602,nan,1.1311592357026057,nan
412.35,197.46612548828125,-168.8419647216797,-59.80492401123047,198.59950855062343,-169.12574464042058,-59.80358197043724,1.1683706643690632,0.34965551203039524,0.05741794304523687,3.6119064934259254e-05,9.763617117530133,13.090791291319233,22.113586069149537,nan,nan
412.36,197.45741271972656,-168.8422088623047,-59.805381774902344,198.5908883673286,-169.12585901602262,-59.80273734082951,1.168431190290055,0.3497098273615633,0.057432893218994335,3.539227493884469e-05,9.896582851728095,13.361808548854317,nan,1.2970870571411102,nan
412.37,197.4486846923828,-168.84254455566406,-59.80593490600586,198.58227004297842,-169.12604008058577,-59.8032931929283,1.168500080609149,0.34976422963808623,0.05744790744883711,3.609989974330197e-05,9.881541300144805,13.290041219884058,nan,nan,nan
412.38,197.43997192382812,-168.8429718017578,-59.80657958984375,198.57365035358237,-169.12630345043965,-59.8030182124467,1.168553074808232,0.3498187189990704,0.057462985234077016,3.537456682518441e-05,10.035118667363475,13.75251318122384,nan,0.5913186030616319,nan
412.39,197.43125915527344,-168.843505859375,-59.807315826416016,198.56503174835723,-169.12667493658168,-59.80375241740328,1.1686050303664692,0.3498732955934576,0.0574781273335215,3.6082190013047646e-05,10.017759225099473,13.551314503492717,nan,nan,nan
412.40000000000003,197.42254638671875,-168.84413146972656,-59.808143615722656,198.5308924970239,-169.11169426398862,-59.806104642761305,1.140186434980093,0.34979872296517717,0.05747229116201079,3.533695151132099e-05,10.049064806523957,13.471064887940011,12.212179257623172,1.8747741533014788,nan
412.41,197.41383361816406,-168.84483337402344,-59.809059143066406,198.5222299229353,-169.11221147139986,-59.80703640284955,1.1401918728289446,0.3498530592109534,0.05748746262931795,3.604372573130524e-05,10.033213682540703,13.872111734530506,nan,nan,nan
412.42,197.4051055908203,-168.84564208984375,-59.810062408447266,198.51356780901642,-169.11282988813653,-59.80880475992617,1.1402102395631193,0.34990748245125064,0.057502697919978994,3.532192715916117e-05,9.954505682634885,13.434391245814396,nan,0.38608205613846897,nan
412.43,197.39639282226562,-168.84654235839844,-59.8111572265625,198.50490508362748,-169.11352887452145,-59.809923059134455,1.1402117156696432,0.3499619928325156,0.05751799768070634,3.602876248999388e-05,9.941531693474486,13.409498861069084,nan,nan,nan
412.44,197.38768005371094,-168.84751892089844,-59.81233596801758,198.4962423184885,-169.11431479348087,-59.810929930896016,1.140215904754957,0.35001659049774303,0.057533361578707684,3.530817699977534e-05,9.943753071746494,13.793517781831445,nan,0.027590581670310425,nan
412.45,197.37896728515625,-168.84860229492188,-59.813602447509766,198.49321083630142,-169.12099532864573,-59.812304365267465,1.1470563809627594,0.3499419426881247,0.0575275673053498,3.599299045277108e-05,9.704545612641574,13.3001540725556,2.361218007532967,nan,nan
412.46000000000004,197.37025451660156,-168.84974670410156,-59.81494903564453,198.48455825921283,-169.12197205242657,-59.813146070201185,1.147075726250253,0.34999629974461566,0.057542959857824316,3.527440844273004e-05,9.737521295248579,14.062233410843385,nan,0.20103915309689663,nan
412.47,197.3615264892578,-168.8509979248047,-59.816383361816406,198.4759058602794,-169.1230413723219,-59.81460551408343,1.147106002354652,0.3500507438496239,0.05755841704030694,3.5980563445233075e-05,9.72293794841076,13.351752002266222,nan,nan,nan
412.48,197.35281372070312,-168.85232543945312,-59.81789779663086,198.4672534254302,-169.12419255727374,-59.81584043223749,1.1471232793263668,0.35010527514729983,0.05757393861291955,3.5263050127431155e-05,9.743624930798784,13.84764364193313,nan,0.06628490185710949,nan
412.49,197.34410095214844,-168.85374450683594,-59.819496154785156,198.45860119023976,-169.12543165712611,-59.817464411610814,1.1471394057910929,0.3501598937822998,0.057589525083251186,3.596933903113371e-05,9.727386801104242,13.647856544266503,nan,nan,nan
412.5,197.33538818359375,-168.855224609375,-59.82117462158203,198.46798938573937,-169.13673558501185,-59.815631918206655,1.1670752478167061,0.3500851711328142,0.057583767494895945,3.523161712145355e-05,10.385955554666289,14.533030693597812,5.020665491081667,8.304500562554166,nan
412.51,197.32667541503906,-168.85671997070312,-59.822933197021484,198.45936810706422,-169.13812081040516,-59.81738356782767,1.1671375092663243,0.3501395488999778,0.05759938183802871,3.593718617628001e-05,10.356630307780163,14.642979346793009,nan,nan,nan
412.52,197.31796264648438,-168.85821533203125,-59.824771881103516,198.4507470303708,-169.13951779232326,-59.819645074491,1.167200847621912,0.35019401376756604,0.05761506081375375,3.522245806399041e-05,10.230995474745278,14.41522449610295,nan,0.12855227337619793,nan
412.53000000000003,197.3092498779297,-168.8596954345703,-59.826663970947266,198.4421262857967,-169.14089919297942,-59.821550579044676,1.1672663175221831,0.3502485658801152,0.05763080485367945,3.5928207510049914e-05,10.197400934153583,14.58243596039941,nan,nan,nan
412.54,197.30052185058594,-168.8611602783203,-59.82856750488281,198.4335055687278,-169.1422672002745,-59.824223035606174,1.1673440287928958,0.3503032053819861,0.0576466138318621,3.521434116525813e-05,9.991459284760762,14.039221935398825,nan,0.3740695266210481,nan
412.55,197.29180908203125,-168.8625946044922,-59.83045959472656,198.4127616271915,-169.13856663430903,-59.82630516854271,1.1544316476081882,0.3502284082357419,0.05764088845273096,3.589824088384417e-05,9.88391933369723,14.136911867651229,2.1685642062544868,nan,nan
412.56,197.28309631347656,-168.86399841308594,-59.83232498168945,198.40412171774273,-169.1398658975275,-59.82798104185315,1.1544781053772877,0.350282806612335,0.05765672453959123,3.5186030905150074e-05,9.923979649543499,14.304720416086884,nan,0.045050879544779904,nan
412.57,197.27438354492188,-168.86537170410156,-59.83415603637695,198.39548201517766,-169.14114036567466,-59.82988088994981,1.154525188808221,0.3503372921412796,0.05767262585943318,3.589131754664951e-05,9.881267447426797,14.521400620140918,nan,nan,nan
412.58,197.2656707763672,-168.86672973632812,-59.83595657348633,198.38684360754107,-169.14237323388116,-59.82997602742761,1.1545750828927854,0.3503918649663035,0.05768859234758204,3.517984916004066e-05,10.373939489188686,14.668026046847707,nan,2.198005305725443,nan
412.59000000000003,197.2569580078125,-168.8680419921875,-59.83772277832031,198.37820430227163,-169.143594066868,-59.83179436632048,1.1546243305802475,0.3504465252329168,0.05770462434381506,3.5885367190190986e-05,10.320545571529665,15.028079149510539,nan,nan,nan
412.6,197.2482452392578,-168.8693389892578,-59.839454650878906,198.38562164596263,-169.15573266418914,-59.8342701449232,1.172891003747339,0.350371653932342,0.05769892610483024,3.515341589890795e-05,9.882924736209096,14.52503298247892,5.6961740964961605,0.3489665117829105,nan
412.61,197.23953247070312,-168.87062072753906,-59.84115219116211,198.37701079548606,-169.15693066695508,-59.83602884207526,1.1729691255379464,0.350426072818073,0.057714984394146594,3.5858305868533593e-05,9.835735051961787,14.309285767666209,nan,nan,nan
412.62,197.23081970214844,-168.87185668945312,-59.84281539916992,198.36839954204365,-169.15810828905776,-59.83845767779233,1.1730502376913918,0.35048057890588735,0.05773110807309955,3.514899706386032e-05,9.628036526484681,14.60497500383603,nan,0.34579400652965503,nan
412.63,197.2221221923828,-168.87307739257812,-59.844444274902344,198.3597889800319,-169.15925597869935,-59.84015829614254,1.1731164786533708,0.3505351723424677,0.057747297433006835,3.5854151874867716e-05,9.584347269771644,14.583590078985836,nan,nan,nan
412.64,197.21340942382812,-168.87428283691406,-59.84604263305664,198.3511773555583,-169.1603866835105,-59.842994460965954,1.1731924688063384,0.350589853269748,0.057763552481961265,3.514541247702747e-05,9.321791663460946,13.883285276482253,nan,0.9543095738433331,nan
412.65000000000003,197.20469665527344,-168.87545776367188,-59.84760665893555,198.38355322346047,-169.176547788396,-59.8446936843659,1.2167031259789358,0.35051490815970243,0.057757876710345775,3.582882793053221e-05,9.629215831864798,14.499997750983306,13.837176919619374,nan,nan
412.66,197.19598388671875,-168.87660217285156,-59.849143981933594,198.37501100859072,-169.17763952568214,-59.8454629134,1.2168574247521715,0.3505693474515461,0.05777415724116648,3.512145856581727e-05,9.763207755491576,14.570172792853574,nan,0.507124350802277,nan
412.67,197.18727111816406,-168.8777313232422,-59.85064697265625,198.36646806116946,-169.17871330617945,-59.84704444992597,1.2170080372027676,0.35062387399892614,0.05779050362661623,3.582630225586832e-05,9.725248909258275,14.59131724979364,nan,nan,nan
412.68,197.17855834960938,-168.8788299560547,-59.85211944580078,198.35792458828104,-169.17976777802156,-59.849196506021585,1.217159332702855,0.3506784879422595,0.05780691591230254,3.511940446172385e-05,9.591367829864591,14.683210328219214,nan,0.2521518765396025,nan
412.69,197.1698455810547,-168.87991333007812,-59.85356521606445,198.34938206576314,-169.1807966179615,-59.85072627151272,1.217310614137595,0.3507331894305698,0.05782339433325001,3.582454669574984e-05,9.558671238537498,14.370836577965717,nan,nan,nan
412.7,197.1611328125,-168.8809814453125,-59.85498046875,198.3126828328105,-169.16633878267095,-59.85150971866832,1.1863845520604046,0.35065817085099527,0.05781773604622002,3.509692567327992e-05,9.802918438202031,14.387374822736133,11.007636488858536,0.4362720865793063,nan
412.71000000000004,197.1524200439453,-168.88201904296875,-59.85636901855469,198.30409277477258,-169.16728837470922,-59.85297777875976,1.1864822674908144,0.35071263045155066,0.05783423909913548,3.5801502141814584e-05,9.766394658894527,14.473105819992332,nan,nan,nan
412.72,197.1437225341797,-168.88304138183594,-59.85772705078125,198.28216568734257,-169.17073934208832,-59.85101142839802,1.1742521147099645,0.34681258996673137,0.057707684853530186,3.50955382481548e-05,12.88317860953983,17.777875397482845,nan,8.1255109806503,0.045013384762677806
412.73,197.135009765625,-168.884033203125,-59.85906219482422,198.27356971410202,-169.17166028556082,-59.852392208938035,1.1743477268416993,0.3468637617167586,0.057722880455827665,3.580041976351467e-05,12.820645909539966,17.60664608675816,nan,nan,nan
412.74,197.1262969970703,-168.885009765625,-59.86036682128906,198.26497210264407,-169.17256171366128,-59.85378210873377,1.1744404954327379,0.3469150161658562,0.05773813502518089,3.509554071277806e-05,12.793707342167222,17.732561139090308,nan,0.0008604346443855598,nan
412.75,197.11758422851562,-168.88597106933594,-59.86164855957031,198.2526361627478,-169.17226042422925,-59.85517130599132,1.1706179748078949,0.3468481433975077,0.057732147273372274,3.577874886792724e-05,12.675924645763743,17.433262212700434,0.28166553054031085,nan,nan
412.76,197.10887145996094,-168.8869171142578,-59.8629035949707,198.2439841670674,-169.17313444026118,-59.85751140384606,1.1706537879596146,0.3468991766446632,0.05774742403759077,3.507500732950751e-05,12.313359119787227,17.101723382109526,nan,0.7513176912650888,nan
412.77,197.10015869140625,-168.88783264160156,-59.864131927490234,198.235381843499,-169.17397633161724,-59.85880387179382,1.1707425868057797,0.3469502990182926,0.05776276036200164,3.5779679638313744e-05,12.25781662029226,17.418302741365334,nan,nan,nan
412.78000000000003,197.09144592285156,-168.88873291015625,-59.86533737182617,198.22679463944644,-169.17479596399932,-59.85975338935211,1.1708458309734566,0.34700150420545184,0.0577781559496101,3.5076190321534385e-05,12.333642170487423,17.368808801284764,nan,0.07161793649231864,nan
412.79,197.08274841308594,-168.88961791992188,-59.866519927978516,198.21819238006822,-169.17560138657913,-59.86099558392476,1.1709184701485336,0.3470527987181192,0.057793611368690524,3.57812055657283e-05,12.277514312497217,17.358006157584175,nan,nan,nan
412.8,197.07403564453125,-168.89048767089844,-59.86767578125,198.19298581712053,-169.16553779946327,-59.862519152340084,1.1522710847638336,0.3469858368791172,0.057787657771492265,3.505678790380204e-05,12.483818301651139,17.45951506846355,6.6465833846758215,0.027426112114221822,nan
412.81,197.06532287597656,-168.89134216308594,-59.86880874633789,198.1843577101599,-169.1662773098061,-59.86372051772425,1.1523255551658118,0.3470369098447363,0.05780313489931698,3.576127778772148e-05,12.430929679631692,17.37239483313033,nan,nan,nan
412.82,197.05661010742188,-168.8921661376953,-59.86992263793945,198.17580274590236,-169.16698155589827,-59.86330394644992,1.1524580179720263,0.3470880657366837,0.05781867157833276,3.505902341647526e-05,12.936839381428953,17.956728760075013,nan,1.7924917428503944,nan
412.83,197.0478973388672,-168.8929901123047,-59.871009826660156,198.1671746633033,-169.16768682641117,-59.864446059667465,1.1525116471320047,0.34713931068296944,0.05783426830977345,3.576387169116328e-05,12.873980321437394,17.879501784966703,nan,nan,nan
412.84000000000003,197.0391845703125,-168.89378356933594,-59.87207794189453,198.15853747691392,-169.16837798217105,-59.86577110615198,1.1525592380673513,0.3471906389343948,0.05784992489623938,3.506175716479754e-05,12.784427359170257,17.931840018949135,nan,0.02928340816837639,nan
412.85,197.0304718017578,-168.89456176757812,-59.87312698364258,198.13934573771124,-169.16481573479925,-59.86685337842867,1.141349188792798,0.34712359427885464,0.05784400211370471,3.5744964473740126e-05,12.687459624497922,17.744729273668593,0.994655005780778,nan,nan
412.86,197.02175903320312,-168.8953399658203,-59.87415313720703,198.130724541094,-169.16546027130377,-59.867391211525685,1.1414093046602771,0.3471747008401329,0.05785967993372248,3.504380448553518e-05,12.873321737189858,17.801188029330064,nan,0.20862060224532433,nan
412.87,197.0130615234375,-168.89608764648438,-59.87515640258789,198.12207917689219,-169.16609473182186,-59.86844814806699,1.1414328637661073,0.34722589618628724,0.05787541802732728,3.574850450921556e-05,12.807487293395246,18.35182259756654,nan,nan,nan
412.88,197.0043487548828,-168.89682006835938,-59.87614059448242,198.1133958581996,-169.16672258576,-59.87035428478507,1.141431700827717,0.34727717494627736,0.05789121625432845,3.504742421750843e-05,12.484757362967981,17.854857653943515,nan,0.5311561022680783,nan
412.89,196.99563598632812,-168.89755249023438,-59.87710952758789,198.1047504650665,-169.16732720405057,-59.87138171054283,1.1414666578791561,0.34732854269156804,0.057907075030983295,3.575249292386079e-05,12.429218657505823,17.295739529529058,nan,nan,nan
412.90000000000003,196.98692321777344,-168.89825439453125,-59.878055572509766,198.08616682004643,-169.1620031287077,-59.87161097343221,1.1304607135035958,0.34726140958881485,0.05790117896505956,3.503031567789038e-05,12.819118865495435,18.177376209716176,1.6675975392448479,0.44734642572312044,nan
412.91,196.97821044921875,-168.89895629882812,-59.87898254394531,198.07750574783753,-169.16256384609846,-59.87259409325433,1.130477733016214,0.347312555300237,0.05791705844704999,3.573488165077199e-05,12.757833298239854,17.911836896133305,nan,nan,nan
412.92,196.96949768066406,-168.89962768554688,-59.87989044189453,198.06878663856617,-169.16312272310367,-59.87492924998643,1.1304381722180556,0.347363784529522,0.05793299833348811,3.503471495786409e-05,12.298962526026312,17.83670224326417,nan,1.3220093972097902,nan
412.93,196.96078491210938,-168.90029907226562,-59.88078308105469,198.0601250553926,-169.1636558055853,-59.87589108878801,1.130455417611478,0.34741510247917967,0.05794899899228974,3.5739659392229205e-05,12.247954390286202,17.39150674536301,nan,nan,nan
412.94,196.9520721435547,-168.9009552001953,-59.88165283203125,198.05153602926669,-169.16416070322572,-59.87508293032839,1.130549042022857,0.3474665043218774,0.0579650603551316,3.5039484441755206e-05,12.791946295333164,18.33160637143919,nan,2.165274411536391,nan
412.95,196.943359375,-168.90159606933594,-59.882511138916016,198.07371427628024,-169.1790543028947,-59.87612328548699,1.1639270075435368,0.3473992880898852,0.05795918742428636,3.572279849982284e-05,12.695757887072821,17.997934205462858,10.458719465470038,nan,nan
412.96000000000004,196.93466186523438,-168.9022216796875,-59.88335037231445,198.06507072684283,-169.17958361817313,-59.87780217629311,1.1639521561484074,0.3474504677474387,0.05797526896610781,3.502343687770758e-05,12.413118229160288,18.086603945712042,nan,0.43030356169827916,nan
412.97,196.9259490966797,-168.90284729003906,-59.88417053222656,198.05645878951188,-169.18009422304038,-59.87869193502425,1.1640223547997184,0.3475017358647746,0.05799141150244135,3.572826545487982e-05,12.356812733886036,17.834585573948054,nan,nan,nan
412.98,196.917236328125,-168.9034423828125,-59.88497543334961,198.0478277716832,-169.18059604720435,-59.8800384432034,1.1640771193544355,0.3475530879712088,0.058007615005401324,3.502885050171863e-05,12.193367345490296,17.97879740992555,nan,0.15724140003786666,nan
412.99,196.9085235595703,-168.90403747558594,-59.885765075683594,198.0392153980772,-169.1810820219136,-59.88090206849399,1.1641483424181465,0.34760452874271075,0.058023879782799215,3.573406065809361e-05,12.141286524167016,17.65862225519167,nan,nan,nan
413.0,196.89981079101562,-168.9046173095703,-59.886539459228516,198.00765210416682,-169.18104555218886,-59.881742980332824,1.1418178290128191,0.34753722465683934,0.058018025916945444,3.501341375456651e-05,11.222890442249478,17.44580631017045,13.485981899664985,0.022350745074032095,nan
413.01,196.89109802246094,-168.90518188476562,-59.887298583984375,197.99899863446342,-169.18153108889283,-59.88257880020751,1.1418559125634504,0.3475884429043621,0.05803431030326369,3.5718131743669175e-05,11.169598836620274,17.48277342143075,nan,nan,nan
413.02,196.88238525390625,-168.90574645996094,-59.888038635253906,197.99036149334034,-169.1820023739738,-59.88297586486719,1.1419081875622006,0.34763974523029095,0.05805065591221725,3.50193850719478e-05,11.258975353000539,17.60128805633844,nan,0.12702580629938373,nan
413.03000000000003,196.87367248535156,-168.90628051757812,-59.88876724243164,197.98170807331098,-169.18246535258425,-59.883779051302746,1.1419482515957873,0.34769113596855705,0.05806706301822853,3.5724490437164606e-05,11.203013844597876,17.776267976700645,nan,nan,nan
413.04,196.86495971679688,-168.9068145751953,-59.88948059082031,197.97310181020012,-169.18290929384582,-59.8833176087478,1.1420355402468252,0.347742611153974,0.05808353164309392,3.502562314029613e-05,11.571375236824782,17.989775609222075,nan,1.1036308021393602,nan
413.05,196.8562469482422,-168.9073486328125,-59.89018249511719,197.93070999501143,-169.1745183652697,-59.884048530585154,1.1071983247525126,0.3476752236478862,0.05807769307168078,3.5709094971789256e-05,10.94581414535196,17.417140453211736,10.8313898929088,nan,nan
413.06,196.8475341796875,-168.90785217285156,-59.890865325927734,197.92201947788317,-169.17494389598292,-59.88424620369949,1.1072038915136564,0.3477264761477049,0.05809418073017255,3.501093492028984e-05,11.122568232791055,18.4279097654422,nan,0.21547323555836767,nan
413.07,196.8388214111328,-168.90835571289062,-59.89154052734375,197.91330843481919,-169.17536236415998,-59.884978244884216,1.1071847088194249,0.34777781681321124,0.05811073010710386,3.571593681338447e-05,11.056797085752635,17.76229025132241,nan,nan,nan
413.08,196.83010864257812,-168.9088592529297,-59.89219665527344,197.90456973003734,-169.1757750279713,-59.88646254210265,1.1071330270044124,0.3478292420046555,0.058127341251459824,3.501762364821273e-05,10.770814621720552,17.652325427745332,nan,0.4127415596802664,nan
413.09000000000003,196.82139587402344,-168.90933227539062,-59.89284133911133,197.89585862060645,-169.17617347032646,-59.887177250012044,1.1071162987757037,0.3478807555743057,0.05814401439721907,3.572301112918419e-05,10.709029802112207,17.976318690616758,nan,nan,nan
413.1,196.81268310546875,-168.90980529785156,-59.89347457885742,197.85767278989684,-169.1652847193994,-59.88869649415552,1.0757769311009402,0.347813280766507,0.058138187051664764,3.500336133546656e-05,10.250910475947757,17.526778236734145,7.449111071529484,0.5112228139225496,nan
413.11,196.80397033691406,-168.9102783203125,-59.89409637451172,197.84891274064296,-169.16564689341763,-59.889395455211194,1.0757043431550994,0.34786457131897913,0.0581548786195622,3.570825901857404e-05,10.198012463096887,17.236003741893523,nan,nan,nan
413.12,196.79525756835938,-168.91073608398438,-59.89470291137695,197.8401625614793,-169.1659982924603,-59.889786544243144,1.0756437190765162,0.3479159464681646,0.05817163219753181,3.501043216942528e-05,10.249523593552766,17.63523019444962,nan,0.062030311268634016,nan
413.13,196.7865447998047,-168.9111785888672,-59.89529800415039,197.8314018590334,-169.16634218121717,-59.89045992573428,1.0755734006025792,0.3479674097588478,0.05818844799781904,3.571571860376335e-05,10.194014767024234,17.699258255006125,nan,nan,nan
413.14,196.77783203125,-168.91160583496094,-59.89588165283203,197.8225929708139,-169.16668368671634,-59.89253772894248,1.0754540032570312,0.34801895800677973,0.05820532610178364,3.501768839631017e-05,9.836975350411373,17.495819024857983,nan,1.4129896192438693,nan
413.15000000000003,196.7691192626953,-168.91204833984375,-59.896453857421875,197.81540479818173,-169.168109381227,-59.89317796728581,1.0771682366921889,0.3479513995230315,0.058199506066254264,3.570133039554412e-05,9.786170377799511,16.896370227793707,0.08761437653240034,nan,nan
413.16,196.76040649414062,-168.91246032714844,-59.89701461791992,197.80661173829145,-169.16843455009723,-59.89486520303584,1.0770667740150899,0.3480027245806524,0.05821640197027434,3.50039301850503e-05,9.596787809343285,17.191791059500595,nan,0.7525888828193598,nan
413.17,196.75169372558594,-168.91287231445312,-59.89756393432617,197.79785281983717,-169.16874704312534,-59.895519974245914,1.0769980988982555,0.34805413755012193,0.058233360315706355,3.570911231909188e-05,9.561712299159183,17.00269318804646,nan,nan,nan
413.18,196.74298095703125,-168.91326904296875,-59.898101806640625,197.78911520585893,-169.16904875167697,-59.89550328472824,1.076952588684039,0.3481056355356757,0.058250381200919465,3.5011486507236096e-05,9.616959513162659,17.250147307364593,nan,0.30872431750359486,nan
413.19,196.73426818847656,-168.91366577148438,-59.89862823486328,197.78035610816343,-169.1693449669837,-59.89613161441658,1.0768834755160983,0.3481572216542406,0.05826746481283277,3.571705247697085e-05,9.57868096598779,17.09338374327632,nan,nan,nan
413.2,196.72555541992188,-168.9140625,-59.899147033691406,197.78224855249294,-169.17538367447796,-59.89663279587823,1.088529032247271,0.34808957637360477,0.05826164800184611,3.4998011730677254e-05,9.523780837666598,16.72390982942204,2.336892942310538,0.04809975060425871,nan
413.21000000000004,196.7168426513672,-168.91444396972656,-59.899654388427734,197.77350636263552,-169.17567741362328,-59.897242504857346,1.088479181290966,0.3481409389789184,0.058278748761469934,3.570308508993188e-05,9.48627196714126,16.940990095680668,nan,nan,nan
413.22,196.7081298828125,-168.91481018066406,-59.900150299072266,197.76472339930046,-169.1759678591659,-59.89916179391483,1.0883906326624257,0.3481923866505634,0.05829591229162143,3.500581511580066e-05,9.330868712647117,17.062732012554086,nan,1.2275505694389033,nan
413.23,196.6994171142578,-168.91517639160156,-59.900634765625,197.75598106754435,-169.17624664018632,-59.89976660237255,1.0883408545984232,0.3482439222365447,0.058313138766299136,3.571127387928639e-05,9.304274834931798,16.97417555800643,nan,nan,nan
413.24,196.69070434570312,-168.91552734375,-59.9011116027832,197.74721672313746,-169.1765203124923,-59.90108864562841,1.0882719025739347,0.34829554324027107,0.058330428303148496,3.501374177152658e-05,9.262805471684274,16.98268177900923,nan,0.3717875059878053,nan
413.25,196.68199157714844,-168.91587829589844,-59.901580810546875,197.79133827337066,-169.20326619597253,-59.90166303210212,1.145967671572166,0.3482278140717016,0.05832461069157237,3.5697541749448586e-05,9.161148139708606,16.495317398051593,30.941630112694632,nan,nan
413.26,196.67327880859375,-168.91622924804688,-59.90203857421875,197.78268431947714,-169.20358047060046,-59.902123558795296,1.146015409976609,0.3482792113771765,0.058341916709328624,3.500058546400487e-05,9.142075499883955,16.430162458174006,nan,0.011072455701694347,nan
413.27,196.66455078125,-168.91665649414062,-59.902591705322266,197.77402660274552,-169.20393920667905,-59.90275117584622,1.1460663073476371,0.34833069638572406,0.05835928588712869,3.570593111369383e-05,9.126396726524318,16.62493936222526,nan,nan,nan
413.28000000000003,196.6558380126953,-168.9171905517578,-59.903236389160156,197.7653367808753,-169.2043950339309,-59.90458613688706,1.146069698138868,0.3483822668498285,0.058376718352067015,3.50086985742462e-05,9.161929157985249,16.60747548003771,nan,0.8745801854713494,nan
413.29,196.64712524414062,-168.91781616210938,-59.90397262573242,197.7566787018071,-169.20494167863268,-59.905412227892185,1.1461029666276759,0.34843392524742933,0.058394214264055236,3.571442293297465e-05,9.151988868750433,16.658017489976185,nan,nan,nan
413.3,196.63841247558594,-168.9185333251953,-59.90480041503906,197.7407695815321,-169.20417532888072,-59.908081518923524,1.1387683297941373,0.3483661097373185,0.058388391738000485,3.499571933395747e-05,9.249988149585015,16.67779803245753,2.6697792301858128,2.7428837093350267,nan
413.31,196.62969970703125,-168.91934204101562,-59.90571594238281,197.73209877649074,-169.20490721010222,-59.90910630091023,1.1387900020072002,0.3484175441229439,0.058405903438417964,3.570094535981566e-05,9.2482217343731,16.799793456991033,nan,nan,nan
413.32,196.62098693847656,-168.9202423095703,-59.90671920776367,197.7233977734771,-169.20573143069433,-59.911326409503474,1.1387865970912299,0.3484690639933135,0.058423478646062815,3.500397893412502e-05,9.516656333876716,17.09150829733823,nan,0.8620247489298908,nan
413.33,196.61227416992188,-168.92123413085938,-59.907814025878906,197.71472692214286,-169.20664300511638,-59.91254180333601,1.138807555412219,0.34852067159708744,0.0584411175143406,3.5709584413741914e-05,9.520369003993325,16.764485117800643,nan,nan,nan
413.34000000000003,196.6035614013672,-168.92230224609375,-59.908992767333984,197.7061399635785,-169.20763805679067,-59.9106847185769,1.1389024863494808,0.348572365027676,0.05845882018007585,3.5012315931111604e-05,8.959536177293007,16.653096554423026,nan,7.048289701812268,nan
413.35,196.5948486328125,-168.9234619140625,-59.91025924682617,197.68982523399626,-169.20706523536353,-59.91191050731748,1.1311088929250461,0.34850446546573,0.05845298863442463,3.569624774085319e-05,8.807422026558191,16.28016733364718,1.3968051369239463,nan,nan
413.36,196.58612060546875,-168.92471313476562,-59.91160583496094,197.6811350630201,-169.20823955322203,-59.91358508861931,1.131126787612345,0.34855593468775425,0.05847070637904932,3.499951887016158e-05,8.827483670863458,16.260636883686438,nan,0.038010952725363846,nan
413.37,196.57740783691406,-168.92604064941406,-59.91304016113281,197.6724509202636,-169.2094988471685,-59.9151152434681,1.1311375735216989,0.34860749145037245,0.058488487995183185,3.570499831196718e-05,8.81953459960103,16.42436536205307,nan,nan,nan
413.38,196.56869506835938,-168.92745971679688,-59.914554595947266,197.6637390575505,-169.21084347182799,-59.91783860436709,1.1311226616023646,0.3486591340567718,0.05850633362372183,3.5007959520917906e-05,8.99094075557389,16.53213716084487,nan,0.8682700597440041,nan
413.39,196.5599822998047,-168.928955078125,-59.91615295410156,197.65505530837171,-169.21227032495446,-59.919546965610756,1.13113391890271,0.34871086444344584,0.05852424341198971,3.571381092207017e-05,8.98888741433845,16.5672684542886,nan,nan,nan
413.40000000000003,196.55126953125,-168.9305419921875,-59.91783142089844,197.61777745894614,-169.20617794003454,-59.92036968832399,1.1015538018570699,0.3486428789468641,0.05851839869870604,3.499526299680218e-05,8.416069460934029,16.170716926598242,7.384374034689257,0.6279102807355138,nan
413.41,196.5425567626953,-168.9322052001953,-59.91958999633789,197.60904569177953,-169.2077657418279,-59.92223180016421,1.1015167847525058,0.34869438482041815,0.05853632283412006,3.570060907628455e-05,8.410854563430124,16.268360111914355,nan,nan,nan
413.42,196.53384399414062,-168.93394470214844,-59.92142868041992,197.60033507824738,-169.20943354393168,-59.92329418166173,1.1014993483979754,0.3487459765464598,0.05855431119240662,3.5003778020001346e-05,8.297944084872253,16.188068184775748,nan,0.5469717983602815,nan
413.43,196.52513122558594,-168.93576049804688,-59.92332458496094,197.59160381619992,-169.21118132001075,-59.925297271885924,1.1014646191303028,0.34879765587070816,0.05857236391882564,3.5709496526568924e-05,8.290506220614558,16.262277055073138,nan,nan,nan
413.44,196.51641845703125,-168.93760681152344,-59.925228118896484,197.5828408109219,-169.21298300380457,-59.928720789958376,1.1014085903533222,0.3488494213804697,0.05859048115738114,3.501233789131603e-05,8.511467650626496,16.522481307286807,nan,1.3552503760359942,nan
413.45,196.50770568847656,-168.939453125,-59.92711639404297,197.54789303296636,-169.20414802272262,-59.93071489187874,1.0733433978479547,0.34878135171728697,0.05858461911504888,3.5696369145080516e-05,8.382896837101878,16.502209719258705,6.15248762008741,nan,nan
413.46000000000004,196.49899291992188,-168.9412841796875,-59.92898178100586,197.53911242407088,-169.20593092720318,-59.93306827619293,1.0732675264465585,0.3488328925064862,0.058602749950377654,3.4999727477613185e-05,8.47773229635764,16.251205704656435,nan,0.07374854899116116,nan
413.47,196.4902801513672,-168.94308471679688,-59.930816650390625,197.5303393167852,-169.20768962121696,-59.93507434583586,1.0731993994517761,0.3488845207186299,0.058620945359221285,3.570530565567578e-05,8.488413122693613,16.233522866387297,nan,nan,nan
413.48,196.4815673828125,-168.94483947753906,-59.9326171875,197.5215903061586,-169.20941858899474,-59.93595961690354,1.0731546762412028,0.3489362351134958,0.058639205486048215,3.500833321178142e-05,8.278933818323933,16.380935467521535,nan,0.8376251855937439,nan
413.49,196.47286987304688,-168.9465789794922,-59.93437957763672,197.5128180571654,-169.21111505452046,-59.9378903651379,1.073072171977095,0.34898803717978566,0.05865753047541651,3.571427620090079e-05,8.284786061374085,16.380534635069516,nan,nan,nan
413.5,196.4641571044922,-168.94827270507812,-59.93611145019531,197.5093826004308,-169.21783608543947,-59.9403966182288,1.0794346279682823,0.3489198819437874,0.0586516469207992,3.499577074635814e-05,8.29614804184736,16.176388303267274,1.861540908510955,0.37314934186227633,nan
413.51,196.4554443359375,-168.94993591308594,-59.937808990478516,197.50061878511573,-169.21948110135494,-59.94226562994084,1.0793813502971483,0.34897145899362786,0.058669984736929866,3.570120128617476e-05,8.307622137852775,16.074691248020866,nan,nan,nan
413.52,196.4467315673828,-168.95156860351562,-59.93947219848633,197.49188927874172,-169.2210938218031,-59.942439393654396,1.0793550338758189,0.3490231222157766,0.058688387472734,3.5004401536483106e-05,7.982914533687517,15.681971137980915,nan,1.9509381223727313,nan
413.53000000000003,196.43801879882812,-168.9531707763672,-59.941104888916016,197.4831258788715,-169.2226729373135,-59.944226690117375,1.0793006852375602,0.349074872943967,0.05870685527356837,3.5710197443354955e-05,7.984634059592783,15.450452140482941,nan,nan,nan
413.54,196.4293212890625,-168.95474243164062,-59.94269943237305,197.47428936967245,-169.22421727272385,-59.94966531124484,1.0791772342571555,0.3491267101691074,0.05872538828272986,3.501305522877723e-05,9.077613459547054,17.090895282392783,nan,9.571012815565041,nan
413.55,196.4206085205078,-168.95626831054688,-59.94426727294922,197.43611334696106,-169.21610445680062,-59.95150718146179,1.0482448624844862,0.3490584706995102,0.05871947901716247,3.569715262067718e-05,8.854654352491659,17.11743739840882,7.507260272763556,nan,nan
413.56,196.41189575195312,-168.95777893066406,-59.94580078125,197.4273325572645,-169.21757983490212,-59.95162103825265,1.0481613858635737,0.34911008269094057,0.05873802406370636,3.5000514619223995e-05,8.334594807377377,16.319695450138447,nan,1.84935416314681,nan
413.57,196.40318298339844,-168.95925903320312,-59.94730758666992,197.4185208701368,-169.2190234845309,-59.953307317186514,1.048057532383707,0.3491617820291337,0.058756634374511243,3.570615636920535e-05,8.355392057250553,16.080935999805178,nan,nan,nan
413.58,196.3944854736328,-168.960693359375,-59.94878005981445,197.40972677894288,-169.22043847618536,-59.95402762498027,1.047955137710911,0.3492135678434204,0.05877531009112693,3.5009176054224824e-05,8.112936190399505,16.787145748442562,nan,0.6193627440537984,nan
413.59000000000003,196.38577270507812,-168.9621124267578,-59.950225830078125,197.40091540157437,-169.22182325850812,-59.955646750000106,1.0478519918151126,0.3492654412609839,0.0587940513615169,3.571517586974282e-05,8.129702193360849,15.925410410968347,nan,nan,nan
413.6,196.37705993652344,-168.9635009765625,-59.95164108276367,197.40838300594334,-169.21803116181894,-59.95607798958857,1.0622770706677853,0.3491971165402136,0.05878811216919182,3.499664942921648e-05,8.703476569802135,15.7815279896175,12.616894511521155,0.9470759757004806,nan
413.61,196.3683624267578,-168.96485900878906,-59.95302963256836,197.39960234818628,-169.21932429018057,-59.95763001084007,1.0621814903591982,0.3492487644360527,0.05880686466980066,3.570213024745796e-05,8.713934190755428,16.038666299254345,nan,nan,nan
413.62,196.35964965820312,-168.96620178222656,-59.95438766479492,197.3908236684377,-169.2205902945959,-59.95903272595672,1.0620993038327036,0.3493004987803069,0.05882568276980327,3.500530430887203e-05,8.719074493847895,15.602156897652119,nan,0.010570534287473333,nan
413.63,196.35093688964844,-168.96751403808594,-59.95572280883789,197.38204280177757,-169.22182904149943,-59.96053012788358,1.062016305574104,0.3493523205773092,0.0588445666196028,3.571114406005661e-05,8.731194844429181,15.425007702062425,nan,nan,nan
413.64,196.34222412109375,-168.9687957763672,-59.957027435302734,197.3732792883066,-169.22304295607893,-59.9609752486246,1.0619472545553885,0.34940422913987174,0.05886351635711302,3.501396831456075e-05,8.510306286764717,15.48404711077349,nan,0.7432737131977253,nan
413.65000000000003,196.33352661132812,-168.9700469970703,-59.958309173583984,197.37988382497016,-169.22305302694147,-59.962482114325425,1.0765188726289614,0.3493358201632556,0.05885754301743193,3.5698101037959435e-05,9.128864342013118,15.754489237107805,5.810763169907587,nan,nan
413.66,196.32481384277344,-168.9712677001953,-59.959564208984375,197.3711629920267,-169.2241987675122,-59.961926136518805,1.0764879217431058,0.3493875029782179,0.05887650315852902,3.5001423655636023e-05,8.781420720623174,15.30017718004355,nan,2.7357261340439263,nan
413.67,196.31610107421875,-168.9724884033203,-59.960792541503906,197.36241028478562,-169.2253162321601,-59.96329475727714,1.0764251651818157,0.3494392731006757,0.05889552924201828,3.570709699806901e-05,8.78012595099232,14.85460548320394,nan,nan,nan
413.68,196.30740356445312,-168.97366333007812,-59.961997985839844,197.35364543731504,-169.22640783745703,-59.96542128002931,1.0763426784639345,0.34949112995180986,0.058914621402915535,3.501007225084694e-05,8.920328872017436,15.605006149123035,nan,0.431008097526496,nan
413.69,196.29869079589844,-168.97482299804688,-59.96318054199219,197.34489283701325,-169.22747701313725,-59.9667508361073,1.0762831919035758,0.3495430743740459,0.05893377979596302,3.571609778965046e-05,8.92444391471998,15.083799158020183,nan,nan,nan
413.7,196.28997802734375,-168.9759521484375,-59.96433639526367,197.33643683519696,-169.2379388748931,-59.96850596994342,1.0787633970085846,0.3494745804335288,0.05892776806595353,3.499752161437583e-05,8.449320717162905,15.396308174104306,7.62832986678155,0.1093031299577345,nan
413.71000000000004,196.28128051757812,-168.97706604003906,-59.96547317504883,197.32768131415662,-169.23899802429298,-59.969795523963406,1.0786944303904817,0.3495262988270606,0.05894693601948809,3.570302259326698e-05,8.457174954103053,15.241776404747567,nan,nan,nan
413.72,196.27256774902344,-168.97816467285156,-59.966583251953125,197.3206070376373,-169.2379502186315,-59.969193168156345,1.0797600159003058,0.3490858334789238,0.05818128604738999,3.500509735208574e-05,10.524790431008887,17.09058187664796,nan,2.4755259971624883,0.005557398847109602
413.73,196.26385498046875,-168.97923278808594,-59.967674255371094,197.3118531378782,-169.23896045766628,-59.9704211392043,1.0797065090338236,0.34913663808453776,0.05819719239551339,3.571092816025546e-05,10.516020718097407,17.11525179505962,nan,nan,nan
413.74,196.25515747070312,-168.9802703857422,-59.96874237060547,197.30312372744663,-169.23993265891053,-59.970911870981794,1.07965850068984,0.3491875271025927,0.05821315721216049,3.501375848073515e-05,10.412248477560398,17.558751426309485,nan,0.36199915426112383,nan
413.75,196.24644470214844,-168.98130798339844,-59.96978759765625,197.30822225219762,-169.25554715955965,-59.972207505474024,1.096624159629853,0.34912024378552,0.05820710259813926,3.5697878228235436e-05,9.703532694317172,16.74063596196574,16.952461545046837,nan,nan
413.76,196.23773193359375,-168.98231506347656,-59.9708137512207,197.29946893951467,-169.2565561604792,-59.97386459963845,1.096586958112848,0.34917091237033643,0.05822308608495396,3.5001203895119625e-05,9.779555457444047,16.98194777888516,nan,0.17326410964518213,nan
413.77,196.22903442382812,-168.98329162597656,-59.97182083129883,197.2907320385339,-169.25753356236677,-59.97501170498449,1.0965494272589085,0.3492216683821456,0.058239129649460264,3.570686065044533e-05,9.771490318910365,17.440791004633322,nan,nan,nan
413.78000000000003,196.22032165527344,-168.98426818847656,-59.97280502319336,197.28203397689273,-169.25846434800604,-59.974941252094645,1.0965496574496167,0.3492725088914989,0.058255232004600435,3.500983649188818e-05,9.591788558798445,16.583819460102443,nan,1.0133146189372089,nan
413.79,196.21160888671875,-168.98521423339844,-59.97377014160156,197.27329704138455,-169.25940224867622,-59.97603815574414,1.0965244864424137,0.34932343703936536,0.05827139469672311,3.571584183126014e-05,9.579696360343759,16.82608446759257,nan,nan,nan
413.8,196.20289611816406,-168.98614501953125,-59.97471618652344,197.2689874404512,-169.25829086467567,-59.97901221399851,1.1002874734983592,0.3492560804215668,0.05826536152955597,3.499726501154686e-05,10.30868723294662,16.99177077838125,3.472813421189983,2.998601115178708,nan
413.81,196.19419860839844,-168.98704528808594,-59.975643157958984,197.26026010428035,-169.25917635958137,-59.980089817472226,1.1002555184392664,0.3493067878382571,0.05828154238324638,3.570274252371693e-05,10.30856646012766,17.5602632929363,nan,nan,nan
413.82,196.18548583984375,-168.98794555664062,-59.97655487060547,197.25154442210132,-169.26003533776006,-59.98077079521905,1.1002415752074564,0.34935757982564014,0.05829778234287202,3.500586285542299e-05,10.238167013592664,16.56154119462963,nan,0.10140828422088105,nan
413.83,196.17677307128906,-168.9888153076172,-59.97744369506836,197.24281701127492,-169.26088429987604,-59.981809639643764,1.1002228319760317,0.34940845921991553,0.058314082832735814,3.571169063060842e-05,10.238852751560058,17.120852277603895,nan,nan,nan
413.84000000000003,196.16807556152344,-168.9896697998047,-59.97831726074219,197.2341112389608,-169.26170037063392,-59.982104592908314,1.10020318165325,0.34945942354367404,0.05833044274539409,3.501445815604566e-05,10.08906779486406,17.001862821478955,nan,0.3727071031816854,nan
413.85,196.15936279296875,-168.99050903320312,-59.97917556762695,197.21443552336302,-169.2642232661422,-59.982970189119044,1.0900056636950675,0.34939199642240604,0.05832442870310381,3.569857132773902e-05,9.49987336011991,16.47505331301134,6.685602848193188,nan,nan
413.86,196.15065002441406,-168.9913330078125,-59.980010986328125,197.20570327733998,-169.2650283232687,-59.98336601279793,1.0899806183665999,0.3494427398732095,0.058340806309734344,3.5001835698179975e-05,9.392992647328676,16.589696809945806,nan,0.2400567542750159,nan
413.87,196.14193725585938,-168.9921417236328,-59.9808349609375,197.19695395804774,-169.26582845072969,-59.98432303334279,1.0899434999735182,0.3494935705097242,0.0583572446391912,3.570748124857415e-05,9.387195726052317,16.25937105790808,nan,nan,nan
413.88,196.13323974609375,-168.99293518066406,-59.98163986206055,197.18820452558816,-169.26661225705092,-59.98526446351174,1.0898912633143882,0.34954448727279847,0.05837374325544558,3.642744114549893e-05,9.38175726149817,16.619025834492753,nan,nan,nan
413.89,196.12452697753906,-168.9936981201172,-59.98242950439453,197.17945491186666,-169.26738018115873,-59.986190697601444,1.0898573134750118,0.3495954903069326,0.058390302302997674,3.716185988915432e-05,9.375877612881201,16.728979713619072,nan,nan,nan
413.90000000000003,196.11581420898438,-168.9944610595703,-59.98320388793945,197.16206747838535,-169.26338361234033,-59.9851878041872,1.0802634766779162,0.34952799004855706,0.05838430243449364,3.6355666737308484e-05,9.142780830749647,16.004064765398386,1.0443380253155556,2.491480558448427,nan
413.91,196.1071014404297,-168.99520874023438,-59.98396301269531,197.15330415324934,-169.26410921435573,-59.9860658562701,1.0802092404923143,0.349578771923122,0.05840087862494013,3.708779313520687e-05,9.129304414659467,15.977650184056131,nan,nan,nan
413.92,196.09840393066406,-168.99594116210938,-59.984703063964844,197.1445055574114,-169.2648445695374,-59.98824905812166,1.0801158410487255,0.34962963874820985,0.0584175148052488,3.6308154937766995e-05,9.331438518559466,16.65510578549078,nan,1.1404878668814837,nan
413.93,196.08969116210938,-168.99664306640625,-59.98543167114258,197.13574238152592,-169.26554044654662,-59.98911222211382,1.080065970737269,0.3496805928575971,0.058434212204169,3.703899330171178e-05,9.325256679806804,16.661923872870755,nan,nan,nan
413.94,196.0809783935547,-168.99734497070312,-59.98614501953125,197.1269598200368,-169.26623582664448,-59.990704995835486,1.080000106638109,0.3497316322706528,0.05845096990928753,3.626201140566437e-05,9.50855094472693,16.464070504112545,nan,0.3628206035694189,nan
413.95,196.072265625,-168.99803161621094,-59.986846923828125,197.13330814666205,-169.27978738921047,-59.991617456553,1.097825262223454,0.3496640611557604,0.05844498160432635,3.69680880810989e-05,9.093834086117152,16.358242996417953,9.722390263676887,nan,nan
413.96000000000004,196.0635528564453,-168.9987030029297,-59.98753356933594,197.12458184849598,-169.28046972491978,-59.99180601708406,1.09781294463258,0.34971487925746264,0.05846175593772938,3.6194695698899e-05,8.957894090518872,16.317167094444297,nan,0.2727843730350603,nan
413.97,196.0548553466797,-168.99937438964844,-59.98820495605469,197.11583920563956,-169.2811499950131,-59.99261862542521,1.097772162713791,0.34976578443363043,0.058478591676575105,3.6922247950443065e-05,8.957089914345433,16.24482032539925,nan,nan,nan
413.98,196.046142578125,-169.00001525878906,-59.988861083984375,197.10710979885198,-169.28180739067102,-59.99287497047032,1.0977587896857997,0.34981677495521996,0.05849548801867261,3.6151403923474346e-05,8.850392167761571,16.4518716548064,nan,0.19533133624508692,nan
413.99,196.0374298095703,-169.00064086914062,-59.989505767822266,197.0983670172292,-169.28246140030978,-59.99365704915861,1.0977375840884083,0.3498678527820513,0.05851244602996616,3.687787465306581e-05,8.847186493563234,16.43156739998268,nan,nan,nan
414.0,196.02871704101562,-169.0012664794922,-59.99013900756836,197.06617481696986,-169.27668253371831,-59.99434545233418,1.0734012921507827,0.349800209593804,0.0585064649209197,3.7594575647463886e-05,8.487349801656789,16.006069789206748,5.476458854473328,nan,nan
414.01,196.02000427246094,-169.0018768310547,-59.990760803222656,197.05739183750788,-169.27730912379252,-59.99510225436072,1.0733381369330104,0.3498510658280232,0.05852343896796513,3.834923526138797e-05,8.483951867828187,16.01744752719062,nan,nan,nan
414.02,196.01129150390625,-169.00247192382812,-59.99136734008789,197.04864832167868,-169.27789511780057,-59.994132349936685,1.0733008657577783,0.3499020073698172,0.0585404738726496,3.748919247863023e-05,8.172037395271378,15.914647592807379,nan,1.8051713053374088,nan
414.03000000000003,196.00259399414062,-169.0030517578125,-59.99196243286133,197.03986527152796,-169.27849744551222,-59.99484904387669,1.0732242833109362,0.34995303609109585,0.05855757067026803,3.824102025901587e-05,8.160981196304549,16.25353190990456,nan,nan,nan
414.04,195.99388122558594,-169.00363159179688,-59.99254608154297,197.03104441919686,-169.27911519343544,-59.997240888000995,1.0731359402054543,0.3500041504653889,0.05857472864002582,3.738716244217431e-05,8.50906267365294,15.918221731539328,nan,1.7548648078286242,nan
414.05,195.98516845703125,-169.0041961669922,-59.99311828613281,197.0164632190204,-169.27086840119554,-59.997861620409154,1.0652255469248482,0.34993643514966977,0.05856875089173255,3.81114963537044e-05,8.942621981772527,15.970291877199234,6.464322092873719,nan,nan
414.06,195.97645568847656,-169.00474548339844,-59.99367904663086,197.00769346197146,-169.27139003362856,-59.99765323577309,1.0651602958378943,0.3499873277666309,0.058585924333341526,3.726476749686884e-05,8.752280746606404,15.876577556577384,nan,0.5118682403311589,nan
414.07,195.96774291992188,-169.00527954101562,-59.99422836303711,196.99890395372972,-169.27191466648412,-59.99833324040232,1.0650841364866226,0.35003830736834063,0.058603159851485474,3.801042788238149e-05,8.747694545588944,15.999926389614096,nan,nan,nan
414.08,195.9590301513672,-169.00579833984375,-59.99476623535156,196.99009006212304,-169.27244598120058,-60.000157869466285,1.0649951051190152,0.35008937264705337,0.05862045682666718,3.7169540263425695e-05,9.062178615476427,16.473724314289562,nan,0.8324601243965235,nan
414.09000000000003,195.9503173828125,-169.00631713867188,-59.99529266357422,196.98130014503906,-169.27294908005746,-60.00082968591247,1.0649172300191792,0.350140525149151,0.05863781614426705,3.7912810705398354e-05,9.065302834754425,16.18605276019475,nan,nan,nan
414.1,195.9416046142578,-169.0068359375,-59.995811462402344,196.9667065864668,-169.2741499436329,-60.00102221627556,1.0593951025266852,0.3500727369980776,0.05863183753739814,3.705425141748502e-05,8.725803741760584,15.706760335939943,1.346693038469312,0.16700184859344597,nan
414.11,195.93289184570312,-169.00732421875,-59.99631881713867,196.95790514627632,-169.27464164952616,-60.00167071703451,1.0593108693774516,0.35012366746612644,0.05864921169082897,3.779433180588436e-05,8.726750692894443,16.34257752184767,nan,nan,nan
414.12,195.9241943359375,-169.0078125,-59.9968147277832,196.94910965777132,-169.2751189470587,-60.00199907023873,1.0592124579023596,0.3501746836229398,0.058666647577860956,3.6965687468401924e-05,8.672103274933095,16.343552618580333,nan,0.061064650431877913,nan
414.13,195.9154815673828,-169.00828552246094,-59.9973030090332,196.9403078491077,-169.2755909493469,-60.00262627348835,1.0591267327856617,0.3502257868253731,0.05868414599398215,3.770365527900217e-05,8.672910057448139,16.090809043333252,nan,nan,nan
414.14,195.90676879882812,-169.00875854492188,-59.997779846191406,196.93152911556717,-169.27603599340694,-60.002008539621755,1.0590509067461895,0.3502769760480556,0.05870170645284939,3.6880336923015026e-05,8.383283505533807,15.578675856098565,nan,0.9695976977678847,nan
414.15000000000003,195.89805603027344,-169.00921630859375,-59.99824523925781,196.9368418471833,-169.28252141939996,-60.002517454090984,1.0741461301077562,0.35020911630762247,0.0586957237761107,3.7592366653326544e-05,8.424465910805036,15.697696520207746,2.1141710443982102,nan,nan
414.16,195.88934326171875,-169.00967407226562,-59.99870300292969,196.92804845423186,-169.28298616214124,-60.003856472789494,1.074073802714442,0.3502600833158662,0.0587132984602934,3.6775248597108115e-05,8.638707101609377,15.551632552225403,nan,0.3607585981966275,nan
414.17,195.88063049316406,-169.0102081298828,-59.9992561340332,196.91926860339382,-169.28348315499292,-60.00449426238566,1.073999907522903,0.35031113720189566,0.058730935860741094,3.750844026464816e-05,8.627978755402351,16.00655872218509,nan,nan,nan
414.18,195.87191772460938,-169.01084899902344,-59.999900817871094,196.9104790552639,-169.28408078683256,-60.005774542731515,1.0739179428820371,0.3503622771039922,0.05874863557056767,3.669631222165127e-05,8.81755681492311,15.84048555801886,nan,0.19271171293939332,nan
414.19,195.8632049560547,-169.01158142089844,-60.00063705444336,196.90169923579492,-169.28476345429252,-60.00660527377097,1.073840962184091,0.3504135041352097,0.05876639826751751,3.74277602354679e-05,8.810009764893326,15.848674488247308,nan,nan,nan
414.2,195.8544921875,-169.01239013671875,-60.00146484375,196.88287134249308,-169.281799980191,-60.00890948203991,1.0631090126714604,0.3503455716451759,0.058760406987038716,3.659781682609461e-05,9.291437021760872,16.837900547238473,0.846177300979905,1.231053059573351,nan
414.21000000000004,195.8457794189453,-169.0133056640625,-60.00238037109375,196.87407487153436,-169.28265841451207,-60.00993709523068,1.0630143677626127,0.35039657619670134,0.05877818323652286,3.732671972525726e-05,9.28799089146607,16.41425073556074,nan,nan,nan
414.22,195.83706665039062,-169.01429748535156,-60.003387451171875,196.86527632019838,-169.28360756351313,-60.011173141499015,1.0629222268159715,0.35044766675033573,0.05879602205444754,3.652508591579051e-05,9.397977572908628,16.748199190378774,nan,0.009080205524087353,nan
414.23,195.82835388183594,-169.015380859375,-60.004478454589844,196.85647967737484,-169.2846434351068,-60.01238101138192,1.0628299189174475,0.3504988442785512,0.05881392404866585,3.7252475278396936e-05,9.395312165649464,16.797395011093627,nan,nan,nan
414.24,195.81964111328125,-169.0165557861328,-60.00565719604492,196.84767676897368,-169.28577119689172,-60.01407857458072,1.0627347582447384,0.3505501081293018,0.05883188891595934,3.645533610826798e-05,9.645171062312595,16.83840614332449,nan,0.10476457006494008,nan
414.25,195.81092834472656,-169.01780700683594,-60.00692367553711,196.82934618005132,-169.28708158258,-60.015485982158324,1.053450045111002,0.35048210372436595,0.05882588556227433,3.71580075257984e-05,9.350032149280512,17.124569577729215,2.1589826644084162,nan,nan
414.26,195.80221557617188,-169.01914978027344,-60.00827407836914,196.8205387116671,-169.28838100964884,-60.01650880332501,1.0533448029258574,0.35053314490119436,0.058843863324964545,3.636619032994438e-05,9.22224589786309,16.80928853125928,nan,0.1325434629983844,nan
414.27,195.7935028076172,-169.0205841064453,-60.009708404541016,196.81172474148238,-169.28976986507897,-60.018063030742624,1.0532362883201072,0.3505842729057464,0.05886190445293921,3.708995309953902e-05,9.220600320674645,16.561111358432637,nan,nan,nan
414.28000000000003,195.7847900390625,-169.0220947265625,-60.01122283935547,196.8029080412733,-169.29124429711004,-60.019902334248464,1.0531291902626332,0.35063548720620613,0.05888000870416431,3.63023139673378e-05,9.394589448025895,17.029650135569067,nan,0.026440407805924857,nan
414.29,195.7760772705078,-169.023681640625,-60.012821197509766,196.79409449368063,-169.29279895530667,-60.021626010470364,1.0530245583409912,0.3506867885957534,0.058898176595706085,3.702486541674288e-05,9.393651982965702,17.095741346934208,nan,nan,nan
414.3,195.76736450195312,-169.0253448486328,-60.01449966430664,196.79716266407047,-169.30270547543697,-60.023979322300924,1.0665378736440365,0.3506187114672793,0.05889215675411009,3.6219128439344975e-05,9.613641087024202,17.579448728658488,2.968958088443804,0.2051911384439291,nan
414.31,195.75865173339844,-169.027099609375,-60.016258239746094,196.78836735307124,-169.30444412321543,-60.025871827821966,1.0664551832267573,0.3506697899262217,0.05891033683193221,3.693966162288458e-05,9.615423962264334,17.18269078668815,nan,nan,nan
414.32,195.74993896484375,-169.0289306640625,-60.01809310913086,196.77957049280485,-169.30626357225233,-60.02798018924548,1.0663734710174175,0.350720954646671,0.05892858027628819,3.616087599964338e-05,9.797631913252463,17.53875728542252,nan,0.012118368684685174,nan
414.33,195.74122619628906,-169.0308380126953,-60.019989013671875,196.77077580244656,-169.30816013964187,-60.030023566029165,1.06629294561778,0.3507722063196387,0.05894688755099956,3.68803854077337e-05,9.805330827512543,17.412502921340987,nan,nan,nan
414.34000000000003,195.73252868652344,-169.03282165527344,-60.02189254760742,196.7619885776309,-169.31012884390375,-60.03155807344166,1.0661990276935474,0.3508235445658575,0.05896525849312063,3.6105316294606236e-05,9.64293649598437,17.611199373747247,nan,0.1956127936952448,nan
414.35,195.72381591796875,-169.03488159179688,-60.02378463745117,196.76837282763887,-169.32061870440472,-60.03356584559291,1.0829776115385648,0.35075539524609856,0.0589592184912982,3.680104824608909e-05,9.586794510699876,17.09088898400556,3.0938225844680374,nan,nan
414.36,195.71510314941406,-169.03701782226562,-60.02565002441406,196.7595957442428,-169.3227703194264,-60.036201169683764,1.0829268659296434,0.3508065103562681,0.058977600918184866,3.6030493048993674e-05,10.057989027909002,17.53480550946765,nan,0.2273626351557435,nan
414.37,195.70639038085938,-169.03919982910156,-60.02748107910156,196.75082628128854,-169.32497270680938,-60.038230299733044,1.0828795101408413,0.3508577122882353,0.05899604736468779,3.674730830486866e-05,10.093083964418653,17.37003246327893,nan,nan,nan
414.38,195.69769287109375,-169.04136657714844,-60.02928161621094,196.74205418784325,-169.32719456033038,-60.04049674175998,1.0828268443909637,0.35090900074905995,0.05901455771392478,3.598017944211471e-05,10.422787986088135,18.204456914739865,nan,0.048160948568371095,nan
414.39,195.68898010253906,-169.04351806640625,-60.03104782104492,196.73328574082205,-169.3294008553247,-60.04246433872147,1.0827897173621948,0.35096037630088556,0.059033132361272674,3.6696213600761836e-05,10.457455457265228,17.645119079998558,nan,nan,nan
414.40000000000003,195.68026733398438,-169.04563903808594,-60.032779693603516,196.73158784659262,-169.3402920262274,-60.040575111139866,1.0918589525145221,0.35089215423730524,0.059027067872275,3.591062300550109e-05,8.281173232815187,15.721515240415702,4.462702560119773,9.65225348710272,nan
414.41,195.67156982421875,-169.04771423339844,-60.03447723388672,196.72282860669688,-169.34246378121284,-60.04243845263151,1.091826774116708,0.35094330640264265,0.05904565325950568,3.662506122941273e-05,8.297440050234526,16.292429632009966,nan,nan,nan
414.42,195.66285705566406,-169.0497589111328,-60.03614044189453,196.71408313969053,-169.34458711834282,-60.043025472993776,1.091809211885265,0.3509945450463043,0.0590643027785063,3.586528636057914e-05,7.867534195131395,15.279186777489466,nan,1.0387381349253322,nan
414.43,195.65414428710938,-169.0517578125,-60.03776931762695,196.70532465343732,-169.34668177282555,-60.04481132538963,1.091792056575234,0.35104587065808085,0.059083016785096525,3.6579093495414695e-05,7.880177291008721,15.518712621925648,nan,nan,nan
414.44,195.64544677734375,-169.0537109375,-60.03936767578125,196.69657131954727,-169.3487332992805,-60.046085960183895,1.091762855439965,0.35109728305319066,0.059101795221239865,3.5822325391791145e-05,7.762453138948651,15.811419606869647,nan,0.15481775087851896,nan
414.45,195.63673400878906,-169.05563354492188,-60.040931701660156,196.70127511680337,-169.34602900446808,-60.04789179099998,1.1034607996757317,0.35102898856080517,0.05909570241725225,3.651306539058361e-05,8.481267537026445,15.212545060831953,10.734046417499986,nan,nan
414.46000000000004,195.62803649902344,-169.05752563476562,-60.0424690246582,196.69254558368021,-169.34797455862494,-60.04948365215588,1.1034443228757738,0.3510801773549313,0.059114490849551324,3.576008428218375e-05,8.509482323099496,15.051231819493468,nan,0.006448313065463545,nan
414.47,195.61932373046875,-169.0593719482422,-60.04397201538086,196.6838154344182,-169.34988310995126,-60.05114230442377,1.1034449401305464,0.35113145299864196,0.05913334395762016,3.647193875580298e-05,8.522207025164326,15.184132851151864,nan,nan,nan
414.48,195.61061096191406,-169.06117248535156,-60.04544448852539,196.67508585191587,-169.35175433236756,-60.052730479314064,1.1034480898172583,0.3511828153673435,0.05915226171714095,3.5721704486534314e-05,8.577252407160278,15.533989415962003,nan,0.0011555766149803483,nan
414.49,195.60191345214844,-169.06295776367188,-60.04689025878906,196.66635611916698,-169.35358958298548,-60.05433096721403,1.1034311985388767,0.3512342648608802,0.05917124443375842,3.643311850263799e-05,8.590281559764318,15.013171811280234,nan,nan,nan
414.5,195.59320068359375,-169.064697265625,-60.04830551147461,196.63599846063954,-169.33831221946497,-60.054781877836824,1.0781160837765797,0.35116589756919386,0.059165119051270226,3.566401973349131e-05,8.627903266304813,14.714793319319625,12.717371396398091,0.7575129830317137,nan
414.51,195.58450317382812,-169.06639099121094,-60.0496940612793,196.6272382726756,-169.34002909896472,-60.056315026734886,1.0780622141449507,0.3512171232156895,0.05918411098408944,3.637416941208478e-05,8.635183145082117,15.230466294303621,nan,nan,nan
414.52,195.57579040527344,-169.0680694580078,-60.051055908203125,196.6184863353067,-169.3417051609068,-60.056864322175365,1.0780190341927283,0.3512684355240242,0.05920316778450573,3.562994826133955e-05,8.35683013197129,14.091504900359327,nan,0.6234951577512987,nan
414.53000000000003,195.5670928955078,-169.0697021484375,-60.05238723754883,196.6097265314069,-169.34335403943254,-60.05833502173435,1.0779636507276178,0.35131983484450097,0.059222289729692366,3.633977504321399e-05,8.362218080983258,14.842672221826252,nan,nan,nan
414.54,195.55838012695312,-169.07130432128906,-60.05369567871094,196.6009569886372,-169.34497791664324,-60.06101334934648,1.0779226770119537,0.35137132112668035,0.05924147683775491,3.559792732159094e-05,8.872478829730879,14.872875089973505,nan,1.0375832478632594,nan
414.55,195.5496826171875,-169.0728759765625,-60.05497360229492,196.61653219752523,-169.35741250992527,-60.06249232340717,1.1041673772812066,0.35130288119937547,0.059235314933718704,3.628521041113799e-05,8.987592258885737,15.210590474827615,5.543496676145022,nan,nan
414.56,195.5409698486328,-169.0744171142578,-60.05622863769531,196.60779654976508,-169.35899705462634,-60.065939838141965,1.1041735643108994,0.35135414341274945,0.05925451047413398,3.554650859074688e-05,10.06273462354235,15.913747302558303,nan,2.8458806845568603,nan
414.57,195.5322723388672,-169.075927734375,-60.057456970214844,196.59907624050098,-169.36053841860388,-60.06734389076892,1.1041610196508258,0.35140549252871744,0.05927377134524472,3.6254959487790864e-05,10.085531459156014,16.218309675913858,nan,nan,nan
414.58,195.5235595703125,-169.07740783691406,-60.05866241455078,196.59037207459093,-169.36203633217195,-60.066451827954715,1.104157133092372,0.3514569285372022,0.059293097588965386,3.551840306372855e-05,9.07776428669404,14.887467257169478,nan,3.538648189327522,nan
414.59000000000003,195.51486206054688,-169.078857421875,-60.059844970703125,196.58165189809023,-169.36351743535033,-60.06778660207398,1.1041444426642657,0.3515084517281175,0.05931248944698527,3.622667708641712e-05,9.0902520596023,15.116652710524953,nan,nan,nan
414.6,195.50616455078125,-169.0802764892578,-60.06100082397461,196.54276316215538,-169.35273952322268,-60.07009966802217,1.0718468057251096,0.3514399389201523,0.05930628680319829,3.547084568985672e-05,9.514629857762955,15.950048218075494,8.10530366429618,0.5850930128235614,nan
414.61,195.49745178222656,-169.08168029785156,-60.062137603759766,196.53399397883197,-169.35414234968425,-60.07140007239078,1.0717933981685037,0.35149123779910674,0.05932568627935283,3.6178109668669015e-05,9.532919336925486,15.143458816820766,nan,nan,nan
414.62,195.48875427246094,-169.08303833007812,-60.06324768066406,196.52523152162962,-169.35551165553707,-60.071642557264624,1.071726306052099,0.35154262349765936,0.059345151332569436,3.544639081736928e-05,9.129141125471367,15.634708711350704,nan,0.7384568909685496,nan
414.63,195.48004150390625,-169.08438110351562,-60.06433868408203,196.51646281882745,-169.35685898611254,-60.07288931674114,1.0716746016615106,0.3515940962733145,0.05936468218487685,3.615356797831853e-05,9.143969867063769,14.907371826628662,nan,nan,nan
414.64,195.47134399414062,-169.085693359375,-60.065406799316406,196.50769904786281,-169.35817542771804,-60.07328359140606,1.0716064197258461,0.35164565616457805,0.05938427890753703,3.5423668618553254e-05,8.853276449452968,15.018100505888029,nan,0.4765181683329508,nan
414.65000000000003,195.46263122558594,-169.08697509765625,-60.06645202636719,196.51796266233185,-169.37407123141386,-60.07452622214731,1.0937156047347347,0.35157707053848897,0.05937803149971107,3.610867619318541e-05,8.60450467198931,14.949984315446535,8.707883389367586,nan,nan
414.66,195.4539337158203,-169.08824157714844,-60.06747817993164,196.50921726287262,-169.37538231144634,-60.076508375108524,1.0936885801714231,0.35162840589022337,0.0593976350185541,3.538136783044404e-05,9.084699746259371,15.281307852849128,nan,0.44669554296864544,nan
414.67,195.44522094726562,-169.0894775390625,-60.068485260009766,196.50047625795364,-169.37666438490766,-60.07767450525767,1.0936747676480272,0.35167982821590205,0.05941730451914646,3.608760651423353e-05,9.101026376852568,15.135436327301976,nan,nan,nan
414.68,195.4365234375,-169.09068298339844,-60.0694694519043,196.49174282565824,-169.37791512309616,-60.07731779131812,1.0936415572078115,0.3517313375796699,0.05943704008876937,3.536192156445787e-05,8.483462570094316,15.019074836761257,nan,1.5628417098104312,nan
414.69,195.4278106689453,-169.0918731689453,-60.0704345703125,196.48300165013313,-169.37914798855755,-60.07843058903401,1.093626428484038,0.35178293420062096,0.05945684192553655,3.60681819753558e-05,8.495719890738297,14.460594688336545,nan,nan,nan
414.7,195.4191131591797,-169.09303283691406,-60.071380615234375,196.48881414701017,-169.38520739271019,-60.07616977073639,1.108895446122223,0.35171427559440527,0.05945054556800525,3.532282615142793e-05,7.500238367977005,13.751423907827979,1.9483947622907039,8.11094874172329,nan
414.71000000000004,195.410400390625,-169.0941619873047,-60.07231140136719,196.48009717875618,-169.3863986525571,-60.07721354668536,1.1089082550349838,0.35176564743441174,0.059470353353379926,3.602826621360815e-05,7.498953510789599,13.621953945633955,nan,nan,nan
414.72,195.40170288085938,-169.0952911376953,-60.073219299316406,196.4400163644369,-169.35810938989425,-60.08110783741646,1.0710884897622406,0.3472511589242847,0.05545628204419306,3.530536323838374e-05,10.685558432699379,16.47275869620183,nan,5.646949670981333,0.21526808804832054
414.73,195.3929901123047,-169.09637451171875,-60.0741081237793,196.43130759029498,-169.35922630217908,-60.08214492870541,1.0711016940896598,0.34730514123544165,0.055468343543539037,3.601086866191644e-05,10.688800330407167,16.969970494957156,nan,nan,nan
414.74,195.38429260253906,-169.09744262695312,-60.074981689453125,196.422617438135,-169.3603411595799,-60.0834930001987,1.071123963452997,0.34735920553337263,0.055480458612218064,3.529041450934171e-05,10.920185200313302,17.1535034528669,nan,0.07469663178748984,nan
414.75,195.37557983398438,-169.09849548339844,-60.07583999633789,196.41352776446865,-169.3655010272098,-60.08442124644879,1.0717749319125103,0.34728656695696086,0.05547413367172494,3.597400900266947e-05,10.555358005713689,16.614532933059834,3.4315651992279195,nan,nan
414.76,195.36688232421875,-169.0995330810547,-60.07667541503906,196.4047577796522,-169.36650764507857,-60.084281306579804,1.0716896604955348,0.3473403963733942,0.05548628716088019,3.525567256573632e-05,10.122495809583674,16.413458123086063,nan,0.8861911121931425,nan
414.77,195.35816955566406,-169.1005401611328,-60.07749938964844,196.3960507589464,-169.3675606944812,-60.08524300588686,1.071707665806712,0.3473943167008659,0.05549850474248545,3.596056381087372e-05,10.12223191694893,16.32838287453105,nan,nan,nan
414.78000000000003,195.34947204589844,-169.10153198242188,-60.078304290771484,196.38736410945984,-169.36861497053357,-60.086556141845385,1.0717375383873429,0.34744831918108715,0.0555107765727928,3.5243404696463984e-05,10.359882587272905,16.724147733041576,nan,0.09371012420455233,nan
414.79,195.34075927734375,-169.1024932861328,-60.07909393310547,196.3786571863419,-169.36962802891054,-60.087490810927775,1.071757224309144,0.34750241273305466,0.05552311258520585,3.594846375076212e-05,10.36201031447928,16.803278228621018,nan,nan,nan
414.8,195.33206176757812,-169.10345458984375,-60.07986831665039,196.3526409206979,-169.37135399651902,-60.0884273743531,1.0551896309897972,0.34742968586938705,0.05551688642703948,3.6644949593232636e-05,9.717644594787501,16.521963737298634,8.96100810752013,nan,nan
414.81,195.32334899902344,-169.10438537597656,-60.08062744140625,196.34391018977627,-169.37235524077127,-60.08933296433511,1.0551913469311582,0.34748354411262655,0.05552926022754558,3.73778576409587e-05,9.719523061688768,16.63417490964951,nan,nan,nan
414.82,195.3146514892578,-169.10528564453125,-60.08136749267578,196.33517945527223,-169.3733377635235,-60.09022419213068,1.0551813631025622,0.3475374888084562,0.05554169343542151,3.81253486792288e-05,9.72156588353343,17.42736824004774,nan,nan,nan
414.83,195.30593872070312,-169.10618591308594,-60.082096099853516,196.32644853177865,-169.37430203485593,-60.09110143615779,1.0551813234398828,0.34759152010137623,0.05555418619516748,3.888756720824294e-05,9.72363128379942,16.424814131155415,nan,nan,nan
414.84000000000003,195.29722595214844,-169.1070556640625,-60.08280944824219,196.3177698074956,-169.37530289985878,-60.09295686159543,1.055257935386877,0.3476456334557555,0.05556673360305404,3.799035290066931e-05,10.321958119319284,17.46654402101729,nan,0.5876243130531631,nan
414.85,195.2885284423828,-169.10792541503906,-60.08351135253906,196.32172079742494,-169.38206627884333,-60.09377513953725,1.0689925168346124,0.3475728187302648,0.05556060205320069,3.872372811369159e-05,10.32581612277669,17.023862471114583,1.8872540095625325,nan,nan
414.86,195.27981567382812,-169.1087646484375,-60.084197998046875,196.31306243488245,-169.38304349284599,-60.095609480109026,1.0690921268263884,0.3476266966551219,0.05557318703910474,3.7835964859612054e-05,11.021051999812062,17.957019316254495,nan,0.5886412962466783,nan
414.87,195.2711181640625,-169.10958862304688,-60.084869384765625,196.304352363188,-169.38395071164473,-60.096452089357605,1.069103187231223,0.3476806655982673,0.05558583661704928,3.859062891390355e-05,11.029390701223493,18.190380740312612,nan,nan,nan
414.88,195.2624053955078,-169.1103973388672,-60.08552551269531,196.29560113804143,-169.38479936207943,-60.09648272661538,1.0690696765269632,0.34773471686632146,0.055598541584444654,3.771084831092202e-05,10.71097181716308,17.61128750571172,nan,0.38742377554574553,nan
414.89,195.25369262695312,-169.11119079589844,-60.08617401123047,196.28689069913975,-169.38567378713267,-60.09729230156383,1.069094376202112,0.347788859266813,0.05561131120101463,3.8462502917372805e-05,10.715703522967452,17.41442018223519,nan,nan,nan
414.90000000000003,195.2449951171875,-169.11196899414062,-60.0868034362793,196.3157274113583,-169.39597147503895,-60.09486628501834,1.1077861095294734,0.347715952936875,0.05560526569389383,3.75665907237151e-05,9.804266668512645,16.271255966260146,12.262601829721877,6.011064099323378,nan
414.91,195.2362823486328,-169.11273193359375,-60.087425231933594,196.30707584732875,-169.3968130088723,-60.095619128618544,1.1078663791828782,0.34776985943487765,0.05561807215691557,3.831445822872278e-05,9.80122745733021,15.904259028080864,nan,nan,nan
414.92,195.22756958007812,-169.1134796142578,-60.08803176879883,196.29829332872882,-169.3975064484849,-60.09372283153074,1.1077693698061317,0.34782384850196796,0.05563093470930629,3.745094530201083e-05,8.888953334061256,15.05579626275799,nan,4.27793353670739,nan
414.93,195.2188720703125,-169.1142120361328,-60.088626861572266,196.28964151134144,-169.39831731538322,-60.09442690477571,1.1078342141496407,0.3478779282828819,0.05564386171483624,3.819615745769825e-05,8.879705199506674,15.257312271047928,nan,nan,nan
414.94,195.2101593017578,-169.1149139404297,-60.089210510253906,196.28107340157771,-169.3991979450436,-60.0968388533204,1.108030954482018,0.347932091082421,0.05565684530507554,3.7339807426227023e-05,9.5317336353238,16.244607167756417,nan,1.8277694559502302,nan
414.95,195.20144653320312,-169.11563110351562,-60.08978271484375,196.2676165330214,-169.39745919358845,-60.09751587596039,1.102817003245526,0.34785910189755576,0.055650890196237965,3.8058134163043644e-05,9.551855859848523,15.157771796820919,0.3589567954834978,nan,nan
414.96000000000004,195.1927490234375,-169.11631774902344,-60.0903434753418,196.2588968292298,-169.3981613180376,-60.09697293719427,1.10279231542246,0.3479130286513801,0.05566391033546688,3.720977617429702e-05,9.136575160267537,15.504017422445228,nan,0.9443908368185433,nan
414.97,195.1840362548828,-169.1169891357422,-60.09089279174805,196.25023596281838,-169.3989085577463,-60.09763863807394,1.102862586248927,0.34796704571808595,0.055676994763091764,3.7949214961166006e-05,9.130023095111618,15.33425051803824,nan,nan,nan
414.98,195.17532348632812,-169.11764526367188,-60.0914306640625,196.2414748072709,-169.39954217679013,-60.096163551058716,1.102799577889349,0.3480211460197414,0.05569013642005633,3.7107504204991536e-05,8.509972061823873,14.778933526078596,nan,2.845081407031195,nan
414.99,195.1666259765625,-169.11830139160156,-60.091957092285156,196.2328137775664,-169.4002621892487,-60.096788568227794,1.1028516045140178,0.3480753367717025,0.055703342464700746,3.78447552165734e-05,8.499121209874382,14.560646369204813,nan,nan,nan
415.0,195.1579132080078,-169.11892700195312,-60.09247589111328,196.25118269050805,-169.41012378735752,-60.09768561026172,1.1313977507356934,0.34800225760054143,0.05569746574182321,3.69864678925601e-05,8.864286298060785,15.1140746538535,6.231928299582746,0.09322231598122886,nan
415.01,195.14920043945312,-169.1195526123047,-60.09298324584961,196.24256510258044,-169.41082825648795,-60.098293305208145,1.1315104878878834,0.34805621186024605,0.055710707599082546,3.7720747125873556e-05,8.85459483340024,14.688016599897246,nan,nan,nan
415.02,195.14048767089844,-169.1201629638672,-60.09347915649414,196.23392640019267,-169.4114995382494,-60.0984275642766,1.1315961033128945,0.34811024955322095,0.05572400729443815,3.689263998847114e-05,8.747317596934375,14.719689750380466,nan,0.136675252764192,nan
415.03000000000003,195.1317901611328,-169.12075805664062,-60.09396743774414,196.22530867065285,-169.41217930602113,-60.09901275681139,1.131695423025962,0.3481643773215457,0.05573737125705821,3.762501849812925e-05,8.73601146670281,14.954730908512252,nan,nan,nan
415.04,195.12307739257812,-169.12135314941406,-60.094444274902344,196.21671504373649,-169.41287089410002,-60.10013532208594,1.131838458224499,0.3482185889504267,0.055750793514582286,3.680282687540049e-05,8.916820406945202,14.594778837953717,nan,0.18999643959769905,nan
415.05,195.11436462402344,-169.12191772460938,-60.09490966796875,196.19735464121166,-169.40689840824692,-60.100610230402005,1.119872253334247,0.34814542699449597,0.05574499740021008,3.750982857463973e-05,8.999808199183617,15.091466552632639,2.853442439021032,nan,nan
415.06,195.10565185546875,-169.12258911132812,-60.0954704284668,196.18870223354153,-169.40756207759043,-60.100883243271525,1.1199272349166465,0.34819940197034804,0.05575845508240195,3.669434075594313e-05,8.912630456701692,14.486079140261918,nan,0.07468506118569258,nan
415.07,195.09695434570312,-169.12335205078125,-60.096126556396484,196.18006468916087,-169.4083320308485,-60.101588258909196,1.1199872478464323,0.3482534666629695,0.05577197693759278,3.742238441790552e-05,8.891546887879343,14.603708139509324,nan,nan,nan
415.08,195.08824157714844,-169.1241912841797,-60.09687042236328,196.1713290096714,-169.40909806810527,-60.10009911568531,1.1199378047358652,0.3483076153885906,0.055785557648691725,3.6612355805042114e-05,8.358955467488268,14.454535344429859,nan,3.3700523455955356,nan
415.09000000000003,195.07952880859375,-169.12513732910156,-60.09770584106445,196.16269126061027,-169.41004831867,-60.100967120423356,1.1200115201989518,0.34836185399000125,0.05579920266817437,3.7338874080714086e-05,8.34017813895544,13.844889783781998,nan,nan,nan
415.1,195.07081604003906,-169.12615966796875,-60.0986328125,196.1474733765266,-169.4126080689848,-60.10265871326599,1.1141184472640482,0.3482886035559463,0.055793476865159335,3.651173843872814e-05,8.172712515816912,14.373529682620333,2.0843568586224617,0.37602459093311513,nan
415.11,195.06210327148438,-169.1272735595703,-60.099647521972656,196.1388269471155,-169.41374984982122,-60.10371460350523,1.1141898759604174,0.3483426050826227,0.055807156562683424,3.723593775657966e-05,8.153486301059877,14.246788179341841,nan,nan,nan
415.12,195.05340576171875,-169.1284637451172,-60.100746154785156,196.13021415294608,-169.41501058090626,-60.10567896703121,1.1142933784039888,0.3483966907980747,0.05582089564600766,3.643716169154983e-05,8.356387155938535,15.118191528774098,nan,0.4367311071184698,nan
415.13,195.04469299316406,-169.1297607421875,-60.10193634033203,196.12156754827723,-169.41632501451096,-60.10692001392697,1.1143620267332115,0.34845086605470726,0.055834698980723255,3.716006524988123e-05,8.338256659319015,14.039097886085809,nan,nan,nan
415.14,195.03598022460938,-169.13111877441406,-60.10321044921875,196.11297173925047,-169.4177723202147,-60.109506583180966,1.1145046519561375,0.34850512590687827,0.05584856212509721,3.6366102518939475e-05,8.739705271205418,15.29319982476638,nan,1.0342219235982149,nan
415.15000000000003,195.0272674560547,-169.13258361816406,-60.10456848144531,196.11409477115586,-169.41107520412515,-60.110821829127374,1.1219582348101849,0.34843179286450016,0.055842907118800376,3.706477584810786e-05,9.593226146911508,14.37672478509676,17.778013861860046,nan,nan
415.16,195.0185546875,-169.1341094970703,-60.10601043701172,196.10547892932982,-169.41261092203027,-60.112856207619444,1.1220580269118297,0.34848581546523766,0.05585680447029202,3.627639042630855e-05,9.810481462288205,15.251038889251387,nan,0.18086107754931238,nan
415.17,195.00985717773438,-169.13572692871094,-60.1075325012207,196.09684268184583,-169.41420920099011,-60.11445491242382,1.1221130878387744,0.3485399272875677,0.0558707660378778,3.699610497423586e-05,9.794510585704254,15.188682982783021,nan,nan,nan
415.18,195.0011444091797,-169.13743591308594,-60.10913848876953,196.0881876162781,-169.41587061421737,-60.115640132806334,1.1221546632564268,0.3485941238373994,0.05588478790381936,3.6212133561998665e-05,9.64855374791572,14.459170787152843,nan,0.162457182423192,nan
415.19,194.992431640625,-169.1392059326172,-60.11082458496094,196.0795520664942,-169.4176299205746,-60.1173992207376,1.1222272333390007,0.34864840978767964,0.055898874152066354,3.693084891714523e-05,9.632363535793392,15.033156262443507,nan,nan,nan
415.2,194.9837188720703,-169.1410675048828,-60.11259078979492,196.0441397120254,-169.41249672200556,-60.11907556320556,1.0946269821291326,0.34857498967380335,0.05589328101836967,3.6129202223787756e-05,9.21863120070961,14.471935518956332,6.379226545899176,0.0014259079483858693,nan
415.21000000000004,194.9750213623047,-169.1429901123047,-60.114437103271484,196.035462061848,-169.41441249931358,-60.12099333555385,1.0946449532150804,0.34862903797412026,0.055907400712408496,3.684611357321401e-05,9.200906344603103,15.190991147088637,nan,nan,nan
415.22,194.96630859375,-169.14500427246094,-60.116336822509766,196.0267421194287,-169.41636638791843,-60.12183079659538,1.094617213385645,0.34868317111861974,0.05592158116655799,3.607134119653127e-05,8.85232109775138,14.238700759372353,nan,0.8771237760322834,nan
415.23,194.9575958251953,-169.1470947265625,-60.118247985839844,196.018065019727,-169.41843551824493,-60.12384048256972,1.0946469813603006,0.3487373933658613,0.055935825998822755,3.6787434224474206e-05,8.847054145030624,14.164283216918102,nan,nan,nan
415.24,194.9488983154297,-169.14926147460938,-60.12014389038086,196.00930399350094,-169.42050298716978,-60.123510804365864,1.0945517330540318,0.34879170084531663,0.055950131987014505,3.601651198016615e-05,8.292597655118412,13.80005399012348,nan,3.640364588967654,nan
415.25,194.940185546875,-169.1514892578125,-60.12201690673828,196.00235336926394,-169.42841521850843,-60.125375230604206,1.0976792559600568,0.3487181983972784,0.05594459981321186,3.670923109329382e-05,7.950535928592976,13.919254929930911,3.7867329245277785,nan,nan
415.26,194.9314727783203,-169.15380859375,-60.12385559082031,195.99368767273225,-169.43073638954024,-60.12744467482788,1.0977259983783838,0.3487722680358214,0.055958938700081125,3.5942910839167574e-05,7.983506007757438,13.438617191385447,nan,0.011887329810538189,nan
415.27,194.9227752685547,-169.15618896484375,-60.12565994262695,195.9850175928188,-169.43312625141226,-60.12935070195765,1.097755272296323,0.3488264264930242,0.05597334197865892,3.66567127351549e-05,7.977338969352601,14.035679705982403,nan,nan,nan
415.28000000000003,194.9140625,-169.15863037109375,-60.12743377685547,195.97630442925208,-169.43554918763863,-60.12996377987136,1.0977469417552759,0.34888067027743586,0.055987806839508714,3.589389715698755e-05,7.76451462451641,13.859906907257532,nan,1.064952934844685,nan
415.29,194.90536499023438,-169.1611328125,-60.12916946411133,195.96763518955436,-169.43806687324405,-60.13179114671916,1.0977783581320972,0.3489350030773857,0.056002336284443975,3.660711068198912e-05,7.7543600912817485,13.454310578120001,nan,nan,nan
415.3,194.8966522216797,-169.1636199951172,-60.1308708190918,195.96683599430585,-169.43974078322327,-60.13385727450804,1.105235230949797,0.34886141487167777,0.05599685723026209,3.582604856189035e-05,8.113226241550876,13.598915513965448,1.7497441483995229,0.05511287632136114,nan
415.31,194.88795471191406,-169.16607666015625,-60.13254165649414,195.95817875133432,-169.4422470367141,-60.13562081085964,1.1052868644079288,0.3489155094536451,0.05601141879418566,3.653785711413495e-05,8.101339469866009,13.818398338458252,nan,nan,nan
415.32,194.87924194335938,-169.1685028076172,-60.13417434692383,195.9494706883943,-169.44467539927507,-60.135792134573705,1.105288869173562,0.3489696894439547,0.056026042343478154,3.5782466223609846e-05,7.893299515021643,13.28999237858181,nan,1.6423565740366095,nan
415.33,194.87054443359375,-169.17088317871094,-60.135780334472656,195.94081418522867,-169.44710862494114,-60.137476172269665,1.105341899267186,0.34902395818545895,0.05604073051610259,3.649382632127802e-05,7.876533685585348,13.424616880035517,nan,nan,nan
415.34000000000003,194.86184692382812,-169.1732177734375,-60.137351989746094,195.93215955109105,-169.4494997539058,-60.13918140257065,1.1053977562675013,0.3490783127064374,0.056055481046234076,3.574145346404096e-05,7.868894329123358,13.518690084114587,nan,0.0018607068194804598,nan
415.35,194.85313415527344,-169.17552185058594,-60.13888931274414,195.96357650739893,-169.46389835916182,-60.140771957420036,1.147277983944335,0.34900464252960095,0.05605005309016015,3.643006512239965e-05,8.341904085277932,13.179164940009496,12.580559992238866,nan,nan
415.36,194.8444366455078,-169.17776489257812,-60.14039993286133,195.9550090565964,-169.46622794919114,-60.14312396516343,1.147427311708072,0.34905875862911906,0.05606483512217952,3.568145893648392e-05,8.43054224129594,13.81323300528318,nan,0.3919448748999678,nan
415.37,194.8357391357422,-169.17996215820312,-60.141876220703125,195.94641825365767,-169.46849215294475,-60.14469440522294,1.1475476473781383,0.3491129632276865,0.05607968183109263,3.639121789029056e-05,8.418822245113107,13.96421194750987,nan,nan,nan
415.38,194.8270263671875,-169.18212890625,-60.14332580566406,195.9378396823622,-169.47072249961423,-60.1466232478103,1.1476948010795434,0.34916725366734364,0.05609459127035078,3.5645334608066896e-05,8.485096889940607,13.37823090652786,nan,0.10193153516616987,nan
415.39,194.81832885742188,-169.18423461914062,-60.14474868774414,195.92924970096968,-169.47289936483276,-60.14814060770265,1.1478170416732227,0.3492216328191049,0.05610956560088657,3.635481938858164e-05,8.474432981257737,14.034586784443004,nan,nan,nan
415.40000000000003,194.80963134765625,-169.18630981445312,-60.146141052246094,195.943120195569,-169.48680508384578,-60.15065257217394,1.172652859580369,0.3491478781145849,0.05610418174397393,3.559014041110134e-05,8.664529806285033,14.197313812962616,7.74599240457258,0.9394642643455032,nan
415.41,194.80093383789062,-169.18833923339844,-60.14750289916992,195.93456915687545,-169.48892545117917,-60.1521238094261,1.172818171576975,0.3492020184875176,0.05611918677531621,3.629852288938997e-05,8.659725181264768,14.40720601515298,nan,nan,nan
415.42,194.79222106933594,-169.19033813476562,-60.148841857910156,195.92601223114588,-169.49100000802795,-60.1533590581252,1.1729877943651947,0.34925624475073525,0.056134254889889004,3.5558549177505745e-05,8.62536925792976,13.799838761660414,nan,0.02996390471947777,nan
415.43,194.7835235595703,-169.19229125976562,-60.15015411376953,195.91746160258796,-169.49303955391844,-60.15477574358402,1.1731523265546835,0.3493105594914777,0.056149387970097026,3.626676344357856e-05,8.619785060155039,14.115555554283187,nan,nan,nan
415.44,194.7748260498047,-169.19419860839844,-60.15143585205078,195.9088980556051,-169.49502866733224,-60.155695877766924,1.173301404805006,0.34936496047858867,0.05616458448590069,3.552909789591068e-05,8.520616467368184,14.364162191160073,nan,0.15218140149483703,nan
415.45,194.76612854003906,-169.19607543945312,-60.15269470214844,195.9223209587761,-169.49734723699615,-60.157089410309496,1.1948074818143941,0.34929112424581615,0.05615924184277847,3.62150077635221e-05,9.210630175561395,14.235069645034722,7.9646025890769065,nan,nan
415.46000000000004,194.75741577148438,-169.19790649414062,-60.1539306640625,195.91385302656226,-169.4992899398983,-60.16022698865538,1.1950810642011809,0.34934528623983796,0.056174468378013584,3.5480402119456805e-05,9.77452673153453,14.892371341043853,nan,2.2231616097081055,nan
415.47,194.74871826171875,-169.19970703125,-60.1551399230957,195.90533591868646,-169.50115484649362,-60.16155906676046,1.1952725191896694,0.3493995364875658,0.05618975996447002,3.618753316194417e-05,9.775707165517746,14.842511514031184,nan,nan,nan
415.48,194.74002075195312,-169.20147705078125,-60.15632247924805,195.89683334869972,-169.5029952500013,-60.16341476617503,1.1954827096141327,0.3494538730135207,0.056205115313752003,3.5454987047882755e-05,10.036085018696122,14.995911252514304,nan,0.20581357564007502,nan
415.49,194.7313232421875,-169.2032012939453,-60.15748596191406,195.8883161693415,-169.5047881492367,-60.164706110994665,1.1956752884130633,0.34950829802055877,0.05622053594692047,3.616207830583796e-05,10.038661164303853,15.209395959033309,nan,nan,nan
415.5,194.72262573242188,-169.20489501953125,-60.15862274169922,195.8759021336163,-169.49904136443004,-60.16547798857835,1.1902165870878603,0.3494343784152932,0.05621522815890617,3.541022698912065e-05,10.298408603847482,14.92481553063555,4.626311587828443,0.11999211304152635,nan
415.51,194.7139129638672,-169.20655822753906,-60.15974044799805,195.86737569381413,-169.50073675677262,-60.1667194453495,1.1904058059513554,0.34948856408979406,0.05623067798654118,3.611643962779315e-05,10.300793715035708,14.620587855953538,nan,nan,nan
415.52,194.70521545410156,-169.20819091796875,-60.160831451416016,195.85882861757347,-169.50238214688937,-60.16711445849138,1.1905508331387564,0.34954283606340153,0.05624619188722099,3.5388526267634e-05,10.048405345156114,14.497374891365917,nan,0.4695746096193094,nan
415.53000000000003,194.69651794433594,-169.2097930908203,-60.161903381347656,195.8503023251703,-169.50401134408958,-60.168304883969775,1.190724047481187,0.34959719630966735,0.05626177117383908,3.6094777371402374e-05,10.049140044989965,14.371736380652642,nan,nan,nan
415.54,194.6878204345703,-169.2113494873047,-60.1629524230957,195.84180157691736,-169.50562863946445,-60.17052584801036,1.190936628479201,0.3496516431979177,0.056277414869590155,3.536857494849465e-05,10.515561021714682,15.277951866731524,nan,0.7638005349296747,nan
415.55,194.6791229248047,-169.212890625,-60.16398239135742,195.78609616668874,-169.48119474130053,-60.17171219466418,1.1390507481803647,0.34957764257800034,0.05627213839280298,3.60528253155286e-05,10.787521605445857,14.428776174547528,32.24458233224451,nan,nan
415.56,194.67041015625,-169.21438598632812,-60.16498947143555,195.7774773042127,-169.4826577698144,-60.17237579454183,1.1391321159910424,0.3496318499104148,0.05628781054264024,3.532909294162985e-05,10.655027436577859,14.5793347595645,nan,0.1577159071507883,nan
415.57,194.66171264648438,-169.21585083007812,-60.16598129272461,195.768869591884,-169.48409933759172,-60.17349241076033,1.139214720947741,0.34968614531639625,0.056303548188955034,3.6034638530001755e-05,10.656423340524794,14.644388066297992,nan,nan,nan
415.58,194.65301513671875,-169.21730041503906,-60.16695022583008,195.76027535469547,-169.48552187486922,-60.175186782610226,1.1393137332161225,0.34974052737006506,0.056319350533070446,3.531241089398546e-05,10.993057149401167,14.677605581170251,nan,0.24697219637742052,nan
415.59000000000003,194.64431762695312,-169.21871948242188,-60.16789627075195,195.7516673603464,-169.48690478664722,-60.1762716801964,1.1393932319142344,0.349794997737167,0.05633521862127914,3.601808625287423e-05,11.000498485974182,14.809504041533632,nan,nan,nan
415.6,194.6356201171875,-169.2200927734375,-60.168827056884766,195.7220267725629,-169.48091237982368,-60.178860003723955,1.1173213270772693,0.34972091483414686,0.05632996757315139,3.527609494486835e-05,11.720271627353664,15.966255004077064,3.6025314938127866,1.644331166633645,nan
415.61,194.6269073486328,-169.22145080566406,-60.16973876953125,195.71338416400877,-169.4822288893704,-60.1799236998294,1.1173812295256307,0.3497751453221061,0.05634586326458424,3.5981051712765865e-05,11.730894572658103,15.46241954895976,nan,nan,nan
415.62,194.6182098388672,-169.22279357910156,-60.17063522338867,195.70472931853527,-169.48350909017586,-60.1804134614771,1.1174044797444875,0.3498294624538918,0.05636182392808689,3.526239659938229e-05,11.540916395443851,15.090641920154493,nan,0.21535159927793973,nan
415.63,194.60951232910156,-169.22409057617188,-60.1715087890625,195.69608635087954,-169.48477140409088,-60.18143728874148,1.1174507478869844,0.34988386771327973,0.056377850458848175,3.596753919225225e-05,11.550338595131123,15.698007428358263,nan,nan,nan
415.64,194.60081481933594,-169.22537231445312,-60.172367095947266,195.6874590886529,-169.486019039595,-60.183202013826595,1.1175195205507726,0.349938359947969,0.056393942284602636,3.525010027372779e-05,12.12109815183036,15.934191768679707,nan,0.3992186705320563,nan
415.65000000000003,194.59210205078125,-169.22662353515625,-60.17321014404297,195.6438041434903,-169.47215559186063,-60.18418936926873,1.080038807666032,0.34986419660554974,0.056388712632720835,3.593343935802678e-05,12.040654591587705,15.826488566701375,11.78804150692645,nan,nan
415.66,194.58340454101562,-169.2278594970703,-60.174034118652344,195.63505195332283,-169.4732755970158,-60.18267727575993,1.079937982520144,0.3499184487304699,0.05640483126716673,3.521798574896913e-05,10.788515096787796,14.601551873271877,nan,4.3383930405227495,nan
415.67,194.57470703125,-169.2290496826172,-60.174842834472656,195.62635014679046,-169.47440753725385,-60.18361919644595,1.0799216378168526,0.3499727888051052,0.05642101589811005,3.592268839108677e-05,10.79141023784231,15.103248084252918,nan,nan,nan
415.68,194.56600952148438,-169.23023986816406,-60.175636291503906,195.61764418082294,-169.47551225583405,-60.1843318734588,1.0798933345571684,0.3500272158381024,0.05643726608039313,3.520828297192833e-05,10.77646851951369,14.471353198853485,nan,0.031929231635538,nan
415.69,194.5572967529297,-169.2313995361328,-60.17641067504883,195.60894238483684,-169.47659629242077,-60.18524135586444,1.0798879410972182,0.35008173107139096,0.056453582518786086,3.591323329851994e-05,10.781953026834296,14.489376692834625,nan,nan,nan
415.7,194.54859924316406,-169.23252868652344,-60.17717361450195,195.60918415637198,-169.4758420807429,-60.18617474785278,1.0881740606779964,0.35000748647823976,0.05644836872529396,3.517866311248048e-05,11.331122215888747,15.01295451904274,2.7733858936551425,0.011187744076997784,nan
415.71000000000004,194.53990173339844,-169.233642578125,-60.17791748046875,195.60049478277196,-169.47686372286358,-60.187054736774655,1.088162502147623,0.35006176129284894,0.05646471109404839,3.5883004608115656e-05,11.336307666273818,14.913061417140831,nan,nan,nan
415.72,194.53118896484375,-169.23472595214844,-60.17864990234375,195.59185912094938,-169.477745987537,-60.18985790812967,1.0882120827518376,0.35009560665672795,0.05525538067647793,3.5170215358161856e-05,14.997534266006351,18.487059260878045,nan,2.6231999959118344,1.629427870488356e-05
415.73,194.52249145507812,-169.2357940673828,-60.17936325073242,195.58316986146954,-169.4787229582299,-60.190729426489895,1.0882014141438068,0.35014984698039275,0.05526758690471687,3.5874818328349266e-05,15.00149063786221,18.638711279263774,nan,nan,nan
415.74,194.5137939453125,-169.23683166503906,-60.1800651550293,195.5744800523099,-169.47967661854815,-60.19154797726318,1.0881914097384595,0.3502041736828405,0.05527984921215775,3.5163995025572796e-05,15.123795628664347,18.92430773794283,nan,0.0010954374586989286,nan
415.75,194.5050811767578,-169.23785400390625,-60.180755615234375,195.54563088194035,-169.4742167590944,-60.19247475553322,1.0671215391158346,0.3501305048168066,0.0552734921331054,3.584691482436422e-05,14.944553090004899,18.597467853431233,3.4762280181221694,nan,nan
415.76,194.4963836669922,-169.23886108398438,-60.181427001953125,195.5368680745392,-169.47498728471413,-60.19012548123053,1.0669765923211558,0.350184594183552,0.055285792006284216,3.513768349475329e-05,13.2412632363423,17.106376429686335,nan,7.095342201919447,nan
415.77,194.48768615722656,-169.23985290527344,-60.18208694458008,195.528146454741,-169.4758750341527,-60.190914646192304,1.0669311150867677,0.3502387701959958,0.05529815355138772,3.58420269041926e-05,13.237275189145674,16.963355220793403,nan,nan,nan
415.78000000000003,194.47897338867188,-169.24081420898438,-60.182735443115234,195.51942252407093,-169.4767358123841,-60.191517450342985,1.066897619246709,0.3502930325415018,0.055310571719293114,3.513347299689663e-05,13.232986611985156,16.947838471064486,nan,0.021187186228500087,nan
415.79,194.47027587890625,-169.24176025390625,-60.183372497558594,195.51070056355417,-169.4775845265473,-60.19228027861615,1.0668532985161403,0.3503473818006379,0.05532305171365673,3.5838143017753095e-05,13.22643292165103,17.066988979102792,nan,nan,nan
415.8,194.46157836914062,-169.24267578125,-60.18399429321289,195.5230011598714,-169.47998948590353,-60.19406932772782,1.087675338241869,0.35027363320272314,0.05531678875754702,3.5109081437267065e-05,14.662702876488472,18.1979452648863,8.599694110364624,0.9539730378407288,nan
415.81,194.45286560058594,-169.24359130859375,-60.184600830078125,195.5143091966256,-169.4807805744072,-60.194818031690886,1.0876698242571148,0.3503277448299137,0.055329305745637374,3.581321481894416e-05,14.663456998231233,17.641594389838183,nan,nan,nan
415.82,194.4441680908203,-169.24447631835938,-60.18519973754883,195.50560416152362,-169.48150849014144,-60.19442966050748,1.0876194068366114,0.35038194273901424,0.05534187987659889,3.510666953522329e-05,14.150356856586312,17.54342514917388,nan,0.8896390914939709,nan
415.83,194.43545532226562,-169.24534606933594,-60.18578338623047,195.49691168820937,-169.48226355326454,-60.19514501067064,1.0876153506666377,0.35043622744043146,0.05535451583269848,3.5811154845303355e-05,14.147081476866056,17.335337988832276,nan,nan,nan
415.84000000000003,194.4267578125,-169.24620056152344,-60.18635940551758,195.4882150314539,-169.48298649796456,-60.195474376643794,1.0875854403513725,0.35049059872988236,0.05536720934155754,3.510509939276226e-05,14.042127081593485,17.332627540158537,nan,0.0987327154616355,nan
415.85,194.41806030273438,-169.24703979492188,-60.186920166015625,195.4655911973398,-169.48223686787978,-60.19609769683412,1.0736493214046716,0.3504167711505447,0.05536104114296489,3.578796356560743e-05,13.562633116082296,17.20434186255777,3.1248178235020476,nan,nan
415.86,194.4093475341797,-169.24786376953125,-60.18747329711914,195.4568810692586,-169.48296360576524,-60.1971130078854,1.0736346511434076,0.35047090454577867,0.05537377131362009,3.508319001898509e-05,13.833936641722683,17.168480649464897,nan,0.07981134399515386,nan
415.87,194.40065002441406,-169.24867248535156,-60.188011169433594,195.44816721505927,-169.4836611917576,-60.19778474564869,1.0735955847653444,0.3505251246158964,0.05538656332333231,3.5787526317021095e-05,13.830037236874176,17.451934869625013,nan,nan,nan
415.88,194.39193725585938,-169.24945068359375,-60.188541412353516,195.439453095235,-169.48434253712261,-60.19844673424359,1.0735742787524214,0.35057943135279696,0.0553994152922223,3.650619558601556e-05,13.8234243886927,17.503998878792284,nan,nan,nan
415.89,194.38323974609375,-169.25022888183594,-60.18906021118164,195.43073878250158,-169.48500781991729,-60.19909895893582,1.0735344230616948,0.35063382490098055,0.05541232736479028,3.72393423261685e-05,13.817791512145753,17.3762151163214,nan,nan,nan
415.90000000000003,194.37452697753906,-169.25099182128906,-60.18956756591797,195.40799877011295,-169.4783399544823,-60.20027019800279,1.058237055694934,0.3505599183575084,0.05540624534907054,3.642593093600064e-05,14.353599807614073,17.716943351082072,3.117052146228192,0.2390376693649968,nan
415.91,194.36582946777344,-169.25172424316406,-60.190067291259766,195.39925965586008,-169.47895615138296,-60.200907706688426,1.058172863178912,0.35061407372381476,0.05541919348322584,3.715681480126552e-05,14.346234544457374,18.273262162549667,nan,nan,nan
415.92,194.35711669921875,-169.25245666503906,-60.190555572509766,195.3905092658362,-169.47951433609194,-60.200295675018666,1.058088017284485,0.35066831554772526,0.05543219998845675,3.637058917637318e-05,13.768699414633929,17.143226874808054,nan,1.0048173650804078,nan
415.93,194.34841918945312,-169.253173828125,-60.191036224365234,195.38176974387432,-169.4801008206841,-60.20090311258582,1.0580201244577803,0.3507226442179862,0.05544526868279078,3.710022142698254e-05,13.760436948088156,17.381071811318147,nan,nan,nan
415.94,194.33970642089844,-169.2538604736328,-60.191505432128906,195.37301227389955,-169.4806019867901,-60.199392486014794,1.0579200845310621,0.35077705964775824,0.055458396147601154,3.631730957900637e-05,12.824328931243883,16.5926239438512,nan,2.913757256599896,nan
415.95,194.33099365234375,-169.25454711914062,-60.19196319580078,195.37614702392807,-169.48303086571593,-60.199978339812795,1.069866643613443,0.3507030747587883,0.055452399935107886,3.7022296559239905e-05,13.169773542227269,16.379788093513984,1.6256328127767234,nan,nan
415.96000000000004,194.32229614257812,-169.2553253173828,-60.1925163269043,195.3674061741912,-169.48354470472947,-60.19825234911827,1.069753228034382,0.35075725174410816,0.05546556306578448,3.624357728410348e-05,12.323711031148244,15.755431633548893,nan,3.597883447790188,nan
415.97,194.31358337402344,-169.25619506835938,-60.19316101074219,195.35868409083906,-169.48422547448112,-60.19893642408885,1.0697040384161904,0.35081151546486516,0.055478788414236625,3.6970014632595706e-05,12.300274867052817,15.507229957979101,nan,nan,nan
415.98,194.3048858642578,-169.2571563720703,-60.19390106201172,195.34996357705307,-169.48500271246058,-60.19992523180862,1.0696437122857114,0.35086586587832436,0.055492072989986374,3.619440165793682e-05,12.382347964861415,15.742672968657875,nan,0.029522213503024544,nan
415.99,194.29617309570312,-169.25819396972656,-60.19472885131836,195.34124146750125,-169.4858619864912,-60.200796679723986,1.0695968615005742,0.35092030330519425,0.05550541997247468,3.691981046152711e-05,12.358060644519643,15.80199956959601,nan,nan,nan
416.0,194.28746032714844,-169.2593231201172,-60.195648193359375,195.33188818508512,-169.4829775695889,-60.202401473592914,1.068127553242879,0.3508462402073816,0.05549950184213418,3.6124895074968145e-05,12.966495698316045,16.11936316533923,1.953654949064711,0.27761968488051914,nan
416.01,194.2787628173828,-169.2605438232422,-60.1966552734375,195.32316300178198,-169.48399341093378,-60.203460452944164,1.0680579450014267,0.3509004389086165,0.05551288385160385,3.684843509489248e-05,12.942700742414985,16.25120405997796,nan,nan,nan
416.02,194.27005004882812,-169.2618408203125,-60.19774627685547,195.31442578352923,-169.4850426840691,-60.20284896168848,1.0679727452558887,0.3509547242319657,0.055526325521640205,3.607968679012398e-05,12.389232780919912,15.731906507382973,nan,2.054704911981782,nan
416.03000000000003,194.2613525390625,-169.2632293701172,-60.19892883300781,195.30570044443743,-169.4862287937045,-60.204067549574766,1.0679034117321853,0.35100909646240464,0.055539829652994005,3.680234067004212e-05,12.3667533466728,15.725761534955213,nan,nan,nan
416.04,194.2526397705078,-169.2646942138672,-60.2001953125,195.29696912481967,-169.48747227672857,-60.20445599745707,1.067835202175874,0.35106355561241975,0.05555339382038553,3.6036388631358254e-05,12.134586524911926,15.457158610338379,nan,0.5595765914620121,nan
416.05,194.24392700195312,-169.26625061035156,-60.20154571533203,195.31405512094736,-169.50011360783878,-60.20578997046416,1.0953922157645049,0.3509894148137204,0.055547552210745595,3.673517341498599e-05,12.15006767769482,15.114841928987806,6.802176726582424,nan,nan
416.06,194.2352294921875,-169.26788330078125,-60.202980041503906,195.30536792768078,-169.50154745472358,-60.20642637329473,1.0953570582966976,0.3510436349751011,0.05556115093464668,3.597286622099612e-05,11.971194040814341,15.268846955230535,nan,0.4604009750662764,nan
416.07,194.2265167236328,-169.26959228515625,-60.204498291015625,195.29668594809846,-169.50308517784495,-60.20796909452237,1.0953506956251584,0.351097941939544,0.055574812188982706,3.669303117807904e-05,11.950887231031189,15.12962483848802,nan,nan,nan
416.08,194.2178192138672,-169.27139282226562,-60.20609664916992,195.2880022961363,-169.5046937168921,-60.20925611839145,1.095322381426727,0.35115233574817756,0.055588533881866395,3.593332402233408e-05,11.882407583190432,15.055123517747838,nan,0.07685485687778897,nan
416.09000000000003,194.2091064453125,-169.27325439453125,-60.2077751159668,195.2793207784999,-169.5063905339528,-60.21096092488766,1.0953179117692904,0.3512068166417828,0.05560231831645187,3.665278800517146e-05,11.862497960393899,15.259132673342135,nan,nan,nan
416.1,194.20040893554688,-169.27520751953125,-60.209537506103516,195.28078520044215,-169.51524077334523,-60.21301352368943,1.1067253134287005,0.3511325983715286,0.05559654634758508,3.58736245577121e-05,11.693717038622415,15.01429246907165,2.970401599416371,0.034812041333125376,nan
416.11,194.1916961669922,-169.27723693847656,-60.21137619018555,195.2721225919265,-169.51711435705306,-60.21488315284557,1.1067405903943075,0.35118684000196915,0.05561036467431633,3.6591546353019645e-05,11.674879460109713,14.881623892641812,nan,nan,nan
416.12,194.18299865722656,-169.27932739257812,-60.21327209472656,195.26346224897333,-169.5190739366633,-60.217200365612655,1.1067499310156974,0.35124116839833025,0.05562424382174538,3.583767865962412e-05,11.749227637596432,15.535416900763165,nan,0.09636730964170231,nan
416.13,194.17428588867188,-169.28150939941406,-60.21517562866211,195.25480033740254,-169.5210994356647,-60.219177278090875,1.106765952035239,0.3512955837788163,0.05563818580118935,3.655501736263324e-05,11.738736754665322,14.974752210207232,nan,nan,nan
416.14,194.16558837890625,-169.2837677001953,-60.21706771850586,195.24613824297344,-169.52319646348573,-60.221033881259395,1.1067654999472105,0.3513500862194667,0.055652188956664114,3.58034593625035e-05,11.721658051120725,15.062257972494683,nan,0.009565580069100195,nan
416.15000000000003,194.15687561035156,-169.2860870361328,-60.21893310546875,195.2226445647816,-169.51492276957185,-60.222991734432206,1.090066846388124,0.3512757909123571,0.05564648413250954,3.649753866921139e-05,12.081890207606225,15.365366154492895,6.269422160093614,nan,nan
416.16,194.14817810058594,-169.28848266601562,-60.220767974853516,195.21395729841612,-169.5171386583581,-60.224941710241865,1.0900395779185095,0.35133005382740595,0.05566052064041176,3.574911873830303e-05,12.099230969076991,15.510337656286596,nan,0.00031547306666273163,nan
416.17,194.13946533203125,-169.29095458984375,-60.22256851196289,195.20527017959506,-169.5194261380265,-60.22683894298537,1.0900263565623787,0.35138440362721934,0.055674620082147,3.646454923909263e-05,12.094482401219741,15.216925717959636,nan,nan,nan
416.18,194.13076782226562,-169.29348754882812,-60.224334716796875,195.19657646966428,-169.52174619713495,-60.22697986163586,1.0899803118349547,0.3514388404053462,0.05568878105581807,3.5718258251571596e-05,11.771100446299224,15.324205646561268,nan,2.0115814933598366,nan
416.19,194.1220703125,-169.2960968017578,-60.22606658935547,195.18789011293507,-169.52417531449163,-60.22879338238709,1.08995371019624,0.35149336435296774,0.055703005193241624,3.643325619457797e-05,11.760735514586884,15.175913679711192,nan,nan,nan
416.2,194.1133575439453,-169.2987823486328,-60.22776412963867,195.17754532539465,-169.52673837304084,-60.23260766981715,1.0883395807979377,0.35141899229717055,0.05569736127096967,3.566730301541067e-05,12.148662195973714,15.247219847777318,0.14505643161603488,2.686604465586174,nan
416.21000000000004,194.1046600341797,-169.30152893066406,-60.229427337646484,195.16885755259128,-169.52930782839414,-60.234375650863385,1.0883124874080081,0.35147327645031284,0.05571161806849275,3.638102426480808e-05,12.145287125836385,15.63317809475491,nan,nan,nan
416.22,194.09596252441406,-169.30430603027344,-60.23106002807617,195.16017597037956,-169.53196575180837,-60.2378103133994,1.0883128106087225,0.35152764749772836,0.05572593673640333,3.563963044428509e-05,12.73006606413546,16.33877077068897,nan,1.9642179997010885,nan
416.23,194.08726501464844,-169.3070831298828,-60.23265838623047,195.1514891177966,-169.5346029777397,-60.239531062073254,1.0882947470991216,0.3515821056173618,0.055740318686790184,3.635301494779854e-05,12.728813164502778,16.169203385170906,nan,nan,nan
416.24,194.0785675048828,-169.30982971191406,-60.23422622680664,195.14279632885945,-169.53717723519193,-60.23908313198422,1.0882524870870622,0.3516366509232484,0.05575476284622213,3.561348456466203e-05,12.068978083192693,15.453577619044962,nan,3.113890302734895,nan
416.25,194.06985473632812,-169.31253051757812,-60.23575973510742,195.1033492731935,-169.53340681501427,-60.24083438375892,1.0568458016941675,0.3515622025086089,0.055749176605210775,3.630407964497622e-05,11.446664625086434,15.305302441497838,9.007512959041444,nan,nan
416.26,194.0611572265625,-169.315185546875,-60.237266540527344,195.09461542931655,-169.53594285894187,-60.242238071645936,1.056784918416362,0.35161650775890463,0.05576365282093332,3.556722866325877e-05,11.408036184098762,15.389131835189808,nan,0.029209895191833868,nan
416.27,194.05245971679688,-169.31777954101562,-60.238739013671875,195.0858826704656,-169.53843403319482,-60.24381715707729,1.0567294798711175,0.3516708999850057,0.05577819244662449,3.627917325596899e-05,11.39874504704404,15.724463781301482,nan,nan,nan
416.28000000000003,194.04376220703125,-169.32034301757812,-60.24018478393555,195.07714689041052,-169.54084870891077,-60.2439356532361,1.056655446573512,0.35172537931067827,0.055792794597649346,3.5544023018104306e-05,11.060348475735182,14.871677104397804,nan,1.4029725580742682,nan
416.29,194.03506469726562,-169.32284545898438,-60.24160385131836,195.0684152060189,-169.54323914502746,-60.24544394803206,1.0565989764953754,0.35177994589884465,0.05580746040390133,3.625575056740649e-05,11.04702230250194,15.051613796032136,nan,nan,nan
416.3,194.0263671875,-169.32528686523438,-60.24299240112305,195.0355554879076,-169.5373175227144,-60.24546844767973,1.0312245905706217,0.35170542144829176,0.05580192607076532,3.5500705435076573e-05,10.581283779653807,15.22787383300822,5.01847886432609,1.2661999512711244,nan
416.31,194.01766967773438,-169.32769775390625,-60.24435043334961,195.02678561269292,-169.53959837132834,-60.246906572167084,1.0311272354548555,0.3517597477168678,0.055816623210948914,3.621136778743658e-05,10.565416359165752,14.850220324156286,nan,nan,nan
416.32,194.00897216796875,-169.33004760742188,-60.24568557739258,195.01801614805146,-169.5418319098147,-60.24837676283042,1.0310332618108067,0.3518141609966771,0.05583138317790882,3.548026722177697e-05,10.564464349560618,15.065871527287385,nan,0.0023610198898063425,nan
416.33,194.00027465820312,-169.33236694335938,-60.24699401855469,195.00924676678702,-169.54401723080096,-60.24976302107285,1.030935607809369,0.3518686614438118,0.055846206940647236,3.619078895456638e-05,10.549034246871384,14.69425080514139,nan,nan,nan
416.34000000000003,193.9915771484375,-169.33462524414062,-60.24827194213867,195.00047874830818,-169.5461666156219,-60.25177293424849,1.0308464711175738,0.35192324919262613,0.055861093855257254,3.546115140417095e-05,10.658474900086432,15.245110240116276,nan,0.2895030386110157,nan
416.35,193.98287963867188,-169.33685302734375,-60.24953079223633,194.98683939331647,-169.5433740697177,-60.253210681775066,1.024987644548106,0.35184864907100544,0.05585560765986284,3.614923833084945e-05,10.914889864724788,15.014263050203159,1.9350719928992122,nan,nan
416.36,193.97418212890625,-169.33901977539062,-60.25075912475586,194.9780598366042,-169.54539244745422,-60.25360512630345,1.0248747394254307,0.3519029962410229,0.05587052524529583,3.542187327697594e-05,10.744774607105292,15.3227588140034,nan,0.5906839032307671,nan
416.37,193.96548461914062,-169.34115600585938,-60.2519645690918,194.96928188123428,-169.5473812326764,-60.25489238791487,1.0247664903213383,0.35195743048359046,0.055885506773397,3.613132483763854e-05,10.730383386110084,15.000540380445125,nan,nan,nan
416.38,193.956787109375,-169.34324645996094,-60.25314712524414,194.96050300175287,-169.5493155825671,-60.25538061253787,1.0246536314135928,0.352011951937571,0.05590055173628565,3.5405279441647506e-05,10.610866794739371,14.923708256550494,nan,0.4149853123404976,nan
416.39,193.94810485839844,-169.3452911376953,-60.25430679321289,194.95172518955115,-169.55121910572566,-60.25661380996127,1.0245318049950802,0.3520665607520926,0.05591566089947939,3.611468327292787e-05,10.593346799944179,15.278530666451127,nan,nan,nan
416.40000000000003,193.9394073486328,-169.3472900390625,-60.25543975830078,194.95180154721442,-169.56827215755314,-60.2545878207587,1.036231555112984,0.3519918853005306,0.05591021740297383,3.5368502598530066e-05,9.543849797984027,14.541106957449747,18.597465724768288,6.841354491277993,nan
416.41,193.9307098388672,-169.34925842285156,-60.256553649902344,194.94304321139677,-169.5701517957391,-60.25574392399283,1.0361531715816905,0.35204625327654415,0.05592535648295733,3.607700606281255e-05,9.518060341263954,14.221503481262737,nan,nan,nan
416.42,193.92201232910156,-169.35118103027344,-60.25764465332031,194.93428645867172,-169.57201861950347,-60.25888675424831,1.0360838272208814,0.35210070837244833,0.055940559268102465,3.535426317523153e-05,9.519643346878173,14.422020745075644,nan,2.789557516356893,nan
416.43,193.91331481933594,-169.3530731201172,-60.25871276855469,194.92552804297543,-169.57382026441292,-60.260020395240865,1.0360051262966423,0.35215525073473236,0.05595582641010635,3.60627786835537e-05,9.500207414498036,14.248362972505314,nan,nan,nan
416.44,193.9046173095703,-169.35491943359375,-60.25975799560547,194.916768420312,-169.57555534626513,-60.25885494233509,1.035920311819962,0.352209880506368,0.05597115757155962,3.5341146702919174e-05,9.452109774074996,14.45007565838159,nan,3.594426580154835,nan
416.45,193.8959197998047,-169.3567352294922,-60.26078414916992,194.89095352624815,-169.57348590945574,-60.260103476367426,1.0183680264718145,0.35213513007804553,0.05596575259799639,3.602748844967129e-05,9.128931206627344,14.34180116707556,3.8513713334049804,nan,nan
416.46000000000004,193.88722229003906,-169.3585205078125,-60.26179122924805,194.88216796744044,-169.57516712257382,-60.26029156737168,1.0182607257735925,0.35218951875430354,0.05598111295825037,3.5307774753157854e-05,9.156934313487959,14.216666736607365,nan,0.5205958253837323,nan
416.47,193.87852478027344,-169.36026000976562,-60.262779235839844,194.87338275804484,-169.57682297040398,-60.26131818567188,1.0181571816391852,0.35224399460282463,0.05599653783613212,3.6015505344729346e-05,9.128978760080344,14.446827211876675,nan,nan,nan
416.48,193.8698272705078,-169.36196899414062,-60.26374435424805,194.86459780425287,-169.5784606840702,-60.26382924903088,1.0180555357263694,0.3522985577677764,0.05601202698849905,3.529677879772269e-05,9.046796649096443,14.34958243186295,nan,1.5686813219984088,nan
416.49,193.8611297607422,-169.36363220214844,-60.26469039916992,194.85581242284528,-169.58004695719328,-60.26483334619507,1.0179533215837822,0.35235320839379713,0.05602758092590645,3.600459152591856e-05,9.023233931321183,14.639572770174286,nan,nan,nan
416.5,193.85243225097656,-169.3652801513672,-60.26561737060547,194.82391676611837,-169.57598889730795,-60.26529136653646,0.9940726558229537,0.35227838333715056,0.056022209265046106,3.5265495617014926e-05,8.650050541597901,14.298250344400296,4.509527908609735,0.14511396425726517,nan
416.51,193.84375,-169.36688232421875,-60.26652908325195,194.81509439208287,-169.57750769811034,-60.266253602551124,0.9939180308493388,0.3523327926119293,0.05603779161432317,3.597253334171023e-05,8.625085638370141,14.869398851728555,nan,nan,nan
416.52,193.83505249023438,-169.36846923828125,-60.267417907714844,194.80627175812103,-169.57900184611717,-60.26796111614295,0.9937762023473262,0.3523872891092567,0.05605343848258288,3.5256463046147747e-05,8.609123146646128,14.230778168939887,nan,0.4047997410963848,nan
416.53000000000003,193.82635498046875,-169.37001037597656,-60.26829528808594,194.79744919964395,-169.5804568516095,-60.26889629175231,0.9936357797640075,0.35244187297368923,0.056069150303370834,3.596362869646285e-05,8.587577356276512,14.428814075590239,nan,nan,nan
416.54,193.81765747070312,-169.37152099609375,-60.26914978027344,194.78862610607203,-169.58189858708863,-60.27170014920748,0.9935015480836771,0.3524965443495476,0.05608492694901806,3.5248365624084e-05,8.73896008748013,14.709170919973346,nan,2.474135598898172,nan
416.55,193.8089599609375,-169.3730010986328,-60.269989013671875,194.76037449572775,-169.57685353107723,-60.27273974618456,0.9730123317579296,0.3524216450145535,0.05607958413514853,3.593354410344668e-05,8.58110038070257,14.947573084253827,3.5960980796060413,nan,nan
416.56,193.80026245117188,-169.37445068359375,-60.270809173583984,194.75152054526086,-169.57820948146548,-60.2736429233606,0.9728399865433863,0.35247607478495036,0.056095388423845226,3.521989662599892e-05,8.575370034565232,15.036731781241663,nan,1.305210338151721e-05,nan
416.57,193.79156494140625,-169.37588500976562,-60.2716178894043,194.74266659955344,-169.5795362401602,-60.27453493584385,0.9726647402530311,0.35253059182828217,0.05611125783495257,3.592649176930272e-05,8.562129645089342,14.55453880356554,nan,nan,nan
416.58,193.78286743164062,-169.3772735595703,-60.27240753173828,194.733812878361,-169.58083107418355,-60.2750201222793,0.9724915064014976,0.35258519628814294,0.05612719230282595,3.521354683900362e-05,8.495868928053524,15.01605307020543,nan,0.10701837904543622,nan
416.59000000000003,193.774169921875,-169.37864685058594,-60.2731819152832,194.72495893603718,-169.58210105130203,-60.275878292438826,0.9723171456321676,0.35263988831020626,0.05614319216805074,3.5920321047861746e-05,8.482184082626219,14.67003015341967,nan,nan,nan
416.6,193.76547241210938,-169.37998962402344,-60.27394104003906,194.69935954620476,-169.58669759224242,-60.277850386925834,0.9564981162277281,0.3525649150459161,0.056137873138869226,3.518678865189086e-05,7.9462494835415,14.970693528067219,9.13678165280609,1.0109609968046251,nan
416.61,193.75677490234375,-169.3813018798828,-60.27468490600586,194.69048163307465,-169.58794439352283,-60.27869017324815,0.9563082294016616,0.3526193652101778,0.05615389982649886,3.589288056761013e-05,7.936049136355016,15.071045764841433,nan,nan,nan
416.62,193.74807739257812,-169.38258361816406,-60.275413513183594,194.68160427319083,-169.58915895395572,-60.278720152437444,0.9561154428452008,0.35267390269532084,0.056169991793973875,3.51820433180009e-05,7.776888431114357,15.039769922712392,nan,0.44244598958318804,nan
416.63,193.7393798828125,-169.38385009765625,-60.276126861572266,194.67272612166684,-169.5903532727477,-60.279524221983294,0.9559237966303378,0.3527285276483229,0.05618614933289507,3.588834860677691e-05,7.765520213257876,14.758024357517613,nan,nan,nan
416.64,193.73068237304688,-169.3850860595703,-60.276824951171875,194.6638484750292,-169.59151892274915,-60.27981496928397,0.9557313645043802,0.3527832402107839,0.05620237245117302,3.517806162008884e-05,7.675590516028231,14.839264670525973,nan,0.1745521093669164,nan
416.65000000000003,193.72198486328125,-169.38629150390625,-60.27751159667969,194.6744674016923,-169.60525317971235,-60.280683094415046,0.9773317041044354,0.35270819336887965,0.05619707254326388,3.586250834801988e-05,7.467335231935511,14.649914842838589,7.870430130586177,nan,nan
416.66,193.71328735351562,-169.38748168945312,-60.27818298339844,194.66562427028236,-169.6063981680356,-60.280120378812725,0.9771764329601524,0.3527626638221885,0.05621332166798347,3.51535830474742e-05,7.271700206248842,14.23803085390614,nan,1.2271124275002818,nan
416.67,193.70457458496094,-169.38865661621094,-60.27884292602539,194.6567793900643,-169.6075274035845,-60.28085630582396,0.9770375970891005,0.3528172216486332,0.05622963653910929,3.585947415294234e-05,7.257113817352864,13.612746341342842,nan,nan,nan
416.68,193.6958770751953,-169.38978576660156,-60.27948760986328,194.64793348023935,-169.6086364657267,-60.28213002762711,0.9768899678390445,0.3528718669881425,0.05624601720240339,3.515101241940547e-05,7.320062383832383,14.748236021789994,nan,0.21172746167042095,nan
416.69,193.6871795654297,-169.3909149169922,-60.280120849609375,194.63908807057283,-169.60971953392328,-60.282847154263386,0.9767357346238912,0.35292659999027054,0.05626246389266906,3.5857152644428895e-05,7.307570550406037,14.021952552647576,nan,nan,nan
416.7,193.67848205566406,-169.39199829101562,-60.28074264526367,194.62704924007542,-169.62133740099472,-60.28337920888505,0.9759011641430841,0.3528514799167324,0.05625717813255898,3.5127907450877e-05,6.56844731560999,14.73648271915656,13.837986603263857,0.09088664424305343,nan
416.71000000000004,193.66978454589844,-169.39308166503906,-60.281349182128906,194.61820234889666,-169.622422834836,-60.28407315749234,0.9757566916242882,0.352905970560664,0.05627364997448154,3.583343168877882e-05,6.556761647415975,14.089055616652741,nan,nan,nan
416.72,193.6610870361328,-169.39413452148438,-60.28194808959961,194.6183324537941,-169.62167972994706,-60.28505144320763,0.983923392511566,0.3490718695916052,0.05613242915852769,3.512588784587663e-05,9.148691320305788,16.846791261625917,nan,0.059689385279740756,0.020726680891665537
416.73,193.6523895263672,-169.39515686035156,-60.28253173828125,194.60948899981204,-169.6227136311854,-60.28572605984508,0.9837843715525267,0.3491231493190743,0.05614751660371209,3.583166910260531e-05,9.127044816421146,17.241899445690706,nan,nan,nan
416.74,193.64369201660156,-169.39617919921875,-60.283103942871094,194.60070284162805,-169.62371051000537,-60.28521877275667,0.9836893255045505,0.3491745118592743,0.05616266283933896,3.512523646251021e-05,8.939272753537841,16.395200255344378,nan,0.9617347870748049,nan
416.75,193.63497924804688,-169.3971710205078,-60.28366470336914,194.5772770508634,-169.6215974924229,-60.285857243386225,0.9686574202063405,0.34910736126455866,0.056157048696195304,3.5809244864411864e-05,8.63269357096406,16.54754114979169,2.4675570523846946,nan,nan
416.76,193.62628173828125,-169.39813232421875,-60.28421401977539,194.56840574019807,-169.62257382313445,-60.28654350337741,0.9684921517065316,0.3491585016783493,0.0561722180774777,3.510396377876612e-05,8.620976205086857,17.275763523626427,nan,0.002088717864047289,nan
416.77,193.61758422851562,-169.3990936279297,-60.284751892089844,194.55953680882328,-169.62352989322662,-60.28716566585763,0.9683243914270095,0.3492097314173101,0.05618744688564937,3.5809442389132416e-05,8.598779573154976,16.64226609130081,nan,nan,nan
416.78000000000003,193.60888671875,-169.4000244140625,-60.2852783203125,194.55061940385377,-169.62447979926338,-60.288793640064334,0.9681182921582446,0.3492610440832955,0.05620273478495306,3.510442696399116e-05,8.756944165557924,17.1987365938207,nan,0.7241486346035622,nan
416.79,193.60018920898438,-169.40093994140625,-60.285797119140625,194.54175017356863,-169.62539816529616,-60.28940616260573,0.9679522557933213,0.3493124462726295,0.05621808238121304,3.581020415623903e-05,8.737870848720705,16.99208480625721,nan,nan,nan
416.8,193.5914764404297,-169.40182495117188,-60.28630447387695,194.52895815370118,-169.63744745585683,-60.28813998714909,0.9666402104927363,0.3492452069753331,0.05621250099156369,3.508423377163385e-05,7.431069179154963,17.06175439896569,25.6795975512037,2.15906523845079,nan
416.81,193.58277893066406,-169.4027099609375,-60.286800384521484,194.52007738876043,-169.63838572737185,-60.288714211109045,0.9664756226446948,0.34929638669488744,0.05622787124267453,3.5789441248801134e-05,7.407163040388745,16.802397416522343,nan,nan,nan
416.82,193.57408142089844,-169.403564453125,-60.287288665771484,194.51123426592,-169.63929663626382,-60.28845775445683,0.9663469790234506,0.3493476494541891,0.056243300877214984,3.508570110241905e-05,7.312735491140937,17.132774115776446,nan,0.4744745588019961,nan
416.83,193.56536865234375,-169.4044189453125,-60.28776550292969,194.50235301274122,-169.64019979340028,-60.289006120276646,0.9661955490923464,0.34939900146183,0.056258790429238814,3.579122502118258e-05,7.287692188548256,16.159115152695687,nan,nan,nan
416.84000000000003,193.55667114257812,-169.40524291992188,-60.28823471069336,194.4934715295473,-169.64108586590618,-60.28954585878285,0.9660323904018174,0.3494504398316584,0.05627433984926267,3.65110781589554e-05,7.261299693773041,16.955852517098336,nan,nan,nan
416.85,193.5479736328125,-169.40615844726562,-60.288795471191406,194.47089735969698,-169.63385783991544,-60.29004373294688,0.9505981155129836,0.3493831181735457,0.056268787897696286,3.722156332561246e-05,7.376589325980723,17.032450739930923,3.5831367955299123,nan,nan
416.86,193.5392608642578,-169.40716552734375,-60.28944778442383,194.46192129025408,-169.63486497801418,-60.29233878571184,0.9503460735035845,0.3494343307648064,0.05628435930320898,3.6432529170984754e-05,7.538499986659026,16.74153541157312,nan,1.7071183812210453,nan
416.87,193.5305633544922,-169.4082489013672,-60.29019546508789,194.45301748540575,-169.6359428008576,-60.29312329253294,0.9501445719879689,0.34948563256026693,0.05629999086074434,3.716454025204956e-05,7.512793755626121,17.430490342732448,nan,nan,nan
416.88,193.52186584472656,-169.40943908691406,-60.29103088378906,194.44412799123253,-169.6371044724575,-60.29367079389386,0.9499505059621841,0.34953701767169143,0.05631568237650249,3.637873673816973e-05,7.4483133765038545,16.76688859339735,nan,0.0707450827500045,nan
416.89,193.51315307617188,-169.41070556640625,-60.29195785522461,194.43522391718895,-169.63835558099024,-60.294635394294794,0.9497611985175517,0.3495884921696422,0.05633143431813694,3.7109434992010755e-05,7.424427163867783,16.625701731484366,nan,nan,nan
416.90000000000003,193.50445556640625,-169.41204833984375,-60.29296875,194.3967436821094,-169.6249296289452,-60.294543936473424,0.9173325492355446,0.34952108227016454,0.056325907654060314,3.630415958166365e-05,7.370734569414652,17.765026128616945,10.271349544478003,0.9146391805849741,nan
416.91,193.49575805664062,-169.41348266601562,-60.294071197509766,194.3877916351115,-169.62631669089978,-60.2956762998076,0.9170740447866537,0.3495723338168747,0.05634168124028164,3.703270336339736e-05,7.345944017344773,17.36160022795669,nan,nan,nan
416.92,193.48704528808594,-169.4149932861328,-60.29526138305664,194.37884886660757,-169.6277849783648,-60.29667772593165,0.916840189440927,0.3496236688154136,0.05635751506178761,3.62540902614886e-05,7.305786592661517,17.09966944752388,nan,0.03149580773782606,nan
416.93,193.4783477783203,-169.41659545898438,-60.29653549194336,194.36989680687748,-169.62933749532246,-60.29798295634263,0.9165811145227065,0.34967509289990234,0.05637340952968817,3.698147939480757e-05,7.2814702533953275,17.236311657587542,nan,nan,nan
416.94,193.4696502685547,-169.41827392578125,-60.29789352416992,194.36091735983007,-169.63097708313077,-60.3000306463756,0.9162992024596859,0.3497266008262398,0.05638936453424121,3.620583347091152e-05,7.32506346818341,17.46532733159512,nan,0.2839869132881835,nan
416.95,193.4609375,-169.42002868652344,-60.29933547973633,194.33200961820515,-169.62738371850088,-60.30160935763035,0.8954149400816627,0.3496591084804599,0.05638385961275465,3.690880806869531e-05,7.046280382635663,17.60449824510467,4.109521932580913,nan,nan
416.96000000000004,193.45223999023438,-169.42185974121094,-60.30085754394531,194.32298556158509,-169.62918350234776,-60.304114614126405,0.8950930680465335,0.3497103933217478,0.05639983573385694,3.613701417565762e-05,7.173407266072484,18.36194669699383,nan,0.5802697619585899,nan
416.97,193.44354248046875,-169.4237823486328,-60.30246353149414,194.3140000355949,-169.63105366729243,-60.30577571079354,0.8948009417444652,0.3497617669570953,0.05641587272187262,3.6861393653020654e-05,7.152158573090755,17.803268218400426,nan,nan,nan
416.98,193.43482971191406,-169.42578125,-60.30414962768555,194.3051140332889,-169.63298144172268,-60.30504724999444,0.8946102644205399,0.34981322455594743,0.0564319705142847,3.609239354620197e-05,6.85207444974781,17.129717562875072,nan,4.051703015535197,nan
416.99,193.42613220214844,-169.42784118652344,-60.30591583251953,194.29612888038963,-169.63500588767735,-60.306847292477705,0.8943222580102516,0.3498647711412367,0.056448129452020296,3.681582771060204e-05,6.827041364809324,18.05380716461011,nan,nan,nan
417.0,193.4174346923828,-169.42999267578125,-60.307762145996094,194.3254586064022,-169.65725335679934,-60.30927782570716,0.9360326612105461,0.3497971912440973,0.05644264215414219,3.602734467348724e-05,6.683370429992937,16.899529960590108,18.767753036524848,0.17093174550637918,nan
417.01,193.40872192382812,-169.4322052001953,-60.30966567993164,194.3165353376219,-169.6594756882826,-60.31123282429099,0.9358309275509068,0.3498485143938661,0.056458821633139,3.674899420849731e-05,6.661266647438224,16.94827624401414,nan,nan,nan
417.02,193.4000244140625,-169.4344940185547,-60.31157684326172,194.3076097243438,-169.66177263989826,-60.31329231737876,0.9356118906948913,0.3498999216184177,0.05647506217721635,3.598626966208005e-05,6.650879691022842,17.297470023194983,nan,0.0033097297327068552,nan
417.03000000000003,193.39132690429688,-169.43685913085938,-60.313472747802734,194.29868713330023,-169.66414233916922,-60.31528042189063,0.935394841573467,0.3499514175509582,0.056491364088299,3.670710831836776e-05,6.633132963136536,17.172919118690302,nan,nan,nan
417.04,193.38262939453125,-169.43930053710938,-60.31534194946289,194.28980096050216,-169.6665779835188,-60.31629896932429,0.93520917640896,0.3500029979374811,0.05650772736189855,3.594691198680085e-05,6.544985302670401,16.940327335197342,nan,0.6038449977530147,nan
417.05,193.37393188476562,-169.44180297851562,-60.31718063354492,194.26063129128352,-169.6613068949476,-60.31823778409276,0.9134653383765752,0.34993533525771087,0.056502253937336475,3.6644064578147026e-05,6.4262912638605,17.596324014998736,3.5177386846054195,nan,nan
417.06,193.36521911621094,-169.4443817138672,-60.31898880004883,194.25169108911368,-169.66387658755193,-60.31974346943544,0.9132420970596122,0.3499866920602565,0.05651863717457172,3.588724938317604e-05,6.387317084341846,16.785077815874132,nan,0.10456522541979242,nan
417.07,193.3565216064453,-169.44703674316406,-60.32075881958008,194.2427366892103,-169.66651881924352,-60.32160683006581,0.9129897446094717,0.35003813730165645,0.05653508199963341,3.6605743551121586e-05,6.366821993374893,17.064577912545765,nan,nan,nan
417.08,193.3478240966797,-169.4497528076172,-60.32249450683594,194.23378244483044,-169.66923029676227,-60.32344682997749,0.9127395410624005,0.35008966709317985,0.056551588439869904,3.585128633866079e-05,6.347788110944354,17.292968525239356,nan,6.97405699297306e-05,nan
417.09000000000003,193.33912658691406,-169.45252990722656,-60.32419967651367,194.22482909547523,-169.6720101079236,-60.32524331268527,0.9124919623459776,0.3501412855270457,0.05656815674985655,3.656914457128068e-05,6.327227196409632,17.362341677107636,nan,nan,nan
417.1,193.33042907714844,-169.45538330078125,-60.32586669921875,194.2342381444455,-169.6777646789456,-60.32617399940284,0.9307654924394574,0.3500735359233566,0.05656269309596318,3.579509497920131e-05,6.657885753433643,16.74053180006512,4.2977873931166926,0.4863946162804325,nan
417.11,193.3217315673828,-169.45831298828125,-60.3275032043457,194.22531762764532,-169.68067181848076,-60.32789699217536,0.9305435899178919,0.3501249304345185,0.05657928075332888,3.651147708609781e-05,6.63599608626727,16.282841308243686,nan,nan,nan
417.12,193.3130340576172,-169.46128845214844,-60.329105377197266,194.21638167607892,-169.68364744008827,-60.33004366299379,0.9303124849631721,0.3501764095813051,0.05659593027226733,3.576240234492242e-05,6.631626287419139,17.015970198106636,nan,0.14014863557385085,nan
417.13,193.30433654785156,-169.46434020996094,-60.3306770324707,194.20746207698227,-169.6866859387718,-60.33170824746846,0.9300937629574889,0.3502279771153193,0.056612641881778336,3.647826044123845e-05,6.612261213550632,16.53733342256759,nan,nan,nan
417.14,193.29563903808594,-169.46742248535156,-60.332218170166016,194.19859097868576,-169.68976346274863,-60.331937455574014,0.9299235431278995,0.350279629652745,0.056629415647301805,3.573128726946238e-05,6.560500384721646,16.321213070788986,nan,1.3359016310714475,nan
417.15000000000003,193.2869415283203,-169.47047424316406,-60.33372497558594,194.19874043607038,-169.69715389484142,-60.33353885592617,0.939553589370672,0.3502117969863333,0.05662395785746112,3.6424032712699976e-05,6.538670286177059,16.772771629504202,0.8651129804403445,nan,nan
417.16,193.27825927734375,-169.47349548339844,-60.335205078125,194.1898678495318,-169.70022032204258,-60.33416944235796,0.939380335054114,0.35026322543801314,0.05664075034547899,3.56799925097488e-05,6.540336843203662,16.744004160319125,nan,0.5871661902363814,nan
417.17,193.26956176757812,-169.47647094726562,-60.33665466308594,194.1809645892911,-169.7032472179961,-60.335691758404366,0.9391930086932281,0.3503147420311857,0.05665760514332702,3.639405631061525e-05,6.508806287726339,16.212715658200032,nan,nan,nan
417.18,193.2608642578125,-169.47938537597656,-60.33807373046875,194.1720541821895,-169.70622377931096,-60.33741908003168,0.9390011544618322,0.35036634369803543,0.05667452233662912,3.5651956776842014e-05,6.467926832505065,16.483743901092247,nan,0.03700725951041217,nan
417.19,193.25216674804688,-169.48223876953125,-60.3394660949707,194.1631517697721,-169.70914493768237,-60.33888783723307,0.9388186477348764,0.35041803372130303,0.05669150212433845,3.6365639436071016e-05,6.437395858407641,16.58688681534482,nan,nan,nan
417.2,193.2434844970703,-169.48504638671875,-60.3408317565918,194.165382909561,-169.72502378181503,-60.34010635468332,0.9526207846346725,0.3503501146954218,0.05668604608932353,3.5603775230682414e-05,5.94694584385708,16.653397248766197,11.30394057079718,0.06140466619670862,nan
417.21000000000004,193.2347869873047,-169.48780822753906,-60.34217071533203,194.1564963092783,-169.72787795587647,-60.34151953470688,0.9524610085002306,0.35040158030611207,0.056703043942708434,3.63162336512249e-05,5.918147484466835,15.83614461547726,nan,nan,nan
417.22,193.22608947753906,-169.49049377441406,-60.34347915649414,194.14758338427308,-169.73068036525785,-60.34376399733973,0.9522818383773712,0.3504531310503132,0.05672010442539101,3.557867516879845e-05,5.881951092622066,16.75207692518459,nan,0.501917771700895,nan
417.23,193.2174072265625,-169.49314880371094,-60.344764709472656,194.13869754224362,-169.73342557285264,-60.345134380196505,0.9521076137776837,0.3505047699190585,0.05673722772079172,3.629084376961415e-05,5.857740869887881,16.114123133894502,nan,nan,nan
417.24,193.20870971679688,-169.4957275390625,-60.34602355957031,194.12973794073164,-169.7361256161805,-60.348908054737024,0.9518889352644182,0.3505564942777157,0.05675441393770073,3.555498638364073e-05,6.061524243088415,16.827760143974583,nan,4.031731778983738,nan
417.25,193.20001220703125,-169.49827575683594,-60.34725570678711,194.08347325769813,-169.72191271205287,-60.35012938112901,0.9113315388969883,0.35048849196779547,0.05674895563422756,3.6244484365697955e-05,5.985132007552912,16.489652448164538,14.258341130198724,nan,nan
417.26,193.1913299560547,-169.50076293945312,-60.34846496582031,194.07451797672763,-169.72446928878702,-60.35176052753405,0.9110853260367576,0.35053999173684663,0.056766159246856164,3.551114606918061e-05,6.0367991203705476,17.265316522645314,nan,0.06686730568628026,nan
417.27,193.18263244628906,-169.50320434570312,-60.34965133666992,194.06557211358208,-169.72697504923855,-60.35305935259409,0.9108608007883415,0.35059157940760105,0.056783425888379986,3.622196563488424e-05,6.026084668051562,16.641092465564515,nan,nan,nan
417.28000000000003,193.1739501953125,-169.50558471679688,-60.35081100463867,194.0566165160302,-169.7294328437127,-60.35467560276289,0.9106166881689061,0.3506432526133799,0.056800755679179075,3.54901809262295e-05,6.099747656556035,17.69275769817288,nan,0.07940308764528307,nan
417.29,193.16525268554688,-169.5079345703125,-60.351951599121094,194.04767105777876,-169.73184173663998,-60.35593277941938,0.9103913733014681,0.3506950139470008,0.0568181487854003,3.620082457323957e-05,6.091822193678505,16.463356864754996,nan,nan,nan
417.3,193.15655517578125,-169.51022338867188,-60.353065490722656,194.04601847106684,-169.73058440522965,-60.35727840510491,0.9163632903637489,0.35062692578142984,0.05681268408302538,3.544906777943082e-05,6.558472363688853,16.887279418509557,4.569589910142653,0.0077969712613560165,nan
417.31,193.1478729248047,-169.51248168945312,-60.35416030883789,194.0370875597167,-169.7328774939958,-60.358493562731,0.9161308611170195,0.3506784622101309,0.056830093888201094,3.615868835282519e-05,6.551823728959887,16.64211378272241,nan,nan,nan
417.32,193.13917541503906,-169.51467895507812,-60.35523223876953,194.02812814336212,-169.7351275371096,-60.36072304585949,0.915895561445302,0.35073008420908386,0.056847567065364556,3.543067437514595e-05,6.85780034478258,17.103696045284064,nan,0.7382096633671484,nan
417.33,193.1304931640625,-169.516845703125,-60.35628128051758,194.01919737615574,-169.73733091072054,-60.36190689296724,0.9156639945286478,0.35078179412620414,0.056865103772416735,3.61401920349693e-05,6.857432187058238,17.07998805572784,nan,nan,nan
417.34000000000003,193.12179565429688,-169.5189666748047,-60.3573112487793,194.01025340292085,-169.73949156640896,-60.36356457944334,0.9154384212231079,0.35083358995907366,0.05688270414206199,3.541351377836028e-05,7.061262083118725,16.863626203626843,nan,0.16825207065714715,nan
417.35,193.11309814453125,-169.5210418701172,-60.35831832885742,194.01887752118608,-169.74297904744552,-60.36473768751035,0.932595087923586,0.3507654183466031,0.05687722893271847,3.610069365037773e-05,7.504900523617772,16.726388107356527,4.848722573809321,nan,nan
417.36,193.1044158935547,-169.5230712890625,-60.35930633544922,194.01000029081465,-169.74504126813218,-60.3649887454162,0.9324087418894726,0.3508169890845135,0.05689484528835711,3.537616189093206e-05,7.250720270799837,16.965722576277216,nan,0.5337747727018339,nan
417.37,193.09571838378906,-169.5250701904297,-60.36027526855469,194.00110008820752,-169.74706410937037,-60.366091299140436,0.932218406251503,0.3508686475393094,0.0569125253857648,3.6084682700079684e-05,7.251124427362281,16.202618752457486,nan,nan,nan
417.38,193.0870361328125,-169.5270233154297,-60.36122512817383,193.99216313514702,-169.74904893299532,-60.3686225885468,0.9319898001751158,0.3509203919313098,0.05693026936311757,3.536135494932567e-05,7.836297885827021,17.356708933869236,nan,1.4480657432098352,nan
417.39,193.07833862304688,-169.5289306640625,-60.36215591430664,193.9832629633138,-169.7509924953859,-60.36970296650163,0.9318028098986664,0.3509722242769271,0.056948077370147454,3.6069861295863647e-05,7.843090678629619,17.16638556093599,nan,nan,nan
417.40000000000003,193.0696563720703,-169.5308074951172,-60.363067626953125,194.00080349476937,-169.7594143224256,-60.37052611344895,0.9588282821358417,0.3509039672563526,0.056942587494218225,3.532634001210172e-05,8.193655409146086,16.8282748494818,6.45172006392956,0.03150398568475602,nan
417.41,193.0609588623047,-169.53265380859375,-60.36396408081055,193.9919483846663,-169.76128238365698,-60.37156849633094,0.9586815650767223,0.35095557420246415,0.056960410751326074,3.603398018204962e-05,8.200193147215709,16.13696702433048,nan,nan,nan
417.42,193.05226135253906,-169.53445434570312,-60.364837646484375,193.9831383674008,-169.76311190615644,-60.37072279597864,0.9585671242719276,0.3510072670981288,0.0569782981011183,3.5313735193974356e-05,7.5522007801120985,15.93891011253584,nan,2.4277408712796174,nan
417.43,193.0435791015625,-169.53622436523438,-60.36569595336914,193.97428328679194,-169.7649066624329,-60.37171325752376,0.9584060107307816,0.35105904775822816,0.05699624969015252,3.6021418040513054e-05,7.552659265142067,16.031729067838288,nan,nan,nan
417.44,193.03488159179688,-169.53794860839844,-60.366539001464844,193.96541690926463,-169.76666609451598,-60.373155574423755,0.9582543736130147,0.35111091470327527,0.05701426566137104,3.5302183563163817e-05,7.763580144346878,16.166995529261257,nan,0.15191535904263664,nan
417.45,193.0261993408203,-169.53965759277344,-60.36736297607422,193.9547650831101,-169.773299989052,-60.3741910279517,0.9575331479303426,0.35104257412900824,0.05700875695153319,3.598777245459666e-05,7.461113685970728,16.119452901567577,3.321214842675173,nan,nan
417.46000000000004,193.0175018310547,-169.54132080078125,-60.36817169189453,193.94593331265705,-169.77501138400058,-60.3738645871738,0.957407287298568,0.3510942154727243,0.0570267874188241,3.527035663008226e-05,7.061308119891148,15.688220437033825,nan,1.1310807282025404,nan
417.47,193.00880432128906,-169.54295349121094,-60.36896514892578,193.93707241651444,-169.77668971473653,-60.374785811763886,0.9572607580577155,0.35114594439925323,0.05704488233198403,3.5977314341130516e-05,7.061257223007527,15.556074283991451,nan,nan,nan
417.48,193.0001220703125,-169.54454040527344,-60.3697395324707,193.92820117623373,-169.77833534811677,-60.37614840264958,0.9570955938481965,0.35119775961054156,0.05706304183528244,3.526079422779181e-05,7.260447171873488,16.67801608111101,nan,0.14485762204600683,nan
417.49,192.99142456054688,-169.54611206054688,-60.37050247192383,193.91933980576613,-169.77994874570666,-60.377044355381386,0.9569478010194687,0.3512496626510747,0.05708126607328655,3.59678612676679e-05,7.262988056820978,15.57852234015316,nan,nan,nan
417.5,192.98272705078125,-169.54763793945312,-60.371246337890625,193.92361561044564,-169.78771446108897,-60.377825506821786,0.9710567972121479,0.3511812377236092,0.05707573433810117,3.666624524357556e-05,7.2482170824856755,16.012008612959516,2.1776904800509613,nan,nan
417.51,192.9740447998047,-169.5491485595703,-60.371978759765625,193.91477537022013,-169.78927807034447,-60.378691050757915,0.9709177323075101,0.3512329148684177,0.057093972298060104,3.740119282140513e-05,7.249870724023552,15.711707232524557,nan,nan,nan
417.52,192.96534729003906,-169.55062866210938,-60.3726921081543,193.90597030697276,-169.7908117042342,-60.37784148848352,0.9708172175170559,0.35128467823864706,0.05711227505185292,3.659930686895294e-05,6.747792548217587,14.998744562663205,nan,1.8659258547201936,nan
417.53000000000003,192.95664978027344,-169.55206298828125,-60.37339401245117,193.89712977579393,-169.7923149519928,-60.378663008165745,0.9706963430225346,0.3513365293182332,0.05713064274419694,3.733266730465575e-05,6.744227798227419,15.444385464181417,nan,nan,nan
417.54,192.94796752929688,-169.55348205566406,-60.37408447265625,193.88827391874966,-169.79378870312036,-60.380227883963805,0.9705468213125586,0.35138846695404163,0.05714907551916398,3.6534760794149115e-05,7.011373549917039,15.50633103083438,nan,0.36999417851597366,nan
417.55,192.93927001953125,-169.55487060546875,-60.374755859375,193.83841347750615,-169.78302455541206,-60.381027237693594,0.9276596968068679,0.3513199577595808,0.05714351655242547,3.724294039189686e-05,6.606103801286938,15.952974513219761,14.177608228561269,nan,nan
417.56,192.93057250976562,-169.5562286376953,-60.37541961669922,193.82952136896833,-169.78443206214814,-60.38092241031864,0.927478374481831,0.35137166929124003,0.05716196225617233,3.644990061273209e-05,6.35882362164232,15.597876254058386,nan,0.5212190743635489,nan
417.57,192.921875,-169.55755615234375,-60.37606430053711,193.82061162973847,-169.78581182824973,-60.38169173161767,0.9272862833006426,0.3514234683593227,0.0571804730991072,3.7179443209820675e-05,6.357786834409186,15.890580962441671,nan,nan,nan
417.58,192.91319274902344,-169.55886840820312,-60.37670135498047,193.81176193986332,-169.78716739625492,-60.37926236923519,0.9271211234062784,0.3514753539720967,0.05719904922403914,3.639014297647276e-05,5.664541927427124,15.013903820295317,nan,6.621507288035102,nan
417.59000000000003,192.9044952392578,-169.56015014648438,-60.377323150634766,193.80285168149072,-169.78849398637956,-60.379975931404665,0.9269262342631498,0.3515273273726202,0.05721769077756617,3.711837308172149e-05,5.652476356781107,14.835733926870285,nan,nan,nan
417.6,192.8957977294922,-169.5614013671875,-60.377933502197266,193.7963347911738,-169.78313988279686,-60.382269672192876,0.9274447536845576,0.3514587334851454,0.05721210035748991,3.6310229212140014e-05,6.395053957012265,15.1097092594623,5.347797839202886,1.8035676402662226,nan
417.61,192.88710021972656,-169.56263732910156,-60.3785285949707,193.7874305984501,-169.78438707177082,-60.38297519682097,0.9272472763477754,0.3515104804911621,0.05723075402855953,3.703631934210354e-05,6.3898288319853105,14.894488813322743,nan,nan,nan
417.62,192.87840270996094,-169.5638427734375,-60.37911605834961,193.7785473659072,-169.78561104581345,-60.38247183942189,0.9270667880621317,0.35156231402179317,0.0572494731770301,3.625512149208445e-05,6.145077937350871,14.68858413726085,nan,0.9425464942626594,nan
417.63,192.8697052001953,-169.5650177001953,-60.37968826293945,193.76964276209236,-169.7868091815901,-60.383143331318244,0.9268716275892757,0.35161423517871676,0.05726825795158631,3.698007312129835e-05,6.135544623501066,14.981833147037959,nan,nan,nan
417.64,192.86102294921875,-169.56617736816406,-60.380252838134766,193.7607506801962,-169.78798436134335,-60.38306909442864,0.9266694466812705,0.3516662431814187,0.05728710849193279,3.620225522822156e-05,6.010262739776574,14.852594610946865,nan,0.35620172977850734,nan
417.65000000000003,192.85232543945312,-169.5673065185547,-60.380802154541016,193.7581583075958,-169.79699297689035,-60.38366791213851,0.9345037542551581,0.35159756571392337,0.05728148238970162,3.690297026476185e-05,5.743527458474551,14.797984565657291,3.3753253211371623,nan,nan
417.66,192.8436279296875,-169.56842041015625,-60.381343841552734,193.7492630621095,-169.7981461877875,-60.384211102412074,0.9343217578383338,0.3516493471035333,0.05730034421703496,3.6129380735733284e-05,5.727845939607172,14.427075186386052,nan,0.0052757176681761265,nan
417.67,192.83493041992188,-169.56951904296875,-60.38187026977539,193.7403661363252,-169.79927686312777,-60.3848329115135,0.9341366440243682,0.3517012159647398,0.05731927186454354,3.6851380387176086e-05,5.718263693621358,14.334981624395656,nan,nan,nan
417.68,192.82623291015625,-169.57058715820312,-60.382389068603516,193.73146677261627,-169.800385388791,-60.38559608589023,0.9339517425892444,0.3517531716403577,0.057338265469279136,3.60809405944349e-05,5.744573333725072,14.547233014806052,nan,0.01511547725072725,nan
417.69,192.81753540039062,-169.57162475585938,-60.38290023803711,193.72256961681668,-169.80147263675596,-60.3862003993165,0.933770781465694,0.3518052150477957,0.05735732518389561,3.680202970508268e-05,5.734524381258126,14.759955331653153,nan,nan,nan
417.7,192.808837890625,-169.57264709472656,-60.38339614868164,193.68899379378635,-169.79546845209933,-60.386047646959106,0.9079266499086437,0.3517364532160967,0.057351659151997754,3.6012578692032025e-05,5.370903135663846,15.01730772877495,5.152672803043711,0.3613797245302113,nan
417.71000000000004,192.80014038085938,-169.5736541748047,-60.38388442993164,193.68005468160624,-169.79650819874524,-60.386625869542414,0.9077007260856828,0.35178826972910776,0.05737072930642664,3.673192791989705e-05,5.36009726849282,14.751377037696132,nan,nan,nan
417.72,192.79144287109375,-169.57464599609375,-60.38436508178711,193.67848357192207,-169.78826231003276,-60.386320097738746,0.9124017517487916,0.35134384703091015,0.05660193405593799,3.596726558852828e-05,7.519475460289307,16.693911424377244,nan,0.5245069727334697,0.10899507559274782
417.73,192.78274536132812,-169.57571411132812,-60.38493728637695,193.66955188443666,-169.78929588095485,-60.38692355558644,0.9121660632856835,0.3513947605921122,0.056617727333433725,3.668582289166621e-05,7.494020804025737,17.131167597129572,nan,nan,nan
417.74,192.7740478515625,-169.57687377929688,-60.38560104370117,193.6606632882232,-169.79038729475346,-60.386376027152856,0.9119624742318108,0.35144575857110116,0.056633578846748384,3.5925160900916206e-05,7.37687979841944,16.914391314975223,nan,1.0372995529348545,nan
417.75,192.76535034179688,-169.578125,-60.386356353759766,193.6638036045548,-169.7987128332039,-60.387144634673696,0.9251366812016212,0.3513781854112195,0.05662789398952709,3.6620222288083406e-05,7.237363418819637,16.573330381414397,2.470899590809397,nan,nan
417.76,192.75665283203125,-169.57945251464844,-60.387203216552734,193.65485729946866,-169.80004629829466,-60.38897247883163,0.9248978392216561,0.35142896203849966,0.0566437651467416,3.5863189752390814e-05,7.2812625505238735,16.8920047278702,nan,0.6174395166123141,nan
417.77,192.74795532226562,-169.58087158203125,-60.38814163208008,193.6459434951014,-169.80144196037799,-60.38994204127867,0.9246822653377881,0.3514798263831498,0.05665969629848825,3.657950932111251e-05,7.256803105159752,16.562967402559135,nan,nan,nan
417.78000000000003,192.7392578125,-169.58236694335938,-60.389163970947266,193.6370139258816,-169.80293188552952,-60.3914715538388,0.9244567365579434,0.3515307752497922,0.056675686020162964,3.5825069624499915e-05,7.290594034827317,17.000042495902587,nan,0.14884421945827733,nan
417.79,192.73056030273438,-169.5839385986328,-60.39027786254883,193.6280998192475,-169.80449375803994,-60.39262436524851,0.9242441604460525,0.35158181203542377,0.05669173599101732,3.654080894341641e-05,7.266017202307414,17.054721902452314,nan,nan,nan
417.8,192.72186279296875,-169.58560180664062,-60.391475677490234,193.6281285885323,-169.8128589287061,-60.39430547852434,0.9343294384272587,0.3515141659878181,0.05668607123266236,3.576711684693106e-05,7.13198678105834,16.759068131444767,2.9231990119573,0.19000153972472653,nan
417.81,192.71316528320312,-169.58734130859375,-60.392757415771484,193.6192275312491,-169.81460329288882,-60.395636403092986,0.9341333392015544,0.3515649811154885,0.05670214033034859,3.648144233135343e-05,7.109319162541727,16.944796604503505,nan,nan,nan
417.82,192.7044677734375,-169.5891571044922,-60.394126892089844,193.61030929972225,-169.81643941409789,-60.397600069397036,0.9339262186929898,0.3516158808544532,0.05671826832399531,3.573278753134815e-05,7.193569799764393,17.047895286536942,nan,0.20233051879069472,nan
417.83,192.69577026367188,-169.591064453125,-60.39557647705078,193.6014082329385,-169.8183424906942,-60.39910730683064,0.9337279606489286,0.3516668682608152,0.05673445675325742,3.6446649220522566e-05,7.172926845654342,16.674895082004294,nan,nan,nan
417.84000000000003,192.6870574951172,-169.59303283691406,-60.39710998535156,193.59253826966534,-169.82030175841498,-60.39968521552864,0.9335701513903385,0.3517179406451798,0.056750704399174526,3.570027348776917e-05,6.990935699423602,16.637066932096204,nan,0.696127333870813,nan
417.85,192.67835998535156,-169.5950927734375,-60.39872741699219,193.61761045239157,-169.8410671392177,-60.40139158700235,0.9709283836914513,0.3516502247571511,0.056745057531162366,3.639120563331569e-05,6.780683137933025,16.22453122895937,16.163974649311914,nan,nan
417.86,192.66966247558594,-169.5972137451172,-60.400421142578125,193.60879220477403,-169.84322594481173,-60.40214063708112,0.970819039422282,0.351701075352236,0.05676132383700826,3.56479157226825e-05,6.642853612234417,16.795862012553528,nan,0.6777338988475469,nan
417.87,192.6609649658203,-169.5994110107422,-60.402198791503906,193.59994460871948,-169.84548063640466,-60.403959229485075,0.9706884822612286,0.3517520133761242,0.056777650765312215,3.636011210975751e-05,6.619623401451849,16.578236146980498,nan,nan,nan
417.88,192.6522674560547,-169.60169982910156,-60.404052734375,193.59107462504238,-169.8478255943096,-60.406644471896705,0.9705377426691403,0.3518030364468308,0.05679403722634171,3.561890723883386e-05,6.698743764513395,16.07839706634541,nan,0.42131312563049966,nan
417.89,192.64356994628906,-169.60403442382812,-60.40596008300781,193.58222763682556,-169.85022802307714,-60.408619489046046,0.9704105423762553,0.3518541471639901,0.05681048456920636,3.633078691268036e-05,6.678894895096873,17.199892012544172,nan,nan,nan
417.90000000000003,192.63487243652344,-169.60646057128906,-60.40787887573242,193.5691495333903,-169.85178074522528,-60.411636224915355,0.9659553815487186,0.3517863587048442,0.056804850568135445,3.557005183252064e-05,6.7975102776200425,16.55213335507058,0.6246335142332051,0.8395564313052436,nan
417.91,192.6261749267578,-169.60894775390625,-60.409786224365234,193.56029580601506,-169.85432841110477,-60.413651278564146,0.965820077776124,0.35183724734154187,0.05682131601300336,3.6280775691606384e-05,6.787240657406207,16.801716830155552,nan,nan,nan
417.92,192.61749267578125,-169.61151123046875,-60.41166305541992,193.55141282578927,-169.85696795623696,-60.416727051848575,0.9656508141536889,0.3518882210806386,0.05683784129871938,3.554434875310447e-05,7.07185467104677,17.379314760576015,nan,0.7983163264927647,nan
417.93,192.60879516601562,-169.61415100097656,-60.413509368896484,193.5425595649096,-169.85965685089388,-60.4187054828587,0.9655133735923872,0.35193928224585125,0.05685442765535985,3.625484844580904e-05,7.070988443161756,16.689882899020127,nan,nan,nan
417.94,192.60009765625,-169.61685180664062,-60.415321350097656,193.53371810629878,-169.86240713587472,-60.42022378419809,0.9653852072228247,0.3519904288652266,0.056871074168841663,3.552022413435513e-05,6.978357777014941,16.88444254122396,nan,0.12565286323642105,nan
417.95,192.59140014648438,-169.61962890625,-60.41709899902344,193.52252196270726,-169.85858644874838,-60.4221478407865,0.9613085012451608,0.35192257011204325,0.05686545041502056,3.62082189881042e-05,7.359346718363943,16.38897647629285,4.760439450024086,nan,nan
417.96000000000004,192.58270263671875,-169.62245178222656,-60.41884231567383,193.5136350190367,-169.86147901346024,-60.42536384998864,0.9611512098152165,0.3519734945007809,0.05688211451228628,3.5476195840735756e-05,7.828853183269517,17.608150055892438,nan,1.2343478909343006,nan
417.97,192.57400512695312,-169.6253662109375,-60.42055130004883,193.50478309802216,-169.86441397449138,-60.42721912215907,0.9610077650774708,0.352024506106625,0.056898839869817676,3.618548118167256e-05,7.8351152611517625,16.665413494751892,nan,nan,nan
417.98,192.56532287597656,-169.62832641601562,-60.42222595214844,193.49595866554284,-169.86739581754847,-60.42796332354062,0.9608694338990186,0.35207560320417364,0.05691562568260176,3.545508879340501e-05,7.509588427750491,17.404329792230076,nan,0.7990486930128526,nan
417.99,192.55662536621094,-169.63136291503906,-60.42387008666992,193.48710787236473,-169.87046230406685,-60.42974197063927,0.9607292496395928,0.3521267877506328,0.05693247301963222,3.616426397408536e-05,7.5106072830739254,16.49979078236909,nan,nan,nan
418.0,192.5479278564453,-169.63446044921875,-60.42547607421875,193.4692539428476,-169.87046934380078,-60.43108932886336,0.9510906709850891,0.3520588566564408,0.056926854698596464,3.541405037710429e-05,7.359572263689185,16.799761756345514,0.7750633367783454,0.13685256906526932,nan
418.01,192.53924560546875,-169.6376190185547,-60.42705535888672,193.4603896710681,-169.87366036709983,-60.432800866850215,0.9509231928361342,0.3521098186940483,0.05694371902166092,3.612227025945019e-05,7.359061940237987,17.026078804292375,nan,nan,nan
418.02,192.53054809570312,-169.64085388183594,-60.4286003112793,193.45153508117772,-169.87690829937756,-60.43410578990803,0.9507728570744096,0.35216086624934384,0.056960644090684506,3.539576408093971e-05,7.278335496172127,16.16558634764307,nan,0.09744878258802045,nan
418.03000000000003,192.5218505859375,-169.64413452148438,-60.43011474609375,193.44267245702355,-169.88022511279158,-60.43575273716836,0.9506226762062603,0.3522120010603588,0.056977630875253475,3.610394581092472e-05,7.2782762427355605,16.705537241358794,nan,nan,nan
418.04,192.51316833496094,-169.64749145507812,-60.43159866333008,193.43381263375966,-169.88360180229319,-60.43727367996719,0.950455799491189,0.35226322172777996,0.056994678717282705,3.537882149874857e-05,7.2846237289268085,16.499151718043358,nan,0.006421100970514523,nan
418.05,192.5044708251953,-169.65084838867188,-60.43305587768555,193.4533172265348,-169.8994244450942,-60.43894682285101,0.980884423566983,0.3521952199510765,0.05698906285822693,3.6064808401342035e-05,7.382676254735011,16.178795922226566,7.789106029701699,nan,nan
418.06,192.49578857421875,-169.6541748046875,-60.434478759765625,193.44453570443815,-169.90282676633294,-60.438975896399626,0.9808002545715309,0.3522462179429482,0.0570061271184036,3.534186183685655e-05,6.966058744288299,16.325896829420394,nan,1.6238837547442975,nan
418.07,192.4871063232422,-169.65745544433594,-60.43587875366211,193.43572102947903,-169.90621558365976,-60.440493820441276,0.9807001410454609,0.3522973030070207,0.05702325328542495,3.6049175996145913e-05,6.957679630947858,16.053742672092397,nan,nan,nan
418.08,192.47840881347656,-169.66067504882812,-60.43724822998047,193.42690629282086,-169.90955346317804,-60.44201214615268,0.9806174729980649,0.35234847393787294,0.057040440791304145,3.532746230637035e-05,6.982315035046574,15.994554330987265,nan,0.0005282492074662014,nan
418.09000000000003,192.4697265625,-169.66384887695312,-60.43859100341797,193.41809276066218,-169.9128334197078,-60.44347652096979,0.9805180348311201,0.35239973218499215,0.05705769047235736,3.60348241859684e-05,6.975754767336804,15.772005204021509,nan,nan,nan
418.1,192.46102905273438,-169.6669464111328,-60.439903259277344,193.451459880423,-169.9305127049645,-60.44454850339833,1.0249107248795246,0.3523316582226107,0.05705207243201017,3.529300343450105e-05,7.2610978715449885,15.879473035700215,15.20862243576891,0.13926668452171906,nan
418.11,192.4523468017578,-169.6699981689453,-60.441192626953125,193.44271763685012,-169.9336900543241,-60.44595867763553,1.0248856114977718,0.3523826935268646,0.057069337894586174,3.5999561891182954e-05,7.254610671185863,15.458338347609022,nan,nan,nan
418.12,192.44366455078125,-169.6729736328125,-60.44245910644531,193.4340088023472,-169.9367827546216,-60.44567217602575,1.024884048649173,0.35243381469834484,0.05708666497004404,3.5280960598597615e-05,6.889301050694164,15.601213185987028,nan,1.94122958243553,nan
418.13,192.4349822998047,-169.6759033203125,-60.443695068359375,193.42526703478993,-169.93984010841325,-60.44701632519746,1.0248597539198754,0.35248502301600343,0.05710405441351497,3.598762152809554e-05,6.877306867847218,15.232318245267669,nan,nan,nan
418.14,192.42628479003906,-169.67877197265625,-60.444908142089844,193.41656760456652,-169.94280777719248,-60.44614823329236,1.0248787716855674,0.35253631752843584,0.05712150577719714,3.5270038065732335e-05,6.588957624700215,14.683149070618473,nan,3.328606505929125,nan
418.15000000000003,192.4176025390625,-169.68157958984375,-60.44609832763672,193.42415899330064,-169.94176763382703,-60.44730858481749,1.0396418510827359,0.3524681725517462,0.05711588229076782,3.595472310873969e-05,7.331164133950333,14.711462943784644,14.283349011004464,nan,nan
418.16,192.40892028808594,-169.68434143066406,-60.447265625,193.4154209156654,-169.94464074563723,-60.45017028356766,1.0396190089329658,0.3525192439403442,0.057133348820207305,3.523895463381166e-05,7.504522050454161,14.497036697975137,nan,1.809442534931591,nan
418.17,192.40023803710938,-169.68704223632812,-60.44840621948242,193.406712692994,-169.9474361606995,-60.4514136997705,1.0396178498493087,0.35257040231311343,0.05715087791017627,3.594500739957164e-05,7.491147754796877,14.799600721422282,nan,nan,nan
418.18,192.39154052734375,-169.68968200683594,-60.449527740478516,193.39800822193067,-169.9501743551534,-60.45243120419004,1.0396354716344427,0.3526216468678308,0.05716846918558745,3.5230130305363396e-05,7.45338310322297,14.620496083105154,nan,0.02897146243971493,nan
418.19,192.3828582763672,-169.69227600097656,-60.450626373291016,193.3893002491942,-169.9528619930094,-60.45362889341206,1.0396343198638462,0.3526729786612034,0.05718612329385259,3.59363480222922e-05,7.439680991882523,14.629130712174307,nan,nan,nan
418.2,192.37417602539062,-169.69482421875,-60.45170211791992,193.38012850958395,-169.95760594893798,-60.45538646827806,1.0397154479052824,0.3526047615908012,0.057180489854734645,3.5201095913657825e-05,7.4094168973130845,14.637875301747354,1.1337277887846677,0.15419793205034568,nan
418.21000000000004,192.36549377441406,-169.6973114013672,-60.452754974365234,193.37141869150526,-169.96019933316452,-60.456549099988216,1.0397160183910061,0.35265587000194504,0.057198158454151174,3.5906621836288846e-05,7.399495014543219,15.028035556562802,nan,nan,nan
418.22,192.3568115234375,-169.6997528076172,-60.45378875732422,193.36273991701637,-169.96271938915203,-60.45582550601796,1.0397343431653718,0.352707064573828,0.05721588949726114,3.51941987936497e-05,7.091655336948453,14.502111182109187,nan,2.431111182389239,nan
418.23,192.34812927246094,-169.70213317871094,-60.45479965209961,193.3540305135712,-169.96521329438679,-60.45692962958539,1.0397369816137405,0.352758346233517,0.05723368356677158,3.589993025169758e-05,7.074754224243189,15.000483044326689,nan,nan,nan
418.24,192.3394317626953,-169.70448303222656,-60.45579147338867,193.34530304138883,-169.96767256417448,-60.45915297405649,1.039738937769591,0.35280971437211656,0.05725154038353418,3.5188216345270857e-05,7.2458147044695025,14.2547728442568,nan,0.9055112497960326,nan
418.25,192.33074951171875,-169.706787109375,-60.456764221191406,193.35289193838386,-169.9759315381997,-60.46023654449636,1.0569890827181458,0.35274142600408454,0.057245893486101984,3.587212012028725e-05,7.371278523185091,14.455970227154184,2.2228548901212837,nan,nan
418.26,192.3220672607422,-169.7090301513672,-60.45771789550781,193.34421706374118,-169.97828636841746,-60.46078162657655,1.0570234229378124,0.35279257056733143,0.05726376413226049,3.516191639724716e-05,7.277414178298211,14.89727428389947,nan,0.18425330904926993,nan
418.27,192.31338500976562,-169.71124267578125,-60.45865249633789,193.33553430408378,-169.98060195366892,-60.46181661596835,1.0570494842306608,0.3528438020741281,0.05728169799767428,3.586722745941711e-05,7.265940486798118,14.370708237470549,nan,nan,nan
418.28000000000003,192.30470275878906,-169.71340942382812,-60.45956802368164,193.32686425242576,-169.98286380285978,-60.46198178187496,1.0570835386484672,0.3528951200275435,0.05729969486039001,3.5157627851940945e-05,7.12889417626209,14.311924481000975,nan,0.5080183789104159,nan
418.29,192.29600524902344,-169.7155303955078,-60.46046447753906,193.3181818409615,-169.98509164766105,-60.46297330583914,1.0571256065330998,0.3529465251876648,0.05731775521825879,3.586318792798528e-05,7.11549139744908,14.182953367187748,nan,nan,nan
418.3,192.28732299804688,-169.7176055908203,-60.46134567260742,193.3145177790091,-169.98673626795863,-60.465891713018735,1.0618762196679863,0.3528781647653624,0.05731209046207933,3.513297144757471e-05,7.703219289564855,14.754284880979796,1.5077621825323568,3.005571883311086,nan
418.31,192.2786407470703,-169.71963500976562,-60.46220397949219,193.30584507026546,-169.9888724166192,-60.466867397443885,1.0619130144729507,0.35292934609882237,0.057330163937621,3.583791882167325e-05,7.697892793622155,15.069387011226778,nan,nan,nan
418.32,192.26995849609375,-169.7216339111328,-60.463050842285156,193.29719480438658,-169.99095052407034,-60.46615607902601,1.0619583389071523,0.35298061383965,0.05734830065396616,3.5130224177861324e-05,7.342375135247931,14.16830901367065,nan,1.9556407275358438,nan
418.33,192.2612762451172,-169.7235870361328,-60.4638786315918,193.28852195297932,-169.99300576146825,-60.467082723728396,1.0619936252581623,0.35303196865197994,0.0573665010587844,3.583544979652073e-05,7.330979409666049,14.437650125992173,nan,nan,nan
418.34000000000003,192.25257873535156,-169.7255096435547,-60.464691162109375,193.27984216458339,-169.99502681437662,-60.468515811524625,1.062037798926258,0.35308341018214356,0.057384765004646225,3.512820777081844e-05,7.438627343941632,13.982589504557108,nan,0.19101667142105266,nan
418.35,192.243896484375,-169.72738647460938,-60.465484619140625,193.2245124016828,-169.9802575465986,-60.46935158190856,1.012702478385164,0.35301497821967254,0.057379078691694334,3.5811700354210376e-05,7.077682345328617,14.580257142922004,18.365258862357756,nan,nan
418.36,192.23521423339844,-169.72923278808594,-60.46626281738281,193.21576901713382,-169.98216808590797,-60.469639994400886,1.0126575700182574,0.3530661957198425,0.05739735504943664,3.510571745036129e-05,6.962107612500155,14.193543616758157,nan,0.2495590584971954,nan
418.37,192.22653198242188,-169.7310333251953,-60.46702575683594,193.20701808027493,-169.98404714883938,-60.47050404597153,1.0126110218309012,0.3531175001615461,0.05741569528788875,3.581065310903079e-05,6.951744976135793,14.480921852198787,nan,nan,nan
418.38,192.21783447265625,-169.73280334472656,-60.467777252197266,193.19825110575096,-169.98590189330082,-60.47268766261808,1.0125708675789833,0.35316889127274853,0.057434099303316444,3.510503756566705e-05,7.278339782484708,14.211052216771984,nan,1.2486585513932298,nan
418.39,192.2091522216797,-169.73452758789062,-60.468509674072266,193.18949960789314,-169.987708602265,-60.47353665468611,1.0125250091870712,0.35322036959570535,0.05745256747846364,3.5810279903740455e-05,7.273786177239073,14.968783997922285,nan,nan,nan
418.40000000000003,192.20046997070312,-169.73623657226562,-60.4692268371582,193.15767437753243,-169.98205404103564,-60.47287636025848,0.9882711284990563,0.35315186557595357,0.05744685528854364,3.50838362493485e-05,6.716894410762957,14.145213272304968,4.581454999879037,1.6753059304758673,nan
418.41,192.1917724609375,-169.73789978027344,-60.469932556152344,193.14888363722756,-169.98378346538394,-60.47368378169365,0.9881976837029699,0.3532031196230327,0.057465335127591444,3.578851933047869e-05,6.708084021072173,14.135166028844221,nan,nan,nan
418.42,192.18309020996094,-169.73953247070312,-60.47062301635742,193.14009875250187,-169.98547466695993,-60.473909662098535,0.9881111862721572,0.35325446028559837,0.05748387897344504,3.508436006415796e-05,6.600255519965686,14.285089147539535,nan,0.2270513560578701,nan
418.43,192.17440795898438,-169.74111938476562,-60.4713020324707,193.13130740741195,-169.9871376670897,-60.474685347960474,0.9880247954694253,0.3533058880371004,0.05750248717113382,3.578937019706104e-05,6.58902984797578,14.641910848571106,nan,nan,nan
418.44,192.16571044921875,-169.74269104003906,-60.471961975097656,193.1225158198166,-169.9887684261984,-60.475448333604206,0.9879487597439236,0.35335740285768413,0.05752115976512389,3.650870423374271e-05,6.580471514769389,13.939957445437546,nan,nan,nan
418.45,192.1570281982422,-169.74423217773438,-60.47261428833008,193.15261028220144,-170.00636630886402,-60.476248894289704,1.029519887600145,0.35328882708887727,0.0575154178511029,3.721869936288982e-05,6.753235722639804,13.91376456572957,13.321090916548348,nan,nan
418.46000000000004,192.14834594726562,-169.7457275390625,-60.47325134277344,193.14389215521084,-170.00795392735773,-60.47590011321836,1.0295056808280953,0.35334011726141024,0.05753410126247008,3.642940560443569e-05,6.568531708791204,14.338954719196648,nan,0.7710377531415863,nan
418.47,192.1396484375,-169.74720764160156,-60.473873138427734,193.13516318530517,-170.00951965669125,-60.47661718041852,1.0294973220579358,0.35339149441535356,0.05755284922328225,3.7160907018888826e-05,6.557609621484254,13.623125636040967,nan,nan,nan
418.48,192.13096618652344,-169.7486572265625,-60.4744873046875,193.1264370978244,-170.0110530507005,-60.476989719115615,1.0294756752101586,0.35344295841763623,0.0575716617048742,3.637491748253904e-05,6.50581225144893,13.713163823384356,nan,0.07240866656608858,nan
418.49,192.1222686767578,-169.7500762939453,-60.4750862121582,193.1177075414831,-170.01255967006216,-60.47768068963806,1.0294672347659541,0.3534945096759984,0.0575905390168845,3.710512062065038e-05,6.49419045526679,13.593005415153016,nan,nan,nan
418.5,192.11358642578125,-169.75146484375,-60.47567367553711,193.0819220331962,-170.00903475424155,-60.478289742988395,1.0020094566356303,0.35342586192278685,0.05758476318685653,3.782536973143459e-05,6.028308187164017,14.090064337100943,8.10891498718381,nan,nan
418.51,192.10488891601562,-169.75282287597656,-60.47624969482422,193.07314497502506,-170.01049006454986,-60.478957142626285,1.001957836512768,0.35347718845172077,0.05760365063188016,3.8583880932488604e-05,6.016416345082241,13.858063448363197,nan,nan,nan
418.52,192.09620666503906,-169.754150390625,-60.47681427001953,193.0643596156281,-170.01192452013402,-60.48059760222629,1.0018891910690333,0.353528601755931,0.057622602810224605,3.770823763306172e-05,6.184619880685717,14.449638120843366,nan,0.5866966338760541,nan
418.53000000000003,192.08750915527344,-169.75546264648438,-60.47736740112305,193.05558224633987,-170.01332540756457,-60.4812540230791,1.0018352254882237,0.35358010221008923,0.057641620013607404,3.8463688898900796e-05,6.177480182087464,13.737552559901026,nan,nan,nan
418.54,192.07882690429688,-169.75674438476562,-60.477909088134766,193.0468257907564,-170.0146826733352,-60.47922227736811,1.001776287083618,0.35363168974082015,0.05766070224644712,3.759504987446572e-05,5.809827011342156,13.825283514272929,nan,4.376124167681165,nan
418.55,192.07012939453125,-169.75799560546875,-60.47844314575195,193.0566215454979,-170.01941722933077,-60.480016743283294,1.020544220281837,0.353562969948382,0.057654888403738135,3.8322567898601344e-05,6.125138443573911,13.506461379894464,5.0787638136519675,nan,nan
418.56,192.0614471435547,-169.7592315673828,-60.47896194458008,193.04788469197865,-170.02072945082622,-60.47944171191977,1.0205098775429688,0.3536143325325118,0.05767397998236005,3.7461855548481126e-05,6.046369500439294,13.509502707576091,nan,0.853530703779327,nan
418.57,192.05274963378906,-169.76043701171875,-60.47947311401367,193.0391387823676,-170.0220238268603,-60.480023952642476,1.0204859223490366,0.35366578215266953,0.05769313677196593,3.821071748938473e-05,6.028075766567479,13.331957798245377,nan,nan,nan
418.58,192.0440673828125,-169.76161193847656,-60.47997283935547,193.03039936051542,-170.02328846522357,-60.47963698682723,1.0204535695888608,0.3537173187809869,0.05771235880390358,3.735658021350669e-05,6.0024134022694025,13.856881407225362,nan,0.5694228217074357,nan
418.59000000000003,192.03536987304688,-169.7627716064453,-60.480464935302734,193.02165274063452,-170.02453492830142,-60.48019095191384,1.0204283446832287,0.3537689427240381,0.057731646329750475,3.8102864764007244e-05,5.9815778176343315,13.194478271704972,nan,nan,nan
418.6,192.02667236328125,-169.763916015625,-60.4809455871582,192.9937496914018,-170.01132961986397,-60.479939067108845,0.9982249562147378,0.3537001507657545,0.05772579031803708,3.7231572074196814e-05,6.275503421318071,12.983686169370456,9.152129758792407,0.5169411545520778,nan
418.61,192.0179901123047,-169.7650146484375,-60.481414794921875,192.98497480495942,-170.01249046358558,-60.48046850462149,0.9981505750021428,0.35375154952128735,0.05774508637081629,3.7974484105226805e-05,6.250670582620675,14.079445284097183,nan,nan,nan
418.62,192.00929260253906,-169.76622009277344,-60.48197937011719,192.97621074469944,-170.0136740678716,-60.47928408813575,0.9980838782265345,0.35380303521233786,0.057764447873194236,3.713396154589419e-05,6.406197049408567,13.253448303122928,nan,1.9317149147054369,nan
418.63,192.00059509277344,-169.7675018310547,-60.482635498046875,192.96743547913266,-170.01495271678698,-60.47993347093364,0.998007802822938,0.35385460810925295,0.05778387505475802,3.787459676000248e-05,6.386343197366271,13.598375427892336,nan,nan,nan
418.64,191.99191284179688,-169.7688751220703,-60.48338317871094,192.95867758047277,-170.0163016140861,-60.47767860310078,0.9979411160390161,0.3539062682384889,0.05780336797969091,3.704002298579307e-05,7.055171860400398,14.381304121627494,nan,5.651242254825547,nan
418.65000000000003,191.98321533203125,-169.77032470703125,-60.484222412109375,192.9662116973595,-170.01791455894843,-60.47843690998553,1.0137139937160635,0.35383740420229104,0.05779746577656675,3.775440287876529e-05,7.496313237529407,14.173659195744372,4.877712276531305,nan,nan
418.66,191.97451782226562,-169.77186584472656,-60.48515319824219,192.95746562305015,-170.01943106263906,-60.47930026476071,1.0136612713414392,0.35388883892071593,0.05781696640304244,3.692663492022169e-05,7.521234385400599,13.899686431381985,nan,0.000645659459739565,nan
418.67,191.9658203125,-169.7734832763672,-60.486167907714844,192.94871917318324,-170.02102971157882,-60.480285390698214,1.0136093981040428,0.3539403607387306,0.05783653289207769,3.766219016323112e-05,7.495853333238107,14.269292809521987,nan,nan,nan
418.68,191.95713806152344,-169.77517700195312,-60.487274169921875,192.9399639002389,-170.02271681293536,-60.48304984133194,1.0135287032047464,0.35399196971126395,0.05785616532560514,3.683997028391386e-05,7.0443124947335765,14.109542231775574,nan,1.8172843036950432,nan
418.69,191.9484405517578,-169.77694702148438,-60.48846435546875,192.93121718823974,-170.02447695791298,-60.484228560768024,1.0134786275989403,0.354043666066003,0.05787586390671238,3.757364709036289e-05,7.020540690731503,14.083956588233097,nan,nan,nan
418.7,191.9397430419922,-169.77880859375,-60.489742279052734,192.87523591457835,-170.0156025477169,-60.48596555985561,0.9650039144494121,0.35397472978943684,0.05786991131348154,3.673401017661701e-05,6.249396160736139,13.886719765345333,21.033130627535602,0.1181130641743362,nan
418.71000000000004,191.93104553222656,-169.78073120117188,-60.4911003112793,192.86640796883438,-170.01752021553364,-60.487322107667985,0.9648762614770131,0.3540262004948438,0.0578896167442073,3.7465010488120736e-05,6.224758769912194,14.625081639019673,nan,nan,nan
418.72,191.92236328125,-169.78274536132812,-60.49254608154297,192.82711839609243,-169.9912586458308,-60.48815842332943,0.9284820187770124,0.3494373759131013,0.05391781067250455,3.6653178188489445e-05,8.371349436497828,16.49949598184803,nan,0.24735500431976165,0.19999858014024283
418.73,191.91366577148438,-169.7848358154297,-60.49407196044922,192.8182984029183,-169.99330268535508,-60.489678195811585,0.9283522708967887,0.3494914273340291,0.053929796086523325,3.738252124839621e-05,8.338478438636677,16.288065220210967,nan,nan,nan
418.74,191.90496826171875,-169.78700256347656,-60.49568176269531,192.80955097253454,-169.99549900347208,-60.492535032971986,0.9283052020244174,0.34954556035033163,0.05394183445830239,3.657687602014024e-05,8.06883252064564,15.942936511829632,nan,1.0146035491439789,nan
418.75,191.89627075195312,-169.7892303466797,-60.497371673583984,192.8058678715057,-169.9987354777943,-60.49419534416341,0.9334181318842592,0.3494726994618389,0.053935906621089436,3.7281272738363155e-05,8.156579643961603,16.35369428220667,0.3223087081010858,nan,nan
418.76,191.88758850097656,-169.79153442382812,-60.49913787841797,192.79697351051664,-170.00091588685746,-60.49452664507678,0.933189667811121,0.3495265969192056,0.05394798421792981,3.648140704938469e-05,8.443686129339333,17.06750680834044,nan,1.3583957752780342,nan
418.77,191.87889099121094,-169.79393005371094,-60.5009880065918,192.7881618449637,-170.00325596327693,-60.49637087364369,0.933065988993576,0.349580585935167,0.053960126184114846,3.720690801556433e-05,8.410767069566088,15.947862251467605,nan,nan,nan
418.78000000000003,191.8701934814453,-169.79637145996094,-60.502891540527344,192.77929922670742,-170.0056149447808,-60.49737549745058,0.9328914828313969,0.3496346567743184,0.053972321857400786,3.6411642613531385e-05,8.648420080036743,17.162045219910507,nan,0.5371498945606497,nan
418.79,191.86151123046875,-169.7989044189453,-60.50480651855469,192.77048796127127,-170.008098388141,-60.499313033174374,0.9327545187614548,0.34968881930179174,0.05398458195766553,3.713583691490497e-05,8.601652768011977,16.71034796799703,nan,nan,nan
418.8,191.85281372070312,-169.80149841308594,-60.5067024230957,192.72764125795302,-169.99861509192525,-60.50122860304111,0.8967765427983456,0.3496158660475065,0.053978745578991336,3.632277759143286e-05,8.357506106801189,17.27455208471569,9.581731661976805,0.0034738899815269057,nan
418.81,191.8441162109375,-169.8041534423828,-60.508575439453125,192.718774843596,-170.00122233246017,-60.50314546237533,0.8966010014334362,0.3496697925618701,0.05399104422304172,3.704486047693954e-05,8.303849565961817,17.358483475392497,nan,nan,nan
418.82,191.83543395996094,-169.80690002441406,-60.51041793823242,192.7099487403737,-170.0039397208975,-60.50576390507486,0.8964498888255322,0.34972380111913415,0.054003397291638604,3.625923654101777e-05,8.08195577302043,16.766319570308074,nan,0.34940403579344026,nan
418.83,191.8267364501953,-169.8096923828125,-60.51222610473633,192.70108317616288,-170.0066841329864,-60.50762878332393,0.8962751152469628,0.34977790096921363,0.054015814592804634,3.698021234520755e-05,8.03164945724652,17.07585411836395,nan,nan,nan
418.84000000000003,191.81805419921875,-169.81256103515625,-60.513999938964844,192.692176361818,-170.00945307322155,-60.50868698302151,0.8960380892024495,0.34983208330389337,0.05402828681987014,3.619866316163459e-05,8.215708300132517,17.323770222026504,nan,0.3945124311845416,nan
418.85,191.80935668945312,-169.81549072265625,-60.51573944091797,192.68946738266976,-170.0140842549642,-60.510490108731425,0.90225372200796,0.3497590475279424,0.054022547834362535,3.689569458917666e-05,8.247882505396102,17.001341076153683,0.3084998685546801,nan,nan
418.86,191.80067443847656,-169.81849670410156,-60.51744079589844,192.6805769455323,-170.01699255543116,-60.51157061616813,0.9020329727499378,0.34981299369943514,0.05403505836598448,3.6119006752980124e-05,8.43152849605069,17.41096064722582,nan,0.30328198265834605,nan
418.87,191.79197692871094,-169.82156372070312,-60.51911163330078,192.67172273380612,-170.02000249356956,-60.513288169204834,0.9018672523677678,0.34986703077627196,0.054047632959277433,3.6837134136336803e-05,8.374846981877566,16.97535281096387,nan,nan,nan
418.88,191.78329467773438,-169.82469177246094,-60.520748138427734,192.66274417805815,-170.02295061033024,-60.512584978394635,0.9015567800170694,0.34992115054350587,0.05406026315168513,3.606419350067834e-05,9.278017680710494,18.406393416200313,nan,3.7888709677585206,nan
418.89,191.77459716796875,-169.827880859375,-60.52235412597656,192.65389077241898,-170.02608854048742,-60.514214699475005,0.9013932426764732,0.3499753613570587,0.054072957495750085,3.67814717081153e-05,9.207946240295898,17.973039658407046,nan,nan,nan
418.90000000000003,191.7659149169922,-169.8311309814453,-60.52392578125,192.64745894691882,-170.02585758075278,-60.515103598291425,0.9028378348791606,0.34990223482423016,0.054067302597162505,3.5990300948011465e-05,9.906605119376003,18.80126582048551,3.1244481758897256,0.2546390564482037,nan
418.91,191.75723266601562,-169.83444213867188,-60.52546691894531,192.63860778456174,-170.0291004497987,-60.51666334183258,0.9026579976120034,0.349956209033835,0.05408003454750376,3.670591646040475e-05,9.831688943448079,18.731413916294404,nan,nan,nan
418.92,191.74853515625,-169.8378143310547,-60.5269775390625,192.6297320290246,-170.03237952888944,-60.517696622808366,0.902468658847908,0.3500102661292876,0.05409282273979992,3.5940928200335364e-05,10.093589864802343,18.660711548689754,nan,0.16478885658761588,nan
418.93,191.73985290527344,-169.8412628173828,-60.52846145629883,192.62088187521056,-170.0357443200716,-60.519191898612114,0.9022865539595794,0.35006441389766163,0.054105674948312074,3.66558531917756e-05,10.018652416121409,18.33603253775827,nan,nan,nan
418.94,191.73117065429688,-169.84475708007812,-60.529911041259766,192.61203195558295,-170.0391688959875,-60.520651297068966,0.9021077148162835,0.35011864498085,0.05411858386866232,3.589414375664287e-05,10.039859033219628,19.038629341976623,nan,3.351877304090247e-05,nan
418.95,191.7224884033203,-169.8483123779297,-60.531333923339844,192.6297584304617,-170.04739972339044,-60.52208191741627,0.9289027252007277,0.35004543604740784,0.054113016763072744,3.6585878418004266e-05,10.539363170487812,18.581365041713116,7.307635063875208,nan,nan
418.96000000000004,191.71380615234375,-169.85191345214844,-60.5327262878418,192.62090915346127,-170.05088987462247,-60.522641937313324,0.9287244830748013,0.350099430367941,0.05412596296459467,3.582821959103917e-05,11.014497366768383,19.436709074273242,nan,0.486755623605273,nan
418.97,191.70510864257812,-169.8555145263672,-60.53409194946289,192.6121019264823,-170.0544437243752,-60.52401678468696,0.9286071030380112,0.3501535149979236,0.05413897306874612,3.6541081636352424e-05,10.929321701494414,18.77738077208452,nan,nan,nan
418.98,191.69642639160156,-169.8590850830078,-60.535430908203125,192.6033614137681,-170.05803799836704,-60.526742799915446,0.9285412646661406,0.3502076831215749,0.054152040485823054,3.578641317813672e-05,10.234987809264533,18.123710491483266,nan,1.2808107615494608,nan
418.99,191.687744140625,-169.86257934570312,-60.5367431640625,192.59455542650662,-170.0615200286873,-60.52807861587212,0.9284175665851163,0.3502619417092,0.05416517192611864,3.649878623289964e-05,10.154758216603128,18.68777975365722,nan,nan,nan
419.0,191.67906188964844,-169.86602783203125,-60.538028717041016,192.6009233354565,-170.0660221598846,-60.527598197882725,0.9433636902970034,0.35018864356119844,0.05415968112507096,3.572542828796817e-05,11.582753094673231,19.313483106184858,6.091047302054823,2.790023431742126,nan
419.01,191.67037963867188,-169.86940002441406,-60.53928756713867,192.59214062658276,-170.0693697632093,-60.52886839332733,0.9432601838576659,0.35024266496142714,0.054172849130476465,3.643648914428189e-05,11.489417948693928,19.65621884524526,nan,nan,nan
419.02,191.6616973876953,-169.8727264404297,-60.540523529052734,192.58334609546716,-170.07264067201632,-60.52984994554781,0.9431415407632268,0.35029677002243526,0.05418607502143604,3.56882876085036e-05,11.676474502945176,19.233653504035903,nan,0.047405142210249676,nan
419.03000000000003,191.65301513671875,-169.87596130371094,-60.54173278808594,192.5745641455417,-170.075858408569,-60.531069292080005,0.9430403694117562,0.3503509652002147,0.05419936485481862,3.639898319976478e-05,11.580426708303152,20.03861207434798,nan,nan,nan
419.04,191.64434814453125,-169.879150390625,-60.54291915893555,192.56586565166987,-170.0790917628395,-60.53409866069904,0.9429999307927508,0.3504052444533196,0.0542127130142353,3.565336133139111e-05,10.611842139098169,18.843312559776386,nan,2.2854754289472434,nan
419.05,191.6356658935547,-169.8822784423828,-60.54408264160156,192.5921488391202,-170.08929021520692,-60.535244307721726,0.9786682866994448,0.3503318640870269,0.054207300328921064,3.63414210809585e-05,11.263733886822568,18.289018859277753,11.496724583660617,nan,nan
419.06,191.62698364257812,-169.8853302001953,-60.545223236083984,192.58337139148307,-170.09226050003008,-60.53527670157689,0.9785686530815683,0.35038590598377306,0.05422068464657657,3.559914481712049e-05,11.866921953951723,19.28895183622506,nan,0.8798944578767555,nan
419.07,191.61830139160156,-169.88833618164062,-60.54633712768555,192.57464466759407,-170.09521761061706,-60.53641168906361,0.9785146404235617,0.35044003766111526,0.05423413284570759,3.630838560982431e-05,11.776095381025355,19.08198410201693,nan,nan,nan
419.08,191.609619140625,-169.89126586914062,-60.54743194580078,192.5659315084395,-170.09812713954136,-60.5378310311029,0.978476932579302,0.3504942535627792,0.05424763990475827,3.556843918248612e-05,11.628135070788716,19.228085015488926,nan,0.06393430816277605,nan
419.09000000000003,191.60093688964844,-169.89414978027344,-60.54850769042969,192.55720519120018,-170.1009647897215,-60.53892627895891,0.9784238938882444,0.3505485594144228,0.05426121099424347,3.627746846407865e-05,11.542106651626739,18.673997584948665,nan,nan,nan
419.1,191.59226989746094,-169.89697265625,-60.549556732177734,192.5359989616866,-170.0994820721408,-60.539267640648994,0.9652670488487464,0.3504750913015333,0.054255866457703215,3.551837788600784e-05,11.875306337886444,19.839302147736582,1.3976804293437053,0.3104884898075564,nan
419.11,191.58358764648438,-169.8997344970703,-60.55058670043945,192.52725272002476,-170.10219951651027,-60.540314120733626,0.9651949963663398,0.3505291593896875,0.05426947297041703,3.622636269001275e-05,11.782125137644293,19.557576145179723,nan,nan,nan
419.12,191.5749053955078,-169.90245056152344,-60.551597595214844,192.51852207502552,-170.10487565069698,-60.54170626804788,0.9651353236432997,0.3505833118387288,0.054283138850691685,3.549159726362538e-05,11.60115247709458,19.07718776323965,nan,0.09161415276020526,nan
419.13,191.56622314453125,-169.9051055908203,-60.55258560180664,192.5097762397753,-170.10748305201943,-60.5427171380918,0.9650629341769016,0.35063755391895424,0.05429686873011076,3.619946496396761e-05,11.509630604888619,19.388835691146976,nan,nan,nan
419.14,191.5575408935547,-169.90771484375,-60.553558349609375,192.50105667974898,-170.11006143466656,-60.544348837173565,0.9650134697364084,0.3506918807593955,0.05431065839064204,3.5466674973448826e-05,11.186302853815596,18.658857030529678,nan,0.2813238812739414,nan
419.15000000000003,191.5488739013672,-169.91026306152344,-60.554508209228516,192.5083108968626,-170.1157333919893,-60.54540491737931,0.9812340571696057,0.35061833067952297,0.05430538222928014,3.615230293117988e-05,11.40029837412099,19.302568629284433,2.6253160167863845,nan,nan
419.16,191.54019165039062,-169.9127655029297,-60.55543899536133,192.49958513794027,-170.1181752339618,-60.546250295546926,0.9811796235958237,0.35067241957648737,0.054319206828876136,3.5422254894801244e-05,11.467378915202298,19.03405854652606,nan,0.00952414580668223,nan
419.17,191.53150939941406,-169.91522216796875,-60.55635070800781,192.49086408905325,-170.1205711145203,-60.547194255468554,0.9811286618000851,0.350726597797309,0.054333095413914026,3.612912736477105e-05,11.38054138342204,18.91415362097435,nan,nan,nan
419.18,191.5228271484375,-169.91761779785156,-60.557247161865234,192.48212736336555,-170.12290328466176,-60.547720795864194,0.9810656375111134,0.3507808608962515,0.054347044252358596,3.54008420437952e-05,11.598781800067439,19.316327192545586,nan,0.1103645610409921,nan
419.19,191.51414489746094,-169.9199676513672,-60.55812454223633,192.47340640180568,-170.12520137609226,-60.548626273505185,0.9810166831359941,0.3508352135037781,0.054361057250982114,3.610771137659092e-05,11.509369618247211,19.28282953078726,nan,nan,nan
419.2,191.50547790527344,-169.9222869873047,-60.558982849121094,192.42422195839714,-170.11629880719036,-60.5503768013845,0.9390448793658188,0.3507615770674541,0.05435584074816812,3.535985165615526e-05,10.5504482134464,19.023170859833815,13.637432633560897,0.6773519146349981,nan
419.21000000000004,191.49679565429688,-169.92454528808594,-60.5598258972168,192.41543607881127,-170.11849770252164,-60.55125670062214,0.9389308812408398,0.3508156913427172,0.05436988793045302,3.606587564813189e-05,10.46734572689295,18.95729123840463,nan,nan,nan
419.22,191.4881134033203,-169.9267578125,-60.56064987182617,192.4067016741114,-170.12069775393942,-60.553492562873906,0.9388654531890634,0.3508698906014763,0.05438399581461169,3.5341675930363655e-05,9.856289746046173,18.567603489102158,nan,1.3027701258537094,nan
419.23,191.47943115234375,-169.92892456054688,-60.561458587646484,192.39791561468067,-170.1228067100519,-60.55435457434685,0.9387515445824777,0.35092417907908413,0.054398167871447446,3.604776703067879e-05,9.782264328109314,18.483775416769504,nan,nan,nan
419.24,191.4707489013672,-169.93106079101562,-60.562252044677734,192.38914975625468,-170.12489016566042,-60.555754715047904,0.9386544476140248,0.3509785529242338,0.054412401019539286,3.5325029183515066e-05,9.553851879474806,17.894637680177002,nan,0.21235910461016547,nan
419.25,191.46206665039062,-169.9331512451172,-60.56303024291992,192.35870690180673,-170.11737739464917,-60.55655496361194,0.9153933274134274,0.3509048348446536,0.05440724309979553,3.6009153091718305e-05,9.506512965748742,18.188434579159146,4.89507508513302,nan,nan
419.26,191.45339965820312,-169.93519592285156,-60.56379318237305,192.3498883780484,-170.11934257582615,-60.557504478206695,0.9152276014258228,0.3509589701664641,0.05442150987480691,3.52886486207599e-05,9.438358732065995,18.563394580588046,nan,0.011385954764719156,nan
419.27,191.44471740722656,-169.93719482421875,-60.564537048339844,192.34106506653933,-170.12126251223003,-60.55831274727359,0.9150731020246731,0.35101319442875845,0.05443584085016183,3.599408180100656e-05,9.369800048860888,18.566071786371804,nan,nan,nan
419.28000000000003,191.43603515625,-169.9391632080078,-60.565269470214844,192.33220825043165,-170.12311293205755,-60.55816104214766,0.9148848263375403,0.3510675041455543,0.05445023333353192,3.527486130966814e-05,9.702516207216327,18.481421253846868,nan,0.6217913320795921,nan
419.29,191.42735290527344,-169.9410858154297,-60.56598663330078,192.32338440684023,-170.12495308431656,-60.558932283113535,0.9147291338011095,0.35112190300271673,0.054464690214931916,3.598044306647736e-05,9.62933046085843,18.666284144531765,nan,nan,nan
419.3,191.41867065429688,-169.94297790527344,-60.566688537597656,192.34465050673103,-170.13861341379507,-60.55898154114151,0.9464519729510152,0.3510480998790737,0.054459583168844874,3.5241255517685566e-05,10.045370599486745,18.425527610628418,8.555223984917244,0.25721869837353617,nan
419.31,191.4099884033203,-169.94482421875,-60.567378997802734,192.33587622033053,-170.14039720498687,-60.559718105722176,0.9463486312670549,0.3511022598424804,0.05447407289975636,3.594613531602582e-05,9.969144459999818,18.442379139390187,nan,nan,nan
419.32,191.40130615234375,-169.94664001464844,-60.56805419921875,192.32714149742824,-170.14217845618123,-60.561637055116876,0.9462809033596842,0.3511565053351896,0.054488624534138844,3.523008298150297e-05,9.482415576397894,17.9550861617273,nan,0.9951685425097413,nan
419.33,191.3926239013672,-169.9484100341797,-60.5687141418457,192.31836655982988,-170.14388885128685,-60.56236041100217,0.9461774714771141,0.3512108397069841,0.054503240616781766,3.593516209318139e-05,9.413366149292271,18.310857469579865,nan,nan,nan
419.34000000000003,191.38394165039062,-169.9501495361328,-60.56936264038086,192.30959774581456,-170.14556891652273,-60.56326530372967,0.9460788121196342,0.35126525997736036,0.05451791897103253,3.52201426938998e-05,9.322407727925624,18.01380406029585,nan,0.026140608111970904,nan
419.35,191.37525939941406,-169.9518585205078,-60.56999969482422,192.30857135352545,-170.15754294048008,-60.56408957000188,0.9557260140238754,0.3511913756065216,0.05451286067453206,3.590343282739023e-05,8.732478550915644,17.609072043783982,8.65658030440408,nan,nan
419.36,191.3665771484375,-169.95352172851562,-60.570621490478516,192.29982467007986,-170.15919631564222,-60.565176987861165,0.9556582103712854,0.35124555678147695,0.05452757125380729,3.519022565005917e-05,8.578371130394885,17.998377159481315,nan,0.10926510387548038,nan
419.37,191.35789489746094,-169.95516967773438,-60.571231842041016,192.29106511879095,-170.16080536386593,-60.565861204210044,0.9555739328480133,0.35129982658508485,0.05454234634425809,3.589488557936338e-05,8.517365950409117,17.373652093333213,nan,nan,nan
419.38,191.34921264648438,-169.95677185058594,-60.57183074951172,192.28230879633796,-170.16238427221558,-60.56664432059112,0.9554955739536067,0.35135418234452187,0.054557184073803354,3.518256543621856e-05,8.455310046420179,17.64948195911002,nan,0.008496408750609197,nan
419.39,191.3405303955078,-169.95834350585938,-60.57241439819336,192.27354894248097,-170.16392811214988,-60.56730733135882,0.9554133772724649,0.3514086269469387,0.05457208653221425,3.588748017559086e-05,8.394674853286718,17.816483651183805,nan,nan,nan
419.40000000000003,191.33184814453125,-169.9598846435547,-60.57299041748047,192.27144982004046,-170.1752870149244,-60.57224788353991,0.9639761623443107,0.35133465876951214,0.05456707006978505,3.5154845779347216e-05,7.213089029038234,16.772554301136548,7.337350147877927,12.530769956705061,nan
419.41,191.3231658935547,-169.96139526367188,-60.573551177978516,192.26270363263288,-170.1768046574387,-60.57293278673944,0.9639153243324212,0.35138886392392515,0.054582003952140204,3.585915758744302e-05,7.185413530528711,16.971740374124387,nan,nan,nan
419.42,191.31448364257812,-169.96287536621094,-60.57410430908203,192.25392646998853,-170.17826634601914,-60.5725609191372,0.9638197353281954,0.351443155079984,0.05459700082231194,3.514925096389103e-05,7.219943020788798,16.761436433335515,nan,0.7664971743714533,nan
419.43,191.3057861328125,-169.96434020996094,-60.57464599609375,192.2451796433258,-170.17972344601816,-60.57321511784737,0.9637697616036388,0.351497534844617,0.054612062503151676,3.5853852929631e-05,7.18821972171507,16.078427700568874,nan,nan,nan
419.44,191.29710388183594,-169.96575927734375,-60.57517623901367,192.2364570282187,-170.18117154635092,-60.574724296590134,0.9637359511349357,0.35155200096636363,0.054627187521669646,3.5144627617752875e-05,7.114380619040161,16.825050834336718,nan,0.5236094720055413,nan
419.45,191.28842163085938,-169.96714782714844,-60.5756950378418,192.19831843647748,-170.18007281475585,-60.57534554692384,0.9344781267453753,0.3514779520072629,0.054622209943097425,3.582754866005225e-05,6.400613420988812,17.114011779194772,10.770383801414683,nan,nan
419.46000000000004,191.2797393798828,-169.96852111816406,-60.576202392578125,192.1895079029264,-170.18144973975666,-60.57534023171196,0.9343543796309874,0.35153217846967294,0.054637365698159523,3.511979324858773e-05,6.396581131079636,16.771440577088327,nan,0.2861536844727351,nan
419.47,191.27105712890625,-169.96986389160156,-60.57670211791992,192.18071488015215,-170.1828134774963,-60.57595814719332,0.9342511996390115,0.35158649331626546,0.05465258635591823,3.5824137115107064e-05,6.368986502346029,16.65675254289742,nan,nan,nan
419.48,191.26235961914062,-169.97117614746094,-60.57719039916992,192.17192542114532,-170.18415327706379,-60.57670335324569,0.9341677810350988,0.35164089454954756,0.05466787067581229,3.5116945882321274e-05,6.33871139066148,16.527577965415,nan,0.01304954156509441,nan
419.49,191.25367736816406,-169.97256469726562,-60.57777404785156,192.16313200771052,-170.18551885068882,-60.577356279353175,0.9340542743241842,0.35169538439468956,0.05468322013314822,3.582161515926862e-05,6.3177496757365645,16.96970794401176,nan,nan,nan
419.5,191.2449951171875,-169.9740447998047,-60.57844924926758,192.16588900763182,-170.189577739761,-60.58039392617172,0.9457821035693943,0.351621252796482,0.05467827513386616,3.50938115460633e-05,6.582460492587655,16.860476206970418,1.353800108977493,3.4391730154370577,nan
419.51,191.23629760742188,-169.97561645507812,-60.57921600341797,192.1571130880648,-170.1911090454473,-60.58125770285765,0.9456967666394223,0.3516755026465777,0.05469365450137744,3.579794250065779e-05,6.573681429831357,16.26967920819292,nan,nan,nan
419.52,191.2276153564453,-169.9772491455078,-60.58007049560547,192.14833896696558,-170.19272372767742,-60.58229337779445,0.9456036187197431,0.35172983890248666,0.0547090978391851,3.5092556093944285e-05,6.578941260408559,17.385280452483464,nan,0.004502045787679995,nan
419.53000000000003,191.21893310546875,-169.97897338867188,-60.581016540527344,192.13956262108184,-170.19441779814616,-60.58334050211432,0.945505367192153,0.3517842635604471,0.05472460642176234,3.579703598945573e-05,6.570612541540243,16.864969273490438,nan,nan,nan
419.54,191.21023559570312,-169.98077392578125,-60.58205032348633,192.13079843221595,-170.19620147062483,-60.584974354788606,0.9454382650416338,0.3518387749671368,0.05474017930913157,3.5092048414356836e-05,6.645247670952707,16.78987550334222,nan,0.17341671078793786,nan
419.55,191.20155334472656,-169.982666015625,-60.58317184448242,192.16218313551497,-170.20622765337424,-60.5861789402157,0.9863054513932501,0.3517645631172771,0.054735263304309924,3.577490496180164e-05,7.296400461686863,16.4309689433829,13.761903228096434,nan,nan
419.56,191.19287109375,-169.984619140625,-60.584381103515625,192.1534401988092,-170.20813056725336,-60.58627222946091,0.9862321936466107,0.3518188343091347,0.05475086535626535,3.507111464945883e-05,7.127199677997249,16.687232095785447,nan,1.0550006456683279,nan
419.57,191.18417358398438,-169.98666381835938,-60.585670471191406,192.14472662432763,-170.21013299160663,-60.587665057193,0.9862071755355477,0.3518731937022061,0.05476653276819131,3.5775437975276044e-05,7.119444825109175,16.316049274603365,nan,nan,nan
419.58,191.1754913330078,-169.98876953125,-60.5870475769043,192.13601545807953,-170.21221360212033,-60.58925010783668,0.986173767038241,0.35192763984849984,0.0547822647723555,3.507195468741532e-05,7.128224341442826,16.79492336414122,nan,0.007978093133885653,nan
419.59000000000003,191.1667938232422,-169.99095153808594,-60.58850860595703,192.12730179901143,-170.21436783637347,-60.590814516387304,0.9861519817349409,0.3519821744356856,0.05479806238544153,3.577664688093175e-05,7.120743304433727,16.45609176478642,nan,nan,nan
419.6,191.15811157226562,-169.9932098388672,-60.59005355834961,192.13009388187433,-170.21447205373605,-60.591534065451334,0.9968494218397402,0.3519078810505448,0.054793169528372286,3.5052302416783004e-05,7.505125395327877,16.450267067011268,4.008505543775708,0.6561602916244901,nan
419.61,191.14942932128906,-169.99554443359375,-60.5916748046875,192.12139656193298,-170.21675408572983,-60.59325664303605,0.996823218678058,0.3519621751028094,0.054808995452918,3.575649496056382e-05,7.494936910722242,16.720393881388034,nan,nan,nan
419.62,191.14073181152344,-169.99795532226562,-60.593379974365234,192.11274849243338,-170.21914471537653,-60.59730669396942,0.9968734095755623,0.3520165559034686,0.05482488624317772,3.505433594085398e-05,7.847928902914564,16.476962816545903,nan,3.548803258150593,nan
419.63,191.13204956054688,-170.00042724609375,-60.59516525268555,192.10405141367468,-170.22157129213596,-60.599214676834606,0.996849381511445,0.352071024957082,0.05484084276947094,3.575891209411297e-05,7.848614671383016,16.966251521491163,nan,nan,nan
419.64,191.1233673095703,-170.0029754638672,-60.59702682495117,192.09533197076274,-170.2240525315456,-60.60013463303577,0.9967948790655428,0.3521255810908972,0.05485686448336328,3.5056929950258846e-05,7.647945822677093,16.736590906302176,nan,0.8030164686307716,nan
419.65000000000003,191.1146697998047,-170.00559997558594,-60.59894561767578,192.08701679240545,-170.2222260612875,-60.60220665171492,0.9961908297957437,0.35205120804223394,0.05485199071617114,3.5739905545561047e-05,7.965472430861318,16.236050289643128,1.984680680180528,nan,nan
419.66,191.10598754882812,-170.00828552246094,-60.60087203979492,192.0782789504116,-170.22481572641396,-60.602319343405014,0.9961114362885509,0.352105523414277,0.0548680399422709,3.503890836603827e-05,7.710207752581547,16.448504154477845,nan,2.7239450577885047,nan
419.67,191.09730529785156,-170.01104736328125,-60.602783203125,192.06958182811115,-170.2275026650671,-60.604376464740824,0.9960808639098603,0.3521599268591471,0.05488415503720735,3.5743385243552255e-05,7.70452511151754,16.20566976902174,nan,nan,nan
419.68,191.088623046875,-170.0138702392578,-60.60466766357422,192.06087339489306,-170.23024928199675,-60.60581874982101,0.9960381289676686,0.35221441736653164,0.05490033557580235,3.5042494946904995e-05,7.6540067446648195,16.327781857499925,nan,0.24959831369123237,nan
419.69,191.07992553710938,-170.01675415039062,-60.60651779174805,192.05217722915535,-170.23307105514883,-60.607822409184706,0.9960261331898282,0.35226899619693436,0.054916582243726524,3.574736415900334e-05,7.646639962876399,16.378546425976786,nan,nan,nan
419.7,191.0712432861328,-170.01971435546875,-60.60833740234375,191.99288552057175,-170.20609545581178,-60.61033177013725,0.9403011753526446,0.3521767789708872,0.05369753406804915,3.502430853556426e-05,10.467241056978734,19.117421618696078,32.207195496226824,0.18646332605442115,0.013185641297226623
419.71000000000004,191.06256103515625,-170.02273559570312,-60.61012268066406,191.98410589491868,-170.20898363790758,-60.61227563102549,0.9401797152538529,0.35223092620782226,0.05370957960537994,3.5728672650024426e-05,10.459587357560457,19.135882434277114,nan,nan,nan
419.72,191.0538787841797,-170.02581787109375,-60.611873626708984,191.9753096794225,-170.2118839340471,-60.61301870077144,0.9400302046666152,0.35228515965131046,0.05372168082757014,3.5028798657362166e-05,10.343144819170373,19.044178233589722,nan,0.9600470331138538,nan
419.73,191.04519653320312,-170.02896118164062,-60.61358642578125,191.96653079382227,-170.2149005215854,-60.61488352465552,0.9399106023421704,0.35233948004717847,0.05373384362034735,3.573356486125826e-05,10.328445446049985,19.299026114720697,nan,nan,nan
419.74,191.03651428222656,-170.0321807861328,-60.61526870727539,191.95776209004595,-170.21801130134943,-60.6174202003992,0.9398059016203069,0.35239388696346946,0.05374606252831871,3.503369589895269e-05,10.390423760522525,18.75947008694525,nan,0.35043868777022213,nan
419.75,191.02783203125,-170.0354461669922,-60.61691665649414,191.93532778677917,-170.21489831995726,-60.619215808342375,0.9250712986610692,0.352319963265202,0.05374011923332382,3.571686346128584e-05,10.43391532354827,19.37393353284901,2.151601337128547,nan,nan
419.76,191.01914978027344,-170.03878784179688,-60.6185302734375,191.92653833969536,-170.2181258256171,-60.62185631229883,0.9249471188911268,0.3523741320481637,0.05375237647432991,3.5017816525073494e-05,10.578727922512899,19.214337314990726,nan,0.5302407575597545,nan
419.77,191.01046752929688,-170.0421905517578,-60.620113372802734,191.91773788744186,-170.22137772764827,-60.623607054597954,0.9248025478904207,0.3524283876510633,0.05376469526634464,3.5722511656282583e-05,10.581388621017345,19.07325829921463,nan,nan,nan
419.78000000000003,191.0017852783203,-170.04563903808594,-60.621665954589844,191.90893810649737,-170.22469026956452,-60.62532711114421,0.9246615603727413,0.35248272996212604,0.053777073170698415,3.644153722813277e-05,10.583027362887337,19.3337767733737,nan,nan,nan
419.79,190.99310302734375,-170.04916381835938,-60.62318420410156,191.90013897149856,-170.22806254817962,-60.62701696158809,0.9245180633984726,0.35253715912585204,0.05378951033189143,3.7175037740824045e-05,10.5875100853043,19.078528264573073,nan,nan,nan
419.8,190.9844207763672,-170.052734375,-60.624671936035156,191.9097250993899,-170.23933233871733,-60.627444597001144,0.9439356852650567,0.352463156378687,0.05378365819545734,3.636702431630173e-05,10.404024262653744,18.93720550429155,3.4582747777050815,0.9487628208680484,nan
419.81,190.97573852539062,-170.05636596679688,-60.62613296508789,191.9009578736609,-170.24283762358382,-60.629063500442435,0.9438279023402554,0.3525173471150874,0.05379613311025197,3.7098291690252955e-05,10.400394201391745,18.65002073102084,nan,nan,nan
419.82,190.96705627441406,-170.06005859375,-60.6275634765625,191.89218633364038,-170.2463841887906,-60.63024061067545,0.9437107718461152,0.35257162425893923,0.053808665019768,3.631704775243678e-05,10.342890248147587,18.553342840896914,nan,0.11204676653014707,nan
419.83,190.9583740234375,-170.0637969970703,-60.62896728515625,191.8834203756993,-170.25000396430138,-60.63179948931636,0.9436057491657541,0.3526259883806487,0.053821258816603684,3.704708717970754e-05,10.337705927023277,18.6740994035575,nan,nan,nan
419.84000000000003,190.94970703125,-170.06761169433594,-60.630340576171875,191.87465957688536,-170.25369520005822,-60.63372888941472,0.9434912630469161,0.35268043921849984,0.05383391002988351,3.626874636604561e-05,10.414707104462167,18.62717684025153,nan,0.10393592352860957,nan
419.85,190.94102478027344,-170.0714569091797,-60.63168716430664,191.87552112698074,-170.25665657004393,-60.635187528736864,0.9526775891898979,0.35260635824598374,0.05382814989758719,3.697413119580004e-05,10.891857829688927,18.916460168683017,3.1017141694330075,nan,nan
419.86,190.93234252929688,-170.07534790039062,-60.63300704956055,191.86677010082167,-170.2604097363367,-60.6366690773924,0.9525839490550398,0.3526605705768598,0.0538408406464115,3.7716628680011664e-05,10.892791199498467,18.234671246618593,nan,nan,nan
419.87,190.92367553710938,-170.07919311523438,-60.63430404663086,191.85801974284618,-170.26415855320852,-60.63812499171718,0.9524840721294309,0.35271486958360937,0.05385359116792462,3.847381241188469e-05,10.888902630911588,18.670083247606687,nan,nan,nan
419.88,190.9149932861328,-170.08299255371094,-60.63557052612305,191.84927912617903,-170.26789890031813,-60.6404315288351,0.9524200844553034,0.35276925523677455,0.05386639944691336,3.760596341359414e-05,11.110172087604996,18.699843115319794,nan,0.4676969349793122,nan
419.89,190.90631103515625,-170.0867156982422,-60.63681411743164,191.84053025678529,-170.2715498937331,-60.641846469757766,0.952341618566503,0.3528237280293986,0.053879269941083406,3.836022118339436e-05,11.112695563467403,18.835581539611148,nan,nan,nan
419.90000000000003,190.89764404296875,-170.09039306640625,-60.638031005859375,191.8557847296729,-170.27922092775805,-60.643192229966296,0.9765839313519782,0.3527495688035857,0.053873593028002334,3.747493002785195e-05,11.761637581727765,18.613662369737003,6.947879298925822,0.005813643633889674,nan
419.91,190.88897705078125,-170.09397888183594,-60.639225006103516,191.84707334169937,-170.28272706175727,-60.64455799969701,0.9765258925985245,0.352803802625378,0.05388650032402074,3.822545845175084e-05,11.765475728722793,18.992850287881463,nan,nan,nan
419.92,190.8802947998047,-170.09751892089844,-60.6403923034668,191.83834280786377,-170.28609166140967,-60.64381886345182,0.9764360734442473,0.35285812303539665,0.05389946589000244,3.73716780619065e-05,11.309354462833294,17.855970020396654,nan,2.6769982506918404,nan
419.93,190.8716278076172,-170.10096740722656,-60.64154052734375,191.82963223388745,-170.2894575934207,-60.64511854190615,0.9763779151707244,0.352912530464546,0.05391249366370853,3.8119597848990114e-05,11.302087042542171,18.338584400795447,nan,nan,nan
419.94,190.86294555664062,-170.10435485839844,-60.64266586303711,191.82091456460753,-170.2927265485207,-60.64555272644147,0.9763180054904953,0.3529670247857439,0.05392558011479759,3.727199187154221e-05,11.162380472704719,17.741936850558364,nan,0.4417824428489094,nan
419.95,190.85427856445312,-170.10768127441406,-60.64376449584961,191.8180503227361,-170.30144733572948,-60.64675272129948,0.9830616552754374,0.35289278798146895,0.053919986157384685,3.799287723999797e-05,10.885745343311829,17.868717918350782,2.4256669893189367,nan,nan
419.96000000000004,190.84559631347656,-170.11093139648438,-60.64484405517578,191.8093671682417,-170.30468473784325,-60.6496979426568,0.9830657038093207,0.35294704307413727,0.05393310901219511,3.7152349366544706e-05,11.257039865380714,18.06842542057911,nan,1.8486077260325144,nan
419.97,190.83692932128906,-170.11412048339844,-60.64590072631836,191.80066949134041,-170.3078012165389,-60.650919878667956,0.983022143011411,0.3530013850695977,0.05394629408889293,3.789453653613884e-05,11.259689355131538,18.266310231354772,nan,nan,nan
419.98,190.82826232910156,-170.11724853515625,-60.64693832397461,191.7919418828534,-170.3107367777667,-60.648393085543745,0.982913067712007,0.35305581389164364,0.05395953831435144,3.7059801990104154e-05,10.624378990979261,17.432563156340727,nan,8.734930081216268,nan
419.99,190.819580078125,-170.1203155517578,-60.64795684814453,191.7832446219135,-170.31372585461983,-60.6495382441831,0.9828832072131969,0.3531103298928312,0.05397284494428111,3.77998044517291e-05,10.606717857730754,17.042511136009463,nan,nan,nan
420.0,190.8109130859375,-170.12332153320312,-60.64895248413086,191.76368744688182,-170.31256470781702,-60.65240517746029,0.9713927542976756,0.35303601561916376,0.05396732609948092,3.6947528279797325e-05,10.799935329900286,17.64813998414819,1.5284065476491422,2.175097952124099,nan
420.01,190.80224609375,-170.1262664794922,-60.649925231933594,191.75497293553497,-170.31542491418534,-60.65352790337794,0.971330184702738,0.3530902921123178,0.05398066847720981,3.7684544400704326e-05,10.79447410939666,17.81900031597077,nan,nan,nan
420.02,190.7935791015625,-170.129150390625,-60.650882720947266,191.74624573018323,-170.31817367147917,-60.65285411986341,0.9712401311756819,0.3531446553623385,0.053994070448648096,3.6861892724743845e-05,10.528147338199272,17.36998923674217,nan,2.008126570979852,nan
420.03000000000003,190.78489685058594,-170.13197326660156,-60.65182113647461,191.7375314453081,-170.32091646048332,-60.65392268428968,0.971193398906162,0.35319910568056173,0.05400753486908252,3.7596988707873484e-05,10.51326831045047,17.182611109743814,nan,nan,nan
420.04,190.77622985839844,-170.13473510742188,-60.652740478515625,191.72883331731134,-170.32366932693148,-60.657332822303204,0.9711696962199735,0.3532536430543755,0.05402105926318566,3.677957192672441e-05,10.941366234473126,17.99970814063873,nan,3.5522295272161912,nan
420.05,190.76756286621094,-170.137451171875,-60.65364074707031,191.69906304299923,-170.3264363329736,-60.65847313100621,0.9504900432969217,0.35317925185804716,0.054015614014748754,3.748908881261345e-05,10.150938538844246,17.75091646010101,9.709953915515081,nan,nan
420.06,190.75888061523438,-170.14012145996094,-60.65452194213867,191.69032403783012,-170.32906095885082,-60.66037328317064,0.9504310716351362,0.35323354946521784,0.05402917368056107,3.667775417683388e-05,10.435367347341863,17.55908704481184,nan,0.4738534482819775,nan
420.07,190.75021362304688,-170.14273071289062,-60.65538787841797,191.6815793602072,-170.33160821097354,-60.661405822811886,0.9503436543129946,0.35328793403238024,0.054042795856761965,3.7408443431680174e-05,10.442672798639677,17.89629743304031,nan,nan,nan
420.08,190.74154663085938,-170.14527893066406,-60.65623474121094,191.67283068216508,-170.33408618125875,-60.66179199440559,0.9502468338050761,0.3533424055800266,0.05405647841745955,3.660198663755102e-05,10.29032897367698,18.064830531227525,nan,0.2558011821727878,nan
420.09000000000003,190.7328643798828,-170.1477813720703,-60.657066345214844,191.66408565966177,-170.33652955473306,-60.66278592942759,0.9501745429210403,0.3533969643685016,0.05407022369632937,3.7331105340398824e-05,10.29602400203113,17.54181962150711,nan,nan,nan
420.1,190.7241973876953,-170.15023803710938,-60.65787887573242,191.6501027111133,-170.33600573147453,-60.662165300761316,0.9443668130779754,0.35332249646509983,0.0540648451013458,3.6506847139743234e-05,9.963907641127124,17.510363287667932,0.4990894814851729,1.7364003786488167,nan
420.11,190.7155303955078,-170.15264892578125,-60.65867614746094,191.64134845354403,-170.33834198710267,-60.66311265589238,0.9442672673644508,0.35337681521469483,0.054078624973919714,3.723359022807152e-05,9.962711449964722,17.350414019001377,nan,nan,nan
420.12,190.70684814453125,-170.15501403808594,-60.65945816040039,191.6326037452853,-170.34067490282425,-60.665857812236354,0.9442109640151964,0.35343122086647705,0.0540924656197092,3.643736443329162e-05,10.532392971477204,17.53513370134405,nan,2.1377798989246326,nan
420.13,190.69818115234375,-170.15731811523438,-60.66022491455078,191.6238490071063,-170.34291547119335,-60.66679324040718,0.9441136048083386,0.35348571365459003,0.054106369068966674,3.7162754063379664e-05,10.541920995108635,18.157371266566617,nan,nan,nan
420.14,190.68951416015625,-170.15957641601562,-60.66097640991211,191.61509636310942,-170.3451202972729,-60.66816985783446,0.9440236713073779,0.35354029363996964,0.054120333649113686,3.6370887805334544e-05,10.776475810718185,18.360304980535936,nan,0.13545187858078597,nan
420.15000000000003,190.6808319091797,-170.16180419921875,-60.661712646484375,191.60733548911261,-170.35124544196924,-60.66907311795786,0.9457013506512992,0.353465749491261,0.054115019218540526,3.707183030744053e-05,10.5115791552348,17.597579512813,1.782142304385282,nan,nan
420.16,190.6721649169922,-170.1639862060547,-60.66243362426758,191.59858280183303,-170.35336373215696,-60.66985549195935,0.9456051125420365,0.35352008917941163,0.054129017845177915,3.628513366153577e-05,10.542158440600044,17.961518260111944,nan,0.0087485477715521,nan
420.17,190.66348266601562,-170.16610717773438,-60.663143157958984,191.58983029198254,-170.3554409405763,-60.67073876775211,0.945528894944277,0.3535745159011741,0.05414307937346885,3.700719989491131e-05,10.556108950440251,18.004885116118064,nan,nan,nan
420.18,190.65481567382812,-170.16819763183594,-60.66383361816406,191.58107869400314,-170.35748134358582,-60.671885179170744,0.94543975678633,0.3536290297379418,0.05415720239311654,3.62245362025642e-05,10.760350320760441,18.383826377207743,nan,0.05026558306947781,nan
420.19,190.64613342285156,-170.1702423095703,-60.664512634277344,191.57232573751867,-170.359473644373,-60.67274500743941,0.9453615571766684,0.35368363089234156,0.054171388542589245,3.694553219900083e-05,10.779027941049753,18.073572065971273,nan,nan,nan
420.2,190.63746643066406,-170.17225646972656,-60.66518020629883,191.5994728246416,-170.3728351568365,-60.669021911100266,0.9827018217507166,0.3536090107817526,0.05416613200338934,3.614470952710882e-05,9.702574711557078,16.32433723586896,10.056019811293751,13.890870538924379,nan
420.21000000000004,190.6287841796875,-170.17422485351562,-60.66583251953125,191.59077756510024,-170.37475802963408,-60.66981158392169,0.9826803454101656,0.35366337137275977,0.05418035149548094,3.686382359960959e-05,9.698637638619767,16.299359385218054,nan,nan,nan
420.22,190.6201171875,-170.1761474609375,-60.66646957397461,191.58208239987914,-170.37664285744694,-60.67067702981226,0.9826460077432507,0.353717818994123,0.054194632820918735,3.608970244337358e-05,9.733570571540243,16.856971987510825,nan,0.005151879394892517,nan
420.23,190.61143493652344,-170.17803955078125,-60.66709899902344,191.57338661682215,-170.37848687974898,-60.671443239299,0.9826235491496124,0.35377235383284333,0.05420897739285255,3.680792145563362e-05,9.730987090157642,16.11252933577496,nan,nan,nan
420.24,190.60276794433594,-170.17990112304688,-60.6677131652832,191.56468752174925,-170.38027601876828,-60.671341817070264,0.9825744446911704,0.3538269759944508,0.05422338413787593,3.6037362487922736e-05,9.558958076973532,16.103183037657608,nan,0.48719612147159513,nan
420.25,190.59408569335938,-170.18170166015625,-60.668312072753906,191.57758716156886,-170.39160787682567,-60.67214312875477,1.0056592040829537,0.35375228033102996,0.054218182257928765,3.673199993948078e-05,9.58882480792634,16.69817828364087,4.994552691353911,nan,nan
420.26,190.58541870117188,-170.18348693847656,-60.66890335083008,191.56892843286457,-170.39337268108122,-60.67356086826277,1.0056665002631708,0.3538066616720342,0.054232621733243946,3.596579052378195e-05,9.76774104089151,16.271236607982182,nan,0.32075290212112945,nan
420.27,190.5767364501953,-170.1852264404297,-60.66947937011719,191.56026711443917,-170.39508861042356,-60.67428148608286,1.0056827323864361,0.35386113013118753,0.05424712458128064,3.668155589377057e-05,9.768400828449234,16.487235374086662,nan,nan,nan
420.28000000000003,190.56805419921875,-170.1869354248047,-60.670047760009766,191.55160300744387,-170.39675433596315,-60.67415410520485,1.0056883690844023,0.35391568582568356,0.05426168992108469,3.591861591978766e-05,9.584740678904021,15.982762257704003,nan,0.4694004347160467,nan
420.29,190.55938720703125,-170.18861389160156,-60.67060470581055,191.54294083660594,-170.39840091136426,-60.67484497361915,1.0056869869803147,0.3539703289245513,0.05427631887811682,3.663371128514876e-05,9.581464488868168,16.080555526317855,nan,nan,nan
420.3,190.5507049560547,-170.1902618408203,-60.671146392822266,191.54664790432093,-170.40781781077234,-60.67568645667036,1.0194378688486996,0.35389555803229006,0.05427116587099883,3.58522034215807e-05,9.482831346577255,16.0360036111175,3.2214743147001115,0.013095469631266352,nan
420.31,190.54202270507812,-170.19186401367188,-60.67168045043945,191.53800663139816,-170.40941954453623,-60.6763590475388,1.0194784351659272,0.3539499600495676,0.054285826825691566,3.656580872601042e-05,9.481792408577775,16.277278578012133,nan,nan,nan
420.32,190.53334045410156,-170.1934356689453,-60.672203063964844,191.52935864134403,-170.4109456567148,-60.67442087335269,1.0194938659824,0.35400444921285645,0.054300550575410264,3.580990086290141e-05,8.995979375058749,15.76895386996068,nan,4.559602547549709,nan
420.33,190.52467346191406,-170.1949920654297,-60.67271423339844,191.5207160764401,-170.41248310521942,-60.675048688155655,1.0195139489088358,0.35405902568280445,0.054315338082516686,3.65229749702638e-05,8.984128689228244,15.543754122512054,nan,nan,nan
420.34000000000003,190.5159912109375,-170.19650268554688,-60.6732177734375,191.51207578435393,-170.41401031069483,-60.67698345409515,1.0195627615534526,0.354113689589567,0.0543301887101317,3.576991689327208e-05,9.207102907493873,15.867300125005368,nan,1.1702932229023852,nan
420.35,190.50730895996094,-170.19798278808594,-60.673709869384766,191.5015860957546,-170.4227121051774,-60.67762980610631,1.0193653195132366,0.35403884384722695,0.05432508078706591,3.646005790549383e-05,8.626608629638147,15.94874054719055,6.972137345488433,nan,nan
420.36,190.49862670898438,-170.19943237304688,-60.674190521240234,191.49294369978074,-170.42420011299538,-60.678753983945526,1.0194153423898213,0.3540932664169795,0.05433996274022188,3.571062504483995e-05,8.764007322132775,16.183768475637525,nan,0.17649743015520977,nan
420.37,190.4899444580078,-170.2009735107422,-60.674766540527344,191.48430000189288,-170.4257067933064,-60.679415874802714,1.019445737769428,0.35414777619621696,0.05435490859768207,3.642193037223877e-05,8.754708335424139,15.816294711654303,nan,nan,nan
420.38,190.48126220703125,-170.2025909423828,-60.67543411254883,191.47565553436158,-170.42729179175393,-60.679921237035735,1.0194747154458246,0.3542023733208392,0.05436991785975937,3.567508966300399e-05,8.705601851344195,15.981207000005822,nan,0.04263167377728558,nan
420.39,190.47259521484375,-170.20428466796875,-60.67619323730469,191.46701127745166,-170.42896130948415,-60.68076737298883,1.019491942848259,0.3542570579426397,0.05438499128356696,3.638603875012012e-05,8.695485008744502,16.31381197261712,nan,nan,nan
420.40000000000003,190.4639129638672,-170.20606994628906,-60.67704391479492,191.45127356566076,-170.42232724725844,-60.68077853486307,1.0107730336647145,0.35418213769605056,0.054379923000938045,3.562020424490003e-05,8.88190015815702,15.497727613910685,4.896611512625983,0.6536303365944726,nan
420.41,190.45523071289062,-170.2079315185547,-60.67798614501953,191.4426146965566,-170.4241265508967,-60.68179858085687,1.010782844075061,0.3542365807243604,0.05439502698674417,3.6329967976266054e-05,8.871072282691944,15.461420530660114,nan,nan,nan
420.42,190.44654846191406,-170.20985412597656,-60.679012298583984,191.4339551961342,-170.4259985682471,-60.68248854352011,1.010793036672984,0.3542911110052841,0.05441019464843205,3.558883154604986e-05,8.789997804797316,16.141977584166916,nan,0.12039611820665432,nan
420.43,190.4378662109375,-170.2118682861328,-60.68012619018555,191.42529606692582,-170.42795345339005,-60.68368343454853,1.0108032320848441,0.3543457286870055,0.05442542662888098,3.629834683083651e-05,8.779595234993952,15.678439526870292,nan,nan,nan
420.44,190.42918395996094,-170.21395874023438,-60.68132781982422,191.41663777539168,-170.42999795816226,-60.686032242778865,1.0108215039693977,0.35440043391102355,0.05444072259952364,3.5559434912039456e-05,9.033944290302562,15.874534247604677,nan,0.7767442337024715,nan
420.45,190.42050170898438,-170.21612548828125,-60.682613372802734,191.3743934206764,-170.4243273729233,-60.68730928754015,0.9763603197685068,0.35432543952376133,0.05443568976182583,3.624649093676415e-05,8.485427411564,15.836866435582927,9.622763392976635,nan,nan
420.46000000000004,190.4118194580078,-170.21836853027344,-60.68398666381836,191.36568082930714,-170.42651255261592,-60.6889738855745,0.9763197847400109,0.35437990290113924,0.054451015567292,3.5510574924688366e-05,8.5578770080263,15.691719635343867,nan,0.027606264033342286,nan
420.47,190.40313720703125,-170.22067260742188,-60.68544006347656,191.35696803935377,-170.42876936860688,-60.690524589145156,0.9762803752539747,0.3544344535830851,0.0544664058529668,3.621884892880378e-05,8.55079238859988,16.233664675170374,nan,nan,nan
420.48,190.3944549560547,-170.22305297851562,-60.68697738647461,191.3482562537845,-170.4311206728449,-60.69408717708105,0.9762579731285536,0.35448909171304466,0.054481860384448105,3.5484934708863106e-05,9.241373083149112,16.73837905651441,nan,2.5520562188731692,nan
420.49,190.38577270507812,-170.2255096435547,-60.688594818115234,191.33954341444723,-170.43352300236242,-60.69582362846292,0.976217383164207,0.3545438174361976,0.054497379663611074,3.619309283285484e-05,9.24079757413693,16.654474180592427,nan,nan,nan
420.5,190.37709045410156,-170.22804260253906,-60.69029235839844,191.3217451698572,-170.43512498835227,-60.69789111703897,0.9671160156084286,0.35446874926355143,0.05449237705932599,3.543976685884779e-05,9.199010251270558,16.669990298250692,0.9640611547729886,0.04028310530096719,nan
420.51,190.368408203125,-170.2306365966797,-60.69207000732422,191.3130184411458,-170.43767483016157,-60.69979265119821,0.9670640987677165,0.3545232328875946,0.05450792537733442,3.61469709912088e-05,9.199479651430323,16.919314169888423,nan,nan,nan
420.52,190.35972595214844,-170.23330688476562,-60.69392776489258,191.30429173872773,-170.44027234770496,-60.699519044525424,0.9669904293392871,0.3545778038643527,0.054523538186078226,3.541761332179087e-05,8.41259145996135,15.829773371182789,nan,3.5055001117462568,nan
420.53000000000003,190.35104370117188,-170.2360382080078,-60.695838928222656,191.29556569750736,-170.4429611881346,-60.70154660838816,0.966939242599548,0.35463246233835843,0.054539215910874045,3.6124783396587064e-05,8.411621716467602,16.174729622522754,nan,nan,nan
420.54,190.3423614501953,-170.2388458251953,-60.69776153564453,191.2868400523794,-170.44571880911343,-60.70366260219827,0.9668873171395269,0.35468720845408336,0.05455495843213721,3.5397110890406124e-05,8.474114028123484,15.815419886190593,nan,0.0020981044257281614,nan
420.55,190.33367919921875,-170.24171447753906,-60.699668884277344,191.25261890908152,-170.43569655955227,-60.705625195653795,0.9392096231140643,0.3546120668541349,0.054549981578230086,3.608215726927107e-05,8.555823453896357,16.104825392145997,8.44525442218398,nan,nan
420.56,190.3249969482422,-170.24464416503906,-60.7015495300293,191.24385092203303,-170.4385521645409,-60.70690504926861,0.9391068198071818,0.3546665706202156,0.05456575236034141,3.5356942899369855e-05,8.363549082240887,16.063939419456116,nan,0.3976671811173313,nan
420.57,190.31631469726562,-170.24765014648438,-60.70339584350586,191.23508307087437,-170.44148025326413,-60.70890771530791,0.939007888874565,0.35472116178747093,0.054581588229348305,3.606326763910447e-05,8.3753333429588,15.844713264865437,nan,nan,nan
420.58,190.30764770507812,-170.25071716308594,-60.7052116394043,191.2263152474903,-170.444477503721,-60.71138653924078,0.9388989575415675,0.35477584050005795,0.054597489127022454,3.5339549361769496e-05,8.591727515331746,16.27749395685655,nan,0.1786706625119287,nan
420.59000000000003,190.29896545410156,-170.25384521484375,-60.706993103027344,191.21754796608172,-170.44753477476763,-60.713329114566434,0.9388022272989744,0.35483060690298873,0.05461345538671077,3.604593741535296e-05,8.606701509879267,16.024367982524083,nan,nan,nan
420.6,190.290283203125,-170.2570343017578,-60.708736419677734,191.21798029337657,-170.45550289108718,-60.71442324672628,0.9487064942401828,0.35475539223275243,0.05460849922070568,3.530241484551206e-05,8.358901966127512,15.906165663284115,1.291525419077356,0.39370084727453825,nan
420.61,190.28160095214844,-170.26028442382812,-60.71044921875,191.20922904276063,-170.45869787038035,-60.71629001496383,0.9486284231278113,0.35480991603721923,0.05462449291184263,3.6008019683930306e-05,8.370342244237468,15.764313610610955,nan,nan,nan
420.62,190.27291870117188,-170.26361083984375,-60.712127685546875,191.20047815380647,-170.46195452674036,-60.718081660528775,0.948547419015843,0.3548645272898469,0.05464055185496024,3.528788275798899e-05,8.408628470283555,15.339192128398597,nan,0.0012249791465402994,nan
420.63,190.26425170898438,-170.26698303222656,-60.713768005371094,191.19172792395176,-170.46527272708659,-60.719882312393864,0.9484557539328212,0.3549192261366679,0.05465667633521558,3.599361140839477e-05,8.422407643510656,16.282647120040547,nan,nan,nan
420.64,190.2555694580078,-170.27041625976562,-60.71538162231445,191.18297796767072,-170.46865425576223,-60.72206892099894,0.9483826057112327,0.3549740127202889,0.05467286636675685,3.52747025486792e-05,8.63180605534824,15.88728627475975,nan,0.12131630550120488,nan
420.65000000000003,190.24688720703125,-170.27392578125,-60.71696090698242,191.1529566443917,-170.46906215330728,-60.72384059411548,0.926869655945981,0.3548987253381216,0.05466792621153648,3.595853565107926e-05,8.246501679025014,15.597127231456346,4.4116584144775315,nan,nan
420.66,190.23822021484375,-170.27748107910156,-60.718505859375,191.1441752232768,-170.47256567432086,-60.72514654812204,0.926745151238366,0.35495326907560093,0.054684142849497186,3.524163319420315e-05,8.161597227197694,16.3170646200489,nan,0.11452822208374595,nan
420.67,190.2295379638672,-170.28109741210938,-60.72002410888672,191.1353939205308,-170.47613009316802,-60.726823971101766,0.9266385482106793,0.35500790031080254,0.054700425200596904,3.594680460239448e-05,8.177260712693544,15.708795622589074,nan,nan,nan
420.68,190.2208709716797,-170.28475952148438,-60.72150802612305,191.12661478259605,-170.47974484881112,-60.727139119948355,0.9265111106207438,0.3550626191848416,0.05471677331598421,3.523097273540017e-05,7.77060610891314,16.10241094547513,nan,1.237383260509737,nan
420.69,190.21218872070312,-170.2884979248047,-60.722965240478516,191.11783481767168,-170.48342405933133,-60.728744691868364,0.9264040441050757,0.35511742584604394,0.054733187425287946,3.5936336705140016e-05,7.781381830079338,15.03935706496812,nan,nan,nan
420.7,190.20352172851562,-170.2922821044922,-60.724395751953125,191.12758964202268,-170.49065085386815,-60.729641916590126,0.9451344834179264,0.3550420661062796,0.05472825830729541,3.520034486140189e-05,7.94299333705065,15.277974923644747,3.269351001647556,0.4111780293552665,nan
420.71000000000004,190.19483947753906,-170.29611206054688,-60.725791931152344,191.11884003570398,-170.49443932636163,-60.73118541031234,0.9450607522652124,0.3550966296759132,0.054744698159680125,3.590504735083265e-05,7.9516268022256344,15.529398666977608,nan,nan,nan
420.72,190.18617248535156,-170.30001831054688,-60.72716522216797,191.13211276088322,-170.49395088353674,-60.73175589367605,0.9656261812959854,0.35110427781281434,0.05460487328259809,3.519122440246249e-05,11.550913902624572,18.51583964135848,nan,0.6374483309305714,0.11981621149768483
420.73,190.17750549316406,-170.30397033691406,-60.72850799560547,191.1233737331784,-170.4978281476766,-60.73323630052821,0.9655412653682424,0.35115559006617275,0.05461992833866563,3.589614509012569e-05,11.545438988457928,18.871535326337767,nan,nan,nan
420.74,190.1688232421875,-170.30796813964844,-60.72982406616211,191.11474659520516,-170.5017289722654,-60.73248918158589,0.9655678913886976,0.3512069850472546,0.054635042087826304,3.5183971290478383e-05,11.09499205031589,18.35131802096873,nan,3.3855817730078432,nan
420.75,190.16015625,-170.31202697753906,-60.731117248535156,191.10074466400016,-170.50989688442976,-60.73402266743888,0.9611802672044814,0.3511396986294467,0.05462980446228121,3.586714423252971e-05,10.484703298312068,18.29807974617653,6.82584254957124,nan,nan
420.76,190.1514892578125,-170.31613159179688,-60.73237991333008,191.09201481219867,-170.51395501823492,-60.73504584199063,0.9611084921468156,0.3511908710093177,0.05464494197752285,3.51566029807301e-05,10.420956391512473,18.640964783680904,nan,0.09133585317151913,nan
420.77,190.142822265625,-170.3202362060547,-60.733619689941406,191.08326761510844,-170.5180382642284,-60.736402268321,0.9610259373842249,0.35124213308352237,0.054660138820137774,3.58611697726994e-05,10.402319766436731,18.12864049105649,nan,nan,nan
420.78000000000003,190.13414001464844,-170.32427978515625,-60.73483657836914,191.0746725554266,-170.52205349566208,-60.734652409630186,0.9611014175142863,0.3512934780129466,0.05467539465795556,3.515134657270814e-05,10.152702156874428,17.965457783058575,nan,6.649678132081974,nan
420.79,190.12547302246094,-170.32827758789062,-60.736026763916016,191.06592686277332,-170.526053136784,-60.735930705272295,0.9610247669678702,0.35134491282769315,0.05469071009322068,3.585619613405359e-05,10.117695789117171,17.77687194383829,nan,nan,nan
420.8,190.11680603027344,-170.33218383789062,-60.7371940612793,191.07930921062706,-170.53207861445924,-60.735942979337416,0.983042145127195,0.3512775378213337,0.05468550233751225,3.5125899743249374e-05,10.866736392715449,18.359315390667287,9.00374374333536,1.1705966977083297,nan
420.81,190.10813903808594,-170.33602905273438,-60.738338470458984,191.0706032132837,-170.53592355077365,-60.7371637073408,0.9830038041400819,0.3513287496859458,0.054700841041240164,3.583017158964782e-05,10.8260038398255,17.895065927405764,nan,nan,nan
420.82,190.09947204589844,-170.3397979736328,-60.73945999145508,191.06193228554937,-170.53968586558256,-60.73763527320506,0.9829995991116903,0.351380044531191,0.05471623903381756,3.512244677195136e-05,10.847511019234707,17.991600698457333,nan,0.37067131624967226,nan
420.83,190.09080505371094,-170.343505859375,-60.74055862426758,191.05322710674025,-170.54338225665904,-60.73880533107102,0.9829597430136406,0.35143142897046087,0.054731696845745845,3.582703126841225e-05,10.805156855987342,17.588628378710855,nan,nan,nan
420.84000000000003,190.08213806152344,-170.3471221923828,-60.741634368896484,191.0444998812312,-170.5470102454896,-60.74043257565468,0.9829023095471028,0.3514828967769236,0.05474721425138609,3.511984265471116e-05,10.725526898633014,18.12943504336506,nan,0.16034283162951918,nan
420.85,190.07347106933594,-170.35067749023438,-60.74269104003906,191.0313756215714,-170.55181787583007,-60.74155344966764,0.9787951164686536,0.3514154399610686,0.054742033038021685,3.580276562282219e-05,10.400296914503343,17.655832486625854,1.3429027827275246,nan,nan
420.86,190.06480407714844,-170.35415649414062,-60.74372482299805,191.02264417222102,-170.55531199304545,-60.74308095050784,0.978734691854789,0.3514666846874701,0.05475757322791561,3.5096908104829354e-05,10.341665361307223,17.858520499061978,nan,0.12073388406624835,nan
420.87,190.05615234375,-170.35757446289062,-60.74473571777344,191.01393213507052,-170.55873159197856,-60.744178123213864,0.9786759576880226,0.3515180187188276,0.05477317345949202,3.5801272247047285e-05,10.304583765097144,17.94797160440368,nan,nan,nan
420.88,190.0474853515625,-170.3609161376953,-60.745731353759766,191.00522149256906,-170.56208218851256,-60.74522879027116,0.9786350434976321,0.3515694362380067,0.054788833568403486,3.509584842141656e-05,10.269163729942791,17.686074521636414,nan,0.0005167707800129457,nan
420.89,190.038818359375,-170.3641815185547,-60.7467041015625,190.99650975996445,-170.56536572851107,-60.74628728834083,0.9785949513624237,0.3516209432550522,0.054804553994152516,3.580055353175175e-05,10.232181528659513,18.1046761123825,nan,nan,nan
420.90000000000003,190.0301513671875,-170.36740112304688,-60.747657775878906,190.97949341128134,-170.56581503158466,-60.74726801786974,0.9698549106422139,0.35155339855951945,0.05479939518059392,3.507439027508186e-05,10.133652913538079,17.440965356935752,0.7917698739735859,7.367148419997313e-05,nan
420.91,190.021484375,-170.37054443359375,-60.748592376708984,190.97076818029777,-170.56896478574365,-60.74828839662766,0.9697991913544721,0.35160468214974766,0.05481513785121026,3.577857057525514e-05,10.098216906037099,17.81441571933891,nan,nan,nan
420.92,190.0128173828125,-170.37362670898438,-60.74951171875,190.96214446818615,-170.57202983668552,-60.74697457491362,0.9698413031029754,0.35165604934326194,0.05483094067520757,3.507471024736593e-05,10.245773425101598,17.776128969953096,nan,3.7723466072387466,nan
420.93,190.004150390625,-170.37664794921875,-60.75040817260742,190.95341941532527,-170.575054143886,-60.74793653179359,0.9697849289126215,0.351707505750903,0.0548468040402199,3.577925116952253e-05,10.199862961070629,17.91448209583823,nan,nan,nan
420.94,189.99549865722656,-170.37962341308594,-60.75128936767578,190.94471802310153,-170.5780126896445,-60.74833537437454,0.9697342087819383,0.3517590461441623,0.05486272785897552,3.50756791050781e-05,10.245645491263296,17.695359977095997,nan,0.2094854636475,nan
420.95,189.98683166503906,-170.3825225830078,-60.75215148925781,190.95497316460302,-170.589316966506,-60.749239994055756,0.9899850286891482,0.3516914193329012,0.05485758786821918,3.575860189458299e-05,10.216915435954327,17.92962756536051,3.5401820884519735,nan,nan
420.96000000000004,189.97816467285156,-170.38536071777344,-60.75299835205078,190.9462617414504,-170.59218279167217,-60.75055623061639,0.989946093703357,0.35174273616065804,0.05487353339617232,3.505612220574354e-05,10.11690179538901,17.87607595557701,nan,0.11852103080563982,nan
420.97,189.96949768066406,-170.38815307617188,-60.75382614135742,190.93756755690956,-170.59498785955475,-60.75145014261082,0.9899219960588056,0.3517941419237277,0.054889539688924634,3.576052479470016e-05,10.072700138157884,17.58172252336124,nan,nan,nan
420.98,189.96083068847656,-170.39088439941406,-60.754638671875,190.928864087164,-170.5977384693057,-60.75254928726036,0.9898897073579122,0.3518456317791271,0.054905606702673755,3.505825364268183e-05,10.007083767942204,17.663084690442208,nan,0.03434213785431943,nan
420.99,189.95216369628906,-170.39356994628906,-60.755435943603516,190.9201696801585,-170.60043231275586,-60.753414425358585,0.9898644907275357,0.35189721076823854,0.05492173476047147,3.5763031967648915e-05,9.965474482722495,17.31792835662589,nan,nan,nan
421.0,189.94349670410156,-170.3961944580078,-60.7562141418457,190.90968895030784,-170.59740358854177,-60.753797697256005,0.9869237103463541,0.35182949675149616,0.05491660948894574,3.503980091438506e-05,10.438973286670825,17.810969025422697,3.5899335102052885,0.18706684409791732,nan
421.01,189.93482971191406,-170.39877319335938,-60.756980895996094,190.90099330930957,-170.59996751688996,-60.75462906189897,0.9868924885096544,0.35188085183409207,0.05493275867497589,3.5744085019332613e-05,10.396195522363392,17.397511932732463,nan,nan,nan
421.02,189.92616271972656,-170.4012908935547,-60.757728576660156,190.8923474550989,-170.60247070821916,-60.754193845269846,0.9869137525746341,0.35193229110842833,0.05494896884246675,3.504295767866753e-05,10.566381645346777,18.060898780422573,nan,1.104192628775361,nan
421.03000000000003,189.91751098632812,-170.4037628173828,-60.75846481323242,190.88365125528304,-170.60493195692013,-60.75498402223426,0.9868678523006178,0.35198381924640737,0.0549652402784934,3.5747629644849993e-05,10.517092490678802,18.011411967531277,nan,nan,nan
421.04,189.90884399414062,-170.40618896484375,-60.75918197631836,190.87489800334495,-170.6073532746151,-60.757211318884956,0.9867782485017877,0.3520354319513519,0.054981572992762004,3.5046597007525416e-05,10.258350531075141,17.617669431515132,nan,1.4823259067220802,nan
421.05,189.90017700195312,-170.40855407714844,-60.7598876953125,190.84809126467536,-170.59309172598128,-60.75788493224373,0.9657119676015742,0.351967635536334,0.05497645866907397,3.572966516078476e-05,11.041085749275533,18.049130688500025,17.529650502377926,nan,nan
421.06,189.89151000976562,-170.410888671875,-60.76057815551758,190.83936711083015,-170.59535320412755,-60.758669438239,0.9656416990267417,0.35201902418509035,0.054992811926735136,3.502954024641381e-05,11.003378067679813,17.618302674349902,nan,0.00034575421800105057,nan
421.07,189.88284301757812,-170.4131622314453,-60.76125717163086,190.83064342287767,-170.59756766595308,-60.75941914141256,0.965574622138064,0.3520705014341372,0.05500922667630876,3.5734118021102596e-05,10.963183859685289,17.914175373262,nan,nan,nan
421.08,189.87417602539062,-170.4154052734375,-60.76192092895508,190.8219649170184,-170.59972879293304,-60.75894102026329,0.9655505283453695,0.3521220633381835,0.055025702956881826,3.503402760595887e-05,11.09289775291531,17.717847108358228,nan,1.0406395911438837,nan
421.09000000000003,189.86550903320312,-170.41758728027344,-60.7625732421875,190.813240401502,-170.60185174372066,-60.75965352276922,0.965482606631836,0.3521737140488502,0.05504224101184314,3.573899881566032e-05,11.047359823225861,18.07216874011388,nan,nan,nan
421.1,189.85684204101562,-170.41973876953125,-60.76321029663086,190.79927485161463,-170.60294056891988,-60.76147885547575,0.9600757780931864,0.35210583105645893,0.05503713354254227,3.501777123807505e-05,10.765312310713103,17.620301726165835,0.6384867044233729,1.0374607081282545,nan
421.11,189.84815979003906,-170.42184448242188,-60.76383590698242,190.7905408357437,-170.60497722151788,-60.762177562903375,0.9600116590632018,0.35215725737808784,0.05505369151871802,3.572226277884764e-05,10.727769071127186,17.357331694976924,nan,nan,nan
421.12,189.83949279785156,-170.4239044189453,-60.76445007324219,190.78187590754973,-170.60696159613636,-60.760936685444726,0.9600042705422526,0.3522087684341531,0.05507031127255221,3.5022994973396457e-05,10.973435101437744,17.960962880064923,nan,2.62109649025073,nan
421.13,189.83082580566406,-170.42591857910156,-60.76504898071289,190.77314128680825,-170.60891441417394,-60.76159317301569,0.959925978534119,0.3522603680443713,0.05508699302386182,3.572788676264307e-05,10.925157430855945,18.227031902250655,nan,nan,nan
421.14,189.82215881347656,-170.4279022216797,-60.7656364440918,190.7643683279222,-170.61083179213642,-60.76331732834837,0.9598059049397432,0.3523120527553144,0.055103736846831924,3.50285664075944e-05,10.715327111525959,17.745316850241363,nan,0.8203426579042477,nan
421.15000000000003,189.81349182128906,-170.4298553466797,-60.766212463378906,190.7485040369856,-170.61099398408265,-60.76393619696414,0.9523991972123512,0.35224408711963623,0.05509863231190065,3.5711850243381456e-05,10.568528843494644,17.485341548423367,0.5168569382860808,nan,nan
421.16,189.80482482910156,-170.43174743652344,-60.766780853271484,190.73967096183836,-170.61283797529072,-60.767038531628415,0.9522243126081685,0.35229554727967427,0.05511539542427904,3.501329852501134e-05,10.395105561577427,17.789694551157083,nan,4.2994693391110985,nan
421.17,189.796142578125,-170.43360900878906,-60.767333984375,190.73092239431713,-170.61463274116642,-60.76768654118426,0.9521465332291718,0.35234709574911816,0.055132220755494,3.571811357545773e-05,10.3677945311358,17.460646652029215,nan,nan,nan
421.18,189.7874755859375,-170.43544006347656,-60.76787567138672,190.72214237106823,-170.61639391349965,-60.76924581452685,0.9520231994846644,0.35239872938589023,0.055149108398265784,3.501946544362269e-05,10.389097853232286,17.629508305234154,nan,0.5987628817882406,nan
421.19,189.77880859375,-170.43722534179688,-60.768409729003906,190.7133929019465,-170.61811464862478,-60.76988297811608,0.9519301134614568,0.3524504515477813,0.055166058544824335,3.5724679748654864e-05,10.366644778586448,17.734468422144296,nan,nan,nan
421.2,189.7701416015625,-170.43898010253906,-60.76892852783203,190.68205469581486,-170.61361039591122,-60.76907142843342,0.928483306932728,0.3523823999103576,0.0551609528406137,3.500475635208961e-05,9.961666452244192,17.95367246937157,5.3270260460244705,1.750435032598293,nan
421.21000000000004,189.76145935058594,-170.44070434570312,-60.769439697265625,190.67326629488218,-170.61525604873916,-60.76967622453832,0.928364290914286,0.35243389719806734,0.055177921613722876,3.57094945661741e-05,9.934454382299739,17.365884097268324,nan,nan,nan
421.22,189.75279235839844,-170.44239807128906,-60.76994323730469,190.6644444668497,-170.6168708249196,-60.771298871734984,0.9281983335191574,0.3524854797105233,0.05519495293278357,3.501143011267269e-05,9.956989993985049,17.518257289037084,nan,0.7443304177617154,nan
421.23,189.74412536621094,-170.44415283203125,-60.77053451538086,190.6556550704162,-170.6185051159041,-60.7719473392613,0.9280555568561254,0.3525371505152927,0.05521204697585685,3.571657085407923e-05,9.93526978926541,18.345977362213723,nan,nan,nan
421.24,189.73544311523438,-170.4459991455078,-60.77122116088867,190.64683241006,-170.62022195377858,-60.77373308423128,0.9278956532947994,0.35258890690122485,0.05522920385679198,3.501834510788049e-05,10.036128385159943,17.643948768301264,nan,0.767995487995909,nan
421.25,189.72677612304688,-170.4479217529297,-60.77199935913086,190.6072088348136,-170.61467620250048,-60.77455232795355,0.8960889040995788,0.35252077242173885,0.05522409295224298,3.570186323808065e-05,9.49931796315705,18.33017173194548,9.009276089297053,nan,nan
421.26,189.7180938720703,-170.44992065429688,-60.77286911010742,190.59831551750827,-170.61655009298522,-60.77712200163036,0.8958647230589014,0.3525723037590653,0.055241267783070924,3.50043045535951e-05,9.809284940939518,18.25712973629247,nan,1.8831643248839447,nan
421.27,189.7094268798828,-170.45199584960938,-60.77382278442383,190.58947190920105,-170.61849597142938,-60.77816529718894,0.8956675731603401,0.35262392316397456,0.055258505555894614,3.57093682467102e-05,9.79591133981678,18.868989344299088,nan,nan,nan
421.28000000000003,189.70074462890625,-170.4541473388672,-60.77486801147461,190.5806939515687,-170.6205120029297,-60.77708841622402,0.8955405865174242,0.35267562819413245,0.055275806395017765,3.501161775183467e-05,9.384554727704577,17.91010170578922,nan,3.445512562222851,nan
421.29,189.69207763671875,-170.4563751220703,-60.7760009765625,190.57184980177686,-170.62260840146584,-60.77828777894103,0.8953422781566561,0.35272742151759784,0.055293170462921856,3.571707875230769e-05,9.365699432825673,18.19379219799485,nan,nan,nan
421.3,189.6833953857422,-170.45867919921875,-60.7772216796875,190.54379292844325,-170.60805462797532,-60.78129408005513,0.8732774671586317,0.3526592015573169,0.05528805023115727,3.4997949125290044e-05,10.396952129821116,18.584112001797784,14.936881951888687,1.95259508017127,nan
421.31,189.6747283935547,-170.46104431152344,-60.77852249145508,190.53492023209205,-170.61024730584407,-60.78268535370075,0.8730457387918481,0.3527107695190479,0.05530543154610954,3.570293061021997e-05,10.38382878607019,19.516113564118793,nan,nan,nan
421.32,189.66604614257812,-170.4635009765625,-60.779911041259766,190.5260663552116,-170.6125110770583,-60.783494968407965,0.8728411199764337,0.3527624231409031,0.05532287615080328,3.5005591939302514e-05,10.243034842496845,18.348171987013725,nan,0.3144696859814528,nan
421.33,189.65737915039062,-170.46600341796875,-60.78137969970703,190.51719340268917,-170.61484753340505,-60.785050154033456,0.8726102173311346,0.352814164843463,0.05534038420042134,3.5710971834791395e-05,10.228259606889617,19.52679317766983,nan,nan,nan
421.34000000000003,189.64869689941406,-170.46859741210938,-60.78293228149414,190.50833179801205,-170.61725400117564,-60.78627587016972,0.8724002062961824,0.3528659925524762,0.05535795583017674,3.5013394367363796e-05,10.147619831577174,18.444127137540786,nan,0.1204262711978777,nan
421.35,189.64002990722656,-170.47125244140625,-60.784568786621094,190.52003657819927,-170.63745705568655,-60.788051752773086,0.8955712399456242,0.3527976896019792,0.05535282215964425,3.569713219196485e-05,9.435146416399657,18.386053768265793,16.27438070311459,nan,nan
421.36,189.63134765625,-170.47396850585938,-60.78628158569336,190.5112253001455,-170.64005498169143,-60.78868168263858,0.8954189779911702,0.3528492917625735,0.0553704103169635,3.500015033095919e-05,9.235361047961058,18.263076948150434,nan,0.9673994240360035,nan
421.37,189.6226806640625,-170.4767608642578,-60.78807830810547,190.50238271842238,-170.64272262590902,-60.79055121330358,0.8952235061902064,0.35290098179919527,0.05538806213268558,3.570544200810472e-05,9.217706367896183,18.123128957149284,nan,nan,nan
421.38,189.61399841308594,-170.47962951660156,-60.789947509765625,190.4934817825541,-170.64546016015515,-60.794736720894115,0.8949937072715801,0.3529527578640583,0.055405777746703605,3.500820145318852e-05,9.678616118051202,18.283260434492146,nan,3.5290469397073583,nan
421.39,189.60533142089844,-170.4825439453125,-60.791873931884766,190.48463947906703,-170.64826178542373,-60.796775879716115,0.894801147062233,0.35300462204066374,0.0554235573072129,3.571388387866138e-05,9.67107782668426,19.0718391629526,nan,nan,nan
421.40000000000003,189.59664916992188,-170.48553466796875,-60.7938117980957,190.4665446023216,-170.64627068202006,-60.79808687933888,0.8846312259029899,0.3529362340767594,0.0554184060408744,3.499518926797216e-05,9.575665695705034,18.177479353075395,1.0395003442121191,0.4046916186170335,nan
421.41,189.58798217773438,-170.4886016845703,-60.79573059082031,190.45768815790245,-170.64919214763702,-60.800147639782416,0.8844191874273373,0.35298787240188684,0.05543620138695706,3.570038475953385e-05,9.576703275121874,18.38107564417875,nan,nan,nan
421.42,189.5792999267578,-170.49171447753906,-60.79762268066406,190.44886473067388,-170.65217724282815,-60.80086809335549,0.8842521020372742,0.35303959676822827,0.055454060744919056,3.5003437463193854e-05,9.307001889972936,18.234131640435137,nan,1.2306056374781429,nan
421.43,189.5706329345703,-170.49490356445312,-60.79948043823242,190.4400089935219,-170.65522685890556,-60.80286744125467,0.8840417198366548,0.3530914090532921,0.05547198426044025,3.570902366053273e-05,9.303811881807375,18.331227504002022,nan,nan,nan
421.44,189.5619659423828,-170.49813842773438,-60.801307678222656,190.43114133607824,-170.65833967403796,-60.805342484406516,0.8838249736139882,0.35314330771614233,0.05548997207719536,3.501178473935256e-05,9.42267729594898,18.725220767825498,nan,0.18190840632352095,nan
421.45,189.55328369140625,-170.50144958496094,-60.8031005859375,190.4364028484882,-170.6614338530282,-60.80726950522111,0.8975030871936567,0.3530748366654567,0.05548479904761948,3.569570851219335e-05,9.95164821692968,17.788017506599303,3.944408148097115,nan,nan
421.46000000000004,189.54461669921875,-170.50482177734375,-60.80485534667969,190.42761040465777,-170.66465618244666,-60.807587097263614,0.8973474150855876,0.3531265092786609,0.0555028018895751,3.4999017281359674e-05,9.654786035530874,17.947100211553217,nan,1.777866922308405,nan
421.47,189.53594970703125,-170.50823974609375,-60.80657958984375,190.41878122796558,-170.66793943159342,-60.8094416695962,0.8971642410419787,0.35317826962497884,0.05552086909715895,3.57044983752344e-05,9.646661083912868,18.136234685267556,nan,nan,nan
421.48,189.5272674560547,-170.51173400878906,-60.808265686035156,190.40992599872177,-170.6712827523225,-60.81242792509517,0.8969722563938514,0.353230116349749,0.05553900081482753,3.500750383622863e-05,9.889717403078981,17.752331659929652,nan,0.9579199474958054,nan
421.49,189.5186004638672,-170.51527404785156,-60.80992126464844,190.40109765992136,-170.67468554444167,-60.81422805281654,0.8967897605977132,0.35328205105283866,0.05555719718708484,3.571336683754219e-05,9.890209800836487,18.288271801148717,nan,nan,nan
421.5,189.5099334716797,-170.51889038085938,-60.81154251098633,190.4238067137567,-170.67883078515072,-60.816191814629406,0.9277752160591504,0.3532134954061261,0.05555199820510607,3.499486699956463e-05,11.093301139390414,17.824534660641415,17.51887783509598,0.028265337839918834,nan
421.51,189.5012664794922,-170.52255249023438,-60.81312942504883,190.41503519486622,-170.68232401657264,-60.817929842640375,0.9276439240537402,0.3532652037660271,0.05557020882240469,3.5700233845015055e-05,11.098662824056694,18.201086662851594,nan,nan,nan
421.52,189.4925994873047,-170.52627563476562,-60.8146858215332,190.40625256463161,-170.68587443910837,-60.82017598407677,0.9275041056196753,0.3533169984969152,0.05558848415440525,3.50034551490893e-05,11.292211350931055,18.222551196751393,nan,0.20511679816885248,nan
421.53000000000003,189.48391723632812,-170.53004455566406,-60.81621551513672,190.3974819353231,-170.68948178163095,-60.82185838366092,0.9273901715238173,0.3533688810312421,0.05560682434620557,3.5709203445035964e-05,11.30040681663504,17.981834701283102,nan,nan,nan
421.54,189.47525024414062,-170.53387451171875,-60.817710876464844,190.38876918997448,-170.6931468850207,-60.82073672173674,0.9273045395307011,0.3534208502640856,0.055625229541398376,3.501209922394e-05,10.647730047456465,17.63713717245884,nan,5.431497907638047,nan
421.55,189.46658325195312,-170.5377655029297,-60.819175720214844,190.39378226476092,-170.69645243305055,-60.82228548849441,0.9406855063206182,0.35335221148403984,0.05562000040342182,3.5696166333678735e-05,11.217668295044044,17.516540671420216,3.9965506963607607,nan,nan
421.56,189.45791625976562,-170.5417022705078,-60.82061004638672,190.3850266175611,-170.70021071965655,-60.824412097168285,0.9405705712881569,0.35340395416513815,0.05563841904425012,3.499957973666935e-05,11.337789822232747,17.8669154316449,nan,0.22171368778721756,nan
421.57,189.44924926757812,-170.5457000732422,-60.822021484375,190.37628289558566,-170.7040233709581,-60.82595584928987,0.9404642966555096,0.35345578448145126,0.05565690274683658,3.5705203998770544e-05,11.336976295569494,17.40096838588127,nan,nan,nan
421.58,189.44058227539062,-170.54974365234375,-60.82339859008789,190.36756672643207,-170.70789077349968,-60.82608796535396,0.9403817932849655,0.3535077014776415,0.055675451653139474,3.500828634558369e-05,11.088129038552674,17.60507172436059,nan,1.3527043799946803,nan
421.59000000000003,189.4319305419922,-170.55384826660156,-60.82475280761719,190.35882444919386,-170.7118093535265,-60.827564073513166,0.9402616249778714,0.3535597063629199,0.05569406591069373,3.571428303376973e-05,11.081116755659185,17.447069233697036,nan,nan,nan
421.6,189.4232635498047,-170.55799865722656,-60.82607650756836,190.3172942473588,-170.7061823661246,-60.82887682800839,0.9062323882682877,0.35349098335942525,0.05568880239737773,3.499582756953423e-05,10.669280120837147,17.73998991120785,9.132618441402565,0.02455265834474764,nan
421.61,189.4145965576172,-170.5622100830078,-60.82737731933594,190.30849858610674,-170.71019599792493,-60.83030005366179,0.9060735124301591,0.3535427614080646,0.05570742928333817,3.570131859138341e-05,10.663327545884659,17.307157516725034,nan,nan,nan
421.62,189.4059295654297,-170.5664520263672,-60.82864761352539,190.29968119892393,-170.714258742849,-60.83293622622412,0.9059013191345143,0.3535946261106693,0.05572612156937659,3.500457013769216e-05,10.926666451287879,18.252186000314385,nan,1.0822759961954045,nan
421.63,189.3972625732422,-170.57077026367188,-60.829898834228516,190.29088691256965,-170.7183734105572,-60.83432196185525,0.9057431826223664,0.3536465785436522,0.05574487940543028,3.571043320736866e-05,10.928528841717469,17.311442786117635,nan,nan,nan
421.64,189.38861083984375,-170.5751190185547,-60.831119537353516,190.28209334993565,-170.72253773662726,-60.835681949944835,0.9055739008424083,0.35369861795004204,0.05576370292987954,3.5013339370399626e-05,10.952491187618419,18.328087834174084,nan,1.6853869120196157e-06,nan
421.65000000000003,189.37994384765625,-170.57948303222656,-60.83231735229492,190.2685115879163,-170.72370314771968,-60.83699053298764,0.9002077034559712,0.35362981181335934,0.055758400817230686,3.569750548903995e-05,11.04667642379264,17.79018022271937,0.41798272137664244,nan,nan
421.66,189.37127685546875,-170.58380126953125,-60.833492279052734,190.2597055217956,-170.72787023766222,-60.83868891066909,0.9000490918332178,0.35368162416543947,0.05577723613342728,3.5000912280745233e-05,11.181053273499199,17.997775702792154,nan,0.10419851724794796,nan
421.67,189.3626251220703,-170.5880584716797,-60.83464431762695,190.25090636081043,-170.73198649625033,-60.83998436275648,0.8998818541544634,0.35373352409495623,0.05579613719496802,3.5706632810163184e-05,11.18141530663753,18.23451283435019,nan,nan,nan
421.68,189.3539581298828,-170.5922393798828,-60.83577346801758,190.24212285251875,-170.73603671970181,-60.840321543443295,0.8997415931610957,0.35378551096212135,0.05581510413731347,3.500969312458295e-05,10.946849102542096,17.73787354160117,nan,0.6184718883499812,nan
421.69,189.34530639648438,-170.59634399414062,-60.836875915527344,190.23332441802393,-170.74001008230624,-60.84156377542158,0.8995765267603516,0.3538375856682501,0.055834137114771046,3.571577704360902e-05,10.943968428261627,18.18776252502562,nan,nan,nan
421.7,189.33663940429688,-170.60037231445312,-60.83795928955078,190.1900659918352,-170.7341910413806,-60.845003984442364,0.8638831053562372,0.35376869564206315,0.05582879215819281,3.4997281318544594e-05,11.2938264604316,18.853535218880715,10.012780787354828,3.5503488596257298,nan
421.71000000000004,189.32798767089844,-170.6043243408203,-60.83902359008789,190.1812107108757,-170.73799955204586,-60.846225782759504,0.8636610965092136,0.35382054301659205,0.0558478360743024,3.570285074865804e-05,11.301496812354543,19.016760654493755,nan,nan,nan
421.72,189.3193359375,-170.6082000732422,-60.840065002441406,190.1803870251111,-170.73212198976339,-60.84775358280621,0.8699567409581641,0.3533312544302565,0.05509342873188443,3.500496184606346e-05,16.45615707552267,24.16589959446939,nan,0.07011278679953352,0.11931786893823101
421.73,189.3106689453125,-170.61199951171875,-60.84108352661133,190.17154073494612,-170.73575378156335,-60.84893792723574,0.869756890803936,0.3533821630569226,0.05510921601935431,3.571086997066667e-05,16.456506232199168,23.84649379412796,nan,nan,nan
421.74,189.30201721191406,-170.61570739746094,-60.84208297729492,190.16269889055715,-170.7393067843104,-60.84998570206299,0.8695471312356852,0.35343315618604815,0.05512506147127159,3.5013782039854944e-05,16.471562880747566,24.546986894828795,nan,0.009631705632951468,nan
421.75,189.29336547851562,-170.61935424804688,-60.84306335449219,190.1562711156444,-170.74394641208406,-60.851005543245726,0.8718901446227381,0.3533654427089546,0.05511974341578178,3.569798284170627e-05,16.423207951524542,24.019387772498224,0.7651822903041927,nan,nan
421.76,189.28469848632812,-170.6229248046875,-60.844024658203125,190.14748442051211,-170.74732084891812,-60.85056870433526,0.8717320509111419,0.35341621418257546,0.05513560896198114,3.5001385920266514e-05,15.840854711220985,23.120436577916582,nan,1.717642947445343,nan
421.77,189.2760467529297,-170.62643432617188,-60.84496307373047,190.13864278088414,-170.75065921455084,-60.85165770702837,0.8715208250240256,0.35346707356400314,0.05515153433585155,3.57071375097153e-05,15.83428283097967,23.37616503885074,nan,nan,nan
421.78000000000003,189.26739501953125,-170.62986755371094,-60.84588623046875,190.12980696308668,-170.7539232201692,-60.852562025735736,0.8713143720896072,0.3535180175481397,0.0551675182021748,3.5010185576284935e-05,15.813198111594517,23.357971140183228,nan,0.019623320477923346,nan
421.79,189.25872802734375,-170.6332244873047,-60.8467903137207,190.1209656133647,-170.7571220224278,-60.85361387774798,0.8711204365544611,0.35356904964247404,0.055183562154426324,3.571629381703647e-05,15.80496383109644,23.19587453330359,nan,nan,nan
421.8,189.2500762939453,-170.6365203857422,-60.847679138183594,190.0845135938026,-170.7527131072064,-60.851862132607266,0.8424985776585775,0.353501264345452,0.05517826089394637,3.499777669626211e-05,14.48271472748443,22.873378079923434,7.524555693412969,5.218518856369936,nan
421.81,189.24142456054688,-170.63975524902344,-60.84854507446289,190.07562519651728,-170.7557750102077,-60.85285143969312,0.8422409576957058,0.35355207448261383,0.05519432442160688,3.570336405880767e-05,14.46346368331127,22.93391424255298,nan,nan,nan
421.82,189.23277282714844,-170.64292907714844,-60.849395751953125,190.066722411752,-170.75878153392327,-60.85426779966603,0.8419723500508514,0.35360296930963747,0.05521044676275091,3.50065440294501e-05,14.583932881403982,22.901487017028742,nan,0.13884324242514054,nan
421.83,189.22410583496094,-170.64602661132812,-60.8502311706543,190.05783423106524,-170.76171461632154,-60.855229044375015,0.8417313892874274,0.35365395199400235,0.055226629384352195,3.571248851021106e-05,14.566464527674578,22.729638182746534,nan,nan,nan
421.84000000000003,189.2154541015625,-170.64906311035156,-60.85104751586914,190.0488896362198,-170.76462245997715,-60.85794542168366,0.841437065275835,0.35370501973530316,0.05524287113725908,3.501530845341233e-05,15.18656085474566,23.832278531193335,nan,2.212425091941145,nan
421.85,189.20680236816406,-170.6520538330078,-60.85184860229492,190.08870326726796,-170.7919502244455,-60.858978940815526,0.8929563471441161,0.3536371657818973,0.05523758438496962,3.5699536790547354e-05,14.799555394315835,22.3098991789841,28.182521066802106,nan,nan
421.86,189.19813537597656,-170.65496826171875,-60.85263442993164,190.0798539658393,-170.79478017787278,-60.86110859657349,0.8927748064929247,0.3536880114383863,0.05525384523787323,3.5002846037354663e-05,15.387956844782341,22.979056973559857,nan,1.008493949919771,nan
421.87,189.18948364257812,-170.6578369140625,-60.8534049987793,190.07104148835543,-170.797526437532,-60.86204010277944,0.8925984334737329,0.35373894471099987,0.05527016656519399,3.570861975015873e-05,15.386296811905048,22.934816034878097,nan,nan,nan
421.88,189.1808319091797,-170.66064453125,-60.854156494140625,190.06218631456687,-170.800243377873,-60.86437261933536,0.892400019659268,0.3537899631091494,0.05528654733625955,3.501157291947564e-05,16.24063915816203,24.024620036941702,nan,1.4143103437585982,nan
421.89,189.1721649169922,-170.66339111328125,-60.854896545410156,190.0533735032058,-170.80287548987513,-60.86528923204913,0.8922401423753233,0.3538410693401633,0.05530298884356045,3.5717696555502714e-05,16.245312523727172,23.66934123198814,nan,nan,nan
421.90000000000003,189.16351318359375,-170.66607666015625,-60.855621337890625,190.032803977928,-170.79754671967555,-60.86664862222049,0.8792453938827273,0.3537731438957236,0.05529771164305411,3.499908392615804e-05,17.005699935682202,24.955137193017492,3.244664339746081,0.12947890824178218,nan
421.91,189.15484619140625,-170.66873168945312,-60.85633087158203,190.0239736661144,-170.8000470488951,-60.86754271961087,0.8790631356473425,0.35382402775327687,0.0553141716894113,3.570468040105376e-05,17.016287483436738,24.001622837595033,nan,nan,nan
421.92,189.1461944580078,-170.6713104248047,-60.85702896118164,190.0151497799987,-170.80248975039345,-60.86819414212157,0.8788720204578254,0.35387499679262724,0.055330691484759394,3.500776610749999e-05,17.017552335566187,24.875910163958306,nan,0.03714312648861392,nan
421.93,189.13754272460938,-170.67384338378906,-60.85770797729492,190.0063192349,-170.80488469762267,-60.86905966759751,0.8786770235056243,0.35392605344048017,0.055347272211347366,3.571371358556001e-05,17.02655684281012,24.892345571969372,nan,nan,nan
421.94,189.12887573242188,-170.67633056640625,-60.85837936401367,189.997500551625,-170.8072203606188,-60.86947124409904,0.8785011352118361,0.3539771956233387,0.055363913000988293,3.501644055153063e-05,16.8950344336168,24.046760052778826,nan,0.13728794179958395,nan
421.95,189.12022399902344,-170.67877197265625,-60.859031677246094,189.99476089391325,-170.81388427445518,-60.87030881509661,0.8849843436236725,0.35390920107449747,0.05535864268281243,3.570066650956585e-05,16.734698806838004,24.318767162117755,1.0002075542347693,nan,nan
421.96000000000004,189.11155700683594,-170.68116760253906,-60.859676361083984,189.98591729393831,-170.81615589835937,-60.871922262836,0.884803771341387,0.3539601207383249,0.055375301485802816,3.5003884870376825e-05,17.42058797722579,24.37765652833034,nan,0.4406303144924389,nan
421.97,189.1029052734375,-170.68350219726562,-60.86030197143555,189.97709439139706,-170.8183652363126,-60.872741682449345,0.8846182225514023,0.35401112779702043,0.05539202141461739,3.570965042998218e-05,17.43174813955715,25.328014603174807,nan,nan,nan
421.98,189.09423828125,-170.685791015625,-60.86091995239258,189.96826430829677,-170.82053210191916,-60.87381100532916,0.8844449307541421,0.35406222042979635,0.05540880170295094,3.501251517431168e-05,17.807324698967733,25.14059800272841,nan,0.04820189030871094,nan
421.99,189.08558654785156,-170.68804931640625,-60.86152267456055,189.9594407604095,-170.82264818172285,-60.8746102182084,0.8842563673214442,0.3541134006875793,0.055425643382726986,3.57186254627599e-05,17.82021574226566,25.177240907099925,nan,nan,nan
422.0,189.07691955566406,-170.69024658203125,-60.862117767333984,189.9549984601414,-170.83265802071975,-60.87513536381048,0.8896477045299971,0.3540453348930672,0.055420375178515294,3.4999928556630324e-05,17.20454891009913,24.897195440263772,5.79579019346103,0.07128519570731855,nan
422.01,189.06825256347656,-170.69241333007812,-60.86269760131836,189.94617751629184,-170.8347144383584,-60.87591026531431,0.8894809737613102,0.35409629235514556,0.05543723427007944,3.570550696571975e-05,17.21596874563175,24.60661400398476,nan,nan,nan
422.02,189.05960083007812,-170.69451904296875,-60.86326599121094,189.93732988900655,-170.83674540933944,-60.87775254257907,0.8892955078875232,0.35414733541915,0.05545415401042872,3.500851069648285e-05,18.28257000925119,26.553180641821186,nan,0.8204399893074034,nan
422.03000000000003,189.05093383789062,-170.69659423828125,-60.86382293701172,189.92850812195815,-170.83871545283378,-60.87851694681149,0.8891293368270468,0.3541984659098304,0.055471135337942436,3.5714435519830795e-05,18.296953762152363,25.820499489071956,nan,nan,nan
422.04,189.04226684570312,-170.69863891601562,-60.8643684387207,189.91965670618734,-170.84066364181385,-60.88051177017732,0.8889570277404234,0.35424968234298404,0.05548817762445088,3.501708425571802e-05,19.658310626373616,26.853737487096765,nan,1.085899234498253,nan
422.05,189.0336151123047,-170.70062255859375,-60.864906311035156,189.9081106510971,-170.85060205841623,-60.88122675066658,0.8874134630963193,0.3541815470547606,0.05548290853321199,3.570128515136945e-05,18.728740733443093,27.570218261788355,10.656994876992334,nan,nan
422.06,189.0249481201172,-170.70257568359375,-60.86542892456055,189.89922909888327,-170.85252032592336,-60.88410938088887,0.8872426866670505,0.35423254053038816,0.0554999676568544,3.500442940549112e-05,21.200015668048078,29.476710336375607,nan,3.22380393696571,nan
422.07,189.0162811279297,-170.70449829101562,-60.865943908691406,189.89039570720533,-170.8543657548278,-60.88486669486295,0.8870708124204165,0.35428362124389073,0.055517088562926704,3.5710164197478844e-05,21.222016631210604,29.134599473130983,nan,nan,nan
422.08,189.0076141357422,-170.70635986328125,-60.86644744873047,189.8815977043059,-170.85614774541406,-60.88398645354006,0.8868998277386867,0.3543347879123064,0.05553427070857159,3.5012959151789266e-05,19.942360456068187,28.60403638068906,nan,1.8702528833397294,nan
422.09000000000003,188.9989471435547,-170.70831298828125,-60.86704635620117,189.87276329335484,-170.8579745358819,-60.884760569198946,0.8867169987227667,0.3543860420608047,0.055551514906070305,3.5719034956374656e-05,19.910279236432245,28.06756016700041,nan,nan,nan
422.1,188.99029541015625,-170.71034240722656,-60.86773681640625,189.8597366790927,-170.85357756279436,-60.88538020032626,0.8813374602934384,0.35431783569735203,0.055546240317127946,3.500027515409963e-05,20.448145335320064,28.710184784928902,3.0839104063929415,0.05018140230599894,nan
422.11,188.98162841796875,-170.7124481201172,-60.86851501464844,189.85089728644138,-170.85553525609026,-60.88633847257193,0.8811469626736596,0.3543688666222053,0.05556350071082278,3.570581583114763e-05,20.420427043650115,28.371937003746456,nan,nan,nan
422.12,188.97296142578125,-170.71463012695312,-60.869388580322266,189.84206736838655,-170.8575614540087,-60.88691073772775,0.8809548965332227,0.35441998350448883,0.055580822617626376,3.50087590309994e-05,20.26265472234677,28.037349414518914,nan,0.16097577060180776,nan
422.13,188.96429443359375,-170.71688842773438,-60.87034606933594,189.8332272770061,-170.85966912349846,-60.888046475846814,0.8807632586763614,0.3544711876914827,0.05559820677253503,3.571464295808677e-05,20.2346191812388,28.074277536954384,nan,nan,nan
422.14,188.95562744140625,-170.71922302246094,-60.871395111083984,189.82439504153288,-170.8618447785718,-60.88885708766433,0.880569718405092,0.35452247816526816,0.055615652747019614,3.5017236004089644e-05,20.13970401203925,27.802800329497924,nan,0.12133328617963565,nan
422.15000000000003,188.94696044921875,-170.72161865234375,-60.872528076171875,189.80271909974587,-170.8633280344962,-60.89018843991483,0.8675922460404777,0.3544542019723344,0.05561036937889649,3.5701395994666206e-05,19.695644051049335,28.3692643756928,3.0523111858604834,nan,nan
422.16,188.93829345703125,-170.72409057617188,-60.87375259399414,189.79385218452384,-170.86566578059404,-60.89171575624014,0.8673793575442057,0.3545052690462845,0.05562783092755688,3.50044894674596e-05,20.14647780660502,28.53472287192214,nan,0.011900500132811536,nan
422.17,188.92962646484375,-170.7266387939453,-60.875057220458984,189.7849875060646,-170.86807296194928,-60.893200987738894,0.867165111733914,0.35455642325776265,0.055645354919941645,3.571017801420879e-05,20.116227361718664,28.43599598743974,nan,nan,nan
422.18,188.92095947265625,-170.729248046875,-60.87644577026367,189.77616081220356,-170.870523526667,-60.89271414956315,0.8669444921787088,0.35460766374512975,0.0556629409970539,3.501292718180752e-05,18.425083117801343,27.01753149470851,nan,2.987362097993739,nan
422.19,188.91229248046875,-170.73193359375,-60.87792205810547,189.76729614124062,-170.87307055693307,-60.894349079568926,0.8667299171852794,0.3546589916227664,0.05568058979094596,3.571895434859946e-05,18.390110051191378,26.645526106041014,nan,nan,nan
422.2,188.90362548828125,-170.73468017578125,-60.87947463989258,189.7466348384103,-170.8694303093352,-60.894189193938196,0.8538377369258017,0.35459064445981203,0.05567529316108021,3.5000156901593406e-05,17.11674034683922,25.852804498550075,1.706565257829529,2.5341311997551297,nan
422.21000000000004,188.89495849609375,-170.7375030517578,-60.8811149597168,189.7377514324243,-170.8720994741563,-60.89597186931489,0.8536022833931097,0.3546417486804362,0.05569295684992993,3.570564698221312e-05,17.081974202472416,25.4109525785008,nan,nan,nan
422.22,188.88629150390625,-170.74038696289062,-60.88283157348633,189.728857883701,-170.8748430829744,-60.89842956220681,0.8533697029075699,0.35469293915750455,0.055710682881894596,3.500855438769806e-05,17.818820629371075,26.397665258341135,nan,0.24833694925486938,nan
422.23,188.87762451171875,-170.7433319091797,-60.88462829589844,189.71997476240503,-170.87764591194934,-60.90038083443335,0.8531367643241853,0.35474421686907953,0.05572847182691423,3.57143857987562e-05,17.78575906089094,26.495044030963847,nan,nan,nan
422.24,188.86895751953125,-170.74635314941406,-60.88650131225586,189.7111159520173,-170.88049717616582,-60.900957589176514,0.8528976663486413,0.3547955811568666,0.05574632341803237,3.501694805798683e-05,16.775582905816652,25.16773642285609,nan,1.4920915141188418,nan
422.25,188.86029052734375,-170.7494354248047,-60.888431549072266,189.67150645357344,-170.87219862589097,-60.903043814579874,0.8205824765451155,0.35472716387588654,0.05574101001352872,3.570105733750045e-05,16.588734661626802,25.829815181383175,7.91577541034119,nan,nan
422.26,188.85162353515625,-170.75257873535156,-60.89036560058594,189.6625627211033,-170.8751873098673,-60.9058340347163,0.8203014679395084,0.35477830431803903,0.055758875831969014,3.5004124886567124e-05,17.412683471330244,26.794865187391004,nan,0.3211284023400102,nan
422.27,188.84295654296875,-170.7557830810547,-60.89228820800781,189.65362996346502,-170.87823164196186,-60.90795357996083,0.8200185660372512,0.3548295318457532,0.05577680475883661,3.570975793142186e-05,17.418304180156813,26.750884352542197,nan,nan,nan
422.28000000000003,188.83428955078125,-170.75906372070312,-60.89418411254883,189.64467260293236,-170.88135668602177,-60.911697377864556,0.8197456770500202,0.3548808459188447,0.05579479658225621,3.5012486066319e-05,19.276633459067163,28.155372765067874,nan,1.9081378368833724,nan
422.29,188.82562255859375,-170.76239013671875,-60.89604568481445,189.63574070668193,-170.88452557240785,-60.91378465258427,0.8194651606324252,0.35493224733917195,0.05581285179048825,3.571845645557963e-05,19.295176172634818,28.661492839712423,nan,nan,nan
422.3,188.81695556640625,-170.76577758789062,-60.89787292480469,189.61741164956769,-170.885759347938,-60.91605519487781,0.8096024695856766,0.3548637591381775,0.05580751722969336,3.499964630689465e-05,19.73307589291052,29.442350520334973,0.9273017937532825,0.02627027791481175,nan
422.31,188.80828857421875,-170.76922607421875,-60.8996696472168,189.60846430010875,-170.8890509540318,-60.9180791280663,0.8093071747556357,0.3549149364629756,0.05582558594874862,3.5705078718570045e-05,19.748307589472727,29.332870455937847,nan,nan,nan
422.32,188.79962158203125,-170.7727508544922,-60.90142822265625,189.5995120175621,-170.89240615239052,-60.92044398936565,0.8090140286499389,0.35496620029513554,0.05584371780840037,3.500797447747698e-05,20.556062221162676,29.64624866926014,nan,0.09926813718463448,nan
422.33,188.7909698486328,-170.7763214111328,-60.90314865112305,189.5905652345372,-170.89581659148814,-60.92240357272653,0.8087042916256146,0.3550175513350055,0.05586191324844657,3.571374732717887e-05,20.577086596911826,30.543287811498196,nan,nan,nan
422.34000000000003,188.7823028564453,-170.77993774414062,-60.90483856201172,189.58162621813403,-170.8992801019374,-60.92377711031215,0.808405284196966,0.35506898919400426,0.05588017212894721,3.501630252684237e-05,20.407187611480673,30.21016239288967,nan,0.2153288919217022,nan
422.35,188.7736358642578,-170.78363037109375,-60.906494140625,189.55730262161427,-170.89939721073895,-60.92559681330453,0.7924017035888574,0.3550004306269307,0.05587481271323829,3.5700356315386905e-05,20.08864609006769,29.896978148564447,2.5575425945368853,nan,nan
422.36,188.7649688720703,-170.78736877441406,-60.908119201660156,189.54833081139842,-170.90298158262672,-60.92745100188377,0.7920833086933399,0.35505164442463366,0.05589308451939825,3.6419888554971475e-05,20.0975987510609,30.17632309236698,nan,nan,nan
422.37,188.75631713867188,-170.79116821289062,-60.90970993041992,189.53935947489143,-170.9066222261778,-60.92927355914205,0.7917497490148427,0.3551029450629352,0.055911419974675095,3.715386770688683e-05,20.10662117364366,30.49808626843874,nan,nan,nan
422.38,188.74765014648438,-170.79502868652344,-60.91127014160156,189.5303938002017,-170.91031481695836,-60.93065235854585,0.7914254163463991,0.355154332455179,0.05592981909738958,3.6370727969395796e-05,20.10437382884703,29.800983760868384,nan,0.11119825658673749,nan
422.39,188.73898315429688,-170.79893493652344,-60.91279602050781,189.52142377276664,-170.91406624689225,-60.932409216528384,0.7911088531401521,0.3552058072078567,0.055948282283807306,3.710333397817992e-05,20.112678197405987,30.083454780995122,nan,nan,nan
422.40000000000003,188.73033142089844,-170.8029022216797,-60.9142951965332,189.50855083348327,-170.91803406397818,-60.93221074316803,0.7868937425384391,0.35513717770925674,0.05594289369993216,3.630018776558761e-05,18.413998885582373,28.813763035581804,0.5900842447548329,2.246620625845215,nan
422.41,188.72166442871094,-170.80691528320312,-60.9157600402832,189.49957484170673,-170.92189825301193,-60.9338885425428,0.7865712533442324,0.3551884279229996,0.0559613689329121,3.70305724418667e-05,18.416408870320094,28.585400077710805,nan,nan,nan
422.42,188.71299743652344,-170.81097412109375,-60.917198181152344,189.4906160551691,-170.92580325834274,-60.934062951456504,0.7862320696226832,0.3552397648407267,0.05597990806571277,3.625382655234801e-05,17.35577305207312,27.6932094546683,nan,1.4293791024193645,nan
422.43,188.704345703125,-170.8151092529297,-60.918609619140625,189.48164131020258,-170.92977299870068,-60.9356694830709,0.7858926608218538,0.3552911889889958,0.05599851145453244,3.698298911279873e-05,17.350663391243557,27.37864533710454,nan,nan,nan
422.44,188.6956787109375,-170.81927490234375,-60.91999053955078,189.47268300615033,-170.93378283263084,-60.93577391938874,0.7855551259822154,0.35534270014795694,0.056017179041053494,3.6208859825550524e-05,16.33053990482903,26.51539366449944,nan,1.43257140475951,nan
422.45,188.68702697753906,-170.82350158691406,-60.92134475708008,189.45689802507013,-170.9433731924324,-60.937262435104294,0.7793099538115839,0.3552740000850939,0.056011757463565716,3.691342949514387e-05,15.600161337589556,26.71353424380655,6.617918940863206,nan,nan
422.46000000000004,188.67837524414062,-170.82777404785156,-60.922672271728516,189.44793562529597,-170.94750549993748,-60.936214119664676,0.7789365715564305,0.35532528649848466,0.056030436344144834,3.614283978392518e-05,13.77930621235376,25.017625245048563,nan,4.328531811327049,nan
422.47,188.66970825195312,-170.83209228515625,-60.923973083496094,189.43894779750104,-170.9517072239707,-60.937673047652034,0.7786044573724349,0.35537666001743784,0.05604917967178404,3.686884801319537e-05,13.765891026575442,24.60704320379035,nan,nan,nan
422.48,188.6610565185547,-170.8364715576172,-60.92524719238281,189.42996386796804,-170.95595585442368,-60.938779151066065,0.77825325124346,0.3554281204885843,0.05606798742225623,3.610076217180457e-05,13.717677463689299,24.627863699552222,nan,0.07115684976246936,nan
422.49,188.65240478515625,-170.8408966064453,-60.92649459838867,189.42097740503576,-170.96025583247445,-60.940184851902636,0.7779061125277258,0.3554796683390867,0.05608685990104326,3.682575111947683e-05,13.704908180539487,24.69334524823281,nan,nan,nan
422.5,188.64373779296875,-170.84536743164062,-60.92771911621094,189.41059203014262,-170.96463479379847,-60.93935711959574,0.7761607873826134,0.35541089732001807,0.056081401068847174,3.603782827243374e-05,12.309542192664516,22.945494600724604,0.0469870929526373,3.272489361496582,nan
422.51,188.6350860595703,-170.84988403320312,-60.92892074584961,189.40160400823103,-170.96903231059247,-60.94069325258777,0.7758122643647664,0.3554622201836359,0.056100284052772426,3.676095571973853e-05,12.291238437422916,23.431297487231024,nan,nan,nan
422.52,188.62643432617188,-170.8544464111328,-60.93009567260742,189.3926107079536,-170.97348155323112,-60.9426938182082,0.7754703903612761,0.35551362993572705,0.056119231678827416,3.599865283127673e-05,12.900016897026415,24.063019459024787,nan,0.31511762185564907,nan
422.53000000000003,188.61778259277344,-170.85903930664062,-60.93124771118164,189.38362407916065,-170.97796285269462,-60.943991080108475,0.7751247548165668,0.35556512694875025,0.05613824422377149,3.6720893539198233e-05,12.88315213132492,23.87096140987607,nan,nan,nan
422.54,188.609130859375,-170.8636016845703,-60.932376861572266,189.37464297378116,-170.98243733343293,-60.94467856467523,0.7747787043036403,0.35561671115125465,0.05615732170616658,3.596090617657026e-05,12.636631666822076,23.531651465338843,nan,0.23078990522732407,nan
422.55,188.60047912597656,-170.8680877685547,-60.9334831237793,189.36012639333967,-170.98065755682495,-60.94598968277431,0.7680444922407449,0.3555478693749061,0.05615182167931898,3.665930125291235e-05,12.979093332245117,24.209880718936528,2.1824647928706415,nan,nan
422.56,188.59182739257812,-170.8725128173828,-60.934566497802734,189.35114087943595,-170.98499689554166,-60.94649181951317,0.7676925507397631,0.3555992283761356,0.05617090887419525,3.590251089727541e-05,12.639652277032843,23.39020157973774,nan,0.35296995529477915,nan
422.57,188.5831756591797,-170.87686157226562,-60.935630798339844,189.3421504665136,-170.98926303185615,-60.94769167676328,0.767347581656434,0.3556506745234455,0.05619006117679499,3.662225325464406e-05,12.617008134895741,23.202405537532005,nan,nan,nan
422.58,188.57452392578125,-170.88111877441406,-60.93667221069336,189.33316894902177,-170.99344126399475,-60.94773821516449,0.7669948301052403,0.35570220778994166,0.05620927862964028,3.5867651483522844e-05,12.024870415523242,22.871959902168378,nan,0.8620757169073123,nan
422.59000000000003,188.5658721923828,-170.88528442382812,-60.93769454956055,189.32417962126368,-170.9975431590399,-60.948886269259816,0.7666533994688148,0.35575382848139064,0.05622856147378784,3.658668189643035e-05,11.999504493211841,23.08996865931953,nan,nan,nan
422.6,188.55723571777344,-170.88938903808594,-60.93869400024414,189.34391679775717,-171.01158169699306,-60.95001602878276,0.7961949232602532,0.355684915693506,0.056223016038788,3.581227024343361e-05,12.339002798302362,22.264804155164196,7.082999983454895,0.0038958199197037836,nan
422.61,188.548583984375,-170.89340209960938,-60.93967819213867,189.33497599172412,-171.0155329013678,-60.951124581272644,0.7959015905154004,0.3557363109458305,0.05624230777232241,3.652974818380084e-05,12.312824778395866,22.078712187269893,nan,nan,nan
422.62,188.53993225097656,-170.89732360839844,-60.94063949584961,189.32604716043392,-171.01939461849918,-60.950421896393564,0.7955964289377876,0.355787793243021,0.05626166486355104,3.5780252784206686e-05,11.366577802976336,21.512288307931126,nan,2.168910307428586,nan
422.63,188.53128051757812,-170.90118408203125,-60.94158172607422,189.3171069116553,-171.02318653815905,-60.95147554567872,0.7953022121155569,0.35583936285507023,0.05628108753379859,3.649713214894646e-05,11.341557816933562,20.91343135071846,nan,nan,nan
422.64,188.5226287841797,-170.90496826171875,-60.9425048828125,189.30815987116176,-171.02690655405223,-60.95365546392356,0.7950172144120913,0.3558910198087316,0.05630057585503707,3.574962329660778e-05,12.105112445293248,21.655918908816655,nan,0.8855013556806692,nan
422.65000000000003,188.5139923095703,-170.90866088867188,-60.94340896606445,189.28551625518105,-171.02496810623364,-60.954772826473366,0.7803241024286738,0.35582203609563395,0.05629498099193014,3.644325750959524e-05,12.122994500621527,23.046515734304016,1.97574486691371,nan,nan
422.66,188.50534057617188,-170.91229248046875,-60.94429397583008,189.2765620060056,-171.02851635690266,-60.954415464712476,0.7799954665415073,0.35587346738963077,0.056314477371790905,3.569858726969833e-05,11.416870666424238,21.43006343745788,nan,1.2753271385057066,nan
422.67,188.49668884277344,-170.9158477783203,-60.94516372680664,189.26760006654288,-171.03199773045415,-60.95539908094102,0.7796792217243277,0.35592498589087923,0.05633403951624691,3.641352599608023e-05,11.391762832227307,21.51880603172802,nan,nan,nan
422.68,188.48805236816406,-170.91934204101562,-60.94601821899414,189.25865097971518,-171.03539721428592,-60.95393523517892,0.7793290078731743,0.3559765916544389,0.05635366751330095,3.5670711340756266e-05,10.239904470824024,20.52409884594364,nan,4.014340220196854,nan
422.69,188.47940063476562,-170.92276000976562,-60.94684982299805,189.24968908907937,-171.03873674352621,-60.95486204781183,0.7790116182505217,0.3560282849078815,0.05637336156034915,3.638519810956202e-05,10.21529174254637,20.23044702877449,nan,nan,nan
422.7,188.4707489013672,-170.9261016845703,-60.947669982910156,189.25841184088034,-171.04371650138927,-60.955535654350996,0.7964345674348114,0.35595923010607067,0.05636771308994382,3.562250184236921e-05,10.640596933556749,20.060588550407033,4.228939759620241,0.055210813040289804,nan
422.71000000000004,188.46209716796875,-170.92938232421875,-60.94847106933594,189.24948149830897,-171.0469113854155,-60.95642905327317,0.7961472812234236,0.3560106974641538,0.056387414339234436,3.633569493680963e-05,10.61515381748808,19.86469618006473,nan,nan,nan
422.72,188.45346069335938,-170.93260192871094,-60.949256896972656,189.19708325815034,-171.01031630989152,-60.95749364289275,0.7477177862615886,0.35131193029477253,0.05243963609449477,3.5596183433676095e-05,15.57891318552598,25.14446061489892,nan,0.01860609953601692,0.3977401875323601
422.73,188.44480895996094,-170.9357452392578,-60.95002746582031,189.18816381166997,-171.01334122344795,-60.95835916120535,0.7474402915750378,0.3513659580188899,0.0524516185015186,3.630899422028627e-05,15.5370774407588,25.02784895552381,nan,nan,nan
422.74,188.4361572265625,-170.9388427734375,-60.950782775878906,189.17928772041657,-171.0163476053072,-60.959946129407165,0.7472174361635476,0.351420067515902,0.052463653965684656,3.557231151742573e-05,15.940221927528189,24.910703612997892,nan,0.3701093582454798,nan
422.75,188.42750549316406,-170.94186401367188,-60.95152282714844,189.17536357928196,-171.02427748657863,-60.96081770226643,0.7524427501092299,0.3513472911626803,0.052458143333493495,3.626235086733234e-05,15.586208786569413,25.10715001083029,2.3953379978149583,nan,nan
422.76,188.41885375976562,-170.94483947753906,-60.952247619628906,189.1665104414664,-171.02719274061604,-60.96261464334428,0.7522499909019172,0.3514011649301194,0.05247021840707302,3.5528151340782086e-05,16.183335759594005,25.25179365964384,nan,0.6394440206914802,nan
422.77,188.41021728515625,-170.94773864746094,-60.95296096801758,189.15760057649004,-171.02999001995062,-60.963441329432406,0.7519686897848543,0.35145513035432113,0.05248235750147352,3.6239486618992724e-05,16.141116150079867,26.222333144537252,nan,nan,nan
422.78000000000003,188.4015655517578,-170.95059204101562,-60.95365524291992,189.14875396002606,-171.0327939190434,-60.965357211869865,0.7517876044994557,0.35150917774832197,0.0524945503591301,3.5506810375648634e-05,16.921160851230567,26.177577216595907,nan,0.8334115263384961,nan
422.79,188.39291381835938,-170.95338439941406,-60.95433807373047,189.1398437218682,-171.03547525890133,-60.966168596395946,0.751520559421766,0.35156331694290244,0.05250680731645575,3.621790942928197e-05,16.882956505758045,26.269664633295235,nan,nan,nan
422.8,188.38426208496094,-170.95611572265625,-60.95500564575195,189.15636782775277,-171.0494861688746,-60.96697093187431,0.7778229145191977,0.3514904474370956,0.05250138440993933,3.546521414014749e-05,16.926470823571975,26.012151207129747,7.317898320782874,1.2847998761606455e-05,nan
422.81,188.3756103515625,-170.95880126953125,-60.95566177368164,189.147500386014,-171.05208084094468,-60.96775718993759,0.7775998989345482,0.3515443504653847,0.05251368031416699,3.6175232235682526e-05,16.888468051712508,25.685413127984944,nan,nan,nan
422.82,188.36695861816406,-170.96144104003906,-60.95630645751953,189.13856695134908,-171.05455488905886,-60.967358897999794,0.7772848674459115,0.3515983356581356,0.052526030663420195,3.544629477144777e-05,16.246256100055408,24.802974465513305,nan,0.9456051037317837,nan
422.83,188.35830688476562,-170.96400451660156,-60.95693588256836,189.1296986795557,-171.05704242586808,-60.96810924367828,0.7770625442193393,0.3516524122777722,0.052538444956929206,3.6156153902340996e-05,16.20613397851079,25.593546014505012,nan,nan,nan
422.84000000000003,188.3496551513672,-170.96653747558594,-60.95755386352539,189.12073211209434,-171.05937949536963,-60.96707574140351,0.7767045681339018,0.3517065714936138,0.052550914180705156,3.542854570862311e-05,15.268084652803404,23.96254891246691,nan,2.1629518031474877,nan
422.85,188.34100341796875,-170.96900939941406,-60.95815658569336,189.13811006668902,-171.06991441739711,-60.967840746537846,0.8035263623923532,0.3516336186784205,0.05254558459552425,3.611599503128539e-05,15.588374430439606,23.948786306950637,5.559249184573758,nan,nan
422.86,188.3323516845703,-170.971435546875,-60.9587516784668,189.129293435816,-171.07226718217896,-60.968730413130466,0.8033571738038552,0.3516875415717161,0.05255809250735122,3.539053612059633e-05,15.760854816671861,24.008969805408984,nan,0.02497414997059648,nan
422.87,188.32369995117188,-170.97381591796875,-60.95933151245117,189.1204662178871,-171.07456073882742,-60.9694208808403,0.8031735790348506,0.351741555521197,0.05257066422508161,3.609929342559329e-05,15.723168154113909,23.898951019188406,nan,nan,nan
422.88,188.31504821777344,-170.9761505126953,-60.95989990234375,189.11161950486763,-171.07678704922577,-60.96974150710477,0.8029635017184916,0.3517956522549685,0.05258329151986636,3.5375044416790164e-05,15.597730795444098,23.721890359757367,nan,0.08902601986802436,nan
422.89,188.306396484375,-170.97842407226562,-60.9604606628418,189.10279166291892,-171.07898538895785,-60.97040689771563,0.8027806589667177,0.35184984019359683,0.05259598272381215,3.6083737858504324e-05,15.556288157022632,24.190635133772005,nan,nan,nan
422.90000000000003,188.29774475097656,-170.9806671142578,-60.96100616455078,189.09088564105966,-171.07702224471984,-60.971277201053894,0.7990383450617413,0.35177679580826776,0.05259073343028374,3.5339296988954434e-05,16.101236937893937,24.07198140399631,2.193634160662736,0.07277734584329756,nan
422.91,188.28909301757812,-170.9828643798828,-60.961544036865234,189.0820500244579,-171.07911309613377,-60.97192334137829,0.7988443904177364,0.3518307469942182,0.05260346263403947,3.6047077839672434e-05,16.061764272863073,24.085305750820837,nan,nan,nan
422.92,188.28042602539062,-170.98501586914062,-60.962066650390625,189.0732420710993,-171.08118740090356,-60.97310038927495,0.7987039434286747,0.35188478114620464,0.05261624803628095,3.5325940881007536e-05,16.477207688811898,24.207329442535073,nan,0.2025906617658147,nan
422.93,188.2717742919922,-170.98712158203125,-60.962581634521484,189.06440570755728,-171.0831908934199,-60.97373234691691,0.7985099948769231,0.3519389061401732,0.052629097236939204,3.603371954975918e-05,16.438361069203506,24.65796678167074,nan,nan,nan
422.94,188.26312255859375,-170.9891815185547,-60.96308898925781,189.05543617752983,-171.08502224383238,-60.9717459367738,0.7981361150290301,0.3519931145242435,0.05264200309608573,3.531361319199031e-05,15.06650734779635,23.434680804914926,nan,4.7190096667439185,nan
422.95,188.2544708251953,-170.99131774902344,-60.96368408203125,189.00587988936445,-171.07903935398792,-60.972351227238796,0.7565618157818527,0.35191998701114036,0.052636837611128175,3.5999251912984815e-05,14.049106560856316,23.896959512785592,15.909268500890327,nan,nan
422.96000000000004,188.2458038330078,-170.9935302734375,-60.96437454223633,188.9970567493917,-171.0811784256978,-60.974642238765675,0.7564182497547004,0.35197395848218194,0.05264978113133273,3.528098967559485e-05,14.913682012009684,24.285165076473465,nan,1.6890425119910835,nan
422.97,188.23715209960938,-170.99581909179688,-60.96515655517578,188.98815521384967,-171.08331612308857,-60.975481830727304,0.7561534364126696,0.3520280204388996,0.05266278835682109,3.598796111112045e-05,14.85062069552895,24.587689702111735,nan,nan,nan
422.98,188.22848510742188,-170.99818420410156,-60.96603012084961,188.9792809704052,-171.08555390053849,-60.97697607610091,0.7559416020201017,0.3520821659557412,0.052675852826533934,3.527062154800196e-05,15.248939877484593,24.46146541910785,nan,0.2203520731175072,nan
422.99,188.21983337402344,-171.00062561035156,-60.96698760986328,188.97037868139745,-171.0878376637372,-60.978003608324265,0.7556755606071822,0.35213640211620073,0.052688981130149304,3.5977664179777574e-05,15.18847644718504,24.722822026570586,nan,nan,nan
423.0,188.211181640625,-171.0031280517578,-60.96803665161133,188.9111148450724,-171.07996375409022,-60.97754461316287,0.7042021138663185,0.35206318457162605,0.0526838881243647,3.523994368827588e-05,13.270768480994338,25.18249060189503,23.44945291736348,1.8031312412244924,nan
423.01,188.2025146484375,-171.00570678710938,-60.969173431396484,188.902133858622,-171.0824009588273,-60.97873453966956,0.7038753085782185,0.35211718340033216,0.052697053377283525,3.5946204393209055e-05,13.211558281887129,24.428228693609825,nan,nan,nan
423.02,188.19386291503906,-171.0083465576172,-60.970394134521484,188.89313650647534,-171.08489268061228,-60.979668821967714,0.7035118225396079,0.35217126595001724,0.05271027643493151,3.5231410087737614e-05,13.071611278453789,25.092850838368705,nan,0.08198689108532249,nan
423.03000000000003,188.18519592285156,-171.0110626220703,-60.971702575683594,188.8841551874961,-171.08746896529735,-60.9810292680872,0.7031848761947026,0.35222543879924634,0.05272356326105477,3.593779010168085e-05,13.013577644702897,24.279399404392567,nan,nan,nan
423.04,188.17654418945312,-171.0138397216797,-60.97309112548828,188.87508098065743,-171.09002595898392,-60.9804792702319,0.7027179918739345,0.35227969578236,0.052736908326538566,3.5223757546933086e-05,12.10454032684595,24.127096986641106,nan,2.7767441521750342,nan
423.05,188.16787719726562,-171.01669311523438,-60.97456741333008,188.8560682809054,-171.08789093463616,-60.9818805142707,0.6919028678465002,0.35220639532926895,0.05273188951365246,3.590819256168246e-05,12.099304228251423,23.523459046333016,1.8138936195188404,nan,nan
423.06,188.1592254638672,-171.0196075439453,-60.97612380981445,188.84703438295216,-171.09062568539082,-60.98270911420499,0.6914969644337766,0.3522604148128779,0.052745271111768716,3.5195733014591026e-05,11.804497710144915,23.929150031553018,nan,0.4072007809332959,nan
423.07,188.1505584716797,-171.0225830078125,-60.977760314941406,188.8380351955036,-171.09345905408,-60.98437672731137,0.6911522528696791,0.3523145242608965,0.05275871643007773,3.590153163473247e-05,11.754417409762565,23.540707933277407,nan,nan,nan
423.08,188.14190673828125,-171.025634765625,-60.97947692871094,188.82896898060076,-171.09629515947375,-60.98462279049642,0.6907053611877452,0.3523687179885665,0.052772220513345625,3.5189739084489774e-05,11.250831287158686,23.148992851867632,nan,1.5786446313274383,nan
423.09000000000003,188.13323974609375,-171.02874755859375,-60.98127365112305,188.81997012778712,-171.09925848215045,-60.98643831851939,0.6903601098490909,0.3524230018507638,0.05278578847044682,3.5895711714180044e-05,11.205127817764442,22.702945859070404,nan,nan,nan
423.1,188.1245880126953,-171.03192138671875,-60.983150482177734,188.83221375510962,-171.1049557917398,-60.98765109819412,0.7113989536038874,0.3523496128448884,0.05278083397265608,3.5163348088997346e-05,11.627524209639835,22.68759654399373,5.372466583932717,0.3503085526946797,nan
423.11,188.1159210205078,-171.03515625,-60.985076904296875,188.82324768800885,-171.10803387588496,-60.98960726553488,0.7110855694539832,0.35240365880353847,0.052794437728054894,3.5868637228441e-05,11.587670639719063,22.23961411673056,nan,nan,nan
423.12,188.10726928710938,-171.0384521484375,-60.98701477050781,188.81427814716014,-171.1111709567789,-60.99151284906132,0.7107529711422564,0.3524577891767096,0.05280810074977063,3.5158891196567306e-05,11.554310472077024,22.705663929026418,nan,0.004746886947684476,nan
423.13,188.09860229492188,-171.04180908203125,-60.98893737792969,188.80531222218005,-171.11437292999153,-60.993497119433584,0.7104401625461776,0.35251200936423904,0.05282182762350581,3.586439096689902e-05,11.522641971979365,22.19868930117227,nan,nan,nan
423.14,188.08995056152344,-171.04522705078125,-60.9908332824707,188.79638866315332,-171.1176742973088,-60.996466682323344,0.7101655653140054,0.3525663143659237,0.05283561417378434,3.515517116707482e-05,11.809232720529183,22.943260385578647,nan,0.7072385038543166,nan
423.15000000000003,188.08128356933594,-171.0487060546875,-60.99269485473633,188.79637479937884,-171.12511889563277,-60.99828184705554,0.7191839848250037,0.3524928427246331,0.052830724174383184,3.583886119172328e-05,11.722842890125918,22.130644298963013,1.6914045894745624,nan,nan
423.16,188.0726318359375,-171.05224609375,-60.99452209472656,188.78750597158643,-171.12858399115217,-61.002163342711455,0.7189790630264213,0.3525469096456365,0.05284454603140361,3.51309796068413e-05,12.477948150268173,23.28056818731628,nan,2.721020590217584,nan
423.17,188.06398010253906,-171.05584716796875,-60.99631881713867,188.77855640908382,-171.1320344775601,-61.00406028438672,0.7186680279051425,0.3526010660711168,0.052858431734550335,3.5836065690005804e-05,12.452603104553466,23.143525263325753,nan,nan,nan
423.18,188.05531311035156,-171.05950927734375,-60.998077392578125,188.76962296315747,-171.13555739991165,-61.006318232215314,0.7183938990551286,0.35265530742867374,0.05287237758259756,3.512862939281829e-05,12.678833999784485,22.797816048372127,nan,0.1093833815568292,nan
423.19,188.04666137695312,-171.06321716308594,-60.99980163574219,188.76067406644404,-171.13912341376277,-61.00815128540334,0.7180846720932901,0.35270963847462883,0.052886387454122004,3.583396518577543e-05,12.654869186916889,23.60827686661497,nan,nan,nan
423.2,188.0380096435547,-171.06698608398438,-61.00149154663086,188.7753102454483,-171.1449344441068,-61.01106191329617,0.7414713186068514,0.35263607968969235,0.052881553285872074,3.510577721086388e-05,14.057183147329898,23.73940372000832,7.921591848378396,1.0709407703900795,nan
423.21000000000004,188.0293426513672,-171.07080078125,-61.00314712524414,188.7663976841952,-171.1485965278357,-61.01283858872173,0.741212671281505,0.3526901722675552,0.0528955977072,3.581050113621868e-05,14.035516764689737,23.6007227231386,nan,nan,nan
423.22,188.02069091796875,-171.07469177246094,-61.00476837158203,188.7574416886428,-171.1522750721141,-61.01344207842067,0.7408752254355798,0.3527443498836977,0.05290970271915704,3.5104683386691895e-05,13.5219237317817,22.828211185013025,nan,0.9138256100450642,nan
423.23,188.0120391845703,-171.07861328125,-61.0063591003418,188.74852998938766,-171.15604726683924,-61.0151437452302,0.7406023883910706,0.3527986168946649,0.052923871772964926,3.580968417336258e-05,13.497629027315039,23.58582917382079,nan,nan,nan
423.24,188.00338745117188,-171.08261108398438,-61.00791931152344,188.73954152339562,-171.15980585848902,-61.014762020740946,0.7402220436678816,0.3528529693292966,0.052938101804985475,3.5104191454642844e-05,12.64255661422626,21.976216845359527,nan,2.9559772986312525,nan
423.25,187.99472045898438,-171.08665466308594,-61.00944900512695,188.71104698974835,-171.1666863786422,-61.01631120540168,0.7208161096728113,0.3527793282454642,0.05293332238044551,3.578747141491187e-05,11.54142928105799,21.824075804613408,12.677352752822276,nan,nan
423.26,187.98606872558594,-171.0907440185547,-61.01094436645508,188.70208291683727,-171.17063150095984,-61.017184308870824,0.7204840517316713,0.3528334420245932,0.052947586399604805,3.5083118415459244e-05,11.299734057397716,22.29594864659202,nan,0.35954158343660947,nan
423.27,187.9774169921875,-171.09487915039062,-61.012413024902344,188.69314547425176,-171.1746519392747,-61.01873640942524,0.7201881303355276,0.35288764491577673,0.05296191449316245,3.578782538547145e-05,11.270961287542175,22.47544573279315,nan,nan,nan
423.28000000000003,187.96876525878906,-171.0990753173828,-61.013851165771484,188.6841932255881,-171.17871094374303,-61.01983121133447,0.7198713562914756,0.3529419333192387,0.052976303980334545,3.508373010108686e-05,11.137763193966173,21.97982274043019,nan,0.1291528858774124,nan
423.29,187.96011352539062,-171.10333251953125,-61.015262603759766,188.67525691853353,-171.18283442130777,-61.02132260534263,0.7195744219753942,0.35299631103307,0.05299075774097212,3.5788740301148396e-05,11.110412932682358,21.575325685540847,nan,nan,nan
423.3,187.9514617919922,-171.1076202392578,-61.01664352416992,188.6932061179059,-171.19504554431586,-61.0226682632547,0.7469030234714028,0.35292258588091435,0.052986026659127126,3.6485180842867896e-05,11.359089133536814,21.688120511561337,6.255830150765216,nan,nan
423.31,187.94281005859375,-171.11196899414062,-61.01799774169922,188.6843141272157,-171.1992767293363,-61.024103073549504,0.746651323902213,0.35297672456861506,0.05300051362891617,3.7218039605802194e-05,11.331224459735967,21.23298181706309,nan,nan,nan
423.32,187.9341583251953,-171.11636352539062,-61.019325256347656,188.67546519035912,-171.20359350205513,-61.02676208549936,0.7464584674285047,0.3530309487106753,0.05301506228852141,3.6428774488887815e-05,11.813157502356917,21.816437072867817,nan,1.0177226606060181,nan
423.33,187.92550659179688,-171.12081909179688,-61.020626068115234,188.66657408363002,-171.20792268253095,-61.02815736793279,0.7462069307153251,0.35308526203164714,0.05302967537398712,3.716024033384335e-05,11.787826362734961,21.334287522270593,nan,nan,nan
423.34000000000003,187.9168701171875,-171.12530517578125,-61.02190017700195,188.65756440496935,-171.21219924666596,-61.02594492379461,0.7457847997138284,0.353139661189373,0.05304435052527941,3.6374260131582244e-05,10.67565042572312,21.260455345335846,nan,8.378712267550497,nan
423.35,187.90821838378906,-171.12985229492188,-61.02314758300781,188.63622954166973,-171.20897120059075,-61.02741461593114,0.7323102176010976,0.3530658524030816,0.05303966310653319,3.708083580662944e-05,10.933507412868009,20.69518781062025,4.186501759510261,nan,nan
423.36,187.89956665039062,-171.13442993164062,-61.02437210083008,188.62733927092538,-171.2134394442705,-61.029351558325885,0.7320657656815963,0.3531200123481341,0.053054370843261596,3.629904564083336e-05,11.090735883644557,21.382234167691163,nan,0.2749460469843147,nan
423.37,187.8909149169922,-171.13906860351562,-61.02557373046875,188.6184284550719,-171.21793646246732,-61.03062373006066,0.7317934064753207,0.35317426119477086,0.05306914305496853,3.702704480610355e-05,11.06306020711853,20.821856539605502,nan,nan,nan
423.38,187.8822784423828,-171.14373779296875,-61.02674865722656,188.60946854311555,-171.2224381333694,-61.03030519666035,0.7314450322174701,0.35322859595768746,0.053083977715622975,3.624836274317121e-05,10.688035640093599,21.42000938258473,nan,1.6151551513269742,nan
423.39,187.87362670898438,-171.14846801757812,-61.02790069580078,188.60055883301408,-171.22702615715565,-61.031515929398104,0.7311735526905897,0.3532830198250819,0.05309887706232614,3.697520472038189e-05,10.659527462993246,20.363927584811297,nan,nan,nan
423.40000000000003,187.86497497558594,-171.15322875976562,-61.029029846191406,188.61283239114337,-171.24877966483427,-61.034506103468345,0.7539566823481605,0.353209126397978,0.05309422762179211,3.617715397901992e-05,10.387784156485612,20.701319740660125,17.12321559085304,2.0104496573042514,nan
423.41,187.85633850097656,-171.1580352783203,-61.0301399230957,188.60396308318616,-171.253509357601,-61.03569131612629,0.7537165473194458,0.35326331068983136,0.05310915874115604,3.690200206617567e-05,10.35929423483103,20.930052810901213,nan,nan,nan
423.42,187.84768676757812,-171.16282653808594,-61.03122329711914,188.59507304929443,-171.25822932316356,-61.0361350923232,0.7534667021378012,0.35331758096298704,0.05312415267156183,3.613023559650123e-05,10.155964732815516,19.87089198463286,nan,0.34317652009468996,nan
423.43,187.83905029296875,-171.16754150390625,-61.03228759765625,188.58620536093855,-171.2629232792932,-61.03727100516986,0.7532351644867427,0.3533719400841105,0.053139211359487286,3.6854077943960134e-05,10.122930274595657,20.82210817198238,nan,nan,nan
423.44,187.83041381835938,-171.1721954345703,-61.033329010009766,188.5773508254074,-171.26755876412952,-61.03881140556807,0.753019995606708,0.3534263855512746,0.0531543332134374,3.608514546124925e-05,10.243696310108403,20.33978184697422,nan,0.1197946893567714,nan
423.45,187.82176208496094,-171.1767578125,-61.03435134887695,188.55362486197825,-171.26897160310332,-61.039865449870376,0.7376699213541864,0.35335241079541513,0.053149718950177144,3.678493649094967e-05,9.95380673673998,20.353428655633152,1.9487131766647123,nan,nan
423.46000000000004,187.81312561035156,-171.1812286376953,-61.03535079956055,188.54470498754662,-171.2734085902414,-61.03986432256625,0.7373777191361514,0.35340661648638466,0.053164871890035666,3.60197036041447e-05,9.65335130815757,20.678630387878137,nan,0.777027430369563,nan
423.47,187.8044891357422,-171.1856231689453,-61.03633117675781,188.53581640181284,-171.2777832812493,-61.04091367253683,0.7371255358931881,0.3534609107815578,0.05318008967099183,3.674083111366837e-05,9.620948885241667,20.214729647043477,nan,nan,nan
423.48,187.79583740234375,-171.18992614746094,-61.03729248046875,188.5269885902819,-171.2821188639889,-61.04412483929719,0.7369723452961561,0.35351529146762783,0.0531953709530669,3.597825389566499e-05,10.308816790835861,20.62606117681318,nan,3.1735316595886327,nan
423.49,187.78720092773438,-171.1941375732422,-61.03823471069336,188.51810094106588,-171.2863210971844,-61.045158902034714,0.7367228624117316,0.3535697609775307,0.053210717306691184,3.669857458773856e-05,10.278842910950278,21.263200481054703,nan,nan,nan
423.5,187.778564453125,-171.19827270507812,-61.03915786743164,188.49081368076892,-171.29171672758332,-61.04595273444247,0.718384937090841,0.3534957028066655,0.05320613182004133,3.5916557465321795e-05,9.506898537022092,21.19259853385209,8.941366020364258,0.00015273727484101533,nan
423.51,187.76992797851562,-171.2023162841797,-61.04006576538086,188.48189977283496,-171.29577576762645,-61.04694691804691,0.7181127078770081,0.3535499321979943,0.05322150842421565,3.663523477844679e-05,9.475469208079868,21.496678947477037,nan,nan,nan
423.52,187.7612762451172,-171.206298828125,-61.040950775146484,188.47296650708103,-171.2997380906995,-61.04717389005791,0.7178249451808025,0.35360424801241325,0.05323694884682308,3.587863618236268e-05,9.22627562924873,20.014878851700402,nan,0.3774561850855412,nan
423.53000000000003,187.7526397705078,-171.21018981933594,-61.04182052612305,188.46405322941783,-171.30363552227453,-61.04812620017669,0.7175520681046582,0.3536586524249507,0.053252454442125216,3.659663379655374e-05,9.196030549430908,20.88180119350828,nan,nan,nan
423.54,187.74400329589844,-171.2139892578125,-61.04267501831055,188.4550848613338,-171.30741238376396,-61.046879085612126,0.7172046760489136,0.353713143609988,0.05326802419367307,3.584242030560745e-05,8.5644808481193,20.783436672639663,nan,3.205073956199449,nan
423.55,187.73536682128906,-171.2177276611328,-61.04350662231445,188.4187160104557,-171.2991116399449,-61.04781470923796,0.6881918525781471,0.3536390046116515,0.05326346400148851,3.653703159512726e-05,8.596131617296816,20.856965703336193,7.752049427591472,nan,nan
423.56,187.7267303466797,-171.2213897705078,-61.04432678222656,188.4096984731255,-171.30271021385994,-61.04631190995394,0.6877953307343592,0.35369325546636193,0.05327906325700773,3.578604161649449e-05,8.161475057056483,20.43268042842642,nan,3.8420474649706615,nan
423.57,187.7180938720703,-171.22499084472656,-61.045127868652344,188.40073990215973,-171.30627934419053,-61.04715628831918,0.6874718445349505,0.35374759470440426,0.053294727795452294,3.650195179440443e-05,8.128458342630141,19.961273832483077,nan,nan,nan
423.58,187.70944213867188,-171.22850036621094,-61.04591369628906,188.39177688156792,-171.3097728956657,-61.04779638285719,0.6871604397196499,0.35380202072971123,0.05331045678496946,3.57531751018753e-05,8.07842345371844,20.16319650290936,nan,0.024227477736537606,nan
423.59000000000003,187.7008056640625,-171.23194885253906,-61.04668426513672,188.38281850761823,-171.31319887338609,-61.04860905376305,0.6868382556860557,0.35385653537240463,0.05332625130357883,3.64685695964302e-05,8.044861852949778,20.240249844859786,nan,nan,nan
423.6,187.69216918945312,-171.23533630371094,-61.04743957519531,188.37132896914832,-171.3218372359497,-61.047500861187096,0.6846462016178684,0.3537823141078351,0.05332171050367166,3.570019875552057e-05,7.446354863897931,19.83034917536357,3.7558825777844516,2.329682795116376,nan
423.61,187.68353271484375,-171.2386474609375,-61.048179626464844,188.3623686176578,-171.32515067023388,-61.04826525582246,0.6843252117965092,0.3538365880960266,0.05333753366592452,3.641423853894765e-05,7.411015029285933,20.13915375584499,nan,nan,nan
423.62,187.67489624023438,-171.2418975830078,-61.04890441894531,188.3533522371933,-171.32835695450652,-61.046514901627106,0.6839469807832204,0.3538909488753668,0.05335342155915196,3.5670541647721645e-05,7.536023844280621,20.065772438769706,nan,4.248088315461288,nan
423.63,187.66624450683594,-171.2450714111328,-61.049617767333984,188.3443919630865,-171.33153866067389,-61.04722680554463,0.6836419196923167,0.35394539807266834,0.05336937510506161,3.6384170272650766e-05,7.498072336818795,19.96440950266672,nan,nan,nan
423.64,187.65760803222656,-171.24819946289062,-61.05031204223633,188.33539409449338,-171.3346297523838,-61.04620190165275,0.6832869341650321,0.3539999343974519,0.053385393705991865,3.564242970790845e-05,7.780927650535537,20.10757786508734,nan,2.021037954929481,nan
423.65000000000003,187.6489715576172,-171.25125122070312,-61.050994873046875,188.32926793380665,-171.33424354734302,-61.04703463465363,0.6853514202405553,0.35392563287755513,0.053380868313365436,3.633318855816715e-05,8.062399435451846,20.54829402739018,2.992176164949016,nan,nan
423.66,187.64031982421875,-171.25424194335938,-61.051666259765625,188.3203018931128,-171.33721400128846,-61.047309885710625,0.6850393816484749,0.353979928327142,0.053396914756683206,3.559422516530095e-05,8.129611919725505,20.10288345173764,nan,0.10047323440983363,nan
423.67,187.63168334960938,-171.25718688964844,-61.05232238769531,188.31134348344284,-171.34012972510826,-61.04795273561515,0.6847163685322121,0.35403431200445684,0.05341302698273012,3.630627856977033e-05,8.08879476319232,20.07001716036311,nan,nan,nan
423.68,187.623046875,-171.2600555419922,-61.05296325683594,188.30235875217534,-171.34296834604714,-61.04730291039494,0.6843765038847899,0.3540887827983155,0.0534292045251511,3.556911159045397e-05,8.42897797404368,21.121593254199162,nan,1.1206817096994506,nan
423.69,187.61439514160156,-171.26287841796875,-61.053592681884766,188.2933998212965,-171.34576693913624,-61.04790915367817,0.6840688302223967,0.3541433420661779,0.05344544810897083,3.628088590535487e-05,8.385423507613314,20.132462319531868,nan,nan,nan
423.7,187.6057586669922,-171.26564025878906,-61.0542106628418,188.33269583063597,-171.3410683508514,-61.04833552368054,0.730863567445249,0.3540562941481488,0.05221160451820052,3.552276323671113e-05,13.914404769145861,24.574212132289375,18.57409575151303,0.041370889553199126,0.21801236482405906
423.71000000000004,187.5971221923828,-171.26834106445312,-61.05481719970703,188.3238202910889,-171.34371886434508,-61.04891736115882,0.7306207959499232,0.3541104539551244,0.052223610800663824,3.623338908973147e-05,13.85191958604737,24.762403522206696,nan,nan,nan
423.72,187.58847045898438,-171.27099609375,-61.0554084777832,188.3149497593464,-171.346330475845,-61.04983112719318,0.7303961595050626,0.35416470004703293,0.052235672437802035,3.550053431935117e-05,13.717969405724476,23.9548199210911,nan,0.08081045143017614,nan
423.73,187.579833984375,-171.2736053466797,-61.055992126464844,188.30607343900752,-171.3488726538684,-61.0503938532717,0.7301508430859505,0.3542190332822065,0.05224779569206436,3.621096666005341e-05,13.658035096779408,24.026796834105706,nan,nan,nan
423.74,187.57118225097656,-171.27615356445312,-61.05656051635742,188.29719822788627,-171.35136742291073,-61.051058658369335,0.729922320300974,0.3542734531201878,0.05225997474283948,3.547966954458889e-05,13.596383697784763,23.975936189587063,nan,0.008756924269124843,nan
423.75,187.5625457763672,-171.27865600585938,-61.0571174621582,188.3057126599973,-171.35685889359576,-61.0516034020858,0.7472905147486496,0.354199496735184,0.05225443332038488,3.616762612687386e-05,14.027608813110291,23.98957405452085,3.2675107025188526,nan,nan
423.76,187.55389404296875,-171.28109741210938,-61.05766677856445,188.29687945721707,-171.35929556112427,-61.053409573824396,0.7471013318736004,0.35425367808748426,0.052266651298142744,3.543869730985446e-05,13.649091195500308,23.57221086804267,nan,1.1171715523815489,nan
423.77,187.5452423095703,-171.2834930419922,-61.05820083618164,188.2880273502902,-171.36162746443696,-61.05394450608297,0.7468953882800075,0.35430794644146224,0.05227893085243105,3.614796590681215e-05,13.590140375850664,23.52785918323276,nan,nan,nan
423.78000000000003,187.53660583496094,-171.28585815429688,-61.0587272644043,188.2791873991027,-171.3639498496755,-61.055383153730716,0.7466839193169663,0.3543623013578242,0.05229126676492424,3.5420450159517636e-05,13.357440318409708,23.074897838357703,nan,0.5749505761970636,nan
423.79,187.5279541015625,-171.2882843017578,-61.05934524536133,188.27033428228665,-171.36624575802085,-61.055959651144775,0.746470216179374,0.35441674353926994,0.052303664401253544,3.6129628776261695e-05,13.317984302376008,23.10060321977576,nan,nan,nan
423.8,187.51930236816406,-171.290771484375,-61.06005859375,188.24391127039837,-171.35731783803107,-61.05728488880891,0.7276635017789664,0.3543427077646404,0.05229821111832408,3.538208495149966e-05,13.68853578310555,23.80555917816582,8.42903724650408,0.3251138308657856,nan
423.81,187.5106658935547,-171.2933349609375,-61.06085968017578,188.23502495509192,-171.3597220938985,-61.058053386384856,0.7274002864576823,0.35439691116506294,0.05231064708744269,3.60903257253196e-05,13.647732115234955,24.117106876569625,nan,nan,nan
423.82,187.50201416015625,-171.2959747314453,-61.06174850463867,188.22613297351776,-171.36217972905305,-61.05850176633658,0.727146270623683,0.3544512010811295,0.05232313995081441,3.536629699715411e-05,13.687571726999455,23.585579609534637,nan,0.11702295099305321,nan
423.83,187.4933624267578,-171.29867553710938,-61.06272888183594,188.2172459342375,-171.364723130004,-61.05944790217596,0.7268977794406805,0.354505578129312,0.05233569452597544,3.6074514088343124e-05,13.647015360321909,23.805029147639488,nan,nan,nan
423.84000000000003,187.48471069335938,-171.30145263671875,-61.06379699707031,188.20834954614898,-171.36730551572364,-61.0597272698404,0.7266404569108543,0.3545600420030943,0.05234830641111278,3.5351685886322165e-05,13.77721242287852,23.694085347268796,nan,0.395414650659764,nan
423.85,187.47605895996094,-171.30429077148438,-61.0649528503418,188.19851087866638,-171.3630348707794,-61.06082367106441,0.7248480490176313,0.35448592772397297,0.052342942027315986,3.6037716942747256e-05,14.544255032098516,24.219015636453136,7.231598490664349,nan,nan
423.86,187.4674072265625,-171.3072052001953,-61.066192626953125,188.18962619471813,-171.36577614999578,-61.062766331052785,0.7245981877067516,0.3545401525631894,0.05235559190505786,3.5316895327755855e-05,14.365164146470786,23.82527475356608,nan,0.379418117034626,nan
423.87,187.45877075195312,-171.3101806640625,-61.0675163269043,188.1807324677897,-171.36855539654454,-61.064062910036114,0.7243260692630913,0.3545944644063103,0.05236830349958804,3.60242666827208e-05,14.324142753728541,24.462987388996424,nan,nan,nan
423.88,187.4501190185547,-171.31321716308594,-61.06892776489258,188.1718569847075,-171.37146094807736,-61.067090398449636,0.724086601306746,0.3546488630198477,0.05238107290540108,3.530451815478313e-05,14.049298948805202,23.826923097587827,nan,1.8779557321758291,nan
423.89,187.44146728515625,-171.31631469726562,-61.07041931152344,188.16296299079974,-171.37437050846296,-61.06857344283107,0.7238300475298116,0.3547033489079267,0.05239390420047073,3.6011944794215354e-05,14.008493776115701,24.020868537405956,nan,nan,nan
423.90000000000003,187.4328155517578,-171.31947326660156,-61.07199478149414,188.16512427484005,-171.38326533291718,-61.070053028313595,0.7350845284949017,0.3546291560745828,0.05238862014637351,3.527193462940862e-05,13.838265302290733,23.71417105025836,3.7066100707433245,0.008627592598820472,nan
423.91,187.42416381835938,-171.3227081298828,-61.073646545410156,188.15624918828237,-171.38631733875135,-61.07169921362038,0.7348461828228238,0.354683402642449,0.05240148881471855,3.597856369001814e-05,13.798181141190687,23.405536426259314,nan,nan,nan
423.92,187.41551208496094,-171.3260040283203,-61.075382232666016,188.14739360864442,-171.3894987084564,-61.07534531038291,0.7346306149883048,0.35473773592047825,0.05241441577202561,3.5261636936047856e-05,13.654120787251278,23.22871544416992,nan,2.5594714050465655,nan
423.93,187.4068603515625,-171.329345703125,-61.07719802856445,188.138518501773,-171.3926750419459,-61.07717269055186,0.7343938007411055,0.35479215635150874,0.05242740464926447,3.5968372387921957e-05,13.613585167451166,23.714274657911368,nan,nan,nan
423.94,187.39820861816406,-171.332763671875,-61.0790901184082,188.1296470456794,-171.39592486004807,-61.079453004587755,0.7341605005882098,0.35484666379644064,0.05244045220737616,3.525233220958439e-05,13.578675386453401,23.242971518933146,nan,0.09691851625664,nan
423.95,187.3895721435547,-171.3362274169922,-61.08103561401367,188.1062612700205,-171.39718110849722,-61.08145956988684,0.7192766062100154,0.3547723931073527,0.05243524788149767,3.593708921977959e-05,13.123100974746219,24.321792921706432,2.4887452064636464,nan,nan
423.96000000000004,187.38092041015625,-171.3397674560547,-61.08298873901367,188.0973676555792,-171.40055732353352,-61.083827400890556,0.71902209063142,0.35482666097665033,0.05244833239626946,3.52227411024287e-05,13.099575253528458,23.27138933679065,nan,0.08980410483406881,nan
423.97,187.3722686767578,-171.34335327148438,-61.084922790527344,188.08847068779738,-171.40398050398147,-61.08583631741649,0.7187640895792993,0.35488101588099624,0.05246147887659556,3.592887186804504e-05,13.062995260039898,23.765384812531565,nan,nan,nan
423.98,187.36361694335938,-171.3470001220703,-61.086830139160156,188.07957876690836,-171.4074799974262,-61.088395017778474,0.7185134633030447,0.35493545773231805,0.052474684483891976,3.521530065333602e-05,13.069895529868312,23.671470189923152,nan,0.22686349863341881,nan
423.99,187.35496520996094,-171.3507080078125,-61.088706970214844,188.07068204716555,-171.411019055327,-61.09036043950556,0.718255349768563,0.3549899868949548,0.052487952251930904,3.592159604169702e-05,13.037518789257874,23.465287670293613,nan,nan,nan
424.0,187.3463134765625,-171.35446166992188,-61.09054946899414,188.0424761299506,-171.4107331605674,-61.09214494727341,0.6984350121398184,0.35491563845739005,0.052482820084258114,3.518753803901706e-05,12.577824437696814,24.109425026282043,3.4646212065612447,0.022729696317358872,nan
424.01,187.33767700195312,-171.35829162597656,-61.09235763549805,188.0335501348114,-171.41438931403138,-61.09404301057037,0.6981326579728452,0.3549699277670139,0.052496124163221705,3.589314037385964e-05,12.545851916126937,23.808613937435403,nan,nan,nan
424.02,187.3290252685547,-171.36215209960938,-61.0941276550293,188.02462932269077,-171.41811967180658,-61.0965448847045,0.6978561544240384,0.3550243039526765,0.052509487793883175,3.518181697617364e-05,12.592106468313636,24.326411759399214,nan,0.2844209970167932,nan
424.03000000000003,187.32037353515625,-171.3660888671875,-61.095863342285156,188.0157037404661,-171.42188562383865,-61.09838097984882,0.697569860994538,0.35507876733671534,0.05252291365333473,3.5887622389648775e-05,12.564429789448432,23.509679701026602,nan,nan,nan
424.04,187.31173706054688,-171.3700714111328,-61.097564697265625,188.00677558547096,-171.42569356030455,-61.09976465603388,0.6972640923105933,0.3551333178957591,0.05253639943520352,3.5176915687909785e-05,12.485712852306536,24.14420847058721,nan,0.12245657699211931,nan
424.05,187.30308532714844,-171.3740997314453,-61.09923553466797,187.9939368061397,-171.43245912472366,-61.101327603982206,0.6933151964022055,0.3550588922774982,0.052531337714020965,3.586088564170617e-05,11.973555514836422,23.671200293858597,4.302560088936385,nan,nan
424.06,187.29443359375,-171.37818908691406,-61.100868225097656,187.9850025113099,-171.43637972105827,-61.102190009373516,0.6930175516648989,0.3551132027274149,0.05254485931817242,3.51516032993567e-05,11.862125904865668,23.397771081571133,nan,0.5245572246086654,nan
424.07,187.28579711914062,-171.38232421875,-61.10247039794922,187.97607469926183,-171.44037674395025,-61.10387766017885,0.6927158246258669,0.3551676002653723,0.05255844323183158,3.585698108311309e-05,11.827347918414771,24.00249838535479,nan,nan,nan
424.08,187.2771453857422,-171.3865203857422,-61.104042053222656,187.9671513863778,-171.4444422704606,-61.106161385034945,0.6924360744572794,0.35522208490221513,0.052572087464478764,3.514822324428176e-05,11.861365812634688,23.17133731189156,nan,0.27536442386952076,nan
424.09000000000003,187.26849365234375,-171.3907470703125,-61.1055793762207,187.95822437665592,-171.44854209113882,-61.107793744381915,0.6921514573551507,0.35527665690764504,0.0525857942218495,3.58538452656472e-05,11.829755348363362,23.97255969157852,nan,nan,nan
424.1,187.25985717773438,-171.39505004882812,-61.10708999633789,187.98599997079543,-171.45976672052143,-61.10944683993354,0.7290247994556206,0.3552021543795018,0.05258079712463655,3.6550867537184086e-05,12.670709088003127,22.807712274920046,12.534058647071252,nan,nan
424.11,187.25120544433594,-171.39938354492188,-61.10856628417969,187.9771307257097,-171.46395822467554,-61.111021093932,0.7287958764248078,0.3552564860052543,0.05259453903342523,3.728435578924579e-05,12.641367264720706,23.14398229072554,nan,nan,nan
424.12,187.24256896972656,-171.40377807617188,-61.110015869140625,187.96825668552484,-171.4681773967918,-61.11169915535692,0.7285415340317305,0.355310904646503,0.05260834156487295,3.649041475472683e-05,12.519078140960897,22.94046011253953,nan,0.48782052140707677,nan
424.13,187.2339324951172,-171.40821838378906,-61.11143493652344,187.9593880727489,-171.47246695062898,-61.113207687068126,0.728297203140621,0.35536541055379456,0.05262220679444748,3.722245106417034e-05,12.487358730607594,23.048822119922463,nan,nan,nan
424.14,187.22528076171875,-171.41270446777344,-61.11282730102539,187.95052193077154,-171.47681310480766,-61.11503981375218,0.7280725004036445,0.3554200037724974,0.05263613300568445,3.643207359452695e-05,12.499326104964377,22.647756910778753,nan,0.08022955147278024,nan
424.15000000000003,187.21664428710938,-171.417236328125,-61.11418914794922,187.97604174772974,-171.4928387063506,-61.11636410462113,0.7631546063718326,0.3553454247033523,0.052631196014823196,3.7139132063096046e-05,12.740282262955184,22.565703678718066,10.182270131293631,nan,nan
424.16,187.2080078125,-171.42181396484375,-61.11552810668945,187.9672308502935,-171.49728615167575,-61.117792568530334,0.7629684134281246,0.355399777327795,0.052645157653654066,3.788341747228273e-05,12.709811167761016,22.423365475379796,nan,nan,nan
424.17,187.19935607910156,-171.4264373779297,-61.11683654785156,187.95842072913538,-171.50178002797463,-61.11919512235386,0.7627982831131996,0.3554542170716686,0.05265918126112213,3.8642392028351276e-05,12.680687839588849,22.13063545357903,nan,nan,nan
424.18,187.1907196044922,-171.4311065673828,-61.11812210083008,187.94960921568443,-171.50630977104038,-61.12012030033912,0.7626093079796209,0.355508744041465,0.052673266149111615,3.776236794682641e-05,12.604172512823416,22.347177076145975,nan,0.1236547080151974,nan
424.19,187.1820831298828,-171.43582153320312,-61.11937713623047,187.94080054879254,-171.51089508210194,-61.121468479810126,0.7624254279726422,0.3555633584578811,0.052687414124959905,3.851821083999934e-05,12.573873679064764,22.43652290432278,nan,nan,nan
424.2,187.17344665527344,-171.44058227539062,-61.12061309814453,187.94803637934362,-171.52315975983092,-61.12129750669271,0.7789793001015295,0.3554887031836121,0.05268253191253169,3.7621371149054034e-05,12.350407812109639,21.822589537303717,3.190742368317063,1.456752445067686,nan
424.21000000000004,187.16481018066406,-171.4453887939453,-61.12181854248047,187.93925598594336,-171.52785173522113,-61.12258301351162,0.7788241306062104,0.35554307670052276,0.05269671377758998,3.837329240685966e-05,12.315542058496092,21.904070704772074,nan,nan,nan
424.22,187.1561737060547,-171.4502410888672,-61.12300491333008,187.93046939687576,-171.53255330736079,-61.12220373239404,0.778658949751635,0.35559753735911126,0.052710957281377174,3.750874754971945e-05,12.280107558104106,21.62229509368835,nan,1.6516084420636166,nan
424.23,187.1475372314453,-171.45513916015625,-61.12416458129883,187.9216901107501,-171.53733224500644,-61.12342665345044,0.7785042891793081,0.3556520853605386,0.05272526397675277,3.8257884293500373e-05,12.240318661006373,21.590947205753324,nan,nan,nan
424.24,187.13890075683594,-171.46006774902344,-61.125301361083984,187.91290515622225,-171.54212143775294,-61.123004882839595,0.7783449697375924,0.35570672079706533,0.05273963265685708,3.7400160069553276e-05,12.329053163684403,22.106425046867454,nan,1.6231533191447052,nan
424.25,187.13026428222656,-171.4650421142578,-61.12641906738281,187.89004573880152,-171.54971325132271,-61.12424545236061,0.7644879252213796,0.3556319897511749,0.05273480214941218,3.812203154780175e-05,11.441171986178908,21.85801713569602,7.520436599469279,nan,nan
424.26,187.1216278076172,-171.47006225585938,-61.12751007080078,187.88125494220537,-171.55467886881132,-61.12707324116059,0.7643255494946196,0.35568638403391506,0.05274920410835482,3.727201053740411e-05,11.284869854213111,21.683270449071234,nan,1.7633213619266506,nan
424.27,187.1129913330078,-171.47512817382812,-61.12858200073242,187.8724588138839,-171.55965216203404,-61.12821161648291,0.7641565914621096,0.3557408655571433,0.05276366937460802,3.801510150796417e-05,11.246545585371686,21.27716674696344,nan,nan,nan
424.28000000000003,187.10435485839844,-171.4801483154297,-61.12963104248047,187.863665737873,-171.564642277384,-61.13005207697533,0.7639976561254646,0.35579543442784134,0.05277819695695551,3.7171456264048374e-05,11.20622805869283,21.832070821265237,nan,0.3260131821916345,nan
424.29,187.09571838378906,-171.485107421875,-61.13066101074219,187.85487088990195,-171.5695709395631,-61.13115691750063,0.7638369323888665,0.3558500908245163,0.052792788085930804,3.7912224906565254e-05,11.165371907846872,21.566490330137086,nan,nan,nan
424.3,187.08709716796875,-171.489990234375,-61.13166809082031,187.86770122020667,-171.58086741081306,-61.13322889767163,0.7858777154784583,0.3557752843278663,0.05278800337875037,3.705155086104733e-05,11.452850520021478,21.590549724037288,3.854980597232933,0.7139636034949394,nan
424.31,187.07846069335938,-171.49478149414062,-61.13265609741211,187.8589421284816,-171.58564406680057,-61.134303580926556,0.7857544093944135,0.35582969931126834,0.05280262704414398,3.7789206177975714e-05,11.415842198827063,21.266826234954884,nan,nan,nan
424.32,187.06982421875,-171.49948120117188,-61.13362503051758,187.85018398925195,-171.5903341629375,-61.13553686221702,0.7856330486810502,0.3558842015524782,0.052817313339690544,3.6958730115043464e-05,11.399815858762144,21.24556159086719,nan,0.019916254392794777,nan
424.33,187.0612030029297,-171.50408935546875,-61.13457107543945,187.8414258600984,-171.5949300562838,-61.13657573116836,0.7854958678552598,0.3559387912192459,0.05283206331442147,3.769434955814615e-05,11.363968582521169,21.683850559621806,nan,nan,nan
424.34000000000003,187.0525665283203,-171.50860595703125,-61.135501861572266,187.8326589285391,-171.59937303600472,-61.13377499348621,0.7853571146796072,0.3559934684351642,0.05284687624874159,3.686960595823377e-05,11.29541870863885,21.147845517041734,nan,9.272098388430305,nan
424.35,187.0439453125,-171.51303100585938,-61.13641357421875,187.83549128755658,-171.59708057081502,-61.134783882590334,0.7959974974158572,0.35591858688359324,0.052842133655253705,3.757951404587925e-05,12.401907516010077,21.664486155270946,12.751306210473677,nan,nan
424.36,187.03530883789062,-171.51736450195312,-61.137306213378906,187.82675558174108,-171.6014123881231,-61.13882682489225,0.7958984280550541,0.35597302243346973,0.052856978453665326,3.6761330938731154e-05,12.3516533914567,21.43409064876093,nan,6.1158918802333195,nan
424.37,187.0266876220703,-171.52162170410156,-61.13818359375,187.8180133341916,-171.60560921059795,-61.139789076367734,0.7957718652265635,0.3560275453092572,0.05287188707210803,3.7492341078052194e-05,12.315579199074529,21.302756361302734,nan,nan,nan
424.38,187.01805114746094,-171.52578735351562,-61.139041900634766,187.8092712054596,-171.6097211511047,-61.14078556062803,0.7956614247953059,0.3560821556421326,0.05288685894281553,3.667948269793248e-05,12.287976062086653,21.227064898707194,nan,0.0016609569685274886,nan
424.39,187.00942993164062,-171.52987670898438,-61.1398811340332,187.8005289205535,-171.61374847225127,-61.14171547059801,0.7955346929726497,0.3561368535881716,0.05290189488769865,3.740883447612642e-05,12.253550011966716,21.387412470839074,nan,nan,nan
424.40000000000003,187.00079345703125,-171.5338897705078,-61.14070510864258,187.77040924782872,-171.6139628580045,-61.143156759500116,0.7737739821020089,0.3560618973303287,0.05289718889446889,3.6578588747147044e-05,11.810503576671513,20.935817328745074,4.878312056245534,0.27895000001102277,nan
424.41,186.99217224121094,-171.53781127929688,-61.14151382446289,187.76163396684214,-171.61783295712374,-61.14405924711418,0.773615728453118,0.35611635335564024,0.05291225593229854,3.7305485385067354e-05,11.777970995044363,21.648127902223536,nan,nan,nan
424.42,186.98353576660156,-171.54165649414062,-61.14230728149414,187.7528589654063,-171.62162460107163,-61.14499755206496,0.7734728953887208,0.356170896744486,0.05292738650103411,3.650368721867358e-05,11.76171193837048,21.143794334160503,nan,0.0017016208587758673,nan
424.43,186.97491455078125,-171.54542541503906,-61.14308166503906,187.7440839030702,-171.62533799046756,-61.14587007481954,0.7733144815929076,0.35622552764792376,0.052942581296723024,3.722915843124045e-05,11.731096735819726,21.585571149865988,nan,nan,nan
424.44,186.96627807617188,-171.5491180419922,-61.14384460449219,187.7353080752152,-171.6289697356854,-61.14627602204848,0.7731683802416921,0.3562802462048959,0.052957839940135705,3.643209923674385e-05,11.6440242796929,21.04403455915443,nan,0.13290333512847516,nan
424.45,186.95765686035156,-171.552734375,-61.144588470458984,187.72859986826694,-171.63068766537347,-61.147139385599814,0.7748782769582049,0.35620521561645846,0.05295316641812955,3.7133057789783015e-05,11.902860139075962,21.65692179834453,0.6990594162186557,nan,nan
424.46000000000004,186.9490203857422,-171.55628967285156,-61.14531707763672,187.7198279734377,-171.63418133070024,-61.14910909574024,0.7747424262377093,0.35625969200202856,0.05296845542576282,3.6341530592534966e-05,12.08416823097072,21.093515186897108,nan,0.8560651646646821,nan
424.47,186.94039916992188,-171.5597686767578,-61.146034240722656,187.71105485356733,-171.63758976648614,-61.14993223572161,0.774584726874062,0.3563142558039241,0.05298380881849833,3.706355576407966e-05,12.058344010173368,21.525711688902856,nan,nan,nan
424.48,186.9317626953125,-171.56317138671875,-61.14673614501953,187.70228087751775,-171.64091787881392,-61.14984638022025,0.7744368661840634,0.3563689071641014,0.05299922632054265,3.627640074351886e-05,11.875090458505108,21.257389401039738,nan,0.5265264375470696,nan
424.49,186.9231414794922,-171.56651306152344,-61.147422790527344,187.69350729407284,-171.64418742301964,-61.150634568694485,0.7742784448939268,0.3564236462289755,0.053014708473077224,3.6997303762975e-05,11.847556361683592,21.418252687243026,nan,nan,nan
424.5,186.9145050048828,-171.56979370117188,-61.14809799194336,187.69449594839654,-171.6400267910551,-61.15142190487761,0.7831536294209264,0.35634854167147667,0.053010062171926664,3.619231905502851e-05,12.98067260840435,21.079503331686904,12.473795693262884,0.013115317333829153,nan
424.51,186.9058837890625,-171.572998046875,-61.14875793457031,187.68573335692824,-171.64312156665477,-61.15218647557646,0.7830034555607749,0.35640303831446063,0.053025573886482456,3.6911294540772976e-05,12.954476638342285,21.84736043635297,nan,nan,nan
424.52,186.89724731445312,-171.57614135742188,-61.14940643310547,187.67697138469777,-171.64617740191338,-61.15545837570293,0.7828865174826344,0.3564576224193677,0.053041149960497164,3.613330773542349e-05,13.611341954211785,21.99548149743286,nan,4.2006961798315,nan
424.53000000000003,186.88861083984375,-171.5792236328125,-61.15003967285156,187.66820794783266,-171.64914440455763,-61.1562232582758,0.7827507916538948,0.35651229413117425,0.053056790851205266,3.685134748393956e-05,13.5972548934931,22.015805401809256,nan,nan,nan
424.54,186.87998962402344,-171.58224487304688,-61.15066146850586,187.65944411118733,-171.65204869553943,-61.15692677441954,0.7825989555658033,0.356567053594083,0.053072496408702846,3.607720859371368e-05,13.60925770211628,22.321195835154843,nan,0.001633491571506515,nan
424.55,186.87135314941406,-171.585205078125,-61.15127182006836,187.63313649831545,-171.63359584532944,-61.15772890209762,0.7633460754614397,0.35649187543470207,0.0530678728895143,3.6771644929344735e-05,15.087986732333045,22.96263706073512,29.448230668468376,nan,nan
424.56,186.8627166748047,-171.58810424804688,-61.15187072753906,187.62433748379223,-171.63631230036486,-61.15912257866999,0.7631794430774197,0.35654639222754897,0.053083607228655065,3.600212649937166e-05,15.377961497634729,23.299317599824768,nan,0.2924478168889234,nan
424.57,186.8540802001953,-171.59095764160156,-61.1524543762207,187.61553801993767,-171.63896438466105,-61.159849463842534,0.7630054691461291,0.3566009965294755,0.05309940655375822,3.671764657792513e-05,15.371117443375187,23.07406742733795,nan,nan,nan
424.58,186.84544372558594,-171.59375,-61.15302658081055,187.60673800731522,-171.64156357188648,-61.161078186619115,0.7628367776964721,0.35665568848494195,0.05311527078218471,3.595165149790065e-05,15.649061444191567,23.475009201761008,nan,0.1756322378687611,nan
424.59000000000003,186.83682250976562,-171.5964813232422,-61.15359115600586,187.59793750692043,-171.64410243353436,-61.16178892045155,0.7626473709266467,0.35671046823852315,0.05313120027035843,3.6666474944573203e-05,15.6416727908578,23.881068092680362,nan,nan,nan
424.6,186.82818603515625,-171.59915161132812,-61.15414047241211,187.62888097408248,-171.6647181754076,-61.1621611748879,0.8034150180420244,0.3566352168423381,0.053126594451774464,3.5882169246301096e-05,15.414469583378537,23.033755858762696,16.93962507945271,0.09956895933114078,nan
424.61,186.81954956054688,-171.60177612304688,-61.15468215942383,187.62014575875486,-171.66718615071875,-61.16284875530245,0.8033053202819943,0.35668975367913847,0.05314255188684686,3.659548066112763e-05,15.408000287432143,22.686383330832548,nan,nan,nan
424.62,186.8109130859375,-171.60433959960938,-61.155208587646484,187.61140875697043,-171.6696210680749,-61.16622506809971,0.8032287048587453,0.3567443780710804,0.053158574452410165,3.5836982653538875e-05,16.935252658320575,24.625351694698832,nan,4.900455990949051,nan
424.63,186.80227661132812,-171.60699462890625,-61.15583419799805,187.60267262352045,-171.67204487490332,-61.16697136911856,0.8031122881753336,0.35679909016336436,0.05317466245197736,3.654974398130362e-05,16.91394773411903,23.75644768412569,nan,nan,nan
424.64,186.79364013671875,-171.6096954345703,-61.15654754638672,187.59393666796873,-171.67453210511385,-61.166957704942895,0.8029861164298503,0.3568538900995122,0.05319081588236614,3.5794307397851866e-05,16.517159720176995,24.19906549608125,nan,0.491366855812897,nan
424.65000000000003,186.78500366210938,-171.6124725341797,-61.157352447509766,187.5859737797854,-171.6816371217518,-61.16779699775982,0.8040186305141821,0.3567785658322391,0.05318622311746511,3.648414086949898e-05,16.058258546483952,23.657977135046167,2.1082099906413205,nan,nan
424.66,186.7763671875,-171.61532592773438,-61.15824508666992,187.57723915182135,-171.68428531387437,-61.16894075009244,0.8039065227927826,0.35683312260621813,0.05320240366682918,3.573252850162481e-05,16.24038122654161,23.648396218479128,nan,0.011437549891064158,nan
424.67,186.76771545410156,-171.61822509765625,-61.15922927856445,187.56850422573442,-171.68699962405606,-61.170046112718055,0.8038094277600114,0.35688776698251884,0.05321864982570255,3.6443493938289036e-05,16.2186746772911,23.865493082311833,nan,nan,nan
424.68,186.7590789794922,-171.6212158203125,-61.160301208496094,187.55977032897852,-171.68977239205233,-61.16993174345876,0.8036786595864193,0.3569424991034248,0.05323496163168258,3.569466030879909e-05,15.577638914257959,22.74000141310398,nan,1.162270725097412,nan
424.69,186.7504425048828,-171.62425231933594,-61.161460876464844,187.55103496738553,-171.6926178678091,-61.171201646203464,0.8035651945108796,0.3569973191160364,0.05325133932709347,3.640526010927419e-05,15.554898776275364,23.29128169497025,nan,nan,nan
424.7,186.74180603027344,-171.6273651123047,-61.16270446777344,187.5506468161403,-171.7005960467835,-61.172326946091935,0.8122061183808905,0.35279903614011554,0.05309318446321067,3.563683846224177e-05,20.542973816278963,27.18503545913406,6.680050132346738,0.01835953191044401,0.06021450898898634
424.71000000000004,186.73316955566406,-171.63052368164062,-61.164031982421875,187.54194135940546,-171.70357005134952,-61.17376768116317,0.812122149977906,0.35285021391179816,0.05310809216471653,3.634622841452113e-05,20.510918301951722,27.74898217473586,nan,nan,nan
424.72,186.72451782226562,-171.63375854492188,-61.165443420410156,187.53327964047236,-171.70659447701098,-61.17442916941434,0.8120846601663622,0.3529014741026652,0.05312305819322365,3.5603483344318635e-05,20.132033131387246,26.665511281090307,nan,0.5097259584091612,nan
424.73,186.71588134765625,-171.63705444335938,-61.16693878173828,187.5245734387659,-171.70969362796572,-61.176030962862626,0.8119987790145939,0.3529528245081664,0.05313808330824266,3.631262149206132e-05,20.100754925057576,26.945845628808662,nan,nan,nan
424.74,186.70724487304688,-171.64041137695312,-61.16851806640625,187.515977986853,-171.71282362618163,-61.17551824508331,0.8119986365175582,0.353004257727913,0.0531531670622699,3.557225298541756e-05,19.161700017036605,25.96989079080314,nan,3.2999926353912574,nan
424.75,186.6986083984375,-171.64382934570312,-61.17017364501953,187.49406616426035,-171.7089220643484,-61.17720647292912,0.7981475928028051,0.35293685666623753,0.05314829411298737,3.62589536058048e-05,19.37824711347536,26.33133829916109,2.724313643111853,nan,nan
424.76,186.68995666503906,-171.64730834960938,-61.171913146972656,187.4853206688803,-171.71219056144756,-61.17940009096398,0.798041135750341,0.352988066822305,0.05316340230269621,3.552172245813115e-05,19.553733718133092,26.052296021755964,nan,0.09227753577475403,nan
424.77,186.6813201904297,-171.65084838867188,-61.17373275756836,187.47659354320976,-171.71551383194287,-61.181310891199054,0.7979340532304756,0.353039366883382,0.05317856979534656,3.62296195956776e-05,19.52169659357476,26.28034299925753,nan,nan,nan
424.78000000000003,186.6726837158203,-171.65443420410156,-61.17562484741211,187.46786440374535,-171.71889661844097,-61.183347755744755,0.7978266557495549,0.3530907498990768,0.05319379623282686,3.549452275486956e-05,19.576056363581525,26.90764028001931,nan,0.0014796552814280055,nan
424.79,186.66404724121094,-171.65809631347656,-61.177574157714844,187.45913768397745,-171.7223368937454,-61.185404921821394,0.7977198663681444,0.3531422230036777,0.05320908224197503,3.6202306626185654e-05,19.55121593648416,26.198364269392652,nan,nan,nan
424.8,186.65541076660156,-171.66180419921875,-61.179527282714844,187.45194079863816,-171.7229976282396,-61.18789550270341,0.7989209940897367,0.35307473317674604,0.05320423638482644,3.544794339950442e-05,20.304361519501583,27.049828845150245,1.8065936072970763,0.10313170068820472,nan
424.81,186.64675903320312,-171.6655731201172,-61.18146514892578,187.44321819123726,-171.72653714993973,-61.18998345195209,0.798834378851525,0.3531259828621156,0.05321954632092393,3.6154778078286764e-05,20.298462499654033,26.57172429842052,nan,nan,nan
424.82,186.63812255859375,-171.6693878173828,-61.18337631225586,187.43461299990773,-171.73010366883636,-61.18958724791256,0.7988253960935371,0.3531773156381309,0.053234915498732084,3.542447538960357e-05,19.340813876075046,26.196864702594695,nan,4.18112881921973,nan
424.83,186.62948608398438,-171.6732635498047,-61.18525695800781,187.4258911122992,-171.73375457489416,-61.1916013966339,0.798724223460771,0.35322873819743383,0.053250344468473584,3.613128168331715e-05,19.32711813424308,25.94952561697195,nan,nan,nan
424.84000000000003,186.620849609375,-171.6772003173828,-61.18709945678711,187.4172429043633,-171.73744210087816,-61.192010273830434,0.7986835849728233,0.3532802442394691,0.05326583298583437,3.540277093097864e-05,18.85640749346948,25.40441151305622,nan,1.7065084108585653,nan
424.85,186.61221313476562,-171.68118286132812,-61.188907623291016,187.36231078531304,-171.72390295662925,-61.19392114350414,0.7513299057565985,0.353212672530977,0.05326101089692274,3.6087482114155444e-05,18.657450980706347,26.25197598323388,18.333462480238936,nan,nan
424.86,186.60357666015625,-171.68521118164062,-61.19068145751953,187.35350985734638,-171.72768883632972,-61.19589117138195,0.7511533082628515,0.35326395502985036,0.05327652284850528,3.536152760157381e-05,18.68833226653008,26.469123954471957,nan,0.003643850985597976,nan
424.87,186.59494018554688,-171.68930053710938,-61.192420959472656,187.34471269026594,-171.73152677947792,-61.19775522667824,0.7509795728139896,0.3533153270106399,0.05329209481309411,3.6067504147190126e-05,18.67072405541931,26.19037863043339,nan,nan,nan
424.88,186.58628845214844,-171.69345092773438,-61.19412612915039,187.33593690890828,-171.73541195363458,-61.199122638790534,0.7508385322594973,0.3533667826025218,0.05330772661157516,3.5343137447178954e-05,18.55126406934025,25.448604358024436,nan,0.14833366102751863,nan
424.89,186.57765197753906,-171.69764709472656,-61.195796966552734,187.3271406631866,-171.7393534424848,-61.200915158963774,0.7506656414480269,0.35341832786460187,0.05332341869734762,3.604918642638026e-05,18.53307709609287,25.95717316765916,nan,nan,nan
424.90000000000003,186.5690155029297,-171.70188903808594,-61.19743347167969,187.3131749692083,-171.744822737268,-61.201465664255686,0.7454078563809762,0.35335066815169214,0.0533186161995553,3.530511974015076e-05,17.776789736631358,25.681814603211013,3.409354788575363,0.7162871867375193,nan
424.91,186.5603790283203,-171.7061767578125,-61.19903564453125,187.30436953925607,-171.7488783224461,-61.203179703772086,0.7452264603538994,0.35340198952000573,0.05333433116970759,3.60103959374126e-05,17.75276108119439,25.838454274022606,nan,nan,nan
424.92,186.55174255371094,-171.7105255126953,-61.20060729980469,187.29556741751784,-171.75298319687312,-61.204794519119304,0.7450473916259921,0.35345339462098774,0.053350106252115864,3.5289772592108596e-05,17.733788802608448,25.45192485765051,nan,0.0031939918943529803,nan
424.93,186.54310607910156,-171.7149200439453,-61.2021484375,187.28676250110613,-171.75713808123442,-61.20644582811374,0.7448662324385898,0.35350488909867117,0.05336594184520533,3.59951833460413e-05,17.710668455036405,25.515121633584197,nan,nan,nan
424.94,186.53448486328125,-171.7193603515625,-61.20365905761719,187.2779044990261,-171.76135285322727,-61.20931114498676,0.7446261284018407,0.3535564676948568,0.05338183785157535,3.5275860095835425e-05,18.06269865020191,26.31840586322185,nan,1.0754933189684646,nan
424.95,186.52584838867188,-171.72384643554688,-61.20513916015625,187.26960618337623,-171.767884151253,-61.21093426123917,0.7450829220862971,0.3534887257953508,0.053377051363782124,3.59594052558313e-05,17.81312082634313,25.88568029138395,0.6400752755085165,nan,nan
424.96000000000004,186.5172119140625,-171.7283935546875,-61.20658874511719,187.26092951026277,-171.77216749172382,-61.20950006204869,0.7450104000803229,0.35354008036322915,0.053392969710082686,3.524215352001871e-05,17.08124481773282,24.769490306504615,nan,6.306664845235235,nan
424.97,186.50857543945312,-171.73297119140625,-61.208011627197266,187.25212673329995,-171.77652325978553,-61.211017556831756,0.7448317560727137,0.35359152402066946,0.05340894879031668,3.5947030722870394e-05,17.051627991640505,25.16242258258582,nan,nan,nan
424.98,186.49993896484375,-171.7375946044922,-61.20940399169922,187.2432786725324,-171.78093447926068,-61.21361464495332,0.7446139908519174,0.3536430519074045,0.05342498855299746,3.523091020700217e-05,17.263009439768503,25.457763546466545,nan,0.8540681192651258,nan
424.99,186.49131774902344,-171.74227905273438,-61.21076965332031,187.23447683463039,-171.78538269269382,-61.21508841480379,0.7444205813910969,0.35369466907923064,0.05344108932831957,3.593599234723376e-05,17.239475478043584,25.32336941222501,nan,nan,nan
425.0,186.48268127441406,-171.7469940185547,-61.21210861206055,187.26042652559343,-171.79785667947542,-61.21818672408461,0.7794303236683654,0.35362683989125876,0.05343631472238205,3.5199783265224286e-05,18.573588973559332,25.589946015409573,12.303835218122726,2.0899599649569907,nan
425.01,186.4740447998047,-171.75177001953125,-61.21342086791992,187.25168511966166,-171.8023938735045,-61.2196234592096,0.7793110507345994,0.35367823269190873,0.05345243724671001,3.59042169452736e-05,18.558510698497987,25.1033663466163,nan,nan,nan
425.02,186.4654083251953,-171.75657653808594,-61.21470642089844,187.24293215460057,-171.80697754979207,-61.22133917044528,0.7791839068156909,0.3537297098242313,0.05346862071562968,3.519096868646285e-05,18.698304813193616,25.63850024679351,nan,0.06472503229884895,nan
425.03000000000003,186.456787109375,-171.7614288330078,-61.215965270996094,187.23419188591913,-171.81160267476514,-61.2227285360532,0.779051566165265,0.35378127596502557,0.05348486542146472,3.5895651283315704e-05,18.683167035950238,25.921655657248724,nan,nan,nan
425.04,186.44815063476562,-171.76632690429688,-61.217201232910156,187.22550507403307,-171.8162618298116,-61.222737530720245,0.7789762972185997,0.35383292681480655,0.0535011713690711,3.5183296618753395e-05,18.24192159109688,25.00467121704443,nan,1.2848449125667143,nan
425.05,186.4395294189453,-171.77125549316406,-61.21841049194336,187.2264143559188,-171.81894260641624,-61.22398965802786,0.7883483315770262,0.353765015167748,0.05349640486539532,3.586625813150485e-05,19.01517708305259,25.889813948053295,4.645174040783608,nan,nan
425.06,186.43089294433594,-171.77622985839844,-61.21959686279297,187.21773814531497,-171.82366967555254,-61.224126490136506,0.7882870188447963,0.35381644149958347,0.053512731968256406,3.5155577732780064e-05,18.693010342803856,25.102948227339898,nan,0.951371710631301,nan
425.07,186.42227172851562,-171.78126525878906,-61.22075653076172,187.20901778190196,-171.82844568831965,-61.22539482793679,0.7881731150263585,0.3538679565709679,0.053529120531367005,3.5859931367030133e-05,18.673217220466924,24.94195008431339,nan,nan,nan
425.08,186.4136505126953,-171.78631591796875,-61.22189712524414,187.20032569571114,-171.8332583956755,-61.225899402736374,0.788084676929684,0.3539195564409653,0.05354557059040602,3.515000762645463e-05,18.489499051390045,25.383165179736313,nan,0.3846345500303852,nan
425.09000000000003,186.40501403808594,-171.7914276123047,-61.22301483154297,187.191606657641,-171.83811641424353,-61.22711581828923,0.7879876975291273,0.3539712452551799,0.0535620823918544,3.585465655676775e-05,18.466895552914412,24.453453585256835,nan,nan,nan
425.1,186.39639282226562,-171.79656982421875,-61.22410583496094,187.16682163483057,-171.84123754757633,-61.22845411989954,0.7717348432733137,0.3539032469822448,0.05355731987931627,3.512430622804675e-05,17.913974460925807,25.157890763334173,4.149254126439686,0.038675456366422264,nan
425.11,186.3877716064453,-171.80174255371094,-61.22517776489258,187.15807604835024,-171.8461843238599,-61.22962844856272,0.7715982197604941,0.3539547109451897,0.05357385220426763,3.5828390130577566e-05,17.888671607371453,25.32033774865791,nan,nan,nan
425.12,186.37913513183594,-171.80697631835938,-61.22623062133789,187.14937139892194,-171.85116462607974,-61.229663132623564,0.7715103990274532,0.3540062597870414,0.05359044627304412,3.51206298112097e-05,17.635040240043644,24.032081658137532,nan,0.8780060662889415,nan
425.13,186.37051391601562,-171.81222534179688,-61.22726058959961,187.14062741589134,-171.8561896041076,-61.23078557966829,0.7713754498338289,0.3540578973162672,0.05360710230748788,3.582503887935419e-05,17.606453389447626,25.07574170881745,nan,nan,nan
425.14,186.3618927001953,-171.8174591064453,-61.228267669677734,187.13190707509227,-171.86121514592725,-61.23123415922933,0.7712622955903908,0.35410962009182756,0.05362382037997677,3.5117842582657016e-05,17.467920523059842,24.527504433727024,nan,0.30000801875222816,nan
425.15000000000003,186.353271484375,-171.82261657714844,-61.2292594909668,187.11256071282642,-171.86277115766822,-61.23224543217014,0.7603561261829521,0.35404153913071923,0.053619057928744475,3.580061293259309e-05,17.340672942325558,24.772297768576635,1.1352129070216277,nan,nan
425.16,186.3446502685547,-171.82769775390625,-61.230228424072266,187.10379910717774,-171.86767176095262,-61.23334743742828,0.7602069512089328,0.35409303689525456,0.053635795883978946,3.5094771568486246e-05,17.323110279047942,24.601271227670487,nan,0.0014579305928590829,nan
425.17,186.33602905273438,-171.8326873779297,-61.231178283691406,187.09503977282102,-171.8724842054615,-61.234385654925646,0.7600600949387389,0.3541446230986884,0.053652596026523836,3.579898511354302e-05,17.28721348804841,24.54359279198867,nan,nan,nan
425.18,186.32740783691406,-171.83758544921875,-61.23210906982422,187.08630498647372,-171.87720045884765,-61.23469155973939,0.7599348010532444,0.3541962946150226,0.0536694584480533,3.5093599195700684e-05,17.144163460545006,24.31369081435186,nan,0.3580263458739337,nan
425.19,186.31878662109375,-171.84237670898438,-61.2330207824707,187.0775467810104,-171.88182482682197,-61.23568653493691,0.759789602794008,0.3542480547851082,0.053686383341680965,3.5798165860792675e-05,17.105527965825953,24.63879020174954,nan,nan,nan
425.2,186.31016540527344,-171.84707641601562,-61.233917236328125,187.0750933303005,-171.89484882482938,-61.23767983014239,0.7664274855733396,0.35417988780315074,0.053681616835190835,3.507206756717533e-05,16.57445760359309,24.314226567470257,7.758956766337191,0.416860214652242,nan
425.21000000000004,186.3015594482422,-171.8516845703125,-61.23479461669922,187.06634444701425,-171.8993145263589,-61.23865302433271,0.7662764477453444,0.3542314226393896,0.05369856093944388,3.577612139085061e-05,16.539354400917382,24.62238498867713,nan,nan,nan
425.22,186.29293823242188,-171.856201171875,-61.235652923583984,187.05762499255349,-171.9036846844392,-61.23870378707002,0.7661656693261747,0.35428304284544515,0.05371556755800698,3.507233371704999e-05,16.34204458619857,24.10421300944441,nan,0.5769095509279725,nan
425.23,186.28431701660156,-171.86062622070312,-61.23649597167969,187.04887704268066,-171.90796725608504,-61.23963499965338,0.7660307177951282,0.354334751469494,0.05373263686931496,3.577675987367838e-05,16.305537483584402,24.071377939241923,nan,nan,nan
425.24,186.27569580078125,-171.86497497558594,-61.23731994628906,187.04014256925404,-171.91215949883207,-61.24012944798747,0.7659067399900955,0.35438654582029966,0.05374976898693984,3.5073274590014126e-05,16.210288340574444,23.672708936011162,nan,0.12442769433834111,nan
425.25,186.26707458496094,-171.86923217773438,-61.238128662109375,187.00500474156397,-171.91345330739742,-61.241086340902825,0.7392598813656062,0.3543182959709617,0.053744994384369256,3.575610065317429e-05,15.272624370856825,23.929025559747124,9.963630060399565,nan,nan
425.26,186.25845336914062,-171.87339782714844,-61.238922119140625,186.99620091432658,-171.9174892571092,-61.24230183344959,0.7390716589700188,0.3543698648151346,0.05376214502703696,3.505371902287697e-05,15.307137373732807,24.17869070335651,nan,0.07864184934540147,nan
425.27,186.24984741210938,-171.87747192382812,-61.23969650268555,186.98740742611372,-171.9214403670946,-61.243171472321116,0.7388775769201102,0.35442152185003106,0.0537793585809227,3.575802942838561e-05,15.270811523857502,24.91446307925251,nan,nan,nan
425.28000000000003,186.24122619628906,-171.88148498535156,-61.24045944213867,186.97861227553955,-171.92530931833448,-61.24408308124843,0.7386961031399837,0.3544732646547122,0.053796635170361144,3.505586627130835e-05,15.262803261196513,23.733426687152278,nan,0.002267069228585963,nan
425.29,186.23260498046875,-171.88540649414062,-61.241207122802734,186.9698184693385,-171.92909751622977,-61.24492405231138,0.7385163838044919,0.3545250958754926,0.053813974957742615,3.576056326546177e-05,15.228533671592837,24.099633531314378,nan,nan,nan
425.3,186.22398376464844,-171.88925170898438,-61.24193572998047,186.92501721038846,-171.91908496512815,-61.24480284952474,0.7016738099663913,0.35445676055214326,0.05380918812259928,3.503745288364462e-05,14.942418069568536,24.701844067618122,11.198680659834775,0.6718955808277101,nan
425.31,186.21536254882812,-171.8930206298828,-61.242652893066406,186.91616389200308,-171.92269426115723,-61.245606916724014,0.7014355089704302,0.3545083659542253,0.05382654572317572,3.5741666103645144e-05,14.906488709547883,24.581450864020763,nan,nan,nan
425.32,186.2067413330078,-171.89671325683594,-61.24335479736328,186.90730009789846,-171.92622850727787,-61.24676248815023,0.7011885234587445,0.35456005715963185,0.053843966583468426,3.504066061903683e-05,14.948325304499246,24.706523638894737,nan,0.09383650610299317,nan
425.33,186.19813537597656,-171.90032958984375,-61.24404525756836,186.89844649214893,-171.92968770434902,-61.24754364549218,0.700934944941372,0.3546118365664815,0.05386145085842311,3.57452718728088e-05,14.913076706039035,25.134362964694066,nan,nan,nan
425.34000000000003,186.18951416015625,-171.9038848876953,-61.244720458984375,186.88959828531773,-171.93307360433093,-61.24810961356297,0.7007005422080882,0.35466370212312537,0.053878998683507554,3.504436588468761e-05,14.854387739245416,24.33122515687445,nan,0.028803037441944897,nan
425.35,186.18089294433594,-171.90736389160156,-61.24538040161133,186.8789499153634,-171.94245708539094,-61.2488100210745,0.6989469431509279,0.3545952838058699,0.053874195495616395,3.572738641503217e-05,14.087861913943222,24.29996056497911,4.885137818510147,nan,nan
425.36,186.17227172851562,-171.9107666015625,-61.246028900146484,186.87005105096895,-171.94573026584845,-61.2510047605224,0.6986724553395589,0.35464692335851095,0.053891760405562254,3.502739102797312e-05,14.419974799905862,24.840742406945918,nan,1.4921037614393189,nan
425.37,186.1636505126953,-171.9141082763672,-61.246665954589844,186.86119054349652,-171.94893258677888,-61.251747208626,0.698427266297915,0.35469865090611846,0.053909388944262907,3.5731927234498466e-05,14.391118117851383,24.538628118987113,nan,nan,nan
425.38,186.155029296875,-171.91738891601562,-61.24728775024414,186.85232731280772,-171.95206759207525,-61.25257282772477,0.6981798232840359,0.3547504646236458,0.05392708125188599,3.503196840568329e-05,14.422097028984942,24.456073549133563,nan,0.006374481488388034,nan
425.39,186.1464080810547,-171.92059326171875,-61.24789810180664,186.8434660874056,-171.95513660484835,-61.2532926305588,0.6979342431153087,0.35480236657181835,0.053944837476357047,3.573690711225545e-05,14.394279258144152,24.79409985332305,nan,nan,nan
425.40000000000003,186.13778686523438,-171.92373657226562,-61.248497009277344,186.82360260047298,-171.94512152487385,-61.25331893267635,0.6861660074968677,0.3547338632713958,0.053940013771389704,3.501581369382556e-05,15.163413050627222,25.08678529559046,10.295266021606492,0.2736381706203022,nan
425.41,186.129150390625,-171.92681884765625,-61.249080657958984,186.8147255605326,-171.94801982259676,-61.25400878106426,0.6859206086199737,0.35478553891395836,0.053957786329951726,3.5720281261785547e-05,15.136655359602607,24.684480328104637,nan,nan,nan
425.42,186.1205291748047,-171.92984008789062,-61.249656677246094,186.8059062478953,-171.9508547269765,-61.25231406932777,0.6857043160917475,0.35483730073759834,0.053975622871602985,3.502114531190935e-05,14.615225871641519,24.506432207296463,nan,3.974119216122773,nan
425.43,186.11190795898438,-171.93280029296875,-61.25021743774414,186.7970279718456,-171.95363024532472,-61.25295898379253,0.6854420726894899,0.3548891505973548,0.05399352354183143,3.572602141327518e-05,14.580895010994182,24.633320169516868,nan,nan,nan
425.44,186.10328674316406,-171.93569946289062,-61.250770568847656,186.7881349130164,-171.95634635430034,-61.25418793688237,0.6851678540907002,0.3549410869746751,0.05401148848447345,3.5026831737384864e-05,14.660779143061369,24.694872086268294,nan,0.24912837322437595,nan
425.45,186.09466552734375,-171.9385528564453,-61.251312255859375,186.83052499475505,-171.97824162791736,-61.25494397110136,0.736937951061963,0.3548725006063837,0.054006640088192746,3.5710108330733166e-05,14.88810034657229,23.32780089236233,23.13120681657534,nan,nan
425.46000000000004,186.08602905273438,-171.9414520263672,-61.25194549560547,186.82172559308842,-171.98093473470948,-61.25578833049969,0.736765261889411,0.3549242104811894,0.05402462059581567,3.501168494597818e-05,14.904348658163368,23.70441595621492,nan,0.020342215376084893,nan
425.47,186.07740783691406,-171.94442749023438,-61.25267028808594,186.81292971610418,-171.98369410897732,-61.25655788777881,0.7365795378275425,0.3549760082051431,0.05404266544076292,3.571649952424988e-05,14.86997504464287,23.759206873992873,nan,nan,nan
425.48,186.06878662109375,-171.94747924804688,-61.25348663330078,186.80412252571438,-171.98651881656585,-61.2578960897059,0.7363846982659072,0.35502789244533617,0.054060774767503365,3.501797691727605e-05,14.967553187758442,23.522637407245675,nan,0.16001711845168454,nan
425.49,186.06015014648438,-171.95057678222656,-61.254390716552734,186.79532556389324,-171.98940823079653,-61.25885413216304,0.7362137582518109,0.3550798647800268,0.05407894872057113,3.572319785404912e-05,14.934143378365103,23.78924472171627,nan,nan,nan
425.5,186.05152893066406,-171.95375061035156,-61.25538635253906,186.79056516569383,-171.99573284209936,-61.25888087458707,0.740235959781643,0.3550111938677013,0.05407407143822115,3.500339589333814e-05,14.537596591107565,23.34541294815582,0.547718805383391,0.7297232317491831,nan
425.51,186.0428924560547,-171.95697021484375,-61.2564697265625,186.78177330552683,-171.99875919338092,-61.26000809577789,0.7400700970182176,0.35506293940802997,0.0540922601675288,3.57081472536827e-05,14.502975119935822,23.508855500821415,nan,nan,nan
425.52,186.03427124023438,-171.96026611328125,-61.25763702392578,186.77297372101836,-172.00184773224956,-61.26157649427043,0.7398823592835795,0.3551147714550703,0.054110513583743934,3.50102005095796e-05,14.560146670390074,23.590371420278064,nan,0.08801408874744512,nan
425.53000000000003,186.025634765625,-171.963623046875,-61.25889205932617,186.76418130670146,-172.00499799171706,-61.26288241818938,0.739715352254192,0.35516669142053114,0.0541288318321946,3.571536071792215e-05,14.527870282052707,23.141196871587102,nan,nan,nan
425.54,186.0170135498047,-171.967041015625,-61.260231018066406,186.75539636168904,-172.00820940480145,-61.263904694861864,0.7395387136957874,0.3552186982200238,0.05414721505618778,3.5017248059305925e-05,14.432033114972544,23.468399100566643,nan,0.09650181218794227,nan
425.55,186.0083770751953,-171.97052001953125,-61.261653900146484,186.7370516813585,-172.0050539363089,-61.26541020799692,0.7295021473057925,0.35514994421613394,0.05414230467955894,3.570079005033483e-05,14.70568012117663,23.340556329462544,1.8421792988199999,nan,nan
425.56,185.999755859375,-171.9740447998047,-61.26315689086914,186.72823231952873,-172.00836693959582,-61.26756189822737,0.7292978584692096,0.35520172401394406,0.05416070187178808,3.500333923689559e-05,14.828432026605126,24.395378907011025,nan,0.2482285440021306,nan
425.57,185.99111938476562,-171.97764587402344,-61.26474380493164,186.71942465646862,-172.0117392694734,-61.269209701741346,0.7291165014166069,0.3552535915608358,0.05417916409890956,3.570843367823747e-05,14.798843287666452,23.34900428693539,nan,nan,nan
425.58,185.9824981689453,-171.98129272460938,-61.266414642333984,186.71063178337593,-172.01517069751165,-61.27016934721074,0.7289309811775562,0.3553055459209797,0.054197691502363685,3.5010785606104847e-05,14.607271843278223,23.86147160765565,nan,0.4187781960533055,nan
425.59000000000003,185.97386169433594,-171.98500061035156,-61.26816177368164,186.7018239034916,-172.0186586857686,-61.27197303730298,0.7287498677392428,0.35535758828431596,0.05421628423026386,3.5716282539760314e-05,14.57671443807974,23.453035435114536,nan,nan,nan
425.6,185.96522521972656,-171.98876953125,-61.269989013671875,186.73268044083096,-172.02709797244572,-61.27458805251396,0.7684254921351622,0.3552887501294931,0.054211336535751935,3.49972472699414e-05,16.0188075039191,23.298212522958586,18.81964101313239,0.4099411519576831,nan
425.61,185.95660400390625,-171.99258422851562,-61.27189254760742,186.72394113117647,-172.03068316945865,-61.27655867822638,0.7682965371282456,0.35534056520809726,0.05422994240625796,3.570226928239995e-05,15.989713521438958,23.993222008427235,nan,nan,nan
425.62,185.94796752929688,-171.9964599609375,-61.27384948730469,186.715188139102,-172.0343226511643,-61.279361657760205,0.7681740892819053,0.3553924670718805,0.054248613649906165,3.500502115318544e-05,16.2146655272563,23.64444104778792,nan,0.4148805511345837,nan
425.63,185.93934631347656,-172.00039672851562,-61.27581024169922,186.7064492540076,-172.0380181037034,-61.28143553548922,0.7680455280597621,0.3554444567791135,0.05426735041746207,3.571044603770679e-05,16.199653373193698,23.849415559668465,nan,nan,nan
425.64,185.9307098388672,-172.00437927246094,-61.27775573730469,186.69767631282974,-172.0417643953998,-61.2854875377939,0.767916011252867,0.3554965335907002,0.05428615284641309,3.5012952871046427e-05,16.987615400948144,24.498640705109633,nan,2.772350364978583,nan
425.65000000000003,185.92208862304688,-172.00840759277344,-61.2796745300293,186.67328148387512,-172.03480351325305,-61.28752678755141,0.7516974901684027,0.3554276123671042,0.05428116360775675,3.5696736758789256e-05,17.48342471624511,25.49910763887953,4.962863191165071,nan,nan
425.66,185.9134521484375,-172.0124969482422,-61.28156280517578,186.6645273502699,-172.03863162708598,-61.28907963000097,0.7515673508750307,0.3554794616775519,0.05429997833421554,3.4999832786199045e-05,17.33788494473495,24.679289284776285,nan,0.16719048018962018,nan
425.67,185.9048309326172,-172.0166473388672,-61.28341293334961,186.65576507175393,-172.04251106855656,-61.29108170536039,0.7514185410932072,0.355531398677514,0.054318858780599076,3.570517710735229e-05,17.338303152823098,24.88134088576199,nan,nan,nan
425.68,185.8961944580078,-172.0208282470703,-61.28522872924805,186.64698607645067,-172.04644006551317,-61.29409767658383,0.7512806917489928,0.3555834227438936,0.05433780508122058,3.5008007937139425e-05,17.904162444315237,25.633180969342213,nan,0.775402492641845,nan
425.69,185.8875732421875,-172.02508544921875,-61.287010192871094,186.6382245278565,-172.0504221512892,-61.296041241738095,0.7511330514575688,0.3556355347615907,0.054356817391599484,3.5713746451450925e-05,17.90923863323046,25.194990769630568,nan,nan,nan
425.7,185.8789520263672,-172.0293731689453,-61.288753509521484,186.61279525163883,-172.05869601870464,-61.29987780981266,0.734513076025241,0.35556652974060493,0.05435178236107565,3.499511320179796e-05,17.96950231766998,26.885872297713956,10.217580378836912,2.587457604777873,nan
425.71000000000004,185.8703155517578,-172.03372192382812,-61.29046630859375,186.60400328707732,-172.0628089978522,-61.3017724635817,0.7343511285305953,0.3556184139818059,0.054370806107636095,3.5700367671776976e-05,17.980872682850336,26.00210773376983,nan,nan,nan
425.72,185.8616943359375,-172.03810119628906,-61.29214096069336,186.59168366229608,-172.07108939830383,-61.30229880847216,0.7308049123679408,0.35509900065279676,0.053621250238949106,3.5002353108110454e-05,22.003317359788017,31.086664768631433,nan,1.248615963751573,0.022031362439223295
425.73,185.85305786132812,-172.04254150390625,-61.293785095214844,186.58288884261296,-172.0753093917035,-61.304113899349545,0.73063922691622,0.3551499268287237,0.05363701298358165,3.570797569463001e-05,21.997549888664,30.197013071974737,nan,nan,nan
425.74,185.8444366455078,-172.0470428466797,-61.29539489746094,186.57411809508037,-172.0795622961085,-61.30525598050936,0.7304722947520613,0.35520093757179905,0.05365283378998713,3.501085248747464e-05,21.74272413473054,29.950604439280735,nan,0.2897414723141672,nan
425.75,185.8358154296875,-172.05157470703125,-61.296974182128906,186.5394293750461,-172.07855639797663,-61.307105503741546,0.7042039757250608,0.3551330898412323,0.05364786886494766,3.569481300787501e-05,21.09315224623624,30.80694081578648,8.39568249834467,nan,nan
425.76,185.8271942138672,-172.05615234375,-61.298519134521484,186.53067952670298,-172.08286627132438,-61.306347669699356,0.7040358693029475,0.3551838785584279,0.05366371033336892,3.4998229163764306e-05,19.92052491832867,29.72989414586862,nan,4.322420816254526,nan
425.77,185.8185577392578,-172.06077575683594,-61.3000373840332,186.52184106124417,-172.08728010473877,-61.30800915492603,0.7038277208046688,0.35523475539535593,0.05367961155009777,3.57037538001459e-05,19.90201275553961,29.19299630636969,nan,nan,nan
425.78000000000003,185.8099365234375,-172.06546020507812,-61.30152130126953,186.51302691307706,-172.09172435507298,-61.30896216784918,0.7036201163084458,0.35528571690476674,0.05369557115918852,3.500685836535332e-05,19.657748350930742,28.978598202056077,nan,0.32548590910684494,nan
425.79,185.8013153076172,-172.07017517089844,-61.302978515625,186.50418933343227,-172.09622917889678,-61.31055854991177,0.7033975863038348,0.35533676673294684,0.053711590774272906,3.571276810422537e-05,19.63707966493265,29.328271228858025,nan,nan,nan
425.8,185.79269409179688,-172.07493591308594,-61.304405212402344,186.5009600505386,-172.10853483380808,-61.31074822750133,0.7090908190257199,0.3552688476464455,0.053706639796781225,3.499435544379691e-05,18.401642246771274,28.440841254013886,7.604950292189219,0.955847297022918,nan
425.81,185.78407287597656,-172.07974243164062,-61.30580520629883,186.49212895607968,-172.11315782233402,-61.312272611525636,0.7088736334753573,0.35531967514541973,0.053722679547512316,3.5699771706346915e-05,18.375125914185663,28.30279545213022,nan,nan,nan
425.82,185.77545166015625,-172.0845947265625,-61.30717468261719,186.4833068503943,-172.11781927418875,-61.31351879517417,0.708662887892452,0.3553705874087302,0.053738778014099924,3.500307591823118e-05,18.305249897016157,28.224986048359828,nan,0.04448203264479774,nan
425.83,185.76683044433594,-172.08949279785156,-61.30851745605469,186.47447695285618,-172.12252951594715,-61.3149869805531,0.7084467944105973,0.3554215877297996,0.05375493668129236,3.570887622314019e-05,18.279880263870297,28.08541337026069,nan,nan,nan
425.84000000000003,185.75820922851562,-172.0944366455078,-61.30983352661133,186.46561667746582,-172.12730277540965,-61.31737948554412,0.7082107192221526,0.35547267318533843,0.05377115438267303,3.501184698078851e-05,18.686968268452784,28.38711971835471,nan,0.6370990157609131,nan
425.85,185.7495880126953,-172.0994110107422,-61.311126708984375,186.4843245787239,-172.13893052028612,-61.31879841947958,0.7358386156189529,0.3554046860483253,0.05376621507801976,3.569596426442713e-05,19.279530149142026,28.32273630093426,7.5219326479723385,nan,nan
425.86,185.740966796875,-172.10443115234375,-61.3123893737793,186.4755243455197,-172.14378144370778,-61.32081798962886,0.735659078151331,0.35545554905181737,0.05378245243348599,3.499944499046212e-05,19.61337369222197,28.631034737016947,nan,0.26990743057739136,nan
425.87,185.7323455810547,-172.1094970703125,-61.313629150390625,186.46674420817914,-172.14866096305695,-61.322201034616036,0.7354921013963022,0.35550649986411137,0.053798750183682305,3.570512539963453e-05,19.594967824721312,28.38619969598847,nan,nan,nan
425.88,185.72372436523438,-172.11459350585938,-61.31484603881836,186.45795266718747,-172.15358912782997,-61.32395066861948,0.7353194898855973,0.3555575358835968,0.05381510728281291,3.500826749412289e-05,19.857130723251785,28.936434182661436,nan,0.1076218913500059,nan
425.89,185.71510314941406,-172.11973571777344,-61.316036224365234,186.44917387020192,-172.15854955199455,-61.32529033980917,0.735154388885488,0.3556086599257628,0.053831525038027135,3.5714322105950186e-05,19.84022328563167,28.763942160538058,nan,nan,nan
425.90000000000003,185.70648193359375,-172.12490844726562,-61.317203521728516,186.47065812658823,-172.17679145134116,-61.326646333834645,0.7659936466785581,0.3555406030554385,0.05382659298026539,3.641176257657698e-05,19.75534887319675,28.59549650586682,8.79574202921311,nan,nan
425.91,185.6978759765625,-172.13014221191406,-61.31834411621094,186.4619294963481,-172.1818575186838,-61.32794122730288,0.7658618404074923,0.3555915043574764,0.05384302982417939,3.71457110259351e-05,19.740085174007767,28.24626724721777,nan,nan,nan
425.92,185.6892547607422,-172.13539123535156,-61.31946563720703,186.4532418890254,-172.18693559588755,-61.327818720416,0.7657695001007805,0.3556424908294716,0.053859526281482537,3.636320301981611e-05,19.131154716755923,28.009117144897413,nan,1.2717440475092352,nan
425.93,185.68063354492188,-172.14068603515625,-61.32056427001953,186.44451440476945,-172.1920788251586,-61.32905591373781,0.7656548144684617,0.35569356518976136,0.053876083632943675,3.709581565893638e-05,19.109101180834408,27.704847364555093,nan,nan,nan
425.94,185.67202758789062,-172.14602661132812,-61.32164001464844,186.43575094563545,-172.1972843094388,-61.331571378479886,0.7655059443062374,0.3557447250840725,0.053892700915619526,3.631601109268087e-05,19.83446921717915,28.5143874314487,nan,1.1058641905030828,nan
425.95,185.6634063720703,-172.15139770507812,-61.322696685791016,186.43248291982118,-172.20844229034424,-61.332821848898185,0.7712556903754595,0.35567659845680355,0.0538877723380449,3.702370287109105e-05,19.392485072826947,28.17128104920725,2.591031453144551,nan,nan
425.96000000000004,185.65480041503906,-172.1568145751953,-61.32373046875,186.42377305552162,-172.21371196852755,-61.33367637869633,0.7711388696618677,0.35572753547582825,0.05390440817781471,3.624754220712966e-05,19.305716131185886,28.14595087256619,nan,0.0734683448959687,nan
425.97,185.64617919921875,-172.16224670410156,-61.32474136352539,186.41505475868527,-172.21902435132137,-61.33484205212227,0.7710352463272385,0.35577856014661546,0.05392110510004162,3.697676940476743e-05,19.28720062920385,28.598970172532454,nan,nan,nan
425.98,185.6375732421875,-172.167724609375,-61.32573699951172,186.40627227631484,-172.22441365030124,-61.33843736748594,0.7708911413267888,0.35582967040854174,0.05393786225818684,3.6203203724563714e-05,20.93577398462828,29.878192330284982,nan,3.9532197542283924,nan
425.99,185.6289520263672,-172.1731719970703,-61.32670974731445,186.39755557750215,-172.22975472280237,-61.339588929423186,0.7707910851847783,0.35588086854304163,0.053954680761193835,3.693130233159587e-05,20.92169947096825,29.240063282516406,nan,nan,nan
426.0,185.62034606933594,-172.17852783203125,-61.32766342163086,186.4004596903836,-172.2395310609092,-61.34073817191344,0.7826043730855213,0.3558126711306478,0.0539497514016646,3.613780709414676e-05,21.172341975406333,30.30317344897564,1.291896556682705,0.0035263051686708975,nan
426.01,185.6117401123047,-172.18380737304688,-61.32859802246094,186.39176328708885,-172.24474204986592,-61.34185276921989,0.7825119017312445,0.3558636461046988,0.0539665878498677,3.686392957272049e-05,21.1534389673189,29.777679374686446,nan,nan,nan
426.02,185.60313415527344,-172.18898010253906,-61.32951354980469,186.3830266077302,-172.24988802272225,-61.34458834009016,0.7824124624788358,0.35591470671300635,0.05398348483046695,3.6096348832088826e-05,22.627329138540272,31.63527254643861,nan,1.780860198825667,nan
426.03000000000003,185.59451293945312,-172.19406127929688,-61.33041000366211,186.37433136639441,-172.25490891113853,-61.34568371564784,0.7823378423518502,0.3559658549769733,0.054000443346885765,3.682147883436548e-05,22.613086892002528,31.00151301655932,nan,nan,nan
426.04,185.58590698242188,-172.19903564453125,-61.33129119873047,186.36568278900518,-172.25979963716372,-61.34485164931323,0.7822572832216306,0.35601708922319164,0.05401746270847347,3.605631005622345e-05,21.32160542808731,30.288069377581856,nan,2.425392697274609,nan
426.05,185.57730102539062,-172.20391845703125,-61.3321533203125,186.3512882260749,-172.2606677590059,-61.34585343151057,0.7761857787569483,0.35594882299879105,0.05401252963310901,3.675731242554965e-05,21.50667211528978,30.10121507041584,0.852507052673576,nan,nan
426.06,185.56869506835938,-172.20870971679688,-61.33300018310547,186.342632348155,-172.26535143951742,-61.34491621102227,0.776098698318408,0.35599983393171697,0.0540295663612692,3.599545143166063e-05,20.29144633992063,28.643186501883932,nan,2.56914338647116,nan
426.07,185.56008911132812,-172.21339416503906,-61.33382797241211,186.33393093699303,-172.2699704499208,-61.345906318920846,0.776001245884177,0.35605093231533524,0.054046664816608685,3.671787092171386e-05,20.265087931949875,29.08652237126776,nan,nan,nan
426.08,185.55148315429688,-172.21798706054688,-61.33464050292969,186.32526078098542,-172.27447398257368,-61.34550746883603,0.7759128036524623,0.3561021167054732,0.054063824403635996,3.595829753315393e-05,19.52168725659278,28.25462723605252,nan,1.260343569130745,nan
426.09000000000003,185.54287719726562,-172.22250366210938,-61.33543395996094,186.31655958832087,-172.27890626427597,-61.34645301752159,0.7758138406793547,0.3561533887821251,0.05408104598509176,3.6679905113058036e-05,19.495678951845754,27.713893140544307,nan,nan,nan
426.1,185.53427124023438,-172.22691345214844,-61.33621597290039,186.27576151054603,-172.2683518212915,-61.34698716086055,0.7427253717856728,0.3560850519942489,0.05407610452175632,3.590046989264945e-05,19.609872967543758,28.628472047744587,10.817935265120237,0.16190062149076925,nan
426.11,185.52565002441406,-172.2312469482422,-61.336978912353516,186.26700933087247,-172.27257318398784,-61.347900258239555,0.7425905701187953,0.3561361004863128,0.05409334281980662,3.662042151148651e-05,19.58392617897167,27.88467489596408,nan,nan,nan
426.12,185.5170440673828,-172.23548889160156,-61.337730407714844,186.25826984591743,-172.27669859527276,-61.348186437003484,0.7424440874499545,0.3561872349973355,0.05411064252829956,3.586616756037345e-05,19.32248202573151,28.12974384851135,nan,0.25194676501693775,nan
426.13,185.50843811035156,-172.23963928222656,-61.338462829589844,186.24951722008024,-172.2807474621986,-61.34906480768642,0.7422941002570457,0.3562384570063229,0.054128004424630956,3.658542489695211e-05,19.293356286599245,28.41759056870947,nan,nan,nan
426.14,185.4998321533203,-172.24371337890625,-61.33918380737305,186.24074455431017,-172.28472632832876,-61.35090626785464,0.7421392484167841,0.35628976536871787,0.054145428039592394,3.5833259325593315e-05,20.003773719213232,28.843238475555573,nan,0.6420966073517843,nan
426.15000000000003,185.49122619628906,-172.24771118164062,-61.33988952636719,186.24588314260754,-172.29718729938537,-61.3517259967572,0.7563696813629653,0.3562213594135959,0.054140474950900117,3.6529033044286405e-05,19.634190903565955,28.346003178000636,3.433920162383555,nan,nan
426.16,185.4826202392578,-172.25161743164062,-61.340579986572266,186.2371492834402,-172.30101359151368,-61.352652522041794,0.7562405736521016,0.35627244402194,0.05415791465570002,3.5779819343373575e-05,19.81948897111461,29.008747434642803,nan,0.004247644892008648,nan
426.17,185.47401428222656,-172.25546264648438,-61.34125900268555,186.22841666344408,-172.30476024008374,-61.353487635088364,0.7561102730235788,0.35632361594955353,0.054175416741706915,3.649694610015967e-05,19.7928539864551,28.338706922040497,nan,nan,nan
426.18,185.4654083251953,-172.25921630859375,-61.341922760009766,186.21969172171777,-172.3084241013101,-61.35388724461083,0.7559814799485713,0.35637487422723624,0.05419298081583086,3.574969079404943e-05,19.647605387922532,28.781152337821904,nan,0.12097221029258705,nan
426.19,185.456787109375,-172.2628936767578,-61.34257125854492,186.2109583955234,-172.3120176916549,-61.354693469770176,0.7558666851339043,0.3564262200725699,0.05421060754276419,3.646627642982959e-05,19.62180410951844,28.473284256517488,nan,nan,nan
426.2,185.44818115234375,-172.26651000976562,-61.34320831298828,186.2026401916413,-172.30491412316096,-61.35570867286124,0.7555392623156184,0.35635774369809214,0.05420563830665824,3.5699119988092336e-05,21.268410887976483,29.03381597635648,14.595293860676941,0.09812230687012705,nan
426.21000000000004,185.4395751953125,-172.27005004882812,-61.343833923339844,186.19391321559837,-172.3083160941073,-61.35649179035685,0.7554140326122732,0.3564088655293028,0.054223280436105865,3.641432064471784e-05,21.241676604886898,29.14107997167252,nan,nan,nan
426.22,185.4309539794922,-172.2735137939453,-61.34444808959961,186.1852090827473,-172.31163031170928,-61.355948460257636,0.7553051623271824,0.35646007369740573,0.05424098481589509,3.567169601019833e-05,20.50005339552836,28.230392314656633,nan,1.1743477549114882,nan
426.23,185.42234802246094,-172.27691650390625,-61.34504699707031,186.17648127426514,-172.31489071375512,-61.35669579167495,0.7551785858366034,0.35651136926793225,0.05425875204324331,3.638645484214136e-05,20.47279360015753,28.33740173038052,nan,nan,nan
426.24,185.4137420654297,-172.28024291992188,-61.34563446044922,186.16772897000303,-172.31809944563082,-61.358839987457905,0.7550521536625225,0.3565627514985905,0.054276581825059594,3.5645586470898566e-05,21.586033564687657,29.757865053003215,nan,1.3480455037201136,nan
426.25,185.40512084960938,-172.28350830078125,-61.346214294433594,186.1357548050459,-172.30517117794446,-61.359639097129865,0.7310783011492357,0.3564942056588643,0.05427159295778223,3.6337373724318874e-05,22.457178885734123,29.877726707342934,12.083906054175753,nan,nan
426.26,185.39651489257812,-172.28671264648438,-61.346778869628906,186.1270097015466,-172.30817305889073,-61.35925739784722,0.7309164992644727,0.35654536369197876,0.054289437469253146,3.559910272359156e-05,21.82401777608576,29.56553756295557,nan,0.8436645290130631,nan
426.27,185.3878936767578,-172.2898406982422,-61.34733200073242,186.11824578140605,-172.31112336905315,-61.35996644247699,0.7307713581956728,0.35659660897024575,0.05430734502252597,3.631221716169949e-05,21.797837290852726,29.576745980089697,nan,nan,nan
426.28000000000003,185.37928771972656,-172.2929229736328,-61.34787368774414,186.1094486584698,-172.31403367080338,-61.36273632712783,0.7306172431929632,0.35664794088247587,0.054325315383954485,3.557557430539982e-05,23.56443839842065,31.2203414729305,nan,2.929573648204986,nan
426.29,185.37066650390625,-172.29605102539062,-61.3485107421875,186.10068346948896,-172.31692138544673,-61.36349758596585,0.7304689914389867,0.35669936029855737,0.05434334906260752,3.628837353922276e-05,23.504302673606816,31.33745863291374,nan,nan,nan
426.3,185.362060546875,-172.29925537109375,-61.34923553466797,186.09840809724113,-172.32538474209713,-61.36458806499096,0.7369709350758387,0.3566307441196397,0.05433833615810251,3.5531718457747874e-05,23.59240239462854,31.561794702472348,2.632252582036042,0.00393397526024871,nan
426.31,185.3534393310547,-172.30252075195312,-61.35005569458008,186.08965046916813,-172.3284152559949,-61.365538502497145,0.736829072826842,0.35668193908694656,0.05435638384247493,3.6243356666902716e-05,23.53372144063952,31.147863181099602,nan,nan,nan
426.32,185.34481811523438,-172.30584716796875,-61.3509635925293,186.08088578055123,-172.33151254172748,-61.367008826749554,0.7366897371868024,0.3567332206539899,0.05437449458194211,3.551066923129143e-05,24.130125906658527,31.831322793832747,nan,0.12599151889263263,nan
426.33,185.33621215820312,-172.30923461914062,-61.351959228515625,186.07212663862097,-172.33466702755723,-61.36814494338997,0.7365316743036463,0.3567845895784331,0.054392668833570273,3.622207422194239e-05,24.07249289650364,32.19498376827169,nan,nan,nan
426.34000000000003,185.3275909423828,-172.3126678466797,-61.35304260253906,186.06338011232165,-172.33787298754257,-61.368424914349404,0.7363814346124132,0.35683604541674824,0.054410906440905356,3.549081942685658e-05,23.465619115792713,31.72007498987085,nan,0.6133435422594284,nan
426.35,185.3189697265625,-172.31617736816406,-61.35421371459961,186.07527866515193,-172.34069051152022,-61.36982317980933,0.7568670690363,0.35676735952155825,0.054405865820219085,3.617965097541289e-05,24.63204657934495,31.343344168004254,9.872338096975685,nan,nan
426.36,185.3103485107422,-172.3197479248047,-61.35546875,186.06656421657797,-172.34399881922226,-61.37065263941413,0.7567567972146059,0.3568185907160972,0.054424116716368924,3.5450655419336725e-05,24.363247112406704,31.04979209011199,nan,0.21854808432443,nan
426.37,185.30172729492188,-172.3233642578125,-61.3568115234375,186.0578419092212,-172.34737091650507,-61.37212643700552,0.756650630209338,0.35686990912786004,0.0544424313186467,3.616081397765615e-05,24.30685089398879,31.35724625021686,nan,nan,nan
426.38,185.29312133789062,-172.32704162597656,-61.35823440551758,186.0491242107472,-172.35079723106233,-61.37329790158118,0.7565259952269039,0.3569213144087455,0.05446080951576824,3.54331300453776e-05,24.184985920629654,31.539699533767216,nan,0.1034204285214663,nan
426.39,185.2845001220703,-172.33078002929688,-61.3597412109375,186.0404012024729,-172.35428422837086,-61.37493731380213,0.756419071857784,0.3569728071738686,0.05447925169771642,3.6143157381086044e-05,24.1319672312757,31.009333951567736,nan,nan,nan
426.40000000000003,185.27587890625,-172.33457946777344,-61.361331939697266,186.03671096825417,-172.35024064884095,-61.376409312086125,0.7611425794974935,0.35690405096796585,0.05447417904235586,3.539530628290864e-05,25.38369592936018,31.344070026716132,9.071238709836942,0.03629247454466012,nan
426.41,185.2672576904297,-172.3384246826172,-61.362998962402344,186.02800110154075,-172.35380489866017,-61.37821162101475,0.761050927058423,0.3569553188448302,0.05449263375333614,3.610435332711187e-05,25.33377348673772,31.649144156205505,nan,nan,nan
426.42,185.25863647460938,-172.3423309326172,-61.364749908447266,186.01929953196944,-172.3574183735497,-61.379387038482754,0.7609534567119897,0.35700667353956905,0.05451115229205378,3.537998859797577e-05,24.942914892322946,31.038611171849563,nan,0.3466017183860715,nan
426.43,185.25001525878906,-172.34628295898438,-61.3665771484375,186.01058994477003,-172.36109224172387,-61.38134431758791,0.7608621669494586,0.3570581155868626,0.05452973500958429,3.608897065773103e-05,24.892318533336322,31.27007879941451,nan,nan,nan
426.44,185.24139404296875,-172.3502960205078,-61.36848449707031,186.00189399112656,-172.3648100105474,-61.38216981731156,0.7607615362549643,0.35710964475891793,0.054548381852492986,3.536573517069423e-05,24.108901353107914,30.24531880425736,nan,1.014130143316257,nan
426.45,185.2327880859375,-172.35435485839844,-61.37044143676758,186.002170484812,-172.37889520173118,-61.38423767321501,0.7698972920389456,0.35704081862368875,0.05454327333339628,3.605244582294416e-05,23.26765092024465,30.284397001808884,5.940647957740506,nan,nan
426.46000000000004,185.2241668701172,-172.3584747314453,-61.372406005859375,185.9934697798985,-172.38276333095516,-61.38658828696582,0.7698168874229329,0.357092122702988,0.05456193194644644,3.533115775793013e-05,23.643890156468313,30.0448676985358,nan,0.036923070770475415,nan
426.47,185.21554565429688,-172.36264038085938,-61.37435531616211,185.98477155884552,-172.3866817036179,-61.38870623077411,0.7697352961758132,0.3571435140079754,0.054580654930883835,3.603921129487637e-05,23.62757617387253,30.209186108801493,nan,nan,nan
426.48,185.20692443847656,-172.3668670654297,-61.37627410888672,185.9760814789219,-172.39064563416926,-61.39001867077721,0.7696472478866627,0.35719499237809893,0.05459944226650246,3.5318941984759526e-05,23.22504840248464,29.525939893010857,nan,0.4266507865945852,nan
426.49,185.19830322265625,-172.37112426757812,-61.3781623840332,185.96738379568347,-172.39466612035264,-61.39207873220556,0.7695666386911502,0.3572465582474884,0.05461829425495088,3.6027010455372644e-05,23.212672886046658,30.127640043375614,nan,nan,nan
426.5,185.189697265625,-172.37545776367188,-61.38001251220703,185.9549489555717,-172.3857342416908,-61.393494880269714,0.7654394353672427,0.35717766178923716,0.054613145618339194,3.528639678542291e-05,24.42205272576117,30.16580993938098,13.990793513861606,0.16807785791719956,nan
426.51,185.1810760498047,-172.37982177734375,-61.381832122802734,185.9462522174889,-172.3898061923554,-61.395480755070096,0.7653630127578673,0.3572290023263386,0.05463200858211018,3.5993627234338456e-05,24.40978761263421,30.29836676951244,nan,nan,nan
426.52,185.17245483398438,-172.3842315673828,-61.38361358642578,185.93754677964483,-172.39393379397112,-61.3984431977789,0.7652971552855539,0.35728042986379144,0.0546509361171036,3.527609646785874e-05,25.431739068499127,31.426033242038017,nan,0.7104542531522006,nan
426.53000000000003,185.16383361816406,-172.38870239257812,-61.38536071777344,185.92885082886477,-172.39810301644286,-61.40037004551367,0.765222179707663,0.35733194478013275,0.05466992849688284,3.5983394203353165e-05,25.423107241967855,31.04887379045046,nan,nan,nan
426.54,185.1552276611328,-172.39321899414062,-61.38706970214844,185.92014334630696,-172.40232897714162,-61.40366606234089,0.7651499437282526,0.3573835469980678,0.0546889857430738,3.5266717004468043e-05,26.93649883279924,32.962291922146605,nan,1.3689569347380393,nan
426.55,185.1466064453125,-172.39776611328125,-61.38874816894531,185.90108528118282,-172.413707910369,-61.40549103780288,0.7548329472990668,0.35731458042769604,0.05468379304889205,3.595196606640024e-05,25.530251375475398,32.570645456202925,11.48213232052386,nan,nan
426.56,185.1379852294922,-172.40237426757812,-61.3903923034668,185.89238186196292,-172.4180451557448,-61.405537575201826,0.7547113587823082,0.35736595710114966,0.054702860471565626,3.523695677289683e-05,24.20554411702884,30.799239756037935,nan,2.239115331613313,nan
426.57,185.12937927246094,-172.4070281982422,-61.392005920410156,185.88366437502904,-172.4224394233108,-61.407327387530145,0.7545980845251334,0.3574174210366881,0.05472199292916057,3.5943573456414405e-05,24.1890419530802,31.125642429264712,nan,nan,nan
426.58,185.12075805664062,-172.41172790527344,-61.393585205078125,185.8749439015647,-172.42688173242803,-61.409541183459254,0.7545068060709457,0.35746897220248636,0.05474119046678657,3.522931976933871e-05,24.847775027920605,31.42048271055306,nan,0.14448554478704337,nan
426.59000000000003,185.1121368408203,-172.41647338867188,-61.39513397216797,185.86622741505553,-172.43136629384293,-61.41127334011507,0.7544102809297942,0.3575206109090108,0.054760453323017357,3.5936064441666036e-05,24.8325794635267,31.3693939096704,nan,nan,nan
426.6,185.10353088378906,-172.42124938964844,-61.39664840698242,185.86519420015685,-172.4309774611458,-61.412548078886644,0.7618913586871137,0.3574515739720513,0.054755212364678355,3.520128313024509e-05,25.743986706968705,32.3772802298358,5.571747250595716,0.12221480415173741,nan
426.61,185.09490966796875,-172.42608642578125,-61.398136138916016,185.8564953916922,-172.43552471071706,-61.41421630825805,0.761813932432295,0.3575029868980024,0.05477448456840797,3.590729878041122e-05,25.728381435466368,31.509844346031127,nan,nan,nan
426.62,185.0863037109375,-172.4309539794922,-61.399593353271484,185.8477867495153,-172.44012330119685,-61.41738521789782,0.7617460501696719,0.3575544869788496,0.05479382206047245,3.519526796681929e-05,27.48394901725486,33.973843671855604,nan,1.6335648135657905,nan
426.63,185.0776824951172,-172.43588256835938,-61.40102005004883,185.83908884209754,-172.44475707270166,-61.41901118428904,0.7616705737788046,0.35760607448841586,0.054813225060075126,3.5901452055089035e-05,27.471162308768342,33.10855566870926,nan,nan,nan
426.64,185.06907653808594,-172.4408416748047,-61.40242004394531,185.8303895385962,-172.4494346807047,-61.4208962485472,0.7615856449755457,0.35765774944983303,0.05483269364123252,3.519003102227237e-05,28.11945889879494,34.419047962832494,nan,0.05756291893343438,nan
426.65000000000003,185.06045532226562,-172.44583129882812,-61.40379333496094,185.81957769113745,-172.4647438996058,-61.42254785814065,0.7595894875058835,0.35758864224179154,0.05482740040113036,3.587432521197748e-05,26.869349496504704,33.9447895952236,11.540944878970894,nan,nan
426.66,185.05184936523438,-172.4508819580078,-61.40513610839844,185.81087212519083,-172.46954550356193,-61.42396032119059,0.7594855028582204,0.3576400912042759,0.05484687749299468,3.5164327766461166e-05,27.10486707527155,33.89717437694812,nan,0.012901852355480628,nan
426.67,185.04324340820312,-172.45596313476562,-61.406455993652344,185.80216635291214,-172.47438865182252,-61.42548128703997,0.7593849468307227,0.3576916274860088,0.05486642027914458,3.58700179923231e-05,27.080737671231446,34.185812701067945,nan,nan,nan
426.68,185.0346221923828,-172.46107482910156,-61.407745361328125,185.7934542998882,-172.4792775391438,-61.42824262464924,0.7593270993699617,0.35774325113920774,0.05488602884934268,3.516054577482147e-05,28.900563006069973,35.97578642116392,nan,1.1211385666729003,nan
426.69,185.02601623535156,-172.46624755859375,-61.40901184082031,185.78474968788126,-172.48420103348454,-61.42972543559862,0.7592284453686701,0.35779496239409947,0.054905703399289484,3.5866448869139935e-05,28.87732717619337,35.61733105904092,nan,nan,nan
426.7,185.0174102783203,-172.47145080566406,-61.41025161743164,185.77189029695626,-172.47299287359016,-61.43073234844275,0.7547595225216668,0.35772578475286393,0.05490035370541729,3.5136271309806236e-05,30.561672374562683,36.702818603838814,18.85429541130886,0.12751274078200012,nan
426.71000000000004,185.0087890625,-172.4766845703125,-61.411468505859375,185.7631878399102,-172.4779368151405,-61.43216187582714,0.7546835754378907,0.35777726977493196,0.05492003590386165,3.5841526360392505e-05,30.535063174542405,36.580032640469156,nan,nan,nan
426.72,185.00018310546875,-172.48196411132812,-61.41265869140625,185.75900301457048,-172.48701598661043,-61.43254613712486,0.759097283877527,0.3531052665597278,0.05103899837473796,3.513271979058141e-05,35.625160868223915,41.79460847073397,nan,0.7284775635891886,0.0043102001948578765
426.73,184.9915771484375,-172.48727416992188,-61.41382598876953,185.75030064728725,-172.49204081270048,-61.43391923314101,0.7590044842157081,0.3531592701963804,0.05105100297674429,3.58381930747316e-05,35.583726749817124,41.99019854136576,nan,nan,nan
426.74,184.98297119140625,-172.4926300048828,-61.41497039794922,185.74159882936982,-172.4971033860008,-61.43526991390638,0.7589123629042475,0.35321336085996047,0.05106306605864331,3.6557978638688915e-05,35.54173351045354,41.72964171113601,nan,nan,nan
426.75,184.974365234375,-172.49801635742188,-61.41609191894531,185.71686884766743,-172.4921472941739,-61.4364755325483,0.7428065383121205,0.35314066100728014,0.05105795034012381,3.726838471927075e-05,36.03564216170031,42.4346191904471,7.4383147539553764,nan,nan
426.76,184.96575927734375,-172.50344848632812,-61.41719055175781,185.70800357527057,-172.4971141304595,-61.43548154829301,0.7424966548230331,0.35319451025900406,0.05107004744623161,3.6475542148039494e-05,34.012901496878676,40.17698052720196,nan,3.4300719139652145,nan
426.77,184.9571533203125,-172.5089111328125,-61.418270111083984,185.69927451677884,-172.5022563600531,-61.43674256555608,0.7423808913349932,0.35324845165728935,0.05108220878954049,3.72074044539196e-05,33.96451776757344,40.3142059915102,nan,nan,nan
426.78000000000003,184.94854736328125,-172.51441955566406,-61.4193229675293,185.69052729851927,-172.5074153305366,-61.43765815414123,0.7422394913594591,0.35330247480811344,0.05109442346973038,3.641805151674774e-05,33.97894671834031,40.04851963808065,nan,0.06865252790979227,nan
426.79,184.93994140625,-172.5199432373047,-61.42036056518555,185.68179970027595,-172.51262914476607,-61.438874797764306,0.7421253271333152,0.3533565902271046,0.051106702441970096,3.714854158968847e-05,33.92600918218002,40.598689930748655,nan,nan,nan
426.8,184.93133544921875,-172.5255126953125,-61.42137145996094,185.6957934428402,-172.52996119621426,-61.43964199411191,0.7646892346503676,0.35328379635742685,0.05110167003819351,3.633997985445652e-05,33.36707558075221,39.48150120257582,8.824502736177504,0.13709826748792958,nan
426.81,184.92274475097656,-172.5311279296875,-61.422367095947266,185.68710792372556,-172.53527706590063,-61.44081533644472,0.7645970263895128,0.35333767542647876,0.05111398822887256,3.706826311080184e-05,33.315373988804005,39.49145387868194,nan,nan,nan
426.82,184.9141387939453,-172.53675842285156,-61.42333984375,185.67847963554394,-172.54068412456814,-61.442970258338576,0.764602960003805,0.35339163648204897,0.05112636048420732,3.6286586565437726e-05,34.70440191550455,41.082455846056924,nan,0.6568662076975532,nan
426.83,184.90553283691406,-172.54241943359375,-61.42429733276367,185.6697955541896,-172.54606241213978,-61.44411577828884,0.7645283141212593,0.3534456893896028,0.05113879683326645,3.7013666894764245e-05,34.64722414075629,40.83975563222052,nan,nan,nan
426.84000000000003,184.8969268798828,-172.54803466796875,-61.42523193359375,185.66102304079027,-172.55133987000497,-61.44363837533632,0.7643249731440395,0.3534998247340703,0.05115128775172456,3.623518299709617e-05,33.331207891952786,39.52205340074683,nan,1.694540226877026,nan
426.85,184.88833618164062,-172.55357360839844,-61.4261474609375,185.6613524212963,-172.56204538274864,-61.444981574558604,0.773292054509765,0.35342694733782665,0.051146344835750736,3.693782803877941e-05,33.279496757192284,39.709210479093464,4.477906144741629,nan,nan
426.86,184.87973022460938,-172.55902099609375,-61.42704772949219,185.65254725279928,-172.5671419120838,-61.44351694740452,0.7730351502198578,0.3534808461969689,0.05115887472757908,3.6163412106330065e-05,31.118537443881543,37.21764577102449,nan,4.281450024082832,nan
426.87,184.8711395263672,-172.56436157226562,-61.42792892456055,185.6438820550852,-172.57228085679415,-61.44455587782975,0.7729619565877395,0.35353483649948053,0.051171468537786285,3.6887402599398875e-05,31.052425157968372,37.70454100281547,nan,nan,nan
426.88,184.86253356933594,-172.56961059570312,-61.42879104614258,185.63519541105518,-172.5772972144365,-61.44517186661665,0.7728736876333194,0.35358890945965016,0.05118411760158507,3.6115984893799995e-05,30.929653653547852,36.93879724037827,nan,0.1092869325910056,nan
426.89,184.85394287109375,-172.5747528076172,-61.42963790893555,185.62653096357556,-172.5822331253476,-61.44617364361313,0.7728012333836944,0.3536430739953144,0.05119683067019519,3.683899615408376e-05,30.862725239572327,37.37990571253974,nan,nan,nan
426.90000000000003,184.8453369140625,-172.5797882080078,-61.43046569824219,185.61884477359462,-172.5868632945524,-61.44496662548279,0.7736761224817577,0.3535701042617893,0.05119196373816879,3.604831728277954e-05,29.342506079034386,35.62986744938728,0.6236121711302196,2.859400180307539,nan
426.91,184.8367462158203,-172.584716796875,-61.431278228759766,185.610181767379,-172.59159487208674,-61.44591401512833,0.7736045931715644,0.3536240318674649,0.051204715067655705,3.676951569807209e-05,29.274081939162144,36.14266678058477,nan,nan,nan
426.92,184.82815551757812,-172.58956909179688,-61.43207550048828,185.60151422638924,-172.59622268304145,-61.4467576268596,0.773526681896126,0.3536780423412633,0.05121752230461635,3.600475306497843e-05,29.378346458877118,35.59284747233357,nan,0.005222231702367323,nan
426.93,184.81954956054688,-172.5943145751953,-61.43285369873047,185.59285152601913,-172.6007575889926,-61.44767388330622,0.7734708010655004,0.3537321439958576,0.05123039340619413,3.672511485560617e-05,29.31415416454903,35.50826275702759,nan,nan,nan
426.94,184.8109588623047,-172.5989532470703,-61.43362045288086,185.58413078301083,-172.60514048023975,-61.44743891666889,0.7733201476517905,0.35378632895637474,0.05124332088876555,3.5963055723824746e-05,28.582850384892488,35.558512949902756,nan,0.8630244302552742,nan
426.95,184.80235290527344,-172.603515625,-61.43436813354492,185.60236348626987,-172.61512478364452,-61.44828306800428,0.800215800688592,0.35371327579840484,0.0512385338513294,3.665974096481571e-05,29.326017024288042,34.74874125582469,6.556973119553352,nan,nan
426.96000000000004,184.79376220703125,-172.6079864501953,-61.43510437011719,185.59363279483009,-172.61926808393068,-61.44695829657925,0.8000379666353101,0.353767223684674,0.05125149926398062,3.590122885700493e-05,27.90195030673225,33.706324768562254,nan,3.204067655681793,nan
426.97,184.78517150878906,-172.61236572265625,-61.43582534790039,185.58501214099593,-172.62342781096814,-61.447784183946986,0.8000065127775452,0.35382126236719336,0.051264528422971994,3.661920701768278e-05,27.83693785005374,33.738707419656315,nan,nan,nan
426.98,184.7765655517578,-172.6166534423828,-61.43653106689453,185.57639462509178,-172.62750260987212,-61.44866306799464,0.7999946477547064,0.35387538454918727,0.05127761457489201,3.58632101488902e-05,27.979542210896966,33.73350727957999,nan,0.0029800123718807634,nan
426.99,184.76797485351562,-172.620849609375,-61.43722152709961,185.5677736981945,-172.63148791752894,-61.449462682064386,0.7999632562967445,0.35392959767327015,0.05129076459018722,3.658053701167244e-05,27.914029550283065,34.1700520753112,nan,nan,nan
427.0,184.75936889648438,-172.62496948242188,-61.43790054321289,185.57039215700567,-172.64225045126787,-61.451079207061866,0.8113143892300284,0.3538564537903169,0.05128604580274446,3.580512934374105e-05,28.29292390535879,34.109249182228254,3.2834833279149485,0.5909917720232286,nan
427.01,184.7507781982422,-172.62901306152344,-61.43856430053711,185.56179098865482,-172.64608757423827,-61.45186033546123,0.8113014666214018,0.3539104294115583,0.051299233018123114,3.6520969188945654e-05,28.227194898257856,34.15416461389627,nan,nan,nan
427.02,184.74217224121094,-172.6329803466797,-61.43921661376953,185.5531384472205,-172.6497949841152,-61.4515622789531,0.8112344511733118,0.3539644887136492,0.05131247780958544,3.577064328970207e-05,27.593471818696305,33.15427093952019,nan,0.7688523534082897,nan
427.03000000000003,184.73358154296875,-172.63685607910156,-61.43985366821289,185.54453614776662,-172.65347082882116,-61.452308594263435,0.8112204053979661,0.3540186385901963,0.051325786379263896,3.648594954743282e-05,27.527522873459645,33.78340500690141,nan,nan,nan
427.04,184.7249755859375,-172.64065551757812,-61.44047927856445,185.53598807395457,-172.65712007773732,-61.45421198675546,0.8112958305914887,0.35407287257046377,0.05133915296888129,3.573785773925578e-05,28.497398958079522,34.4670271988503,nan,0.9245220811901105,nan
427.05,184.7163848876953,-172.64437866210938,-61.44109344482422,185.5401969432368,-172.67060519512816,-61.454865200677375,0.8243444638917306,0.35399964542618806,0.05133450441256232,3.643007947875327e-05,27.68609584842631,34.2590841495838,7.034430420977309,nan,nan
427.06,184.70777893066406,-172.64804077148438,-61.44169235229492,185.53167107868825,-172.674133665343,-61.45674962366805,0.8244427403446694,0.35405364174830867,0.05134790778944103,3.568504439855795e-05,28.779260063269447,34.62572140624828,nan,0.9176846578653385,nan
427.07,184.6991729736328,-172.651611328125,-61.44227981567383,185.5230911258136,-172.67753872567877,-61.45747171359183,0.8244659757681199,0.3541077282888999,0.05136137487956493,3.639854620143649e-05,28.70984330533296,35.23902446714069,nan,nan,nan
427.08,184.69058227539062,-172.65512084960938,-61.4428596496582,185.5144582518788,-172.68082333979655,-61.457025454708706,0.8243985156881991,0.3541618990955969,0.05137490053345597,3.565556920532306e-05,27.94110411575988,34.487739997500604,nan,0.9108680111025633,nan
427.09000000000003,184.68197631835938,-172.65855407714844,-61.443424224853516,185.50587683808473,-172.68408567874272,-61.45771442883751,0.8244198802876997,0.35421616028213715,0.05138849004636822,3.6368687484078e-05,27.872211393388834,34.34359927571877,nan,nan,nan
427.1,184.67337036132812,-172.6620635986328,-61.44408416748047,185.52572936499857,-172.6856573553518,-61.456141964175536,0.852770735283127,0.3541428439471503,0.05138390163782077,3.560609019668502e-05,28.28662166986395,33.132381600416565,20.69145999571961,3.192506469035263,nan
427.11,184.66476440429688,-172.66561889648438,-61.44483184814453,185.51718760937382,-172.6889341852481,-61.4569411487515,0.8528279770299386,0.35419686706515796,0.05139752718972939,3.631798524035726e-05,28.197834604547932,33.427368730410585,nan,nan,nan
427.12,184.6561737060547,-172.6692352294922,-61.44567108154297,185.50872046241568,-172.69233874887118,-61.45957330989507,0.8529730454958708,0.35425097459853355,0.051411211822513986,3.557976173554798e-05,29.54873000747944,34.98882637321772,nan,2.069901984703165,nan
427.13,184.64756774902344,-172.6728973388672,-61.44660186767578,185.50017735337298,-172.69573222731563,-61.460572481768246,0.8530297460333081,0.354305172174215,0.051424960279598884,3.629136846758468e-05,29.45006991161042,35.07177372991925,nan,nan,nan
427.14,184.6389617919922,-172.6766357421875,-61.4476203918457,185.49159814761438,-172.69915040302203,-61.46082017512416,0.85303569629869,0.35435945457206763,0.05143876823400953,3.5554942953190484e-05,28.930619349064674,33.96881246873392,nan,0.483853520392302,nan
427.15000000000003,184.63035583496094,-172.680419921875,-61.44872283935547,185.44284179244255,-172.69707882580192,-61.461872026181155,0.8127630966641118,0.3542860552104442,0.05143424033848953,3.624391722450037e-05,27.25518178539994,33.6123212637115,18.252424218863958,nan,nan
427.16,184.6217498779297,-172.68426513671875,-61.44991683959961,185.43414858328836,-172.700581992325,-61.461028277748184,0.8126385176098012,0.35434009937237115,0.05144808384137868,3.55100998545778e-05,25.916796145158255,32.18706484603282,nan,3.020177685635014,nan
427.17,184.61314392089844,-172.6881561279297,-61.45119094848633,185.42554224525293,-172.70421896411938,-61.46234942693004,0.8126337205418063,0.35439423325134317,0.05146199115186751,3.622036682399791e-05,25.831459625428508,32.35933275350107,nan,nan,nan
427.18,184.6045379638672,-172.69210815429688,-61.452552795410156,185.41687785469406,-172.70785854288542,-61.46232813474819,0.8125513708243227,0.35444845208195025,0.051475958440734514,3.548818755435814e-05,25.041369302263977,31.402948249502664,nan,1.4002028375121862,nan
427.19,184.59593200683594,-172.69610595703125,-61.45399856567383,185.40827129646996,-172.71160390984392,-61.46380581633765,0.8125463003362201,0.35450276080724324,0.05148998970926343,3.6198284800198034e-05,24.959563331125686,31.603823114430188,nan,nan,nan
427.2,184.5873260498047,-172.70016479492188,-61.45552444458008,185.40044498237881,-172.71774856240074,-61.4641248926355,0.8133545076385779,0.35442927370624777,0.05148551352879321,3.544624463688082e-05,24.09592144940115,30.57533609682571,0.6096785654694674,1.094413273453936,nan
427.21000000000004,184.57872009277344,-172.70428466796875,-61.45713424682617,185.39184070759356,-172.72161015736768,-61.46575730375259,0.8133508861119665,0.3544833438044417,0.051499579577964215,3.6155327464008216e-05,24.02160992373774,30.259785731268448,nan,nan,nan
427.22,184.5701141357422,-172.70843505859375,-61.45882034301758,185.38320589186634,-172.72549705814808,-61.466687796114456,0.8133088051435817,0.3545374989704107,0.05151370606223854,3.542706917862366e-05,23.66495496140868,30.606354923159838,nan,0.4232114860321162,nan
427.23,184.56150817871094,-172.712646484375,-61.46059036254883,185.37460148981134,-172.72946237134622,-61.46847544864253,0.8133054046258084,0.3545917437246409,0.05152789653632637,3.613605770627239e-05,23.59254419317846,30.246210413758806,nan,nan,nan
427.24,184.5529022216797,-172.7169189453125,-61.46243667602539,185.3659947166703,-172.7334764236919,-61.47028044993337,0.8132988874266589,0.354646073937176,0.05154214783727085,3.540920300635638e-05,23.565190506991115,29.85716268346497,nan,0.002722638229560062,nan
427.25,184.54429626464844,-172.72122192382812,-61.46436309814453,185.3208138405017,-172.72314248882574,-61.47221126418176,0.776559610003691,0.35457250412067154,0.05153772240933573,3.609589576491868e-05,23.51395161349666,30.85149074673119,12.296768326477345,nan,nan
427.26,184.5356903076172,-172.7255859375,-61.46633529663086,185.3121724021719,-172.72725333758237,-61.47486309072434,0.776530711987121,0.3546265955264704,0.051552007927420915,3.5371248651819916e-05,23.818289556742876,30.741830021322546,nan,0.28367461152484547,nan
427.27,184.52706909179688,-172.72999572753906,-61.46831512451172,185.3035074362201,-172.73139253530945,-61.47690910884832,0.776487160440779,0.3546807762263404,0.05156635746106628,3.6079261630325726e-05,23.7645590553013,30.487065895733036,nan,nan,nan
427.28000000000003,184.51846313476562,-172.73446655273438,-61.470279693603516,185.2948626505807,-172.73559737856658,-61.479502754340515,0.7764551189697455,0.35473504248102805,0.05158076824588947,3.5355876473738906e-05,24.07965262712322,30.748079557505378,nan,0.2111719680302709,nan
427.29,184.50985717773438,-172.7389678955078,-61.47221374511719,185.28619797119717,-172.73983281319698,-61.48152797360007,0.7763971474247444,0.35478939822359173,0.05159524324180256,3.606388636544918e-05,24.0330710885783,31.247600843121845,nan,nan,nan
427.3,184.5012664794922,-172.7435302734375,-61.474117279052734,185.25043763383175,-172.73349237321574,-61.48224373692874,0.7492824682674398,0.35471574203565276,0.05159086080504938,3.5320390173618614e-05,23.480395523716695,31.03284894184409,6.721768415640977,1.0717749703537542,nan
427.31,184.49266052246094,-172.7481231689453,-61.475982666015625,185.241727968769,-172.7378029969004,-61.48419351130234,0.7491835309520882,0.35476985859963683,0.051605369229084846,3.602754695541621e-05,23.435633968518655,31.132329556391113,nan,nan,nan
427.32,184.4840545654297,-172.75277709960938,-61.477813720703125,185.23295591429203,-172.74210702086162,-61.484294896538394,0.7490053982105427,0.35482406080199436,0.051619939306854774,3.530734512485556e-05,22.70982217972035,29.953311232772535,nan,2.2821147253072103,nan
427.33,184.47544860839844,-172.75746154785156,-61.479610443115234,185.22424689368046,-172.74650973788374,-61.486157237140475,0.7489069866778352,0.35487835221638697,0.051634573644631775,3.601455726515717e-05,22.66393371865972,30.39957741069078,nan,nan,nan
427.34000000000003,184.4668426513672,-172.76219177246094,-61.48136901855469,185.2155328847576,-172.75095290829265,-61.48782405606095,0.7488024072819223,0.35493272964391,0.05164927000615625,3.529541071013292e-05,22.608298835424,30.297714960719702,nan,0.01799777924172071,nan
427.35,184.45823669433594,-172.76698303222656,-61.48309326171875,185.246889987074,-172.77176103595528,-61.48975815677148,0.7886959276503869,0.3548589911284767,0.05164492852899764,3.598057053564368e-05,22.6126776397051,29.199194533843727,16.174293612847055,nan,nan
427.36,184.4496307373047,-172.7718048095703,-61.48478317260742,185.238280304167,-172.7763542401005,-61.49247120570915,0.7887001600629003,0.35491312918605405,0.051659657687056285,3.526328172706753e-05,23.008676668383266,30.038565251795035,nan,0.6300055726150481,nan
427.37,184.44102478027344,-172.77667236328125,-61.48644256591797,185.22963968970527,-172.78096493702083,-61.49420877097479,0.7886648309063016,0.3549673561915159,0.05167445116709938,3.5969796474756605e-05,22.964128357522704,29.957012638414593,nan,nan,nan
427.38,184.4324188232422,-172.78158569335938,-61.48806381225586,185.2209798794363,-172.78560258758566,-61.4953058062042,0.7886045404773844,0.3550216692749372,0.051689307044858496,3.525344040214225e-05,22.73026903835442,29.587554857397187,nan,0.25732603916852365,nan
427.39,184.423828125,-172.78652954101562,-61.48965835571289,185.21234010840547,-172.7902986058835,-61.496973301275034,0.7885549202513319,0.3550760715154827,0.051704227460603394,3.596007848712832e-05,22.68343006777123,30.310306096283973,nan,nan,nan
427.40000000000003,184.41522216796875,-172.79153442382812,-61.491214752197266,185.21300034389628,-172.7983713608027,-61.4989571768094,0.7978450393606082,0.35500224791602636,0.051699919999497,3.5223367321418465e-05,22.95431188031554,29.41049165184674,1.100535313469597,0.13518523088939435,nan
427.41,184.4066162109375,-172.79656982421875,-61.49274444580078,185.2043769702525,-172.8031560120617,-61.50056552538177,0.7978262820056475,0.35505641043355896,0.05171487239984313,3.592927350427763e-05,22.9100478380596,29.765737995232545,nan,nan,nan
427.42,184.39801025390625,-172.80165100097656,-61.49424362182617,185.19572138974743,-172.80795530285852,-61.50106489882071,0.7977652100004649,0.35511065908170236,0.05172988755271146,3.5215461360230355e-05,22.484655480062198,29.185157187591635,nan,0.8121316701076617,nan
427.43,184.38941955566406,-172.8067626953125,-61.49571228027344,185.1870990615654,-172.8128217240379,-61.5026036664158,0.7977322841449038,0.35516499664004364,0.05174496732494875,3.592153510478167e-05,22.439150583668017,29.79478641140852,nan,nan,nan
427.44,184.3808135986328,-172.81192016601562,-61.49715042114258,185.17847822317285,-172.81772915761013,-61.50415044112014,0.797716489678898,0.35521942068899093,0.05176011020101812,3.520847737039892e-05,22.464150674887446,29.3069433920244,nan,0.0009370958589771165,nan
427.45,184.37220764160156,-172.81712341308594,-61.49856185913086,185.17135622159395,-172.83060247239302,-61.50572232425873,0.7992943201377738,0.3551455152240422,0.05175583388266653,3.589266849812454e-05,21.53217763971451,28.648975335158482,6.48230545212949,nan,nan
427.46000000000004,184.36361694335938,-172.82235717773438,-61.499942779541016,185.1627636062767,-172.83563892523932,-61.5079716261038,0.7992973514567845,0.3551996993478803,0.05177100804858118,3.518116933957644e-05,21.88940988486813,29.614679384279842,nan,0.4390817993250652,nan
427.47,184.35501098632812,-172.82762145996094,-61.50129699707031,185.15414866537608,-172.84069597813894,-61.50940904853328,0.7992857927416724,0.35525397214578064,0.05178624692578392,3.5886751882396474e-05,21.84403927717648,29.56051288752523,nan,nan,nan
427.48,184.34642028808594,-172.8329315185547,-61.50262451171875,185.1454955353582,-172.845760965144,-61.50943572543383,0.799207256057714,0.3553083314696239,0.05180154923683809,3.517590351462752e-05,21.282739019301466,29.034318946208895,nan,1.3395758778949265,nan
427.49,184.3378143310547,-172.83828735351562,-61.50392532348633,185.13688152541962,-172.85089401907237,-61.51080729252129,0.7991962653969991,0.3553627796910349,0.05181691649263302,3.5881702352510946e-05,21.239266518107186,28.386002452137,nan,nan,nan
427.5,184.3292236328125,-172.8436737060547,-61.50520324707031,185.15762058174298,-172.8605604263256,-61.51243996065664,0.82860064949429,0.3552887903542177,0.051812665003489015,3.515027163455414e-05,22.362090539168687,29.287757153438136,8.242407174893932,0.044537108509867834,nan
427.51,184.32061767578125,-172.84909057617188,-61.50645065307617,185.14905336714824,-172.86575812099133,-61.51376473868893,0.8286356241614065,0.35534299831519084,0.051828062712576624,3.585542672423897e-05,22.319179392020533,29.163101995612255,nan,nan,nan
427.52,184.31202697753906,-172.85455322265625,-61.50767517089844,185.14045291026645,-172.87096632619742,-61.5137836331309,0.8286110241204466,0.3553972928263237,0.05184352416890836,3.514657968512387e-05,21.844349381809874,28.638292150748736,nan,1.150018162553343,nan
427.53000000000003,184.3034210205078,-172.86004638671875,-61.50887680053711,185.13188677621633,-172.87623646119377,-61.51504772122907,0.8286469134410531,0.3554516760145551,0.05185905067762075,3.5851983671955874e-05,21.800539725375764,28.530756653726513,nan,nan,nan
427.54,184.29483032226562,-172.86558532714844,-61.51005172729492,185.12337433222928,-172.8815823805356,-61.51836930252356,0.8287401668927369,0.3555061460995321,0.05187464126916777,3.514363667189847e-05,22.66324957255186,29.280808972281577,nan,3.030990645598916,nan
427.55,184.28623962402344,-172.8711395263672,-61.511207580566406,185.11656295504073,-172.88455423814563,-61.519602162715174,0.8304741161127244,0.35543207542791116,0.051870411089907385,3.582727078170045e-05,23.06892316749844,30.130393805340386,0.859259393872796,nan,nan
427.56,184.27764892578125,-172.87673950195312,-61.51233673095703,185.1079847039238,-172.88990596585788,-61.52019844884513,0.8304773728666455,0.35548630504094375,0.0518860313816346,3.512023178121156e-05,22.817740214266802,29.458675303299067,nan,0.2698660439318989,nan
427.57,184.26904296875,-172.88238525390625,-61.51344299316406,185.09942237103795,-172.89530353139492,-61.521387092760875,0.8305178760001283,0.3555406231202674,0.05190171684150041,3.582529202410747e-05,22.77771185824964,28.761287125787177,nan,nan,nan
427.58,184.2604522705078,-172.88804626464844,-61.514530181884766,185.09083150468746,-172.90071361016547,-61.52134784284336,0.8305038318395457,0.3555950281049766,0.051917466676451814,3.5118667461132695e-05,22.294751014871704,29.210623934273528,nan,1.0208227426991257,nan
427.59000000000003,184.25186157226562,-172.8937530517578,-61.51559066772461,185.08227039391207,-172.90617863928725,-61.522482156242084,0.8305303720561176,0.3556495217922984,0.05193328192752355,3.5824009788943955e-05,22.253742497380806,28.718160659771126,nan,nan,nan
427.6,184.24327087402344,-172.89947509765625,-61.51663589477539,185.07260173466187,-172.91568144714847,-61.522363709815345,0.8295089692319695,0.3555753683925503,0.05192906721741747,3.509659913921568e-05,21.29130311519581,28.724769921468763,1.9067108555980063,1.010679312114432,nan
427.61,184.23468017578125,-172.90524291992188,-61.51765823364258,185.06404177497845,-172.92123036037182,-61.52344503675651,0.8295358627361179,0.3556296212889785,0.051944911305938694,3.5801359296021664e-05,21.247768603197077,28.175507055447806,nan,nan,nan
427.62,184.22608947753906,-172.91104125976562,-61.51865768432617,185.0554843247942,-172.9268126984405,-61.52458304803368,0.8295659472678026,0.355683961089533,0.051960820047556935,3.509628522448298e-05,21.268587158226897,28.240134475055473,nan,0.00410091917799789,nan
427.63,184.21749877929688,-172.9168701171875,-61.51963806152344,185.04692584143598,-172.93242567731303,-61.525626252440524,0.8295945306533686,0.355738389395743,0.05197679433329593,3.580135081274718e-05,21.22550030681271,28.250802038399435,nan,nan,nan
427.64,184.2089080810547,-172.9227294921875,-61.520599365234375,185.03833382672045,-172.9380461934135,-61.525093782655944,0.8295793323712966,0.3557929049408069,0.051992833594828154,3.5096566281381424e-05,20.755121487632238,27.82051423893057,nan,1.7021261171841227,nan
427.65000000000003,184.20033264160156,-172.9286346435547,-61.52154541015625,185.02715263463375,-172.93953041094298,-61.52613139894017,0.8269044986682889,0.3557186707987439,0.05198863035345947,3.577993195421648e-05,21.17419268787624,27.75853597387961,1.3065066879697722,nan,nan
427.66,184.19174194335938,-172.93450927734375,-61.52246856689453,185.01853730687665,-172.94516265356626,-61.52459017010156,0.8268667176508999,0.35577294533350096,0.052004697645575214,3.507624992699835e-05,20.667962148027396,27.54220714684338,nan,4.44609318057839,nan
427.67,184.1831512451172,-172.94032287597656,-61.523372650146484,185.00997613726403,-172.9507924781102,-61.52552125786963,0.8268939662118883,0.355827308185367,0.05202083061569133,3.578107251655522e-05,20.619313495460435,27.3432545375485,nan,nan,nan
427.68,184.174560546875,-172.946044921875,-61.524261474609375,185.00141708611054,-172.95634585440908,-61.52649896767367,0.8269237280806805,0.3558817582611569,0.052037028821852196,3.507761102797045e-05,20.5820020995373,27.37936305618873,nan,0.0028621695577144266,nan
427.69,184.16598510742188,-172.95166015625,-61.52513122558594,184.9928574947612,-172.96180322922993,-61.527396700596306,0.8269376997396787,0.35593629690159556,0.05205329296579376,3.5782760014389e-05,20.529585414868983,27.831278289976975,nan,nan,nan
427.7,184.1573944091797,-172.95718383789062,-61.52598190307617,184.9377760625598,-172.95474141070036,-61.52748266629014,0.7803869185686618,0.355841393670425,0.0508459745423084,3.5057177392168236e-05,26.912208209642184,34.160413617128675,17.190807516474585,0.5676336378392376,0.0002103095610096293
427.71000000000004,184.14881896972656,-172.9626007080078,-61.526817321777344,184.92914218510538,-172.95998035817703,-61.528341022063145,0.7803291025938532,0.35589549143305077,0.050858036877901136,3.576175848679207e-05,26.840592976815937,34.45595403150774,nan,nan,nan
427.72,184.14022827148438,-172.9678955078125,-61.52763748168945,184.92052239105155,-172.9651556444909,-61.53011304787642,0.7803028567870796,0.3559496756443402,0.05087015451999685,3.505954667018474e-05,26.876579328310285,34.75111131322743,nan,0.6079025016216207,nan
427.73,184.13165283203125,-172.9730987548828,-61.528438568115234,184.91188891103877,-172.97018299708608,-61.53094953362163,0.780245567482659,0.35600394707108896,0.05088233357351721,3.576447170742234e-05,26.805646834797766,34.573371562364706,nan,nan,nan
427.74,184.12306213378906,-172.9781951904297,-61.52922439575195,184.9032711264715,-172.97515587295885,-61.53287590235823,0.7802234572311588,0.356058305261336,0.05089456836878395,3.506237721301047e-05,26.937825501342076,34.52729374209165,nan,0.859081929183902,nan
427.75,184.11448669433594,-172.9832000732422,-61.52999496459961,184.89999324895535,-172.98268462387682,-61.53358738563492,0.7855149384493015,0.35598453797877333,0.05088942666010974,3.574564300307478e-05,26.79116118064291,34.348786013967484,0.9466324613509266,nan,nan
427.76,184.10589599609375,-172.9880828857422,-61.5307502746582,184.89136241989004,-172.98739037043453,-61.53387889877188,0.7854729599277335,0.35603865768382065,0.05090170046227265,3.50444842632178e-05,26.635880979067792,34.70901707059262,nan,0.1828958304058316,nan
427.77,184.09730529785156,-172.99288940429688,-61.531490325927734,184.8827385628317,-172.99201976371975,-61.53466079136328,0.785440145309084,0.3560928644668515,0.05091403564940988,3.574923355345382e-05,26.56810208574725,33.8993989654117,nan,nan,nan
427.78000000000003,184.08872985839844,-172.99758911132812,-61.53221893310547,184.8741211477979,-172.9965739886221,-61.535931553129124,0.7854007203244014,0.35614715796620444,0.050926427130020685,3.50481379890585e-05,26.607843532777746,34.706094087221445,nan,0.1778954756877311,nan
427.79,184.08013916015625,-173.002197265625,-61.532928466796875,184.86549715553835,-173.00101246740036,-61.53669124947152,0.7853679030816575,0.3562015388096687,0.05093888014843382,3.575324272747486e-05,26.539843840125634,34.27060629618295,nan,nan,nan
427.8,184.07156372070312,-173.0067138671875,-61.533626556396484,184.88140753681262,-173.00764737416714,-61.5354865931102,0.8098464901835667,0.35612769131855715,0.05093382176259139,3.5031034363669574e-05,27.46053874686396,34.56462414284839,9.098937720665027,2.517839271689831,nan
427.81,184.06297302246094,-173.01113891601562,-61.53430938720703,184.8728196587271,-173.01188346391476,-61.53619981141542,0.8098491849269813,0.3561818333879795,0.05094631319451775,3.573562389250102e-05,27.39324365109082,34.28691188148443,nan,nan,nan
427.82,184.0543975830078,-173.01548767089844,-61.534976959228516,184.86425666609648,-173.01611520300023,-61.53901270934616,0.8098693817750914,0.3562360621208018,0.05095886144787173,3.503541715637895e-05,27.690828325955888,34.51054865994722,nan,3.1447726548915282,nan
427.83,184.04580688476562,-173.01974487304688,-61.5356330871582,184.85566799815885,-173.02017480803013,-61.53972156584306,0.8098715475237791,0.3562903780680127,0.05097147123817151,3.5740372857075374e-05,27.62663790614992,34.34981959590305,nan,nan,nan
427.84000000000003,184.0372314453125,-173.02391052246094,-61.536277770996094,184.84709566717274,-173.02420612811733,-61.54188421086895,0.8098836814012494,0.3563447809862875,0.050984138261379534,3.504014869081877e-05,27.986951463227808,35.290424243210836,nan,1.513973987506007,nan
427.85,184.0286407470703,-173.02798461914062,-61.53690719604492,184.8670367711317,-173.0423492464352,-61.54269855219916,0.8385390721280377,0.3562708541022882,0.05097916385983569,3.572346203269846e-05,27.494984854650156,34.945739566076064,12.193306390923464,nan,nan
427.86,184.02005004882812,-173.03199768066406,-61.53752517700195,184.85848073785579,-173.04613870233783,-61.54196317303761,0.8385616760895932,0.3563250179949348,0.050991868947462,3.502404445254437e-05,27.05218367795094,33.770343957002595,nan,1.4324327896575617,nan
427.87,184.01145935058594,-173.03591918945312,-61.53813171386719,184.84993981934596,-173.0499015433117,-61.5426273880865,0.8386090947504351,0.35637926897652095,0.05100463558662766,3.5728861553725485e-05,26.987476072021902,34.175550045026974,nan,nan,nan
427.88,184.0028839111328,-173.03976440429688,-61.53872299194336,184.84139287978235,-173.05356583668373,-61.54275135119776,0.8386322183889181,0.35643360686855746,0.05101745995417787,3.502938537019451e-05,26.816545650679615,34.260877864393294,nan,0.1973524594572888,nan
427.89,183.99429321289062,-173.0435333251953,-61.539306640625,184.83285097985856,-173.0571719947837,-61.54338827845398,0.838678604483125,0.3564880321222237,0.051030346049279945,3.573457328658016e-05,26.752252703569837,33.91069004021732,nan,nan,nan
427.90000000000003,183.98570251464844,-173.04736328125,-61.53997802734375,184.78421024352028,-173.04455120141964,-61.54230565881859,0.7985160729311083,0.35641402585587856,0.05102544716858984,3.501386306136888e-05,26.506356832055296,33.734654641955494,15.281211790628614,2.255621451154114,nan
427.91,183.97711181640625,-173.05123901367188,-61.54074478149414,184.7756002386022,-173.0481715376047,-61.543059412172376,0.7984976689418645,0.3564682118040042,0.05103837070760401,3.571854894237644e-05,26.44476954438055,34.045353594508455,nan,nan,nan
427.92,183.96852111816406,-173.05517578125,-61.54159927368164,184.7669774019372,-173.0518020053755,-61.54261403638002,0.7984640563004636,0.3565224845973305,0.05105135244805198,3.501973569464046e-05,26.268338633413677,33.70491239174108,nan,1.1755038553583856,nan
427.93,183.95993041992188,-173.0591583251953,-61.542545318603516,184.75836621053577,-173.05553163519795,-61.54353741419141,0.7984446435835276,0.35657684463286,0.05106439595440468,3.572479924981671e-05,26.2092344956928,33.979029493154094,nan,nan,nan
427.94,183.9513397216797,-173.06320190429688,-61.5435791015625,184.7497792723028,-173.05940820739693,-61.54731625872586,0.7984573091149281,0.3566312918156011,0.05107749805138415,3.502586471151872e-05,26.52439732206646,34.06081489396819,nan,5.394237220162605,nan
427.95,183.9427490234375,-173.06729125976562,-61.54469680786133,184.75398248284102,-173.07114079207284,-61.54834839094067,0.8112508111637113,0.3565572068167049,0.05107267403295186,3.570928858058302e-05,26.0246480876823,33.98368745820867,4.232207410226812,nan,nan
427.96000000000004,183.9341583251953,-173.07144165039062,-61.545902252197266,184.74539806363168,-173.07507153367752,-61.550158319984654,0.8112590236071324,0.35661141444077843,0.051085813149895305,3.50110620227281e-05,26.112276074240413,33.75239211887158,nan,0.2499194399885343,nan
427.97,183.92556762695312,-173.0756378173828,-61.54719543457031,184.7368081930489,-173.07903439706487,-61.55146565599912,0.8112589152816504,0.3566657091908516,0.05109901408502049,3.5716004692414204e-05,26.0481431450134,33.91841301024759,nan,nan,nan
427.98,183.91697692871094,-173.07989501953125,-61.54856872558594,184.72820723923138,-173.08300539291406,-61.551503902465875,0.8112415832493991,0.35672009101679186,0.05111227405367784,3.501762668010743e-05,25.727988619822916,33.291541985954154,nan,1.2949488704794025,nan
427.99,183.90838623046875,-173.0841827392578,-61.55002975463867,184.7196171097577,-173.08706959430594,-61.55296829886854,0.8112413380037985,0.3567745602465428,0.0511255960379794,3.5722946832668016e-05,25.66490560736505,33.96448600988284,nan,nan,nan
428.0,183.89979553222656,-173.08853149414062,-61.551570892333984,184.70570694841837,-173.09767882307978,-61.55154502691273,0.8059633273567857,0.3567003966644438,0.05112083938805768,3.5003238969409206e-05,24.045331008184874,32.798136814030904,9.896750477581053,6.137371225127219,nan
428.01,183.89120483398438,-173.0929412841797,-61.553192138671875,184.69711240668684,-173.10187935371093,-61.553146138480166,0.8059571371618616,0.35675462606327174,0.0511341977442001,3.5708062154976205e-05,23.988692630995057,32.30744941005658,nan,nan,nan
428.02,183.88259887695312,-173.09738159179688,-61.554893493652344,184.6885135299843,-173.1061102601575,-61.55421684099733,0.8059622047469308,0.3568089424629486,0.05114761555616049,3.501017666049461e-05,23.943242566371094,32.69981536395021,nan,0.2644308969232312,nan
428.03000000000003,183.87400817871094,-173.10186767578125,-61.55667495727539,184.67991910883345,-173.1104073952848,-61.55597451795815,0.8059564781769312,0.3568633461547507,0.051161095457250255,3.5715381540270196e-05,23.884241622641007,33.08130354196965,nan,nan,nan
428.04,183.86541748046875,-173.10641479492188,-61.558536529541016,184.6713079806455,-173.11468150917148,-61.555351493745,0.8059391920564803,0.35691783714507563,0.051174635183125664,3.501729692976704e-05,24.102695095153926,32.75874500274593,nan,4.27135568086549,nan
428.05,183.85682678222656,-173.1110076904297,-61.56047439575195,184.62901624293536,-173.10284601942658,-61.55738263570861,0.772238781131509,0.3568435955145255,0.05116994415977623,3.570085620733978e-05,24.53471691229134,33.28492369489651,15.282029512896806,nan,nan
428.06,183.84823608398438,-173.11563110351562,-61.56245803833008,184.62036748945198,-173.10725855874577,-61.559819616141446,0.7721813051913046,0.3568978464203411,0.051183519762566396,3.500340645757255e-05,24.406839477000474,33.84937788370991,nan,0.1610078852137053,nan
428.07,183.8396453857422,-173.1203155517578,-61.564449310302734,184.61171593832765,-173.11170370411807,-61.56181137409213,0.7721230865586398,0.35695218450891947,0.05119715753999574,3.570849487092318e-05,24.34635263645809,33.169853663688684,nan,nan,nan
428.08,183.8310546875,-173.12503051757812,-61.56642532348633,184.60306496944253,-173.11619590347058,-61.56385845192631,0.772065097424444,0.35700660981627286,0.05121085553723403,3.501082494643574e-05,24.28098353316478,33.676690726957325,nan,0.0026233830473204804,nan
428.09000000000003,183.8224639892578,-173.1298065185547,-61.5683708190918,184.59441389272124,-173.12073128659588,-61.565823360318454,0.7720074499889851,0.3570611225880844,0.05122461592580178,3.571629164771875e-05,24.218414821734083,33.038475447141366,nan,nan,nan
428.1,183.81387329101562,-173.13461303710938,-61.570281982421875,184.61982170668176,-173.1307896642776,-61.56803331510461,0.8059606214941712,0.3569868031525097,0.05121998380469085,3.499721867753161e-05,25.40612216683965,33.70015829693197,11.746270427729735,0.05679961112999599,nan
428.11,183.80528259277344,-173.1394805908203,-61.57215881347656,184.61122382068652,-173.13540034210345,-61.5699381221851,0.8059546158124837,0.3570410755741152,0.05123377939347858,3.570218812724071e-05,25.346187262219647,33.00797033453587,nan,nan,nan
428.12,183.79669189453125,-173.14437866210938,-61.573997497558594,184.60262054655445,-173.14002687653303,-61.57070594299709,0.8059471226582191,0.3570954351318859,0.051247635578556036,3.500488610013481e-05,25.462046633124526,33.660582619241055,nan,0.8579094289516236,nan
428.13,183.78810119628906,-173.14930725097656,-61.5758056640625,184.59402328076627,-173.14472336466358,-61.57253021444781,0.8059417763287795,0.3571498820479998,0.05126155425870172,3.571023635732645e-05,25.39564566794972,33.977785669059344,nan,nan,nan
428.14,183.77951049804688,-173.154296875,-61.577571868896484,184.58543672016057,-173.1495135473967,-61.57647859894754,0.8059411584927269,0.357204416394725,0.05127553388629356,3.501267877062079e-05,25.07509436213546,33.070557653965274,nan,3.289166962313889,nan
428.15000000000003,183.7709197998047,-173.15931701660156,-61.579307556152344,184.60195433659672,-173.16467456692146,-61.57836948376158,0.8310523356963674,0.35713001961263624,0.05127095805624828,3.56963730453778e-05,24.988669706215905,33.207049039298504,6.704138047158387,nan,nan
428.16,183.7623291015625,-173.1643829345703,-61.58100509643555,184.59339560828786,-173.1694947867804,-61.57918626746497,0.8310842182189127,0.35718431335601464,0.05128497232235625,3.499939791497943e-05,25.003322239550904,33.13852856340812,nan,0.6080948040403209,nan
428.17,183.7537384033203,-173.16949462890625,-61.582672119140625,184.5848414111446,-173.17437725143026,-61.58088840648057,0.8311192641541493,0.35723869435319466,0.051299049197202705,3.5704627644120734e-05,24.943539209422703,32.84296625439635,nan,nan,nan
428.18,183.74514770507812,-173.1746368408203,-61.58430480957031,184.57628747837404,-173.17929941273968,-61.58253432253718,0.8311547370710374,0.3572931626947816,0.051313187371876665,3.500738322995948e-05,24.88817771959259,33.20125737906211,nan,0.0003931828802114394,nan
428.19,183.73655700683594,-173.17982482910156,-61.58590316772461,184.56773406429963,-173.18426174547426,-61.58417184845872,0.8311907028758795,0.35734771857471953,0.05132738838871904,3.5712988397649994e-05,24.827798629004786,32.971246035907214,nan,nan,nan
428.2,183.72796630859375,-173.18504333496094,-61.58747100830078,184.57380924316567,-173.18412579116963,-61.58813233963382,0.8458436907673768,0.35727324474993283,0.05132286271838247,3.499428714417741e-05,26.457904650247354,33.84649964097328,12.974898560579256,3.777405196524198,nan
428.21000000000004,183.71937561035156,-173.1903076171875,-61.58900833129883,184.5652755073794,-173.18912668974306,-61.58973172338312,0.8459010306634207,0.35732755976646396,0.05133709766728539,3.569939154050294e-05,26.40746867749514,33.54290860833519,nan,nan,nan
428.22,183.71078491210938,-173.19561767578125,-61.59051513671875,184.55673377850178,-173.19411786213996,-61.5889591713134,0.8459516268793956,0.3573819620390017,0.05135139425203863,3.5002427234074596e-05,26.410587581044034,33.299630157395036,nan,3.872042841703611,nan
428.23,183.7021942138672,-173.20094299316406,-61.59199142456055,184.54820061197935,-173.19919499248184,-61.59047582941638,0.8460095615191046,0.3574364517475528,0.05136575380769886,3.5707908621858785e-05,26.350897076927282,34.11728155723836,nan,nan,nan
428.24,183.69361877441406,-173.20632934570312,-61.59343719482422,184.5396751093558,-173.2043541485663,-61.59422607866359,0.8460590083655558,0.3574910290042371,0.05138017533511968,3.501064941045196e-05,26.25229441074246,33.46920394227305,nan,3.611727721249929,nan
428.25,183.68502807617188,-173.21173095703125,-61.59485626220703,184.5406242712356,-173.21124740138745,-61.59569956616317,0.8555967473028094,0.35741647854774217,0.05137569653255877,3.569446286085429e-05,26.57157291719329,34.019876040421906,0.8205740734391548,nan,nan
428.26,183.6764373779297,-173.21717834472656,-61.59624481201172,184.5321086569393,-173.21644231549186,-61.59763434268979,0.8556727238006867,0.35747081468906167,0.05139015136788013,3.49977500936425e-05,26.554381236639905,33.73680951768231,nan,0.16279128366090465,nan
428.27,183.66786193847656,-173.22267150878906,-61.59760665893555,184.5235921101879,-173.22166444781257,-61.59906685117834,0.8557320101003125,0.3575252381650241,0.051404669310640645,3.570310205830476e-05,26.50706893039508,33.60982544013643,nan,nan,nan
428.28000000000003,183.65927124023438,-173.2281951904297,-61.598941802978516,184.51507489375408,-173.22691477693132,-61.60005101634851,0.8558053301953047,0.3575797490980426,0.05141924954031073,3.500608640789341e-05,26.430789373210114,33.46315788910301,nan,0.1256360925916724,nan
428.29,183.6506805419922,-173.23374938964844,-61.600250244140625,184.50655931055493,-173.23220815788198,-61.60142674913617,0.8558809648752832,0.35763434765227214,0.05143389312501997,3.571180896546483e-05,26.381991344955754,33.60840350106134,nan,nan,nan
428.3,183.64210510253906,-173.2393341064453,-61.601531982421875,184.4518646431584,-173.2219034095719,-61.60357205793613,0.8099496927128358,0.3575597209037235,0.05142945550122588,3.49932987749942e-05,26.072359959711964,34.24657723015786,17.29622018256084,0.38505299662589776,nan
428.31,183.63351440429688,-173.24496459960938,-61.60279083251953,184.44327459605915,-173.2272443122525,-61.604905914401755,0.8099568200331807,0.3576140780874121,0.05144413165638458,3.5698515375392085e-05,26.02720165412903,33.42703802509305,nan,nan,nan
428.32,183.62493896484375,-173.2506103515625,-61.60401916503906,184.4346853064202,-173.23261996205747,-61.60626511902783,0.8099492799677612,0.35766852263541477,0.05145887039940413,3.500172085163379e-05,25.990748795698995,34.52621442008351,nan,0.0017360213242754974,nan
428.33,183.61634826660156,-173.2563018798828,-61.605228424072266,184.4260965921224,-173.23802826905685,-61.60755135863465,0.8099578208532893,0.35772305470462945,0.051473672645919885,3.570730915944228e-05,25.945368563812213,33.58235835817254,nan,nan,nan
428.34000000000003,183.60777282714844,-173.26202392578125,-61.60641098022461,184.4175109207427,-173.2434912170417,-61.6101844602089,0.8099589376394873,0.357777674428689,0.05148853780351525,3.5010193674547223e-05,26.147349064212516,34.26981617285736,nan,1.3250332973618442,nan
428.35,183.59918212890625,-173.26779174804688,-61.60757064819336,184.44264231822083,-173.25793235686106,-61.611526711212946,0.8435270884730162,0.3577029717720511,0.05148413754755867,3.5694102419533054e-05,26.85047251733633,33.60122626983727,9.198195247578326,nan,nan
428.36,183.59060668945312,-173.27357482910156,-61.60870361328125,184.43410985753528,-173.26344986859496,-61.613163363893605,0.8435757220104252,0.3577573498753766,0.051499034593269044,3.499750996743302e-05,26.92711366887705,34.66591056645163,nan,0.11494280146872776,nan
428.37,183.58203125,-173.27938842773438,-61.60981750488281,184.42557746737103,-173.26899323380414,-61.614378819125584,0.8436225971875325,0.3578118154004059,0.05151399529665971,3.570295777649425e-05,26.888177557810504,34.58662601433425,nan,nan,nan
428.38,183.57345581054688,-173.28524780273438,-61.61090850830078,184.41704419618617,-173.27455074901658,-61.61435710610993,0.8436632528269793,0.3578663684855823,0.05152901919432548,3.500604075117045e-05,26.594060142718114,33.80510550580204,nan,1.043305338889714,nan
428.39,183.5648651123047,-173.2911376953125,-61.61198043823242,184.40851310021876,-173.28015679029332,-61.615518104560245,0.8437268650870032,0.3579210092803922,0.05154410700893559,3.571185350415386e-05,26.55455720369852,33.4649785929299,nan,nan,nan
428.40000000000003,183.55628967285156,-173.2970428466797,-61.6130256652832,184.3639154146077,-173.26778855453452,-61.61612529336876,0.808161345308188,0.35784623107396085,0.051539738749562136,3.4993417146705926e-05,27.068169649313027,34.91078350227913,16.825384681674745,0.15799154868673757,nan
428.41,183.54771423339844,-173.30299377441406,-61.61405563354492,184.35532425308472,-173.2734138530522,-61.617239948592214,0.8081578159665148,0.3579006299971467,0.05155485768270803,3.5698718201420335e-05,27.027510098865246,34.23590588805411,nan,nan,nan
428.42,183.5391387939453,-173.3089599609375,-61.61506271362305,184.34673410553924,-173.2790753953667,-61.618795973861275,0.808156675280144,0.3579551163845286,0.05157004008116738,3.5001985178596186e-05,27.08925398779119,34.86333166612081,nan,0.1501332015151449,nan
428.43,183.5305633544922,-173.31497192382812,-61.61604690551758,184.33814428573055,-173.28476086627526,-61.61987587055206,0.8081548920049414,0.3580096903827629,0.05158528655970353,3.57076522189797e-05,27.051748145069155,34.35431821050258,nan,nan,nan
428.44,183.52198791503906,-173.3209991455078,-61.61701583862305,184.32955319359866,-173.29043632947574,-61.617709613489126,0.8081437039180649,0.35806435213468696,0.05160059681650304,3.501058218722487e-05,26.602895182082968,34.27484684836308,nan,7.349165791028785,nan
428.45,183.51341247558594,-173.32705688476562,-61.61796188354492,184.30955839003354,-173.29171583988003,-61.61865270183175,0.796930225160978,0.3579894987493817,0.05159625635930334,3.5694559513144665e-05,26.61121116414968,34.408301250258,1.3710794238921402,nan,nan
428.46000000000004,183.5048370361328,-173.33314514160156,-61.618892669677734,184.30095209313438,-173.2974864787571,-61.620171621613096,0.7969142738955831,0.3580439183816993,0.05161159699825244,3.49979984779681e-05,26.593459810761644,34.25085909614432,nan,0.19708266856821027,nan
428.47,183.4962615966797,-173.33926391601562,-61.61980056762695,184.29234626458694,-173.30327845197607,-61.621149803972294,0.7968987216314611,0.3580984255262173,0.051627001884226455,3.570351359660976e-05,26.547115636723483,34.189923712501276,nan,nan,nan
428.48,183.48768615722656,-173.3453369140625,-61.62069320678711,184.28374118629154,-173.30906114448936,-61.62223139365881,0.7968826179410687,0.3581530203270671,0.05164247080463473,3.500661514422503e-05,26.507850435579055,34.026888118164074,nan,0.010308124241951096,nan
428.49,183.47911071777344,-173.351318359375,-61.62156677246094,184.27513673621084,-173.31477697983084,-61.62317619422589,0.7968659138692727,0.3582077029289069,0.0516580042406592,3.571248956662847e-05,26.45308814417155,34.28696052206819,nan,nan,nan
428.5,183.47055053710938,-173.35720825195312,-61.6224250793457,184.25114421365834,-173.31150998304707,-61.62700178860516,0.7819435823106924,0.3581327747302121,0.051653686432470765,3.499405698587199e-05,27.419130288055648,35.315134804116624,7.129373316299978,4.886585968587379,nan
428.51,183.46197509765625,-173.36297607421875,-61.62326431274414,184.24251447273815,-173.31700685273452,-61.627945040607216,0.7819058732292771,0.3581872149653812,0.05166924944801359,3.56994141536684e-05,27.372612438730208,35.45396844988141,nan,nan,nan
428.52,183.45339965820312,-173.36865234375,-61.624088287353516,184.23388539650986,-173.32238468914414,-61.62782973865981,0.7818648745280843,0.3582417427585795,0.05168487674385845,3.500267859250613e-05,27.09991171730819,34.537226197959995,nan,0.7675916747507097,nan
428.53000000000003,183.44483947753906,-173.37420654296875,-61.62489318847656,184.2252565083093,-173.32766209372753,-61.6287312572094,0.7818131864089906,0.3582963582543611,0.051700568728509914,3.57083962689468e-05,27.051069193187384,35.30348518858756,nan,nan,nan
428.54,183.43626403808594,-173.37965393066406,-61.62568664550781,184.2166282953497,-173.33281313074295,-61.62780694683945,0.781771661183622,0.358351061597046,0.051716325298351185,3.501131491801147e-05,26.706961001710756,34.42250324017092,nan,2.3135056480870198,nan
428.55,183.4276885986328,-173.38499450683594,-61.626461029052734,184.2180615037877,-173.34402732365126,-61.628534545541626,0.7914366296626076,0.3582760589518075,0.05171202567215383,3.5695334782340674e-05,26.37384423381401,34.079109580120985,2.619150295446373,nan,nan
428.56,183.41912841796875,-173.39022827148438,-61.627220153808594,184.20945041230073,-173.3489938958198,-61.62918822814449,0.7913993946029462,0.35833051968237906,0.05172781103495875,3.499875510338039e-05,26.303529628955097,34.38790801778857,nan,0.02354037351340802,nan
428.57,183.41055297851562,-173.39535522460938,-61.62796401977539,184.20083944838822,-173.35385691660474,-61.630008596509626,0.7913779086662466,0.3583850680169909,0.05174366126187458,3.570431026761143e-05,26.250145453284915,34.121323518874455,nan,nan,nan
428.58,183.40199279785156,-173.40037536621094,-61.628692626953125,184.1922293376095,-173.35860636702756,-61.62948397388775,0.7913400434019083,0.3584397040992004,0.051759576307560416,3.500738664433175e-05,26.08979981068199,34.50797429696739,nan,1.2507450977744352,nan
428.59000000000003,183.39341735839844,-173.40530395507812,-61.62940979003906,184.18361811339014,-173.36326527900275,-61.63026357462042,0.7913186541613544,0.3584944280747308,0.05177555649317795,3.571329599212477e-05,26.033565956782592,33.77274206945936,nan,nan,nan
428.6,183.3848419189453,-173.41012573242188,-61.63010787963867,184.179355114547,-173.3682810518243,-61.630535973875446,0.7956144660224606,0.3584193513485169,0.05177127003712186,3.499483088536145e-05,26.207644730705915,34.21757687728489,0.2267436863541604,0.15569811490957947,nan
428.61,183.37628173828125,-173.4148712158203,-61.630794525146484,184.17075003505818,-173.37274175442704,-61.63128390665972,0.7955846941684989,0.3584738324683517,0.05178727817937369,3.570021805756088e-05,26.151830941990895,33.811838333150256,nan,nan,nan
428.62,183.36770629882812,-173.4195098876953,-61.6314697265625,184.16214580159362,-173.37710028654968,-61.63098822721369,0.7955708200187136,0.3585284012357571,0.05180335136530097,3.500344745903486e-05,26.093691695002207,33.80526250512115,nan,0.7504120061246625,nan
428.63,183.359130859375,-173.42404174804688,-61.63212966918945,184.1535403019244,-173.38137235901436,-61.6317008359384,0.7955546637849765,0.3585830577978394,0.051819489870333406,3.570919031882569e-05,26.032299821461333,34.32959637309339,nan,nan,nan
428.64,183.35057067871094,-173.42849731445312,-61.632774353027344,184.14493457863998,-173.38555114128633,-61.63213265100413,0.7955242240696575,0.35863780229604647,0.05183569371780704,3.5012070194091475e-05,25.9804163158774,34.230391967974896,nan,0.0509213147177679,nan
428.65000000000003,183.3419952392578,-173.432861328125,-61.63340759277344,184.15678863627588,-173.38774731729086,-61.63276845829022,0.8160416424978985,0.35856265185688063,0.05183141578084869,3.5696109378679384e-05,27.45999669149993,34.525434627036496,8.793070805050553,nan,nan
428.66,183.3334197998047,-173.43714904785156,-61.634029388427734,184.14821275885936,-173.39171878678795,-61.63269693341018,0.8160595873965018,0.35861715325672194,0.051847646751830505,3.499948817861594e-05,27.444826230048612,34.19537756592973,nan,0.391440047979186,nan
428.67,183.32484436035156,-173.44134521484375,-61.634639739990234,184.13963528570636,-173.3956084867604,-61.633351137109365,0.8160746049434968,0.35867174235227434,0.051863943221741704,3.570505944606536e-05,27.385356114081887,34.36077862785137,nan,nan,nan
428.68,183.31626892089844,-173.44544982910156,-61.63523483276367,184.13105591730474,-173.39941847537642,-61.63489870798161,0.8160862993693953,0.3587264192832065,0.0518803052489419,3.500809206597444e-05,27.285792485393678,34.64373709143233,nan,0.5777235971024629,nan
428.69,183.30770874023438,-173.44947814941406,-61.63581848144531,184.12247701293316,-173.40314091021807,-61.635539392921224,0.8160848949853643,0.3587811841993606,0.05189673305630194,3.5714013198583215e-05,27.228526959153804,34.76289734857894,nan,nan,nan
428.7,183.29913330078125,-173.4535675048828,-61.636497497558594,184.09084713589962,-173.41362703955957,-61.63588667004795,0.7927208907290927,0.3544463033546451,0.05174011425930107,3.499471135627304e-05,35.25829968975886,41.50164106192561,5.202485937544599,0.0547135730201043,0.37986448273768925
428.71000000000004,183.29055786132812,-173.45770263671875,-61.637264251708984,184.08227665771008,-173.41740573346567,-61.63665726488972,0.7927438813319733,0.35449740323153245,0.05175507543807186,3.570008768668283e-05,35.19996852888544,41.818643835945515,nan,nan,nan
428.72,183.281982421875,-173.46188354492188,-61.63812255859375,184.07380259225712,-173.42121069696586,-61.63569910687547,0.7928677921968201,0.3545485854592264,0.05177009484503864,3.500331532259642e-05,35.29804042837308,42.1335725464419,nan,2.3391552540606275,nan
428.73,183.27340698242188,-173.4661102294922,-61.639068603515625,184.0652312542332,-173.42509261768802,-61.6366336107409,0.7928896840654823,0.35459985820505757,0.05178517319027919,3.570904431256183e-05,35.23572879460293,42.361743455455425,nan,nan,nan
428.74,183.2648162841797,-173.47039794921875,-61.640106201171875,184.0566831223074,-173.42901898012235,-61.63720755616818,0.7929525273007861,0.3546512136971882,0.05180031007358013,3.5011920830422344e-05,35.25223343064144,41.71974206442525,nan,0.1429644814129535,nan
428.75,183.25624084472656,-173.4747314453125,-61.64122772216797,184.03221652598216,-173.43132585424073,-61.638305458503126,0.7771942118037889,0.354583816311094,0.05179577534080021,3.569594363583699e-05,34.35591050704691,41.990369038185705,4.3495748091710915,nan,nan
428.76,183.24766540527344,-173.4791259765625,-61.64243698120117,184.02350869000105,-173.43539516808835,-61.64156976182788,0.7770752461223931,0.354634948839721,0.05181093676053093,3.499931805084084e-05,34.07918462257425,41.376637537082004,nan,3.021793150833602,nan
428.77,183.2390899658203,-173.48355102539062,-61.64373016357422,184.01490743572734,-173.43948658049146,-61.64287275840965,0.7770683091342907,0.35468617157378196,0.05182615734062676,3.570486997766135e-05,34.01554111868378,42.01974206293666,nan,nan,nan
428.78000000000003,183.2305145263672,-173.488037109375,-61.645111083984375,184.00630604537807,-173.44362620329196,-61.644261545440564,0.7770621154477058,0.3547374808750196,0.051841436985639054,3.642473461604175e-05,33.95442946762119,41.482651527512814,nan,nan,nan
428.79,183.22193908691406,-173.49256896972656,-61.64657211303711,183.99770440525447,-173.44781356477864,-61.64573506491434,0.7770557097540699,0.35478887688793415,0.051856775840068,3.7159056466182026e-05,33.892686235313214,41.6605289376695,nan,nan,nan
428.8,183.21334838867188,-173.4971466064453,-61.64811325073242,183.94639316073247,-173.44187875357417,-61.647004244391226,0.7351261138753131,0.35472139137753167,0.051852263995473734,3.635300044968381e-05,32.648114608595066,41.476895850517785,18.51364626134769,0.09731793030121043,nan
428.81,183.20477294921875,-173.50177001953125,-61.64973831176758,183.9377178213353,-173.44616049161078,-61.648642341798386,0.7350522473318838,0.35477256407363017,0.05186762687415178,3.708503320005749e-05,32.58322774198083,41.78898163784253,nan,nan,nan
428.82,183.19619750976562,-173.50643920898438,-61.65144348144531,183.9291440749322,-173.45046453084956,-61.64830114511426,0.7350875500642008,0.35482381953235487,0.05188304887409151,3.630552551434522e-05,32.75926640828436,42.04562762433384,nan,2.7839014878745005,nan
428.83,183.1876220703125,-173.5111541748047,-61.653228759765625,183.92046845846366,-173.45483775289964,-61.65008154734981,0.7350137909919637,0.354875165331399,0.05189853054533534,3.703627323961698e-05,32.69124648132064,42.01680103012779,nan,nan,nan
428.84000000000003,183.1790313720703,-173.51589965820312,-61.65509033203125,183.91174166620664,-173.4592673960219,-61.65299389162726,0.7348986211141453,0.3549265943082399,0.05191407164372169,3.625942126773284e-05,32.479955370079225,42.055457655409725,nan,0.7271275931833107,nan
428.85,183.1704559326172,-173.5207061767578,-61.65702819824219,183.92829173015653,-173.47208087196185,-61.654859265620274,0.7593972745324483,0.3548590285017984,0.051909579373069566,3.696541590224021e-05,32.773007170274354,41.62730218450594,5.642952832077979,nan,nan
428.86,183.16188049316406,-173.5255584716797,-61.659019470214844,183.91972599491916,-173.47658237617955,-61.655453014918635,0.7594347780186635,0.3549102340646857,0.051925143997824025,3.619215227721709e-05,32.93524663691798,41.60474637416832,nan,1.3266281685351562,nan
428.87,183.15330505371094,-173.5304412841797,-61.6610107421875,183.9110925742433,-173.48114223842887,-61.65747856171482,0.7593976550434004,0.35496152961887306,0.05194076851646759,3.6919620041207895e-05,32.85751174499231,42.19859355332603,nan,nan,nan
428.88,183.14471435546875,-173.53536987304688,-61.662986755371094,183.90245167359743,-173.48574663192414,-61.659658374387156,0.7593677550859907,0.3550129085220971,0.05195645275001599,3.614890382414472e-05,32.76349556103924,41.610310824595196,nan,0.016896481403421745,nan
428.89,183.13613891601562,-173.54034423828125,-61.66493606567383,183.89381839907085,-173.49039182650074,-61.66165794830976,0.7593314088979717,0.355064377583739,0.051972197151794255,3.6875292999952034e-05,32.685413117809475,41.74760162882482,nan,nan,nan
428.90000000000003,183.1275634765625,-173.5453643798828,-61.666847229003906,183.8899954769497,-173.49790267188052,-61.66290458653572,0.7639180017322309,0.35499672453466163,0.05196772028942424,3.608470199507564e-05,32.64756941174417,41.80706179164444,0.5483817804337668,0.4048341098833056,nan
428.91,183.11898803710938,-173.5504150390625,-61.66872787475586,183.88137013461937,-173.50263885882742,-61.66483439060399,0.7638875474966461,0.35504796981217945,0.05198348766259792,3.68091687788303e-05,32.56418729810595,41.9558281089661,nan,nan,nan
428.92,183.11041259765625,-173.55551147460938,-61.670570373535156,183.87276262949786,-173.50741238484326,-61.66634073528347,0.7638775970827831,0.3550992985993453,0.05199931503047049,3.604433484615096e-05,32.58515157648227,41.923497950344526,nan,0.10046164776400848,nan
428.93,183.10182189941406,-173.56065368652344,-61.6723747253418,183.8641376645684,-173.51222986493173,-61.66819686614801,0.7638636310283644,0.3551507172095562,0.05201520279152834,3.676785827141659e-05,32.502122745183186,41.446555165336946,nan,nan,nan
428.94,183.09324645996094,-173.56582641601562,-61.67414855957031,183.85552117087445,-173.5170856388394,-61.669831490953115,0.7638435935055502,0.3552022197337459,0.05203115084824103,3.60053885742581e-05,32.48072011511599,41.93476435904861,nan,0.023225867894812666,nan
428.95,183.0846710205078,-173.571044921875,-61.67588424682617,183.83606743159527,-173.5148685449143,-61.67153050685128,0.7535060099131982,0.35513448596619385,0.052026685825368874,3.670493259439058e-05,33.007936055816586,42.20628366546025,3.007262270253588,nan,nan
428.96000000000004,183.0760955810547,-173.5762939453125,-61.67758560180664,183.82745259956351,-173.5197789604113,-61.67268780095816,0.7534953889931971,0.35518576459351975,0.052042656303989174,3.594571598744992e-05,33.095350026102594,42.61040645422475,nan,0.23457347323501865,nan
428.97,183.06752014160156,-173.5815887451172,-61.67925262451172,183.81881218940012,-173.5247327954062,-61.67439818620541,0.7534559746091055,0.3552371327185487,0.05205868740062236,3.666662938472708e-05,33.008531947489864,42.33868924682016,nan,nan,nan
428.98,183.05894470214844,-173.5869140625,-61.680885314941406,183.81018481073127,-173.52972243431267,-61.675779203121216,0.7534312546318918,0.35528858490204074,0.05207477906346567,3.590965251242353e-05,33.028319113546,42.71496781224633,nan,0.05904562011741966,nan
428.99,183.0503692626953,-173.59228515625,-61.68248748779297,183.80154499258717,-173.5347519368588,-61.67742211796767,0.7533927969416374,0.3553401267619731,0.05209093162310239,3.6629801507771385e-05,32.94067644886397,42.286242516916,nan,nan,nan
429.0,183.0417938232422,-173.59768676757812,-61.68405532836914,183.78933646448385,-173.5366741519032,-61.67923736522619,0.750043833729007,0.3552723065518393,0.05208647432463546,3.585300121279659e-05,33.210828260603975,42.74343884878478,0.7973590450760808,0.048380683758510123,nan
429.01,183.03321838378906,-173.60311889648438,-61.68559646606445,183.78069248045028,-173.54176708876165,-61.68081965705442,0.7500029249240795,0.3553236241571572,0.05210264871034505,3.657154450312183e-05,33.12370242702472,42.71944138971661,nan,nan,nan
429.02,183.02464294433594,-173.6085968017578,-61.687103271484375,183.771983155925,-173.54690743139764,-61.683964678515,0.749888539077139,0.3553750259536807,0.052118883925782254,3.581978461966062e-05,32.71295712013176,42.17775002385275,nan,1.7084925732087428,nan
429.03000000000003,183.0160675048828,-173.61410522460938,-61.68857955932617,183.76333960916574,-173.5520721466343,-61.68550349355886,0.7498487599396981,0.35542651711686757,0.052135180263851444,3.65376797897721e-05,32.634107345947605,42.325618500159266,nan,nan,nan
429.04,183.0074920654297,-173.61965942382812,-61.69002914428711,183.75462511901543,-173.5572839496019,-61.68878005934055,0.7497333257622377,0.35547809286305404,0.05215153772876645,3.578796012877997e-05,32.357825936153965,41.61628342545703,nan,2.1055861077105553,nan
429.05,182.99891662597656,-173.625244140625,-61.69144821166992,183.7807428881504,-173.57826688922376,-61.690292150499495,0.7832371945019968,0.35541019156594283,0.05214708438979658,3.6482500641136905e-05,31.97760834987115,41.17665891706232,12.410270325417994,nan,nan
429.06,182.99034118652344,-173.630859375,-61.692840576171875,183.77221689924605,-173.58356009008594,-61.69022649575643,0.7833094445462074,0.3554615429282713,0.05216346308215969,3.5735678714211395e-05,32.06925274951144,41.37424495429865,nan,1.6001844926415918,nan
429.07,182.9817657470703,-173.63650512695312,-61.6942024230957,183.76363055671885,-173.58889710770578,-61.69165615436492,0.7833170415277911,0.35551298335830195,0.05217990312202989,3.64515365627369e-05,31.992373447767246,41.5793224645567,nan,nan,nan
429.08,182.9731903076172,-173.64218139648438,-61.69553756713867,183.75511932546544,-173.59425641732022,-61.691132147082875,0.7834087057895711,0.3555645084868012,0.05219640454428062,3.5706624792205616e-05,32.29397947539148,42.01357945537036,nan,2.5179737654019267,nan
429.09000000000003,182.96463012695312,-173.6479034423828,-61.69684600830078,183.74653396358818,-173.5996603340359,-61.692490514215024,0.7834028194845352,0.3556161228746265,0.052212967596250506,3.642198548340274e-05,32.20848745758659,41.85062422954988,nan,nan,nan
429.1,182.9560546875,-173.65365600585938,-61.6981315612793,183.71789602465802,-173.60411654507843,-61.69374732426411,0.7634629019876398,0.35554813586005435,0.052208514120038414,3.5657196182882664e-05,31.012670504696555,41.20232312352996,8.38649947985337,0.03587240563078124,nan
429.11,182.94747924804688,-173.65943908691406,-61.69939041137695,183.70927540404375,-173.60960199571238,-61.69505607109348,0.7634369033893729,0.3555995255197918,0.052225097762963676,3.637121779942511e-05,30.925993651350485,41.286891690224,nan,nan,nan
429.12,182.93890380859375,-173.6652374267578,-61.70062255859375,183.70066011177403,-173.61511904994845,-61.69620733628775,0.7634160145797962,0.3556509999813858,0.052241743037549235,3.563083467431887e-05,30.88955282602992,42.017829481713854,nan,0.012065706522802215,nan
429.13,182.9303436279297,-173.67108154296875,-61.70182800292969,183.6920403194232,-173.62066843553492,-61.69746661089001,0.7633756303248228,0.3557025634196246,0.05225845016660825,3.634445677343903e-05,30.800265099238963,41.87043170876116,nan,nan,nan
429.14,182.92176818847656,-173.67697143554688,-61.7030143737793,183.6833487527897,-173.62625874560638,-61.700692169511335,0.7632706764268995,0.3557542120382789,0.052275219221517316,3.5605781648218585e-05,30.36636435379554,40.354062579408016,nan,2.6989566111045837,nan
429.15000000000003,182.9132080078125,-173.68287658691406,-61.70417404174805,183.66831464208596,-173.63828264790686,-61.70189489623644,0.7564257022498865,0.3556861436298546,0.052270761695104216,3.629654266159389e-05,28.837295107099763,40.85820458289685,9.238870382250338,nan,nan
429.16,182.90463256835938,-173.68881225585938,-61.7053108215332,183.65965425395783,-173.64396231623746,-61.70388692128171,0.756353945120894,0.3557375673746718,0.05228755069552601,3.5560411678419746e-05,28.684694075668055,40.34540658093964,nan,0.41786835892051766,nan
429.17,182.8960723876953,-173.6947784423828,-61.706424713134766,183.65102231255742,-173.64966857878423,-61.70508299209857,0.7562976193658929,0.3557890798243657,0.05230440177352284,3.6272473935311976e-05,28.609968782337443,40.6378285451367,nan,nan,nan
429.18,182.8874969482422,-173.70077514648438,-61.70751953125,183.64235921394248,-173.65540841414142,-61.707174512220284,0.7562243712151794,0.3558406775404571,0.05232131501971628,3.55379230019617e-05,28.49756578912407,40.00238804612523,nan,0.575581003549307,nan
429.19,182.87893676757812,-173.706787109375,-61.708587646484375,183.63372830476993,-173.661174150545,-61.70833704245194,0.7561685456510194,0.3558923641663106,0.05233829062828893,3.624970978962076e-05,28.426524010458596,41.14797383765906,nan,nan,nan
429.2,182.870361328125,-173.7128448486328,-61.70963668823242,183.64226652424117,-173.67260037978858,-61.708691662307295,0.7729541656124829,0.3558242106899476,0.05233382495091007,3.549515759793752e-05,28.633498860268126,39.82198403784121,2.465168285019912,0.4051866291884094,nan
429.21000000000004,182.86180114746094,-173.71893310546875,-61.71066665649414,183.63366543686504,-173.67843130069744,-61.70980527301722,0.7729266585055365,0.3558756721114655,0.052350819828276864,3.620582439220034e-05,28.563064569694063,39.95491758381555,nan,nan,nan
429.22,182.85324096679688,-173.72503662109375,-61.711673736572266,183.625071214034,-173.68428994901927,-61.710714868257476,0.7729056483580015,0.3559272188735163,0.05236787711058436,3.547512843323484e-05,28.500682010158343,40.56526811193063,nan,0.023343533691417652,nan
429.23,182.84466552734375,-173.73118591308594,-61.71266174316406,183.61647154990587,-173.69017733578016,-61.711787642456244,0.772895208891766,0.35597885428965875,0.05238499697732177,3.61855999103639e-05,28.4320875203952,39.37566577602282,nan,nan,nan
429.24,182.8361053466797,-173.7373504638672,-61.71363067626953,183.6078670206651,-173.6960930473632,-61.7130038096804,0.772863926452184,0.3560305754117085,0.05240217954101328,3.545628892473657e-05,28.35529797180506,40.14258724570257,nan,0.018181912119657036,nan
429.25,182.82754516601562,-173.74354553222656,-61.714576721191406,183.5950212853183,-173.7024218373517,-61.71406936316829,0.768577263124673,0.3559623402992712,0.05239770169052424,3.6144280183397145e-05,28.010806652077537,40.057181537471976,0.5481660085133409,nan,nan
429.26,182.81898498535156,-173.74977111816406,-61.71550750732422,183.586336176909,-173.7084043176416,-61.71759338025472,0.7684682259117458,0.3560138360553848,0.05241490283293454,3.541717677972202e-05,28.060774598953554,39.80457843503606,nan,4.326132802750347,nan
429.27,182.8104248046875,-173.75601196289062,-61.7164192199707,183.57773013304333,-173.71440634399954,-61.71861918545725,0.768435640958111,0.3560654202204271,0.052432166779612724,3.612647684719203e-05,28.004331224910388,40.25602154390678,nan,nan,nan
429.28000000000003,182.80184936523438,-173.7622833251953,-61.71731185913086,183.56915807461752,-173.72043181364504,-61.718532213600945,0.7684501895238897,0.3561170901487153,0.052449493653923776,3.540063789555232e-05,27.84664047214097,39.605134647938215,nan,0.8279906831152138,nan
429.29,182.7932891845703,-173.7685546875,-61.71818542480469,183.56055298498006,-173.72647310462958,-61.71951300890701,0.7684180903099841,0.35616884870379273,0.052466883619208295,3.6109841880532114e-05,27.784671969078317,39.9761924018717,nan,nan,nan
429.3,182.7847442626953,-173.77476501464844,-61.71904373168945,183.5047078416622,-173.71093737083532,-61.72106135477831,0.7227901451711041,0.35610052910006407,0.052462389476540895,3.536383650043917e-05,28.308746008831086,41.101035348084146,22.969110391481827,0.31047865239050915,nan
429.31,182.77618408203125,-173.7808837890625,-61.719886779785156,183.49602776727298,-173.7168256370031,-61.72201465745019,0.7226914320033233,0.35615206197200017,0.05247979730423251,3.6072096129239256e-05,28.244106543968066,40.530068432709,nan,nan,nan
429.32,182.7676239013672,-173.78689575195312,-61.72071075439453,183.48734137772016,-173.72261534596842,-61.72318093064168,0.7225865471569038,0.35620368065331726,0.052497268285171435,3.5349479059764565e-05,28.215048576521866,40.636347804951285,nan,0.03624190175753552,nan
429.33,182.75906372070312,-173.7928009033203,-61.72151565551758,183.4786618790209,-173.7282955805774,-61.72410498584328,0.7224881665107352,0.3562553877315303,0.05251480257511831,3.6057706944966485e-05,28.152739355814628,40.50043231514983,nan,nan,nan
429.34000000000003,182.75050354003906,-173.79859924316406,-61.72230911254883,183.469983695265,-173.73386313090404,-61.7249808315979,0.7223915808459832,0.356307180971908,0.05253240030876357,3.533617288268099e-05,28.09425209241493,39.97081870810209,nan,0.0007519355069643517,nan
429.35,182.741943359375,-173.80426025390625,-61.72308349609375,183.44826739572733,-173.7299339530702,-61.72577581680233,0.7102290418701653,0.356238779554096,0.05252788577380167,3.602220679182263e-05,28.764224003623074,41.50667581814955,4.655054764055397,nan,nan
429.36,182.73338317871094,-173.80982971191406,-61.72384262084961,183.43954632135814,-173.73525008549174,-61.7274833319215,0.7100998236077589,0.35629034693499184,0.052545500637212576,3.530257082244179e-05,28.864576585532586,40.812323650108986,nan,0.4785590593898676,nan
429.37,182.72483825683594,-173.81527709960938,-61.72459030151367,183.4308481481701,-173.74045392417773,-61.7283544186562,0.7099736916401993,0.35634200249264175,0.05256317902500685,3.6009935408188014e-05,28.806051792983464,41.50345700494867,nan,nan,nan
429.38,182.71627807617188,-173.8206329345703,-61.725318908691406,183.42213691836213,-173.7455491173047,-61.7297002160213,0.7098545488811481,0.35639374424292164,0.05258092107675736,3.52912727867159e-05,28.88394842873524,40.69618410441299,nan,0.16576213369398005,nan
429.39,182.7077178955078,-173.82586669921875,-61.726036071777344,183.41343876286388,-173.75053651937768,-61.73054844297457,0.7097442779695411,0.35644557440003305,0.05259872694093792,3.5998682748739404e-05,28.83078891166813,41.11868639554204,nan,nan,nan
429.40000000000003,182.69915771484375,-173.83099365234375,-61.72673797607422,183.40376702983139,-173.76707075643503,-61.730951047145936,0.7075154933685601,0.35637708899982556,0.052594187868603974,3.525966868536983e-05,26.866636269513016,40.463759276703875,15.554821753708799,0.22094007904385454,nan
429.41,182.6905975341797,-173.83602905273438,-61.72742462158203,183.3950617889579,-173.77189837748605,-61.73176958006404,0.707390633548553,0.3564286929926534,0.05261201010745317,3.596627148653873e-05,26.813511283636586,40.02485127735522,nan,nan,nan
429.42,182.6820526123047,-173.84095764160156,-61.72809600830078,183.38638938185582,-173.77662385172627,-61.731269778904206,0.7072758968615345,0.3564803831982902,0.052629896225890406,3.525025479229566e-05,26.498123586509422,40.50367086198564,nan,1.1859586694685416,nan
429.43,182.67349243164062,-173.84579467773438,-61.728759765625,183.3776835117162,-173.78125109377874,-61.73204976579679,0.7071504617752811,0.35653216160461854,0.05264784636973262,3.595695344742705e-05,26.43940543031275,39.49361917123382,nan,nan,nan
429.44,182.66493225097656,-173.85052490234375,-61.72940444946289,183.36893548515656,-173.78578190087526,-61.73450812424252,0.7069924026970124,0.35658402656491633,0.05266586068254471,3.524174633270325e-05,26.80216402545253,40.56825017068926,nan,1.9905450286936535,nan
429.45,182.6563720703125,-173.8551788330078,-61.730037689208984,183.34329852054267,-173.7822050027511,-61.7352683298149,0.6908114703226276,0.3565154592339188,0.05266129291968002,3.5926459602315625e-05,27.017753533393755,40.14070725464879,3.023109083103905,nan,nan
429.46000000000004,182.64781188964844,-173.85972595214844,-61.73065948486328,183.33452484547675,-173.78652908302104,-61.73767483064026,0.6906386033439502,0.35656709784025953,0.05267932283391498,3.521287410306296e-05,27.57992992887174,41.21467509510522,nan,1.8906892150162147,nan
429.47,182.63925170898438,-173.8641815185547,-61.73126983642578,183.32578990970921,-173.79076108983384,-61.73843927200564,0.6904901601142395,0.3566188244499205,0.052697416983523836,3.591894730175882e-05,27.539488868878614,41.16262301043034,nan,nan,nan
429.48,182.6306915283203,-173.86868286132812,-61.731971740722656,183.31706499590715,-173.79497163021858,-61.738783536336214,0.6903537377014326,0.35667063761952145,0.05271557551294786,3.5206074543519396e-05,27.362850343390136,41.13601434244375,nan,0.14819690493965257,nan
429.49,182.62213134765625,-173.8732452392578,-61.732765197753906,183.3083289039305,-173.7992296250536,-61.739676660517546,0.6902124062202107,0.35672253903366447,0.05273379856668712,3.59123015824765e-05,27.313557310439123,40.522644456286315,nan,nan,nan
429.5,182.6135711669922,-173.87783813476562,-61.733646392822266,183.30399971947287,-173.79638325063894,-61.74148575354873,0.6952610587435929,0.3566538881681247,0.05272919793973002,3.517888854873371e-05,29.08753614934451,42.12529588557995,7.803168793616387,0.6061496620181422,nan
429.51,182.60501098632812,-173.8824920654297,-61.734615325927734,183.29527328072717,-173.80070171380524,-61.742568067852304,0.6951366360594208,0.35670556293473116,0.05274743580196917,3.588441256288111e-05,29.043071063537422,41.572657239429745,nan,nan,nan
429.52,182.596435546875,-173.88717651367188,-61.73567581176758,183.28649177661669,-173.8050648599027,-61.74624934953027,0.6950048370988778,0.35675732425804274,0.052765738250594336,3.517367616169748e-05,30.397685570330765,42.95394322229486,nan,4.401872292177919,nan
429.53000000000003,182.58787536621094,-173.8919219970703,-61.736820220947266,183.27776448144056,-173.80947441304318,-61.747534775911106,0.6948808510185692,0.3568091736409891,0.052784105430641784,3.5879392682444436e-05,30.358913734818152,42.892317443869075,nan,nan,nan
429.54,182.57931518554688,-173.89669799804688,-61.73805236816406,183.2690472500495,-173.81392900880405,-61.748406831981775,0.6947576853150301,0.35686110991137954,0.05280253748577578,3.516922502002273e-05,30.14574472713752,43.15669444372533,nan,0.17536910572893086,nan
429.55,182.5707550048828,-173.90151977539062,-61.7393684387207,183.2644872254396,-173.81980718929512,-61.749888530040444,0.6986071949861775,0.3567923770550749,0.05279789980836264,3.5853102514259116e-05,30.227728944769037,43.08620178254813,0.17814934849041214,nan,nan
429.56,182.56219482421875,-173.90640258789062,-61.74076843261719,183.25581769035088,-173.82435311722818,-61.748880140467975,0.6985059741058735,0.35684408647649235,0.052816345860015705,3.514431577289098e-05,28.95433792814019,41.13261382950295,nan,4.548372031576822,nan
429.57,182.55361938476562,-173.9113006591797,-61.742252349853516,183.2470958130726,-173.82893994392296,-61.75047934679408,0.6983985448965834,0.3568958837802979,0.05283485684693152,3.58495849054833e-05,28.90800867854352,41.69464524675284,nan,nan,nan
429.58,182.54505920410156,-173.916259765625,-61.74381637573242,183.2383465962587,-173.83356802345347,-61.75353076180785,0.6982690753887371,0.35694776795575034,0.05285343291116835,3.5141283705249446e-05,29.645362368386913,42.22417086285988,nan,1.3126096481177283,nan
429.59000000000003,182.5364990234375,-173.92124938964844,-61.745460510253906,183.2296243498041,-173.83823972801858,-61.755309104271234,0.6981477757458262,0.35699974026469805,0.05287207420015629,3.5846787229381145e-05,29.603925761528146,42.681149860940685,nan,nan,nan
429.6,182.52792358398438,-173.92630004882812,-61.747188568115234,183.21793567470107,-173.84272601866223,-61.75653013930921,0.6951176654392853,0.3569309242682915,0.05286739527182838,3.5117764459259156e-05,29.248445913459108,41.06400607933933,0.12400573404183352,0.27992123487829007,nan
429.61,182.5193634033203,-173.93136596679688,-61.748992919921875,183.20920811999434,-173.84748203094333,-61.75846430017314,0.694990614944706,0.3569826694445674,0.05288604972767555,3.58226414223242e-05,29.205100527701106,42.595020997451996,nan,nan,nan
429.62,182.51080322265625,-173.93649291992188,-61.75087356567383,183.20046497494982,-173.8522774729261,-61.76132212146221,0.6948631134312757,0.3570345014686432,0.052904769459080944,3.511603701535393e-05,29.750343798911334,42.40541191165699,nan,0.4995647079985039,nan
429.63,182.5022430419922,-173.941650390625,-61.75283432006836,183.19173747625698,-173.85711409908134,-61.763423283563164,0.694738141761317,0.35708642145976055,0.05292355461587192,3.582117724253732e-05,29.710777751077174,42.620599384650106,nan,nan,nan
429.64,182.49366760253906,-173.94683837890625,-61.75484085083008,183.18302556642917,-173.86199160621,-61.76472189168624,0.6946301261708111,0.35713842862031736,0.05294240533653742,3.5114934734931096e-05,29.299886484195127,42.15995992652039,nan,0.5258054520001424,nan
429.65000000000003,182.485107421875,-173.95208740234375,-61.75685119628906,183.17481022868466,-173.87907720182312,-61.766823809740316,0.6936280733363074,0.35706953062433694,0.052937680953507656,3.579833368178389e-05,27.556618633302822,40.85780418628817,13.082996709256157,nan,nan
429.66,182.47654724121094,-173.9573516845703,-61.758846282958984,183.1660589733744,-173.88407614284273,-61.77017880389514,0.6934869572221848,0.3571213104406515,0.052956543992104574,3.50932675557742e-05,28.374597968211667,42.533535295145505,nan,0.979296723618693,nan
429.67,182.46798706054688,-173.96266174316406,-61.760807037353516,183.15732820200822,-173.88911526912864,-61.772342186738314,0.693349372845752,0.35717317806406185,0.052975472653268664,3.579808897257121e-05,28.3697342702317,42.37187890511162,nan,nan,nan
429.68,182.45941162109375,-173.968017578125,-61.76273727416992,183.1485802162374,-173.89419016592896,-61.77552064844828,0.6932295824485453,0.3572251328222135,0.05299446707255568,3.509331515166289e-05,29.24924411215694,42.30462099933761,nan,0.767243973582264,nan
429.69,182.4508514404297,-173.97340393066406,-61.76463317871094,183.13984983496232,-173.8993043147968,-61.77763077353721,0.6930934123272903,0.3572771756471134,0.053013527404182484,3.5798428533954916e-05,29.249953660302022,42.95266443827762,nan,nan,nan
429.7,182.44229125976562,-173.97882080078125,-61.7664909362793,183.1295687303355,-173.89616648994533,-61.77885903832099,0.6923402534887085,0.3572081948600717,0.05300875334373186,3.507276690950221e-05,29.9897400690837,43.27491419421175,5.540101137353814,0.41211152471283047,nan
429.71000000000004,182.43373107910156,-173.98428344726562,-61.768310546875,183.1208393089462,-173.90132285402308,-61.78088970907529,0.6922126948222136,0.3572600100655119,0.05302782512809199,3.577730764766363e-05,29.99096686427667,42.90876789975186,nan,nan,nan
429.72,182.4251708984375,-173.98977661132812,-61.77009582519531,183.1002955343678,-173.91986384167606,-61.78087919887688,0.6788205584308731,0.35671217677234646,0.05228581897511981,3.5072703206818085e-05,35.45096839504026,48.477645777305604,nan,2.7829028827239832,0.23395999115961266
429.73,182.41661071777344,-173.9953155517578,-61.771846771240234,183.09155553500912,-173.92512088598744,-61.782819898938925,0.6786738590423359,0.3567630196289691,0.05230164082996304,3.5777530859329795e-05,35.42302934849073,47.96326621534141,nan,nan,nan
429.74,182.40805053710938,-174.00088500976562,-61.773563385009766,183.08284680514922,-173.93039340729965,-61.78391855597753,0.6785471972858563,0.3568139470298486,0.05231752060319543,3.507433831593732e-05,35.035907372932506,47.73707444049455,nan,0.4588871654758811,nan
429.75,182.39947509765625,-174.00648498535156,-61.77524185180664,183.09159185387117,-173.9386713052711,-61.78575165362459,0.6955104279403466,0.3567460172952267,0.052312878026359595,3.575748741542347e-05,35.791941295829,47.499532408296034,4.190736930498061,nan,nan
429.76,182.3909149169922,-174.01211547851562,-61.77688980102539,183.08288677600478,-173.9440247929037,-61.7875111776295,0.6953950019761564,0.3567967227954338,0.05232877853801941,3.505529953603363e-05,35.84226860495681,48.00644506727535,nan,0.0036429582692045063,nan
429.77,182.38235473632812,-174.0177764892578,-61.778507232666016,183.0741793191821,-173.94941385872428,-61.78930961033465,0.6952779257662555,0.35684751666131453,0.052344738703589584,3.575989980340632e-05,35.80786544734377,48.031860656766135,nan,nan,nan
429.78000000000003,182.37379455566406,-174.0234832763672,-61.780086517333984,183.06550428081047,-173.95481605642982,-61.79019335839931,0.6951831982955058,0.35689839519057687,0.052360757121533597,3.5057841901677794e-05,35.381389291804915,47.29115341096731,nan,0.54881440989611,nan
429.79,182.365234375,-174.02920532226562,-61.781639099121094,183.05679746796804,-173.96027153335615,-61.79192049675429,0.6950662457249873,0.3569493622770893,0.05237683545025592,3.5762774586646344e-05,35.34312495291753,47.809252265126474,nan,nan,nan
429.8,182.35667419433594,-174.03497314453125,-61.78315734863281,183.04670356090918,-173.96669064602744,-61.79473996935945,0.6934963470980138,0.35688136313712765,0.05237220263437863,3.5039680658764785e-05,35.92625380506528,48.07330022032738,0.8099650105920138,1.0645596385821634,nan
429.81,182.34811401367188,-174.040771484375,-61.78464889526367,183.03799414118262,-173.97221636285752,-61.79641725411452,0.6933778834737689,0.35693210801590924,0.052388301168574805,3.574407800648954e-05,35.89384067413562,47.97603753248472,nan,nan,nan
429.82,182.33956909179688,-174.04660034179688,-61.786109924316406,183.0293128533059,-173.97775588798004,-61.797261930450624,0.6932606887764297,0.35698293766237965,0.05240445828189767,3.504303855624758e-05,35.488673176622854,48.06973984981395,nan,0.4548177223522539,nan
429.83,182.3310089111328,-174.05245971679688,-61.787540435791016,183.02060444572354,-173.98334436800434,-61.79887386841966,0.6931431161465331,0.3570338555897602,0.05242067550031033,3.5747783015401766e-05,35.45436923699101,47.660283033667596,nan,nan,nan
429.84000000000003,182.32244873046875,-174.05836486816406,-61.7889404296875,183.0119520463709,-173.9889283208032,-61.79880620927365,0.6930610293158239,0.35708485866145806,0.052436951616936026,3.5046788321162996e-05,34.56286567371513,46.23207903478937,nan,1.9215862304315814,nan
429.85,182.3138885498047,-174.0642852783203,-61.79031753540039,182.9895148575906,-173.98326275594496,-61.80035887593242,0.6805412444695457,0.3570167936514707,0.05243232634069165,3.572988762106992e-05,35.71429011944444,47.41558756539939,8.035087908306846,nan,nan
429.86,182.30532836914062,-174.0702362060547,-61.791664123535156,182.98083548096358,-173.9888781131669,-61.80047150222843,0.6804458592137752,0.35706757440270676,0.05244862217673381,3.5029760047323905e-05,35.030358673635405,46.810107506552065,nan,1.3845417828717281,nan
429.87,182.29676818847656,-174.0762176513672,-61.79298400878906,182.9721107899282,-173.99455294268344,-61.80194540460983,0.6803212921810663,0.35711844317183106,0.052464978311788556,3.573433418733546e-05,34.987085927018136,46.743809559324795,nan,nan,nan
429.88,182.28822326660156,-174.0822296142578,-61.79427719116211,182.96338645140838,-174.00025741524385,-61.80339361501087,0.6801822378697219,0.35716939859640867,0.05248139426399674,3.645321722233824e-05,34.94254624850684,47.12575348923337,nan,nan,nan
429.89,182.2796630859375,-174.08827209472656,-61.79554748535156,182.95466248455105,-174.00599127645552,-61.804816644410245,0.6800589963331586,0.3572204408209398,0.05249787017785857,3.7186553652532247e-05,34.89737538849836,46.51212484599988,nan,nan,nan
429.90000000000003,182.27110290527344,-174.09434509277344,-61.79678726196289,182.91800935203088,-174.0007897593192,-61.806220324298835,0.6537044698784822,0.35715230667926445,0.052493247388214814,3.637746929208733e-05,35.03509533794892,47.352826460175244,7.532331505546463,0.011023022647819628,nan
429.91,182.26255798339844,-174.10043334960938,-61.79800796508789,182.9092408631893,-174.00656176071828,-61.80759608564076,0.6535308365113868,0.3572031262911334,0.05250974244679663,3.7108530378653286e-05,34.98772591181403,48.1497504332245,nan,nan,nan
429.92,182.25399780273438,-174.1065673828125,-61.799198150634766,182.90048495548857,-174.01235427172392,-61.80854865714405,0.6533828746984334,0.3572540310996027,0.0525262969889131,3.632626708693038e-05,34.843044599347195,47.01196571300288,nan,0.10456356345244609,nan
429.93,182.2454376220703,-174.1127166748047,-61.80036926269531,182.89171765026353,-174.0181825533012,-61.80987385005106,0.6532265396863998,0.35730502399055775,0.05254291232863291,3.7056059565777785e-05,34.797558365912245,47.316429515412814,nan,nan,nan
429.94,182.2368927001953,-174.118896484375,-61.801517486572266,182.88296138191347,-174.02403151368156,-61.81081531160571,0.6530624424295608,0.3573561024475815,0.052559587470359354,3.627676318672124e-05,34.6657929738209,47.54033596472109,nan,0.08562401285487818,nan
429.95,182.22833251953125,-174.12510681152344,-61.80263900756836,182.91540884353265,-174.03668724833165,-61.81200767216595,0.6928056480966652,0.3572879020618545,0.05255496464696118,3.6981882392952736e-05,36.39576772268023,46.82276748596345,22.17402366886275,nan,nan
429.96000000000004,182.21978759765625,-174.13134765625,-61.803741455078125,182.90674014391752,-174.04256936299927,-61.812439328023835,0.6927200294210714,0.35733875778177154,0.052571658400421085,3.6206459213480364e-05,36.039243571247,46.6650997303775,nan,0.4452680121912128,nan
429.97,182.21124267578125,-174.13760375976562,-61.8048210144043,182.8980487257386,-174.0484931724575,-61.813663738511266,0.6926192610648605,0.35738970133577813,0.05258841313980245,3.693301634188122e-05,35.99223402716927,47.07528421313545,nan,nan,nan
429.98,182.2026824951172,-174.14389038085938,-61.805877685546875,182.8893789684828,-174.0544290839528,-61.814089232703864,0.6925480486462067,0.3574407305214908,0.05260522798871176,3.6160405869269873e-05,35.667077995691216,46.211060885913504,nan,0.40011810812426823,nan
429.99,182.1941375732422,-174.15020751953125,-61.806915283203125,182.88068835249814,-174.06040493864657,-61.81526502403754,0.6924494163493151,0.3574918477572505,0.05262210408534051,3.688591047181704e-05,35.61953671563553,46.36623359661855,nan,nan,nan
430.0,182.18557739257812,-174.1565399169922,-61.80792999267578,182.88389474678527,-174.06561490765407,-61.81665139440239,0.7042659635095866,0.3574235785716696,0.052617476348440294,3.609372284822269e-05,36.863427580700034,46.86913187550427,6.603882389977848,2.687525097025486e-08,nan
430.01,182.17703247070312,-174.16290283203125,-61.80892562866211,182.87522848854715,-174.07162592102557,-61.8177926121455,0.7041929971336615,0.3574744727838151,0.052634370438993015,3.681733457660063e-05,36.819684059283624,47.01711460646655,nan,nan,nan
430.02,182.16848754882812,-174.16929626464844,-61.80990219116211,182.86658139240134,-174.07764941668785,-61.8181974142,0.7041327786015852,0.3575254526782972,0.05265132493827168,3.6051072383111865e-05,36.52214127924988,46.48932281067255,nan,0.34222507943991093,nan
430.03000000000003,182.15994262695312,-174.1757049560547,-61.81085968017578,182.85791655451038,-174.08370985025655,-61.81929409679064,0.7040609649910623,0.3575765203956278,0.052668340876351805,3.677377123333661e-05,36.47549018293649,46.794361469393884,nan,nan,nan
430.04,182.15139770507812,-174.18214416503906,-61.811798095703125,182.84924148409914,-174.08980211528277,-61.82081582921646,0.7039845975511405,0.3576276741474127,0.05268541753649412,3.60100792766029e-05,36.72797326304316,46.80783854146715,nan,0.1309224839891007,nan
430.05,182.14285278320312,-174.1885986328125,-61.81271743774414,182.84860070825923,-174.1007712984743,-61.82189847253178,0.7112510567849557,0.357559338256645,0.05268078199437742,3.670888098849631e-05,36.43979589088154,46.838199106467854,1.1278512713946212,nan,nan
430.06,182.13430786132812,-174.19508361816406,-61.81361770629883,182.83993570726005,-174.106926263251,-61.823532963222235,0.7111825985635872,0.3576102688394549,0.05269787606542892,3.594862768355564e-05,36.806567132062874,46.97424576241523,nan,0.23028281496927394,nan
430.07,182.12576293945312,-174.20159912109375,-61.81449890136719,182.83128537364556,-174.1130952037797,-61.82456946262212,0.7111232415922972,0.3576612870308076,0.05271503176683016,3.6668783181100297e-05,36.76702240035615,46.71504591160081,nan,nan,nan
430.08,182.11721801757812,-174.20811462402344,-61.815364837646484,182.8226826285512,-174.119251675395,-61.82358148270926,0.7110868120211695,0.35771239128703947,0.05273224847940881,3.591094174302444e-05,35.80729321206683,46.266726308104985,nan,2.7012713466642135,nan
430.09000000000003,182.10867309570312,-174.21458435058594,-61.81621170043945,182.81403363826306,-174.12541858868877,-61.82456487876078,0.7110230683200148,0.35776358338395275,0.0527495270890572,3.663036758717207e-05,35.753697106632124,45.81922048340323,nan,nan,nan
430.1,182.10012817382812,-174.22096252441406,-61.81704330444336,182.81989545742024,-174.14567383511678,-61.82657604880814,0.7237570051341856,0.3576951789213386,0.0527448790597432,3.585290202214934e-05,34.82759449782024,45.36490037496941,12.605070989767437,0.8560860480151313,nan
430.11,182.09158325195312,-174.22723388671875,-61.81785583496094,182.81126583267456,-174.15171155089,-61.82753664620557,0.7236990799422466,0.35774614757769435,0.05276217442470571,3.657075842909113e-05,34.77131964201496,45.307970201195445,nan,nan,nan
430.12,182.08303833007812,-174.23338317871094,-61.81865310668945,182.80259590083426,-174.15766500285653,-61.83034613742097,0.723624948958285,0.35779720231672324,0.052779531082109164,3.581843014487348e-05,35.939913702157234,46.7289168220128,nan,2.3409785811852997,nan
430.13,182.07449340820312,-174.23941040039062,-61.819435119628906,182.79396719612095,-174.1634742281469,-61.83129488842082,0.7235671965143555,0.35784834469981086,0.05279694983027166,3.653567466654965e-05,35.8856037959223,46.836565364886,nan,nan,nan
430.14,182.0659637451172,-174.2453155517578,-61.8202018737793,182.78534299439622,-174.16916276032012,-61.832027498567555,0.7234954024308968,0.357899573503118,0.05281443017955174,3.578551542799923e-05,35.85517588634068,47.39388690466096,nan,0.027373497004038586,nan
430.15000000000003,182.0574188232422,-174.25111389160156,-61.820953369140625,182.7688852983643,-174.16814116411715,-61.83292247170526,0.7163883570697418,0.35783110194629614,0.05280976646367621,3.6479480378651646e-05,36.48709589377465,46.939977906129364,2.394883892397438,nan,nan
430.16,182.0488739013672,-174.25680541992188,-61.82168960571289,182.7602556200818,-174.17357350226135,-61.83338861042625,0.7163297903550417,0.35788210714593405,0.052827262937199464,3.573233230423254e-05,36.30745011184177,46.44644248238631,nan,0.12917432589447667,nan
430.17,182.0403289794922,-174.2623748779297,-61.822410583496094,182.75161709549414,-174.1788979098667,-61.83427333459902,0.7162680455153139,0.3579331998036207,0.05284482169518655,3.6447613515558444e-05,36.253957724050316,46.78156996745351,nan,nan,nan
430.18,182.0317840576172,-174.26783752441406,-61.8231201171875,182.74297840958513,-174.1841105454772,-61.83514458636349,0.7162068144970171,0.357984379451849,0.05286244259588311,3.717728127789422e-05,36.19889512978305,46.53863100163735,nan,nan,nan
430.19,182.02325439453125,-174.27317810058594,-61.82381057739258,182.7343393642883,-174.1892134735236,-61.83600275148093,0.7161288584613147,0.3580356462351193,0.05288012578378935,3.792148009143987e-05,36.14333621698886,47.564527767113,nan,nan,nan
430.2,182.01470947265625,-174.27842712402344,-61.82448959350586,182.74309510991318,-174.18837368121243,-61.83563686760409,0.7340160221985131,0.3579671062045462,0.05287544183544242,3.706304849882594e-05,37.84243030336621,46.72085489681854,18.755528872648906,1.0239064314199189,nan
430.21000000000004,182.00616455078125,-174.2835693359375,-61.825157165527344,182.73449186571136,-174.19322290631456,-61.83645815010879,0.7339965035825649,0.35801814912454183,0.05289314045482338,3.780407774965074e-05,37.788491152928266,46.738102783329815,nan,nan,nan
430.22,181.99761962890625,-174.28860473632812,-61.825809478759766,182.72589686225842,-174.19796273443885,-61.836793836501414,0.7339784446702701,0.35806927841604114,0.052910901192489895,3.697555413105264e-05,37.59329539650112,46.781938832492386,nan,0.1413641349940465,nan
430.23,181.98907470703125,-174.2935333251953,-61.82645034790039,182.71729281625596,-174.20260728937433,-61.83758599631795,0.7339571930696056,0.3581204952797537,0.052928724700098004,3.771449149201289e-05,37.53707056817242,46.974357987742735,nan,nan,nan
430.24,181.98052978515625,-174.29837036132812,-61.82707595825195,182.70873413654505,-174.2071204915564,-61.835763468541685,0.7339506720141146,0.35817179884428385,0.05294661063221894,3.689122654017095e-05,36.215434596464995,45.47189180736927,nan,4.296933845963454,nan
430.25,181.97198486328125,-174.30311584472656,-61.82769012451172,182.67068394875238,-174.21075157463613,-61.83656943597911,0.7048336063211451,0.3581031914346642,0.052941903044613575,3.7604178750195345e-05,34.3474235365588,44.8773695561587,16.880758342897707,nan,nan
430.26,181.96343994140625,-174.3079071044922,-61.82839584350586,182.66203207543396,-174.21519076196134,-61.83685012034981,0.7047685894636878,0.3581542709614675,0.052959803732765695,3.6787050759929116e-05,34.12579500630383,44.6614253079197,nan,0.16223793943523845,nan
430.27,181.95489501953125,-174.31272888183594,-61.829193115234375,182.6533711368285,-174.2196801131403,-61.83772244077085,0.7046983107575319,0.35820543789019504,0.05297776738227825,3.7521240661241514e-05,34.051431353477916,45.15559584621704,nan,nan,nan
430.28000000000003,181.94635009765625,-174.31761169433594,-61.830081939697266,182.64473599739208,-174.22419473199486,-61.83707417441495,0.7046406780403758,0.35825669150299216,0.05299579371522087,3.6709038499527016e-05,33.37714125189352,43.80095674350753,nan,1.664451432749546,nan
430.29,181.93780517578125,-174.32252502441406,-61.8310546875,182.63607405665527,-174.22877076164212,-61.83811215374089,0.7045701523728592,0.3583080327713108,0.05301388328316879,3.744149643832842e-05,33.30618231232643,44.366094262040555,nan,nan,nan
430.3,181.92926025390625,-174.32748413085938,-61.83211898803711,182.6591736274451,-174.23571224211082,-61.83807015510621,0.7356840550296342,0.3582393569790534,0.05300914761958737,3.661135372165383e-05,34.72800719260908,44.12158593197724,16.496076694528227,1.0330786101898186,nan
430.31,181.92071533203125,-174.33248901367188,-61.83327102661133,182.65056885543058,-174.24035346116403,-61.839275105944715,0.7356705612045243,0.3582904739560393,0.05302725121295276,3.7341272279669847e-05,34.660481699482794,43.94443383147036,nan,nan,nan
430.32,181.91217041015625,-174.3375244140625,-61.83450698852539,182.64194891723753,-174.24504688039534,-61.84155815352341,0.7356483416407391,0.35834167759057445,0.05304541774132105,3.653944443590338e-05,34.98825098543108,44.775154812059675,nan,0.6348511351831927,nan
430.33,181.90362548828125,-174.3426055908203,-61.8358268737793,182.6333435777812,-174.2497708243747,-61.84294646697829,0.7356340616174543,0.3583929687238672,0.053063647697685686,3.7267855919825095e-05,34.92095996151143,44.577756484663986,nan,nan,nan
430.34000000000003,181.8950653076172,-174.3477325439453,-61.83723068237305,182.6247400903388,-174.254533780207,-61.84427901261142,0.7356364435380685,0.35844434683277543,0.05308194089107227,3.6470464453851574e-05,34.85830982440386,43.96857721063968,nan,0.012892550812456915,nan
430.35,181.8865203857422,-174.35289001464844,-61.83871841430664,182.60427794367678,-174.24140141081185,-61.84572580818484,0.7263984611262765,0.35837560336309277,0.05307717353088666,3.717409592748332e-05,37.21111854850956,46.022493676544656,22.227678602844083,nan,nan
430.36,181.8779754638672,-174.35809326171875,-61.84028625488281,182.59566065177611,-174.24618352304915,-61.84738663633187,0.7263926169570359,0.3584267569924666,0.05309548002967259,3.638197347076515e-05,37.21321617339792,45.88665508982057,nan,0.00035269644428203846,nan
430.37,181.8694305419922,-174.36334228515625,-61.84193801879883,182.58704359452886,-174.25100441366072,-61.84910688914815,0.7263881078633094,0.35847799797158086,0.05311385014895302,3.71067610617155e-05,37.15095696074082,45.56391478556026,nan,nan,nan
430.38,181.86087036132812,-174.36862182617188,-61.843666076660156,182.5784130119146,-174.25587368618207,-61.85191825571699,0.7263936239677482,0.3585293258871844,0.05313228374831153,3.631876298555726e-05,37.57900665793185,46.02804160478142,nan,0.6676092894690229,nan
430.39,181.85232543945312,-174.37393188476562,-61.84547424316406,182.56979559586006,-174.26077183335204,-61.85381023385088,0.7263870258417645,0.35858074141625185,0.0531507812456701,3.704233889736123e-05,37.51535291240032,46.61285543822721,nan,nan,nan
430.40000000000003,181.84378051757812,-174.37928771972656,-61.84736251831055,182.55892767662766,-174.27029936295514,-61.856301145499806,0.7234596188208333,0.35851192959031486,0.05314597785801592,3.6236129238678e-05,36.88302464082847,46.11575631478029,2.9685248415033576,0.18089351891041577,nan
430.41,181.83523559570312,-174.38467407226562,-61.849327087402344,182.5503033165338,-174.27529282354516,-61.858356362852646,0.7234415185492206,0.35856312039484384,0.05316448789517118,3.695768155764714e-05,36.8185860084667,46.34020750150141,nan,nan,nan
430.42,181.82667541503906,-174.39010620117188,-61.85133743286133,182.541688052936,-174.28031664247035,-61.859741597874354,0.7234413933013317,0.35861439808911655,0.053183061648819065,3.6178440049448864e-05,36.5021444637953,45.35126563810687,nan,0.35461911212430264,nan
430.43,181.81813049316406,-174.39556884765625,-61.85335159301758,182.53306417003702,-174.2853831622082,-61.86187862685015,0.7234250188587114,0.3586657632581115,0.05320169949356098,3.689896438000417e-05,36.45566497748637,45.90310280138823,nan,nan,nan
430.44,181.80958557128906,-174.4010772705078,-61.8553466796875,182.52444448228871,-174.29048258935762,-61.86365537503535,0.723411003892465,0.3587172156262565,0.05322040135338423,3.6123393016990296e-05,36.333267273563436,45.45721724631085,nan,0.08287446779199044,nan
430.45,181.80104064941406,-174.40660095214844,-61.8573112487793,182.5411962335779,-174.30817440147922,-61.865800504499035,0.7467195873339705,0.3586483358703533,0.05321555815556699,3.682006967476805e-05,35.93964973833485,45.649449935198305,7.042281660714894,nan,nan
430.46000000000004,181.79249572753906,-174.41217041015625,-61.85924530029297,182.53261311580275,-174.3133746531564,-61.86784292792631,0.7467317250608511,0.3586995633147926,0.05323427179288912,3.604897168813414e-05,35.96796590966044,45.19500464348503,nan,0.000720445928791708,nan
430.47,181.783935546875,-174.41778564453125,-61.861141204833984,182.52402985069764,-174.31860972000675,-61.86988423199913,0.7467609276602685,0.35875087810099815,0.053253049713297966,3.676678549106615e-05,35.93461107528636,44.45836022453534,nan,nan,nan
430.48,181.775390625,-174.4234161376953,-61.86300277709961,182.51545186514056,-174.3238753455707,-61.87139634404377,0.7467726966227582,0.35880228002986786,0.05327189187763513,3.599907253364441e-05,35.74636915490591,45.31195197917253,nan,0.1627265027740303,nan
430.49,181.766845703125,-174.42909240722656,-61.864830017089844,182.50686899377587,-174.3291786950111,-61.87336216182612,0.7467864608361696,0.35885376957198367,0.05329079860569517,3.671609612884913e-05,35.707895435381694,44.78489923671432,nan,nan,nan
430.5,181.75830078125,-174.43479919433594,-61.866615295410156,182.50364203969534,-174.34171087438844,-61.87375753301876,0.7511657862346918,0.3587848214367775,0.05328591134424115,3.59298232720249e-05,34.286446544879816,43.90500574929646,3.1600440317703113,1.4834297067414295,nan
430.51,181.749755859375,-174.44053649902344,-61.868370056152344,182.49506560012946,-174.34710415163326,-61.87563777834124,0.7511784295279924,0.3588360858162981,0.053304829049784265,3.6645237789979445e-05,34.2423132976559,43.849861103656586,nan,nan,nan
430.52,181.7412109375,-174.44630432128906,-61.870086669921875,182.48647675297084,-174.35253945930063,-61.87884221360525,0.7511921489195186,0.3588874372761073,0.05332381122207232,3.588480714425928e-05,34.87116387553196,44.64662622948382,nan,1.238212466404622,nan
430.53000000000003,181.73265075683594,-174.4521026611328,-61.87177276611328,182.4779008834257,-174.3579974363284,-61.88066813806789,0.7512207878911126,0.35893887622387055,0.05334285814983517,3.6599578799642654e-05,34.831591198489065,44.23641527538234,nan,nan,nan
430.54,181.72410583496094,-174.4579315185547,-61.87342071533203,182.46935726558752,-174.36346338335937,-61.87888500272548,0.751234838020019,0.35899040255475495,0.0533619698401756,3.58421211787267e-05,33.4362456560073,43.348205364547866,nan,8.602750626866573,nan
430.55,181.71556091308594,-174.46380615234375,-61.875038146972656,182.4772468499075,-174.37625225329901,-61.88061857959838,0.7667217831899314,0.35892138627185777,0.053357034613735504,3.653375265762403e-05,33.34015435019638,42.46901360295234,2.5455279917731066,nan,nan
430.56,181.70701599121094,-174.46969604492188,-61.876625061035156,182.4687082504256,-174.3818110633933,-61.881125320150005,0.7667588408736662,0.3589726872322722,0.05337615647917154,3.5780054122933626e-05,32.987417735360054,42.728068076475154,nan,0.9518822392942683,nan
430.57,181.69847106933594,-174.47561645507812,-61.878177642822266,182.4601600802668,-174.38740789149253,-61.88277691815592,0.7667933576891945,0.3590240755595634,0.05339534329021621,3.649284363960592e-05,32.93479782331092,42.74028167883875,nan,nan,nan
430.58,181.68992614746094,-174.48158264160156,-61.87969970703125,182.45161717763244,-174.39303142909424,-61.88379081795626,0.7668319762952294,0.3590755512001599,0.05341459507991078,3.574186315089135e-05,32.75981041101053,41.953314381816156,nan,0.2495033278659113,nan
430.59000000000003,181.68138122558594,-174.48756408691406,-61.88119125366211,182.44306975023076,-174.39868849791463,-61.88537624328294,0.7668675198714129,0.3591271144849613,0.05343391209834867,3.645419717948601e-05,32.70601389508068,42.49965458986417,nan,nan,nan
430.6,181.67283630371094,-174.4935760498047,-61.88265609741211,182.47315932770647,-174.41569783991253,-61.888091252029625,0.804121569925267,0.35905802976218876,0.05342892470956596,3.5684271227695366e-05,33.72419712046858,42.7091923013923,12.588116443471815,0.9302510610779242,nan
430.61,181.66429138183594,-174.49961853027344,-61.884090423583984,182.46467750667804,-174.42142471948128,-61.88963026025484,0.8042157115328591,0.35910936744178484,0.053448251069386575,3.639532270912495e-05,33.67514430703135,42.6509879921131,nan,nan,nan
430.62,181.65574645996094,-174.5056915283203,-61.885494232177734,182.45620224592915,-174.4271757459914,-61.8902693790497,0.8043115039537575,0.3591607923603651,0.05346764261842923,3.565030825841418e-05,33.40742463087357,42.362261151133595,nan,0.517231952758379,nan
430.63,181.647216796875,-174.5117950439453,-61.886871337890625,182.4477213549417,-174.43295988765928,-61.891744702001866,0.8043918690725161,0.3592123048076462,0.05348709958539585,3.636102014674187e-05,33.356335042111525,42.52399808799248,nan,nan,nan
430.64,181.638671875,-174.51792907714844,-61.88821792602539,182.43924356134892,-174.43877006004942,-61.89277347610353,0.8044886127274552,0.3592639047918448,0.05350662203524292,3.561835744610345e-05,33.222632234711554,42.06559942891623,nan,0.12003433648284713,nan
430.65000000000003,181.630126953125,-174.5240936279297,-61.88954162597656,182.4379385360361,-174.44419519639973,-61.89427194441355,0.8117670163038296,0.35919475172991616,0.05350157850038025,3.630645377589418e-05,33.81244634850931,42.115009255904205,1.4019227065279682,nan,nan
430.66,181.62158203125,-174.5302734375,-61.890838623046875,182.42946737008955,-174.45005883445435,-61.89645040404705,0.8118772045941839,0.35924612589415694,0.05352110945122802,3.5566920797292504e-05,34.017776344601515,42.84351134065595,nan,0.4201623855782839,nan
430.67,181.613037109375,-174.53648376464844,-61.89210891723633,182.4210013690014,-174.45594601766604,-61.897827451637426,0.8119884698432227,0.3592975874745572,0.0535407060071272,3.627621921240847e-05,33.970586771468824,42.697037025360984,nan,nan,nan
430.68,181.60450744628906,-174.542724609375,-61.89335250854492,182.41253629857704,-174.4618597795775,-61.89911873646046,0.8120855842904576,0.35934913651195044,0.05356036825044565,3.553881443346839e-05,33.941173686754006,42.850319357182364,nan,0.0025680248414084172,nan
430.69,181.59596252441406,-174.54898071289062,-61.89457321166992,182.4040715298777,-174.4678003174623,-61.9004466047496,0.8121975856031689,0.3594007732471517,0.05358009638390459,3.624791737356383e-05,33.89298151934178,42.93603766144842,nan,nan,nan
430.7,181.58741760253906,-174.55526733398438,-61.89576721191406,182.38751990519475,-174.47394917942353,-61.90356186740936,0.8042618315140949,0.35933155165707126,0.053574992546574364,3.5491173836351634e-05,34.12012780622423,43.32964081145097,1.6499011532505086,2.0126242830298917,nan
430.71000000000004,181.57888793945312,-174.56158447265625,-61.896942138671875,182.41506280419702,-174.5124217980085,-61.904843786733174,0.8376561401016999,0.35467948878698125,0.04977238995932716,3.619804184649685e-05,41.29202440609279,50.53172812226003,nan,nan,0.2758757959612547
430.72,181.57034301757812,-174.56793212890625,-61.89809036254883,182.4064795485184,-174.5183796714612,-61.90452523009497,0.8376282898350715,0.3547332761692826,0.04978446575299349,3.5465517795658984e-05,40.65371421321747,49.46763318884628,nan,1.7508190366077023,nan
430.73,181.56179809570312,-174.5742950439453,-61.89921569824219,182.39799304196285,-174.52446266283314,-61.90576478533809,0.8377040914901875,0.35478715582390635,0.049796605521905235,3.617345801395233e-05,40.5887987053109,49.83638950601967,nan,nan,nan
430.74,181.5532684326172,-174.5806884765625,-61.90031814575195,182.38931783070848,-174.5303746839412,-61.90379898279689,0.8375692150522734,0.354841117484332,0.049808798197679305,3.544274047948332e-05,39.66185149952205,49.032108768076576,nan,6.976170991202267,nan
430.75,181.5447235107422,-174.5871124267578,-61.901397705078125,182.39113448981652,-174.5344515222913,-61.904942220688895,0.8480549981856838,0.3547687976601656,0.04980408011628431,3.6128445081607804e-05,40.94223348724257,49.02987120702831,5.482120447444462,nan,nan
430.76,181.53619384765625,-174.5935516357422,-61.90245819091797,182.38264333155922,-174.54056453296064,-61.905748323095324,0.8481127205923367,0.3548225237269158,0.04981631242051933,3.5400310485901e-05,40.81917338400048,49.53834026854388,nan,0.07870687287882278,nan
430.77,181.52764892578125,-174.60000610351562,-61.90349578857422,182.37417253345595,-174.54672194225236,-61.906868648441446,0.8482056333082202,0.35487634169267274,0.049828608521019724,3.6107273242351974e-05,40.7467456224322,49.606869289758556,nan,nan,nan
430.78000000000003,181.5191192626953,-174.6064910888672,-61.90451431274414,182.36556315342727,-174.5527611642718,-61.905567022822176,0.8481481434000759,0.3549302418536694,0.04984095823715747,3.538075294461299e-05,40.38144977866709,49.27461286006268,nan,3.9857852047825,nan
430.79,181.51058959960938,-174.61300659179688,-61.905513763427734,182.35709338629826,-174.55896570967087,-61.90662469174062,0.8482277477077097,0.3549842340600035,0.04985337182857128,3.608771839546791e-05,40.30434956370604,48.93172721285569,nan,nan,nan
430.8,181.50204467773438,-174.61953735351562,-61.906490325927734,182.33402656046277,-174.55466075722182,-61.90672542721657,0.8345075680948479,0.35491181901138885,0.04984873111348313,3.534147786562923e-05,41.31421648203235,49.54569820116435,8.550275625126327,0.4778666525793756,nan
430.81,181.49351501464844,-174.6260986328125,-61.907447814941406,182.32553071892312,-174.56087660247695,-61.90773519450555,0.8345682284797326,0.35496557519709615,0.0498611836564982,3.604760213325582e-05,41.237252676575885,49.51222069539953,nan,nan,nan
430.82,181.4849853515625,-174.63267517089844,-61.90838623046875,182.31697876227088,-174.56705773816657,-61.90771852438761,0.8345772155839699,0.3550194137659098,0.049873690499253026,3.532489823199059e-05,41.168332361410215,49.75487784032897,nan,0.704048383220738,nan
430.83,181.47645568847656,-174.6392822265625,-61.909305572509766,182.308484071481,-174.5733182536726,-61.90868177506898,0.834639362220372,0.3550733440072752,0.04988626106451168,3.60310920811712e-05,41.08904532825139,49.41162944921647,nan,nan,nan
430.84000000000003,181.46791076660156,-174.64590454101562,-61.91020965576172,182.30000769845017,-174.57961860867223,-61.90994808455107,0.8347330095533555,0.355127357061503,0.049898886414436454,3.5309728644377016e-05,41.00248339712971,49.24805854135038,nan,0.0713165912297169,nan
430.85,181.45938110351562,-174.6525421142578,-61.91109085083008,182.25796201169365,-174.57172975286508,-61.91074229608847,0.8026594708534347,0.35505485665575925,0.04989432860194665,3.599394942431177e-05,41.28756926121749,50.36107592856726,12.676830844022382,nan,nan
430.86,181.4508514404297,-174.65921020507812,-61.91196060180664,182.24934846791967,-174.57796194506471,-61.91048670385627,0.8026213023840815,0.3551086335395167,0.04990699263074353,3.527470598102767e-05,41.2683826669894,49.906795402419725,nan,0.9475113258642234,nan
430.87,181.44232177734375,-174.66590881347656,-61.91280746459961,182.2407993151024,-174.58427861607194,-61.911370781094284,0.8026405992054848,0.3551625017254232,0.04991972024653563,3.598024277812329e-05,41.188834934247794,49.651985860079286,nan,nan,nan
430.88,181.4337921142578,-174.6725616455078,-61.913639068603516,182.2322877267462,-174.5906299439269,-61.91292436206845,0.8026883316035992,0.35521645290648046,0.049932503295777246,3.526217771985189e-05,41.06128048450973,50.31197887517367,nan,0.32688272561927556,nan
430.89,181.42526245117188,-174.6791534423828,-61.91445541381836,182.22373996602715,-174.59689333517576,-61.913783518799015,0.802703879653072,0.3552704955400135,0.04994535003567272,3.596786167593487e-05,40.972680560362946,49.5885086899015,nan,nan,nan
430.90000000000003,181.41673278808594,-174.68563842773438,-61.91525650024414,182.22850292949911,-174.60730072392732,-61.91314062367842,0.8155440118481482,0.35519790148593683,0.04994086219160705,3.5229724547763927e-05,41.251215750507285,49.68797343974087,1.5460022742471937,1.4374173289825163,nan
430.91,181.408203125,-174.69200134277344,-61.916038513183594,182.21997807860686,-174.6133687075414,-61.913954074425654,0.8155771033519048,0.3552517075275847,0.04995374690861796,3.593470421300004e-05,41.15308018189727,49.96965976997182,nan,nan,nan
430.92,181.39967346191406,-174.6982421875,-61.916805267333984,182.21151384853695,-174.61937802930538,-61.91591204698361,0.8156624097274217,0.3553055967409589,0.04996668768231579,3.5219617633863476e-05,40.96195335224444,49.91407510412894,nan,0.9367552670560474,nan
430.93,181.39114379882812,-174.70437622070312,-61.91755676269531,182.202989645455,-174.62520823942575,-61.91670809629496,0.8156972282529291,0.3553595770433257,0.04997969203897953,3.592479326148226e-05,40.869348281209554,49.34117000530531,nan,nan,nan
430.94,181.38262939453125,-174.7103729248047,-61.918296813964844,182.1944673855673,-174.63091958008806,-61.917522821250095,0.8157170813099478,0.3554136409403079,0.04999275291186043,3.521065472143746e-05,40.77160923063801,50.20012223932697,nan,0.0007555473402257074,nan
430.95,181.3740997314453,-174.7162628173828,-61.91901779174805,182.17543875792836,-174.62460664470888,-61.91829258050451,0.8065640800862527,0.3553409617202867,0.04998833850148201,3.589403117571835e-05,42.422050287936386,50.60150023468638,12.626368051609518,nan,nan
430.96000000000004,181.36557006835938,-174.72203063964844,-61.91972732543945,182.16691830638803,-174.63005832715123,-61.919552327349415,0.8066089111099877,0.3553947888718354,0.05000143699909392,3.5181626297462636e-05,42.319505861172814,50.668371872856355,nan,0.1781545416709222,nan
430.97,181.35704040527344,-174.72769165039062,-61.9204216003418,182.15837212546182,-174.63536996405895,-61.92029887625597,0.8066324036439421,0.35544870675492884,0.050014598989700516,3.588637388971048e-05,42.23213114799123,50.404084405464715,nan,nan,nan
430.98,181.3485107421875,-174.7332305908203,-61.92110061645508,182.14986307711817,-174.64060369552874,-61.92178707767378,0.8066881539102931,0.3555027083983614,0.05002781808386233,3.5174783158848304e-05,42.15637824504519,50.75254358221039,nan,0.3979321052664286,nan
430.99,181.33998107910156,-174.73866271972656,-61.92176818847656,182.1413167154761,-174.6456903466476,-61.92251579080957,0.8067113629973119,0.3555568009321753,0.0500411008001595,3.587978012481001e-05,42.07078161240369,50.546331153347424,nan,nan,nan
431.0,181.33145141601562,-174.74398803710938,-61.922420501708984,182.12849714969127,-174.64877902204614,-61.92220978596033,0.8027120919239883,0.3554840295999761,0.050036748591574365,3.514780260944055e-05,42.10385166689994,50.671079019552046,0.8385704147054716,0.9158567711933857,nan
431.01,181.3229217529297,-174.74920654296875,-61.92306137084961,182.11994253358836,-174.6536452242515,-61.92290508538415,0.8027291665698221,0.35553788497737443,0.05005006820801133,3.585219086601987e-05,42.01641555997261,50.62226425738248,nan,nan,nan
431.02,181.31439208984375,-174.7544708251953,-61.92379379272461,182.1113255441462,-174.65841938000028,-61.92234163324595,0.8027022607901755,0.3555918242721834,0.05006344548997693,3.514288429561449e-05,42.00519449500618,50.4526046597833,nan,1.1816735837477794,nan
431.03000000000003,181.3058624267578,-174.759765625,-61.924617767333984,182.10277002877672,-174.6632902005467,-61.92315642622677,0.8027274563616209,0.35564585411141464,0.05007688633193426,3.584755634926946e-05,41.93250785120207,50.70021870324821,nan,nan,nan
431.04,181.29733276367188,-174.7650909423828,-61.92552947998047,182.09412246529288,-174.66811302164706,-61.922099226532545,0.8026769663807748,0.355699968280452,0.05009038527348711,3.513887379002516e-05,42.13393255865842,51.293660955858115,nan,2.6992159713375856,nan
431.05,181.28880310058594,-174.7704620361328,-61.92652893066406,182.11054459486581,-174.67862208320986,-61.923153872458194,0.8268645907233592,0.35562711200755087,0.050086096937979385,3.58218540830824e-05,42.969487248749054,51.23157709342988,5.599293276659487,nan,nan
431.06,181.2802734375,-174.77586364746094,-61.92761993408203,182.10200121331818,-174.68357880283097,-61.92364150638969,0.8269031732835268,0.35568098885947397,0.05009963234967763,3.51145889764269e-05,43.03027608531334,51.480040354064805,nan,0.23535484760867137,nan
431.07,181.27174377441406,-174.78131103515625,-61.928794860839844,182.0934839622933,-174.68859683684494,-61.924790749069935,0.8269636581225253,0.3557349559183919,0.05011323127643552,3.581898943405056e-05,42.957006900527986,51.26316931277928,nan,nan,nan
431.08,181.26321411132812,-174.7867889404297,-61.9300537109375,182.08496210298696,-174.69364738322503,-61.925934261251335,0.82702000056804,0.35578900744977643,0.05012688882970343,3.51122401467374e-05,42.921254849648385,51.564039716766345,nan,0.006039138162309065,nan
431.09000000000003,181.2546844482422,-174.7923126220703,-61.931396484375,182.0764441394918,-174.6987375962407,-61.927255621917375,0.8270806625496453,0.35584314935856987,0.050140610052272036,3.581695882443112e-05,42.847227274339986,51.242993481196656,nan,nan,nan
431.1,181.24615478515625,-174.79786682128906,-61.93282699584961,182.0611351081397,-174.71030727981343,-61.92871215261919,0.8196807501023998,0.3557702052181378,0.05013637812588971,3.6513138326609825e-05,40.998277548958846,50.304371676950325,10.065685107819517,nan,nan
431.11,181.23760986328125,-174.80345153808594,-61.9343376159668,182.05261009928878,-174.71550529725076,-61.93020367004951,0.8197420420340925,0.35582410941137577,0.05015013507649146,3.7245732198655974e-05,40.92033031684884,50.20747370698088,nan,nan,nan
431.12,181.2290802001953,-174.80906677246094,-61.93592834472656,182.04412041310675,-174.72076991105098,-61.93260005152499,0.8198158097604682,0.3558780979941277,0.05016395097676697,3.645403851145066e-05,40.69033148314292,50.60758876428503,nan,0.4387320682070083,nan
431.13,181.22055053710938,-174.81471252441406,-61.937599182128906,182.03559519838618,-174.72603623706652,-61.934265125960934,0.8198612076102206,0.3559321768464845,0.05017783070703284,3.71852553838837e-05,40.60961369161744,50.748733487369506,nan,nan,nan
431.14,181.21202087402344,-174.82040405273438,-61.93935012817383,182.0270884158049,-174.73135267424874,-61.93644593780642,0.8199229719904039,0.35598634050536204,0.05019176981170648,3.6397076841219135e-05,40.469079442328265,50.18016301047708,nan,0.12323127824112307,nan
431.15000000000003,181.2034912109375,-174.8261260986328,-61.94118118286133,181.99527997725363,-174.73713601632144,-61.93833366185026,0.7967790117655669,0.35591330893573875,0.05018758981285946,3.710343546625929e-05,38.613344898443174,49.5264140013799,11.109958300279121,nan,nan
431.16,181.19496154785156,-174.83187866210938,-61.94308853149414,181.98663361662443,-174.74245141704566,-61.9381459403027,0.7967222388276138,0.3559672347265591,0.050201564150581676,3.631965788894713e-05,38.99057831830877,50.13475144082936,nan,2.8827334089360273,nan
431.17,181.18641662597656,-174.83766174316406,-61.94507598876953,181.97807409263623,-174.74787706091527,-61.94011410848448,0.7967480492228949,0.35602125044051214,0.050215602286470006,3.7047444449796885e-05,38.906506917111194,49.71608300870804,nan,nan,nan
431.18,181.17788696289062,-174.84347534179688,-61.947105407714844,181.96956344985912,-174.7533781258349,-61.94334891435671,0.7967956322578779,0.35607535110760463,0.05022970029327648,3.6266968998043156e-05,38.55369421124985,49.98139851651892,nan,0.9529322635250677,nan
431.19,181.1693572998047,-174.8493194580078,-61.94913864135742,181.96100424378048,-174.75886752629876,-61.94541573698915,0.7968063101363123,0.3561295418667428,0.05024386226354672,3.699361883751826e-05,38.46176523900139,49.9332715612435,nan,nan,nan
431.2,181.16082763671875,-174.85520935058594,-61.95115280151367,181.96851165546522,-174.75501280369448,-61.9461392651396,0.8138906300568862,0.35605642092334433,0.050239727813495984,3.61939633568787e-05,41.84717890200372,51.13633556679392,27.872779619858253,0.8969343471454508,nan
431.21000000000004,181.1522979736328,-174.86111450195312,-61.9531364440918,181.95997309369227,-174.76050438675028,-61.948160754258716,0.813932584636776,0.3561103734171717,0.050253924233975907,3.691864007466602e-05,41.75054646447569,51.694383328590995,nan,nan,nan
431.22,181.14376831054688,-174.86705017089844,-61.95508575439453,181.95153870287706,-174.7661173988301,-61.95283459418515,0.814054972913346,0.35616441099472834,0.05026818099481356,3.614541963269148e-05,41.1474023038793,51.156518801665115,nan,4.760160145032421,nan
431.23,181.13523864746094,-174.87301635742188,-61.95699691772461,181.94300036299157,-174.7716694909302,-61.95481795517207,0.8140976134975915,0.3562185383409066,0.05028250171835903,3.686911279909767e-05,41.06320058329049,51.19541813237251,nan,nan,nan
431.24,181.126708984375,-174.87901306152344,-61.9588737487793,181.9344196228604,-174.77721433197974,-61.9556456701492,0.8141067972636201,0.3562727511681937,0.05029688317895939,3.60988745158173e-05,41.150450747578844,51.19702699452935,nan,0.832177248500574,nan
431.25,181.11817932128906,-174.88504028320312,-61.960716247558594,181.9577407520031,-174.78825157341953,-61.95753546866218,0.8451281368162877,0.356199546051234,0.05029279341903374,3.679854655194119e-05,42.51679494148074,51.4631982504223,9.611200496028044,nan,nan
431.26,181.10964965820312,-174.89109802246094,-61.962520599365234,181.94923043268628,-174.79386307583343,-61.9587871436014,0.8452008343697527,0.35625352044360703,0.050307208763826085,3.603214207703289e-05,42.55889360480694,51.5577064673915,nan,0.2506044179898695,nan
431.27,181.1011199951172,-174.89718627929688,-61.96428680419922,181.94074313036572,-174.79952284980823,-61.96061124785646,0.845292058651023,0.3563075842957978,0.05032168808846095,3.675316547259916e-05,42.47018517851764,51.554285238829436,nan,nan,nan
431.28000000000003,181.09259033203125,-174.90330505371094,-61.96601867675781,181.93221984544752,-174.80518005140195,-61.96139864043747,0.8453564813813063,0.3563617337366477,0.050336228583866924,3.598953919697348e-05,42.6266189644365,51.649788982166875,nan,0.6701449001543907,nan
431.29,181.0840606689453,-174.90943908691406,-61.96772003173828,181.92373292983802,-174.8108962760865,-61.96314464549188,0.8454472931163582,0.35641597282532145,0.05035083325070587,3.670977904875147e-05,42.532149499726,51.92736564335009,nan,nan,nan
431.3,181.07553100585938,-174.91561889648438,-61.969383239746094,181.9016427435741,-174.80943021462065,-61.9664293235927,0.8329137800316535,0.3563426797284474,0.050346780389765707,3.5926827816280525e-05,42.635102171272464,51.54465444620731,2.905040901602236,1.5586604147576764,nan
431.31,181.06700134277344,-174.92181396484375,-61.97101593017578,181.8931327337128,-174.8151826518498,-61.968125515091984,0.8329895956766709,0.3563966800072914,0.05036141814029265,3.6645446755527e-05,42.550679150172506,51.79015647037435,nan,nan,nan
431.32,181.0584716796875,-174.9280242919922,-61.97261428833008,181.88467473340722,-174.82100532442095,-61.97129377236345,0.8331064092648834,0.3564507659674857,0.05037611747175005,3.5888009837076425e-05,42.299423478283195,52.07686209604046,nan,1.5179718079774382,nan
431.33,181.04994201660156,-174.9342803955078,-61.97418212890625,181.8761651145687,-174.82681128527236,-61.972941314049656,0.833184107440073,0.356504941288031,0.05039088101770526,3.6605972263014326e-05,42.22472410622187,51.29149961963825,nan,nan,nan
431.34000000000003,181.04141235351562,-174.9405517578125,-61.97571563720703,181.86756321388543,-174.83256669710912,-61.971801926071215,0.8331874546341547,0.3565592026691693,0.05040570651736174,3.585101084630213e-05,42.539478379741865,52.16231359271028,nan,5.107174387448736,nan
431.35,181.0328826904297,-174.9468536376953,-61.97722244262695,181.8610437013288,-174.84558063331605,-61.973428129650266,0.8343388269764421,0.3564858257486799,0.05040168858525408,3.654561015584267e-05,41.27882757386489,51.07298954564204,5.214200714339778,nan,nan
431.36,181.02435302734375,-174.95318603515625,-61.978694915771484,181.85253723186008,-174.85149160997835,-61.97485047094949,0.8344133343125597,0.356539848136197,0.050416546532737735,3.579395293543688e-05,41.22764620761513,51.06648697177855,nan,0.008021491018878597,nan
431.37,181.01583862304688,-174.95953369140625,-61.980140686035156,181.84403471264372,-174.85743091022917,-61.976352066739835,0.8344747416092132,0.35659395960994406,0.050431468752311005,3.650987258951211e-05,41.134620872678774,51.632726239966274,nan,nan,nan
431.38,181.00730895996094,-174.96591186523438,-61.98155975341797,181.8355037779867,-174.8633717563118,-61.97692194596197,0.8345313893440917,0.356648157215889,0.050446453305033764,3.576050132819163e-05,41.27189226189772,51.175603027008,nan,0.5519139941826429,nan
431.39,180.998779296875,-174.97232055664062,-61.982948303222656,181.82700210769767,-174.86936096600076,-61.97835903416282,0.8346105457410845,0.35670244411354074,0.05046150234372511,3.647592747076203e-05,41.17789725828808,51.01128767420364,nan,nan,nan
431.40000000000003,180.99024963378906,-174.97874450683594,-61.98430633544922,181.84482886189184,-174.88375575568398,-61.98082307356908,0.8598492036767118,0.3566289805157839,0.05045751240485552,3.570702396066964e-05,41.30443684322161,51.23686369349331,5.6055376146017935,0.6870760141447706,nan
431.41,180.9817352294922,-174.98519897460938,-61.98564147949219,181.8363710822404,-174.88980376915674,-61.98221810725085,0.8599502343179519,0.3566830280657218,0.05047259307033951,3.642111607141108e-05,41.215519901140496,51.07549006240883,nan,nan,nan
431.42,180.97320556640625,-174.99166870117188,-61.9869499206543,181.8278841093927,-174.89585210432392,-61.98261638114382,0.8600436103115066,0.35673716180599313,0.050487736428138176,3.567694651636851e-05,41.348693379553545,51.27706860438127,nan,0.6401024608309528,nan
431.43,180.96469116210938,-174.9981689453125,-61.98823165893555,181.81942695924732,-174.9019475666103,-61.983950537974124,0.8601454322526422,0.35679138458311593,0.05050294435062844,3.6390648505242876e-05,41.25478156329292,51.29982199967696,nan,nan,nan
431.44,180.95616149902344,-175.0046844482422,-61.98948669433594,181.81096842589326,-174.9080648823188,-61.985196817558354,0.8602607894043696,0.35684569391344284,0.050518215318134004,3.564848605041809e-05,41.19579273128165,51.3508653634089,nan,0.0027130589954267466,nan
431.45,180.9476318359375,-175.01123046875,-61.99071502685547,181.8204717707688,-174.91820272820956,-61.98667917853403,0.8777926864687491,0.3567721469275858,0.0505142505384457,3.633933230160249e-05,41.71596093489163,51.387208734160794,4.372775455000543,nan,nan
431.46000000000004,180.93911743164062,-175.01779174804688,-61.991920471191406,181.8120824093938,-174.92439656247598,-61.989254029619914,0.8779508089762746,0.35682621671394654,0.05052955243275374,3.559999139486373e-05,41.395755772595294,51.62141209714921,nan,1.1701030936460572,nan
431.47,180.9305877685547,-175.02438354492188,-61.99310302734375,181.8036558707114,-174.9305834987873,-61.990508795524015,0.8780962872584624,0.3568803752942152,0.05054491898190379,3.631215716929237e-05,41.31230283963643,50.91900173269423,nan,nan,nan
431.48,180.9220733642578,-175.03099060058594,-61.9942626953125,181.79523642248992,-174.93679777521513,-61.991981050938904,0.8782318717250205,0.35693462046693186,0.050560348909152376,3.557465159674465e-05,41.201790352210374,51.38183122510169,nan,0.0394133450653749,nan
431.49,180.91355895996094,-175.03762817382812,-61.995399475097656,181.78681070733666,-174.94302881684072,-61.99319335978343,0.8783635463644623,0.3569889546546675,0.050575843723687015,3.62865571588792e-05,41.11970764988705,51.01085620255448,nan,nan,nan
431.5,180.905029296875,-175.04428100585938,-61.99650955200195,181.7625457598015,-174.94554687905878,-61.995590882452134,0.8631823422306486,0.3569153222118224,0.050571897818653316,3.552927839322271e-05,40.59145782056637,50.87304101278467,2.0336631097212465,1.034095978595485,nan
431.51,180.89651489257812,-175.0509490966797,-61.99760055541992,181.75409541151296,-174.9518202776115,-61.99677180199252,0.8632911189504073,0.35696941652056163,0.050587422715926686,3.624007883285185e-05,40.514087096171316,51.24651653010592,nan,nan,nan
431.52,180.8879852294922,-175.05764770507812,-61.9986686706543,181.7457239432131,-174.95817420513927,-62.000909382952294,0.8634904162741505,0.3570235974490243,0.05060301130708895,3.550688105051281e-05,40.56685356478385,50.70653675395033,nan,6.078982121738242,nan
431.53000000000003,180.8794708251953,-175.06436157226562,-61.999717712402344,181.73727460431357,-174.96448987644786,-62.00207847838566,0.8636013271823451,0.3570778671665839,0.05061866489243038,3.6217503817469375e-05,40.50739165096989,51.08482358532001,nan,nan,nan
431.54,180.87095642089844,-175.07110595703125,-62.0007438659668,181.72878972770417,-174.97079929190073,-62.00181742142041,0.8636785060751322,0.35713222385226656,0.0506343825078312,3.5485890267387794e-05,40.31593089528943,50.61807742586185,nan,1.3650752911581097,nan
431.55,180.86244201660156,-175.07786560058594,-62.00175094604492,181.73330312471816,-174.98014896322383,-62.00293457403686,0.8763270005098861,0.35705850853350685,0.05063045198763228,3.61740400842873e-05,40.726060463162455,50.858498679826525,1.3473250409890016,nan,nan
431.56,180.85391235351562,-175.0846405029297,-62.00273513793945,181.7248838485035,-174.98653188570412,-62.00433386890209,0.8764811474276176,0.35711262513332653,0.050646198926994235,3.5444817594730845e-05,40.68943420170579,50.87092947812261,nan,0.06321078456650257,nan
431.57,180.84539794921875,-175.09144592285156,-62.00370407104492,181.71645763586602,-174.9929292235683,-62.005414269409805,0.8766147628908374,0.35716683030671836,0.05066201097605558,3.6154304719229565e-05,40.629099914898156,50.50386599103657,nan,nan,nan
431.58,180.83688354492188,-175.09825134277344,-62.0046501159668,181.70803238653866,-174.99934664175126,-62.006494269597326,0.8767473096834508,0.3572211224589108,0.05067788734907846,3.54265142860938e-05,40.571436605533734,51.41888247703272,nan,0.00022479147643713623,nan
431.59000000000003,180.828369140625,-175.10508728027344,-62.005577087402344,181.69960710411536,-175.00578322216708,-62.00753830460486,0.8768812527110685,0.3572755034194938,0.0506938290794182,3.613592476414474e-05,40.51119936375023,50.94174175579164,nan,nan,nan
431.6,180.81985473632812,-175.11195373535156,-62.00648880004883,181.71444827763776,-175.02313558303632,-62.00801340232663,0.8989930993871462,0.35720170379108585,0.0506899081432526,3.53881083153909e-05,40.14974959108394,49.92594400882559,6.714709040016525,0.13514378177642813,nan
431.61,180.81134033203125,-175.1188201904297,-62.00737762451172,181.70606343749716,-175.02963438604218,-62.00901599223595,0.8991586219392086,0.3572558443479596,0.05070587832836847,3.609659230531816e-05,40.08623996805933,50.87022004550177,nan,nan,nan
431.62,180.80282592773438,-175.12571716308594,-62.00825119018555,181.69768838126234,-175.03615807089787,-62.010400567214084,0.8993354555165988,0.3573100718838725,0.05072191311673651,3.53723176222807e-05,40.072561015004695,50.24502287071934,nan,0.110002071024672,nan
431.63,180.7943115234375,-175.13262939453125,-62.00910949707031,181.68930502324952,-175.0426938765579,-62.01137339258672,0.8995036894431317,0.3573643880273768,0.05073801339074811,3.608078953912259e-05,40.01353211597172,50.233868821697556,nan,nan,nan
431.64,180.78579711914062,-175.13955688476562,-62.00994873046875,181.68095959890513,-175.0492738854057,-62.01403119073195,0.8997130384924775,0.3574187914857817,0.05075417859083886,3.535772543006266e-05,40.271885342183104,50.719381991457176,nan,2.0017016574919206,nan
431.65000000000003,180.77728271484375,-175.14645385742188,-62.010772705078125,181.6812301757736,-175.0596147747233,-62.0149714890971,0.9081187522525371,0.3573449095608354,0.05075026326529456,3.604400594808897e-05,40.2340955296573,50.75919208862334,0.7878586849944919,nan,nan
431.66,180.76878356933594,-175.15328979492188,-62.01157760620117,181.67282293967006,-175.06609228146112,-62.01401829731061,0.9082381551338493,0.3573990723999194,0.050766456107537834,3.532295652575962e-05,39.83552774569579,49.947512648024365,nan,2.4875803180525766,nan
431.67,180.76026916503906,-175.16000366210938,-62.012367248535156,181.66445637615516,-175.07250316483197,-62.01492575595296,0.9084147707572255,0.357453323654677,0.05078271456989656,3.603060221629771e-05,39.766625401436634,50.19451779298355,nan,nan,nan
431.68,180.7517547607422,-175.16659545898438,-62.01314163208008,181.65604930474493,-175.07877318249976,-62.013820022102486,0.908549302334817,0.3575076622102617,0.050799038219466325,3.531063139939932e-05,39.514587420743496,50.04778021289044,nan,2.7692797257195485,nan
431.69,180.7432403564453,-175.17306518554688,-62.01390075683594,181.6476838194592,-175.0849490649157,-62.014678164720124,0.9087260494046826,0.3575620894281212,0.050815427748912484,3.601834140604643e-05,39.435062461071674,49.898876949073774,nan,nan,nan
431.7,180.7347412109375,-175.17941284179688,-62.014644622802734,181.6608648693953,-175.12178126902464,-62.01374071598659,0.9279155381730683,0.3574576459003476,0.049632981456318316,3.527688669638656e-05,48.95169930835237,59.144560289441884,5.205870078244737,2.1631685704525014,0.526025879519688
431.71000000000004,180.72622680664062,-175.18563842773438,-62.01537322998047,181.65252506313138,-175.12775307137693,-62.01455283683397,0.928105515285494,0.3575115915510763,0.04964520010172884,3.598377863545232e-05,48.8415687964995,58.77750235309988,nan,nan,nan
431.72,180.71771240234375,-175.19174194335938,-62.01608657836914,181.6442182643534,-175.13371031231657,-62.017739140097,0.9283229575422665,0.3575656237892662,0.04965747392654804,3.526670498447778e-05,48.79505610249407,58.77534937159291,nan,3.963964168339052,nan
431.73,180.70921325683594,-175.1977081298828,-62.016788482666016,181.63587840690923,-175.1394361322945,-62.01854800700105,0.9284971846964173,0.35761974330886775,0.04966980909875814,3.5973712110950905e-05,48.69338126642395,59.52151497061933,nan,nan,nan
431.74,180.70069885253906,-175.2035675048828,-62.01747512817383,181.62755307070003,-175.14509150959077,-62.02045365180041,0.9287018118595279,0.35767394972872657,0.049682199888687426,3.525752348023459e-05,48.75313220033852,58.92863181066727,nan,0.8569729914448313,nan
431.75,180.6921844482422,-175.20932006835938,-62.01814651489258,181.59616701106015,-175.149637397492,-62.021240612439904,0.9059558866304805,0.3576006335291275,0.04967745216475747,3.5942541949518244e-05,46.927217415999976,57.6771762704127,10.335907127197546,nan,nan
431.76,180.6836700439453,-175.21495056152344,-62.01880645751953,181.58779589353756,-175.1550454413033,-62.022287133622065,0.9061149432801697,0.35765460193233817,0.04968988155278587,3.5228043166471505e-05,46.8970449203644,57.95781507380019,nan,0.049007496665329636,nan
431.77,180.6751708984375,-175.22061157226562,-62.01955795288086,181.57942094065623,-175.16040165055784,-62.02311112773897,0.9062593439938772,0.35770865748194647,0.0497023722567934,3.5934459565136744e-05,46.811155274917716,58.341924699195694,nan,nan,nan
431.78000000000003,180.66665649414062,-175.22630310058594,-62.0203971862793,181.5710289909675,-175.16573293202754,-62.02264768443956,0.9064013587137038,0.3577627998797133,0.0497149191371327,3.522073375794739e-05,46.510901952326805,58.083498158535825,nan,1.3259980459087035,nan
431.79,180.65814208984375,-175.23202514648438,-62.02132797241211,181.56265340286873,-175.17115584763977,-62.02364037641918,0.9065600554537494,0.3578170296919393,0.04972752748376762,3.592732104569547e-05,46.422540926744176,58.07897096492675,nan,nan,nan
431.8,180.64962768554688,-175.23779296875,-62.02234649658203,181.5297738447802,-175.17316193750057,-62.02267184678534,0.8825160268608776,0.3577436316930796,0.04972285634838719,3.519308545552974e-05,44.92349745603484,56.76030539414047,7.669413596877794,2.6779063411832746,nan
431.81,180.64111328125,-175.24359130859375,-62.02345275878906,181.5213596622233,-175.17866262138938,-62.0238218002216,0.88263784296292,0.3577976232065645,0.04973550268940006,3.589898411253523e-05,44.83132695088223,56.797349906887,nan,nan,nan
431.82,180.63259887695312,-175.24940490722656,-62.02464294433594,181.5129427395508,-175.1841870785336,-62.02484909677924,0.8827563220343649,0.3578517015105807,0.049748205740574064,3.5187496323306876e-05,44.73197654571955,57.66889526995723,nan,0.030850501435903135,nan
431.83,180.62408447265625,-175.25526428222656,-62.02592086791992,181.5045279033172,-175.18975173645157,-62.02617119655616,0.8828774495434735,0.35790586710149597,0.049760970253749384,3.589360275224153e-05,44.63884102263069,56.875705673559644,nan,nan,nan
431.84000000000003,180.61557006835938,-175.2611541748047,-62.02728271484375,181.49608468860453,-175.1952428133602,-62.024896985519405,0.8829813110917671,0.3579601197888559,0.04977379189044409,3.518272536151745e-05,44.70504523712155,57.07080813121608,nan,5.0264802557843815,nan
431.85,180.6070556640625,-175.26707458496094,-62.02872848510742,181.49236045982158,-175.20281118985957,-62.02632238075356,0.8876374004525427,0.3578866407413092,0.04976919806793817,3.58669807119869e-05,44.66462913789416,57.013612673648296,0.2969301964615206,nan,nan
431.86,180.59854125976562,-175.2730255126953,-62.03025436401367,181.483949361774,-175.20845623279664,-62.02745513580228,0.8877637831581533,0.357940654881783,0.04978205734483129,3.5157521679437566e-05,44.63257176413245,57.15088829991368,nan,0.12132104312680189,nan
431.87,180.59002685546875,-175.2790069580078,-62.0318603515625,181.47554240073924,-175.21414708823187,-62.029082787548354,0.8878920533966416,0.3579947561856611,0.04979497809570305,3.586320661915636e-05,44.5314312662066,57.16545988655483,nan,nan,nan
431.88,180.58151245117188,-175.28500366210938,-62.03355026245117,181.46712358647886,-175.21982158026148,-62.02954272583608,0.8880156795482154,0.35804894452102176,0.049807956470248965,3.5154264891715695e-05,44.67660192886534,57.887867690262695,nan,1.0923871064847939,nan
431.89,180.57301330566406,-175.29104614257812,-62.035316467285156,181.4587168989982,-175.22557137877718,-62.031320472405554,0.8881293644030015,0.358103220294105,0.04982099649326524,3.58601965867988e-05,44.570910638818255,57.55085879585753,nan,nan,nan
431.90000000000003,180.5644989013672,-175.29710388183594,-62.03716278076172,181.45891713191293,-175.24134038705262,-62.03415498743148,0.8961599105649266,0.3580296602514372,0.04981647151224959,3.5130534077142724e-05,42.9334191397315,57.07401793351816,9.11184212250936,0.6832597987182717,nan
431.91,180.5559844970703,-175.30320739746094,-62.039085388183594,181.45052807827875,-175.2471858885658,-62.03610145892899,0.8963010275425892,0.35808369720394884,0.04982954854614578,3.583584882796395e-05,42.83025454387659,56.26609425913338,nan,nan,nan
431.92,180.54747009277344,-175.309326171875,-62.04108810424805,181.44212763887552,-175.25301328745982,-62.0367910576376,0.8964383583705727,0.358137821118587,0.04984268368079247,3.512865597647178e-05,43.010570271846774,57.00015733924021,nan,1.249211514489729,nan
431.93,180.53895568847656,-175.3154754638672,-62.043128967285156,181.43373893418473,-175.2589149718272,-62.0388637669518,0.8965792424508462,0.3581920323531332,0.04985588050061793,3.5834244360289195e-05,42.89657605628546,57.12197708347691,nan,nan,nan
431.94,180.5304412841797,-175.3216552734375,-62.0451774597168,181.42535704005456,-175.2648712974999,-62.04176969918115,0.8967219428943694,0.35824633085038354,0.0498691358115084,3.512743342211215e-05,42.624301204470214,56.44044774669595,nan,0.45922786971518437,nan
431.95,180.5219268798828,-175.32786560058594,-62.047203063964844,181.39477783069026,-175.26842483602059,-62.0438694514878,0.8748789057862376,0.3581726904134899,0.04986467906141608,3.5811260489336264e-05,41.31570171381768,55.932804002032896,6.395026368571526,nan,nan
431.96000000000004,180.51341247558594,-175.33409118652344,-62.049198150634766,181.38634528808146,-175.27437684371236,-62.04456410665929,0.8749851268634596,0.35822674984047526,0.04987797095373166,3.510564396407929e-05,41.518827234276344,56.82259201632403,nan,1.3336769253339928,nan
431.97,180.50489807128906,-175.34034729003906,-62.0511589050293,181.37792368886272,-175.2804004617072,-62.046592506434784,0.8750932539809946,0.35828089647255734,0.049891324582375544,3.5810929551354256e-05,41.39211239883416,56.53844242863315,nan,nan,nan
431.98,180.4963836669922,-175.3466339111328,-62.05308532714844,181.36952016430337,-175.2865269936668,-62.05101011581908,0.8752053993013087,0.35833513029226055,0.04990473714825625,3.510561931805331e-05,40.83621171095834,55.69232048323395,nan,4.122422350917559,nan
431.99,180.48788452148438,-175.35293579101562,-62.05497360229492,181.36109924589093,-175.29260267175795,-62.05299243884506,0.875298786248665,0.35838945159618213,0.04991821164702991,3.581120425047084e-05,40.72351072534365,56.54153375840371,nan,nan,nan
432.0,180.4793701171875,-175.35926818847656,-62.05682373046875,181.36021223328754,-175.2953961218471,-62.05395701121513,0.8831594943555762,0.35831573094315605,0.04991381564385889,3.508498876778702e-05,42.1123369614488,56.47998595605405,5.22336849484647,0.5446229711836392,nan
432.01,180.47085571289062,-175.36563110351562,-62.05863952636719,181.3518015158409,-175.30149836413852,-62.05585665543805,0.8832815295059139,0.3583698129102407,0.04992732606822115,3.579000578447152e-05,42.00047010466838,56.04056804122629,nan,nan,nan
432.02,180.46234130859375,-175.3720245361328,-62.06041717529297,181.34339498002632,-175.30764359091762,-62.05833300509776,0.8834052421267441,0.3584239819864274,0.049940895854959394,3.5086044072549886e-05,41.81512973053561,55.728526596619865,nan,0.26308619463465893,nan
432.03000000000003,180.45382690429688,-175.37843322753906,-62.06216049194336,181.33498477810997,-175.31379520895388,-62.060168866799565,0.8835277237303569,0.3584782384362016,0.04995452764755252,3.579137948316982e-05,41.707520193027534,56.06188679928831,nan,nan,nan
432.04,180.44532775878906,-175.38485717773438,-62.06386947631836,181.3265741424685,-175.3199674269689,-62.06183703347231,0.8836345394598477,0.3585325822916261,0.0499682191721417,3.508761342484084e-05,41.616781046675115,56.78371448217761,nan,0.012565619448217704,nan
432.05,180.4368133544922,-175.3913116455078,-62.06554412841797,181.32792421430977,-175.3253652934322,-62.063582615372916,0.8935498494042424,0.3584587819215499,0.049963882214207236,3.577124196483048e-05,42.5398853117595,56.43430042825599,2.615869440566489,nan,nan
432.06,180.4282989501953,-175.39779663085938,-62.06718826293945,181.31953639605567,-175.33160909267696,-62.066558217639546,0.8936919894859854,0.3585128861899728,0.04997760916380913,3.5068489293595336e-05,42.35165905736117,55.80707331068134,nan,1.084353176796136,nan
432.07,180.4197998046875,-175.404296875,-62.06879425048828,181.31114195168996,-175.3378421633594,-62.06827243042716,0.893816157841404,0.35856707772346863,0.04999139820457005,3.5773601095870816e-05,42.25307951652567,56.73665382120103,nan,nan,nan
432.08,180.41128540039062,-175.41082763671875,-62.07037353515625,181.3027536839533,-175.34412805015168,-62.07105989743343,0.8939602936034676,0.35862135657971006,0.050005247374727405,3.507098413597107e-05,42.16678811809076,55.74437899201683,nan,0.8579594981537175,nan
432.09000000000003,180.40277099609375,-175.41737365722656,-62.07191848754883,181.29435978676486,-175.35040735214602,-62.07272301540729,0.8941005004648994,0.3586757229837332,0.050019158852219414,3.577642979671629e-05,42.0777905307627,56.19744023904688,nan,nan,nan
432.1,180.39427185058594,-175.4239501953125,-62.07343292236328,181.3066177761847,-175.35688546833376,-62.07474426776511,0.9148084417997981,0.3586018431574217,0.050014874236589714,3.505275111490096e-05,43.714267295089336,56.74049512795414,7.892534877812787,0.10702935161009575,nan
432.11,180.38575744628906,-175.4305419921875,-62.07491683959961,181.2982554373673,-175.36318834770967,-62.07635136620695,0.9149815052845776,0.3586559697138992,0.05002882045550046,3.575766046677821e-05,43.63182580682418,56.75837257796829,nan,nan,nan
432.12,180.37725830078125,-175.43716430664062,-62.07637023925781,181.28989335965124,-175.36951336063336,-62.077929570277746,0.9151403349692038,0.35871018353774564,0.05004282806307954,3.647688937513958e-05,43.55057692232284,56.63021362227384,nan,nan,nan
432.13,180.36874389648438,-175.4438018798828,-62.077796936035156,181.28153150519987,-175.37586025558446,-62.079479538441944,0.9153142160415194,0.3587644847734613,0.05005689720382715,3.721058234018508e-05,43.469514755376466,56.49807295107723,nan,nan,nan
432.14,180.36024475097656,-175.45045471191406,-62.079193115234375,181.27316908524875,-175.38222350779884,-62.08077701482084,0.9154719253255315,0.35881887353777053,0.050071027136453256,3.6422700465541274e-05,43.36933287347162,57.119888324809665,nan,0.032895929932216995,nan
432.15000000000003,180.3517303466797,-175.45713806152344,-62.080562591552734,181.26989921783746,-175.39008336567707,-62.08231142688151,0.9206158083713305,0.3587449146889639,0.05006679228931451,3.71313097040148e-05,43.487583504774776,56.38307138805025,0.27503466393091625,nan,nan
432.16,180.34323120117188,-175.46385192871094,-62.081905364990234,181.2615486950411,-175.39650838269674,-62.08430848490346,0.9207865918449093,0.3587990633562469,0.05008095640217073,3.634756048704072e-05,43.475393350317994,56.20843958891992,nan,0.18360386265124007,nan
432.17,180.334716796875,-175.47056579589844,-62.08321762084961,181.25319642278205,-175.4029421127426,-62.08575494754089,0.9209691763336381,0.3588532993635081,0.05009518310141247,3.7077674442199284e-05,43.39837930142817,57.07175100463685,nan,nan,nan
432.18,180.3262176513672,-175.47731018066406,-62.08450698852539,181.24484247569472,-175.4093834728408,-62.08659563595703,0.9211351518396196,0.3589076228110543,0.050109470958669695,3.629697524728974e-05,43.25406684062325,56.56908881180763,nan,0.22085088856125462,nan
432.19,180.3177032470703,-175.48406982421875,-62.08577346801758,181.23649101078158,-175.41585806868883,-62.08798602534709,0.9213189967367201,0.3589620338836052,0.050123821629879606,3.702587678714977e-05,43.17546934694199,56.338865505026874,nan,nan,nan
432.2,180.3092041015625,-175.49085998535156,-62.08700942993164,181.22006401568314,-175.42247380106065,-62.087911713618155,0.9134239253870973,0.35888799632281604,0.05011963039805737,3.6225634587936974e-05,42.40979100403664,55.85597219209322,1.8849136109323688,1.1442880134446418,nan
432.21000000000004,180.3007049560547,-175.49766540527344,-62.08822250366211,181.2117012150209,-175.42899750516315,-62.08923795953477,0.9135811378890277,0.3589421670426701,0.05013401453048575,3.695248150732269e-05,42.32417122394288,55.93822064969436,nan,nan,nan
432.22,180.2921905517578,-175.50448608398438,-62.089412689208984,181.20333147483404,-175.43549121527326,-62.0881363065473,0.9137503503503411,0.35899642511237395,0.05014846016847248,3.617861301093414e-05,42.25064549610674,55.729006863242795,nan,3.8153536756017297,nan
432.23,180.28369140625,-175.51132202148438,-62.090576171875,181.19496954914914,-175.44205347952277,-62.08939230486641,0.9139077558333105,0.35905077070442604,0.050162968739889076,3.690439758822864e-05,42.15118852043294,56.306963745200555,nan,nan,nan
432.24,180.2751922607422,-175.5181884765625,-62.09172058105469,181.18660915844072,-175.44864271897396,-62.09101871153919,0.9140666641059575,0.35910520393802886,0.05017753915717841,3.6133327064120024e-05,42.03679581582286,55.46568826128423,nan,0.10210483711848602,nan
432.25,180.26669311523438,-175.5250701904297,-62.092838287353516,181.1248722417778,-175.44634882704509,-62.092274521290136,0.8617823298955224,0.3590310880617303,0.05017338838564382,3.68348826973542e-05,39.74685324422415,54.974161656733095,27.174398541578295,nan,nan
432.26,180.25819396972656,-175.53196716308594,-62.093936920166016,181.11642643903357,-175.45297115903952,-62.09283233279649,0.8618611025805548,0.35908528069413953,0.05018799163847871,3.606749032605157e-05,39.67828357994033,54.93710187179897,nan,0.26929066547023867,nan
432.27,180.2496795654297,-175.53887939453125,-62.09501266479492,181.10798266911232,-175.45962392344094,-62.0939995961219,0.8619551460471234,0.3591395607471476,0.0502026579538427,3.679044143438675e-05,39.579282296089644,54.73878177347913,nan,nan,nan
432.28000000000003,180.24118041992188,-175.54580688476562,-62.096065521240234,181.09953770467453,-175.46628119555277,-62.09438965382609,0.8620350178875121,0.35919392834872016,0.05021738643910733,3.6025681515647317e-05,39.534711651436275,55.299286119887626,nan,0.38108991174006157,nan
432.29,180.23268127441406,-175.55276489257812,-62.09709930419922,181.09109493335987,-175.4729702683263,-62.09550860440446,0.8621158403892462,0.35924838365784395,0.05023217823089227,3.6747768368602006e-05,39.433554847227,54.488582341153325,nan,nan,nan
432.3,180.22418212890625,-175.5597381591797,-62.09811019897461,181.08981096601372,-175.48615411043332,-62.0939886739787,0.8687605440109619,0.3591741898060592,0.0502280621839133,3.5963446340298876e-05,39.11243139732889,54.79762879932109,2.7613019000438794,4.551095509215572,nan
432.31,180.21568298339844,-175.5667266845703,-62.09910202026367,181.08138211735064,-175.49290018320562,-62.09504242319847,0.8688508635880386,0.3592284042628658,0.050242886064133456,3.668382861731211e-05,38.996115873956064,54.78390856628787,nan,nan,nan
432.32,180.20718383789062,-175.57373046875,-62.100074768066406,181.07295065866657,-175.49963466782606,-62.094348294054136,0.8689506131971265,0.359282706173681,0.05025777242268342,3.592502572129947e-05,39.36621606388049,55.27629241512427,nan,2.001558430142831,nan
432.33,180.1986846923828,-175.58074951171875,-62.10102844238281,181.0645225309266,-175.50641485541283,-62.09534759742282,0.8690414695408806,0.3593370956915566,0.05027272223093201,3.664467112974432e-05,39.240542561452045,55.270234483342456,nan,nan,nan
432.34000000000003,180.190185546875,-175.58778381347656,-62.10196304321289,181.05609540402673,-175.51321647423205,-62.09662249856197,0.8691309971527376,0.35939157295365454,0.05028773484343041,3.5888246767523454e-05,39.06094640316171,55.2088338103529,nan,0.05794743308519763,nan
432.35,180.1816864013672,-175.59483337402344,-62.10287857055664,181.04652897425916,-175.51798543811864,-62.0975516343491,0.868266466811079,0.35931730149993474,0.05028364980868637,3.6584348101994225e-05,39.33929504052733,55.343592536707064,0.40612140159161636,nan,nan
432.36,180.17320251464844,-175.60191345214844,-62.10377502441406,181.0380989284131,-175.5247953316945,-62.097688983780934,0.8683490375050218,0.35937153766282803,0.050298693824471594,3.583115257249216e-05,39.505870444170284,55.218208691368005,nan,0.4422198855530076,nan
432.37,180.16470336914062,-175.60899353027344,-62.10465621948242,181.02967030907178,-175.53163383531202,-62.09861185518688,0.8684404780513856,0.35942586133270876,0.05031380143998897,3.654859378476819e-05,39.378446243682916,55.519352430135775,nan,nan,nan
432.38,180.1562042236328,-175.61610412597656,-62.10551452636719,181.02124056878645,-175.53846664714786,-62.0980063462756,0.868545813025389,0.35948027265044086,0.05032897214879194,3.579761439464523e-05,39.863154873363115,55.56499300201223,nan,1.5407957651177873,nan
432.39,180.147705078125,-175.6232147216797,-62.106361389160156,181.01281289075305,-175.54533718145785,-62.09888085569324,0.8686382429539059,0.35953477176336335,0.05034420671437982,3.651448397616203e-05,39.72769179888206,56.009398356316204,nan,nan,nan
432.40000000000003,180.1392059326172,-175.63035583496094,-62.1071891784668,181.0337051743713,-175.557039325175,-62.09966656616355,0.8975303860047024,0.3594604230632812,0.05034014730940001,3.574383097584206e-05,40.98844567163401,55.86502648309021,8.527501725038386,0.023245972737044745,nan
432.41,180.13072204589844,-175.63746643066406,-62.10799789428711,181.02532507805952,-175.56391619000712,-62.10051006240451,0.8976526559192067,0.3595146808298063,0.05035541250095666,3.645928750806248e-05,40.847905343627154,56.87557910148495,nan,nan,nan
432.42,180.12222290039062,-175.64450073242188,-62.108795166015625,181.01694600512974,-175.57075360939427,-62.102056985692904,0.8977825323445036,0.3595690261466518,0.05037074106181401,3.571341269811266e-05,40.482378750953835,55.81705293118433,nan,0.350157326391678,nan
432.43,180.11373901367188,-175.6514434814453,-62.10957336425781,181.00856713489418,-175.5774876323035,-62.102877120422605,0.8979040448923397,0.3596234591592282,0.050386133639756796,3.642840350423926e-05,40.34249719528679,55.3490495303365,nan,nan,nan
432.44,180.10523986816406,-175.6582489013672,-62.11033630371094,181.00018840849162,-175.58409606903112,-62.10286080449995,0.8980464439361406,0.35967798001140894,0.05040158990160654,3.568449985435221e-05,40.57537686491352,56.07244513951891,nan,0.4582965509337592,nan
432.45,180.09674072265625,-175.6649169921875,-62.111083984375,180.9733125670725,-175.58983139137905,-62.10363927251428,0.879813315202013,0.3596035544285297,0.050397552007964454,3.637648469807616e-05,39.345845838795356,56.07979232026087,4.757680214549716,nan,nan
432.46000000000004,180.0882568359375,-175.6714630126953,-62.111820220947266,180.96490630473133,-175.59621723519672,-62.10488941820174,0.8799001387626711,0.3596578336894794,0.0504130381559059,3.563538248721732e-05,39.06535110323678,55.622914821701464,nan,0.1580386740690167,nan
432.47,180.0797576904297,-175.67788696289062,-62.1125373840332,180.95650001273947,-175.6024686609693,-62.10564859391478,0.8800070882800549,0.3597122005467646,0.050428588485733186,3.63486886848732e-05,38.92058288994352,55.10396884932094,nan,nan,nan
432.48,180.07127380371094,-175.68418884277344,-62.113243103027344,180.94809374447522,-175.60859582981664,-62.10669793600718,0.8800967852123319,0.35976665514484263,0.050444202759611735,3.5609404288588254e-05,38.71586218939562,54.894024466413256,nan,0.06282373804809856,nan
432.49,180.06277465820312,-175.6903533935547,-62.11393356323242,180.9396874521115,-175.6145937614166,-62.10743358934262,0.8802032831354839,0.3598211976282179,0.050459881482609534,3.6322379400842234e-05,38.57302982932842,55.19374550521134,nan,nan,nan
432.5,180.05429077148438,-175.69639587402344,-62.11460876464844,180.94606992976767,-175.62362966608137,-62.10961933556995,0.8947568846168588,0.3597466955232496,0.05045585995849444,3.556325135732958e-05,38.55946852867878,55.22765671288235,1.804337166174135,1.4925026828209036,nan
432.51,180.04579162597656,-175.7024688720703,-62.115379333496094,180.93768672188997,-175.62945615055153,-62.110396220214966,0.8948924801538708,0.3598009961716828,0.0504715677585076,3.627505099093048e-05,38.45616021963623,54.58043194952995,nan,nan,nan
432.52,180.03729248046875,-175.7085723876953,-62.11623764038086,180.9293029321855,-175.63531739568123,-62.11188098260542,0.8950239774966167,0.3598553844612318,0.050487339751883166,3.554006868622179e-05,38.21829028247665,54.456169300999626,nan,0.2598694309536086,nan
432.53000000000003,180.02880859375,-175.71470642089844,-62.117183685302734,180.9209191715303,-175.6412008281818,-62.11284621204382,0.895144216773139,0.3599098605368341,0.050503176366218976,3.6251623502456854e-05,38.1152606845561,54.70506766506019,nan,nan,nan
432.54,180.0203094482422,-175.7208709716797,-62.11821746826172,180.91253566951488,-175.64710313162,-62.1129348310646,0.8952861165065474,0.35996442454230565,0.0505190774798252,3.551823033964294e-05,38.29568493393275,54.49269454438859,nan,0.639403777778791,nan
432.55,180.01181030273438,-175.72705078125,-62.11933898925781,180.8888455313509,-175.64900284784423,-62.114020997734755,0.8805172077689387,0.359889846276807,0.05051506792111112,3.6207193047922944e-05,37.961309840177876,54.976468343647966,1.9177687975446898,nan,nan
432.56,180.00332641601562,-175.7332763671875,-62.120548248291016,180.8804354231694,-175.65497599198937,-62.11636094203565,0.8806070024250904,0.35994416820487285,0.05053099732139265,3.547620696838655e-05,37.588315351498295,53.932198308421775,nan,0.8616349285179343,nan
432.57,179.9948272705078,-175.73951721191406,-62.12184143066406,180.87202611128953,-175.66096616558488,-62.11767856634447,0.8807186852721697,0.3599985778195632,0.05054699151700174,3.618649678442999e-05,37.48594395576422,54.22637736945822,nan,nan,nan
432.58,179.986328125,-175.7457733154297,-62.12321853637695,180.86361419045647,-175.66700532500454,-62.12186393426776,0.8808161396719472,0.3600530752635437,0.05056305044828871,3.5456959440279056e-05,36.96991097020539,54.38326240459989,nan,5.323501248409943,nan
432.59000000000003,179.9778289794922,-175.7520751953125,-62.12467956542969,180.85520435199197,-175.67304819148222,-62.12337904155299,0.8809282053413208,0.3601076606835213,0.050579174449886154,3.6167111486404636e-05,36.87953131832501,53.25967034620525,nan,nan,nan
432.6,179.96934509277344,-175.75839233398438,-62.126220703125,180.79661332193305,-175.6712353275104,-62.12296519647809,0.8318531511498385,0.360033006617146,0.05057517187067073,3.541752828633834e-05,35.139609178436814,54.052806938295156,23.04575701011628,2.724361211646234,nan
432.61,179.96084594726562,-175.76473999023438,-62.12784194946289,180.7881239364559,-175.67734311026612,-62.12462632708512,0.8318878687985232,0.3600873497191685,0.050591323317073486,3.61266941503426e-05,35.03892880840057,53.38114628000457,nan,nan,nan
432.62,179.9523468017578,-175.77110290527344,-62.129547119140625,180.7796330228009,-175.68348559041092,-62.12773604502776,0.8319149988916685,0.360141780549242,0.050607539726557606,3.540072499751744e-05,34.75617513291256,53.4547943532467,nan,1.289423405506489,nan
432.63,179.94384765625,-175.77749633789062,-62.13132858276367,180.77114371621064,-175.68964321477188,-62.129572895508566,0.8319495324272156,0.36019629925571545,0.05062382138507304,3.610982192927223e-05,34.66083722809609,53.262161457801064,nan,nan,nan
432.64,179.93536376953125,-175.78392028808594,-62.13318634033203,180.7626571094401,-175.69581236646718,-62.1294863524769,0.8319801476115078,0.36025090597873977,0.05064016830606576,3.538509379810429e-05,34.874522053823306,53.719311134356325,nan,2.770915053272532,nan
432.65000000000003,179.92686462402344,-175.7903594970703,-62.13512420654297,180.75782581373093,-175.70119753362823,-62.1314690990357,0.8357390228628978,0.36017617647548467,0.05063616811085957,3.607190931344116e-05,35.23585384236368,53.69398242772137,0.4222316695456226,nan,nan
432.66,179.91836547851562,-175.7968292236328,-62.13713836669922,180.74934328790798,-175.70741726539043,-62.132849333181966,0.8357852677498928,0.36023054064067744,0.05065254163967832,3.534923365432547e-05,35.299480762196545,53.48113577638593,nan,0.31359867963568905,nan
432.67,179.90988159179688,-175.80331420898438,-62.13919448852539,180.74086007043684,-175.71366457005058,-62.13495679373518,0.8358111316445135,0.36028499258231983,0.05066898059715048,3.605739664705304e-05,35.18852742253181,54.29801713346946,nan,nan,nan
432.68,179.90138244628906,-175.80982971191406,-62.14125442504883,180.7323783371678,-175.71993042239598,-62.13622873498983,0.8358596236652275,0.3603395324386305,0.050685485034060195,3.5335836834307056e-05,35.31910870128819,53.487828051332315,nan,0.5101212434730584,nan
432.69,179.89288330078125,-175.8163604736328,-62.14329147338867,180.7238954101464,-175.72622395362657,-62.138341855899014,0.8359008415258742,0.36039416036093613,0.05070205518033703,3.6044013741734587e-05,35.1967539719678,53.99712423772676,nan,nan,nan
432.7,179.8843994140625,-175.8229217529297,-62.14529800415039,180.64202430923282,-175.72798537733232,-62.14186734583087,0.7635575725575079,0.35601181544428406,0.0505410315596757,3.5301364934899316e-05,43.67042797740507,62.78039829218853,9.640229894669554,1.2783564975144353,0.3895851317594891
432.71000000000004,179.8759002685547,-175.82949829101562,-62.147274017333984,180.63347231262517,-175.734339945302,-62.14394017432848,0.7635323354156479,0.3560627941544999,0.05055610902175678,3.6008683533057166e-05,43.53081193774034,62.378041899556976,nan,nan,nan
432.72,179.86740112304688,-175.8361053466797,-62.149208068847656,180.62486443558478,-175.7407317218296,-62.14701022560163,0.7634472009725879,0.3561138550671507,0.05057124458710244,3.52900844651811e-05,43.246209975179546,62.008812683139695,nan,0.7393235831930982,nan
432.73,179.85891723632812,-175.8427276611328,-62.15110778808594,180.61631322057613,-175.74713027128573,-62.14902268688908,0.7634080727550523,0.35616500685882513,0.05058643901417538,3.599747172706097e-05,43.11461383781478,62.49719641284038,nan,nan,nan
432.74,179.8504180908203,-175.84938049316406,-62.15296936035156,180.60771349791193,-175.75356349222943,-62.1519130956454,0.7633337061634945,0.35621624126033513,0.05060169185600248,3.527980296591831e-05,42.91337709211674,61.48646169920752,nan,0.5806262719615145,nan
432.75,179.84193420410156,-175.85604858398438,-62.1547966003418,180.64055778167426,-175.7738875712533,-62.15392706188626,0.8028392160109863,0.35614884771439564,0.05059746093411109,3.596513682648236e-05,43.313894411651084,61.81529870013938,14.628631914009809,nan,nan
432.76,179.83343505859375,-175.86273193359375,-62.15658187866211,180.6320951600437,-175.7803646015654,-62.15549097659128,0.8028969579596287,0.35619985945867605,0.05061273808848003,3.5249207605376616e-05,43.21301748345448,62.05631499141091,nan,0.08595205735051194,nan
432.77,179.824951171875,-175.86944580078125,-62.1583366394043,180.62361421822513,-175.7868674378434,-62.157368026120565,0.8029214070146944,0.3562509617444398,0.05062807432464313,3.595591746234076e-05,43.09262532832896,61.51168763643494,nan,nan,nan
432.78000000000003,179.8164520263672,-175.8761749267578,-62.160057067871094,180.61508322947665,-175.79340355053677,-62.160175060420336,0.8029090317239184,0.356302146803044,0.05064346928351384,3.52408096554342e-05,42.95440275718369,61.29743958521006,nan,0.6470801717005876,nan
432.79,179.80796813964844,-175.88291931152344,-62.161739349365234,180.60660270041828,-175.79994765438843,-62.1619941870587,0.8029330747241739,0.356353422574372,0.05065892359328672,3.594765023940297e-05,42.84097993324534,62.10917648398569,nan,nan,nan
432.8,179.79946899414062,-175.8896942138672,-62.16339111328125,180.54600771441068,-175.78844073136776,-62.16091423375046,0.7533780349286275,0.3562859430769193,0.05065471051556926,3.521206928139654e-05,42.53805785876941,61.378010417458555,23.043011414394766,5.804444533485073,nan
432.81,179.79098510742188,-175.896484375,-62.165008544921875,180.53744096725802,-175.79499876349283,-62.16263991665676,0.7533268151516735,0.3563369958314663,0.050670188617886414,3.591818326790835e-05,42.40638312462139,62.05948658183445,nan,nan,nan
432.82,179.78250122070312,-175.90328979492188,-62.16659164428711,180.5288149549414,-175.80159053160378,-62.165515665489785,0.7532118478904113,0.3563881315178906,0.050685725742111644,3.5205415794964905e-05,42.16864783311431,62.20617454669863,nan,0.9742476580007374,nan
432.83,179.7740020751953,-175.91012573242188,-62.168148040771484,180.5202490045342,-175.8081876397652,-62.167190453193534,0.7531777819719446,0.356439357582859,0.05070132244076641,3.591170150479856e-05,42.050647575275526,60.753381583815624,nan,nan,nan
432.84000000000003,179.76551818847656,-175.91697692871094,-62.16967010498047,180.5116710176595,-175.81480686760082,-62.16908541424371,0.75311560052106,0.35649066698460113,0.05071697846701296,3.519959559532089e-05,41.92221849623542,61.51340294131257,nan,0.04379455256659205,nan
432.85,179.75701904296875,-175.92384338378906,-62.17116165161133,180.50037492878852,-175.808801602633,-62.17083799347004,0.7522052174433804,0.3564231091881307,0.050712779936934814,3.5883987585702536e-05,44.42358850076524,62.18526375492696,21.608930103569584,nan,nan
432.86,179.74853515625,-175.93072509765625,-62.17262649536133,180.49180063596512,-175.81540391009162,-62.172651619463416,0.7521585938275819,0.3564741954707345,0.050728459251576895,3.517335336190639e-05,44.3107358552091,62.505123701745426,nan,0.03462103476016913,nan
432.87,179.74005126953125,-175.9376220703125,-62.1740608215332,180.48323757512466,-175.82202227247222,-62.174216337717425,0.7521231430208618,0.35652537180196403,0.05074419836478906,3.5879151660026124e-05,44.200838341339264,62.648260004814304,nan,nan,nan
432.88,179.7315673828125,-175.94454956054688,-62.17546463012695,180.47462502902354,-175.8286697149664,-62.17678899512291,0.7520402636475609,0.3565766316212785,0.05075999709440368,3.516908649744266e-05,44.14230448345832,62.11053240065476,nan,0.7503417373253066,nan
432.89,179.7230682373047,-175.9514923095703,-62.176841735839844,180.46606250882238,-175.8353246395873,-62.17830852001204,0.7520223178291917,0.3566279816647932,0.05077585589702293,3.587510134017965e-05,44.04534020793603,61.64142758821156,nan,nan,nan
432.90000000000003,179.71458435058594,-175.9584503173828,-62.178192138671875,180.46234972434112,-175.84564247346896,-62.1802350485736,0.7562293549688432,0.35656033871848125,0.05077166776260927,3.514436385274744e-05,43.69345855985299,61.97125630509235,0.8841614419617047,0.10478013523483858,nan
432.91,179.7061004638672,-175.96542358398438,-62.17951202392578,180.4537948590892,-175.85234418126214,-62.18170639903069,0.7562001555464719,0.3566114652876525,0.05078754929274028,3.584973375865056e-05,43.59946720654289,62.213557180683566,nan,nan,nan
432.92,179.69761657714844,-175.972412109375,-62.180809020996094,180.44524028677102,-175.85906318766436,-62.183151856425184,0.756171064059351,0.3566626785532318,0.05080349084951909,3.6569416654501924e-05,43.50534063586149,61.99001085983652,nan,nan,nan
432.93,179.6891326904297,-175.97943115234375,-62.18207931518555,180.4366859784252,-175.8657994811123,-62.1845722883623,0.7561443579205079,0.35671397865971943,0.05081949257744589,3.7303557040501526e-05,43.41493421081639,61.3226386479672,nan,nan,nan
432.94,179.68063354492188,-175.9864501953125,-62.183326721191406,180.42807966712945,-175.87256337669868,-62.187121136259705,0.7560822115635526,0.3567653625569737,0.05083555449383154,3.65086994578602e-05,43.53345291117654,61.72604933581452,nan,0.8608911853388268,nan
432.95,179.67214965820312,-175.99349975585938,-62.184547424316406,180.4099838479081,-175.88145894051482,-62.188460973664164,0.746302721199099,0.3566976409104273,0.05083137320754838,3.72176308573081e-05,42.29380832045932,61.15042551609871,4.763328330134151,nan,nan
432.96000000000004,179.66366577148438,-176.0005645751953,-62.18574142456055,180.40139564236813,-175.88826825953404,-62.190185225852744,0.7462409612686646,0.3567488012384686,0.050847457297061464,3.64273533012889e-05,42.315298013745235,61.40270315176366,nan,0.0869135987144097,nan
432.97,179.65518188476562,-176.00762939453125,-62.186912536621094,180.39282406731087,-175.89509099725166,-62.19152460790388,0.746191765924744,0.35680005137481774,0.05086360192062077,3.715771726172683e-05,42.233200354927774,62.12743694106765,nan,nan,nan
432.98,179.64669799804688,-176.0147247314453,-62.18806076049805,180.38427332847934,-175.9019261401478,-62.19237331307076,0.7461631781125054,0.3568513854708449,0.05087980700640134,3.637090937507601e-05,42.062807473809336,61.15222457931834,nan,0.14302957703113986,nan
432.99,179.63821411132812,-176.02183532714844,-62.18918991088867,180.3757024908668,-175.9087809772382,-62.193663269335175,0.7461168855641712,0.3569028095415835,0.05089607290410965,3.709997516488102e-05,41.98158330562313,60.853011242244804,nan,nan,nan
433.0,179.62973022460938,-176.02896118164062,-62.19029235839844,180.34655644745985,-175.9013397938256,-62.19332196234211,0.7281045466785404,0.3568350033089268,0.050891894358998144,3.62940178362442e-05,43.017584974729346,61.47787820988352,11.605492975539077,1.46479446500555,nan
433.01,179.62124633789062,-176.03610229492188,-62.19137191772461,180.3379556031587,-175.90818408595777,-62.19455174831173,0.7280421350637865,0.35688620344396244,0.05090818182720309,3.7020951518095105e-05,42.93078835822762,61.45637478317572,nan,nan,nan
433.02,179.61276245117188,-176.0432586669922,-62.19243240356445,180.32937753376683,-175.9150398484244,-62.19523434770529,0.7280007506372911,0.3569374876931643,0.05092453002405747,3.624175741810842e-05,42.76738740466335,61.13304801956324,nan,0.1821910490237544,nan
433.03000000000003,179.60427856445312,-176.05043029785156,-62.19347381591797,180.3207779350795,-175.92191462171755,-62.19641776570399,0.7279397598431507,0.35698886158303017,0.05094093925821346,3.696755844484024e-05,42.678489091397076,60.93591080339674,nan,nan,nan
433.04,179.59580993652344,-176.05760192871094,-62.194488525390625,180.31228185811977,-175.92878692802708,-62.195083755173826,0.7279599392381597,0.3570403199893337,0.05095740951885745,3.6191522565539736e-05,42.34293556666006,62.17572564781146,nan,4.113394192607182,nan
433.05,179.5873260498047,-176.06480407714844,-62.19548797607422,180.3068073748187,-175.93389102742927,-62.19622150352055,0.7312948390992595,0.35697243488702146,0.050953229987408886,3.689303438934239e-05,42.96067766911717,60.735382148081925,1.1407844345732077,nan,nan
433.06,179.57884216308594,-176.072021484375,-62.19646453857422,180.29812470086816,-175.94081400949082,-62.19958320032574,0.7311583253133577,0.35702366924298257,0.05096972121505283,3.612102172097978e-05,43.11058431289032,61.0358994707774,nan,3.3853450280547888,nan
433.07,179.5703582763672,-176.07925415039062,-62.197425842285156,180.28953376047915,-175.94773679175466,-62.20068750967346,0.7311093153861468,0.35707499291881784,0.050986273704640796,3.684386971684045e-05,43.02547491780103,60.694687731934,nan,nan,nan
433.08,179.5618896484375,-176.08648681640625,-62.1983642578125,180.28105878672275,-175.95465586655232,-62.19885114272517,0.7311524368134606,0.35712640124478284,0.0510028874787993,3.607481355063572e-05,42.634633783182736,61.710524609009845,nan,5.669657355691214,nan
433.09000000000003,179.55340576171875,-176.09375,-62.199283599853516,180.27246852480212,-175.9616069293222,-62.19989033348975,0.7311042446238155,0.3571778990728782,0.05101956279650218,3.679674666459882e-05,42.53431264782284,60.35090558609372,nan,nan,nan
433.1,179.544921875,-176.1010284423828,-62.20018768310547,180.25598867151496,-175.95693526289375,-62.202115230420674,0.7255222594241759,0.35710993013395154,0.051015378189248534,3.600844755775028e-05,44.435866471829115,61.0086659949216,10.865888895692569,1.0149317263666269,nan
433.11,179.53643798828125,-176.10830688476562,-62.20106887817383,180.24739056308061,-175.96387169382766,-62.20313094492075,0.7254786972161223,0.35716120356174996,0.05103207383126781,3.6728631874689716e-05,44.344978263047125,61.84791750755845,nan,nan,nan
433.12,179.52796936035156,-176.1156005859375,-62.20193862915039,180.2387424669367,-175.97082887691246,-62.20546521441533,0.7253755534772088,0.3572125617592185,0.051048831009473786,3.5966132664336406e-05,44.47075549599462,62.01394842418348,nan,1.1913401865200695,nan
433.13,179.5194854736328,-176.12290954589844,-62.20278549194336,180.23014524233847,-175.97779221905444,-62.20646062288317,0.7253343036107878,0.35726400915750395,0.0510656499560354,3.668554058374377e-05,44.390608834349166,61.6892804188439,nan,nan,nan
433.14,179.51101684570312,-176.13023376464844,-62.203617095947266,180.22159878051121,-175.9847619361087,-62.20607556137149,0.7253239159344923,0.3573155417119444,0.0510825307334594,3.592569493751094e-05,44.0874274162156,61.681731403663065,nan,1.2462799172297676,nan
433.15000000000003,179.50253295898438,-176.1375732421875,-62.20443344116211,180.19353168052035,-175.99204090926835,-62.20696099569471,0.7061623620819493,0.3572474935195731,0.05107833717019346,3.66215414661679e-05,42.474828193551204,60.63233633469484,8.778810700709027,nan,nan
433.16,179.4940643310547,-176.1448974609375,-62.20523452758789,180.18487623424738,-175.99905240153393,-62.20855299257978,0.7060473632519618,0.3572988015398227,0.05109523762163734,3.586518581251505e-05,42.500234389983085,61.07421184948358,nan,0.2915759405143584,nan
433.17,179.48558044433594,-176.1521453857422,-62.206016540527344,180.17624505931033,-176.00601269070194,-62.2094775846154,0.7059634223978148,0.3573501984723734,0.05111220006475505,3.6582325840893583e-05,42.40902133818286,60.458537201289424,nan,nan,nan
433.18,179.47711181640625,-176.15927124023438,-62.206787109375,180.1675836010159,-176.01288091181655,-62.21125549510692,0.7058338190164668,0.3574016806605001,0.05112922458315891,3.582843173118378e-05,42.52086901841399,61.39656644725998,nan,0.5070973347219192,nan
433.19,179.4686279296875,-176.16627502441406,-62.20753860473633,180.15895305032961,-176.0196270597464,-62.212159749086865,0.7057448212391128,0.35745325195874383,0.05114631137763152,3.654497453916203e-05,42.43058486287849,60.845622060052406,nan,nan,nan
433.2,179.4601593017578,-176.1731414794922,-62.208274841308594,180.13706175203467,-176.02247486777256,-62.21398618465228,0.6934911495618918,0.3573851205890989,0.051142104772847356,3.577165960792095e-05,42.46869205912865,62.10312802542584,1.5071789002101852,0.6113950061057152,nan
433.21000000000004,179.45169067382812,-176.1798858642578,-62.20899963378906,180.1284091783205,-176.02895782609153,-62.21487163583494,0.6933698056846435,0.357436467019199,0.0511592105589304,3.6486768570327744e-05,42.383707722814904,61.31181433766994,nan,nan,nan
433.22,179.44320678710938,-176.18649291992188,-62.20970916748047,180.11973771669656,-176.03531055531184,-62.2163023276043,0.6932486392468465,0.357487898790863,0.051176378658967896,3.5738429400892104e-05,42.53729615238712,61.26180449019317,nan,0.2113146675610042,nan
433.23,179.4347381591797,-176.19297790527344,-62.21040344238281,180.11108483505538,-176.04152997234294,-62.21716642648325,0.6931284443095383,0.3575394194026871,0.0511936092575427,3.645305475026987e-05,42.458798970410825,61.343095806054734,nan,nan,nan
433.24,179.42625427246094,-176.19947814941406,-62.21118927001953,180.10244163311145,-176.0476947748072,-62.21776507118327,0.6930445733655952,0.3575910257274077,0.051210902462405145,3.5706892280802007e-05,42.31320285873191,61.085448179484004,nan,0.06296298098696652,nan
433.25,179.41778564453125,-176.2060089111328,-62.21206283569336,180.04451834633994,-176.03488581872577,-62.21880656453334,0.6497095275198288,0.3575228147953047,0.051206678824220836,3.639852106231973e-05,42.38092472438401,62.71169160259581,21.320119593646982,nan,nan
433.26,179.40931701660156,-176.21255493164062,-62.21302795410156,180.03580152923274,-176.04106278746477,-62.21933496899038,0.6495630673903557,0.3575741960999837,0.051223990325850594,3.565535335442366e-05,42.144497384753805,62.726991792779266,nan,0.20911746888988783,nan
433.27,179.4008331298828,-176.2191162109375,-62.21407699584961,180.02706679825673,-176.04726401596315,-62.22050182555723,0.6494174795609696,0.35762566598682016,0.05124136454638319,3.6368269114754564e-05,42.061105483780665,62.663936352844274,nan,nan,nan
433.28000000000003,179.39236450195312,-176.2257080078125,-62.21521759033203,180.01830427689433,-176.0534899565335,-62.222641275385506,0.6492416885409876,0.3576772216536671,0.05125880160561896,3.562710086697146e-05,42.370817193294506,62.90025093311091,nan,0.5326630414554864,nan
433.29,179.38388061523438,-176.23233032226562,-62.2164421081543,180.00956920294118,-176.05973559941984,-62.22399213640841,0.6491010322495161,0.3577288661152307,0.05127630167019788,3.633967713249311e-05,42.2932901448699,61.964920608461746,nan,nan,nan
433.3,179.3754119873047,-176.2389678955078,-62.217750549316406,180.00161233964684,-176.06318297987696,-62.22478626509679,0.6504434788152818,0.35766057258073386,0.051272056900712994,3.557886035201622e-05,42.72443384547885,62.85438727029278,1.6148802315303705,0.1893031766899131,nan
433.31,179.36692810058594,-176.24562072753906,-62.21914291381836,179.99287986883675,-176.0694600150036,-62.22630099395651,0.6503071973525918,0.3577119917032822,0.05128957454048245,3.629025616361253e-05,42.64433532093763,62.5330514062361,nan,nan,nan
433.32,179.35845947265625,-176.25230407714844,-62.220619201660156,179.9841446398052,-176.07575866534788,-62.227990295104675,0.6501573223740678,0.35776349666054186,0.05130715524619409,3.555371997208259e-05,42.66072574507463,62.63399564306985,nan,0.005579468511546769,nan
433.33,179.3499755859375,-176.25900268554688,-62.22217559814453,179.9754119597396,-176.08207816736018,-62.22967338286817,0.6500224300638245,0.3578150901716718,0.05132479917595068,3.6264867648170084e-05,42.582913083858216,62.36984398666462,nan,nan,nan
433.34000000000003,179.3415069580078,-176.26573181152344,-62.223812103271484,179.96667909904914,-176.08841847705818,-62.23143883996493,0.6498756739761704,0.35786677109423515,0.051342506467514704,3.6990370838715384e-05,42.506334658477364,62.464878496832895,nan,nan,nan
433.35,179.33302307128906,-176.2724609375,-62.22553253173828,179.93937650916808,-176.0811492547569,-62.23318453865904,0.6358641401994795,0.3577983977578532,0.05133823649591946,3.7706165697771714e-05,43.78162355974324,63.70620114892285,9.445049877673476,nan,nan
433.36,179.32455444335938,-176.2792205810547,-62.22732925415039,179.93068059046453,-176.08748779085448,-62.23281632166668,0.635751898898012,0.3578498518590576,0.05135596061992836,3.688369790464662e-05,42.94604327064911,63.140474117206864,nan,3.3373526775079623,nan
433.37,179.31607055664062,-176.2860107421875,-62.22920227050781,179.92192022776788,-176.09385007278664,-62.234798478511145,0.6356184896725495,0.3579013943793429,0.051373748184456454,3.762081416340639e-05,42.866636714535616,62.10565581322333,nan,nan,nan
433.38,179.30760192871094,-176.29281616210938,-62.23115539550781,179.91315610462678,-176.10023231173724,-62.2370077289995,0.6354672683943424,0.35795302304200144,0.05139159932703046,3.680338215697427e-05,42.86730712561413,62.739238918543656,nan,0.01407849889722634,nan
433.39,179.2991180419922,-176.2996368408203,-62.23318099975586,179.90439626586746,-176.10663385320584,-62.239147397055085,0.6353325738717106,0.3580047403416402,0.051409514197940355,3.7538661315371807e-05,42.78793184747985,62.487442999499024,nan,nan,nan
433.40000000000003,179.2906494140625,-176.3064727783203,-62.235252380371094,179.9413252944594,-176.12233684048329,-62.24033065646616,0.6762476867402244,0.35793628482190804,0.051405214904445745,3.6703229525805206e-05,44.15704337664292,62.17742200245631,20.440209442230234,0.6718380317973728,nan
433.41,179.2821807861328,-176.31332397460938,-62.23732376098633,179.93264419233532,-176.12877381494368,-62.242542593855205,0.6761572601530724,0.35798777630881773,0.05142314585327443,3.743586003629603e-05,44.08455509942106,62.297330932458294,nan,nan,nan
433.42,179.27369689941406,-176.32020568847656,-62.23937225341797,179.92398298678194,-176.13522897048406,-62.243981832379355,0.6760988314157154,0.35803935397899955,0.051441140597306256,3.6629035293150575e-05,43.84333420963947,61.121652695797664,nan,0.3752384583597221,nan
433.43,179.26522827148438,-176.3271026611328,-62.241390228271484,179.91530228593658,-176.14170342805878,-62.246152719785165,0.6760116723961648,0.3580910200569709,0.05145919928336761,3.736005812036272e-05,43.7748641608173,61.72933871285102,nan,nan,nan
433.44,179.25674438476562,-176.33401489257812,-62.243377685546875,179.90664077017104,-176.14819591077557,-62.24753499039589,0.6759521350989036,0.3581427726689775,0.05147732205418132,3.655777931496329e-05,43.54565377680979,60.913385349333375,nan,0.37004683356554874,nan
433.45,179.24827575683594,-176.3409423828125,-62.245323181152344,179.91785675531932,-176.16276795228188,-62.24951932169433,0.6928942551503527,0.3580742372582725,0.05147298931538181,3.726376232574834e-05,43.458745459306535,61.14438331305057,4.09573280677435,nan,nan
433.46000000000004,179.23980712890625,-176.347900390625,-62.24723434448242,179.9091977208461,-176.16931207667,-62.25204543019026,0.6928208260470774,0.35812576388048667,0.051491127386447774,3.64668738470499e-05,43.52723315021573,60.482462517017645,nan,0.1419960308677832,nan
433.47,179.23133850097656,-176.3548583984375,-62.249107360839844,179.90055041424867,-176.17587364954244,-62.25407225690714,0.6927515971798996,0.35817737869333705,0.05150932961030032,3.719407263992326e-05,43.45813975877731,61.27708567791435,nan,nan,nan
433.48,179.2228546142578,-176.36184692382812,-62.25094223022461,179.89191895573302,-176.18245263045932,-62.25540557359405,0.6927115755933173,0.3582290800622367,0.05152759613114813,3.640141736461477e-05,43.24937858220254,60.00228055947217,nan,0.2816036170409468,nan
433.49,179.21438598632812,-176.3688507080078,-62.252742767333984,179.88327226697402,-176.1890489232658,-62.257353935969874,0.6926462308486904,0.3582808698548259,0.05154592709359143,3.7127310663921256e-05,43.18012643216321,60.41398121866616,nan,nan,nan
433.5,179.20591735839844,-176.37586975097656,-62.2545051574707,179.88956714037377,-176.20871552804854,-62.2587427187398,0.7038007641109095,0.35821225271936113,0.05154155676456286,3.631641528885393e-05,41.68667081086405,59.431982857440595,8.69809142210653,0.1311377084412565,nan
433.51,179.19744873046875,-176.38290405273438,-62.25623321533203,179.88094242256017,-176.21538489088832,-62.2606155428251,0.7037368126712001,0.35826381622302106,0.05155990222972715,3.704018848951549e-05,41.614319629084996,59.417581650001246,nan,nan,nan
433.52,179.18896484375,-176.38995361328125,-62.25792694091797,179.87233669444282,-176.2220711792899,-62.26161339543013,0.7037010643086018,0.358315466292965,0.05157831219978255,3.62565171071488e-05,41.375263857714806,58.767668478510366,nan,0.4653116646049553,nan
433.53000000000003,179.1804962158203,-176.39703369140625,-62.259586334228516,179.86371236145385,-176.22877367507863,-62.26341145503219,0.7036407935147598,0.35836720458593424,0.05159678681941034,3.697917320093212e-05,41.3024365889327,58.52582798796252,nan,nan,nan
433.54,179.17202758789062,-176.40411376953125,-62.26121520996094,179.85509855350412,-176.2354925623696,-62.26469854854556,0.7035845288353811,0.3584190297823381,0.051615326232724155,3.619927933868322e-05,41.14534380288879,59.04435919588121,nan,0.15082361392746363,nan
433.55,179.16355895996094,-176.4112091064453,-62.26280975341797,179.87742013564423,-176.24366238412614,-62.26649857119867,0.7332689068032604,0.35835033261601795,0.051610914157091965,3.689787099498221e-05,43.18161376648336,59.42923926262506,14.9178206361889,nan,nan
433.56,179.15509033203125,-176.4183349609375,-62.26436996459961,179.86890057161955,-176.25039397263888,-62.265862838323905,0.7333017539620229,0.35840193133141096,0.05162946725689774,3.6122567158741274e-05,42.783158472708934,58.47789120764661,nan,3.608556207421342,nan
433.57,179.14662170410156,-176.4254608154297,-62.26590347290039,179.86033228881777,-176.25713986157555,-62.26750834791169,0.7332921095076114,0.358453618079045,0.05164808521102414,3.6842336951720375e-05,42.69711247163543,58.96903323101146,nan,nan,nan
433.58,179.13815307617188,-176.43260192871094,-62.26740264892578,179.85177352498388,-176.2639016555244,-62.26866947183432,0.7332908917858921,0.35850539172462104,0.05166676816231281,3.6070524096587416e-05,42.5775191674616,59.04019390956953,nan,0.13720729412807836,nan
433.59000000000003,179.1296844482422,-176.4397735595703,-62.26887512207031,179.84320599374996,-176.27067831029422,-62.27025139001351,0.7332858196808387,0.35855725364810503,0.051685516257337916,3.678942148539331e-05,42.493413276486166,58.090744400818,nan,nan,nan
433.6,179.1212158203125,-176.4469451904297,-62.27031707763672,179.80943789966904,-176.26433912295602,-62.27201756065471,0.7120375678533587,0.3584884751455624,0.05168105826617273,3.599904448731031e-05,43.20217486368888,59.681099941669565,7.6685004590780235,0.04084234454761819,nan
433.61,179.1127471923828,-176.45413208007812,-62.271728515625,179.8008312509912,-176.27111560759553,-62.27354478184892,0.7120098312059678,0.3585401103015919,0.05169981921373496,3.6716249012799996e-05,43.118917014243344,59.66703270321451,nan,nan,nan
433.62,179.10427856445312,-176.4613494873047,-62.27311706542969,179.79219268510113,-176.27790490690055,-62.276758597855334,0.7119627885114318,0.3585918323402909,0.05171864535788791,3.595193703143082e-05,43.30828148622523,58.92303406417691,nan,1.9638151409446776,nan
433.63,179.09580993652344,-176.46856689453125,-62.274471282958984,179.7835870420078,-176.28471089563408,-62.278248586009475,0.7119372466568056,0.3586436424796272,0.05173753684736715,3.666842116879814e-05,43.23616750713411,59.82730508677045,nan,nan,nan
433.64,179.08734130859375,-176.47579956054688,-62.27580261230469,179.77500096749492,-176.2915327406716,-62.27866788603572,0.7119257525757635,0.35869553982752755,0.05175649382180098,3.590718568911977e-05,42.9836046962816,59.35009299970999,nan,0.7309404821559663,nan
433.65000000000003,179.07887268066406,-176.48304748535156,-62.27710723876953,179.7627530537115,-176.29487303113433,-62.28012134412448,0.7093032318342669,0.35862668121882413,0.051751985742107064,3.660035119471447e-05,43.420760346826064,59.56803554481463,0.6223283424003723,nan,nan
433.66,179.07040405273438,-176.4903106689453,-62.278385162353516,179.754137911303,-176.30171078703327,-62.28184843128108,0.7092770255986215,0.3586783515948021,0.05177095471609585,3.5842985391298486e-05,43.41642466881383,59.567078209671116,nan,0.07070731213940365,nan
433.67,179.0619354248047,-176.49758911132812,-62.27963638305664,179.74552862173093,-176.30856307679227,-62.283229689514044,0.7092555339702916,0.35873010990214893,0.05178998923356889,3.6557335701871225e-05,43.344554155660106,59.49863928274615,nan,nan,nan
433.68,179.053466796875,-176.5048828125,-62.28086471557617,179.7369086575299,-176.31542814262062,-62.28523398028081,0.7092284112390091,0.35878195538981444,0.051809089431377124,3.580278935784728e-05,43.434519236501046,59.425993694940935,nan,0.28259169487537295,nan
433.69,179.04501342773438,-176.51219177246094,-62.282066345214844,179.7283000104149,-176.32230790836712,-62.28657348399682,0.7091944375236074,0.35883388906489866,0.05182825546240936,3.651661344448842e-05,43.36685142829122,59.892799189865144,nan,nan,nan
433.7,179.0365447998047,-176.51950073242188,-62.28324508666992,179.71950746865994,-176.3233737077778,-62.288928705880814,0.710588573207427,0.3587649494514608,0.051823693105198715,3.574313576922671e-05,44.830499254325176,60.84084048899335,2.8673575466878636,0.7228277491738943,nan
433.71000000000004,179.028076171875,-176.52684020996094,-62.284400939941406,179.71090125997114,-176.330257745245,-62.29023276640454,0.7105834057780864,0.3588166558784837,0.05184287026657605,3.645560580566395e-05,44.77232594763511,59.9658165930719,nan,nan,nan
433.72,179.0196075439453,-176.5341796875,-62.2855339050293,179.6826811701508,-176.35877791638768,-62.29064438769129,0.685899797427928,0.35824522832459843,0.051105855347754824,3.570600082620341e-05,54.55037828575805,70.3227694224383,nan,0.4811753939378967,0.6181548992302183
433.73,179.0111541748047,-176.54153442382812,-62.286643981933594,179.67405764011934,-176.36573612487425,-62.29189560208828,0.685837900495085,0.3582959522188784,0.05112178785696423,3.641803753412539e-05,54.45835484588493,70.64798291100999,nan,nan,nan
433.74,179.002685546875,-176.5489044189453,-62.2877311706543,179.66537019566732,-176.37274700145338,-62.29475441088408,0.6857344277384331,0.3583467605556412,0.051137778123732484,3.56721860326011e-05,54.968026066385356,70.61837279909591,nan,1.802445520038627,nan
433.75,178.9942169189453,-176.55628967285156,-62.28879928588867,179.64591799598864,-176.37397832954298,-62.29586882203446,0.6767582271828911,0.358278722963122,0.05113342010608515,3.636146440381594e-05,55.3527443745042,70.71276329160406,2.1741920436387376,nan,nan
433.76,178.9857635498047,-176.5636749267578,-62.28984069824219,179.6372331896845,-176.38098875257705,-62.298274633016334,0.6766520975935274,0.35832930969545673,0.05114943091046377,3.56188435486438e-05,55.856702738091265,72.496729890098,nan,0.9873163282285266,nan
433.77,178.977294921875,-176.5710906982422,-62.29086685180664,179.62859514595283,-176.38798256634948,-62.299468386277056,0.6766051701282765,0.35837998508866303,0.051165501323369535,3.63293411047221e-05,55.783603311589594,70.89982642756684,nan,nan,nan
433.78000000000003,178.9688262939453,-176.57850646972656,-62.2918701171875,179.61996858025364,-176.39498151173572,-62.30034343486555,0.6765644716779399,0.35843074506823414,0.05118162983668075,3.5588941596232014e-05,55.64878304821937,71.419424055698,nan,0.0610433514042515,nan
433.79,178.9603729248047,-176.5859375,-62.29285430908203,179.61133097112275,-176.40199946425588,-62.30149525417685,0.67650147449342,0.3584815938876912,0.051197818211946085,3.6299185263229805e-05,55.572005808380325,71.68519687594043,nan,nan,nan
433.8,178.951904296875,-176.59336853027344,-62.29381561279297,179.61592327313755,-176.39850787406348,-62.30064650267082,0.6920538542858261,0.35841348984351556,0.051193465145340594,3.5539472432064125e-05,58.71368342926134,72.57788666919576,37.65784519021254,2.2396793641213284,nan
433.81,178.94345092773438,-176.600830078125,-62.294761657714844,179.60731988319696,-176.4054884105457,-62.301739886873314,0.6920470018733119,0.35846411674321865,0.05120967351513048,3.6248626413293594e-05,58.63710667056046,72.08915559247349,nan,nan,nan
433.82,178.9349822998047,-176.60829162597656,-62.29568862915039,179.59870036209614,-176.41249072083494,-62.303272347050275,0.6920384190515605,0.3585148283552072,0.05122594032000289,3.551322771859557e-05,58.80461076938178,72.30913027729602,nan,0.14312946735247378,nan
433.83,178.92652893066406,-176.6157684326172,-62.29659652709961,179.59009736994403,-176.41949408748627,-62.30433491543298,0.6920307614687543,0.35856562850656404,0.05124226717578985,3.622222110985981e-05,58.729175317696296,72.5923535301358,nan,nan,nan
433.84000000000003,178.91806030273438,-176.62326049804688,-62.2974853515625,179.58150087467237,-176.42650489345993,-62.30520651159723,0.6920446349348217,0.35861651375722287,0.05125865278860211,3.548872005973382e-05,58.64911004382817,71.9531695681023,nan,0.02074144904357386,nan
433.85,178.90960693359375,-176.63075256347656,-62.29835510253906,179.57136493784074,-176.43983921283333,-62.306268371002524,0.6887918288253423,0.3585483471215703,0.0512543025627172,3.617536197517746e-05,56.96534849671963,72.11252580743363,7.054300810464809,nan,nan
433.86,178.90115356445312,-176.6382598876953,-62.29920959472656,179.56273316831738,-176.44691961750468,-62.30793686008585,0.6887487469363998,0.3585990103545813,0.051270707681076846,3.544453872389053e-05,57.27038828809905,72.17799627673836,nan,0.2975048030833095,nan
433.87,178.89268493652344,-176.64578247070312,-62.300048828125,179.55412386534664,-176.45399696829287,-62.30893800355378,0.6887395392580146,0.35864976184253183,0.051287173039718616,3.615244727463072e-05,57.196817349108166,71.38912906417619,nan,nan,nan
433.88,178.8842315673828,-176.65330505371094,-62.30086898803711,179.54551505919096,-176.4610852065076,-62.30992313621849,0.6887135135861258,0.3587006000862561,0.051303698117779246,3.6874686503514944e-05,57.11976665489395,72.3704600464626,nan,nan,nan
433.89,178.8757781982422,-176.66085815429688,-62.301673889160156,179.53690674865575,-176.468184165828,-62.310892581184824,0.6886938436541228,0.35875152523025433,0.05132028305975894,3.7611400910743205e-05,57.046526462524966,71.41125029655065,nan,nan,nan
433.90000000000003,178.8673095703125,-176.6683807373047,-62.302459716796875,179.51017973811904,-176.4764175083921,-62.31417582383095,0.6710210138842015,0.35868329243134867,0.05131593055176498,3.6771411085415455e-05,56.57175614004023,72.44497108066327,10.527257125143734,3.2799057382795618,nan
433.91,178.85885620117188,-176.67581176757812,-62.3032341003418,179.50153638483667,-176.48348343932562,-62.3151388318991,0.6709468883281794,0.3587339952606926,0.05133253441582579,3.750541730535056e-05,56.48890418735037,73.08744063854992,nan,nan,nan
433.92,178.85040283203125,-176.68313598632812,-62.30398941040039,179.49290650563105,-176.49044172934376,-62.31567144033569,0.6708789138789587,0.35878478326461927,0.05134919763203297,3.6694334753850194e-05,56.29905653518513,72.65780310327114,nan,0.11093203032023813,nan
433.93,178.84194946289062,-176.69032287597656,-62.30473327636719,179.48426435818004,-176.49728637919813,-62.31660155842083,0.6707997986866491,0.35883565957103797,0.05136592158406887,3.742668029880461e-05,56.20968318095916,72.82035096573622,nan,nan,nan
433.94,178.83348083496094,-176.6973876953125,-62.305458068847656,179.47563308622193,-176.5039922307309,-62.3171680276739,0.6707446926036872,0.3588866214300751,0.05138270520909217,3.662033866799212e-05,56.06076238803467,71.72652993924169,nan,0.07868744714782984,nan
433.95,178.8250274658203,-176.7044677734375,-62.306278228759766,179.4822796737596,-176.51991020855587,-62.318202494428746,0.682776792010273,0.35881832560287336,0.051378347990766904,3.732751116950136e-05,55.29612181435653,71.43957519393999,4.493869651271645,nan,nan
433.96000000000004,178.8165740966797,-176.7115478515625,-62.30718231201172,179.4736669456771,-176.52660059819212,-62.31902341200248,0.6827274056179292,0.3588690650356252,0.051395150001682294,3.65267509344544e-05,55.20697354840725,72.38098263261807,nan,0.032377527002425924,nan
433.97,178.80812072753906,-176.71865844726562,-62.30817794799805,179.46504751795717,-176.53331134539116,-62.32015569604614,0.6826784181374204,0.3589198925046819,0.05141201293318419,3.7255170687113886e-05,55.10414107121102,71.50699823645209,nan,nan,nan
433.98,178.79966735839844,-176.7257843017578,-62.309261322021484,179.45645215178726,-176.54002216301004,-62.3205294675693,0.6826425185432226,0.35897080560619177,0.05142893585093507,3.645881809175254e-05,54.62061034776582,71.0575240363739,nan,0.46639443160186533,nan
433.99,178.79119873046875,-176.73292541503906,-62.31043243408203,179.44783294764525,-176.54676416024245,-62.32183001367923,0.6826085355275922,0.35902180695249886,0.05144591994902151,3.718588664974877e-05,54.51756147228451,70.46538249038971,nan,nan,nan
434.0,178.78274536132812,-176.74008178710938,-62.31168746948242,179.50378641210946,-176.57967084761094,-62.32104366570627,0.7387282347591739,0.3589534453072196,0.05144155309542887,3.6371389034827066e-05,53.05050827411604,68.45782834269404,37.28624783898665,2.920203620579681,nan
434.01,178.7742919921875,-176.7472381591797,-62.313026428222656,179.49527174798155,-176.58649236846836,-62.32249490483262,0.7387426274052209,0.3590042239374661,0.05145855495363487,3.70962909010476e-05,52.941667176492274,69.18805066421207,nan,nan,nan
434.02,178.76583862304688,-176.75442504882812,-62.31444549560547,179.48678617537266,-176.59330971914625,-62.32293897387632,0.7387798466635198,0.3590550882630291,0.05147561710242828,3.6309249601317216e-05,52.39664524114033,68.01219076071382,nan,0.7814869217556858,nan
434.03000000000003,178.75738525390625,-176.76162719726562,-62.31595230102539,179.4782715733129,-176.60016084495498,-62.324548453292294,0.7387979170720227,0.3591060405914807,0.051492740619959565,3.703299284288868e-05,52.29031433440627,67.74385026701196,nan,nan,nan
434.04,178.74893188476562,-176.7688446044922,-62.317535400390625,179.4697555439874,-176.60702763101906,-62.32629947056764,0.7388154637823463,0.3591570789734646,0.05150992474309344,3.6249877164986647e-05,52.2992045968696,67.95770878822808,nan,0.002251279322909708,nan
434.05,178.740478515625,-176.77606201171875,-62.3192024230957,179.4461476956635,-176.6019480758286,-62.328115286781575,0.7268865753791769,0.3590886537702583,0.051505545433695024,3.694944893080006e-05,53.74604100395901,69.39221223811248,7.99052273527483,nan,nan
434.06,178.7320098876953,-176.78330993652344,-62.32094955444336,179.43765972326335,-176.60877585853592,-62.32813564312749,0.7269494306254934,0.3591394693010714,0.05152274673026522,3.617106888056849e-05,52.913497519548784,67.33142664425178,nan,2.227004824199094,nan
434.07,178.7235565185547,-176.7905731201172,-62.32277297973633,179.42912633217986,-176.61564794528402,-62.330054495649826,0.7269667111797316,0.35919037260748177,0.051540009584934605,3.6891845549234806e-05,52.81186242927251,67.73484942278897,nan,nan,nan
434.08,178.71510314941406,-176.79783630371094,-62.32467269897461,179.42056824584077,-176.6225504544756,-62.33308583017746,0.7269641751799963,0.35924136200761014,0.0515573333387273,3.611708945412105e-05,53.22016705460295,68.90518424220564,nan,0.7072202934296744,nan
434.09000000000003,178.70664978027344,-176.80511474609375,-62.32665252685547,179.4120353242006,-176.62945010960243,-62.33517214331541,0.7269796516819803,0.35929243941015115,0.05157471891588268,3.6836957507094836e-05,53.11690997360147,68.66024191963666,nan,nan,nan
434.1,178.6981964111328,-176.81240844726562,-62.328704833984375,179.3686016183928,-176.6267953974639,-62.33723583445081,0.6956781757012126,0.35922394861544443,0.05157032244544113,3.6043706018636587e-05,52.302598845630044,68.96872864211754,10.849671047312027,0.008190883028779478,nan
434.11,178.6897430419922,-176.81971740722656,-62.3307991027832,179.36000952494547,-176.6337145737361,-62.33945716967709,0.695650181024468,0.3592748028940361,0.051587724533434805,3.676184407937304e-05,52.20892692220504,68.72601276493636,nan,nan,nan
434.12,178.68128967285156,-176.82704162597656,-62.33289337158203,179.3514058178587,-176.64065500627123,-62.34223007989903,0.6956168441941368,0.3593257432925187,0.05160518780579776,3.599483933679767e-05,52.478683002472216,68.87966527239657,nan,0.18827400061462402,nan
434.13,178.67283630371094,-176.83438110351562,-62.334964752197266,179.34281436095426,-176.64760051716152,-62.34446654894675,0.695591740008314,0.35937677148597946,0.05162271309363661,3.671222387187433e-05,52.4037063684759,68.7689801809356,nan,nan,nan
434.14,178.6643829345703,-176.84173583984375,-62.337005615234375,179.33425536185217,-176.6545372410916,-62.34520999201989,0.6955858653003966,0.3594278861412296,0.05164029987571876,3.594840917152963e-05,51.70523708985775,67.93428524366186,nan,1.4406036487513296,nan
434.15000000000003,178.6559295654297,-176.84909057617188,-62.339012145996094,179.35053108554405,-176.67287267515843,-62.347424966676556,0.7166552838949607,0.3593593313394564,0.05163588310179979,3.66423879341561e-05,51.3367168129755,67.86603542518232,6.308597304125083,nan,nan
434.16,178.64749145507812,-176.85646057128906,-62.340980529785156,179.34200287834005,-176.6798645020653,-62.348465473636765,0.7166507608947722,0.35941022271602,0.051653485759726656,3.588255494777071e-05,50.85134231635846,67.77038273659237,nan,0.7969201549105648,nan
434.17,178.6390380859375,-176.8638458251953,-62.3429069519043,179.3334519819038,-176.6868842400589,-62.350548211511544,0.7166480659106538,0.35946120169196927,0.05167115062560161,3.6597741193396456e-05,50.77235117626618,67.21717686485908,nan,nan,nan
434.18,178.63058471679688,-176.87124633789062,-62.34480285644531,179.32490215951333,-176.6939156635366,-62.35255743119704,0.7166470628955051,0.3595122671372629,0.051688877261061764,3.5840830015793844e-05,50.74239421239166,66.82004399761851,nan,0.0009049204340327747,nan
434.19,178.62213134765625,-176.878662109375,-62.346656799316406,179.31635204101423,-176.70095952795026,-62.35456639901375,0.7166471518807694,0.3595634204237813,0.05170666637457514,3.655546083117725e-05,50.66456668105323,66.72699453523211,nan,nan,nan
434.2,178.61367797851562,-176.88607788085938,-62.348472595214844,179.30560039016905,-176.69903495885652,-62.35662472381035,0.7168041124465552,0.35949480016080304,0.05170222476531699,3.577966822334119e-05,52.61757105095993,68.30194508306171,8.071389249895667,0.0008521944893122231,nan
434.21000000000004,178.605224609375,-176.8935089111328,-62.35025405883789,179.29705338243116,-176.70606750904204,-62.358563417006586,0.7168196257632174,0.3595457299092925,0.051720029055755935,3.649291490453798e-05,52.541796785874325,68.01056505944706,nan,nan,nan
434.22,178.59678649902344,-176.9009552001953,-62.35200119018555,179.28852034684473,-176.71310264946086,-62.35975190067157,0.7168293873385309,0.3595967461232153,0.05173789538347251,3.574237017044327e-05,52.21967637923301,67.97840274484457,nan,0.34610038395524395,nan
434.23,178.5883331298828,-176.90841674804688,-62.35371398925781,179.27997422131597,-176.72015860774613,-62.36161437128681,0.7168479216574082,0.35964784999881666,0.0517558243836102,3.645518411543664e-05,52.142460266608865,67.25104250527892,nan,nan,nan
434.24,178.5798797607422,-176.91587829589844,-62.35539245605469,179.2714198734566,-176.7272318271682,-62.36391019472228,0.7168596581824596,0.3596990406684626,0.051773815726424796,3.570717708593239e-05,52.35111325865519,68.0592247062315,nan,0.14772917782245645,nan
434.25,178.57144165039062,-176.92337036132812,-62.35703659057617,179.2722707851503,-176.7304621540361,-62.36572767300408,0.7269460691704722,0.35963035601413207,0.05176934587997641,3.6397158967570645e-05,54.063192746283065,68.25087953003535,6.315021625122582,nan,nan
434.26,178.56298828125,-176.93084716796875,-62.358646392822266,179.26374578602727,-176.73752765851728,-62.367496719027265,0.7269881990171231,0.35968132342305187,0.051787351931353164,3.7123059670677664e-05,53.98785266316398,69.01229292803917,nan,nan,nan
434.27,178.55453491210938,-176.9383544921875,-62.360225677490234,179.2552212978908,-176.7446039397935,-62.36923423515276,0.7270363415150517,0.35973237787579176,0.05180542063756514,3.7863464571596375e-05,53.915738139803,67.9738918196212,nan,nan,nan
434.28000000000003,178.5460968017578,-176.94586181640625,-62.36177444458008,179.24671441887017,-176.75167905583294,-62.36991637779243,0.7270751549795276,0.35978351906871636,0.05182355192846202,3.7029597947011275e-05,53.45348693813868,68.47604795690135,nan,0.6606690601700559,nan
434.29,178.5376434326172,-176.95338439941406,-62.36328887939453,179.23819061823477,-176.75877684857497,-62.37158274488714,0.7271225799857358,0.3598347480420234,0.051841746376816066,3.776792045031533e-05,53.377886544146236,67.85965422645691,nan,nan,nan
434.3,178.52920532226562,-176.96092224121094,-62.364776611328125,179.22023796562266,-176.75303648952234,-62.37568748456487,0.721707452569896,0.3597659979460007,0.05183724388035897,3.6916767013801347e-05,56.8836431784864,70.58904791618326,11.275948268952398,3.6279013518254226,nan
434.31,178.520751953125,-176.9684600830078,-62.366233825683594,179.2117061357081,-176.76011126754244,-62.3773202384242,0.721768536223612,0.35981700296126173,0.05185545208977443,3.7652206053203496e-05,56.818474037840254,70.57524750608175,nan,nan,nan
434.32,178.51231384277344,-176.97601318359375,-62.36766052246094,179.20318771440648,-176.76718723200068,-62.378081662974424,0.7218196344888284,0.35986809469492154,0.051873723138437626,3.683070126053719e-05,56.39791132533536,70.43946886440688,nan,0.4519822011018515,nan
434.33,178.5038604736328,-176.98358154296875,-62.36906051635742,179.1946566056268,-176.7742825526541,-62.37964972712973,0.7218846824177301,0.3599192740451259,0.051892057536864475,3.756431962770417e-05,56.331941053406695,69.67454433225011,nan,nan,nan
434.34000000000003,178.49542236328125,-176.99114990234375,-62.37043380737305,179.18613081610377,-176.78138460040634,-62.38084718250246,0.7219335752539546,0.35997054043442617,0.05191045507734352,3.6748162903100116e-05,56.19174566752046,70.44512077639654,nan,0.07532029243590888,nan
434.35,178.48696899414062,-176.9987335205078,-62.37177658081055,179.155728445474,-176.78808294423118,-62.3823874755343,0.7012313884305584,0.35990172564586087,0.051905916355009664,3.745638853451982e-05,54.499111707442374,69.39787244184252,9.091502081256476,nan,nan
434.36,178.47853088378906,-177.00633239746094,-62.37309265136719,179.14714380303303,-176.79523549076777,-62.3848198949751,0.7012436581089398,0.3599527678951976,0.05192432693264991,3.664640129404452e-05,55.14051819487118,70.27821166828569,nan,0.5767791422432281,nan
434.37,178.4700927734375,-177.01393127441406,-62.374385833740234,179.13857301040656,-176.80238834475568,-62.38628897074453,0.7012545350849457,0.36000389760587276,0.05194280105212844,3.737580766171458e-05,55.07083847208233,70.61115060363515,nan,nan,nan
434.38,178.46163940429688,-177.02154541015625,-62.37565231323242,179.12999873768538,-176.80955339065454,-62.387998588593206,0.7012825717036094,0.3600551143199979,0.05196133855930189,3.657077663872481e-05,55.34306167640507,70.16420898315525,nan,0.04552309364467286,nan
434.39,178.4532012939453,-177.0291748046875,-62.37689208984375,179.12142823572563,-176.81672529402817,-62.38942084648248,0.7012980892911206,0.3601064187569481,0.05197993988515412,3.729870597252467e-05,55.278401149709225,70.38319896866375,nan,nan,nan
434.40000000000003,178.44476318359375,-177.03680419921875,-62.37810516357422,179.08606724689696,-176.8154307099363,-62.38842906631295,0.6785158114105048,0.3600375385268066,0.051975360616799283,3.647600560563349e-05,53.61895816973498,69.98236098485044,6.0929887770565,3.5696967625503273,nan
434.41,178.43630981445312,-177.04443359375,-62.37929916381836,179.07745256899835,-176.82261094902915,-62.389779876228104,0.6785124632233435,0.3600886185801583,0.051993974208886726,3.7201651326611635e-05,53.54189245703121,69.71684137797385,nan,nan,nan
434.42,178.42787170410156,-177.05209350585938,-62.38046646118164,179.06885323308822,-176.8297897087351,-62.389909208011474,0.678502368592505,0.3601397855930031,0.05201265142743725,3.6406956738439066e-05,52.93405191875583,68.70950164907828,nan,0.9358335400480073,nan
434.43,178.41943359375,-177.05975341796875,-62.38161087036133,179.0602394383077,-176.83698818070346,-62.39120266407247,0.6784898553845544,0.3601910401848489,0.05203139265766179,3.713133761245217e-05,52.856566212816396,69.07031019642113,nan,nan,nan
434.44,178.41099548339844,-177.06741333007812,-62.38273239135742,179.05162152187276,-176.84419919781467,-62.39286774852118,0.6784754936460619,0.3602423820473407,0.05205019781346144,3.634103892478731e-05,53.09754307082107,69.75427350943784,nan,0.10139118748731196,nan
434.45,178.4025421142578,-177.07508850097656,-62.38383102416992,179.04975614966617,-176.85141872483402,-62.39416341918306,0.6848510310833505,0.3601734368198164,0.05204557425530381,3.704111707048058e-05,53.720400066052946,69.08739003215372,0.9583352060146713,nan,nan
434.46000000000004,178.39410400390625,-177.08277893066406,-62.38490676879883,179.04116820760603,-176.85862993217927,-62.39434160820696,0.6848531765466442,0.3602245541047812,0.052064390911128994,3.625600693505922e-05,53.189357181586196,68.80916226052379,nan,0.7314959120235783,nan
434.47,178.3856658935547,-177.09046936035156,-62.385963439941406,179.0325685449726,-176.86585828978482,-62.39554363923734,0.6848539652007701,0.36027575883132923,0.0520832717707006,3.697723416876068e-05,53.11037379070199,69.09653399132449,nan,nan,nan
434.48,178.37722778320312,-177.09817504882812,-62.38699722290039,179.02396542254672,-176.87309777008582,-62.397072846693746,0.6848582873446131,0.36032705077395455,0.05210221678676289,3.6196171310569405e-05,53.32869137991021,69.05790531754475,nan,0.07960099528935505,nan
434.49,178.36878967285156,-177.1058807373047,-62.38801193237305,179.01536646723122,-176.88034288667737,-62.398238175234226,0.6848601675808845,0.36037843042817175,0.052121226286768504,3.691640880886e-05,53.25082090416278,69.35091581994271,nan,nan,nan
434.5,178.3603515625,-177.1136016845703,-62.389007568359375,179.0104666117415,-176.88918548088628,-62.39934046279798,0.6878364474449569,0.36030941970263264,0.05211655420399949,3.6117234291896004e-05,53.35255538952292,68.9559266036756,0.16618313425658587,0.00010701642134306879,nan
434.51,178.35191345214844,-177.12132263183594,-62.38998031616211,179.00187450310676,-176.89644994409448,-62.40046682856878,0.6878423223365733,0.36036057454239984,0.05213557439919355,3.6835667591753765e-05,53.27600195388847,69.34493556889458,nan,nan,nan
434.52,178.34347534179688,-177.12905883789062,-62.390933990478516,178.99328973868725,-176.9037174397556,-62.4008502827058,0.687848696277739,0.3604118165373069,0.05215465897559732,3.606314318442223e-05,52.913245088732324,68.66779162258521,nan,0.34847681249864126,nan
434.53000000000003,178.3350372314453,-177.13681030273438,-62.39187240600586,178.98469823181912,-176.91099804462556,-62.4019325989295,0.6878603047135117,0.3604631461148282,0.052173808227999566,3.6780756118583317e-05,52.8357382212355,68.18540733002853,nan,nan,nan
434.54,178.32659912109375,-177.14456176757812,-62.39278793334961,178.97611813147273,-176.9182785174668,-62.4017982496447,0.6878664404696391,0.3605145631514498,0.0521930221577838,3.601178229863434e-05,52.23449346412541,68.0731910020364,nan,0.9575359069936982,nan
434.55,178.3181610107422,-177.15231323242188,-62.3936882019043,178.9644811464395,-176.92617786307505,-62.40274643059578,0.6847984919554484,0.3604454871601478,0.05218829768465855,3.6705918756479284e-05,51.86037146461557,68.19312384027927,0.6555002402264378,nan,nan
434.56,178.30972290039062,-177.1600799560547,-62.39456558227539,178.95590496550088,-176.93347163645447,-62.401410846777324,0.6847988386586871,0.3604966791788922,0.05220752150337951,3.594127177160212e-05,50.82477884153431,66.90947881643467,nan,3.7001266588970676,nan
434.57,178.30128479003906,-177.1678466796875,-62.39543151855469,178.94730885490918,-176.94078802678263,-62.40238718943385,0.6848000479027919,0.36054795865592426,0.052226810188657165,3.6656571424264246e-05,50.73556406762374,67.08454784796818,nan,nan,nan
434.58,178.2928466796875,-177.17562866210938,-62.39627456665039,178.93872000641176,-176.9481067865998,-62.40249635725973,0.6848045478000578,0.3605993255230745,0.05224616376908883,3.589516921743577e-05,50.39054705845943,66.52310853362683,nan,0.485627325354203,nan
434.59000000000003,178.28440856933594,-177.1834259033203,-62.3971061706543,178.93012450299076,-176.95543825986184,-62.403432151025584,0.684811981914111,0.3606507801249048,0.05226558249893102,3.660986469919893e-05,50.30333268218579,65.9859228902518,nan,nan,nan
434.6,178.27597045898438,-177.1912078857422,-62.397918701171875,178.91829856757954,-176.95379397254723,-62.404522326435,0.6848316385335895,0.36058163853634567,0.05226080146242708,3.5829885599348275e-05,52.064194155299965,68.0937923886349,5.779355982214003,0.015418898502873217,nan
434.61,178.26754760742188,-177.1990203857422,-62.39871597290039,178.9097035189921,-176.96110813360644,-62.40542918445039,0.6848441586888268,0.3606328678878835,0.05228022924308904,3.654315341107029e-05,51.97980417605558,67.4616158398066,nan,nan,nan
434.62,178.2591094970703,-177.20677185058594,-62.39949417114258,178.90112026700982,-176.96839267862012,-62.40472255081495,0.6848574992649356,0.36068418455572243,0.052299722131057526,3.578871464205659e-05,51.402685450538726,67.02148615047099,nan,1.7243519660989013,nan
434.63,178.25067138671875,-177.21441650390625,-62.40026092529297,178.89252567862493,-176.9756108451324,-62.40558424172049,0.6848601407576536,0.3607355888400322,0.05231928035819424,3.650151113689792e-05,51.30107067586234,67.12642257384496,nan,nan,nan
434.64,178.2422332763672,-177.22195434570312,-62.40100860595703,178.88392881093242,-176.98271772941578,-62.406825653856714,0.6848657939332644,0.36078708073927285,0.05233890398650681,3.57498828575462e-05,51.35864700705298,66.43085045285645,nan,0.10499076878030399,nan
434.65000000000003,178.2338104248047,-177.22933959960938,-62.4017448425293,178.90265638299977,-176.9951178415499,-62.40774562004308,0.7086965197269801,0.3607178736434072,0.052334062436841224,3.643981664929543e-05,52.45345669797052,67.5069607937692,7.622309381761079,nan,nan
434.66,178.22537231445312,-177.2367401123047,-62.40256881713867,178.89412218425053,-177.0020192267385,-62.40672649189807,0.708757764496752,0.3607691400814401,0.05235369427182768,3.5691767861091816e-05,51.85023023953808,66.38850313204763,nan,2.441012989808968,nan
434.67,178.21693420410156,-177.24415588378906,-62.40348434448242,178.88557607647036,-177.00894189436838,-62.407676378788835,0.7088195450576038,0.36082049402100314,0.05237339163376764,3.6402905894945424e-05,51.75006993579404,66.14112023526143,nan,nan,nan
434.68,178.20849609375,-177.2515869140625,-62.40448760986328,178.8770210857319,-177.01588340503335,-62.410245647269406,0.7088828986989598,0.36087193549566154,0.052393154602858094,3.565740316128697e-05,52.099343055187894,66.40112959899574,nan,1.5904788571302686,nan
434.69,178.2000732421875,-177.25901794433594,-62.40557861328125,178.86847520383753,-177.022829842425,-62.41138919867734,0.70892860340414,0.360923464752935,0.05241298338382111,3.6368236129583146e-05,51.99640721194471,67.3784673628431,nan,nan,nan
434.7,178.19163513183594,-177.2664794921875,-62.40675354003906,178.9357008742274,-177.0860533585875,-62.41311951096067,0.7656552385193816,0.35597281046523915,0.048593153536121175,3.560249906637773e-05,63.37158185329239,76.77928327458193,4.560342355822848,0.06593298260213584,0.815888551852608
434.71000000000004,178.18319702148438,-177.27394104003906,-62.408016204833984,178.92716362814434,-177.09307099222744,-62.414444940247336,0.765664165714669,0.35602639772842953,0.048605285145048305,3.631216717948676e-05,63.246306591266226,77.19431694704629,nan,nan,nan
434.72,178.1747589111328,-177.2814178466797,-62.409358978271484,178.91876565141612,-177.10024261217382,-62.418118575977225,0.7657984236972691,0.356080066393839,0.04861746899317837,3.5572336344592664e-05,64.14106294395215,78.0894117604722,nan,3.4964182066838396,nan
434.73,178.1663360595703,-177.2888946533203,-62.410789489746094,178.91022837332264,-177.1072828846152,-62.419636861596764,0.7657916720496881,0.3561338277154832,0.04862971685159144,3.628180299088859e-05,64.01260694301892,78.89870727788929,nan,nan,nan
434.74,178.15789794921875,-177.29638671875,-62.41230010986328,178.9017012801183,-177.11434454476375,-62.42140548389087,0.7658104569690009,0.35618767088079006,0.048642017465787966,3.554414161393057e-05,64.0614479313614,78.3943621066574,nan,0.01906016137905068,nan
434.75,178.1494598388672,-177.30389404296875,-62.41389465332031,178.92192757414728,-177.12461568035442,-62.422946981858324,0.7930504889364751,0.35611571709902107,0.048637663722726834,3.623119205548514e-05,66.01088727491579,78.60253263450818,12.345042776874088,nan,nan
434.76,178.1410369873047,-177.31141662597656,-62.415565490722656,178.91335829580424,-177.1315929787773,-62.42344286782994,0.7930187896415855,0.3561693250577373,0.04865000383190768,3.549646848914446e-05,65.37593377068137,78.37797522641696,nan,1.1052126014643258,nan
434.77,178.13259887695312,-177.31893920898438,-62.41731643676758,178.9048653095627,-177.13865787172,-62.42527635321857,0.7930700875529535,0.3562230252777792,0.0486624077580534,3.620477859115584e-05,65.25500830516573,78.34890026354472,nan,nan,nan
434.78000000000003,178.12416076660156,-177.32647705078125,-62.41914749145508,178.89633040561068,-177.14569116679124,-62.4264805005146,0.7930846488738724,0.35627680754941027,0.04867486516404451,3.5471999297564855e-05,64.89922263365628,77.8081588162706,nan,0.3456109977250857,nan
434.79,178.11573791503906,-177.3340301513672,-62.42105484008789,178.88783769732805,-177.152776945013,-62.42846569946356,0.7931240252703669,0.3563306822192158,0.04868738645927094,3.6180232352846527e-05,64.7793397577521,78.00493109794115,nan,nan,nan
434.8,178.1072998046875,-177.34158325195312,-62.423038482666016,178.8458197269124,-177.14993059057286,-62.43072439699334,0.7630212915877576,0.3562586312702653,0.04868310456798722,3.542797584603875e-05,64.24676132750797,78.41503766202236,9.462924403812895,0.06460546907887632,nan
434.81,178.09886169433594,-177.34915161132812,-62.42509841918945,178.83727303126858,-177.1570272853451,-62.43286555353253,0.7630356397449534,0.35631227029885826,0.048695664665608866,3.6135290084272675e-05,64.12631177966374,78.0958017426079,nan,nan,nan
434.82,178.09043884277344,-177.3567352294922,-62.42720031738281,178.82867874746887,-177.1640862151237,-62.43423109378678,0.7629949091827016,0.35636599158442056,0.0487082789407306,3.540694916961512e-05,63.73041901253465,77.94550561314522,nan,0.48013780924530913,nan
434.83,178.08200073242188,-177.36431884765625,-62.429298400878906,178.82013290323977,-177.17120209520257,-62.436443000419246,0.7630099782946349,0.3564198048752525,0.04872095694057597,3.61142630675189e-05,63.62446090952824,77.87730833779929,nan,nan,nan
434.84000000000003,178.07357788085938,-177.37191772460938,-62.431373596191406,178.81170089633162,-177.1784389265881,-62.44064642079427,0.7631157294471863,0.3564737008615957,0.04873368960843218,3.538754835856881e-05,64.51768957574248,79.08256386733214,nan,2.766654841472289,nan
434.85,178.0651397705078,-177.37953186035156,-62.43341827392578,178.796841752768,-177.18967708531656,-62.44297881201018,0.7559920835137932,0.35640156309176524,0.04872948525026218,3.6072757803334145e-05,62.92761686419523,77.5723937989733,6.845823418514589,nan,nan
434.86,178.0567169189453,-177.38714599609375,-62.435428619384766,178.78824630445197,-177.19680593726656,-62.44436002978045,0.7559393824545375,0.3564552232986811,0.04874225644532661,3.5348441686908484e-05,62.523710391931395,78.11088601708485,nan,0.4267096140823881,nan
434.87,178.04827880859375,-177.39476013183594,-62.437400817871094,178.7796950748646,-177.20398696820112,-62.44648303893288,0.7559408979994735,0.35650897512133134,0.04875509121940692,3.605496928448692e-05,62.42719511866284,78.02569994438504,nan,nan,nan
434.88,178.03985595703125,-177.40240478515625,-62.43933868408203,178.7711995485535,-177.21123108641214,-62.44957916757885,0.7559865735940235,0.35656280983787214,0.04876798132157052,3.5332090691119714e-05,62.98381507118599,78.03454355662663,nan,0.7063537375707267,nan
434.89,178.0314178466797,-177.41004943847656,-62.44123458862305,178.76264878366857,-177.21843052458615,-62.451638533717805,0.7559925485371594,0.3566167363121463,0.048780935101530885,3.603870821304854e-05,62.894700235419634,78.00906284174448,nan,nan,nan
434.90000000000003,178.0229949951172,-177.41769409179688,-62.443092346191406,178.73611604225457,-177.21853085759324,-62.45339388960087,0.740482102096587,0.35654450299815643,0.04877679524224161,3.5295951623137855e-05,62.995424436618734,79.38664193354212,3.1545845738287435,0.03663733765367238,nan
434.91,178.0145721435547,-177.42535400390625,-62.444915771484375,178.72753564272085,-177.22573454208657,-62.455377288190796,0.7404554841529901,0.35659819326502873,0.048789786834308416,3.600180912841411e-05,62.902661944906434,78.97312853051709,nan,nan,nan
434.92,178.00613403320312,-177.4330291748047,-62.44670104980469,178.71894769699566,-177.23293953467177,-62.45717816874062,0.7404383521935155,0.3566519666175194,0.048802834387638654,3.528239611529368e-05,62.85097020847429,78.19009246532141,nan,0.015012828795458365,nan
434.93,177.99771118164062,-177.44070434570312,-62.44845199584961,178.71036790937066,-177.2401607070806,-62.45908975035919,0.740412401565403,0.35670583134655215,0.04881594550289246,3.59883996887563e-05,62.757544938021155,79.0293486063889,nan,nan,nan
434.94,177.98928833007812,-177.44839477539062,-62.45016860961914,178.70179834800967,-177.24739969362398,-62.46115492320123,0.7403987085573037,0.35675977959174954,0.04882911304292052,3.5270158170551214e-05,62.910398101929296,78.8810235394589,nan,0.024516416624315304,nan
434.95,177.98085021972656,-177.4561004638672,-62.45185089111328,178.69616354298162,-177.25667008050718,-62.46299388779419,0.7426774499123758,0.35668745960743875,0.04882504124224872,3.595426717945353e-05,62.70280530147602,77.83447159849554,0.27929780924807496,nan,nan
434.96000000000004,177.97242736816406,-177.4637908935547,-62.45349884033203,178.68753518367143,-177.2638709784083,-62.46374378950898,0.742598221958208,0.356741171501942,0.04883824623819646,3.523797657738103e-05,62.09885217589335,78.93613064528991,nan,0.7869815486083245,nan
434.97,177.96400451660156,-177.4715118408203,-62.45511245727539,178.67896172699605,-177.27113180527945,-62.46551408500015,0.7425793999282154,0.35679497439877594,0.048851514699098084,3.594346011366016e-05,62.006989142877885,77.85294537886763,nan,nan,nan
434.98,177.95556640625,-177.47923278808594,-62.456695556640625,178.6703009881927,-177.27831880454298,-62.46551745578188,0.7424889071981994,0.3568488609912901,0.04886484018030559,3.522818569443514e-05,61.082011316907455,76.81803547376451,nan,2.0990206964160185,nan
434.99,177.9471435546875,-177.48695373535156,-62.458248138427734,178.66172825364453,-177.2855958580355,-62.46720828445856,0.7424665453457352,0.3569028387377528,0.048878229252171085,3.593387812367049e-05,60.97963812257117,77.62464790339547,nan,nan,nan
435.0,177.938720703125,-177.49468994140625,-62.45977020263672,178.6614494989929,-177.29124746789077,-62.46793487271597,0.7508611151499835,0.35683042478664834,0.04887421422683647,3.519836970555262e-05,61.82049982685524,77.37055817149333,3.340605076609624,0.7509276484683768,nan
435.01,177.9302978515625,-177.50244140625,-62.46125793457031,178.65288896701574,-177.29852344493773,-62.469557563042834,0.7508590672759398,0.3568841657659336,0.04888764001859354,3.590341394280396e-05,61.723863784571634,77.05551685061852,nan,nan,nan
435.02,177.921875,-177.51019287109375,-62.46271896362305,178.64425812454667,-177.30574200300748,-62.469700028158776,0.7507904310478967,0.35693799061087345,0.04890112339978803,3.519080230721074e-05,61.0668364685793,76.75297008867057,nan,1.470734501520558,nan
435.03000000000003,177.91343688964844,-177.51795959472656,-62.46415328979492,178.6356982642576,-177.31303353879716,-62.47125083905197,0.7508039403576362,0.3569919062483931,0.048914670304044026,3.589609525955826e-05,60.96536475778175,75.7972915644974,nan,nan,nan
435.04,177.90501403808594,-177.52572631835938,-62.465553283691406,178.62715388638105,-177.32034651825276,-62.47308891404212,0.7508152958699668,0.35704590617054593,0.048928275234551184,3.518428098808441e-05,61.052732818774274,76.89266959031725,nan,0.06938037917948817,nan
435.05,177.89659118652344,-177.5334930419922,-62.4669303894043,178.61283620199083,-177.3292868711104,-62.47453408501339,0.7448254148422966,0.3569734057396174,0.04892431871527886,3.5867812763574935e-05,60.109305069453455,76.71583725419492,1.9089091571393202,nan,nan
435.06,177.88816833496094,-177.54127502441406,-62.46827697753906,178.6043447975375,-177.33668328194472,-62.4776077855207,0.7448849378346313,0.3570271687428489,0.04893795993092148,3.515758402728312e-05,60.849662777988755,77.17050925176937,nan,1.797574455989938,nan
435.07,177.87974548339844,-177.549072265625,-62.46959686279297,178.5957785315603,-177.3440188400882,-62.47906828408212,0.7448757891122486,0.35708102218671356,0.04895166462014454,3.586254077789729e-05,60.75247534395787,76.74073627857504,nan,nan,nan
435.08,177.87132263183594,-177.55686950683594,-62.47089385986328,178.58705756009158,-177.35122164000452,-62.47712785184647,0.7447190042650091,0.3571349600694947,0.048965427868353784,3.515298404963744e-05,59.23253787849686,75.55980276264212,nan,7.97307861300695,nan
435.09000000000003,177.86289978027344,-177.56466674804688,-62.47216033935547,178.57849175175085,-177.35857171336156,-62.478504060152645,0.7447061673965241,0.35718898855715253,0.048979254742051635,3.5858230797478935e-05,59.123696415711606,75.9436628314644,nan,nan,nan
435.1,177.85447692871094,-177.57247924804688,-62.47340393066406,178.51590197822446,-177.35217503107785,-62.478124872746044,0.6971652110027053,0.3571163956745601,0.04897534693220755,3.512813271823483e-05,57.08591551996463,75.57384865397552,23.43956776453373,2.017261722334076,nan
435.11,177.84605407714844,-177.58029174804688,-62.47462463378906,178.50724968910558,-177.35953380450445,-62.47943510058593,0.6970917066636648,0.35717018684165963,0.048989209334570724,3.583280637792454e-05,56.970467927630835,75.81570884422172,nan,nan,nan
435.12,177.83763122558594,-177.58811950683594,-62.4758186340332,178.49866152949423,-177.3669563138031,-62.48217067112524,0.6970757268853879,0.35722406259061307,0.04900313080351894,3.512526175401376e-05,57.34873151399205,75.86878782420902,nan,1.4711917209587488,nan
435.13,177.82920837402344,-177.595947265625,-62.47698974609375,178.49000982121606,-177.37432882209882,-62.48344897958709,0.6970043104745889,0.3572780286081888,0.0490171158762007,3.583025259491016e-05,57.238192802081784,76.11782794260489,nan,nan,nan
435.14,177.82078552246094,-177.60379028320312,-62.47813415527344,178.48128856926837,-177.38164640419882,-62.48308462615953,0.6968763771164713,0.357332079612812,0.04903116042686939,3.5123203190427024e-05,56.64738635283946,75.21801948273402,nan,1.8400993772523953,nan
435.15000000000003,177.81236267089844,-177.61163330078125,-62.4792594909668,178.42320289014927,-177.3758059365465,-62.48435208866179,0.6548024539718814,0.35725940049749316,0.04902730151370082,3.580651044316085e-05,55.45833046143649,76.4680107930599,19.47659487032488,nan,nan
435.16,177.80393981933594,-177.61949157714844,-62.48036193847656,178.41443643604154,-177.38315974765024,-62.48471998631016,0.6546585714888896,0.3573132140193046,0.04904138108308025,3.510075389455297e-05,55.15048096316246,75.78856591561708,nan,0.4827324489632537,nan
435.17,177.79551696777344,-177.62734985351562,-62.481441497802734,178.40570543333556,-177.3905508439742,-62.48588769802765,0.6545406810285259,0.3573671174843246,0.049055524251084975,3.580552862241682e-05,55.03547787847753,76.03643499121537,nan,nan,nan
435.18,177.78709411621094,-177.6352081298828,-62.48249816894531,178.39699222040483,-177.39796358422916,-62.487456480918624,0.6544350669083464,0.3574211060616696,0.04906972737053854,3.510016832010053e-05,55.05638124207005,76.46118128107778,nan,0.1248633424336988,nan
435.19,177.77867126464844,-177.64308166503906,-62.48353576660156,178.38826176930286,-177.40536754572815,-62.48858748408709,0.6543195746224816,0.3574751847608221,0.0490839942651319,3.580528504550018e-05,54.94347605685233,75.89493267559374,nan,nan,nan
435.2,177.770263671875,-177.6509552001953,-62.484554290771484,178.39691125329966,-177.41604813235372,-62.48958113330776,0.669248676482216,0.3574024146367256,0.04908017568571638,3.507912526507469e-05,55.68638013873853,76.57809541795707,3.121672613426634,0.00033808851190231855,nan
435.21000000000004,177.7618408203125,-177.65884399414062,-62.48554992675781,178.38820879946562,-177.42346121864247,-62.49067050513595,0.6691547777850044,0.3574562554683121,0.04909447682174435,3.5783716061026e-05,55.57570714847972,75.46727851066717,nan,nan,nan
435.22,177.75341796875,-177.66673278808594,-62.48652648925781,178.37950598251243,-177.43087993488126,-62.49172403991782,0.6690588792286003,0.35751018152527475,0.04910883835937431,3.507985079397152e-05,55.48864493666588,75.72117453727337,nan,0.00019808765668499274,nan
435.23,177.7449951171875,-177.67462158203125,-62.487483978271484,178.37080406015045,-177.43830540024834,-62.49277567034353,0.6689620115296843,0.35756419739576256,0.04912326369223858,3.578480126689011e-05,55.375337797458975,75.9535516879144,nan,nan,nan
435.24,177.736572265625,-177.68252563476562,-62.48842239379883,178.36211659607685,-177.44574902298473,-62.494176333615975,0.6688811412129274,0.3576182988819693,0.04913774981470733,3.508119214806728e-05,55.41310754786421,75.56794600572815,nan,0.09479255440814785,nan
435.25,177.72816467285156,-177.6904296875,-62.489341735839844,178.35660749203853,-177.4504614428667,-62.49520828469817,0.672725465413318,0.35754544283892203,0.04913397048209573,3.5764497411503423e-05,56.34081186079616,76.88300217201267,1.690677421849025,nan,nan
435.26,177.71974182128906,-177.69834899902344,-62.49024200439453,178.3479018410502,-177.4578822064154,-62.495993190923315,0.6726383611718845,0.3575993062838548,0.0491484902648889,3.5061951508287473e-05,56.20098301531555,75.71006399747397,nan,0.033147137722335684,nan
435.27,177.71131896972656,-177.70626831054688,-62.49112319946289,178.3392043854298,-177.4653153609192,-62.496975635033756,0.6725568155845506,0.3576532592454352,0.04916307387771363,3.5766758072944204e-05,56.09315905608915,75.92967334709627,nan,nan,nan
435.28000000000003,177.70289611816406,-177.7141876220703,-62.49198913574219,178.3305001399655,-177.4727481997707,-62.497749487236035,0.6724678315510952,0.3577072979174117,0.04917771869912003,3.5064392120275244e-05,55.958577393207456,76.0643953787812,nan,0.025829032717883452,nan
435.29,177.69448852539062,-177.7221221923828,-62.49283981323242,178.3218033140403,-177.48019259089907,-62.49869653317949,0.672374952910356,0.3577614262996547,0.04919242754945482,3.576957098810613e-05,55.84898848108542,76.1041025320182,nan,nan,nan
435.3,177.68606567382812,-177.7300567626953,-62.49367141723633,178.3189970064034,-177.4893814433093,-62.4985335556299,0.6771634378101349,0.35768848061400665,0.04918867990070114,3.5046194723738656e-05,55.667685686316716,75.31422543532854,1.0188954213638473,0.653735958891069,nan
435.31,177.67764282226562,-177.7379913330078,-62.494483947753906,178.310310282856,-177.49683875644217,-62.499436246078595,0.6770872957993005,0.3577423705880261,0.049203421612319574,3.57508742266397e-05,55.55637644839624,75.55335506393898,nan,nan,nan
435.32,177.6692352294922,-177.74594116210938,-62.49528121948242,178.30166696209207,-177.5043367303245,-62.50155551942415,0.677039116076127,0.357796346354761,0.04921822493037986,3.5049601312599285e-05,55.871889337145234,76.01216431736452,nan,1.0687365251997394,nan
435.33,177.6608123779297,-177.75389099121094,-62.49606704711914,178.29298070306652,-177.5118047076821,-62.50244001892069,0.6769661548029511,0.3578504115523073,0.04923309233426768,3.5754663898898e-05,55.76311124157352,75.51852172062385,nan,nan,nan
435.34000000000003,177.6523895263672,-177.7617950439453,-62.49683380126953,178.28436549076736,-177.5193128980806,-62.50537853153013,0.6769521571410342,0.3579045629179265,0.049248021711694845,3.5053462212804894e-05,56.58213089054493,76.74048458506334,nan,3.01239066731701,nan
435.35,177.64398193359375,-177.76971435546875,-62.49768829345703,178.2953578204148,-177.53691546421314,-62.50634803087772,0.6917809340780913,0.3578315316982981,0.049244303632051165,3.5736891756295175e-05,55.95045529017142,75.90227469291328,5.601840146870906,nan,nan
435.36,177.63555908203125,-177.7776336669922,-62.498634338378906,178.28672521099787,-177.5443959558903,-62.50794629317776,0.691739741445867,0.3578854444704801,0.049259265222958114,3.50365772303168e-05,56.20449918409037,75.85366565843412,nan,0.23569214514704326,nan
435.37,177.6271514892578,-177.7855682373047,-62.49966812133789,178.27807344377976,-177.55186667643022,-62.50906132462507,0.6916675810689905,0.35793944640531,0.049274290969066555,3.5741533396349816e-05,56.076748510258845,75.87448166033727,nan,nan,nan
435.38,177.6187286376953,-177.7935028076172,-62.500789642333984,178.26946683017243,-177.55937881052648,-62.51165159548181,0.6916590368008682,0.35799353457243216,0.04928937905877621,3.504123315180146e-05,56.853765000001424,76.37584150286182,nan,1.355050108861599,nan
435.39,177.61032104492188,-177.8014373779297,-62.50199508666992,178.26081531772576,-177.56686080413036,-62.5129559717622,0.6915844915323731,0.3580477121106631,0.04930453152235303,3.5746576352431634e-05,56.72396835684484,77.19903419179946,nan,nan,nan
435.40000000000003,177.60189819335938,-177.80938720703125,-62.50328826904297,178.21225960687693,-177.55906535748076,-62.51454670619657,0.6597945406569099,0.3579745925378751,0.049300836239652174,3.502509854199453e-05,57.0984052145388,77.62138405708481,14.550068709791653,0.044351799704776436,nan
435.41,177.59349060058594,-177.8173370361328,-62.504661560058594,178.20354209908,-177.5665300066662,-62.5160242517057,0.659693949954218,0.3580285311335514,0.04931602009458908,3.5729954360880263e-05,56.971222612330926,78.48647361710788,nan,nan,nan
435.42,177.58506774902344,-177.82528686523438,-62.50611877441406,178.19483409666213,-177.57400696760524,-62.51788167231219,0.6596172764809191,0.35808255601382244,0.04933126664444883,3.503044222672781e-05,57.18604947245846,78.32362692807308,nan,0.06165906093961869,nan
435.43,177.57666015625,-177.833251953125,-62.507659912109375,178.1861172490726,-177.5814821387403,-62.51952940486487,0.6595201833798126,0.3581366700138702,0.04934657765624407,3.5735691073244876e-05,57.05815354500987,78.33678372836619,nan,nan,nan
435.44,177.5682373046875,-177.84121704101562,-62.50927734375,178.1773618387525,-177.58893294634777,-62.519966673928764,0.6593892812307014,0.35819087065946076,0.049361951711908596,3.503611075204841e-05,56.25678629534641,77.27799145122005,nan,1.177532293663976,nan
435.45,177.55982971191406,-177.84918212890625,-62.51097869873047,178.17436841350107,-177.6028142372051,-62.521686255156844,0.6621703750351078,0.3581176660089157,0.0493582763029163,3.571972242302028e-05,55.26754054824,77.2768168338465,3.0205994776739997,nan,nan
435.46000000000004,177.55140686035156,-177.85716247558594,-62.51275634765625,178.16566364342117,-177.61032732053297,-62.523571755326174,0.66208455831571,0.3581716275158569,0.04937368104009964,3.5020897800683224e-05,55.278361337073974,76.17173995296973,nan,4.870485686680111e-05,nan
435.47,177.54299926757812,-177.86514282226562,-62.51461410522461,178.1569590543849,-177.61784509268458,-62.525528522327996,0.661983316536365,0.3582256779019172,0.04938915033741832,3.572605365630141e-05,55.15101310709414,76.92699776909052,nan,nan,nan
435.48,177.5345916748047,-177.8731231689453,-62.51654815673828,178.14824596261712,-177.62536090787708,-62.527254196995464,0.6618703364392612,0.3582798149687264,0.049404683005674514,3.502711981412227e-05,54.96647286191,77.01217925102131,nan,0.06759900131988797,nan
435.49,177.5261688232422,-177.88111877441406,-62.518558502197266,178.1395418804639,-177.63288787434274,-62.52936405330597,0.6617868592005167,0.3583340411371548,0.0494202804697075,3.5732666787382507e-05,54.84304855079484,75.74035323431941,nan,nan,nan
435.5,177.51776123046875,-177.88909912109375,-62.52064514160156,178.1372237734951,-177.6368455058273,-62.532889248115644,0.6689661028572299,0.35826074934947744,0.04941661877142139,3.5012426853119856e-05,57.157914337470174,78.8370207010083,3.2894001975769993,1.2588405183427143,nan
435.51,177.5093536376953,-177.89710998535156,-62.52276611328125,178.12852931560798,-177.64436020095826,-62.53514643713053,0.6688903094290437,0.35831473604732234,0.049432246070316266,3.571748863622202e-05,57.05075963312355,77.47077577004782,nan,nan,nan
435.52,177.50094604492188,-177.9051055908203,-62.52488708496094,178.11985544807166,-177.6518939667649,-62.53817223724034,0.6688359074803697,0.3583688094500523,0.049447937050886265,3.5019118071225456e-05,57.67886620810568,79.06008364001315,nan,0.39676964779334606,nan
435.53000000000003,177.49252319335938,-177.91311645507812,-62.52698516845703,178.11116206226595,-177.65941731190497,-62.54044420765794,0.6687738415226822,0.35842297172935356,0.04946369294064478,3.5724573842348767e-05,57.592694576551224,77.8015607588195,nan,nan,nan
435.54,177.48411560058594,-177.92112731933594,-62.529052734375,178.1024348920578,-177.66692015327857,-62.541373374150865,0.6686492560720251,0.35847722106115687,0.04947951284569748,3.502603305822716e-05,56.73716630461235,77.77950163576125,nan,1.2225979463039003,nan
435.55,177.4757080078125,-177.92913818359375,-62.53108215332031,178.09381046283167,-177.67606553529384,-62.54351487440769,0.6680201963802357,0.35840384471988845,0.04947586131659384,3.570983853646202e-05,56.39884517172652,77.77700083729728,0.41214556325369267,nan,nan
435.56,177.46730041503906,-177.93716430664062,-62.533077239990234,178.0851393826406,-177.68362316928028,-62.54648561869494,0.6679729656508474,0.35845785437523014,0.049491710289292605,3.501195827131508e-05,57.08814204645242,77.87659200262736,nan,0.4605298699193579,nan
435.57,177.45889282226562,-177.9451904296875,-62.535030364990234,178.07644836065958,-177.69117080404646,-62.5486193976203,0.6678963055891867,0.3585119526918093,0.04950762429240354,3.5717318810508934e-05,57.00537884612476,78.07864125763442,nan,nan,nan
435.58,177.4504852294922,-177.95321655273438,-62.536949157714844,178.06776243161596,-177.69872592671936,-62.55090422028282,0.6678258506246542,0.35856613806942583,0.0495236026008,3.501924013948861e-05,57.277707415904445,78.51861271678234,nan,0.02503026152907625,nan
435.59000000000003,177.44207763671875,-177.96124267578125,-62.53882598876953,178.05907233547995,-177.70628199195252,-62.55296542128388,0.6677479555563375,0.3586204123435911,0.04953964618942797,3.5724989081540214e-05,57.19349430323847,78.71988735188728,nan,nan,nan
435.6,177.4336700439453,-177.9692840576172,-62.54066848754883,178.04875008997507,-177.70912892985965,-62.55340689009623,0.6679569001230355,0.3585469500134547,0.04953599912269558,3.500550908354688e-05,57.12286697383246,77.64269156179459,1.959773568576357,1.6306635076605986,nan
435.61,177.42526245117188,-177.97732543945312,-62.54247283935547,178.0400567596351,-177.7166748159166,-62.55537887354207,0.6678902267492528,0.35860098429528636,0.049552070906349,3.5710768938166e-05,57.03548482409283,77.78704057915004,nan,nan,nan
435.62,177.41685485839844,-177.98536682128906,-62.54423904418945,178.0313216355787,-177.72419599380225,-62.55547910926869,0.6677619040132758,0.3586551056367263,0.049568207271270814,3.501309325962378e-05,55.86264767013105,76.85978416306465,nan,2.380148995607313,nan
435.63,177.408447265625,-177.993408203125,-62.54597091674805,178.0226289977838,-177.73174967936495,-62.557363162377534,0.6676931678805533,0.3587093156733637,0.04958440904948739,3.571874253525165e-05,55.770308539380046,76.9716071638525,nan,nan,nan
435.64,177.40003967285156,-178.00146484375,-62.547672271728516,178.01396113087333,-177.73932353249336,-62.560316528840005,0.6676657104605728,0.3587636131052913,0.04960067573000558,3.5020824580263425e-05,56.58716314987641,77.18121281811887,nan,0.858705147074161,nan
435.65000000000003,177.39163208007812,-178.009521484375,-62.54933547973633,178.025120310974,-177.75746289344178,-62.56217154505981,0.6819132177336051,0.3586900668080126,0.04959702912670443,3.570480664012994e-05,55.97355785170026,76.39179697580207,5.6657007343441155,nan,nan
435.66,177.3832244873047,-178.017578125,-62.550968170166016,178.01643762516073,-177.76503800468035,-62.56282130592684,0.6818180748204966,0.35874412403333517,0.0496133231821807,3.500748282907373e-05,55.25555324592605,75.86145396825559,nan,0.9267795389654843,nan
435.67,177.37481689453125,-178.02565002441406,-62.55256652832031,178.0077800144589,-177.77263306187075,-62.56457372311575,0.6817654048498127,0.3587982697610534,0.04962968278963788,3.571302535472436e-05,55.16511560391937,75.2051496661814,nan,nan,nan
435.68,177.36642456054688,-178.03372192382812,-62.554134368896484,177.99910504712295,-177.7802204443263,-62.56544629797045,0.6816711508807869,0.3588525028688144,0.04964610755794597,3.5015441186996986e-05,54.66665699066355,75.5238394098893,nan,0.5082311113245641,nan
435.69,177.35801696777344,-178.04177856445312,-62.55567169189453,177.99044783576298,-177.78782287221009,-62.567128724071786,0.6816110034286097,0.35890682472561364,0.04966259813956499,3.572136551386159e-05,54.56849173262653,75.84196384587739,nan,nan,nan
435.7,177.349609375,-178.04986572265625,-62.55717468261719,177.98176134316222,-177.83320850033687,-62.569696037228994,0.6683661026382419,0.358817775609222,0.048440035163178005,3.500107463840612e-05,65.00549790906086,85.34026073614058,5.018800679704864,0.7312032404150834,0.7252309028040282
435.71000000000004,177.34120178222656,-178.0579376220703,-62.558650970458984,177.97309390238374,-177.84090021769723,-62.57132769672176,0.668246650423688,0.3588716883953038,0.04845227004520924,3.57064743053252e-05,64.87351645674323,86.22943230092713,nan,nan,nan
435.72,177.3328094482422,-178.06602478027344,-62.560096740722656,177.96444480447022,-177.84864927812956,-62.57408593697341,0.6681399776853338,0.3589256878149247,0.04846455995045932,3.5009253660544646e-05,65.81148944793937,87.20064368144529,nan,0.9419738424604277,nan
435.73,177.32440185546875,-178.07411193847656,-62.56151580810547,177.95577812207262,-177.85634808929052,-62.57567233419559,0.6680250678484282,0.35897977469348263,0.04847691117451062,3.571503668488072e-05,65.68213479896616,86.68747401764026,nan,nan,nan
435.74,177.3159942626953,-178.0821990966797,-62.562904357910156,177.9471066548012,-177.86403482410864,-62.576889700934366,0.6679027557328683,0.3590339485222955,0.04848931786060645,3.501752320655106e-05,65.5047933796742,86.76217548338157,nan,0.08225429630255592,nan
435.75,177.30758666992188,-178.0902862548828,-62.564266204833984,177.94050486013634,-177.87481895651123,-62.57825899625394,0.6687356655537576,0.35896073776098375,0.048484903786157316,3.570162368376639e-05,64.7487315645375,86.419048089404,2.254311235395417,nan,nan
435.76,177.2991943359375,-178.098388671875,-62.56560134887695,177.93184221649102,-177.8825368348892,-62.579668527446,0.6686054455446018,0.35901467351046645,0.048497349345464826,3.50046582555763e-05,64.76635302524168,86.43837779850489,nan,0.005613071109284184,nan
435.77,177.29078674316406,-178.10647583007812,-62.5669059753418,177.92318105080457,-177.89026203347564,-62.581140546547076,0.6684860426327394,0.35906869657503776,0.0485098561917815,3.5710321228042953e-05,64.63283782613401,86.81780384172747,nan,nan,nan
435.78000000000003,177.28237915039062,-178.1145782470703,-62.56818771362305,177.91452436328822,-177.89800404993903,-62.582897925433095,0.6683773959253141,0.3591228065435306,0.04852241906205817,3.5013052605096764e-05,64.98778942807088,86.53547933528688,nan,0.06815763937273053,nan
435.79,177.27398681640625,-178.12269592285156,-62.5694465637207,177.9058638241126,-177.90573608539677,-62.58432251441476,0.6682525105417817,0.35917700409152276,0.048535043368660394,3.571909031787751e-05,64.85337825881284,86.39103881294912,nan,nan,nan
435.8,177.2655792236328,-178.13079833984375,-62.570674896240234,177.92286834432514,-177.923791043625,-62.586313897179124,0.6892935421274887,0.35910371069342706,0.048530702404629936,3.5000306159242134e-05,65.38659480694672,86.75708423283588,6.485567041415838,0.21601193629986098,nan
435.81,177.25718688964844,-178.138916015625,-62.57188415527344,177.9142514501812,-177.93155015968085,-62.58769650753833,0.6891911675317127,0.3591576698783988,0.04854336497433031,3.5705840287472244e-05,65.2501449176466,86.54841088303654,nan,nan,nan
435.82,177.248779296875,-178.1470184326172,-62.57306671142578,177.90560865684844,-177.9392271823816,-62.5869702237968,0.6890539307295535,0.3592117159149055,0.04855608410586254,3.500879032393897e-05,63.61515293633906,85.44184128410407,nan,3.0699903684817915,nan
435.83,177.24038696289062,-178.15513610839844,-62.574222564697266,177.89699229020687,-177.94699239034685,-62.588285931897175,0.688950028319477,0.35926584939533956,0.04856886466779817,3.57146989325749e-05,63.478967376068454,85.25821929411735,nan,nan,nan
435.84000000000003,177.2319793701172,-178.16326904296875,-62.57535934448242,177.88836964737604,-177.95473940595357,-62.58904270035524,0.6888541498906526,0.35932007003645194,0.04858170220642294,3.501732524461036e-05,63.14059571785973,83.69053489508588,nan,0.20303681225169343,nan
435.85,177.22357177734375,-178.17138671875,-62.576473236083984,177.90038616632103,-177.968646645559,-62.590368527195196,0.7066642296870845,0.35924669486173944,0.04857743519825904,3.570153547726586e-05,63.54200388794787,84.39614955611421,3.499503211450202,nan,nan
435.86,177.21517944335938,-178.1795196533203,-62.57756423950195,177.89180064145395,-177.97641633490755,-62.59133427832263,0.7065810764734233,0.3593006768964413,0.048590310642417124,3.5004682454753305e-05,63.401246010718786,84.18340510150372,nan,0.055463899480770705,nan
435.87,177.20677185058594,-178.18765258789062,-62.57863235473633,177.88321859265542,-177.9841998350537,-62.59255671936767,0.7065175903144507,0.3593547462441144,0.048603247526791224,3.5710453125256204e-05,63.26528179673355,83.69863507547397,nan,nan,nan
435.88,177.19837951660156,-178.19578552246094,-62.579681396484375,177.8746234822602,-177.99194005841238,-62.592527687101644,0.7064162381241822,0.35940890269194586,0.048616241892766726,3.501327177396051e-05,62.3985077341792,83.61444831730316,nan,1.0690531875544556,nan
435.89,177.1899871826172,-178.20391845703125,-62.58070755004883,177.86604212229886,-177.99972940073374,-62.59369718526534,0.7063371594378433,0.35946314672410773,0.048629297871751985,3.571940826477234e-05,62.25788387233277,83.70857710604467,nan,nan,nan
435.90000000000003,177.18157958984375,-178.21205139160156,-62.58171463012695,177.84565070010737,-178.00177405750142,-62.5924683637187,0.696651017015824,0.3593896897458273,0.048625096239069035,3.5000683557544013e-05,61.13580352196463,82.25476119184586,2.2450833267900694,4.318563364385059,nan
435.91,177.17318725585938,-178.22019958496094,-62.58270263671875,177.83704949609464,-178.00955520481028,-62.59357605725634,0.6965646848451478,0.35944369489691397,0.04863818948721967,3.57063076497952e-05,60.99554081700734,82.0268071613479,nan,nan,nan
435.92,177.16477966308594,-178.2283477783203,-62.58366775512695,177.82845723469504,-178.01737027553213,-62.59554897867157,0.6965059864872707,0.35949778708273633,0.04865134069905239,3.500930285072848e-05,61.56997310333702,82.2362883950762,nan,0.5516623893385709,nan
435.93,177.15638732910156,-178.2364959716797,-62.58461380004883,177.81985623303615,-178.02515681481287,-62.59662808007636,0.6964191041592096,0.35955196672842227,0.0486645535579654,3.571529267531795e-05,61.43077036092875,82.89236160737457,nan,nan,nan
435.94,177.14797973632812,-178.24464416503906,-62.58554458618164,177.81123047532503,-178.03285592362613,-62.595056826534375,0.6963090439576777,0.35960623371197725,0.04867782477274014,3.501794635615016e-05,59.82548851826386,80.93839565699753,nan,4.887485714461706,nan
435.95,177.13958740234375,-178.25279235839844,-62.58645248413086,177.80834917863018,-178.04886427371184,-62.5961321560795,0.6992300574165545,0.359532695610443,0.048673688010961745,3.57022249794774e-05,58.31610911570494,80.86752174591756,6.813246357791184,nan,nan
435.96000000000004,177.13119506835938,-178.26095581054688,-62.587345123291016,177.7997424960903,-178.05662472324127,-62.595118848992456,0.6991189363594676,0.3595867234673195,0.04868699606240179,3.500538409256417e-05,57.27014270738606,79.10755995898589,nan,2.864509505067258,nan
435.97,177.12278747558594,-178.26910400390625,-62.58822250366211,177.79115413610347,-178.06445465455698,-62.59608285855754,0.6990401521082477,0.35964083866311286,0.04870036580929706,3.5711218974887936e-05,57.12329648233744,79.51318080815972,nan,nan,nan
435.98,177.11439514160156,-178.2772674560547,-62.58907699584961,177.7825793826643,-178.07233818683733,-62.59861270782798,0.6989686081573874,0.359695041124883,0.048713794363373246,3.50140360620021e-05,57.841452290185735,80.0993057112899,nan,1.7665562946491176,nan
435.99,177.1060028076172,-178.28543090820312,-62.58991622924805,177.7739913490228,-178.08017343522616,-62.59955978256163,0.6988793313459708,0.3597493312023851,0.048727284807576904,3.5720228487824733e-05,57.698839911915094,80.16148547766558,nan,nan,nan
436.0,177.09759521484375,-178.29359436035156,-62.59074020385742,177.7931306181439,-178.09683794602432,-62.600251895772715,0.7228921469388737,0.35967571210177396,0.04872320534362083,3.500148755845486e-05,57.991457486201774,79.20715687109524,6.562598429440112,0.013070234318643683,nan
436.01,177.08920288085938,-178.30177307128906,-62.59154510498047,177.78458835013154,-178.1046895960233,-62.60116396656848,0.722838411815501,0.3597297627856325,0.0487367319615029,3.570715962021364e-05,57.85215054675502,78.9048331051042,nan,nan,nan
436.02,177.080810546875,-178.3099365234375,-62.59233856201172,177.77604128216814,-178.1125238772623,-62.60139942997595,0.7227721822914839,0.3597839006596838,0.04875031781681264,3.5010131619670084e-05,57.4562409954701,79.63697367101572,nan,0.3086429938386627,nan
436.03000000000003,177.07241821289062,-178.318115234375,-62.59321594238281,177.76749954024172,-178.12038057573616,-62.60232744225307,0.7227171412724736,0.35983812603343446,0.048763965632420386,3.571616156838724e-05,57.288915748751265,78.73580489031471,nan,nan,nan
436.04,177.0640106201172,-178.3262939453125,-62.59418487548828,177.7589578651829,-178.12823891627107,-62.603324644115126,0.7226762783733712,0.3598924388958734,0.048777673056943395,3.501878346192803e-05,57.20425320178263,78.28120787047311,nan,0.00030631338122067884,nan
436.05,177.0556182861328,-178.33447265625,-62.59524154663086,177.76221166300402,-178.13945255776457,-62.604336036315686,0.7330687203763067,0.35981873935098124,0.04877364927728789,3.570309283684962e-05,57.34759347231187,78.68684291718105,1.4970586719019527,nan,nan
436.06,177.04722595214844,-178.3426513671875,-62.59638595581055,177.75369022631943,-178.14732036576424,-62.60557555891959,0.7330282529359069,0.359872812573109,0.04878739237188882,3.500621333991279e-05,57.296274700126716,78.82368559099834,nan,0.0015343449819344226,nan
436.07,177.03883361816406,-178.350830078125,-62.59761428833008,177.74516864419917,-178.15518903163235,-62.60685595102035,0.7329870369972684,0.3599269731814746,0.048801197509386975,3.5712073519754215e-05,57.12807126705566,78.83456378675952,nan,nan,nan
436.08,177.0304412841797,-178.35902404785156,-62.59892654418945,177.73665673484481,-178.1631008353291,-62.60971992530999,0.7329683929333429,0.35998122119771253,0.04881506265813489,3.501484618716201e-05,57.91952025934039,78.90676101130461,nan,1.5821156829759158,nan
436.09000000000003,177.02203369140625,-178.36720275878906,-62.60032272338867,177.72813550885587,-178.1709741533479,-62.6111863873573,0.7329416493786253,0.3600355568811653,0.04882899006415372,3.572105682236024e-05,57.74964245074495,79.29821685023016,nan,nan,nan
436.1,177.01364135742188,-178.37539672851562,-62.601802825927734,177.71349584787,-178.17647864878862,-62.61131476181018,0.727636713729404,0.3599617771193757,0.048825015197647086,3.500226625585297e-05,57.020371301897924,78.3580940192551,0.34388410879195797,1.4030858837994578,nan
436.11,177.0052490234375,-178.3835906982422,-62.603363037109375,177.70496530680143,-178.18435188306097,-62.61293420018178,0.7275923239300982,0.36001587290209414,0.048838977583214184,3.5707949871835574e-05,56.856418071273026,78.34807596987007,nan,nan,nan
436.12,176.99685668945312,-178.39178466796875,-62.605003356933594,177.69642429675505,-178.19217869368438,-62.61272877423652,0.727528050475487,0.3600700560088374,0.04885300036337602,3.50108696506608e-05,55.850914305895095,77.52153696677593,nan,2.5655776914987825,nan
436.13,176.98846435546875,-178.3999786376953,-62.60672378540039,177.68789408839118,-178.20005578497714,-62.61449202444691,0.7274829509155468,0.360124326672905,0.048867085502227785,3.571690462555692e-05,55.69092190470511,77.52775423924082,nan,nan,nan
436.14,176.98007202148438,-178.40817260742188,-62.608524322509766,177.67935080001465,-178.20787221327427,-62.613775361698174,0.7274191579901037,0.36017868495602223,0.04888123138887615,3.501947185003524e-05,54.643684993353745,76.63719414527729,nan,4.622756202867726,nan
436.15000000000003,176.9716796875,-178.4163818359375,-62.61040115356445,177.64558894258644,-178.21091970900915,-62.615643014561634,0.7045536507603949,0.36010482544833355,0.04887730293203321,3.5703780296028176e-05,53.55227038878629,75.83041604345952,5.724724914949313,nan,nan
436.16,176.96328735351562,-178.42457580566406,-62.61235427856445,177.63702331916696,-178.2188238573534,-62.61834551601527,0.7044784670747238,0.3601589435839554,0.048891483227749215,3.500684479398582e-05,53.66196545421334,77.0297720986347,nan,0.3737508341418144,nan
436.17,176.95489501953125,-178.4327850341797,-62.614383697509766,177.62845456339497,-178.2267127425015,-62.62040479544505,0.7044036500102406,0.36021314916878555,0.04890572599388983,3.5712697989382004e-05,53.50901647061098,76.0810998200709,nan,nan,nan
436.18,176.94650268554688,-178.44097900390625,-62.616485595703125,177.61988556481066,-178.2345999695397,-62.6223826058003,0.7043234928921118,0.36026744228499036,0.04892002986645357,3.501541395792383e-05,53.34063192720546,77.02840196141956,nan,0.017567077975675797,nan
436.19,176.9381103515625,-178.44918823242188,-62.618629455566406,177.6113178127745,-178.24249260512204,-62.624573168943776,0.7042490297509071,0.36032182313445504,0.04893439644101768,3.572161195716486e-05,53.193576837665574,76.03980595890994,nan,nan,nan
436.2,176.92971801757812,-178.4573974609375,-62.620765686035156,177.5912119555161,-178.240687526751,-62.62506201065799,0.6961004840603495,0.3602478841751671,0.04893050824288145,3.500276586982383e-05,53.94877479293688,76.38469826630399,6.882478373619604,1.7831164813144935,nan
436.21000000000004,176.92132568359375,-178.4656219482422,-62.62287902832031,177.5826240789129,-178.248551820746,-62.62723969262374,0.696027315050237,0.3603020246222764,0.04894490850722205,3.570843168816392e-05,53.81622596840011,75.49656338499459,nan,nan,nan
436.22,176.91293334960938,-178.4738311767578,-62.624961853027344,177.57403362311447,-178.25640215606958,-62.62863637480807,0.6959471623451566,0.36035625251076403,0.048959370219843486,3.501129569487205e-05,53.52795291320075,76.25347645685189,nan,0.40166294577068634,nan
436.23,176.904541015625,-178.48204040527344,-62.62700653076172,177.5654463246422,-178.26426988617135,-62.63074663319472,0.6958691075506486,0.36041056802685617,0.04897389476181279,3.571730781636001e-05,53.3924643418999,76.26090298869106,nan,nan,nan
436.24,176.89614868164062,-178.49026489257812,-62.6290168762207,177.5568561584344,-178.27212068639668,-62.63189026835573,0.6957941656582867,0.3604649712768431,0.04898848108957694,3.501982060591517e-05,53.09845982528657,75.17831057221692,nan,0.6105467061323748,nan
436.25,176.88775634765625,-178.49847412109375,-62.630985260009766,177.55683664308714,-178.2770126107222,-62.63401451109742,0.7047856544170575,0.36039095328420684,0.04898462994994373,3.570410332327423e-05,54.511630686866674,76.57697408288917,4.53644991254447,nan,nan
436.26,176.87937927246094,-178.50669860839844,-62.63291549682617,177.54825914779127,-178.2848443982902,-62.635003675144624,0.7047155019249682,0.36044511588578004,0.04899924933449801,3.500711532736071e-05,54.24129552068601,76.12413461452776,nan,0.7095551328440549,nan
436.27,176.87098693847656,-178.51492309570312,-62.63480758666992,177.5396852826512,-178.2926972050874,-62.63694805715893,0.7046604881613276,0.36049936601042837,0.049013931683881885,3.571293664692385e-05,54.10831419354343,75.55114861054005,nan,nan,nan
436.28000000000003,176.8625946044922,-178.5231475830078,-62.636661529541016,177.5311139338698,-178.300564962967,-62.63956867105601,0.7046059664574942,0.360553703776127,0.04902867613949005,3.501560245198952e-05,54.084502904029975,75.67540988323186,nan,0.35875905124369034,nan
436.29,176.8542022705078,-178.5313720703125,-62.63847732543945,177.52254078308505,-178.30842149796342,-62.64144719371321,0.7045510238600871,0.36060812935114056,0.04904348380609339,3.5721764400096096e-05,53.95293246799582,75.7172819701844,nan,nan,nan
436.3,176.8458251953125,-178.5395965576172,-62.6402587890625,177.4943272879481,-178.31621816418735,-62.6417679553587,0.6858973307915354,0.3605340326597804,0.049039664038549355,3.500287331167693e-05,52.12026926576068,75.93509226112226,6.526572848967424,1.6354066057711107,nan
436.31,176.83743286132812,-178.54782104492188,-62.642005920410156,177.4857246778214,-178.3240977548198,-62.643561242328175,0.6858110591792086,0.36058821733628066,0.04905450401259256,3.570849940240548e-05,51.98412065374511,75.32830902670757,nan,nan,nan
436.32,176.82904052734375,-178.55604553222656,-62.64371871948242,177.47712530569467,-178.3320011956981,-62.64663850157542,0.6857246311662666,0.3606424895592348,0.04906940639873314,3.501131909658963e-05,52.0209393943698,75.50596005776679,nan,1.2256811289320928,nan
436.33,176.82066345214844,-178.5642852783203,-62.64539337158203,177.46852298453658,-178.3398840767722,-62.64837750785573,0.6856287465033231,0.3606968494885443,0.04908437214374872,3.5717287884440465e-05,51.88983118282712,75.21819252833444,nan,nan,nan
436.34000000000003,176.81227111816406,-178.572509765625,-62.647037506103516,177.45991423228958,-178.34771482242212,-62.64673557426437,0.6855468335034568,0.36075129725508615,0.049099400625296,3.5019759749587927e-05,51.503935836027985,75.26510362260713,nan,7.906539877174719,nan
436.35,176.8038787841797,-178.58074951171875,-62.648651123046875,177.45539619010793,-178.34442621832457,-62.64839737290577,0.693053889403469,0.3606771222527986,0.04909560849900003,3.570399883660267e-05,54.33991728923609,75.55722532558603,17.377203956096384,nan,nan
436.36,176.79550170898438,-178.5889892578125,-62.65022659301758,177.44679522439677,-178.35224241643326,-62.64880233557451,0.692989421730623,0.3607313288761056,0.049110668596843814,3.500697352828501e-05,54.26221033279265,76.26344103364835,nan,1.0250015555842729,nan
436.37,176.787109375,-178.59722900390625,-62.65177536010742,177.43819677819363,-178.3600786629187,-62.65036965933231,0.6929336669715204,0.3607856231034226,0.04912579220745645,3.571274534154066e-05,54.12691852594816,75.62040206907052,nan,nan,nan
436.38,176.7787322998047,-178.60546875,-62.65329360961914,177.42959750105317,-178.36790699790913,-62.65125449902233,0.6928674146073925,0.36084000507130026,0.04914097884224269,3.50153776712814e-05,54.05622890418007,76.28976961425232,nan,0.30037212990187245,nan
436.39,176.7703399658203,-178.61370849609375,-62.65477752685547,177.4209992955095,-178.3757463132827,-62.652756018726365,0.6928114103093921,0.3608944749309148,0.049156229247989604,3.572148731731826e-05,53.91896367466833,75.73225556491006,nan,nan,nan
436.40000000000003,176.76194763183594,-178.6219482421875,-62.65623474121094,177.42098177748508,-178.39038160911784,-62.655876370251214,0.6985336349185068,0.360820221973907,0.04915245941199016,3.500257006485756e-05,52.996093230020215,75.00552648622164,2.763961197990703,2.017476656798161,nan
436.41,176.75357055664062,-178.63018798828125,-62.65766143798828,177.41239929670328,-178.39824456429298,-62.65733695240319,0.6984648637940557,0.36087445044430827,0.049167740653413713,3.5708141532405286e-05,52.86040942155256,75.59204461417744,nan,nan,nan
436.42,176.74517822265625,-178.638427734375,-62.659061431884766,177.40381892821654,-178.4061321028128,-62.6605406350325,0.6984060620482839,0.3609287665572893,0.04918308519419327,3.5010935813445946e-05,52.78620100680981,75.03079391240685,nan,2.212599270680083,nan
436.43,176.73680114746094,-178.6466827392578,-62.66043472290039,177.3952368352224,-178.4139978561553,-62.66196397439056,0.6983424291509478,0.3609831704605392,0.04919849366916881,3.5716847687369377e-05,52.657375276007905,74.71488425649729,nan,nan,nan
436.44,176.72840881347656,-178.65492248535156,-62.66177749633789,177.38665588432482,-178.42187901602364,-62.6644809651462,0.6982877441429924,0.3610376622960072,0.04921396575733893,3.501929835470883e-05,52.66660455737271,75.18657242641956,nan,0.8853296022629995,nan
436.45,176.72003173828125,-178.66317749023438,-62.66309356689453,177.3899886207739,-178.43665689831033,-62.66600329429325,0.7072215137270732,0.3609633317569388,0.04921021408937221,3.570348224492657e-05,52.1405907876316,74.41049088332453,3.381881230863945,nan,nan
436.46000000000004,176.71163940429688,-178.6714324951172,-62.66438674926758,177.38142782686555,-178.44455187385407,-62.667905415706564,0.7071801243850667,0.3610175819602974,0.049225716268110675,3.500643990907343e-05,52.12591400975637,73.90284400615299,nan,0.20828008508959744,nan
436.47,176.70326232910156,-178.6796875,-62.665653228759766,177.37286689639538,-178.45244196242788,-62.66924463039294,0.7071235458198735,0.36107191985268,0.04924128254832767,3.571215115871286e-05,52.00084131316775,74.49252559845682,nan,nan,nan
436.48,176.6948699951172,-178.6879425048828,-62.666893005371094,177.3643056656774,-178.4603202657292,-62.66937550268045,0.7070800262831561,0.36112634557781575,0.04925691270166017,3.5014770756580244e-05,51.68428110357728,73.73623314959583,nan,0.9886059849251526,nan
436.49,176.68649291992188,-178.69619750976562,-62.66810607910156,177.3557452139165,-178.4682132915338,-62.67065421130358,0.7070232879881347,0.3611808592806523,0.049272607224290846,3.5720818246064604e-05,51.55739934523707,74.34855574524948,nan,nan,nan
436.5,176.6781005859375,-178.70445251464844,-62.6693000793457,177.34645440652884,-178.47515056260593,-62.672158995856236,0.7066005859841554,0.36110645152473425,0.04926886860536194,3.500189638511884e-05,51.752372666516365,73.86241257557788,0.2189640319748668,0.025474465252264235,nan
436.51,176.6697235107422,-178.71270751953125,-62.670467376708984,177.33789313197312,-178.4830433703249,-62.67339419976902,0.7065442876846314,0.3611607233531107,0.0492845924056665,3.5707404532589625e-05,51.62630931479757,74.49002118318889,nan,nan,nan
436.52,176.66134643554688,-178.72096252441406,-62.671607971191406,177.3293319813365,-178.49093389437627,-62.67423044166945,0.7064876059580573,0.3612150829137997,0.04930038032845673,3.501019452203303e-05,51.450343449350974,74.48614465100106,nan,0.10003274458315152,nan
436.53000000000003,176.6529541015625,-178.72923278808594,-62.6727294921875,177.32077080092066,-178.49882938480425,-62.67541734250736,0.7064503497944817,0.3612695303513015,0.0493162327943839,3.5716041904311416e-05,51.328133099109074,72.93763629818814,nan,nan,nan
436.54,176.6445770263672,-178.73748779296875,-62.673831939697266,177.31221002366215,-178.50671233506029,-62.67509135041173,0.706394165579855,0.3613240658100627,0.04933214968830754,3.501849250826816e-05,51.03858758120548,74.20134298270644,nan,1.5683071072408965,nan
436.55,176.6361846923828,-178.74575805664062,-62.67490768432617,177.2555629236137,-178.501533946694,-62.676293962615404,0.6657903055537945,0.3612495812047505,0.049328419718631576,3.5702615078809775e-05,50.04910822540705,73.59592497857477,18.154938395468587,nan,nan
436.56,176.6278076171875,-178.75401306152344,-62.67596435546875,177.2469246634134,-178.50942090178236,-62.67723081760957,0.6656822406078235,0.3613038745483455,0.049344365095104016,3.500557668574592e-05,49.90807384841143,75.07471758680205,nan,0.021140465664808473,nan
436.57,176.6194305419922,-178.7622833251953,-62.676998138427734,177.23828653572576,-178.51731060007188,-62.67831880958503,0.6655795378515459,0.3613582556678003,0.04936037519084532,3.571122189431063e-05,49.781305301253326,74.16347487027083,nan,nan,nan
436.58,176.6110382080078,-178.7705535888672,-62.67801284790039,177.22964873238897,-178.52519841994916,-62.679000502443984,0.6654916342460031,0.3614127247070266,0.0493764499513484,3.501384951206263e-05,49.631707324626035,73.46829260884738,nan,0.10530611091440077,nan
436.59000000000003,176.6026611328125,-178.77880859375,-62.67900466918945,177.22101091027338,-178.53309066114588,-62.68004531645597,0.665383222388343,0.36146728181134163,0.0493925897064106,3.571983035562688e-05,49.501194630053995,75.06101048810717,nan,nan,nan
436.6,176.5942840576172,-178.78707885742188,-62.67997741699219,177.21048056792213,-178.5265063684976,-62.68118546741934,0.6690273691576619,0.3613927207229547,0.049388863418985164,3.500092452896772e-05,52.425174537737384,75.6430006078137,19.565735251166785,1.9200161732742836e-06,nan
436.61,176.5858917236328,-178.79534912109375,-62.68093490600586,177.20183567022428,-178.5343423665178,-62.682194934839515,0.6689641686589904,0.36144703547301293,0.04940503081070346,3.5706365798347986e-05,52.30214315297865,74.93128272950402,nan,nan,nan
436.62,176.5775146484375,-178.8036346435547,-62.68186950683594,177.193189119874,-178.54219288149318,-62.68511480488215,0.6688926533367341,0.3615014380406214,0.04942126309507637,3.500917147899739e-05,52.43474879994183,75.01092630178864,nan,2.624532349804836,nan
436.63,176.5691375732422,-178.81190490722656,-62.68278503417969,177.1845443678332,-178.55003108265097,-62.68610779010723,0.6688157171699831,0.3615559285723462,0.049437560554250616,3.571495170995683e-05,52.315924968661015,75.85746845724167,nan,nan,nan
436.64,176.5607452392578,-178.82017517089844,-62.683685302734375,177.1758979604827,-178.55788249504297,-62.68896079802362,0.6687586628136868,0.36161050721020094,0.04945392320525931,3.5017421748628493e-05,52.67562369765696,75.62454741695977,nan,2.4863940405620566,nan
436.65000000000003,176.5523681640625,-178.8284454345703,-62.684566497802734,177.19501280594866,-178.5821457437743,-62.689872952805636,0.6882469265430128,0.36153587000690435,0.049450196013754645,3.5701481285129286e-05,51.373530906095134,74.83155397963029,13.58538805844712,nan,nan
436.66,176.5439910888672,-178.83673095703125,-62.685428619384766,177.18641469685605,-178.59003686547152,-62.691906657766275,0.6881918568925226,0.3615902060522468,0.04946658545993153,3.5004465744427724e-05,51.65864584811838,74.34502124627473,nan,0.8151306730905877,nan
436.67,176.5355987548828,-178.84500122070312,-62.686275482177734,177.1778179474593,-178.5979228816613,-62.69286008854354,0.6881399232556114,0.36164462996046526,0.049483040261935424,3.571004390039079e-05,51.546854777597524,74.60062301018972,nan,nan,nan
436.68,176.5272216796875,-178.85328674316406,-62.687103271484375,177.16922504017938,-178.60579443413715,-62.69087676251485,0.6880661284679699,0.3616991418718552,0.04949956047336013,3.501269783472051e-05,50.614280103684365,73.52017368963345,nan,6.01910901254633,nan
436.69,176.5188446044922,-178.86155700683594,-62.68791580200195,177.16062838828063,-178.61368300940057,-62.69176930490873,0.6879991229813064,0.3617537419356198,0.049516146321498894,3.571861178607115e-05,50.49512620761283,74.38984064584699,nan,nan,nan
436.7,176.51046752929688,-178.86984252929688,-62.688819885253906,177.06867060799055,-178.62103332653547,-62.69483701509094,0.6111733815320701,0.3573117565366275,0.04935144099344313,3.4998891452796177e-05,63.35356483632422,87.02820921584386,7.403107640763692,3.4774126521782045,0.6993774671404467
436.71000000000004,176.5020751953125,-178.8781280517578,-62.6898078918457,177.06000639549768,-178.6289538121248,-62.695877843340114,0.6110743572986143,0.3573627139317778,0.04936651208745859,3.570424643235087e-05,63.18738826598494,86.46940524176046,nan,nan,nan
436.72,176.4936981201172,-178.88641357421875,-62.690887451171875,177.05136986752555,-178.63686801167313,-62.69651136224452,0.610984773966963,0.3574137535191887,0.049381641175829424,3.500713234705579e-05,62.89359850819247,86.8608094553341,nan,0.17380952285870077,nan
436.73,176.48532104492188,-178.8946990966797,-62.69205093383789,177.0427058178172,-178.64479047685714,-62.69772404554686,0.6108717439149065,0.3574648842153837,0.04939682903119626,3.571282768982609e-05,62.72593420128265,86.86446585108118,nan,nan,nan
436.74,176.47694396972656,-178.90298461914062,-62.69329833984375,177.03406967841875,-178.65270669822507,-62.69851841690134,0.6107825653930089,0.35751609751025776,0.04941207519254729,3.5015379714520395e-05,62.437502945408774,86.73820529800138,nan,0.17993542498403653,nan
436.75,176.4685516357422,-178.91127014160156,-62.69463348388672,177.01465177052597,-178.66137275473417,-62.70000107046703,0.6005854411819476,0.3574486628607461,0.04940813028222363,3.569936027930626e-05,61.15094041002922,85.96931210493706,4.443360879173608,nan,nan
436.76,176.46017456054688,-178.9195556640625,-62.696048736572266,177.00603496184155,-178.66929608822136,-62.700227501598334,0.6005088634474224,0.3574996533908133,0.04942340111987407,3.5002428052511224e-05,60.675638322258685,86.33450813904867,nan,1.0865068885004088,nan
436.77,176.45179748535156,-178.92784118652344,-62.697547912597656,176.99735117137257,-178.67723739222978,-62.70176592776439,0.6003739482168025,0.3575507346920856,0.04943873094551428,3.570792455169028e-05,60.50787242733012,86.2747122897232,nan,nan,nan
436.78000000000003,176.44342041015625,-178.93612670898438,-62.699127197265625,176.98864161501774,-178.6851861539739,-62.70387425597333,0.6002165100577973,0.35760189875326637,0.049454119386827415,3.501066320527922e-05,60.48611397082826,86.4013616612428,nan,0.1674150251838368,nan
436.79,176.43504333496094,-178.9444122314453,-62.70079040527344,176.9799582115285,-178.693129377734,-62.70558215621738,0.6000818745396698,0.3576531537569423,0.04946956708504842,3.571649711638952e-05,60.318133225700166,86.2796551968078,nan,nan,nan
436.8,176.42665100097656,-178.9527130126953,-62.70252990722656,176.92721807195,-178.68265141631835,-62.7070552658929,0.5687891852449842,0.35758563339723454,0.049465637461360214,3.4997714926711856e-05,60.769014111243614,86.43249173446462,18.761237711799197,0.04772429714086435,nan
436.81,176.41827392578125,-178.96099853515625,-62.704345703125,176.91846340224836,-178.69055894014696,-62.708919992953476,0.5686369765014146,0.35763666527836846,0.04948110931133836,3.570301159199111e-05,60.6040186109566,88.01305112937325,nan,nan,nan
436.82,176.40989685058594,-178.9692840576172,-62.706241607666016,176.9096275700389,-178.69848647472648,-62.71243981947676,0.5684193352570648,0.3576877800783194,0.04949664007798083,3.500593662818921e-05,60.94952757433802,88.40841023343309,nan,1.753773416946254,nan
436.83,176.40151977539062,-178.9775848388672,-62.708213806152344,176.90087318950296,-178.70639558774252,-62.71447705458378,0.5682751713669327,0.35773898548399624,0.04951223032585363,3.5711574380253095e-05,60.78861340208471,87.45921538121489,nan,nan,nan
436.84000000000003,176.3931427001953,-178.98587036132812,-62.710262298583984,176.89218540622247,-178.71429020140488,-62.71528463010253,0.5681765830415074,0.35779027421443643,0.049527879796310494,3.5014167669579684e-05,60.24463510453111,87.90897211598227,nan,1.2048032438486427,nan
436.85,176.384765625,-178.99417114257812,-62.71238327026367,176.86368046023165,-178.72023725185824,-62.717416591170235,0.5517467990022612,0.3577226760460531,0.049523962175572256,3.569809518824629e-05,58.805703913977275,87.28904613968186,6.503999986621783,nan,nan
436.86,176.3763885498047,-179.00247192382812,-62.714542388916016,176.85482406804854,-178.72817538254995,-62.72100528092834,0.5515259800295902,0.35777374155456415,0.0495396352896682,3.500120600935014e-05,59.12622772534988,87.60940704540862,nan,1.2988688756922573,nan
436.87,176.36801147460938,-179.01075744628906,-62.71669387817383,176.84603568562656,-178.73609901465093,-62.72326739854315,0.5513507155691068,0.35782489733497547,0.0495553681098793,3.57066467294448e-05,58.976205850610064,88.53692529398721,nan,nan,nan
436.88,176.35963439941406,-179.01905822753906,-62.71882247924805,176.83732266233966,-178.744007119155,-62.72398631627234,0.5512402869647647,0.35787613659323914,0.04957116044331451,3.500943026447912e-05,58.36488607110424,87.08982857362622,nan,1.6527316907735874,nan
436.89,176.35125732421875,-179.02735900878906,-62.72092056274414,176.82853496588842,-178.75193225832246,-62.726193275826766,0.5510731744638013,0.3579274662973659,0.04958701275705151,3.5715209323091046e-05,58.21900003651446,86.95065708447362,nan,nan,nan
436.90000000000003,176.34288024902344,-179.03565979003906,-62.72298049926758,176.82628218819,-178.77205803205007,-62.727601168901316,0.5506220774657858,0.35785978324136414,0.04958310297696564,3.4996477097887586e-05,55.53946883512448,85.75047633264099,15.05168294779156,0.43761324464741397,nan
436.91,176.33450317382812,-179.04396057128906,-62.72500228881836,176.817500430032,-178.78003246142214,-62.729730172324174,0.5504241542309366,0.3579108893682982,0.04959897836892292,3.570172002996152e-05,55.39019983575562,85.65890012241225,nan,nan,nan
436.92,176.3261260986328,-179.05224609375,-62.726985931396484,176.80875614033238,-178.78799986712036,-62.73103610927051,0.5502492429615301,0.3579620791199647,0.04961491355691549,3.5004692955505306e-05,55.06383715040097,86.37629580673244,nan,0.43529506947051677,nan
436.93,176.3177490234375,-179.060546875,-62.72892761230469,176.79997499592818,-178.79597558484838,-62.733081673815896,0.5500519178624106,0.3580133589905815,0.04963090895216398,3.571027800419957e-05,54.91354260019217,85.39534763814906,nan,nan,nan
436.94,176.3093719482422,-179.06884765625,-62.7308349609375,176.79117560569435,-178.80395564124674,-62.73548708637322,0.5498401460586833,0.3580647228863416,0.04964696444466349,3.501292056438592e-05,54.883676219605725,85.35253024841131,nan,0.11141658569761839,nan
436.95,176.30099487304688,-179.0771484375,-62.73270034790039,176.7949627868052,-178.82055188896186,-62.737545480713955,0.556659288844101,0.35799696163322164,0.049643058968862945,3.569679983583034e-05,53.9024638570372,84.72791095317609,4.450295753334952,nan,nan
436.96000000000004,176.29261779785156,-179.08544921875,-62.73453140258789,176.7862915590273,-178.8285374432761,-62.737495625698976,0.5565305287845325,0.3580481018417696,0.04965913698036472,3.499996096473351e-05,53.3305857069162,84.16553338987082,nan,2.7969387216563706,nan
436.97,176.28424072265625,-179.09376525878906,-62.736324310302734,176.77752985569958,-178.83654113853788,-62.73938048281293,0.5563342134077766,0.3580993318486607,0.04967527542582274,3.57053512958177e-05,53.17978039187616,83.15529273700558,nan,nan,nan
436.98,176.27586364746094,-179.10206604003906,-62.73808288574219,176.76873873618914,-178.8445513078258,-62.74189559377758,0.5561063092055826,0.3581506460168352,0.0496914742422172,3.5008186232397295e-05,53.16853816414424,84.20133132100749,nan,0.31229474800691215,nan
436.99,176.26748657226562,-179.11036682128906,-62.73980712890625,176.75997770086283,-178.85255679607792,-62.743717886497286,0.5559036021391282,0.3582020501643977,0.04970773377105305,3.57139160485559e-05,53.0167788430156,84.11578280973957,nan,nan,nan
437.0,176.2591094970703,-179.11866760253906,-62.741493225097656,176.73186544018105,-178.84572285094964,-62.746696708654085,0.5459158317981433,0.3581342047974446,0.049703828493639975,3.49952392012576e-05,55.16302613974397,85.77778738398267,13.199821985102696,1.1416650265114074,nan
437.01,176.25074768066406,-179.12698364257812,-62.74314880371094,176.72307711765117,-178.85368403986772,-62.74846333156435,0.5457252184868613,0.35818538490949553,0.0497201099353827,3.570043418266693e-05,55.02066848039916,85.39985895939192,nan,nan,nan
437.02,176.24237060546875,-179.13528442382812,-62.74477005004883,176.71433440971686,-178.8616377913575,-62.74914192324247,0.5455743993792901,0.35823664931014754,0.049736452014716825,3.500346009200906e-05,54.61365751583554,85.31235679494594,nan,0.7868621497986436,nan
437.03000000000003,176.23399353027344,-179.14358520507812,-62.746360778808594,176.70554648916814,-178.86960014030578,-62.750834112331184,0.5453897867337295,0.35828800338067207,0.0497528550341112,3.570899838818933e-05,54.46627045228751,85.2163933123578,nan,nan,nan
437.04,176.22561645507812,-179.1519012451172,-62.747920989990234,176.69676285453352,-178.87756248995854,-62.75239426114123,0.5452161887330286,0.35833944213118507,0.049769318988530334,3.501169462191704e-05,54.31948054837727,84.16977242394083,nan,0.007209689792296251,nan
437.05,176.2172393798828,-179.1602020263672,-62.749446868896484,176.70221436058023,-178.89360765270183,-62.75407657329889,0.5534389994708867,0.35827151820317876,0.04976541017757419,3.569553132411824e-05,53.628364379335345,84.47512969608894,3.350738444494091,nan,nan
437.06,176.20887756347656,-179.16851806640625,-62.75094223022461,176.69348014466217,-178.90158808712638,-62.75491210821826,0.5532694058606455,0.3583227327947809,0.04978189543689869,3.499874650445304e-05,53.31870714276366,83.99195184580337,nan,0.41381924055662217,nan
437.07,176.20050048828125,-179.17681884765625,-62.752410888671875,176.68471451571853,-178.90957419072436,-62.756476481254275,0.5530817842495972,0.35837403675520213,0.04979844186291485,3.5704092642187496e-05,53.16979760115332,84.10183299576128,nan,nan,nan
437.08,176.19212341308594,-179.1851348876953,-62.753849029541016,176.67598993465526,-178.91755451888665,-62.75699966495382,0.5529339842792126,0.35842542550905215,0.049815049482596234,3.5006982072737887e-05,52.832670506345956,82.87974519113999,nan,0.7239434827634058,nan
437.09000000000003,176.18374633789062,-179.1934356689453,-62.75525665283203,176.66722451150383,-178.92554158531522,-62.758497684848514,0.5527466767814201,0.35847690382276015,0.049831718550873406,3.571266894154574e-05,52.68219522773152,83.8336975022072,nan,nan,nan
437.1,176.1753692626953,-179.20175170898438,-62.75663757324219,176.66271856592078,-178.94180382069283,-62.76065302919416,0.5523571053839087,0.358408896492141,0.04982780212549741,3.499404952376765e-05,51.25026757427701,82.35307448508325,6.207606283130237,0.2822928677896054,nan
437.11,176.16700744628906,-179.21006774902344,-62.757991790771484,176.6539568527777,-178.94982338959886,-62.762104009077305,0.5521446924777375,0.3584601503085456,0.04984449185225277,3.5699202908412354e-05,51.10343731868497,82.97659685686712,nan,nan,nan
437.12,176.15863037109375,-179.2183837890625,-62.759315490722656,176.6451793246894,-178.95784572380836,-62.763937268602966,0.551934170460718,0.3585114890214799,0.049861243024999266,3.500228367379668e-05,51.08181014710915,82.39102077861892,nan,0.11791083831190577,nan
437.13,176.15025329589844,-179.2266845703125,-62.760616302490234,176.63641753571085,-178.96586652143682,-62.765340402042554,0.5517282300265904,0.3585629170068194,0.04987805587286818,3.570778163073262e-05,50.93500039049671,83.27728306208839,nan,nan,nan
437.14,176.14187622070312,-179.23500061035156,-62.76189041137695,176.627634757664,-178.97389075761794,-62.76727541336101,0.5515149224375633,0.35861443026893364,0.0498949304612024,3.501053282722895e-05,50.98047683201426,82.36792836388344,nan,0.21892072235563093,nan
437.15000000000003,176.13351440429688,-179.24331665039062,-62.76313781738281,176.6257694694582,-178.9803293968513,-62.76850864226365,0.5581273962645406,0.35854634405466235,0.04989100254153571,3.5694332980873656e-05,51.85399005305917,83.03249474084888,2.8824160939005212,nan,nan
437.16,176.12513732910156,-179.2516326904297,-62.76436233520508,176.6170179190221,-178.9883389957894,-62.769939569458835,0.5579437157275067,0.35859763268127093,0.04990789713380576,3.499760296109468e-05,51.77844452204386,82.25067641407233,nan,0.0068468654155499145,nan
437.17,176.11676025390625,-179.25994873046875,-62.76556396484375,176.60827015388557,-178.99634872846872,-62.771249423478146,0.5577627338501397,0.3586490103024363,0.04992485362609599,3.570291136400914e-05,51.639025627193575,82.15089913576074,nan,nan,nan
437.18,176.1083984375,-179.2682647705078,-62.76673889160156,176.5995142596729,-179.00436010296795,-62.772767352303966,0.5575632400690795,0.3587004732879584,0.04994187210414574,3.5005855503113176e-05,51.614784186308476,82.97353593416996,nan,0.03773481836757204,nan
437.19,176.1000213623047,-179.27658081054688,-62.76789093017578,176.59076686053146,-179.01237106906964,-62.774033724099155,0.557382871497226,0.3587520254707094,0.04995895276676155,3.571150589039985e-05,51.47768242813534,82.17172406685057,nan,nan,nan
437.2,176.09164428710938,-179.28489685058594,-62.769020080566406,176.5560773994942,-179.02267828742245,-62.774578290746085,0.5333737755527356,0.35868385649523005,0.049955009274296636,3.4992943195468105e-05,48.605907760239056,82.19375854541002,19.127271319174266,0.3199505979547205,nan
437.21000000000004,176.08326721191406,-179.293212890625,-62.77012634277344,176.54728169860596,-179.03072432264528,-62.77579355106943,0.5331433291619191,0.35873518371562124,0.04997210925458726,3.5698061422950753e-05,48.46561124844165,82.12822423381213,nan,nan,nan
437.22,176.0749053955078,-179.30154418945312,-62.771209716796875,176.5384811832685,-179.03877156517854,-62.777132918897195,0.5329043510698764,0.3587865963769875,0.04998927146024364,3.500119628578997e-05,48.4135393264589,81.86969602264408,nan,0.014936664778749447,nan
437.23,176.0665283203125,-179.3098602294922,-62.772274017333984,176.52968578622335,-179.04681868411146,-62.778307456618585,0.5326744739658991,0.3588380979724729,0.0500064960743735,3.570666032107456e-05,48.274095083751476,81.99241246329954,nan,nan,nan
437.24,176.0581512451172,-179.31817626953125,-62.7733154296875,176.52097956107224,-179.05485714402283,-62.77680211572173,0.5325027407326717,0.35888968537704335,0.05002378320610076,3.5009465263340275e-05,47.445645081692675,81.26873522306798,nan,4.9920437603285714,nan
437.25,176.04978942871094,-179.3264923095703,-62.77433776855469,176.5088158905665,-179.06415587762714,-62.777956091638345,0.5287142786706659,0.35882143724681514,0.05001982015217726,3.5693234827444374e-05,46.875320087011815,81.98467682060422,0.8106782172621361,nan,nan
437.26,176.04141235351562,-179.33482360839844,-62.77533721923828,176.50007465796642,-179.07220686018886,-62.777184131956666,0.5285282178378745,0.35887279953565737,0.05003712590265236,3.499655797799746e-05,46.45353915436684,79.8400205564263,nan,2.4464493313968703,nan
437.27,176.0330352783203,-179.3431396484375,-62.77631759643555,176.49127256925456,-179.0802640499592,-62.778235595084254,0.5282884380685444,0.3589242505054476,0.050054494283334305,3.5701834963523285e-05,46.30374520420083,80.81017066192943,nan,nan,nan
437.28000000000003,176.02467346191406,-179.35145568847656,-62.777278900146484,176.48247537473972,-179.0883214555661,-62.77911052065908,0.5280393647730348,0.3589757873449692,0.05007192541503654,3.50048317738209e-05,46.14025199548914,81.48778118127531,nan,0.01761098600709315,nan
437.29,176.01629638671875,-179.3597869873047,-62.778221130371094,176.47367318738426,-179.09637996971313,-62.78012349458424,0.5278071747268145,0.3590274130803586,0.05008941946346382,3.5710451938110296e-05,45.9941961563188,79.57899739268967,nan,nan,nan
437.3,176.00791931152344,-179.36810302734375,-62.779144287109375,176.47207860338065,-179.10791675867594,-62.78177704890104,0.5321162223192595,0.358959082758532,0.050085432756888336,3.4991943153701274e-05,45.87218344256486,80.35832088795031,0.8710282411179125,0.3869268649049624,nan
437.31,175.9995574951172,-179.37643432617188,-62.78004837036133,176.46328806480125,-179.1159842342595,-62.78276038489509,0.5318718329254627,0.35901048306345923,0.05010294469862068,3.5697032396974996e-05,45.7279832643454,80.00197929389046,nan,nan,nan
437.32,175.99118041992188,-179.38475036621094,-62.78093338012695,176.45445615506785,-179.1240552541419,-62.785090665155266,0.5316047697778277,0.3590619692878632,0.05012051961964404,3.50002185999636e-05,45.861855726015875,80.5392092395979,nan,1.3138107348041308,nan
437.33,175.98280334472656,-179.39308166503906,-62.781803131103516,176.44566554480735,-179.13212382163522,-62.7860538586734,0.5313741440665795,0.35911354416977553,0.05013815767739025,3.570565480777075e-05,45.72368929597638,79.31753628973748,nan,nan,nan
437.34000000000003,175.9744415283203,-179.40139770507812,-62.782657623291016,176.4369292311619,-179.14018935115405,-62.78515694653888,0.531159981602645,0.3591652053270239,0.05015585900502452,3.500851040464631e-05,45.241625941844035,80.68814168795582,nan,2.3992512837359405,nan
437.35,175.966064453125,-179.40972900390625,-62.78348922729492,176.46210706651237,-179.16471667881845,-62.7861653490776,0.5532598624235278,0.3590967956356232,0.05015184458011896,3.569225499117001e-05,44.42066571341596,77.61348802673255,13.301349805129304,nan,nan
437.36,175.9576873779297,-179.41806030273438,-62.78441619873047,176.45334931208808,-179.17282464544218,-62.78785448936673,0.553021791997091,0.35914823119431205,0.05016956305981073,3.4995627932321855e-05,44.40795833456083,77.52131101282976,nan,0.3843245940912416,nan
437.37,175.94932556152344,-179.42637634277344,-62.78542709350586,176.44461266631663,-179.18093198036647,-62.788902854722075,0.5527787370438729,0.3591997551818159,0.05018734489359965,3.570087939641258e-05,44.25470271753196,79.36763908419185,nan,nan,nan
437.38,175.94094848632812,-179.43470764160156,-62.78652572631836,176.43587590223026,-179.18903980687867,-62.790039758109955,0.5525560428123446,0.35925136658006596,0.05020519022253005,3.642043427568048e-05,44.106146406374464,77.44599244481118,nan,nan,nan
437.39,175.9325714111328,-179.4430389404297,-62.78771209716797,176.42713907842034,-179.19714825657883,-62.791264110768076,0.5523332533276304,0.3593030655335624,0.050223099191102134,3.7154437070325547e-05,43.957761162953545,77.33072228963529,nan,nan,nan
437.40000000000003,175.92420959472656,-179.4513702392578,-62.78898239135742,176.42625479183013,-179.21351874839718,-62.79267594758138,0.5555504963520134,0.3592345751880005,0.050219052936945646,3.7878261266760565e-05,42.85540330486611,77.64884539509245,4.329008820509036,nan,nan
437.41,175.91583251953125,-179.45968627929688,-62.79033660888672,176.4175283372523,-179.2216550433859,-62.79407410199593,0.5553121029140544,0.35928604824069116,0.05023697829380379,3.864061817539539e-05,42.704948215925945,77.95053257609266,nan,nan,nan
437.42,175.90745544433594,-179.468017578125,-62.791770935058594,176.4087964382045,-179.22979187259946,-62.79576991538983,0.5550768151796087,0.3593376074593841,0.05025496736121837,3.776387085928688e-05,42.61857417443887,76.85968739556363,nan,0.02746534932055079,nan
437.43,175.8990936279297,-179.47634887695312,-62.79329299926758,176.4000703473212,-179.23792889831543,-62.79733832126486,0.554831617894954,0.35938925528662796,0.050273020285915786,3.85230075101037e-05,42.47082389824109,77.32713316485302,nan,nan,nan
437.44,175.89071655273438,-179.48468017578125,-62.794891357421875,176.39132634138596,-179.24606679511896,-62.799699133993904,0.5545895965851134,0.3594409896387454,0.05029113721070379,3.76529174660581e-05,42.51236150070514,76.81828942764952,nan,0.3064768934481248,nan
437.45,175.88233947753906,-179.49301147460938,-62.79656982421875,176.40036043488738,-179.25567231084707,-62.8013980290968,0.5698235713532694,0.35937241872551007,0.05028705500697625,3.838372649193997e-05,43.47752246867682,76.3605414140319,4.4460558936133046,nan,nan
437.46000000000004,175.8739776611328,-179.5013427734375,-62.7983283996582,176.39165527648925,-179.26380117070164,-62.80367651127402,0.5696004992705849,0.3594239270081606,0.0503051875384645,3.752127468750589e-05,43.48525482437359,77.08108287452987,nan,0.12908739904721975,nan
437.47,175.8656005859375,-179.50967407226562,-62.800167083740234,176.38296167954482,-179.27192999771265,-62.8055800472649,0.569397968329475,0.3594755236651929,0.05032338413914901,3.827349459087986e-05,43.34280453856509,76.19174586502268,nan,nan,nan
437.48,175.85723876953125,-179.51800537109375,-62.80208206176758,176.37427893666307,-179.28005881724926,-62.807120280315736,0.5691875618461063,0.35952720688260237,0.05034164495326822,3.7417350418519984e-05,43.10927032688796,76.71201298094999,nan,0.12033231099090304,nan
437.49,175.84886169433594,-179.52633666992188,-62.804073333740234,176.36558578444124,-179.28818796777554,-62.809175986680316,0.568985612029126,0.3595789787004866,0.05035997012540512,3.8166832909691135e-05,42.968231024181,75.91135038655277,nan,nan,nan
437.5,175.84048461914062,-179.53466796875,-62.8061408996582,176.33422485155467,-179.30420209449727,-62.81102551244831,0.544901638593109,0.3595103264159884,0.05035584783651647,3.729310726323125e-05,39.74141600231101,75.93397934170264,26.6226935849427,0.024837985049050455,nan
437.51,175.83212280273438,-179.54299926757812,-62.80828094482422,176.32548741701692,-179.312382391514,-62.8132304637829,0.5446258200725116,0.35956187185891164,0.05037418781402562,3.803905372393804e-05,39.59930175065971,76.59392567591281,nan,nan,nan
437.52,175.82374572753906,-179.55133056640625,-62.810455322265625,176.31678083186094,-179.32056327091232,-62.81415523330803,0.5443811606815482,0.35961350388385493,0.0503925922139613,3.719610822065108e-05,39.17855245606687,75.38253076256969,nan,1.1109191413528328,nan
437.53000000000003,175.8153839111328,-179.55966186523438,-62.8126220703125,176.30804436736642,-179.3287439456114,-62.8164161327659,0.5441064286049313,0.35966522429484155,0.05041106118102551,3.7939620948808814e-05,39.04467763992725,76.03410529660403,nan,nan,nan
437.54,175.8070068359375,-179.5679931640625,-62.81476593017578,176.299308198206,-179.3369246620014,-62.81866625091186,0.543846022728892,0.3597170316305392,0.05042959485930542,3.7102454541402115e-05,38.93159833230901,75.13992378092347,nan,5.196716101570572e-06,nan
437.55,175.79864501953125,-179.57632446289062,-62.81687927246094,176.30643456931824,-179.35781360956008,-62.820882884362575,0.5528229814365323,0.35964829983083785,0.050425428336776774,3.781938045562414e-05,37.64561919859249,75.13038211815523,7.628809075047071,nan,nan
437.56,175.79026794433594,-179.58465576171875,-62.81895065307617,176.29773829672652,-179.36603209945721,-62.82230054144277,0.5525700733917265,0.3596998806060897,0.05044397600042103,3.6988891836482335e-05,37.38215440848264,74.26561601506319,nan,0.3720259281140937,nan
437.57,175.7819061279297,-179.59300231933594,-62.820987701416016,176.28902567089673,-179.37425024558604,-62.82444149295493,0.5522994018691141,0.35975154956464733,0.05046258843705468,3.7727013628153835e-05,37.25416578606252,73.55657455839498,nan,nan,nan
437.58,175.77352905273438,-179.60133361816406,-62.82298278808594,176.2803045361387,-179.3824683207804,-62.826959016695625,0.5520319006837137,0.35980330545125006,0.050481265789477876,3.6901956025500726e-05,37.22436410310216,74.06735998225487,nan,0.10900215340106746,nan
437.59000000000003,175.76516723632812,-179.6096649169922,-62.8249397277832,176.2715922456926,-179.39068713212995,-62.82902772476824,0.5517556271505809,0.3598551497620783,0.050500008204307154,3.7638049919571767e-05,37.097283787782594,74.64665083179808,nan,nan,nan
437.6,175.75680541992188,-179.6179962158203,-62.82685852050781,176.26213161845857,-179.3870424378306,-62.82967801498248,0.5556097227770276,0.35978633701097773,0.05049579328752777,3.679533869824851e-05,38.92487816204732,74.49577157287723,12.415616654246694,1.1316296761660756,nan
437.61,175.74842834472656,-179.62632751464844,-62.828739166259766,176.25342379176456,-179.3952162544697,-62.83165750109425,0.5553749479304266,0.35983795447100964,0.050514548850031926,3.7528606752304674e-05,38.79571508879885,73.68434067055043,nan,nan,nan
437.62,175.7400665283203,-179.63467407226562,-62.83058166503906,176.24467863964946,-179.40338833127151,-62.83553988206478,0.5551135566740676,0.3598896588512169,0.050533369528848834,3.67149319150528e-05,39.10045489467088,73.6079304326888,nan,2.4092508873224716,nan
437.63,175.731689453125,-179.64300537109375,-62.8323860168457,176.23597116718938,-179.41156303991022,-62.83746578437609,0.5548796300473958,0.3599414514686641,0.05055225547274779,3.744642558677493e-05,38.98063788819928,73.96971734999983,nan,nan,nan
437.64,175.72332763671875,-179.65133666992188,-62.83415603637695,176.2272735398709,-179.4197388446125,-62.838835426819124,0.5546358469183008,0.35999333133595307,0.050571206821329526,3.6637665907528455e-05,38.74924412596877,74.42666463965078,nan,0.1745063261237845,nan
437.65000000000003,175.7149658203125,-179.65966796875,-62.83589172363281,176.23572582930768,-179.4328165771445,-62.8406926722955,0.568045411873094,0.3599244389731317,0.05056693934612129,3.7343945269921844e-05,38.99885886296374,73.85951077740405,2.460547036754686,nan,nan
437.66,175.7065887451172,-179.6680145263672,-62.83759307861328,176.22707467296328,-179.44099947616292,-62.841018869960784,0.5678496017004998,0.359976091790043,0.05058590298569963,3.6540943213658097e-05,38.56771704958741,71.56400484826912,nan,1.4370203271498765,nan
437.67,175.69822692871094,-179.6763458251953,-62.83926010131836,176.21839678021806,-179.44918014209466,-62.84278773645758,0.5676207943734973,0.3600278326664527,0.05060493208958333,3.726831479178902e-05,38.442047085671526,73.27345541888002,nan,nan,nan
437.68,175.68984985351562,-179.68467712402344,-62.84089279174805,176.20968948949698,-179.45735826556128,-62.84620540704616,0.567393456457749,0.3600796607701041,0.05062402679462558,3.646989574318112e-05,38.74508418979807,72.9511488062692,nan,1.835431839751618,nan
437.69,175.68148803710938,-179.69302368164062,-62.842491149902344,176.20101152541912,-179.46553947703615,-62.84792658652299,0.5671712812028784,0.36013157718607264,0.05064318725370286,3.719582769626178e-05,38.630588173393285,72.45091461824386,nan,nan,nan
437.7,175.67312622070312,-179.70135498046875,-62.844058990478516,176.18180813595367,-179.48052110564106,-62.84898827049556,0.5545711757528193,0.35939519143509563,0.04990792867489283,3.637819702094301e-05,51.01758336453974,85.86828497700553,0.7761323563278177,0.36154268992721755,0.09647191906123553
437.71000000000004,175.6647491455078,-179.70968627929688,-62.84560012817383,176.17311947853383,-179.48871751494093,-62.850642944583804,0.5543401666119157,0.3594457005716258,0.04992379921718761,3.710185779615419e-05,50.850416672630935,84.93317180006963,nan,nan,nan
437.72,175.65638732910156,-179.71803283691406,-62.84710693359375,176.1644878767661,-179.4968804382062,-62.850902193463796,0.5541560736730328,0.3594962936211021,0.049939727191062,3.631317698610829e-05,50.37982275813859,84.16877391659088,nan,1.2215842811597502,nan
437.73,175.6480255126953,-179.7263641357422,-62.84858322143555,176.15579969689557,-179.5050771427369,-62.85248439269914,0.5539113417784386,0.3595469760129468,0.049955714594706956,3.7035607697023664e-05,50.20901252039278,85.19644831579217,nan,nan,nan
437.74,175.6396484375,-179.7346954345703,-62.85002899169922,176.14717771941122,-179.5132346949023,-62.85240979233902,0.5537476857046918,0.3595977427411666,0.049971759758781334,3.625102125573048e-05,49.77117845421344,84.15331571032935,nan,1.7418602288357035,nan
437.75,175.63128662109375,-179.7430419921875,-62.85144805908203,176.16583367932003,-179.53122149943232,-62.85393343180493,0.5749910048748499,0.3595296173394637,0.04996767822838453,3.694930437992135e-05,49.78676901972038,82.86035765086618,6.323077442401986,nan,nan
437.76,175.6229248046875,-179.75137329101562,-62.85283660888672,176.15722956168966,-179.53941120977515,-62.85443699657531,0.5748148036365144,0.3595801624795248,0.04998374410156127,3.616961806258428e-05,49.506959964388365,83.86023642312884,nan,0.6320905706688945,nan
437.77,175.6145477294922,-179.7597198486328,-62.85420227050781,176.14858676292116,-179.54762411610307,-62.8558824531602,0.5746173613778317,0.3596307966039633,0.04999986958722412,3.688896594196782e-05,49.33469150158502,81.79504821074543,nan,nan,nan
437.78000000000003,175.60618591308594,-179.76805114746094,-62.85553741455078,176.139930458284,-179.55584530381972,-62.85764914055113,0.57438577540784,0.3596815152360307,0.05001605318024589,3.6113066669160994e-05,49.199083605879295,83.65852925238296,nan,0.08001042720452638,nan
437.79,175.5978240966797,-179.77639770507812,-62.85684585571289,176.1312874784444,-179.564058935059,-62.859045907351174,0.5741739920653696,0.3597323230176556,0.050032296637451325,3.6831455123396266e-05,49.028442491672216,82.419092479451,nan,nan,nan
437.8,175.58944702148438,-179.78472900390625,-62.85812759399414,176.0780912679954,-179.560802924236,-62.859704022829135,0.5375114640011845,0.35966413220173943,0.05002821642918734,3.6037311834253475e-05,47.666572198383236,83.7612915915084,19.995001986420228,0.20330480428217954,nan
437.81,175.58108520507812,-179.79307556152344,-62.85938262939453,176.06937154096553,-179.5690118873837,-62.86104208030635,0.5372437339426813,0.3597147180664002,0.0500444800402047,3.6753931114392794e-05,47.493808967555495,83.25261615789893,nan,nan,nan
437.82,175.57272338867188,-179.80142211914062,-62.86061477661133,176.06064827205205,-179.5772233876865,-62.86245067326432,0.5369721906427882,0.359765388588526,0.050060802096513216,3.5986095975382295e-05,47.334188439653,83.11090152369725,nan,0.005997305873587599,nan
437.83,175.56434631347656,-179.80975341796875,-62.86182403564453,176.0519285014102,-179.58543317823484,-62.863741482795845,0.5367118747969098,0.35981614793298483,0.05007718420328008,3.670192318651476e-05,47.16051353053528,83.3846498122365,nan,nan,nan
437.84000000000003,175.5559844970703,-179.81809997558594,-62.863006591796875,176.04326006123804,-179.59361230259552,-62.863571395935026,0.5365002420906719,0.35986699233337016,0.05009362507848073,3.5937429668618405e-05,46.891696180260936,82.81996221287697,nan,1.3824107824649954,nan
437.85,175.54762268066406,-179.82644653320312,-62.864166259765625,176.03944262243826,-179.60066434677782,-62.86490081239818,0.5411700198656012,0.3597987403275606,0.050089544066376494,3.66299190298471e-05,47.50246300402113,82.65219845803763,1.8354640397921815,nan,nan
437.86,175.53924560546875,-179.83477783203125,-62.86530303955078,176.03073444060038,-179.6088643642365,-62.86608320535656,0.5409240045041319,0.35984936272532686,0.050106004597449086,3.586955083576354e-05,47.32668283467214,82.94781554183447,nan,0.000512873521214338,nan
437.87,175.5308837890625,-179.84312438964844,-62.866416931152344,176.02202550269658,-179.61706518953937,-62.86727095105488,0.5406696534625951,0.35990007363736076,0.05012252536634686,3.65831247591622e-05,47.15431424105601,82.39488693358764,nan,nan,nan
437.88,175.52252197265625,-179.85147094726562,-62.86751174926758,176.0132856237921,-179.62528519874056,-62.869352671624135,0.5403816642958431,0.35995086972578005,0.05013910523050994,3.582582060096428e-05,47.054021265697756,82.2835690176084,nan,0.5642062959258539,nan
437.89,175.51416015625,-179.85980224609375,-62.86857986450195,176.00457653689085,-179.63348675212083,-62.87050709354377,0.5401209525882689,0.36000175451724686,0.050155745589754476,3.653881684374637e-05,46.88304130961126,83.48185809190204,nan,nan,nan
437.90000000000003,175.5057830810547,-179.86814880371094,-62.86962890625,176.00357093084963,-179.64128851184967,-62.86961469814121,0.5470450946939636,0.35993343756609875,0.050151658707890845,3.5762867751608e-05,47.43503089223196,81.2112323089541,1.7408750644464186,2.772214871392876,nan
437.91,175.49742126464844,-179.87649536132812,-62.87065887451172,175.99487701973743,-179.64948137797612,-62.87070841262676,0.5468067111535216,0.3599841000486942,0.05016831812880956,3.647446755442786e-05,47.26227056350217,81.7214296859601,nan,nan,nan
437.92,175.4890594482422,-179.8848419189453,-62.871665954589844,175.9861831944634,-179.65767437397682,-62.87178250789158,0.546568500856655,0.36003484930987834,0.05018503752844712,3.7200394403891026e-05,47.09021934989012,81.68558188821648,nan,nan,nan
437.93,175.48068237304688,-179.89317321777344,-62.87265396118164,175.97748936604683,-179.66586760835744,-62.87283727404339,0.546337864301234,0.36008568549415143,0.05020181705130375,3.794079280019747e-05,46.916625546397356,81.98708111940495,nan,nan,nan
437.94,175.47232055664062,-179.90151977539062,-62.873619079589844,175.9687880702981,-179.6740657413022,-62.87411320575226,0.5460911772781181,0.3601366072154673,0.05021865626055215,3.7100652043454516e-05,46.75082528156745,81.5500579945104,nan,0.03611822113853902,nan
437.95,175.46395874023438,-179.9098663330078,-62.874568939208984,175.99291322815816,-179.6914415666444,-62.87507984079091,0.572278332523656,0.3600682284625649,0.050214560956467647,3.78147545953002e-05,47.364393470118465,80.53977393157906,9.663142614621478,nan,nan
437.96000000000004,175.45558166503906,-179.918212890625,-62.8754997253418,175.98419188290083,-179.699694910891,-62.87885396578048,0.5720053503454462,0.3601189277740612,0.05023141868184631,3.6981852613588886e-05,47.49304341892782,80.08462629117092,nan,4.853377823147049,nan
437.97,175.4472198486328,-179.9265594482422,-62.876407623291016,175.97555369272428,-179.70789716286245,-62.879864379471826,0.5718057318908629,0.3601697153492031,0.050248337324736124,3.7717061018162316e-05,47.33596339940239,80.79225437291623,nan,nan,nan
437.98,175.43885803222656,-179.93490600585938,-62.87730026245117,175.9669187847619,-179.71609765317828,-62.8807451687142,0.5716092379854997,0.3602205885581364,0.05026531596883691,3.689011107537642e-05,47.17157376736261,80.5781744647986,nan,0.008005160493085658,nan
437.99,175.43048095703125,-179.94325256347656,-62.878177642822266,175.95828062641732,-179.72430042430216,-62.88172020452569,0.5714237306907332,0.3602715502304253,0.05028235578961529,3.762339641070622e-05,47.01584140981333,79.74711133307322,nan,nan,nan
438.0,175.422119140625,-179.9515838623047,-62.87903594970703,175.9382324106498,-179.7328613781726,-62.88406662921811,0.560569121783331,0.3602031067822269,0.05027824720368588,3.677943483947806e-05,46.27502197618924,82.08113431984664,3.440060345174383,1.2736835830341733,nan
438.01,175.41375732421875,-179.95993041992188,-62.87987518310547,175.92957185541718,-179.7410772606981,-62.885022166040265,0.5603461674099484,0.36025384574677877,0.05029530490442488,3.751000657638349e-05,46.12438715526528,80.86405045799444,nan,nan,nan
438.02,175.40538024902344,-179.96827697753906,-62.880699157714844,175.92090043917668,-179.74930001765136,-62.88634871756743,0.5601284611085375,0.36030467042245734,0.05031242291179707,3.669532914403103e-05,46.120808523550416,80.1958347776603,nan,0.09596162482337525,nan
438.03000000000003,175.3970184326172,-179.97662353515625,-62.88161087036133,175.91223946627875,-179.7575164257128,-62.88732944584138,0.559904760688347,0.36035558330240697,0.05032960228363793,3.742423722242703e-05,45.956546966632715,80.81156476884597,nan,nan,nan
438.04,175.38865661621094,-179.98497009277344,-62.88261413574219,175.9035887497843,-179.76572648681494,-62.88800939733878,0.5596891724768184,0.36040658225879435,0.05034684227741222,3.6614861364219845e-05,45.709888216448014,80.51010572010956,nan,0.09816371233783211,nan
438.05,175.38027954101562,-179.99331665039062,-62.88370132446289,175.9216673038982,-179.77930135348512,-62.88904869058434,0.582178539138115,0.36033807657624356,0.05034271756673873,3.7318825335213236e-05,46.62041262943774,79.25627379512139,8.277610299622408,nan,nan
438.06,175.37191772460938,-180.0016632080078,-62.8848762512207,175.91308020936185,-179.78749883854985,-62.88925466510319,0.5820157923604192,0.36038885269771287,0.050359974844430694,3.651554389414335e-05,46.21323977458572,79.48212577198862,nan,0.6932550842814689,nan
438.07,175.36355590820312,-180.010009765625,-62.88613510131836,175.90446661512794,-179.79571307109123,-62.89057169074312,0.5818308598551064,0.36043971678112147,0.05037729367570593,3.724055989619393e-05,46.05136560826162,79.39310063618254,nan,nan,nan
438.08,175.3551788330078,-180.0183563232422,-62.88747787475586,175.8958481736019,-179.80393048625157,-62.89217478679902,0.5816561152522319,0.3604906669925645,0.050394673422976426,3.6442172996402774e-05,45.964504832705124,78.71178983160043,nan,0.02610843991100249,nan
438.09000000000003,175.34681701660156,-180.02670288085938,-62.8889045715332,175.88723474153576,-179.81214494017522,-62.89366419688663,0.581471479409945,0.36054170538661884,0.05041211498896636,3.7165864083975644e-05,45.80417799950915,79.23917986574105,nan,nan,nan
438.1,175.3384552001953,-180.03506469726562,-62.89041519165039,175.9332104708128,-179.84606551723164,-62.89622959190617,0.6240900009062371,0.3604731352680265,0.050407969467321734,3.6349991011196364e-05,44.931278208820956,77.14978667643432,31.5099231368342,0.6341350471315814,nan
438.11,175.33009338378906,-180.0434112548828,-62.892005920410156,175.92468218164586,-179.85433729054196,-62.89789491418098,0.623954712119392,0.3605239505490741,0.05042542764502185,3.707155775463418e-05,44.77251368938978,78.25607123979903,nan,nan,nan
438.12,175.32171630859375,-180.0517578125,-62.8936767578125,175.9162247277505,-179.86256433633292,-62.89660226156849,0.6238934127274092,0.36057485199403333,0.05044294702422332,3.62833446445683e-05,43.91037333304371,76.86053797888032,nan,6.061603340628278,nan
438.13,175.3133544921875,-180.0601043701172,-62.895423889160156,175.90769647828594,-179.87083652873795,-62.89840004967951,0.6237576209965153,0.3606258414018056,0.05046052841442567,3.7003794282507236e-05,43.75069340069961,77.45159481968768,nan,nan,nan
438.14,175.30499267578125,-180.06845092773438,-62.89725112915039,175.89915393974027,-179.87911807747494,-62.90091445041435,0.6236088162457518,0.3606769173203426,0.05047817131595711,3.621989617697583e-05,43.71913857229054,77.39929957271652,nan,0.26708541403164077,nan
438.15000000000003,175.29661560058594,-180.07679748535156,-62.8991584777832,175.87606128836717,-179.88295456304493,-62.90288935114705,0.6110207058952215,0.36060828448367926,0.050474001818886984,3.691642918355351e-05,43.44279876471876,76.82019714055502,1.8027333933790504,nan,nan
438.16,175.2882537841797,-180.08514404296875,-62.90113830566406,175.86750410640468,-179.89122525970964,-62.9051438135689,0.6108612562538461,0.3606591371403324,0.050491660687721755,3.6137615802414184e-05,43.34792672307308,77.49907100655753,nan,0.03024630401899832,nan
438.17,175.27989196777344,-180.09349060058594,-62.903194427490234,175.8589516986254,-179.8994931370143,-62.90726359894396,0.6107059406317272,0.36071007755334633,0.05050938176040034,3.6855208373487836e-05,43.19192247533031,77.3601246830031,nan,nan,nan
438.18,175.2715301513672,-180.10183715820312,-62.90532684326172,175.85041301601873,-179.9077524495821,-62.908813165650905,0.6105623633597916,0.36076110449223414,0.050527164619700735,3.608035104355649e-05,42.91871259392858,77.05679746665054,nan,0.277229454243707,nan
438.19,175.26315307617188,-180.11019897460938,-62.907493591308594,175.8418610561695,-179.91602038127812,-62.91105790541256,0.6104268642155887,0.36081221942503905,0.05054500995308308,3.6797094210101194e-05,42.77127197833187,75.09901942507807,nan,nan,nan
438.2,175.25479125976562,-180.11854553222656,-62.90965270996094,175.81234988118928,-179.92066273172952,-62.91209195513694,0.5916377007708552,0.3607435223034944,0.05054081197062497,3.600423427083566e-05,41.65231634707976,77.07155429553377,5.735952346748741,1.2241692974505978,nan
438.21000000000004,175.24642944335938,-180.12689208984375,-62.91179275512695,175.80376071312656,-179.92893476699922,-62.9143280240771,0.5914487919648928,0.36079441371173204,0.05055867256334812,3.6719318083235646e-05,41.50273387860021,76.7497245870323,nan,nan,nan
438.22,175.23806762695312,-180.13523864746094,-62.91389465332031,175.79517428365276,-179.93720518668943,-62.91640729664195,0.591262540586366,0.3608453916482857,0.050576595210183095,3.595278729625632e-05,41.34449598294358,76.79130786303126,nan,0.011205114941620967,nan
438.23,175.2296905517578,-180.14358520507812,-62.91596221923828,175.78658555950992,-179.94547727291248,-62.918580903511575,0.591088538167917,0.3608964573902435,0.05059458052605829,3.666718541403633e-05,41.19880483124984,75.91241670434536,nan,nan,nan
438.24,175.22132873535156,-180.1519317626953,-62.917991638183594,175.77801689044702,-179.95373663536608,-62.91966117570664,0.5909194512589463,0.3609476099925677,0.05061262820122011,3.5904101399826483e-05,40.93167743287324,76.28432901821245,nan,0.7482460431834704,nan
438.25,175.2129669189453,-180.1602783203125,-62.919979095458984,175.7802886080349,-179.95759258270698,-62.92169008816903,0.6024436360658313,0.3608788497424617,0.05060839831279634,3.659534912928598e-05,42.58720376676638,76.10920899648166,8.407167164652519,nan,nan
438.26,175.20460510253906,-180.16864013671875,-62.92192840576172,175.77172684868015,-179.96583575838508,-62.92361567860252,0.6022952247088265,0.36092977865356857,0.050626460556859744,3.583647013894489e-05,42.43411626838587,74.75700230083713,nan,0.010305765743008365,nan
438.27,175.1962432861328,-180.17698669433594,-62.92384338378906,175.7631629486707,-179.97408031760835,-62.925625996046676,0.6021395844779229,0.36098079519209186,0.050644585664807625,3.6548822006199405e-05,42.286454274552824,75.65801107819301,nan,nan,nan
438.28000000000003,175.18788146972656,-180.18533325195312,-62.925716400146484,175.75459627788015,-179.98232686110168,-62.92776815865917,0.6019812939120988,0.3610318985767795,0.05066277339035068,3.579307764896732e-05,42.162454175212304,75.68616194750506,nan,0.01928353756163093,nan
438.29,175.17950439453125,-180.1936798095703,-62.92755126953125,175.74603258957166,-179.99057165479076,-62.92970638131585,0.6018403133892741,0.3610830898399334,0.050681024254337396,3.650495112343125e-05,42.01900916941493,74.99712413948266,nan,nan,nan
438.3,175.171142578125,-180.2020263671875,-62.929351806640625,175.75167358971908,-179.99272477756276,-62.9314074912539,0.6171123371648913,0.3610142653682062,0.0506767580847107,3.573068075193862e-05,44.28085569855582,75.34679723258184,15.051529869969741,0.004190565434986721,nan
438.31,175.16278076171875,-180.2103729248047,-62.93111801147461,175.74314135097097,-180.00093257980618,-62.933271696040904,0.6169994408648148,0.3610652326892429,0.05069502277431578,3.644125483869896e-05,44.13807056691179,75.1821640533408,nan,nan,nan
438.32,175.1544189453125,-180.21871948242188,-62.93284606933594,175.7346158075906,-180.00913619042086,-62.934689869802796,0.6168929849523987,0.3611162868321111,0.05071335033270194,3.569223251659842e-05,43.954672280452144,75.13188584329441,nan,0.11498573893823173,nan
438.33,175.14605712890625,-180.22708129882812,-62.934539794921875,175.72608389314675,-180.01734418178907,-62.936481932009684,0.6167856008335691,0.3611674286895798,0.050731741225551845,3.6402454725788777e-05,43.81524737998537,73.87063390412601,nan,nan,nan
438.34000000000003,175.1376953125,-180.2354278564453,-62.93619918823242,175.7175366403513,-180.02556230444145,-62.93924569257688,0.6166593845803205,0.361218657689175,0.050750195288445585,3.565612560615351e-05,43.82143692396106,75.07340236791488,nan,0.6862315304072267,nan
438.35,175.12933349609375,-180.2437744140625,-62.937828063964844,175.7231911967558,-180.04127875355255,-62.940918551829434,0.6274400467584356,0.3611497697355429,0.05074588921753905,3.6343755341840474e-05,43.33091868276258,74.58568161250821,2.6752675029264106,nan,nan
438.36,175.1209716796875,-180.2521209716797,-62.939422607421875,175.71469999652487,-180.04949216596864,-62.94130575439627,0.6273557948731713,0.3612007746118771,0.05076435637183664,3.560087469504351e-05,43.01790801128311,74.3609535032092,nan,1.1818286783592158,nan
438.37,175.1125946044922,-180.26046752929688,-62.94098663330078,175.70618962632983,-180.0577184414339,-62.942965234525516,0.6272688079623479,0.36125186704712636,0.0507828870559023,3.630967273572386e-05,42.87790039528304,73.64174533007294,nan,nan,nan
438.38,175.10423278808594,-180.26882934570312,-62.94252014160156,175.69766629559598,-180.06595348494153,-62.9455306715296,0.6271610686306003,0.3613030465869592,0.05080148115295027,3.5569217786577344e-05,42.879008961485475,73.06791319323506,nan,0.5989393101474034,nan
438.39,175.0958709716797,-180.2771759033203,-62.94401931762695,175.68915622279022,-180.07417990078693,-62.94713930667033,0.6270602048937947,0.3613543139474207,0.05082013905793909,3.6277820623466605e-05,42.744012884104464,74.21959748707734,nan,nan,nan
438.40000000000003,175.08750915527344,-180.2855224609375,-62.945491790771484,175.68530396196758,-180.08401326682772,-62.946844808636186,0.6308457948489447,0.3612853617646573,0.05081578881170282,3.551833446286763e-05,42.50193237962614,73.73347351194114,0.4995830957473275,2.6321456487618597,nan
438.41,175.0791473388672,-180.2938690185547,-62.94693374633789,175.67680165319192,-180.09224210771703,-62.94837789237783,0.6307504864545757,0.36133640475976575,0.05083445903005347,3.622591031166512e-05,42.36055468927029,73.64189623726969,nan,nan,nan
438.42,175.07078552246094,-180.30223083496094,-62.94834899902344,175.66831811794145,-180.10045833884845,-62.948401100864615,0.6306800659318046,0.3613875348138949,0.05085319289781855,3.549080280080331e-05,42.15910789189791,72.27183917426261,nan,1.5075392552218656,nan
438.43,175.0624237060547,-180.31057739257812,-62.94973373413086,175.65981553017613,-180.10868715320598,-62.94986448134826,0.6305843935396159,0.3614387525439106,0.05087199076916312,3.6198279059077395e-05,42.01301118570415,73.38248300743639,nan,nan,nan
438.44,175.05406188964844,-180.3189239501953,-62.95109176635742,175.65130665304844,-180.1169202732549,-62.95181736700931,0.6304818152829446,0.36149005764403147,0.05089085258794444,3.5465220063417826e-05,41.8813124639607,73.26018833562463,nan,0.18327777416682986,nan
438.45,175.0457000732422,-180.3272705078125,-62.952423095703125,175.65519154263765,-180.12839275035256,-62.953155465110015,0.6411183588410846,0.3614210416701092,0.05088645439545543,3.6150497854624386e-05,42.11298454338879,72.9724528979413,1.6150848726429772,nan,nan
438.46000000000004,175.03733825683594,-180.33563232421875,-62.95372772216797,175.6466896395987,-180.1366381230957,-62.95633401947335,0.641026202694649,0.3614721222119872,0.05090532775179822,3.5420245667720436e-05,42.14796716225584,71.88501552428288,nan,2.2096101620306365,nan
438.47,175.02896118164062,-180.34397888183594,-62.95500564575195,175.63820841185907,-180.14486979166185,-62.957714318977224,0.6409633017805624,0.36152329029124164,0.05092426530610823,3.6126763299449776e-05,42.015788079281734,72.40912897326272,nan,nan,nan
438.48,175.02059936523438,-180.35232543945312,-62.956260681152344,175.6297390716957,-180.15309354719753,-62.95796405411648,0.640895803043665,0.3615745456846868,0.050943267036885086,3.53983339331258e-05,41.75041708433386,72.65471461117589,nan,0.8435538628601568,nan
438.49,175.01223754882812,-180.36068725585938,-62.957489013671875,175.62125734994672,-180.16132565510466,-62.95928436370587,0.640822431951126,0.3616258888855233,0.05096233324677446,3.610486689504613e-05,41.61685906509369,71.46656165866685,nan,nan,nan
438.5,175.00387573242188,-180.36903381347656,-62.95869064331055,175.65061451055413,-180.18779634625687,-62.95760619353163,0.6716541094161035,0.3615568086187624,0.05095788290878563,3.535693683469471e-05,40.74799579287634,72.05507484307267,15.662296956771039,5.645874119318866,nan
438.51,174.99551391601562,-180.37738037109375,-62.959869384765625,175.64219151476624,-180.19606870457093,-62.95884918535555,0.6716151263558449,0.36160792702563044,0.05097695984410915,3.606264334390795e-05,40.600538998903716,71.93328157206169,nan,nan,nan
438.52,174.98715209960938,-180.3857421875,-62.96102523803711,175.63378218955322,-180.2043319793049,-62.95867231077839,0.6715993397293176,0.36165913268450683,0.05099610117897996,3.533840104920742e-05,40.58857859097981,70.76895562457833,nan,1.3520713185576958,nan
438.53000000000003,174.97879028320312,-180.3940887451172,-62.962158203125,175.62535899573498,-180.21260472482987,-62.95985692475497,0.6715600088799877,0.36171042602056763,0.05101530718693505,3.604419327134209e-05,40.436641710752355,71.8354199709163,nan,nan,nan
438.54,174.97042846679688,-180.40243530273438,-62.9632682800293,175.61694615980755,-180.22087044520603,-62.959903834326596,0.6715372248505849,0.3617618069126301,0.051034577889825884,3.532145639447967e-05,40.46842368468865,71.9059387784792,nan,0.8630114354437717,nan
438.55,174.96206665039062,-180.41079711914062,-62.964359283447266,175.6080995387322,-180.2316077449785,-62.96114277347024,0.6704309588376784,0.3616926625789777,0.05103007152599428,3.600531741261698e-05,39.90219489926855,70.47840580564412,1.1646968911724849,nan,nan
438.56,174.9536895751953,-180.4191436767578,-62.965423583984375,175.59969108727788,-180.23987870661435,-62.96028722439269,0.6704328939747438,0.36174381847473447,0.051049352139056044,3.528485129688477e-05,40.22265593154561,71.70102986201371,nan,2.688069550627767,nan
438.57,174.94532775878906,-180.42750549316406,-62.966468811035156,175.59126536063098,-180.24816160167134,-62.96135915241029,0.670392217660907,0.36179506192208893,0.051068697617451045,3.599002281794388e-05,40.0627793230866,70.82630095899933,nan,nan,nan
438.58,174.9369659423828,-180.43585205078125,-62.96749496459961,175.58284350577284,-180.25644181523708,-62.96193625544995,0.6703556956989826,0.36184639285527864,0.05108810800722071,3.527087493100084e-05,40.07337214618567,72.00891573228748,nan,0.15673184941418516,nan
438.59000000000003,174.92860412597656,-180.44419860839844,-62.96849822998047,175.57441758303088,-180.26472482256546,-62.96296404843979,0.6703107400892485,0.3618978116164196,0.0511075835458643,3.597621329231346e-05,39.90906954280155,71.99941568819082,nan,nan,nan
438.6,174.9202423095703,-180.4525604248047,-62.969482421875,175.58039604708455,-180.2848604791567,-62.964205539406564,0.6811417432612252,0.36182860288241486,0.05110301701173915,3.5237142252454656e-05,38.640228311966496,70.47408812708971,6.592958466174491,0.015550479806826492,nan
438.61,174.91188049316406,-180.46090698242188,-62.9704475402832,175.57198921989158,-180.29317765202381,-62.96519857097747,0.6811051395022467,0.36187979641590057,0.05112250161511576,3.594179680011861e-05,38.47760065967745,71.5861831709558,nan,nan,nan
438.62,174.9035186767578,-180.46926879882812,-62.97139358520508,175.5635737070452,-180.30150108309908,-62.96735067123657,0.6810543257347331,0.3619310773602309,0.051142051340855116,3.522587207259714e-05,38.03924454151932,69.95781872801543,nan,0.966288218723575,nan
438.63,174.89515686035156,-180.4776153564453,-62.972320556640625,175.55516686310128,-180.30981887684715,-62.968318784043596,0.6810175302289472,0.36198244601305163,0.05116166640663983,3.593074365466071e-05,37.88276974815476,71.08295204880588,nan,nan,nan
438.64,174.88677978515625,-180.48597717285156,-62.973228454589844,175.5467565712211,-180.31813938162645,-62.969781399288244,0.680992484905714,0.3620339023753711,0.05118134688808409,3.521587441613729e-05,37.64050926187505,69.1694788293939,nan,0.18298477042765782,nan
438.65000000000003,174.87841796875,-180.49432373046875,-62.974117279052734,175.58351451755235,-180.3386878260108,-62.97074169645352,0.7220769158803668,0.3619646293237879,0.051176716228804826,3.589898616938744e-05,38.45941409402144,70.7791960037118,17.479120654624534,nan,nan
438.66,174.87005615234375,-180.502685546875,-62.97499084472656,175.57517375398933,-180.34702419571016,-62.973297695993054,0.7220970538296881,0.36201586024857957,0.05119640492231085,3.518594726262186e-05,38.08983108117477,69.12407746640156,nan,1.8664082592638322,nan
438.67,174.8616943359375,-180.5110321044922,-62.97584533691406,175.56684345790342,-180.35535339375562,-62.97421878877744,0.7221314221419423,0.36206717876570094,0.05121615914490108,3.589043409728576e-05,37.946077661129834,70.28730411382188,nan,nan,nan
438.68,174.85333251953125,-180.51939392089844,-62.976680755615234,175.55852737783601,-180.36367267085853,-62.97271829994032,0.7221942930738534,0.36211858491128823,0.051235978988173704,3.5178298340683695e-05,38.18585818385357,69.42677157155987,nan,4.043746733327684,nan
438.69,174.844970703125,-180.52774047851562,-62.977500915527344,175.5501968003219,-180.37200204325424,-62.97358372947503,0.7222282552848669,0.3621700789302817,0.05125586464595355,3.588305657443584e-05,38.03209228343266,70.48310853227275,nan,nan,nan
438.7,174.83660888671875,-180.53610229492188,-62.97841262817383,175.58988953033045,-180.39974144410823,-62.97407728462451,0.7655356326640668,0.357395689300833,0.047531787536365604,3.5149412534306105e-05,51.2396780084924,81.76486252197186,12.048717071511977,0.13124973511242638,0.023791382751576513
438.71000000000004,174.82823181152344,-180.54444885253906,-62.97941207885742,175.58161969523997,-180.40808915876326,-62.975066167757916,0.7656410101090348,0.35744918832574624,0.047544041618124706,3.5853556399686114e-05,51.050415713016584,82.51886838600475,nan,nan,nan
438.72,174.8198699951172,-180.5528106689453,-62.980499267578125,175.57325041726614,-180.41633529543756,-62.97453440544907,0.7656651798479732,0.35750276895226357,0.04755634800377594,3.51439265622513e-05,51.35750512415549,82.09177064494733,nan,1.8137081786381049,nan
438.73,174.81150817871094,-180.56117248535156,-62.98167037963867,175.56498062196542,-180.42468308331541,-62.97568374263992,0.7657583949488354,0.357556442228172,0.04756871822280776,3.5848377675613554e-05,51.16686914707803,82.10652475124161,nan,nan,nan
438.74,174.8031463623047,-180.56951904296875,-62.98292541503906,175.55677245755243,-180.433093582463,-62.977930247743686,0.7658910819489104,0.3576101975360402,0.04758114125128784,3.513943534806368e-05,50.69596223347927,83.02260281784557,nan,0.7153681772721059,nan
438.75,174.79478454589844,-180.577880859375,-62.98426818847656,175.5455026576557,-180.43195864140873,-62.979223017035274,0.7647852187192576,0.3575384830554019,0.04757710849105365,3.582222928644171e-05,52.650864188895824,81.66305278918115,12.934601785342494,nan,nan
438.76,174.7864227294922,-180.5862274169922,-62.98569107055664,175.5372240342364,-180.4402636877624,-62.98064754826723,0.7648747914354105,0.35759200329465646,0.04758957074552757,3.511475996230135e-05,52.48672570865157,82.92846405080766,nan,5.882532174406208e-05,nan
438.77,174.77806091308594,-180.59458923339844,-62.98719787597656,175.528944940049,-180.44856828639533,-62.982146588064126,0.7649669629608368,0.3576456158080434,0.04760209666191637,3.581898543805244e-05,52.30082804703166,81.57870184909972,nan,nan,nan
438.78000000000003,174.76968383789062,-180.60293579101562,-62.98878479003906,175.52078039375024,-180.45698742674784,-62.985654789084535,0.7651514609295319,0.3576993105409084,0.04761467609332566,3.511208226617208e-05,51.69177904985532,81.8588750717845,nan,2.6039747159358964,nan
438.79,174.76132202148438,-180.61129760742188,-62.99045181274414,175.51250154956014,-180.46529195684366,-62.98733725189633,0.7652437741596954,0.35775309769421754,0.04762731926815861,3.581664854594128e-05,51.51061737535529,81.01945464745833,nan,nan,nan
438.8,174.75296020507812,-180.61965942382812,-62.9921989440918,175.51027978018928,-180.47616264597926,-62.990949697913635,0.7707955790711047,0.35768128543620414,0.04762335314556325,3.5089137721383426e-05,51.14697462513302,80.6320301099144,0.7938921421137741,2.6640998377187812,nan
438.81,174.74459838867188,-180.6280059814453,-62.99402618408203,175.50201110999208,-180.48447228388716,-62.992810313042725,0.7708939168879091,0.35773483710072645,0.047636034856356944,3.5793180356886504e-05,50.96809228884216,81.64624158388871,nan,nan,nan
438.82,174.73623657226562,-180.63636779785156,-62.99592971801758,175.49377069431222,-180.49280961685315,-62.99523722197181,0.7710171054829125,0.3577884711726586,0.04764877076451353,3.508807986792523e-05,50.76889830335676,80.36211203206193,nan,0.16689402483902202,nan
438.83,174.72787475585938,-180.64471435546875,-62.99790573120117,175.48550229314705,-180.50111909122535,-62.997259425844874,0.7711157519337375,0.3578421972872084,0.04766157026847628,3.5792485630780976e-05,50.59216599072529,81.64321244251055,nan,nan,nan
438.84000000000003,174.71951293945312,-180.653076171875,-62.999961853027344,175.47711475053458,-180.50931134018333,-62.997257939290144,0.7711265409352323,0.3578960062403697,0.047674424453247016,3.508778093641406e-05,50.61817899601338,80.32505847439953,nan,3.1000997369083954,nan
438.85,174.71115112304688,-180.66143798828125,-63.00209045410156,175.4599622846964,-180.51716461937545,-62.99949101472348,0.762587514893473,0.35782410641685963,0.04767053049589846,3.577057979768248e-05,49.85906241490651,80.26415029895922,1.6231278565655778,nan,nan
438.86,174.70277404785156,-180.66978454589844,-63.00425338745117,175.45171652848376,-180.52551660421017,-63.002337867535005,0.7627134111257157,0.3578776797412915,0.047683422927787614,3.506706738375282e-05,49.602509866437956,80.8555953233008,nan,0.28407959026345764,nan
438.87,174.6944122314453,-180.6781463623047,-63.006412506103516,175.44343520473336,-180.53383389390825,-63.004571333035045,0.7628006901977804,0.35793134473129257,0.047696378823948615,3.5771342949587017e-05,49.42319381641591,79.90470907039621,nan,nan,nan
438.88,174.68605041503906,-180.68649291992188,-63.008548736572266,175.4350741952414,-180.54207383510385,-63.005343360399465,0.7628261727318377,0.35798509274464363,0.047709390049577936,3.5068131986758786e-05,49.4489143468268,81.14856607570718,nan,1.475464504656807,nan
438.89,174.6776885986328,-180.69485473632812,-63.010650634765625,175.42679334196626,-180.55039100931677,-63.00752228890705,0.76291380342375,0.3580389325717113,0.04772246484412336,3.577278876697615e-05,49.261140209253554,79.88678745540489,nan,nan,nan
438.90000000000003,174.66932678222656,-180.70321655273438,-63.012718200683594,175.4134304624293,-180.5588169812965,-63.00973990332473,0.7579910246024298,0.35796693654934064,0.04771863016159309,3.5048710887314605e-05,48.71117254035168,79.613953586067,0.616039610574328,0.0015216645880186124,nan
438.91,174.6609649658203,-180.71156311035156,-63.01474380493164,175.40514220530991,-180.56714051125996,-63.01184928492068,0.7580672985618301,0.35802054033051195,0.04773174248731527,3.575287954069028e-05,48.52116578062181,80.82249180536087,nan,nan,nan
438.92,174.65260314941406,-180.7199249267578,-63.01673126220703,175.39676640310196,-180.57538006093884,-63.0122758231955,0.7580844394332162,0.3580742273152553,0.04774491076637985,3.505097814783338e-05,48.68592758010111,79.74610169971913,nan,1.9046519530321973,nan
438.93,174.6442413330078,-180.728271484375,-63.018680572509766,175.38847852348417,-180.58370330805295,-63.01429268058877,0.7581610692252224,0.3581280057417001,0.04775814250934674,3.575554152705123e-05,48.48784029167967,80.7888116445664,nan,nan,nan
438.94,174.63587951660156,-180.73663330078125,-63.02058792114258,175.3801545821127,-180.5919923393379,-63.01558343786731,0.7582159492662555,0.35818186779763667,0.047771430664747164,3.505380860756281e-05,48.49756547664776,79.79992253802095,nan,0.33347387079806634,nan
438.95,174.6275177001953,-180.74497985839844,-63.0224609375,175.35991166195663,-180.5909138938395,-63.01756383998695,0.7484391880600338,0.35810978438191077,0.047767658730388844,3.5736781397523554e-05,49.523984651446206,80.71071934284565,6.538508542023233,nan,nan
438.96000000000004,174.61915588378906,-180.7533416748047,-63.024295806884766,175.35154861580878,-180.59915534453654,-63.01843143359666,0.7484697249928867,0.3581634102491726,0.047780984049875,3.5036023985968276e-05,49.67040968057715,79.76961925144367,nan,0.7495218547036346,nan
438.97,174.6107940673828,-180.76170349121094,-63.02609634399414,175.3432387900395,-180.60744686546698,-63.0202841230456,0.7485346753797626,0.3582171271912711,0.047794372745368775,3.574050827248771e-05,49.47035203204239,79.53101512446992,nan,nan,nan
438.98,174.60243225097656,-180.77005004882812,-63.02785873413086,175.33488961108694,-180.61570171128642,-63.021327780351854,0.7485718716589672,0.3582709279335591,0.0478078184420666,3.503984804397048e-05,49.57570401875792,81.01196136404468,nan,0.4219334569596656,nan
438.99,174.5940704345703,-180.77841186523438,-63.02958679199219,175.32657949941927,-180.62399303040502,-63.02310298239766,0.7486365916937302,0.35832481990609316,0.04782132764411469,3.5744733986449895e-05,49.37175804174308,79.61179801490958,nan,nan,nan
439.0,174.58570861816406,-180.78675842285156,-63.03127670288086,175.31653611573321,-180.63575229947483,-63.023609668201225,0.746304538322819,0.35825264183703676,0.047817607269075454,3.502299876339451e-05,48.87465480088435,81.33151917560217,2.359585515138044,1.0280413483626487,nan
439.01,174.5773468017578,-180.7951202392578,-63.032936096191406,175.30822489985107,-180.64406213522042,-63.025305308857405,0.746364236806081,0.3583062972125719,0.04783115289620863,3.572741334106566e-05,48.66348875267501,79.83037515355947,nan,nan,nan
439.02,174.56898498535156,-180.803466796875,-63.03456497192383,175.29995752999423,-180.65241262085104,-63.02786903577875,0.7464469577113397,0.35836003655092613,0.04784475608826258,3.50276858646671e-05,48.14810495049286,80.4720904521884,nan,0.5716769547640868,nan
439.03000000000003,174.5606231689453,-180.81182861328125,-63.03615951538086,175.29164603066658,-180.6607227727796,-63.02950940221216,0.7465062782040255,0.35841386676321474,0.047858422725005394,3.5732509403669884e-05,47.94395229357155,79.23349454709,nan,nan,nan
439.04,174.55226135253906,-180.8201904296875,-63.0377197265625,175.28347776279202,-180.6691640707523,-63.03410783543086,0.746658854815231,0.3584677813545536,0.04787214736077181,3.50327777156447e-05,46.9173320717096,78.41815629543038,nan,6.297097066761293,nan
439.05,174.5438995361328,-180.8285369873047,-63.039249420166016,175.280097226764,-180.68014854131346,-63.03583333383963,0.7510112117939352,0.3583955160918544,0.04786848023214642,3.5716005465967687e-05,46.61890845450643,79.5285353132207,1.0331861039120502,nan,nan
439.06,174.53553771972656,-180.83689880371094,-63.04075241088867,175.27180434346835,-180.6884754426575,-63.03762492046781,0.7510844270379035,0.3584491939364292,0.04788224084918904,3.50170862338373e-05,46.41082852037144,77.9182198128622,nan,0.031247160631479358,nan
439.07,174.5271759033203,-180.84524536132812,-63.04222106933594,175.2635019903936,-180.69679329235487,-63.03917881434782,0.7511480404038214,0.35850296230681494,0.047896064867241975,3.572185060188023e-05,46.22710120364139,79.2061899965672,nan,nan,nan
439.08,174.51881408691406,-180.85360717773438,-63.043663024902344,175.25529965062842,-180.70520119629657,-63.04287231594505,0.7512895221596146,0.35855681520500604,0.04790994741324329,3.502287511054744e-05,45.82613706101341,77.51863996929835,nan,3.314983989626324,nan
439.09000000000003,174.5104522705078,-180.86196899414062,-63.045074462890625,175.24699729174253,-180.71351928179496,-63.04439147321848,0.7513563414759039,0.3586107587954389,0.047923893514382636,3.572804770375941e-05,45.66195115027924,77.49361374928785,nan,nan,nan
439.1,174.50209045410156,-180.8703155517578,-63.04645919799805,175.25929764991497,-180.7274282293926,-63.047652375075785,0.7705718317949644,0.3585384003714622,0.04792026990053126,3.5007835349604565e-05,46.07649844446046,78.68881055444083,3.362176675017253,2.1600360678210184,nan
439.11,174.4937286376953,-180.87867736816406,-63.04781723022461,175.2510283370908,-180.73575074343125,-63.04913501067094,0.7706702221490681,0.35859210681979103,0.04793425122225624,3.571254053286499e-05,45.9262466034103,77.30004078516525,nan,nan,nan
439.12,174.48536682128906,-180.88702392578125,-63.04914855957031,175.24265011480233,-180.74397693984332,-63.04813468723976,0.7706759726093263,0.35864589793430796,0.04794829157655033,3.501421785926413e-05,45.74586905544632,78.3554868514099,nan,4.25803211042788,nan
439.13,174.4770050048828,-180.8953857421875,-63.05044937133789,175.2343804964759,-180.7522995432274,-63.049540810083776,0.7707737158740326,0.3586997794071218,0.047962395468690106,3.571933444478767e-05,45.58234913375152,77.22707056383703,nan,nan,nan
439.14,174.46864318847656,-180.90374755859375,-63.051727294921875,175.22612569219066,-180.7606353563386,-63.051265376543434,0.7708832980652048,0.35875374594981646,0.04797655880316007,3.502088019886567e-05,45.40845236844406,76.92586623347981,nan,0.08329316348632726,nan
439.15000000000003,174.4602813720703,-180.91209411621094,-63.052978515625,175.19514042941077,-180.75550904038082,-63.05270462481172,0.751356636454493,0.3586813005801168,0.0479729788746728,3.570438358449333e-05,46.43022093496144,78.1068734252225,10.786079556806063,nan,nan
439.16,174.45191955566406,-180.9204559326172,-63.05420684814453,175.18685035906944,-180.7638108660598,-63.05450162978021,0.7514393186193102,0.35873502982131933,0.04798717691196987,3.500662286717791e-05,46.275521972636795,76.66821163718159,nan,0.14936872507812546,nan
439.17,174.4435577392578,-180.92881774902344,-63.0554084777832,175.1785407959822,-180.77209577706373,-63.05581953309044,0.7515065130345392,0.35878884909692077,0.048001438485767926,3.571167949403772e-05,46.123072927983415,76.69021394757843,nan,nan,nan
439.18,174.43519592285156,-180.93716430664062,-63.05658721923828,175.17026250050796,-180.7804080495224,-63.05787043206601,0.7515963307310396,0.35884275356430184,0.0480157599733611,3.501375084366077e-05,46.007758090441556,77.72882833254182,nan,0.40353384325161573,nan
439.19,174.4268341064453,-180.94552612304688,-63.057743072509766,175.1619526242092,-180.78869317500272,-63.059149806183264,0.7516633472846819,0.35889674824582174,0.04803014517530989,3.5719213215563126e-05,45.86216462231698,76.38191350205295,nan,nan,nan
439.2,174.41847229003906,-180.95388793945312,-63.058876037597656,175.14048396672652,-180.78716262513467,-63.05977937237019,0.7410121508594403,0.35882421114048213,0.04802660041738365,3.499992613213213e-05,46.83906950990507,76.32122251710327,6.083465115593605,0.24546304775457328,nan
439.21000000000004,174.4101104736328,-180.9622344970703,-63.05998611450195,175.13215003952467,-180.7954170099328,-63.06100772132129,0.7410602218502045,0.35887796814077727,0.04804101954000621,3.570491689626953e-05,46.68946748452768,77.39677940834588,nan,nan,nan
439.22,174.40174865722656,-180.97059631347656,-63.061073303222656,175.12380435649078,-180.80366170075828,-63.061920545878515,0.7411020952496744,0.3589318104431406,0.04805549902507942,3.5007439969558384e-05,46.52885531041242,76.14947744715337,nan,0.06105808034922667,nan
439.23,174.3933868408203,-180.9789581298828,-63.062137603759766,175.11547014306416,-180.81191650007844,-63.063103675989446,0.7411532464764835,0.35898574265192107,0.048070042247547934,3.571283713396225e-05,46.38295182213659,76.11956064196268,nan,nan,nan
439.24,174.38502502441406,-180.9873046875,-63.06318283081055,175.1071839334001,-180.82021217424594,-63.065512010218754,0.7412414066214801,0.3590397605524036,0.0480846462194824,3.5015137977006884e-05,46.35731585206309,77.15563780608413,nan,1.0949163479945219,nan
439.25,174.3766632080078,-180.99566650390625,-63.064205169677734,175.08654597394587,-180.8275502694029,-63.066767980887356,0.7295225683148895,0.35896713681052206,0.04808113554564312,3.569889900060216e-05,45.57215218470904,75.99324234809131,2.4262652941741787,nan,nan
439.26,174.36830139160156,-181.0040283203125,-63.065208435058594,175.0781276645036,-180.83575983198583,-63.06619875829178,0.7294988708735911,0.3590209168594157,0.048095772850199364,3.500180981747611e-05,45.26524934022105,75.64504529468977,nan,2.056222773111389,nan
439.27,174.3599395751953,-181.0123748779297,-63.066192626953125,175.06977402938153,-180.84402352693542,-63.06729993897049,0.729526117333267,0.3590747865179242,0.04811047392947016,3.570713361155447e-05,45.11788912404041,76.64786375908774,nan,nan,nan
439.28000000000003,174.35157775878906,-181.02073669433594,-63.06715393066406,175.06142688050485,-180.8522927199351,-63.06855819329128,0.7295622797720281,0.3591287419607773,0.048125236176271805,3.50097983025482e-05,44.989803610696285,75.53478188398442,nan,0.021858883764574774,nan
439.29,174.3432159423828,-181.0290985107422,-63.06809997558594,175.05307310739246,-180.86055671540907,-63.069623714177666,0.7295929366906896,0.3591827872073524,0.048140062397491516,3.5715520007146934e-05,44.84875233423324,75.22770761525975,nan,nan,nan
439.3,174.33485412597656,-181.03746032714844,-63.069026947021484,175.04972491248336,-180.87138669877618,-63.06993613420188,0.7339083853335496,0.35911007308250453,0.04813657828370501,3.499673870565204e-05,44.61021851952296,75.0243006272165,0.6507415199456668,0.3021993875488832,nan
439.31,174.3264923095703,-181.04580688476562,-63.0699348449707,175.04137965051282,-180.87965770625834,-63.0709578140112,0.7339417594224736,0.3591638801147035,0.04815143703334901,3.570197997441812e-05,44.46380572580293,76.11661918087955,nan,nan,nan
439.32,174.31813049316406,-181.05416870117188,-63.070823669433594,175.03307653322844,-180.88796310690572,-63.073159398925064,0.7340147106164543,0.3592177730119042,0.04816635734776469,3.5004957839824856e-05,44.44180522214019,74.97670524123134,nan,1.011926162471599,nan
439.33,174.3097686767578,-181.06253051757812,-63.071693420410156,175.02473101471293,-180.896234221837,-63.07415886282023,0.7340515520573052,0.35927175543287543,0.04818134169552704,3.571059635033456e-05,44.30797699400433,74.95020689071526,nan,nan,nan
439.34000000000003,174.30140686035156,-181.07089233398438,-63.072547912597656,175.0164126785072,-180.9045275224308,-63.07594019005936,0.7341131234803357,0.35932582409397656,0.04819638797456435,3.501329027973849e-05,44.31861478416057,74.85880647035096,nan,0.44979565120446224,nan
439.35,174.2930450439453,-181.07923889160156,-63.07338333129883,175.0113793494444,-180.91791223280296,-63.077102209083364,0.7362365756657084,0.35925302370966544,0.048192928317679,3.5697268740727894e-05,43.541169270124435,76.09157722548234,3.6685839515784657,nan,nan
439.36,174.28468322753906,-181.0876007080078,-63.07420349121094,175.0030151768265,-180.92618265184166,-63.07731487674033,0.7362514916409026,0.35930685397472556,0.04820800647101849,3.5000516698411735e-05,43.28298383541163,74.54740398474551,nan,0.39696604419499926,nan
439.37,174.2763214111328,-181.09596252441406,-63.07511520385742,174.9946758464792,-180.93447317013093,-63.078307209261006,0.7362894099653362,0.3593607734946174,0.04822314872885359,3.5706061823300324e-05,43.14466815610997,74.36146870621523,nan,nan,nan
439.38,174.26795959472656,-181.1043243408203,-63.07611083984375,174.98626480670396,-180.94270744635907,-63.07719767119632,0.7362632540956915,0.35941477931762494,0.04823835328775003,3.500901157887519e-05,42.746369864245494,74.21871831071537,nan,3.389796558760584,nan
439.39,174.2595977783203,-181.1126708984375,-63.07719802856445,174.97792515797232,-180.95099819044515,-63.07834645082512,0.7362972278509486,0.3594688746040264,0.04825362217029448,3.57149441505221e-05,42.600330417399405,75.08946391145413,nan,nan,nan
439.40000000000003,174.25123596191406,-181.12103271484375,-63.078369140625,174.98415021427803,-180.9631875401684,-63.077048057988605,0.749720044914005,0.3593959851150218,0.04825018023240953,3.4996388142812794e-05,42.86013520773384,73.95926535510498,1.6885901832933252,4.538333349733564,nan
439.41,174.24285888671875,-181.12939453125,-63.07962417602539,174.97583434723043,-180.9714816448259,-63.078345914099295,0.7497940646368537,0.3594498416598492,0.048265480161930295,3.570182938094449e-05,42.71221042868499,73.49350347276417,nan,nan,nan
439.42,174.2344970703125,-181.13775634765625,-63.08096694946289,174.96753339257424,-180.97978727463206,-63.08021105708538,0.7498646872339202,0.35950378455907456,0.04828084274372812,3.500500200174614e-05,42.53824135027727,73.61123443891404,nan,0.16377901099682185,nan
439.43,174.22613525390625,-181.1461181640625,-63.08238983154297,174.95921754099314,-180.9880814219985,-63.08168384864374,0.7499238293950943,0.35955781666926656,0.04829626973872095,3.571082954836662e-05,42.39177353170285,73.66818958726552,nan,nan,nan
439.44,174.2177734375,-181.15447998046875,-63.08389663696289,174.9509001134379,-180.99637446326415,-63.083189053255246,0.7499817185885324,0.3596119354948493,0.04831175973457856,3.5013678710425445e-05,42.24842939007469,73.48689353228406,nan,0.001848873790377144,nan
439.45,174.20941162109375,-181.16282653808594,-63.08548355102539,174.98703879359655,-181.0260535710632,-63.084838572158766,0.789563980891131,0.359538960192857,0.048308332611538406,3.569782422632664e-05,41.25426709406154,74.83607441537403,24.513748379534004,nan,nan
439.46000000000004,174.2010498046875,-181.1711883544922,-63.08715057373047,174.97883491857695,-181.03442570018944,-63.08781820141018,0.7897177677668622,0.3595928400843497,0.048323852938693866,3.500119238354285e-05,41.11228006702912,73.48642876774882,nan,1.119619608257058,nan
439.47,174.19268798828125,-181.17955017089844,-63.08889389038086,174.9705940316793,-181.04276994055414,-63.089631736113745,0.789839976314551,0.3596468089449106,0.048339437778568126,3.570690421322788e-05,40.97214375232272,73.52143035994071,nan,nan,nan
439.48,174.184326171875,-181.1879119873047,-63.090721130371094,174.9623248062881,-181.0510930395019,-63.09053138535764,0.7899375517277908,0.35970086455528427,0.048355085946470804,3.5009941850023e-05,40.81572492344606,73.09109674356554,nan,0.6966925503983264,nan
439.49,174.17596435546875,-181.19627380371094,-63.092620849609375,174.95408398418496,-181.0594373115545,-63.09249356902654,0.7900597435507543,0.3597550093571125,0.04837079886302799,3.5716029950375914e-05,40.67343963888597,73.25861984914867,nan,nan,nan
439.5,174.1676025390625,-181.20462036132812,-63.094600677490234,174.9078378212853,-181.0599779542711,-63.09441445014962,0.7542345349076519,0.35968194615670473,0.048367380424116216,3.499752400752674e-05,39.428540653577414,73.90995724424694,12.142323510681857,0.003379176604333968,nan
439.51,174.15924072265625,-181.21298217773438,-63.096656799316406,174.89953587940113,-181.0683243153326,-63.09652976898142,0.7542962497528936,0.3597358516956984,0.04838312282019317,3.5703109575485194e-05,39.286710362459104,72.49066697865366,nan,nan,nan
439.52,174.15087890625,-181.22134399414062,-63.098785400390625,174.89120991018967,-181.07665301280534,-63.09781718528398,0.7543383941670908,0.3597898440079707,0.048398928855229506,3.5006315801757225e-05,39.17224069663088,72.5257837356177,nan,0.5769487979089165,nan
439.53000000000003,174.14251708984375,-181.22970581054688,-63.100948333740234,174.8829084461568,-181.0849993399542,-63.100055049482116,0.754400504434624,0.35984392528524783,0.04841479975347459,3.5712276607635044e-05,39.027560591852186,72.37295864541085,nan,nan,nan
439.54,174.1341552734375,-181.23806762695312,-63.10310363769531,174.87460036495816,-181.09334075264076,-63.10204958530004,0.7544573630972871,0.3598980936836094,0.04843073462408216,3.501513629080655e-05,38.897226875816095,72.41614264979248,nan,0.04735144778463352,nan
439.55,174.12579345703125,-181.2464141845703,-63.10523986816406,174.83635544819552,-181.0893799002808,-63.10434134694977,0.7277079888733022,0.3598249451837185,0.048427321352115305,3.569939664217066e-05,39.06007094962887,73.20516629305418,8.906396457706363,nan,nan
439.56,174.117431640625,-181.25477600097656,-63.10734176635742,174.82799798599927,-181.09769676498027,-63.106298564380324,0.7277221350420072,0.35987887411686864,0.04844328492958696,3.5002755583137623e-05,38.929933077445966,71.92374771841494,nan,0.04571930243064481,nan
439.57,174.10906982421875,-181.2631378173828,-63.109405517578125,174.8196470409288,-181.1060180388122,-63.10847381699838,0.7277413508874198,0.359932891798224,0.048459313492536536,3.570857890416172e-05,38.78503555503671,71.81916969726552,nan,nan,nan
439.58,174.1007080078125,-181.27149963378906,-63.11143112182617,174.81129319090687,-181.1143371350647,-63.11049115443959,0.7277583644158487,0.3599869966086467,0.04847540631815217,3.501158942975899e-05,38.64832114439609,71.62586303109806,nan,0.010303434049989998,nan
439.59000000000003,174.09234619140625,-181.27984619140625,-63.11341857910156,174.80294228140306,-181.12265835128517,-63.112590040962345,0.7277743514827498,0.36004119040236454,0.0484915643792415,3.5717778397879916e-05,38.50231870121177,72.6694815299159,nan,nan,nan
439.6,174.083984375,-181.2882080078125,-63.1153678894043,174.76502030559377,-181.12017696251652,-63.11477159263468,0.7014589984545152,0.359967955143423,0.04848815059925558,3.499922424857685e-05,38.42259992760417,71.25941824216164,7.834907847907961,0.02567198942727831,nan
439.61,174.07562255859375,-181.29656982421875,-63.117279052734375,174.75662052240426,-181.12847955878354,-63.11679510360824,0.7014362396218916,0.36002190915896687,0.048504336489627826,3.57049003211841e-05,38.282726504987124,71.09700744008417,nan,nan,nan
439.62,174.0672607421875,-181.304931640625,-63.11914825439453,174.74825315597354,-181.13680382931238,-63.12017909278196,0.7014404402361567,0.3600759503016498,0.048520586919018026,3.500805107161208e-05,38.170724526511854,71.16709681194912,nan,1.3790092791585364,nan
439.63,174.05889892578125,-181.3132781982422,-63.1209831237793,174.73985348682555,-181.14510623290312,-63.12214251514754,0.7014144768404689,0.36013008022474663,0.048536902717875766,3.571409221925959e-05,38.0398699713496,72.08109230451679,nan,nan,nan
439.64,174.050537109375,-181.32164001464844,-63.122779846191406,174.73144497540906,-181.15340295107018,-63.123679585802755,0.7013843747331869,0.3601842976109175,0.04855328337665739,3.501688504494477e-05,37.8904028829608,70.81662754447794,nan,0.10758768453789871,nan
439.65000000000003,174.04217529296875,-181.3300018310547,-63.124542236328125,174.72694910826706,-181.1593594632252,-63.125706054832705,0.7057161967038698,0.36011097762795863,0.04854986511792134,3.570121157981333e-05,38.55231410616234,70.73772109122122,2.0700296635761406,nan,nan
439.66,174.0338134765625,-181.33836364746094,-63.12627029418945,174.71853036166925,-181.16763320555611,-63.12644252311469,0.7056813205733251,0.3601649550250465,0.048566272780826404,3.500449464491993e-05,38.38141161035556,70.50180254695174,nan,0.8860094594470703,nan
439.67,174.02545166015625,-181.34671020507812,-63.12796401977539,174.7101358183331,-181.1759227329294,-63.128254332822465,0.7056634051606764,0.36021902100820075,0.04858274595275209,3.571037887662973e-05,38.24682783532135,71.57169117978987,nan,nan,nan
439.68,174.01708984375,-181.35507202148438,-63.12962341308594,174.6999626882275,-181.19681906888596,-63.1313087450724,0.7009722955115952,0.36024880094584233,0.04741425252485341,3.5012030189648236e-05,49.75303858943423,81.90948224160033,nan,1.1717749742241423,0.1337471543901345
439.69,174.0087432861328,-181.36343383789062,-63.131248474121094,174.69156032620836,-181.20513127644776,-63.133067863831926,0.7009294696014894,0.3603028331869662,0.04742663065861355,3.5718241510967406e-05,49.584793155554294,82.36189497975491,nan,nan,nan
439.7,174.00038146972656,-181.37179565429688,-63.132843017578125,174.68669923349555,-181.21293963312593,-63.13531609494216,0.7044667660285833,0.3602300243485872,0.04742247368873254,3.499966754914849e-05,50.022523567572385,81.72518356201317,0.5714423773364299,0.17126758546608095,nan
439.71000000000004,173.9920196533203,-181.38014221191406,-63.134403228759766,174.678301656208,-181.22124505443173,-63.137017797629944,0.7044417151999633,0.3602838190330077,0.04743489053307136,3.570535863562198e-05,49.85860956181303,82.91795486674185,nan,nan,nan
439.72,173.98365783691406,-181.3885040283203,-63.13593292236328,174.66987264680887,-181.22945188937666,-63.136550405248116,0.7044066506689366,0.3603377004845505,0.047447362489589445,3.500848530796024e-05,49.50154354840884,81.36180099302562,nan,3.2279372786621154,nan
439.73,173.9752960205078,-181.39686584472656,-63.13743591308594,174.6614752209341,-181.2377575019818,-63.138170414179655,0.7043847665307009,0.36039166945931955,0.04745989571846569,3.571453425622329e-05,49.329651464423435,81.05602347384432,nan,nan,nan
439.74,173.96693420410156,-181.4052276611328,-63.1389045715332,174.6530612912643,-181.2460109148317,-63.13859412028744,0.7043581819082585,0.3604457255156983,0.04747248449713821,3.5017297566935326e-05,49.14159620903478,81.16108697743421,nan,0.9609095281493443,nan
439.75,173.9585723876953,-181.41357421875,-63.14034652709961,174.61547924465486,-181.25109886666334,-63.14008455745671,0.6767015053805144,0.36037283337188497,0.04746840391123751,3.570162397529827e-05,47.28775657081803,82.15051730604108,11.72738014289751,nan,nan
439.76,173.95021057128906,-181.42193603515625,-63.14175796508789,174.6070266779598,-181.25939070888614,-63.14086175054708,0.6766307591846948,0.3604266516351316,0.047481031107250785,3.500487357155386e-05,47.13235792438652,80.8856807680596,nan,0.39085158474558174,nan
439.77,173.9418487548828,-181.4302978515625,-63.14314270019531,174.59858427354573,-181.26771514177645,-63.14234810939592,0.6765613869926062,0.3604805572805891,0.04749371954635069,3.571075223341717e-05,46.95115324655054,80.67894179501751,nan,nan,nan
439.78000000000003,173.93348693847656,-181.43865966796875,-63.14449691772461,174.59012086625486,-181.27597083948376,-63.142193126564,0.6764917423569111,0.3605345499562656,0.04750646409464706,3.5013642451855324e-05,46.909597367282466,80.85013569771439,nan,1.839281807228155,nan
439.79,173.9251251220703,-181.44700622558594,-63.14582824707031,174.58167824607898,-181.28429533386438,-63.1436103614428,0.6764183305817649,0.36058863028060983,0.04751927003668278,3.5719871123024106e-05,46.7172155687345,81.72241725079977,nan,nan,nan
439.8,173.91676330566406,-181.4553680419922,-63.14712905883789,174.57563680268998,-181.29026497841653,-63.1449646682091,0.6792481073010286,0.36051565464720775,0.04751525615559533,3.500118574770803e-05,47.37838463674456,80.67204749743125,2.5255699048677354,0.023767813832617817,nan
439.81,173.9084014892578,-181.46372985839844,-63.148406982421875,174.5671965299216,-181.29857519633256,-63.146331919364094,0.6791842709397734,0.3605694969016514,0.04752809989379661,3.570688683497436e-05,47.191997394491736,80.38168537077598,nan,nan,nan
439.82,173.90003967285156,-181.4720916748047,-63.149658203125,174.5587532701486,-181.3068758250796,-63.1474351181279,0.6791206243159532,0.36062342612920784,0.04754100027630554,3.5009903493917664e-05,47.03988564200854,80.34469698805793,nan,0.040429856070319764,nan
439.83,173.89169311523438,-181.48043823242188,-63.15088653564453,174.5503128450467,-181.31518614947785,-63.14875114469673,0.6790381132969664,0.36067744287219095,0.047553962049505655,3.5715955288478604e-05,46.84936434139356,81.85563269101782,nan,nan,nan
439.84000000000003,173.88333129882812,-181.48880004882812,-63.1520881652832,174.54187437832758,-181.32350345825998,-63.15022099512506,0.6789738115232979,0.3607315468956566,0.04756698088038886,3.501861012211407e-05,46.64951617727801,80.0574210239215,nan,0.022228325651369948,nan
439.85,173.87496948242188,-181.49716186523438,-63.15326690673828,174.59729685193344,-181.35798027015875,-63.15150743170747,0.7356163680245776,0.3606584885711832,0.04756303442795335,3.5702933171474465e-05,45.92892369310514,79.67110967145041,41.2945320268588,nan,nan
439.86,173.86660766601562,-181.50552368164062,-63.154422760009766,174.5889558364346,-181.36631811046468,-63.15204355756071,0.7356430730716809,0.3607123542849092,0.04757609068383358,3.500607676268701e-05,45.83268969713875,79.62053001760701,nan,0.35819535466376756,nan
439.87,173.85824584960938,-181.51388549804688,-63.15555191040039,174.58062235257165,-181.37468319526585,-63.1532628870036,0.735669989030177,0.36076630738513454,0.04758920834326933,3.571194523186714e-05,45.64698044337712,79.69709956465977,nan,nan,nan
439.88,173.84988403320312,-181.52223205566406,-63.15666198730469,174.57228433736196,-181.38303236199962,-63.154029942320555,0.7356940137216387,0.36082034770109,0.04760238356227258,3.501473235283463e-05,45.52442467583621,80.67497473851881,nan,0.13076900976486097,nan
439.89,173.84152221679688,-181.5305938720703,-63.15774917602539,174.5639509621973,-181.3913974805903,-63.155201924324416,0.7357210178274971,0.3608744756765158,0.04761562035917608,3.572094475773009e-05,45.33849413888398,79.31623978733343,nan,nan,nan
439.90000000000003,173.83316040039062,-181.53895568847656,-63.1588134765625,174.51416082144488,-181.38335764800843,-63.156757276312106,0.6985531845414915,0.36080133467150954,0.04761173287804246,3.500216124156177e-05,45.467970038590295,79.26650451064343,16.60951245878938,0.08938296154872459,nan
439.91,173.82479858398438,-181.5473175048828,-63.15985870361328,174.505758266786,-181.3916903692595,-63.15789267012489,0.6985196920855355,0.3608552240688336,0.04762500645324484,3.570784054989925e-05,45.28701816556253,79.03180522649322,nan,nan,nan
439.92,173.81643676757812,-181.55567932128906,-63.16088104248047,174.49733979717692,-181.39996377759633,-63.15729769618653,0.6984905916581873,0.3609092006125318,0.04763833806693946,3.501076170539194e-05,45.377562098985535,79.27503456290395,nan,2.0640779949825157,nan
439.93,173.80807495117188,-181.5640411376953,-63.16188430786133,174.48893748235943,-181.4082967496355,-63.15837622341036,0.698457162210947,0.36096326469281925,0.0476517312958372,3.5716786357905374e-05,45.18795452484716,79.0481955888579,nan,nan,nan
439.94,173.79971313476562,-181.5723876953125,-63.16286849975586,174.48052827637937,-181.4166023660641,-63.15862528251818,0.6984241768095579,0.3610174162212405,0.04766518295378896,3.501935009457818e-05,45.187255265188604,80.27619405624216,nan,0.4631062158579197,nan
439.95,173.79135131835938,-181.58074951171875,-63.16383361816406,174.48362581388318,-181.42352877418597,-63.15964312314809,0.7099154158852791,0.36094419317040866,0.04766135383710461,3.570364326725399e-05,46.336247060337826,78.9123203342259,4.318465623348675,nan,nan
439.96000000000004,173.78298950195312,-181.589111328125,-63.16477584838867,174.47524823829247,-181.43187363711553,-63.161601512597905,0.7098985321296578,0.3609981058787546,0.04767484182757567,3.500670060453756e-05,45.9674331338033,78.80512451466055,nan,0.6299226288580483,nan
439.97,173.77462768554688,-181.59747314453125,-63.16570281982422,174.46686271850504,-181.44018766118288,-63.16260654288542,0.7098856605521814,0.36105210600406645,0.04768839148492521,3.571253245665728e-05,45.783614811199165,78.45541404974976,nan,nan,nan
439.98,173.76626586914062,-181.6058349609375,-63.16660690307617,174.4584738786693,-181.44848857287073,-63.163179184031236,0.709874329407095,0.36110619350211115,0.04770200001938582,3.501523839542725e-05,45.686772382640626,78.66300344904572,nan,0.12132321387604277,nan
439.99,173.75790405273438,-181.61419677734375,-63.16749572753906,174.45008825125822,-181.45680272302377,-63.164145230279715,0.7098613095903075,0.3611603686951713,0.04771567041703335,3.572140984376283e-05,45.501980111198755,78.38830562170098,nan,nan,nan
440.0,173.74954223632812,-181.62254333496094,-63.16836929321289,174.44659066979892,-181.46044861694824,-63.16641453444133,0.7156500802023036,0.36108706374620453,0.04771189220311063,3.5002553298757e-05,46.662099145663895,79.2814468176182,5.583545250230065,1.1445841723878114,nan
440.01,173.74118041992188,-181.6309051513672,-63.16922378540039,174.4382104969463,-181.46873585377713,-63.167361212634376,0.715648851417266,0.3611409998579555,0.04772559826054804,3.570818786170053e-05,46.48868367572386,78.07521057569386,nan,nan,nan
440.02,173.73281860351562,-181.63926696777344,-63.17005920410156,174.4298285999283,-181.47701544405191,-63.16802975641923,0.7156483848280856,0.36119502326340464,0.04773936362205236,3.50110387022111e-05,46.348192446844656,78.08694984835313,nan,0.048447282285880945,nan
440.03000000000003,173.72445678710938,-181.6476287841797,-63.17087936401367,174.42144866945338,-181.48530286950427,-63.16894188869918,0.7156473575995722,0.36124913424878125,0.047753190920247365,3.571701491706454e-05,46.175105880939356,77.88377253790281,nan,nan,nan
440.04,173.71609497070312,-181.65599060058594,-63.17168426513672,174.41307477787453,-181.49361656067802,-63.170749886076415,0.715644502183124,0.3613033328253191,0.047767077892359615,3.501951401949657e-05,45.93478810705038,77.63386577591237,nan,0.585809645654915,nan
440.05,173.70773315429688,-181.6643524169922,-63.17247009277344,174.40314030864278,-181.4987189341299,-63.17154461453047,0.7148611176099413,0.3612299464998261,0.047763348885779454,3.5703758820850746e-05,46.446665401532925,77.70934132056277,1.4603389424648043,nan,nan
440.06,173.69937133789062,-181.67271423339844,-63.17334747314453,174.3947550906409,-181.506986810159,-63.17222523317048,0.714860407230111,0.3612839057520521,0.04777727100125033,3.500675727837265e-05,46.299604623845326,77.53012370195985,nan,0.04268116053632218,nan
440.07,173.69100952148438,-181.6810760498047,-63.174312591552734,174.38637124815833,-181.51526142186592,-63.1732393941889,0.7148591284400265,0.36133795247146816,0.047791255139323446,3.5712534458107755e-05,46.137283830338795,77.46561941812796,nan,nan,nan
440.08,173.68264770507812,-181.68943786621094,-63.17536926269531,174.3779800731001,-181.52350340786532,-63.17311756054289,0.7148611170346939,0.3613920866983385,0.04780529935038115,3.501518737458827e-05,46.09161549990218,77.29004623345662,nan,1.0586612003871587,nan
440.09000000000003,173.67428588867188,-181.6977996826172,-63.176509857177734,174.3695960020514,-181.53177828731467,-63.17429657233035,0.7148595359200667,0.36144630867429167,0.047819405800030246,3.572130136274e-05,45.9261922007843,77.34997018258582,nan,nan,nan
440.1,173.66592407226562,-181.70614624023438,-63.177734375,174.3596499542138,-181.5408663938457,-63.17673628208786,0.7131437604694496,0.3613728412125693,0.04781571932862549,3.500240139242612e-05,45.46155273400484,78.44562223803413,0.38259056931617735,0.8732333520738218,nan
440.11,173.65756225585938,-181.71450805664062,-63.17904281616211,174.35126403398598,-181.54914672725246,-63.17810078134822,0.7131391264421202,0.3614268236089991,0.04782986022182899,3.570797621737208e-05,45.3009546892385,77.18715810623473,nan,nan,nan
440.12,173.64920043945312,-181.72286987304688,-63.18043899536133,174.34287284837197,-181.55740120248257,-63.1785083726189,0.7131374475777891,0.36148089342636086,0.0478440615681426,3.5010785746189276e-05,45.22599655606483,76.9182793589866,nan,0.7660314309476525,nan
440.13,173.64083862304688,-181.73123168945312,-63.181915283203125,174.3344869950556,-181.5656816013541,-63.180031427057656,0.7131328379579391,0.36153505088332516,0.047858325257696954,3.5716699989362855e-05,45.062815336626784,76.9702177293068,nan,nan,nan
440.14,173.63247680664062,-181.73959350585938,-63.1834716796875,174.32610220173294,-181.57396701984405,-63.18184474730361,0.7131275962236581,0.36158929605549683,0.04787264975199676,3.5019163648431996e-05,44.883399192748186,76.93406000465633,nan,0.030275331976005227,nan
440.15000000000003,173.62411499023438,-181.74795532226562,-63.18510818481445,174.30651495525245,-181.58593392914813,-63.183575544373795,0.7013722214852323,0.36151574790469265,0.04786900325064954,3.5703348658974854e-05,43.17198654856046,76.7672542890938,7.0612894503075045,nan,nan
440.16,173.61575317382812,-181.75631713867188,-63.18682861328125,174.29811182526646,-181.59423311858347,-63.18493527133559,0.7013473771994043,0.36156975325423674,0.04788336160573451,3.5006317367541525e-05,43.05288921929929,76.4398120640839,nan,0.12008075869258816,nan
440.17,173.60739135742188,-181.76467895507812,-63.18862533569336,174.28971054963665,-181.60254171355646,-63.186783467980845,0.7013211515629272,0.361623846135498,0.04789778241893838,3.5712029109229505e-05,42.89029834637305,76.45760611778267,nan,nan,nan
440.18,173.59902954101562,-181.77304077148438,-63.19049835205078,174.2812953829528,-181.6107742521844,-63.18528138730384,0.7013161334812926,0.3616780266419132,0.047912264392414174,3.5014658005987324e-05,43.41793142456278,77.10017531654266,nan,8.297477937379885,nan
440.19,173.59066772460938,-181.78140258789062,-63.192447662353516,174.27289450818122,-181.61908253398997,-63.187252566796616,0.7012903629303261,0.3617322949647518,0.04792680905710072,3.5720705076646716e-05,43.24218883859402,76.99698253802674,nan,nan,nan
440.2,173.58230590820312,-181.78976440429688,-63.19447708129883,174.25899389161356,-181.62566607575863,-63.18906483478989,0.6963218944808469,0.3616586664243139,0.04792319646166732,3.500179088864026e-05,43.20357309844166,76.74510044441243,0.2747912326302219,0.03057886470543482,nan
440.21000000000004,173.57394409179688,-181.79812622070312,-63.19657897949219,174.25058448559594,-181.63397191825769,-63.19118730426254,0.6962886812907991,0.3617126946744089,0.047937774258950024,3.5707297767862534e-05,43.027930809570016,76.76452388600221,nan,nan,nan
440.22,173.56558227539062,-181.8064727783203,-63.19871520996094,174.24217332503744,-181.64226610218424,-63.19279742753765,0.696257352635251,0.3617668104574596,0.04795241355536343,3.5010094265087224e-05,43.05867903503818,78.18767697684642,nan,0.22840770796639465,nan
440.23,173.55722045898438,-181.81483459472656,-63.20085144042969,174.2337644570429,-181.65057187566603,-63.194988338554175,0.696224387784404,0.3618210139512572,0.0479671156733158,3.571593953174176e-05,42.86917127613704,76.60855485050405,nan,nan,nan
440.24,173.54885864257812,-181.8231964111328,-63.202964782714844,174.22535363759636,-181.65886500431836,-63.196526979083536,0.6961980572121197,0.36187530527000517,0.04798187962648001,3.50183955289658e-05,42.93904341440671,76.71272626210326,nan,0.2890943144685354,nan
440.25,173.54049682617188,-181.83155822753906,-63.20504379272461,174.2160778903726,-181.67687896948553,-63.19867711775671,0.6930916113535837,0.36180159674112355,0.04797829769439425,3.5702515215796145e-05,40.83447583932643,76.59479727410829,11.859482239107665,nan,nan
440.26,173.53213500976562,-181.8399200439453,-63.207088470458984,174.20767156634983,-181.68523399781728,-63.20108212657607,0.6930465268040883,0.36185564774467804,0.04799309413548474,3.500548130402584e-05,40.57866079554458,76.22086671596254,nan,0.060382126505702405,nan
440.27,173.52377319335938,-181.84828186035156,-63.2090950012207,174.19926455172842,-181.69358337476265,-63.2031613081791,0.6930046214765598,0.3619097863542877,0.04800795353644623,3.571112283887378e-05,40.38349221817017,76.03337433651572,nan,nan,nan
440.28000000000003,173.51541137695312,-181.8566436767578,-63.211063385009766,174.19086484226446,-181.70198340609642,-63.2080315547933,0.692940383522716,0.36196401269403883,0.04802287509023232,3.501375416231807e-05,39.51009595239983,75.16265692161103,nan,5.64428620964894,nan
440.29,173.50704956054688,-181.86500549316406,-63.212989807128906,174.18245824448476,-181.71033293393913,-63.21006420640464,0.6928990186567587,0.3620183269265321,0.04803785985141933,3.571973059046759e-05,39.33759844418482,75.22862749196952,nan,nan,nan
440.3,173.49868774414062,-181.87335205078125,-63.214881896972656,174.15554367154394,-181.7110805154116,-63.210821260261426,0.6766152890133305,0.3619445387435272,0.04803430297187905,3.500082801809451e-05,39.658013120071224,76.47902991583614,4.008972871652224,1.3085646844597216,nan
440.31,173.49032592773438,-181.8817138671875,-63.21673583984375,174.1471065223893,-181.71941461667578,-63.212768794378604,0.676548249337516,0.3619986124150536,0.04804931946305783,3.570626420299413e-05,39.479277812955345,75.11079878830503,nan,nan,nan
440.32,173.48196411132812,-181.89007568359375,-63.21855163574219,174.1386702506143,-181.72775578673884,-63.21511559441528,0.6764780178772535,0.36205277372030054,0.04806439841025137,3.500907248684292e-05,39.22788828763421,74.94941643140932,nan,0.13375991993100872,nan
440.33,173.47360229492188,-181.8984375,-63.22032928466797,174.13023309732935,-181.73608989405463,-63.21699584445701,0.6764110197580468,0.3621070228149728,0.04807954071536343,3.571484696659845e-05,39.05437200941894,74.9183327500382,nan,nan,nan
440.34000000000003,173.46524047851562,-181.90679931640625,-63.222076416015625,174.12179694831025,-181.74443298870392,-63.21942043603489,0.6763403556127462,0.3621613598337999,0.048094745799663635,3.501731923884811e-05,38.797778070178715,74.33717940499048,nan,0.23660994912176994,nan
440.35,173.45687866210938,-181.9151611328125,-63.223785400390625,174.10319371885618,-181.75255295082292,-63.22117327002891,0.6664618493601896,0.36208749237215676,0.04809121021713888,3.5701372700613457e-05,38.06170349223958,74.40935120890705,1.7591303856429668,nan,nan
440.36,173.44851684570312,-181.9235076904297,-63.225460052490234,174.09474257661458,-181.7609131662818,-63.22412741342989,0.6663681043550829,0.36214158858881873,0.04810644632924494,3.500435914230743e-05,37.77233590132917,75.427208678604,nan,0.9687242728886182,nan
440.37,173.44017028808594,-181.93186950683594,-63.22710418701172,174.08628970171637,-181.76925630505946,-63.22588915971758,0.6662693346939018,0.36219577249209683,0.04812174595564643,3.570993036462706e-05,37.616192459314796,74.39073849568324,nan,nan,nan
440.38,173.4318084716797,-181.9402313232422,-63.22871398925781,174.07783451908548,-181.77757370362534,-63.22579229708916,0.6661949350087453,0.3622500442212186,0.048137108646411936,3.501258612072477e-05,37.673454380019734,74.00188656235285,nan,2.3544360582087105,nan
440.39,173.42344665527344,-181.94859313964844,-63.230289459228516,174.0693815352618,-181.78591686484526,-63.22747254320907,0.6661106323917177,0.36230440392497076,0.04815253511084802,3.571849258595917e-05,37.50717554762647,73.97893006781271,nan,nan,nan
440.40000000000003,173.4150848388672,-181.9569549560547,-63.23183822631836,174.0204491931416,-181.7897790769208,-63.22802909929115,0.6280352581176918,0.36223045753697114,0.048149015540237684,3.4999622534644414e-05,35.7328395336362,74.10896799513537,17.67474926503822,0.8644813259989419,nan
440.41,173.40672302246094,-181.96531677246094,-63.23335266113281,174.01193235548692,-181.79814141350866,-63.229637720240994,0.6278851313802605,0.3622845761965341,0.048164472243550756,3.570498942114027e-05,35.56070920213863,74.17694876042226,nan,nan,nan
440.42,173.3983612060547,-181.97366333007812,-63.23483657836914,174.00341535513925,-181.80650241070927,-63.231109772139185,0.6277317782089452,0.36233878258242885,0.04817999228409336,3.5007829447620504e-05,35.42461244931153,75.3364123317952,nan,0.008103583594976996,nan
440.43,173.38999938964844,-181.98202514648438,-63.23629379272461,173.99489838153886,-181.8148647587275,-63.23265900286971,0.627581546352635,0.36239307684087674,0.048195576263788543,3.571353522401097e-05,35.25477943989983,73.69915231485503,nan,nan,nan
440.44,173.3816375732422,-181.99038696289062,-63.23772048950195,173.9863810921666,-181.82322158487403,-63.23371304977873,0.6274352929678417,0.36244745911508447,0.0482112238934806,3.5016042683375373e-05,35.20096618957026,73.75736968756749,nan,0.1537887262159581,nan
440.45,173.37327575683594,-181.99874877929688,-63.23911666870117,173.963540569875,-181.8265211472268,-63.23503404008084,0.6148915145104449,0.3623734341642424,0.04820771620355423,3.570003244662939e-05,35.116715295589685,73.85850228075185,3.006481635095249,nan,nan
440.46000000000004,173.3649139404297,-182.00711059570312,-63.2404899597168,173.95499967107483,-181.83487000783163,-63.236018086490695,0.6147259448498023,0.3624275751547722,0.04822339331662711,3.500305708216077e-05,35.079685779538444,73.48810095427027,nan,0.15883750120434983,nan
440.47,173.35655212402344,-182.01547241210938,-63.2418327331543,173.9464589231966,-181.8432241223562,-63.237445088704305,0.6145557390972992,0.3624818039159244,0.04823913453821845,3.5708561289567644e-05,34.90662288171412,73.50922620673508,nan,nan,nan
440.48,173.34820556640625,-182.02381896972656,-63.24314880371094,173.93791791776758,-181.85156573817918,-63.23768891876925,0.6143790714780254,0.3625361205919801,0.04825493966763959,3.501125825617482e-05,35.07493185105116,75.54513422825433,nan,0.9447242848235458,nan
440.49,173.33984375,-182.0321807861328,-63.24443817138672,173.92937710857717,-181.85991958134508,-63.23905276950586,0.6142088456735364,0.3625905253275035,0.048270809174390375,3.571709860632099e-05,34.895764079320436,73.49965491731709,nan,nan,nan
440.5,173.33148193359375,-182.04054260253906,-63.24570083618164,173.90912620713,-181.86708266457262,-63.24081071558009,0.603146060343617,0.36251642217288477,0.048267308303930105,3.499827651553049e-05,34.17044317370793,73.45888837914343,1.4807005782151392,0.12721606793970025,nan
440.51,173.3231201171875,-182.0489044189453,-63.24694061279297,173.9005669701277,-181.87544199561017,-63.242129380351294,0.6029570699788219,0.362570585386003,0.04828320647311527,3.570357843592409e-05,33.99680844584614,73.1410895037061,nan,nan,nan
440.52,173.31475830078125,-182.05726623535156,-63.24815368652344,173.89200797182653,-181.88378820627312,-63.24201589506193,0.602784772351499,0.36262483641227455,0.04829916879756373,3.500646484849926e-05,34.28641995862275,73.56001622277884,nan,1.3992598739869568,nan
440.53000000000003,173.306396484375,-182.0656280517578,-63.24934387207031,173.88344866439468,-181.89214782436673,-63.243272629579096,0.6025956088012182,0.3626791753963366,0.04831519567502383,3.571210671888664e-05,34.10475639815682,73.28304684903352,nan,nan,nan
440.54,173.29803466796875,-182.073974609375,-63.250511169433594,173.874888847321,-181.90051783667442,-63.245688422900805,0.6023879606333143,0.36273360248238556,0.048331287012378384,3.501466295379426e-05,33.597153240263104,73.99768238681274,nan,0.9858949189571546,nan
440.55,173.2896728515625,-182.08233642578125,-63.25165557861328,173.871721778102,-181.9127693644444,-63.246804450010615,0.6062651850674944,0.3626594214842803,0.04832778856625096,3.569859389373627e-05,33.2111106265628,72.44503257131802,1.3282173934702164,nan,nan
440.56,173.28131103515625,-182.0906982421875,-63.252777099609375,173.86317306633572,-181.92111974250452,-63.2455185233998,0.606113007459516,0.3627136068104842,0.0483439077611783,3.500166926659315e-05,33.92108354896191,73.15781529193244,nan,4.360275179861612,nan
440.57,173.27294921875,-182.09906005859375,-63.253875732421875,173.85462271557057,-181.9294906610173,-63.246671296462964,0.6059288253544287,0.3627678799926846,0.048360091686932095,3.570711204363305e-05,33.73394184654742,73.0393200235795,nan,nan,nan
440.58,173.26458740234375,-182.107421875,-63.25495147705078,173.84607151760727,-181.9378690710699,-63.24876534350413,0.605731126715981,0.36282224117417666,0.04837634030763303,3.500986173496638e-05,33.23844232435295,72.63136061378881,nan,0.6535150066400315,nan
440.59000000000003,173.2562255859375,-182.11578369140625,-63.256004333496094,173.83752096949473,-181.94624002746477,-63.24988599714779,0.6055467041998691,0.3628766905009781,0.048392653935253604,3.571564190274395e-05,33.059029475719505,72.52455920459398,nan,nan,nan
440.6,173.24786376953125,-182.1241455078125,-63.25703811645508,173.83899886507376,-181.96446192966192,-63.251592564175446,0.6123472873726613,0.3628024320183773,0.04838915299791886,3.499687789007264e-05,31.785200790966076,72.08965621063507,6.455774862859625,0.15685692383737534,nan
440.61,173.239501953125,-182.13250732421875,-63.258052825927734,173.8304664690293,-181.97286496999348,-63.25268056764445,0.6121712190879608,0.36285663934957063,0.048405493629421446,3.570212106579782e-05,31.612874624223885,71.83925229044911,nan,nan,nan
440.62,173.23114013671875,-182.14085388183594,-63.2590446472168,173.82193283676003,-181.98127623741368,-63.25499978201109,0.6119782675520028,0.36291093457668644,0.048421899182195256,3.5005063379485716e-05,31.136559931290584,72.83871755261237,nan,1.1035843816803756,nan
440.63,173.2227783203125,-182.1492156982422,-63.26001739501953,173.81340051681445,-181.98967931567432,-63.2560623084379,0.6118023202583504,0.3629653178472295,0.04843836992358462,3.571064784296373e-05,30.974893681721557,71.32523816484674,nan,nan,nan
440.64,173.2144317626953,-182.15757751464844,-63.26097106933594,173.80486772349764,-181.99808522536156,-63.25755632119695,0.6116077784457816,0.3630197893022287,0.04845490588472755,3.501326139898527e-05,30.737183453106105,71.65046974185731,nan,0.14286841330523523,nan
440.65000000000003,173.20606994628906,-182.1659393310547,-63.261905670166016,173.78495491615118,-182.00273776479827,-63.25851271348477,0.6014599502176785,0.36294545369725906,0.04845139788602413,3.569713982319315e-05,30.602524579725614,70.97624076261106,1.295587378013875,nan,nan
440.66,173.1977081298828,-182.17430114746094,-63.26282501220703,173.77640479525888,-182.0111321152853,-63.25888313240912,0.6012732340582425,0.36299968292150026,0.04846796000046043,3.5000273544275e-05,30.59319201172668,70.74350133465354,nan,0.28954751713444116,nan
440.67,173.18934631347656,-182.1826629638672,-63.26372146606445,173.76785390824188,-182.01953010742054,-63.25987003390955,0.6010808594384244,0.363054000086987,0.048484587485842355,3.5705661824427806e-05,30.43444054738844,70.85369088867127,nan,nan,nan
440.68,173.1809844970703,-182.19102478027344,-63.26460266113281,173.7573418692979,-182.02830200608054,-63.26167448980005,0.5988948955780816,0.35863528247890536,0.04834205673864898,3.500758947093252e-05,42.27145439775804,82.47888258181496,nan,0.49263297109727266,0.0008589244619773204
440.69,173.17262268066406,-182.1993865966797,-63.265464782714844,173.74879031137522,-182.03670153798186,-63.26263600687071,0.5987015692109037,0.35868635598518744,0.04835727965940833,3.571329591035553e-05,42.06940232688794,82.41157431644879,nan,nan,nan
440.7,173.1642608642578,-182.20774841308594,-63.26630783081055,173.7503593065476,-182.04551231202802,-63.26273112093213,0.6081486079853781,0.35861895223370843,0.04835357305769633,3.49946451939614e-05,42.84289736530568,82.3518946408172,2.2599728867631286,0.5119302671874952,nan
440.71000000000004,173.15589904785156,-182.2161102294922,-63.26713562011719,173.74182609900342,-182.05390357256888,-63.26365159709316,0.6079750383347787,0.3586698033257858,0.04836882071496701,3.569981727089329e-05,42.63793144120545,82.0989682702799,nan,nan,nan
440.72,173.1475372314453,-182.22447204589844,-63.267948150634766,173.73327169285184,-182.06230035646084,-63.264926398483716,0.6077776296642603,0.35872073657873954,0.04838412644293129,3.500286863023687e-05,42.37989314860297,81.77901145625582,nan,0.09675032948312004,nan
440.73,173.13917541503906,-182.2328338623047,-63.26874542236328,173.7247426206592,-182.07069177254036,-63.26581933311154,0.6076080739829302,0.35877176118587967,0.04839949098656313,3.570838446251524e-05,42.18084744061812,81.21269646805032,nan,nan,nan
440.74,173.13092041015625,-182.24119567871094,-63.26952362060547,173.71650800513999,-182.07902119362947,-63.262276394513634,0.6076725411735336,0.3588228683690219,0.04841491391192548,3.5011106353422116e-05,43.25908119387829,83.31306175009269,nan,13.7926872195382,nan
440.75,173.12277221679688,-182.2495574951172,-63.27029037475586,173.72503993534613,-182.09511052336228,-63.26310463302688,0.621797319691058,0.3587553896530315,0.048411221198801556,3.5694921953085104e-05,42.7829322288637,82.03074009512335,3.1301706973412533,nan,nan
440.76,173.1146240234375,-182.25791931152344,-63.27114486694336,173.71671581903607,-182.10352858360204,-63.264638550894745,0.621605469203522,0.35880627434110984,0.048426668391477364,3.4998162907028924e-05,42.36949317197252,81.97792741511196,nan,0.322973536950433,nan
440.77,173.10647583007812,-182.2662811279297,-63.27208709716797,173.70842606115622,-182.11193778192376,-63.26559337362307,0.6214564486725941,0.3588572500277957,0.04844217462167676,3.5703487551865525e-05,42.16492557291687,82.0410960894668,nan,nan,nan
440.78000000000003,173.09832763671875,-182.27464294433594,-63.27311706542969,173.70024565364616,-182.12032028870988,-63.26456384807692,0.6214450407464795,0.3589083084665221,0.048457739541820144,3.500640288960399e-05,42.8979665576517,82.9837790532078,nan,3.035582233795333,nan
440.79,173.09017944335938,-182.2830047607422,-63.274234771728516,173.69195060793623,-182.12872958508487,-63.26567585810575,0.621291090667401,0.3589594580670727,0.048473363768975423,3.571206874639593e-05,42.68414512673612,82.902808557878,nan,nan,nan
440.8,173.08203125,-182.29136657714844,-63.27544021606445,173.69351412500248,-182.13895365474298,-63.26688298448885,0.6302493407768943,0.35889189583238246,0.04846968070627016,3.499347616420199e-05,43.02395078380194,82.70214338533805,1.1518123744795654,0.0005771769199023166,nan
440.81,173.07386779785156,-182.2997283935547,-63.276729583740234,173.68523106368386,-182.14736116339645,-63.26816841604286,0.6301222970404752,0.35894282257620413,0.04848532866305363,3.5698609070567164e-05,42.81161419538007,82.1575650634178,nan,nan,nan
440.82,173.06570434570312,-182.30809020996094,-63.27810287475586,173.67694524330312,-182.15576875114883,-63.26953912721037,0.6299925392300484,0.3589938361160389,0.04850103580923641,3.641804248646808e-05,42.5997402905942,82.15831522237508,nan,nan,nan
440.83,173.0575408935547,-182.3164520263672,-63.27955627441406,173.66865669814067,-182.1641764369704,-63.270994206850936,0.6298600564743441,0.359044936596387,0.04851680228931871,3.715192091210474e-05,42.38704254881031,82.3164791333987,nan,nan,nan
440.84000000000003,173.04937744140625,-182.32481384277344,-63.28109359741211,173.66033403183607,-182.17259126117347,-63.27314666701108,0.6296847016097757,0.359096120112208,0.04853262804895179,3.63688408369444e-05,41.97851298714214,81.96860460834817,nan,0.24616584045502196,nan
440.85,173.0412139892578,-182.3331756591797,-63.282711029052734,173.6552633971455,-182.17990006576704,-63.27480662479269,0.6329396199242951,0.3590284824527499,0.048528951328048756,3.707762457796698e-05,42.3225978304468,81.92527284081048,0.8259998331392926,nan,nan
440.86,173.0330352783203,-182.34153747558594,-63.28440856933594,173.6469760783948,-182.18829965465565,-63.276474948507904,0.6328254720687275,0.35907944304645517,0.04854480029652205,3.629827597151148e-05,42.202080935405604,81.41719305530277,nan,0.0010805665281063315,nan
440.87,173.02487182617188,-182.3498992919922,-63.28618621826172,173.63868433357527,-182.19669964998562,-63.27826399102018,0.6326916201754617,0.35913049437851685,0.04856070903647326,3.702857358001446e-05,41.992769032028825,81.84155757629796,nan,nan,nan
440.88,173.01669311523438,-182.35826110839844,-63.28804016113281,173.6303128495276,-182.20511599934284,-63.281693861002914,0.6324736186332808,0.35918162895589506,0.04857667734798649,3.625190401779337e-05,41.240177391123225,80.86513233027054,nan,1.6017683153976825,nan
440.89,173.00851440429688,-182.36663818359375,-63.28997039794922,173.6220164434206,-182.21351632736844,-63.28365693464654,0.6323534728944858,0.3592328544178766,0.04859270570442334,3.698098199205093e-05,41.041938418407,79.62347942910779,nan,nan,nan
440.90000000000003,173.00033569335938,-182.375,-63.2919807434082,173.6090934782489,-182.22132578962325,-63.286916851659406,0.6278753431997114,0.3591651338366228,0.0485890311714603,3.618441467430895e-05,40.35619063559133,80.26316369906957,0.2929479105828449,0.9965926740091604,nan
440.91,172.99215698242188,-182.38336181640625,-63.294063568115234,173.6007843086982,-182.22972808397031,-63.28904611281715,0.6277385768694854,0.35921613599486946,0.04860508215713136,3.691142857721198e-05,40.16195632671381,80.39010929164971,nan,nan,nan
440.92,172.9839630126953,-182.3917236328125,-63.29618453979492,173.59246248228018,-182.238132364601,-63.2914499215245,0.6276020225955716,0.35926722159483876,0.04862119299810321,3.614092848159392e-05,39.93428960674302,79.694965230395,nan,0.031163914281609594,nan
440.93,172.9757843017578,-182.40008544921875,-63.298301696777344,173.58414896066216,-182.2465344587269,-63.29365772382246,0.6274607807422229,0.3593183977005044,0.04863736410935777,3.686686677555061e-05,39.73252655995131,80.26100536842549,nan,nan,nan
440.94,172.96759033203125,-182.408447265625,-63.30039978027344,173.575853267458,-182.25493271166224,-63.29543020712461,0.6273557312638788,0.35936965767102985,0.04865359537760275,3.609887149874332e-05,39.66681922624491,79.53706810217878,nan,0.11938666329387544,nan
440.95,172.95941162109375,-182.41680908203125,-63.30246353149414,173.5927103179175,-182.2669376437005,-63.297557239740456,0.6508093108774303,0.35930186146392085,0.04864991950293439,3.6800556746576514e-05,40.7358428453622,79.88872337490541,8.325331863167092,nan,nan
440.96000000000004,172.9512176513672,-182.42518615722656,-63.30449295043945,173.5844348988584,-182.27533108349743,-63.29969028842835,0.6507255114140743,0.35935290123262315,0.048666172939168625,3.7539030854885325e-05,40.53608014913266,77.84536915128352,nan,nan,nan
440.97,172.94302368164062,-182.4335479736328,-63.30648422241211,173.57615739687785,-182.28372437311012,-63.30178725251771,0.6506362072386225,0.3594040279566673,0.0486824867616276,3.829211178633903e-05,40.33492624153623,78.97019567381344,nan,nan,nan
440.98,172.934814453125,-182.44190979003906,-63.30843734741211,173.56780149265117,-182.29213137570758,-63.305540362857094,0.6504725652379739,0.35945523846680694,0.04869886100654539,3.7435256247586115e-05,39.821715211007465,78.00695845497918,nan,1.7646608061949232,nan
440.99,172.92662048339844,-182.4502716064453,-63.31035232543945,173.5595200350015,-182.30052472444194,-63.30757986830591,0.650379625763018,0.3595065395326348,0.04871529603392053,3.8185577541913e-05,39.63671283789388,78.42860577291393,nan,nan,nan
441.0,172.91842651367188,-182.45863342285156,-63.31222915649414,173.55434803152787,-182.30544294285838,-63.31034583929432,0.654115469100437,0.359438661017896,0.04871161470508884,3.731106102158768e-05,40.407121644403404,78.13130152281849,3.067998497337455,0.4476793962106323,nan
441.01,172.91021728515625,-182.4669952392578,-63.31406784057617,173.54607049073743,-182.31381853128744,-63.31231872001662,0.654045458921046,0.3594897383289732,0.04872807117053115,3.805782174025256e-05,40.232833311728264,77.59541377566335,nan,nan,nan
441.02,172.9020233154297,-182.47535705566406,-63.31587219238281,173.53781835318264,-182.32218952062817,-63.313624300594974,0.653988284939221,0.3595408996286177,0.04874458832698293,3.721411751998154e-05,40.12779664829452,77.8911484526336,nan,0.24840804427961768,nan
441.03000000000003,172.89381408691406,-182.4837188720703,-63.3176383972168,173.5295368053874,-182.33056497722598,-63.315519880972204,0.6539143509667072,0.35959215109687404,0.04876116649092463,3.795842166834649e-05,39.9514205931746,77.42195581671643,nan,nan,nan
441.04,172.88560485839844,-182.49209594726562,-63.31937026977539,173.52115796383194,-182.3389561085843,-63.31962435102119,0.6537427816617065,0.3596434869786523,0.0487778056441977,3.7120476196982505e-05,39.67955215919517,75.92243290667457,nan,3.1516070570678782,nan
441.05,172.8773956298828,-182.50045776367188,-63.321067810058594,173.5050083472676,-182.34464319079837,-63.32147751475021,0.6466653477655921,0.35957553257390124,0.04877411515081804,3.783811989108252e-05,39.56016579861674,77.12187260259441,0.5208506514856258,nan,nan
441.06,172.8691864013672,-182.50881958007812,-63.322731018066406,173.49679024505343,-182.35300230761726,-63.321315901755234,0.6466588045956433,0.35962664461286614,0.0487907751224785,3.70068384164401e-05,39.451976372928904,77.08889511811144,nan,2.465129916437571,nan
441.07,172.8609619140625,-182.51718139648438,-63.32435989379883,173.48848812803308,-182.3613744578073,-63.32307981441428,0.6465806909917788,0.3596778464529128,0.04880749632617615,3.7745703651074336e-05,39.28498396868492,76.5093555067538,nan,nan,nan
441.08,172.85275268554688,-182.52554321289062,-63.325958251953125,173.4801873818237,-182.3697461464449,-63.324735395493555,0.6464893807194387,0.3597291328790984,0.048824278779015004,3.691983892221137e-05,39.12502172378877,76.77330445235309,nan,0.003683939057076842,nan
441.09000000000003,172.8445281982422,-182.53390502929688,-63.3275260925293,173.4718817539187,-182.37811836983684,-63.32643531302037,0.6464078873943369,0.35978050926876154,0.048841122745118475,3.765665303212514e-05,38.96057622298689,76.059418146299,nan,nan,nan
441.1,172.83631896972656,-182.5422821044922,-63.32905960083008,173.49684897192327,-182.3974420848328,-63.32819722823775,0.6762242666330499,0.3597124734023989,0.048837419001870004,3.6813079351166285e-05,39.163656365271116,75.35476107076296,9.744400974599266,0.000161690333780844,nan
441.11,172.82809448242188,-182.55064392089844,-63.330562591552734,173.4885949849419,-182.4058298741495,-63.32983860819448,0.6761897264207052,0.3597636255826302,0.04885428312679778,3.754704282702018e-05,39.00294600651354,75.9939867764132,nan,nan,nan
441.12,172.8198699951172,-182.5590057373047,-63.33203887939453,173.4803219019376,-182.4142201221515,-63.33189469982684,0.6761357972816942,0.3598148625022701,0.0488712087539982,3.673254361185119e-05,38.83544245405341,75.62871641994462,nan,0.126165945499642,nan
441.13,172.8116455078125,-182.56736755371094,-63.3334846496582,173.47206446272978,-182.42260801721773,-63.33348238510027,0.6760980102210659,0.3598661890453821,0.048888196119456065,3.746470956797404e-05,38.681144066016984,75.59659665862762,nan,nan,nan
441.14,172.8034210205078,-182.5757293701172,-63.33489990234375,173.46376334882262,-182.43100166204948,-63.33614383828968,0.6760174904715078,0.3599176007306564,0.04890524528212092,3.6655118987874675e-05,38.56999382182977,75.64892601689493,nan,0.7802843821180059,nan
441.15000000000003,172.79519653320312,-182.5841064453125,-63.33628845214844,173.4987608304572,-182.45904242584612,-63.33771650364527,0.7145948283235652,0.359849488463484,0.048901524426520335,3.7362005579607854e-05,37.829197911262604,74.27359837938907,19.539745589172657,nan,nan
441.16,172.78695678710938,-182.59246826171875,-63.337646484375,173.49058955187525,-182.46747097268783,-63.33863296888454,0.7146498184907271,0.35990067582556257,0.04891859308184658,3.655817129538689e-05,37.64960872819967,75.15862458805259,nan,0.23242216979107727,nan
441.17,172.7787322998047,-182.600830078125,-63.33898162841797,173.4823942408017,-182.47590251439266,-63.340116929551094,0.7146665742123798,0.35995195248852585,0.04893572369906193,3.728616785447763e-05,37.50520226635464,75.21389129918325,nan,nan,nan
441.18,172.77049255371094,-182.60919189453125,-63.34028625488281,173.47420601293436,-182.48433321203552,-63.34133236509756,0.7147051263516623,0.3600033144201615,0.048952916359191516,3.6486914368279764e-05,37.34975583222439,74.9314481428835,nan,0.03823267576803034,nan
441.19,172.76226806640625,-182.6175537109375,-63.34156799316406,173.46600737604442,-182.49276520647982,-63.34276303663679,0.7147185564288154,0.3600547658362991,0.04897017126540845,3.721344863846584e-05,37.206543212996685,75.06769142741368,nan,nan,nan
441.2,172.7540283203125,-182.6259307861328,-63.34282302856445,173.43182538390357,-182.4887779449563,-63.342014758027496,0.691534825266762,0.3599865728221449,0.048966429224377696,3.639626313947654e-05,37.63328254590426,73.13383501140996,7.622174885155417,2.899228263896709,nan
441.21000000000004,172.74578857421875,-182.63429260253906,-63.344051361083984,173.42358255852693,-182.49718175540139,-63.34337464229959,0.6915233383736831,0.3600377995704566,0.048983702924738214,3.7120531823008636e-05,37.478234833171506,74.3702621822181,nan,nan,nan
441.22,172.737548828125,-182.6426544189453,-63.34526062011719,173.4153586439732,-182.50558344632745,-63.344116992237865,0.6915315653528139,0.36008911169673996,0.04900103890783791,3.633094145655033e-05,37.352830159964256,73.92828271968158,nan,0.2305629658439932,nan
441.23,172.72930908203125,-182.65101623535156,-63.346439361572266,173.4071125163993,-182.51398746079482,-63.345423709172195,0.6915167476261547,0.3601405130093803,0.04901843735995426,3.7053956342631245e-05,37.1960209237773,74.2452420265628,nan,nan,nan
441.24,172.7210693359375,-182.65939331054688,-63.347599029541016,173.39882951907106,-182.5223950892644,-63.3477539305189,0.6914675715245872,0.3601920000828991,0.04903589838727624,3.626846629082967e-05,37.023478106754105,72.54532864281177,nan,0.7189291201697373,nan
441.25,172.7128143310547,-182.66775512695312,-63.348731994628906,173.3929313461282,-182.54119129481245,-63.34899464259513,0.6917930519906823,0.36012373025940086,0.04903213118893747,3.69672755242874e-05,35.18105565022235,73.61735385302583,10.511933457371846,nan,nan
441.26,172.70457458496094,-182.67611694335938,-63.34984588623047,173.3847217573873,-182.54963235050715,-63.34894755638266,0.6918087419114328,0.36017499252859675,0.04904961030011407,3.618669560485724e-05,35.05354003916501,73.74574994648754,nan,1.108691114969532,nan
441.27,172.69639587402344,-182.68447875976562,-63.35093688964844,173.3764990924269,-182.55807741594975,-63.35016263297797,0.6917501621789569,0.3602263437013174,0.04906715210119916,3.690658022190526e-05,34.897971591895,73.62874277398693,nan,nan,nan
441.28000000000003,172.6883087158203,-182.69285583496094,-63.35200500488281,173.36835444016936,-182.56652331309334,-63.351597847011625,0.6916807493810804,0.3602777807205295,0.049084756710925374,3.6129796127245386e-05,34.73974164906626,71.6555887947983,nan,0.03844569037595167,nan
441.29,172.6803741455078,-182.7012176513672,-63.353050231933594,173.36034004023122,-182.57496889440495,-63.352774041459405,0.6915869019166684,0.3603293068457541,0.04910242429690132,3.68486988009143e-05,34.58632021219378,73.49998661156931,nan,nan,nan
441.3,172.67257690429688,-182.70957946777344,-63.35407638549805,173.3634357129187,-182.5812053156511,-63.35420205045095,0.7026847317077276,0.36026095688006454,0.04909862786221518,3.605365142975701e-05,35.66827228233654,72.91877289760926,4.767915589112347,0.027598944067322242,nan
441.31,172.66493225097656,-182.71795654296875,-63.35508346557617,173.35572912251533,-182.58963302370668,-63.3553416302092,0.7026146240810288,0.3603122578756002,0.04911631279503629,3.6770761883604005e-05,35.52257209360716,71.53748484480823,nan,nan,nan
441.32,172.65744018554688,-182.726318359375,-63.3560676574707,173.34815113302076,-182.59806258136157,-63.35711620374087,0.7025185100788356,0.3603636447881068,0.04913406076467956,3.600206549817448e-05,35.40163399393966,72.98752353241234,nan,0.2854937389759523,nan
441.33,172.65008544921875,-182.73468017578125,-63.35703659057617,173.34074114568875,-182.60649124672713,-63.35822383246703,0.7024522063043251,0.36041512054521263,0.04915187192987427,3.67183623119437e-05,35.26099506942541,72.28015095176889,nan,nan,nan
441.34000000000003,172.64288330078125,-182.74305725097656,-63.35798263549805,173.33349245416716,-182.61491969724244,-63.35881520260327,0.7023965607727222,0.3604666825846912,0.04916974642260752,3.5953019772349224e-05,35.0961963481257,71.31105889834032,nan,0.16565510818272758,nan
441.35,172.6358184814453,-182.7514190673828,-63.358909606933594,173.36143037335083,-182.63138186084095,-63.359841333010245,0.7354742801366735,0.3603982554920195,0.049165916703999814,3.664593012729573e-05,35.96568510759645,72.42669101662214,11.361390263946937,nan,nan
441.36,172.62890625,-182.75979614257812,-63.35982131958008,173.3545409602698,-182.63981383083416,-63.35992713983867,0.7354872528315307,0.36044959224542455,0.04918380779133522,3.588472821160836e-05,35.79751260391237,71.15926050721032,nan,0.6208330503843491,nan
441.37,172.6221160888672,-182.76817321777344,-63.36071014404297,173.34776271396316,-182.64824855040956,-63.3609478580219,0.7354896374956292,0.3605010175952999,0.049201762290967774,3.659872921400833e-05,35.65545409940901,70.98125352351613,nan,nan,nan
441.38,172.61546325683594,-182.77655029296875,-63.3615837097168,173.34107611792015,-182.65668672358768,-63.36353887931496,0.7354489255711428,0.36055252927731224,0.04921978034074341,3.5840605334316766e-05,35.61748685946509,70.93290743015075,nan,1.6948900190354665,nan
441.39,172.60894775390625,-182.784912109375,-63.36244201660156,173.33456768974375,-182.66512411883818,-63.364541727067966,0.7354439902165969,0.36060412977484024,0.04923786209065519,3.655400859459201e-05,35.48558287179913,72.17165407329479,nan,nan,nan
441.40000000000003,172.60256958007812,-182.7932891845703,-63.36328125,173.3445245168046,-182.6849516962936,-63.36621278457866,0.7498284693140652,0.36053562304872533,0.04923399499278859,3.577723161544558e-05,34.609631598529184,71.53125318141971,6.258912743668677,0.26478526980843053,nan
441.41,172.59629821777344,-182.8016815185547,-63.364105224609375,173.33829972863137,-182.69342411600496,-63.367190459791885,0.7498636049298556,0.3605869979514787,0.04925209256250071,3.6489218163196366e-05,34.491366092104734,69.58238277726717,nan,nan,nan
441.42,172.5901641845703,-182.81005859375,-63.36491012573242,173.33218876901938,-182.701898603873,-63.36860539782804,0.7498751378548761,0.3606384592229799,0.049270253900200844,3.5737758248486745e-05,34.47045757502532,71.47477695233565,nan,0.13871748077818521,nan
441.43,172.5841522216797,-182.8184356689453,-63.365699768066406,173.32621306375563,-182.71037447846064,-63.36955684513218,0.7498975871910213,0.3606900090803862,0.04928847915251146,3.644928028347504e-05,34.35469018156606,71.40367850891927,nan,nan,nan
441.44,172.57826232910156,-182.82681274414062,-63.36647415161133,173.32032674302727,-182.71885293158277,-63.37171563877141,0.7498949184586289,0.3607416456567088,0.04930676846233426,3.570050097964505e-05,34.574395357477385,71.75377265422847,nan,1.0133342281487654,nan
441.45,172.57249450683594,-182.835205078125,-63.36723327636719,173.29802427967098,-182.73161886157092,-63.37254876927185,0.7329064128487899,0.3606730615658212,0.049302859888349045,3.638924768850791e-05,32.713318835018185,70.56451539394503,11.747602342126857,nan,nan
441.46000000000004,172.56683349609375,-182.84359741210938,-63.367977142333984,173.29240791130994,-182.7401308464279,-63.372010472496235,0.7329255282649326,0.36072447237378463,0.049321164225800865,3.5643923741199564e-05,32.25484631161738,70.01332582048069,nan,1.4418359951394104,nan
441.47,172.561279296875,-182.8519744873047,-63.36870574951172,173.28686913117994,-182.74864556280508,-63.372899773229946,0.7329222769979544,0.36077597154940483,0.049339532689389176,3.6353806204081917e-05,32.142004783742244,71.24593355128592,nan,nan,nan
441.48,172.55584716796875,-182.86036682128906,-63.369422912597656,173.28144329032264,-182.7571623548683,-63.3737216518341,0.73291157299037,0.3608275574626597,0.049357965423394434,3.561091841778555e-05,32.03890032106859,70.04195795241178,nan,0.0019677973584848307,nan
441.49,172.55050659179688,-182.86875915527344,-63.370121002197266,173.27612561720593,-182.76568112759836,-63.37458332878667,0.7329174320369035,0.36087923197694755,0.0493764625723731,3.632050384296361e-05,31.931423098850104,69.87901486122249,nan,nan,nan
441.5,172.5452880859375,-182.87716674804688,-63.37080764770508,173.26376934465102,-182.7679995201652,-63.3763813152602,0.726748834561125,0.3608105686785608,0.049372508406337265,3.555855119923601e-05,32.78387834782737,69.00584578535921,1.995099975208491,0.674280436762581,nan
441.51,172.54017639160156,-182.88555908203125,-63.371482849121094,173.25865428519157,-182.77650422748687,-63.37722576937874,0.7267299539789959,0.3608620171300143,0.049391019771238776,3.626701127562746e-05,32.68205330148694,70.31750468992045,nan,nan,nan
441.52,172.53501892089844,-182.89395141601562,-63.37224578857422,173.25355214892406,-182.7850110397813,-63.378950468517,0.7267757275006718,0.360913552326529,0.049409595615090666,3.552952710556615e-05,32.905297587311644,70.74872821387126,nan,0.4836884836607957,nan
441.53000000000003,172.52981567382812,-182.90235900878906,-63.37310028076172,173.2484294523629,-182.79352034945535,-63.37993473919575,0.7268413350158834,0.3609651759216069,0.04942823608265555,3.6237793356056996e-05,32.799517642647515,69.21652825543204,nan,nan,nan
441.54,172.5245819091797,-182.9107666015625,-63.37404251098633,173.24327510275427,-182.80203213483568,-63.38066725087374,0.7269023166309005,0.36101688659884523,0.04944694131793217,3.5502395150163025e-05,32.616765400620096,69.52941109185122,nan,0.0804103510688403,nan
441.55,172.51930236816406,-182.91917419433594,-63.37507629394531,173.25065461959818,-182.81147159080783,-63.38185097279496,0.7392711699762149,0.3609481457672279,0.04944293743438952,3.6188329609040636e-05,33.22913298923636,69.18989123223045,2.1989665707308466,nan,nan
441.56,172.5139923095703,-182.92758178710938,-63.37619400024414,173.24541103615195,-182.81997976698503,-63.384369491459566,0.7393364504647106,0.36099963019335735,0.04946165605539714,3.545578812160206e-05,33.716464362038586,70.22480591659678,nan,1.1062074622314215,nan
441.57,172.50863647460938,-182.9359893798828,-63.37739944458008,173.2401566128757,-182.82849076347273,-63.385719967666056,0.7394233539209327,0.3610512028251458,0.04948043950561912,3.616291880943655e-05,33.61686775219917,69.91479595065822,nan,nan,nan
441.58,172.5032501220703,-182.94439697265625,-63.37868881225586,173.23487663571677,-182.8370041079456,-63.38658371317151,0.7395085613579482,0.36110286253127355,0.04949928792763989,3.543225099890525e-05,33.33245127627976,69.98544338903254,nan,0.22628116594803113,nan
441.59000000000003,172.49781799316406,-182.95281982421875,-63.380062103271484,173.22954796275934,-182.8455187017373,-63.388100551286385,0.7395991454404043,0.3611546106886588,0.049518201468327416,3.6139314251997655e-05,33.235491039200824,68.45764732373135,nan,nan,nan
441.6,172.4923553466797,-182.9612274169922,-63.38151931762695,173.26557139212684,-182.86356373665095,-63.387758709018,0.7793844862451822,0.36108579100520377,0.04951414373103049,3.538917443975616e-05,33.50502933562619,69.5336992717589,15.302682894446614,2.68247726012678,nan
441.61,172.4868621826172,-182.9696502685547,-63.383056640625,173.26024072144764,-182.87208530506783,-63.38942513588627,0.7795343765066538,0.3611373126289705,0.04953306980987818,3.609533271802382e-05,33.40290455279012,68.48393910936294,nan,nan,nan
441.62,172.4813232421875,-182.9780731201172,-63.38467788696289,173.25486523445613,-182.88060793867984,-63.391646529839306,0.7796891928063897,0.3611889213096903,0.049552061060542454,3.536897418475898e-05,33.527416879586085,68.33330322845464,nan,0.15413031369693725,nan
441.63,172.4757537841797,-182.98648071289062,-63.38637924194336,173.24946358426865,-182.88913288763794,-63.39348209980553,0.7798422304703336,0.36124061826198983,0.04957111763220863,3.607514305654643e-05,33.4254020570543,69.74845130730722,nan,nan,nan
441.64,172.47015380859375,-182.99490356445312,-63.38815689086914,173.2440099844806,-182.89765784441832,-63.39632242176156,0.7799851196773449,0.36129240259730205,0.04959023966401488,3.5350355483820954e-05,33.7880797824646,69.13637575606467,nan,0.5907133816781931,nan
441.65000000000003,172.4645233154297,-183.00332641601562,-63.3900146484375,173.26387372464526,-182.9235947088753,-63.39828488502255,0.8033595824098909,0.3612235052716464,0.049586123935136776,3.603450341222547e-05,32.50062558132424,69.6306833625677,13.239744397063621,nan,nan
441.66,172.45884704589844,-183.01174926757812,-63.39195251464844,173.25840504246668,-182.93217026129628,-63.400459884791914,0.8035534726847874,0.36127506287269306,0.04960525763870177,3.5312059254846543e-05,32.52835175863045,69.31136793101983,nan,0.005795701820406422,nan
441.67,172.45314025878906,-183.0201873779297,-63.39396286010742,173.2529045121835,-182.9407472694183,-63.402622457048466,0.8037465897078842,0.3613267085735504,0.049624456862159425,3.6017469075922796e-05,32.439510073754185,68.25381849822787,nan,nan,nan
441.68,172.44740295410156,-183.0286102294922,-63.396018981933594,173.24739174221276,-182.94932767988266,-63.40363321887145,0.8039438788748559,0.36137844162722993,0.04964372174170645,3.529641519660273e-05,31.876547204481245,68.93726313836126,nan,1.0201984392908323,nan
441.69,172.44163513183594,-183.0370330810547,-63.398075103759766,173.2418254465123,-182.95790722687306,-63.40586684196934,0.8041306807268133,0.3614302630365754,0.049663052430927355,3.600192785361731e-05,31.797009684270748,68.9682317443867,nan,nan,nan
441.7,172.4358367919922,-183.04547119140625,-63.400108337402344,173.22101248429823,-182.96146840665793,-63.40784270990153,0.7896943434973428,0.3605381789675297,0.048970900413878034,3.525973420729402e-05,43.55778781155073,78.0976419673501,5.918302485449587,0.027809808477218808,0.045719568253963914
441.71000000000004,172.4300079345703,-183.05389404296875,-63.40211486816406,173.2153663142243,-182.97002983226,-63.41004080047745,0.7898631594988916,0.3605884602684144,0.048987024760689,3.596447480550978e-05,43.439079009956025,79.18649802701123,nan,nan,nan
441.72,172.4241485595703,-183.0623321533203,-63.404083251953125,173.2097017940977,-182.97858506081616,-63.411915180405835,0.7900435423966349,0.360638825335413,0.04900320661356725,3.524687188007329e-05,43.26738541256655,77.95167265458316,nan,0.05948215625039687,nan
441.73,172.41824340820312,-183.0707550048828,-63.4060173034668,173.20399308861167,-182.98714820069907,-63.41404405747382,0.790225971952223,0.3606892800494172,0.04901944779995787,3.5951774175405405e-05,43.152145013537115,78.7071610490479,nan,nan,nan
441.74,172.41232299804688,-183.07919311523438,-63.40791320800781,173.19821545805374,-182.99573299572057,-63.41701084845106,0.7903640410004317,0.3607398189573482,0.049035746815804415,3.5235302576277534e-05,43.54435524628612,78.25061860511947,nan,0.5320777226760894,nan
441.75,172.4063720703125,-183.08763122558594,-63.40977478027344,173.16586330686462,-182.99154540638597,-63.41907761672584,0.7656017018116285,0.36067160007027,0.04903188698156465,3.5918393863429444e-05,44.1186024597094,77.6326578866638,8.067052201119317,nan,nan
441.76,172.400390625,-183.0960693359375,-63.411598205566406,173.16005642497623,-183.00006351154678,-63.420323368850795,0.765758039099042,0.36072191828183997,0.049048205802588646,3.520383151125396e-05,43.708100553879774,77.33206448211578,nan,0.42849305484866945,nan
441.77,172.3943634033203,-183.10450744628906,-63.41338348388672,173.15418682986325,-183.00860078773124,-63.4223093998315,0.7659043012378438,0.3607723257724471,0.04906458415089426,3.590824961052375e-05,43.60240008939741,76.97923854800845,nan,nan,nan
441.78000000000003,172.38832092285156,-183.11294555664062,-63.41513442993164,173.14825809061725,-183.01715541387938,-63.42498229594513,0.7660138581428994,0.3608228176373304,0.049081020665818556,3.5194667983867054e-05,43.9763463749771,77.68143899087227,nan,0.36375023427400666,nan
441.79,172.3822479248047,-183.1213836669922,-63.41685104370117,173.14233042248037,-183.02569458617253,-63.426906393954276,0.7661481015637426,0.3608733989409871,0.04909751696448429,3.589931209975633e-05,43.87485865432732,77.55247586088713,nan,nan,nan
441.8,172.37615966796875,-183.12982177734375,-63.41853332519531,173.14498224619,-183.03566384101882,-63.42614029265871,0.7746042471544722,0.3608051195162194,0.04909365157974725,3.516552415886067e-05,42.984309727171436,76.63395187305868,1.130983996665337,4.67645503670772,nan
441.81,172.37002563476562,-183.1382598876953,-63.42018127441406,173.13901325243,-183.04420248380328,-63.42797112686206,0.7747576609167599,0.36085547979593247,0.04911016712294795,3.586954047226085e-05,42.86960533352583,76.18383680020486,nan,nan,nan
441.82,172.36386108398438,-183.14669799804688,-63.42179489135742,173.13303936737964,-183.0527292781039,-63.429188628360386,0.7749322675701886,0.3609059246105741,0.04912674116219757,3.5158552558308975e-05,42.57240032411012,75.92832879146769,nan,0.23626692173747366,nan
441.83,172.35768127441406,-183.15513610839844,-63.423377990722656,173.1270150645439,-183.06126946654095,-63.43094988206522,0.7750759708748971,0.36095645852403097,0.04914337518056826,3.586283552519153e-05,42.45517670546367,76.08755346905838,nan,nan,nan
441.84000000000003,172.35147094726562,-183.16358947753906,-63.424930572509766,173.1208961850364,-183.06984768696955,-63.43444243759927,0.7751730099760139,0.36100707737733345,0.04916006801420791,3.515261479997817e-05,43.27310042643122,75.51840505186863,nan,2.1734989046075164,nan
441.85,172.34523010253906,-183.17202758789062,-63.42645263671875,173.10002498456046,-183.0736914163952,-63.43614016894612,0.761235288745032,0.36093874202490356,0.049156194845691115,3.5835216449887844e-05,43.05357426335779,76.42883570481835,1.8742560010475484,nan,nan
441.86,172.33897399902344,-183.1804656982422,-63.42794418334961,173.09385195277537,-183.08225177875912,-63.438993587399985,0.7613204242438238,0.3609891397807237,0.049172906411775755,3.51265487167917e-05,43.74992778104717,77.45778495721478,nan,0.9528713593991014,nan
441.87,172.3326873779297,-183.1889190673828,-63.429405212402344,173.0876960984131,-183.09078883373365,-63.44066361723862,0.7614423566111101,0.3610396263134166,0.04918967815233745,3.583053510551145e-05,43.65515539555681,76.04148910633785,nan,nan,nan
441.88,172.3263702392578,-183.19735717773438,-63.43083572387695,173.08149012095924,-183.09933986924136,-63.442967592630175,0.7615514498341168,0.3610901979187713,0.04920650902809425,3.512251177173932e-05,44.14906824522642,77.78592516317298,nan,0.30759601504123457,nan
441.89,172.3200225830078,-183.205810546875,-63.4322395324707,173.075282250966,-183.1078782450251,-63.44458798774827,0.7616826019659984,0.3611408584829459,0.049223400339003257,3.582680711834818e-05,44.05944889054946,76.25077025848674,nan,nan,nan
441.90000000000003,172.31365966796875,-183.21424865722656,-63.43361282348633,173.05697707634062,-183.10498119974275,-63.44391198246717,0.7513762170373477,0.36107246304209883,0.049219514458039786,3.5098271250310945e-05,44.177164497064446,76.28962743990395,8.731359048388645,3.660903102959839,nan
441.91,172.30726623535156,-183.2227020263672,-63.434959411621094,173.05070527875367,-183.1134833621034,-63.44545610245758,0.7514921878480962,0.3611229022015088,0.04923642390087808,3.580201520034693e-05,44.07879519390645,74.8358644764544,nan,nan,nan
441.92,172.30084228515625,-183.2311553955078,-63.436283111572266,173.04445953079838,-183.1219577481081,-63.44548790934562,0.7516484966499083,0.36117342654829326,0.04925339279108407,3.509594814308928e-05,43.26252324873634,73.74047798600941,nan,1.5512223210841036,nan
441.93,172.29440307617188,-183.23959350585938,-63.43757629394531,173.03813853593985,-183.13046102775226,-63.44696583747074,0.7517582692739055,0.3612240395577191,0.04927042231352157,3.580002871447971e-05,43.15452129158173,75.31051358792148,nan,nan,nan
441.94,172.28794860839844,-183.248046875,-63.438846588134766,173.03178723197217,-183.1389681318964,-63.44860085981756,0.7518571778823376,0.36127473813830496,0.04928751159825078,3.509443199062176e-05,43.24936597801536,74.2807609770782,nan,0.02330702424379972,nan
441.95,172.28146362304688,-183.25650024414062,-63.440086364746094,173.0519739188274,-183.15802060760564,-63.45001098817874,0.7768415880127274,0.3612062860717862,0.04928361038650257,3.577690388023395e-05,43.10100305388473,74.53504554354674,6.253271823636692,nan,nan
441.96000000000004,172.2749481201172,-183.26495361328125,-63.441307067871094,173.04562387833099,-183.16654543414342,-63.451421995467456,0.7769991028179611,0.3612567631481962,0.04930071724144251,3.507257234392055e-05,43.113290497268096,74.17913447000696,nan,2.112234450892772e-05,nan
441.97,172.26841735839844,-183.27340698242188,-63.442501068115234,173.03925081858972,-183.17507075043392,-63.45280404304894,0.7771488848120042,0.36130732860736336,0.049317884925647607,3.5776478555420725e-05,43.011205171482636,74.39111233875035,nan,nan,nan
441.98,172.26185607910156,-183.28184509277344,-63.44367218017578,173.03284093471802,-183.18360466061932,-63.454610128452906,0.7772956122430361,0.36135797972713424,0.049335112674869536,3.507251961963816e-05,43.30108793246651,75.77721770715738,nan,0.14048847949484844,nan
441.99,172.25527954101562,-183.29029846191406,-63.444820404052734,173.02642255540735,-183.19213124324398,-63.45595115618768,0.7774459756855564,0.36140871943187824,0.04935240151829326,3.5776787776670995e-05,43.20154950129452,74.57026340768383,nan,nan,nan
442.0,172.24867248535156,-183.2987518310547,-63.44594192504883,173.02197698730708,-183.20160302922912,-63.458766584817376,0.7794884311771411,0.3613402075923453,0.04934848025924942,3.505205548943513e-05,44.32999194575459,75.59372195162038,0.8495066831157968,1.8757863228030867,nan
442.01,172.24205017089844,-183.3072052001953,-63.447044372558594,173.01551720829787,-183.21013216953295,-63.460077209576525,0.7796436917375518,0.36139072550386137,0.04936578603369804,3.575581987770854e-05,44.2378181317474,75.52230399622452,nan,nan,nan
442.02,172.2353973388672,-183.31565856933594,-63.448123931884766,173.00899495034304,-183.21868484776604,-63.46275593510557,0.7797892424716497,0.3614413291492086,0.049383152168272534,3.505330673167527e-05,45.44583072722533,76.56719334506528,nan,1.3589080726615002,nan
442.03000000000003,172.22874450683594,-183.32411193847656,-63.44918441772461,173.00249198338813,-183.22721472630673,-63.4640383694147,0.7799326041896034,0.3614920211226898,0.049400579595686556,3.5757450888593724e-05,45.35797655103842,76.89195818760406,nan,nan,nan
442.04,172.2220458984375,-183.3325653076172,-63.45022201538086,172.99598295550598,-183.23573618337525,-63.46476563057912,0.7801063801484479,0.3615427991948186,0.04941806769392111,3.505517144231356e-05,45.07303768959384,76.0845037349966,nan,0.2013556443883585,nan
442.05,172.21534729003906,-183.3410186767578,-63.451236724853516,172.9890928149347,-183.2431794833166,-63.46585742901951,0.7800438513696359,0.3614742301111535,0.04941412344035718,3.5737739308996286e-05,45.14268556887862,76.38243615530573,1.0756973330141317,nan,nan
442.06,172.20864868164062,-183.34947204589844,-63.452232360839844,172.98253724860027,-183.2517109495849,-63.46740099793995,0.7801864095040035,0.361524786267435,0.049431627859798224,3.503649775711064e-05,45.5793516540829,76.35180598058543,nan,0.07630128044829822,nan
442.07,172.2020263671875,-183.35792541503906,-63.453208923339844,172.97603736290657,-183.26023735724462,-63.4685997997458,0.780303054720546,0.3615754305093508,0.04944919377051049,3.57405402324159e-05,45.489278254070584,76.23775617420375,nan,nan,nan
442.08,172.19552612304688,-183.3663787841797,-63.454166412353516,172.96960743493554,-183.26877478794665,-63.470492274953415,0.7803812858376125,0.3616261609007803,0.04946682063797479,3.5039456672020506e-05,46.315460856639646,77.49616956657827,nan,0.35758324370986827,nan
442.09000000000003,172.18911743164062,-183.3748321533203,-63.45510482788086,172.96330512249256,-183.27730168637297,-63.471661111214516,0.7804824681999193,0.3616769795980634,0.049484509265775835,3.574389156527636e-05,46.22645115983326,76.87184259584485,nan,nan,nan
442.1,172.18284606933594,-183.38330078125,-63.456024169921875,172.97438849682007,-183.30005454264102,-63.47295652386362,0.7960879696114136,0.3616083509370645,0.04948053747770905,3.50218190394221e-05,45.17203914369562,76.81234595552799,12.04718955286271,5.026366915949381e-06,nan
442.11,172.1766815185547,-183.39175415039062,-63.45692443847656,172.96834552381998,-183.30862597797866,-63.47409275165997,0.7962015707462504,0.3616589474453049,0.049498241749923365,3.5725776418355634e-05,45.08470244871776,77.70279591348182,nan,nan,nan
442.12,172.170654296875,-183.40020751953125,-63.45780563354492,172.96245178679055,-183.31718179906434,-63.474078121718605,0.7963047966494872,0.36170963013974755,0.04951600725746878,3.5025739456729204e-05,44.24230792929424,77.30108705069038,nan,0.9063120382452244,nan
442.13,172.16473388671875,-183.40866088867188,-63.45867156982422,172.95664989814034,-183.3257547910122,-63.475169294093,0.7964148197271859,0.36176040091761397,0.04953383472508131,3.573009987798792e-05,44.149182535180294,76.92085422811705,nan,nan,nan
442.14,172.158935546875,-183.41712951660156,-63.45952224731445,172.95098512555413,-183.33431772167418,-63.47545370028516,0.7965262956479428,0.3618112582299113,0.049551723734714094,3.50301125743984e-05,43.62948955713199,75.19324491899204,nan,0.4402174930705039,nan
442.15000000000003,172.1532440185547,-183.4255828857422,-63.46035385131836,172.99012233301593,-183.35637425599003,-63.47647369608757,0.8398898719731347,0.36174257177668606,0.04954772119052807,3.571290216469536e-05,44.24711349902833,77.0529060013127,17.039417009555855,nan,nan
442.16,172.14767456054688,-183.43405151367188,-63.46116638183594,172.9847845684985,-183.36494239729515,-63.475795474316406,0.8400852609860138,0.3617932067569208,0.049565625188368025,3.501377770914466e-05,42.93705633701903,74.74227091897497,nan,2.0682918689784313,nan
442.17,172.1422119140625,-183.4425048828125,-63.46196746826172,172.9795191313253,-183.37353450288316,-63.47679701300678,0.8402738867686679,0.361843929610435,0.049583591345533605,3.571807293588689e-05,42.83350975841749,75.80932808877535,nan,nan,nan
442.18,172.13685607910156,-183.4509735107422,-63.46274948120117,172.97437352659563,-183.38212187424173,-63.47733712410024,0.8404694057674648,0.36189473901575636,0.049601619314554625,3.501894132200264e-05,42.608327054239375,74.38059143302323,nan,0.1405167824306263,nan
442.19,172.13162231445312,-183.4594268798828,-63.46351623535156,172.96932569961652,-183.39071625323663,-63.478304274206145,0.8406466545591464,0.3619456365301601,0.04961970971582253,3.572364315192045e-05,42.504735886819034,75.97303693033072,nan,nan,nan
442.2,172.12648010253906,-183.4678955078125,-63.46426773071289,172.9651681844871,-183.39875833482256,-63.4800511689935,0.841680916033325,0.36187689059051714,0.04961567201859553,3.500334968351622e-05,43.59680890011284,75.33993549855502,1.2587387155854477,0.6480291490693743,nan
442.21000000000004,172.12144470214844,-183.4763641357422,-63.465003967285156,172.96033178413154,-183.4073526101771,-63.480996018629504,0.8418728364100756,0.36192756551301375,0.0496337766946293,3.5707585015266186e-05,43.49782680087071,75.42181444686763,nan,nan,nan
442.22,172.1165008544922,-183.48483276367188,-63.46572494506836,172.95561288887092,-183.41593910927054,-63.481159158683305,0.8420769304558178,0.3619783269925844,0.04965194344535667,3.500919605983605e-05,42.99665165086919,74.87119789185694,nan,0.41604779556088667,nan
442.23,172.11166381835938,-183.49330139160156,-63.466434478759766,172.95097742776596,-183.42453648039785,-63.48206872760018,0.8422709645267213,0.362029176388118,0.04967017282844636,3.571384358840528e-05,42.89279411975915,74.98139874781671,nan,nan,nan
442.24,172.10691833496094,-183.50177001953125,-63.46712875366211,172.94644119891296,-183.43313419493464,-63.482863590437816,0.8424708307144102,0.36208011267481305,0.049688464589254265,3.50153650646285e-05,42.97645635058653,75.09337321256176,nan,0.007235114107770894,nan
442.25,172.10226440429688,-183.51025390625,-63.46780776977539,172.956328755877,-183.4532485886279,-63.48364067176591,0.8561110930612977,0.3620113084551637,0.04968438829430185,3.569843053795934e-05,41.757978034489014,74.12778096447062,7.24370112160942,nan,nan
442.26,172.09771728515625,-183.5187225341797,-63.46847152709961,172.9519984573339,-183.46188401838415,-63.4844655243508,0.8563193014075593,0.36206202198933524,0.04970269362912705,3.500068385914685e-05,41.90117707079516,75.9867403803736,nan,0.0012605222180517182,nan
442.27,172.09324645996094,-183.52720642089844,-63.4691276550293,172.94775889826738,-183.4705215461293,-63.485319907322925,0.8565435606449655,0.362112823256595,0.04972106179562076,3.570527742745487e-05,41.79640473980236,74.32690877866007,nan,nan,nan
442.28000000000003,172.0888671875,-183.53567504882812,-63.469764709472656,172.9435782877926,-183.47917885854667,-63.4878384994663,0.856766914839997,0.36216371140399534,0.049739492594473717,3.500740017128865e-05,43.64261935972319,77.74973372856202,nan,1.983410418064977,nan
442.29,172.08457946777344,-183.54415893554688,-63.470394134521484,172.93951649593788,-183.4878196507958,-63.48868556097151,0.8569865888183357,0.3622146875334384,0.049757986501398586,3.571240331373847e-05,43.54081315146226,76.43442359124464,nan,nan,nan
442.3,172.08038330078125,-183.55264282226562,-63.47100830078125,172.91976032072677,-183.48816415811845,-63.487019991246804,0.8420021698157221,0.3621458238285515,0.0497538673247717,3.4993230028222044e-05,41.8343223779506,74.14671252531976,3.0587345464396654,4.359236449556233,nan
442.31,172.07626342773438,-183.56112670898438,-63.47161102294922,172.9158457301505,-183.4967888216587,-63.48781877805816,0.8421997967237669,0.36219657695648355,0.04977237405651864,3.5697767394050466e-05,41.7282145108112,74.01436835743183,nan,nan,nan
442.32,172.07208251953125,-183.56961059570312,-63.47230529785156,172.9119430721613,-183.50541768370627,-63.48889839604845,0.842473624941738,0.3622474169434254,0.04979094366868232,3.500040839650274e-05,42.102767711332625,74.36520784000344,nan,0.0406376519666358,nan
442.33,172.06787109375,-183.57809448242188,-63.47309112548828,172.90799296545865,-183.51404606658477,-63.48983308945201,0.8427260837614113,0.36229834474359623,0.04980957658855221,3.570535762736177e-05,41.95195284036722,74.77241431723112,nan,nan,nan
442.34000000000003,172.06358337402344,-183.58657836914062,-63.47396469116211,172.9039857073963,-183.5226800098212,-63.49124082372599,0.8430050693908147,0.3623493597251105,0.04982827268861719,3.5007807078858916e-05,42.494841843080735,74.99303052762724,nan,0.10273339361198933,nan
442.35,172.05926513671875,-183.59507751464844,-63.47492980957031,172.89381100101232,-183.52268152948017,-63.49225489405141,0.8378592583663859,0.36228043730255716,0.04982410700964088,3.569115397663784e-05,43.443701081819455,73.68349014084282,5.354485558738849,nan,nan
442.36,172.05490112304688,-183.6035614013672,-63.475982666015625,172.88972802254762,-183.53127241817958,-63.491989049438395,0.8381037248041517,0.36233122910703297,0.049842815191167254,3.4994240487643394e-05,42.221654874927765,73.93722628257437,nan,1.5339630048748287,nan
442.37,172.05047607421875,-183.612060546875,-63.47712326049805,172.88557324617148,-183.53987849877674,-63.493270500683856,0.8383664282619602,0.36238210856422914,0.049861586878847994,3.569913044498194e-05,42.07422976917471,72.39532212322084,nan,nan,nan
442.38,172.04600524902344,-183.62054443359375,-63.47834777832031,172.8813517074667,-183.54849693025264,-63.49586801223759,0.8386307333790688,0.36243307516822093,0.049880421987196166,3.5001997285969205e-05,43.40792140779227,75.18696756422368,nan,1.0659832236109066,nan
442.39,172.04148864746094,-183.62904357910156,-63.47965621948242,172.87710019479476,-183.5571058362271,-63.497335322584775,0.8388886979653547,0.36248412968470783,0.04989932088114885,3.570729258372983e-05,43.26161914505361,73.91137909549512,nan,nan,nan
442.40000000000003,172.03692626953125,-183.63754272460938,-63.48105239868164,172.8661289577115,-183.56433239883475,-63.4977864097908,0.8325964670914701,0.3624151477028674,0.04989510450294793,3.498876302892856e-05,42.254060686511835,73.00168679323026,0.8066284635312864,0.721899200331308,nan
442.41,172.03231811523438,-183.6460418701172,-63.48252868652344,172.86177146501834,-183.57294389553329,-63.49941185405739,0.8328392490163287,0.3624659788018169,0.04991401469427849,3.569358683974318e-05,42.107096360402394,72.98077382157817,nan,nan,nan
442.42,172.02764892578125,-183.654541015625,-63.48408889770508,172.85736556597251,-183.58155799027392,-63.50129006346589,0.8330978964702814,0.36251689700476275,0.04993298854060644,3.499681228255625e-05,42.44764092926543,73.11511486129672,nan,0.020201284880896054,nan
442.43,172.02294921875,-183.6630401611328,-63.4857292175293,172.852916319182,-183.59017193617473,-63.50308345880416,0.8333404680550724,0.3625679029709868,0.049952026370744536,3.5702041754868516e-05,42.29987117360204,73.34500521766988,nan,nan,nan
442.44,172.01820373535156,-183.67153930664062,-63.487449645996094,172.84841710660106,-183.5987897070589,-63.505328887791705,0.8335864762146434,0.3626189963540211,0.049971128152870796,3.500500381657476e-05,42.86769685658032,73.9682625430003,nan,0.09682561019811507,nan
442.45,172.01341247558594,-183.68003845214844,-63.4892463684082,172.86383567341076,-183.6065608248342,-63.50713060634802,0.8537789076107581,0.36254995525721334,0.04996685732094122,3.568860707199443e-05,44.12568067297449,74.0615104897823,9.904865137407793,nan,nan
442.46000000000004,172.00857543945312,-183.6885528564453,-63.491127014160156,172.85926562142734,-183.6151735788181,-63.51127839551932,0.8540868704429894,0.3626008250347545,0.0499859696164453,3.499214041805103e-05,46.64389634527716,75.31847343340057,nan,3.150314602252795,nan
442.47,172.0037078857422,-183.69705200195312,-63.493080139160156,172.85467771002914,-183.62377169290602,-63.51341438695595,0.8543612392743606,0.3626517824328864,0.050005146092390935,3.569729546141954e-05,46.49420365075823,76.75116441022575,nan,nan,nan
442.48,171.998779296875,-183.70555114746094,-63.49508285522461,172.85004787391622,-183.6323702048889,-63.515519758133884,0.8546527409504088,0.3627028271942376,0.05002438674770453,3.5000547534186424e-05,46.718015428998854,76.71581473146507,nan,0.006227290392740849,nan
442.49,171.9938201904297,-183.7140655517578,-63.49708938598633,172.84537447687282,-183.64097036928712,-63.51774439092447,0.8549352242650267,0.36275395984462505,0.050043691865494094,3.5706099542955753e-05,46.609021129913046,75.61749169542725,nan,nan,nan
442.5,171.9888153076172,-183.72256469726562,-63.49907684326172,172.8516234179327,-183.64658438150335,-63.517905379162734,0.8663517515269056,0.36268485905280035,0.05003936244875616,3.498788338206865e-05,46.00168561907551,75.1403542241939,5.285220125967463,3.1647504822679613,nan
442.51,171.9837646484375,-183.7310791015625,-63.501033782958984,172.84689000670534,-183.65516566600354,-63.52008155965973,0.8666666323221331,0.3627357678635233,0.050058677261820936,3.569295467517633e-05,45.91184459121074,73.80441517139799,nan,nan,nan
442.52,171.9786834716797,-183.7395782470703,-63.502960205078125,172.8421372351937,-183.66373463069866,-63.520164746736626,0.8669490481709431,0.36278676397729104,0.050078056475933996,3.499645697243211e-05,44.079335075509505,73.41124146327202,nan,3.0059001041977202,nan
442.53000000000003,171.9735565185547,-183.7480926513672,-63.50484848022461,172.8373224233232,-183.67231731869475,-63.52225696952919,0.8672580324113778,0.36283784784620277,0.05009750034833823,3.570192457205607e-05,43.98787537601723,72.06250952094958,nan,nan,nan
442.54,171.9683837890625,-183.75660705566406,-63.5067024230957,172.83246393678982,-183.68090277033252,-63.52468134676941,0.8675764417101779,0.36288901932347034,0.05011700891646151,3.50051153953306e-05,44.6121386239475,72.61633255012158,nan,0.09504745862189967,nan
442.55,171.9631805419922,-183.76510620117188,-63.508522033691406,172.82459845399987,-183.68079213150932,-63.52673580820976,0.8657259514724857,0.36281985905083436,0.050112617063524656,3.56889329681844e-05,45.96139839738822,73.90610202403417,5.601144457392823,nan,nan
442.56,171.9579315185547,-183.77362060546875,-63.51030349731445,172.81968026470406,-183.68933703486826,-63.52722273085756,0.8660259131382109,0.36287080649027953,0.050132134504262724,3.499265188466552e-05,44.72630752844219,71.42932166078114,nan,1.5986594286766118,nan
442.57,171.95265197753906,-183.78213500976562,-63.512046813964844,172.8147094665129,-183.69789112613427,-63.52916419382767,0.8663331639263012,0.3629218415559337,0.05015171679715689,3.569802502951265e-05,44.6330166032422,71.5277443429971,nan,nan,nan
442.58,171.94732666015625,-183.7906494140625,-63.51375961303711,172.80972658817666,-183.70642988410967,-63.528094783884164,0.8666210603246939,0.36297296416129976,0.050171364001123736,3.500142245405044e-05,42.17647289930144,68.97284030367837,nan,6.25660302908733,nan
442.59000000000003,171.9419708251953,-183.7991485595703,-63.515438079833984,172.80467994005076,-183.71498514118204,-63.52993901370416,0.8669260492871221,0.3630241746680761,0.05019107634140482,3.570718229674811e-05,42.07171402556359,70.24601898695092,nan,nan,nan
442.6,171.93658447265625,-183.8076629638672,-63.51708221435547,172.8007185756823,-183.71794534569514,-63.53131810148939,0.8688956551310456,0.3629549545153156,0.05018661797042561,3.4989062927641545e-05,43.001763425127905,69.05646029920594,4.633247879910246,0.044360012390878764,nan
442.61,171.93115234375,-183.81617736816406,-63.51869201660156,172.79560426140455,-183.72647930772627,-63.53309155771539,0.8692124060131781,0.36300594075452525,0.05020633833209843,3.5694331413845613e-05,42.90003126814024,68.84776882004859,nan,nan,nan
442.62,171.92567443847656,-183.82469177246094,-63.52027130126953,172.79044117588566,-183.73502144724822,-63.53646342438006,0.8695541743926934,0.3630570144596703,0.0502261238149225,3.4997910102142375e-05,44.46486557247408,70.30503935090672,nan,1.8757540624222249,nan
442.63,171.92018127441406,-183.8332061767578,-63.521820068359375,172.78525502629114,-183.74355650144844,-63.53819098749816,0.869860717277891,0.3631081759439066,0.050245974626563585,3.570356434884296e-05,44.36103684550377,70.5818031438623,nan,nan,nan
442.64,171.91464233398438,-183.8417205810547,-63.52333450317383,172.7800384181139,-183.75208907913006,-63.539212909481265,0.8701702777909772,0.363159425193649,0.05026589085215769,3.500680158800444e-05,43.938874377523234,70.02610921840262,nan,0.32192165836413256,nan
442.65000000000003,171.9090576171875,-183.85023498535156,-63.52482223510742,172.7948758685031,-183.7709840251668,-63.54078080337349,0.8894995025041662,0.36309014521792204,0.050261362046587696,3.569078436491995e-05,43.38096506132399,70.17356510625832,4.96990212289863,nan,nan
442.66,171.90345764160156,-183.85874938964844,-63.52627944946289,172.78960266488613,-183.77955178906316,-63.544303924431766,0.8898596203494005,0.36314116999367935,0.05028128543420978,3.4994523534020746e-05,45.41134674957302,72.52732291650362,nan,2.5310845662081247,nan
442.67,171.89781188964844,-183.8672637939453,-63.527706146240234,172.78430806463226,-183.78811199476945,-63.54592460644821,0.8902091820836644,0.3631922824298168,0.05030127434085493,3.57000619468695e-05,45.30804828280647,72.2512451635587,nan,nan,nan
442.68,171.8921356201172,-183.8757781982422,-63.52910614013672,172.7789812136611,-183.79667149132612,-63.54726828230238,0.8905519868460235,0.3632434825512065,0.05032132886579074,3.500345550838624e-05,45.317896896365355,72.35703335073795,nan,0.04388365449511186,nan
442.69,171.8864288330078,-183.88429260253906,-63.53047561645508,172.77361936223303,-183.80523241336783,-63.54883167509755,0.890895332543395,0.3632947706132805,0.05034144919559548,3.570937002913511e-05,45.21336797639389,72.32360343720539,nan,nan,nan
442.7,171.8806915283203,-183.89280700683594,-63.53181838989258,172.7690455850652,-183.83008305866485,-63.54896831285297,0.890730791915711,0.358709965124214,0.04670453664286322,3.498996429764545e-05,52.93571067991107,81.13047335213747,7.6330582424373805,1.0852289208692156,0.04709378145763143
442.71000000000004,171.87490844726562,-183.9013214111328,-63.533138275146484,172.76358607676747,-183.8386808296076,-63.55046353197084,0.8910510289286807,0.358763209586979,0.04671708331817705,3.5695348390102455e-05,52.78144060832996,80.83224680532713,nan,nan,nan
442.72,171.86911010742188,-183.90985107421875,-63.534427642822266,172.75809443890637,-183.84727872613493,-63.55193304790267,0.8913556414679183,0.35881654116454065,0.04672968792606969,3.6415053289415005e-05,52.63249681004975,79.77961563824013,nan,nan,nan
442.73,171.86326599121094,-183.91836547851562,-63.53569412231445,172.75257111448448,-183.85587676485576,-63.55337750104077,0.891673226859827,0.3588699600013991,0.046742350611041344,3.714922349578309e-05,52.477783778208206,80.66983208875332,nan,nan,nan
442.74,171.85740661621094,-183.9268798828125,-63.53693389892578,172.7470090724745,-183.86446737476277,-63.554676253189115,0.8919656061115939,0.3589234606207653,0.04675506560757061,3.6366644380135904e-05,52.55844538718876,81.0519910683006,nan,0.009606034596836505,nan
442.75,171.85150146484375,-183.93539428710938,-63.53814697265625,172.72182514214055,-183.86553269787748,-63.55612828111862,0.8733082344553044,0.3588524143464856,0.046751346394735084,3.70757274315501e-05,52.613453259801865,80.32178406051968,3.780461283076858,nan,nan
442.76,171.84556579589844,-183.94390869140625,-63.53934097290039,172.71607295925367,-183.8740119056974,-63.555781796328866,0.8734635554962797,0.35890568092294767,0.046764099461592545,3.629684131151405e-05,51.18386187107763,78.96512805466521,nan,1.9372121327027965,nan
442.77,171.83961486816406,-183.95242309570312,-63.54050827026367,172.71039336104246,-183.8825957999007,-63.55711417792982,0.8737315326048805,0.35895904012499297,0.04677691651633564,3.702748524478384e-05,51.02763927797577,79.12187326573594,nan,nan,nan
442.78000000000003,171.8336181640625,-183.96095275878906,-63.541648864746094,172.70444454897066,-183.890938060476,-63.554370488779014,0.8737290714804629,0.3590124813416637,0.04678978664817307,3.6251238728523755e-05,47.89314240020656,74.5393929380878,nan,10.799110624477676,nan
442.79,171.82760620117188,-183.96946716308594,-63.54277038574219,172.6987050757956,-183.899521855825,-63.55561771502561,0.8739969389238547,0.3590660153087246,0.04680272082189684,3.6980687702125845e-05,47.736369011603,75.88528852470101,nan,nan,nan
442.8,171.82154846191406,-183.9779815673828,-63.54386901855469,172.66450143849315,-183.8997677616034,-63.554356338888844,0.8466387092649542,0.35899486951427895,0.046799059346231166,3.6184478774853027e-05,45.74526887053123,73.51416631580427,6.871324549950746,4.435940310237923,nan
442.81,171.8154754638672,-183.9864959716797,-63.54494857788086,172.65865735224762,-183.9083434731477,-63.55553698477655,0.8468622227258484,0.35904816900142045,0.04681203086143285,3.691188445073601e-05,45.58824704301846,73.68554295023885,nan,nan,nan
442.82,171.8093719482422,-183.99501037597656,-63.54600143432617,172.65271261288368,-183.91684733899635,-63.55543999718537,0.8470076879561155,0.35910155073009814,0.046825056188411596,3.6141726953950336e-05,44.86159568767795,72.91785267715879,nan,1.0450042014271304,nan
442.83,171.80323791503906,-184.00352478027344,-63.547035217285156,172.6468118612602,-183.92542300729605,-63.5565673560095,0.847235357709994,0.35915502479074135,0.04683814535915022,3.686807737951301e-05,44.707615033979074,72.74522640098971,nan,nan,nan
442.84000000000003,171.7970733642578,-184.01205444335938,-63.54804992675781,172.6408836645611,-183.93399884328932,-63.5576791527054,0.8474675342410315,0.3592085815416601,0.046851288847531466,3.6100383896424934e-05,44.66194917640451,71.48680560057196,nan,1.205883968165302e-05,nan
442.85,171.7908935546875,-184.02056884765625,-63.54904556274414,172.64119362568863,-183.94691225656464,-63.55875483454759,0.8535395562683166,0.35913734691017013,0.04684769135949525,3.6802471275680194e-05,44.149176688252645,72.98230623253596,1.3297053465580984,nan,nan
442.86,171.7847137451172,-184.02908325195312,-63.550018310546875,172.63518718072007,-183.95544432571435,-63.55877063668727,0.8537003920208961,0.3591906690651267,0.04686087191564306,3.603814557845967e-05,43.55978740020962,71.98666558750175,nan,0.7375583705789976,nan
442.87,171.77862548828125,-184.03759765625,-63.55097198486328,172.6292854156271,-183.96403382326477,-63.55981023243678,0.8538805912630215,0.35924408313960327,0.04687411614030369,3.676166316092924e-05,43.40251565982261,72.23152419529859,nan,nan,nan
442.88,171.7726287841797,-184.04611206054688,-63.55190658569336,172.62350441653518,-183.97265975265975,-63.56151575097616,0.8540942098666532,0.3592975801205146,0.04688741537375897,3.5999680576285966e-05,43.68587182159893,72.44792696501092,nan,0.31199943006977454,nan
442.89,171.7667236328125,-184.05462646484375,-63.55282211303711,172.61778681112224,-183.9812489555788,-63.562526151916394,0.8542756936207317,0.35935116915392123,0.04690077836101933,3.672232893481146e-05,43.52984030760886,72.02425686974937,nan,nan,nan
442.90000000000003,171.7609405517578,-184.06314086914062,-63.5537223815918,172.6012301874711,-183.98843900438365,-63.56395739389195,0.8436656896911856,0.35927983661947893,0.04689723143626607,3.5940480409861175e-05,43.25245055639507,72.34692384119846,1.5677431152255972,0.16425075528965113,nan
442.91,171.75527954101562,-184.07167053222656,-63.554603576660156,172.59571490866853,-183.99703350278537,-63.56493713851911,0.8438063023386146,0.35933319062931707,0.046910630746286694,3.6661415476919884e-05,43.0968963977873,71.19803446309871,nan,nan,nan
442.92,171.7497100830078,-184.08018493652344,-63.55546569824219,172.5903352949586,-184.0056513683586,-63.56635535429132,0.8439932371527442,0.3593866277527393,0.04692408572574662,3.590487271677571e-05,43.33229340462747,72.2768801379143,nan,0.13894115302861812,nan
442.93,171.7442626953125,-184.0886993408203,-63.556312561035156,172.58504224112772,-184.01424629134868,-63.56730648533516,0.8441412012266626,0.35944015652813593,0.04693760431898874,3.662505991448881e-05,43.17449188823035,72.43877506381521,nan,nan,nan
442.94,171.73892211914062,-184.0972137451172,-63.5571403503418,172.57993030430575,-184.0229106745026,-63.569622706001184,0.8443764107436301,0.35949376885507617,0.046951179056315163,3.587066453411949e-05,44.063480876030944,73.33529527994169,nan,1.2810207953526616,nan
442.95,171.7336883544922,-184.10574340820312,-63.557952880859375,172.58174103534617,-184.0348119929125,-63.570566992497426,0.8511073557379086,0.35942234752804963,0.046947686680501435,3.656726045585593e-05,43.84561875571124,72.20487279778597,0.6428470996425181,nan,nan
442.96000000000004,171.72854614257812,-184.1142578125,-63.55875015258789,172.57679372322968,-184.0434289012005,-63.571735561572254,0.8512986042532817,0.35947572470665895,0.046961297382234084,3.581588146597643e-05,44.04951272848668,73.47450179380934,nan,0.04230060927693352,nan
442.97,171.72352600097656,-184.12277221679688,-63.55952835083008,172.571936671811,-184.05203436939112,-63.572640877600584,0.8514554878557227,0.35952919314591986,0.04697497157984859,3.653383481705346e-05,43.89393320160393,73.78935806888117,nan,nan,nan
442.98,171.71859741210938,-184.1313018798828,-63.56029510498047,172.56714581810556,-184.06060761840683,-63.57283766415783,0.8515805256785851,0.35958274532850637,0.04698870253985791,3.578447444480664e-05,43.434133961655505,72.02541072557857,nan,0.32479862221054545,nan
442.99,171.71376037597656,-184.1398162841797,-63.56104278564453,172.56248915729446,-184.06921452276325,-63.57370698892531,0.8517543865441566,0.3596363889169202,0.04700249711177095,3.650183856154627e-05,43.27989624625903,73.01572721595406,nan,nan,nan
443.0,171.7090301513672,-184.14834594726562,-63.5617790222168,172.57589037094638,-184.08166247848914,-63.57295370522875,0.8694930700341277,0.3595648712454102,0.046999047747946714,3.5732592594767185e-05,42.872433732839994,71.35088309946197,3.5752708930110546,1.4711313668521246,nan
443.01,171.70437622070312,-184.1568603515625,-63.562496185302734,172.57145570410466,-184.09026972565724,-63.573777656318,0.8697059351197989,0.35961827927168677,0.047012877523572055,3.644852411234692e-05,42.71974831672579,72.13981002937619,nan,nan,nan
443.02,171.6998291015625,-184.16539001464844,-63.563201904296875,172.56714593716015,-184.0989071288124,-63.57523541363315,0.869944407860152,0.35967177122164123,0.04702676465073862,3.570392006284165e-05,43.136198995057214,71.70910720993021,nan,0.28419838204186615,nan
443.03000000000003,171.69537353515625,-184.17391967773438,-63.56389617919922,172.56289617302056,-184.10751642931046,-63.57603891261787,0.8701450250292635,0.359725354201848,0.0470407153054207,3.64193652558166e-05,42.98175995739939,71.72058358562252,nan,nan,nan
443.04,171.69100952148438,-184.1824493408203,-63.564571380615234,172.55869302019545,-184.11608727943437,-63.57592657186715,0.8702916278439369,0.35977902152988167,0.047054723756354874,3.5676578332919784e-05,42.400174471453525,71.27805119742862,nan,0.5536873007910784,nan
443.05,171.6867218017578,-184.1909637451172,-63.56523895263672,172.55035241717167,-184.12317134106368,-63.576686383315675,0.8663629110232127,0.3597074151650579,0.04705131945942677,3.636896849657632e-05,42.30990508189524,72.22515839118779,0.16231424196111485,nan,nan
443.06,171.68252563476562,-184.19949340820312,-63.565887451171875,172.5463765103175,-184.13179714164602,-63.57780700859757,0.8665813265624369,0.35976084679473375,0.04706536267459015,3.562884341165137e-05,42.54835008381015,71.38182720257812,nan,0.09025198630763402,nan
443.07,171.6784210205078,-184.20802307128906,-63.5665283203125,172.54246811937682,-184.14040834519682,-63.57855517067639,0.8667720492598701,0.3598143690902342,0.04707946935339983,3.634255935628887e-05,42.394401204967444,71.52183703116823,nan,nan,nan
443.08,171.6743927001953,-184.216552734375,-63.5671501159668,172.53857365047799,-184.14895785482665,-63.57778908811571,0.8668857884986958,0.35986797589579683,0.04709363437771609,3.560412291589936e-05,41.4478670265455,70.52494733624457,nan,1.53921662110254,nan
443.09000000000003,171.67044067382812,-184.22509765625,-63.56776428222656,172.5348289995338,-184.1575712312367,-63.578498847895524,0.8670883614669506,0.35992167352699284,0.04710786301076137,3.631748434452436e-05,41.29974290422116,69.23123727691036,nan,nan,nan
443.1,171.66656494140625,-184.23362731933594,-63.56836700439453,172.55556037421007,-184.1647254996783,-63.57925901734925,0.8917280842523682,0.3598499723037656,0.04710449382968686,3.555906369857528e-05,43.488199606745724,70.9759880381496,14.838049187648712,0.026968883559032306,nan
443.11,171.6627655029297,-184.24215698242188,-63.56895446777344,172.55201091641814,-184.17330996238823,-63.579945356248885,0.8919742805749742,0.35990343383933737,0.04711875644997178,3.627122558696571e-05,43.33958907781265,70.89175679871587,nan,nan,nan
443.12,171.65904235839844,-184.25070190429688,-63.56953048706055,172.54859775043175,-184.18194929077393,-63.58197820672592,0.8922951658989582,0.3599569800344652,0.047133077937864386,3.5536867678199926e-05,44.22978200551642,70.72068460512237,nan,1.261534060904809,nan
443.13,171.65541076660156,-184.2592315673828,-63.57009506225586,172.54519964775653,-184.1905363600105,-63.58265628577132,0.8925251082625884,0.3600106167086652,0.047147463001366206,3.624876037981285e-05,44.078787593608226,72.2039086676876,nan,nan,nan
443.14,171.65170288085938,-184.2677764892578,-63.57075500488281,172.54178610027068,-184.19910351450295,-63.58282205841058,0.8928100182682343,0.36006433845112323,0.04716190734941338,3.551589426363174e-05,43.69145966281691,70.43271801177771,nan,0.21038612047108324,nan
443.15000000000003,171.64794921875,-184.27630615234375,-63.571502685546875,172.57206207095015,-184.2117044441245,-63.58350633524908,0.9264459141863165,0.3599925487024586,0.04715857372523927,3.620515063528716e-05,45.22355736072161,72.3874063287513,13.615220183087402,nan,nan
443.16,171.64413452148438,-184.28485107421875,-63.57234573364258,172.5685552620851,-184.22022836590642,-63.58303342943402,0.9267383810567936,0.36004603420019254,0.0471730515442077,3.5474605037284406e-05,44.3306444212466,70.41166151025756,nan,1.2889305361699235,nan
443.17,171.6402587890625,-184.29339599609375,-63.573272705078125,172.56505086413546,-184.2288046514182,-63.58400757532683,0.9271071466470318,0.3600996098425269,0.04718759292403058,3.618518344035449e-05,44.16281745186149,70.22530828257219,nan,nan,nan
443.18,171.63633728027344,-184.30194091796875,-63.57429122924805,172.56136078918468,-184.2372675129612,-63.58191107193393,0.9273128939879387,0.3601532706832231,0.04720219407386087,3.545600717954329e-05,42.48266922307154,68.80085722955499,nan,6.869104510903129,nan
443.19,171.63235473632812,-184.31048583984375,-63.57539749145508,172.5577471121176,-184.24584589311442,-63.583032504989156,0.9276786433426814,0.36020702184412734,0.047216858956284274,3.6166423109180334e-05,42.3246113369715,68.6457765195148,nan,nan,nan
443.2,171.62832641601562,-184.31903076171875,-63.57658767700195,172.589659335647,-184.2707577655497,-63.58420131161067,0.9625742734761318,0.36013513864373553,0.047213552243194054,3.541711465197258e-05,41.70453280452881,69.77189547938413,15.079479329801275,8.049273972333534e-06,nan
443.21000000000004,171.62423706054688,-184.32757568359375,-63.57786560058594,172.58599872065082,-184.27937598260888,-63.585496882599756,0.9629989296391263,0.36018865318061116,0.047228249801953004,3.612651998467362e-05,41.54776588282774,69.61872711347328,nan,nan,nan
443.22,171.62010192871094,-184.33612060546875,-63.5792236328125,172.58221229763896,-184.28793195376852,-63.58502880186438,0.9633339027249191,0.36024225303276525,0.04724300759144993,3.540077824182303e-05,40.75538939484091,68.9507569191287,nan,2.360152379236142,nan
443.23,171.61590576171875,-184.3446807861328,-63.58066940307617,172.57844728051865,-184.29655165775935,-63.586476893014286,0.9637615448600237,0.360295942889306,0.04725782912611391,3.611009032111879e-05,40.60906586117441,67.58178308377039,nan,nan,nan
443.24,171.61166381835938,-184.3532257080078,-63.58219528198242,172.57459063782417,-184.3051375079355,-63.58696485853738,0.964138622549319,0.3603497184538312,0.04727271128339528,3.538553287540728e-05,40.18648874486411,68.4758230237074,nan,0.7526643278125864,nan
443.25,171.6073760986328,-184.3617706298828,-63.583805084228516,172.56667052635262,-184.30759427098454,-63.5886042098183,0.9608350058798761,0.3602777469716442,0.04726943060046503,3.607252769563169e-05,41.04270759427439,68.31704466638743,3.2145327366624965,nan,nan
443.26,171.60304260253906,-184.37033081054688,-63.58549118041992,172.5627453090174,-184.31619217131455,-63.59028424987485,0.9612404749044726,0.3603312857497664,0.047284344845689566,3.5349973745827314e-05,40.92626297762352,67.09289334211243,nan,3.954619168435966e-05,nan
443.27,171.59864807128906,-184.37887573242188,-63.58726119995117,172.55877079722913,-184.3247907952767,-63.592052771697226,0.9616567934831953,0.3603849142287071,0.04729932286454719,3.605830455322813e-05,40.78336741472288,68.07253067361397,nan,nan,nan
443.28000000000003,171.59422302246094,-184.38742065429688,-63.589107513427734,172.55472218475623,-184.33336877567663,-63.59321216955043,0.9620275955263556,0.3604386285130229,0.047314361933836806,3.5336822297572395e-05,40.49264252903832,68.0683428784389,nan,0.32879097406373725,nan
443.29,171.58973693847656,-184.39598083496094,-63.591033935546875,172.55065098523812,-184.34196887398045,-63.595132886653076,0.9624395558126257,0.3604924326897522,0.04732946497230358,3.604514391504362e-05,40.35532242072242,66.66425579836995,nan,nan,nan
443.3,171.585205078125,-184.40452575683594,-63.5930061340332,172.53504581703325,-184.3528418644619,-63.595492374037896,0.9512490921993365,0.36042036908124686,0.047326202725289486,3.5303355072273515e-05,38.764764704625996,67.23789170321217,6.460761421070249,2.340382162585849,nan
443.31,171.58062744140625,-184.4130859375,-63.59498596191406,172.53086270822934,-184.3614639390328,-63.59749252270121,0.9516397300906828,0.3604739361106268,0.04734133703782213,3.6010815528465406e-05,38.63732528495546,65.94774099645568,nan,nan,nan
443.32,171.57598876953125,-184.42164611816406,-63.59695053100586,172.52666473731364,-184.37011228563213,-63.60038533956226,0.9520779009746146,0.36052758902979626,0.047356532806502045,3.52921760617138e-05,38.67172330705349,65.83554438835387,nan,0.5594195095316111,nan
443.33,171.57131958007812,-184.43019104003906,-63.59888458251953,172.52238918733065,-184.3787349103098,-63.602367911411875,0.9524669362798648,0.3605813315562312,0.047371792596383355,3.599968225719817e-05,38.545420056889185,67.14367987466784,nan,nan,nan
443.34000000000003,171.5666046142578,-184.43875122070312,-63.60078430175781,172.51806072743213,-184.38735178327516,-63.604105064709415,0.9528492351527965,0.36063516034943865,0.04738711421224942,3.528194585526704e-05,38.39509730004086,65.81270593274205,nan,0.03244506957143448,nan
443.35,171.5618438720703,-184.44729614257812,-63.60265350341797,172.50143488731177,-184.39465925836123,-63.60600138568193,0.941070202385665,0.3605630087805463,0.04738386846036943,3.596737128953652e-05,37.74455851466795,66.61507506619292,1.703381884809106,nan,nan
443.36,171.55703735351562,-184.4558563232422,-63.60448455810547,172.49701866131446,-184.4032993498283,-63.608290150334476,0.9414571562199964,0.360616600251133,0.04739922069481843,3.52513525064781e-05,37.718545792663946,65.37833834995233,nan,0.11440399755312258,nan
443.37,171.5522003173828,-184.46441650390625,-63.60627746582031,172.4925451091739,-184.41192868912484,-63.61014267763938,0.9418164566472411,0.360670281055674,0.04741463701577513,3.595813793763618e-05,37.59739518966508,65.46067778400996,nan,nan,nan
443.38,171.54730224609375,-184.47296142578125,-63.60803985595703,172.48803859347117,-184.4205664580442,-63.6122755985658,0.9422038258448288,0.36072404819258364,0.047430115539441375,3.5242921772208617e-05,37.56398049094844,66.42576197571913,nan,0.06911511450126968,nan
443.39,171.54237365722656,-184.4815216064453,-63.609764099121094,172.48347914966834,-184.42919632548936,-63.6140625078629,0.9425688087608847,0.3607779048704919,0.04744565836589773,3.5949817178075706e-05,37.444127331910295,65.28673789934224,nan,nan,nan
443.40000000000003,171.5373992919922,-184.49008178710938,-63.611454010009766,172.4859699149147,-184.43142853685248,-63.61580389695631,0.9503922095397027,0.36070566387469544,0.04744242325110161,3.6648030769550027e-05,39.07590642951037,65.28826373433255,7.994618757058139,nan,nan
443.41,171.53237915039062,-184.49864196777344,-63.61310958862305,172.48133645038632,-184.44002484510636,-63.61752404853143,0.9507762153846582,0.36075928288652587,0.047457995862711363,3.738278664254228e-05,38.95840419427246,65.15775122095604,nan,nan,nan
443.42,171.52731323242188,-184.50718688964844,-63.6147346496582,172.47665954188943,-184.44861972289897,-63.61914641474942,0.9511613911381979,0.36081298817122215,0.04747363096443429,3.658218085886614e-05,38.84447550196842,66.18083191348782,nan,0.002771525518952872,nan
443.43,171.522216796875,-184.5157470703125,-63.61632537841797,172.4719437832352,-184.45721640022563,-63.620801971594744,0.9515393989993776,0.36086678285390494,0.047489330523720674,3.7315351575416164e-05,38.72721244034702,65.05776031841837,nan,nan,nan
443.44,171.51707458496094,-184.52430725097656,-63.61788558959961,172.4671701675759,-184.46579987337225,-63.62185097847814,0.9519035947235055,0.36092066418128665,0.04750509293054405,3.6518637952977844e-05,38.499183460944415,64.77707826744442,nan,0.21424405357559126,nan
443.45,171.51190185546875,-184.53286743164062,-63.619415283203125,172.4638474673776,-184.47030469618437,-63.6233426047258,0.9540073205980315,0.36084833416917894,0.04750186386656967,3.72266414743223e-05,39.307517698942206,64.80668465824628,2.535382330689883,nan,nan
443.46000000000004,171.50668334960938,-184.54141235351562,-63.62091064453125,172.458995684881,-184.47886890783508,-63.62428693913642,0.9543698789637755,0.3609019776527065,0.047517655345328376,3.643471295968896e-05,39.08285564500142,65.69525753379892,nan,0.24346578802744342,nan
443.47,171.50143432617188,-184.5499725341797,-63.622379302978516,172.45412314220988,-184.48744689389707,-63.62580776191615,0.9547445680533273,0.36095571027072865,0.04753351136477096,3.716406880046006e-05,38.965668927831274,64.51556161177324,nan,nan,nan
443.48,171.4961395263672,-184.55853271484375,-63.62382125854492,172.4492556069823,-184.49605781694214,-63.62881801828825,0.9551745095022405,0.361009529586329,0.04754943057540609,3.637580534566836e-05,39.21600417052682,64.70113238283105,nan,1.5038173280500136,nan
443.49,171.4907989501953,-184.5670928955078,-63.62522888183594,172.444306629259,-184.50463606948264,-63.630297502559515,0.9555644614920422,0.3610634382497026,0.04756541455529103,3.710384897458497e-05,39.10307249449794,64.51782914088307,nan,nan,nan
443.5,171.4854278564453,-184.5756378173828,-63.62661361694336,172.44625904219473,-184.5203124343285,-63.63107490323364,0.9624330462915812,0.36099101845065473,0.04756218627440908,3.629668441194632e-05,38.11237871143682,65.74146594430296,3.29189028213721,0.2490205406950362,nan
443.51,171.4800262451172,-184.58419799804688,-63.627967834472656,172.4412479201964,-184.52891434410157,-63.6324929888,0.9628207870924356,0.36104468893532277,0.047578198462185764,3.702258879230772e-05,37.99768488687598,64.53592255629384,nan,nan,nan
443.52,171.47457885742188,-184.59275817871094,-63.629295349121094,172.43620797786593,-184.53752203974742,-63.63417774881379,0.9632265746751231,0.36109844615641196,0.04759427416598154,3.62422947491465e-05,37.983861868519554,64.40552368809955,nan,0.056426324549230175,nan
443.53000000000003,171.46910095214844,-184.601318359375,-63.63059616088867,172.43112384271407,-184.54612386242607,-63.635546988222316,0.9636176550670873,0.3611522924820652,0.047610414741202416,3.696706017927243e-05,37.87066899777396,64.38080454670303,nan,nan,nan
443.54,171.46359252929688,-184.60986328125,-63.63187026977539,172.42600388045895,-184.5547257167062,-63.63689119030021,0.9640025775444528,0.36120622694480115,0.04762661972740008,3.770630374460991e-05,37.754996955515395,65.53134404641094,nan,nan,nan
443.55,171.45803833007812,-184.61842346191406,-63.633121490478516,172.46831093998046,-184.58447075909112,-63.638310708344996,1.0108563005343114,0.361133720129749,0.047623388920424774,3.843505137731096e-05,37.18616335171509,65.71003264291431,24.8645061245928,nan,nan
443.56,171.45245361328125,-184.62698364257812,-63.63434600830078,172.46320475364354,-184.59312181275598,-63.639792460184445,1.0113328606846959,0.3611874150923862,0.047639620744903216,3.756636412414972e-05,37.158009509836255,65.70011832386008,nan,0.020798517037266814,nan
443.57,171.44683837890625,-184.6355438232422,-63.63554382324219,172.4580592747272,-184.60176921647545,-63.64106786522726,1.0117998513772408,0.3612411990117338,0.04765591759637918,3.831639426958623e-05,37.047728498599874,65.6298316240609,nan,nan,nan
443.58,171.44117736816406,-184.6440887451172,-63.636722564697266,172.4528791509567,-184.61041597030805,-63.64230006417298,1.0122773639519744,0.36129506996647087,0.047672278564850415,3.7454726839004874e-05,36.96339066222927,66.60572003908176,nan,0.00024744807676700984,nan
443.59000000000003,171.4355010986328,-184.65264892578125,-63.637874603271484,172.44766602253083,-184.61906271695,-63.643529395208326,1.012737795910163,0.3613490300995342,0.04768870480118645,3.8202043119042534e-05,36.853259341387556,65.43116272084393,nan,nan,nan
443.6,171.42977905273438,-184.6612091064453,-63.63900375366211,172.4523895052317,-184.63180924426038,-63.64526717645775,1.0230521589432322,0.3612764345616645,0.047685465706259186,3.732358738596283e-05,36.98468568572717,65.81874338555977,1.3117567274902673,0.11819709172109966,nan
443.61,171.4240264892578,-184.6697540283203,-63.64011001586914,172.4471273344111,-184.640463778393,-63.64645865094119,1.0235397223661948,0.36133015600797597,0.04770191849302198,3.806740329867615e-05,36.87477084949928,66.92284151098737,nan,nan,nan
443.62,171.41824340820312,-184.67831420898438,-63.641197204589844,172.44190040224012,-184.64916462717778,-63.65053035730406,1.0241144698225622,0.36138396451063964,0.04771843568990341,3.7220190297087014e-05,38.04165332918848,66.83264643680621,nan,5.242555500605742,nan
443.63,171.4124298095703,-184.68687438964844,-63.64226150512695,172.43657344786814,-184.65781846868703,-63.65170844190059,1.0245992792420047,0.361437861964503,0.0477350182733621,3.7961611717409804e-05,37.937786615508884,66.72468977615017,nan,nan,nan
443.64,171.40658569335938,-184.69541931152344,-63.64330291748047,172.43117754795756,-184.66644686119463,-63.651231916353716,1.025032067991112,0.3614918468208805,0.04775166559469855,3.71207344976312e-05,37.163802014369665,67.16687556734746,nan,1.672146009920934,nan
443.65000000000003,171.4007110595703,-184.7039794921875,-63.644325256347656,172.42059869259236,-184.6753171694239,-63.652335935484,1.0203217549958215,0.36141916483998254,0.04774841446916284,3.783574780537726e-05,36.77048589397231,65.67440632870043,0.4695800951271527,nan,nan
443.66,171.39479064941406,-184.7125244140625,-63.64532470703125,172.4151989025958,-184.68399491280678,-63.65477639213615,1.020850757924295,0.36147291081139926,0.04776508751889102,3.7002052886362745e-05,37.373812813609355,67.35927101851517,nan,1.1297421354195099,nan
443.67,171.38893127441406,-184.72108459472656,-63.64630889892578,172.4097739836325,-184.69265267013859,-63.65587207366924,1.021283342472303,0.36152674551940017,0.04778182608227579,3.773818376359771e-05,37.26729668113823,66.1548232946153,nan,nan,nan
443.68,171.3831329345703,-184.72962951660156,-63.64727020263672,172.40091641171117,-184.7133195045692,-63.6537536321576,1.017934800314722,0.3614932445980037,0.046714734157651906,3.6908934657481124e-05,45.83494817577682,75.78729387162241,nan,6.411937189082255,0.13404948854456583
443.69,171.37744140625,-184.73818969726562,-63.64821243286133,172.39562833711355,-184.72199909713746,-63.65478058393425,1.0183368314670556,0.36154685564705813,0.046727556623398205,3.764306109857944e-05,45.684619029046345,74.52893331208304,nan,nan,nan
443.7,171.37184143066406,-184.7467498779297,-63.64913558959961,172.40431434559406,-184.737047053098,-63.655049603488926,1.0325354427011415,0.36147511615783395,0.04672373679529961,3.67982489140741e-05,45.13535677761982,74.70552036537515,2.5219046407369663,0.3132041636931705,nan
443.71000000000004,171.36634826660156,-184.7552947998047,-63.65003967285156,172.3992540684487,-184.7457419662051,-63.65603349110635,1.0329673653976332,0.3615284914999138,0.046736596007198726,3.752961456245537e-05,44.98260150754224,75.83071342793386,nan,nan,nan
443.72,171.36097717285156,-184.76385498046875,-63.65092849731445,172.39430371406667,-184.7544504601553,-63.65729799279611,1.033388966582567,0.36158195377660746,0.04674951001386881,3.671410238270578e-05,44.973378305711094,74.71047566708255,nan,0.05677639268001764,nan
443.73,171.35569763183594,-184.77239990234375,-63.651798248291016,172.3894568040711,-184.7631454643951,-63.658250823148435,1.0338207322956765,0.3616355034821458,0.046762485462453235,3.744375915651904e-05,44.82157616628539,75.73960531772104,nan,nan,nan
443.74,171.35052490234375,-184.7809600830078,-63.65264892578125,172.38467742270157,-184.77167297361336,-63.65542026262166,1.0341979337009053,0.3616891404292622,0.0467755161673605,3.663351672148213e-05,43.764213469329064,73.52995431784333,nan,9.128736065053197,nan
443.75,171.345458984375,-184.7895050048828,-63.65348434448242,172.36358595431696,-184.7815047044556,-63.65632815703001,1.0181623735927037,0.36161731536962877,0.046771761279551474,3.733813937045285e-05,42.10808445165171,74.38550605757756,8.215097532048775,nan,nan
443.76,171.34048461914062,-184.79806518554688,-63.65430450439453,172.35902623200832,-184.790231211154,-63.65735227465661,1.0185762991555813,0.3616707163762077,0.04678482845158643,3.653396993399786e-05,41.99080619462423,72.9424527622595,nan,0.015825705137213448,nan
443.77,171.3356170654297,-184.80661010742188,-63.65510559082031,172.35456475384734,-184.79895137291638,-63.65820589767266,1.0189811871906593,0.3617242046842075,0.04679795699040134,3.725964598114514e-05,41.83614151476952,74.23559731628106,nan,nan,nan
443.78000000000003,171.3308563232422,-184.81517028808594,-63.6558952331543,172.35020661738537,-184.80769759836983,-63.659650775311306,1.0193846022764295,0.36177778016821516,0.046811141388332145,3.646035189417956e-05,41.80954262186719,73.03695719126125,nan,0.23881089047991313,nan
443.79,171.326171875,-184.82371520996094,-63.65666580200195,172.34593893840955,-184.8164185107061,-63.660480535895225,1.0198003028189493,0.3618314432272691,0.046824387284106456,3.7184660667925304e-05,41.6573417023712,74.06384476617141,nan,nan,nan
443.8,171.32159423828125,-184.832275390625,-63.65742111206055,172.36106146957542,-184.81930827550448,-63.66152576527774,1.0395562126152416,0.36175953261784655,0.04682068729069683,3.636783038252763e-05,44.47019057736231,73.25698327076654,24.783264766951746,0.0690252484456799,nan
443.81,171.31710815429688,-184.84083557128906,-63.65816116333008,172.35700871954862,-184.8279804525721,-63.66232805147439,1.0399883665911491,0.36181295947516967,0.04683396900123985,3.708997285235836e-05,44.324016001180226,73.1932788055786,nan,nan,nan
443.82,171.3126983642578,-184.84938049316406,-63.65888595581055,172.35301557373984,-184.83650245596607,-63.6593528950257,1.0403970195164796,0.36186647343797596,0.04684730714171704,3.630083370359177e-05,43.708971047227465,73.77580852208567,nan,9.282668628481524,nan
443.83,171.30838012695312,-184.85794067382812,-63.65959548950195,172.34914190788567,-184.84517540486695,-63.66009047350995,1.040840180695718,0.36192007485507277,0.046860706743037786,3.702181896145262e-05,43.56021006413687,72.50870342497971,nan,nan,nan
443.84000000000003,171.3041534423828,-184.8665008544922,-63.66029357910156,172.3453547266862,-184.85384647445744,-63.66074751032531,1.0412782787625194,0.3619737636785083,0.04687416320223461,3.623699083760625e-05,43.40977056644809,72.49011538690027,nan,0.0029717653331710813,nan
443.85,171.30001831054688,-184.87506103515625,-63.66097640991211,172.35520257529205,-184.87601102142628,-63.66150611029187,1.0551848253373577,0.3619017680751327,0.04687051921012325,3.6933988689018405e-05,41.54611735537431,73.36000808679525,15.725485577191623,nan,nan
443.86,171.2959442138672,-184.8836212158203,-63.66164779663086,172.3515934938506,-184.88465606257225,-63.66009208543281,1.0556509335356221,0.3619552204600685,0.046884011118862104,3.6154248433928905e-05,41.45637059885908,73.20470654300604,nan,2.950380340409042,nan
443.87,171.29196166992188,-184.89218139648438,-63.66230392456055,172.3480815043019,-184.8933818395429,-63.66075776615416,1.0561216484099831,0.3620087601820179,0.0468975644737291,3.687229947289453e-05,41.3047602109528,73.24114185238105,nan,nan,nan
443.88,171.28807067871094,-184.90074157714844,-63.66294479370117,172.3446530901153,-184.90212772903214,-63.66193223253317,1.0565838058508155,0.3620623872334484,0.046911175214947046,3.6096519214157896e-05,41.11821056860137,73.27072302222511,nan,0.1800531960545696,nan
443.89,171.28424072265625,-184.9093017578125,-63.663578033447266,172.34129962120815,-184.9108552999246,-63.662578572095505,1.0570605126594435,0.3621161019009144,0.046924847564829286,3.6813684372607326e-05,40.96843136402821,73.03219799416128,nan,nan,nan
443.90000000000003,171.28050231933594,-184.91786193847656,-63.66419219970703,172.3738041884337,-184.93138792561692,-63.664408729700774,1.093385556967902,0.36204402145404485,0.04692125093508083,3.601988456037582e-05,41.21613204984437,74.68194372594184,10.851403077408692,1.1168906637990375,nan
443.91,171.27682495117188,-184.92642211914062,-63.664798736572266,172.3706622670114,-184.9401343340577,-63.665042720396094,1.0939232870220146,0.36209749942854325,0.04693495806630139,3.6735354831920295e-05,41.069040699105216,74.53108072310661,nan,nan,nan
443.92,171.27322387695312,-184.93499755859375,-63.6653938293457,172.3675899741869,-184.94885611925653,-63.66492578484476,1.0944539430894207,0.3621510646519713,0.04694872308454646,3.596792149587961e-05,40.92932544343701,73.22897934835926,nan,0.3654652758328745,nan
443.93,171.2696990966797,-184.9435577392578,-63.66597366333008,172.36459471149857,-184.957604474749,-63.66553026685437,1.0949858057198778,0.3622047173788376,0.046962549728697414,3.668267216143936e-05,40.781282692578735,74.5135146671611,nan,nan,nan
443.94,171.2662353515625,-184.95213317871094,-63.66654586791992,172.36167340946884,-184.96637036359414,-63.666617477442195,1.0955305752332638,0.36225845765108167,0.04697643465910133,3.5918698798143676e-05,40.63291008602965,73.10398784334728,nan,0.16312043032387877,nan
443.95,171.26284790039062,-184.960693359375,-63.6671028137207,172.37406815925016,-184.9710331865859,-63.66729138887136,1.1112683795047824,0.36218629281304215,0.04697288503774898,3.6610246099492154e-05,42.59843785798267,74.85680161971787,12.722551268406578,nan,nan
443.96000000000004,171.25953674316406,-184.96926879882812,-63.66764831542969,172.37129880432198,-184.97971047852892,-63.6666786692828,1.1118115170831464,0.36223979615376933,0.04698680430474095,3.585049559394788e-05,42.481643268995256,73.63377922490413,nan,0.9557866331621535,nan
443.97,171.2561492919922,-184.9778289794922,-63.66828918457031,172.36853906920732,-184.98842767265518,-63.66728831429981,1.1124407177422013,0.3622933868876851,0.047000785233219926,3.656313587328076e-05,42.343692225587134,74.79836555061928,nan,nan,nan
443.98,171.25270080566406,-184.9864044189453,-63.66902160644531,172.36571959847066,-184.99715130531678,-63.66816048505666,1.1130710086231637,0.3623470650817831,0.047014824912091906,3.5806537793874065e-05,42.20125924483839,73.52410302817191,nan,0.019341327594588627,nan
443.99,171.24920654296875,-184.99497985839844,-63.66984558105469,172.36283931944894,-185.00587057554353,-63.668957052632464,1.11368638227001,0.3624008309519544,0.04702892644179576,3.6518669644842004e-05,42.06549515248887,73.5366050543163,nan,nan,nan
444.0,171.24563598632812,-185.00355529785156,-63.67075729370117,172.326024394098,-185.0102540797003,-63.6688754965847,1.0804108137565858,0.36232858195638273,0.04702541629895284,3.574355078272897e-05,40.3764248368227,72.31951668746193,14.862190587086607,0.41251045644087314,nan
444.01,171.2420196533203,-185.0121307373047,-63.671756744384766,172.32297196688813,-185.0189907738785,-63.66984205086565,1.080975776953716,0.36238211064588854,0.04703955147735053,3.645435445949509e-05,40.240621166705,72.37299250438076,nan,nan,nan
444.02,171.23834228515625,-185.0207061767578,-63.67284393310547,172.31987154638696,-185.02779824557132,-63.6732570121469,1.0815525927908465,0.36243572670764773,0.04705374584620776,3.570452137369288e-05,40.008003455548796,72.24399474019422,nan,3.773991767877251,nan
444.03000000000003,171.234619140625,-185.02928161621094,-63.67401885986328,172.316703906928,-185.0365369410349,-63.674423965243065,1.0821091651555839,0.3624894303383938,0.04706800212792622,3.6414945730546895e-05,39.87018518891827,72.2499921720667,nan,nan,nan
444.04,171.23081970214844,-185.03785705566406,-63.6752815246582,172.31348475542177,-185.04531381369927,-63.67698669885101,1.0826920746171407,0.36254322163473557,0.047082317975005436,3.566782869108358e-05,39.811407573756775,72.12689826755417,nan,1.1637491977638623,nan
444.05,171.2269744873047,-185.0464324951172,-63.6766242980957,172.32859222142494,-185.05913333408475,-63.678238310184426,1.1016921296232192,0.3624708888696764,0.047078845792669015,3.635562325929304e-05,40.11267672570695,73.0113027727779,3.14086120670418,nan,nan
444.06,171.22308349609375,-185.0550079345703,-63.67805480957031,172.32528707920787,-185.0678784865581,-63.67966687643049,1.1022799047871794,0.362524442746109,0.04709319477031429,3.561198029743063e-05,39.9777405505758,72.9270178690581,nan,3.499614717827702e-05,nan
444.07,171.2191162109375,-185.06358337402344,-63.6795654296875,172.32192742502409,-185.07662448926743,-63.681186596232344,1.1028895106867698,0.3625780840859307,0.047107605737665655,3.632092946560988e-05,39.842802021917905,72.82577402722892,nan,nan,nan
444.08,171.21511840820312,-185.07215881347656,-63.681156158447266,172.31851217583954,-185.0853556457767,-63.682209839454934,1.1034731863916383,0.36263181300005987,0.047122076679120516,3.557973730100983e-05,39.66590463600029,72.85317570778402,nan,0.22936871058821356,nan
444.09000000000003,171.2110595703125,-185.08074951171875,-63.682830810546875,172.31504568125297,-185.0941027859004,-63.68388906006887,1.1040673724790897,0.36268562966315454,0.04713660982224601,3.628846760055991e-05,39.5337306465296,71.42521871716198,nan,nan,nan
444.1,171.20693969726562,-185.08932495117188,-63.6845817565918,172.33845046052153,-185.11861832863144,-63.68576371640287,1.1318905010450175,0.36261321341232017,0.047133168928748144,3.552826342213166e-05,38.404474994882264,74.31441804299368,14.284998175181562,0.0032464419829172147,nan
444.11,171.20277404785156,-185.097900390625,-63.68641662597656,172.33492468754852,-185.12741068015742,-63.68760608830866,1.1325358020721297,0.3626667924106155,0.047147734491625175,3.623594445011028e-05,38.26981224573405,74.15507723699332,nan,nan,nan
444.12,171.1985626220703,-185.1064910888672,-63.688323974609375,172.3313454687862,-185.13618444345903,-63.68876687794492,1.1331720386966946,0.36272045888992394,0.04716236041662188,3.550015361327066e-05,38.10483327260941,72.84190815078792,nan,0.3972728920541779,nan
444.13,171.1942901611328,-185.1150665283203,-63.690284729003906,172.3277174151448,-185.1449773382006,-63.690746697178305,1.1338219481468204,0.3627742130146154,0.04717704864164349,3.620771382665625e-05,37.972034378907516,73.99626607168925,nan,nan,nan
444.14,171.18997192382812,-185.12364196777344,-63.69225311279297,172.32403979270748,-185.1537771096603,-63.69302592243628,1.1344684461173216,0.3628280549115432,0.04719179758330759,3.547399872535089e-05,37.849952621009706,73.89546510181519,nan,0.050052349214470576,nan
444.15000000000003,171.18560791015625,-185.13223266601562,-63.6942024230957,172.30787908835498,-185.15836090556488,-63.69489011746747,1.1225755009089846,0.3627555555261846,0.047188385548783435,3.615933637065342e-05,37.70196474619452,71.98752717379705,2.2060671886956125,nan,nan
444.16,171.1811981201172,-185.14080810546875,-63.696128845214844,172.30408517300182,-185.16718566380757,-63.6984991732331,1.1231993267335834,0.36280915951919757,0.04720316632438209,3.5428456671612655e-05,37.71473271128129,73.25133909260019,nan,1.8196512717670874,nan
444.17,171.17672729492188,-185.14939880371094,-63.69801712036133,172.30023947857165,-185.1759732005783,-63.70046991372465,1.1238290980276513,0.362862851054854,0.04721800951001888,3.613501955069708e-05,37.594051479116004,71.90987776239308,nan,nan,nan
444.18,171.17222595214844,-185.15797424316406,-63.69987106323242,172.29634223360077,-185.1847149483132,-63.70033445373418,1.1244343886011516,0.36291663026706056,0.04723291377367378,3.540599053920576e-05,37.301354952717276,72.99166773187329,nan,2.965358524729205,nan
444.19,171.16766357421875,-185.1665496826172,-63.70169448852539,172.29240143630437,-185.19350255446574,-63.702217983327316,1.1250608826888577,0.36297049730929454,0.047247880678177624,3.611255098910162e-05,37.17208799518822,72.70233927291152,nan,nan,nan
444.2,171.16305541992188,-185.17514038085938,-63.70347595214844,172.30120285848187,-185.2045073193695,-63.70286819805353,1.1385264065199279,0.36289791510038166,0.047244491480467325,3.5364048324460294e-05,37.61361541674383,72.00578715270026,3.0025676560903767,0.7116586845292228,nan
444.21000000000004,171.15841674804688,-185.1837158203125,-63.70522689819336,172.29718967808176,-185.2132924771657,-63.70466916120389,1.1391570900808234,0.362951543997276,0.04725948948247261,3.606976595206526e-05,37.48112339441004,73.1221166566756,nan,nan,nan
444.22,171.15371704101562,-185.1923065185547,-63.706939697265625,172.29313133227163,-185.22208650053884,-63.70686230126496,1.139803395518515,0.3630052604735712,0.04727454890614933,3.5344980841662684e-05,37.34632954616596,71.75555217655108,nan,0.12573273531642082,nan
444.23,171.1489715576172,-185.2008819580078,-63.708621978759766,172.2890272813952,-185.23087185452266,-63.70860003095099,1.1404501074986437,0.3630590646783115,0.047289671097770075,3.60507686025898e-05,37.21743437195455,72.83187613839412,nan,nan,nan
444.24,171.14419555664062,-185.20945739746094,-63.710269927978516,172.28487868020545,-185.2396566936456,-63.71029062119455,1.1410828130788178,0.3631129567522961,0.047304855048760065,3.532751690822787e-05,37.08819254963256,72.74821628997492,nan,0.00014376186555010298,nan
444.25,171.1393585205078,-185.21804809570312,-63.711883544921875,172.30562990087282,-185.2589106230987,-63.711830512614526,1.166987010045986,0.3630402920528955,0.04730148555816259,3.601136007802975e-05,36.86358797323566,72.72677020025306,7.08801772917518,nan,nan
444.26,171.13449096679688,-185.22662353515625,-63.713462829589844,172.30143427421257,-185.26770510849894,-63.71280338788889,1.1676663963880882,0.36309394574316917,0.04731669995841944,3.529040751462001e-05,36.7479556142345,74.00159844487197,nan,0.30771732335400376,nan
444.27,171.12957763671875,-185.23521423339844,-63.71501541137695,172.29719619641205,-185.27651207171178,-63.71440457438778,1.1683488286943364,0.36314768706067113,0.04733197726255578,3.5995546838495204e-05,36.62153268605172,72.44056406816838,nan,nan,nan
444.28000000000003,171.12461853027344,-185.24378967285156,-63.71653366088867,172.29291568860071,-185.28531697970033,-63.71586815095056,1.1690351621201052,0.3632015161485932,0.04734731664727078,3.52759400805938e-05,36.49718461049538,73.7040977918645,nan,0.00802455581256631,nan
444.29,171.11962890625,-185.25238037109375,-63.718021392822266,172.2885931719934,-185.29412389665936,-63.71740858082923,1.169709516097987,0.36325543315227743,0.04736271918213258,3.598123369481381e-05,36.370912144310445,72.3037851148483,nan,nan,nan
444.3,171.1145782470703,-185.26095581054688,-63.719482421875,172.27887037218437,-185.30465112276826,-63.71757596126964,1.1651133281809012,0.3631826862855192,0.04735936385501577,3.52417341900243e-05,35.741568967535066,73.49115628010507,1.6417519572880879,1.3899024476273372,nan
444.31,171.1094970703125,-185.26953125,-63.72091293334961,172.2744568544353,-185.31347031665558,-63.71904642586307,1.1657896139750954,0.363236364666951,0.04737479607487445,3.5946332754156346e-05,35.6098144025831,73.3509523625331,nan,nan,nan
444.32,171.10438537597656,-185.2781219482422,-63.722312927246094,172.27000265654078,-185.32229054325015,-63.72058239687236,1.1664551016949942,0.3632901307189142,0.04739029068147995,3.5230003643946676e-05,35.474912880481135,71.92615334134378,nan,0.006050796478848265,nan
444.33,171.09922790527344,-185.2866973876953,-63.723690032958984,172.2655083264516,-185.3311089630157,-63.72199906765983,1.1671269289197226,0.3633439845859512,0.0474058485873031,3.593480855506971e-05,35.344651568281314,72.98415881700942,nan,nan,nan
444.34000000000003,171.09402465820312,-185.29527282714844,-63.72503662109375,172.26097423005731,-185.33995012477885,-63.72485807566535,1.1678045196233415,0.36339792641252566,0.04742146920392418,3.52195613548817e-05,35.142062295120255,72.83589016119332,nan,1.504247906033613,nan
444.35,171.0887908935547,-185.30386352539062,-63.72635269165039,172.26953465364574,-185.3562129406692,-63.726274728720924,1.181903673888939,0.3633250977052872,0.04741812438672982,3.590260137751886e-05,34.67678262220868,72.39208710242826,2.9884320974412955,nan,nan
444.36,171.08351135253906,-185.31243896484375,-63.72764587402344,172.2649444429581,-185.3650722907735,-63.72910421387568,1.1826058265079795,0.3633788006724356,0.047433773982569566,3.518921060872932e-05,34.61402929749772,73.54459410947248,nan,1.5210743729680138,nan
444.37,171.07818603515625,-185.32101440429688,-63.72891616821289,172.26031628296855,-185.37390939891696,-63.730447563718485,1.1833140531662818,0.36343259135399003,0.047449487033042796,3.589361239216103e-05,34.49684931616008,73.31600489880066,nan,nan,nan
444.38,171.07284545898438,-185.32960510253906,-63.73015594482422,172.25565050020413,-185.38274210663644,-63.73146834719451,1.1839987454128844,0.3634864698940378,0.047465263081767066,3.518115010978753e-05,34.360024529404065,71.96810637702849,nan,0.06209649744139173,nan
444.39,171.06744384765625,-185.3381805419922,-63.73137664794922,172.25094726912675,-185.39157882362935,-63.732760350760465,1.1847082508987865,0.36354043643769757,0.0474811028438284,3.588581514415406e-05,34.243387725679064,72.99924328210568,nan,nan,nan
444.40000000000003,171.06202697753906,-185.3467559814453,-63.732566833496094,172.22698517692854,-185.39334587326354,-63.73347741932894,1.1658898119080376,0.3634675262158676,0.04747776333412405,3.515309113366256e-05,34.11779574741092,72.01613960704798,3.2174415961319687,0.20868285558625,nan
444.41,171.0565643310547,-185.35533142089844,-63.73373794555664,172.22217697605544,-185.402169265653,-63.734717266936755,1.166553719704866,0.36352125366402593,0.04749363128152951,3.58571623827359e-05,34.00003610378481,71.70003263263776,nan,nan,nan
444.42,171.0510711669922,-185.36392211914062,-63.73488235473633,172.21733043311517,-185.4110284507148,-63.7387939255825,1.1672167676479674,0.3635750688688538,0.04750956250196477,3.5147185411498696e-05,34.29046953570867,70.71521870611134,nan,5.722983456898219,nan
444.43,171.0455322265625,-185.37249755859375,-63.73600769042969,172.21245051116716,-185.4198508702316,-63.74001785499441,1.167885568233291,0.36362897197670624,0.04752555760080931,3.585155585303466e-05,34.18403625620323,71.76253901753881,nan,nan,nan
444.44,171.0399627685547,-185.38107299804688,-63.73710632324219,172.20753675049812,-185.4286583787933,-63.74001776172346,1.1685468960405736,0.3636829631297838,0.04754161628589912,3.5142291801302885e-05,33.857257953910995,71.50195857407884,nan,1.0124819257798912,nan
444.45,171.03436279296875,-185.3896484375,-63.73818588256836,172.18335265626658,-185.4241480729669,-63.7412765611413,1.1495118455686097,0.36360997172121995,0.047538278050104535,3.582500431347689e-05,34.8526561263146,70.10197337011428,9.89941631526722,nan,nan
444.46000000000004,171.02871704101562,-185.39822387695312,-63.73924255371094,172.17833716808698,-185.4329247736676,-63.741951369785255,1.1501469151742654,0.3636637235431466,0.047554364161700606,3.511723796233012e-05,34.67723071318709,69.87824997446248,nan,0.1583805703043828,nan
444.47,171.02305603027344,-185.40679931640625,-63.74028015136719,172.1732872816364,-185.4417062564327,-63.743076486416065,1.150764200678706,0.3637175631672903,0.04757051432094384,3.5821369286756734e-05,34.56815717710369,69.70544826121566,nan,nan,nan
444.48,171.01739501953125,-185.41537475585938,-63.741294860839844,172.1682284454153,-185.4504757538479,-63.743130778369675,1.1513700642213205,0.36377149073404436,0.04758672832576593,3.5114193037930424e-05,34.327325409532044,69.41599081139637,nan,0.775090202902469,nan
444.49,171.0117950439453,-185.4239501953125,-63.74229049682617,172.16320617042757,-185.45925597797932,-63.74420636039001,1.1519538840639658,0.363825506392557,0.04760300664671893,3.581865929811579e-05,34.21433282662756,69.23198033239551,nan,nan,nan
444.5,171.00628662109375,-185.43252563476562,-63.74326705932617,172.1387218550857,-185.45980267848657,-63.743520180076814,1.1327637266308679,0.363752434120603,0.04759966471600015,3.509090568074606e-05,34.19925349017911,68.03183749264697,4.992014707899938,1.747485071078572,nan
444.51,171.00088500976562,-185.44110107421875,-63.74422073364258,172.1338331130293,-185.46856549160768,-63.744539172651784,1.1332809891261302,0.3638062102140683,0.047615969638645395,3.579484347342555e-05,34.0795906365933,68.02198076509153,nan,nan,nan
444.52,170.99557495117188,-185.44967651367188,-63.74515914916992,172.12903935987856,-185.47735428871778,-63.74831394515381,1.1338066756612388,0.3638600741469454,0.047632338655587136,3.5089515413589814e-05,34.24068928889556,68.01607726842516,nan,5.40588494009447,nan
444.53000000000003,170.9903564453125,-185.458251953125,-63.74607849121094,172.12435204617506,-185.48611680478854,-63.749324298112285,1.1343425443825665,0.36391402607054707,0.04764877216453469,3.579381175973551e-05,34.13271942504324,67.8556648497042,nan,nan,nan
444.54,170.98526000976562,-185.46682739257812,-63.746978759765625,172.11977002657298,-185.49486403798258,-63.74859244620845,1.1348575398285434,0.3639680661219313,0.04766527007260644,3.508890111551453e-05,33.793127838817554,67.61042070143233,nan,2.089826593827214,nan
444.55,170.98025512695312,-185.47540283203125,-63.747859954833984,172.15125087193104,-185.5148176088964,-63.74964655851524,1.1716602542309043,0.36389491331917456,0.047661920148866145,3.577159445593611e-05,34.1995633647242,69.26715529667455,10.73496951758733,nan,nan
444.56,170.975341796875,-185.48397827148438,-63.74872589111328,172.14692807904214,-185.52358819712475,-63.74977425838203,1.1722561417392487,0.36394871357161396,0.04767844385083137,3.506789671720408e-05,34.02476146822072,69.01207038287046,nan,0.46847155281129416,nan
444.57,170.9705352783203,-185.4925537109375,-63.74957275390625,172.14270204918603,-185.53236559119466,-63.75069355926425,1.17284320381542,0.36400260171336424,0.04769503222297354,3.5772055864939427e-05,33.91151733229309,68.96340637464759,nan,nan,nan
444.58,170.9658203125,-185.50112915039062,-63.75040054321289,172.13857049425718,-185.5411514641462,-63.75268262648392,1.1734351206240188,0.36405657787915197,0.04771168523033127,3.506867957046742e-05,33.90860698481509,69.03200250017652,nan,0.8290557753192732,nan
444.59000000000003,170.96121215820312,-185.50970458984375,-63.751216888427734,172.1345360120688,-185.54992935351294,-63.75358101507092,1.1740155394019323,0.364110642223901,0.04772840318383375,3.577321706526436e-05,33.79962545704143,68.81152627116201,nan,nan,nan
444.6,170.95668029785156,-185.51828002929688,-63.75201416015625,172.12369463819763,-185.5581091301942,-63.75461868390366,1.167696712077077,0.3640374092086862,0.04772504045011914,3.504900092825554e-05,33.46733865830804,68.55233562220765,0.7145523846517204,0.03379210816085862,nan
444.61,170.95223999023438,-185.52685546875,-63.7527961730957,172.11983295477017,-185.5668908741255,-63.755487378460714,1.1682822463357878,0.3640912335225862,0.0477417833408449,3.575304830634037e-05,33.36137328751011,68.44329785633279,nan,nan,nan
444.62,170.94789123535156,-185.53543090820312,-63.753562927246094,172.11606220725727,-185.5756681334423,-63.75561005138128,1.1688655374401722,0.3641451457563233,0.04775859109401901,3.505101886119922e-05,33.16361111996703,68.23867062592831,nan,0.37634493527335283,nan
444.63,170.94363403320312,-185.54400634765625,-63.754310607910156,172.11237733736894,-185.58445043740642,-63.756442124439474,1.1694448164795386,0.36419914606718307,0.04777546397557654,3.575545908280677e-05,33.05652117470301,68.26840594402938,nan,nan,nan
444.64,170.93946838378906,-185.55258178710938,-63.75504684448242,172.10877811573633,-185.59323296229056,-63.7572212443172,1.1700181602371986,0.3642532345862378,0.04779240201811313,3.505361565014876e-05,32.94971852149454,68.11226119649237,nan,0.0010684452765508748,nan
444.65000000000003,170.93536376953125,-185.5611572265625,-63.755767822265625,172.1118668406848,-185.60413336142062,-63.75795188932961,1.1772897666887334,0.3641799216973068,0.04778902200273669,3.573647221128519e-05,32.98298128691742,68.40542008668072,0.5954668784697357,nan,nan
444.66,170.9313507080078,-185.56973266601562,-63.75647735595703,172.10844152541623,-185.61292749578527,-63.760030709387436,1.1778884548490298,0.36423376995351975,0.047805984129458454,3.5035620698016035e-05,33.096855915576235,68.47673198062209,nan,1.1722919963857976,nan
444.67,170.92742919921875,-185.57830810546875,-63.75716781616211,172.10509993533788,-185.62171499331947,-63.76081931879348,1.17847607277183,0.3642877061845389,0.04782301156752971,3.573997974346349e-05,32.996167157591934,68.54454943984123,nan,nan,nan
444.68,170.92356872558594,-185.58689880371094,-63.75784683227539,172.07183575532852,-185.63464779599616,-63.76166071992196,1.1492657149663394,0.35883810617503314,0.047735078289953166,3.5038333326808354e-05,42.922435698249956,77.11469544430044,nan,0.004290787765214597,0.16354594240370013
444.69,170.9197998046875,-185.59547424316406,-63.758514404296875,172.0686403705276,-185.64346087028443,-63.762424221486526,1.1498489678095216,0.358888381874734,0.04775099250218617,3.57430720868036e-05,42.78046998739941,78.3057427455069,nan,nan,nan
444.7,170.9160919189453,-185.6040496826172,-63.7591667175293,172.062026537013,-185.6490571280934,-63.763590093427325,1.1468266587800267,0.35882151066053036,0.04774750351252722,3.502133316743426e-05,43.24457879928671,78.24158118937048,0.9026302732905852,0.15236517643397535,nan
444.71000000000004,170.9124755859375,-185.61264038085938,-63.759803771972656,172.05897768192776,-185.65786093106004,-63.76433246022008,1.1474024853065932,0.3588715678934381,0.04776343934793288,3.572560175100827e-05,43.10963526226249,77.01981777365732,nan,nan,nan
444.72,170.90892028808594,-185.6212158203125,-63.760433197021484,172.05600420143978,-185.66666524330589,-63.76502618574727,1.1479931401672332,0.3589217059521192,0.047779433311769155,3.502587479979268e-05,42.98539753651837,78.11357144111115,nan,0.0009531475401169005,nan
444.73,170.90542602539062,-185.6298065185547,-63.76104736328125,172.05309985773562,-185.67547080706174,-63.765744838235,1.1485915370423194,0.3589719366961294,0.04779548600356087,3.573055347320983e-05,42.85267893647975,76.84084496780162,nan,nan,nan
444.74,170.90200805664062,-185.6383819580078,-63.76164627075195,172.050372210316,-185.684256555003,-63.76476889660252,1.1492843246508806,0.35902224872684435,0.047811597130952906,3.5030834499113707e-05,42.36196823223532,77.80169930166113,nan,1.9971930629499979,nan
444.75,170.89866638183594,-185.64697265625,-63.762237548828125,172.03094256662112,-185.6937696808828,-63.765478602042144,1.1332474683722489,0.35895531306666634,0.04780810659282979,3.571392736410306e-05,40.80533460138996,75.77987328498943,8.75558551500448,nan,nan
444.76,170.8953857421875,-185.6555633544922,-63.762813568115234,172.02813067349163,-185.7026123735286,-63.767438682387706,1.1337310445028506,0.3590054066052299,0.04782423885502388,3.501503184055239e-05,40.97309340532955,76.10175260789731,nan,1.176211978878395,nan
444.77,170.89218139648438,-185.6641387939453,-63.76338195800781,172.02546533753147,-185.71144092252936,-63.76810974396052,1.1342805360067836,0.35905559238160384,0.04784043007490947,3.5719654780594194e-05,40.835121765727024,77.29732450428277,nan,nan,nan
444.78000000000003,170.88902282714844,-185.6727294921875,-63.76393508911133,172.02286690008424,-185.72026993871089,-63.76873284342784,1.1348504281330518,0.35910585971154346,0.04785668003126924,3.502071365796553e-05,40.71884356531872,76.00320229504909,nan,0.0009991586308457298,nan
444.79,170.8859405517578,-185.6813201904297,-63.76448059082031,172.02032944725153,-185.72910031226903,-63.769383170590025,1.1354052763444555,0.3591562193979717,0.0478729892184284,3.572574673844075e-05,40.58575323427957,75.91575940555516,nan,nan,nan
444.8,170.88290405273438,-185.68991088867188,-63.7650146484375,171.99494566293535,-185.7316506372105,-63.77175687083018,1.1128450956845872,0.3590892081423799,0.04786949311523067,3.500558658909431e-05,40.63899264020702,75.47326315933535,4.749845423355855,2.1850175945889507,nan
444.81,170.87982177734375,-185.69850158691406,-63.76564025878906,171.9924294521912,-185.74047765072237,-63.77245648625386,1.113420086498868,0.35913934893748306,0.047885822888698415,3.571015471496669e-05,40.497337154732485,75.5779088178339,nan,nan,nan
444.82,170.8766632080078,-185.70709228515625,-63.766357421875,171.98972616072214,-185.74932667370237,-63.775323032639704,1.1139000235467236,0.3591895715465968,0.04790221169133184,3.50118851106001e-05,41.34921251693923,76.47651664345679,nan,3.033745770184979,nan
444.83,170.87344360351562,-185.71568298339844,-63.76716613769531,171.9870823906825,-185.75815565465965,-63.77622926472602,1.1144852696909686,0.35923988607147045,0.047918659957038146,3.5716866963526145e-05,41.210226056375724,76.41101756696442,nan,nan,nan
444.84000000000003,170.8701629638672,-185.72427368164062,-63.76806640625,171.98436288343999,-185.76698755111784,-63.777451769250334,1.1150578552076986,0.3592902828658491,0.04793516755402308,3.5018474301700646e-05,41.28314071606333,76.51704190441095,nan,0.03564898624129781,nan
444.85,170.8668212890625,-185.73287963867188,-63.7690544128418,172.00336611011832,-185.7818845286035,-63.778597488779646,1.1376408395466369,0.35922320635486943,0.047931662552107464,3.57018533922904e-05,41.70943536308658,76.26729631429204,4.406536186581341,nan,nan
444.86,170.86343383789062,-185.74147033691406,-63.77012634277344,172.0006892632425,-185.79070280037968,-63.77777093333395,1.1383462468493437,0.3592733842194577,0.04794819019594318,3.500416165924095e-05,40.6854146362012,76.79208265067423,nan,2.843534851606437,nan
444.87,170.85997009277344,-185.75006103515625,-63.77128982543945,171.99783736121464,-185.79954021185813,-63.77901949620605,1.1389687692501007,0.35932365356641166,0.04796477753514753,3.570908901416908e-05,40.547977258259984,76.53574867141995,nan,nan,nan
444.88,170.8564453125,-185.7586669921875,-63.77253723144531,171.99498052734586,-185.8083699458376,-63.77938215013394,1.1396401502042235,0.35937400543088255,0.047981424488756974,3.501123653584482e-05,40.07538690580389,74.8782668118289,nan,0.6682136265661476,nan
444.89,170.8528594970703,-185.7672576904297,-63.773868560791016,171.99201008266573,-185.81720867931173,-63.780794565307026,1.1402662528950116,0.35942444890439584,0.04799813141545348,3.5716572433054396e-05,39.94006580591574,76.12173110565163,nan,nan,nan
444.90000000000003,170.84922790527344,-185.77584838867188,-63.77528381347656,171.99142050652685,-185.82838956838404,-63.78098689435273,1.1434146400388023,0.3593572977035279,0.04799461356711873,3.49973752406575e-05,39.17121657732327,75.90365885833008,0.42186923911550916,1.252640735867862,nan
444.91,170.8455352783203,-185.78445434570312,-63.77678298950195,171.98833656346608,-185.8372371542126,-63.782556182757105,1.144034148076587,0.35940752185456354,0.04801133995234809,3.570224272427813e-05,39.03825805120369,74.46555840588225,nan,nan,nan
444.92,170.84178161621094,-185.7930450439453,-63.77836608886719,171.9851564093714,-185.846091007581,-63.78493372456253,1.144623486449319,0.3594578287602346,0.0480281262278005,3.500485404208509e-05,39.19741695768014,75.94615534280348,nan,0.37088512348859315,nan
444.93,170.8379669189453,-185.80165100097656,-63.780025482177734,171.9819592169614,-185.85493965318042,-63.786675998311964,1.1452520629707172,0.359508226855403,0.04804497270990371,3.571013094597976e-05,39.06797489939449,74.6379848613177,nan,nan,nan
444.94,170.8341064453125,-185.8102569580078,-63.781768798828125,171.97884308786132,-185.86376963467154,-63.78592608162382,1.1459942715205464,0.35955870814942603,0.048061879380292744,3.5012525401476154e-05,38.18687891730666,73.72476891860713,nan,4.673208270208603,nan
444.95,170.83018493652344,-185.81884765625,-63.78358840942383,171.9567828511443,-185.8663061627259,-63.78764301959752,1.127604368086912,0.35949149089450005,0.04805834514795696,3.5696176333871046e-05,37.91301002726588,74.1184538630117,4.175189262067241,nan,nan
444.96000000000004,170.8262176513672,-185.82745361328125,-63.785484313964844,171.95344416860243,-185.87513899791134,-63.78854714251336,1.1282388479326233,0.35954175280956546,0.048075270688686236,3.499918514136936e-05,37.58486312458305,72.60292850025083,nan,0.7797048696038378,nan
444.97,170.8221893310547,-185.83604431152344,-63.787437438964844,171.9499971224778,-185.88397928873826,-63.79055779891583,1.1288303296251,0.3595921055057213,0.04809225666884641,3.570439522259919e-05,37.451991837528034,73.63767414962551,nan,nan,nan
444.98,170.818115234375,-185.8446502685547,-63.78939437866211,171.94654342199306,-185.89281376479428,-63.791689704225206,1.1294579078037537,0.35964254161987735,0.04810930310475173,3.500716217490111e-05,37.195225985923244,72.18751310146206,nan,0.5833743945623214,nan
444.99,170.81398010253906,-185.85324096679688,-63.79133605957031,171.94299112578673,-185.90165414078453,-63.793717912603384,1.1300510604632794,0.3596930686547962,0.04812641026146265,3.5712773412304455e-05,37.067281141371176,73.31199026851458,nan,nan,nan
445.0,170.80979919433594,-185.86184692382812,-63.79324722290039,171.9150208328882,-185.90310859858496,-63.79697492939244,1.1059978715727952,0.35962577752241676,0.048122855731161464,3.4994104372811315e-05,36.872931900328126,71.24704799215428,5.078915723745623,1.1004297839005674,nan
445.01,170.80557250976562,-185.87045288085938,-63.795127868652344,171.91132462611031,-185.91194013283308,-63.79896584945474,1.1065367888026718,0.35967608479731983,0.048139981130250795,3.56992386957703e-05,36.75480811494179,71.10166916610528,nan,nan,nan
445.02,170.80128479003906,-185.87904357910156,-63.796974182128906,171.9075414271883,-185.92077592186234,-63.80167130837086,1.1070534759730397,0.3597264756956254,0.04815716724600902,3.500232543061071e-05,36.837216746448526,72.42097053965611,nan,0.3938749833913507,nan
445.03000000000003,170.7969512939453,-185.8876495361328,-63.79878616333008,171.90374478061042,-185.92960762907362,-63.80360342772529,1.1075989841652063,0.3597769571247305,0.04817441431550756,3.5707860320754085e-05,36.72444191836516,71.01619131283688,nan,nan,nan
445.04,170.79257202148438,-185.89625549316406,-63.80056381225586,171.89987722346746,-185.93844189856213,-63.80595056242148,1.1081216179718494,0.35982752260636525,0.048191722396574,3.501066591915032e-05,36.77118682338315,71.04376937585333,nan,0.1425485198359513,nan
445.05,170.78814697265625,-185.90484619140625,-63.802303314208984,171.88731025595308,-185.95209271849362,-63.80770197749537,1.1001914848038812,0.35976016466083033,0.04818814387679848,3.5694550171703965e-05,35.18680059637738,72.2160846061807,8.844188902129858,nan,nan
445.06,170.78366088867188,-185.9134521484375,-63.80400848388672,171.88338900273817,-185.96094774203522,-63.80861939210467,1.1007629248632984,0.35981051030503575,0.04820546956557524,3.4997911756263497e-05,34.84653490349398,70.40812478340958,nan,0.5903265645877783,nan
445.07,170.77914428710938,-185.9220428466797,-63.80568313598633,171.87937734134445,-185.96980721511457,-63.81040882773596,1.1012795016188852,0.3598609461034867,0.04822285643954558,3.570336018038792e-05,34.72986779574882,71.65736298365269,nan,nan,nan
445.08,170.77456665039062,-185.93064880371094,-63.80732345581055,171.87535772865746,-185.97866277000958,-63.81130693127547,1.1018449106060133,0.3599114661386219,0.0482403045787048,3.500642549847793e-05,34.427207423727715,69.91609802894111,nan,0.5202968602639021,nan
445.09000000000003,170.76995849609375,-185.93923950195312,-63.808929443359375,171.87125205220133,-185.98752225564664,-63.8130230209691,1.1023590514918222,0.35996207648375667,0.048257814187254895,3.571226473591531e-05,34.30932855376496,71.31029761993842,nan,nan,nan
445.1,170.76528930664062,-185.94784545898438,-63.81050109863281,171.86329250021063,-185.99928193929867,-63.81343243535956,1.0992112250755381,0.3598946453660863,0.048254207772142746,3.499383109228617e-05,33.24003143010292,69.55054554801409,2.6336387143267705,0.9954703310781163,nan
445.11,170.7605743408203,-185.95645141601562,-63.81204605102539,171.8590853760479,-186.00815651347114,-63.815073104642856,1.0997313647765272,0.35994503550753615,0.048271734321156765,3.569918253980016e-05,33.121955667066274,69.26962091131193,nan,nan,nan
445.12,170.75582885742188,-185.9650421142578,-63.81355667114258,171.8547364990921,-186.01703945512872,-63.818901085053646,1.10015012209194,0.359995510054614,0.04828932238311627,3.5002473042582584e-05,33.54900009730584,71.23287211506975,nan,3.4714921354211485,nan
445.13,170.7510223388672,-185.97364807128906,-63.815040588378906,171.85044014989333,-186.02591352839104,-63.82050418230438,1.1006729996080478,0.3600460745560647,0.048306972145118095,3.570821414122809e-05,33.44092500217397,69.4786277353035,nan,nan,nan
445.14,170.74618530273438,-185.98223876953125,-63.816490173339844,171.84613726818066,-186.03478426409907,-63.82120168415307,1.101216397272877,0.3600967238750938,0.04832468371256623,3.501118199041902e-05,33.107957595767196,70.71916375640788,nan,0.5423939831242186,nan
445.15000000000003,170.74130249023438,-185.9908447265625,-63.81791687011719,171.8308982681534,-186.03955468068852,-63.82272588121953,1.09069461604873,0.36002922524365405,0.04832104559757633,3.569524941817375e-05,33.044171509254234,68.6095484503206,1.034495172587999,nan,nan
445.16,170.7363739013672,-185.9994354248047,-63.81930923461914,171.82645958154512,-186.0484201729121,-63.82409677572967,1.0911962317686146,0.3600796542593944,0.048338773426505235,3.4998736380348496e-05,32.921543372392826,69.93125110114902,nan,0.01353669610981177,nan
445.17,170.7313995361328,-186.00804138183594,-63.8206787109375,171.82197275001107,-186.05728585065512,-63.82557757677693,1.0916954481102086,0.3601301728882887,0.048356563184056005,3.570436853646808e-05,32.81256573638723,68.26303164375338,nan,nan,nan
445.18,170.7263946533203,-186.01663208007812,-63.822017669677734,171.81748211760248,-186.06614855794413,-63.82609565766853,1.0922180946495985,0.3601807764810573,0.04837441498841305,3.500752513909575e-05,32.486380935773184,69.43950493831264,nan,0.6186273104465378,nan
445.19,170.72134399414062,-186.02523803710938,-63.82332992553711,171.81291214667868,-186.0750138376044,-63.827514678315204,1.0927104713079694,0.3602314698603009,0.04839232900769822,3.5713536819746046e-05,32.376090058037285,67.92327039787091,nan,nan,nan
445.2,170.71624755859375,-186.03382873535156,-63.82461929321289,171.8103155529801,-186.0761361621958,-63.8285076609744,1.0948926039162787,0.3601638986491326,0.048388655277665234,3.499515401127209e-05,33.72926949607929,68.72190037968701,8.21738383212183,0.1344773598279377,nan
445.21000000000004,170.7111053466797,-186.04241943359375,-63.82587814331055,171.8056745223999,-186.08496756106038,-63.82987271551031,1.095403113102567,0.3602143713751612,0.04840658485243271,3.570066651319099e-05,33.61819947456906,68.66323039118846,nan,nan,nan
445.22,170.7059326171875,-186.051025390625,-63.82711410522461,171.80100496990735,-186.09379778098383,-63.83092117980376,1.0959139696551252,0.3602649291957909,0.04842457671007344,3.500399083890297e-05,33.46190395185087,67.13572359252497,nan,0.060284836463588155,nan
445.23,170.7007293701172,-186.0596160888672,-63.82832717895508,171.7962848165058,-186.1026280734621,-63.83223510707803,1.096406420463113,0.36031557648337964,0.048442631009617675,3.570988173862725e-05,33.349432175043304,68.31460932805649,nan,nan,nan
445.24,170.6954803466797,-186.06820678710938,-63.82951354980469,171.791481938305,-186.11146029448045,-63.83469031084981,1.096866971697129,0.36036630925965996,0.048460747882784753,3.501285886324489e-05,33.56210334917766,68.50179230194887,nan,0.9569230458826883,nan
445.25,170.690185546875,-186.07681274414062,-63.8306770324707,171.77774711214363,-186.11812191480388,-63.835919601154686,1.088358438363411,0.3602986699031293,0.04845703465315011,3.569705647433591e-05,33.29290775138668,66.66210791767271,0.8568898018699789,nan,nan
445.26,170.6848602294922,-186.0854034423828,-63.831817626953125,171.77289899008474,-186.12695012520484,-63.83709875188543,1.0888445075794086,0.36034918190445564,0.04847516636056082,3.500053166005271e-05,33.19561563391243,67.90405875215914,nan,0.004162386890239496,nan
445.27,170.6794891357422,-186.093994140625,-63.83293533325195,171.76801043836574,-186.13577801075272,-63.83833207525192,1.0893363313928022,0.36039978306763415,0.0484933607342921,3.570629135615468e-05,33.091318330628944,67.65277097488041,nan,nan,nan
445.28000000000003,170.67408752441406,-186.1025848388672,-63.83403396606445,171.76311445549894,-186.1446039722695,-63.83871034510415,1.089847297891288,0.36045046982764667,0.048511617912077656,3.500941701937847e-05,32.77731551003194,67.22689804414804,nan,0.49036208519651864,nan
445.29,170.6686553955078,-186.11119079589844,-63.835105895996094,171.75815200658693,-186.15343053745914,-63.839892673546366,1.090325627764157,0.3605012459406192,0.04852993804400189,3.57155453496181e-05,32.67401390913542,65.95763877978199,nan,nan,nan
445.3,170.6632080078125,-186.11978149414062,-63.836158752441406,171.75327175005657,-186.16790382029134,-63.84103015294034,1.0911363118199864,0.36043353448460524,0.04852618137983264,3.4997108433319456e-05,31.71952423089365,67.16356744039153,3.7753392090140774,0.0033312421167565193,nan
445.31,170.65782165527344,-186.1283721923828,-63.837188720703125,171.74831069660308,-186.1767520734371,-63.842170475838174,1.0915730759024354,0.3604840894892539,0.048544515601946704,3.570272689702868e-05,31.612170982237913,67.11930789480355,nan,nan,nan
445.32,170.65252685546875,-186.136962890625,-63.838199615478516,171.74344347504896,-186.18559903733535,-63.84246723346684,1.0920085888885875,0.3605347301837879,0.048562912853729635,3.5005989709797536e-05,31.311874938742193,66.8170521704737,nan,0.47895511926051043,nan
445.33,170.64730834960938,-186.1455535888672,-63.83919143676758,171.73863394851682,-186.19444610857886,-63.84356024737202,1.0924290035606656,0.36058545994735347,0.04858137328180914,3.571197609910581e-05,31.201842254849375,66.46422647011703,nan,nan,nan
445.34000000000003,170.64218139648438,-186.15414428710938,-63.84016036987305,171.73386905218052,-186.20329373351007,-63.846144573827345,1.0928098720170005,0.36063627577741997,0.04859989702908942,3.5014879331472586e-05,31.566647959735256,66.82205457999856,nan,1.6088849917851038,nan
445.35,170.6371612548828,-186.16273498535156,-63.84111404418945,171.75454138132048,-186.21545371311382,-63.84714070744798,1.1186393216246056,0.36056849561733023,0.04859609299215221,3.5699157052472405e-05,32.57183362608127,67.47705425142367,8.240102161406524,nan,nan
445.36,170.63223266601562,-186.17132568359375,-63.842044830322266,171.7501242911728,-186.2242915324161,-63.846442976879075,1.119154328245728,0.3606190901962232,0.048614630068088555,3.500254846497782e-05,31.98489284590012,66.90545672016523,nan,2.1591582514375487,nan
445.37,170.62741088867188,-186.17991638183594,-63.842960357666016,171.7457490141962,-186.2331298167286,-63.84745878614993,1.1196124635395839,0.3606697735738989,0.04863323053953275,3.5708383516759214e-05,31.87675483431555,66.74823844075907,nan,nan,nan
445.38,170.6226806640625,-186.18850708007812,-63.84385681152344,171.74150894098392,-186.24196794989854,-63.8472025210051,1.1201098033732424,0.36072054308967466,0.04865189455078142,3.501141675660424e-05,31.508367312839606,66.36764762364727,nan,1.1108862227182996,nan
445.39,170.6180419921875,-186.1970977783203,-63.84473419189453,171.73732478851446,-186.25080636758025,-63.84817126511767,1.1205759252215468,0.36077140161240795,0.04867062224638077,3.5717610771812294e-05,31.398697785040724,66.25382536639046,nan,nan,nan
445.40000000000003,170.61351013183594,-186.2056884765625,-63.8455924987793,171.7380365761123,-186.26706126927573,-63.84926253055171,1.126205937071674,0.3607035497265471,0.048666766877212074,3.499907098787059e-05,30.50763322801715,66.78305933214634,3.689842011680324,0.020762117672069768,nan
445.41,170.6090545654297,-186.2142791748047,-63.846435546875,171.73404045167072,-186.2759253374608,-63.85019918592556,1.126679927304402,0.3607541866805605,0.04868550712020715,3.570474586292338e-05,30.39983569759084,66.52209224935447,nan,nan,nan
445.42,170.6046905517578,-186.22286987304688,-63.84726333618164,171.73008875844127,-186.28478920846084,-63.85266557147369,1.1271132648720792,0.36080490983024416,0.04870431111918151,3.500790426429661e-05,30.717402000011756,66.81954918274643,nan,1.686302596002919,nan
445.43,170.60040283203125,-186.23146057128906,-63.84807205200195,171.72626996407476,-186.2936539713051,-63.853586124302794,1.1275971013685573,0.3608557217363702,0.04872317901894066,3.571393802274312e-05,30.616854297544027,66.72831253291311,nan,nan,nan
445.44,170.59620666503906,-186.24005126953125,-63.8488655090332,171.72256096109845,-186.30251937390418,-63.85365487260251,1.1280953870656456,0.3609066201984497,0.04874211096342142,3.5016732767522934e-05,30.30244202718817,66.39764091311326,nan,0.49375414957809965,nan
445.45,170.59210205078125,-186.24864196777344,-63.84964370727539,171.67540968493705,-186.2986974260145,-63.85443406225404,1.0844740322482531,0.36083869912152855,0.048738200290931524,3.5701046867724466e-05,29.567100404631653,64.6931850149027,16.627478359000882,nan,nan
445.46000000000004,170.58807373046875,-186.25723266601562,-63.850406646728516,171.67180119639121,-186.3075490127757,-63.854172803964886,1.0849014421072247,0.3608893758526112,0.04875714398284578,3.5004327383392936e-05,29.211849246046935,64.25003185856887,nan,0.8955888382090801,nan
445.47,170.58413696289062,-186.2658233642578,-63.85115432739258,171.66824270137528,-186.31640013072496,-63.85501232193131,1.085291732965605,0.36094014110207967,0.04877615178873383,3.571019284318233e-05,29.105588130718314,64.30826380003796,nan,nan,nan
445.48,170.58026123046875,-186.27442932128906,-63.85188674926758,171.6647403519078,-186.3252511544433,-63.856707955441266,1.0856800023908193,0.3609909929454667,0.048795223851007416,3.5013113537033635e-05,29.23862113210047,62.98212221007521,nan,0.5342217339035421,nan
445.49,170.57647705078125,-186.28302001953125,-63.852603912353516,171.6613390003409,-186.33410366526422,-63.85752842234204,1.0860751535977322,0.36104193353111846,0.048814360316736374,3.5719329935721926e-05,29.136852280901408,64.39318454048501,nan,nan,nan
445.5,170.57275390625,-186.29161071777344,-63.853309631347656,171.64412045603953,-186.3379888482516,-63.85828453719896,1.072381445514049,0.36097394100458846,0.0488103903567111,3.5000676066615746e-05,29.044174256481046,63.64053468494866,1.6404944642258235,0.001934936974504654,nan
445.51,170.56912231445312,-186.30020141601562,-63.854000091552734,171.64084728639722,-186.34683443205378,-63.85907799655673,1.0727510609608417,0.36102465955613555,0.048829537752392446,3.5706365806034396e-05,28.942919592130288,63.796395335892846,nan,nan,nan
445.52,170.5655517578125,-186.30880737304688,-63.85467529296875,171.6376476582844,-186.35568056878762,-63.85984495450669,1.0731325368695321,0.36107546472696517,0.04884874961200293,3.500941174020477e-05,28.871325454726232,62.32889199445501,nan,0.00013384345478852216,nan
445.53000000000003,170.56204223632812,-186.31739807128906,-63.8553352355957,171.63451949362351,-186.36452730965837,-63.860613032745306,1.0735252617744329,0.3611263584197044,0.04886802608508663,3.571545305134676e-05,28.773752678922303,63.51826503335592,nan,nan,nan
445.54,170.55862426757812,-186.32598876953125,-63.85598373413086,171.6314731954071,-186.37337541651976,-63.86088786946407,1.0739061256925366,0.3611773390773044,0.048887367310385045,3.5018136542665306e-05,28.565668989170476,63.540393046581386,nan,0.16319799827168172,nan
445.55,170.55526733398438,-186.3345947265625,-63.85662078857422,171.6022866025297,-186.3697641871721,-63.86165947961667,1.047621891749191,0.36110927693982864,0.04888333407523156,3.570245130958029e-05,28.879067163122468,61.10494204567995,7.241686101306628,nan,nan
445.56,170.55197143554688,-186.3431854248047,-63.85724639892578,171.59936198305203,-186.37858830755206,-63.86077166359614,1.0479946329065708,0.3611600353836969,0.04890268539387207,3.500562278650834e-05,28.409284434641968,61.868056854776825,nan,1.8428028313499096,nan
445.57,170.54873657226562,-186.35179138183594,-63.85785675048828,171.5964660436109,-186.3874104022523,-63.861471880543014,1.048340988851509,0.36121088214006924,0.048922101532540195,3.571148242444755e-05,28.309562716054188,60.51239389318222,nan,nan,nan
445.58,170.5455780029297,-186.36038208007812,-63.858455657958984,171.59363965632417,-186.39623358935006,-63.86194879936993,1.0486804861682,0.3612618158693232,0.048941582626845115,3.501429673073682e-05,28.178817559389586,61.86616074523365,nan,0.03170051588647921,nan
445.59000000000003,170.54248046875,-186.36898803710938,-63.85904312133789,171.59087214974755,-186.40505711816607,-63.8626246038084,1.0490180753494376,0.3613128381489125,0.04896112883100227,3.572050107110573e-05,28.078954051974975,60.4605459252972,nan,nan,nan
445.6,170.53944396972656,-186.37759399414062,-63.859615325927734,171.56382764969032,-186.40459720202054,-63.86264149447913,1.0247439947167325,0.36124470475146064,0.04895702831502401,3.500174509298234e-05,27.90583051500786,59.62431447569329,5.381796738566356,0.2332164082703905,nan
445.61,170.53646850585938,-186.3861846923828,-63.86017990112305,171.56114400347727,-186.41340531164792,-63.86328886730251,1.025041708030632,0.3612955045268752,0.04897658375992725,3.570741708576325e-05,27.80274156546501,60.74616802556293,nan,nan,nan
445.62,170.53353881835938,-186.39479064941406,-63.86073303222656,171.55853625434554,-186.42221579561695,-63.86316299821316,1.0253671474926231,0.36134639127220447,0.04899620436000835,3.501036383294188e-05,27.59199820839053,59.09695871554392,nan,0.4105474191921104,nan
445.63,170.5306854248047,-186.4033966064453,-63.86127471923828,171.5559714101429,-186.4310254358228,-63.863781898171716,1.0256612451925338,0.36139736637382125,0.049015890273039965,3.5716381871038434e-05,27.48998101526533,59.30680170007324,nan,nan,nan
445.64,170.5278778076172,-186.41200256347656,-63.8618049621582,171.55346470007157,-186.439835907705,-63.864365543775726,1.025967702027408,0.3614484287781133,0.04903564162932741,3.5018970411934846e-05,27.39288011284412,59.10616966499038,nan,0.0004483040255622903,nan
445.65000000000003,170.52513122558594,-186.4206085205078,-63.86232376098633,171.57456686344835,-186.47579299325355,-63.86505692784858,1.0508891255736819,0.3613802254101369,0.04903146984126656,3.5703258581860595e-05,24.825603311925917,60.6866620042142,38.171953729848,nan,nan
445.66,170.52232360839844,-186.42921447753906,-63.862937927246094,171.5721473640795,-186.48469114175725,-63.86509782443159,1.0512907511345029,0.36143106511553263,0.04905122956674518,3.500633983446089e-05,24.64552616047733,60.60018954582775,nan,0.256038086556737,nan
445.67,170.51943969726562,-186.4378204345703,-63.863643646240234,171.56964887733426,-186.49358856435933,-63.865828777781225,1.0516911053158382,0.3614819929924838,0.04907105480466031,3.571216638904735e-05,24.542723785061206,60.4226837090022,nan,nan,nan
445.68,170.51649475097656,-186.44642639160156,-63.86444091796875,171.56706806423185,-186.50248451154982,-63.867492508886535,1.0520722938769227,0.36153300815423745,0.04909094568154479,3.50148954221054e-05,24.571815933457792,60.55159999498885,nan,0.49805346207180534,nan
445.69,170.5134735107422,-186.45504760742188,-63.865325927734375,171.56443701594745,-186.511383383466,-63.8684157287245,1.0524768671120428,0.361584111737395,0.0491109023608161,3.57210621791263e-05,24.47294592933896,59.065026892708794,nan,nan,nan
445.7,170.51040649414062,-186.46365356445312,-63.866302490234375,171.56562649359097,-186.51913849016492,-63.870205130908815,1.0566849364051052,0.3604377223500001,0.04849111134253039,3.500091928560155e-05,34.2822910069728,70.47055959379702,0.8738311197508268,0.5881269942725073,0.005677707886396714
445.71000000000004,170.50726318359375,-186.47225952148438,-63.86736297607422,171.56287007557583,-186.52803565070113,-63.871314702725094,1.057086800189083,0.3604870916921839,0.04850803808283495,3.5706520192211694e-05,34.13855930919713,70.31664639853997,nan,nan,nan
445.72,170.50405883789062,-186.4808807373047,-63.86851501464844,171.56010462504688,-186.53690904516853,-63.87143799267109,1.0575350678124442,0.3605365440164453,0.048525022472889104,3.50094669257067e-05,33.802519246708215,68.57929835179466,nan,0.8149995621437226,nan
445.73,170.50079345703125,-186.48948669433594,-63.8697509765625,171.55722200734513,-186.54580701369295,-63.872712628398084,1.0579329050900919,0.36058608674522635,0.0485420660866211,3.5715411571236455e-05,33.658792364567596,69.93193941808627,nan,nan,nan
445.74,170.49746704101562,-186.4980926513672,-63.871070861816406,171.55439684548998,-186.5546522578265,-63.87165772053021,1.0584422256657045,0.36063571291982355,0.04855916766707609,3.501800364102203e-05,33.278171043341644,69.64808789659617,nan,4.117180447357478,nan
445.75,170.4940643310547,-186.5067138671875,-63.872474670410156,171.54951708280225,-186.5682349258083,-63.873039882177665,1.0572443763339088,0.3605675372828489,0.048555418716531136,3.5702220049332974e-05,32.178702789562315,68.27235207764541,4.634207844434067,nan,nan
445.76,170.49061584472656,-186.51531982421875,-63.87396240234375,171.54646104425393,-186.57714739979644,-63.87412790143059,1.057653895117279,0.3606169473154875,0.04857253641133595,3.500530841369786e-05,32.02628621112675,69.72593690103677,nan,0.12322128644800166,nan
445.77,170.4871063232422,-186.52394104003906,-63.87553024291992,171.5433250922456,-186.58606918261353,-63.87571307569927,1.0580444355142429,0.36066644731477543,0.04858971353602238,3.571105798992545e-05,31.885659250036273,68.28987279857745,nan,nan,nan
445.78000000000003,170.48353576660156,-186.5325469970703,-63.87718200683594,171.5401678870823,-186.59497445916028,-63.87657749878845,1.058474842159512,0.36071603100869676,0.04860694895224648,3.501379788557712e-05,31.752195814870856,69.47334792451485,nan,0.45516986266701237,nan
445.79,170.47991943359375,-186.54116821289062,-63.878910064697266,171.5369147377355,-186.60389713091533,-63.878318659434456,1.0588552025156304,0.3607657047949317,0.04862424406070826,3.5719886114868366e-05,31.61105458417601,68.3200485441413,nan,nan,nan
445.8,170.47622680664062,-186.54977416992188,-63.88072204589844,171.49171741459296,-186.6025680647654,-63.88267619097431,1.0168638988847618,0.3606974840848155,0.048620473107952276,3.5001071078867556e-05,30.571815237878578,68.26218099273112,17.856258880511977,4.748550110124632,nan
445.81,170.4724884033203,-186.5583953857422,-63.882606506347656,171.48827498810326,-186.61148629276866,-63.88460239794643,1.0171750163158575,0.3607469413783496,0.04863778375918912,3.5706621939165736e-05,30.434693185651096,67.13424804402892,nan,nan,nan
445.82,170.4687042236328,-186.56700134277344,-63.88454818725586,171.4847029780748,-186.620437764078,-63.88823968108441,1.0174097243864975,0.36079648259186714,0.04865515302001355,3.500951251104081e-05,30.569960677347957,68.72681125069853,nan,1.9085951567946648,nan
445.83,170.46484375,-186.57562255859375,-63.886497497558594,171.48114860973521,-186.62935639024172,-63.89027982859533,1.0177313980678095,0.360846113493436,0.04867258217943117,3.571540447695384e-05,30.443684204117073,66.81491755726067,nan,nan,nan
445.84000000000003,170.4609375,-186.58424377441406,-63.888427734375,171.4775603307293,-186.63826549068338,-63.89182888969569,1.0180628141947983,0.360895828751044,0.04869007026242654,3.5017946295290385e-05,30.23590274297076,66.86221031556124,nan,0.16773558662317753,nan
445.85,170.4569854736328,-186.5928497314453,-63.89033508300781,171.4651865695086,-186.65102059010263,-63.893896070920526,1.0098841414523696,0.3608275687592155,0.0486862749689361,3.5702111390092996e-05,28.919778047821993,68.49096660034591,7.743635411725553,nan,nan
445.86,170.4529571533203,-186.60147094726562,-63.892208099365234,171.46145668187236,-186.65995907827556,-63.895628206848016,1.010199909767338,0.36087706749036985,0.0487037780611226,3.5005155305390734e-05,28.76300520013942,66.54304753066242,nan,0.044837902568687214,nan
445.87,170.4488983154297,-186.61007690429688,-63.894046783447266,171.45766304342982,-186.66890228704656,-63.89757766162928,1.0104846209683556,0.3609266555272491,0.04872134125733597,3.571084794064215e-05,28.638741319738383,68.20433846840311,nan,nan,nan
445.88,170.4447784423828,-186.6186981201172,-63.89584732055664,171.45380585057688,-186.6778504371453,-63.89976370364496,1.0107673546138776,0.36097632811172947,0.048738963687000994,3.501354921962743e-05,28.592298505740345,66.64210880791583,nan,0.05160046392352156,nan
445.89,170.44061279296875,-186.62730407714844,-63.89761734008789,171.44990772263773,-186.68679345702375,-63.901647843790045,1.0110546406270824,0.3610260901547852,0.04875664648615933,3.571957864755714e-05,28.471226430955934,67.86062392556096,nan,nan,nan
445.90000000000003,170.43638610839844,-186.63592529296875,-63.899349212646484,171.44146301779517,-186.69080399283231,-63.903368184118726,1.006582047144147,0.3609577855108093,0.048752822207167146,3.500073458099071e-05,28.936264105404497,65.86133144059808,1.8895462520996,0.003966167087814242,nan
445.91,170.43211364746094,-186.64453125,-63.90104675292969,171.43745928993602,-186.69973008392512,-63.90518282451451,1.0068683524664355,0.36100733070033747,0.048770519404339685,3.5706225226882094e-05,28.817673074601387,67.17583002538403,nan,nan,nan
445.92,170.42779541015625,-186.6531524658203,-63.902713775634766,171.43336731084702,-186.70867342481523,-63.90794567892024,1.007117072220776,0.3610569606069055,0.04878827613790385,3.500908848794408e-05,28.987136214237093,65.88477342641984,nan,0.6797403756048314,nan
445.93,170.4234161376953,-186.66177368164062,-63.90434646606445,171.42926361075575,-186.71759921091262,-63.90970431117257,1.0074097156990185,0.3611066796215239,0.0488060934468821,3.5714918843195185e-05,28.87703788782364,65.55241379717383,nan,nan,nan
445.94,170.41900634765625,-186.67037963867188,-63.90594482421875,171.42510752326055,-186.72652645524406,-63.91151780803427,1.0076820424678377,0.36115648376301646,0.04882397060295441,3.501743889955464e-05,28.8250466925204,67.2680416107943,nan,0.005314990244960006,nan
445.95,170.41453552246094,-186.6790008544922,-63.90751266479492,171.40107774386456,-186.72486592715177,-63.91314607844409,0.9876238630427118,0.36108813880294577,0.04882011467366221,3.5701545359948e-05,29.23791568828069,64.69032573534659,5.347333622063392,nan,nan
445.96000000000004,170.41001892089844,-186.68760681152344,-63.90904998779297,171.39677188123608,-186.73377811036406,-63.91558739225951,0.9878542054518392,0.36113772602497013,0.048838005646972445,3.500457278306975e-05,29.436533006621904,66.24226767143053,nan,0.4260222223015179,nan
445.97,170.40545654296875,-186.6962127685547,-63.910552978515625,171.39244698316358,-186.74267719142148,-63.91722964995666,0.9881060922643178,0.3611874020248154,0.04885595740080913,3.5710201861732335e-05,29.33102668900867,66.23889716600887,nan,nan,nan
445.98,170.40084838867188,-186.704833984375,-63.91202926635742,171.38809122663753,-186.75156883002057,-63.91839379748011,0.9883688957916488,0.3612371632896893,0.04887396929636202,3.5012891914763254e-05,29.10977290144684,64.53022190475663,nan,0.14211121677465566,nan
445.99,170.3961944580078,-186.71343994140625,-63.913475036621094,171.3836735503894,-186.7604676075053,-63.919973543272334,0.988619638616485,0.3612870135105726,0.04889204224122679,3.571885701070745e-05,29.00335918570389,65.75647528871467,nan,nan,nan
446.0,170.39149475097656,-186.72206115722656,-63.914894104003906,171.3558000235283,-186.7688379281252,-63.922573538256856,0.9654696777616771,0.36121862414135303,0.04888815019181892,3.500001088667411e-05,28.040728070992493,64.63491874175487,12.510848214111492,0.8908298591908974,nan
446.01,170.38674926757812,-186.7306671142578,-63.916282653808594,171.35124424762674,-186.77775449885425,-63.924107040792165,0.9656754161511911,0.3612682571375371,0.04890623630449775,3.570543681007591e-05,27.939725014817228,65.89308874218061,nan,nan,nan
446.02,170.3819580078125,-186.73928833007812,-63.91764450073242,171.34670665303724,-186.786641575263,-63.9237274855827,0.965929231878406,0.36131797551678724,0.04892438284659672,3.500829871918569e-05,27.15458508434286,63.60389064910387,nan,2.5103778848048117,nan
446.03000000000003,170.3771209716797,-186.74789428710938,-63.918975830078125,171.34206241323346,-186.79555751114356,-63.92518868217575,0.9661378618418799,0.3613677825507629,0.04894259064367069,3.5714063938425617e-05,27.049295678162803,64.85572593312803,nan,nan,nan
446.04,170.37225341796875,-186.75650024414062,-63.920284271240234,171.33738779258005,-186.80446682217584,-63.92621459330178,0.9663437909897795,0.36141767535373576,0.048960859177499094,3.5016587397370495e-05,26.843591786034523,64.76455608762154,nan,0.11828450475611398,nan
446.05,170.36732482910156,-186.76512145996094,-63.921566009521484,171.31890259589014,-186.80305439466895,-63.92766941470622,0.9523530885846602,0.36134924472021007,0.04895692806271103,3.5700632739380666e-05,27.60576637235964,62.2451151305087,5.6018369763396905,nan,nan
446.06,170.36236572265625,-186.7737274169922,-63.922821044921875,171.31409643260054,-186.8119464550197,-63.92957716426593,0.9525217500232704,0.36139892020325154,0.048975209137732734,3.500366794423984e-05,27.738556133777156,63.954677449197135,nan,0.195267849531406,nan
446.07,170.35736083984375,-186.78233337402344,-63.92405319213867,171.30926471402643,-186.82083038378732,-63.93093972616068,0.9527068960575363,0.3614486840578521,0.04899355167253695,3.57092317412464e-05,27.63569498506742,63.61126400195056,nan,nan,nan
446.08,170.35232543945312,-186.7909393310547,-63.92525863647461,171.30438324939922,-186.82971775889973,-63.93255722344427,0.9528751803448586,0.3614985337714822,0.04901195522358482,3.501193394407417e-05,27.70217105425036,63.89422086657056,nan,0.05491504811298202,nan
446.09000000000003,170.34722900390625,-186.79954528808594,-63.92644119262695,171.29946922562505,-186.83860066058529,-63.93387509019006,0.9530697901062142,0.3615484720576465,0.04903042050652406,3.5717833816056596e-05,27.60286522732577,63.21625362944322,nan,nan,nan
446.1,170.3421173095703,-186.80816650390625,-63.9276008605957,171.30330385733282,-186.84127351919358,-63.93320951127538,0.9617728999214376,0.3614799970962871,0.04902644600448613,3.499900804616669e-05,28.41305453460919,61.184681911441515,11.873765552537233,2.3492983325172307,nan
446.11,170.33694458007812,-186.8167724609375,-63.928733825683594,171.29833439416058,-186.8501227148453,-63.934461015049955,0.9619851426894512,0.36152971777658227,0.049044923142130215,3.570436912243881e-05,28.309041579613954,61.96208250461784,nan,nan,nan
446.12,170.3317413330078,-186.82537841796875,-63.929847717285156,171.2933505017172,-186.85895950257319,-63.934798517241205,0.9622080819705272,0.36157952438820257,0.049063461568748266,3.500725111530083e-05,27.966665373793536,61.640699626295685,nan,0.5616116153613963,nan
446.13,170.32652282714844,-186.833984375,-63.930938720703125,171.28831685081894,-186.86780769486853,-63.935997534379204,0.9624018664419981,0.3616294193146718,0.0490820619324671,3.57129518104499e-05,27.8592990842006,61.37926508257312,nan,nan,nan
446.14,170.3213653564453,-186.84259033203125,-63.9320068359375,171.28328962413758,-186.876661088975,-63.93761251383814,0.9625437843956772,0.36167940053730857,0.049100723889223055,3.501549911023306e-05,27.914296148752513,61.71458391931266,nan,0.13468921283053006,nan
446.15000000000003,170.31626892089844,-186.8511962890625,-63.93305587768555,171.23917070709118,-186.8725424479598,-63.93874871867077,0.9231661680845437,0.36161088344049036,0.04909670281979412,3.569948450942533e-05,27.50833645160432,60.610453497249075,13.013575785406092,nan,nan
446.16,170.31126403808594,-186.85980224609375,-63.93408203125,171.2342310221387,-186.88137049311052,-63.93989009258497,0.9232372265605818,0.3616606479072385,0.04911537618182573,3.641894215319327e-05,27.40116059730473,60.59361366512787,nan,nan,nan
446.17,170.3063507080078,-186.868408203125,-63.935089111328125,171.22938119274687,-186.89019814542365,-63.941011696836306,0.9233066415671998,0.3617104994765941,0.049134111464888185,3.71528446635697e-05,27.29391212022584,60.36993571713097,nan,nan,nan
446.18,170.30152893066406,-186.87701416015625,-63.936073303222656,171.22461962532464,-186.89902801282867,-63.94232080736619,0.9233742857511493,0.36176043731570956,0.04915290858868634,3.636971348445981e-05,27.29858987659078,60.32998062999279,nan,0.027920357624957273,nan
446.19,170.2967987060547,-186.8856201171875,-63.937042236328125,171.21995762376577,-186.9078550598442,-63.94340636705878,0.9234485812347062,0.3618104635227818,0.04917176814606827,3.7102242865427535e-05,27.19341827908225,59.98844314864741,nan,nan,nan
446.2,170.2921600341797,-186.8942108154297,-63.93798828125,171.19438929454404,-186.91639213318084,-63.94424805420306,0.9025235918646142,0.36174190196877587,0.04916769629332786,3.629911512591782e-05,25.905185596449932,61.3025821878318,9.336661967859454,0.030613433353584355,nan
446.21000000000004,170.28762817382812,-186.90281677246094,-63.93891525268555,171.18987094525056,-186.92523505875448,-63.945294668956194,0.9025437912347147,0.36179171017909917,0.0491865663119164,3.7029423573647085e-05,25.801620903823267,60.23111615799908,nan,nan,nan
446.22,170.28317260742188,-186.9114227294922,-63.93982696533203,171.18543179170686,-186.9340836261183,-63.946825180031205,0.9025708431317092,0.36184160470515103,0.049205498432423764,3.625269640262933e-05,25.931831331860465,59.88036444862314,nan,0.1653120536296793,nan
446.23,170.27880859375,-186.92002868652344,-63.94071960449219,171.18109397820407,-186.94292671576932,-63.94784187955596,0.9026039893247021,0.3618915873656905,0.049224493187940255,3.698178307004807e-05,25.831299533625778,59.86423563048917,nan,nan,nan
446.24,170.2745361328125,-186.9286346435547,-63.941593170166016,171.17684407052846,-186.9517698654401,-63.94884166891492,0.9026335877259551,0.36194165746851514,0.04924355052920307,3.7725398425985755e-05,25.731435473991528,59.86551858902754,nan,nan,nan
446.25,170.27035522460938,-186.93724060058594,-63.942447662353516,171.174667676353,-186.95559559386282,-63.94987012365213,0.9045291643106422,0.36187305304126266,0.04923942455299487,3.8458273948527366e-05,26.571134952772343,59.698238516214765,3.7276039979042825,nan,nan
446.26,170.26625061035156,-186.9458465576172,-63.94329071044922,171.17061763061005,-186.96440796843825,-63.94992737655229,0.9045818252871617,0.3619229041744536,0.04925849144820636,3.759178668876051e-05,26.190406518094363,58.99815518540996,nan,0.5061217962252509,nan
446.27,170.26222229003906,-186.95445251464844,-63.94411087036133,171.16663038648514,-186.97323029481583,-63.950870515526084,0.9046282677144152,0.36197284328505425,0.04927762119332588,3.8346119797279174e-05,26.09135136311797,58.91317402118055,nan,nan,nan
446.28000000000003,170.25827026367188,-186.9630584716797,-63.94491958618164,171.1626849645997,-186.98207195762808,-63.953668336327546,0.904656843522104,0.362022869030902,0.049296813582541094,3.748602375521512e-05,26.823396696783878,59.40817799429955,nan,2.1469203028342694,nan
446.29,170.25440979003906,-186.97166442871094,-63.945709228515625,171.15885804716564,-186.9908948640653,-63.95459912209352,0.9046963521928465,0.36207298298116486,0.0493160690975548,3.823752564376122e-05,26.72991788730228,59.700024469808426,nan,nan,nan
446.3,170.25062561035156,-186.9802703857422,-63.94648361206055,171.12762585843686,-186.9889521001478,-63.955166322443766,0.8770861968850546,0.36200433388711883,0.04931188485853472,3.735981045411027e-05,26.6353715353507,59.24852147999549,7.887414951411833,0.17764463901439947,nan
446.31,170.2469024658203,-186.98887634277344,-63.947242736816406,171.12390943035552,-186.9977559563692,-63.95606598028217,0.8770962963130863,0.36205422944053656,0.04933114936368837,3.8107681064169294e-05,26.543585191589493,58.7473466997824,nan,nan,nan
446.32,170.24327087402344,-186.9974822998047,-63.9479866027832,171.12026718884374,-187.00656043155033,-63.95698549285893,0.8770894644829446,0.36210421164714435,0.04935047676173664,3.726096619027525e-05,26.556814268655344,59.22678363751391,nan,0.0007227036543475119,nan
446.33,170.2397003173828,-187.00608825683594,-63.94871520996094,171.11669882046544,-187.0153649517287,-63.95785714226522,0.8770952094291514,0.3621542818506249,0.04936986748414592,3.8006314700840374e-05,26.46643155418328,58.83153808558186,nan,nan,nan
446.34000000000003,170.2362060546875,-187.0146942138672,-63.94942855834961,171.11324428561082,-187.02414923855267,-63.95644113467828,0.8771172283222308,0.362204439046914,0.0493893213994843,3.716546673096247e-05,25.47479615259303,57.99912983169694,nan,3.229672028767566,nan
446.35,170.2327880859375,-187.02330017089844,-63.950130462646484,171.1291039653744,-187.02986573119327,-63.95727084799588,0.8963683659164284,0.3621357463514025,0.049385075418921086,3.7884028170942675e-05,27.000609089921376,57.75139608304034,12.987548388503688,nan,nan
446.36,170.2294158935547,-187.0319061279297,-63.9508171081543,171.12577526292506,-187.0386510503359,-63.9588545969258,0.8964207796911394,0.362185684995009,0.04940453757181849,3.7049955961870465e-05,27.284437703615943,57.529288391975236,nan,0.37743673666371896,nan
446.37,170.22613525390625,-187.04051208496094,-63.95148849487305,171.12252780260766,-187.04743019664664,-63.95965830785635,0.8964564727196154,0.36223571144204075,0.049424063246789274,3.7789741184559745e-05,27.19206641596052,58.11251046336907,nan,nan,nan
446.38,170.222900390625,-187.04913330078125,-63.9521484375,171.1193470933004,-187.05620972947446,-63.9604154594861,0.8965127496210942,0.3622858248780236,0.04944365235544585,3.6961189170922945e-05,27.163750644664255,56.337826108513866,nan,0.0007235367452636221,nan
446.39,170.21974182128906,-187.0577392578125,-63.952796936035156,171.11623078024147,-187.06499034190688,-63.96119393024662,0.8965576062116116,0.36233602636251755,0.049463305265494785,3.769886608017048e-05,27.071313949973145,57.781918055197366,nan,nan,nan
446.40000000000003,170.21664428710938,-187.06634521484375,-63.95343017578125,171.1116641035516,-187.07454769670179,-63.961819339756524,0.8950967157827645,0.3622672887445426,0.04945899348276821,3.685265568064991e-05,26.851493386004027,57.78295486187357,0.1932803915678198,0.014555416673721087,nan
446.41,170.21360778808594,-187.07496643066406,-63.95404815673828,171.1086699818631,-187.08333398675114,-63.96257269487338,0.8951418962792866,0.3623172714232757,0.04947865383707605,3.758742589517726e-05,26.764629248741443,56.53318733861972,nan,nan,nan
446.42,170.21063232421875,-187.0835723876953,-63.95465850830078,171.10572126228362,-187.09212884875095,-63.964332292365775,0.8951821055908318,0.3623673410742297,0.04949837785947988,3.6770444351596055e-05,27.26406613591566,58.193989831205144,nan,0.6612552843164581,nan
446.43,170.2077178955078,-187.09219360351562,-63.95525360107422,171.10284827001846,-187.10091638918402,-63.965073044393904,0.8952267287276945,0.3624174985987351,0.04951816588106998,3.750336504265686e-05,27.180289237552945,56.98944917808737,nan,nan,nan
446.44,170.20486450195312,-187.10079956054688,-63.95583724975586,171.10004221130484,-187.10970049179434,-63.96525155008808,0.8952714599203967,0.3624677434197603,0.049538017867773565,3.669138848290294e-05,26.913107470397527,58.05722717582265,nan,0.19484396982097657,nan
446.45,170.20205688476562,-187.1094207763672,-63.9564094543457,171.09000992054538,-187.11566893305275,-63.96602309953927,0.8880270578008113,0.36239896145462985,0.04953363667376501,3.7398935062045923e-05,26.915313561004304,56.42901997074946,0.59759433977703,nan,nan
446.46000000000004,170.19932556152344,-187.11802673339844,-63.956974029541016,171.08730900832597,-187.12444798717058,-63.965949786323236,0.8880520246613557,0.362448987295044,0.049553495312541766,3.659281309877567e-05,26.53424545956154,57.783380881350254,nan,0.38960338126626654,nan
446.47,170.19662475585938,-187.12664794921875,-63.957523345947266,171.08465241647755,-187.13323343117938,-63.96663589115055,0.8880988306915677,0.3624991008445422,0.04957341814686209,3.7321466408609024e-05,26.45005854873903,55.95621152859209,nan,nan,nan
446.48,170.19398498535156,-187.13526916503906,-63.95806121826172,171.08208121047247,-187.1420041413332,-63.96500431896518,0.8881489017203481,0.3625493016572955,0.049593405173577965,3.65200167196658e-05,25.43759098042241,55.173902341062096,nan,3.4476864137794587,nan
446.49,170.19140625,-187.14389038085938,-63.95859146118164,171.0795322157138,-187.15079117518633,-63.96564780560214,0.8881808058802071,0.3625995904378733,0.049613456677888815,3.7247162838434574e-05,25.346847982786436,55.25792566265024,nan,nan,nan
446.5,170.18887329101562,-187.15249633789062,-63.9591064453125,171.0723205998476,-187.16334274258972,-63.96561580791941,0.8835378677673524,0.36253076319246724,0.049609002084928175,3.6427835092398006e-05,24.330594208988483,56.406814754499486,2.9955932674793364,0.25556447355899203,nan
446.51,170.18638610839844,-187.16111755371094,-63.95961380004883,171.0698616919195,-187.17214935316127,-63.9662330693528,0.8835692513906939,0.36258083274985736,0.04962905941547972,3.715267194836584e-05,24.24070173912355,54.89299844698192,nan,nan,nan
446.52,170.183837890625,-187.16973876953125,-63.9602165222168,171.0673715484291,-187.18096750218197,-63.96864569934886,0.8836452115734835,0.36263098952749184,0.04964918115994522,3.6361064904360545e-05,24.91243048679576,55.81450420674739,nan,2.0075326688091293,nan
446.53000000000003,170.18121337890625,-187.17835998535156,-63.960906982421875,171.06483237921836,-187.189775644966,-63.96941612230872,0.8837337044939598,0.36268123412220615,0.0496693675776531,3.7084607438824195e-05,24.80847359179748,55.67204600283537,nan,nan,nan
446.54,170.17852783203125,-187.18698120117188,-63.961692810058594,171.06223629503458,-187.19857809832828,-63.969179497049446,0.8838162626301146,0.3627315662499825,0.049689618703907576,3.629718502127183e-05,24.297792706274187,55.324613273024426,nan,0.7927790183124893,nan
446.55,170.17576599121094,-187.1956024169922,-63.96256637573242,171.0296567476374,-187.1935081341615,-63.97010188704444,0.8539265740459604,0.3626626939572967,0.04968508701103872,3.699645248690241e-05,24.55092297321113,54.76084082783293,8.740045035259982,nan,nan
446.56,170.17294311523438,-187.20423889160156,-63.963531494140625,171.02686528981528,-187.20228868246357,-63.97113575343597,0.8539582591181425,0.36271280685256024,0.04970534318027225,3.773228985644886e-05,24.44869065122941,53.5915957384179,nan,nan,nan
446.57,170.1700439453125,-187.21286010742188,-63.96458053588867,171.02400661295633,-187.21106948523982,-63.972259090553514,0.8539990657248414,0.3627630072414409,0.04972566417030585,3.8482673966495e-05,24.3472285961386,54.513375397080544,nan,nan,nan
446.58,170.16708374023438,-187.2214813232422,-63.96571731567383,171.02109355157575,-187.21984452742646,-63.97231997633325,0.8540369032399299,0.362813295093976,0.04974605008041986,3.7607728537219025e-05,23.873363206396338,54.16661993205001,nan,0.8075274898165197,nan
446.59000000000003,170.1640625,-187.2301025390625,-63.966941833496094,171.01810305598363,-187.22862602481104,-63.97360782586611,0.8540678467273194,0.36286367090341,0.04976650114531274,3.8355201913430916e-05,23.77190657888186,54.16756966881827,nan,nan,nan
446.6,170.1609649658203,-187.23873901367188,-63.9682502746582,171.02902943295388,-187.23586350658397,-63.975995267265766,0.8681037798278398,0.36279475288017743,0.049761888416182856,3.746439624957119e-05,25.125950637041164,52.89923758161427,5.26950270351748,0.5792864814110031,nan
446.61,170.15780639648438,-187.2473602294922,-63.96964645385742,171.02593932134795,-187.24462963167025,-63.977465679801355,0.8681724320035797,0.3628449090408713,0.04978234361996064,3.820819294126278e-05,25.02535032061383,53.98272723768788,nan,nan,nan
446.62,170.15460205078125,-187.2559814453125,-63.97112274169922,171.0227989203097,-187.25338956077422,-63.97762716919406,0.8682251031279217,0.3628951526055478,0.04980286395446588,3.7349514532811815e-05,24.45770393273814,53.9418723091335,nan,1.200517174741801,nan
446.63,170.1513214111328,-187.26461791992188,-63.972679138183594,171.01958332695216,-187.26215631442784,-63.97925170916607,0.8682902813306211,0.36294548399100174,0.049823449635361935,3.809075646190934e-05,24.362098609458393,52.3213492277416,nan,nan,nan
446.64,170.14797973632812,-187.2732391357422,-63.97431945800781,171.0163132081984,-187.27091963934336,-63.98012053862701,0.8683559471611718,0.3629959030860563,0.04984410074007455,3.723924031566077e-05,24.032982256908713,53.13301850662127,nan,0.4371071730303817,nan
446.65000000000003,170.1445770263672,-187.2818603515625,-63.97603988647461,171.03115910599666,-187.28818413583315,-63.98185368482071,0.8866236938063629,0.3629269393581067,0.04983940322018208,3.795395196495205e-05,23.783107974535703,53.219327145181424,3.32106732350516,nan,nan
446.66,170.14111328125,-187.29049682617188,-63.97783660888672,171.02778566194846,-187.29697087683056,-63.98401928916839,0.8867175703463112,0.3629771386037453,0.04986005759890395,3.711040439785637e-05,23.82697244047131,52.10146481715607,nan,0.058358801482822124,nan
446.67,170.13760375976562,-187.2991180419922,-63.979713439941406,171.02435499583942,-187.30575641874486,-63.98596251993371,0.886798102008038,0.36302742554014245,0.04988077751346814,3.784608554143443e-05,23.7307551920087,53.49873926201341,nan,nan,nan
446.68,170.13401794433594,-187.3077392578125,-63.98164749145508,171.00693715014103,-187.30201987357466,-63.98891811918374,0.8729682200670409,0.3586740987855075,0.04633629923004256,3.7007747064482846e-05,32.7008127331716,61.940107679866564,nan,0.5534655693696217,0.04400708511017832
446.69,170.13038635253906,-187.31637573242188,-63.983585357666016,171.00339242786688,-187.31079239259105,-63.99096974761509,0.8730551588862377,0.3587267149497532,0.04634962581545421,3.7741310537132857e-05,32.58355272467316,61.02753922710301,nan,nan,nan
446.7,170.12669372558594,-187.3249969482422,-63.98550796508789,170.98555706291367,-187.31707260242638,-63.99228604697434,0.8589266382272701,0.35865784286475,0.046346208218731005,3.688811411323037e-05,31.774295482542684,61.80303693601406,2.883371363444476,0.23316670062878156,nan
446.71000000000004,170.12294006347656,-187.33363342285156,-63.987403869628906,170.98187416637265,-187.32584912378596,-63.994306367490964,0.8589971087882557,0.3587102294581526,0.046359569386495596,3.761881822930517e-05,31.662973513261846,60.378715901720874,nan,nan,nan
446.72,170.11912536621094,-187.34225463867188,-63.9892692565918,170.97805528101898,-187.3345409812532,-63.99494174609365,0.8589832805125344,0.3587626977387455,0.04637298243477931,3.6795537645073375e-05,31.136568233161384,60.89265701638515,nan,1.1734157485494303,nan
446.73,170.11526489257812,-187.3508758544922,-63.9911003112793,170.97426054752808,-187.3433173622151,-63.996888433586754,0.8590484086407724,0.35881525869920716,0.0463864597237647,3.75244443398112e-05,31.020391551988194,61.034658459117686,nan,nan,nan
446.74,170.11134338378906,-187.35951232910156,-63.992897033691406,170.97030426707886,-187.3519815170438,-63.99697053659906,0.8590035538798284,0.35886790179308575,0.046399989439426664,3.670704854000693e-05,30.448826496275444,59.0739207845618,nan,2.1477512735228204,nan
446.75,170.1073760986328,-187.36813354492188,-63.99465560913086,170.96058750952918,-187.36018884477087,-63.99879916948775,0.853258459692422,0.3587989359730753,0.046396626020185454,3.741089743790099e-05,30.086339236848833,60.47649505238863,0.5527068794480878,nan,nan
446.76,170.10336303710938,-187.37677001953125,-63.99638366699219,170.95669386696716,-187.36904588472996,-64.00191809740008,0.853383733946306,0.3588513493851754,0.04641019011959943,3.660015532312468e-05,30.333323723168625,59.599829221597105,nan,1.0768311825355075,nan
446.77,170.09927368164062,-187.38539123535156,-63.99807357788086,170.9526727588834,-187.37782514030314,-64.00372368292558,0.8534513193616456,0.3589038550683771,0.04642381820828268,3.732494032596623e-05,30.22009901666329,60.14879796895597,nan,nan,nan
446.78000000000003,170.09515380859375,-187.39401245117188,-63.999732971191406,170.94857498448764,-187.38657908732583,-64.00506877884914,0.8534702274863077,0.358956443100339,0.046437499503089896,3.651961785855054e-05,30.01181460327172,60.44950358957167,nan,0.11841458818440105,nan
446.79,170.09097290039062,-187.40264892578125,-64.00135803222656,170.94444958466497,-187.3953580042607,-64.00680509964175,0.853525206821666,0.359009123538059,0.04645124483496431,3.7242979056881005e-05,29.90018436439931,58.87957741589289,nan,nan,nan
446.8,170.08673095703125,-187.41127014160156,-64.0029525756836,170.96140655940468,-187.40325451390254,-64.00838410468603,0.8747291930546476,0.35894005396294615,0.04644792016374524,3.642069326667475e-05,31.420635081881596,59.4379098840338,12.32239927189099,0.00045234763818654617,nan
446.81,170.08245849609375,-187.41989135742188,-64.00450897216797,170.95721383245655,-187.4120059519875,-64.01005538542329,0.8748084595007362,0.35899250429609453,0.046461699122814046,3.714184332741849e-05,31.308686606915636,59.95772394898884,nan,nan,nan
446.82,170.078125,-187.42852783203125,-64.00604248046875,170.95299837621863,-187.4207850638853,-64.01219127415332,0.8749292443040882,0.359045037185943,0.04647553203168922,3.634766839744171e-05,31.394409606054985,58.37691209541629,nan,0.16026796956826672,nan
446.83,170.07374572753906,-187.43714904785156,-64.00753784179688,170.94870617421583,-187.42953601295105,-64.01380692352477,0.8750160243875046,0.35909766208228766,0.046489428769317304,3.706762229326953e-05,31.285818213848152,59.68533880942402,nan,nan,nan
446.84000000000003,170.06932067871094,-187.44577026367188,-64.0090103149414,170.9442495037217,-187.43816901940735,-64.01326656639579,0.874972195801394,0.35915036997302946,0.04650337996567697,3.627820949933789e-05,30.59651667353509,58.87464532543203,nan,2.968476385715025,nan
446.85,170.06483459472656,-187.4543914794922,-64.01044464111328,170.9440960809218,-187.44990340896902,-64.01488063059065,0.8792841303503318,0.359081206615439,0.04650010024403997,3.6974212345198684e-05,30.309489964892244,58.747862635297636,0.8596705300297598,nan,nan
446.86,170.06031799316406,-187.4630126953125,-64.01185607910156,170.93965735454094,-187.45865343277862,-64.01622294470194,0.879361009569851,0.3591336842827112,0.04651408477787263,3.619030952818234e-05,30.176644832183804,58.884346513157084,nan,0.018670270814686224,nan
446.87,170.0557403564453,-187.47164916992188,-64.01324462890625,170.9351804056228,-187.46741220921822,-64.01770453546312,0.8794615640832636,0.3591862535646379,0.046528132958876034,3.690727658093056e-05,30.065222970449163,57.11344184138035,nan,nan,nan
446.88,170.05113220214844,-187.4802703857422,-64.01459503173828,170.9306469543882,-187.47616084721327,-64.01897540773307,0.8795352610374201,0.3592389060363063,0.04654223629334814,3.612773005184826e-05,29.930768560715606,58.76271553433961,nan,0.02236627546126443,nan
446.89,170.0464630126953,-187.4888916015625,-64.01592254638672,170.9260771750057,-187.48491872655862,-64.02040205333407,0.8796345401672763,0.35929165026704873,0.04655640335878879,3.6843793829481044e-05,29.819181762794383,58.1406220123644,nan,nan,nan
446.90000000000003,170.041748046875,-187.4975128173828,-64.01722717285156,170.93160006096613,-187.4966848442366,-64.02067267312772,0.8898590697372982,0.3592223846181371,0.04655315542015054,3.60466666827734e-05,29.667988066093535,57.74770706965066,0.8556719773400608,0.8350747590211144,nan
446.91,170.03700256347656,-187.50613403320312,-64.01850128173828,170.9269571025549,-187.5054453381838,-64.0220369443669,0.889961828865249,0.35927489821329556,0.046567355057405,3.6761026653442944e-05,29.553980738990028,58.050981723555445,nan,nan,nan
446.92,170.03219604492188,-187.51475524902344,-64.0197525024414,170.92222157471764,-187.51415795056076,-64.0224359172117,0.8900297754392904,0.35932749518398344,0.04658161050972593,3.599054320132571e-05,29.290875553711924,57.29085934439941,nan,0.589951510208356,nan
446.93,170.02735900878906,-187.52337646484375,-64.02098083496094,170.9174902242459,-187.522917402103,-64.02374196176312,0.8901356162352465,0.3593801835347742,0.04659592955083568,3.670417772547671e-05,29.175095056608832,57.409718720141214,nan,nan,nan
446.94,170.02247619628906,-187.53199768066406,-64.02217864990234,170.91270919128593,-187.53167003729138,-64.02489962788572,0.8902372135854877,0.3594329556875247,0.04661030488150482,3.593747836516756e-05,29.050752651937124,57.31946639673756,nan,0.010438601286728699,nan
446.95,170.01754760742188,-187.54061889648438,-64.02336120605469,170.91018917653037,-187.536183149612,-64.0261320434161,0.8926568905746869,0.35936359625141645,0.04660709264751166,3.66279789835575e-05,29.876913594264796,56.72677034874772,3.541351364440907,nan,nan
446.96000000000004,170.0125732421875,-187.5492401123047,-64.0245132446289,170.90542088876043,-187.54500401211587,-64.02913855547625,0.8928696758408068,0.3594161376392612,0.046621500174113206,3.586580243868102e-05,30.14312577433396,57.02535724482836,nan,2.1084364717052417,nan
446.97,170.00759887695312,-187.557861328125,-64.02564239501953,170.90053826561413,-187.55373909954298,-64.03036853881018,0.8929614107148769,0.3594687700375133,0.046635971171439285,3.6577331878811304e-05,30.03539349058757,57.12238249548112,nan,nan,nan
446.98,170.00267028808594,-187.5664825439453,-64.02674865722656,170.89570908921098,-187.562509161013,-64.03233631856119,0.8930651208316075,0.3595214864082377,0.04665049907482158,3.581858954927133e-05,30.17315775558534,57.27904269515944,nan,0.3884916243210633,nan
446.99,169.997802734375,-187.57510375976562,-64.02783966064453,170.8909001071172,-187.5712428784966,-64.0335310534521,0.893123852304534,0.3595742939459037,0.04666509056587783,3.652961851677782e-05,30.06525425684305,56.734764621323585,nan,nan,nan
447.0,169.99301147460938,-187.58370971679688,-64.02890014648438,170.86790127361678,-187.5682596981476,-64.03383933920016,0.8750401471407839,0.35950483362069696,0.04666190277764232,3.575268395103853e-05,30.63695734453077,57.24489086716683,8.39198286029409,0.43431104362213824,nan
447.01,169.9883270263672,-187.5923309326172,-64.02994537353516,170.8632242345712,-187.57695734520243,-64.03498410633674,0.8750467764304977,0.35955740999452623,0.046676525687699116,3.646239857743299e-05,30.52810095799157,56.287435173158094,nan,nan,nan
447.02,169.9837188720703,-187.6009521484375,-64.03096771240234,170.85864468072145,-187.58566250015596,-64.03629049535526,0.8750755830251414,0.35961007050035637,0.04669120608987689,3.571092439188286e-05,30.50373746734405,55.94268336794886,nan,0.02229248459458437,nan
447.03000000000003,169.9792022705078,-187.6095733642578,-64.03196716308594,170.85414660926602,-187.5943593008076,-64.03739782310134,0.8750934554205706,0.35966282181855924,0.04670594999721385,3.64202747577261e-05,30.399090570185983,55.932646423013765,nan,nan,nan
447.04,169.9747772216797,-187.61817932128906,-64.03295135498047,170.84985651569707,-187.60316720086476,-64.04104702943654,0.875245493860147,0.35971565768211344,0.046720751839695776,3.5671742819325884e-05,31.303296658373977,57.90906150631273,nan,4.454413871245769,nan
447.05,169.97044372558594,-187.62680053710938,-64.0339126586914,170.8808772943612,-187.6220923500494,-64.04207637934127,0.9104823427794185,0.35964610362069016,0.04671759050151068,3.635854742668464e-05,31.757854789509846,57.04199344996731,10.393249166611024,nan,nan
447.06,169.9661865234375,-187.6354217529297,-64.03485870361328,170.8766040802931,-187.6307070251077,-64.04097089589132,0.9104502816649624,0.3596987081790787,0.046732423306013966,3.5613695952711604e-05,30.85490855675135,55.79263008943741,nan,3.2411225208552845,nan
447.07,169.96202087402344,-187.64402770996094,-64.03578186035156,170.87251526344656,-187.63941359656425,-64.04200669334489,0.9105273591491991,0.35975140320571153,0.04674731955458225,3.632161192999924e-05,30.751355641717396,57.07026112569334,nan,nan,nan
447.08,169.9579315185547,-187.65264892578125,-64.03668212890625,170.86860387296446,-187.6482068559225,-64.0451285662249,0.9107223569091955,0.3598041829202958,0.04676227428324742,3.557940502298237e-05,31.571876975944267,56.720474618394285,nan,3.0217820869976024,nan
447.09000000000003,169.9539337158203,-187.66127014160156,-64.0375747680664,170.86468087593275,-187.6569136141672,-64.046150421648,0.9107979527966149,0.359857053273249,0.04677729260306767,3.628712528026559e-05,31.47524690954765,56.62293244042665,nan,nan,nan
447.1,169.95001220703125,-187.66989135742188,-64.03844451904297,170.84582643318296,-187.66469558899914,-64.04732903400742,0.8958733495262878,0.35978739965556544,0.04677414804033299,3.552614483234737e-05,30.82142912463532,56.70698143942229,3.5397763262048625,0.00860504799536517,nan
447.11,169.9461669921875,-187.67849731445312,-64.03929901123047,170.84203775164585,-187.67341307707588,-64.04831992115497,0.8959306021886126,0.3598400383192355,0.046789196531783366,3.623284277943397e-05,30.725782314056357,57.677137668919386,nan,nan,nan
447.12,169.94239807128906,-187.68711853027344,-64.04013061523438,170.8383030536133,-187.68210968138567,-64.04875235093307,0.8959604680157541,0.3598927618016844,0.04680430402063604,3.549637750234135e-05,30.45730022015919,56.405211918888206,nan,0.2017630607002777,nan
447.13,169.93870544433594,-187.69573974609375,-64.04095458984375,170.83466732509348,-187.6908277457667,-64.04970570117932,0.8960180809935746,0.3599455755947834,0.046819475071113684,3.6202981644528064e-05,30.362150534957344,56.149791668355796,nan,nan,nan
447.14,169.93508911132812,-187.704345703125,-64.04175567626953,170.83099242757442,-187.69944359819064,-64.04793948591626,0.8959380682813041,0.3599984746059258,0.0468347055336614,3.546874349616314e-05,29.20636170275807,56.34359345008723,nan,5.023753139672869,nan
447.15000000000003,169.93154907226562,-187.7129669189453,-64.04254150390625,170.82334065444934,-187.70590474392205,-64.04882942996716,0.8918417115071142,0.3599287273672015,0.04683157816330658,3.615321128190039e-05,29.279956295690994,55.13259621476052,0.27875493300612775,nan,nan
447.16,169.92807006835938,-187.72158813476562,-64.0433120727539,170.8198828543545,-187.71458727770215,-64.0488893047124,0.8918577032129673,0.35998139453491246,0.04684683826456119,3.542194398959385e-05,28.949789639134362,54.59016730742648,nan,0.46427109899940333,nan
447.17,169.92465209960938,-187.73020935058594,-64.0440673828125,170.81652893515238,-187.72330046040975,-64.04974741928294,0.8919216811783257,0.3600341516965573,0.046862161916572276,3.612761078569368e-05,28.850913484249116,54.33683967723741,nan,nan,nan
447.18,169.92132568359375,-187.73883056640625,-64.04480743408203,170.81319781659252,-187.7319734312957,-64.04944933383653,0.8919105723978339,0.3600869941893856,0.04687754546095008,3.539832105164169e-05,28.45179049071996,54.537684403657956,nan,0.9000713898961976,nan
447.19,169.9180450439453,-187.74745178222656,-64.04553985595703,170.8099800796957,-187.74068757978594,-64.05026829732603,0.8919732174182514,0.36013992686057544,0.046892992730167456,3.61040163984799e-05,28.349237865763957,53.8308642218804,nan,nan,nan
447.2,169.9148406982422,-187.75607299804688,-64.04624938964844,170.77220583985144,-187.7422948036344,-64.05174781132689,0.857493473636314,0.3600700813251115,0.046889874171323224,3.535541901521375e-05,27.586516233394054,54.317640517374016,10.873068408475888,0.2755927284978905,nan
447.21000000000004,169.9116973876953,-187.7646942138672,-64.04694366455078,170.7690608304548,-187.751011605959,-64.05254672420094,0.8574909218277601,0.3601227817844283,0.046905350273194236,3.606030472489616e-05,27.48887550836993,54.217198126488576,nan,nan,nan
447.22,169.9086151123047,-187.7733154296875,-64.0476303100586,170.76595563781646,-187.7597087770121,-64.05272692438022,0.8574636395552737,0.3601755676760579,0.04692088672291642,3.533547631960715e-05,27.24069049660292,53.8451775984399,nan,0.2541491040196653,nan
447.23,169.9055938720703,-187.7819366455078,-64.04830169677734,170.7629358428132,-187.76842678805556,-64.05349430166999,0.8574641299735144,0.3602284434461843,0.04693648691409848,3.6040464697905095e-05,27.141466931337547,53.78943331799876,nan,nan,nan
447.24,169.9026336669922,-187.79055786132812,-64.04895782470703,170.7598828484947,-187.77706415609285,-64.05175477947097,0.8573599373796584,0.36028140503349027,0.04695214784266245,3.5317264792798366e-05,26.502962506873228,53.24277895464623,nan,4.313232761179662,nan
447.25,169.8997344970703,-187.79917907714844,-64.04959869384766,170.71452189522103,-187.78078224304946,-64.05252462347629,0.8150003121191217,0.3602114660609556,0.04694903722121071,3.6000389101414596e-05,24.781669885934445,53.50415925974478,20.9219080162841,nan,nan
447.26,169.8968963623047,-187.80780029296875,-64.05023193359375,170.71163755025344,-187.78954291434917,-64.053960440818,0.8149542545323194,0.36026419526927245,0.04696472637876227,3.527957089027305e-05,24.82632073537373,53.56786914772467,nan,0.3693077231185913,nan
447.27,169.89410400390625,-187.81642150878906,-64.05084991455078,170.70878353435896,-187.7982812633185,-64.05466262462375,0.8148903868634583,0.3603170140672713,0.04698047931027112,3.59839784347871e-05,24.72567886248644,53.2320094868834,nan,nan,nan
447.28000000000003,169.89137268066406,-187.82505798339844,-64.05145263671875,170.70598548355292,-187.80702019886905,-64.05534968610127,0.814821800944883,0.360369918765893,0.04699629340179472,3.526458293325657e-05,24.644164532842552,52.26352016812005,nan,9.363178885866643e-06,nan
447.29,169.88870239257812,-187.83367919921875,-64.05204772949219,170.70324242745298,-187.8157599582473,-64.05602927246066,0.8147468442990917,0.36042291325299247,0.04701217146512088,3.5969178390347505e-05,24.543761654884268,53.47299936218013,nan,nan,nan
447.3,169.88607788085938,-187.84230041503906,-64.05262756347656,170.7178273106947,-187.82693379315188,-64.05771114011422,0.8319068997496328,0.3603528771693186,0.047009061437012924,3.522999892931843e-05,25.389808806159774,53.4450039348606,3.3043170531114643,0.8019401433764219,nan
447.31,169.88351440429688,-187.85093688964844,-64.0531997680664,170.7152196011265,-187.8356694470917,-64.05837853119336,0.8318614360716355,0.360405638924865,0.047024966905425875,3.593393394797956e-05,25.295177286757163,52.37800830269633,nan,nan,nan
447.32,169.88099670410156,-187.85955810546875,-64.05375671386719,170.7126648661537,-187.84440684231805,-64.05907430398071,0.8318231598788512,0.3604584866526888,0.047040933934506916,3.521794262773413e-05,25.242699025130335,53.45216547910932,nan,0.0010688161266682503,nan
447.33,169.87852478027344,-187.86817932128906,-64.05430603027344,170.7101592097944,-187.85314375634908,-64.05972090420515,0.8317879618252562,0.36051142389676477,0.047056964991285706,3.592211759410799e-05,25.147611428244865,53.1970593184163,nan,nan,nan
447.34000000000003,169.8760986328125,-187.87681579589844,-64.05484008789062,170.70765999588693,-187.8618460638189,-64.05907372035385,0.8317068696846072,0.36056444748385286,0.047073057976385085,3.520726179896665e-05,24.734886885004613,51.660521784551726,nan,1.1496884040261206,nan
447.35,169.8737335205078,-187.88543701171875,-64.05536651611328,170.7184147658557,-187.8685362159518,-64.05962474662348,0.8448610392644991,0.36049431821712513,0.04706994663843907,3.588974215221067e-05,25.7211470993432,52.878035112037125,5.282176571367571,nan,nan
447.36,169.8714141845703,-187.89407348632812,-64.0558853149414,170.7160743751301,-187.87725245791557,-64.06014682976833,0.8448384135572659,0.3605471088929787,0.047086066359395995,3.5176786855884265e-05,25.626819772105133,51.58209533154993,nan,0.004604823320340016,nan
447.37,169.86912536621094,-187.9027099609375,-64.05638885498047,170.71378346420536,-187.8859715013842,-64.06073974501076,0.8448351370414432,0.3605999888235344,0.047102250177068886,3.588062601787693e-05,25.534034026191666,51.20239281884143,nan,nan,nan
447.38,169.8667755126953,-187.9113311767578,-64.0569839477539,170.7114429662917,-187.8946622282434,-64.06024055719709,0.8448381895455898,0.3606529551516919,0.04711849629498677,3.5168639719726905e-05,25.204509968588674,52.44317243583506,nan,0.9000426404773029,nan
447.39,169.86436462402344,-187.9199676513672,-64.05767822265625,170.70906600251342,-187.9033826780743,-64.06095832320486,0.8448705458362352,0.36070601094725,0.04713480672798802,3.587277489752886e-05,25.101312475459967,51.4050546724417,nan,nan,nan
447.40000000000003,169.8618621826172,-187.92860412597656,-64.05845642089844,170.70517670336227,-187.90683104086938,-64.06286976901059,0.8436070920613169,0.3606357856832066,0.04713168754995495,3.514059157646248e-05,26.01967368482241,51.12332282577685,2.54706740660073,0.8729906323693495,nan
447.41,169.8592987060547,-187.93724060058594,-64.05933380126953,170.70265461974648,-187.91553189521483,-64.06378236490006,0.8436469965371696,0.36068860823049825,0.047148023874955154,3.584416583984092e-05,25.917149582465388,51.1409179461862,nan,nan,nan
447.42,169.85665893554688,-187.9458770751953,-64.06029510498047,170.70004994906816,-187.9242236878093,-64.06437681369265,0.8436788080897603,0.3607415172187795,0.04716442285291397,3.513472603051824e-05,25.739526607638393,50.94421349740228,nan,0.11708999305722811,nan
447.43,169.8539581298828,-187.9545135498047,-64.06134033203125,170.69738852023508,-187.93292569049262,-64.06546550655152,0.8437167037011171,0.36079451542867685,0.04718088623435858,3.583863121653044e-05,25.64033220576138,51.18815840585136,nan,nan,nan
447.44,169.8511962890625,-187.96315002441406,-64.0624771118164,170.69467035538642,-187.94163715413058,-64.06703838639123,0.8437606943764278,0.3608476004368898,0.047197412617753294,3.5129928333799395e-05,25.657815450027414,51.32416706779251,nan,0.1097765137140082,nan
447.45,169.84835815429688,-187.97178649902344,-64.0636978149414,170.708340717683,-187.95447614304686,-64.06815249156126,0.8601682985881282,0.3607772823123359,0.04719428289506019,3.5812233461884247e-05,25.885335223190182,51.00980068266846,3.311053332446075,nan,nan
447.46000000000004,169.84544372558594,-187.9804229736328,-64.06500244140625,170.7055832551177,-187.9632428033313,-64.07227296252944,0.8603418093944363,0.36083013388086976,0.047210834440737405,3.510504527858268e-05,26.738871203279725,51.67006981057534,nan,5.380129011582462,nan
447.47,169.84246826171875,-187.9890594482422,-64.06639862060547,170.70267990288139,-187.97194904880067,-64.07373768175478,0.860413095657729,0.36088307443521045,0.04722745048876643,3.58087733350441e-05,26.639072341729882,51.53354782212027,nan,nan,nan
447.48,169.8394317626953,-187.99769592285156,-64.06787109375,170.69971582928227,-187.98065909120785,-64.07545448504918,0.8604861629796515,0.3609361018152867,0.04724412986672017,3.510219018747799e-05,26.675158445255583,51.84994217270951,nan,0.019699609633267917,nan
447.49,169.83633422851562,-188.00633239746094,-64.06942749023438,170.69668225467694,-187.98936599524322,-64.07708903209071,0.8605494083127979,0.36098921840689624,0.04726087398274948,3.580628289001403e-05,26.57825893284802,51.82832774506522,nan,nan,nan
447.5,169.8331756591797,-188.0149688720703,-64.0710678100586,170.6437717182496,-187.98054462344416,-64.07660522385058,0.811345587788994,0.36091880533136395,0.047257727809327334,3.507915417103353e-05,25.59076374698984,50.9423713365845,21.44913262820738,3.1659208194654287,nan
447.51,169.82994079589844,-188.0236053466797,-64.07278442382812,170.64052882399744,-187.98922298555803,-64.07838187940456,0.8113362000814851,0.3609716881610196,0.04727449622185925,3.578274761576409e-05,25.49535407827001,50.5575989146573,nan,nan,nan
447.52,169.82666015625,-188.03224182128906,-64.07457733154297,170.6372431676988,-187.99791571410364,-64.0809822003749,0.811334778268925,0.3610246578334856,0.04729132827571945,3.507802870358472e-05,25.691779638070706,51.30057853877134,nan,0.38779929225660276,nan
447.53000000000003,169.82330322265625,-188.04087829589844,-64.07645416259766,170.63387603044904,-188.006593936777,-64.0829269585747,0.8113233579166964,0.3610777164961991,0.04730822518206758,3.57820087933833e-05,25.596939226874337,50.61968816268464,nan,nan,nan
447.54,169.8199005126953,-188.0495147705078,-64.07838439941406,170.63046034672462,-188.01528101028418,-64.08542318933728,0.8113129725600643,0.3611308623467012,0.04732518606316611,3.507771107897379e-05,25.741772201835253,51.21201388484723,nan,0.16470439351326654,nan
447.55,169.81642150878906,-188.0581512451172,-64.080322265625,170.6264813929804,-188.01705420461496,-64.08750605473186,0.8111335214007914,0.36106035679802967,0.04732202012723494,3.576013315711065e-05,26.708726287344813,50.59730451064355,4.474283218250551,nan,nan
447.56,169.81289672851562,-188.06680297851562,-64.08224487304688,170.62294178421908,-188.02571050484067,-64.08990106406394,0.8111228026157504,0.3611132686845828,0.04733900451952191,3.505704724221814e-05,26.844218339400452,50.05135521048211,nan,0.08539759005110754,nan
447.57,169.80931091308594,-188.075439453125,-64.08414459228516,170.61933454498694,-188.03436065893894,-64.09193108399772,0.8111019547646667,0.36116626934914114,0.04735605388667109,3.576094388714019e-05,26.772369978359045,50.86742502762282,nan,nan,nan
447.58,169.8056640625,-188.08407592773438,-64.08600616455078,170.61567901603067,-188.04301763484986,-64.09434150190911,0.8110977044763219,0.3612193572040265,0.047373167518997006,3.505817727497514e-05,26.964074030531318,51.08015056401205,nan,0.11751905802515512,nan
447.59000000000003,169.8019561767578,-188.09271240234375,-64.08783721923828,170.6119560936104,-188.05166763990164,-64.09631527207135,0.8110834822661285,0.36127253407450644,0.04739034637625614,3.576247771125773e-05,26.897997629559004,50.80362654120797,nan,nan,nan
447.6,169.79820251464844,-188.10134887695312,-64.08963012695312,170.57747265958284,-188.04255797866082,-64.09890705253777,0.7815397557747148,0.36120193455954996,0.04738715523842184,3.503887948456594e-05,28.219915747655502,51.722625052419836,15.784030888999341,0.2251318812521615,nan
447.61,169.79437255859375,-188.1099853515625,-64.09138488769531,170.57358639739113,-188.05116145869047,-64.10082030994394,0.7814879935987317,0.36125487715747684,0.04740435671742403,3.5742714365960874e-05,28.161681902240463,51.04880646037739,nan,nan,nan
447.62,169.79051208496094,-188.11862182617188,-64.09310913085938,170.56964320989204,-188.0597635035247,-64.10263046984043,0.7814091552299796,0.3613079069389581,0.04742162273790998,3.5041281292124276e-05,28.164193533227113,51.680209622665565,nan,0.003376034717073006,nan
447.63,169.78659057617188,-188.12725830078125,-64.09480285644531,170.56564692109123,-188.06836628834174,-64.10447589250516,0.7813389951326472,0.36136102553679406,0.04743895411767827,3.574553257680821e-05,28.101568470668287,51.28477616818365,nan,nan,nan
447.64,169.78260803222656,-188.13589477539062,-64.0964584350586,170.56160779508267,-188.07697631587968,-64.10680173909259,0.7812931583850884,0.36141423165209857,0.04745635035967199,3.5044276368224745e-05,28.44442148380894,51.490601771906206,nan,0.1855026964764055,nan
447.65000000000003,169.778564453125,-188.14453125,-64.09808349609375,170.54886677056234,-188.0799917318598,-64.10839695165784,0.7730700983848626,0.3613435401109164,0.047453130263276834,3.572697676135909e-05,28.682225664102297,51.03758213069997,3.164106893887359,nan,nan
447.66,169.7744903564453,-188.15316772460938,-64.09967803955078,170.5447514089364,-188.0886146815978,-64.11274463911305,0.773071743353011,0.3613965117424398,0.0474705482907314,3.502670015952913e-05,30.487039037442887,53.485312336284295,nan,4.757704047382429,nan
447.67,169.77035522460938,-188.16180419921875,-64.10123443603516,170.54052786495404,-188.09720122232233,-64.11448924682765,0.7729910287762094,0.36144957199904737,0.047488031817489854,3.573091448551184e-05,30.43796134866903,53.224433603886915,nan,nan,nan
447.68,169.7661590576172,-188.17044067382812,-64.1027603149414,170.53502945181063,-188.1104119380598,-64.11442105944077,0.7712983243514808,0.3614305195546715,0.04639685754879218,3.50293766661632e-05,38.06987694873324,60.50746905620572,nan,2.225753778990918,0.019485194631749303
447.69,169.7619171142578,-188.1790771484375,-64.10426330566406,170.53070000840603,-188.11900649648777,-64.11608747214575,0.7712168517826619,0.36148339350981323,0.04641036665615224,3.573398155707779e-05,37.97604228525351,60.42770047380615,nan,nan,nan
447.7,169.75762939453125,-188.18771362304688,-64.10572814941406,170.56048063000057,-188.13373602663466,-64.11871919308393,0.8047685719663039,0.3614133396104017,0.04640685775022853,3.5012823558887166e-05,40.11240998671782,61.32547307673906,12.623372542621505,0.6455347339214189,nan
447.71000000000004,169.7532958984375,-188.19635009765625,-64.10717010498047,170.55610715965835,-188.14232127879208,-64.12033834673576,0.8047350104238039,0.36146598155731113,0.04642040048114879,3.571697842315039e-05,40.02409221792798,61.20725348353469,nan,nan,nan
447.72,169.7489013671875,-188.20497131347656,-64.10858154296875,170.55166780419512,-188.15083591904775,-64.12039937494242,0.804676490565264,0.36151871044762873,0.04643399828035371,3.5017808449363674e-05,39.03259124486399,60.90759379685475,nan,1.6515156141397804,nan
447.73,169.7444610595703,-188.21360778808594,-64.1099624633789,170.54719623125928,-188.15942048190104,-64.12194802450902,0.8046512745865085,0.36157152675963805,0.04644765726016488,3.57223926861013e-05,38.94403733533485,59.95593619265347,nan,nan,nan
447.74,169.73997497558594,-188.2222442626953,-64.11131286621094,170.54267642064065,-188.16800468714348,-64.12346628097957,0.8046236678966749,0.3616244303201152,0.04646137174507707,3.502321336883072e-05,39.01853105458395,60.157369282991084,nan,9.645765972569467e-06,nan
447.75,169.73544311523438,-188.2308807373047,-64.11264038085938,170.55189293979498,-188.17943643425892,-64.12494504738629,0.8181614982136776,0.36155428791402966,0.046457911434085175,3.570623437164144e-05,39.42743084093925,59.98020758694851,1.8354835517548853,nan,nan
447.76,169.73086547851562,-188.23951721191406,-64.11394500732422,170.5473076928712,-188.1880465418746,-64.1270591828171,0.8181681372767958,0.3616069592387918,0.04647165922577512,3.500785935401087e-05,39.979396472199,60.49624275562623,nan,0.29284494260773203,nan
447.77,169.7262420654297,-188.24813842773438,-64.11521911621094,170.54266972810888,-188.19662822426633,-64.12851043649839,0.818158962943086,0.36165971786088175,0.046485468170159694,3.571242335503679e-05,39.89035569626287,61.47804043009428,nan,nan,nan
447.78000000000003,169.72157287597656,-188.25677490234375,-64.11647033691406,170.5380031750781,-188.20528782923836,-64.13178498931613,0.8181955087668148,0.3617125636632893,0.04649933317918273,3.5013983693426125e-05,41.52236275278234,62.05379596396631,nan,2.4093920501884964,nan
447.79,169.71685791015625,-188.26541137695312,-64.11769104003906,170.53327388944444,-188.21386863440196,-64.13320599618831,0.8181884987037586,0.3617654970380946,0.04651325949244096,3.5718974252470866e-05,41.44371901172763,62.04568248391545,nan,nan,nan
447.8,169.71209716796875,-188.27403259277344,-64.118896484375,170.56279913885308,-188.23258590978597,-64.13439238003427,0.8518519786790606,0.36169526611453073,0.04650983828871876,3.499929734571663e-05,42.00149209096002,62.814555288131096,9.718257568944589,0.015509127311462964,nan
447.81,169.70733642578125,-188.2826690673828,-64.12007141113281,170.55806083209578,-188.24117684030352,-64.13576385533302,0.8518801988614242,0.36174796700027334,0.046523797264574195,3.57038381982255e-05,41.9184338662554,61.73616517550806,nan,nan,nan
447.82,169.70262145996094,-188.29129028320312,-64.12122344970703,170.55335147344024,-188.24978290090345,-64.13750564406219,0.8518976044530774,0.36180075499392306,0.04653781284009461,3.5006029429728616e-05,42.471200236801096,63.17675003986541,nan,0.10902560267737303,nan
447.83,169.69798278808594,-188.2999267578125,-64.12235260009766,170.54869824101704,-188.25837257100986,-64.1388362600322,0.8518892201110602,0.36185363044110946,0.046551889718445656,3.57109985793583e-05,42.38532585960362,62.22439573171251,nan,nan,nan
447.84000000000003,169.6934356689453,-188.3085479736328,-64.12345886230469,170.5441156971737,-188.26693754273526,-64.13952493222321,0.8518486115436071,0.3619065932961657,0.04656602360893087,3.5013046124701564e-05,42.023860647820655,63.128779284156614,nan,0.2715495841605826,nan
447.85,169.68894958496094,-188.3171844482422,-64.12454223632812,170.53692395431662,-188.27759450473764,-64.14073616010849,0.8490524941829366,0.3618362743618379,0.046562642344620125,3.569642575464152e-05,41.352517028031954,61.33875406542014,1.556835553777604,nan,nan
447.86,169.6845703125,-188.3258056640625,-64.1256103515625,170.53251506302752,-188.28621971813507,-64.14263270220069,0.8490389316653227,0.3618890044967968,0.04657680850465578,3.499915280730632e-05,42.160583251845196,63.60256636080192,nan,0.28662784798417157,nan
447.87,169.68026733398438,-188.33444213867188,-64.12664794921875,170.52818743444323,-188.29482040892523,-64.14387814530087,0.8490201751944952,0.3619418219693626,0.046591035982173346,3.570409365825498e-05,42.0760547919992,62.347593910314764,nan,nan,nan
447.88,169.67605590820312,-188.3430633544922,-64.12767028808594,170.5239362215286,-188.303373432886,-64.1438166284287,0.8489623194868411,0.3619947267718578,0.04660532097346142,3.500663888892813e-05,41.08489390272527,62.473013562232886,nan,1.1692091670174454,nan
447.89,169.6719207763672,-188.3516845703125,-64.12867736816406,170.51977852199477,-188.31197354103554,-64.1450098034257,0.8489443274493862,0.36204771919162015,0.04661966745749808,3.5712000233973254e-05,40.98456140563783,62.12953986287047,nan,nan,nan
447.90000000000003,169.66786193847656,-188.36032104492188,-64.12965393066406,170.50807317747288,-188.31720445678852,-64.14575742306198,0.841470907860396,0.3619773123539743,0.0466163178757063,3.4993177288488085e-05,40.97422218973548,60.92060454743182,0.7476510215707292,0.15953001244984344,nan
447.91,169.6638946533203,-188.3689422607422,-64.130615234375,170.50406750834023,-188.32579663058638,-64.14690901991672,0.8414377333832472,0.36203007180529173,0.04663069596191028,3.5698081024843853e-05,40.87884420607851,62.06501737988929,nan,nan,nan
447.92,169.66000366210938,-188.37757873535156,-64.13156127929688,170.50012879966314,-188.3343172509162,-64.14597583273991,0.8413617427339168,0.36208291850527285,0.046645132040472916,3.50010473741402e-05,39.25989845755403,59.36281859982566,nan,3.0147472161890208,nan
447.93,169.65618896484375,-188.38619995117188,-64.13248443603516,170.4962813528775,-188.34290953131537,-64.14707020345736,0.8413334805503112,0.36213585271064136,0.04665962965095569,3.57063708442204e-05,39.16104260712446,60.30052191819068,nan,nan,nan
447.94,169.65245056152344,-188.3948211669922,-64.13339233398438,170.4924993887673,-188.35143776455698,-64.14623113258466,0.8412662994023606,0.36218887446078574,0.04667418564348372,3.500909925783688e-05,37.79086812030445,58.955698827166906,nan,2.5899129481450913,nan
447.95,169.64878845214844,-188.40345764160156,-64.13427734375,170.47264904460127,-188.36108032608507,-64.14736058226332,0.8250535035966522,0.36211838012863057,0.04667086726502594,3.5692802511125935e-05,36.53187168634473,57.998956788987755,7.322277621527335,nan,nan
447.96000000000004,169.64520263671875,-188.41207885742188,-64.13514709472656,170.46899863210703,-188.36968325456039,-64.14803757589756,0.8249869051473346,0.3621711686768514,0.04668545439386,3.499612415944659e-05,36.36354629068429,58.9541114284004,nan,0.0855574252751648,nan
447.97,169.6416778564453,-188.42071533203125,-64.13600158691406,170.46542213978876,-188.3782976077192,-64.14904250375817,0.8249387693574314,0.3622240446206421,0.0467001031081992,3.570139877703046e-05,36.262130731434645,57.55396322553298,nan,nan,nan
447.98,169.6382293701172,-188.42933654785156,-64.13683319091797,170.4619128851494,-188.3868912758471,-64.1493700369029,0.8248716909668953,0.362277008023719,0.046714810652275306,3.5004457902372445e-05,35.868995080796914,58.42653768036747,nan,0.30852666518873995,nan
447.99,169.63485717773438,-188.43795776367188,-64.13764953613281,170.45847639715154,-188.39550605166406,-64.15033625473204,0.8248101110404478,0.36233005910545174,0.04672957997902195,3.5710141723430926e-05,35.76633845977792,58.57219700965086,nan,nan,nan
448.0,169.6315460205078,-188.44659423828125,-64.13845825195312,170.48113356842504,-188.40730215456296,-64.15146078298268,0.8505950477354671,0.3622594774643171,0.046726285549714634,3.499173959932989e-05,37.20871500044139,57.59162085221973,8.331255186293477,0.01459595521429154,nan
448.01,169.6282958984375,-188.45521545410156,-64.13924407958984,170.47787485530273,-188.41590591685085,-64.15239858913971,0.8505896100873647,0.3623122950997365,0.04674108532146572,3.5696953493339946e-05,37.10716287250553,58.457003720367005,nan,nan,nan
448.02,169.6251220703125,-188.46385192871094,-64.1400146484375,170.4746851063374,-188.42453320835693,-64.1541052017834,0.8505891238686994,0.3623652001064025,0.0467559443495241,3.5000291897158724e-05,37.81714388274301,58.48678566381496,nan,0.43350041039378545,nan
448.03000000000003,169.6219940185547,-188.4724884033203,-64.1407699584961,170.47155612306494,-188.43313794438905,-64.15502159999873,0.8505923449711472,0.3624181926847484,0.046770865235648086,3.5705913024348527e-05,37.71920531535602,57.989633157817934,nan,nan,nan
448.04,169.6189422607422,-188.48110961914062,-64.14151000976562,170.46848963777558,-188.44174070981578,-64.15583427174015,0.8505797089790315,0.36247127292763864,0.04678584574714409,3.5008950649360915e-05,37.77461732166818,59.478110888089724,nan,0.00564020214074677,nan
448.05,169.61595153808594,-188.48974609375,-64.1422348022461,170.464172749185,-188.45175729724937,-64.15676441828785,0.8491957850579812,0.36240060432333615,0.04678257371819855,3.5692921197548076e-05,37.44094001783321,58.42098523080158,0.5240757730195694,nan,nan
448.06,169.61300659179688,-188.4983673095703,-64.1429443359375,170.46122089159726,-188.460331533494,-64.15620604054115,0.8491702370294107,0.36245345088491043,0.0467975841400355,3.499649562880735e-05,36.43611808490209,58.121045352603346,nan,1.4501639754749593,nan
448.07,169.61013793945312,-188.5070037841797,-64.14363861083984,170.4583336744722,-188.46894540968316,-64.15705298417073,0.8491551037270542,0.3625063849125396,0.04681265650773058,3.570204133570887e-05,36.33715759450266,57.48861845461424,nan,nan,nan
448.08,169.60731506347656,-188.51564025878906,-64.14432525634766,170.4554986347687,-188.47751364295243,-64.15615465947799,0.8491224553758203,0.3625594065135179,0.04682778889951416,3.500530078415341e-05,35.18184616265618,56.04080207743931,nan,2.1182166664656026,nan
448.09000000000003,169.60455322265625,-188.52427673339844,-64.1449966430664,170.4527265838787,-188.48612819835333,-64.15695860738894,0.849115098207499,0.36261251586610566,0.046842983453898895,3.5711242101749825e-05,35.07856323897825,56.10638322888466,nan,nan,nan
448.1,169.60183715820312,-188.53289794921875,-64.1456527709961,170.47933140470818,-188.4943949481507,-64.15632760928374,0.8784034300440668,0.36254176053260634,0.0468397273668241,3.4992977935534025e-05,36.27733298179096,56.26050667334021,17.281092272610525,1.3165223889327449,nan
448.11,169.59918212890625,-188.54153442382812,-64.14629364013672,170.4767186575998,-188.50298050265874,-64.15709208717549,0.8784494125944399,0.3625946359625971,0.04685495111515158,3.569843532596e-05,36.1770919678662,55.40757415969249,nan,nan,nan
448.12,169.59658813476562,-188.5501708984375,-64.14691925048828,170.4741584592774,-188.51155932689804,-64.15754495210857,0.8784835988539317,0.36264759887281695,0.04687023526735547,3.5001884190069115e-05,36.025811364220594,55.51811195571135,nan,0.06341086028773688,nan
448.13,169.5940399169922,-188.55880737304688,-64.14753723144531,170.47165153942478,-188.52014618741762,-64.15828277340326,0.8785284934337662,0.36270064943088653,0.046885581688627526,3.570773491863632e-05,35.92383910587679,55.314786296001074,nan,nan,nan
448.14,169.59153747558594,-188.56744384765625,-64.14814758300781,170.4691891616091,-188.52867030907717,-64.15634011142244,0.878545950303729,0.3627537877605052,0.04690098886473297,3.50108440219083e-05,34.49784187993596,53.82603478578409,nan,5.026660163860231,nan
448.15000000000003,169.58909606933594,-188.57608032226562,-64.14874267578125,170.4852492397404,-188.54149454939497,-64.15692310068854,0.8968576251906933,0.36268294600599843,0.04689774631892948,3.569501707098971e-05,34.88578335479058,54.10246161956613,3.415557310724703,nan,nan
448.16,169.58668518066406,-188.584716796875,-64.14932250976562,170.48292213777597,-188.55006536839397,-64.15678627691774,0.8969376302782106,0.3627358501772383,0.04691318208983546,3.499862895264327e-05,34.494946997245094,53.378445534613085,nan,0.465554911325494,nan
448.17,169.58433532714844,-188.59335327148438,-64.14988708496094,170.48064517348135,-188.5586550736316,-64.15744261391386,0.8970130386930375,0.36278884189335386,0.04692868024647084,3.570437622986933e-05,34.393711179333664,53.61821453604098,nan,nan,nan
448.18,169.58203125,-188.60198974609375,-64.15045166015625,170.47841705756622,-188.56726258508274,-64.15887192114654,0.8970977608450325,0.3628419212855916,0.0469442395131897,3.50076418378561e-05,34.71203906713432,53.96650693498326,nan,0.43323651648600525,nan
448.19,169.57977294921875,-188.61062622070312,-64.15099334716797,170.47623384619595,-188.57585378966462,-64.15951545052808,0.8971755056928267,0.362895088509964,0.04695986139937281,3.571377085793797e-05,34.61240011932028,53.96474083792057,nan,nan,nan
448.2,169.5775604248047,-188.6192626953125,-64.15153503417969,170.51229068678612,-188.59405968509896,-64.16005501572336,0.9351087875072069,0.36282416059578915,0.0469566265501525,3.4995474551553455e-05,35.43720147031092,54.32762989348488,12.072779181618822,0.0025779891811399916,nan
448.21000000000004,169.5753936767578,-188.62791442871094,-64.15206146240234,170.5102606272568,-188.60265822200924,-64.1606774146864,0.9352477349590285,0.3628770934229419,0.0469722762882366,3.5701105819863034e-05,35.3380656991593,53.36739492928745,nan,nan,nan
448.22,169.57327270507812,-188.6365509033203,-64.15257263183594,170.50827543269963,-188.61127243819232,-64.16203124070425,0.9353921994225803,0.36293011382935425,0.04698798747501532,3.500450941625594e-05,35.707690050410825,54.83100219085944,nan,0.3876823978216,nan
448.23,169.57118225097656,-188.6451873779297,-64.153076171875,170.506332015419,-188.61987223023667,-64.16264200275835,0.9355412571126609,0.3629832219660277,0.04700376141328875,3.571052045147958e-05,35.60839284836179,54.557411986013136,nan,nan,nan
448.24,169.5691375732422,-188.65383911132812,-64.15357208251953,170.5044304355297,-188.62846856794152,-64.1630303340138,0.9356847018301904,0.3630364179719584,0.0470195971357657,3.501356279865854e-05,35.497667216302624,53.599894036375616,nan,0.03210441615937434,nan
448.25,169.567138671875,-188.6624755859375,-64.15406036376953,170.49012953071457,-188.61876678577417,-64.16351883695472,0.9240736158056444,0.3629654041864103,0.047016366921607954,3.569787387294929e-05,37.86000313602969,54.81459220073131,26.681872158684715,nan,nan
448.26,169.5650634765625,-188.67111206054688,-64.15463256835938,170.48823239574736,-188.62730752535725,-64.16448886504062,0.9242601566855464,0.3630183655591482,0.0470322298367886,3.5001401163579825e-05,38.02921710771138,55.08595306555739,nan,0.08099709263751508,nan
448.27,169.5629119873047,-188.6797637939453,-64.15530395507812,170.48625910549666,-188.63584270159416,-64.1652174310681,0.9244442871438698,0.36307141456062414,0.04704815564345263,3.570728224883232e-05,37.90867949883787,54.07115659967073,nan,nan,nan
448.28000000000003,169.56068420410156,-188.6884002685547,-64.15606689453125,170.48421239701517,-188.64441098308023,-64.16787217075168,0.9246506069264583,0.3631245513328417,0.0470641435517558,3.501044724498073e-05,39.037173976603526,56.13540711084859,nan,2.372464737013537,nan
448.29,169.55838012695312,-188.69705200195312,-64.15692138671875,170.48209019078297,-188.65294720246058,-64.16880344820657,0.9248387420215554,0.36317777602216966,0.04708019459960993,3.5716697238241753e-05,38.912486933462205,55.09813977682155,nan,nan,nan
448.3,169.55599975585938,-188.70570373535156,-64.15786743164062,170.4617640975317,-188.6572637509912,-64.16989061859591,0.9071383751966905,0.3631066766396591,0.047076963634755664,3.4998280174401006e-05,38.61851675399032,54.98922108455041,3.6666535483833336,0.03085068060913428,nan
448.31,169.55355834960938,-188.71434020996094,-64.15889739990234,170.45946641173526,-188.66579994826037,-64.17100187548523,0.9072883182096962,0.3631596664588863,0.04709304110447763,3.570401992993973e-05,38.49153058403469,56.091913790361154,nan,nan,nan
448.32,169.55104064941406,-188.72299194335938,-64.1600112915039,170.4570970530105,-188.6743365677333,-64.17220176920773,0.9074437502248133,0.3632127439494932,0.04710918135069577,3.642408639825014e-05,38.37069500927089,54.983236476189035,nan,nan,nan
448.33,169.54844665527344,-188.7316436767578,-64.16121673583984,170.45465692721984,-188.68287351620512,-64.17348929654572,0.9076046503229227,0.36326590925598,0.04712538451791028,3.7158624079532266e-05,38.24753326786807,54.77806701911985,nan,nan,nan
448.34000000000003,169.54579162597656,-188.74029541015625,-64.16250610351562,170.4521465773698,-188.69138365896998,-64.17310549478555,0.9077356467686188,0.3633191625227916,0.047141650384279726,3.6375644328777036e-05,37.185777100494285,53.9377520290843,nan,2.0175935896774444,nan
448.35,169.54306030273438,-188.74893188476562,-64.16387939453125,170.47451249940605,-188.70979472646525,-64.17454216121436,0.9323350290735882,0.36324797782351914,0.047138415109535266,3.708506175241324e-05,37.04203854170249,54.789087854111564,5.778796596899881,nan,nan
448.36,169.54026794433594,-188.75758361816406,-64.16533660888672,170.47190610712994,-188.71838053359212,-64.17802252095984,0.9325489159176931,0.36330099598452564,0.047154706685692264,3.6305770443178526e-05,38.312541747479585,55.29234547785086,nan,2.499699607771071,nan
448.37,169.53741455078125,-188.7662353515625,-64.1668701171875,170.4692323089545,-188.72693798877745,-64.179652988777,0.9327336270205765,0.36335410186066697,0.04717106173663632,3.703675883042794e-05,38.19501096187678,55.354702460822615,nan,nan,nan
448.38,169.53448486328125,-188.77488708496094,-64.16849517822266,170.46649214004916,-188.73548058840439,-64.18028376768262,0.932914469156012,0.3634072955964011,0.047187479777293345,3.6260102352158604e-05,37.51981483483125,54.503357738447626,nan,0.7699635042083977,nan
448.39,169.531494140625,-188.7835235595703,-64.17019653320312,170.4636858805119,-188.74403865770915,-64.18206820830405,0.9331031208060728,0.36346057733630566,0.0472039615500168,3.698988463454256e-05,37.39868046424523,55.466319423584785,nan,nan,nan
448.40000000000003,169.5284423828125,-188.79217529296875,-64.1719741821289,170.468626530065,-188.75892501839095,-64.18484261960009,0.9408599301635445,0.3633893075986346,0.047200716890120516,3.61932430681736e-05,37.561746600339845,55.28170341637682,2.3298315095754103,0.48807932131733817,nan
448.41,169.5253143310547,-188.8008270263672,-64.17383575439453,170.46570327154993,-188.7675029367387,-64.18679770297486,0.9410684706578608,0.3634423539973833,0.047217223569665845,3.692097022739877e-05,37.44156755982293,54.93739460928669,nan,nan,nan
448.42,169.52212524414062,-188.80947875976562,-64.17575073242188,170.46271770227656,-188.77604664671887,-64.18612297053691,0.9412435719878748,0.3634954881541973,0.04723379351618677,3.61503981210643e-05,35.771684404357586,53.325116688208794,nan,4.811803120137889,nan
448.43,169.5188751220703,-188.81813049316406,-64.17767333984375,170.45966793490547,-188.7846242835424,-64.1881525569658,0.9414476070164427,0.36354871021429086,0.04725042735727714,3.687705896382662e-05,35.67852579709098,53.275965199091345,nan,nan,nan
448.44,169.5155792236328,-188.8267822265625,-64.17958068847656,170.45655790114878,-188.79316692943144,-64.18727738184607,0.9416103752772379,0.363602020321165,0.04726712477959203,3.610894945890834e-05,34.24551647084453,52.14511064367959,nan,5.581844739696011,nan
448.45,169.51220703125,-188.83541870117188,-64.18145751953125,170.43030224343613,-188.78717745296996,-64.18937473801365,0.9193958445716808,0.3635306658244276,0.04726386685387155,3.681131790443016e-05,35.29717773397587,52.80217717103205,11.341596958152884,nan,nan
448.46000000000004,169.50877380371094,-188.8440704345703,-64.18331146240234,170.42703080575632,-188.7957152269928,-64.19141981378908,0.9195650565715531,0.3635837403550428,0.04728058841832969,3.604657704920391e-05,35.324934908798774,51.8561750302624,nan,0.005558091945658022,nan
448.47,169.50527954101562,-188.85272216796875,-64.18512725830078,170.423699403223,-188.80425179555368,-64.19334279513357,0.9197346983475806,0.36363690268784316,0.047297374044520314,3.677038252058982e-05,35.24358699503042,51.77713355267694,nan,nan,nan
448.48,169.50173950195312,-188.8613739013672,-64.1869125366211,170.42031028955515,-188.8127701085359,-64.19353337532156,0.9198795877822729,0.36369015296508045,0.04731422351305712,3.600798525100575e-05,34.53172979248435,51.335917624754735,nan,1.9238529693466697,nan
448.49,169.4981231689453,-188.87001037597656,-64.18865966796875,170.4168611167111,-188.82130654725594,-64.19537238559586,0.9200524659903154,0.3637434913338927,0.04733113731097913,3.673091070938452e-05,34.446290934705175,51.84893266389025,nan,nan,nan
448.5,169.4944610595703,-188.878662109375,-64.19036865234375,170.40768259292847,-188.81937013941567,-64.19784084697352,0.9151748141110865,0.3636720523552217,0.04732786126182889,3.594863310824412e-05,36.191203583234824,51.704376942492516,8.083022508867646,0.26186664836800455,nan
448.51,169.49073791503906,-188.88731384277344,-64.19204711914062,170.40410998658297,-188.82786794578587,-64.19962005251097,0.9153358427729631,0.3637251549137373,0.04734479836976514,3.666983406524385e-05,36.110941050031165,51.54527594592796,nan,nan,nan
448.52,169.48695373535156,-188.89596557617188,-64.19369506835938,170.40048270215868,-188.83635142927656,-64.19986700740249,0.9154928249512901,0.3637783453137437,0.047361799570204775,3.591288126396468e-05,35.5171649766777,50.853243683353966,nan,1.5064524890741497,nan
448.53000000000003,169.48312377929688,-188.90460205078125,-64.19530487060547,170.39679767405664,-188.8448488418141,-64.2015664592702,0.9156471151267619,0.36383162370403094,0.04737886527437594,3.6633323854485316e-05,35.4332098188028,51.90564081600055,nan,nan,nan
448.54,169.47923278808594,-188.9132537841797,-64.19688415527344,170.3930591528075,-188.8533338931457,-64.20186880316544,0.9158023066777841,0.36388499022431636,0.04739599537649402,3.587852127901282e-05,34.96517258717277,50.41001807700691,nan,1.2514974531049978,nan
448.55,169.4752960205078,-188.92190551757812,-64.19843292236328,170.41236178913994,-188.87563969903164,-64.20361402606704,0.9382215221063086,0.3638134670462006,0.04739269705431524,3.657534731971709e-05,34.122570374538434,50.45695234051118,9.96355040792693,nan,nan
448.56,169.47129821777344,-188.9305419921875,-64.199951171875,170.40854682373768,-188.88419170222681,-64.20750607677068,0.9384244111005098,0.36386659752193884,0.0474098496534502,3.582356576194391e-05,34.88904292370517,52.0168540720897,nan,3.5519098172126964,nan
448.57,169.46725463867188,-188.93919372558594,-64.2014389038086,170.40468169590915,-188.89272450521432,-64.20909462292587,0.9386093362617277,0.3639198158863038,0.0474270669332295,3.654175352440435e-05,34.80907960550809,51.16289686737506,nan,nan,nan
448.58,169.46315002441406,-188.9478302001953,-64.20289611816406,170.40076159984702,-188.9012682327273,-64.21209888972189,0.9388121080411689,0.3639731222771434,0.04744434884810888,3.579199471798932e-05,35.478983429185774,52.600736468472974,nan,1.4077691097889489,nan
448.59000000000003,169.458984375,-188.95648193359375,-64.20433044433594,170.39679168547144,-188.90980047489148,-64.21364467109898,0.9390146244763411,0.3640265168461341,0.04746169571909269,3.6509583280348634e-05,35.399942503534405,51.40181399145829,nan,nan,nan
448.6,169.4547882080078,-188.96511840820312,-64.20572662353516,170.3945155615422,-188.91449377905857,-64.21566756020364,0.9411424835159657,0.36395490974192735,0.047458370430947174,3.5739930963534145e-05,36.526516618303866,53.20011671388768,2.645242613556301,0.28470233152452856,nan
448.61,169.45053100585938,-188.97377014160156,-64.20709991455078,170.3904466688804,-188.9230081743308,-64.21716183089612,0.9413391912982237,0.3640080680334863,0.04747573893639392,3.645607673500752e-05,36.45007541633391,51.98852803975436,nan,nan,nan
448.62,169.44622802734375,-188.98240661621094,-64.20844268798828,170.3863276752647,-188.93152136558024,-64.2184961469388,0.9415294625181578,0.36406131424751875,0.04749317230505114,3.571108519815267e-05,36.41217538964823,52.95921230865741,nan,0.012034862179961608,nan
448.63,169.44186401367188,-188.99105834960938,-64.20976257324219,170.38215861539163,-188.94003502295357,-64.21993634918451,0.9417328833609163,0.3641146485376559,0.047510670811082845,3.642673509932711e-05,36.335818166820175,51.73508339581132,nan,nan,nan
448.64,169.43746948242188,-188.99969482421875,-64.21105194091797,170.37794136876883,-188.94854510992093,-64.22086497646855,0.9419129248229192,0.3641680710387324,0.04752823447925201,3.5683566389103014e-05,36.10200604973791,52.745034147111596,nan,0.16038354042678457,nan
448.65000000000003,169.43301391601562,-189.0083465576172,-64.21231842041016,170.39647329747845,-188.96740620019645,-64.2224217320992,0.96438175506464,0.3640963802958667,0.04752487790095171,3.637614006791837e-05,35.9101641527994,51.75858024180908,6.855809096370435,nan,nan
448.66,169.4285125732422,-189.01698303222656,-64.21356201171875,170.39219749027401,-188.9759364786056,-64.22300297325738,0.9646048779855779,0.36414956628628886,0.047542462346152045,3.5635640246241827e-05,35.515522495273416,52.2834142758104,nan,0.4166683548652116,nan
448.67,169.4240264892578,-189.02561950683594,-64.21477508544922,170.38790163049873,-188.98447047618993,-64.22433478690301,0.964800455284508,0.3642028402503138,0.047560112110864826,3.634954209391667e-05,35.43705458649044,52.29142253592007,nan,nan,nan
448.68,169.41958618164062,-189.03427124023438,-64.21597290039062,170.34126843275666,-188.998925783632,-64.22519782402492,0.9224058610724556,0.3587531200078544,0.04747024129626363,3.5609767655484004e-05,44.12504018569183,59.94841753077615,nan,0.12445258116955417,0.32619379540631205
448.69,169.4152069091797,-189.04290771484375,-64.2171401977539,170.337046898883,-189.0074933004425,-64.22647837204767,0.9225672598042415,0.35880274072332075,0.04748676407233525,3.6323283540446463e-05,44.01236473968238,60.66702339489909,nan,nan,nan
448.7,169.41091918945312,-189.05154418945312,-64.2182846069336,170.34887981236608,-189.02652888075687,-64.22554875025885,0.9383222599846359,0.3587359120876968,0.04748336458462149,3.556454786553439e-05,42.056338414503884,59.91155859332003,6.306209067560443,3.2535529087288615,nan
448.71000000000004,169.4066925048828,-189.0601806640625,-64.21940612792969,170.34483024677473,-189.03512635357055,-64.22676261974028,0.9385010704352232,0.3587853175039376,0.047499906224751816,3.6276856444492544e-05,41.940286093641674,59.51451565881797,nan,nan,nan
448.72,169.40257263183594,-189.06881713867188,-64.22050476074219,170.34075278421426,-189.04374548486024,-64.22962951159221,0.9385594532151588,0.3588348034462348,0.04751650599103264,3.554219933742437e-05,42.66515846835492,60.679490581737774,nan,1.9193593750411428,nan
448.73,169.3985137939453,-189.0774688720703,-64.2215805053711,170.33686535583152,-189.0523425395385,-64.23081729657603,0.938733351166639,0.35888438238469983,0.04753316452582275,3.625423146473886e-05,42.555100913468436,59.321719728764585,nan,nan,nan
448.74,169.39454650878906,-189.0861053466797,-64.22264099121094,170.333102281958,-189.06093082186007,-64.23130370050653,0.9389332982597643,0.3589340423297337,0.047549881495226355,3.552107196316135e-05,42.18972155750548,60.09636775583671,nan,0.3177757631600008,nan
448.75,169.39065551757812,-189.09474182128906,-64.22367095947266,170.3200114567942,-189.07300718417494,-64.2323149365852,0.9296502431274789,0.3588671610311866,0.04754646809220403,3.62104518724023e-05,40.62029214293973,59.63530392948039,8.628706204153039,nan,nan
448.76,169.3868408203125,-189.10337829589844,-64.22468566894531,170.3164487545367,-189.08160683315828,-64.23169178973812,0.9298892373239994,0.3589166056782728,0.047563203425095575,3.54796196514196e-05,39.81511435404863,58.80699735025856,nan,2.0823730607827597,nan
448.77,169.38308715820312,-189.1120147705078,-64.2256851196289,170.3128531266,-189.090227148865,-64.23277326541637,0.9300482236188294,0.3589661428370273,0.04757999775330427,3.619032331001598e-05,39.69620938966239,58.449089683615334,nan,nan,nan
448.78000000000003,169.37942504882812,-189.1206512451172,-64.2266616821289,170.30936528486498,-189.09884128775585,-64.23330984748593,0.9302197132629481,0.3590157613039507,0.047596850819465256,3.5460866693173395e-05,39.429719242836654,58.51507967367176,nan,0.19011430859320222,nan
448.79,169.37583923339844,-189.12928771972656,-64.22761535644531,170.3059186498506,-189.107461498306,-64.23434855811631,0.9303598448204096,0.359065472383812,0.047613763152913255,3.617140123250068e-05,39.31220367620066,58.5188754461496,nan,nan,nan
448.8,169.372314453125,-189.137939453125,-64.22854614257812,170.31342930160767,-189.12012446422438,-64.23491391822093,0.9413049879984301,0.3589985266510848,0.04761033184544523,3.542181161933091e-05,39.16113089088996,57.33066013519762,1.0265995906679442,0.13856705312995887,nan
448.81,169.36886596679688,-189.14657592773438,-64.2294692993164,170.31014379244968,-189.1287521408669,-64.23591226190494,0.9414686103162894,0.35904802202521446,0.047627261979265284,3.6131328913065224e-05,39.04196758879502,58.30361314854237,nan,nan,nan
448.82,169.365478515625,-189.15521240234375,-64.23036193847656,170.30695565612933,-189.13737505232544,-64.23643214876826,0.9416656649792833,0.35909759899873683,0.0476442511458929,3.540532051422187e-05,38.81147053901291,58.02784814587672,nan,0.1465970565342587,nan
448.83,169.36216735839844,-189.16384887695312,-64.23124694824219,170.3038082223871,-189.1460029211914,-64.23739128830184,0.9418299994081277,0.3591472681136012,0.047661299809597886,3.611473833522234e-05,38.693377872675995,58.057297376560236,nan,nan,nan
448.84000000000003,169.35891723632812,-189.1724853515625,-64.23210906982422,170.30080462472574,-189.15461786520197,-64.23702619742451,0.9420696776964884,0.35919701929789677,0.04767840780919061,3.538992097976862e-05,38.20921956237592,57.55307830079767,nan,1.1799444925598017,nan
448.85,169.35574340820312,-189.18112182617188,-64.23295593261719,170.2861349544921,-189.16874733174797,-64.23802364328436,0.9304876351728917,0.3591300198762738,0.04767495536639373,3.607700889076278e-05,36.225524367891026,57.433078490105544,14.67039176309013,nan,nan
448.86,169.3526153564453,-189.1897735595703,-64.2337875366211,170.28316179377634,-189.17740892271465,-64.2387845558163,0.9306419969434461,0.3591795553373395,0.04769208061539518,3.535420244541497e-05,36.10018737514234,55.96575373627179,nan,0.013090571971156284,nan
448.87,169.3495635986328,-189.1984100341797,-64.2345962524414,170.2802436214297,-189.18607188869905,-64.23966593696365,0.9307756101060307,0.3592291824790483,0.04770926559154596,3.606262700665967e-05,35.98323666895837,57.21692405528499,nan,nan,nan
448.88,169.3465576171875,-189.20704650878906,-64.23539733886719,170.2773939789535,-189.1947340602867,-64.24041087002762,0.9309312886935353,0.35927889196373836,0.0477265101885088,3.534089918806897e-05,35.85980512936317,56.826167182532046,nan,0.010141393014437514,nan
448.89,169.3436279296875,-189.21568298339844,-64.23617553710938,170.27459766689134,-189.20339776782768,-64.24126053949955,0.9310646783979684,0.3593286932428894,0.047743814789481816,3.6049308971186275e-05,35.74301135215862,57.11527220079569,nan,nan,nan
448.90000000000003,169.3407440185547,-189.22433471679688,-64.23694610595703,170.31273365507744,-189.21251295341466,-64.2422667687859,0.972076086039581,0.3592616302263204,0.04774033730944874,3.5307276202175164e-05,38.714727458266594,56.751196839421596,40.414339307543486,0.008802365608793777,nan
448.91,169.33792114257812,-189.23297119140625,-64.2376937866211,170.31013807168893,-189.2211417145334,-64.24308963677889,0.9723038665826881,0.35931121538457733,0.04775765855834231,3.601481929570556e-05,38.60293776875603,57.78989014372558,nan,nan,nan
448.92,169.3351593017578,-189.24160766601562,-64.2384262084961,170.30761053019128,-189.2297692359859,-64.24369401023037,0.9725375518932142,0.35936088314545567,0.047775039705448066,3.529594880029916e-05,38.46218937734679,57.77994509722131,nan,0.029008877391414414,nan
448.93,169.33245849609375,-189.25025939941406,-64.23915100097656,170.30512751708477,-189.23839879321937,-64.24448692724785,0.9727559665630985,0.35941064225863334,0.047792481088221206,3.600353246423244e-05,38.35106506400393,56.77518798065533,nan,nan,nan
448.94,169.32980346679688,-189.25889587402344,-64.23985290527344,170.30279826412405,-189.24701432635953,-64.24341315445517,0.9730738523744618,0.3594604844293194,0.04780998266800445,3.528557209752051e-05,37.801610857979746,57.225151990350646,nan,2.385217512238489,nan
448.95,169.3271942138672,-189.2675323486328,-64.24054718017578,170.30347049845722,-189.25357650797818,-64.24407737982473,0.976382410559945,0.3593933667188321,0.04780647671257234,3.5971065203903676e-05,38.38028575121077,57.16464695906646,1.704925121455888,nan,nan
448.96000000000004,169.32464599609375,-189.27618408203125,-64.24122619628906,170.30125578473346,-189.26218181713003,-64.24291162206144,0.9767116172900218,0.3594429927286144,0.0478239943413627,3.525482996007736e-05,38.000718840438786,55.98095605505807,nan,2.5095341048767965,nan
448.97,169.3221435546875,-189.28482055664062,-64.24188995361328,170.29899256263042,-189.27080136893164,-64.24361361931861,0.9769511210733854,0.35949270966235236,0.04784157243688246,3.5961683008455014e-05,37.88672252060289,56.87776778715449,nan,nan,nan
448.98,169.31968688964844,-189.29347229003906,-64.24253845214844,170.29675345929914,-189.2794251310112,-64.24481026841588,0.9771701823914284,0.35954250989132525,0.04785921099818725,3.5246257435068096e-05,37.83797495505911,55.88948310298971,nan,0.17888942115176204,nan
448.99,169.31729125976562,-189.30210876464844,-64.24317932128906,170.29458968242304,-189.28804603129853,-64.24549291742153,0.9774023327806215,0.35959240117452435,0.0478769103069415,3.5953215894371173e-05,37.72408247576982,56.96824663977355,nan,nan,nan
449.0,169.31494140625,-189.31076049804688,-64.24380493164062,170.28131300243788,-189.28525048121784,-64.24686021502136,0.9667130689268,0.3595252205840921,0.04787337202299064,3.521730348998762e-05,39.22605995001324,56.11732133408555,8.885659081125048,0.4108243686062565,nan
449.01,169.31263732910156,-189.3194122314453,-64.24441528320312,170.2792343584972,-189.29383474383752,-64.24752538112838,0.9669403796604595,0.3595748953228589,0.04789108674094907,3.592351139321984e-05,39.11913753175434,56.09092501403532,nan,nan,nan
449.02,169.3103790283203,-189.3280487060547,-64.2450180053711,170.27722842450936,-189.30241625901763,-64.24764392405693,0.9671926760998442,0.35962465357861123,0.04790886218677149,3.5210414513135855e-05,38.93170986489433,56.89510751225143,nan,0.19986337286908973,nan
449.03000000000003,169.3081512451172,-189.33670043945312,-64.24560546875,170.2752414943088,-189.31100156785658,-64.24828148813545,0.9674353431431916,0.35967450248217886,0.04792669861149513,3.5916770829460055e-05,38.82555040981239,55.72822034711609,nan,nan,nan
449.04,169.3059844970703,-189.34535217285156,-64.24618530273438,170.27328572836836,-189.31958885703747,-64.24918322902903,0.9676489074424317,0.359724435339629,0.04794459605954422,3.520433385115305e-05,38.77065576042526,55.93756048951542,nan,0.05272395157351218,nan
449.05,169.30386352539062,-189.35400390625,-64.24674987792969,170.3205058020364,-189.34544806637675,-64.24972776534658,1.016682639210927,0.35965719909509836,0.0479410218536856,3.5888771654915624e-05,38.99025773583673,56.92529799543063,20.857640378410903,nan,nan
449.06,169.30177307128906,-189.36264038085938,-64.24730682373047,170.318817316027,-189.35405321215097,-64.24851681297429,1.017081215682885,0.35970691534363336,0.04795893406638637,3.517780830913631e-05,38.67268689136682,57.48404607725327,nan,2.310151067917529,nan
449.07,169.2997283935547,-189.3712921142578,-64.24784851074219,170.31708507191462,-189.36266861747436,-64.24909559653946,1.0173939900172955,0.3597567218489498,0.04797690748810123,3.588363410770101e-05,38.565230116797636,56.56755499263228,nan,nan,nan
449.08,169.2977294921875,-189.37994384765625,-64.24838256835938,170.31542457640177,-189.37128149364653,-64.24900445425092,1.0177321393927463,0.35980661250575624,0.04799494218771526,3.517324333718972e-05,38.42344458708608,56.52817314139921,nan,0.3043593408734561,nan
449.09000000000003,169.29576110839844,-189.3885955810547,-64.2489013671875,170.31377398935138,-189.37989813956057,-64.24955693888772,1.0180502448547901,0.35985659356825966,0.04801303838004009,3.587926545830253e-05,38.31589737179018,56.42944720634825,nan,nan,nan
449.1,169.29383850097656,-189.39724731445312,-64.2494125366211,170.30945535178927,-189.38972637321424,-64.25004884006489,1.0156448971436365,0.3597892950259449,0.04800942441980982,3.514820879008075e-05,37.85229051742351,56.31837904470807,0.8510095044532648,0.00031671371761013737,nan
449.11,169.2919464111328,-189.40589904785156,-64.24991607666016,170.3078765336411,-189.3983515350559,-64.25058169868917,1.0159583760281594,0.3598390591124032,0.048027534698939604,3.5853567297714715e-05,37.74469032376756,56.17501901342262,nan,nan,nan
449.12,169.29010009765625,-189.41455078125,-64.25041198730469,170.30631190690718,-189.40697967716733,-64.251647566962,1.0162407635669686,0.3598889075311242,0.04804570650455392,3.514504422498789e-05,37.66688322335196,56.24870689085306,nan,0.20565753297813863,nan
449.13,169.28829956054688,-189.42320251464844,-64.25089263916016,170.30480843431138,-189.41560614989115,-64.25216812961386,1.0165380573669691,0.3599388459879842,0.04806394003237182,3.585063168240368e-05,37.55945138716288,56.374411672698564,nan,nan,nan
449.14,169.28640747070312,-189.43185424804688,-64.25146484375,170.3033008873631,-189.42423156901387,-64.25234419658976,1.0169223664289428,0.35998886919469963,0.04808223537960279,3.514255122520286e-05,37.43178717475912,56.18511638074543,nan,0.10503650631502823,nan
449.15000000000003,169.28443908691406,-189.44052124023438,-64.25213623046875,170.29617827704266,-189.42694439127942,-64.2530144582991,1.011830663181212,0.3599215140979386,0.048078577958714244,3.582633890437056e-05,38.1343839774521,55.183039183170955,2.2025448787966466,nan,nan
449.16,169.2823944091797,-189.4491729736328,-64.25289154052734,170.29443258167615,-189.43555856022112,-64.25522590274446,1.0121324340665505,0.359971320239132,0.0480968867047463,3.5119516043649375e-05,38.16465763897965,56.366980444044955,nan,1.5044736457660777,nan
449.17,169.2802734375,-189.45782470703125,-64.25373840332031,170.29267239156368,-189.44416811468525,-64.25607923527012,1.012493765016834,0.3600212160667403,0.048115257400514776,3.582472060400348e-05,38.05915431933627,56.311783562630396,nan,nan,nan
449.18,169.278076171875,-189.4664764404297,-64.25467681884766,170.29090800156627,-189.45277255625047,-64.25529241403395,1.0129247211095143,0.3600711968002275,0.048133690157725305,3.5118266418711485e-05,37.81389344205211,56.105013049366555,nan,2.102050001576883,nan
449.19,169.27581787109375,-189.4751434326172,-64.25570678710938,170.2889981432117,-189.4613831895271,-64.25630956444358,1.0132738876727334,0.36012126738848665,0.04815218515060022,3.582373378498088e-05,37.71222352849818,55.226737792354534,nan,nan,nan
449.2,169.27346801757812,-189.48379516601562,-64.25682067871094,170.25679424280523,-189.45300581161626,-64.25694261893372,0.9838081441181151,0.3600538504418493,0.048148480437845566,3.509644620271052e-05,38.72770458501486,55.65283632382081,13.191885944025639,0.20822636845175233,nan
449.21000000000004,169.27105712890625,-189.49244689941406,-64.25801849365234,170.25469442487696,-189.46157444773206,-64.25813210546727,0.9841216648387894,0.36010370361469185,0.04816698811409667,3.580131279021873e-05,38.62556317808855,55.79867462395803,nan,nan,nan
449.22,169.26856994628906,-189.50111389160156,-64.25930786132812,170.25249553886414,-189.47014511885646,-64.26010243475292,0.9844131591747847,0.36015364183269405,0.04818555808842709,3.509633378454901e-05,38.54447460714768,54.69483984581938,nan,0.3382415331247822,nan
449.23,169.26602172851562,-189.509765625,-64.26068115234375,170.2502525528391,-189.47871432110708,-64.2614715105373,0.9847208354086923,0.3602036695772944,0.048204190524495816,3.580148731873442e-05,38.44168329758538,55.730209850853775,nan,nan,nan
449.24,169.2633819580078,-189.5184326171875,-64.26213073730469,170.2480056796556,-189.48727973040778,-64.26118163436733,0.9851168846297472,0.360253782765237,0.048222885549712095,3.5096766718400125e-05,38.35226269660768,54.616912305649805,nan,2.1351594944801326,nan
449.25,169.2606964111328,-189.52708435058594,-64.26366424560547,170.27275731120525,-189.5047824388708,-64.26273083879572,1.0123070245581935,0.3601863084313261,0.04821912975995731,3.578019808768302e-05,38.5911722288665,56.364319643832836,6.301859687200585,nan,nan
449.26,169.2579345703125,-189.53573608398438,-64.2652816772461,170.27037055180992,-189.51336439158155,-64.26382818916275,1.0126841668947018,0.36023620408997925,0.048237836739166484,3.5076553751334006e-05,38.52631775949741,56.21894975803518,nan,0.18045085613270093,nan
449.27,169.25509643554688,-189.54440307617188,-64.26698303222656,170.2678971160609,-189.5219473828084,-64.2655091379828,1.0130506645663702,0.36028618896249703,0.04825660640371967,3.5781429143907654e-05,38.42974780464673,55.06904285088768,nan,nan,nan
449.28000000000003,169.252197265625,-189.5530548095703,-64.26876068115234,170.26541550776193,-189.530527608549,-64.26563528704659,1.0134734575080002,0.36033625939353076,0.04827543888829312,3.507798223393021e-05,38.54733191706391,56.316887230316176,nan,1.8806793229014505,nan
449.29,169.24923706054688,-189.5617218017578,-64.27061462402344,170.2628087643796,-189.53911060006646,-64.26746096398202,1.013828787726979,0.3603864192259385,0.04829433434575038,3.578316707927584e-05,38.44939933029823,55.431032590525774,nan,nan,nan
449.3,169.2462158203125,-189.57037353515625,-64.27252960205078,170.28973826382676,-189.55775529282235,-64.26710683244586,1.0436128192906424,0.360318883360003,0.04829052363692385,3.5058736340998885e-05,39.21403711187718,57.5702310019815,7.474399412013951,3.687383425322572,nan
449.31,169.2431182861328,-189.57904052734375,-64.27445220947266,170.28705040966486,-189.5663539550708,-64.26901229963285,1.044023381097007,0.36036882533019327,0.048309430296013166,3.576336386328305e-05,39.10690387025323,56.478236577913194,nan,nan,nan
449.32,169.23995971679688,-189.5876922607422,-64.27635192871094,170.28431290603982,-189.57495186753135,-64.27049502005656,1.0444473202991396,0.3604188529581309,0.048328400001098885,3.5061065601505356e-05,39.159255987870125,57.733248739529614,nan,0.12453142402696281,nan
449.33,169.2367401123047,-189.59634399414062,-64.27823638916016,170.28149776010986,-189.58354982943706,-64.27237483074522,1.0448524255438685,0.3604689696972292,0.04834743290053304,3.5766019966818485e-05,39.04304051127428,57.39521765919981,nan,nan,nan
449.34000000000003,169.23345947265625,-189.60501098632812,-64.28008270263672,170.27855063194548,-189.59214932911422,-64.27631926876816,1.045177074416232,0.3605191724736513,0.048366529135724284,3.506382756298232e-05,38.39088824200525,55.98786568516451,nan,3.080120747660633,nan
449.35,169.23011779785156,-189.61366271972656,-64.28189849853516,170.30395387519258,-189.62052518946615,-64.27812318467628,1.0738646411372315,0.36045157845709563,0.04836265967094642,3.574710660316048e-05,36.74636319030271,57.24176811382883,17.726374019712622,nan,nan
449.36,169.22671508789062,-189.62232971191406,-64.28367614746094,170.3009742746128,-189.62917726654953,-64.28045076484352,1.0742858522546501,0.36050156323444715,0.04838176633897107,3.504584172270734e-05,36.548238652996545,56.15155924599014,nan,0.1907858080665163,nan
449.37,169.22325134277344,-189.6309814453125,-64.2854232788086,170.2979509725381,-189.63782867881866,-64.28222942581328,1.0747261881614096,0.3605516368471765,0.04840093641993515,3.575058864900971e-05,36.43804274730297,56.94547183130025,nan,nan,nan
449.38,169.2197265625,-189.63963317871094,-64.2871322631836,170.29487466195533,-189.64647965633517,-64.28376334809168,1.0751751762420723,0.3606017965738976,0.04842017005751681,3.504938070609799e-05,36.37824476769758,56.98878518932672,nan,0.03143231391721962,nan
449.39,169.21615600585938,-189.64830017089844,-64.28881072998047,170.29173283603458,-189.65513042424197,-64.28547311506307,1.075603695439832,0.3606520453415727,0.048439467396684976,3.575446807609739e-05,36.26979753270269,55.899428862324214,nan,nan,nan
449.40000000000003,169.21250915527344,-189.65695190429688,-64.29045104980469,170.26495431235202,-189.64884280555523,-64.28926736884294,1.0524770625724713,0.3605843899891107,0.048435535316849944,3.50321458579758e-05,37.03790318953817,56.12732824011814,9.806058329264108,2.9868173015425628,nan
449.41,169.2088165283203,-189.6656036376953,-64.29206085205078,170.2616639997883,-189.65745350544134,-64.29093380356495,1.0528796194582766,0.36063442044067706,0.048454842300355815,3.5736704225365114e-05,36.936353100817335,56.075235742830294,nan,nan,nan
449.42,169.20506286621094,-189.67425537109375,-64.29364013671875,170.2583342879489,-189.66606391249357,-64.29197055005483,1.0533045976181636,0.36068453706825027,0.048474213056846745,3.503637957152896e-05,36.883808798059036,55.947399398664004,nan,0.2520100320966557,nan
449.43,169.20126342773438,-189.68292236328125,-64.2951889038086,170.25493066160774,-189.67467390871352,-64.2935683973888,1.0537007652944788,0.36073474248171233,0.04849364773083394,3.5741290563288195e-05,36.78345757962392,54.9541720230282,nan,nan,nan
449.44,169.1973876953125,-189.6915740966797,-64.29670715332031,170.25152460539553,-189.68328382794218,-64.29327774904533,1.0541750872453879,0.36078503443359244,0.0485131464667034,3.504094840308078e-05,36.95035121191927,55.88189502121058,nan,2.4327357682817405,nan
449.45,169.19346618652344,-189.70022583007812,-64.29818725585938,170.2562144241615,-189.69004449601726,-64.29484280165984,1.0628022683170923,0.36071732023435116,0.04850914790455431,3.5724208696286203e-05,37.806785276028236,56.55545986072416,2.7241059974028983,nan,nan
449.46000000000004,169.1894989013672,-189.70887756347656,-64.29964447021484,170.25269535228767,-189.69864004026005,-64.29520038036057,1.0632550258833295,0.3607673937122529,0.0485286554784123,3.5024674898800497e-05,37.9626854035888,56.590077328869356,nan,0.9071194947733909,nan
449.47,169.1854705810547,-189.717529296875,-64.30107116699219,170.2490912272207,-189.7072346034149,-64.29665234821753,1.0636796442648568,0.3608175557339912,0.048548227182489835,3.5729422907064866e-05,37.85122854254176,56.46695393471035,nan,nan,nan
449.48,169.181396484375,-189.72618103027344,-64.30247497558594,170.24539922370252,-189.71582774904897,-64.29937724243005,1.0640576185899357,0.3608678043357361,0.04856786316022211,3.502983353203085e-05,37.48438384257044,56.009925664831265,nan,1.1927477096468437,nan
449.49,169.17726135253906,-189.73483276367188,-64.30384063720703,170.2416898020307,-189.72442133037805,-64.30078703470294,1.064483746479315,0.36091814170333697,0.04858756355752729,3.573494099804473e-05,37.37795095606643,56.148306504896816,nan,nan,nan
449.5,169.17308044433594,-189.7434844970703,-64.30519104003906,170.20072007925202,-189.7164235132542,-64.30198880829475,1.0280008610812075,0.3608503662536847,0.04858349463549488,3.501412782065134e-05,37.81924045624855,55.064846155175054,13.998770636555903,0.06559175384920582,nan
449.51,169.16885375976562,-189.75213623046875,-64.30650329589844,170.19684889508787,-189.72498117317903,-64.30334523101692,1.028358579852573,0.3609004848445422,0.0486032030470998,3.5718723157306016e-05,37.71225423908338,55.38263559975455,nan,nan,nan
449.52,169.16458129882812,-189.7607879638672,-64.30779266357422,170.19295526718054,-189.73353910647577,-64.3038963239485,1.0287422906036787,0.36095069004392966,0.04862297593996104,3.5019806593631274e-05,37.77373580436404,55.19260775717121,nan,0.4288007788543608,nan
449.53000000000003,169.16033935546875,-189.76943969726562,-64.3090591430664,170.18903889482414,-189.74209561501272,-64.30519452341038,1.02907015134505,0.36100098378555356,0.04864281346202392,3.572476968410168e-05,37.66350751858508,55.06525453699425,nan,nan,nan
449.54,169.15615844726562,-189.77809143066406,-64.31029510498047,170.18515376511817,-189.7506512449729,-64.30684974504375,1.0293668920546872,0.3610513644827941,0.04866271575372389,3.502573829060295e-05,37.48845428859997,55.15393098490337,nan,0.1025705361523674,nan
449.55,169.15203857421875,-189.7867431640625,-64.31151580810547,170.18650817861155,-189.75878155587722,-64.30819101466139,1.034852776097326,0.3609835295521738,0.04865857259090434,3.570905999037274e-05,37.875374507294886,54.91633772436654,0.9991447993678463,nan,nan
449.56,169.1479949951172,-189.79539489746094,-64.31270599365234,170.18276498406834,-189.7673303216788,-64.30988120324486,1.0351543507557945,0.3610336912960657,0.0486784820547793,3.501074384863085e-05,37.69864049902153,54.969786404051284,nan,0.1482463784397387,nan
449.57,169.14404296875,-189.80404663085938,-64.31387329101562,170.1791080462346,-189.77587925975425,-64.31109440548596,1.0354519967762719,0.36108394136993854,0.04869845635406721,3.57155688639937e-05,37.59104823439123,54.99187726506217,nan,nan,nan
449.58,169.14015197753906,-189.8126983642578,-64.31501770019531,170.1755639491923,-189.78443032840642,-64.3107067544548,1.0358067470078272,0.36113427840999385,0.04871849562640644,3.50171092949889e-05,37.811021794953454,55.047066137104764,nan,1.757142178808021,nan
449.59000000000003,169.13633728027344,-189.8213348388672,-64.31613159179688,170.17206106882475,-189.79297856533572,-64.31185964426291,1.0361206946854216,0.3611847040165543,0.04873860002390896,3.5722303943047124e-05,37.69432064451665,56.1842372150741,nan,nan,nan
449.6,169.13259887695312,-189.82998657226562,-64.31723022460938,170.1604771623102,-189.79686890746024,-64.3127772287294,1.028421303942636,0.36111680782314237,0.04873437872650006,3.500253145132309e-05,38.0130786959557,54.87086595130874,1.9129677099598434,0.0026471128607235077,nan
449.61,169.12893676757812,-189.83863830566406,-64.31831359863281,170.1571133077889,-189.8054055541528,-64.31388384121502,1.0287230124594269,0.36116701418593306,0.04875448943835985,3.570722250533695e-05,37.90256531588251,54.61233473005765,nan,nan,nan
449.62,169.12535095214844,-189.8472900390625,-64.31936645507812,170.15380143740867,-189.81394010663422,-64.31599499011153,1.0289965915400343,0.36121730751413517,0.048774665322765594,3.5009273080897084e-05,37.58418352716845,54.677753076237394,nan,0.7416857220631068,nan
449.63,169.121826171875,-189.85592651367188,-64.32039642333984,170.15058336286202,-189.82247649902015,-64.31707093746616,1.0293062325391822,0.361267689212494,0.04879490653514921,3.571433928411006e-05,37.473924246392826,55.47480113045687,nan,nan,nan
449.64,169.11837768554688,-189.8645782470703,-64.3214111328125,170.14743171762328,-189.83101236498592,-64.31834319059033,1.0296058865615925,0.36131815821006813,0.04881521320820526,3.501620027311612e-05,37.340343324979195,54.33033763092502,nan,0.032985174298239446,nan
449.65000000000003,169.11500549316406,-189.87322998046875,-64.32240295410156,170.12800643819918,-189.8307042987707,-64.31946494822714,1.0138974209082696,0.36125020195647134,0.0488109098947215,3.5699624468667306e-05,37.76020149931593,54.32427492091656,3.5714369434914097,nan,nan
449.66,169.1116943359375,-189.8818817138672,-64.32337951660156,170.12499058359316,-189.83922184749056,-64.31955061803578,1.0142010698951855,0.36130045151734436,0.0488312220059295,3.500212990803159e-05,37.84531395554433,54.21821202120941,nan,0.6186759155546303,nan
449.67,169.1084442138672,-189.89051818847656,-64.32433319091797,170.12202315817706,-189.84773741816866,-64.32054449529235,1.0144884547746178,0.36135078926165465,0.04885159964435255,3.570706897650031e-05,37.73445183252063,55.14410386652896,nan,nan,nan
449.68,169.1052703857422,-189.899169921875,-64.32527160644531,170.11914928827557,-189.8562566718892,-64.32002233352841,1.014800241866736,0.36140121428904,0.04887204293906561,3.500936427629958e-05,38.027602160657025,54.577495032611395,nan,1.583526865248097,nan
449.69,169.10215759277344,-189.90782165527344,-64.32618713378906,170.11631121386299,-189.86477235570172,-64.32096542372267,1.0150803296383375,0.3614517277488191,0.04889255205091128,3.571467690907155e-05,37.91248463734464,54.650276720530215,nan,nan,nan
449.7,169.09909057617188,-189.91647338867188,-64.32707977294922,170.08081140549254,-189.88440250823635,-64.32162947630847,0.9822596570293599,0.36025339180320143,0.04828375363122275,3.499424646398218e-05,47.03401752182173,63.80668240765267,1.8710092756648617,0.029699287088292108,0.32166728671256034
449.71000000000004,169.09609985351562,-189.9251251220703,-64.32796478271484,170.0780600781826,-189.89295273568635,-64.32253514434332,0.982502125313989,0.36030213502985675,0.048301259103025275,3.569902795817535e-05,46.88919580003359,63.5464534759949,nan,nan,nan
449.72,169.09317016601562,-189.9337615966797,-64.32882690429688,170.07534070277978,-189.90151551430293,-64.32396688814958,0.9827117547242405,0.3603509610456437,0.048318822232170384,3.5001787675070546e-05,46.61301974845667,64.51248239870736,nan,0.20797379942231425,nan
449.73,169.0902862548828,-189.94241333007812,-64.32967376708984,170.07270874516112,-189.91006632927184,-64.32484503527192,0.9829667311342574,0.36039987765938114,0.04833644462559791,3.570694794423108e-05,46.47071724943421,63.31245105671064,nan,nan,nan
449.74,169.0874786376953,-189.95106506347656,-64.33049774169922,170.07026158140172,-189.9185617725291,-64.32320772778306,0.9833473052109065,0.3604488775351818,0.048354124994011066,3.5009460203428184e-05,47.21377122358064,64.65513111378094,nan,4.409070590580803,nan
449.75,169.084716796875,-189.959716796875,-64.33131408691406,170.03484923522876,-189.91549167884372,-64.32393270308344,0.9511897793312336,0.3603803361433319,0.0483503876572975,3.5692974108580694e-05,47.005040127275414,63.6299945586192,9.631638566813278,nan,nan
449.76,169.08200073242188,-189.96836853027344,-64.33210754394531,170.03224075189388,-189.9240652236889,-64.32660211450349,0.9512881726027185,0.36042912292598434,0.048368081479534974,3.4996076403969694e-05,46.22453818881986,63.081414087730224,nan,2.4570322792296655,nan
449.77,169.079345703125,-189.97702026367188,-64.3328857421875,170.02977901403253,-189.93259858919762,-64.327409873786,0.9514865993698974,0.3604779998518794,0.048385834770363526,3.570111405053496e-05,46.0776999440814,63.113337194912674,nan,nan,nan
449.78000000000003,169.07675170898438,-189.9856719970703,-64.33364868164062,170.02742757319717,-189.94110721811808,-64.32702380504733,0.9517428787806547,0.36052696030499864,0.04840364636239136,3.50039549805271e-05,46.37040962047565,63.62173149253221,nan,0.981270989435895,nan
449.79,169.07420349121094,-189.99432373046875,-64.33440399169922,170.02507162564817,-189.94964135585516,-64.3277904283509,0.9519403673074315,0.3605760110183666,0.04842151768474484,3.570936738197394e-05,46.220812986857275,63.17771883607815,nan,nan,nan
449.8,169.0717010498047,-190.0029754638672,-64.33513641357422,169.99265732204154,-189.94669731322705,-64.32880343678517,0.9226959370274047,0.3605074393679964,0.04841774714962769,3.499077005574251e-05,46.13781281410718,63.07218085789235,7.769868849654701,0.04636551105162599,nan
449.81,169.0692596435547,-190.01162719726562,-64.33585357666016,169.9903545255718,-189.95521170437385,-64.32954486274988,0.9228425051911876,0.3605562766386495,0.04843563134078791,3.569568196477249e-05,45.98587891583429,63.2545993874223,nan,nan,nan
449.82,169.06686401367188,-190.02027893066406,-64.33656311035156,169.98819901436264,-189.96368301828173,-64.32813320921228,0.9231101472898292,0.3606051976773009,0.04845357415247521,3.499881783350351e-05,46.780943421970434,63.82259552798485,nan,3.232695272248656,nan
449.83,169.0644989013672,-190.0289306640625,-64.33724975585938,169.98599394343765,-189.972198267089,-64.32882653501984,0.9232781964695751,0.36065420855654634,0.0484715768991136,3.570410683686063e-05,46.618964071755194,63.86015989498659,nan,nan,nan
449.84000000000003,169.06219482421875,-190.03758239746094,-64.33792877197266,169.98376818380098,-189.98074417716927,-64.33103232558268,0.9233502051499226,0.36070330364770375,0.04848963858083804,3.500695514061939e-05,45.87057353683092,63.197502706165174,nan,1.6421366778236226,nan
449.85,169.0599365234375,-190.04623413085938,-64.33859252929688,169.99937691902218,-189.99829459324337,-64.33188072045961,0.9406867196367817,0.36063470778160284,0.048485832601786585,3.569058803043615e-05,45.22143157928083,63.270676470658096,4.9497263540698535,nan,nan
449.86,169.05772399902344,-190.0548858642578,-64.33924102783203,169.99729818141373,-190.00684978135854,-64.33343563263486,0.94081922391503,0.3606835894112775,0.04850390660762737,3.499398932086256e-05,44.80230228200935,63.06010916537847,nan,0.5480826578775828,nan
449.87,169.05555725097656,-190.06353759765625,-64.33988189697266,169.9953022324854,-190.01538863623657,-64.33410624826078,0.9409953830252604,0.3607325604847422,0.04852204075223871,3.569915070956127e-05,44.65346650678994,62.82430806672273,nan,nan,nan
449.88,169.05343627929688,-190.07220458984375,-64.34050750732422,169.99328520789993,-190.02395732936833,-64.33630603742573,0.9410958819849348,0.36078161597567815,0.0485402341429312,3.5002255908453135e-05,44.10641306893658,61.61955551130771,nan,1.676722786392417,nan
449.89,169.0513458251953,-190.0808563232422,-64.34111785888672,169.99137611372805,-190.03249727901286,-64.33696858000057,0.941282506494726,0.3608307610559126,0.04855848793733618,3.570778901838986e-05,43.96508065824023,62.41280856334961,nan,nan,nan
449.90000000000003,169.04930114746094,-190.08950805664062,-64.34172058105469,169.9978010560978,-190.04770578815882,-64.33867318736762,0.9494255067895905,0.3607621352475546,0.04855464191511272,3.4989416859794235e-05,42.9608048740415,62.01258259751678,3.087383080949592,0.6179689613516183,nan
449.91,169.04730224609375,-190.09815979003906,-64.3423080444336,169.99598327992925,-190.05626678501187,-64.339325151648,0.949610249249011,0.36081106654045375,0.04857290741021768,3.569444594759554e-05,42.824237441208695,62.22212753990128,nan,nan,nan
449.92,169.04534912109375,-190.10682678222656,-64.34288787841797,169.9942560793941,-190.06480553325113,-64.33869883044807,0.9498461712294023,0.36086008243335854,0.04859123245535593,3.4997784359860974e-05,42.958789070437625,61.41468100953523,nan,1.1344534137869247,nan
449.93,169.04342651367188,-190.115478515625,-64.34345245361328,169.99251783817127,-190.07336755711296,-64.33931674341495,0.9500340936859358,0.36090918755196866,0.04860961810866325,3.5703186858190664e-05,42.816503263673674,62.35919922014792,nan,nan,nan
449.94,169.04153442382812,-190.1241455078125,-64.34400177001953,169.99085131495218,-190.08191533053434,-64.33906829284311,0.9502685340699425,0.3609583776869988,0.04862806362318102,3.500621013088273e-05,42.916717119233766,61.706408285902796,nan,0.5172091274759785,nan
449.95,169.03968811035156,-190.13279724121094,-64.34454345703125,170.01831266303415,-190.11109943841745,-64.33969875999549,0.9788770509357299,0.3608897264434497,0.048624174985416206,3.568994601835532e-05,40.85421364790299,62.592127497811354,21.474692980320725,nan,nan
449.96000000000004,169.0378875732422,-190.14146423339844,-64.34507751464844,170.0167218054418,-190.11972238830913,-64.34027832986524,0.9790874292565789,0.3609387047284646,0.04864263202103267,3.640914535695882e-05,40.71000894990224,61.53042154656093,nan,nan,nan
449.97,169.03610229492188,-190.15011596679688,-64.34559631347656,170.01516744397162,-190.12834597419655,-64.34084820554592,0.9793186627398353,0.36098776990852766,0.04866114945951684,3.71427967646086e-05,40.563915491960486,62.3989710272506,nan,nan,nan
449.98,169.0343780517578,-190.15878295898438,-64.34610748291016,170.01373042317422,-190.13693265957852,-64.33916132219454,0.979620718508832,0.36103692010164046,0.04867972702273997,3.636023657391159e-05,41.16473816901363,62.34667951644491,nan,3.2992540030153203,nan
449.99,169.0326690673828,-190.1674346923828,-64.34661102294922,170.01224679023284,-190.14555688688662,-64.33969021210021,0.9798464426124002,0.36108615950323936,0.04869836569803002,3.7092547019232506e-05,41.00859248440081,62.85572888999081,nan,nan,nan
450.0,169.03099060058594,-190.1761016845703,-64.34709930419922,170.01189792846702,-190.15638309097352,-64.34194567005068,0.9811190390412274,0.36101747829428965,0.04869443000245045,3.6290002945020414e-05,40.06213626268474,61.42748937465476,0.8392124522793014,2.2130784056662622,nan
450.01,169.02935791015625,-190.1847686767578,-64.34757995605469,170.0104820626038,-190.16501634381035,-64.34247313254386,0.981336250639498,0.361066503551503,0.04871307912674028,3.70201231112409e-05,39.91677479457749,61.45613224345761,nan,nan,nan
450.02,169.0277557373047,-190.19342041015625,-64.34805297851562,170.00910828224124,-190.17364583523258,-64.34272499097789,0.9815662171845916,0.3611156139764421,0.048731788669304436,3.624396354520536e-05,39.87489450758925,62.38168951581026,nan,0.046833496124967566,nan
450.03000000000003,169.0260772705078,-190.20208740234375,-64.34861755371094,170.0077014595313,-190.1822799441694,-64.34328405893477,0.9818384948869423,0.3611648132719953,0.048750559523344436,3.697289150157107e-05,39.74731294430327,61.527968636160594,nan,nan,nan
450.04,169.02430725097656,-190.21075439453125,-64.34927368164062,170.00627600086773,-190.1908859772393,-64.34207869603092,0.9821960840822114,0.36121409813776983,0.048769391105517354,3.619934752126378e-05,40.29532293786353,62.05037556939658,nan,2.276974294822847,nan
450.05,169.0224609375,-190.21942138671875,-64.35002899169922,170.0176480324709,-190.1911491092228,-64.34259717880265,0.9956163455439853,0.3611453904902825,0.04876540555870659,3.690372388744186e-05,42.993934105495256,62.44453187761793,24.600892336902657,nan,nan
450.06,169.02053833007812,-190.22808837890625,-64.35086822509766,170.01601115952167,-190.19975405762023,-64.34437870525812,0.9958971341412827,0.36119446113789017,0.04878424695603781,3.6133713720144374e-05,42.553281893499076,62.49966220605276,nan,0.6172229337801157,nan
450.07,169.0185546875,-190.2367401123047,-64.35179901123047,170.01432759307983,-190.2083451998742,-64.34529500364896,0.9961989021543067,0.36124362034141433,0.04880314986426013,3.685954354193863e-05,42.42161353331455,63.59249656482812,nan,nan,nan
450.08,169.0164794921875,-190.2454071044922,-64.35281372070312,170.01247825845107,-190.21697796635033,-64.34916863700387,0.9964110822994763,0.36129286523448095,0.0488221137847067,3.609203036080706e-05,41.532675760747956,61.867496850166695,nan,5.452418712721609,nan
450.09000000000003,169.0143280029297,-190.2540740966797,-64.35391998291016,170.01064212308472,-190.22556984867782,-64.35029251793338,0.9967283866112221,0.3613421988701746,0.048841139486004576,3.681686729293865e-05,41.4125831948544,61.62245485036979,nan,nan,nan
450.1,169.01210021972656,-190.2627410888672,-64.35511016845703,170.00383081579687,-190.23497820039753,-64.35230648843485,0.9921230839869725,0.36127346124268084,0.048837099785441984,3.6029515461278394e-05,40.71380073853967,61.41757246167871,1.345642659927012,0.33488056284235834,nan
450.11,169.00979614257812,-190.2714080810547,-64.35638427734375,170.0018341547598,-190.24357784297277,-64.35361388803702,0.9924321713960904,0.3613225803652531,0.04885613460334953,3.675251586815707e-05,40.59523870187199,61.448080914560194,nan,nan,nan
450.12,169.00743103027344,-190.2800750732422,-64.35774993896484,169.99977184611143,-190.25217413627615,-64.35474476151322,0.9927375222852759,0.3613717852748754,0.04887523071011115,3.599076335724116e-05,40.527321361200634,61.24153705584178,nan,0.045976156691813874,nan
450.13,169.00498962402344,-190.2887420654297,-64.35919189453125,169.99762957664657,-190.26077410185135,-64.35622061134582,0.9930383230541254,0.36142107864426465,0.04889438879860227,3.671290103714573e-05,40.407391516862226,61.547362964068405,nan,nan,nan
450.14,169.00247192382812,-190.2974090576172,-64.3607177734375,169.99538526693593,-190.26938853786237,-64.35886917966185,0.993310361240528,0.36147045817695045,0.04891360848172538,3.595345055089336e-05,40.15302274186389,61.220926821654075,nan,0.7922343765661699,nan
450.15000000000003,168.99989318847656,-190.3060760498047,-64.3623275756836,169.98948499898805,-190.2748947190257,-64.36050372711419,0.9900846192342101,0.3614016929837127,0.048909511579020695,3.665177002768613e-05,40.460624180370964,61.18688210679198,0.5132406321700641,nan,nan
450.16,168.9972381591797,-190.3147430419922,-64.364013671875,169.98714012778933,-190.28347979619767,-64.36176073845425,0.9903980884996977,0.36145085789783254,0.04892873970072208,3.5895500306393564e-05,40.40296288186333,61.34110772426257,nan,0.1533280747767853,nan
450.17,168.9945068359375,-190.3234100341797,-64.36578369140625,169.98471322833004,-190.2920709701827,-64.36357219190204,0.9907046619438649,0.3615001110080406,0.04894803000461227,3.6615183833193244e-05,40.28756601914504,60.934027933057926,nan,nan,nan
450.18,168.99171447753906,-190.3320770263672,-64.36763763427734,169.98224261026496,-190.30065064332325,-64.36452835550917,0.9910314156913184,0.3615494503496039,0.048967382170978416,3.586108607972293e-05,40.31566387210702,60.83487081874508,nan,0.5879670572497633,nan
450.19,168.98886108398438,-190.3407440185547,-64.36953735351562,169.9796801105186,-190.30924176957365,-64.36647926476404,0.9913244105437323,0.36159887809828795,0.04898679679335881,3.658007817859185e-05,40.193687206236014,61.4846946823166,nan,nan,nan
450.2,168.98594665527344,-190.3494110107422,-64.37145233154297,169.9918285713811,-190.33345223710634,-64.37063096449664,1.0060088400467417,0.36153008272907716,0.04898263853364016,3.580615379285121e-05,38.021947002771434,60.85101991819627,14.428270822092678,2.897336768838932,nan
450.21000000000004,168.9829559326172,-190.3580780029297,-64.37335205078125,169.98914431563836,-190.3420922972805,-64.37263650063989,1.0063156149657329,0.36157929558439456,0.04900206086186049,3.652361241573535e-05,37.90831080049433,60.6320678216586,nan,nan,nan
450.22,168.9799041748047,-190.3667449951172,-64.3752212524414,169.98641019724582,-190.35072511085295,-64.37400634635274,1.0066342364031275,0.3616285947210952,0.0490215453134195,3.577458342882371e-05,37.82677800138234,60.87165898427075,nan,0.2565699934763562,nan
450.23,168.97677612304688,-190.3754119873047,-64.37706756591797,169.9835968877074,-190.35936469162957,-64.37595869860064,1.0069492526621195,0.36167798202740226,0.04904109242228623,3.649146172768947e-05,37.711608747857504,60.07537023151678,nan,nan,nan
450.24,168.97360229492188,-190.3840789794922,-64.37887573242188,169.98071759301,-190.36800514846254,-64.37797906336155,1.0072439603703427,0.36172745596969136,0.049060701956666224,3.574439949269506e-05,37.591823213854205,60.48674761648015,nan,0.006705239955339685,nan
450.25,168.97035217285156,-190.3927459716797,-64.38064575195312,169.9563169796417,-190.35777411030782,-64.37981866994637,0.9865851789790874,0.3616586319835133,0.049056479088532355,3.64380483921471e-05,39.58437480397819,60.44592737187284,18.03837283619465,nan,nan
450.26,168.967041015625,-190.4014129638672,-64.38238525390625,169.9532645279424,-190.3663710523511,-64.3829796839089,0.9868460392368141,0.36170789090023525,0.04907609560848201,3.569380369362613e-05,39.47025001653186,60.10364619611475,nan,1.1582406059948012,nan
450.27,168.96368408203125,-190.4100799560547,-64.38409423828125,169.95017998993217,-190.37495366514395,-64.38481367502858,0.9871213452294674,0.36175723776462015,0.049095774986175636,3.640877415674765e-05,39.36838445530085,60.024700701922065,nan,nan,nan
450.28000000000003,168.9602508544922,-190.41873168945312,-64.3857650756836,169.94700040083058,-190.3835525215651,-64.3882167175996,0.9873794871276151,0.3618066712909013,0.04911551704214583,3.5666364013762526e-05,39.415026364857944,61.04524116423585,nan,1.743834748337745,nan
450.29,168.95677185058594,-190.42739868164062,-64.38739776611328,169.94379557026474,-190.39213465583222,-64.3900012371981,0.9876569003386169,0.3618561929957919,0.04913532223306757,3.6380897548230346e-05,39.32724940304847,60.48400810976083,nan,nan,nan
450.3,168.95321655273438,-190.43606567382812,-64.38900756835938,169.91608362712225,-190.3965018754254,-64.39218778163331,0.9636848088668726,0.36178733848350236,0.049131030718186204,3.56185806466405e-05,38.442039040663694,59.09349543432209,7.139120253227311,0.12883133417338374,nan
450.31,168.94961547851562,-190.44473266601562,-64.39057922363281,169.91271510933495,-190.40508639077757,-64.3939136010821,0.9639210777327955,0.36183664490369594,0.04915084212844132,3.6331834039170655e-05,38.358488626767084,59.557369897335626,nan,nan,nan
450.32,168.94595336914062,-190.45339965820312,-64.39212036132812,169.90929844886207,-190.4136658953819,-64.3951137728081,0.9641688000779463,0.3618860379970416,0.04917071646324024,3.559379469166613e-05,38.199086661472805,59.260354552748886,nan,0.16711588209557107,nan
450.33,168.94223022460938,-190.46205139160156,-64.39363098144531,169.90581463827183,-190.42224961719688,-64.39677381061426,0.9644112094299675,0.3619355190681435,0.049190654133623966,3.63067038436614e-05,38.11202278680038,60.030814330150164,nan,nan,nan
450.34000000000003,168.93846130371094,-190.47071838378906,-64.39511108398438,169.9023180119048,-190.4308118706915,-64.396110772521,0.964682996167707,0.3619850871494682,0.04921065502761703,3.5570295531552294e-05,37.76306655415705,58.89581823284106,nan,3.5942932509977497,nan
450.35,168.93463134765625,-190.47938537597656,-64.39656066894531,169.91734219033987,-190.4371216827491,-64.39783238454119,0.9836200675838839,0.3619162030264844,0.049206291457289525,3.626043783373133e-05,39.512841460401226,59.49586707891788,11.960593775130796,nan,nan
450.36,168.9307403564453,-190.488037109375,-64.39798736572266,169.9137610554108,-190.44566703386496,-64.39780018398608,0.9839334087885727,0.3619655556685285,0.049226297810073136,3.552649258910024e-05,39.3646280812595,59.83717903774942,nan,1.7222427043727169,nan
450.37,168.9268035888672,-190.4967041015625,-64.39937591552734,169.91009617907525,-190.45422573486897,-64.39931011932488,0.9842097001778524,0.36201499609985693,0.049246367697787855,3.623794623107304e-05,39.26178484257588,59.445156869759366,nan,nan,nan
450.38,168.9228057861328,-190.50537109375,-64.40074157714844,169.90637716114378,-190.46278391923295,-64.40079297523025,0.9844929252239826,0.3620645239783139,0.04926650115227963,3.6963744782557606e-05,39.16052652777929,58.948111444264335,nan,nan,nan
450.39,168.91880798339844,-190.51402282714844,-64.40208435058594,169.90262896229814,-190.47134159145196,-64.40224943887219,0.9847463803730814,0.3621141394483996,0.04928669831804867,3.770403274375393e-05,39.055312253784535,59.620928524705306,nan,nan,nan
450.40000000000003,168.91485595703125,-190.52268981933594,-64.40339660644531,169.8991124694805,-190.48410128713743,-64.40412230809099,0.9850129358332819,0.36204522428591035,0.04928225873644291,3.685970238039186e-05,38.28843016655889,58.798615597792896,2.0860236003260093,0.0751845436150557,nan
450.41,168.91094970703125,-190.53134155273438,-64.40467834472656,169.89542325834788,-190.4926735715395,-64.4055329222966,0.9852330264026263,0.3620946240692789,0.04930246056195082,3.759708229450778e-05,38.185903465310844,59.70057562518868,nan,nan,nan
450.42,168.9071044921875,-190.54000854492188,-64.40594482421875,169.89176663136806,-190.50125972097328,-64.40877937528165,0.9854283507047877,0.36214411080414155,0.04932272607547207,3.678178324308143e-05,38.28046976864098,58.14357942424961,nan,2.2089115707395406,nan
450.43,168.90333557128906,-190.5486602783203,-64.40717315673828,169.88820882823237,-190.50983108984772,-64.41015918911796,0.9856429142995555,0.362193685434103,0.04934305561018592,3.751731174852378e-05,38.19220976119717,59.808397859275956,nan,nan,nan
450.44,168.89964294433594,-190.5573272705078,-64.40838623046875,169.88471945845208,-190.51840373130787,-64.41173974398262,0.985850915006905,0.3622433473418535,0.049363449130047074,3.6706673213725195e-05,38.156214070963976,58.30198259553604,nan,0.03232931041011134,nan
450.45,168.89602661132812,-190.56597900390625,-64.40957641601562,169.8785150938003,-190.52676977636466,-64.41308804660146,0.9832768243298845,0.362174401650611,0.04935893002747154,3.741665020562491e-05,38.000729977090515,59.110471896830944,0.13196840137915386,nan,nan
450.46000000000004,168.89247131347656,-190.5746307373047,-64.41073608398438,169.87516484922978,-190.5353427929094,-64.41459762939827,0.9834861663078658,0.3622238477013519,0.049379327408889125,3.6611552698610504e-05,37.97205104847551,59.28954664571643,nan,0.025074571998874577,nan
450.47,168.8889923095703,-190.5832977294922,-64.41187286376953,169.87188830354938,-190.54391439058423,-64.41588948026991,0.9836928969814488,0.36227338147900934,0.049399789007381525,3.734278251720855e-05,37.893009999134534,58.31774322235229,nan,nan,nan
450.48,168.88558959960938,-190.59194946289062,-64.41299438476562,169.86867302739824,-190.5524902131406,-64.41777437491511,0.9838866330476179,0.36232300250465005,0.04942031481831832,3.654205778736348e-05,37.979482632416264,59.08479741967366,nan,0.24450654164760086,nan
450.49,168.8822479248047,-190.60060119628906,-64.4140853881836,169.86553483983565,-190.56106165969814,-64.41902909751701,0.9840939855963448,0.36237271151422007,0.04944090512828365,3.72717589385235e-05,37.904002165458486,59.32069925568147,nan,nan,nan
450.5,168.87896728515625,-190.60926818847656,-64.4151611328125,169.8634807331187,-190.57230672875934,-64.41941085292477,0.9852161888866748,0.3623037342104428,0.04943630261417431,3.6452721371343576e-05,37.31783026972336,57.558139097056596,0.547626361826533,0.5016362460670833,nan
450.51,168.87576293945312,-190.617919921875,-64.41621398925781,169.86047478414028,-190.5808868302441,-64.42061584503531,0.9854178013803114,0.36235322712111107,0.049456895954039425,3.718008008489758e-05,37.23777078415189,58.695180018129506,nan,nan,nan
450.52,168.87261962890625,-190.6265869140625,-64.41724395751953,169.8575372105012,-190.58946503139245,-64.4215215618038,0.9856261840100493,0.36240280723973484,0.04947755372784292,3.638866917115501e-05,37.11695398169723,57.64106782635024,nan,0.05085991269607288,nan
450.53000000000003,168.86953735351562,-190.63523864746094,-64.41825103759766,169.8546595186693,-190.59804494607283,-64.4226841816968,0.9858340146630324,0.3624524751885702,0.04949827619590637,3.711470184853914e-05,37.03883456662142,58.65520779125101,nan,nan,nan
450.54,168.8665008544922,-190.64389038085938,-64.41924285888672,169.8518320054303,-190.60663068982862,-64.42481797888638,0.9860511363756769,0.3625022306595478,0.049519063392615845,3.6327236070472916e-05,37.26147558058247,58.35947132423058,nan,0.6419413398475445,nan
450.55,168.86354064941406,-190.65255737304688,-64.42021179199219,169.84602830486318,-190.6182964997109,-64.42589619282903,0.9831012729950691,0.3624332218885229,0.049514373867998174,3.702880066798301e-05,36.520190167715654,57.47883360067466,1.7938502339681908,nan,nan
450.56,168.8606414794922,-190.6612091064453,-64.4211654663086,169.843318362228,-190.62689266890308,-64.42743245084472,0.98329586028017,0.36248276107387056,0.04953516325976881,3.624611730593055e-05,36.626587949524996,58.41454527474894,nan,0.11698765543222775,nan
450.57,168.85780334472656,-190.66986083984375,-64.4220962524414,169.84067149889586,-190.635486812741,-64.4285329908983,0.9834901188224426,0.36253238794381176,0.04955601753914923,3.696886185061563e-05,36.55922958181329,58.61168093153447,nan,nan,nan
450.58,168.85501098632812,-190.67852783203125,-64.42300415039062,169.83807491850254,-190.64408466457056,-64.43027313916893,0.9836939893710909,0.362582102282826,0.049576936762262165,3.618984988800129e-05,36.79764590092347,57.90835628034621,nan,0.2849109048585415,nan
450.59000000000003,168.85227966308594,-190.6871795654297,-64.42390441894531,169.83554141655688,-190.65267929205518,-64.43134526280957,0.9838949694246221,0.36263190457418754,0.04959792115712365,3.691153425955918e-05,36.733936582335936,58.3743384328872,nan,nan,nan
450.6,168.84959411621094,-190.6958465576172,-64.4247817993164,169.87213799500617,-190.67554569432485,-64.43115406763074,1.0227652296179626,0.3625628635241716,0.04959314079071938,3.611398335107697e-05,36.47222622898014,57.76195501490056,13.353145070519604,1.2160149618998188,nan
450.61,168.8469696044922,-190.70449829101562,-64.4256362915039,169.86977708356835,-190.68416492601528,-64.43218142128434,1.0230305096673398,0.3626124492946665,0.04961412651809324,3.6833789998849444e-05,36.40830114092151,59.11113875005429,nan,nan,nan
450.62,168.8444061279297,-190.71316528320312,-64.42648315429688,169.86746772363358,-190.69278502777334,-64.43330239238986,1.0232872936882138,0.3626621224735012,0.049635177398985084,3.6062669738805404e-05,36.434409717767295,57.75590765086019,nan,0.008028073903166351,nan
450.63,168.8418731689453,-190.72181701660156,-64.42730712890625,169.8652110261329,-190.70140493677746,-64.43429853377151,1.0235652899048564,0.36271188346962807,0.04965629364365821,3.678158231536953e-05,36.37251846826071,58.72845455899174,nan,nan,nan
450.64,168.83941650390625,-190.73046875,-64.42811584472656,169.86301988624913,-190.71001782500082,-64.43362225138748,1.0238224676141026,0.3627617321793321,0.04967747533466955,3.601373162232649e-05,35.78276531618916,58.43276070589213,nan,1.8285409696642048,nan
450.65000000000003,168.8369903564453,-190.7391357421875,-64.42890930175781,169.86780522778815,-190.71991737895095,-64.43458919693039,1.0310096535320223,0.3626926587465582,0.04967260047032258,3.670901641030182e-05,36.03959988126837,57.23683115824247,0.5325099950848431,nan,nan
450.66,168.83460998535156,-190.747802734375,-64.4296875,169.8657027205678,-190.72854178265763,-64.43653826603355,1.0312953727579839,0.36274229073552217,0.049693782624343985,3.5945244532254386e-05,36.368529898268626,57.50702734396376,nan,0.6889871439077795,nan
450.67,168.83229064941406,-190.75645446777344,-64.43045043945312,169.86365637740693,-190.7371621189138,-64.43746767635375,1.031570017602533,0.3627920104125125,0.04971503033189489,3.6661693152668374e-05,36.30485993405314,58.61054592020459,nan,nan,nan
450.68,168.8300018310547,-190.76512145996094,-64.43119812011719,169.88431185002176,-190.76642578326374,-64.43753316976044,1.0543298583496579,0.3586255700805647,0.046232579692986005,3.589955522323845e-05,44.7451302530755,65.82166879102371,nan,0.46914933381470747,0.12166178265867318
450.69,168.82777404785156,-190.77377319335938,-64.43193054199219,169.88235263394262,-190.77506867294318,-64.43842566073701,1.0545993832146254,0.3586775956760108,0.04624648225364367,3.6615293216572246e-05,44.645765507033026,67.01164345602233,nan,nan,nan
450.7,168.82559204101562,-190.78244018554688,-64.43264770507812,169.87234495769349,-190.78705186828333,-64.43751831206848,1.0467744069300338,0.3586097816062608,0.04624324546828873,3.583577741822213e-05,42.69054154148616,65.22290986000822,6.595862179597745,2.282647121077084,nan
450.71000000000004,168.8234405517578,-190.79110717773438,-64.433349609375,169.8704603406054,-190.79572084208385,-64.43836631214306,1.0470419721500421,0.3586615804980225,0.04625717990457167,3.6550013863859544e-05,42.586643110402626,65.03867894971238,nan,nan,nan
450.72,168.8213348388672,-190.7997589111328,-64.43403625488281,169.86849641781592,-190.80425845412597,-64.43709901866923,1.0471757249075053,0.3587134614527032,0.0462711664823813,3.579591997640922e-05,42.026288881031746,65.66209090543016,nan,2.9798577118566216,nan
450.73,168.81927490234375,-190.8084259033203,-64.43470764160156,169.86669755408826,-190.812928179445,-64.43789983384444,1.0474371923743797,0.3587654346893368,0.04628521700799329,3.650961208255782e-05,41.91280646021297,64.66455304644711,nan,nan,nan
450.74,168.8172607421875,-190.8170928955078,-64.43537139892578,169.86501068567904,-190.82167359640792,-64.43991145402974,1.047769792944808,0.3588174904070939,0.046299320195946514,3.575816470100291e-05,42.079393194262025,64.67665919062246,nan,1.0118026038425871,nan
450.75,168.81527709960938,-190.82574462890625,-64.43601989746094,169.89234572183102,-190.83676660493418,-64.44068855517027,1.077135134184565,0.3587495830486244,0.04629612460633961,3.644886966698107e-05,42.99784447447736,66.37030616912055,8.037811855311904,nan,nan
450.76,168.81333923339844,-190.83441162109375,-64.43665313720703,169.89080136025632,-190.84552601189327,-64.44293571210356,1.0775377651123341,0.35880141193572207,0.04631025943786565,3.570086147520737e-05,43.37667991525029,65.9576314543366,nan,1.468461183098112,nan
450.77,168.81143188476562,-190.84307861328125,-64.4372787475586,169.88921227501282,-190.85419758073917,-64.44371390264132,1.0778569535238307,0.3588533327488829,0.046324458014377255,3.641275139937691e-05,43.28026050067805,65.59058011368519,nan,nan,nan
450.78000000000003,168.8095703125,-190.85174560546875,-64.4378890991211,169.88758795083984,-190.86279242646708,-64.44317067705563,1.078087174532497,0.3589053362093663,0.04633870998834339,3.566716208263926e-05,42.796518214354165,65.38127455353741,nan,1.165578528626809,nan
450.79,168.8077392578125,-190.86041259765625,-64.43848419189453,169.88607465574637,-190.87146508302266,-64.4439130188387,1.0784057028929148,0.3589574317551542,0.046353025776254574,3.637867677898648e-05,42.69678024331776,65.39902897787124,nan,nan,nan
450.8,168.8059539794922,-190.86907958984375,-64.43907165527344,169.88286549154347,-190.87487340386306,-64.44557043851519,1.076946705855537,0.35888942174276467,0.046349856518606694,3.561389986382519e-05,44.01976521331698,65.62201381972841,4.473115969799095,0.7780788900608276,nan
450.81,168.80419921875,-190.87774658203125,-64.43965148925781,169.88142274632318,-190.88352408521578,-64.44629880761141,1.0772595298912657,0.3589412900679984,0.04636420320706324,3.6324208190220305e-05,43.92381471357938,65.32886579053417,nan,nan,nan
450.82,168.80247497558594,-190.88641357421875,-64.4402084350586,169.87992347021668,-190.8920798898135,-64.44533582898538,1.077475594100839,0.35899324120558695,0.046378603999758856,3.558401882385646e-05,43.32030718567421,65.20635870821158,nan,1.928131458156092,nan
450.83,168.80079650878906,-190.89508056640625,-64.44076538085938,169.878550847258,-190.90073099920346,-64.44602642487321,1.0777819909719792,0.3590452840723989,0.04639306843515591,3.629405708382819e-05,43.21751452239935,64.7773905629006,nan,nan,nan
450.84000000000003,168.7991485595703,-190.90374755859375,-64.4413070678711,169.87729726856574,-190.90946994427685,-64.4482840030699,1.0781864690447487,0.3590974101692051,0.04640758746757986,3.555595770850727e-05,43.697821818439984,65.4639214555791,nan,1.7006115577126721,nan
450.85,168.7975311279297,-190.91241455078125,-64.44183349609375,169.86928042270398,-190.91165698242335,-64.4489765309304,1.0717733658314559,0.3590293068518483,0.04640445044402462,3.624348224476583e-05,44.536703234654475,65.56815395909801,3.3507124898636245,nan,nan
450.86,168.7959442138672,-190.92108154296875,-64.44235229492188,169.86806755668377,-190.92035813163477,-64.45096871155998,1.0721582104203844,0.35908120559948553,0.04641900006352244,3.550825760073811e-05,45.09543000571237,66.03522660166485,nan,1.1863898139752054,nan
450.87,168.7943878173828,-190.92974853515625,-64.44286346435547,169.86681663769028,-190.92898868268833,-64.45164900796631,1.0724650753187126,0.3591331957221414,0.04643361317492534,3.621700804612651e-05,45.011553104869584,65.86599501284559,nan,nan,nan
450.88,168.79286193847656,-190.93841552734375,-64.443359375,169.86558767832958,-190.9376102536586,-64.45214266494442,1.0727619995092803,0.3591852692353442,0.046448281550248015,3.548367282033893e-05,44.93049327996832,66.02408236640133,nan,0.021588040414193623,nan
450.89,168.79136657714844,-190.94708251953125,-64.44385528564453,169.86439877714562,-190.9462416336888,-64.45280289631312,1.0730698341936924,0.3592374342854731,0.04646301351463305,3.619228330315106e-05,44.844525506198,65.57938193382071,nan,nan,nan
450.90000000000003,168.78990173339844,-190.9557647705078,-64.44432830810547,169.88987019795516,-190.96557122548,-64.45173972070167,1.1000371441978996,0.35916922958726244,0.04645989594001125,3.5439407220339843e-05,43.979511163287455,65.01067199807123,7.190361950768619,1.8644775391522919,nan
450.91,168.78846740722656,-190.9644317626953,-64.4448013305664,169.88878537461017,-190.974225825121,-64.45236498898767,1.100387550790491,0.3592211669008104,0.046474657731704484,3.6147038834963767e-05,43.8886096178345,65.58629299284597,nan,nan,nan
450.92,168.7870635986328,-190.9730987548828,-64.44525909423828,169.88767517541172,-190.9828267448151,-64.45191202487868,1.1006746741040112,0.3592731877604974,0.04648947542595267,3.541806685905959e-05,43.432063875896986,65.44217227621998,nan,0.7888438960892016,nan
450.93,168.7855682373047,-190.98178100585938,-64.44581604003906,169.8865922921455,-190.9914821922098,-64.45256148103326,1.1010874548958107,0.35932529980859546,0.04650435659025396,3.612563955223659e-05,43.326380565738646,64.06517183455621,nan,nan,nan
450.94,168.78399658203125,-190.99044799804688,-64.44646453857422,169.88541698928262,-191.0001281877681,-64.45310412852449,1.1014829566259823,0.3593774958151166,0.04651929412154768,3.5398268721164944e-05,43.1931975660991,65.13086153847537,nan,0.027857554669655758,nan
450.95,168.7823486328125,-190.99911499023438,-64.44719696044922,169.90087830346363,-191.01753589227846,-64.45398859185369,1.1187019621043726,0.35930919779775905,0.046516199771825376,3.608366878647956e-05,42.67827837663623,65.93448666231059,4.356249049503168,nan,nan
450.96000000000004,168.78062438964844,-191.00779724121094,-64.44802856445312,169.89960629627856,-191.0262432405902,-64.45549312644093,1.1191588278454312,0.35936116593304773,0.04653116673742991,3.5358682115482326e-05,42.85915102235688,64.81021711499734,nan,0.23005537090750008,nan
450.97,168.77880859375,-191.01646423339844,-64.4489517211914,169.8982259078766,-191.03492304041586,-64.45651768239036,1.11959505826516,0.35941322491346367,0.046546197074114275,3.606535910191964e-05,42.7517954711878,65.58851183415418,nan,nan,nan
450.98,168.77691650390625,-191.025146484375,-64.44995880126953,169.89677437108534,-191.04361061661092,-64.45779473171763,1.1200374853852524,0.3594653679985367,0.04656128437719508,3.534180050983489e-05,42.78636476472747,64.83368997790232,nan,0.01826806832945473,nan
450.99,168.7749481201172,-191.0338134765625,-64.4510498046875,169.8952370453182,-191.05229079069125,-64.45900007463639,1.120469497067058,0.35951760209754513,0.04657643517656632,3.604851574262527e-05,42.683770151975885,65.99280178216833,nan,nan,nan
451.0,168.7729034423828,-191.04249572753906,-64.45223236083984,169.89416387616023,-191.05731920925547,-64.45973885808425,1.1213835398586027,0.3594492039349052,0.046573353060841545,3.5305073089574705e-05,43.275475393973714,64.6323776978495,2.0551486952165523,0.18014668915770968,nan
451.01,168.77078247070312,-191.05116271972656,-64.45349884033203,169.89247544537844,-191.06598301067714,-64.4611137453508,1.1218167217679793,0.3595012097822383,0.04658853251883218,3.601098012279257e-05,43.172493038417976,65.65657061689417,nan,nan,nan
451.02,168.7686004638672,-191.05984497070312,-64.45484924316406,169.89057264754592,-191.0745138846517,-64.45959577652259,1.1220781111688194,0.35955329987278384,0.0466037695153051,3.529088967221926e-05,42.08565658991943,63.750217759486425,nan,6.161325531896721,nan
451.03000000000003,168.76632690429688,-191.06851196289062,-64.45628356933594,169.88873476216364,-191.0831779363653,-64.4611123890477,1.1225140567845113,0.35960548064392034,0.046619069939762614,3.599689586887164e-05,41.9785654482656,64.54312664599999,nan,nan,nan
451.04,168.76397705078125,-191.0771942138672,-64.45780181884766,169.88686962540314,-191.0918860495908,-64.46372259655419,1.1230042919715617,0.3596577460617563,0.04663442833957782,3.5277985708187444e-05,42.211546247825346,63.71915319346123,nan,0.7079207237336025,nan
451.05,168.76156616210938,-191.0858612060547,-64.45940399169922,169.8630734814813,-191.09106168283355,-64.465280368323,1.1015352701529324,0.35958925459102004,0.04663136041351675,3.5962056094377575e-05,42.40468052221934,64.0909455508999,5.907453456737855,nan,nan
451.06,168.7590789794922,-191.09454345703125,-64.4610824584961,169.86093582648326,-191.09966227951654,-64.46604241433607,1.101879900336997,0.35964129161340874,0.0466467470023808,3.524511185142319e-05,42.029729127179124,62.86122838477253,nan,0.7123361337262613,nan
451.07,168.75653076171875,-191.10321044921875,-64.46284484863281,169.85877277304266,-191.10830589182143,-64.46788729324311,1.1022653225563899,0.3596934189905999,0.046662196969771225,3.595051260937241e-05,41.92262556413821,63.785051427629696,nan,nan,nan
451.08,168.75390625,-191.1118927001953,-64.46468353271484,169.85655970493826,-191.11696828767657,-64.47026836761306,1.1026792795987457,0.35974563114033764,0.04667770544719106,3.523460240968854e-05,41.98802118061503,62.88069906679067,nan,0.14465738592965005,nan
451.09000000000003,168.75120544433594,-191.1205596923828,-64.4665756225586,169.85425726394203,-191.12561172439604,-64.47226740641311,1.1030780734686116,0.35979793382352937,0.04669327745524891,3.594017229404863e-05,41.88942020834719,63.913143860470825,nan,nan,nan
451.1,168.74844360351562,-191.12924194335938,-64.4684829711914,169.86214369375713,-191.14594524938272,-64.47500143317208,1.1138444154291238,0.3597293433904398,0.04669021424453605,3.5204058972951e-05,40.625208934297945,63.07219322029945,10.286501604635681,0.32654464520647714,nan
451.11,168.74562072753906,-191.13790893554688,-64.47037506103516,169.8597204796226,-191.15462991826135,-64.47704082258916,1.114245162086268,0.3597814173078856,0.046705813649877595,3.5908944614338466e-05,40.539162667063,64.15992109627356,nan,nan,nan
451.12,168.7427215576172,-191.14659118652344,-64.47224426269531,169.85723007684072,-191.16331420498494,-64.47906124586169,1.1146548210220908,0.359833578707137,0.04672147424948849,3.662813870758736e-05,40.458087725552126,62.7677171999356,nan,nan,nan
451.13,168.73976135253906,-191.15525817871094,-64.47407531738281,169.85467336335208,-191.1719980114039,-64.48105411286362,1.1150595129588696,0.3598858277326943,0.046737196187868944,3.736178575289769e-05,40.37753198203062,64.05145060681589,nan,nan,nan
451.14,168.73672485351562,-191.1639404296875,-64.47587585449219,169.85199457198127,-191.1806300021802,-64.481658068229,1.1154095753363946,0.3599381618372584,0.046752977387348314,3.656183829125554e-05,39.87709272748091,62.226100567458715,nan,1.1902481221946295,nan
451.15000000000003,168.73362731933594,-191.172607421875,-64.47764587402344,169.80918423172275,-191.17824364494155,-64.48340177208807,1.0755870811589578,0.35986947814718356,0.04674991931979122,3.72702771660989e-05,39.0403582233309,61.916072322432704,14.631367767545312,nan,nan
451.16,168.73048400878906,-191.18128967285156,-64.47937774658203,169.80632235937298,-191.18687620722955,-64.48420457175735,1.0758636829053965,0.35992158334776186,0.04676572738873628,3.647533379382126e-05,38.67729857156173,60.851167054190206,nan,0.7504637758915802,nan
451.17,168.72726440429688,-191.18995666503906,-64.48107147216797,169.8034412536317,-191.19554792206236,-64.4860385265391,1.0762028362852583,0.35997377865067043,0.04678159911714741,3.7205145537119045e-05,38.58723657776292,61.776190016489196,nan,nan,nan
451.18,168.72398376464844,-191.19862365722656,-64.48274230957031,169.80049704329264,-191.20421880877026,-64.48782533925018,1.0765398190539945,0.3600260591658254,0.0467975306089994,3.6414067737648824e-05,38.51940120856657,61.3134590649602,nan,0.0001319353266985133,nan
451.19,168.72064208984375,-191.20730590820312,-64.48436737060547,169.79749179513465,-191.21288976620983,-64.48959391918392,1.076876865786137,0.36007842995852585,0.04681352592424964,3.714256070924257e-05,38.434314268354534,60.62706173131499,nan,nan,nan
451.2,168.7172393798828,-191.21597290039062,-64.48596954345703,169.79464737901515,-191.22044115476496,-64.49057608716745,1.077427112215229,0.3600096482707403,0.04681046465361038,3.633274044941532e-05,38.47397005948463,61.11827139781339,0.45048259979709826,0.45973739823791443,nan
451.21000000000004,168.71377563476562,-191.22463989257812,-64.48753356933594,169.7915215489423,-191.2291065813047,-64.49227492222838,1.0777655994046091,0.36006178978481873,0.046826486014784285,3.7059087112918894e-05,38.38369979303242,61.22359090439732,nan,nan,nan
451.22,168.7102508544922,-191.23330688476562,-64.48907470703125,169.78835908955512,-191.23779168776414,-64.49454025136117,1.0781314169169076,0.36011401662937736,0.046842567613519834,3.627633893586308e-05,38.48815294305013,60.98297156032239,nan,0.23405619284430704,nan
451.23,168.7066650390625,-191.2419891357422,-64.4905776977539,169.78511478425574,-191.24645640891947,-64.49618436446382,1.0784735713723352,0.3601663334347366,0.046858713033937384,3.7001542806774694e-05,38.40517925471838,60.08318494221364,nan,nan,nan
451.24,168.70303344726562,-191.2506561279297,-64.49205017089844,169.78184396550833,-191.25514825797202,-64.49864708338625,1.0788400403942107,0.36021873596264503,0.046874919089350126,3.622227542241082e-05,38.64465191169935,61.52166147141498,nan,0.4733450981692695,nan
451.25,168.6993408203125,-191.2593231201172,-64.49349975585938,169.79013099042115,-191.26377760070048,-64.50035237485659,1.0908207900430023,0.3601498612822197,0.04687185404840448,3.6923222873458396e-05,39.512410170435516,61.53272104580222,3.048877093814043,nan,nan
451.26,168.6956024169922,-191.2679901123047,-64.49491882324219,169.7866979790234,-191.2723907672765,-64.50067644482988,1.0911196274720325,0.36020203437572146,0.046888085548418466,3.6148278628015e-05,39.04694009199537,61.007535730806666,nan,1.0236453361152107,nan
451.27,168.69187927246094,-191.2766571044922,-64.49630737304688,169.7833016250965,-191.28104279809958,-64.50220503932329,1.0914470984012326,0.36025429712694906,0.04690438088719416,3.687052320114554e-05,38.96117010019016,60.935937196742486,nan,nan,nan
451.28000000000003,168.68821716308594,-191.2853240966797,-64.49766540527344,169.77988748129098,-191.28965162726982,-64.50230986689044,1.091688775336006,0.3603066456975159,0.04692073729805005,3.6098815311134285e-05,38.50165502548023,60.753430692647754,nan,1.293638783830399,nan
451.29,168.6846160888672,-191.2939910888672,-64.4990005493164,169.77657605808267,-191.29830269469176,-64.5037715057794,1.0919789037977936,0.3603590841185354,0.046937157738884065,3.682014716729e-05,38.40840148968397,60.52207834434293,nan,nan,nan
451.3,168.68106079101562,-191.30267333984375,-64.50030517578125,169.73553874437175,-191.29582007106958,-64.50583859960174,1.0545147415689333,0.36029011254982285,0.046934081513771986,3.6029493576742815e-05,38.03935133471318,58.67463082692096,11.769962006487843,0.2726576104613939,nan
451.31,168.67758178710938,-191.31134033203125,-64.5015869140625,169.73229188090014,-191.30445729765026,-64.50725524722883,1.054747784120587,0.3603423211804535,0.04695052656273838,3.6749082883996294e-05,37.95054999765588,59.61265270538516,nan,nan,nan
451.32,168.67417907714844,-191.32000732421875,-64.50284576416016,169.72907527866198,-191.31306342235357,-64.50756555543168,1.0549296138465645,0.36039461571330483,0.04696703309658312,3.598443274629318e-05,37.58172918068657,59.29564768334963,nan,0.7804478690992144,nan
451.33,168.67083740234375,-191.32867431640625,-64.50407409667969,169.72596292573692,-191.3217002627404,-64.50892234432443,1.0551597097337804,0.36044699981338096,0.0469836037044428,3.6703254064178615e-05,37.49032574888998,59.2977748729767,nan,nan,nan
451.34000000000003,168.6675567626953,-191.3373260498047,-64.50527954101562,169.7229511670542,-191.33036497899766,-64.51127282024547,1.055434377237514,0.36049947019107337,0.04700023616994689,3.5941481681253024e-05,37.734473982509144,60.444363548399224,nan,0.6926050262473169,nan
451.35,168.6643524169922,-191.3459930419922,-64.50646209716797,169.71733347572138,-191.33829199399432,-64.51268944692312,1.0530276330978592,0.36043040573784146,0.04699714709447475,3.663678892254755e-05,37.71237634078031,59.45984681421187,0.47047513431616295,nan,nan
451.36,168.66119384765625,-191.3546600341797,-64.50762176513672,169.71446416312995,-191.34696880591807,-64.5155361538285,1.0533281302607451,0.3604826461534345,0.04701380349935064,3.5878712692020265e-05,38.28891914243704,59.716714763542896,nan,1.6085222292056085,nan
451.37,168.65811157226562,-191.3633270263672,-64.50875854492188,169.71160751947758,-191.35560423667522,-64.5168279785346,1.0535551566156727,0.36053497586551964,0.04703052403735145,3.659529117827259e-05,38.21105363094056,59.84716395801748,nan,nan,nan
451.38,168.65509033203125,-191.3719940185547,-64.50987243652344,169.70881788566035,-191.36424366244762,-64.51825645879875,1.0537894083385309,0.3605873919184392,0.047047306814277594,3.583986849549306e-05,38.281962714435835,59.90677901160058,nan,0.016912834887648946,nan
451.39,168.65213012695312,-191.3806610107422,-64.5109634399414,169.70608417298706,-191.37287893212888,-64.51950635767442,1.0540173970776014,0.3606398974766639,0.04706415393842614,3.6555865140788346e-05,38.206405131779846,59.851140093598566,nan,nan,nan
451.40000000000003,168.64923095703125,-191.3893280029297,-64.51203155517578,169.71622110036418,-191.3904360373057,-64.52013783199308,1.067021511232854,0.3605707371587809,0.04706104547846674,3.578123157229349e-05,37.29501607023257,59.82054242264751,4.176070404220818,0.22297870928261107,nan
451.41,168.64637756347656,-191.3979949951172,-64.51307678222656,169.71362611252013,-191.39909698907908,-64.52134024893795,1.0672811085690523,0.3606230124161758,0.04707791568913483,3.649581206825512e-05,37.22000989495342,59.62554067586986,nan,nan,nan
451.42,168.64358520507812,-191.4066619873047,-64.51409912109375,169.71108367097318,-191.4077541795364,-64.52236218073521,1.0675310045740163,0.36067537406498856,0.04709484849928447,3.574628337611542e-05,37.149565701521595,59.69819432162905,nan,0.01745298003757435,nan
451.43,168.64085388183594,-191.4153289794922,-64.51510620117188,169.70860228553593,-191.4164153527566,-64.52352354252122,1.0677821338860034,0.3607278249663498,0.04711184573749415,3.6460398901787246e-05,37.07320230360394,59.52765483316259,nan,nan,nan
451.44,168.63818359375,-191.4239959716797,-64.51609802246094,169.70613337180507,-191.42504338204793,-64.52322560293302,1.0679740764268253,0.3607803626194,0.04712890592745696,3.571319725021925e-05,36.44284902592462,58.834624452648185,nan,1.4054567046750108,nan
451.45,168.63555908203125,-191.4326629638672,-64.51705932617188,169.71857267015847,-191.44587166657976,-64.52434966621061,1.0831186689155605,0.3607111096041412,0.047125775571589965,3.6404366764205614e-05,35.32916874455419,59.30488366550296,8.040877721622532,nan,nan
451.46000000000004,168.6329803466797,-191.4413299560547,-64.51800537109375,169.71623977919126,-191.45454224805474,-64.52416899224265,1.0833575370166793,0.36076341677041235,0.04714285811787951,3.5660296190384184e-05,34.826180124322775,58.58685046402215,nan,1.0990873696813195,nan
451.47,168.63046264648438,-191.4499969482422,-64.51893615722656,169.7139951975508,-191.4632410039187,-64.52522937321577,1.0836317634689085,0.3608158129476578,0.04716000518479613,3.6372743509194706e-05,34.74108252215128,58.51718531150023,nan,nan,nan
451.48,168.62799072265625,-191.4586639404297,-64.51984405517578,169.71177960576833,-191.47192337101333,-64.52549300815184,1.0838847108094354,0.3608682959094916,0.04717721553747721,3.5630798864516404e-05,34.43985250974214,58.32224045826103,nan,0.4133138793731332,nan
451.49,168.6255645751953,-191.4673309326172,-64.52073669433594,169.70963580543574,-191.48062264518074,-64.52651077507915,1.0841680874598234,0.36092086810558727,0.04719449064377268,3.6342928582928776e-05,34.35421807421414,58.11066412973263,nan,nan,nan
451.5,168.62318420410156,-191.4759979248047,-64.52161407470703,169.70126146765156,-191.49145337092742,-64.52510190780055,1.0781936848164142,0.36085152017208105,0.04719133252571243,3.558147709538009e-05,32.99390248734416,57.199119136426916,1.9800873814231834,4.127490820508332,nan
451.51,168.62086486816406,-191.4846649169922,-64.52246856689453,169.69920321129405,-191.50016697974038,-64.52606274432395,1.0784557544587376,0.36090386155833115,0.047208629116168924,3.629244926018401e-05,32.900335811358914,57.50509737944696,nan,nan,nan
451.52,168.6185760498047,-191.4933319091797,-64.52330780029297,169.697222766016,-191.50890348522805,-64.5281664297929,1.0787700490163417,0.36095628975079797,0.04722598930886116,3.555535596618449e-05,33.102043963469015,57.43827305541152,nan,0.918420334056779,nan
451.53000000000003,168.61634826660156,-191.5019989013672,-64.52413177490234,169.69525749919444,-191.51761764276313,-64.52910687941272,1.0790337478141427,0.3610088069519086,0.04724341436478476,3.6266103109606046e-05,33.01364970553495,57.55598369212941,nan,nan,nan
451.54,168.61415100097656,-191.5106658935547,-64.52494049072266,169.69335590319628,-191.52634545788175,-64.53075392086498,1.0793344549686952,0.3610614113060543,0.04726090335847159,3.553084450537864e-05,33.176586909233286,57.46371344592953,nan,0.3571304248517434,nan
451.55,168.6120147705078,-191.5193328857422,-64.52572631835938,169.69433726013497,-191.54399811697493,-64.5317305781579,1.0826201532948785,0.36099197093388313,0.047257714332683116,3.621907083252254e-05,31.928768093638848,58.05625767699702,6.493405543972386,nan,nan
451.56,168.6099090576172,-191.5279998779297,-64.52650451660156,169.692469676519,-191.55271934834263,-64.53111832288282,1.082852636799207,0.36104434427977283,0.04727522402442009,3.548644380956381e-05,31.427575172135857,57.090356248415745,nan,1.5757725622117675,nan
451.57,168.60784912109375,-191.5366668701172,-64.52725982666016,169.69068260145377,-191.56146789651126,-64.53199144453426,1.0831277973104123,0.36109680641849734,0.04729279869777142,3.619597394669544e-05,31.34072765935167,57.31447679499784,nan,nan,nan
451.58,168.60581970214844,-191.5453338623047,-64.52800750732422,169.68891361591463,-191.5702002318091,-64.53187980071797,1.0833862455402616,0.36114935571626566,0.04731043760323444,3.5465004891539586e-05,31.040464465381444,56.638508781096206,nan,0.6472541375965593,nan
451.59000000000003,168.6038360595703,-191.55401611328125,-64.52873229980469,169.68720916160933,-191.57894971436903,-64.53271492232399,1.0836673031733413,0.36120199404293346,0.04732814173862122,3.617442387513466e-05,30.95400417911361,55.799404993118564,nan,nan,nan
451.6,168.60189819335938,-191.56268310546875,-64.52944946289062,169.67848841476803,-191.57919779287218,-64.53311391596267,1.076723115730817,0.3611324596307226,0.04732491643459981,3.5423644581033856e-05,31.777244298722255,56.43365159903902,4.7992745821062535,0.0668287479878984,nan
451.61,168.59999084472656,-191.57135009765625,-64.5301513671875,169.67685256023114,-191.58791962824046,-64.53391690569721,1.0769957673749282,0.3611848666400582,0.04734264037414748,3.613210638432745e-05,31.68712696609675,56.25308972380669,nan,nan,nan
451.62,168.59812927246094,-191.58001708984375,-64.53083801269531,169.6752346600411,-191.5966278924155,-64.5338214798698,1.0772375948659927,0.36123736080456326,0.04736042882542524,3.5405072510616344e-05,31.44249217294385,56.1878725798895,nan,0.5403506015177595,nan
451.63,168.59629821777344,-191.5886993408203,-64.53150939941406,169.67367462708927,-191.6053503235269,-64.53458927812376,1.0775094747742298,0.3612899437960484,0.04737828263793329,3.611349499885939e-05,31.353273577551445,54.958637044280785,nan,nan,nan
451.64,168.59451293945312,-191.5973663330078,-64.53216552734375,169.67214789438384,-191.6140707797344,-64.53518697850852,1.0777686504051356,0.36134261427777775,0.04739620128427778,3.538786422432541e-05,31.245457464391855,56.18899847701835,nan,0.017102812663164248,nan
451.65000000000003,168.59275817871094,-191.6060333251953,-64.5328140258789,169.66627683108283,-191.62019101663165,-64.53587865864655,1.0736163789693047,0.3612729877492203,0.0473929360953904,3.6074075906589446e-05,31.365271512010057,55.747388949253185,0.4291897944536443,nan,nan
451.66,168.59103393554688,-191.61471557617188,-64.533447265625,169.66479592689058,-191.62889316316623,-64.53557868343084,1.0738577005214596,0.3613254267045375,0.04741087370889534,3.5350643257695704e-05,31.133969410262946,54.459923638959694,nan,0.7314957690300303,nan
451.67,168.58935546875,-191.62338256835938,-64.53406524658203,169.6633719141364,-191.63761035139623,-64.53628500544775,1.0741129745515672,0.36137795429334885,0.04742887682111498,3.6058194749534674e-05,31.039880495900395,55.77286909784323,nan,nan,nan
451.68,168.58770751953125,-191.63204956054688,-64.53467559814453,169.65748440950205,-191.65921855492593,-64.53749645598731,1.0701255560961658,0.36130256513459824,0.046401728872452495,3.5334590218462236e-05,39.28641087384686,63.84468194339164,nan,0.19576339276882598,0.15880286596996515
451.69,168.58609008789062,-191.64073181152344,-64.53527069091797,169.65611901112302,-191.66796101150373,-64.53818512234615,1.070379287820913,0.3613547810770756,0.04641588017894753,3.6042155541160096e-05,39.163871700354946,62.74071875904579,nan,nan,nan
451.7,168.58450317382812,-191.64939880371094,-64.53585052490234,169.66356120431644,-191.6740013701506,-64.53863856837638,1.079342064696427,0.3612858282979172,0.04641252993987243,3.529995190333272e-05,40.337013153889885,63.97348908460462,6.581588808146349,0.0034210165202413416,nan
451.71000000000004,168.58294677734375,-191.6580810546875,-64.53642272949219,169.6622761573397,-191.68272245675277,-64.53930187227928,1.0796144676139636,0.36133781544725646,0.04642671181361284,3.600671316296654e-05,40.21632057629383,62.704730556220426,nan,nan,nan
451.72,168.5814208984375,-191.666748046875,-64.5369873046875,169.66102207097728,-191.69144154408883,-64.53989732518897,1.079887461161227,0.36138988958812834,0.04644094875296653,3.5287755720784294e-05,40.092373946723924,63.61155183748978,nan,0.002264708807453233,nan
451.73,168.57992553710938,-191.67543029785156,-64.53753662109375,169.65979924726633,-191.70016364409,-64.54053887028743,1.0801610906732984,0.36144205104583715,0.04645524687389391,3.5994619327788735e-05,39.972606748926594,62.58687406619908,nan,nan,nan
451.74,168.57846069335938,-191.68409729003906,-64.53807830810547,169.65859508393655,-191.70881722802184,-64.53962137357306,1.0804183255074988,0.36149429979464387,0.046469600499459626,3.527669141608687e-05,39.656495850809854,63.337071715266305,nan,1.667563419279245,nan
451.75,168.5770263671875,-191.69277954101562,-64.53860473632812,169.65683825352193,-191.7205462594239,-64.540272292886,1.080170116817323,0.3614252602109274,0.046466285091401154,3.596156519454355e-05,38.93957422660307,62.374090415915546,1.7400121592167481,nan,nan
451.76,168.57562255859375,-191.7014617919922,-64.53912353515625,169.6557075522398,-191.7293150460821,-64.54158598057563,1.0804468801844012,0.3614772799442506,0.04648066895905155,3.5245463625087424e-05,38.90408942380853,62.3383626006379,nan,0.3567708615137857,nan
451.77,168.57423400878906,-191.7101287841797,-64.53962707519531,169.65460031963275,-191.73805328827632,-64.54218156069744,1.0807301554649156,0.36152938688047626,0.04649511397560871,3.595171757640451e-05,38.78152128307525,63.35581696848484,nan,nan,nan
451.78000000000003,168.57289123535156,-191.71881103515625,-64.54012298583984,169.65352327609324,-191.74680695064728,-64.54312383346974,1.0809987899383602,0.36158158103038834,0.04650961506035088,3.523651703495024e-05,38.72553254658248,62.45024457712122,nan,0.08819533356180513,nan
451.79,168.57156372070312,-191.7274932861328,-64.54061126708984,169.65247119957527,-191.75554604266858,-64.54370475880417,1.0812758689261437,0.3616338626633063,0.04652417744397568,3.594293524122384e-05,38.60731782261839,62.13824063647162,nan,nan,nan
451.8,168.5702667236328,-191.7361602783203,-64.54109191894531,169.64638883301677,-191.76055722441802,-64.54361829731565,1.0764015922840076,0.3615647363462611,0.04652088746219953,3.520735577497948e-05,38.82953334483951,62.98421440152662,1.0445001143632173,0.35085872597598217,nan
451.81,168.56900024414062,-191.74484252929688,-64.54155731201172,169.64538174637002,-191.7692849427482,-64.54417579528764,1.0766621691002247,0.3616167887241226,0.04653547943089751,3.591308066777926e-05,38.71074871400629,62.081370105527945,nan,nan,nan
451.82,168.5677490234375,-191.75352478027344,-64.5420150756836,169.64440182440015,-191.7780239991378,-64.5449997531336,1.0769356405306492,0.3616689282348441,0.046550128005662196,3.520035162790688e-05,38.645510826082344,61.86019748766167,nan,0.052811499733882245,nan
451.83,168.5665283203125,-191.76220703125,-64.54246520996094,169.64344544243386,-191.78675240564758,-64.54554307515428,1.077201205242834,0.3617211551188216,0.0465648378749329,3.590628099321008e-05,38.528710879141826,61.831468285809464,nan,nan,nan
451.84000000000003,168.56521606445312,-191.77088928222656,-64.54300689697266,169.64246806912573,-191.79554661240292,-64.54781550432196,1.0775448891842996,0.361773469431283,0.04657960476360738,3.51942683343609e-05,38.798834593928596,62.16728231899831,nan,1.9843462355155121,nan
451.85,168.56382751464844,-191.77957153320312,-64.54364776611328,169.63263291490043,-191.80430203364864,-64.5486015061278,1.0691029514505288,0.36170425671600703,0.04657634111335022,3.5878355744382585e-05,38.113144988951696,61.949652761635605,2.0899130986951837,nan,nan
451.86,168.56236267089844,-191.7882537841797,-64.54437255859375,169.63146447558668,-191.8130525698543,-64.54969009159554,1.0694026017902811,0.3617563415474492,0.04659113718537357,3.516786058516725e-05,38.10880785992524,62.39585101311466,nan,0.06125810692047067,nan
451.87,168.56080627441406,-191.7969207763672,-64.54519653320312,169.63021171962635,-191.82179245391134,-64.55057777140641,1.0697081678280957,0.36180851364450456,0.04660599456451341,3.587336628566262e-05,37.98539234561306,63.023314275351744,nan,nan,nan
451.88,168.5591583251953,-191.80560302734375,-64.54610443115234,169.6288766902758,-191.83052909195425,-64.55146065157254,1.0700221392030322,0.3618607730849316,0.04662090946625601,3.516348126674079e-05,37.871517407149305,61.8644418227342,nan,0.006428432573188244,nan
451.89,168.5574493408203,-191.8142852783203,-64.5470962524414,169.6274613776637,-191.83926941281302,-64.55252869262722,1.0703174656953292,0.36191312007454984,0.04663588584988527,3.586923439124041e-05,37.75473593560844,62.27667832601476,nan,nan,nan
451.90000000000003,168.55564880371094,-191.82296752929688,-64.54818725585938,169.61742257381488,-191.84490756593885,-64.55166965682218,1.0620061352012296,0.3618438211037552,0.046632640379264685,3.513872600714501e-05,37.19207688687771,60.99613337790869,0.6270757041666505,2.823847239911588,nan
451.91,168.55377197265625,-191.83164978027344,-64.54935455322266,169.615834328136,-191.8536431172248,-64.55289522392388,1.0622959522404631,0.36189593837576534,0.04664764526847375,3.584386410465707e-05,37.07442550757544,61.331502499465,nan,nan,nan
451.92,168.55181884765625,-191.84033203125,-64.55061340332031,169.61416747328306,-191.86237420098837,-64.55406978766422,1.0625828938067288,0.3619481429034729,0.04666270815977685,3.513589532378558e-05,36.9425269510468,61.07792602290219,nan,0.013389691129743172,nan
451.93,168.54978942871094,-191.84901428222656,-64.55195617675781,169.61242401156537,-191.87111014736493,-64.55546754864727,1.0628700831554931,0.3620004348755823,0.046677832571120265,3.584130975929109e-05,36.82462945469049,61.04070433804806,nan,nan,nan
451.94,168.5476837158203,-191.85769653320312,-64.55338287353516,169.6106070695545,-191.8798720338838,-64.55772895244755,1.0631635326448576,0.36205281439620074,0.046693015374362025,3.513379825315611e-05,36.89669087989283,61.13493134909119,nan,0.4244689883003384,nan
451.95,168.54550170898438,-191.8663787841797,-64.55488586425781,169.6000967703183,-191.8892047512331,-64.55940241459953,1.0548517276796738,0.36198342944417783,0.04668978767529329,3.581746538088861e-05,36.14552937490629,61.206412951787065,2.4974548260499665,nan,nan
451.96000000000004,168.54324340820312,-191.87506103515625,-64.55648040771484,169.59811053278858,-191.8979384834252,-64.56065048396528,1.0551234134955123,0.3620355790186367,0.04670499850984687,3.511121799494337e-05,35.950070328216796,60.62724204944944,nan,0.11915218717926991,nan
451.97,168.54092407226562,-191.8837432861328,-64.55815124511719,169.59605212556744,-191.90668538410358,-64.5623886115821,1.0553859502562721,0.36208781593404077,0.04672027091752347,3.5816337670933624e-05,35.834447593461704,60.902500077059116,nan,nan,nan
451.98,168.5385284423828,-191.89242553710938,-64.55989837646484,169.59392074268916,-191.9154299984704,-64.56413998676722,1.0556515069123902,0.362140140307149,0.046735602164991716,3.5110461645254014e-05,35.724547136934405,60.879973599442806,nan,0.003256060715303555,nan
451.99,168.53604125976562,-191.90110778808594,-64.56172943115234,169.59171760455158,-191.92417650940578,-64.5660393128488,1.0559371600261998,0.3621925523072236,0.04675099518282477,3.581588566363703e-05,35.611509281305075,60.25551535799065,nan,nan,nan
452.0,168.53350830078125,-191.9097900390625,-64.56361389160156,169.52583921829142,-191.91755368940605,-64.56814119704447,0.992371614168711,0.36212308155834255,0.046747778117798296,3.508917411857209e-05,34.047941138232176,59.95802030824742,35.79292792116826,0.03944657346509557,nan
452.01,168.53089904785156,-191.91847229003906,-64.56551361083984,169.52338784561925,-191.9262932744673,-64.57014576062168,0.9925304218528448,0.3621752633777296,0.046763198467093425,3.579403590926018e-05,33.942400670764066,59.53984048475604,nan,nan,nan
452.02,168.52821350097656,-191.92715454101562,-64.56739807128906,169.5208653269313,-191.93501313909834,-64.57147673044902,0.9926913118364863,0.3622275325621224,0.04677867808261066,3.508962408232775e-05,33.697082463410176,59.192873622972456,nan,0.3179563458964786,nan
452.03000000000003,168.5254669189453,-191.9358367919922,-64.56925964355469,169.51827557681742,-191.943752476712,-64.57345509173497,0.9928490776527038,0.3622798892718329,0.04679421954391761,3.579481034515358e-05,33.594701478146035,59.14934681429284,nan,nan,nan
452.04,168.52264404296875,-191.94451904296875,-64.57108306884766,169.51561219058513,-191.95241398473124,-64.57266515230491,0.9930007931891119,0.36233233363743605,0.0468098206402564,3.509064570238866e-05,33.05529184349241,58.66627923422673,nan,5.277432256984986,nan
452.05,168.51976013183594,-191.9532012939453,-64.57288360595703,169.47908357559592,-191.95029782121213,-64.57452779412041,0.9593292465343405,0.36226277733069995,0.04680661273634554,3.577414032998042e-05,32.680464876530856,58.01842568580364,9.449050870591146,nan,nan
452.06,168.5167999267578,-191.96188354492188,-64.57463836669922,169.47623434506477,-191.95899185730065,-64.57532740925436,0.9594390234240773,0.36231499128528943,0.04682224062170261,3.5071036085176985e-05,32.50041146229354,57.96913447376554,nan,0.7891270250089565,nan
452.07,168.5137939453125,-191.97056579589844,-64.57637023925781,169.47332149409024,-191.96771448063004,-64.57714260532408,0.9595320960820037,0.36236729266428114,0.046837930440926226,3.5776012184009584e-05,32.384610747948756,57.947834986765855,nan,nan,nan
452.08,168.51071166992188,-191.979248046875,-64.57805633544922,169.47033750729432,-191.97632414811844,-64.5746458862996,0.9596363520105426,0.3624196816042309,0.046853680293424974,3.5073087310097345e-05,32.581870023150366,58.26858832935357,nan,12.873807048684167,nan
452.09000000000003,168.507568359375,-191.98793029785156,-64.57971954345703,169.46729610391716,-191.9850462552131,-64.57635282914919,0.9597379830511868,0.36247215825624407,0.04686949229687401,3.577840442594648e-05,32.44967934007214,57.843170918341514,nan,nan,nan
452.1,168.50436401367188,-191.99659729003906,-64.58134460449219,169.4784446974501,-191.9943343983897,-64.57891269480096,0.9740863480067972,0.3624025165971028,0.04686628721811239,3.5054465250468156e-05,33.103605356614445,58.99589719845307,3.5373897672285204,0.4981617101428731,nan
452.11,168.50108337402344,-192.00527954101562,-64.58293914794922,169.47530182010277,-192.0030447123851,-64.58056505148747,0.9742239021263283,0.3624547626049344,0.04688212528707345,3.575925348166956e-05,32.97740825001396,57.389418730374594,nan,nan,nan
452.12,168.4977569580078,-192.0139617919922,-64.5844955444336,169.47209779365724,-192.01177723898158,-64.58310603658272,0.9743442754067735,0.3625070960774057,0.04689802376847525,3.505743243743626e-05,32.759105824278805,57.78137115803573,nan,0.5952665500741714,nan
452.13,168.49436950683594,-192.02264404296875,-64.58602905273438,169.4688316208074,-192.02048681557574,-64.584706155142,0.9744653997212063,0.36255951716203416,0.04691398450781273,3.576257519185587e-05,32.63757600797713,57.34338092086798,nan,nan,nan
452.14,168.4909210205078,-192.03131103515625,-64.5875244140625,169.46550393688227,-192.02916052290405,-64.58476894811162,0.9745891843153702,0.3626120260009436,0.046930006010146075,3.506083461213541e-05,32.687602544461576,58.77749612403916,nan,1.5992432513995052,nan
452.15000000000003,168.4874725341797,-192.0399932861328,-64.58899688720703,169.4631232095745,-192.03567652780148,-64.58635700969776,0.975663796476066,0.36254229921050796,0.04692680143973699,3.574431391956305e-05,33.071410574857104,57.17693390407105,0.9386182478245247,nan,nan
452.16,168.4840545654297,-192.04867553710938,-64.59043884277344,169.45979130842073,-192.04437907964163,-64.58807250042383,0.9757490716089163,0.3625945771737668,0.04694284840149086,3.5043473449692465e-05,32.92012180236872,56.930672230233576,nan,0.032989974388157685,nan
452.17,168.48069763183594,-192.05734252929688,-64.59185028076172,169.4565031643751,-192.05307618936513,-64.58954580813617,0.975817580075573,0.3626469426495594,0.046958957738460524,3.5748457263146866e-05,32.78941407430598,58.17976997030782,nan,nan,nan
452.18,168.47738647460938,-192.06602478027344,-64.59323120117188,169.45327054742756,-192.0618008300548,-64.59227121661523,0.9758936862722373,0.3626993957817509,0.046975128192935256,3.504764518176448e-05,32.551439327130765,56.6541038646006,nan,1.152769637860763,nan
452.19,168.47415161132812,-192.07469177246094,-64.59458923339844,169.45009757415792,-192.07049729214103,-64.59370316813795,0.9759553786626622,0.3627519367151702,0.04699136125678662,3.575299155978431e-05,32.42801812855926,57.784300026287916,nan,nan,nan
452.2,168.47097778320312,-192.0833740234375,-64.59591674804688,169.44617987543955,-192.08078800407415,-64.59473104178853,0.9752062418267164,0.3626821250065167,0.04698815147546488,3.5031018827099084e-05,32.06820794797703,56.6608980707252,0.42792486457839884,0.08939786150699769,nan
452.21000000000004,168.46786499023438,-192.092041015625,-64.59722137451172,169.4431293645381,-192.08949119734717,-64.59610674947345,0.9752683444817902,0.3627344348319662,0.047004409249918645,3.5735855290778274e-05,31.94475486414531,57.46106861529158,nan,nan,nan
452.22,168.46481323242188,-192.10072326660156,-64.59849548339844,169.44014070791997,-192.09820881817976,-64.59819621034016,0.9753307626014408,0.3627868322149259,0.04702072847970717,3.503586618276178e-05,31.797628822171024,56.37056368373312,nan,0.38478967644808215,nan
452.23,168.46180725097656,-192.10939025878906,-64.59974670410156,169.43721329105654,-192.10691135933556,-64.59952937148175,0.975409214227785,0.3628393172999076,0.047037110451587275,3.5741073898871427e-05,31.6802404876433,56.90571939964297,nan,nan,nan
452.24,168.45887756347656,-192.11807250976562,-64.60096740722656,169.4343459467081,-192.11560749387644,-64.60051774093934,0.9754716014254159,0.3628918902312988,0.04705355421388684,3.504103600481771e-05,31.570544065605436,56.31000791622874,nan,0.0723758260356705,nan
452.25,168.4560089111328,-192.12673950195312,-64.6021728515625,169.39317873259967,-192.11358186254415,-64.60189356718385,0.9372622235760882,0.36282199381886915,0.04705033625292006,3.572459001675021e-05,30.893949041799594,56.84471301417045,12.465576234485253,nan,nan
452.26,168.45318603515625,-192.1354217529297,-64.60334777832031,169.3903646104372,-192.12225385799047,-64.6021228307387,0.9372718794028326,0.3628743354101593,0.04706680406061075,3.502532907057273e-05,30.821566048402712,55.63980691662448,nan,0.7500062160282962,nan
452.27,168.45042419433594,-192.1440887451172,-64.60450744628906,169.38760677459445,-192.13094475806642,-64.60335043893295,0.9372754620716407,0.36292676460422224,0.047083334751082825,3.5730404819476353e-05,30.700715885953226,56.43038401397808,nan,nan,nan
452.28000000000003,168.44772338867188,-192.15277099609375,-64.60563659667969,169.3849046509658,-192.13963545911872,-64.60455570516629,0.9372739349053381,0.3629792815452943,0.04709992798917749,3.6449806629094745e-05,30.58250399213915,55.64886536113718,nan,nan,nan
452.29,168.445068359375,-192.16143798828125,-64.60674285888672,169.38225698964786,-192.14832599469796,-64.60573901915775,0.9372808868117622,0.36303188637787576,0.047116583919394946,3.718367899962791e-05,30.463161021040722,56.43914317792006,nan,nan,nan
452.3,168.44247436523438,-192.1701202392578,-64.60783386230469,169.40175997652906,-192.16025712318114,-64.60772592869691,0.9593363209768673,0.3629619054741577,0.04711335248677547,3.637529828944632e-05,31.242681055555455,55.24427592284291,5.232640138413472,0.43694026161811134,nan
452.31,168.43992614746094,-192.1787872314453,-64.60889434814453,169.39925553828638,-192.16894166918135,-64.60887539172226,0.9593799120041858,0.3630142787348121,0.04713003168655455,3.710690676075406e-05,31.129123103703385,56.46518629771258,nan,nan,nan
452.32,168.4374237060547,-192.18746948242188,-64.60993957519531,169.39680398313985,-192.17759749365175,-64.608210312979,0.9594326253417109,0.3630667396411484,0.04714677326553228,3.6325291330432524e-05,31.101420524394126,55.0062191390229,nan,2.1069880947379027,nan
452.33,168.4349822998047,-192.19613647460938,-64.6109619140625,169.39440123699345,-192.18628246603544,-64.60930151102393,0.9594709768719593,0.36311928834034835,0.0471635781586024,3.7055642019239255e-05,30.98065365404648,56.37505064452877,nan,nan,nan
452.34000000000003,168.4325714111328,-192.20481872558594,-64.6119613647461,169.39204847140664,-192.19496123362777,-64.60994811786112,0.959529808032262,0.3631719249737405,0.04718044575615406,3.627690766923047e-05,30.909194577573555,54.90433328948721,nan,0.11851438649960705,nan
452.35,168.4302215576172,-192.21348571777344,-64.61294555664062,169.3798919216095,-192.20528340499342,-64.61102856208561,0.9497077198003362,0.36310185979334436,0.047177197460816736,3.6982557500690536e-05,29.974637022460218,56.014772568899915,3.063983945242471,nan,nan
452.36,168.42791748046875,-192.22216796875,-64.61390686035156,169.37761634234224,-192.21399059957622,-64.6124732391985,0.9497351488072923,0.36315426462237504,0.04719408761078559,3.620761610347426e-05,29.822909535602314,54.892110177602596,nan,0.11334147024193642,nan
452.37,168.4256591796875,-192.2308349609375,-64.61485290527344,169.3753878790415,-192.22269194121887,-64.61348888700043,0.9497645875124263,0.3632067571447527,0.04721104122768252,3.693474485545138e-05,29.705294213383176,55.735485883771176,nan,nan,nan
452.38,168.42344665527344,-192.23951721191406,-64.61577606201172,169.37320668382068,-192.23137736182744,-64.61332554543263,0.9497980701270151,0.3632593374998856,0.04722805783863496,3.616253891751196e-05,29.712573866316053,54.84922489433897,nan,0.8902470848320705,nan
452.39,168.42127990722656,-192.24818420410156,-64.61668395996094,169.37106863480525,-192.24007912830314,-64.61429391275747,0.9498263165520759,0.3633120058379262,0.04724513817428371,3.688861971402377e-05,29.590824433060558,55.768289421549504,nan,nan,nan
452.40000000000003,168.41915893554688,-192.25686645507812,-64.61756896972656,169.34780530515386,-192.24217669806214,-64.61611953434603,0.9287636780195139,0.36324185658852515,0.04724186803668564,3.6096728329466786e-05,29.236067787334886,54.692977484184865,3.778684861280663,0.5713364368423879,nan
452.41,168.4170684814453,-192.26553344726562,-64.61843872070312,169.34571867950328,-192.25086990141034,-64.61706225141467,0.9287669807857357,0.36329429289064896,0.047258970117986764,3.682091738507885e-05,29.119957065923984,55.294753772043805,nan,nan,nan
452.42,168.4150390625,-192.2742156982422,-64.61929321289062,169.343671636235,-192.25958093979557,-64.6193831458491,0.9287478889582578,0.36334681692354376,0.04727613546972372,3.605491902342901e-05,28.960968946811292,54.51415886919917,nan,1.2926600689431895,nan
452.43,168.41302490234375,-192.2828826904297,-64.62013244628906,169.34166794960018,-192.26827477177656,-64.6203071863093,0.9287579507272913,0.3633994288395277,0.047293364709459745,3.677819628965117e-05,28.853234344623967,54.77469502280939,nan,nan,nan
452.44,168.41107177734375,-192.29156494140625,-64.6209487915039,169.3397051079145,-192.2769646248325,-64.62086852946621,0.9287481027345327,0.3634521287746653,0.04731065753347469,3.601470303761361e-05,28.745792519125065,54.40277650695706,nan,0.0801141300092369,nan
452.45,168.40914916992188,-192.3002471923828,-64.62175750732422,169.34061866038982,-192.28968344926167,-64.62171008287355,0.931529391157587,0.3633818956743423,0.04730736178137002,3.671404609679813e-05,28.242804696783804,53.71390753334054,1.1857090947099242,nan,nan
452.46000000000004,168.4072723388672,-192.3089141845703,-64.62254333496094,169.33873678177324,-192.2983953023305,-64.62287477708898,0.9315238940229785,0.36343436334109624,0.047324675582232106,3.5953931859961475e-05,28.137361867192926,55.25656981579732,nan,0.05696403754231553,nan
452.47,168.40542602539062,-192.31759643554688,-64.6233139038086,169.336893307066,-192.30710428908264,-64.62373559605248,0.931526467575384,0.363486918790697,0.047342053438965435,3.667466183294777e-05,28.03384083050663,53.847708645404865,nan,nan,nan
452.48,168.4036102294922,-192.32627868652344,-64.62406921386719,169.335087650726,-192.31580949407444,-64.6242046049203,0.9315362626273097,0.3635395621569672,0.04735949514035886,3.591690192441689e-05,27.924918085744217,53.592869216318874,nan,0.09535272886902182,nan
452.49,168.40184020996094,-192.33494567871094,-64.62480926513672,169.33331774906083,-192.32451893792646,-64.62503281310883,0.9315359213388741,0.36359229359570594,0.0473770011656352,3.66368989951532e-05,27.8186554837563,54.86057282294847,nan,nan,nan
452.5,168.4001007080078,-192.3436279296875,-64.62553405761719,169.35578299821043,-192.34968870455364,-64.62785429233811,0.9557043247197625,0.36352197684574045,0.047373675071875405,3.585942672686412e-05,26.825110919443244,53.89484953943863,13.258025734335146,2.767552361493413,nan
452.51,168.3983917236328,-192.35231018066406,-64.62625122070312,169.35412159212322,-192.35844487021845,-64.62867452650471,0.9557526292674428,0.3635744757846753,0.047391201238888604,3.657784843305307e-05,26.731967501108716,53.41670650729406,nan,nan,nan
452.52,168.396728515625,-192.36099243164062,-64.62694549560547,169.3524955591708,-192.36719672459296,-64.6290121763315,0.9557894150640732,0.36362706253736,0.047408791500060575,3.582549909033058e-05,26.586839574255,53.92275478204329,nan,0.14831278499529324,nan
452.53000000000003,168.3950958251953,-192.36965942382812,-64.62763214111328,169.35090213809286,-192.37595295202357,-64.62980149954464,0.9558294944120319,0.3636797372617951,0.04742644626004531,3.6543303331728705e-05,26.490920864883705,54.624770245420656,nan,nan,nan
452.54,168.39349365234375,-192.3783416748047,-64.6282958984375,169.34933765236252,-192.3847253228849,-64.63240138744004,0.9558741331235233,0.36373250008838515,0.04744416541933782,3.579307601353888e-05,26.7303596122989,54.07690647685162,nan,2.2423157760830694,nan
452.55,168.3919219970703,-192.38702392578125,-64.62895202636719,169.35213723670478,-192.39909154192858,-64.63304942105673,0.9602998086165561,0.3636620999116025,0.047440804950668665,3.648755928052642e-05,26.099939581981545,53.73940693600988,2.7308981129779006,nan,nan
452.56,168.390380859375,-192.3957061767578,-64.62960052490234,169.3506437937052,-192.40787757140944,-64.63504211017965,0.9603554845714789,0.36371463000607307,0.0474585434355768,3.574030120037523e-05,26.366452226268713,53.74875800853386,nan,1.0158761725403351,nan
452.57,168.3888702392578,-192.40438842773438,-64.6302261352539,169.3491842295671,-192.41665387081937,-64.63580964917291,0.9604085467682504,0.363767247971069,0.047476346596723555,3.645612662539698e-05,26.291607825459845,54.09178474395828,nan,nan,nan
452.58,168.38739013671875,-192.41307067871094,-64.63084411621094,169.3477570788925,-192.42542418222953,-64.63573656598854,0.9604588532228582,0.3638199539349303,0.04749421439378289,3.571084254638027e-05,26.00557757905807,53.60532977186862,nan,0.46592873220025843,nan
452.59000000000003,168.3859405517578,-192.42173767089844,-64.63145446777344,169.34635779354147,-192.43420116585847,-64.63647302692584,0.9605112195898167,0.36387274805887804,0.04751214714279978,3.64261993721204e-05,25.923729593067073,54.52547307978244,nan,nan,nan
452.6,168.384521484375,-192.430419921875,-64.63204956054688,169.29798962026757,-192.42750163631706,-64.63769750724867,0.9134902577387424,0.3638022646503121,0.047508747737612225,3.566109288128002e-05,25.74664231587022,53.47544986065717,18.24133343165827,0.14645719343275765,nan
452.61,168.3831329345703,-192.43910217285156,-64.63262939453125,169.29657060089764,-192.43625627448097,-64.63841678924597,0.9134604333744459,0.3638548258108127,0.04752669894752183,3.6375137320240746e-05,25.67230264050742,53.624959912270974,nan,nan,nan
452.62,168.3817596435547,-192.44778442382812,-64.6332015991211,169.2951793697319,-192.44501184459372,-64.63919150426334,0.9134435736972885,0.36390747486651664,0.04754471502096893,3.5634485590340546e-05,25.658766186930713,53.101074679537454,nan,0.0029666819090313308,nan
452.63,168.38043212890625,-192.4564666748047,-64.63375854492188,169.29381568931677,-192.45376736797786,-64.63989040597885,0.9134081313441275,0.36396021198051137,0.047562796228061394,3.634815724442751e-05,25.586097517005744,53.70934592649566,nan,nan,nan
452.64,168.37911987304688,-192.46514892578125,-64.63430786132812,169.29247627712562,-192.46252942784776,-64.64158410747598,0.9133891429172317,0.36401303727822026,0.04758094259740736,3.560925534341333e-05,25.939178259104786,53.6194514904607,nan,0.6883883597023223,nan
452.65000000000003,168.37783813476562,-192.4738311767578,-64.63484191894531,169.31704988329355,-192.47870465912095,-64.64225328770088,0.9392536333653737,0.36394247086537257,0.047577500054393346,3.630008667888209e-05,26.265056689580256,53.86890851610285,5.443862756868987,nan,nan
452.66,168.37657165527344,-192.48252868652344,-64.63536834716797,169.31580815971594,-192.48747006951228,-64.64291291965155,0.9392798034223764,0.363995062967601,0.047595664025031466,3.5563764086859524e-05,26.256369539917227,52.34489739738696,nan,0.00024959042690841525,nan
452.67,168.37533569335938,-192.4912109375,-64.6358871459961,169.31459171288427,-192.49623602037147,-64.64358205584257,0.9393009812137705,0.3640477430257774,0.04761389331181786,3.627592526186991e-05,26.18998187430308,53.43440314493032,nan,nan,nan
452.68,168.37413024902344,-192.49989318847656,-64.63639068603516,169.29104606606367,-192.50804732614483,-64.645115421669,0.916993580409129,0.35851437102737516,0.04752883222094124,3.554021872208395e-05,34.61307190814916,62.21376650201325,nan,0.5336456826050385,0.08943631787101093
452.69,168.37294006347656,-192.50857543945312,-64.63688659667969,169.2898712429704,-192.51683251409435,-64.6457744926391,0.9170114295384696,0.3585633634621789,0.047545963147591325,3.62521048726636e-05,34.51638489833473,61.81877615987941,nan,nan,nan
452.7,168.3717803955078,-192.5172576904297,-64.63736724853516,169.319308556691,-192.54455007839096,-64.64565445671006,0.9479573663911012,0.3584962261595353,0.0475425362650184,3.549746525963355e-05,32.80880022964229,62.36052452684607,18.974477037051578,0.45383415434657326,nan
452.71000000000004,168.3706512451172,-192.52593994140625,-64.63784790039062,169.3182199368992,-192.55338905644825,-64.64628841220814,0.9480037562171366,0.3585450062959735,0.04755968318959937,3.620825400313293e-05,32.70683963934455,62.08171077835533,nan,nan,nan
452.72,168.36953735351562,-192.53463745117188,-64.63831329345703,169.31735345801718,-192.56218983369757,-64.64393743175928,0.9482331636612319,0.358593866573234,0.04757688828820708,3.547749672459886e-05,31.499857976918374,59.726767732558066,nan,6.084357571941894,nan
452.73,168.36843872070312,-192.54331970214844,-64.6387710571289,169.31631013358103,-192.57102926446257,-64.6445248578051,0.9482938054300533,0.3586428201801971,0.04759415219098564,3.618811264493338e-05,31.390295211022966,60.59545695337216,nan,nan,nan
452.74,168.3672637939453,-192.552001953125,-64.63932037353516,169.31523631090874,-192.579868867897,-64.64512922042184,0.9483998105013769,0.3586918544232216,0.04761147457581815,3.545875467495654e-05,31.297357826955167,60.922311096901666,nan,0.0004793408418937891,nan
452.75,168.36599731445312,-192.56068420410156,-64.63996124267578,169.35510483322517,-192.59817016857303,-64.64578525388609,0.9898347338471837,0.3586246795674305,0.04760802248302575,3.614690020093243e-05,32.337707018481176,60.95506663539547,18.629349585825135,nan,nan
452.76,168.36463928222656,-192.5693817138672,-64.64070129394531,169.35400493708718,-192.60700019247875,-64.64549995300683,0.9900922058473247,0.3586735015376021,0.04762536035294238,3.5419760221568064e-05,31.92519511063144,58.98609393136655,nan,0.8365379603257063,nan
452.77,168.3632049560547,-192.57806396484375,-64.64152526855469,169.3527494311363,-192.6158435054918,-64.64639765961418,0.9902773864179347,0.3587224163253584,0.04764275725409457,3.612924500141425e-05,31.80500160110436,60.49139889985849,nan,nan,nan
452.78000000000003,168.3616943359375,-192.5867462158203,-64.64244079589844,169.3514117825342,-192.62468677725178,-64.64736802147429,0.990456656220504,0.35877141207849156,0.04766021293946359,3.540337655910738e-05,31.70641072341452,60.48890594822605,nan,0.00023293567476659194,nan
452.79,168.36009216308594,-192.59544372558594,-64.64344024658203,169.34999065051093,-192.6335303932133,-64.64844652017102,0.9906435647762004,0.3588205007363422,0.047677727928430315,3.611278414971484e-05,31.59131694627746,59.18869222203608,nan,nan,nan
452.8,168.35841369628906,-192.6041259765625,-64.64453125,169.36383108435516,-192.6426874515304,-64.64709388118526,1.0061598673451133,0.3587532758056231,0.04767424671470686,3.536673961305265e-05,32.00949936817311,59.815084912172644,5.811776060967229,4.4714833496335,nan
452.81,168.35665893554688,-192.61282348632812,-64.64571380615234,169.3622805578799,-192.651518869245,-64.64832500173978,1.0063692156982853,0.35880215178006836,0.047691776614499595,3.607521937673241e-05,31.89050182227708,58.463818726719424,nan,nan,nan
452.82,168.3548126220703,-192.6215057373047,-64.64698028564453,169.36060364962836,-192.66035836424703,-64.6504052514878,1.0065469925083579,0.3588511090377153,0.04770936559225618,3.535257814448921e-05,31.909447810753168,59.496071172205895,nan,0.4018069979645796,nan
452.83,168.3529052734375,-192.63018798828125,-64.64832305908203,169.358895338915,-192.66919004457137,-64.65181711101505,1.0067518962650146,0.3589001587025524,0.04772701410355394,3.60610426563795e-05,31.7915589112017,60.08333875486853,nan,nan,nan
452.84000000000003,168.3509063720703,-192.63888549804688,-64.6497573852539,169.35715618013577,-192.67801417043412,-64.652542495611,1.007014143929602,0.3589492901338192,0.0477447219955639,3.533948321839497e-05,31.551986200851253,58.12484857101174,nan,0.41238462738054915,nan
452.85,168.3488311767578,-192.64756774902344,-64.6512680053711,169.37457346932356,-192.6920510363473,-64.6540265298734,1.0267100968952296,0.3588820264047099,0.047741208491119645,3.6025752465586396e-05,31.870578394021464,59.720783463320956,3.910712151364417,nan,nan
452.86,168.34669494628906,-192.65626525878906,-64.65287017822266,169.37269939353263,-192.70088276250866,-64.65517486761438,1.0269767081073133,0.3589309451569146,0.04775893073183229,3.5306088057324226e-05,31.689485916521644,58.30248468585457,nan,0.1782114862322007,nan
452.87,168.34446716308594,-192.66494750976562,-64.65454864501953,169.37072024134594,-192.70971929244317,-64.65690746232904,1.0272319393308147,0.3589799558308538,0.0477767127362554,3.601371754046538e-05,31.572059523534737,59.241963297510885,nan,nan,nan
452.88,168.34217834472656,-192.6736297607422,-64.65630340576172,169.36872772457346,-192.718546200092,-64.65768303340111,1.0275324905618992,0.359029048569536,0.047794554405303724,3.529502124606804e-05,31.349613613913302,59.38573247266814,nan,0.7486170802551327,nan
452.89,168.33981323242188,-192.6823272705078,-64.65813446044922,169.36660150187345,-192.72738193594532,-64.65956721762646,1.0277772744880909,0.35907823333124417,0.04781245611522056,3.6002709091349845e-05,31.234332587499352,58.14909584913835,nan,nan,nan
452.90000000000003,168.33737182617188,-192.69100952148438,-64.6600341796875,169.37883085922692,-192.74158962540952,-64.65852945513163,1.0426876467288864,0.35901092027145315,0.04780890649946614,3.526363681499234e-05,31.190997166329925,59.0095113138382,1.9474629421762844,6.494782597825054,nan
452.91,168.33486938476562,-192.69970703125,-64.66193389892578,169.37658389021368,-192.75043427845316,-64.6604885672531,1.042949880604692,0.35905989195394916,0.04782682194643681,3.59705281815361e-05,31.067446854415593,58.28827083367504,nan,nan,nan
452.92,168.33229064941406,-192.70838928222656,-64.66382598876953,169.37435127855778,-192.75926614667148,-64.66093028104623,1.0433058972661708,0.35910894598433807,0.047844797334476705,3.525446312282826e-05,31.12799118964942,59.137182598315164,nan,1.6000070952080623,nan
452.93,168.3296356201172,-192.71707153320312,-64.66568756103516,169.3719635372814,-192.76810985987663,-64.6628546642173,1.0435805781030534,0.3591580915727355,0.0478628329950572,3.596146109772034e-05,30.995093485919323,59.105657225036715,nan,nan,nan
452.94,168.32691955566406,-192.72576904296875,-64.66751861572266,169.36941701016792,-192.77696581480402,-64.66638226144532,1.0437544459279788,0.3592073199754142,0.04788092889525547,3.524619613875723e-05,30.692957895867426,57.72379941880119,nan,1.8509888154314602,nan
452.95,168.3241424560547,-192.7344512939453,-64.66931915283203,169.34492722361793,-192.78128796463142,-64.66820632792854,1.0218593121312576,0.3591399668849269,0.047877339799959326,3.5931198482280184e-05,29.947119479322197,58.44244724087039,5.671078893311488,nan,nan
452.96000000000004,168.3212890625,-192.74313354492188,-64.67108154296875,169.34232135579248,-192.79012767941126,-64.66954559001287,1.0221143535700816,0.3591889821876856,0.0478954488282237,3.521754529219809e-05,29.861893018044277,58.31926576300656,nan,0.18030202422834932,nan
452.97,168.318359375,-192.75181579589844,-64.67281341552734,169.3396212863971,-192.79897067229476,-64.67135494851917,1.022351016610442,0.35923808859853185,0.047913618360061354,3.592393495165225e-05,29.737482482727017,57.82977802115289,nan,nan,nan
452.98,168.3153839111328,-192.760498046875,-64.67450714111328,169.33683751578602,-192.80781560147088,-64.6734660804952,1.0225495104097242,0.35928727808292216,0.04793184839941396,3.521098322931276e-05,29.59158087337861,58.226545350093375,nan,0.07828402567024255,nan
452.99,168.3123321533203,-192.76919555664062,-64.6761703491211,169.33400621688253,-192.81665792320524,-64.6752127431922,1.0227763613834453,0.35933655879486276,0.047950139223281826,3.591753434091472e-05,29.472648768369112,56.57356844994048,nan,nan,nan
453.0,168.30921936035156,-192.7778778076172,-64.67780303955078,169.3464570485932,-192.84305797776358,-64.67814280326229,1.0392836917456976,0.3592691569706652,0.04794650687993925,3.518401038206264e-05,27.452853812247458,58.246379183570724,21.560009623610547,1.1494103885843572,nan
453.01,168.30604553222656,-192.78656005859375,-64.67939758300781,169.34350745830648,-192.85195798193732,-64.67983691196204,1.0395212020218854,0.35931822419714265,0.047964810182882865,3.588986395334322e-05,27.33870233007439,58.376080252181495,nan,nan,nan
453.02,168.3028564453125,-192.7952423095703,-64.68096160888672,169.34046364971073,-192.86086449941428,-64.68265681224679,1.039681612866869,0.35936737473914315,0.047983174254587924,3.5179024994011855e-05,27.298019141547716,58.09258502945911,nan,0.9353208383917381,nan
453.03000000000003,168.29969787597656,-192.80392456054688,-64.68250274658203,169.33748829543018,-192.86976366814133,-64.6843008301644,1.039878346684415,0.3594166160826928,0.04800159934216532,3.588507675443417e-05,27.188619316124075,57.658536859243824,nan,nan,nan
453.04,168.2965850830078,-192.81260681152344,-64.68400573730469,169.33455690849948,-192.87866141249677,-64.6857609433028,1.0400729789646228,0.3594659411884295,0.048020085493781374,3.5174793756200856e-05,27.06831765402653,57.77724872002449,nan,0.01656217448214047,nan
453.05,168.2935333251953,-192.8212890625,-64.68547821044922,169.3372008899105,-192.88930041144033,-64.68744350752577,1.0458830678502231,0.35939849813966146,0.04801640638673368,3.585898959258693e-05,27.087149513497284,57.964683108059,0.7163142685414488,nan,nan
453.06,168.29052734375,-192.82997131347656,-64.68692016601562,169.3345076782092,-192.8981861129754,-64.68625775390659,1.0462067847218468,0.35944760971217316,0.04803490436385544,3.5150075376785746e-05,26.875137164656124,57.56815284569856,nan,5.263273813928804,nan
453.07,168.28758239746094,-192.83865356445312,-64.6883316040039,169.33173856660576,-192.90708598208977,-64.68775875208289,1.0463964017073646,0.3594968116769117,0.048053463586832684,3.5855687288025104e-05,26.755356826987597,57.58307755019814,nan,nan,nan
453.08,168.28469848632812,-192.8473358154297,-64.6897201538086,169.3289721888756,-192.91599132171567,-64.69038744539135,1.0465283510988486,0.3595460976196831,0.04807208412765338,3.5147245509096804e-05,26.64269529061963,57.2850921542705,nan,0.9341479817554594,nan
453.09000000000003,168.2818603515625,-192.85601806640625,-64.69107818603516,169.32631767487328,-192.92489085297052,-64.69184569647192,1.0467259192448222,0.35959547409451587,0.04809076619818883,3.5853094857117336e-05,26.53147033278832,57.06843346158022,nan,nan,nan
453.1,168.27908325195312,-192.8647003173828,-64.69241333007812,169.30385222440165,-192.93151397455281,-64.69379094877883,1.0269456701846134,0.35952798275380043,0.048087036583135484,3.5123897380778474e-05,25.660024263523308,56.74116622131918,6.056791032988163,0.1615740902516084,nan
453.11,168.2763671875,-192.87338256835938,-64.69371795654297,169.301271258537,-192.940420729507,-64.69520249258706,1.0270952602974883,0.3595771453268192,0.048105729793104124,3.582912133049028e-05,25.552676026681223,56.88420652512293,nan,nan,nan
453.12,168.27369689941406,-192.88206481933594,-64.69499969482422,169.29883557782472,-192.94931902839983,-64.69458850242708,1.0273424977530827,0.35962639207559355,0.04812448456877008,3.512235115107734e-05,25.382205940160677,56.37766560734285,nan,2.805217469056996,nan
453.13,168.27108764648438,-192.8907470703125,-64.69625091552734,169.29636321673172,-192.958225394236,-64.69593014273941,1.0274937576650889,0.35967572897254435,0.04814330110346216,3.58278398437224e-05,25.266652060125946,56.60761046019991,nan,nan,nan
453.14,168.26852416992188,-192.89942932128906,-64.69747924804688,169.29400996071772,-192.96712579050669,-64.69574039030117,1.027719291779114,0.3597251504709185,0.04816217949664706,3.512141870701349e-05,25.237181762042297,56.315266485358585,nan,1.5923085105380568,nan
453.15000000000003,168.26602172851562,-192.90811157226562,-64.69868469238281,169.24567590044396,-192.9659191205881,-64.69696612079824,0.981359751929908,0.3596576167662739,0.04815839575192722,3.58051447783561e-05,24.009728099694833,55.95887824072368,22.319413732671222,nan,nan
453.16,168.26356506347656,-192.91677856445312,-64.69986724853516,169.2432298826992,-192.97482616430375,-64.69925250216446,0.9813832379779385,0.3597068242875476,0.04817728458855264,3.509988843464562e-05,23.82346558418206,56.87519287902995,nan,0.7483339421312766,nan
453.17,168.2611541748047,-192.9254608154297,-64.7010269165039,169.24087748269716,-192.9837294649729,-64.70049384660538,0.9814546753217239,0.35975612159020415,0.04819623541152789,3.580505808183551e-05,23.70906255864733,55.350012818397296,nan,nan,nan
453.18,168.2587890625,-192.93414306640625,-64.70215606689453,169.23857321525813,-192.99263264540627,-64.70172151386578,0.9815285047740072,0.3598055036653485,0.048215248334345207,3.510008175823811e-05,23.5956380407032,55.485953913814015,nan,5.260393671281555e-05,nan
453.19,168.2564697265625,-192.9428253173828,-64.7032699584961,169.2363169187553,-193.00153568113996,-64.70291859304467,0.9816045794098069,0.35985497568280583,0.048234323529556235,3.580554276959382e-05,23.483441792385257,54.96996009124169,nan,nan,nan
453.2,168.25421142578125,-192.95150756835938,-64.70436096191406,169.2224580915752,-193.01224855506476,-64.70400936768436,0.9701500898858539,0.35978739397246434,0.048230481915803536,3.507964586036566e-05,22.507047290064897,55.51473308625635,5.709329024529541,0.029485573523962024,nan
453.21000000000004,168.25198364257812,-192.96018981933594,-64.70542907714844,169.2202678065056,-193.02116825316986,-64.70516408607864,0.9702023818388827,0.3598366516620192,0.04824956683175163,3.578453202104328e-05,22.396343156453902,55.058018694905684,nan,nan,nan
453.22,168.2498016357422,-192.9688720703125,-64.70647430419922,169.21823444886223,-193.03008086868502,-64.7034885842336,0.9703697980922152,0.35988599427717194,0.048268714083530305,3.5080859999501364e-05,22.539818845761566,55.2672726109761,nan,5.5480887754657084,nan
453.23,168.24766540527344,-192.97755432128906,-64.7074966430664,169.2161328763218,-193.03900047760402,-64.70457452193438,0.970419193646034,0.3599354264932425,0.04828792383352682,3.5786057305346475e-05,22.416135635982403,55.27865651275941,nan,nan,nan
453.24,168.24557495117188,-192.98623657226562,-64.70850372314453,169.2140365822664,-193.0479223513977,-64.70660825940232,0.9704260193503675,0.3599849440395889,0.04830719621032924,3.50825627754725e-05,22.17209054902474,54.89792608194443,nan,0.6578188426890634,nan
453.25,168.2435302734375,-192.9949188232422,-64.70948791503906,169.22214436061637,-193.05578828537742,-64.70754761485665,0.980507209463735,0.3599173188888223,0.048303293033136484,3.5766055826690726e-05,22.81550427319761,54.82501073325917,3.8001537760993034,nan,nan
453.26,168.24151611328125,-193.00360107421875,-64.71045684814453,169.22011330422114,-193.06469994952698,-64.71063114428573,0.9805027103779607,0.35996662200517265,0.04832257439430492,3.506355849944841e-05,22.6044848479965,54.18473280228156,nan,2.950281232613369,nan
453.27,168.2395477294922,-193.01226806640625,-64.7114028930664,169.218200042415,-193.07360784069104,-64.71166877404146,0.9805727857691935,0.360016014397649,0.048341918477025424,3.576851958034583e-05,22.496953759137014,55.60883311630999,nan,nan,nan
453.28000000000003,168.23760986328125,-193.0209503173828,-64.71232604980469,169.21629883673637,-193.08251704305835,-64.71343522517851,0.9806241883326429,0.36006549224764856,0.04836132541681793,3.506614415030701e-05,22.424562935044932,54.23474704612273,nan,0.39236853920939535,nan
453.29,168.2357177734375,-193.02963256835938,-64.7132339477539,169.21446396638888,-193.09142524512373,-64.71444459899735,0.9806956259691133,0.3601150595553768,0.04838079536578179,3.577143305292908e-05,22.325007817781465,54.15786590514251,nan,nan,nan
453.3,168.23387145996094,-193.03831481933594,-64.71412658691406,169.1946570228092,-193.09519842486486,-64.71456406576893,0.9624680949223008,0.3600473865352878,0.048376826878630604,3.504799380190989e-05,21.967144215490155,54.05275238767212,3.7607190723884876,0.7214994595309686,nan
453.31,168.23204040527344,-193.0469970703125,-64.71499633789062,169.19286635409622,-193.10410145131513,-64.7155319793907,0.9625215328358736,0.36009673907966394,0.04839630505325198,3.575274146892046e-05,21.865855018128432,53.6177691555368,nan,nan,nan
453.32,168.2302703857422,-193.05567932128906,-64.71585083007812,169.19117181519272,-193.11300285441385,-64.71477619389626,0.9626103570047977,0.36014617719177333,0.04841584631034061,3.505137120116318e-05,21.78606826998605,54.08358724501795,nan,2.0521329335486995,nan
453.33,168.228515625,-193.06436157226562,-64.71669006347656,169.18945375731727,-193.12190637241804,-64.71569455536753,0.962660110943823,0.36019570446101296,0.048435450797762104,3.575646063651133e-05,21.677730489153145,53.36452786353812,nan,nan,nan
453.34000000000003,168.226806640625,-193.07305908203125,-64.71751403808594,169.18775287245705,-193.13081048077404,-64.71712720206014,0.9626801307657095,0.3602453176826376,0.04845511865734973,3.505512877930125e-05,21.55314788270665,52.21204276276351,nan,0.19786533887363178,nan
453.35,168.22512817382812,-193.0817413330078,-64.71832275390625,169.1753472752168,-193.1381305713691,-64.71797889638239,0.9518908577588493,0.3601776002107707,0.04845108111948386,3.5738546886790596e-05,21.142053115445655,53.22301181765305,1.5351371972343515,nan,nan
453.36,168.22348022460938,-193.09042358398438,-64.71910858154297,169.1738039796073,-193.14703540898066,-64.71605827938379,0.9520133625039238,0.36022699854172613,0.04847075642991604,3.503807757263186e-05,21.30233441807784,53.614913982516875,nan,5.510647715196731,nan
453.37,168.2218780517578,-193.09910583496094,-64.71987915039062,169.1722018641945,-193.1559422522604,-64.71689163623323,0.9520266025991547,0.36027648574467874,0.04849049518895233,3.574298418963165e-05,21.184377113197744,53.853189701636985,nan,nan,nan
453.38,168.2202911376953,-193.1077880859375,-64.72064208984375,169.17067778266932,-193.16484881761266,-64.71628015700233,0.9521080445529068,0.3603260589861074,0.048510297540468476,3.5042509746949316e-05,21.37684869695601,53.223842318950545,nan,1.4409057685703714,nan
453.39,168.21875,-193.11647033691406,-64.72138214111328,169.169139881813,-193.17375583219228,-64.7170703364645,0.9521245438917889,0.36037572130054996,0.04853016362928724,3.574776721040749e-05,21.253017624765988,53.81521018781746,nan,nan,nan
453.40000000000003,168.2172393798828,-193.12515258789062,-64.72210693359375,169.15174998980558,-193.17703607108163,-64.71993408778143,0.9359522942678109,0.3603079559558402,0.04852605328082252,3.502610836321958e-05,20.739107691018994,53.266690237821265,2.1332922878005687,3.089571205949723,nan
453.41,168.2157440185547,-193.1338348388672,-64.72282409667969,169.15024757109467,-193.18593417044835,-64.72071746137007,0.9359570866088752,0.3603574030625078,0.04854592602655543,3.573084532620712e-05,20.629070819048117,52.4304503066991,nan,nan,nan
453.42,168.21429443359375,-193.1425323486328,-64.72352600097656,169.1487774237635,-193.19483264459993,-64.72140980193842,0.9359477860293401,0.36040693627813497,0.048565862580610075,3.503113792416769e-05,20.534872853472898,51.62541743314991,nan,0.004260780696583702,nan
453.43,168.21286010742188,-193.15121459960938,-64.72420501708984,169.1473342746363,-193.20373133490435,-64.72216618383591,0.9359509247381438,0.360456558303822,0.04858586308753334,3.5736235301126705e-05,20.424708114516314,52.77178828453057,nan,nan,nan
453.44,168.2114715576172,-193.15989685058594,-64.72488403320312,169.1458567648357,-193.2126293719363,-64.72507575813785,0.9358720377461991,0.3605062668047224,0.04860592769163748,3.50364561560104e-05,20.21037082418236,52.393478506521106,nan,3.3058137527091263,nan
453.45,168.21009826660156,-193.1685791015625,-64.72554016113281,169.1191085118107,-193.21367558012676,-64.72587126060394,0.9101282480513105,0.36043845605981933,0.04860174076620808,3.5719897358215555e-05,19.894236383622736,52.3532489557464,5.630954441591367,nan,nan
453.46000000000004,168.20875549316406,-193.17727661132812,-64.72618103027344,169.11769627002,-193.22256416118708,-64.72696777295845,0.9100686331083707,0.36048794920256333,0.04862181121580849,3.502087506581326e-05,19.81290157509086,51.25239437646373,nan,0.08913220577234565,nan
453.47,168.20742797851562,-193.1859588623047,-64.72681427001953,169.11632112299552,-193.2314534349496,-64.72770027206555,0.9100314770502784,0.3605375309063151,0.04864194583064476,3.57258209797684e-05,19.72028528694764,51.785551098652306,nan,nan,nan
453.48,168.20614624023438,-193.19464111328125,-64.72743225097656,169.11493975787408,-193.24034218783845,-64.72961862048929,0.909944518161016,0.3605871991340054,0.0486621447539361,3.502669392874037e-05,19.73734075018689,52.49860408779011,nan,1.0112089982657972,nan
453.49,168.2048797607422,-193.2033233642578,-64.72804260253906,169.11361695821637,-193.24923230627445,-64.73033977761948,0.9098990065076817,0.36063695614131774,0.04868240813184686,3.573200372880288e-05,19.652017643076984,51.88122324866787,nan,nan,nan
453.5,168.20364379882812,-193.21202087402344,-64.7286376953125,169.11244096378155,-193.2560894589991,-64.72930436341976,0.9098652491745733,0.36056909739304144,0.04867814085466781,3.501159380850877e-05,19.72656400782363,50.67086103398792,1.0286904405625963,2.455266293049802,nan
453.51,168.20242309570312,-193.220703125,-64.7292251586914,169.11117113120866,-193.26497259451187,-64.72998719114014,0.9098260046071953,0.3606186387395794,0.04869840924984531,3.571639438560727e-05,19.634549866055693,51.31861033980721,nan,nan,nan
453.52,168.20123291015625,-193.22940063476562,-64.72978973388672,169.109934495141,-193.27385642690754,-64.73031830776144,0.9097885289445629,0.3606682666449111,0.048718742160598426,3.5017849393886214e-05,19.53275156240372,50.71803657904465,nan,0.08206016507469233,nan
453.53000000000003,168.20005798339844,-193.2380828857422,-64.73035430908203,169.10871336085398,-193.28274020541238,-64.73097665487616,0.9097523061214481,0.3607179831004794,0.04873913973522612,3.572302026192277e-05,19.44102405477211,51.02910231148689,nan,nan,nan
453.54,168.19891357421875,-193.24676513671875,-64.73090362548828,169.10747580043179,-193.2916223099377,-64.73325017299368,0.9096719140303158,0.36076778646473484,0.048759602113789824,3.502431844401564e-05,19.492873414367914,51.49111151388129,nan,1.8628779075217368,nan
453.55,168.1977996826172,-193.25546264648438,-64.73143768310547,169.11965641404336,-193.30598988563722,-64.73382875767338,0.923243495731082,0.36069988142551873,0.04875525070905292,3.570783653780604e-05,19.414840086137545,50.64712874744524,1.8471957955104186,nan,nan
453.56,168.1967010498047,-193.26414489746094,-64.73197174072266,169.11848775816844,-193.31488307154788,-64.73607212895593,0.9231911563752253,0.3607494689580412,0.04877571725860753,3.500981070444274e-05,19.64133828831374,51.369521053120735,nan,1.8074097598361212,nan
453.57,168.19561767578125,-193.27284240722656,-64.73248291015625,169.1173794846681,-193.32377928286374,-64.73672142812599,0.923177860792072,0.3607991448235179,0.04879624867786593,3.5714845558081436e-05,19.573049477522694,50.47630828201187,nan,nan,nan
453.58,168.19456481933594,-193.28152465820312,-64.73299407958984,169.11626914543956,-193.332674235612,-64.73838996873748,0.9231382668088955,0.36084890761347566,0.048816845104015065,3.501663882858242e-05,19.8085361091963,51.66498200148708,nan,0.7465458261268381,nan
453.59000000000003,168.19354248046875,-193.29022216796875,-64.73348999023438,169.11520345909364,-193.34157101241314,-64.73903082434674,0.9231069083200582,0.36089875897046414,0.04883750668963295,3.5722043482298316e-05,19.74534342919916,50.839339600700534,nan,nan,nan
453.6,168.19252014160156,-193.29891967773438,-64.73397827148438,169.0850760795992,-193.3393896080626,-64.73937496723514,0.8934892512171717,0.36083080568488374,0.048833067369725904,3.5002475948666656e-05,19.631484561567078,49.908999915880784,7.287552393319077,0.055157397764833596,nan
453.61,168.1915283203125,-193.30760192871094,-64.73445129394531,169.0840045918284,-193.3482671759629,-64.73999509900153,0.8934194375138097,0.36088044091992455,0.048853732264850125,3.5707376006828e-05,19.568153636516016,51.58192526744002,nan,nan,nan
453.62,168.1905517578125,-193.31629943847656,-64.73491668701172,169.08293065002943,-193.3571428849502,-64.74166030636822,0.893338542097103,0.3609301630832468,0.04887446236591408,3.500961143709273e-05,19.91692139857103,50.45843872053185,nan,0.7834521010017448,nan
453.63,168.18960571289062,-193.32498168945312,-64.7353744506836,169.08189873238751,-193.36602096690035,-64.74227382049887,0.8932629267131349,0.3609799736132328,0.048895257828867236,3.571488552456184e-05,19.859301705695415,51.811515471601076,nan,nan,nan
453.64,168.18865966796875,-193.33367919921875,-64.73582458496094,169.0808891735956,-193.37489977889157,-64.7427215172936,0.893207811528377,0.3610298714072678,0.04891611878587889,3.501690020826449e-05,19.79656949110592,49.88592844315334,nan,0.017502652723951104,nan
453.65000000000003,168.187744140625,-193.34237670898438,-64.73626708984375,169.0944561657174,-193.37769678541932,-64.74318852076898,0.9074260909035867,0.3609618709905666,0.048911587778110374,3.570051775460838e-05,21.168186242734023,49.52665231740019,13.073357363524197,nan,nan
453.66,168.18673706054688,-193.35105895996094,-64.73680114746094,169.0934958436502,-193.38654716425614,-64.74215853301702,0.907468790074415,0.3610115524737314,0.048932451165161525,3.500314828548669e-05,20.558413605458615,50.1045130060837,nan,1.9609389981210088,nan
453.67,168.18565368652344,-193.35975646972656,-64.7374267578125,169.09241436064514,-193.3953939498756,-64.74287296994461,0.9074770583059382,0.3610613221334156,0.04895338011293963,3.570829087939319e-05,20.482954655636348,49.23475355791866,nan,nan,nan
453.68,168.18447875976562,-193.3684539794922,-64.73814392089844,169.09277372733735,-193.4031146604938,-64.74487322598478,0.9089809648560044,0.3599767997519796,0.04837907403260972,3.500930887475156e-05,28.65815136129372,57.25418972968691,nan,1.000664678613962,0.0021194901712119265
453.69,168.18321228027344,-193.3771514892578,-64.73895263671875,169.0915200813585,-193.41195883481095,-64.74578518306447,0.9090001630946067,0.36002519038185354,0.04839715877159578,3.5714791254714775e-05,28.55135403274883,56.96810155919378,nan,nan,nan
453.7,168.18185424804688,-193.38583374023438,-64.73985290527344,169.1043686174491,-193.42049446483165,-64.74640554053977,0.9231885314561274,0.35995604576743495,0.048393364560021745,3.499584276042919e-05,29.39739863620259,57.44698089341705,6.638678082009781,0.10112270254120917,nan
453.71000000000004,168.180419921875,-193.39453125,-64.7408447265625,169.1029788183457,-193.4293246693623,-64.74749517844835,0.923238716691639,0.36000422601825033,0.0484114605440193,3.570082241320494e-05,29.290417741023873,56.294114524236264,nan,nan,nan
453.72,168.1789093017578,-193.40322875976562,-64.7419204711914,169.10146857083737,-193.43817094099347,-64.74938993950367,0.9232509701865649,0.3600524890378569,0.04842961436286963,3.500363105996209e-05,29.52653751093833,56.892063812035886,nan,0.3615583789473096,nan
453.73,168.17730712890625,-193.41192626953125,-64.74308013916016,169.09991339856828,-193.44700131744955,-64.75066452937496,0.9233039103031463,0.3601008426542924,0.0484478275804708,3.5708985996015315e-05,29.42560579914432,56.663873139214715,nan,nan,nan
453.74,168.17562866210938,-193.4206085205078,-64.74433135986328,169.0982757063385,-193.4558324965034,-64.75205344745571,0.9233514646907139,0.3601492795171376,0.04846609895036798,3.501152519847823e-05,29.397375403018895,57.661039673968574,nan,0.0005193482213923567,nan
453.75,168.1738739013672,-193.42930603027344,-64.74566650390625,169.08641356482278,-193.46315515540866,-64.75360101531756,0.9132017067019734,0.3600801286913802,0.04846226583416983,3.569521808920596e-05,28.977437432239025,56.69609588788255,2.0782853838509867,nan,nan
453.76,168.1720428466797,-193.43800354003906,-64.74707794189453,169.08450537333528,-193.47202825716025,-64.75699233013677,0.9131505018451747,0.36012835520468056,0.048480547935087936,3.4998327623506896e-05,29.90465041135913,58.03015419660701,nan,2.4318069294286047,nan
453.77,168.1701202392578,-193.4467010498047,-64.74858093261719,169.08261032707478,-193.4808615749697,-64.75863067745924,0.9131845920815509,0.36017667185272506,0.04849888963787848,3.570355156729636e-05,29.808421025028473,57.14323154085197,nan,nan,nan
453.78000000000003,168.1681365966797,-193.4553985595703,-64.75016021728516,169.08061757003614,-193.48970354687123,-64.76076804024038,0.9131872123497476,0.36022507201942,0.04851728981718479,3.500638097825034e-05,30.077041964858985,58.08891579460057,nan,0.12202584853411805,nan
453.79,168.1660614013672,-193.46408081054688,-64.75182342529297,169.07856806478253,-193.49853662938222,-64.76257624795971,0.9132202567969667,0.36027356243385894,0.04853574986035963,3.5711975273394234e-05,29.982029898684186,58.550147152485344,nan,nan,nan
453.8,168.16390991210938,-193.4727783203125,-64.75357055664062,169.03695384215357,-193.4938651125751,-64.76449885886532,0.8733669242560339,0.36020439796911446,0.0485318731179461,3.499333854054818e-05,29.814306767378085,57.364759475352635,15.34123889276661,0.02274586345346328,nan
453.81,168.1616973876953,-193.48147583007812,-64.75538635253906,169.03468755453025,-193.5026766903376,-64.76647199578004,0.8733179257019187,0.3602526776901214,0.0485503432912922,3.5698427348694825e-05,29.728129364519372,58.12673094950719,nan,nan,nan
453.82,168.15940856933594,-193.49017333984375,-64.75727081298828,169.03232811241853,-193.5114964019918,-64.76893317238012,0.8732578154826146,0.3603010411765032,0.04856887225836225,3.500151929258467e-05,30.05631207164434,57.90953345800703,nan,0.12325697882939436,nan
453.83,168.15704345703125,-193.4988555908203,-64.75916290283203,169.02991438340095,-193.5203074966251,-64.77101650449049,0.8732149484728445,0.3603494944853976,0.04858746129293572,3.570698036661285e-05,29.988586300461566,58.92896058192932,nan,nan,nan
453.84000000000003,168.15460205078125,-193.50755310058594,-64.76103973388672,169.0274447696976,-193.52911101701696,-64.77272701007178,0.8731871209258506,0.3603980320066499,0.04860610943545464,3.5009770330500414e-05,29.841564068155535,57.53701548140547,nan,0.0978528066031916,nan
453.85,168.152099609375,-193.51625061035156,-64.76289367675781,169.0335142193198,-193.54640465130063,-64.77475585118775,0.88201002941686,0.36032885985584995,0.048602186833032295,3.569355993150107e-05,28.96854972651554,57.82187559884461,4.817048873451441,nan,nan
453.86,168.14952087402344,-193.52493286132812,-64.76471710205078,169.0309770378389,-193.55520429029778,-64.77480005718905,0.8820334427471967,0.36037718667466334,0.04862084454523441,3.499689041341427e-05,27.815757798971504,57.560123991661385,nan,2.793083276017688,nan
453.87,168.14686584472656,-193.53363037109375,-64.7665023803711,169.0282841844786,-193.56404135271978,-64.77678222040296,0.8820027168698329,0.36042560291462844,0.048639562527884476,3.570221341377891e-05,27.758518278216343,56.279886641476985,nan,nan,nan
453.88,168.14414978027344,-193.54232788085938,-64.76825714111328,169.0254823924161,-193.57289559438365,-64.77968028373424,0.8819365320269169,0.3604741035768988,0.04865833992720663,3.5005235962705444e-05,28.414145980894393,56.94363649419374,nan,0.6349466399791792,nan
453.89,168.14137268066406,-193.55101013183594,-64.76998138427734,169.02265214272637,-193.58173179593206,-64.78160626354914,0.8818914041511868,0.3605226938032963,0.04867717786229695,3.57109254351319e-05,28.35612744716846,58.02470731632805,nan,nan,nan
453.90000000000003,168.13851928710938,-193.55970764160156,-64.77166748046875,169.0125367245756,-193.5879963234769,-64.7849730076934,0.8745763360461967,0.3604535081777195,0.048673204896313674,3.499245090249892e-05,29.540700313448276,57.7974041050675,1.403162683940387,1.860391626675289,nan
453.91,168.13565063476562,-193.56838989257812,-64.7733154296875,169.00958417048318,-193.59682734030287,-64.78684666147883,0.8745007761681375,0.3605018873817764,0.048692051763094046,3.569763073019632e-05,29.49573646878375,59.147568805862605,nan,nan,nan
453.92,168.13279724121094,-193.57708740234375,-64.77494049072266,169.00656712378867,-193.6056867779998,-64.79031498537621,0.8743729793821821,0.3605503511941869,0.04871095834815008,3.500086693663965e-05,31.007346178186523,58.951996619934434,nan,1.8680717207518038,nan
453.93,168.12997436523438,-193.5857696533203,-64.77652740478516,169.00364282337543,-193.61451726965768,-64.79214150412524,0.8742807331137121,0.3605989042039769,0.048729925672688114,3.570641478059825e-05,30.96704070466534,59.95041332975422,nan,nan,nan
453.94,168.12721252441406,-193.59446716308594,-64.77808380126953,169.00078254650256,-193.62333772225887,-64.79336807618012,0.8741805887447992,0.36064754224034,0.04874895302625191,3.500932740493017e-05,30.69885627603523,58.87385262221444,nan,0.22840652825505753,nan
453.95,168.12449645996094,-193.6031494140625,-64.77960968017578,168.9957147586387,-193.6368070064248,-64.79508535362949,0.8720055355004739,0.3605783475255514,0.048744927145919895,3.5693194532318516e-05,29.817794595484997,59.99928225078602,4.155983084448085,nan,nan
453.96000000000004,168.121826171875,-193.61184692382812,-64.7811050415039,168.9929543020941,-193.64564161625626,-64.79588314420765,0.8719086493520088,0.3606267744945362,0.04876396282532507,3.49966282339179e-05,29.23667090842935,57.98117217405472,nan,0.6121018879863486,nan
453.97,168.1192169189453,-193.6205291748047,-64.7825698852539,168.99021091943436,-193.65449134302227,-64.79757336574556,0.8717849976828115,0.36067529031611134,0.048783059447295406,3.570202907894986e-05,29.187435410246124,59.316489383307015,nan,nan,nan
453.98,168.1166534423828,-193.6292266845703,-64.78400421142578,168.9875603361689,-193.66332219259326,-64.7980991767622,0.8716880114807871,0.36072389131646504,0.04880221639134831,3.5005136840740055e-05,28.44702606846398,57.170131192569926,nan,0.9105369704378855,nan
453.99,168.1141357421875,-193.63790893554688,-64.78540802001953,168.98492000199784,-193.67217105260002,-64.799721310236,0.8715755790952486,0.3607725813401047,0.04882143454676692,3.571089959444031e-05,28.396415748786303,58.09760207923818,nan,nan,nan
454.0,168.11167907714844,-193.64659118652344,-64.78678894042969,168.99953351265015,-193.6909879151589,-64.79998095029397,0.8890616386268432,0.3607033730934374,0.048817351437542796,3.499248990783251e-05,27.065422073445593,57.59491598822447,5.171149121118815,1.54014401721653,nan
454.01,168.10926818847656,-193.65528869628906,-64.78813934326172,168.9970155494443,-193.69986171199423,-64.80153735111762,0.8889666119988794,0.36075185175170255,0.04883657724491307,3.5697738377608514e-05,27.011610715093045,56.26376304392965,nan,nan,nan
454.02,168.10690307617188,-193.66397094726562,-64.78946685791016,168.9945489753315,-193.7087339566158,-64.80298712169518,0.8888766882047215,0.3608004157193282,0.04885586366036703,3.5001028922024924e-05,27.09518755776947,57.26998692312674,nan,0.004588507974472316,nan
454.03000000000003,168.10458374023438,-193.6726531982422,-64.79076385498047,168.9921274345148,-193.71760729941212,-64.80449130660477,0.8887874455667325,0.3608490683967813,0.0488752114910315,3.5706640776203806e-05,27.040192284028755,57.24403919462123,nan,nan,nan
454.04,168.10231018066406,-193.6813507080078,-64.79203796386719,168.9898580828696,-193.72643281604303,-64.80276135173553,0.8887568093813566,0.36089780677576905,0.048894620237027404,3.500959438037962e-05,24.940099556662304,53.78999793801003,nan,7.267949875227372,nan
454.05,168.10008239746094,-193.69003295898438,-64.79328155517578,168.999331007641,-193.74605780541128,-64.80421005603063,0.9010584212240895,0.3608285881030644,0.04889047707836924,3.569351741109361e-05,24.055642991699745,55.49181454449319,6.450045785708394,nan,nan
454.06,168.097900390625,-193.69873046875,-64.79450225830078,168.99710843493176,-193.75494003826356,-64.80397365232324,0.9010129466082145,0.36087711503884073,0.048909892826496756,3.499698037950158e-05,23.167053845224675,53.29831166958376,nan,1.8883988377718797,nan
454.07,168.09576416015625,-193.70741271972656,-64.79570007324219,168.99487788126697,-193.7638456082188,-64.8053324826902,0.9009344802508787,0.3609257303905004,0.048929370192954215,3.570243597931992e-05,23.095060064441096,54.41357467077155,nan,nan,nan
454.08,168.09365844726562,-193.71609497070312,-64.796875,168.9926753392397,-193.7727578476653,-64.80715821024096,0.9008594774398554,0.3609744315441308,0.04894890875236832,3.500556229145521e-05,23.410777955893387,54.26007521075965,nan,0.16951484689444857,nan
454.09000000000003,168.09161376953125,-193.72479248046875,-64.79802703857422,168.99052993517697,-193.78166313816698,-64.8084760144132,0.90077395924966,0.3610232213091162,0.048968509202351025,3.571137522332626e-05,23.34262840213452,53.51168357517587,nan,nan,nan
454.1,168.089599609375,-193.7334747314453,-64.79915618896484,168.9904405169816,-193.79142581214055,-64.81069516786444,0.9027767257773578,0.360953988846073,0.0489643018392258,3.499297191016023e-05,24.017139753044564,55.03877923348728,0.1198850303441254,0.5467915392806846,nan
454.11,168.08763122558594,-193.74215698242188,-64.80025482177734,168.98838015867625,-193.80033280923695,-64.81197884602992,0.9027017890940667,0.3610025668889557,0.048983908582633955,3.5698266049515185e-05,23.957085237323046,55.320092990327105,nan,nan,nan
454.12,168.085693359375,-193.7508544921875,-64.80133819580078,168.98641427583794,-193.80921430456073,-64.8113155950877,0.9026647138060816,0.361051230815261,0.049003576789772595,3.500155747493234e-05,22.848414831776374,52.477438794132304,nan,2.618314561392955,nan
454.13,168.08380126953125,-193.75953674316406,-64.80239868164062,168.98443218709758,-193.81812096553364,-64.81253790516112,0.9025912500354849,0.3610999830864337,0.049023307091149756,3.570721054888426e-05,22.779101274905948,53.82351110146926,nan,nan,nan
454.14,168.08193969726562,-193.76821899414062,-64.8034439086914,168.9825160981769,-193.82701486294255,-64.81273204663277,0.9025414547669673,0.36114882161035144,0.049043099160143065,3.501015767015673e-05,22.26077252717365,52.88864249114354,nan,0.7166608854195303,nan
454.15000000000003,168.0801239013672,-193.77691650390625,-64.80445861816406,168.99004197376368,-193.83521124076603,-64.81373493752378,0.9118306997026172,0.3610795774417585,0.04903882454869663,3.569411543953712e-05,22.740982069696944,51.73176962555609,4.049244269881086,nan,nan
454.16,168.07833862304688,-193.7855987548828,-64.80545806884766,168.98822564849377,-193.84409322830632,-64.81369371759128,0.9118025161228253,0.36112820413655633,0.049058622218904585,3.499756575299679e-05,22.165630920040023,52.00871698199409,nan,1.0002668737022244,nan
454.17,168.0765838623047,-193.79429626464844,-64.80644226074219,168.9864136536253,-193.85298982573315,-64.81481170028164,0.9117594149804698,0.36117691892654313,0.04907848218608768,3.570305396402322e-05,22.089811194228176,50.45659306204755,nan,nan,nan
454.18,168.0748748779297,-193.802978515625,-64.80740356445312,168.98459933532655,-193.86190389609203,-64.81737243622877,0.9116853444328691,0.3612257200246419,0.04909840418363072,3.5006162118754365e-05,22.864844625613042,52.80238314058288,nan,1.507669723862933,nan
454.19,168.0731964111328,-193.81166076660156,-64.80834197998047,168.98285682611944,-193.87080092803689,-64.81846773031687,0.9116370769709421,0.3612746094348851,0.049118388753632405,3.5712003495539964e-05,22.79573086891636,52.69317608178793,nan,nan,nan
454.2,168.07154846191406,-193.8203582763672,-64.80926513671875,168.95461612050354,-193.87224558187543,-64.82040940930003,0.8846609389653088,0.3612053510380666,0.049114042870175526,3.4993575948500855e-05,23.02792617582499,52.01078887756931,6.730918286776763,0.43869611877900333,nan
454.21000000000004,168.06993103027344,-193.82904052734375,-64.81016540527344,168.95289413260056,-193.88113506144165,-64.82147815810242,0.8845708897146616,0.3612540283562331,0.049134032298831204,3.56988945289297e-05,22.963602405175383,53.1188855451475,nan,nan,nan
454.22,168.068359375,-193.83773803710938,-64.81105041503906,168.9512154642965,-193.89001939909045,-64.82206820029577,0.8844713713911047,0.3613027920216607,0.04915408401403992,3.5002159417235084e-05,22.748403067494174,52.03814338393748,nan,0.15042466594034556,nan
454.23,168.06680297851562,-193.84642028808594,-64.81192016601562,168.94955750373302,-193.89890882974132,-64.82309836609792,0.8843842778758416,0.3613516437729084,0.049174198504638965,3.570783300593015e-05,22.6805154659954,52.549219322779344,nan,nan,nan
454.24,168.06529235839844,-193.85511779785156,-64.8127670288086,168.94795125062268,-193.90778872614652,-64.82321191006481,0.8842907000836521,0.3614005822212613,0.049194375582578914,3.501075039479319e-05,22.199961366339405,51.442038759355675,nan,0.5718155146964842,nan
454.25,168.0637969970703,-193.86380004882812,-64.81360626220703,168.9507151181637,-193.92299382357956,-64.82423989101474,0.8889548529339348,0.36133131088563625,0.04918995520397812,3.5694723983808994e-05,21.59889661445049,52.19583661287187,2.69091086901775,nan,nan
454.26,168.06234741210938,-193.87249755859375,-64.81442260742188,168.94917855876741,-193.93189052624558,-64.82387672182263,0.8888680372071026,0.3613800371094391,0.049210136407685054,3.499814217989915e-05,20.888814437259196,50.87748947326784,nan,1.2623317455352407,nan
454.27,168.0609130859375,-193.8811798095703,-64.81522369384766,168.94764222205754,-193.94080111952633,-64.82482176680587,0.8887830919012649,0.3614288512067935,0.04923038058849824,3.570364350814956e-05,20.818295179699057,51.532776947532334,nan,nan,nan
454.28000000000003,168.05950927734375,-193.88987731933594,-64.81600189208984,168.94614813003244,-193.94970561528908,-64.82511248500597,0.8887017964407734,0.36147775201843124,0.04925068760527876,3.500671759271495e-05,20.514586717700624,50.21122596503466,nan,0.288382147668088,nan
454.29,168.05813598632812,-193.8985595703125,-64.8167724609375,168.9446689475625,-193.95861657604925,-64.82602109446636,0.8886130049212586,0.361526740938686,0.049271057877595184,3.571256856571306e-05,20.44256315095442,51.199406768917555,nan,nan,nan
454.3,168.05679321289062,-193.90725708007812,-64.8175277709961,168.9332932325298,-193.95492455880083,-64.82733364062088,0.8778500031522113,0.36145745478000113,0.0492665590859798,3.4994105206782086e-05,21.846379856694245,49.879283943073204,10.649994524345928,0.04599210438845781,nan
454.31,168.05548095703125,-193.9159393310547,-64.81826782226562,168.93186532284236,-193.96379622352967,-64.82821923562832,0.8777464721794165,0.3615062312254214,0.04928693270853785,3.5699430079547366e-05,21.7763838143325,51.09298538556411,nan,nan,nan
454.32,168.05418395996094,-193.9246368408203,-64.8189926147461,168.93045591922748,-193.97267214202418,-64.8295064641765,0.8776505442306882,0.36155509438880035,0.049307369409499084,3.500265870653306e-05,22.06712375305221,49.88214948367119,nan,0.12190162652391275,nan
454.33,168.05291748046875,-193.93333435058594,-64.8197021484375,168.92908056122542,-193.98154457249464,-64.83036874370914,0.877553272361395,0.36160404546782765,0.04932786956746188,3.57083353589409e-05,22.002158843480096,49.94523111237655,nan,nan,nan
454.34000000000003,168.0516815185547,-193.9420166015625,-64.82039642333984,168.9277306080119,-193.99041724647276,-64.831217716296,0.8774518391044498,0.3616530840806722,0.049348433210196926,3.6428327170568514e-05,21.9355092826688,51.22976130547959,nan,nan,nan
454.35,168.0504608154297,-193.95071411132812,-64.82107543945312,168.95022004572064,-194.02065453025082,-64.8319488297755,0.9025389550096743,0.36158378378504785,0.0493438526434821,3.713892981659863e-05,20.370159682249625,50.38523339735297,21.998071889390932,nan,nan
454.36,168.0492706298828,-193.95941162109375,-64.82173919677734,168.9489674973473,-194.02957702722782,-64.83123978658999,0.9024787525200542,0.36163260925046864,0.04936441874871289,3.635654617610145e-05,19.578374475237275,49.77165008195824,nan,1.529807581056639,nan
454.37,168.048095703125,-193.9680938720703,-64.82239532470703,168.94771198388204,-194.03851250211216,-64.83203326825367,0.9024195953191149,0.3616815224865393,0.04938504851906374,3.708871406820413e-05,19.508323502521062,50.52545924291762,nan,nan,nan
454.38,168.0469512939453,-193.97679138183594,-64.82303619384766,168.94646727001057,-194.04745429914917,-64.83357745078867,0.9023488001752702,0.36173052272697837,0.04940574189377986,3.6309042330272657e-05,19.97417341149989,49.97827195075923,nan,0.3812135501764901,nan
454.39,168.04583740234375,-193.98548889160156,-64.82366943359375,168.9452585947169,-194.05639019413715,-64.83435457030237,0.9022747076903305,0.36177961098432043,0.04942649921387208,3.7039921971508825e-05,19.90635112481901,50.03223970737356,nan,nan,nan
454.40000000000003,168.0447235107422,-193.99417114257812,-64.82427978515625,168.93306964560176,-194.0618504444186,-64.83307688421279,0.8909639342697162,0.36171029510615016,0.049421833031439606,3.6240281403770395e-05,18.797815592915615,49.731723512088706,1.3519132970722727,2.5207497524266884,nan
454.41,168.0436553955078,-194.00286865234375,-64.82489013671875,168.93188699047326,-194.0707822779606,-64.83380974116764,0.8908687816860643,0.36175917049355777,0.04944259212233724,3.6969025588511885e-05,18.725318223023198,48.914238343275294,nan,nan,nan
454.42,168.0426025390625,-194.01156616210938,-64.82547760009766,168.93075256291533,-194.07970158163252,-64.83280559583274,0.890789874092017,0.3618081328663167,0.049463415048566856,3.6195606711706165e-05,17.96851640091189,48.12563393518198,nan,1.9638583292172873,nan
454.43,168.04156494140625,-194.020263671875,-64.82605743408203,168.92961280076184,-194.08863377299195,-64.83349913812643,0.8907069384437744,0.36185718308361287,0.049484302117998556,3.6923208970756815e-05,17.897162857822423,47.770391605724505,nan,nan,nan
454.44,168.04054260253906,-194.02894592285156,-64.82662963867188,168.92850023508512,-194.0975632502622,-64.8337431242777,0.8906333120287213,0.3619063206096173,0.04950525331900114,3.61523366426489e-05,17.708310025339546,48.54769665832423,nan,0.12727874085375174,nan
454.45,168.03955078125,-194.0376434326172,-64.82718658447266,168.95038253855319,-194.10738847493053,-64.83446264843036,0.9135271217353186,0.36183698944796255,0.049500498069907986,3.685551877972657e-05,18.649922199819343,47.23472111290662,9.856054376782259,nan,nan
454.46000000000004,168.03857421875,-194.0463409423828,-64.82772827148438,168.94935054848804,-194.1163089805948,-64.83520530793652,0.9134905337530531,0.36188591393369496,0.04952145023346986,3.608810607165123e-05,18.675858344526098,47.20533707103858,nan,0.004694825319498532,nan
454.47,168.03762817382812,-194.05503845214844,-64.82826232910156,168.94833941460072,-194.12522926216494,-64.83585470857562,0.9134436808618348,0.3619349261017573,0.049542466736429966,3.6812710157050074e-05,18.605699895102802,47.36420736904731,nan,nan,nan
454.48,168.03668212890625,-194.06373596191406,-64.82878875732422,168.94735018521848,-194.13414854302837,-64.83630726448192,0.9134170834380968,0.3619840255434056,0.04956354759509978,3.604772738781825e-05,18.522400704999132,46.63863907425724,nan,0.023251743820047303,nan
454.49,168.0357666015625,-194.0724334716797,-64.82929992675781,168.94637749851694,-194.14306917943574,-64.8369352967287,0.9133782938831846,0.362033212926964,0.04958469307590588,3.677138528655285e-05,18.454029831877477,46.966917506633834,nan,nan,nan
454.5,168.0348663330078,-194.0811309814453,-64.8298110961914,168.9988623063435,-194.17985131903492,-64.83685743533103,0.9690632551884932,0.36196386535092534,0.049579844980964134,3.5986567810527875e-05,17.456029693237223,47.250818718104334,31.26786637420794,0.25816519969991003,nan
454.51,168.0339813232422,-194.08982849121094,-64.8302993774414,168.99800257154172,-194.18883609091904,-64.83745912730602,0.9691185345410898,0.36201283945766355,0.04960099058490225,3.67084373127324e-05,17.38934774348821,47.335105501653814,nan,nan,nan
454.52,168.0331268310547,-194.09852600097656,-64.8307876586914,168.99716071811773,-194.19782128791377,-64.83805192684595,0.9691613173283563,0.36206190100327684,0.04962220081254307,3.744474976872447e-05,17.31854314923974,47.38702242902091,nan,nan,nan
454.53000000000003,168.0322723388672,-194.10720825195312,-64.83126068115234,168.99633635239175,-194.2068066354619,-64.83863611132698,0.9692232235872764,0.36211105013226547,0.04964347580838681,3.819564967870409e-05,17.249381475790464,48.172598034326406,nan,nan,nan
454.54,168.0314483642578,-194.11590576171875,-64.83172607421875,168.99553348879647,-194.21578991251275,-64.83881297647797,0.9692714764812719,0.36216028678605905,0.04966481566869766,3.734462120841253e-05,17.087563114658106,47.047494237389714,nan,0.09844661469273802,nan
454.55,168.0306396484375,-194.12460327148438,-64.8321762084961,168.97642064667394,-194.20701906408198,-64.83955684520426,0.9493937714630494,0.3620909227521191,0.049659871200813444,3.806814463888466e-05,18.287551190976505,46.32447404569195,15.486222609293797,nan,nan
454.56,168.0298309326172,-194.13330078125,-64.83262634277344,168.9756467087073,-194.2159460747259,-64.83865999668562,0.9494388510136902,0.3621399459441511,0.04968121034100073,3.722412671988678e-05,17.752562816806805,45.179055004553625,nan,1.3191336821961916,nan
454.57,168.029052734375,-194.14199829101562,-64.83306121826172,168.97487346963644,-194.2248809433976,-64.83919637437305,0.9494651323017949,0.3621890568023644,0.04970261449516154,3.796897760746171e-05,17.683638202952526,45.6001159691063,nan,nan,nan
454.58,168.02818298339844,-194.1507110595703,-64.8335952758789,168.9740758876801,-194.23380985117453,-64.83849876716303,0.9495487558642023,0.3622382551319496,0.04972408372698013,3.713069124952111e-05,17.262088063097885,43.85819202899818,nan,1.0216829775043217,nan
454.59000000000003,168.0272216796875,-194.15940856933594,-64.83422088623047,168.9731758493309,-194.2427453051999,-64.83916066426445,0.9496308251195257,0.36228754139572095,0.04974561825712611,3.7873206350485135e-05,17.17980492210959,44.92777136991494,nan,nan,nan
454.6,168.02618408203125,-194.16810607910156,-64.8349380493164,168.94921560532055,-194.2374176127113,-64.838924734226,0.9256387931227075,0.36221816000397133,0.04974057369047464,3.7017186512279086e-05,17.497454201662215,44.52154963859874,7.633886904328457,0.6084790644572557,nan
454.61,168.02503967285156,-194.1768035888672,-64.83573913574219,168.94810925337367,-194.24631824555456,-64.83976244925785,0.9256921329639102,0.362267232572677,0.04976210663049398,3.775656429526792e-05,17.41827724615337,44.034897622179614,nan,nan,nan
454.62,168.02381896972656,-194.1855010986328,-64.83663940429688,168.94692156785928,-194.25521635271372,-64.84009011396618,0.9257378304510169,0.3623163925513945,0.0497837048560569,3.6930306315081346e-05,17.233342712565456,43.916740348017875,nan,0.2289027122055132,nan
454.63,168.0225067138672,-194.19419860839844,-64.8376235961914,168.9456429018097,-194.2641172643996,-64.84110368687526,0.9257867740344936,0.36236564033015045,0.04980536857098334,3.7667620359081464e-05,17.154436650993315,43.764347241348176,nan,nan,nan
454.64,168.0211181640625,-194.20289611816406,-64.83869934082031,168.9442965450897,-194.27300994282152,-64.84015626168097,0.9258382116884771,0.36241497582372967,0.04982709786405427,3.684658784259728e-05,16.812511640482835,43.529255198399504,nan,2.67225757372296,nan
454.65000000000003,168.0196533203125,-194.2115936279297,-64.83985900878906,168.93452645988899,-194.2793428100903,-64.84134193669405,0.9173794265608635,0.3623455768193407,0.0498219496301848,3.755804971459401e-05,16.688771355930793,43.699947180904324,0.6070509208344019,nan,nan
454.66,168.01809692382812,-194.2202911376953,-64.84110260009766,168.9329859655164,-194.28823898553907,-64.84217650100953,0.9174094080022541,0.36239469841876826,0.0498436764562026,3.6743115987891475e-05,16.584373104888908,43.376360913958635,nan,0.11478899681092955,nan
454.67,168.01644897460938,-194.22900390625,-64.84243774414062,168.9313604091613,-194.29713691815758,-64.84351675662356,0.9174454777551622,0.36244390769004015,0.049865468960339714,3.747574522358559e-05,16.509310861653763,41.73904846104029,nan,nan,nan
454.68,168.01473999023438,-194.23770141601562,-64.8438491821289,168.89751970973447,-194.2767815984924,-64.84439024539616,0.8836444910553897,0.3582246419529706,0.046351212867168944,3.666421385876452e-05,23.958237726593314,51.01153283261341,nan,0.20942250270820006,0.24197100857914655
454.69,168.012939453125,-194.24639892578125,-64.84535217285156,168.8957412095785,-194.28564853926514,-64.84589467361288,0.8836740166277811,0.35827619075194506,0.046365592383967376,3.739510766373364e-05,23.846510702446192,50.413660680434596,nan,nan,nan
454.7,168.0110626220703,-194.25509643554688,-64.84693145751953,168.85243752393833,-194.28115073727878,-64.8462103273641,0.8417785172840074,0.35820908042436994,0.04636243960224577,3.656728384643546e-05,23.41297068208764,50.58099241375731,14.441632081465544,1.0713486640305327,nan
454.71000000000004,168.0091094970703,-194.2637939453125,-64.84858703613281,168.85043243239156,-194.28999896627332,-64.84786825196257,0.8417312524029239,0.3582604049066867,0.04637684877466613,3.7295674664596916e-05,23.301482537232026,50.63897825621355,nan,nan,nan
454.72,168.007080078125,-194.27249145507812,-64.85032653808594,168.84829719553187,-194.29879089198343,-64.8487279673394,0.8416296420803464,0.3583118108633687,0.046391309709828236,3.6496034292812294e-05,23.246959586224293,50.505566589695675,nan,0.5018279620235644,nan
454.73,168.00497436523438,-194.28118896484375,-64.8521499633789,168.846138805508,-194.30763881522236,-64.85053946969526,0.8415817273775503,0.3583633096553807,0.046405835081037024,3.7222950615439105e-05,23.136403818820394,50.29207686799534,nan,nan,nan
454.74,168.00279235839844,-194.28988647460938,-64.8540267944336,168.8439736356343,-194.31655869489398,-64.85357089599286,0.8416041565667783,0.3584148903674221,0.046420412761950774,3.64277159214671e-05,22.962840371022626,50.23630796078128,nan,0.8603755296043905,nan
454.75,168.0005340576172,-194.298583984375,-64.85591888427734,168.84696927754592,-194.32725738323342,-64.85535383565457,0.8469209317391133,0.3583476893350509,0.04641729180446849,3.712997797784481e-05,22.92059270991304,49.89403848722447,1.1591607951834977,nan,nan
454.76,167.9982147216797,-194.30728149414062,-64.85779571533203,168.84450174978264,-194.33600945589805,-64.85567169500192,0.8467771496588824,0.35839904563713654,0.04643189892498236,3.633997625324422e-05,22.9271467603753,50.286099033850924,nan,1.6900387472421776,nan
454.77,167.9958038330078,-194.31597900390625,-64.8596420288086,168.8420560850809,-194.3448595605039,-64.85756280566422,0.8467474734872653,0.3584504943632096,0.046446570225651046,3.70633384676221e-05,22.81238776340722,49.72322183102762,nan,nan,nan
454.78000000000003,167.9933319091797,-194.32467651367188,-64.86146545410156,168.83958858239532,-194.3537610797317,-64.86028907159464,0.8467571392203813,0.35850202522902047,0.04646129462006736,3.627743158222002e-05,22.62647563475296,49.62154642075592,nan,0.48772166612799134,nan
454.79,167.9907989501953,-194.3333740234375,-64.86325073242188,168.8369999656143,-194.36261046402132,-64.8621309136095,0.8467066681846218,0.3585536486529619,0.04647608324058811,3.699961540377608e-05,22.514750225199464,49.91179744750919,nan,nan,nan
454.8,167.9882354736328,-194.34207153320312,-64.86500549316406,168.8249722782822,-194.3680371550571,-64.86351064338791,0.8371409250233594,0.3584863464457677,0.04647297849520042,3.619555006146942e-05,22.455470014063568,49.37373438639183,1.037181191321613,0.08065895437292606,nan
454.81,167.98568725585938,-194.35076904296875,-64.8667221069336,168.8223208709741,-194.37687975275892,-64.86528151949486,0.8370422034747366,0.3585377450467843,0.04648779577586749,3.691574718286854e-05,22.34163598469662,49.35341636256053,nan,nan,nan
454.82,167.98316955566406,-194.35946655273438,-64.868408203125,168.81969473657367,-194.38572294668876,-64.86703571135715,0.8369382654969157,0.35858922600135695,0.04650266690009784,3.613853314262444e-05,22.229372140231902,49.03848221190481,nan,0.0001745381608163235,nan
454.83,167.98069763183594,-194.3681640625,-64.87006378173828,168.81710480172356,-194.3945648022059,-64.86874110558068,0.8368247739931327,0.35864079910962887,0.046517602035084184,3.685773571976491e-05,22.11655508564254,48.96971182419226,nan,nan,nan
454.84000000000003,167.978271484375,-194.37686157226562,-64.8716812133789,168.8146357932746,-194.40348514433626,-64.87181176417222,0.8367879593029519,0.358692455010955,0.04653259152553734,3.60841631073118e-05,21.961799101876352,48.94791370249437,nan,1.2960563217849668,nan
454.85,167.97589111328125,-194.38555908203125,-64.8732681274414,168.82865501738576,-194.415479794047,-64.87351773137314,0.853288689397212,0.3586250618689462,0.04652950961762269,3.6779632553277324e-05,22.36703290322111,48.6190070836641,2.990760702315378,nan,nan
454.86,167.9735565185547,-194.3942413330078,-64.87481689453125,168.82622230032632,-194.42431245982726,-64.87503332836944,0.8531959065279379,0.3586764928458345,0.046544527464403934,3.6010499374280245e-05,22.257724339937923,49.78390474006811,nan,0.007989476222688087,nan
454.87,167.9712677001953,-194.40293884277344,-64.8763427734375,168.82384174595848,-194.43315073392134,-64.87662691522429,0.8531092207989872,0.35872801557824785,0.046559609132252176,3.672706156163623e-05,22.15254266373458,48.267944850463465,nan,nan,nan
454.88,167.96900939941406,-194.41163635253906,-64.87783813476562,168.8214737476672,-194.44195570388135,-64.87757847906532,0.8530033971383371,0.3587796213066919,0.046574745857986925,3.596128485413101e-05,22.04750168538736,47.730373226986345,nan,0.2504066570481826,nan
454.89,167.96681213378906,-194.4203338623047,-64.87930297851562,168.81918370727877,-194.45079361599502,-64.87910699183739,0.8529156665807998,0.3588313189326779,0.04658994648515095,3.667709022098219e-05,21.941507545577146,48.12497919749342,nan,nan,nan
454.90000000000003,167.96466064453125,-194.42901611328125,-64.8807373046875,168.8277198907007,-194.46252335963842,-64.88175555762693,0.8637100409258185,0.3587638259160201,0.04658687410630519,3.589279635106741e-05,22.088198028783424,49.22923448357873,1.382546823036122,0.7445167700962598,nan
454.91,167.96255493164062,-194.43771362304688,-64.88214111328125,168.82553541619944,-194.4713631825782,-64.88323978350232,0.8636369704119194,0.35881529821227154,0.04660210230156853,3.66070288305914e-05,21.987911157978257,48.129682812523406,nan,nan,nan
454.92,167.96047973632812,-194.4464111328125,-64.88351440429688,168.82341166229475,-194.48022063356848,-64.88504230805493,0.8635953483453481,0.35886685369867927,0.04661738622454511,3.5848472177627076e-05,21.91685103966942,47.7881538597413,nan,0.08028314796515947,nan
454.93,167.9584503173828,-194.45510864257812,-64.8848648071289,168.82131137176688,-194.4890600704364,-64.88647604605295,0.8635302511882688,0.35891850069601466,0.04663273389765989,3.65620948739282e-05,21.819735628696765,47.66490402529192,nan,nan,nan
454.94,167.95645141601562,-194.4637908935547,-64.88619232177734,168.81925186434927,-194.49789934588998,-64.88788366925908,0.8634760337274855,0.35897023525948574,0.04664814153065648,3.729006707524529e-05,21.721211990661637,48.27871958391411,nan,nan,nan
454.95,167.9545135498047,-194.4724884033203,-64.88748931884766,168.81335232096248,-194.50615241942663,-64.88923750003129,0.8595000622231994,0.35890265109969194,0.04664508299686541,3.800816464654181e-05,21.53403955816087,47.82623405146287,0.21107635414559134,nan,nan
454.96000000000004,167.9525909423828,-194.48118591308594,-64.88876342773438,168.811379632507,-194.5150067946056,-64.89087539896872,0.8594569952792731,0.3589541559580197,0.04666051376784395,3.7163617500964786e-05,21.472699713155418,47.00060798283553,nan,0.04956732241530659,nan
454.97,167.9507293701172,-194.48988342285156,-64.89000701904297,168.80943109581023,-194.5238473315182,-64.89220977843729,0.8593759671698217,0.35900575226334563,0.04667600845735387,3.790284315402928e-05,21.3789437987974,47.702309670972376,nan,nan,nan
454.98,167.94888305664062,-194.49856567382812,-64.89122772216797,168.8075892459154,-194.5327541145451,-64.89490276108477,0.8593943651714964,0.3590574320792948,0.04669155970634177,3.706467097052382e-05,21.513026522746983,48.25974862400323,nan,1.2008362785536224,nan
454.99,167.9470977783203,-194.50726318359375,-64.89242553710938,168.80571537304473,-194.5415948663208,-64.89620321258825,0.8593119976127674,0.3591092034703295,0.046707174962157774,3.780173619066705e-05,21.425135818354242,47.7212976285111,nan,nan,nan
455.0,167.94532775878906,-194.51596069335938,-64.89359283447266,168.80961159221562,-194.5516543835217,-64.90011592368198,0.865045163521962,0.35904152040791604,0.04670411868053393,3.69467430521921e-05,22.290365148362937,48.0018650781244,0.37379740538061,4.26477291774643,nan
455.01,167.943603515625,-194.524658203125,-64.89474487304688,168.80781894221988,-194.56049502553338,-64.90139734659402,0.864983720545768,0.3590930659621275,0.046719760317988114,3.768086105130691e-05,22.213516042670186,47.95661293727878,nan,nan,nan
455.02,167.94190979003906,-194.53334045410156,-64.8958740234375,168.80614769506718,-194.56941769998016,-64.9044515196493,0.8650331193652883,0.35914469524075,0.046735459153991576,3.685579892402596e-05,22.934091233819647,49.68173559047905,nan,2.0471868828329804,nan
455.03000000000003,167.94024658203125,-194.5420379638672,-64.89697265625,168.80442423009282,-194.57825886591615,-64.90570683582463,0.864980489402686,0.35919641568628446,0.04675122186053025,3.758803671416095e-05,22.868942150415275,48.63082870715518,nan,nan,nan
455.04,167.93862915039062,-194.5507354736328,-64.89805603027344,168.80269700593587,-194.58706515411382,-64.90615315583412,0.8648691624244408,0.3592482202930879,0.04676704223177752,3.6768668975427074e-05,22.523849990207783,48.41811879157723,nan,0.3963035690816212,nan
455.05,167.93702697753906,-194.55943298339844,-64.89911651611328,168.80158838392535,-194.59885579630486,-64.9073604300033,0.8654990154276979,0.35918044619929523,0.046763991067874336,3.747555557892318e-05,22.112618234616484,48.034405821422844,1.007578266355041,nan,nan
455.06,167.9354705810547,-194.568115234375,-64.90015411376953,168.79988858033224,-194.60764030432705,-64.90694394397521,0.8653477973762557,0.3592320248611175,0.04677983737165312,3.666268380167666e-05,21.45682665939303,48.91952550946697,nan,1.6479686217686784,nan
455.07,167.93392944335938,-194.57681274414062,-64.90117645263672,168.7982943313313,-194.61649404125083,-64.90809344057057,0.8653029005042997,0.3592836942986622,0.04679574743837763,3.7390619881404724e-05,21.382645182061164,47.105320836933025,nan,nan,nan
455.08,167.93243408203125,-194.58551025390625,-64.90217590332031,168.7967869418425,-194.62539990618347,-64.91045851548206,0.8653124593387658,0.3593354480849174,0.046811715757317886,3.6583015294441256e-05,21.88159855467919,48.07671880348566,nan,0.9844651436968929,nan
455.09000000000003,167.93096923828125,-194.59420776367188,-64.90315246582031,168.79525347825088,-194.6342537716529,-64.91158118635964,0.8652525489965553,0.35938729279637144,0.04682774796636069,3.7309438434322076e-05,21.814234728149987,48.072930204043644,nan,nan,nan
455.1,167.9295196533203,-194.6029052734375,-64.90411376953125,168.8495147494336,-194.65726214734758,-64.91367546899926,0.9216491049800393,0.35931942105363535,0.04682469180224296,3.648455288141458e-05,23.354764250246205,48.013988563344626,28.447156077320848,0.9033273897716806,nan
455.11,167.92811584472656,-194.61158752441406,-64.9050521850586,168.8481344072553,-194.66612520151534,-64.91476864857897,0.9216848286070284,0.3593710394206511,0.0468407491161487,3.7208667945583765e-05,23.28872996108579,49.54311499240231,nan,nan,nan
455.12,167.92672729492188,-194.6202850341797,-64.90596771240234,168.84663209040886,-194.67485136770586,-64.91240752778288,0.9215442413343903,0.3594227423065627,0.0468568652362305,3.641196932967981e-05,21.79618468394919,46.70553892743497,nan,7.691041295074266,nan
455.13,167.9253692626953,-194.6289825439453,-64.90687561035156,168.84530838957699,-194.68371456948444,-64.91343136040196,0.9215891544751124,0.35947453575124816,0.04687304517943522,3.713479689503212e-05,21.720702957799514,46.4178264309201,nan,nan,nan
455.14,167.92404174804688,-194.63768005371094,-64.90776062011719,168.84392294513285,-194.69249747808203,-64.91236330020654,0.9215245799385952,0.35952641413107245,0.04688928435954051,3.634275676348013e-05,21.052630096558463,45.94663587737071,nan,2.815431744410467,nan
455.15000000000003,167.92274475097656,-194.64637756347656,-64.90862274169922,168.86024752285508,-194.70544058474374,-64.91334862763092,0.9393733133099654,0.3594584511615773,0.046886224261696814,3.7041365164091585e-05,21.38888374097086,46.16509820588311,2.789882561525401,nan,nan
455.16,167.9214630126953,-194.6550750732422,-64.90947723388672,168.85890504810283,-194.71418986949743,-64.91123407291106,0.939305709217526,0.35951010306779435,0.046902488016205605,3.625475744171161e-05,20.778758000103096,45.06270550402712,nan,6.186440703133888,nan
455.17,167.9202117919922,-194.66375732421875,-64.91030883789062,168.8577173880894,-194.7230547121566,-64.91214127747818,0.9393807964636631,0.35956184518220546,0.04691881555061597,3.6974407957230594e-05,20.690257111608283,46.353990198376465,nan,nan,nan
455.18,167.91897583007812,-194.67245483398438,-64.91112518310547,168.85660504750845,-194.73196399431234,-64.91425045388006,0.9395209720167835,0.3596136723772946,0.04693520283157408,3.619208052215309e-05,20.77815882377823,45.03471524264534,nan,0.9783539725282142,nan
455.19,167.91778564453125,-194.68115234375,-64.91192626953125,168.85546725974902,-194.74082886963157,-64.91513798912762,0.9395841710041016,0.35966558995013104,0.04695165405269312,3.6910735303347565e-05,20.695838783407606,45.419572295752474,nan,nan,nan
455.2,167.91659545898438,-194.68984985351562,-64.91270446777344,168.84697550669554,-194.7549232999847,-64.9152779445951,0.9326565334555651,0.3595975304747018,0.0469485813947727,3.611061169948188e-05,19.473300630981708,45.18854100831788,7.037662834325439,0.3405921888695339,nan
455.21000000000004,167.9154510498047,-194.69854736328125,-64.9134750366211,168.8458707605389,-194.76381772888243,-64.9161281270359,0.9327100823070361,0.3596492211953103,0.046965056355706004,3.682746523677091e-05,19.390088253809555,45.41181659913756,nan,nan,nan
455.22,167.91432189941406,-194.70724487304688,-64.91423034667969,168.84478404723683,-194.7727078150135,-64.9168334801403,0.9327657699581888,0.3597009971261105,0.04698159154392284,3.605409678664152e-05,19.29676801626606,45.11502303390683,nan,0.011281332753785506,nan
455.23,167.9132080078125,-194.7159423828125,-64.91496276855469,168.84372525935703,-194.7816025429848,-64.91765357865378,0.9328348473952011,0.3597528631070548,0.04699819066286421,3.677013307061665e-05,19.216389506269014,45.08313438295744,nan,nan,nan
455.24,167.91212463378906,-194.72463989257812,-64.91568756103516,168.84267851627482,-194.79048867891296,-64.91819292886612,0.9328841663031104,0.3598048146952581,0.047014850409752056,3.6000507974849475e-05,19.104443680098168,44.97527772968219,nan,0.04746654167330519,nan
455.25,167.9110565185547,-194.73333740234375,-64.91639709472656,168.8433451595151,-194.795417398823,-64.91901002715605,0.9343569250787275,0.35973666389310066,0.04701176482288149,3.669317417355042e-05,19.666965245664134,44.602946127138694,2.3317945289536546,nan,nan
455.26,167.91000366210938,-194.74203491210938,-64.9170913696289,168.84235544429674,-194.8042942664193,-64.9197644567789,0.9344320298138127,0.3597883884805788,0.0470284477051181,3.592805163942665e-05,19.59163125377929,44.42778947510245,nan,0.00035278484984532375,nan
455.27,167.9089813232422,-194.750732421875,-64.91777038574219,168.84138768702607,-194.81317206609478,-64.92052851166022,0.9344987659989475,0.3598402028051676,0.047045194528050914,3.664179665147312e-05,19.51211731438595,44.591318735127174,nan,nan,nan
455.28000000000003,167.90798950195312,-194.75942993164062,-64.91844177246094,168.84043316959472,-194.82204390879522,-64.92108207703023,0.934547310021403,0.3598921028437912,0.04706200242175967,3.588008728358117e-05,19.41041421667722,44.58614442960736,nan,0.02623449730245673,nan
455.29,167.90699768066406,-194.76812744140625,-64.9190902709961,168.83950604509266,-194.83092226923048,-64.9218187997332,0.934624248026899,0.35994409280764195,0.047078874444421145,3.659324239703656e-05,19.33257122529037,44.30722283300902,nan,nan,nan
455.3,167.90603637695312,-194.77682495117188,-64.91973114013672,168.82940262873547,-194.8413945409489,-64.92055620505893,0.9256214926127566,0.3598758465403924,0.047075768478504205,3.5813205299004594e-05,18.442978740155155,44.23646553510595,3.960148378191491,2.2433455741268595,nan
455.31,167.90509033203125,-194.7855224609375,-64.92036437988281,168.8284981796991,-194.8502879599237,-64.92124779131743,0.9256767272699781,0.3599276091441694,0.04709266279062313,3.652495381935704e-05,18.35890707219522,43.92095542839958,nan,nan,nan
455.32,167.9041748046875,-194.79421997070312,-64.92097473144531,168.82759435875025,-194.85916637564344,-64.92140804091808,0.9257007594774959,0.3599794575540737,0.04710961859154045,3.577050597081172e-05,18.256203675062746,44.38730776172013,nan,0.18243258137285986,nan
455.33,167.90325927734375,-194.80291748046875,-64.92157745361328,168.82672758490614,-194.86806038663622,-64.92207157291395,0.9257632296921106,0.3600313955971793,0.04712663855912889,3.648180331935279e-05,18.17232774264208,43.749789311798146,nan,nan,nan
455.34000000000003,167.90237426757812,-194.81161499023438,-64.92217254638672,168.82585564284153,-194.87693537257292,-64.92203912366554,0.925788647915316,0.36008341982590675,0.04714372039089994,3.573030140342151e-05,18.08058683455884,43.83975050674955,nan,0.317581601715517,nan
455.35,167.90150451660156,-194.82032775878906,-64.9227523803711,168.8566956979335,-194.89245473382078,-64.92259376057211,0.9579104961225635,0.3600150822205358,0.04714059255027612,3.641885144260571e-05,18.740408535308692,42.78400798592837,9.504910869960884,nan,nan
455.36,167.90065002441406,-194.8290252685547,-64.9233169555664,168.85593102150213,-194.90134505256404,-64.92304675864727,0.958014617614526,0.36006687892316497,0.04715769599970744,3.5671049412085044e-05,18.65723765433054,43.89737910407018,nan,0.01953480997809739,nan
455.37,167.89981079101562,-194.8377227783203,-64.92387390136719,168.855189222331,-194.91024038752727,-64.92365716061623,0.9581267127286893,0.3601187649801687,0.04717486366908633,3.638073943763459e-05,18.572388866631602,43.68432357352898,nan,nan,nan
455.38,167.89898681640625,-194.84642028808594,-64.92442321777344,168.85445124305923,-194.9191257409417,-64.92386162938777,0.9582268358044376,0.36017073729420246,0.04719209358845846,3.5635599146628774e-05,18.496257714248507,43.52473990669408,nan,0.10663869427031246,nan
455.39,167.898193359375,-194.85511779785156,-64.92495727539062,168.8537426318311,-194.92802196380583,-64.92444799790267,0.9583265043128164,0.3602227991676359,0.047209387939477626,3.634501114386858e-05,18.41052771088023,43.87061765369228,nan,nan,nan
455.40000000000003,167.89739990234375,-194.8638153076172,-64.92547607421875,168.8484075125315,-194.93643227286208,-64.92612443184116,0.9537762413920867,0.3601543670450463,0.047206231686619665,3.558102334600503e-05,18.21239747203636,43.584362038069756,0.2627169070846006,0.8244196314990159,nan
455.41,167.89663696289062,-194.87252807617188,-64.92599487304688,168.84772292110674,-194.94533084678093,-64.92670224263345,0.9538685673068101,0.36020620105062984,0.04722354679443894,3.6289329497703994e-05,18.1329777578246,42.42094587198006,nan,nan,nan
455.42,167.8958740234375,-194.8812255859375,-64.92649841308594,168.84712897411333,-194.95428864641147,-64.9296806040741,0.9540620096883574,0.3602581213713848,0.047240924516903225,3.554999061246006e-05,18.32187622720857,43.531702091900506,nan,3.972509301454348,nan
455.43,167.89512634277344,-194.88992309570312,-64.92698669433594,168.84647522671762,-194.963187731766,-64.93026360977566,0.9541714437427149,0.36031013099162923,0.04725836674667452,3.625812428645782e-05,18.251338921457393,43.606196212175526,nan,nan,nan
455.44,167.8944091796875,-194.89862060546875,-64.92747497558594,168.84583010664866,-194.9720819353958,-64.93062790537111,0.9542579778134004,0.36036222729067974,0.047275871945468416,3.552104622175032e-05,18.152830181806813,43.5406204941891,nan,0.030158970736376044,nan
455.45,167.89369201660156,-194.90733337402344,-64.92794799804688,168.83226258142977,-194.9650783116615,-64.93114646835254,0.9403506862852111,0.3602937038996342,0.047272684917551364,3.620687658047525e-05,19.450982200299137,41.59681711441145,15.967165017630736,nan,nan
455.46000000000004,167.8929901123047,-194.91603088378906,-64.92841339111328,168.8316537433833,-194.97393808978126,-64.93231906597275,0.9404562249842435,0.36034557214916024,0.04729021014010936,3.5472814798855165e-05,19.517145091166014,42.70057571144652,nan,0.26317701163998575,nan
455.47,167.89231872558594,-194.9247283935547,-64.92886352539062,168.8310405395369,-194.98278419317063,-64.93287053824665,0.9405238838054358,0.3603975294500342,0.0473077999577803,3.6179856959356396e-05,19.44909397635457,43.197166043095216,nan,nan,nan
455.48,167.8916473388672,-194.93344116210938,-64.92931365966797,168.8304490319429,-194.99163661701948,-64.93369111964337,0.9406138910572378,0.3604495734693149,0.047325453081981494,3.544781508378377e-05,19.466931889983996,41.57688425786638,nan,0.052879731936863024,nan
455.49,167.8909912109375,-194.942138671875,-64.92974853515625,168.82986299467925,-195.00048311032765,-64.93422920211638,0.9406935612521063,0.36050170676013227,0.047343171032369374,3.615481298266626e-05,19.40105629084967,42.78326413014964,nan,nan,nan
455.5,167.89024353027344,-194.95083618164062,-64.93028259277344,168.81701285767545,-195.00249964502856,-64.93402184665803,0.9282157516881678,0.3604330897164161,0.0473399473865525,3.5403435447378614e-05,19.463654986287565,42.21730037339481,2.3968838040324925,0.3617722736078777,nan
455.51,167.889404296875,-194.9595489501953,-64.93090057373047,168.81627754982705,-195.01132929506753,-64.93468947088621,0.9283262287012337,0.3604849946318096,0.04735768448182499,3.610955081460046e-05,19.390569655210307,41.34083533081434,nan,nan,nan
455.52,167.8884735107422,-194.96824645996094,-64.9316177368164,168.81535160175363,-195.02008501059598,-64.93174593180542,0.9283265844318576,0.3605369862933989,0.047375485203215086,3.538207231268004e-05,18.91624232157133,41.67681386925911,nan,9.478730205781913,nan
455.53000000000003,167.887451171875,-194.97694396972656,-64.93242645263672,168.81443776955618,-195.02891510079462,-64.93256266658565,0.9284423349348415,0.3605890669951419,0.04739335085622332,3.608822173726013e-05,18.839581261312215,41.51134397010725,nan,nan,nan
455.54,167.8863525390625,-194.98565673828125,-64.93331909179688,168.8134341087023,-195.0377439539942,-64.93340080165343,0.9285436562074058,0.36064123479262933,0.04741128047252987,3.5362424214039274e-05,18.764178493157928,40.84586765898233,nan,0.003369118990865879,nan
455.55,167.88516235351562,-194.99435424804688,-64.93431091308594,168.82234762121823,-195.0461085604022,-64.93427900915931,0.9386131982153411,0.3605725266232118,0.04740801719485941,3.604657532762845e-05,19.264050540036838,41.343867222574424,2.5790410380799895,nan,nan
455.56,167.88388061523438,-195.00306701660156,-64.93537902832031,168.8211849084257,-195.05492496496984,-64.93514279836117,0.9387377912113883,0.36062446584986174,0.04742596516734267,3.532322038011633e-05,19.191655702386303,40.48565415592723,nan,0.03374722710709177,nan
455.57,167.8825225830078,-195.0117645263672,-64.93653869628906,168.8199427263092,-195.06374564259286,-64.93631342345279,0.9388602730220826,0.36067649389559714,0.047443978186009324,3.602865630458375e-05,19.11551724807102,41.49992247543252,nan,nan,nan
455.58,167.88107299804688,-195.0204620361328,-64.93778991699219,168.81861964820854,-195.0725687009945,-64.93770081173454,0.9389935216454447,0.3607286090485031,0.04746205546490952,3.5306781467071525e-05,19.03901836435097,41.11344174087683,nan,0.011575575916443108,nan
455.59000000000003,167.87954711914062,-195.0291748046875,-64.93911743164062,168.8172101185923,-195.08138951638787,-64.9390468684889,0.9391156912957119,0.36078081325406086,0.04748019803682006,3.6012343091711576e-05,18.965464802463373,40.422036083613385,nan,nan,nan
455.6,167.87794494628906,-195.03787231445312,-64.9405288696289,168.7866361412451,-195.08388583148596,-64.94123997824313,0.9098557232967455,0.36071201222304067,0.047476889801885545,3.527068924405476e-05,18.35161698781642,41.47632179801204,7.5556406387210275,0.35478531735779356,nan
455.61,167.87625122070312,-195.0465850830078,-64.94203186035156,168.78501396755522,-195.09270483661945,-64.94276394768737,0.9099325786514197,0.3607639875459409,0.047495049830576126,3.597552891080036e-05,18.279359241908033,39.807347990301025,nan,nan,nan
455.62,167.87448120117188,-195.05528259277344,-64.94361114501953,168.78327628546393,-195.10149981761737,-64.94287722942852,0.9099698213335248,0.36081604997708405,0.04751327440137176,3.5257183974231694e-05,18.205246590103123,41.04476827591184,nan,1.5526835469374414,nan
455.63,167.8726348876953,-195.06399536132812,-64.94526672363281,168.78149421096242,-195.11031856275025,-64.9445521773969,0.9100393502788025,0.36086820125439983,0.04753156439317496,3.596220573360071e-05,18.131701005074056,40.16569788865085,nan,nan,nan
455.64,167.87071228027344,-195.07269287109375,-64.94700622558594,168.77956896732962,-195.11909404866535,-64.94348228438999,0.9100472323172736,0.36092043997720713,0.04754991925044083,3.524505894772646e-05,18.395796238766323,41.36432173429489,nan,5.560704439294461,nan
455.65000000000003,167.86871337890625,-195.08139038085938,-64.9488296508789,168.78198788302552,-195.12798981560118,-64.94524733324407,0.9144696059422616,0.3608515480281277,0.047546562570477395,3.592828152412855e-05,18.559855896300633,41.11854654940432,0.37315379253970843,nan,nan
455.66,167.8666229248047,-195.09010314941406,-64.9507064819336,168.78139872860672,-195.1326708549655,-64.94712436413737,0.9157726859573126,0.3607812496262603,0.04652561986932665,3.5211660960976244e-05,25.732867386489193,47.10582683728759,nan,2.651133269506786e-05,0.01644082263521234
455.67,167.86447143554688,-195.0988006591797,-64.95259857177734,168.7793187028668,-195.14147747768692,-64.94903843093721,0.915849063963825,0.36083287185154805,0.046540109323362895,3.591620355954073e-05,25.61777315064926,48.19042646644606,nan,nan,nan
455.68,167.86224365234375,-195.1074981689453,-64.95447540283203,168.7771792062563,-195.15035673641532,-64.9524708161722,0.9159410150149051,0.36088458110907023,0.0465546533840073,3.5202141749121534e-05,25.276115820310995,47.84568848688884,nan,1.6099619563104428,nan
455.69,167.86000061035156,-195.11619567871094,-64.9563217163086,168.77498151777087,-195.15916264128833,-64.95438098921025,0.9159912593669515,0.36093637781166027,0.04656925880611753,3.5906930625259544e-05,25.16266091242514,47.88004719954363,nan,nan,nan
455.7,167.8577880859375,-195.12490844726562,-64.95814514160156,168.78362298070985,-195.1644496491017,-64.9572917522276,0.9266792796292544,0.3608679976052453,0.04656597160289131,3.517269716257043e-05,26.303817363934865,46.605314328124116,9.062001340724153,0.7597871470704762,nan
455.71000000000004,167.8555908203125,-195.13360595703125,-64.95993041992188,168.78146977482078,-195.17322679007947,-64.95915411416111,0.9267266325424183,0.360919567614754,0.046580605558782,3.587687653720465e-05,26.196130452315767,47.361349114945995,nan,nan,nan
455.72,167.85342407226562,-195.14230346679688,-64.96168518066406,168.7793491315305,-195.18200076768483,-64.96092214383518,0.9267759563657462,0.36097122458835035,0.04659529472470356,3.516549175424597e-05,26.09265220179381,46.98862843708138,nan,0.0026650022471741736,nan
455.73,167.85130310058594,-195.1510009765625,-64.9634017944336,168.77726690235463,-195.19077711027356,-64.96271826665279,0.9268179811641278,0.3610229688868012,0.0466100451954125,3.58699564180891e-05,25.985830754987155,47.17362306060862,nan,nan,nan
455.74,167.84922790527344,-195.15969848632812,-64.965087890625,168.775227133963,-195.1995663488565,-64.96477665373416,0.9268571167470467,0.3610748004503919,0.046624851316861594,3.515937247921452e-05,25.872268493233637,47.06270732610171,nan,0.06097199323798455,nan
455.75,167.84718322753906,-195.1684112548828,-64.96673583984375,168.76656021373122,-195.2021183676558,-64.96655943040221,0.9199946974366566,0.36100633564284695,0.046621589781597375,3.584216049687237e-05,26.44269966996817,45.86086305555787,3.2154865043471084,nan,nan
455.76,167.84518432617188,-195.17710876464844,-64.96835327148438,168.76457686718467,-195.21080127273154,-64.9666276769076,0.9200113082172099,0.36105794029717136,0.046636424099555054,3.513315861675653e-05,26.424871300748173,46.844691181498796,nan,1.8711873159683114,nan
455.77,167.84323120117188,-195.18580627441406,-64.96994018554688,168.76264624548435,-195.21955459154606,-64.96828234656793,0.9200357172672309,0.36110963215962344,0.04665131968492059,3.5837360139807024e-05,26.31512029628883,46.829592676645404,nan,nan,nan
455.78000000000003,167.84130859375,-195.1945037841797,-64.97149658203125,168.76075118754295,-195.22828562104905,-64.9693770520596,0.920065426037887,0.36116141121273937,0.046666271486334836,3.512902724943815e-05,26.265504195436215,46.57727072583691,nan,0.19615167323401483,nan
455.79,167.83941650390625,-195.2032012939453,-64.9730224609375,168.75889859414832,-195.2370388709244,-64.9709651887246,0.9201068026379876,0.3612132777527773,0.046681284703730876,3.5833553678317774e-05,26.155775201867616,46.29998476325517,nan,nan,nan
455.8,167.8375701904297,-195.21189880371094,-64.9745101928711,168.76419090503498,-195.24278055631171,-64.97137938588499,0.9271404604113133,0.3611447283488886,0.04667803949080207,3.510471417333983e-05,27.212854586767392,46.806496904847926,5.114831101678758,0.7456756771268948,nan
455.81,167.8357696533203,-195.22059631347656,-64.9759750366211,168.76242726574296,-195.25151265924305,-64.97289639831456,0.927178315703194,0.3611963677430031,0.04669308023262185,3.5808702999116724e-05,27.098831476103413,46.65145948018128,nan,nan,nan
455.82,167.83399963378906,-195.2292938232422,-64.97740936279297,168.76070004290847,-195.26024512081685,-64.97439339020978,0.9272220484728838,0.36124809424953197,0.046708177729564336,3.5102364366516035e-05,26.994468945931448,46.521267206469425,nan,5.01931894878243e-05,nan
455.83,167.83226013183594,-195.2379913330078,-64.97881317138672,168.75900830144857,-195.26897737135053,-64.97585409978025,0.9272707590328302,0.36129990813097423,0.046723336634257,3.580670387608873e-05,26.881680902546556,46.424770163947485,nan,nan,nan
455.84000000000003,167.83055114746094,-195.2467041015625,-64.98019409179688,168.7573527213274,-195.27771730968684,-64.97748950438432,0.9273242643178283,0.3613518094215243,0.046738552708426584,3.5100849363613696e-05,26.750455640784956,45.074350907430684,nan,0.028652990773330465,nan
455.85,167.82888793945312,-195.25540161132812,-64.9815444946289,168.7777450274953,-195.29583687070564,-64.97893087454112,0.9497218617778537,0.3612831757449559,0.046735324726268054,3.57835758347081e-05,26.505727694782237,46.47441653165103,5.001517271464718,nan,nan
455.86,167.82725524902344,-195.26409912109375,-64.98286437988281,168.77618770282595,-195.30456407765124,-64.97964627659154,0.9498002794154417,0.361334849668715,0.046750567911154645,3.507899782291479e-05,26.5125670841624,46.61174500399435,nan,0.31317221601885836,nan
455.87,167.82565307617188,-195.27279663085938,-64.98416137695312,168.77466695317838,-195.31331635477747,-64.98099687483338,0.9498837828129222,0.36138661085780727,0.046765872513085734,3.578318701300804e-05,26.400154250784727,46.3472465981806,nan,nan,nan
455.88,167.82408142089844,-195.281494140625,-64.98543548583984,168.77317407584997,-195.3220380753536,-64.98147989071195,0.9499664862820331,0.3614384593730025,0.046781234788113045,3.5078989832171447e-05,26.469675157562232,46.325162771791554,nan,0.49882678092737814,nan
455.89,167.82254028320312,-195.29019165039062,-64.98667907714844,168.77171724067966,-195.33079064323164,-64.98277226897025,0.9500528606210626,0.3614903954361816,0.04679665865417758,3.578355217109871e-05,26.353910008460893,46.43105894024217,nan,nan,nan
455.90000000000003,167.82102966308594,-195.29888916015625,-64.98789978027344,168.74800514013828,-195.33949473596252,-64.98362341950096,0.9278742560845322,0.3614216775734187,0.046793439828439046,3.50585692940234e-05,25.05548029171591,46.338519445682714,10.92947448726073,0.12364750010085968,nan
455.91,167.81954956054688,-195.30758666992188,-64.98909759521484,168.74656970047263,-195.34826936336196,-64.98486373614125,0.9279220586537258,0.36147338603595797,0.04680889011395078,3.5762636905488575e-05,24.93860915299421,46.218519170260386,nan,nan,nan
455.92,167.81809997558594,-195.3162841796875,-64.99027252197266,168.74516553535673,-195.35705600842132,-64.98642356209427,0.9279696700989664,0.36152518173875237,0.04682439855199626,3.505989573523709e-05,24.763673597038796,46.0678574419448,nan,0.08269102082408639,nan
455.93,167.81668090820312,-195.32498168945312,-64.99141693115234,168.74378900529462,-195.36583103103965,-64.98762110507643,0.9280153558515378,0.36157706488322416,0.04683996861663844,3.576435244491395e-05,24.648017502421624,46.29546339567239,nan,nan,nan
455.94,167.81529235839844,-195.33367919921875,-64.99254608154297,168.74244490749658,-195.37463641143714,-64.98971286800811,0.928061080765061,0.3616290355615011,0.04685559722407359,3.5061846875393036e-05,24.378316266063432,45.781342602485076,nan,0.5909659323163216,nan
455.95,167.81393432617188,-195.34237670898438,-64.99365234375,168.7133676930256,-195.3788828312414,-64.99080709500754,0.9001784122119679,0.36156023376337637,0.046852387146177024,3.5744715317691326e-05,23.405741941115465,45.795298898879764,8.904989042935183,nan,nan
455.96000000000004,167.81259155273438,-195.35108947753906,-64.9947280883789,168.71203771204176,-195.38775229657773,-64.99465842718823,0.90019306853883,0.36161197661660494,0.04686804168706136,3.5043248630510484e-05,23.086661708747304,44.56665310788273,nan,5.177223488567127,nan
455.97,167.811279296875,-195.3597869873047,-64.99578857421875,168.71072463889908,-195.39653487656685,-64.99580480791764,0.9001957181177722,0.36166380680678456,0.04688375790547253,3.574761837301133e-05,22.991504023227584,45.29594369572633,nan,nan,nan
455.98,167.80999755859375,-195.3684844970703,-64.996826171875,168.70944192366218,-195.4053529151761,-64.99806379203186,0.9002005208900034,0.36171572444142774,0.04689953311388829,3.5046308530737664e-05,22.940269511629044,45.47844771167479,nan,0.9038237236235863,nan
455.99,167.80874633789062,-195.37718200683594,-64.99784851074219,168.70818106035722,-195.41413617061815,-64.99918134098505,0.9001945382170782,0.36176772969841453,0.04691537019681094,3.5751077317330175e-05,22.851288357048027,45.31098916983061,nan,nan,nan
456.0,167.80751037597656,-195.38587951660156,-64.99884796142578,168.6650636299273,-195.4107313289303,-64.99952923944228,0.8579135504683659,0.3616988440997164,0.046912161818755675,3.502875579589915e-05,22.217258215200143,45.038836708622775,15.950172832893388,0.23213517079434956,nan
456.01,167.80630493164062,-195.3945770263672,-64.99982452392578,168.66378257372486,-195.41950168281394,-65.00059880146907,0.8578401626637918,0.36175062129960334,0.04692802412321374,3.573305165356803e-05,22.126410792973914,45.239724838228625,nan,nan,nan
456.02,167.80511474609375,-195.4032745361328,-65.00078582763672,168.66252655109648,-195.42827829952992,-65.00186234952861,0.8577769817624136,0.36180248585250535,0.046943945843052864,3.503278341308866e-05,22.049182468789496,44.76276072230536,nan,0.031844083082171584,nan
456.03000000000003,167.803955078125,-195.41197204589844,-65.00172424316406,168.6612937746825,-195.43704888795455,-65.00289720934784,0.8577061644130076,0.36185443792515265,0.04695992951124705,3.5737487246832955e-05,21.96104687171494,45.02848445199037,nan,nan,nan
456.04,167.8028106689453,-195.42068481445312,-65.00263977050781,168.66008348657994,-195.4458091823941,-65.00354223557996,0.8576413773616836,0.3619064776421865,0.046975972963639014,3.503726433603703e-05,21.855274587061754,43.883345968458485,nan,0.09743653926013476,nan
456.05,167.80169677734375,-195.42938232421875,-65.00354766845703,168.6393489181682,-195.44609206231866,-65.00456076141928,0.8378194022177421,0.3618375084498374,0.04697276481365564,3.572037951652358e-05,21.97347305935282,44.645302701779016,3.954962248069939,nan,nan
456.06,167.8006134033203,-195.43807983398438,-65.00443267822266,168.6381531516423,-195.45484560107005,-65.00558241569922,0.8377083280363861,0.36188931988273554,0.0469888329337892,3.502101531094317e-05,21.889517780260594,45.00026478043598,nan,0.0012871496998158583,nan
456.07,167.79953002929688,-195.44677734375,-65.00529479980469,168.63697925058347,-195.46359781970955,-65.00654503606039,0.8376190600360747,0.36194121873369806,0.04700496308911787,3.572566025761036e-05,21.804160710628796,44.48864791985357,nan,nan,nan
456.08,167.79849243164062,-195.45547485351562,-65.00614929199219,168.63582828923205,-195.4723688311131,-65.00821338940449,0.837508809139081,0.3619932051350908,0.047021153425356066,3.5026283244535946e-05,21.789675476098214,44.80184647819611,nan,0.3676745876337413,nan
456.09000000000003,167.79745483398438,-195.4641876220703,-65.0069808959961,168.63469702682977,-195.48112148372144,-65.00915074728178,0.8374162366503209,0.36204527924180646,0.04703740601401108,3.573133737419846e-05,21.711075455631633,43.4176587898529,nan,nan,nan
456.1,167.79644775390625,-195.47288513183594,-65.00779724121094,168.62468278444197,-195.4912340373507,-65.01013676899964,0.8284415619284036,0.36197622661560425,0.047034191852356966,3.5010771173258835e-05,21.015187925881115,44.79138955710344,3.1981242849848277,0.0010623578601783425,nan
456.11,167.7954559326172,-195.48158264160156,-65.00859069824219,168.62357601953826,-195.50000155107452,-65.01104461272493,0.8283285316132907,0.3620280722071565,0.04705046837447733,3.571535954641388e-05,20.93672052870244,44.84285098331459,nan,nan,nan
456.12,167.79449462890625,-195.4902801513672,-65.0093765258789,168.6224860914347,-195.5087127022779,-65.00959918400879,0.8281966375986515,0.3620800052536427,0.04706680545487133,3.501671359349162e-05,20.678552707080133,44.55316936141718,nan,3.8564289183327687,nan
456.13,167.79354858398438,-195.4989776611328,-65.01014709472656,168.62141892763412,-195.51748058185885,-65.01045363104241,0.8280771449174654,0.36213202590501453,0.0470832048938578,3.5721715325034706e-05,20.58940926931803,44.340392880526196,nan,nan,nan
456.14,167.79261779785156,-195.5076904296875,-65.01089477539062,168.62037182483786,-195.5262663763598,-65.01205383248423,0.8279632470104891,0.36218413430125884,0.04709966524134924,3.5022973089066754e-05,20.537468974864748,43.49959639814258,nan,0.4075933228256305,nan
456.15000000000003,167.7917022705078,-195.51638793945312,-65.01163482666016,168.59305826071687,-195.53241373947023,-65.01287559832925,0.8015171793695173,0.36211499842421524,0.0470964427581433,3.570637094570226e-05,19.49134024886138,44.40022509279858,9.258258080182149,nan,nan
456.16,167.79080200195312,-195.52508544921875,-65.01235961914062,168.59200049922364,-195.54117072773494,-65.0126079882282,0.8013599877088232,0.3621668780763503,0.047112926422162325,3.500835474776752e-05,19.361005845223815,44.201973580755585,nan,0.8340465926013223,nan
456.17,167.78993225097656,-195.53379821777344,-65.01306915283203,168.59096158613215,-195.54995223959682,-65.01340301548292,0.8011922738426444,0.3622188452333483,0.04712947256148475,3.571330180033624e-05,19.275167426449674,43.55452973141807,nan,nan,nan
456.18,167.78907775878906,-195.54249572753906,-65.01376342773438,168.58993923692364,-195.55870147805564,-65.0126656802986,0.8010261784480831,0.3622709000379633,0.047146079961688986,3.5015148113980725e-05,19.21766332251975,44.49991914966084,nan,1.6276806096606402,nan
456.19,167.78823852539062,-195.5511932373047,-65.01444244384766,168.588935217542,-195.56748356649965,-65.01341902172986,0.8008630438722139,0.3623230426358968,0.047162750071779606,3.5720503992978296e-05,19.12426838196342,44.41971750630783,nan,nan,nan
456.2,167.78741455078125,-195.55990600585938,-65.01510620117188,168.62417461799498,-195.5998474001401,-65.01319691647936,0.8377149696816062,0.362253823677382,0.04715951364665449,3.500102631925465e-05,17.876718243463014,43.62145981671762,29.314906270834392,0.7727564734154924,nan
456.21000000000004,167.78660583496094,-195.568603515625,-65.01576232910156,168.62325917005722,-195.60869689487464,-65.01391626684071,0.8376154786853369,0.36230573730063337,0.04717620631483709,3.570591408208149e-05,17.780996382060117,44.32595861430181,nan,nan,nan
456.22,167.7858123779297,-195.57730102539062,-65.01640319824219,168.62236022295212,-195.61756844183444,-65.01573668336344,0.8375166900312057,0.3623577384731296,0.047192960579424854,3.500826605324381e-05,17.61167565678471,44.224956673027776,nan,0.8747134587678593,nan
456.23,167.7850341796875,-195.5860137939453,-65.01702880859375,168.62147685261172,-195.62641813815594,-65.0164430142476,0.837418174674232,0.3624098273395041,0.047209777686330695,3.571356382631081e-05,17.524342828705457,43.14325268096783,nan,nan,nan
456.24,167.78427124023438,-195.59471130371094,-65.01764678955078,168.62060908472765,-195.6352958226822,-65.0186086138515,0.8373225295056657,0.36246200404418705,0.047226656724183406,3.501571759944699e-05,17.45536577012125,43.93791903413986,nan,1.5265838056181307,nan
456.25,167.7835235595703,-195.60340881347656,-65.01824951171875,168.63624556532247,-195.64898034826606,-65.01926789735636,0.8539394715003855,0.3623927021764599,0.047223403403959446,3.569938894971817e-05,17.594008720332234,43.88844112851566,2.307305419122456,nan,nan
456.26,167.78280639648438,-195.61212158203125,-65.01884460449219,168.6354357505129,-195.6578288605103,-65.01953406706536,0.8538538786090376,0.36244464967615675,0.0472403043244618,3.500217446758333e-05,17.494647331570306,42.98113142997554,nan,0.12434834444656405,nan
456.27,167.78208923339844,-195.62081909179688,-65.01942443847656,168.6346405614912,-195.6666854034067,-65.02020481802242,0.8537845715200495,0.36249668477033803,0.04725726822783867,3.570740678513834e-05,17.413388253137565,43.72865074236381,nan,nan,nan
456.28000000000003,167.78138732910156,-195.62953186035156,-65.01998901367188,168.6338608147564,-195.67549698782992,-65.0182398545275,0.8537135914616231,0.3625488076032461,0.04727429437630906,3.500996646086845e-05,17.401198241106506,42.806578736638315,nan,4.862749736849935,nan
456.29,167.78070068359375,-195.6382293701172,-65.02054595947266,168.63309446540322,-195.68435397240418,-65.01886318411245,0.8536424719614725,0.3626010183197969,0.047291383756737644,3.571560082436575e-05,17.309075948071975,43.66425469900394,nan,nan,nan
456.3,167.78001403808594,-195.64694213867188,-65.02108764648438,168.65998232478157,-195.70570247669264,-65.0195726530722,0.8819292818131131,0.36253163371229663,0.047288108381396694,3.499673811622085e-05,17.025290852916967,42.48635208690529,8.185541213846735,0.001889607543648696,nan
456.31,167.77935791015625,-195.6556396484375,-65.02162170410156,168.65928768225396,-195.71458747683576,-65.02017725859835,0.8819032468018313,0.3625836149933468,0.047305218860159995,3.5701896367944255e-05,16.935001272450737,43.816753438879395,nan,nan,nan
456.32,167.77871704101562,-195.6643524169922,-65.02214813232422,168.65860642718587,-195.7234726858371,-65.02077233735295,0.8818743849864067,0.3626356839135001,0.047322392231996885,3.642138603336428e-05,16.84749927492034,42.55779168192582,nan,nan,nan
456.33,167.778076171875,-195.6730499267578,-65.02265930175781,168.65793845976856,-195.7323581151504,-65.0213578963932,0.8818598531079758,0.36268784061725673,0.047339628641407575,3.7155351612680926e-05,16.759241529532794,43.42468760760099,nan,nan,nan
456.34000000000003,167.77745056152344,-195.6817626953125,-65.02316284179688,168.65728406100175,-195.74123347369803,-65.02125537389959,0.8818431826123099,0.36274008524786117,0.04735692789084405,3.6372108568555726e-05,16.73391027226965,42.227359318252596,nan,0.3006317787414029,nan
456.35,167.77684020996094,-195.69046020507812,-65.0236587524414,168.61564728843152,-195.73841167226752,-65.02186207161117,0.8401784847042749,0.3626706180701383,0.04735362702868514,3.7081023614651195e-05,16.193286868564154,43.34864599465075,13.941054063086415,nan,nan
456.36,167.7762451171875,-195.6991729736328,-65.02413940429688,168.61495035993366,-195.74725788214886,-65.02054446905801,0.8400902131296737,0.3627226330339909,0.047370946649675616,3.6301562328161585e-05,16.382823679826405,42.756177099439824,nan,2.2904774358123245,nan
456.37,167.77566528320312,-195.70787048339844,-65.02461242675781,168.6142634861459,-195.75613058627044,-65.02106882579548,0.8399931789102977,0.3627747356827788,0.04738832983764387,3.703204974617737e-05,16.28500433425502,43.74680826717647,nan,nan,nan
456.38,167.77508544921875,-195.71658325195312,-65.02507781982422,168.61358817137835,-195.76500707423418,-65.0218587057754,0.8399059735045531,0.36282692615718787,0.04740577615252001,3.625530875706509e-05,16.153522628895416,42.09714938348053,nan,0.049371583249558995,nan
456.39,167.7745361328125,-195.72528076171875,-65.0255355834961,168.61292481802636,-195.7738800461989,-65.02236885100919,0.8398020636681286,0.3628792046060494,0.04742328629283605,3.698462525308717e-05,16.058381576150776,43.59262814203897,nan,nan,nan
456.40000000000003,167.7739715576172,-195.73399353027344,-65.0259780883789,168.63295956745063,-195.78396650193633,-65.02447092266357,0.8604417298591036,0.3628096550223817,0.04741995509506972,3.6188002002513654e-05,16.59595566062191,41.48681902081732,6.200080784664765,1.597201426818124,nan
456.41,167.7734375,-195.74269104003906,-65.02641296386719,168.63235493191945,-195.79282769486554,-65.02498129595732,0.8603806649880612,0.3628617035737847,0.047437484792487244,3.691529839621377e-05,16.508958177013675,42.987790348895054,nan,nan,nan
456.42,167.7729034423828,-195.75140380859375,-65.02684783935547,168.6317583872854,-195.80171279858263,-65.02742647704417,0.8603273479780269,0.36291383984899034,0.04745507789045801,3.614478170056222e-05,16.385544931373644,41.09272132735751,nan,2.4950699942199135,nan
456.43,167.7722930908203,-195.76011657714844,-65.0273666381836,168.63112337923087,-195.81057450567008,-65.02799227285617,0.8603114890903188,0.3629660639989288,0.04747273497736562,3.6871046158452006e-05,16.31155555347491,41.97550374603468,nan,nan,nan
456.44,167.77157592773438,-195.76881408691406,-65.02798461914062,168.63039691595927,-195.81942821376074,-65.02794160689095,0.860311153886828,0.3630183761610664,0.04749045577794513,3.610305031874174e-05,16.22484773861017,42.274089051208854,nan,0.3351730083151945,nan
456.45,167.77076721191406,-195.77752685546875,-65.0286865234375,168.62391282276775,-195.82306338645503,-65.0287852869031,0.854360005341658,0.36294874434297963,0.0474870905078786,3.680507905106159e-05,16.540495493426803,41.43092334791311,1.8951134988003915,nan,nan
456.46000000000004,167.76986694335938,-195.78623962402344,-65.02948760986328,168.62299997495649,-195.83188151422667,-65.02708278535387,0.8543564448895559,0.3630008263757905,0.04750483008798258,3.6040500224217626e-05,16.62691558382814,41.09260523721668,nan,4.305194325473978,nan
456.47,167.76889038085938,-195.79493713378906,-65.03038024902344,168.62199338499977,-195.8407270586979,-65.02799069745095,0.8543343390343376,0.36305299618322223,0.04752263382511601,3.676397631913811e-05,16.54603299984829,42.36073230378395,nan,nan,nan
456.48,167.767822265625,-195.80364990234375,-65.03135681152344,168.62089882811935,-195.84957056893333,-65.02877333832002,0.8543155174939777,0.3631052539004845,0.04754050153355287,3.600178445698582e-05,16.502617603097033,41.429186642836775,nan,0.03100359770957829,nan
456.49,167.76666259765625,-195.81236267089844,-65.03241729736328,168.61971646167572,-195.8584165061067,-65.02985893677912,0.8542999449050781,0.3631575996819898,0.0475584336677545,3.672441296384713e-05,16.42246744303608,41.451673394933245,nan,nan,nan
456.5,167.76541137695312,-195.82106018066406,-65.0335693359375,168.62144380053968,-195.86957525458183,-65.03207384303023,0.8574074055708603,0.3630878857863816,0.0475550296934288,3.594239422108057e-05,16.138550347735155,42.05471872442005,0.773676342355277,0.5787276040745806,nan
456.51,167.7640838623047,-195.82977294921875,-65.03480529785156,168.6200939925282,-195.8784281342182,-65.03334649250417,0.8573930243392861,0.3631400012075024,0.0475729797651884,3.66633297049549e-05,16.061880841630085,41.25506226373518,nan,nan,nan
456.52,167.76268005371094,-195.83848571777344,-65.0361328125,168.61865646821266,-195.8872962377261,-65.03642106005611,0.8573669996727965,0.363192204435625,0.047590994055024254,3.5906647949240884e-05,15.93365436563068,40.99258774447066,nan,1.9724666805104711,nan
456.53000000000003,167.7611846923828,-195.84718322753906,-65.03753662109375,168.61713893300387,-195.89614891933203,-65.03788255106677,0.8573537313603327,0.363244495627438,0.04760907294576666,3.6626855777410495e-05,15.86106724306169,42.14006181660214,nan,nan,nan
456.54,167.7595977783203,-195.85589599609375,-65.03902435302734,168.6155395350088,-195.90499839161114,-65.03906524956388,0.8573490174724848,0.363296874914641,0.047627216359025025,3.587234941202506e-05,15.786766668261535,40.67888403574718,nan,0.08867515404359923,nan
456.55,167.7579345703125,-195.86460876464844,-65.04059600830078,168.63907572675626,-195.925411585381,-65.04063077506594,0.883236503886027,0.3632270791167285,0.04762376969406607,3.656898316664838e-05,15.554914372560683,40.73650657292702,6.870686232512922,nan,nan
456.56,167.75621032714844,-195.87330627441406,-65.04225158691406,168.63735599985492,-195.9342815600853,-65.04139678844453,0.8832533117245982,0.363279227811282,0.047641930220809925,3.58175163144094e-05,15.502454446074735,42.10374967898663,nan,0.5973273025844937,nan
456.57,167.75437927246094,-195.88201904296875,-65.04398345947266,168.635554384934,-195.94315850130502,-65.04317674008017,0.8832939844716278,0.363331464368481,0.047660155526068344,3.6535527646038185e-05,15.430273885858552,40.40686787305209,nan,nan,nan
456.58,167.75250244140625,-195.89071655273438,-65.0457992553711,168.63368440125106,-195.95203216391909,-65.04463553528858,0.8833134238622917,0.3633837889178452,0.047678445587787936,3.578609900191287e-05,15.378417579667545,41.523919305271065,nan,0.10905692307046294,nan
456.59000000000003,167.75062561035156,-195.89942932128906,-65.04766845703125,168.63177854521106,-195.96090829656134,-65.04656311263005,0.8832957493378338,0.36343620161943985,0.04769680070442563,3.6503538913049466e-05,15.302755331285292,40.95421042413277,nan,nan,nan
456.6,167.74874877929688,-195.90814208984375,-65.04955291748047,168.6356125995566,-195.96960525399868,-65.04667387938767,0.8889957508863244,0.3633663240687443,0.04769330687901918,3.573423572305414e-05,15.726443840592513,40.3926259522987,0.62376866749513,2.399293742642008,nan
456.61,167.7469024658203,-195.91683959960938,-65.05142211914062,168.63373771112603,-195.97847530926956,-65.0486195616353,0.8889789465169232,0.3634185059462302,0.047711678238302545,3.6450259217192035e-05,15.63733351523715,41.585851058327606,nan,nan,nan
456.62,167.7450714111328,-195.92555236816406,-65.05326843261719,168.63188921814816,-195.98734874932984,-65.0511405791865,0.8889708337875427,0.36347077571227243,0.04773011457907902,3.570561511754792e-05,15.478589799992207,39.82400581856013,nan,0.23876677399164853,nan
456.63,167.7432861328125,-195.9342498779297,-65.05508422851562,168.6300740355152,-195.99621820951953,-65.0530471722793,0.8889527592048996,0.36352313352894433,0.047748616156568766,3.642116838581552e-05,15.393777377544524,41.05681929172562,nan,nan,nan
456.64,167.7415313720703,-195.94296264648438,-65.0568618774414,168.6282959135508,-196.0050794144843,-65.0535377237852,0.8889436961311933,0.3635755795226519,0.04776718301362593,3.5678351003065785e-05,15.51978404748265,40.24118933742553,nan,1.3027880563595644,nan
456.65000000000003,167.7398223876953,-195.95166015625,-65.05860900878906,168.59883442575938,-196.0151255708544,-65.05544051779707,0.8613591467704128,0.3635056203984085,0.04776363788408964,3.637085688052936e-05,14.19498143334597,41.79310840690077,14.275809405971998,nan,nan
456.66,167.73814392089844,-195.9603729248047,-65.0603256225586,168.59707881317527,-196.02400533088317,-65.05430365190595,0.8613097563620747,0.36355783533550723,0.04778222011709497,3.563070809834439e-05,14.867883451586101,41.04417968866526,nan,5.864098577178994,nan
456.67,167.73648071289062,-195.9690704345703,-65.06200408935547,168.61628287856513,-196.0302027411409,-65.05604864307517,0.8819435792456264,0.3578766090789364,0.047705692970711804,3.63434855429449e-05,21.96912843065571,48.93869698382267,nan,nan,0.07642960834006836
456.68,167.73486328125,-195.97776794433594,-65.06365203857422,168.61455862054285,-196.0390871178535,-65.05824997497302,0.8818464227435494,0.35792506037201566,0.047723229216812144,3.5605090245703545e-05,21.709812094920817,48.90389646218513,nan,0.1689704680372953,nan
456.69,167.73329162597656,-195.98648071289062,-65.06526184082031,168.6129019031809,-196.04796467184275,-65.05992640991947,0.8817726372454592,0.35797360581027693,0.047740824164712536,3.6318578569339356e-05,21.57300008984742,48.34236724224451,nan,nan,nan
456.7,167.7317352294922,-195.99517822265625,-65.06684112548828,168.5901418530606,-196.04541461430114,-65.06266446002887,0.8598854987531664,0.3579062365440694,0.04773733147820662,3.55601907169265e-05,21.717601895050382,48.2634142832555,6.255952303469291,0.8194243659205594,nan
456.71000000000004,167.73020935058594,-196.00389099121094,-65.06839752197266,168.5885196118553,-196.05426248237535,-65.06428927151985,0.8597968768518514,0.35795457195557046,0.047754940299150436,3.6272492508190095e-05,21.593241134245144,46.60425919936425,nan,nan,nan
456.72,167.7287139892578,-196.01258850097656,-65.06991577148438,168.5869048143806,-196.06311450970546,-65.06622378059538,0.8596848263635528,0.3580029871986283,0.04777260746304692,3.5538174890782836e-05,21.410545533729536,47.88580682935164,nan,0.07910903499076478,nan
456.73,167.7272491455078,-196.0212860107422,-65.07140350341797,168.58534323538632,-196.07196223635086,-65.06779206517835,0.8595967597731629,0.35805149604265696,0.04779033355534052,3.625022039810693e-05,21.28624488969819,47.77904489878723,nan,nan,nan
456.74,167.72581481933594,-196.02999877929688,-65.07286071777344,168.58382669496567,-196.08080698777314,-65.06909972091579,0.8595231223577265,0.35810008522589587,0.04780811829753271,3.551739148974409e-05,21.226854444620933,46.7483224406757,nan,0.03677546345408824,nan
456.75,167.7244110107422,-196.0386962890625,-65.07428741455078,168.61253787224004,-196.096136389675,-65.07065249692603,0.8899898313455822,0.3580326891644666,0.04780459211482281,3.620680156193173e-05,21.902572447060432,47.57561467134912,10.92673117117858,nan,nan
456.76,167.72303771972656,-196.0474090576172,-65.07569122314453,168.6111798187027,-196.10497336813745,-65.07123129418594,0.8900168137657537,0.3580810683626131,0.047822390202640196,3.547628873571012e-05,22.001585192710422,46.398779376309385,nan,0.5597853375699305,nan
456.77,167.72169494628906,-196.0561065673828,-65.07706451416016,168.60978972836415,-196.1138204418833,-65.07267666723001,0.8899789247277343,0.35812954062607155,0.04784024744661138,3.618704224123309e-05,21.874166340354908,47.54960319397051,nan,nan,nan
456.78000000000003,167.72036743164062,-196.06480407714844,-65.07841491699219,168.60841847939233,-196.1226687831977,-65.0742246792416,0.889944125050258,0.358178093581546,0.047858163639020505,3.5457892895390244e-05,21.73960717638028,46.865244357860426,nan,0.011496420455137733,nan
456.79,167.7190704345703,-196.07351684570312,-65.07972717285156,168.60708238321462,-196.13151563126365,-65.07561840182899,0.8899134576243175,0.3582267396777033,0.04787613926097853,3.6168494169469976e-05,21.616018388567824,46.432417522847665,nan,nan,nan
456.8,167.71780395507812,-196.08221435546875,-65.08102416992188,168.62098564947146,-196.14804049049582,-65.07842908603496,0.905581022106915,0.35815930370147164,0.047872575750741796,3.541919359298546e-05,21.020025432234036,46.75314296023564,2.743555695548662,1.4727730329261712,nan
456.81,167.716552734375,-196.09091186523438,-65.08229064941406,168.61972310550476,-196.15690561236795,-65.07978625497344,0.9055816727048502,0.35820773939494177,0.047890564132132066,3.612879283202529e-05,20.90717763445982,46.6592405517754,nan,nan,nan
456.82,167.71533203125,-196.09962463378906,-65.08353424072266,168.61857575626817,-196.16575654847693,-65.07968275927747,0.9056696366966869,0.3582562561204881,0.04790861175218357,3.5403063364304715e-05,21.05858016508573,45.745877263233325,nan,1.4228175462316734,nan
456.83,167.71414184570312,-196.1083221435547,-65.08474731445312,168.61736286227284,-196.17462140943724,-65.08097720233793,0.9056588823476299,0.3583048654675392,0.04792671903228473,3.6112577902325084e-05,20.93709451217895,47.17845688120229,nan,nan,nan
456.84000000000003,167.7129669189453,-196.11703491210938,-65.08594512939453,168.61612498681995,-196.18349383747096,-65.08304626938887,0.9056045978883975,0.35835355634067395,0.047944885852834795,3.538802400170558e-05,20.687937807664536,45.15887003084902,nan,0.43981171722751095,nan
456.85,167.71182250976562,-196.125732421875,-65.08711242675781,168.6137646768249,-196.18735281770054,-65.08435377439264,0.9040488681836559,0.35828609215878476,0.04794128184951244,3.607521526845547e-05,21.26364676120265,46.48837658042372,3.1684594442455842,nan,nan
456.86,167.710693359375,-196.13442993164062,-65.0882568359375,168.61254500740574,-196.1962107008189,-65.08695698797771,0.9039662317259121,0.3583345726475333,0.047959460853791526,3.5352655871989724e-05,21.00623637735363,46.01870997941244,nan,1.2964278059195888,nan
456.87,167.7095947265625,-196.1431427001953,-65.0893783569336,168.61143095159494,-196.2050566247018,-65.08818294865128,0.9039598109592694,0.3583831452519322,0.047977699748749,3.6061203001371395e-05,20.905934147414555,45.105978889066755,nan,nan,nan
456.88,167.70851135253906,-196.15184020996094,-65.0904769897461,168.61046746944788,-196.21388460609163,-65.08722783636614,0.904093413823011,0.35843179970105116,0.047995998464707194,3.533970539948859e-05,21.07140861762661,46.20397278054023,nan,3.2293530593186506,nan
456.89,167.7074432373047,-196.16055297851562,-65.09156036376953,168.60939733044432,-196.22273095052716,-65.08839003110805,0.9041002916402561,0.3584805463569891,0.04801435734940518,3.6048249517162104e-05,20.960802466097867,44.55986763364671,nan,nan,nan
456.90000000000003,167.70640563964844,-196.16925048828125,-65.09261322021484,168.5873756693788,-196.21988841365146,-65.08890087596721,0.8824319658017293,0.35841304294407156,0.04801070910685122,3.530642105640069e-05,21.53382183030223,46.22415008779319,6.703199193548508,0.37600889120080244,nan
456.91,167.7053985595703,-196.17794799804688,-65.0936508178711,168.5863190316213,-196.2287051375297,-65.0900171899541,0.8823890120229442,0.3584615788092768,0.04802907955243822,3.6014108640172234e-05,21.416930876339663,46.04379261233854,nan,nan,nan
456.92,167.7043914794922,-196.18666076660156,-65.09466552734375,168.58540229000886,-196.2375061863813,-65.08902682620514,0.8824948157980015,0.3585101968214264,0.048047510092225874,3.52954333997422e-05,21.8617115179217,45.08035465987492,nan,3.022607814560668,nan
456.93,167.7034149169922,-196.1953582763672,-65.09566497802734,168.58438609488564,-196.24632285269965,-65.09008282850104,0.8824617638816237,0.3585589065568687,0.048066001032725,3.600317144449757e-05,21.73453201261701,45.968365994077494,nan,nan,nan
456.94,167.7024688720703,-196.20407104492188,-65.09663391113281,168.58346344071734,-196.25513019957344,-65.08980042994979,0.8824993845461709,0.3586076989148023,0.04808455236515094,3.5285388460138485e-05,22.102573299599282,46.25629485349131,nan,1.208621390745745,nan
456.95,167.70152282714844,-196.2127685546875,-65.09759521484375,168.58472819715135,-196.2689910834833,-65.09074674876184,0.8850195477128451,0.3585401658956909,0.04808085653391354,3.597103459133099e-05,21.436817421051426,46.13243152852836,2.6233890316057717,nan,nan
456.96000000000004,167.7006072998047,-196.2214813232422,-65.09852600097656,168.58375429770746,-196.27782766394174,-65.09196998560112,0.8849669549494534,0.35858874745397784,0.048099418805665366,3.525495889032279e-05,21.263327249536854,45.93471534103982,nan,0.03921877506781256,nan
456.97,167.69970703125,-196.2301788330078,-65.09944915771484,168.58281195739943,-196.28666273311433,-65.09294027442586,0.8849333913477896,0.35863742026834844,0.0481180417093519,3.596198277935925e-05,21.131806565304615,46.128748608088145,nan,nan,nan
456.98,167.69882202148438,-196.2388916015625,-65.10034942626953,168.58188898618994,-196.2954978908628,-65.09387429710782,0.8849030813825357,0.35868617598169444,0.0481367252697965,3.524669876272398e-05,21.0555074298851,45.24782623443788,nan,0.00024468392269932356,nan
456.99,167.6979522705078,-196.24758911132812,-65.10122680664062,168.58098297176693,-196.30433319360856,-65.09480970604262,0.8848752959711893,0.358735023062056,0.048155469743879756,3.5953835358801175e-05,20.921939815069905,46.38364308870672,nan,nan,nan
457.0,167.6970977783203,-196.2563018798828,-65.10208892822266,168.57375972955177,-196.31072254546245,-65.09763845297938,0.8783607415572282,0.35866745132995415,0.0481517226260228,3.5218035599566745e-05,20.29524390666789,44.478412293585755,0.3705751445247102,2.614416531568042,nan
457.01,167.69627380371094,-196.26499938964844,-65.10293579101562,168.57287842887712,-196.31955319216055,-65.09855937505127,0.878311413593131,0.3587160872197731,0.04817047737996642,3.592442746603428e-05,20.176685029409942,45.642535987235554,nan,nan,nan
457.02,167.69544982910156,-196.27371215820312,-65.10376739501953,168.57197122509453,-196.32838853165055,-65.10029187719378,0.8782319412723374,0.3587648062665822,0.04818929304897168,3.521143673243186e-05,19.900614899380074,43.81793418518548,nan,0.4778765283383679,nan
457.03000000000003,167.6946563720703,-196.28240966796875,-65.10458374023438,168.5711231678795,-196.33721937158276,-65.10118909288916,0.8781854424874558,0.3588136162389175,0.04820816986299517,3.5917982734146727e-05,19.789923952271884,45.02293487132908,nan,nan,nan
457.04,167.69387817382812,-196.29112243652344,-65.10537719726562,168.57028250199983,-196.34605111183177,-65.10224392129167,0.8781295594771593,0.3588625098225313,0.048227107886678146,3.520563436903085e-05,19.661989771770664,44.27808634489369,nan,0.02085863776573332,nan
457.05,167.69309997558594,-196.29981994628906,-65.10616302490234,168.5585958433638,-196.35384517783876,-65.10310887529744,0.8671857647669099,0.3587949071196087,0.0482233059982155,3.5890254590683554e-05,19.16406739873805,44.412110967831765,2.021451543124735,nan,nan
457.06,167.69235229492188,-196.30853271484375,-65.10692596435547,168.55779063856335,-196.36267957917616,-65.1036116360694,0.8671368948060707,0.35884358947464723,0.048242253636615065,3.517936299451888e-05,19.131055964124272,44.21788364615705,nan,0.08618426410617214,nan
457.07,167.69161987304688,-196.31723022460938,-65.10767364501953,168.55698338152627,-196.37151580749048,-65.10444780868741,0.8670705463435736,0.35889236233154287,0.04826126264992827,3.5885387075642114e-05,19.021740131149393,45.1594890238007,nan,nan,nan
457.08,167.69088745117188,-196.32594299316406,-65.10841369628906,168.55622044268975,-196.3803495019013,-65.10466268453008,0.8670497820145416,0.3589412190298727,0.04828033312394233,3.517505117893665e-05,19.047850302930318,43.32849980226925,nan,0.2578622443495182,nan
457.09000000000003,167.690185546875,-196.3346405029297,-65.109130859375,168.5554428372521,-196.3891860446082,-65.10546521729772,0.8669826016706111,0.35899016636284886,0.048299465257349405,3.588127517958924e-05,18.935961553119917,45.20871749380184,nan,nan,nan
457.1,167.68948364257812,-196.34335327148438,-65.1098403930664,168.55473579647594,-196.40277447650132,-65.10670233285751,0.8672958070072437,0.35892252529239616,0.048295604921844267,3.5150244682609325e-05,18.179800695847433,43.387018306387596,2.8623892753630176,0.1817521021883495,nan
457.11,167.68881225585938,-196.35206604003906,-65.11053466796875,168.55397989775565,-196.41163037570456,-65.10748182507082,0.8672210090382947,0.35897126102363225,0.04831474597412124,3.585580738036261e-05,18.075726651133877,43.82209252218475,nan,nan,nan
457.12,167.68814086914062,-196.3607635498047,-65.11121368408203,168.5532376126312,-196.42048635447478,-65.10824812105993,0.8671608752473126,0.3590200838287418,0.04833394875149435,3.657568125126364e-05,17.97149400791283,44.443326942283946,nan,nan,nan
457.13,167.68748474121094,-196.36947631835938,-65.11187744140625,168.55250898128352,-196.42934243245696,-65.10900162537347,0.8670981246941747,0.35906899385222496,0.04835321339846378,3.731001079551243e-05,17.870192053657338,43.45675551588633,nan,nan,nan
457.14,167.6868438720703,-196.378173828125,-65.1125259399414,168.55181049398507,-196.43819743646523,-65.10936718738174,0.8670525176150213,0.359117988125051,0.04837254004218218,3.651481264411241e-05,17.837576497802278,44.65006215923419,nan,0.0913299658759554,nan
457.15000000000003,167.68621826171875,-196.3868865966797,-65.11316680908203,168.54806602686062,-196.43995318778076,-65.11006419208914,0.8634855294695657,0.35905031476910576,0.04836861768085589,3.7223905989566944e-05,18.532269981517153,42.98914291701098,4.3415630357956045,nan,nan
457.16,167.68560791015625,-196.39559936523438,-65.1137924194336,168.5473856799272,-196.44878376022518,-65.11063025031007,0.8634231312951381,0.3590990973924262,0.048387952537046516,3.643328786527295e-05,18.46625697758895,43.131477240488216,nan,0.013986682925883738,nan
457.17,167.68499755859375,-196.404296875,-65.1144027709961,168.5467113558448,-196.45761490175806,-65.11132970928459,0.8633672011713592,0.35914797009029803,0.04840734950985375,3.716380865953365e-05,18.363055243574212,43.893299586538696,nan,nan,nan
457.18,167.68441772460938,-196.4130096435547,-65.11500549316406,168.5460502995205,-196.46644616263427,-65.11199126903276,0.8632932533423451,0.35919692725798275,0.0484268087186546,3.6376660835645014e-05,18.277209409926115,42.991912896158205,nan,0.0004523051976729997,nan
457.19,167.683837890625,-196.42172241210938,-65.11559295654297,168.54540001691458,-196.47527755053716,-65.11266761349019,0.863229985543033,0.3592459746375818,0.04844633033044099,3.710586819087377e-05,18.177518826266056,42.76057604866947,nan,nan,nan
457.2,167.6832733154297,-196.430419921875,-65.11617279052734,168.55125455235947,-196.48685917203304,-65.11136482150451,0.8698275307132303,0.35917826290814747,0.04844234226933377,3.6299565345695394e-05,18.505268953209736,44.080308087992634,1.5108893358522382,2.9873065316416105,nan
457.21000000000004,167.68270874023438,-196.4391326904297,-65.11673736572266,168.55063750670777,-196.49569636734847,-65.11200186578502,0.8697828569121524,0.3592270982637046,0.048461871361611855,3.7026625884438184e-05,18.39469400966029,42.889457988099906,nan,nan,nan
457.22,167.68215942382812,-196.44784545898438,-65.11729431152344,168.55006065518992,-196.50453224521164,-65.11191703031831,0.8697671264684937,0.3592760182848105,0.04848146292380685,3.62470986653421e-05,18.507493362098035,42.89546555682098,nan,0.33277647292204565,nan
457.23,167.68162536621094,-196.45654296875,-65.11783599853516,168.54946571279166,-196.51336987868,-65.11252636725766,0.8697151010703688,0.359325028134343,0.0485011171140135,3.697301245098603e-05,18.391212334094643,44.22106033019002,nan,nan,nan
457.24,167.6811065673828,-196.4652557373047,-65.11837005615234,168.54888581365338,-196.52220768110848,-65.11301390322086,0.8696625969507824,0.35937412307298544,0.048520834064818406,3.619664836676162e-05,18.342187783871452,43.103426631737676,nan,0.008252735305521402,nan
457.25,167.68060302734375,-196.47396850585938,-65.11888885498047,168.56172810001124,-196.53180753694468,-65.11375925718878,0.8830362733057324,0.3593063779893387,0.04851677666371067,3.689825337278792e-05,18.780860500101372,43.3396786399184,4.343411456705185,nan,nan
457.26,167.6800994873047,-196.48268127441406,-65.1194076538086,168.56115927418776,-196.54063959348704,-65.11519436054482,0.8829741030473854,0.35935526082093044,0.048536500349137715,3.612591932793144e-05,18.481035712368215,42.152265126225785,nan,0.48115186849227,nan
457.27,167.67959594726562,-196.4913787841797,-65.11990356445312,168.560633361837,-196.54947042542878,-65.1157761438203,0.8829601351469479,0.35940423311996844,0.04855628688507274,3.684885367993481e-05,18.37277391643075,43.621235612946144,nan,nan,nan
457.28000000000003,167.6791229248047,-196.50009155273438,-65.12039947509766,168.56014312761835,-196.5583004413729,-65.11566269808246,0.8829537414490316,0.3594532906694302,0.04857613640988717,3.607948315577894e-05,18.454365310194135,42.59677253467902,nan,0.3126472973024858,nan
457.29,167.67864990234375,-196.50880432128906,-65.12088012695312,168.55963695458806,-196.56713156202977,-65.11622021538366,0.8829280650258969,0.35950243785171043,0.04859604907309523,3.6801490286364834e-05,18.34537197637969,42.62866374915739,nan,nan,nan
457.3,167.6781768798828,-196.51751708984375,-65.12135314941406,168.55246213627584,-196.57609637030376,-65.11743525721452,0.8762542961519294,0.3594346544683585,0.04859191865010643,3.601288092807107e-05,17.80481848772486,42.062339103152745,1.1233579201228243,0.3385013679329979,nan
457.31,167.67771911621094,-196.52621459960938,-65.12181091308594,168.5519608424395,-196.58493358766543,-65.11798166111139,0.8762198232225356,0.3594835891938679,0.04861183728072663,3.673312759037206e-05,17.69948468465023,43.54118879905381,nan,nan,nan
457.32,167.67727661132812,-196.53492736816406,-65.12226867675781,168.55143597317095,-196.59377170340625,-65.11943933199773,0.8761422549331398,0.35953260930928205,0.048631819123701375,3.597033121248846e-05,17.44643539689274,41.83910993410406,nan,0.5645507454422625,nan
457.33,167.67684936523438,-196.54364013671875,-65.12271118164062,168.55095273534056,-196.60260925224972,-65.11997848148258,0.8760944731406807,0.35958171872815536,0.04865186432531571,3.6689790303355175e-05,17.3510139226531,42.29365791335212,nan,nan,nan
457.34000000000003,167.67642211914062,-196.55235290527344,-65.1231460571289,168.5504560370448,-196.61144735602664,-65.1211594549589,0.8760316149231834,0.35963091393450286,0.04867197302876055,3.59296567910556e-05,17.181643458104183,41.81551181825884,nan,0.2826542108813282,nan
457.35,167.67599487304688,-196.56106567382812,-65.12357330322266,168.5430455789434,-196.60610951203196,-65.12163955350026,0.8682220990874373,0.3595630959426654,0.04866776590419053,3.662554153511158e-05,18.542871490128817,41.087612291026446,14.582177321378278,nan,nan
457.36,167.67547607421875,-196.5697784423828,-65.12409210205078,168.54254326270478,-196.61489908795812,-65.12212161604384,0.8682426301566339,0.3596120785777861,0.04868787979162813,3.586890837916946e-05,18.47655239752589,41.2743715048986,nan,0.005499147282057349,nan
457.37,167.6748809814453,-196.57847595214844,-65.12471008300781,168.541944329883,-196.62368871198717,-65.12278785375244,0.8682434789974012,0.35966115020661443,0.0487080572550076,3.658607905646675e-05,18.394353319031442,42.23509752029672,nan,nan,nan
457.38,167.67417907714844,-196.58718872070312,-65.12541198730469,168.5412955417404,-196.632478266733,-65.12223492051383,0.8683042093065324,0.35971030773227675,0.048728298438709364,3.5831917747705606e-05,18.503015949795635,41.5314196379401,nan,1.1598164592757352,nan
457.39,167.6733856201172,-196.5959014892578,-65.12621307373047,168.5405124786179,-196.64126785665349,-65.12307417684649,0.8683184604150944,0.359759554441601,0.048748603487243414,3.65484817169057e-05,18.41916172476514,40.93186516001386,nan,nan,nan
457.40000000000003,167.67250061035156,-196.6046142578125,-65.1270980834961,168.53465445651295,-196.64551478991368,-65.1248085329323,0.8631264971131536,0.359691698047962,0.04874431596725132,3.577490954509002e-05,18.58708298762137,41.07028079267623,1.0482344231004652,0.47946418402035856,nan
457.41,167.67153930664062,-196.6133270263672,-65.1280746459961,168.5336863856187,-196.6542911754505,-65.12583755563728,0.8631226169402645,0.35974073185761163,0.04876462539808369,3.649003088061553e-05,18.505915412535188,41.1822931838994,nan,nan,nan
457.42,167.6704864501953,-196.62203979492188,-65.12914276123047,168.53259943949604,-196.663067272213,-65.12794510797141,0.8630895055480845,0.3597898516545154,0.048784998763326,3.574144657858368e-05,18.3375150508345,40.70819075925691,nan,0.6619202687168401,nan
457.43,167.66934204101562,-196.63075256347656,-65.13028717041016,168.53145535981204,-196.6718439756239,-65.12916159688629,0.8630927792040625,0.3598390603526804,0.04880543620791488,3.6456075892220674e-05,18.261193705972214,41.246582542571645,nan,nan,nan
457.44,167.66810607910156,-196.6394500732422,-65.13152313232422,168.5302526537885,-196.68062140054911,-65.1295301734607,0.8631313725741031,0.35988835541311326,0.048825937875623296,3.5709679508821396e-05,18.26534771927463,41.685711800336115,nan,0.5927763390182083,nan
457.45,167.6667938232422,-196.64816284179688,-65.13285064697266,168.5236626269682,-196.67952009717888,-65.13092752778205,0.857444530364118,0.3598204632399942,0.04882156626077991,3.640130478017639e-05,19.197694603060135,40.33945727611664,6.433754654503463,nan,nan
457.46000000000004,167.66539001464844,-196.65687561035156,-65.1342544555664,168.52225953778407,-196.6882638068113,-65.13252427852616,0.8574459703493077,0.359869545258762,0.04884207149164198,3.565791482519843e-05,19.110233495289147,40.60349770842535,nan,0.011529986183822886,nan
457.47,167.66390991210938,-196.66558837890625,-65.1357421875,168.5207765514573,-196.69700763575193,-65.13407655180774,0.8574440982771887,0.3599187159131522,0.04886264101311631,3.6370819457310384e-05,19.03263893828749,40.64593629232547,nan,nan,nan
457.48,167.66238403320312,-196.67430114746094,-65.13731384277344,168.51918192249528,-196.70574945765784,-65.13754087790333,0.8573748718353481,0.3599679729943274,0.04888327496732236,3.562944044177803e-05,18.887432520855697,40.200352117246645,nan,2.2764934059836928,nan
457.49,167.66085815429688,-196.68301391601562,-65.13896179199219,168.5176170146677,-196.7144927863354,-65.13927751897165,0.8573370187878631,0.360017318922259,0.048903973501646075,3.634199869022115e-05,18.81759076418943,40.549305596232266,nan,nan,nan
457.5,167.6593475341797,-196.6917266845703,-65.14069366455078,168.53069331093917,-196.73240437565013,-65.13925765122485,0.8722959356562684,0.3599493880913887,0.048899514085080246,3.558098416274402e-05,18.416433928891745,40.33845590895454,3.4317464524847616,2.189155313427262,nan
457.51,167.65786743164062,-196.70042419433594,-65.14250946044922,168.52916948977688,-196.74117073393373,-65.14113791820938,0.8722553743771244,0.3599985206670042,0.048920215347287695,3.629235574718095e-05,18.33682694767151,41.110612356545246,nan,nan,nan
457.52,167.65640258789062,-196.70913696289062,-65.14437866210938,168.52764701516915,-196.7499357122353,-65.14393124723537,0.8721992835310324,0.3600477397177647,0.048940981247745007,3.555563204781844e-05,18.21971395349343,40.24013702454947,nan,0.4853067862476729,nan
457.53000000000003,167.65496826171875,-196.7178497314453,-65.1462631225586,168.52617251915024,-196.75870167329626,-65.14592699659097,0.8721615975840755,0.3600970473728637,0.04896181193640297,3.62667495544654e-05,18.146376081432653,39.94217888201368,nan,nan,nan
457.54,167.65354919433594,-196.7265625,-65.14813232421875,168.52472335562098,-196.76746730595826,-65.14799496566522,0.8721339583507506,0.36014644185889944,0.04898270755158446,3.553177619934774e-05,18.073845390330174,39.69677303524233,nan,0.003562061092286284,nan
457.55,167.6521759033203,-196.73526000976562,-65.14997863769531,168.5206523292269,-196.7832999245503,-65.14998857368015,0.8698040790124568,0.36007847414756555,0.0489781566293189,3.622032286303235e-05,17.08279207005042,41.02236995986206,5.850326873086925,nan,nan
457.56,167.65081787109375,-196.7439727783203,-65.15178680419922,168.51924294928085,-196.79209278968088,-65.15206377950277,0.8697572814486425,0.36012765511549516,0.04899905411923521,3.5487907376019455e-05,17.015344625433535,40.144856524848436,nan,0.010382995796572241,nan
457.57,167.6494903564453,-196.752685546875,-65.15357208251953,168.51786351373954,-196.80088580844148,-65.1539865221369,0.8697099385912648,0.3601769244594032,0.04902001660197032,3.6197750104105246e-05,16.948441354917932,39.4667251582654,nan,nan,nan
457.58,167.648193359375,-196.7613983154297,-65.15531921386719,168.5165406546068,-196.80968125923536,-65.15459235443768,0.8696889076696215,0.3602262806607111,0.049041044212657446,3.5466925367725245e-05,16.889207752512064,39.74182892636486,nan,1.1338507674991465,nan
457.59000000000003,167.64691162109375,-196.7700958251953,-65.15702819824219,168.51521392024972,-196.81847422547378,-65.15643673367808,0.8696491833856796,0.36027572546705056,0.049062137105993324,3.6176628444114836e-05,16.81367256276202,40.56687915621549,nan,nan,nan
457.6,167.64566040039062,-196.77880859375,-65.15870666503906,168.46675480982134,-196.8216566033006,-65.15822687170227,0.8222117800922502,0.36020771870939494,0.04905749096060707,3.542591813289017e-05,15.331146708317513,39.84151737136028,29.624306286644977,0.0024531990581799883,nan
457.61,167.64443969726562,-196.7875213623047,-65.16035461425781,168.46538817666763,-196.83046249420084,-65.1600047869129,0.8220708418501167,0.3602569497014815,0.049078584860873395,3.61346360873876e-05,15.259552446080262,39.713939296105146,nan,nan,nan
457.62,167.6432342529297,-196.7962188720703,-65.1619644165039,168.46405237195427,-196.83926895292137,-65.16146831098987,0.821946433839221,0.36030626756387724,0.04909974408666226,3.5407636193513786e-05,15.19369603627516,40.67397586291813,nan,0.055014994153389264,nan
457.63,167.64205932617188,-196.804931640625,-65.16354370117188,168.4627345347316,-196.84807469592866,-65.1631799855513,0.8218085260293467,0.3603556738222848,0.04912096879625692,3.6116287249359164e-05,15.122694650395493,39.64095237224099,nan,nan,nan
457.64,167.64089965820312,-196.8136444091797,-65.16509246826172,168.46142962142923,-196.85687916065365,-65.16537165800084,0.8216682677539414,0.360405167290712,0.049142259119454045,3.539064468261302e-05,15.054189718991285,39.20577073207257,nan,0.18027784832425847,nan
457.65000000000003,167.6397705078125,-196.8223419189453,-65.16661071777344,168.4752528666138,-196.87458538328977,-65.16703744109847,0.8371142894059878,0.36033712260899237,0.049137514054112125,3.607704565206575e-05,14.709561910433784,40.31309025910736,3.0621135914475266,nan,nan
457.66,167.638671875,-196.8310546875,-65.16810607910156,168.47406561454233,-196.88341742614492,-65.16668548274407,0.8370343926977661,0.36038640207705797,0.04915880449872273,3.5353562934316104e-05,14.694751136240507,39.002311702573344,nan,2.7057810486974905,nan
457.67,167.6375732421875,-196.83975219726562,-65.16956329345703,168.47286072289717,-196.89224448956244,-65.16826245318005,0.8369362630250304,0.3604357697436691,0.04918016062468731,3.60612898707273e-05,14.617436761447884,39.76047955742647,nan,nan,nan
457.68,167.6365203857422,-196.8484649658203,-65.17098999023438,168.48376259053222,-196.8925452973697,-65.17013064159758,0.8483885711671652,0.35930354155499694,0.04861407573728801,3.5337585710369424e-05,21.998849144393514,46.89184838102186,nan,0.06496772884045993,0.12371210494699285
457.69,167.63546752929688,-196.857177734375,-65.17239379882812,168.482609256484,-196.90135074922836,-65.17165467729757,0.8482929373061382,0.35935148466016203,0.04863260287804245,3.604530089015889e-05,21.897285396879706,45.81922163432547,nan,nan,nan
457.7,167.6344451904297,-196.86587524414062,-65.17376708984375,168.48017436425428,-196.90744866677903,-65.17279266179125,0.8467509282179334,0.3592818784677008,0.04862869885497561,3.530297786829503e-05,22.18734213038139,47.04193398036008,0.9446039987043343,0.06311286530685344,nan
457.71000000000004,167.63345336914062,-196.8745880126953,-65.17510986328125,168.4790645727327,-196.91624393407477,-65.1742587011325,0.8466370225211217,0.3593296134580048,0.048647235143000976,3.600986446214521e-05,22.084582347405547,46.406296686819886,nan,nan,nan
457.72,167.63246154785156,-196.88330078125,-65.17642974853516,168.47802878371382,-196.92501631155918,-65.17469475616456,0.8465973931162606,0.35937743088140456,0.04866582934771186,3.5290772509425456e-05,22.05534996306901,45.52069049214203,nan,0.6995035851435998,nan
457.73,167.63150024414062,-196.89199829101562,-65.17771911621094,168.47695890549545,-196.93381106798017,-65.17609899393881,0.8464935210464152,0.3594253391735743,0.04868448306041694,3.59977373824359e-05,21.9459665864808,46.988910989107055,nan,nan,nan
457.74,167.63055419921875,-196.9007110595703,-65.17898559570312,168.47591352730788,-196.942603718875,-65.17738025498456,0.8463982311003191,0.35947333039475304,0.04870319500812959,3.527965529459284e-05,21.85201304891437,45.59499922253888,nan,0.0066616205033634395,nan
457.75,167.629638671875,-196.909423828125,-65.18022918701172,168.50475291387835,-196.96378031742938,-65.17869024343958,0.8768021058562254,0.3594037309994129,0.04869924465151411,3.596460257081467e-05,21.66012698967738,45.61260565042922,7.916214512107313,nan,nan
457.76,167.62872314453125,-196.91812133789062,-65.18144226074219,168.5037571891708,-196.97261189531628,-65.18058716941638,0.8767294516029479,0.3594515141571394,0.048717965223457664,3.524833214270945e-05,21.519881284007973,46.34531025695526,nan,0.2247000493077629,nan
457.77,167.62783813476562,-196.9268341064453,-65.1826400756836,168.5028086472436,-196.9814313115042,-65.18189802908245,0.8766725746476648,0.3594993876871767,0.048736745503512494,3.595464221518783e-05,21.42118662868614,45.007884440926794,nan,nan,nan
457.78000000000003,167.62696838378906,-196.935546875,-65.18380737304688,168.5019157215326,-196.99023475662855,-65.18242417964844,0.8766558740152949,0.3595473444518197,0.0487555843436259,3.5239260855581784e-05,21.367425977611845,45.293627794494085,nan,0.4039342913226762,nan
457.79,167.62611389160156,-196.94424438476562,-65.18495178222656,168.5010026207379,-196.99905425219907,-65.18368180682253,0.8766048270317601,0.35959539168539834,0.04877448315311925,3.594571372686477e-05,21.263472041244214,46.10857453876415,nan,nan,nan
457.8,167.6252899169922,-196.9529571533203,-65.18607330322266,168.48388733652362,-197.00137146274088,-65.18472613056639,0.8599623765356685,0.3595257910452893,0.04877048175989969,3.520994377100064e-05,21.245793325691412,45.41155458663678,2.269525214145758,0.026835567583055744,nan
457.81,167.6244659423828,-196.96165466308594,-65.18717193603516,168.48298292747137,-197.01017868738163,-65.18593828593828,0.8598880837131972,0.35957362986000735,0.04878938858188648,3.5915683305069534e-05,21.142958395659385,45.8627815368281,nan,nan,nan
457.82,167.6236572265625,-196.97036743164062,-65.18824768066406,168.4821263037847,-197.01897255100167,-65.1864652266751,0.8598457950801718,0.359621552185976,0.04880835428168692,3.520276005064415e-05,21.0998727387091,44.85452515210963,nan,0.30777379232690527,nan
457.83,167.6228790283203,-196.9790802001953,-65.1893081665039,168.48125455177066,-197.0277795535381,-65.18762897272319,0.8597575157952493,0.35966956452660065,0.04882738015193414,3.5908684462277935e-05,20.996699116466015,44.74465249881097,nan,nan,nan
457.84000000000003,167.62210083007812,-196.98777770996094,-65.19034576416016,168.48041803875762,-197.0365781694578,-65.18834941925607,0.8597057060154023,0.359717660839351,0.0488464652147839,3.519647480341268e-05,20.93899499004374,45.36172160426962,nan,0.12491959750294195,nan
457.85,167.62135314941406,-196.99649047851562,-65.19136047363281,168.4669026939973,-197.0464296949376,-65.18946067204614,0.8470251276838398,0.3596480653249373,0.048842410617272965,3.5880540348486755e-05,20.009566127419895,45.11443265493342,6.183121336192436,nan,nan
457.86,167.62060546875,-197.0052032470703,-65.19235229492188,168.46603580938586,-197.05525617074002,-65.19080208716606,0.8469121319119441,0.35969595322701675,0.04886150312349681,3.516984842276785e-05,19.887509859644766,44.68156244102374,nan,0.04086342478082577,nan
457.87,167.61988830566406,-197.013916015625,-65.19332885742188,168.46519482062445,-197.06407795881307,-65.19188498757654,0.8467947859658823,0.35974393071639865,0.048880656000789904,3.587531338057197e-05,19.786987762640642,44.738634811168076,nan,nan,nan
457.88,167.61917114257812,-197.02261352539062,-65.19428253173828,168.4643955711536,-197.07288815742268,-65.19232702147464,0.8467205544375854,0.35979199241326615,0.04889986837963025,3.5165233499005754e-05,19.74635143434738,45.486231583580484,nan,0.2707531275385498,nan
457.89,167.61846923828125,-197.0313262939453,-65.19522094726562,168.46358373379218,-197.08171002730708,-65.19336666291194,0.8466170737001606,0.35984014382796986,0.04891914139438871,3.58709291281578e-05,19.644646360107842,44.16208982992228,nan,nan,nan
457.90000000000003,167.6177978515625,-197.0400390625,-65.19613647460938,168.45470167068203,-197.0939231898674,-65.19537169966895,0.8386370409895495,0.3597705471796608,0.04891502911967057,3.5140233988780675e-05,18.610344408702595,45.080444969047036,6.250360325935684,0.7175709099882648,nan
457.91,167.61712646484375,-197.04873657226562,-65.19703674316406,168.45389317584227,-197.1027655771372,-65.19638526773636,0.8385094432520859,0.35981848985557097,0.04893430893006484,3.584529939939966e-05,18.514956161604076,45.41791290798351,nan,nan,nan
457.92,167.61647033691406,-197.0574493408203,-65.19791412353516,168.45312421337266,-197.111596783683,-65.19674030825296,0.8384050527066768,0.3598665169478279,0.0489536485436472,3.513714566166437e-05,18.454108780162635,44.669491574075074,nan,0.2881476230513725,nan
457.93,167.61582946777344,-197.066162109375,-65.19878387451172,168.4523421265322,-197.12043937081955,-65.19771349905507,0.8382723871613398,0.35991463336920687,0.04897304899482052,3.584247255201119e-05,18.358865150030915,44.02564496037751,nan,nan,nan
457.94,167.6151885986328,-197.0748748779297,-65.19962310791016,168.45148567353453,-197.12932004078334,-65.20087101833816,0.8380683925120753,0.3599628346357034,0.048992509560305084,3.513478329697267e-05,18.28432309857664,44.38578969981966,nan,3.393137760125238,nan
457.95,167.6145782470703,-197.0835723876953,-65.20045471191406,168.46252920148095,-197.140457209348,-65.20171869667041,0.8498578126238701,0.35989324152077184,0.04898833712178796,3.5818355488020044e-05,18.538207208872528,45.04634686457098,2.3635379185353287,nan,nan
457.96000000000004,167.6139678955078,-197.09228515625,-65.2012710571289,168.46188016372446,-197.1492682736436,-65.20078036484031,0.8498250002436458,0.3599412340169242,0.0490078038689649,3.511193908863698e-05,18.413979053918766,43.4548092405619,nan,2.48760978339716,nan
457.97,167.61337280273438,-197.1009979248047,-65.20206451416016,168.4611708067118,-197.15811106212402,-65.20169105624258,0.8497196628732262,0.35998931547776736,0.049027331654934135,3.5816944931709225e-05,18.324774735530806,43.85861637185774,nan,nan,nan
457.98,167.61279296875,-197.10971069335938,-65.20285034179688,168.46043908274842,-197.16696922204903,-65.20350866729048,0.8495780759157961,0.36003748195530694,0.04904691984810281,3.51109096065574e-05,18.247103454308593,43.39584540696494,nan,0.5963391932822851,nan
457.99,167.6122283935547,-197.118408203125,-65.20361328125,168.45975341014372,-197.17581276238982,-65.20439873946596,0.8494672177978595,0.360085737558793,0.04906656934855093,3.581620769375394e-05,18.163981212457852,44.885633203531754,nan,nan,nan
458.0,167.61166381835938,-197.1271209716797,-65.20436096191406,168.42187607122008,-197.1683315315561,-65.20284977221702,0.8112610483840899,0.3600161431712921,0.04906233247159441,3.508935564796199e-05,18.394525960553295,43.55969900980384,12.636562979683967,3.992156101182104,nan
458.01,167.61111450195312,-197.13583374023438,-65.2051010131836,168.4211566993367,-197.17714183165535,-65.20368681560018,0.8110959991971779,0.3600641897005633,0.04908198747110652,3.5794080964630376e-05,18.300218229137272,43.16312148128923,nan,nan,nan
458.02,167.61058044433594,-197.14454650878906,-65.20581817626953,168.4204167112885,-197.18596591538366,-65.20540522636871,0.810894886555556,0.3601123213944887,0.04910170316353769,3.508953214284439e-05,18.16425804945819,43.650013963242394,nan,0.562915833454444,nan
458.03000000000003,167.6100616455078,-197.1532440185547,-65.20652770996094,168.4197187437154,-197.19477639963407,-65.20622383734786,0.8107216832517988,0.3601605418843487,0.049121480365390435,3.57945715956521e-05,18.075072402320338,44.308649794104646,nan,nan,nan
458.04,167.6095428466797,-197.16195678710938,-65.20721435546875,168.41904541131453,-197.20358095819552,-65.2066167213917,0.8105722243794703,0.36020884793901714,0.04914131856766432,3.509028221829361e-05,17.99869861940119,43.413490406789215,nan,0.1195233059555046,nan
458.05,167.60903930664062,-197.17066955566406,-65.20789337158203,168.41638382357027,-197.21875777129725,-65.20740429197811,0.808775546550467,0.3601392555622347,0.04913701449579127,3.5773630447622565e-05,17.02203149363362,43.509638181681126,6.361611070312817,nan,nan
458.06,167.60853576660156,-197.17938232421875,-65.20855712890625,168.41573855114362,-197.22757910982375,-65.20704945547281,0.8086417863271016,0.3601873524753444,0.04915685753982377,3.5070414166038814e-05,16.997061121022625,43.260116011453334,nan,0.8987280272525359,nan
458.07,167.60806274414062,-197.18809509277344,-65.20921325683594,168.41506621872702,-197.23641682300607,-65.20780156279105,0.8084501162639942,0.3602355378756865,0.049176762294798136,3.577522598778963e-05,16.904217825914476,43.49244138178248,nan,nan,nan
458.08,167.60757446289062,-197.19680786132812,-65.20984649658203,168.41440180559658,-197.24525546401148,-65.20860183605078,0.8082815600541432,0.3602838089559856,0.04919672832740971,3.50722023198058e-05,16.8105856532221,43.16035016307297,nan,0.002562675045028239,nan
458.09000000000003,167.60711669921875,-197.20550537109375,-65.2104721069336,168.41374898006399,-197.25409347640655,-65.20933037985026,0.8080951330259376,0.3603321687118717,0.049216756342984516,3.5777347306369265e-05,16.718147237689333,44.46375092818055,nan,nan,nan
458.1,167.60665893554688,-197.21421813964844,-65.21109008789062,168.4228386972184,-197.27061830346275,-65.20802279313101,0.8181318904294125,0.36026257469856626,0.049212380968447815,3.505333354207231e-05,16.414425618763232,43.13072941331693,2.87035548094805,2.8414849409884653,nan
458.11,167.60621643066406,-197.22293090820312,-65.2116928100586,168.42221325664536,-197.27947871509585,-65.20870812130858,0.8179592794527545,0.36031072502979367,0.04923241310924865,3.5757943250190354e-05,16.313444987562978,43.427404102227186,nan,nan,nan
458.12,167.60577392578125,-197.2316436767578,-65.2122802734375,168.42152974064805,-197.28836923901338,-65.21165578604997,0.8177259497452134,0.3603589611355854,0.049252506797980974,3.505605052474608e-05,15.994540789395518,42.99577258207549,nan,3.6373558377794355,nan
458.13,167.6053466796875,-197.2403564453125,-65.21285247802734,168.4209222945365,-197.29723001893305,-65.21234173613873,0.8175563881286514,0.36040728563812113,0.049272662671863046,3.5761008437539166e-05,15.909829738805312,43.30645536631628,nan,nan,nan
458.14,167.60491943359375,-197.2490692138672,-65.21342468261719,168.4203549496949,-197.30607680437896,-65.21191420521106,0.8174272003286402,0.36045569629051993,0.04929288039774391,3.505921008340674e-05,15.88747915539812,42.30532688553748,nan,0.8557777735382806,nan
458.15000000000003,167.60450744628906,-197.25778198242188,-65.21397399902344,168.444731418706,-197.32566723630276,-65.21262790946227,0.842962954984189,0.36038610282306777,0.04928843074165158,3.5742510939555995e-05,15.715815940734618,43.068020214130804,5.697992614859258,nan,nan
458.16,167.60411071777344,-197.26649475097656,-65.21452331542969,168.4441560938801,-197.33456379457866,-65.21441366989383,0.8427986952038123,0.3604343039518183,0.04930865189371242,3.504162628347116e-05,15.585679391752542,42.483833591066606,nan,0.9169812175494574,nan
458.17,167.6037139892578,-197.27520751953125,-65.21504974365234,168.44362026826064,-197.3434464317534,-65.21505990689653,0.8426737843038292,0.3604825932166825,0.04932893543224564,3.574641544842812e-05,15.50631239113019,42.846387806841605,nan,nan,nan
458.18,167.6033172607422,-197.28390502929688,-65.215576171875,168.44313544857908,-197.35230974000908,-65.2140757970907,0.8426007620420026,0.3605309686978462,0.049349281084961755,3.504557306146899e-05,15.490455916530436,42.99724408540271,nan,1.8501350821347862,nan
458.19,167.60293579101562,-197.29261779785156,-65.2160873413086,168.4426156518186,-197.36119244862866,-65.21468689379682,0.8424765353530979,0.36057943252677904,0.049369689399475766,3.57507205752543e-05,15.402869723558936,42.33411766056789,nan,nan,nan
458.2,167.60256958007812,-197.30133056640625,-65.21658325195312,168.42070634059576,-197.36783241595495,-65.2156933850605,0.8208355783996997,0.3605098368588757,0.049365161491526866,3.50287433634955e-05,14.609267761828985,43.232851331980804,7.799768865691223,0.1672791056855251,nan
458.21000000000004,167.60220336914062,-197.31004333496094,-65.21707916259766,168.42015769667154,-197.37672356940732,-65.21628930791923,0.8206681177326102,0.3605580908981665,0.049385572482681286,3.573337805201852e-05,14.526685970617113,42.29279963088305,nan,nan,nan
458.22,167.60183715820312,-197.31875610351562,-65.21755981445312,168.41963420392847,-197.38560686916156,-65.21615510044373,0.8205260544833382,0.360606431202751,0.04940604584360718,3.50333855490598e-05,14.488835765596608,42.299626554382336,nan,0.36655431838970476,nan
458.23,167.6014862060547,-197.3274688720703,-65.21803283691406,168.41910030413732,-197.39449834080287,-65.21672609361947,0.8203581355969339,0.3606548596197142,0.049426582067926716,3.573838853378347e-05,14.40360176596405,42.345886225186675,nan,nan,nan
458.24,167.6011505126953,-197.336181640625,-65.21849060058594,168.41858329832263,-197.40338539315565,-65.21686782166935,0.8201922559888317,0.3607033746562179,0.04944718096294094,3.5038360584780194e-05,14.354317285564075,42.884434221912066,nan,0.12470688433281066,nan
458.25,167.60079956054688,-197.3448944091797,-65.21894836425781,168.39700704701738,-197.40759607866082,-65.21742739843272,0.7986740099718063,0.36063377811413133,0.04944257164642877,3.5721720483283845e-05,13.894234747718414,41.913203333164496,4.805362992134682,nan,nan
458.26,167.60047912597656,-197.35360717773438,-65.21939086914062,168.3964483466877,-197.41648901136156,-65.21824083380713,0.7984500284307512,0.3606820832344871,0.049463172479030384,3.502248201769975e-05,13.791281920004671,42.97568551248472,nan,0.051962923887709025,nan
458.27,167.60015869140625,-197.36231994628906,-65.2198257446289,168.39590239814402,-197.42537930777186,-65.21877739362772,0.7982390800525876,0.36073047624699,0.049483836375454865,3.572734950380749e-05,13.708978657342177,42.53943724511878,nan,nan,nan
458.28000000000003,167.59983825683594,-197.37103271484375,-65.22025299072266,168.39538159394857,-197.4342611832969,-65.21844950676072,0.7980540664651976,0.3607789559044147,0.04950456319054365,3.502803623630593e-05,13.696432782317183,42.22528126871344,nan,0.5173171327939774,nan
458.29,167.59942626953125,-197.37974548339844,-65.22077178955078,168.39479771544555,-197.44315172732868,-65.2190135841628,0.7978967226598505,0.36082752368518123,0.04952535334776568,3.57332756777045e-05,13.617746600648395,42.460629803250185,nan,nan,nan
458.3,167.59890747070312,-197.38845825195312,-65.22138977050781,168.4325314582638,-197.4668540637447,-65.22189025050444,0.8373022790027894,0.3607579242039612,0.049520658763395536,3.501271036636147e-05,13.5458510738947,41.33688725109145,12.6278227919838,3.3355328645471154,nan
458.31,167.5983123779297,-197.3971710205078,-65.22209167480469,168.43182053605665,-197.4757713924479,-65.22266508215118,0.8372061854342125,0.3608062818160594,0.049541450076502486,3.571744851226715e-05,13.476292306321854,42.279208904216695,nan,nan,nan
458.32,167.59762573242188,-197.4058837890625,-65.22289276123047,168.43098932876697,-197.48470142322608,-65.22491314077153,0.8370849330276255,0.3608547260839943,0.049562304550023126,3.5018768400137134e-05,13.512344068769966,41.83009548769933,nan,1.3446969525746322,nan
458.33,167.59683227539062,-197.4145965576172,-65.2237777709961,168.430093810507,-197.4936188329875,-65.22588568431617,0.8370028370368696,0.3609032582758214,0.04958322256591222,3.572388481449173e-05,13.449836176534118,41.61062150540374,nan,nan,nan
458.34000000000003,167.59596252441406,-197.42330932617188,-65.2247543334961,168.42908931784012,-197.50254477282786,-65.22791225568653,0.8368921569734805,0.3609518774603447,0.049604204040353365,3.502506974077131e-05,13.539618671797056,41.95338320616624,nan,0.654682900581906,nan
458.35,167.59500122070312,-197.43202209472656,-65.22581481933594,168.41155509198165,-197.51728135213145,-65.22911519583036,0.8209995482082741,0.360882275716741,0.04959942089439963,3.5708543940350394e-05,12.256916919639028,43.052502535901134,16.842690502516437,nan,nan
458.36,167.5939483642578,-197.44073486328125,-65.22696685791016,168.41029806525458,-197.52625497564804,-65.23300577212635,0.8208392001005134,0.36093068458251665,0.04962040274746856,3.501042404446628e-05,12.924705248353444,43.27801170041339,nan,4.916365738057846,nan
458.37,167.59283447265625,-197.44944763183594,-65.22820281982422,168.40901198345236,-197.5352065936672,-65.23437058069491,0.8206938344704842,0.36097918118501016,0.04964144834164008,3.571541993888989e-05,12.879051657003105,43.474512258195176,nan,nan,nan
458.38,167.59169006347656,-197.4581756591797,-65.22953033447266,168.40773494417172,-197.54413354357567,-65.23276848005922,0.8205659576081921,0.36102776477179466,0.04966255762904036,3.501713647813789e-05,12.045589040675681,40.76888600679054,nan,6.576030114121402,nan
458.39,167.59054565429688,-197.46688842773438,-65.2309341430664,168.40639446306866,-197.55308496246067,-65.23427447355415,0.8203964158752389,0.3610764363424652,0.04968373093846444,3.572250977721708e-05,11.989297626438361,42.18123552798471,nan,nan,nan
458.40000000000003,167.5894317626953,-197.47560119628906,-65.232421875,168.38549910777922,-197.56286166559525,-65.23520974176873,0.8008404208165352,0.36100683077055806,0.04967885545990673,3.500288227424739e-05,11.030253928187593,43.4363463141199,9.67949920524514,0.2787852793963992,nan
458.41,167.58831787109375,-197.48431396484375,-65.23399353027344,168.38413490137575,-197.57183026530606,-65.23687703483877,0.8006198618146079,0.36105529177999923,0.049700028334916976,3.570775823259257e-05,10.973025062499442,42.61580989849144,nan,nan,nan
458.42,167.58721923828125,-197.49302673339844,-65.23564147949219,168.38278152794655,-197.58080222722182,-65.23909227068074,0.8003972776148469,0.36110383975360844,0.04972126513200981,3.5009945360210256e-05,11.012805466700813,42.731251079209855,nan,0.15276413232616826,nan
458.43,167.58615112304688,-197.50173950195312,-65.23737335205078,168.38145535606932,-197.58977051163453,-65.24092852063832,0.8001693076797177,0.36115247554057645,0.0497425661491656,3.5715202575793914e-05,10.959094067370504,42.727385063992045,nan,nan,nan
458.44,167.58509826660156,-197.5104522705078,-65.23918914794922,168.38014069640593,-197.5987427465057,-65.24343882650625,0.7999410810234758,0.36120119861457917,0.0497639313841525,3.50171806143467e-05,11.054093890271439,42.29591090005928,nan,0.2483253894744771,nan
458.45,167.58407592773438,-197.51914978027344,-65.24105834960938,168.3827749791803,-197.61645618629208,-65.2453755368978,0.8046162747167046,0.36113158941172935,0.04975896017866933,3.57007887436684e-05,10.379109823610172,44.64862313531954,5.412495982776011,nan,nan
458.46000000000004,167.58306884765625,-197.52786254882812,-65.2429428100586,168.38149496428102,-197.62545795401203,-65.24816277694991,0.8043857127497138,0.3611801017544865,0.0497803241656152,3.500339245282784e-05,10.570308268053859,43.13529784538176,nan,0.4061704789653322,nan
458.47,167.5820770263672,-197.5365753173828,-65.24481201171875,168.3802459294124,-197.63445451623002,-65.25019897240387,0.8041659994682747,0.3612287017497249,0.04980175256882038,3.5708531774430836e-05,10.539963376084293,42.93055170884257,nan,nan,nan
458.48,167.58111572265625,-197.5452880859375,-65.24665069580078,168.379014960948,-197.64345170579563,-65.25235727655613,0.8039352310939873,0.3612773889964545,0.04982324541220214,3.501090663282548e-05,10.592936241710472,43.57065353459916,nan,0.013871804727895714,nan
458.49,167.5801544189453,-197.5540008544922,-65.24846649169922,168.3778053833871,-197.65244779815765,-65.25434995748793,0.8037247519901899,0.3613261641555513,0.04984480295497718,3.571642338178594e-05,10.568562289869131,42.27877154104885,nan,nan,nan
458.5,167.5792236328125,-197.56271362304688,-65.250244140625,168.3701119763138,-197.66004584612438,-65.25498416191141,0.7968691243468071,0.361256550107428,0.049839732321160055,3.4997384439396316e-05,10.09087408069636,42.780018523213485,1.6439847629536768,1.5739333262433475,nan
458.51,167.5783233642578,-197.57142639160156,-65.25199127197266,168.3689280418702,-197.66904144267812,-65.25690196331223,0.7966232292299071,0.3613051142997162,0.0498612877723446,3.570240287082274e-05,10.061009882491767,42.88294135017428,nan,nan,nan
458.52,167.57742309570312,-197.58013916015625,-65.25370788574219,168.36774575457503,-197.6780446500307,-65.26016316392177,0.7963900179499255,0.3613537656986888,0.0498829078806252,3.500513020833848e-05,10.513712858191326,42.329151299324295,nan,1.3372913877651327,nan
458.53000000000003,167.5765380859375,-197.58885192871094,-65.25538635253906,168.3665981050017,-197.687039773783,-65.26202863063558,0.7961656903571973,0.3614025048620931,0.049904592883299397,3.57105283743747e-05,10.497004405851328,42.334505071930906,nan,nan,nan
458.54,167.57568359375,-197.59756469726562,-65.25702667236328,168.365471836741,-197.69603313775806,-65.2635400642607,0.7959295991567495,0.36145133154409387,0.049926342836831436,3.501299322582935e-05,10.411386686265079,42.88906148300484,nan,0.07288549731872594,nan
458.55,167.57484436035156,-197.6062774658203,-65.2586441040039,168.347751889268,-197.69114147771452,-65.26528946677804,0.777580934447927,0.36138171250529844,0.049921169311568266,3.5696731583394876e-05,10.991870519085312,41.663230289963664,7.930940901895057,nan,nan
458.56,167.5740203857422,-197.61497497558594,-65.26022338867188,168.34665047112605,-197.70009343369944,-65.26608818580125,0.7773266987549502,0.36143032803379194,0.04994291632534651,3.4999772639729934e-05,10.674071859105075,42.612304897026725,nan,0.6595531486688212,nan
458.57,167.57321166992188,-197.62368774414062,-65.26177215576172,168.34555517785293,-197.7090501953209,-65.2678128442234,0.7770699661110609,0.36147903118611774,0.049964728426347145,3.5705047793591626e-05,10.651631049693009,41.273204415590946,nan,nan,nan
458.58,167.57241821289062,-197.6324005126953,-65.26329040527344,168.3444993137461,-197.71799565848926,-65.26718448837836,0.7768210341931495,0.3615278218002423,0.04998660568916898,3.50078136829308e-05,10.001543431407576,40.46357582921799,nan,3.8078638926101758,nan
458.59000000000003,167.57164001464844,-197.64111328125,-65.26477813720703,168.34343580385462,-197.72695233461238,-65.26882618423747,0.7765651743435966,0.3615767003079258,0.05000854832416326,3.571346297027411e-05,9.96639067220988,40.36945912923556,nan,nan,nan
458.6,167.5708770751953,-197.6498260498047,-65.2662353515625,168.32132415192333,-197.72128054668198,-65.26872347048007,0.7538453096155534,0.3615070752997956,0.050003268261135034,3.499476423704515e-05,10.161932980345474,39.73525414545931,7.948889748231857,2.0275300165312724,nan
458.61,167.57012939453125,-197.65853881835938,-65.26766204833984,168.3202666632087,-197.7301993705796,-65.27029041995931,0.7535569420692532,0.36155574242259597,0.05002520708317922,3.569991131698618e-05,10.117477644715446,39.68688957748706,nan,nan,nan
458.62,167.5694122314453,-197.66725158691406,-65.2690658569336,168.31922239195958,-197.73911906373345,-65.27205174928211,0.753252365803083,0.3616044969432587,0.05004721127296091,3.500294712260796e-05,10.117447798659963,39.894998583553466,nan,0.03484879800000495,nan
458.63,167.56869506835938,-197.6759490966797,-65.27043914794922,168.31819503902025,-197.74803768371567,-65.27356592951972,0.7529653027626775,0.36165333922660614,0.05006928102607332,3.570846978681739e-05,10.074893540494001,40.41145893923691,nan,nan,nan
458.64,167.5679931640625,-197.68466186523438,-65.27178192138672,168.3171862321868,-197.7569541465926,-65.27455483990423,0.7526779632396452,0.3617022692114081,0.050091416439087245,3.501120618942115e-05,9.960730875006382,39.3385787176646,nan,0.17539609823717311,nan
458.65000000000003,167.56729125976562,-197.69337463378906,-65.27310180664062,168.34410808431315,-197.77508697746276,-65.2759218065026,0.7811076996214854,0.3616326378526428,0.05008602633360225,3.569505716886502e-05,10.102012557424558,38.00842949060504,7.0170071962931155,nan,nan
458.66,167.56661987304688,-197.70208740234375,-65.2743911743164,168.34318483170432,-197.78401181138477,-65.27543308852593,0.7808750408334106,0.36168135625201625,0.05010815705277611,3.499833607641746e-05,9.85090687704849,38.495271177356926,nan,2.597198867246761,nan
458.67,167.5659637451172,-197.71080017089844,-65.2756576538086,168.3422605898318,-197.79294377263403,-65.27681804098502,0.7806316089669642,0.36173016228855964,0.05013035352396666,3.570372632996638e-05,9.79858716876265,38.304647939627024,nan,nan,nan
458.68,167.5653076171875,-197.71951293945312,-65.27690124511719,168.28189687851244,-197.74765262394902,-65.27942166091132,0.7171459849887809,0.3575005092821636,0.04659211198881,3.5005296389329544e-05,16.53825455644294,44.38115672013818,nan,1.0319911531823593,0.825894563846842
458.69,167.56468200683594,-197.72821044921875,-65.27811431884766,168.28101437883015,-197.75652679687403,-65.28077044267722,0.7168967413129925,0.35755167836202795,0.04660685048361081,3.571102387547669e-05,16.459892878756147,46.25568276256582,nan,nan,nan
458.7,167.56405639648438,-197.73692321777344,-65.27931213378906,168.25895397525176,-197.75318302118544,-65.28041172432043,0.6950886528228633,0.357485072269359,0.046603714768199564,3.4992576549571926e-05,16.795449283617845,44.01282935617924,8.788668669814271,2.143648830694934,nan
458.71000000000004,167.56344604492188,-197.74563598632812,-65.28047943115234,168.25806419152482,-197.76202277136696,-65.28169735621438,0.6948124780510789,0.3575360190172103,0.04661848117919739,3.569779819597113e-05,16.711368440544867,44.33482464034736,nan,nan,nan
458.72,167.56285095214844,-197.7543487548828,-65.28162384033203,168.25724134993467,-197.77092013680834,-65.28384857923122,0.6945916676003382,0.35758704745406916,0.046633299724851536,3.500106290788725e-05,16.720394975746846,44.45231299398622,nan,0.5567533498488513,nan
458.73,167.56227111816406,-197.7630615234375,-65.28274536132812,168.25637592593185,-197.77976025873625,-65.28509893047979,0.6943096364120872,0.3576381684420897,0.046648182407310716,3.5706656334936093e-05,16.643505511278477,44.48236765289762,nan,nan,nan
458.74,167.5616912841797,-197.7717742919922,-65.28384399414062,168.2554095590054,-197.78848261294718,-65.28447423405241,0.6939197432114358,0.35768937153337327,0.04666311773589557,3.5009595253214886e-05,16.410128011717717,43.81369608301921,nan,2.4246477298255362,nan
458.75,167.56112670898438,-197.78048706054688,-65.28491973876953,168.2559040410309,-197.79714365382551,-65.2855599088029,0.6949772608100299,0.3576226764761224,0.046660006446036816,3.5693507754820345e-05,16.44140270036609,43.801337388173096,0.557141199881612,nan,nan
458.76,167.56057739257812,-197.7891845703125,-65.28598022460938,168.25510539106517,-197.80601210349235,-65.28721985687578,0.6947329294365555,0.3576736571172061,0.04667496943525694,3.499696524899886e-05,16.38265404401149,44.593295371182535,nan,0.17194837581018665,nan
458.77,167.56004333496094,-197.7978973388672,-65.28701782226562,168.25428827430025,-197.8148499073944,-65.28837102231756,0.6944532068673147,0.3577247299579761,0.04668999637324733,3.570241814044872e-05,16.301108888536337,43.68900960004777,nan,nan,nan
458.78000000000003,167.55950927734375,-197.80661010742188,-65.28803253173828,168.25351634217205,-197.8237229806248,-65.29008046228068,0.6942210386327657,0.35777588506771174,0.0467050766786195,3.5005546837638676e-05,16.281671707887856,43.36528013421379,nan,0.23596339697989105,nan
458.79,167.55899047851562,-197.81532287597656,-65.28902435302734,168.25272097053713,-197.8325610578171,-65.29119815840251,0.6939480354488875,0.3578271325377613,0.0467202210080164,3.571136458969937e-05,16.206389075758185,43.58992042276612,nan,nan,nan
458.8,167.55848693847656,-197.82403564453125,-65.29000091552734,168.27385404898956,-197.84899183566392,-65.29337502281687,0.7158102394347058,0.35776033844037375,0.04671711915996874,3.4992968813633145e-05,16.437228443094153,43.34510010680525,4.36500164581183,0.7067263818579873,nan
458.81,167.5579833984375,-197.83274841308594,-65.29095458984375,168.2731160019872,-197.8578424393677,-65.29446671221622,0.7155813621233912,0.3578113630780634,0.04673229039722506,3.569827473144778e-05,16.37072986983475,43.03951908899348,nan,nan,nan
458.82,167.5574951171875,-197.84146118164062,-65.2918930053711,168.2723574677034,-197.86666177793188,-65.2950051118574,0.7153131729846134,0.35786247015354916,0.0467475156999919,3.5001579882547734e-05,16.215357229086536,42.83349635909346,nan,0.20207698783908887,nan
458.83,167.5570068359375,-197.8501739501953,-65.29280853271484,168.27163968569496,-197.87551239642437,-65.29605514861375,0.7150892862605147,0.35791366923080575,0.04676280486212097,3.5707251625152994e-05,16.148206590805476,42.60619126489829,nan,nan,nan
458.84000000000003,167.55654907226562,-197.85887145996094,-65.29370880126953,168.2710315322437,-197.8844639035275,-65.29884937400274,0.7149591486735939,0.35796495116525967,0.04677814857980138,3.5010216352427305e-05,16.51954862897662,44.59306228081354,nan,2.19034828667481,nan
458.85,167.55609130859375,-197.86758422851562,-65.29458618164062,168.28419749918532,-197.89499345567535,-65.29989020085192,0.7286412170136011,0.3578980679588011,0.04677506242129263,3.5694197093411105e-05,16.958654190047827,43.05728350313213,2.708884165771591,nan,nan
458.86,167.55563354492188,-197.8762969970703,-65.29544830322266,168.28357980332686,-197.9038860299815,-65.30175710440481,0.7284961982297133,0.357949126944526,0.04679043271716927,3.499766770661545e-05,17.22307329479376,42.86002137537099,nan,0.5107817082233764,nan
458.87,167.55519104003906,-197.885009765625,-65.29629516601562,168.28292352088675,-197.91273127965948,-65.30276569766434,0.7282890317730436,0.3580002775717968,0.04680586672401358,3.570318710588364e-05,17.173854051691087,42.88892952945353,nan,nan,nan
458.88,167.5547637939453,-197.8937225341797,-65.29712677001953,168.28239945264664,-197.92169877955118,-65.30599421044573,0.7282272678350612,0.3580515112257739,0.04682135595065204,3.500631736107302e-05,18.162822758707232,43.97243601148547,nan,3.5289986394828836,nan
458.89,167.55433654785156,-197.90243530273438,-65.29794311523438,168.28176052952054,-197.9305444347245,-65.3069932359253,0.7280231295040753,0.35810283667982507,0.046836908986355556,3.57121958191561e-05,18.126222320489248,43.545264322992935,nan,nan,nan
458.90000000000003,167.55392456054688,-197.91114807128906,-65.29873657226562,168.29962224173676,-197.95295075318495,-65.30878463894653,0.7469360478579665,0.35803585558329093,0.046833825577165394,3.499378830536551e-05,17.851182204136943,44.817820010370355,11.558553062410876,0.3931035485830064,nan
458.91,167.5535125732422,-197.91986083984375,-65.29951477050781,168.29902718824417,-197.9618387251666,-65.30976208615753,0.7467658210682602,0.3580869577029975,0.04684940441720882,3.569914923980619e-05,17.824709872771738,44.43656007462233,nan,nan,nan
458.92,167.55311584472656,-197.92857360839844,-65.30028533935547,168.29842319487443,-197.97071023974206,-65.31040655287525,0.7465661262396914,0.35813814301649516,0.04686503911598768,3.50024372067891e-05,17.727164503140884,44.157253933710834,nan,0.07161341965893868,nan
458.93,167.55271911621094,-197.93728637695312,-65.30103302001953,168.2978443071874,-197.9795984910878,-65.31135197604115,0.7463969092136158,0.35818941977136404,0.04688073750249073,3.570815836811886e-05,17.700597051210014,44.154507931513265,nan,nan,nan
458.94,167.55233764648438,-197.9459991455078,-65.30176544189453,168.29735197803106,-197.98856309844246,-65.31377871948543,0.7463259094643919,0.35824078013755933,0.046896492213242824,3.501109822649682e-05,18.758827726721904,45.440574654208184,nan,1.5779388138017945,nan
458.95,167.5519561767578,-197.9547119140625,-65.302490234375,168.30247741723227,-197.99001906830674,-65.3146493973829,0.751449647540801,0.35817370975635293,0.04689341569833112,3.569512047140689e-05,19.906429231181924,44.15418179752592,12.174928492711578,nan,nan
458.96000000000004,167.5515899658203,-197.9634246826172,-65.30319213867188,168.30186700377345,-197.99880394104403,-65.31424158774303,0.7511919967167825,0.3582248466672106,0.04690919580887757,3.4998559920393165e-05,19.17149959212752,43.977065503025614,nan,1.2414948993402901,nan
458.97,167.55123901367188,-197.97213745117188,-65.30388641357422,168.30133251552857,-198.00765455391277,-65.31513315475031,0.751018119156809,0.3582760746639985,0.04692503950359168,3.570411796681318e-05,19.144284703258165,43.849940863528985,nan,nan,nan
458.98,167.55087280273438,-197.98085021972656,-65.3045654296875,168.30069797756025,-198.01640319636581,-65.31390464638257,0.75072566755043,0.3583273864326689,0.04694094012548528,3.500721151158346e-05,18.013048461427488,42.02248131943481,nan,3.133716281948725,nan
458.99,167.550537109375,-197.98956298828125,-65.30522918701172,168.30017766042002,-198.0252538412813,-65.3147495537991,0.7505500850327831,0.35837878944994866,0.046956904454734015,3.571312342688469e-05,17.97872304301872,42.7605280370545,nan,nan,nan
459.0,167.55018615722656,-197.99827575683594,-65.30587768554688,168.3238571631707,-198.0548556726831,-65.31531569350517,0.7757945529004981,0.35831162229827995,0.046953823698932674,3.499467304255987e-05,16.563788085672364,42.674765447978196,28.318401452663352,0.0767629243249501,nan
459.01,167.54986572265625,-198.00698852539062,-65.3065185546875,168.3233847800034,-198.06377427036708,-65.31613416261447,0.7756602431655063,0.35836280147774013,0.046969812636440386,3.570006246437881e-05,16.52886139775899,43.06556168142354,nan,nan,nan
459.02,167.54953002929688,-198.0157012939453,-65.30714416503906,168.32282864962443,-198.0726082764559,-65.31509971679827,0.7754304944111677,0.3584140645831651,0.04698585907817916,3.500330564497563e-05,15.669056537632933,41.58114528885909,nan,2.3925383812318213,nan
459.03000000000003,167.54920959472656,-198.0244140625,-65.30775451660156,168.32236952671127,-198.08152690515834,-65.31587618674516,0.7753090472508596,0.3584654185896039,0.04700196915201523,3.5709050430837796e-05,15.630138625259555,41.87336435493839,nan,nan,nan
459.04,167.5489044189453,-198.0331268310547,-65.30835723876953,168.321920685814,-198.090449208909,-65.31671775670397,0.7751837860189144,0.35851685693253493,0.047018137169963115,3.50119425895636e-05,15.701369123154606,41.995276290597694,nan,0.00411113966001291,nan
459.05,167.548583984375,-198.04183959960938,-65.30894470214844,168.35624863489903,-198.1215238920688,-65.31754854001959,0.8116315667819852,0.3584496003237981,0.0470150544874843,3.569598282968929e-05,14.766834914573954,42.1895813659073,26.901726577166375,nan,nan
459.06,167.5482940673828,-198.05055236816406,-65.30952453613281,168.35587815929406,-198.13052139288212,-65.31863997043585,0.8115849934326111,0.3585008146987003,0.04703124663543075,3.4999372595367965e-05,14.990789042484566,42.86845410239373,nan,0.0844445763156617,nan
459.07,167.54798889160156,-198.05926513671875,-65.31008911132812,168.35549741989183,-198.139503819222,-65.31937837149367,0.8115383908268291,0.35855211963377354,0.04704750235808224,3.570494514431936e-05,14.958468269113048,42.30544731190955,nan,nan,nan
459.08,167.54769897460938,-198.06797790527344,-65.3106460571289,168.35519779994732,-198.14855474404752,-65.3217227377751,0.8115846676244703,0.35860350904784144,0.04706381656587588,3.500798749753284e-05,15.971451913350359,43.3458902567622,nan,1.8442828317271587,nan
459.09000000000003,167.54742431640625,-198.07669067382812,-65.31118774414062,168.35482892115596,-198.15753707107086,-65.3224564222925,0.8115203748677237,0.3586549891933492,0.047080194497091984,3.571390958920878e-05,15.947355005028205,43.67637778065485,nan,nan,nan
459.1,167.54714965820312,-198.0854034423828,-65.31172180175781,168.3648935107042,-198.17131618913808,-65.32324163346772,0.8223251880375366,0.3585876368809288,0.047077100304249365,3.4995406862501575e-05,16.05790484518472,43.58432864077947,1.259223164032395,0.0061809486449920445,nan
459.11,167.546875,-198.0941162109375,-65.31224060058594,168.36455301637096,-198.1803095511484,-65.3239557990642,0.8222918437078471,0.35863889268380067,0.04709350155781154,3.570080241479526e-05,16.036626984653907,43.515063801467946,nan,nan,nan
459.12,167.54660034179688,-198.1028289794922,-65.31275177001953,168.3642548028222,-198.1893359209897,-65.3254842602069,0.8223164748855635,0.3586902330990018,0.04710996181231201,3.500399332045961e-05,16.750799698898007,43.89183555978725,nan,0.4790480264383043,nan
459.13,167.5463409423828,-198.11154174804688,-65.3132553100586,168.36392515757547,-198.19832923995463,-65.32618798579215,0.8222793149444139,0.35874166391690987,0.047126485760504745,3.5709740289881174e-05,16.730280521187893,43.96709010807859,nan,nan,nan
459.14,167.54608154296875,-198.12026977539062,-65.3137435913086,168.363588551403,-198.2073116539679,-65.3265996076058,0.8222282375474786,0.3587931797472164,0.04714306912432038,3.5012580333291916e-05,16.696419949687957,42.78487330081046,nan,0.05647051768049732,nan
459.15000000000003,167.54583740234375,-198.1289825439453,-65.3142318725586,168.33825038689085,-198.20852970215648,-65.32718186067514,0.7965009671372233,0.35872573783358697,0.04713996418196939,3.5696619288142684e-05,16.419548455738983,43.766553868617535,5.71488997711686,nan,nan
459.16,167.54559326171875,-198.1376953125,-65.314697265625,168.33785428735757,-198.21747810965024,-65.32692009342448,0.7963618681144972,0.35877702917888493,0.04715657031878893,3.499995765885678e-05,15.918336597006297,43.518653373560056,nan,0.6157933794446622,nan
459.17,167.54534912109375,-198.1464080810547,-65.3151626586914,168.33750308070896,-198.22646181588652,-65.32757442065582,0.7962854689303557,0.3588284106071222,0.04717324013644898,3.57055251759229e-05,15.89320840827926,42.9371866837693,nan,nan,nan
459.18,167.54510498046875,-198.15512084960938,-65.31561279296875,168.3372171451974,-198.23549849024883,-65.32966185572448,0.79630372521431,0.3588798771663484,0.04718996985106652,3.5008517139762634e-05,17.146125561911443,44.20441280913123,nan,1.4660485978960884,nan
459.19,167.5448760986328,-198.16383361816406,-65.3160629272461,168.33687534698464,-198.2444823939925,-65.33031423329551,0.7962224150051311,0.3589314339912131,0.04720676341984811,3.5714430828409356e-05,17.12436160566532,44.10157347897904,nan,nan,nan
459.2,167.54464721679688,-198.17254638671875,-65.31649780273438,168.32759593907457,-198.25607370625093,-65.33141260058781,0.7875328348834191,0.35886389737361324,0.047203639443758154,3.499587984998562e-05,17.150232120900277,45.209576161376106,4.059623874892692,0.1656747640365124,nan
459.21000000000004,167.54443359375,-198.18125915527344,-65.31692504882812,168.32724600518046,-198.26507694203286,-65.33205330190438,0.7874322554403984,0.35891522934983533,0.04722045496196078,3.5701263932295814e-05,17.134829357543946,45.41546193652706,nan,nan,nan
459.22,167.54420471191406,-198.1899871826172,-65.31733703613281,168.32690514026277,-198.2740842575949,-65.33280325668218,0.7873572775653583,0.3589666465649256,0.047237330834735816,3.500440756316786e-05,17.491026995630698,44.19688688738673,nan,0.009605427343190835,nan
459.23,167.5438995361328,-198.19869995117188,-65.31785583496094,168.32651334265768,-198.28308756534264,-65.33348175921205,0.7873054103062376,0.3590181537405011,0.04725427057449364,3.571014007347883e-05,17.428169624881566,45.41961346033586,nan,nan,nan
459.24,167.54348754882812,-198.20741271972656,-65.3184585571289,168.32593153252603,-198.29201107666034,-65.3318650305302,0.7871182904430557,0.35906974654254775,0.04727127105986364,3.501293479273748e-05,15.657937552648097,43.52874735053783,nan,4.030548625548055,nan
459.25,167.54298400878906,-198.21612548828125,-65.31915283203125,168.29449209486864,-198.2917833660724,-65.33284472088123,0.7554309933641432,0.3590021202246313,0.04726812752585995,3.5696957707113665e-05,15.461734613327488,43.94271263656126,8.837589357418832,nan,nan
459.26,167.54238891601562,-198.22483825683594,-65.3199462890625,168.2937372254957,-198.3007535185091,-65.33310037937514,0.7552883152845886,0.35905348802193315,0.04728514934388031,3.50002529812802e-05,15.088309862372281,43.317354721398296,nan,0.32899846386968246,nan
459.27,167.5417022705078,-198.23355102539062,-65.3208236694336,168.2929194765166,-198.30974580540644,-65.33412354428526,0.7551886001366676,0.359104945484683,0.047302235056861125,3.5705800740080685e-05,15.03367693218978,43.1814837004523,nan,nan,nan
459.28000000000003,167.54098510742188,-198.24227905273438,-65.32179260253906,168.29208528822804,-198.31877443091028,-65.33639729172612,0.7551266923077046,0.35915648866543604,0.04731938194124036,3.5008751994044957e-05,16.10812975110643,43.13014427605799,nan,0.9497064035757251,nan
459.29,167.54025268554688,-198.25099182128906,-65.32284545898438,168.29118496986112,-198.327766794157,-65.3376120574523,0.7549912214818093,0.3592081217072743,0.04733659291663233,3.571464348973481e-05,16.05536407755335,44.09319515133212,nan,nan,nan
459.3,167.53953552246094,-198.25970458984375,-65.32398986816406,168.31748389889032,-198.34699983420765,-65.33885574974401,0.7829719857777854,0.35914040161067,0.04733342260169694,3.499605588543323e-05,16.26310228222033,44.358103840211925,7.470015748396031,0.004851186301935528,nan
459.31,167.538818359375,-198.26841735839844,-65.3252182006836,168.31662959929375,-198.3560107799662,-65.34024450375206,0.7828720982573032,0.35919180929682315,0.04735065406946621,3.5701415642022207e-05,16.207676238770464,44.03626317403578,nan,nan,nan
459.32,167.53810119628906,-198.27713012695312,-65.32653045654297,168.31576263099325,-198.3650035424196,-65.34110013658726,0.7827460122852811,0.3592433027811833,0.04736794711277383,3.500452383020437e-05,15.883297595115017,43.33464914452359,nan,0.2709700563282028,nan
459.33,167.53741455078125,-198.2858428955078,-65.32792663574219,168.31492969198436,-198.37401445202403,-65.34265451535212,0.7826371628132606,0.3592948858472851,0.04738530429786511,3.5710229932978956e-05,15.82878207971283,43.75348151162107,nan,nan,nan
459.34000000000003,167.53672790527344,-198.29457092285156,-65.32941436767578,168.31400955805375,-198.38294445171314,-65.34143386496041,0.782381694997605,0.35934655508588637,0.04740272342817385,3.501299202213094e-05,13.818482319535928,39.90123836652167,nan,5.7694988109126655,nan
459.35,167.5360565185547,-198.30328369140625,-65.33097076416016,168.29335392985226,-198.3890354561139,-65.34309201637458,0.7622333363634297,0.3592787452447019,0.04739952477218761,3.569698848956734e-05,13.335117654212784,41.7419859806976,4.407300380615654,nan,nan
459.36,167.535400390625,-198.31199645996094,-65.3326187133789,168.2925232684891,-198.3980492179356,-65.34480759750181,0.7620949404348741,0.3593301889573192,0.047416963714960216,3.500025401502151e-05,13.401574917416626,41.51799986995142,nan,0.002575117087050216,nan
459.37,167.53475952148438,-198.32070922851562,-65.33434295654297,168.2917075194314,-198.40706444230185,-65.34666475194547,0.7619575586514203,0.35938172198276563,0.04743446686328501,3.570577183377134e-05,13.346835341376316,41.55518486726991,nan,nan,nan
459.38,167.5341339111328,-198.3294219970703,-65.33615112304688,168.2909056989862,-198.41608042748217,-65.34863699835272,0.7618196108885641,0.3594333412441887,0.047452032332416405,3.500869630082773e-05,13.486004779906574,41.58110481446017,nan,0.0008358706727778249,nan
459.39,167.5335235595703,-198.338134765625,-65.3380126953125,168.29011537874783,-198.42509531299694,-65.35064609194177,0.7616777011019574,0.35948505002747094,0.047469662223407844,3.571455627048253e-05,13.44033399756034,41.715126304579776,nan,nan,nan
459.40000000000003,167.5329132080078,-198.3468475341797,-65.33988952636719,168.28408955165534,-198.4277652792401,-65.35228788969823,0.7556237821393808,0.35941714725656093,0.04746642884835198,3.499594690443961e-05,13.68331124756362,40.6715714049304,2.5254930939344393,0.11833148849403444,nan
459.41,167.53231811523438,-198.35556030273438,-65.34175109863281,168.28331722237897,-198.43675846129773,-65.3543305036182,0.7554806690550347,0.35946863017623815,0.047484077693510325,3.5701273830985836e-05,13.662249010711879,40.71035230636682,nan,nan,nan
459.42,167.53173828125,-198.36428833007812,-65.34358978271484,168.28254913470278,-198.44574523347066,-65.35610713792903,0.7553203618030865,0.35952019938412905,0.04750178921578961,3.500436122424356e-05,13.646676422356276,39.53631497712008,nan,0.0434637218264459,nan
459.43,167.5311737060547,-198.3730010986328,-65.34539794921875,168.2818004626053,-198.4547377391259,-65.35810281216762,0.7551707221492002,0.3595718578606473,0.04751956524312387,3.571003321636001e-05,13.630318876293765,40.66406383850573,nan,nan,nan
459.44,167.53062438964844,-198.3817138671875,-65.34717559814453,168.28108252750815,-198.4637448466942,-65.36069528227905,0.755049190541774,0.35962360298640705,0.047537404298592566,3.501277754474361e-05,14.270562842500613,41.27932163304462,nan,0.27784054227406224,nan
459.45,167.5300750732422,-198.3904266357422,-65.34891510009766,168.2806797242475,-198.465476183202,-65.36260989865703,0.7544715529377617,0.3595556104857427,0.047534133831810425,3.569674103982338e-05,14.894533113890223,40.36986409447953,5.397863647703387,nan,nan
459.46000000000004,167.529541015625,-198.39913940429688,-65.35062408447266,168.27999390286274,-198.47445789099632,-65.36534830860764,0.754366763039395,0.35960712956376,0.04755199110298776,3.4999991763614296e-05,15.774907560625188,41.21841709053312,nan,0.48985701668708903,nan
459.47,167.5290069580078,-198.40785217285156,-65.352294921875,168.27929391565092,-198.48342068331823,-65.36722930066708,0.7542308361857221,0.3596587376672988,0.04756991297304752,3.5705473464883034e-05,15.767730999437944,40.898203612378836,nan,nan,nan
459.48,167.52850341796875,-198.41656494140625,-65.35393524169922,168.27859420171168,-198.49237570051122,-65.36872708432007,0.7540571952181613,0.3597104324561134,0.04758789820257827,3.500838612515393e-05,15.711431942729865,41.316608902716936,nan,0.08680989341915904,nan
459.49,167.5279998779297,-198.42527770996094,-65.35554504394531,168.2779150636807,-198.50133820536072,-65.37054021257218,0.7539116923503553,0.3597622164925421,0.047605948264781844,3.571420911429328e-05,15.698566535171327,40.864134457284464,nan,nan,nan
459.5,167.52749633789062,-198.43399047851562,-65.35711669921875,168.28197367583678,-198.5141474132382,-65.3729640163707,0.7588888753429915,0.35969413183702464,0.04760263498389913,3.499559319039965e-05,16.375240020738584,41.576011544687354,0.7867989493171088,0.32093094314364584,nan
459.51,167.52700805664062,-198.4427032470703,-65.3586654663086,168.2813214966409,-198.52312103212807,-65.3747212467827,0.758757915283457,0.3597456895012138,0.047620702383889636,3.5700882524647606e-05,16.361958834488902,41.44706239926241,nan,nan,nan
459.52,167.5265350341797,-198.451416015625,-65.36017608642578,168.2806248633875,-198.53205531570123,-65.37447815515108,0.7585240381169577,0.3597973338760637,0.047638833457875805,3.5003963892227526e-05,14.92718600842858,40.2598232016281,nan,2.7404715041399133,nan
459.53000000000003,167.5260772705078,-198.4601287841797,-65.36166381835938,168.27999216485415,-198.54102875588444,-65.37615631256595,0.7583815040778662,0.35984906727030486,0.04765702947424908,3.5709597678587076e-05,14.907863605049403,40.20514694312639,nan,nan,nan
459.54,167.52561950683594,-198.46884155273438,-65.36311340332031,168.27939594514078,-198.55002136357965,-65.37881692038452,0.7582978841330034,0.35990088772365264,0.047675289499813624,3.5012338825033104e-05,16.012710732666964,41.10635605774148,nan,0.7216316268536274,nan
459.55,167.52517700195312,-198.47755432128906,-65.36454010009766,168.29211055599964,-198.5667944110258,-65.38043958922536,0.7722717550792364,0.35983271341233897,0.04767193041403531,3.569626608327836e-05,15.813219969650808,41.27562995345238,2.810235179837249,nan,nan
459.56,167.5247344970703,-198.48626708984375,-65.36593627929688,168.2915622900025,-198.57581295579186,-65.38342563271826,0.7722364946081925,0.35988430729640825,0.04769020698504309,3.499951630243961e-05,17.4153944850952,42.570971443133466,nan,1.3503586983792797,nan
459.57,167.52430725097656,-198.49497985839844,-65.36730194091797,168.2909866892644,-198.5848061091847,-65.38501535186398,0.7721268557374595,0.3599359899810376,0.04770854861640069,3.57049590351321e-05,17.408260113088254,42.70744109655762,nan,nan,nan
459.58,167.5238800048828,-198.50369262695312,-65.36864471435547,168.2903920083209,-198.5937800963572,-65.3854840863438,0.7719714813432371,0.35998775973510044,0.04772695455009372,3.5007873882501395e-05,16.665831972952063,41.5689409189994,nan,0.8452732475530791,nan
459.59000000000003,167.52346801757812,-198.5124053955078,-65.36995697021484,168.28983353631284,-198.60277333529427,-65.38701026201248,0.7718635161788094,0.3600396185240029,0.04774542579256869,3.571365762211507e-05,16.654169984408025,41.76626515588442,nan,nan,nan
459.6,167.5230712890625,-198.5211181640625,-65.37124633789062,168.2736448308914,-198.61068848647403,-65.38801121486613,0.7560850120525531,0.35997135276374237,0.047742015674722395,3.499504887721685e-05,16.1053313404362,42.129005050748546,3.49632263146454,0.12563800922054644,nan
459.61,167.52267456054688,-198.5298309326172,-65.37251281738281,168.27307487910238,-198.6196902772911,-65.38948138446004,0.7559518980610388,0.3600229846712228,0.04776050256346492,3.570029889611936e-05,16.085714840369214,41.75793059230487,nan,nan,nan
459.62,167.5222930908203,-198.53854370117188,-65.37374877929688,168.27252012921423,-198.6286971681563,-65.39123172058184,0.7558266401646551,0.36007470364873273,0.04777905403327474,3.500338746389521e-05,16.699249594636996,42.62948874299253,nan,0.06548453043558619,nan
459.63,167.52191162109375,-198.54725646972656,-65.37496185302734,168.27196560766063,-198.63769929426388,-65.3926564798425,0.7556943741310302,0.3601265114558183,0.047797670942243235,3.57089818465845e-05,16.682498379152214,42.266603119417276,nan,nan,nan
459.64,167.5215301513672,-198.55596923828125,-65.37615203857422,168.27140582346135,-198.646693015002,-65.39350978643174,0.755543260622338,0.36017840666989875,0.047816352754461666,3.501173260879625e-05,16.467683609438623,41.729978573742876,nan,0.21180359768647786,nan
459.65000000000003,167.5211639404297,-198.56468200683594,-65.37731170654297,168.25878070795778,-198.6543612622559,-65.39499430945791,0.7432587295398022,0.3601100513840037,0.047812888160129144,3.5695622954848875e-05,16.327090384607587,42.434928649905906,2.2432146593772107,nan,nan
459.66,167.52081298828125,-198.57339477539062,-65.37845611572266,168.2679765203519,-198.63616824539207,-65.39423890596517,0.7499619648089916,0.36002769053689765,0.04680095084464366,3.4997412801526066e-05,20.643393797078506,46.82033993661989,nan,3.234887857475909,0.7161907516374945
459.67,167.5204620361328,-198.5821075439453,-65.37957763671875,168.26744847415998,-198.64512268887532,-65.39554820193723,0.7498097799045156,0.360078945434056,0.04681578308586316,3.5702782653461704e-05,20.585578034764215,46.48913618467318,nan,nan,nan
459.68,167.52011108398438,-198.5908203125,-65.38066864013672,168.26691385711104,-198.65400470627404,-65.39533849368443,0.7496144703575125,0.36013028733660923,0.04683066996230249,3.500579493354718e-05,19.50594354494434,45.23700022472243,nan,1.5827629276393482,nan
459.69,167.519775390625,-198.5995330810547,-65.38174438476562,168.2663999473952,-198.66295904768614,-65.39659020259839,0.7494607930522825,0.360181716630652,0.04684561823641299,3.571150768588617e-05,19.446570060696494,45.3413804419742,nan,nan,nan
459.7,167.5194549560547,-198.60824584960938,-65.38279724121094,168.25316644787756,-198.6691715008909,-65.39764134970022,0.7363863359500009,0.36011379028735774,0.046842328213463125,3.4992999086244284e-05,19.259251397381366,45.919600739663075,1.7696092626821633,0.03832200391273453,nan
459.71000000000004,167.5191192626953,-198.61695861816406,-65.38383483886719,168.25264394942886,-198.67812654431847,-65.39885105866294,0.7362237894108912,0.36016499480860553,0.046857303329958605,3.5698180169731486e-05,19.197023788930238,45.05628446677319,nan,nan,nan
459.72,167.51881408691406,-198.62567138671875,-65.38484191894531,168.2521190561072,-198.68703146279103,-65.39894927296935,0.7360028900870635,0.3602162862656928,0.04687233368017324,3.50013655033499e-05,18.484165470576784,45.1767450222202,nan,0.8414119387309883,nan
459.73,167.51849365234375,-198.63438415527344,-65.38583374023438,168.25160964585973,-198.6959863897129,-65.40010868621027,0.7358380727575015,0.36026766499647644,0.046887425375441515,3.570689286824113e-05,18.42407641094799,44.310306801322135,nan,nan,nan
459.74,167.5181884765625,-198.64309692382812,-65.38681030273438,168.25110857396473,-198.70495352617417,-65.40152463736047,0.7356729029081993,0.36031913096318785,0.04690257274322751,3.50097399874239e-05,18.820637500130154,44.925702714080025,nan,0.053586054188909805,nan
459.75,167.5178985595703,-198.6518096923828,-65.38775634765625,168.23945702745297,-198.7066931233835,-65.40255103257472,0.723793959821035,0.36025112234867024,0.04689930184272421,3.569356814896921e-05,19.05084386072986,44.98502891561652,3.58336961594864,nan,nan
459.76,167.51760864257812,-198.6605224609375,-65.3886947631836,168.23896175544309,-198.7157007543295,-65.40535917429378,0.7236523060830193,0.36030236332885707,0.04691447570893457,3.499692582748324e-05,20.77311918283015,46.39823627425006,nan,2.049490338345699,nan
459.77,167.51731872558594,-198.6692352294922,-65.38961029052734,168.2384597985043,-198.72463443066962,-65.40646318182844,0.7234621887052175,0.36035369146821683,0.04692971088555516,3.570226631482833e-05,20.71345579030538,46.136425475056086,nan,nan,nan
459.78000000000003,167.51702880859375,-198.67794799804688,-65.3905029296875,168.2379611723986,-198.73355281544752,-65.4071882925906,0.7232660438833104,0.3604051067679355,0.0469450022969865,3.50052902025501e-05,20.6322111597829,45.85888814938311,nan,0.09227170250968446,nan
459.79,167.51675415039062,-198.68666076660156,-65.3913803100586,168.2374707278137,-198.74248656032887,-65.40825419669369,0.7230723561773681,0.36045660950647757,0.0469603551687401,3.571097378019436e-05,20.573074480613222,46.071514338204665,nan,nan,nan
459.8,167.51649475097656,-198.69537353515625,-65.39224243164062,168.22320648793294,-198.74714371522853,-65.40962002632679,0.7088184615920322,0.36038851861659105,0.04695709406725191,3.499248037996563e-05,21.061899447808997,47.17026757732868,1.7142628092732295,0.09678415845941635,nan
459.81,167.51622009277344,-198.7041015625,-65.3930892944336,168.2227036941455,-198.75607215505988,-65.41065559947728,0.7086103277341956,0.36043979613561933,0.04697247276145557,3.569763261297531e-05,20.99997359800271,45.292628339968175,nan,nan,nan
459.82,167.51596069335938,-198.7128143310547,-65.39391326904297,168.22220812800606,-198.76501326681293,-65.41199386328547,0.7084045988892772,0.36049116073583576,0.04698790822746138,3.500083244961125e-05,21.61797084087899,47.292854218843495,nan,0.07168725848329616,nan
459.83,167.51571655273438,-198.72152709960938,-65.39472198486328,168.22171568145143,-198.77394173811223,-65.41300104431221,0.708178076540753,0.3605426126647801,0.04700340514680414,3.570633125031631e-05,21.55761250714603,47.56582867205268,nan,nan,nan
459.84000000000003,167.5154571533203,-198.73023986816406,-65.39551544189453,168.22121678029694,-198.78279030246298,-65.41193451764066,0.7079037966161458,0.36059415197089795,0.04701895925160324,3.500919424117452e-05,19.823854303666522,45.10024925893414,nan,2.990266129941148,nan
459.85,167.5152130126953,-198.73895263671875,-65.39629364013672,168.17382506102473,-198.7826138064615,-65.41299724856151,0.6602689894901811,0.36052597908246736,0.04701570892888124,3.569299622591527e-05,18.926817740810066,46.78740834198154,23.787578617542703,nan,nan
459.86,167.51498413085938,-198.74766540527344,-65.39705657958984,168.1732576455312,-198.79148641681363,-65.41230655779373,0.6599067078049994,0.36057729295032315,0.047031288437326846,3.499637094602796e-05,17.679060695332076,45.88766063180022,nan,1.8872645077582326,nan
459.87,167.51473999023438,-198.75637817382812,-65.3978042602539,168.1727037867624,-198.80042073941934,-65.41321995016247,0.6596163647308951,0.36062869403907594,0.04704692940893656,3.570168364629883e-05,17.615285865096983,45.01596575521948,nan,nan,nan
459.88,167.51451110839844,-198.7650909423828,-65.39854431152344,168.17214558258453,-198.80928669988913,-65.41225376715397,0.6592604309324701,0.36068018242131294,0.04706262806857157,3.500472576668918e-05,16.253332201494697,44.02194639041591,nan,2.4565023449193646,nan
459.89,167.5142822265625,-198.7738037109375,-65.39926147460938,168.17160109517164,-198.81822109623334,-65.41312060227523,0.6589636367553036,0.3607317583077238,0.047078388365755654,3.5710381962573016e-05,16.188622363322253,43.743029676483964,nan,nan,nan
459.90000000000003,167.51406860351562,-198.7825164794922,-65.39996337890625,168.17239602077618,-198.82761860774298,-65.4130520651567,0.6600003818161483,0.3606635034889603,0.04707514076332657,3.499190976764288e-05,15.653566048296351,43.55440986966715,0.0967437795972371,0.5456395376122263,nan
459.91,167.51385498046875,-198.79122924804688,-65.40065002441406,168.17186283813857,-198.83655380530536,-65.41388266743553,0.6596997491944584,0.3607148537062208,0.04709092576856855,3.569703512953872e-05,15.58948590960723,43.270126719142816,nan,nan,nan
459.92,167.51364135742188,-198.79995727539062,-65.40132904052734,168.17132671243198,-198.8454276619418,-65.41292227599716,0.6593572516902632,0.3607662911305652,0.0471067689407074,3.5000255210740836e-05,14.452944749569392,40.857847326512314,nan,2.2322408761065398,nan
459.93,167.513427734375,-198.8086700439453,-65.40199279785156,168.17080215409445,-198.85436276353576,-65.41370951489537,0.6590646658586198,0.3608178159543019,0.04712267378570632,3.570572760744346e-05,14.385394631673806,41.65735387307076,nan,nan,nan
459.94,167.5132293701172,-198.8173828125,-65.40264129638672,168.17027480014838,-198.86323547200956,-65.41261529410733,0.6587189416887154,0.3608694282781607,0.047138637187806726,3.500861177504277e-05,13.309915250600882,40.96426233292684,nan,2.4657807458365952,nan
459.95,167.51303100585938,-198.8260955810547,-65.40327453613281,168.16847022178752,-198.86846222427658,-65.41320341155962,0.6568820904862822,0.36080109173732156,0.047135391976077044,3.569238970257285e-05,13.506199207397,40.36946243901511,2.5967099977177037,nan,nan
459.96000000000004,167.51283264160156,-198.83480834960938,-65.40390014648438,168.16795345357687,-198.87734020060088,-65.41262904725147,0.6565580174977328,0.36085247816937505,0.04715137959621069,3.4995786341406167e-05,12.849953343769704,39.54285758871695,nan,1.2001281801427572,nan
459.97,167.5126495361328,-198.84352111816406,-65.40451049804688,168.1674450939714,-198.88626025577335,-65.41333359733194,0.6562482026868494,0.36090395189748997,0.04716742893953179,3.570107371641316e-05,12.781801429617435,39.83910347887382,nan,nan,nan
459.98,167.512451171875,-198.85223388671875,-65.40511322021484,168.1669379295887,-198.8951529582678,-65.41315396412584,0.6559417781235344,0.3609555130360177,0.04718353728711856,3.500413852290236e-05,12.37801320829005,38.69528527011663,nan,0.537764394592586,nan
459.99,167.51226806640625,-198.8609619140625,-65.40570068359375,168.16643705289042,-198.90407300062782,-65.41382733872166,0.65563836921441,0.36100716175644704,0.04719970755477422,3.5709769932303805e-05,12.311643881405812,37.97609953970937,nan,nan,nan
460.0,167.5120849609375,-198.8696746826172,-65.4062728881836,168.17852351458555,-198.91611291134515,-65.41332684966623,0.6680917700798996,0.3609387436028098,0.04719645770312628,3.499132276654452e-05,12.003297191698497,38.08589410370195,1.4622823856112803,0.8967733047931942,nan
460.01,167.5119171142578,-198.87838745117188,-65.4068374633789,168.17805104892773,-198.92503503482982,-65.41396712516091,0.6678033004239147,0.36099016620168695,0.047212651472642496,3.5696423960207685e-05,11.935354031235951,38.41916633060103,nan,nan,nan
460.02,167.51173400878906,-198.88710021972656,-65.40739440917969,168.17758504235962,-198.93399038192047,-65.41573240791566,0.6675521016673354,0.3610416761192648,0.04722890467198143,3.499966792236631e-05,12.428913041907261,38.168626222234415,nan,0.9103661344033294,nan
460.03000000000003,167.51156616210938,-198.89581298828125,-65.4079360961914,168.17711981756,-198.94291274666105,-65.41636333756699,0.667271364528948,0.3610932735173628,0.047245219864261716,3.570511672298588e-05,12.362703669058215,38.51929048697138,nan,nan,nan
460.04,167.5113983154297,-198.90452575683594,-65.40846252441406,168.17665390749926,-198.9517833121437,-65.41514591589656,0.6669654766441885,0.3611449585251753,0.04726159485544479,3.5008025307280225e-05,11.581276113641865,37.57119571996721,nan,2.3855390524443307,nan
460.05,167.51124572753906,-198.9132537841797,-65.40898132324219,168.16230436074997,-198.95793963369277,-65.415646157051,0.6526243858720433,0.36107645892576623,0.04725833897308013,3.569178184406116e-05,11.25123208670894,37.25776400025956,2.3253760417030875,nan,nan
460.06,167.51107788085938,-198.92196655273438,-65.40949249267578,168.16182715017712,-198.96688828435612,-65.41715093430355,0.652342873968619,0.361127917586361,0.04727473690907429,3.4995203263129296e-05,11.615583508770294,37.902309783242785,nan,0.6016722709355102,nan
460.07,167.51092529296875,-198.93067932128906,-65.40999603271484,168.16135140430129,-198.97581171775704,-65.41773285912895,0.6520359790663922,0.36117946362690756,0.04729119692372165,3.5700468280512796e-05,11.549123807345977,38.257329636788306,nan,nan,nan
460.08,167.51077270507812,-198.93939208984375,-65.41048431396484,168.16087769378018,-198.98471777959656,-65.41764256388389,0.6517224524510185,0.3612310971830947,0.0473077171343942,3.500355826088524e-05,11.269686648844205,37.813356560000486,nan,0.31055169504314567,nan
460.09000000000003,167.5106201171875,-198.94810485839844,-65.41096496582031,168.16040804565088,-198.99364121614997,-65.41820010840665,0.6514217214234216,0.3612828184067992,0.04732429964061148,3.5709167918454464e-05,11.205662148892856,37.58807012460878,nan,nan,nan
460.1,167.51046752929688,-198.9568328857422,-65.41143035888672,168.15257489762152,-198.99999302542895,-65.41749489460265,0.6435848418880231,0.361214237490345,0.04732103151048163,3.4990747678193665e-05,10.718332162491158,36.096474009498785,0.8144431005563677,0.9568576039327307,nan
460.11,167.5103302001953,-198.96554565429688,-65.41189575195312,168.1520990566205,-199.00891241913388,-65.4180221371215,0.6432615906184297,0.3612657321374928,0.04733763622330436,3.569582778312647e-05,10.653005966844896,37.475299358783815,nan,nan,nan
460.12,167.51019287109375,-198.97425842285156,-65.41234588623047,168.15162775846693,-199.017866817948,-65.41997740908718,0.6429608440670734,0.361317314204749,0.047354301510014934,3.499909741206661e-05,11.200440052984355,37.867474566630264,nan,1.4567251400324428,nan
460.13,167.5100555419922,-198.98297119140625,-65.41278839111328,168.15115764146145,-199.0267863696906,-65.42050247422728,0.6426438974037472,0.36136898384005545,0.04737102919717009,3.5704525740898274e-05,11.138343936217572,37.66685862176157,nan,nan,nan
460.14,167.50991821289062,-198.99169921875,-65.41322326660156,168.15069037661502,-199.0357086115362,-65.42112791155648,0.6423303479280053,0.3614207411851719,0.04738781780884344,3.50074601919139e-05,11.193745256077468,36.542621915595696,nan,0.008286858230063891,nan
460.15000000000003,167.50978088378906,-199.0004119873047,-65.41365051269531,168.14736625775225,-199.04208943288094,-65.42156178150721,0.6389950756741068,0.3613520790962419,0.04738453520126386,3.5691198255473996e-05,11.251075046194,37.313684064318565,0.6550908084248741,nan,nan
460.16,167.50955200195312,-199.00912475585938,-65.41416931152344,168.14685161602182,-199.05097704777714,-65.42103809736197,0.6387093178040955,0.3614036096368305,0.04740134539995383,3.499464559217533e-05,10.78361998986158,36.88061572714308,nan,0.8183542467825056,nan
460.17,167.50927734375,-199.01783752441406,-65.41477966308594,168.14626897477015,-199.05988901261549,-65.42167477036683,0.6384153884063907,0.3614552276463336,0.047418218114479244,3.569989142535405e-05,10.704645192204225,36.69873473675636,nan,nan,nan
460.18,167.5089874267578,-199.0265655517578,-65.41548919677734,168.1456549185583,-199.0688077063823,-65.4227114391338,0.6381081848146971,0.36150693326846894,0.047435152106473207,3.500300740845118e-05,10.801796759925898,35.87554154437464,nan,0.0662688632745801,nan
460.19,167.50869750976562,-199.0352783203125,-65.4162826538086,168.14502784549893,-199.07771982405671,-65.42353733921745,0.6377853932749734,0.3615587266481719,0.047452148848466325,3.570859850339942e-05,10.72273312842447,37.03776610269606,nan,nan,nan
460.2,167.50839233398438,-199.0439910888672,-65.41716766357422,168.1524356751403,-199.0923059915923,-65.4214534933107,0.6458672645746706,0.36148998352085904,0.047448846172621226,3.499020549336073e-05,9.494182249066787,35.501765253418895,1.978075171413056,6.056116802278907,nan
460.21000000000004,167.5081024169922,-199.05270385742188,-65.41814422607422,168.15181856171398,-199.1012348777121,-65.4224303848839,0.6455572058797274,0.3615415498665695,0.04746586373973353,3.569526769627648e-05,9.42222225179672,35.829839219354014,nan,nan,nan
460.22,167.5078125,-199.06143188476562,-65.41920471191406,168.15120499509334,-199.11018284857764,-65.42445541243491,0.6452581879147213,0.36159320372668047,0.04748294292042591,3.499856325584626e-05,9.635501691172143,34.82300348461123,nan,0.6486718232776754,nan
460.23,167.5075225830078,-199.0701446533203,-65.42035675048828,168.15059624209576,-199.11911172768666,-65.42562011356941,0.6449567492287239,0.36164494524569385,0.04750008498220077,3.570397429897333e-05,9.563043339084645,35.51261140741948,nan,nan,nan
460.24,167.5072479248047,-199.078857421875,-65.42159271240234,168.14999284014013,-199.12803509671897,-65.4265893012754,0.6446428746158528,0.3616967745680273,0.047517288992534,3.50069346137669e-05,9.439746510656894,35.71845227219981,nan,0.05645154990610143,nan
460.25,167.50697326660156,-199.0875701904297,-65.42291259765625,168.1542121344876,-199.14996176828714,-65.42798305269919,0.6502588489242535,0.36162795053666413,0.04751396337350442,3.569065714744483e-05,8.469974471909321,36.31582681163604,15.108297638440746,nan,nan
460.26,167.5067138671875,-199.09629821777344,-65.42431640625,168.15362080515098,-199.1589733293393,-65.43121651456073,0.6499725897988131,0.3616795525952715,0.04753118753137688,3.499413015718223e-05,9.053061052865749,36.142544600209874,nan,2.317546644991294,nan
460.27,167.50643920898438,-199.10501098632812,-65.4258041381836,168.153035567998,-199.16795188617044,-65.43274120821444,0.649689565333503,0.3617312422140974,0.04754847470955121,3.569935995989533e-05,8.9831612563937,36.31374912270379,nan,nan,nan
460.28000000000003,167.5061798095703,-199.1137237548828,-65.4273681640625,168.15245479231123,-199.1769526137964,-65.43561523235273,0.6494130088408103,0.3617830195368875,0.047565824151013576,3.500250146232137e-05,9.521016059698686,37.229864766822296,nan,1.1312055819024873,nan
460.29,167.5059356689453,-199.1224365234375,-65.42902374267578,168.15187991518314,-199.1859313072612,-65.43731866676504,0.6491104394371006,0.361834884709169,0.04758323686142882,3.570807712694221e-05,9.447571802857041,37.40262398627928,nan,nan,nan
460.3,167.5056915283203,-199.13116455078125,-65.43075561523438,168.13739271869906,-199.19437152086766,-65.43669479046811,0.6348832875386545,0.36176597990479686,0.047579883175934604,3.4989710421514185e-05,8.102658445733221,35.73886907163763,3.4546289901381186,3.8321753579108218,nan
460.31,167.5054473876953,-199.13987731933594,-65.43256378173828,168.13680299841198,-199.2033595746352,-65.43853576956647,0.6345672293460444,0.36181761758339853,0.04759731524664326,3.569475781870259e-05,8.038267398338972,36.527124032877914,nan,nan,nan
460.32,167.5052032470703,-199.14859008789062,-65.43443298339844,168.13621651069624,-199.21237392794868,-65.44210428493471,0.634275150066326,0.36186934286584266,0.04761480988088586,3.4998078400605966e-05,8.66572459181786,36.90726468898289,nan,1.9386898691961898,nan
460.33,167.50497436523438,-199.1573028564453,-65.43631744384766,168.13563654062065,-199.22136200261536,-65.44406899796883,0.633954604259864,0.36192115589911555,0.04763236793557347,3.570347522155223e-05,8.612379774014414,37.1459075478952,nan,nan,nan
460.34000000000003,167.50474548339844,-199.16603088378906,-65.43817901611328,168.1350627804551,-199.23033232142728,-65.44485871892458,0.6336238539392196,0.3619730568247466,0.047649988875867764,3.500646029395199e-05,8.150939872681082,35.44262863294898,nan,0.9745312252499984,nan
460.35,167.5045166015625,-199.17474365234375,-65.44002532958984,168.11685451943654,-199.23389833433419,-65.44682410301276,0.615226157918992,0.36190407137884584,0.04764660376806844,3.569017010556593e-05,8.02008954645615,36.61686738297307,2.6132627228907466,nan,nan
460.36,167.50430297851562,-199.18345642089844,-65.44184112548828,168.1162576982874,-199.2428934472845,-65.44970099113863,0.6148846368584998,0.36195574457971197,0.04766424333752623,3.499366750911913e-05,8.436716129322617,37.429585135949075,nan,0.6621131570486994,nan
460.37,167.5040740966797,-199.19216918945312,-65.44361877441406,168.1156662531865,-199.25187469713148,-65.45158854511146,0.6145512434230019,0.36200750543248283,0.047681946484817474,3.569888425667324e-05,8.397873269318412,36.565566441528425,nan,nan,nan
460.38,167.50387573242188,-199.2008819580078,-65.44536590576172,168.11507923056894,-199.26085421681657,-65.45332629733244,0.614190325394165,0.3620593540767292,0.04769971279994007,3.500204982758662e-05,8.375959446132537,37.495642024039896,nan,0.009736672555882555,nan
460.39,167.503662109375,-199.2095947265625,-65.44707489013672,168.11449623352988,-199.26983529596652,-65.455147350845,0.6138504850988248,0.36211129066244513,0.04771754295335573,3.570761299064524e-05,8.338383330176043,36.64034784095925,nan,nan,nan
460.40000000000003,167.5034637451172,-199.21832275390625,-65.4487533569336,168.13854843203652,-199.28442867442251,-65.45527201036695,0.6385491720527929,0.36204222469867875,0.0477141216372388,3.498927078257661e-05,7.986763143130963,34.56138475749192,5.414996544930139,2.0093041247066976,nan
460.41,167.50326538085938,-199.22703552246094,-65.45040130615234,168.13801571955582,-199.29341183232728,-65.45701145434728,0.6382456431859825,0.3620939333289628,0.0477319696057263,3.569430624510993e-05,7.944400492683592,35.36653293145165,nan,nan,nan
460.42,167.50306701660156,-199.23574829101562,-65.45201110839844,168.13748756894844,-199.30238979110896,-65.45829359207814,0.6379420007931744,0.36214572964926883,0.04774988101197651,3.499765010453671e-05,7.796519624291124,35.036860277592325,nan,0.12767897950838597,nan
460.43,167.50286865234375,-199.2444610595703,-65.4535903930664,168.13696264184506,-199.31137292502052,-65.45996522726195,0.6376464724051518,0.3621976138118379,0.047767856422990494,3.5703035520790573e-05,7.755918151860674,34.77561554970451,nan,nan,nan
460.44,167.502685546875,-199.253173828125,-65.45513916015625,168.1364417413617,-199.3203547638752,-65.46149402534819,0.6373386670288693,0.36224958595279777,0.047785895583504934,3.500604347149456e-05,7.720299854265834,35.10124223626085,nan,0.00886438168488152,nan
460.45,167.50250244140625,-199.2618865966797,-65.45665740966797,168.16758860118685,-199.3373175681009,-65.46309567235133,0.6693809697083071,0.3621804396037588,0.047782434358249644,3.5689743126966894e-05,8.020721778065642,34.1333176858521,8.569163062175605,nan,nan
460.46000000000004,167.5023193359375,-199.27059936523438,-65.45814514160156,168.16713002521865,-199.34629741139685,-65.46383741454328,0.6691306664221436,0.36223218355715664,0.04780049055337158,3.4993262933553357e-05,7.734717484219433,33.6801987223758,nan,0.4964224352553015,nan
460.47,167.5021514892578,-199.27931213378906,-65.45960235595703,168.16667337869487,-199.35528642349237,-65.46538029912803,0.6688757873209364,0.3622840152531918,0.04781861092358289,3.5698469320761374e-05,7.693456128870587,33.9957856385975,nan,nan,nan
460.48,167.50198364257812,-199.28802490234375,-65.46102905273438,168.1662174492922,-199.36428908029373,-65.46823403561694,0.6686364382821078,0.362335934825642,0.04783679529827456,3.500165685792661e-05,8.191357758319317,34.32455426892063,nan,1.2661045689748969,nan
460.49,167.50180053710938,-199.2967529296875,-65.46243286132812,168.16576753594623,-199.3732781647057,-65.46973417199561,0.6684022712981128,0.3623879424303692,0.047855044117857695,3.570721015265361e-05,8.153072174033975,32.50473187147905,nan,nan,nan
460.5,167.50164794921875,-199.3054656982422,-65.46379852294922,168.1866006131162,-199.38764592193934,-65.47230977715063,0.6899175185449524,0.3623187158108325,0.04785153843128231,3.498889006571279e-05,8.917039954793891,34.64445113259935,4.079785411889566,0.7517590357392393,nan
460.51,167.50148010253906,-199.31417846679688,-65.46514892578125,168.18619323144327,-199.39663898061,-65.47376756892695,0.6897144961806915,0.3623704949965038,0.04786980344330402,3.56939161570616e-05,8.878625781418963,33.81243971518045,nan,nan,nan
460.52,167.50132751464844,-199.32289123535156,-65.46646118164062,168.18579079774958,-199.4056248593525,-65.4744096451949,0.68949112867882,0.3624223619561676,0.04788813270445547,3.4997281012336045e-05,8.55375866679403,33.91586470821049,nan,0.44025366213654316,nan
460.53000000000003,167.50115966796875,-199.33160400390625,-65.46775817871094,168.1853897364365,-199.41461778177094,-65.47580779453418,0.6892944727949297,0.36247431684800907,0.047906526587044834,3.570265752216747e-05,8.515239457773841,33.12114500402149,nan,nan,nan
460.54,167.50100708007812,-199.34031677246094,-65.46902465820312,168.1849985669463,-199.42358579743572,-65.4742086273952,0.6890609248571274,0.3625263598022272,0.047924985022479674,3.500568598975769e-05,7.419863321222257,32.398881909833804,nan,6.235931096649568,nan
460.55,167.5008544921875,-199.34902954101562,-65.47026062011719,168.1714922937166,-199.4363349428383,-65.47542198776777,0.676316444974705,0.36245705304756926,0.04792143093846857,3.568937775180387e-05,6.755156847224234,33.083038977698976,7.484978654758356,nan,nan
460.56,167.50071716308594,-199.3577423095703,-65.47148132324219,168.1710770194259,-199.4453458859953,-65.47579643344963,0.6760734751272803,0.3625088673497837,0.04793990474045894,3.499291754056777e-05,6.494339334916299,33.11457684402369,nan,0.5954081126452632,nan
460.57,167.5005645751953,-199.366455078125,-65.47267150878906,168.1706624736079,-199.4543640266759,-65.47705622183946,0.6758538321270606,0.36256076948356386,0.047958443342495556,3.569811592566812e-05,6.455124102146461,32.43406181903395,nan,nan,nan
460.58,167.50042724609375,-199.3751678466797,-65.47383880615234,168.17025494763487,-199.46336966065664,-65.47654559852052,0.6756153021251174,0.3626127595769204,0.04797704672978216,3.5001322947593166e-05,6.080227614611718,32.42143676854066,nan,2.155581879581745,nan
460.59000000000003,167.5002899169922,-199.38389587402344,-65.47498321533203,168.16984575824034,-199.47238775773167,-65.47774216471056,0.6753839277280946,0.36266483779142455,0.04799571519407199,3.5706868663552e-05,6.039828956669991,31.13947421590511,nan,nan,nan
460.6,167.50015258789062,-199.39260864257812,-65.47610473632812,168.16648724593958,-199.48698847105456,-65.47729691321436,0.6729865153375545,0.36259545100783946,0.04799210831514041,3.498856801668665e-05,5.412057168819435,32.50295621639998,3.9022930191240905,1.9269505458904264,nan
460.61,167.50001525878906,-199.4013214111328,-65.47720336914062,168.16607551734413,-199.4960305650355,-65.47843382874588,0.6727611804275296,0.36264730033798964,0.04801079127483802,3.5693586952057594e-05,5.3705270399547675,32.29929593998691,nan,nan,nan
460.62,167.49989318847656,-199.4100341796875,-65.47827911376953,168.16567177929886,-199.50506051714962,-65.47754659908303,0.6725263365746773,0.36269923752454053,0.04802953924356124,3.499697023691079e-05,5.300144003874609,32.62405265421098,nan,2.8334557767099273,nan
460.63,167.49977111816406,-199.4187469482422,-65.47933959960938,168.165265484749,-199.51410288494122,-65.47862178097613,0.6722916196738048,0.36275126273104635,0.04804835247163942,3.570233998584372e-05,5.256361039584002,32.38760167318316,nan,nan,nan
460.64,167.4996337890625,-199.42745971679688,-65.4803695678711,168.16486224611452,-199.5231441460802,-65.4794583641392,0.672075323435798,0.36280337608244473,0.048067231006447005,3.500538636905573e-05,5.223527849462778,31.767394298985,nan,0.03369003957118421,nan
460.65000000000003,167.49951171875,-199.43617248535156,-65.48138427734375,168.15673093807982,-199.5298600083965,-65.48038852009256,0.6638640265621369,0.3627339094083334,0.04806356724745291,3.568907217112953e-05,5.147769163151676,32.22319005134302,0.9730972890276293,nan,nan
460.66,167.4993896484375,-199.44488525390625,-65.48238372802734,168.23102186480298,-199.52985602626842,-65.48126452704999,0.7365507347023152,0.3569249598370173,0.047996575328966985,3.4991605456897106e-05,10.762079108889864,37.68283773578188,nan,0.019710358608807294,0.9521666619639466
460.67,167.49928283691406,-199.45359802246094,-65.48335266113281,168.23063737425937,-199.53883784503515,-65.48225596214846,0.7363059753911542,0.35697294579343797,0.04801442151401563,3.5696773863781424e-05,10.684742262914355,38.144325240289504,nan,nan,nan
460.68,167.49916076660156,-199.4623260498047,-65.48430633544922,168.23017788375006,-199.54783378862902,-65.48430595365362,0.7360010862513011,0.35702101117612994,0.04803232586391594,3.500005524191124e-05,10.578578186718378,36.26810558086955,nan,0.8196479860631057,nan
460.69,167.49905395507812,-199.47103881835938,-65.48524475097656,168.22979776764717,-199.55681580899957,-65.48527095539455,0.7357609750577317,0.35706917066596544,0.04805028900132542,3.5705572535754766e-05,10.50440921743448,37.65558351115586,nan,nan,nan
460.7,167.4989471435547,-199.47975158691406,-65.48616027832031,168.2245400608642,-199.56731949992445,-65.48613660483511,0.730857866892844,0.3570016183647116,0.04804669861595054,3.498734494022509e-05,10.093420099487899,37.99429870724442,1.9678202789601769,0.004545277986465536,nan
460.71000000000004,167.4988250732422,-199.48846435546875,-65.487060546875,168.22415062319175,-199.5763124130848,-65.48706531725853,0.7306260566523063,0.35704956985547465,0.04806467386409183,3.569233699509281e-05,10.02125154040871,37.23193486049858,nan,nan,nan
460.72,167.49871826171875,-199.49717712402344,-65.4879379272461,168.22382054659147,-199.5852956375093,-65.4871511230425,0.7304374134773278,0.35709760112507755,0.048082707582432174,3.4995790503682586e-05,9.966728154914346,37.702771647293325,nan,0.4818286240797815,nan
460.73,167.49862670898438,-199.50588989257812,-65.48880767822266,168.2234351842702,-199.59428885509288,-65.48803796129064,0.73017963192901,0.35714572597333183,0.04810080031692349,3.5701134824210264e-05,9.89332401494566,37.959100555407005,nan,nan,nan
460.74,167.49851989746094,-199.5146026611328,-65.48965454101562,168.2230283718322,-199.60328597431715,-65.48925395796601,0.7299160362260341,0.3571939311025477,0.04811895182714512,3.500424939793258e-05,9.81018681528864,37.251411109751686,nan,0.08433705283734991,nan
460.75,167.4984130859375,-199.52333068847656,-65.490478515625,168.24538380137483,-199.62465330481515,-65.49007768548313,0.7538114372755658,0.357126360821785,0.04811532175294854,3.5687911839368516e-05,9.427781281788757,36.34825523097914,7.109042071173065,nan,nan
460.76,167.49832153320312,-199.53204345703125,-65.49129486083984,168.24509884667103,-199.63366785229647,-65.48997565515901,0.7536614717013117,0.35717435799111624,0.04813348483618329,3.499153507370281e-05,9.402985580189146,37.75885251459407,nan,0.6288918628073912,nan
460.77,167.49822998046875,-199.54075622558594,-65.4920883178711,168.24475242884836,-199.64269273200935,-65.49079238883814,0.7534510579384393,0.3572224482150601,0.04815170716496351,3.569670481281156e-05,9.330846008801766,37.668092206595546,nan,nan,nan
460.78000000000003,167.4981231689453,-199.54946899414062,-65.49286651611328,168.2443851000743,-199.6517212435344,-65.49194026583189,0.7532351892324567,0.3572706190638837,0.04816998856423137,3.4999992734690054e-05,9.239975489716771,36.93357053165051,nan,0.08462318791367089,nan
460.79,167.49803161621094,-199.5581817626953,-65.49363708496094,168.24404250751348,-199.6607460884215,-65.49273070149987,0.7530288921314133,0.35731888304648113,0.04818832948366759,3.570551145748963e-05,9.170072806260723,37.16468337549954,nan,nan,nan
460.8,167.49794006347656,-199.56689453125,-65.494384765625,168.25844364724676,-199.67615356195176,-65.49283531866854,0.7683135020960392,0.3572512815826093,0.048184655959992204,3.498729002898218e-05,9.113992408081115,37.17880710769589,2.063196451993298,0.3479401458688463,nan
460.81,167.49786376953125,-199.5756072998047,-65.4951171875,168.25812733391322,-199.68519177851425,-65.49359069722335,0.7681222399289016,0.3572993371961591,0.048203007859064194,3.5692283597710904e-05,9.043019301340593,37.536398283006456,nan,nan,nan
460.82,167.49777221679688,-199.58433532714844,-65.49584197998047,168.25782798979245,-199.6942276721673,-65.49409275018878,0.7679610441698876,0.35734747376889103,0.048221419115400975,3.499574262134212e-05,9.000003465003662,35.635210305605106,nan,0.04049276431213659,nan
460.83,167.4976806640625,-199.59304809570312,-65.49654388427734,168.2575152567502,-199.70326566799937,-65.49481842059552,0.7677887070755034,0.35739570296296497,0.048239890123543884,3.570108852891537e-05,8.929963267594752,36.70830312711197,nan,nan,nan
460.84000000000003,167.4976043701172,-199.6017608642578,-65.49723815917969,168.25711641604684,-199.71231631230606,-65.49693526642353,0.7675162192093523,0.3574440136084655,0.048258420789726586,3.5004208143359196e-05,8.783136366029998,36.882885161257924,nan,1.392325853187601,nan
460.85,167.4975128173828,-199.6104736328125,-65.49791717529297,168.25099021090122,-199.72207443600325,-65.497602697041,0.761697460093368,0.3573763926930402,0.04825470065865628,3.5687872348479374e-05,8.459563385371922,36.638974786629575,1.5496132775033484,nan,nan
460.86,167.4974365234375,-199.6191864013672,-65.49858093261719,168.25073453123082,-199.73111160039795,-65.49722276077284,0.7615687646918157,0.35742449498843565,0.0482732417195347,3.4991500159549774e-05,8.44480447648452,37.10655690818225,nan,0.8238404555083553,nan
460.87,167.4973602294922,-199.62791442871094,-65.49922943115234,168.25041423224485,-199.7401579740119,-65.4978997266989,0.7613742264074032,0.3574726894034933,0.048291842763708556,3.569667160006876e-05,8.378786515255985,35.83572688238918,nan,nan,nan
460.88,167.49728393554688,-199.63662719726562,-65.49987030029297,168.25000480015075,-199.7492164627184,-65.50007104737911,0.7610946610012397,0.3575209655864674,0.04831050374344257,3.4999963667647194e-05,8.266733593225089,36.665092885316255,nan,1.6023156476697773,nan
460.89,167.49720764160156,-199.6453399658203,-65.50049591064453,168.24968778363888,-199.75826312654198,-65.50073931446322,0.7609060806914908,0.3575693339809848,0.04832922498541685,3.5705484134788795e-05,8.20404464999541,36.5712384538745,nan,nan,nan
460.90000000000003,167.49713134765625,-199.654052734375,-65.50110626220703,168.23870113980882,-199.75689755662484,-65.50296628769205,0.7486696693413044,0.35750168246652725,0.048325454563534945,3.498726652220806e-05,8.794566139635494,35.87102341292121,7.9178326959646474,2.0886014388364287,nan
460.91,167.49705505371094,-199.6627655029297,-65.501708984375,168.23838028328595,-199.76591114328153,-65.50362620059718,0.7484689671897405,0.35754984210880997,0.048344185570457145,3.569226186823458e-05,8.735309277865088,35.62496605351214,nan,nan,nan
460.92,167.4969940185547,-199.67149353027344,-65.5022964477539,168.23800891505329,-199.77493121246079,-65.50517037772049,0.7482049788678041,0.3575980838209233,0.04836297678334423,3.499572422905982e-05,8.806275768871375,35.112156608008,nan,0.5664344247879611,nan
460.93,167.49691772460938,-199.68020629882812,-65.50287628173828,168.23769093518757,-199.78394505592357,-65.50581688132155,0.7480075710579049,0.35764641726233437,0.04838182849095765,3.5701071939702163e-05,8.750031322639696,35.447173199593394,nan,nan,nan
460.94,167.49685668945312,-199.6889190673828,-65.5034408569336,168.23735594365826,-199.7929611415218,-65.50677840793068,0.7477800732275228,0.3576948332495576,0.048400740701529915,3.500419452211126e-05,8.763556909636167,35.951820854688464,nan,0.07497491147424039,nan
460.95,167.4967803955078,-199.6976318359375,-65.50399017333984,168.21347142204766,-199.78803520732333,-65.50739799418243,0.722378301393087,0.35762716079414086,0.0483969166603272,3.568786060786193e-05,9.123959773271878,35.06026944774568,8.656520612721689,nan,nan
460.96000000000004,167.49671936035156,-199.70635986328125,-65.50453186035156,168.2132605304896,-199.79699814531267,-65.50562014338463,0.7222518473720674,0.35767536802244004,0.048415838005983994,3.499149103069274e-05,8.771230724795487,34.06687637908382,nan,4.054889686052337,nan
460.97,167.4966583251953,-199.71507263183594,-65.50506591796875,168.21291770896542,-199.80597635368608,-65.50620439858659,0.7220057393283379,0.35772366651267345,0.04843482007791104,3.569666430173765e-05,8.71162193419848,34.918995299931105,nan,nan,nan
460.98,167.49659729003906,-199.72378540039062,-65.5055923461914,168.2126518573877,-199.81494650095385,-65.50538986809269,0.7218341434665727,0.35777204782686634,0.04845386291512952,3.4999958651181896e-05,8.614844192848208,34.71099882387722,nan,1.3629439114579684,nan
460.99,167.4965362548828,-199.7324981689453,-65.506103515625,168.2123115559183,-199.82392505468357,-65.50594135324798,0.7215907311661246,0.35782052051294216,0.04847296676096187,3.570548095315311e-05,8.553235071263304,34.6697412155778,nan,nan,nan
461.0,167.49647521972656,-199.74122619628906,-65.50659942626953,168.203664428842,-199.83719479922212,-65.50661279730748,0.7136711780764374,0.357752817877699,0.04846908546035079,3.498726534836553e-05,7.8558885197382295,34.49854374991697,7.479688579827683,0.014502960535017526,nan
461.01,167.4964141845703,-199.74993896484375,-65.50709533691406,168.20330165053682,-199.8461975965139,-65.50714696477114,0.7134112533293729,0.35780108141551364,0.048488197775276944,3.569226252551984e-05,7.796585301864601,35.23494617167606,nan,nan,nan
461.02,167.49635314941406,-199.75865173339844,-65.50757598876953,168.20296951374584,-199.85519758291218,-65.50710550942085,0.7131816099357934,0.35784942803788466,0.04850737111147245,3.499572655927999e-05,7.743918288328143,35.213056658161015,nan,0.22691590027279776,nan
461.03000000000003,167.4962921142578,-199.76736450195312,-65.50804901123047,168.20260919334365,-199.8642005018273,-65.50761652754163,0.7129244098234523,0.3578978655890181,0.04852660568773433,3.570107609358439e-05,7.684375278913827,35.006824696734355,nan,nan,nan
461.04,167.49624633789062,-199.77609252929688,-65.50850677490234,168.2023438607038,-199.87319464623278,-65.50628394364281,0.712746430236681,0.3579463866805113,0.048545901579333986,3.500420007393731e-05,7.763046670901586,34.61632098503849,nan,2.377236919794076,nan
461.05,167.49618530273438,-199.78480529785156,-65.50895690917969,168.18010765523692,-199.86792239120183,-65.50669564513514,0.6889581618463468,0.3578786616316708,0.04854195956669385,3.568786799255055e-05,8.178516246475608,34.64207166822702,9.314709293185224,nan,nan
461.06,167.49612426757812,-199.79351806640625,-65.50940704345703,168.1796688859203,-199.8768917175767,-65.50827215077776,0.688611428133056,0.35792697353960584,0.04856126325479506,3.4991499552153215e-05,8.013829470073995,34.2119482806685,nan,0.8705243376979207,nan
461.07,167.49607849121094,-199.80224609375,-65.50984191894531,168.1792864781631,-199.88585624296394,-65.50874174525998,0.6883059064608923,0.3579753759503488,0.04858062841279045,3.5696674614785263e-05,7.953896062637677,33.752505529938404,nan,nan,nan
461.08,167.49603271484375,-199.8109588623047,-65.51026916503906,168.17899876519638,-199.89481310112262,-65.50728082078297,0.6881010750633972,0.35802386213504644,0.048600055135059814,3.4999969860138985e-05,8.1172357451548,34.85700548527552,nan,2.6103858620468947,nan
461.09000000000003,167.4959716796875,-199.81967163085938,-65.51068115234375,168.17861858743987,-199.9037778359616,-65.50771563923611,0.6878149814220115,0.3580724389536131,0.048619543612163516,3.57054939320397e-05,8.05145166246458,34.31660619667217,nan,nan,nan
461.1,167.49603271484375,-199.82839965820312,-65.51119995117188,168.17491337884474,-199.9019558018419,-65.50957705477194,0.6828558383832936,0.3580046839677459,0.04861553726614451,3.498727900656471e-05,8.640954620955352,32.771862355341824,11.213802284688953,1.4187561047819046,nan
461.11,167.4961395263672,-199.8371124267578,-65.51180267333984,168.17467095683745,-199.91088129218042,-65.51016398704097,0.682531635116307,0.35805305122958325,0.048635032837824034,3.5692277925892746e-05,8.581979007975812,33.49442327429796,nan,nan,nan
461.12,167.4962615966797,-199.8458251953125,-65.51249694824219,168.17444832918986,-199.91980845401986,-65.51132964198904,0.6822112058048221,0.3581015024800796,0.048654590217014904,3.499574241942279e-05,8.48805390112971,32.96105808706033,nan,0.16607907474882586,nan
461.13,167.4964141845703,-199.85455322265625,-65.51329040527344,168.17426786520608,-199.92873400604506,-65.51210779516622,0.6819016054698033,0.3581500439650391,0.048674209579848984,3.570109366684496e-05,8.431948175408577,32.37367848903799,nan,nan,nan
461.14,167.49656677246094,-199.86326599121094,-65.51416778564453,168.17418225357554,-199.9376539460091,-65.51106666970153,0.6816934244844358,0.3581986698724126,0.04869389104207124,3.500421791280886e-05,8.610493549455336,33.54140501356272,nan,2.57799206767112,nan
461.15000000000003,167.49671936035156,-199.87197875976562,-65.51513671875,168.16727248329948,-199.94593147982815,-65.51196379869451,0.6746262394256062,0.3581308910392031,0.04868981682351627,3.5687887509945376e-05,8.404796599029062,33.666245334600795,0.8518623021146026,nan,nan
461.16,167.49685668945312,-199.88070678710938,-65.51618957519531,168.16709474006,-199.9548593410979,-65.51286084962628,0.6743357666313188,0.35817930732492625,0.04870950466707838,3.499151915431698e-05,8.38513370580239,32.22602189552598,nan,0.01248257098762705,nan
461.17,167.49700927734375,-199.88941955566406,-65.517333984375,168.16690952508148,-199.96378746508938,-65.51397802322408,0.6740238796560623,0.3582278134636694,0.04872925472089579,3.5696695860631695e-05,8.328269499381479,33.661886089610796,nan,nan,nan
461.18,167.49716186523438,-199.89813232421875,-65.51856231689453,168.16668060623206,-199.97271801163788,-65.51614709980906,0.673664755340877,0.3582764042114757,0.0487490671111741,3.499999102501602e-05,8.124004834271021,33.602672553216266,nan,0.6565469378860516,nan
461.19,167.49729919433594,-199.90684509277344,-65.5198745727539,168.16649073352022,-199.9816463023017,-65.51744814779195,0.6733635159412901,0.358325084965654,0.048768941998562854,3.5705516703139616e-05,8.067570331386746,33.09679052385758,nan,nan,nan
461.2,167.4974365234375,-199.9155731201172,-65.52127075195312,168.18964536895172,-199.99441315174002,-65.51775314997846,0.6966930528705342,0.3582572762599747,0.048764796288260574,3.4987301534622015e-05,8.672326798665829,31.539927481170658,7.270453700892681,0.710736442798699,nan
461.21000000000004,167.49757385253906,-199.92428588867188,-65.52275085449219,168.18949485111935,-200.00333746614984,-65.5192124779969,0.6964311454022707,0.3583057470369334,0.04878467681961162,3.5692302018342996e-05,8.614895898300796,32.52065216904338,nan,nan,nan
461.22,167.49771118164062,-199.93299865722656,-65.5243148803711,168.18926487355597,-200.01226509381453,-65.52263118571605,0.6960836958288785,0.3583543025906465,0.048804619919350804,3.499576613838682e-05,8.290821461397584,32.23302940444883,nan,2.4848226373557183,nan
461.23,167.4978485107422,-199.9417266845703,-65.52596282958984,168.18910878301818,-200.02118926109867,-65.52427572001903,0.6958145668454452,0.3584029477961781,0.04882462574102308,3.570111890874576e-05,8.236731583891725,31.19892166948289,nan,nan,nan
461.24,167.4979705810547,-199.950439453125,-65.5276870727539,168.1889079643375,-200.03011479113195,-65.52705844307997,0.6955163709643886,0.3584516781899035,0.048844694421383734,3.500424265365509e-05,8.114993893723614,31.71086459246589,nan,0.7877216698836823,nan
461.25,167.4980926513672,-199.9591522216797,-65.52948760986328,168.21589592478398,-200.0562739952368,-65.52871518926362,0.7243443758740206,0.3583838442543246,0.04884047362357962,3.568791371423888e-05,7.578519613739156,32.082904437122764,13.541836621670605,nan,nan
461.26,167.49822998046875,-199.96788024902344,-65.53135681152344,168.21575171007075,-200.06524282475885,-65.53097372764212,0.7240974039161705,0.3584323645767727,0.0488605471959984,3.4991544741986556e-05,7.514942561487924,31.314668737297147,nan,0.09823036905688655,nan
461.27,167.49835205078125,-199.97659301757812,-65.53323364257812,168.215619209081,-200.07421098984494,-65.5329001873541,0.7238795176528259,0.35848097421411446,0.04888068371251012,3.569672288167899e-05,7.462407479053973,31.930069647057696,nan,nan,nan
461.28000000000003,167.4984588623047,-199.9853057861328,-65.53509521484375,168.21550180275617,-200.08317853413544,-65.53435845261266,0.7236920588699816,0.35852966917988516,0.04890088331420276,3.5000017324619336e-05,7.424113729904453,31.487846845019618,nan,0.15494658562822258,nan
461.29,167.4985809326172,-199.9940185546875,-65.53693389892578,168.21536434306051,-200.09214638137016,-65.53626241085152,0.7234694041578138,0.35857845363594226,0.04892114614819327,3.5705544390673726e-05,7.370355225555764,31.9057218652851,nan,nan,nan
461.3,167.4987030029297,-200.00274658203125,-65.53874206542969,168.1965475259702,-200.09055907915865,-65.5388609749601,0.7033477284593099,0.3585105897198381,0.0489168466358989,3.4987328387289755e-05,7.553937362657015,30.831012795273118,4.585958025515574,0.3335566777178597,nan
461.31,167.49880981445312,-200.01145935058594,-65.54051208496094,168.1963800790752,-200.09950070855703,-65.54071469979098,0.7031042567436723,0.3585591637665996,0.04893711358976657,3.5692330210608724e-05,7.504198554089314,31.424047757355204,nan,nan,nan
461.32,167.49891662597656,-200.02017211914062,-65.54225158691406,168.19621836460038,-200.1084420488338,-65.54230938811382,0.7028664869780192,0.3586078232639307,0.04895744385061891,3.4995793431449576e-05,7.452921143417969,31.289246300887186,nan,0.03621198212553313,nan
461.33,167.4990234375,-200.0288848876953,-65.54396057128906,168.19604632576983,-200.11738341907767,-65.54409528883309,0.7026186127463915,0.35865657194040484,0.048977837563517604,3.570114749449373e-05,7.4033689237882925,31.153513946250715,nan,nan,nan
461.34000000000003,167.49913024902344,-200.03759765625,-65.54563903808594,168.19589722418448,-200.126324637518,-65.54512309409571,0.7023937365026811,0.3587054064574858,0.04899829487262696,3.50042702653508e-05,7.360752997536739,31.054232813100516,nan,0.37142451963465944,nan
461.35,167.49923706054688,-200.04632568359375,-65.54727935791016,168.20224419367344,-200.13471466131006,-65.54687727903261,0.708542025765575,0.3586375159847865,0.04899391301702565,3.5687942548157896e-05,7.568059302585819,29.929826252373417,1.2949124348942886,nan,nan
461.36,167.4993438720703,-200.05503845214844,-65.54888153076172,168.20200677163928,-200.14364887963157,-65.55076407939929,0.7082305431699338,0.3586861399709444,0.04901437365730991,3.499157253724324e-05,7.615275777102261,31.1443630649595,nan,3.4336148583362487,nan
461.37,167.4994354248047,-200.06375122070312,-65.55046081542969,168.2018413010754,-200.15258289606575,-65.55243691945554,0.7080035215692688,0.3587348528415935,0.0490348979663589,3.569675187274372e-05,7.574556218449964,30.2840116025068,nan,nan,nan
461.38,167.49954223632812,-200.0724639892578,-65.552001953125,168.2017025396476,-200.16151707172133,-65.55320078557175,0.7077859706529972,0.3587836516492995,0.049055486088580805,3.5000045219643226e-05,7.457187039269121,30.932342239012925,nan,0.5447149820531276,nan
461.39,167.4996337890625,-200.0811767578125,-65.55352020263672,168.20153338854612,-200.17045101867774,-65.55480415463397,0.7075553617499047,0.3588325395376567,0.04907613816866575,3.570557343380608e-05,7.4139836830484445,30.125745433995778,nan,nan,nan
461.40000000000003,167.49972534179688,-200.0898895263672,-65.55500030517578,168.2179340825058,-200.18041050057226,-65.55375952576053,0.723891829996224,0.35876461881476773,0.04907167033051357,3.498735626221187e-05,7.810453222029821,29.815352564568823,4.732341960081178,4.962241510373867,nan
461.41,167.49981689453125,-200.09861755371094,-65.55645751953125,168.21779499064732,-200.18933590719092,-65.55527844575673,0.7236876096600953,0.35881329585061716,0.049092324935588995,3.569235918426903e-05,7.758303734754077,28.61186812497502,nan,nan,nan
461.42,167.49990844726562,-200.10733032226562,-65.55787658691406,168.21765449130518,-200.19826141227907,-65.55675956026026,0.7234839974830215,0.3588620589033694,0.049113043566479185,3.499582121929067e-05,7.706973532571874,29.861022986563135,nan,6.29643669964563e-05,nan
461.43,167.5,-200.1160430908203,-65.55927276611328,168.21751196972468,-200.20718686527428,-65.55822240677452,0.723278450926509,0.3589109107658059,0.049133826369054,3.5701176333689515e-05,7.654427998471087,29.624611811474807,nan,nan,nan
461.44,167.5000762939453,-200.124755859375,-65.5606460571289,168.21740331847874,-200.21611340363455,-65.55845480766673,0.7231245138932358,0.35895984901549766,0.04915467348599417,3.500429788388051e-05,7.713606406078484,29.08281113880145,nan,1.022357409675817,nan
461.45,167.5001678466797,-200.1334686279297,-65.5619888305664,168.20853410427105,-200.22837329698902,-65.5598250428626,0.7146987708681781,0.3588919004643048,0.04915011602170124,3.568797114633438e-05,7.166006217746758,30.25207353985484,4.675921226848314,nan,nan
461.46000000000004,167.500244140625,-200.14218139648438,-65.56330108642578,168.20836328777978,-200.23731745365237,-65.5611955661662,0.7144844499051336,0.35894062887893224,0.049170964841598185,3.640709141706552e-05,7.110636414101355,29.843004375559026,nan,nan,nan
461.47,167.50033569335938,-200.15089416503906,-65.56459045410156,168.20819090254196,-200.24626164237588,-65.56254059461394,0.7142535647964428,0.35898944468328914,0.04919187804195507,3.714065159476698e-05,7.055856921773787,30.20006116966403,nan,nan,nan
461.48,167.5004119873047,-200.1596221923828,-65.56584930419922,168.20801689951216,-200.25520589381077,-65.56386079296448,0.7140342498338182,0.3590383480218757,0.04921285576727209,3.7888796179638766e-05,7.0027200940266,28.89523882727586,nan,nan,nan
461.49,167.50048828125,-200.1683349609375,-65.56708526611328,168.20784134105799,-200.2641501504203,-65.56515660624994,0.7138155374354177,0.35908733903919204,0.04923389816204944,3.8651669671880876e-05,6.94938456865618,29.725118015162895,nan,nan,nan
461.5,167.5005645751953,-200.1770477294922,-65.56829833984375,168.23585980680383,-200.26645886963973,-65.56669380814111,0.7407131726455883,0.35901935964511916,0.04922924741951242,3.774996688178127e-05,8.238256520008658,28.14574289359568,32.92100307884915,0.06863321916648665,nan
461.51,167.50064086914062,-200.18576049804688,-65.56948852539062,168.23574950168805,-200.27535851601058,-65.56794413393807,0.7405503977540797,0.3590681393559544,0.04925029067630862,3.8508642505380996e-05,8.18560647828796,28.060391092813436,nan,nan,nan
461.52,167.50071716308594,-200.19447326660156,-65.5706558227539,168.23565197412543,-200.28425910967198,-65.56862206719464,0.7404017897433779,0.35911700539375735,0.04927139865959493,3.7639298162907595e-05,8.187383001810845,28.061135752733975,nan,0.18363683823674787,nan
461.53000000000003,167.50079345703125,-200.20318603515625,-65.57179260253906,168.23553868438256,-200.2931588046678,-65.5698212638916,0.7402361343147003,0.3591659601237661,0.04929257152236165,3.839492646375968e-05,8.132768594018883,28.287181282110257,nan,nan,nan
461.54,167.5008544921875,-200.21189880371094,-65.57291412353516,168.23534755679913,-200.30205311586806,-65.57403118529609,0.7400061552379693,0.3592150015483001,0.049313809399809505,3.753205092893419e-05,8.019549260449258,27.485638521504544,nan,5.631379246550726,nan
461.55,167.5009307861328,-200.2206268310547,-65.57401275634766,168.24750062471819,-200.32794662544734,-65.57517087444694,0.7542449226818848,0.3591469932800802,0.04930906173556779,3.825974102973979e-05,7.114408194467227,27.687980740044875,15.68416651732668,nan,nan
461.56,167.50099182128906,-200.22933959960938,-65.57508850097656,168.24736416085696,-200.33689732938032,-65.57726597325201,0.7540855892344371,0.3591958232421265,0.04933029961797612,3.740429652401282e-05,7.162586019693529,28.288674905578546,nan,0.5345698750817482,nan
461.57,167.50106811523438,-200.23805236816406,-65.57614135742188,168.24724877945644,-200.34584978450005,-65.57841855876383,0.753930402804894,0.3592447416459468,0.04935160258358708,3.815334413686346e-05,7.127997983037219,28.75279867679339,nan,nan,nan
461.58,167.50112915039062,-200.24676513671875,-65.5771713256836,168.2471827831597,-200.3548067315013,-65.57738614354936,0.7538362257929817,0.3592937467915746,0.04937297076414934,3.730401878485556e-05,6.950250269848391,28.20814019292712,nan,2.9054643693486173,nan
461.59000000000003,167.50119018554688,-200.25547790527344,-65.57818603515625,168.247064641778,-200.36375927489476,-65.5784774902279,0.7536933357879708,0.3593428405983665,0.04939440431778628,3.8050485275448945e-05,6.908431293986063,27.97746354074494,nan,nan,nan
461.6,167.50125122070312,-200.26419067382812,-65.57917022705078,168.27436667619486,-200.39020313812566,-65.58081832966742,0.7833194526633197,0.35927480100867043,0.04938955607005324,3.7183572404968205e-05,6.544387524420861,28.783552919190264,12.168147883758456,1.2013858311826675,nan
461.61,167.50131225585938,-200.27291870117188,-65.58014678955078,168.274281451005,-200.39919947948,-65.58188249572889,0.7832185035417191,0.3593236830449185,0.049410988757366096,3.7926659639823784e-05,6.510479051918712,27.310246309178613,nan,nan,nan
461.62,167.50137329101562,-200.28163146972656,-65.58110046386719,168.27420024369064,-200.40819642292374,-65.58268722924774,0.7831236837071974,0.3593726518530056,0.04943248685612186,3.7090141298138526e-05,6.457884900795994,28.341586504481175,nan,0.03633990391737364,nan
461.63,167.50143432617188,-200.29034423828125,-65.58203125,168.2741125656956,-200.41719269033064,-65.58371214104123,0.7830229990335429,0.35942170909694804,0.04945405052811022,3.7830940225916935e-05,6.423899456113127,28.433657016797262,nan,nan,nan
461.64,167.50149536132812,-200.29905700683594,-65.58294677734375,168.27401855191027,-200.42618822974336,-65.58495762514374,0.7829166439245205,0.3594708534595997,0.04947567989962583,3.700001480524352e-05,6.417962810440137,28.289260941962393,nan,0.03578903295042347,nan
461.65000000000003,167.5015411376953,-200.30776977539062,-65.5838394165039,168.27363156292833,-200.45481423353257,-65.585901278356,0.7859707047219112,0.3594027837501843,0.0494707274349132,3.7714534841214806e-05,5.224471497969583,29.69548805905183,33.11565673491695,nan,nan
461.66,167.50160217285156,-200.3164825439453,-65.584716796875,168.27350571757574,-200.46387990637058,-65.58734612618366,0.7858549345650865,0.359451716161262,0.04949235505134174,3.68900881401359e-05,5.261988674682905,30.056662947765922,nan,0.14049747488694792,nan
461.67,167.5016632080078,-200.32521057128906,-65.58557891845703,168.27338820120696,-200.47294683124164,-65.58830827930088,0.7857435440674075,0.35950073679749955,0.04951404843749998,3.762577647964827e-05,5.23649138100857,28.873769646023476,nan,nan,nan
461.68,167.501708984375,-200.33392333984375,-65.58642578125,168.3150708383066,-200.4547480552546,-65.58814099054484,0.8222889146936782,0.3582417942385109,0.048978559820850184,3.6804974615708764e-05,10.627233572184574,34.761674103204946,nan,0.856421044619304,1.3343940965523877
461.69,167.50177001953125,-200.34263610839844,-65.58724975585938,168.31497829346392,-200.46374440626246,-65.58905992971536,0.8221789302417501,0.35828928864804027,0.0489975043501182,3.753872942974928e-05,10.566446554723115,35.354764757772124,nan,nan,nan
461.7,167.50181579589844,-200.35134887695312,-65.58806610107422,168.3233689364698,-200.47608582411593,-65.58902094194353,0.8309691814328828,0.3582192466440548,0.04899345049090892,3.6701930784671174e-05,10.455095375175343,34.5147148296366,0.6408873839516614,0.6036524161059028,nan
461.71000000000004,167.50186157226562,-200.3600616455078,-65.58885955810547,168.32328747088295,-200.48508847668302,-65.58989977290342,0.8308870545867301,0.35826653527854885,0.049012402127950064,3.7432991138512724e-05,10.392431220736098,34.683816467344094,nan,nan,nan
461.72,167.5019073486328,-200.3687744140625,-65.58963775634766,168.3232398755511,-200.49407748871897,-65.59014379165201,0.8308358660795105,0.35831390555340487,0.04903141175213553,3.662489671359482e-05,10.304148497461265,34.58170274701297,nan,0.24732414428981978,nan
461.73,167.50196838378906,-200.37750244140625,-65.59040069580078,168.32315655902926,-200.5030801394923,-65.59098686370508,0.8307346874927803,0.35836136738552876,0.049050481013403716,3.735430473026962e-05,10.241261520794405,33.89262783649207,nan,nan,nan
461.74,167.50201416015625,-200.38621520996094,-65.59114837646484,168.32315410943494,-200.5120503629045,-65.59031749286565,0.830726183760503,0.3584089114023908,0.04906960858306195,3.65509452253238e-05,10.185305737138934,34.44570944773173,nan,1.45018230302441,nan
461.75,167.50205993652344,-200.39492797851562,-65.59188079833984,168.32115841935237,-200.51497194784952,-65.5910927230153,0.8278487181899938,0.3583388894007292,0.04906550178599662,3.725538121524111e-05,10.665877928770048,33.853519210770635,4.537975388825487,nan,nan
461.76,167.50210571289062,-200.4036407470703,-65.59259796142578,168.32109480341845,-200.52394576376403,-65.59160510927241,0.8277786015600207,0.3583862277433386,0.04908463593495806,3.645759056951497e-05,10.610851536891545,33.84034309483989,nan,0.048456246709922664,nan
461.77,167.5021514892578,-200.41236877441406,-65.59329986572266,168.32101571948124,-200.53292542856363,-65.59237465506864,0.8276916034453268,0.3584336570540791,0.04910382991396572,3.718310992137518e-05,10.543320930672419,32.82103500421588,nan,nan,nan
461.78000000000003,167.50218200683594,-200.42108154296875,-65.593994140625,168.32089068416312,-200.54192296811874,-65.59399390960357,0.8275787263838739,0.358481168943279,0.049123082530831995,3.638972738103576e-05,10.456163082896692,33.09761912880079,nan,0.4855535906112893,nan
461.79,167.50222778320312,-200.42979431152344,-65.59466552734375,168.32080962581523,-200.55090280962278,-65.59474577849059,0.8274923007535201,0.35852877185479803,0.049142395236652474,3.7113915027789076e-05,10.3919415548678,33.80424241118009,nan,nan,nan
461.8,167.5022735595703,-200.43850708007812,-65.59532928466797,168.32616347255998,-200.56103699281152,-65.59550911582396,0.8329514995363333,0.3584587604035048,0.049138230790734636,3.630256485202878e-05,10.448282194669076,33.48620243759277,0.5876634829533127,0.0014676400451546154,nan
461.81,167.5023193359375,-200.4472198486328,-65.59597778320312,168.3260913415324,-200.57001705133214,-65.59623698605019,0.8328742626463636,0.3585061572444734,0.049157549452755,3.7024617035775586e-05,10.3854158131775,33.490319242388914,nan,nan,nan
461.82,167.50234985351562,-200.45594787597656,-65.59661865234375,168.32605067964232,-200.5789843678591,-65.59630245709661,0.8328391977302702,0.35855363701782317,0.04917692707377445,3.6240542591335786e-05,10.324998142839021,31.825245033197678,nan,0.27812804392685536,nan
461.83,167.5023956298828,-200.46466064453125,-65.59723663330078,168.32597712803914,-200.58796458291414,-65.596999896028,0.8327607107511088,0.3586012072833412,0.04919636497924056,3.6961462061364296e-05,10.260652316345382,33.567236416947416,nan,nan,nan
461.84000000000003,167.50242614746094,-200.47337341308594,-65.59784698486328,168.32584872182628,-200.5969665372369,-65.59881122731068,0.8326469396300786,0.35864886097698434,0.04921586216022628,3.6181318535809476e-05,10.222653219147402,32.910063791536295,nan,0.836157076444471,nan
461.85,167.50247192382812,-200.48208618164062,-65.59844970703125,168.3266840708883,-200.6062943664477,-65.5995264650837,0.8335193434723059,0.3585788675209576,0.04921163798018745,3.6878273653153253e-05,10.184440323908944,33.148549636599746,0.045813181346007203,nan,nan
461.86,167.50250244140625,-200.49081420898438,-65.59903717041016,168.32662859271983,-200.61526798328097,-65.59979494295969,0.8334705930234348,0.35862631518821425,0.04923114054227084,3.610286158413263e-05,10.1087909784393,31.786993461889242,nan,0.10958682264292259,nan
461.87,167.50254821777344,-200.49952697753906,-65.599609375,168.32655325189637,-200.62424944736134,-65.60045525407831,0.8333910884152289,0.3586738528538639,0.04925070358472463,3.6820882971697694e-05,10.050454309900447,33.307749348979115,nan,nan,nan
461.88,167.50257873535156,-200.50823974609375,-65.60017395019531,168.32640133504688,-200.6332616196573,-65.60276953615647,0.8332591923912853,0.35872147424652295,0.049270326213806094,3.604910083038501e-05,10.15694420634162,32.836699027321075,nan,1.842017329723222,nan
461.89,167.5026092529297,-200.51695251464844,-65.6007308959961,168.32632454802803,-200.64224319610562,-65.60342527487722,0.8331937961341914,0.3587691857375454,0.04929000958674196,3.676624787704728e-05,10.106855212964852,32.61518569572695,nan,nan,nan
461.90000000000003,167.50265502929688,-200.5256805419922,-65.60127258300781,168.35267857848336,-200.66296082915827,-65.60222037939876,0.8610382161867115,0.3586992029907576,0.049285721218315016,3.5976138934315633e-05,9.792179583780038,32.18178607163132,6.808216446276939,2.5531952289221707,nan
461.91,167.502685546875,-200.53439331054688,-65.60179901123047,168.35263938964968,-200.67196690359316,-65.60283863845474,0.8610163234084924,0.358746708098385,0.04930540931521314,3.66916000763631e-05,9.737113268095028,32.923342379088254,nan,nan,nan
461.92,167.50271606445312,-200.54310607910156,-65.6023178100586,168.35260614470243,-200.68097027120496,-65.60329266946285,0.8609997876430384,0.35879429719768086,0.04932515730188137,3.5927570288463795e-05,9.674880858265741,32.72392321727276,nan,0.01596208766923863,nan
461.93,167.50274658203125,-200.5518341064453,-65.60282897949219,168.35256572610214,-200.6899765036311,-65.60389005973987,0.8609744626996273,0.358841975952185,0.04934496623040195,3.664231675691026e-05,9.621644441856327,31.54122705731924,nan,nan,nan
461.94,167.50277709960938,-200.560546875,-65.60333251953125,168.35253894101925,-200.69897695141609,-65.60413534479571,0.8609638306579815,0.358889739152287,0.04936483536078145,3.588148126287854e-05,9.550284308189285,32.37755701021884,nan,0.07889405840062076,nan
461.95,167.5028076171875,-200.5692596435547,-65.60382080078125,168.36707857645087,-200.70432226659906,-65.6046639925023,0.8747610611715196,0.3588197725237728,0.0493604803865623,3.6573027058234034e-05,10.40553872958771,31.810498108433254,13.22379134748414,nan,nan
461.96000000000004,167.50283813476562,-200.57797241210938,-65.60430145263672,168.36710735277583,-200.7132900850319,-65.6044838799692,0.8747983693885549,0.3588673293352011,0.04938035362087736,3.581616676355761e-05,10.328425395937867,31.64495884651243,nan,0.3751157520259948,nan
461.97,167.50286865234375,-200.58670043945312,-65.60477447509766,168.36710522088103,-200.72227019252736,-65.6050339666251,0.8748051621255751,0.3589149753896906,0.04940028799512611,3.652880560851183e-05,10.27249861718917,30.516678835059448,nan,nan,nan
461.98,167.50289916992188,-200.5954132080078,-65.60523223876953,168.36705058899204,-200.73127158782845,-65.60689475720835,0.8747673624547457,0.3589627061073554,0.049420282864860665,3.577486888922498e-05,10.289946377312356,31.755478949391925,nan,1.1751708259056668,nan
461.99,167.5029296875,-200.6041259765625,-65.60568237304688,168.3670471426473,-200.74025178545446,-65.60744109364161,0.8747755742102412,0.3590105262072505,0.04944033914227672,3.648699683504937e-05,10.239766246221194,31.62806826702539,nan,nan,nan
462.0,167.50296020507812,-200.61285400390625,-65.60612487792969,168.3939777572577,-200.75769295577425,-65.60686166482591,0.9027132120032414,0.35894057013933645,0.04943591332309767,3.571432719377698e-05,10.367795419367413,30.592046556234155,7.041030081228761,1.0241339183375047,nan
462.01,167.5029754638672,-200.62156677246094,-65.60655975341797,168.39401945822277,-200.76668460287658,-65.6073821365768,0.902784171823896,0.3589881835261567,0.04945597301393351,3.642512350631278e-05,10.314756197469515,31.15694372782558,nan,nan,nan
462.02,167.5030059814453,-200.63027954101562,-65.60698699951172,168.39410261141137,-200.77565886189564,-65.60675249008433,0.9028778465944709,0.3590358817645984,0.04947609348631263,3.5677542632119404e-05,10.241029344617013,31.350250153643994,nan,0.8860582906629418,nan
462.03000000000003,167.50303649902344,-200.63900756835938,-65.60740661621094,168.39414304370192,-200.7846504759837,-65.60724623158981,0.9029300948762952,0.35908366901608496,0.049496275566025386,3.638795361283346e-05,10.185226549531563,30.254180790273818,nan,nan,nan
462.04,167.50315856933594,-200.64772033691406,-65.60791778564453,168.39423800075065,-200.79364009590026,-65.60763715412081,0.9029480649001934,0.3591315415375661,0.04951651873528501,3.564290714795063e-05,10.1289207035855,31.167543937958516,nan,0.014637377691145294,nan
462.05,167.50338745117188,-200.65643310546875,-65.6085205078125,168.3812222504059,-200.79765422087354,-65.60827565863713,0.889121700406378,0.3590615998139264,0.04951201937783758,3.6330682607908396e-05,10.046762272885042,31.277907194905044,1.4812844054385006,nan,nan
462.06,167.5037078857422,-200.6651611328125,-65.60921478271484,168.38148607587607,-200.8066376351798,-65.60900021566846,0.8891064041136008,0.359109267331337,0.049532265599224454,3.705418564025959e-05,9.990340919150833,30.15667706232487,nan,nan,nan
462.07,167.50411987304688,-200.6738739013672,-65.61000061035156,168.3818458660134,-200.81562105809348,-65.6098172513146,0.8890979747978341,0.3591570217632578,0.049552573327203,3.779214346159718e-05,9.933078439781816,30.96154525688891,nan,nan,nan
462.08,167.50462341308594,-200.68258666992188,-65.61087799072266,168.38236621351888,-200.82457722996998,-65.60876743747116,0.8891558903193871,0.35920486147677155,0.04957294239807329,3.6961724352353686e-05,9.996248054165218,30.9085887643881,nan,2.422655302871915,nan
462.09000000000003,167.50518798828125,-200.69131469726562,-65.61184692382812,168.38289344923643,-200.83356066047054,-65.60974730142335,0.8891598273948775,0.3592527901694923,0.049593373570924616,3.769766300924659e-05,9.93837766000578,29.99947996400026,nan,nan,nan
462.1,167.50576782226562,-200.7000274658203,-65.61289978027344,168.40522569213326,-200.8517514353682,-65.61205562044324,0.9121651907456243,0.35918285846561315,0.0495887965913449,3.685006231009653e-05,9.78567789431429,31.23519528758002,4.335368323678415,0.8694387978086262,nan
462.11,167.50634765625,-200.708740234375,-65.61404418945312,168.40583276052226,-200.8607529278832,-65.61322645626767,0.9122400892763132,0.35923058009912784,0.0496092297910717,3.758318655441157e-05,9.730499547542664,30.908404003256734,nan,nan,nan
462.12,167.50692749023438,-200.71746826171875,-65.61527252197266,168.40644416987948,-200.86975242313335,-65.61434015290135,0.9123166073735497,0.35927838716250704,0.049629724607624374,3.6765039255805805e-05,9.684385260106305,30.017624807031286,nan,0.013340314832384658,nan
462.13,167.5074920654297,-200.72618103027344,-65.61658477783203,168.40704538308788,-200.8787537798763,-65.61568335958319,0.9124009139550928,0.3593262828738872,0.0496502817226005,3.749640574326168e-05,9.629769108095298,30.855064070189187,nan,nan,nan
462.14,167.508056640625,-200.73489379882812,-65.61798095703125,168.40758667020816,-200.8877768647806,-65.61881805060887,0.912429836591596,0.3593742644140748,0.04967090076036615,3.668356530024189e-05,9.57457215400235,30.981052545061974,nan,1.8670593433100766,nan
462.15000000000003,167.50860595703125,-200.74362182617188,-65.61946105957031,168.4023467314927,-200.89651976138217,-65.62035362637049,0.9067255081897934,0.3593043454834478,0.04966624328513615,3.738974292508633e-05,9.3565252393009,29.876800196367288,0.7274271493440172,nan,nan
462.16,167.50914001464844,-200.75233459472656,-65.62102508544922,168.40290719483625,-200.90552384724356,-65.62194434385597,0.9068007303170857,0.3593521198888929,0.04968686364695335,3.6583020234463965e-05,9.306765155213217,30.605020419681328,nan,0.0003445390618997564,nan
462.17,167.50967407226562,-200.76104736328125,-65.62266540527344,168.40345623490808,-200.91452782776102,-65.62364072480293,0.9068647961426938,0.3593999826370328,0.049707546503615536,3.731030512469467e-05,9.25758533288233,30.98268058933762,nan,nan,nan
462.18,167.51019287109375,-200.769775390625,-65.6243896484375,168.40400147726425,-200.92352880589218,-65.62517873332261,0.9069369106093982,0.3594479313229559,0.04972829154771646,3.650849563728508e-05,9.199334779225538,29.646276288197022,nan,0.037356504699508956,nan
462.19,167.51071166992188,-200.7784881591797,-65.62619018554688,168.40452953372073,-200.93253253057273,-65.62703536180115,0.9069954555160312,0.359495968543019,0.049749099360443826,3.723436542824268e-05,9.15032726825815,30.93149497757116,nan,nan,nan
462.2,167.51119995117188,-200.78720092773438,-65.62805938720703,168.4031893838494,-200.93417549562812,-65.62884701250202,0.9040173073395898,0.359426059025492,0.04974435743690988,3.641496565458776e-05,9.674547827342364,29.626064922115187,5.180457440265074,0.01974457480739514,nan
462.21000000000004,167.51168823242188,-200.79591369628906,-65.62992858886719,168.40370560505076,-200.94315254160088,-65.63081160517227,0.9040879660510319,0.3594738888245921,0.049765165816779325,3.713861812944433e-05,9.627842755693612,30.29751336771489,nan,nan,nan
462.22,167.51217651367188,-200.8046417236328,-65.63179779052734,168.40421200249023,-200.95212944579663,-65.63277672594539,0.90414650351313,0.3595218056953388,0.049786036830522976,3.787672175313379e-05,9.582744167485387,28.85678182810975,nan,nan,nan
462.23,167.5126495361328,-200.8133544921875,-65.63362884521484,168.404708825858,-200.96110617988592,-65.63472408310959,0.9042132144294138,0.3595698097822325,0.049806970622641035,3.8629421025856146e-05,9.538314505680113,30.23348192566131,nan,nan,nan
462.24,167.5131072998047,-200.8220672607422,-65.63543701171875,168.40520366828434,-200.9700796100032,-65.63635161364657,0.9042922219531936,0.35961790017962114,0.04982796714660931,3.774461667471169e-05,9.4797392855723,29.646592393863603,nan,0.05202514034904514,nan
462.25,167.5135498046875,-200.83078002929688,-65.63721466064453,168.38753071746663,-200.96583892846334,-65.63825950368883,0.8843554906502754,0.35954800175117074,0.049823137707071266,3.8469443712512384e-05,9.94676465283297,28.809167877482608,7.261362515580349,nan,nan
462.26,167.5139923095703,-200.83950805664062,-65.63895416259766,168.38799000777362,-200.97477566826987,-65.63974963793228,0.8844037177678387,0.359595884625039,0.049844134056660196,3.7594044747430844e-05,9.886721754838161,28.169126021281894,nan,0.08141085695457378,nan
462.27,167.51443481445312,-200.8482208251953,-65.64066314697266,168.38843163005194,-200.98371594852188,-65.64156858131837,0.8844377773102551,0.35964385558688,0.04986519358311826,3.833992722950678e-05,9.84140187738374,29.023257212355034,nan,nan,nan
462.28000000000003,167.51486206054688,-200.85693359375,-65.642333984375,168.3888679658564,-200.99265447102178,-65.64321421465193,0.8844813473718338,0.35969191292920377,0.049886316093234434,3.747248236088162e-05,9.791371914535711,28.994258380307862,nan,0.012153567819588354,nan
462.29,167.51527404785156,-200.8656463623047,-65.64397430419922,168.3892926317767,-201.00159408433964,-65.64496688226387,0.884528831290539,0.3597400585696078,0.04990750205635782,3.821570577185557e-05,9.747686165016258,28.64611261010591,nan,nan,nan
462.3,167.51568603515625,-200.87435913085938,-65.64557647705078,168.4033601077651,-201.01590384734774,-65.64614832473316,0.8988884763737623,0.35967016866809826,0.04990258126614483,3.733258799712289e-05,9.72283242771275,29.140133206761654,2.101561893836662,0.26504740340527083,nan
462.31,167.51608276367188,-200.88308715820312,-65.64715576171875,168.40379010338725,-201.02485283930685,-65.64783355510971,0.8989562218079552,0.359718106510436,0.049923766265776416,3.8072385550735764e-05,9.679295615508025,27.576417174638397,nan,nan,nan
462.32,167.5164794921875,-200.8917999267578,-65.64869689941406,168.40425077565772,-201.03378519820546,-65.64769094295364,0.899054325950783,0.35976613078173686,0.04994501449378836,3.722103302825177e-05,9.646247494702855,28.90559427158174,nan,2.0113576984732027,nan
462.33,167.51686096191406,-200.9005126953125,-65.65021514892578,168.4046647935614,-201.042734163553,-65.64929776179906,0.8991237017870988,0.35981424311533544,0.04996632637002087,3.79585123662307e-05,9.593600519798297,28.31846015254908,nan,nan,nan
462.34000000000003,167.51722717285156,-200.9092254638672,-65.65169525146484,168.40507379714222,-201.05168193252908,-65.65073963929032,0.8992031955695912,0.35986244223103037,0.04998770177440876,3.711422185133318e-05,9.548932146630017,28.478553294272217,nan,0.01149191975542187,nan
462.35,167.51760864257812,-200.91793823242188,-65.65314483642578,168.42494226188776,-201.07582809045144,-65.65233555022465,0.9209691411455004,0.35979256184976977,0.04998268644314044,3.782562838977262e-05,8.933328943196184,29.593397472479438,9.660556005501954,nan,nan
462.36,167.51795959472656,-200.92665100097656,-65.65457153320312,168.42531464847494,-201.0848347964635,-65.6557440916282,0.9210410857343063,0.359840553032673,0.050004060104037906,3.6989171966133324e-05,8.907342992211532,28.795874751172637,nan,2.250427112749595,nan
462.37,167.51832580566406,-200.93536376953125,-65.65596771240234,168.4257170844872,-201.09382533242567,-65.65725451666842,0.9211246689045027,0.35988863206024013,0.05002549760758455,3.772154623266661e-05,8.86771825583326,29.237346776401804,nan,nan,nan
462.38,167.51866149902344,-200.944091796875,-65.65733337402344,168.42609475128012,-201.1028234621658,-65.65966786180557,0.9212145779894758,0.3599367978905939,0.05004699887594243,3.6891598644249233e-05,8.927448296298056,27.995306964196068,nan,0.5485523941342545,nan
462.39,167.51901245117188,-200.9528045654297,-65.65867614746094,168.42648305138349,-201.11181395217233,-65.66113374044073,0.9212995794441374,0.3599850517990953,0.05006856426653116,3.762210073815252e-05,8.894465900807715,29.075272651163885,nan,nan,nan
462.40000000000003,167.5193328857422,-200.96151733398438,-65.65998840332031,168.43289081464053,-201.12313918397413,-65.66364436855473,0.9277516251286954,0.3599151789600945,0.05006345065231663,3.677582415970689e-05,9.085749494599783,29.043766008252184,0.4839651839095917,0.6450029802847612,nan
462.41,167.51966857910156,-200.97023010253906,-65.6612777709961,168.43327543220866,-201.13213362531974,-65.66506990026187,0.9278494559881011,0.35996322467878017,0.050085013480644695,3.750367531100741e-05,9.060569134758373,29.18980421932464,nan,nan,nan
462.42,167.51998901367188,-200.97894287109375,-65.66253662109375,168.43367850709748,-201.14111717137476,-65.66503277570614,0.9279737199165865,0.3600113572047023,0.05010664030409841,3.6686973652819e-05,8.802365743658978,28.94863722086024,nan,1.3256769437339493,nan
462.43,167.52029418945312,-200.98765563964844,-65.66378021240234,168.4340505001666,-201.15011166573936,-65.66639468823323,0.9280891073953029,0.36005957761486596,0.05012833144433478,3.741322398687405e-05,8.771183555719027,28.2526197896494,nan,nan,nan
462.44,167.52061462402344,-200.99636840820312,-65.66498565673828,168.43441271355826,-201.1591078066276,-65.66794333696447,0.9281809134588835,0.3601078851657153,0.05015008687646377,3.660225531310563e-05,8.78300058569438,29.267827115549768,nan,0.028600435864991672,nan
462.45,167.52090454101562,-201.0050811767578,-65.66617584228516,168.39478589170713,-201.15550891625986,-65.66924695846687,0.8867392805400622,0.36003802022847353,0.05014487167528717,3.730379509784999e-05,8.443558771508357,28.055904983731768,14.079383279313603,nan,nan
462.46000000000004,167.52120971679688,-201.01380920410156,-65.66734313964844,168.3950928415592,-201.1644765269419,-65.6691186375474,0.8867781629635679,0.360086119429063,0.050166623728807154,3.649930604414131e-05,8.23415791416567,27.27237812676098,nan,1.3102136187192013,nan
462.47,167.52149963378906,-201.02252197265625,-65.6684799194336,168.39537142192057,-201.1734537832367,-65.67037575485618,0.886812216723026,0.3601343063334202,0.05018844029225222,3.722180870933529e-05,8.200861899645783,28.2808406443837,nan,nan,nan
462.48,167.5217742919922,-201.03123474121094,-65.66960144042969,168.39564845918142,-201.1824291924629,-65.67132190253399,0.8868589415233425,0.36018258036202416,0.050210321370803265,3.642257454614651e-05,8.142622055497519,27.64927744793381,nan,0.054415082434585586,nan
462.49,167.52206420898438,-201.03994750976562,-65.67070007324219,168.39591534224041,-201.1914066416474,-65.67253277352498,0.8868816327524056,0.3602309423453756,0.05023226724157274,3.714382773202916e-05,8.108428300747411,28.04535399070113,nan,nan,nan
462.5,167.52232360839844,-201.0486602783203,-65.67176818847656,168.38813843810257,-201.19815993044784,-65.6757865426103,0.8786362230706161,0.36016108380273854,0.05022694679637116,3.632758132920846e-05,8.35084056650569,28.198488850148735,0.6014945810561658,2.758197656060056,nan
462.51,167.52259826660156,-201.057373046875,-65.67282104492188,168.3883798733993,-201.20713510022418,-65.67697584462488,0.8786488067784448,0.36020923719034,0.050248888440515165,3.704679273358182e-05,8.329527532402102,28.30089152670792,nan,nan,nan
462.52,167.52285766601562,-201.0660858154297,-65.67385864257812,168.38864771552483,-201.21609629507626,-65.67579220839887,0.8786918074670554,0.3602574776735482,0.05027089481724496,3.625834920353854e-05,7.9244502931532566,27.352506745968217,nan,3.6370537907775593,nan
462.53000000000003,167.5231170654297,-201.07481384277344,-65.67486572265625,168.38887867757927,-201.22507157403507,-65.67691861616392,0.8787063043175988,0.3603058059485616,0.050292966178632756,3.6976524204384185e-05,7.894310315855969,26.953117726272588,nan,nan,nan
462.54,167.5233612060547,-201.08352661132812,-65.67585754394531,168.38911162053506,-201.2340438958185,-65.67746301037201,0.8787387613083557,0.36035422163797726,0.05031510256701727,3.619266550909525e-05,7.8099888274117735,27.31122023632386,nan,0.2088341978520145,nan
462.55,167.52362060546875,-201.0922393798828,-65.67682647705078,168.36238853821334,-201.23437766345427,-65.67845415112556,0.8507276802715209,0.3602843694050843,0.050309673497609626,3.6887145152962845e-05,7.586510164192887,27.814687164350243,6.687405240760397,nan,nan
462.56,167.5238494873047,-201.1009521484375,-65.67778015136719,168.36257005523774,-201.2433357487882,-65.67851922509843,0.8507207690851052,0.3603325763176808,0.05033180480874209,3.610860562648906e-05,7.488764822112968,26.880718846234924,nan,0.6587811608864851,nan
462.57,167.5240936279297,-201.1096649169922,-65.6787109375,168.36273446717925,-201.25229924239474,-65.67955349863502,0.8506842645479701,0.36038087086894394,0.0503540012950641,3.682409388599656e-05,7.451521888368993,27.480530292273386,nan,nan,nan
462.58,167.52432250976562,-201.11837768554688,-65.67962646484375,168.36291142629867,-201.26125504939802,-65.67903289923984,0.8506736532614828,0.3604292527903993,0.050376263019553905,3.604972924014133e-05,7.401172429180493,26.983347861457872,nan,1.570586775045641,nan
462.59000000000003,167.52455139160156,-201.12709045410156,-65.68052673339844,168.36306628813688,-201.27021862668434,-65.68001677610708,0.8506427955111092,0.3604777226144655,0.050398590203641146,3.6764453172563856e-05,7.357761097843555,26.8843198698021,nan,nan,nan
462.6,167.5247802734375,-201.1358184814453,-65.68140411376953,168.3847749294107,-201.28824861193382,-65.68096166321085,0.873399077596088,0.3604078754961071,0.05039304891834396,3.597240022513522e-05,7.337643656331945,26.34736098229079,4.043712430044477,9.689457927622754e-06,nan
462.61,167.52499389648438,-201.14453125,-65.68226623535156,168.38495445841522,-201.29722976434118,-65.68191134048733,0.8734123483835045,0.3604561363048704,0.05041537014851681,3.668555358968763e-05,7.295844744898544,26.875337868436418,nan,nan,nan
462.62,167.52520751953125,-201.1532440185547,-65.68310546875,168.38511516414434,-201.30621747369668,-65.68429024393231,0.8734090902517214,0.36050448443053756,0.0504377568227983,3.5919877039238786e-05,7.291821309931129,27.199712417920644,nan,1.3993274272850673,nan
462.63,167.52542114257812,-201.16195678710938,-65.6839370727539,168.3852860064158,-201.31519864254807,-65.68522183292461,0.873414163458317,0.3605529203184225,0.05046020914583947,3.663243061180504e-05,7.258232870747949,26.79608767405032,nan,nan,nan
462.64,167.52561950683594,-201.17066955566406,-65.68474578857422,168.3854423160363,-201.32418439687882,-65.6872362049778,0.8734233062314293,0.36060144383124526,0.0504827272055795,3.587035508102886e-05,7.347081577775319,26.879506388406583,nan,0.810407978406564,nan
462.65000000000003,167.5258331298828,-201.17938232421875,-65.68553924560547,168.40244760228052,-201.3453367824488,-65.68807324111604,0.8921884534989161,0.36053160143955826,0.05047707027857038,3.6559954373699386e-05,7.002528164150828,27.65231049729653,5.591082486132808,nan,nan
462.66,167.52603149414062,-201.1881103515625,-65.68631744384766,168.40261883247445,-201.35435199289205,-65.68963984437158,0.89221784525101,0.36057991573938447,0.050499581501433376,3.580221147394059e-05,7.09817329790405,26.487847318266567,nan,0.3042986113274244,nan
462.67,167.52621459960938,-201.1968231201172,-65.68708038330078,168.4027917960762,-201.3633646533075,-65.69052657273917,0.892264276918375,0.36062831766803144,0.05052215855991064,3.65128927725464e-05,7.077645153627511,27.12141562876209,nan,nan,nan
462.68,167.5264129638672,-201.20553588867188,-65.68782806396484,168.3265182866231,-201.30092032838954,-65.69247203984801,0.8057842672543294,0.3566839540799587,0.047054645960599155,3.5756912167153634e-05,12.800317345537378,33.213372926607796,nan,0.7120208483839077,1.4631597537195715
462.69,167.52659606933594,-201.21424865722656,-65.68856048583984,168.3267040964948,-201.30985632388362,-65.69334102761756,0.8058142060223038,0.3567346854123884,0.04706983476883298,3.646716652846406e-05,12.758422189918956,32.92453788789059,nan,nan,nan
462.7,167.5267791748047,-201.22296142578125,-65.68927764892578,168.31350113656282,-201.3107230440667,-65.69505419228413,0.7916229627858298,0.35666845710689155,0.04706664713905256,3.569443201805385e-05,13.346719509793457,32.98480316988426,3.940950733700371,0.45626107964583973,nan
462.71000000000004,167.52694702148438,-201.231689453125,-65.68997955322266,168.31365946592135,-201.31963612365388,-65.69590478544981,0.7916351403683751,0.3567189683143074,0.047081861615285,3.6403474952918774e-05,13.313379487776519,31.78705939279949,nan,nan,nan
462.72,167.52713012695312,-201.2404022216797,-65.69066619873047,168.313821816888,-201.32855764425784,-65.69686955759651,0.7916398645872736,0.35676956141841343,0.047097128018749115,3.565597320866831e-05,13.363016987433701,33.19938282451825,nan,0.011041236099830144,nan
462.73,167.5272979736328,-201.24911499023438,-65.69134521484375,168.31397335288105,-201.33747100588107,-65.69769509479632,0.7916471807514561,0.356820246743823,0.047112458899064784,3.6364748873583336e-05,13.328159232877233,32.58894871212597,nan,nan,nan
462.74,167.5274658203125,-201.25782775878906,-65.69200897216797,168.31410866295113,-201.34637037449443,-65.69828625284163,0.7916351185509551,0.3568710143772977,0.047127842239294164,3.562001069557941e-05,13.261360081539719,32.64284328156076,nan,0.03344855235574478,nan
462.75,167.5276336669922,-201.26654052734375,-65.69265747070312,168.29823810889283,-201.34994287393806,-65.69918128184855,0.7751320644937241,0.35680470158730226,0.04712467121996763,3.630636077260774e-05,13.185066243751043,32.825409926366525,2.6164409053377526,nan,nan
462.76,167.52780151367188,-201.2752685546875,-65.69329071044922,168.29843815828428,-201.35894175276786,-65.70146300360054,0.7752088934421608,0.35685524898090165,0.04714007998645586,3.556512184335974e-05,13.828344501572898,32.70261209491281,nan,1.524290524688058,nan
462.77,167.5279541015625,-201.2839813232422,-65.69391632080078,168.29854899059606,-201.36784758398633,-65.70225417683534,0.7751900106032736,0.3569058882509753,0.04715555299897423,3.6272640088497e-05,13.803801787301065,33.06094470766359,nan,nan,nan
462.78000000000003,167.52810668945312,-201.29269409179688,-65.69452667236328,168.2987005218805,-201.37680078190647,-65.70380791803152,0.7752257293314397,0.35695660998804,0.047171079230575765,3.553387255309063e-05,14.248328118557447,33.65136085530585,nan,0.4102932828948999,nan
462.79,167.52825927734375,-201.30140686035156,-65.69512939453125,168.29880497043644,-201.38570660881297,-65.70458381102463,0.7752009408698971,0.35700742376672534,0.047186669765638664,3.624127567074113e-05,14.2275805448766,33.4620316297721,nan,nan,nan
462.8,167.52841186523438,-201.3101348876953,-65.69570922851562,168.31838302856923,-201.3983711812433,-65.70594571576095,0.7949496009627495,0.3569410168936315,0.04718349993025738,3.548357881513765e-05,15.09571663604586,33.33809630459717,4.27913271660438,0.2189448563097011,nan
462.81,167.52854919433594,-201.31884765625,-65.6962890625,168.31851579833256,-201.40727442945672,-65.706705827517,0.7949685771419656,0.3569916100592773,0.04719911511130036,3.619003450628855e-05,15.079005963601848,33.42958189347567,nan,nan,nan
462.82,167.52870178222656,-201.3275604248047,-65.69685363769531,168.31873440698797,-201.4162720250455,-65.70906149046051,0.7950913959249096,0.35704228585115594,0.04721478424139658,3.545666770428947e-05,16.221472212401288,35.086717772980656,nan,1.7738532549125243,nan
462.83,167.52883911132812,-201.33627319335938,-65.69740295410156,168.31886100190084,-201.42517547852464,-65.70981669814431,0.7951052162656553,0.3570930533372063,0.04723051747690523,3.616310007918178e-05,16.21790589796436,34.927503215213804,nan,nan,nan
462.84000000000003,167.5289764404297,-201.34500122070312,-65.69794464111328,168.31883349700726,-201.43391973263329,-65.70779469627084,0.7949073500577726,0.3571439038625802,0.04724630516536318,3.543179716454739e-05,14.63513163661892,32.2775630791222,nan,5.273196432632716,nan
462.85,167.52911376953125,-201.3537139892578,-65.69847869873047,168.28114114670944,-201.43541447459646,-65.7084510308852,0.7565180716537369,0.35707741228227574,0.047243143209327806,3.6116164411092594e-05,13.828851925319247,33.35846812296985,15.690361450631311,nan,nan
462.86,167.5292510986328,-201.3624267578125,-65.6989974975586,168.28106785928495,-201.44419236091312,-65.7068434495105,0.7562906943827266,0.3571280420777103,0.04725895522145084,3.5387669826468073e-05,12.75375850683448,32.489908476350976,nan,3.6660553323570335,nan
462.87,167.5293731689453,-201.3711395263672,-65.69950866699219,168.2811159140426,-201.45309968697012,-65.70750782630175,0.7562397829274294,0.3571787632203082,0.04727483116231827,3.6093290895267416e-05,12.726726150350451,32.01090186182835,nan,nan,nan
462.88,167.5294952392578,-201.37986755371094,-65.70000457763672,168.28116178025815,-201.46200776638474,-65.70817280808846,0.7561853763371887,0.35722956755920643,0.0472907622449324,3.53666183300114e-05,12.78192123866525,31.394256761385222,nan,6.626429450803108e-05,nan
462.89,167.52963256835938,-201.38858032226562,-65.70049285888672,168.28120441428757,-201.47091557327238,-65.7088190459057,0.7561141835335042,0.357280463410911,0.04730675734274195,3.607232464402874e-05,12.756692719188933,32.61557904263633,nan,nan,nan
462.90000000000003,167.5297393798828,-201.3972930908203,-65.70097351074219,168.29763885001898,-201.47336589031676,-65.70847491510835,0.7716948478032648,0.35721387876761124,0.04730359005410661,3.532618889369548e-05,13.739743707255569,30.745638373973534,21.855039028668525,0.596692921441022,nan
462.91,167.5298614501953,-201.40602111816406,-65.70144653320312,168.2977115854004,-201.48223001817303,-65.70909335124671,0.7716606121872813,0.35726455351520503,0.047319608682092125,3.603113702499127e-05,13.711499265611568,30.14613037780012,nan,nan,nan
462.92,167.5299835205078,-201.41473388671875,-65.701904296875,168.297728335511,-201.49104000917816,-65.70866622204788,0.7715571585573743,0.3573153116123789,0.047335683111383836,3.530862464675931e-05,13.323889680675483,30.893015197058507,nan,0.7456992458805876,nan
462.93,167.53009033203125,-201.42344665527344,-65.70235443115234,168.29779628528522,-201.4999045670987,-65.70925734169501,0.7715347646841453,0.35736616087894313,0.04735182141236612,3.601372378621343e-05,13.293123237834076,30.482158499476384,nan,nan,nan
462.94,167.53021240234375,-201.43215942382812,-65.70279693603516,168.29768524418685,-201.5085908401019,-65.70635744600132,0.7712775126966694,0.35741709390478416,0.04736801598925727,3.529269673999681e-05,12.269833110975751,29.783521969855798,nan,8.420897718731803,nan
462.95,167.5303192138672,-201.44088745117188,-65.70323181152344,168.27011026248672,-201.501491119461,-65.70684938420884,0.7422780389179164,0.3573504243104687,0.04736484783306336,3.597596574729426e-05,12.80415172261907,28.297292205875163,13.477839021546579,nan,nan
462.96000000000004,167.53042602539062,-201.44960021972656,-65.70365905761719,168.27008436255804,-201.5102672504018,-65.70647829563804,0.7421474869965065,0.3574011361086445,0.047381065538988035,3.525718010731912e-05,12.607286881378954,28.94723051614667,nan,0.5670803151597176,nan
462.97,167.53053283691406,-201.45831298828125,-65.7040786743164,168.27010134077767,-201.51908837597298,-65.70699346168902,0.7420671907863634,0.35745193873683795,0.04739734699418171,3.596178241911687e-05,12.559757157012267,28.89926181234835,nan,nan,nan
462.98,167.53073120117188,-201.467041015625,-65.70458984375,168.27022787912315,-201.52797060707408,-65.70880709973369,0.742014512703871,0.357502825270048,0.04741368534414655,3.5244285100285506e-05,12.769711793464039,28.22573333810081,nan,1.0960353147193223,nan
462.99,167.53103637695312,-201.4757537841797,-65.70519256591797,168.27038992638535,-201.53679180730708,-65.70947319355513,0.7418811462075956,0.35755380280400734,0.047430087558895245,3.5949112425427655e-05,12.714554751270416,29.331441923457472,nan,nan,nan
463.0,167.53143310546875,-201.48446655273438,-65.70588684082031,168.28084279717055,-201.55012929862914,-65.70841788445415,0.7522851111094145,0.35748704112465474,0.0474269072416907,3.5211685086143806e-05,12.285273211396428,28.87088587795566,1.1268157345133776,2.2797059676716773,nan
463.01,167.53192138671875,-201.49319458007812,-65.70667266845703,168.28121266216488,-201.5589607936632,-65.70925230357925,0.75217635221161,0.3575377970605558,0.04744333177965223,3.5915884458712985e-05,12.230992904193453,27.909546070435855,nan,nan,nan
463.02,167.53250122070312,-201.5019073486328,-65.70755004882812,168.2816763436303,-201.56779230349272,-65.71017850976223,0.7520712073312704,0.3575886402801632,0.04745981687847947,3.663440995692896e-05,12.175405756137325,28.615324336099395,nan,nan,nan
463.03000000000003,167.53318786621094,-201.5106201171875,-65.7085189819336,168.28223290819386,-201.5766238913092,-65.71119549992844,0.7519522171428751,0.35763957092797716,0.047476362682672635,3.736740608099173e-05,12.119325108434893,28.83262268814921,nan,nan,nan
463.04,167.53395080566406,-201.51934814453125,-65.7095718383789,168.28282304435297,-201.58539933936834,-65.71105696910672,0.7517809493673113,0.3576905857688228,0.04749296617862315,3.6566428384851215e-05,11.931250976418406,27.61641424124814,nan,1.001146870209683,nan
463.05,167.53480529785156,-201.52806091308594,-65.7107162475586,168.27171828250968,-201.5967493979292,-65.71223495182385,0.7401088848071231,0.3576237388950413,0.04748977624919551,3.7274310762314234e-05,11.16177576471526,28.604307923657657,6.262124679585306,nan,nan
463.06,167.53575134277344,-201.53677368164062,-65.71194458007812,168.27248784928753,-201.605568884863,-65.71273089312427,0.7399419425233328,0.3576745320246772,0.04750640161138442,3.64785167268766e-05,11.059135829780903,28.623938733765165,nan,0.38893409256886197,nan
463.07,167.5367431640625,-201.54550170898438,-65.7132568359375,168.27335507884925,-201.61442221538994,-65.71407989588715,0.7398295929717066,0.3577254157328653,0.04752309089619615,3.720779107207517e-05,11.005178794598795,28.029350680257014,nan,nan,nan
463.08,167.53773498535156,-201.55421447753906,-65.71465301513672,168.27432227052316,-201.62335039511925,-65.7172626973475,0.7398293142457627,0.35777638380054566,0.04753983846314985,3.641602584495942e-05,11.118347694814494,28.839545832836922,nan,1.9902418185376198,nan
463.09000000000003,167.53871154785156,-201.56292724609375,-65.71613311767578,168.2752114094956,-201.6322038038494,-65.71879924062253,0.7397556325353124,0.3578274426074563,0.04755665007809896,3.714403778026562e-05,11.067915994541586,28.528425622088857,nan,nan,nan
463.1,167.53968811035156,-201.5716552734375,-65.71769714355469,168.25277970792692,-201.6337416174619,-65.72089990298431,0.7157964782777683,0.3577605043720658,0.04755344069087057,3.63337021585147e-05,10.950813050155023,28.113273220087425,4.655475415613317,0.1721475037272417,nan
463.11,167.54063415527344,-201.5803680419922,-65.7193374633789,168.25360571016736,-201.64258471559384,-65.72260736835716,0.7156885110440742,0.35781134108438173,0.04757027333323473,3.705962277290759e-05,10.90296003583055,28.714573767829364,nan,nan,nan
463.12,167.5415802001953,-201.58908081054688,-65.72106170654297,168.2543516643853,-201.65136860224473,-65.72293924099831,0.7154903593297121,0.3578622623084664,0.04758716481513172,3.6276457674433084e-05,10.657203907179799,28.78626159348326,nan,1.3940036468063501,nan
463.13,167.54249572753906,-201.59779357910156,-65.72286224365234,168.25514317601318,-201.66021127256911,-65.72479481857663,0.7153782839311758,0.35791327392551625,0.04760412027224945,3.700129018354367e-05,10.607363421159272,28.498002545024594,nan,nan,nan
463.14,167.54339599609375,-201.6065216064453,-65.72472381591797,168.25583638702264,-201.6689793263805,-65.72483209290809,0.7151729085545115,0.3579643704616388,0.04762113500179947,3.622171873309065e-05,10.454828249432813,27.54349603128288,nan,2.3498812981465234,nan
463.15000000000003,167.54428100585938,-201.615234375,-65.72660064697266,168.24059083495914,-201.67409401930556,-65.72696267561619,0.698793221842809,0.35789734701908815,0.047617907466800946,3.692236784643474e-05,10.183863805681163,28.539143684866094,3.8682071581058253,nan,nan
463.16,167.54515075683594,-201.6239471435547,-65.72846221923828,168.24132176957235,-201.68295331491117,-65.72940177666156,0.6986677965963132,0.3579482213286184,0.04763494268780894,3.614721567426606e-05,10.151820419303407,28.638040266091313,nan,0.15873491857161298,nan
463.17,167.54600524902344,-201.63265991210938,-65.73030090332031,168.24201491271214,-201.69179358075846,-65.73133810029132,0.6985179442888434,0.35799918569799016,0.04765204183473786,3.686919394576089e-05,10.103875937677328,28.5452339009722,nan,nan,nan
463.18,167.5468292236328,-201.64137268066406,-65.73210906982422,168.24271756151828,-201.70065773393225,-65.73389684628208,0.6984114063291549,0.3580502351180074,0.04766920076758821,3.609736368035258e-05,10.11132320752775,28.14420780458073,nan,0.2792101455397551,nan
463.19,167.5476531982422,-201.6501007080078,-65.73388671875,168.24337701159092,-201.7094975898472,-65.73578234163233,0.6982572644941536,0.358101374775095,0.04768642378434636,3.6818480159411965e-05,10.06954250418031,27.57366592990866,nan,nan,nan
463.2,167.54844665527344,-201.6588134765625,-65.73562622070312,168.2305159163596,-201.7205376967333,-65.73699946026552,0.6848578261662795,0.3580342608907143,0.0476831694871557,3.602778846446677e-05,9.304890599855078,28.520456528650534,6.5199370769627905,0.2263612624302198,nan
463.21000000000004,167.54922485351562,-201.6675262451172,-65.7373275756836,168.2311160271775,-201.72939818743177,-65.7388129131578,0.684694031076049,0.3580851779539946,0.0477004121504413,3.674721075749636e-05,9.261668920859613,28.65877058827887,nan,nan,nan
463.22,167.5500030517578,-201.67623901367188,-65.73900604248047,168.23163886559695,-201.73820395664643,-65.73902645485755,0.6844465189352978,0.35813618018564713,0.04771771508425815,3.598257216816822e-05,9.150419988088263,28.541400146884627,nan,1.6391652376327968,nan
463.23,167.55075073242188,-201.68495178222656,-65.74064636230469,168.23220787195237,-201.74706437687564,-65.74075940017644,0.684281974195349,0.358187272340759,0.04773508208635193,3.67012742368956e-05,9.100377166085135,28.206015116536975,nan,nan,nan
463.24,167.55148315429688,-201.69366455078125,-65.74224853515625,168.23275902738595,-201.75592233173984,-65.74238855185466,0.6841146586266433,0.35823845005525323,0.04775250976194551,3.593956577253559e-05,9.05047877614749,28.365450677307198,nan,0.003451482945935114,nan
463.25,167.55221557617188,-201.70237731933594,-65.74382781982422,168.23940995205757,-201.762049129558,-65.74397102350694,0.6897802952327667,0.35817125071665,0.04774922855947954,3.6634803742733496e-05,9.476146868174508,28.00363444733183,3.06619857407857,nan,nan
463.26,167.55291748046875,-201.71109008789062,-65.74536895751953,168.2398905540159,-201.7708430786342,-65.74409524663258,0.6895680140646193,0.35822220568735336,0.04776667527277861,3.587683297703745e-05,9.471014237190287,27.777397240982744,nan,1.5352489863986196,nan
463.27,167.55361938476562,-201.7198028564453,-65.74687957763672,168.24041377674385,-201.77968640326668,-65.74568662605604,0.6894011888342814,0.35827325028055224,0.04778418605824843,3.6593381384257624e-05,9.414689775011498,28.09071008620711,nan,nan,nan
463.28000000000003,167.55429077148438,-201.72853088378906,-65.74836730957031,168.2409353786061,-201.78854025753333,-65.74758570510701,0.6892623247589252,0.35832438053092247,0.04780175796376337,3.5838098960616826e-05,9.34504609294349,26.39359469109623,nan,0.07646246483951108,nan
463.29,167.55496215820312,-201.73724365234375,-65.74981689453125,168.24143097426582,-201.7973831537213,-65.74912226412525,0.6890984527365211,0.35837560059706014,0.047819394127470084,3.655410799042757e-05,9.291841783627572,27.885491239447312,nan,nan,nan
463.3,167.5556182861328,-201.74595642089844,-65.7512435913086,168.2239636970652,-201.80157917471553,-65.7512833082789,0.6706560076775568,0.3583083116402838,0.04781607861179525,3.577963911075636e-05,9.039134863269574,27.790029843705952,2.8304746610689917,0.287985277624567,nan
463.31,167.55625915527344,-201.75466918945312,-65.75263977050781,168.22440188732435,-201.81041846560845,-65.75277052218465,0.6704645473701782,0.35835930861108095,0.047833732958320295,3.649427126317264e-05,8.990817200689397,27.76358609317859,nan,nan,nan
463.32,167.556884765625,-201.7633819580078,-65.7540054321289,168.22479983473286,-201.81923502610204,-65.75345892217383,0.6702465243699743,0.3584103913236973,0.047851448846402855,3.5744929011482314e-05,8.950275097129078,27.749262350538892,nan,0.40274170675010856,nan
463.33,167.5574951171875,-201.7720947265625,-65.7553482055664,168.22521198031262,-201.8280745336393,-65.7548847713352,0.6700595218883878,0.35846156356966014,0.047869229024627966,3.645913486790563e-05,8.899715473751893,27.432844669573274,nan,nan,nan
463.34000000000003,167.55810546875,-201.7808074951172,-65.75666046142578,168.22563768689088,-201.83693588636442,-65.75704948155803,0.6698879084568888,0.35851282193293693,0.04788707112188416,3.571213363025989e-05,8.849803720117066,27.883688030433767,nan,0.39637570843477965,nan
463.35,167.55870056152344,-201.78952026367188,-65.75794982910156,168.20522784881535,-201.83553073129016,-65.75840458135129,0.6481625591956908,0.3584454473436016,0.047883720004980715,3.640342162999701e-05,9.003100493612529,27.74129494147287,5.1181692204865,nan,nan
463.36,167.55926513671875,-201.79823303222656,-65.75920867919922,168.2055485254997,-201.84432807557693,-65.7591167538458,0.647925134630478,0.35849648244466803,0.04790157960974739,3.565955904059267e-05,8.95036040955269,27.279228603028297,nan,0.28216963426749103,nan
463.37,167.55984497070312,-201.80694580078125,-65.76044464111328,168.2058792219281,-201.8531432611837,-65.76044225879706,0.6476839191373426,0.3585476068084934,0.047919503552465756,3.6372166845812465e-05,8.902168106471363,27.941583865528028,nan,nan,nan
463.38,167.56039428710938,-201.81565856933594,-65.76165771484375,168.20619568978714,-201.8619560662547,-65.76165436880119,0.6474588094486805,0.35859881735558097,0.047937489803098345,3.563043352823894e-05,8.855100818435979,27.200262359591466,nan,0.005452965395368259,nan
463.39,167.56094360351562,-201.82437133789062,-65.76284790039062,168.20650400124833,-201.8707712266056,-65.76293185271763,0.6472257595627418,0.35865011737380964,0.04795554060143671,3.6342756610057584e-05,8.808099168815431,27.433224570772687,nan,nan,nan
463.40000000000003,167.5614776611328,-201.8330841064453,-65.7640151977539,168.17555400207857,-201.87097771566417,-65.76482816011551,0.6152449423089662,0.3585826538998822,0.047952147416179806,3.558150210950957e-05,8.494661365526369,27.921669417165685,9.10748464641584,0.17725365709313742,nan
463.41,167.56199645996094,-201.841796875,-65.76515197753906,168.17578736140064,-201.87978397926653,-65.7660681279268,0.6149659584987193,0.3586337303191022,0.04797021485375017,3.629269709192555e-05,8.452825551313083,27.98231526196263,nan,nan,nan
463.42,167.56251525878906,-201.85052490234375,-65.76627349853516,168.17598398272412,-201.88856914899722,-65.76644087284222,0.6146472711759939,0.35868489297535466,0.047988344966634726,3.5555808362401886e-05,8.38527354258141,27.095882571340656,nan,0.4883103435264811,nan
463.43,167.56301879882812,-201.85923767089844,-65.76736450195312,168.17619670302776,-201.89737523303964,-65.76762872020785,0.614362828999291,0.3587361448493252,0.04800653969790153,3.6266807339538174e-05,8.34035272117863,28.016782248459926,nan,nan,nan
463.44,167.56350708007812,-201.86795043945312,-65.76844024658203,168.1764017350312,-201.90618316686502,-65.76887412877308,0.6140861403493378,0.35878748332142896,0.048024797460588735,3.553174458837746e-05,8.298071203546277,27.488762079768527,nan,0.004246478796241484,nan
463.45,167.56399536132812,-201.8766632080078,-65.76949310302734,168.18384811288783,-201.917923344977,-65.77002831504879,0.6212246928211734,0.3587199341022411,0.04802136003613773,3.622023189708927e-05,8.265328378031288,27.696173643695623,0.4887957392043879,nan,nan
463.46000000000004,167.56446838378906,-201.8853759765625,-65.77052307128906,168.18403234752904,-201.92672668665227,-65.77079233739336,0.6209423957939707,0.35877104879297,0.048039633702239605,3.5487788862095554e-05,8.214181854573656,27.52392050315694,nan,0.09033292312427917,nan
463.47,167.56492614746094,-201.8940887451172,-65.77153778076172,168.18421782363487,-201.93553844724764,-65.7718958079833,0.620677360766856,0.3588222524587933,0.048057972069902234,3.6197621651164294e-05,8.170813269341247,27.050717002851304,nan,nan,nan
463.48,167.5653839111328,-201.90280151367188,-65.77252960205078,168.1844113480564,-201.94436363429267,-65.77358448643838,0.6204220259756562,0.35887354275938205,0.04807637380874739,3.546682211701398e-05,8.153714408503438,27.426143823102997,nan,0.2512425642873935,nan
463.49,167.56582641601562,-201.91151428222656,-65.77349853515625,168.1845783016474,-201.95317551107618,-65.77465559118485,0.6201539266511162,0.35892492225733125,0.04809484047866151,3.6176567143905346e-05,8.114833671659344,27.295795809879618,nan,nan,nan
463.5,167.56626892089844,-201.92022705078125,-65.77445220947266,168.16552559783545,-201.9558624678599,-65.77365140074703,0.6003158244612422,0.3588572848046152,0.04809135306685206,3.542591992703161e-05,7.9559293192753335,27.748413142262322,3.1176298981124577,2.9970552557106314,nan
463.51,167.5666961669922,-201.92893981933594,-65.77538299560547,168.16564277974337,-201.96466573192183,-65.7746656332405,0.6000115835256569,0.358908440197945,0.048109834755513926,3.613472778837067e-05,7.907946225348294,27.61680039587033,nan,nan,nan
463.52,167.56712341308594,-201.93765258789062,-65.77629852294922,168.1657202612978,-201.97344601229904,-65.7745222471609,0.5996686677455505,0.35895968225162617,0.048128380136867405,3.540782810456832e-05,7.938644739252127,27.798142175094018,nan,0.8960275433646491,nan
463.53000000000003,167.56752014160156,-201.9463653564453,-65.7771987915039,168.16582033331193,-201.98224973967356,-65.77548994999859,0.5993777844561989,0.35901101327556034,0.048146990550606734,3.611661645697572e-05,7.887123933097599,26.869355143342535,nan,nan,nan
463.54,167.56793212890625,-201.955078125,-65.778076171875,168.1659217641559,-201.9910607653401,-65.77681344591107,0.5990725738578992,0.3590624313079007,0.048165664995558057,3.5391099438922923e-05,7.807557201799186,27.775980698165547,nan,0.09605911554624874,nan
463.55,167.56832885742188,-201.96380615234375,-65.7789306640625,168.14309263769135,-201.99380751561458,-65.77779767332922,0.5755473643200627,0.358994708058214,0.04816212476232761,3.6077670685215956e-05,7.547964516929169,27.545551707674388,4.603833930548872,nan,nan
463.56,167.56871032714844,-201.97251892089844,-65.77977752685547,168.1431293494684,-202.00260634594355,-65.77873299124343,0.5752074038149394,0.3590459017896461,0.048180813435247986,3.535433052305737e-05,7.500399555533977,27.588486561710873,nan,0.00012394993074470165,nan
463.57,167.569091796875,-201.98123168945312,-65.78060150146484,168.14315789203616,-202.01140505920327,-65.77963876830424,0.5748593225396944,0.3590971842738531,0.04819956725134733,3.606228077472832e-05,7.452387027029994,28.05106443457181,nan,nan,nan
463.58,167.5694580078125,-201.9899444580078,-65.78141784667969,168.14324543236307,-202.020251105099,-65.78318230628746,0.5745899535738482,0.35914855377667404,0.048218385397044365,3.534016862439698e-05,7.472372888336807,27.402792250304742,nan,4.874906581622105,nan
463.59000000000003,167.56982421875,-201.9986572265625,-65.78221130371094,168.1432585244006,-202.02905003639347,-65.78408312792234,0.5742422219867628,0.35920001226700793,0.048237268931560745,3.604817984826239e-05,7.439021516401553,27.89272138759641,nan,nan,nan
463.6,167.5701904296875,-202.0073699951172,-65.78298950195312,168.13014678972505,-202.03085819628035,-65.78627061139338,0.5604583717097444,0.3591322013608547,0.0482336706659358,3.530591438705726e-05,7.764158746886301,28.54470871054593,2.6485703302028822,1.0045076065348686,nan
463.61,167.57054138183594,-202.01608276367188,-65.78375244140625,168.13012495814604,-202.03964014649068,-65.78715547359477,0.5600895551510967,0.35918343523921503,0.048252567524823084,3.601313143003624e-05,7.7385841945489,28.172862525515804,nan,nan,nan
463.62,167.5708770751953,-202.02479553222656,-65.78450012207031,168.1301021956791,-202.0484265674026,-65.78829090835991,0.5597370197371939,0.35923475613657524,0.04827152899633406,3.5294117046810135e-05,7.7824042003172185,27.8932390158974,nan,0.04876493766616392,nan
463.63,167.5712127685547,-202.03350830078125,-65.78523254394531,168.13006615146887,-202.0572088321411,-65.78914982378393,0.5593694341512556,0.3592861658176846,0.04829055598135697,3.600144645184886e-05,7.759723776012527,28.092167966023993,nan,nan,nan
463.64,167.57154846191406,-202.042236328125,-65.78594970703125,168.13004000900918,-202.06600230188843,-65.79071604155773,0.5590173053049775,0.35933766285428,0.048309647903344057,3.52834392340504e-05,7.9367636404730995,27.714700703378035,nan,0.3611466667644096,nan
463.65000000000003,167.57186889648438,-202.0509490966797,-65.78665161132812,168.1522124407138,-202.0814302586111,-65.79175311909518,0.5811658592372488,0.35926976615478134,0.048305988288973326,3.596875870184193e-05,8.146100634303034,27.773487068320204,5.912363610025829,nan,nan
463.66,167.5721893310547,-202.05966186523438,-65.78733825683594,168.16108474506046,-202.06635289180548,-65.79471096251807,0.5889795711760172,0.3591805722881549,0.04729932551441175,3.5251028826955876e-05,14.706060748810675,34.56512905664066,nan,3.0664073724818293,0.5568282824136265
463.67,167.57249450683594,-202.06837463378906,-65.78801727294922,168.16107593592,-202.07509844688693,-65.79554859797541,0.5886680127048333,0.3592314154512681,0.047314577784186095,3.5957727946135514e-05,14.676206642364297,33.92801511029834,nan,nan,nan
463.68,167.5727996826172,-202.07708740234375,-65.78868103027344,168.16105468857492,-202.0838103743979,-65.79568587142015,0.5883351240467165,0.3592823455697054,0.04732988462108326,3.524249128705575e-05,14.42574219205581,33.95643089980499,nan,0.32939002978882975,nan
463.69,167.57308959960938,-202.08580017089844,-65.7893295288086,168.16103311188826,-202.09255607462748,-65.79649187816007,0.5880259476538924,0.3593333630056659,0.04734525304989708,3.594936239202296e-05,14.39578665718953,33.682278813473005,nan,nan,nan
463.7,167.57339477539062,-202.0945281982422,-65.78996276855469,168.15007537815055,-202.09770528156596,-65.79822395297056,0.5767485228641213,0.35926577031398155,0.04734189463526775,3.521369398110822e-05,14.808428539490782,34.4538561139482,1.0175555194109767,0.6323916891783672,nan
463.71000000000004,167.57366943359375,-202.10324096679688,-65.79058837890625,168.15002388428246,-202.10644611180868,-65.79901542111706,0.5764249654756947,0.3593165650636995,0.04735728778562413,3.591987670151744e-05,14.783301832103486,34.08568539007946,nan,nan,nan
463.72,167.57395935058594,-202.11195373535156,-65.79119873046875,168.14995214010398,-202.11509984685662,-65.79791937842366,0.576040587722175,0.35936744669787707,0.04737273611842125,3.5207062758947355e-05,14.024395468180098,34.16753330699281,nan,2.4554205978840447,nan
463.73,167.57423400878906,-202.12066650390625,-65.79179382324219,168.14988947909325,-202.12384081130992,-65.7986693619162,0.5757052802873033,0.35941841553464493,0.04738824597216842,3.591345512190287e-05,13.993771230578947,33.876074511894124,nan,nan,nan
463.74,167.57449340820312,-202.12937927246094,-65.7923812866211,168.149809467984,-202.13250832003703,-65.79778704523831,0.5753499646360914,0.3594694715549255,0.04740381145477713,3.520133308809985e-05,13.444255398173146,32.787598552567786,nan,1.8344107602755335,nan
463.75,167.57476806640625,-202.13809204101562,-65.79296112060547,168.16881177742124,-202.1580110975365,-65.79846457416488,0.5944030513130156,0.3594018012746497,0.04740046490694932,3.5885857831165896e-05,12.323754367793095,33.25130040105644,20.648533465296264,nan,nan
463.76,167.5750274658203,-202.14682006835938,-65.79352569580078,168.1687520029583,-202.1667743256176,-65.7983951851531,0.5940797171331591,0.35945263440005326,0.04741605476879298,3.51752305403167e-05,12.092278935870883,31.966037738331515,nan,0.41437579030266597,nan
463.77,167.5752716064453,-202.15553283691406,-65.79407501220703,168.16869211398878,-202.17557161701487,-65.79907772668355,0.5937798233631824,0.3595035546161206,0.04743170610079039,3.588120459738491e-05,12.053113383207572,32.57546540856907,nan,nan,nan
463.78000000000003,167.57553100585938,-202.16424560546875,-65.79461669921875,168.1686196821896,-202.18432035685214,-65.79861745036266,0.5934418081361832,0.35955456193920854,0.04744741363762834,3.517116403395798e-05,11.747558095372073,32.79999988635952,nan,0.8968662345502876,nan
463.79,167.5757598876953,-202.17295837402344,-65.79515075683594,168.16854963645395,-202.19311766881196,-65.79926860167788,0.5931467272486943,0.3596056566335097,0.04746318278787498,3.587738726390848e-05,11.703317980063936,31.724279968803053,nan,nan,nan
463.8,167.5760040283203,-202.18167114257812,-65.79566955566406,168.16285685592572,-202.19152731602398,-65.80105791510834,0.5869603222032671,0.35953790873299507,0.047459838625155445,3.5146672154944454e-05,12.941141218111271,32.708187531432,13.384152143485759,0.6227030512340721,nan
463.81,167.57623291015625,-202.19039916992188,-65.79618072509766,168.16277386213196,-202.20028340839005,-65.80170329717158,0.5866502239980614,0.35958878030577285,0.047475631465090776,3.585227969823866e-05,12.90584742104109,31.386518527388496,nan,nan,nan
463.82,167.5764617919922,-202.19911193847656,-65.79667663574219,168.1626882707054,-202.20905310998592,-65.80267174929367,0.5863414130197117,0.3596397389057032,0.047491481058762046,3.514411193828515e-05,13.016316226268083,32.620731324244176,nan,0.07737396871711708,nan
463.83,167.57669067382812,-202.20782470703125,-65.79716491699219,168.16259633409788,-202.21780945991262,-65.8033017520771,0.5860228653995541,0.3596907847689715,0.047507392245435945,3.5849995585539535e-05,12.982643359844793,32.612076470957724,nan,nan,nan
463.84000000000003,167.57691955566406,-202.21653747558594,-65.79764556884766,168.1624964126965,-202.2265393962412,-65.803254149353,0.5856891240957655,0.35974191795467175,0.047523360605000765,3.514226388482669e-05,12.765822616589386,32.431157093689066,nan,0.31317511844519136,nan
463.85,167.57713317871094,-202.2252655029297,-65.7981185913086,168.14119580205482,-202.23862959983833,-65.80390785468897,0.5642506160477437,0.35967409265186195,0.04752002002794694,3.5826369518428536e-05,11.534864346250622,32.07732629402527,19.109288934759693,nan,nan
463.86,167.5773468017578,-202.23397827148438,-65.79857635498047,168.1410490097938,-202.24742629739657,-65.8046383343912,0.5638951820506601,0.3597250025019688,0.047536011658550696,3.51198830061301e-05,11.585242923280566,33.332651778097315,nan,0.012239078744895016,nan
463.87,167.57754516601562,-202.24269104003906,-65.79902648925781,168.14089740098098,-202.25621801502885,-65.80522992779125,0.5635487577330535,0.35977599950957967,0.047552064880129336,3.582546741874237e-05,11.55331432874148,32.80430432715801,nan,nan,nan
463.88,167.5777587890625,-202.25140380859375,-65.79946899414062,168.14074561602746,-202.26504178923162,-65.8066806005992,0.5631981615023836,0.3598270837555561,0.04756817578684147,3.511933283405096e-05,11.899805499108774,33.746094196703666,nan,0.5271756880105024,nan
463.89,167.5779571533203,-202.2601318359375,-65.7999038696289,168.14058580382383,-202.2738333372516,-65.8072649646062,0.5628435974806223,0.35987825544290863,0.047584348454102074,3.582521878201574e-05,11.873517966927269,32.40392246484473,nan,nan,nan
463.90000000000003,167.57814025878906,-202.2688446044922,-65.80033111572266,168.11935291131684,-202.2727136711181,-65.80775080109144,0.5412773380289244,0.3598103527682766,0.047581003313788714,3.50982025435511e-05,12.089427123816654,33.126721425762504,6.110019382768181,0.002897311083414455,nan
463.91,167.57833862304688,-202.27755737304688,-65.80075073242188,168.1191518858574,-202.2814824110354,-65.80831734619142,0.5408804348457438,0.35986130089456686,0.04759719854576876,3.580352145767686e-05,12.060607153771706,33.765785965363904,nan,nan,nan
463.92,167.57862854003906,-202.28627014160156,-65.80126190185547,168.11899110129295,-202.29019464704106,-65.80730471642741,0.5404105984857767,0.3599123361726251,0.0476134519501471,3.5098816549413e-05,11.440780037670827,33.02750191258065,nan,1.8493322592068921,nan
463.93,167.57901000976562,-202.2949981689453,-65.80186462402344,168.11893272640893,-202.2989636707672,-65.8079936451381,0.5399720641403668,0.3599634587889694,0.047629767140493225,3.580445569371935e-05,11.39057551203234,32.07949242727046,nan,nan,nan
463.94,167.57948303222656,-202.3037109375,-65.80255889892578,168.11896406116486,-202.30768083326888,-65.80723573613037,0.5395159065893961,0.3600146688496765,0.04764614089742011,3.509998147253147e-05,10.90439951356066,32.32217993119054,nan,1.6663852176629559,nan
463.95,167.58006286621094,-202.3124237060547,-65.8033447265625,168.1171976453436,-202.32181161066802,-65.8080108173388,0.5372370762615422,0.3599466889560451,0.04764279103535396,3.578389589685812e-05,10.237922664339218,33.055065533428824,5.228207145037873,nan,nan
463.96000000000004,167.58071899414062,-202.32113647460938,-65.8042221069336,168.1174148193198,-202.33061156778558,-65.80912880403056,0.536801883223094,0.3599976752372573,0.04765918686622371,3.508046809641818e-05,10.256684580927235,32.38055571459959,nan,0.019833308379918476,nan
463.97,167.58148193359375,-202.32986450195312,-65.80519104003906,168.11772327787187,-202.33940619401992,-65.81017099847377,0.5363493480808185,0.3600487487549405,0.047675644524634506,3.578588551921989e-05,10.205526225680618,31.986352847823262,nan,nan,nan
463.98,167.5823211669922,-202.3385772705078,-65.80624389648438,168.11811826883155,-202.3481535593803,-65.80981194485491,0.5358945517704075,0.36009990962732585,0.04769216120356563,3.508262265946894e-05,9.816905592061843,32.034376723460156,nan,1.5619957375293874,nan
463.99,167.58326721191406,-202.3472900390625,-65.80738830566406,168.1186075180206,-202.35694791721963,-65.81101755975155,0.535439715969951,0.3601511580223816,0.04770873990344367,3.578837506355321e-05,9.763294499126935,32.444132816803496,nan,nan,nan
464.0,167.58428955078125,-202.35601806640625,-65.8086166381836,168.11096351870023,-202.36366588571227,-65.81344908200958,0.5267516588839496,0.3600831009738529,0.04770537824833652,3.5064058662346765e-05,9.925470937971774,31.69001390739681,1.9687533949977605,1.2164699717931775,nan
464.01,167.5854034423828,-202.36473083496094,-65.80992889404297,168.1116151172108,-202.37245895268995,-65.814838401606,0.5262913202717759,0.3601341253642289,0.047721978297483876,3.5769274543192734e-05,9.875505201687481,32.6907696020374,nan,nan,nan
464.02,167.5865936279297,-202.37344360351562,-65.81132507324219,168.11234942294274,-202.38120155399406,-65.81460338435564,0.5258232489241909,0.3601852370177767,0.047738637798546625,3.50670912771501e-05,9.450982847640335,31.863571841031987,nan,2.056296981181012,nan
464.03000000000003,167.58787536621094,-202.3821563720703,-65.81280517578125,168.11317350237772,-202.38999482130905,-65.81614564697968,0.5253672352693788,0.36023643609389727,0.047755359386113645,3.577265469826926e-05,9.399420249650905,32.00465069985333,nan,nan,nan
464.04,167.5892333984375,-202.39088439941406,-65.81436157226562,168.11407316579036,-202.3987772736789,-65.81739572914603,0.5249078823633134,0.3602877227239562,0.04777214079753786,3.507054059200542e-05,9.294743522082346,31.62803032679131,nan,0.09929617587853458,nan
464.05,167.59059143066406,-202.39959716796875,-65.81600952148438,168.10206495947128,-202.40291430284282,-65.81913751816211,0.5114938498334991,0.3602195886334378,0.047768766094650604,3.57544072219051e-05,9.244151840025898,31.63005021424917,1.4968051222120262,nan,nan
464.06,167.5919647216797,-202.40830993652344,-65.81773376464844,168.10299721563234,-202.41172851850095,-65.82199043163955,0.5110616555681716,0.36027065103687944,0.04778556829704096,3.505318443866231e-05,9.432596283962676,32.71770716692316,nan,0.7991696267134476,nan
464.07,167.59332275390625,-202.41702270507812,-65.81953430175781,168.10391780598852,-202.42051318180674,-65.82386924581131,0.5106253836019434,0.36032180076347886,0.047802432665174706,3.575857272280635e-05,9.386892389527251,32.77087371001291,nan,nan,nan
464.08,167.5946502685547,-202.4257354736328,-65.82139587402344,168.10481992444667,-202.42929677964293,-65.82578654998936,0.5102009787611959,0.3603730379503009,0.04781935725893062,3.5057369076869964e-05,9.35771944958558,32.334103184234266,nan,0.0007489519646986949,nan
464.09000000000003,167.595947265625,-202.43446350097656,-65.82327270507812,168.1056997047424,-202.43808107749805,-65.8277732465885,0.5097851419175592,0.3604243627480334,0.047836344232832596,3.576311182472794e-05,9.322663755914249,30.99747116145904,nan,nan,nan
464.1,167.59722900390625,-202.44317626953125,-65.82513427734375,168.11974871153717,-202.45008304665043,-65.83104780543154,0.5225988119459528,0.360356151693834,0.04783295026104974,3.504071589232026e-05,9.888533522875957,32.17559810191356,1.588419713779621,1.1768800337373817,nan
464.11,167.59849548339844,-202.45188903808594,-65.82697296142578,168.1206025042249,-202.45886830309217,-65.83302943589922,0.5221887898254465,0.36040725203938145,0.04784995728101531,3.574593938573135e-05,9.863684879027563,32.38401521778168,nan,nan,nan
464.12,167.59971618652344,-202.46060180664062,-65.82878112792969,168.12143154862997,-202.46765360762524,-65.83500189727918,0.5218001005427056,0.3604584397500691,0.04786702490841125,3.5045544661768236e-05,9.889776051323588,31.547994152145126,nan,0.00020826948076660987,nan
464.13,167.60093688964844,-202.4693145751953,-65.83055114746094,168.1222360208222,-202.47643804773196,-65.83692699994764,0.5213867849480336,0.3605097149731871,0.04788415501545392,3.5751130770928215e-05,9.87012059756246,32.61661978162925,nan,nan,nan
464.14,167.60211181640625,-202.47802734375,-65.83229064941406,168.12301668155752,-202.48522702358517,-65.83902222820487,0.5209981075599069,0.3605610778510376,0.047901346082586074,3.505068096487188e-05,9.974415314957255,31.669391421890932,nan,0.02884334668168126,nan
464.15000000000003,167.603271484375,-202.4867401123047,-65.83399963378906,168.1230706099592,-202.4839821163864,-65.84089389058904,0.5198521600189887,0.36049278992339123,0.04789793072396356,3.5734581353877514e-05,10.885041921733684,31.458946350779915,11.393267645522078,nan,nan
464.16,167.6044158935547,-202.49545288085938,-65.8356704711914,168.12380851087545,-202.4926958358696,-65.84145881807731,0.5194321872815144,0.36054392812428765,0.04791514121609598,3.50349045548183e-05,10.45929438878685,31.446179803455255,nan,1.1266448958009148,nan
464.17,167.60552978515625,-202.50416564941406,-65.83731079101562,168.12452419863357,-202.5014381503151,-65.84324308299095,0.5190354829489775,0.36059515373937423,0.0479324142984995,3.574033991929039e-05,10.436211413186724,30.969841919495348,nan,nan,nan
464.18,167.6066131591797,-202.51287841796875,-65.83892059326172,168.12521643899868,-202.5101079425883,-65.8416933933461,0.5186180924275157,0.36064646691258273,0.04794974869699356,3.504057117659433e-05,9.62010035628022,29.712346464096495,nan,7.680798154810416,nan
464.19,167.60769653320312,-202.52159118652344,-65.84049224853516,168.12588771798826,-202.5188497993384,-65.84338134229422,0.5182064897851746,0.3606978677887037,0.04796714591817392,3.574637057272328e-05,9.582880216640307,30.695707038644933,nan,nan,nan
464.2,167.60873413085938,-202.53030395507812,-65.842041015625,168.09169065479637,-202.5154139972819,-65.84602864072858,0.483202458613821,0.36062950306767766,0.04796370360461386,3.50253007854952e-05,9.678520031837298,30.699937346452092,10.357127553208525,0.6294287405070802,nan
464.21000000000004,167.60977172851562,-202.5390167236328,-65.84355163574219,168.09226159500454,-202.5241354932134,-65.84766614298597,0.4827368345725748,0.3606806790404218,0.04798111948369774,3.573058892079809e-05,9.647588364516919,31.74198038402875,nan,nan,nan
464.22,167.61077880859375,-202.5477294921875,-65.84503173828125,168.09281184337985,-202.53284977929135,-65.84892213610652,0.48227833009187443,0.3607319424736807,0.0479985970175121,3.503142477491276e-05,9.55569402984353,31.213815996854606,nan,0.08729069526652615,nan
464.23,167.61175537109375,-202.5564422607422,-65.84648895263672,168.09334157741733,-202.54157108411349,-65.85049760072265,0.4818324348515161,0.36078329351197036,0.04801613750113888,3.5737082072742625e-05,9.52375016867287,30.49179164038367,nan,nan,nan
464.24,167.61273193359375,-202.56515502929688,-65.84790802001953,168.09385100731234,-202.55030721231756,-65.85281666310019,0.48137315623305865,0.36083473229967494,0.04803373997587498,3.5037769626980476e-05,9.711795246782154,31.78498454682913,nan,0.4197916152782206,nan
464.25,167.61367797851562,-202.57386779785156,-65.84930419921875,168.08994596567584,-202.563712095023,-65.85430902385563,0.47640254214606065,0.3607662908640385,0.0480302679278298,3.572174184291406e-05,9.125313692074574,31.425009254025962,4.316912086741056,nan,nan
464.26,167.61460876464844,-202.58258056640625,-65.85067749023438,168.09040633933566,-202.57243299820374,-65.85454871463253,0.47592151831684043,0.3608175045212866,0.04804788838139599,3.5023114408906726e-05,8.803021982560622,31.05614578242299,nan,1.11932763137549,nan
464.27,167.6155242919922,-202.59129333496094,-65.85201263427734,168.09084751198,-202.58117716604258,-65.8560093331908,0.4754476563570101,0.36086880568560464,0.048065571920514506,3.5728630155317834e-05,8.773392776662234,31.519169824283928,nan,nan,nan
464.28000000000003,167.6164093017578,-202.60000610351562,-65.85333251953125,168.09127129316187,-202.58989937837427,-65.85620295154617,0.474978205977137,0.3609201945006772,0.04808331776732841,3.5029828331723274e-05,8.513360442562963,30.273264931748578,nan,1.0854676233841047,nan
464.29,167.61729431152344,-202.6087188720703,-65.8546142578125,168.0916766386445,-202.59864335777044,-65.85759950898026,0.4744987038946716,0.36097167111208756,0.0481011269471562,3.573571098443613e-05,8.479082376208638,31.352541249273003,nan,nan,nan
464.3,167.61814880371094,-202.617431640625,-65.85588073730469,168.07730473529637,-202.59640544571587,-65.85891928214173,0.4596471506897066,0.360903153036409,0.048097620083431804,3.5015525568871385e-05,8.936701722878457,30.748884845098885,6.081143735441087,0.0025135782458120142,nan
464.31,167.61898803710938,-202.6261444091797,-65.85711669921875,168.07765423108515,-202.60511741839215,-65.86026592584415,0.45915871925309093,0.3609544042897743,0.04811544645091263,3.572089880261363e-05,8.902718484124788,30.95241242615416,nan,nan,nan
464.32,167.61981201171875,-202.63485717773438,-65.85832977294922,168.0779855719752,-202.61384820661934,-65.86276004354711,0.45867637336466155,0.3610057430944986,0.048133335427801065,3.502255146562803e-05,9.137717264117507,31.159726678308115,nan,0.9677970664773967,nan
464.33,167.62062072753906,-202.64356994628906,-65.8595199584961,168.078301280371,-202.622560157391,-65.86407084302175,0.4581851265810021,0.3610571695975513,0.04815128788632625,3.572829479422824e-05,9.109357047613663,31.089212387517193,nan,nan,nan
464.34000000000003,167.6214141845703,-202.65228271484375,-65.86067962646484,168.078601353101,-202.63126420265974,-65.86484957228163,0.45768905751792355,0.36110868394051265,0.04816930327725867,3.502973117464436e-05,8.978698543717298,31.191336599668304,nan,0.18266826373413877,nan
464.35,167.62217712402344,-202.66099548339844,-65.86182403564453,168.043823284071,-202.62659931785578,-65.86605611732739,0.4230679508096442,0.36104008929889225,0.04816575832694181,3.5713784315926396e-05,8.970070427811406,31.53555357306006,10.906543269335723,nan,nan
464.36,167.62294006347656,-202.66970825195312,-65.8629379272461,168.04403207598597,-202.6353104786001,-65.86893187674796,0.4225371193652666,0.36109137805481595,0.048183790173034514,3.5015842148170334e-05,9.447577983926665,32.96180207208308,nan,1.894095548442832,nan
464.37,167.62368774414062,-202.6784210205078,-65.8640365600586,168.0442273758412,-202.6439980649508,-65.870163934892,0.4219905999219348,0.3611427544107606,0.04820188565564185,3.572144335696866e-05,9.425730510940985,32.64464710623875,nan,nan,nan
464.38,167.62442016601562,-202.68711853027344,-65.8651123046875,168.0444077262815,-202.6526854898771,-65.87136235936848,0.4214430545548553,0.36119421850649297,0.04822004435384701,3.502326742769751e-05,9.442105993315133,33.38724136958465,nan,0.00011426710923731532,nan
464.39,167.62513732910156,-202.69583129882812,-65.86616516113281,168.04457334848036,-202.661373011358,-65.87255287902589,0.4208975538864331,0.36124577049176443,0.04823826694825704,3.572923421075507e-05,9.422409954242758,32.59219831540093,nan,nan,nan
464.40000000000003,167.62583923339844,-202.7045440673828,-65.86719512939453,168.04091868874127,-202.67489330940361,-65.87428683127781,0.41619756598524954,0.3611770993497297,0.04823467918115932,3.500961432870966e-05,9.16143151397087,33.183922370295605,3.8020156258931808,0.2438169440093298,nan
464.41,167.62652587890625,-202.7132568359375,-65.86820220947266,168.0410457533008,-202.68360312637523,-65.87544246035583,0.41564226203760124,0.3612284255190302,0.04825291741379561,3.571506976734085e-05,9.14716525143366,33.1405355540814,nan,nan,nan
464.42,167.627197265625,-202.7219696044922,-65.86919403076172,168.04116072357158,-202.6922986570789,-65.87540639377534,0.4150719252005654,0.3612798393274384,0.04827121913264027,3.501724148916966e-05,8.736288574044282,32.46030005718999,nan,0.969298028915095,nan
464.43,167.6278533935547,-202.73068237304688,-65.87017059326172,168.04126018691792,-202.70100864791044,-65.8765118128976,0.41451889924202123,0.36133134092675684,0.048289584912104895,3.572306456083275e-05,8.71485027137497,32.1496096590877,nan,nan,nan
464.44,167.62850952148438,-202.73939514160156,-65.8711166381836,168.04134415371297,-202.70973404006165,-65.87893120551416,0.4139725618618273,0.3613829304536119,0.048308014490089805,3.5024972056205936e-05,9.287665712719456,33.63193792794532,nan,1.2522247991965576,nan
464.45,167.62913513183594,-202.74810791015625,-65.87205505371094,168.0366551866535,-202.71387230802844,-65.87998688812365,0.40903249935513164,0.36131418288429284,0.048304380284259714,3.570909737036406e-05,9.506456345294398,32.55520687675898,1.1424085988305532,nan,nan
464.46000000000004,167.6297607421875,-202.75682067871094,-65.87296295166016,168.03670744691559,-202.72258064224278,-65.88220195651449,0.4084891183337531,0.3613655463645729,0.0483228247188877,3.5011581978726326e-05,10.137927777802966,34.09329299300681,nan,0.9357513906279854,nan
464.47,167.63037109375,-202.76553344726562,-65.87386322021484,168.03674940322983,-202.73127645746166,-65.8832596203342,0.40792789081076525,0.36141699753669576,0.048341333382670514,3.571725669054465e-05,10.127449069738054,33.55292263151751,nan,nan,nan
464.48,167.63096618652344,-202.7742462158203,-65.87474060058594,168.03678107862365,-202.73996257245028,-65.88334379114727,0.40735133452692057,0.36146853653516325,0.04835990610026796,3.5019466304337074e-05,9.724894059916217,33.113338783652736,nan,0.645289385208783,nan
464.49,167.6315460205078,-202.782958984375,-65.87560272216797,168.03679883382443,-202.7486586626484,-65.88435830145772,0.40679603604298264,0.3615201635150484,0.04837854331636311,3.572550290603294e-05,9.713382135581059,32.85368306132036,nan,nan,nan
464.5,167.6321258544922,-202.7916717529297,-65.8764419555664,168.00180377902035,-202.73432836565402,-65.88602607408339,0.3742217087174979,0.36145133957392334,0.04837485818492968,3.500622640893236e-05,10.990688694400518,35.40016102076728,24.10320742668782,0.2645579331007183,nan
464.51,167.6326904296875,-202.80038452148438,-65.87727355957031,168.0017466866052,-202.74296254294066,-65.88701572546127,0.37362376020032045,0.36150274027687895,0.048393509413601245,3.571174772924821e-05,10.980204915406732,34.86766191153279,nan,nan,nan
464.52,167.63323974609375,-202.80909729003906,-65.87808227539062,168.0016842516511,-202.75157123295256,-65.88517520361606,0.3729757506194484,0.36155422870453857,0.04841222494084668,3.5014231838630894e-05,9.715550556519423,33.55331456490053,nan,5.5893221966662185,nan
464.53000000000003,167.63377380371094,-202.81781005859375,-65.87887573242188,168.00160488874448,-202.76020527028624,-65.88610574034118,0.372384601947262,0.36160580501405765,0.04843100514167699,3.572011656615509e-05,9.698686810578003,33.249699475824045,nan,nan,nan
464.54,167.63430786132812,-202.82652282714844,-65.87965393066406,168.00151344435895,-202.76884457803828,-65.88763823506139,0.37179358486414127,0.36165746933673276,0.04844984994511489,3.5022304009375506e-05,10.011953845578713,34.006865215686645,nan,0.2684977575260148,nan
464.55,167.63482666015625,-202.83523559570312,-65.88041687011719,168.0086999696002,-202.78096929486153,-65.88853464806476,0.37787826246082007,0.36158856909760073,0.0484461100279541,3.570648310964169e-05,9.949472200126555,33.444455727072445,0.5808588101807838,nan,nan
464.56,167.6353302001953,-202.8439483642578,-65.88116455078125,168.00860449862344,-202.78959748453326,-65.88766041836207,0.3772663731231185,0.36164000691136017,0.04846496801729666,3.5009218051329376e-05,9.266348346688527,32.49892096309273,nan,2.202811284192936,nan
464.57,167.63583374023438,-202.8526611328125,-65.88189697265625,168.00849488675087,-202.798239690607,-65.88852113793241,0.37667214266563226,0.36169153250690006,0.048483890857563265,3.57149454649526e-05,9.246704453398133,32.91538327143645,nan,nan,nan
464.58,167.63632202148438,-202.8613739013672,-65.88261413574219,168.00837457026995,-202.8068837410952,-65.88960620960323,0.37608664656058843,0.3617431460135712,0.0485028785326953,3.5017378057929824e-05,9.371636972114299,32.78388617899368,nan,0.04005750644617901,nan
464.59000000000003,167.6367950439453,-202.87008666992188,-65.88331604003906,168.00824480964863,-202.8155261544436,-65.890441811202,0.37550306910193276,0.3617948475915378,0.04852193133547132,3.5723462651124446e-05,9.354632083636801,32.50529019508456,nan,nan,nan
464.6,167.63726806640625,-202.87879943847656,-65.8840103149414,168.02697494743649,-202.83185545072448,-65.89041551130315,0.3925763844767218,0.36172587110043464,0.048518132306734754,3.5004381440590565e-05,9.031512208483162,31.64566209908708,3.3574068616741757,0.4488084155344441,nan
464.61,167.63772583007812,-202.88751220703125,-65.88468170166016,168.02685652684082,-202.84051296747768,-65.89121589472849,0.3920131673307495,0.3617773459377114,0.04853719742319636,3.570994604076138e-05,9.013157585022565,31.588028619886543,nan,nan,nan
464.62,167.63816833496094,-202.89622497558594,-65.88534545898438,168.02672875714308,-202.84917098623862,-65.89204329756248,0.3914564351769905,0.36182890858370853,0.048556327598013066,3.501260546402202e-05,9.057240607708476,31.156241743597743,nan,0.0011215765523141016,nan
464.63,167.63861083984375,-202.90493774414062,-65.88599395751953,168.02659192374344,-202.857829020988,-65.89281880025253,0.39089017861719033,0.36188055920033874,0.04857552308178935,3.571852862498667e-05,9.038328728055767,31.575100783276117,nan,nan,nan
464.64,167.63905334472656,-202.9136505126953,-65.88662719726562,168.02644710558698,-202.86648540773922,-65.89324120161115,0.3903104125341543,0.36193229791424447,0.04859478392176364,3.502087059578074e-05,8.941649597607961,31.902479754382217,nan,0.08200540268035536,nan
464.65000000000003,167.63946533203125,-202.92236328125,-65.88725280761719,168.02294128597384,-202.87647030908172,-65.89382710260189,0.38626829212500186,0.3618632452460055,0.048590921771644646,3.570508127341684e-05,8.67655732896563,30.88818787979716,1.7750878837458386,nan,nan
464.66,167.639892578125,-202.93109130859375,-65.88786315917969,168.069179586629,-202.87955681967807,-65.89572221675004,0.4324406363930196,0.35608439345305365,0.048525742233814166,3.5006895927931924e-05,15.053312466777154,37.684615161131006,nan,0.9199861107034648,0.3694425054456293
464.67,167.64028930664062,-202.93980407714844,-65.88846588134766,168.0690173185211,-202.8881871910477,-65.89645617023369,0.4318979692221385,0.356131999689297,0.0485439804670053,3.5712627364264474e-05,15.0123692669489,37.2055994091476,nan,nan,nan
464.68,167.64068603515625,-202.94851684570312,-65.88905334472656,168.06883219916025,-202.89682038152463,-65.8973817016708,0.43133632317403187,0.3561796851351526,0.04856227694573083,3.501523808604808e-05,15.141070902486279,37.75904746976457,nan,0.028992774548153594,nan
464.69,167.64108276367188,-202.9572296142578,-65.8896255493164,168.06865376143926,-202.90545104651304,-65.89809573251681,0.43077804286308513,0.35622746478495143,0.04858063229600052,3.572132310617532e-05,15.104024628134336,38.17089460418814,nan,nan,nan
464.7,167.64146423339844,-202.9659423828125,-65.89019012451172,168.0899930740975,-202.9181880561995,-65.8985988783197,0.45114222124481035,0.3561595091423018,0.048576871472392515,3.500240229354173e-05,15.568357345194723,36.62316681703281,6.601120356196927,0.012800924596998003,nan
464.71000000000004,167.641845703125,-202.9746551513672,-65.89073944091797,168.08984177508574,-202.92681700022055,-65.89928962244286,0.4506240947857691,0.35620708267624845,0.04859523694645942,3.5707963886894924e-05,15.531721001834335,37.02429332782378,nan,nan,nan
464.72,167.6422119140625,-202.98336791992188,-65.89128112792969,168.08965263657097,-202.93545132039273,-65.90040139263147,0.4500915239121626,0.35625473578402234,0.04861366097110105,3.5010769300598626e-05,15.796880929294389,36.86010790310501,nan,0.13106427028788634,nan
464.73,167.64256286621094,-202.99208068847656,-65.89181518554688,168.0894862611593,-202.94408068514045,-65.90107664797175,0.44958903006932793,0.35630248255712715,0.048632144094292756,3.5716685904605406e-05,15.75979891749812,36.39310163004626,nan,nan,nan
464.74,167.64292907714844,-203.00079345703125,-65.892333984375,168.08918917594227,-202.95273063139555,-65.90353069801824,0.4489804866360831,0.3563503094119094,0.04865068607383303,3.501915998650576e-05,16.874614273139557,38.571635469676295,nan,2.2562875336270025,nan
464.75,167.6432647705078,-203.00950622558594,-65.8928451538086,168.0765025276278,-202.9611543895509,-65.90409557631246,0.4360727304577073,0.3562823472214914,0.04864687969300618,3.57033604574218e-05,16.254958201933647,38.118396133633865,4.9579255800037085,nan,nan
464.76,167.64361572265625,-203.0182342529297,-65.89334106445312,168.07634407147137,-202.9697850390969,-65.90390157473485,0.4355601847812579,0.35632996801116373,0.04866543125271573,3.500635094906731e-05,15.83417524768932,38.07577316969547,nan,0.5175181715720671,nan
464.77,167.64393615722656,-203.02694702148438,-65.89382934570312,168.07612086483536,-202.97842491153418,-65.90454600710775,0.435032025805667,0.3563776819322533,0.04868404213887264,3.571209383262079e-05,15.802234027178553,37.577521846204434,nan,nan,nan
464.78000000000003,167.64427185058594,-203.03565979003906,-65.8943099975586,168.07601419398142,-202.98704557252674,-65.90333666615048,0.4345644646894492,0.35642547629014254,0.048702712175651565,3.5014753676234886e-05,14.850609296793996,37.52599391974597,nan,2.4009180973271746,nan
464.79,167.64459228515625,-203.04437255859375,-65.89478302001953,168.07577786658217,-202.99568538777118,-65.90394502901661,0.4340223365694206,0.3564733638530698,0.04872144181331292,3.572084554801733e-05,14.811423175148251,37.03416722731442,nan,nan,nan
464.8,167.6448974609375,-203.05308532714844,-65.8952407836914,168.10793555991864,-203.02159430610334,-65.90443221385118,0.46419871596431284,0.35640538158065865,0.0487175861549006,3.5001965362406596e-05,14.254744045077214,35.77758759685009,13.17923760994894,0.007812842277887299,nan
464.81,167.64520263671875,-203.06179809570312,-65.89569854736328,168.10773044357794,-203.030276624462,-65.90502232515249,0.4636944124091158,0.35645306267071986,0.04873632477318637,3.5707529487637114e-05,14.21407105597236,35.77872875792303,nan,nan,nan
464.82,167.6455078125,-203.0705108642578,-65.8961410522461,168.10758182276575,-203.03894997131994,-65.90462940316306,0.46322838106856096,0.3565008245427491,0.04875512282828615,3.5010368217394365e-05,13.775902945623013,35.7332977636263,nan,0.6705084550329886,nan
464.83,167.6457977294922,-203.07923889160156,-65.89656829833984,168.10736435598022,-203.0476325365949,-65.90519347196417,0.46272789626777727,0.3565486790980142,0.04877398071457737,3.5716283034327476e-05,13.741580743694918,34.68571036153812,nan,nan,nan
464.84000000000003,167.64608764648438,-203.08795166015625,-65.8969955444336,168.10699466591495,-203.05633592347414,-65.90806324600274,0.4621226345726383,0.35659661493271094,0.048792898338583204,3.501878404541747e-05,15.095665336497886,36.83057986393099,nan,3.7745040425770546,nan
464.85,167.646484375,-203.09666442871094,-65.89751434326172,168.09249629748746,-203.0544750245726,-65.90858557774091,0.4481396579810785,0.35652862450145256,0.04878899028826496,3.570297922032986e-05,15.568812274863271,37.56629640780018,6.160994688426561,nan,nan
464.86,167.64695739746094,-203.10537719726562,-65.89812469482422,168.09246167483408,-203.0631192200619,-65.90828337083084,0.44761925393500096,0.3565763538927319,0.048807916302554065,3.5005991281677925e-05,15.021252351579037,36.2439280880326,nan,0.7321579120151928,nan
464.87,167.64752197265625,-203.1140899658203,-65.89883422851562,168.0924580033944,-203.07177196336724,-65.90908293820414,0.44706142847590424,0.35662417545656316,0.048826902378297066,3.57117243598778e-05,14.952337986887368,35.91399963276443,nan,nan,nan
464.88,167.648193359375,-203.12281799316406,-65.89962768554688,168.09253085235142,-203.0804268236219,-65.91024940564381,0.4464813992290565,0.35667207862657047,0.0488459484685655,3.5014401189869995e-05,15.17259770396097,36.1628598993789,nan,0.053158105574345325,nan
464.89,167.64895629882812,-203.13153076171875,-65.9005126953125,168.09271246024863,-203.08907942439353,-65.91123554683791,0.4459110072471869,0.3567200740560267,0.04886505489914578,3.5720479417025545e-05,15.107236927990781,36.755675103752424,nan,nan,nan
464.90000000000003,167.64979553222656,-203.14024353027344,-65.9014892578125,168.06721910231602,-203.0908302299997,-65.91389761454677,0.42052119854653214,0.35665206403347033,0.04886109081901373,3.5001613600345e-05,15.936662583404603,38.44169536555324,7.464686985722768,1.4736166409861127,nan
464.91,167.65074157714844,-203.14895629882812,-65.90254974365234,168.06753479905228,-203.09947664361323,-65.91508066194662,0.41990695400108624,0.3566998526184996,0.04888020500474281,3.570716057861326e-05,15.873654948058514,39.227477385405386,nan,nan,nan
464.92,167.65176391601562,-203.1576690673828,-65.90370178222656,168.06794904227354,-203.10812180506235,-65.91618712091064,0.419309997738934,0.3567477231214438,0.04889937947462399,3.501000949348287e-05,15.867763140444955,38.54622027842748,nan,0.019223357373086523,nan
464.93,167.6528778076172,-203.16639709472656,-65.90493774414062,168.06844152986747,-203.11676816014236,-65.9175443740773,0.41870653866023405,0.35679568539323164,0.04891861451619689,3.571590367394787e-05,15.805881373722986,37.98974956056852,nan,nan,nan
464.94,167.65406799316406,-203.17510986328125,-65.90625762939453,168.06900831066432,-203.1254161212776,-65.9192099369662,0.4181060838506991,0.3568437300635257,0.048937910138959734,3.501841246603646e-05,16.08674652875588,38.51415532670203,nan,0.03472188763116922,nan
464.95,167.6553497314453,-203.18382263183594,-65.90766143798828,168.0598614322924,-203.1318878256464,-65.9206437813825,0.40803857839198043,0.35677571024541255,0.04893388674609472,3.5702585417892105e-05,15.812444550325505,39.16777913879704,1.5466897970919553,nan,nan
464.96000000000004,167.65672302246094,-203.19253540039062,-65.90914916992188,168.06052790757434,-203.1405409560872,-65.92342021797339,0.4073885986283357,0.3568235480739486,0.048953189489281505,3.500560347291772e-05,16.84973188408464,40.48058593257956,nan,0.9541224781141362,nan
464.97,167.65817260742188,-203.2012481689453,-65.91071319580078,168.06134355493913,-203.14918665626334,-65.92512917779396,0.4067739354500518,0.3568714771960448,0.048972553034669915,3.5711309646862104e-05,16.791756632873255,40.179441673419134,nan,nan,nan
464.98,167.6597137451172,-203.2099609375,-65.91236877441406,168.0621712020268,-203.15783968427198,-65.92820722279006,0.4061274259480322,0.3569194890039097,0.048991977422720705,3.5013991203450906e-05,18.077247291728042,41.6411357155379,nan,1.1679234251971937,nan
464.99,167.6613311767578,-203.2186737060547,-65.91409301757812,168.06315141331413,-203.16648487286216,-65.93009306579175,0.4055110089245567,0.3569675922109326,0.0490114628952987,3.572003958025468e-05,18.02068885165849,41.52243500217922,nan,nan,nan
465.0,167.66302490234375,-203.22740173339844,-65.91590881347656,168.04565037396713,-203.16627997056816,-65.93181745646928,0.3878030509786746,0.35689955311419913,0.049007376599111224,3.50011797737333e-05,18.246084571945307,41.20790842836379,3.6980900106285697,0.06921380213304727,nan
465.01,167.6647491455078,-203.23611450195312,-65.91777801513672,168.04674240038645,-203.1749048714939,-65.93385274349997,0.387200029087914,0.3569474490910873,0.049026868521462486,3.5706694314269856e-05,18.194873216864114,41.66371058641899,nan,nan,nan
465.02,167.66648864746094,-203.2448272705078,-65.9196548461914,168.04782547938984,-203.18353210636474,-65.93644071813259,0.38659622609348704,0.35699542802297896,0.049046421541551505,3.500954682308562e-05,18.949838871732375,43.1317795421067,nan,0.1878623283747166,nan
465.03000000000003,167.66819763183594,-203.2535400390625,-65.92152404785156,168.04892760786018,-203.1921563931141,-65.93851803773492,0.3860208055603934,0.35704349790370465,0.049066035876668704,3.571540598497284e-05,18.932157851569382,42.30046185063701,nan,nan,nan
465.04,167.66989135742188,-203.2622528076172,-65.92337036132812,168.05014603026314,-203.2007677755438,-65.93790689565998,0.3854676850490343,0.35709165119919295,0.049085711603582376,3.5017918419363266e-05,16.825084392012027,40.594320692016204,nan,5.030798403753378,nan
465.05,167.6715545654297,-203.27096557617188,-65.92517852783203,168.05304754399606,-203.208442114646,-65.94012272160373,0.3868713027146165,0.3570236006797942,0.0490815589996725,3.570205646640189e-05,17.18718408559133,40.72770937887111,2.3632010965150827,nan,nan
465.06,167.67318725585938,-203.27967834472656,-65.92695617675781,168.05415329860512,-203.21705361265228,-65.94058744053739,0.3863195492658289,0.35707154671801744,0.04910124049946718,3.5005078513607414e-05,16.185319644500563,39.620642944266116,nan,1.61943861529941,nan
465.07,167.67478942871094,-203.28839111328125,-65.92870330810547,168.0551519868336,-203.22567136233727,-65.94251924241203,0.3857464488765386,0.35711958327238763,0.04912098354321512,3.5710745226204174e-05,16.167985560681924,39.5355945204452,nan,nan,nan
465.08,167.6763458251953,-203.29710388183594,-65.930419921875,168.05614276343255,-203.23428704487642,-65.94394272394355,0.38519415296154336,0.357167703483007,0.049140788226744336,3.501343146845845e-05,15.991992912114515,38.591535538808095,nan,0.15948065249285948,nan
465.09000000000003,167.67788696289062,-203.30580139160156,-65.93209075927734,168.05707893501648,-203.24290431657752,-65.94580406887542,0.38461753552250516,0.35721591433714267,0.04916065473919251,3.571943833937239e-05,15.978532026119156,40.16966085069495,nan,nan,nan
465.1,167.6793975830078,-203.31451416015625,-65.9337387084961,168.09605769672956,-203.2596991379343,-65.94570711929151,0.42042071771593376,0.35714784466263677,0.04915643225880213,3.5000586861763684e-05,15.42195197914453,36.173072113335586,16.47144494186304,2.6073808417625997,nan
465.11,167.68087768554688,-203.32322692871094,-65.93534851074219,168.09700441355778,-203.26831743451365,-65.94748463520345,0.4199092661933126,0.3571958478872102,0.049176303838226285,3.570605820404597e-05,15.400998335480711,36.187704167322245,nan,nan,nan
465.12,167.68231201171875,-203.33193969726562,-65.93692779541016,168.09793235648294,-203.2769346333066,-65.94899682498942,0.4194180367104246,0.3572439349901416,0.04919623729969551,3.500891747653001e-05,15.384325321289612,35.39087153150745,nan,0.03865502034517765,nan
465.13,167.68373107910156,-203.3406524658203,-65.9384765625,168.09882028034187,-203.28555230545953,-65.9507099463355,0.4189089738095445,0.357292112331183,0.04921623281804268,3.571473173865681e-05,15.361195969560669,35.904918547612574,nan,nan,nan
465.14,167.68511962890625,-203.349365234375,-65.93999481201172,168.09971999398027,-203.29416716254332,-65.95151054301465,0.41841713864752283,0.3573403739876392,0.049236290510270245,3.5017252320046564e-05,14.905513080886074,35.30614175456329,nan,0.5490446672786932,nan
465.15000000000003,167.68649291992188,-203.3580780029297,-65.94148254394531,168.11791662517686,-203.317414199637,-65.95325031443593,0.43349560410284105,0.3572722912959244,0.049231994665434355,3.570134696493937e-05,14.145471305024914,35.5261148678042,10.859289695476932,nan,nan
465.16,167.6878204345703,-203.3667755126953,-65.94293975830078,168.11879850490791,-203.32607022684508,-65.95346736847453,0.43302407321538494,0.3573203452648743,0.04925205670767675,3.500437861320184e-05,13.379558965919113,34.65460077699805,nan,1.3844853947205789,nan
465.17,167.6891326904297,-203.37548828125,-65.94436645507812,168.1195909728949,-203.33472954538698,-65.95504248059113,0.43251541592504755,0.35736848908495916,0.049272181032590255,3.5709997694255736e-05,13.353244478711733,34.37310169890862,nan,nan,nan
465.18,167.69041442871094,-203.3842010498047,-65.94577026367188,168.12033209501956,-203.34338983592806,-65.9571610243724,0.43200058380941436,0.35741671741377834,0.04929236776745975,3.501269521801234e-05,13.815803734226549,34.54747915281995,nan,0.23005921783232228,nan
465.19,167.69166564941406,-203.39291381835938,-65.9471435546875,168.12107203049234,-203.35204860618873,-65.95868717127763,0.4315009394665056,0.3574650357440364,0.04931261707190529,3.571865324070428e-05,13.789643752966596,34.30882011273514,nan,nan,nan
465.2,167.69290161132812,-203.40162658691406,-65.948486328125,168.14626329362406,-203.37478766428043,-65.95844020883735,0.4542644851664826,0.35739693383033594,0.04930824429846388,3.4999817891671356e-05,12.398744272392985,33.12654904339695,8.740480824896078,2.479921434033336,nan
465.21000000000004,167.69410705566406,-203.4103240966797,-65.9498062133789,168.1469853968109,-203.38348083569898,-65.95989712359615,0.4537853887125433,0.3574450441183348,0.04932849721220916,3.570523949573307e-05,12.367724216932235,33.51345250887154,nan,nan,nan
465.22,167.69529724121094,-203.41903686523438,-65.95109558105469,168.1476819037486,-203.39217394264355,-65.96135835224267,0.453297721130271,0.3574932390889606,0.04934881276683342,3.5008113602533245e-05,12.47379757261861,33.258694968152525,nan,0.0006310448522027248,nan
465.23,167.6964569091797,-203.42774963378906,-65.95236206054688,168.14835588578043,-203.40086695594977,-65.96276495594051,0.4528173844423192,0.3575415237016447,0.04936919111506817,3.571387720838355e-05,12.445264509314816,32.87159632397514,nan,nan,nan
465.24,167.6975860595703,-203.43646240234375,-65.95359802246094,168.14915312041632,-203.40955473293926,-65.96049545343715,0.45242060924315847,0.3575898934110771,0.049389632394425065,3.5016414562183374e-05,10.724042423299732,30.88858960824126,nan,9.406586941113428,nan
465.25,167.69869995117188,-203.44517517089844,-65.95481872558594,168.15075349332645,-203.4168390893507,-65.9618109246778,0.4529947343403857,0.3575217769311017,0.04938517915090086,3.570046108357764e-05,10.872451203991243,30.94161962641197,0.3484154275195799,nan,nan
465.26,167.69979858398438,-203.45387268066406,-65.95600891113281,168.15135148545707,-203.42552651780625,-65.96341600764353,0.452502367790369,0.35756993851004054,0.049405623284508905,3.50035113539593e-05,11.019237150100038,32.166313949267504,nan,0.06650561574805686,nan
465.27,167.70086669921875,-203.46258544921875,-65.9571762084961,168.15193943990568,-203.43421366192118,-65.96469415036039,0.4520266531468554,0.35761818938972706,0.04942613043311693,3.570907853326601e-05,10.985397479871459,31.003113058910557,nan,nan,nan
465.28000000000003,167.701904296875,-203.47129821777344,-65.95832061767578,168.15247563544457,-203.44290152551255,-65.96673860649375,0.4515437584636473,0.35766652551191164,0.04944670073833028,3.501179668119093e-05,11.377924190233273,30.990798255832523,nan,0.4395096577997082,nan
465.29,167.70294189453125,-203.48001098632812,-65.95944213867188,168.15302062407932,-203.4515887187976,-65.96797928109304,0.4510560617970876,0.3577149511077878,0.049467334346808486,3.571770229322129e-05,11.345280287918545,31.79139409563661,nan,nan,nan
465.3,167.70394897460938,-203.4887237548828,-65.96054077148438,168.143922504489,-203.4524075407914,-65.96907658314372,0.4415523009580691,0.35764681515495733,0.04946279706328867,3.4998892791685164e-05,11.748879961134081,31.58430961252624,2.7698377087138897,0.011301078970464201,nan
465.31,167.70492553710938,-203.49742126464844,-65.96161651611328,168.14441734083252,-203.46107268428275,-65.97027344229207,0.44107732565309626,0.35769503228307514,0.0494834327511086,3.570426176598363e-05,11.716462150534689,31.819291541544054,nan,nan,nan
465.32,167.70590209960938,-203.50613403320312,-65.9626693725586,168.14487618586205,-203.46973798572327,-65.97190197114406,0.4405770778764636,0.3577433347809156,0.04950413181633186,3.50071603641271e-05,12.003785366709737,32.19959597455352,nan,0.14439852071576154,nan
465.33,167.70684814453125,-203.5148468017578,-65.96370697021484,168.14533196987654,-203.47840307665146,-65.97306246132892,0.4400951435803957,0.35779172643756524,0.049524894403813,3.5712871074856275e-05,11.971582281373632,31.587227330874594,nan,nan,nan
465.34000000000003,167.70777893066406,-203.5235595703125,-65.9647216796875,168.14583225051567,-203.48706786985508,-65.97238359700795,0.43963741903108255,0.3578402038560936,0.04954572065786236,3.5015434899516264e-05,11.149374737692824,30.909141177611083,nan,2.335546864804123,nan
465.35,167.70867919921875,-203.53225708007812,-65.96571350097656,168.1822761998724,-203.50444445770694,-65.97338982653312,0.4744750646402299,0.3577720518385263,0.04954109576283975,3.569943175478449e-05,11.572959479885345,29.7010131273472,13.594247771257313,nan,nan
465.36,167.70957946777344,-203.5409698486328,-65.96669006347656,168.1828058687262,-203.513115439694,-65.97258406403937,0.4740820961591733,0.3578203206723994,0.04956192330496458,3.5002510286462826e-05,10.867077765403875,28.916947566948643,nan,2.515895855893277,nan
465.37,167.71044921875,-203.5496826171875,-65.96764373779297,168.1832537735614,-203.5217861872123,-65.97362862527436,0.4736646247440643,0.3578686783670891,0.04958281458531903,3.5708024534112844e-05,10.830653082544334,28.41173084191741,nan,nan,nan
465.38,167.7113037109375,-203.5583953857422,-65.96858215332031,168.18366056056243,-203.53045677997696,-65.97537497680649,0.47323112908029197,0.35791712192457437,0.04960376974820585,3.501077284231134e-05,11.09856132796281,28.707213580060323,nan,0.36584452138291923,nan
465.39,167.71214294433594,-203.56710815429688,-65.96949768066406,168.1840736818944,-203.5391277471983,-65.97639056865826,0.4728097250890469,0.35796565453712337,0.04962478893848083,3.571662558127379e-05,11.06403122427707,28.780507816348376,nan,nan,nan
465.40000000000003,167.7129669189453,-203.5758056640625,-65.97039794921875,168.20279084176275,-203.5531262601445,-65.97751346377993,0.49040030717140465,0.35789748262371956,0.049620072851520924,3.499785128148897e-05,11.314897278590617,28.982460543590665,3.253686368276989,0.02572995944628946,nan
465.41,167.71377563476562,-203.5845184326172,-65.97127532958984,168.20320242099854,-203.56180350868368,-65.9784952961117,0.4900068109405806,0.35794580633069123,0.04964109252153996,3.5703167688770943e-05,11.281743838062471,28.317275404653653,nan,nan,nan
465.42,167.71456909179688,-203.59323120117188,-65.97213745117188,168.2035561453115,-203.57047971208135,-65.98081487855826,0.48959296002576697,0.35799421598439,0.04966217628574585,3.500609991165615e-05,11.926352813554848,28.942105795310418,nan,1.2948800937471305,nan
465.43,167.71534729003906,-203.60194396972656,-65.97298431396484,168.20393571100612,-203.57915685880218,-65.98177722982355,0.48919854138853025,0.35804271441941576,0.049683324290419106,3.571175829998361e-05,11.89416520206779,28.87887800234005,nan,nan,nan
465.44,167.71609497070312,-203.61065673828125,-65.97381591796875,168.2043293926293,-203.58783487231614,-65.98172531538711,0.4888315117576076,0.358091299173147,0.04970453667777245,3.5014357461037415e-05,11.470392940002384,27.877457920247203,nan,0.703237788710846,nan
465.45,167.7168426513672,-203.61936950683594,-65.97462463378906,168.2348574349608,-203.61077681029002,-65.98263007760352,0.518147891616014,0.35802310974660984,0.04969972581545789,3.569830561580029e-05,11.221039524102219,27.711840628200257,8.803560596512671,nan,nan
465.46000000000004,167.7175750732422,-203.62806701660156,-65.97542572021484,168.23523608111105,-203.6194842530923,-65.98353519355695,0.5177956609080006,0.35807148663375993,0.049720937858853266,3.641772324175477e-05,11.184822515904088,28.293232013897104,nan,nan,nan
465.47,167.71829223632812,-203.63677978515625,-65.97620391845703,168.2355999609601,-203.62819175086256,-65.98442514232745,0.5174443205011098,0.3581199508620299,0.04974221435042685,3.71515856357169e-05,11.153084448817385,27.5537161563229,nan,nan,nan
465.48,167.718994140625,-203.64549255371094,-65.97696685791016,168.23594809176893,-203.63689921079336,-65.9853520068297,0.5170933608819837,0.35816850137845924,0.04976355543180064,3.6368517125097756e-05,11.22215283596782,27.55984893857354,nan,0.001745778652844806,nan
465.49,167.7196807861328,-203.65420532226562,-65.97772216796875,168.23628362993654,-203.64560692930178,-65.9862134355243,0.5167441651459223,0.35821714072191796,0.049784961253287754,3.710100884025057e-05,11.187519450705349,27.408654006556183,nan,nan,nan
465.5,167.72035217285156,-203.6629180908203,-65.97845458984375,168.25205792095437,-203.65931073243044,-65.98645420178555,0.5317781580615546,0.3581489307371201,0.04978005202408339,3.629794638566299e-05,11.073064611778724,26.818903640030335,2.1613387981954886,0.27923453828876754,nan
465.51,167.72100830078125,-203.671630859375,-65.97917175292969,168.25239198944803,-203.668025796419,-65.98728222647695,0.5314578072069218,0.35819736072531444,0.04980145665875995,3.70282196035477e-05,11.042308477413496,26.729602477476394,nan,nan,nan
465.52,167.72166442871094,-203.6803436279297,-65.9798812866211,168.25267817948045,-203.67673866734955,-65.98941770586194,0.5311116102468789,0.35824587706254385,0.04982292608651504,3.6251554988753944e-05,11.73001973167523,27.77212699429483,nan,1.1466997418001479,nan
465.53000000000003,167.7222900390625,-203.6890411376953,-65.9805679321289,168.2529859799993,-203.68545400779007,-65.99023225561899,0.5307960515831558,0.35829448197400593,0.04984446046089967,3.698060874242383e-05,11.701923792608106,27.974275440711853,nan,nan,nan
465.54,167.72291564941406,-203.69775390625,-65.98124694824219,168.25329865698336,-203.69417078515218,-65.99033149408048,0.5304729045372103,0.3583431735953744,0.04986605991650168,3.620656519036536e-05,11.411727959349978,27.28979404670741,nan,0.32517971748333435,nan
465.55,167.72352600097656,-203.7064666748047,-65.9819107055664,168.25877989166713,-203.72009697147664,-65.99105113249026,0.535505424707451,0.35827494477744204,0.04986104873931717,3.691103565360196e-05,10.11217680450148,27.583533618625474,21.468835940502238,nan,nan
465.56,167.72412109375,-203.71517944335938,-65.9825668334961,168.25903099600364,-203.72886999878912,-65.9920816704444,0.5351696618448508,0.35832342688305263,0.04988264614962169,3.614053521441106e-05,10.31101484891059,27.61072286115871,nan,0.04540327560710249,nan
465.57,167.72470092773438,-203.72389221191406,-65.98320007324219,168.25927636974103,-203.73764357961903,-65.99284077455756,0.5348391781014371,0.358371997325958,0.04990430870954502,3.686644039764902e-05,10.284720366506832,27.538659889131498,nan,nan,nan
465.58,167.72528076171875,-203.73260498046875,-65.98382568359375,168.25951011237666,-203.74641720631092,-65.99358828609755,0.534497039369475,0.35842065535095285,0.049926036557226064,3.760683436442983e-05,10.255466675447018,27.830418005051254,nan,nan,nan
465.59000000000003,167.725830078125,-203.74131774902344,-65.98443603515625,168.25973240842308,-203.75519097477346,-65.99432438354451,0.5341740766119925,0.35846940110253744,0.049947829837165024,3.836186161495347e-05,10.228286401826509,27.155572496398005,nan,nan,nan
465.6,167.72637939453125,-203.75003051757812,-65.98503875732422,168.26697085195278,-203.7695119915925,-65.99299284478191,0.5410008495133707,0.3584011509732666,0.04994271311170596,3.747708117503697e-05,9.128036458611536,26.541781437108188,2.5514146609743085,2.143302025844611,nan
465.61,167.7269287109375,-203.7587432861328,-65.98562622070312,168.26717808825057,-203.778300778454,-65.99368405071728,0.5406633091098328,0.3584496869086007,0.049964503474023994,3.822830930831403e-05,9.096555018803727,26.89591833255043,nan,nan,nan
465.62,167.72744750976562,-203.7674560546875,-65.9862060546875,168.26740168944298,-203.78709266701614,-65.99312069117454,0.5403553690790305,0.358498309552011,0.04998635931180967,3.737492234053954e-05,8.636419156439153,25.6937364446062,nan,0.9551430720849046,nan
465.63,167.72796630859375,-203.7761688232422,-65.98677062988281,168.26758755173208,-203.79588170500762,-65.99377793701541,0.5400266531449188,0.358547020601627,0.05000828078919831,3.812347274545645e-05,8.604093554387187,26.036211785373574,nan,nan,nan
465.64,167.72848510742188,-203.78488159179688,-65.9873275756836,168.26778267309246,-203.804673365507,-65.99350153264369,0.5396959295652984,0.35859581870798646,0.05003026803010009,3.727611387696745e-05,8.29753754480565,26.023781231263857,nan,0.5290498900936579,nan
465.65000000000003,167.72897338867188,-203.79359436035156,-65.98786926269531,168.24621225486345,-203.8008668876817,-65.99413954002799,0.517327991443285,0.3585275484165832,0.050025042188947336,3.79975264108921e-05,8.590961376619616,25.65242483526568,5.906456174137216,nan,nan
465.66,167.72946166992188,-203.80230712890625,-65.9884033203125,168.24637442673404,-203.80963150728064,-65.99297126716779,0.5169848264815828,0.3585761365284244,0.05004702562259581,3.7157121872564324e-05,8.076996169338537,25.42920323120758,nan,1.9932610055826263,nan
465.67,167.7299346923828,-203.81100463867188,-65.98892211914062,168.24649053144006,-203.81839137441045,-65.99356147237935,0.5166294826347814,0.3586248128329941,0.05006907489159317,3.7899805875142786e-05,8.041744697388777,26.00157120837145,nan,nan,nan
465.68,167.73040771484375,-203.81971740722656,-65.98943328857422,168.27283234368065,-203.81006380447587,-65.9953377340965,0.5425426549975955,0.3573641892908472,0.04953691047215226,3.706341480274679e-05,14.43948835826381,31.921162113079877,nan,0.8539034815669547,0.5265792062227056
465.69,167.73086547851562,-203.82843017578125,-65.98993682861328,168.2729464249366,-203.8187797886306,-65.99592089404885,0.5421998630431045,0.357411327365684,0.04955622314428653,3.7803812055113606e-05,14.38135162034407,31.632994788095765,nan,nan,nan
465.7,167.7313232421875,-203.83714294433594,-65.99042510986328,168.2824441110867,-203.83558209666577,-65.99614747389872,0.5511527862869037,0.3573407601028792,0.04955197084791409,3.695153400991889e-05,13.733826789462338,31.91766838102999,4.1339552114250955,0.05512160922743337,nan
465.71000000000004,167.73175048828125,-203.84585571289062,-65.99090576171875,168.28254530075952,-203.84432297140089,-65.9967087483375,0.5508275132953577,0.3573876941836871,0.04957128874911796,3.768888481384695e-05,13.677287912481733,31.100458108996015,nan,nan,nan
465.72,167.73219299316406,-203.8545684814453,-65.99137878417969,168.28269215400175,-203.85304252491613,-65.99629721029495,0.550523247049368,0.35743470967666124,0.04959066470397659,3.6866172875494894e-05,13.375259471231118,31.612560189307935,nan,0.5903294693316818,nan
465.73,167.7326202392578,-203.86329650878906,-65.99183654785156,168.2827756624532,-203.8617834524589,-65.99683165432415,0.5501801796679119,0.35748181683548463,0.04961010040196046,3.7601544359287994e-05,13.320336462605386,30.623420360619875,nan,nan,nan
465.74,167.7330322265625,-203.87200927734375,-65.99229431152344,168.28277336515126,-203.87055497975948,-65.99875349673658,0.5497810068672295,0.3575290059617591,0.049629594475964,3.678399623059463e-05,13.727365648812606,31.482033975943413,nan,1.2429671780079152,nan
465.75,167.73342895507812,-203.88072204589844,-65.99273681640625,168.24048158763267,-203.86350944098868,-65.99923234407404,0.5073862806855929,0.3574584708787525,0.049625284117461706,3.749371711223297e-05,13.616929912129608,32.33130031588598,15.39080017907088,nan,nan
465.76,167.7338409423828,-203.88943481445312,-65.99317169189453,168.24047074225686,-203.87222370920804,-65.99975484906702,0.506964805704038,0.35750546066219935,0.04964478359064583,3.824081337951375e-05,13.560938472627395,33.16371136778962,nan,nan,nan
465.77,167.73422241210938,-203.8981475830078,-65.99359893798828,168.24045177757395,-203.8809381312468,-66.00026936108284,0.5065657215335866,0.35755253697238837,0.04966434229787928,3.900256642699863e-05,13.505735059654915,32.230823707337834,nan,nan,nan
465.78000000000003,167.73460388183594,-203.9068603515625,-65.9940185546875,168.24046719558396,-203.88963604518887,-65.99997564091565,0.5061915208718071,0.3575996952969015,0.04968395965450844,3.809534377678144e-05,13.23362752841514,32.230921316680266,nan,0.3805500718756317,nan
465.79,167.73507690429688,-203.9155731201172,-65.9945297241211,168.24048404626862,-203.89835072327085,-66.00051849496546,0.5057359543135194,0.3576469450894499,0.04970363725876619,3.885349474865194e-05,13.160264463994324,32.08367674929159,nan,nan,nan
465.8,167.73565673828125,-203.92428588867188,-65.99513244628906,168.2497337431172,-203.90621147226102,-66.00182451251159,0.5144381743028124,0.35757643204100276,0.04969926407484673,3.7931045466724495e-05,13.886441637568137,32.318393166897515,3.750617317138865,0.31644393015526606,nan
465.81,167.73631286621094,-203.93299865722656,-65.99583435058594,168.24996132989995,-203.91491495221013,-66.00256184610302,0.5140107234612259,0.35762347755549473,0.04971894574503279,3.8684841885218905e-05,13.811639115100105,31.563527905427215,nan,nan,nan
465.82,167.73707580566406,-203.94171142578125,-65.99662017822266,168.2504043567735,-203.92356938263293,-66.00092226388429,0.5136670546713467,0.3576706055184565,0.049738686396040024,3.779646253470446e-05,13.066927010629719,31.46393139776782,nan,3.6807808167243503,nan
465.83,167.7379150390625,-203.95042419433594,-65.99749755859375,168.2508152160038,-203.9322728354595,-66.00181943370443,0.5132394586739577,0.35771782434066646,0.049758487477936986,3.854707744944088e-05,12.998351922349404,30.842910313035713,nan,nan,nan
465.84000000000003,167.73886108398438,-203.95913696289062,-65.99846649169922,168.2513350786092,-203.9409687469458,-66.00242118535331,0.5128111921938158,0.357765126142223,0.04977834786184621,3.766705810735368e-05,12.865060591276782,31.30280401133919,nan,0.09041371354544499,nan
465.85,167.73988342285156,-203.9678497314453,-65.99951934814453,168.24452642328535,-203.93613928464725,-66.003462315244,0.5056536930671979,0.3576946434394184,0.04977390994398965,3.838997133969764e-05,14.0810588306678,30.610297259065838,17.04651995600936,nan,nan
465.86,167.74098205566406,-203.9765625,-66.00066375732422,168.24526311926317,-203.94477621121663,-66.00360256279063,0.5052904074261032,0.3577417410444204,0.04979377381853414,3.751913593302037e-05,13.84439321300069,29.932269017680138,nan,0.6382282596896347,nan
465.87,167.7421875,-203.9852752685547,-66.00189208984375,168.24603837788354,-203.9534323738705,-66.00484082130801,0.5048647067315432,0.357788928948739,0.04981369830936126,3.8263009894360914e-05,13.778919331150872,30.6237052312942,nan,nan,nan
465.88,167.74346923828125,-203.99398803710938,-66.00320434570312,168.24687912456156,-203.96209654149004,-66.00660589440581,0.5044305221050452,0.35783620019349927,0.04983368242119109,3.739993249543737e-05,13.799231963328268,30.34335076462355,nan,0.1195710639539976,nan
465.89,167.7448272705078,-204.00271606445312,-66.00460815429688,168.24782498295724,-203.97075240117115,-66.00802038661614,0.5040238266482661,0.35788356180794906,0.049853727408848254,3.8141180912267575e-05,13.73574662101886,29.202643898671333,nan,nan,nan
465.90000000000003,167.74627685546875,-204.0114288330078,-66.00608825683594,168.25754436232737,-203.991888729418,-66.00878562189173,0.5116478818445056,0.3578131013397302,0.049849220231177035,3.726237006378735e-05,12.5207763357855,30.212590631780127,13.169491043726708,0.21921768173141004,nan
465.91,167.74781799316406,-204.0201416015625,-66.00765228271484,168.25865269630648,-204.00058582466895,-66.01035967641077,0.5112160524916459,0.3578602583739857,0.04986926804261867,3.8000231578942236e-05,12.456789276297643,30.45013629292592,nan,nan,nan
465.92,167.7494354248047,-204.0288543701172,-66.00929260253906,168.25978833623267,-204.00930487999256,-66.0132711392798,0.5107426999201777,0.35790749906585906,0.049889375784744915,3.7152888899447036e-05,12.628873349695047,30.503700182806735,nan,0.984158538657774,nan
465.93,167.75112915039062,-204.03756713867188,-66.01101684570312,168.26105966986023,-204.01800166809662,-66.01502193699129,0.510321450736298,0.3579548296332788,0.04990954459221796,3.7888464625236214e-05,12.565588794326382,30.20942577462743,nan,nan,nan
465.94,167.75289916992188,-204.04627990722656,-66.0128173828125,168.26238024788336,-204.02671070786448,-66.01758857769548,0.5098790902410862,0.35800224433518196,0.049929773645575194,3.7048028541680224e-05,12.696562703916307,30.236560695071372,nan,0.3395439350079236,nan
465.95,167.7547607421875,-204.05499267578125,-66.01468658447266,168.25686853118148,-204.03295451086214,-66.01952947672379,0.5026145303179992,0.3579318120522358,0.049925194922922106,3.7757684905786434e-05,12.641511271080118,30.76069885255386,0.45472261859041246,nan,nan
465.96000000000004,167.75668334960938,-204.06370544433594,-66.01656341552734,168.2583702984421,-204.04164478449044,-66.02137842055842,0.5021948343176631,0.35797902219421207,0.04994542617877003,3.69249309056647e-05,12.588996063007409,30.120497280079743,nan,0.006196390917083091,nan
465.97,167.75869750976562,-204.07240295410156,-66.01842498779297,168.25994524254804,-204.05033618155804,-66.02332557019702,0.5017571601660508,0.3580263217567396,0.04996571869071803,3.765547106170761e-05,12.537728872832595,31.361591417075918,nan,nan,nan
465.98,167.76075744628906,-204.08111572265625,-66.020263671875,168.26160992031805,-204.05901753635234,-66.02466688044804,0.5013590717486007,0.3580737057120888,0.04998607174709931,3.6829092205662826e-05,12.368111140029868,30.019114984537268,nan,0.219980863408982,nan
465.99,167.76283264160156,-204.08982849121094,-66.0220718383789,168.26328257913434,-204.06770807983682,-66.02656356325201,0.5009587090452241,0.35812117920783465,0.05000648632470912,3.755779179555146e-05,12.321566890655559,30.239055576332166,nan,nan,nan
466.0,167.76487731933594,-204.09854125976562,-66.02384185791016,168.27340530951017,-204.07964533168095,-66.02515519749616,0.5088806321227906,0.35805076898896887,0.05000183178716831,3.6715068292988035e-05,11.788651419081674,29.060058660476138,0.7302152338851711,6.621947691031576,nan
466.01,167.76690673828125,-204.1072540283203,-66.02558898925781,168.2750633236653,-204.08834100474834,-66.02695589618972,0.5085102616116798,0.3580980375842666,0.050022247869246264,3.7441153617124476e-05,11.73566657239403,29.29746941413668,nan,nan,nan
466.02,167.76890563964844,-204.115966796875,-66.02729034423828,168.27667538341873,-204.0970424258084,-66.02911653604552,0.5081255548438156,0.3581453907952955,0.05004272478584063,3.6627773409330564e-05,11.721181465700731,29.5843205380945,nan,0.09930245085044706,nan
466.03000000000003,167.77085876464844,-204.12466430664062,-66.02896881103516,168.27826694839814,-204.10573742009362,-66.03085547040106,0.5077645630152806,0.3581928331445532,0.050063263417366916,3.7352289235206706e-05,11.66881698859568,29.731531595427573,nan,nan,nan
466.04,167.77276611328125,-204.1333770751953,-66.03060913085938,168.27978546726482,-204.11444686474363,-66.03355201989199,0.5073811572945094,0.3582403605429022,0.05008386319347849,3.6544534292265305e-05,11.756199870297586,28.831014273299658,nan,0.6338126354280094,nan
466.05,167.77464294433594,-204.14208984375,-66.03221130371094,168.28446815837165,-204.11755880530464,-66.03519612193152,0.5104237747730604,0.3581699764977063,0.05007913025236824,3.7244479730895204e-05,12.467178731909604,28.794741840607003,5.940340400593924,nan,nan
466.06,167.7764892578125,-204.1508026123047,-66.0337905883789,168.28604633135805,-204.12619575479016,-66.03456174901935,0.5101514513610441,0.35821729896516,0.05009973086797057,3.644309689023153e-05,12.19007196977481,28.58067546704138,nan,3.3998519821674127,nan
466.07,167.77830505371094,-204.1595001220703,-66.03533172607422,168.28750712246597,-204.13486549476417,-66.0361608981104,0.509798292673858,0.35826471020005896,0.05012039339268961,3.716393244291069e-05,12.136410938057073,29.554980321432424,nan,nan,nan
466.08,167.7800750732422,-204.168212890625,-66.03684997558594,168.2889139518565,-204.14354236010834,-66.03824790692039,0.5094385082396702,0.3583122066595141,0.05014111734205198,3.636771054361289e-05,12.118090701877916,28.33680672753199,nan,0.1753058197860738,nan
466.09000000000003,167.78179931640625,-204.1769256591797,-66.038330078125,168.29030261972497,-204.1522117816135,-66.0397922112048,0.509105610913442,0.35835979204611074,0.050161903470442824,3.708732786703016e-05,12.069094924373232,28.0513273118923,nan,nan,nan
466.1,167.78350830078125,-204.1856231689453,-66.03978729248047,168.31959288927143,-204.16727859279436,-66.0425407526532,0.5364054353134112,0.35828942957818627,0.05015708806133057,3.627410312671229e-05,12.67401059282687,28.60120535068381,8.954215166599727,0.9624554196402917,nan
466.11,167.78517150878906,-204.1943359375,-66.04120635986328,168.3209653579792,-204.175950151356,-66.04404007801945,0.53611669990842,0.3583368097265249,0.05017787430013188,3.6991714442154714e-05,12.629503954678055,27.59455068185862,nan,nan,nan
466.12,167.78680419921875,-204.2030487060547,-66.0426025390625,168.32235686991962,-204.18459956471918,-66.04386178236179,0.5358718313221316,0.3583842752463111,0.050198722235895055,3.6206106019735375e-05,12.403727133992966,27.348695381695098,nan,1.7935345634931021,nan
466.13,167.7884063720703,-204.2117462158203,-66.04397583007812,168.32366288995212,-204.19327085178486,-66.04529007426531,0.5355768910707234,0.3584318293648284,0.050219632546820506,3.692271216761518e-05,12.352660150644155,28.005693667870588,nan,nan,nan
466.14,167.78997802734375,-204.220458984375,-66.04531860351562,168.32490812440835,-204.20195395867904,-66.04761619434925,0.5352550080524161,0.35847946925314816,0.05024060486038735,3.6141610946361804e-05,12.399701964932325,27.433864536620767,nan,0.565053760310878,nan
466.15000000000003,167.79150390625,-204.22915649414062,-66.046630859375,168.34232486356063,-204.22274301574566,-66.04902966971774,0.5508635166797549,0.35840913105281347,0.05023570415283033,3.683465029797343e-05,11.758005444686637,27.555061473869216,6.334675080248525,nan,nan
466.16,167.7930145263672,-204.2378692626953,-66.04792022705078,168.34355065308839,-204.2314466773445,-66.05039026888431,0.5505791292216105,0.358456565630274,0.05025667587033445,3.6058788867161244e-05,11.719032229307382,27.209541399033473,nan,3.400769178501721e-07,nan
466.17,167.79449462890625,-204.24658203125,-66.04917907714844,168.3447461400506,-204.2401502454973,-66.0517252515887,0.5502949903359952,0.358504088503135,0.05027771015897121,3.67727750418901e-05,11.674415747015821,27.236323149150344,nan,nan,nan
466.18,167.7959442138672,-204.25527954101562,-66.0504150390625,168.34586306948904,-204.24887444190577,-66.05474600796394,0.5499732087608287,0.3585516972545174,0.050298806713508996,3.600101942629241e-05,11.96607885804668,28.179813044805208,nan,1.9495011371627882,nan
466.19,167.79736328125,-204.2639923095703,-66.05162811279297,168.34699996261634,-204.25757801069122,-66.05604959361673,0.5496918902677987,0.35859939449301664,0.05031996611317756,3.671427258543842e-05,11.926296998138334,27.296700693347802,nan,nan,nan
466.2,167.7987518310547,-204.27268981933594,-66.05281829833984,168.35869337093115,-204.27604472752634,-66.0575031131497,0.5599711876319997,0.3585290771154747,0.05031497620636406,3.592485005299387e-05,11.403427739215928,27.966766556318543,4.623431158055966,0.021500653538670936,nan
466.21000000000004,167.80010986328125,-204.28140258789062,-66.05398559570312,168.35978067753132,-204.28477653421987,-66.05876189081313,0.5597013639720253,0.3585765687609163,0.05033613425013249,3.663656784782263e-05,11.364567106104095,27.059147366782632,nan,nan,nan
466.22,167.80145263671875,-204.2901153564453,-66.05512237548828,168.36083162538932,-204.2935121247748,-66.06032958776102,0.5594135376095676,0.3586241463706393,0.05035735481596265,3.5873366996588474e-05,11.446872840825561,27.660706459371845,nan,0.07376746320090292,nan
466.23,167.80274963378906,-204.29881286621094,-66.05624389648438,168.3618645358896,-204.30224398986573,-66.06154715333447,0.5591505798026505,0.3586718121979685,0.05037863842397194,3.658451627163151e-05,11.4083257788667,27.604712238585645,nan,nan,nan
466.24,167.8040313720703,-204.30752563476562,-66.05734252929688,168.36286950645274,-204.31097642587628,-66.06280448988626,0.5588754793447289,0.3587195643599005,0.05039998485598793,3.582485740256226e-05,11.422181806455074,27.205651705203113,nan,0.0025112936588411465,nan
466.25,167.8052978515625,-204.31622314453125,-66.05841827392578,168.38007903377883,-204.3322191986475,-66.06399260311018,0.5750307420678867,0.3586492694157804,0.05039490273119425,3.651316991780032e-05,10.817894756459788,28.265758183754116,6.562628519298615,nan,nan
466.26,167.8065185546875,-204.32493591308594,-66.0594711303711,168.3810440102091,-204.34098708980582,-66.06535850207696,0.5747797843191849,0.3586968158769706,0.050416247061434036,3.575778181007041e-05,10.88706017005318,26.912595443478498,nan,0.029903632396155556,nan
466.27,167.80772399902344,-204.33363342285156,-66.06050109863281,168.38198931938695,-204.34975295053655,-66.06649604760511,0.5745227904601965,0.35874445030615004,0.05043765463017489,3.646712490617648e-05,10.852521023264076,27.987695199229872,nan,nan,nan
466.28000000000003,167.8089141845703,-204.34234619140625,-66.06150817871094,168.38292125159236,-204.3585142053156,-66.06714787554036,0.574262417232191,0.3587921711251606,0.05045912527088436,3.5714935832453506e-05,10.708139591616199,27.379008432116784,nan,0.14716118028836844,nan
466.29,167.81007385253906,-204.35105895996094,-66.0625,168.38381818872483,-204.3672802562,-66.0682419121579,0.5740023199536326,0.35883998012944385,0.0504806594275585,3.642391660252461e-05,10.673792590151837,27.01394517435298,nan,nan,nan
466.3,167.8112030029297,-204.35975646972656,-66.0634765625,168.39637473573939,-204.38760294564372,-66.06815867348453,0.5858526310120841,0.35876970502720085,0.05047548131321829,3.565342012761742e-05,9.719979361707312,27.293633361340884,6.552073310886207,0.8533309104737665,nan
466.31,167.81231689453125,-204.36846923828125,-66.0644302368164,168.39723194148897,-204.39640271882791,-66.06920346067336,0.585601122914727,0.358817308067211,0.050497012577966786,3.636122205833722e-05,9.683514697658223,26.724748729180117,nan,nan,nan
466.32,167.81341552734375,-204.37716674804688,-66.06536102294922,168.39804365905042,-204.4052125719187,-66.07128571850174,0.5853304388436207,0.35886499753396833,0.05051860715612116,3.5615830272785545e-05,9.992930819277209,28.15131964580593,nan,0.7595355258284869,nan
466.33,167.81448364257812,-204.38587951660156,-66.06627655029297,168.39885642200437,-204.41401281441136,-66.07230470817116,0.5850806495410831,0.35891277496312746,0.0505402654468698,3.6323394171282776e-05,9.96006168768728,26.927250911332724,nan,nan,nan
466.34000000000003,167.81553649902344,-204.39459228515625,-66.06716918945312,168.39968634358604,-204.4227964590099,-66.07144719573695,0.584845977726653,0.35896063916709914,0.05056198734982364,3.558072087820753e-05,9.426303443755723,26.664577827496434,nan,2.359712196082794,nan
466.35,167.81655883789062,-204.40328979492188,-66.06804656982422,168.39103522299158,-204.43156486990497,-66.07247196641727,0.5751888220740748,0.35889038470971746,0.05055671008508716,3.6265963597144655e-05,9.101565300171773,27.46161226867398,2.208585561263582,nan,nan
466.36,167.81756591796875,-204.41200256347656,-66.06890869140625,168.3917661406175,-204.4403703844099,-66.07326453560346,0.5749170395222749,0.35893804281255476,0.05057842831285501,3.5526741178398534e-05,9.048663587744608,26.684221142796403,nan,0.01709887944726948,nan
466.37,167.8185577392578,-204.4207000732422,-66.06975555419922,168.39247354192884,-204.4491774701162,-66.07419713119604,0.5746390504433766,0.3589857886705132,0.05060021044862337,3.623310899559142e-05,9.010875887828757,27.601945213857356,nan,nan,nan
466.38,167.81951904296875,-204.42941284179688,-66.0705795288086,168.3931931943224,-204.45797089227034,-66.07342354872208,0.5743915760415119,0.3590336213160165,0.050622056430610796,3.5496315909063625e-05,8.647970418662279,26.16994367391889,nan,1.9602902472250479,nan
466.39,167.82046508789062,-204.43812561035156,-66.0713882446289,168.39386099577715,-204.46677838744165,-66.07430803635627,0.5741187803927975,0.35908154195412917,0.050643966600966414,3.620259760684488e-05,8.609385357203205,26.23032250227519,nan,nan,nan
466.40000000000003,167.82139587402344,-204.4468231201172,-66.07218933105469,168.37760449096507,-204.47605004818269,-66.07477553317105,0.5569819811498891,0.3590113061666469,0.050638586515720896,3.544690087196236e-05,7.9412181017383645,27.6511913423742,7.356772205701887,0.07838161458278732,nan
466.41,167.8223114013672,-204.45553588867188,-66.07296752929688,168.3781954226817,-204.48487140819122,-66.07562494249171,0.5566638839579506,0.35905902045343624,0.05066049219099022,3.615226680265205e-05,7.902229348151779,26.979358295387996,nan,nan,nan
466.42,167.8231964111328,-204.46424865722656,-66.07373046875,168.37876250856579,-204.49369536512864,-66.07677597838156,0.5563542687461737,0.3591068215260576,0.05068246194048691,3.542078937028078e-05,7.923733828570657,26.562125991247463,nan,0.06906197689609729,nan
466.43,167.82408142089844,-204.4729461669922,-66.07447814941406,168.37931703997725,-204.50251719198243,-66.077599154777,0.5560312750981583,0.3591547104048686,0.05070449607337903,3.612616067511479e-05,7.884928262338649,27.977694270056823,nan,nan,nan
466.44,167.82493591308594,-204.48165893554688,-66.07521057128906,168.3798413144383,-204.51134460858705,-66.07917220501426,0.5557129998260268,0.3592026864001341,0.050726594576686754,3.5396708466497454e-05,8.01397975760748,26.780239209436164,nan,0.40270229086180176,nan
466.45,167.82577514648438,-204.49037170410156,-66.075927734375,168.3911539753605,-204.51848262858837,-66.08006940581062,0.5660923932178682,0.35913246949394106,0.05072110840752619,3.60801084935061e-05,8.497207208700098,26.328327666349765,4.625899518191086,nan,nan
466.46000000000004,167.82659912109375,-204.4990692138672,-66.07662963867188,168.391690341616,-204.52728846445683,-66.08045501425782,0.5658083130473949,0.3591802389768069,0.05074320159705745,3.5353422529275916e-05,8.38973628324655,27.096357946561383,nan,0.11384008055396921,nan
466.47,167.82740783691406,-204.50778198242188,-66.07731628417969,168.39220385740643,-204.53609719288085,-66.08122927386643,0.5655188833236586,0.35922809609145134,0.05076535936334825,3.6058041921340225e-05,8.355922011570687,26.286617910181157,nan,nan,nan
466.48,167.8282012939453,-204.51649475097656,-66.07799530029297,168.3927109550664,-204.544901818406,-66.0813380002954,0.5652338388864369,0.3592760403019411,0.05078758172134158,3.533314104182967e-05,8.203183045120888,26.019811483735193,nan,0.2952163627827298,nan
466.49,167.82896423339844,-204.5251922607422,-66.07865905761719,168.39319235398105,-204.55371086090915,-66.08208065540362,0.5649587506562598,0.3593240723974324,0.05080986893885602,3.6037873765690695e-05,8.166946646168405,26.344810742154785,nan,nan,nan
466.5,167.82972717285156,-204.53390502929688,-66.07930755615234,168.36863716929642,-204.56065414275935,-66.08258459523779,0.5395833932993047,0.35925387282867893,0.05080427309518614,3.529353084150123e-05,7.486730492061073,27.020810633422936,11.7871794807553,0.09962210307192244,nan
466.51,167.83047485351562,-204.54261779785156,-66.07994079589844,168.3690343968491,-204.56947421360329,-66.08330230552944,0.5392392312597228,0.35930169817054913,0.05082655414993193,3.5997535549636764e-05,7.453057878004299,27.017939024585367,nan,nan,nan
466.52,167.83120727539062,-204.55133056640625,-66.08056640625,168.36942931866187,-204.57828890735564,-66.08306261014233,0.5389025431779777,0.359349610576428,0.05084890001213088,3.527671900292964e-05,7.272720037132002,26.69130850076736,nan,0.6213419747272448,nan
466.53000000000003,167.83192443847656,-204.56002807617188,-66.0811767578125,168.36979698936554,-204.58710940461566,-66.08374763609058,0.5385600140794118,0.35939761070886095,0.050871310926224794,3.598090224896735e-05,7.235826693650071,27.508282484848532,nan,nan,nan
466.54,167.83262634277344,-204.56874084472656,-66.08177947998047,168.37013106258397,-204.595938565011,-66.08594375553076,0.538208492127469,0.3594456982224901,0.05089378694183397,3.526153604144566e-05,7.501377992073687,26.778860700935894,nan,1.611676107327488,nan
466.55,167.83331298828125,-204.57745361328125,-66.08236694335938,168.37209375330949,-204.59973735463646,-66.0866142407777,0.5392581176287997,0.3593755157803903,0.050888078091303086,3.594397241166948e-05,7.914281740590844,26.41536103834436,2.8945434599251305,nan,nan
466.56,167.833984375,-204.58616638183594,-66.08293914794922,168.3724439910829,-204.60853372787423,-66.08617376563477,0.538933687082651,0.35942339635928006,0.05091054709191733,3.5226809343287686e-05,7.666930528727042,26.18686899112392,nan,0.854479656151548,nan
466.57,167.8346405029297,-204.59486389160156,-66.08350372314453,168.37276758558025,-204.6173362479363,-66.08681908381321,0.538606308445791,0.35947136451531203,0.0509330813347507,3.59305520583405e-05,7.632460277643799,26.794703867063294,nan,nan,nan
466.58,167.8352813720703,-204.60357666015625,-66.08406066894531,168.37306571901854,-204.6261442854336,-66.08854161264289,0.5382763048747483,0.3595194200061975,0.05095568088876166,3.521464333445773e-05,7.854810934170029,26.018330779113963,nan,0.8248502221346574,nan
466.59000000000003,167.83592224121094,-204.61228942871094,-66.08460235595703,168.37336323438754,-204.63494705554652,-66.08917712025992,0.5379378381085498,0.359567563339467,0.050978345969685444,3.591863764572479e-05,7.825180657210876,26.506234842890606,nan,nan,nan
466.6,167.83653259277344,-204.62100219726562,-66.08512878417969,168.3632505857076,-204.63641088639747,-66.08865049987934,0.5269550970080968,0.3594973967683831,0.05097252058450012,3.518281417774934e-05,7.812448147166952,25.77451010810421,1.938294050298895,0.9670999651246496,nan
466.61,167.83714294433594,-204.6297149658203,-66.08564758300781,168.36351139807837,-204.6451952258781,-66.08925507877262,0.5266083948935415,0.35954533293107854,0.05099517777309042,3.5886208695228947e-05,7.780780866014494,26.086989176623124,nan,nan,nan
466.62,167.83773803710938,-204.63841247558594,-66.0861587524414,168.3637600044569,-204.65397960747703,-66.08985034747381,0.5262652122279847,0.35959335651400764,0.05101790050522596,3.660391457864934e-05,7.747788821086555,26.648411557819223,nan,nan,nan
466.63,167.8383331298828,-204.64712524414062,-66.08666229248047,168.3639966186331,-204.66276405451887,-66.09043634794456,0.5259096113305274,0.3596414676616706,0.05104068892540694,3.733607632821052e-05,7.71534438272309,26.16274716112301,nan,nan,nan
466.64,167.83889770507812,-204.6558380126953,-66.08715057373047,168.3642146746291,-204.67155180871177,-66.09176072073261,0.5255721599731517,0.35968966638588823,0.05106354315159233,3.6536810178244395e-05,7.874694607391142,25.755571992797396,nan,0.36150596570595267,nan
466.65000000000003,167.83946228027344,-204.66455078125,-66.08763122558594,168.3738045282906,-204.6866701462644,-66.09235606909205,0.5348207442413186,0.35961951518389285,0.05105759785864549,3.724394101820248e-05,7.674743598902589,26.028482651754647,1.411751464602284,nan,nan
466.66,167.8400115966797,-204.6732635498047,-66.08810424804688,168.31893989550338,-204.6443214032218,-66.09149403917189,0.47981397848212987,0.35558929159507374,0.047565600958647786,3.6448222582716724e-05,12.919971268647021,31.05323639505948,nan,1.391656909273868,0.7441856443599739
466.67,167.84054565429688,-204.68197631835938,-66.08856201171875,168.31915685623088,-204.653067664573,-66.09203837577887,0.4794960667070461,0.35563954804573406,0.04758101160753815,3.717668878203787e-05,12.865522946229365,30.984905143351504,nan,nan,nan
466.68,167.84107971191406,-204.690673828125,-66.0890121459961,168.31933924325168,-204.66178726506413,-66.09217809417213,0.47914156161681104,0.3556898859260113,0.047596473328207684,3.638663180146139e-05,12.749609089836165,32.00450762505323,nan,0.10246223133042971,nan
466.69,167.8415985107422,-204.6993865966797,-66.0894546508789,168.31953510266948,-204.6705336398616,-66.09270217849564,0.47881773719844656,0.3557403165873304,0.047612000166975435,3.7113866373949147e-05,12.694308568889715,30.94362331177406,nan,nan,nan
466.7,167.84210205078125,-204.70809936523438,-66.08988952636719,168.31860327498296,-204.6807750293384,-66.09281440468399,0.4772929822562387,0.3556743452896957,0.04760872738492425,3.6305235433499165e-05,12.376291369647353,30.729778847683264,1.1099858075277296,0.05597691819140714,nan
466.71000000000004,167.8426055908203,-204.71681213378906,-66.09031677246094,168.31877515310083,-204.6895295490694,-66.09331798898347,0.47695995510317324,0.355724557431603,0.04762427827488569,3.703041034898296e-05,12.320129115736428,31.004121799252797,nan,nan,nan
466.72,167.84320068359375,-204.72552490234375,-66.09083557128906,168.31877681150024,-204.69805203316565,-66.09028603127906,0.4763693041849278,0.35577485119579,0.047639881076967934,3.62488535559985e-05,12.01930243651903,30.716217974085033,nan,8.421610389735001,nan
466.73,167.8438720703125,-204.73423767089844,-66.09144592285156,168.31908284523902,-204.7068063706511,-66.09089263441618,0.4760021669778612,0.35582523736331734,0.047655548701227186,3.697296942529642e-05,11.954415895385965,30.172082305272642,nan,nan,nan
466.74,167.8446502685547,-204.74295043945312,-66.09215545654297,168.31944455376996,-204.71552169206538,-66.09097619250412,0.4755873632888188,0.35587570558134723,0.04767126878904303,3.619495982595911e-05,11.919316148426379,30.512696425968254,nan,0.2505952583076994,nan
466.75,167.84552001953125,-204.7516632080078,-66.09294891357422,168.33375758206037,-204.7315533842429,-66.09174855589248,0.48865300913306425,0.35580965320869895,0.04766800720069284,3.6894963584340814e-05,11.639741174035382,30.48199274962458,2.8102869602688734,nan,nan
466.76,167.84646606445312,-204.7603759765625,-66.09383392333984,168.3343970850137,-204.74036957854696,-66.09331722919153,0.48834127796008464,0.355859902811966,0.047683751106426586,3.61213245861936e-05,11.544075874644106,29.92793282410018,nan,0.31603389712715896,nan
466.77,167.84751892089844,-204.7690887451172,-66.09481048583984,168.335085403554,-204.74914287096138,-66.09429249947102,0.4879745702542546,0.3559102444404002,0.047699559564877904,3.684264342150033e-05,11.479475064228787,30.45023141851744,nan,nan,nan
466.78000000000003,167.84864807128906,-204.77780151367188,-66.09587097167969,168.33597406897746,-204.75803686584416,-66.09733452524121,0.48772882969512565,0.35596066831108936,0.04771542127868909,3.6072282018609505e-05,11.467882781747576,30.1935391497817,nan,2.5959115711605443,nan
466.79,167.849853515625,-204.7864990234375,-66.0970230102539,168.33683655061535,-204.76681036336515,-66.09850708351755,0.48738313694392843,0.3560111843569714,0.047731347586513845,3.679276567029274e-05,11.403656627300203,30.50211971770778,nan,nan,nan
466.8,167.8511505126953,-204.7952117919922,-66.09825897216797,168.33695785445246,-204.76924080492788,-66.10077816448822,0.48650756602974954,0.3559450408683431,0.047728081474122754,3.600353591178148e-05,12.164062553109869,29.827709769984473,6.002785855678744,0.5661167610337602,nan
466.81,167.8525390625,-204.80392456054688,-66.09957885742188,168.33799381467298,-204.7779864713388,-66.10213550856541,0.4861539235100021,0.35599533791138993,0.04774403079195421,3.672235256426233e-05,12.102884410720598,30.0429792475186,nan,nan,nan
466.82,167.85400390625,-204.81263732910156,-66.10098266601562,168.33906958585706,-204.78668592743773,-66.10278711643461,0.48576274540385656,0.3560457173852674,0.047760034122782055,3.595909419954852e-05,11.953134218518978,29.674941318295108,nan,0.41818854545005274,nan
466.83,167.85556030273438,-204.82135009765625,-66.10247039794922,168.34027209174232,-204.79543141630126,-66.10430636242953,0.4854077329545114,0.35609618865876663,0.047776101818488736,3.667721563558766e-05,11.892124975961279,29.877980039030096,nan,nan,nan
466.84000000000003,167.85719299316406,-204.83006286621094,-66.10403442382812,168.3415327723393,-204.80415174627146,-66.10547480228134,0.48503451683165466,0.3561467427888827,0.047792224043861554,3.5916846009134146e-05,11.796207764243496,29.797102753120676,nan,0.12639639127778338,nan
466.85,167.85890197753906,-204.83877563476562,-66.1056900024414,168.35798618179717,-204.81131990626452,-66.1072702263588,0.4998413318995413,0.3560805178566179,0.04778896034999374,3.661156212689898e-05,12.598279362457246,28.833728843338573,8.750028077418147,nan,nan
466.86,167.86068725585938,-204.8474884033203,-66.107421875,168.35953279216966,-204.8201165049917,-66.11035013189091,0.4996045081894548,0.35613085288172164,0.04780510526606322,3.585488704827425e-05,12.708525309998215,28.97266154477689,nan,1.161867351962531,nan
466.87,167.86256408691406,-204.856201171875,-66.1092300415039,168.36108744720227,-204.8288395993406,-66.11220899479206,0.49928255584116915,0.3561812793345924,0.04782131434372623,3.657090377258918e-05,12.651041059104857,29.42441038578364,nan,nan,nan
466.88,167.86451721191406,-204.86489868164062,-66.11109924316406,168.36270181091967,-204.8375435808082,-66.11379333967318,0.49894233573022767,0.3562317888255999,0.04783757866106113,3.5816877504133623e-05,12.54868868039079,30.00323668036306,nan,0.08018994056092021,nan
466.89,167.8665313720703,-204.8736114501953,-66.11297607421875,168.3644117745188,-204.84626601991226,-66.11575595011811,0.49863854184133083,0.35628238989881916,0.047853907215682244,3.6532377587979894e-05,12.498100105896793,28.787044844178485,nan,nan,nan
466.90000000000003,167.86863708496094,-204.88232421875,-66.1148452758789,168.36834123904544,-204.85352010066586,-66.116499803111,0.5005363685969981,0.3562160748666295,0.04785063258982588,3.5759155240182215e-05,12.583299255784901,28.771836114007694,1.034918298972713,0.8573566152108636,nan
466.91,167.87081909179688,-204.8910369873047,-66.11669158935547,168.37020850637307,-204.862233390311,-66.11843152570009,0.5002224125016974,0.35626645644967864,0.047866983020658574,3.6473301527620385e-05,12.530314648501363,28.656811353689786,nan,nan,nan
466.92,167.87306213378906,-204.8997344970703,-66.11849975585938,168.37225481502946,-204.87105175952368,-66.12235927104898,0.5000309273381488,0.35631692124573244,0.047883389368173684,3.572513655356621e-05,12.803999630876547,29.516437815498637,nan,2.770787300971633,nan
466.93,167.87538146972656,-204.908447265625,-66.12028503417969,168.37427058620375,-204.87976469995553,-66.1242535046631,0.49972871527534773,0.3563674772601848,0.0478998597886103,3.643887780868792e-05,12.760780972632745,28.46298731157774,nan,nan,nan
466.94,167.87777709960938,-204.9171600341797,-66.12203216552734,168.37637321036897,-204.8884928719313,-66.12642193182228,0.4994388430069203,0.3564181169064997,0.047916386608547044,3.5693016904453035e-05,12.810090681397849,28.822358699511906,nan,0.06384033536260242,nan
466.95,167.8801727294922,-204.9258575439453,-66.12374114990234,168.3802667149249,-204.90358829454135,-66.12819441532292,0.5006093739712454,0.3563517200581978,0.047913105647135364,3.6383888287123884e-05,12.145267887593905,29.417119217785473,4.758664442068412,nan,nan
466.96000000000004,167.882568359375,-204.9345703125,-66.12541961669922,168.38242379301803,-204.9123613239716,-66.13071087552224,0.5003765493444443,0.3564021401014511,0.04792965394122031,3.564112773877715e-05,12.329345372242669,29.278370407975988,nan,0.3514428703774687,nan
466.97,167.88491821289062,-204.9432830810547,-66.12705993652344,168.3845191568371,-204.92109830853641,-66.13248326239673,0.5001226647407722,0.3564526510060413,0.04794626616826962,3.63533123235763e-05,12.297585835472637,28.951908209314944,nan,nan,nan
466.98,167.88722229003906,-204.9519805908203,-66.12867736816406,168.386542038427,-204.92979919642877,-66.1334856362118,0.4998353177087033,0.35650324570587383,0.04796293542634804,3.5612645773583876e-05,12.081387158583999,28.988936603697123,nan,0.37132377042025083,nan
466.99,167.88949584960938,-204.960693359375,-66.13025665283203,168.38856013410145,-204.93853536847638,-66.13518758612308,0.49958027454992093,0.35655393142983804,0.04797966872617177,3.632456481718033e-05,12.04676359824183,28.700709648934257,nan,nan,nan
467.0,167.8917236328125,-204.96939086914062,-66.13180541992188,168.40478112841168,-204.9534455772307,-66.13623112062332,0.5133242960851347,0.3564874454346142,0.04797637009856945,3.556436551559111e-05,11.809976017929957,28.888927816901802,3.3714203094370294,0.1400327028475381,nan
467.01,167.89390563964844,-204.9781036376953,-66.13331604003906,168.4067360647936,-204.96219412611737,-66.13786404881446,0.5130973025626125,0.3565379111773457,0.04799312405084321,3.627517581104104e-05,11.775475724595601,28.1888174143249,nan,nan,nan
467.02,167.8960418701172,-204.98680114746094,-66.13480377197266,168.40857511296366,-204.97087207750937,-66.13793825685565,0.5127902936754218,0.35658846086964047,0.04800993563456061,3.5539283727520414e-05,11.426480973840938,28.27675524490879,nan,1.600133389966493,nan
467.03000000000003,167.89813232421875,-204.99549865722656,-66.13626098632812,168.4104440026964,-204.9796198849365,-66.13949728150256,0.5125679124959843,0.35663910124085807,0.048026811156477354,3.624991586056976e-05,11.384141153288734,28.124695259546808,nan,nan,nan
467.04,167.9001922607422,-205.00421142578125,-66.1376953125,168.4122845254056,-204.98838041448727,-66.1413202375558,0.5123497326322606,0.3566898259704249,0.0480437447606578,3.551581685104468e-05,11.411781147594125,27.500424366697622,nan,0.05859612666946041,nan
467.05,167.90220642089844,-205.01290893554688,-66.13909149169922,168.41612680467324,-204.99037355672985,-66.14287592447,0.5144281544482806,0.3566232578052975,0.048040431077647223,3.620397604512016e-05,12.209531644811026,28.16285621515313,7.110909229796801,nan,nan
467.06,167.9041748046875,-205.02162170410156,-66.14046478271484,168.41785377317407,-204.99906436212308,-66.14376259490565,0.5141845893332568,0.35667376242743004,0.04805738485358154,3.547246286465896e-05,12.068146885746248,26.92369293847851,nan,0.24133351170721867,nan
467.07,167.90611267089844,-205.0303192138672,-66.14180755615234,168.41956810072136,-205.0077806837961,-66.14520944831493,0.5139611236491496,0.35672435739205366,0.04807440248651403,3.618196332983805e-05,12.027248358113638,27.98191420215584,nan,nan,nan
467.08,167.9080047607422,-205.0390167236328,-66.14312744140625,168.4212056464786,-205.01646112661538,-66.14578642990705,0.5137031966975636,0.3567750368549243,0.04809147875972294,3.545206229219427e-05,11.853173661138301,27.460555064554587,nan,0.4899142522470274,nan
467.09000000000003,167.9098663330078,-205.0477294921875,-66.14441680908203,168.42284310577608,-205.0251772321703,-66.14717344597872,0.5134796713391988,0.35682580683408516,0.04810861902965293,3.616149095601037e-05,11.811809802462937,27.001334617187737,nan,nan,nan
467.1,167.91168212890625,-205.05642700195312,-66.14568328857422,168.4193700046397,-205.03391007525485,-66.14854964210255,0.5081950483202449,0.3567591532203146,0.04810528310918854,3.686211993854516e-05,11.589667439008117,27.489671026004096,0.5637379926891798,nan,nan
467.11,167.91346740722656,-205.06512451171875,-66.14692687988281,168.42092355008023,-205.04263059908155,-66.14988730716834,0.5079630667237206,0.35680970272221546,0.048122442725487706,3.7599496928470964e-05,11.546670661847067,27.55195182655076,nan,nan,nan
467.12,167.91522216796875,-205.07383728027344,-66.14813995361328,168.42244490544073,-205.05135477169304,-66.15129042836683,0.5077305329520836,0.3568603366301246,0.048139661319444055,3.6784040385641614e-05,11.53181382646861,27.115182319661486,nan,0.0051017436944229685,nan
467.13,167.91693115234375,-205.08253479003906,-66.14933013916016,168.42392720916797,-205.06007544659784,-66.1525816430141,0.5075036906471044,0.35691106095385133,0.04815694405355215,3.7519645372584066e-05,11.491186929141719,27.448689197890754,nan,nan,nan
467.14,167.91860961914062,-205.09124755859375,-66.15050506591797,168.42534088436923,-205.06876493460675,-66.15304702502496,0.5072361433273752,0.35696187009822,0.04817428620318495,3.670892922920962e-05,11.334472236381847,26.414392239858717,nan,0.4130820798124168,nan
467.15000000000003,167.92025756835938,-205.09994506835938,-66.15164947509766,168.45922426642645,-205.08526189828336,-66.15426572280663,0.5391730166290568,0.35689513117165894,0.048170924091046986,3.7419047436319435e-05,11.79064132400437,26.818990705219655,9.847599636226214,nan,nan
467.16,167.921875,-205.108642578125,-66.15277099609375,168.46065289983747,-205.09397825416139,-66.15527224238896,0.5389832316349127,0.3569457197161408,0.048188285042823506,3.661393491944411e-05,11.726389908286794,26.83023361465413,nan,0.028120918567192073,nan
467.17,167.9234619140625,-205.1173553466797,-66.15386962890625,168.4620578010629,-205.10270272392256,-66.15646414876714,0.538801410893412,0.35699639832945174,0.04820571007438779,3.7345386966768933e-05,11.685282833010945,26.107007474432752,nan,nan,nan
467.18,167.9250030517578,-205.1260528564453,-66.15494537353516,168.4633839791057,-205.11138502088744,-66.156482145141,0.5385828905553053,0.3570471619087936,0.048223195041572235,3.654469773685821e-05,11.51832700801016,26.3258312756123,nan,0.859371169715812,nan
467.19,167.92652893066406,-205.13475036621094,-66.15599822998047,168.46472594265933,-205.12010953687766,-66.15762109135704,0.5383985617395775,0.3570980157280402,0.04824074424268801,3.727469015877599e-05,11.472637198079314,26.762182452104962,nan,nan,nan
467.2,167.9280242919922,-205.14344787597656,-66.15703582763672,168.44435664238088,-205.13129265005455,-66.1594039249105,0.516480835520377,0.3570311891716482,0.04823735001453684,3.6455704737890524e-05,10.447145607116623,27.170327481920655,14.798840245101113,0.40480278252817387,nan
467.21000000000004,167.92947387695312,-205.15216064453125,-66.15805053710938,168.4455951257155,-205.14004646906136,-66.16050807682808,0.5162692477504514,0.357081822017207,0.04825491716139699,3.718341718995146e-05,10.406496463955767,25.930731840255092,nan,nan,nan
467.22,167.930908203125,-205.16085815429688,-66.15904235839844,168.4467398384572,-205.14874353322887,-66.15994378914104,0.5159746627795807,0.357132539958145,0.04827254473310487,3.6392105188481514e-05,10.215352105634134,27.008847178026823,nan,1.7731878149613085,nan
467.23,167.93231201171875,-205.1695556640625,-66.16001892089844,168.44792021890484,-205.15749734313303,-66.16099319917825,0.5157501096843891,0.35718334781487404,0.04829023651517136,3.711855348870073e-05,10.167876674817665,26.744752662033576,nan,nan,nan
467.24,167.93368530273438,-205.1782684326172,-66.16097259521484,168.44903664413022,-205.16621964243203,-66.16108236378753,0.5154921827463143,0.3572342411626641,0.04830798912756363,3.633120309369636e-05,10.093727444309927,25.909042874136016,nan,0.5803204452872165,nan
467.25,167.93502807617188,-205.1869659423828,-66.16191101074219,168.4579593192546,-205.1749638489763,-66.1620242374536,0.5230689706515476,0.35716733200121503,0.04830456267146243,3.703321016463867e-05,10.355805914202683,26.225182821602278,1.3753309618921195,nan,nan
467.26,167.93634033203125,-205.1956787109375,-66.16282653808594,168.4590299285918,-205.18367463588618,-66.16188199847595,0.5228282742216098,0.3572180042301367,0.04832233261615028,3.6250649296184086e-05,10.331824863396617,25.458988405248153,nan,0.8341281856829477,nan
467.27,167.93763732910156,-205.20437622070312,-66.16372680664062,168.46011600657351,-205.19242187383563,-66.16283771274716,0.522616173984139,0.357268766065278,0.04834016676881418,3.697391938489061e-05,10.278667960269141,26.412268635470017,nan,nan,nan
467.28000000000003,167.93890380859375,-205.21307373046875,-66.16460418701172,168.46118002996886,-205.20117243040787,-66.1638816797015,0.5224123030459884,0.3573196134981535,0.04835806220061074,3.619502945399785e-05,10.222185144603577,26.3611367113008,nan,0.007324932090075439,nan
467.29,167.94015502929688,-205.22178649902344,-66.16546630859375,168.46221479582906,-205.20991984982507,-66.16480458933835,0.5221950354677884,0.3573705507266781,0.04837602202460366,3.6917290558188104e-05,10.171392012800593,25.779584573892073,nan,nan,nan
467.3,167.9413604736328,-205.23048400878906,-66.16631317138672,168.45806903016364,-205.22362729078932,-66.16660815714026,0.516754133017334,0.3573035547028216,0.04837255598895608,3.611981654785544e-05,9.483970647842158,26.083136560901156,5.461729677999618,0.6819391340831417,nan
467.31,167.94256591796875,-205.2391815185547,-66.16714477539062,168.4590411234649,-205.23239944236423,-66.16750643220857,0.5165198594879116,0.35735427045655743,0.04839053228179849,3.6840244426123106e-05,9.435835656058071,26.70354587498265,nan,nan,nan
467.32,167.9437255859375,-205.24789428710938,-66.16795349121094,168.45999155848293,-205.24117371602517,-66.16846080574457,0.516309962960244,0.3574050719000277,0.04840857027632139,3.606922519580406e-05,9.392548057874698,25.41226642717307,nan,0.003426214841512083,nan
467.33,167.9448699951172,-205.256591796875,-66.16875457763672,168.46091585376712,-205.24994597312642,-66.16932878327744,0.516088969960762,0.35745596285046904,0.04842667269066574,3.67888032284545e-05,9.346012456111822,26.1277671610049,nan,nan,nan
467.34000000000003,167.9459991455078,-205.2653045654297,-66.1695327758789,168.4617260673306,-205.25864282159387,-66.16751672626572,0.5157738857094131,0.35750693986895543,0.04844483718514162,3.602103444483184e-05,9.402885820944798,25.82480991334687,nan,4.729722775512491,nan
467.35,167.9470977783203,-205.2740020751953,-66.17029571533203,168.43288306332647,-205.2501986255731,-66.16838014347857,0.4863718914143359,0.35743986096046776,0.048441330294513266,3.671697985933071e-05,9.902783972492736,26.641980462469007,13.756961975356775,nan,nan
467.36,167.94818115234375,-205.28269958496094,-66.17105102539062,168.43383416993373,-205.2590407617449,-66.17336891422408,0.48623447637828754,0.3574906163399014,0.04845951057708404,3.595326696868984e-05,9.904130568726083,26.625038917601486,nan,11.736468961449587,nan
467.37,167.94923400878906,-205.29141235351562,-66.17178344726562,168.43462408960218,-205.2677690442424,-66.17419484903378,0.4859715541918498,0.3575414609507624,0.048477755323970056,3.667045616693359e-05,9.866978129437252,25.80486982723879,nan,nan,nan
467.38,167.9502716064453,-205.30010986328125,-66.17250061035156,168.43538041493315,-205.27648743525617,-66.17462607269275,0.4856882670689634,0.3575923917010904,0.04849606253949355,3.590973239560954e-05,9.786491155104683,26.666297916745783,nan,0.09725963434134323,nan
467.39,167.95127868652344,-205.30882263183594,-66.17321014404297,168.43612832101851,-205.28521587309777,-66.17542083060782,0.4854290208292251,0.357643411888977,0.048514434428529325,3.66262763093245e-05,9.748358735291669,25.327999454248214,nan,nan,nan
467.40000000000003,167.95228576660156,-205.31752014160156,-66.17390441894531,168.4085738336356,-205.28380289081267,-66.17425021885573,0.4575322641038388,0.35757624678409816,0.048510880289712614,3.584663031193625e-05,9.533112340018276,27.224851663523612,6.876225868910218,2.502551414784263,nan
467.41,167.95326232910156,-205.32623291015625,-66.17457580566406,168.40923454750197,-205.29251496444783,-66.17499898993171,0.45721739129292355,0.3576270449931857,0.048529267092008374,3.656169884587832e-05,9.488918724650926,26.374029883527996,nan,nan,nan
467.42,167.95420837402344,-205.33493041992188,-66.17523956298828,168.4098410496907,-205.3011999197497,-66.17461753333627,0.4568799280975906,0.3576779293999507,0.04854771672925967,3.5807493939677996e-05,9.448237986980587,26.509125097023592,nan,0.8419063779249157,nan
467.43,167.9551544189453,-205.3436279296875,-66.17589569091797,168.41046302006623,-205.30991226354266,-66.1753304054274,0.4565555693954071,0.35772890298748183,0.0485662311085295,3.6522044530156865e-05,9.399146947929221,26.917525798698374,nan,nan,nan
467.44,167.95606994628906,-205.3523406982422,-66.17652893066406,168.41109929099582,-205.31865047605626,-66.17712529150977,0.45627523630091693,0.3577799631353564,0.04858480867894389,3.5770452608074295e-05,9.355301939795558,26.06442974720325,nan,0.8085666964592411,nan
467.45,167.95697021484375,-205.3610382080078,-66.17715454101562,168.38759259179068,-205.3132719774771,-66.17792249596125,0.43326416198588996,0.357712714938313,0.04858120512898254,3.646198448799128e-05,9.79166108563502,27.266479073112883,9.353771682031038,nan,nan
467.46000000000004,167.9578399658203,-205.3697509765625,-66.17777252197266,168.38810081777632,-205.32193240257155,-66.17787316250802,0.4329099523838118,0.3577635529260398,0.048599796871179886,3.571379824744268e-05,9.731237993732895,25.890670777116146,nan,0.3704068959204178,nan
467.47,167.95870971679688,-205.37844848632812,-66.17837524414062,168.3886130322975,-205.3306094487571,-66.17854458047829,0.43255688974857387,0.35781447984940074,0.0486184534369731,3.642658755559219e-05,9.68539442664661,27.264564686989548,nan,nan,nan
467.48,167.95956420898438,-205.3871612548828,-66.17896270751953,168.38908722220265,-205.339270937057,-66.17848301076748,0.4321848349196625,0.3578654933729336,0.04863717353181259,3.568078351186327e-05,9.646235971174791,26.69132587497428,nan,0.35382021786545553,nan
467.49,167.96038818359375,-205.3958740234375,-66.17953491210938,168.38956498632993,-205.34794830226792,-66.17912533304352,0.4318446138502655,0.35791659605317194,0.04865595867990149,3.639321548918688e-05,9.600225161116137,26.316793159333557,nan,nan,nan
467.5,167.96119689941406,-205.40457153320312,-66.18009948730469,168.40433362377095,-205.36455829019866,-66.18055266570835,0.44493979532084377,0.3578492622350379,0.04865230005088291,3.5628131118051744e-05,9.352135677593521,26.617878216260653,2.996441599815537,0.3613948856163415,nan
467.51,167.96200561523438,-205.4132843017578,-66.18065643310547,168.40480056396694,-205.37325578248698,-66.18118265033227,0.44460086131570165,0.3579001424297713,0.04867109848091579,3.633936886109372e-05,9.309589024538818,26.27675520944252,nan,nan,nan
467.52,167.96278381347656,-205.42198181152344,-66.18119812011719,168.40525903341475,-205.38195909782416,-66.18208369388232,0.44428248008682014,0.35795110925278706,0.048689960759281885,3.559889093767442e-05,9.278905564262509,26.63012317461698,nan,0.0539310848723125,nan
467.53000000000003,167.9635467529297,-205.43069458007812,-66.18173217773438,168.40569405092089,-205.39065708450298,-66.18269649056249,0.4439573899284457,0.3580021650039224,0.04870888819122538,3.630987136067864e-05,9.23889769136165,25.773203855874765,nan,nan,nan
467.54,167.96429443359375,-205.43939208984375,-66.1822509765625,168.40607285917994,-205.3993259609242,-66.18176018343098,0.44359183139222996,0.35805330773215027,0.048727879809632245,3.5571444807950986e-05,9.175288094092778,26.616764551486547,nan,1.6191744780153627,nan
467.55,167.96502685546875,-205.44810485839844,-66.1827621459961,168.42566411480507,-205.4060661330906,-66.18234883706926,0.4625517375804091,0.35798589067902703,0.04872416327853622,3.6259862511282115e-05,9.98441826333067,25.218917021347668,8.996731424171747,nan,nan
467.56,167.96575927734375,-205.45681762695312,-66.18326568603516,168.42609060466353,-205.4147422024947,-66.18291836679587,0.4622503573670875,0.35803681168516877,0.048743167867443864,3.6984088879220156e-05,9.93927660196225,25.56690419648513,nan,nan,nan
467.57,167.96646118164062,-205.46551513671875,-66.18375396728516,168.4265026209608,-205.4234185401238,-66.18347859348295,0.46196355393839267,0.35808782044092063,0.048762237235984815,3.772281108619002e-05,9.893655897455774,25.888657091151003,nan,nan,nan
467.58,167.96714782714844,-205.47422790527344,-66.18424224853516,168.42695478560202,-205.43213283667356,-66.1862007114545,0.4617339812270376,0.35813891611072624,0.04878137104944998,3.689870584047114e-05,9.952824742610979,24.841974729219906,nan,2.988024814946936,nan
467.59000000000003,167.96783447265625,-205.48292541503906,-66.18470764160156,168.42733905016908,-205.440809460121,-66.18676433044317,0.4614351962983513,0.3581901007994565,0.048800570409990786,3.763550998339751e-05,9.91677787884752,26.43395267552724,nan,nan,nan
467.6,167.96849060058594,-205.49163818359375,-66.18517303466797,168.42878829638096,-205.44609047846924,-66.18567026489482,0.4625460079107943,0.3581225985517017,0.048796790812627173,3.6793668706753326e-05,10.138413509215194,24.589037024076944,2.10488233422198,1.4387786307384143,nan
467.61,167.96914672851562,-205.50035095214844,-66.18562316894531,168.42914975358397,-205.45475339213064,-66.18619930147163,0.46225777709011434,0.3581735602457658,0.04881600175100323,3.752774461654323e-05,10.097895221066935,25.1967920523127,nan,nan,nan
467.62,167.96978759765625,-205.50904846191406,-66.18607330322266,168.429533902872,-205.4634406769497,-66.18824033622151,0.4620080423985246,0.35822460886839974,0.048835277421881,3.6714943337575e-05,10.173138500560077,25.56828030689763,nan,1.479919831637433,nan
467.63,167.9704132080078,-205.51776123046875,-66.18650817871094,168.4298694013928,-205.47210395986252,-66.18876824953891,0.461724688444518,0.3582757462930817,0.048854618756820054,3.744734084235951e-05,10.139433727059881,24.98817599365887,nan,nan,nan
467.64,167.9710235595703,-205.52647399902344,-66.18693542480469,168.4301559348125,-205.48074353060284,-66.18770075709834,0.46140481084510887,0.35832697098862115,0.048874025151077,3.663940060490172e-05,9.977042754790245,24.71438708394067,nan,1.620941228882973,nan
467.65000000000003,167.9717254638672,-205.53517150878906,-66.18745422363281,168.44093054370967,-205.47861091074745,-66.18825285958066,0.472602524348095,0.3582593854887363,0.048870179256259104,3.7346607587619585e-05,11.336358487944636,25.235065983940785,17.988266897856604,nan,nan
467.66,167.9725341796875,-205.54388427734375,-66.18806457519531,168.4460505377995,-205.4766885333195,-66.18998221982022,0.478264243672392,0.3581213902089219,0.04790175260898229,3.65426721405729e-05,17.449087183341778,31.281567778728125,nan,0.7441485453471843,0.11273892350427225
467.67,167.97341918945312,-205.55259704589844,-66.18877410888672,168.4466285323284,-205.48528347057226,-66.19072927736424,0.47797701021221617,0.358171870326916,0.04791738724874596,3.727107587457037e-05,17.387319636420088,30.58490976235285,nan,nan,nan
467.68,167.97439575195312,-205.56130981445312,-66.18956756591797,168.44729594670798,-205.49387849626976,-66.19156890078428,0.47768774551203946,0.35822243744249754,0.04793308002114783,3.801400390073193e-05,17.32651631992048,30.903519447387353,nan,nan,nan
467.69,167.97544860839844,-205.57000732421875,-66.1904525756836,168.44805178934647,-205.50247364516494,-66.19250001013953,0.477408374912494,0.35827309170016675,0.0479488310706881,3.8771600719257593e-05,17.26429795040786,31.1108987103654,nan,nan,nan
467.7,167.9766082763672,-205.57872009277344,-66.1914291381836,168.45405293271872,-205.5159857444489,-66.19168360816015,0.48154860927357146,0.3582057750545045,0.04794536965869004,3.785546917978446e-05,16.694659789866602,30.71040500283199,2.800967865032178,2.3752413385319784,nan
467.71000000000004,167.97784423828125,-205.58743286132812,-66.19249725341797,168.45498888354643,-205.52459802057965,-66.1927775361149,0.48126428111331476,0.358256208548527,0.04796114351064374,3.860889458965638e-05,16.63169260848661,30.26532742503943,nan,nan,nan
467.72,167.97915649414062,-205.5961456298828,-66.19364166259766,168.45600495196638,-205.53316423793228,-66.19296098782613,0.48099019821714617,0.35830672889937487,0.047976972244550664,3.7726460232003425e-05,16.579362790344074,30.417256176014334,nan,0.6046240631994806,nan
467.73,167.98056030273438,-205.60484313964844,-66.19487762451172,168.45711092891966,-205.54177648666564,-66.1942209939281,0.48070607776453633,0.3583573363495357,0.04799286303558836,3.847687755206214e-05,16.51342701409145,31.03658703124914,nan,nan,nan
467.74,167.9820556640625,-205.61355590820312,-66.19620513916016,168.45830294823182,-205.55041266854874,-66.19610183441223,0.480414982139996,0.35840803095284157,0.04800880919316301,3.760247142235721e-05,16.439494884301155,30.344886196680847,nan,0.17420311844240638,nan
467.75,167.98362731933594,-205.6222686767578,-66.1976089477539,168.474212973954,-205.5697021805641,-66.19752066680385,0.49339388811844803,0.3583406408899445,0.04800535375751509,3.832534905551771e-05,15.703705509902035,30.131164776919192,7.101546644456878,nan,nan
467.76,167.9852752685547,-205.63096618652344,-66.1990966796875,168.47558156576648,-205.5783061683981,-66.19810381543614,0.49312709150270595,0.35839111452211825,0.04802132240461637,3.7459795481800306e-05,15.665219512354927,30.631514886124908,nan,0.5411845248129007,nan
467.77,167.9870147705078,-205.63967895507812,-66.20066833496094,168.47703529041436,-205.58695090978506,-66.19969977388881,0.49285017480007515,0.35844167514771746,0.048037352982122694,3.820378022757622e-05,15.600614088632511,30.162134925789267,nan,nan,nan
467.78000000000003,167.9888153076172,-205.6483917236328,-66.20231628417969,168.47857335755333,-205.59564039067718,-66.20243228273596,0.49259076733279783,0.35849232284573357,0.04805343956910647,3.7345667831559356e-05,15.514765903025193,29.772272793372547,nan,0.6869756969676886,nan
467.79,167.99070739746094,-205.6571044921875,-66.20404815673828,168.48018567369712,-205.6042848175258,-66.20420286082074,0.4923199415744464,0.358543057820338,0.04806958819822211,3.808716618085201e-05,15.452925914571722,29.965841788689488,nan,nan,nan
467.8,167.99267578125,-205.66580200195312,-66.20585632324219,168.46370839983285,-205.60299924391907,-66.2067923885414,0.4752018417514269,0.3584755943385159,0.04806612855038741,3.721298842853462e-05,15.860835925968063,31.1429020451392,5.3722809179255835,0.2707522165957209,nan
467.81,167.99472045898438,-205.6745147705078,-66.20773315429688,168.46544846927594,-205.61161731150005,-66.20872249886676,0.4749125486080224,0.3585261081211454,0.04808229893594293,3.795122490658013e-05,15.801916480584618,30.086783277504594,nan,nan,nan
467.82,167.99684143066406,-205.68321228027344,-66.20960998535156,168.4672622838014,-205.62020943438623,-66.21004896206536,0.47462124937354716,0.35857670889237037,0.048098525935035906,3.710823292384723e-05,15.718506967444457,31.172030319465037,nan,0.256908012163544,nan
467.83,167.9990234375,-205.69192504882812,-66.21147918701172,168.46915342937015,-205.62882702052835,-66.21200941706921,0.474345708924475,0.35862739683793204,0.04811481489821078,3.7844302211850026e-05,15.66091331860339,29.78905693145366,nan,nan,nan
467.84000000000003,168.0012969970703,-205.7006378173828,-66.21332550048828,168.47111338253663,-205.6373787685679,-66.21228810963923,0.474057190104078,0.3586781720650064,0.048131160917894836,3.700792449107213e-05,15.62213607656092,30.180714173839018,nan,1.7440538263152956,nan
467.85,168.00364685058594,-205.70933532714844,-66.21514129638672,168.4586030967793,-205.63904441920025,-66.2142015238456,0.460355168172334,0.3586106352876785,0.04812769886231879,3.771814298023199e-05,15.785501964925533,31.241249083901497,2.4584604743192577,nan,nan
467.86,168.0060577392578,-205.71804809570312,-66.2169189453125,168.46069570458465,-205.6476913280873,-66.2173017389308,0.4600498894650782,0.35866118910969436,0.04814406623589672,3.688916109313374e-05,15.706840203028436,30.367546226590427,nan,0.9619835385226742,nan
467.87,168.00852966308594,-205.72674560546875,-66.21866607666016,168.46285650995253,-205.65629087891273,-66.21914998867862,0.45975753006195125,0.35871183000548207,0.04816049552373815,3.7620399823219206e-05,15.648583561070527,30.474560108054952,nan,nan,nan
467.88,168.01109313964844,-205.73544311523438,-66.22037506103516,168.46508182371204,-205.66479774997515,-66.21847579016715,0.4594563092615458,0.3587625580952955,0.0481769824214326,3.679751838736003e-05,15.67912536455527,31.33207435051084,nan,3.950490776300593,nan
467.89,168.0137176513672,-205.74415588378906,-66.22205352783203,168.4673838945459,-205.67339653945976,-66.22023358537332,0.4591549381203945,0.358813373544923,0.048193531383408476,3.7527007682576744e-05,15.610785667414955,30.19650132506292,nan,nan,nan
467.90000000000003,168.01641845703125,-205.7528533935547,-66.22370147705078,168.49373911563654,-205.68379699223362,-66.22145472649404,0.4822953924545321,0.35874576350616066,0.048190058358201504,3.668746241590538e-05,16.563591858434105,30.526407592607885,10.242823213105186,0.2096862143360989,nan
467.91,168.0191192626953,-205.76156616210938,-66.22531127929688,168.49619740517355,-205.69237989169864,-66.22314386175182,0.48207363726161684,0.35879635733013393,0.048206627938603225,3.7414416215917944e-05,16.496030912365534,29.65310092043684,nan,nan,nan
467.92,168.0218048095703,-205.770263671875,-66.22689056396484,168.49865484439505,-205.70098977072098,-66.22558624554857,0.4818573755168428,0.35884703825849656,0.04822325564970457,3.660400969444611e-05,16.36021899916296,30.1900932495529,nan,0.39676856503441094,nan
467.93,168.0244598388672,-205.77896118164062,-66.22843933105469,168.50108303280737,-205.7095718134905,-66.22722084215933,0.4816492895553828,0.3588978064482615,0.048239945414411144,3.7329468870095325e-05,16.297107882296554,30.239084710654843,nan,nan,nan
467.94,168.02706909179688,-205.7876739501953,-66.2299575805664,168.50347086709783,-205.71814913542255,-66.22870161332943,0.48144981964145617,0.35894866203315096,0.04825669371865254,3.652443979322781e-05,16.246603235899187,29.506086470888135,nan,0.00990795808210179,nan
467.95,168.02963256835938,-205.79637145996094,-66.2314453125,168.48409152909244,-205.71743998611328,-66.23024040010513,0.4612641069584967,0.3588809788107134,0.04825320995040664,3.722533032277593e-05,16.377160967477305,30.67465065983818,4.6433220415515395,nan,nan
467.96000000000004,168.0321502685547,-205.80506896972656,-66.23290252685547,168.4863500566047,-205.725990433845,-66.23145149518977,0.4610346709247971,0.358931612552441,0.048269978390175806,3.642643486464828e-05,16.34048003576576,30.783681215150626,nan,0.07231715348944279,nan
467.97,168.03460693359375,-205.8137664794922,-66.23433685302734,168.48856009817484,-205.73455149836158,-66.2329643960663,0.46081490048263596,0.35898233345802844,0.04828680889526187,3.714833718150771e-05,16.2786500522045,30.090255528391978,nan,nan,nan
467.98,168.03701782226562,-205.8224639892578,-66.23573303222656,168.49071862635967,-205.74303802119007,-66.23211429021285,0.46061480581157865,0.3590331416666348,0.04830369841853047,3.635437306330579e-05,16.533493816246345,30.87076072073151,nan,3.563810427569247,nan
467.99,168.0393829345703,-205.83116149902344,-66.23710632324219,168.4928317556081,-205.75159833053385,-66.23354932755426,0.46038981667603496,0.35908403732695837,0.04832065018854745,3.707511053255658e-05,16.45997860443313,30.635365680647656,nan,nan,nan
468.0,168.0417022705078,-205.83987426757812,-66.23844909667969,168.50406027962208,-205.76405117930364,-66.23661182350767,0.468537559732728,0.35901628096678045,0.048317148376214265,3.626385198843126e-05,16.13664366617455,29.783605520739005,1.968569661462081,1.4520270938169326,nan
468.01,168.04397583007812,-205.84857177734375,-66.2397689819336,168.50609375837396,-205.77261888997333,-66.23801168703167,0.4683213734581357,0.3590669545626157,0.04833411953730552,3.698262628872499e-05,16.072664408546295,30.182105116597853,nan,nan,nan
468.02,168.04620361328125,-205.85726928710938,-66.2410659790039,168.5080812689946,-205.7811760199575,-66.23903721176261,0.46810818199389037,0.3591177153678742,0.04835115016798901,3.619884462238511e-05,16.048622209629535,29.99653833014212,nan,0.0802202242617592,nan
468.03000000000003,168.0483856201172,-205.865966796875,-66.2423324584961,168.51002435058965,-205.78974330174347,-66.24038322126232,0.46789329788754486,0.3591685635284245,0.04836824308844228,3.6916654610586586e-05,15.983843082964569,30.12092520010406,nan,nan,nan
468.04,168.050537109375,-205.87466430664062,-66.24356842041016,168.51192371323467,-205.79831632943674,-66.24191015427459,0.46766372714895954,0.35921949918780655,0.04838539585935204,3.6137177331368986e-05,15.902561837478432,30.700832655383884,nan,0.027889005230214446,nan
468.05,168.05262756347656,-205.88336181640625,-66.24478912353516,168.54965886724847,-205.8244196358764,-66.24317462428206,0.5005166372685831,0.35915166974243184,0.04838187500009414,3.6831376540067755e-05,15.35646271559279,28.864337373834847,15.077186465072653,nan,nan
468.06,168.0546875,-205.89205932617188,-66.24597930908203,168.55152858581135,-205.83302845998824,-66.24449413935054,0.5003377993333373,0.35920238311624464,0.04839904660676772,3.605694719535334e-05,15.292718612394838,29.385712180621127,nan,0.0012954585602257614,nan
468.07,168.05670166015625,-205.9007568359375,-66.24714660644531,168.55335701252136,-205.84163578381606,-66.24574686957122,0.50016377027947,0.359253183749227,0.048416280563782665,3.677219790651747e-05,15.231071162862197,29.16365671428265,nan,nan,nan
468.08,168.0586700439453,-205.90945434570312,-66.248291015625,168.55514479312689,-205.85031830137203,-66.2497900762159,0.4999864953143139,0.3593040717858071,0.04843357478754488,3.600168911997642e-05,15.186855766328426,28.949219621923874,nan,5.274824924716358,nan
468.09000000000003,168.06060791015625,-205.91815185546875,-66.2494125366211,168.55689279712075,-205.85892544903342,-66.25102590785548,0.4998090227430394,0.3593550473704862,0.048450931568780366,3.6716231339568066e-05,15.141645742477996,29.15537253283771,nan,nan,nan
468.1,168.0625,-205.92684936523438,-66.2505111694336,168.53224615312698,-205.86319156492755,-66.2538499608085,0.47405159154393955,0.3592871448833144,0.04844738532500452,3.5927799789102334e-05,14.693412160322547,29.62377789397649,8.046499851936735,1.6749448011854189,nan
468.11,168.06436157226562,-205.935546875,-66.25159454345703,168.53386945707965,-205.87180392230903,-66.25505895965095,0.4738278380381049,0.35933789795972815,0.04846476018338676,3.664082240565005e-05,14.656828895731085,29.49686892718776,nan,nan,nan
468.12,168.06619262695312,-205.94424438476562,-66.25264739990234,168.5354549935539,-205.88042979382845,-66.25679030297323,0.47359965621831385,0.35938873834346863,0.04848219570197327,3.58785261743056e-05,14.75365527639949,30.213892465425694,nan,0.19788713620516424,nan
468.13,168.06797790527344,-205.95294189453125,-66.2536849975586,168.5370040207005,-205.889042259765,-66.2579637924768,0.47337825083310003,0.3594396661795902,0.0484996938633735,3.6590995460642316e-05,14.722149356899699,29.60605248859751,nan,nan,nan
468.14,168.06971740722656,-205.96165466308594,-66.25469970703125,168.5385168006132,-205.89766388673982,-66.25950087321863,0.47317094362800005,0.35949068161171166,0.048517253043041386,3.583208120522449e-05,14.814060303974042,28.842049759423595,nan,0.0988947715243438,nan
468.15000000000003,168.07144165039062,-205.97035217285156,-66.25569152832031,168.57036256508022,-205.914391201458,-66.26059961926896,0.5020734993910467,0.3594227061226978,0.048513679468806664,3.6521640602802485e-05,15.19604335284511,29.59375162251536,8.188298063305371,nan,nan
468.16,168.0731201171875,-205.9790496826172,-66.25666809082031,168.57185552904232,-205.92308105165625,-66.26478475842977,0.5019316477198109,0.35947349882251817,0.04853125610479477,3.576684856944416e-05,16.32571618996412,30.168532533523553,nan,6.352993213700851,nan
468.17,168.07476806640625,-205.9877471923828,-66.25762176513672,168.57331714471277,-205.9317004606675,-66.26591485240691,0.5017581039831073,0.3595243788789208,0.048548895482425636,3.6477525766930904e-05,16.316452604572895,30.37167636491491,nan,nan,nan
468.18,168.07638549804688,-205.99644470214844,-66.25856018066406,168.57474610225225,-205.9403087166152,-66.2665219830054,0.5015754489528534,0.3595753464339797,0.048566596242631765,3.572578892891835e-05,16.152682343499002,30.07543874988059,nan,0.17253515123633612,nan
468.19,168.0779571533203,-206.00514221191406,-66.25947570800781,168.5761419765113,-205.9489280746747,-66.26761105580103,0.5014123364728131,0.35962640163511334,0.048584359972495855,3.6436107042935755e-05,16.14281551238815,29.848489412362973,nan,nan,nan
468.2,168.0795135498047,-206.0138397216797,-66.2603759765625,168.582385426073,-205.9648656805701,-66.26688445662724,0.5052929258924541,0.3595583531772895,0.04858075345313477,3.566584622824912e-05,14.852515938004846,29.401101318572074,4.104279196465943,2.334779133706407,nan
468.21000000000004,168.08102416992188,-206.0225372314453,-66.2612533569336,168.583722183452,-205.97351073559363,-66.26792222336226,0.5051270769638889,0.35960918542166287,0.04859853386245751,3.6374981658448446e-05,14.835517751435168,29.167992237746358,nan,nan,nan
468.22,168.08251953125,-206.03123474121094,-66.26211547851562,168.58502921118847,-205.98214108172212,-66.26822142257971,0.5049390541310717,0.3596601050666156,0.04861637599956059,3.562978132226384e-05,14.606816312944531,29.23511566919494,nan,0.354785768655545,nan
468.23,168.083984375,-206.03993225097656,-66.2629623413086,168.58630510641663,-205.99078622445268,-66.26921894475629,0.5047579560747187,0.3597111122617711,0.04863428122439229,3.633867531280329e-05,14.585399266212308,29.089771999418936,nan,nan,nan
468.24,168.0854034423828,-206.0486297607422,-66.2637939453125,168.58754960530072,-205.99945330836564,-66.27132256837747,0.5046045704973122,0.35976220714584156,0.04865224851665426,3.5596072496009476e-05,15.049074863489484,29.00160126732207,nan,0.8592844856066704,nan
468.25,168.08680725097656,-206.0573272705078,-66.26461029052734,168.58714157010255,-206.01477098572184,-66.27246224144709,0.5022022714039553,0.35969408575383527,0.04864860639729512,3.6282555869617327e-05,14.327110315876377,29.446756472702056,6.898632641357272,nan,nan
468.26,168.0881805419922,-206.06602478027344,-66.2654037475586,168.58832391729058,-206.02342966757877,-66.27262047946363,0.5020057974762141,0.3597449574546063,0.0486665896887433,3.554329416776916e-05,14.041327253640796,29.341081485716057,nan,0.4440143425650164,nan
468.27,168.08953857421875,-206.07472229003906,-66.26618194580078,168.5894773550928,-206.0321033929943,-66.27356115643384,0.5018063448749153,0.3597959166093758,0.04868463619603958,3.625097308321643e-05,14.026011149591257,29.61087051422826,nan,nan,nan
468.28000000000003,168.09085083007812,-206.08343505859375,-66.26695251464844,168.59060429636313,-206.0407717362818,-66.27418500943658,0.5016233598183257,0.35984696335428323,0.048702745091899605,3.551403410354804e-05,13.947268317187076,27.920361691733454,nan,0.06256854356617256,nan
468.29,168.09214782714844,-206.09213256835938,-66.2677001953125,168.59170406218453,-206.04944564822387,-66.27509355459412,0.5014312184891974,0.35989809784290694,0.04872091744840522,3.622161520254811e-05,13.93197403545527,29.23620536415852,nan,nan,nan
468.3,168.09341430664062,-206.100830078125,-66.2684326171875,168.58456778525462,-206.05758454698852,-66.27587949618629,0.4931098980194243,0.35982990353598737,0.04871723464464263,3.546559560276168e-05,13.689615390431957,29.194997655196545,1.7072823156660095,0.00015462509744263784,nan
468.31,168.0946502685547,-206.10952758789062,-66.26915740966797,168.58560067252589,-206.06626354525497,-66.27675769568626,0.49291159541262747,0.3598808146148741,0.04873542220202105,3.61722436778464e-05,13.672058202809009,28.716601514357574,nan,nan,nan
468.32,168.0958709716797,-206.11822509765625,-66.26985931396484,168.58661254616862,-206.07491015134235,-66.27561739143839,0.49268309587629194,0.35993181318458367,0.04875367245317327,3.544043163327521e-05,12.95963599170916,28.607124434254327,nan,2.766936632185091,nan
468.33,168.09706115722656,-206.12692260742188,-66.27055358886719,168.58759581448564,-206.08358944647117,-66.27644878135192,0.49248021899837874,0.35998289940142597,0.048771986307633935,3.614706894851708e-05,12.93496875110547,28.107015072928537,nan,nan,nan
468.34000000000003,168.09823608398438,-206.1356201171875,-66.27123260498047,168.5885591246944,-206.09223962363163,-66.27537702067455,0.4922557543124511,0.3600340733973453,0.04879036318085009,3.541719552935077e-05,12.40775104429799,27.861102192328598,nan,2.4619806723913777,nan
468.35,168.09938049316406,-206.1443328857422,-66.27189636230469,168.61841420720205,-206.10758387189037,-66.27621261873408,0.5203509550262336,0.35996580620849516,0.0487866365187847,3.610176553519924e-05,12.867344320605332,26.546247254929145,7.8419814849695335,nan,nan
468.36,168.1005096435547,-206.1530303955078,-66.27254486083984,168.61937554335088,-206.1162782192555,-66.27780189316057,0.5201924459461321,0.3600167565659663,0.04880502785854237,3.5374582210030956e-05,13.082299643981678,27.751124229232452,nan,0.4582302412173012,nan
468.37,168.1016082763672,-206.16172790527344,-66.27318572998047,168.62031621333995,-206.1249608227696,-66.27857269261473,0.5200372694344165,0.3600677944734999,0.048823482951400085,3.608042665921173e-05,13.055547994250029,27.28471550724027,nan,nan,nan
468.38,168.10269165039062,-206.17042541503906,-66.27381134033203,168.62123487749784,-206.1336432075849,-66.27930026378804,0.5198751171624518,0.3601189200603274,0.04884200134848194,3.535495416828712e-05,13.053515337334069,27.547886999663053,nan,0.0006791908148245573,nan
468.39,168.10374450683594,-206.1791229248047,-66.27442169189453,168.6221317907739,-206.1423261950925,-66.28004721546141,0.5197220622423906,0.36017013348694743,0.048860583756740815,3.606089050982622e-05,13.029552815389337,27.382346943910974,nan,nan,nan
468.40000000000003,168.1047821044922,-206.18783569335938,-66.2750244140625,168.59466379184823,-206.13947111588158,-66.27948336952261,0.49228353846661205,0.36010179342116255,0.048856808530163984,3.53158367181716e-05,12.77632010273063,26.69721550154322,7.306540275645089,1.1346004514393901,nan
468.41,168.1057891845703,-206.196533203125,-66.2756118774414,168.5954728397432,-206.1481321176904,-66.28019474051173,0.49209120074295415,0.3601527829808328,0.04887540458271507,3.6021019395459264e-05,12.747478317880368,27.20559337282922,nan,nan,nan
468.42,168.10679626464844,-206.20523071289062,-66.27619171142578,168.59625951473947,-206.15680310158663,-66.2816726192111,0.491883672301125,0.36020386011959293,0.04889406421174243,3.529950426903189e-05,12.965850540712951,27.83736211612798,nan,0.4195798443232502,nan
468.43,168.10777282714844,-206.2139434814453,-66.2767562866211,168.59702814187364,-206.1654645881633,-66.2823699672217,0.49168331219453376,0.3602550250005139,0.04891278801229069,3.600484138774472e-05,12.942649999268713,26.945196681218224,nan,nan,nan
468.44,168.1087188720703,-206.22264099121094,-66.27731323242188,168.59777811684958,-206.17412205143503,-66.28269637645194,0.49148958347120225,0.3603062777488515,0.04893157570282373,3.528471929806479e-05,12.840218672335263,27.08874048379844,nan,0.09035634586279434,nan
468.45,168.1096649169922,-206.23133850097656,-66.2778549194336,168.59212347265836,-206.18014056171393,-66.28335502439354,0.48519865836046794,0.36023786483887354,0.048927748370961484,3.596821401740501e-05,12.862709366625948,27.871402416810415,0.3843964690777355,nan,nan
468.46000000000004,168.11058044433594,-206.2400360107422,-66.27838897705078,168.5928238405455,-206.1887998222739,-66.28421798143029,0.4849925952924851,0.36028889348962384,0.04894654892219507,3.525024712145633e-05,12.937132014367105,27.480074166153912,nan,0.027741739938784534,nan
468.47,168.11148071289062,-206.24874877929688,-66.2789077758789,168.59350623469442,-206.19745716878475,-66.28487373362802,0.48478348324897474,0.3603400097843305,0.04896541380995353,3.595508972438238e-05,12.916328983792313,27.03409846597967,nan,nan,nan
468.48,168.11236572265625,-206.2574462890625,-66.2794189453125,168.5941672935227,-206.2061269469041,-66.28667081497454,0.4845812812960753,0.36039121384591377,0.04898434284388634,3.523833013760912e-05,13.370437793650929,28.155766010304653,nan,0.9222214515560135,nan
468.49,168.11322021484375,-206.26614379882812,-66.27992248535156,168.59481389306427,-206.2147849327223,-66.28731925097884,0.48438096181764934,0.36044250584107335,0.04900333648271811,3.5943397303534464e-05,13.352463155192613,27.643058139592217,nan,nan,nan
468.5,168.11407470703125,-206.2748565673828,-66.28041076660156,168.5737331274786,-206.20920979191646,-66.28778359453337,0.46438100866528215,0.3603740200788763,0.04899945259996613,3.520661805884511e-05,13.975546003384014,28.09694203854506,9.039550562882983,0.03689495149312106,nan
468.51,168.11489868164062,-206.28355407714844,-66.28089904785156,168.57431439324466,-206.21783026575358,-66.28841304644185,0.464153935271184,0.36042508774589027,0.04901845825145017,3.59110553481272e-05,13.95628427559921,27.96127805387492,nan,nan,nan
468.52,168.11572265625,-206.29226684570312,-66.28136444091797,168.5748837683345,-206.2264363726637,-66.28743913856762,0.4638959797010593,0.3604762430788817,0.049037528294371184,3.5197297572541845e-05,13.386083887030116,27.694465025900048,nan,1.7749318645116476,nan
468.53000000000003,168.11651611328125,-206.30096435546875,-66.28182983398438,168.5754322280246,-206.23505731362278,-66.28803526185922,0.4636660930789794,0.3605274862465899,0.049056663114380665,3.5902002745482914e-05,13.362949588373894,27.530207600278924,nan,nan,nan
468.54,168.11729431152344,-206.30966186523438,-66.28227996826172,168.57596720317895,-206.24367096504326,-66.28775231559372,0.463428060256371,0.3605788173687556,0.04907586263056941,3.5189193508739073e-05,13.094253214177822,27.486420737184506,nan,0.5292966667387089,nan
468.55,168.11805725097656,-206.31837463378906,-66.28273010253906,168.57972432614622,-206.25655402060488,-66.28841192874302,0.4658224550826058,0.3605102587868987,0.04907191840929804,3.587219347569647e-05,12.818373221813289,26.44737725746308,1.3952305053428113,nan,nan
468.56,168.11880493164062,-206.3270721435547,-66.28316497802734,168.58023401915767,-206.26517563506619,-66.28726962124344,0.4655800990869488,0.3605613653485417,0.04909112910956199,3.516110707539829e-05,12.350704167702435,26.880457693644715,nan,2.0374488122341394,nan
468.57,168.1195526123047,-206.33578491210938,-66.2835922241211,168.58072335138945,-206.2738110515833,-66.28780921982826,0.46533535544732463,0.3606125596454318,0.049110404761698534,3.5865519033146225e-05,12.321606476244126,26.588596699158686,nan,nan,nan
468.58,168.12037658691406,-206.344482421875,-66.28411102294922,168.58124720456985,-206.2824547393346,-66.28945986396802,0.4650567381728829,0.3606638417956064,0.049129745342309974,3.515523259183102e-05,12.590957769433237,27.221610268657113,nan,0.7973384338821223,nan
468.59000000000003,168.1212921142578,-206.3531951904297,-66.28472137451172,168.58186451029042,-206.29109096121425,-66.29014812649368,0.4647723280389336,0.36071521197047884,0.049149151150949456,3.5859957312820693e-05,12.55132432287024,26.625150871365634,nan,nan,nan
468.6,168.12229919433594,-206.3618927001953,-66.28543090820312,168.56761179734454,-206.29629055533184,-66.29235533049382,0.4501720820231366,0.36064658055012455,0.049145142317685395,3.5129277373561716e-05,12.858396994314434,27.926028429662065,2.8836205877331853,1.719366787674796,nan
468.61,168.12338256835938,-206.37060546875,-66.28622436523438,168.56838046355986,-206.30492571525411,-66.2932422949077,0.44987354677625085,0.36069772593193183,0.04916455843523782,3.583345307365364e-05,12.821503424162767,27.10719814439261,nan,nan,nan
468.62,168.12457275390625,-206.37930297851562,-66.28711700439453,168.56923943272622,-206.31355519619098,-66.29328042577522,0.449543339286112,0.3607489590655161,0.049184039704547176,3.5125401332486964e-05,12.480035511091348,27.750313131937713,nan,0.6198720143704042,nan
468.63,168.12582397460938,-206.3880157470703,-66.2880859375,168.57018177553311,-206.3221905770694,-66.29434003329587,0.4492504000684429,0.3608002801236403,0.04920358638105063,3.582991840621809e-05,12.444317169544707,26.711763902447842,nan,nan,nan
468.64,168.12718200683594,-206.39671325683594,-66.28915405273438,168.57120453267711,-206.33083454764355,-66.2970148109383,0.44895188973739136,0.3608516892222051,0.049223198507551705,3.51224596451209e-05,13.06402112443804,28.269810881595873,nan,1.6322272537513647,nan
468.65000000000003,168.1286163330078,-206.40542602539062,-66.2903060913086,168.58812077541828,-206.33233611703292,-66.29817706017896,0.46534763290431147,0.3607829849951035,0.0492191211206861,3.5805345733861936e-05,14.319537950589158,27.144088694285028,15.120659815866494,nan,nan
468.66,168.130126953125,-206.41412353515625,-66.29154205322266,168.59891248322353,-206.3399795766091,-66.29917419774932,0.47467404547634257,0.35451271451142696,0.04917616994799877,3.509818273855543e-05,20.196547719340586,33.54519237944752,nan,0.0834950338102588,0.014462354771279804
468.67,168.13172912597656,-206.42283630371094,-66.29286193847656,168.6002271125563,-206.34856902105776,-66.30059532289192,0.4744110010702412,0.354559766747332,0.049194912762281245,3.580250835432467e-05,20.141439870903184,33.18231036784327,nan,nan,nan
468.68,168.13340759277344,-206.43153381347656,-66.29426574707031,168.6016718792077,-206.35715048672003,-66.30146554005455,0.4741900022861729,0.35460689716459326,0.04921371399034887,3.509696721834859e-05,19.880330668251982,33.4264796669008,nan,0.28439929067539066,nan
468.69,168.13516235351562,-206.44024658203125,-66.2957534790039,168.60314824255659,-206.3657393017416,-66.30305018277241,0.473936038979422,0.3546541226303738,0.049232574189235684,3.580166131142028e-05,19.82551202885184,32.591329174829234,nan,nan,nan
468.7,168.13699340820312,-206.44894409179688,-66.29732513427734,168.5760081331968,-206.36365759822527,-66.30411002204853,0.4472736851739499,0.35458583388489273,0.04922859846871036,3.5075414956467705e-05,19.5903250200173,33.46477959468335,7.482170851678602,0.1915980363393036,nan
468.71000000000004,168.138916015625,-206.45765686035156,-66.2989730834961,168.57759541184436,-206.37222761346678,-66.30585362087962,0.44697327737278314,0.354632856214802,0.0492474662529979,3.577960989279653e-05,19.535945763594167,33.38043279859144,nan,nan,nan
468.72,168.14089965820312,-206.4663543701172,-66.30070495605469,168.57923441125791,-206.38080110581362,-66.30802633050637,0.4466657803016271,0.35467995715904116,0.04926639275109329,3.507569642364202e-05,19.67479352088143,33.50496338973066,nan,0.08492779749843564,nan
468.73,168.14297485351562,-206.47506713867188,-66.30252075195312,168.5809758469975,-206.38937045594662,-66.309935557012,0.4463673050922016,0.35472715254683257,0.04928537844892509,3.5780277452326935e-05,19.618552038984827,33.14363677693269,nan,nan,nan
468.74,168.14511108398438,-206.4837646484375,-66.30438995361328,168.5827952218945,-206.39793914544757,-66.31188621317365,0.44608252089606526,0.35477442708955026,0.0493044231647002,3.507667673930967e-05,19.6182820436622,33.54773883151984,nan,0.00060162123043796,nan
468.75,168.1473388671875,-206.49246215820312,-66.3062744140625,168.58219576070482,-206.40187351327884,-66.31391265693559,0.44425799169282254,0.3547061460459068,0.04930039409133285,3.575965917662748e-05,20.14793697452158,33.96813527307961,2.1647930991169315,nan,nan
468.76,168.14962768554688,-206.5011749267578,-66.30814361572266,168.58424983133682,-206.410413287176,-66.31475056043493,0.4440469981309028,0.35475321753956823,0.04931944583788873,3.505717012613141e-05,19.699142536710987,32.571795122145495,nan,0.9768758663853264,nan
468.77,168.15199279785156,-206.50987243652344,-66.30998229980469,168.58629263118658,-206.41896426279916,-66.31673692986045,0.4437637505609233,0.3548003828793259,0.04933855701386394,3.576165958561912e-05,19.665283314141863,33.4273449336451,nan,nan,nan
468.78000000000003,168.15443420410156,-206.51856994628906,-66.31179809570312,168.58846413094628,-206.42750732100546,-66.3178996757724,0.4435218240399358,0.3548476277936296,0.049357727497263,3.505939459287155e-05,19.386825538053785,33.001148098196204,nan,0.4468247125697951,nan
468.79,168.1569366455078,-206.52728271484375,-66.3135757446289,168.59065085024156,-206.43605758313478,-66.31982058273306,0.4432482758523621,0.35489496659634606,0.04937695768607394,3.5764281956569554e-05,19.353803162506438,32.21746221078959,nan,nan,nan
468.8,168.15951538085938,-206.53598022460938,-66.31532287597656,168.63983013200405,-206.45006123724377,-66.32030279796867,0.4879642734669714,0.3548266780140079,0.04937287165226634,3.504106080578284e-05,20.727260245733394,31.560972285994843,42.47894997495378,1.1036628840566953,nan
468.81,168.1621551513672,-206.544677734375,-66.3170394897461,168.64225762251976,-206.4585924634478,-66.32214260350554,0.48778591456443743,0.3548738133315893,0.04939210826514219,3.574547399256638e-05,20.687108557733435,31.178367133823006,nan,nan,nan
468.82,168.1648712158203,-206.55337524414062,-66.31871795654297,168.64470899633673,-206.4671290691554,-66.32461369542693,0.4875627734430665,0.35492102863051034,0.04941140446701994,3.504437223072574e-05,20.889264656506207,31.71577316900926,nan,0.3108519580568567,nan
468.83,168.16766357421875,-206.5620880126953,-66.32035827636719,168.64727396555747,-206.47565995081118,-66.32639452067919,0.48737293072812954,0.35496833723676513,0.04943076060617092,3.574919314901846e-05,20.85735732630381,31.502322906899764,nan,nan,nan
468.84000000000003,168.17051696777344,-206.57078552246094,-66.32197570800781,168.64986069934565,-206.48419603053244,-66.32882879970136,0.48714999535643,0.3550157263509976,0.04945017663379201,3.504819099640113e-05,21.117108830135592,31.84560465276401,nan,0.33069093023438045,nan
468.85,168.17343139648438,-206.57948303222656,-66.32355499267578,168.67144107738977,-206.5003330295134,-66.33068870327642,0.5043106731290974,0.3549474435721189,0.049446030533733955,3.57314157152513e-05,21.111265963035283,31.629470436623997,3.943009399350314,nan,nan
468.86,168.17642211914062,-206.5881805419922,-66.32510375976562,168.6742494671853,-206.5088756194446,-66.33218652282501,0.504154246966162,0.3549946292623458,0.049465452385179916,3.503132326848506e-05,21.058150331628276,31.798056454287668,nan,0.027766799200722097,nan
468.87,168.17941284179688,-206.5968780517578,-66.32662200927734,168.6770851510904,-206.51741935652925,-66.33385069779754,0.5040274453070068,0.35504190769280997,0.049484934405544426,3.5736085253138226e-05,21.029834808308777,31.378794085968234,nan,nan,nan
468.88,168.18238830566406,-206.60557556152344,-66.32810974121094,168.68008330571783,-206.52594426674145,-66.33290496360773,0.5040480635266938,0.35508926701528654,0.04950447658686055,3.5036026830092e-05,20.166202462655647,30.676185769837236,nan,4.691428304272721,nan
468.89,168.18533325195312,-206.61427307128906,-66.3295669555664,168.6828840305498,-206.5344868427802,-66.33448480339025,0.5039313492620091,0.355136719137184,0.04952407921728926,3.574119866186315e-05,20.12907489212812,30.902928836146202,nan,nan,nan
468.90000000000003,168.18821716308594,-206.6229705810547,-66.33099365234375,168.67592540016219,-206.54709332525147,-66.33721727521345,0.4936146431598979,0.3550684293180073,0.04951986951491303,3.501998733523781e-05,19.44027690271785,31.01741252549094,9.113185824651278,1.0596775256305595,nan
468.91,168.19105529785156,-206.6316680908203,-66.3323974609375,168.67860037113152,-206.5556589642828,-66.33875247385481,0.4934754016014751,0.35511567758935847,0.04953947732750881,3.5724693726911384e-05,19.406904141642844,30.98737126592045,nan,nan,nan
468.92,168.19383239746094,-206.64036560058594,-66.33377075195312,168.68119638968048,-206.5642267469521,-66.34067176034617,0.4933238387324148,0.35516300711884524,0.04955914556655671,3.502545054536149e-05,19.578886840337663,31.038418999583605,nan,0.11929994953133026,nan
468.93,168.19654846191406,-206.64906311035156,-66.33511352539062,168.68376365076944,-206.5727915432456,-66.34215711667557,0.49319935561430694,0.3552104289050576,0.0495788744872079,3.573057133191924e-05,19.551002825718893,30.91775652277549,nan,nan,nan
468.94,168.19923400878906,-206.65774536132812,-66.33643341064453,168.68621483225658,-206.58136190407964,-66.34464260806178,0.49300319054603386,0.35525793245555737,0.04959866413014985,3.503126910957599e-05,20.02635526356701,32.51300550859582,nan,0.7421959103212213,nan
468.95,168.20184326171875,-206.66644287109375,-66.33772277832031,168.69563838693944,-206.58676032476333,-66.34598017725902,0.500251055489786,0.3551896465195521,0.04959438756943596,3.57147793966221e-05,20.802868150650625,31.277729371190965,5.405154570491723,nan,nan
468.96000000000004,168.20440673828125,-206.67514038085938,-66.3389892578125,168.6978909469335,-206.59532205950492,-66.35037839398368,0.5000273402882262,0.3552369462494519,0.04961418175102597,3.501623810851802e-05,22.54247992598723,33.08253483201392,nan,6.269387303997486,nan
468.97,168.20692443847656,-206.683837890625,-66.3402328491211,168.70026870635942,-206.6038673966031,-66.35180076248027,0.49991765640599983,0.35528433771158385,0.04963403684565765,3.572130609028475e-05,22.528386679522946,33.12149255166033,nan,nan,nan
468.98,168.2093963623047,-206.69253540039062,-66.34144592285156,168.70257099507901,-206.61241469665498,-66.35362623142018,0.49978886091630126,0.35533181127530017,0.04965395292022697,3.5022659102737514e-05,22.962391129134303,33.82675494443853,nan,0.12861965110484147,nan
468.99,168.21180725097656,-206.7012176513672,-66.34263610839844,168.70484842040952,-206.62095961292835,-66.35500534099073,0.49968384545109124,0.35537937665274355,0.04967393019126411,3.572813722350261e-05,22.95116168205152,34.05424236170925,nan,nan,nan
469.0,168.21417236328125,-206.7099151611328,-66.34380340576172,168.73358491832914,-206.64305341434027,-66.35792837356344,0.5238887384177388,0.35531108396497013,0.04966958327453856,3.500818813176808e-05,23.87674718304702,34.39177178309003,7.79393780923893,1.6088553053051775,nan
469.01,168.2165069580078,-206.71861267089844,-66.34495544433594,168.7358031155041,-206.6516291844274,-66.35927792849249,0.5237942536937914,0.35535844511074616,0.04968956440765779,3.571319895303496e-05,23.865043117960326,34.5655590958082,nan,nan,nan
469.02,168.21878051757812,-206.72731018066406,-66.34607696533203,168.73806975715308,-206.6601975380454,-66.3588910475776,0.5237648535759124,0.35540588867448947,0.04970960677216877,3.5015114402839296e-05,22.754914277446858,33.27314381191624,nan,2.0732247651827262,nan
469.03000000000003,168.22100830078125,-206.73599243164062,-66.34717559814453,168.74019534699414,-206.6687730867574,-66.36017962719701,0.5236819015904555,0.3554534235567291,0.049729710564301755,3.572053658564803e-05,22.742050670054383,33.887725409462085,nan,nan,nan
469.04,168.2231903076172,-206.74468994140625,-66.34825134277344,168.7422806106597,-206.6773483584673,-66.36136332998217,0.5236043885549887,0.3555010413386668,0.04974987588091915,3.5022278693277485e-05,22.861633928919883,33.35405051586956,nan,0.004928071390653207,nan
469.05,168.22532653808594,-206.75338745117188,-66.34931182861328,168.72949526873265,-206.68234577214318,-66.36270576290856,0.5093254623490154,0.35543275062805546,0.04974545524643304,3.5706067710099585e-05,22.680170221344525,33.38435426291871,2.8233540691530377,nan,nan
469.06,168.22743225097656,-206.76206970214844,-66.350341796875,168.73146117772933,-206.69091933392448,-66.363932901875,0.5092074744513001,0.3554801681685672,0.04976562375850513,3.642534877803261e-05,22.66914609326388,34.55663099009548,nan,nan,nan
469.07,168.2294921875,-206.77076721191406,-66.35135650634766,168.73338482898345,-206.69949294516775,-66.36514009975562,0.5090950821689657,0.355527672560769,0.04978585390998711,3.7159108185908346e-05,22.6552602241591,33.64768681825034,nan,nan,nan
469.08,168.23150634765625,-206.7794647216797,-66.35235595703125,168.73529527194216,-206.70806472142522,-66.36578282953191,0.5090005119591192,0.3555752598274111,0.04980614582928883,3.6375380022554105e-05,22.44336125740725,33.183878014947126,nan,0.19384248628312276,nan
469.09000000000003,168.2334747314453,-206.7881622314453,-66.35332489013672,168.73713674888967,-206.71663821671396,-66.36694592048998,0.5088974798201438,0.3556229383540481,0.04982649969275138,3.710783228167786e-05,22.43226115508615,33.28864498443049,nan,nan,nan
469.1,168.23541259765625,-206.79684448242188,-66.35427856445312,168.7561051623248,-206.73657495877126,-66.36548440744178,0.5242887880731923,0.355554640674559,0.049822001856704504,3.630422426447223e-05,20.234492272517535,32.17117169939293,5.46319710366102,4.338869001316004,nan
469.11,168.23731994628906,-206.8055419921875,-66.35521697998047,168.75788695630789,-206.7451784528872,-66.36658425310303,0.5241783891911611,0.3556021145729837,0.04984235818640229,3.703451739357725e-05,20.20883210515906,31.59927788980165,nan,nan,nan
469.12,168.23916625976562,-206.81423950195312,-66.35613250732422,168.75972836171644,-206.75377690061055,-66.36568419834911,0.5241487030891121,0.35564967165710903,0.04986277652339802,3.625740483236284e-05,19.18151174423185,30.096387564416204,nan,2.581255866323629,nan
469.13,168.24099731445312,-206.82293701171875,-66.3570327758789,168.7614342971816,-206.76238062470534,-66.36672886837027,0.5240379215374079,0.3556973195088921,0.04988325703238394,3.698653780545253e-05,19.151522162104346,30.54719500539749,nan,nan,nan
469.14,168.24278259277344,-206.8316192626953,-66.35791778564453,168.76313345167398,-206.7709831128464,-66.3671361104874,0.5239529907729694,0.35574505102343723,0.049903799839894215,3.6212130573136984e-05,18.899417005928903,30.684909597903673,nan,0.2534235907376362,nan
469.15000000000003,168.24453735351562,-206.84031677246094,-66.35877990722656,168.7661938251677,-206.78569145676167,-66.36809612830733,0.5245914519957098,0.3556767537375872,0.04989922137236914,3.691672739845134e-05,18.18453107315959,30.13510842037509,3.6925564781847595,nan,nan
469.16,168.24624633789062,-206.84901428222656,-66.35962677001953,168.76783355989573,-206.79431531967325,-66.36804872433956,0.52451514370701,0.3557242806049233,0.04991976592265121,3.614593309315427e-05,17.740950205060663,29.380336162606472,nan,0.7077278874867827,nan
469.17,168.2479248046875,-206.8577117919922,-66.36045837402344,168.76938993487025,-206.80294140738357,-66.36900964076138,0.5244032810628751,0.3557718977761056,0.0499403728704937,3.687202688355829e-05,17.706917484123593,29.431871705142303,nan,nan,nan
469.18,168.24957275390625,-206.86639404296875,-66.36126708984375,168.77085393082288,-206.81156980049246,-66.37122576524976,0.5242508351796196,0.3558195988777855,0.04996104235032277,3.610379894718243e-05,18.413872575567307,31.055447278080315,nan,1.0703530061492785,nan
469.19,168.25119018554688,-206.87509155273438,-66.36206817626953,168.77234288534473,-206.82019625419449,-66.3721683118979,0.5241332302459799,0.3558673903982416,0.049981774515168706,3.68289284768752e-05,18.381860134423047,30.221060029293294,nan,nan,nan
469.2,168.25277709960938,-206.8837890625,-66.36284637451172,168.77365004745135,-206.825918505484,-66.37236340423381,0.5241642901015553,0.3557990860947321,0.04997711193170671,3.604090343840083e-05,18.45193195875128,30.15739899268311,2.4441253145186868,0.569509999366471,nan
469.21000000000004,168.25433349609375,-206.89248657226562,-66.36360931396484,168.77507919035529,-206.83453462501382,-66.37327080852873,0.5240494735799404,0.3558466725759229,0.049997845093743276,3.676422182960005e-05,18.423298417555735,30.15477471595506,nan,nan,nan
469.22,168.25584411621094,-206.9011688232422,-66.36436462402344,168.7765140849386,-206.84314986947604,-66.37331652025092,0.5239690370404184,0.35589434322734953,0.05001864101620448,3.600186753964504e-05,18.05458722452783,29.942157244082036,nan,0.47860092818814565,nan
469.23,168.25733947753906,-206.9098663330078,-66.36509704589844,168.77788131082377,-206.85176622078365,-66.37418699710373,0.5238530809805194,0.3559421038744848,0.050039499847332955,3.6724349191293756e-05,18.02432788104444,29.789131227408344,nan,nan,nan
469.24,168.25880432128906,-206.91856384277344,-66.36581420898438,168.77920453550982,-206.8603831339885,-66.37537368608369,0.5237296644626303,0.3559899491353712,0.05006042172866334,3.59643417730478e-05,18.26120526324388,30.01942858861288,nan,0.07272713478586963,nan
469.25,168.26023864746094,-206.92726135253906,-66.36652374267578,168.78112922264583,-206.87159169606971,-66.37620380763511,0.5239463766698657,0.3559216433075782,0.050055671555180266,3.666300600028342e-05,17.97094220007797,29.79461944151255,0.6182276769009616,nan,nan
469.26,168.2616424560547,-206.9359588623047,-66.36721801757812,168.78242679689473,-206.88021757961792,-66.3765211682371,0.5238415493944162,0.35596928346898277,0.05007659367310754,3.590621792973997e-05,17.7716508013947,29.596612059891406,nan,0.17840153391413033,nan
469.27,168.2630157470703,-206.9446563720703,-66.3678970336914,168.7836746615886,-206.88884417710995,-66.37733633367266,0.5237268436482871,0.3560170132287148,0.05009757892060053,3.6626291239573925e-05,17.740258247802558,29.543371252153552,nan,nan,nan
469.28000000000003,168.2643585205078,-206.95333862304688,-66.36856079101562,168.78494884868442,-206.89747062398757,-66.37678734796553,0.5236441533610116,0.3560648278026753,0.050118627441482315,3.587170711470994e-05,17.138944267058054,29.606618497094967,nan,1.2260236735391696,nan
469.29,168.2656707763672,-206.9620361328125,-66.36920928955078,168.7861417423423,-206.90609794333363,-66.37756351110417,0.5235350040665839,0.35611273212200034,0.05013973938060096,3.659111073744092e-05,17.106578058128132,28.84302781753254,nan,nan,nan
469.3,168.2669677734375,-206.97073364257812,-66.3698501586914,168.7906765048263,-206.9169337212981,-66.37703749996273,0.526513935938225,0.3560444189795254,0.05013489812496685,3.581670064272294e-05,16.511068228222573,28.473676939625996,0.32245232293937,1.026087871539187,nan
469.31,168.2682342529297,-206.97943115234375,-66.37047576904297,168.7918203964816,-206.92556750020984,-66.37777638924405,0.5264000776938437,0.35609211783426137,0.050156009521559,3.653458910185777e-05,16.47444195662156,28.39305702638236,nan,nan,nan
469.32,168.2694854736328,-206.98812866210938,-66.37108612060547,168.79293843577017,-206.93420153509146,-66.37850764293847,0.526275799930528,0.35613990167875387,0.05017718441016905,3.5785122307843815e-05,16.501198796370907,28.740875681360908,nan,1.0100964886472375e-05,nan
469.33,168.2707061767578,-206.996826171875,-66.37168884277344,168.79403174753085,-206.94283577730164,-66.37922378590996,0.5261571923856836,0.35618777490752673,0.050198422935356535,3.650244927595384e-05,16.464273177539425,28.47492232170573,nan,nan,nan
469.34000000000003,168.2718963623047,-207.00552368164062,-66.37227630615234,168.7950686319403,-206.9514698995028,-66.38080108813246,0.5260263367806657,0.3562357335396342,0.05021972524140121,3.5754966155893635e-05,16.88866323064827,28.807180615945,nan,0.5144061169134789,nan
469.35,168.2730712890625,-207.01422119140625,-66.37285614013672,168.78469922338473,-206.95191599284323,-66.38157609632925,0.5154814434902718,0.3561674170453335,0.050214789407148214,3.64490513288154e-05,17.367728570067488,29.133455216839046,2.8922788260903043,nan,nan
469.36,168.2742156982422,-207.02291870117188,-66.37342071533203,168.7856724320186,-206.96052860838537,-66.38327682039379,0.5153422717089421,0.35621517011564796,0.05023609037479017,3.570439959556522e-05,17.950046665882383,29.596716226236943,nan,0.6879701515912925,nan
469.37,168.2753448486328,-207.0316162109375,-66.37397003173828,168.78665860569157,-206.96914204366638,-66.38396952321084,0.5152133243264118,0.35626301223173074,0.05025745519423065,3.641985007238197e-05,17.92223056249531,29.84863478311231,nan,nan,nan
469.38,168.2764434814453,-207.04031372070312,-66.37451934814453,168.78767352583515,-206.9777569164592,-66.38316671876126,0.5151158016044791,0.35631093989206836,0.050278884008497206,3.567704223736444e-05,17.220622044044852,28.755008041327567,nan,1.4980646168295326,nan
469.39,168.2775115966797,-207.04901123046875,-66.37505340576172,168.78861474698965,-206.9863708278213,-66.38382451333565,0.5150021190526086,0.3563589567736002,0.05030037696399352,3.639207028596631e-05,17.18712400567925,28.58577238876138,nan,nan,nan
469.40000000000003,168.27857971191406,-207.05770874023438,-66.37557220458984,168.7659675843308,-206.97791339473116,-66.38465352720392,0.4939602269042736,0.3562906324471448,0.05029534304771369,3.5629331491944606e-05,18.32044061394178,29.816962422961467,11.590773125202277,0.0411483515277896,nan
469.41,168.2796173095703,-207.06640625,-66.37608337402344,168.7668398526944,-206.9864826892275,-66.38529324223907,0.4938202140125606,0.3563384434250251,0.05031683385290146,3.634309054995525e-05,18.288353793268683,29.49644329570779,nan,nan,nan
469.42,168.28062438964844,-207.07510375976562,-66.3765869140625,168.76771058391753,-206.99505297213523,-66.38532680014714,0.49369775658450343,0.35638634006631725,0.05033838886268626,3.560466416448285e-05,18.049040320632535,28.972996828669896,nan,0.24298036509081897,nan
469.43,168.28163146972656,-207.08380126953125,-66.3770751953125,168.76854134285216,-207.00362278841163,-66.38594222211935,0.4935467936743462,0.35643432562188987,0.050360008225890596,3.631809069147917e-05,18.016939392133747,29.58311333124486,nan,nan,nan
469.44,168.28260803222656,-207.09249877929688,-66.37755584716797,168.76934790612228,-207.01219253692054,-66.38668055544323,0.4934045578485593,0.35648239722833547,0.05038169208198005,3.558129624697212e-05,18.14107527309026,29.38059630350311,nan,0.01187866053183154,nan
469.45,168.28355407714844,-207.1011962890625,-66.3780288696289,168.77370865518517,-207.01090797556498,-66.38729977596458,0.49848715091653445,0.3564140678003884,0.050376556581293926,3.627193282586373e-05,19.51429835277989,29.22391539540864,12.055247002746817,nan,nan
469.46000000000004,168.2845001220703,-207.10989379882812,-66.37849426269531,168.7744892142805,-207.0194393016846,-66.38836138642931,0.4983660167680244,0.3564619333733306,0.050398237457643144,3.553760153899692e-05,19.8342007541406,30.00732577542579,nan,0.15164206750281628,nan
469.47,168.28541564941406,-207.1186065673828,-66.37894439697266,168.77526525206977,-207.02797167788898,-66.388948712116,0.49826439039630604,0.3565098875730355,0.050419982896217304,3.624959003117149e-05,19.807944241990388,29.219869468117103,nan,nan,nan
469.48,168.28631591796875,-207.12730407714844,-66.37938690185547,168.7759871089065,-207.03650231074252,-66.3907366905316,0.4981482246478589,0.35655792791289437,0.05044179303323663,3.5516759059437406e-05,20.624252723102515,30.69049978793442,nan,1.001333671726683,nan
469.49,168.28720092773438,-207.13600158691406,-66.37982177734375,168.7767265528574,-207.04503535081795,-66.39131988286562,0.4980385529175271,0.35660605707949805,0.05046366802233158,3.622852802212815e-05,20.596835012381415,30.717944601931194,nan,nan,nan
469.5,168.2881622314453,-207.1446990966797,-66.38035583496094,168.77429365804772,-207.05912547178167,-66.3921777749938,0.4937472708530386,0.3565377191074011,0.05045842742319852,3.54756133833054e-05,20.060358693453157,30.48278087591513,4.529780069124162,0.06354272964692487,nan
469.51,168.2892303466797,-207.1533966064453,-66.38097381591797,168.7751419527218,-207.06768123409512,-66.39290048568499,0.4935579595096195,0.35658564191809267,0.050480298588779074,3.6186313614649924e-05,19.998971471617864,31.063404089876606,nan,nan,nan
469.52,168.29037475585938,-207.16209411621094,-66.3816909790039,168.77611753002822,-207.07624026214938,-66.39227282051924,0.49338514599075645,0.3566336509396094,0.05050223465444042,3.545717290183538e-05,19.173979712650098,29.85847548477427,nan,1.4333281829020434,nan
469.53000000000003,168.29161071777344,-207.17080688476562,-66.38249206542969,168.7771397315296,-207.0847964210249,-66.39316690739146,0.4932039895649917,0.356681748527269,0.050524235777612496,3.616772678507729e-05,19.116201171331667,29.45274385108153,nan,nan,nan
469.54,168.2929229736328,-207.17950439453125,-66.38339233398438,168.77828375066602,-207.0933558294033,-66.39278927119538,0.49303647084656166,0.35672993269090897,0.050546302088887614,3.5439888970245416e-05,18.40550051539443,29.004915659812774,nan,1.279069074961984,nan
469.55,168.29432678222656,-207.18820190429688,-66.3843765258789,168.77355301180657,-207.10423711231417,-66.39372569147206,0.48661614472544723,0.35666158793222286,0.05054095289543659,3.6127999896693304e-05,17.78723317482452,29.19075622903412,2.858233184665795,nan,nan
469.56,168.29580688476562,-207.1968994140625,-66.38544464111328,168.7748158314913,-207.11280657067527,-66.39474098580861,0.48642327182906525,0.35670956558170064,0.050563014521838374,3.540228615650643e-05,17.757412647016572,29.05307696853425,nan,0.01236085305373588,nan
469.57,168.29737854003906,-207.2056121826172,-66.38660430908203,168.7761576252695,-207.12137568901912,-66.39597721740495,0.4862232519308524,0.3567576315530252,0.050585141407620486,3.611175538051459e-05,17.698934954262526,28.555787207385002,nan,nan,nan
469.58,168.2990264892578,-207.2143096923828,-66.38784790039062,168.7775809160225,-207.12994465202956,-66.39730082932087,0.486025881281266,0.356805785034282,0.05060733368874728,3.683556710342321e-05,17.640591919203082,29.022466011085278,nan,nan,nan
469.59000000000003,168.30075073242188,-207.22300720214844,-66.38917541503906,168.77908497547992,-207.1385136133001,-66.398710676575,0.48583303289395985,0.3568540261699713,0.05062959150971895,3.7573865825432286e-05,17.583454319723653,28.882725317782782,nan,nan,nan
469.6,168.3025665283203,-207.23170471191406,-66.39059448242188,168.77032991582334,-207.14247424937335,-66.39840560901096,0.47626219231860817,0.3567856719174802,0.050624130200178835,3.673825129310595e-05,16.882135437092693,28.514822248315337,0.988793359815344,2.121951729251942,nan
469.61,168.304443359375,-207.24041748046875,-66.39208984375,168.77197660907552,-207.15103410282032,-66.39996761305125,0.47606594818841774,0.356833706232316,0.050646382461679976,3.747382462119174e-05,16.82872700977227,27.470331055312947,nan,nan,nan
469.62,168.30641174316406,-207.24911499023438,-66.39366912841797,168.77370127114864,-207.15959378440917,-66.40161305620896,0.47585360694776235,0.35688182796101214,0.05066870031468172,3.8223992277174215e-05,16.772756568279586,28.37973233148809,nan,nan,nan
469.63,168.30845642089844,-207.2578125,-66.39532470703125,168.7755029006608,-207.16815309896126,-66.40334088934699,0.4756421781465114,0.35693003724806893,0.050691083903684285,3.8988898761253375e-05,16.719324436401692,28.39442171620611,nan,nan,nan
469.64,168.31056213378906,-207.26651000976562,-66.39706420898438,168.77740773707617,-207.17671563854805,-66.40393038744605,0.4754524064693916,0.35697833341074925,0.05071353335874844,3.808577594832484e-05,16.259255561616424,27.448006790492233,nan,0.8839842358088931,nan
469.65000000000003,168.31275939941406,-207.27520751953125,-66.39888000488281,168.76588566707866,-207.19403351735312,-66.40586099683688,0.46039262301423695,0.3569099708066909,0.050707956454734394,3.882149645290787e-05,14.748729138956728,28.11683312010052,17.683705391396053,nan,nan
469.66,168.3150177001953,-207.28390502929688,-66.4007568359375,168.7678845342296,-207.20263352951298,-66.40720797512544,0.4601467627205396,0.35695805997789914,0.05073039945866834,3.7927985755345736e-05,14.540648310178936,27.481434982026705,nan,0.21696306302638044,nan
469.67,168.31736755371094,-207.29261779785156,-66.40264892578125,168.76994408396786,-207.21123131431128,-66.40918683831234,0.45988261517773193,0.3570062373713768,0.0507529084066027,3.868498896684342e-05,14.499415512386438,27.236580531210606,nan,nan,nan
469.68,168.31976318359375,-207.3013153076172,-66.40452575683594,168.77626248488602,-207.21724931250108,-66.41096591691813,0.4642199686324089,0.3556574539863914,0.050243751796519374,3.779783417656974e-05,20.494518208657187,33.1154081167076,nan,0.025162425458317744,0.012518417721559804
469.69,168.32225036621094,-207.3100128173828,-66.4063720703125,168.77846923149048,-207.22583960209025,-66.41292409988455,0.4639652059165119,0.35570401642638655,0.05026358858221508,3.8551626236522136e-05,20.439772733932244,33.75504791972916,nan,nan,nan
469.7,168.32479858398438,-207.31871032714844,-66.40818786621094,168.76526185077307,-207.22762939965384,-66.41551831175285,0.4498414833864156,0.3556328486400873,0.05025906554945977,3.765025500397976e-05,20.859262203641375,34.02428139890915,2.2162048314658502,0.3117768333569593,nan
469.71000000000004,168.32742309570312,-207.32740783691406,-66.40997314453125,168.76758714013985,-207.2362051230193,-66.41742449121108,0.4495751812589439,0.3556792101575029,0.05027890490895798,3.8400103922807254e-05,20.80781837795649,34.127002429967085,nan,nan,nan
469.72,168.3301239013672,-207.3361053466797,-66.41172790527344,168.76991181792062,-207.24480601022032,-66.42047743425657,0.4492499689947156,0.35572565230174735,0.050298802462523676,3.753142661958905e-05,21.33136060025986,34.816903294252775,nan,0.8515834692204465,nan
469.73,168.33287048339844,-207.3448028564453,-66.41344451904297,168.77237495637692,-207.25338102274253,-66.42232950956081,0.4490000851917252,0.35577218670727007,0.05031875988164912,3.827847358946045e-05,21.285177690094542,34.14025722617809,nan,nan,nan
469.74,168.33570861816406,-207.35350036621094,-66.41513061523438,168.77493120261104,-207.26194622991045,-66.4237096069397,0.4487451812116685,0.3558188023408115,0.05033877581752037,3.7417114894951684e-05,21.11992474913953,34.656072953610646,nan,0.11873295987459874,nan
469.75,168.33859252929688,-207.36219787597656,-66.41677856445312,168.7803830516256,-207.27679060297885,-66.42540323852461,0.45005294455566597,0.3557476838191275,0.05033418713560678,3.81370250448883e-05,20.311080268848766,33.957495222156005,4.558306440516658,nan,nan
469.76,168.341552734375,-207.3708953857422,-66.41839599609375,168.78302092220906,-207.28539333390924,-66.42748456246679,0.44976367547396634,0.3557940986934055,0.05035420510392264,3.728382733238361e-05,20.506629519183615,34.41788537328156,nan,0.06892774340837304,nan
469.77,168.34457397460938,-207.37957763671875,-66.41998291015625,168.78574315903634,-207.29398875485506,-66.42920428010932,0.44948942106621775,0.35584060513349947,0.05037428312491171,3.802482453324635e-05,20.45620778446653,34.90053806770278,nan,nan,nan
469.78000000000003,168.34767150878906,-207.38827514648438,-66.42153930664062,168.78852318817715,-207.30258642680627,-66.43101933097121,0.4492022158902153,0.3558871932990009,0.050394419992548255,3.7178432811338366e-05,20.56782542974623,34.66840781669751,nan,0.009970186978444087,nan
469.79,168.35081481933594,-207.39697265625,-66.42305755615234,168.79137429574925,-207.3111811980937,-66.43267879113327,0.44893807447432654,0.3559338730344443,0.05041461717067697,3.791711434056259e-05,20.52373552941305,34.1567003127349,nan,nan,nan
469.8,168.35403442382812,-207.40567016601562,-66.42455291748047,168.75654476324507,-207.30931618591583,-66.43412252216837,0.41399304360399747,0.3558627926308565,0.050409958206123456,3.705422234841181e-05,19.969147308315023,35.42435192629593,15.040916662773252,0.025703919963458277,nan
469.81,168.35731506347656,-207.4143524169922,-66.42601776123047,168.75945186476193,-207.31790038663746,-66.43572131115123,0.413655847279643,0.35590927116938925,0.05043015677768429,3.778980868184255e-05,19.918455608298554,36.02860054045734,nan,nan,nan
469.82,168.360595703125,-207.4230499267578,-66.42744445800781,168.76235793122552,-207.3264973870529,-66.43797711674831,0.4133354784577623,0.3559558318788495,0.05045041451682897,3.695734941322653e-05,20.36196483608714,35.62696631388938,nan,0.2969960460255877,nan
469.83,168.36386108398438,-207.43174743652344,-66.4288558959961,168.7652890046329,-207.33508037468985,-66.43952633014304,0.4130408629719642,0.35600248354049485,0.050470732757105986,3.769091900012367e-05,20.314879520688333,35.84644869657863,nan,nan,nan
469.84000000000003,168.3670654296875,-207.4404296875,-66.43022918701172,168.76817539909197,-207.3436654175329,-66.44118399564762,0.41276208562581707,0.3560492179102927,0.0504911104822174,3.686453472079112e-05,20.482671274713148,36.321690534351546,nan,0.0116778259760944,nan
469.85,168.37022399902344,-207.44912719726562,-66.43157958984375,168.77540039109246,-207.3504275452491,-66.44253117499693,0.41716839191820776,0.35597818424854316,0.05048637925914934,3.7572547491214994e-05,20.870317473237364,35.57755967374675,2.9108812073112524,nan,nan
469.86,168.37332153320312,-207.45782470703125,-66.43289947509766,168.7781332047767,-207.35902418551498,-66.44537432273545,0.4168808634582198,0.35602471751259207,0.05050675779036108,3.6753033728881327e-05,21.848716230874185,36.497109264521505,nan,1.2092907852352446,nan
469.87,168.37635803222656,-207.4665069580078,-66.43419647216797,168.7808753379554,-207.3675952102652,-66.44682964036258,0.4166261890643042,0.35607134115802397,0.05052719701433452,3.748205229055306e-05,21.8068435543381,37.023647576138266,nan,nan,nan
469.88,168.37933349609375,-207.47520446777344,-66.43547058105469,168.78348727089093,-207.37619240575012,-66.44972692681922,0.41634949922328185,0.3561180478865712,0.050547696033321404,3.6668155280228625e-05,23.028496505906507,37.47761842325261,nan,1.381970054942695,nan
469.89,168.3822479248047,-207.48388671875,-66.43671417236328,168.78611051684118,-207.3847628260488,-66.45114701548383,0.41609956297887457,0.35616484505991397,0.05056825600803532,3.7395549010029316e-05,22.99109577075928,38.09414542352196,nan,nan,nan
469.90000000000003,168.38510131835938,-207.49256896972656,-66.43793487548828,168.7861867057557,-207.39486870478083,-66.45083904015195,0.4130149479365139,0.35609384960201784,0.050563448168636387,3.656465187848558e-05,21.59631589241863,36.99852610877769,1.4351880201318539,2.1143870423515985,nan
469.91,168.38790893554688,-207.5012664794922,-66.43912506103516,168.78868473871998,-207.40344646215067,-66.45219554925619,0.4127479107931112,0.35614044528379163,0.05058400827870102,3.728963189910091e-05,21.560522134032993,36.71496243980634,nan,nan,nan
469.92,168.39065551757812,-207.50994873046875,-66.44029998779297,168.7910939828644,-207.4120363309102,-66.45424631173883,0.41247097160859436,0.356187124380618,0.05060462848560718,3.648730460700884e-05,22.245015342062267,37.796868845334465,nan,0.33371994105449293,nan
469.93,168.3933563232422,-207.51864624023438,-66.44144439697266,168.79348070159966,-207.42061354050685,-66.45556444456459,0.4122005629736833,0.3562338934156979,0.050625309842565996,3.721089977608848e-05,22.209448972637034,37.436205932994994,nan,nan,nan
469.94,168.39599609375,-207.52732849121094,-66.44257354736328,168.7957994307646,-207.42919566643937,-66.45717373439412,0.41192951465873834,0.356280746350032,0.05064605160876228,3.641353821912525e-05,22.641027406052395,38.216223766115945,nan,0.06385419604419579,nan
469.95,168.39857482910156,-207.5360107421875,-66.44367980957031,168.7828262226384,-207.43775794202855,-66.45852659459791,0.39689189107328005,0.35620979528472074,0.05064116484403802,3.711278036924543e-05,21.931655282643536,38.50180358924073,7.036743024370307,nan,nan
469.96000000000004,168.40110778808594,-207.54470825195312,-66.44475555419922,168.7849462115022,-207.44637311683206,-66.4614211304246,0.3965847646101323,0.35625644675752477,0.0506619061142806,3.6321151589720865e-05,23.57666074854877,39.73690162853591,nan,1.7533637777422633,nan
469.97,168.40359497070312,-207.5533905029297,-66.44581604003906,168.78708531208764,-207.45496155479236,-66.46267446869088,0.3962793287357301,0.3563031877007764,0.05068270872932961,3.7041393957752e-05,23.5379651111614,40.491145765230996,nan,nan,nan
469.98,168.40603637695312,-207.5620880126953,-66.44685363769531,168.789197672055,-207.46354100264242,-66.46335072571856,0.3959750562444,0.3563500128167705,0.05070357204550471,3.6254326705200134e-05,23.309542781767107,39.69506134727253,nan,0.2038667564412238,nan
469.99,168.40841674804688,-207.57077026367188,-66.4478759765625,168.79123801026557,-207.472129098352,-66.46455870698802,0.3956772823865782,0.35639692751572477,0.05072449697404906,3.6973495072668075e-05,23.266404966211766,39.83902062075098,nan,nan,nan
470.0,168.41075134277344,-207.57945251464844,-66.44886779785156,168.8039807764539,-207.47760808603974,-66.46423772468872,0.4064946614683489,0.356326014352995,0.05071952715402796,3.6168873233541754e-05,23.169980868397346,38.49947041484744,9.025131739262399,1.190092177771852,nan
470.01,168.41305541992188,-207.58815002441406,-66.4498519897461,168.80595835275312,-207.48617589010107,-66.46539040868544,0.406217775533538,0.3563727272459734,0.050740450884449374,3.688616736713619e-05,23.122632988277985,38.25443453569704,nan,nan,nan
470.02,168.41529846191406,-207.59683227539062,-66.4508056640625,168.80793556267943,-207.49472620895835,-66.46535249997659,0.40595708164141925,0.35641952454958337,0.050761435600100054,3.610859031001493e-05,22.37483527267082,37.72885587986531,nan,0.909830985550343,nan
470.03000000000003,168.41749572753906,-207.6055145263672,-66.45174407958984,168.80982157979147,-207.50329430064778,-66.46645660326746,0.4056907778649552,0.3564664110213224,0.050782482124813635,3.682500010855967e-05,22.330071950466703,37.64056397057427,nan,nan,nan
470.04,168.41966247558594,-207.6142120361328,-66.45266723632812,168.8117181558442,-207.51184132038233,-66.46608822708862,0.4054226718611471,0.3565133823440849,0.05080358994283131,3.6051412157279745e-05,21.38737064769002,36.479530521080115,nan,1.406554729957474,nan
470.05,168.42176818847656,-207.62289428710938,-66.45356750488281,168.81864842080313,-207.5231431904067,-66.46716066443877,0.40944959896388883,0.35644251135343774,0.050798534485516196,3.674437017223579e-05,21.290130957945035,36.42161571303494,0.30122446914853074,nan,nan
470.06,168.42384338378906,-207.63157653808594,-66.45445251464844,168.8204138880177,-207.5317166719065,-66.4681137218509,0.4091781840222612,0.356489280848459,0.05081964043209315,3.5975523387018486e-05,21.386865011850624,36.91072303333733,nan,0.004788286136712576,nan
470.07,168.42587280273438,-207.64027404785156,-66.455322265625,168.82213452050428,-207.54029136393328,-66.46913387480392,0.40891398435559645,0.356536139128581,0.050840808384342094,3.668952266565265e-05,21.338575556455783,36.015543235035814,nan,nan,nan
470.08,168.42787170410156,-207.64895629882812,-66.45616912841797,168.8238630896062,-207.5488470868073,-66.46875954473742,0.40864354920688656,0.3565830824494012,0.050862037904821696,3.59243130161694e-05,20.489611426975607,36.22692916418865,nan,1.2713296952565376,nan
470.09000000000003,168.42982482910156,-207.6576385498047,-66.45700073242188,168.82550288188315,-207.5574218587431,-66.46973335661819,0.40837069720939495,0.35663011470831785,0.05088332970261716,3.6637669907158265e-05,20.440251397756892,35.95322696159251,nan,nan,nan
470.1,168.43173217773438,-207.6663360595703,-66.45781707763672,168.82521949734857,-207.5677717162324,-66.46938339285198,0.40580904391407935,0.3565592809852874,0.05087818466446673,3.5854336605585296e-05,19.400580948363842,34.40025007920017,0.8316883250744265,1.181437361219124,nan
470.11,168.43360900878906,-207.67501831054688,-66.4586181640625,168.82677345898878,-207.57635523398122,-66.4703132822242,0.4055236902661356,0.356606111104663,0.05089947385765999,3.656623875859579e-05,19.348244558399596,35.31818921312638,nan,nan,nan
470.12,168.43544006347656,-207.6837158203125,-66.45939636230469,168.82825995076337,-207.58495054513668,-66.47212302460247,0.40524561855967783,0.3566530264251186,0.050920824886755665,3.580871116532625e-05,20.07174843824033,35.1028958245925,nan,0.5397796828773531,nan
470.13,168.43724060058594,-207.69239807128906,-66.46016693115234,168.82973901812198,-207.59353455053227,-66.47303192769785,0.40496235830117033,0.35670003034403874,0.05094223839101315,3.652011812973321e-05,20.01931730391318,35.934263943864586,nan,nan,nan
470.14,168.4390106201172,-207.70108032226562,-66.4609146118164,168.83123383819037,-207.6020985948612,-66.47230017105579,0.4046802022768645,0.35674711986846064,0.0509637140354347,3.576573072291243e-05,19.050437889108352,35.20636334348814,nan,1.78656344564891,nan
470.15000000000003,168.44073486328125,-207.70977783203125,-66.46165466308594,168.84242099054595,-207.60784637375457,-66.4731259265082,0.41457611714596343,0.35667632618941414,0.05095847661519513,3.6454345785258805e-05,19.83307778167171,33.750425865941835,6.089022286453387,nan,nan
470.16,168.4424285888672,-207.7184600830078,-66.4623794555664,168.8438694452388,-207.61639495359148,-66.47245160518675,0.4143350093886789,0.35672321350868946,0.05097994894161421,3.570384549955865e-05,19.004548356420795,33.7405928140498,nan,1.575149952689933,nan
470.17,168.444091796875,-207.72715759277344,-66.46308898925781,168.84523679679018,-207.6249619663442,-66.47327306990661,0.41408329176250736,0.35677018911269265,0.05100148394048051,3.641356863063531e-05,18.953211002649258,33.12261198382113,nan,nan,nan
470.18,168.4457244873047,-207.73583984375,-66.46378326416016,168.84663847663967,-207.6335023450761,-66.47180207058749,0.4138469424024294,0.3568172504430981,0.051023081338728994,3.5665906146959725e-05,17.847709583022763,32.80290195806811,nan,3.5300475381955865,nan
470.19,168.4473114013672,-207.74453735351562,-66.46446228027344,168.84793951121853,-207.64206951776728,-66.47257507380527,0.41360410682789,0.35686440024435334,0.05104474168465454,3.637531818927687e-05,17.79687036450444,31.651483409836974,nan,nan,nan
470.2,168.44888305664062,-207.7532196044922,-66.46512603759766,168.83985099481464,-207.651789648604,-66.47282711104907,0.40398424618272566,0.35679364291091054,0.05103940808972459,3.560897729926746e-05,17.041645479572022,33.02248056148914,3.41733020451083,0.19424388503277518,nan
470.21000000000004,168.45040893554688,-207.7619171142578,-66.46578216552734,168.84106392126867,-207.66036813679213,-66.47356999061981,0.40371297095002123,0.35684059022050324,0.0510610643540089,3.6317253917439956e-05,16.988674356052424,31.762573374390318,nan,nan,nan
470.22,168.451904296875,-207.77059936523438,-66.46642303466797,168.84223565472604,-207.66895099236993,-66.47467543840155,0.40343408729953334,0.35688762335350166,0.05108278327014212,3.5575721186301864e-05,17.173746171740024,32.65907656768283,nan,0.0960527555712977,nan
470.23,168.45338439941406,-207.779296875,-66.46704864501953,168.84338736238587,-207.677530075641,-66.47539757636909,0.4031482323330281,0.35693474467881636,0.051104565331813276,3.628379854838701e-05,17.12265086150213,32.45503056478632,nan,nan,nan
470.24,168.45481872558594,-207.78797912597656,-66.46766662597656,168.84453844784176,-207.68609781792642,-66.4750096747293,0.40288358518329465,0.3569819522027061,0.05112641034627159,3.554467792005442e-05,16.659667686810202,32.112261376975496,nan,0.8255396553512327,nan
470.25,168.45623779296875,-207.7966766357422,-66.46826934814453,168.85247056754773,-207.6983467950528,-66.47572524922924,0.4083194333870718,0.3569112328478606,0.05112097760386733,3.6230432958841126e-05,16.525323879110594,31.72002620729629,0.5349493074961533,nan,nan
470.26,168.45762634277344,-207.80535888671875,-66.46885681152344,168.8535675616915,-207.70692577531412,-66.47548061698602,0.40804705740628533,0.35695823777750213,0.05114281778510973,3.549447327935747e-05,16.168001789413253,32.01995565568602,nan,0.5840373330214615,nan
470.27,168.458984375,-207.81405639648438,-66.46943664550781,168.85461314197704,-207.7155144570326,-66.47613847331375,0.4077714428287357,0.35700533064175966,0.05116472130874556,3.620141425978203e-05,16.115623028377776,31.16046276703517,nan,nan,nan
470.28000000000003,168.46031188964844,-207.82275390625,-66.47000122070312,168.85564415187991,-207.72409826236688,-66.47626596937937,0.4075043321328339,0.3570525097696044,0.05118668802987147,3.546761065991112e-05,15.92486125756907,30.874104157721618,nan,0.18556015062158512,nan
470.29,168.4616241455078,-207.83143615722656,-66.4705581665039,168.85663575840104,-207.73268732809325,-66.47689753609936,0.4072170099376713,0.3570997770449992,0.051208718371728044,3.617448862460688e-05,15.870445251724684,31.896700644606295,nan,nan,nan
470.3,168.462890625,-207.8401336669922,-66.47110748291016,168.85117796933687,-207.7412366299716,-66.47709012716224,0.4007286834453936,0.3570290928678097,0.051203182810256,3.542148653456904e-05,15.46259344442639,30.572290652720618,2.2059726309983425,0.24410759033434032,nan
470.31,168.46414184570312,-207.8488311767578,-66.47164154052734,168.85210301166674,-207.74983036352947,-66.4776987467273,0.4004394049824158,0.35707615728147674,0.05122520752536896,3.612746591717711e-05,15.411404578031037,30.88169147371279,nan,nan,nan
470.32,168.4653778076172,-207.85751342773438,-66.47216033935547,168.85298124172846,-207.7584330877455,-66.47926699618596,0.40012977954467405,0.35712330800447606,0.05124729567640212,3.539847765226112e-05,15.764271438095868,32.32362627734316,nan,0.648443596956257,nan
470.33,168.46658325195312,-207.8662109375,-66.4726791381836,168.85385662286973,-207.76702727672915,-66.4798659215469,0.39983710713255005,0.3571705466454977,0.0512694476449732,3.610447686229389e-05,15.71193762019642,31.29822481035531,nan,nan,nan
470.34000000000003,168.46775817871094,-207.87490844726562,-66.47318267822266,168.85469885325818,-207.7756252827069,-66.48086988633617,0.39954890257946474,0.3572178719475389,0.05129166334755231,3.537728523341344e-05,15.8960449155433,31.289168712395757,nan,0.11862376330460833,nan
470.35,168.4689178466797,-207.8835906982422,-66.47367095947266,168.84330719598825,-207.7862441657882,-66.48150300113615,0.38691739833344435,0.357147223721983,0.05128602186468366,3.606128396120663e-05,15.142871147182658,32.80167631894437,6.11710662329866,nan,nan
470.36,168.4700469970703,-207.8922882080078,-66.47415161132812,168.8440832136557,-207.79485334429017,-66.48188367628167,0.3865959503326781,0.35719434602865724,0.051308231152654156,3.533664453479464e-05,15.07806136280469,31.741146298548465,nan,0.026503384193442187,nan
470.37,168.47116088867188,-207.90098571777344,-66.47462463378906,168.84483243301844,-207.80346456329843,-66.48244942059303,0.3862667807526442,0.3572415560403193,0.051330504453549836,3.6041908128923686e-05,15.02915825962133,31.949074923027887,nan,nan,nan
470.38,168.4722442626953,-207.90968322753906,-66.47509002685547,168.845587883271,-207.81206448042957,-66.48155296746275,0.38594902307570306,0.3572888527331789,0.05135284171977635,3.531885203228407e-05,14.45772052139951,31.0772339343776,nan,1.465035123201453,nan
470.39,168.4733123779297,-207.9183807373047,-66.47554779052734,168.84629288180258,-207.82067630361698,-66.48208756229916,0.3856207738780972,0.35733623736535114,0.05137524327991137,3.6024232777281926e-05,14.406915911738189,31.252764626580742,nan,nan,nan
470.40000000000003,168.47434997558594,-207.92706298828125,-66.47599029541016,168.85149997413052,-207.8244234791115,-66.48110441335598,0.3909004277909545,0.3572656229399477,0.05136949230036762,3.528150629821653e-05,14.66652647151572,30.94503585504346,4.505474505148356,1.5986553438031206,nan
470.41,168.47537231445312,-207.93576049804688,-66.47643280029297,168.85218160435994,-207.83301535625458,-66.48160789698947,0.390600290255674,0.35731280432300544,0.051391886623131704,3.5986158555483126e-05,14.614817616344283,30.352221638518607,nan,nan,nan
470.42,168.4764862060547,-207.9444580078125,-66.47695922851562,168.85286353474507,-207.84162111810952,-66.48400482512474,0.3902370559896505,0.3573600723921338,0.051414345136728955,3.5266821578549595e-05,15.221136284624313,31.174057917188048,nan,2.3794558420857572,nan
470.43,168.47769165039062,-207.95315551757812,-66.47758483886719,168.8536652694795,-207.85021360912282,-66.48466457601246,0.3898760334327547,0.3574074282096935,0.05143686813898966,3.597165050854483e-05,15.14986480609546,31.255642852200307,nan,nan,nan
470.44,168.47897338867188,-207.96185302734375,-66.47830200195312,168.85455613838698,-207.85880489246105,-66.48522088480814,0.3895243136523383,0.3574548710464715,0.05145945562777391,3.525359809648118e-05,15.057881292079863,30.844673303561553,nan,0.026960186449949877,nan
470.45,168.48033142089844,-207.97055053710938,-66.4791030883789,168.8481936643251,-207.87100244060863,-66.48626865875659,0.3811611195474315,0.35738429056440946,0.05145359195619072,3.593663596636391e-05,14.403708974563248,30.98219977249018,6.362677107612276,nan,nan
470.46000000000004,168.48179626464844,-207.979248046875,-66.4800033569336,168.84924559470778,-207.87960529791258,-66.48605239259012,0.3807680112801275,0.3574315299924902,0.051476171385303304,3.5220633438144404e-05,13.957077249678052,31.31467368993527,nan,0.9308812881031262,nan
470.47,168.4833221435547,-207.98794555664062,-66.48098754882812,168.85036175438927,-207.88821600647154,-66.48707064985457,0.38039592954792156,0.3574788569909111,0.05149881549603221,3.592500968362852e-05,13.892587645402406,30.508307580532765,nan,nan,nan
470.48,168.4849395751953,-207.99664306640625,-66.48206329345703,168.85154523568679,-207.89683289145285,-66.48913320945901,0.38001548000166174,0.35752627099333734,0.051521524312298235,3.521011716968618e-05,14.226324785863294,31.17325350316473,nan,0.6361669014592353,nan
470.49,168.48663330078125,-208.0053253173828,-66.48322296142578,168.85282460946675,-207.90544378063413,-66.49033852965673,0.3796353872485117,0.3575737728171874,0.051544298093370355,3.591473640339601e-05,14.159477331925984,31.675144651692154,nan,nan,nan
470.5,168.4884033203125,-208.01402282714844,-66.48446655273438,168.86507358697637,-207.9261210714887,-66.4918000854414,0.38686042591438247,0.35750322458040185,0.051538318231008795,3.51797577509985e-05,13.43104397306728,30.80199031999448,6.686924585211135,0.01549305757830721,nan
470.51,168.49026489257812,-208.02272033691406,-66.48579406738281,168.86651667338586,-207.93476688230012,-66.49318071034973,0.3864657491082988,0.357550522751059,0.05156108310112973,3.588376564935432e-05,13.367599061910486,31.211999270929105,nan,nan,nan
470.52,168.49220275878906,-208.0314178466797,-66.48721313476562,168.868049999158,-207.9434077802593,-66.49378138574698,0.38607002189397505,0.3575979078985684,0.05158391289040311,3.517169326878251e-05,13.018745500148103,30.71074636307113,nan,0.5235045149132468,nan
470.53000000000003,168.49420166015625,-208.0401153564453,-66.48870849609375,168.8696487910042,-207.95205351189,-66.49532306222619,0.38569312803518974,0.3576453807064476,0.05160680783626423,3.587598532541038e-05,12.957657852157274,30.125357694472818,nan,nan,nan
470.54,168.4962921142578,-208.04881286621094,-66.49028778076172,168.8713116485768,-207.9607042727562,-66.49790443448865,0.3853060975061295,0.35769294080998737,0.05162976799499786,3.516477886586189e-05,13.333505582478812,31.02384738210648,nan,0.6395887859156957,nan
470.55,168.49844360351562,-208.05751037597656,-66.491943359375,168.9085938191403,-207.98561087483094,-66.49955538210737,0.416474105475994,0.35762242451110615,0.05162366868478711,3.584740589441507e-05,13.017531386484093,29.654442075639484,11.396806074368975,nan,nan
470.56,168.5006866455078,-208.0662078857422,-66.49369049072266,168.9104741763392,-207.99428820159974,-66.50122617297785,0.41611903092634395,0.3576697807803039,0.05164661907765018,3.513784205036171e-05,12.963412010331378,30.04948652248437,nan,0.011242904936023267,nan
470.57,168.50299072265625,-208.0749053955078,-66.4955062866211,168.91242680661637,-208.00296610740097,-66.50310291535494,0.41577743660525346,0.3577172245584789,0.05166963481673492,3.584187175411328e-05,12.904288076923944,29.665349254132263,nan,nan,nan
470.58,168.50537109375,-208.08360290527344,-66.49738311767578,168.9144478918005,-208.0116458264154,-66.50544124564325,0.4154354117397533,0.357764755589704,0.05169271597639244,3.5133033856012744e-05,13.089423906205724,29.939082535456336,nan,0.10732563302297866,nan
470.59000000000003,168.50782775878906,-208.09228515625,-66.49927520751953,168.9165457004765,-208.02032346294178,-66.50742814144324,0.41508470399733965,0.35781237439383035,0.05171586276725646,3.5837389912383165e-05,13.041620102356424,30.731679582550857,nan,nan,nan
470.6,168.51034545898438,-208.10098266601562,-66.50115203857422,168.92718050871449,-208.03971744068394,-66.50993190095706,0.42140476089136314,0.35774188863635537,0.051709640571779715,3.510810966055453e-05,12.648065534149204,29.93147234379986,5.409038453569773,0.18238395050539644,nan
470.61,168.512939453125,-208.10968017578125,-66.50299835205078,168.92942182982617,-208.04842563680938,-66.51190497347459,0.42105702292266384,0.357789303367155,0.05173277671775675,3.5811930536235516e-05,12.615600649963287,30.125137199498305,nan,nan,nan
470.62,168.51560974121094,-208.11837768554688,-66.50482177734375,168.93174721675655,-208.0571274237962,-66.51242421021863,0.42068966008640707,0.3578368052992759,0.051755978486996354,3.5105189188185886e-05,11.994987294756468,29.619445947171876,nan,1.428700345005795,nan
470.63,168.51834106445312,-208.1270751953125,-66.50660705566406,168.9341271138689,-208.06583494673387,-66.51432502211236,0.4203426863177753,0.35788439486564744,0.0517792460754182,3.580936351806093e-05,11.96073698462627,29.336364657584415,nan,nan,nan
470.64,168.52113342285156,-208.13575744628906,-66.50836181640625,168.9365727534958,-208.07454310454528,-66.51644373971301,0.42000279828304565,0.357932071941334,0.0518025795792467,3.51031524165859e-05,12.105834094575629,29.971065294542072,nan,0.04412139676552745,nan
470.65000000000003,168.5240020751953,-208.1444549560547,-66.51007843017578,168.91423359447597,-208.0796954082345,-66.51834208532433,0.39565480620154536,0.357861616106863,0.051796231206225445,3.5785727884411385e-05,11.575351218589494,30.322946546062607,8.58738116725551,nan,nan
470.66,168.5269317626953,-208.1531524658203,-66.51176452636719,168.8898214796265,-208.0631061225007,-66.51821401025236,0.373950379652194,0.3539008246638365,0.0482921438983175,3.5079326840936444e-05,16.22641472088893,34.69766298746759,nan,2.672920509714477,0.18135243418688707
470.67,168.52993774414062,-208.16183471679688,-66.51341247558594,168.89242679510338,-208.07178918512736,-66.51996786033621,0.3735632247836311,0.3539505790666069,0.04830801150491394,3.578332399668213e-05,16.165641936556348,35.88694437485051,nan,nan,nan
470.68,168.5330047607422,-208.1705322265625,-66.51502990722656,168.89512237012548,-208.08050035483012,-66.5221054966368,0.37320900969645243,0.35400041515254466,0.048323930611160984,3.507893824702608e-05,16.318506616194586,35.054351066066545,nan,0.12148876865483123,nan
470.69,168.53611755371094,-208.17921447753906,-66.51661682128906,168.89785695103018,-208.0891828466498,-66.52380002215416,0.37284404850840147,0.354050343580148,0.04833991459008419,3.578331459259936e-05,16.25910838165581,35.08924965203767,nan,nan,nan
470.7,168.53932189941406,-208.1879119873047,-66.51817321777344,168.90400405748315,-208.09897088579305,-66.52662427279913,0.375466398340886,0.3539848001701442,0.04833651900650671,3.505818768849054e-05,16.833476958561214,35.70301016961612,0.5776495941750688,1.1275637622311252,nan
470.71000000000004,168.54257202148438,-208.19659423828125,-66.51969146728516,168.90687068553007,-208.10765351256404,-66.52826802470064,0.375096689739699,0.3540345128264914,0.04835252468793206,3.5762075913808755e-05,16.77920183913268,35.89465748124137,nan,nan,nan
470.72,168.54588317871094,-208.20529174804688,-66.52118682861328,168.90981142112824,-208.11634898623876,-66.53008754904508,0.37474498439766485,0.35408430729971496,0.048368582641867365,3.5059211447646804e-05,16.910467248067736,35.079681280781614,nan,0.02970345451446559,nan
470.73,168.54925537109375,-208.21397399902344,-66.52265167236328,168.91280144605307,-208.1250304886955,-66.53167456052974,0.37437696130857884,0.35413419379824,0.04838470523760894,3.5763495394210086e-05,16.85400638471834,35.78841074921829,nan,nan,nan
470.74,168.5526885986328,-208.22267150878906,-66.52408599853516,168.9157912146695,-208.1336446525116,-66.5321952471682,0.37394525110599186,0.35418416251438434,0.04840088062854657,3.5060895395284155e-05,16.382329658943046,34.51995639698004,nan,0.7578992132817537,nan
470.75,168.55618286132812,-208.23135375976562,-66.5254898071289,168.8939800851458,-208.13033713818584,-66.53373369253308,0.35267447299299737,0.3541185427200065,0.048397488285354825,3.574360756048377e-05,16.71634393302274,35.94529842504605,7.368057766503877,nan,nan
470.76,168.5597381591797,-208.2400360107422,-66.52686309814453,168.8971731036475,-208.1390552767529,-66.53628627488767,0.3523467704477269,0.35416829554741863,0.04841368511214649,3.504207218921299e-05,17.27693136268999,36.577782074451946,nan,0.790286058764607,nan
470.77,168.56329345703125,-208.2487335205078,-66.52821350097656,168.90033115078174,-208.14770606874865,-66.53776342819489,0.35198317307433047,0.3542181400754745,0.04842994636549528,3.5746283236447974e-05,17.22582102200236,35.87442202679558,nan,nan,nan
470.78000000000003,168.56680297851562,-208.25741577148438,-66.529541015625,168.90348110943978,-208.15637090316523,-66.53945346358684,0.35165392914172533,0.3542680669653756,0.04844626115404477,3.50449286744127e-05,17.409247951998875,36.45568967166271,nan,0.040289718386522844,nan
470.79,168.57025146484375,-208.26609802246094,-66.53083801269531,168.9065714847887,-208.16502026307623,-66.5408808368039,0.3513242484857679,0.3543180857298051,0.04846264043434884,3.574954591392147e-05,17.358886650769364,36.11855534249337,nan,nan,nan
470.8,168.5736541748047,-208.2747802734375,-66.5321044921875,168.89925898964452,-208.1767654738487,-66.54080263526554,0.3401485764755217,0.3542523799717875,0.04845923613984969,3.502720960250644e-05,15.77463162077013,36.50461782967778,7.581535279967906,1.4821568764729531,nan
470.81,168.5769805908203,-208.28346252441406,-66.5333480834961,168.9022066980808,-208.18543766322483,-66.54216500778236,0.3397920428862936,0.35430218248663503,0.048475636068513225,3.573136132044637e-05,15.722920139133548,35.87360070698761,nan,nan,nan
470.82,168.5802459716797,-208.2921600341797,-66.5345687866211,168.90513660277114,-208.19415793233645,-66.54432564065364,0.3394901034453058,0.3543520675111294,0.048492090246981444,3.5031089095470677e-05,16.19948241257371,35.63563800937059,nan,0.4765607140820773,nan
470.83,168.5834503173828,-208.30084228515625,-66.5357666015625,168.90795630024283,-208.20282920073794,-66.5456487151492,0.3391288159358884,0.3544020440776777,0.04850860872877387,3.5735656080917895e-05,16.147719548707407,36.450106475755774,nan,nan,nan
470.84000000000003,168.5865936279297,-208.3095245361328,-66.53694152832031,168.9107637197723,-208.211553964525,-66.54787897522763,0.33882755066737824,0.35445210356063334,0.04852518195903522,3.503544679186045e-05,16.762630251977725,37.11787003683889,nan,0.6098629578107878,nan
470.85,168.5896759033203,-208.31820678710938,-66.5380859375,168.9234992097225,-208.21991517634774,-66.5491310305421,0.3481683999499654,0.3543863210906632,0.048521772374429964,3.571843995176865e-05,17.219117566066735,36.74369912274912,2.8859475566998567,nan,nan
470.86,168.5926971435547,-208.32688903808594,-66.53921508789062,168.9261464443927,-208.22856977226482,-66.5503105478349,0.34781923968111256,0.3544361642070626,0.04853836591149303,3.501910455163869e-05,17.25297248972084,36.69808384236803,nan,0.004989787780989518,nan
470.87,168.5956573486328,-208.3355712890625,-66.54032135009766,168.92873773604276,-208.23722898745174,-66.55155159366905,0.34747643248706267,0.3544860985306619,0.04855502358182652,3.572362740526053e-05,17.201975408087534,36.59087382397883,nan,nan,nan
470.88,168.59854125976562,-208.34425354003906,-66.54139709472656,168.9313453202309,-208.24596595872268,-66.55418087156856,0.34724978942187734,0.3545361159202874,0.04857173667839347,3.502429317718267e-05,18.272817305202032,37.056558027588196,nan,1.4007604414202317,nan
470.89,168.6013946533203,-208.35293579101562,-66.5424575805664,168.93381893083998,-208.25462500992052,-66.55539396091076,0.3468980540452981,0.35458622468778733,0.04858851399861739,3.5729232487526514e-05,18.22473331101211,37.97500585496819,nan,nan,nan
470.90000000000003,168.6041717529297,-208.3616180419922,-66.54350280761719,168.94819144870544,-208.26248330320763,-66.55590263920892,0.3582331689542855,0.35452035709370533,0.04858508608808787,3.500872752803682e-05,18.53704170300666,36.39531043787369,4.441156965036361,0.31958824150558124,nan
470.91,168.60690307617188,-208.37030029296875,-66.54451751708984,168.95057636852607,-208.27112747180158,-66.557068521599,0.3579163422505576,0.3545702491279958,0.0486018829115601,3.571320838877008e-05,18.49134224728746,36.759126391258796,nan,nan,nan
470.92,168.6095733642578,-208.3789825439453,-66.54551696777344,168.95279604655138,-208.27965973473854,-66.5560944521912,0.35746148498282476,0.35462022437638097,0.04861873581193248,3.501462783728438e-05,17.2116099006574,35.16642128139067,nan,3.1717912640504906,nan
470.93,168.61219787597656,-208.38766479492188,-66.54649353027344,168.9550724459836,-208.2883034086826,-66.55720042090731,0.35714183924590837,0.35467029066789424,0.04863565279569468,3.5719529181780835e-05,17.16147254808895,35.39989663931844,nan,nan,nan
470.94,168.61476135253906,-208.39634704589844,-66.54745483398438,168.95722262529839,-208.29687325162666,-66.55685182836287,0.3567394884087095,0.35472044057977387,0.048652626328440404,3.5020861704526324e-05,16.409966583226712,34.29540665153513,nan,1.4542341860228585,nan
470.95,168.61727905273438,-208.40501403808594,-66.54839324951172,169.00257473674267,-208.33462929735046,-66.55789878376144,0.3917870991051076,0.3546544958947724,0.04864918457544685,3.570417157480485e-05,14.847387419395673,34.629321547401624,44.89253702756258,nan,nan
470.96000000000004,168.6197509765625,-208.4136962890625,-66.54930877685547,169.00472229084536,-208.34332283904868,-66.55826232026871,0.39145306388783885,0.35470442895106435,0.048666177194764376,3.500623769074131e-05,14.543041303870037,33.61510615702365,nan,0.31996523439943947,nan
470.97,168.62216186523438,-208.42237854003906,-66.55021667480469,169.00685417951797,-208.35204986770435,-66.55927478365614,0.3911730411943006,0.3547544527179648,0.04868323377667552,3.5711098340408276e-05,14.487615996815455,33.06574188122059,nan,nan,nan
470.98,168.62452697753906,-208.43106079101562,-66.55110168457031,169.0088004715515,-208.36064173659457,-66.55750799366665,0.39072497005223034,0.35480456024837426,0.04870034751987396,3.501303374700848e-05,13.299408401528181,31.964432618313893,nan,5.382745421060871,nan
470.99,168.62686157226562,-208.4397430419922,-66.55196380615234,169.0108363360413,-208.36936867028743,-66.5584587176112,0.39042458335034375,0.3548547586627146,0.04871752534301337,3.571830998359445e-05,13.245117787988526,32.51087345876152,nan,nan,nan
471.0,168.62913513183594,-208.44842529296875,-66.55281829833984,169.00246233875572,-208.37551594235438,-66.55864080428951,0.3804246027914975,0.3547887296532779,0.04871405860463583,3.4998931166045874e-05,12.846362984496565,31.960802256863797,1.0609279226379122,0.3691470516185348,nan
471.01,168.63136291503906,-208.4571075439453,-66.55364990234375,169.00438767092928,-208.3842421470864,-66.55955084595654,0.38012058047661657,0.3548387108457046,0.04873125469750687,3.570374592358457e-05,12.79095300566831,31.918151814896575,nan,nan,nan
471.02,168.633544921875,-208.46578979492188,-66.5544662475586,169.0063819797208,-208.39307893524023,-66.56282215040939,0.3799528417201386,0.35488877593940277,0.048748508536654744,3.500619675057412e-05,13.74845174368607,32.824921871883326,nan,3.9885075400887073,nan
471.03000000000003,168.6356964111328,-208.47447204589844,-66.55525970458984,169.00821825909586,-208.4018057859956,-66.56372469548164,0.3796374172929539,0.35493893159059753,0.04876582636544346,3.5711427954081966e-05,13.698337849323522,33.28992494874208,nan,nan,nan
471.04,168.63778686523438,-208.483154296875,-66.55604553222656,169.01003318846887,-208.4105537282943,-66.56507387533206,0.3793674718515928,0.3549891715439477,0.04878320238530806,3.5013684150784044e-05,13.95864881371297,32.83483166758285,nan,0.1503288641016133,nan
471.05,168.6398468017578,-208.49183654785156,-66.55681610107422,169.0247898079297,-208.42244751718772,-66.56589271901551,0.3912522722877968,0.3549230650463195,0.048779713259700035,3.569729861043597e-05,14.089546398501234,32.80957728852546,1.7800147692675408,nan,nan
471.06,168.64186096191406,-208.50051879882812,-66.55756378173828,169.02650539281137,-208.43116022425178,-66.56639312917466,0.39094744846811574,0.35497308764567626,0.048797107059097664,3.5000188848541673e-05,13.94812687123689,32.54144466237374,nan,0.09231786634571333,nan
471.07,168.6438446044922,-208.5092010498047,-66.55830383300781,169.02819693492714,-208.4398889299337,-66.56723735411688,0.390654184248928,0.35502320048166086,0.048814564777063564,3.5705366930432996e-05,13.894901968983387,32.78032988206705,nan,nan,nan
471.08,168.64578247070312,-208.51788330078125,-66.55902862548828,169.02985061624446,-208.4486196928961,-66.56811231841598,0.3903694420341225,0.3550733977477803,0.04883208123318484,3.50080331562256e-05,13.9561595452371,32.61181945977997,nan,0.0014027988033722349,nan
471.09000000000003,168.64767456054688,-208.5265655517578,-66.55973815917969,169.03146345427984,-208.45734861086288,-66.56892954117379,0.39008894032334546,0.35512368543077816,0.04884966175226179,3.571361915850358e-05,13.904693367027656,32.29642018598608,nan,nan,nan
471.1,168.6495361328125,-208.53524780273438,-66.56043243408203,169.04080479854244,-208.46908395833668,-66.56783946731112,0.3968925386409091,0.35505749534838604,0.04884614071611899,3.499486645455726e-05,13.057361042586336,31.557519312672028,1.710869353591138,2.116946269956712,nan
471.11,168.6513671875,-208.54393005371094,-66.56111145019531,169.04235521328096,-208.47781930333443,-66.56860971241049,0.396608738627482,0.35510756531591925,0.04886373818566975,3.56999819969039e-05,13.004428786026029,31.732498116404457,nan,nan,nan
471.12,168.6531524658203,-208.5526123046875,-66.56177520751953,169.04385583006774,-208.48654289467214,-66.56907016715002,0.3963174260741599,0.35515771983355887,0.04888139491407146,3.5002997673801125e-05,12.8904284543878,31.31427671969821,nan,0.06229663784112845,nan
471.13,168.6549072265625,-208.56130981445312,-66.56243133544922,169.0453332195884,-208.49527869321275,-66.56981221889134,0.3960391930641551,0.3552079644574498,0.04889911566379533,3.570852024597861e-05,12.837894511529376,30.57742594169548,nan,nan,nan
471.14,168.6566162109375,-208.5699920654297,-66.56307220458984,169.04674927905336,-208.50399108609616,-66.56993733422895,0.3957361117151667,0.3552582940235447,0.048916896090636534,3.501126711398704e-05,12.599644870942846,30.83234144836211,nan,0.25820315066238503,nan
471.15000000000003,168.65829467773438,-208.57867431640625,-66.5636978149414,169.05799754321237,-208.5011961952957,-66.57058114384661,0.4072009579298095,0.35519202606241734,0.04891334415046027,3.569514559125068e-05,14.209887177952083,30.299840736532634,26.655731990343885,nan,nan
471.16,168.65994262695312,-208.5873565673828,-66.56431579589844,169.0592926132752,-208.50977969376223,-66.56872976995516,0.4068391156995139,0.35524213776843744,0.04893114096702227,3.499845901278859e-05,13.380623587960494,29.557443846111074,nan,4.594003270650902,nan
471.17,168.66156005859375,-208.59603881835938,-66.5649185180664,169.06066151211994,-208.51846047575773,-66.5693921746286,0.40659609325541723,0.3552923392778402,0.048949001781251646,3.570390730376874e-05,13.32604332366852,29.605106829980247,nan,nan,nan
471.18,168.66314697265625,-208.60472106933594,-66.56551361083984,169.06199237232343,-208.52713681220808,-66.56991261653201,0.40634507630932815,0.35534262583647436,0.04896692275731822,3.500693375651072e-05,13.25994176264686,29.597069495352535,nan,0.01207401438295098,nan
471.19,168.66470336914062,-208.61341857910156,-66.56608581542969,169.06329657270237,-208.53581840731047,-66.57055162556955,0.40610130761649466,0.3553930023885176,0.04898490790126723,3.571277874293727e-05,13.209107636408051,28.89115516912302,nan,nan,nan
471.2,168.66622924804688,-208.62210083007812,-66.56665802001953,169.07646447958913,-208.55618151193318,-66.57202475306053,0.4155323134567991,0.35532665150938736,0.048981316885347334,3.4994313577593854e-05,12.660316970212053,29.78672099014912,8.285650947368126,0.6115224173927467,nan
471.21000000000004,168.66770935058594,-208.6307830810547,-66.56721496582031,169.07772041311097,-208.56490092165976,-66.57264994496983,0.4153059948011808,0.3553768098478034,0.04899931757751973,3.569967622764768e-05,12.60746641150574,29.271646201469867,nan,nan,nan
471.22,168.66917419433594,-208.63946533203125,-66.56775665283203,169.0789432790899,-208.57361812328173,-66.5731918488006,0.4150615605852098,0.35542705333289043,0.049017378891616364,3.500294239840709e-05,12.566393303649855,29.72200471445257,nan,0.003760692570690264,nan
471.23,168.6706085205078,-208.64816284179688,-66.56829071044922,169.08013954059763,-208.58233820854682,-66.57379598421258,0.4148238744304855,0.3554773865213178,0.049035504377041836,3.5708700130055356e-05,12.515437016228384,28.801602314738137,nan,nan,nan
471.24,168.67201232910156,-208.65684509277344,-66.56881713867188,169.08124890366037,-208.5910081424311,-66.57289043044513,0.4145185999359666,0.3555278052376418,0.0490536908779365,3.501164922994997e-05,12.083489328313359,29.11225026475917,nan,1.5874031163977946,nan
471.25,168.6733856201172,-208.66552734375,-66.56932830810547,169.06675904032002,-208.59896183719442,-66.57347301637547,0.3989872090577842,0.3554613761136019,0.049050060482413074,3.569573703333856e-05,11.526571071327067,29.450952258737914,4.211876385370055,nan,nan
471.26,168.6747283935547,-208.67422485351562,-66.56983184814453,169.06778182541325,-208.6076424988828,-66.57247705958633,0.398661770662571,0.3555115764575922,0.04906826190414727,3.499920970682118e-05,11.190447379577538,28.186222634513676,nan,1.710487517839331,nan
471.27,168.67605590820312,-208.6829071044922,-66.57032775878906,169.06883631669126,-208.6163741680444,-66.57301280158774,0.3983846010820506,0.3555618662238304,0.04908652751669614,3.570486841645405e-05,11.135866926144086,29.338438438421836,nan,nan,nan
471.28000000000003,168.67735290527344,-208.69158935546875,-66.57080841064453,169.06986475159275,-208.6251068323105,-66.57355719439948,0.3981118325277589,0.3556122416007378,0.04910485457177433,3.5008014336493155e-05,11.093581254834003,29.208291651016502,nan,0.0002164258046997819,nan
471.29,168.67861938476562,-208.70028686523438,-66.57128143310547,169.07086636558523,-208.63383931804515,-66.57407557438471,0.3978451680177228,0.35566270660131666,0.049123246011590016,3.571405727104248e-05,11.042080077759582,28.164793031043963,nan,nan,nan
471.3,168.6798553466797,-208.70896911621094,-66.57174682617188,169.05034381807093,-208.63348819612418,-66.57422758235121,0.37810743298986266,0.35559619514647695,0.04911956916512782,3.499566445057431e-05,11.06650428797429,29.140127326651832,4.561865022059268,0.12743779712742886,nan
471.31,168.6810760498047,-208.71766662597656,-66.57220458984375,169.05125985520638,-208.64220310071914,-66.57472615925657,0.3778057063336398,0.3556464414308958,0.04913797467074058,3.57012124222192e-05,11.014653807287692,28.5914824988389,nan,nan,nan
471.32,168.68228149414062,-208.72634887695312,-66.57264709472656,169.05214363951097,-208.65091196588148,-66.57500174380243,0.3774841433785779,0.35569677339845146,0.049156442023585246,3.500453073957063e-05,10.939193747079695,29.703657396181967,nan,0.032562753966308575,nan
471.33,168.68344116210938,-208.73504638671875,-66.57308197021484,169.05301087853624,-208.6596275588806,-66.57548192796779,0.3771942930235435,0.3557471947226189,0.049174973804581794,3.571046130276088e-05,10.888902531831592,28.089695412528148,nan,nan,nan
471.34000000000003,168.68470764160156,-208.7437286376953,-66.57361602783203,169.05397560055673,-208.66839822310288,-66.57793355653584,0.37689804712639124,0.3557977020992784,0.04919356780414109,3.501343368543023e-05,11.202565124458832,29.905163385477753,nan,2.6219912463427093,nan
471.35,168.68603515625,-208.75242614746094,-66.5742416381836,169.04442978244256,-208.672401146057,-66.57851333966119,0.36724509032377683,0.3557311120689757,0.049189843151826035,3.569767211351348e-05,11.225767347762801,28.452700870237813,1.259458238972512,nan,nan
471.36,168.68746948242188,-208.7611083984375,-66.57495880126953,169.04545538463765,-208.68108734553348,-66.5784813882977,0.3668374077332894,0.3557814005561332,0.04920845052767618,3.500114320203278e-05,11.012117184078221,29.849821988210724,nan,0.41011500146977764,nan
471.37,168.68898010253906,-208.76980590820312,-66.57575988769531,169.0465899522841,-208.68979463469967,-66.5792964007885,0.3664684371773071,0.35583177814225153,0.04922712238878167,3.570694994700452e-05,10.952901491948163,28.839014851668857,nan,nan,nan
471.38,168.69056701660156,-208.7784881591797,-66.57666015625,169.04776310166721,-208.6984669940113,-66.57886822662225,0.3660564241150563,0.355882241838093,0.04924585684367601,3.501007159340882e-05,10.685892691920126,29.063310014900356,nan,1.2566701172669943,nan
471.39,168.69223022460938,-208.7871856689453,-66.57764434814453,169.04906148062975,-208.70717447675352,-66.5798513578522,0.3656982458815968,0.3559327948463451,0.04926465599877311,3.571625040529324e-05,10.628990038697223,28.090214312007653,nan,nan,nan
471.40000000000003,168.69398498535156,-208.79586791992188,-66.57872009277344,169.06422138179872,-208.7288894489335,-66.58052470809358,0.37625039729755594,0.3558661229913448,0.04926087734300596,3.499780588803705e-05,9.805693942251235,29.099169732449653,8.882527084091567,0.09110065465141842,nan
471.41,168.69581604003906,-208.8045654296875,-66.57987976074219,169.06569679053575,-208.73763693533073,-66.58168099552807,0.37589152343676724,0.35591645677678135,0.04927968900416846,3.57034777722924e-05,9.750062198793538,28.129599339448692,nan,nan,nan
471.42,168.69772338867188,-208.81326293945312,-66.58112335205078,169.06724733371468,-208.74638175660232,-66.58281345924246,0.3755314834229443,0.35596687671882205,0.04929856361453422,3.50067353370425e-05,9.687688098061157,28.02193814850348,nan,0.008746613799347476,nan
471.43,168.69970703125,-208.8219451904297,-66.58245086669922,169.06887896643312,-208.7551291658296,-66.58414256187433,0.375173507463911,0.35601738572984887,0.0493175030025123,3.571277808253295e-05,9.632043267947038,28.764638103721637,nan,nan,nan
471.44,168.70176696777344,-208.8306427001953,-66.58386993408203,169.0706382800569,-208.76391552359695,-66.58722638660684,0.37487308105018985,0.3560679812548168,0.049336505691699895,3.50156748224927e-05,9.821178137615341,27.987151991972407,nan,1.9659543964118922,nan
471.45,168.7039031982422,-208.83932495117188,-66.58536529541016,169.0485902951745,-208.7625149243232,-66.58869763363016,0.3531573013462081,0.35600123053544486,0.04933267085779118,3.570000786080197e-05,9.885835003829285,29.361077304269894,5.461600854010354,nan,nan
471.46000000000004,168.70611572265625,-208.8480224609375,-66.58694458007812,169.0504617114135,-208.77127983190783,-66.59199555749126,0.35283013399711805,0.35605160664986935,0.04935168530619661,3.500339129063025e-05,10.251528044599734,28.925417625510576,nan,2.0400066193483624,nan
471.47,168.70840454101562,-208.85671997070312,-66.58860778808594,169.05235663896403,-208.7800063183314,-66.59369303785033,0.3524399096420318,0.35610207159909985,0.04937076462078488,3.570928760095497e-05,10.194895173524495,28.897759762290075,nan,nan,nan
471.48,168.71075439453125,-208.8654022216797,-66.59034729003906,169.05432357242785,-208.78873169141394,-66.59542947205775,0.35205678346801567,0.3561526230942192,0.049389907566329105,3.5012310999003964e-05,10.155776888977012,29.283220958153755,nan,0.0012839772286839773,nan
471.49,168.71319580078125,-208.8740997314453,-66.5921630859375,169.056364202315,-208.7974577204754,-66.59728878906124,0.35166009510499174,0.35620326364949106,0.04940911561107206,3.5718568494227766e-05,10.102013104502312,29.12394163727411,nan,nan,nan
471.5,168.7156982421875,-208.88278198242188,-66.59403991699219,169.05866622153744,-208.80422990404995,-66.59835547802129,0.35187510276080003,0.35613643153280666,0.0494052190775776,3.5000012881239434e-05,10.052655606052648,29.182343370124567,0.8354920125296201,0.4081024061209642,nan
471.51,168.71826171875,-208.8914794921875,-66.59593200683594,169.06085145671744,-208.81294773331092,-66.600311460582,0.3515026960465097,0.35618685235473846,0.049424437994260224,3.570575298713467e-05,10.007280108758868,27.899519939651544,nan,nan,nan
471.52,168.7209014892578,-208.90016174316406,-66.59780883789062,169.0631302062698,-208.82168225785665,-66.6031254519486,0.3511520906200357,0.35623735974460147,0.049443720854445844,3.500889726202376e-05,10.22580096794221,29.134475142932537,nan,0.520118232254969,nan
471.53000000000003,168.72361755371094,-208.9088592529297,-66.59965515136719,169.06545460493413,-208.8303993805217,-66.60507107708486,0.3507675204727859,0.3562879559740923,0.04946306891894723,3.5714998025364355e-05,10.189373636921545,28.61203441757408,nan,nan,nan
471.54,168.7263946533203,-208.91754150390625,-66.60147857666016,169.06784741488315,-208.83911623449075,-66.60698973818228,0.35038676368136856,0.3563386401239591,0.049482481774565365,3.643542918244143e-05,10.150532836876167,28.96136245763705,nan,nan,nan
471.55,168.72923278808594,-208.92623901367188,-66.60326385498047,169.09104194287667,-208.8536090738503,-66.60902050571003,0.3690719600247276,0.35627172889657116,0.04947852074710963,3.71464568024417e-05,10.367254912375904,27.499578510319893,4.592869238798578,nan,nan
471.56,168.73214721679688,-208.93492126464844,-66.60501861572266,169.09357741026915,-208.86231178818474,-66.6098098473722,0.36868262330418644,0.35632219202733606,0.0494979431253662,3.636390842559139e-05,10.05563192416208,28.221866503900213,nan,0.7460260691434278,nan
471.57,168.73512268066406,-208.943603515625,-66.60673522949219,169.0962066418496,-208.87103363459227,-66.61162430908001,0.36833669075691255,0.35637274386341833,0.0495174308604606,3.709653414945228e-05,10.018376319288695,28.062569214666368,nan,nan,nan
471.58,168.73817443847656,-208.95230102539062,-66.6084213256836,169.09890315286174,-208.87975642771556,-66.61348357974997,0.36798580196802466,0.356423382550412,0.049536983130455695,3.631667937466458e-05,10.030617814331386,27.544346637212406,nan,0.003962582373476103,nan
471.59000000000003,168.74127197265625,-208.9609832763672,-66.61006927490234,169.10166226375807,-208.8884774846528,-66.61523323017107,0.3676478181447598,0.3564741101726007,0.04955660100153025,3.7048020516331704e-05,9.995259610032369,27.74046706160135,nan,nan,nan
471.6,168.74444580078125,-208.96966552734375,-66.61168670654297,169.0971259618489,-208.8943620511115,-66.61828473412086,0.3606902320707829,0.35640711783740336,0.04955257043683369,3.624815022617523e-05,10.455416300220158,28.686263896299483,1.5508202854522268,1.4710617658725769,nan
471.61,168.7476806640625,-208.97836303710938,-66.61327362060547,169.09999999777986,-208.90307747807836,-66.61998272127484,0.3603357328124002,0.35645762521213564,0.049572197474216276,3.697735703845792e-05,10.423667855013445,27.72040395138639,nan,nan,nan
471.62,168.7509765625,-208.98704528808594,-66.61483001708984,169.1028881694923,-208.9117602041918,-66.61961652665029,0.3599062845611667,0.3565082194485177,0.04959188932919237,3.620372049510751e-05,9.790157742766317,27.763847188738787,nan,2.724340704629921,nan
471.63,168.75433349609375,-208.9957275390625,-66.6163558959961,169.105886543695,-208.9204745108291,-66.62123297252202,0.3595502042990062,0.3565589024089455,0.04961164690521192,3.69317869903597e-05,9.752678448911972,27.654945917077768,nan,nan,nan
471.64,168.75775146484375,-209.00440979003906,-66.61784362792969,169.10893162069019,-208.92917902720745,-66.62219505578847,0.3591741979332072,0.35660967257132936,0.049631469623996255,3.616067952092095e-05,9.583842660035055,27.591273002178287,nan,0.25789352878521254,nan
471.65000000000003,168.76123046875,-209.01309204101562,-66.61930847167969,169.10657730513853,-208.94011296488497,-66.62380568411804,0.3530022774376456,0.35654260098874596,0.049627366339772,3.686429662227578e-05,9.214289570776376,27.72644716060485,1.7657553502224768,nan,nan
471.66,168.76475524902344,-209.0217742919922,-66.62074279785156,169.11499513248344,-208.93803778327919,-66.62439069206742,0.3601292628900507,0.3563644650291515,0.048689868145233094,3.609493328302206e-05,13.952640384752607,31.968983995034343,nan,0.6032697134562198,0.12154697411788758
471.67,168.7683563232422,-209.03045654296875,-66.62214660644531,169.11822874956644,-208.94674166011572,-66.62587799979136,0.35976773008348006,0.3564144228887659,0.04870598389807122,3.681996197709548e-05,13.891634838821256,32.55174237649172,nan,nan,nan
471.68,168.77200317382812,-209.0391387939453,-66.62352752685547,169.12151723526134,-208.95541205810576,-66.62665687688697,0.35941624652414345,0.3564644676130828,0.04872215434690712,3.605481256501896e-05,13.715517973120642,31.830403470998576,nan,0.3083078795599561,nan
471.69,168.7757110595703,-209.04782104492188,-66.6248779296875,169.124866492864,-208.96411468921718,-66.6280833220972,0.3590634277176583,0.35651459941407504,0.048738386695768854,3.677889605262247e-05,13.6539333880187,31.906585342783984,nan,nan,nan
471.7,168.77947998046875,-209.05650329589844,-66.6261978149414,169.0787287175066,-208.9583372465087,-66.62798820343497,0.3149437812729403,0.35644766539708556,0.04873477946549131,3.599386540849853e-05,12.924448428946672,33.331427181958794,21.977772049522837,1.465902665871788,nan
471.71000000000004,168.78329467773438,-209.065185546875,-66.62749481201172,169.0820983894251,-208.96702400368702,-66.62934773259147,0.3145199198713541,0.35649757927238523,0.04875103213186743,3.6716159304978204e-05,12.860208431308344,33.320290322435,nan,nan,nan
471.72,168.78707885742188,-209.07386779785156,-66.62876892089844,169.08548319623875,-208.97574664063094,-66.63147798284479,0.31413412730182894,0.356547579931947,0.04876734012668869,3.595659766516446e-05,12.904407607436768,32.770389221516716,nan,0.4233745892766115,nan
471.73,168.7908172607422,-209.08255004882812,-66.63001251220703,169.0888331006546,-208.98443217747587,-66.63279550872909,0.3137647248927751,0.35659766756705247,0.04878370992834948,3.667807238727242e-05,12.846049583970627,32.78449106718208,nan,nan,nan
471.74,168.7945098876953,-209.0912322998047,-66.63123321533203,169.0921302773335,-208.9931178249202,-66.6341032371152,0.3133888695140235,0.3566478422798027,0.04880013551280493,3.5920730952748356e-05,12.798799826884212,33.188116490806564,nan,0.0001414315501176002,nan
471.75,168.79812622070312,-209.0998992919922,-66.63243103027344,169.0840688088072,-209.00315446220083,-66.6353289375311,0.3018793196783837,0.35658084071341456,0.04879652598810758,3.661846750389083e-05,12.098891494082677,34.08373594037779,5.381928918535345,nan,nan
471.76,168.80166625976562,-209.10858154296875,-66.63359832763672,169.08720980925023,-209.01182425211223,-66.63586001977306,0.30149992908370077,0.35663079729398195,0.04881297154189154,3.586422313811028e-05,11.948396257094617,32.87583444943528,nan,0.34326721735767046,nan
471.77,168.80514526367188,-209.1172637939453,-66.63475036621094,169.09028460172763,-209.02052457976157,-66.6370763302739,0.30111181939038073,0.35668084075085643,0.04882947883306251,3.658332609372183e-05,11.889868592872334,32.92974891249096,nan,nan,nan
471.78000000000003,168.80856323242188,-209.1259307861328,-66.63587188720703,169.09328922209622,-209.0292006177278,-66.63771026641619,0.3007141405285269,0.356730971200934,0.048846042495098094,3.583117545673895e-05,11.77081495098092,34.0509522056228,nan,0.2112511472706112,nan
471.79,168.81190490722656,-209.13461303710938,-66.63697814941406,169.09622750701394,-209.03790017432,-66.6388770956958,0.30032702937922645,0.35678118881299054,0.04886266803138036,3.654962480608709e-05,11.712080115993535,32.65326497988846,nan,nan,nan
471.8,168.815185546875,-209.14329528808594,-66.6380615234375,169.10994852351848,-209.05777090205976,-66.63628921978736,0.3069247042274534,0.35671411969272526,0.04885904670423359,3.577760130241597e-05,10.840397464686324,32.837811109289724,9.76425670593463,9.636969539516157,nan
471.81,168.8184051513672,-209.15196228027344,-66.63912200927734,169.11276478694185,-209.06650810701214,-66.63737733987958,0.30651762535738275,0.356764118957296,0.04887569149870171,3.649455410864564e-05,10.771608431517896,33.79445139005939,nan,nan,nan
471.82,168.82154846191406,-209.16064453125,-66.6401596069336,169.11551844698093,-209.075281305848,-66.63934711147884,0.30611418216102143,0.3568142051282657,0.04889239322222419,3.574731804669184e-05,10.644768937403965,32.33350148491999,nan,0.5503188743675611,nan
471.83,168.8246307373047,-209.1693115234375,-66.64117431640625,169.11820675939722,-209.0840180148293,-66.64040391080395,0.30571630130427724,0.3568643783644186,0.04890915678525599,3.6463724776713214e-05,10.579254648960736,33.207555002839044,nan,nan,nan
471.84000000000003,168.82765197753906,-209.17799377441406,-66.64217376708984,169.12083794354467,-209.09285717860095,-66.64407106372084,0.3053028829601732,0.35691463879793545,0.04892597770111314,3.5718382710894747e-05,10.602369980710543,32.27132777997728,nan,4.684789079383296,nan
471.85,168.83062744140625,-209.18666076660156,-66.64315032958984,169.14502202601955,-209.11595012518669,-66.645169723712,0.3222546005817313,0.35684750216728167,0.048922345952636545,3.6411619501319785e-05,9.903933788039373,33.533948936417985,11.164025054627922,nan,nan
471.86,168.83352661132812,-209.19534301757812,-66.64411163330078,169.14756151026822,-209.1248351485389,-66.64902978355728,0.3218904558242039,0.356897544041319,0.048939185700187876,3.566902139687259e-05,10.409519614815796,32.377790011208745,nan,5.452900702387838,nan
471.87,168.8363800048828,-209.2040252685547,-66.64505004882812,169.1500380647728,-209.13361313988878,-66.6500667109901,0.32150336436257443,0.3569476728847774,0.04895608727328035,3.6383584530097746e-05,10.362320285941447,32.86009034396656,nan,nan,nan
471.88,168.8391571044922,-209.2126922607422,-66.6459732055664,169.15245582854365,-209.14234233045443,-66.64975772090452,0.3211222909424267,0.35699788883605643,0.0489730467173908,3.564275200873418e-05,10.011135142732234,32.538430398566994,nan,1.1998490905994428,nan
471.89,168.84190368652344,-209.22137451171875,-66.6468734741211,169.15481908557675,-209.15112023273883,-66.65074584085055,0.3207283989667386,0.3570481920444577,0.04899006815300563,3.635690755222066e-05,9.961383553763394,32.63600567859018,nan,nan,nan
471.90000000000003,168.84457397460938,-209.23004150390625,-66.64775848388672,169.18708816481737,-209.1666956510544,-66.6532896260557,0.34836656139913774,0.35698098790892896,0.04898641787618638,3.559612187085512e-05,10.82653893614511,32.03947746908222,10.347118700354837,2.052590985217254,nan
471.91,168.8472137451172,-209.2387237548828,-66.64862823486328,169.1893957779966,-209.17547444886767,-66.65425757609968,0.348024004660075,0.35703107234122855,0.04900345742036997,3.630902568833155e-05,10.77977859312134,31.86244899707157,nan,nan,nan
471.92,168.8497772216797,-209.2473907470703,-66.64947509765625,169.19165147656014,-209.18429646300234,-66.6564590774951,0.347717803407452,0.35708124379015765,0.04902055532698435,3.557242933084253e-05,11.217780792827824,32.40179472563862,nan,1.067495063467022,nan
471.93,168.85231018066406,-209.25607299804688,-66.65030670166016,169.19385458417753,-209.19307534682423,-66.65740683849594,0.3473783176509824,0.35713150240177316,0.04903771524140019,3.628501522253893e-05,11.17655799046957,32.167511048601696,nan,nan,nan
471.94,168.8547821044922,-209.26473999023438,-66.651123046875,169.19600679372033,-209.20184287606213,-66.65799168168377,0.3470410835249545,0.35718184831948196,0.049054933914909594,3.554998655457581e-05,11.054048483826202,32.52507195552183,nan,0.08255809170627196,nan
471.95,168.85719299316406,-209.27342224121094,-66.65192413330078,169.19154815895521,-209.20402006785812,-66.65888042581918,0.34155296597002943,0.3571145766905082,0.04905126509519506,3.623984861478358e-05,11.448686672230592,31.083497737964596,2.9590070598093043,nan,nan
471.96000000000004,168.8595733642578,-209.28208923339844,-66.6527099609375,169.19359488128163,-209.21279154910712,-66.66020030692518,0.3412164242325444,0.357164703615555,0.04906850137788503,3.550721959395406e-05,11.63332593904892,32.75597440880962,nan,0.12202654598699117,nan
471.97,168.86190795898438,-209.290771484375,-66.65347290039062,169.19559364767545,-209.22154963218387,-66.66108771619861,0.34087503440087663,0.35721491760926116,0.04908579970234612,3.621839888390504e-05,11.595785359477091,32.04706508065258,nan,nan,nan
471.98,168.8641815185547,-209.2994384765625,-66.65422821044922,169.19754559823974,-209.23035597630755,-66.66348686073582,0.3405726414010205,0.35726521881604667,0.04910315724189756,3.548721363536633e-05,12.351181196669062,32.96274470014383,nan,1.5991227051328414,nan
471.99,168.86642456054688,-209.30812072753906,-66.65496826171875,169.19945191537116,-209.23911444646671,-66.66436086726188,0.3402312550715799,0.3573156073804133,0.04912057701476625,3.619818786171099e-05,12.31478968543661,32.55888791769691,nan,nan,nan
472.0,168.8686065673828,-209.31680297851562,-66.65568542480469,169.21785925146514,-209.25334902798292,-66.66463791177164,0.3550830722518495,0.3572482682573767,0.04911688266436811,3.544691222998236e-05,12.174674978226466,31.52695372072744,2.501489275978943,0.1853964081578695,nan
472.01,168.87075805664062,-209.32546997070312,-66.6563949584961,169.21970418820092,-209.2621158243063,-66.66547847880862,0.35476705165197275,0.3572984376104355,0.04913431930850375,3.615683440370823e-05,12.13674629195196,32.67766209903599,nan,nan,nan
472.02,168.87286376953125,-209.3341522216797,-66.65708923339844,169.2215064076921,-209.2708391682307,-66.66481346790964,0.3544289712757233,0.35734869408242176,0.04915181560009171,3.5429233186414374e-05,11.481756098140032,31.071964388338646,nan,1.5340548022105052,nan
472.03000000000003,168.8749237060547,-209.3428192138672,-66.65777587890625,169.2232654524636,-209.27960648694548,-66.66561314250382,0.3541175565215485,0.3573990378184907,0.049169374184682965,3.613902342685932e-05,11.439212806064365,31.635759502335663,nan,nan,nan
472.04,168.876953125,-209.35150146484375,-66.65843963623047,169.22498368525146,-209.28834729546406,-66.66546188479653,0.35378387746462686,0.3574494689621071,0.0491869927898576,3.5412678013597854e-05,11.075371643195357,30.92273918537054,nan,0.6068959240340832,nan
472.05,168.87893676757812,-209.3601837158203,-66.65909576416016,169.2481103571709,-209.31079770984041,-66.66631901580661,0.3725322700167196,0.3573820623388976,0.049183271781318524,3.610008639628047e-05,10.54485599997439,30.540121044860626,9.467138838033916,nan,nan
472.06,168.88087463378906,-209.36886596679688,-66.65973663330078,169.24977670589436,-209.31963155204323,-66.66810665355061,0.37226714015435197,0.35743227405078026,0.049200906690911254,3.5375817684144494e-05,11.024444322517581,30.83275797448632,nan,0.7371002175203833,nan
472.07,168.88278198242188,-209.37753295898438,-66.66036224365234,169.25140498154724,-209.32843745588633,-66.66885969152094,0.3719751208466873,0.3574825729332182,0.049218603967784956,3.6084554188399844e-05,10.988115219373432,32.007568593093886,nan,nan,nan
472.08,168.8846435546875,-209.38621520996094,-66.66098022460938,169.25299572925377,-209.33722744933345,-66.6689839946562,0.3716815646947761,0.35753295912787175,0.04923636166675294,3.536142622286776e-05,10.743646165681124,30.49916201497477,nan,0.2634079742025512,nan
472.09000000000003,168.886474609375,-209.3948974609375,-66.66158294677734,169.25454828607593,-209.34603405743005,-66.66970797373867,0.37139181432228113,0.3575834327826507,0.04925418194657254,3.60701203189954e-05,10.707281279358279,30.720170928079252,nan,nan,nan
472.1,168.8882598876953,-209.403564453125,-66.66217041015625,169.2215346933173,-209.34613871800903,-66.67107630248985,0.3383033047935501,0.3575159586436408,0.049250428167013284,3.532673262031098e-05,10.683515013045811,32.642887494236895,11.107355972993766,0.3047498821065055,nan
472.11,168.8900146484375,-209.41224670410156,-66.66275024414062,169.22295378972828,-209.35494064247567,-66.67178423305131,0.3379557211501988,0.3575662126455627,0.04926826399579877,3.6034533562330624e-05,10.649012064523777,31.79577466518077,nan,nan,nan
472.12,168.89173889160156,-209.42092895507812,-66.66332244873047,169.22433708477544,-209.36374761046665,-66.67267191779914,0.3376072819800721,0.35761655386358027,0.04928616062762109,3.531438496253479e-05,10.805336472317295,32.046244376823104,nan,0.025175652035435984,nan
472.13,168.89341735839844,-209.4296112060547,-66.66387176513672,169.22568584602124,-209.37255034791593,-66.67336038125653,0.33726595326914005,0.35766698244817574,0.04930411993583173,3.602220183870409e-05,10.77602980678577,31.80527557730716,nan,nan,nan
472.14,168.89508056640625,-209.43829345703125,-66.66442108154297,169.2270005589452,-209.3813534810051,-66.67403873095583,0.336905834762694,0.35771749854088725,0.049322141201900836,3.674433924320948e-05,10.740165308993928,32.22352945325896,nan,nan,nan
472.15000000000003,168.89669799804688,-209.4469757080078,-66.66495513916016,169.19818705185637,-209.3793798095687,-66.67475572955497,0.3091292717049309,0.357649956870876,0.04931835265553657,3.7456953935455525e-05,10.703205674316461,32.56696596438225,7.818297743564138,nan,nan
472.16,168.89828491210938,-209.4556427001953,-66.66548156738281,169.19938812166868,-209.3881396127939,-66.67426705787535,0.3087021128188608,0.3577002530829013,0.04933638798084858,3.6651277536325754e-05,10.190488151484708,32.934106919334575,nan,0.847533101223777,nan
472.17,168.89984130859375,-209.46432495117188,-66.6659927368164,169.20055520253385,-209.39692564410504,-66.67490572356,0.30830334726434316,0.3577506365679603,0.04935448615114095,3.738526802389713e-05,10.156802413584682,32.11205522479758,nan,nan,nan
472.18,168.9013671875,-209.47300720214844,-66.66649627685547,169.2016899569967,-209.40572355214604,-66.67606516265019,0.30791625324292,0.35780110746013677,0.04937264577622774,3.65837455058337e-05,10.482254647742579,32.39387554467242,nan,0.1812737027260863,nan
472.19,168.90286254882812,-209.481689453125,-66.66698455810547,169.20279494171186,-209.41451021653396,-66.67669064245524,0.30751698847920955,0.3578516659151879,0.04939086847268741,3.731615002045003e-05,10.451794105145698,32.43408817775135,nan,nan,nan
472.2,168.90432739257812,-209.49037170410156,-66.66747283935547,169.20886739557884,-209.42591464923035,-66.67466327427952,0.3113695998403507,0.35778405667941326,0.04938703966426799,3.6495950451571066e-05,9.23946288387835,30.983663478816975,0.48405155622800444,4.318971664222003,nan
472.21000000000004,168.90576171875,-209.49905395507812,-66.6679458618164,169.20992044653914,-209.43470828924345,-66.67524403498436,0.31097614013555464,0.3578343950339708,0.049405276504976656,3.72259460648192e-05,9.20208150698024,30.970983129144464,nan,nan,nan
472.22,168.90716552734375,-209.5077362060547,-66.66841125488281,169.21094561411422,-209.44349247599706,-66.67532457251498,0.31057590365428644,0.3578848206982183,0.04942357514746343,3.643336586711299e-05,9.031860487766881,30.688564578688943,nan,0.15719667148757888,nan
472.23,168.90853881835938,-209.51641845703125,-66.66886138916016,169.21194130386777,-209.45228694666397,-66.67588343991888,0.3101857959860844,0.3579353338310924,0.049441936975386326,3.7161972483594784e-05,8.996027106347743,30.65861184551921,nan,nan,nan
472.24,168.91000366210938,-209.5251007080078,-66.6694107055664,169.21296327782574,-209.46109237004586,-66.67703257739993,0.30974132597040244,0.35798593456179606,0.049460360945861585,3.637317258980532e-05,9.213504041454964,31.092626315619057,nan,0.1952387404602004,nan
472.25,168.9115447998047,-209.53379821777344,-66.67005157470703,169.2296197229026,-209.47264742227466,-66.67769095175434,0.323989871100247,0.3579182577410926,0.04945648932070221,3.707708499272546e-05,9.422261942573318,29.42407295351815,2.767040397672398,nan,nan
472.26,168.91317749023438,-209.54248046875,-66.67078399658203,169.2308381076766,-209.48142153240858,-66.67743213519086,0.3235439063371113,0.35796863814458024,0.04947492675344123,3.629292875245894e-05,9.013406963368126,30.241313836025153,nan,0.7274215542931833,nan
472.27,168.91488647460938,-209.55116271972656,-66.6716079711914,169.23213484071943,-209.49021516723428,-66.67830822260254,0.3231192091523931,0.35801910592192676,0.04949342749638308,3.701810930712522e-05,8.956161550992718,29.98994714180488,nan,nan,nan
472.28000000000003,168.9166717529297,-209.55984497070312,-66.67252349853516,169.23351353792293,-209.49899500597544,-66.67849145856276,0.3226872347520986,0.35806966119921985,0.04951199070389637,3.6237490942944344e-05,8.674526503446737,29.52952842236793,nan,0.4042460728077295,nan
472.29,168.9185333251953,-209.5685272216797,-66.67353057861328,169.23496937839369,-209.50778886810932,-66.67954106801088,0.32226859813050635,0.35812030414020624,0.04953061746554859,3.696154260833481e-05,8.617680425942376,29.33890831178767,nan,nan,nan
472.3,168.92047119140625,-209.57720947265625,-66.67461395263672,169.228523673636,-209.51777650579479,-66.68188719326237,0.3138176371510498,0.3580525596801479,0.04952669799340188,3.616212473362177e-05,8.719978787941344,30.37557533663219,2.3073770071968704,0.8490372691355514,nan
472.31,168.92250061035156,-209.5858917236328,-66.67579650878906,169.23011873589783,-209.52658229431006,-66.68312682219046,0.31336919610222375,0.35810298206719965,0.049545337415389294,3.688422376205874e-05,8.663062913203051,30.60729566136606,nan,nan,nan
472.32,168.92459106445312,-209.59458923339844,-66.67705535888672,169.23179576228912,-209.53535534505272,-66.6824180574107,0.3129091536476992,0.35815349185590134,0.04956403960759956,3.6111281871292495e-05,7.953807997681068,28.59972253600376,nan,2.745101292864751,nan
472.33,168.9267578125,-209.603271484375,-66.67839813232422,169.23354279664568,-209.54416114860163,-66.68381082656083,0.3124745678473754,0.35820408921291996,0.04958280549398094,3.683241598904197e-05,7.903070759903422,29.46079360636236,nan,nan,nan
472.34000000000003,168.9290008544922,-209.61195373535156,-66.6798324584961,169.23536493654908,-209.552965085199,-66.68515942704745,0.31203683791393777,0.35825477425982755,0.0496016344761532,3.60626507971293e-05,7.844985074248373,29.298736573061674,nan,0.011117646240850917,nan
472.35,168.9313201904297,-209.62063598632812,-66.68134307861328,169.28121733649968,-209.57463072110048,-66.68664046599183,0.3529483808854066,0.3581869621381961,0.04959766407573836,3.67599491611005e-05,8.09584556085765,28.307186231762255,16.879136542480623,nan,nan
472.36,168.9337158203125,-209.6293182373047,-66.68293762207031,169.28326742996575,-209.5834178376602,-66.68599774282042,0.3525656518121207,0.35823742640177403,0.049616504982374125,3.599419096529161e-05,7.543203873173429,27.815076127115237,nan,3.482834844325767,nan
472.37,168.93617248535156,-209.6380157470703,-66.68461608886719,169.28538297318133,-209.59223803925147,-66.6876998466545,0.3522116876333617,0.35828797813768,0.04963540973070304,3.67127131829066e-05,7.494576711398674,26.42886382995126,nan,nan,nan
472.38,168.93870544433594,-209.64669799804688,-66.68637084960938,169.28756449745862,-209.60108288744627,-66.69127276621639,0.3518627659289641,0.3583386174648636,0.049654377860258406,3.59499021529274e-05,7.855367165019444,27.89769931247596,nan,2.140985446248227,nan
472.39,168.94131469726562,-209.65538024902344,-66.68820190429688,169.2898217239179,-209.6099028853903,-66.69315430760152,0.351496606708398,0.35838934455407073,0.04967341008913452,3.666767267722238e-05,7.807359621493474,28.086398047324217,nan,nan,nan
472.40000000000003,168.94398498535156,-209.6640625,-66.69009399414062,169.32336161179313,-209.62546259281712,-66.69472201860778,0.38136333874034356,0.3583214646988396,0.04966938411935189,3.5885842051339876e-05,8.120983345917972,26.83796545149235,9.604753137450528,0.1270961478466167,nan
472.41,168.9467315673828,-209.67274475097656,-66.69200134277344,169.32581224948098,-209.63428298488884,-66.6967046081429,0.38105589051441074,0.3583719707751423,0.04968842744804376,3.66020332661621e-05,8.080274942994336,26.895243146605903,nan,nan,nan
472.42,168.9495391845703,-209.68142700195312,-66.69388580322266,169.32833347300988,-209.64309190673225,-66.69778971403512,0.38074917334074576,0.3584225643437619,0.04970753442996216,3.584570500793624e-05,7.853412364729972,26.611003384359392,nan,0.5404904134270274,nan
472.43,168.95240783691406,-209.6901092529297,-66.69574737548828,169.33091896478186,-209.65191165312487,-66.69974371129541,0.38045459814606436,0.3584732455777084,0.049726705669649506,3.656127842771812e-05,7.817887065629194,26.288114207034226,nan,nan,nan
472.44,168.95535278320312,-209.69879150390625,-66.69757843017578,169.33356847882519,-209.6607395297749,-66.70239547158003,0.38015558530430954,0.3585240145923945,0.049745940876389325,3.580755940632418e-05,7.981906334970906,26.705637370579243,nan,0.35433406118022315,nan
472.45,168.95835876464844,-209.7074737548828,-66.69937896728516,169.3585117064077,-209.6782561165179,-66.7042434777938,0.40124769239549773,0.3584560669783329,0.049741855886246966,3.6499960025779885e-05,7.938083452429609,26.15651517628123,4.4660609207977116,nan,nan
472.46000000000004,168.96142578125,-209.71615600585938,-66.70114135742188,169.36133098356652,-209.68708762624425,-66.70584734949004,0.40098788996004564,0.3585066147482501,0.04976110140809024,3.574965955674627e-05,7.862988092417083,25.998081165248653,nan,0.04750255137960234,nan
472.47,168.96456909179688,-209.72483825683594,-66.70287322998047,169.36421371640617,-209.69592165592067,-66.70768027555157,0.40071823451737165,0.35855725008614714,0.04978041135098868,3.646328191522942e-05,7.830896403861803,26.19336794010668,nan,nan,nan
472.48,168.9677734375,-209.7335205078125,-66.7045669555664,169.36716524915568,-209.70473821922897,-66.70784589151529,0.4004409953721835,0.35860797310557,0.04979978551666115,3.571537969342591e-05,7.4522456665624865,25.785188184575677,nan,1.8090407783862854,nan
472.49,168.9710235595703,-209.74220275878906,-66.70622253417969,169.3701740230582,-209.7135714089267,-66.70959647503143,0.4001902424777709,0.3586587839824691,0.04981922437150654,3.642855523009285e-05,7.418577502332235,25.318321243868294,nan,nan,nan
472.5,168.97434997558594,-209.75088500976562,-66.70785522460938,169.37645108189153,-209.7329638409164,-66.71244826449872,0.40252647614850134,0.3585907685227209,0.04981507598747045,3.5661356629818426e-05,6.964572598135392,26.225932581113643,8.512091046530404,0.8306164949291045,nan
472.51,168.9777374267578,-209.7595672607422,-66.7094497680664,169.3795809871044,-209.74183433067628,-66.7141464622061,0.40226205729173314,0.3586413579225074,0.04983452430790873,3.637325208816124e-05,6.935355679077636,26.25463594153214,nan,nan,nan
472.52,168.98117065429688,-209.76824951171875,-66.71101379394531,169.38277157606834,-209.75070429916283,-66.71581365634864,0.4020126534456477,0.3586920349207607,0.04985403721996406,3.7099496203050815e-05,6.906510002012447,25.69116618044583,nan,nan,nan
472.53000000000003,168.98468017578125,-209.77691650390625,-66.7125473022461,169.386022172521,-209.75957371103004,-66.71745043572487,0.4017464517947899,0.35874279966198097,0.04987361486813663,3.784023347468716e-05,6.876200891492249,26.99271231093571,nan,nan,nan
472.54,168.9882354736328,-209.7855987548828,-66.71405029296875,169.38933332263028,-209.76843932169686,-66.7186752910718,0.4014913712959602,0.35879365227247356,0.04989325727933518,3.700853408214414e-05,6.776028949479268,25.516257704740443,nan,0.09204788488377459,nan
472.55,168.9918670654297,-209.79428100585938,-66.71552276611328,169.38352069992618,-209.76868545354722,-66.72024476797154,0.3925175142767845,0.3587255689380621,0.049889041803034884,3.772305253741061e-05,7.130707375909152,25.80125149804433,3.548777092347036,nan,nan
472.56,168.99554443359375,-209.80296325683594,-66.71696472167969,169.3869357805559,-209.77752869229548,-66.72190653042892,0.3922480401785501,0.3587761998373433,0.04990869285180164,3.689795046201961e-05,7.158508611620519,25.42220185904593,nan,0.008608042413798915,nan
472.57,168.999267578125,-209.81163024902344,-66.71837615966797,169.39040852097125,-209.78637026908277,-66.72342488030274,0.3919882566318841,0.3588269183985397,0.049928408941912784,3.763369519535889e-05,7.1304776185812555,25.906531942934915,nan,nan,nan
472.58,169.00306701660156,-209.8203125,-66.71976470947266,169.39393401780126,-209.79521923014232,-66.72600551651402,0.39172137099157595,0.35887772472937396,0.049948190028869716,3.681394503380487e-05,7.468527289895835,25.770199283657227,nan,0.7563230007054359,nan
472.59000000000003,169.0069122314453,-209.8289794921875,-66.72112274169922,169.39751904115155,-209.8040595247138,-66.72748024812783,0.3914525545398418,0.3589286190113389,0.0499680364321454,3.754784892805269e-05,7.443852386024328,26.33584047448855,nan,nan,nan
472.6,169.0108184814453,-209.83766174316406,-66.72245788574219,169.41617372921974,-209.82390553069015,-66.7304060028632,0.40566646748980967,0.3588604677027017,0.04996374966068753,3.6710479496484536e-05,7.693542415369718,26.221135794235387,5.132054670969271,1.3831566005900342,nan
472.61,169.0147705078125,-209.84632873535156,-66.72376251220703,169.419889016893,-209.83277490479975,-66.73184303765288,0.40542571158439294,0.3589111400384006,0.049983603824530015,3.7441739387157955e-05,7.674691704278539,26.870923127721916,nan,nan,nan
472.62,169.01876831054688,-209.85501098632812,-66.72503662109375,169.42366021778005,-209.84163962549502,-66.732633194368,0.40518385673538504,0.3589619000437663,0.050003523209545285,3.663316218342699e-05,7.465734188008403,25.538621354197375,nan,0.24845665424079608,nan
472.63,169.02284240722656,-209.86367797851562,-66.72628784179688,169.4274825206744,-209.85050759225658,-66.7340138478432,0.4049281067729447,0.3590127479006544,0.050023508086944286,3.736282032561303e-05,7.4463484194444085,26.960660652608805,nan,nan,nan
472.64,169.0269012451172,-209.8723602294922,-66.7275161743164,169.43133433616532,-209.85937733950317,-66.73579078875325,0.4047260182040355,0.35906368371611525,0.0500435584846332,3.65590443551934e-05,7.682457240470918,25.45963800846453,nan,0.11417971488919558,nan
472.65000000000003,169.03094482421875,-209.8810272216797,-66.72872161865234,169.450577065483,-209.86620376886398,-66.73700884062346,0.41997575014497945,0.3589954644020275,0.0500391965783865,3.726375997715717e-05,8.186040739865891,26.150550955663096,6.859216890433073,nan,nan
472.66,169.034912109375,-209.8896942138672,-66.72990417480469,169.48838211271786,-209.87219771147957,-66.73869432195508,0.45389254038207866,0.35238112413975353,0.05001223347617373,3.646440954199059e-05,12.818355021358562,30.178031903956878,nan,0.08406387219533326,0.1732619956949258
472.67,169.03883361816406,-209.89837646484375,-66.7310562133789,169.49215447484974,-209.8810186795755,-66.73998656072587,0.4537409425205019,0.3524275368064345,0.050031541233563875,3.719024314445122e-05,12.783953914563266,29.955107937613683,nan,nan,nan
472.68,169.04266357421875,-209.90704345703125,-66.73219299316406,169.49599398501724,-209.88981944059194,-66.73953763682921,0.4537169512896713,0.35247402614996926,0.05005090755629245,3.639661491735322e-05,12.061364261342002,29.366807142813585,nan,1.9260664274082726,nan
472.69,169.0464324951172,-209.91571044921875,-66.7332992553711,169.49962370783197,-209.8986391215807,-66.74076878055624,0.45357413872013796,0.35252061181940125,0.05007033298399951,3.712116183097153e-05,12.021888314477062,29.777174605351224,nan,nan,nan
472.7,169.0501251220703,-209.92437744140625,-66.73439025878906,169.5160618725056,-209.9202249388029,-66.73962422194272,0.4659846489470969,0.3524518737952036,0.05006607315545473,3.6309575269814235e-05,10.397229773878042,29.283733328200714,11.813799651368171,3.9927116946255636,nan
472.71000000000004,169.05374145507812,-209.93304443359375,-66.73545837402344,169.51954844966204,-209.9290843209926,-66.74079102266091,0.4658543504536623,0.3524982597916355,0.050085503281067256,3.7032026745323465e-05,10.351400655219292,29.114287614251626,nan,nan,nan
472.72,169.05728149414062,-209.94171142578125,-66.73650360107422,169.52293122076463,-209.93794750913437,-66.74234333918434,0.4657015541253141,0.35254472305647094,0.05010499226997031,3.624776486560151e-05,10.465554928719463,29.116674257601623,nan,0.1082773212808287,nan
472.73,169.06076049804688,-209.95037841796875,-66.7375259399414,169.5262741513925,-209.94680606462956,-66.7434740352636,0.46556535845951,0.3525912818866671,0.05012454059145656,3.696912365971399e-05,10.422939189892498,29.320351240799294,nan,nan,nan
472.74,169.0641632080078,-209.95904541015625,-66.73853302001953,169.52951757719362,-209.9556680452349,-66.74497758220086,0.46541124599201295,0.3526379185979409,0.05014414808003793,3.618881039280544e-05,10.555376011382993,29.11525287519183,nan,0.10149896638322962,nan
472.75,169.0675048828125,-209.96771240234375,-66.73951721191406,169.50092298494894,-209.96161578215535,-66.74591709453627,0.4335082219922198,0.3525692055679815,0.05013982662251199,3.688621132330201e-05,9.538919338897028,30.308092325625037,23.816341568353895,nan,nan
472.76,169.07077026367188,-209.9763946533203,-66.740478515625,169.50420211892023,-209.9704620440913,-66.74413330688691,0.4334878619932348,0.35261564276567187,0.05015943824488362,3.611064097527543e-05,8.742717535675483,28.308977746360647,nan,5.411726703835534,nan
472.77,169.073974609375,-209.9850616455078,-66.74142456054688,169.5072017719059,-209.97933478025772,-66.74516104281756,0.43328112425990206,0.35266217479254136,0.05017910942843797,3.6829171723575365e-05,8.694910105427628,29.210640089583993,nan,nan,nan
472.78000000000003,169.07711791992188,-209.9937286376953,-66.74235534667969,169.51009636611883,-209.988212290024,-66.74672311772491,0.433035613300643,0.3527087852540496,0.05019884006622751,3.605723662441651e-05,8.788133776540729,29.288433043541843,nan,0.2026971055448388,nan
472.79,169.0802001953125,-210.0023956298828,-66.7432632446289,169.51296828799252,-209.9970847253403,-66.747720635071,0.43282363160820647,0.3527554905227683,0.05021863054159093,3.6774925616449404e-05,8.742803310598692,29.339893221833886,nan,nan,nan
472.8,169.08322143554688,-210.0110626220703,-66.74414825439453,169.49529608520817,-209.98857741576407,-66.74936323932891,0.41272060460313464,0.35268678489666966,0.05021424392663191,3.598462954617337e-05,9.828948095044394,29.036126145430668,16.85880255983855,0.2849048505900078,nan
472.81,169.086181640625,-210.0197296142578,-66.74502563476562,169.49803199260415,-209.997398269739,-66.75033330997896,0.4124894820350476,0.3527332901515399,0.050234037920576215,3.670066020914206e-05,9.784198416536066,28.737300686866988,nan,nan,nan
472.82,169.08908081054688,-210.0283966064453,-66.74588012695312,169.5007716542394,-210.00621187581658,-66.75039381598958,0.4123128502024295,0.35277987436735164,0.05025389164790361,3.5936473938978275e-05,9.527332539454097,28.494396383320773,nan,0.5336708392552766,nan
472.83,169.0919189453125,-210.0370635986328,-66.74671173095703,169.50338967185743,-210.01503264177006,-66.75132233692752,0.4120858885610126,0.3528265526927017,0.050273805443759166,3.665181767560172e-05,9.484626652912917,28.46806361399449,nan,nan,nan
472.84000000000003,169.09469604492188,-210.0457305908203,-66.7475357055664,169.50598238760745,-210.02384997515733,-66.75177465791587,0.41188977377265035,0.35287331055980126,0.050293779272037105,3.5890817330041053e-05,9.349917799594873,27.991558620107885,nan,0.1421374002924248,nan
472.85,169.09742736816406,-210.0543975830078,-66.74834442138672,169.51958823394386,-210.0318719648579,-66.75280086971361,0.4227848862018094,0.35280462754162406,0.05028932444590552,3.658294593178609e-05,9.85658380616908,27.785033892358317,5.64503247284841,nan,nan
472.86,169.10009765625,-210.0630645751953,-66.74913024902344,169.52219361890624,-210.0406675203896,-66.75181730858775,0.42269829671264675,0.352851185510487,0.05030930118386361,3.582591009348306e-05,9.460134777963871,27.320527366018613,nan,2.3384797373547292,nan
472.87,169.10272216796875,-210.0717315673828,-66.7499008178711,169.52461793057154,-210.04947636400178,-66.75266404264664,0.4224913774160118,0.35289783691809484,0.05032933822114608,3.653919210908095e-05,9.412437082941418,27.482261531591615,nan,nan,nan
472.88,169.1053009033203,-210.0803985595703,-66.75065612792969,169.52687565239935,-210.05829672622818,-66.75519541010556,0.42217812020616713,0.3529445683521458,0.050349435560870626,3.578506513921664e-05,9.724153070867152,27.972203463184492,nan,1.9487936775600976,nan
472.89,169.10781860351562,-210.0890655517578,-66.75140380859375,169.52919550241165,-210.06710591739227,-66.75602979997896,0.4219740706026829,0.3529913932359024,0.050369593480542735,3.64978570779757e-05,9.680130563040798,27.469765725741404,nan,nan,nan
472.90000000000003,169.1102752685547,-210.0977325439453,-66.75212860107422,169.51963172008018,-210.06659623534847,-66.75657314934978,0.4105629405194263,0.35292271822125015,0.050365066987270384,3.5724939060120793e-05,10.077356810355539,27.072728558994733,4.303380583493743,0.06162384796780732,nan
472.91,169.11270141601562,-210.1063995361328,-66.75284576416016,169.52184152886372,-210.07537937618636,-66.75737735047512,0.4103393931113405,0.35296934273228275,0.050385227167527774,3.643641545839951e-05,10.033417005856107,27.448502579533603,nan,nan,nan
472.92,169.1150665283203,-210.1150665283203,-66.7535400390625,169.52415383959357,-210.0841489759588,-66.7558193762839,0.4102603059850844,0.35301604772560735,0.0504054479132906,3.568860923001022e-05,9.561561799200947,26.770780933862206,nan,3.743634442644625,nan
472.93,169.1173858642578,-210.1237335205078,-66.75422668457031,169.5262674681041,-210.09293259658773,-66.7565739006947,0.41004679281976286,0.3530628455390516,0.05042572947064199,3.639971679628137e-05,9.513696841628494,26.63558967925326,nan,nan,nan
472.94,169.1196746826172,-210.1324005126953,-66.75489807128906,169.528276127337,-210.10172161979662,-66.75823784247443,0.4097651634389791,0.35310972438149413,0.05044607188894022,3.56544239692731e-05,9.621144361446863,27.264890486720436,nan,0.5782317549271276,nan
472.95,169.1219024658203,-210.1410675048828,-66.75555419921875,169.53318523832317,-210.11412059624112,-66.75917452842,0.4121804964169299,0.3530410696351768,0.05044147053305055,3.6342865405920514e-05,9.391237116244037,27.019408774124813,2.6454688813345855,nan,nan
472.96000000000004,169.12408447265625,-210.14974975585938,-66.7562026977539,169.53517713389272,-210.12291527346326,-66.75964007704458,0.4119818941948,0.3530877481754637,0.050461814560708154,3.560085776710916e-05,9.311071154555817,25.934694128028386,nan,0.04780256321550731,nan
472.97,169.12623596191406,-210.15841674804688,-66.75682830810547,169.53710857360912,-210.13171140263867,-66.76035576140258,0.4117546859979254,0.35313451893419506,0.05048221963051902,3.631049938325845e-05,9.268755603341473,27.358006604866524,nan,nan,nan
472.98,169.12832641601562,-210.16708374023438,-66.75745391845703,169.5389944909982,-210.14050779952328,-66.76109393166415,0.4115431910877826,0.353181371134752,0.0505026858165666,3.5570764361907766e-05,9.246336630321377,26.50237680719648,nan,0.0007985020997366322,nan
472.99,169.13038635253906,-210.17575073242188,-66.758056640625,169.54084012856313,-210.1493042935549,-66.7617868257357,0.411321809125315,0.35322831559916756,0.05052321332856122,3.6280187974620466e-05,9.204977215265327,27.03395201005744,nan,nan,nan
473.0,169.1324005126953,-210.18441772460938,-66.75865173339844,169.55278257448632,-210.15858976271437,-66.76071163557332,0.4211797771596758,0.3531596691651531,0.050518533692875484,3.5521232305366886e-05,9.231011997752194,26.13251391373287,3.048371203025278,1.8206721605067986,nan
473.01,169.13438415527344,-210.19309997558594,-66.75923919677734,169.55456900867617,-210.16738080960536,-66.76136368266516,0.4209766026373653,0.3532064128804408,0.050539062131136986,3.62296033544655e-05,9.185365017953073,25.449097062167553,nan,nan,nan
473.02,169.13632202148438,-210.20176696777344,-66.75980377197266,169.55622750074346,-210.17617840574468,-66.7635293273524,0.4207009220115754,0.3532532384212805,0.05055965193480513,3.54949485688893e-05,9.400052120028727,26.5987403436289,nan,1.594699686420771,nan
473.03000000000003,169.13821411132812,-210.21043395996094,-66.76036834716797,169.55793495257717,-210.18497044647748,-66.76417498162864,0.420509768689915,0.35330015566616585,0.050580303294624915,3.6203194558029266e-05,9.357901425777287,26.095635188202568,nan,nan,nan
473.04,169.14007568359375,-210.2191162109375,-66.76091766357422,169.5596212763028,-210.19376179971775,-66.76450739548288,0.42032634548059167,0.3533471552486626,0.05060101631263091,3.547046999848475e-05,9.270957044944833,25.475565189672583,nan,0.06302520099836435,nan
473.05,169.14190673828125,-210.227783203125,-66.7614517211914,169.57156575667744,-210.2117522297896,-66.76512534925445,0.42997367330850256,0.3532785268063969,0.05059625510379792,3.6156444533648496e-05,8.76752077993882,26.802339555675168,4.262275036259253,nan,nan
473.06,169.14369201660156,-210.2364501953125,-66.76197814941406,169.5730657795353,-210.22057834145573,-66.76758216114732,0.42970355943166805,0.35332532566564445,0.05061696835675774,3.542642162947256e-05,9.23012758130907,26.915631695728113,nan,2.343967279078779,nan
473.07,169.14544677734375,-210.24513244628906,-66.76249694824219,169.57463161964998,-210.22939879102395,-66.76820308671644,0.42951104385069094,0.35337221569684235,0.050637743394267395,3.6133653972467137e-05,9.195498662431541,26.107846534390077,nan,nan,nan
473.08,169.14715576171875,-210.25379943847656,-66.76300048828125,169.57621942549355,-210.23821653059932,-66.7677553335588,0.42937287192296747,0.35341918840675346,0.05065858033245162,3.540535563611936e-05,8.882948870993731,26.450397564510574,nan,0.7737936894321618,nan
473.09000000000003,169.1488494873047,-210.26248168945312,-66.76349639892578,169.5777156534622,-210.24703772522201,-66.7683469451825,0.42917156511680626,0.35346625236844825,0.05067947934129922,3.6112575275813886e-05,8.846825982521851,26.030778125029673,nan,nan,nan
473.1,169.15049743652344,-210.27114868164062,-66.76398468017578,169.59141444836234,-210.2549712590192,-66.76847578428962,0.4412365469312165,0.3533976322633707,0.05067463315782926,3.536464706331273e-05,9.245198959435706,25.944362820369022,5.173977954473962,0.17140630209319932,nan
473.11,169.15211486816406,-210.2798309326172,-66.76446533203125,169.59287374659317,-210.26378072753974,-66.76904535253298,0.4410747947739811,0.3534444950825284,0.05069553168471753,3.6071010739780946e-05,9.207848014165089,25.09255249878772,nan,nan,nan
473.12,169.15370178222656,-210.2884979248047,-66.76493072509766,169.59433811558847,-210.27258888923149,-66.76887334638529,0.4409410617691597,0.3534914408932189,0.05071649234932404,3.534673260953454e-05,9.016292133726486,25.920722142027344,nan,0.37169597326559606,nan
473.13,169.15524291992188,-210.29718017578125,-66.76538848876953,169.59573298586312,-210.2813990438768,-66.76941831410039,0.44079108635419056,0.35353847746445843,0.050737515311673836,3.605315311561744e-05,8.979286962899357,24.612310586849134,nan,nan,nan
473.14,169.15676879882812,-210.3058624267578,-66.76583862304688,169.5970669395489,-210.29021076852902,-66.77054646911185,0.44060139689072964,0.3535855975054654,0.050758600702609194,3.533030799795507e-05,9.10815314478892,25.148235599505778,nan,0.24223337842468073,nan
473.15000000000003,169.1583709716797,-210.3145294189453,-66.7663803100586,169.583830053845,-210.29629679566264,-66.7711027268488,0.425875756963285,0.35351699318677493,0.05075366618748722,3.601473088203661e-05,8.798641743785925,26.15023275855311,2.897337940788697,nan,nan
473.16,169.16006469726562,-210.32321166992188,-66.76701354980469,169.5852594043511,-210.30510947839886,-66.77202126358789,0.42560933432993026,0.35356391206806326,0.05077475036712162,3.5294094299972654e-05,8.840180536045885,25.69820409626329,nan,0.03956235545436988,nan
473.17,169.1618194580078,-210.33187866210938,-66.76773834228516,169.5867804844572,-210.31392208955887,-66.77279669523088,0.425370308593814,0.35361092124521587,0.05079589706919709,3.5999834976408895e-05,8.790206531590298,25.97803042047594,nan,nan,nan
473.18,169.16366577148438,-210.34056091308594,-66.76856231689453,169.5884586940491,-210.32273270605558,-66.77202851670368,0.425181004477061,0.35365801416416265,0.050817106431097464,3.528045890994138e-05,8.370939005541342,24.88588675708184,nan,1.8591031777023401,nan
473.19,169.16558837890625,-210.3492431640625,-66.76947021484375,169.5901374654642,-210.33154607281196,-66.7729711842151,0.4249321954411869,0.35370519749194884,0.0508383786031925,3.598633723326906e-05,8.32227337823896,24.936955974992188,nan,nan,nan
473.2,169.16758728027344,-210.35792541503906,-66.77046203613281,169.54635819245547,-210.32301663216856,-66.7737830097449,0.38039066221772894,0.35363660126485097,0.05083335235594709,3.5246955868255175e-05,8.225610256792297,25.60486606436514,17.94949330480444,0.02589839921043911,nan
473.21000000000004,169.16966247558594,-210.36659240722656,-66.77154541015625,169.5481164930341,-210.33180049737769,-66.77490252154536,0.3800647188446401,0.3536835830402289,0.05085462256642197,3.59521206719279e-05,8.176500606047435,26.29555809288012,nan,nan,nan
473.22,169.17181396484375,-210.37527465820312,-66.77272033691406,169.54993411528145,-210.34058474998704,-66.77647180506358,0.37972662721007877,0.35373064880279464,0.05087595566305865,3.523587431216446e-05,8.214301749072543,25.40005887868555,nan,0.09108705384193286,nan
473.23,169.1740264892578,-210.3839569091797,-66.77397155761719,169.55184292284005,-210.34936886291732,-66.77777020289072,0.37941536623463856,0.35377780454808566,0.05089735179251526,3.594122732372495e-05,8.168959807979599,25.19889682492165,nan,nan,nan
473.24,169.17633056640625,-210.39263916015625,-66.77531433105469,169.5538001348612,-210.35815352788052,-66.77973945878651,0.3790674289601658,0.3538250447268577,0.0509188110976847,3.5225997443955504e-05,8.27560901511865,25.666091923353594,nan,0.2381498639716698,nan
473.25,169.17869567871094,-210.40130615234375,-66.77674102783203,169.61512611326268,-210.39523791260362,-66.78113874247117,0.4364947738869391,0.3537564621537398,0.050913689724084076,3.590953400431747e-05,7.803130361802707,25.688772169291816,33.65479047114538,nan,nan
473.26,169.18113708496094,-210.4099884033203,-66.77824401855469,169.6173244781649,-210.40408247746254,-66.78308911180503,0.4362542800694487,0.35380350072246425,0.05093514630217331,3.5196103083947235e-05,7.885177440893024,25.166838366558768,nan,0.10718712754900919,nan
473.27,169.18365478515625,-210.41867065429688,-66.77983856201172,169.6196110237397,-210.41292687688323,-66.78473477065121,0.43602156574859435,0.353850628872446,0.050956666132878616,3.5901014197017166e-05,7.8396900114304175,25.002369817218565,nan,nan,nan
473.28000000000003,169.1862335205078,-210.42735290527344,-66.78150939941406,169.62196830216433,-210.4217712697683,-66.78646276716867,0.4357986811043381,0.3538978441338992,0.05097824936054607,3.6620246757901674e-05,7.796272138619726,24.78819136686719,nan,nan,nan
473.29,169.1888885498047,-210.43601989746094,-66.78325653076172,169.62439564412037,-210.430615537905,-66.78827218840499,0.435569504353889,0.35394514665132404,0.05099989612967587,3.735394526680076e-05,7.752925572433326,25.876761982280627,nan,nan,nan
473.3,169.19161987304688,-210.4447021484375,-66.78508758544922,169.6442453209827,-210.45429429810747,-66.79022216431655,0.4527561919560392,0.3538765740007206,0.050994676222279,3.807750135053726e-05,7.124937397308041,25.463258559561677,9.635507011603018,nan,nan
473.31,169.1944122314453,-210.45338439941406,-66.78697204589844,169.646824224091,-210.46317963641405,-66.7921831248709,0.4525480229783245,0.353923674541161,0.051016319481209056,3.883958918995054e-05,7.087514617957781,25.334012935547026,nan,nan,nan
473.32,169.197265625,-210.46206665039062,-66.78887176513672,169.64951403192873,-210.47206498987114,-66.79307392611278,0.45237843286214696,0.35397085952882273,0.051038026353850324,3.794622556927365e-05,6.809996613910252,24.690693314078445,nan,0.7316592765843247,nan
473.33,169.20018005371094,-210.47073364257812,-66.79075622558594,169.65222715613228,-210.48094960582281,-66.79505842641085,0.4521829913259564,0.35401813425221396,0.05105979698510444,3.8704980472957036e-05,6.7785169944887205,25.4051148060298,nan,nan,nan
473.34000000000003,169.2031707763672,-210.4794158935547,-66.79261016845703,169.65500571965083,-210.48983389614972,-66.79703727423511,0.45197671401939865,0.35406549387354885,0.05108163151878204,3.781961674328798e-05,6.775338645354996,24.885648703242676,nan,0.00010127115964944065,nan
473.35,169.2062225341797,-210.48809814453125,-66.79444122314453,169.65640057897178,-210.5064464589828,-66.79901909341487,0.4505750653911727,0.35399693048486286,0.05107630966632675,3.854998166472539e-05,6.177210805570024,25.119907394377012,7.0515451914633065,nan,nan
473.36,169.2093505859375,-210.49676513671875,-66.79623413085938,169.6593231644424,-210.51535956131846,-66.80010447818269,0.45037323812695274,0.3540440880641817,0.051098139890036545,3.767350985821254e-05,5.988175110139804,26.2729877368648,nan,0.4119132524683632,nan
473.37,169.2125244140625,-210.5054473876953,-66.7979965209961,169.66227898872842,-210.52427156932706,-66.80197232068637,0.45016589634289494,0.35409133497049444,0.0511200340863091,3.842517885978285e-05,5.960778571895315,24.641097168159074,nan,nan,nan
473.38,169.2157745361328,-210.51412963867188,-66.79972076416016,169.6653096473645,-210.53318338469035,-66.80347597418546,0.4499544011005468,0.3541386669828051,0.05114199239724381,3.755617342811851e-05,5.883681313283146,24.988907003283668,nan,0.06697996601094104,nan
473.39,169.2190704345703,-210.52279663085938,-66.80140686035156,169.66839063510972,-210.54209450199073,-66.80527442755219,0.44975105171530616,0.3541860884660609,0.0511640149702595,3.830504560198791e-05,5.857210704553971,25.508991645241153,nan,nan,nan
473.40000000000003,169.22244262695312,-210.53147888183594,-66.80307006835938,169.66901908048374,-210.5444931632688,-66.80827486153329,0.4467963632810534,0.35411753168510374,0.051158587755535015,3.7419577358267907e-05,6.542387569724768,24.579161082361484,3.084983492263765,0.9513789882132151,nan
473.41,169.2258758544922,-210.54014587402344,-66.80469512939453,169.672227602809,-210.55338218551395,-66.81002068013774,0.44657971814454006,0.3541647507489386,0.05118060520344245,3.81648680371293e-05,6.519514231661699,25.549701031766368,nan,nan,nan
473.42,169.22935485839844,-210.548828125,-66.80628204345703,169.675496656605,-210.56227084328518,-66.81171772051175,0.4463773710291724,0.3542120550949597,0.051202686974138927,3.7311138174795955e-05,6.527983953039942,24.380062541329426,nan,0.00017871087146449876,nan
473.43,169.23291015625,-210.5574951171875,-66.80784606933594,169.67882454676516,-210.5711589731212,-66.81340058501489,0.4461582648252833,0.35425944855050756,0.0512248332177376,3.80539630869293e-05,6.505309281757931,25.39753234173652,nan,nan,nan
473.44,169.23651123046875,-210.566162109375,-66.80937957763672,169.68218930525492,-210.58004562218468,-66.81572419941254,0.44593940451425057,0.354306927700266,0.05124704407237607,3.720693742666633e-05,6.735574827442775,25.196022968914857,nan,0.28059334609297043,nan
473.45,169.24017333984375,-210.57484436035156,-66.81087493896484,169.7028237056208,-210.59069266617928,-66.81729142815081,0.4629661986416739,0.35423838076918257,0.051241508082408085,3.7923200376472883e-05,7.068275374826886,24.091274171344857,4.962697933058062,nan,nan
473.46000000000004,169.24388122558594,-210.58351135253906,-66.81234741210938,169.70636074098155,-210.59957365487548,-66.81892039666762,0.46280503869654643,0.3542856573907382,0.051263712979529585,3.708371066317625e-05,7.107135044370355,24.437479995049294,nan,0.0005643241688404883,nan
473.47,169.24766540527344,-210.59217834472656,-66.81378173828125,169.70995524130055,-210.6084542032316,-66.8204909455756,0.46262491234969955,0.3543330227883523,0.0512859825569409,3.782111371014497e-05,7.0914621570379,25.1368791484216,nan,nan,nan
473.48,169.25149536132812,-210.60086059570312,-66.81519317626953,169.71367876432296,-210.6173386256497,-66.81964660238594,0.4624984934883399,0.3543804740141303,0.051308316949412985,3.698784800123693e-05,6.398322353534413,23.06334454976073,nan,3.5939793459330125,nan
473.49,169.25538635253906,-210.60952758789062,-66.81658172607422,169.71738432533337,-210.62621807631365,-66.82113829865617,0.4623218160800368,0.354428014195169,0.05133071631203435,3.77232223309249e-05,6.372424946449085,23.870457696562124,nan,nan,nan
473.5,169.2593231201172,-210.61819458007812,-66.81793212890625,169.692407421319,-210.62432773107355,-66.82254427339555,0.43315228195794625,0.3543594730339871,0.05132506812109654,3.68730821139096e-05,6.321016878998485,24.035808614151783,7.382653639233323,0.00031622405671823833,nan
473.51,169.26332092285156,-210.62686157226562,-66.81925964355469,169.69617437376746,-210.6331878504436,-66.8239813204192,0.4329254277560989,0.35440681033981497,0.05134746067993726,3.760563742114831e-05,6.297354570139258,24.031089295023058,nan,nan,nan
473.52,169.26736450195312,-210.6355438232422,-66.82056427001953,169.69998168632168,-210.64204656086403,-66.8258461026814,0.4326982916118585,0.3544542335824254,0.05136991825399817,3.6785165349113797e-05,6.424818795438483,22.952013361943234,nan,0.1311664072827666,nan
473.53000000000003,169.27145385742188,-210.6442108154297,-66.82183837890625,169.70385474911845,-210.65090580031696,-66.8272367514087,0.4324864117961491,0.35450174548420865,0.051392441002163156,3.7515960808958086e-05,6.404545830768081,23.65618985271836,nan,nan,nan
473.54,169.27560424804688,-210.6528778076172,-66.82308959960938,169.7077768356323,-210.65976413243894,-66.82871745173108,0.43226408554185713,0.35454934370410335,0.05141502905359353,3.6701029268777885e-05,6.452106190927621,23.81065045206451,nan,0.008418208784515218,nan
473.55,169.27981567382812,-210.6615447998047,-66.8243179321289,169.70964505907153,-210.6762251589652,-66.82995490676034,0.4301169478720914,0.3544808103487153,0.05140926525824425,3.740667381720458e-05,5.861443778290212,24.478945486216187,6.847656845658629,nan,nan
473.56,169.28407287597656,-210.6702117919922,-66.82551574707031,169.71358261736927,-210.68510344250825,-66.83401213901256,0.42985179757953623,0.3545282055476639,0.05143184564243292,3.6598075525571424e-05,6.9471809152624004,25.474318740848197,nan,4.839227407944304,nan
473.57,169.2883758544922,-210.6788787841797,-66.82669830322266,169.71764287220003,-210.69398748252192,-66.83533303506549,0.42961960366279867,0.3545756891316816,0.051454491401089486,3.7324795405676644e-05,6.935355537188425,25.06625945459976,nan,nan,nan
473.58,169.2926483154297,-210.68753051757812,-66.82785034179688,169.7217197216798,-210.7028709182125,-66.83655751772666,0.4294338301365371,0.3546232591089309,0.05147720265936413,3.652131104662594e-05,6.977270913109858,25.751292428083953,nan,0.0035124863666525655,nan
473.59000000000003,169.29689025878906,-210.69619750976562,-66.8289794921875,169.72575933403647,-210.71175344537926,-66.83783271436769,0.4292424144692041,0.3546709176783735,0.05149997958208922,3.7246622359953106e-05,6.970379452106009,25.366352598152304,nan,nan,nan
473.6,169.30104064941406,-210.70486450195312,-66.83008575439453,169.74271445681669,-210.73509644239857,-66.8394269340847,0.44280580394415575,0.35460238903628644,0.051494096752264504,3.6425767862269135e-05,6.690588949563018,25.490379684685532,9.275254751257746,0.06104068021441876,nan
473.61,169.3051300048828,-210.71353149414062,-66.8311767578125,169.7466297146661,-210.74401943382455,-66.84066288618507,0.4426527926449921,0.3546498442605554,0.05151686513140649,3.7148871508919445e-05,6.684285742093184,25.609425090070072,nan,nan,nan
473.62,169.30914306640625,-210.72218322753906,-66.83223724365234,169.7504690361355,-210.75294170631688,-66.84187804084777,0.44250157123423073,0.3546973868106238,0.05153969921499648,3.788642414794327e-05,6.681500318757867,26.67565371421392,nan,nan,nan
473.63,169.31307983398438,-210.73085021972656,-66.83328247070312,169.7542308397557,-210.7618632745176,-66.84307280066643,0.44234813215534136,0.3547450168309918,0.051562599147534666,3.863857027954061e-05,6.676342311281283,25.542257943067955,nan,nan,nan
473.64,169.3169403076172,-210.73951721191406,-66.83430480957031,169.75791861609218,-210.7707848555494,-66.84409575645986,0.44219384519118965,0.35479273358727087,0.05158556505934781,3.775250483937647e-05,6.7025113518525075,25.573274642576102,nan,0.013933813320965945,nan
473.65000000000003,169.3207244873047,-210.7481689453125,-66.8353042602539,169.76228942617806,-210.78428756308966,-66.84510279031163,0.4431480125010916,0.35472421078714367,0.05157955980967402,3.847682696997012e-05,6.400835955363412,26.740507156536484,2.4216562217542834,nan,nan
473.66,169.32443237304688,-210.7568359375,-66.83628845214844,169.7946224823708,-210.77701573547813,-66.84348871817902,0.4706780290000854,0.3532417514223592,0.051115583729958745,3.759853991464337e-05,9.066289725720328,28.228851685609644,nan,4.703306921653113,0.5400432099272546
473.67,169.32806396484375,-210.7655029296875,-66.83724975585938,169.7980927961894,-210.78590720646068,-66.8445746153236,0.47052852237984344,0.35328746455147503,0.05113595072834485,3.8343856986492636e-05,9.033729911408708,28.160877749643166,nan,nan,nan
473.68,169.3316192626953,-210.77415466308594,-66.83819580078125,169.80146841321687,-210.79480561349604,-66.84597796187926,0.47036714174145067,0.3533332572378443,0.051156375946080114,3.747557083078935e-05,9.196581518752588,29.000699292936435,nan,0.06924805069814982,nan
473.69,169.33511352539062,-210.78282165527344,-66.83911895751953,169.80479412832963,-210.80369647425428,-66.84703092166026,0.4702108314588221,0.3533791432146749,0.051176861009982644,3.821824672028082e-05,9.165936452301157,28.3594583173096,nan,nan,nan
473.7,169.33853149414062,-210.79147338867188,-66.84002685546875,169.78710826281403,-210.80815673012603,-66.84750935091027,0.4489492610680875,0.35330722478163906,0.05117196763515361,3.73344505627894e-05,8.63760393627885,29.36110535042291,6.505621301284996,0.1601767910666471,nan
473.71000000000004,169.3418731689453,-210.80014038085938,-66.84091186523438,169.79025153155567,-210.81704738228888,-66.8485214222667,0.4487615269970334,0.35335291353618553,0.05119245203845373,3.807372032844464e-05,8.60757696685318,28.218943577315972,nan,nan,nan
473.72,169.3451690673828,-210.8087921142578,-66.84178161621094,169.79340316062235,-210.82591266721,-66.84828685086994,0.44860810709752535,0.3533986824750988,0.05121299499142743,3.7221773947409505e-05,8.170579127361338,29.25479237267464,nan,0.9419910353877078,nan
473.73,169.34837341308594,-210.8174591064453,-66.84263610839844,169.79641303308304,-210.8348027983535,-66.84925362803133,0.44842401396696796,0.35344454391033453,0.05123359798147888,3.795874543399548e-05,8.136845450793864,27.393028130635958,nan,nan,nan
473.74,169.35153198242188,-210.82611083984375,-66.84347534179688,169.7993335951166,-210.8437010916361,-66.85061001373211,0.4482037537033038,0.3534904861520585,0.05125425984011628,3.711396895649964e-05,8.302575732134548,29.001247200303307,nan,0.103194549383792,nan
473.75,169.35462951660156,-210.83477783203125,-66.84429168701172,169.8008516670267,-210.84875407598437,-66.85156152784329,0.44650016070634585,0.3534186372381153,0.05124929155369426,3.782491855380596e-05,8.576073574952174,27.91326860013137,1.7084870726480024,nan,nan
473.76,169.35765075683594,-210.8434295654297,-66.8450927734375,169.80359969471618,-210.85765678971924,-66.85380354533564,0.44626085046143826,0.3534643824430775,0.051269952191368894,3.698807197274687e-05,9.178774314269742,28.921944379733368,nan,1.0971756358361093,nan
473.77,169.36062622070312,-210.8520965576172,-66.84587860107422,169.80636393909998,-210.86653385447497,-66.85472452341928,0.4460591883195877,0.35351021941076094,0.05129067305813251,3.7719980957970746e-05,9.151490658272824,28.38951299659158,nan,nan,nan
473.78000000000003,169.36354064941406,-210.8607635498047,-66.84664916992188,169.80921215797537,-210.87536277537887,-66.85311270428048,0.44595740627001523,0.3535561377213991,0.05131145311294437,3.688973157070967e-05,8.15942023237203,27.297655582023786,nan,4.021560876335882,nan
473.79,169.36639404296875,-210.86941528320312,-66.847412109375,169.81185833889117,-210.88423996741292,-66.8539797860812,0.4457592899546738,0.3536021477798011,0.051332293658172455,3.761979011314244e-05,8.122535354173591,27.903076154799944,nan,nan,nan
473.8,169.3691864013672,-210.87808227539062,-66.84815216064453,169.84411384700408,-210.9037627142827,-66.85395282672036,0.47565661068442755,0.3535303565239408,0.05132724606089696,3.677331680317202e-05,7.951064053433491,26.442238531434842,7.703907203139698,0.5030320541410299,nan
473.81,169.37193298339844,-210.88673400878906,-66.848876953125,169.84669615163503,-210.9126574469821,-66.85478315950934,0.4755070702267735,0.35357616909245115,0.051348084735799125,3.750074689561128e-05,7.915724863307465,27.61057663779927,nan,nan,nan
473.82,169.37460327148438,-210.89540100097656,-66.8495864868164,169.84921397533304,-210.92155561753503,-66.85577184924496,0.47537105810453134,0.3536220634851813,0.051368982909766,3.668389276942475e-05,7.980213865063746,26.15755245941209,nan,0.018958675047281465,nan
473.83,169.3772430419922,-210.904052734375,-66.85028076171875,169.8516869573422,-210.93045085203207,-66.8565770626962,0.47521945755038353,0.35366804897491794,0.05138994176896122,3.740974424987014e-05,7.946943322381872,27.690871573243836,nan,nan,nan
473.84000000000003,169.37982177734375,-210.9127197265625,-66.85096740722656,169.85405503149883,-210.93936391241832,-66.85835441184868,0.47503858772074925,0.3537141168426508,0.05141096044128637,3.659868717443396e-05,8.329986246329836,26.763705443661557,nan,0.6254056541726497,nan
473.85,169.38235473632812,-210.92138671875,-66.85163879394531,169.8675221628058,-210.95571083935337,-66.85925194854335,0.4864396541125227,0.3536423922965827,0.051405831466779156,3.7299873371658384e-05,8.109390182220157,27.222999777431056,2.804528631673361,nan,nan
473.86,169.38482666015625,-210.93003845214844,-66.852294921875,169.86988858016417,-210.96461300837964,-66.85926884250486,0.48634257653356694,0.3536882627829593,0.05142684766425993,3.6495351314703954e-05,7.839673419937349,27.623515275741745,nan,0.37642149984627327,nan
473.87,169.3872528076172,-210.93870544433594,-66.85293579101562,169.872166080032,-210.9735285928595,-66.86002795464864,0.4862137721436289,0.3537342237656139,0.051447924742309116,3.721750000872825e-05,7.811439760431661,26.765682382593077,nan,nan,nan
473.88,169.38963317871094,-210.94737243652344,-66.85356903076172,169.87442847226868,-210.98243287303904,-66.8600972132106,0.48610526435174956,0.35378026753233655,0.051469061934461026,3.641828357066844e-05,7.583269714107078,26.4857608177411,nan,0.29913442996031164,nan
473.89,169.3919677734375,-210.95602416992188,-66.85418701171875,169.87660913812496,-210.9913491315575,-66.86082588660368,0.485972406562783,0.3538264018437357,0.051490260273102315,3.713920492758827e-05,7.551885940805532,27.49841424133514,nan,nan,nan
473.90000000000003,169.39425659179688,-210.96469116210938,-66.85478973388672,169.88204218590343,-210.99268259580265,-66.86275364148756,0.48865297502661764,0.35375473491928655,0.05148504576846412,3.632303954361846e-05,8.807802728696814,26.376358977630044,11.29860306978041,0.9192292039190487,nan
473.91,169.39649963378906,-210.97335815429688,-66.85538482666016,169.88415592300504,-211.00156862111635,-66.8634718667898,0.48853852158056826,0.35380067145093885,0.05150624095168249,3.704194129046654e-05,8.780230890336899,26.225643500993936,nan,nan,nan
473.92,169.398681640625,-210.98202514648438,-66.85596466064453,169.8862517746349,-211.01044553394144,-66.86359957734803,0.48845741467881365,0.35384669112689826,0.05152749654208763,3.625359800051405e-05,8.576310780784496,25.661598047217407,nan,0.22070821226284296,nan
473.93,169.4008331298828,-210.99069213867188,-66.85653686523438,169.88827619658713,-211.01933214726094,-66.86429048913851,0.48834527954484874,0.35389280081537106,0.05154881347637574,3.69714850064372e-05,8.54803580647291,25.88546709301054,nan,nan,nan
473.94,169.4029541015625,-210.9993438720703,-66.85709381103516,169.89029255265243,-211.028207031438,-66.86419934866711,0.48824413621102675,0.35393899414523805,0.05157019112757832,3.6187760800306954e-05,8.269249405230907,26.915083422731566,nan,0.3927865287839135,nan
473.95,169.40501403808594,-211.0080108642578,-66.8576431274414,169.887152851978,-211.03224188349608,-66.86495499427116,0.48280269422518146,0.353867391295657,0.051564888730831614,3.688198980392223e-05,8.523947730514084,25.26180998251792,1.6564750825521846,nan,nan
473.96000000000004,169.40704345703125,-211.0166778564453,-66.8581771850586,169.88904998012725,-211.0411150797026,-66.86557960228313,0.48268236136033704,0.35391338688897345,0.051586262579844146,3.610361293039759e-05,8.54595398479505,25.647163794539317,nan,0.000598518807247588,nan
473.97,169.40902709960938,-211.0253448486328,-66.85870361328125,169.8909050786415,-211.04998912197564,-66.86622409177028,0.4825663524132139,0.35395947200397887,0.0516076979701584,3.6818855599509663e-05,8.518561942393047,25.398645123609782,nan,nan,nan
473.98,169.4109649658203,-211.0340118408203,-66.85922241210938,169.89282600385636,-211.05882692884995,-66.86439419458014,0.4825273006836168,0.35400564105824056,0.051629194361161417,3.604467890878476e-05,7.679167222992276,24.346193767423877,nan,4.039182329039023,nan
473.99,169.41287231445312,-211.0426788330078,-66.85972595214844,169.8946018986562,-211.06770192198863,-66.8649951572308,0.48240782725905335,0.35405189973511814,0.051650752563496216,3.675917775293111e-05,7.647044108393306,24.6383934769439,nan,nan,nan
474.0,169.4147491455078,-211.0513458251953,-66.86022186279297,169.8926912197695,-211.07371867210765,-66.86743269115641,0.4785197662314521,0.3539803540474694,0.051645358325603574,3.5967346245916503e-05,8.423941667954285,25.317139437886794,0.5018400165396736,2.4121992295693384,nan
474.01,169.4165802001953,-211.0600128173828,-66.86071014404297,169.89438870722222,-211.08258651330064,-66.86803291541743,0.4783974959333244,0.35402641463312484,0.05166691201433386,3.668029457394888e-05,8.395105209659839,25.012166209272063,nan,nan,nan
474.02,169.41836547851562,-211.0686798095703,-66.8611831665039,169.8960459471238,-211.09145616979862,-66.86871068883326,0.4782824022138002,0.3540725594179113,0.05168852698014769,3.591484378559127e-05,8.466352779825637,24.976500724755283,nan,0.004996738624876947,nan
474.03000000000003,169.42013549804688,-211.0773468017578,-66.86164855957031,169.89767053776785,-211.10032531590014,-66.86929441419738,0.4781487063314944,0.35411879339111507,0.05171020395609248,3.662721180486421e-05,8.43962771691213,25.449888100000994,nan,nan,nan
474.04,169.42185974121094,-211.0860137939453,-66.86210632324219,169.89929993955138,-211.1091809103635,-66.86883886680134,0.47804935458305386,0.3541651120136276,0.051731942514980304,3.586537642236762e-05,8.062877060752916,24.74958412240008,nan,0.7138718432495232,nan
474.05,169.4236602783203,-211.0946807861328,-66.86265563964844,169.9150560548867,-211.12333401169562,-66.86934929596738,0.4922759608160274,0.35409362789348564,0.05172645383289231,3.655481890769699e-05,8.023673319967438,24.564717257541158,2.147912760457718,nan,nan
474.06,169.425537109375,-211.10336303710938,-66.8633041381836,169.91673194902347,-211.13222648567117,-66.87104669031268,0.4921030545258166,0.3541397484124618,0.05174818719102902,3.5797326418154174e-05,8.428052994726723,23.93720054452234,nan,0.6700917047456961,nan
474.07,169.42750549316406,-211.11203002929688,-66.8640365600586,169.91852338922305,-211.14110619513318,-66.87185012655878,0.4919400872986382,0.3541859577196656,0.05176998275766346,3.6507859397001e-05,8.379754623945688,25.24584679885786,nan,nan,nan
474.08,169.42953491210938,-211.12069702148438,-66.86486053466797,169.92040284394113,-211.149982450061,-66.8724471591479,0.4917992676882549,0.35423225188451085,0.05179184017500948,3.575362834552205e-05,8.272080950411798,24.727929488729234,nan,0.06019609323280548,nan
474.09000000000003,169.431640625,-211.12936401367188,-66.86577606201172,169.92234775445763,-211.1588629268547,-66.87343066964806,0.49165258648519744,0.3542786349818887,0.05181376007453819,3.646378556688344e-05,8.22418863936515,24.64546109868214,nan,nan,nan
474.1,169.433837890625,-211.13803100585938,-66.86678314208984,169.90339416632273,-211.16347205949674,-66.8751854110903,0.4703200414416282,0.354207207197922,0.05180817316629927,3.5691234834515556e-05,8.24084330373322,25.744022361512584,6.051132644550466,0.2523401413277772,nan
474.11,169.43609619140625,-211.14671325683594,-66.86787414550781,169.90544708680792,-211.17235324299247,-66.87635533903331,0.47012721953539155,0.3542533918716226,0.05183008712331083,3.6400195799953986e-05,8.195749778672532,24.54201170861932,nan,nan,nan
474.12,169.4384307861328,-211.15538024902344,-66.86904907226562,169.90761296057508,-211.18122066174672,-66.87646015871412,0.46995166128702054,0.35429966157999027,0.05185206319190226,3.5652877375390924e-05,7.716030005069959,25.03805481824196,nan,0.9042621837678374,nan
474.13,169.4408416748047,-211.16404724121094,-66.87031555175781,169.90981254868313,-211.19010206694574,-66.87779392387228,0.4697536168459675,0.35434601986717185,0.05187410194179724,3.6361585813449846e-05,7.669588872357243,24.959182680275543,nan,nan,nan
474.14,169.4433135986328,-211.1727294921875,-66.87165832519531,169.91209568483754,-211.1989795323913,-66.87886369588927,0.46957174779153094,0.3543924636006275,0.051896203105711976,3.561703534254604e-05,7.546983741413472,23.86076452990919,nan,0.08363220997470222,nan
474.15000000000003,169.44586181640625,-211.181396484375,-66.87309265136719,169.92307433738551,-211.20750903109433,-66.88026823135995,0.477980275977772,0.35432109496657305,0.051890515176026664,3.6303336455221154e-05,7.765012586246051,24.280045161459235,2.7709616803033676,nan,nan
474.16,169.448486328125,-211.1900634765625,-66.8746109008789,169.92549658411383,-211.21638756147112,-66.88224514222324,0.47779705252932353,0.3543673402169577,0.05191260967174498,3.556228701489896e-05,7.942064263186445,24.576777971252778,nan,0.10527369419698564,nan
474.17,169.451171875,-211.19874572753906,-66.87620544433594,169.92800057765777,-211.22526177916617,-66.8839166165684,0.47762765293624065,0.3544136737201757,0.051934767047028964,3.626976554198558e-05,7.900800747494595,23.57956413687084,nan,nan,nan
474.18,169.45391845703125,-211.20741271972656,-66.87788391113281,169.93058645175213,-211.2341312172204,-66.8852311374517,0.47747276051533927,0.35446009280443513,0.05195698708922656,3.553118823355368e-05,7.738124289736036,23.983143588163625,nan,0.1319764972393762,nan
474.19,169.4567413330078,-211.21607971191406,-66.879638671875,169.93322672057604,-211.24300528018406,-66.88706157272667,0.4773032686351147,0.3545066003213714,0.051979270287891025,3.623856458864037e-05,7.696826508744762,24.216211433239096,nan,nan,nan
474.2,169.4596405029297,-211.22474670410156,-66.8814697265625,169.92662396903754,-211.24593745652996,-66.88795060716066,0.4675089383315671,0.3544352868818366,0.05197347769038342,3.548105894388184e-05,7.491834382155246,24.039388872349118,1.460829875068569,0.8141987211550892,nan
474.21000000000004,169.4626007080078,-211.23342895507812,-66.88336944580078,169.929387098195,-211.25479676906517,-66.88992125370001,0.46732113554313565,0.3544815956223138,0.05199575344929709,3.6187499965038084e-05,7.453068360465442,22.764567097615856,nan,nan,nan
474.22,169.4656219482422,-211.24209594726562,-66.88526916503906,169.9322230460541,-211.26365332520146,-66.89166791500841,0.46714264312298154,0.35452799005303953,0.05201809212157595,3.5454319788777154e-05,7.379797046491756,23.593348187969074,nan,0.04601345871176503,nan
474.23,169.4687042236328,-211.25076293945312,-66.88716125488281,169.93511662847848,-211.2725122562844,-66.89366968596578,0.46696458522216583,0.354574472628202,0.05204049414874468,3.616074922751754e-05,7.354889357356961,23.29178078144929,nan,nan,nan
474.24,169.4718475341797,-211.25942993164062,-66.88902282714844,169.93808167102083,-211.28136842434043,-66.89538660214838,0.4667933862536934,0.3546210412738293,0.05206295938873574,3.542962945876633e-05,7.285386304651908,23.217957100623742,nan,0.04877013509467986,nan
474.25,169.47506713867188,-211.2681121826172,-66.89085388183594,169.92651083636792,-211.28733679890192,-66.8974406284514,0.45190085559971427,0.3545497846254892,0.05205705917928139,3.6114004988570755e-05,7.097426580084733,23.001984047298517,3.24405187003751,nan,nan
474.26,169.47833251953125,-211.2767791748047,-66.89265441894531,169.92957981612602,-211.2961897474414,-66.89880788993898,0.45170649565779425,0.35459615439548764,0.05207951621714026,3.538568856221016e-05,6.9258305854293996,23.102280764851386,nan,0.2136744829214586,nan
474.27,169.48167419433594,-211.2854461669922,-66.89441680908203,169.9326960652472,-211.30504753975495,-66.90069296427305,0.45149123134171915,0.35464261204401676,0.05210203680705217,3.609132805350323e-05,6.906698809497403,23.516298793869353,nan,nan,nan
474.28000000000003,169.48507690429688,-211.2941131591797,-66.89614868164062,169.93587909568413,-211.31390278862233,-66.90231401735134,0.4512784689717129,0.3546891558379671,0.0521246208488906,3.5364828100578055e-05,6.849949483488446,23.31354707316074,nan,0.03677536918722454,nan
474.29,169.488525390625,-211.3027801513672,-66.89784240722656,169.93911684762725,-211.32275983915162,-66.90413003012623,0.45107802346057524,0.35473578771906633,0.05214726872247096,3.607056275965882e-05,6.8316490448506855,22.95485469877355,nan,nan,nan
474.3,169.49205017089844,-211.3114471435547,-66.89950561523438,169.9240668304679,-211.31786497983907,-66.90534569828469,0.4321037946352229,0.35466458485216135,0.05214125736374916,3.532459169187655e-05,7.132401341009744,22.855787127014032,7.102509505276813,0.2413484551927965,nan
474.31,169.49562072753906,-211.3201141357422,-66.90113830566406,169.92740719650968,-211.32668560609025,-66.90709099833241,0.4318774983240622,0.3547110175843573,0.052163896234482136,3.602957717684631e-05,7.110626320172443,22.374209106899944,nan,nan,nan
474.32,169.49925231933594,-211.3287811279297,-66.9027328491211,169.93077508212698,-211.33551703137888,-66.91015497768986,0.43163914928396696,0.35475753651632974,0.05218659879024215,3.530722359172211e-05,7.647840932237604,23.05597235024494,nan,1.265114791500085,nan
474.33,169.50294494628906,-211.3374481201172,-66.904296875,169.93423153209147,-211.3443368315525,-66.91185050457479,0.4314077314537753,0.3548041432997515,0.052209365374504574,3.60123688272838e-05,7.632562689285304,23.057615456550696,nan,nan,nan
474.34000000000003,169.50669860839844,-211.3461151123047,-66.90583038330078,169.9377475854326,-211.3531552561903,-66.91339520682685,0.43117283168481213,0.3548508366379753,0.05223219594069464,3.529149280715332e-05,7.630450870933838,23.106997170773973,nan,0.010057534850303515,nan
474.35,169.510498046875,-211.3547821044922,-66.90733337402344,169.9354912993997,-211.36619113326273,-66.91498235928758,0.42521516624478706,0.35477968823707473,0.052226070377970196,3.5974813153363835e-05,7.146196532666575,23.197256115400627,4.776132514870562,nan,nan
474.36,169.5143585205078,-211.3634490966797,-66.9088134765625,169.9391104459075,-211.37502240123715,-66.91582463924486,0.42496740570456676,0.3548261822937958,0.05224889114404177,3.525617007523764e-05,6.876047582273719,22.88533566001274,nan,0.4033702221237143,nan
474.37,169.5182647705078,-211.3721160888672,-66.9102554321289,169.94276865148186,-211.38385886949456,-66.91739229506544,0.4247262326151546,0.3548727639839417,0.052271776133740476,3.596083391487642e-05,6.860645477362666,22.730825246264057,nan,nan,nan
474.38,169.52223205566406,-211.3807830810547,-66.91166687011719,169.94649024895244,-211.39269138629155,-66.91847631840959,0.4244799063465575,0.3549194322558989,0.05229472533172099,3.524347043179127e-05,6.722469716919139,22.759113675069663,nan,0.1445687886699609,nan
474.39,169.52626037597656,-211.3894500732422,-66.91305541992188,169.95025656586856,-211.40152654465945,-66.91998423118682,0.42422472656643345,0.35496618839283667,0.05231773903538819,3.594836633817062e-05,6.704922204833006,22.774283508942545,nan,nan,nan
474.40000000000003,169.5303192138672,-211.3981170654297,-66.91441345214844,169.98156707309494,-211.4202638869614,-66.92155943557997,0.4518475154748423,0.35489509212842185,0.052311495818598536,3.521105979932613e-05,6.876836273858664,21.97190706206016,6.564435694009818,0.009133113666218553,nan
474.41,169.53445434570312,-211.40676879882812,-66.9157485961914,169.98548489892067,-211.42911402329287,-66.92301477056051,0.45164218833283354,0.3549416487250248,0.05233449889295649,3.591533391158899e-05,6.858743980295448,23.27908009304382,nan,nan,nan
474.42,169.53863525390625,-211.41543579101562,-66.91705322265625,169.98947985250877,-211.4379544356496,-66.92305208837469,0.4514464839104655,0.3549882919141115,0.05235756639636348,3.5201099768893116e-05,6.374580520257606,21.80250157331638,nan,1.3522706710408596,nan
474.43,169.54286193847656,-211.42410278320312,-66.9183349609375,169.99350115167917,-211.44680354999764,-66.92444207377761,0.4512519497089902,0.3550350227738791,0.052380698599648515,3.5905650235464826e-05,6.3550216053745165,21.519659627059742,nan,nan,nan
474.44,169.54713439941406,-211.43275451660156,-66.91958618164062,169.99757935383474,-211.45564987583265,-66.92545333204355,0.4510646050082127,0.35508184056129966,0.052403895526738145,3.519242102791526e-05,6.2578235012652925,22.162093572187082,nan,0.08747520003587687,nan
474.45,169.5514678955078,-211.44142150878906,-66.92081451416016,170.00191956842332,-211.47879026810625,-66.92676340040373,0.4520381876045681,0.3550107964505427,0.05239753152375996,3.587528401167773e-05,5.355413766424622,22.498306980936665,19.28182964697068,nan,nan
474.46000000000004,169.55584716796875,-211.4500732421875,-66.9220199584961,170.00607496088492,-211.48768334377763,-66.92745461486412,0.4518286409089413,0.35505741453709566,0.05242071699116686,3.5163828791599086e-05,5.174225270051835,22.99025309414358,nan,0.27038669056672276,nan
474.47,169.56027221679688,-211.458740234375,-66.92320251464844,170.01026927032296,-211.4965795075563,-66.92873821177521,0.451619090295939,0.35510412011371284,0.05244396735065988,3.586810399826137e-05,5.155219316997023,21.909722044535386,nan,nan,nan
474.48,169.5647430419922,-211.46739196777344,-66.92435455322266,170.01453777062224,-211.50546552979628,-66.92832738982966,0.4514207321991275,0.35515091260722326,0.05246728264854729,3.515749601617901e-05,4.715837059137165,22.352589691137265,nan,1.9551350470536164,nan
474.49,169.5692596435547,-211.47605895996094,-66.92549133300781,170.01882842602413,-211.51436052418265,-66.92954921851543,0.45121565401443997,0.3551977928402852,0.05249066312255101,3.5862093318840905e-05,4.693313880948715,21.17155519178144,nan,nan,nan
474.5,169.57379150390625,-211.48471069335938,-66.92660522460938,170.02269981936007,-211.52601077596722,-66.93206498046568,0.45083720059574994,0.35512679902436284,0.05248417495324739,3.513114217063813e-05,4.892444697248304,22.813562789023305,0.9762370924634377,1.0959696346195296,nan
474.51,169.57827758789062,-211.4933624267578,-66.92768859863281,170.026993538732,-211.53491370597897,-66.93325718749851,0.45067008168542655,0.35517347930735427,0.05250754311064374,3.583519989514436e-05,4.877450213718507,22.77794332949833,nan,nan,nan
474.52,169.58270263671875,-211.5020294189453,-66.92875671386719,170.0312562336935,-211.54380751200057,-66.93278947310877,0.4505130426141191,0.35522024648377454,0.05253097641582766,3.5126908433725754e-05,4.444569614746439,21.372236787518116,nan,1.8830872398123595,nan
474.53000000000003,169.5870361328125,-211.51068115234375,-66.92980194091797,170.03542587341363,-211.55270913147498,-66.93392409263868,0.4503739586621457,0.35526710123732824,0.05255447508791171,3.583131710169515e-05,4.425179504806297,21.755121779176257,nan,nan,nan
474.54,169.59130859375,-211.5193328857422,-66.93083190917969,170.03953164183105,-211.5616048509598,-66.93393875371103,0.4502226919618408,0.3553140432041695,0.052578039200783466,3.5123654191551125e-05,4.19499417452496,21.881435155369207,nan,0.8482751416512706,nan
474.55,169.59548950195312,-211.52798461914062,-66.93183135986328,170.05360844995897,-211.57817434031207,-66.93493631794225,0.460870501765869,0.3552430992258186,0.05257142368411454,3.5806447466051695e-05,3.9804946521898463,21.93570055258727,2.3761203565930247,nan,nan
474.56,169.59959411621094,-211.53663635253906,-66.93281555175781,170.0575662162744,-211.58708622851552,-66.9343771384931,0.46074512799998035,0.3552898410588447,0.05259497461865644,3.510019601210563e-05,3.75107469692629,21.679641405332237,nan,1.8476679548071078,nan
474.57,169.60360717773438,-211.5452880859375,-66.93378448486328,170.0614227951098,-211.59600490679978,-66.9354054692325,0.46061910839818127,0.35533667031688854,0.05261859110858461,3.580445774040766e-05,3.725824103795601,21.21965048157414,nan,nan,nan
474.58,169.6075439453125,-211.55393981933594,-66.93473052978516,170.0652015809862,-211.6049222118004,-66.93618822508878,0.46049086929867816,0.35538358674832776,0.05264227324304501,3.5098711930859244e-05,3.683962269927499,21.29003606453917,nan,0.03626438510727222,nan
474.59000000000003,169.61141967773438,-211.56259155273438,-66.93565368652344,170.0688988897788,-211.61384003500825,-66.9371780003577,0.4603433065885029,0.35543059086796003,0.05266602121851697,3.5803350404560174e-05,3.6591628747294638,21.757226854943458,nan,nan,nan
474.6,169.61520385742188,-211.5712432861328,-66.93656921386719,170.09829009573482,-211.63567724065186,-66.93848219992377,0.4873681438686483,0.3553596951771973,0.05265927503109234,3.507693091171265e-05,3.572576854699935,21.210292843716918,6.355811987569244,0.10773652737051459,nan
474.61,169.61891174316406,-211.57989501953125,-66.93745422363281,170.10187037243566,-211.64462143906084,-66.9394397078201,0.4872807087505874,0.35540649891940895,0.05268300894437491,3.578107829008507e-05,3.5505369854031716,21.36056676584019,nan,nan,nan
474.62,169.62254333496094,-211.5885467529297,-66.9383316040039,170.10538152503636,-211.6535633175316,-66.9398277916402,0.48719822459178813,0.3554533897854688,0.05270680870109618,3.507701214684242e-05,3.476552807517053,20.965427991650564,nan,0.2146931992267656,nan
474.63,169.6260986328125,-211.59719848632812,-66.9391860961914,170.1088139960413,-211.66250704996835,-66.94074654628197,0.48711576179215665,0.35550036820115877,0.052730674485447666,3.578155373489062e-05,3.4534499325723242,20.90372672926679,nan,nan,nan
474.64,169.6295928955078,-211.60585021972656,-66.94002532958984,170.1121766912554,-211.67145002721796,-66.94144681554513,0.48702410133727253,0.35554743404906325,0.052754606404842856,3.507782255577042e-05,3.4156600997345765,21.046080715875064,nan,0.028724405050639324,nan
474.65000000000003,169.63302612304688,-211.614501953125,-66.94084167480469,170.09543783282083,-211.68032762483776,-66.94236585256921,0.4670759376272457,0.3554765858631643,0.05274772634073618,3.576077625580835e-05,3.0097307490850085,22.17498584634096,8.819483118447154,nan,nan
474.66,169.63636779785156,-211.62315368652344,-66.941650390625,170.0347247249858,-211.62755622446878,-66.94296582473889,0.39838342598946813,0.35179100583083944,0.04928778757678215,3.505661836966289e-05,6.395401597422193,24.66492546094058,nan,0.06810746824629814,1.0936716362812522
474.67,169.63966369628906,-211.63180541992188,-66.94243621826172,170.03785106294498,-211.63644627409843,-66.94381775142539,0.39821680668417925,0.35184013810801007,0.0493042794243865,3.5761048644858885e-05,6.3513062754647756,25.347144427557858,nan,nan,nan
474.68,169.64288330078125,-211.6404571533203,-66.9432144165039,170.04085435462594,-211.64527131172974,-66.9437039131515,0.3980004716409372,0.35188935214940054,0.04932082291338277,3.5058778834155435e-05,6.257253808848186,24.76166706639386,nan,0.6363979761061294,nan
474.69,169.6460418701172,-211.64910888671875,-66.9439697265625,170.04384947932556,-211.6541614112456,-66.94451705385018,0.39784007027363955,0.3519386582197813,0.0493374314815982,3.576361650969897e-05,6.211491145089097,24.9525972474302,nan,nan,nan
474.7,169.64913940429688,-211.6577606201172,-66.94470977783203,169.99391092384153,-211.64762825178232,-66.94623902574116,0.34492376574595196,0.35187339675961543,0.049333831357855525,3.5040405434411246e-05,5.824926675506776,25.98078218743677,25.91409772607716,0.6348949697075419,nan
474.71000000000004,169.6521759033203,-211.66641235351562,-66.94544219970703,169.99668742226444,-211.65650265077537,-66.94703290089868,0.34465768412132314,0.35192249038495776,0.04935045845662458,3.5744777993536587e-05,5.782376793688247,25.784875977230097,nan,nan,nan
474.72,169.65513610839844,-211.67506408691406,-66.94615173339844,169.999359127858,-211.66532811971604,-66.94706958000214,0.34436190065908423,0.35197166589206497,0.04936713796701291,3.504369508904965e-05,5.689824650278753,25.35697920864609,nan,0.38933721872797206,nan
474.73,169.65805053710938,-211.6837158203125,-66.94685363769531,170.0020143889757,-211.67420239246331,-66.94782912387936,0.34409677166963154,0.3520209331309141,0.049383882324345804,3.5748484325080025e-05,5.646464751529484,25.559891069504694,nan,nan,nan
474.74,169.66091918945312,-211.69236755371094,-66.94754028320312,170.0044997329346,-211.68295262728014,-66.94665174654493,0.34371066348908835,0.3520702826431644,0.04940067961544587,3.5047510302580443e-05,5.5963405360474425,25.939230386537904,nan,2.606528914408744,nan
474.75,169.66371154785156,-211.70101928710938,-66.94821166992188,170.0459442574544,-211.7019786356876,-66.94743264228637,0.38223470737765947,0.35200495354143635,0.049397072706805954,3.573071271171387e-05,5.946143582885794,24.513725318470115,15.19656269902194,nan,nan
474.76,169.6664581298828,-211.70968627929688,-66.94886779785156,170.04852121841756,-211.71088757724266,-66.9485728017081,0.38206509099915326,0.35205409048903863,0.04941388825134839,3.5030655740557274e-05,5.8872779309127825,23.906368238023195,nan,0.13429450843130267,nan
474.77,169.6691436767578,-211.7183380126953,-66.94951629638672,170.05101797866504,-211.7197694022974,-66.94926846549087,0.3818770649744251,0.35210331886190416,0.049430768425675585,3.573540282186659e-05,5.841334850973359,24.4397206389795,nan,nan,nan
474.78000000000003,169.67176818847656,-211.72698974609375,-66.95014953613281,170.0534158581565,-211.7286025827516,-66.94916137424775,0.38165235683555265,0.35215262963765315,0.049447702271941354,3.503538601603728e-05,5.822791918398897,24.259533321854864,nan,0.4404998238881162,nan
474.79,169.6743621826172,-211.7356414794922,-66.95076751708984,170.05580532312968,-211.73748492190285,-66.94982525898105,0.381448758779334,0.3522020320211441,0.04946470081346783,3.574055095043163e-05,5.7746684438803815,24.916747843620502,nan,nan,nan
474.8,169.67689514160156,-211.74429321289062,-66.95137023925781,170.04032519375176,-211.73672615723643,-66.94973868672484,0.3635124827304192,0.35213662596748346,0.04946107192764807,3.501938555911043e-05,6.005194936335099,24.664207904107705,4.471198701405441,0.38992382565655814,nan
474.81,169.6793670654297,-211.75294494628906,-66.95196533203125,170.04258553375814,-211.74558483436553,-66.95037251595095,0.3632965235802036,0.3521858154380981,0.04947808792429742,3.572409249983486e-05,5.955859537352299,24.190851118944874,nan,nan,nan
474.82,169.68179321289062,-211.76161193847656,-66.95255279541016,170.04481806817904,-211.75446758742092,-66.95139488519139,0.3630969953955223,0.35223508744557946,0.04949515830605429,3.5024898994964194e-05,5.880102215179753,23.252468876034044,nan,0.11246536800669057,nan
474.83,169.68417358398438,-211.770263671875,-66.953125,170.04697977460128,-211.76332702546432,-66.95201118536801,0.3628742062980137,0.35228445074503933,0.04951229319210093,3.573002765581534e-05,5.832476068948266,24.25145743719211,nan,nan,nan
474.84000000000003,169.68650817871094,-211.77891540527344,-66.95368194580078,170.04909741649817,-211.7721911615728,-66.95269032348706,0.36265293894753614,0.3523338969803241,0.04952948296197021,3.50307774863613e-05,5.781946305402609,24.368655249952734,nan,0.0038109936184299925,nan
474.85,169.6887969970703,-211.78756713867188,-66.95423126220703,170.01317459129285,-211.77246871594517,-66.95318537882667,0.3247304726607627,0.3522684228662953,0.04952583889474559,3.571430114274509e-05,5.284410233105288,25.288142042332197,16.073825380787515,nan,nan
474.86,169.6910400390625,-211.79623413085938,-66.95477294921875,170.01516181319093,-211.7813667557691,-66.95443829483675,0.3244627487089853,0.3523176560697571,0.04954304576913872,3.501581310480883e-05,5.21513032552845,24.23734272512141,nan,0.3159622629011608,nan
474.87,169.6932373046875,-211.8048858642578,-66.9552993774414,170.01706799357873,-211.79022725251764,-66.95501851709191,0.3241624112207595,0.3523669802460986,0.049560316974936576,3.572090232276524e-05,5.171429143776344,25.153125322884147,nan,nan,nan
474.88,169.6953887939453,-211.8135528564453,-66.95581817626953,170.01905663791547,-211.79922119109975,-66.95798510992545,0.32399223054470905,0.35241638749550264,0.049577643741367874,3.5022309011515795e-05,5.261992172408485,24.232406245810957,nan,4.049114889767416,nan
474.89,169.697509765625,-211.82220458984375,-66.9563217163086,170.02087519747096,-211.8080830596676,-66.95856987914185,0.3236814396340371,0.35246588589575234,0.04959503492938239,3.5727814641465585e-05,5.226800669772791,25.63575012484283,nan,nan,nan
474.90000000000003,169.69956970214844,-211.8308563232422,-66.95681762695312,170.03113156570697,-211.82440042282138,-66.96162449155426,0.33165954526282637,0.35240033549546607,0.04959136265169749,3.500791650551202e-05,5.420788226792892,25.737605597132813,3.463631647797104,4.121380080270836,nan
474.91,169.70159912109375,-211.8395233154297,-66.95730590820312,170.03287525791487,-211.83328712567774,-66.96221653801388,0.3313712165757369,0.35244962050785333,0.04960877013054548,3.5712960498026986e-05,5.39562375925653,25.102974996036718,nan,nan,nan
474.92,169.70358276367188,-211.84817504882812,-66.95777893066406,170.03449371977635,-211.84208755451334,-66.96115660834074,0.33098417962721094,0.3524989887299027,0.04962623381996209,3.501492797899392e-05,5.005176111831562,25.592902171083875,nan,1.9050754330910882,nan
474.93,169.70553588867188,-211.85684204101562,-66.958251953125,170.03615663897634,-211.85097545964348,-66.96171499364819,0.3306909281467312,0.3525484477823545,0.04964376178751143,3.572038889883013e-05,4.975090967520857,24.694539448763425,nan,nan,nan
474.94,169.7075653076172,-211.86550903320312,-66.95880889892578,170.0377583876354,-211.85978252215486,-66.96073982551778,0.3302483784944269,0.3525979904442156,0.04966134643811866,3.502218122743217e-05,4.70442853570836,24.694804219950182,nan,1.7531210074150396,nan
474.95,169.70965576171875,-211.87416076660156,-66.95946502685547,170.02554806082762,-211.85529894236512,-66.96135613523786,0.3164605652221558,0.3525323714971122,0.04965765056963087,3.5706011029324115e-05,5.227038172390408,24.375438761720872,11.538372820445241,nan,nan
474.96000000000004,169.7118377685547,-211.88282775878906,-66.96021270751953,170.02739356924604,-211.86417216507394,-66.96266332790731,0.316116276181901,0.3525817006469222,0.04967525108656087,3.500845597033293e-05,5.256451393910388,24.09844424247676,nan,0.20228441203491526,nan
474.97,169.71408081054688,-211.89149475097656,-66.96104431152344,170.02928717869875,-211.87301881254933,-66.96353243766556,0.315757194052586,0.35263112030799343,0.04969291575750546,3.5713863368593925e-05,5.216925417744752,23.812082514948546,nan,nan,nan
474.98,169.71641540527344,-211.900146484375,-66.96196746826172,170.03124005758258,-211.8818510230807,-66.964192595215,0.31536365801325433,0.3526806237115284,0.049710637723336636,3.5016100549503556e-05,5.1423352567990595,25.11863899218331,nan,0.06340143505696547,nan
474.99,169.71881103515625,-211.9088134765625,-66.96298217773438,170.03328080769296,-211.89069818948235,-66.96523936422413,0.3149992005642816,0.35273021780568614,0.049728423960039445,3.572191576214113e-05,5.10261638780686,23.72467842381694,nan,nan,nan
475.0,169.7212677001953,-211.91748046875,-66.9640884399414,170.0365426808293,-211.89292157344246,-66.96726416376875,0.31624600862987007,0.35266452319423786,0.049724693375262995,3.5002735043198394e-05,5.732970535683451,22.864626153044586,6.433337636861788,0.5173534139387148,nan
475.01,169.72381591796875,-211.92613220214844,-66.96527099609375,170.03873599396994,-211.9017405487897,-66.96849700788741,0.31587974638184585,0.3527139034186651,0.04974249465217682,3.57080787316296e-05,5.693684092891113,24.625697094468645,nan,nan,nan
475.02,169.72640991210938,-211.93479919433594,-66.96654510498047,170.040906252287,-211.9104678080876,-66.96784402699059,0.31543882376820265,0.3527633675140906,0.049760353808593644,3.501069451123583e-05,5.409886408011659,22.543685131673016,nan,2.746208646478605,nan
475.03000000000003,169.72909545898438,-211.94346618652344,-66.96790313720703,170.04323954435375,-211.9192871911255,-66.96923003697029,0.31507600805836994,0.352812921985709,0.04977827714210094,3.5716444718009165e-05,5.3701056678755945,23.240614567566745,nan,nan,nan
475.04,169.73184204101562,-211.95213317871094,-66.96934509277344,170.04564759362614,-211.92811239072927,-66.97082674867774,0.31472705382389904,0.3528625607238846,0.0497962588005058,3.501880404437435e-05,5.343091772219348,22.945027361342852,nan,0.011135960381961126,nan
475.05,169.73464965820312,-211.96080017089844,-66.97087097167969,170.02710908625423,-211.93698448397413,-66.97251965003109,0.2934321423088503,0.352796797045428,0.04979249623249048,3.5702895034558314e-05,4.752895903676015,23.702086737484915,11.238631105301922,nan,nan
475.06,169.73753356933594,-211.96945190429688,-66.97247314453125,170.02963177052015,-211.94585013909085,-66.97477750595282,0.2930592304252791,0.35284622178010344,0.04981049243413193,3.5005832965626386e-05,4.788285478136784,25.06532234131561,nan,0.2675475914948032,nan
475.07,169.740478515625,-211.97811889648438,-66.97415924072266,170.0321926707106,-211.9546886696269,-66.97650797794492,0.29266301504364606,0.352895736581246,0.049828552738273434,3.5711506525777916e-05,4.752338659347509,23.887995354331768,nan,nan,nan
475.08,169.7434844970703,-211.98678588867188,-66.9759292602539,170.03483659184792,-211.96354394763262,-66.97870726696065,0.2922908624569631,0.3529453357689748,0.049846671914124105,3.50141677896231e-05,4.779912296531031,23.625496101783625,nan,0.10596838448041992,nan
475.09000000000003,169.74656677246094,-211.99545288085938,-66.97776794433594,170.03752800864956,-211.97238259669604,-66.98060324046608,0.2918881941427809,0.35299502520830095,0.04986485533623164,3.572023691879061e-05,4.746185534490177,24.31935954834003,nan,nan,nan
475.1,169.7497100830078,-212.0041046142578,-66.97967529296875,170.01485921684167,-211.9735432754647,-66.9801432948497,0.26690499738190365,0.35292918642377613,0.04986105129131941,3.500140255147303e-05,4.354486312383617,25.049047614967453,6.242524309121086,3.777460432281428,nan
475.11,169.75291442871094,-212.0127716064453,-66.98158264160156,170.01763470798596,-211.98237278520517,-66.98211655124344,0.26646050298635804,0.3529786615048944,0.04987924841930801,3.570698733069897e-05,4.318799510665076,24.365240625383652,nan,nan,nan
475.12,169.7561798095703,-212.0214385986328,-66.98348236083984,170.0205082301229,-211.9912350945504,-66.98490049345185,0.2660522066640197,0.35302822108540427,0.04989750493945779,3.500990711052421e-05,4.331175479693162,24.058313568839782,nan,0.4655013819043567,nan
475.13,169.75950622558594,-212.0301055908203,-66.9853515625,170.02340864113572,-212.00006419713117,-66.98686127366406,0.265611086921449,0.35307787061677015,0.04991582566068121,3.571588545627416e-05,4.300769158388128,24.10419958287416,nan,nan,nan
475.14,169.7628936767578,-212.03875732421875,-66.98719024658203,170.02636553497982,-212.00888863801427,-66.98868365642957,0.2651637018211779,0.35312760503538954,0.049934206193005454,3.501849605865813e-05,4.263170216384007,24.831394697715226,nan,0.008660503484263492,nan
475.15000000000003,169.76634216308594,-212.04742431640625,-66.9889907836914,170.00222053168096,-212.00360524166524,-66.99073096893632,0.23992028744334,0.3530616966559913,0.0499303618098101,3.570278892608385e-05,4.498066305093038,24.64779536477485,10.013634058561834,nan,nan
475.16,169.7698516845703,-212.05609130859375,-66.99076843261719,170.0052603612979,-212.01239909713487,-66.99257978197195,0.23943586909083991,0.35311121657015554,0.049948755481445443,3.500593111281823e-05,4.470446330123365,24.211769705610248,nan,0.0003432198876508349,nan
475.17,169.77340698242188,-212.0647430419922,-66.99250030517578,170.00836030749198,-212.0211933391822,-66.99441694412516,0.23896299939781784,0.35316082614141464,0.049967213326977365,3.571180618664389e-05,4.4426885494400485,24.820361792565173,nan,nan,nan
475.18,169.77703857421875,-212.0734100341797,-66.99420166015625,170.01146081045846,-212.0299343949809,-66.99479929151265,0.23842037079622072,0.35321052070093434,0.049985731468095436,3.501462829010586e-05,4.31395164496116,24.370388016009198,nan,1.425369338244094,nan
475.19,169.7807159423828,-212.08206176757812,-66.9958724975586,170.01467702320835,-212.03872765999873,-66.99655577157765,0.23794137741078472,0.3532603051114143,0.050004313952648594,3.5720885523018455e-05,4.280353486780221,24.51854126598122,nan,nan,nan
475.2,169.78445434570312,-212.09072875976562,-66.99750518798828,170.0169405886326,-212.0572108004328,-66.99751285951693,0.2348899887354677,0.3531943221078132,0.05000042110166411,3.500216226924237e-05,3.619914138164169,24.697931055291274,12.709412504275855,0.245233329837758,nan
475.21000000000004,169.7882537841797,-212.09938049316406,-66.99910736083984,170.0202587845889,-212.06604278718328,-66.99919562361013,0.23438799168313187,0.3532438916652775,0.05001901587676916,3.570792168506746e-05,3.5853485070975895,25.54476184611685,nan,nan,nan
475.22,169.79209899902344,-212.10804748535156,-67.00067901611328,170.0236353278534,-212.074876646514,-67.00091399484029,0.2339004731338761,0.3532935463031154,0.05003767140729027,3.5010928796050085e-05,3.553326748845726,24.209903653591947,nan,0.003145461650910514,nan
475.23,169.79600524902344,-212.11669921875,-67.0022201538086,170.02706433184744,-212.0837079024005,-67.00253570840782,0.23340271267628274,0.3533432905098346,0.050056391281217937,3.5717068411543646e-05,3.5204048458332755,25.164848630537534,nan,nan,nan
475.24,169.79995727539062,-212.1253662109375,-67.00373077392578,170.0305428820572,-212.0925345534494,-67.00399853526345,0.2329113810687312,0.3533931201748788,0.05007517230478544,3.501973488603632e-05,3.4868754028240176,23.91889754365774,nan,0.011707011031205668,nan
475.25,169.80397033691406,-212.13401794433594,-67.00521087646484,170.0189612335573,-212.09734522693998,-67.00547630410671,0.21809641054473275,0.3533270670596729,0.050071230810937506,3.570416679790565e-05,3.360152527273806,25.515567758201215,2.4269636464325015,nan,nan
475.26,169.80804443359375,-212.14268493652344,-67.00666046142578,170.0225066834065,-212.10615607932152,-67.00650976891038,0.21755099795556096,0.35337668171132747,0.050090023492749707,3.500733766774354e-05,3.3264329723304096,24.953721296099452,nan,0.1742665014967767,nan
475.27,169.81216430664062,-212.15133666992188,-67.0080795288086,170.02612342171238,-212.1149827607854,-67.00800699201409,0.21702560884231906,0.3534263856580767,0.05010888053404447,3.571334764088437e-05,3.2931106698228794,25.472661520676848,nan,nan,nan
475.28000000000003,169.8163299560547,-212.1599884033203,-67.00946807861328,170.02984003206114,-212.1238501116738,-67.01077970958187,0.21655080017217704,0.3534761751415958,0.05012779915173384,3.5016173708719824e-05,3.309693667065963,25.26103106393529,nan,1.1978655456281488,nan
475.29,169.82054138183594,-212.16864013671875,-67.01083374023438,170.033560204881,-212.13267557131672,-67.01223537722369,0.21603803721177345,0.3535260541245638,0.05014678232216587,3.5722552919827167e-05,3.2835466407479443,24.76397196375422,nan,nan,nan
475.3,169.82481384277344,-212.17730712890625,-67.01216888427734,170.02794713549187,-212.14420166777492,-67.01280182674927,0.20581425311071994,0.353459926784003,0.0501427851684679,3.5003805313004734e-05,2.880439770823392,25.16686529885725,4.441290782862945,0.5504098320142343,nan
475.31,169.82913208007812,-212.1859588623047,-67.01348114013672,170.03174676776817,-212.15304436778266,-67.01419680660211,0.20527198492698578,0.3535095904131032,0.050161779135898255,3.570967409128051e-05,2.852680894970041,25.60498955643998,nan,nan,nan
475.32,169.83351135253906,-212.19461059570312,-67.01476287841797,170.03558051923034,-212.1618737237283,-67.01513025677403,0.20470414231485157,0.3535593396477101,0.050180835084072166,3.501264532890856e-05,2.8115909044435625,26.124312516688548,nan,0.13419424913912195,nan
475.33,169.83792114257812,-212.20326232910156,-67.01602172851562,170.03947858419804,-212.1707156404858,-67.016470675733,0.20416878009582856,0.3536091781210444,0.050199955625086314,3.5718881897825965e-05,2.783408842310952,25.20856508488182,nan,nan,nan
475.34000000000003,169.84239196777344,-212.2119140625,-67.01725769042969,170.04336153140557,-212.17950435618954,-67.01593409910468,0.20357039682530945,0.3536591025667923,0.050219138518815105,3.5021496266618615e-05,2.797842642677502,25.579443886148145,nan,2.4205686716017785,nan
475.35,169.84690856933594,-212.22056579589844,-67.01846313476562,170.02749744559927,-212.18542696834297,-67.01714185812584,0.18398050223864443,0.3535929046215165,0.05021508447584632,3.570600795436544e-05,2.544082813495876,26.637571693239185,5.087526110614573,nan,nan
475.36,169.85147094726562,-212.22921752929688,-67.0196533203125,170.0314309445095,-212.19421338068534,-67.01626912445236,0.1833639654066658,0.3536426135382669,0.05023427747299485,3.500911351757969e-05,2.7937316007782242,26.440149530883126,nan,3.1764061937910877,nan
475.37,169.8560791015625,-212.2378692626953,-67.02081298828125,170.03548233329798,-212.203057416973,-67.0174739186737,0.18278001407586095,0.35369241144184627,0.05025353511685508,3.57151966721764e-05,2.750500714046499,26.533389905416882,nan,nan,nan
475.38,169.86073303222656,-212.24652099609375,-67.0219497680664,170.03957282603142,-212.21189492383064,-67.01843520504805,0.18219492002178045,0.35374229537218677,0.050272855488223425,3.5017945865048246e-05,2.763083022394427,26.450284003494744,nan,0.034531105358930496,nan
475.39,169.8654327392578,-212.2551727294922,-67.02306365966797,170.0437162584476,-212.22073748878887,-67.01959368080114,0.18161178312633777,0.3537922685049644,0.05029224072063759,3.572438682992264e-05,2.7196946530163477,26.34531749064188,nan,nan,nan
475.40000000000003,169.87017822265625,-212.26382446289062,-67.02416229248047,170.04055313040033,-212.23014487618386,-67.02183641537076,0.17368745911513195,0.3537259966486204,0.050288123656428534,3.500554973307215e-05,2.3624539349575127,26.459529025745613,1.747339284671988,0.7256636962648093,nan
475.41,169.87493896484375,-212.2724609375,-67.02523040771484,170.04476116894156,-212.23899382260026,-67.0229642424704,0.17310333413677018,0.3537757539209273,0.05030751811689012,3.571146937242403e-05,2.324733821836398,27.11263333618828,nan,nan,nan
475.42,169.87966918945312,-212.28111267089844,-67.02628326416016,170.04890843084843,-212.24779823666577,-67.02229180022223,0.17253319721337085,0.35382559726449153,0.050326975659781545,3.5014347153759e-05,2.6103230139545204,26.431684740429645,nan,2.234822249486371,nan
475.43,169.88433837890625,-212.28976440429688,-67.02730560302734,170.05306129423673,-212.25664559806168,-67.02336116328456,0.17198789518144605,0.3538755295720054,0.05034649813801258,3.572062392387515e-05,2.5657371796654442,26.824711425976133,nan,nan,nan
475.44,169.88893127441406,-212.29840087890625,-67.0283203125,170.05714590359776,-212.265494346552,-67.02450203552362,0.1714455615700132,0.35392554830635614,0.05036608405125651,3.502313898739424e-05,2.52098163197184,27.104156535387915,nan,0.005874894739366466,nan
475.45,169.89344787597656,-212.3070526123047,-67.02930450439453,170.08175452253798,-212.27336786163133,-67.02561119116724,0.19133137779707454,0.3538592053830905,0.05036190191368141,3.5707678930771956e-05,2.866072401702999,25.53688266489209,9.956116294543756,nan,nan
475.46000000000004,169.89785766601562,-212.31568908691406,-67.0302734375,170.08572192956993,-212.28220062669874,-67.02694424186723,0.19085476685677844,0.3539090080672441,0.0503814963048754,3.501068134333529e-05,2.774587758959782,25.211141528149916,nan,0.0718582002140124,nan
475.47,169.90219116210938,-212.3243408203125,-67.0312271118164,170.08959375849406,-212.29102581694832,-67.02794295626146,0.19036913683311701,0.35395889948561543,0.05040115571695651,3.5716784797525016e-05,2.7346922035690553,24.54032780669006,nan,nan,nan
475.48,169.9064483642578,-212.33297729492188,-67.03215026855469,170.09333461577143,-212.2998165256265,-67.0273640677965,0.18986578244319705,0.3540088773610851,0.050420878893211944,3.501942802677004e-05,3.060921937594932,26.473372793933986,nan,1.715246632301658,nan
475.49,169.91061401367188,-212.3416290283203,-67.03306579589844,170.09703556624342,-212.3086406688114,-67.0283113552788,0.1893774850183642,0.3540589441976386,0.05044066732282569,3.5725879873693416e-05,3.0146320279750185,24.81261518904012,nan,nan,nan
475.5,169.91468811035156,-212.3502655029297,-67.0339584350586,170.15165848849261,-212.33727734692758,-67.02917457596253,0.23737425644011897,0.35399252759540517,0.050436414666248694,3.500693513916756e-05,3.0131319963572345,24.13975569890178,23.051037535785696,0.00018174953115266909,nan
475.51,169.918701171875,-212.35891723632812,-67.03483581542969,170.1552775274029,-212.3461362318879,-67.03008707929175,0.23696893586347206,0.3540423780594343,0.050456210682428004,3.5712856902197074e-05,2.96630777380344,23.861270041736667,nan,nan,nan
475.52,169.92262268066406,-212.3675537109375,-67.03569030761719,170.1588107421092,-212.35499080809464,-67.03078855930168,0.2365727246188889,0.3540923150013227,0.05047607077468073,3.50156272438223e-05,2.996265897060338,24.488336601770353,nan,0.026752657305438812,nan
475.53000000000003,169.92645263671875,-212.37620544433594,-67.03653717041016,170.1622702963709,-212.36384893686028,-67.03166673450029,0.23619139067029551,0.3541423406875492,0.050495996222510595,3.572189758836883e-05,2.950452586629233,22.704168091714422,nan,nan,nan
475.54,169.9302215576172,-212.3848419189453,-67.03736114501953,170.16567223281126,-212.37272110211913,-67.03326951483396,0.23579795607140944,0.35419245319623593,0.0505159860826133,3.502430598225855e-05,2.7399797436437203,24.094448171677058,nan,0.38674111468192246,nan
475.55,169.9339141845703,-212.3934783935547,-67.03816986083984,170.19838162794696,-212.38101177588362,-67.03403310714803,0.2647934249437519,0.3541259650990009,0.050511660232970435,3.570883243378009e-05,3.274197187554466,22.411635083215756,17.62769764690222,nan,nan
475.56,169.93753051757812,-212.40213012695312,-67.03895568847656,170.2016562925915,-212.38983347186948,-67.03425088887248,0.26445371597309997,0.3541758610315697,0.050531656877808744,3.501173013088591e-05,3.402379034827471,21.913616069400575,nan,0.27060929939917405,nan
475.57,169.9410858154297,-212.4107666015625,-67.03973388671875,170.20487421397146,-212.39866647988913,-67.03506680547945,0.26410701201793213,0.35422584549999153,0.05055171898917462,3.571781162156984e-05,3.3544190181243874,22.670936367917072,nan,nan,nan
475.58,169.94456481933594,-212.41940307617188,-67.04049682617188,170.20804806398675,-212.4075185992598,-67.03695338225707,0.26377493625811405,0.35427591679817794,0.05057184580274765,3.502035270763829e-05,3.077840941097418,22.177439165081566,nan,0.8306936566684684,nan
475.59000000000003,169.94796752929688,-212.4280548095703,-67.04124450683594,170.2111244503463,-212.41635182794752,-67.03775108265775,0.2634401808524282,0.35432607686979534,0.05059203833046624,3.572677535004862e-05,3.036621874914346,21.10136207902647,nan,nan,nan
475.6,169.95130920410156,-212.4366912841797,-67.0419692993164,170.21552331134023,-212.43017466259477,-67.04006579274773,0.26430131319777167,0.3542595152487232,0.05058763436048124,3.5007733905610246e-05,2.5773325990706217,22.451166870956783,2.832698952454696,2.0064677110716365,nan
475.61,169.95457458496094,-212.44534301757812,-67.04268646240234,170.2184624394535,-212.43902594736235,-67.04084928745029,0.26396984740042784,0.3543094584306185,0.05060783276364694,3.571361992666234e-05,2.5449448157244436,20.963426100103902,nan,nan,nan
475.62,169.95777893066406,-212.4539794921875,-67.04338836669922,170.22136173620208,-212.44789484828414,-67.04271514596621,0.2636538857913545,0.35435948844076987,0.050628096144219155,3.5016295588003914e-05,2.4394020097861,21.83432208283852,nan,0.8467466025046593,nan
475.63,169.96092224121094,-212.46263122558594,-67.04407501220703,170.22417041875178,-212.45674652549593,-67.04348338403209,0.26331460783181593,0.35440960702789703,0.05064842536289957,3.572252381146332e-05,2.4130614641320496,21.128846090738804,nan,nan,nan
475.64,169.96400451660156,-212.4712677001953,-67.04475402832031,170.24150059914024,-212.4378839327394,-67.04449758680533,0.27949707962000747,0.35420263994512097,0.04973929494502123,3.502320784345227e-05,5.646960567024046,24.932836449919186,nan,0.03473320574880766,0.8265286402770061
475.65000000000003,169.96702575683594,-212.4799041748047,-67.04541015625,170.24467481616148,-212.4463623208154,-67.04523853765816,0.27966781288939285,0.3541359974157193,0.049735473314692163,3.5707652631412476e-05,5.653005416603313,25.264947499376618,0.04129614996518064,nan,nan
475.66,169.96998596191406,-212.48855590820312,-67.04605865478516,170.2473072187445,-212.4550108276233,-67.04298332183441,0.27935964202776853,0.35418525799712897,0.04975217430012942,3.501055788675033e-05,5.880527012860655,24.43662146547217,nan,6.302785037010359,nan
475.67,169.97288513183594,-212.4971923828125,-67.04669952392578,170.24989276030487,-212.46380622231607,-67.04367496841138,0.2790286900638316,0.3542346052481523,0.04976893702016392,3.5716550577982316e-05,5.823766740954103,24.911905736650176,nan,nan,nan
475.68,169.97572326660156,-212.50584411621094,-67.04731750488281,170.25242684827427,-212.47268801753088,-67.04615096651516,0.2786854136870971,0.35428403926746743,0.0497857549833533,3.5019102167951946e-05,5.565311158788283,24.21331775390771,nan,2.275402384939088,nan
475.69,169.97850036621094,-212.51449584960938,-67.04792785644531,170.25489684467917,-212.48148437355954,-67.04683731862454,0.27836300065447894,0.35433356024084917,0.049802634805491255,3.57254327364696e-05,5.518853272563217,23.80090355775299,nan,nan,nan
475.7,169.98123168945312,-212.52313232421875,-67.04852294921875,170.27636831286492,-212.49272049596055,-67.04918504533074,0.29670009125071367,0.3542668593856764,0.04979879775894272,3.500640940593162e-05,5.860678787687454,24.202675554252952,8.078556055557167,2.5123528326554068,nan
475.71000000000004,169.98391723632812,-212.5317840576172,-67.04911041259766,170.27876407697076,-212.50150933967026,-67.04986374772443,0.29639801871389426,0.3543161657161262,0.049815694670589224,3.5712200746277463e-05,5.822644588683644,23.46084358230076,nan,nan,nan
475.72,169.9865264892578,-212.54042053222656,-67.0496826171875,170.28110527224356,-212.51028735591535,-67.05028201774911,0.29611657667378677,0.3543655587327086,0.049832647418395035,3.501489367892966e-05,5.775286419429799,23.65181167123214,nan,0.043994764501074195,nan
475.73,169.98910522460938,-212.549072265625,-67.05024719238281,170.2833944098996,-212.51907724848456,-67.05093712543197,0.29581464067834795,0.3544150386068125,0.049849661965748235,3.572102460723648e-05,5.737351974272019,23.362577830787707,nan,nan,nan
475.74,169.9916229248047,-212.55772399902344,-67.05079650878906,170.2856357959,-212.5279322653087,-67.05304454781384,0.2955269352307696,0.35446460545898684,0.049866732787449436,3.502336394831406e-05,5.827815639824556,23.32331028297556,nan,1.508327262912249,nan
475.75,169.9940948486328,-212.56637573242188,-67.05133819580078,170.25381001144993,-212.52491508537838,-67.0537538506605,0.2630148026989879,0.3543978462886723,0.04986288292501854,3.570775089761835e-05,5.7240495557932585,24.10004006677222,10.102643478082843,nan,nan
475.76,169.9965057373047,-212.57501220703125,-67.05186462402344,170.2558903452719,-212.5336976404153,-67.0546034668635,0.2626685545037064,0.3544471982952159,0.049879970457853334,3.501058849135304e-05,5.733737153140846,24.696302699155925,nan,0.030843606751050346,nan
475.77,169.99887084960938,-212.5836639404297,-67.05238342285156,170.25792130375712,-212.5424717064509,-67.05523645635928,0.26232056292732747,0.35449663706408463,0.04989711974975412,3.571651538880331e-05,5.707529985044234,23.832737378453427,nan,nan,nan
475.78000000000003,170.00120544433594,-212.59231567382812,-67.05289459228516,170.25990451818285,-212.55124648933554,-67.05586899806765,0.26195559893595566,0.3545461627256292,0.049914325871609995,3.5019005929024786e-05,5.6921028878171285,24.246796384736044,nan,5.7136480865908734e-05,nan
475.79,170.00347900390625,-212.60096740722656,-67.05339050292969,170.26184090964898,-212.56002135607827,-67.05648330467498,0.2616046996257724,0.3545957754363704,0.04993159390339165,3.572526714365289e-05,5.667688658455565,23.945325529914513,nan,nan,nan
475.8,170.00570678710938,-212.609619140625,-67.05387878417969,170.28145328266652,-212.58214618220612,-67.05755137171882,0.2771360336649929,0.3545289578952733,0.049927722247484124,3.5006194114951763e-05,5.2628746774518005,24.103790352512846,10.380381367082405,0.10224220927064674,nan
475.81,170.0078887939453,-212.61827087402344,-67.05435943603516,170.2833201770892,-212.59096221859167,-67.05815315251218,0.2768078788017982,0.35457835555076034,0.04994500628094193,3.5711913174161976e-05,5.24200996656963,23.93883770629779,nan,nan,nan
475.82,170.01016235351562,-212.62692260742188,-67.054931640625,170.28520394779474,-212.599833605673,-67.0601891696307,0.2764223837003686,0.35462784001157327,0.04996234767397306,3.501455843058856e-05,5.587799960042348,24.957216443768875,nan,1.365648077424568,nan
475.83,170.0124969482422,-212.6355743408203,-67.05559539794922,170.28715937816935,-212.60865073971257,-67.06094188106611,0.2760306424870632,0.3546774114281378,0.04997975096520609,3.57206141982197e-05,5.558544811376637,24.564932387521946,nan,nan,nan
475.84000000000003,170.014892578125,-212.64422607421875,-67.05635070800781,170.28918808798267,-212.61748221941082,-67.06215073560843,0.27565721615483335,0.3547270699401171,0.04999721202835807,3.502291263915676e-05,5.679339891027216,24.290807372892967,nan,0.09303080556424113,nan
475.85,170.0173797607422,-212.6528778076172,-67.05719757080078,170.28845229002224,-212.61698136313012,-67.0629522388691,0.27349951930793537,0.35466019399119375,0.04999331962349696,3.570722707817606e-05,6.219749996930552,24.219813941465983,10.707600023790244,nan,nan
475.86,170.01992797851562,-212.66152954101562,-67.05813598632812,170.29062829669306,-212.62575600509044,-67.06378516176208,0.27311228701220597,0.3547096372392699,0.050010796237401935,3.501003037567717e-05,6.163686423304423,23.756766700841997,nan,0.02717253130850725,nan
475.87,170.0225372314453,-212.67018127441406,-67.05915832519531,170.29287468286574,-212.63453845495704,-67.06490222533843,0.272737493953791,0.3547591673503079,0.05002833475525752,3.571587759316718e-05,6.13620438966946,23.648131729804742,nan,nan,nan
475.88,170.02523803710938,-212.6788330078125,-67.06027221679688,170.29519066107446,-212.64333122188893,-67.06638044459086,0.2723455643776477,0.3548087844671916,0.05004593153944341,3.5018340527420846e-05,6.237799180092514,24.29819755445761,nan,0.05227595355392235,nan
475.89,170.02798461914062,-212.68748474121094,-67.06147003173828,170.29757511930404,-212.65211441234274,-67.06767705516152,0.2719717358152914,0.35485848873544623,0.050063590403488935,3.5724520113567e-05,6.2115682392025535,23.619554586633242,nan,nan,nan
475.90000000000003,170.0308074951172,-212.69613647460938,-67.06275177001953,170.28940878239152,-212.65690705209073,-67.06849344241552,0.26162289688211593,0.3547915543177528,0.0500596695482701,3.500543132009119e-05,6.03943757208051,23.904261876652605,4.142473808592692,0.06247921243674091,nan
475.91,170.03370666503906,-212.70480346679688,-67.06411743164062,170.2919109286308,-212.66568357719686,-67.06995469161346,0.26121615781430135,0.35484104310979125,0.05007734323822417,3.571106736580248e-05,6.01367480724595,23.448394154375325,nan,nan,nan
475.92,170.0366668701172,-212.7134552001953,-67.0655746459961,170.29447963271025,-212.67450270569805,-67.07275658865827,0.2608376845546456,0.3548906188167325,0.050095075664796346,3.501369792833008e-05,6.493768952979282,24.16515314032904,nan,1.112322073114843,nan
475.93,170.03968811035156,-212.72210693359375,-67.06710815429688,170.29711372017334,-212.68327963470054,-67.07439945485713,0.2604393725904708,0.3549402815831044,0.05011287020318275,3.5719669290516165e-05,6.4704120729758,24.238034091727734,nan,nan,nan
475.94,170.0427703857422,-212.7307586669922,-67.06871795654297,170.29981245469224,-212.69207184042577,-67.07658560528682,0.2600561394327434,0.35499003155335646,0.05013072386665898,3.5021959393215854e-05,6.711322195208348,24.590506098572558,nan,0.1493531595370783,nan
475.95,170.04591369628906,-212.73941040039062,-67.0704116821289,170.27992066784398,-212.69143982476527,-67.078285805592,0.2390030139610061,0.354923038600439,0.0501267743249023,3.5706193912953023e-05,6.70825923223613,24.681142593791495,5.255202373973717,nan,nan
475.96000000000004,170.04913330078125,-212.74806213378906,-67.07218933105469,170.28271104970008,-212.70013943593753,-67.07830032745053,0.23852147500027915,0.3549725728806861,0.05014464229473381,3.5008994851938664e-05,6.000340826280221,24.23053353216062,nan,2.4859200874214187,nan
475.97,170.0524139404297,-212.75672912597656,-67.07404327392578,170.28556327969122,-212.70889828885285,-67.080252984032,0.2380860430131224,0.3550221941285694,0.05016257242377103,3.571475591807607e-05,5.97654510764899,23.486061268841617,nan,nan,nan
475.98,170.0557403564453,-212.765380859375,-67.0759506225586,170.2884777653197,-212.71764004504993,-67.0817220593024,0.23765352158987874,0.355071902487917,0.050180562116033764,3.5017222511958004e-05,5.810949705262139,23.59484202539787,nan,0.21500672088861417,nan
475.99,170.05914306640625,-212.77403259277344,-67.07787322998047,170.2914532817113,-212.72639847820437,-67.0837714661279,0.23721685057245437,0.3551216981041949,0.05019861416623123,3.572331529666853e-05,5.796308416531165,23.79331289605682,nan,nan,nan
476.0,170.06260681152344,-212.78268432617188,-67.07977294921875,170.2889284874484,-212.73290057194146,-67.08388791666107,0.23176897146902703,0.35505464653827706,0.05019462926831104,3.5004241417215014e-05,5.285143892148758,23.734917768749806,0.43349154096679954,2.469880230825743,nan
476.01,170.0661163330078,-212.7913360595703,-67.08165740966797,170.2920151918823,-212.74165442069494,-67.08589629367265,0.23133639536343956,0.355104226249013,0.05021269488326591,3.570979049360756e-05,5.26818568527779,22.744730507250576,nan,nan,nan
476.02,170.06968688964844,-212.79998779296875,-67.08350372314453,170.2951616917033,-212.75038690301628,-67.08713351668732,0.23089458643917932,0.35515389297784,0.050230820477761985,3.501243592281876e-05,5.105135188336584,22.870654469147045,nan,0.38979602432905797,nan
476.03000000000003,170.0733184814453,-212.8086395263672,-67.08531188964844,170.29836596728478,-212.75914024193187,-67.08907468769537,0.2304576071459038,0.355203646872004,0.05024900850054224,3.571832009550754e-05,5.089240579525247,23.054434651744483,nan,nan,nan
476.04,170.07701110839844,-212.81729125976562,-67.08708953857422,170.30162835308872,-212.76788311822122,-67.09062194531401,0.23001423643005206,0.3552534880726559,0.050267256870009575,3.5020630469119654e-05,5.013324421946272,22.866285925019028,nan,0.09164648749330243,nan
476.05,170.0807647705078,-212.82595825195312,-67.08883666992188,170.2763771297713,-212.7611913356522,-67.09237222627203,0.2060860225790819,0.35518637780925344,0.0502632353509323,3.5704783432923755e-05,5.306788078342596,22.596878572899524,11.325155063311191,nan,nan
476.06,170.08456420898438,-212.83460998535156,-67.09054565429688,170.2797094900668,-212.76992323907746,-67.09486495996259,0.2056324689189571,0.3552360028860537,0.05028149670139696,3.500760955937704e-05,5.454019391769699,23.15372325566287,nan,0.3058336088545004,nan
476.07,170.0884246826172,-212.84326171875,-67.09221649169922,170.2830983489852,-212.77863738371659,-67.09667293643243,0.20516822598865586,0.35528571503638784,0.050299820563563136,3.571328382583318e-05,5.441676778201187,23.474692817231976,nan,nan,nan
476.08,170.09234619140625,-212.85189819335938,-67.09386444091797,170.28654337805298,-212.78732950034558,-67.09760104347862,0.20468420949773372,0.3553355143988854,0.050318205160123315,3.501578054733648e-05,5.247793661550292,23.769584648465244,nan,0.5066003213629777,nan
476.09000000000003,170.0963134765625,-212.8605499267578,-67.09546661376953,170.29004129196895,-212.79604283256256,-67.09933618502534,0.2042219509391022,0.35538540112463474,0.05033665248724666,3.572178686919567e-05,5.23327280397737,23.20895019376715,nan,nan,nan
476.1,170.10032653808594,-212.86920166015625,-67.0970458984375,170.27128288182126,-212.79835454110406,-67.10262403281693,0.18513914044442703,0.35531823206348423,0.050332588490238576,3.5002753128668866e-05,5.543259789126657,23.74286699036717,4.59383817119706,1.9008573802788404,nan
476.11,170.10440063476562,-212.8778533935547,-67.09859466552734,170.27484887475444,-212.80706015198228,-67.10431263366344,0.18465367780582842,0.3553679024462936,0.050351048038222955,3.570821647691414e-05,5.5355691097353015,23.94717517676801,nan,nan,nan
476.12,170.1085205078125,-212.88650512695312,-67.10010528564453,170.2784668899178,-212.81577354452483,-67.10632033496191,0.18418294269967453,0.3554176599462673,0.0503695686890016,3.501090091598375e-05,5.68929618955608,24.072948630332373,nan,0.0859843186343594,nan
476.13,170.11270141601562,-212.89515686035156,-67.10159301757812,170.28213751056774,-212.82447812072894,-67.10795299110576,0.18369682532636913,0.35546750471744926,0.05038815217312073,3.5716700008434784e-05,5.684577873094585,24.063039653096652,nan,nan,nan
476.14,170.11692810058594,-212.90380859375,-67.1030502319336,170.28585984981385,-212.83317645624945,-67.10930810279437,0.18321024996655688,0.35551743689397414,0.05040679710870077,3.501905359812404e-05,5.636795751826743,23.79121348794153,nan,0.04363302061062637,nan
476.15000000000003,170.1212158203125,-212.91246032714844,-67.1044692993164,170.29229847078076,-212.83626425617868,-67.11079554761794,0.18739033043368938,0.35545020893904267,0.05040268856362276,3.570312768813873e-05,6.070631212101059,24.053091763079937,5.285471570320907,nan,nan
476.16,170.1255340576172,-212.9210968017578,-67.10587310791016,170.29613219073676,-212.8449430132169,-67.1123569008209,0.18693625144290987,0.35549992455026347,0.05042134507674191,3.500600070638306e-05,6.116159195237441,23.485080478045855,nan,0.00021983417103485292,nan
476.17,170.12991333007812,-212.92974853515625,-67.10723876953125,170.3000154942048,-212.85362088681563,-67.11387354783422,0.18647837774279663,0.3555497273402065,0.05044006453655256,3.571159182128265e-05,6.114458740277823,23.555360870584572,nan,nan,nan
476.18,170.13433837890625,-212.9384002685547,-67.10858154296875,170.3039526727989,-212.8622527778498,-67.11319773614714,0.18598053197262282,0.35559961743988494,0.05045884579134206,3.5014139138593415e-05,5.457259626724758,22.53408924885593,nan,3.3087320802233746,nan
476.19,170.13882446289062,-212.94703674316406,-67.10990142822266,170.3079334435739,-212.87092949952594,-67.1146395785093,0.18550636094232154,0.3556495950081204,0.05047769022892832,3.572006334573836e-05,5.442913128401467,23.47668639216567,nan,nan,nan
476.2,170.14334106445312,-212.9556884765625,-67.1111831665039,170.3115675583741,-212.87450501728924,-67.11618930620851,0.18685815141774578,0.35558230803507246,0.05047353190199407,3.500108863242726e-05,5.855373206075698,22.432022345277247,3.07036742503857,0.03467481530738596,nan
476.21000000000004,170.1479034423828,-212.96432495117188,-67.1124496459961,170.3156476506993,-212.88316072831273,-67.1175809378994,0.18641909948460858,0.35563206881520365,0.05049238713650953,3.5706471219558883e-05,5.843087910389541,22.565386753063244,nan,nan,nan
476.22,170.15252685546875,-212.9729766845703,-67.11368560791016,170.31977858056635,-212.89178386104203,-67.11728541217296,0.1859526088317899,0.35568191680896655,0.05051130449275787,3.5009212631707986e-05,5.443093573511458,22.1994604281438,nan,1.951251416404946,nan
476.23,170.1571807861328,-212.9816131591797,-67.11489868164062,170.32395154699674,-212.9004384186235,-67.11861213658777,0.1855144601672341,0.355731852178281,0.05053028516084141,3.5714932206266326e-05,5.425891381856778,22.13770944985218,nan,nan,nan
476.24,170.16189575195312,-212.99026489257812,-67.1160888671875,170.32816778702497,-212.90910899691832,-67.12082288445873,0.1850812793526163,0.3557818750494179,0.050549328283766994,3.501734572867146e-05,5.647511727242954,22.179646080639014,nan,0.5810653691274338,nan
476.25,170.16664123535156,-212.9989013671875,-67.11725616455078,170.346318326334,-212.91517044730924,-67.12194157063222,0.1982843337173142,0.3557145289538555,0.05054511749285341,3.5701346626519645e-05,6.157959539974214,21.412862010901808,8.797978927726279,nan,nan
476.26,170.1714324951172,-213.00753784179688,-67.11840057373047,170.35066486628773,-212.92375099403725,-67.1203566778807,0.19785930626674159,0.3557643348108192,0.050564170714469954,3.5004282012678725e-05,5.619392092775193,20.85606753271138,nan,5.72835404441308,nan
476.27,170.17626953125,-213.0161895751953,-67.11952209472656,170.35504773545816,-212.9323807325276,-67.12157000880528,0.19745825473063408,0.3558142279497475,0.05058328738507493,3.570979655235674e-05,5.595884060750249,20.2692313903745,nan,nan,nan
476.28000000000003,170.18115234375,-213.0248260498047,-67.12062072753906,170.35947920493942,-212.94097849980673,-67.12089429729419,0.1970557177621109,0.35586420849399286,0.05060246681606818,3.501240871559495e-05,5.4479751585503875,20.777141067390637,nan,2.4605359498884964,nan
476.29,170.1860809326172,-213.03346252441406,-67.12168884277344,170.36394844622194,-212.94960662428758,-67.12204606355805,0.1966438201130357,0.3559142766099662,0.05062170994650816,3.571825783528873e-05,5.4170064543246035,21.10710262261181,nan,nan,nan
476.3,170.1910400390625,-213.04209899902344,-67.12274932861328,170.32429509746544,-212.9457494166542,-67.12404336303499,0.16444399392432174,0.3558468712445311,0.05061744192117402,3.499935471457793e-05,5.157876933399299,21.85845417944612,17.36418280899325,0.5116342144901999,nan
476.31,170.196044921875,-213.0507354736328,-67.123779296875,170.32876898230668,-212.9543632416893,-67.1251629892147,0.1640280400167598,0.35589672211978757,0.050636694347343296,3.570466394488877e-05,5.13205101435551,22.484150967710136,nan,nan,nan
476.32,170.20101928710938,-213.0593719482422,-67.12479400634766,170.3332490560294,-212.96295347826836,-67.12476660762165,0.16364972927390958,0.3559466603034605,0.050656009825121175,3.500747418602646e-05,5.047900993512508,22.219558190907904,nan,1.5798965072137405,nan
476.33,170.2059326171875,-213.06800842285156,-67.12578582763672,170.33767637045892,-212.97156562638827,-67.12583200177251,0.16327164985922207,0.3559966859645981,0.05067538915164614,3.571312201040623e-05,5.017956925343563,22.379687280262544,nan,nan,nan
476.34000000000003,170.21075439453125,-213.07664489746094,-67.12675476074219,170.34203092575783,-212.98017702293302,-67.12687847016691,0.16290977187031405,0.3560467992354653,0.050694832145642986,3.643307990726103e-05,4.989026093549032,22.00910505352074,nan,nan,nan
476.35,170.21548461914062,-213.0852813720703,-67.1277084350586,170.35213867463304,-213.00148341824917,-67.12797512004153,0.16030127594007185,0.3559793344884775,0.05069050375428422,3.714364621062396e-05,4.279466763343602,21.8651378213922,11.981369130950108,nan,nan
476.36,170.2201385498047,-213.0939178466797,-67.12864685058594,170.35631991882255,-213.01013861837475,-67.129015433231,0.15988889960255412,0.35602923027516753,0.050709954978581794,3.636084895403765e-05,4.252780547879962,22.204867416182992,nan,0.0005666091479458789,nan
476.37,170.2246856689453,-213.10255432128906,-67.12956237792969,170.3604111445013,-213.01879285415032,-67.13000901585018,0.15949165362980358,0.3560792134454501,0.050729470228923774,3.7092966345883606e-05,4.226508784937278,21.6529851460794,nan,nan,nan
476.38,170.22915649414062,-213.11119079589844,-67.13045501708984,170.3644138587018,-213.02744062201253,-67.1305320256252,0.15908693291489015,0.3561292841142786,0.050749049104773764,3.631290726431042e-05,4.193260767640878,22.259177929070496,nan,0.13457538021580595,nan
476.39,170.23353576660156,-213.1198272705078,-67.13133239746094,170.36832627336736,-213.03609397926812,-67.13148671074052,0.15868134291277014,0.35617944245625277,0.05076869226642717,3.704372546308935e-05,4.16595172744247,21.97911755591335,nan,nan,nan
476.40000000000003,170.23782348632812,-213.12844848632812,-67.13219451904297,170.37557429682445,-213.04506627784104,-67.13280337574369,0.16102251144191082,0.3561119181590163,0.05076429905404984,3.624372768413777e-05,4.2169715110351085,22.225246040579588,0.915868037795128,0.03904647682961033,nan
476.41,170.24203491210938,-213.1370849609375,-67.13304138183594,170.379319477652,-213.05371755088356,-67.133729915595,0.16061647198859566,0.35616185880053586,0.05078394993571488,3.697240078001956e-05,4.191903272614523,21.82274129307384,nan,nan,nan
476.42,170.24615478515625,-213.14572143554688,-67.13387298583984,170.38297864892147,-213.06237371724825,-67.13507279787528,0.16021564027943622,0.35621188684315097,0.05080366470828901,3.619864585277095e-05,4.191511419077343,21.444234623665363,nan,0.12312648026817608,nan
476.43,170.2501983642578,-213.15435791015625,-67.13468170166016,170.38655633984283,-213.0710245945241,-67.13597217965686,0.15981115209318922,0.35626200246315815,0.05082344392665025,3.692616783974927e-05,4.169524268832331,21.83655170044632,nan,nan,nan
476.44,170.25416564941406,-213.16297912597656,-67.1354751586914,170.39005452362088,-213.07966853104372,-67.1362486858856,0.159395858495693,0.3563122057728407,0.050843287347872926,3.615498414180269e-05,4.112776969205272,22.53226012664337,nan,0.2438610278585811,nan
476.45,170.25804138183594,-213.17161560058594,-67.1362533569336,170.40943978501008,-213.09607046828012,-67.1372999473839,0.16920295165969879,0.3562446218083873,0.05083882590223524,3.685808342800518e-05,4.002156455962187,20.986244359770385,4.1787759572923155,nan,nan
476.46000000000004,170.2618408203125,-213.1802520751953,-67.13701629638672,170.4128058066292,-213.10472712421608,-67.13710880065935,0.16880300314584187,0.35629460718492817,0.05085867625015449,3.6090383479875514e-05,3.946040296636222,20.925987152199184,nan,0.7213923570534514,nan
476.47,170.26556396484375,-213.1888885498047,-67.13776397705078,170.41609166143078,-213.11339437529514,-67.13793575398209,0.16839829967072006,0.35634468004243053,0.050878591208344884,3.68148917740101e-05,3.920137332474366,20.86514943923104,nan,nan,nan
476.48,170.26922607421875,-213.197509765625,-67.13850402832031,170.41930245383418,-213.12206092851062,-67.13868653928301,0.16797464109393873,0.35639484049190656,0.05089857061906616,3.604964514201211e-05,3.8927301291417327,21.700729274066383,nan,0.002559843532662053,nan
476.49,170.27281188964844,-213.20614624023438,-67.13922119140625,170.4224394759026,-213.13072819383808,-67.13948488085445,0.16756003647231424,0.3564450887116808,0.05091861490987481,3.677320042998478e-05,3.867289276987641,21.175113122572153,nan,nan,nan
476.5,170.2763214111328,-213.21478271484375,-67.13992309570312,170.42279000869024,-213.13199953804695,-67.13912141805818,0.16824609094435494,0.3563774448934541,0.05091408099657686,3.5988148392617484e-05,4.24866526529807,20.90523475085927,3.897254076473437,0.901424690222666,nan
476.51,170.27975463867188,-213.22341918945312,-67.14061737060547,170.42578569165065,-213.14064149005804,-67.13988169511002,0.1678623161095587,0.3564274749462613,0.05093413136016073,3.670990960062748e-05,4.219228769988022,20.400901176557504,nan,nan,nan
476.52,170.2831268310547,-213.23204040527344,-67.14128875732422,170.42871234299082,-213.14928298733193,-67.14054541470145,0.16746487413277514,0.3564775924929998,0.05095424641529016,3.595033142884903e-05,4.192551010132319,21.62860350641967,nan,0.004679815860127886,nan
476.53000000000003,170.2864227294922,-213.2406768798828,-67.14195251464844,170.43157086286297,-213.15792541962637,-67.14127919691359,0.16708153145206844,0.35652779771284954,0.050974426521853945,3.6671268757290845e-05,4.16349346163566,20.38561842056174,nan,nan,nan
476.54,170.2896728515625,-213.2493133544922,-67.14260864257812,170.43436454897392,-213.16656437277817,-67.14153372371781,0.1666860423822597,0.3565780907154237,0.05099467162345129,3.591394966511351e-05,4.156914151053109,20.904688615533967,nan,0.14598311882767978,nan
476.55,170.2928466796875,-213.25794982910156,-67.14324188232422,170.45720059768394,-213.185450744079,-67.14231487311835,0.179636263142933,0.35651038691822273,0.050990061605052046,3.661118139589393e-05,3.972776273320377,20.32939890039801,4.7066385715097105,nan,nan
476.56,170.2959442138672,-213.26658630371094,-67.14386749267578,170.45989941248598,-213.19410533080568,-67.14143452985635,0.17927832522505618,0.35656046151807624,0.05101031194312442,3.585699511858309e-05,4.0889218023737985,19.777774908282296,nan,1.6665744616061218,nan
476.57,170.2989959716797,-213.2752227783203,-67.14447784423828,170.46253007954664,-213.20277166477905,-67.14210166134113,0.1788804476022164,0.3566106236931934,0.0510306275063407,3.6575557115523576e-05,4.052530404923115,20.431617380957455,nan,nan,nan
476.58,170.30198669433594,-213.2838592529297,-67.14508056640625,170.46509941432785,-213.211438347694,-67.1427575063822,0.1784823339890833,0.3566608735704904,0.051051008359398575,3.730852468307282e-05,4.0172418793787195,20.211198479895895,nan,nan,nan
476.59000000000003,170.30491638183594,-213.29249572753906,-67.14566802978516,170.46760867695227,-213.22010537629933,-67.14340232471275,0.17808503379651483,0.3567112112944675,0.05107145464679825,3.805604232143084e-05,3.9820693612885343,20.256353686883365,nan,nan,nan
476.6,170.3077850341797,-213.30113220214844,-67.146240234375,170.4638692867125,-213.23701456921785,-67.14322769005534,0.16876741440405255,0.3566434473171714,0.05106676444899637,3.718960150202155e-05,3.4924788360350676,21.01281372669251,11.072415677298316,0.23468619933161708,nan
476.61,170.3105926513672,-213.3097686767578,-67.14680480957031,170.46624231140757,-213.24571798613877,-67.14384148484504,0.16833920794898005,0.3566935664012278,0.05108721509316822,3.793373498657727e-05,3.4556600204783,20.690808948730314,nan,nan,nan
476.62,170.3133544921875,-213.3184051513672,-67.1473617553711,170.46855916197515,-213.25442155228268,-67.14436894067978,0.16790279156546892,0.3567437730696796,0.051107731172186775,3.709762866340126e-05,3.4412460951211417,20.911091836254585,nan,0.0036221567301461203,nan
476.63,170.31605529785156,-213.32704162597656,-67.14790344238281,170.47082023620814,-213.26312601204788,-67.14496139137825,0.16746954204424674,0.3567940675053055,0.051128312935747544,3.7839469119858236e-05,3.4044289382867112,20.824145491247958,nan,nan,nan
476.64,170.31869506835938,-213.33567810058594,-67.1484375,170.47302923715893,-213.2718271355077,-67.14483594628437,0.1670597276115284,0.35684444981439184,0.05114896043208695,3.700883505018619e-05,3.5023096364230324,20.546872246818424,nan,0.31583705693034575,nan
476.65000000000003,170.3212890625,-213.3443145751953,-67.14895629882812,170.5162610027077,-213.26819874379348,-67.14536141293911,0.20933370598854895,0.35022770761497213,0.051098748086921754,3.772299620008515e-05,7.044314492203325,25.326871586888043,4.0538935050346305,nan,0.5953724694017939
476.66,170.32383728027344,-213.3529510498047,-67.14946746826172,170.51839088924748,-213.27684235759648,-67.14537892774523,0.20895060650312855,0.35027347511956525,0.051118600654144496,3.689881054337521e-05,7.113244344173906,25.527075455242098,nan,0.18340704193322122,nan
476.67,170.32632446289062,-213.36158752441406,-67.14996337890625,170.52042611093447,-213.28549257877194,-67.14591974455666,0.20852395906553814,0.35031933913177904,0.05113851229482459,3.76354925975109e-05,7.05367583165858,25.32989297038394,nan,nan,nan
476.68,170.32876586914062,-213.3702392578125,-67.15045928955078,170.5225121468965,-213.294129682096,-67.14518492289349,0.20822609491520727,0.350365279501307,0.05115848277200527,3.6816448191860356e-05,7.335147169842536,24.728072436267368,nan,1.0218190619584115,nan
476.69,170.33116149902344,-213.37887573242188,-67.15093994140625,170.52444836209844,-213.3027810080573,-67.14569553492885,0.20779249821106185,0.3504113163017034,0.05117851259456224,3.7551222434210916e-05,7.271025630188765,25.67986757149596,nan,nan,nan
476.7,170.33363342285156,-213.38751220703125,-67.1515121459961,170.5235414272334,-213.3084982978684,-67.14642291597224,0.20575263845628364,0.35034194303938343,0.05117386843896719,3.6714318783580196e-05,7.375126983599662,25.928584550209457,0.5875833662572097,0.020326293568802688,nan
476.71000000000004,170.33616638183594,-213.3961639404297,-67.15217590332031,170.52556016809098,-213.31714192012467,-67.14707209905282,0.2052815987445219,0.35038778308701113,0.05119389987511299,3.7446382223622816e-05,7.32397237388582,24.97627264486568,nan,nan,nan
476.72,170.33877563476562,-213.40480041503906,-67.15293884277344,170.52766717749935,-213.32578400927807,-67.14758439195873,0.20482255110031525,0.35043370012925873,0.05121399044085677,3.663816050021562e-05,7.368135232446659,25.615771984320403,nan,0.034003679477056306,nan
476.73,170.34144592285156,-213.4134521484375,-67.1537857055664,170.52982621347974,-213.33442882000443,-67.14841622700435,0.20435423077055245,0.35047971279892515,0.05123414057881455,3.736855614138844e-05,7.3162556609797855,24.934966522689862,nan,nan,nan
476.74,170.3441925048828,-213.42208862304688,-67.15472412109375,170.53208486129304,-213.34307031585678,-67.14893245081342,0.20391413367693226,0.35052580309633624,0.05125435014921751,3.6564988135692585e-05,7.419781988691771,25.942440954157128,nan,0.1066657291504738,nan
476.75,170.3470001220703,-213.43072509765625,-67.15574645996094,170.53199087534028,-213.34927212688882,-67.15000617413739,0.20221057371850595,0.3504564719580591,0.05124963628975163,3.7270332623531394e-05,7.489660884680365,25.925680299083254,0.5741376257273472,nan,nan
476.76,170.34988403320312,-213.4393768310547,-67.1568603515625,170.53442238190982,-213.35790253742599,-67.15018060289141,0.20183429269576256,0.3505023656858101,0.05126984689617879,3.64722624012444e-05,7.788208510094578,25.79606468651268,nan,0.5546322001962616,nan
476.77,170.3528289794922,-213.44802856445312,-67.1580581665039,170.53685161399142,-213.3665415428178,-67.15135817491856,0.20136870310521582,0.3505483542679525,0.05129011730250169,3.719873189741136e-05,7.731262091351102,25.726043966062814,nan,nan,nan
476.78000000000003,170.3558349609375,-213.4566650390625,-67.15934753417969,170.53933559521903,-213.3751822033871,-67.1527734311935,0.20088592315415932,0.35059442106819655,0.05131044742382443,3.6405001446009864e-05,7.670339820645241,25.893357212838808,nan,0.014805545161268408,nan
476.79,170.35891723632812,-213.46531677246094,-67.16071319580078,170.54189577501958,-213.38382189286554,-67.15412525397261,0.20041447552375294,0.35064058268328424,0.051330837622302186,3.7130119843758525e-05,7.611891450927884,26.067901813787408,nan,nan,nan
476.8,170.36204528808594,-213.4739532470703,-67.16217041015625,170.5364502754333,-213.38473441317646,-67.15720169045734,0.19596374182093584,0.3505712757045253,0.05132605060882175,3.63183035566315e-05,7.501311803162387,25.183601381376977,4.000658880879655,1.5639634902638309,nan
476.81,170.36524963378906,-213.48260498046875,-67.16370391845703,170.53913550690618,-213.39335132560157,-67.15873906211388,0.19551767586425256,0.3506172402373094,0.051346441217032204,3.704126398951429e-05,7.447274948296245,25.368283752482586,nan,nan,nan
476.82,170.36851501464844,-213.49124145507812,-67.16532135009766,170.54192414922832,-213.40196387250754,-67.15978335371784,0.19512017863177436,0.35066328354605597,0.0513668918149866,3.6256725965373895e-05,7.586887737005874,25.975877796002816,nan,0.21813107348249658,nan
476.83,170.37184143066406,-213.49989318847656,-67.1670150756836,170.54473433570365,-213.41058072119148,-67.16148020968127,0.19467744647811946,0.3507094209431886,0.051387402719898084,3.697853243526029e-05,7.530217400488629,25.531874518462356,nan,nan,nan
476.84000000000003,170.37522888183594,-213.508544921875,-67.16879272460938,170.54762143596773,-213.4191959622357,-67.16303312429537,0.19425653735327308,0.3507556377109056,0.05140797391284737,3.619787392494536e-05,7.5791739321641325,25.411119840511116,nan,0.03340465705135531,nan
476.85,170.37867736816406,-213.51718139648438,-67.17064666748047,170.5603895981048,-213.42896319385602,-67.16484120378131,0.20207792851712422,0.35068637019609106,0.05140311072893476,3.6895639260336376e-05,7.773681349954194,25.683793055589877,2.032443172476338,nan,nan
476.86,170.38218688964844,-213.5258331298828,-67.17256164550781,170.56347964279604,-213.43756878659266,-67.16564229018557,0.20175612535522688,0.35073239001378403,0.05142368171051518,3.611966923368269e-05,8.147038725691905,25.281016612647996,nan,0.8344137454595856,nan
476.87,170.3857421875,-213.5344696044922,-67.17447662353516,170.56655262730567,-213.44618165457067,-67.16758826307026,0.2013321304560175,0.35077850322494136,0.05144431322855202,3.683853106394357e-05,8.070305114759208,25.80703451795187,nan,nan,nan
476.88,170.38937377929688,-213.54312133789062,-67.17638397216797,170.5694551828103,-213.45481598984694,-67.17296615370131,0.20059618108914415,0.3508246963160662,0.05146500530050089,3.6066149404101805e-05,7.067851209326464,24.486667355784835,nan,7.832433652605931,nan
476.89,170.39305114746094,-213.5517578125,-67.17826080322266,170.57264423543918,-213.46342859265934,-67.17492444997278,0.2001670791619592,0.3508709827999895,0.051485758190191924,3.6784113734738226e-05,7.007522134139978,24.838127628041295,nan,nan,nan
476.90000000000003,170.39678955078125,-213.56040954589844,-67.18010711669922,170.57278423029908,-213.46055150026282,-67.17908016172136,0.202353184144144,0.35080173991756664,0.051480815455232525,3.599331997233724e-05,7.625134080676355,23.63895552838835,14.771758023282288,3.459145109904391,nan
476.91,170.4005889892578,-213.5690460205078,-67.18192291259766,170.5761043651973,-213.46912200857957,-67.1810006167033,0.2019685767161054,0.3508478289698242,0.051501567474219516,3.670957309857277e-05,7.5800328264340795,24.135446066347967,nan,nan,nan
476.92,170.40443420410156,-213.57769775390625,-67.18370056152344,170.57938543450314,-213.47770049779916,-67.18437003112395,0.20151385172617178,0.3508939983786622,0.051522380306206414,3.594487723945377e-05,7.532271350033263,23.37686293376914,nan,1.4687003257095965,nan
476.93,170.40834045410156,-213.58633422851562,-67.1854476928711,170.5828164057739,-213.4862707144363,-67.18623860793032,0.20113475609278916,0.3509402605326545,0.05154325418606433,3.666039181609548e-05,7.498358142316367,23.8675141296826,nan,nan,nan
476.94,170.41229248046875,-213.59498596191406,-67.1871566772461,170.58628867347315,-213.4948417714082,-67.18828211691672,0.20076055560430678,0.35098660359874284,0.0515641891738108,3.589886152877785e-05,7.479919841094786,23.18163611809989,nan,0.029119846431495795,nan
476.95,170.4163055419922,-213.60362243652344,-67.18883514404297,170.59815323107975,-213.51227599877188,-67.19009818293216,0.20350515714256617,0.35091739758290935,0.051559163741801264,3.659110460607086e-05,6.965981243274139,23.76466911689469,4.656992140388429,nan,nan
476.96000000000004,170.4203643798828,-213.61227416992188,-67.19047546386719,170.60181352396455,-213.52086692616174,-67.19078841893165,0.20317276894478756,0.3509635432991607,0.05158009719663916,3.583352767250382e-05,6.888784230985105,23.088941022949683,nan,0.7873828068886694,nan
476.97,170.4244842529297,-213.62091064453125,-67.19208526611328,170.60546007641904,-213.52946251405206,-67.19251763374372,0.2027688245208199,0.3510097811442595,0.05160109192827253,3.65468846885443e-05,6.853462557743021,23.765818288611584,nan,nan,nan
476.98,170.42864990234375,-213.62954711914062,-67.19366455078125,170.60913738340423,-213.53805919078772,-67.19456833884303,0.20235263449415353,0.35105610032999407,0.051622148019341695,3.5792209978136175e-05,6.8338714668299465,23.43176552832138,nan,0.08396717172225972,nan
476.99,170.43287658691406,-213.63819885253906,-67.1952133178711,170.61288723336222,-213.54665377863049,-67.1962389765178,0.20195391892030307,0.3511025116827802,0.05164326567148045,3.650503175001672e-05,6.803753698976375,23.06465374069839,nan,nan,nan
477.0,170.43714904785156,-213.64683532714844,-67.19672393798828,170.61596553185888,-213.55628368506837,-67.19671147835514,0.20043686036100702,0.3510333304434154,0.051638154199318366,3.5731565648763533e-05,6.639178753005838,23.88173799225801,0.312363402048137,0.9896742504862674,nan
477.01,170.44146728515625,-213.6554718017578,-67.19821166992188,170.6198125984677,-213.56488168594055,-67.19831097956194,0.2000340714137102,0.3510795439958961,0.051659269626060364,3.644303006329803e-05,6.602805368192108,23.26664899767516,nan,nan,nan
477.02,170.44583129882812,-213.6641082763672,-67.19966888427734,170.62364850409074,-213.57348318878834,-67.20093958109518,0.19958326497099443,0.3511258392856275,0.05168044665781591,3.5694681292031465e-05,6.6114552215130304,23.168939881865928,nan,0.7591565648077893,nan
477.03000000000003,170.4502410888672,-213.67276000976562,-67.20109558105469,170.62759404178075,-213.58208044467932,-67.202492424577,0.19919539302711964,0.3511722261723514,0.051701685479020765,3.6405736108988435e-05,6.5850384919632,22.507639016478404,nan,nan,nan
477.04,170.4547119140625,-213.681396484375,-67.2024917602539,170.6316491936739,-213.59067356375348,-67.2029241143516,0.19884073066764874,0.35121869531357086,0.05172298619763153,3.565990989037751e-05,6.500450366357184,23.522427556646594,nan,0.8125918931671644,nan
477.05,170.459228515625,-213.69003295898438,-67.20386505126953,170.64381412040663,-213.6105279890122,-67.20438355566256,0.20098048310639693,0.3511495484154273,0.0517177854514426,3.63482663725283e-05,5.830431768291252,23.279110380277434,8.51116131664712,nan,nan
477.06,170.4637908935547,-213.69866943359375,-67.20520782470703,170.64795159596898,-213.6191562664439,-67.2048999745741,0.20059312758823372,0.3511958197894139,0.05173908324354902,3.560573964836216e-05,5.790246755562036,23.31243706566523,nan,0.6071241986255278,nan
477.07,170.46839904785156,-213.70730590820312,-67.2065200805664,170.65208416426125,-213.62778678128328,-67.20632466253254,0.20015881625535448,0.35124218222046816,0.051760443051572465,3.6315254793915926e-05,5.753463054358775,23.4000629125781,nan,nan,nan
477.08,170.47305297851562,-213.7159423828125,-67.20780944824219,170.65625927138055,-213.63641692172908,-67.20779332461765,0.19972191909204678,0.35128862725644255,0.051781864996097354,3.5575017569119544e-05,5.717474870959633,23.13643248849905,nan,0.003292174062575252,nan
477.09000000000003,170.4777374267578,-213.72457885742188,-67.20907592773438,170.6604836803002,-213.64504633218561,-67.20916826228061,0.19930284563924136,0.35133516342525456,0.05180334924298006,3.6284280462508544e-05,5.683410481864868,22.37429473496346,nan,nan,nan
477.1,170.48248291015625,-213.73321533203125,-67.21031951904297,170.6648885820237,-213.6500327834023,-67.21151024572399,0.2004808802750359,0.35126604113336507,0.05179805589552048,3.5524853996550045e-05,5.985914698532994,22.637778538970196,1.6448635902224082,0.6830101632677771,nan
477.11,170.48727416992188,-213.74185180664062,-67.21153259277344,170.6692102679114,-213.65864748383558,-67.21284643108274,0.200063563039867,0.35131237911452773,0.05181953649044538,3.6233033554818175e-05,5.95913395533927,22.89299170086624,nan,nan,nan
477.12,170.4921112060547,-213.75048828125,-67.21272277832031,170.67359786691452,-213.6672605237472,-67.21373157286403,0.19966292934701224,0.35135880002080533,0.05184107945564981,3.5497920088319176e-05,5.9058275875095445,22.768453187903503,nan,0.1253100587122799,nan
477.13,170.49697875976562,-213.75912475585938,-67.2138900756836,170.6780073100969,-213.67587373708278,-67.21501670138733,0.1992569633610217,0.351405311563892,0.05186268494821292,3.6205944570035425e-05,5.878493750639942,22.178639270231496,nan,nan,nan
477.14,170.50189208984375,-213.76776123046875,-67.21502685546875,170.6824891149984,-213.6844852712936,-67.21569062650876,0.1988733553376145,0.35145190651299646,0.051884353101670694,3.5472786520900616e-05,5.822278413403616,22.557130455787085,nan,0.23796769723803016,nan
477.15000000000003,170.50685119628906,-213.77638244628906,-67.21614837646484,170.69670868678588,-213.7011846967357,-67.21679748026767,0.2042082015282096,0.3513828161114738,0.0518789638635227,3.615852768964051e-05,5.472894161693576,22.696799089560784,3.594613485997204,nan,nan
477.16,170.51185607910156,-213.78501892089844,-67.21724700927734,170.7012520501659,-213.70981820736975,-67.21802702213047,0.20378073900806912,0.3514292128599333,0.05190062762702637,3.542809870845107e-05,5.44522160218712,22.162585842723107,nan,0.0002485680879209409,nan
477.17,170.5168914794922,-213.7936553955078,-67.21832275390625,170.70583779813373,-213.7184509522127,-67.2192165776612,0.20336474261883447,0.35147569977735116,0.051922354140426404,3.613505704471365e-05,5.417496198034516,21.748109567405198,nan,nan,nan
477.18,170.52198791503906,-213.80227661132812,-67.2193832397461,170.7105088773383,-213.72708194141245,-67.2194461739784,0.20296402531156832,0.35152227037778006,0.05194414354285818,3.540638143130093e-05,5.36137157874958,22.679656776868175,nan,0.6084403336626727,nan
477.19,170.527099609375,-213.8109130859375,-67.22041320800781,170.71517614587898,-213.73571324882118,-67.22058568823404,0.2025532740665615,0.3515689312582273,0.05196599598314491,3.6113303093460714e-05,5.330028971779279,21.57979360944654,nan,nan,nan
477.2,170.5322723388672,-213.8195343017578,-67.22142791748047,170.72825572740862,-213.75801827652174,-67.22355216000147,0.205422059066977,0.35149986499800395,0.051960507529413585,3.5365046770148685e-05,4.71162712292775,23.055170033685965,12.629135545128962,2.548359343290446,nan
477.21000000000004,170.5374755859375,-213.8281707763672,-67.22241973876953,170.73299692942908,-213.76669142844116,-67.2246700856103,0.2049716322886277,0.35154632728534685,0.051982354821755575,3.6071091858053005e-05,4.693040254222479,22.119291020142427,nan,nan,nan
477.22,170.5426483154297,-213.8367919921875,-67.223388671875,170.73775964932517,-213.77536345466348,-67.22547043395195,0.20456351475803267,0.3515928735047804,0.05200426522646756,3.5346497727625476e-05,4.644096642365754,22.554839600278957,nan,0.06176504606544984,nan
477.23,170.54776000976562,-213.84542846679688,-67.2243423461914,170.74246597477523,-213.78403480372583,-67.2265479626799,0.2041677237461794,0.3516395095769544,0.05202623888938773,3.605257946717223e-05,4.626959626911665,21.655549688995606,nan,nan,nan
477.24,170.55279541015625,-213.8540496826172,-67.22528076171875,170.74710531433,-213.79270519896886,-67.22748438139668,0.2037752204606392,0.3516862300285108,0.05204827595408152,3.532945035931963e-05,4.599327020293329,22.205365307522946,nan,0.0104412701154198,nan
477.25,170.5577392578125,-213.8626708984375,-67.2261962890625,170.74370519238283,-213.80378816588308,-67.2286156498898,0.19508038937962463,0.3516171932797266,0.05204268496466759,3.6013538770334325e-05,4.254259065610979,23.002411013125407,4.251988332066481,nan,nan
477.26,170.56259155273438,-213.8712921142578,-67.22709655761719,170.74813924459087,-213.81247168911105,-67.22961443007328,0.19466414166308438,0.3516637150825185,0.05206471610839569,3.5292650367865974e-05,4.242134546903152,22.83806186181693,nan,0.00046398445743506413,nan
477.27,170.56735229492188,-213.8799285888672,-67.22797393798828,170.75247850737557,-213.82115462186096,-67.23062158516403,0.19425010623077618,0.35171032633645755,0.05208681072779891,3.5998018758888204e-05,4.229119900311732,22.425364469893253,nan,nan,nan
477.28000000000003,170.572021484375,-213.8885498046875,-67.22883605957031,170.75671065222255,-213.82983692546128,-67.2319351900597,0.19382181383178748,0.35175702217942945,0.052108968967337084,3.527842373662208e-05,4.277726452506465,23.02330558811808,nan,0.0726373538998488,nan
477.29,170.5765838623047,-213.8971710205078,-67.22968292236328,170.7608633705839,-213.8385187621643,-67.23291222116131,0.19341523453738066,0.3518038076169259,0.05213119097151859,3.598391486819915e-05,4.266899645922419,22.300197357449864,nan,nan,nan
477.3,170.58106994628906,-213.90579223632812,-67.23050689697266,170.77014024124543,-213.84747132119253,-67.23343369642215,0.19788246949176228,0.35173479427289966,0.05212549411672062,3.524437141665095e-05,4.307358822190135,22.815797612519,0.8180316163116814,0.18472824935740628,nan
477.31,170.58546447753906,-213.91441345214844,-67.2313232421875,170.77412361848823,-213.85614993958131,-67.23437558143371,0.1974746189645952,0.35178138069433523,0.05214770941003355,3.5949137206023924e-05,4.295005625562712,22.210739917899186,nan,nan,nan
477.32,170.5897674560547,-213.92303466796875,-67.23211669921875,170.7780382342993,-213.86482876596577,-67.23480342925335,0.19708128142237924,0.3518280518892748,0.052169988537453076,3.523273721813394e-05,4.21251188797703,22.259573314350984,nan,0.17321025796625544,nan
477.33,170.59397888183594,-213.93167114257812,-67.23289489746094,170.78184711042914,-213.87350741175737,-67.23570998835275,0.19668608398782567,0.351874812313731,0.0521923316442493,3.593767952110563e-05,4.201149781184253,21.327792021778826,nan,nan,nan
477.34000000000003,170.59811401367188,-213.94029235839844,-67.23365783691406,170.78555020858022,-213.8821856785719,-67.23715585724749,0.1962675458358741,0.351921657928649,0.052214738873783854,3.5222328753721995e-05,4.30006718646504,22.306390028061855,nan,0.21386435255070532,nan
477.35,170.6021728515625,-213.94891357421875,-67.23440551757812,170.76968402812113,-213.87708919420322,-67.23786281991296,0.18229286540100018,0.3518526717827262,0.052208932821777077,3.590547092200684e-05,4.6532978802956135,22.632826165307044,8.325141761589485,nan,nan
477.36,170.60614013671875,-213.95753479003906,-67.23514556884766,170.7732885245959,-213.88573448554246,-67.23691983937093,0.18192585119115037,0.35189931828713095,0.05223133253413767,3.519195063726635e-05,4.381813279498924,21.579345659339197,nan,2.2834223695898164,nan
477.37,170.6100311279297,-213.96615600585938,-67.2358627319336,170.77674728702783,-213.89437810052658,-67.23775355897722,0.1815211299692409,0.3519460536788925,0.0522537964374052,3.589643356135823e-05,4.364018130271922,22.02635269768612,nan,nan,nan
477.38,170.6138458251953,-213.9747772216797,-67.23656463623047,170.7801167898891,-213.90302134433534,-67.2388821960687,0.18110856058524835,0.35199287441042565,0.05227632467292364,3.518381971002868e-05,4.389245782388026,22.121739830138704,nan,0.06639852689574828,nan
477.39,170.61758422851562,-213.9833984375,-67.23725891113281,170.78342016409135,-213.9116650381035,-67.23969247243232,0.18070185482681791,0.35203978420158627,0.05229891738893486,3.588853902073438e-05,4.373896066303574,21.770660245708214,nan,nan,nan
477.40000000000003,170.62124633789062,-213.9920196533203,-67.2379379272461,170.78242725501087,-213.91089780955284,-67.24170734024598,0.18048337888659693,0.3519708204777735,0.052292998802944274,3.515564404060842e-05,5.093100073202591,21.664762914012975,6.525256133952656,1.2345971210472162,nan
477.41,170.62484741210938,-214.0006561279297,-67.23860168457031,170.78558845570996,-213.9195115227992,-67.24250306401511,0.1801037223412023,0.3520175308130378,0.0523155831807537,3.585974440518906e-05,5.086217603419198,21.5791938620473,nan,nan,nan
477.42,170.62835693359375,-214.00927734375,-67.23925018310547,170.78864783471033,-213.92812426197872,-67.2441776398596,0.17973111998706626,0.3520643266151763,0.05233823209625544,3.514958630280092e-05,5.324949591891469,21.746303742887747,nan,0.5559778922175902,nan
477.43,170.63180541992188,-214.0178985595703,-67.2398910522461,170.79166599405943,-213.93673866931493,-67.24495768394122,0.17935440252914733,0.3521112111669915,0.05236094570063764,3.585396117049605e-05,5.322465580971137,21.7842992653366,nan,nan,nan
477.44,170.63519287109375,-214.02651977539062,-67.24050903320312,170.79464573159765,-213.94535496128458,-67.24476022607571,0.1789721051241968,0.35215818157589895,0.05238372413090695,3.514450673889136e-05,5.092945289655714,22.304837286562446,nan,0.6531484666070152,nan
477.45,170.6385040283203,-214.03514099121094,-67.24112701416016,170.81347337510226,-213.96456136869298,-67.24544215924143,0.1887177148684022,0.3520892427935727,0.052377689681716216,3.5827201624346e-05,4.800304125852079,21.06315661691513,4.10059528458173,nan,nan
477.46000000000004,170.64175415039062,-214.0437774658203,-67.2417221069336,170.81633123464877,-213.97320469577537,-67.2453554334267,0.18833713197693766,0.3521360136174594,0.05240045893583064,3.511923984352404e-05,4.630163348560866,20.943022392884107,nan,0.47306177882125006,nan
477.47,170.64492797851562,-214.05239868164062,-67.2423095703125,170.81909833828755,-213.98184693100927,-67.24607089405008,0.187954811847124,0.3521828729009136,0.052423293083781894,3.582333027775882e-05,4.6223352458015725,20.902117800608778,nan,nan,nan
477.48,170.64805603027344,-214.06101989746094,-67.24288940429688,170.82186433278136,-213.99049377507032,-67.24467605630194,0.18758052160480024,0.3522298181379075,0.05244619225899914,3.5115956001633405e-05,4.291147347874638,20.976405030307056,nan,3.091151637848271,nan
477.49,170.65110778808594,-214.0696563720703,-67.24345397949219,170.82450473205165,-213.99913665745524,-67.24534900734085,0.1871980808036965,0.3522768520319744,0.052469156617961255,3.582036006578235e-05,4.274736561231185,20.00631116812739,nan,nan,nan
477.5,170.6540985107422,-214.07827758789062,-67.24401092529297,170.84671372913246,-214.0152357454787,-67.2445293301223,0.20267008904569703,0.3522079344696706,0.05246300296312893,3.509241335572172e-05,4.172641993172529,19.743893978639093,3.331633432206438,1.503101762621875,nan
477.51,170.65704345703125,-214.08689880371094,-67.24455261230469,170.84926474169993,-214.02389196847926,-67.24516676008678,0.2022850976792062,0.3522547684517607,0.052485957294704816,3.579626955306874e-05,4.1487391806812095,20.37487408239036,nan,nan,nan
477.52,170.659912109375,-214.0955352783203,-67.24508666992188,170.85176954742766,-214.03254973897495,-67.24533830872772,0.20193196385131054,0.3523016884646803,0.0525089768510979,3.5090746996327666e-05,4.114662411683807,18.973454082941934,nan,0.14601751605778124,nan
477.53000000000003,170.66273498535156,-214.10415649414062,-67.24560546875,170.85420368026138,-214.04120685262208,-67.24595172821998,0.20155157750164496,0.35234869687225123,0.052532061792757476,3.579494273050438e-05,4.089791287539333,20.18300411443991,nan,nan,nan
477.54,170.66549682617188,-214.11279296875,-67.2461166381836,170.85664324979354,-214.04987012604013,-67.24424226680338,0.20124550346805956,0.3523957916778414,0.05255521224723996,3.508984266226104e-05,4.161273856260555,19.33814882681022,nan,3.759696630972272,nan
477.55,170.668212890625,-214.12142944335938,-67.24661254882812,170.873338934155,-214.06928087926485,-67.24465968123302,0.2116600580251989,0.35232689684679863,0.05254893607093485,3.577242514532622e-05,3.8528696516538146,19.692422211620773,5.135127585078305,nan,nan
477.56,170.67098999023438,-214.1300506591797,-67.24720764160156,170.87570021424995,-214.07796873560872,-67.24454593717259,0.21124840176868667,0.35237379158078863,0.05257207562998023,3.5068545305446926e-05,3.921244343939732,19.936704903677075,nan,0.3694786943698904,nan
477.57,170.673828125,-214.13868713378906,-67.24789428710938,170.8781102589871,-214.08665518768066,-67.24524352096597,0.21082110957705522,0.35242077446382236,0.05259528077222804,3.5772570007242276e-05,3.889751850615332,19.116644722768186,nan,nan,nan
477.58,170.67674255371094,-214.14732360839844,-67.24867248535156,170.88062945048668,-214.09534689147293,-67.24434522105454,0.21045230099833298,0.3524678437960332,0.0526185516210836,3.50690204227645e-05,4.201312353560673,19.777801706819726,nan,2.0053756436329113,nan
477.59000000000003,170.67971801757812,-214.15594482421875,-67.24954223632812,170.88317266265767,-214.10403445608335,-67.24521044580455,0.21001724532413163,0.35251500149632464,0.05264188834315677,3.577340782828871e-05,4.165335055618427,20.20151139722185,nan,nan,nan
477.6,170.68275451660156,-214.16458129882812,-67.25049591064453,170.90948025387854,-214.11706848340498,-67.24649857024579,0.2316851447622121,0.35244612649063717,0.05263548630134267,3.5049038409666306e-05,4.357005439427859,18.860335280227716,7.36970632051428,0.04135743985283558,nan
477.61,170.6858673095703,-214.1732177734375,-67.25154113769531,170.9122001241764,-214.12575612246548,-67.24754814881017,0.23129006731967122,0.35249308380726746,0.052658811247575085,3.575292198685003e-05,4.3210978459917975,19.061307342386034,nan,nan,nan
477.62,170.6890411376953,-214.18185424804688,-67.25267028808594,170.9149288141225,-214.13443680460918,-67.25106690536593,0.2308164360265306,0.35254012760806724,0.052682202090554436,3.5050741317704195e-05,3.922735448769154,18.773869672000533,nan,3.9901466277475834,nan
477.63,170.6922607421875,-214.19049072265625,-67.25389099121094,170.9177756541883,-214.1431249979522,-67.25231622710655,0.2304408108244872,0.3525872595545678,0.05270565900105717,3.575500427080565e-05,3.893480107408101,17.971096929682417,nan,nan,nan
477.64,170.695556640625,-214.19911193847656,-67.25519561767578,170.92067992286394,-214.1518127774927,-67.25387447944254,0.23004227490190268,0.3526344783330563,0.05272918209629907,3.5053022395036405e-05,3.8476187523216203,19.08137258744823,nan,0.03480541520583487,nan
477.65000000000003,170.69891357421875,-214.20774841308594,-67.25658416748047,170.9174871311915,-214.15581475170555,-67.25533614172727,0.22466210753123578,0.3525656238839604,0.05272265089463285,3.573570128387374e-05,3.953707162100668,18.509441326209544,0.8158785637544482,nan,nan
477.66,170.70233154296875,-214.2163848876953,-67.25804901123047,170.95006376532632,-214.14771686014024,-67.25622937360299,0.25707948787023155,0.3510979568773144,0.052257502334871565,3.503312722190324e-05,8.031051567743638,22.96041200577393,nan,0.2940967604422081,0.5759966141216013
477.67,170.705810546875,-214.2250213623047,-67.25960540771484,170.95316797102228,-214.15634821330684,-67.25781577011264,0.25671949570845953,0.35114315625747683,0.05227841756205539,3.573724997367661e-05,7.983545063680849,22.501528122238934,nan,nan,nan
477.68,170.7093505859375,-214.23365783691406,-67.26123809814453,170.95629450225758,-214.1649920875202,-67.26006340179225,0.2563155532909341,0.35118843604179506,0.05229939128974584,3.503649218697314e-05,7.890841290151601,22.750606832647915,nan,0.23581967607344664,nan
477.69,170.7129364013672,-214.24229431152344,-67.26294708251953,170.95951696800216,-214.1736236600115,-67.26182002106988,0.25596660815155664,0.3512338080370587,0.05232042497564051,3.574100748557875e-05,7.845200229715737,22.544665869712155,nan,nan,nan
477.7,170.71658325195312,-214.2509307861328,-67.26473999023438,170.96518158947302,-214.18344468387951,-67.26316418305369,0.25760044756030315,0.35116117105183775,0.052315115539069826,3.501922401473502e-05,7.825764603409868,22.419783998589477,0.08247633035792118,0.18958043300380364,nan
477.71000000000004,170.7202911376953,-214.25955200195312,-67.26661682128906,170.96852271923106,-214.1920789422514,-67.2650769812047,0.257242887102316,0.3512063485630878,0.05233614568086313,3.5723261360625955e-05,7.778091688348906,22.860868801073245,nan,nan,nan
477.72,170.72406005859375,-214.2681884765625,-67.26853942871094,170.97186472636972,-214.200732181067,-67.2679760240456,0.25682255079792105,0.35125160695275476,0.05235723463655139,3.5023490514912854e-05,7.679204388355794,22.758794043473323,nan,0.5951315197532339,nan
477.73,170.72787475585938,-214.27682495117188,-67.27047729492188,170.97531886082766,-214.20936651574655,-67.26999786110821,0.256475058144779,0.35129695691493945,0.052378383753686884,3.57279302193163e-05,7.635610549416156,22.021411722849916,nan,nan,nan
477.74,170.73175048828125,-214.28546142578125,-67.27239227294922,170.97881805273968,-214.21800429787115,-67.27218979400222,0.25611108236666774,0.35134238831055187,0.05239959199744084,3.50281820018197e-05,7.589435630025402,22.54164600577723,nan,0.02106878114858534,nan
477.75,170.73568725585938,-214.29409790039062,-67.27428436279297,170.97627652383537,-214.23405106205834,-67.27410258415598,0.24796945719664698,0.3512698370182828,0.05239420093009406,3.571104412057698e-05,6.683061629957134,23.245098142886896,16.053254157348864,nan,nan
477.76,170.7396697998047,-214.302734375,-67.2761459350586,170.97976780710275,-214.2427491929304,-67.27765241402211,0.2474824128201614,0.3513150740585963,0.05241540505452492,3.5012133774224184e-05,6.706499433020448,22.91470992447173,nan,1.7589117242350354,nan
477.77,170.74371337890625,-214.31137084960938,-67.27796936035156,170.98340400540667,-214.2514159588473,-67.27960717283494,0.2470806908444811,0.3513604020688306,0.052436669542423237,3.571650578035189e-05,6.676295841528938,23.30059228475963,nan,nan,nan
477.78000000000003,170.747802734375,-214.3199920654297,-67.2797622680664,170.98712531136744,-214.26007137286337,-67.28096010766538,0.2467128291670964,0.3514058119316006,0.0524579934628315,3.5017564802720645e-05,6.600831580452596,23.383233491306463,nan,0.22782953856650648,nan
477.79,170.75193786621094,-214.32862854003906,-67.2815170288086,170.99086698700347,-214.26873741720684,-67.28284173718554,0.24632463581437009,0.35145131280560443,0.05247937801319575,3.572234178763152e-05,6.569420926008885,22.605323295853577,nan,nan,nan
477.8,170.75613403320312,-214.33726501464844,-67.28324127197266,170.99895649233275,-214.27789062213193,-67.2838833362817,0.24997695371981818,0.35137883671577314,0.05247390109485652,3.500221194881679e-05,6.6029480510686795,22.427261073151925,0.3946899108302689,0.44589756036016714,nan
477.81,170.7603759765625,-214.3459014892578,-67.28492736816406,171.0028105154608,-214.28655458193975,-67.28568959505385,0.24959395435161946,0.3514241428491412,0.05249528087438859,3.5706520457392996e-05,6.568158998389516,22.42335462331843,nan,nan,nan
477.82,170.76466369628906,-214.35452270507812,-67.28658294677734,171.00676096833976,-214.29520256752022,-67.28660407103851,0.24925883795868406,0.3514695312180877,0.052516720385757124,3.5008280330022766e-05,6.511675409304606,22.703715499321042,nan,0.5211016496251712,nan
477.83,170.76901245117188,-214.3631591796875,-67.2882080078125,171.01071558961416,-214.30386627802767,-67.28833725089353,0.2488695883869081,0.3515150100485842,0.0525382207290805,3.5712998950676715e-05,6.4730391334781,22.246566629690058,nan,nan,nan
477.84000000000003,170.77340698242188,-214.37179565429688,-67.289794921875,171.014637058937,-214.31255837176334,-67.29162692058557,0.24840362653699677,0.35156057162516374,0.05255978111431513,3.501465051050525e-05,6.52967131995554,22.468299970236174,nan,1.7791584952309938,nan
477.85,170.77784729003906,-214.3804168701172,-67.29135131835938,171.03570686771457,-214.3180096831675,-67.29333881278616,0.26531145643574927,0.3514881785601757,0.05255421624019256,3.569777986685364e-05,7.367212592843814,21.955260558064616,17.625749398791147,nan,nan
477.86,170.78233337402344,-214.38905334472656,-67.29287719726562,171.03988473383856,-214.32663930156917,-67.29450598562573,0.2650110727448841,0.3515335454692595,0.052575771238400314,3.500014621718224e-05,7.294108379873918,21.125980210366585,nan,0.1689438249815873,nan
477.87,170.78688049316406,-214.39767456054688,-67.29437255859375,171.0440855225547,-214.33527704278472,-67.2961276503943,0.26467141461431487,0.3515790023241389,0.05259738726953459,3.570480607885465e-05,7.264732735178329,22.096228405306647,nan,nan,nan
477.88,170.7914581298828,-214.40631103515625,-67.29583740234375,171.04833204483157,-214.34391475531137,-67.29774448567048,0.2643504130626537,0.35162454225603285,0.05261906363412744,3.500702588569248e-05,7.244624394739995,20.95813128234287,nan,0.00042034317589870706,nan
477.89,170.79608154296875,-214.41493225097656,-67.29727172851562,171.05262636601887,-214.35255165359737,-67.29930863486682,0.2640279041137235,0.3516701722183665,0.0526408013008706,3.571209274949563e-05,7.218075080015004,21.5639339442806,nan,nan,nan
477.90000000000003,170.80076599121094,-214.42356872558594,-67.2986831665039,171.09759283650928,-214.38246197092084,-67.30070890962331,0.2996665563656499,0.3515978539401338,0.05263514445297079,3.499299756349218e-05,6.73665580519826,20.472037984569532,17.04111222737013,0.00202605207023231,nan
477.91,170.80548095703125,-214.43218994140625,-67.30006408691406,171.10203095601227,-214.39114555016835,-67.30221564428426,0.29938465750076615,0.35164328888139507,0.052656876048663905,3.569759589311467e-05,6.710762498818462,20.774207496731076,nan,nan,nan
477.92,170.81024169921875,-214.44082641601562,-67.3014144897461,171.1064727483342,-214.39984301092906,-67.30458412576453,0.2990694242897758,0.3516888071971225,0.05267866826272411,3.500030606881032e-05,6.831292670692535,20.374696581485384,nan,0.5575856497001872,nan
477.93,170.81504821777344,-214.44944763183594,-67.30274200439453,171.11099975499013,-214.40852537065354,-67.30604654065682,0.2987856485862636,0.35173441507673847,0.05270052198008908,3.5705313487555824e-05,6.812143390331981,20.784929027667793,nan,nan,nan
477.94,170.8199005126953,-214.45806884765625,-67.30403900146484,171.1155543970319,-214.41721262295863,-67.30783971144187,0.29848768117995134,0.351780106800033,0.05272243662302463,3.500781979108824e-05,6.881183461730717,21.05916130480349,nan,0.08974424213772089,nan
477.95,170.82479858398438,-214.46670532226562,-67.30531311035156,171.13820971976452,-214.43773788011367,-67.30926877736557,0.3147718221781481,0.35170786892688116,0.05271668544252127,3.5691218095625816e-05,6.502901614166898,20.24908607075262,5.318697502075344,nan,nan
477.96000000000004,170.82974243164062,-214.47532653808594,-67.30655670166016,171.1428863286987,-214.44644708081023,-67.3105990190702,0.314498749834236,0.35175336565042553,0.052738593358349364,3.499435047819606e-05,6.4941475838818175,21.189613096878922,nan,0.002554426993374616,nan
477.97,170.834716796875,-214.48394775390625,-67.30778503417969,171.14760276171592,-214.4551565042663,-67.31196459464563,0.3142356309776927,0.35179895150229507,0.05276056297764845,3.569929281633233e-05,6.479837165257408,20.320315163880572,nan,nan,nan
477.98,170.83973693847656,-214.49256896972656,-67.3089828491211,171.15242693292387,-214.4638419787896,-67.31174104947952,0.3140189171132363,0.35184462144772805,0.05278259379960599,3.500219531488738e-05,6.1712859248996335,20.353901835572522,nan,1.7300976983640335,nan
477.99,170.8448028564453,-214.50119018554688,-67.3101577758789,171.15722642098558,-214.47255028401128,-67.31304409467356,0.31374680632031937,0.35189038064579087,0.05280468659713955,3.5707540053081074e-05,6.150776700058014,20.374694448457298,nan,nan,nan
478.0,170.8498992919922,-214.50982666015625,-67.31130981445312,171.19086268437073,-214.4968133090532,-67.3121147029312,0.3412125878315099,0.35181821677702035,0.052798837243123446,3.498903364561662e-05,5.595785020559963,18.967159670860667,8.84675779832919,3.305281737285425,nan
478.01,170.85504150390625,-214.51844787597656,-67.31243133544922,171.19577942421924,-214.5055556455357,-67.3133505780931,0.34098296871251416,0.35186378065038526,0.05282092259813243,3.569390389762571e-05,5.56540957109488,20.114736549679925,nan,nan,nan
478.02,170.8602294921875,-214.52706909179688,-67.31353759765625,171.20075938552975,-214.51428904421263,-67.31396861719665,0.34076989839741406,0.351909428837098,0.05284306942632176,3.499714764646275e-05,5.511549323787385,19.82242416163802,nan,0.25104385854765726,nan
478.03000000000003,170.86544799804688,-214.5356903076172,-67.31462097167969,171.20575504516134,-214.5230302381477,-67.31515579261823,0.34054287499252567,0.35195516588511827,0.052865278430425204,3.5702420593184193e-05,5.479259934561594,19.57511500934233,nan,nan,nan
478.04,170.87071228027344,-214.5443115234375,-67.31568908691406,171.21084145543168,-214.53175218759898,-67.31496175585491,0.34036175126032947,0.3520009876786231,0.05288754921199926,3.500539346896189e-05,5.451390720413649,19.389752368193715,nan,1.3067342262383987,nan
478.05,170.87600708007812,-214.55291748046875,-67.31672668457031,171.21587086877497,-214.54424091223788,-67.31613444464386,0.33997504092472686,0.3519289016369538,0.052881599111893586,3.568903436130311e-05,5.150230369286956,20.55896546757416,1.831385736173065,nan,nan
478.06,170.88133239746094,-214.56153869628906,-67.3177490234375,171.2209316882407,-214.55300812485402,-67.31835356095159,0.33970695373032833,0.3519745280799283,0.052903861756339876,3.499257205091329e-05,5.117026529286598,19.306924271370523,nan,0.8632841634562818,nan
478.07,170.88670349121094,-214.57015991210938,-67.3187484741211,171.22607063789889,-214.56176000593706,-67.31945877964417,0.33947182977201384,0.35202024302029494,0.052926186775962794,3.569776464180209e-05,5.086891978164905,19.55369375093496,nan,nan,nan
478.08,170.89212036132812,-214.5787811279297,-67.3197250366211,171.23123249717506,-214.57051616652257,-67.32094114839947,0.3392150191155851,0.3520660428838157,0.05294857383591193,3.500101510995495e-05,5.081197263379023,19.875978653010797,nan,0.11087284264492403,nan
478.09000000000003,170.89756774902344,-214.58738708496094,-67.32068634033203,171.23644496361592,-214.57926653229273,-67.32201247600032,0.33897709152892563,0.352111931404215,0.05297102354600456,3.570660175182682e-05,5.05371625355098,20.15110247712656,nan,nan,nan
478.1,170.90298461914062,-214.59600830078125,-67.32162475585938,171.29765862167764,-214.61502412526184,-67.32356057380892,0.3951365805014755,0.35203991825011205,0.05296496901048972,3.498837648014696e-05,4.794107732944954,19.56667241469616,28.33575414093737,0.16953484858119908,nan
478.11,170.9083251953125,-214.60462951660156,-67.32254791259766,171.30289833225487,-214.6238293384244,-67.32460014567337,0.39504532045724555,0.3520856111196531,0.052987409837629486,3.5693479523325214e-05,4.774092642391413,19.164672080639825,nan,nan,nan
478.12,170.91357421875,-214.6132354736328,-67.32345581054688,171.30800812636474,-214.6326520612114,-67.32715099154466,0.3949288109419673,0.35213138906372465,0.053009912961572016,3.499697057098772e-05,5.01491394305239,19.88404160510361,nan,1.6505947775920353,nan
478.13,170.91873168945312,-214.62185668945312,-67.3243408203125,171.31307707297452,-214.64145582352032,-67.32817107041217,0.3948507039080058,0.35217725533934496,0.05303247893491249,3.570246709426877e-05,5.005538756765488,19.345128332115095,nan,nan,nan
478.14,170.9237823486328,-214.63046264648438,-67.32520294189453,171.3179622974045,-214.65029079092156,-67.33190110223401,0.39473516777380013,0.35222320708931487,0.05305510750653571,3.5005642676755585e-05,5.845647991918999,20.939028233391635,nan,5.249171587208004,nan
478.15000000000003,170.9287567138672,-214.63906860351562,-67.32605743408203,171.37376357030405,-214.67648541831613,-67.33281150803722,0.44662818744524596,0.35215126921503614,0.05304894578882176,3.568948452449536e-05,6.04659975248674,20.601770496909953,24.04035879775435,nan,nan
478.16,170.93360900878906,-214.64768981933594,-67.32688903808594,171.37869807772913,-214.68528738824676,-67.33151648181202,0.4466981863779784,0.3521970252462884,0.05307156474581761,3.499318495092833e-05,5.351217659844023,18.88851641233675,nan,3.706357561727645,nan
478.17,170.93838500976562,-214.6562957763672,-67.32770538330078,171.3834650582682,-214.69411459996326,-67.33247350510155,0.44670935515025006,0.35224286930728727,0.05309424675020899,3.5698581544074096e-05,5.3457057836195485,19.904572041554644,nan,nan,nan
478.18,170.94305419921875,-214.6649169921875,-67.32850646972656,171.3881677804289,-214.70293003807095,-67.33236170551228,0.4467504389231349,0.35228879895775467,0.05311699160199538,3.500195757105721e-05,5.104510986975163,18.568153689979024,nan,0.7835430495494826,nan
478.19,170.9476318359375,-214.67352294921875,-67.32929229736328,171.3927455659584,-214.71175673842603,-67.33327781772411,0.4467705671402332,0.3523348168277777,0.05313979977885764,3.5707738221530084e-05,5.094918900823572,19.28483886024181,nan,nan,nan
478.2,170.95211791992188,-214.68212890625,-67.33006286621094,171.4226184194676,-214.72404508755372,-67.33464275085065,0.4723861361970447,0.3522629504243236,0.05313352731685516,3.498959368204677e-05,5.687503336854912,19.130183232989783,11.049464204635623,0.1418129124119848,nan
478.21000000000004,170.95652770996094,-214.6907501220703,-67.33081817626953,171.42706911625208,-214.73286587323676,-67.33553419420498,0.4724459676576066,0.3523087722954714,0.053156325103746856,3.5694880426561254e-05,5.6819904332516735,18.52866755883567,nan,nan,nan
478.22,170.96083068847656,-214.69935607910156,-67.33155822753906,171.43144735079943,-214.74168069290477,-67.33581734627484,0.4725352430051247,0.35235467984884844,0.05317918598103484,3.4998433471176616e-05,5.547745132414414,18.831695804473085,nan,0.24916485842063724,nan
478.23,170.96505737304688,-214.7079620361328,-67.33228302001953,171.4357225576727,-214.75050155065438,-67.33667472710785,0.47260407679763644,0.3524006753526765,0.05320211038108667,3.570410348948521e-05,5.540035292024383,18.96604219264961,nan,nan,nan
478.24,170.96920776367188,-214.71658325195312,-67.33299255371094,171.43993699835315,-214.75931345896797,-67.33659327109159,0.4726783770607692,0.35244675691115773,0.053225098170415,3.50073135180574e-05,5.341530016245701,18.162487275467203,nan,0.6044044349437149,nan
478.25,170.9732666015625,-214.72518920898438,-67.33368682861328,171.4531909681546,-214.77164065176828,-67.33739246279588,0.4821813620518917,0.3523749632575181,0.05321871208056389,3.569130866118121e-05,5.355149563963655,18.8700289539446,0.7404420283717534,nan,nan
478.26,170.97723388671875,-214.73379516601562,-67.33436584472656,171.45721992483953,-214.78047173591906,-67.33861551917931,0.4822689692503476,0.35242084871247054,0.05324168871276008,3.4995019559588825e-05,5.457638878017819,18.855350560572223,nan,0.12154902012214204,nan
478.27,170.98114013671875,-214.74241638183594,-67.33503723144531,171.46117918955423,-214.78929914040685,-67.33941519377407,0.48234287789139724,0.3524668218683914,0.053264729063907564,3.570056904738476e-05,5.450207426622261,18.079084272985966,nan,nan,nan
478.28000000000003,170.98495483398438,-214.7510223388672,-67.335693359375,171.4650356704984,-214.7981359036241,-67.3412071421692,0.48241859351895333,0.35251288114133267,0.05328783304037118,3.5003933490245074e-05,5.753139631353787,19.00055107002261,nan,0.7126569252437337,nan
478.29,170.98870849609375,-214.75962829589844,-67.33633422851562,171.468839618146,-214.80696393646028,-67.34199207024724,0.4824920397308317,0.35255902833047664,0.05331100101593936,3.5709856855581964e-05,5.752027667779552,19.28862312854071,nan,nan,nan
478.3,170.99237060546875,-214.76824951171875,-67.33696746826172,171.5041771930909,-214.82989487283456,-67.34246639173053,0.5155350345416304,0.3524873044659361,0.053304497841262274,3.499167317710734e-05,5.645878783941509,18.328700195174598,10.248036221483,0.007540736004943702,nan
478.31,170.9959716796875,-214.77685546875,-67.33757781982422,171.50787928166295,-214.83875102112603,-67.34322277100445,0.5156668671128855,0.3525332552870282,0.053327653855668,3.569709247063661e-05,5.646051265057476,19.682308988644586,nan,nan,nan
478.32,170.99949645996094,-214.7854766845703,-67.33818817138672,171.5115528467776,-214.84759104766957,-67.3419859242305,0.5158239625197865,0.3525792922689816,0.0533508737256372,3.5000597824028695e-05,5.1383043142601235,17.80182664542763,nan,2.7733488660108048,nan
478.33,171.00294494628906,-214.79408264160156,-67.33877563476562,171.5151116634841,-214.85644787778358,-67.34269997055166,0.5159646977243192,0.35262541694458854,0.05337415779021045,3.5706390430035815e-05,5.1297480995524225,18.925661931772538,nan,nan,nan
478.34000000000003,171.00633239746094,-214.80270385742188,-67.33935546875,171.51857012641597,-214.86531674853742,-67.34486422975564,0.5160796562030616,0.35267162813088243,0.053397506006909665,3.5009537715281084e-05,5.538311598856765,18.470833109732986,nan,1.5067811025581055,nan
478.35,171.00965881347656,-214.81130981445312,-67.33992767333984,171.5406443230767,-214.87240333259342,-67.3455355588685,0.5345179863617028,0.3525999744893721,0.053390882761471296,3.5693638786043286e-05,6.138205921329171,18.99504960797933,12.108725049565912,nan,nan
478.36,171.01290893554688,-214.81993103027344,-67.34048461914062,171.5440312743285,-214.88124927189511,-67.34703337020251,0.5346903324812379,0.3526459891712322,0.05341421821601026,3.4997274532293014e-05,6.455508081029246,18.58786424424733,nan,0.45441809005593475,nan
478.37,171.01609802246094,-214.82855224609375,-67.34103393554688,171.5473688511465,-214.89008972527594,-67.3477266389321,0.5348647932281083,0.35269209134009,0.05343761805887485,3.5702927137631714e-05,6.457594297085079,18.482024263079378,nan,nan,nan
478.38,171.01922607421875,-214.837158203125,-67.34156799316406,171.55069449875066,-214.8989108840831,-67.3456911458948,0.5350598847497202,0.35273828003865687,0.05346108227761177,3.5006205282569714e-05,5.660622004176273,18.638596745171377,nan,5.217569959770611,nan
478.39,171.02227783203125,-214.8457794189453,-67.34209442138672,171.55390504403374,-214.90775228588203,-67.34633755950811,0.5352439938934522,0.35278455646020174,0.05348461116700206,3.571222234147351e-05,5.652593972636429,17.596427452875904,nan,nan,nan
478.40000000000003,171.02528381347656,-214.85440063476562,-67.34260559082031,171.55205224249949,-214.91484421015844,-67.34696125076083,0.5302427513837993,0.3527129706950508,0.05347786447979086,3.499393785596767e-05,5.651510275527479,17.963480424972264,0.8669520388628942,0.0128450306468294,nan
478.41,171.02822875976562,-214.86302185058594,-67.34310913085938,171.55513209668663,-214.9236839425167,-67.34758995179939,0.5304027654643287,0.35275905035891936,0.053501379775108875,3.569944165609605e-05,5.645020162149365,17.8447896040084,nan,nan,nan
478.42,171.03123474121094,-214.87164306640625,-67.34370422363281,171.5582122635615,-214.93252528721416,-67.34839660947846,0.5305035083372834,0.35280521655655683,0.0535249596645959,3.500284408545632e-05,5.683416441849564,17.949619601832598,nan,0.012907245591439702,nan
478.43,171.0343017578125,-214.88026428222656,-67.34439849853516,171.56135981237423,-214.94136638780068,-67.34916336910842,0.5306094271454022,0.3528514702920667,0.05354860441735433,3.570871225045242e-05,5.662155090242989,17.6237842379239,nan,nan,nan
478.44,171.0374298095703,-214.88888549804688,-67.34517669677734,171.56456064693825,-214.9502124007262,-67.3506983948159,0.5307149873950127,0.35289781089303685,0.05357231405884812,3.5011750330126604e-05,5.869365158144535,18.127154889217124,nan,0.3219369008551139,nan
478.45,171.04063415527344,-214.89749145507812,-67.3460464477539,171.51547964017345,-214.92582677098454,-67.35161901790994,0.4757227955391577,0.35282629281403294,0.053565440872312256,3.569591424809716e-05,6.590735155346441,17.888990863652182,36.089821244531336,nan,nan
478.46000000000004,171.0438995361328,-214.90611267089844,-67.34700775146484,171.51875570236396,-214.9345918616782,-67.35285435932275,0.47574533706454614,0.35287243649392347,0.053589136086580086,3.499943635235856e-05,6.668662826703877,17.15384965762158,nan,0.024848731908516993,nan
478.47,171.04721069335938,-214.9147491455078,-67.34805297851562,171.52209663147704,-214.9433562877245,-67.35399352366285,0.4757838930484589,0.3529186675390628,0.053612896354672604,3.5705147462071916e-05,6.653170237859229,16.468634883909925,nan,nan,nan
478.48,171.05059814453125,-214.92337036132812,-67.34918975830078,171.52548111974195,-214.95212795063526,-67.35641752737675,0.4758078180668573,0.3529649854339873,0.05363672172377869,3.5008308315627146e-05,7.1284908854252365,17.623758240467804,nan,1.0097343717053666,nan
478.49,171.05404663085938,-214.93199157714844,-67.35041046142578,171.5289438763402,-214.96089313098082,-67.35774496114563,0.4758324163666749,0.3530113909466008,0.05366061243088519,3.571437575330916e-05,7.114057261740376,17.710053120903908,nan,nan,nan
478.5,171.0575408935547,-214.94061279296875,-67.35171508789062,171.5831022162351,-214.99268070130222,-67.35800755115375,0.5281717202479844,0.3529399386322088,0.053653609444198266,3.499596888773138e-05,6.595185678309033,17.842992844765824,22.168690630222834,0.8993292821509434,nan
478.51,171.0611114501953,-214.94923400878906,-67.35310363769531,171.58675970224692,-215.0014912343306,-67.35949528043848,0.5282781044139224,0.3529861469777974,0.05367748486509274,3.5701515315617654e-05,6.580221739955906,18.004107418276824,nan,nan,nan
478.52,171.06472778320312,-214.95785522460938,-67.35457611083984,171.5904741663364,-215.01030262179057,-67.36118947030506,0.5283973177186136,0.3530324421457244,0.05370142559417414,3.500479692406576e-05,6.658008167814701,17.902716434333694,nan,0.010508545786203381,nan
478.53000000000003,171.0684051513672,-214.9664764404297,-67.35613250732422,171.59424820329068,-215.01911338542033,-67.36284636400151,0.5285136129804402,0.3530788247754314,0.053725431850285554,3.57107001954711e-05,6.643510916047758,17.821718188972277,nan,nan,nan
478.54,171.0721435546875,-214.97509765625,-67.35777282714844,171.5980879643946,-215.02792081784165,-67.36389434624486,0.5286258426323326,0.35312529454503216,0.05374950370748829,3.5013616978446474e-05,6.42423415970909,17.531636641104413,nan,0.3374571334924105,nan
478.55,171.075927734375,-214.98373413085938,-67.35948944091797,171.58857431358777,-215.04041781990134,-67.36573309495316,0.5158086263311927,0.353053907358121,0.053742367818333234,3.569780716537816e-05,5.8569302280004685,16.979499716455155,9.120939824370872,nan,nan
478.56,171.07977294921875,-214.9923553466797,-67.36128234863281,171.5924947307199,-215.0492437085244,-67.36626568135662,0.5158921830616494,0.35310017977450053,0.0537664235256943,3.500120868683932e-05,5.447941580690917,17.465830266579175,nan,1.3117786760103887,nan
478.57,171.08367919921875,-215.0009765625,-67.3631591796875,171.59645431083072,-215.0580757859853,-67.36822757566135,0.5159693063051738,0.35314653950622293,0.05379054494677316,3.570694089656773e-05,5.431419839577553,17.27687798768898,nan,nan,nan
478.58,171.08763122558594,-215.0095977783203,-67.3650894165039,171.60046291100508,-215.06690993172057,-67.37075159411698,0.5160553078426157,0.353192986335131,0.05381473217057378,3.5009982334825134e-05,5.601670751174523,17.36957531611383,nan,0.17266771690012644,nan
478.59000000000003,171.09164428710938,-215.01821899414062,-67.36701965332031,171.60453063221817,-215.07574182477973,-67.3728182016052,0.5161345776113111,0.3532395207444964,0.05383898539378588,3.57160642916654e-05,5.601245472771304,17.770005023972956,nan,nan,nan
478.6,171.095703125,-215.02684020996094,-67.36894226074219,171.63100313726756,-215.10317917308484,-67.37477547362886,0.540747414970297,0.3531681970408568,0.053831713359216826,3.49975393451149e-05,5.107628966802992,18.059437776115413,12.030904842505272,0.019809602737964373,nan
478.61,171.09982299804688,-215.03546142578125,-67.37083435058594,171.63519405762614,-215.11205869145076,-67.376819050199,0.540855922748864,0.3532145338548568,0.053855949547358374,3.5703094156445004e-05,5.113622113334718,18.279931632505157,nan,nan,nan
478.62,171.10398864746094,-215.04408264160156,-67.3727035522461,171.6394294816089,-215.12094077160486,-67.37959520465851,0.54097278479941,0.35326095771432436,0.053880251735077773,3.5006260971127124e-05,5.44256863827634,18.115936992720385,nan,0.4084528125574819,nan
478.63,171.1082000732422,-215.05271911621094,-67.37452697753906,171.64372351133824,-215.12981970923678,-67.38158634979393,0.5410912020461833,0.3533074690203294,0.05390462010697333,3.57121666842118e-05,5.457743555495625,17.73829039814248,nan,nan,nan
478.64,171.1124725341797,-215.06134033203125,-67.3763198852539,171.64806932746865,-215.13869806048152,-67.38342260540442,0.5412010640842628,0.35335406767868344,0.05392905477001482,3.50149717242121e-05,5.478650537751279,18.38575128212628,nan,0.010391669971133789,nan
478.65000000000003,171.11679077148438,-215.06996154785156,-67.37808227539062,171.64882813773264,-215.1347326617549,-67.3853007823066,0.5360141445174378,0.3532828065125997,0.053921643465880145,3.569915901338394e-05,6.100952985877679,17.588339627323467,11.009297212657566,nan,nan
478.66,171.12115478515625,-215.07858276367188,-67.37980651855469,171.60432253074484,-215.09467214759275,-67.38611786793109,0.48347675412894753,0.34988068692241175,0.0505086963218244,3.5000858122925776e-05,9.654740599086983,21.177449303954234,nan,0.8604591977518921,0.6955060606681018
478.67,171.1255645751953,-215.0872039794922,-67.3814926147461,171.60884624668688,-215.10345681113196,-67.38796127985837,0.48359815153113384,0.34992933267458415,0.05052573618529968,3.5706545778311895e-05,9.647241117659664,21.243806297978033,nan,nan,nan
478.68,171.13003540039062,-215.0958251953125,-67.38314819335938,171.61338538379488,-215.11220217890283,-67.38920508057448,0.48366527467986165,0.34997806031161516,0.05054282777082123,3.50095737279286e-05,9.481631744885943,21.05651221141548,nan,0.22656254763235045,nan
478.69,171.13453674316406,-215.1044464111328,-67.38477325439453,171.61800537677252,-215.120986317555,-67.39097751708775,0.48379125773751436,0.3500268796008488,0.05055998465469955,3.5715608009452064e-05,9.47073848785065,20.733973606180363,nan,nan,nan
478.7,171.13909912109375,-215.11306762695312,-67.38636779785156,171.62254931841767,-215.12442384163367,-67.39144931001597,0.48361025492671617,0.34996158370468045,0.05055609440163544,3.499707299194135e-05,9.613292074451595,20.237667652309238,4.421797195932309,1.2035024258946418,nan
478.71000000000004,171.14370727539062,-215.12168884277344,-67.38792419433594,171.6272701549343,-215.13318456067682,-67.39314670621877,0.4837276967810085,0.3500101930533146,0.05057326689738507,3.570257744978507e-05,9.59876858591466,20.429144430000576,nan,nan,nan
478.72,171.1483612060547,-215.13031005859375,-67.38945007324219,171.63204921993255,-215.14195882195182,-67.39502222752026,0.48386034902664454,0.3500588843975266,0.050590491886132155,3.500573476741409e-05,9.681358337386563,20.455418676093387,nan,0.03071893135226616,nan
478.73,171.15304565429688,-215.138916015625,-67.39094543457031,171.63686211018552,-215.1507188829374,-67.39666141656906,0.48399415607593027,0.35010766710672814,0.050607781936582476,3.571158749119163e-05,9.668140004260167,20.964239088377905,nan,nan,nan
478.74,171.1577911376953,-215.1475372314453,-67.39241790771484,171.6417379987241,-215.15949898893885,-67.3985878206154,0.48413398534615154,0.35015653219847653,0.05062512500324599,3.501438541623874e-05,9.800351216639601,20.24644907474734,nan,0.07060300950248645,nan
478.75,171.16258239746094,-215.15615844726562,-67.39385223388672,171.67920741634055,-215.1825881188609,-67.40015780942467,0.5173390551232865,0.3500911784993381,0.05062122032174656,3.5698519542263556e-05,9.667723773762006,21.140445233029148,10.344934979304968,nan,nan
478.76,171.1674041748047,-215.16477966308594,-67.395263671875,171.6841239813048,-215.19128394966313,-67.400256137846,0.5174231927087773,0.3501398335347883,0.05063857871863572,3.500180852517675e-05,9.22689889588081,20.338236046774693,nan,1.5013064188711247,nan
478.77,171.17227172851562,-215.17340087890625,-67.39664459228516,171.68916546344084,-215.20007198815895,-67.40177076120929,0.5176067608537884,0.3501885796392014,0.05065600195516562,3.5707475024508554e-05,9.21171821355301,20.391252516450287,nan,nan,nan
478.78000000000003,171.17718505859375,-215.1820068359375,-67.39800262451172,171.69424211868477,-215.20885049146065,-67.40311383916314,0.517778630060209,0.3502374082482003,0.05067347894759533,3.50104106474018e-05,9.181654886028602,20.906780104688533,nan,0.014797845996014991,nan
478.79,171.18214416503906,-215.1906280517578,-67.39932250976562,171.6993691831959,-215.21763752303312,-67.40457402205419,0.5179563778227156,0.35028632811347815,0.05069102084384417,3.5716419945008904e-05,9.168828142732728,20.57461241088985,nan,nan,nan
478.8,171.18714904785156,-215.19924926757812,-67.40062713623047,171.72111885246295,-215.2311751631999,-67.40696466922441,0.5349609138735523,0.3502209076981035,0.05068708647202445,3.499780002504272e-05,9.699231596849174,20.72684673022986,2.69584139097119,0.7069823892477324,nan
478.81,171.1921844482422,-215.20785522460938,-67.40190124511719,171.72635893863793,-215.23996525382185,-67.40838267698678,0.5351779602381406,0.3502696171707195,0.05070464289203117,3.570327611469663e-05,9.688798888695661,21.49244216321059,nan,nan,nan
478.82,171.197265625,-215.2164764404297,-67.40315246582031,171.7314399966332,-215.24853243559787,-67.40605197167744,0.5351432081884027,0.3503184092740834,0.050722253782911245,3.5006352082203077e-05,8.714372046964844,19.686586734919874,nan,9.788970846877286,nan
478.83,171.202392578125,-215.22509765625,-67.40437316894531,171.73676155833027,-215.25732123074877,-67.40738389330816,0.5353481392704094,0.3503672923289328,0.050739929381246315,3.571217316021241e-05,8.690141482809898,19.870261086033434,nan,nan,nan
478.84000000000003,171.20755004882812,-215.23370361328125,-67.40557098388672,171.7421125073864,-215.26609770840733,-67.4084922122261,0.5355510555249706,0.3504162584084529,0.050757659950692924,3.50148953392575e-05,8.641288965569647,20.373621013924563,nan,0.02816009139513917,nan
478.85,171.21275329589844,-215.24232482910156,-67.40675354003906,171.72142572572025,-215.26710629001903,-67.40969487028687,0.5092842164152147,0.35035077965282424,0.050753702866606076,3.569899732780528e-05,8.375119322224526,18.86857184037406,6.58183299619119,nan,nan
478.86,171.21798706054688,-215.2509307861328,-67.40790557861328,171.7267822813319,-215.27584343747722,-67.4102310416684,0.5094100751547013,0.3503995352233087,0.05077144760574302,3.5002216209388725e-05,8.24890051593854,19.59196194008655,nan,0.36840352273480825,nan
478.87,171.2232666015625,-215.25953674316406,-67.4090347290039,171.73221528218866,-215.2846212781366,-67.41146005368168,0.5095722476800437,0.35044838143743845,0.05078925687393071,3.570784545986398e-05,8.220724498285241,19.594346131777357,nan,nan,nan
478.88,171.22857666015625,-215.26815795898438,-67.41014099121094,171.7376415688392,-215.2933496756745,-67.41179284164633,0.5096905261548729,0.35049731080523394,0.05080712179206749,3.5010716642142823e-05,8.097399122561592,18.65591874295243,nan,0.5395181149372489,nan
478.89,171.2339324951172,-215.27676391601562,-67.41122436523438,171.7431507897219,-215.30212619987537,-67.41296974975316,0.5098524917756527,0.35054633099977833,0.05082505132785174,3.571668618011536e-05,8.066797248886125,19.40227798609573,nan,nan,nan
478.90000000000003,171.23931884765625,-215.28536987304688,-67.41228485107422,171.7355553924448,-215.31150563263117,-67.41207168228432,0.4969243722677207,0.3504807860232611,0.05082105845383751,3.4998010241283325e-05,7.439495441410135,19.23403859163622,5.428965222365637,2.9839314170507256,nan
478.91,171.2447509765625,-215.2939910888672,-67.413330078125,171.7411102455518,-215.32029568554415,-67.41318684937355,0.4970558079656651,0.350529595364204,0.05083900133814062,3.570344447053701e-05,7.402455013980559,18.30923255346201,nan,nan,nan
478.92,171.25021362304688,-215.30259704589844,-67.41435241699219,171.74665829737563,-215.3290389366768,-67.4134160873169,0.49714923812732603,0.3505784879869483,0.05085700052436931,3.500646721879842e-05,7.389737585028247,19.007835849750766,nan,0.5291855673098927,nan
478.93,171.25570678710938,-215.3112030029297,-67.41535186767578,171.75228572677216,-215.33782738300837,-67.41448297920533,0.4972929276576955,0.35062747112755105,0.050875064179229386,3.571224439478854e-05,7.349103813242127,18.96654268771838,nan,nan,nan
478.94,171.26124572753906,-215.31980895996094,-67.41632843017578,171.7579223529412,-215.34658715033322,-67.41499421871815,0.4973997605756124,0.3506765379444799,0.05089318461012271,3.5014918908608514e-05,7.341973479778317,19.13961811608194,nan,0.20306369728606521,nan
478.95,171.26681518554688,-215.3284149169922,-67.41728973388672,171.8076254083389,-215.37427709870937,-67.41592950951367,0.542753062633987,0.3506109340155354,0.05088916073428241,3.569897831371818e-05,7.219659764348438,19.78865274944683,18.589522168935797,nan,nan
478.96000000000004,171.2724151611328,-215.33702087402344,-67.4182357788086,171.81342949797715,-215.383102467921,-67.41695630856294,0.542974827235454,0.3506597898561392,0.050907294086468,3.5002154928178306e-05,7.178780109288816,19.556759981142307,nan,0.0003755242602187362,nan
478.97,171.27804565429688,-215.3456268310547,-67.41915893554688,171.81926673594583,-215.39192598455693,-67.41794235693342,0.5431991816081956,0.3507087359071334,0.050925491777683726,3.570773701930176e-05,7.138003833197737,19.606863355933775,nan,nan,nan
478.98,171.28366088867188,-215.35423278808594,-67.42005920410156,171.82509707086422,-215.4007426153093,-67.41878824573325,0.5434316136833961,0.35075776575887324,0.050943746858727164,3.501057130695999e-05,7.107957225950963,19.85414796505257,nan,0.010628044538800138,nan
478.99,171.2891845703125,-215.3628387451172,-67.42095184326172,171.83087855824397,-215.4095644560651,-67.41973872495971,0.543706851419678,0.3508068860056075,0.050962066394069264,3.571649228163534e-05,7.069715648683341,19.28885192977596,nan,nan,nan
479.0,171.29461669921875,-215.37142944335938,-67.42182159423828,171.82220979186206,-215.41437080567542,-67.42066172455563,0.5293390003581596,0.3507412162975279,0.05095800036454558,3.4997787895937136e-05,6.900774594486264,19.991472554266448,2.8018486958680255,0.01602343095465316,nan
479.01,171.29995727539062,-215.38003540039062,-67.42266845703125,171.82778956036583,-215.42318781232964,-67.42158039414562,0.529594406691709,0.3507901252211478,0.050976331988529244,3.5703172519992406e-05,6.862782213806592,19.43593485573353,nan,nan,nan
479.02,171.30519104003906,-215.38864135742188,-67.42350769042969,171.83326658537112,-215.4320013838493,-67.42242010468364,0.5298538065469496,0.35083911806536733,0.05099472158880499,3.50061686613205e-05,6.831096024880307,19.001455237174152,nan,0.002812760177046287,nan
479.03000000000003,171.31033325195312,-215.39724731445312,-67.42432403564453,171.8386450454798,-215.44081753519043,-67.42330665052857,0.5301063576179336,0.35088820100186124,0.05101317554428924,3.571189520752348e-05,6.793851215110465,19.259019450258343,nan,nan,nan
479.04,171.31536865234375,-215.4058380126953,-67.42512512207031,171.84394135429716,-215.44965251855083,-67.42459933576062,0.5303857922540283,0.35093736824930877,0.051031687922991474,3.50145481039865e-05,6.739479203498831,19.87081225174871,nan,0.125366963407483,nan
479.05,171.32029724121094,-215.41444396972656,-67.42591094970703,171.83456797663288,-215.44178420772528,-67.42545677194221,0.5149971691210515,0.35087163893525114,0.051027582627215566,3.5698559464608216e-05,7.60443474391317,18.33571056448234,18.107093373356886,nan,nan
479.06,171.32513427734375,-215.4230499267578,-67.42668151855469,171.83964145597858,-215.45055117853977,-67.42645012337864,0.5152416998458826,0.3509205947264179,0.05104610659547075,3.500171917399066e-05,7.568378582859228,18.327899124894802,nan,0.015396397148933445,nan
479.07,171.3298797607422,-215.431640625,-67.42743682861328,171.8446112770984,-215.45931140726478,-67.42728264070394,0.5154747616473875,0.3509696403117896,0.051064694839210854,3.5707249270393635e-05,7.534375901918012,19.025751698982727,nan,nan,nan
479.08,171.3345184326172,-215.44024658203125,-67.42817687988281,171.84954282143454,-215.46812781331377,-67.42940277624265,0.5157799792124559,0.3510187703195467,0.05108334205461957,3.501007132654304e-05,7.54531945066153,18.229963340976212,nan,1.1962889296825574,nan
479.09000000000003,171.33908081054688,-215.44883728027344,-67.42890167236328,171.85432389571514,-215.4768879882655,-67.43021991854765,0.5160077681639792,0.3510679903117838,0.05110205368780784,3.571593978500328e-05,7.517979112411971,19.069341650707152,nan,nan,nan
479.1,171.34353637695312,-215.4574432373047,-67.42961120605469,171.8575530201105,-215.48670284751543,-67.42980022813857,0.5148487835877594,0.3510021955885255,0.05109789962691198,3.499723100617236e-05,7.315709341974374,18.231698001417133,0.34217841336951227,1.0938438594967737,nan
479.11,171.34791564941406,-215.46604919433594,-67.43031311035156,171.86214829544767,-215.49546883992346,-67.43057858928724,0.5150735872400019,0.3510512037798731,0.05111662200681418,3.570256289986516e-05,7.285152073644279,18.051757172374618,nan,nan,nan
479.12,171.35220336914062,-215.47463989257812,-67.43099212646484,171.8666782952939,-215.50425703241444,-67.43188348227444,0.5153274872619115,0.35110029649793245,0.05113540388030789,3.500555550227914e-05,7.273373138702147,19.097798175417243,nan,0.20541694592826767,nan
479.13,171.3563995361328,-215.48324584960938,-67.4316635131836,171.8710993155275,-215.51302337676276,-67.43264165793073,0.5155613647272692,0.3511494789111794,0.05115425012152875,3.57112290871364e-05,7.246485005373229,18.066260735961734,nan,nan,nan
479.14,171.3605194091797,-215.49185180664062,-67.43231964111328,171.8753821029859,-215.52173813244696,-67.43208368817686,0.5157294267514463,0.351198746234004,0.051173156276646606,3.501388259307257e-05,7.190153467371246,18.146861089474186,nan,1.1989933446994228,nan
479.15000000000003,171.3645477294922,-215.5004425048828,-67.4329605102539,171.86480926933172,-215.53110976487662,-67.43288461035169,0.501200653270662,0.35113289123543473,0.05116895473082809,3.569784437184254e-05,6.649867933808429,18.851718781842436,6.128921455799212,nan,nan
479.16,171.36851501464844,-215.50904846191406,-67.43358612060547,171.8689202738744,-215.53986293551532,-67.43284560687833,0.5013536711792522,0.35118194661108953,0.05118787106451723,3.5001008498645526e-05,6.6340983075157025,18.407134381639732,nan,0.3960266725492574,nan
479.17,171.3723907470703,-215.5176544189453,-67.4342041015625,171.87298194201117,-215.54864527094017,-67.43353633150676,0.5015500207123168,0.35123109139941355,0.05120685173409266,3.57064857138158e-05,6.600136901557991,18.056764453710276,nan,nan,nan
479.18,171.37619018554688,-215.5262451171875,-67.434814453125,171.87693857386094,-215.5574024379906,-67.43353074165167,0.5017184219798064,0.3512803211901475,0.051225892803269564,3.500931596109068e-05,6.602817558167549,18.643431765129105,nan,0.3309714350943748,nan
479.19,171.37991333007812,-215.53485107421875,-67.4354019165039,171.8808461446594,-215.56618553994906,-67.43419182010193,0.5019133369419573,0.351329640592284,0.051244998376587136,3.5715131682197176e-05,6.566166393470114,18.310137825933424,nan,nan,nan
479.2,171.38356018066406,-215.54345703125,-67.43598937988281,171.88136963018778,-215.57694554353822,-67.43723940669949,0.4989361593003898,0.35126372047140236,0.05124074123018955,3.49964379517218e-05,6.306832371434406,17.916948232459,1.3186986084542665,3.8573291264671123,nan
479.21000000000004,171.3871307373047,-215.55206298828125,-67.43655395507812,171.88511980115024,-215.5857401253315,-67.43790348487862,0.4991283186720158,0.3513128275869308,0.05125985612891327,3.5701717503472945e-05,6.282942484191804,18.356537834306657,nan,nan,nan
479.22,171.39064025878906,-215.5606689453125,-67.4371109008789,171.88884385518833,-215.59457760709589,-67.43976129129612,0.49936323991505904,0.3513620197890591,0.051279031888111774,3.50047251105195e-05,6.402120585745715,18.438590887734556,nan,1.0233126049980097,nan
479.23,171.39407348632812,-215.56927490234375,-67.43766021728516,171.89245160959783,-215.6033733576362,-67.44041698705543,0.49955085645680614,0.35141130133134507,0.05129827214704328,3.571034670616018e-05,6.384034762682761,18.21975898114419,nan,nan,nan
479.24,171.39744567871094,-215.577880859375,-67.43819427490234,171.8959711643666,-215.6121521261188,-67.4405491709128,0.4997076396330878,0.35146066833355055,0.051317573661850545,3.501301841879772e-05,6.299252310563106,18.39526684383838,nan,0.1860278468648238,nan
479.25,171.40074157714844,-215.58648681640625,-67.438720703125,171.90542224946412,-215.61460947513507,-67.44123502006912,0.5054698672845753,0.35139468727066636,0.051313260870417904,3.569693199273708e-05,6.9584191685080174,18.014266682657055,8.118253403564385,nan,nan
479.26,171.4039764404297,-215.5950927734375,-67.43923950195312,171.90884866892821,-215.62337972299952,-67.44193334880607,0.5056712127810525,0.35144384182540445,0.0513325710772781,3.5000117167848696e-05,6.958464454251298,17.960702849415664,nan,0.004102502588661951,nan
479.27,171.4072723388672,-215.60369873046875,-67.43984985351562,171.91227057551848,-215.6321481615728,-67.44259845840982,0.5058064293580294,0.35149308545702357,0.05135194579577148,3.5705543508620405e-05,6.930587973111956,18.020741015252852,nan,nan,nan
479.28000000000003,171.41062927246094,-215.6123046875,-67.44054412841797,171.9156689596452,-215.64084117424798,-67.44097114853206,0.5058454300013607,0.351542414619556,0.051371382197688956,3.500839762556026e-05,6.69221931839693,18.165700575858967,nan,4.017785537810817,nan
479.29,171.41404724121094,-215.62091064453125,-67.44133758544922,171.9192133946557,-215.64961083028183,-67.44179853737444,0.5059809835606336,0.35159183306777736,0.051390883303403675,3.5714163085233297e-05,6.661097449897386,17.838643773564048,nan,nan,nan
479.3,171.4175262451172,-215.6295166015625,-67.44222259521484,171.92077695401795,-215.66059999809588,-67.44240981867549,0.5042097664680821,0.35152578708115917,0.051386507880428756,3.499549892704307e-05,6.410124151627063,17.903484154303733,1.1650705719901193,0.10222653753612537,nan
479.31,171.42105102539062,-215.6381378173828,-67.44319152832031,171.92443485944716,-215.66938151842118,-67.44341701973352,0.5043525593177947,0.35157499274943743,0.05140601681359782,3.57007290287898e-05,6.380470162318567,17.33052771645115,nan,nan,nan
479.32,171.42465209960938,-215.64674377441406,-67.44424438476562,171.92815057546997,-215.67816268242052,-67.44448190311381,0.5044778680866258,0.3516242840102602,0.05142558783516933,3.500376541724114e-05,6.349046489812143,18.377367803412792,nan,0.0007157359836224126,nan
479.33,171.4282989501953,-215.6553497314453,-67.44538879394531,171.93192572471708,-215.68694512800525,-67.44566659722129,0.5046169579727126,0.35167366430600844,0.05144522359673296,3.570933831376339e-05,6.3184864680354105,18.038570404084123,nan,nan,nan
479.34000000000003,171.43202209472656,-215.66395568847656,-67.44662475585938,171.93570391381053,-215.6956809286936,-67.44530112609564,0.5046816994287715,0.35172313055704924,0.051464921819661925,3.501204107560466e-05,6.334822095936071,18.0310560163144,nan,1.8920514717434633,nan
479.35,171.43577575683594,-215.67257690429688,-67.44793701171875,171.94209064596973,-215.70759528221208,-67.44658102103436,0.5075262480513799,0.3516570229766761,0.05146048265730129,3.569590983543475e-05,6.167692905479856,17.570607020403756,0.7424164092436292,nan,nan
479.36,171.43960571289062,-215.68118286132812,-67.4493408203125,171.94608061168603,-215.7164251240358,-67.44931041873932,0.5076995579226222,0.3517062762718393,0.051480188013590646,3.499912797723863e-05,6.085202818602083,18.071857360397807,nan,1.1994908294192006,nan
479.37,171.4434814453125,-215.68980407714844,-67.45082092285156,171.95008351042236,-215.72521933659445,-67.45083378287296,0.5078384518137466,0.35175561835958613,0.051499958160028746,3.570450741272417e-05,6.055647041813507,17.572699630239434,nan,nan,nan
479.38,171.44741821289062,-215.6984100341797,-67.45238494873047,171.9541035225431,-215.7339823359469,-67.45125915208746,0.5079337152510467,0.3518050464504471,0.051519791143026,3.5007396411445755e-05,6.061172675350414,18.296512388876884,nan,0.9852750251153035,nan
479.39,171.45140075683594,-215.70701599121094,-67.45403289794922,171.9582151914977,-215.7427770368556,-67.45293682418006,0.5080757078869408,0.3518545635534504,0.051539689129589526,3.571311587973469e-05,6.028335960165033,18.08208235299447,nan,nan,nan
479.40000000000003,171.4554443359375,-215.71563720703125,-67.45575714111328,171.9776234582624,-215.7412658119101,-67.4544244714219,0.5228093698362197,0.35178839115916183,0.05153518014057489,3.499449111989128e-05,7.245691365676707,17.523501780292154,26.088060057711125,0.08073219005437825,nan
479.41,171.45953369140625,-215.7242431640625,-67.45755767822266,171.98188312233106,-215.75000923719082,-67.45626249825455,0.5229861336623295,0.35183769498160544,0.05155508438278424,3.569967629472782e-05,7.21163922148547,18.284579120710724,nan,nan,nan
479.42,171.46368408203125,-215.7328643798828,-67.45944213867188,171.98627965486367,-215.7588218897293,-67.46097839200948,0.5232420903709749,0.35188708484553277,0.051575051816729334,3.500275072050411e-05,7.202815865586205,17.427194299568047,nan,5.526814619277165,nan
479.43,171.46786499023438,-215.74147033691406,-67.46138000488281,171.99064301663464,-215.76756509505648,-67.46299152239965,0.5234313692148856,0.35193656349203556,0.05159508432506868,3.5708279683323055e-05,7.17844396961586,17.952648173224826,nan,nan,nan
479.44,171.4721221923828,-215.7500762939453,-67.46332550048828,171.99503628519884,-215.77629130992213,-67.46432344895199,0.5235717443000584,0.3519861285319763,0.05161518037854717,3.501102190195128e-05,7.103852096165873,18.021666559913946,nan,0.3583992391167628,nan
479.45,171.47640991210938,-215.75869750976562,-67.46525573730469,171.97615657668086,-215.7701796406506,-67.46625265593585,0.4998795474179213,0.3519198939144498,0.05161059962508939,3.5694850489406014e-05,7.510710242469153,16.667868798038107,9.432329854758734,nan,nan
479.46000000000004,171.4807586669922,-215.76730346679688,-67.46715545654297,171.98063483727296,-215.77888163638653,-67.46813415886079,0.5000111973584634,0.35196924548306374,0.05163070118414107,3.499810918682887e-05,7.480362826232328,17.50582374022963,nan,0.011999553422128658,nan
479.47,171.4851531982422,-215.77590942382812,-67.46902465820312,171.9851660544831,-215.78758617345332,-67.47011628137831,0.5001503719174499,0.35201868561300176,0.05165086789983705,3.570344686808032e-05,7.456759636337244,17.35074537320888,nan,nan,nan
479.48,171.48959350585938,-215.78453063964844,-67.47086334228516,171.989734344314,-215.79628132229638,-67.47165801410823,0.5002794902213121,0.3520682121611434,0.05167109848988613,3.500637753681344e-05,7.413234673083445,16.46421112344433,nan,0.11763451361309457,nan
479.49,171.4940948486328,-215.7931365966797,-67.47266387939453,171.99436211280016,-215.80498521389165,-67.4735702494298,0.500408380059687,0.35211782750088017,0.05169139446829778,3.571205632851469e-05,7.388551405320302,17.302725252666335,nan,nan,nan
479.5,171.49862670898438,-215.80174255371094,-67.47442626953125,171.9966387796914,-215.8051548757945,-67.47496640482302,0.4980240538950336,0.35205152809371776,0.051686736561446414,3.499347663316174e-05,7.9610446266470545,17.142799759482507,5.519044447654766,0.14359531517898766,nan
479.51,171.50320434570312,-215.81036376953125,-67.47615814208984,172.00136441885016,-215.81382834337063,-67.47680540028136,0.4981725410868337,0.35210092964533923,0.05170703715266438,3.569862231822554e-05,7.936918368519,16.305663560142673,nan,nan,nan
479.52,171.50784301757812,-215.8189697265625,-67.47785186767578,172.00610002960357,-215.82247401933137,-67.47724845717245,0.4982697002674082,0.35215041763084753,0.05172740193006154,3.500174005534877e-05,7.906471471062984,17.142588034001335,nan,1.3104335711275217,nan
479.53000000000003,171.51251220703125,-215.82757568359375,-67.4795150756836,172.01091749255195,-215.83114704379165,-67.47900714579231,0.498418339591765,0.35219999419901893,0.05174783219496441,3.57072306391943e-05,7.874804603056458,16.836784817446652,nan,nan,nan
479.54,171.51724243164062,-215.836181640625,-67.48114013671875,172.01579462746736,-215.83983061603382,-67.48128903086013,0.4985655715697348,0.35224965754260457,0.051768326982912165,3.501001686698065e-05,7.839339712714778,17.147268045752917,nan,0.21790395819384936,nan
479.55,171.52200317382812,-215.8448028564453,-67.48274230957031,172.00702866780222,-215.85419767946948,-67.48291746658363,0.48511650475370016,0.352183295308495,0.05176358935729746,3.5693810559561974e-05,6.966008241859077,15.803128761213564,11.575516353500277,nan,nan
479.56,171.5268096923828,-215.85340881347656,-67.48430633544922,172.01189441461767,-215.86286236579093,-67.48247571925538,0.4851802845877809,0.3522327446591356,0.05178408795679533,3.499711368413307e-05,7.032580015275967,16.775160763843004,nan,3.1409831973908156,nan
479.57,171.5316619873047,-215.8620147705078,-67.48583984375,172.01685696721628,-215.87156574208396,-67.48409125721459,0.4852921255742105,0.3522822823913217,0.05180465215182218,3.570241532104421e-05,6.994249354441531,16.712160376609102,nan,nan,nan
479.58,171.53656005859375,-215.87062072753906,-67.48734283447266,172.02189289850554,-215.88029064545478,-67.486912471869,0.48542935430535283,0.35233190690178323,0.0518252811595802,3.5005390866263815e-05,6.885744369216589,16.60242939518142,nan,1.0779771823604245,nan
479.59000000000003,171.54150390625,-215.8792266845703,-67.48881530761719,172.02694133932405,-215.8889932110107,-67.48848086796468,0.4855357847966705,0.35238162003422413,0.051845976009878295,3.571103474843058e-05,6.855474622520781,16.59762735527887,nan,nan,nan
479.6,171.54647827148438,-215.88783264160156,-67.4902572631836,172.05136202603055,-215.90472124116096,-67.49094037725784,0.5051666032553559,0.3523151929550645,0.05184115380487513,3.49925023242152e-05,6.912967329365723,16.743002686376574,3.300478686688883,0.6564973410957725,nan
479.61,171.55149841308594,-215.8964385986328,-67.4916763305664,172.05652681947336,-215.9134342649511,-67.49246052244132,0.505314910613887,0.3523646917852455,0.05186185155696182,3.569761430927648e-05,6.889348625998002,16.46343744129811,nan,nan,nan
479.62,171.5565643310547,-215.90504455566406,-67.49305725097656,172.0617201629391,-215.92213807890252,-67.49340378752215,0.5054450742772398,0.35241427738815884,0.05188261439662462,3.5000777335254884e-05,6.84805414788894,16.88679964331734,nan,0.2130698350790702,nan
479.63,171.56167602539062,-215.9136505126953,-67.49441528320312,172.06696700834866,-215.9308501929589,-67.49486378846757,0.5055838284763805,0.35246395142330933,0.051903443200057964,3.570623535258438e-05,6.822767904100087,16.6303391607474,nan,nan,nan
479.64,171.5668182373047,-215.92225646972656,-67.4957504272461,172.07788277270555,-215.9312210433566,-67.49552052779427,0.511143204766165,0.35212366870093426,0.05107568260491596,3.500739844911282e-05,10.423637244073708,19.93762807967013,nan,0.43871704164610853,0.081737067117041
479.65000000000003,171.57200622558594,-215.9308624267578,-67.49705505371094,172.08535016475142,-215.94076130382206,-67.49679692407506,0.5134394358402696,0.35205693684108014,0.05107153801879505,3.5691125273741705e-05,10.401042634744151,20.068826986015562,0.7321158251448651,nan,nan
479.66,171.5772247314453,-215.93946838378906,-67.49833679199219,172.09072782141732,-215.9493803214636,-67.4965978033285,0.5136016880821492,0.35210556330985193,0.0510889124621499,3.4994568178574885e-05,10.446165442054964,19.903671918723884,nan,1.7434454285130327,nan
479.67,171.58248901367188,-215.9480743408203,-67.49958801269531,172.09614300058286,-215.95807404630054,-67.49792931563026,0.5137539913764089,0.35215427627117335,0.051106348664214075,3.569980341861093e-05,10.397330652108948,20.115364039396635,nan,nan,nan
479.68,171.58778381347656,-215.95668029785156,-67.50081634521484,172.10159831521042,-215.96670140335848,-67.49783458582603,0.5139208651501223,0.3522030758664967,0.05112384041187718,3.5002916093344935e-05,10.535301884808314,20.088085071157785,nan,1.3877203239565077,nan
479.69,171.59312438964844,-215.9652862548828,-67.50202178955078,172.1070899433254,-215.9753937845364,-67.4991042361881,0.5140732094165137,0.3522519622442341,0.05114139404847075,3.5708496589879756e-05,10.480567460787958,20.03718805945809,nan,nan,nan
479.7,171.59849548339844,-215.973876953125,-67.50320434570312,172.09519982301674,-215.97481257684777,-67.50144447537045,0.49670833849553436,0.3521851854118731,0.05113722433680684,3.499010082845165e-05,10.56891898287944,20.12510571467114,4.298037474851534,0.7251259530904651,nan
479.71000000000004,171.60389709472656,-215.98248291015625,-67.50435638427734,172.100741044694,-215.9834809682176,-67.50267935074945,0.49684778270671914,0.3522338604312782,0.05115479149771912,3.5695152462288335e-05,10.52124314147125,19.7163059202268,nan,nan,nan
479.72,171.60934448242188,-215.9910888671875,-67.5054931640625,172.1063188697588,-215.99214347657198,-67.50377275962617,0.49697848410298323,0.3522826219950082,0.05117241478397966,3.499844682727149e-05,10.488804807267178,19.382937018765947,nan,0.010000440302883887,nan
479.73,171.61483764648438,-215.9996795654297,-67.50660705566406,172.1119324620404,-216.0008104975359,-67.504962141567,0.49709882357784757,0.3523314702559959,0.05119009990890356,3.570384734908477e-05,10.439961348174837,20.050966766368216,nan,nan,nan
479.74,171.62034606933594,-216.00828552246094,-67.5076904296875,172.11758435981776,-216.00941557864726,-67.50471334485988,0.49724848675721023,0.3523804053489106,0.051207841591870217,3.5006807417151107e-05,10.579999903272016,19.779130461777576,nan,1.4169788179515423,nan
479.75,171.6259002685547,-216.0168914794922,-67.50875854492188,172.10828338894677,-216.012317460823,-67.50588631765368,0.4824133561329662,0.35231358344382,0.05120364916724854,3.5690519102831106e-05,10.52362283042659,19.352295694899137,2.02520909116117,nan,nan
479.76,171.63150024414062,-216.02548217773438,-67.50980377197266,172.1139776925302,-216.0209762134408,-67.50709257876125,0.4825061061658788,0.3523623069815115,0.05122140398281,3.4993992790432555e-05,10.462997229416189,20.083033638718586,nan,0.006111342299866841,nan
479.77,171.63711547851562,-216.03407287597656,-67.51083374023438,172.11970659424546,-216.02963038481144,-67.5081866262172,0.48261882259370736,0.3524111171312937,0.05123922060520968,3.5699212245219316e-05,10.410656800665429,19.577412666892624,nan,nan,nan
479.78000000000003,171.6427764892578,-216.0426788330078,-67.51183319091797,172.1254662707959,-216.0383351148813,-67.51051149305631,0.4827111351250185,0.3524600140220523,0.051257094328789485,3.500235525934367e-05,10.227024726378232,19.389554515875563,nan,1.1038910717640147,nan
479.79,171.64846801757812,-216.05126953125,-67.5128173828125,172.13126257732955,-216.046988158261,-67.51157933079331,0.48281513009955085,0.3525089978154825,0.0512750300152867,3.570792068886183e-05,10.181458738265878,19.67031818996837,nan,nan,nan
479.8,171.65419006347656,-216.05987548828125,-67.51378631591797,172.13266607229852,-216.05502229823347,-67.5146479875913,0.4785013970198019,0.3524421307033087,0.051270806210998575,3.498955599417534e-05,10.033439566785237,18.737175104869802,0.3299569540849062,2.794330740263741,nan
479.81,171.65994262695312,-216.06846618652344,-67.51473236083984,172.1385199501734,-216.06367509197955,-67.51569908478737,0.47860228106726843,0.3524909027446889,0.051288754318238754,3.569459329803755e-05,10.000315134092423,19.43278411727786,nan,nan,nan
479.82,171.6657257080078,-216.07705688476562,-67.51565551757812,172.14440846267016,-216.07230046732943,-67.51604113540577,0.4787065403972108,0.3525397614353074,0.05130676004436264,3.4997916922455136e-05,9.940594698298405,19.518194498451187,nan,0.33720511049625135,nan
479.83,171.67153930664062,-216.0856475830078,-67.51656341552734,172.1503270475612,-216.08095145081924,-67.51704963784525,0.47881101796586495,0.35258870694333533,0.051324827729549063,3.570330379768442e-05,9.905455391154804,19.273088438880396,nan,nan,nan
479.84000000000003,171.67738342285156,-216.09423828125,-67.5174560546875,172.1562736531375,-216.0895835836564,-67.51756169164324,0.4789128626714635,0.3526377393878629,0.05134295344116696,3.500629258604136e-05,9.861676678531657,19.162908044356605,nan,0.1620557585110299,nan
479.85,171.6831817626953,-216.1028289794922,-67.51832580566406,172.16145631216122,-216.09102491635662,-67.51853344365836,0.47842023753898905,0.3525708269534468,0.05133869917248402,3.568999241812842e-05,10.561145630905667,19.349566660685568,6.757234741113819,nan,nan
479.86,171.6888885498047,-216.11141967773438,-67.51918029785156,172.16733537450418,-216.09961148836803,-67.51858188313832,0.47859289119386655,0.3526196474433902,0.0513568368423144,3.499349417892636e-05,10.536188017962974,19.112097271636113,nan,0.5779142031157977,nan
479.87,171.6945037841797,-216.12001037597656,-67.52001953125,172.17312300435228,-216.10823024264033,-67.51950976100242,0.47876444033129956,0.3526685546650318,0.0513750364842911,3.569870133109291e-05,10.49952748763573,19.037274115179745,nan,nan,nan
479.88,171.7000274658203,-216.12860107421875,-67.52084350585938,172.17880732711978,-216.11688675230522,-67.52151060189816,0.4789236118014651,0.3527175487307949,0.051393294636055506,3.500187183187202e-05,10.471055628157995,19.046813696053693,nan,0.8368895064144418,nan
479.89,171.70542907714844,-216.13719177246094,-67.52164459228516,172.1843912633776,-216.12550443822107,-67.52241818715044,0.4791053830505985,0.35276662981899237,0.05141161494038094,3.57074255876037e-05,10.442072767876857,19.16649508100074,nan,nan,nan
479.90000000000003,171.71072387695312,-216.14578247070312,-67.5224380493164,172.18444101087132,-216.1371608322378,-67.52264993301753,0.47379563158834953,0.3526996718841438,0.051407322772661475,3.4989088715148685e-05,9.880892287595277,18.628361316612427,3.8765307680147854,0.2503342983488576,nan
479.91,171.71592712402344,-216.1543731689453,-67.52320861816406,172.18979897017576,-216.14579551079942,-67.52352039160525,0.473949575374591,0.35274854081575163,0.05142565430836581,3.569411498138566e-05,9.848561038726375,19.054902689970064,nan,nan,nan
479.92,171.7210235595703,-216.1629638671875,-67.52397155761719,172.19505826679355,-216.15438662220407,-67.52306188164545,0.47411317245368934,0.3527974964986458,0.05144404481367234,3.499746478759001e-05,9.835920070379398,18.637139351954584,nan,1.2199064859848587,nan
479.93,171.72601318359375,-216.1715545654297,-67.52471160888672,172.20021066409393,-216.1630208704545,-67.52389015322979,0.474274972196557,0.35284653911764474,0.051462497509997734,3.5702841215593966e-05,9.797963356231037,18.900085083446733,nan,nan,nan
479.94,171.7309112548828,-216.18014526367188,-67.52543640136719,172.20525867226647,-216.17168935549705,-67.52577657860259,0.47442290256916936,0.3528956687752729,0.05148100956032282,3.500585554754896e-05,9.748908390844255,18.982605382497933,nan,0.8113898096925353,nan
479.95,171.73570251464844,-216.188720703125,-67.52615356445312,172.24336281220894,-216.2052396621518,-67.5266350913701,0.5079292131731762,0.35282866521426504,0.05147667917942653,3.568954637319887e-05,8.609815911624267,19.754312771281224,31.29811237294264,nan,nan
479.96000000000004,171.7404022216797,-216.1973114013672,-67.52684783935547,172.2482570621681,-216.21395895652637,-67.52786187411344,0.508128633681263,0.3528775825076506,0.051495201931717,3.499307296036536e-05,8.598953688126569,19.512392699335646,nan,0.12928330406328523,nan
479.97,171.74501037597656,-216.20590209960938,-67.52753448486328,172.2530584969613,-216.22266505712645,-67.52865205427999,0.5083258196690824,0.35292658665009824,0.051513786928377374,3.569827081113937e-05,8.57078586615977,19.194592393214418,nan,nan,nan
479.98,171.74952697753906,-216.21449279785156,-67.52820587158203,172.25776679569734,-216.23137409269617,-67.52952084951647,0.5085217989861922,0.35297567773808086,0.05153243170756629,3.500146547889358e-05,8.551493048304138,19.250358966902684,nan,0.0059215255317762346,nan
479.99,171.7539520263672,-216.22308349609375,-67.52886962890625,172.26238464518258,-216.2400805873145,-67.53028643161912,0.5087186219467208,0.35302485596567185,0.05155113893363962,3.570701046615642e-05,8.524707091929864,18.953575922723914,nan,nan,nan
480.0,171.75830078125,-216.23167419433594,-67.52951049804688,172.27216564129057,-216.24214699355605,-67.53191203944654,0.5139771797552046,0.3529578065580828,0.051546763899206254,3.4988697808546316e-05,9.431396511905968,19.6066235773813,9.668452578919462,0.46269875135143457,nan
480.01,171.76254272460938,-216.24026489257812,-67.53014373779297,172.2766268372832,-216.25082259710862,-67.53266280201801,0.5141986831110716,0.35300677221404503,0.05156548108401386,3.5693715838619905e-05,9.411652152078828,19.165631190103113,nan,nan,nan
480.02,171.76670837402344,-216.2488555908203,-67.53076171875,172.28100579746547,-216.25947718897137,-67.53262875504926,0.5144104819411603,0.35305582472217584,0.05158425845862903,3.499708841192016e-05,9.300490436057299,19.283958817294025,nan,0.4221624691122989,nan
480.03000000000003,171.7707977294922,-216.2574462890625,-67.5313720703125,172.28529731711245,-216.2681536967094,-67.53334886589872,0.514614789877563,0.3531049642819574,0.05160309835562015,3.5702457097976526e-05,9.277127076109496,19.103998576392392,nan,nan,nan
480.04,171.77479553222656,-216.26602172851562,-67.53196716308594,172.2895060130635,-216.27683452353884,-67.5342079246969,0.514828919770626,0.3531541909815716,0.05162199880619465,3.500549352063526e-05,9.27690353275673,19.826700428644237,nan,0.015913780446200763,nan
480.05,171.77871704101562,-216.27462768554688,-67.53254699707031,172.29459985923978,-216.28845488934485,-67.53494011549894,0.5160736388535866,0.3530870955916916,0.051617577819137096,3.568917773046197e-05,9.043021361492187,18.791919641427054,0.8746987515269011,nan,nan
480.06,171.78256225585938,-216.28321838378906,-67.53311920166016,172.29865020480392,-216.29713248854367,-67.53519213042112,0.5162796435949778,0.35313610950726704,0.051636487636531544,3.499272567720929e-05,8.972309600387668,19.21750802696366,nan,0.13505726941552496,nan
480.07,171.7863311767578,-216.29180908203125,-67.53368377685547,172.30262113738524,-216.3058219435766,-67.53586676714463,0.516484703723128,0.3531852103856879,0.05165546006434107,3.5697916733504016e-05,8.949980430676337,19.045192451091562,nan,nan,nan
480.08,171.79002380371094,-216.30039978027344,-67.53423309326172,172.30652780736824,-216.31445134887343,-67.53410095892205,0.5166951227112827,0.3532343983105097,0.05167449342523013,3.5001132083215756e-05,8.784060390414318,19.059507990779988,nan,4.169649674359364,nan
480.09000000000003,171.79364013671875,-216.30899047851562,-67.5347671508789,172.31034886492006,-216.32314177310747,-67.53473061754187,0.5169024765588993,0.3532836734883506,0.05169358961849499,3.5706670714030044e-05,8.750865886885489,19.231366795717133,nan,nan,nan
480.1,171.7971954345703,-216.3175811767578,-67.53529357910156,172.3467009568079,-216.3317282647199,-67.5349088914715,0.5496877359483081,0.35321653185804275,0.05168911702042651,3.498837858776752e-05,9.972442045387249,19.664048564779286,25.773291138573736,0.17607138812174772,nan
480.11,171.80079650878906,-216.326171875,-67.53591918945312,172.35051105539694,-216.340391452904,-67.53556711929802,0.5498985389155544,0.35326559403905683,0.0517082218190927,3.5693390693707196e-05,9.93733161595493,19.34061417293243,nan,nan,nan
480.12,171.80445861816406,-216.33477783203125,-67.53662872314453,172.35437279167428,-216.34908520730332,-67.53762189455853,0.550101159428026,0.3533147431728479,0.05172738791156047,3.4996782552636056e-05,9.929116832278137,19.16018064721413,nan,1.19939566591922,nan
480.13,171.8081817626953,-216.34336853027344,-67.53742980957031,172.3582981524949,-216.3577495044858,-67.53847889478787,0.5503053291812045,0.3533639794698066,0.051746616943040315,3.570214571591377e-05,9.897246669865275,19.785900956402955,nan,nan,nan
480.14,171.81195068359375,-216.35195922851562,-67.53832244873047,172.36227949785808,-216.3664178244419,-67.53958470790464,0.5505201613964456,0.3534133030076337,0.05176590761427151,3.500520075530085e-05,9.87790174600978,19.670858836157954,nan,0.017472122219822344,nan
480.15000000000003,171.81578063964844,-216.36056518554688,-67.539306640625,172.33306197490165,-216.36205853441123,-67.54057700737033,0.5172850507446047,0.3533461149897228,0.051761381337630974,3.5688880296857064e-05,9.840210715678383,18.41472800938717,9.718369995069246,nan,nan
480.16,171.81967163085938,-216.36915588378906,-67.54037475585938,172.33709965521942,-216.3707097431147,-67.54210104156643,0.5174332371758544,0.3533952253138039,0.05178067996442066,3.499244615637245e-05,9.845720220039418,19.285615098094773,nan,0.1103765864510905,nan
480.17,171.8236083984375,-216.3777618408203,-67.54153442382812,172.34119385910492,-216.37935297160675,-67.54332188111138,0.5175909927684442,0.35344442271031046,0.051800041646957055,3.5697632450176594e-05,9.817460635404208,18.392770679140583,nan,nan,nan
480.18,171.82760620117188,-216.3863525390625,-67.54277801513672,172.34534895011282,-216.38796839569574,-67.54324193784686,0.517745478297849,0.3534937072540589,0.05181946530583921,3.500086505683503e-05,9.699856607518045,19.050977672676773,nan,1.3601282036634015,nan
480.19,171.8316650390625,-216.39495849609375,-67.54410552978516,172.3495505322231,-216.3966124809858,-67.54462226276306,0.5178883921321243,0.3535430791599668,0.051838952259045855,3.5706399274444826e-05,9.668188178093622,18.558473259636557,nan,nan,nan
480.2,171.83575439453125,-216.40354919433594,-67.5455093383789,172.33643321759357,-216.3957582714252,-67.5467467108752,0.5007409644053116,0.35347584446453845,0.05183436724379889,3.4988124129322914e-05,9.937815699471104,19.22973086130102,3.809329410294237,0.2780698090958998,nan
480.21000000000004,171.8399200439453,-216.4121551513672,-67.54700469970703,172.3407148299817,-216.4043802012581,-67.54830341388636,0.5008568200882781,0.3535250029386189,0.05185386137104723,3.569313216273699e-05,9.908517549859473,18.360536473732665,nan,nan,nan
480.22,171.8441162109375,-216.42074584960938,-67.548583984375,172.345049225972,-216.41299807326786,-67.5497373962177,0.5009942554048524,0.35357424846613134,0.05187341779495084,3.499653995598003e-05,9.86595056725136,18.642994534853685,nan,0.029953552480403867,nan
480.23,171.84837341308594,-216.42935180664062,-67.55023956298828,172.34943377340315,-216.42161961443986,-67.55145777933669,0.5011214977712639,0.3536235812639965,0.05189303764491759,3.5701899362841744e-05,9.837382438640454,18.37472608999875,nan,nan,nan
480.24,171.85267639160156,-216.4379425048828,-67.55197143554688,172.35387575578696,-216.43021659192257,-67.55188261296128,0.5012589154123509,0.35367300140382824,0.05191272012251524,3.500496970724871e-05,9.762753250286348,19.072536181130758,nan,1.3387699036572787,nan
480.25,171.85702514648438,-216.44654846191406,-67.55378723144531,172.31078051233675,-216.41482207031956,-67.55388130032557,0.4548631715278599,0.35360571986992145,0.05190807371911936,3.5688646119648217e-05,10.248050733404273,17.943995524329544,25.324953853573533,nan,nan
480.26,171.86143493652344,-216.4551544189453,-67.55567932128906,172.3152573001973,-216.42334240823376,-67.55303637099162,0.4549436525354621,0.3536549263566717,0.051927762667541066,3.4992226635134616e-05,10.415714077999256,18.376371126142963,nan,5.521800274651148,nan
480.27,171.8658905029297,-216.4637451171875,-67.55762481689453,172.3197682310442,-216.4319102269056,-67.55502566480453,0.4550002284716423,0.3537042200210944,0.05194751518146136,3.5697409764013316e-05,10.372425545174577,18.826188823482717,nan,nan,nan
480.28000000000003,171.87039184570312,-216.47235107421875,-67.55957794189453,172.32433038448048,-216.44046663350554,-67.55634659240286,0.45506840822721156,0.35375360093364855,0.05196733062278058,3.5000656419853197e-05,10.45026642021096,18.33752380108898,nan,0.3450594226380896,nan
480.29,171.87493896484375,-216.48094177246094,-67.56151580810547,172.32893612947834,-216.44903453226337,-67.5583560774605,0.45512798350685674,0.35380306931317906,0.051987209881977234,3.5706187742389967e-05,10.399000172466055,18.801361451551273,nan,nan,nan
480.3,171.87953186035156,-216.4895477294922,-67.56342315673828,172.3188933622759,-216.4588330804283,-67.5618804644152,0.440436486839967,0.35373574062541896,0.05198249747474236,3.4987926303129865e-05,9.519252089195374,18.028406963787585,6.241953367550314,1.7675847730842442,nan
480.31,171.88417053222656,-216.49813842773438,-67.5653076171875,172.32356032380224,-216.46741722591437,-67.56385560258943,0.4404648561787604,0.35378499512868944,0.05200238240131193,3.5692931701463535e-05,9.477578310729031,18.061211834516584,nan,nan,nan
480.32,171.88885498046875,-216.50674438476562,-67.56714630126953,172.32826828395278,-216.476015086222,-67.56675596150453,0.4404866552267672,0.3538343367860385,0.05202233054114015,3.499635234068566e-05,9.391699678930227,17.993143998170147,nan,0.6475768690278497,nan
480.33,171.89356994628906,-216.5153350830078,-67.56895446777344,172.33302644793298,-216.48459859697545,-67.56867430341367,0.44053016571262943,0.3538837658166716,0.05204234264983699,3.570170935344046e-05,9.35760431861485,18.06162572047124,nan,nan,nan
480.34000000000003,171.89834594726562,-216.52394104003906,-67.57072448730469,172.3378220706272,-216.4932011647116,-67.57194163456094,0.440551568363464,0.3539332822903193,0.05206241829054365,3.500479197469261e-05,9.366707987582544,17.862623206949976,nan,1.3508677462788055,nan
480.35,171.90316772460938,-216.53253173828125,-67.57246398925781,172.3202584327109,-216.49170483405666,-67.57382157199561,0.41908631321491996,0.35386590627162007,0.052057636804479925,3.568846643571537e-05,9.47900382462318,18.153110558920506,4.737432690934933,nan,nan
480.36,171.9080352783203,-216.5411376953125,-67.57416534423828,172.32510477622571,-216.500291373413,-67.57747496533305,0.4190779661203534,0.35391520864355147,0.052077717360349766,3.4992058650564514e-05,9.709474911049815,18.048526570327788,nan,2.348137911597248,nan
480.37,171.91293334960938,-216.5497283935547,-67.57583618164062,172.33000367511278,-216.50885364729928,-67.57929025293768,0.4190827268040091,0.35396459829425403,0.052097862041531294,3.569723983026435e-05,9.698861747389117,18.203412562129976,nan,nan,nan
480.38,171.91787719726562,-216.55833435058594,-67.57747650146484,172.334949171472,-216.5174061948256,-67.58031064920341,0.41908492933503644,0.35401407529382084,0.05211807052339876,3.500049764425018e-05,9.563722819042443,17.411203662111422,nan,0.41036886784387716,nan
480.39,171.92286682128906,-216.56692504882812,-67.5790786743164,172.33993305819126,-216.5259679918536,-67.58205389670412,0.41908302092548844,0.3540636398610882,0.05213834339409299,3.570602721895275e-05,9.550345887313586,18.248608973167684,nan,nan,nan
480.40000000000003,171.9279022216797,-216.5755157470703,-67.58065032958984,172.3452653596417,-216.5328725493643,-67.58177558324932,0.4195374803708137,0.3539962161766389,0.052133488532647265,3.49877765703679e-05,9.48748634798805,17.99667929243603,0.365843695466068,2.914783182909017,nan
480.41,171.93296813964844,-216.58412170410156,-67.58218383789062,172.35033436285102,-216.54142708187342,-67.58343746438598,0.4195461436087541,0.3540455664141641,0.05215376549149811,3.569278041225523e-05,9.465563822020773,17.64612420662321,nan,nan,nan
480.42,171.93807983398438,-216.59271240234375,-67.58369445800781,172.35544331792215,-216.54998213360696,-67.58514598010547,0.4195476856179727,0.35409500390612875,0.05217410650798015,3.499621115159917e-05,9.450493504356292,17.790869595321684,nan,0.004163654485065382,nan
480.43,171.94322204589844,-216.60130310058594,-67.58517456054688,172.36059250313946,-216.55853585000563,-67.58674883351475,0.4195588333418268,0.35414452887036,0.05219451207811972,3.5701566784962025e-05,9.428925496060979,17.616843803018966,nan,nan,nan
480.44,171.94842529296875,-216.6099090576172,-67.58662414550781,172.3657723640964,-216.5671070905768,-67.59004250973844,0.4195500820824093,0.3541941413782958,0.052214982014954,3.500465900853552e-05,9.663286141841368,17.671466725123892,nan,2.087702859401942,nan
480.45,171.95364379882812,-216.61849975585938,-67.58804321289062,172.3270381390595,-216.5592493942531,-67.59159319948131,0.37808271723539544,0.35412666983302554,0.052210050405764714,3.5688332387498914e-05,9.59840326562473,17.992078846751774,16.558678628240543,nan,nan
480.46000000000004,171.95892333984375,-216.62709045410156,-67.58943939208984,172.33223545317492,-216.56776845715007,-67.59250111833468,0.3780084753675421,0.3541760677816748,0.052230523633663,3.49919337065913e-05,9.481925279178833,17.95747972683157,nan,0.27793192643174125,nan
480.47,171.96421813964844,-216.63568115234375,-67.59080505371094,172.33746780876965,-216.576293276648,-67.5940027560007,0.37795827888628175,0.3542255531064061,0.05225106158348462,3.569711382881891e-05,9.470169576399245,17.64375609797256,nan,nan,nan
480.48,171.9695587158203,-216.64427185058594,-67.5921401977539,172.34274862656414,-216.58479804619685,-67.59335975497028,0.3779012175282117,0.3542751258802244,0.05227166414278814,3.500038027943236e-05,9.19577019957933,17.635273062456598,nan,3.16752502530586,nan
480.49,171.97494506835938,-216.65286254882812,-67.59345245361328,172.34805632230612,-216.5933216736293,-67.59478780400504,0.3778344965746556,0.3543247863187582,0.05229233169624564,3.570590894088011e-05,9.172659558998333,17.556066336023896,nan,nan,nan
480.5,171.98036193847656,-216.66146850585938,-67.59473419189453,172.31887265246607,-216.58634558754878,-67.59772153338479,0.346759110262969,0.3542572665637624,0.05228731926344184,3.4987666568162546e-05,9.553789632092382,17.681367689429436,11.178146466681499,1.5877177692236544,nan
480.51,171.98580932617188,-216.67005920410156,-67.59599304199219,172.32419986575516,-216.5948369681621,-67.59911494244899,0.3466645184059981,0.35430671221041515,0.052307989256087,3.5692669631719266e-05,9.541977965834336,17.860627510772662,nan,nan,nan
480.52,171.99130249023438,-216.67864990234375,-67.59722900390625,172.32956895971168,-216.60331842085492,-67.59932525221463,0.34655941876237095,0.35435624521119813,0.05232872409119627,3.499610810499913e-05,9.36447924704668,17.72044682249267,nan,0.9481891139500697,nan
480.53000000000003,171.996826171875,-216.68724060058594,-67.59844207763672,172.33496811444024,-216.61180841609524,-67.60065881254933,0.346460534105268,0.3544058657796977,0.05234952409430914,3.570146308447296e-05,9.34689915017452,17.49814142146932,nan,nan,nan
480.54,172.0023956298828,-216.69581604003906,-67.59962463378906,172.3403967146127,-216.6203066277271,-67.60316212403069,0.346350860347544,0.35445557399183697,0.05237038924151668,3.500456261943399e-05,9.535525452075607,18.683693417244093,nan,1.0048833736577687,nan
480.55,172.0079803466797,-216.70440673828125,-67.60078430175781,172.31668592434931,-216.6126693923607,-67.60454896630728,0.3220699411929923,0.3543880058129305,0.05236529241748553,3.5688235530871703e-05,10.000422567669927,18.24251640644117,10.573169901597078,nan,nan
480.56,172.01361083984375,-216.71299743652344,-67.60192108154297,172.32215222417295,-216.62111344868353,-67.6048339672236,0.32194555124761953,0.3544374989996683,0.05238615916568092,3.4991843743854844e-05,9.816700888330674,18.26747126245959,nan,0.6976171210176467,nan
480.57,172.01927185058594,-216.72158813476562,-67.60304260253906,172.3276477729902,-216.62956366999515,-67.6060810255559,0.3218282828612101,0.35448707965644694,0.05240709125741581,3.569702343416203e-05,9.804025602240184,17.793161219969004,nan,nan,nan
480.58,172.02496337890625,-216.7301788330078,-67.60413360595703,172.3331748649592,-216.6380158722478,-67.60772803817532,0.3217161037529759,0.35453674786161665,0.0524280887147048,3.500029638623255e-05,9.885972417686391,18.1957254434666,nan,0.1253565797070262,nan
480.59000000000003,172.03070068359375,-216.73876953125,-67.6052017211914,172.33873692870782,-216.64646487284065,-67.60893682957361,0.3215904683019488,0.35458650382525,0.05244915179435743,3.570582471386311e-05,9.878650186919408,18.480666922935793,nan,nan,nan
480.6,172.0364532470703,-216.74734497070312,-67.60625457763672,172.35475629806461,-216.65302047522056,-67.61024794921839,0.3320088699672218,0.35451888686391964,0.052443966649365036,3.498758850896825e-05,10.476491568381995,18.213349640163113,4.632086929246306,0.05445505032678823,nan
480.61,172.04225158691406,-216.7559356689453,-67.60728454589844,172.3604060519727,-216.6614536789473,-67.6114156328552,0.33191290416337743,0.35456842756527707,0.05246503045230248,3.569259132863144e-05,10.470680796914312,18.09512733459151,nan,nan,nan
480.62,172.04808044433594,-216.7645263671875,-67.60829162597656,172.36608292952252,-216.66989132564208,-67.6135442843453,0.33182670491249466,0.3546180557193749,0.05248615983409853,3.499603555462698e-05,10.752949259415589,18.43102918662691,nan,0.6794220053552755,nan
480.63,172.05392456054688,-216.77310180664062,-67.60928344726562,172.37179603226542,-216.67832327489555,-67.61468256181408,0.33174446950955366,0.3546677715335527,0.05250735501697962,3.5701390372729865e-05,10.75235938609833,18.286992389803093,nan,nan,nan
480.64,172.059814453125,-216.7816925048828,-67.6102523803711,172.3602584756018,-216.68784894673811,-67.613922664611,0.31478039175542144,0.3477519897646329,0.052500250907723846,3.500332682456601e-05,13.486015394091579,20.97891443126187,nan,2.4744839548332807,0.04292021182760207
480.65000000000003,172.06573486328125,-216.79026794433594,-67.61119842529297,172.37104463760696,-216.69959704756275,-67.61498162232596,0.3185115106244341,0.3476815301505926,0.05249515815412297,3.5686972846503906e-05,13.319833407460123,21.46930439303812,0.4951045523398367,nan,nan
480.66,172.07168579101562,-216.79885864257812,-67.61212921142578,172.37695511156008,-216.7080361371644,-67.61479332073708,0.31850460441525635,0.3477265190869243,0.05251579590763848,3.499065172160313e-05,13.084274016713007,20.58557257120214,nan,1.1071232100490833,nan
480.67,172.07766723632812,-216.80743408203125,-67.61304473876953,172.3827895150314,-216.71648634513878,-67.61582658709261,0.31840043104089644,0.3477716042186338,0.05253649292666691,3.569580543245522e-05,13.059119747871787,20.867821101887188,nan,nan,nan
480.68,172.0836639404297,-216.81600952148438,-67.61393737792969,172.38865356670985,-216.72493589512675,-67.61684255394484,0.31831041076929906,0.34781677551547674,0.05255724923233737,3.6415261559295865e-05,13.035831734391518,20.759753859456215,nan,nan,nan
480.69,172.08970642089844,-216.82460021972656,-67.61481475830078,172.39454685443079,-216.73338470436963,-67.61784143348626,0.31820924078458157,0.3478620331219533,0.05257806496915007,3.7149164602325076e-05,13.013585147149973,20.477460010290084,nan,nan,nan
480.7,172.09573364257812,-216.8331756591797,-67.61566925048828,172.40393933113032,-216.7474819190268,-67.61793341929426,0.3199051265886561,0.34779162148614795,0.05257289504728478,3.634352210069409e-05,12.375469408655135,20.635555820174737,3.1425814450297223,0.4471497392314927,nan
480.71000000000004,172.10171508789062,-216.8417510986328,-67.61651611328125,172.40980817103318,-216.75594801180412,-67.61888956611826,0.3198267513326311,0.3478366864606096,0.052593708321307775,3.707514230168672e-05,12.349038786003378,20.470070785921415,nan,nan,nan
480.72,172.1075897216797,-216.85032653808594,-67.61734008789062,172.41556946391032,-216.7644163705161,-67.62023015968569,0.3197505762798595,0.3478818275996339,0.052614581040457326,3.629602732740327e-05,12.391553736074084,20.395727683634334,nan,0.1051656652020098,nan
480.73,172.11337280273438,-216.85890197753906,-67.61814880371094,172.42126725242525,-216.77288072983242,-67.62115856934511,0.3196993992747375,0.3479270648793076,0.05263551354429019,3.702636802005774e-05,12.370354792021192,20.524184417943765,nan,nan,nan
480.74,172.11904907226562,-216.86749267578125,-67.61893463134766,172.42695986221383,-216.7813347769721,-67.62081284870405,0.3197432810774539,0.34797237898241945,0.052656505792308,3.624991427060531e-05,12.189321220849555,20.208833555482688,nan,1.0419795619262087,nan
480.75,172.12460327148438,-216.87606811523438,-67.61971282958984,172.45147181040477,-216.7955557408976,-67.62161813826178,0.3366436013923797,0.3479020353790877,0.05265125583619491,3.695553332173052e-05,12.376031443589714,19.772612247661225,4.0766573119235305,nan,nan
480.76,172.13006591796875,-216.8846435546875,-67.62047576904297,172.45674061078637,-216.80403783268437,-67.62431240638101,0.3364942156013902,0.34794715706701806,0.05267224502661288,3.6182671439936135e-05,12.649521253626633,20.37290304822888,nan,2.1963281521981854,nan
480.77,172.13540649414062,-216.89321899414062,-67.62122344970703,172.46204295556635,-216.81250681389085,-67.62518594776436,0.33648407891643767,0.34799237407410677,0.05269329423403323,3.6909745435287426e-05,12.633659312275748,20.080043746976774,nan,nan,nan
480.78000000000003,172.14065551757812,-216.90179443359375,-67.62195587158203,172.46723873526975,-216.82097565261293,-67.62604052895101,0.33645944460344723,0.34803766854766754,0.05271440345785256,3.613943545043424e-05,12.634838862958153,20.380597765768627,nan,1.5947291595081633e-05,nan
480.79,172.1457977294922,-216.91036987304688,-67.62266540527344,172.47232912179797,-216.82944439679196,-67.6268863085964,0.33643647081298955,0.34808305827499664,0.05273557297928678,3.686543745319601e-05,12.621529502925108,20.686349061451946,nan,nan,nan
480.8,172.15081787109375,-216.9189453125,-67.62336730957031,172.45739048969423,-216.8352181498115,-67.62744372090125,0.31782640761390735,0.3480127633515666,0.05273023971328838,3.6075279734252915e-05,12.000756525532143,20.070428456105688,8.277241446620845,0.024441893964485695,nan
480.81,172.15576171875,-216.92752075195312,-67.62406158447266,172.46223150421216,-216.84369271864242,-67.62825927633679,0.31775539206588976,0.34805796013461177,0.052751405542096626,3.679936723549815e-05,11.983092439545317,20.291622846221813,nan,nan,nan
480.82,172.1605987548828,-216.93609619140625,-67.6247329711914,172.46701959048542,-216.85216364601797,-67.62843124548183,0.3177295672415202,0.3481032349942942,0.05277263165254095,3.6034945465055355e-05,11.848367390958881,20.363134966556895,nan,0.2645924286877867,nan
480.83,172.1653289794922,-216.94467163085938,-67.62539672851562,172.4716639254222,-216.8606384014889,-67.62921491774127,0.31767477285006623,0.3481486043330521,0.05279391829383787,3.6758096748833686e-05,11.830420003987534,19.882873158960017,nan,nan,nan
480.84000000000003,172.16998291015625,-216.9532470703125,-67.62604522705078,172.4760560046164,-216.86912543068996,-67.63216171294238,0.317481654280772,0.34819405236828294,0.05281526551223879,3.5996042095539e-05,12.437345626945984,20.962272210708804,nan,3.1558945630878905,nan
480.85,172.17453002929688,-216.96182250976562,-67.62667846679688,172.47243973736718,-216.876524633483,-67.63294993254569,0.30994395161625576,0.3481238224418585,0.052809845930395186,3.6695244391495756e-05,12.225352631481563,20.88511780214244,1.2900085156201362,nan,nan
480.86,172.1790008544922,-216.97039794921875,-67.6272964477539,172.47694659553767,-216.88499106054837,-67.63143679977232,0.3099728113146886,0.34816907769674305,0.05283118882016353,3.5936443763057086e-05,11.594450524623413,20.708514643693587,nan,3.486078791329879,nan
480.87,172.18336486816406,-216.97897338867188,-67.6279067993164,172.4812021754841,-216.8934695840251,-67.63217218086405,0.3098970082470489,0.34821442668861285,0.05285259247300868,3.665700090730566e-05,11.578427717270348,20.100914211014416,nan,nan,nan
480.88,172.18765258789062,-216.987548828125,-67.62850952148438,172.4854419550177,-216.90194356091632,-67.63185487450711,0.30986764970655295,0.3482598549367265,0.05287405696041006,3.5900441818491384e-05,11.35803651730689,19.94528968749348,nan,0.7271342108097192,nan
480.89,172.19186401367188,-216.99612426757812,-67.62908935546875,172.48952347988907,-216.9104230560071,-67.63255757347814,0.30977069588586154,0.34830537689676494,0.052895582494658755,3.662024232165314e-05,11.338609958480697,20.61877469013348,nan,nan,nan
480.90000000000003,172.1959686279297,-217.00469970703125,-67.62966918945312,172.4780761033576,-216.90943090112273,-67.63197524971213,0.2977685191309987,0.3482351959846564,0.05289007336453239,3.58438816608978e-05,11.516511810950472,19.686703406941746,3.3602081882447608,1.1137256246534966,nan
480.91,172.20001220703125,-217.01329040527344,-67.6302261352539,172.48197263343516,-216.91788828318593,-67.63264414246402,0.29767279639823313,0.34828052466579207,0.05291159390240697,3.6562085224642014e-05,11.49408263204742,20.172630699837697,nan,nan,nan
480.92,172.20396423339844,-217.02186584472656,-67.63078308105469,172.48581683868014,-216.92634446135006,-67.63286639915965,0.29760639442150677,0.34832593312825505,0.05293317552616447,3.5810743789001545e-05,11.420111566379681,19.87769220403633,nan,0.12828331113157307,nan
480.93,172.2078399658203,-217.0304412841797,-67.6313247680664,172.4895524799887,-216.93480300094495,-67.6335105019209,0.2975120153735735,0.3483714346105131,0.05295481842868379,3.652830726332697e-05,11.394326397172312,20.1011302150818,nan,nan,nan
480.94,172.21177673339844,-217.03903198242188,-67.6319580078125,172.49314024951067,-216.94327001081518,-67.63628446618661,0.2972448513382601,0.34841701645237777,0.05297652270990549,3.577900628063743e-05,11.74970917961727,20.22751356382986,nan,2.9436045155234343,nan
480.95,172.21575927734375,-217.047607421875,-67.63268280029297,172.50933674905986,-216.9550087126229,-67.63729920780773,0.3078693945047404,0.34834689754583115,0.05297092092951678,3.6473243547531204e-05,11.968349233943886,20.5316771671243,3.826420031220619,nan,nan
480.96000000000004,172.21978759765625,-217.05618286132812,-67.63349914550781,172.5131511313423,-216.96347440215018,-67.6388449778212,0.30771025206034985,0.34839228621850926,0.05299261953935924,3.572683873157233e-05,12.14619538409973,20.54212393609767,nan,0.2853324325314121,nan
480.97,172.223876953125,-217.0647735595703,-67.6343994140625,172.51705990714032,-216.9719385090444,-67.63983924841645,0.30757792984721155,0.3484377672524427,0.05301437965811745,3.6442382025874715e-05,12.121906155968164,20.509503779074674,nan,nan,nan
480.98,172.22802734375,-217.07334899902344,-67.63539123535156,172.5210621108168,-216.9804010758882,-67.640264011716,0.3074612741054586,0.34848332911942304,0.05303620140022583,3.56978866052337e-05,11.936623449270913,20.899167816333485,nan,0.29521407957742396,nan
480.99,172.2322235107422,-217.08193969726562,-67.636474609375,172.52507502272405,-216.98886613928173,-67.64143110192477,0.3073259866725281,0.3485289833643835,0.05305808493732383,3.641294102272621e-05,11.909701210039914,20.117412846794323,nan,nan,nan
481.0,172.23646545410156,-217.09051513671875,-67.63764190673828,172.52325866242407,-217.00658541013408,-67.64107969193918,0.2988417000881606,0.34845891344237956,0.053052387293550204,3.5648584770346574e-05,10.335180244003743,20.374556807436484,17.84197293322966,1.8304791220400298,nan
481.01,172.24075317382812,-217.09910583496094,-67.63890075683594,172.5273370722009,-217.01508957252622,-67.64240651048591,0.2986659563269553,0.3485043740520708,0.05307426445889,3.636230914809501e-05,10.304713699026498,19.48548378553849,nan,nan,nan
481.02,172.24510192871094,-217.10769653320312,-67.6402359008789,172.5314629018171,-217.0235942258055,-67.64386434307022,0.2984777556546602,0.348549915933666,0.05309620348678597,3.562233820289229e-05,10.299027986932094,20.149393963639124,nan,0.0013657613431592374,nan
481.03000000000003,172.24949645996094,-217.11627197265625,-67.64165496826172,172.5356408837134,-217.03209913465867,-67.64536293326218,0.29829087633657214,0.3485955495848398,0.05311820453854285,3.633567139692281e-05,10.269234259959966,20.570955031706134,nan,nan,nan
481.04,172.25393676757812,-217.12486267089844,-67.6431655883789,172.53983280211162,-217.0406055065189,-67.64754965967218,0.2980856125215769,0.3486412650445601,0.05314026774377722,3.559740630619388e-05,10.393920780201071,19.72480833129831,nan,0.2488504910187847,nan
481.05,172.2584228515625,-217.13345336914062,-67.6447525024414,172.52728231833763,-217.03154827566328,-67.64923021061594,0.287558882355818,0.3485712541999116,0.053134471072472815,3.6287904287901924e-05,11.520988065559097,20.231960619773123,16.262467628765613,nan,nan
481.06,172.26296997070312,-217.14202880859375,-67.64641571044922,172.53163857179268,-217.0400011007355,-67.65033746081126,0.2874158146451392,0.3486167760807897,0.05315652719395563,3.555217960416381e-05,11.363295639514075,21.097313433713488,nan,0.2863070376127742,nan
481.07,172.26754760742188,-217.15061950683594,-67.64816284179688,172.536005249385,-217.0484551529531,-67.6521666098767,0.2872683255974046,0.3486623891557307,0.05317864556582395,3.626397027442759e-05,11.337330131396177,20.03721699548836,nan,nan,nan
481.08,172.27218627929688,-217.15921020507812,-67.64998626708984,172.54048435164063,-217.0569075257896,-67.65288252049506,0.28715515335228214,0.34870808442765094,0.053200826324579335,3.5529822663326246e-05,11.095462257729928,20.282361034100326,nan,0.9756828319577301,nan
481.09000000000003,172.27685546875,-217.16778564453125,-67.65189361572266,172.54494350505416,-217.06536172645488,-67.65485960077702,0.28700287676411884,0.34875387095145394,0.0532230696214196,3.6241346162695867e-05,11.065321059726891,20.114166304246464,nan,nan,nan
481.1,172.2815704345703,-217.17637634277344,-67.65384674072266,172.54666681672518,-217.0669586594634,-67.65871338767931,0.28683097026843685,0.3486839087093478,0.05321717071345636,3.548720923940121e-05,12.092742451618209,20.513393827461037,4.336761913190255,2.031639815520511,nan
481.11,172.28634643554688,-217.18496704101562,-67.65580749511719,172.55122431605096,-217.07538978912407,-67.66080556253439,0.2866922503144253,0.34872950122039903,0.05323940619385588,3.61976215879472e-05,12.080459575270737,20.816777731661777,nan,nan,nan
481.12,172.29115295410156,-217.19354248046875,-67.65775299072266,172.55573965053648,-217.08382229904177,-67.66453597602485,0.2865146541319006,0.3487751762837667,0.053261704289655154,3.5467320746907025e-05,12.651618649839268,21.457645472209194,nan,1.8535786575939464,nan
481.13,172.29600524902344,-217.20213317871094,-67.65967559814453,172.56038477418983,-217.09225323912486,-67.66661938425332,0.286388461038798,0.3488209420716608,0.05328406514802061,3.617754596746886e-05,12.652792318460888,20.840115464849873,nan,nan,nan
481.14,172.3009033203125,-217.21072387695312,-67.66156005859375,172.56506869934023,-217.10068424797225,-67.66876145739384,0.2862584978088689,0.34886679090855455,0.053306488911400746,3.5448626006381285e-05,12.74860582272274,21.219869417532664,nan,0.005282142983595397,nan
481.15000000000003,172.3058319091797,-217.21929931640625,-67.66341400146484,172.5873284675634,-217.12174207732318,-67.6708101469891,0.2980141443757329,0.3487968848866536,0.05330048456650162,3.613639396317684e-05,12.187477400387753,20.895475736550228,6.003794409819223,nan,nan
481.16,172.31082153320312,-217.22789001464844,-67.66522979736328,172.5921586485924,-217.1302049607908,-67.67198550241348,0.2978902176867444,0.3488425397164763,0.053322899766314436,3.540967613575569e-05,11.927608773884412,20.66779204658016,nan,0.4566811524208194,nan
481.17,172.3158416748047,-217.23646545410156,-67.66700744628906,172.5969898823329,-217.13866782454448,-67.67393195536636,0.29775264863519735,0.348888284774453,0.05334537795037592,3.611874663883634e-05,11.930290392669942,20.97321312352112,nan,nan,nan
481.18,172.32090759277344,-217.24505615234375,-67.66875457763672,172.60180876690578,-217.14713064266826,-67.6769489495056,0.29759372104339965,0.3489341131893022,0.05336791926286573,3.5393288530217417e-05,12.465476926854425,20.904979402723157,nan,0.8426830563066889,nan
481.19,172.3260040283203,-217.25363159179688,-67.67046356201172,172.60672212504488,-217.15559302801555,-67.67883819811225,0.29746318149779,0.34898003192900545,0.0533905238483974,3.610227089650137e-05,12.475431413256668,21.291133959368395,nan,nan,nan
481.2,172.33114624023438,-217.26222229003906,-67.67213439941406,172.60020221040523,-217.16244108049176,-67.68000473351434,0.2870702823737628,0.34891017379548217,0.05338441085283171,3.535665415050241e-05,11.983321622429704,21.017065995177237,2.5540682018687977,0.25169096631448806,nan
481.21000000000004,172.33633422851562,-217.27081298828125,-67.67378234863281,172.60517068814167,-217.1709053406253,-67.68182071454369,0.28691321930320507,0.3489558981244901,0.05340700611033206,3.606470047887333e-05,11.988642897158723,20.69023238725545,nan,nan,nan
481.22,172.341552734375,-217.27938842773438,-67.6753921508789,172.6102462268532,-217.17936963142117,-67.68212654368327,0.2867844217570445,0.34900170608758563,0.05342966471520731,3.534245297027562e-05,11.444764733438104,20.617020138397745,nan,1.5122930180296443,nan
481.23,172.34681701660156,-217.28797912597656,-67.67697143554688,172.61529261532436,-217.18783311775698,-67.68386418801933,0.2866284705128398,0.3490476039238521,0.05345238681217952,3.605047527734138e-05,11.44536673135819,20.191490358203836,nan,nan,nan
481.24,172.35211181640625,-217.2965545654297,-67.67851257324219,172.6203347478331,-217.19629589223248,-67.68652798234017,0.2864604497613779,0.3490935858538199,0.053475172545295546,3.532930522089914e-05,11.910879511450265,21.20969666341868,nan,0.6346299123164603,nan
481.25,172.35743713378906,-217.3051300048828,-67.6800308227539,172.6077437184761,-217.1876197974638,-67.68825033497725,0.2766398300435589,0.349023781154032,0.05346894768249506,3.60151534599453e-05,12.984342216373362,21.13007692862115,13.10628272693383,nan,nan
481.26,172.36282348632812,-217.313720703125,-67.6815185546875,172.6129701906603,-217.19603554591717,-67.68820041803673,0.2765281490429031,0.3490695686318714,0.05349172330704613,3.529587482560094e-05,12.340222087958617,20.593438451620255,nan,2.0228319868469833,nan
481.27,172.36822509765625,-217.32229614257812,-67.68297576904297,172.618159594318,-217.20444953193163,-67.6898118625712,0.27640877055035074,0.3491154455594807,0.05351456263961011,3.600304933729518e-05,12.339567273922723,20.526818057878298,nan,nan,nan
481.28000000000003,172.37367248535156,-217.3308868408203,-67.68440246582031,172.62337034575532,-217.2128626908908,-67.69175425365889,0.2762838580902274,0.349161406814658,0.053537465822709365,3.5284738052552575e-05,12.540950139740978,20.5361524857496,nan,0.08970351787098332,nan
481.29,172.379150390625,-217.33946228027344,-67.68579864501953,172.62863244830118,-217.2212758084948,-67.69331302236598,0.27616264244232464,0.3492074576519454,0.053560433003298,3.599196527826259e-05,12.544373789289304,20.90324922175337,nan,nan,nan
481.3,172.38467407226562,-217.34803771972656,-67.68717193603516,172.64390842119425,-217.23049650901234,-67.69387911687718,0.28471629766394335,0.3491376998197198,0.053554093051525274,3.5253306874852714e-05,12.55731105734167,20.424722502895563,2.4684178985721914,0.5128003356361251,nan
481.31,172.39022827148438,-217.3566131591797,-67.68851470947266,172.64926424323804,-217.23890488179094,-67.69537332072038,0.2846083515577792,0.34918355582858096,0.05357704932801891,3.59597345138209e-05,12.556076615428248,20.41221526973328,nan,nan,nan
481.32,172.39581298828125,-217.36520385742188,-67.68982696533203,172.65472679680016,-217.24731523485661,-67.69502812851968,0.2845367105851314,0.34922949637125594,0.053600069665306845,3.524405577276683e-05,11.984054698173116,19.44261875975217,nan,2.2891852619127047,nan
481.33,172.40142822265625,-217.373779296875,-67.69112396240234,172.66015191884782,-217.25572265494404,-67.69645274052186,0.28443578809862974,0.3492755261129057,0.053623154212935516,3.595058630691903e-05,11.973637933382218,19.339817101186405,nan,nan,nan
481.34000000000003,172.40708923339844,-217.38235473632812,-67.6923828125,172.6655165251995,-217.26412583724814,-67.70031135345721,0.28429843384550957,0.34932164081457473,0.05364630310963274,3.5235710612824786e-05,12.934782557141302,21.005027930641493,nan,4.212327630873503,nan
481.35,172.41278076171875,-217.39093017578125,-67.6936264038086,172.66533456544488,-217.2756649652691,-67.70166203973955,0.2777301999706935,0.34925193369429225,0.05363984485101881,3.5920272659243025e-05,12.404444307138952,20.523224140030912,3.383254318037573,nan,nan
481.36,172.4185028076172,-217.39950561523438,-67.69483947753906,172.6708020501589,-217.28408377125285,-67.70406892322539,0.2776009591534087,0.34929785348328984,0.05366298203129946,3.5207011160920126e-05,12.993289248307029,21.233211188766838,nan,0.7442587177166259,nan
481.37,172.42425537109375,-217.4080810546875,-67.69602966308594,172.67634088031645,-217.29250394614496,-67.70542988584741,0.2774770912473399,0.349343862113229,0.05368618363138574,3.591293019839375e-05,13.001496811600333,21.116809411395565,nan,nan,nan
481.38,172.43003845214844,-217.41665649414062,-67.69719696044922,172.68193689532936,-217.3009249263556,-67.70608484175172,0.27735467526796276,0.3493899558708831,0.05370944978666143,3.520037464915762e-05,12.75249902972865,20.759881768732576,nan,0.32575509293558474,nan
481.39,172.43585205078125,-217.42523193359375,-67.6983413696289,172.68754026269988,-217.30934402699722,-67.70739374499472,0.27723439255238114,0.3494361386335987,0.0537327806515924,3.590645409869341e-05,12.758136354951027,20.689248277291224,nan,nan,nan
481.40000000000003,172.44171142578125,-217.43380737304688,-67.699462890625,172.67822664506852,-217.30769974098223,-67.70926367043113,0.2682137936502624,0.34936647708223256,0.05372620085691034,3.517335983317343e-05,13.616591853310737,21.780682077490354,3.64863699075496,0.30232478115712624,nan
481.41,172.4475860595703,-217.4423828125,-67.7005615234375,172.6838766369672,-217.3160933442467,-67.7105340811454,0.2681076624520336,0.34941246457969277,0.05374951917968105,3.5878742961505555e-05,13.625801806864626,21.387006591773275,nan,nan,nan
481.42,172.4534912109375,-217.45095825195312,-67.7016372680664,172.68957651263804,-217.32448770302153,-67.7112250048699,0.2679981233574352,0.3494585373482965,0.05377290225988569,3.516830919503176e-05,13.43613036725282,21.190573845488537,nan,0.21799221543938108,nan
481.43,172.45944213867188,-217.45953369140625,-67.70269012451172,172.69528815882802,-217.332880183278,-67.71244801286751,0.2678799595524981,0.3495046987992507,0.053796350255830745,3.587389106595594e-05,13.444401853776618,21.57455385838056,nan,nan,nan
481.44,172.4654083251953,-217.46810913085938,-67.70372009277344,172.70101468554384,-217.34127099572464,-67.7141210125646,0.2677805980530309,0.3495509459182235,0.05381986329725036,3.516401897234618e-05,13.835250944851689,21.648567711671454,nan,0.15462882572928188,nan
481.45,172.47142028808594,-217.4766845703125,-67.7047348022461,172.70869809171054,-217.34682356584494,-67.7152550044253,0.27069412854388264,0.349481332412131,0.05381315875858634,3.5847775860958234e-05,14.195047447527548,21.82683480737594,1.3963766545369107,nan,nan
481.46000000000004,172.47744750976562,-217.48524475097656,-67.70572662353516,172.71455064942666,-217.35520683077704,-67.71511872043726,0.2705844988375263,0.3495273841434219,0.0538366584152662,3.513927694394733e-05,13.585635158528024,21.357184819228628,nan,1.190075259595208,nan
481.47,172.48350524902344,-217.4938201904297,-67.70670318603516,172.72039139693885,-217.36358618579334,-67.71625396266421,0.2704942889823036,0.3495735242560548,0.053860223190214926,3.5844423654778716e-05,13.589327979307692,20.790235027856006,nan,nan,nan
481.48,172.48959350585938,-217.5023956298828,-67.70765686035156,172.72632067267156,-217.37196990066235,-67.7154103860247,0.2703899767187729,0.34961975014668545,0.05388385320905702,3.5136403114589124e-05,12.724779657257422,20.043507741365946,nan,2.691865470521765,nan
481.49,172.49571228027344,-217.51095581054688,-67.70858764648438,172.73221849345634,-217.38034779283473,-67.71648943200834,0.27028888504576376,0.3496660646104017,0.05390754863616376,3.5841789944154046e-05,12.72373671823053,20.638898022302378,nan,nan,nan
481.5,172.50184631347656,-217.51953125,-67.70951080322266,172.73178583310934,-217.37752983819507,-67.71761766545956,0.27037437907256257,0.3495964951271464,0.05390071612018463,3.511304729997439e-05,13.725918067861482,20.016945605511506,7.253990174704841,0.012818134470725176,nan
481.51,172.50802612304688,-217.52809143066406,-67.71040344238281,172.73774527323025,-217.38587266403172,-67.71866112556295,0.27030585431118104,0.3496426138703806,0.05392439730756455,3.581781335028362e-05,13.726667146350305,21.15976512888262,nan,nan,nan
481.52,172.51422119140625,-217.5366668701172,-67.71128845214844,172.74374280365092,-217.39421581117458,-67.71931138666965,0.2702532925971386,0.3496888184807695,0.053948143933572244,3.5111474632591066e-05,13.626949710588615,20.04899949876029,nan,0.09911932079631511,nan
481.53000000000003,172.52044677734375,-217.54522705078125,-67.71215057373047,172.74975679602923,-217.40255711528349,-67.7203171598914,0.27019342755514225,0.3497351113934407,0.053971956166778766,3.581650932588016e-05,13.625074779246408,20.657748879815593,nan,nan,nan
481.54,172.52670288085938,-217.55380249023438,-67.7129898071289,172.7557915059831,-217.41089705942485,-67.72152840458031,0.27014157022266905,0.34978149054502267,0.05399583412660671,3.511052529074079e-05,13.81032122195262,20.69299234248803,nan,0.03448562157195201,nan
481.55,172.5329132080078,-217.56236267089844,-67.71382141113281,172.7808598365215,-217.42619247495546,-67.72246485763552,0.283009826723207,0.34971196648405417,0.05398887044379615,3.579383013292988e-05,13.867276821586426,20.17608412188873,3.258609265581874,nan,nan
481.56,172.53904724121094,-217.5709228515625,-67.71463012695312,172.7868716188192,-217.43454293075865,-67.72342425850994,0.28300837741173035,0.3497581507436476,0.054012733306582565,3.651255889849385e-05,13.870139073585015,20.398245011787985,nan,nan,nan
481.57,172.5450897216797,-217.57948303222656,-67.7154312133789,172.79279415840523,-217.4428928085095,-67.72436844623434,0.2830092777979333,0.3498044220690077,0.054036661957678846,3.724572830879437e-05,13.86873925763713,20.321615880323026,nan,nan,nan
481.58,172.551025390625,-217.5880584716797,-67.7162094116211,172.79860633270667,-217.45124132707883,-67.72553552228084,0.28302337408563194,0.3498507796187691,0.05406065652538708,3.6454554538290945e-05,14.08400472951372,20.35666225039673,nan,0.036772486039993835,nan
481.59000000000003,172.5568389892578,-217.59661865234375,-67.71697235107422,172.8043138678198,-217.45959016239834,-67.72645218694689,0.28303796541127674,0.34989722550875946,0.054084717186701096,3.718630138756723e-05,14.087683234943434,20.515106129975898,nan,nan,nan
481.6,172.5625457763672,-217.6051788330078,-67.71772003173828,172.839962237471,-217.48052901860208,-67.7250051092835,0.30422120484541004,0.349827743639922,0.05407761910387885,3.63758466974901e-05,13.047173856017608,19.088387007072225,9.570870984665778,2.98403525237651,nan
481.61,172.56813049316406,-217.61373901367188,-67.71845245361328,172.8454919883399,-217.4889001095781,-67.72586768052275,0.30425176510847063,0.34987399333648556,0.05410166377092727,3.7105334552964445e-05,13.043258070257968,18.892422915703044,nan,nan,nan
481.62,172.57362365722656,-217.62229919433594,-67.71917724609375,172.8509374811409,-217.49727505148525,-67.72554857633449,0.3042607222080768,0.34992032931455846,0.05412577454227529,3.632185099441791e-05,12.651476543401705,18.71626967525484,nan,0.8930084324103766,nan
481.63,172.57899475097656,-217.630859375,-67.71987915039062,172.85624576375366,-217.5056459144552,-67.72637237672296,0.30428390817744233,0.34996675339177785,0.054149951598676076,3.7050087053521556e-05,12.644855342945615,18.66295191308276,nan,nan,nan
481.64,172.58425903320312,-217.63941955566406,-67.72057342529297,172.86149798758302,-217.51402482182726,-67.72487416566801,0.30430868122259286,0.3500132641071741,0.054174195047504266,3.626980587252929e-05,11.989873708612777,17.849063683014116,nan,3.5000619674813462,nan
481.65000000000003,172.58941650390625,-217.6479949951172,-67.72125244140625,172.86869108240236,-217.53482480089352,-67.72570296561494,0.3013662061687369,0.34994382513742894,0.054166959402163754,3.697348850088968e-05,10.910530193250079,17.130940869284515,11.285104419982458,nan,nan
481.66,172.594482421875,-217.65655517578125,-67.72191619873047,172.865544774752,-217.54763198026467,-67.72516262542551,0.2921465402072227,0.3483901745718234,0.05372639375724848,3.619554445145194e-05,13.887437157980877,20.85704182395426,nan,1.105633582601406,0.04149040901094109
481.67,172.5994415283203,-217.6651153564453,-67.72256469726562,172.8704111285389,-217.5560554875659,-67.72590046133664,0.2921124895730287,0.34843458095020674,0.053748098773545507,3.6920554009006455e-05,13.859947134161706,20.781348932553385,nan,nan,nan
481.68,172.6042938232422,-217.67367553710938,-67.72320556640625,172.8752066258074,-217.56446999080129,-67.72618569271042,0.2921103885365587,0.34847906678239765,0.05376986254023129,3.6147477875934365e-05,13.766871913097757,20.4144249008158,nan,0.12824897746014668,nan
481.69,172.6090545654297,-217.68223571777344,-67.72382354736328,172.87987512799754,-217.5728939518105,-67.72689507347508,0.29207675903110725,0.3485236454400386,0.05379168652063283,3.687146408623208e-05,13.739425106220645,20.79821873741562,nan,nan,nan
481.7,172.6137237548828,-217.6907958984375,-67.72444152832031,172.88770447480735,-217.58453001193627,-67.72684340009464,0.2938769172838883,0.34844972868671065,0.05378577858897571,3.6079084273017206e-05,13.385832339384262,20.32543320791362,2.566670390036255,0.1901212631647821,nan
481.71000000000004,172.61830139160156,-217.69935607910156,-67.72503662109375,172.89218300470236,-217.59296405531074,-67.7275206367572,0.293830854497647,0.3484941170604406,0.0538075948842489,3.6801212549042835e-05,13.35537022570435,20.630607466346813,nan,nan,nan
481.72,172.62278747558594,-217.7079315185547,-67.72563171386719,172.89646133010427,-217.6014329091816,-67.7299058218653,0.2936964426827552,0.34853858546986655,0.053829470242238726,3.603483005170089e-05,13.658223688924677,20.187776443816478,nan,1.9658861357584165,nan
481.73,172.62718200683594,-217.71649169921875,-67.72620391845703,172.90075749672926,-217.60986774572618,-67.73057835629318,0.29365175265122734,0.34858314596308104,0.05385140601238647,3.675607945631045e-05,13.63366998536813,20.898105235113107,nan,nan,nan
481.74,172.63148498535156,-217.7250518798828,-67.72676849365234,172.9050733647438,-217.61826849251807,-67.72947742430739,0.2937016027549955,0.3486277870955281,0.053873401158471106,3.5992421143810625e-05,13.27883785947262,20.397590435900767,nan,2.0729512977163966,nan
481.75,172.6356964111328,-217.73362731933594,-67.72732543945312,172.89939360325155,-217.619227245897,-67.73012124890529,0.28745678368171007,0.3485539845559466,0.053867401960050534,3.6689898393273586e-05,13.72185059928383,19.936519720253816,2.5011600660372086,nan,nan
481.76,172.6399688720703,-217.7421875,-67.72797393798828,172.90352653622418,-217.62763265293194,-67.73021392074922,0.28738558217801774,0.34859843558604214,0.05388938883463656,3.592981421526675e-05,13.607174009948924,20.5845434098896,nan,0.22796987777825906,nan
481.77,172.644287109375,-217.75076293945312,-67.72870635986328,172.90767486287734,-217.63605005382968,-67.73097763445121,0.2872930794699428,0.34864297800734617,0.053911436319161926,3.664859681292123e-05,13.56912940996418,20.272103777517877,nan,nan,nan
481.78000000000003,172.64866638183594,-217.7593231201172,-67.72953796386719,172.9118740373515,-217.64446778680426,-67.73181029061854,0.28718492471105356,0.3486876015751921,0.053933543483729085,3.589105269024331e-05,13.530576754527875,20.76326734770774,nan,0.00035738192404211646,nan
481.79,172.653076171875,-217.7678985595703,-67.73045349121094,172.91612075521988,-217.65288653279114,-67.73275662370501,0.28709845619616026,0.3487323165331914,0.0539557115244389,3.660914475153388e-05,13.49273458018694,20.06736965169039,nan,nan,nan
481.8,172.6575469970703,-217.77645874023438,-67.73146057128906,172.8962475441997,-217.6356142435638,-67.73544520779242,0.2771840557649741,0.3486586163592581,0.05394961692174158,3.583217139360188e-05,15.840066118294882,21.8081742039368,40.55336255509798,1.876185117899012,nan
481.81,172.6620635986328,-217.7850341796875,-67.73255920410156,172.90059630773655,-217.64395843866978,-67.73658654403563,0.2771577844532064,0.34870314079445097,0.0539717760272725,3.654873687409869e-05,15.804424576972881,21.288186427035754,nan,nan,nan
481.82,172.6666259765625,-217.79359436035156,-67.73373413085938,172.90499275529586,-217.65230310437101,-67.73780785420901,0.27712548681456745,0.3487477468364376,0.05399399511000242,3.579692234341588e-05,15.786002116642141,21.963290929391086,nan,4.193171057619469e-05,nan
481.83,172.67123413085938,-217.8021697998047,-67.73500061035156,172.90943550889676,-217.6606482877938,-67.7391240059152,0.2771014926912725,0.3487924436459637,0.05401627526725913,3.651291716054907e-05,15.751809471106242,21.387142842547593,nan,nan,nan
481.84000000000003,172.67588806152344,-217.8107452392578,-67.7363510131836,172.91397486797706,-217.6689771548997,-67.73958900200638,0.27711730678806823,0.34883722260733013,0.05403861571186445,3.576336632308902e-05,15.543103037721393,21.21525659141312,nan,0.5934650552260908,nan
481.85,172.6805877685547,-217.81930541992188,-67.73778533935547,172.96415147016694,-217.6946994340711,-67.74095987956461,0.30975006422504964,0.3487636334960925,0.05403242368429165,3.6456199047274395e-05,15.583296703584814,20.96933475232047,18.741106075118964,nan,nan
481.86,172.68533325195312,-217.827880859375,-67.73930358886719,172.96883696958946,-217.7030647018788,-67.74195168353451,0.30977482707784637,0.348808222046579,0.054054754567164555,3.5709739190962536e-05,15.467155286480947,20.461151238332125,nan,0.2182275014367408,nan
481.87,172.69012451171875,-217.83645629882812,-67.74089813232422,172.9735375721821,-217.711439862306,-67.74358838348279,0.3097729970368378,0.3488529007855232,0.054077146722261854,3.6423857484005405e-05,15.433380572003479,20.64634523427877,nan,nan,nan
481.88,172.69496154785156,-217.84503173828125,-67.7425765991211,172.9783260822815,-217.71980071161002,-67.74444136548121,0.30980921026885294,0.3488976620703611,0.05409959945367513,3.567948759167688e-05,15.295939393546814,20.487623561261987,nan,0.5090812220891202,nan
481.89,172.6998291015625,-217.8535919189453,-67.74433898925781,172.9831141690732,-217.72817608315606,-67.74623288406863,0.3098114719935462,0.34894251359821815,0.054122113726577915,3.6393188573992774e-05,15.259545462610822,20.56038227417851,nan,nan,nan
481.90000000000003,172.7047576904297,-217.86216735839844,-67.74617004394531,173.00154360719628,-217.74810670025033,-67.74861795721056,0.31795865518573524,0.3488690263246168,0.05411582034818874,3.5629197293620996e-05,14.542456909428068,20.475002852202657,6.107899639029048,0.1756726810999984,nan
481.91,172.709716796875,-217.87074279785156,-67.74808502197266,173.006422721785,-217.7565135773964,-67.75057400767282,0.3179448312715625,0.34891368706432885,0.05413832436495664,3.634164137640233e-05,14.50790831356048,20.069389546015874,nan,nan,nan
481.92,172.71470642089844,-217.87930297851562,-67.75005340576172,173.01137034916016,-217.76491158123767,-67.75204103610666,0.3179604201426139,0.3489584307025872,0.05416088924017144,3.5602094437299644e-05,14.410351304895686,20.183980580976534,nan,0.20966258376015673,nan
481.93,172.71975708007812,-217.88787841796875,-67.75202178955078,173.01633301187877,-217.7733183630256,-67.75408657872468,0.3179395427849969,0.34900326406628573,0.054183515855105994,3.6314218666481845e-05,14.379840456570573,20.25796929460773,nan,nan,nan
481.94,172.72483825683594,-217.89645385742188,-67.75398254394531,173.02129039863522,-217.78174056746266,-67.75712659351728,0.3178881820992357,0.34904818082217987,0.05420620363554834,3.557650396592852e-05,14.503909254822265,19.950255247953248,nan,0.6813252317260184,nan
481.95,172.72996520996094,-217.90501403808594,-67.75590515136719,173.03827452237147,-217.7986457930343,-67.7590420058022,0.3261574397896905,0.34897480154806976,0.05419980663576663,3.6265934428471895e-05,14.026621300108816,20.55140354773363,3.3407264208500327,nan,nan
481.96000000000004,172.73512268066406,-217.91358947753906,-67.75779724121094,173.043367740348,-217.8070740543662,-67.76104072371281,0.3261457839249003,0.34901953051149864,0.05422248382517612,3.699123255606853e-05,14.00310233188156,19.850654112911315,nan,nan,nan
481.97,172.74032592773438,-217.9221649169922,-67.75965881347656,173.04850033066884,-217.8155022229109,-67.76300662321637,0.3261281968225794,0.34906434577748163,0.0542452226234213,3.7731018673341616e-05,13.978901526054202,19.80637936558539,nan,nan,nan
481.98,172.74557495117188,-217.93072509765625,-67.76148223876953,173.05367544517637,-217.82392917348494,-67.76485750557934,0.3261022481545524,0.34910924450086983,0.05426802283521205,3.6907225383072066e-05,13.951606984624053,20.460771776927324,nan,0.004127931566256956,nan
481.99,172.7508544921875,-217.93930053710938,-67.76327514648438,173.05888563007292,-217.83235710287093,-67.7667536453551,0.3260861542416269,0.3491542328026044,0.05429088528237194,3.7645026965106705e-05,13.927685690424447,19.676637258536648,nan,nan,nan
482.0,172.7561798095703,-217.9478759765625,-67.76502990722656,173.09220442396784,-217.85277713546077,-67.7674297511539,0.3492307121528356,0.3490809541961623,0.054284380893107165,3.680327269301753e-05,13.64527133077987,19.49324038740779,6.816496002576373,1.0013661054620697,nan
482.01,172.76153564453125,-217.95643615722656,-67.7667465209961,173.09753335459612,-217.86122646610207,-67.76924621478994,0.3492357297326886,0.349125751418465,0.054307231694300635,3.753827925033642e-05,13.616982078599529,19.956736024416024,nan,nan,nan
482.02,172.7669219970703,-217.9650115966797,-67.76842498779297,173.10300145987085,-217.8696407542441,-67.76852754056759,0.34934941451252627,0.3491706323969893,0.054330144180749704,3.672548342014772e-05,13.414762743784147,19.303612772718783,nan,4.005453867500848,nan
482.03000000000003,172.77235412597656,-217.9735870361328,-67.77008056640625,173.1084042213228,-217.87808937159798,-67.77025278161524,0.3493558360352544,0.3492156024876182,0.05435311909612935,3.745874601652587e-05,13.3789020606444,19.08821829785855,nan,nan,nan
482.04,172.77781677246094,-217.98214721679688,-67.77169799804688,173.11382365024008,-217.886544529364,-67.77244306624638,0.3493437431612293,0.349260656801041,0.05437615600257801,3.665068261300254e-05,13.355472809123189,19.639484451540795,nan,0.15892934606239448,nan
482.05,172.78330993652344,-217.99072265625,-67.77328491210938,173.09741337795992,-217.8889440524707,-67.77402520046553,0.33018238011190154,0.3491874834036247,0.05436954179439133,3.735863846027638e-05,13.04226784081759,19.017892217734012,5.721646531327124,nan,nan
482.06,172.78884887695312,-217.99928283691406,-67.77483367919922,173.10285044316637,-217.89739692660223,-67.77647736715296,0.33012183207799917,0.34923234664803554,0.05439256635388931,3.6556162523241285e-05,13.063368651269057,19.921489291596092,nan,0.43272096565069507,nan
482.07,172.79441833496094,-218.0078582763672,-67.77635955810547,173.10835396354693,-217.9058387940065,-67.77808911014527,0.33010081040052286,0.34927729857737827,0.05441565353554991,3.728534069642022e-05,13.033575271868811,19.084978883638133,nan,nan,nan
482.08,172.80003356933594,-218.01641845703125,-67.7778549194336,173.11389364209123,-217.91427976244609,-67.7796291783721,0.3300660633817088,0.3493223349692717,0.05443880297133205,3.6487281017441445e-05,13.001362918642144,19.749585675189916,nan,0.0011489546001393393,nan
482.09000000000003,172.8056640625,-218.0249786376953,-67.77931213378906,173.11946605532034,-217.92272090395613,-67.78118186221704,0.3300482247973575,0.34936746017640347,0.05446201530301611,3.7215033193008104e-05,12.971760204287262,19.65642402362169,nan,nan,nan
482.1,172.81134033203125,-218.03355407714844,-67.78074645996094,173.09275453504918,-217.92201510053292,-67.78147050321225,0.30271343082738295,0.3492943861621121,0.05445528764897909,3.639880614005532e-05,12.469959256685678,19.325449415772983,11.564111733162061,1.0446626725560297,nan
482.11,172.81704711914062,-218.0421142578125,-67.78215026855469,173.0983327706962,-217.9304460859938,-67.78295494200442,0.30264177812677967,0.34933931997380335,0.054478486878640965,3.7124319641998477e-05,12.435170746151496,19.78101128299418,nan,nan,nan
482.12,172.82278442382812,-218.05068969726562,-67.78353118896484,173.10395419535925,-217.93887315512464,-67.78411709124593,0.3025883718861567,0.34938433845230366,0.05450174861857488,3.633561436649816e-05,12.391262063060339,19.0556818310433,nan,0.05689482229249916,nan
482.13,172.82855224609375,-218.0592498779297,-67.78488159179688,173.109598092683,-217.94730325111675,-67.78554448761285,0.3025214943945746,0.34942944537183446,0.05452507344848116,3.705990031223464e-05,12.356295142515219,19.555399026276604,nan,nan,nan
482.14,172.83436584472656,-218.06781005859375,-67.78620147705078,173.11530669691126,-217.95572151374787,-67.78596671717887,0.3024758823842458,0.34947463738075546,0.05454846109105778,3.6275148935927916e-05,12.308127895095932,19.908283851229143,nan,0.6290605133399386,nan
482.15000000000003,172.84019470214844,-218.07638549804688,-67.7874984741211,173.1272164570871,-217.96827370588537,-67.78718147911644,0.30670791952323057,0.3494016655398012,0.054541617375628855,3.6975167656818364e-05,12.11665043971239,18.811409279562362,1.5669548186539735,nan,nan
482.16,172.8460693359375,-218.08494567871094,-67.78876495361328,173.13297980904613,-217.97670628085578,-67.78796292782366,0.30664968624284367,0.3494466661099024,0.0545649911786837,3.6195189184850614e-05,12.094130833866355,19.711797014753706,nan,0.20398656325202616,nan
482.17,172.85195922851562,-218.093505859375,-67.7900161743164,173.13875658830514,-217.98514468697905,-67.78927050829219,0.3065867337036637,0.34949175477813477,0.054588428264986964,3.691637963587912e-05,12.054646532893091,19.062848513427408,nan,nan,nan
482.18,172.85787963867188,-218.10206604003906,-67.7912368774414,173.14460270843057,-217.99356915364547,-67.78930543119607,0.30657042188305106,0.3495369286924357,0.054611928412157604,3.614006295015586e-05,12.106183196393907,19.283972118168027,nan,1.0310964903272568,nan
482.19,172.8638458251953,-218.11062622070312,-67.79242706298828,173.1504407367143,-218.00200655803937,-67.79055301769273,0.3064936972786474,0.3495821908754246,0.054635492119514344,3.6860284604784445e-05,12.061146953136301,19.760966704608066,nan,nan,nan
482.2,172.8698272705078,-218.1191864013672,-67.7936019897461,173.1543220734996,-218.01581684813684,-67.79286265347703,0.30269308562056224,0.34950931676373576,0.05462852885996638,3.606549575373474e-05,11.319428336868146,19.011504884281816,4.5052293347288686,0.8760485974894575,nan
482.21000000000004,172.8758544921875,-218.1277618408203,-67.79475402832031,173.16020214720737,-218.02427329047705,-67.79407458602941,0.30259532483049956,0.34955438721098436,0.054652077945090076,3.678393054279071e-05,11.280973851369096,18.80354561154786,nan,nan,nan
482.22,172.88189697265625,-218.13632202148438,-67.7958755493164,173.16607940553928,-218.03274071216174,-67.79638670324749,0.3024714930016541,0.3495995430324886,0.054675690332867025,3.601545533190229e-05,11.238962079238416,19.22750075878147,nan,0.8390309679212686,nan
482.23,172.88796997070312,-218.14488220214844,-67.79698181152344,173.1720175612716,-218.04119617397672,-67.79756585916456,0.3023808314980025,0.349644786822054,0.0546993664743072,3.6733082179449886e-05,11.204326028091975,18.98590052539601,nan,nan,nan
482.24,172.89407348632812,-218.1534423828125,-67.79805755615234,173.17796334379372,-218.0496583216873,-67.79948352135537,0.3022691117071591,0.3496901163732704,0.05472310621784614,3.596784508287136e-05,11.215010253448737,19.31609969958405,nan,0.3854849363656754,nan
482.25,172.90020751953125,-218.16200256347656,-67.79911804199219,173.16999406210584,-218.05221377725408,-67.80075096713972,0.29127482311228997,0.3496173414491084,0.054716020656978955,3.6662003043705576e-05,11.258083510140152,19.36319586826668,2.314877440479822,nan,nan
482.26,172.90635681152344,-218.17054748535156,-67.80015563964844,173.17599504360675,-218.0606567969566,-67.80187777502478,0.2911764161933179,0.3496624802123629,0.05473974513811562,3.7392374192650895e-05,11.227261403695106,19.63448075928639,nan,nan,nan
482.27,172.9125518798828,-218.17910766601562,-67.80117797851562,173.1820235638185,-218.06909928971126,-67.80298473604704,0.29106716694438317,0.34970770563268505,0.05476353343398696,3.8137271320929886e-05,11.197105089981692,19.306691650661048,nan,nan,nan
482.28000000000003,172.91876220703125,-218.1876678466797,-67.80217742919922,173.18811151177366,-218.0775296578509,-67.80279603639875,0.29099802624514415,0.3497530168241223,0.05478738555603642,3.728541154298759e-05,11.085970088714749,19.00883736802612,nan,1.0105396493337448,nan
482.29,172.9250030517578,-218.19622802734375,-67.80315399169922,173.19419406051634,-218.08597099648307,-67.80385166608059,0.2908967150041196,0.34979841599109773,0.054811301914046866,3.802786386992296e-05,11.052738579622567,19.149387857741225,nan,nan,nan
482.3,172.93125915527344,-218.2047882080078,-67.80410766601562,173.2238510750924,-218.09894952357823,-67.80542482415767,0.31114882865069804,0.3497257367508484,0.054804090676271934,3.715931660157274e-05,11.569793398995907,18.793744321442336,7.995731166467648,0.21071639234858633,nan
482.31,172.93756103515625,-218.2133331298828,-67.80504608154297,173.23003572364325,-218.1073891300402,-67.80644819946026,0.3110748148643314,0.3497709438182001,0.054827990829994566,3.789853763723701e-05,11.538069169263425,19.51670260723838,nan,nan,nan
482.32,172.94387817382812,-218.22189331054688,-67.80596923828125,173.23617701326015,-218.11585316868195,-67.81043432801162,0.31097115661478963,0.349816236739706,0.05485195504031605,3.706071526745768e-05,11.989406976955395,19.126472235593706,nan,5.581778440007785,nan
482.33,172.95021057128906,-218.23045349121094,-67.80686950683594,173.24241313174562,-218.12429167171837,-67.8114515031845,0.3109238860973539,0.34986161737882865,0.05487598367659712,3.779779363613517e-05,11.972648239936202,19.048819596850148,nan,nan,nan
482.34000000000003,172.9565887451172,-218.23899841308594,-67.80775451660156,173.24868607830166,-218.13272542242177,-67.8119376196176,0.31085736109834883,0.3499070842383056,0.05490007666717825,3.696609916672771e-05,11.854054162503044,19.724161645006408,nan,0.16673098423962332,nan
482.35,172.96298217773438,-218.24755859375,-67.80862426757812,173.28578306279425,-218.1591604957877,-67.81301696782184,0.33471470080387183,0.3498345012914658,0.05489273691048277,3.767727836713308e-05,11.306077437860214,18.62285598835693,10.808782163711026,nan,nan
482.36,172.96939086914062,-218.256103515625,-67.8094711303711,173.2921049100203,-218.16764711761206,-67.81523089558345,0.3346670904430442,0.3498797759313207,0.05491681289249476,3.685252857555735e-05,11.658457603727424,19.50235037872007,nan,0.9939031142704284,nan
482.37,172.975830078125,-218.26466369628906,-67.810302734375,173.2984776217224,-218.1761233303565,-67.81619039625389,0.3346274022720168,0.3499251380531172,0.0549409534891889,3.7584801885269115e-05,11.646256357909445,18.985967807621098,nan,nan,nan
482.38,172.98228454589844,-218.27320861816406,-67.81111907958984,173.30487039416832,-218.18459643215448,-67.81678448682193,0.3345830925980888,0.34997058644428636,0.05496515866345462,3.676573208209455e-05,11.56121308951207,19.615390171178014,nan,0.07800705610319338,nan
482.39,172.98866271972656,-218.28175354003906,-67.81192016601562,173.31122563109207,-218.19307154887838,-67.81770917420722,0.33458158939286997,0.3500161225398172,0.0549894287337872,3.749626026063726e-05,11.548164263035499,19.29658891238418,nan,nan,nan
482.40000000000003,172.9949493408203,-218.29031372070312,-67.81270599365234,173.31713064022674,-218.19838726618815,-67.81879229659957,0.33509447296317935,0.34994363305547427,0.054981957172004735,3.666007217114801e-05,11.954656191898273,18.89596991265089,0.8846550939527891,0.01938843753070618,nan
482.41,173.00112915039062,-218.29885864257812,-67.81346893310547,173.32331188230242,-218.20685102341795,-67.81968863598125,0.3351205744646747,0.3499889766648778,0.055006209396704954,3.738806179972494e-05,11.9463290043828,19.678261897776245,nan,nan,nan
482.42,173.00718688964844,-218.30740356445312,-67.81422424316406,173.32937895892596,-218.21531525364512,-67.8207082362765,0.3351567225336303,0.3500344065728511,0.055030526416467204,3.658071615884412e-05,12.02891017293889,19.34588677470411,nan,0.012241728266677283,nan
482.43,173.0131378173828,-218.31594848632812,-67.81495666503906,173.33533303566702,-218.223778090156,-67.82157737460071,0.33518498536007496,0.3500799239786744,0.055054908520478056,3.73072050624922e-05,12.022296090616964,19.76898016905719,nan,nan,nan
482.44,173.0189666748047,-218.3245086669922,-67.81568145751953,173.3411238148641,-218.2322582522694,-67.82510945220297,0.3352376008020773,0.3501255280249719,0.05507935571485504,3.65049010860271e-05,13.251837932506577,20.13832258307317,nan,4.6418778290174,nan
482.45,173.02467346191406,-218.3330535888672,-67.81639099121094,173.3567321399714,-218.2447229048321,-67.82602505830631,0.34374131358347465,0.3500531318334106,0.05507174942635141,3.720674656195344e-05,13.300174171084029,20.54008069303407,0.927733642076121,nan,nan
482.46000000000004,173.0302734375,-218.3415985107422,-67.81708526611328,173.36235075416792,-218.25319404603883,-67.82718673926662,0.3437917005756848,0.35009854323994083,0.05509617793937665,3.641026795857337e-05,13.57629467318577,20.946261169745775,nan,0.0608276918765582,nan
482.47,173.0357666015625,-218.3501434326172,-67.81776428222656,173.3678622182658,-218.26166324273476,-67.82803294393683,0.3438338087630355,0.3501440419542947,0.05512067172307553,3.7133173287147244e-05,13.581509416903973,21.064853436297938,nan,nan,nan
482.48,173.04115295410156,-218.3586883544922,-67.81843566894531,173.37327612784114,-218.27012782854365,-67.82806927598459,0.3438627279536365,0.35018962731276376,0.05514523080823716,3.6341338671851485e-05,13.263583070682865,20.606420633708893,nan,0.41575256761641566,nan
482.49,173.0464324951172,-218.3672332763672,-67.81908416748047,173.37856929060848,-218.27859746611136,-67.8288827580044,0.3438999420691836,0.35023530022306454,0.05516985544762618,3.706306117282988e-05,13.268359717210043,20.920069769001387,nan,nan,nan
482.5,173.0515899658203,-218.37579345703125,-67.8197250366211,173.4092257684417,-218.28858960534464,-67.82961332181722,0.368246734201058,0.3501629950307018,0.05516211122923246,3.625360785714154e-05,14.22161129799651,20.126513498808762,13.560044745608431,0.0021130986298371107,nan
482.51,173.05665588378906,-218.38433837890625,-67.82035827636719,173.4143681159268,-218.29704850718701,-67.83040175324214,0.3683455363561027,0.3502084750464352,0.05518671632469369,3.697334460326989e-05,14.221761630730118,20.63664432756681,nan,nan,nan
482.52,173.06163024902344,-218.39288330078125,-67.82096862792969,173.4194077523996,-218.30550798467016,-67.83124226037658,0.3684355239539779,0.35025404169507207,0.055211386927421495,3.619118536259304e-05,14.378565209259907,21.2448442255163,nan,0.002679635711391085,nan
482.53000000000003,173.06649780273438,-218.40142822265625,-67.82157135009766,173.42434842437848,-218.3139675830647,-67.83200839157186,0.3685313592132527,0.35029969572703873,0.055236123269621504,3.6909934046221975e-05,14.382384318326647,21.002404793353577,nan,nan,nan
482.54,173.07125854492188,-218.4099884033203,-67.8221664428711,173.42918246789392,-218.32243098836972,-67.83340980976978,0.3686492219546246,0.3503454367157718,0.055260925412493694,3.613185400328738e-05,14.900547682247597,20.753457048175257,nan,0.2763856240703666,nan
482.55,173.07594299316406,-218.4185333251953,-67.82274627685547,173.42814809821283,-218.3349881206139,-67.83407694905176,0.36215552096217346,0.35027322180513065,0.05525304029389508,3.6826908817996576e-05,14.260521088124666,21.478901514420745,4.433858282076123,nan,nan
482.56,173.0805206298828,-218.4270782470703,-67.82331085205078,173.4327766246361,-218.34346694074836,-67.83492395501618,0.3622292099554791,0.3503187697183049,0.05527782202750705,3.6053672834874406e-05,14.483596849952706,21.601035099136496,nan,0.007873319327163508,nan
482.57,173.08514404296875,-218.43563842773438,-67.823974609375,173.43738312857167,-218.35194576965372,-67.83570461581115,0.3622353206052336,0.3503644048583107,0.05530266968368804,3.676980666995968e-05,14.452307704808238,20.851713580909284,nan,nan,nan
482.58,173.08981323242188,-218.44418334960938,-67.82472229003906,173.44204307917923,-218.36042229027493,-67.83596028633669,0.36222654867958426,0.35041012692490625,0.0553275833405867,3.6000301469547345e-05,14.18435941950041,21.350481983139314,nan,0.25459690104629634,nan
482.59000000000003,173.09454345703125,-218.45274353027344,-67.82556915283203,173.44674134890448,-218.3689023733268,-67.8369197066583,0.3622175171223281,0.3504559364782741,0.05535256320531636,3.671569695446855e-05,14.15210068718413,20.80762390058572,nan,nan,nan
482.6,173.09930419921875,-218.46128845214844,-67.82649993896484,173.45693507721327,-218.37904355915506,-67.83792981513868,0.3671439899929923,0.3503838099000818,0.055344534050565344,3.592804530344813e-05,14.32117195395088,21.38591781128055,0.31256847529213694,0.00019743051352023375,nan
482.61,173.10411071777344,-218.4698486328125,-67.8275146484375,173.46173248124367,-218.38752686574853,-67.83906939191735,0.3671562489417559,0.3504294261293154,0.05536949261857913,3.6641888774014905e-05,14.296153310881131,20.986690351741856,nan,nan,nan
482.62,173.1089630126953,-218.47840881347656,-67.82862091064453,173.46658028090653,-218.3960080688622,-67.83966492089404,0.3671538688319195,0.35047512924398083,0.05539451738247605,3.588026688210538e-05,14.019285196777375,20.630159528393424,nan,0.26878567107830265,nan
482.63,173.1138458251953,-218.48695373535156,-67.82981872558594,173.47146494555807,-218.40449224587377,-67.84097473333293,0.3671726964315,0.3505209197044953,0.0554196085355951,3.6593524570886065e-05,13.987548536268532,20.82404630241789,nan,nan,nan
482.64,173.11878967285156,-218.49551391601562,-67.83109283447266,173.47636885465087,-218.41298608019525,-67.84484480121647,0.36723675133458605,0.35056679736113777,0.05544476617652361,3.5835140166760514e-05,15.83130591666027,22.64372240425228,nan,4.117472167533587,nan
482.65000000000003,173.12376403808594,-218.50405883789062,-67.83245849609375,173.46286378626417,-218.41939567942154,-67.84635303167137,0.34978500215906416,0.3504947580248218,0.05543658999153344,3.652540777964825e-05,15.339132050837236,22.76486268067531,5.72045723984482,nan,nan
482.66,173.1287841796875,-218.5126190185547,-67.83390045166016,173.4679683530956,-218.42800334556077,-67.8466996946641,0.3498135735334371,0.3470453639625039,0.051942739390998874,3.576932527139527e-05,18.359201461556193,25.496886514877794,nan,1.0458837432024877,4.2603989343531395e-06
482.67,173.13385009765625,-218.52117919921875,-67.83543395996094,173.47298111650602,-218.43649341682348,-67.84836253971385,0.3497837587144508,0.3470933567932735,0.051960402516260634,3.648068447225885e-05,18.315956753343464,25.312643718464702,nan,nan,nan
482.68,173.13894653320312,-218.5297393798828,-67.83704376220703,173.47806014185562,-218.44501434280514,-67.85054359853945,0.3497979660634607,0.3471414310930511,0.05197811692484934,3.5729329623576965e-05,18.79031070140295,25.744317659797915,nan,0.12836135952375602,nan
482.69,173.1440887451172,-218.5382843017578,-67.83872985839844,173.4831540527453,-218.45350477913027,-67.85237536283869,0.3497699959764034,0.347189597141944,0.05199589743196442,3.644029713147101e-05,18.752652724453114,26.4854231201757,nan,nan,nan
482.7,173.14927673339844,-218.54684448242188,-67.84049987792969,173.4768187028859,-218.46058128849347,-67.85496826675083,0.33901978508272895,0.3471244623131638,0.051991671992870664,3.5670268973215177e-05,19.115552992045224,26.61922491710181,3.525447362331704,0.47850936287976403,nan
482.71000000000004,173.1544952392578,-218.55540466308594,-67.84234619140625,173.48196817450784,-218.46907710549516,-67.85696618223359,0.33897597946263114,0.3471724220360254,0.05200946479842553,3.638002010263216e-05,19.07737310874967,26.484589079218306,nan,nan,nan
482.72,173.1597442626953,-218.56394958496094,-67.84427642822266,173.48713312272588,-218.47754515075476,-67.85863283662869,0.33890308110863154,0.34722046336650536,0.0520273097274493,3.563499453155594e-05,18.93956448898652,26.613941134587215,nan,0.11463565492644413,nan
482.73,173.16505432128906,-218.572509765625,-67.84625244140625,173.4923601468326,-218.48604096669882,-67.8607708559676,0.33884619074713607,0.34726859613499483,0.05204522044491026,3.634447098712984e-05,18.91005981539515,26.536224948336216,nan,nan,nan
482.74,173.17037963867188,-218.58106994628906,-67.84822845458984,173.49752236363187,-218.494416153586,-67.86112724133949,0.33867037216693574,0.3473168109087377,0.05206318384021488,3.5601953523026806e-05,17.739766766712698,25.08202894811822,nan,2.2354404125729492,nan
482.75,173.17575073242188,-218.58961486816406,-67.8501968383789,173.48150562172418,-218.50936165215626,-67.8631159070666,0.3163756206593968,0.3472516291106173,0.052058935717417064,3.6288950859564455e-05,15.911801971147515,25.557146126731674,36.47577960410047,nan,nan
482.76,173.18116760253906,-218.59817504882812,-67.85213470458984,173.48682565118816,-218.51794741266878,-67.8658932919628,0.3163109467504844,0.347299637458292,0.0520769111532953,3.554969717786666e-05,16.59136622239799,25.8350587128332,nan,0.29599579793307057,nan
482.77,173.1865997314453,-218.6067352294922,-67.85403442382812,173.49214516373732,-218.5264901035923,-67.86799012486085,0.316215200483016,0.3473477369275653,0.05209495209070907,3.625789146770129e-05,16.59305114305368,25.50538078631769,nan,nan,nan
482.78000000000003,173.1920928955078,-218.6152801513672,-67.85590362548828,173.49753646662737,-218.53507393110874,-67.8706997931788,0.316145124088192,0.3473959185469892,0.052113046502552815,3.5520889390271024e-05,17.337162621608073,27.28631772639133,nan,0.2856320199537936,nan
482.79,173.19760131835938,-218.62384033203125,-67.85773468017578,173.50292753834236,-218.5436161705077,-67.87273568713447,0.3160459569604238,0.34744419146613625,0.052131206452724094,3.622895278722606e-05,17.340300697631196,26.242775847309293,nan,nan,nan
482.8,173.20315551757812,-218.6324005126953,-67.85953521728516,173.50356476620468,-218.54421428892226,-67.87361772875387,0.3134020482590783,0.3473789532841228,0.05212691943964124,3.5472778805859655e-05,17.376456330627974,25.696380778536614,6.073533384854253,0.7128354825383632,nan
482.81,173.208740234375,-218.6409454345703,-67.86128997802734,173.50902676350626,-218.55272756434786,-67.87557199714436,0.31330235919051214,0.34742701943265647,0.052145090584968704,3.6179876079400025e-05,17.377659560484446,26.387334213886483,nan,nan,nan
482.82,173.21435546875,-218.64950561523438,-67.86302185058594,173.5144122889908,-218.56111517850331,-67.87544563192894,0.3130516171837876,0.3474751678775146,0.052163315969647545,3.544788520700117e-05,16.0501839682197,24.14998299982968,nan,2.881804177023287,nan
482.83,173.2200164794922,-218.65806579589844,-67.86470794677734,173.51994281668058,-218.56962772650914,-67.87731220340746,0.31294722740703607,0.3475234073012228,0.052181606642122035,3.615493938175872e-05,16.045756001729693,24.583606444908007,nan,nan,nan
482.84000000000003,173.2257080078125,-218.66661071777344,-67.86637115478516,173.52550647186376,-218.57813917506445,-67.87913531887972,0.31284062524205225,0.3475717294225504,0.05219995207703116,3.542483900732232e-05,16.20516574091083,25.05611974223502,nan,7.794016314544576e-05,nan
482.85,173.23141479492188,-218.6751708984375,-67.86799621582031,173.55948712862352,-218.59674331167352,-67.88104231618439,0.3375685756120852,0.34750644354013815,0.05219563408571842,3.610976944019919e-05,16.409845827737133,24.084451000582657,7.612856462616821,nan,nan
482.86,173.23716735839844,-218.6837158203125,-67.86958312988281,173.56515477232375,-218.6052581404387,-67.88261146680034,0.3374923536725393,0.3475545587857888,0.05221399037803996,3.53823197706836e-05,16.448732661332873,25.054355987233563,nan,0.028325469463691966,nan
482.87,173.2429656982422,-218.69227600097656,-67.87114715576172,173.57086558580224,-218.61378456654006,-67.88435006459842,0.3374219292570412,0.34760276468876194,0.05223241173163587,3.608851781033267e-05,16.438059058970925,24.5256548024935,nan,nan,nan
482.88,173.248779296875,-218.70082092285156,-67.8726806640625,173.57656823301573,-218.62226650486113,-67.88528668864942,0.33730593694445415,0.3476510534349424,0.052250888567818406,3.53627435173404e-05,16.057053393958686,24.404000689625146,nan,0.4114787720391246,nan
482.89,173.25462341308594,-218.70938110351562,-67.87417602539062,173.5823426067243,-218.6307923112097,-67.88695724055346,0.33725276517194086,0.3476994330151563,0.05226943053367668,3.6069002865317565e-05,16.04980040421102,23.891906492387122,nan,nan,nan
482.90000000000003,173.260498046875,-218.71792602539062,-67.87564849853516,173.56048187908473,-218.63558485434777,-67.88916361844954,0.3113728095101538,0.3476340911352181,0.052265067809585064,3.532359879417528e-05,15.900431721329264,25.151659344507316,12.450504861793643,0.2357912294683933,nan
482.91,173.26641845703125,-218.7264862060547,-67.87708282470703,173.56626310840716,-218.6441199332421,-67.890781801167,0.311253401285553,0.3476822634895325,0.05228361978208543,3.602907458733104e-05,15.894629126678595,24.96951354390346,nan,nan,nan
482.92,173.27235412597656,-218.7350311279297,-67.87849426269531,173.5721154206966,-218.65269829750093,-67.89316895485538,0.31120873279623584,0.3477305188298945,0.05230222792557392,3.530720514555297e-05,16.740973910140024,25.98138443731943,nan,0.44066554448905554,nan
482.93,173.2783203125,-218.7435760498047,-67.8798828125,173.57795783836062,-218.66123290650881,-67.89473967823301,0.3111008945842582,0.3477788646845576,0.05232090100911866,3.601280633282129e-05,16.726718112665555,25.89509186310501,nan,nan,nan
482.94,173.28431701660156,-218.75213623046875,-67.88123321533203,173.58384497946693,-218.66978290143618,-67.89657887925165,0.3110218010721415,0.3478272939250145,0.052339630754758185,3.529231011489302e-05,17.227827137015595,25.919141540542768,nan,0.06044675251429095,nan
482.95,173.29034423828125,-218.76068115234375,-67.882568359375,173.59486811319348,-218.68665385757458,-67.89823609682665,0.3137838567537491,0.34776190354313385,0.05233522880227522,3.597602561380223e-05,16.699282469681872,26.521248618098735,6.474482944250882,nan,nan
482.96000000000004,173.29640197753906,-218.76922607421875,-67.88386535644531,173.6007500996048,-218.69516431804863,-67.89873975140556,0.31358279729183874,0.34781012544310486,0.052353968138667814,3.525767081943109e-05,16.1071420529223,26.110176620232703,nan,0.6878196141204028,nan
482.97,173.302490234375,-218.77777099609375,-67.88514709472656,173.60670954180182,-218.70372622623051,-67.9002028569419,0.3134624234756667,0.34785843754061047,0.052372772249194136,3.5962722026405263e-05,16.09122884778258,25.962178621399897,nan,nan,nan
482.98,173.30860900878906,-218.7863311767578,-67.88639831542969,173.61267316741353,-218.7122623162848,-67.90114178262257,0.3133026946527021,0.347906833160832,0.05239163366593413,3.524556313789421e-05,15.91328334671568,25.229213153513264,nan,0.17371002124665508,nan
482.99,173.31475830078125,-218.7948760986328,-67.88761901855469,173.61868892239852,-218.72082324748874,-67.90255105323756,0.31317824506021563,0.3479553191585841,0.0524105599569552,3.595081249350261e-05,15.904381850264468,25.95681164057783,nan,nan,nan
483.0,173.3209228515625,-218.8034210205078,-67.88882446289062,173.61500514129662,-218.72453385927804,-67.90383193225685,0.30484881741435965,0.3478898730901283,0.052406107146240305,3.521361601437519e-05,16.18008396897617,25.752160763134594,1.0528527021568443,0.004552135318288653,nan
483.01,173.32711791992188,-218.8119659423828,-67.88999938964844,173.621061179048,-218.73308285556251,-67.90519283670397,0.3047228606544379,0.3479381513963279,0.05242504217264331,3.5918210216656254e-05,16.168231729169534,25.869832777779433,nan,nan,nan
483.02,173.33334350585938,-218.8205108642578,-67.89115142822266,173.62700867971304,-218.74149145221133,-67.90363429733532,0.30436675875653696,0.3479865133564007,0.05244403511856622,3.520404247271788e-05,14.124941305494612,23.86628684158401,nan,5.855511647641407,nan
483.03000000000003,173.339599609375,-218.8290557861328,-67.89228057861328,173.63311842539832,-218.75003927387098,-67.90492166775233,0.3042313292617617,0.34803496538377193,0.052463092808712294,3.590888007378799e-05,14.10618290276637,23.905914868615543,nan,nan,nan
483.04,173.3458709716797,-218.8376007080078,-67.89339447021484,173.63916543251227,-218.75849518026385,-67.90424684029924,0.3039689115866549,0.34808350145926387,0.052482208878139966,3.5195659567422845e-05,12.96042686100013,22.40934250266555,nan,2.6287225444453575,nan
483.05,173.3521728515625,-218.8461456298828,-67.89447784423828,173.6618828469427,-218.76187753060032,-67.90526843004632,0.321150790964559,0.34801800604544086,0.05247770865156422,3.5878761436194266e-05,14.022194435678994,22.20261880520667,19.674508598459134,nan,nan
483.06,173.35850524902344,-218.8546905517578,-67.89554595947266,173.66815610383216,-218.77043166895808,-67.90741163469062,0.32112926597058955,0.34806633430202083,0.05249683296530876,3.5167266367212484e-05,14.739239375922548,22.93627379933594,nan,0.62231065388505,nan
483.07,173.36485290527344,-218.8632354736328,-67.8965835571289,173.67441240055342,-218.77894211811764,-67.90860031827869,0.3210558416390155,0.34811475232127176,0.052516021915672145,3.58717650339075e-05,14.720573605325434,22.7792727190665,nan,nan,nan
483.08,173.37123107910156,-218.8717803955078,-67.8976058959961,173.68065059223733,-218.78740860572836,-67.90879248404124,0.320911473418845,0.3481632545100135,0.05253526981621627,3.5161073841279185e-05,14.213411347229496,22.3127421855669,nan,0.6670876799960188,nan
483.09000000000003,173.3776397705078,-218.8803253173828,-67.89861297607422,173.68695692622248,-218.79591800766883,-67.90993208033211,0.32082677393534975,0.3482118466481751,0.052554582484198316,3.586586378322585e-05,14.185898175729648,22.344210972612917,nan,nan,nan
483.1,173.38406372070312,-218.8888702392578,-67.89959716796875,173.70300126143252,-218.79802387537924,-67.91025828287694,0.3317949307743514,0.3481462957696988,0.05255002501483379,3.5134781941925346e-05,14.906115137892378,21.81958761042471,12.966913510020287,0.5638205596689287,nan
483.11,173.39051818847656,-218.8974151611328,-67.90055847167969,173.70938527270457,-218.80649846268133,-67.91135331646232,0.3317507982436019,0.3481946797406363,0.05256934506676232,3.583900274665712e-05,14.883191558727878,21.918561544075942,nan,nan,nan
483.12,173.39698791503906,-218.90594482421875,-67.90149688720703,173.71576561984466,-218.8149453247161,-67.91178652077197,0.3316715401564623,0.3482431479945843,0.0525887246107021,3.5130561463190425e-05,14.605031858205017,22.077718830552296,nan,0.2902484769287575,nan
483.13,173.4034881591797,-218.91448974609375,-67.90242767333984,173.72219686392856,-218.82341883836963,-67.91283896986067,0.3316286233298366,0.348291705903185,0.052608168848053624,3.583510419003613e-05,14.577015588932431,21.523577329540117,nan,nan,nan
483.14,173.41001892089844,-218.92303466796875,-67.90332794189453,173.72868488170593,-218.8319245131896,-67.91467274630254,0.33162894847751334,0.3483403484807662,0.052627673007517604,3.5127265786941634e-05,15.176983860868415,22.3380362434987,nan,0.44729950339436136,nan
483.15000000000003,173.4165496826172,-218.9315643310547,-67.90422058105469,173.7597388323487,-218.84760317498646,-67.91560873110302,0.35349392948573666,0.348274747393945,0.0526230600094195,3.5810158488715415e-05,15.378183749950033,22.2410141492665,6.02227413171872,nan,nan
483.16,173.42312622070312,-218.9401092529297,-67.90509033203125,173.7662475478114,-218.85604861017293,-67.91576898518058,0.3534295833830248,0.34832318166205695,0.05264257099051016,3.5103712035350385e-05,14.966481791251443,21.660300026137357,nan,0.503299776295234,nan
483.17,173.42971801757812,-218.94863891601562,-67.90594482421875,173.7728135295673,-218.86452701886975,-67.916751123526,0.3534205960230688,0.34837170529740763,0.05266214661148701,3.5808053230385926e-05,14.939433423258908,22.052445686343678,nan,nan,nan
483.18,173.4363250732422,-218.95718383789062,-67.90677642822266,173.7793259547838,-218.87293241176732,-67.91584276280433,0.3533130424494275,0.3484203137029259,0.05268178265693341,3.510209624936229e-05,13.982336504947666,20.438932451249944,nan,2.466072341881767,nan
483.19,173.44296264648438,-218.96571350097656,-67.90760040283203,173.7859360249243,-218.88140917811913,-67.9167741878536,0.3533017343611073,0.34846901167152916,0.052701483501740316,3.5806788201165295e-05,13.951588901593839,21.031349754747215,nan,nan,nan
483.2,173.44961547851562,-218.97425842285156,-67.90840148925781,173.78140950848854,-218.8865031492604,-67.91529169233691,0.3432721096552963,0.34840335524496485,0.05269680664558516,3.5080143234113985e-05,12.832427677999934,19.382494686929636,1.4581128315109464,4.338497857118186,nan
483.21000000000004,173.4562225341797,-218.9827880859375,-67.90918731689453,173.78801021420077,-218.894974962236,-67.91616910540453,0.34328261633642726,0.3484518445610132,0.052716513445370886,3.578431976840433e-05,12.803941622845066,19.87747303686684,nan,nan,nan
483.22,173.46275329589844,-218.99131774902344,-67.90995788574219,173.79453942513211,-218.90344140732904,-67.91689813818526,0.3432964521888194,0.3485004187393022,0.05273628114524161,3.508002317067341e-05,12.778011026295147,20.041521048885688,nan,0.012540461641709215,nan
483.23,173.4691619873047,-218.99986267089844,-67.91071319580078,173.80097593402706,-218.91191222042232,-67.91774514609904,0.3433441790731703,0.3485490822051936,0.05275611362132132,3.578457011045656e-05,12.75270711659882,19.211645053080982,nan,nan,nan
483.24,173.4754638671875,-219.00839233398438,-67.91145324707031,173.80731823692875,-218.92039933932145,-67.91905446800834,0.3434062730729613,0.34859783090927937,0.05277600740039069,3.5080603684153125e-05,12.982137060577456,20.159513293261725,nan,0.15954112544226498,nan
483.25,173.4816436767578,-219.0169219970703,-67.91218566894531,173.82648927445766,-218.92845179740166,-67.91999892384356,0.3560990163346126,0.3485321234083961,0.052771266983996534,3.5763541182921606e-05,13.610146175590957,20.14816632755755,4.9729328840006355,nan,nan
483.26,173.48770141601562,-219.02545166015625,-67.91289520263672,173.83259324760255,-218.93690035462637,-67.92054411081489,0.35616037820446056,0.3485806633016748,0.052791166089056325,3.506070487517409e-05,13.53712625858882,20.106786821026034,nan,0.05018538197162077,nan
483.27,173.49363708496094,-219.03399658203125,-67.91358947753906,173.83858738964847,-218.9453576603996,-67.92134026410743,0.3562409940257725,0.3486292922154036,0.05281112996523245,3.5765132292449037e-05,13.515186193643808,19.505589269489718,nan,nan,nan
483.28000000000003,173.4994659423828,-219.0425262451172,-67.91427612304688,173.8444180792371,-218.95377403837276,-67.9208843405536,0.3562479466059593,0.3486780064456647,0.05283115558420173,3.506253866045395e-05,13.045985478667571,19.71003313901231,nan,1.0800661325688605,nan
483.29,173.50515747070312,-219.05105590820312,-67.91494750976562,173.8501772547989,-218.96223128716613,-67.92164231461184,0.35633310978883903,0.3487268099026857,0.052851246159730206,3.576735119997543e-05,13.019642807401906,19.371918470501427,nan,nan,nan
483.3,173.51075744628906,-219.05958557128906,-67.91560363769531,173.8625713895613,-218.96595039634167,-67.92497869729227,0.3641819441030048,0.34866104708690016,0.05284643507079255,3.504382605773539e-05,15.05824179502097,21.120121569682055,5.839874232258764,4.630617934422868,nan
483.31,173.5162353515625,-219.068115234375,-67.91624450683594,173.86812340968785,-218.97438459402863,-67.92573770309328,0.3642811540090326,0.34870964139674576,0.052866530097501856,3.5748153068260714e-05,15.037428102252205,20.973164358136806,nan,nan,nan
483.32,173.5216064453125,-219.07666015625,-67.91687774658203,173.87352704470032,-218.98278524977997,-67.92538671374555,0.36432541616037895,0.3487583210917759,0.05288668728276033,3.5046761220309087e-05,14.55010515753833,19.972389471236962,nan,0.8487096602997168,nan
483.33,173.52687072753906,-219.08518981933594,-67.91749572753906,173.87886066700744,-218.99121962214033,-67.92611084384076,0.3644194501900624,0.3488070897593534,0.05290690944606099,3.575148500738185e-05,14.526390153258268,20.50689435957352,nan,nan,nan
483.34000000000003,173.5320281982422,-219.09371948242188,-67.91809844970703,173.88412061615657,-218.99968241182728,-67.92777556361871,0.36456232379726955,0.3488559441771942,0.05292719414659558,3.505021227152356e-05,15.088416788762927,21.08202973444799,nan,0.6382315171584625,nan
483.35,173.53709411621094,-219.10226440429688,-67.91869354248047,173.8903899157854,-219.00264061916218,-67.92851486176487,0.3672046825327843,0.34879012942960375,0.05292231155023794,3.573333708620045e-05,15.753084875943184,20.908155342628227,3.5197502306082535,nan,nan
483.36,173.54205322265625,-219.1107940673828,-67.91927337646484,173.89544703689162,-219.0110772788378,-67.93000800445152,0.367349776229099,0.348838774525713,0.05294260001127483,3.50329936776234e-05,16.309541072759632,21.934532239302115,nan,0.4427435497687854,nan
483.37,173.5470428466797,-219.11932373046875,-67.91995239257812,173.9004481866475,-219.01949198796592,-67.9307578610667,0.367394160647907,0.3488875083488284,0.0529629534871737,3.573763973819202e-05,16.251272737327533,21.7090719876948,nan,nan,nan
483.38,173.55209350585938,-219.12786865234375,-67.92071533203125,173.9054909184409,-219.0279072730046,-67.93160060580443,0.3674241387876207,0.34893632947390435,0.052983370963994685,3.645662030299522e-05,16.19907122963331,21.51501868082406,nan,nan,nan
483.39,173.5571746826172,-219.1363983154297,-67.92156982421875,173.91057493079302,-219.03632305656765,-67.93253509177599,0.3674602426653035,0.34898523804544096,0.053003852586237986,3.7190079872232995e-05,16.145547746061222,21.832553708836937,nan,nan,nan
483.40000000000003,173.56228637695312,-219.1449432373047,-67.92251586914062,173.89889926532348,-219.03900408504117,-67.93173417194004,0.3530103648702776,0.3489193677903634,0.05299889225336526,3.6380844048358123e-05,15.149920935967724,20.279075543903996,3.1351410734076026,1.8777581981222098,nan
483.41,173.56744384765625,-219.15347290039062,-67.92354583740234,173.90403535471575,-219.04741269075575,-67.93282947626102,0.35302803945697336,0.34896806671124564,0.053019376750755576,3.711206824186386e-05,15.100275024316137,20.886292842007066,nan,nan,nan
483.42,173.57264709472656,-219.16201782226562,-67.92466735839844,173.9092159788883,-219.0558258606723,-67.93417303638022,0.35305198541690685,0.34901685137544664,0.053039924457345525,3.6329698718091026e-05,15.230328251690338,20.60537272652859,nan,0.01665215211632484,nan
483.43,173.577880859375,-219.17054748535156,-67.92587280273438,173.91443067339523,-219.0642351915929,-67.93544630839713,0.3530718526475239,0.34906572485772436,0.053060537521179896,3.705969406286602e-05,15.180229394297566,20.962468479584288,nan,nan,nan
483.44,173.58316040039062,-219.17909240722656,-67.92716979980469,173.91963120289452,-219.07260188523625,-67.93506494789273,0.3530087330006395,0.3491146844462341,0.0530812141588495,3.628032068170025e-05,14.390576885469363,19.77110504539391,nan,1.9891155821065525,nan
483.45,173.58848571777344,-219.18763732910156,-67.92854309082031,173.91618572296636,-219.080578959347,-67.93655439223025,0.344837597846038,0.34904876153410674,0.053076174538920745,3.6985664911994806e-05,14.087723761838918,19.925142242480703,1.526891100175249,nan,nan
483.46000000000004,173.59384155273438,-219.1961669921875,-67.93000030517578,173.92145518983236,-219.08896064805776,-67.93664917904245,0.3447725379984997,0.3490975112897654,0.0530968533110162,3.621018643928319e-05,13.536932139981277,19.783511389799205,nan,1.3263231784544247,nan
483.47,173.59922790527344,-219.2047119140625,-67.9315414428711,173.92680364842477,-219.0973761720636,-67.93823229513359,0.34477760442870564,0.3491463496223795,0.05311759749878165,3.6937017972215224e-05,13.49366678509683,19.123170593741108,nan,nan,nan
483.48,173.60464477539062,-219.2132568359375,-67.93315887451172,173.9321890392859,-219.10579189774597,-67.93989811334266,0.34478888481392184,0.34919527535780936,0.05313840639457926,3.7678384643583105e-05,13.452990554124478,19.056878241601755,nan,nan,nan
483.49,173.610107421875,-219.22178649902344,-67.93486022949219,173.93761084005857,-219.11420776586883,-67.94164584765127,0.34478648082961844,0.3492442886405552,0.05315928014290923,3.843443095358683e-05,13.409624525031075,19.661424484298912,nan,nan,nan
483.5,173.61561584472656,-219.23033142089844,-67.9366455078125,173.95081553962606,-219.1254913630678,-67.94145715036532,0.3512455339085568,0.34917830999488153,0.053154155644555126,3.754463845861484e-05,12.838200846937003,18.64848531773479,1.818742000331407,2.964595771632018,nan
483.51,173.6211395263672,-219.23887634277344,-67.93850708007812,173.95632163421357,-219.1339119952252,-67.94334727035525,0.35126626242565523,0.3492271131149392,0.05317503062280691,3.829686984316324e-05,12.799572924581241,18.329118054487395,nan,nan,nan
483.52,173.626708984375,-219.24740600585938,-67.94044494628906,173.96187624063003,-219.1423430794796,-67.94581318119229,0.3512892342657089,0.34927600233203393,0.05319596979382385,3.7438865379657435e-05,12.921938011141973,19.17102788419491,nan,0.1519111791370424,nan
483.53000000000003,173.63232421875,-219.25595092773438,-67.94242858886719,173.96745180527833,-219.15076373309867,-67.9478515092783,0.3512894152026472,0.34932498021287794,0.053216974738420415,3.818840982201694e-05,12.887850275928702,18.868171520068667,nan,nan,nan
483.54,173.63795471191406,-219.2644805908203,-67.94441986083984,173.973087170027,-219.15920381470463,-67.95088460261611,0.35133852187933606,0.34937404454799353,0.053238044225601834,3.7336733269058906e-05,13.201995981047425,19.36316515159427,nan,0.5783332365571793,nan
483.55,173.6436309814453,-219.2730255126953,-67.94639587402344,174.0005893701987,-219.16788061583415,-67.95311128468124,0.3721825323381785,0.3493080124814746,0.053232832691234834,3.8059066643188685e-05,14.126695865092929,19.255649352242447,10.290054651393657,nan,nan
483.56,173.64932250976562,-219.2815704345703,-67.9483413696289,174.00635023683537,-219.17631432389882,-67.95666608913162,0.37231297007367187,0.3493568664611238,0.053253902618728054,3.721462489559403e-05,14.77163423185696,19.689395405433093,nan,1.4070619499351447,nan
483.57,173.65505981445312,-219.29010009765625,-67.95024871826172,174.01210508603225,-219.18471893854033,-67.95870304164363,0.37236808434326396,0.3494058088744897,0.05327503840088596,3.79582858534767e-05,14.758001562940795,20.42773864477065,nan,nan,nan
483.58,173.66082763671875,-219.29864501953125,-67.9521255493164,174.01789231965716,-219.19312352482862,-67.96070428253026,0.3724292796085477,0.3494548377749308,0.053296239036340454,3.711978047270728e-05,14.824926078711112,19.91117932758303,nan,3.7257034908110132e-06,nan
483.59000000000003,173.66664123535156,-219.30718994140625,-67.95397186279297,174.02371180136555,-219.20152800829902,-67.96267313680278,0.3724775770310206,0.34950395533615985,0.053317505762722615,3.786118743444934e-05,14.8088412876752,20.016600854354216,nan,nan,nan
483.6,173.67247009277344,-219.3157196044922,-67.95577239990234,174.0353098770793,-219.21643963202786,-67.96423918475725,0.3762723859831093,0.3494378673452349,0.05331220218372428,3.7005195012239134e-05,14.306009141287817,20.162392261707787,2.773192184172718,0.032182838555108305,nan
483.61,173.67832946777344,-219.3242645263672,-67.9575424194336,174.0411974838949,-219.22486301416265,-67.96613320256303,0.3763345045398512,0.34948677422357355,0.05333346842844284,3.774354613238474e-05,14.291565156670694,19.554682156576156,nan,nan,nan
483.62,173.68421936035156,-219.33279418945312,-67.95927429199219,174.04707116622293,-219.2332541620442,-67.96610395344007,0.37631940470320874,0.349535767609126,0.053354799818453154,3.6917402810099646e-05,13.565691274705825,19.365819913584087,nan,2.259495349731781,nan
483.63,173.69015502929688,-219.34133911132812,-67.96097564697266,174.05302072809462,-219.24167689712704,-67.96791116914656,0.3763670731762629,0.3495848494433878,0.05337619739977325,3.7653770058734606e-05,13.546760815542955,18.995314286330007,nan,nan,nan
483.64,173.69610595703125,-219.34986877441406,-67.962646484375,174.051651141511,-219.26030545749367,-67.96844880026754,0.36669828580761016,0.3492095951215484,0.05256964579659286,3.6831106340048956e-05,16.225414798301742,21.93681583277059,nan,0.9485792725704952,0.12628909952217893
483.65000000000003,173.70208740234375,-219.35841369628906,-67.96427917480469,174.06761909524656,-219.27884067352633,-67.97012269949424,0.37413825151778685,0.3491429482584291,0.052565142908170694,3.754171375765639e-05,15.389642978371919,21.252551684274827,7.512347830643949,nan,nan
483.66,173.70809936523438,-219.366943359375,-67.96587371826172,174.07365633393533,-219.2873195602757,-67.9718735950952,0.37417622221468677,0.3491909271056546,0.05258313625556103,3.672726212967903e-05,15.4148843978873,21.91260318981611,nan,0.001916309135028437,nan
483.67,173.71414184570312,-219.37548828125,-67.96744537353516,174.07972281538022,-219.29579530732084,-67.97353918449448,0.3742159136323946,0.3492389922811895,0.052601191995681154,3.7459060087863655e-05,15.382692951060365,21.248086747986864,nan,nan,nan
483.68,173.72021484375,-219.38401794433594,-67.96897888183594,174.08581957537683,-219.30423181942604,-67.97435469814829,0.3742479724956302,0.3492871439223681,0.05261930305108333,3.664960263003749e-05,15.13462060473423,21.66616404628253,nan,0.4317641521374505,nan
483.69,173.726318359375,-219.39254760742188,-67.97048950195312,174.0919435102389,-219.3127068642734,-67.97595200890169,0.3742808226357833,0.3493353821821617,0.05263747659385154,3.737977608628958e-05,15.099081387386747,21.568737896233742,nan,nan,nan
483.7,173.73245239257812,-219.40109252929688,-67.97196197509766,174.11140688277817,-219.3227531171651,-67.97937336853059,0.38703810909075415,0.34926870161993595,0.052632939663609574,3.65525662781466e-05,16.26765170498335,21.92827721699826,3.4939821385076715,2.2331685568399626,nan
483.71000000000004,173.7386016845703,-219.4096221923828,-67.9734115600586,174.11761446584865,-219.3312207605115,-67.98093077908747,0.3871098184580345,0.34931673211049075,0.05265112340154201,3.728031017903183e-05,16.237716399502066,22.20279393734966,nan,nan,nan
483.72,173.74478149414062,-219.41815185546875,-67.9748306274414,174.1238502319982,-219.33967452327303,-67.98215988478543,0.38717633928574513,0.34936484897832487,0.05266936309770829,3.648131044019047e-05,16.149799578893667,22.177144423183424,nan,0.05850913744725972,nan
483.73,173.75099182128906,-219.42669677734375,-67.9762191772461,174.13011231259316,-219.34814142783117,-67.9836587299171,0.38724493128722237,0.34941305238250564,0.052687665163455036,3.720765138344746e-05,16.122933804989437,21.692225466656186,nan,nan,nan
483.74,173.75723266601562,-219.4352264404297,-67.97758483886719,174.13640197029721,-219.35659341705843,-67.98479681018613,0.38730417788115035,0.34946134245123606,0.05270602364813747,3.64131161381791e-05,16.01983561201528,22.128725849765146,nan,0.0725224391811519,nan
483.75,173.7635040283203,-219.44375610351562,-67.97891998291016,174.14070157748287,-219.36883885322374,-67.98608276678574,0.3846321501881864,0.3493946280275113,0.05270145591628599,3.711490365648614e-05,15.377306181051676,22.0061966435831,4.210960053856583,nan,nan
483.76,173.76979064941406,-219.45230102539062,-67.980224609375,174.14703144256606,-219.3773462566708,-67.98805300860543,0.3846948364695104,0.34944271013401806,0.052719824224803646,3.632564443895652e-05,15.639913467294775,21.60882911283188,nan,0.20332359616929385,nan
483.77,173.77610778808594,-219.46083068847656,-67.98150634765625,174.15338867039645,-219.38582943681715,-67.98944590982673,0.3847454854250256,0.3494908786944383,0.05273825481347306,3.704856720462265e-05,15.610150219111198,22.157358175371197,nan,nan,nan
483.78000000000003,173.78244018554688,-219.4693603515625,-67.9827651977539,174.1597735703719,-219.3942803288854,-67.99004665046296,0.3847993147892234,0.3495391338299536,0.0527567424132527,3.626343889909033e-05,15.327218516728305,21.71385588383571,nan,0.38668111790652776,nan
483.79,173.78880310058594,-219.47789001464844,-67.98399353027344,174.1661814383265,-219.402762724073,-67.99138282152157,0.3848546754428078,0.34958747571022697,0.05277529242558773,3.698524796468085e-05,15.297829678256486,21.81840210647592,nan,nan,nan
483.8,173.79519653320312,-219.48641967773438,-67.98519897460938,174.14942394039147,-219.4118349340805,-67.99314581449742,0.3620816099355214,0.3495207272129371,0.05277068466719568,3.6182007150374436e-05,14.380827743478697,21.956266789835464,17.17749134699051,0.1278418036538049,nan
483.81,173.80162048339844,-219.4949493408203,-67.98638916015625,174.1558288444528,-219.4203404744381,-67.99443924145608,0.36207022770809355,0.34956886093823863,0.05278924375738925,3.690189102011869e-05,14.346357813556766,21.922802064054004,nan,nan,nan
483.82,173.8080596923828,-219.50347900390625,-67.987548828125,174.16225382573964,-219.4288973468144,-67.99703476180493,0.3620854741863293,0.3496170811484982,0.052807860417617286,3.612549584431214e-05,15.03656916097837,22.508898207941396,nan,1.1619359191135576,nan
483.83,173.81451416015625,-219.5120086669922,-67.98867797851562,174.1687072697765,-219.43740168858326,-67.99829609073369,0.3620931761472514,0.3496653880207746,0.052826539441016715,3.684444490633378e-05,15.012567507827347,22.42138917795493,nan,nan,nan
483.84000000000003,173.8209991455078,-219.52053833007812,-67.98979187011719,174.1751894512537,-219.4458507618612,-67.99809948778267,0.3620746083914032,0.3497137816651023,0.05284527646056748,3.607170035552521e-05,14.370999057315913,21.79265604723339,nan,1.3691474919150601,nan
483.85,173.8275146484375,-219.52906799316406,-67.99088287353516,174.17722941190073,-219.45089855566695,-67.99935912934818,0.35844486836243333,0.349646998913603,0.05284063015732311,3.676698520561263e-05,14.590810916635656,21.939846904751775,0.7539714745734336,nan,nan
483.86,173.83404541015625,-219.53759765625,-67.99195861816406,174.18375045780343,-219.4593710259225,-67.99999179219847,0.35843766254033016,0.3496951842035401,0.05285937580419665,3.599867951927808e-05,14.385803527544402,21.53704781306613,nan,0.2027807591357114,nan
483.87,173.84060668945312,-219.54612731933594,-67.99300384521484,174.19029252872033,-219.4678634612631,-68.00115002145156,0.35842959957533715,0.34974345607216856,0.05287818378845907,3.671509913247213e-05,14.356970290822183,21.72270839545165,nan,nan,nan
483.88,173.84718322753906,-219.55465698242188,-67.99403381347656,174.19685155522023,-219.4764083709209,-68.0037625408212,0.3584486472577704,0.3497918146222212,0.05289705028395527,3.595014542896973e-05,15.139115641202118,22.314536495924955,nan,1.453389979781352,nan
483.89,173.85377502441406,-219.5631866455078,-67.99504089355469,174.2034385666157,-219.48489992965247,-68.00489537828388,0.35845573435736905,0.349840260041816,0.052915979281584376,3.666586033096299e-05,15.11216911176872,22.187986990831945,nan,nan,nan
483.90000000000003,173.8603973388672,-219.57171630859375,-67.99602508544922,174.18983807127526,-219.48720988550173,-68.00383321708964,0.34019626487233817,0.3497734427716762,0.05291128666666006,3.588238215147686e-05,13.934958356257923,21.407853870975906,4.427215448410058,3.5313088087550386,nan
483.91,173.86705017089844,-219.5802459716797,-67.99699401855469,174.19643329610037,-219.49569404510856,-68.0049073362212,0.34015421804112494,0.3498216796378816,0.05293022354086941,3.659657258989982e-05,13.903682229913045,21.48126393189145,nan,nan,nan
483.92,173.87371826171875,-219.58876037597656,-67.99794006347656,174.203050105129,-219.5041774084239,-68.0059544653797,0.34011464555627025,0.3498700030945048,0.052949219412644896,3.583881122971604e-05,13.940216565128976,22.020011560043613,nan,4.7172193125927876e-05,nan
483.93,173.88040161132812,-219.5972900390625,-67.99887084960938,174.20968816749388,-219.51266052049908,-68.00699172725939,0.3400849013666812,0.34991841333655405,0.052968277794216825,3.655243886073979e-05,13.909817680151093,21.245116455274403,nan,nan,nan
483.94,173.88711547851562,-219.60581970214844,-67.9997787475586,174.21634359036813,-219.52117111456832,-68.00886846056245,0.3400575773244358,0.349966910456321,0.05298739557001913,3.579760175133264e-05,14.371008750837253,21.910395213236175,nan,0.49560308097037153,nan
483.95,173.89382934570312,-219.6143341064453,-68.00067138671875,174.2414751225295,-219.54234386375467,-68.00989395484824,0.35514115074258906,0.3499000584718656,0.05298265672405932,3.648823260686966e-05,13.770887962311425,22.02280031311304,7.284654301111628,nan,nan
483.96000000000004,173.9005889892578,-219.62286376953125,-68.00154876708984,174.24819912382657,-219.55084964347816,-68.01056734141926,0.355105864058921,0.34994834683290205,0.05300178185373938,3.573709559842153e-05,13.672829579273174,21.695161421992477,nan,0.0695332103914832,nan
483.97,173.9073486328125,-219.63137817382812,-68.00240325927734,174.25494207191397,-219.5593649525073,-68.01154146792301,0.35509239615717225,0.3499967218944293,0.05302096952021161,3.644889442838455e-05,13.644472160191683,21.975273148992017,nan,nan,nan
483.98,173.9141387939453,-219.63990783691406,-68.00324249267578,174.26170987979205,-219.56784760040105,-68.01145114260717,0.3550573465465652,0.3500451837425135,0.05304021702965465,3.570041901122966e-05,13.19873631600738,21.04032530350906,nan,0.7449729946224827,nan
483.99,173.9209442138672,-219.64842224121094,-68.00406646728516,174.26849292057275,-219.5763613960284,-68.0123825257574,0.3550380624238013,0.3500937325816406,0.053059527268062345,3.641183418564283e-05,13.167286106891485,21.5068661504099,nan,nan,nan
484.0,173.9277801513672,-219.65695190429688,-68.00487518310547,174.27585832803177,-219.57447709923724,-68.01477134568819,0.35785254585321996,0.3500268455693824,0.05305473556927589,3.564440492379173e-05,15.174042936102182,21.955483261250908,14.463474493321632,1.3316819339928754,nan
484.01,173.93463134765625,-219.66546630859375,-68.00566864013672,174.28269631697574,-219.58294744295196,-68.015687067654,0.35785325895415193,0.35007518544437916,0.05307405240153575,3.6354607689654834e-05,15.145024894903495,22.405952009315214,nan,nan,nan
484.02,173.9414520263672,-219.67398071289062,-68.00643920898438,174.2895323930353,-219.5914205253783,-68.0167118583927,0.3578849725089661,0.35012361201454834,0.05309342950080822,3.561197096931715e-05,15.306644512234495,22.478379475454407,nan,0.010482400339468874,nan
484.03000000000003,173.9481964111328,-219.68251037597656,-68.0072021484375,174.2963190005657,-219.59988924480118,-68.0175994352672,0.35794369971207785,0.35017212548978327,0.053112869383546236,3.6321900440613985e-05,15.281870304215829,21.81649607169975,nan,nan,nan
484.04,173.954833984375,-219.69102478027344,-68.00794219970703,174.3030112336728,-219.60837210493443,-68.01900699587036,0.3580241491623394,0.3502207259478972,0.053132369905156095,3.5581550749869054e-05,15.70776567948691,22.866708506515526,nan,0.1947687258965974,nan
484.05,173.96136474609375,-219.6995391845703,-68.00867462158203,174.33401033486595,-219.64027863976068,-68.01998061088001,0.3774975130997831,0.3501538036969307,0.05312752433723537,3.626897243182062e-05,14.2907060906781,22.983315987977267,30.43250154599582,nan,nan
484.06,173.96775817871094,-219.7080535888672,-68.00939178466797,174.34049299084626,-219.64882201926937,-68.02099957060642,0.37759020075866107,0.35020219497999955,0.053147030864296806,3.553168123721727e-05,14.519395763754712,22.964963464842914,nan,0.01881021772337605,nan
484.07,173.9740447998047,-219.71658325195312,-68.01009368896484,174.3468533945848,-219.65736064870308,-68.02184115833882,0.37766594778233026,0.35025067308123103,0.05316660024482291,3.624032247618055e-05,14.497256025394599,22.573275968796384,nan,nan,nan
484.08,173.98019409179688,-219.72509765625,-68.01078033447266,174.35310117118422,-219.66584392566298,-68.02050958314072,0.3777106733007743,0.3502992380739547,0.053186230656303825,3.550509127171862e-05,13.316440971866356,21.810376727345677,nan,3.2002912606975102,nan
484.09000000000003,173.98622131347656,-219.73361206054688,-68.0114517211914,174.35921584359718,-219.67438196183647,-68.02130413045798,0.3777964982123353,0.3503478901749487,0.05320592413640331,3.621359525108559e-05,13.292189728856044,21.789655247400738,nan,nan,nan
484.1,173.9921417236328,-219.74212646484375,-68.0121078491211,174.36540238528534,-219.68136781606233,-68.01951580953717,0.3782459686719066,0.35028093232859286,0.053201018960084064,3.5458988469714736e-05,12.302861748957888,20.833805471314133,0.6579205904378355,4.218941522404628,nan
484.11,173.99794006347656,-219.75064086914062,-68.01275634765625,174.37127998681723,-219.6898996736115,-68.02025942707135,0.3783232578034691,0.3503293750427747,0.053220717672444746,3.616651745774452e-05,12.273109281772452,20.69008521977764,nan,nan,nan
484.12,174.0036163330078,-219.75917053222656,-68.01338958740234,174.3770422848597,-219.69842638555713,-68.02077063357596,0.37840622710745875,0.3503779045568938,0.05324047778678594,3.5435955081810014e-05,12.217160438464827,19.93155008874865,nan,0.033505305810159126,nan
484.13,174.00918579101562,-219.76768493652344,-68.0140151977539,174.3826892946682,-219.70695842587276,-68.02148850060732,0.3784817387828683,0.3504265210912453,0.05326030106190973,3.614343074470546e-05,12.186426708349881,20.599988949053152,nan,nan,nan
484.14,174.01463317871094,-219.7761993408203,-68.01461791992188,174.3882240243856,-219.715492525972,-68.02227548599261,0.3785684557105497,0.35047522471372106,0.05328018609026886,3.541460575691863e-05,12.258932216404375,20.61215866580252,nan,0.004492067619562154,nan
484.15000000000003,174.02012634277344,-219.7847137451172,-68.01531982421875,174.37107255671927,-219.71218573047145,-68.02297016738002,0.3584439785264244,0.3504082310439378,0.05327521944823329,3.609992120585853e-05,12.50049950870414,20.62276144545549,5.863745882978303,nan,nan
484.16,174.02565002441406,-219.79324340820312,-68.01611328125,174.37658007144208,-219.7206621344872,-68.02244321492013,0.35841317953107876,0.35045672506335446,0.05329510906069865,3.537360639414268e-05,11.972519477780937,19.41583785827817,nan,1.2895573624796082,nan
484.17,174.03121948242188,-219.8017578125,-68.01699829101562,174.38211571648915,-219.72916861166664,-68.0233603206723,0.358382246465386,0.35050530601401897,0.05331506193817853,3.608020050742942e-05,11.920332280015986,20.177796852038096,nan,nan,nan
484.18,174.0368194580078,-219.81027221679688,-68.0179672241211,174.38769425219323,-219.73764306043128,-68.02281511637176,0.35834566776830085,0.35055397396128035,0.05333507691301854,3.5355430280407336e-05,11.422243418425042,19.675053308368366,nan,1.6678293724624353,nan
484.19,174.04244995117188,-219.8188018798828,-68.0190200805664,174.39329902651528,-219.7461501537699,-68.02389674676441,0.35832545102143654,0.3506027291294149,0.05335515538699677,3.6062071281069874e-05,11.377827546984344,19.03197742137841,nan,nan,nan
484.2,174.04811096191406,-219.8273162841797,-68.0201644897461,174.3842478564673,-219.74445612129503,-68.02400187418264,0.34622036911840964,0.35053569924328265,0.053350122205449886,3.5317528967175354e-05,11.567878378185519,19.319504047267568,4.311661025210088,0.7554509561279088,nan
484.21000000000004,174.05380249023438,-219.83584594726562,-68.02140045166016,174.38990198615332,-219.75293691017808,-68.02524865774198,0.34619588137036034,0.35058424459038284,0.05337020447387733,3.6023370693209395e-05,11.523602481924616,18.607911438546864,nan,nan,nan
484.22,174.05953979492188,-219.8443603515625,-68.02271270751953,174.39558597646067,-219.76142966564035,-68.02719212398159,0.3461569007923442,0.3506328768423749,0.053390349165986103,3.530227501252087e-05,11.640508198230624,19.65882227418863,nan,0.2585664073111263,nan
484.23,174.0653076171875,-219.85289001464844,-68.02411651611328,174.40130588654893,-219.76991112059582,-68.02861625160303,0.346122206007569,0.3506815962251315,0.053410557478857666,3.600822584293551e-05,11.59575213822523,18.923550591063375,nan,nan,nan
484.24,174.07110595703125,-219.8614044189453,-68.02559661865234,174.40705802968168,-219.7783929160693,-68.03012449235122,0.34608554775963574,0.3507304028425621,0.05343082903159566,3.672850167926381e-05,11.551573062117853,19.54409656878279,nan,nan,nan
484.25,174.07691955566406,-219.8699188232422,-68.02716064453125,174.41325260060225,-219.7882611394222,-68.03159532999479,0.34613228812030705,0.3506633364924863,0.053425726824580216,3.743937888805886e-05,11.379342410712855,19.148388233012014,0.7737071618147827,nan,nan
484.26,174.08277893066406,-219.87844848632812,-68.02880096435547,174.41906027755866,-219.79677084975987,-68.03456773852268,0.3461063944351718,0.3507119330232467,0.0534460009524203,3.663340151032834e-05,11.723624736933942,19.22878927748045,nan,1.089056988647803,nan
484.27,174.0886688232422,-219.886962890625,-68.03052520751953,174.42490622261687,-219.80525795852424,-68.03633329148012,0.3460708287433839,0.3507606165970299,0.0534663388683084,3.7365636932535704e-05,11.67897155825812,19.724590743874113,nan,nan,nan
484.28000000000003,174.09458923339844,-219.89549255371094,-68.03233337402344,174.43078624449151,-219.81373527776054,-68.03758612366232,0.3460350759930506,0.35080938726953237,0.05348673981312381,3.656406767574218e-05,11.492768346489683,18.898827313416017,nan,0.22711892190997401,nan
484.29,174.1005401611328,-219.9040069580078,-68.03421020507812,174.43669347855115,-219.8222225186063,-68.0395054009959,0.34599969138624764,0.3508582452740468,0.05350720479184813,3.7294817192767806e-05,11.450599539818896,19.588995601606527,nan,nan,nan
484.3,174.1065216064453,-219.91253662109375,-68.03617095947266,174.43411832040115,-219.81992760912482,-68.04152462040093,0.34047716190350036,0.35079114203500067,0.05350202894527911,3.647489441033481e-05,12.225352966128163,19.034714268986928,6.582272800390061,0.0005740728218584622,nan
484.31,174.11253356933594,-219.92105102539062,-68.03817749023438,174.4400805732823,-219.82838053174584,-68.04358593827531,0.34044692904595264,0.3508397897731215,0.05352249620700131,3.720333617343646e-05,12.187101157109701,19.614186257860606,nan,nan,nan
484.32,174.1185760498047,-219.92958068847656,-68.0401840209961,174.44606877760774,-219.83684268672258,-68.04628760725505,0.3404248485325709,0.3508885245183815,0.05354302679304769,3.641112627943947e-05,12.386953938172056,19.335994544120744,nan,0.24537235727810583,nan
484.33,174.12464904785156,-219.93809509277344,-68.04217529296875,174.45208915164574,-219.8452952307594,-68.04837533485417,0.3403928267192835,0.3509373465032144,0.05356362155044634,3.713827785779049e-05,12.360346971414,19.847258491371093,nan,nan,nan
484.34000000000003,174.1307373046875,-219.9466094970703,-68.04414367675781,174.45813227378332,-219.8537629461574,-68.05152559040104,0.34038572304771464,0.350986255784428,0.053584279955792305,3.635002314164102e-05,12.786553002315998,19.962929209627365,nan,0.7692619309952968,nan
484.35,174.13685607910156,-219.95513916015625,-68.04607391357422,174.45798385901497,-219.85410998570765,-68.05364143991052,0.33673017770424435,0.35091911539280457,0.05357902758886145,3.7052664398882716e-05,13.406190485779705,19.67060200216119,3.8841668505904434,nan,nan
484.36,174.14300537109375,-219.96365356445312,-68.04796600341797,174.4640993177495,-219.86250222042057,-68.05315629888479,0.3366895545537205,0.35096781418138057,0.05359968752792316,3.626919838503168e-05,12.56598414979807,19.445433541371568,nan,4.100384849733348,nan
484.37,174.14918518066406,-219.97218322753906,-68.04981994628906,174.47022913236512,-219.870928286711,-68.0551105444731,0.33667457937163703,0.35101660011626834,0.05362041178334056,3.699311890679159e-05,12.5441200406112,18.971474931653205,nan,nan,nan
484.38,174.1553955078125,-219.98069763183594,-68.05164337158203,174.47638867439431,-219.87934789793258,-68.05655813919832,0.33664898112904634,0.35106547325580933,0.053641199961957146,3.621332225704717e-05,12.417156779967295,19.35289031526646,nan,0.14644671599320017,nan
484.39,174.16163635253906,-219.9892120361328,-68.05342864990234,174.48257264675007,-219.88777343380303,-68.058437568459,0.3366229110586823,0.3511144338302992,0.05366205271647119,3.693620849518591e-05,12.392037319868528,19.434618350245188,nan,nan,nan
484.40000000000003,174.1678924560547,-219.99774169921875,-68.05517578125,174.5122734640093,-219.89759349125163,-68.06052592357727,0.3586872819348091,0.3510472558364325,0.05365671954618743,3.6137791536035063e-05,13.317172539900572,18.93732867836095,9.99418833146227,0.06142023857325753,nan
484.41,174.17417907714844,-220.00625610351562,-68.05689239501953,174.5185580111509,-219.90600570334394,-68.06233836849644,0.35871527922067686,0.35109600568849186,0.053677573001589894,3.6858818353182465e-05,13.293519543082484,19.431996640969423,nan,nan,nan
484.42,174.18048095703125,-220.0147705078125,-68.05857849121094,174.52486849758532,-219.9144170539456,-68.06409624704652,0.35875345213858706,0.3511448426531566,0.05369849064214949,3.6086898491337124e-05,13.296894652220168,19.214002903491203,nan,0.00029548240875454206,nan
484.43,174.1868133544922,-220.02328491210938,-68.06021881103516,174.53120442537707,-219.9228280317417,-68.0658422182888,0.35878742623952675,0.35119376695860627,0.05371947301447839,3.6807050898523205e-05,13.276674139159496,19.448553049465367,nan,nan,nan
484.44,174.19317626953125,-220.0318145751953,-68.06183624267578,174.5375745633225,-219.931219807788,-68.06582664827548,0.35881111372545166,0.35124277866619813,0.053740519883969017,3.603838598439509e-05,12.825159988786902,18.41079300062458,nan,1.989435368041296,nan
484.45,174.19956970214844,-220.0403289794922,-68.06342315673828,174.56658661951414,-219.95303799482525,-68.06758688133473,0.37727770970368973,0.3511755627813838,0.05373510269004874,3.673484681774822e-05,12.384356657668373,18.87338912144884,7.188891711047309,nan,nan
484.46000000000004,174.2059783935547,-220.04884338378906,-68.06497192382812,174.5730322915794,-219.96147269614238,-68.06851337488108,0.37732577832763736,0.3512243635353735,0.053756149465262526,3.59702466170765e-05,12.22543724954047,18.66765713629917,nan,0.3362712521496754,nan
484.47,174.21241760253906,-220.05735778808594,-68.06649017333984,174.57949871857903,-219.9699143495817,-68.07011232396765,0.37736987249350523,0.35127325153524347,0.05377726113287785,3.668796122607188e-05,12.198607144135185,18.732489096303702,nan,nan,nan
484.48,174.2188720703125,-220.0658721923828,-68.06797790527344,174.58599173415917,-219.9783513146018,-68.07121530833972,0.37742182291046633,0.3513222268449498,0.05379843754361006,3.5926357930197086e-05,12.09743131721302,18.50819100406992,nan,0.14563331553758835,nan
484.49,174.22535705566406,-220.0743865966797,-68.06944274902344,174.59250625023083,-219.9867924947268,-68.07275105194041,0.37746814784315835,0.35137128968891546,0.05381967911659557,3.6643404002677817e-05,12.0689421454978,18.479497460781023,nan,nan,nan
484.5,174.2318572998047,-220.08290100097656,-68.07086944580078,174.57888223113963,-219.99684558087853,-68.07437508038986,0.35755297197777985,0.3513040354481601,0.05381417387579345,3.586285849214808e-05,11.158173931755806,18.369977783446462,11.197958998335535,0.0004475211250399152,nan
484.51,174.23838806152344,-220.09141540527344,-68.07227325439453,174.58539932572845,-220.00530748728966,-68.07585665483467,0.3575531174292486,0.3513528871034026,0.05383541449948587,3.657840548893849e-05,11.130810646743111,18.365839137065404,nan,nan,nan
484.52,174.24493408203125,-220.0999298095703,-68.07364654541016,174.59194373163234,-220.01376210506245,-68.07648072498797,0.3575592297652304,0.3514018259757844,0.05385672010147626,3.582334324253297e-05,10.968698964289656,18.11265810043677,nan,0.46429667094222404,nan
484.53000000000003,174.2515106201172,-220.1084442138672,-68.07499694824219,174.59850659260255,-220.02222329877077,-68.07790022656724,0.3575593379372954,0.35145085228673567,0.053878091033494134,3.653835006720089e-05,10.939720925382773,18.14004271006918,nan,nan,nan
484.54,174.2581024169922,-220.11695861816406,-68.0763168334961,174.60509434373594,-220.03068017811452,-68.07877739157908,0.3575659670449707,0.3514999661045655,0.053899527247172306,3.5785912583626834e-05,10.843176477928045,17.992942446247984,nan,0.17994265037600324,nan
484.55,174.2647247314453,-220.12547302246094,-68.07760620117188,174.62725995237815,-220.03585924496664,-68.07993593501436,0.3734539371775285,0.3514326731936469,0.05389393051961319,3.647785171028304e-05,11.73255168377063,18.24635390935077,11.010191134854482,nan,nan
484.56,174.2713623046875,-220.1339874267578,-68.07887268066406,174.63393642786124,-220.0442800086487,-68.0790839951706,0.3735069749185824,0.35148157558678506,0.05391536494740191,3.572883492407138e-05,11.550788145088124,17.910906093065414,nan,3.2350723721372323,nan
484.57,174.2780303955078,-220.1425018310547,-68.08011627197266,174.64062347308317,-220.05271590381503,-68.08037181806083,0.3735442650338187,0.35153056532213983,0.05393686487551423,3.6442036797752204e-05,11.516942149607727,17.96869219277571,nan,nan,nan
484.58,174.2847137451172,-220.15101623535156,-68.08133697509766,174.64733215225695,-220.0611508080246,-68.08154749814524,0.3735879395071413,0.35157964247131474,0.05395843030779838,3.569541605020576e-05,11.482361812609039,17.82287050626654,nan,0.005264632033951759,nan
484.59000000000003,174.29141235351562,-220.15953063964844,-68.08252716064453,174.6540613597332,-220.06958593176705,-68.08278694794123,0.3736367482942435,0.3516288072509171,0.053980061517850765,3.640823999777091e-05,11.449294678169721,17.821888408202717,nan,nan,nan
484.6,174.2981414794922,-220.1680450439453,-68.08370208740234,174.65862767585227,-220.07375741254538,-68.08399832276207,0.37261312772976835,0.351561475193977,0.053974369450511296,3.564233108162014e-05,11.779945948736806,17.862276527221187,1.2071965895684516,0.0019272710518765132,nan
484.61,174.3048858642578,-220.17654418945312,-68.08484649658203,174.66539866114462,-220.08217810036635,-68.08519164310188,0.3726587643069771,0.3516104283087583,0.053995997995798996,3.635394008106583e-05,11.745891080092372,18.413582471802023,nan,nan,nan
484.62,174.3116455078125,-220.18505859375,-68.08596801757812,174.67218788198437,-220.09060064583264,-68.0867861472541,0.3727113854370635,0.3516594687438472,0.054017692259015856,3.561267764523625e-05,11.728381089493354,17.78376395947428,nan,0.12213949372442325,nan
484.63,174.3184356689453,-220.19357299804688,-68.08707427978516,174.678999086895,-220.09902033714218,-68.08793985191991,0.3727558628148497,0.35170859671233323,0.05403945247446564,3.6324009894325024e-05,11.696886362980372,17.779050935146746,nan,nan,nan
484.64,174.3252410888672,-220.20208740234375,-68.08815002441406,174.64327406475485,-220.10937005070843,-68.0874636693945,0.33127322881488797,0.3443976008368481,0.05404601282623787,3.558358215112203e-05,14.046762261639875,20.218060595408414,nan,1.7283959253368717,0.24614177852334523
484.65000000000003,174.33206176757812,-220.21058654785156,-68.0892105102539,174.63398886030845,-220.11184020630884,-68.08841174137696,0.3176656218799513,0.344326357590083,0.05404037564167965,3.62722838766666e-05,13.975208529988102,20.53666440034053,3.364528537754169,nan,nan
484.66,174.3389129638672,-220.21910095214844,-68.09024810791016,174.6409128931853,-220.12026871763086,-68.08839542462047,0.3177659521145177,0.34437054172726,0.05406174424487532,3.553601701052643e-05,14.011239318123476,20.24257848852269,nan,0.8113043117911715,nan
484.67,174.34576416015625,-220.22760009765625,-68.09126281738281,174.64776023360378,-220.1287056298905,-68.08943705417762,0.31778149339392814,0.34441482301709764,0.05408317232643976,3.624601181466988e-05,13.962862502444207,20.48829647551374,nan,nan,nan
484.68,174.35264587402344,-220.23611450195312,-68.09225463867188,174.65439436284436,-220.13716322181028,-68.09313802891526,0.317559894706397,0.3444591793367074,0.05410465983989962,3.551161130329804e-05,13.850617290557503,20.09354594813784,nan,4.918922305996613,nan
484.69,174.3595428466797,-220.24462890625,-68.09323120117188,174.6612792728126,-220.1455993786472,-68.0941677954095,0.3175729764974742,0.34450363272053686,0.054126207110145166,3.6221455681557264e-05,13.810833833205303,19.916016964678015,nan,nan,nan
484.7,174.36647033691406,-220.2531280517578,-68.09419250488281,174.68583163378602,-220.1661190159186,-68.09370496814861,0.33100218722763036,0.3444324596885195,0.05412048369347525,3.546741846264715e-05,13.13891228127963,20.380641544615663,8.365888087996044,1.0644195725265952,nan
484.71000000000004,174.37339782714844,-220.26162719726562,-68.09513092041016,174.69276774478706,-220.17458542600622,-68.09468114075642,0.33101905766619216,0.34447672489328796,0.05414202461575748,3.617626856183023e-05,13.093760534698056,20.13624164315987,nan,nan,nan
484.72,174.38035583496094,-220.2701416015625,-68.0960464477539,174.69959709055436,-220.18306162289417,-68.09712711760726,0.33090643663288744,0.3445210657971863,0.05416362524436274,3.5446192314095075e-05,13.078505474122469,19.832907308564522,nan,1.5224880933747944,nan
484.73,174.3873291015625,-220.2786407470703,-68.0969467163086,174.7065686524493,-220.1915268947642,-68.09808295476515,0.33091389386342157,0.34456550293871024,0.0541852858634265,3.6154970035769625e-05,13.0370461761021,20.26232299790528,nan,nan,nan
484.74,174.39431762695312,-220.2871551513672,-68.09783172607422,174.71355841172075,-220.19999152167907,-68.09901197651179,0.33092834570425517,0.34461001643094047,0.05420700648604633,3.542647512790745e-05,12.99854328567451,19.5877365002335,nan,6.764505518467959e-05,nan
484.75,174.4013214111328,-220.295654296875,-68.09869384765625,174.70562175520132,-220.20272546240886,-68.09982555514772,0.31817565657556723,0.3445389341101142,0.05420119399104676,3.611299045548659e-05,12.947008201747266,20.177914243492477,2.530237583538839,nan,nan
484.76,174.40834045410156,-220.3041534423828,-68.09954071044922,174.71261966393146,-220.21117969713043,-68.10073290882832,0.3181687856750533,0.344583259637778,0.0542229076586839,3.5386865366833634e-05,12.908248118189993,20.078705588019357,nan,9.272810874934261e-06,nan
484.77,174.41539001464844,-220.31265258789062,-68.10037231445312,174.71963459276398,-220.21963344120664,-68.10162063322099,0.31814915254054693,0.3446276805983281,0.054244681550097665,3.609471330828559e-05,12.867284354250476,20.24249924437433,nan,nan,nan
484.78000000000003,174.4224395751953,-220.3211669921875,-68.10118865966797,174.7266343625891,-220.22808885724987,-68.10289094151712,0.3181208978431155,0.34467217854386195,0.054266515710802106,3.536999922160523e-05,12.86483991107671,19.390766151287522,nan,0.10958938616162436,nan
484.79,174.42950439453125,-220.3296661376953,-68.10198211669922,174.7336820488794,-220.23654132537948,-68.10375170878778,0.3181185432032445,0.3447167718609093,0.05428841037757361,3.6077868186704156e-05,12.826937234276505,20.02332492883793,nan,nan,nan
484.8,174.4365997314453,-220.33816528320312,-68.10276794433594,174.7372403929473,-220.23359896066466,-68.10396299847173,0.3183085787596143,0.3446457602208515,0.054282505661042875,3.533318604772251e-05,13.972950106632778,20.17990782962617,14.631189969567776,0.3254159753999613,nan
484.81,174.44366455078125,-220.34666442871094,-68.10353088378906,174.74432048616666,-220.24201091230927,-68.10478807811911,0.3183518973012287,0.34469016505551037,0.05430439273018287,3.604022556490695e-05,13.936072171160578,20.216531169064666,nan,nan,nan
484.82,174.4506378173828,-220.35516357421875,-68.10428619384766,174.75143149804208,-220.25041690999873,-68.10449127119415,0.31851019457230667,0.34473464748269445,0.05432634032767804,3.531895403273917e-05,13.855053738736514,19.84627314826988,nan,0.8502168386809642,nan
484.83,174.45751953125,-220.36366271972656,-68.10501861572266,174.75836186854988,-220.25882763668676,-68.10527685021385,0.31858526838677187,0.3447792245139962,0.054348348665080405,3.6026073504918125e-05,13.817327667518432,20.2552407557805,nan,nan,nan
484.84000000000003,174.46426391601562,-220.37216186523438,-68.10574340820312,174.76498329318193,-220.2672493363126,-68.10862355160454,0.31850757880160946,0.3448238797577381,0.05437041782480958,3.530596975408521e-05,14.013183515563803,20.071552229467546,nan,4.600026992657148,nan
484.85,174.47088623046875,-220.3806610107422,-68.10645294189453,174.8007601911781,-220.28855288903364,-68.10941892610714,0.3425047928148,0.3447529556115388,0.054364417924604266,3.599106474217743e-05,13.853966642282037,20.099243639374475,7.35203526325976,nan,nan
484.86,174.47738647460938,-220.38916015625,-68.10713958740234,174.80739712380486,-220.29698563364397,-68.10978006443595,0.34265163551198885,0.3447974225406988,0.054386478840063125,3.5272920019820775e-05,13.769675278124966,20.315690445008176,nan,0.11659340509916923,nan
484.87,174.48374938964844,-220.3976593017578,-68.10781860351562,174.81387621847068,-220.30541980195034,-68.11053373057173,0.3427815927786902,0.34484198333386745,0.05440860072801074,3.597939033164397e-05,13.739901063909988,20.01408923281872,nan,nan,nan
484.88,174.489990234375,-220.40615844726562,-68.10848999023438,174.8202725598781,-220.31385169767225,-68.11066609687786,0.34294560210091285,0.3448866229041495,0.05443078368997945,3.526227036084076e-05,13.632108589083186,19.864266970443214,nan,0.25759301440917737,nan
484.89,174.49610900878906,-220.41465759277344,-68.10913848876953,174.82650040650782,-220.3222859993167,-68.11138861740665,0.34306857921292183,0.34493135631104893,0.054453027909574174,3.596888823885784e-05,13.601346178754355,20.08909762141553,nan,nan,nan
484.90000000000003,174.50210571289062,-220.42315673828125,-68.10977935791016,174.8169381180614,-220.325846271081,-68.11379874913965,0.32955261473427144,0.3448605029589362,0.05444692971398709,3.523149576956668e-05,13.749422515544008,20.2340636215381,2.52133404970273,1.9825638877126348,nan
484.91,174.5079803466797,-220.43165588378906,-68.11040496826172,174.8228940653026,-220.33427502321487,-68.1145141388116,0.329652191659154,0.3449050475554922,0.05446916501478934,3.5937404674653154e-05,13.723382382251675,20.253720502967212,nan,nan,nan
484.92,174.5137481689453,-220.44015502929688,-68.11102294921875,174.8288010362348,-220.34270116241427,-68.11421829815994,0.3297965670114839,0.3449496714631974,0.054491461635455395,3.522298518197941e-05,13.5055325536556,20.108902260609874,nan,0.6965138228042852,nan
484.93,174.51953125,-220.4486541748047,-68.11172485351562,174.83459667721797,-220.3511305921496,-68.11495293440481,0.32982949096185665,0.34499438851102376,0.05451381974567156,3.592908504051651e-05,13.464992257925697,20.04774080927497,nan,nan,nan
484.94,174.52536010742188,-220.4571533203125,-68.1125259399414,174.84035965195815,-220.3595630427891,-68.11673635760371,0.3297973664874379,0.3450391854532435,0.05453623946736549,3.52154862558567e-05,13.63702939127387,20.28305188647705,nan,0.6377445583962643,nan
484.95,174.53121948242188,-220.4656524658203,-68.11341094970703,174.8251939076467,-220.3454238627966,-68.11775030947919,0.3176392760893046,0.34496841636381015,0.054530039938253165,3.589972246152539e-05,15.364583419958786,20.912805619551673,28.553695588893007,nan,nan
484.96000000000004,174.53709411621094,-220.47415161132812,-68.11438751220703,174.83116246586565,-220.3537864939985,-68.11760263625844,0.317764524075739,0.3450130246128999,0.05455245005702907,3.5187740831022566e-05,15.095467044305089,20.391842534138647,nan,0.9522704159814351,nan
484.97,174.5430145263672,-220.482666015625,-68.11544799804688,174.83708466076777,-220.36215234110074,-68.1187001853296,0.31782285382873166,0.34505772533587264,0.05457492189530389,3.589339354551882e-05,15.059182600807299,20.25193607095639,nan,nan,nan
484.98,174.54896545410156,-220.4911651611328,-68.1166000366211,174.84315368644278,-220.37051517654436,-68.11808561054139,0.31797066178991157,0.3451025064402525,0.054597455584590816,3.518211484321961e-05,14.788116858975076,20.377175995057748,nan,2.2647426692528034,nan
484.99,174.55494689941406,-220.49966430664062,-68.11783599853516,174.8491365352986,-220.37888188092802,-68.11934075351908,0.318022327062844,0.34514738002894574,0.054620051280541426,3.588800536694392e-05,14.749408639545353,20.434022258874883,nan,nan,nan
485.0,174.56094360351562,-220.50816345214844,-68.11915588378906,174.831925703035,-220.37499117042404,-68.12061494912479,0.30194086134750164,0.3450766814836947,0.05461374731664438,3.515618345985014e-05,15.11617667446876,20.4767543769119,5.422486051851899,0.007654685475599641,nan
485.01,174.56698608398438,-220.51666259765625,-68.12055969238281,174.83793683130315,-220.3833318703324,-68.12204090226979,0.3019827549778979,0.34512136591010717,0.05463633270337647,3.586144994490468e-05,15.078181446861528,20.72588206391745,nan,nan,nan
485.02,174.5730438232422,-220.52517700195312,-68.1220474243164,174.84397287509495,-220.39167291260955,-68.12361620879763,0.30204031865637027,0.3451661311726212,0.054658980175459546,3.515225824729722e-05,15.050983357886954,20.05580650846318,nan,0.0029787498701333375,nan
485.03000000000003,174.5791473388672,-220.53367614746094,-68.12361145019531,174.85004147721347,-220.40001402508224,-68.12521011961383,0.30207905073516705,0.3452109882997057,0.054681689882565866,3.585779357804635e-05,15.013507800430888,20.92915878541252,nan,nan,nan
485.04,174.58526611328125,-220.54217529296875,-68.12525939941406,174.8560062993935,-220.40835753335676,-68.12907570055094,0.302029808658076,0.34525592680722716,0.05470446196499743,3.5149136621331014e-05,15.318523717699707,20.984316235828167,nan,3.355409167690406,nan
485.05,174.59141540527344,-220.55067443847656,-68.12699127197266,174.86833242834263,-220.41374117687877,-68.13085862659476,0.3089477499984151,0.34518530931269553,0.05469805048270577,3.583291115756385e-05,15.990707304355187,21.09906543851779,4.19236302722036,nan,nan
485.06,174.59759521484375,-220.55918884277344,-68.12879943847656,174.87445415585512,-220.42206792978686,-68.1336298997409,0.30899247782467903,0.3452300587233356,0.054720811536256915,3.5125591971870875e-05,16.20221532371575,21.02973398031113,nan,0.5824674081283113,nan
485.07,174.60379028320312,-220.56768798828125,-68.13068389892578,174.8806568383592,-220.43039413495944,-68.13557809721631,0.30907708537004414,0.345274899409984,0.05474363505065555,3.5830819797632943e-05,16.169731280426635,21.338073242630927,nan,nan,nan
485.08,174.6100311279297,-220.57618713378906,-68.13264465332031,174.8869444570837,-220.43871980138033,-68.13659561531819,0.3091825826974092,0.34531982188359933,0.054766521169254304,3.51239403896592e-05,15.908056225730371,21.395530704701734,nan,0.713878961642239,nan
485.09000000000003,174.6162872314453,-220.58468627929688,-68.13465881347656,174.89320081804036,-220.4470459786755,-68.13867550857124,0.3092606031093443,0.34536483568275467,0.05478947003724541,3.582946761544841e-05,15.876974808293097,21.06269114035561,nan,nan,nan
485.1,174.62255859375,-220.59320068359375,-68.13667297363281,174.90014750869972,-220.45406891247566,-68.14270661409276,0.3105634560836437,0.34529428812207885,0.054782947932906736,3.5101811363159515e-05,16.663528459282944,21.231041817445018,0.34468705865775495,2.663645582806858,nan
485.11,174.62887573242188,-220.60169982910156,-68.13866424560547,174.90646109660182,-220.46239003821373,-68.14482565346731,0.3106425843167084,0.34533911238371257,0.05480588503427572,3.5806771688858263e-05,16.649709570366966,22.06937234277236,nan,nan,nan
485.12,174.6352081298828,-220.61019897460938,-68.14063262939453,174.9129260852819,-220.47071092984558,-68.14461329820637,0.31080544253159903,0.34538401880663544,0.05482888496404439,3.5101481650779436e-05,16.004574180914833,21.10286084735521,nan,3.7420936494184267,nan
485.13,174.64157104492188,-220.6186981201172,-68.14256286621094,174.9192902307984,-220.47903148740582,-68.14665670691251,0.3108882018162468,0.3454290160131611,0.05485194786671638,3.580676285035038e-05,15.984722261487239,21.309519466405504,nan,nan,nan
485.14,174.64794921875,-220.627197265625,-68.14446258544922,174.9256489179038,-220.4873518472489,-68.14923873733808,0.3109608907527797,0.3454740958864092,0.054875073886685374,3.510177648051871e-05,16.130559866382786,21.18027588627017,nan,0.22983162038235508,nan
485.15000000000003,174.65435791015625,-220.63571166992188,-68.14632415771484,174.918892828109,-220.49521230917594,-68.15123419689672,0.29957119633077045,0.3454036262034153,0.054868438054268706,3.578535742801351e-05,15.570150616478958,20.732762003276964,4.5611063282327216,nan,nan
485.16,174.66079711914062,-220.6442108154297,-68.14814758300781,174.9253291697758,-220.50354051531062,-68.15259027887568,0.2996415803846622,0.3454485165536522,0.05489155155421474,3.5081484918602294e-05,15.42194401129184,21.185140717362348,nan,0.24405158509333988,nan
485.17,174.66725158691406,-220.6527099609375,-68.14994049072266,174.93175908275364,-220.51186821934039,-68.15449452690123,0.299702103390934,0.34549349717603794,0.05491472824761187,3.578655001307902e-05,15.402204314058151,20.877043925477448,nan,nan,nan
485.18,174.67372131347656,-220.6612091064453,-68.15168762207031,174.9382241825975,-220.52019585747175,-68.15613743264366,0.299777092142531,0.34553856079253215,0.054937968277703406,3.5082906371439023e-05,15.350933421427174,21.000773351397214,nan,0.03608437394017154,nan
485.19,174.68023681640625,-220.66970825195312,-68.15341186523438,174.9447013892354,-220.52852298810805,-68.15797056637223,0.2998259007570474,0.3455837147690568,0.054961271790667475,3.5788310440585866e-05,15.330068737700527,20.990619701763688,nan,nan,nan
485.2,174.68675231933594,-220.67820739746094,-68.15509033203125,174.9625281422009,-220.54832515461857,-68.15833739102308,0.30484790449454197,0.34551331406258684,0.054954519117696374,3.506369396357079e-05,14.220543332313127,20.268394885226716,7.187267709089664,1.1338024415531753,nan
485.21000000000004,174.6933135986328,-220.68670654296875,-68.15674591064453,174.9690541036746,-220.55668351003692,-68.16008828053202,0.3048770024943854,0.34555827810375217,0.05497780934199592,3.576856712652234e-05,14.19442444353346,20.328937566242573,nan,nan,nan
485.22,174.6998748779297,-220.69520568847656,-68.15836334228516,174.97561030742065,-220.56504192512062,-68.1616436153451,0.3049317834514716,0.3456033254356842,0.05500116311811787,3.506611731255951e-05,14.1523230093596,20.070959336777584,nan,0.01875797853158967,nan
485.23,174.7064666748047,-220.70372009277344,-68.15994262695312,174.9821809776438,-220.57339998013222,-68.16332895434704,0.30498061538742377,0.34564846266083216,0.05502458059479792,3.5771343738282474e-05,14.13087373624137,19.883145573024507,nan,nan,nan
485.24,174.7130889892578,-220.71221923828125,-68.1614990234375,174.98869771926528,-220.58175560080235,-68.16662417202994,0.3049708181263349,0.3456936836450013,0.05504806191155327,3.506901474592313e-05,14.522062418123358,20.650495800309983,nan,1.8934090787866555,nan
485.25,174.7197265625,-220.72071838378906,-68.16302490234375,174.9865065867081,-220.58782638389394,-68.1683013552941,0.2980934516361116,0.34562335769104374,0.055041189286727604,3.575257171248244e-05,14.407103019402118,20.55521641246965,0.962298307275303,nan,nan
485.26,174.7263946533203,-220.72921752929688,-68.16451263427734,174.99317318684822,-220.59618370702466,-68.16885849246462,0.29814035336237416,0.3456683887060143,0.055064656529347035,3.505118087615105e-05,14.129924753956027,20.64269850120958,nan,0.7828102233538048,nan
485.27,174.73306274414062,-220.7377166748047,-68.16597747802734,174.99981360232226,-220.6045390254042,-68.17043055371761,0.2981813819197711,0.3457135091759696,0.05508818768693054,3.5756246388501135e-05,14.109454860913642,20.084028382527656,nan,nan,nan
485.28000000000003,174.73977661132812,-220.74620056152344,-68.16741180419922,175.00651338717384,-220.6128955537999,-68.17109315952263,0.29821516569376527,0.34575871365764405,0.05511178289542383,3.5054918999569186e-05,13.902511384370026,20.833828986019693,nan,0.5464316261658856,nan
485.29,174.74649047851562,-220.75469970703125,-68.16881561279297,175.01319545359607,-220.62124999003146,-68.17260010134586,0.2982527335224132,0.3458040077182715,0.05513544230879639,3.57603466657722e-05,13.880255033856768,19.996887641679486,nan,nan,nan
485.3,174.75323486328125,-220.76319885253906,-68.1701889038086,175.0009869355289,-220.6175379815955,-68.17443362902684,0.28743033298389065,0.34573374945786844,0.05512844660928374,3.503788663288505e-05,14.506818826663906,20.546056266785225,7.618243113997222,0.26292760761503703,nan
485.31,174.75999450683594,-220.77169799804688,-68.17153930664062,175.0076887579456,-220.62586325826385,-68.17588754720447,0.28747020811966123,0.3457788531634313,0.05515209114969223,3.574280381876617e-05,14.485935198602343,20.3203189048266,nan,nan,nan
485.32,174.76678466796875,-220.7801971435547,-68.17285919189453,175.0144443190895,-220.63418991214317,-68.17649879233369,0.28751810570652325,0.3458240411051297,0.055175799947886066,3.5042362752505633e-05,14.298985575002675,20.41401030965973,nan,0.46975052969924536,nan
485.33,174.77357482910156,-220.7886962890625,-68.17415618896484,175.02118604953245,-220.64251434907808,-68.17789295932965,0.2875664088756512,0.34586931822869454,0.055199573162101154,3.574765117084285e-05,14.276592225230676,19.962115505525297,nan,nan,nan
485.34000000000003,174.78041076660156,-220.7971954345703,-68.17543029785156,175.02799256924922,-220.65084120821632,-68.17812467914135,0.2876170514146798,0.34591468002241244,0.05522341092203335,3.504718951346173e-05,14.057029196487523,20.14182437188004,nan,0.9109291457311616,nan
485.35,174.78724670410156,-220.80569458007812,-68.17667388916016,175.02436622962557,-220.64709516314215,-68.17941124693536,0.2852839595293611,0.34584449343799173,0.05521628904386229,3.573081936210779e-05,14.971315334995815,20.29813115821125,6.861372869460368,nan,nan
485.36,174.79409790039062,-220.81417846679688,-68.17789459228516,175.03114302182308,-220.65538314735872,-68.18130814517588,0.2853383875571823,0.3458896647981121,0.055240111114848486,3.503116115285792e-05,15.058680313167372,20.721376913055785,nan,0.2443619085692705,nan
485.37,174.8009796142578,-220.8226776123047,-68.17909240722656,175.03796143866384,-220.6636721468673,-68.18259866516459,0.2854039540414584,0.3459349249688807,0.05526399780949531,3.5736317628738095e-05,15.035836886792746,20.42431915630982,nan,nan,nan
485.38,174.80787658691406,-220.8311767578125,-68.18025970458984,175.04481992526445,-220.6719621603293,-68.1832918122977,0.2854831471690041,0.34598026999440784,0.055287949252822405,3.503659618075023e-05,14.920255120709067,20.43476031488853,nan,0.2324193178037987,nan
485.39,174.81480407714844,-220.83966064453125,-68.18141174316406,175.05167549189642,-220.68025015328925,-68.18453107717792,0.2855337144496521,0.34602570398734306,0.05531196560993714,3.574212623541371e-05,14.893901684050036,20.85607231345423,nan,nan,nan
485.40000000000003,174.8217315673828,-220.84815979003906,-68.18253326416016,175.0442638115339,-220.67595016113754,-68.18651227206871,0.281411777431687,0.34595558351469385,0.055304714422018085,3.5021145626344577e-05,15.888685265160607,20.877318031552843,6.8913382805355825,0.5941764702958672,nan
485.41,174.8286895751953,-220.85665893554688,-68.18363952636719,175.0511469930257,-220.68420390612147,-68.18771404878966,0.2815042480227454,0.34600082671173904,0.05532871426202862,3.5726174617169163e-05,15.868349019481265,20.886624828914645,nan,nan,nan
485.42,174.8356475830078,-220.86514282226562,-68.18472290039062,175.05802503377848,-220.69245524912571,-68.18955319655393,0.2815955615581267,0.3460461549229188,0.05535277904995514,3.5027106239002305e-05,16.035926075744236,21.17838174693564,nan,0.30584723181168,nan
485.43,174.84263610839844,-220.87364196777344,-68.18578338623047,175.06494368703673,-220.7007083424139,-68.1907194076199,0.2816932065335874,0.34609157176697536,0.05537690895576546,3.573251427772389e-05,16.01907016599755,21.02195837357075,nan,nan,nan
485.44,174.84963989257812,-220.88214111328125,-68.18682098388672,175.07180626745622,-220.70895439567977,-68.1940335232104,0.28178636944243285,0.34613707402865906,0.05540110409733506,3.503331869736855e-05,16.789659207546507,21.809984018057918,nan,3.3131333543649006,nan
485.45,174.85665893554688,-220.890625,-68.18783569335938,175.07026606422374,-220.71136827450962,-68.19511661091094,0.27895159224406924,0.34606702219911767,0.055393720512188514,3.571706665349426e-05,17.08475329960476,22.40937550701292,1.2741549281878775,nan,nan
485.46000000000004,174.8636932373047,-220.8991241455078,-68.18883514404297,175.07728227987062,-220.71961170810658,-68.19455084394852,0.27906569748245735,0.34611233354601695,0.05541789829163121,3.5018573911407577e-05,16.50168603684573,21.26592837347848,nan,2.0202384555181183,nan
485.47,174.87075805664062,-220.90760803222656,-68.18981170654297,175.08425986659498,-220.727849033185,-68.1956415108904,0.27916000288174236,0.3461577332139397,0.0554421413894056,3.572386083219795e-05,16.48606491830295,21.975385277088147,nan,nan,nan
485.48,174.87782287597656,-220.91610717773438,-68.1907730102539,175.09124168671772,-220.73608463881496,-68.19709664739237,0.2792770876456268,0.3462032184238765,0.05546644991853895,3.502521040116411e-05,16.64494141020596,21.34438735148825,nan,0.10349607867053534,nan
485.49,174.88491821289062,-220.92459106445312,-68.19171142578125,175.09825176273415,-220.7443212791732,-68.19815422108069,0.27937413728722915,0.3462487921404845,0.05549082405614404,3.5730874301023627e-05,16.63110384279503,22.082954705130987,nan,nan,nan
485.5,174.8920135498047,-220.93307495117188,-68.192626953125,175.10750375685507,-220.75987861888285,-68.20062739314004,0.2765809210582313,0.346178804572185,0.05548330493909547,3.5010867706172076e-05,16.55971289667592,22.216272770731177,3.79233968046317,1.5313446929849568,nan
485.51,174.89913940429688,-220.9415740966797,-68.19353485107422,175.11453679404377,-220.7681376014885,-68.20166348097824,0.27666284173719363,0.3462241870317182,0.05550766085805955,3.571603257460766e-05,16.548834628599355,21.799257031630734,nan,nan,nan
485.52,174.90626525878906,-220.95005798339844,-68.19441223144531,175.12151181692747,-220.77638708556023,-68.20519407655169,0.27678314567591716,0.3462696551357739,0.055532082400422296,3.501786316907068e-05,17.984909436132032,23.66209751148437,nan,4.449862581891236,nan
485.53000000000003,174.91342163085938,-220.9585418701172,-68.19528198242188,175.12857589352998,-220.78464533238042,-68.20622134559743,0.2768592282168947,0.3463152114663821,0.05555656974798271,3.572340813459097e-05,17.980848232937795,23.68756546024675,nan,nan,nan
485.54,174.9205780029297,-220.967041015625,-68.19612884521484,175.1357085441355,-220.7929102249086,-68.20534709193907,0.2769253655909629,0.34636085381858045,0.05558112300685513,3.5025033471532726e-05,17.02532926037218,22.146829733932407,nan,2.505862143556227,nan
485.55,174.92776489257812,-220.97552490234375,-68.19696044921875,175.13166737322868,-220.79324230750717,-68.20629329776956,0.273660863219202,0.34629093189558313,0.055573465293570344,3.570890996528485e-05,17.441129196544917,23.079885813488094,2.0082043863441674,nan,nan
485.56,174.93495178222656,-220.9840087890625,-68.1977767944336,175.13874541942033,-220.80147709549223,-68.20799053650808,0.2737772566256374,0.34633638283608764,0.055597999461133925,3.501116523939606e-05,17.948747709927247,23.262435905146184,nan,0.38382605767524935,nan
485.57,174.94216918945312,-220.99249267578125,-68.19857788085938,175.14585822644466,-220.80971410059436,-68.2089422052082,0.273869769337718,0.34638192174232096,0.05562259962688995,3.571658810702381e-05,17.943236867517594,23.52092795922382,nan,nan,nan
485.58,174.9493865966797,-221.0009765625,-68.1993637084961,175.1530111554787,-220.81795450709717,-68.20889340293108,0.27395409977950097,0.34642754674274223,0.05564726589255376,3.501861743908012e-05,17.49634517508541,22.782641430498156,nan,0.6848184882409174,nan
485.59000000000003,174.95663452148438,-221.00946044921875,-68.20012664794922,175.16015239298827,-220.8261905468477,-68.20980538876994,0.2740457245797565,0.34647325991926775,0.05567199844643188,3.572441557036314e-05,17.49194403513552,23.247092981189176,nan,nan,nan
485.6,174.9638671875,-221.0179443359375,-68.20088195800781,175.14285061866158,-220.83312011218885,-68.21116509492705,0.25748942739375486,0.3464034001696761,0.05566419900502805,3.500501703498906e-05,16.97198215413043,23.1038662986831,12.30374428051064,0.17926546722014855,nan
485.61,174.97103881835938,-221.02642822265625,-68.20162200927734,175.1499118855267,-220.84136633711643,-68.212053134723,0.2575893709287447,0.34644892160835417,0.055688911583795506,3.5710313579405784e-05,16.966440003993807,23.28350799702625,nan,nan,nan
485.62,174.9781036376953,-221.034912109375,-68.20233917236328,175.15691773172023,-220.84961762875224,-68.21160135913608,0.2576709391356021,0.3464945291953424,0.055713690447623344,3.5012701151203276e-05,16.3388617625758,22.793052246197224,nan,1.2407868910220636,nan
485.63,174.98504638671875,-221.04339599609375,-68.20304870605469,175.16377811658072,-220.8578631758942,-68.2124487610945,0.25779026293752305,0.34654022472427826,0.05573853578884025,3.57183746841722e-05,16.332135551440217,22.61789526456032,nan,nan,nan
485.64,174.9918670654297,-221.0518798828125,-68.20374298095703,175.17051117625917,-220.86610811044198,-68.2133742160986,0.2579101208446278,0.3465860067563469,0.05576344770320006,3.502050180499262e-05,16.476640281552985,22.932642850690556,nan,0.005880666164051006,nan
485.65000000000003,174.99855041503906,-221.06036376953125,-68.20442962646484,175.14688836431955,-220.86018496545105,-68.2142404680875,0.24934304364281526,0.346516209678943,0.05575550349738275,3.570449550567326e-05,16.77896333541169,23.386053508331955,8.133845789630131,nan,nan
485.66,175.00511169433594,-221.06884765625,-68.20509338378906,175.1271055759378,-220.88209959070926,-68.21474065822908,0.22327206953763823,0.34492184729184583,0.05533288655107281,3.5005520363745137e-05,18.970615064232017,25.966213788898035,nan,0.05682867710418393,0.4191592299639865
485.67,175.01153564453125,-221.07733154296875,-68.20574951171875,175.13338844045285,-220.89035588212616,-68.21553559376409,0.2233915151102039,0.3449654684483469,0.055355315462643696,3.5711025795906404e-05,18.95592328342837,25.663126742233136,nan,nan,nan
485.68,175.01783752441406,-221.0858154296875,-68.20639038085938,175.13956904994873,-220.89860487206715,-68.2159356475889,0.22351167600476082,0.3450091689536549,0.05537780345517826,3.5013554129187074e-05,18.838301096254256,25.731432139733283,nan,0.10332266907626474,nan
485.69,175.02415466308594,-221.09429931640625,-68.20712280273438,175.1456728579527,-220.90686186284603,-68.2167547180124,0.22358945519128823,0.345052962013414,0.055400351820436636,3.57194321672657e-05,18.791360846777074,25.46457225416134,nan,nan,nan
485.7,175.03050231933594,-221.102783203125,-68.20793914794922,175.1789832106984,-220.9293909540274,-68.21662968374312,0.22844468161744097,0.34497813556192214,0.05539382684406404,3.500047997867178e-05,17.847825057335786,24.70133818737268,8.630047475741357,1.0595620934866583,nan
485.71000000000004,175.03688049316406,-221.11126708984375,-68.20885467529297,175.18517123788547,-220.93767927604083,-68.21762324464565,0.22847267206254973,0.34502174269406777,0.05541636364622467,3.570585332600694e-05,17.800134079578136,24.601559686226587,nan,nan,nan
485.72,175.04327392578125,-221.1197509765625,-68.20985412597656,175.19137403310359,-220.9459708662939,-68.21886292246501,0.22850454465508432,0.3450654297238423,0.055438959828615644,3.5008650328342705e-05,17.922341480118977,24.630714231291854,nan,0.0171748674264183,nan
485.73,175.04969787597656,-221.12823486328125,-68.21094512939453,175.1976114489016,-220.95425956040074,-68.2200370177934,0.2285355410050505,0.3451092086042428,0.05546161658934724,3.571439718126628e-05,17.875664899674568,24.652490905958892,nan,nan,nan
485.74,175.05615234375,-221.13671875,-68.21212005615234,175.20394725128764,-220.96252606582138,-68.22012200573758,0.22858358889600602,0.345153067972019,0.05548433303907027,3.5016893699895004e-05,17.346455044886,24.33006194348378,nan,0.976751454654984,nan
485.75,175.0626220703125,-221.1452178955078,-68.21337890625,175.2371631344194,-220.98282388677526,-68.22136133709007,0.23853745268597526,0.3450783792800135,0.05547770846124787,3.57009514451024e-05,17.109579304352057,23.17078019816156,6.548607806861746,nan,nan
485.76,175.06912231445312,-221.15370178222656,-68.2147216796875,175.24346431806248,-220.99115053179563,-68.22358163666046,0.23852996054321518,0.3451220528934618,0.055500412747197234,3.50039902412772e-05,17.52416724174648,24.20542562543629,nan,0.4516509018444792,nan
485.77,175.0756378173828,-221.1621856689453,-68.21614837646484,175.24983805564588,-220.9994624949624,-68.22509483279225,0.23854683700021176,0.34516581769412513,0.05552317781535792,3.570959914897011e-05,17.48026914547287,23.998992640124605,nan,nan,nan
485.78000000000003,175.08216857910156,-221.17066955566406,-68.21765899658203,175.25634245964832,-221.0077418800248,-68.22488875068548,0.23860896357497366,0.34520966346869364,0.0555460028651773,3.5012330371791775e-05,16.689494711336536,23.037026814111673,nan,2.293984100583871,nan
485.79,175.0887451171875,-221.1791534423828,-68.21924591064453,175.26276223448468,-221.01605380358868,-68.22655045344545,0.23861434498522882,0.3452536004395437,0.0555688889673653,3.571830558294014e-05,16.647084107789485,23.607284449450916,nan,nan,nan
485.8,175.09532165527344,-221.18763732910156,-68.22091674804688,175.24837009976628,-221.0069774236778,-68.22732861218495,0.23686059146917413,0.34517903761668184,0.055562160869857755,3.499952227926543e-05,17.525967123688307,23.327348168633126,13.968635860385495,0.7657791966107814,nan
485.81,175.1019287109375,-221.1961212158203,-68.22267150878906,175.25482702430514,-221.0152425163815,-68.22914403848141,0.23693225146012248,0.34522278842995363,0.05558503414001046,3.570498637885432e-05,17.48404308800448,23.39505114927752,nan,nan,nan
485.82,175.1085662841797,-221.20460510253906,-68.22449493408203,175.26134801398388,-221.02349452680917,-68.23028993630214,0.23701662315943864,0.3452666206629616,0.05560796767851569,3.500793167245337e-05,17.229017830357435,23.557422661673826,nan,0.39623332317531146,nan
485.83,175.11521911621094,-221.2130889892578,-68.22640228271484,175.26784820567912,-221.03175916527093,-68.2322566467023,0.23708736279417675,0.3453105434887517,0.055630962472462187,3.571376278007939e-05,17.188836776021564,23.26640131015714,nan,nan,nan
485.84000000000003,175.12188720703125,-221.22157287597656,-68.22838592529297,175.27439636890853,-221.0400152995633,-68.23381644756857,0.23717438432882046,0.3453545482733797,0.05565401784155758,3.501638379523172e-05,17.031172755822748,23.00209508014625,nan,0.16603826951186146,nan
485.85,175.1285858154297,-221.2300567626953,-68.23041534423828,175.26804926208942,-221.0490140343146,-68.23587283570997,0.22859638375727773,0.34528011989990454,0.055647184168490155,3.5700514805948325e-05,16.245690511573915,23.24051525760872,7.454011658483648,nan,nan
485.86,175.1352996826172,-221.23854064941406,-68.23245239257812,175.2745974874978,-221.05728271224956,-68.23757254315895,0.22865811634765656,0.3453239386368058,0.0556702260670719,3.5003656926505615e-05,16.119250233250632,22.899776733659557,nan,0.1287295643095622,nan
485.87,175.14202880859375,-221.2470245361328,-68.23446655273438,175.281143392267,-221.06555822751417,-68.23968793098128,0.2287141258100539,0.3453678474013762,0.055693329422661635,3.5709337029062204e-05,16.09306605413162,22.853460969291636,nan,nan,nan
485.88,175.14878845214844,-221.25550842285156,-68.2364501953125,175.28767244594403,-221.0738450952356,-68.2424962600584,0.22875070105253184,0.3454118385116233,0.055716493633145646,3.501215216999216e-05,16.332536295405138,23.368973610677227,nan,0.3617392686775164,nan
485.89,175.1555633544922,-221.2639923095703,-68.23839569091797,175.2942583983763,-221.0821201923308,-68.24456506016816,0.22880525200297167,0.3454559197079394,0.05573971957287167,3.571819205038358e-05,16.31326421861387,23.343462634044208,nan,nan,nan
485.90000000000003,175.162353515625,-221.27247619628906,-68.24031066894531,175.31250411988225,-221.09275615928044,-68.24581098086837,0.23425359995621872,0.3453816164158445,0.055732776584259625,3.499947192159101e-05,16.387196916283685,22.741654294270937,2.187632750963041,0.42561600947596034,nan
485.91,175.16917419433594,-221.2809600830078,-68.2421875,175.31915467808506,-221.1010305814792,-68.24780227585131,0.2343081234908798,0.34542551119594106,0.05575598835450891,3.5704994273670065e-05,16.365269762337505,22.992570061045893,nan,nan,nan
485.92,175.17599487304688,-221.28944396972656,-68.24402618408203,175.32574956959527,-221.109328203187,-68.2512968153126,0.2343523427937654,0.34546948867072513,0.055779261253302174,3.5007990842741486e-05,16.952912774346164,23.20334098373085,nan,1.6715842523592248,nan
485.93,175.182861328125,-221.29791259765625,-68.24583435058594,175.3324385228631,-221.11760226529998,-68.25323238652739,0.2343925853689476,0.3455135557222511,0.055802596082381285,3.571387380852864e-05,16.93265441152569,24.11359673965269,nan,nan,nan
485.94,175.18972778320312,-221.306396484375,-68.24759674072266,175.33916579770167,-221.1258700137408,-68.25471803237083,0.2344615950889243,0.3455577059605596,0.05582599234455515,3.501653228288772e-05,16.80870152605849,23.347505604835863,nan,0.12144629831032704,nan
485.95,175.1966094970703,-221.31488037109375,-68.24933624267578,175.35341650131656,-221.1404389395437,-68.25649143845624,0.2346688016089167,0.3454835338366531,0.05581893777172443,3.5700706343801707e-05,16.364098916810992,22.740955796585578,2.02818917994589,nan,nan
485.96000000000004,175.20352172851562,-221.3233642578125,-68.25102996826172,175.3602289428151,-221.14870855347974,-68.25690831264542,0.23472605522644552,0.34552749770933133,0.055842319189141405,3.5003874013591986e-05,15.876729424330756,22.754519087558958,nan,1.4026201810390857,nan
485.97,175.21044921875,-221.33184814453125,-68.25269317626953,175.36699492527052,-221.15699822635204,-68.25868755840222,0.2347658082737682,0.34557155068450335,0.05586576273647219,3.5709593584396364e-05,15.855552694855865,22.605209830564654,nan,nan,nan
485.98,175.21739196777344,-221.34033203125,-68.25432586669922,175.37368389996382,-221.165317826466,-68.26257497892482,0.2347875375663864,0.3456156871416189,0.055889267983480845,3.5012423578626794e-05,16.75279808794502,23.38939020063912,nan,3.2333957406158884,nan
485.99,175.22434997558594,-221.3488006591797,-68.25592803955078,175.3804856260182,-221.17360694643133,-68.26431133845867,0.23482218383926434,0.3456599128047672,0.05591283563492125,3.5718496889749194e-05,16.73507983288517,23.73809527615086,nan,nan,nan
486.0,175.23133850097656,-221.35728454589844,-68.25749206542969,175.3819186605993,-221.18351994188606,-68.26594881897213,0.23008702431919925,0.34558586453387735,0.05590566589670887,3.49997807894316e-05,16.337734943770627,23.708348283956948,3.709811254775933,0.008603061769836247,nan
486.01,175.2383270263672,-221.3657684326172,-68.259033203125,175.38873657783614,-221.1918178028743,-68.26762097793886,0.2301208478979874,0.345629903494228,0.05592921797486475,3.570533079315143e-05,16.319925326616683,23.131787612671193,nan,nan,nan
486.02,175.24534606933594,-221.37423706054688,-68.26053619384766,175.3956233985999,-221.20009889265006,-68.26801813944768,0.23013769078342747,0.3456740261976904,0.05595283201320483,3.500832516078549e-05,15.8110849768654,23.54515302472372,nan,1.0938025810504712,nan
486.03000000000003,175.25238037109375,-221.38272094726562,-68.26200866699219,175.4024755313308,-221.20839607954662,-68.26961836573906,0.230164341605844,0.3457182376830754,0.05597650865515079,3.5714230065587e-05,15.793188724841265,23.005648700469244,nan,nan,nan
486.04,175.25941467285156,-221.39120483398438,-68.26345825195312,175.40935734997814,-221.21668860036294,-68.27086738048978,0.23020342614080935,0.34576253336150886,0.0560002475594778,3.501687953183925e-05,15.700080242134636,22.41552059609871,nan,0.07336367479063427,nan
486.05,175.2664794921875,-221.39967346191406,-68.2648696899414,175.40174242020143,-221.21704990933145,-68.27259552407415,0.2273919747173199,0.3456886130006421,0.055992960207931576,3.5701069241222086e-05,16.06054226389606,23.796342179830233,3.6802558713335256,nan,nan
486.06,175.2735595703125,-221.4081573486328,-68.26626586914062,175.40859168873652,-221.2253395511666,-68.27499876829202,0.22744732050315536,0.3457327219728786,0.056016682828091295,3.5004222398250395e-05,16.527952815774515,23.538293610142667,nan,0.5551934534174628,nan
486.07,175.28065490722656,-221.4166259765625,-68.26762390136719,175.4154914374131,-221.23361790656102,-68.27649709169441,0.2274897295813431,0.3457769193339293,0.0560404682495836,3.5709953154928045e-05,16.51295676800776,24.154379041278546,nan,nan,nan
486.08,175.2877655029297,-221.42510986328125,-68.26895904541016,175.4223228993304,-221.2419233422751,-68.28021919242065,0.22757369205418213,0.34582120110157677,0.05606431618696723,3.501276394154203e-05,17.890291616000326,24.96566267199193,nan,3.572414940206262,nan
486.09000000000003,175.29489135742188,-221.43357849121094,-68.270263671875,175.429254602645,-221.25020113204795,-68.28168783136788,0.22762084469704685,0.3458655714015572,0.056088227202534216,3.571884329513591e-05,17.881976545214812,25.467473765290144,nan,nan,nan
486.1,175.3020477294922,-221.4420623779297,-68.27154541015625,175.427279586287,-221.2487508680654,-68.28318561230326,0.23062491649496586,0.34579177326286786,0.05608081879487705,3.500010425160814e-05,18.84591050502589,25.823359772491056,4.74515019363432,0.0003815059019115489,nan
486.11,175.3092041015625,-221.45053100585938,-68.2728042602539,175.43424401758662,-221.2570005689751,-68.28460488303624,0.23071251656118177,0.3458359565463087,0.056104712769190455,3.570565549972552e-05,18.835017271995408,25.81367652654551,nan,nan,nan
486.12,175.31637573242188,-221.45901489257812,-68.27403259277344,175.4412676961512,-221.26523535786913,-68.28474079637846,0.2307881632593938,0.34588022442024524,0.05612866950695817,3.5008624137395386e-05,18.172596268849755,24.810522154063175,nan,1.1188349811394842,nan
486.13,175.3235626220703,-221.4674835205078,-68.27523803710938,175.44826240416728,-221.27348394857395,-68.28609956642171,0.2308762490698304,0.34592458047707353,0.056152689520087916,3.571452556302464e-05,18.16100451011542,25.20243860932248,nan,nan,nan
486.14,175.3307647705078,-221.47596740722656,-68.27642059326172,175.4552355033311,-221.28174412755519,-68.28851603849735,0.23100204650894152,0.34596902153765924,0.0561767725965464,3.501714716062043e-05,18.998209022382618,25.599671694304387,nan,0.8241682291144294,nan
486.15000000000003,175.33798217773438,-221.48443603515625,-68.27758026123047,175.4473994125209,-221.2816844553138,-68.28988885222095,0.23072025444053554,0.34589534806253963,0.05616924053900171,3.570132959026431e-05,19.357161470041195,26.450578773655387,2.333194971715125,nan,nan
486.16,175.34521484375,-221.49290466308594,-68.27871704101562,175.4544086700653,-221.28991755350498,-68.29153296939342,0.23084909872380757,0.3459396020550264,0.05619330582907236,3.500445355209343e-05,19.766902636537008,26.86376339493433,nan,0.0826409361105757,nan
486.17,175.35244750976562,-221.5013885498047,-68.27983093261719,175.46144333559337,-221.2981466507113,-68.29281630872532,0.23098913305095936,0.3459839439075377,0.056217434590113274,3.5710172184645674e-05,19.760344002105686,26.09891723875737,nan,nan,nan
486.18,175.35971069335938,-221.50985717773438,-68.28092193603516,175.46855181011102,-221.30635566666228,-68.29216485134043,0.23105336363907736,0.34602837090678695,0.05624162665526443,3.501295297210931e-05,18.60980523582431,25.75742638325612,nan,2.5831027807143685,nan
486.19,175.3669891357422,-221.51832580566406,-68.28199005126953,175.475614681754,-221.31458397862667,-68.29338652646128,0.2311711940915076,0.3460728859439615,0.05626588247049322,3.5719016134188184e-05,18.59703626963772,25.786575308520376,nan,nan,nan
486.2,175.374267578125,-221.5268096923828,-68.28303527832031,175.49423125323733,-221.33295581674145,-68.29403428228721,0.228235813438424,0.3459993326984987,0.056258223438669694,3.500024813384003e-05,17.74298566413216,24.47376036963486,4.255944418240093,0.2818747555567686,nan
486.21000000000004,175.38157653808594,-221.5352783203125,-68.28406524658203,175.50132618342693,-221.34120990164388,-68.29521042824935,0.22831281996031066,0.3460436603790288,0.05628246068277644,3.570577950694319e-05,17.72597876644328,25.216937878235004,nan,nan,nan
486.22,175.38888549804688,-221.5437469482422,-68.28506469726562,175.50850180673422,-221.3494410815683,-68.29402441191174,0.2283486536295214,0.34608807332411634,0.05630676146603726,3.5008718266719615e-05,16.50156203823349,23.825997956572632,nan,3.8728992223158643,nan
486.23,175.39620971679688,-221.55221557617188,-68.28605651855469,175.5156232403636,-221.35769448596045,-68.29513841653178,0.22843056936086087,0.3461325740211946,0.05633112619422217,3.5714596194856624e-05,16.479371534466193,23.669622623001914,nan,nan,nan
486.24,175.40354919433594,-221.56068420410156,-68.28701782226562,175.52275864775365,-221.36594729554216,-68.29620132438978,0.22851191227305453,0.3461771603650793,0.056355554759250366,3.501718865596898e-05,16.539800049861668,23.939390231810563,nan,0.0007376765092371051,nan
486.25,175.41090393066406,-221.56915283203125,-68.28797149658203,175.56004152878347,-221.3938781643798,-68.29721489968765,0.23032297495935103,0.34610372853434995,0.056347766045628904,3.570134602431198e-05,15.626273267577856,23.060736686051552,12.263873399883336,nan,nan
486.26,175.41827392578125,-221.57762145996094,-68.28889465332031,175.5672645474499,-221.40216578577986,-68.29705322983467,0.2303246867322028,0.3461481274278217,0.056372175261607774,3.500444202203103e-05,15.095255097818924,22.74624001212961,nan,1.0485277989187194,nan
486.27,175.4256591796875,-221.58609008789062,-68.28980255126953,175.57446794990997,-221.41046384722645,-68.29808029706524,0.23034137183843684,0.34619261380947075,0.056396648615601445,3.5710130741526026e-05,15.07319941978294,22.72366269383265,nan,nan,nan
486.28000000000003,175.43304443359375,-221.5945587158203,-68.29069519042969,175.58172294310137,-221.41874821854384,-68.29754479950418,0.23035092204391333,0.34623718592152475,0.05642118603501601,3.501288506314034e-05,14.455728966896977,21.77807571687379,nan,1.684880093830708,nan
486.29,175.44044494628906,-221.60302734375,-68.29157257080078,175.58895104493646,-221.42704550066904,-68.29852214573157,0.23037353802327834,0.346281845728412,0.05644578787364149,3.5718915346372794e-05,14.4292242575592,21.781592524182127,nan,nan,nan
486.3,175.44786071777344,-221.6114959716797,-68.29242706298828,175.6216299417889,-221.44794484296995,-68.30185499238061,0.2388170864276608,0.34620853181438394,0.0564378662537362,3.500012487853607e-05,15.335700939585573,22.66509927794831,6.0347955576297,3.679203619541007,nan
486.31,175.45529174804688,-221.61996459960938,-68.29326629638672,175.62891801943354,-221.45626674803188,-68.30282398839803,0.23881879784327548,0.3462530038989812,0.05646244793178046,3.570562079401119e-05,15.315634068806986,22.684465340825135,nan,nan,nan
486.32,175.4627227783203,-221.62843322753906,-68.2940902709961,175.63623663664384,-221.46458205154383,-68.3029749396037,0.23881625623396427,0.346297561776783,0.05648709389834702,3.500853696585795e-05,14.973776466991783,22.060481585869912,nan,0.45403559303548047,nan
486.33,175.4701690673828,-221.63690185546875,-68.2948989868164,175.6435482827744,-221.47290330509645,-68.30390430066326,0.23882414562077794,0.34634220711595964,0.05651180447616133,3.571437689414413e-05,14.951376441823749,22.0920772704467,nan,nan,nan
486.34000000000003,175.47763061523438,-221.64537048339844,-68.29568481445312,175.65086173838768,-221.48122755453065,-68.30525580189595,0.2388378674475239,0.3463869386050762,0.056536579638212126,3.501694907321686e-05,15.258394060694378,22.575256687950088,nan,0.13502456286109168,nan
486.35,175.485107421875,-221.65383911132812,-68.29646301269531,175.68554941069695,-221.50031287178282,-68.30625500149559,0.2526720802868501,0.34631374283979394,0.0565285223205291,3.5701068739942404e-05,15.333839947459733,22.238093913211756,6.932209375275674,nan,nan
486.36,175.4925994873047,-221.66229248046875,-68.2972183227539,175.69292880662772,-221.50865484594217,-68.30770121518894,0.25267815488711187,0.3463582864763975,0.05655327651280381,3.500414690905607e-05,15.747584597576878,23.362227671339085,nan,0.21802411498630775,nan
486.37,175.50006103515625,-221.67076110839844,-68.29796600341797,175.70031909308344,-221.51699250711437,-68.30858303263791,0.25270693266130445,0.3464029173587978,0.056578095506386136,3.570979333152468e-05,15.727908594432941,22.35636630509115,nan,nan,nan
486.38,175.50746154785156,-221.67922973632812,-68.29869079589844,175.70765061471843,-221.52533398457248,-68.31004242809439,0.25276159608408477,0.3464476344260658,0.05660297930121693,3.501253247521031e-05,16.215539256830677,23.334899733533465,nan,0.24680945944137322,nan
486.39,175.51473999023438,-221.6876983642578,-68.29940795898438,175.714897393949,-221.5336710010462,-68.31090261950776,0.25282314391734306,0.3464924389691842,0.05662792818041198,3.571851852116135e-05,16.199284421421414,23.02808571235842,nan,nan,nan
486.40000000000003,175.52188110351562,-221.69615173339844,-68.30010986328125,175.7119939043237,-221.538015181058,-68.31223480863457,0.24758243176168276,0.34641935852726563,0.05661973202414957,3.499971844803354e-05,16.694075966841226,23.94293411995995,0.8990796240300482,0.14894611019085452,nan
486.41,175.52890014648438,-221.70462036132812,-68.30079650878906,175.71897372202994,-221.54634501646117,-68.31307383007716,0.2476485039959665,0.3464639749577478,0.056644659096059376,3.5705168551717306e-05,16.68081986935168,23.663904891167224,nan,nan,nan
486.42,175.53578186035156,-221.7130889892578,-68.30146789550781,175.72582174652368,-221.5546739504462,-68.31375681129428,0.24771253563194284,0.34650867759127263,0.05666965118104227,3.5008075125681996e-05,16.73880884256661,23.70645005842237,nan,0.014533649713212414,nan
486.43,175.5425262451172,-221.72154235839844,-68.30213165283203,175.7325320433247,-221.56300368821726,-68.31456956232803,0.2477729099153561,0.34655346750929994,0.05669470853906127,3.571386767610289e-05,16.7210529776826,24.09861513016018,nan,nan,nan
486.44,175.54930114746094,-221.73001098632812,-68.3028793334961,175.73919994774792,-221.57132806773157,-68.31455512948168,0.2477461346149581,0.3465983439666908,0.05671983120414619,3.501643320176265e-05,16.244787826459,23.401903051893655,nan,0.5303609975943692,nan
486.45,175.5560760498047,-221.7384796142578,-68.30371856689453,175.75578799255737,-221.58282573378617,-68.31561083487905,0.2534845490789316,0.3465253783764855,0.05671149336068256,3.570050723013427e-05,16.38930225015026,22.95694742520463,1.6268400245124623,nan,nan
486.46000000000004,175.56289672851562,-221.74693298339844,-68.30464935302734,175.76252152947484,-221.5911515552781,-68.3152541895471,0.25343712644920835,0.3465700665599003,0.05673659337957799,3.5003581638482146e-05,15.601468296234948,23.19408203718243,nan,1.3548069696473708,nan
486.47,175.56971740722656,-221.75540161132812,-68.30567169189453,175.76925221303583,-221.59948544912177,-68.316358585357,0.25345255583319065,0.34661484185048047,0.05676175885796944,3.5709178253538605e-05,15.550194626170825,22.184515307335225,nan,nan,nan
486.48,175.57656860351562,-221.7638702392578,-68.30677032470703,175.77600335062203,-221.60781909501557,-68.31748689550638,0.2534581284204698,0.3466597036765001,0.05678698984956704,3.5011916647265254e-05,15.594950489846156,22.61719197167858,nan,0.002957523032266047,nan
486.49,175.5834197998047,-221.77232360839844,-68.30796813964844,175.78277254603023,-221.61615317689288,-68.31876666680279,0.25347056888917313,0.3467046528582475,0.05681228658531674,3.571785183579346e-05,15.541675586159036,22.551340405770706,nan,nan,nan
486.5,175.59031677246094,-221.78079223632812,-68.30924224853516,175.76832415709754,-221.6112648440107,-68.32107043409255,0.2461017507143987,0.3466317997554065,0.056803803984002,3.499905715746002e-05,16.76751731378595,23.723563072698944,5.192939838469585,0.632014512168147,nan
486.51,175.5972137451172,-221.7892608642578,-68.31060028076172,175.77510663451503,-221.61956912852165,-68.32253143124237,0.24613719269394516,0.3466765604103235,0.05682907721089199,3.57044556829054e-05,16.72106599299675,23.303931803970773,nan,nan,nan
486.52,175.6041259765625,-221.7977294921875,-68.31204223632812,175.7819146718104,-221.6278708553982,-68.32356379449624,0.24615751654679502,0.3467214075836151,0.05685441615223698,3.500736740401329e-05,16.49028373890032,22.997491391444445,nan,0.18591313992074168,nan
486.53000000000003,175.61106872558594,-221.80618286132812,-68.31356811523438,175.78873388286485,-221.63617506276623,-68.32518782914913,0.2461759075016542,0.34676634195404227,0.05687982102246001,3.571310763679415e-05,16.441151041927597,23.70059997046927,nan,nan,nan
486.54,175.61802673339844,-221.8146514892578,-68.31517791748047,175.79555649008583,-221.64448447497898,-68.3280198603722,0.24624894467853242,0.3468113631633013,0.056905291899682034,3.5015681277968985e-05,17.33430517372168,23.997354604662146,nan,0.8934626744751044,nan
486.55,175.625,-221.8231201171875,-68.31686401367188,175.79684536615235,-221.64423845913598,-68.32981046420024,0.248388985336673,0.3467386215721274,0.0568966616583773,3.569970575426173e-05,17.986990816115803,24.186619331856395,3.575842424995015,nan,nan
486.56,175.63198852539062,-221.83157348632812,-68.31863403320312,175.8037334180051,-221.6525138026549,-68.3307632922206,0.24840651638115482,0.34678345406688627,0.056922108159688886,3.500279106465481e-05,17.458382704810226,24.040748099392278,nan,0.607168554210293,nan
486.57,175.6389923095703,-221.8400421142578,-68.32047271728516,175.8106276990284,-221.66079305230897,-68.3327139185706,0.24847289617356458,0.3468283736107946,0.05694762077216185,3.5708334479173855e-05,17.416925177474663,23.600848017944788,nan,nan,nan
486.58,175.64602661132812,-221.8485107421875,-68.32239532470703,175.81754891564353,-221.66906844091662,-68.33388491471965,0.24849839243285565,0.3468733799594355,0.05697319958760475,3.501108663528472e-05,16.95577044222382,23.325296771943584,nan,0.5200532408029972,nan
486.59000000000003,175.65306091308594,-221.85696411132812,-68.32439422607422,175.82447723154252,-221.67734702708097,-68.3359839105675,0.24855617468353308,0.34691847361999384,0.05699884480019303,3.571696830059473e-05,16.90987000679255,23.417231867528983,nan,nan,nan
486.6,175.66012573242188,-221.8654327392578,-68.3264389038086,175.8268404982624,-221.6794922641758,-68.33584179270599,0.24991216005350717,0.34684584147220787,0.056990063907724674,3.499819341450575e-05,16.132626717948746,22.145389270110595,2.1021893421820055,4.0913717072114455,nan
486.61,175.6671905517578,-221.8739013671875,-68.32848358154297,175.83380365197567,-221.6877534154943,-68.33800463942289,0.2500032712324541,0.34689074616875676,0.057015683857403035,3.570353837856551e-05,16.1117590418345,21.820311579092742,nan,nan,nan
486.62,175.67428588867188,-221.88235473632812,-68.33051300048828,175.8407679744576,-221.6960199896488,-68.34168725411699,0.25012354277792076,0.3469357376259158,0.05704137020141863,3.5006469211651104e-05,17.103909781290497,23.520344979899797,nan,1.6470840419100905,nan
486.63,175.68138122558594,-221.8908233642578,-68.33250427246094,175.84776329759174,-221.70428074796024,-68.3438340632597,0.2502189156311554,0.3469808162610038,0.05706712312279466,3.5712155803175184e-05,17.09806004793733,22.836859436360516,nan,nan,nan
486.64,175.68850708007812,-221.89927673339844,-68.33446502685547,175.88799051360922,-221.74649954992225,-68.34675609378942,0.251566250460289,0.34365529754255475,0.053572132954997846,3.501308664965579e-05,20.150815113215014,26.591110916229493,nan,0.4854664794657382,0.3274739995940522
486.65000000000003,175.69564819335938,-221.90774536132812,-68.33639526367188,175.8884681468304,-221.75364595208222,-68.34887491103974,0.24714753485505872,0.3435903002741966,0.0535675344654349,3.569702374857829e-05,19.993700207791452,26.10576751070953,0.7213231637074964,nan,nan
486.66,175.7028045654297,-221.91619873046875,-68.3382797241211,175.89553300244037,-221.76200118432175,-68.35173938223556,0.24718878628873434,0.3436374970831162,0.05358584123215761,3.500022764151965e-05,20.761803766225874,27.4530758625474,nan,0.4632664017612673,nan
486.67,175.7099609375,-221.92466735839844,-68.34013366699219,175.90256592983218,-221.7702986115434,-68.35376599441085,0.24720888622320936,0.34368478487736365,0.05360421395822021,3.570568191494923e-05,20.748356295990938,26.587205114162447,nan,nan,nan
486.68,175.71714782714844,-221.93312072753906,-68.34194946289062,175.9095236122008,-221.77848607909792,-68.35418755936746,0.24712362934045895,0.34373215435195503,0.053622638696908094,3.500855245792544e-05,19.776704284287767,26.424031030852152,nan,1.7380006070339395,nan
486.69,175.72434997558594,-221.94158935546875,-68.3437271118164,175.91658628925825,-221.786782852526,-68.3561274686067,0.24713078014729967,0.3437796150152736,0.05364112942922076,3.5714347112302826e-05,19.761250396917145,25.978600474880015,nan,nan,nan
486.7,175.73155212402344,-221.95004272460938,-68.34547424316406,175.9022746783815,-221.78207039017184,-68.35902525997278,0.2398844008256645,0.34371457371850744,0.05363648808699891,3.499569399200824e-05,21.325589382457192,27.510278435308887,7.756173956258117,0.638290683615963,nan
486.71000000000004,175.73878479003906,-221.95851135253906,-68.34718322753906,175.9093385402769,-221.79033293529028,-68.3609070524957,0.23991853850825856,0.3437618320218971,0.053654987409565605,3.5700954286224335e-05,21.312221848292946,27.451832567112202,nan,nan,nan
486.72,175.7460174560547,-221.9669647216797,-68.3488540649414,175.91636485817338,-221.79853351240882,-68.3618380621321,0.23990809458640852,0.34380917211390294,0.053673539531161,3.500400251880269e-05,20.8098076766544,27.1229420507745,nan,0.5939147763612603,nan
486.73,175.75326538085938,-221.9754180908203,-68.35049438476562,175.9234568508124,-221.8067953542109,-68.36364441950167,0.23994100766643808,0.3438566031183988,0.05369215738283698,3.570960661704071e-05,20.79318981772471,27.103521944758246,nan,nan,nan
486.74,175.7605438232422,-221.98388671875,-68.35210418701172,175.9306316998288,-221.81513836165237,-68.36665470355267,0.2400366874386126,0.343904116293919,0.053710828565949546,3.501231884378561e-05,21.955932540738814,28.176655782415285,nan,1.0776767550933384,nan
486.75,175.767822265625,-221.99234008789062,-68.35368347167969,175.90823969603056,-221.81289993922675,-68.36841687364162,0.22832629031188126,0.3438390400094937,0.05370615431832602,3.569621652670462e-05,21.845920004729976,28.822342985094018,7.843599452192608,nan,nan
486.76,175.77511596679688,-222.00079345703125,-68.355224609375,175.91524240782607,-221.8210514524728,-68.36868540356969,0.22830637454646288,0.34388635071420215,0.053724833799259755,3.49994418875362e-05,20.898771148306167,27.97475945191584,nan,1.4974656487298734,nan
486.77,175.7824249267578,-222.00926208496094,-68.35674285888672,175.92233869878814,-221.82929651301367,-68.37036542875924,0.2283616541803628,0.34393375204650745,0.05374357876288334,3.570485405685721e-05,20.87815285006191,27.511104784799645,nan,nan,nan
486.78000000000003,175.7897491455078,-222.01771545410156,-68.35822296142578,175.92938240401398,-221.83746495564304,-68.37080640116979,0.22835505694287914,0.3439812356692102,0.05376237781094494,3.500774791223816e-05,20.160690752371316,27.348893888669135,nan,1.0326418305224927,nan
486.79,175.7970733642578,-222.0261688232422,-68.35968017578125,175.93650486329867,-221.84570956162977,-68.3724158935303,0.2284050930541176,0.34402881011135883,0.053781242397353414,3.5713500777018033e-05,20.136896254525205,26.96140107123457,nan,nan,nan
486.8,175.80442810058594,-222.0346221923828,-68.3611068725586,175.95017467559074,-221.8599793765888,-68.37455671066914,0.2278663542063513,0.34396369001012467,0.05377651978348176,3.499487554420379e-05,20.2961600821679,27.753458361004068,2.173739370204679,0.19472539601653904,nan
486.81,175.81178283691406,-222.0430908203125,-68.36250305175781,175.95732791582608,-221.86824193454868,-68.3761161684178,0.22790528689250533,0.3440110616536518,0.05379539183063639,3.570009454759476e-05,20.27678129031492,26.99427062114319,nan,nan,nan
486.82,175.81915283203125,-222.05154418945312,-68.36387634277344,175.9644453525572,-221.87644914122697,-68.37673869092818,0.22788951804362206,0.344058515710944,0.05381431868907989,3.500316933105886e-05,19.769168365069795,26.980565711991783,nan,0.5843789598050972,nan
486.83,175.8265380859375,-222.05999755859375,-68.36521911621094,175.9716233772382,-221.88471109390974,-68.37823525725248,0.227913374730042,0.34410606029404534,0.05383331086635168,3.570873257843731e-05,19.744100401071,27.046482753770846,nan,nan,nan
486.84000000000003,175.8339385986328,-222.06845092773438,-68.36653137207031,175.97882367173494,-221.89298431765513,-68.37989895518345,0.2279449669082358,0.3441536876804263,0.05385235836276282,3.5011472899811e-05,20.060237275177794,27.47567690426844,nan,0.026360746338398005,nan
486.85,175.8413543701172,-222.076904296875,-68.3678207397461,176.02400416483354,-221.91095187921192,-68.38131460335866,0.24715023122251328,0.34408853176643567,0.0538475947911061,3.569533307815657e-05,20.704258475151143,26.99489171744643,16.125439389176773,nan,nan
486.86,175.84877014160156,-222.08535766601562,-68.36908721923828,176.03122522184347,-221.91914590518897,-68.38149607001151,0.24712382588631704,0.3441359562404783,0.05386664938363476,3.49985878205415e-05,19.9611208404488,25.98656400017757,nan,1.0855471347513268,nan
486.87,175.856201171875,-222.09381103515625,-68.37032318115234,176.0385222053731,-221.92741130768044,-68.38288031340066,0.2471588762924451,0.3441834709436225,0.053885769094906624,3.570396029436019e-05,19.936178613235313,26.066756308806713,nan,nan,nan
486.88,175.8636474609375,-222.10226440429688,-68.37153625488281,176.0458836520559,-221.93573518221038,-68.38527924564224,0.24724659948538433,0.3442310685762841,0.053904944814021055,3.5006884868868374e-05,20.873213942080888,27.078651380799897,nan,0.7618240843742279,nan
486.89,175.87110900878906,-222.11073303222656,-68.37272644042969,176.05320366535705,-221.94399996105895,-68.38662629189749,0.24728846888284722,0.3442787566254579,0.05392418573349468,3.5712598633301295e-05,20.848034436789163,26.683190499069514,nan,nan,nan
486.90000000000003,175.87857055664062,-222.1191864013672,-68.37389373779297,176.04116362556314,-221.94152753247053,-68.38621937230218,0.24114539395422224,0.3442135570530104,0.05391936802484551,3.4994007942798394e-05,20.176454911768346,26.240547276519447,4.790435751228643,2.2291229573996216,nan
486.91,175.88604736328125,-222.1276397705078,-68.37503051757812,176.04847910532496,-221.94976622189606,-68.38750429104118,0.24120253967050265,0.34426104185216566,0.053938615192844264,3.569918858660091e-05,20.152925896965705,26.34611135326129,nan,nan,nan
486.92,175.89353942871094,-222.13607788085938,-68.37615203857422,176.05575106833786,-221.95794476977875,-68.38765966835531,0.24119794119538934,0.344308609706245,0.05395791902921349,3.500229630410268e-05,19.534951465933794,26.23166788480565,nan,0.8659790384530934,nan
486.93,175.9010467529297,-222.14453125,-68.37725067138672,176.06308889289068,-221.96618244316593,-68.3888899418022,0.24124971427563652,0.34435626767887134,0.053977287897262353,3.570782186755477e-05,19.504637439031974,25.851481460028314,nan,nan,nan
486.94,175.90855407714844,-222.15298461914062,-68.37832641601562,176.07039561437608,-221.97437430524104,-68.38923751480685,0.24127448990796022,0.3444040090968549,0.053996713913921184,3.5010596154290116e-05,19.07093976701577,25.181670271206183,nan,0.5238672001074869,nan
486.95,175.91607666015625,-222.16143798828125,-68.37937927246094,176.07756831563174,-221.9819177571267,-68.39028720893602,0.24171481390296018,0.3443387727866673,0.05399184721976723,3.569442192998052e-05,19.075680451402487,25.222517753923885,0.8154504800124521,nan,nan
486.96000000000004,175.92359924316406,-222.16989135742188,-68.38040924072266,176.08487165710767,-221.99007942756302,-68.39003894591993,0.2417309513507756,0.34438631083265653,0.05401127904755381,3.4997711419897944e-05,18.352424335566123,24.275856667079598,nan,1.3944490290030045,nan
486.97,175.93115234375,-222.1783447265625,-68.38142395019531,176.0922527774213,-221.99831272745888,-68.39116202176879,0.24178440906786075,0.3444339387004865,0.05403077575909101,3.570304775731587e-05,18.318436267235626,24.688577758427076,nan,nan,nan
486.98,175.93870544433594,-222.18679809570312,-68.38241577148438,176.09968852374254,-222.00659257763292,-68.39320325978251,0.24188003328503282,0.344481650135593,0.05405033023976983,3.500600791290186e-05,18.94683914390681,25.086429979355717,nan,0.6206895986419511,nan
486.99,175.94627380371094,-222.19525146484375,-68.38339233398438,176.10709052907802,-222.01482517317837,-68.3942970950996,0.24193920661375787,0.34452945158108367,0.05406994971390631,3.5711686309947916e-05,18.912381763784435,25.161523807671863,nan,nan,nan
487.0,175.95384216308594,-222.2036895751953,-68.38434600830078,176.09887515398154,-222.01156283857316,-68.39610249290652,0.24100926601167874,0.34446417169404064,0.05406502286103707,3.499313423601543e-05,20.22751227082369,26.503815287746935,6.032988172829741,0.3437148087900936,nan
487.01,175.96142578125,-222.21214294433594,-68.3852767944336,176.1062796305282,-222.01976307806092,-68.3971671750408,0.241109999273551,0.34451176942580325,0.05408464729118452,3.569828039228294e-05,20.19967819943125,26.199443515169982,nan,nan,nan
487.02,175.96902465820312,-222.22059631347656,-68.38619232177734,176.11370457740833,-222.02797404476607,-68.39844478887034,0.24121720580063633,0.34455945084233824,0.05410433008251902,3.500142492716619e-05,20.489552980951153,26.615825026586645,nan,0.03755414299281391,nan
487.03000000000003,175.97662353515625,-222.2290496826172,-68.38709259033203,176.12112861859285,-222.03617364089357,-68.3994767061282,0.24132188656241593,0.3446072219769266,0.05412407775169638,3.570691681530945e-05,20.457454504637763,26.366359825350667,nan,nan,nan
487.04,175.98423767089844,-222.23748779296875,-68.38796997070312,176.12848749552882,-222.04429581311936,-68.39882553776395,0.24134828841372263,0.34465507718297567,0.054143884233787076,3.5009728471864783e-05,19.487982873101952,25.954199407925124,nan,1.9585263770813774,nan
487.05,175.99185180664062,-222.24594116210938,-68.38883209228516,176.10945978353763,-222.0348788565157,-68.39974053877694,0.24186344758394762,0.34458975956753357,0.05413890042119792,3.569352365576661e-05,20.415523518051547,26.25612545266931,13.134165802129498,nan,nan
487.06,175.99948120117188,-222.25439453125,-68.38967895507812,176.11688463682898,-222.04303704892027,-68.40083413585066,0.24203303513967614,0.3446374109257256,0.05415871135062638,3.4996850840049046e-05,20.60092498229013,26.596694392541725,nan,0.011976114157443795,nan
487.07,176.0071258544922,-222.26283264160156,-68.3905029296875,176.12431313913342,-222.05118912082486,-68.40178275353719,0.24218396725304608,0.34468515171403036,0.0541785870628207,3.570215525575137e-05,20.570226253662206,27.08879729924533,nan,nan,nan
487.08,176.01478576660156,-222.2712860107422,-68.39131164550781,176.13175087708407,-222.05934079456716,-68.40271578208758,0.24234616989091015,0.344732979331655,0.05419852484852334,3.64217639708633e-05,20.54023683488821,26.83980742788586,nan,nan,nan
487.09000000000003,176.02244567871094,-222.27972412109375,-68.3921127319336,176.13919765339884,-222.0674921600274,-68.40363353511766,0.2424998098918831,0.34478089392309963,0.05421852485223449,3.715582148558484e-05,20.503156602206257,26.976146591018317,nan,nan,nan
487.1,176.0301055908203,-222.28817749023438,-68.39289093017578,176.16344443360208,-222.08678104809266,-68.40354046531334,0.2417709380805891,0.34471553250722525,0.05421347441203871,3.634978729294713e-05,19.44625927421776,25.26533350152727,5.4142252327248235,0.7635426361624568,nan
487.11,176.03778076171875,-222.29661560058594,-68.3936538696289,176.1709302962579,-222.09496034132496,-68.40441943354094,0.24188745213827276,0.344763242909456,0.05423347800102954,3.708155376240294e-05,19.412804608029123,25.783671484051872,nan,nan,nan
487.12,176.04547119140625,-222.30506896972656,-68.39440155029297,176.17834024686337,-222.10305521128916,-68.40325216728306,0.24195470220100707,0.3448110374056699,0.05425354128935017,3.6302068363595925e-05,18.407992587969012,24.53634699013212,nan,2.705564778474757,nan
487.13,176.05313110351562,-222.31350708007812,-68.39513397216797,176.18583079678334,-222.1112334174406,-68.40408225674267,0.24208245493421998,0.344858921435679,0.054273669625198015,3.70325477113228e-05,18.3747160733961,24.579984770707313,nan,nan,nan
487.14,176.0607147216797,-222.32196044921875,-68.3958511352539,176.1932278303248,-222.11936874064014,-68.4038431858258,0.24221271069027697,0.34490688995431235,0.05429385810043287,3.625573535903111e-05,17.939914914484604,23.9314406777397,nan,0.731891288454337,nan
487.15000000000003,176.0681915283203,-222.3303985595703,-68.39656066894531,176.1642681544559,-222.11155918296447,-68.40459112215852,0.23913569165149764,0.34484148998764463,0.054288743007728194,3.696147789486723e-05,18.17003016420456,25.530059621955978,12.218430982879774,nan,nan
487.16,176.07553100585938,-222.33883666992188,-68.39724731445312,176.1714531936093,-222.11973121603228,-68.40603507155708,0.2393438754215688,0.3448892541825145,0.054308934506797545,3.6188269754097755e-05,18.5245802445595,25.73704839203738,nan,0.2921419199086829,nan
487.17,176.08287048339844,-222.3472900390625,-68.39803314208984,176.17855235931245,-222.12787733663993,-68.4068597844548,0.23953050949355012,0.3449371076087428,0.05432919097729876,3.6915467786919926e-05,18.46525824888033,24.979765778170673,nan,nan,nan
487.18,176.09024047851562,-222.35572814941406,-68.3989028930664,176.18570171371078,-222.13605941273605,-68.40872795689124,0.239715942686054,0.3449850456421983,0.054349508103541146,3.61448230159189e-05,18.986875966358486,26.35287268482374,nan,0.5992601911440838,nan
487.19,176.0976104736328,-222.3641815185547,-68.39986419677734,176.19282623873454,-222.14420532557375,-68.40974389640678,0.2399024298898651,0.34503307309587294,0.05436989035273172,3.687094229166151e-05,18.927462451607237,25.591273633321332,nan,nan,nan
487.2,176.10499572753906,-222.37261962890625,-68.40090942382812,176.20162725001492,-222.15101494511657,-68.41260499970822,0.24203940486766432,0.34496762929362845,0.05436470224404907,3.60804547329805e-05,20.32647803098302,27.250590998514973,1.0854379996650798,1.769705249438727,nan
487.21000000000004,176.11239624023438,-222.3810577392578,-68.40204620361328,176.20878244959746,-222.15915400635,-68.41381714765186,0.2422191634808504,0.34501545207092144,0.05438508663320567,3.680465280302682e-05,20.262199614268685,27.26254259571023,nan,nan,nan
487.22,176.11981201171875,-222.38951110839844,-68.40326690673828,176.2158537190926,-222.1672021906159,-68.41256469742697,0.24234626754421454,0.34506335956174405,0.05440553216413965,3.6039919239627456e-05,18.860412269151297,25.57741178236803,nan,4.33095738951012,nan
487.23,176.12722778320312,-222.39794921875,-68.40457153320312,176.2230333875625,-222.17534076430113,-68.4139246149231,0.24252982900345266,0.3451113561871175,0.054426042777901876,3.676317486976393e-05,18.80418548884781,25.591105779473583,nan,nan,nan
487.24,176.13467407226562,-222.40638732910156,-68.40596008300781,176.2301436104903,-222.18340306567384,-68.41316389393818,0.24266913556766107,0.3451594379068336,0.0544466149419246,3.6000819320236514e-05,17.828205955549418,25.105156752439797,nan,3.244052453354019,nan
487.25,176.14212036132812,-222.4148406982422,-68.40743255615234,176.25448204200544,-222.19659283935025,-68.41454201233775,0.2455765045007342,0.3450939544333326,0.05444135428481272,3.6700114200073556e-05,17.964628926298197,24.02421269768376,3.5313249059523786,nan,nan
487.26,176.1495819091797,-222.42327880859375,-68.40898132324219,176.26171241629712,-222.20472200646628,-68.41571183540468,0.24573486967983474,0.34514183132143716,0.054461927957589105,3.594102389298199e-05,17.810770496099604,24.36904389367121,nan,0.11705428353457917,nan
487.27,176.15704345703125,-222.4317169189453,-68.41061401367188,176.26896914828467,-222.21286477751667,-68.41737796043581,0.24590520764368318,0.3451897970694739,0.05448256669416564,3.6661673527625227e-05,17.761901772154797,24.038065343162007,nan,nan,nan
487.28000000000003,176.16452026367188,-222.44017028808594,-68.4123306274414,176.27625278967676,-222.2210214568923,-68.41956977331682,0.246095048332917,0.3452378480004748,0.05450326742696065,3.5904835230017494e-05,17.938936288010378,23.935341958040368,nan,0.13243657516187063,nan
487.29,176.17201232910156,-222.4486083984375,-68.41412353515625,176.28353186476568,-222.2291633555241,-68.42140178774515,0.24626349030003325,0.34528598799404,0.05452403340470485,3.6624722759152136e-05,17.889107605842476,24.36905879136929,nan,nan,nan
487.3,176.1795196533203,-222.45704650878906,-68.4159927368164,176.27895214067507,-222.2339281394035,-68.42534659112285,0.24445065123499257,0.34522046051311095,0.05451869312856893,3.5848088513975744e-05,18.73816912970175,25.6966001066164,1.6866376187290335,3.0218761225590365,nan
487.31,176.18702697753906,-222.46548461914062,-68.41793823242188,176.28623166803658,-222.24206598614953,-68.42735564079084,0.2446347149623428,0.34526839533207015,0.05453945972836922,3.656637372798103e-05,18.686570712248308,25.382622278086934,nan,nan,nan
487.32,176.19454956054688,-222.4739227294922,-68.41996765136719,176.29350470319207,-222.25018823704528,-68.42893552263205,0.24480536366965033,0.3453164154107412,0.05456028874405821,3.5814773832059005e-05,18.47026524517931,25.266741778176957,nan,0.17295580461584395,nan
487.33,176.20208740234375,-222.4823760986328,-68.42202758789062,176.30080526930766,-222.2583255010315,-68.43107751321668,0.245001609569855,0.34536452429362924,0.05458118301580788,3.653241396954679e-05,18.431973108650944,25.047137704219065,nan,nan,nan
487.34000000000003,176.2096405029297,-222.49081420898438,-68.4240951538086,176.30811852589096,-222.26646461192811,-68.4333176186566,0.24518506594721548,0.34541271880354757,0.05460214008493921,3.57828643337937e-05,18.530372675873565,25.60831645255078,nan,0.0038213391320037413,nan
487.35,176.21719360351562,-222.49925231933594,-68.4261474609375,176.35920461303093,-222.2971078450128,-68.43548689200334,0.24721800156050608,0.3453471505481279,0.05459671947874318,3.647716931362928e-05,17.872011962847242,24.085382346892125,20.31810305924016,nan,nan
487.36,176.22476196289062,-222.5076904296875,-68.42816162109375,176.36657886931445,-222.3052739078731,-68.43694454870635,0.24730876059798573,0.3453951397084862,0.05461767647552039,3.5730525823208283e-05,17.602768034495632,23.962562695229348,nan,0.30848782176028766,nan
487.37,176.23233032226562,-222.51612854003906,-68.43014526367188,176.3739848540213,-222.31345864349936,-68.43903880212272,0.2474271374698231,0.34544321742518697,0.05463869875667259,3.6446136351422737e-05,17.57761517963446,23.703026384423758,nan,nan,nan
487.38,176.2399139404297,-222.52456665039062,-68.43209075927734,176.3814533232871,-222.32168822026458,-68.44276823652099,0.24760263090354473,0.34549138082885394,0.05465978422055869,3.570141159955921e-05,18.564251784303387,24.813650576486367,nan,1.8913989246182557,nan
487.39,176.2475128173828,-222.5330047607422,-68.43399810791016,176.38887870955648,-222.32987203054165,-68.44480796639172,0.24771773168098457,0.34553963300471924,0.054680935175094106,3.641652892461705e-05,18.54289247558664,24.92369179058587,nan,nan,nan
487.40000000000003,176.25511169433594,-222.54144287109375,-68.43586730957031,176.41334955378562,-222.3446269930144,-68.44559799317268,0.2527259310611648,0.34547402044942277,0.054675428177012084,3.5651949160439374e-05,17.995099689634664,23.829689951201786,2.5803938051365365,1.037152185401097,nan
487.41,176.26272583007812,-222.5498809814453,-68.43769836425781,176.42082234150428,-222.35282087184365,-68.4475534357942,0.2528325852344333,0.345522066941828,0.05469657816581926,3.636573222092037e-05,17.973688559861017,23.935487325985164,nan,nan,nan
487.42,176.27035522460938,-222.55831909179688,-68.43949890136719,176.42833180558185,-222.3610372158587,-68.45037799857133,0.2529725152371699,0.34557019917003545,0.0547177917002321,3.5625550283965556e-05,18.58869379840964,24.673256362755726,nan,0.5574097312285018,nan
487.43,176.27798461914062,-222.56675720214844,-68.4412612915039,176.4358231909492,-222.36923062440033,-68.45227171361275,0.25308297663506896,0.34561841993778347,0.05473907077820198,3.633893824538217e-05,18.566575909279855,24.46113381117363,nan,nan,nan
487.44,176.28561401367188,-222.5751953125,-68.44298553466797,176.44332039184917,-222.3774210153265,-68.4540211246121,0.25319509984533795,0.3456667267959621,0.05476041376066736,3.560047080923057e-05,18.615866791836158,24.326531828574744,nan,0.008223424878290643,nan
487.45,176.29327392578125,-222.5836181640625,-68.4446792602539,176.43981438802825,-222.38517565329144,-68.45580359899533,0.24693579746387787,0.3456010723822193,0.05475481875710987,3.6291016892390585e-05,18.156236430347636,25.23525895249601,2.419397695949946,nan,nan
487.46000000000004,176.30093383789062,-222.59205627441406,-68.44633483886719,176.44725880185882,-222.393333575363,-68.45581673233548,0.24696480012783686,0.34564917336359524,0.05477616002246201,3.555509857257406e-05,17.238661709107582,23.673993438569706,nan,2.1600325504156728,nan
487.47,176.30859375,-222.60049438476562,-68.44795989990234,176.45476289946876,-222.40153252303358,-68.45755709487457,0.2470695222637493,0.34569736266146395,0.054797566897863206,3.626693666683843e-05,17.21393438130139,23.443935351234227,nan,nan,nan
487.48,176.31626892089844,-222.6089324951172,-68.44955444335938,176.4622911866302,-222.40974355187797,-68.45982412517353,0.24719264463725885,0.3457456380830775,0.05481903801168381,3.553260359404186e-05,17.606467963752557,23.986964189990257,nan,0.21356315752722826,nan
487.49,176.32395935058594,-222.61737060546875,-68.45111846923828,176.46981236752467,-222.41794182217475,-68.46150697928425,0.24729104977177882,0.3457940020493222,0.05484057496270087,3.6244171165645345e-05,17.579739753379197,24.11964579032871,nan,nan,nan
487.5,176.33164978027344,-222.62579345703125,-68.45264434814453,176.46728386411078,-222.416824814017,-68.46412477033529,0.24939185743583336,0.3457283029322845,0.05483488666297753,3.54898544535348e-05,18.937855883602317,25.512674940999183,4.029999739574123,0.5211930801795951,nan
487.51,176.33935546875,-222.6342315673828,-68.45414733886719,176.4748123079741,-222.42499601441665,-68.46575778099505,0.24952529788389285,0.34577646069602386,0.05485642099335576,3.620030762598942e-05,18.912701591467687,25.205026769843197,nan,nan,nan
487.52,176.34706115722656,-222.64266967773438,-68.45561218261719,176.48233872508177,-222.43315872864997,-68.46696881691282,0.2496474139533474,0.34582470460670517,0.05487801987708655,3.546983723191291e-05,18.790326416552663,24.903523766669405,nan,0.10596606012335408,nan
487.53000000000003,176.3547821044922,-222.65109252929688,-68.4570541381836,176.48988385034627,-222.44132920635246,-68.46853998407265,0.24977001029204998,0.34587303685279014,0.05489968468399695,3.618010027114828e-05,18.763803540738365,25.459261080818756,nan,nan,nan
487.54,176.3625030517578,-222.65953063964844,-68.45846557617188,176.49742702325577,-222.44949168537016,-68.46968744681436,0.2498935188831613,0.34592145558885334,0.05492141438460622,3.545101823734029e-05,18.63519786647769,24.715730075962842,nan,0.10771703932759762,nan
487.55,176.3702392578125,-222.66796875,-68.45984649658203,176.55498386266234,-222.4805389943232,-68.47127914468113,0.2634220715443981,0.3458557135486213,0.05491563050308846,3.613881917135582e-05,18.315691186706513,23.94115680484979,23.631496930933217,nan,nan
487.56,176.37799072265625,-222.6763916015625,-68.4612045288086,176.56259633282124,-222.48872719703215,-68.47135067578714,0.2634389954631459,0.34590392587200325,0.05493735678047299,3.541194673862282e-05,17.568922606331274,23.80283479948634,nan,1.3808666288623375,nan
487.57,176.38572692871094,-222.68482971191406,-68.46253204345703,176.57025221103893,-222.49694169955478,-68.47279721392526,0.26354669174795164,0.34595222633014383,0.054959149077331015,3.612104947305125e-05,17.544913744248078,22.86652185507119,nan,nan,nan
487.58,176.39349365234375,-222.69325256347656,-68.46383666992188,176.57795740913463,-222.50518631900542,-68.47592237497076,0.26370789549312446,0.34600061328747,0.05498100655874382,3.539544378003498e-05,18.71751015240319,24.941475742134028,nan,2.0047259443512666,nan
487.59000000000003,176.40126037597656,-222.70169067382812,-68.4651107788086,176.58562857217177,-222.51339992829386,-68.47733496162424,0.26380763307310273,0.34604908861879907,0.05500293030375889,3.6104455843170555e-05,18.69501338953898,24.313074798314965,nan,nan,nan
487.6,176.40902709960938,-222.71011352539062,-68.46636199951172,176.62090237562188,-222.529880420962,-68.47850726208429,0.2784288273873801,0.34598330137166516,0.05499704612637716,3.5358696808402166e-05,19.01380288243047,24.444288084759485,7.16736893362922,0.05164842070051867,nan
487.61,176.41680908203125,-222.7185516357422,-68.46759033203125,176.62863733061405,-222.53810272820874,-68.47986942393523,0.27853867096986534,0.3460315699717013,0.05501896553148239,3.606677039720984e-05,18.98833734595286,24.09219518248186,nan,nan,nan
487.62,176.42459106445312,-222.7269744873047,-68.46879577636719,176.63633372631494,-222.54629213259588,-68.47922010475605,0.2785493399342512,0.3460799250711045,0.05504095039612901,3.534438885998513e-05,17.84689382112935,23.28575562033886,nan,2.734455292475924,nan
487.63,176.43238830566406,-222.73541259765625,-68.469970703125,176.6440833338781,-222.55451359177485,-68.48051545753395,0.2786582622944463,0.34612836835610583,0.05506300163558952,3.605243617913559e-05,17.822575054797106,22.94249309155049,nan,nan,nan
487.64,176.440185546875,-222.74383544921875,-68.47112274169922,176.633444829305,-222.58545321250492,-68.48133879729929,0.25007689006355904,0.3456639560317506,0.05430152750788757,3.5329350157461965e-05,19.217624337805095,24.66830508832873,nan,0.1193542357393059,0.6590471952971858
487.65000000000003,176.447998046875,-222.7522735595703,-68.47225189208984,176.6320451564943,-222.5874034344049,-68.482518995851,0.24730731924252303,0.3455972823944894,0.05429657065352683,3.6015180178513236e-05,19.55890328645012,24.526086831791346,2.120995145079774,nan,nan
487.66,176.455810546875,-222.7606964111328,-68.4733657836914,176.63979486232134,-222.59557344491586,-68.4820178316782,0.24736750036516392,0.345644499978128,0.054315314791000165,3.529588287795935e-05,18.709857950167653,24.01515150164689,nan,2.063802508383891,nan
487.67,176.46363830566406,-222.7691192626953,-68.47444915771484,176.6475430847087,-222.6038253456046,-68.48320266199701,0.2474260912269864,0.345691803726377,0.05433412116655839,3.6003039817737595e-05,18.673961551310885,24.135462484848624,nan,nan,nan
487.68,176.47146606445312,-222.77755737304688,-68.47551727294922,176.6552953239387,-222.61210237660993,-68.48491469018605,0.24750124027909362,0.34573919371157513,0.0543529835238067,3.5284712790470564e-05,19.00777016265134,23.90945763231742,nan,0.20857464045126606,nan
487.69,176.47930908203125,-222.78598022460938,-68.4765625,176.66305706179,-222.62035369491747,-68.48606384813223,0.24755957468766052,0.3457866701535969,0.054371908244302866,3.5991922628130154e-05,18.969875405575763,24.489661880339057,nan,nan,nan
487.7,176.48715209960938,-222.79440307617188,-68.47758483886719,176.7218873079939,-222.63940979252436,-68.4864085139423,0.28142742096853457,0.34571997735325494,0.05436690748822293,3.5253250882800065e-05,19.95197588326278,24.141150315083408,35.78632640892431,0.3895069379790887,nan
487.71000000000004,176.4949951171875,-222.80284118652344,-68.47858428955078,176.72976292846747,-222.64765637557957,-68.48750992583375,0.28156334588139226,0.345767250263943,0.05438583841100759,3.595966137572424e-05,19.921035123755438,23.614150272309313,nan,nan,nan
487.72,176.5028533935547,-222.81126403808594,-68.47956848144531,176.7376500579598,-222.6558645756279,-68.48772749339979,0.28168250926190896,0.34581460932256547,0.05440482589947015,3.5243972194058765e-05,19.553852114151514,23.799800123923934,nan,0.5203633931271896,nan
487.73,176.51071166992188,-222.81968688964844,-68.48052978515625,176.74553895075408,-222.6641106272329,-68.48878226011001,0.2818083188855473,0.34586205476139725,0.05442387568581904,3.5950485850316684e-05,19.519289571830182,23.693278237771544,nan,nan,nan
487.74,176.51858520507812,-222.82810974121094,-68.48147583007812,176.75343761304012,-222.67233040883215,-68.48921421535087,0.2819268283235149,0.3459095866341786,0.05444298247406248,3.5235602071306754e-05,19.28382912902374,23.592524555812442,nan,0.25445001487408836,nan
487.75,176.52645874023438,-222.8365478515625,-68.4823989868164,176.75976301664105,-222.67537257872758,-68.49020136566055,0.28367099090086745,0.3458428744934403,0.0544379404005372,3.592014733282119e-05,19.928338268143467,23.359207191911878,3.1735890509907434,nan,nan
487.76,176.5343475341797,-222.844970703125,-68.48330688476562,176.76767708353967,-222.68358965501093,-68.49099582992177,0.2838056397828269,0.34589020264551273,0.05445705298512577,3.520687995732538e-05,19.873344170461408,23.846896413549086,nan,0.027811664443744655,nan
487.77,176.542236328125,-222.8533935546875,-68.48419189453125,176.7755961661373,-222.6918148599466,-68.49197067836688,0.28394541389017086,0.3459376171001804,0.05447622782281603,3.591278277164617e-05,19.840011370318656,23.750486839522527,nan,nan,nan
487.78000000000003,176.5501251220703,-222.86181640625,-68.48506164550781,176.78352091494835,-222.70004319373086,-68.49301212480144,0.2840904407806255,0.34598511789984776,0.05449546020687806,3.520022336022143e-05,19.91218341357115,23.751156566595824,nan,0.004867365025052609,nan
487.79,176.5580291748047,-222.8702392578125,-68.48591613769531,176.79145225133524,-222.70826794744278,-68.49395430737165,0.2842281657605742,0.3460327052938504,0.05451475499746029,3.590628695057599e-05,19.876745305735188,23.85752897998895,nan,nan,nan
487.8,176.56593322753906,-222.878662109375,-68.48675537109375,176.82058591737547,-222.72841954916413,-68.49561178820971,0.29580273065637036,0.3459659734357391,0.054509663078562885,3.517319057072267e-05,19.802891725300352,23.937588348140974,6.429322494707776,0.5053666227697583,nan
487.81,176.57383728027344,-222.8870849609375,-68.4875717163086,176.8285577854252,-222.73667222047328,-68.49652809820223,0.295950578670413,0.34601335692149765,0.05452896293240969,3.587855824406667e-05,19.76952607578795,23.8364882720232,nan,nan,nan
487.82,176.58175659179688,-222.8955078125,-68.4883804321289,176.8365388319235,-222.74490419976377,-68.49689939127093,0.29608784290815704,0.34606082666328114,0.05454832085011694,3.5168124194546404e-05,19.557675009404758,23.759898677765918,nan,0.19602452998359948,nan
487.83,176.5896759033203,-222.9039306640625,-68.48916625976562,176.8445221805158,-222.75315612402431,-68.49777958251266,0.29623263873664424,0.34610838292039786,0.05456774116001115,3.58736910204392e-05,19.5228995219658,23.659259674894567,nan,nan,nan
487.84000000000003,176.5976104736328,-222.912353515625,-68.48993682861328,176.85250531180358,-222.7614411401393,-68.49954646482152,0.29637521608409056,0.34615602572022874,0.054587219943016754,3.516382020607374e-05,20.041253747094412,24.299653566858307,nan,0.5685527228278541,nan
487.85,176.6055450439453,-222.9207763671875,-68.49069213867188,176.8592971923177,-222.76820960044046,-68.50031731245188,0.29624215616544197,0.3460892739520883,0.05458207924159861,3.5847562445237815e-05,20.133681036095638,24.222357294544867,0.509154483284562,nan,nan
487.86,176.6134796142578,-222.92919921875,-68.4914321899414,176.86729547414083,-222.77646497707983,-68.50142322758224,0.2963951081577768,0.34613671264755985,0.05460156261138686,3.513906624096241e-05,20.35136414358062,24.383880112604178,nan,0.048221567493412304,nan
487.87,176.62136840820312,-222.9376220703125,-68.49215698242188,176.87527675457875,-222.78471069103796,-68.50225543170698,0.296569244779041,0.34618423777814866,0.05462110837732886,3.5844198794299216e-05,20.318508302927487,24.33577699855138,nan,nan,nan
487.88,176.62916564941406,-222.946044921875,-68.49287414550781,176.8831877229019,-222.7929516765219,-68.50294278596994,0.2967593858878971,0.34623184936283974,0.054640713097728076,3.5136182261762036e-05,20.32264381605531,24.464001667043238,nan,0.012083253139995026,nan
487.89,176.6368408203125,-222.9544677734375,-68.49356842041016,176.89098506768087,-222.80119708076614,-68.50374684145736,0.2969592631278036,0.3462795476736388,0.05466038039352182,3.584155539029037e-05,20.292349229324877,24.48707889695521,nan,nan,nan
487.90000000000003,176.64451599121094,-222.962890625,-68.4943618774414,176.91550055256525,-222.81723123122336,-68.5047260949162,0.3078257761975615,0.34621277561727065,0.054655185278822495,3.653833332885722e-05,20.17944682828459,24.362564692789928,3.4652362030074686,nan,nan
487.91,176.65220642089844,-222.9713134765625,-68.4952392578125,176.92327354311496,-222.82549235814864,-68.50566348344755,0.3079770247961804,0.3462602696284532,0.054674856423033984,3.727155040834524e-05,20.11568794624455,24.385971789113352,nan,nan,nan
487.92,176.659912109375,-222.979736328125,-68.49620056152344,176.93104930830933,-222.83378054567768,-68.50752017556765,0.30813406942087845,0.346307849999903,0.05469458685265273,3.64783661883203e-05,20.673108117641572,25.047159260874523,nan,0.44602110626288366,nan
487.93,176.66761779785156,-222.9881591796875,-68.49726104736328,176.9388390729215,-222.8420415422998,-68.50864525633445,0.30828711328925873,0.34635551702094236,0.05471438001405365,3.7210129953441594e-05,20.604146016834324,24.898855912321448,nan,nan,nan
487.94,176.67532348632812,-222.99658203125,-68.49839782714844,176.94665763573954,-222.85020917628617,-68.50691362160114,0.3084149024645851,0.34640327069000876,0.054734232856751316,3.642046821642345e-05,19.073587394069698,23.301993006032326,nan,5.6458212354816055,nan
487.95,176.68304443359375,-223.00498962402344,-68.49962615966797,176.94403210491575,-222.84745861058192,-68.50824086692896,0.30496688010205725,0.346336478001965,0.0547289798970989,3.712727023415933e-05,20.014540285478905,24.192207845326518,7.293953927705476,nan,nan
487.96000000000004,176.69078063964844,-223.01341247558594,-68.50093841552734,176.9518459319517,-222.8556622305619,-68.50886044303502,0.3051278177589967,0.3463840271686633,0.054748836050362105,3.634202854743653e-05,19.704731103416968,23.53668932707336,nan,0.35694883476972944,nan
487.97,176.69851684570312,-223.02183532714844,-68.50233459472656,176.95966257770206,-222.8638882125388,-68.5102966733804,0.3052994907484477,0.34643166290137484,0.05476875496070564,3.70702191448839e-05,19.650654104800445,23.40698486228507,nan,nan,nan
487.98,176.7062530517578,-223.03025817871094,-68.5038070678711,176.96749068529743,-222.87209808402824,-68.51128137375079,0.30547599247044865,0.34647938519454036,0.05478873399644888,3.628830124061211e-05,19.443182124236596,23.154221059391965,nan,0.1881021882775102,nan
487.99,176.71400451660156,-223.03868103027344,-68.50537109375,176.97532257223622,-222.8803235473707,-68.51287913688998,0.3056478190724813,0.34652719434362933,0.05480877598244473,3.701528816280288e-05,19.38936376937756,23.17034665937208,nan,nan,nan
488.0,176.72177124023438,-223.04710388183594,-68.50701141357422,177.01117279433092,-222.89321789306348,-68.51459292631398,0.32785917158041267,0.34646038058490786,0.05480346047828516,3.621420003450095e-05,20.336972456803366,23.777495012263724,11.914510983362144,0.009040468200444903,nan
488.01,176.7295379638672,-223.05551147460938,-68.50872802734375,177.019075782741,-222.90143696260014,-68.51635353511756,0.3280689747261919,0.3465079850276283,0.0548235050074838,3.693915072663869e-05,20.286188777430638,24.118104584811867,nan,nan,nan
488.02,176.73731994628906,-223.06393432617188,-68.51052856445312,177.0269863289783,-222.90965568757488,-68.51819435280062,0.32827926510609123,0.34655567602015946,0.054843611240485576,3.7678584210965724e-05,20.235625938776003,23.696923880445958,nan,nan,nan
488.03000000000003,176.74510192871094,-223.07235717773438,-68.51240539550781,177.03490406744882,-222.91787404262803,-68.52011433799848,0.3284961893898641,0.3466034537070015,0.054863779321790686,3.8432644987682045e-05,20.186721804408556,23.605685174755756,nan,nan,nan
488.04,176.7528839111328,-223.08078002929688,-68.51435089111328,177.0428289797835,-222.92609212383644,-68.52211263745872,0.32871984369204676,0.3466513182326547,0.054884009395899325,3.9201477556987654e-05,20.142127239925685,23.558196161232395,nan,nan,nan
488.05,176.76068115234375,-223.0891876220703,-68.5163803100586,177.051057554611,-222.9399696508689,-68.52410496696994,0.32656412578164457,0.34658448317472157,0.054878630362917624,3.995808708559428e-05,19.34411132565057,23.60520966372295,3.9466564382960576,nan,nan
488.06,176.76849365234375,-223.0976104736328,-68.5184555053711,177.05899763686486,-222.9481763299731,-68.52498427804997,0.3267502917927425,0.3466321426955087,0.05489886113075547,3.899021012195841e-05,18.90709200517731,22.800264943961462,nan,0.8926466676018189,nan
488.07,176.77630615234375,-223.1060333251953,-68.52052307128906,177.0669357787398,-222.95641510833568,-68.52712909367557,0.32694774825213,0.346679888913684,0.05491915514959013,3.976810077675115e-05,18.87485934060923,22.74675476523686,nan,nan,nan
488.08,176.78411865234375,-223.11444091796875,-68.52257537841797,177.07487756270766,-222.96466522954,-68.52973684347614,0.32714643110095226,0.34672772179399364,0.054939510308588034,3.881181557106833e-05,19.060975153967437,23.301018685620537,nan,0.12729189487102344,nan
488.09000000000003,176.7919464111328,-223.12286376953125,-68.52459716796875,177.0828294967899,-222.97290311779227,-68.531853208174,0.3273435759425186,0.3467756416600194,0.05495992891809766,3.958513368761704e-05,19.03332393743137,22.906085745226378,nan,nan,nan
488.1,176.79977416992188,-223.13128662109375,-68.5265884399414,177.1244880536139,-222.9957204315234,-68.53455737555113,0.3519670466843917,0.3467087847383977,0.05495448062400781,3.861487678783659e-05,19.192857290979987,23.261845516624653,10.23344772149937,0.25761013201228045,nan
488.11,176.8076171875,-223.1396942138672,-68.52853393554688,177.1325066682559,-223.00398510333602,-68.53661271041612,0.35218660393374784,0.3467564994776688,0.05497490040053562,3.938289079430849e-05,19.167168373085484,23.81680009914362,nan,nan,nan
488.12,176.81546020507812,-223.1481170654297,-68.53044891357422,177.14053371672176,-223.01224377837127,-68.5383911162404,0.3524165386181182,0.3468043007934656,0.054995381712713405,3.8449809555507805e-05,19.114521915017118,23.209272004801164,nan,0.03377060715203712,nan
488.13,176.8233184814453,-223.15652465820312,-68.5323257446289,177.14856566093616,-223.02050754352592,-68.540371254027,0.3526345324458956,0.3468521890056072,0.05501592653723481,3.921377043012041e-05,19.086338408138058,23.728238106105557,nan,nan,nan
488.14,176.83116149902344,-223.16494750976562,-68.5341567993164,177.15659834837095,-223.028788132101,-68.54308425553211,0.3528855600810782,0.34690016408426777,0.05503653325984099,3.8291047773187326e-05,19.48191988398877,23.55841245954308,nan,0.3477243591719063,nan
488.15000000000003,176.8390350341797,-223.17335510253906,-68.53596496582031,177.17031634228172,-223.0377620213759,-68.54512442915996,0.3580735741796461,0.34683328505996996,0.05503101418958142,3.902565034249431e-05,19.75340462980123,24.323292978230544,1.1370523400656252,nan,nan
488.16,176.84690856933594,-223.18177795410156,-68.53772735595703,177.1783768064694,-223.04602804375222,-68.54726082554798,0.3583156672972361,0.3468810547978665,0.05505162143563357,3.8114106363688895e-05,19.952683535498988,24.047254618406146,nan,0.038133473286620985,nan
488.17,176.8547821044922,-223.190185546875,-68.53945922851562,177.18644512329433,-223.05428833838255,-68.54911155782696,0.3585548448677388,0.34692891134177894,0.05507229227355471,3.886969241993064e-05,19.92776721479459,24.43974821889712,nan,nan,nan
488.18,176.86265563964844,-223.1986083984375,-68.54115295410156,177.1945273859243,-223.06252497415142,-68.54979488651797,0.3587927498396524,0.34697685466656786,0.055093025370248794,3.796773962535334e-05,19.462999795350278,23.490991283590358,nan,0.7685524418106418,nan
488.19,176.87054443359375,-223.20701599121094,-68.54281616210938,177.20260743998094,-223.07078453329103,-68.5515678327332,0.3590284697298921,0.3470248850852234,0.05511382228409228,3.8719958460207034e-05,19.436816504627625,23.98854877419871,nan,nan,nan
488.2,176.87844848632812,-223.21543884277344,-68.54444122314453,177.1880800921995,-223.06371379002138,-68.55208668168726,0.3448922672711416,0.3469579833539536,0.05510822727280412,3.780337888316416e-05,19.83804470057659,23.40519929173178,9.514893885012837,0.7522703735990891,nan
488.21000000000004,176.88633728027344,-223.22384643554688,-68.5460433959961,177.19614430684015,-223.0719334661168,-68.55378260478982,0.3451345235468695,0.34700580821194915,0.05512902390431312,3.855148813752045e-05,19.810165353427582,23.632496340516905,nan,nan,nan
488.22,176.8942413330078,-223.2322540283203,-68.547607421875,177.20423550428794,-223.08009594374775,-68.55243642548069,0.34535747885960955,0.3470537197648991,0.055149883133482645,3.7668779365911494e-05,18.839839907756023,22.765894142412446,nan,5.510071970127197,nan
488.23,176.90216064453125,-223.2406768798828,-68.54914093017578,177.21231122217503,-223.08831503374236,-68.55404159460039,0.3455886709426405,0.3471017183203356,0.05517080628304724,3.841393838028554e-05,18.811881658003564,22.37907470527805,nan,nan,nan
488.24,176.9100799560547,-223.24908447265625,-68.55064392089844,177.22039276148797,-223.09653312267105,-68.55558744179697,0.34581843501620513,0.34714980386110295,0.055191792370993045,3.753975044734887e-05,18.80192309873195,22.770433708300818,nan,0.0005340759085484044,nan
488.25,176.91799926757812,-223.2574920654297,-68.55211639404297,177.22799657819513,-223.0957427949069,-68.55704255794934,0.3496933316425469,0.3470828791402161,0.055186119176447515,3.8257780056219816e-05,19.969095983350183,23.29929211146991,8.469130276495255,nan,nan
488.26,176.92591857910156,-223.2659149169922,-68.55355834960938,177.23609816214687,-223.10393376352607,-68.55892666183203,0.3499686937320199,0.34713075890002887,0.05520710428064671,3.7392879098175735e-05,20.074311668363745,22.987767779168284,nan,0.08379569511973423,nan
488.27,176.93385314941406,-223.27432250976562,-68.55496978759766,177.244207905109,-223.1121181217623,-68.5604179157745,0.35022852535255067,0.34717872557011864,0.055228153420716755,3.8131761780089406e-05,20.04824669734908,23.454581782227883,nan,nan,nan
488.28000000000003,176.94180297851562,-223.28273010253906,-68.55635833740234,177.2523243400945,-223.12029955932627,-68.56172287748203,0.3504796365774622,0.34722677913940336,0.055249265811196845,3.727471862787144e-05,20.007619628018038,23.471042456779937,nan,0.015683960736277546,nan
488.29,176.94973754882812,-223.2911376953125,-68.5577163696289,177.2604450925436,-223.12848341158224,-68.56315831557752,0.3507494953855397,0.3472749199064902,0.05527044248206906,3.801119820334605e-05,19.981515721312366,23.32629509646961,nan,nan,nan
488.3,176.9576873779297,-223.299560546875,-68.55905151367188,177.24132688446073,-223.13446857031127,-68.56563329644159,0.32825302779307586,0.347207971574131,0.055264686513936435,3.7138781215075806e-05,19.246667464807828,22.63918068251819,13.551582070333623,0.6284883146708455,nan
488.31,176.9656524658203,-223.30796813964844,-68.56035614013672,177.24940121372867,-223.14266550841884,-68.56702736545441,0.3284551979771816,0.3472559063335248,0.055285861381779634,3.787210103142971e-05,19.21966070486708,23.18059801002905,nan,nan,nan
488.32,176.97360229492188,-223.31637573242188,-68.56163024902344,177.2574790505085,-223.15086537171663,-68.5686019729468,0.32867658389004106,0.34730392790558634,0.055307099794915215,3.7030890346383855e-05,19.322425781211358,23.125702046077556,nan,0.026618513928984646,nan
488.33,176.9815673828125,-223.3247833251953,-68.5628890991211,177.26556324142436,-223.15906181490826,-68.56994807908946,0.3288876645280334,0.3473520365823681,0.05532840262064437,3.776213876897914e-05,19.29427194969612,23.145333369790517,nan,nan,nan
488.34000000000003,176.9895477294922,-223.33319091796875,-68.56411743164062,177.2736638956947,-223.16723373252617,-68.5695851036296,0.329080049128812,0.3474002323624359,0.055349769316183045,3.692786050691512e-05,18.748666394806246,22.739266854894723,nan,1.7961529930231002,nan
488.35,176.9975128173828,-223.34161376953125,-68.56532287597656,177.28795331211148,-223.17383345279822,-68.57093206642297,0.33546591284172944,0.34733326009162807,0.05534392782370082,3.763366499256108e-05,19.310075604111503,22.429412833537107,2.0734082838573378,nan,nan
488.36,177.0054931640625,-223.3500213623047,-68.56649780273438,177.29607317288142,-223.18200748887594,-68.57139522771249,0.33569240080935975,0.3473812496375237,0.05536529196396498,3.680705312401442e-05,19.091495508422064,22.77391175456633,nan,0.403747766291882,nan
488.37,177.0134735107422,-223.35842895507812,-68.56765747070312,177.30419238688296,-223.19019199474732,-68.57262394187454,0.33592529765082896,0.34742932619434186,0.05538672065716287,3.7533688706096446e-05,19.06313544051876,22.655126803583578,nan,nan,nan
488.38,177.02146911621094,-223.36683654785156,-68.56879425048828,177.31231078291182,-223.1983870046209,-68.57465954057983,0.3361525328356482,0.3474774897675486,0.05540821349417204,3.671343884020987e-05,19.308600885211046,23.016661361426507,nan,0.4402337761773466,nan
488.39,177.0294647216797,-223.375244140625,-68.56990051269531,177.3204394397084,-223.20657122574303,-68.57585230353783,0.3363811269392172,0.34752574063901065,0.0554297711429728,3.743843446357471e-05,19.283599733569243,23.017608985463923,nan,nan,nan
488.40000000000003,177.03746032714844,-223.38365173339844,-68.57099151611328,177.32700001465784,-223.21277557468275,-68.57699593148125,0.33625577357776687,0.3474587438628469,0.05542384016789788,3.81536973038343e-05,19.467586080390035,23.004179211221413,0.2327621951878175,nan,nan
488.41,177.04547119140625,-223.39205932617188,-68.57205963134766,177.3351374265828,-223.22095365026766,-68.57814580998709,0.33648286984396136,0.3475067882671281,0.05544539442519511,3.89067577118387e-05,19.440614278075145,23.097126988296232,nan,nan,nan
488.42,177.053466796875,-223.4004669189453,-68.57310485839844,177.34328706124407,-223.22911822099783,-68.57811981196808,0.3367214155448975,0.34755491959492724,0.05546701306834623,3.799940500412571e-05,19.11734742843302,22.62098968574978,nan,0.7969057785158156,nan
488.43,177.06149291992188,-223.40887451171875,-68.57412719726562,177.3514337354715,-223.2372959820547,-68.57921794770901,0.33694329508588317,0.34760313813193944,0.05548869669335268,3.874913553259602e-05,19.08998798135069,22.864059184732792,nan,nan,nan
488.44,177.0695037841797,-223.4172821044922,-68.57513427734375,177.35957538403673,-223.24548998063,-68.58179728691454,0.33719202624209105,0.3476514438836174,0.05551044501877007,3.785170381809852e-05,19.560782837364297,23.12189222364192,nan,1.3554494274754982,nan
488.45,177.07752990722656,-223.42568969726562,-68.57611846923828,177.39649048852522,-223.27013933449086,-68.58293200761469,0.3549340672391733,0.34758442209764495,0.055504420999414834,3.8573675162907154e-05,18.961292676238735,23.073065430631104,10.040927781931426,nan,nan
488.46000000000004,177.08555603027344,-223.43409729003906,-68.57708740234375,177.40469515880724,-223.2783470278993,-68.58329136746772,0.3551709682690652,0.3476325211498061,0.0555261651368809,3.768688377494934e-05,18.74477953246436,22.805776782458462,nan,0.29490135078616586,nan
488.47,177.0935821533203,-223.4425048828125,-68.57803344726562,177.41289952365247,-223.28656161543955,-68.58432251749751,0.3554172731300162,0.3476807073152433,0.055547974409067905,3.842964768050457e-05,18.71870469773474,22.77914293553622,nan,nan,nan
488.48,177.1016082763672,-223.45091247558594,-68.5789566040039,177.42110096044215,-223.2947869701297,-68.58647202331183,0.3556785489156732,0.3477289806082137,0.05556984862927062,3.75519619877309e-05,19.159844333422118,23.233670924795074,nan,0.7898376997820087,nan
488.49,177.10964965820312,-223.45932006835938,-68.57986450195312,177.42931364315547,-223.30300096307388,-68.58747843533781,0.35591951047175535,0.3477773413013595,0.05559178825202339,3.829201754071353e-05,19.135423113068608,23.270932134110513,nan,nan,nan
488.5,177.11769104003906,-223.4677276611328,-68.58075714111328,177.41288328450054,-223.3070766736422,-68.58682085127124,0.33613088158155296,0.3477102939269199,0.055585667489113394,3.73999310401156e-05,17.91466443213853,22.221052874252567,8.185065565433025,1.8803479234575182,nan
488.51,177.12574768066406,-223.47613525390625,-68.58162689208984,177.42105634563035,-223.3152936718907,-68.58777775124959,0.3363258169957253,0.34775844768088454,0.055607602064232146,3.8136536307061195e-05,17.888378022242495,22.3621048227855,nan,nan,nan
488.52,177.1337890625,-223.4845428466797,-68.58248901367188,177.42921699606524,-223.323533779966,-68.59143656246083,0.33657338297014694,0.3478066884745862,0.055629601823335005,3.7277001493642235e-05,19.009765236739867,23.231518298663556,nan,4.587956919309166,nan
488.53000000000003,177.141845703125,-223.49295043945312,-68.58332061767578,177.43739819842102,-223.33175061842385,-68.59238729461126,0.3367771732261946,0.3478550165720924,0.0556516671464248,3.801127234733378e-05,18.9899282374827,23.45106334093414,nan,nan,nan
488.54,177.14990234375,-223.5013427734375,-68.58414459228516,177.44558780538304,-223.3399613463965,-68.59258326477305,0.33696449131665257,0.34790343200037904,0.0556737979583357,3.715972229155447e-05,18.707234801245352,23.524974382112028,nan,0.34123777699354274,nan
488.55,177.157958984375,-223.50975036621094,-68.58495330810547,177.45070936783634,-223.33148673688416,-68.59351944371967,0.34286161528651327,0.3478363586329592,0.05566757715867601,3.786812629631379e-05,20.650373966753193,23.95429603888872,20.9909171913996,nan,nan
488.56,177.16603088378906,-223.51815795898438,-68.58573913574219,177.45890821547746,-223.339657053693,-68.5960177670693,0.3431404302449892,0.34788456688390645,0.055689702086046344,3.70252579985065e-05,21.533775199469112,25.009055994295668,nan,1.6133724251164843,nan
488.57,177.17410278320312,-223.5265655517578,-68.58650970458984,177.46712047753454,-223.3478153060699,-68.59691599248097,0.34339381233863525,0.34793286234183757,0.05571189274206656,3.775443998696892e-05,21.516452422944386,24.96029183812841,nan,nan,nan
488.58,177.1821746826172,-223.53497314453125,-68.58727264404297,177.47533652188295,-223.3559734646596,-68.59779752257913,0.34365029094130023,0.3479812450420182,0.05573414910928241,3.691887305752343e-05,21.616641618338647,24.983170036715443,nan,2.864230122365863e-06,nan
488.59000000000003,177.19024658203125,-223.5433807373047,-68.5880126953125,177.4835561238673,-223.36413152214593,-68.59866681628854,0.3439102771957695,0.3480297152362053,0.055756471481391845,3.764620556734819e-05,21.599609037654872,25.000955458363077,nan,nan,nan
488.6,177.19833374023438,-223.55177307128906,-68.5887451171875,177.48556908858745,-223.37513934177395,-68.59985406963953,0.3373826145054243,0.3479626152229836,0.055750146883900176,3.679523782898376e-05,21.289628183450137,25.46428864128039,2.9444850105118365,0.11254922981448877,nan
488.61,177.2064208984375,-223.5601806640625,-68.58956146240234,177.4937787727804,-223.3833117514048,-68.60075058151882,0.3376127316885228,0.348010877994561,0.055772462489980267,3.7519959042734263e-05,21.239569527230675,24.990305831740134,nan,nan,nan
488.62,177.21450805664062,-223.56858825683594,-68.59046936035156,177.50200395669114,-223.39147147188476,-68.5996032619425,0.3377982774017241,0.34805922791916133,0.055794844020439785,3.6699040481492936e-05,20.143378520749295,23.85368679727536,nan,2.9211906852886833,nan
488.63,177.22259521484375,-223.57699584960938,-68.59146118164062,177.51022049893118,-223.39964333708028,-68.60065976513098,0.33803377299463017,0.34810766524057735,0.0558172917253779,3.742220330487777e-05,20.098694239945875,23.826733064682898,nan,nan,nan
488.64,177.23069763183594,-223.58538818359375,-68.59254455566406,177.4204795071889,-223.41058005040097,-68.60141636007056,0.25817388046868883,0.34042620152768455,0.055833638778439235,3.660631804910492e-05,20.699653497195396,24.963137541644816,nan,0.0780778094784156,1.2414942409268332
488.65000000000003,177.23878479003906,-223.5937957763672,-68.59371948242188,177.43823971967132,-223.42086300422952,-68.60266546602548,0.26413641031948365,0.34035394143877545,0.055827319116214955,3.7304984758870233e-05,20.953712926745478,24.44182689169374,1.6005354965466616,nan,nan
488.66,177.24688720703125,-223.60220336914062,-68.594970703125,177.4464556275125,-223.42909869679121,-68.6039816901576,0.2643368682758457,0.3403972263806406,0.05584953866837981,3.8040188983128376e-05,20.904043794172992,24.58649104881571,nan,nan,nan
488.67,177.2550048828125,-223.610595703125,-68.5963134765625,177.45467478594134,-223.4373341237213,-68.60538356063866,0.26451826314658694,0.3404405969395898,0.05587181789506712,3.878994610185341e-05,20.848454016642773,25.043945961676858,nan,nan,nan
488.68,177.2631072998047,-223.61900329589844,-68.59773254394531,177.4631073909021,-223.44555316078362,-68.60453336628315,0.2648230295778621,0.3404840397522438,0.05589415686172895,3.7889195697885776e-05,19.909866563551358,23.565356003362268,nan,3.278558051151531,nan
488.69,177.27122497558594,-223.62741088867188,-68.59923553466797,177.47133268904577,-223.4537878901584,-68.60608059104825,0.26501867367372844,0.3405275819693381,0.05591655586945107,3.863583911899492e-05,19.862774693273415,23.635959001044803,nan,nan,nan
488.7,177.27932739257812,-223.63580322265625,-68.60082244873047,177.44319257794305,-223.44391856289863,-68.60462804985953,0.2523608611194146,0.3404554167217731,0.05591013980803853,3.7721371880213276e-05,19.535575336630593,23.202187055836724,12.292350010007786,5.968258684365383,nan
488.71000000000004,177.28744506835938,-223.6442108154297,-68.60248565673828,177.45137365534404,-223.45211517128777,-68.60631042873031,0.2525627585569138,0.34049877580418575,0.055932527930861085,3.8464168000951336e-05,19.49434825077921,22.95747855599859,nan,nan,nan
488.72,177.2955780029297,-223.65260314941406,-68.60423278808594,177.45986997526143,-223.46028980387294,-68.6044868947604,0.2529354455509832,0.3405422081506954,0.05595497606326714,3.7583708836507356e-05,19.075133601133327,23.06706047664344,nan,7.853969567917374,nan
488.73,177.30369567871094,-223.6610107421875,-68.6060562133789,177.46805706362713,-223.4684853272256,-68.60629484693034,0.2531417729332497,0.3405857387398325,0.055977484468233814,3.832380770858737e-05,19.03780094699984,22.442106243757795,nan,nan,nan
488.74,177.31182861328125,-223.66941833496094,-68.60795593261719,177.47618050760641,-223.47668463656262,-68.60895926610263,0.2532959343231656,0.34062934339691964,0.05600005317929276,3.745230933274736e-05,19.02544738897769,22.604548457662958,nan,0.37188180450257774,nan
488.75,177.3199462890625,-223.6778106689453,-68.60993957519531,177.46632037862207,-223.4813056619428,-68.61084373340705,0.24503144568304625,0.3405572981298169,0.05599353794197968,3.8165841631988804e-05,18.48757613739256,22.50899653308419,6.138561795349032,nan,nan
488.76,177.3280792236328,-223.68621826171875,-68.61199188232422,177.4745766146009,-223.48949446897885,-68.61168739239224,0.2452790837078146,0.3406007200143529,0.05601609514827415,3.730398869973549e-05,18.430402418693237,22.29302947388349,nan,0.8979526171228633,nan
488.77,177.33621215820312,-223.69461059570312,-68.61408233642578,177.48273441895103,-223.49768916921983,-68.61378201215405,0.24545246239865198,0.34064423904584773,0.056038712858396164,3.8038318861144354e-05,18.390190202161193,22.70507921871588,nan,nan,nan
488.78000000000003,177.3443603515625,-223.7030029296875,-68.61617279052734,177.49091031025762,-223.50588260540306,-68.61571211528766,0.24562883556541262,0.340687833056323,0.056061391135452374,3.718465348313868e-05,18.35287735928732,22.849402518227862,nan,0.021506626942611077,nan
488.79,177.3524932861328,-223.71141052246094,-68.61824798583984,177.49907375431727,-223.51407653328837,-68.61781604651762,0.24581847674149465,0.34073152402010165,0.056084130199355146,3.791682668607409e-05,18.31475229939895,22.08347681751068,nan,nan,nan
488.8,177.3606414794922,-223.7198028564453,-68.62029266357422,177.5165932847181,-223.5357136831518,-68.62120933231371,0.24126879109965157,0.34065957452092704,0.056077512756533346,3.7048323075763945e-05,16.972123171413603,22.143740243225057,13.67655049666195,0.9545456670708158,nan
488.81,177.36878967285156,-223.72821044921875,-68.6222915649414,177.52475040512638,-223.54394767941233,-68.62326958778053,0.24140728008307272,0.3407030820581047,0.05610023966226632,3.777758449265037e-05,16.934910560784918,21.773418815643222,nan,nan,nan
488.82,177.37693786621094,-223.73660278320312,-68.624267578125,177.53270169131386,-223.55219205503184,-68.62791652657803,0.24141872483337137,0.34074666542254806,0.056123027389144695,3.694024791783963e-05,17.22824712221661,22.298337354929945,nan,4.348511572139881,nan
488.83,177.3850860595703,-223.7449951171875,-68.6261978149414,177.54086401507058,-223.56042554974795,-68.62993014531811,0.2415504645715022,0.3407903447377784,0.05614587613467138,3.766767605661963e-05,17.196013341371355,22.34442140269274,nan,nan,nan
488.84000000000003,177.3932342529297,-223.75338745117188,-68.62808990478516,177.54897428698905,-223.56866136942142,-68.63260893820859,0.2416590680085674,0.3408341006074963,0.05616878599463796,3.6837467934516e-05,17.33917447774111,22.457945003198233,nan,0.3136602561545002,nan
488.85,177.40139770507812,-223.7617950439453,-68.62994384765625,177.5506863624823,-223.5676045477203,-68.63451607535418,0.24498562676162247,0.34076226689602707,0.056162063466275516,3.7539913537301023e-05,18.258329121784474,22.541253657662164,6.302435602882635,nan,nan
488.86,177.4095458984375,-223.7701873779297,-68.63175964355469,177.55886081046944,-223.57580867137622,-68.63647447222601,0.24515353174266943,0.34080583961101735,0.05618496051001347,3.671751134966494e-05,18.267469855762155,22.771035802733394,nan,0.0014972852248536623,nan
488.87,177.41770935058594,-223.77857971191406,-68.633544921875,177.5670414906725,-223.58401219964657,-68.63834976913412,0.24531549370143163,0.3408495073327511,0.05620791880290743,3.74407927659107e-05,18.238591853644675,22.850035122817165,nan,nan,nan
488.88,177.42587280273438,-223.78697204589844,-68.63529205322266,177.5752278526796,-223.59221525041903,-68.6401468117754,0.24548056747969785,0.34089325236910917,0.05623093845722064,3.662487752728091e-05,18.225626512369203,22.850317703118986,nan,0.0012164123480911631,nan
488.89,177.43405151367188,-223.7953643798828,-68.63700103759766,177.5834131897686,-223.60041818450713,-68.64195267208217,0.24563682147012322,0.340937092291591,0.05625401964645339,3.73467418926531e-05,18.19809878214022,23.08385148979924,nan,nan,nan
488.90000000000003,177.4422149658203,-223.80377197265625,-68.63867950439453,177.586633140442,-223.6118705926873,-68.64542125925361,0.24026693499860913,0.34086535468679935,0.05624718903340399,3.651494374045132e-05,18.079136470502405,22.657084021861063,4.180970325468498,1.8717099168576639,nan
488.91,177.45037841796875,-223.81216430664062,-68.64032745361328,177.59480087706842,-223.6200882825832,-68.6471775068042,0.2404120815159353,0.3409090108632925,0.0562702567224966,3.723461565388717e-05,18.054182469472117,23.022687120173696,nan,nan,nan
488.92,177.45855712890625,-223.820556640625,-68.64193725585938,177.60292898725277,-223.6283072237074,-68.64948592312162,0.24054116937651615,0.3409527450586427,0.05629338601426584,3.643174672861255e-05,18.317015159639727,23.5710091092765,nan,0.22218502160033257,nan
488.93,177.46673583984375,-223.82894897460938,-68.64351654052734,177.6111015241045,-223.63652448042086,-68.65118422071274,0.2406811793123951,0.3409965732788818,0.056316577070678636,3.715025036114762e-05,18.294633908913063,23.489513945630044,nan,nan,nan
488.94,177.47491455078125,-223.83734130859375,-68.64506530761719,177.6194680762958,-223.6447356355625,-68.65012423354898,0.24086979834359057,0.34104048017689903,0.05633983002084645,3.635298690292859e-05,17.375373736158757,22.530077273535223,nan,4.861548960712145,nan
488.95,177.48309326171875,-223.84573364257812,-68.6465835571289,177.62003112347767,-223.65598457762994,-68.65170467730722,0.23405749614934038,0.34096885433860386,0.0563328883792288,3.704766475872573e-05,16.57554224797851,22.264324690445154,5.958298653707504,nan,nan
488.96000000000004,177.49127197265625,-223.8541259765625,-68.6480712890625,177.6281788290162,-223.66421711081352,-68.65332595113287,0.23417189430395377,0.34101257768105736,0.0563561271352206,3.625668617055329e-05,16.58793311880047,22.256951189371534,nan,0.0010914042872078907,nan
488.97,177.49945068359375,-223.86251831054688,-68.64952850341797,177.63633156612892,-223.67244927790858,-68.65487801791866,0.23428877582388588,0.34105639423924866,0.05637942788351524,3.6972284280010425e-05,16.559326914254903,22.211288183270934,nan,nan,nan
488.98,177.5076446533203,-223.87091064453125,-68.65095520019531,177.64453177195983,-223.68068017469045,-68.65573060598444,0.23441100529994804,0.3411002901007117,0.05640279076072177,3.6186378830929106e-05,16.37385617375072,22.278371205057784,nan,0.29714362777988484,nan
488.99,177.51583862304688,-223.87930297851562,-68.65235900878906,177.6526889665628,-223.68891188589885,-68.65721989679828,0.23452166829629445,0.34114427912252954,0.05642621591786598,3.6901124530904534e-05,16.342500409143156,22.146687344646118,nan,nan,nan
489.0,177.52401733398438,-223.8876953125,-68.65373229980469,177.6808226885595,-223.7035991443239,-68.6590906528896,0.2418843324986787,0.3410727491934798,0.056419160258508565,3.6098376729373634e-05,16.686927549986137,21.98643117219902,4.204286316114128,0.11858824395233133,nan
489.01,177.53221130371094,-223.89608764648438,-68.65507507324219,177.689021100366,-223.71183856069834,-68.66052983804111,0.24200576935066093,0.3411165541232201,0.05644257050703069,3.6811475260751005e-05,16.65911795773097,22.210145050245952,nan,nan,nan
489.02,177.5404052734375,-223.90447998046875,-68.6563949584961,177.6970334356945,-223.7200803788032,-68.66487380533682,0.24208982867969453,0.34116043893174164,0.056466043114576585,3.6035895213423915e-05,17.805258711465463,23.281313648753915,nan,5.714413962063057,nan
489.03000000000003,177.54861450195312,-223.91287231445312,-68.65768432617188,177.70523616074252,-223.72831959304108,-68.66629032904605,0.24220675933590918,0.34120441616537156,0.0564895782279715,3.6748329583367604e-05,17.784469687945602,23.541153202938503,nan,nan,nan
489.04,177.5568084716797,-223.9212646484375,-68.65895080566406,177.71343715428077,-223.73655876307782,-68.66774451302304,0.24233476347599692,0.3412484738756363,0.05651317598998666,3.5977089976926556e-05,17.878166349090762,23.32725569924161,nan,0.002624885812683421,nan
489.05,177.5650177001953,-223.92965698242188,-68.66018676757812,177.72850880866818,-223.74772618010772,-68.66911584186904,0.244760878712372,0.3411770518349244,0.05650600333392273,3.666652607881967e-05,17.87284737772419,23.570612402595923,0.4099873842410066,nan,nan
489.06,177.57321166992188,-223.93804931640625,-68.66140747070312,177.7368734984117,-223.75596956683714,-68.6680969498462,0.24491422669782353,0.34122092556983274,0.05652958545925179,3.590031495178661e-05,16.905006052287188,22.22496363646986,nan,3.7415851371656665,nan
489.07,177.5814208984375,-223.94644165039062,-68.66259765625,177.7450953482833,-223.76421352035484,-68.66939375063922,0.2450359235043007,0.34126489104102536,0.05655323031371314,3.661077789406322e-05,16.87964982838101,22.48879021096962,nan,nan,nan
489.08,177.58963012695312,-223.95481872558594,-68.66376495361328,177.7533846839421,-223.77245721133133,-68.66957047545358,0.2451631719890411,0.34130893749401486,0.05657693804165027,3.584846701897769e-05,16.516078343404633,22.604989815982933,nan,0.8091567542745377,nan
489.09000000000003,177.59783935546875,-223.9632110595703,-68.66490936279297,177.7616105692775,-223.78070083607665,-68.67081084904248,0.24528721877027077,0.3413530756862081,0.05660070878758127,3.655850066365625e-05,16.488479876600373,22.038396666148117,nan,nan,nan
489.1,177.60604858398438,-223.9716033935547,-68.66603088378906,177.76794304013148,-223.79157571358263,-68.67004149309417,0.24214843686112822,0.341281748869837,0.05659341614384014,3.577848022976265e-05,15.552501259523494,21.374029441708874,1.7398991552479304,2.8708179121963235,nan
489.11,177.6142578125,-223.97999572753906,-68.66712951660156,177.77616091478802,-223.79982944809473,-68.67121944297224,0.24225860207022148,0.34132570259794603,0.05661717050839484,3.648727212841016e-05,15.521264734171844,21.335362741762307,nan,nan,nan
489.12,177.6224822998047,-223.98838806152344,-68.668212890625,177.78433183804142,-223.80808280870588,-68.67323448623077,0.24234370972541783,0.34136973776844237,0.05664098796674496,3.5733038068812634e-05,15.72777911622214,21.686904748769813,nan,0.4985726846436244,nan
489.13,177.6306915283203,-223.9967803955078,-68.66926574707031,177.7925532947496,-223.81633655896331,-68.67437896277032,0.24245691277689857,0.341413864055115,0.056664868663917026,3.6441540251565075e-05,15.699706555036734,21.5319820339488,nan,nan,nan
489.14,177.638916015625,-224.00515747070312,-68.67030334472656,177.8007754967939,-223.82459007903188,-68.67552167448248,0.24254959398990034,0.3414580723275918,0.056688812743542934,3.569060033517742e-05,15.70295444312279,22.190139146607127,nan,0.00023461440907127077,nan
489.15000000000003,177.6471405029297,-224.0135498046875,-68.67131805419922,177.78353632372733,-223.81766016412504,-68.67641301098205,0.23875202574087265,0.3413868496411103,0.056681397119211864,3.637667955646415e-05,16.26018903075726,21.876346130448102,9.386162870131702,nan,nan
489.16,177.6553497314453,-224.02194213867188,-68.67230987548828,177.7917259281997,-223.8258788312387,-68.67763264842358,0.23888829915788692,0.3414308734996819,0.056705324057125236,3.562973519135563e-05,16.303219054623398,21.688755384900265,nan,0.01317589132535789,nan
489.17,177.66358947753906,-224.03033447265625,-68.67328643798828,177.79992476079326,-223.83409727942978,-68.67869550354563,0.2390096304662373,0.34147498789255987,0.056729314451650845,3.633695349804763e-05,16.273338872874355,22.080740272773347,nan,nan,nan
489.18,177.67181396484375,-224.03871154785156,-68.67424011230469,177.80808904562764,-223.8423146328882,-68.68043311618163,0.23912548828346514,0.34151918466932407,0.05675336844432631,3.559294185190436e-05,16.504886928903222,22.570877666724172,nan,0.32807489522029526,nan
489.19,177.68003845214844,-224.04710388183594,-68.67517852783203,177.81629140887443,-223.8505324948662,-68.68146581857258,0.239258664245704,0.34156347203514975,0.05677748618322503,3.630004039154279e-05,16.47751018098985,21.974390694973255,nan,nan,nan
489.2,177.68826293945312,-224.0554962158203,-68.67609405517578,177.8239760315004,-223.85488996142877,-68.67942003441037,0.24222298568035291,0.3414923434465089,0.0567699445801458,3.553754903180517e-05,16.139178329029278,21.342044905335836,1.4615092243456318,6.263734222282527,nan
489.21000000000004,177.69650268554688,-224.0638885498047,-68.67699432373047,177.83218955903882,-223.86309460748095,-68.68038698486137,0.24236469433784977,0.341536445951126,0.05679404440292609,3.624369966143548e-05,16.106949323238062,21.51259951075456,nan,nan,nan
489.22,177.70472717285156,-224.072265625,-68.67787170410156,177.84036426442967,-223.8712980452124,-68.68215712625509,0.24249485268864351,0.34158063119827237,0.05681820803539977,3.5505918676478e-05,16.26709530508209,21.9682684095785,nan,0.4612384609335043,nan
489.23,177.7129669189453,-224.08065795898438,-68.6787338256836,177.84858159492708,-223.8795027583168,-68.68309847376311,0.24263924919541616,0.3416249065107339,0.05684243562891748,3.621205037021241e-05,16.237667282541334,21.654376416169047,nan,nan,nan
489.24,177.72120666503906,-224.08905029296875,-68.67958068847656,177.85679291590935,-223.88770705995222,-68.68418449328134,0.24278369781616388,0.34166926506100753,0.05686672732025076,3.5476704765914096e-05,16.270908768438215,21.645373096616137,nan,0.017827585825386006,nan
489.25,177.7294464111328,-224.09742736816406,-68.68041229248047,177.82351169003277,-223.87863795175474,-68.6851647280075,0.23820090484861303,0.34159823694294694,0.05685905674700228,3.616079788909096e-05,16.385700630791668,22.519473093159874,15.266270255592477,nan,nan
489.26,177.73768615722656,-224.10581970214844,-68.68122863769531,177.83179039545766,-223.88681697426517,-68.68342347392546,0.2383749562757031,0.34164241062248324,0.05688332973122057,3.542860548605123e-05,15.859378792827062,21.4931307334662,nan,4.792063903735859,nan
489.27,177.7459259033203,-224.1142120361328,-68.68202209472656,177.83994721888806,-223.8949906217572,-68.68427844862609,0.23854376419193715,0.34168667387970847,0.056907666887973676,3.613394484029965e-05,15.826836116179594,21.53945481119207,nan,nan,nan
489.28000000000003,177.75416564941406,-224.12258911132812,-68.68280792236328,177.8480783694231,-223.90316275796582,-68.68571825902126,0.23869644653584166,0.34173102067839856,0.056932068349934396,3.54038941835246e-05,15.885991369755521,21.922404938761456,nan,0.24832013567486144,nan
489.29,177.7624053955078,-224.1309814453125,-68.6835708618164,177.85623834862497,-223.91133606499767,-68.68654924758981,0.23886729990969524,0.34177545715516655,0.05695653427443948,3.610933316793041e-05,15.855217186772087,21.528403375020158,nan,nan,nan
489.3,177.77066040039062,-224.13937377929688,-68.68431854248047,177.88069324067908,-223.92695418125402,-68.68462629815966,0.23922668389665766,0.34170452161106224,0.05694873172494764,3.536013185390882e-05,15.488959892829532,21.296275799104134,2.3995683446738485,4.988655658504089,nan
489.31,177.77890014648438,-224.1477508544922,-68.6851577758789,177.8888807324751,-223.9351413586098,-68.68545380086714,0.23937129039427021,0.34174877280519494,0.05697317813892724,3.606482881808422e-05,15.449873958549851,21.429041482887182,nan,nan,nan
489.32,177.7871551513672,-224.15614318847656,-68.68608856201172,177.89714164064068,-223.94333258615262,-68.6846891263908,0.2395565459432167,0.34179310780995564,0.056997689061640724,3.533950794842403e-05,15.4652622814881,21.215982737134897,nan,1.96051726922377,nan
489.33,177.79541015625,-224.16453552246094,-68.6871109008789,177.90533206235833,-223.95151958528052,-68.68568017724375,0.23970953653423666,0.3418375320558954,0.05702226465505466,3.6044374973276295e-05,15.429211856750902,21.129251568339004,nan,nan,nan
489.34000000000003,177.80364990234375,-224.17291259765625,-68.6882095336914,177.91348876007632,-223.95970430122674,-68.68760919312147,0.23983893083311325,0.34188204056570015,0.057046905045080955,3.5320792315045835e-05,15.344258705247311,21.439007611656677,nan,0.5001236183259573,nan
489.35,177.81190490722656,-224.18130493164062,-68.68939971923828,177.93213534042332,-223.9642085012215,-68.6888706636427,0.24816626899567037,0.34181120191290104,0.0570389675405985,3.6003863229360674e-05,16.291223260159207,21.359780678028134,8.191591053126254,nan,nan
489.36,177.82015991210938,-224.18968200683594,-68.690673828125,177.94036607925318,-223.97237587980976,-68.6901122563563,0.24833805754530042,0.3418555250774409,0.057063587599943344,3.528275461349919e-05,16.254709307596112,21.793848925228705,nan,0.0003335593991111294,nan
489.37,177.8284149169922,-224.1980743408203,-68.6920394897461,177.94859735406106,-223.98054295005085,-68.69146078741635,0.24852375952069258,0.34189993707751515,0.057088272534614674,3.598716727310651e-05,16.219398268520433,21.173277349514215,nan,nan,nan
489.38,177.836669921875,-224.20645141601562,-68.6934814453125,177.9568846775275,-223.9887139244493,-68.69148857312781,0.24872710799132233,0.3419444335628934,0.05711302246562039,3.526756161787004e-05,16.2853068115781,21.820969267238347,nan,1.372669301147684,nan
489.39,177.84494018554688,-224.21484375,-68.69499969482422,177.96511870145332,-223.99688053250722,-68.692991246181,0.24890735973697797,0.3419890190238273,0.05713783756210793,3.597222293234068e-05,16.24873808166795,21.741236676322572,nan,nan,nan
489.40000000000003,177.8531951904297,-224.2232208251953,-68.69660949707031,177.9667930582413,-224.00075654446528,-68.69460476734056,0.24979761951101215,0.34191827106668315,0.057129762091257225,3.523289415288729e-05,16.456431687897147,21.825577060619576,0.5993895840203854,2.617593680022433e-06,nan
489.41,177.8614501953125,-224.2316131591797,-68.69829559326172,177.975022402148,-224.00891293255876,-68.69627189253795,0.2499962649063347,0.3419626708000814,0.057154556025502054,3.5936951214521324e-05,16.421514859721395,21.440210070106165,nan,nan,nan
489.42,177.86972045898438,-224.239990234375,-68.70005798339844,177.98324844663367,-224.01706860778978,-68.69814531117734,0.25017256822865847,0.3420071552105068,0.05717941515214856,3.522087099004368e-05,16.374158043819254,22.171804966717925,nan,0.011023933319798934,nan
489.43,177.87799072265625,-224.24838256835938,-68.70189666748047,177.99148036699575,-224.02522433972146,-68.6999737022872,0.25036611627025523,0.3420517282344299,0.05720433964532063,3.592522375986409e-05,16.337953691758326,21.740721170121873,nan,nan,nan
489.44,177.88624572753906,-224.2567596435547,-68.70381927490234,177.99968752668852,-224.03337724891924,-68.70262507411725,0.2505397416436138,0.34209638635245276,0.0572293296187358,3.521032367461399e-05,16.23928509228222,21.670439455213636,nan,0.38657524911911884,nan
489.45,177.89451599121094,-224.26515197753906,-68.705810546875,178.04538941718093,-224.05439048723534,-68.70481006106398,0.259199146277196,0.342025731769208,0.057221113223488586,3.589301992205422e-05,16.48531193032972,21.554989200061396,15.16266043573055,nan,nan
489.46000000000004,177.9027862548828,-224.27352905273438,-68.7078857421875,178.0537219726196,-224.06256672934776,-68.7059850504429,0.2594037497926802,0.34207020405033844,0.057246081186759216,3.518005420740302e-05,16.52379256953339,21.839123356720282,nan,0.5628760139672946,nan
489.47,177.9110565185547,-224.28192138671875,-68.70999145507812,178.06202505535072,-224.07073973896632,-68.70810698747691,0.2596011145351721,0.34211476460948703,0.05727111471394219,3.5884172658046135e-05,16.485742201134766,21.614142014918798,nan,nan,nan
489.48,177.91932678222656,-224.29029846191406,-68.71210479736328,178.0703252907109,-224.0789121097996,-68.71036260805117,0.259784092369713,0.34215941041371356,0.057296213913880234,3.517220186502895e-05,16.437024195423348,21.780972092045857,nan,0.009033336813365017,nan
489.49,177.92759704589844,-224.29867553710938,-68.71418762207031,178.07863020104324,-224.08708439430563,-68.71249524456245,0.25997055565508936,0.3422041446698332,0.05732137896785659,3.587666422260604e-05,16.394672286794652,21.99023752738445,nan,nan,nan
489.5,177.9358673095703,-224.30706787109375,-68.71624755859375,178.0795097597452,-224.08892283006605,-68.71404789585758,0.2611996380804832,0.34213357859117327,0.05731301863645306,3.5144492742203005e-05,16.864010062510545,21.50345099603326,2.533036502353441,0.1054453048771368,nan
489.51,177.9441375732422,-224.31544494628906,-68.71826934814453,178.0878118773145,-224.09707848752922,-68.71611535637483,0.261401713159116,0.34217812665222325,0.05733816082153892,3.584843703999672e-05,16.820672270664748,21.969031454452157,nan,nan,nan
489.52,177.95240783691406,-224.32382202148438,-68.72024536132812,178.09613791050364,-224.1052367698619,-68.7173891707921,0.2616218723755782,0.3422227600841659,0.057363368868388644,3.5139040768967185e-05,16.88842741906601,22.277470097651776,nan,0.4022178446051492,nan
489.53000000000003,177.96067810058594,-224.3321990966797,-68.7221908569336,178.10444199708795,-224.1133918269083,-68.71937628426174,0.26182551644477825,0.3422674816692867,0.05738864296292701,3.584335850939018e-05,16.842436140928175,22.009850102189215,nan,nan,nan
489.54,177.9689483642578,-224.34059143066406,-68.7240982055664,178.1127856324295,-224.12155179107415,-68.72000937055458,0.26207678645489924,0.3423122890118254,0.057413983207172205,3.513470326588704e-05,17.064355032635074,21.81642322599533,nan,1.2151197604901605,nan
489.55,177.97723388671875,-224.34896850585938,-68.72596740722656,178.1218396771162,-224.122262873664,-68.7219731084102,0.2689279321837258,0.342241812834289,0.05740547600809001,3.5817432054967134e-05,17.98173421818418,22.886114133674575,5.507505507573535,nan,nan
489.56,177.98550415039062,-224.3573455810547,-68.72779846191406,178.13011816563687,-224.1303861394406,-68.72548017921359,0.26912669131489886,0.34228643383175095,0.05743079250914098,3.5110289894495454e-05,17.656052892452394,22.389550193352466,nan,1.891804473108983,nan
489.57,177.99378967285156,-224.36572265625,-68.7295913696289,178.138443859606,-224.13851562170902,-68.72732572511775,0.26935664728302017,0.3423311427058252,0.05745617524780523,3.581450510638523e-05,17.61230792999694,22.620405861694096,nan,nan,nan
489.58,178.00205993652344,-224.37411499023438,-68.73135375976562,178.14678187608888,-224.14664650082847,-68.7287192709824,0.2696169393701706,0.3423759374289893,0.05748162432180134,3.5107961211300565e-05,17.635384665705505,21.881361096505042,nan,0.12205483640112454,nan
489.59000000000003,178.01034545898438,-224.3824920654297,-68.73307800292969,178.1551098091395,-224.15477526106204,-68.73049137326967,0.2698487552690343,0.3424208202310125,0.05750713992339358,3.581257561539875e-05,17.590749390760177,22.545431727977668,nan,nan,nan
489.6,178.0186309814453,-224.390869140625,-68.73477172851562,178.1423987713267,-224.15595981198024,-68.73261123735053,0.26552876721464547,0.34235043009419913,0.057498482850905745,3.508544228400523e-05,17.37067870553527,22.4014839862934,4.381353395301456,0.12597760598735908,nan
489.61,178.02691650390625,-224.3992462158203,-68.7364273071289,178.1506908353164,-224.1640787767888,-68.73432007941541,0.2657597597554969,0.3423951262118334,0.05752397382442699,3.5789586907847916e-05,17.327971908537254,22.504880916875692,nan,nan,nan
489.62,178.03518676757812,-224.40762329101562,-68.73804473876953,178.1589871198678,-224.17219812112808,-68.73586444942002,0.2660005479416791,0.3424399082493289,0.05754953131550711,3.508488118587208e-05,17.30647561788044,22.442964374755274,nan,0.012283445638964323,nan
489.63,178.04347229003906,-224.41600036621094,-68.73963928222656,178.16728120291253,-224.18031674763833,-68.7375081860664,0.26623289905876263,0.3424847781194799,0.05757515552029138,3.578944183933897e-05,17.264316950344973,22.33563411360211,nan,nan,nan
489.64,178.0517578125,-224.42437744140625,-68.74119567871094,178.17556803731003,-224.18843380886264,-68.7394653833611,0.2664608103030938,0.3425297342707365,0.05760084653076394,3.508513864432719e-05,17.189265777305497,22.485716421134526,nan,0.08333659857545062,nan
489.65000000000003,178.06004333496094,-224.43276977539062,-68.74272918701172,178.1908976594266,-224.1998648024712,-68.74108344891582,0.2671521834008491,0.3424594305908681,0.05759203668407655,3.576812988684374e-05,17.13151108928355,21.745019277118196,0.47889893077758944,nan,nan
489.66,178.06832885742188,-224.44114685058594,-68.74422454833984,178.15483502570657,-224.22894690624727,-68.74207431126116,0.22916534870727628,0.34069144685729047,0.05721357912704573,3.5063299180783656e-05,17.98265066218517,23.253953983515938,nan,0.1923958503259389,1.0866105448350472
489.67,178.07662963867188,-224.44952392578125,-68.74568939208984,178.16311613020605,-224.23713304399283,-68.74359637815196,0.22933421156054914,0.3407340893927228,0.05723692134472089,3.576778627283527e-05,17.9325471965468,23.477168223739387,nan,nan,nan
489.68,178.0849151611328,-224.45790100097656,-68.74713134765625,178.17140101856197,-224.24531823192618,-68.74504831854685,0.22951160372115376,0.34077681033180746,0.05726032301307022,3.5065067400950303e-05,17.893998173503977,23.031066978171594,nan,0.0012260039062436073,nan
489.69,178.09320068359375,-224.46627807617188,-68.74854278564453,178.17968380638757,-224.25350417086094,-68.74651362961215,0.22968714109336583,0.34081962431114504,0.05728378530222617,3.576998232991379e-05,17.845617559507517,23.05635826345345,nan,nan,nan
489.7,178.1014862060547,-224.4746551513672,-68.74992370605469,178.17826775921833,-224.2598465084708,-68.74868357073336,0.22812211182791925,0.34074344928856437,0.05727645155033659,3.504636396762221e-05,17.4812563922514,23.0576406841301,2.536941028657497,0.25734980463466445,nan
489.71000000000004,178.1097869873047,-224.4830322265625,-68.75127410888672,178.18652987883783,-224.26803300285232,-68.75010302735082,0.22828821482680955,0.3407860827312452,0.0572998973953105,3.5750832572791344e-05,17.4348467358209,23.37912000824037,nan,nan,nan
489.72,178.11807250976562,-224.4914093017578,-68.75260162353516,178.19486947235424,-224.27619884175056,-68.75036738634105,0.22851325426594343,0.3408287952021704,0.0573234029818352,3.504938906990398e-05,17.498918157468957,23.068510643553974,nan,0.8971171414534423,nan
489.73,178.12637329101562,-224.49978637695312,-68.75390625,178.2031333168337,-224.2843850899132,-68.75172344350862,0.22868008366761705,0.34087159993968513,0.05734696939582718,3.575429340066287e-05,17.448975251157773,23.154720032533664,nan,nan,nan
489.74,178.13465881347656,-224.50816345214844,-68.75518035888672,178.21136465140182,-224.29258042788675,-68.75355983711268,0.2288284335751414,0.3409144843304323,0.05737059585786283,3.505299499235289e-05,17.350793111194037,22.995694517963905,nan,0.1799870697427563,nan
489.75,178.14295959472656,-224.51654052734375,-68.75643157958984,178.2100707083543,-224.29637568350242,-68.75488698900094,0.23017134008411985,0.3408384794610849,0.05736315227555177,3.573632214663836e-05,17.414088924082716,23.245895324176836,0.7801398661243907,nan,nan
489.76,178.15126037597656,-224.52491760253906,-68.75765228271484,178.21837322093805,-224.3045402074103,-68.75539894962989,0.23038100562449954,0.34088118352738345,0.0573867616779116,3.5035972072755514e-05,17.451891932820264,23.497289224417838,nan,0.423508994905793,nan
489.77,178.1595458984375,-224.53329467773438,-68.75885772705078,178.22662677723292,-224.3127181336108,-68.75665471463203,0.23056172575080336,0.3409239791325601,0.05741043211251969,3.5740869009338745e-05,17.40329146631211,22.891624349171714,nan,nan,nan
489.78000000000003,178.1678466796875,-224.5416717529297,-68.7600326538086,178.23476714316135,-224.32092704029435,-68.75970546982903,0.23066574005987295,0.34096685494490186,0.05743416287973041,3.504058602225047e-05,17.230345533111684,23.213230898127968,nan,2.3289763841098314,nan
489.79,178.1761474609375,-224.550048828125,-68.76118469238281,178.24302239505116,-224.32910489082337,-68.76093340251883,0.23084311423485585,0.34100982227273846,0.05745795495151781,3.574591747315305e-05,17.188868808394215,23.16968193657455,nan,nan,nan
489.8,178.1844482421875,-224.5584259033203,-68.76231384277344,178.2824149115741,-224.35245224089786,-68.76236423579928,0.2280846782707684,0.34093397433115297,0.05745039782739821,3.502449810863202e-05,16.812147041422286,22.806226747753282,8.296809039070089,0.036492016860328706,nan
489.81,178.1927490234375,-224.56680297851562,-68.76342010498047,178.29071499865987,-224.36066024826582,-68.76355039670214,0.22823710152393567,0.3409767609054571,0.057474172161766354,3.5729386326540904e-05,16.772049069015047,22.79214079156984,nan,nan,nan
489.82,178.2010498046875,-224.57518005371094,-68.7645034790039,178.29907416642703,-224.36885209597568,-68.7637356497527,0.22843071422075195,0.3410196281950053,0.05749800710754704,3.502996866234037e-05,16.74800073876247,22.799498828861562,nan,0.6763881583554965,nan
489.83,178.2093505859375,-224.58355712890625,-68.76557159423828,178.30737631848652,-224.37705964246447,-68.76486998008085,0.2285842260764492,0.34106258634010433,0.057521903561633475,3.573529353729554e-05,16.704643844657415,22.546456384703397,nan,nan,nan
489.84000000000003,178.2176513671875,-224.59193420410156,-68.76660919189453,178.31578253894168,-224.38523850841068,-68.76419550928456,0.2288201550360613,0.3411056257681148,0.05754586093189837,3.503583492677157e-05,16.816986099809835,23.024548847788445,nan,2.254156785339124,nan
489.85,178.2259521484375,-224.60031127929688,-68.76763153076172,178.31673654939885,-224.38983588883028,-68.76524969598267,0.22923213253576302,0.3410299442080057,0.05753818821988067,3.571955547533236e-05,16.891519671765028,22.84746632265843,0.48588860359046965,nan,nan
489.86,178.2342529296875,-224.6086883544922,-68.76863861083984,178.32508627360892,-224.3980200147499,-68.76531808437029,0.2294403443898914,0.3410728030237138,0.057562127201192435,3.50208718674819e-05,17.00778568734948,22.806023694880764,nan,0.6885588722289899,nan
489.87,178.2425537109375,-224.6170654296875,-68.76961517333984,178.3333813918003,-224.40621918189265,-68.76634557895724,0.22960073620854418,0.3411157520782387,0.05758612789285344,3.572618345367078e-05,16.952606363836953,23.1621302207005,nan,nan,nan
489.88,178.25086975097656,-224.62542724609375,-68.77057647705078,178.34166376981858,-224.41442182354922,-68.7676032582549,0.22972958501396615,0.34115878285746853,0.05761018977290094,3.502740444826398e-05,16.863395233713337,23.637827061035185,nan,0.04368483584560088,nan
489.89,178.25917053222656,-224.63380432128906,-68.77152252197266,178.3499604956199,-224.4226205859199,-68.76859601786259,0.22989117417539903,0.34120190390777744,0.0576343136374481,3.5733144718130835e-05,16.811276476979206,22.74364722510521,nan,nan,nan
489.90000000000003,178.26748657226562,-224.64218139648438,-68.77244567871094,178.34096639885678,-224.42105449987525,-68.77039864261624,0.23302484776654167,0.34112637831046866,0.05762652178906794,3.501305372879373e-05,17.069221607452622,23.260725410837622,3.016493207185443,0.4662774032815051,nan
489.91,178.27578735351562,-224.6505584716797,-68.77335357666016,178.34924470863444,-224.4292318363085,-68.77136396226928,0.2332068204645952,0.34116931835876346,0.05765062655745407,3.5718342668052685e-05,17.021733068433146,22.862844535702347,nan,nan,nan
489.92,178.28408813476562,-224.658935546875,-68.77423858642578,178.35748474975955,-224.43742013760445,-68.77307622839345,0.23336128794866948,0.3412123405312302,0.057674792780592135,3.502013730640271e-05,16.910940110223617,22.950063614089764,nan,0.41200010119640024,nan
489.93,178.2924041748047,-224.6673126220703,-68.77510833740234,178.36576471491512,-224.4455974007583,-68.77401468725706,0.23353929921401664,0.34125545242067007,0.057699021189450424,3.57258536672819e-05,16.86650374312489,23.063965728291766,nan,nan,nan
489.94,178.30072021484375,-224.67568969726562,-68.77596282958984,178.37404545641834,-224.45377450351216,-68.77493634481682,0.23371777412425798,0.34129865044919083,0.057723311636387026,3.644593068079505e-05,16.822670317046327,22.939438456118907,nan,nan,nan
489.95,178.30902099609375,-224.68406677246094,-68.77679443359375,178.35113016240146,-224.4439342937842,-68.77593957960946,0.24379811315492325,0.34122328750025577,0.057715398416971944,3.7156653639347456e-05,17.55759058409386,23.484211824792105,10.506373452295644,nan,nan
489.96000000000004,178.3173370361328,-224.69244384765625,-68.77761840820312,178.35934265491292,-224.45208106675898,-68.7775405359694,0.24400562393898712,0.3412663008356777,0.057739668781112904,3.6373025969332945e-05,17.50016182009297,23.346635754171306,nan,0.3289475976162327,nan
489.97,178.32565307617188,-224.70082092285156,-68.7784194946289,178.36759004434043,-224.4602181095361,-68.77842317234858,0.24423026652733124,0.34130940364255113,0.057764001552029,3.710539042808848e-05,17.4621289385555,23.5823534881885,nan,nan,nan
489.98,178.33395385742188,-224.7091827392578,-68.77920532226562,178.37573473588205,-224.46838460689065,-68.78150244958809,0.24440674939606719,0.3413525891820409,0.05778839632021063,3.632462266681891e-05,17.568318039624202,23.82670907367614,nan,3.202100378263847,nan
489.99,178.34226989746094,-224.71755981445312,-68.77997589111328,178.38398320829836,-224.47652172889974,-68.78237719013747,0.24463263319774758,0.34139586425201024,0.057812853769693036,3.70557654977854e-05,17.54080149843694,23.638738964963242,nan,nan,nan
490.0,178.3505859375,-224.72593688964844,-68.78083801269531,178.4222550718189,-224.49018540111035,-68.78292339436209,0.24641342897383034,0.34132065557852037,0.057804815759948724,3.6255138012489116e-05,18.387235071070876,23.61123160057756,16.331642164356662,0.10085224644888324,nan
490.01,178.35890197753906,-224.73431396484375,-68.78178405761719,178.4305735389087,-224.49832042524352,-68.78392321188845,0.24664618266497407,0.3413637493669805,0.05782925269096529,3.698420627812466e-05,18.354630496615727,23.805243404892146,nan,nan,nan
490.02,178.36721801757812,-224.74269104003906,-68.78282165527344,178.43884069852768,-224.50647040738187,-68.78620029287418,0.2468631420674305,0.341406926231031,0.05785375187625808,3.62099303292956e-05,18.50978549138255,23.846146135402574,nan,0.9295912728271868,nan
490.03000000000003,178.3755340576172,-224.75106811523438,-68.78394317626953,178.44716065571177,-224.5146056292802,-68.78738964782383,0.24709665109913384,0.3414501921252385,0.057878313938557045,3.6937918130007665e-05,18.479739299714016,23.95152269810078,nan,nan,nan
490.04,178.38385009765625,-224.7594451904297,-68.78515625,178.45551788854922,-224.522730321,-68.78780303968962,0.24734026594197847,0.341493541580948,0.05790293855714585,3.616628363690864e-05,18.31551448321766,23.56722230604041,nan,0.49192055987025096,nan
490.05,178.3921661376953,-224.767822265625,-68.78645324707031,178.5117583358633,-224.55190202263455,-68.78921967801608,0.24684306418428095,0.3414184920514398,0.05789477340346323,3.686988001091123e-05,18.090236308562744,23.37320160438578,19.64921280484888,nan,nan
490.06,178.40048217773438,-224.77618408203125,-68.78782653808594,178.52005004364943,-224.5601058241881,-68.7932071303476,0.24701262891823741,0.3414616602574079,0.05791937678455389,3.610178516855656e-05,18.64609626910863,24.72118755726735,nan,4.300072488863944,nan
490.07,178.40879821777344,-224.78456115722656,-68.78929138183594,178.52844654367811,-224.56827949418212,-68.79475738320198,0.24723138318586216,0.34150491703471103,0.05794404323719377,3.682688604101228e-05,18.61897093879927,23.909421011038596,nan,nan,nan
490.08,178.41712951660156,-224.79293823242188,-68.79083251953125,178.53693594204088,-224.57642622257507,-68.79405244188973,0.2474699939072357,0.34154825765348323,0.05796877249582077,3.6061288074157904e-05,18.05792731831544,23.755156514185867,nan,3.6328644818918723,nan
490.09000000000003,178.42544555664062,-224.8013153076172,-68.7924575805664,178.5453334996629,-224.5845996940306,-68.79574489581894,0.24768847873062189,0.34159168695598174,0.0579935651031231,3.678549571878146e-05,18.02785049983512,23.44639141719546,nan,nan,nan
490.1,178.4337615966797,-224.8096923828125,-68.79415893554688,178.5486810587765,-224.59630160291238,-68.79698500187169,0.2423841875326814,0.3415167898698617,0.05798526950028719,3.600008161619806e-05,17.22043490428642,23.19394644634727,4.374590885975953,0.20831031187411794,nan
490.11,178.44207763671875,-224.81805419921875,-68.79593658447266,178.5570559029872,-224.60448980968462,-68.79883372879985,0.24256575116128012,0.3415600375817141,0.058010040105733046,3.672254745895941e-05,17.18800432197754,23.742366400901258,nan,nan,nan
490.12,178.45040893554688,-224.82643127441406,-68.79779815673828,178.56540824955871,-224.61268446340193,-68.80138638711358,0.2427455804711483,0.34160336937671165,0.05803487376077868,3.596267238477032e-05,17.279581189065222,23.30937134296014,nan,0.26083034518536413,nan
490.13,178.45872497558594,-224.83480834960938,-68.79973602294922,178.57378402684768,-224.62087207123915,-68.80339872254171,0.24294182811623727,0.3416467894536742,0.058059770958777346,3.66843667833036e-05,17.250243554782745,23.12697158050256,nan,nan,nan
490.14,178.467041015625,-224.8431854248047,-68.80175018310547,178.582164058946,-224.62905824380925,-68.80537972944889,0.24313975066039753,0.3416902940520552,0.058084731505896804,3.592676359260151e-05,17.214291663398757,23.086159420398804,nan,0.007912954102283928,nan
490.15000000000003,178.47537231445312,-224.8515625,-68.80384063720703,178.5905084922008,-224.63274866158093,-68.8076150823518,0.2472854256647161,0.3416155523166537,0.058076302961040736,3.662474866629489e-05,17.820688192334178,23.533495005256086,2.555238544436256,nan,nan
490.16,178.4836883544922,-224.85992431640625,-68.80596160888672,178.59888866559064,-224.64092346831654,-68.81010076456253,0.2474865971136588,0.3416588752966285,0.05810124075422785,3.587028403215391e-05,17.87152439153877,24.182930177276663,nan,0.045899348216511024,nan
490.17,178.4920196533203,-224.86830139160156,-68.8080825805664,178.6072782682956,-224.64909552894565,-68.81234640555145,0.24769727239565534,0.3417022861908678,0.05812624228321943,3.658969320805917e-05,17.854247625020257,23.793177713869397,nan,nan,nan
490.18,178.50033569335938,-224.87667846679688,-68.81018829345703,178.615700222758,-224.6572579081874,-68.81360584629483,0.24792344756246085,0.34174578179629356,0.05815130739804448,3.583735569297032e-05,17.64762076604855,23.09460521853752,nan,0.6393706354937094,nan
490.19,178.5086669921875,-224.88504028320312,-68.812255859375,178.62409045360516,-224.66542959435787,-68.81580442092051,0.2481209833725525,0.3417893654723302,0.05817643652816846,3.6556152205585775e-05,17.627837498631077,23.98776528166407,nan,nan,nan
490.2,178.51698303222656,-224.89341735839844,-68.81429290771484,178.63379796276254,-224.66978721919872,-68.81846031409945,0.2523361536335677,0.3417147739098752,0.05816787185666823,3.578394527407507e-05,18.341896920683855,23.546885993143498,3.6441913798791963,0.06347317923019853,nan
490.21000000000004,178.5253143310547,-224.90179443359375,-68.8162841796875,178.64220271355092,-224.67794464400612,-68.820596302315,0.25256725176191436,0.3417581756570291,0.058192977442448626,3.6501281573096357e-05,18.33070331335176,24.021226868557875,nan,nan,nan
490.22,178.53363037109375,-224.91015625,-68.81824493408203,178.65064714675717,-224.6860898848108,-68.82140506629877,0.2528015985538665,0.3418016622738222,0.05821814684501049,3.5753902420544474e-05,18.064177828501784,23.67178514316081,nan,1.125111413269175,nan
490.23,178.54196166992188,-224.9185333251953,-68.82015991210938,178.65905279836144,-224.69424672482208,-68.82345381173837,0.2530329252113247,0.3418452366399868,0.058243380455078285,3.647072893011256e-05,18.047235405225887,23.71385045976031,nan,nan,nan
490.24,178.55027770996094,-224.92689514160156,-68.82203674316406,178.6674407788849,-224.70240889671294,-68.82608911470436,0.25325418176009623,0.34188889627523933,0.05826867817921528,3.572525583880083e-05,18.17314698103083,24.092579029595125,nan,0.2634595561494011,nan
490.25,178.55860900878906,-224.93527221679688,-68.82388305664062,178.6746088278144,-224.71312562479145,-68.82794980331552,0.25064238424906926,0.34181445629390844,0.058259974782290884,3.64189178162959e-05,17.77645652772192,23.260323463697205,1.7165285841513653,nan,nan
490.26,178.5669403076172,-224.9436492919922,-68.82569122314453,178.68300465747484,-224.7212915109501,-68.82992929748951,0.2508622677327062,0.3418579339218827,0.05828524817852934,3.567619538131224e-05,17.790317307157128,23.343200374326074,nan,0.0009298909768946257,nan
490.27,178.57525634765625,-224.95201110839844,-68.82746124267578,178.69140172888027,-224.72945699841995,-68.83183685713487,0.251076138750547,0.34190149900541894,0.0583105859727793,3.6391241566131753e-05,17.77636692901073,23.674961208377994,nan,nan,nan
490.28000000000003,178.58358764648438,-224.96038818359375,-68.82919311523438,178.69972224616527,-224.73764576789608,-68.83657034940363,0.25130828195238786,0.3419451494744624,0.05833598810558744,3.565028612566035e-05,18.74144818943886,24.480282860464857,nan,5.565688020171068,nan
490.29,178.5919189453125,-224.96875,-68.83089447021484,178.70811993635692,-224.7458112057959,-68.83843737905968,0.25151793525458715,0.34198888759097884,0.05836145491800248,3.636495407363987e-05,18.74200794484648,24.744837234238588,nan,nan,nan
490.3,178.60023498535156,-224.9771270751953,-68.83256530761719,178.70808682187933,-224.74407579764912,-68.83876741986009,0.25687230836468256,0.3419145951314893,0.05835260971167736,3.560401082973976e-05,19.096810683776916,23.86689386053281,4.424310642223777,1.481781130865604,nan
490.31,178.6085662841797,-224.98548889160156,-68.83419799804688,178.71648780438727,-224.75221437654156,-68.84055337550755,0.25710784648287793,0.34195815095269877,0.058378051380415,3.6317451784146347e-05,19.092457527837542,24.639582219857616,nan,nan,nan
490.32,178.6168975830078,-224.99386596679688,-68.83580017089844,178.72487375869997,-224.76035767016597,-68.84292930765007,0.25736317472278836,0.3420017922506643,0.05840355760676266,3.558072318128019e-05,19.374594279015945,24.41268265661642,nan,0.2641411133000199,nan
490.33,178.62522888183594,-225.0022430419922,-68.83737182617188,178.73327520901188,-224.76849620937256,-68.8446583665,0.2576134395676462,0.3420455209394003,0.058429128702186285,3.6293871071807966e-05,19.374899597859486,24.355901277705147,nan,nan,nan
490.34000000000003,178.63356018066406,-225.01060485839844,-68.83890533447266,178.741718554736,-224.7766217113413,-68.8445853193632,0.2578344608794571,0.3420893354732821,0.058454764650557364,3.5558699821788045e-05,18.783248477080576,24.462722811157345,nan,2.1460876718471718,nan
490.35,178.6418914794922,-225.01898193359375,-68.84041595458984,178.76613903194277,-224.78779169492347,-68.84630465134919,0.26252820323901377,0.3420151908212795,0.05844577495996577,3.624910985482407e-05,19.284441391010812,23.99278766594391,4.270576228316606,nan,nan
490.36,178.6502227783203,-225.02734375,-68.84188842773438,178.77458423859167,-224.7959273367728,-68.84757749098306,0.2627768912070054,0.3420588229386905,0.05847138495119896,3.5516326002800564e-05,19.20385985165871,24.65331776958216,nan,0.08411160113530453,nan
490.37,178.65853881835938,-225.0357208251953,-68.84333801269531,178.7830221018872,-224.80406558695182,-68.84916842346533,0.2630479632562615,0.34210254221180325,0.05849705999900346,3.6228108152972946e-05,19.19842666045211,23.814233007591465,nan,nan,nan
490.38,178.6668701171875,-225.04408264160156,-68.84475708007812,178.79149809935774,-224.81219187565782,-68.84895922470004,0.26329283941882253,0.34214634738789546,0.05852280011279532,3.549675235881438e-05,18.722341567214574,23.971350047098177,nan,2.1545304344871385,nan
490.39,178.67520141601562,-225.05245971679688,-68.84614562988281,178.79993651715313,-224.82032977170232,-68.85047695390007,0.2635562885478682,0.3421902399398279,0.05854860556657053,3.620834789569676e-05,18.709848755921037,23.619819370393714,nan,nan,nan
490.40000000000003,178.68353271484375,-225.06082153320312,-68.8475112915039,178.7993558917178,-224.8212766901015,-68.85111651247291,0.266100991685502,0.342116239830235,0.05853946839166282,3.54568462066158e-05,19.02544242353609,23.898682913284198,1.754099407545847,0.43012110877086096,nan
490.41,178.69186401367188,-225.06919860839844,-68.84884643554688,178.80778873806284,-224.829397041815,-68.8525718856362,0.2663779496117374,0.3421599496931747,0.05856524704786265,3.6167403789410296e-05,19.010230920416976,23.61498115033581,nan,nan,nan
490.42,178.7001953125,-225.0775604248047,-68.85015869140625,178.81623651132355,-224.83751281690255,-68.85324903707115,0.2666420149193974,0.3422037454970727,0.05859109097797534,3.5439595948386794e-05,18.86160840720973,23.747237798530573,nan,0.3897596830123727,nan
490.43,178.7085418701172,-225.0859375,-68.8514404296875,178.82467020517825,-224.84563308990897,-68.85464582226791,0.26691248426187564,0.34224762847074575,0.05861700043414403,3.61500360576105e-05,18.84322302740823,23.64810441466966,nan,nan,nan
490.44,178.7168731689453,-225.09429931640625,-68.85269927978516,178.8330734324943,-224.85376324786978,-68.85771011586985,0.26718010778144463,0.3422915977294238,0.058642975457903146,3.542346307479457e-05,19.233525973842003,24.191548582903838,nan,1.9735514387534905,nan
490.45,178.72520446777344,-225.10267639160156,-68.85392761230469,178.85674644208177,-224.8695504994658,-68.8591049211866,0.2677270571240304,0.3422177416269359,0.05863368807393269,3.611149240326469e-05,19.084732737873875,23.913444450668774,2.054436301962933,nan,nan
490.46000000000004,178.73353576660156,-225.1110382080078,-68.85514068603516,178.86521699977897,-224.8776813954709,-68.85964295412516,0.2679843643693969,0.34226152803954035,0.058659635458315165,3.538697564037141e-05,18.880888605129837,23.786131079381008,nan,0.44504456405024,nan
490.47,178.7418670654297,-225.11940002441406,-68.8563232421875,178.87367403399733,-224.88581663162321,-68.86095249858974,0.26824561201539426,0.3423054014325121,0.05868564855259397,3.6096383000556435e-05,18.867426065770644,24.00607193267154,nan,nan,nan
490.48,178.7501983642578,-225.12777709960938,-68.85748291015625,178.88214826807018,-224.89394638994088,-68.86123015547795,0.26851744775277997,0.34234936112244063,0.05871172741681327,3.5372984174889066e-05,18.63836496245783,23.326947414447204,nan,0.7037290116213943,nan
490.49,178.758544921875,-225.13613891601562,-68.8586196899414,178.8906064792939,-224.90208128227096,-68.86248475514452,0.26877159372054504,0.3423934080348021,0.058737872275871225,3.608235806757514e-05,18.620432965937514,23.88944541767672,nan,nan,nan
490.5,178.76687622070312,-225.14451599121094,-68.85973358154297,178.88405278599325,-224.91430151613247,-68.86221537773612,0.2583315917598733,0.3423196932139096,0.0587284317532181,3.533863535429095e-05,17.128890098136303,22.366563238369793,13.620867211739291,1.3284606258369516,nan
490.51,178.77520751953125,-225.1528778076172,-68.86082458496094,178.89246282598654,-224.92245830230146,-68.86341074511878,0.25855104630658304,0.3423635570172686,0.058754548108545995,3.604712111886913e-05,17.10457838607752,22.834298389371863,nan,nan,nan
490.52,178.78353881835938,-225.1612548828125,-68.86190032958984,178.90086426897932,-224.93061785020404,-68.86520018590464,0.25878483577154465,0.3424075071141982,0.05878073043135853,3.5326656348984176e-05,17.19362800685277,22.25305717176478,nan,0.26191105896032857,nan
490.53000000000003,178.79188537597656,-225.16961669921875,-68.86294555664062,178.9092751148213,-224.9387745422423,-68.86636027378769,0.25899828670624436,0.3424515442662613,0.05880697893106168,3.603516366714932e-05,17.172750759253123,23.212131527620713,nan,nan,nan
490.54,178.8002166748047,-225.17799377441406,-68.86397552490234,178.9176713627998,-224.94693634421185,-68.86859040100259,0.2592381855844205,0.34249566803730386,0.05883329369055201,3.5315643114521635e-05,17.418606154739027,22.613608986884387,nan,0.8242139489030439,nan
490.55,178.8085479736328,-225.1863555908203,-68.86498260498047,178.97105126080632,-224.96258497465212,-68.86983387558605,0.2765938210245809,0.34242209337860813,0.058823697277216674,3.600198440189194e-05,18.791716503009606,24.022383697635103,33.104691555873515,nan,nan
490.56,178.81689453125,-225.19473266601562,-68.865966796875,178.97952910097047,-224.9707495014795,-68.87349768528206,0.27690282689777035,0.34246603385352664,0.0588499826643771,3.528422519137366e-05,19.71284351105166,24.729061189380253,nan,4.516179775878301,nan
490.57,178.82522583007812,-225.20309448242188,-68.86693572998047,178.98804003711527,-224.978903176125,-68.87461794653886,0.277180851220803,0.34251006122874167,0.05887633440801086,3.599196105185547e-05,19.711492345404167,24.875574693296997,nan,nan,nan
490.58,178.8335723876953,-225.21145629882812,-68.86788940429688,178.99655238179284,-224.9870564703643,-68.875621684252,0.2774482828274926,0.3425541751997426,0.05890275260381373,3.5275042932469134e-05,19.732232347392678,24.873251030831373,nan,0.006657376603923949,nan
490.59000000000003,178.84190368652344,-225.21983337402344,-68.86882019042969,179.00506394495042,-224.99521005565092,-68.87670416634381,0.2777391981029295,0.34259837632971984,0.05892923744228594,3.598286481989276e-05,19.732965630168188,24.432457085037317,nan,nan,nan
490.6,178.85025024414062,-225.2281951904297,-68.8697280883789,178.99911772071886,-225.0096125173484,-68.87979588485022,0.26465311462351065,0.3425249394521452,0.05891948226867462,3.5245439872975574e-05,19.426620340158475,25.51924374485654,16.139844122878515,2.7401999410835587,nan
490.61,178.85858154296875,-225.236572265625,-68.87062072753906,179.00757884163394,-225.0177939892345,-68.88086379555779,0.264894412308684,0.34256895702773205,0.05894593684733039,3.5952489540609714e-05,19.43566645872141,24.762188736198365,nan,nan,nan
490.62,178.86692810058594,-225.24493408203125,-68.87149810791016,179.0160361840378,-225.0259768541252,-68.88230803668938,0.26512703137025884,0.3426130611643402,0.05897245806601845,3.52379630819807e-05,19.797609271638056,25.66486308944857,nan,0.10773273153530159,nan
490.63,178.87525939941406,-225.25331115722656,-68.87235260009766,179.02449792959365,-225.03415834698643,-68.8833464493568,0.2653694742200838,0.3426572523214373,0.05899904610483609,3.594514168177706e-05,19.81058713271082,25.222120393215068,nan,nan,nan
490.64,178.88360595703125,-225.2616729736328,-68.87319946289062,179.08495819220892,-225.09768917998483,-68.88345315485205,0.25988179118412125,0.3396319503572437,0.055546215148032464,3.5229578196610705e-05,20.63582597036244,26.346290131593772,nan,0.5353074446065095,0.8805549467838711
490.65000000000003,178.89193725585938,-225.27005004882812,-68.8740234375,179.1236861938944,-225.12208402265486,-68.88441484813367,0.2751535872868585,0.3395667157297589,0.055541069810434454,3.591473042264189e-05,20.077024092831014,25.83379292523977,10.770699594976223,nan,nan
490.66,178.90028381347656,-225.27841186523438,-68.87482452392578,179.13215268375527,-225.13033621886223,-68.88503763660799,0.27530687917941893,0.3396130083998088,0.05556026155855934,3.520249551132974e-05,19.989397045461327,26.58852547001362,nan,0.08927072991371415,nan
490.67,178.90863037109375,-225.2867889404297,-68.87561798095703,179.14063918875217,-225.1386138338562,-68.88599896178148,0.27548451579390615,0.33965939141443674,0.05557951966630826,3.590906549183037e-05,19.985402579937592,25.766599981832037,nan,nan,nan
490.68,178.91696166992188,-225.29515075683594,-68.87639617919922,179.1491381571742,-225.14690718762097,-68.88716785281284,0.2756775398882976,0.3397058562713324,0.05559882991886878,3.519742719789214e-05,20.237636903347067,26.385475521509633,nan,0.03461507283580064,nan
490.69,178.92530822753906,-225.3035125732422,-68.87725830078125,179.15762523543688,-225.15518505990278,-68.88815435169602,0.2758459122364976,0.3397524116899944,0.055618206558406824,3.590417598194911e-05,20.203406825470474,26.694013934932013,nan,nan,nan
490.7,178.93365478515625,-225.3118896484375,-68.87821197509766,179.17907988149116,-225.15854959504972,-68.88988168000296,0.2896253302053275,0.33968715283564965,0.055613006321856645,3.517185147605655e-05,22.202340730437427,27.262973164826548,17.998775642242144,0.41443253388940665,nan
490.71000000000004,178.94200134277344,-225.32025146484375,-68.87925720214844,179.1876081748437,-225.16679540242072,-68.89105312976093,0.28984586069531076,0.33973351083504233,0.055632386806543546,3.587791726401891e-05,22.166817314691713,27.60040241255356,nan,nan,nan
490.72,178.95033264160156,-225.32862854003906,-68.88038635253906,179.1961315474387,-225.17503464763732,-68.89221651653551,0.29008298584032943,0.33977995076128376,0.05565182023338646,3.516819592603297e-05,22.229338351740722,27.183304090513143,nan,0.006493225736145481,nan
490.73,178.95867919921875,-225.3369903564453,-68.88159942626953,179.20466051605933,-225.18328026037096,-68.89356256335827,0.2903045272103374,0.33982648100261975,0.05567131976633169,3.5874473140614614e-05,22.197395222741946,27.781939491880152,nan,nan,nan
490.74,178.96702575683594,-225.34536743164062,-68.88289642333984,179.2132333637755,-225.19157968214765,-68.89580989436917,0.2905780709947664,0.33987309353940226,0.05569087277947894,3.516521681609684e-05,22.910610711719343,28.04328810681395,nan,0.4646235478783902,nan
490.75,178.97537231445312,-225.35372924804688,-68.88428497314453,179.2560382611702,-225.21798762580823,-68.8972357363187,0.31203667079586256,0.33980781863075693,0.05568562793455639,3.584963362292229e-05,22.22054900589533,28.340674535548928,13.80803949021462,nan,nan
490.76,178.98370361328125,-225.3621063232422,-68.88574981689453,179.26468687348063,-225.22636045095126,-68.90017295255701,0.3123884780183703,0.33985423363241907,0.0557051844964014,3.514165967283319e-05,23.42216877700197,29.13648379630302,nan,1.2383823195804038,nan
490.77,178.99205017089844,-225.37046813964844,-68.88729095458984,179.27326571579437,-225.2346471263479,-68.90187683923415,0.31263761510086,0.33990073869377596,0.05572480690147979,3.5847517322670064e-05,23.394771905560113,29.866965997224636,nan,nan,nan
490.78000000000003,179.00039672851562,-225.3788299560547,-68.88892364501953,179.2818205683665,-225.24290445237506,-68.90320060333711,0.31285611984708417,0.33994732614643586,0.055744483548171714,3.513993364950009e-05,23.21795801206825,29.370069968128675,nan,0.14968209750235356,nan
490.79,179.0087432861328,-225.38720703125,-68.89063262939453,179.2903996152346,-225.25119102115735,-68.90506314343685,0.31311161342266725,0.33999400386429107,0.05576422608886218,3.584603670673332e-05,23.186279961612982,28.906303023145455,nan,nan,nan
490.8,179.01708984375,-225.39556884765625,-68.89241790771484,179.30370691447317,-225.25823468534583,-68.9033836595484,0.31800985060326364,0.33992870465674757,0.05575892105767077,3.5117602910010114e-05,21.21089411658694,27.32994308255835,1.6468877129072979,9.49900520383803,nan
490.81,179.0254364013672,-225.40394592285156,-68.89427947998047,179.31230022510243,-225.26651223535052,-68.90537017328288,0.31827955527502677,0.3399751845315603,0.05577866629331352,3.5823086325003975e-05,21.181014686262976,26.833285645681386,nan,nan,nan
490.82,179.03378295898438,-225.4123077392578,-68.8962173461914,179.32089569000036,-225.27479187204383,-68.90747419742465,0.31854520989453683,0.34002174689794096,0.05579846650442961,3.5117022766089614e-05,21.31435075235258,27.494693408444856,nan,0.0010776857821382473,nan
490.83,179.0421142578125,-225.42066955566406,-68.89823913574219,179.3294892450136,-225.28306904291097,-68.90961680331637,0.3188224203191779,0.34006839926474414,0.05581833237672658,3.582277594017458e-05,21.278995722219857,27.193751097889418,nan,nan,nan
490.84000000000003,179.0504608154297,-225.42904663085938,-68.90032958984375,179.33809976952142,-225.2913661770511,-68.91217253881511,0.31911178403841517,0.340115134499452,0.05583825373640877,3.511699154798286e-05,21.620010744667354,27.25946709393694,nan,0.07948018977686104,nan
490.85,179.05880737304688,-225.43740844726562,-68.90245819091797,179.37287193886615,-225.3026602127371,-68.91453389054094,0.34196412199701953,0.34004981825190866,0.0558328962190093,3.5800968278655744e-05,22.75606771148896,28.723540739045905,14.161329306073744,nan,nan
490.86,179.06715393066406,-225.44577026367188,-68.90458679199219,179.3815270577492,-225.31093065606228,-68.91692359651115,0.3422928272098809,0.34009635552414036,0.055852819904622694,3.509628318171552e-05,22.98021228751609,28.878306472101233,nan,0.005659518716229304,nan
490.87,179.07550048828125,-225.4541473388672,-68.90669250488281,179.39017783212262,-225.31919576201224,-68.9192130628721,0.3426230044743896,0.3401429825282624,0.05587280903926391,3.580172280031793e-05,22.985301024022373,28.396208051695012,nan,nan,nan
490.88,179.08384704589844,-225.46250915527344,-68.90876007080078,179.3987447435699,-225.32736297260513,-68.91976157000559,0.3428499433766209,0.340189692504486,0.05589285435535396,3.509725547558354e-05,22.01601323959762,28.06774396264308,nan,2.0647800706861337,nan
490.89,179.09219360351562,-225.4708709716797,-68.91079711914062,179.40739566219048,-225.33562716960515,-68.92197471759077,0.3431736623046091,0.34023649241275905,0.05591296519850927,3.5802987783766654e-05,22.01809589754063,27.89608598286716,nan,nan,nan
490.90000000000003,179.1005401611328,-225.479248046875,-68.91279602050781,179.42745615454368,-225.34890295449947,-68.92188427899633,0.35206037308472127,0.340171151724419,0.05590754195584236,3.507752427356751e-05,20.81739924886807,26.4335003170812,1.2179969254176286,3.609164510675435,nan
490.91,179.10888671875,-225.48760986328125,-68.91475677490234,179.43612578428377,-225.35717633257028,-68.92400148995482,0.3523971860011796,0.3402177533504309,0.055927654263851156,3.5782681381633066e-05,20.812317358944842,26.912335692684497,nan,nan,nan
490.92,179.1172332763672,-225.4959716796875,-68.91667938232422,179.44478922684638,-225.36544221454255,-68.92594627275962,0.3527275396445473,0.34026443805280043,0.05594782341828158,3.507940524783302e-05,20.83309845903649,26.920778278914835,nan,0.01277142027217315,nan
490.93,179.12557983398438,-225.5043487548828,-68.91856384277344,179.45345920870776,-225.37371525606687,-68.92798713971086,0.3530705225688771,0.3403112124160538,0.05596805792046672,3.5784872823441725e-05,20.82986118186389,26.414673517896603,nan,nan,nan
490.94,179.13392639160156,-225.51271057128906,-68.92041015625,179.46218245958136,-225.3820482762191,-68.93112913918837,0.35346793081372424,0.34035807023414255,0.05598834975236096,3.508172244113642e-05,21.584758497013837,27.68297333579926,nan,0.9099177312771279,nan
490.95,179.14227294921875,-225.5210723876953,-68.9222183227539,179.5018730761607,-225.4037444406593,-68.93306581112473,0.3784121647837349,0.34029271139715056,0.05598286619124035,3.576546688876946e-05,21.485115827388476,28.351508755956612,8.781717504715244,nan,nan
490.96000000000004,179.15061950683594,-225.52943420410156,-68.92398834228516,179.51055035631282,-225.41199482033204,-68.93409393797481,0.37874047622291135,0.340339370805112,0.056003159046386614,3.506326597132603e-05,21.068918264891202,27.980773310701128,nan,0.5890562322860485,nan
490.97,179.15895080566406,-225.53781127929688,-68.92572784423828,179.51926995688302,-225.42029230152752,-68.93599339106211,0.3791384738096318,0.3403861196029732,0.05602351709155424,3.5768492808426e-05,21.066796279257932,27.375470257576154,nan,nan,nan
490.98,179.16729736328125,-225.54617309570312,-68.92742919921875,179.52792672733992,-225.42852015071972,-68.93647982343866,0.3794438924049203,0.34043295195805,0.056043933090327895,3.506636846468202e-05,20.417852912224202,27.28431769674315,nan,1.3376198664079277,nan
490.99,179.17564392089844,-225.55453491210938,-68.9291000366211,179.53664632826758,-225.43681715600567,-68.93829816475436,0.37982208175613275,0.34047987390293477,0.05606441438609838,3.577192002968075e-05,20.408381490909754,27.205585683152375,nan,nan,nan
491.0,179.18399047851562,-225.56289672851562,-68.93074035644531,179.51268192819487,-225.42869711899536,-68.9396700681834,0.3551441172810807,0.34041449039376287,0.05605885931705878,3.5048673503326034e-05,20.744028636420307,26.524862322429023,11.250774928541619,0.18131592550912787,nan
491.01,179.1923370361328,-225.57125854492188,-68.93234252929688,179.5213536268491,-225.43695889210343,-68.94142049695473,0.3554866006061603,0.34046121360217496,0.05607934077005344,3.575367953464093e-05,20.735973387677564,26.63689987274072,nan,nan,nan
491.02,179.20069885253906,-225.5796356201172,-68.93391418457031,179.5299918356253,-225.44518408447328,-68.94237682680443,0.3557846265093908,0.34050802046691936,0.0560998807714557,3.5052479448001234e-05,20.437563933353168,25.830072634706,nan,0.40964205752975424,nan
491.03000000000003,179.20904541015625,-225.58799743652344,-68.93545532226562,179.53866387544804,-225.4534456425966,-68.94405781692546,0.356127113296107,0.34055491665305704,0.05612048594540452,3.57578229066225e-05,20.42618413157465,26.292968967245205,nan,nan,nan
491.04,179.21739196777344,-225.5963592529297,-68.93696594238281,179.54738056848933,-225.4617549897966,-68.94673440438314,0.35651957464617484,0.34060189687181336,0.05614115012187035,3.505662461972299e-05,21.04077081049564,26.914923331284378,nan,0.74026298709032,nan
491.05,179.22573852539062,-225.60472106933594,-68.93844604492188,179.5755529767305,-225.4754343126574,-68.94829340996293,0.3730712886526243,0.34053649401507163,0.05613552697296136,3.57402759611275e-05,21.375186608417795,27.4694693264462,4.293280496966248,nan,nan
491.06,179.2340850830078,-225.6130828857422,-68.93989562988281,179.58415401714933,-225.48358577442258,-68.94737012098675,0.37332777623472435,0.3405832753574911,0.056156190794307705,3.5039907108413647e-05,20.219244196612216,26.34207114294323,nan,4.491546731531088,nan
491.07,179.242431640625,-225.6214599609375,-68.94131469726562,179.59286273921273,-225.49185137724984,-68.94891867922595,0.3737086570640011,0.3406301457560042,0.05617691968486424,3.5745057031293646e-05,20.207426786533517,25.879464551515294,nan,nan,nan
491.08,179.2507781982422,-225.62982177734375,-68.94271087646484,179.60152312903577,-225.50006616410147,-68.94928520220363,0.3740344200794819,0.3406771002800698,0.05619770813241682,3.5044651671274904e-05,19.786079913626562,25.85964767307129,nan,0.9386425412319389,nan
491.09000000000003,179.25912475585938,-225.63818359375,-68.9440689086914,179.61023209006228,-225.50833168109386,-68.95076762397855,0.3744098718490571,0.3407241440637261,0.0562185617850047,3.5750146679799215e-05,19.770909730611418,26.073352849170785,nan,nan,nan
491.1,179.26747131347656,-225.64654541015625,-68.9454116821289,179.62840641768892,-225.52402537250566,-68.95264914408176,0.3812318060369664,0.3406587162005209,0.05621286111878696,3.5028513693723474e-05,19.534087117237647,26.0635264610334,2.39713427660389,0.10320011327807989,nan
491.11,179.27581787109375,-225.6549072265625,-68.94672393798828,179.63712559281316,-225.53231077018737,-68.95408374273921,0.38161148779325954,0.3407055607789651,0.05623371354589998,3.5733481631194106e-05,19.517009187504318,26.132693780248555,nan,nan,nan
491.12,179.28416442871094,-225.6632843017578,-68.94800567626953,179.64581135690963,-225.54056164122565,-68.95466160578373,0.3819602773605423,0.340752489570272,0.05625462605655422,3.503378861010795e-05,19.23019500106839,25.42778972842075,nan,0.4870983385353479,nan
491.13,179.2925262451172,-225.67164611816406,-68.94926452636719,179.65453095988585,-225.5488471080623,-68.95603765152221,0.38232562773253775,0.34079950736218606,0.056275603700826085,3.573911053280513e-05,19.210949524548017,25.878291870537886,nan,nan,nan
491.14,179.30087280273438,-225.6800079345703,-68.95050048828125,179.66324900010235,-225.55713089479897,-68.95734838883354,0.38270376149682384,0.34084660973792563,0.056296641854511165,3.503932138893763e-05,19.228168280408045,25.86851291514149,nan,0.001182663871823856,nan
491.15000000000003,179.30921936035156,-225.68836975097656,-68.95171356201172,179.6525330031016,-225.55952957721115,-68.95868878507811,0.36675973253757604,0.34078116126422897,0.05629086543365686,3.572296660951787e-05,18.986148052510853,25.300620804045522,3.747193263939091,nan,nan
491.16,179.31756591796875,-225.6967315673828,-68.95289611816406,179.66117872936005,-225.56776980904004,-68.95899461265003,0.36706687524493975,0.3408280642805114,0.056311901781993697,3.502391288475657e-05,18.648319078368488,25.089719554678908,nan,0.7026545485902059,nan
491.17,179.32591247558594,-225.70510864257812,-68.95405578613281,179.66986353465285,-225.57604902837755,-68.96026583075272,0.3674197595462587,0.3408750560435442,0.05633300321216542,3.572906933021972e-05,18.630096297559838,24.547637728292905,nan,nan,nan
491.18,179.33425903320312,-225.71347045898438,-68.9552001953125,179.67853967375837,-225.58431943424674,-68.96128430665868,0.3677582943494019,0.34092213246859,0.056354165640224906,3.50298905963281e-05,18.569766012371723,24.871516532379303,nan,0.03739588583425548,nan
491.19,179.34262084960938,-225.72183227539062,-68.95631408691406,179.68722482315545,-225.5925986858831,-68.96250882375287,0.36809182822393943,0.3409692978501579,0.056375393313386424,3.573540382893769e-05,18.548478318718093,25.037854757852507,nan,nan,nan
491.2,179.35096740722656,-225.73019409179688,-68.95740509033203,179.69283695235188,-225.59902624181666,-68.96405683070829,0.36622948598202554,0.34090382392516966,0.05636953316260138,3.50149118135238e-05,18.818294601387656,25.192337837010015,0.28663624637613355,0.05722267487489288,nan
491.21000000000004,179.35931396484375,-225.73855590820312,-68.95848083496094,179.70151826364372,-225.60730106129068,-68.9652428309101,0.3665751512915245,0.34095078961873626,0.056390758155052415,3.571990823252246e-05,18.79736002960801,25.056875396923996,nan,nan,nan
491.22,179.36766052246094,-225.74693298339844,-68.95953369140625,179.71024774933045,-225.61562247843082,-68.96771295434955,0.36698141243295684,0.34099784004536876,0.05641204460791362,3.5021277492044014e-05,19.392162372924016,25.166023911477758,nan,1.2006257788184094,nan
491.23,179.3760223388672,-225.7552947998047,-68.96056365966797,179.7189293954428,-225.62389723187965,-68.96887122744589,0.367314015507656,0.3410449791834347,0.05643339628336059,3.572663686065756e-05,19.37549225961478,25.740766148683797,nan,nan,nan
491.24,179.38436889648438,-225.76365661621094,-68.9615707397461,179.72760650045893,-225.63216739611917,-68.96988158178597,0.3676554608297663,0.3410922034181429,0.05645480981886689,3.502783447818599e-05,19.37827696990018,25.77010750750521,nan,0.011607560652694325,nan
491.25,179.39271545410156,-225.7720184326172,-68.96256256103516,179.72346020466708,-225.63718943129516,-68.97086322724398,0.35726719788367284,0.3410267075760187,0.056448866333919163,3.5711522213756894e-05,19.085951544580222,25.243140139353322,2.661284051205379,nan,nan
491.26,179.4010772705078,-225.78038024902344,-68.96353149414062,179.7320821707293,-225.64542810244413,-68.97093745874805,0.3575348572499968,0.3410737319527433,0.056470276545461516,3.501338338612776e-05,18.684783237167533,24.937675100645436,nan,0.7371431754125456,nan
491.27,179.409423828125,-225.7887420654297,-68.9644775390625,179.74074037551594,-225.65370100273972,-68.97200510228119,0.35785947995756623,0.3411208448021566,0.05649175197454421,3.571859156065568e-05,18.667264467678073,24.971750354310412,nan,nan,nan
491.28000000000003,179.4177703857422,-225.797119140625,-68.96540832519531,179.74939792050156,-225.6619733286308,-68.97303280320062,0.3581889794159015,0.34116804280837876,0.05651328969139925,3.5020260164584334e-05,18.705336808175094,24.43051358445588,nan,0.00034263372428320493,nan
491.29,179.42613220214844,-225.80548095703125,-68.96632385253906,179.75805638971008,-225.67024635815724,-68.97406468751063,0.35849962837794597,0.34121532950501626,0.05653489281418085,3.572583066573085e-05,18.684418730950487,24.926487671261963,nan,nan,nan
491.3,179.43447875976562,-225.8138427734375,-68.96721649169922,179.77548150765168,-225.68642052496386,-68.97420056914639,0.3640989986386984,0.3411498076536253,0.056528859211407045,3.500611850726564e-05,17.86084152647866,24.625421559376992,2.7671966155867924,0.4888988750048666,nan
491.31,179.4428253173828,-225.82220458984375,-68.96809387207031,179.78414792021493,-225.69471540781032,-68.9751887213947,0.3644241315096779,0.3411968941659128,0.05655045812829637,3.571117669390326e-05,17.839200730855165,24.55254819992063,nan,nan,nan
491.32,179.45118713378906,-225.83058166503906,-68.96895599365234,179.79280569323063,-225.703001889763,-68.97588969228661,0.36472992116246616,0.3412440658872408,0.05657211973721347,3.501326906564794e-05,17.766120590464997,23.934829224585883,nan,0.05161717332271914,nan
491.33,179.45953369140625,-225.8389434814453,-68.96979522705078,179.80147276180656,-225.71129654249785,-68.97684213070094,0.36505578716128284,0.3412913260703679,0.05659384677280157,3.571869386208393e-05,17.745664173254056,24.543773440098533,nan,nan,nan
491.34000000000003,179.46788024902344,-225.84730529785156,-68.97061920166016,179.8101486372136,-225.7195989929681,-68.97804591645341,0.36539253680650624,0.3413386718175646,0.05661563687655473,3.502055787530941e-05,17.89275417124673,24.667851588945837,nan,0.0504166954416893,nan
491.35,179.4762420654297,-225.8556671142578,-68.97142791748047,179.84550362024854,-225.74124641006657,-68.97914288173514,0.38665968769488385,0.34127312671369464,0.0566095124587492,3.570430974607988e-05,17.68830158436371,25.259602084833453,8.416165081362081,nan,nan
491.36,179.48458862304688,-225.86402893066406,-68.97222137451172,179.8541947569678,-225.7495539143253,-68.97952631092278,0.3869968807286319,0.3413202720903123,0.05663129765468134,3.5006783852227446e-05,17.50793377383973,25.06619408463466,nan,0.19687913928968562,nan
491.37,179.49295043945312,-225.87240600585938,-68.9729995727539,179.86290280278334,-225.7578763968139,-68.98041757953982,0.38734585231597946,0.34136750570702257,0.05665314831293817,3.571206229024984e-05,17.48791811811843,24.480688659069767,nan,nan,nan
491.38,179.5012969970703,-225.88076782226562,-68.97386932373047,179.8716297158625,-225.7662153940194,-68.98195286124945,0.3877291902912854,0.34141482492834585,0.056675062412651946,3.5014293670709394e-05,17.77561600176321,25.323848763766996,nan,0.25916675575283954,nan
491.39,179.50965881347656,-225.88912963867188,-68.97482299804688,179.88033788254967,-225.77453787113734,-68.98297848814849,0.38807313415694006,0.3414622326162925,0.05669704218531277,3.5719935810015086e-05,17.733118231588747,25.392142353966182,nan,nan,nan
491.40000000000003,179.51800537109375,-225.89749145507812,-68.97586822509766,179.90649495203874,-225.78987889296113,-68.98150612962678,0.4031580384857523,0.3413966608336043,0.05669082111703577,3.500073499980892e-05,16.79128274373595,24.81306900594875,2.7272949803958277,4.677147160254093,nan
491.41,179.5263671875,-225.90586853027344,-68.97699737548828,179.9152324969301,-225.79821332099405,-68.9826835222199,0.40353216133017183,0.34144386782779534,0.056712795091310664,3.57058655036137e-05,16.752488695415984,24.251948513731772,nan,nan,nan
491.42,179.5347137451172,-225.9142303466797,-68.97821044921875,179.92399118749537,-225.80656569247267,-68.9846603410092,0.40394332029893415,0.34149116045897154,0.05673483285962516,3.500842943127716e-05,16.998124854184386,25.14683112027516,nan,0.35802451570141053,nan
491.43,179.54307556152344,-225.92259216308594,-68.9795150756836,179.9327289311327,-225.8149001591301,-68.98601803232071,0.40431374526336533,0.34153854134567985,0.05675693635842331,3.5713926711657195e-05,16.956023279151946,24.98045984297098,nan,nan,nan
491.44,179.55142211914062,-225.9309539794922,-68.98089599609375,179.94147174356124,-225.82323867623018,-68.9876321286561,0.4047056603871332,0.3415860082154181,0.05677910400697194,3.5016220953632227e-05,17.03073363116834,25.209642526259117,nan,0.020734133877149678,nan
491.45,179.55978393554688,-225.93931579589844,-68.98236083984375,179.96864843981564,-225.84496451877956,-68.98914510478556,0.4196645953564642,0.3415204118268414,0.056772784741500326,3.570004057211574e-05,16.351320499435566,25.454975963537148,6.440315034548134,nan,nan
491.46000000000004,179.56813049316406,-225.94769287109375,-68.9839096069336,179.9773801312054,-225.85330969136845,-68.9897578882059,0.42003291924069275,0.3415676778005009,0.05679494583600191,3.5002906358089785e-05,16.003497053941334,24.485614704187935,nan,0.7040315830133373,nan
491.47,179.5764923095703,-225.9560546875,-68.98554229736328,179.98614003991065,-225.8616779850252,-68.99144144607278,0.4204200576786304,0.3416150318255709,0.05681717273071136,3.570825605120142e-05,15.962863593602282,24.98570673327397,nan,nan,nan
491.48,179.5848388671875,-225.96441650390625,-68.98724365234375,179.9948952405582,-225.8700422179203,-68.99302952953853,0.4208161256085736,0.34166247185429854,0.05683946410087111,3.501084305321663e-05,15.90723202300846,25.184104875968313,nan,0.02196843019265884,nan
491.49,179.59320068359375,-225.9727783203125,-68.9890365600586,180.00365531836428,-225.87841025903887,-68.99487237587829,0.4212035077482551,0.34171000016996783,0.056861821500951,3.571655520698325e-05,15.866708986069124,24.87217937986021,nan,nan,nan
491.5,179.60154724121094,-225.98114013671875,-68.99089813232422,180.00198476934253,-225.87316132419593,-68.99521917391941,0.4147629555426123,0.34164437632627986,0.056855398939114454,3.499767228305302e-05,16.51610098705874,24.736168417961437,9.20318955798042,1.5916114660829097,nan
491.51,179.6099090576172,-225.98951721191406,-68.99284362792969,180.01074095827553,-225.8814888994073,-68.99720350021732,0.4151570032828645,0.34169170342624433,0.05687774888366919,3.570287114678647e-05,16.48013062335248,23.975062989293185,nan,nan,nan
491.52,179.61825561523438,-225.9978790283203,-68.99485778808594,180.01951572639604,-225.88983082524715,-68.99997641672341,0.4155842770797976,0.34173911654251055,0.056900163611460136,3.5005725946889415e-05,16.66034539267265,24.915976622001146,nan,0.35693501312447673,nan
491.53000000000003,179.62661743164062,-226.00624084472656,-68.99695587158203,180.02827196900344,-225.89815790297067,-69.00212182487495,0.41597473091062986,0.34178661775203684,0.05692264445675858,3.5711289646510035e-05,16.622677117149202,24.685158363489222,nan,nan,nan
491.54,179.6349639892578,-226.0146026611328,-68.99908447265625,180.0370687075436,-225.90651595200555,-69.00591612913519,0.41643440382357677,0.34183420531503744,0.05694519042377761,3.5013845708540265e-05,17.172655525436443,25.387145366024505,nan,1.787945922536311,nan
491.55,179.64332580566406,-226.02296447753906,-69.00121307373047,180.0468997879931,-225.91925275099962,-69.00827045666551,0.41674679133571335,0.3417685555011206,0.05693866237948618,3.569772561162228e-05,16.781954203303073,25.247659669486712,2.011675236908837,nan,nan
491.56,179.65167236328125,-226.0313262939453,-69.0033187866211,180.05566781004663,-225.9276054815755,-69.0111264783274,0.4171705741966827,0.3418159416306407,0.05696120008651869,3.500082644529847e-05,17.09252739103287,25.576591340470976,nan,0.27911863179566265,nan
491.57,179.6600341796875,-226.03970336914062,-69.00538635253906,180.064420247608,-225.93594616598497,-69.01333405080153,0.41756055254605634,0.34186341566639794,0.05698380400813697,3.5706237819730285e-05,17.08512068262653,25.10059548832856,nan,nan,nan
491.58,179.6683807373047,-226.04806518554688,-69.0074234008789,180.07314601719267,-225.94426696202999,-69.01440510686257,0.4179207427569266,0.34191097605701737,0.057006473336422496,3.500903493732472e-05,16.67268174104944,25.165638895884012,nan,0.8596139878721983,nan
491.59000000000003,179.67674255371094,-226.05642700195312,-69.0094223022461,180.0818983622493,-225.95260746457294,-69.0165326953734,0.4183064465492114,0.3419586245981185,0.05702920912492092,3.5714806076743105e-05,16.659591767226086,25.13742514406494,nan,nan,nan
491.6,179.68508911132812,-226.06478881835938,-69.01138305664062,180.11946447224764,-225.96658506299786,-69.0190407097725,0.4454038295665547,0.34189294645328927,0.057022571056341766,3.4996106834999345e-05,17.633712708412858,26.519711612030427,10.65713789873845,0.20427066777890598,nan
491.61,179.69345092773438,-226.07315063476562,-69.0133056640625,180.12827227289523,-225.97492444032105,-69.0210963435781,0.44584602966705317,0.34194039324471553,0.05704529767021807,3.570136179508483e-05,17.622755756521386,26.43472632563278,nan,nan,nan
491.62,179.70179748535156,-226.08151245117188,-69.01519012451172,180.13705347429033,-225.98324470354248,-69.0219480890751,0.4462622504943197,0.34198792638489284,0.057068089960481565,3.500438263259294e-05,17.192757859613096,26.066453976077558,nan,0.9608806345407959,nan
491.63,179.7101593017578,-226.08987426757812,-69.01703643798828,180.1458613099665,-225.99158397679906,-69.02391819955741,0.446704130113899,0.3420355474983245,0.05709094882200745,3.570999940188849e-05,17.178983191767827,26.014534450409723,nan,nan,nan
491.64,179.718505859375,-226.09823608398438,-69.01885223388672,180.12858388996273,-226.02578307453373,-69.02643668184083,0.4164984436944893,0.34137609920638784,0.05642014157496566,3.501089648521166e-05,18.358695385575917,27.136700739311163,nan,0.276605039982535,0.9632380709822854
491.65000000000003,179.72686767578125,-226.10659790039062,-69.02062225341797,180.11965696783213,-226.0323734660943,-69.02832450871051,0.39981498137642524,0.3413089525143692,0.056414550498054,3.569478283983707e-05,17.61615586672893,26.503475007481413,7.554945479974283,nan,nan
491.66,179.73521423339844,-226.11495971679688,-69.0223617553711,180.12839428746963,-226.04080504260244,-69.03071876658039,0.4001990882806485,0.3413551183361476,0.05643431723296445,3.499811473442416e-05,17.906811971206405,26.728415470812173,nan,0.19461785289118072,nan
491.67,179.7435760498047,-226.12332153320312,-69.02406311035156,180.1371371006,-226.04921237390434,-69.03255905194675,0.40056790837343975,0.3414013701780178,0.05645414623446277,3.570353369706433e-05,17.889311794770673,26.74797969607741,nan,nan,nan
491.68,179.75192260742188,-226.13169860839844,-69.0257339477539,180.14588404206407,-226.05760267229476,-69.03399057069647,0.40095385215113066,0.3414477078884562,0.056474031766528716,3.500654268270749e-05,17.774323209605182,26.00077075068512,nan,0.09953732197450232,nan
491.69,179.76028442382812,-226.1400604248047,-69.02737426757812,180.1546274737637,-226.06600987546724,-69.03576146103852,0.40132314897574456,0.341494131911219,0.05649397970465031,3.571232014640478e-05,17.75313335011852,26.52361879062195,nan,nan,nan
491.7,179.76864624023438,-226.14842224121094,-69.02897644042969,180.1178329124527,-226.05494724062518,-69.03643682178591,0.3615585223437609,0.34142699044545,0.05648833120853532,3.49938132022164e-05,17.456380993137575,25.10089997445804,18.55885556019227,0.6946100312306746,nan
491.71000000000004,179.77699279785156,-226.1567840576172,-69.03054809570312,180.1265037638539,-226.06331924449776,-69.03813319217329,0.3618716904315546,0.3414732166369195,0.056508279899161594,3.569907316728493e-05,17.435007515204212,25.042654993940193,nan,nan,nan
491.72,179.7853546142578,-226.16514587402344,-69.03208923339844,180.1351819258003,-226.07166195953099,-69.03911060665374,0.36217080204272994,0.3415195286117981,0.05652828567407431,3.500227176534072e-05,17.18854023404883,24.813573432741176,nan,0.3344293081004778,nan
491.73,179.793701171875,-226.1735076904297,-69.03359985351562,180.14385300392345,-226.08003389778804,-69.04073927747436,0.3624839676070714,0.34156592682505965,0.056548353812683756,3.570789205883916e-05,17.165114521954393,24.768930200717627,nan,nan,nan
491.74,179.80206298828125,-226.18186950683594,-69.03507995605469,180.15254711039412,-226.0883155728368,-69.04016319342509,0.3627909835182135,0.341612411108555,0.05656847945944601,3.501075723284959e-05,16.432522678119895,24.079201805103644,nan,3.339192369095366,nan
491.75,179.81040954589844,-226.1902313232422,-69.03652954101562,180.1904873013543,-226.106807331571,-69.04174917155348,0.38916051588216194,0.3415452747885019,0.0565627757616128,3.569468459011503e-05,16.695177130624664,24.92024492473561,8.126934470697297,nan,nan
491.76,179.8187713623047,-226.19859313964844,-69.03795623779297,180.1991904867008,-226.1152675333385,-69.04512954811707,0.38950394510738556,0.3415915610618934,0.056582901730237035,3.499806293382219e-05,17.359629216195728,25.49597113298023,nan,2.4417503181534985,nan
491.77000000000004,179.82711791992188,-226.2069549560547,-69.03934478759766,180.20791344525426,-226.12365308037565,-69.04664128505921,0.3898687900820254,0.341637933497664,0.05660309003828534,3.570352140071737e-05,17.338832888593114,25.661763359642805,nan,nan,nan
491.78000000000003,179.83547973632812,-226.21531677246094,-69.04071044921875,180.21665430185757,-226.13197341157482,-69.04645935432015,0.39022200747807995,0.3416843919200199,0.056623336372413534,3.500656679240005e-05,16.74932469126593,24.985302560669016,nan,1.9604507487494016,nan
491.79,179.8438262939453,-226.2236785888672,-69.04205322265625,180.22537764079465,-226.14035878953004,-69.04790073702513,0.39058649831812964,0.3417309367952556,0.05664364521055352,3.571238003968362e-05,16.721115498295443,24.897581283565444,nan,nan,nan
491.8,179.85218811035156,-226.23204040527344,-69.04336547851562,180.22876735223608,-226.14187404598073,-69.04535654830985,0.38722843661764117,0.3416638048918107,0.05663787831884819,3.4993898910570845e-05,16.461083861077114,24.183634139970035,3.6628727345259238,11.675155494453847,nan
491.81,179.8605499267578,-226.2404022216797,-69.04464721679688,180.23749139738578,-226.15023771161884,-69.04670833891315,0.3875806488694532,0.3417101515775111,0.05665818674545808,3.56991910158375e-05,16.425610725074574,24.263915477145023,nan,nan,nan
491.82,179.868896484375,-226.24876403808594,-69.04590606689453,180.24620487763698,-226.1586383438021,-69.04903415852657,0.3879356252696353,0.3417565841669023,0.05667855369127112,3.5002409242717074e-05,16.545821506265746,24.368419502652955,nan,0.7042265856173173,nan
491.83,179.87725830078125,-226.2571258544922,-69.0471420288086,180.2549291130398,-226.16700215750743,-69.05034694944102,0.38828828813973915,0.3418031031304889,0.05669898314400235,3.570805805101265e-05,16.51276110618135,24.294856021224426,nan,nan,nan
491.84000000000003,179.88560485839844,-226.26548767089844,-69.04835510253906,180.26365872635446,-226.17534846981692,-69.05114946312827,0.3886613064085859,0.3418497082862504,0.05671947151552113,3.5010935807756215e-05,16.4078557935311,24.18953223748363,nan,0.16698419283777124,nan
491.85,179.8939666748047,-226.2738494873047,-69.0495376586914,180.24165825070384,-226.17139054831142,-69.05249303474436,0.36248586231530905,0.34178258068152273,0.05671364225168413,3.5694886951367855e-05,16.383281210685194,23.600526095049645,8.613772939796752,nan,nan
491.86,179.90232849121094,-226.28221130371094,-69.05070495605469,180.25033186363746,-226.17973521062424,-69.05378512047761,0.3627908271820209,0.34182898746152096,0.05673412971473455,3.4998271848405365e-05,16.36863940242715,23.437856563879233,nan,0.0019510732054148774,nan
491.87,179.91067504882812,-226.2905731201172,-69.05184173583984,180.2590059873989,-226.18807799373909,-69.05500272875504,0.3631111201451499,0.34187548053510786,0.05675467970400337,3.570375183491828e-05,16.337279514119437,23.54402000285193,nan,nan,nan
491.88,179.91903686523438,-226.29893493652344,-69.0529556274414,180.2676801761298,-226.19642087547882,-69.05619847095505,0.3634168501570033,0.34192205988335717,0.056775290670294076,3.6423544719925226e-05,16.305222008285092,23.564497065434676,nan,nan,nan
491.89,179.92738342285156,-226.30731201171875,-69.0540542602539,180.27635444942666,-226.20476387395965,-69.05737272187166,0.36374154304154915,0.34196872565076913,0.05679596275810686,3.71577950036262e-05,16.274750050943684,22.838716271367304,nan,nan,nan
491.90000000000003,179.9357452392578,-226.315673828125,-69.05512237548828,180.26125602075146,-226.19392560813512,-69.05626115119313,0.34753588987242195,0.34190160153804894,0.05679006417645024,3.63517771889013e-05,17.247866765072335,23.367443441719452,17.818329667447852,3.8808589068106634,nan
491.91,179.94410705566406,-226.32403564453125,-69.0561752319336,180.2699094727526,-226.20221573365222,-69.05737299271948,0.3478343575586064,0.3419480687394931,0.05681073461019052,3.708374275612276e-05,17.21195955510242,23.23092818707729,nan,nan,nan
491.92,179.95245361328125,-226.3323974609375,-69.05720520019531,180.27856318182887,-226.21050564290493,-69.05845700631038,0.34814743000652765,0.34199462195818303,0.05683146474751904,3.630427543228242e-05,17.178388741830084,23.22843423994376,nan,3.906739224174834e-05,nan
491.93,179.9608154296875,-226.34075927734375,-69.05821990966797,180.28721704306707,-226.218795800515,-69.05952887042167,0.3484462889387656,0.34204126168860977,0.056852257754489814,3.70349602303196e-05,17.142606882315466,23.14448178576162,nan,nan,nan
491.94,179.96917724609375,-226.34912109375,-69.0592041015625,180.29587882694446,-226.22706369583005,-69.05984845473392,0.3487582923865041,0.34208798772692767,0.056873110852105155,3.625815423737384e-05,17.068974898066628,23.324954929890758,nan,0.3529243068994014,nan
491.95,179.97752380371094,-226.35748291015625,-69.06017303466797,180.2969490808468,-226.22837233894484,-69.06097267294443,0.34453256260217935,0.3420208669632442,0.05686714288567131,3.6964093696245045e-05,17.594689849324727,23.31585675511412,2.8446749464292833,nan,nan
491.96000000000004,179.9858856201172,-226.3658447265625,-69.06112670898438,180.3055999680069,-226.2366369903028,-69.06179550580121,0.3448367014183441,0.3420673942426389,0.056887993779422254,3.619088053509729e-05,17.55181882919477,23.246183811819236,nan,0.023112891710987685,nan
491.97,179.99424743652344,-226.37420654296875,-69.06205749511719,180.31424903061205,-226.24490712506093,-69.06278557250802,0.34513749403279564,0.34211400794762503,0.05690890758184461,3.691829373237247e-05,17.51593220489559,23.32163596372136,nan,nan,nan
491.98,180.00259399414062,-226.382568359375,-69.06297302246094,180.32288889687874,-226.25320185669662,-69.06462232992703,0.34543774685226547,0.34216070788179165,0.056929881899286175,3.6147632006751666e-05,17.539774939574258,23.263576619071113,nan,0.4940612980770782,nan
491.99,180.01095581054688,-226.39093017578125,-69.0638656616211,180.3315378417996,-226.26147205925906,-69.06558574230537,0.34573863158916396,0.3422074945285016,0.056950919326458085,3.687397064725761e-05,17.50686461881836,23.398005028697852,nan,nan,nan
492.0,180.01931762695312,-226.3992919921875,-69.06474304199219,180.3546295185721,-226.27237021426862,-69.06627397703379,0.35853248964812673,0.3421403762504284,0.05694487589518422,3.608344022890206e-05,17.92864494542414,23.802387333044354,3.1879501211237984,0.0562445124172105,nan
492.01,180.02767944335938,-226.40765380859375,-69.06560516357422,180.36330822811973,-226.28063837086094,-69.06720141368638,0.3588623003278462,0.34218696393716824,0.05696591035068386,3.68078604468687e-05,17.895823028374142,23.745993963254893,nan,nan,nan
492.02000000000004,180.03602600097656,-226.41603088378906,-69.06644439697266,180.37197994935488,-226.2889249166281,-69.06880048103872,0.3592026356404285,0.3422336377745513,0.056987005722259544,3.604308673413199e-05,17.94643529651728,23.464094942083292,nan,0.31468155606852416,nan
492.03000000000003,180.0443878173828,-226.4243927001953,-69.06726837158203,180.38065901492556,-226.2971934761051,-69.06970261366314,0.35953287254504807,0.34228039823649836,0.057008164268122656,3.676656742797468e-05,17.91646376612687,23.93339511958869,nan,nan,nan
492.04,180.05274963378906,-226.43275451660156,-69.06807708740234,180.38933674125025,-226.30546559503023,-69.07072809803564,0.3598616099575757,0.3423272451406904,0.05702938409403811,3.600416003393212e-05,17.91337762159573,23.922336791054708,nan,0.012837787682927718,nan
492.05,180.0611114501953,-226.4411163330078,-69.0688705444336,180.37233674992953,-226.3036075347927,-69.07157229653677,0.3402604241542768,0.3422601291385332,0.05702326413480671,3.6703667388566866e-05,17.8698828042101,23.415563173257418,5.832642911686451,nan,nan
492.06,180.0694580078125,-226.44947814941406,-69.06964874267578,180.3809657140814,-226.3118784698543,-69.07320983769333,0.34056336308768503,0.34230677688210037,0.05704448037793166,3.59445143896237e-05,17.987567557823226,23.500028511973806,nan,0.407086904949551,nan
492.07,180.07781982421875,-226.4578399658203,-69.0704116821289,180.3896029280333,-226.32013020419507,-69.07406034573552,0.34086066804081333,0.34235351116095997,0.05706575987418425,3.666539241360552e-05,17.96076712608192,23.532477469807993,nan,nan,nan
492.08,180.086181640625,-226.46620178222656,-69.0712661743164,180.398240250156,-226.32838195891125,-69.07494916006738,0.34115750594867816,0.34240033196057806,0.057087101863023,3.7400705177611414e-05,17.923087587305773,23.492401630254083,nan,nan,nan
492.09000000000003,180.09454345703125,-226.4745635986328,-69.07220458984375,180.40687769283252,-226.33663382062943,-69.0759284710404,0.3414544857002096,0.3424472394254549,0.05710850648894811,3.815059718184139e-05,17.88666204454767,23.620768209962648,nan,nan,nan
492.1,180.1029052734375,-226.48292541503906,-69.07323455810547,180.409727305798,-226.34905666927355,-69.07878609221693,0.3348005677498786,0.3423801247992349,0.05710230466605425,3.7278554400527715e-05,17.50552702291191,23.546715576184635,5.16588885690267,2.0628023092680614,nan
492.11,180.1112518310547,-226.49130249023438,-69.07434844970703,180.4183439714356,-226.35732905578453,-69.07996062482623,0.3350909732171061,0.34242683289295445,0.057123704929143995,3.8024938596400695e-05,17.47149776882343,23.04405505603501,nan,nan,nan
492.12,180.11961364746094,-226.49966430664062,-69.07555389404297,180.42694741131,-226.3656303371606,-69.08253140123462,0.33536224143874144,0.34247362726067987,0.057145167135069355,3.7183553870651864e-05,17.914150631312967,23.941888793862763,nan,1.0694069317787187,nan
492.13,180.1279754638672,-226.50802612304688,-69.07683563232422,180.43556391666004,-226.37390307084104,-69.08389245687279,0.33563290690458564,0.3425205083708671,0.05716669297508143,3.7927530595981355e-05,17.879444924849224,24.16974332768212,nan,nan,nan
492.14,180.13633728027344,-226.51638793945312,-69.07820892333984,180.44418602591165,-226.38216389090593,-69.08477538264712,0.33590186630510693,0.34256747604811405,0.05718828110846222,3.7091782578038716e-05,17.690568477220783,23.79152929294867,nan,0.19925308790646618,nan
492.15000000000003,180.1446990966797,-226.52474975585938,-69.07965850830078,180.43308347140106,-226.38122729787696,-69.0863729474212,0.32219454871467584,0.34250036253977517,0.057181995736853605,3.780916284886667e-05,17.867860825648616,23.805329146625613,3.776622965170107,nan,nan
492.16,180.15304565429688,-226.53311157226562,-69.08119201660156,180.44165966197272,-226.38950287067456,-69.0890111080561,0.32246339759817544,0.3425471306382287,0.05720357884610311,3.697995811354412e-05,18.29151781376694,24.104312937666233,nan,0.6671725012260582,nan
492.17,180.16140747070312,-226.54147338867188,-69.08280944824219,180.4502460833438,-226.3977575218049,-69.09071357301559,0.3227142230053703,0.3425939853858161,0.05722522568870422,3.7718584697567436e-05,18.25658262242837,24.088131901064344,nan,nan,nan
492.18,180.16976928710938,-226.54983520507812,-69.08450317382812,180.45881965935197,-226.40603821397727,-69.0938360754984,0.32297801070170695,0.342640926623665,0.057246935160768814,3.689468322279728e-05,18.92314799037068,24.869167580773794,nan,1.1362737887818117,nan
492.19,180.17813110351562,-226.55819702148438,-69.0862808227539,180.46740640247734,-226.41429292100722,-69.09571353530612,0.3232298946409825,0.3426879547955476,0.057268708601490415,3.7631298558666904e-05,18.88874383104506,24.7207674404352,nan,nan,nan
492.2,180.18649291992188,-226.5665740966797,-69.08812713623047,180.4567299961788,-226.41155636387646,-69.09623684943222,0.31164778567409046,0.342620841482626,0.0572623349157054,3.678958902005199e-05,18.70914531915382,23.846874730560017,4.356657045731248,1.242728959401062,nan
492.21000000000004,180.19483947753906,-226.57493591308594,-69.09005737304688,180.46529037168105,-226.41978631125875,-69.09825767899903,0.3119011543855605,0.34266766985561736,0.057284102531983745,3.7523390718930286e-05,18.67704511074146,24.026126209718694,nan,nan,nan
492.22,180.2032012939453,-226.5832977294922,-69.0920639038086,180.47387109845116,-226.42797807668,-69.09822510550181,0.3121286562096349,0.34271458464154964,0.05730593309534638,3.6710637815255485e-05,17.881745913595342,23.34113305913314,nan,2.90913741966901,nan
492.23,180.21156311035156,-226.59165954589844,-69.09414672851562,180.4824316417136,-226.43620772007932,-69.10037913533813,0.3123681711178628,0.34276158626741743,0.057327827745250685,3.744267639619861e-05,17.847943667899557,23.293529832391865,nan,nan,nan
492.24,180.2199249267578,-226.6000213623047,-69.09626007080078,180.4910011445838,-226.44442107942743,-69.10164046290151,0.31260632194740673,0.34280867459938374,0.05734978567512112,3.6634730850260074e-05,17.56369641406755,23.260650205975157,nan,0.5812492286159476,nan
492.25,180.22828674316406,-226.60838317871094,-69.09838104248047,180.5108567465306,-226.46094692498178,-69.10387514448131,0.31876863219747936,0.3427415611412106,0.057343321378612824,3.734152787666692e-05,17.119822422653467,22.937209373285633,2.550768881273736,nan,nan
492.26,180.23663330078125,-226.6167449951172,-69.10047912597656,180.51943417216282,-226.46918994078814,-69.10559252001742,0.31902190161623556,0.3427884494586198,0.05736527277028741,3.6539239550322724e-05,16.9904252832529,22.751885053198187,nan,0.15764458630625333,nan
492.27000000000004,180.2449951171875,-226.62510681152344,-69.1025390625,180.52800682521584,-226.4774409042903,-69.10777278828371,0.31926202236671675,0.34283542452124127,0.05738728837590162,3.726716986857944e-05,16.972535430752885,23.00354026192534,nan,nan,nan
492.28000000000003,180.25335693359375,-226.6334686279297,-69.10456848144531,180.53658698908652,-226.4856783968959,-69.10906490366213,0.31950185372890305,0.3428824862120306,0.05740936755622024,3.6469368893422325e-05,16.754609298843803,22.648961981900182,nan,0.4749199674009236,nan
492.29,180.26171875,-226.64183044433594,-69.10655975341797,180.54515918348096,-226.4939293004288,-69.11116805811616,0.3197412456551548,0.3429296349329116,0.05743151120163346,3.719586409318759e-05,16.73391629124482,22.66138099710042,nan,nan,nan
492.3,180.2700653076172,-226.6501922607422,-69.10850524902344,180.55329995193088,-226.51021116265144,-69.11207530052575,0.3159577769733232,0.3428625204082687,0.05742495201680848,3.638004238381212e-05,15.52122340782706,22.1375329666618,6.819172289236923,0.853204626062536,nan
492.31,180.27842712402344,-226.65855407714844,-69.11042022705078,180.56185787962966,-226.5184913010123,-69.11409241094621,0.3161709338586305,0.34290946888646784,0.05744708830790121,3.710429669866437e-05,15.496156512513258,22.014735407094104,nan,nan,nan
492.32,180.2867889404297,-226.6669158935547,-69.11229705810547,180.57040638800618,-226.52678637787525,-69.11713066440855,0.31638347220461494,0.34295650391422067,0.057469288453447676,3.6315981855741744e-05,15.737962903188507,22.283925933957438,nan,0.7332379880878471,nan
492.33,180.29515075683594,-226.67527770996094,-69.1141357421875,180.578964311928,-226.53506656392392,-69.11908470544287,0.3165972074486864,0.3430036258768283,0.0574915532049373,3.7039005295123995e-05,15.717790769523875,22.292494714572317,nan,nan,nan
492.34000000000003,180.30349731445312,-226.6836395263672,-69.11593627929688,180.5875270066846,-226.5433392290075,-69.12045275180665,0.316823985885318,0.3430508346820516,0.057513882130185434,3.62547083475202e-05,15.58190564060674,22.09534764465026,nan,0.19889882675086482,nan
492.35,180.31185913085938,-226.69200134277344,-69.1176986694336,180.60736487673947,-226.56173904584696,-69.1222780429179,0.32297504936174165,0.34298371866999217,0.0575072253305617,3.695354507737054e-05,14.945423560436137,22.16681087885116,4.232718961793904,nan,nan
492.36,180.32022094726562,-226.7003631591797,-69.11943054199219,180.61592971777523,-226.57004994733686,-69.12440005392187,0.3231871070849159,0.3430307270089223,0.05752954614088276,3.61740784768809e-05,15.022248923405696,22.117329997487133,nan,0.05178364888694267,nan
492.37,180.32858276367188,-226.70872497558594,-69.12113189697266,180.62449702224302,-226.5783571145092,-69.12621085283692,0.3233988611917245,0.34307782218699745,0.057551931704374726,3.6894011372715394e-05,15.000422407916037,21.999991407126227,nan,nan,nan
492.38,180.33692932128906,-226.7170867919922,-69.12278747558594,180.63308091353235,-226.58664045986052,-69.12601863521995,0.3236239353747225,0.3431250041282558,0.05757438170310264,3.611826514685601e-05,14.552793591125555,21.768497521199492,nan,2.5696392365365472,nan
492.39,180.3452911376953,-226.72544860839844,-69.12442016601562,180.64164804033015,-226.5949474034537,-69.12774461365566,0.3238348810481347,0.3431722731936963,0.05759689671827938,3.683723345936005e-05,14.525645600828236,21.59181104752289,nan,nan,nan
492.40000000000003,180.35365295410156,-226.7338104248047,-69.12601470947266,180.67044634843515,-226.60117827160414,-69.12853832007397,0.3434468100979768,0.3431051547774529,0.05759013836908062,3.6043146935607006e-05,15.589436928937692,22.274869054801933,13.501461354081224,0.5138833938018451,nan
492.41,180.3620147705078,-226.74217224121094,-69.12757873535156,180.67906256693675,-226.6094624834474,-69.13019233340069,0.3437121119787077,0.3431522231409367,0.057612644434401665,3.6760338327061124e-05,15.561912840711624,22.229670557959032,nan,nan,nan
492.42,180.370361328125,-226.7505340576172,-69.12911224365234,180.68768331754563,-226.6177409567726,-69.13127694996166,0.34399409668655245,0.3431993781873704,0.05763521518425934,3.5992538234866694e-05,15.470411149393364,22.067677511662488,nan,0.19372125914954624,nan
492.43,180.37872314453125,-226.75889587402344,-69.130615234375,180.69629968467598,-226.6260251477825,-69.13286515598448,0.3442594238206636,0.34324662026195535,0.057657851107084775,3.6708930118923594e-05,15.441584833521105,22.109493982267725,nan,nan,nan
492.44,180.3870849609375,-226.7672576904297,-69.13209533691406,180.70492956147854,-226.63429221837256,-69.13273638862461,0.3445365260748998,0.3432939493123086,0.05768055202346819,3.5944418145751145e-05,15.278633145653183,21.79028722766013,nan,1.9044768464410762,nan
492.45,180.39544677734375,-226.77561950683594,-69.13353729248047,180.7129683887118,-226.64074153610744,-69.13438370190045,0.3449822561850198,0.34322682799540233,0.057673689107671434,3.663742933573755e-05,15.473086994754587,22.11220894619631,1.0299659401289865,nan,nan
492.46000000000004,180.40379333496094,-226.7839813232422,-69.13494873046875,180.721594856671,-226.6490087658967,-69.1347531527501,0.34527588489244365,0.34327395611238765,0.05769638027150052,3.587699503543898e-05,15.419282514787115,22.047756848501187,nan,0.840020442814842,nan
492.47,180.4121551513672,-226.79234313964844,-69.13633728027344,180.73021241465338,-226.65728644428506,-69.13620271718958,0.34554413871284406,0.3433211711611315,0.057719136768683524,3.659111459992585e-05,15.382744777189131,21.960221577421116,nan,nan,nan
492.48,180.42051696777344,-226.8007049560547,-69.1376953125,180.73882937772538,-226.66556472125865,-69.13769866758983,0.3458116154807404,0.3433684731044451,0.05774195849417044,3.583369868350941e-05,15.346341463743373,22.018806504866003,nan,0.0036116928463906803,nan
492.49,180.4288787841797,-226.80906677246094,-69.13903045654297,180.7474470268712,-226.67384220736628,-69.13909571181469,0.3460800666245568,0.34341586226484083,0.057764845825402686,3.6547230461129924e-05,15.310612785919703,21.884980444979284,nan,nan,nan
492.5,180.43724060058594,-226.8174285888672,-69.14033508300781,180.77615712232122,-226.6929418620293,-69.13900516939722,0.3610583367465242,0.34334873713642455,0.0577578746424939,3.5771096401386053e-05,15.06472284512858,22.29450363241938,4.3993971859800665,1.5880072167090444,nan
492.51,180.44558715820312,-226.82579040527344,-69.14161682128906,180.78480379146956,-226.70124254378723,-69.14033743551559,0.36136094270598407,0.34339592512068984,0.05778075136530654,3.648321974631682e-05,15.024994801654152,22.138784231180324,nan,nan,nan
492.52000000000004,180.45394897460938,-226.8341522216797,-69.14286804199219,180.79345556373212,-226.70953780821736,-69.14093930768107,0.36165895000174575,0.343443199917447,0.05780369354125495,3.5732356979419545e-05,15.048427293109592,22.389008410227785,nan,0.33708569711922703,nan
492.53000000000003,180.46231079101562,-226.84251403808594,-69.14409637451172,180.80210197829336,-226.7178385488125,-69.14221576278642,0.3619469094738203,0.3434905618347076,0.05782670148929254,3.644402338069924e-05,15.005614992803766,22.31470813643017,nan,nan,nan
492.54,180.47067260742188,-226.8508758544922,-69.14530181884766,180.81075319261467,-226.72613460482003,-69.14280539825165,0.36224496671539336,0.34353801085693325,0.057849775191857175,3.569578998151415e-05,15.04745796854604,22.340589966017593,nan,0.2983532105604744,nan
492.55,180.47901916503906,-226.85923767089844,-69.146484375,180.8160032619152,-226.73560471132762,-69.14402125031656,0.358956065867217,0.3434708813510907,0.057842692540707286,3.638467802657332e-05,14.754354542613056,22.065662413969516,0.6571408473874949,nan,nan
492.56,180.4873809814453,-226.8675994873047,-69.14764404296875,180.82464608166325,-226.7439064386565,-69.14443903729378,0.3592464198433628,0.34351812895817374,0.0578657547941361,3.5639851465500526e-05,14.84010514624303,22.215405448790307,nan,0.4164921021374482,nan
492.57,180.49574279785156,-226.87596130371094,-69.14877319335938,180.83328346425463,-226.75221336632328,-69.14560912968155,0.35952366373089845,0.3435654635888949,0.05788888298786362,3.634988980792199e-05,14.791668985495473,22.43415809844236,nan,nan,nan
492.58,180.5041046142578,-226.8843231201172,-69.14988708496094,180.84191373010478,-226.76052677980618,-69.14779403039758,0.35978453760704004,0.3436128852414445,0.05791207714937891,3.560745336465972e-05,14.603689094088171,22.055548098967943,nan,0.7325886746536578,nan
492.59000000000003,180.51246643066406,-226.89268493652344,-69.1509780883789,180.85055127123695,-226.76883411518193,-69.14893125691906,0.36006190424868184,0.3436603942033276,0.05793533753027841,3.63171991963346e-05,14.560439769513916,22.06765994002285,nan,nan,nan
492.6,180.52081298828125,-226.9010467529297,-69.15204620361328,180.83902798000963,-226.7652453340512,-69.15209309263798,0.34598093665502033,0.3435932594153465,0.05792813986536404,3.55556444358305e-05,14.84779156827578,21.723737955584124,4.747751381363792,2.863202596713238,nan
492.61,180.5291748046875,-226.90940856933594,-69.15309143066406,180.8476382476473,-226.77352603720374,-69.15320902646029,0.34624130439512435,0.34364056671262233,0.05795138791889359,3.626426812338104e-05,14.81298619241359,21.838919349163174,nan,nan,nan
492.62,180.53753662109375,-226.9177703857422,-69.15411376953125,180.8562421947164,-226.78181172197034,-69.15527542814698,0.34649581579509475,0.34368796094766557,0.057974702145367575,3.552715073282741e-05,14.815515885045404,21.92415442455396,nan,0.6452937956030922,nan
492.63,180.5458984375,-226.92613220214844,-69.15512084960938,180.86485269822415,-226.79009257804213,-69.15636102822255,0.34675659734757597,0.3437354423950768,0.05799808276274067,3.6235583419801986e-05,14.784932582727846,21.743765219752415,nan,nan,nan
492.64,180.55426025390625,-226.9344940185547,-69.1561050415039,180.78587994456691,-226.79976850377975,-69.15593194976604,0.2679527484349899,0.3359346981670685,0.05801951997951548,3.549922516023426e-05,15.430917137591484,22.494109783981607,nan,1.4621112599541648,0.9775972620715562
492.65000000000003,180.5626220703125,-226.94285583496094,-69.15707397460938,180.8155070081983,-226.81951760548037,-69.15698441806046,0.28135941192943775,0.33586075762773593,0.05801227903742862,3.618528825474678e-05,15.057758689587105,22.579095551852248,4.324211775584125,nan,nan
492.66,180.5709686279297,-226.9512176513672,-69.15802001953125,180.8244751542811,-226.82785915102275,-69.15418468336362,0.2819531668797161,0.33590294483302413,0.05803555080888869,3.5453112168660354e-05,15.430811337006293,23.03624067884267,nan,10.006708833035093,nan
492.67,180.57933044433594,-226.95957946777344,-69.15894317626953,180.83308292293205,-226.83622160502264,-69.15514320328401,0.28217356802295446,0.3359452303833862,0.058058882642690435,3.6160383962187856e-05,15.372895403638887,23.209389461421694,nan,nan,nan
492.68,180.5876922607422,-226.9679412841797,-69.15985107421875,180.84164534565414,-226.84458653501852,-69.15657279701212,0.28234608298745123,0.33598758889033453,0.05808227460259201,3.543004487613946e-05,15.234614039301306,22.992125503587356,nan,0.16461959173299257,nan
492.69,180.59605407714844,-226.97630310058594,-69.1607437133789,180.8502533889629,-226.85294910128692,-69.15750095086473,0.28256683241089975,0.3360300455807029,0.058105726908070296,3.613725141471832e-05,15.180011309972759,22.889255251438794,nan,nan,nan
492.7,180.6044158935547,-226.9846649169922,-69.16161346435547,180.86530338403747,-226.86937886859462,-69.15785815718742,0.2852494662176571,0.33595623796888974,0.058098377840507594,3.538739594130338e-05,14.576923073332933,23.046746742130907,4.578360217472047,0.21062425076722735,nan
492.71000000000004,180.61277770996094,-226.99302673339844,-69.1624755859375,180.87390500005358,-226.87776501848504,-69.15874725637745,0.28545862221557616,0.33599851738468095,0.058121813619531414,3.609369865712915e-05,14.520513172284817,22.708402745503815,nan,nan,nan
492.72,180.6211395263672,-227.0013885498047,-69.1633071899414,180.88248340907606,-226.8861523687447,-69.15987816407132,0.2856427150708711,0.3360408705695384,0.05814530978209661,3.536760197693455e-05,14.424965977841076,23.12402625221735,nan,0.04598127959021801,nan
492.73,180.62950134277344,-227.00975036621094,-69.16413116455078,180.89108493102663,-226.89453887455832,-69.16073789285592,0.2858516673819299,0.33608332098038624,0.0581688665256119,3.6073916208179e-05,14.368804645639557,22.789311193615294,nan,nan,nan
492.74,180.63784790039062,-227.0181121826172,-69.1649398803711,180.8995702757813,-226.90293077615092,-69.16289944357409,0.28595370527062486,0.33612584587933547,0.05819248394584858,3.534935981341806e-05,14.125347490769038,22.476471327718816,nan,1.2008063819407728,nan
492.75,180.64620971679688,-227.02647399902344,-69.16572570800781,180.90668872123007,-226.91001361349436,-69.16380134120519,0.2853349546334637,0.3360521944593108,0.05818502401518374,3.603364339882621e-05,14.180040511363606,22.805695867569394,0.24152179369991672,nan,nan
492.76,180.65457153320312,-227.0348358154297,-69.16650390625,180.91526556742681,-226.91839793192423,-69.16491178486005,0.2855200431590968,0.3360945423770435,0.05820862427175129,3.5311402001129225e-05,14.106512426996067,22.468584725051382,nan,0.05509508120904407,nan
492.77000000000004,180.66293334960938,-227.04319763183594,-69.1672592163086,180.9238667943972,-226.92678129036665,-69.16572852226922,0.2857295402897365,0.3361369865924714,0.0582322853432846,3.601695703830264e-05,14.057340844603194,22.717353041427383,nan,nan,nan
492.78000000000003,180.67129516601562,-227.0515594482422,-69.16799926757812,180.93246802774732,-226.93516470967683,-69.16653107621052,0.28593907472871455,0.33617951645264565,0.0582560073567752,3.6736818497274354e-05,14.008594177325593,22.709826119885225,nan,nan,nan
492.79,180.67965698242188,-227.05992126464844,-69.16883850097656,180.94106943495512,-226.94354801446494,-69.16737217915161,0.2861491810182487,0.3362221321020666,0.058279790456723296,3.747113087824435e-05,13.964738672091956,22.37176435039527,nan,nan,nan
492.8,180.68801879882812,-227.0682830810547,-69.16976165771484,180.9321606473184,-226.93850991369405,-69.16826444316831,0.2764933250594996,0.33614861299943133,0.05827221680537048,3.664026408934877e-05,14.722136055794074,22.521808691439606,6.9009600027678495,0.0002655302596596986,nan
492.81,180.69638061523438,-227.07664489746094,-69.17076873779297,180.940752551943,-226.94685931473407,-69.16928531913538,0.27670226140274634,0.3361910511021482,0.058295982078821106,3.7372034961971314e-05,14.678544658267834,22.70657198398965,nan,nan,nan
492.82,180.70474243164062,-227.08502197265625,-69.17186737060547,180.94940728898234,-226.95520691316392,-69.16962669478241,0.2769798958718563,0.3362335644417858,0.058319808523141954,3.6569511748739354e-05,14.717618859231125,22.05250961105825,nan,0.38099954114849344,nan
492.83,180.71310424804688,-227.0933837890625,-69.17304992675781,180.95799937725724,-226.96355654395177,-69.17081608157396,0.2771889751564949,0.33627617382318525,0.058343696302331785,3.7299775308822835e-05,14.672934782771462,22.70689157284085,nan,nan,nan
492.84000000000003,180.72146606445312,-227.10174560546875,-69.17431640625,180.96646258648929,-226.97190979042642,-69.1737029297498,0.27727425237648107,0.33631885917910753,0.058367645543567194,3.650159972001595e-05,14.508364608531794,22.626819416837716,nan,1.6821348825770817,nan
492.85,180.72982788085938,-227.110107421875,-69.17567443847656,180.9346331812066,-226.95930079465344,-69.1750806196401,0.2543387553737568,0.33624549292577827,0.05835995537306675,3.720695948138803e-05,15.028845806217968,21.983328486908214,14.834882270937536,nan,nan
492.86,180.73818969726562,-227.11846923828125,-69.17710876464844,180.94309949410902,-226.96760882779728,-69.17745997957978,0.2544543409842365,0.33628800102569734,0.05838388611544567,3.641397431965316e-05,14.982444487235924,22.232047426401902,nan,0.5486148997404388,nan
492.87,180.74655151367188,-227.1268310546875,-69.17862701416016,180.95163776925733,-226.97591503112017,-69.17901412184804,0.25462947247284856,0.3363306042064132,0.05840787842352533,3.714059748436714e-05,14.942822881956015,22.158806900488592,nan,nan,nan
492.88,180.75491333007812,-227.13519287109375,-69.18022155761719,180.96025388481397,-226.98421959951764,-69.1796375928134,0.2548686194189226,0.33637328414675827,0.05843193243256623,3.6351656376129364e-05,14.907978450380234,22.369355001040315,nan,0.6710705289088248,nan
492.89,180.7632598876953,-227.1435546875,-69.18190002441406,180.96879207481018,-226.99252578326798,-69.18134591513477,0.2550559093431085,0.3364160590352992,0.05845604829485216,3.7077057470941415e-05,14.867539951840449,22.09755597072148,nan,nan,nan
492.90000000000003,180.77162170410156,-227.15191650390625,-69.18366241455078,180.9612697353459,-226.9890890997658,-69.18306311800747,0.24995899353756654,0.33634282511375363,0.05844823875719977,3.626971716439777e-05,15.509462937967998,22.116480076300526,4.925152977728266,0.01027378891417829,nan
492.91,180.7799835205078,-227.1602783203125,-69.18549346923828,180.9697965892729,-226.99736633657398,-69.18493130663894,0.2501392243260349,0.3363854221534845,0.05847233542775996,3.699307624743514e-05,15.469063401823796,22.522666550887184,nan,nan,nan
492.92,180.78834533691406,-227.16864013671875,-69.18740844726562,180.97826419192634,-227.00564442024273,-69.18768264421422,0.2502735508651937,0.33642809668432994,0.058496494033133534,3.621275011710499e-05,15.423567059460916,22.234839099520016,nan,0.42625571667214285,nan
492.93,180.7967071533203,-227.177001953125,-69.18939971923828,180.98679084835481,-227.01392168490838,-69.18971526567697,0.2504537573467977,0.3364708652812624,0.05852071472089196,3.6935065201755505e-05,15.385177944831657,22.23739284533796,nan,nan,nan
492.94,180.80506896972656,-227.18536376953125,-69.19145965576172,180.99537305354588,-227.02219829720093,-69.19105026395671,0.25067665084872726,0.3365137120413584,0.05854499763315432,3.615834188265488e-05,15.348177226338704,22.54099912697208,nan,0.39636138130206516,nan
492.95,180.8134307861328,-227.1937255859375,-69.19356536865234,181.02904084109346,-227.0442423148414,-69.19326177698632,0.2623605082813048,0.3364406265059152,0.058537065893123505,3.6856677222400934e-05,14.912831152794288,22.412359665969166,6.175899476036584,nan,nan
492.96000000000004,180.82179260253906,-227.20208740234375,-69.19567108154297,181.03750399945253,-227.0525489944216,-69.1967936175569,0.26247743196196394,0.3364832956271006,0.058561328907787986,3.608437049112413e-05,14.906164306449032,22.363354162553662,nan,1.2089085215401791,nan
492.97,180.8301544189453,-227.21044921875,-69.19775390625,181.04606188486537,-227.06085480953755,-69.19897862967196,0.2626709368299108,0.3365260579831625,0.058585654231395834,3.6803930840101016e-05,14.872989606547826,22.406164935889855,nan,nan,nan
492.98,180.83851623535156,-227.21881103515625,-69.1998062133789,181.05476987706683,-227.06915997939018,-69.19895287363556,0.2629863194839866,0.3365688991564203,0.05861004200808507,3.603495051895346e-05,14.813504344097108,22.3303195790706,nan,3.1780713974048584,nan
492.99,180.8468780517578,-227.2271728515625,-69.20182037353516,181.0633275256484,-227.07746547085316,-69.20105867115127,0.26317913058767006,0.33661183349588714,0.05863449238249006,3.6753697645579285e-05,14.770273134751342,22.411250686663234,nan,nan,nan
493.0,180.85523986816406,-227.23553466796875,-69.20379638671875,181.0480792039452,-227.0714148186158,-69.20141163091486,0.25323511098658863,0.3365388797524824,0.058626435591208656,3.596599937914239e-05,15.460824668305156,22.55433842002975,6.477410650001975,2.105421289969771,nan
493.01,180.86358642578125,-227.243896484375,-69.20574188232422,181.05660971668033,-227.07968794639424,-69.20342887463647,0.25343201214497474,0.3365816359109856,0.05865086534552215,3.668310800005435e-05,15.411409646556836,22.085991638501326,nan,nan,nan
493.02000000000004,180.8719482421875,-227.25225830078125,-69.2076416015625,181.06517419885958,-227.08796107968863,-69.20488591551609,0.25364826235593607,0.3366244714905993,0.05867535777694602,3.5921311762003004e-05,15.439102362746262,22.602960896725932,nan,0.18335509791117185,nan
493.03000000000003,180.88031005859375,-227.2606201171875,-69.20950317382812,181.073704026533,-227.0962339331772,-69.20682432619321,0.25383305646311766,0.33666739947902113,0.05869991303023283,3.663775081238994e-05,15.385757961580186,22.596173342875957,nan,nan,nan
493.04,180.888671875,-227.26898193359375,-69.21133422851562,181.0822675212556,-227.10450699060675,-69.20819661476112,0.25404945530304374,0.33671040749928055,0.05872453124937907,3.587888174332321e-05,15.42646995549898,22.3870877435151,nan,0.1884802663277315,nan
493.05,180.89703369140625,-227.27734375,-69.21311950683594,181.07486143840956,-227.09857907004778,-69.21008159822648,0.2521680933254883,0.33663759777898744,0.05871634655613942,3.657204828473875e-05,16.359826199691867,23.06874487856787,7.976227426176907,nan,nan
493.06,180.9053955078125,-227.28570556640625,-69.21488189697266,181.08330103884177,-227.10681395037292,-69.2132616838943,0.25229984809396905,0.3366804277524626,0.05874094341752127,3.581690262225512e-05,16.144393797679715,22.315958576758945,nan,1.233482388057681,nan
493.07,180.91375732421875,-227.2940673828125,-69.21659851074219,181.09182489580166,-227.11504978423432,-69.21506762220437,0.25250287972585905,0.336723349424422,0.05876560332191233,3.65312972638351e-05,16.09889682027108,22.76452658312299,nan,nan,nan
493.08,180.92210388183594,-227.30242919921875,-69.2182846069336,181.10033028216574,-227.12328520665307,-69.21714356576,0.25270243730889086,0.3367663516605067,0.05879032641155397,3.577883197030523e-05,16.03559257516529,22.430708805143887,nan,0.06227399312881853,nan
493.09000000000003,180.9304656982422,-227.310791015625,-69.21994018554688,181.1088542140522,-227.13152095020337,-69.21888580510775,0.2529057742466282,0.33680944558568904,0.05881511283372965,3.6492740039280875e-05,15.993331121438109,22.387742129928604,nan,nan,nan
493.1,180.93882751464844,-227.31915283203125,-69.2215576171875,181.10102387734145,-227.13185214567002,-69.22018799123178,0.24777224028830852,0.3367367665970378,0.0588067973828264,3.572120197434421e-05,16.161182651449405,22.55080913995555,2.5644425079422053,0.07517079891636233,nan
493.11,180.9471893310547,-227.3275146484375,-69.22314453125,181.10952397459042,-227.1400725233367,-69.2218614862109,0.24796921776452246,0.33677968197991176,0.05883156169557156,3.643379143788163e-05,16.117836545370444,22.455193530379393,nan,nan,nan
493.12,180.95555114746094,-227.33587646484375,-69.22470092773438,181.11797990449674,-227.14829180825308,-69.22426750809234,0.2481356329772509,0.3368226784133265,0.058856389408796006,3.5687234502570146e-05,16.041919609727465,22.339927994690353,nan,0.3956453554232648,nan
493.13,180.9639129638672,-227.34423828125,-69.22622680664062,181.12647992807393,-227.15651204080382,-69.22588716375914,0.248332991285375,0.3368657658931072,0.058881280672767516,3.639945117438958e-05,16.003838154367603,22.30001032108195,nan,nan,nan
493.14,180.97227478027344,-227.35260009765625,-69.22772216796875,181.1350229608159,-227.1647334401263,-69.22671038248103,0.24855960048090597,0.3369089349780231,0.058906235625424935,3.565521989542506e-05,15.993409668597058,22.31940776648498,nan,0.399746200842487,nan
493.15000000000003,180.98062133789062,-227.3609619140625,-69.22918701171875,181.13557802441042,-227.1702953873716,-69.2282084638027,0.2456954550934789,0.3368363957418056,0.05889778656601736,3.6344694255983136e-05,15.915046514240645,22.097974460114987,0.8002877988270328,nan,nan
493.16,180.98898315429688,-227.36932373046875,-69.23062133789062,181.14394888712192,-227.1785082842849,-69.23181904478862,0.24581771163640437,0.336879386348805,0.0589227186413361,3.56035759502371e-05,15.893069426695346,22.296671857905455,nan,2.969860147002102,nan
493.17,180.99734497070312,-227.377685546875,-69.23202514648438,181.1524341666763,-227.18672503880933,-69.23333529250569,0.24600872104643517,0.33692246740206966,0.058947714482315186,3.6314306707952376e-05,15.8640860243678,22.362278545327754,nan,nan,nan
493.18,181.00570678710938,-227.38604736328125,-69.23340606689453,181.16099382527204,-227.1949445189676,-69.23343246117096,0.24624045569882216,0.33696563048198724,0.05897277422304346,3.557529768465067e-05,15.780897601822147,22.057809084208845,nan,1.3229472883502313,nan
493.19,181.01406860351562,-227.3944091796875,-69.23475646972656,181.16947945274637,-227.20316119349198,-69.23488088155605,0.24643120695392365,0.337008884052605,0.05899789801936212,3.628579751431544e-05,15.745447499924596,22.174113575819593,nan,nan,nan
493.2,181.02243041992188,-227.40277099609375,-69.23607635498047,181.20293247056495,-227.2229623619727,-69.23634018396136,0.25477873693965475,0.3369364740085521,0.05898931248767372,3.552735196693859e-05,15.585973949266512,22.39516470882807,5.445199875192207,0.00373175751915243,nan
493.21000000000004,181.03079223632812,-227.41111755371094,-69.23738098144531,181.21145624834506,-227.23120088604452,-69.23773665023916,0.25496983947622914,0.3369795486472064,0.059014412626457534,3.623678154824708e-05,15.54976508966463,22.400762293863263,nan,nan,nan
493.22,181.0391387939453,-227.4194793701172,-69.2386474609375,181.2199990174,-227.23944037468556,-69.23873461240312,0.25519496056836183,0.33702270569286963,0.0590395768721782,3.5502562996809884e-05,15.511438946055568,22.284860725183755,nan,0.09557591888315027,nan
493.23,181.04750061035156,-227.42784118652344,-69.23989868164062,181.22852313419622,-227.2476789825821,-69.2400774524328,0.25539695735675155,0.3370659526897648,0.05906480538509999,3.621184998406675e-05,15.476315045848027,21.927891741323734,nan,nan,nan
493.24,181.0558624267578,-227.4362030029297,-69.24111938476562,181.23706529932699,-227.25591848650126,-69.24102674091749,0.25561102572861605,0.33710928259792067,0.05909009829291132,3.5479430962812193e-05,15.439925662014561,22.15827772349709,nan,0.09372674895232291,nan
493.25,181.06422424316406,-227.44456481933594,-69.24231719970703,181.23777440001982,-227.25617594717073,-69.24222101328249,0.25614455557782834,0.33703700811563125,0.05908137344905539,3.6166363356381806e-05,16.02057493551181,22.23807737834574,2.9894603619162297,nan,nan
493.26,181.0725860595703,-227.4529266357422,-69.24349212646484,181.24630159471968,-227.26439370983223,-69.24340776134184,0.2563625526902748,0.3370801590928792,0.05910664190264147,3.5436528580851436e-05,15.985639527769617,22.188484452594995,nan,0.004375889679281407,nan
493.27000000000004,181.08094787597656,-227.46128845214844,-69.24463653564453,181.2548249825723,-227.2726114045467,-69.24465075476927,0.25657801287717563,0.33712339951971,0.05913197483153506,3.6144759043076e-05,15.950582568639007,22.49180819124776,nan,nan,nan
493.28000000000003,181.0893096923828,-227.4696502685547,-69.24576568603516,181.26339770692087,-227.28083218729802,-69.24479961093722,0.25682647432916295,0.3371667231805084,0.05915737235868582,3.5416537488594276e-05,15.942056563585837,22.14810413815526,nan,0.7917773577265896,nan
493.29,181.09767150878906,-227.47801208496094,-69.24687194824219,181.2719209465815,-227.2890500330846,-69.24598783936209,0.2570414465972492,0.33721013638320974,0.059182834651231024,3.612473247058755e-05,15.90250980674647,22.1536904670343,nan,nan,nan
493.3,181.10601806640625,-227.4863739013672,-69.24795532226562,181.28380967805097,-227.30802201571453,-69.24861134273904,0.25183264810176714,0.33713798911863224,0.05917396762550168,3.5376721428496804e-05,14.778919238171268,21.638632888875804,9.015404477199187,1.328351730615166,nan
493.31,181.1143798828125,-227.49473571777344,-69.24901580810547,181.29231482775643,-227.31627277817745,-69.24977275824426,0.2520127743090669,0.3371812229723065,0.05919940465588716,3.6084034403362384e-05,14.746559114611404,21.807799721379777,nan,nan,nan
493.32,181.12274169921875,-227.5030975341797,-69.25005340576172,181.3008207090972,-227.32452346085228,-69.2508999989329,0.2521934776000926,0.33722454034643456,0.05922490648423195,3.535964025349209e-05,14.714944975566022,21.856538290622932,nan,0.00013012240577155217,nan
493.33,181.131103515625,-227.51145935058594,-69.2510757446289,181.3093262980673,-227.3327740520655,-69.25202079701307,0.25237410567017915,0.33726794681410593,0.059250473282524786,3.60669848170321e-05,14.68348997133159,21.589462804476195,nan,nan,nan
493.34000000000003,181.13946533203125,-227.5198211669922,-69.2520751953125,181.3178045157152,-227.34102242259135,-69.25377760063422,0.2525405979644783,0.33731143726223284,0.05927610516667838,3.534393796448009e-05,14.70485036816974,21.734278393978073,nan,0.2974029623867065,nan
493.35,181.1478271484375,-227.52818298339844,-69.2530517578125,181.31505895925736,-227.3473742289066,-69.25489269738627,0.24629590599417464,0.33723942143367686,0.05926709313810882,3.602920290904678e-05,14.399642880955772,21.666721113142593,2.219368943851511,nan,nan
493.36,181.15618896484375,-227.5365447998047,-69.25401306152344,181.32356937601332,-227.35562781333402,-69.25522828098678,0.24647238140462321,0.3372827324771822,0.05929269893599597,3.530828993300451e-05,14.311355954030354,21.390014026565478,nan,0.37437776437725706,nan
493.37,181.16455078125,-227.54490661621094,-69.25495147705078,181.3320499388855,-227.36387903181122,-69.25627286778322,0.24663475058406162,0.3373261321987319,0.05931836990474978,3.601489964577768e-05,14.282030090948695,21.54469973379365,nan,nan,nan
493.38,181.17291259765625,-227.5532684326172,-69.25587463378906,181.34047555598448,-227.37212556245052,-69.25869402466878,0.24677526898143542,0.33736961613701627,0.05934410615549321,3.529517647319572e-05,14.42280752785007,21.533560454630333,nan,1.3501096584772752,nan
493.39,181.1812744140625,-227.56163024902344,-69.25678253173828,181.34895590907027,-227.38037702016163,-69.25971662197358,0.24693810079932946,0.33741318888741767,0.05936990786717573,3.600189611081375e-05,14.400761433652885,21.383171117724018,nan,nan,nan
493.40000000000003,181.18963623046875,-227.5699920654297,-69.2576675415039,181.33821705480304,-227.3790121647731,-69.26435611068763,0.24206263811746576,0.33734129791229417,0.05936074796460587,3.526205493765715e-05,15.626083515877745,22.55088754211875,3.7178961262926844,9.740415611100644,nan
493.41,181.197998046875,-227.57835388183594,-69.25853729248047,181.34667028143284,-227.38724521374684,-69.26537942286525,0.24222462941536807,0.3373846908701139,0.05938652275525793,3.59680312664994e-05,15.623197057371797,22.43427437241181,nan,nan,nan
493.42,181.2063446044922,-227.5867156982422,-69.25938415527344,181.3551183629556,-227.3954778146707,-69.26652888821118,0.24239762071642995,0.33742816824969624,0.05941236302051355,3.525131999951376e-05,15.734739887458515,22.608399353987977,nan,0.01415198461818466,nan
493.43,181.21470642089844,-227.59507751464844,-69.26021575927734,181.36357175481078,-227.40371101754803,-69.26752099174543,0.24256007559927129,0.3374717340717678,0.05943826894391722,3.59574559131366e-05,15.73513951329081,22.68721978467968,nan,nan,nan
493.44,181.2230682373047,-227.6034393310547,-69.26103210449219,181.37199876637789,-227.41194150213494,-69.2692416156774,0.2427326040005768,0.33751538473749426,0.059464240629910535,3.52417100517526e-05,16.1277624536203,23.015760576733715,nan,0.38576272684512336,nan
493.45,181.23143005371094,-227.61180114746094,-69.26183319091797,181.35836557524104,-227.407055748316,-69.27028130142456,0.24104911463905243,0.3374436211211008,0.059454930057023334,3.5925953869902484e-05,16.65917947145505,23.174212132856507,5.249134346590443,nan,nan
493.46000000000004,181.2397918701172,-227.6201629638672,-69.26261901855469,181.36682815911132,-227.41526515530154,-69.27018262136983,0.2412022776922948,0.3374870918886785,0.059480873971761154,3.5211964828206375e-05,16.262184351539982,22.732181738974216,nan,0.7736888636187442,nan
493.47,181.24815368652344,-227.62852478027344,-69.26338958740234,181.37525488548667,-227.42347039888674,-69.27111174733348,0.2413744929725925,0.33753065075706346,0.05950688373814843,3.591759951007029e-05,16.26275467149086,22.683699837433718,nan,nan,nan
493.48,181.2565155029297,-227.6368865966797,-69.26414489746094,181.383727860776,-227.43168121756682,-69.27062597099169,0.24152481429406616,0.33757429463127886,0.059532959456336354,3.5204445287692926e-05,15.76072917044328,22.1760486093142,nan,1.3681332392171284,nan
493.49,181.26487731933594,-227.64524841308594,-69.26488494873047,181.3921544729764,-227.43988647127048,-69.27151230267059,0.24169593046900065,0.33761802677603603,0.059559101316120105,3.5910294565318535e-05,15.755799600210338,22.16610056046964,nan,nan,nan
493.5,181.2732391357422,-227.6536102294922,-69.26560974121094,181.39352373208743,-227.441703804427,-69.26999100417271,0.24370456000450463,0.33754638530388487,0.05954963720629281,3.517672699611386e-05,15.47355881342829,21.636712644484092,1.3241547196841732,4.055358483358687,nan
493.51,181.28160095214844,-227.66197204589844,-69.26641845703125,181.4019467729238,-227.4498928384217,-69.27087883202888,0.24388645261099068,0.3375899371869461,0.05957575043422737,3.5881931688684906e-05,15.448059768799368,21.907957542427813,nan,nan,nan
493.52000000000004,181.2899627685547,-227.6703338623047,-69.26732635498047,181.41034037436944,-227.45807775834467,-69.2728246315904,0.24407714496784866,0.3376335742115891,0.05960192979976348,3.5171111079250364e-05,15.718934281967709,21.798266758032234,nan,0.65363727214066,nan
493.53000000000003,181.29832458496094,-227.6787109375,-69.26831817626953,181.41876360409188,-227.46626657506656,-69.27390317715758,0.24427311905712337,0.33767729920373135,0.059628175496603264,3.5876566092182516e-05,15.696378714884888,21.51605519686742,nan,nan,nan
493.54,181.3066864013672,-227.68707275390625,-69.26939392089844,181.42719970652354,-227.4744571848781,-69.27462594564749,0.24445083553926397,0.3377211097272116,0.059654487619199205,3.516639427241633e-05,15.571232824560921,21.999517560140085,nan,0.13816617354766633,nan
493.55,181.31504821777344,-227.6954345703125,-69.27056121826172,181.42463600164788,-227.47529683837905,-69.27591400138816,0.2459649480769845,0.33764959156825425,0.05964486720494697,3.585007846864912e-05,15.918220033754713,21.948098523348378,1.5655164795196277,nan,nan
493.56,181.3234100341797,-227.70379638671875,-69.27181243896484,181.43310481805815,-227.48347777711098,-69.2752159330402,0.24613983651893262,0.3376932216809591,0.05967114982059532,3.5141353469036926e-05,15.414975975797267,21.516769772607653,nan,2.902569596652367,nan
493.57,181.33177185058594,-227.712158203125,-69.27314758300781,181.4415159184247,-227.49164993110642,-69.27661918542451,0.2463325201384443,0.3377369394813545,0.059697498953520334,3.584647047610038e-05,15.38798705760687,21.530170125937143,nan,nan,nan
493.58,181.3401336669922,-227.72052001953125,-69.27456665039062,181.4499307674817,-227.4998227928828,-69.27797182344179,0.24652436863264868,0.3377807429130201,0.05972391469471121,3.513828821406677e-05,15.348225858812496,21.484250411961327,nan,0.01281295720505224,nan
493.59000000000003,181.34849548339844,-227.7288818359375,-69.27606964111328,181.45834213541147,-227.50799515284632,-69.27954198186096,0.24671698538155784,0.33782463423192316,0.05975039724293386,3.584369208973349e-05,15.321122853858549,21.40854857582343,nan,nan,nan
493.6,181.3568572998047,-227.73724365234375,-69.27764892578125,181.42183842661933,-227.49181337403033,-69.282251963469,0.25392864413267535,0.33775323520671424,0.0597406176690423,3.511483901661658e-05,16.279749624352515,22.379814510828936,18.655348099034686,0.8470485243976131,nan
493.61,181.36521911621094,-227.74560546875,-69.27931213378906,181.43018878400056,-227.4999361039073,-69.28399684617591,0.2541582992645791,0.33779694577018815,0.05976706982496351,3.581966552686211e-05,16.256360460832326,22.227245683075648,nan,nan,nan
493.62,181.3735809326172,-227.75396728515625,-69.28105163574219,181.43859163033525,-227.5080683972524,-69.28372034710962,0.2543615063457949,0.3378407420429853,0.0597935887683204,3.511326325629304e-05,15.813812125419359,21.939250987008005,nan,3.099917670938617,nan
493.63,181.38194274902344,-227.7623291015625,-69.28286743164062,181.44694186023298,-227.51619148499506,-69.28560491476476,0.25459007160803593,0.3378846259550196,0.059820174700860894,3.58184014817132e-05,15.787567031829557,22.033859739880324,nan,nan,nan
493.64,181.3903045654297,-227.77069091796875,-69.2847671508789,181.45529810387103,-227.52431565651722,-69.28731976875648,0.2548164934859326,0.3379285959396278,0.05984682770920427,3.511239054721429e-05,15.731325097938685,21.71960052844097,nan,0.04335044897212406,nan
493.65000000000003,181.39866638183594,-227.779052734375,-69.2867431640625,181.48060314266206,-227.54235793693502,-69.2894364030713,0.2504901464053817,0.3378573161979117,0.05983688624018757,3.579583047173806e-05,15.415071510284996,21.53006869249925,3.1280648430227247,nan,nan
493.66,181.4070281982422,-227.78741455078125,-69.28878784179688,181.44980395641585,-227.5694616960722,-69.29195768819407,0.22213342902258826,0.33616690589628845,0.05945689461592733,3.508925476411953e-05,16.448748895842943,22.905848557021724,nan,0.13787978833724385,0.884290699594268
493.67,181.41539001464844,-227.7957763671875,-69.29087829589844,181.45815023879547,-227.57766095805022,-69.2941386861059,0.2222912472782806,0.33620857454254066,0.059481197380172324,3.579412353132176e-05,16.419698425835467,22.689800897968446,nan,nan,nan
493.68,181.4237518310547,-227.80413818359375,-69.29296875,181.46645957505194,-227.5858700859862,-69.29686158600875,0.22244115627003633,0.3362503214277126,0.05950555992008039,3.5089717153519155e-05,16.515076236443353,22.777031550167592,nan,0.19034268626985015,nan
493.69,181.43211364746094,-227.8125,-69.2950439453125,181.47480581037476,-227.5940690125858,-69.29905947079334,0.22260018302303283,0.33629216101347154,0.0595299834274674,3.5794922033481456e-05,16.494223216694145,22.52408742983582,nan,nan,nan
493.7,181.4404754638672,-227.82086181640625,-69.29708099365234,181.5096647886989,-227.61160505339757,-69.29905929671702,0.22040750717376995,0.336214479817173,0.05952168513056659,3.506962469719902e-05,16.34344167500637,22.428042492656605,7.360136332599661,3.344190448574958,nan
493.71000000000004,181.44883728027344,-227.8292236328125,-69.29907989501953,181.51805982890386,-227.6198167486079,-69.30117879690384,0.22056157820503197,0.3362561441837074,0.05954608696751809,3.5774297310771854e-05,16.316242636921444,22.53557664246729,nan,nan,nan
493.72,181.4571990966797,-227.83758544921875,-69.3010482788086,181.52651551290447,-227.62801178581353,-69.30236367208168,0.22074332653739612,0.33629788741619726,0.059570548866528954,3.507122228986049e-05,16.203668174385484,22.148861104078815,nan,0.5688696008443258,nan
493.73,181.46556091308594,-227.845947265625,-69.302978515625,181.5349105694602,-227.63622330675506,-69.30440264823334,0.22089712971652095,0.3363397225796231,0.059595071936145265,3.5776247470279895e-05,16.172291887930676,22.152696354843968,nan,nan,nan
493.74,181.4739227294922,-227.85430908203125,-69.30486297607422,181.54330557232547,-227.6444348633814,-69.30640496433938,0.2210509992316701,0.33638164336144194,0.05961965584072718,3.6495604022382474e-05,16.142073357014876,22.496650509322535,nan,nan,nan
493.75,181.48228454589844,-227.8626708984375,-69.30671691894531,181.56088585564808,-227.65476964169136,-69.30827674654581,0.22226905208131725,0.33630416596815077,0.05961123820888612,3.720562567086879e-05,16.357744298614513,22.194699644989857,1.8429698512456336,nan,nan
493.76,181.4906463623047,-227.87103271484375,-69.30853271484375,181.56921523602261,-227.6630058324327,-69.31155477123718,0.22239016288453162,0.33634590515425644,0.059635799316905366,3.641740266849222e-05,16.504921015194224,22.420883488755045,nan,1.1872223518713363,nan
493.77000000000004,181.49900817871094,-227.87939453125,-69.31031799316406,181.57763093416122,-227.67121828756387,-69.31346054298417,0.22255058240595993,0.33638773602265637,0.05966042183255374,3.714895683498483e-05,16.481698588137817,22.180722187228916,nan,nan,nan
493.78000000000003,181.5073699951172,-227.88775634765625,-69.31205749511719,181.5861373456541,-227.67940531393853,-69.31387288213945,0.22275040828668885,0.3364296465027479,0.059685104963133784,3.636396900922712e-05,16.26828643579273,22.411278575352934,nan,1.3897674870591925,nan
493.79,181.51571655273438,-227.8961181640625,-69.31377410888672,181.59455265328984,-227.68761747354554,-69.31569534764968,0.22291558908076187,0.3364716486018416,0.059709849771426196,3.709424628041151e-05,16.239764917205218,21.72542528095028,nan,nan,nan
493.8,181.52407836914062,-227.90447998046875,-69.31544494628906,181.6276097326923,-227.7066035176587,-69.31952581878726,0.22336179461455394,0.33639436138043927,0.05970130914610984,3.628981060953955e-05,16.522339147445905,22.757748166975777,5.524259963831003,2.5308445776186064,nan
493.81,181.53244018554688,-227.912841796875,-69.31709289550781,181.63606431269446,-227.71483461673225,-69.32130298096735,0.22352299196002093,0.33643618806031406,0.05972603096856649,3.701796846278407e-05,16.504056410636537,22.297854620838457,nan,nan,nan
493.82,181.54080200195312,-227.92120361328125,-69.3187026977539,181.6444826222764,-227.72307596321858,-69.32366446530146,0.22367131216848554,0.3364780949308435,0.05975081368576843,3.6240165839056746e-05,16.666416590816656,22.689916170363965,nan,0.24988626943367978,nan
493.83,181.54916381835938,-227.9295654296875,-69.32027435302734,181.65293715017256,-227.73130706964113,-69.32538409094133,0.22383340042414201,0.33652009269594263,0.059775658275562624,3.696720258352327e-05,16.655238454409158,22.91825004959693,nan,nan,nan
493.84000000000003,181.55752563476562,-227.93792724609375,-69.32182312011719,181.66137875010224,-227.73954173313473,-69.32729823454454,0.22399164760126147,0.33656217124966775,0.05980056406676137,3.619236065269524e-05,16.739064401255664,22.640992007931786,nan,0.033526784797813465,nan
493.85,181.56588745117188,-227.9462890625,-69.3233413696289,181.6627847977238,-227.749055650745,-69.32903980095172,0.2198239900485447,0.33648508411376676,0.059791898594121144,3.6895034839728275e-05,16.23751217410003,22.480538764025056,3.7893463849888587,nan,nan
493.86,181.57424926757812,-227.95465087890625,-69.32482147216797,181.671214079199,-227.75729577944173,-69.33067293689483,0.2199669284614591,0.3365269921086864,0.05981678111891574,3.763460413868113e-05,16.22833616489274,22.803374663111967,nan,nan,nan
493.87,181.58261108398438,-227.9630126953125,-69.32627868652344,181.6796432255118,-227.7655358451254,-69.33227716220675,0.22010980114418802,0.33656898564731086,0.05984172533468817,3.838882143057597e-05,16.216989310275135,22.505138795009064,nan,nan,nan
493.88,181.59097290039062,-227.97137451171875,-69.32770538330078,181.68799281748855,-227.7737985972159,-69.33532088170632,0.22024327940097432,0.33661106009823566,0.059866730993812775,3.752516022619482e-05,16.78639339606659,23.137658156968765,nan,1.3195811581657768,nan
493.89,181.5993194580078,-227.97972106933594,-69.32910919189453,181.69642171831617,-227.7820385837062,-69.33688364469936,0.22038070740915594,0.33665322515306323,0.05989179902211228,3.827657234398328e-05,16.77997439715722,23.220972888512108,nan,nan,nan
493.90000000000003,181.60768127441406,-227.9880828857422,-69.33047485351562,181.732554469535,-227.81528857460626,-69.33856855687692,0.21334642451831845,0.3365763266877758,0.05988300515775198,3.739562710806919e-05,15.267258320683492,23.012282002091865,26.23262376028527,0.02124781216171189,nan
493.91,181.6160430908203,-227.99644470214844,-69.33181762695312,181.7409859595621,-227.82359256697492,-69.34007879402878,0.21344045531464081,0.33661831608891457,0.05990804882248852,3.814343423910407e-05,15.263935352932416,22.81844614960247,nan,nan,nan
493.92,181.62440490722656,-228.0048065185547,-69.33313751220703,181.74939789643713,-227.8319023802334,-69.34195112382099,0.21353399764464054,0.3366603869106085,0.05993315420156837,3.729378673933266e-05,15.516902190731656,22.910187381416698,nan,0.09343497539380817,nan
493.93,181.6327667236328,-228.01316833496094,-69.33442687988281,181.75782979456545,-227.84020644509292,-69.34341366085471,0.21362899917861458,0.33670254767961605,0.059958322138726934,3.803910140264419e-05,15.516480240609393,23.054066970152977,nan,nan,nan
493.94,181.64112854003906,-228.0215301513672,-69.335693359375,181.76634082592088,-227.84848744197714,-69.34325338221798,0.2137265770890082,0.3367447904305573,0.059983552096403096,3.7195595474053224e-05,14.889343299655742,22.304761700737437,nan,1.592084971737394,nan
493.95,181.6494903564453,-228.02989196777344,-69.33692932128906,181.78293361731312,-227.85494864116654,-69.34458204886538,0.22016093121777322,0.33666808815179994,0.059974627842367574,3.791415258345865e-05,15.510297724503495,22.6500023468553,5.143227219515677,nan,nan
493.96000000000004,181.65785217285156,-228.0382537841797,-69.33814239501953,181.79135047305846,-227.8632541810004,-69.34689067289878,0.22027979852199564,0.33671015537102433,0.059999832745614275,3.7077671929261245e-05,15.990191743386884,23.039609529911278,nan,0.5507240242776863,nan
493.97,181.6662139892578,-228.04661560058594,-69.3393325805664,181.79981231768872,-227.87154656194926,-69.3482485389554,0.22040230480350587,0.3367523119387047,0.060025100395433385,3.781748396758458e-05,15.988607213837485,22.993404001145482,nan,nan,nan
493.98,181.67457580566406,-228.0549774169922,-69.34049987792969,181.80832616301183,-227.87982370521755,-69.34846792058165,0.2205254419399093,0.336794550909653,0.060050430328451906,3.698675003927656e-05,15.563640257301046,22.53162240299874,nan,0.7853790537512811,nan
493.99,181.6829376220703,-228.06333923339844,-69.34164428710938,181.81678828506386,-227.8881158800155,-69.34976975373041,0.2206473357246427,0.33683687927364625,0.06007582328130628,3.77244859676034e-05,15.557868726764804,22.500615167325627,nan,nan,nan
494.0,181.6912841796875,-228.0717010498047,-69.34276580810547,181.82606238299186,-227.90087282988043,-69.35169270471636,0.2177777176194697,0.33676036402684784,0.06006676524588826,3.6876293440435285e-05,15.473138856566518,22.55229904604805,2.2865596471304688,0.31258523293705825,nan
494.01,181.69964599609375,-228.08006286621094,-69.34386444091797,181.8345137614779,-227.90917873285127,-69.35295697828806,0.21788385761598375,0.336802516469308,0.060092132397296986,3.7611153219294555e-05,15.470584949157322,22.72618677311833,nan,nan,nan
494.02000000000004,181.7080078125,-228.0884246826172,-69.34494018554688,181.84298436582554,-227.9174789622133,-69.35376005999503,0.21798830119373444,0.33684475168433203,0.060117562087858525,3.6792380219837524e-05,15.347139955015866,22.630293386176774,nan,0.1234483372166713,nan
494.03000000000003,181.71636962890625,-228.09678649902344,-69.34599304199219,181.85143591954323,-227.92578476768142,-69.35497807520304,0.2180945341135393,0.3368870757718522,0.06014305498741571,3.752542292396814e-05,15.344683759454918,22.653643462953465,nan,nan,nan
494.04,181.7247314453125,-228.1051483154297,-69.34703063964844,181.8598941077174,-227.93408855086147,-69.35602403212091,0.2182000675313276,0.3369294831281151,0.06016861072920538,3.671182211218716e-05,15.357014083279271,22.458728716756283,nan,0.014754050028256199,nan
494.05,181.73309326171875,-228.11351013183594,-69.3480453491211,181.87731202095185,-227.94524593200887,-69.35716883537988,0.22179975081070474,0.3368531597517115,0.06015941672578941,3.741951175768591e-05,15.46817007511761,22.576723449646945,0.9662555117823244,nan,nan
494.06,181.741455078125,-228.1218719482422,-69.34903717041016,181.8858366900105,-227.95353875857617,-69.35697086343181,0.2219122711315297,0.3368953912309257,0.06018494594166265,3.6611915946625274e-05,14.923814812156245,22.12596331657851,nan,1.1812686675262245,nan
494.07,181.74981689453125,-228.13023376464844,-69.35000610351562,181.89430619519288,-227.96184837673488,-69.35809467740117,0.2220275250863945,0.3369377111083824,0.060210538554879095,3.734075334760153e-05,14.917685593719387,22.22332583404763,nan,nan,nan
494.08,181.7581787109375,-228.1385955810547,-69.35095977783203,181.90279952841243,-227.97015094434786,-69.3585952760515,0.2221420205982432,0.33698011455388066,0.06023619425856453,3.6537964771125835e-05,14.722214149430256,21.88978309215789,nan,0.2364393256730773,nan
494.09000000000003,181.76654052734375,-228.14695739746094,-69.35189819335938,181.91126908725732,-227.97846110843352,-69.35967640779035,0.22225628470394662,0.3370226065018861,0.060261913635776515,3.726532620963566e-05,14.711137437878707,21.7802437576938,nan,nan,nan
494.1,181.77490234375,-228.1552276611328,-69.35281372070312,181.93321539424903,-227.99630975387169,-69.3609068775771,0.2244625189085074,0.3369464679682482,0.06025258043477421,3.644476548148241e-05,14.420331718007333,22.376780133887923,2.7497220028807035,0.021003471124609686,nan
494.11,181.78326416015625,-228.16339111328125,-69.35371398925781,181.94169548766368,-228.00449898339028,-69.36195401766568,0.22453305446018076,0.33698878369391533,0.06027827251426814,3.7169846125223715e-05,14.404502461082654,21.640497394178926,nan,nan,nan
494.12,181.7916259765625,-228.17140197753906,-69.3545913696289,181.95024937898836,-228.01253382882908,-69.36097888889809,0.22459134639185988,0.3370311832451014,0.06030402792616539,3.637712870828961e-05,13.651941500949748,21.469843962942967,nan,2.6237188585067464,nan
494.13,181.79998779296875,-228.1792755126953,-69.35545349121094,181.95872999025025,-228.02044625362234,-69.36197242100347,0.22465154168415535,0.3370736708871898,0.06032984720006861,3.710094464763335e-05,13.629344731293855,20.94376176164986,nan,nan,nan
494.14,181.808349609375,-228.18699645996094,-69.3563003540039,181.96719533594384,-228.02821359349713,-69.36338999556229,0.22470920441555922,0.33711624279873226,0.060355730106712996,3.6312507482127705e-05,13.821518927381367,21.115739135160155,nan,0.12700014249742764,nan
494.15000000000003,181.81671142578125,-228.19454956054688,-69.35713195800781,182.0042546572628,-228.05236471761592,-69.36431366531124,0.23545821317940469,0.33704029188317325,0.06034625537548133,3.701205675538658e-05,13.308972649792619,21.844099904331042,7.975788940839406,nan,nan
494.16,181.8250732421875,-228.20196533203125,-69.35794067382812,182.01273909708198,-228.05987104263818,-69.36618015815549,0.23553587682851487,0.3370826875520533,0.06037211022800058,3.62286997907791e-05,13.742516019837488,21.98720012676403,nan,0.5539201424724879,nan
494.17,181.83343505859375,-228.20924377441406,-69.35873413085938,182.02125563612927,-228.06721982548925,-69.36712287617803,0.23562203305717336,0.33712517093707145,0.06039802912982293,3.694936385142423e-05,13.72758922588573,21.53947693437455,nan,nan,nan
494.18,181.84181213378906,-228.21636962890625,-69.3595199584961,182.02979135171242,-228.07441749284376,-69.367500955185,0.23569109362028784,0.3371677387930257,0.060424011899164326,3.6169956796385595e-05,13.537282073299714,21.558831151234617,nan,0.1993663052031337,nan
494.19,181.8501739501953,-228.2233428955078,-69.36028289794922,182.0383102179881,-228.08147788585376,-69.36840849756057,0.2357688732470699,0.3372103945170531,0.06045005899656811,3.688963075106958e-05,13.519137293313435,22.0440946846378,nan,nan,nan
494.2,181.85853576660156,-228.23019409179688,-69.36103057861328,182.03959813529673,-228.09092957816674,-69.37113180287781,0.22864868432988078,0.33713462577039616,0.06044043964082557,3.609205660983518e-05,13.959580553561553,22.159230355128965,4.424580801097531,2.1470515429343022,nan
494.21000000000004,181.86691284179688,-228.23690795898438,-69.36176300048828,182.04809194441825,-228.09772489668296,-69.37202945263984,0.22869891144923388,0.3371771049393074,0.06046645788800057,3.68099280976414e-05,13.95031411158088,22.343988744043685,nan,nan,nan
494.22,181.8752899169922,-228.2434844970703,-69.36248779296875,182.05660010929023,-228.10438132161832,-69.37248093843372,0.22874208665714563,0.3372196687472782,0.06049254023157066,3.603888635030115e-05,13.812313321735969,22.133111819573188,nan,0.12439725910961928,nan
494.23,181.88365173339844,-228.2499237060547,-69.36318969726562,182.0650965367708,-228.1109097061968,-69.37334711021924,0.22880183973306387,0.33726232009823776,0.06051868709013413,3.6755937174377974e-05,13.803060514146749,22.437668851647693,nan,nan,nan
494.24,181.89202880859375,-228.25624084472656,-69.36388397216797,182.07365278647512,-228.11728997593193,-69.37219887503039,0.22883127166069184,0.33730505649068726,0.06054489834303143,3.598837113323675e-05,12.872275349579978,21.18239882874125,nan,2.671206028912368,nan
494.25,181.90040588378906,-228.26242065429688,-69.36456298828125,182.08990651633346,-228.13399728209347,-69.37302869285969,0.22907361353248024,0.3372294711287023,0.060535131919751475,3.668198104110717e-05,12.167061576331637,21.689730124181253,5.452664156480823,nan,nan
494.26,181.90878295898438,-228.26849365234375,-69.36522674560547,182.09833892125943,-228.1401926433125,-69.37605581990417,0.2291503449760081,0.33727203089149416,0.060561313535711814,3.5918671282478935e-05,13.434301825371529,22.259902230283174,nan,3.298566090971945,nan
494.27000000000004,181.9171600341797,-228.2745819091797,-69.36598205566406,182.10683513066672,-228.14632102641966,-69.37692562369413,0.22923188686345075,0.3373146779011936,0.0605875598520744,3.663341072660859e-05,13.400984727988478,22.784194537281735,nan,nan,nan
494.28000000000003,181.925537109375,-228.2807159423828,-69.36682891845703,182.11537772088613,-228.15246356388417,-69.37622245929792,0.22929537496209693,0.3373574100761237,0.06061387078502006,3.587328307184863e-05,12.555732268476946,21.12550779263356,nan,1.8610218258874016,nan
494.29,181.93392944335938,-228.286865234375,-69.36775970458984,182.1238776866853,-228.15864836197295,-69.37725840179552,0.22936897514653007,0.3374002296876086,0.06064024669936945,3.658741862574136e-05,12.524608985960587,21.940718563081475,nan,nan,nan
494.3,181.9423065185547,-228.2930450439453,-69.36878204345703,182.11860998661007,-228.15706507345945,-69.37916401595199,0.22289291279575627,0.3373248234041612,0.06063033022695998,3.580869025028619e-05,13.251872953768636,21.965787386683008,2.2997515460678644,0.3007857467863439,nan
494.31,181.95069885253906,-228.29925537109375,-69.3698959350586,182.12709630247272,-228.16328893178112,-69.38038707555225,0.22296411592745016,0.33736746609678003,0.06065667568451857,3.652140062411576e-05,13.219103107753476,21.821089911577047,nan,nan,nan
494.32,181.95907592773438,-228.30548095703125,-69.37109375,182.1356293541599,-228.1695249630711,-69.37985310413401,0.2230064370396792,0.3374101940520341,0.060683085975383216,3.576812477494548e-05,12.313774796115252,21.250115830812906,nan,2.2979472334217794,nan
494.33,181.96746826171875,-228.31173706054688,-69.37237548828125,182.1441187084849,-228.17580222932332,-69.38123165595374,0.2230741813574639,0.33745300918668264,0.06070956143223159,3.648036469071664e-05,12.281874101007425,21.240066478670357,nan,nan,nan
494.34000000000003,181.97586059570312,-228.31802368164062,-69.37374114990234,182.1526419388594,-228.18209509182464,-69.38130779019335,0.223126598286253,0.33749590995380385,0.06073610201825671,3.5729851503531134e-05,11.69813602774581,20.470039951495576,nan,1.3043342554147865,nan
494.35,181.9842529296875,-228.3243408203125,-69.37518310546875,182.14091381514407,-228.17204866380305,-69.38298690063633,0.21862395382334726,0.337420682806037,0.060726032974579514,3.6419264975103604e-05,12.528989292818416,20.515600090180833,9.013623571597662,nan,nan
494.36,181.99264526367188,-228.33067321777344,-69.37671661376953,182.1493801502234,-228.17836975232035,-69.38530183201999,0.2187141427154396,0.3374634065344106,0.06075254228840683,3.5672285659189174e-05,12.887062094129675,20.9831776849055,nan,0.32645641159805633,nan
494.37,182.00103759765625,-228.3370361328125,-69.37832641601562,182.15786306397325,-228.184711017949,-69.38701298904255,0.21879813540035428,0.33750621720751994,0.06077911695096516,3.6382871722743806e-05,12.859523608380956,20.87560050564047,nan,nan,nan
494.38,182.00942993164062,-228.3434295654297,-69.38002014160156,182.1663796217169,-228.19106652637726,-69.38727699059244,0.21886151498518938,0.337549113575759,0.060805756953295306,3.56383985759796e-05,12.228616494680491,19.910411539582718,nan,1.590697326112289,nan
494.39,182.01783752441406,-228.34983825683594,-69.38179016113281,182.17486493636375,-228.19745764457775,-69.38913556302984,0.21893244169109316,0.33759209710783017,0.06083246258727842,3.634868150651877e-05,12.19930872117935,20.527962730154922,nan,nan,nan
494.40000000000003,182.02622985839844,-228.3562774658203,-69.3836441040039,182.20598617061012,-228.219078530179,-69.38966785445324,0.22621265501852553,0.33751704559095624,0.06082223808472646,3.558516670240285e-05,11.169966817236231,19.516402131173624,6.299876761112432,1.2974688848565226,nan
494.41,182.0346221923828,-228.36273193359375,-69.38556671142578,182.21449591091647,-228.2255522066103,-69.39167099656606,0.22629647458909305,0.3375598518104523,0.060848911603521114,3.6294315849160664e-05,11.141405662571374,20.097709718829755,nan,nan,nan
494.42,182.04302978515625,-228.3692169189453,-69.3875732421875,182.22303389512214,-228.23204029910454,-69.39234667350277,0.22636627461279357,0.3376027437672215,0.06087565066750739,3.555537338857113e-05,10.720240595814927,19.325874896102984,nan,1.3506405206236154,nan
494.43,182.0514373779297,-228.375732421875,-69.38961791992188,182.2315460699517,-228.23856084760817,-69.39447512964702,0.22644817114525617,0.33764572268316595,0.06090245554463791,3.626432233714707e-05,10.695507310797677,19.173028786914415,nan,nan,nan
494.44,182.05982971191406,-228.38226318359375,-69.39167022705078,182.240018354371,-228.24511860014988,-69.39887528544968,0.22655793189600346,0.33768878768101396,0.060929326261079615,3.552752109801855e-05,11.471707036772067,19.90206510561662,nan,3.4611552533982106,nan
494.45,182.0682373046875,-228.38880920410156,-69.3936996459961,182.22304595144044,-228.25363964520548,-69.40114087928578,0.20564994216996307,0.33761391100924754,0.06091894372555161,3.6214089057381284e-05,10.374896774809995,20.356312991742833,24.838123540559163,nan,nan
494.46000000000004,182.07664489746094,-228.3953857421875,-69.39569854736328,182.2314785404286,-228.26025300508073,-69.4037636975152,0.2056680827925962,0.3376567985367445,0.06094578148426666,3.548019815848229e-05,10.6439688546805,20.26892117431127,nan,0.15717603598941526,nan
494.47,182.0850372314453,-228.4019775390625,-69.39766693115234,182.2399201716958,-228.26688595747652,-69.40588170160684,0.20568408555270873,0.33769977283588076,0.060972685235503234,3.618799610869439e-05,10.640259230508626,20.1975256380817,nan,nan,nan
494.48,182.09344482421875,-228.40859985351562,-69.39958953857422,182.24835368858086,-228.2735441003116,-69.4085128507498,0.20570959683896603,0.33774283323228915,0.060999655025809486,3.5456026175780294e-05,10.986424118552097,20.643542379007254,nan,0.20628586396408707,nan
494.49,182.1018524169922,-228.4152374267578,-69.40148162841797,182.25679703217102,-228.2802208657796,-69.41056586864937,0.20571783814701888,0.3377859806420441,0.06102669109317292,3.6163749694637776e-05,10.9873662739466,20.679690731731,nan,nan,nan
494.5,182.11026000976562,-228.42190551757812,-69.40333557128906,182.31656067523625,-228.30727267090435,-69.41228525357903,0.23617948878606068,0.3377112758478917,0.061016147715973065,3.541231246870737e-05,11.063390868793824,20.639924276648664,24.216034916576223,0.10319280180714295,nan
494.51,182.11866760253906,-228.4285888671875,-69.40515899658203,182.3250927302923,-228.31402492140845,-69.4142642927442,0.23626074040900688,0.33775424552242617,0.061043149960152185,3.6119121797608163e-05,11.062439141803862,20.706504052323538,nan,nan,nan
494.52000000000004,182.1270751953125,-228.435302734375,-69.40693664550781,182.33362185720608,-228.32079968854046,-69.41647128710483,0.23635435353543224,0.33779730129389285,0.061070218438309676,3.5391547961273016e-05,11.30225252790826,20.77183465213648,nan,0.04787398634723239,nan
494.53000000000003,182.13548278808594,-228.4420166015625,-69.40868377685547,182.34215554564787,-228.32759397414188,-69.41838268407204,0.23643230571410456,0.3378404439138106,0.0610973533712559,3.609836042421771e-05,11.304310011715764,21.523545991670403,nan,nan,nan
494.54,182.14390563964844,-228.44876098632812,-69.410400390625,182.3506984099523,-228.33440571074925,-69.4196322007222,0.2364859514227673,0.3378836729561758,0.0611245548308483,3.537239521233646e-05,11.073096147765508,20.86811771814166,nan,0.2722631921655799,nan
494.55,182.15231323242188,-228.45553588867188,-69.41207122802734,182.38256155307,-228.34871746101027,-69.42163260687998,0.2539997748324579,0.3378091386559988,0.06111384800919743,3.605713909962814e-05,11.394998106195503,21.007190827313135,6.999425832680954,nan,nan
494.56,182.1607208251953,-228.4623260498047,-69.4137191772461,182.3911647895688,-228.355573544419,-69.42159797560616,0.25409170310319906,0.3378521897737027,0.06114101477746607,3.533355464721609e-05,10.583175192060427,20.0630176830325,nan,2.3518406115716575,nan
494.57,182.16912841796875,-228.46913146972656,-69.41532897949219,182.3997451697435,-228.36245782276822,-69.42335571592061,0.25421994739246173,0.3378953275876585,0.06116824817589011,3.6039590509191904e-05,10.580593963790726,20.376847791481133,nan,nan,nan
494.58,182.17755126953125,-228.4759521484375,-69.41690826416016,182.40834460654324,-228.36935481223824,-69.42354331084883,0.254308042221373,0.3379385518035,0.06119554829063926,3.531742888415329e-05,10.00517634084983,20.060710867746746,nan,1.6412221161908243,nan
494.59000000000003,182.1859588623047,-228.4827880859375,-69.41845703125,182.41692653107836,-228.37627783373472,-69.42522355947679,0.2544332599077585,0.33798186297428845,0.06122291532140508,3.6023559372552385e-05,9.995819011562439,20.044179730083584,nan,nan,nan
494.6,182.1943817138672,-228.48965454101562,-69.41997528076172,182.41784951962262,-228.38434349831977,-69.42771304784367,0.2471601686401993,0.33790749653793795,0.06121204231377995,3.528153569394617e-05,10.041937124072359,19.952999233478877,2.829304798313838,0.38798569451433157,nan
494.61,182.20278930664062,-228.4965362548828,-69.42146301269531,182.42640944906194,-228.39131232467867,-69.42934245917571,0.24726530136873634,0.3379506295229551,0.061239373766019976,3.5986912656515355e-05,10.037155127799153,19.917123707471845,nan,nan,nan
494.62,182.21121215820312,-228.50344848632812,-69.42292022705078,182.43498476349632,-228.39829421755095,-69.4295033572294,0.2473356762068758,0.3379938488775188,0.0612667721197126,3.526818895201241e-05,9.508311933447017,19.01916131158416,nan,1.4404044014228548,nan
494.63,182.21961975097656,-228.51036071777344,-69.42434692382812,182.44354573819723,-228.40530021767597,-69.43106100064382,0.2474381443128103,0.3380371550514462,0.061294237562793286,3.597371741577094e-05,9.499367236497152,19.697528029076317,nan,nan,nan
494.64,182.22804260253906,-228.51730346679688,-69.42574310302734,182.49304586824385,-228.45682014287462,-69.43163847431792,0.27188181018512925,0.3350899013510747,0.05778681445236382,3.525439123676295e-05,9.435234103665135,19.27048891909028,nan,0.5900944495392176,0.5601681382322462
494.65000000000003,182.2364501953125,-228.5242462158203,-69.42711639404297,182.47603797131683,-228.44630584178802,-69.43300286228289,0.2520151876838646,0.33502444959696726,0.057781038450067386,3.59380216403159e-05,10.082546649308512,19.201590902482934,14.106638216309525,nan,nan
494.66,182.244873046875,-228.53121948242188,-69.42845916748047,182.48446716245613,-228.4532466877138,-69.43282505971465,0.25200031339403234,0.33506990698632977,0.05780105352197195,3.522249754391286e-05,9.621003506207693,18.42808187194141,nan,1.8794979512229109,nan
494.67,182.2532958984375,-228.5382080078125,-69.42977905273438,182.4929875239013,-228.4603248986386,-69.43424698580215,0.25206708717714,0.3351154544739232,0.057821135573133786,3.5927481426926045e-05,9.596865228407783,18.39808154329257,nan,nan,nan
494.68,182.26170349121094,-228.54522705078125,-69.43106842041016,182.5014241507421,-228.46730983842306,-69.43410219878996,0.25208389555659666,0.3351610835534855,0.05784126972657339,3.5212960612377025e-05,9.266148889169932,17.438710403847708,nan,1.6563304738555873,nan
494.69,182.27012634277344,-228.55224609375,-69.43233489990234,182.50994564895754,-228.47442211061622,-69.43545794425283,0.25215000570185764,0.33520680294914573,0.057861470874265304,3.591816181846779e-05,9.237656589379553,18.198470948612545,nan,nan,nan
494.7,182.27854919433594,-228.5592803955078,-69.4335708618164,182.55463637406604,-228.49579465137938,-69.4362733994852,0.28330526685663804,0.33514134496045683,0.05785562973005021,3.5183422528238395e-05,9.23749939078857,18.781694904226377,11.908024507993247,0.17647030026087285,nan
494.71000000000004,182.28697204589844,-228.56634521484375,-69.4347915649414,182.56321991252028,-228.50296370141274,-69.43757530768093,0.28343932204541683,0.3351868715949382,0.0578758301982243,3.5887985477150313e-05,9.208826822124003,17.915480310031942,nan,nan,nan
494.72,182.29539489746094,-228.5734100341797,-69.43598175048828,182.57185996503222,-228.5102215083135,-69.43990115871763,0.28362137639677937,0.33523247990906385,0.05789608358835524,3.517610167018154e-05,9.391113547869532,18.965905747923856,nan,0.7667801719832431,nan
494.73,182.30380249023438,-228.58050537109375,-69.43714904785156,182.58044411441824,-228.51742321718996,-69.44116705327245,0.283771194344655,0.3352781782957765,0.057916403662667926,3.588092216863653e-05,9.368040075773358,18.16266151334404,nan,nan,nan
494.74,182.31222534179688,-228.58761596679688,-69.43829345703125,182.58893816377463,-228.52452551871934,-69.44070747087291,0.28382427300768903,0.33532395872996235,0.0579367772084221,3.516982444515002e-05,9.046920004236727,17.98747728802525,nan,2.028152426071876,nan
494.75,182.32064819335938,-228.59474182128906,-69.43941497802734,182.60658702686072,-228.5350687689331,-69.44184589298368,0.2921092244848071,0.3352585025834965,0.05793088192447204,3.585292075804845e-05,9.074483617363057,18.109833346314453,0.9728714374049162,nan,nan
494.76,182.32907104492188,-228.60186767578125,-69.44051361083984,182.61520256252984,-228.5423403191243,-69.44329800066694,0.2922712855993792,0.33530409014724943,0.05795125449854289,3.5143395977604295e-05,9.092189281415774,18.821254977712762,nan,0.05118153335237032,nan
494.77000000000004,182.33749389648438,-228.60902404785156,-69.44158935546875,182.62380420881948,-228.54960925450527,-69.44446129460077,0.29242428191274633,0.33534976753154194,0.05797169346622801,3.5847899674698805e-05,9.065229196520285,18.148762336134826,nan,nan,nan
494.78000000000003,182.34591674804688,-228.61619567871094,-69.44264221191406,182.6323525206049,-228.55682652839795,-69.44457347480319,0.29253013107396686,0.3353955270619759,0.05799218668704245,3.51390363411797e-05,8.904985372124964,18.03318770091376,nan,0.7436884298830947,nan
494.79,182.35433959960938,-228.62338256835938,-69.44367980957031,182.64095479962944,-228.56412570764405,-69.44568541386631,0.2926835678219219,0.3354413766192444,0.05801274634143694,3.584383935591809e-05,8.874907779698228,17.830231484216377,nan,nan,nan
494.8,182.36276245117188,-228.6305694580078,-69.44469451904297,182.6558958398424,-228.57195206574895,-69.4460071903211,0.2989396349341787,0.3353759139593915,0.058006780866187914,3.511444954101947e-05,8.998322520741953,18.526933017075986,1.2790347983223342,0.3331983117657472,nan
494.81,182.37118530273438,-228.63778686523438,-69.44568634033203,182.6645133742247,-228.57927734804144,-69.4470712387463,0.29910974419098946,0.3354215703432488,0.05802733867434661,3.5818690027969674e-05,8.967207593245874,17.88003843148217,nan,nan,nan
494.82,182.37960815429688,-228.64498901367188,-69.44666290283203,182.67331666839976,-228.58683179552634,-69.45176342445376,0.2994544516279033,0.3354673089761638,0.05804795148843099,3.5111816795923056e-05,9.61740205904994,18.637714693861124,nan,9.332033170211162,nan
494.83,182.38803100585938,-228.65211486816406,-69.44761657714844,182.68193470451047,-228.59411624534033,-69.4528259905504,0.29961702608202084,0.3355131373746264,0.05806863047759206,3.5816383999857456e-05,9.593854081701668,18.69187948525405,nan,nan,nan
494.84000000000003,182.39645385742188,-228.6591339111328,-69.44855499267578,182.69058484618475,-228.60134690130974,-69.45450120161189,0.2998128323731814,0.33555904839770206,0.05808936499456554,3.510999609248093e-05,9.80162877136431,18.750304775614225,nan,0.2791506475255478,nan
494.85,182.40487670898438,-228.66603088378906,-69.44947052001953,182.7190973426406,-228.61657915138665,-69.45561807865893,0.31814756470880196,0.33549358638087906,0.05808333762729522,3.5792914419541035e-05,9.847978585688306,19.25497420122056,3.869910624790101,nan,nan
494.86,182.41331481933594,-228.67279052734375,-69.45037078857422,182.72775181018793,-228.6235466887428,-69.4566802147749,0.3183321939659744,0.33553930411622124,0.05810406993274722,3.508780803424734e-05,9.88317689946065,19.659096088025297,nan,0.001395721572994061,nan
494.87,182.42173767089844,-228.67942810058594,-69.45124816894531,182.73640474293072,-228.63038188381574,-69.45768112495752,0.31853144354033736,0.33558511135211627,0.05812486817677831,3.5792179481375365e-05,9.862910226366047,19.296045710922957,nan,nan,nan
494.88,182.43016052246094,-228.68592834472656,-69.45211029052734,182.7450057517622,-228.6370242641577,-69.45758914170455,0.31866776636532845,0.335631001319384,0.058145722659772484,3.508745968993063e-05,9.519824815067674,19.19779384251021,nan,0.8136700041621336,nan
494.89,182.43858337402344,-228.6923065185547,-69.45295715332031,182.75366028305115,-228.64360005086468,-69.45854642497724,0.3188683404713433,0.335676980988117,0.05816664314999152,3.579218287844494e-05,9.495618951597708,18.845709434275623,nan,nan,nan
494.90000000000003,182.447021484375,-228.6985626220703,-69.45378875732422,182.75071288416302,-228.6515243638921,-69.4585460308175,0.30734946833976934,0.33561151209044937,0.05816054029390554,3.506667637767504e-05,8.648232391591831,18.28154479376042,6.590531028118984,0.577955513416819,nan
494.91,182.4554443359375,-228.70468139648438,-69.45459747314453,182.75933811201062,-228.65786333416247,-69.459462001585,0.30751751451341447,0.3356572981555988,0.05818145769382855,3.577088437000577e-05,8.622603542530964,18.88600620393104,nan,nan,nan
494.92,182.46388244628906,-228.710693359375,-69.45539855957031,182.76794865192423,-228.6640610281796,-69.46003376914712,0.30765616666972034,0.33570316705888403,0.058202432013552866,3.506763898986288e-05,8.533058172482235,18.00416482509433,nan,0.07612209164152947,nan
494.93,182.47230529785156,-228.71656799316406,-69.4561767578125,182.77657592063852,-228.67015638401773,-69.46091635951494,0.3078264335287232,0.33574912539598095,0.05822347213869029,3.577221644274548e-05,8.50698045957282,18.8420110879695,nan,nan,nan
494.94,182.48074340820312,-228.7223358154297,-69.45693969726562,182.78519180343156,-228.67611896165823,-69.46151702356156,0.30797041228942773,0.3357951669490104,0.058244569675534194,3.506921769962752e-05,8.435772651174382,18.38171064796413,nan,0.05023256720463818,nan
494.95,182.4891815185547,-228.72799682617188,-69.45769500732422,182.79221643318837,-228.68179788629578,-69.46237468386539,0.30657201585475685,0.33572969735483926,0.058238397239878344,3.575218182143949e-05,8.38255425044451,17.781736722422075,0.05543247049843658,nan,nan
494.96000000000004,182.49761962890625,-228.73353576660156,-69.45842742919922,182.80086670542428,-228.68757213449896,-69.46370561746045,0.3067560988213895,0.33577554518020236,0.05825949124815086,3.505023535454746e-05,8.524695601004757,18.54554025288826,nan,0.1718854765833175,nan
494.97,182.50604248046875,-228.7389678955078,-69.45914459228516,182.80949563742084,-228.69320909473737,-69.46453354129194,0.30693114388008164,0.33582148217187335,0.0582806508828423,3.575468934275248e-05,8.50310205620742,18.25497681646116,nan,nan,nan
494.98,182.51449584960938,-228.74429321289062,-69.45985412597656,182.8181083448902,-228.69871668188355,-69.46495690076085,0.30705668170515626,0.3358675024843875,0.05830186856728719,3.505291331628489e-05,8.394022449110363,18.11734058502109,nan,0.10766028835255943,nan
494.99,182.52293395996094,-228.74951171875,-69.46054077148438,182.82674051223054,-228.70413732928284,-69.46575422665438,0.3072205014908211,0.33591361216374327,0.05832315197705595,3.575774935268637e-05,8.372483927630753,18.224276803326173,nan,nan,nan
495.0,182.5313720703125,-228.75462341308594,-69.46121978759766,182.8537138784141,-228.72654112355818,-69.46592396561324,0.32359694919164445,0.33584813521464263,0.05831689851482874,3.503497297714866e-05,7.431744836929908,18.566404302396307,14.424778203548511,0.18826020392819953,nan
495.01,182.53981018066406,-228.75962829589844,-69.46188354492188,182.8623618789274,-228.73180258727416,-69.46668841678854,0.32378535313794327,0.3358940508428112,0.05833817751522223,3.57393201568141e-05,7.407489951491524,18.789285753558232,nan,nan,nan
495.02000000000004,182.5482635498047,-228.76454162597656,-69.46253967285156,182.8709342905239,-228.73687735224559,-69.46568753003983,0.32386977006542145,0.33594004989347087,0.058359515173186535,3.5038616710656744e-05,7.006201824008005,17.9305920951045,nan,2.164681444209202,nan
495.03000000000003,182.55670166015625,-228.76934814453125,-69.46318054199219,182.87958588836955,-228.74193885061794,-69.46640991445828,0.3240616038166934,0.33598613804592786,0.05838091841248735,3.574335660963557e-05,6.977233880637038,18.25855939729489,nan,nan,nan
495.04,182.56515502929688,-228.77406311035156,-69.46380615234375,182.88832968859614,-228.74700272198126,-69.4692004013418,0.3243504631632322,0.33603230999663375,0.058402380770800844,3.5042714787849164e-05,7.478037193534037,18.713070909484646,nan,3.047067146546334,nan
495.05,182.5736083984375,-228.7786865234375,-69.46441650390625,182.8852824900018,-228.75097045727674,-69.46991005615082,0.31295223084701423,0.335966830904369,0.05839605013004763,3.572585032268572e-05,7.144253752765431,18.53074130689305,3.103081825596424,nan,nan
495.06,182.58206176757812,-228.78321838378906,-69.46501922607422,182.89384486277575,-228.7556804760121,-69.46902382815435,0.3130224778727004,0.33601280866658206,0.058417507569664844,3.502608473155184e-05,6.720466874908828,17.93635593853704,nan,1.792365369822265,nan
495.07,182.59051513671875,-228.78765869140625,-69.46560668945312,182.90247737924872,-228.76037304666963,-69.46970510852817,0.31318005078857947,0.33605887526858974,0.058439030468902545,3.5730738007224775e-05,6.696084918951013,18.018624026349098,nan,nan,nan
495.08,182.59896850585938,-228.79200744628906,-69.46617889404297,182.91109223487726,-228.76495500742078,-69.46990271823,0.3133160122485404,0.33610502576438595,0.05846061305304505,3.503097700962734e-05,6.585301447713192,18.130659403356002,nan,0.15754804794204613,nan
495.09000000000003,182.607421875,-228.79641723632812,-69.46685028076172,182.91972910259585,-228.769538636989,-69.47060977728883,0.3134842856112205,0.3361512653039383,0.05848226122581575,3.5736026716280404e-05,6.5547803002037925,17.33598777298602,nan,nan,nan
495.1,182.6158905029297,-228.8008575439453,-69.46761322021484,182.94199911567912,-228.78763117610325,-69.47013130909914,0.32638643490084707,0.33608577826398156,0.058475843797128654,3.5015095122309256e-05,5.749631716262512,18.681090491295617,8.696413941022417,1.2012558595370668,nan
495.11,182.6243438720703,-228.80535888671875,-69.46846771240234,182.95064849752765,-228.79235017664962,-69.47101053736331,0.32657372994669903,0.33613182328783536,0.05849748616883469,3.571966741038621e-05,5.719610090213678,17.79540485853859,nan,nan,nan
495.12,182.6328125,-228.80990600585938,-69.46940612792969,182.95936213141013,-228.79718222077835,-69.47351694724998,0.3268232784187269,0.336177952295418,0.058519188762353506,3.502067379559743e-05,5.990794801367429,18.40562545895947,nan,1.6650166548662149,nan
495.13,182.6412811279297,-228.8144989013672,-69.4704360961914,182.968015212541,-228.80199604700994,-69.4745920402401,0.32699962581752373,0.33622417009092775,0.05854095685631412,3.5725648282715895e-05,5.961459830732061,18.330849685697817,nan,nan,nan
495.14,182.64974975585938,-228.8191375732422,-69.47154998779297,182.97663123175826,-228.8068161653265,-69.47478366543857,0.3271295967196716,0.33627047224076434,0.058562785604077884,3.502657665121176e-05,5.746444692935407,18.20857611075469,nan,0.6663892401947256,nan
495.15000000000003,182.65821838378906,-228.82382202148438,-69.47274780273438,183.01051799423308,-228.82354052822672,-69.47590274418305,0.35231384930627924,0.33620498153092304,0.058556283501083155,3.570993925778114e-05,5.6417175396356845,18.833664325194327,6.575064044210431,nan,nan
495.16,182.66668701171875,-228.82855224609375,-69.47403717041016,183.0192489096092,-228.82855004295303,-69.47809735528521,0.35258527613923674,0.3362510890122148,0.05857810587072955,3.5011612326363314e-05,5.804315351676963,18.787142043902904,nan,0.5324205598252388,nan
495.17,182.67515563964844,-228.83331298828125,-69.47541046142578,183.02794723863587,-228.83356979446833,-69.4795177145504,0.35281560026982955,0.33629728503064454,0.058599993673337375,3.571651240420895e-05,5.775444229678281,19.50433314496136,nan,nan,nan
495.18,182.6836395263672,-228.838134765625,-69.47686767578125,183.03664482869024,-228.8386318628862,-69.48096982198963,0.3530294862718885,0.33634356548430483,0.05862194262710388,3.5018066349581187e-05,5.75422594334912,18.66490934645941,nan,0.0019833294087716283,nan
495.19,182.69210815429688,-228.84300231933594,-69.47840118408203,183.04534587221576,-228.84373977849108,-69.48255810353812,0.3532629462396433,0.33638993468517847,0.05864395717145891,3.572336632687087e-05,5.7287607408704275,18.57584226357927,nan,nan,nan
495.2,182.70059204101562,-228.847900390625,-69.48001861572266,183.05691876713144,-228.84689672212366,-69.48522966642308,0.3563662415890072,0.3363244353097289,0.05863736231878705,3.5003618311203775e-05,6.22834229369388,19.4555759257063,1.251980682481736,0.6487579265540794,nan
495.21000000000004,182.7090606689453,-228.85284423828125,-69.48171997070312,183.06563245663554,-228.85208111572604,-69.486992362259,0.3566115817599844,0.3363706095140234,0.05865936960025633,3.570844228247707e-05,6.201968673171626,19.05760304389496,nan,nan,nan
495.22,182.71754455566406,-228.8578338623047,-69.4834976196289,183.07436972916298,-228.85733023015948,-69.48945148958497,0.3568751975905932,0.33641686822734485,0.058681438503330914,3.50105385518657e-05,6.406908114701382,19.225072969767528,nan,0.26745556347623783,nan
495.23,182.7260284423828,-228.8628692626953,-69.4853515625,183.08308516935378,-228.8625983828196,-69.49138099779803,0.3571077340819433,0.3364632154457157,0.05870357296026362,3.571576498619488e-05,6.383632737124625,19.02064948989354,nan,nan,nan
495.24,182.7344970703125,-228.86793518066406,-69.4872817993164,183.09175045050668,-228.8678575233434,-69.49197318709437,0.35728419054040184,0.3365096475364753,0.058725769443442086,3.501768105238408e-05,5.965541441679553,19.06195476729431,nan,1.414602650867343,nan
495.25,182.74298095703125,-228.873046875,-69.48926544189453,183.09234137618986,-228.8613182767265,-69.494120285405,0.34959094953624714,0.3364441429056283,0.05871908253121106,3.570127908406063e-05,6.57267361637475,18.30634945384699,8.463786499816491,nan,nan
495.26,182.75146484375,-228.87818908691406,-69.49125671386719,183.10103764970975,-228.86664893672278,-69.49553908142904,0.3497894515347009,0.336490379830108,0.05874127111097988,3.5003844699076504e-05,6.407018155334141,18.497904109141043,nan,0.31637641564346713,nan
495.27000000000004,182.75994873046875,-228.88339233398438,-69.49322509765625,183.1097587677735,-228.8720421665934,-69.49761509436992,0.3500216572872448,0.33653670502373273,0.058763525226320154,3.570899286953125e-05,6.395188435824993,17.568515714352863,nan,nan,nan
495.28000000000003,182.7684326171875,-228.88861083984375,-69.49517059326172,183.11846974246095,-228.87746398020138,-69.49935142062495,0.3502395192821983,0.33658311515273187,0.05878584180220197,3.501135008391118e-05,6.3255528358282165,18.47193356348914,nan,0.07125109515699259,nan
495.29,182.77691650390625,-228.8938751220703,-69.49707794189453,183.1271923993558,-228.8829349179322,-69.5013726339737,0.3504730166212897,0.3366296137687651,0.05880822409748438,3.571689464241894e-05,6.3142117807631735,18.213653594111197,nan,nan,nan
495.3,182.785400390625,-228.89918518066406,-69.49895477294922,183.1382241011916,-228.8943296870245,-69.50260305172651,0.35287597891399763,0.3365640996276851,0.05880143830120606,3.4997852181577404e-05,5.819180574243267,17.734448799546062,2.5178849819930367,0.3818692898956341,nan
495.31,182.7938995361328,-228.90452575683594,-69.50079345703125,183.14694394292462,-228.89989582769155,-69.50454845454743,0.3530947315058799,0.3366104027504418,0.05882381180418343,3.5702915907204536e-05,5.805326213284156,18.18660166629112,nan,nan,nan
495.32,182.80238342285156,-228.909912109375,-69.50259399414062,183.15565295283548,-228.90548823068798,-69.5061025445596,0.3533146493477719,0.3366567908636434,0.05884624817768984,3.5005655239383884e-05,5.734789963762831,17.64028206411549,nan,0.08959477669403193,nan
495.33,182.8108673095703,-228.9153289794922,-69.50435638427734,183.16437467305812,-228.91112867536228,-69.50797446756629,0.3535508296151633,0.3367032672379764,0.05886875027943577,3.57111160144575e-05,5.7221590449657045,17.984024525420708,nan,nan,nan
495.34000000000003,182.81935119628906,-228.9207763671875,-69.50608825683594,183.17313026450788,-228.91683620464346,-69.5108296369351,0.3538327778427118,0.33674982895769395,0.05889131563181897,3.5013603109883126e-05,5.969843886436654,18.372664805160362,nan,0.7308419569718527,nan
495.35,182.82785034179688,-228.92626953125,-69.5077896118164,183.18872907310234,-228.92661907153618,-69.51268614073757,0.3609121179491308,0.3366843079330251,0.05888443050337308,3.5697415267049426e-05,5.910837573764064,18.08482695067802,0.6489093410689721,nan,nan
495.36,182.83633422851562,-228.93179321289062,-69.50945281982422,183.19747845110737,-228.93239185262308,-69.51497790687813,0.3611869799257443,0.33673067397243206,0.05890698636428319,3.5000485748556176e-05,6.084232670240845,18.505511942079767,nan,0.18382864669441992,nan
495.37,182.84483337402344,-228.93734741210938,-69.51107788085938,183.20621221326687,-228.9381852988295,-69.51673198319031,0.36142403957159847,0.33677712805390336,0.058929607978043856,3.5705854888726756e-05,6.079647842684919,18.95237487284306,nan,nan,nan
495.38,182.8533172607422,-228.9429473876953,-69.51268005371094,183.2149308672251,-228.94399974818293,-69.51794812351869,0.3616535087838476,0.3368236675241968,0.05895229322028334,3.500865512727715e-05,5.950590823337539,17.87941426492887,nan,0.1806589130078611,nan
495.39,182.86181640625,-228.94857788085938,-69.51424407958984,183.2236660773021,-228.94986270763332,-69.51963392422832,0.3618920911619763,0.33687029526313367,0.05897504442240834,3.571441315183965e-05,5.94428665566334,18.28684786516176,nan,nan,nan
495.40000000000003,182.87030029296875,-228.95423889160156,-69.51577758789062,183.24438726799517,-228.95515427127862,-69.52147372444273,0.3741314592171945,0.3368047637594471,0.05896805413332468,3.499574417872103e-05,6.431582267327598,18.558466280135825,4.66367053802512,0.0592562535045621,nan
495.41,182.87879943847656,-228.95993041992188,-69.51728057861328,183.2531525314965,-228.96107366732022,-69.52309999627738,0.37440006796228703,0.336851195493159,0.05899079494870258,3.570101314273489e-05,6.425785420547622,18.73220193703571,nan,nan,nan
495.42,182.88729858398438,-228.96566772460938,-69.51876068115234,183.2619391725463,-228.96704425194872,-69.52539530035835,0.3747018596131528,0.3368977126509675,0.05901359974895636,3.500408640876963e-05,6.708459406291981,18.189779174809754,nan,0.34412478067771285,nan
495.43,182.89578247070312,-228.97142028808594,-69.52020263671875,183.2707057670573,-228.9730295450008,-69.52697066712501,0.3749878319258967,0.3369443178688635,0.05903647055676122,3.570974397745028e-05,6.706846409307357,19.160269391211266,nan,nan,nan
495.44,182.90428161621094,-228.9772186279297,-69.52162170410156,183.2794821515594,-228.97905509436166,-69.52884082529536,0.3752744729468468,0.3369910088569078,0.059059405708226195,3.5012516598291024e-05,6.886360516904933,18.553752486668817,nan,0.0735947989789963,nan
495.45,182.91278076171875,-228.98304748535156,-69.52300262451172,183.30228348282057,-228.99557410716022,-69.530233607641,0.3897711804593504,0.33692546881052643,0.05905230892568203,3.569650521161879e-05,6.564521495392809,19.326298128967256,4.521946941824945,nan,nan
495.46000000000004,182.92127990722656,-228.9888916015625,-69.52436828613281,183.31107601623714,-229.00168895200815,-69.53203858575662,0.3900815456728659,0.336971963589157,0.05907523293765952,3.499981752492142e-05,6.753822968344143,19.99118174755661,nan,0.0685955185693552,nan
495.47,182.9297637939453,-228.99478149414062,-69.52569580078125,183.31986029531856,-229.00782764093947,-69.53350843005911,0.3903927759400531,0.33701854622622684,0.05909822301778674,3.5705365399847625e-05,6.756941345192788,19.434302442130765,nan,nan,nan
495.48,182.93826293945312,-229.00070190429688,-69.52700805664062,183.32866929305317,-229.0140170694113,-69.53583104874389,0.3907329775472755,0.33706521465700773,0.05912127777007636,3.5008366875864365e-05,7.2454082075938935,19.654451373143363,nan,0.5448808331319727,nan
495.49,182.94676208496094,-229.00665283203125,-69.52828216552734,183.33745458766086,-229.02021678069718,-69.53725841983851,0.3910309265400859,0.33711197118172215,0.05914439881748368,3.571429431872001e-05,7.252307164538584,19.914945433447368,nan,nan,nan
495.5,182.95526123046875,-229.01263427734375,-69.529541015625,183.35623422636226,-229.02477770016597,-69.53915999112861,0.4012721406270263,0.33704641956916126,0.059137190486944664,3.4995779880192156e-05,8.015894289622693,20.151166219788934,4.140943648364475,0.12304321960072873,nan
495.51,182.96376037597656,-229.0186309814453,-69.53076934814453,183.36504594215532,-229.03102437347627,-69.54054402764287,0.4015958741679671,0.33709297956202877,0.05916029949074572,3.570120867354032e-05,8.021892559955557,20.962194508498584,nan,nan,nan
495.52000000000004,182.97225952148438,-229.02467346191406,-69.53197479248047,183.37382178908865,-229.0372716208845,-69.54053155320777,0.4018509506360255,0.33713962536418274,0.05918347347668133,3.500441321793996e-05,7.412212891808671,19.458624997839852,nan,1.329895738923473,nan
495.53000000000003,182.9807586669922,-229.03074645996094,-69.53315734863281,183.38263363432654,-229.04357674825576,-69.54185442094654,0.40217377429979667,0.3371863590689806,0.05920671383719608,3.571022103501904e-05,7.413753853591722,19.323227524360984,nan,nan,nan
495.54,182.9892578125,-229.03683471679688,-69.53430938720703,183.39144324066567,-229.04990877867186,-69.54306173807662,0.4024930476026329,0.3372331789203137,0.0592300195206368,3.5013094486501114e-05,7.457826367817981,20.171991931931725,nan,0.006063978523044339,nan
495.55,182.9977569580078,-229.04295349121094,-69.53544616699219,183.39804149448338,-229.0632877568363,-69.54417621250735,0.40089575477258355,0.3371676170833056,0.05922269764343202,3.569721510189566e-05,6.89189019574378,19.924064666480458,6.631433606558415,nan,nan
495.56,183.00625610351562,-229.04910278320312,-69.53656005859375,183.40679275866984,-229.06966857860422,-69.54361075971978,0.401126259984276,0.33721424018211527,0.059245990482014364,3.50006014336895e-05,6.152433489650431,19.012825275787783,nan,2.3322466113358704,nan
495.57,183.01475524902344,-229.05528259277344,-69.53765106201172,183.41558930328077,-229.0761119527464,-69.54482320873856,0.4014389629544241,0.3372609509988886,0.05926934978475525,3.570628020408447e-05,6.148284364177815,18.857038058251852,nan,nan,nan
495.58,183.0232391357422,-229.06149291992188,-69.5387191772461,183.4243525401749,-229.082557451304,-69.54463640227456,0.4017097101763834,0.33730774796652785,0.059292774696715504,3.5009331045962734e-05,5.684042821128692,18.185348824344267,nan,1.3407131250472863,nan
495.59000000000003,183.03173828125,-229.06771850585938,-69.53976440429688,183.4331493147014,-229.08905520096144,-69.54579354676763,0.4020229133934285,0.3373546328962786,0.059316266316428286,3.5715379766419734e-05,5.677022606616664,18.81007622786847,nan,nan,nan
495.6,183.0402374267578,-229.073974609375,-69.54078674316406,183.46064810428217,-229.10609614374988,-69.5462640220981,0.42167159180054836,0.33728905829571904,0.05930882642430947,3.4996885870433855e-05,5.372033111423008,19.174973764131494,3.8017484711287524,0.33251353207778167,nan
495.61,183.04873657226562,-229.08026123046875,-69.54179382324219,183.46947160938748,-229.1126697012802,-69.54737491952966,0.42201828050220497,0.33733574615291634,0.059332304283765396,3.5702426377795854e-05,5.363542335316359,18.803397529561735,nan,nan,nan
495.62,183.05723571777344,-229.08657836914062,-69.54277801513672,183.47830034030494,-229.11927268358127,-69.54867827176726,0.422373232547527,0.3373825201577971,0.05935584802300751,3.500563930282153e-05,5.462292477009148,18.684339984025023,nan,0.03163451232220825,nan
495.63,183.06573486328125,-229.09291076660156,-69.54374694824219,183.48712445713787,-229.12589751552716,-69.54975312925937,0.42272140899856947,0.33742938194984323,0.05937945857438213,3.571154939866761e-05,5.4542027697302,19.067801660200942,nan,nan,nan
495.64,183.07423400878906,-229.09927368164062,-69.54469299316406,183.48152263314608,-229.14738018428372,-69.55172998066813,0.410180177873478,0.33680889042697554,0.05870104574322725,3.501256808044406e-05,5.932777662744639,19.321047699211746,nan,0.6294886569072331,0.3127265514229417
495.65000000000003,183.08274841308594,-229.10565185546875,-69.54561614990234,183.48368420734647,-229.14867191454093,-69.5527822627082,0.40330086755999506,0.3367415831211177,0.05869480491626485,3.5696734624989e-05,6.107980325467551,19.535106512171826,1.4532683756929663,nan,nan
495.66,183.09124755859375,-229.1119842529297,-69.5465316772461,183.49248874343579,-229.15535478538388,-69.55389623996616,0.4036455478298484,0.3367870036533756,0.058715313709873075,3.5000202024060435e-05,6.188376135712952,19.043764225925464,nan,0.005004638933058409,nan
495.67,183.09974670410156,-229.11822509765625,-69.54741668701172,183.50129404823502,-229.16196398391597,-69.55490954303987,0.403991958636971,0.33683250994054015,0.05873588516863682,3.570592465086859e-05,6.179220689157482,19.446659030520674,nan,nan,nan
495.68,183.10824584960938,-229.12437438964844,-69.54829406738281,183.51009764829212,-229.16848522968783,-69.55609903666137,0.4043408857127549,0.33687810186822426,0.058756513324005964,3.500904057949856e-05,6.315523124687198,18.640046649964546,nan,0.02628516088704814,nan
495.69,183.1167449951172,-229.13040161132812,-69.54914855957031,183.51890321978857,-229.17488854474593,-69.55708117312929,0.4046890797558462,0.33692377984314004,0.05877720427787951,3.571512631484919e-05,6.305312405510184,19.189868608075397,nan,nan,nan
495.7,183.125244140625,-229.1363067626953,-69.54998779296875,183.53301362135747,-229.18923420616505,-69.55742997004052,0.411257400770658,0.3368564936319853,0.05877089775891183,3.499667996318998e-05,5.719706648168744,19.80197856136282,5.436717980393642,0.271990473489536,nan
495.71000000000004,183.1337432861328,-229.14210510253906,-69.55081176757812,183.5418156427043,-229.19543514560633,-69.55837402215167,0.411611867401323,0.33690197799120997,0.058791585303425695,3.570225089289478e-05,5.707778008975116,19.273809079907124,nan,nan,nan
495.72,183.14224243164062,-229.14779663085938,-69.5516128540039,183.5506111319436,-229.20155227475976,-69.56001412870381,0.4119772397291858,0.33694754790843084,0.05881233010730929,3.500550271180674e-05,6.0919146552915215,19.39595284377579,nan,0.35747353211558897,nan
495.73,183.15074157714844,-229.1533660888672,-69.55240631103516,183.5594138656712,-229.2075251637559,-69.56093456115133,0.4123335735169611,0.3369932038025346,0.058833137651472585,3.571143669547513e-05,6.081513967717578,19.657662880628664,nan,nan,nan
495.74,183.15924072265625,-229.1588134765625,-69.55317687988281,183.56821413323985,-229.21339861175633,-69.56212937929624,0.41269714657876805,0.3370389455412762,0.05885400288434267,3.501432931908115e-05,6.3027185749356525,20.593767957249845,nan,0.059028145035486305,nan
495.75,183.16773986816406,-229.16416931152344,-69.5539321899414,183.56688673599604,-229.21386021779685,-69.56300550370067,0.402330378282478,0.3369716802158959,0.05884763318287837,3.569855242782163e-05,6.3472542372048,19.307131268938463,1.0616510166445632,nan,nan
495.76,183.17625427246094,-229.16941833496094,-69.55467987060547,183.57567859604256,-229.21948603594828,-69.56371402163384,0.402651438387598,0.33701722816467267,0.058868494575172764,3.5001934288130604e-05,6.342738974244632,19.184275360589115,nan,0.020662330982079126,nan
495.77000000000004,183.18475341796875,-229.174560546875,-69.55540466308594,183.58446935903424,-229.22501340427704,-69.56457791097962,0.4029919017037724,0.3370628620179916,0.05888941866863786,3.570770843015265e-05,6.3380071070061685,19.37761543496865,nan,nan,nan
495.78000000000003,183.19325256347656,-229.17959594726562,-69.55612182617188,183.5932535848175,-229.23046647158588,-69.56616013896509,0.4033477346436164,0.3371085816347601,0.05891040097636975,3.501073364631415e-05,6.830040195016723,19.92325552714427,nan,0.3780600335422501,nan
495.79,183.20176696777344,-229.1845245361328,-69.55682373046875,183.60204616630804,-229.23578903272897,-69.56700444261084,0.4036770148156613,0.3371543874467985,0.058931446144842047,3.5716862841265445e-05,6.82364150533674,20.278165562999558,nan,nan,nan
495.8,183.21026611328125,-229.18936157226562,-69.55751037597656,183.62869383505296,-229.24462239734945,-69.56652108726107,0.42215721011710566,0.3370871422173596,0.05892500516356281,3.4998320002589564e-05,6.486096078800251,19.697928205919833,5.060628433925249,1.149489277882743,nan
495.81,183.21878051757812,-229.19410705566406,-69.55818176269531,183.63752555397127,-229.24974663804394,-69.56732586127526,0.42252429891089816,0.3371327540647691,0.058946045746083864,3.570392673711699e-05,6.479049973912032,19.461335390785724,nan,nan,nan
495.82,183.22727966308594,-229.19876098632812,-69.558837890625,183.6463400452233,-229.25484313282945,-69.56992024349438,0.4229416385016113,0.3371784515950935,0.058967145042710174,3.500708152252374e-05,7.617430631144544,20.445101473247405,nan,2.2922382404362933,nan
495.83,183.2357940673828,-229.20330810546875,-69.55948638916016,183.65517394444623,-229.2597783339535,-69.57071836992709,0.4233137434371802,0.33722423524575396,0.058988307189563,3.571304384715875e-05,7.612372916584593,21.021566229801664,nan,nan,nan
495.84000000000003,183.2443084716797,-229.20777893066406,-69.56011962890625,183.66399667999832,-229.26466593333453,-69.57272206495895,0.42371351721298167,0.3372701048675302,0.05900952845452182,3.5015837729310484e-05,8.587561531302258,21.248595164690425,nan,1.045787533759091,nan
495.85,183.25282287597656,-229.212158203125,-69.56073760986328,183.65861709234213,-229.26058243297567,-69.57348825564324,0.40887214510183784,0.33720287948242694,0.059003017256661204,3.570008112900854e-05,8.743115817741803,20.80874284540502,2.865257154013595,nan,nan
495.86,183.26133728027344,-229.21644592285156,-69.56134796142578,183.66744141881856,-229.2652124423309,-69.5738769457411,0.40921353864892296,0.33724855495669465,0.05902423343805652,3.5003363771401006e-05,8.645480357602553,20.79193347219193,nan,0.10517779106487736,nan
495.87,183.2698516845703,-229.22064208984375,-69.56194305419922,183.67626298665436,-229.26976965329374,-69.57463636442272,0.4095665807614399,0.33729431647446584,0.05904551247649091,3.570915238148669e-05,8.644610299572225,21.110731348373495,nan,nan,nan
495.88,183.2783660888672,-229.22476196289062,-69.5625228881836,183.68508845185505,-229.27423376175648,-69.57513632747833,0.4099141840535616,0.3373401638839978,0.05906685109832621,3.501207848143906e-05,8.64915788111163,20.769223864422816,nan,0.04352837512601009,nan
495.89,183.28688049316406,-229.2288055419922,-69.56309509277344,183.69391283715518,-229.27862352336143,-69.57587135706544,0.41026868422031704,0.33738609762627053,0.05908825276118446,3.571821561052935e-05,8.648117802919007,20.391589581555642,nan,nan,nan
495.90000000000003,183.29541015625,-229.23275756835938,-69.56365966796875,183.7372144667828,-229.29633834495272,-69.57833083195914,0.44659691782457483,0.337318891219249,0.05908166447549087,3.499957465956776e-05,10.33297698368362,23.585863249829533,10.76606091683775,2.059356320003111,nan
495.91,183.30392456054688,-229.23663330078125,-69.564208984375,183.7461001933395,-229.30058814370219,-69.57906251563111,0.44702364541415973,0.33736463062759703,0.05910306030002073,3.570518326626589e-05,10.33540263468251,23.493825238758856,nan,nan,nan
495.92,183.31243896484375,-229.2404327392578,-69.56474304199219,183.75499663556744,-229.30473030806542,-69.5788646340679,0.447426964580474,0.3374104558488427,0.05912451614966381,3.5008241604857026e-05,9.826108132900707,22.97227277402605,nan,0.5967626243014292,nan
495.93,183.3209686279297,-229.24415588378906,-69.56526947021484,183.7638850151917,-229.30882538953927,-69.57956737563913,0.4478409328977577,0.3374563673236307,0.05914603507278701,3.571419990352269e-05,9.827100218112317,22.897364609259096,nan,nan,nan
495.94,183.32949829101562,-229.24794006347656,-69.5658950805664,183.7727866315848,-229.31287517313663,-69.57915982739587,0.448215433535699,0.33750236490088137,0.05916761440192439,3.501689953522317e-05,9.105528391774566,21.84830713281341,nan,0.9370683764774341,nan
495.95,183.33802795410156,-229.2517852783203,-69.56660461425781,183.79928007331668,-229.32761883499234,-69.5798910020892,0.4676331616765135,0.33743517716607546,0.05916094891505516,3.570113427124632e-05,8.85053291909337,22.410417129860722,4.401750668334125,nan,nan
495.96000000000004,183.34654235839844,-229.25567626953125,-69.56741333007812,183.8081796328349,-229.33188566935564,-69.58231089135383,0.4681226154574139,0.3374809802179493,0.059182521846019694,3.500432555482585e-05,10.224580770609936,24.16566506154548,nan,1.5935743534502518,nan
495.97,183.35507202148438,-229.25961303710938,-69.56830596923828,183.81709583790646,-229.33616244338805,-69.58333479791138,0.4685634260525838,0.3375268694424682,0.059204157897983375,3.571009946036358e-05,10.186876994158737,24.59441298605584,nan,nan,nan
495.98,183.3636016845703,-229.26361083984375,-69.56928253173828,183.8260062020364,-229.34051380813085,-69.58515439814335,0.46902443480868006,0.33757284469146404,0.05922585476649171,3.501293742025683e-05,11.03502022351187,25.127454764030897,nan,0.35093513851099023,nan
495.99,183.3721466064453,-229.26766967773438,-69.57035827636719,183.83492495708836,-229.34489833973188,-69.58636502744896,0.46945104551808187,0.3376189064010862,0.05924761496195098,3.571905488977305e-05,10.991510588807312,24.466879812263098,nan,nan,nan
496.0,183.38067626953125,-229.2717742919922,-69.5715103149414,183.80787554273502,-229.32679376117227,-69.58772025894031,0.4310326244022995,0.3375517364144649,0.059240866387503456,3.5000331076531476e-05,11.68958273716665,23.66118134216731,18.27598912928118,0.015915735768953054,nan
496.01,183.3892059326172,-229.27593994140625,-69.57275390625,183.81675241685986,-229.3312297917107,-69.58910589185054,0.4314166792881754,0.3375976034010447,0.05926261941878779,3.5705915560126856e-05,11.649403279624622,23.09087889109149,nan,nan,nan
496.02000000000004,183.39773559570312,-229.28013610839844,-69.57408142089844,183.8256336240862,-229.3357086253646,-69.59024532570814,0.43179427874252835,0.33764355633437665,0.059284433656040206,3.500889348712338e-05,11.601307428428722,24.037649843821615,nan,0.078002003987156,nan
496.03000000000003,183.40628051757812,-229.28440856933594,-69.57549285888672,183.8345125476524,-229.34024742081155,-69.59179912284527,0.43216494901823294,0.33768959564541207,0.059306311289911415,3.571482332091148e-05,11.561984625724389,22.736936725582098,nan,nan,nan
496.04,183.41481018066406,-229.28871154785156,-69.57698822021484,183.84337894118494,-229.344871684408,-69.5947945849189,0.43259936437356183,0.3377357211938493,0.05932825049025185,3.5017446845201256e-05,13.149718971263045,25.22077487167143,nan,1.2998917638263043,nan
496.05,183.42335510253906,-229.29307556152344,-69.57855987548828,183.87896306761522,-229.35108538836113,-69.5965239740821,0.4596373208181227,0.33766856858590055,0.05932141778186873,3.57016513700566e-05,13.76680436727207,25.378379152049323,17.505158375133682,nan,nan
496.06,183.431884765625,-229.2974853515625,-69.58021545410156,183.88793216375572,-229.3556928959418,-69.59575767354573,0.4600096826695258,0.33771449921124186,0.059343349200490746,3.5004771140980395e-05,11.607397791113158,23.362900724840834,nan,4.711091321545847,nan
496.07,183.4404296875,-229.30194091796875,-69.58195495605469,183.8968764684787,-229.3604132349807,-69.59763051319962,0.4604436977681026,0.3377605161299151,0.059365344097956796,3.571050897777193e-05,11.56596936984249,23.318869012365973,nan,nan,nan
496.08,183.448974609375,-229.3064422607422,-69.58377075195312,183.90583571217252,-229.36514695265123,-69.59814692629256,0.4608416023864791,0.3378066192087749,0.059387400923850246,3.5013280185454846e-05,10.566128685534753,22.414044465513243,nan,1.4571203101147459,nan
496.09000000000003,183.45750427246094,-229.3109893798828,-69.58566284179688,183.9147813616981,-229.36996252272948,-69.60016551125966,0.46129220168995144,0.33785280886798635,0.05940952145370848,3.571935812071813e-05,10.530581631353698,22.506353083263143,nan,nan,nan
496.1,183.46604919433594,-229.31558227539062,-69.58760833740234,183.92450295630283,-229.37595371832586,-69.60045345182509,0.46259005604121334,0.3377856726729799,0.05940259949641753,3.500057518571562e-05,9.29122399667557,21.363330036617427,0.18559099025768916,2.1615637625343256,nan
496.11,183.47459411621094,-229.3202362060547,-69.58956146240234,183.93344923591513,-229.38086636231944,-69.60255090577148,0.46302566059180844,0.33783166720077346,0.059424711465174716,3.570611714425305e-05,9.282104764893347,20.649427840440044,nan,nan,nan
496.12,183.48313903808594,-229.32492065429688,-69.59149932861328,183.9423832165407,-229.3858544737313,-69.60598102911746,0.4634952701430109,0.3378777478115455,0.05944688570581365,3.50090382853867e-05,10.525932961395693,22.55853978338249,nan,1.2598335536096958,nan
496.13,183.49168395996094,-229.32965087890625,-69.59341430664062,183.95133075599006,-229.3908581482615,-69.60806801775678,0.46393559700807063,0.33792391491665397,0.059469123751067124,3.571492267812367e-05,10.526781763447568,22.4566620954909,nan,nan,nan
496.14,183.50021362304688,-229.3344268798828,-69.59529113769531,183.9602907339355,-229.3958797175114,-69.60887085122351,0.4643617208984103,0.3379701683961678,0.059491424411211094,3.501749455342243e-05,9.760150731170253,21.716480130068273,nan,1.111928532460914,nan
496.15000000000003,183.50875854492188,-229.33924865722656,-69.59712982177734,183.94043473622796,-229.37989834328016,-69.61088280090306,0.43380395981550596,0.33790304817448696,0.05948441143925341,3.5701654188718776e-05,10.305247301481344,20.40995057529834,16.02196615186751,nan,nan
496.16,183.51730346679688,-229.3441162109375,-69.59893798828125,183.9493936985481,-229.38489475874064,-69.60862689078884,0.43411834004977057,0.33794910631389063,0.05950670286769759,3.500472744806152e-05,7.668481858699932,17.604440207818715,nan,12.665075100241602,nan
496.17,183.52584838867188,-229.34902954101562,-69.60071563720703,183.95831288633426,-229.39002040390588,-69.61053019451764,0.4345136569937309,0.33799525086042614,0.05952905821140787,3.571041498966875e-05,7.66382404139106,17.43654101323824,nan,nan,nan
496.18,183.53439331054688,-229.35397338867188,-69.60244750976562,183.96724432019172,-229.39516449525954,-69.61115713068045,0.43489373565155176,0.3380414817042933,0.059551476489792296,3.501314489295631e-05,7.111995269629753,17.47745625981759,nan,1.0888840206771901,nan
496.19,183.54293823242188,-229.35897827148438,-69.60415649414062,183.9761642427663,-229.40037495654283,-69.61298038759472,0.4352887807748502,0.3380877992416563,0.05957395892481376,3.571917037980359e-05,7.105623948815727,16.551774035161472,nan,nan,nan
496.2,183.55148315429688,-229.364013671875,-69.60581970214844,184.01371280381397,-229.41627661666084,-69.61455782010023,0.4652569386862777,0.33802069399888923,0.05956685041155403,3.500035471271558e-05,7.234140122193119,18.150693613162684,7.6497738610114,0.056009420727460665,nan
496.21000000000004,183.56002807617188,-229.36907958984375,-69.60746002197266,184.0226821361707,-229.42158559092826,-69.61631402927787,0.4657081197795799,0.33806681597778926,0.05958932281991816,3.570584250386902e-05,7.2274520183975195,18.49112856736352,nan,nan,nan
496.22,183.56857299804688,-229.3741912841797,-69.60906219482422,184.03164591138486,-229.4269462243031,-69.61866065384997,0.4661670700407946,0.33811302417671063,0.05961185846680528,3.500873262643333e-05,7.64331990050553,18.69008313622081,nan,0.2734708485851297,nan
496.23,183.57711791992188,-229.3793487548828,-69.61063385009766,184.04061568849878,-229.4323356993926,-69.62035949243696,0.4666180299593685,0.33815931898065266,0.05963445839570051,3.571456116247828e-05,7.64034653360124,18.39059743647806,nan,nan,nan
496.24,183.58566284179688,-229.38455200195312,-69.61217498779297,184.04959831750287,-229.4377411900184,-69.62064606719245,0.4670513617706106,0.338205700296523,0.05965712189154876,3.5017107134541154e-05,7.021876444728182,17.482151345962148,nan,1.345980059326016,nan
496.25,183.59422302246094,-229.38978576660156,-69.61368560791016,184.07424133375955,-229.45138543835364,-69.62232435710914,0.4840317414484855,0.3381386095196037,0.059649915534153664,3.570121316918966e-05,6.980062735021778,18.459604468036808,2.546843687529629,nan,nan
496.26,183.60276794433594,-229.39505004882812,-69.61516571044922,184.08323805958935,-229.45690285434026,-69.6235187193745,0.4845070422186382,0.33818479505967214,0.059672568284247836,3.500426544697084e-05,6.862925773217862,18.772309401213437,nan,0.11369718413519425,nan
496.27000000000004,183.61131286621094,-229.40036010742188,-69.61661529541016,184.09223120714142,-229.46246503776962,-69.62508167644367,0.48498572414519,0.3382310671153379,0.05969528544925895,3.570989459430382e-05,6.857453016030558,18.41594467097116,nan,nan,nan
496.28000000000003,183.61985778808594,-229.4057159423828,-69.61803436279297,184.10122479761827,-229.46806446714993,-69.6265798172127,0.48546324392066825,0.33827742560541235,0.05971806646506486,3.501260845754216e-05,6.916957603758771,18.117108827558372,nan,0.000954055481503618,nan
496.29,183.62840270996094,-229.4110870361328,-69.61942291259766,184.11021818416188,-229.47370191074276,-69.62808680590722,0.48594427329600076,0.3383238708970767,0.05974091215054899,3.5718574488354145e-05,6.91261561043309,19.098479432442815,nan,nan,nan
496.3,183.63694763183594,-229.41651916503906,-69.62078857421875,184.08952773464515,-229.46877638100617,-69.62979392359573,0.4556760498389473,0.3382567935728319,0.05973360385829233,3.499975131359507e-05,6.949823498270822,17.079121756274198,8.12068458144873,0.03731378373748989,nan
496.31,183.64549255371094,-229.42196655273438,-69.62213134765625,184.0984695488099,-229.47447235341917,-69.63124968301194,0.45610104278997005,0.33830304286092794,0.059756437985429185,3.5705178967264576e-05,6.941384222787702,17.95388860667348,nan,nan,nan
496.32,183.65403747558594,-229.42745971679688,-69.62344360351562,184.1074188937066,-229.48019206032632,-69.63179356404571,0.4565141095213504,0.33834937850546287,0.05977933623368529,3.5008062445862264e-05,6.58502886237559,17.16087764140896,nan,0.5540694543931439,nan
496.33,183.66259765625,-229.43299865722656,-69.62472534179688,184.11636068445407,-229.4859597320112,-69.63318923355918,0.45692165485018416,0.3383958008612264,0.059802299295744085,3.571383015325448e-05,6.580292110174559,16.68410884975824,nan,nan,nan
496.34000000000003,183.671142578125,-229.4385528564453,-69.62598419189453,184.12532808638304,-229.4917231283805,-69.6315592481125,0.4573211508131952,0.33844230986555396,0.059825326795545045,3.5016374049002226e-05,5.4423135645259375,16.426746907345564,nan,6.3521898932265275,nan
496.35,183.6796875,-229.44415283203125,-69.6272201538086,184.1436947583982,-229.506241518155,-69.63296933014666,0.4681781646118841,0.33837524540705854,0.05981791388012845,3.5700422669847114e-05,5.209373162561547,16.42159765781396,3.3214959847236543,nan,nan
496.36,183.688232421875,-229.4497833251953,-69.62842559814453,184.15264292649,-229.51213929626059,-69.63441702328998,0.46861634745227926,0.3384215581818746,0.05984092905831789,3.5003477128013744e-05,5.290117940510475,16.717919543325447,nan,0.016601219117007,nan
496.37,183.69677734375,-229.45545959472656,-69.6296157836914,184.1615923771237,-229.51806922656135,-69.63568950383147,0.46905209873213255,0.3384679575768165,0.059864009199699766,3.570904475497755e-05,5.279473607801447,16.08092813058536,nan,nan,nan
496.38,183.705322265625,-229.46115112304688,-69.63077545166016,184.17054001711912,-229.5240351168429,-69.63715648555844,0.4694919281250706,0.33851444354185334,0.05988715403252765,3.501176505583107e-05,5.3902425609234355,17.02690267123446,nan,0.03341074783089703,nan
496.39,183.7138671875,-229.46688842773438,-69.63191223144531,184.17948954197195,-229.53003148280894,-69.63838546882256,0.46992885120014766,0.33856101641288056,0.059910364094026766,3.5717669363479565e-05,5.382135538522948,16.42108862294592,nan,nan,nan
496.40000000000003,183.722412109375,-229.47265625,-69.63302612304688,184.182494459302,-229.5429798161177,-69.63955964753954,0.46547165285134623,0.33849396388788927,0.05990284295174358,3.641495137616296e-05,4.84564825385539,16.529762355976455,8.672141711830626,nan,nan
496.41,183.73097229003906,-229.4784393310547,-69.63412475585938,184.19141835863786,-229.54906958200422,-69.6407446026402,0.46587877909246467,0.33854034029302227,0.05992603986028359,3.714871095396118e-05,4.833813855281849,17.218052481216336,nan,nan,nan
496.42,183.73951721191406,-229.48426818847656,-69.63519287109375,184.20036454220124,-229.55516143763467,-69.63906446110673,0.4662843593969701,0.3385868031819274,0.05994930168958237,3.636577309197728e-05,4.0483045322649645,15.832981546341317,nan,5.2829447765185265,nan
496.43,183.74806213378906,-229.49012756347656,-69.63624572753906,184.2092878301391,-229.56131436241142,-69.6401797045028,0.46670352418951255,0.3386333528922718,0.05997262891799108,3.7098163642478484e-05,4.035331075872829,15.782257749085192,nan,nan,nan
496.44,183.75660705566406,-229.4960174560547,-69.63727569580078,184.21820674508518,-229.56750351441087,-69.64179581911402,0.46712413909767714,0.338679989379059,0.05999602137595821,3.6317950629221213e-05,4.1628419916171815,15.927051118709281,nan,0.17786324658520072,nan
496.45,183.76515197753906,-229.501953125,-69.6382827758789,184.22524862584586,-229.57087482375167,-69.6428094079772,0.465252207668187,0.33861294794383545,0.05998838870745909,3.702540661770669e-05,4.246683872896677,15.124987228597453,0.6011463538814675,nan,nan
496.46000000000004,183.77369689941406,-229.50790405273438,-69.63927459716797,184.23416820715875,-229.57711611478615,-69.64433477401315,0.46567127910067846,0.33865938773056947,0.0600117672096771,3.624886179126827e-05,4.381812857669824,15.891559435607167,nan,0.14261648864146176,nan
496.47,183.78224182128906,-229.51388549804688,-69.64024353027344,184.24309103576346,-229.5833833468116,-69.64538013755048,0.46608833304311187,0.3387059142453488,0.06003521126887781,3.6977808662617305e-05,4.371233724740012,15.867723816477325,nan,nan,nan
496.48,183.79078674316406,-229.5198974609375,-69.64118957519531,184.25200993023375,-229.5896843064254,-69.64687069756258,0.46650756397429105,0.3387525274577378,0.06005872078892581,3.620388501149515e-05,4.531590892884394,15.997077231450696,nan,0.14155453852757374,nan
496.49,183.79933166503906,-229.5259246826172,-69.64212036132812,184.2609319578548,-229.59601026185513,-69.64788446368463,0.46692616506325285,0.33879922768363147,0.060082296138592284,3.693167661214876e-05,4.521521080828797,16.55255410802696,nan,nan,nan
496.5,183.80787658691406,-229.53192138671875,-69.64303588867188,184.28242823856326,-229.6107610141007,-69.6468830572252,0.48107146832313574,0.3387321963935266,0.060074548548998276,3.6137871972009676e-05,3.8850179347654192,15.876737228412226,2.6421653421793483,2.39608726766002,nan
496.51,183.81642150878906,-229.537841796875,-69.64392852783203,184.2913651482607,-229.6170343208305,-69.64784101733916,0.4815165875638614,0.33877869967397145,0.0600981090886601,3.686366444785549e-05,3.871263331881297,15.624473662118731,nan,nan,nan
496.52000000000004,183.82496643066406,-229.5436553955078,-69.64480590820312,184.30031079885924,-229.6232079116576,-69.64753193321046,0.4819629678854784,0.33882528957231034,0.06012173531053872,3.609578318411457e-05,3.6417639296440734,15.709238459326867,nan,1.0360385648713495,nan
496.53000000000003,183.83349609375,-229.5493621826172,-69.64566040039062,184.3092471321565,-229.62928820108624,-69.64844370955917,0.48242612468966956,0.3388719663905079,0.06014542752595452,3.682056060876488e-05,3.626439421854843,15.812645733288424,nan,nan,nan
496.54,183.842041015625,-229.55494689941406,-69.6465072631836,184.3181788409426,-229.6352654357883,-69.64999697070544,0.4828772867324269,0.3389187301189502,0.060169185724714615,3.605512199608891e-05,3.7330501787133277,16.378169215311697,nan,0.2874652315344351,nan
496.55,183.8505859375,-229.56044006347656,-69.64733123779297,184.32528254403732,-229.64789908005648,-69.65084762368676,0.48269898778527415,0.33885170825820865,0.06016132011336752,3.675577575880199e-05,3.3627876983188294,15.793892685174436,4.938208108788849,nan,nan
496.56,183.859130859375,-229.56582641601562,-69.64813995361328,184.33420592453928,-229.65367695406476,-69.6514300092385,0.48314062036055444,0.3388982747987814,0.06018506266298307,3.599367605580771e-05,3.3081376641912175,15.646262545331544,nan,0.055205850499674664,nan
496.57,183.86767578125,-229.5710906982422,-69.64893341064453,184.34312744362848,-229.65934924712369,-69.65228193317316,0.4835856359655941,0.33894492816523014,0.06020887137196683,3.671570526456123e-05,3.293311350747658,16.338895440558545,nan,nan,nan
496.58,183.876220703125,-229.57626342773438,-69.64970397949219,184.35204701843531,-229.66491756663498,-69.6534383564,0.4840291150921489,0.3389916683611502,0.06023274627410364,3.595592531594025e-05,3.357075920826173,15.810407145068071,nan,0.06824891584595441,nan
496.59000000000003,183.884765625,-229.58132934570312,-69.65046691894531,184.3609689740774,-229.67038023210333,-69.65426374247511,0.4844730187637954,0.33903849566875627,0.06025668761495955,3.667712574862727e-05,3.3435768414683507,15.87655352267512,nan,nan,nan
496.6,183.893310546875,-229.5863037109375,-69.65121459960938,184.34371290932802,-229.66046199695194,-69.65764035089194,0.4565118068214724,0.3389714821925979,0.060248700553008225,3.589754240856644e-05,4.227935689451093,15.108166354054912,7.577310133844787,4.396476361504621,nan
496.61,183.90185546875,-229.59117126464844,-69.65194702148438,184.35259975630953,-229.66568979311037,-69.65846298250906,0.4569090517813761,0.33901811205929167,0.06027262536907651,3.661707339249969e-05,4.218336621107635,15.439050330875494,nan,nan,nan
496.62,183.910400390625,-229.59593200683594,-69.65266418457031,184.36149864031267,-229.6708111011583,-69.65750100612175,0.45729629834555047,0.3390648286737482,0.06029661658003863,3.586267741198645e-05,3.692038770819366,15.35458070243377,nan,2.1070879099490796,nan
496.63,183.9189453125,-229.60061645507812,-69.65336608886719,184.37038667198308,-229.67584492076017,-69.65827880113471,0.45769286409407056,0.3391116323057542,0.06032067439888184,3.6581500727150486e-05,3.6813607214845434,14.466077465641396,nan,nan,nan
496.64,183.927490234375,-229.60519409179688,-69.654052734375,184.33203501561988,-229.68133724002377,-69.66061324256462,0.411700497111767,0.3314981269966206,0.06034377597774809,3.582787745252105e-05,4.147859055030628,15.54480335534146,nan,1.7011389788220934,0.2912001385669551
496.65000000000003,183.93603515625,-229.60968017578125,-69.65472412109375,184.37161320833366,-229.70334915681443,-69.66138852626106,0.44558560542394066,0.33142361022558287,0.060335722225400984,3.652320355906705e-05,3.994039920617083,16.85361525041092,9.218134911232024,nan,nan
496.66,183.94459533691406,-229.6140899658203,-69.65538787841797,184.38061424687288,-229.70816894603655,-69.66119047736106,0.4460908142012094,0.33146509465709906,0.06035971465173756,3.577399030553877e-05,3.6984171236007555,15.793364421935209,nan,0.6132875367626465,nan
496.67,183.95314025878906,-229.61839294433594,-69.65603637695312,184.38952597219162,-229.71290468705683,-69.66192359223287,0.4465418453826589,0.3315066774110251,0.06038376743166037,3.6490633066403456e-05,3.6859210377187592,16.735131585809107,nan,nan,nan
496.68,183.96168518066406,-229.62261962890625,-69.65666961669922,184.39844973238831,-229.71755301974156,-69.6625228337243,0.447000987121862,0.3315483326580914,0.060407880644901574,3.574340792398118e-05,3.6742059030623038,16.260243085967133,nan,0.010044907257318542,nan
496.69,183.97024536132812,-229.62677001953125,-69.65729522705078,184.4073631281802,-229.72211678113177,-69.66323101471043,0.4474351133076164,0.33159008605017015,0.06043205449569683,3.6459502469311524e-05,3.6619277480267836,15.747221048362427,nan,nan,nan
496.7,183.97879028320312,-229.63082885742188,-69.65790557861328,184.42054153325785,-229.72106283364252,-69.66119270286055,0.4508848440292868,0.3315157215593037,0.06042388631804225,3.569243458414068e-05,3.359400306387296,15.577465630608911,9.386907013198963,4.70886861378539,nan
496.71000000000004,183.9873504638672,-229.6348114013672,-69.65850067138672,184.42948771621042,-229.7254394158659,-69.66185005365654,0.45134244790756184,0.331557301649854,0.060448039536762165,3.6407140007863476e-05,3.34434959003847,15.298026338849981,nan,nan,nan
496.72,183.9958953857422,-229.63870239257812,-69.65908813476562,184.43851458623573,-229.72973253735813,-69.66160654235084,0.451890015690736,0.3315989550774292,0.060472253441133154,3.5664602213642624e-05,3.193521274870876,15.717738604084792,nan,0.5378617498016955,nan
496.73,184.00445556640625,-229.6425323486328,-69.65966033935547,184.4474624493965,-229.73395025878557,-69.66223303709718,0.4523482634509769,0.33164070566759124,0.060496528216241234,3.63788614025605e-05,3.177834211977775,14.874009208255176,nan,nan,nan
496.74,184.0130157470703,-229.64627075195312,-69.66022491455078,184.45647281835272,-229.73808851031458,-69.66215086107914,0.4528668502892714,0.3316825303271504,0.06052086396954398,3.563810779406466e-05,3.0795904470706317,15.43176350188255,nan,0.3317190700158756,nan
496.75,184.0215606689453,-229.6499481201172,-69.66077423095703,184.46353439087267,-229.75050594912625,-69.66279975414052,0.4532733729147357,0.3316083416689083,0.06051257869141572,3.632942331425703e-05,2.6213080695207287,15.063178584844186,13.29790170946693,nan,nan
496.76,184.03012084960938,-229.65354919433594,-69.66131591796875,184.4725626269191,-229.75452298738423,-69.6621176212067,0.4538183292019425,0.33164999333773215,0.06053689316888638,3.5591292852681035e-05,2.5077606812640214,14.989781034149596,nan,1.1029219371829901,nan
496.77000000000004,184.03868103027344,-229.65707397460938,-69.66184997558594,184.48148195610747,-229.75847127229957,-69.66268420060402,0.4542628840547446,0.3316917412189227,0.060561268748816593,3.630390402410534e-05,2.4902031092843755,15.133908520328172,nan,nan,nan
496.78000000000003,184.0472412109375,-229.6605224609375,-69.66236877441406,184.49032872020044,-229.762350864376,-69.6641104523943,0.4546411750533111,0.33173356396240694,0.060585705552425796,3.556742792245544e-05,2.537602941581859,15.513608911223763,nan,0.5165580367743596,nan
496.79,184.05580139160156,-229.66390991210938,-69.66287231445312,184.4992505130885,-229.76615855683906,-69.66466643336909,0.45508804374458856,0.3317754827815145,0.0606102037448978,3.6279723024766634e-05,2.522894264488242,15.169589779342441,nan,nan,nan
496.8,184.06436157226562,-229.6673583984375,-69.6634750366211,184.53918369819675,-229.78128564116867,-69.664824646064,0.48830040892439236,0.331701446444276,0.06060179859873471,3.5523289675047755e-05,2.6280623965175756,16.284762471623576,10.277309651214578,0.1877611356438868,nan
496.81,184.07293701171875,-229.67086791992188,-69.66416931152344,184.54816490008778,-229.78516546965528,-69.66551326674565,0.4887814255619693,0.33174319170106553,0.060626274847976024,3.6234425391788356e-05,2.611473694798571,16.11615470052588,nan,nan,nan
496.82,184.0814971923828,-229.6744384765625,-69.66495513916016,184.55717748084925,-229.78910388350587,-69.66592416951823,0.48930648003560656,0.3317850125760086,0.06065081256088221,3.550195279134751e-05,2.573458751909984,16.06188053840842,nan,0.09407201595800001,nan
496.83,184.09005737304688,-229.67807006835938,-69.66583251953125,184.56616101575005,-229.79310162209933,-69.66679334621381,0.4898038996771859,0.3318269286291656,0.06067541189336481,3.621285645501424e-05,2.5581296350725222,15.875528134978188,nan,nan,nan
496.84000000000003,184.0986328125,-229.68174743652344,-69.66679382324219,184.5752495265757,-229.79715491615116,-69.66645485273341,0.49039014406016485,0.3318689209879238,0.060700072980085513,3.5481839688924927e-05,2.5207809636205427,16.411883281393578,nan,1.1571099505165483,nan
496.85,184.10719299316406,-229.68548583984375,-69.6678466796875,184.5792045950269,-229.79984661307165,-69.66745403596096,0.4856680892497562,0.3317950560361372,0.06069154523790079,3.6170202853861856e-05,2.466956978299455,16.068019024917607,0.4157133722125406,nan,nan
496.86,184.1157684326172,-229.6892852783203,-69.66898345947266,184.5881975612304,-229.80401429199415,-69.66836255058897,0.486160892780008,0.33183687508020626,0.060716183703596945,3.5441465903281444e-05,2.4591173852857073,15.808273240004297,nan,0.03201847876965235,nan
496.87,184.12432861328125,-229.69313049316406,-69.67021179199219,184.5971742119215,-229.808238096215,-69.66957199994297,0.48665504185968783,0.3318787884422209,0.06074088401742191,3.615112957694086e-05,2.4451032069969134,16.231603992768182,nan,nan,nan
496.88,184.13290405273438,-229.69703674316406,-69.67152404785156,184.6061378195039,-229.8125173900218,-69.67104913228917,0.4871203171233588,0.33192077880776344,0.06076564631964464,3.5423725202145524e-05,2.425751389852243,15.86751829735879,nan,0.022667537172961688,nan
496.89,184.1414794921875,-229.70098876953125,-69.67291259765625,184.61511618201638,-229.8168511492645,-69.67243222060891,0.48760233361994487,0.3319628634013966,0.06079047075805825,3.6133261425000436e-05,2.411133154918962,16.424611563116265,nan,nan,nan
496.90000000000003,184.15005493164062,-229.7050018310547,-69.67439270019531,184.63516971789173,-229.82645184439428,-69.6750191387962,0.500086846462654,0.3318891503158852,0.06078181766034984,3.53857384588985e-05,2.412194522368423,16.4095300717321,1.175410228472972,0.9406133113089847,nan
496.91,184.1586151123047,-229.70907592773438,-69.67594909667969,184.64416620794873,-229.83090230125077,-69.67658102698381,0.500601569215674,0.33193106105339876,0.060806618781339,3.609430021835976e-05,2.398833126344646,16.20120167681597,nan,nan,nan
496.92,184.1671905517578,-229.71319580078125,-69.6775894165039,184.65314282357107,-229.83540547368582,-69.67850346323598,0.5010844740294205,0.3319730494521844,0.06083148212001126,3.537025191817838e-05,2.3975696676944223,16.370152807787537,nan,0.05334815010432579,nan
496.93,184.17576599121094,-229.7173614501953,-69.67931365966797,184.66214038451452,-229.8399605522304,-69.6802325464052,0.5015889099990825,0.33201513127677523,0.06085640782153162,3.6078753900567146e-05,2.383381627308102,16.558504125635295,nan,nan,nan
496.94,184.18434143066406,-229.72158813476562,-69.68111419677734,184.67111252009144,-229.84456708047162,-69.68240264738127,0.5020673009609704,0.33205729140115886,0.06088139603000283,3.5355852291264666e-05,2.3934886818127827,16.140511905002025,nan,0.08982497398611289,nan
496.95,184.1929168701172,-229.72586059570312,-69.68299102783203,184.68157908075716,-229.86283336439914,-69.68431612057545,0.5074978338304262,0.33198374522689733,0.060872614821976465,3.604211801726685e-05,1.8976788857833138,16.98047723797042,22.039827820009872,nan,nan
496.96000000000004,184.2014923095703,-229.7301788330078,-69.68492126464844,184.6904400243633,-229.86758473074005,-69.68772301786028,0.5078957554006119,0.33202573167679267,0.06089757900300068,3.532117851287811e-05,2.0587863516704252,17.353334576417122,nan,1.4497901806949893,nan
496.97,184.21006774902344,-229.7345428466797,-69.68685913085938,184.69940294539222,-229.8723857215191,-69.6897298993052,0.5083874839733363,0.33206781078944325,0.06092260577084124,3.602876549506345e-05,2.0528880949121318,17.503379587367927,nan,nan,nan
496.98,184.21864318847656,-229.7389678955078,-69.68878936767578,184.70848976497942,-229.87723623744353,-69.68993256231452,0.5089883198927083,0.33210996879892296,0.060947695269875084,3.5308859821096356e-05,1.8492922404970658,16.460371343788598,nan,2.2503568839717873,nan
496.99,184.2272186279297,-229.74343872070312,-69.69068145751953,184.71745337619035,-229.8821346636971,-69.69189849481911,0.5094783157161521,0.33215221943087037,0.06097284764485705,3.601646871809753e-05,1.841599901118967,16.821323293806135,nan,nan,nan
497.0,184.2357940673828,-229.74795532226562,-69.69255065917969,184.718872445309,-229.8887265746821,-69.69437849266862,0.5031745280734616,0.3320788241717988,0.06096393556448448,3.527625938230973e-05,1.7117051696028964,16.708830353933525,4.545184094594327,0.12568185707176655,nan
497.01,184.24436950683594,-229.7525177001953,-69.69438171386719,184.72781022443243,-229.8937305686974,-69.69629064845705,0.503646349825025,0.3321209006216637,0.060989063186872486,3.598303887325265e-05,1.7070462773583626,16.825823378960862,nan,nan,nan
497.02000000000004,184.25294494628906,-229.7571258544922,-69.69617462158203,184.73662430734646,-229.89877961151146,-69.70006381454508,0.5040105524812658,0.3321630565245357,0.061014253760299765,3.526589679797213e-05,2.0235665199045303,17.21165988745172,nan,2.4958767203173844,nan
497.03000000000003,184.2615203857422,-229.76177978515625,-69.69793701171875,184.74556251418454,-229.90387623293879,-69.70192711476335,0.5044839972702064,0.3322053043461872,0.06103950743108491,3.5972751478433416e-05,2.026217504895128,17.069306065283232,nan,nan,nan
497.04,184.2700958251953,-229.7664794921875,-69.69966888427734,184.75452514317456,-229.90901874566364,-69.70337665325708,0.5049781682906536,0.332247632209525,0.061064824341372496,3.525647455203218e-05,1.9626635745512477,16.835298608110854,nan,0.10034905086291142,nan
497.05,184.27867126464844,-229.77120971679688,-69.70135498046875,184.75085115886412,-229.9103643042601,-69.70512827662598,0.49227237326249174,0.33217439939296156,0.061055778626049544,3.5941315725346834e-05,1.8827179549894693,17.472647367505488,2.0286842405076975,nan,nan
497.06,184.28724670410156,-229.7760009765625,-69.70301818847656,184.75974686302433,-229.91559169135655,-69.70717132216622,0.4927060141283055,0.3322165531899761,0.06108107004313357,3.522671559260168e-05,1.9656772570641752,16.36571867521025,nan,0.05655564108448121,nan
497.07,184.2958221435547,-229.7808380126953,-69.70464324951172,184.76866032482712,-229.92086363506675,-69.70889996666183,0.49315437768555853,0.3322587982411833,0.061106424775907456,3.5932907249691085e-05,1.9699134606463846,16.36536737760102,nan,nan,nan
497.08,184.3043975830078,-229.78570556640625,-69.70623779296875,184.7775918744888,-229.92617958496245,-69.71029789047851,0.49362158762690245,0.3323011238300309,0.061131842963579694,3.521907205818723e-05,1.9230647106856373,16.889932816162403,nan,0.0623122229973239,nan
497.09000000000003,184.31297302246094,-229.79063415527344,-69.70779418945312,184.78650517086348,-229.93153803355628,-69.71196074751063,0.4940687793130812,0.3323435406822422,0.061157324756702804,3.592540067665609e-05,1.9282274997544444,16.078442941422477,nan,nan,nan
497.1,184.32154846191406,-229.79559326171875,-69.7093276977539,184.80109710524735,-229.94158622604547,-69.71353170574166,0.5012968388478649,0.3322704573473355,0.0611481426372268,3.5191070272606774e-05,1.89310920311297,16.82613620905843,1.0797603228221377,0.0005693426865465658,nan
497.11,184.3301239013672,-229.80059814453125,-69.71083068847656,184.81001327675583,-229.94704054140692,-69.71513269061543,0.5017546167560304,0.3323126996602312,0.061173598183724046,3.589668009568292e-05,1.8967442228931222,16.580484432581375,nan,nan,nan
497.12,184.3386993408203,-229.80563354492188,-69.71229553222656,184.81901734597324,-229.95253924342742,-69.71517613935333,0.5022897253825785,0.3323550229670766,0.06119911739648,3.518508168728721e-05,1.6071282085058116,17.02417453064947,nan,1.6316111631785126,nan
497.13,184.34727478027344,-229.8107147216797,-69.71373748779297,184.8279331566596,-229.95807611322135,-69.71670416917745,0.5027490981650048,0.3323974369305245,0.0612247004299759,3.5890869418678886e-05,1.6068727981961906,16.5645944788874,nan,nan,nan
497.14,184.35585021972656,-229.8158416748047,-69.71514892578125,184.8368169941895,-229.9636523433603,-69.71877465206752,0.5031800649541234,0.3324399324282078,0.06125034741775951,3.5179886945032654e-05,1.7259376505549038,16.40414164425002,nan,0.22731919864013858,nan
497.15000000000003,184.3644256591797,-229.82101440429688,-69.71653747558594,184.9033636218494,-229.98842262429335,-69.72014672425226,0.5643515450540533,0.3323670070902917,0.0612410261373911,3.5863818350607126e-05,2.0096254805098974,18.234048339010876,37.18987267621123,nan,nan
497.16,184.3730010986328,-229.8262176513672,-69.71788787841797,184.9123019683861,-229.99410059847517,-69.72318637184912,0.5648523577705438,0.33240932810091633,0.06126664610886076,3.51542631414886e-05,2.435572405019396,19.33225957701554,nan,1.7702104730190096,nan
497.17,184.38157653808594,-229.83145141601562,-69.71922302246094,184.9213270233764,-229.99982136699134,-69.72462500747739,0.565427456182457,0.33245173919867727,0.06129233011300484,3.58595774245084e-05,2.4411753070263473,19.475009955459374,nan,nan,nan
497.18,184.39015197753906,-229.83673095703125,-69.72052001953125,184.93024548015572,-230.005575947817,-69.72803999851007,0.5659206415797253,0.33249423222967506,0.06131807827878761,3.5150551630431506e-05,3.2269396971012876,20.08565893575173,nan,2.8055150150898127,nan
497.19,184.3987274169922,-229.84205627441406,-69.7218017578125,184.93927001940713,-230.01137331152015,-69.7294476798868,0.5664918571385384,0.3325368154042378,0.061343890767312906,3.585608875241896e-05,3.239580208112714,19.371776619105272,nan,nan,nan
497.2,184.4073028564453,-229.847412109375,-69.72305297851562,184.9378711084769,-230.0157202042287,-69.72980219526862,0.5566649232562871,0.33246403765698734,0.061334427549402736,3.5126382051871255e-05,2.7915870086252896,19.18732625387339,2.309493172158418,0.7501790806331734,nan
497.21000000000004,184.41587829589844,-229.85279846191406,-69.72427368164062,184.9468698267243,-230.02159441159296,-69.73115124762657,0.5572175332405599,0.3325064459046552,0.0613602122405643,3.583128202461031e-05,2.806023708388441,19.641841013337878,nan,nan,nan
497.22,184.42445373535156,-229.8582305908203,-69.72547912597656,184.9559789563562,-230.0275114144401,-69.73027019495,0.5578512455407266,0.33254893644749856,0.06138606129694759,3.512403653739186e-05,2.1309028635088407,18.213584339330914,nan,3.4137145940133165,nan
497.23,184.4330291748047,-229.8636932373047,-69.72665405273438,184.96497685431345,-230.03345880949314,-69.73155067987555,0.5584018805417726,0.3325915166186054,0.06141197488462406,3.582919002721452e-05,2.1380117332497965,18.632975396527186,nan,nan,nan
497.24,184.4416046142578,-229.86920166015625,-69.72781372070312,184.9740322646387,-230.0394454902959,-69.7316228500823,0.5589961306282571,0.33263417957993957,0.06143795312538354,3.512234549109288e-05,1.873688807696691,17.59433217473255,nan,0.985318740375352,nan
497.25,184.45018005371094,-229.87474060058594,-69.72894287109375,184.9344929770739,-230.03397812592465,-69.73279436450493,0.5098337289880488,0.3325615554139032,0.06142834522876074,3.5805748400189084e-05,1.5313175711056166,16.45409095570907,35.079078608119175,nan,nan
497.26,184.458740234375,-229.88031005859375,-69.73004913330078,184.943287987528,-230.0400196346819,-69.73606594670252,0.5102253186812634,0.3326040434410714,0.06145429487479239,3.51001181844589e-05,2.1411509869393477,17.281893725868326,nan,3.010607514379442,nan
497.27000000000004,184.46731567382812,-229.8859100341797,-69.73114013671875,184.9521806644093,-230.04610213793896,-69.73726603136751,0.510679053597609,0.3326466206155145,0.061480309257126366,3.5804935900228354e-05,2.150416025471806,17.286330620449135,nan,nan,nan
497.28000000000003,184.47589111328125,-229.8915557861328,-69.7322006225586,184.96103934669216,-230.05221658544428,-69.73917676743713,0.5111060236531114,0.33268928088942845,0.061506388492436566,3.5099633916197736e-05,2.481764453382577,17.15893647669201,nan,0.3756668085132909,nan
497.29,184.48446655273438,-229.89723205566406,-69.73324584960938,184.96993126007328,-230.05836741847676,-69.74034296284243,0.5115573831318175,0.3327320304106297,0.06153253275419626,3.580473622689503e-05,2.4949408180651753,17.168402034000025,nan,nan,nan
497.3,184.4930419921875,-229.90293884277344,-69.73426818847656,185.00328703111316,-230.07241349636868,-69.73866091474513,0.5376717902248056,0.33265955151963705,0.061522777397618154,3.50785817863394e-05,1.7479388217382268,17.340777034265457,6.596249265404077,5.636546120613474,nan
497.31,184.50160217285156,-229.90867614746094,-69.73527526855469,185.0122249238168,-230.07864033529535,-69.73975972740453,0.5381854042248785,0.33270212569696844,0.061548892256762626,3.5783104887391916e-05,1.7529270314952141,17.35924451334522,nan,nan,nan
497.32,184.5101776123047,-229.91444396972656,-69.73625183105469,185.0211364807645,-230.08489775186484,-69.74143653223175,0.5386653304504416,0.3327447832494432,0.061575072165202194,3.507919720800779e-05,1.9501720146202781,17.809043926796935,nan,0.25079120503799646,nan
497.33,184.5187530517578,-229.92025756835938,-69.73722076416016,185.0300732549609,-230.09118932542415,-69.74250297752222,0.5391603820338736,0.3327875296172918,0.061601317301490474,3.578402726119967e-05,1.9569066038706318,16.7552411486873,nan,nan,nan
497.34000000000003,184.52731323242188,-229.92604064941406,-69.7381591796875,185.03900847230642,-230.09748632767813,-69.74357506347708,0.5396804340655216,0.3328303598144015,0.061627627774951316,3.508033956303633e-05,2.006206284403239,17.56846212271832,nan,0.00041080150094878725,nan
497.35,184.535888671875,-229.93174743652344,-69.73908233642578,185.02942309840518,-230.09883729894682,-69.74454021807516,0.5210806470856809,0.3327580301169735,0.061617722239626777,3.5763485555426185e-05,1.8904877727303369,17.318288153228647,4.714876238239854,nan,nan
497.36,184.54444885253906,-229.9373779296875,-69.739990234375,185.0383290893361,-230.10500855241986,-69.74533047635687,0.5215805135937785,0.3328006849084334,0.06164400248675043,3.506083472044609e-05,1.8638317348898743,16.484262557095686,nan,0.03430344361859988,nan
497.37,184.5530242919922,-229.94290161132812,-69.74088287353516,185.04722573774265,-230.11108411452625,-69.74632194417843,0.5220632211268069,0.3328434281139404,0.06167034815946534,3.576542467647876e-05,1.8702466323921088,16.70761618182697,nan,nan,nan
497.38,184.56158447265625,-229.9483184814453,-69.74175262451172,185.05613071908735,-230.11705843419722,-69.74707352651455,0.5225681520260577,0.33288625537735816,0.06169675936220584,3.50629343426469e-05,1.8434135909458185,16.90506546311367,nan,0.03492759550430725,nan
497.39,184.57015991210938,-229.95364379882812,-69.74260711669922,185.0650266945794,-230.12292723049407,-69.74802913258404,0.5230481917424786,0.3329291711938104,0.061723236280610314,3.576785125088096e-05,1.850922443454118,16.076663298606164,nan,nan,nan
497.40000000000003,184.5787353515625,-229.9588623046875,-69.74343872070312,185.0977909058999,-230.1417833147603,-69.74774055609753,0.5503610362319579,0.33285698406900327,0.06171317778568352,3.504435606942776e-05,1.5745245725050636,17.199615683190288,5.284551363989574,1.1344686644188473,nan
497.41,184.58729553222656,-229.96395874023438,-69.7442626953125,185.10671850917163,-230.14746986770663,-69.74865255176523,0.5509045595421127,0.3328997240961866,0.0617396236439287,3.574873284000656e-05,1.5793901944251652,18.025487478253712,nan,nan,nan
497.42,184.5958709716797,-229.96897888183594,-69.74506378173828,185.11565868561368,-230.15305564479516,-69.74920790436477,0.5514351239906796,0.3329425483803694,0.06176613522161388,3.504731811841565e-05,1.524577476374636,16.687931026586103,nan,0.08204768359824138,nan
497.43,184.60443115234375,-229.973876953125,-69.745849609375,185.12458630850122,-230.1585396197389,-69.7500861841297,0.5519779302506652,0.33298546085941344,0.06179271270896043,3.575203764915023e-05,1.530784573345601,17.870596195622415,nan,nan,nan
497.44,184.61300659179688,-229.97869873046875,-69.74662017822266,185.1334926154437,-230.16392235017355,-69.75156068625463,0.5524833922642928,0.33302845801359315,0.06181935620375954,3.505069420936909e-05,1.7196341858197912,16.806504786022863,nan,0.26287892213717007,nan
497.45,184.62156677246094,-229.98341369628906,-69.74738311767578,185.1379435650226,-230.16085008675415,-69.75237934894854,0.5460344557667368,0.33295641571580903,0.06180914205759341,3.573376725579496e-05,1.7996586090545488,16.72292186600929,3.850354132316871,nan,nan
497.46000000000004,184.63014221191406,-229.988037109375,-69.74812316894531,185.1468707240975,-230.16601902187884,-69.75351445841538,0.546548243510117,0.33299923697001904,0.06183575364340512,3.503331627845799e-05,1.9242852489903455,16.79839317418662,nan,0.06129129092289385,nan
497.47,184.63870239257812,-229.9925537109375,-69.74884796142578,185.15580831648563,-230.17109611580187,-69.75434397030068,0.5470887798050185,0.3330421460873971,0.061862431329160396,3.57378583765351e-05,1.933406685690915,17.590839001784133,nan,nan,nan
497.48,184.64727783203125,-229.9969940185547,-69.74955749511719,185.16470069775696,-230.17607597187512,-69.75654765306973,0.5475816197509424,0.3330851400381735,0.061889175208466436,3.5037431415733904e-05,2.476557555135203,17.321565266643947,nan,1.3565447338899161,nan
497.49,184.65585327148438,-230.0013427734375,-69.75025939941406,185.17363894819303,-230.18097234623085,-69.75736434638053,0.5481051639037495,0.33312822202498915,0.06191598547761896,3.5742327680157406e-05,2.488190793583363,17.29717941538467,nan,nan,nan
497.5,184.66441345214844,-230.005615234375,-69.75093841552734,185.1580948720104,-230.16819930204014,-69.75753829431187,0.5198061963611343,0.3330563192510287,0.06190561290606029,3.502076508459396e-05,2.3647103056962955,15.496956371188176,8.359748549826044,0.2784208088513755,nan
497.51,184.67298889160156,-230.00979614257812,-69.7516098022461,185.16701124350874,-230.17288212021234,-69.75832297797879,0.5202885612938482,0.3330992249757405,0.06193239040746001,3.5725145715845336e-05,2.375306252091678,15.600114548600468,nan,nan,nan
497.52000000000004,184.6815643310547,-230.01388549804688,-69.75226593017578,185.1759115001057,-230.1774784953819,-69.7596424550195,0.520765019413355,0.3331422156667586,0.061959234285161445,3.5025537566622866e-05,2.660228589057935,16.302088402094288,nan,0.21109826939167545,nan
497.53000000000003,184.6901397705078,-230.0178985595703,-69.75291442871094,185.18482892813321,-230.18199492247948,-69.76040815379973,0.5212495898395045,0.3331852940990151,0.06198614473918198,3.573028318010216e-05,2.671463664976417,15.89346613566211,nan,nan,nan
497.54,184.69871520996094,-230.02183532714844,-69.7535400390625,185.1937575955001,-230.18643209531407,-69.76079874439674,0.5217391574091491,0.33322845788493766,0.06201312185772054,3.503062711187399e-05,2.5971781669882827,15.812184661961936,nan,0.09297376443819155,nan
497.55,184.70729064941406,-230.02569580078125,-69.75416564941406,185.21254765679916,-230.20584672463167,-69.76158405663021,0.5364643805897354,0.33315669558245065,0.06200258819969364,3.571374330601546e-05,2.4940161867750286,16.45997257559087,10.332932420426555,nan,nan
497.56,184.7158660888672,-230.0294647216797,-69.75476837158203,185.22148842799263,-230.21017100810187,-69.7612222468163,0.5369826480257192,0.3331996829524162,0.06202953167774526,3.501486506740706e-05,2.1377319551493095,17.04207573676147,nan,0.8380225484440712,nan
497.57,184.7244415283203,-230.03317260742188,-69.75536346435547,185.2303992701859,-230.21441407448177,-69.76192829819028,0.5374800489125374,0.3332427577911058,0.062056541914858605,3.571947078193452e-05,2.150103792930551,16.15100181881252,nan,nan,nan
497.58,184.73301696777344,-230.03680419921875,-69.75594329833984,185.23932760012846,-230.21858528666903,-69.7620026681835,0.5379884163746014,0.333285918081835,0.06208361899601799,3.502050826072664e-05,1.9874629733953857,16.141999352220466,nan,0.27166057071646804,nan
497.59000000000003,184.74159240722656,-230.0403594970703,-69.75651550292969,185.24823987319658,-230.22268047615515,-69.76268064408788,0.5384891857352337,0.33332916604283575,0.06211076312592147,3.572548392125285e-05,1.9985289587666353,16.207381091320464,nan,nan,nan
497.6,184.7501678466797,-230.04385375976562,-69.75707244873047,185.27217881302036,-230.24589785724532,-69.76438558302765,0.5597952735059116,0.3332575399100594,0.062100065621010045,3.500527708336632e-05,2.3906316978961906,17.69327102347904,14.557392336171176,0.641456722102691,nan
497.61,184.7587432861328,-230.04727172851562,-69.75762176513672,185.2810880244108,-230.24990139408365,-69.7650536194862,0.5603195868733956,0.3333006111096849,0.062127175227776485,3.570975074937973e-05,2.4076051689914117,17.937015310127563,nan,nan,nan
497.62,184.767333984375,-230.0506134033203,-69.7581558227539,185.29004883894027,-230.2538456720693,-69.76368632444026,0.5608607319940944,0.33334376783851893,0.06215435185482815,3.5011405327962486e-05,1.7325909558348378,17.733303371798698,nan,2.8948827590245987,nan
497.63,184.77590942382812,-230.05389404296875,-69.75868225097656,185.29896042447018,-230.2577129901912,-69.7643145958612,0.5613877767002295,0.3333870119957901,0.062181595709546476,3.571625608985964e-05,1.745493280407913,17.333161304910163,nan,nan,nan
497.64,184.78448486328125,-230.05711364746094,-69.75920104980469,185.30789114251846,-230.26151790326233,-69.76417891353047,0.5619252726670433,0.333430342043995,0.06220890687300075,3.501776966009799e-05,1.5633515875868405,16.817357023384737,nan,0.4014462151152224,nan
497.65000000000003,184.79307556152344,-230.06027221679688,-69.75970458984375,185.31318155458047,-230.25873421868042,-69.76481413991111,0.5567077489198012,0.3333588520268054,0.06219804289324534,3.57009942807977e-05,1.6052462707136022,16.320505750675505,2.0577707597650456,nan,nan
497.66,184.80166625976562,-230.0634765625,-69.76030731201172,185.3187484916992,-230.2639982592685,-69.76780044412057,0.5546522626701698,0.3316496164844454,0.06183518595606333,3.5001411684994145e-05,2.493361836860962,17.956290206997082,nan,3.8800820026098637,0.006213442148028401
497.67,184.81024169921875,-230.06675720214844,-69.76099395751953,185.32766753046306,-230.2677838386628,-69.76856269660469,0.555156271007079,0.33169058603481055,0.06186020433433333,3.57061012934653e-05,2.4908868297762767,17.39577918403191,nan,nan,nan
497.68,184.81883239746094,-230.07009887695312,-69.76177978515625,185.33648950406112,-230.27165700414096,-69.77078743457828,0.5555859037063949,0.33173163348192436,0.06188528282360744,3.500823772204109e-05,3.2014672396213872,17.86617265431543,nan,1.32499861544317,nan
497.69,184.82742309570312,-230.07350158691406,-69.76264953613281,185.34541033875573,-230.27556575916734,-69.77174719469802,0.5560786644576509,0.331772773454292,0.06191042255985674,3.571330685502367e-05,3.198723096983441,17.95456431179652,nan,nan,nan
497.7,184.83599853515625,-230.07696533203125,-69.76361083984375,185.33802356642477,-230.26597430581785,-69.77189000171033,0.5364905112984117,0.3316945856397707,0.06190125388687324,3.499410941261379e-05,2.858444460056792,16.452885396877036,7.519933109444673,0.4975452931949978,nan
497.71000000000004,184.84458923339844,-230.08047485351562,-69.76466369628906,185.34694272384317,-230.2699697997485,-69.77302014217584,0.5369703848422823,0.33173555438172436,0.06192636784163577,3.5698684491353005e-05,2.8519406067461044,16.9674171339859,nan,nan,nan
497.72,184.85317993164062,-230.0840606689453,-69.76580047607422,185.35596163204136,-230.27399817541732,-69.7727821351974,0.5375076168639538,0.3317766016516506,0.06195154218740371,3.5001278145617296e-05,2.2849197329147533,15.563906419052394,nan,1.4979556977248147,nan
497.73,184.8617706298828,-230.0876922607422,-69.76702117919922,185.36488219068988,-230.27811111228075,-69.77407347175101,0.5379872828136643,0.3318177406795777,0.061976777982164666,3.5706237185317224e-05,2.2815928564003736,16.179526213355153,nan,nan,nan
497.74,184.870361328125,-230.0913848876953,-69.76832580566406,185.3739434178445,-230.28224424013266,-69.77333516763005,0.5385604025607094,0.33185895886196737,0.062002074472791796,3.500861634944337e-05,1.6020374998207818,15.299743500673008,nan,3.1599302300693304,nan
497.75,184.8789520263672,-230.0951385498047,-69.76972198486328,185.35694119260026,-230.27118818906928,-69.77477075493209,0.5094041701837433,0.3317809938445019,0.061992780802876075,3.569194653231492e-05,1.5753231085378192,13.693455330660603,6.746113200558952,nan,nan
497.76,184.88754272460938,-230.09893798828125,-69.77119445800781,185.36596107604376,-230.27540583663367,-69.77435303963593,0.5099362677131601,0.33182204102169743,0.06201805087873394,3.499494545969059e-05,1.1420243294531878,13.879522186975679,nan,2.669113470018134,nan
497.77000000000004,184.89613342285156,-230.10281372070312,-69.77275085449219,185.3748561716299,-230.27971260594245,-69.77594323809322,0.5103713129769799,0.3318631792352233,0.06204338260343935,3.5699793649372416e-05,1.1385670844942521,12.825101558681082,nan,nan,nan
497.78000000000003,184.9047393798828,-230.10671997070312,-69.77438354492188,185.3836899452057,-230.28409102548693,-69.77860059617822,0.5107562223013383,0.3319043971639756,0.06206877529828824,3.500255913644725e-05,1.3569537943534713,14.269100370857707,nan,0.6844565762584087,nan
497.79,184.913330078125,-230.11068725585938,-69.77610778808594,185.39258576813552,-230.28850717463763,-69.78036491002487,0.5111986531760095,0.33194570610423096,0.06209422991576103,3.570778824020075e-05,1.3525237772264271,13.65372384686116,nan,nan,nan
497.8,184.9219207763672,-230.11471557617188,-69.77790069580078,185.39686799086698,-230.2905650324307,-69.78222017957488,0.5064746249988324,0.33186795039529615,0.062084807742310254,3.498915159105439e-05,1.3677716263755733,13.39571248827965,0.28685436422884847,0.002476404780021339,nan
497.81,184.93051147460938,-230.11878967285156,-69.77977752685547,185.4057579247379,-230.2950831065608,-69.7841447303486,0.5069098890287341,0.33190908791510654,0.06211023525307735,3.569388687178323e-05,1.3650236990621398,13.553260713482697,nan,nan,nan
497.82,184.93910217285156,-230.1229248046875,-69.78170776367188,185.41472482875764,-230.29963270067714,-69.78484218043684,0.5073976900663753,0.3319503056651187,0.062135724002892,3.4996995601997486e-05,1.1077858989988534,12.888412607852864,nan,1.183545778853782,nan
497.83,184.94769287109375,-230.12710571289062,-69.78364562988281,185.42361508992553,-230.3042549678209,-69.78685319306129,0.5078327533368264,0.33199161377257647,0.06216127487371162,3.5702114544471765e-05,1.1116320645155469,13.121317362574429,nan,nan,nan
497.84000000000003,184.956298828125,-230.13133239746094,-69.78556823730469,185.43258264429636,-230.30890726803403,-69.78752538229172,0.5083138190353537,0.33203300267917274,0.062186887287138885,3.5004956979125595e-05,0.9291823521098896,13.13091815748826,nan,1.2596368199113726,nan
497.85,184.9648895263672,-230.1356201171875,-69.78746032714844,185.44343974531105,-230.31326689588622,-69.78959629688738,0.5104637620830476,0.33195546543437293,0.06217733473239088,3.568843650654169e-05,0.9649468117522995,12.818995634466324,0.71288618548843,nan,nan
497.86,184.97348022460938,-230.13995361328125,-69.78932189941406,185.45231877712536,-230.31804356106736,-69.79187988110327,0.5108903327998878,0.33199668307248104,0.06220291937276478,3.4991850566017945e-05,1.0206086574999222,12.984369302896685,nan,0.07946857897410134,nan
497.87,184.98207092285156,-230.1443328857422,-69.79115295410156,185.4612165335133,-230.32286427944555,-69.79379940939361,0.5113325517505052,0.33203799045707666,0.062228566330619364,3.569685567513753e-05,1.0263535851892756,13.004366287756076,nan,nan,nan
497.88,184.9906768798828,-230.1487579345703,-69.7929458618164,185.47013521651226,-230.32772796975127,-69.7953022648782,0.511777415183143,0.3320793790893677,0.06225427509388276,3.499999104297172e-05,0.985264333128864,13.122159951074103,nan,0.1036116354761136,nan
497.89,184.999267578125,-230.15322875976562,-69.79470825195312,185.47903318714737,-230.33264567324323,-69.79715011548593,0.5122220525709003,0.33212085749926806,0.06228004644983181,3.5705374772612525e-05,0.9902500462661308,13.09143983903379,nan,nan,nan
497.90000000000003,185.0078582763672,-230.1577606201172,-69.79643249511719,185.46852078991614,-230.33214681139597,-69.79819128701592,0.4925683591613493,0.33204352801738396,0.06227036016749141,3.498705691509234e-05,0.8243388455271983,11.979787518531456,5.485076065569273,0.4456721157640719,nan
497.91,185.01644897460938,-230.16232299804688,-69.79812622070312,185.47737748139932,-230.3371545424542,-69.79996425998311,0.4929751876918806,0.33208483477992967,0.062296103031238496,3.569194376590726e-05,0.8276205615331238,12.634485722505001,nan,nan,nan
497.92,185.02503967285156,-230.1669464111328,-69.7997817993164,185.48623402240042,-230.34220897923672,-69.80170451615724,0.49337702892840796,0.3321262269136883,0.062321908249186604,3.641114167842565e-05,0.8317603371383091,12.047817996183806,nan,nan,nan
497.93,185.0336456298828,-230.17161560058594,-69.80140686035156,185.49509051839414,-230.34730952181386,-69.80341247181715,0.4937648849067948,0.3321677045631601,0.06234777596583594,3.7144795152847505e-05,0.8357515315355354,11.960015082914143,nan,nan,nan
497.94,185.042236328125,-230.1763153076172,-69.80299377441406,185.50409562384138,-230.3524135431186,-69.80209897595083,0.4942928264203584,0.3322092640963172,0.062373706024351466,3.6362081868601845e-05,0.7467520433727692,12.672310717685358,nan,5.838950367035421,nan
497.95,185.0508270263672,-230.1810760498047,-69.80455780029297,185.52408816481307,-230.35720150588193,-69.80372807536372,0.504972246648233,0.3321321487388391,0.06236388396673564,3.7070687660601634e-05,0.8255510234898171,11.806740043568537,5.642975014138073,nan,nan
497.96000000000004,185.05941772460938,-230.1858673095703,-69.80608367919922,185.53298834180734,-230.36242543272377,-69.80513242808054,0.5054134992295145,0.33217353673276107,0.06238978483632589,3.6291722062329235e-05,0.8286912533689746,12.588478798405923,nan,0.02153763928490896,nan
497.97,185.06800842285156,-230.19070434570312,-69.80757904052734,185.54187973799725,-230.36769574619657,-69.80668639775415,0.5058465933241574,0.33221501370782125,0.06241574870809305,3.7021863547857276e-05,0.8221540636752265,12.469476260105463,nan,nan,nan
497.98,185.0766143798828,-230.1956024169922,-69.80905151367188,185.55081324951993,-230.37299735544198,-69.80730432248617,0.5062969334587843,0.33225657296024264,0.0624417751762625,3.624558978630509e-05,0.8818774052316749,11.495521777081684,nan,0.5408547073480299,nan
497.99,185.085205078125,-230.2005157470703,-69.81048583984375,185.55970425615368,-230.37835395398446,-69.8087915108047,0.5067334294668387,0.3322982212528456,0.06246786492195811,3.697454426044088e-05,0.8722040867104783,12.972025909592116,nan,nan,nan
498.0,185.0937957763672,-230.2054901123047,-69.81189727783203,185.54008252806426,-230.36978219623458,-69.81022778821298,0.4755697012825149,0.3322213113506409,0.06245790387307545,3.6178386785236765e-05,0.8127379191066184,10.900899884401005,6.906103823756886,0.0001294097792091309,nan
498.01,185.10238647460938,-230.2104949951172,-69.81328582763672,185.54893197119392,-230.37519674715662,-69.81165877941825,0.47595398404751815,0.33226278773281404,0.062483963682633155,3.690530786951062e-05,0.804101835103456,11.224561834920303,nan,nan,nan
498.02000000000004,185.11097717285156,-230.21556091308594,-69.81463623046875,185.55785401225685,-230.3806316169565,-69.81139613211421,0.47640082400278255,0.3323043467401379,0.0625100863370485,3.613521405545263e-05,1.0198688507023954,10.870955457080768,nan,1.8383432991013628,nan
498.03000000000003,185.11956787109375,-230.22064208984375,-69.81596374511719,185.56670292422888,-230.38612823862948,-69.81275759060149,0.47678685028937756,0.332345994294774,0.06253627245852454,3.686108936909896e-05,1.0049605469410017,11.81046703089335,nan,nan,nan
498.04,185.12815856933594,-230.2257843017578,-69.81726837158203,185.57562822997915,-230.39164288470147,-69.81227608185446,0.4772453139517967,0.3323877249604398,0.06256252172623504,3.609350038164973e-05,1.4136477506630412,11.196779784032596,nan,2.189587236593012,nan
498.05,185.13674926757812,-230.23095703125,-69.81854248046875,185.59817210628717,-230.40653704975784,-69.81366567602906,0.49372377115454674,0.3323110250180051,0.06255241953347446,3.679515286156147e-05,1.368653819701294,12.366881112209974,2.8352727288834094,nan,nan
498.06,185.1453399658203,-230.2361602783203,-69.81979370117188,185.60702348150747,-230.41217614214753,-69.81513295376989,0.49412040591584455,0.3323525838102288,0.06257863813673625,3.603096727355083e-05,1.3227276725742985,12.61541671525072,nan,0.026056374239933396,nan
498.07,185.1539306640625,-230.2414093017578,-69.82101440429688,185.61588252251408,-230.4178517410327,-69.81638009999614,0.494522932411126,0.3323942306981564,0.06260492039528714,3.675403159348256e-05,1.3018663533712869,12.443094086592351,nan,nan,nan
498.08,185.1625213623047,-230.2467041015625,-69.82221221923828,185.62476281940695,-230.4235594421407,-69.8170579920058,0.49494599929024186,0.3324359609820042,0.062631266041598,3.599222319918525e-05,1.4534487116762085,12.202182662506303,nan,0.1984779308483484,nan
498.09000000000003,185.17111206054688,-230.2520294189453,-69.82339477539062,185.63362134264065,-230.4293113598101,-69.81825274626411,0.4953485268406727,0.33247777947399365,0.06265767562085144,3.671442945949712e-05,1.4333232833100753,12.221312660170796,nan,nan,nan
498.1,185.17970275878906,-230.25738525390625,-69.82454681396484,185.66032763660178,-230.4435941164906,-69.82016404381187,0.5154543843558413,0.3324012824814184,0.06264742918474933,3.593281284451306e-05,1.2887826893674,13.29274463508239,3.1317084228637455,0.2725553843051381,nan
498.11,185.18829345703125,-230.26278686523438,-69.82567596435547,185.66921224411314,-230.4494360779379,-69.82132207833135,0.5158873565950898,0.33244292876525394,0.062673807327849,3.665331833006938e-05,1.2695933731061897,12.850162012268553,nan,nan,nan
498.12,185.19688415527344,-230.2682342529297,-69.8267822265625,185.67804056076562,-230.45533111447727,-69.82397588152652,0.5162602035016635,0.3324846586916727,0.06270024909439134,3.5897007032071294e-05,0.9701416048564664,12.144659611179323,nan,1.544161329224272,nan
498.13,185.20547485351562,-230.27369689941406,-69.82786560058594,185.68692424767806,-230.4612458711748,-69.82510609528255,0.51669696226842,0.3325264764314988,0.06272675498162196,3.661677655392589e-05,0.9569485687483453,13.073108806091243,nan,nan,nan
498.14,185.2140655517578,-230.27920532226562,-69.82893371582031,185.69576413978774,-230.46720946544417,-69.82744427982975,0.5170892630696328,0.3325683782520933,0.06275332479143206,3.5862637851156506e-05,0.8092196780015118,12.251311761306752,nan,1.0141701295520835,nan
498.15000000000003,185.22265625,-230.28475952148438,-69.82997131347656,185.68621152486548,-230.4589627725232,-69.82848436544927,0.49520952791979317,0.33249208673705666,0.06274293183261724,3.655885426993363e-05,0.8087022397237557,11.162758326687246,6.1655807114934245,nan,nan
498.16,185.23123168945312,-230.2903289794922,-69.83099365234375,185.69511132695064,-230.4649421687496,-69.82872455038726,0.495660400648623,0.3325338163247745,0.06276946944756874,3.5807752878208986e-05,0.8895431078301672,11.888716204792196,nan,0.4753538050639409,nan
498.17,185.2398223876953,-230.2959442138672,-69.83199310302734,185.70398190096066,-230.47096472855966,-69.82977658281722,0.49606566831396637,0.3325756333650655,0.0627960713694379,3.6525314008137255e-05,0.8778542549455822,11.43338338808242,nan,nan,nan
498.18,185.2484130859375,-230.30154418945312,-69.83297729492188,185.71283724109804,-230.47699982895526,-69.83126465081067,0.49646491364399387,0.33261753468089716,0.06282273744297188,3.5776251305182716e-05,0.8227616058466221,11.069801108833346,nan,0.13994938866993561,nan
498.19,185.25698852539062,-230.30706787109375,-69.83393859863281,185.72170728798253,-230.48298895261172,-69.83228312896472,0.4969049162638876,0.33265952360576057,0.0628494681032208,3.649323578561669e-05,0.8131494962081101,11.681685858560595,nan,nan,nan
498.2,185.2655792236328,-230.31251525878906,-69.83488464355469,185.75643989993117,-230.49634810103117,-69.83256821679343,0.5241603602484937,0.3325834320572694,0.0628389256462817,3.5724327843433166e-05,0.9936905475939987,11.954859769257782,8.71621784660974,0.3651203747749849,nan
498.21000000000004,185.274169921875,-230.31785583496094,-69.83580780029297,185.76536184801853,-230.50217755580067,-69.83354367885538,0.5246419077121027,0.33262524844227526,0.0628656233161593,3.643989318195002e-05,0.9809881736588486,12.507388890196763,nan,nan,nan
498.22,185.28274536132812,-230.32310485839844,-69.83670806884766,185.77422625281986,-230.50792606936224,-69.83638847915523,0.5250832780247408,0.3326671492662866,0.0628923853612163,3.569561842532084e-05,0.8402600999240449,12.207111867083466,nan,2.4154941950090616,nan
498.23,185.2913360595703,-230.3282470703125,-69.83760070800781,185.7831476346909,-230.5135561732365,-69.83734773621649,0.5255646040629192,0.3327091373848396,0.06291921217843051,3.641071020462837e-05,0.8361422366262303,11.96148228193473,nan,nan,nan
498.24,185.29991149902344,-230.3332977294922,-69.83847045898438,185.7920650940523,-230.51908618274456,-69.83841344874563,0.5260537175155348,0.3327512103416891,0.06294610366791563,3.566826596502198e-05,0.8317477668550576,11.795669156753721,nan,0.010320532072786595,nan
498.25,185.30850219726562,-230.33824157714844,-69.83931732177734,185.77454686000982,-230.50809702409154,-69.83942307595915,0.4960327728210499,0.3326753197733424,0.06293540933721582,3.6360337171641855e-05,0.811674771470032,11.110448344651894,7.515319643129757,nan,nan
498.26,185.31707763671875,-230.34307861328125,-69.84015655517578,185.78344227306178,-230.5133905525744,-69.84020533016489,0.4964898116539375,0.33271722011276406,0.06296226704868131,3.5620564713899484e-05,0.8077841622270792,11.15085210243158,nan,0.011563801201310923,nan
498.27000000000004,185.32566833496094,-230.34783935546875,-69.84097290039062,185.7923339240201,-230.51858794315265,-69.84110083365665,0.4969223969342853,0.33275920745955123,0.06298918971599884,3.633395350166176e-05,0.8047273424286187,10.498948605099775,nan,nan,nan
498.28000000000003,185.33424377441406,-230.3524932861328,-69.8417739868164,185.80128120915816,-230.5236725843035,-69.83990211477303,0.49742318148585435,0.3328012797660379,0.06301617727287885,3.55958792723655e-05,0.899328513373691,11.087226159239394,nan,2.948082563314934,nan
498.29,185.34283447265625,-230.3570556640625,-69.84256744384766,185.8101730930501,-230.52868091876968,-69.84074648872395,0.4978593476500205,0.3328434392719834,0.06304323006734405,3.6308926288356434e-05,0.8888194783244905,10.652758572323545,nan,nan,nan
498.3,185.35140991210938,-230.3615264892578,-69.84333801269531,185.8263568274939,-230.5281085226905,-69.84244900831541,0.5033139543313186,0.33276774526931774,0.06303238099280671,3.5550894235026885e-05,0.9515601943628774,10.934309032814753,9.085063498816615,0.5123823014464637,nan
498.31,185.36000061035156,-230.36590576171875,-69.8440933227539,185.8352852203495,-230.53291319748217,-69.84327246683699,0.5037733795126599,0.3328097318707729,0.06305939919061153,3.626275495790633e-05,0.9436352485823973,10.90605240894407,nan,nan,nan
498.32,185.36859130859375,-230.37020874023438,-69.84483337402344,185.84422273328312,-230.5376269032713,-69.84371873219037,0.5042373804996148,0.332851803528138,0.06308648248998808,3.552877196542517e-05,0.9559974437887125,10.495511681754786,nan,0.09012027261183016,nan
498.33,185.37716674804688,-230.37442016601562,-69.8455581665039,185.85315165561028,-230.54225695347307,-69.84451026483619,0.5047097359374797,0.33289396213480954,0.06311363120952655,3.6240376046169856e-05,0.9474343764558064,10.814155210764229,nan,nan,nan
498.34000000000003,185.38575744628906,-230.3785400390625,-69.84626770019531,185.8620640115819,-230.54680772062784,-69.84601208468385,0.5051554435416202,0.3329362061655589,0.06314084532591273,3.5507889571274306e-05,0.9149104739630779,11.014505709476607,nan,0.35913403456290455,nan
498.35,185.39434814453125,-230.38258361816406,-69.84696197509766,185.84492809668558,-230.53883875960358,-69.84680840002632,0.47690458804144703,0.3328607086058325,0.0631298390632114,3.619688718976872e-05,0.8596657918946982,9.918553318181111,5.806559483121878,nan,nan
498.36,185.40292358398438,-230.3865509033203,-69.84764862060547,185.85385326819792,-230.54318613863518,-69.84603203534701,0.47736232611609786,0.3329027796095493,0.06315701776781385,3.5466723274864604e-05,0.928746621780755,9.645920187912074,nan,1.6205900255678605,nan
498.37,185.41151428222656,-230.3904266357422,-69.84832000732422,185.86274466080647,-230.54746462312474,-69.8467632907752,0.477778408261553,0.33294493733396185,0.06318426207317092,3.617703822204685e-05,0.9178592178599873,10.084931543353933,nan,nan,nan
498.38,185.42010498046875,-230.3942413330078,-69.8489761352539,185.87167272495338,-230.55165332144094,-69.84578244958573,0.4782281480523264,0.33298718054519943,0.06321157198155483,3.544824566458463e-05,1.1347367140157325,9.783928553171027,nan,1.987614083738448,nan
498.39,185.42869567871094,-230.39796447753906,-69.84961700439453,185.88056532586853,-230.5557770855809,-69.84647220449892,0.47864484437386146,0.3330295106975133,0.063238947774127,3.615841020015588e-05,1.1165039923037101,10.417176009022095,nan,nan,nan
498.40000000000003,185.43728637695312,-230.40162658691406,-69.8502426147461,185.8835612742205,-230.55796754622435,-69.84857349481592,0.4728705588746436,0.33295420594010355,0.06322778154249638,3.540950090842954e-05,0.894260802923342,9.784177608216245,1.5961143259949673,1.0884016868630528,nan
498.41,185.4458770751953,-230.40521240234375,-69.85086059570312,185.89244388730967,-230.5619404723952,-69.84925555704343,0.47327389720238255,0.3329963627914322,0.06325512108220697,3.611866713619102e-05,0.883204039555958,9.68955308417977,nan,nan,nan
498.42,185.4544677734375,-230.40872192382812,-69.85147094726562,185.90131475048338,-230.5658452895777,-69.85056928064394,0.47366737903534695,0.33303860517244127,0.0632825264261326,3.5393308411394105e-05,0.8311535472775208,9.612767950821421,nan,0.28546413196579,nan
498.43,185.4630584716797,-230.4121551513672,-69.85206604003906,185.91019862689456,-230.56967530382707,-69.85123498797856,0.47407552930317703,0.33308093429484953,0.06330999783338409,3.6102393007808115e-05,0.8236064591575751,9.951064355679293,nan,nan,nan
498.44,185.47164916992188,-230.41554260253906,-69.85264587402344,185.91906802233262,-230.57344096945064,-69.8527169340382,0.47446341146122284,0.33312334929071385,0.06333753533855815,3.5378217227553496e-05,0.8012923863121316,9.24979514053114,nan,0.4726534192925396,nan
498.45,185.48023986816406,-230.41883850097656,-69.85321044921875,185.91441649946734,-230.5730321554728,-69.85329816560254,0.4607440047910814,0.33304823637941766,0.06332620664942613,3.606500954376395e-05,0.7421491333150232,9.892835440264927,2.3992002910128902,nan,nan
498.46000000000004,185.48883056640625,-230.42208862304688,-69.85377502441406,185.92325788872336,-230.57665975456416,-69.85497606176067,0.46110820374924233,0.33309047791366714,0.06335370706060767,3.5342833888861576e-05,0.7795757474288031,8.74128984226296,nan,0.7449575542107303,nan
498.47,185.49742126464844,-230.42526245117188,-69.85431671142578,185.93211791423855,-230.5802162169141,-69.85561649228485,0.4614905590722764,0.3331328060062152,0.06338127371203824,3.605096009617109e-05,0.7823726633046753,9.609042637367809,nan,nan,nan
498.48,185.5060272216797,-230.42837524414062,-69.8548583984375,185.940998291154,-230.5837020978718,-69.85504537975118,0.46187259902667155,0.3331752199889954,0.06340890665714274,3.532985296612992e-05,0.7332279034278733,8.98927582660342,nan,1.000155640177147,nan
498.49,185.51461791992188,-230.43142700195312,-69.85538482666016,185.94985991102828,-230.58713193171067,-69.8556543143982,0.46225500386336016,0.33321772077242456,0.06343660612738362,3.603798084461207e-05,0.73118429144871,9.161358392672394,nan,nan,nan
498.5,185.52320861816406,-230.43441772460938,-69.85589599609375,186.00257590117346,-230.60901184703286,-69.85782361248992,0.5101762590611284,0.3331427965872611,0.0634251122760716,3.529657433863545e-05,0.9516273505057464,10.944913307917272,17.333433896103227,1.8162444232021209,nan
498.51,185.5318145751953,-230.43734741210938,-69.85639953613281,186.01151203047104,-230.61235083818406,-69.85842875693982,0.5106270316708346,0.3331851236424281,0.06345277378951886,3.6003851946971744e-05,0.9579232067240033,10.794442552910605,nan,nan,nan
498.52000000000004,185.5404052734375,-230.44021606445312,-69.85689544677734,186.0204720543069,-230.6156230661698,-69.85744887760364,0.5111086348627166,0.333227536589223,0.06348050178768432,3.5285577974399635e-05,0.8495873451630693,10.765778124191348,nan,1.725219100717491,nan
498.53000000000003,185.54901123046875,-230.44302368164062,-69.85738372802734,186.02941041564478,-230.61884541066865,-69.85802058767649,0.5115633519970018,0.3332700361756059,0.06350829648612737,3.599291160959346e-05,0.8494429543770984,10.719126939612888,nan,nan,nan
498.54,185.5576171875,-230.44590759277344,-69.85796356201172,186.03834576882846,-230.6220741188792,-69.85894337138187,0.5119917712743541,0.3333126219787237,0.0635361579616781,3.527553534559898e-05,0.8635016176206266,10.475901075007924,nan,0.06605057830247693,nan
498.55,185.5662078857422,-230.4488525390625,-69.85863494873047,186.06301530579654,-230.62055525833475,-69.85957025963815,0.525642760088104,0.33323788496821277,0.06352449643663395,3.59608084040998e-05,1.0583564709634865,11.172858053147227,16.37468067423612,nan,nan
498.56,185.57481384277344,-230.45187377929688,-69.8593978881836,186.0720100140429,-230.6238918702802,-69.86050643554282,0.5261135668539612,0.3332802968502783,0.06355231908970388,3.5245142948473444e-05,1.0665470808596793,10.6636673409976,nan,0.012428502847300505,nan
498.57,185.5834197998047,-230.45494079589844,-69.86024475097656,186.08100705483264,-230.62729283956395,-69.86140203892325,0.5265924825112129,0.3333227952232558,0.06358020861576305,3.5951775763200906e-05,1.0663224935494042,11.606268264304031,nan,nan,nan
498.58,185.59202575683594,-230.4580841064453,-69.86119079589844,186.08998385649025,-230.6307655348902,-69.86414015635012,0.5270577230893928,0.33336537979450864,0.06360816510491701,3.523690645178874e-05,1.2735468011181021,10.975741615390401,nan,2.136887481457954,nan
498.59000000000003,185.6006317138672,-230.46128845214844,-69.86222076416016,186.09898208333908,-230.63429447560037,-69.8652339178271,0.5275350737140081,0.33340805111566146,0.06363618875315563,3.594365862770562e-05,1.2768785938047025,11.23829196893139,nan,nan,nan
498.6,185.60923767089844,-230.4645538330078,-69.86333465576172,186.09398876155421,-230.62628599953956,-69.86666753954067,0.5110303530097826,0.3333334984867243,0.06362435691532313,3.520830050061897e-05,1.3909624146894017,10.857733928835163,4.8175310306938455,0.12251536651996657,nan
498.61,185.6178436279297,-230.46788024902344,-69.86454010009766,186.10297924971925,-230.62991311207475,-69.86793882252265,0.5114907345708972,0.3333759956226461,0.06365234085730134,3.591431586986095e-05,1.3943409532168858,10.6572949932869,nan,nan,nan
498.62,185.62644958496094,-230.4712677001953,-69.86582946777344,186.111962036592,-230.6336045521447,-69.87010762020778,0.5119510687340002,0.3334185789267712,0.06368039194392272,3.520174577090999e-05,1.5899134668046035,10.916574533544782,nan,0.458596656910239,nan
498.63,185.6350555419922,-230.47471618652344,-69.86720275878906,186.12095372762553,-230.63735360940055,-69.87155967985294,0.5124128812618224,0.3334612488483955,0.06370851036025393,3.590792248341121e-05,1.5959423917230078,10.910144381727314,nan,nan,nan
498.64,185.64366149902344,-230.4782257080078,-69.86865997314453,186.1458809296243,-230.65852212024578,-69.87362766207379,0.5336251780718673,0.3304001329321273,0.060056310027423225,3.519421289185642e-05,1.6898710247222846,10.930406058340541,nan,0.2059617000347056,0.08186251263462861
498.65000000000003,185.6522674560547,-230.48179626464844,-69.87019348144531,186.18060683684863,-230.67507311956084,-69.87523250566801,0.5626045109201191,0.3303350204987139,0.06004995706718325,3.587845445341975e-05,1.7437433714037796,12.274231269884302,6.402758412131378,nan,nan
498.66,185.66087341308594,-230.4854278564453,-69.87181854248047,186.18959735791725,-230.6789969927536,-69.87632071321029,0.5630615329698934,0.3303799480915688,0.0600704785445975,3.5168089401281116e-05,1.6104433753398943,11.598454915250457,nan,0.26871170569795927,nan
498.67,185.66949462890625,-230.48910522460938,-69.87351989746094,186.19862344373396,-230.6830251437387,-69.87810447474129,0.5635630009723326,0.33042496579626246,0.06009106763091929,3.587372193213889e-05,1.6177588351075727,12.013274942572199,nan,nan,nan
498.68,185.6781005859375,-230.4928436279297,-69.87529754638672,186.20766432278378,-230.6871293659842,-69.8802267719626,0.564100165448267,0.33047006459752437,0.06011170871708714,3.516391142166825e-05,1.720853862768335,12.235808772120917,nan,0.0464687678553634,nan
498.69,185.68670654296875,-230.49664306640625,-69.87715911865234,186.21669104129438,-230.69127116641894,-69.88217379204,0.5646138616162445,0.33051525372148655,0.060132417416524434,3.586975374659928e-05,1.729067841257351,11.842712074817086,nan,nan,nan
498.7,185.6953125,-230.50050354003906,-69.87906646728516,186.19822147185283,-230.6857083605871,-69.88400646817037,0.5359502431504766,0.3304501416047999,0.06012599455666956,3.5139267950527994e-05,1.6130057465789294,11.093749236022532,7.544648199954206,0.019371650048805394,nan
498.71000000000004,185.7039337158203,-230.50440979003906,-69.88099670410156,186.20719912719062,-230.6899487772657,-69.88605269117862,0.5364012985332286,0.33049514121961177,0.06014669953922478,3.584445980074309e-05,1.6296392089237097,10.653849980772861,nan,nan,nan
498.72,185.71253967285156,-230.50836181640625,-69.88290405273438,186.2162018058985,-230.69427594211476,-69.88855086158198,0.5369092035470276,0.3305402220369767,0.06016745736116578,3.5136479614466385e-05,1.8219894721036738,11.557104107818285,nan,0.14441944799943082,nan
498.73,185.7211456298828,-230.5123748779297,-69.88478088378906,186.22517928650052,-230.69862499946757,-69.89058004958143,0.5373757206091284,0.330585392921376,0.06018828246006675,3.5841912763118395e-05,1.8509252968283427,11.484315550268416,nan,nan,nan
498.74,185.72975158691406,-230.51644897460938,-69.88663482666016,186.23412368685098,-230.70298515081655,-69.89197428090804,0.5377875695852701,0.33063064538330145,0.0602091609586275,3.5134356917422246e-05,1.7223548848404544,10.677159997914682,nan,0.25824693219275163,nan
498.75,185.73837280273438,-230.52056884765625,-69.8884506225586,186.24920967964061,-230.7059499291519,-69.89395650560147,0.5434618431241504,0.33056554209075284,0.06020267995452629,3.5818009727877305e-05,1.8294919423187674,11.046229444988175,2.8489002491467557,nan,nan
498.76,185.74697875976562,-230.5247344970703,-69.8902359008789,186.25824563123476,-230.71049555984976,-69.8966222058742,0.5440053043843207,0.33061060494193006,0.06022355445401481,3.511169240786141e-05,2.14261627820824,11.459984034966483,nan,0.37895838806956067,nan
498.77000000000004,185.75558471679688,-230.52896118164062,-69.89197540283203,186.26724173077486,-230.7150424551796,-69.89852629597102,0.5444832913099069,0.3306557575959237,0.060244495913811126,3.5816765909609055e-05,2.1772821949705596,11.581806102178465,nan,nan,nan
498.78000000000003,185.76419067382812,-230.53323364257812,-69.89369201660156,186.2761913289174,-230.71958218689574,-69.89953024157595,0.544889471041602,0.33070099194435704,0.06026549157462728,3.511079909218696e-05,1.9479408679235952,10.983878616230072,nan,0.5269699057511229,nan
498.79,185.77279663085938,-230.5375518798828,-69.89537048339844,186.28518721846072,-230.72422965394503,-69.90135930367829,0.5453701234571077,0.33074631629476964,0.06028655422503422,3.5816146140566456e-05,1.9765654030550128,11.279720462225766,nan,nan,nan
498.8,185.7814178466797,-230.5419158935547,-69.89701843261719,186.2620408392917,-230.7186722187647,-69.90376045854823,0.5121393506095119,0.3306812129632324,0.06027999843924569,3.50893335117407e-05,2.132376529305388,10.4234837484334,11.281890531023118,0.2988583616540732,nan
498.81,185.79002380371094,-230.5463409423828,-69.89862823486328,186.2709764510478,-230.7234076773195,-69.90553021617264,0.5125580112996685,0.33072634739108453,0.06030105620209316,3.579409013561437e-05,2.1660393649096363,10.317384952408634,nan,nan,nan
498.82,185.7986297607422,-230.55081176757812,-69.90020751953125,186.27990973481775,-230.72818866641973,-69.90722334361845,0.5129738779669585,0.3307715636342704,0.06032216893798595,3.508956180857599e-05,2.2361117394502674,10.349840903064472,nan,0.0014262677804749708,nan
498.83,185.80723571777344,-230.55532836914062,-69.9017562866211,186.28884517340043,-230.73302020997343,-69.90893022097244,0.5133941209070855,0.33081686960620926,0.060343348379474485,3.5794615092384093e-05,2.2693646801796343,10.350507812478309,nan,nan,nan
498.84000000000003,185.81585693359375,-230.5598907470703,-69.90327453613281,186.29781108598124,-230.7379361319689,-69.91120306140054,0.513850976062269,0.33086225777601735,0.06036458332628668,3.5090327431793164e-05,2.6210902328847316,10.598540306831854,nan,0.2495906439517776,nan
498.85,185.824462890625,-230.5644989013672,-69.9047622680664,186.3220699727065,-230.74319803965722,-69.91282845141961,0.5287828036889416,0.3307971619135963,0.06035796170119957,3.577367248981136e-05,2.7725944953846433,11.020958712890646,7.486762951430513,nan,nan
498.86,185.83306884765625,-230.56915283203125,-69.90621948242188,186.3309359064204,-230.7480292783642,-69.9123487840078,0.5290613949184914,0.3308423600530278,0.060379191405073675,3.5070442981243777e-05,2.02299557903741,10.273549962877029,nan,3.1112722298581983,nan
498.87,185.8416748046875,-230.5738525390625,-69.90764617919922,186.33990863525756,-230.75303442512885,-69.91392336715525,0.5295115686247481,0.33088764764460643,0.06040048755322916,3.5775236176601756e-05,2.0511394935056257,10.31235969406439,nan,nan,nan
498.88,185.85028076171875,-230.57859802246094,-69.90904998779297,186.34878463808727,-230.75797017406126,-69.9135525294617,0.5298120010019062,0.33093301755822746,0.060421839936149004,3.5072186824646376e-05,1.5257630228565922,9.517453940595196,nan,2.5862206517999096,nan
498.89,185.85888671875,-230.58338928222656,-69.9104232788086,186.35775667785643,-230.76306491908167,-69.91505327434382,0.5302603204434546,0.3309784771180979,0.06044325882193905,3.577729774335008e-05,1.5449536380748277,9.56109794457037,nan,nan,nan
498.90000000000003,185.86749267578125,-230.5882110595703,-69.9117660522461,186.35890190326072,-230.76803337667218,-69.91670635305044,0.5233005839399443,0.33091338076296206,0.06043655728716628,3.505325080861692e-05,1.5757859565641557,10.023164806696439,2.4249658089682633,0.058764731554344786,nan
498.91,185.8760986328125,-230.5930938720703,-69.9130859375,186.36785400761784,-230.77322202322614,-69.91815515376987,0.5237319891340839,0.3309586499675359,0.060457970038857556,3.5757812277241715e-05,1.5964580019092824,9.310529804175514,nan,nan,nan
498.92,185.88470458984375,-230.59800720214844,-69.91437530517578,186.3767735335853,-230.77841630234118,-69.91892091329775,0.5241182608729383,0.3310040016178014,0.06047943972362774,3.505587737316096e-05,1.4654134959563798,9.695626934464869,nan,0.3044010836936754,nan
498.93,185.893310546875,-230.60296630859375,-69.91564178466797,186.38572478202005,-230.78369045887237,-69.9203127501794,0.5245520139950105,0.3310494426356998,0.06050097568583113,3.576077305286112e-05,1.4843515111496517,9.45953002618305,nan,nan,nan
498.94,185.90191650390625,-230.60797119140625,-69.91688537597656,186.3945655560236,-230.7888794090321,-69.91939330917953,0.5248210756873491,0.3310949664835574,0.06052256908252218,3.505892761627209e-05,1.05197171351912,8.788237483800707,nan,3.679908958245993,nan
498.95,185.9105224609375,-230.61302185058594,-69.91809844970703,186.42737009715685,-230.80965262946913,-69.92064431911781,0.552993330629583,0.3310298760962988,0.06051579408638983,3.5742157422773504e-05,1.0670090139813375,9.990959573951422,8.718859135838109,nan,nan
498.96000000000004,185.91912841796875,-230.61810302734375,-69.91929626464844,186.4363143699488,-230.8150482050348,-69.92119937119432,0.5534187688864536,0.3310752094698695,0.06053738092013286,3.504122305531416e-05,0.9879705655472066,9.928256679871827,nan,0.38647312639964265,nan
498.97,185.927734375,-230.62322998046875,-69.92046356201172,186.4452934141976,-230.8205244300029,-69.92246474241894,0.5538921046514004,0.33112063193314434,0.06055903382964948,3.57459247920974e-05,0.995668464344976,9.952180474605068,nan,nan,nan
498.98,185.93634033203125,-230.62838745117188,-69.9216079711914,186.45418239506415,-230.82593910326275,-69.92178944740768,0.5542446124443833,0.33116613734730793,0.06058074482782939,3.5045031669910015e-05,0.8835470257396959,10.106560068422192,nan,2.5908384152731982,nan
498.99,185.9449462890625,-230.6335906982422,-69.9227294921875,186.46316048095787,-230.83149458934727,-69.92299098334186,0.5547179167594336,0.3312117320455036,0.060602521991640526,3.575007997276626e-05,0.8835826392705295,9.877772823897423,nan,nan,nan
499.0,185.95355224609375,-230.6388397216797,-69.923828125,186.45900858008147,-230.82630150468563,-69.92349249239037,0.5390993770218299,0.3311466405948309,0.06059566171729534,3.5028058718916554e-05,0.8962710729025473,8.968690535991444,4.774559928309424,0.3504390050911103,nan
499.01,185.962158203125,-230.6441192626953,-69.9249038696289,186.4679740984453,-230.83190592111507,-69.92464468369073,0.5395494566918593,0.33119204448621076,0.060617431426893395,3.573258376224532e-05,0.8935061408235803,9.233805467066569,nan,nan,nan
499.02000000000004,185.9707489013672,-230.64944458007812,-69.92596435546875,186.47688533290196,-230.83748859299914,-69.92458596794825,0.5399412357602866,0.33123753144547674,0.06063925984810807,3.503254333420858e-05,0.9446580633429099,8.941115737162999,nan,0.9986833143213969,nan
499.03000000000003,185.97935485839844,-230.65480041503906,-69.92699432373047,186.4858498977909,-230.8431686735246,-69.92568549681921,0.5403901727103526,0.33128310741418987,0.06066115426979433,3.5737426359773706e-05,0.9369928528029703,9.356934482713317,nan,nan,nan
499.04,185.9879608154297,-230.66015625,-69.92800903320312,186.49486109614517,-230.84891779689275,-69.9278267191046,0.540905582715885,0.33132876683231005,0.06068310787290297,3.503735387276917e-05,0.8884857077450621,8.998643524668502,nan,0.7939808877419444,nan
499.05,185.99655151367188,-230.6654510498047,-69.92900848388672,186.47805625017241,-230.83700268702054,-69.92884429002206,0.5111524258609366,0.3312636797372948,0.06067616661370436,3.572059211223383e-05,0.8951345539545854,7.943283476624266,11.096719927858244,nan,nan
499.06,186.00515747070312,-230.67066955566406,-69.92998504638672,186.48697344314388,-230.84254345369388,-69.92953423799125,0.5115539769674405,0.3313091482148484,0.060698112262035336,3.502131358504579e-05,0.8974457440209951,7.838175035911278,nan,0.09178986186712575,nan
499.07,186.01376342773438,-230.67579650878906,-69.93093872070312,186.49590596870806,-230.8480163549781,-69.93056253098331,0.5119777795536108,0.3313547054309476,0.06072012376902974,3.5726043268936946e-05,0.8928196947668767,7.969288892332732,nan,nan,nan
499.08,186.02235412597656,-230.6808319091797,-69.93186950683594,186.50483822715083,-230.85339603340284,-69.93157257589988,0.5124152349636224,0.3314003488220451,0.06074219807709077,3.6445085322495814e-05,0.8886906863372653,8.106836615132753,nan,nan,nan
499.09000000000003,186.0309600830078,-230.68576049804688,-69.93279266357422,186.5137702164938,-230.85867955452116,-69.93256499143718,0.5128417659700955,0.3314460785326412,0.060764335330718636,3.7178584245922396e-05,0.8848446658486596,7.876487786867593,nan,nan,nan
499.1,186.03955078125,-230.6905975341797,-69.93368530273438,186.49311465596102,-230.84311210614706,-69.93198760561162,0.47852248147896653,0.33138098946254385,0.060757302960220104,3.637027398504135e-05,1.0075907262361499,7.1534263846873145,15.332454397604165,1.4382641079455682,nan
499.11,186.04815673828125,-230.69534301757812,-69.9345703125,186.50201252154145,-230.84815145064928,-69.93292934467347,0.4788926622864414,0.33142652789673394,0.06077943136783824,3.7101503277525506e-05,0.9974511387177611,6.551304374742474,nan,nan,nan
499.12,186.05674743652344,-230.6999969482422,-69.93543243408203,186.51088267603416,-230.8530668839244,-69.93319005356366,0.4792434133565202,0.3314721498064569,0.06080161987132738,3.631995372158488e-05,1.0600905588223681,6.835596277065225,nan,0.2888047499415398,nan
499.13,186.0653533935547,-230.70455932617188,-69.936279296875,186.51978029981865,-230.85791799935356,-69.93409179841802,0.47961180232160827,0.33151786057691834,0.06082387446208651,3.704991928565036e-05,1.0474957781568486,6.630950424174969,nan,nan,nan
499.14,186.07394409179688,-230.70901489257812,-69.9371109008789,186.52867651607974,-230.86267593636606,-69.9349438217222,0.47999790656235364,0.33156365521319087,0.060846189605911975,3.627127024331603e-05,1.044443106039689,7.073296932740409,nan,0.000742373217338383,nan
499.15000000000003,186.08255004882812,-230.71339416503906,-69.93791961669922,186.53525726582816,-230.85600705015824,-69.93573493819227,0.4746441110412256,0.33149856900928387,0.06083906907635721,3.697655510209865e-05,1.235887929088206,6.607994740070157,12.038115719912556,nan,nan
499.16,186.0911407470703,-230.71768188476562,-69.938720703125,186.54413966524078,-230.86051792002013,-69.93582998060616,0.47499316743245745,0.33154417223241955,0.06086137482258423,3.620171718925906e-05,1.3339202933596948,6.608809498755825,nan,0.37853304373475904,nan
499.17,186.09974670410156,-230.72189331054688,-69.93949890136719,186.5530523123187,-230.86497378534608,-69.93666037946409,0.4753588685577116,0.33158986402937884,0.060883746535859574,3.692845338394346e-05,1.3176401245571212,6.549175072451593,nan,nan,nan
499.18,186.1083526611328,-230.72601318359375,-69.94026947021484,186.56199890100282,-230.86937970984405,-69.93833863711848,0.475765278171626,0.3316356398124062,0.060906179343125276,3.615636981747849e-05,1.1988068827866962,6.326392832228493,nan,0.49160842104861513,nan
499.19,186.116943359375,-230.7300567626953,-69.9410171508789,186.57091206306853,-230.87366833509975,-69.93914862683101,0.4761463630479392,0.33168150436202637,0.06092867825327399,3.688205517881087e-05,1.1869485755975948,6.605867665462542,nan,nan,nan
499.2,186.12554931640625,-230.7340087890625,-69.9417495727539,186.58209339313697,-230.88411280565566,-69.93876552589224,0.4805961031167235,0.33161641542657677,0.060921460906402665,3.609032880305472e-05,1.236661894717105,7.158286559608005,3.477532230474318,1.095281953847749,nan
499.21000000000004,186.13414001464844,-230.73788452148438,-69.94247436523438,186.591001221126,-230.8882611109738,-69.93953703168366,0.48098223312195465,0.33166208821234117,0.06094394951064806,3.68141217058187e-05,1.221075888680362,6.9142523898770865,nan,nan,nan
499.22,186.1427459716797,-230.74169921875,-69.94317626953125,186.5999033464734,-230.89232522048695,-69.94013334138363,0.48134220377945375,0.3317078450927569,0.06096649971663481,3.604828107629251e-05,1.2405460149460181,6.806316126360725,nan,0.017397508183358806,nan
499.23,186.15135192871094,-230.74542236328125,-69.9438705444336,186.60881195963455,-230.89631879862074,-69.94087661491486,0.4817139999052978,0.33175369046837894,0.0609891159457106,3.6771161099201874e-05,1.2241863732975824,6.90124522120309,nan,nan,nan
499.24,186.15994262695312,-230.7490692138672,-69.94454956054688,186.61772095922845,-230.90023731038175,-69.94160697455716,0.4821010824681086,0.3317996223550371,0.06101179620590381,3.750851031944483e-05,1.208174499200372,7.118900464967834,nan,nan,nan
499.25,186.16854858398438,-230.75265502929688,-69.9452133178711,186.6217611075632,-230.90125292235277,-69.94239123869203,0.47696005019312937,0.33173453445431467,0.06100448332285966,3.823548016101311e-05,1.185066128142378,6.694010971818458,0.4482922621251542,nan,nan
499.26,186.17715454101562,-230.7561492919922,-69.94586181640625,186.63061138669485,-230.90496736551808,-69.94162180986976,0.4772713144080006,0.3317802722152607,0.06102715049353444,3.738131274469546e-05,1.454321858973429,7.555444695620153,nan,1.3454067275501804,nan
499.27000000000004,186.18576049804688,-230.7595977783203,-69.94650268554688,186.63951557804376,-230.90866332696427,-69.94230201760391,0.47763150652638925,0.3318260983725431,0.061049883789303136,3.812966439727585e-05,1.4332941557855958,6.746719400732365,nan,nan,nan
499.28000000000003,186.19436645507812,-230.76296997070312,-69.94712829589844,186.6484236995483,-230.91229299887533,-69.9430620635727,0.47799778476859295,0.33187200894531443,0.06107267942902519,3.728163237537633e-05,1.4110422121571893,7.024077465034475,nan,0.005213200976678459,nan
499.29,186.20297241210938,-230.76626586914062,-69.94774627685547,186.65732913573672,-230.91585158204384,-69.94371961702603,0.4783640159956834,0.3319180081063738,0.06109554134816408,3.8027474510071854e-05,1.3908382939850634,7.022596682764617,nan,nan,nan
499.3,186.21157836914062,-230.76950073242188,-69.9483413696289,186.664234993594,-230.92639761406758,-69.94310990718562,0.4791054365491591,0.3318529164138201,0.06108812560079057,3.716189781995028e-05,1.5676376027583538,7.813343358324534,6.743083375349787,0.8237048916337742,nan
499.31,186.22018432617188,-230.77267456054688,-69.94893646240234,186.67312495493343,-230.92985110153631,-69.94373144710032,0.4794650877849296,0.3318987233066174,0.06111097568755637,3.790442951862277e-05,1.5435261291643725,7.209332225097134,nan,nan,nan
499.32,186.22879028320312,-230.77578735351562,-69.94950866699219,186.6820608398553,-230.93328376686665,-69.94568189789928,0.47986869236062596,0.3319446147197396,0.06113388857875059,3.7069206470310935e-05,1.2214996147199937,7.341822208594177,nan,1.1270344613914693,nan
499.33,186.23739624023438,-230.77882385253906,-69.9500732421875,186.6909519949467,-230.936610786516,-69.94629539591833,0.48023308016934335,0.33199059445092327,0.06115686770209266,3.780951602211128e-05,1.2014432038880916,7.522761795660472,nan,nan,nan
499.34000000000003,186.24600219726562,-230.7818145751953,-69.95063018798828,186.69986806226456,-230.93989883683244,-69.94762651621697,0.4806182260721021,0.33203665907797303,0.06117991003300538,3.6979877884170374e-05,1.065713257675102,6.860896954408048,nan,0.3344117877237946,nan
499.35,186.25460815429688,-230.7847442626953,-69.951171875,186.67965985835767,-230.9279539899942,-69.94818631455746,0.4485386167200756,0.331971566715994,0.06117239166205991,3.76939989545834e-05,1.0237624280740867,6.2613346266739445,8.400690241094201,nan,nan
499.36,186.26321411132812,-230.78761291503906,-69.95170593261719,186.688548879613,-230.93110561609694,-69.94997254505785,0.4488906604077,0.33201743890301855,0.06119542148557779,3.687082147599129e-05,0.8662262709619049,6.040407275728066,nan,0.9089083663488675,nan
499.37,186.27183532714844,-230.79042053222656,-69.95223236083984,186.6973997221025,-230.9341636871826,-69.95056434085767,0.4491880799175166,0.3320633991514893,0.06121851751803022,3.7606144201724426e-05,0.8560142633130337,5.938574865243672,nan,nan,nan
499.38,186.2804412841797,-230.79318237304688,-69.95274353027344,186.70624108708358,-230.9371558267369,-69.95082521294543,0.44948582565171147,0.33210944437921347,0.061241677174586374,3.678819477135322e-05,0.8796795532871192,6.007122382890795,nan,0.06589779369666672,nan
499.39,186.28904724121094,-230.79588317871094,-69.95323944091797,186.7150933253575,-230.940101779966,-69.95139502464492,0.44979736841822787,0.3321555778773381,0.06126490322766444,3.752167756101431e-05,0.8678871007640061,6.369352816680399,nan,nan,nan
499.40000000000003,186.29766845703125,-230.79852294921875,-69.9537353515625,186.73258694505827,-230.93392387866925,-69.95221879678705,0.4555104860068067,0.33209048069755,0.06125727596055788,3.668602066156984e-05,1.077640143711063,5.970016497884635,15.91504370704206,0.030517908462207626,nan
499.41,186.3062744140625,-230.80111694335938,-69.95421600341797,186.7414762112058,-230.9367235193425,-69.95277357342354,0.4558418895745648,0.3321364214064457,0.061280488591373014,3.7416861574884566e-05,1.0677275425814134,6.170760475839325,nan,nan,nan
499.42,186.3148956298828,-230.80364990234375,-69.9546890258789,186.75038866235892,-230.939490953881,-69.95405731384656,0.4561878688414139,0.332182447164317,0.06130376523498231,3.660986475290247e-05,1.0198840398991234,6.155998761111356,nan,0.35040191595291187,nan
499.43,186.32351684570312,-230.8062744140625,-69.95525360107422,186.75927963466236,-230.9422479174471,-69.95465380705495,0.4564847879361174,0.3322285609549244,0.06132710828494555,3.733910388985858e-05,1.0171191833209166,5.838300985018104,nan,nan,nan
499.44,186.33212280273438,-230.80894470214844,-69.9559097290039,186.7681318877894,-230.94503992210483,-69.95400699161596,0.45675973066269787,0.3322747601544569,0.06135051572167817,3.6536812218044345e-05,1.1047857959565208,6.576055941468825,nan,1.156866501713522,nan
499.45,186.3407440185547,-230.8116912841797,-69.95665740966797,186.78812384283268,-230.94630947767453,-69.95473749712419,0.46719851375512156,0.3322096603927241,0.06134277869954648,3.724113571023302e-05,1.263794270853663,6.573617869770158,4.81123726654515,nan,nan
499.46000000000004,186.349365234375,-230.81451416015625,-69.95750427246094,186.79708603863705,-230.94929389855628,-69.95700254055414,0.4675679075675968,0.33225566660705896,0.061366171978475145,3.644437756431191e-05,1.1702088943118254,5.946894195869637,nan,1.2806083921289713,nan
499.47,186.3579864501953,-230.81739807128906,-69.95842742919922,186.80600841445363,-230.95231045551515,-69.95796882077643,0.4678944776305146,0.33230176062806144,0.061389631691957096,3.716982062307681e-05,1.1673215121105496,6.69538496775672,nan,nan,nan
499.48,186.36660766601562,-230.82034301757812,-69.9594497680664,186.81489588848555,-230.95536304706343,-69.95775955478209,0.46818329272668985,0.33234794010919305,0.06141315614529053,3.637743462793537e-05,1.2384534001238974,6.37741021196396,nan,1.0449332679935712,nan
499.49,186.37522888183594,-230.8233642578125,-69.96055603027344,186.82381979532107,-230.95851170673407,-69.95889204673777,0.4685097751943313,0.33239420762064603,0.06143674724730125,3.710158886459534e-05,1.2330651197523048,6.354072540499924,nan,nan,nan
499.5,186.3838348388672,-230.82644653320312,-69.96174621582031,186.82607777488343,-230.95817774999625,-69.96015298306284,0.4614482271335365,0.33232910186059617,0.061428895152687416,3.6291197788481945e-05,1.2281470177670515,6.483625626078978,0.584920392821596,0.006427568495049399,nan
499.51,186.3924560546875,-230.82958984375,-69.96302032470703,186.83499266071408,-230.96144830285903,-69.96146003460886,0.4617658881049145,0.3323751760460326,0.06145247118132549,3.701325603334704e-05,1.2223289399914643,6.534653458859847,nan,nan,nan
499.52000000000004,186.4010772705078,-230.83279418945312,-69.96438598632812,186.84394589456687,-230.96481374180422,-69.96427050999125,0.4621274647905409,0.33242133573103455,0.06147611228019977,3.623009762762788e-05,1.1552331595263505,6.198961453837334,nan,1.3219653008939036,nan
499.53000000000003,186.4097137451172,-230.8360595703125,-69.96582794189453,186.85286157353696,-230.96821063271403,-69.96576265634171,0.462432595509025,0.33246758323644093,0.06149982008135246,3.6951061120058314e-05,1.1530796605094749,6.50884836600158,nan,nan,nan
499.54,186.4183349609375,-230.8394012451172,-69.96735382080078,186.86180070566832,-230.97168833131002,-69.96822066342021,0.4627769347527742,0.33251391658794754,0.06152359330359222,3.6171791527985486e-05,1.1723423372067896,6.3313699884281665,nan,0.5130694653513929,nan
499.55,186.4269561767578,-230.84278869628906,-69.96896362304688,186.85541226458494,-230.96913833672372,-69.96989051297496,0.44669867915523753,0.33244880633836127,0.06151562447050148,3.68688216723581e-05,1.1289177765551772,6.147183721933413,2.1151743933912894,nan,nan
499.56,186.43557739257812,-230.8462371826172,-69.97065734863281,186.86430690528667,-230.97271256766393,-69.97178667141876,0.44699697254006326,0.3324949461464157,0.061539381830989746,3.6094238982511525e-05,1.1391581986244146,5.994323907580393,nan,0.014070295851457122,nan
499.57,186.44419860839844,-230.84974670410156,-69.97242736816406,186.8731981292278,-230.97634383256374,-69.97361958509596,0.4472905579015802,0.33254117357475044,0.061563205961032694,3.6812372219930116e-05,1.1406777620995536,6.142211569795309,nan,nan,nan
499.58,186.45281982421875,-230.8533172607422,-69.97427368164062,186.8821017689015,-230.98004377585306,-69.97602167732877,0.4475998806430465,0.33258748687273654,0.061587095813840045,3.604137508223371e-05,1.1851388509379426,6.274641446524972,nan,0.15913690692720228,nan
499.59000000000003,186.46144104003906,-230.85694885253906,-69.9761734008789,186.8909936019085,-230.98379267470338,-69.97800819776981,0.44789298399224026,0.332633888027263,0.06161105267127166,3.675866499187491e-05,1.1903063341243394,6.418985806652275,nan,nan,nan
499.6,186.47006225585938,-230.86062622070312,-69.97808837890625,186.89963706836338,-230.97714897200507,-69.97998756020316,0.4451018737305206,0.33256877046283034,0.06160296248840917,3.5969286544165444e-05,1.441923656395828,6.312517036021875,8.880984089576872,0.0038458335390753147,nan
499.61,186.4786834716797,-230.8643798828125,-69.97998809814453,186.90854476114347,-230.98097745776263,-69.98200640248469,0.44539846903209185,0.3326149777393504,0.06162690256275257,3.6684918254042685e-05,1.4514089442913478,6.031645059983107,nan,nan,nan
499.62,186.48731994628906,-230.8681640625,-69.98186492919922,186.9174690827527,-230.98487505189445,-69.98472198895445,0.4457105534270861,0.3326612708989988,0.061650908643094186,3.592158208578976e-05,1.565463990346264,6.300872264925114,nan,0.3433128003288162,nan
499.63,186.49594116210938,-230.8720245361328,-69.98370361328125,186.92637659834227,-230.98881554215495,-69.98670090731297,0.44600873043493366,0.3327076517287081,0.061674981814425024,3.6636525803011e-05,1.5820276531229958,6.37978120386443,nan,nan,nan
499.64,186.5045623779297,-230.8759307861328,-69.98551177978516,186.9202463599085,-231.01126638432643,-69.98865662720179,0.4371713475028569,0.3322438868157394,0.06093075614208834,3.58743863331146e-05,1.2094731866729977,5.970731705064255,nan,0.000952981407993036,0.4432460271039836
499.65000000000003,186.51318359375,-230.87989807128906,-69.98728942871094,186.896751588774,-230.99924964508682,-69.99071612252011,0.40172247535481725,0.3321771931671714,0.06092398016320661,3.6566097136659016e-05,1.23658982629976,5.05207108438352,10.928662043294702,nan,nan
499.66,186.5218048095703,-230.8839111328125,-69.98902893066406,186.90559758273307,-231.00332129241292,-69.9918160306693,0.4019495576240798,0.33222228526809805,0.06094481045686887,3.580995311960305e-05,1.1310361035209358,5.205930630647664,nan,0.4140309641113892,nan
499.67,186.53042602539062,-230.8879852294922,-69.99073028564453,186.91443938037213,-231.0074848599703,-69.99365858184655,0.40218775889776237,0.33226746280872455,0.06096570417494982,3.6522793619585075e-05,1.1477408128667954,5.2805617192706915,nan,nan,nan
499.68,186.53904724121094,-230.89210510253906,-69.99240112304688,186.92327533819918,-231.01175313915624,-69.9965433692217,0.402447563522158,0.3323127258491974,0.0609866543245417,3.576952395066486e-05,1.3913284802119708,5.4326830497735275,nan,0.7809118691291852,nan
499.69,186.54766845703125,-230.89627075195312,-69.9940414428711,186.93211711467112,-231.01602132025238,-69.99833107133357,0.40269016610967084,0.3323580746215229,0.061007667999924464,3.648187651175461e-05,1.4145600380454977,5.383502838096863,nan,nan,nan
499.7,186.55630493164062,-230.90049743652344,-69.99564361572266,186.97157339038495,-231.03817982893833,-70.00022120561331,0.43752175755975703,0.33229140258552536,0.061000824670221734,3.570980941595796e-05,1.4603382696203662,6.167983348932774,11.407045950909957,0.012337312280368063,nan
499.71000000000004,186.56492614746094,-230.90476989746094,-69.99722290039062,186.9804547935617,-231.04259071709828,-70.00194701286345,0.4378138317761345,0.3323365599823167,0.06102183277548358,3.642085021527198e-05,1.4850182308109954,5.904608966636307,nan,nan,nan
499.72,186.57354736328125,-230.90908813476562,-69.99876403808594,186.98933038558667,-231.04709698162574,-70.00462481762146,0.4381281914986206,0.3323818027990696,0.06104289793264579,3.56738392192006e-05,1.8337510303691897,6.605838514305849,nan,0.6559017513966854,nan
499.73,186.58216857910156,-230.91346740722656,-70.00027465820312,186.99821149650808,-231.05160785364924,-70.00629930288729,0.43841850828352574,0.33242713128040224,0.06106402649410006,3.638451382920369e-05,1.8673347856549647,6.386995880466572,nan,nan,nan
499.74,186.59078979492188,-230.9178924560547,-70.00175476074219,187.0070999669789,-231.05611149357665,-70.00668795859762,0.43868325490349835,0.33247254546786154,0.061085212563553655,3.5639989704258315e-05,1.5514000578480345,6.097421445869756,nan,1.0740277499995496,nan
499.75,186.5994110107422,-230.92236328125,-70.00320434570312,187.0500452567647,-231.07355973563824,-70.00822029142661,0.4753490835368741,0.3324058946298292,0.06107830535597656,3.63280273082147e-05,1.6761263137695392,7.028852662560504,11.154585937699594,nan,nan
499.76,186.6080322265625,-230.9268798828125,-70.00463104248047,187.05899424440616,-231.07816810888278,-70.00828124060506,0.4756765632564529,0.33245111726389603,0.061099485452815655,3.5586762571684903e-05,1.3568874625430454,6.42530760608471,nan,1.5627558924816616,nan
499.77000000000004,186.6166534423828,-230.9314422607422,-70.00601959228516,187.0679336133679,-231.08288934109433,-70.00981260031288,0.47602982866771615,0.3324964254940725,0.061120728858536734,3.629597865421359e-05,1.3777686431048894,6.893592181781237,nan,nan,nan
499.78000000000003,186.62527465820312,-230.93605041503906,-70.00739288330078,187.0768794634786,-231.08761193435885,-70.01024522696602,0.4763674318746088,0.3325418193506238,0.061142030345459966,3.555696421713818e-05,1.209086747818549,6.1381220866557005,nan,0.7852178834917793,nan
499.79,186.63389587402344,-230.94070434570312,-70.00872802734375,187.08581827111436,-231.0924260485282,-70.01171245412498,0.4767202900063767,0.33258729909483,0.061163395277174154,3.626596575312707e-05,1.2247608398921337,6.636135451247535,nan,nan,nan
499.8,186.6425018310547,-230.94540405273438,-70.01004028320312,187.0877259862729,-231.09961472312784,-70.01140738917279,0.4711765573876674,0.3325206688052581,0.06115641532770134,3.5507734448109315e-05,0.9138410241858735,6.196253778443795,5.042078933146029,1.8701285805275063,nan
499.81,186.651123046875,-230.9501495361328,-70.0113296508789,187.0966411663105,-231.10453489306695,-70.01280513233996,0.47151183466224955,0.3325659568187753,0.061177773516795875,3.621568840455073e-05,0.9201794911565715,5.9005460869874415,nan,nan,nan
499.82,186.6597442626953,-230.95494079589844,-70.01258850097656,187.10556142356197,-231.10946568629228,-70.01333151450477,0.471838356583625,0.33261133037888957,0.061199190328842606,3.54817134044161e-05,0.8745179291781766,6.029637213618049,nan,0.49206538288905277,nan
499.83,186.66836547851562,-230.95977783203125,-70.01382446289062,187.11447565086763,-231.1144740291436,-70.01467161947487,0.4721714910403179,0.33265678975657914,0.06122067052766886,3.618954628629803e-05,0.8777195086027914,5.875645376713485,nan,nan,nan
499.84000000000003,186.67698669433594,-230.96466064453125,-70.0150375366211,187.1233867684019,-231.11954158268875,-70.01639344329352,0.4725071106486653,0.33270233496780366,0.061242209773310304,3.545748415017459e-05,0.9087100952069338,5.773666061677854,nan,0.11313331037045624,nan
499.85,186.68560791015625,-230.96957397460938,-70.01622009277344,187.1416076240331,-231.12371098926337,-70.01766613156656,0.48134815816662935,0.3326357247747689,0.06123515885064612,3.614307479867834e-05,1.0255285657429782,6.512128127599326,4.141551137399356,nan,nan
499.86,186.6942138671875,-230.9745330810547,-70.01738739013672,187.15053462614142,-231.12889855503022,-70.02058553457242,0.48173391279398753,0.3326810780676943,0.061256690878166604,3.541369687190776e-05,1.2555162263278652,6.4227443926569485,nan,1.8675298970532659,nan
499.87,186.7028350830078,-230.9795379638672,-70.01852416992188,187.15947230102316,-231.13406643688873,-70.02185291367067,0.48208679549030237,0.3327265171067394,0.06127828625687054,3.612052605681575e-05,1.272396783011085,6.530226779282033,nan,nan,nan
499.88,186.71145629882812,-230.98458862304688,-70.01963806152344,187.16841642574911,-231.1392391497825,-70.02209275612196,0.4824265421189267,0.3327720418999171,0.06129994118231806,3.539285788081578e-05,1.1348957708505727,6.296647188490258,nan,0.6979163965394208,nan
499.89,186.72006225585938,-230.9896697998047,-70.02073669433594,187.17735306796288,-231.14448944011747,-70.02330672741654,0.48279458668350905,0.33281765272993236,0.06132165962534121,3.6099679116465125e-05,1.1465948379279105,6.295747686081688,nan,nan,nan
499.90000000000003,186.7286834716797,-230.9947967529297,-70.02180480957031,187.15022533603383,-231.13954002946957,-70.02381254040894,0.4457041513041872,0.3327510618970555,0.06131453031804759,3.535239026803789e-05,0.8979965802609114,5.5309803329169505,15.518455474371283,0.35554985279088686,nan
499.91,186.73728942871094,-230.9999237060547,-70.02285766601562,187.15909092560142,-231.14484153143985,-70.02497846033332,0.44600692445516293,0.33279648062012207,0.06133624077088356,3.6058361657087686e-05,0.9072974012648937,5.229876443458323,nan,nan,nan
499.92,186.74591064453125,-231.00498962402344,-70.02388763427734,187.1679430515115,-231.1501749409501,-70.02791776961799,0.4463254090722299,0.33284198501797896,0.0613580112426046,3.533468578055104e-05,1.2401636013678605,5.6883685727901305,nan,2.2278448304166636,nan
499.93,186.7545166015625,-231.00997924804688,-70.02490234375,187.1768071617962,-231.15538243642905,-70.02906158385267,0.4466415830757706,0.33288757537946184,0.06137984522842008,3.6040719210581505e-05,1.2583964003082198,5.536119521572883,nan,nan,nan
499.94,186.7631378173828,-231.014892578125,-70.02588653564453,187.18567505809955,-231.16048757288766,-70.0295687785203,0.44693308358751865,0.3329332517035486,0.061401739628806316,3.531846443119934e-05,1.1601819485160354,5.587062323604202,nan,0.26407943845955595,nan
499.95,186.77174377441406,-231.0196990966797,-70.02686309814453,187.18678270477582,-231.15651253214952,-70.03068710436902,0.43702385846140823,0.3328666797375233,0.06139453233790563,3.6002529032739455e-05,1.2612803064511324,5.188235398687821,4.555514726464312,nan,nan
499.96000000000004,186.78036499023438,-231.02442932128906,-70.0278091430664,187.1956474953932,-231.16141316005746,-70.03124605494013,0.43730532072904776,0.3329121637576481,0.06141641820560393,3.52824702701416e-05,1.1875450494172415,5.22610041713629,nan,0.18941836975908227,nan
499.97,186.78897094726562,-231.029052734375,-70.02873992919922,187.20450810632119,-231.16623783662854,-70.03230375447744,0.4376112243611832,0.33295773366678066,0.06143836760274871,3.5987835999271606e-05,1.2032131109280149,5.368461294071707,nan,nan,nan
499.98,186.79759216308594,-231.03358459472656,-70.02965545654297,187.21336966393508,-231.17096495886156,-70.03316238499802,0.437900209190878,0.3330033894595836,0.06146037785003682,3.526902726926915e-05,1.1964074647979464,5.1136043835247005,nan,0.02285229018612827,nan
499.99,186.8061981201172,-231.0380401611328,-70.03054809570312,187.22222956028563,-231.17560696346888,-70.03418328349568,0.4382008659323748,0.33304913143124154,0.06148245181962796,3.597453647562557e-05,1.2128800445809773,5.199844918600899,nan,nan,nan
500.0,186.81480407714844,-231.04238891601562,-70.03142547607422,187.23377742693822,-231.18424729696466,-70.03718012331233,0.4423749360490322,0.3329825775215632,0.06147516028674238,3.523573382506434e-05,1.7397246753910105,6.067393955862636,1.1213372579030716,2.6560760859095045,nan
500.01,186.82342529296875,-231.04666137695312,-70.03228759765625,187.24263568269754,-231.1887253886937,-70.0381876487803,0.4426673072315815,0.3330281269894631,0.06149722494583656,3.5940536515189736e-05,1.7661555147565575,5.704182328429589,nan,nan,nan
500.02000000000004,186.83203125,-231.0508575439453,-70.03313446044922,187.25149985057243,-231.1930944278071,-70.0383738239173,0.44295901495110535,0.333073762262132,0.06151935086640523,3.522483689272742e-05,1.5749335504836872,5.352657421494843,nan,0.45177535736000785,nan
500.03000000000003,186.84063720703125,-231.05494689941406,-70.0339584350586,187.26035834512726,-231.19740214640962,-70.03934116612822,0.4432700135977399,0.3331194836373136,0.061541540551613684,3.592983395937537e-05,1.5997167110563402,6.015351100647552,nan,nan,nan
500.04,186.84925842285156,-231.05897521972656,-70.0347671508789,187.26923708995338,-231.20155130645227,-70.03755306845866,0.4435287844812292,0.3331652911059198,0.061563791869782225,3.521514188707686e-05,1.0116392119299007,4.913416784414352,nan,5.2351134715784795,nan
500.05,186.8578643798828,-231.0629119873047,-70.03556060791016,187.29002061282904,-231.2184971713467,-70.03847213415227,0.45931931828818456,0.3330987547130842,0.0615564154210882,3.589835028125198e-05,0.9449949350586834,5.59218391315328,8.084244046828895,nan,nan
500.06,186.86648559570312,-231.0667724609375,-70.03633880615234,187.29888144447753,-231.22260925275674,-70.03976614026435,0.45963357399233434,0.33314436947174414,0.061578656825084184,3.518544733606839e-05,1.040997743253366,5.5093632041515335,nan,0.11144502226533999,nan
500.07,186.87509155273438,-231.070556640625,-70.03710174560547,187.30774543233028,-231.22663284460174,-70.04064999801835,0.45995842319970703,0.3331900702552329,0.06160096205145775,3.589001622482191e-05,1.0563963832653134,5.576071280530676,nan,nan,nan
500.08,186.88369750976562,-231.07427978515625,-70.03784942626953,187.31660420236238,-231.2305993882781,-70.04227417367537,0.46028643387009127,0.3332358570535541,0.06162332929060327,3.517797964986109e-05,1.2608101191814223,5.51065547759112,nan,0.39777496104069965,nan
500.09000000000003,186.89231872558594,-231.07791137695312,-70.03858184814453,187.3254689716882,-231.2344716958045,-70.04313749306509,0.46059854867111066,0.3332817301657512,0.06164576056754122,3.58827988552113e-05,1.2810041988747032,5.768185049545558,nan,nan,nan
500.1,186.9009246826172,-231.0814666748047,-70.03929901123047,187.32046454199218,-231.23186038621338,-70.04145251079615,0.4456866607786803,0.3332152104179864,0.06163829384098718,3.515043497703123e-05,0.8047230929435263,5.213938804647857,2.2562821457458515,4.895091300144725,nan
500.11,186.9095458984375,-231.0849609375,-70.04000091552734,187.32930854493702,-231.2355759652809,-70.04226453648137,0.44597162462375,0.33326089060965003,0.0616607144167653,3.5854647428448505e-05,0.8141090376272351,4.986178484201769,nan,nan,nan
500.12,186.9181671142578,-231.08839416503906,-70.04068756103516,187.33816002350068,-231.2391986260314,-70.0421080363042,0.446248862205231,0.3333066567374901,0.061683197364250604,3.514498899242819e-05,0.727155321414574,4.790463157290457,nan,0.6389579234070774,nan
500.13,186.92677307128906,-231.0917510986328,-70.0413589477539,187.3470049775473,-231.24277509058174,-70.04288449782904,0.4465483495486856,0.3333525090999388,0.061705744429365605,3.58494874999846e-05,0.7332557575012455,5.089935463068081,nan,nan,nan
500.14,186.93539428710938,-231.09503173828125,-70.04202270507812,187.35586046782817,-231.2462527657476,-70.04227445478702,0.4468329348359909,0.3333984476879452,0.06172835421728944,3.514049553750304e-05,0.6685411184264035,4.856422567159357,nan,1.3220064273994987,nan
500.15000000000003,186.94400024414062,-231.09825134277344,-70.04267120361328,187.3581780303868,-231.24770470039363,-70.04303734563813,0.44031770210123194,0.3333319439952613,0.061720795714738,3.582331573063414e-05,0.6450114004782844,4.839893559430694,0.4830568577836992,nan,nan
500.16,186.95262145996094,-231.10140991210938,-70.0433120727539,187.36700793292147,-231.25109412626225,-70.04437665472736,0.4405935159237008,0.33337768944753343,0.061743394142215254,3.511578024397757e-05,0.6720993501353372,4.517276711384509,nan,0.2634377986729066,nan
500.17,186.96124267578125,-231.10450744628906,-70.04393005371094,187.37584287812513,-231.25440684045506,-70.045097209372,0.4408679149215265,0.3334235210539253,0.06176605677933767,3.582001359294459e-05,0.6764617476005438,4.922160416890907,nan,nan,nan
500.18,186.96986389160156,-231.1075439453125,-70.04454040527344,187.38468265140986,-231.25764500679063,-70.04521760347029,0.4411410100445803,0.3334694388073541,0.06178878247144048,3.511303059184812e-05,0.6501323077611513,4.65924941016654,nan,0.2428952708812657,nan
500.19,186.9784698486328,-231.1105194091797,-70.0451431274414,187.39351883127202,-231.2608342386167,-70.04590929294713,0.4414303942277864,0.3335154430032856,0.061811572607446866,3.581758593123794e-05,0.6522323805360803,4.548526730811382,nan,nan,nan
500.2,186.98709106445312,-231.11343383789062,-70.04573059082031,187.38062424695227,-231.25027779706903,-70.04514732290365,0.4166473029949746,0.3334489544445618,0.06180391764737189,3.508998691499369e-05,0.6461326818500062,4.166201707880356,6.299794534219216,1.5958308812249962,nan
500.21000000000004,186.99571228027344,-231.1162872314453,-70.04630279541016,187.38943401855343,-231.25331680316003,-70.04580345038562,0.41688626754067154,0.3334947652838268,0.06182669562364375,3.5794001232526325e-05,0.6417641054046053,4.379585758462848,nan,nan,nan
500.22,187.00433349609375,-231.11907958984375,-70.04686737060547,187.39822586970456,-231.25634753264114,-70.04902498940909,0.4171310890205726,0.33354066219141454,0.06184953696931779,3.508880343355414e-05,0.765807531613337,4.412973401206061,nan,4.661058667190972,nan
500.23,187.01295471191406,-231.121826171875,-70.04741668701172,187.40703699534646,-231.25927295198684,-70.04968598074987,0.41736987573670853,0.33358664545963007,0.061872442868457486,3.579316376174227e-05,0.7754918738164693,4.438656781469749,nan,nan,nan
500.24,187.02157592773438,-231.12451171875,-70.04795837402344,187.41586123333946,-231.26211159531627,-70.04860463757743,0.4176063288597599,0.3336327150861165,0.061895412471296304,3.508835689349397e-05,0.6419504209917837,4.249201678683553,nan,2.108014312387029,nan
500.25,187.0301971435547,-231.1271514892578,-70.04849243164062,187.42776458906766,-231.2703696589461,-70.04921599864984,0.42257761584091486,0.33356624101786264,0.06188765894165773,3.577109868851088e-05,0.603647169372886,4.114376225809714,1.8178127903811276,nan,nan
500.26,187.038818359375,-231.12973022460938,-70.04901123046875,187.43656526905187,-231.27317461261546,-70.05126180954663,0.42282852518973474,0.33361211706360594,0.061910615675095974,3.5067481929511185e-05,0.7321275223906039,4.5907309860571495,nan,1.442653966208115,nan
500.27000000000004,187.04745483398438,-231.13226318359375,-70.04951477050781,187.44537682405144,-231.2759027920474,-70.05188004962199,0.42306009247024634,0.33365807938702435,0.06193363708078019,3.577168105358777e-05,0.7427426428283168,4.668677262443283,nan,nan,nan
500.28000000000003,187.0560760498047,-231.13473510742188,-70.05001831054688,187.45417800894867,-231.27860630823392,-70.05408183088134,0.42332092376220654,0.33370412798993027,0.0619567224822018,3.506836540396372e-05,1.0558828928841237,4.748666711561193,nan,1.7844702256099612,nan
500.29,187.064697265625,-231.13717651367188,-70.05050659179688,187.46299149891692,-231.2812333520134,-70.05469751592359,0.4235660902286581,0.33375026315839545,0.06197987280552013,3.5772931222220506e-05,1.0749041183758856,4.656368038490121,nan,nan,nan
500.3,187.0733184814453,-231.13955688476562,-70.05098724365234,187.5006373257941,-231.30083468998305,-70.05508668498948,0.45675894146759594,0.333683802620539,0.061972016527864306,3.5048756785422815e-05,1.089551332021332,5.418819193726783,10.681026973958067,0.0018392877977828727,nan
500.31,187.0819549560547,-231.1418914794922,-70.05145263671875,187.50949174005828,-231.30340247361985,-70.05568094516565,0.4570463668957057,0.33372974397747734,0.06199515316744491,3.575282149327566e-05,1.109280012964729,5.5650682235268425,nan,nan,nan
500.32,187.090576171875,-231.14430236816406,-70.05201721191406,187.51836345698626,-231.30594722104703,-70.05394508551157,0.4573125150955659,0.33377577153478755,0.06201835407989246,3.5050820434577234e-05,0.7149872701630582,4.933762342482549,nan,3.9648287816524643,nan
500.33,187.09921264648438,-231.1467742919922,-70.05267333984375,187.52721946520157,-231.30859959853564,-70.05465276476635,0.45758188865963423,0.333821885573534,0.06204162004641803,3.575526707771966e-05,0.7181100190473793,5.135748756290379,nan,nan,nan
500.34000000000003,187.1078338623047,-231.14932250976562,-70.05342102050781,187.53607343595718,-231.3113288846325,-70.05585806055362,0.45786585055424117,0.33386808610299695,0.06206495060657996,3.505343929229402e-05,0.7776755757004912,5.168682067068774,nan,0.11523550476075033,nan
500.35,187.11647033691406,-231.15194702148438,-70.05426025390625,187.53950548905507,-231.31086820402328,-70.05671783088027,0.4519078688085832,0.33380163839715526,0.06205698902814627,3.573629203682134e-05,0.7709139197486251,4.811736273470405,0.40385811982027464,nan,nan
500.36,187.12510681152344,-231.15463256835938,-70.05519104003906,187.54836295095734,-231.31371136396606,-70.0567264989308,0.4521660982583441,0.333847644882278,0.06208030514936763,3.503544587196189e-05,0.668772676194125,4.791919186766271,nan,0.6746426562219896,nan
500.37,187.13372802734375,-231.1573944091797,-70.05620574951172,187.5572143776973,-231.3166363786576,-70.05779381556188,0.4524391845682207,0.33389373776378245,0.06210368646341197,3.573979107614365e-05,0.6717763687267481,4.9260137300833815,nan,nan,nan
500.38,187.14236450195312,-231.16021728515625,-70.05731201171875,187.56606390136636,-231.31963377532415,-70.05930595678662,0.4527016392918452,0.3339399170566146,0.06212713262977911,3.5039049346135164e-05,0.7142833103617278,4.853804137017773,nan,0.08925332260869458,nan
500.39,187.1510009765625,-231.16310119628906,-70.0584945678711,187.57491628010155,-231.3226938406825,-70.06055365586903,0.4529660434982658,0.33398618303338223,0.06215064425088337,3.5743785936633184e-05,0.7190014328920764,5.454521235688545,nan,nan,nan
500.40000000000003,187.1596221923828,-231.1660614013672,-70.05977630615234,187.6101463150194,-231.33403611063665,-70.06279760663777,0.48082909259761125,0.3339197471691715,0.062142573553959586,3.502198718904357e-05,0.952451351346256,5.4997939298238006,7.207109872008769,0.5193224447539974,nan
500.41,187.1682586669922,-231.16908264160156,-70.0611343383789,187.61904818969663,-231.33723674125486,-70.06422761778201,0.48114089764618034,0.33396581886147286,0.062166069904410586,3.572624365899953e-05,0.9593272319845931,5.849045583200363,nan,nan,nan
500.42,187.17689514160156,-231.1721649169922,-70.06257629394531,187.6279536550637,-231.34049665810986,-70.06525834968387,0.4814525428921906,0.3340119768852505,0.06218963135348294,3.5026451862826026e-05,0.89654672548116,5.840005213458302,nan,0.16535446249774302,nan
500.43,187.18553161621094,-231.17532348632812,-70.06410217285156,187.63685620701366,-231.3438261176817,-70.06685260679112,0.4817619618890426,0.334058221506946,0.062213258405755215,3.573110863115567e-05,0.9026799388967321,5.558311087200368,nan,nan,nan
500.44,187.1941680908203,-231.17852783203125,-70.06571197509766,187.64575412219912,-231.3472268334813,-70.06927366228307,0.48208088786251857,0.3341045527506967,0.062236950866817194,3.503132239753087e-05,1.052731371255191,5.934252534944116,nan,0.38993354504762706,nan
500.45,187.20278930664062,-231.1818084716797,-70.06739807128906,187.64959377120357,-231.342728054678,-70.07094463313456,0.4749125391550023,0.33403812797513244,0.062228768197351125,3.571438684060222e-05,1.085995453927399,5.715967311962618,3.6463747641808464,nan,nan
500.46000000000004,187.21142578125,-231.18515014648438,-70.06916809082031,187.6584975021715,-231.34622274407081,-70.07290806908794,0.47521731110978005,0.33408426469302754,0.06225244459143418,3.501542314349261e-05,1.1329179815830108,5.469812502963822,nan,0.009757779341494232,nan
500.47,187.22006225585938,-231.1885528564453,-70.07101440429688,187.6674020383896,-231.3497772025495,-70.07483536591653,0.4755215773848931,0.3341304879220255,0.0622761867414221,3.572000642409413e-05,1.1418308345015646,5.590174999067845,nan,nan,nan
500.48,187.22869873046875,-231.19200134277344,-70.07291412353516,187.67629980120807,-231.35340180412976,-70.07789606340107,0.47583783705990734,0.3341767976927706,0.062299994531513976,3.502099724452008e-05,1.4413145819492312,6.308115653268634,nan,0.7991106850468934,nan
500.49,187.23733520507812,-231.19552612304688,-70.0748291015625,187.68520411377511,-231.35707622155655,-70.07993712429138,0.47614187549733306,0.3342231942619964,0.06232386834892267,3.5725982349915335e-05,1.4626241171215733,5.740927917612927,nan,nan,nan
500.5,187.2459716796875,-231.1990966796875,-70.07672119140625,187.67841896643742,-231.35484888176143,-70.08026210552535,0.45965415514389013,0.33415677956127454,0.06231557013901625,3.5005759176255106e-05,1.0430381293300472,5.665042175983203,2.756535305443324,2.347311274357647,nan
500.51,187.25460815429688,-231.20272827148438,-70.07859802246094,187.6872958295898,-231.3586321428589,-70.08226645082686,0.45993271119440826,0.33420298135567933,0.06233942703848413,3.5710271879246664e-05,1.0612221831068205,5.11912579154867,nan,nan,nan
500.52000000000004,187.2632293701172,-231.2064208984375,-70.08043670654297,187.6961681956124,-231.3624787241265,-70.08494080141125,0.46022859369070573,0.3342492696109488,0.062363349799164504,3.5011937636311815e-05,1.2634527739788093,5.617048663007155,nan,0.3435961301351648,nan
500.53000000000003,187.27186584472656,-231.21017456054688,-70.08224487304688,187.70504472023873,-231.36637668179065,-70.08689251522286,0.46050476810652013,0.33429564457710337,0.06238733874639573,3.571685673401756e-05,1.2883897471740742,5.296119808968669,nan,nan,nan
500.54,187.28050231933594,-231.21397399902344,-70.08401489257812,187.71392466560602,-231.37032678835337,-70.08823747402822,0.4607808103335154,0.3343421062947948,0.06241139385695295,3.501840242569369e-05,1.1922728294517653,5.503701881061286,nan,0.23192389666117927,nan
500.55,187.2891387939453,-231.21783447265625,-70.08575439453125,187.69933847051888,-231.35781310951242,-70.09000016144762,0.4334464441818396,0.3342757008631711,0.062402977060824,3.570171690311086e-05,1.2073334762164556,4.579596283292892,9.032948810952679,nan,nan
500.56,187.2977752685547,-231.22174072265625,-70.08746337890625,187.7081781716014,-231.3618492705372,-70.09334682549945,0.4336998535419188,0.3343219675562688,0.06242701441995898,3.500396724291968e-05,1.6905496616666633,5.020858414649355,nan,1.5958655100336134,nan
500.57,187.30641174316406,-231.2257080078125,-70.08912658691406,187.71702655453362,-231.36592953459615,-70.09517183525534,0.43393910277491776,0.3343683208719724,0.06245111812714419,3.570881901104149e-05,1.7244188512888587,5.4348694486384215,nan,nan,nan
500.58,187.31503295898438,-231.229736328125,-70.09076690673828,187.72587424993714,-231.370063959135,-70.0970372151714,0.43419088791043775,0.3344147608577223,0.06247528820673907,3.5010912965968686e-05,1.8235402107980483,5.019280062670704,nan,0.003752336429772094,nan
500.59000000000003,187.32366943359375,-231.2338104248047,-70.09236907958984,187.73472192455154,-231.37425109682135,-70.09879846795415,0.4344295912041822,0.3344612877534102,0.06249952491291318,3.5716167377402995e-05,1.857269139710212,5.280329036736314,nan,nan,nan
500.6,187.33230590820312,-231.23793029785156,-70.09394073486328,187.69723904314745,-231.3629353759794,-70.09981833783993,0.38579399782109997,0.3343948905589666,0.06249098612892934,3.499692711933034e-05,1.5349829713918488,4.371248975195529,20.99102620188554,0.257293557250424,nan
500.61,187.3409423828125,-231.2421112060547,-70.0954818725586,187.70600365894708,-231.36720744567498,-70.1015095655317,0.38594706577810023,0.33444122217273936,0.06251520421205967,3.570170807258213e-05,1.5647469183267033,4.20382490796431,nan,nan,nan
500.62,187.3495635986328,-231.246337890625,-70.09699249267578,187.71476541616,-231.3715329031448,-70.10360409896141,0.38612157673803577,0.33448764037440604,0.0625394888683188,3.500427602884969e-05,1.7951091163822097,4.495328005108017,nan,0.1325352259369269,nan
500.63,187.3582000732422,-231.25062561035156,-70.09847259521484,187.72352915810197,-231.3759069116346,-70.10524033291303,0.3862726329539851,0.3345341453970996,0.06256384031649914,3.57094614170418e-05,1.8282037843141499,4.360258758002154,nan,nan,nan
500.64,187.36683654785156,-231.2549591064453,-70.09992218017578,187.69595383558809,-231.3811386840639,-70.10503080161284,0.35251322373499283,0.3275905359285951,0.06258473657847873,3.501050634635503e-05,1.1326000103796026,3.7269535392335964,nan,2.2893040530541313,0.18901022110394916
500.65000000000003,187.37547302246094,-231.2593231201172,-70.10134887695312,187.7047551307323,-231.38329351954116,-70.10679755679098,0.3518878441676449,0.32751714705947954,0.06257618123094347,3.5694037557015936e-05,1.239071822288769,3.8878388907982377,2.8713622698096124,nan,nan
500.66,187.38409423828125,-231.26376342773438,-70.10273742675781,187.71345146185908,-231.38783660188145,-70.10901119417815,0.3520080871563473,0.32755850839484607,0.0626003675816704,3.499708832853544e-05,1.5316625548593952,4.1927387380444365,nan,0.32294037909264084,nan
500.67,187.39273071289062,-231.2682342529297,-70.1041030883789,187.7222084349068,-231.39242397157304,-70.11052818119511,0.35216464521496466,0.32759996621618886,0.06262461450384958,3.570216944588532e-05,1.5626767554209704,4.2002203486513245,nan,nan,nan
500.68,187.40135192871094,-231.2727508544922,-70.1054458618164,187.73100438925076,-231.3970567822707,-70.11157618243318,0.35236385917358287,0.3276414978410824,0.06264892204703533,3.500498275175951e-05,1.4794499176573654,3.978202463099345,nan,0.13828339895292155,nan
500.69,187.4099884033203,-231.27732849121094,-70.10675811767578,187.73976054125288,-231.40173931881668,-70.11303650364465,0.35251543953780917,0.3276831258632537,0.06267329044396257,3.571046281835923e-05,1.5092018061760049,3.921737487884763,nan,nan,nan
500.7,187.41860961914062,-231.2819366455078,-70.10803985595703,187.7567171655504,-231.41166937527316,-70.11579296119156,0.36222562685761744,0.327609882879754,0.06266462170581195,3.499185187309869e-05,2.125674850190996,5.081106261336222,0.8408963392351361,1.2720262302272343,nan
500.71000000000004,187.42724609375,-231.28660583496094,-70.10929870605469,187.76548116952958,-231.41645665110514,-70.11721586201828,0.3623905107746118,0.3276513386758469,0.06268896789842002,3.569685359818808e-05,2.1633230080867727,4.719719008841485,nan,nan,nan
500.72,187.4358673095703,-231.2913055419922,-70.11053466796875,187.7743826952292,-231.42128184537418,-70.11700818532339,0.36266846043677264,0.3276928689572403,0.06271337496501193,3.499999566118368e-05,1.6042380899715956,4.276988612888481,nan,1.821326021385269,nan
500.73,187.4445037841797,-231.29605102539062,-70.11174774169922,187.7831455051927,-231.4261596907489,-70.11836673778501,0.3628364523048174,0.3277344948210192,0.06273784311270773,3.570539644066058e-05,1.6333771886597503,4.1967098028034595,nan,nan,nan
500.74,187.453125,-231.3008575439453,-70.11293029785156,187.79205702605864,-231.4310744329776,-70.11793641286188,0.3631203900429707,0.32777619582603573,0.06276237242827513,3.5008262123626184e-05,1.1218929300068414,3.696426576758949,nan,2.200295565284818,nan
500.75,187.46176147460938,-231.30569458007812,-70.11409759521484,187.8183290036461,-231.45641121269844,-70.11938655277424,0.38714839426741465,0.3277031193798959,0.06275358766872924,3.569201888452694e-05,1.1729513594067607,4.216894065466483,25.242247461863272,nan,nan
500.76,187.4703826904297,-231.31057739257812,-70.115234375,187.8268543837813,-231.46148773730766,-70.12336570197905,0.38718486383869843,0.3277446483950628,0.06277809414297954,3.4995445023371296e-05,2.2787445101464106,5.542659897699249,nan,5.162876073137488,nan
500.77000000000004,187.47900390625,-231.3155059814453,-70.11634826660156,187.83560369476294,-231.46659686278457,-70.1246460439585,0.38737671161339954,0.32778627219406603,0.06280266192473556,3.5700757694160933e-05,2.31820780806098,5.489717271555297,nan,nan,nan
500.78000000000003,187.48764038085938,-231.32040405273438,-70.11744689941406,187.84446475333687,-231.47171148488968,-70.12452611129825,0.38764376308704945,0.3278279717882913,0.06282729111983197,3.500389233806059e-05,1.8214419638711534,4.857707907736133,nan,1.3420890997656196,nan
500.79,187.4962615966797,-231.3252410888672,-70.11851501464844,187.85321301639047,-231.4767902216995,-70.1257503590588,0.38785797130458227,0.327869766098613,0.06285198190771304,3.570959524889601e-05,1.8559283890601828,5.234371626548097,nan,nan,nan
500.8,187.5048828125,-231.33001708984375,-70.11956787109375,187.8705833515551,-231.48233807460787,-70.12778406643062,0.39623991789131124,0.3277968351938902,0.06284307835973162,3.499124324378419e-05,2.3418078572125247,5.230088003552289,2.624496091795539,0.4732984977753521,nan
500.81,187.5135040283203,-231.33468627929688,-70.12059783935547,187.8793551350861,-231.48726296292966,-70.1289762116063,0.39648060965411047,0.32783845701328945,0.06286774564289886,3.5696458475844046e-05,2.37904068865517,5.697791816624058,nan,nan,nan
500.82,187.52212524414062,-231.3392791748047,-70.1216049194336,187.8882303346936,-231.492097242444,-70.12882278839623,0.39678507627955223,0.32788015525873776,0.06289247457898615,3.499982733763076e-05,1.9010416856861743,5.0505600857055235,nan,1.2413736676339502,nan
500.83,187.53074645996094,-231.3437957763672,-70.12259674072266,187.8970012346551,-231.49684634345456,-70.12996264401184,0.3970154815662863,0.3279219474532285,0.06291726533390256,3.5705432199182006e-05,1.9321165782099694,4.658559998185003,nan,nan,nan
500.84000000000003,187.5393829345703,-231.34820556640625,-70.12356567382812,187.9057722121434,-231.5015067723586,-70.13107925300578,0.39723899146362046,0.32796381670210345,0.06294211803316982,3.500848295683702e-05,2.025106412196158,5.132397485223045,nan,1.2852125443516944e-05,nan
500.85,187.54800415039062,-231.3525390625,-70.12451171875,187.91792711776327,-231.50767631710457,-70.13194995621457,0.4012055544637997,0.32789104823404364,0.0629330929997654,3.569242237839182e-05,1.9701914204671225,4.984425081516754,2.5301722859619544,nan,nan
500.86,187.55662536621094,-231.35678100585938,-70.12545013427734,187.9267782111131,-231.5121630541735,-70.13202759249484,0.40149716373101735,0.3279327451815715,0.06295792152292576,3.499599629454381e-05,1.6563917884656394,4.353738863003119,nan,0.7086368189439264,nan
500.87,187.56524658203125,-231.36093139648438,-70.12635803222656,187.93555404233234,-231.5165665481814,-70.13307906645554,0.40174007504791986,0.32797453533552584,0.06298281208919944,3.5701493307887983e-05,1.6855475367406665,4.894377690313648,nan,nan,nan
500.88,187.57386779785156,-231.36500549316406,-70.12725067138672,187.94423879643648,-231.52088851378446,-70.13535034041949,0.4019201380236717,0.32801640313531605,0.0630077648330629,3.500474113210724e-05,2.29456363966906,5.253111877375176,nan,1.0806453207878521,nan
500.89,187.58248901367188,-231.36900329589844,-70.12812805175781,187.9530147417955,-231.52512649821725,-70.13637956684596,0.4021589946837841,0.328058364104871,0.06303277990741513,3.57106183723149e-05,2.3271953897593636,5.086348891324222,nan,nan,nan
500.90000000000003,187.5911102294922,-231.37290954589844,-70.12899017333984,187.9573019209347,-231.52068655352113,-70.13816705351621,0.39499191636439196,0.32798574042903805,0.06302363064001396,3.4992338441793416e-05,2.8345702175566094,5.496399303346993,5.8663878279234005,0.3860398523782608,nan
500.91,187.5997314453125,-231.3767547607422,-70.12982940673828,187.96609057520172,-231.52473979828284,-70.13917102138916,0.3952288566810101,0.3280275286095092,0.06304862084653286,3.5697717784015826e-05,2.872173999590573,5.427020395262746,nan,nan,nan
500.92,187.6083526611328,-231.38050842285156,-70.13066101074219,187.974767075422,-231.528717410697,-70.14175222540159,0.3954092084406652,0.3280693949980676,0.06307367345871316,3.500114095286011e-05,3.941854208520692,6.406054335356558,nan,1.7925645094621752,nan
500.93,187.61697387695312,-231.3842010498047,-70.1314697265625,187.983556374114,-231.53261759186523,-70.14274032593482,0.3956478530108751,0.3281113538548371,0.06309878862427754,3.570689980396405e-05,3.984459098086915,6.4055369442633845,nan,nan,nan
500.94,187.62559509277344,-231.38780212402344,-70.13225555419922,187.99247142619623,-231.53644219648274,-70.14189500944227,0.3959608999179624,0.3281533915128489,0.06312396648525696,3.500997948779506e-05,3.0807354393084445,5.976928406371637,nan,2.3325200441775507,nan
500.95,187.6342315673828,-231.39134216308594,-70.1330337524414,188.0024430080646,-231.5397784304337,-70.14280645724155,0.3971252903961248,0.32808092607019446,0.06311469025149286,3.569405413814758e-05,3.108581081847382,5.491810116875141,0.17476392733817958,nan,nan
500.96000000000004,187.64285278320312,-231.3948211669922,-70.13379669189453,188.01144897116203,-231.54345677525885,-70.14060177925914,0.3974946578718669,0.32812279107568676,0.06313984254077719,3.4997634983377325e-05,1.7558592906319015,4.018344557805523,nan,6.914774322526267,nan
500.97,187.65147399902344,-231.39820861816406,-70.1345443725586,188.02024408481913,-231.54706670074623,-70.14148049869597,0.39774139182839874,0.3281647478770647,0.06316505760395763,3.570326574392339e-05,1.7798117845107018,4.368466292353436,nan,nan,nan
500.98,187.66009521484375,-231.40155029296875,-70.1352767944336,188.02923317686225,-231.55060755476148,-70.13941015016228,0.39811805651828736,0.3282067839958247,0.06319033558520612,3.50065003511042e-05,0.9201418469663522,3.175420097772017,nan,6.080533029561537,nan
500.99,187.66871643066406,-231.40481567382812,-70.13599395751953,188.03802894842994,-231.55408173465423,-70.14023176362262,0.3983591993335688,0.3282489119108996,0.063215676629122,3.571250137387763e-05,0.9347363703759273,3.339625434948297,nan,nan,nan
501.0,187.67735290527344,-231.4080047607422,-70.1366958618164,188.03434704564577,-231.54944257396284,-70.14167874450268,0.3840238278918216,0.3281765900878447,0.06320627068402689,3.4994183663574506e-05,1.1264377316354937,3.428444025471438,2.1941485020390132,0.3725306457311755,nan
501.01,187.68597412109375,-231.41114807128906,-70.13738250732422,188.04313055199887,-231.552768637226,-70.14247902637935,0.38424351047175925,0.3282185448832009,0.06323158543631374,3.569967691968843e-05,1.144124673313539,3.2533692725546524,nan,nan,nan
501.02000000000004,187.69459533691406,-231.41421508789062,-70.1380615234375,188.05194151565638,-231.5560316735875,-70.1428378459054,0.38448803453004476,0.3282605794798094,0.0632569633247209,3.5003054150029225e-05,1.0678585488343637,3.1872218513270294,nan,0.129649508541607,nan
501.03000000000003,187.70323181152344,-231.417236328125,-70.13871765136719,188.06072592056864,-231.55923259310046,-70.14360823111285,0.38469324797721033,0.3283027052465024,0.06328240449412262,3.570891723685456e-05,1.085506735967908,3.2102133868560285,nan,nan,nan
501.04,187.71185302734375,-231.42018127441406,-70.13936614990234,188.0695732070004,-231.56237332771985,-70.14334833452827,0.3849651474501162,0.3283449113685405,0.06330790908832605,3.501193747663992e-05,0.8682327531637806,3.085259359115744,nan,0.7310246611589303,nan
501.05,187.72047424316406,-231.42308044433594,-70.13999938964844,188.04748264846972,-231.54532836250206,-70.14393298602096,0.3491339625658402,0.32827274352201247,0.06329837068679191,3.569610122011671e-05,0.8311056040533202,2.4189868477703023,12.589512002831977,nan,nan
501.06,187.72911071777344,-231.42591857910156,-70.140625,188.05614035241769,-231.54830444778193,-70.1462555163572,0.34922540787097267,0.3283147766051289,0.06332384825478299,3.499961158019851e-05,1.302638127112338,2.7530975903923833,nan,1.8104887555319282,nan
501.07,187.73773193359375,-231.42869567871094,-70.1412353515625,188.06489446958184,-231.55122483803643,-70.1469811409862,0.3494019661296644,0.3283569002633836,0.06334938931924015,3.5705327800652105e-05,1.3207239056778586,2.9162777479459145,nan,nan,nan
501.08,187.74636840820312,-231.43142700195312,-70.14183044433594,188.07379538193655,-231.55409192487102,-70.14519244409031,0.34966614003221536,0.3283991047120164,0.06337499402184643,3.500848209944582e-05,0.7182373684300823,2.261205902525699,nan,4.421254312275956,nan
501.09000000000003,187.75498962402344,-231.43409729003906,-70.14241790771484,188.08255070348915,-231.5569012838237,-70.1458707050948,0.3498413976074633,0.3284413997759186,0.06340066251054795,3.571455952059642e-05,0.7285034592529311,2.2574338519563315,nan,nan,nan
501.1,187.7636260986328,-231.43670654296875,-70.14299774169922,188.07824443013973,-231.55403666768908,-70.14791488099954,0.33582023605790146,0.32836937395226873,0.06339098890340374,3.49961492951539e-05,1.0603657984014414,2.419770113061274,1.538192657371993,1.3708474809102584,nan
501.11,187.7722625732422,-231.43927001953125,-70.1435546875,188.0869795542534,-231.5567299848292,-70.14858548744223,0.3359597156396241,0.32841149553423304,0.06341662961810453,3.5701710184743346e-05,1.0775917692405264,2.6852866685538426,nan,nan,nan
501.12,187.7808837890625,-231.44178771972656,-70.14411163330078,188.09573820257157,-231.55937217544076,-70.14883305207846,0.3361275021878102,0.32845369830864596,0.06344233418013664,3.5004992746659285e-05,1.0048568587779023,2.2515153526743936,nan,0.1202622098710871,nan
501.13,187.78952026367188,-231.44424438476562,-70.1446533203125,188.10447476792186,-231.56196302727184,-70.14947937279045,0.3362696973017032,0.3284959911508633,0.06346810274095396,3.571091492003406e-05,1.0194405499792847,2.4855073127872362,nan,nan,nan
501.14,187.79815673828125,-231.4466552734375,-70.14517974853516,188.1132099974688,-231.56450420199604,-70.15015746346674,0.33641002323509145,0.3285383656996355,0.06349393543716965,3.5013835225933905e-05,1.0741336221192799,2.6306197608447377,nan,0.0012184537972059384,nan
501.15000000000003,187.80679321289062,-231.4490203857422,-70.14569854736328,188.10006299049414,-231.55875539569485,-70.15082013085153,0.3131695475015903,0.3284664895744785,0.0634841238828285,3.569804682508538e-05,1.0521358863669774,2.369956371522512,4.873089609976582,nan,nan
501.16,187.8154296875,-231.4513397216797,-70.14620971679688,188.10874889100532,-231.5611876261342,-70.15169714187081,0.31326159849554597,0.32850869066643257,0.0635099280413341,3.500145367323004e-05,1.1769076985783065,2.3944718475763738,nan,0.0471149264055152,nan
501.17,187.82406616210938,-231.45361328125,-70.1467056274414,188.11744904793144,-231.56357371012848,-70.15230906451393,0.3133627484552853,0.3285509813099321,0.0635357964081139,3.570721280716169e-05,1.195216551617223,2.5488684234020584,nan,nan,nan
501.18,187.83270263671875,-231.45584106445312,-70.1471939086914,188.1260467349322,-231.56590954189062,-70.15492814495397,0.31340971282434293,0.32859335401360656,0.06356172911530868,3.501026077628627e-05,2.023771566832899,3.304637320928406,nan,2.8687775653003795,nan
501.19,187.84133911132812,-231.45802307128906,-70.14767456054688,188.1347484366568,-231.5682049002644,-70.15554241959725,0.3135139085147723,0.3286358163486115,0.06358772632086265,3.571637342603184e-05,2.04765483094796,3.2773571977660882,nan,nan,nan
501.2,187.8499755859375,-231.4601593017578,-70.14814758300781,188.14421616628803,-231.5700470444453,-70.15612917381804,0.31419188549329075,0.32856408023886496,0.06357777406348247,3.499785346701439e-05,2.140824220411853,3.31162286216634,0.20155164192694736,0.0009029361382323187,nan
501.21000000000004,187.85861206054688,-231.46226501464844,-70.14860534667969,188.15292271713489,-231.572253736126,-70.15672556229559,0.31429638772213125,0.3286063686990551,0.06360374195623178,3.570344231567927e-05,2.1667404405573376,3.3636839483345295,nan,nan,nan
501.22,187.86724853515625,-231.46432495117188,-70.14905548095703,188.16159428084035,-231.57441636553156,-70.15805531951729,0.3143891451881796,0.32864873954117024,0.06362977439057414,3.500661636543238e-05,2.633039572959718,3.811536416664966,nan,0.3883723440494042,nan
501.23,187.87588500976562,-231.46644592285156,-70.14959716796875,188.17030247622063,-231.57659794327628,-70.1586941238458,0.31448031220357714,0.3286911995444652,0.0636558715295529,3.5712559432761576e-05,2.6361837173059457,4.034756335268128,nan,nan,nan
501.24,187.88453674316406,-231.46865844726562,-70.15023803710938,188.1789324983879,-231.57885040652596,-70.16110321049412,0.31453009485917527,0.3287337424051061,0.06368203349791314,3.50153713353816e-05,3.6900903281477753,4.7429947234941885,nan,1.9818564463923833,nan
501.25,187.89317321777344,-231.47093200683594,-70.15097045898438,188.18758238906292,-231.5752900642991,-70.16194185840735,0.3125503733834725,0.3286621517120311,0.06367193781084622,3.569959635876344e-05,3.739976030811527,4.830726304316758,3.6182467181898565,nan,nan
501.26,187.9018096923828,-231.47328186035156,-70.15178680419922,188.19631627458065,-231.57767702891493,-70.162687659399,0.3126520539214713,0.32870452066949984,0.06369806967503573,3.500289596895292e-05,3.762744489211549,5.002400232230952,nan,0.025269613704997557,nan
501.27000000000004,187.91046142578125,-231.4757080078125,-70.15269470214844,188.20504205276484,-231.58013599065004,-70.16371200343494,0.3127368387657555,0.32874697834756716,0.06372426644669772,3.5708662945574695e-05,3.7668084627593377,4.91290806705177,nan,nan,nan
501.28000000000003,187.91909790039062,-231.47821044921875,-70.15369415283203,188.21379503730742,-231.58266856003507,-70.16422423745955,0.3128398665524179,0.32878951915892424,0.06375052824514928,3.5011605283887865e-05,3.5344585092307823,4.567888094627552,nan,0.25619645050608825,nan
501.29,187.927734375,-231.48077392578125,-70.15478515625,188.222521918715,-231.58527032226763,-70.16542218286997,0.3129414308516369,0.32883214880832484,0.06377685524132434,3.5717719662423794e-05,3.534955953630757,4.540025441601664,nan,nan,nan
501.3,187.93638610839844,-231.48341369628906,-70.15595245361328,188.24667890051342,-231.5922760080209,-70.16650900811446,0.32900465133040746,0.3287606957361109,0.06376661336349718,3.499909656390654e-05,3.6023829566495325,4.902324669423804,3.106052298062354,0.022222795547128284,nan
501.31,187.9450225830078,-231.48611450195312,-70.15721130371094,188.25543812033143,-231.59502111094972,-70.16787990425055,0.329138685560544,0.32880315108811825,0.06379290945381089,3.570468149817922e-05,3.6058644462792855,4.833152202080349,nan,nan,nan
501.32,187.95367431640625,-231.4888916015625,-70.15855407714844,188.2642047910688,-231.59783520064192,-70.16916449276667,0.3292574439464087,0.32884568981982354,0.06381927076472163,3.500775516508188e-05,3.6337456914339406,4.7747469640807925,nan,0.0210072605158747,nan
501.33,187.9623260498047,-231.49172973632812,-70.15998077392578,188.2729645488091,-231.60071643989397,-70.17070503905428,0.3293772737764692,0.32888831699178916,0.0638456974726866,3.571368884226724e-05,3.637907753518366,4.824813694748094,nan,nan,nan
501.34000000000003,187.97096252441406,-231.49462890625,-70.16149139404297,188.28175575625264,-231.60366713497353,-70.17155601505861,0.3295194453685847,0.32893102798304114,0.06387218968899433,3.501640366254014e-05,3.3101671657349456,4.533049530884844,nan,0.4223316379923971,nan
501.35,187.9796142578125,-231.4976043701172,-70.1630859375,188.29246344803997,-231.61180603206893,-70.17322365931189,0.33319575150661307,0.3288597160488642,0.06386179891653859,3.570061516547963e-05,3.2587127804256673,4.3575444505990255,1.802658936576189,nan,nan
501.36,187.98825073242188,-231.50064086914062,-70.16475677490234,188.30127285672287,-231.61490558709377,-70.17355819861857,0.3333417782550749,0.32890225266453127,0.06388825940932842,3.500382155851017e-05,2.592797621012687,3.8604084068530264,nan,1.4780375940572694,nan
501.37,187.9969024658203,-231.5037384033203,-70.16650390625,188.31002587802658,-231.6180646723849,-70.17540646195619,0.3334606761943952,0.32894487734956546,0.06391478549490791,3.570956930000446e-05,2.598884325726454,3.981384507266994,nan,nan,nan
501.38,188.0055389404297,-231.5069122314453,-70.1683349609375,188.31873945820655,-231.62128383877467,-70.1783832758609,0.3335811708289249,0.3289875860586271,0.063941377279147,3.50124225167922e-05,3.263108387589062,4.408373788453943,nan,0.7751405510408385,nan
501.39,188.01419067382812,-231.5101318359375,-70.17022705078125,188.32749269383268,-231.62457009900453,-70.18039213636638,0.3337028629749632,0.3290303829888615,0.06396803494639386,3.571851311773619e-05,3.2718270875551045,4.488254150525364,nan,nan,nan
501.40000000000003,188.02284240722656,-231.513427734375,-70.17212677001953,188.3606982735911,-231.64180461981698,-70.18211506593764,0.3615618580659071,0.3289592059245476,0.06395749251717091,3.4999806990697175e-05,3.25115507442232,4.661800384198572,5.690392166093094,0.08995375507785751,nan
501.41,188.03147888183594,-231.51678466796875,-70.17401123046875,188.36948357325747,-231.64524297407058,-70.18415540852611,0.36173417336212027,0.32900182810608836,0.06398411763345525,3.570536408434066e-05,3.2826599364210653,4.763145186915082,nan,nan,nan
501.42,188.04013061523438,-231.5201873779297,-70.17587280273438,188.37817192035567,-231.64873142655395,-70.18891525188673,0.3618916991099913,0.32904453448996823,0.06401080863528265,3.500835779956273e-05,5.259374276325938,6.78493512935553,nan,5.291400582094001,nan
501.43,188.04876708984375,-231.52366638183594,-70.17769622802734,188.38695694853268,-231.6522911739996,-70.19093719095322,0.3620663485859901,0.32908732876239344,0.06403756571216435,3.5714259692942684e-05,5.309368533470473,6.859898546446415,nan,nan,nan
501.44,188.0574188232422,-231.52719116210938,-70.17949676513672,188.3957278389158,-231.65590889431115,-70.19333881691382,0.3622331391060454,0.3291302076447344,0.06406438896244812,3.501689945545091e-05,5.87180174560522,7.243805813748882,nan,0.11898064750157053,nan
501.45,188.06607055664062,-231.53077697753906,-70.18125915527344,188.40512194225755,-231.6587821722084,-70.19527840030099,0.3626812804408753,0.3290591674426079,0.06405369220066294,3.5701077821649104e-05,5.913833700448725,7.322113855882542,0.13849227613315937,nan,nan
501.46000000000004,188.07470703125,-231.53443908691406,-70.1829833984375,188.41388587737953,-231.6625126916392,-70.19794120412901,0.3628620589702813,0.3291018714527427,0.06408048205732061,3.500421424929536e-05,6.800375283105237,8.125140821958723,nan,0.38035499142131846,nan
501.47,188.08335876464844,-231.5381317138672,-70.18467712402344,188.42267380542074,-231.66630399829077,-70.19984401148636,0.3630328716025377,0.32914466304240003,0.06410733817739808,3.5709923366788324e-05,6.850157371602461,8.309454121124984,nan,nan,nan
501.48,188.0919952392578,-231.54190063476562,-70.18633270263672,188.4314737898424,-231.67015379859285,-70.201333314681,0.36320734945815414,0.32918753938361045,0.0641342606544583,3.501271180964905e-05,6.835101047774384,8.198711929841988,nan,0.10233152274798753,nan
501.49,188.10064697265625,-231.54571533203125,-70.18795776367188,188.4402617662308,-231.67405801679254,-70.2031675234394,0.3633749985051392,0.32923050348644706,0.06416124968499662,3.571876069100803e-05,6.884743781852838,8.224777528774778,nan,nan,nan
501.5,188.10928344726562,-231.54959106445312,-70.1895523071289,188.44586133245141,-231.6835473393086,-70.20291988984383,0.36250192914926027,0.3291595950814641,0.06415039583338414,3.4999997745893157e-05,5.469094895526031,6.741446052184726,5.468927091682375,2.570974676439041,nan
501.51,188.11793518066406,-231.5535125732422,-70.19111633300781,188.4546272686678,-231.68758110240572,-70.20466932434412,0.36265633347639925,0.3292023839565818,0.0641773506180443,3.57055104802505e-05,5.507863842806585,6.814740574532135,nan,nan,nan
501.52000000000004,188.12657165527344,-231.5574951171875,-70.1926498413086,188.4634054878092,-231.6916709076596,-70.20595905512965,0.36281856162838344,0.32924525770195295,0.06420437193994671,3.500845003597116e-05,5.423187663784575,6.628578062175876,nan,0.12991631002092732,nan
501.53000000000003,188.13522338867188,-231.5615234375,-70.19414520263672,188.47217070078275,-231.69581237578967,-70.20764363606537,0.36297275075512414,0.3292882189330286,0.06423145999990694,3.571430500083872e-05,5.4650769887686454,6.8760132581768625,nan,nan,nan
501.54,188.14385986328125,-231.56561279296875,-70.19561767578125,188.4808704532517,-231.6999964714111,-70.21159036763662,0.3631669556402885,0.32933126541423186,0.06425861488517508,3.501689597620256e-05,7.649035112725295,8.811642112403739,nan,3.704360924384922,nan
501.55,188.15249633789062,-231.5697479248047,-70.19705963134766,188.48220276095847,-231.7065463417862,-70.21331001546922,0.3573292701206304,0.32926048959337684,0.06424760129958225,3.570102823032791e-05,7.730540411143577,9.00115144184613,3.7216894882284306,nan,nan
501.56,188.16114807128906,-231.57394409179688,-70.19847106933594,188.49092647159438,-231.7108536882816,-70.21549575240148,0.3574742938324684,0.32930336068294797,0.06427472107252032,3.500412118355329e-05,8.61385958256841,9.759373816457343,nan,0.2237675209506299,nan
501.57,188.16978454589844,-231.57818603515625,-70.19985961914062,188.49966518735437,-231.7152146266624,-70.21709681930575,0.35762437496214916,0.32934631900236555,0.06430190776438238,3.570977916614121e-05,8.654171027502896,9.765594244543328,nan,nan,nan
501.58,188.1784210205078,-231.5824737548828,-70.20121002197266,188.50839097490746,-231.71962389470593,-70.21914505070387,0.35778764220637094,0.32938936265927043,0.06432916145862681,3.5012529472620054e-05,9.520908994940042,10.844564694340892,nan,0.1586030450576601,nan
501.59000000000003,188.18707275390625,-231.58680725097656,-70.20254516601562,188.5171287939847,-231.7240852075572,-70.22069740916939,0.3579269910006028,0.329432493754034,0.06435648236162263,3.571852537429869e-05,9.55876383241601,10.714367954744578,nan,nan,nan
501.6,188.19570922851562,-231.59120178222656,-70.20384216308594,188.5229008268512,-231.71797313570107,-70.2211245066963,0.3513175166196849,0.3293618463723665,0.06434530629661481,3.4999732852396886e-05,8.892120163455349,9.89103259524871,7.173114196058415,0.8183242561207327,nan
501.61,188.204345703125,-231.59564208984375,-70.20512390136719,188.53165432503152,-231.72250159381042,-70.222614778465,0.3514686308942364,0.3294048017336712,0.06437259121124779,3.570519117422325e-05,8.926453341271785,9.773016806436477,nan,nan,nan
501.62,188.21298217773438,-231.60012817382812,-70.20637512207031,188.54044899675438,-231.72708638811258,-70.22236463029832,0.35158010482214574,0.32944784250046505,0.06439994330208745,3.500810300515633e-05,7.66105641100119,8.580097480544909,nan,2.0778491611971366,nan
501.63,188.22161865234375,-231.6046600341797,-70.20760345458984,188.5492018882015,-231.7317105653244,-70.2237889617528,0.35173084101527635,0.3294909704770247,0.06442736277872826,3.571390214952488e-05,7.693142541986778,8.58630363633366,nan,nan,nan
501.64,188.2302703857422,-231.60923767089844,-70.20880126953125,188.55798152309737,-231.73638756011525,-70.22402553451113,0.351842950929318,0.32953418421567054,0.06445484971989394,3.5016470521938264e-05,6.976773414829025,7.930035244297697,nan,0.955660320159234,nan
501.65000000000003,188.23890686035156,-231.61386108398438,-70.2099838256836,188.5573332529094,-231.74682052185224,-70.22538363070458,0.3454138584223482,0.32946366513052966,0.0644435085654408,3.5700549351675776e-05,6.952607765410248,7.8837530954083,9.347829033487386,nan,nan
501.66,188.24754333496094,-231.6185302734375,-70.21113586425781,188.56165507752792,-231.75406428299513,-70.22619368345286,0.34243596844394564,0.3280692119652433,0.06402297355309604,3.5001809848889425e-05,6.780620365815439,7.674293247441075,nan,0.1966102047194719,0.013494433957555365
501.67,188.2561798095703,-231.6231689453125,-70.21226501464844,188.57036584542823,-231.75885846432996,-70.22750893155326,0.34257391567645984,0.3281102548007623,0.06404800122304274,3.57073689615595e-05,6.81064348345859,7.726970457596485,nan,nan,nan
501.68,188.2648162841797,-231.62774658203125,-70.21337890625,188.57901954601147,-231.76362661376226,-70.22964903762401,0.34271240121109703,0.3281513762789278,0.06407308906551008,3.501020970045819e-05,7.864073678864556,8.713526984466446,nan,0.5057397402862424,nan
501.69,188.27345275878906,-231.6322479248047,-70.21446228027344,188.58772899494423,-231.76831038472284,-70.23092985746098,0.3428610895235324,0.32819258912628374,0.06409823841371634,3.571610804778486e-05,7.895729892664124,8.83997304550645,nan,nan,nan
501.7,188.28208923339844,-231.6366729736328,-70.21553039550781,188.60312559063954,-231.78027607672223,-70.23025174504346,0.35199845457003787,0.3281162695544406,0.06408870212255642,3.4997412152550855e-05,6.5154134403516135,7.461461563582701,5.215458900369967,2.0956453828101913,nan
501.71000000000004,188.2907257080078,-231.64100646972656,-70.21656799316406,188.61182956052795,-231.78481886714422,-70.2314698728185,0.35215302891147443,0.3281573112585055,0.06411382501653574,3.57027745677285e-05,6.5434269177994775,7.673096791059665,nan,nan,nan
501.72,188.29934692382812,-231.64524841308594,-70.21759796142578,188.62050171473766,-231.78928732635964,-70.23316689301228,0.35232087632151415,0.3281984321480278,0.06413900836915543,3.500578018194812e-05,7.248516131142075,8.353182218445683,nan,0.17580742755565176,nan
501.73,188.3079833984375,-231.64942932128906,-70.21859741210938,188.6292052161859,-231.79366178487385,-70.2343502854494,0.35246930755428224,0.32823964373297276,0.06416425341915882,3.571148493344799e-05,7.273556950120759,8.132688250624875,nan,nan,nan
501.74,188.31661987304688,-231.65350341796875,-70.2195816040039,188.63794856795488,-231.79794045194268,-70.23486296615047,0.3526297023557742,0.3282809350859726,0.06418955923634959,3.5014148649239436e-05,6.994660425522125,8.142303900305278,nan,0.2995843017417689,nan
501.75,188.32525634765625,-231.6575164794922,-70.22054290771484,188.6447826397257,-231.8022618764906,-70.23589973998114,0.3511183754421429,0.3282048184230493,0.06417990150389283,3.569813916769378e-05,6.931937330815235,7.813465727686093,0.6737590590263669,nan,nan
501.76,188.33389282226562,-231.66143798828125,-70.22148895263672,188.65366683740857,-231.8063333672121,-70.23389358616414,0.35128900712817474,0.3282459388121478,0.0642051802470247,3.500131090361594e-05,4.722613834887102,5.733407208671239,nan,6.894278031970108,nan
501.77000000000004,188.342529296875,-231.665283203125,-70.222412109375,188.66236315759008,-231.81038474973118,-70.2349629760163,0.35143375128303633,0.32828714926240504,0.0642305208774385,3.570682014360758e-05,4.738660809889535,5.741633535637217,nan,nan,nan
501.78000000000003,188.35116577148438,-231.66905212402344,-70.22332000732422,188.67114282526285,-231.81433258430425,-70.23458898341879,0.35159453480732245,0.3283284399621407,0.06425592255488882,3.50096553520482e-05,3.955055949713898,4.929695369417077,nan,1.4344899929311827,nan
501.79,188.3597869873047,-231.67276000976562,-70.22420501708984,188.67983933018323,-231.81823076884206,-70.23560905725695,0.35174606758348964,0.32836982073904647,0.0642813863899017,3.5715503439256286e-05,3.9697814227579595,4.767966710704909,nan,nan,nan
501.8,188.36842346191406,-231.67637634277344,-70.22508239746094,188.66368530688638,-231.81066858118172,-70.23676135588794,0.32457720262381556,0.32829389512807633,0.06427160353761387,3.499680932699342e-05,4.177305978664225,5.003452496053514,6.052985493452934,0.053327693601974084,nan
501.81,188.37705993652344,-231.67991638183594,-70.2259292602539,188.67234285897896,-231.81439882814536,-70.23774851478495,0.3246801925540156,0.3283351045620979,0.06429703961164634,3.5702121383610606e-05,4.193278826804727,5.124811864674859,nan,nan,nan
501.82,188.3856964111328,-231.6833953857422,-70.22676849365234,188.68095750702932,-231.81807131759533,-70.23949938315488,0.3247749942930383,0.3283763946870499,0.06432253700679601,3.500512905125088e-05,4.911144501479387,5.655605399362988,nan,0.42948611633280864,nan
501.83,188.3943328857422,-231.6868133544922,-70.22759246826172,188.68961546312033,-231.8216601195549,-70.24046218295092,0.32487086681809746,0.3284177743136229,0.0643480967485465,3.571078331685296e-05,4.919751211037902,5.558030172219756,nan,nan,nan
501.84000000000003,188.40296936035156,-231.69015502929688,-70.2283935546875,188.6983565038191,-231.82515362381434,-70.23986853039062,0.3249767070345047,0.32845923516363384,0.06437371811822219,3.501345271352702e-05,4.042983667984824,4.794439711448682,nan,1.6756381644465843,nan
501.85,188.41160583496094,-231.69342041015625,-70.22917938232422,188.72097028323827,-231.83674365983617,-70.24080967097996,0.3411497902255984,0.3283835084047737,0.06436380841607624,3.569739622653065e-05,4.1082052428187055,5.122647310728574,1.907908446451333,nan,nan
501.86,188.4202423095703,-231.69664001464844,-70.22994995117188,188.72962113057673,-231.84015513623285,-70.24217837720268,0.34126438345350646,0.3284247980252713,0.06438940137111729,3.500057694476063e-05,4.592182808230693,5.332460004209433,nan,0.1532694054841052,nan
501.87,188.42886352539062,-231.6997833251953,-70.23070526123047,188.73829666579488,-231.84349417585486,-70.24307145594967,0.34140093694886214,0.3284661766092501,0.06441505686033931,3.570603594158379e-05,4.603543434167562,5.476378603685081,nan,nan,nan
501.88,188.4375,-231.70286560058594,-70.23145294189453,188.74690393065336,-231.8467922538729,-70.24530517379728,0.3415224123814189,0.3285076368001602,0.06444077424487171,3.500888342551078e-05,5.802613955771327,6.655982849675041,nan,1.2953141042839875,nan
501.89,188.44613647460938,-231.7058868408203,-70.232177734375,188.75558010425144,-231.8500060325841,-70.24618390182252,0.3416458313623477,0.32854918601927563,0.06446655443574507,3.5714681477234e-05,5.815253784228745,6.673668640814719,nan,nan,nan
501.90000000000003,188.45477294921875,-231.70884704589844,-70.2328872680664,188.77010925480042,-231.85836690558102,-70.24563022254105,0.3492213580898755,0.32847364866938217,0.0644565143996395,3.499600602663338e-05,4.992264476804727,5.973240230834593,1.0628728740426072,1.4451732907279726,nan
501.91,188.46340942382812,-231.7117462158203,-70.23358917236328,188.77878706706656,-231.86147315932087,-70.24646798375075,0.3493523711775853,0.3285150263094626,0.06448226546214635,3.570126849133676e-05,4.9992918276834075,5.986961302204303,nan,nan,nan
501.92,188.47206115722656,-231.714599609375,-70.23426818847656,188.78757487192442,-231.8644851050728,-70.2449938386846,0.34947046449649743,0.3285564859029003,0.0645080786814163,3.500429434400917e-05,3.6409770041822975,4.5135402154689315,nan,3.730720482798551,nan
501.93,188.48069763183594,-231.71737670898438,-70.23493957519531,188.7962533246857,-231.86747589051714,-70.24578292894412,0.34960368691879934,0.3285980340409004,0.06453395489409221,3.5709899411254736e-05,3.64838488040168,4.746052607786999,nan,nan,nan
501.94,188.4893341064453,-231.72010803222656,-70.235595703125,188.80492423158913,-231.8704133599472,-70.24673431434177,0.34973259397622164,0.3286396646184559,0.06455989356825154,3.5012589775173634e-05,3.900516486953747,4.84996569452639,nan,0.021560783058418558,nan
501.95,188.4979705810547,-231.72279357910156,-70.23624420166016,188.80014421742123,-231.86194819229692,-70.2476030031476,0.33286924649141625,0.32856432202830577,0.06454972126507386,3.5696487876151125e-05,3.913773691931691,4.525284293158042,4.946905006780401,nan,nan
501.96000000000004,188.50660705566406,-231.7254180908203,-70.23686981201172,188.80879440117627,-231.86475431077596,-70.24890809519803,0.3329815223722165,0.3286057810784085,0.06457563012427002,3.499969200179637e-05,4.440629618210623,5.163461565517099,nan,0.21275761510876395,nan
501.97,188.51524353027344,-231.7279815673828,-70.23749542236328,188.81746959956027,-231.86749915996805,-70.24965798541238,0.33309710826915306,0.32864732822352116,0.06460160216260695,3.5705102961989864e-05,4.443775898253737,5.242144974616181,nan,nan,nan
501.98,188.52389526367188,-231.73049926757812,-70.23809814453125,188.82624571067296,-231.87015839873354,-70.24807774059191,0.3331967257557866,0.32868895810184123,0.06462763691700556,3.5007976295054666e-05,3.1462700223081095,3.9133218466272464,nan,3.794351231470259,nan
501.99,188.53253173828125,-231.73297119140625,-70.23869323730469,188.83492183388512,-231.8728002780675,-70.24878171455218,0.3333072467994205,0.328730676184303,0.06465373512485426,3.571372693459827e-05,3.1519074788996755,3.8136048486304386,nan,nan,nan
502.0,188.54116821289062,-231.7353973388672,-70.23927307128906,188.8010869220128,-231.85623746482588,-70.24883481484049,0.2867952202063115,0.3286555208663096,0.06464342724559623,3.4995082635222476e-05,2.8385564914504613,3.334636371450185,15.926784698903266,0.2931714561764651,nan
502.01,188.54981994628906,-231.73777770996094,-70.2398452758789,188.80969633744851,-231.85874745643486,-70.24951066798586,0.28681498923279003,0.32869706709796065,0.0646694948990332,3.57002984978786e-05,2.8432572040267967,3.3687687670956854,nan,nan,nan
502.02000000000004,188.55845642089844,-231.74009704589844,-70.24040222167969,188.81823147189183,-231.8612348466725,-70.25201883953612,0.28686650153933657,0.32873869632322206,0.06469562551716436,3.500335441063781e-05,4.082249932188805,4.682677806735987,nan,2.3978673054421145,nan
502.03000000000003,188.56710815429688,-231.74237060546875,-70.24095153808594,188.8268418444139,-231.86365034058994,-70.25269198080241,0.28689406046144467,0.3287804133519106,0.06472181977408958,3.5708913621812025e-05,4.0876263621579625,4.743783224417571,nan,nan,nan
502.04,188.57574462890625,-231.74461364746094,-70.24149322509766,188.83539314301106,-231.86604032909622,-70.25487581591753,0.28695101259072947,0.3288222138190142,0.06474807729817704,3.5011635992137705e-05,5.343330469777831,5.769259820761088,nan,1.6321787654699114,nan
502.05,188.5843963623047,-231.74679565429688,-70.24201965332031,188.86906756853566,-231.88303671868744,-70.25559849149761,0.3158855934187443,0.32874724913046977,0.0647376317383362,3.5695492056719266e-05,5.458374576339667,6.2587096087422625,6.137604232683381,nan,nan
502.06,188.59303283691406,-231.7489471435547,-70.2425308227539,188.8777262746761,-231.88534218319396,-70.25582216392392,0.31595983936737626,0.3287888777418408,0.06476385798955912,3.499872980458544e-05,5.341338364995335,5.932653294621383,nan,0.1341863230161894,nan
502.07,188.6016845703125,-231.75103759765625,-70.24303436279297,188.8863690378464,-231.88761004324496,-70.25646791522203,0.3160343957230134,0.3288305937859718,0.06479014806358722,3.570409666699558e-05,5.349063400545098,6.205745595781275,nan,nan,nan
502.08,188.61032104492188,-231.75311279296875,-70.2435302734375,188.89504929650627,-231.8898228724058,-70.25610010492703,0.3160978072269212,0.3288723934823489,0.06481650164655867,3.500700525310317e-05,4.808931717572864,5.284585624219958,nan,0.7118956000284347,nan
502.09000000000003,188.6189727783203,-231.755126953125,-70.2440185546875,188.90369359911443,-231.89200671768117,-70.25671752591757,0.31616970064971817,0.32891428075982443,0.0648429193288942,3.5712712683581325e-05,4.8120732300322295,5.561402321191318,nan,nan,nan
502.1,188.62762451171875,-231.75711059570312,-70.24449157714844,188.90921685053794,-231.89708869986697,-70.25548296466292,0.3146568377239907,0.3288395007547204,0.06483233293371556,3.499410782972148e-05,3.7795798030684344,4.524012853935348,2.5347049006626565,2.4473226129597396,nan
502.11,188.6362762451172,-231.75904846191406,-70.24496459960938,188.91784450431896,-231.89920344688602,-70.25606477068976,0.31471783902477185,0.328881215874957,0.06485871857896883,3.5699281512600616e-05,3.7800097389557727,4.606909460882427,nan,nan,nan
502.12,188.64491271972656,-231.7609405517578,-70.24542236328125,188.92647267792248,-231.9012791114882,-70.25663826316183,0.3147963116312157,0.3289230164688268,0.06488516816653454,3.641875641018943e-05,3.784075130217961,4.6213817355764,nan,nan,nan
502.13,188.653564453125,-231.76280212402344,-70.24586486816406,188.93510146103776,-231.90331658743023,-70.25720341275365,0.3148586410508332,0.3289649026808301,0.06491168184091288,3.715267702268792e-05,3.7915975339962937,4.599289062886482,nan,nan,nan
502.14,188.66221618652344,-231.76475524902344,-70.24640655517578,188.94373386458093,-231.9053729425287,-70.25771726480427,0.3148864413370647,0.3290068730137328,0.06493825954507156,3.636957656856187e-05,3.8494156123136065,4.471498860541888,nan,0.005846203530695623,nan
502.15000000000003,188.67086791992188,-231.7667694091797,-70.24703979492188,188.9329571694214,-231.90001216843265,-70.25820932082935,0.29422638546800245,0.3289322794671376,0.06492753006973327,3.70783990953706e-05,3.673812933123117,4.515610990404676,5.59886946607967,nan,nan
502.16,188.6795196533203,-231.76885986328125,-70.24777221679688,188.94156257734033,-231.90220882712055,-70.25868991200987,0.2942237860111603,0.3289740775986062,0.06495407498905328,3.629902776450218e-05,3.5936361676744997,4.438605138839349,nan,0.06314968297456841,nan
502.17,188.68817138671875,-231.77102661132812,-70.24858856201172,188.9501587505,-231.90448460909818,-70.2595699010872,0.2942261133171824,0.32901596279379347,0.06498068438724822,3.702936549103584e-05,3.5673141469620067,4.379354850159698,nan,nan,nan
502.18,188.6968231201172,-231.7732696533203,-70.24949645996094,188.9587075103995,-231.90685219557895,-70.26211944554905,0.2942568083069276,0.3290579322770405,0.06500735804703364,3.625267095321683e-05,4.706759542280846,5.488621208342632,nan,1.6375540884766537,nan
502.19,188.70547485351562,-231.7755889892578,-70.25048828125,188.96730466312894,-231.90927662342162,-70.26319635369961,0.2942596265814362,0.32909998899530535,0.06503409646334662,3.6981788004530115e-05,4.679150025268627,5.418563888982315,nan,nan,nan
502.2,188.71414184570312,-231.77798461914062,-70.25157165527344,188.99398828359625,-231.92183854797452,-70.26300957971853,0.3148631571937717,0.32902557704189295,0.06502322087611102,3.6185191538154396e-05,3.9830586974369506,4.815850409939966,2.9858262403105473,1.2705082070817182,nan
502.21000000000004,188.72279357910156,-231.7804412841797,-70.25274658203125,189.00260943480728,-231.9244280539228,-70.26425067546077,0.3148991062721818,0.32906746126273734,0.06504992571804967,3.691224337037007e-05,3.9540093307591464,4.852979452151669,nan,nan,nan
502.22,188.7314453125,-231.78297424316406,-70.25399780273438,189.0112349001465,-231.9270873380547,-70.26543190433397,0.31493100221117976,0.329109429910368,0.06507669504732945,3.614171461826754e-05,3.9870042538279122,4.805677896905867,nan,0.014300666542708146,nan
502.23,188.74009704589844,-231.78558349609375,-70.25534057617188,189.01985653284532,-231.9298186082954,-70.26684481086575,0.31496267325589106,0.32915148550789997,0.06510352931252852,3.6867689753715296e-05,3.9603216374956967,4.691605218482086,nan,nan,nan
502.24,188.74874877929688,-231.7882537841797,-70.25675964355469,189.02850703448271,-231.9326093225164,-70.26727750445038,0.31498226647056227,0.3291936259188349,0.0651304283639787,3.6099664222933757e-05,3.4359792238864566,4.277793119722503,nan,0.752358212230296,nan
502.25,188.7574005126953,-231.79098510742188,-70.25827026367188,189.02254926504995,-231.92084580523988,-70.2686673460128,0.29542471297134515,0.3291193962804768,0.06511940433592701,3.680138311368238e-05,3.2086827128125988,3.8841474091350805,9.066946813105162,nan,nan
502.26,188.7660675048828,-231.79379272460938,-70.25985717773438,189.03118222149277,-231.92374265657534,-70.26984753774157,0.2954193715283598,0.32916136410074476,0.06514626903560661,3.6036764186075326e-05,3.0414133924871534,3.6882295425396032,nan,0.14766452334453237,nan
502.27000000000004,188.77471923828125,-231.7966766357422,-70.26152801513672,189.03980298667972,-231.92671111589658,-70.27157652530444,0.2954307571167835,0.32920341861033753,0.06517319884933753,3.675987121915505e-05,3.0190469647481395,3.488668725109606,nan,nan,nan
502.28000000000003,188.7833709716797,-231.7996063232422,-70.26327514648438,189.0484190614564,-231.92974781521318,-70.27357996431971,0.29545471243041377,0.32924555803406724,0.06520019366819647,3.5997634661676445e-05,3.22269532994873,3.9146916891344494,nan,0.0248490777476841,nan
502.29,188.79202270507812,-231.8026123046875,-70.26510620117188,189.05703991148144,-231.93284858377493,-70.2754729056305,0.2954709404352438,0.3292877843505451,0.06522725388123321,3.671985688398345e-05,3.2000058722162716,3.763045951461998,nan,nan,nan
502.3,188.80068969726562,-231.80569458007812,-70.2669906616211,189.0790496039694,-231.95049755553703,-70.27731450602975,0.31394063312234194,0.329213732982685,0.06521607848596972,3.5937820652814636e-05,3.3444507339284515,4.089135775049572,8.028177347834902,0.02228553032111477,nan
502.31,188.80934143066406,-231.80882263183594,-70.26889038085938,189.087669097691,-231.95376421528633,-70.27931236267499,0.3139792517838147,0.32925578642909314,0.06524310353503282,3.665831740873124e-05,3.342805967494704,4.231773389337565,nan,nan,nan
502.32,188.8179931640625,-231.81202697753906,-70.2707748413086,189.09629264707786,-231.95709276246455,-70.28112882312837,0.3140093774749251,0.3292979248676757,0.06527019380243225,3.590159745093278e-05,3.366862141672166,4.078400252661311,nan,0.021895006962049237,nan
502.33,188.82664489746094,-231.81527709960938,-70.27262878417969,189.1049121968516,-231.96048545483083,-70.28310559715283,0.314050823826908,0.3293401499715709,0.06529734964165641,3.6621334276516095e-05,3.379189984743857,4.31478593857053,nan,nan,nan
502.34000000000003,188.83529663085938,-231.818603515625,-70.27445983886719,189.1135676208078,-231.96392673898208,-70.28339651255324,0.3140596236868716,0.32938246042634556,0.06532457099583619,3.586679968116167e-05,2.6095993343997703,3.3364964378430857,nan,1.8476609033751694,nan
502.35,188.84396362304688,-231.82199096679688,-70.27625274658203,189.11377146968061,-231.9619769541344,-70.28519518989518,0.3040926142615204,0.32930858703998,0.06531324181667657,3.65629648032976e-05,2.5368798134260837,3.2940040762876697,1.2381685585455857,nan,nan
502.36,188.8526153564453,-231.82542419433594,-70.27800750732422,189.12239349753474,-231.96553730998485,-70.28649382291643,0.30411173627278276,0.3293507244896176,0.06534042720132284,3.581148281648463e-05,2.361794709210552,3.2188347357417095,nan,0.21758135460976455,nan
502.37,188.86126708984375,-231.8289337158203,-70.27973175048828,189.13100373847465,-231.96916184796126,-70.28832188021742,0.3041308583276782,0.32939294839629096,0.06536767833384768,3.652896813303361e-05,2.3716552923875875,3.010562696537261,nan,nan,nan
502.38,188.8699188232422,-231.83248901367188,-70.28142547607422,189.13957800137499,-231.97285922488223,-70.29194198643695,0.3041882074254438,0.32943525770189264,0.06539499518819457,3.577954114385165e-05,3.4436487273219556,4.238933294124298,nan,2.249043510594422,nan
502.39,188.87857055664062,-231.8361053466797,-70.2830810546875,189.1481877704976,-231.97660162924709,-70.29372205425352,0.3042135406174747,0.329477653693234,0.06542237807267799,3.649642989672594e-05,3.4560524758389417,4.215594876360144,nan,nan,nan
502.40000000000003,188.88722229003906,-231.83978271484375,-70.28470611572266,189.1330342776299,-231.96447962164513,-70.29417717635071,0.27579440313139786,0.3294039549208962,0.0654108922866298,3.572718228903425e-05,2.773497668310286,3.3741372316228384,6.751230343922458,1.0010738567108406,nan
502.41,188.8958740234375,-231.84352111816406,-70.28630065917969,189.14161832590472,-231.9683028786103,-70.29587976701973,0.2757761941179339,0.329446177637939,0.0654382383672679,3.6442634069210834e-05,2.7812101572251953,3.3427607294370114,nan,nan,nan
502.42,188.90452575683594,-231.84730529785156,-70.2878646850586,189.15023331412573,-231.9721706318295,-70.29579037843357,0.2757288014593533,0.32948848578416007,0.06546565037130535,3.569803201324005e-05,2.023579045322763,2.692260114007818,nan,2.103572341923718,nan
502.43,188.91319274902344,-231.8511505126953,-70.28939056396484,189.15881673656943,-231.97610609832478,-70.29741436649196,0.27569806500045096,0.3295308804335023,0.0654931285805809,3.6412992911968414e-05,2.0326012952797172,2.7400173153443936,nan,nan,nan
502.44,188.92184448242188,-231.8550567626953,-70.29088592529297,189.16737487965216,-231.98010635320819,-70.30049393533439,0.2757079794065702,0.3295733608490297,0.06552067300793073,3.567024124285257e-05,2.853008593479577,3.3982194681227207,nan,1.498199414240886,nan
502.45,188.9304962158203,-231.8590087890625,-70.2923583984375,189.18334936028998,-231.9925093075067,-70.30212391260592,0.2860987003816077,0.32949983566262575,0.06550902813980708,3.636217513638228e-05,2.949774667922809,3.7009734396324077,2.6303226514090525,nan,nan
502.46000000000004,188.93914794921875,-231.86302185058594,-70.2938003540039,189.19193397357677,-231.9966276548737,-70.3034699462141,0.2860852776072558,0.329542142633351,0.06553653493117047,3.562211602178202e-05,2.9527554313021507,3.6156193578913047,nan,0.029104007878545078,nan
502.47,188.94778442382812,-231.86708068847656,-70.29521179199219,189.2005148002671,-232.000800563522,-70.3049929097971,0.2860931988402758,0.3295845359391801,0.06556410810096787,3.633534380951436e-05,2.961796628170454,3.6161882420658378,nan,nan,nan
502.48,188.95643615722656,-231.87120056152344,-70.29659271240234,189.2091295886945,-232.0050125102911,-70.30419657534954,0.2860374567635571,0.3296270150182244,0.06559174768458628,3.5597004141902057e-05,1.9538946999349887,2.6053940344381648,nan,3.5842004146446387,nan
502.49,188.965087890625,-231.8753662109375,-70.29794311523438,189.21770930992835,-232.00929003922707,-70.30564296107977,0.28602877635059154,0.3296695806805606,0.06561945393068883,3.630987649145145e-05,1.9633438571815633,2.6858489653658086,nan,nan,nan
502.5,188.97373962402344,-231.87957763671875,-70.29927062988281,189.22569004312462,-232.01250598880816,-70.30577318582772,0.28494077228133097,0.3295962261642428,0.06560764724349855,3.55516119445873e-05,1.511325693189743,2.2638692788905272,0.37293069499296316,0.992018091362849,nan
502.51,188.98239135742188,-231.88385009765625,-70.30057525634766,189.234270016548,-232.01688256603518,-70.30715366558874,0.2849276610550709,0.329638618117547,0.065635314997796,3.626328630933304e-05,1.5161325971744413,2.1522631556300005,nan,nan,nan
502.52000000000004,188.9910430908203,-231.88815307617188,-70.30184936523438,189.24285870474114,-232.02130571793754,-70.30782087223594,0.2849147035857693,0.32968109583740446,0.06566304935672929,3.552908142397382e-05,1.3274132488385666,2.190154194763375,nan,0.3240284825758195,nan
502.53000000000003,188.99969482421875,-231.8925323486328,-70.3031005859375,189.2514376650052,-232.02578223251368,-70.30914428478573,0.284897377554205,0.3297236599919137,0.06569085054995402,3.6240487746538015e-05,1.332359288262582,1.8909641544482358,nan,nan,nan
502.54,189.00833129882812,-231.89694213867188,-70.30432891845703,189.2599972969663,-232.0303155135194,-70.31193393513286,0.2849246707741314,0.32976631023349157,0.06571871864087957,3.550780148055323e-05,1.9541707435252644,2.6180266532972114,nan,1.523135075897225,nan
502.55,189.01698303222656,-231.9013671875,-70.30552673339844,189.26857272253523,-232.03704503093016,-70.31335349523702,0.28594948446945223,0.32969312483226787,0.06570674762598962,3.619660435537804e-05,2.043483882126612,2.7892164659517116,1.1582111261732053,nan,nan
502.56,189.025634765625,-231.90574645996094,-70.30670166015625,189.27714238696876,-232.04159033185914,-70.31480425303397,0.28596379690029783,0.3297356011643032,0.06573457636793395,3.5466262538249227e-05,2.203777811805413,3.009623267472501,nan,0.02249154213467651,nan
502.57,189.03427124023438,-231.91006469726562,-70.307861328125,189.285713762085,-232.04608323420294,-70.31605311094818,0.28599211438603767,0.3297781637931588,0.06576247211378831,3.617636094994418e-05,2.2092342477034586,2.889989674172782,nan,nan,nan
502.58,189.0429229736328,-231.914306640625,-70.30899047851562,189.29427478852608,-232.05051187561975,-70.31817771557287,0.2860314776643659,0.3298208124848271,0.06579043494280491,3.544741252104594e-05,2.7371949969461835,3.5428644873695303,nan,0.554878341966242,nan
502.59000000000003,189.0515594482422,-231.91847229003906,-70.31009674072266,189.3028453014933,-232.05486018950998,-70.31939148692176,0.2860640338685342,0.329863547736164,0.06581846506125076,3.615735223864976e-05,2.747117214156573,3.427394467424401,nan,nan,nan
502.6,189.06021118164062,-231.9225616455078,-70.3111801147461,189.30639740796437,-232.03870181893865,-70.32167075938817,0.2724082442604782,0.32979052881472787,0.06580632705397388,3.54083228944342e-05,3.3135890412310314,3.649500649974642,27.50019425890171,0.8162424987303517,nan
502.61,189.06886291503906,-231.92657470703125,-70.31224822998047,189.31500274005293,-232.0428325260994,-70.32285314132925,0.2724209208138343,0.329833089892879,0.06583431694676567,3.611725780634917e-05,3.3197294567376687,3.622184595870314,nan,nan,nan
502.62,189.07749938964844,-231.9304962158203,-70.31329345703125,189.3236189806736,-232.04687897856923,-70.32284165859507,0.27241690238412075,0.32987573699927986,0.06586237410357745,3.539178626374966e-05,2.7822950891284184,3.11173734849661,nan,0.950515498224047,nan
502.63,189.08615112304688,-231.93435668945312,-70.3143081665039,189.33222366713193,-232.05085156703836,-70.32397203954055,0.27242640088317127,0.329918470541713,0.06589049871765405,3.610063314244705e-05,2.7936640242724384,3.0902003105881066,nan,nan,nan
502.64,189.09478759765625,-231.93812561035156,-70.31531524658203,189.33116441331427,-232.04430304977686,-70.32406091798282,0.2592761739762988,0.32664390170854873,0.06205433705164319,3.537454192609661e-05,2.3415428255835153,2.653612478623237,nan,0.7315190371746545,0.02820310025231808
502.65000000000003,189.10342407226562,-231.9418182373047,-70.31629180908203,189.37046930049496,-232.0641568443685,-70.32512836067905,0.29386727164232035,0.32657994997509915,0.06204761656648649,3.606106592305117e-05,2.405039898773123,2.8434638578554026,9.745041637134477,nan,nan
502.66,189.11207580566406,-231.94544982910156,-70.3172607421875,189.379135579699,-232.0679421564938,-70.32641462842608,0.2939542257067191,0.32662506013541565,0.06206797652978375,3.5338924103859846e-05,2.611416520237897,2.958077240557297,nan,0.03472186598265707,nan
502.67,189.12071228027344,-231.94900512695312,-70.31819915771484,189.38778838626186,-232.07163717893127,-70.32746073607598,0.2940306844464517,0.32667026082170814,0.06208840489552286,3.604676421814303e-05,2.620462054681863,2.9719514041950807,nan,nan,nan
502.68,189.12936401367188,-231.95248413085938,-70.31912231445312,189.39640966167153,-232.07522025430163,-70.32795613021591,0.29403328113347366,0.32671554183991014,0.06210888482609514,3.532570811090466e-05,2.450545431650047,2.8768717190215023,nan,0.19658191778706946,nan
502.69,189.13800048828125,-231.95590209960938,-70.32003021240234,189.40506283420922,-232.0787737128101,-70.32896125846557,0.29410796236565806,0.32676091356967374,0.0621294331346631,3.603354811285036e-05,2.455667888255878,2.765845750873293,nan,nan,nan
502.7,189.1466522216797,-231.95924377441406,-70.32091522216797,189.42185746839525,-232.08518945654993,-70.32808624429885,0.3027402619851557,0.32669694738709903,0.06212264866728972,3.5292225086085296e-05,1.7113643595493884,2.1435489272596198,0.6713085422430767,2.444317052417524,nan
502.71000000000004,189.15528869628906,-231.9625244140625,-70.32179260253906,189.43052573183286,-232.08861069835748,-70.329038907824,0.30282946647004994,0.3267421292421722,0.062143193449287266,3.5999214551436715e-05,1.713489789581347,2.0666998641994674,nan,nan,nan
502.72,189.1639404296875,-231.96572875976562,-70.32263946533203,189.43903741425532,-232.09176920577187,-70.32728522571449,0.3026320010132663,0.3267873915859913,0.062163790689300315,3.528102366865568e-05,0.8672770526218498,1.357991998682361,nan,5.026041168701453,nan
502.73,189.17257690429688,-231.96888732910156,-70.32347869873047,189.44770599939446,-232.09505951969774,-70.32817845766351,0.3027169112935088,0.32683274433951526,0.062184455913168325,3.598806870904214e-05,0.8698336483186728,1.1518226114975973,nan,nan,nan
502.74,189.1812286376953,-231.9719696044922,-70.32429504394531,189.4562998260929,-232.09819332784755,-70.32775715683394,0.3026690820843911,0.32687817798022456,0.06220517418119834,3.5270791017922556e-05,0.5965485214096314,1.0276880636870882,nan,1.172628343000839,nan
502.75,189.1898651123047,-231.97499084472656,-70.3250961303711,189.46315327042348,-232.11061553405898,-70.32860113557898,0.3051110597569051,0.32681420698844466,0.06219833861136465,3.595579234655918e-05,0.6783613701441724,1.3335971606494026,14.66107254717216,nan,nan
502.76,189.19851684570312,-231.9779510498047,-70.32588958740234,189.47188487307582,-232.11386241998926,-70.33093486972794,0.3053316783578685,0.32685945066659505,0.06221905310720329,3.5240239548692394e-05,1.0605936880445808,1.7632123684937353,nan,1.5661960017736845,nan
502.77000000000004,189.20716857910156,-231.98086547851562,-70.32666015625,189.48053139641627,-232.1169443597001,-70.33176893980482,0.30540267101658597,0.3269047844465137,0.062239835216496224,3.594658546428069e-05,1.0657642467583348,1.6103787332129733,nan,nan,nan
502.78000000000003,189.21580505371094,-231.98370361328125,-70.3274154663086,189.48924003149122,-232.1200429550437,-70.33368564405863,0.3056050037465611,0.3269501992776203,0.062260671219012666,3.523184297833972e-05,1.4571704303483546,2.161035207252541,nan,0.8388186378961345,nan
502.79,189.22445678710938,-231.9864959716797,-70.32815551757812,189.4978873445146,-232.12300871328125,-70.33450170612515,0.305680016441342,0.32699570438742315,0.06228157484032293,3.593830953054082e-05,1.4634169594161333,2.0800013596282985,nan,nan,nan
502.8,189.2331085205078,-231.98922729492188,-70.3288803100586,189.5158823673146,-232.1243822873727,-70.33509373541077,0.31347492256461446,0.3269317187642351,0.062274670493807006,3.5203107555269034e-05,1.4034752237111405,1.9590229279737637,5.335477071149414,0.05158045300358544,nan
502.81,189.2417449951172,-231.99191284179688,-70.32958984375,189.52455661819624,-232.12722246239633,-70.33588056071984,0.31357723242508156,0.32697703356849767,0.0622955694391481,3.59088398389709e-05,1.4097866712261131,1.8571935757498346,nan,nan,nan
502.82,189.25039672851562,-231.99453735351562,-70.33029174804688,189.5331928359034,-232.12996279147407,-70.33595756442864,0.31360132186454587,0.32702242958935035,0.062316523093697264,3.519642202497809e-05,1.2208527193428864,1.7454562839372383,nan,0.3388169291052069,nan
502.83,189.25904846191406,-231.9971160888672,-70.33097076416016,189.54186747016516,-232.13269613201342,-70.3367113583636,0.3136901240866163,0.32706791557574744,0.06233754403496429,3.590231789386399e-05,1.2276600699577207,1.7156107691189564,nan,nan,nan
502.84000000000003,189.26768493652344,-231.9996337890625,-70.3316421508789,189.5505109289906,-232.1353399167397,-70.33686723326493,0.3137419267329728,0.327113483181587,0.06235862023906186,3.519055737686477e-05,1.0866247783444631,1.6218061177388212,nan,0.23912161849620675,nan
502.85,189.27633666992188,-232.00210571289062,-70.3322982788086,189.55913390146583,-232.130674285206,-70.33755397820472,0.3106956297283238,0.3270494913473675,0.062351656926419176,3.587457685507977e-05,1.033970272811882,1.3888130343986247,7.1610305526508675,nan,nan
502.86,189.2849884033203,-232.00453186035156,-70.33293914794922,189.56781462051498,-232.13321711451445,-70.3380985576152,0.3107686973935985,0.327094868550765,0.062372728130612815,3.516428455600058e-05,1.0214787824826048,1.3588805251012612,nan,0.019138813422358663,nan
502.87,189.29364013671875,-232.0069122314453,-70.33357238769531,189.57650460243627,-232.13572169564782,-70.33879503546702,0.3108560118182426,0.32714033540571996,0.06239386631570257,3.586968099214028e-05,1.025361446765167,1.3209708980982942,nan,nan,nan
502.88,189.3022918701172,-232.0092315673828,-70.33419036865234,189.58519515022235,-232.13817849569523,-70.33947990558225,0.3109494418975514,0.32718588799220283,0.062415065959498396,3.658938013855091e-05,1.030152658951183,1.450881320156303,nan,nan,nan
502.89,189.31094360351562,-232.0115203857422,-70.33479309082031,189.59388615103157,-232.14058832864154,-70.34015339712883,0.3110365765674582,0.32723152645471376,0.0624363272065005,3.732352649543247e-05,1.0357596008737178,1.3400740190617877,nan,nan,nan
502.90000000000003,189.31959533691406,-232.0137481689453,-70.33538818359375,189.58244505699614,-232.12334614479641,-70.34237131863854,0.2848691907401304,0.3271675193844887,0.062429289616590826,3.650426608174726e-05,1.5474645132930163,1.6973061698489562,19.2902920744346,1.6635345051567099,nan
502.91,189.3282470703125,-232.0159454345703,-70.33596801757812,189.59112401148474,-232.12560837825018,-70.34303742870479,0.28492143476804793,0.3272129670923781,0.0624505449605745,3.723598509175606e-05,1.5537252168258604,1.6533988179555363,nan,nan,nan
502.92,189.33689880371094,-232.01809692382812,-70.33654022216797,189.59978443352298,-232.12780445830055,-70.34331932985776,0.28493956163152145,0.3272584964613422,0.06247185668184919,3.644422419349371e-05,1.472524066989609,1.5612582240129378,nan,0.09062950664566442,nan
502.93,189.34555053710938,-232.02020263671875,-70.33709716796875,189.60846453477882,-232.1299791836387,-70.34396034874462,0.28499432217951365,0.32730411562987166,0.06249323554476069,3.7174535903890356e-05,1.4785581804795058,1.5981467942866106,nan,nan,nan
502.94,189.3542022705078,-232.0222625732422,-70.337646484375,189.6171596939548,-232.13212793691238,-70.34487789220964,0.2850777050902578,0.3273498168828012,0.06251467133504716,3.6386338679120834e-05,1.648596591403145,1.767708232182731,nan,0.053647677046980896,nan
502.95,189.36285400390625,-232.02427673339844,-70.33818054199219,189.592834672791,-232.12860080898295,-70.345468838906,0.25264152485122243,0.32728580239498545,0.06250756742846476,3.709182533132455e-05,1.6048681597983547,1.8988642459595253,19.39370519112063,nan,nan
502.96000000000004,189.3715057373047,-232.02626037597656,-70.33870697021484,189.60150224710648,-232.13072299599514,-70.34721712657714,0.2527513724264686,0.3273313128036054,0.06252899694429231,3.630807677983722e-05,2.167642881888258,2.3853565582542355,nan,0.8443432918710806,nan
502.97,189.38015747070312,-232.0281982421875,-70.33922576904297,189.6101143598268,-232.13274201213736,-70.34783185735975,0.25275212253685875,0.3273769126596308,0.0625504933021732,3.703491104911432e-05,2.1730609954402302,2.4126477181390813,nan,nan,nan
502.98,189.38880920410156,-232.0301055908203,-70.33972930908203,189.61873930239352,-232.13473568852507,-70.34868827629872,0.252775731706678,0.32742259479548663,0.06257204732947598,3.625451498387093e-05,2.3872758539609062,2.601240396668039,nan,0.041393064057309935,nan
502.99,189.39747619628906,-232.03196716308594,-70.34022521972656,189.62735259161565,-232.1366773620647,-70.3492870635666,0.25276372348953713,0.3274683665381431,0.06259366824625599,3.698019196147975e-05,2.3941964278946495,2.701990492660055,nan,nan,nan
503.0,189.4061279296875,-232.03379821777344,-70.34070587158203,189.63511238023986,-232.1381660540458,-70.3508242380273,0.251850958271874,0.32740433653216827,0.06258648488488437,3.618072671097763e-05,3.0020725907002475,3.233364095142342,0.2551941025080917,0.6929336560569167,nan
503.01,189.41477966308594,-232.03558349609375,-70.3411865234375,189.64372536740703,-232.14003262007654,-70.35141416524274,0.2518538458804017,0.3274499170527597,0.06260809859840266,3.690441639242318e-05,3.0070664604649413,3.2436660675352242,nan,nan,nan
503.02000000000004,189.42344665527344,-232.037353515625,-70.3416519165039,189.6524354262097,-232.14196999434353,-70.35405315984386,0.2520600239441858,0.32749558003674023,0.06262977068063819,3.61313743798214e-05,4.429192289332328,4.641726476781205,nan,2.8010515823179993,nan
503.03000000000003,189.43209838867188,-232.0390625,-70.34210968017578,189.6610493605442,-232.14376529082773,-70.35464673873209,0.2520682442626343,0.3275413322907674,0.06265150940696913,3.6854065778024395e-05,4.4378916312629455,4.714217851899079,nan,nan,nan
503.04,189.44076538085938,-232.04075622558594,-70.3425521850586,189.66969401202613,-232.14555882148778,-70.35588410538546,0.2521302091682988,0.32758716741906446,0.06267330700649665,3.608405629112211e-05,5.098938957108243,5.3562182245446115,nan,0.2821999948220177,nan
503.05,189.4494171142578,-232.0424041748047,-70.3429946899414,189.65120624243679,-232.14189471586488,-70.3566993845754,0.22539973084875425,0.32752312828922653,0.06266604951734894,3.678277928550754e-05,5.276602423516264,5.719723979538986,13.647120535432233,nan,nan
503.06,189.4580841064453,-232.0440216064453,-70.34342193603516,189.65968526467393,-232.14350362023598,-70.35549445229381,0.22513427929966426,0.3275687720818448,0.06268783945613007,3.6016650664411275e-05,4.21761287180535,4.767550943451689,nan,2.121350392209543,nan
503.07,189.46673583984375,-232.0457305908203,-70.34394836425781,189.66824575617045,-232.145223949998,-70.35610003832616,0.22506185390047695,0.3276145048186246,0.06270969582711582,3.673665421674448e-05,4.190566948326514,4.546677668528403,nan,nan,nan
503.08,189.47540283203125,-232.04750061035156,-70.34456634521484,189.6767588845986,-232.14697298423775,-70.35572569280693,0.2248633898853679,0.3276603205955859,0.06273161171255477,3.597335265217602e-05,3.633042657353654,4.210811970674238,nan,0.7708579051395387,nan
503.09000000000003,189.48406982421875,-232.0493621826172,-70.34527587890625,189.68532036993585,-232.14885264652958,-70.35650868262357,0.22478058288091834,0.32770622548913947,0.06275359412120123,3.6692565758102226e-05,3.610151223247562,4.098191498620211,nan,nan,nan
503.1,189.4927215576172,-232.05130004882812,-70.34607696533203,189.69984044189582,-232.160059897117,-70.35592826452063,0.23414522186102393,0.32764217037855786,0.06274625168991055,3.591004941606276e-05,2.940078543055307,3.4347658004442625,5.451030658986764,1.3618150583484359,nan
503.11,189.5013885498047,-232.05331420898438,-70.34696197509766,189.70840170453292,-232.1621244505458,-70.35688026428991,0.23407795145996096,0.3276878835651976,0.06276822552288876,3.662764023142415e-05,2.9237494443895127,3.5616034030070676,nan,nan,nan
503.12,189.5100555419922,-232.05540466308594,-70.34793853759766,189.71706937277034,-232.16437732144811,-70.36039529765576,0.23427534500051456,0.32773367994538,0.06279025947324969,3.5870619398567024e-05,4.564312678852954,5.177901282933333,nan,4.105816168961298,nan
503.13,189.5187225341797,-232.0575714111328,-70.34900665283203,189.72563137582603,-232.1665938660729,-70.36155159603872,0.23421046098040207,0.32777956513292095,0.06281235978284506,3.6587551361694244e-05,4.540262561068132,5.119295900734982,nan,nan,nan
503.14,189.52737426757812,-232.059814453125,-70.35015869140625,189.73422950425044,-232.16892277368888,-70.36364883914199,0.23425562670074662,0.3278255339112755,0.06283452067349118,3.5833051108945364e-05,5.317974844619756,5.791068927533467,nan,0.48951281947532793,nan
503.15000000000003,189.53604125976562,-232.06211853027344,-70.35140228271484,189.7691595078216,-232.18120575595793,-70.36496150198285,0.26212542288964275,0.32776146794755784,0.06282709647888371,3.652668501161801e-05,5.296355039520191,5.806789745627191,6.574411719896887,nan,nan
503.16,189.54470825195312,-232.06451416015625,-70.35272216796875,189.7777459781455,-232.18363466640304,-70.36584214977127,0.2620465812787935,0.32780724488123975,0.06284924825755141,3.577552932896152e-05,5.074841584219306,5.464012923641822,nan,0.2005696367851021,nan
503.17,189.55337524414062,-232.0669708251953,-70.35413360595703,189.7863552482216,-232.18615910278376,-70.3673477613044,0.26203080299388815,0.32785311032432746,0.0628714662605537,3.649042308543586e-05,5.0490104981893005,5.481782161636241,nan,nan,nan
503.18,189.56204223632812,-232.06948852539062,-70.35562133789062,189.79497535128087,-232.1887658293609,-70.36919815975743,0.26204816613746634,0.3278990594933327,0.06289374539599618,3.5741595123029445e-05,5.421678963669714,5.9732319954066835,nan,0.04589098122995115,nan
503.19,189.57069396972656,-232.0720977783203,-70.3572006225586,189.80358511105462,-232.1914323391176,-70.37087403675022,0.2620419496291006,0.3279450973580122,0.06291609088546966,3.645599899407365e-05,5.393138927631477,5.6563170540762,nan,nan,nan
503.2,189.57936096191406,-232.0747528076172,-70.35884857177734,189.81319662486928,-232.19554282339442,-70.37151900064337,0.2634955121986292,0.3278810147907198,0.06290857600482476,3.568774006975943e-05,4.775360070430053,5.386249266009765,0.26940039875468214,0.751163346078702,nan
503.21000000000004,189.58802795410156,-232.07749938964844,-70.36058807373047,189.8218063521831,-232.19835227599856,-70.37334740074985,0.2634778168550703,0.3279268604467765,0.06293091147656274,3.640081815861203e-05,4.749763449074079,5.099413904884158,nan,nan,nan
503.22,189.59669494628906,-232.08029174804688,-70.36239624023438,189.83045173123043,-232.2012657798801,-70.37617808860425,0.2635657227876878,0.32797278995125456,0.06295330859830219,3.5657266685679786e-05,5.604778095956797,6.197541812979109,nan,0.5771827700450894,nan
503.23,189.60536193847656,-232.0831756591797,-70.36427307128906,189.83906132388847,-232.20421070808322,-70.37816717006862,0.2635487275360707,0.32801880787036275,0.0629757719806276,3.6369961640846614e-05,5.586212189014593,5.917406932215158,nan,nan,nan
503.24,189.61402893066406,-232.0861053466797,-70.36615753173828,189.84772571373324,-232.2072766214406,-70.38163593086125,0.2636972602881502,0.328064910021223,0.0629982974408145,3.562845335900568e-05,7.003398093864272,7.512378794467227,nan,1.4182622553789992,nan
503.25,189.62269592285156,-232.089111328125,-70.36802673339844,189.85808811264607,-232.20310059907956,-70.38354588451122,0.2619997728248415,0.32800081485949795,0.06299069332544967,3.631836396824257e-05,6.845958536460323,7.1056271769470225,7.290564837306992,nan,nan
503.26,189.63134765625,-232.09217834472656,-70.369873046875,189.86669704055421,-232.20619897120343,-70.3851152588421,0.26195870090569895,0.3280467246403325,0.06301320815997562,3.557970799952632e-05,6.744376612166355,6.962527130729632,nan,0.13805000128921405,nan
503.27000000000004,189.6400146484375,-232.09530639648438,-70.37168884277344,189.87532237754522,-232.2093782262689,-70.38710317969536,0.26195364382074404,0.32809272256588945,0.0630357891863008,3.6290887911732515e-05,6.762040885657402,7.055923669775996,nan,nan,nan
503.28000000000003,189.648681640625,-232.09849548339844,-70.37347412109375,189.88394382429885,-232.21261765799784,-70.38896562034621,0.261939214993432,0.32813880482766167,0.06305843276302023,3.555409927024248e-05,6.965031804959251,7.2675146866298075,nan,0.006120996314810008,nan
503.29,189.6573486328125,-232.1017608642578,-70.3752212524414,189.89256831851787,-232.21592313702484,-70.3908889955331,0.2619290041981924,0.3281849754343203,0.06308114269492944,3.626503021621768e-05,6.984288664652175,7.201841066523722,nan,nan,nan
503.3,189.666015625,-232.10507202148438,-70.37693786621094,189.90129945047056,-232.2126155061832,-70.39282954068268,0.2591845384021643,0.3281208628927586,0.06307344193480476,3.550855618620938e-05,7.293786023790802,7.500161539369802,4.4630840653289665,0.0029424223815072022,nan
503.31,189.67466735839844,-232.10845947265625,-70.37861633300781,189.90993406523393,-232.21602032395924,-70.39468717160517,0.2591872526407551,0.3281668407727889,0.06309614033979354,3.621839700822235e-05,7.312509594318699,7.401839461832982,nan,nan,nan
503.32,189.68333435058594,-232.1118927001953,-70.38026428222656,189.9185339209073,-232.2194528677577,-70.39551959486086,0.25907673011864363,0.32821290308130996,0.0631189017382875,3.548597054371787e-05,6.739823649095778,6.941410485068774,nan,0.6763971431649888,nan
503.33,189.69200134277344,-232.11538696289062,-70.38187408447266,189.92716792249144,-232.22297818928104,-70.39730282817628,0.2590699487488392,0.3282590534812456,0.06314172945826127,3.6195647231926225e-05,6.758314931674113,6.959532486608969,nan,nan,nan
503.34000000000003,189.70065307617188,-232.11895751953125,-70.38346099853516,189.9358051718956,-232.22656619693157,-70.39916293635487,0.2590804632279287,0.3283052886793534,0.06316462056878218,3.546483068730953e-05,7.13363840872379,7.212283122424124,nan,0.008056340140246806,nan
503.35,189.70932006835938,-232.12257385253906,-70.385009765625,189.9442249355801,-232.23402007995003,-70.40084761227392,0.2604830045024096,0.32824116179715546,0.0631568232544948,3.615210738694017e-05,7.137326141886212,7.362543983014753,1.5188749044764729,nan,nan
503.36,189.71798706054688,-232.12623596191406,-70.38652801513672,189.9528632811377,-232.23774598576153,-70.40290807650521,0.26051800480567006,0.3282872040846108,0.06317970216556404,3.542370217948726e-05,7.773341398288971,8.079132587979327,nan,0.09390756739697312,nan
503.37,189.7266387939453,-232.12997436523438,-70.38802337646484,189.96148886462592,-232.24151776405583,-70.40457346721666,0.2605194638087945,0.32833333422059713,0.06320264738479528,3.613227564373855e-05,7.779854018782408,7.933395129077442,nan,nan,nan
503.38,189.7353057861328,-232.13375854492188,-70.38948059082031,189.9700949137235,-232.24532844716325,-70.40561695418276,0.260449917918033,0.3283795492298074,0.06322565639896328,3.54053239729666e-05,7.553700899990205,7.7989773167121,nan,0.24253344690424686,nan
503.39,189.7439727783203,-232.13760375976562,-70.39090728759766,189.97871990517524,-232.24921251156687,-70.40721915543412,0.2604396361493172,0.32842585230111837,0.06324873191346131,3.611383710203417e-05,7.567234752156702,7.778363350993893,nan,nan,nan
503.40000000000003,189.75262451171875,-232.14149475097656,-70.3923110961914,189.9717251310297,-232.23678406265276,-70.40705954594247,0.23937972151421907,0.32836170711892143,0.06324083182166391,3.536693171676677e-05,6.2971198460326345,6.435160289780433,10.920224816499903,1.9646037132222611,nan
503.41,189.76129150390625,-232.14544677734375,-70.39368438720703,189.9803383669111,-232.24073235670483,-70.40858932959088,0.2393387288633132,0.3284078169298825,0.06326389423551301,3.6074537618500615e-05,6.305048446115072,6.472485158738972,nan,nan,nan
503.42,189.7699432373047,-232.1494598388672,-70.39503479003906,189.98890533185482,-232.24469360015536,-70.40860649339976,0.2391611575297831,0.3284540116776711,0.06328702082345927,3.535113521740873e-05,5.357029733858654,5.4718578345237905,nan,1.5277779239588618,nan
503.43,189.7786102294922,-232.15350341796875,-70.39635467529297,189.9975175939259,-232.24874923344944,-70.41006870577067,0.23912397245327888,0.32850029426011834,0.06331021392739274,3.6058746741982295e-05,5.362427980076367,5.602522110002306,nan,nan,nan
503.44,189.78726196289062,-232.15762329101562,-70.39764404296875,190.00607631885023,-232.25281097689646,-70.40974641262679,0.23892861960992812,0.32854666213616374,0.0633334715764599,3.533657026203176e-05,4.291499881641795,4.383434796078178,nan,2.1423412244740905,nan
503.45,189.79591369628906,-232.16177368164062,-70.39891815185547,190.00366189229356,-232.23926230380332,-70.41103840875026,0.22206012729662392,0.328482500866471,0.06332546775104676,3.602206131070517e-05,4.233499352161841,4.386229595909914,16.713010126561404,nan,nan
503.46000000000004,189.80458068847656,-232.16592407226562,-70.40015411376953,190.0122620141978,-232.24337362486878,-70.41199318131832,0.22196875854990344,0.3285286752769066,0.06334871156899789,3.5301909726635026e-05,4.125673699687686,4.2788289215965065,nan,0.11831837433758025,nan
503.47,189.813232421875,-232.17001342773438,-70.40137481689453,190.0208737065251,-232.2474623797233,-70.41333275644804,0.22193745869881426,0.32857493730431897,0.06337202193497499,3.600873414816449e-05,4.1260396556110095,4.260567059611507,nan,nan,nan
503.48,189.82188415527344,-232.17404174804688,-70.4025650024414,190.02946747244255,-232.25147913368878,-70.41403822467593,0.22185359381904693,0.32862128467294316,0.06339539719246812,3.52896726195341e-05,3.884842942079853,3.9926586103778123,nan,0.2588118477955884,nan
503.49,189.83055114746094,-232.17799377441406,-70.40373992919922,190.03807842995167,-232.2554424901432,-70.4153251730612,0.2218109429704069,0.32866771988464205,0.06341883921424432,3.599658058921894e-05,3.882989641030929,4.0931069434139795,nan,nan,nan
503.5,189.83920288085938,-232.181884765625,-70.4048843383789,190.04221699401052,-232.25651116273247,-70.4164314302758,0.2166037040658832,0.3286035392622921,0.06341072634364993,3.525730087554145e-05,3.934795777782796,4.082520760973645,0.3400477704195794,0.02865859180122379,nan
503.51,189.8478546142578,-232.18568420410156,-70.406005859375,190.05082106070532,-232.2603198178121,-70.41767269898384,0.21656862275947358,0.32864978066479833,0.06343415362910186,3.596343981360751e-05,3.9374897953333674,4.074132110970892,nan,nan,nan
503.52000000000004,189.85650634765625,-232.18942260742188,-70.40711212158203,190.05938315101068,-232.26401884062534,-70.4173585566194,0.21639913303530625,0.3286961074456384,0.06345764613111352,3.524722041903393e-05,3.1310506104971307,3.320923830002588,nan,1.6373365929433839,nan
503.53000000000003,189.8651580810547,-232.19308471679688,-70.40818786621094,190.06798660939518,-232.26767812943206,-70.41854168181985,0.21635801490814843,0.32874252186596675,0.06348120545273696,3.595349299043641e-05,3.133777862694155,3.2743100708344715,nan,nan,nan
503.54,189.8738250732422,-232.1966552734375,-70.40924835205078,190.07658573219283,-232.27126084348774,-70.41955218118876,0.21629619690489826,0.32878902200953325,0.0635048303404647,3.5238166591662554e-05,3.164578846530991,3.3997351259968207,nan,0.016065346607474346,nan
503.55,189.88247680664062,-232.20018005371094,-70.4102783203125,190.0579125004934,-232.26471635769835,-70.42073713873668,0.18722180453351447,0.3287248235543528,0.06349660668571995,3.5922514953719314e-05,3.1586941773515367,3.5249926378294263,7.007851773138322,nan,nan
503.56,189.89112854003906,-232.20361328125,-70.41130065917969,190.0663963183434,-232.26808863827716,-70.41909031785356,0.1869132005979693,0.3287711296638487,0.06352021605495085,3.5208881793401093e-05,1.836648174498098,2.2431462885996463,nan,5.345888312075009,nan
503.57,189.8997802734375,-232.20700073242188,-70.41229248046875,190.07495131692195,-232.2714487585214,-70.42016481945798,0.18681653102634485,0.3288175232180003,0.06354389231182579,3.5914603033278425e-05,1.8385787895513839,2.21227127864452,nan,nan,nan
503.58,189.90843200683594,-232.21029663085938,-70.41326904296875,190.0835223717995,-232.2747535641219,-70.4218643504954,0.1867758321093983,0.32886400251802117,0.06356763443253423,3.520174746185853e-05,2.211377398962971,2.5737804303718375,nan,0.2893542027549397,nan
503.59000000000003,189.91708374023438,-232.2135467529297,-70.41422271728516,190.0920771413919,-232.2779790793369,-70.42290787105587,0.18668060164609313,0.3289105695001908,0.06359144367688063,3.590765873559089e-05,2.2130857668319095,2.57988882599513,nan,nan,nan
503.6,189.9257354736328,-232.2167205810547,-70.4151611328125,190.07007198354174,-232.264058892388,-70.42519943545231,0.1522324253648566,0.3288463505197894,0.06358310461119814,3.5174336700919206e-05,2.9676879034933767,3.676230659005136,10.41662459864771,0.9240359336949432,nan
503.61,189.9344024658203,-232.21983337402344,-70.41608428955078,190.07858220153867,-232.26711978921426,-70.42622038625677,0.1520741322837205,0.3288927231294104,0.06360689742420951,3.58795801367437e-05,2.9659663467350903,3.8182497512982168,nan,nan,nan
503.62,189.94305419921875,-232.22288513183594,-70.41698455810547,190.08709383635758,-232.2701189289271,-70.42727392392597,0.15193524839129283,0.32893918149812384,0.06363075638097133,3.516896434689953e-05,3.11250382924822,3.8225060688453816,nan,0.0017740484156269687,nan
503.63,189.9517059326172,-232.2258758544922,-70.41786193847656,190.09560436473924,-232.27305568025793,-70.4282603140689,0.1517920318772726,0.32898572736669107,0.06365468254752543,3.5874434869582736e-05,3.115834552010125,3.8105375696024906,nan,nan,nan
503.64,189.96035766601562,-232.2288055419922,-70.41873168945312,190.1001023716576,-232.28133580006775,-70.42907021929675,0.1496492431246433,0.32859139122667924,0.06287689711678604,3.516252783900371e-05,3.1151858817210485,3.8425126833679424,nan,0.016040284401577,0.036453543332854964
503.65000000000003,189.96900939941406,-232.231689453125,-70.4195785522461,190.099867941954,-232.28340711150526,-70.42994000879041,0.14108874556721424,0.3285259658407773,0.06286977351433636,3.5846163330370843e-05,3.052918970992185,3.9354103827847458,2.4877158443636502,nan,nan
503.66,189.9776611328125,-232.2344970703125,-70.42040252685547,190.10835290377528,-232.28619120923884,-70.43102910965727,0.14094519239324124,0.3285712892463063,0.06289039418620836,3.513768075754085e-05,3.271407756464642,4.085482538156098,nan,0.01683596937608374,nan
503.67,189.986328125,-232.2372589111328,-70.42121887207031,190.1168384658026,-232.28891072465888,-70.43194910944592,0.14076930379553423,0.3286166978811891,0.06291107846084415,3.5842728791656743e-05,3.2696910447216325,4.268893647601496,nan,nan,nan
503.68,189.99497985839844,-232.23995971679688,-70.4220199584961,190.12532190275732,-232.29160546945965,-70.43347481531133,0.14066821261541496,0.3286621918546665,0.06293181930513614,3.513475774865317e-05,3.7917190460510084,4.644733553547647,nan,0.2701773790173566,nan
503.69,190.00363159179688,-232.24261474609375,-70.42279815673828,190.13380778042907,-232.29421506622842,-70.43437072593345,0.1405074997378466,0.3287077713491957,0.06295262385652069,3.5840073965238505e-05,3.793632460879068,4.634106598875438,nan,nan,nan
503.7,190.0122833251953,-232.24520874023438,-70.42356872558594,190.15470932612442,-232.3054266277876,-70.43484457832638,0.15504355703173953,0.32864235140275344,0.0629454401137876,3.511140987876776e-05,3.6831755420758694,4.411842945972578,4.958375164003162,0.02653799645401727,nan
503.71000000000004,190.0209503173828,-232.2477569580078,-70.42431640625,190.16320930620654,-232.30795273172805,-70.43570526801447,0.154889822929777,0.3286877389317399,0.06296623952074318,3.581613169366125e-05,3.6832603636482633,4.495254284743675,nan,nan,nan
503.72,190.02960205078125,-232.25025939941406,-70.42505645751953,190.17170731286623,-232.31045464828915,-70.43712865269433,0.1548002306061389,0.32873321172242465,0.06298709611097734,3.510989171240362e-05,4.212565073317756,4.947711704600126,nan,0.23350305405451716,nan
503.73,190.0382537841797,-232.25270080566406,-70.42577362060547,190.18020815402963,-232.31287926072017,-70.43796703197205,0.15466469814792255,0.32877876996853245,0.06300801628937178,3.581490817837966e-05,4.212822280797084,4.8805229193181345,nan,nan,nan
503.74,190.0469207763672,-232.25509643554688,-70.42648315429688,190.18871352714504,-232.31521022465571,-70.43782110665038,0.15442603724030035,0.3288244137625442,0.06302899410596588,3.5109040754406765e-05,3.7227525706881424,4.55460822088467,nan,0.6614823895924354,nan
503.75,190.05557250976562,-232.2574462890625,-70.42717742919922,190.190011535919,-232.32351784661068,-70.43872856312979,0.15024224161332306,0.3287589988270803,0.06302175372088992,3.5792350154451596e-05,3.8023706443873486,4.6987835863278615,12.978331788369216,nan,nan
503.76,190.06423950195312,-232.25975036621094,-70.4278564453125,190.19849346761322,-232.3257300210115,-70.43731452904613,0.14988961768907327,0.32880445046800477,0.06304272600081898,3.5087664375637795e-05,2.624180241676574,3.657698597220174,nan,3.4161740989040403,nan
503.77000000000004,190.07289123535156,-232.2620086669922,-70.42852020263672,190.2069656198633,-232.32799347230153,-70.438071136438,0.14973695419096952,0.32884998749801114,0.063063761773846,3.5792420487873435e-05,2.6234543994135566,3.4904756568750783,nan,nan,nan
503.78000000000003,190.08154296875,-232.26422119140625,-70.42916870117188,190.21543590743804,-232.330232756938,-70.43931173621245,0.14962528855211338,0.3288956099984161,0.06308485575464977,3.5088029632748824e-05,3.0071110714249274,3.8574365493916027,nan,0.17304679577385276,nan
503.79,190.0902099609375,-232.26638793945312,-70.4298095703125,190.22390908827046,-232.33240604703724,-70.44004879699108,0.149461329251275,0.3289413181796136,0.06310601336475644,3.579310528980205e-05,3.004318919541638,4.029384008146415,nan,nan,nan
503.8,190.09886169433594,-232.2685089111328,-70.43043518066406,190.2558216478575,-232.3485644252731,-70.44144843731115,0.17654065870424676,0.32887590769651215,0.06309870739451715,3.50678256048094e-05,3.578835247890697,4.214819923888314,7.29109623956308,0.41707296277981837,nan
503.81,190.10752868652344,-232.2705841064453,-70.4310531616211,190.26432676510743,-232.35068359253182,-70.44216770822156,0.1764230661367382,0.32892142353764536,0.06311985871047783,3.577235424880378e-05,3.5738451509891225,4.384485610621467,nan,nan,nan
503.82,190.11619567871094,-232.2726287841797,-70.43165588378906,190.27282497272628,-232.35281860719797,-70.44429554714497,0.176416848824597,0.3289670247712412,0.06314106877384149,3.5069284320024195e-05,4.676511016739955,5.422370411034492,nan,1.4180117844682112,nan
503.83,190.12484741210938,-232.27462768554688,-70.43224334716797,190.28133092584554,-232.35485507592568,-70.4450064629125,0.17631341798546699,0.3290127116182587,0.06316234240652661,3.5774150862181024e-05,4.674812536832608,5.281977018852384,nan,nan,nan
503.84000000000003,190.13351440429688,-232.27658081054688,-70.43282318115234,190.28983413868377,-232.35687483916868,-70.44630648623209,0.17625206355383022,0.3290584841442516,0.06318367521104676,3.507126269573328e-05,5.305514291915828,6.085137446766326,nan,0.25320730032648686,nan
503.85,190.14218139648438,-232.27850341796875,-70.43338775634766,190.29457229547626,-232.35087451827988,-70.44700906661423,0.1692515948201848,0.3289930776553694,0.06317630545534988,3.575446884211946e-05,5.273219142358607,5.949062554106609,5.461730683061142,nan,nan
503.86,190.1508331298828,-232.28038024902344,-70.43394470214844,190.30308607844924,-232.35276431462427,-70.44765448360391,0.16914009402750543,0.3290386576440483,0.063197631501678,3.50525774434008e-05,5.446213105204475,6.0290162535731495,nan,0.001102037637538102,nan
503.87,190.1595001220703,-232.2822265625,-70.43448638916016,190.31160005869447,-232.354617740572,-70.44832889925634,0.1690162372953735,0.3290843231776938,0.06321902107871474,3.575725918086782e-05,5.442895811579115,6.110216009493117,nan,nan,nan
503.88,190.1681671142578,-232.28404235839844,-70.43502044677734,190.32011444534518,-232.35643315305123,-70.44897069884036,0.16888761975840338,0.32913007431229424,0.06324047032686629,3.505548826953223e-05,5.63565318085859,6.316004883210903,nan,0.0003634277776859774,nan
503.89,190.1768341064453,-232.2858123779297,-70.43553924560547,190.32862916169248,-232.35821298203246,-70.44962537112043,0.16876612575975777,0.32917591128312335,0.06326198327116393,3.576052220848156e-05,5.632826044077911,6.2891016755173395,nan,nan,nan
503.90000000000003,190.18548583984375,-232.2875518798828,-70.43605041503906,190.35764270894433,-232.3718550652228,-70.44791410911307,0.1920566631857985,0.32911050814863485,0.06325454223407193,3.5037696905750695e-05,4.137218941842549,4.521961330507957,5.24613343543228,3.6483151360197295,nan
503.91,190.19415283203125,-232.28924560546875,-70.43655395507812,190.36618678125603,-232.37359076255606,-70.44852579633455,0.1919716390330295,0.3291561523847541,0.06327604765848432,3.5742213264147516e-05,4.130454526618134,4.661532088103634,nan,nan,nan
503.92,190.20281982421875,-232.29092407226562,-70.43704986572266,190.37473468260396,-232.3752739803448,-70.44860041061844,0.19184118591678498,0.32920188214362717,0.06329761322613439,3.504143597737809e-05,3.928030678549465,4.433196615226997,nan,0.19630740665951923,nan
503.93,190.21148681640625,-232.2925567626953,-70.43753051757812,190.3832800358007,-232.37694196421356,-70.44918853789126,0.19175422264661876,0.32924769766884404,0.06331924248247096,3.574631677258237e-05,3.9229891158159123,4.405033887022595,nan,nan,nan
503.94,190.22015380859375,-232.29415893554688,-70.43800354003906,190.39183672833897,-232.37851647409823,-70.44796364342908,0.19154744295403262,0.3292935990039425,0.06334093227899727,3.5045569730565264e-05,2.9518821527236545,3.440810604808063,nan,2.2924005892475603,nan
503.95,190.22882080078125,-232.2957305908203,-70.43846893310547,190.41430005346845,-232.38525359051803,-70.44833887465101,0.20619004922253995,0.3292281987359352,0.06333342038289345,3.572881178265724e-05,2.8588265860221993,3.2472796244246918,3.277557684493635,nan,nan
503.96000000000004,190.23748779296875,-232.29725646972656,-70.43891906738281,190.42289008317854,-232.38673195857945,-70.44580707967111,0.2059789237611045,0.3292739071299032,0.06335510212867135,3.502891601983295e-05,1.4870248437754074,1.8684568099903711,nan,6.65538059881534,nan
503.97,190.24615478515625,-232.29876708984375,-70.43936157226562,190.43146197402623,-232.38827858409513,-70.44630910701477,0.20591097612585393,0.3293197012190695,0.06337684757416029,3.57336567508662e-05,1.4835560463501691,1.8164022391914232,nan,nan,nan
503.98,190.25482177734375,-232.3002471923828,-70.4397964477539,190.44004037103147,-232.38976543127302,-70.4458651283525,0.20580639306364934,0.32936558104007696,0.06339865399588386,3.503374427536268e-05,1.1842157828788151,1.520981936380695,nan,0.6200441305709854,nan
503.99,190.26348876953125,-232.3018035888672,-70.4403305053711,190.44861332350277,-232.39130763703207,-70.44639322028186,0.2057154141846085,0.32941154684687074,0.06342052430881008,3.573885589458694e-05,1.1613830951060824,1.553446413269488,nan,nan,nan
504.0,190.2721710205078,-232.30345153808594,-70.44095611572266,190.41603913658005,-232.37312431943502,-70.44930552203805,0.1600688722672604,0.3293461487333161,0.06341293521630151,3.501775319383403e-05,2.0710508810188677,2.9233126310075552,17.733897730209886,3.0249774880664084,nan
504.01,190.2808380126953,-232.30517578125,-70.44166564941406,190.42454886733015,-232.3747914799588,-70.45004651087261,0.15990432791320583,0.3293919213911682,0.06343479670989988,3.5722363415796874e-05,2.046361073598103,2.7144380801893453,nan,nan,nan
504.02000000000004,190.2895050048828,-232.30697631835938,-70.44247436523438,190.4330577479238,-232.3765442862778,-70.45108233834442,0.15975352702196657,0.32943777970273264,0.06345671959167479,3.502318958524797e-05,2.195640138850038,2.902758170788532,nan,0.028935660764362624,nan
504.03000000000003,190.2981719970703,-232.30885314941406,-70.44336700439453,190.44156825063598,-232.37837003414393,-70.45200904834168,0.15959250522126456,0.3294837239273536,0.06347870640247182,3.5728178487929285e-05,2.1702141899578393,2.837268150489924,nan,nan,nan
504.04,190.3068389892578,-232.31080627441406,-70.44435119628906,190.45008398965993,-232.38025289340877,-70.45227771373932,0.1593888098609419,0.3295297540935454,0.0635007549743032,3.5028917522847606e-05,1.8733788534359126,2.5452088930360612,nan,0.39506221088023635,nan
504.05,190.31552124023438,-232.31285095214844,-70.44542694091797,190.4686021820111,-232.37929183069738,-70.45338542798439,0.16706735945118098,0.3294643576139614,0.06349308801739822,3.5712272679167053e-05,1.845051900283066,2.4723527712862152,7.091379052959926,nan,nan
504.06,190.32418823242188,-232.31495666503906,-70.44658660888672,190.47715690893662,-232.38127191585968,-70.45243392909903,0.16682721492532435,0.32951019441598006,0.06351512717748589,3.501375135268732e-05,1.0478740442292958,1.5336206808659134,nan,3.228409254258468,nan
504.07,190.33285522460938,-232.317138671875,-70.44783020019531,190.48569805836252,-232.38338516688532,-70.45368730895409,0.16668483930416272,0.32955611705702537,0.06353723031984285,3.571862258707595e-05,1.0316768724170815,1.5049902529487575,nan,nan,nan
504.08,190.34153747558594,-232.31939697265625,-70.44915771484375,190.49424916110718,-232.38553451853994,-70.4535421803686,0.16647599649256958,0.3296021255617246,0.06355939560362404,3.501997938040479e-05,0.6200183872207301,1.1975785450357097,nan,1.5547644869244928,nan
504.09000000000003,190.35020446777344,-232.3217315673828,-70.45057678222656,190.50279063143864,-232.38779610978082,-70.45495223756305,0.16633161369302246,0.32964822019530476,0.06358162508376614,3.572523016210844e-05,0.6068363911341614,1.104006362424173,nan,nan,nan
504.1,190.35887145996094,-232.32412719726562,-70.45207214355469,190.51019843438317,-232.3880697904033,-70.45628363958822,0.16433576939850528,0.3295828245762463,0.06357387483047192,3.500528867394571e-05,0.576250643694282,1.0462245091339366,0.8569409602233231,0.0016588875266656874,nan
504.11,190.3675537109375,-232.3266143798828,-70.45365142822266,190.51874074021507,-232.39046961151166,-70.45785882782268,0.16417280724755764,0.3296287256276315,0.06359609412053087,3.571004486894301e-05,0.5651529018819932,1.1665770281721228,nan,nan,nan
504.12,190.376220703125,-232.32916259765625,-70.45530700683594,190.5272917660553,-232.3929090503696,-70.45820567147251,0.16399536135239437,0.3296747124646523,0.0636183759114228,3.501194688451003e-05,0.30929602678946766,0.7829972373022086,nan,1.2120128770336622,nan
504.13,190.38490295410156,-232.33177185058594,-70.45704650878906,190.53583409426312,-232.39545020506472,-70.45993148443003,0.16383975397943865,0.32972078535495103,0.06364072197421924,3.5717087341921914e-05,0.3022049395128978,0.8790798970054767,nan,nan,nan
504.14,190.39356994628906,-232.33445739746094,-70.4588623046875,190.54436968202072,-232.39808397171024,-70.46273450934025,0.16371895191550212,0.32976694431946113,0.06366313089013802,3.501881376237168e-05,0.49722670396771534,0.9699306494340166,nan,0.7005299385847436,nan
504.15000000000003,190.40223693847656,-232.33721923828125,-70.46073913574219,190.5434126029879,-232.3886221383048,-70.46464501105335,0.15029332068656995,0.32970154900419685,0.06365529583213941,3.570231521224366e-05,0.5060872596047141,1.110134626656576,7.798484163520272,nan,nan
504.16,190.41091918945312,-232.3400421142578,-70.46263122558594,190.55195657350504,-232.39132011076654,-70.46596317710785,0.15010689033852012,0.32974751416271936,0.0636776939093039,3.500469799866822e-05,0.3959415047311724,1.0786452062201004,nan,0.2587021362197897,nan
504.17,190.41958618164062,-232.34292602539062,-70.46450805664062,190.56049636675948,-232.39409840493093,-70.46788034935837,0.14995220924088162,0.3297935652976659,0.06370015634629225,3.570972772727627e-05,0.39727741408359557,0.956790098107214,nan,nan,nan
504.18,190.42825317382812,-232.3458709716797,-70.46635437011719,190.56902880118437,-232.3969659557237,-70.47085835617474,0.14982910445707304,0.3298397024289444,0.06372268196878315,3.501191032561533e-05,0.6582119600467065,1.2149385537584791,nan,0.8218229635613675,nan
504.19,190.43692016601562,-232.34889221191406,-70.46817779541016,190.5775681731448,-232.39987642810908,-70.47274103070535,0.14967322849057368,0.3298859258258163,0.06374527218427826,3.5717321420894936e-05,0.6618539494342736,1.2423939082677502,nan,nan,nan
504.2,190.4456024169922,-232.3519744873047,-70.46996307373047,190.56513621820272,-232.39275192527816,-70.47636228758759,0.12645979209816005,0.32982052999051387,0.0637373475787653,3.4998122578976415e-05,1.238037105246133,2.23323427410893,4.731780315885785,2.5354271961769865,nan
504.21000000000004,190.4542694091797,-232.35513305664062,-70.47171020507812,190.57364237759862,-232.39577209474174,-70.47819818644508,0.12626769542978492,0.3298665593535053,0.06375992616455829,3.570303962588438e-05,1.247091687443136,2.1915001944570216,nan,nan,nan
504.22,190.4629364013672,-232.35833740234375,-70.47343444824219,190.58214114405345,-232.39887582326912,-70.48105017013155,0.12613934148360428,0.3299126746347718,0.0637825682502884,3.500562510694835e-05,1.724972808221833,2.579499799742716,nan,0.776891677100731,nan
504.23,190.4716033935547,-232.3616180419922,-70.47511291503906,190.590646502489,-232.4020220087362,-70.48283061903146,0.12594961400619856,0.329958876103318,0.06380527503483578,3.5710926237627614e-05,1.7361304078645983,2.669695034748916,nan,nan,nan
504.24,190.48028564453125,-232.3649444580078,-70.47676849365234,190.59915595646328,-232.40521787236403,-70.48390665665211,0.12571019184511956,0.3300051637793398,0.06382804565451393,3.501327153937345e-05,1.5234374353148055,2.5023308054713285,nan,0.31851809804157444,nan
504.25,190.48895263671875,-232.36834716796875,-70.47838592529297,190.62261218259877,-232.41805477562798,-70.4856391200384,0.14278770709718913,0.3299397668276505,0.06382002936536617,3.569692287060626e-05,1.5402105233309902,2.2398173943216326,2.990842496615658,nan,nan
504.26,190.49761962890625,-232.37179565429688,-70.47996520996094,190.63113160569964,-232.42141780963516,-70.48795596859951,0.1426592389973896,0.3299858602376267,0.06384278765555786,3.499986444531206e-05,1.89074727983346,2.5705009508089143,nan,0.2882382493577166,nan
504.27000000000004,190.50628662109375,-232.37530517578125,-70.48152160644531,190.63965486957062,-232.42482927354752,-70.48960927405949,0.1424960923281346,0.3300320397554178,0.06386561075984588,3.570505176838739e-05,1.8983015915884658,2.558275581789048,nan,nan,nan
504.28000000000003,190.51495361328125,-232.37889099121094,-70.48304748535156,190.64817862834272,-232.42829751646636,-70.49109852277256,0.14231910827256364,0.3300783054026242,0.06388849799098904,3.5007736794088264e-05,1.9179101363647661,2.6391945549079088,nan,0.012632121535529044,nan
504.29,190.52362060546875,-232.3825225830078,-70.48453521728516,190.65670111132903,-232.4318263863433,-70.49269066210495,0.142154132347883,0.3301246574462409,0.06391145028510309,3.571330296191446e-05,1.9286703762094766,2.6263307349012646,nan,nan,nan
504.3,190.53228759765625,-232.38619995117188,-70.48600006103516,190.67054362882354,-232.44295309669553,-70.49410080891978,0.1496705441870568,0.3300592585142412,0.06390333807907966,3.499454490606471e-05,1.9342164408562659,2.5528016081221767,3.0586979098140166,0.007587070575712485,nan
504.31,190.54095458984375,-232.38995361328125,-70.48743438720703,190.67906559616597,-232.4466192355096,-70.49563358172567,0.1495087609493679,0.33010541605447014,0.06392627723750417,3.56996136936935e-05,1.9420202185701445,2.5882374660480236,nan,nan,nan
504.32,190.54962158203125,-232.3937530517578,-70.48883819580078,190.68759423332236,-232.45032574051362,-70.49606846553795,0.14929567447796732,0.33015165964576954,0.06394928079939598,3.5002600568445684e-05,1.5522874511110785,2.185591472709854,nan,0.8082463430066595,nan
504.33,190.55828857421875,-232.39761352539062,-70.49021911621094,190.69611551060456,-232.45410413853426,-70.49753535897784,0.1491341046677975,0.33019798955272056,0.06397234955330333,3.570804974502168e-05,1.5576887295237176,2.1963138111505423,nan,nan,nan
504.34000000000003,190.56695556640625,-232.40151977539062,-70.49156188964844,190.70464088234365,-232.45792762819102,-70.49827850403388,0.14894363024693555,0.33024440580043474,0.06399548303204892,3.5010751055846705e-05,1.347078599560303,2.0055886275774792,nan,0.34290286933225644,nan
504.35,190.57562255859375,-232.4054412841797,-70.49288940429688,190.71407824284648,-232.45909783484166,-70.49972936746171,0.14864651703598492,0.3301790042498044,0.06398727232140285,3.569453745539752e-05,1.3751059753355097,2.0117740005855,1.0025477141470402,nan,nan
504.36,190.58428955078125,-232.40931701660156,-70.49418640136719,190.72260218705813,-232.46293776889934,-70.501474988498,0.1485216951600105,0.3302252257537581,0.06401039191841013,3.499779339156787e-05,1.5821079499955424,2.204942739430519,nan,0.09316923317424783,nan
504.37,190.59295654296875,-232.4131317138672,-70.49545288085938,190.73112794678815,-232.46672556902755,-70.50283583667796,0.1483851278969427,0.33027153349157584,0.06403357684327567,3.57031198144752e-05,1.5906668426678074,2.2255623139313303,nan,nan,nan
504.38,190.60162353515625,-232.41688537597656,-70.49669647216797,190.7396542968085,-232.47044972494945,-70.50400104736845,0.14823962851427877,0.33031792749163763,0.06405682675084849,3.5006080297078824e-05,1.5879482235713094,2.2248155231090387,nan,0.020684886525294502,nan
504.39,190.6102752685547,-232.4205780029297,-70.49791717529297,190.7481791526311,-232.47410834075515,-70.50531165035326,0.14811366099212103,0.33036440801372463,0.06408014224769874,3.5711780592564414e-05,1.5946427283600568,2.1461503517730245,nan,nan,nan
504.40000000000003,190.6189422607422,-232.42417907714844,-70.49911499023438,190.73546746621656,-232.44930760852964,-70.50716612488014,0.11947546764631399,0.3302990029494686,0.06407182916383407,3.49932543281264e-05,2.027227014558889,2.9330153558275804,38.329457964709825,0.17675737211838372,nan
504.41,190.6276092529297,-232.427734375,-70.50028991699219,190.74398715072036,-232.45274242616958,-70.50843651196223,0.11931296965159263,0.33034528848146666,0.06409512995516964,3.569845183601348e-05,2.0339320300585664,3.1193595125173728,nan,nan,nan
504.42,190.63626098632812,-232.4311981201172,-70.50143432617188,190.75252730008893,-232.45606919370064,-70.50636953175182,0.11899908516806136,0.3303916601967898,0.0641184959745227,3.50016456318981e-05,0.8705256318546514,1.7184411368772778,nan,7.75746874661834,nan
504.43,190.64492797851562,-232.43460083007812,-70.5025634765625,190.76104645115876,-232.45936392707364,-70.5075619099985,0.11883473818121691,0.3304381183512397,0.06414192772903135,3.570721799014093e-05,0.8742149682295367,1.8530285964831965,nan,nan,nan
504.44,190.65359497070312,-232.4379425048828,-70.503662109375,190.76956905214553,-232.46258383057892,-70.50812080996391,0.11864679729943128,0.33048466297905454,0.06416542502207663,3.501009584971829e-05,0.7422788223794223,1.8026631629957017,nan,0.2641910872350448,nan
504.45,190.66226196289062,-232.4412078857422,-70.50474548339844,190.78829919976312,-232.4729667846935,-70.50930873758126,0.13005704913533156,0.3304192537198673,0.06415700666801032,3.569399250305942e-05,0.7359999086439697,1.5375271409551552,1.7324655728039031,nan,nan
504.46000000000004,190.67091369628906,-232.4444122314453,-70.50580596923828,190.79682831814344,-232.47607980898334,-70.51066733032927,0.12992674973043486,0.3304656031091801,0.06418048846769261,3.499739760608786e-05,0.8277784284236978,1.5661283550865543,nan,0.03895086214644427,nan
504.47,190.67958068847656,-232.4475555419922,-70.50684356689453,190.80535880842044,-232.4791259720879,-70.51177317565715,0.1297733738314463,0.33051203885381697,0.06420403615284417,3.570283544404022e-05,0.832998062167889,1.690040477706715,nan,nan,nan
504.48,190.68824768066406,-232.4506378173828,-70.50786590576172,190.81389359093131,-232.48210246189922,-70.51215102351249,0.12959660819469027,0.3305585609925546,0.06422764960662221,3.500591967696158e-05,0.6767617612303457,1.5242314824209102,nan,0.354017472860674,nan
504.49,190.6968994140625,-232.4536590576172,-70.50885772705078,190.8224240929119,-232.48502370198813,-70.51321068233422,0.12945707449365987,0.33060516977448634,0.06425132921701367,3.571172533856526e-05,0.6827503156498137,1.4927604406946569,nan,nan,nan
504.5,190.70556640625,-232.45660400390625,-70.50983428955078,190.80077609288207,-232.47170296488744,-70.51378614207223,0.09648046532661765,0.3305397554018248,0.06424280197551784,3.499329368250281e-05,0.6126630252318312,1.9035974351902212,9.406116402429312,0.22166801227847197,nan
504.51,190.7142333984375,-232.45950317382812,-70.51079559326172,190.80926218202507,-232.47447148939125,-70.51480441916823,0.09628390761741205,0.33058616869041596,0.06426646524928835,3.5698590356883194e-05,0.6164851384447273,1.9765744150114806,nan,nan,nan
504.52000000000004,190.72288513183594,-232.46234130859375,-70.51173400878906,190.81775377057747,-232.47717469218807,-70.5149216408193,0.09607418427177788,0.33063266829333576,0.06429019451144477,3.5001864182622766e-05,0.4565913627251083,1.6868306897724574,nan,0.5503501964721107,nan
504.53000000000003,190.73155212402344,-232.4651336669922,-70.51265716552734,190.82624028350133,-232.47982772934148,-70.51589500628124,0.09587620469326154,0.3306792544547124,0.0643139900873048,3.570752951671883e-05,0.45992009861851696,1.8806989109617274,nan,nan,nan
504.54,190.74021911621094,-232.46786499023438,-70.51355743408203,190.83473955988464,-232.48240881453478,-70.51469823976278,0.09563962847667079,0.33072592722066657,0.06433785195382519,3.501046841546145e-05,0.20347269772195442,1.6034679833142975,nan,3.269645049034246,nan
504.55,190.74887084960938,-232.4705352783203,-70.51444244384766,190.83710683405394,-232.48490633394198,-70.5155929019345,0.08940603863493941,0.33066050701062855,0.06432921273074216,3.5694446539578264e-05,0.17392217059604706,1.4792145142345738,0.917409735951425,nan,nan
504.56,190.75753784179688,-232.47315979003906,-70.51530456542969,190.8455795912426,-232.4873993705716,-70.51654964438168,0.08919453750540367,0.3307069840269739,0.064353057435026,3.4997895987269774e-05,0.18107627531401027,1.7196767296493654,nan,0.0022982140341881994,nan
504.57,190.76620483398438,-232.47572326660156,-70.51615905761719,190.85405283272706,-232.48983909029067,-70.51743346610257,0.08898399563126551,0.33075354751624847,0.06437696861251467,3.570341434381518e-05,0.18212968345017178,1.590853337177408,nan,nan,nan
504.58,190.77487182617188,-232.47824096679688,-70.5169906616211,190.86252732111512,-232.49222570491455,-70.51809143876764,0.08877088714377097,0.3308001975298301,0.0644009462882339,3.500652759430455e-05,0.1711723576045754,1.6581640140479186,nan,0.031050337939025435,nan
504.59000000000003,190.7835235595703,-232.48069763183594,-70.51780700683594,190.8710007485632,-232.49456301612287,-70.5189412957869,0.08857648721272889,0.33084693430405143,0.06442499071558441,3.5712407595792444e-05,0.17247310895282747,1.4390188055995006,nan,nan,nan
504.6,190.7921905517578,-232.48312377929688,-70.51860809326172,190.89701371527656,-232.50616753961137,-70.51909850303336,0.10732730780772189,0.33078150732057543,0.06441623605967851,3.4993987148783284e-05,0.13626081686685762,1.3449433287068193,3.218375657572186,0.3941775469792561,nan
504.61,190.8008575439453,-232.48548889160156,-70.5193862915039,190.90551378742978,-232.50842518427308,-70.51991156776306,0.10714139600053112,0.3308280480823094,0.06444026246059481,3.5699352038237806e-05,0.13696138497064092,1.3331829254332437,nan,nan,nan
504.62,190.8095245361328,-232.48780822753906,-70.52015686035156,190.91400884653493,-232.51064013513286,-70.52167111650333,0.10696055392653023,0.3308746752874801,0.06446435555886845,3.500262947660418e-05,0.1946018584850026,1.3202976160200919,nan,0.6523334268445214,nan
504.63,190.8181915283203,-232.49008178710938,-70.52091217041016,190.92250945839552,-232.51280356670628,-70.52246466155121,0.10677509087783621,0.3309213891669831,0.06448851557229389,3.570835698389937e-05,0.19645786067008802,1.3273701117452648,nan,nan,nan
504.64,190.82684326171875,-232.49232482910156,-70.52164459228516,190.89527438040332,-232.5157555241812,-70.52247919318808,0.07233610464356063,0.32423967022344313,0.06450904527798716,3.5009958156037506e-05,0.04573777222965668,1.2596775973437626,nan,0.39588011699820375,0.1898398125710459
504.65000000000003,190.83551025390625,-232.4945068359375,-70.52236938476562,190.9227192441204,-232.52896545419495,-70.5232161181511,0.09377377727174246,0.3241684800693519,0.06450027384089589,3.5693958558229426e-05,0.04692291833844413,0.9081136729458426,3.7886495927734707,nan,nan
504.66,190.84417724609375,-232.49664306640625,-70.52307891845703,190.93096973841173,-232.53106014483978,-70.52686895949198,0.09344429582223712,0.32421007579784844,0.06452426421083059,3.499746670011426e-05,0.4371667461679706,1.2994792158709778,nan,5.9766067609467575,nan
504.67,190.85284423828125,-232.49874877929688,-70.52377319335938,190.9394807668999,-232.53309421605982,-70.52762832889607,0.09327571595829486,0.3242517675483081,0.0645483152879573,3.5703005912967266e-05,0.4429080492288564,1.3763536585091412,nan,nan,nan
504.68,190.86151123046875,-232.5008087158203,-70.52445220947266,190.9478841964123,-232.53509283877315,-70.52960109546581,0.09307094798862957,0.324293533164207,0.06457242712136756,3.5006167842396296e-05,0.7838704650352125,1.7140172945086356,nan,1.0617273324030174,nan
504.69,190.87017822265625,-232.50282287597656,-70.52511596679688,190.95639610828712,-232.53704312160227,-70.53034725451384,0.0929081018238965,0.32433539472629835,0.06459659994414062,3.5712064512618744e-05,0.7927520183339974,1.7222957950719322,nan,nan,nan
504.7,190.87884521484375,-232.50479125976562,-70.52577209472656,190.97117272111294,-232.54456694540085,-70.53097563936443,0.1006655375907597,0.3242643253809592,0.06458772089543305,3.499368197475815e-05,0.8003812637312526,1.5851128158742425,1.3803791114517086,0.00966782252668913,nan
504.71000000000004,190.88751220703125,-232.50672912597656,-70.52641296386719,190.97968717549523,-232.54645158881266,-70.53169638733132,0.10050877289372286,0.3243060140905071,0.06461187188293427,3.569905952152564e-05,0.808465301550966,1.6457505035844182,nan,nan,nan
504.72,190.89617919921875,-232.50863647460938,-70.52703857421875,190.98813523651776,-232.54830118956713,-70.5331915260281,0.1003347458480136,0.3243477773269152,0.06463608387798714,3.500236920232112e-05,1.108041933386384,2.006029333810995,nan,0.43671744088966624,nan
504.73,190.90484619140625,-232.510498046875,-70.52765655517578,190.9966507076224,-232.5501089684028,-70.5338962524084,0.10017997865600282,0.32438963571979046,0.06466035708775311,3.570810538159489e-05,1.1166790439952812,1.9179456441575538,nan,nan,nan
504.74,190.91351318359375,-232.51231384277344,-70.52825927734375,191.00514735489972,-232.55188038867018,-70.53481967917435,0.1000268552805198,0.3244315692836589,0.06468469159902948,3.5011062668788745e-05,1.2555440088419714,2.055766584741648,nan,0.0373608045525281,nan
504.75,190.92218017578125,-232.51409912109375,-70.52884674072266,191.01695392322384,-232.54664314590767,-70.53547545185597,0.10042468106341765,0.32436064096525286,0.06467570228903585,3.569509718306222e-05,1.2806140386708622,2.0516126453726957,11.071576257031506,nan,nan
504.76,190.9308624267578,-232.51585388183594,-70.52942657470703,191.02575567056095,-232.54830253296387,-70.53305166286313,0.1003532956292146,0.32440240189391134,0.06470001433988029,3.49985503336354e-05,0.4250815869604797,1.2562148966034759,nan,6.772533073300575,nan
504.77000000000004,190.9395294189453,-232.517578125,-70.52999877929688,191.03430388316983,-232.549938510612,-70.53368308705078,0.10021460846417078,0.32444425720437703,0.06472438782990159,3.570412026577093e-05,0.4298157212736948,1.1655950410999414,nan,nan,nan
504.78000000000003,190.9481964111328,-232.51925659179688,-70.53055572509766,191.0428570151331,-232.55153967642502,-70.53424713502376,0.10008223623626514,0.3244861883214336,0.0647488228651359,3.5007224110416896e-05,0.4388580520884906,1.1422980023168003,nan,0.002274311598790309,nan
504.79,190.9568634033203,-232.52090454101562,-70.53109741210938,191.05140593673235,-232.55310716317382,-70.53485706684879,0.09994715854685166,0.32452821376365465,0.06477331962478185,3.5713146375613116e-05,0.44539775893919276,1.221011663477849,nan,nan,nan
504.8,190.96554565429688,-232.52252197265625,-70.53163146972656,191.06937770932277,-232.56136421343763,-70.53326635979629,0.11087149401608197,0.32445740597458766,0.06476421726581183,3.4994702435394624e-05,0.12038718616820922,0.8454652162509508,1.5060588745463268,3.306991961190442,nan
504.81,190.97421264648438,-232.52410888671875,-70.53215789794922,191.0779348170239,-232.56288167510093,-70.53383457085738,0.11074488255626351,0.3244992582812501,0.0647886909131684,3.570010071895198e-05,0.12271917760547585,0.7447134933247195,nan,nan,nan
504.82,190.98287963867188,-232.52565002441406,-70.53266906738281,191.0862836911752,-232.5643747834502,-70.53708314431492,0.11050560669793925,0.32454118700815776,0.0648132263435326,3.500334865026648e-05,0.6005269300863798,1.2226601452459627,nan,5.107932307389436,nan
504.83,190.99156188964844,-232.5271759033203,-70.53317260742188,191.0948413647729,-232.5658292569316,-70.5376595197793,0.11036695207300672,0.3245832093150988,0.06483782372250205,3.5709100827929115e-05,0.6076205756045868,1.351079341577917,nan,nan,nan
504.84000000000003,191.00022888183594,-232.52867126464844,-70.53366088867188,191.10340494484834,-232.56725256920038,-70.53815444744433,0.11024522261807726,0.3246253086605996,0.06486248317592316,3.501199544661463e-05,0.620525754476057,1.3604108798427812,nan,0.003684058804287966,nan
504.85,191.00889587402344,-232.53012084960938,-70.53414916992188,191.15055441167988,-232.58837957763558,-70.53869001525148,0.15323785419568975,0.32455463798161777,0.06485326504839578,3.569604101990268e-05,0.6427976222379148,0.8613922502159416,13.345867824752673,nan,nan
504.86,191.017578125,-232.53155517578125,-70.53462219238281,191.15907396089221,-232.58978405026824,-70.54052213235637,0.1531224434580031,0.32459656436411216,0.06487790072944842,3.499943134770013e-05,1.0596624574161722,1.429142129140471,nan,1.164351854397208,nan
504.87,191.0262451171875,-232.532958984375,-70.53508758544922,191.16768977517256,-232.5911570783982,-70.54107447070473,0.15306682271317543,0.32463858360470094,0.06490259858159406,3.570500849062049e-05,1.0689089130478673,1.3655071248786048,nan,nan,nan
504.88,191.03492736816406,-232.53433227539062,-70.53553771972656,191.17630246869834,-232.59250194649067,-70.54166892021433,0.15299745522846273,0.3246806804600071,0.06492735873961712,3.500804972501972e-05,1.1387762395487664,1.5563866048587873,nan,0.0017960546881321364,nan
504.89,191.04359436035156,-232.5356903076172,-70.5359878540039,191.18491936668715,-232.59381891584587,-70.54220522086594,0.15293903413143456,0.32472287014609114,0.06495218135611214,3.5713975065933765e-05,1.1473187812839616,1.4444502955519556,nan,nan,nan
504.90000000000003,191.05227661132812,-232.53700256347656,-70.53642272949219,191.2138223596042,-232.6087400821092,-70.54257482113005,0.17686477489076982,0.3246523193430344,0.06494284468786861,3.4995469443904796e-05,1.1628818851121367,1.4399080720291755,5.643989699652797,0.03133269416707385,nan
504.91,191.0609588623047,-232.53829956054688,-70.53684997558594,191.222460143688,-232.61003419102724,-70.54309419142777,0.1768262178809724,0.32469433557819743,0.06496764285136943,3.5700866976920363e-05,1.1734570123132646,1.4417348786030417,nan,nan,nan
504.92,191.0696258544922,-232.53956604003906,-70.53726959228516,191.2310748326779,-232.61130248780694,-70.54393871283035,0.1767947048539966,0.3247364299762069,0.06499250354700341,3.500405425463073e-05,1.351919158266482,1.5730005824394637,nan,0.07817985147734312,nan
504.93,191.07830810546875,-232.54092407226562,-70.53778076171875,191.23971314011516,-232.61259983905578,-70.5444978017618,0.17673177241544277,0.3247786165222249,0.0650174269222691,3.570980195735102e-05,1.344681193557182,1.6556057052000597,nan,nan,nan
504.94,191.0869903564453,-232.5423583984375,-70.53839111328125,191.24836424796592,-232.61398131402711,-70.54497155827175,0.17667675896488513,0.3248208818159158,0.0650424131193997,3.5012637439402955e-05,1.3178796265241115,1.5412470920600063,nan,0.02291237434536582,nan
504.95,191.0956573486328,-232.54388427734375,-70.53909301757812,191.24605466405993,-232.6136276680907,-70.5457155419862,0.16591368499945397,0.32475046411759456,0.06503295515241961,3.569667576664104e-05,1.3034162649578818,1.573505560074115,2.6389492764801714,nan,nan
504.96000000000004,191.10433959960938,-232.5454864501953,-70.53987884521484,191.2546282252395,-232.615176700065,-70.54714404933247,0.16581973679739972,0.3247925560817339,0.06505791620350665,3.5000008899691135e-05,1.582738725987725,2.0097276655536622,nan,0.2461918826529002,nan
504.97,191.11302185058594,-232.5471649169922,-70.54076385498047,191.26324161611623,-232.61680676050892,-70.54807946599497,0.1657392002179982,0.3248347395391466,0.06508294015304153,3.570557484263747e-05,1.5733906748626796,1.8633069414194412,nan,nan,nan
504.98,191.1217041015625,-232.54891967773438,-70.54173278808594,191.27190178301117,-232.6185170178187,-70.54839599035505,0.16567296557933062,0.32487700224803406,0.06510802714527178,3.500856103208668e-05,1.3426058352432297,1.7093879271083914,nan,0.3551617311714454,nan
504.99,191.13037109375,-232.55076599121094,-70.54278564453125,191.2805159630288,-232.6203068691107,-70.54950430840708,0.16560361081235517,0.32491935645831954,0.06513317732475234,3.5714472055933246e-05,1.3381722679179726,1.7412127078150812,nan,nan,nan
505.0,191.13905334472656,-232.5526885986328,-70.54393005371094,191.28932523371748,-232.62705578879235,-70.55015367978231,0.1677821597029866,0.3248490575885677,0.06512359528732288,3.499591497235243e-05,1.1971525033432522,1.6211603312837082,3.2045912041698394,0.2882669696880212,nan
505.01,191.14773559570312,-232.5546875,-70.54515838623047,191.29792705943865,-232.62901801292335,-70.55143330345956,0.16769578264434687,0.32489123800104697,0.06514871961147463,3.570129539021441e-05,1.193070910161723,1.6590062981535876,nan,nan,nan
505.02000000000004,191.1564178466797,-232.5567626953125,-70.54647827148438,191.3065957513557,-232.63105754574107,-70.55173318396213,0.16763275920365484,0.32493349813763733,0.06517390719456043,3.500443271068866e-05,0.8788889151320056,1.2484396122755002,nan,0.8027005601970095,nan
505.03000000000003,191.16510009765625,-232.55889892578125,-70.5478744506836,191.31519809031084,-232.63317258352293,-70.55317435849184,0.16755319351192147,0.3249758491652028,0.06519915818156934,3.571016057486411e-05,0.876497125515671,1.3994352403189638,nan,nan,nan
505.04,191.1737823486328,-232.56112670898438,-70.54935455322266,191.3238275684607,-232.63536282512192,-70.55425411441323,0.16747708688726903,0.3250182804642155,0.06522447271615318,3.5012948915593233e-05,0.7753614520279624,1.2800932081297127,nan,0.1403532218710419,nan
505.05,191.18246459960938,-232.56341552734375,-70.55091857910156,191.32274515724677,-232.63575830107473,-70.5559036337888,0.15791441521401875,0.3249481106541888,0.0652147638348956,3.569696646158801e-05,0.7890389342534551,1.3819438682174763,1.883084192900725,nan,nan
505.06,191.19113159179688,-232.5657958984375,-70.55256652832031,191.33133099907613,-232.63809622114871,-70.55749577144185,0.157821126289706,0.32499036822274757,0.06524005178989609,3.5000255438674976e-05,0.7868539656894533,1.256744430964342,nan,0.006512150307341348,nan
505.07,191.19981384277344,-232.5682373046875,-70.55429077148438,191.33991114769728,-232.6405064361439,-70.55926455748441,0.1577175347117806,0.3250327161020272,0.06526540336266587,3.570579679140356e-05,0.7853453357492834,1.4087712894147058,nan,nan,nan
505.08,191.20849609375,-232.57073974609375,-70.55609893798828,191.34847729491864,-232.64298782588293,-70.56135703051413,0.1576139881192283,0.32507514467820453,0.06529081869455299,3.500874191624497e-05,0.8821470956495595,1.4396844158686926,nan,0.04165907304213217,nan
505.09000000000003,191.21717834472656,-232.57333374023438,-70.5579605102539,191.35705751555085,-232.6455403288176,-70.56327999140717,0.1575064149330288,0.32511766361141187,0.065316297933883,3.5714626187770545e-05,0.8845160656459159,1.5830921439607346,nan,nan,nan
505.1,191.22586059570312,-232.5759735107422,-70.5598373413086,191.35634000416704,-232.65330672338825,-70.56341555528319,0.15171718896190506,0.3250476111863422,0.06530645942967095,3.499603306175677e-05,0.5227233155008423,1.432092537842055,12.030460695944157,2.608439642235417,nan
505.11,191.2345428466797,-232.57870483398438,-70.56170654296875,191.36487978953846,-232.65602147604963,-70.56535856970284,0.1515879913228127,0.3250899559442048,0.06533191135181815,3.5701384871647894e-05,0.5303698044613058,1.2920986308111129,nan,nan,nan
505.12,191.2432098388672,-232.58148193359375,-70.56354522705078,191.37344304870095,-232.6588051619503,-70.56685596033815,0.15149432841524343,0.3251323817924629,0.06535742724047677,3.500448756550956e-05,0.4700161301947194,1.283959532489392,nan,0.12925814828095974,nan
505.13,191.25189208984375,-232.5843505859375,-70.56535339355469,191.38198263507815,-232.6616555762439,-70.5687502625097,0.1513642963328958,0.32517489746334394,0.06538300724767089,3.571018501073511e-05,0.4799125714179271,1.350706779981941,nan,nan,nan
505.14,191.2605743408203,-232.58726501464844,-70.56712341308594,191.3905545398646,-232.66457379172297,-70.57000635496794,0.15126073684287766,0.3252174947333924,0.06540865150939601,3.501294203561823e-05,0.39428570924757356,1.4262210971400933,nan,0.2603293636495873,nan
505.15000000000003,191.26925659179688,-232.5902557373047,-70.5688705444336,191.3762048428943,-232.65037643143725,-70.57174104397498,0.12272190531196348,0.32514756731453237,0.06539868061005566,3.569692966541445e-05,0.31099289671994856,1.2354936902041453,9.064619374399646,nan,nan
505.16,191.27792358398438,-232.5933074951172,-70.5705795288086,191.38461707325752,-232.65338018929964,-70.57557800602407,0.12254474290678455,0.3251899904225482,0.06542429680074806,3.5000190624675736e-05,0.7938673822630151,1.679555032067643,nan,2.9578093513486765,nan
505.17,191.28660583496094,-232.59642028808594,-70.57225036621094,191.3931358783597,-232.6564525563073,-70.57735594054881,0.12238705104569089,0.3252325028489745,0.06544997731788918,3.570569856329491e-05,0.8099808417509217,1.9118341063856226,nan,nan,nan
505.18,191.2952880859375,-232.59959411621094,-70.57389068603516,191.40168211566098,-232.65958978091996,-70.57855548319904,0.1222330956707599,0.32527509722109793,0.06547572229280864,3.500861901395687e-05,0.701432827808196,1.7483093910927359,nan,0.2104463085781928,nan
505.19,191.303955078125,-232.60284423828125,-70.57550048828125,191.41020028697938,-232.66278870215942,-70.58026376844794,0.1220822345474437,0.3253177809962374,0.06550153188430964,3.571446854683392e-05,0.7149557460584621,1.6072971623234649,nan,nan,nan
505.2,191.31263732910156,-232.60614013671875,-70.57707977294922,191.45496480062238,-232.6834330424159,-70.57987149804154,0.161984863952192,0.3252479691339983,0.06549142580090533,3.499585631803085e-05,0.34182019897854676,0.9914587947193414,11.787338579013591,3.2148372159240237,nan
505.21000000000004,191.32131958007812,-232.60951232910156,-70.57862091064453,191.46353844707068,-232.68678712795685,-70.58149786688034,0.16188229533816312,0.3252904783265078,0.06551720655600513,3.570117234395044e-05,0.3508376359714208,1.1231990874634632,nan,nan,nan
505.22,191.32998657226562,-232.61293029785156,-70.58013916015625,191.47219786786155,-232.69020664596582,-70.58130177893383,0.1618549914440998,0.32533306978026866,0.0655430519683142,3.5004256946358734e-05,0.15757451937310843,0.7079688055723169,nan,2.2679239888830787,nan
505.23,191.3386688232422,-232.61642456054688,-70.58161926269531,191.4807709175664,-232.69368148018924,-70.58285052252862,0.1617502792724894,0.3253757501774881,0.065568962201925,3.570991757825681e-05,0.1612861787492014,0.940079939251337,nan,nan,nan
505.24,191.3473358154297,-232.61996459960938,-70.58307647705078,191.48922952474166,-232.6972090676916,-70.58681394010402,0.16159981813631819,0.32541851330729515,0.0655949373804868,3.501265978123446e-05,0.5177323755198875,1.0962519750973718,nan,4.213725646777344,nan
505.25,191.35601806640625,-232.62356567382812,-70.58450317382812,191.51619180156624,-232.70870938604634,-70.58830503735766,0.18143740334257538,0.325348822406366,0.06558469335366804,3.569661216570834e-05,0.5403686112818638,1.1017675322147458,3.1439898088946068,nan,nan
505.26,191.36468505859375,-232.627197265625,-70.58589935302734,191.52477515887074,-232.712356900684,-70.59021961477423,0.1813826571413044,0.32539141091487433,0.0656106389138645,3.4999861438698065e-05,0.6687608017550803,1.2085332251542416,nan,0.12865944208572683,nan
505.27000000000004,191.3733673095703,-232.6308135986328,-70.58726501464844,191.53337741474508,-232.71600788957036,-70.5916846319447,0.18133073094055566,0.3254340879359643,0.06563664949665861,3.570533104236104e-05,0.6827358432308714,1.3412872224124492,nan,nan,nan
505.28000000000003,191.3820343017578,-232.63436889648438,-70.58860778808594,191.54206584181318,-232.71963029484039,-70.59115455359826,0.18134521189347927,0.32547684796067783,0.06566272522008992,3.5008242956726685e-05,0.32129544418189115,0.8487975842963246,nan,2.7355135092286655,nan
505.29,191.3907012939453,-232.6378631591797,-70.58992004394531,191.55066725665296,-232.72319401347366,-70.59254755352521,0.18132117285666077,0.3255196966190605,0.06568886625641465,3.5714053523822944e-05,0.329742129138376,0.9511230163243501,nan,nan,nan
505.3,191.39938354492188,-232.6413116455078,-70.5912094116211,191.58211617249327,-232.73186399421152,-70.59433456230877,0.2039625151877814,0.32545011908342936,0.06567848148903122,3.499543826337557e-05,0.4105319789801781,0.8705770697403982,8.312549160789464,0.09535273939200498,nan
505.31,191.40805053710938,-232.64468383789062,-70.59247589111328,191.59076644520744,-232.7353036464389,-70.59568188702814,0.2039787517934892,0.3254927927230857,0.06570459211456375,3.570071493640187e-05,0.4195933428583736,0.8138861395527077,nan,nan,nan
505.32,191.41671752929688,-232.6479949951172,-70.59371185302734,191.5993774842024,-232.73867451329878,-70.59794405613125,0.2039738848157856,0.32553554960863157,0.06573076807284425,3.500379697499507e-05,0.6436058911273368,1.1489011405864866,nan,0.6228211638245185,nan
505.33,191.42539978027344,-232.65122985839844,-70.59492492675781,191.6080271385125,-232.7419831433254,-70.59925240270054,0.20397950326062728,0.32557839473851513,0.06575700954182166,3.570941785795261e-05,0.65662077053663,1.174250693110314,nan,nan,nan
505.34000000000003,191.43406677246094,-232.65440368652344,-70.59611511230469,191.61671042374604,-232.74523008033884,-70.5996962402817,0.20401216053425272,0.32562132355085666,0.06578331663125168,3.501216039767754e-05,0.49873167224910725,0.9454802878770052,nan,0.4991009781142702,nan
505.35,191.44273376464844,-232.65753173828125,-70.59728240966797,191.6244189994543,-232.7437515792044,-70.60074580842893,0.2011352297491644,0.32555186294687655,0.06577278838475097,3.5696075318370754e-05,0.44963212946080366,0.826174338052097,3.597579271593095,nan,nan
505.36,191.45140075683594,-232.66058349609375,-70.59841918945312,191.63312811351705,-232.7468599804064,-70.60065616921392,0.20118018786676298,0.3255946166533271,0.06579906425468651,3.499932762239484e-05,0.2566864183911277,0.7958243029164331,nan,1.2241752798644059,nan
505.37,191.4600830078125,-232.66357421875,-70.59954071044922,191.64178590722022,-232.7499021618503,-70.60184808999429,0.20118096682704625,0.3256374582409171,0.06582540582954097,3.570475712448496e-05,0.2629383666464644,0.6628118398241187,nan,nan,nan
505.38,191.46875,-232.66650390625,-70.60063934326172,191.6504682686593,-232.75288675519656,-70.60236114272688,0.20121255018028508,0.32568038371264657,0.06585181321349713,3.5007674766547534e-05,0.19862568542364867,0.5938194087170215,nan,0.30492183888614,nan
505.39,191.4774169921875,-232.66937255859375,-70.60171508789062,191.65912596674082,-232.75580993366603,-70.60350369250435,0.20122815496114846,0.3257233972199726,0.06587828659262811,3.5713445144755985e-05,0.20364075381054159,0.625486072444846,nan,nan,nan
505.40000000000003,191.486083984375,-232.6721954345703,-70.60276794433594,191.65501142621477,-232.7583815079587,-70.60368541075202,0.18964535743661137,0.32565404745562904,0.06586761206601938,3.499484065470289e-05,0.14832564612104523,0.61494975453615,5.830962779973812,0.432859540108616,nan
505.41,191.4947509765625,-232.67495727539062,-70.60379791259766,191.66363539018442,-232.7611976831741,-70.60477607452017,0.18963203816820118,0.32569688548028003,0.06589405340701608,3.57000772563451e-05,0.1512885197308449,0.6772973910167152,nan,nan,nan
505.42,191.50343322753906,-232.6776580810547,-70.60481262207031,191.67227806863053,-232.7639605813101,-70.60531463489875,0.1896231893266735,0.3257398075649549,0.06592056074235679,3.500316996985322e-05,0.1319565047689296,0.6123581294274629,nan,0.20019030011152567,nan
505.43,191.51210021972656,-232.68031311035156,-70.60580444335938,191.68090200301688,-232.76666706799398,-70.60636112113895,0.18960843317914572,0.32578281735924847,0.06594713426341502,3.570875087011876e-05,0.13363301072140962,0.6240719997676627,nan,nan,nan
505.44,191.52076721191406,-232.6829071044922,-70.60677337646484,191.6895651432795,-232.76932508476955,-70.60624011712308,0.18963410377355094,0.32582591161900104,0.06597377406664348,3.501150644434207e-05,0.13331897791929928,0.7108230727329684,nan,0.9307790736114226,nan
505.45,191.52943420410156,-232.68545532226562,-70.60772705078125,191.66926780781634,-232.76089419779407,-70.60715897472521,0.15888607043810815,0.32575667477121506,0.06596295054755942,3.5695384085207706e-05,0.11647410214861235,0.7497710280152579,8.546552066098203,nan,nan
505.46000000000004,191.53811645507812,-232.68795776367188,-70.6086654663086,191.67782762297514,-232.76342584385262,-70.60853017373896,0.1587912461862908,0.3257995934169816,0.06598955747850534,3.499865154209429e-05,0.10817197890010492,0.7532802180968425,nan,0.10951736562928215,nan
505.47,191.54678344726562,-232.69039916992188,-70.60958099365234,191.68640036395118,-232.7659088992538,-70.60949358299885,0.15872810176267477,0.32584259946936933,0.06601623078204265,3.5704041582265465e-05,0.10811826736209199,0.7765706732855329,nan,nan,nan
505.48,191.55545043945312,-232.6927947998047,-70.6104736328125,191.69492613461722,-232.7683360685421,-70.61192812019343,0.1586255602275637,0.32588569012730495,0.06604297054972029,3.500697649787525e-05,0.16856720828765615,0.9497892497445874,nan,1.5642501332788619,nan
505.49,191.5641326904297,-232.6951446533203,-70.61135864257812,191.7034991901097,-232.77072127165516,-70.61287170900665,0.15854695153805526,0.3259288683758098,0.0660697769800765,3.5712707727299894e-05,0.17248559111868073,0.8129486469011769,nan,nan,nan
505.5,191.5727996826172,-232.69744873046875,-70.61221313476562,191.69700252758972,-232.75053828533626,-70.61154289762328,0.13507515224173455,0.32585973954040925,0.06605880166986135,3.4994124867662546e-05,0.060304777379160644,0.9659451414455451,22.340782410289478,3.523516367878178,nan
505.51,191.5814666748047,-232.69970703125,-70.6130599975586,191.7055862084424,-232.75276876459307,-70.61243047850658,0.1349874159692461,0.3259027418154142,0.06608557438403431,3.5699322799710964e-05,0.0584970903816289,0.7516984578694283,nan,nan,nan
505.52000000000004,191.5901336669922,-232.70191955566406,-70.6138916015625,191.71416383865332,-232.75495285085194,-70.61351170655213,0.13489313622639615,0.3259458288136223,0.06611241374102345,3.5002436539293965e-05,0.05144773601396258,0.7205494147475233,nan,0.031005642810799094,nan
505.53000000000003,191.59881591796875,-232.70408630371094,-70.61470031738281,191.72274781734308,-232.75709346974904,-70.61436979799137,0.13479237581179085,0.3259890031316586,0.06613931994378729,3.570797920582632e-05,0.05029838385320404,0.9355963077462339,nan,nan,nan
505.54,191.60748291015625,-232.7062225341797,-70.61549377441406,191.73130790513815,-232.7591865701331,-70.61605923626557,0.1346779055147783,0.32603226255133183,0.06616629307740964,3.5010757564043986e-05,0.05630463432444319,0.9159288520743569,nan,0.5059033174587014,nan
505.55,191.6161651611328,-232.7082977294922,-70.61627197265625,191.73560307820526,-232.75022925232489,-70.61693789542404,0.12658638194847907,0.3259632426267149,0.06615516329352134,3.569459984803238e-05,0.07694297518408941,0.9621052957262591,7.049288925877679,nan,nan
505.56,191.6248321533203,-232.71034240722656,-70.61703491210938,191.74419270594944,-232.7522085566709,-70.61803770585595,0.12649395870366728,0.3260063259021912,0.06618210185259268,3.499789159800544e-05,0.09326071293352278,0.981667986596108,nan,0.05445340083547394,nan
505.57,191.6334991455078,-232.71234130859375,-70.61778259277344,191.75279007123896,-232.75414805494188,-70.61884829287511,0.12640911643832595,0.32604949624632007,0.06620910743683286,3.570324453117051e-05,0.09632601158048126,0.9703418214776284,nan,nan,nan
505.58,191.64218139648438,-232.71429443359375,-70.61851501464844,191.76138764574975,-232.7560472873264,-70.61964495763782,0.12631194492168046,0.32609275275167576,0.06623618015945484,3.642290259589337e-05,0.09949696916999942,1.017456738400955,nan,nan,nan
505.59000000000003,191.65084838867188,-232.71621704101562,-70.6192398071289,191.76998544608023,-232.75790692350196,-70.62042786422371,0.126226368993591,0.3261360955627584,0.06626332016495884,3.7157010292374e-05,0.10243313232252663,0.8518949238099898,nan,nan,nan
505.6,191.65953063964844,-232.71810913085938,-70.61994171142578,191.80348018415455,-232.76868787926324,-70.61985679839232,0.15257682774209994,0.32606718048263916,0.06625203311570262,3.6350926297842306e-05,0.09313816230017997,0.9586790357604076,6.339237030424082,1.1185547021414108,nan
505.61,191.66819763183594,-232.71995544433594,-70.6206283569336,191.8121242736703,-232.77048273921187,-70.62059933646611,0.15253814801347837,0.3261103468034741,0.06627913767853882,3.708274144710069e-05,0.09303114979567749,0.9397802605040747,nan,nan,nan
505.62,191.6768798828125,-232.7217559814453,-70.62130737304688,191.8207345385918,-232.77223330989136,-70.62273712365521,0.15246037801092932,0.32615359831399704,0.06630630951763637,3.630320772576359e-05,0.1492983309470652,0.8249256479655782,nan,1.2997635087212944,nan
505.63,191.685546875,-232.72352600097656,-70.6219711303711,191.82937909546894,-232.77395421807114,-70.62346797298912,0.15242359811455,0.3261969369452738,0.06633354884976118,3.703373434624102e-05,0.15354494094246424,0.8868292247104337,nan,nan,nan
505.64,191.69422912597656,-232.7252655029297,-70.62261962890625,191.8380667427722,-232.77564846917232,-70.62235044538882,0.15240661321814472,0.32624036112840477,0.06636085574659456,3.625687254403308e-05,0.09507909551476408,0.9390392477430637,nan,2.2154815482141954,nan
505.65000000000003,191.70289611816406,-232.7269744873047,-70.62326049804688,191.86772646883722,-232.78629658476876,-70.623167146304,0.17518037694080055,0.3261715510291283,0.06634940878694935,3.696265834324166e-05,0.11401205631122918,0.8055765038711304,4.7417190697453355,nan,nan
505.66,191.71157836914062,-232.7286376953125,-70.6238784790039,191.85652806707577,-232.799142407381,-70.6251004858732,0.16119188148334473,0.3248132794990307,0.06592883805769485,3.6187444538729155e-05,0.11958745668519193,1.0470872306823549,nan,1.0764077789740805,0.28117312943527617
505.67,191.7202606201172,-232.7302703857422,-70.62449645996094,191.86519494628766,-232.8007706292783,-70.62578062591355,0.16117658739200968,0.3248545263328295,0.06595369264247386,3.691464298017143e-05,0.12291613173533897,0.7279587301598437,nan,nan,nan
505.68,191.7289276123047,-232.73187255859375,-70.62509155273438,191.87388982489378,-232.80235747697935,-70.62603361451235,0.16119259995094026,0.32489585125120873,0.06597860749203052,3.614406367451881e-05,0.10269588949857372,1.0167562407061765,nan,0.11430877373048151,nan
505.69,191.73760986328125,-232.7334442138672,-70.62567901611328,191.88255759770422,-232.8039205949907,-70.62668705149619,0.16117624560074542,0.3249372677015844,0.0660035840243161,3.687018433173622e-05,0.1056066967210452,0.9006988017532138,nan,nan,nan
505.7,191.7462921142578,-232.7349853515625,-70.62625885009766,191.88856851738066,-232.80684713326528,-70.62638216994436,0.15939481096590968,0.32486323871303036,0.06599384614172484,3.6079756389062635e-05,0.08800084758345282,0.7723980479879107,1.305650515269524,0.557744973874691,nan
505.71000000000004,191.7549591064453,-232.7364959716797,-70.62682342529297,191.89722395423902,-232.80835424998625,-70.62700434812588,0.15938297215205596,0.32490448354870866,0.06601879647903727,3.6803956681240514e-05,0.08834258460857518,0.8775614142213977,nan,nan,nan
505.72,191.76364135742188,-232.73797607421875,-70.62737274169922,191.90581944666297,-232.80984978023093,-70.62857178130119,0.15931690548131713,0.32494580707461374,0.06604380737152099,3.603927996748683e-05,0.12724110147993933,1.0504278897263697,nan,0.6075057381015302,nan
505.73,191.77232360839844,-232.7394256591797,-70.62791442871094,191.9144756419691,-232.81129646985192,-70.62918298652323,0.15929288532097047,0.3249872214009017,0.06606888013042768,3.67625386114243e-05,0.1310213274491828,0.9594353638569544,nan,nan,nan
505.74,191.781005859375,-232.7408447265625,-70.62844848632812,191.92317860227723,-232.81269916308358,-70.62902946446954,0.15929998872475443,0.32502871502576447,0.06609401375565045,3.600023588792875e-05,0.0965285770335831,0.8348747643091039,nan,0.37973691713594904,nan
505.75,191.78968811035156,-232.7422332763672,-70.62896728515625,191.9489557326102,-232.82361057169172,-70.62965380003187,0.17885444080851362,0.3249548633718033,0.06608415972485232,3.66995330698588e-05,0.12757593807872855,0.9694080843981893,2.7661692947211836,nan,nan
505.76,191.79835510253906,-232.7436065673828,-70.62947845458984,191.9576108128283,-232.82499840587795,-70.6306347855571,0.17885287175400877,0.3249961855772516,0.06610926654949241,3.5940491809365346e-05,0.15178401710723627,0.9760330485985738,nan,0.11010205368287415,nan
505.77000000000004,191.80703735351562,-232.74493408203125,-70.62997436523438,191.9662907224869,-232.82635112429813,-70.63120475946926,0.1788627523274685,0.32503759790078424,0.06613443542335194,3.6661145761491256e-05,0.155863387760666,1.0748506041094177,nan,nan,nan
505.78000000000003,191.8157196044922,-232.74624633789062,-70.6304702758789,191.97497411271607,-232.8276760129455,-70.63171567040176,0.17886962116773364,0.32507909005298524,0.06615966544648752,3.5904352872187844e-05,0.15768470273303004,0.8178839516584484,nan,0.0016654217900206483,nan
505.79,191.82440185546875,-232.74752807617188,-70.63095092773438,191.98365502525806,-232.82897557926182,-70.63226701966246,0.1788770525961694,0.3251206723178597,0.06618495778689275,3.662424527717021e-05,0.16172177972432497,0.9734150938670026,nan,nan,nan
505.8,191.8330841064453,-232.74879455566406,-70.63141632080078,191.97643900384165,-232.82383251169583,-70.6318329390993,0.16180696840292594,0.32504698566757445,0.06617498384554052,3.5847651662424934e-05,0.10824353941761662,1.1225150027011344,3.81235280768023,0.4337490714134278,nan
505.81,191.84176635742188,-232.75003051757812,-70.63188171386719,191.98509214899917,-232.82507152880493,-70.63235609594945,0.16178275846195625,0.32508839610061385,0.06620024870704447,3.656594220865027e-05,0.10945023966577927,0.8409796937278798,nan,nan,nan
505.82,191.85044860839844,-232.75123596191406,-70.63233184814453,191.99383174766285,-232.82625794089324,-70.63131087782413,0.1618272669721216,0.32512988684469113,0.06622557499434564,3.5814381040595614e-05,0.1323300053699563,1.0330844944422481,nan,1.6398456808183626,nan
505.83,191.859130859375,-232.75241088867188,-70.63277435302734,192.00248561925326,-232.82744758134987,-70.63180216606753,0.16180864493373573,0.3251714670898464,0.06625096378190964,3.653202693693919e-05,0.1290641752849118,0.9867378855767743,nan,nan,nan
505.84000000000003,191.86781311035156,-232.75357055664062,-70.63320922851562,192.01114949673638,-232.82861015495985,-70.63210599700948,0.1617945552159403,0.3252131281947912,0.06627641430388591,3.57825129221345e-05,0.13711674280065053,0.996705143056371,nan,0.021760106595571208,nan
505.85,191.87649536132812,-232.7547149658203,-70.63363647460938,192.01421845842165,-232.8274168144635,-70.632574263098,0.15573804468550898,0.32513961483317416,0.06626631875549155,3.647682273068337e-05,0.12993280510353217,1.024093567989396,0.2991945511444316,nan,nan
505.86,191.8851776123047,-232.75582885742188,-70.6340560913086,192.02282187774196,-232.82854632711704,-70.63384613688784,0.15567215000600626,0.3251811042269185,0.06629174115781872,3.5730211975151806e-05,0.10013676983053568,0.9597052231946438,nan,0.43914612263169134,nan
505.87,191.8938751220703,-232.7570343017578,-70.63456726074219,192.03146769742565,-232.82969435108834,-70.6343644591517,0.15559961661300614,0.3252226825540519,0.06631722624256456,3.644582890955397e-05,0.09958580295595516,1.1033737534780115,nan,nan,nan
505.88,191.90255737304688,-232.75831604003906,-70.63516998291016,192.04006005878693,-232.83094605148563,-70.636040334694,0.1555084070418226,0.3252643421560271,0.06634277333071165,3.570113411064274e-05,0.11926446297429431,1.1502893485650323,nan,0.7661761124649064,nan
505.89,191.91123962402344,-232.7596893310547,-70.6358642578125,192.04870653147444,-232.83226522328735,-70.63675736083214,0.15545162723661826,0.3253060907427003,0.06636838337189564,3.6416258101619014e-05,0.11949935184539848,1.2129087909410754,nan,nan,nan
505.90000000000003,191.919921875,-232.76113891601562,-70.63665008544922,192.05161048298712,-232.8286455400362,-70.63618122762898,0.14798396395520633,0.32523274096128996,0.06635816266708339,3.5651704485977687e-05,0.08452567662319276,1.1919949531800238,0.9023144971792038,1.2769594501392125,nan
505.91,191.92860412597656,-232.76268005371094,-70.63753509521484,192.06025522845866,-232.83011908187538,-70.63706860567584,0.14791975161216908,0.3252743174632609,0.06638374388388384,3.636549439593916e-05,0.08394191485058913,0.9710632942428123,nan,nan,nan
505.92,191.9373016357422,-232.76429748535156,-70.63849639892578,192.06885058331713,-232.83169098252415,-70.63908749474209,0.14780851959034866,0.32531597561301573,0.06640938736667243,3.562533735948943e-05,0.0874148710463337,1.4189735752563055,nan,0.7380258468512483,nan
505.93,191.94598388671875,-232.76600646972656,-70.63955688476562,192.07749587960762,-232.8333275122156,-70.6401651427921,0.14774267160586896,0.3253577222420712,0.06643509398489977,3.633873233793382e-05,0.08736905554652691,1.0909646703821338,nan,nan,nan
505.94,191.9546661376953,-232.7677764892578,-70.64069366455078,192.08614733960633,-232.8350422095249,-70.64120139105535,0.1476896792779262,0.32539955101520385,0.066460863175074,3.560028746420179e-05,0.08410615586784627,1.4087449322788959,nan,0.011516457605491654,nan
505.95,191.96334838867188,-232.76963806152344,-70.64192199707031,192.0984510794,-232.84114576512295,-70.64242641138631,0.15286053496523763,0.3253263705079274,0.06645051539399864,3.6290839557392194e-05,0.10175351064719429,1.263883063407403,0.9543969388363558,nan,nan
505.96000000000004,191.9720458984375,-232.77157592773438,-70.64323425292969,192.10702546922377,-232.84305461473735,-70.64531451297098,0.15275148021264912,0.3253680272497607,0.06647625508504726,3.555494165486093e-05,0.21606361739587873,1.4615248419614841,nan,1.642116822082594,nan
505.97,191.98072814941406,-232.77359008789062,-70.6446304321289,192.1156694079172,-232.84501772797324,-70.64675379141059,0.15269433410845454,0.325409772003744,0.06650205809304786,3.6266786955302553e-05,0.21826018635382982,1.4567267166431825,nan,nan,nan
505.98,191.98941040039062,-232.77566528320312,-70.64611053466797,192.12427995012536,-232.84706867363812,-70.64904775189808,0.15263311192633847,0.3254515992159926,0.06652792392812708,3.5532472230024695e-05,0.33642917576861664,1.5284004472002062,nan,0.40615593883338297,nan
505.99,191.99810791015625,-232.77783203125,-70.64767456054688,192.13292407236548,-232.84918417516295,-70.65066266977495,0.15256295366359113,0.32549351454121517,0.06655385335341482,3.624404706109161e-05,0.3396054253033016,1.541814258261912,nan,nan,nan
506.0,192.0067901611328,-232.7800750732422,-70.6493148803711,192.14061563521227,-232.84578854377133,-70.64950979423217,0.14908908649861008,0.3254204956899744,0.0665433751337435,3.5489745747542405e-05,0.068575147270715,1.4883830399882914,3.212753534701689,5.726797456289091,nan
506.01,192.01547241210938,-232.78237915039062,-70.65103912353516,192.14927268524252,-232.84803506565913,-70.65126102544438,0.14904114043010927,0.3254622386428343,0.06656927432960293,3.620020617808157e-05,0.06861886604246453,1.3313940687170134,nan,nan,nan
506.02000000000004,192.02415466308594,-232.78477478027344,-70.65284729003906,192.15801534281783,-232.8503254294975,-70.65098497987121,0.14906051586903518,0.3255040643317163,0.06659523660140913,3.5469750420054827e-05,0.16473004205359504,1.3791395924194028,nan,3.0539553299498827,nan
506.03000000000003,192.03285217285156,-232.7872314453125,-70.65470886230469,192.1666720237666,-232.85271689548208,-70.65286722288296,0.1489949271572582,0.32554597772016325,0.06662126264508086,3.618002070947702e-05,0.1604370797206715,1.6295294231414603,nan,nan,nan
506.04,192.04153442382812,-232.7897491455078,-70.65658569335938,192.17535730756657,-232.85516996400494,-70.65405506334046,0.14897936700496778,0.32558797429568376,0.06664735206800915,3.545095160503819e-05,0.24710943417018444,1.5464356211223425,nan,0.3681229760117593,nan
506.05,192.0502166748047,-232.79234313964844,-70.658447265625,192.17647016950858,-232.8557781982112,-70.65596520577249,0.14131564740295785,0.3255151207161658,0.06663674130395185,3.6138758800499944e-05,0.23584632060430244,1.6906319100416316,0.8977592542177666,nan,nan
506.06,192.05889892578125,-232.79501342773438,-70.66028594970703,192.18507767031002,-232.85839172542413,-70.65870302356993,0.14121044523711251,0.3255569449129499,0.06666279978999923,3.541189775412749e-05,0.1358196957049005,1.561416636829332,nan,0.4902396448527461,nan
506.07,192.06759643554688,-232.79774475097656,-70.66209411621094,192.19371692761138,-232.86106323562555,-70.66057930892275,0.14113080336325046,0.3255988564285164,0.06668892222854474,3.6121007624772486e-05,0.12832601227074075,1.5661025261313362,nan,nan,nan
506.08,192.07627868652344,-232.80055236816406,-70.66386413574219,192.20232550337823,-232.86381323978216,-70.66325076793689,0.1410323159321031,0.3256408513586256,0.06671510828797254,3.5395411828423085e-05,0.07512083399191122,1.7307594858069202,nan,0.47077715444518636,nan
506.09000000000003,192.0849609375,-232.8034210205078,-70.66560363769531,192.2109640193938,-232.86662025986823,-70.66507207523634,0.14096525480102637,0.3256829337507062,0.06674135857574279,3.610443094648669e-05,0.07203958655235469,1.578983649814431,nan,nan,nan
506.1,192.09364318847656,-232.8063507080078,-70.66731262207031,192.23079817310938,-232.87335997058463,-70.66812634870098,0.15265121431467912,0.3256102394539065,0.06673061206659088,3.535867959039253e-05,0.08793464555262999,1.4057132192511304,1.4945391662558025,1.1629658669892264,nan
506.11,192.10232543945312,-232.80935668945312,-70.66898345947266,192.23945774300068,-232.87630424286996,-70.66989425745872,0.15260430248761644,0.32565214915213975,0.06675683066237516,3.6066760115628544e-05,0.0919573831230814,1.618551261123227,nan,nan,nan
506.12,192.1110076904297,-232.8124237060547,-70.67062377929688,192.24814597600115,-232.87930326622813,-70.67077846370724,0.15257722263084303,0.3256941424614625,0.0667831131146186,3.5344385845635206e-05,0.0693989706744325,1.4770526426006885,nan,0.5014544743250119,nan
506.13,192.11968994140625,-232.8155517578125,-70.67223358154297,192.25680496347252,-232.88237656437533,-70.67247349407099,0.1525324280486437,0.3257362228973947,0.06680945997576435,3.60524399824964e-05,0.07009641042885002,1.3953498504846638,nan,nan,nan
506.14,192.1283721923828,-232.81874084472656,-70.6738052368164,192.2654749296589,-232.8855095424855,-70.67379916167937,0.15249662162134872,0.32577838735722026,0.06683587099414208,3.533114832140265e-05,0.06828932843761547,1.6202913670233547,nan,0.0791319957041268,nan
506.15000000000003,192.13705444335938,-232.82200622558594,-70.67535400390625,192.2770043597654,-232.887806150875,-70.6754372061961,0.15464674646666676,0.32570585432246735,0.0668249864842195,3.601702406872022e-05,0.06500701417635096,1.3697345516580963,0.6851823759696606,nan,nan
506.16,192.14573669433594,-232.8253173828125,-70.67686462402344,192.28570292177506,-232.89105259591238,-70.67609892886959,0.15463586050426545,0.32574784602951606,0.06685136507183402,3.529762905818538e-05,0.08128118182243182,1.6012623058114546,nan,0.6105472316179026,nan
506.17,192.1544189453125,-232.82867431640625,-70.6783447265625,192.29437145215752,-232.89435916100362,-70.67765981845051,0.15460165613960306,0.3257899245550611,0.06687780824769014,3.600483096202983e-05,0.0775666817366946,1.6505358963972365,nan,nan,nan
506.18,192.16310119628906,-232.83201599121094,-70.67980194091797,192.303046630681,-232.89767468184328,-70.67896326702117,0.1545849010628342,0.3258320872588327,0.06690431580942542,3.528640819678796e-05,0.08439420090494698,1.4051027997615442,nan,0.03627327425469222,nan
506.19,192.17178344726562,-232.83531188964844,-70.68122100830078,192.31171439600544,-232.90096511544775,-70.68046486159659,0.1545690403377036,0.3258743369598185,0.06693088823769075,3.5993660790073645e-05,0.08030624617176327,1.7616353540538139,nan,nan,nan
506.2,192.1804656982422,-232.83856201171875,-70.6826171875,192.33944518862413,-232.9084239183799,-70.68094903650892,0.17366043617404753,0.3258019604355198,0.06691986266403765,3.525489407119872e-05,0.15646624287529415,1.6754725545253848,6.169360906385708,0.715518795083733,nan
506.21000000000004,192.18914794921875,-232.8417510986328,-70.68399047851562,192.3481547007514,-232.91161359592982,-70.68238661455564,0.17368502509180445,0.3258440370883459,0.06694640188234491,3.5961345117917775e-05,0.14908463254578164,1.480208102448925,nan,nan,nan
506.22,192.1978302001953,-232.84487915039062,-70.6853256225586,192.3568564979273,-232.91474697842145,-70.68406249572567,0.17370225172255768,0.3258861980479864,0.06697300570939729,3.524556447002633e-05,0.12283909617869572,1.8964721348531999,nan,0.04881108114213019,nan
506.23,192.2064971923828,-232.8479461669922,-70.6866455078125,192.36556542133638,-232.91781743390737,-70.68545020664568,0.17374154410398968,0.32592844573431,0.06699967458194918,3.595211659885086e-05,0.11734384005023073,1.4745316199559972,nan,nan,nan
506.24,192.21517944335938,-232.8509521484375,-70.68792724609375,192.37426619139137,-232.92083027535574,-70.68709414293805,0.1737591438798703,0.32597077810857006,0.06702640836167198,3.523714350234969e-05,0.09731811901283507,1.9037773146187358,nan,0.05527488884410519,nan
506.25,192.22386169433594,-232.85389709472656,-70.68919372558594,192.40764565125755,-232.94820913839288,-70.68830881524525,0.2065722330532237,0.3258985588111744,0.0670152393525139,3.592172403213227e-05,0.16914281188918717,1.4502126101829271,21.48140166776779,nan,nan
506.26,192.2325439453125,-232.85679626464844,-70.6904296875,192.41639342145592,-232.95114858077392,-70.68828782703373,0.2066581162275273,0.3259407180325864,0.06704193915363106,3.520836965025787e-05,0.27772667043955046,1.7974842321507503,nan,1.2417895546766267,nan
506.27000000000004,192.2412109375,-232.859619140625,-70.69164276123047,192.4251065665094,-232.95404238765101,-70.68956389485093,0.20673092084428846,0.32598296373240376,0.06706870417776155,3.5914306917320384e-05,0.26793645219907103,1.7401992710756273,nan,nan,nan
506.28000000000003,192.24989318847656,-232.86239624023438,-70.69283294677734,192.43384646208796,-232.95686915239318,-70.68972933503383,0.2068177226689444,0.32602529421401155,0.06709553432537978,3.52016627247528e-05,0.42136523685168936,1.8237893088023323,nan,0.8246162076881277,nan
506.29,192.25857543945312,-232.86512756347656,-70.6939926147461,192.44255930847598,-232.95964973603049,-70.69094787799644,0.20686656469039813,0.3260677113819256,0.06712242997653291,3.590775887887659e-05,0.40596324237628956,2.1116302173212054,nan,nan,nan
506.3,192.2672576904297,-232.86778259277344,-70.69513702392578,192.41778538746212,-232.93508489380025,-70.69200547470858,0.16491814302219981,0.3259956454715949,0.0671111145850732,3.517457903102382e-05,0.3486368943442335,1.748917463782431,21.211262285714152,0.009542838719751137,nan
506.31,192.2759246826172,-232.8704071044922,-70.69625091552734,192.4264749387343,-232.93769339348862,-70.69317795880299,0.16493109884695772,0.3260378892052285,0.0671379754550199,3.5879977401877485e-05,0.3330193208602537,2.198912458908916,nan,nan,nan
506.32,192.28460693359375,-232.87295532226562,-70.69734954833984,192.43518869851465,-232.9402404420838,-70.69326041382237,0.16498144227985262,0.32608021779349633,0.06716490165929019,3.516946320710771e-05,0.5452757301255706,2.006475537521441,nan,0.7983304986155116,nan
506.33,192.2932891845703,-232.87547302246094,-70.69842529296875,192.44387802419453,-232.94274489009572,-70.69437971511277,0.16498142166507743,0.32612263285019116,0.0671918935438918,3.58750589710964e-05,0.5260355885680054,2.1357846935851876,nan,nan,nan
506.34000000000003,192.3019561767578,-232.8779296875,-70.69947814941406,192.45258420637123,-232.94519226507828,-70.69468879984927,0.16503331638474458,0.32616513311695855,0.06721895105913898,3.516511030170198e-05,0.7221159319336474,2.3845790271707887,nan,0.43602156096931155,nan
506.35,192.31063842773438,-232.88034057617188,-70.70050811767578,192.47836538154698,-232.95505674226635,-70.69565661079959,0.18368008501218203,0.3260932203567925,0.06720748682837822,3.584887892164939e-05,0.7430624491944183,2.4499658986195807,3.1376091875171,nan,nan
506.36,192.31932067871094,-232.88270568847656,-70.70152282714844,192.4871110454933,-232.95741414515987,-70.6953472782128,0.1837745849937258,0.32613554704507675,0.06723450876539457,3.5140307256329224e-05,1.1718053409451248,2.6955131024467254,nan,1.2914971418637908,nan
506.37,192.3280029296875,-232.88502502441406,-70.7025146484375,192.49582860849816,-232.95973453059509,-70.69636294687187,0.183806453135419,0.3261779600016409,0.06726159655782808,3.5845465383939644e-05,1.142272147981252,2.8072392674510622,nan,nan,nan
506.38,192.336669921875,-232.8872833251953,-70.70348358154297,192.50454323687356,-232.96200933854973,-70.6975076118067,0.18385086122925673,0.32622045821314083,0.06728875018561357,3.513737569218038e-05,1.1029313060211776,2.9272536094644885,nan,0.015331466048674532,nan
506.39,192.34535217285156,-232.88951110839844,-70.70443725585938,192.51326090091553,-232.9642372815187,-70.69848735641698,0.18388241681202974,0.32626304292426506,0.0673159699513159,3.584277282551962e-05,1.0742725074213406,2.769875967505371,nan,nan,nan
506.40000000000003,192.35403442382812,-232.89169311523438,-70.70536804199219,192.52554204922197,-232.95809374209904,-70.69963598533218,0.1840020795801197,0.3261912801213979,0.0673043540318149,3.511396385748094e-05,1.0427435794452358,3.041985778045153,9.883607154932978,0.03972799452264008,nan
506.41,192.3627166748047,-232.89382934570312,-70.70628356933594,192.53429048383413,-232.96020477309108,-70.70058110982076,0.18405376211945856,0.3262336909813499,0.06733153739395599,3.581873915599364e-05,1.0151041811962744,2.888970119239806,nan,nan,nan
506.42,192.3713836669922,-232.8959197998047,-70.7071762084961,192.54298536585708,-232.96229342930556,-70.70453460086983,0.1840097275615797,0.3262761871243152,0.06735878679098922,3.511233819368418e-05,0.3062421356473223,2.450971149582678,nan,6.423061412719594,nan
506.43,192.38006591796875,-232.89797973632812,-70.70805358886719,192.55173393190964,-232.9643191106038,-70.70547504019183,0.18405832907795708,0.3263187695907356,0.06738610249993644,3.5817381164314385e-05,0.2933918343488997,2.3350201863275206,nan,nan,nan
506.44,192.3887481689453,-232.89999389648438,-70.70891571044922,192.56049160628055,-232.96629979237716,-70.70586437423887,0.18412384623001904,0.32636143767526976,0.06741348453826847,3.5111338112125086e-05,0.37316861405387336,2.297267038026421,nan,0.20027464340788925,nan
506.45,192.39743041992188,-232.90196228027344,-70.70976257324219,192.5681139473202,-232.96369746174767,-70.70676894120115,0.18152977989737185,0.3262898238907622,0.06740171441536634,3.579464979685529e-05,0.37700392203719535,2.2672573751731164,1.467235571606749,nan,nan
506.46000000000004,192.40611267089844,-232.9038848876953,-70.71058654785156,192.5768938365961,-232.96557907441786,-70.70621585660527,0.18163557518938628,0.3263323179460197,0.06742905922624307,3.508977859124648e-05,0.671349183274689,2.809717695142753,nan,1.4546265787440447,nan
506.47,192.41477966308594,-232.90577697753906,-70.71139526367188,192.58565116669914,-232.9674305369751,-70.70707176339758,0.18170559923345442,0.3263748981623027,0.06745647052106199,3.57945114361439e-05,0.6495858695470913,2.872977609681628,nan,nan,nan
506.48,192.4234619140625,-232.9076385498047,-70.71218872070312,192.59440465067325,-232.96924560867055,-70.70820360975405,0.18174908531090841,0.32641756400274735,0.0674839483391104,3.50899283416469e-05,0.5803555114210848,2.7614873974523935,nan,0.05963468856383513,nan
506.49,192.43214416503906,-232.90945434570312,-70.71297454833984,192.60316280107298,-232.9710215867784,-70.70903190443477,0.18180606009009959,0.3264603162539393,0.06751149292530055,3.579495723634232e-05,0.5623947164811032,2.348090860542007,nan,nan,nan
506.5,192.44082641601562,-232.91123962402344,-70.71372985839844,192.60078045718558,-232.96111899778694,-70.70798748633109,0.16764910393616253,0.3263888487318273,0.06749956583115099,3.506948683221838e-05,1.1061886993157626,3.740813794678619,4.372248805483348,2.4464586218540934,nan
506.51,192.4495086669922,-232.91299438476562,-70.7144775390625,192.60953662671992,-232.9627936695374,-70.70876842212019,0.167694694831593,0.3264314266852356,0.0675270723425122,3.5773947217338546e-05,1.0777585785378587,3.4422932734191174,nan,nan,nan
506.52000000000004,192.45819091796875,-232.91470336914062,-70.7152099609375,192.6182642296188,-232.96444453922453,-70.7116956323152,0.167660369824226,0.32647409025574664,0.06755464556609567,3.507068173532985e-05,0.5194491333441953,2.8451196286341722,nan,3.281236991364274,nan
506.53000000000003,192.4668731689453,-232.9163818359375,-70.71593475341797,192.62702077056744,-232.96604922128628,-70.71247052209254,0.16770839087946834,0.3265168400929523,0.06758228572838802,3.577545891501308e-05,0.5034092758271875,2.5629688773901793,nan,nan,nan
506.54,192.47555541992188,-232.9180145263672,-70.71663665771484,192.635760016656,-232.9676272563843,-70.71462246714063,0.16772296431367595,0.3265596758666746,0.06760999289585233,3.507237753326775e-05,0.28419767579766786,2.649971306604373,nan,1.3597546195948376,nan
506.55,192.48423767089844,-232.9196319580078,-70.71732330322266,192.63120077713222,-232.9616530210375,-70.71551908462128,0.15286327072514674,0.3264883531655706,0.06759790628220629,3.5755482489678675e-05,0.2631830704276423,2.9246048475630086,2.448384326269259,nan,nan
506.56,192.492919921875,-232.92120361328125,-70.71800231933594,192.6399362919091,-232.96314541017836,-70.7165896532625,0.15288859673106756,0.3265310144344448,0.06762557452557774,3.5053402906769625e-05,0.22973042403773966,2.4795544466213095,nan,0.07169447953974155,nan
506.57,192.50160217285156,-232.92276000976562,-70.71866607666016,192.64867584324796,-232.96460457827772,-70.7173316244152,0.1529163601470573,0.3265737618362593,0.06765330987600797,3.5757957502023696e-05,0.22341147877992865,2.717616173229546,nan,nan,nan
506.58,192.51028442382812,-232.9242706298828,-70.71931457519531,192.6574146951146,-232.96603302600684,-70.7181392912435,0.15294703577127036,0.32661659515062064,0.067681112415335,3.505600529042423e-05,0.2136848900777533,2.679701370895497,nan,0.004275181903678495,nan
506.59000000000003,192.5189666748047,-232.92576599121094,-70.7199478149414,192.6661544718732,-232.9674306444582,-70.71885782237646,0.15297509280888802,0.32665951486165573,0.06770898234733676,3.5760894545175086e-05,0.20831974963358985,2.9355201670134763,nan,nan,nan
506.6,192.52764892578125,-232.92721557617188,-70.72057342529297,192.6777601277765,-232.96859257753928,-70.71933913335114,0.155714330372055,0.32658833450041314,0.06769673351528337,3.503790696751567e-05,0.2364888611079695,2.66036277961095,0.7220203002901715,0.07422372067493142,nan
506.61,192.5363311767578,-232.92864990234375,-70.72118377685547,192.68650858584226,-232.969928513321,-70.72003304402405,0.15575141126031297,0.32663107943839603,0.06772456365448568,3.5742263152946256e-05,0.23094495033602536,2.9174460100701674,nan,nan,nan
506.62,192.54501342773438,-232.9300537109375,-70.72178649902344,192.69528429893757,-232.97122415111355,-70.71785371674954,0.1558582902923969,0.3266739102549765,0.0677524611617594,3.5041323829331675e-05,0.6361521792079265,3.099418104303282,nan,5.769815921757122,nan
506.63,192.55369567871094,-232.93141174316406,-70.72236633300781,192.70403317720175,-232.97250327225262,-70.71849675519049,0.1559001310063457,0.3267168273480848,0.06778042622824182,3.5746029227833295e-05,0.6143507341412211,3.4747525636978622,nan,nan,nan
506.64,192.56239318847656,-232.93276977539062,-70.72294616699219,192.74714374932958,-233.01164086720544,-70.71860523997834,0.2009285009820804,0.3235670849835715,0.06392575598385682,3.504332381551495e-05,0.6436706188162479,3.130386647638798,nan,0.17452686186096353,0.3697129029590175
506.65000000000003,192.57107543945312,-232.93408203125,-70.7235107421875,192.76033516728629,-233.01206474128765,-70.71924902810639,0.20474059160607752,0.3235040135033436,0.06391865804931687,3.5726348775997134e-05,0.6230850046586134,3.3075285381553416,1.4347801219367124,nan,nan
506.66,192.5797576904297,-232.93536376953125,-70.72406005859375,192.76898535865516,-233.0131630985139,-70.71818530740785,0.2046811146972174,0.32354930766179346,0.06393887548284267,3.5026418496236485e-05,1.1002715579961015,3.9903474161284884,nan,1.968104700899365,nan
506.67,192.58843994140625,-232.93663024902344,-70.72460174560547,192.77773491051286,-233.01436523052863,-70.71876576170746,0.20471778473484653,0.3235946919175114,0.06395916144508047,3.573091875848507e-05,1.0683894759308354,3.9170747255612195,nan,nan,nan
506.68,192.5971221923828,-232.93788146972656,-70.72513580322266,192.78649479496244,-233.01555501749922,-70.7195089234321,0.2047604073241445,0.32364015654491174,0.06397949918149104,3.503098292841278e-05,1.0192897143841744,3.8429573038224247,nan,0.020992636648715694,nan
506.69,192.60581970214844,-232.9390869140625,-70.72565460205078,192.7952448840066,-233.01670680925554,-70.72007150814399,0.20478749617431594,0.3236857114657807,0.06399990543081584,3.5735844229880796e-05,0.9879311967345898,3.801917273283637,nan,nan,nan
506.7,192.614501953125,-232.94027709960938,-70.72616577148438,192.80289961479653,-233.02170615192065,-70.72126172001484,0.205300801762753,0.32362261451360486,0.06399274972685476,3.5014744587325506e-05,0.7968715481985148,3.498735005511022,2.8842578897195494,0.32504342993780927,nan
506.71000000000004,192.62318420410156,-232.9414520263672,-70.7266616821289,192.81164008738767,-233.0228261228285,-70.72181119120715,0.2053311734302016,0.32366797910129685,0.06401315256072762,3.571909658143181e-05,0.7687376993121589,3.825771742559115,nan,nan,nan
506.72,192.6318817138672,-232.94259643554688,-70.7271499633789,192.82028909253728,-233.0238053238983,-70.7207591491862,0.20526340733471177,0.3237134241980413,0.06403360804425534,3.501992367779516e-05,1.2763520340418173,4.116412163968299,nan,1.7885010861072812,nan
506.73,192.64056396484375,-232.94371032714844,-70.72763061523438,192.82902973467728,-233.0248785279844,-70.72127489026903,0.20529982578104758,0.3237589593106064,0.06405413165979124,3.572464644054196e-05,1.2408713746729614,4.004013887027843,nan,nan,nan
506.74,192.6492462158203,-232.94480895996094,-70.72810363769531,192.8378605242754,-233.02604315070283,-70.72336222824116,0.20541867505925193,0.32380457532136586,0.06407470850504884,3.50253995738322e-05,0.7520289975576375,3.495445787569962,nan,1.7609507139104443,nan
506.75,192.65794372558594,-232.94589233398438,-70.72856140136719,192.84499869985672,-233.02207031446355,-70.72385844333661,0.20202664656813116,0.32374146211969773,0.0640675078378243,3.5708497891375214e-05,0.7332339720133405,3.9019687535314196,2.692428418385086,nan,nan
506.76,192.6666259765625,-232.9469451904297,-70.72901916503906,192.85373769231552,-233.023048963412,-70.7242206626889,0.20205346831714624,0.323786887692375,0.06408808102586197,3.5010003706247364e-05,0.771793063797001,3.456465418171887,nan,0.014428665080635754,nan
506.77000000000004,192.67532348632812,-232.94798278808594,-70.72946166992188,192.86248527203185,-233.0240163618509,-70.72471610470537,0.20207216225027574,0.32383240299518656,0.06410872198542032,3.5714596667093226e-05,0.7449286584369947,3.753515326175769,nan,nan,nan
506.78000000000003,192.6840057373047,-232.94898986816406,-70.72989654541016,192.8712326108839,-233.0249621927415,-70.72519228875257,0.2021084518832625,0.3238779993434701,0.06412941701085241,3.501599438972206e-05,0.7466315996566325,3.6906078877349007,nan,8.917896771767533e-05,nan
506.79,192.6927032470703,-232.94998168945312,-70.73031616210938,192.87998079389277,-233.0258883737305,-70.72567177377724,0.2021293511709866,0.32392368560728807,0.0641501798177937,3.572096166550349e-05,0.7187434248989738,4.015359742750416,nan,nan,nan
506.8,192.70138549804688,-232.95095825195312,-70.7307357788086,192.87507210829605,-233.0102735887331,-70.7264298053318,0.183586190016445,0.3238605467425979,0.06414291652550944,3.5001091428378404e-05,0.6889499780443182,4.009330562711089,17.151407711411608,0.05938254633786056,nan
506.81,192.7100830078125,-232.95191955566406,-70.73114013671875,192.883817470356,-233.01110872332805,-70.7268971600813,0.18358928044628015,0.3239060422296764,0.06416367478722694,3.5705560641072004e-05,0.6644760365921826,4.360759867537101,nan,nan,nan
506.82,192.71876525878906,-232.9529571533203,-70.73164367675781,192.8925632937621,-233.01197831643728,-70.72740848718567,0.18359518372462513,0.32395162305156355,0.0641844941465846,3.642433767732008e-05,0.6541941162723136,4.043820489202694,nan,nan,nan
506.83,192.7274627685547,-232.95408630371094,-70.73224639892578,192.90130970549066,-233.01293550995652,-70.72801463198185,0.18358620429984165,0.3239972893527595,0.06420537474808262,3.715756703732264e-05,0.6451477212200953,3.763365010337848,nan,nan,nan
506.84000000000003,192.7361602783203,-232.95530700683594,-70.7329330444336,192.91014898883006,-233.01409180715245,-70.73044818879231,0.1836679031313178,0.3240430369217936,0.06422631028758123,3.637344890616596e-05,0.33446409100252233,4.022670873352973,nan,1.961498378710965,nan
506.85,192.74484252929688,-232.95660400390625,-70.73371124267578,192.9027673585691,-233.01496512819236,-70.73129480566374,0.16838085311706635,0.3239798804854941,0.06421899415091772,3.708165888276856e-05,0.2601465655960806,3.7762437039110095,8.594856772864578,nan,nan
506.86,192.7535400390625,-232.95799255371094,-70.73458099365234,192.9113835489995,-233.01608315903437,-70.73044690735443,0.16824441365345774,0.324025437191727,0.06423992486675495,3.630143498076592e-05,0.5742481736434903,4.091185446538596,nan,2.009208631763239,nan
506.87,192.76223754882812,-232.95945739746094,-70.73554229736328,192.92009184884586,-233.0173960160271,-70.73142328301203,0.16820175336383958,0.3240710835228234,0.06426092317927883,3.7031158028139496e-05,0.562351750769964,3.918001299447332,nan,nan,nan
506.88,192.7709197998047,-232.9610137939453,-70.73658752441406,192.92881044660177,-233.01880432150554,-70.7326898867355,0.16817964502627805,0.3241168113213019,0.0642819772658845,3.625376288408505e-05,0.524068612617441,4.3159153293753,nan,0.026397564926803622,nan
506.89,192.7796173095703,-232.962646484375,-70.73771667480469,192.93751864348658,-233.02028224044687,-70.73384680229103,0.16813591984994303,0.3241626289038914,0.06430309895514824,3.698230419874281e-05,0.5107533849112585,4.434707230654126,nan,nan,nan
506.90000000000003,192.78831481933594,-232.96435546875,-70.73893737792969,192.94582300729266,-233.0145097063961,-70.73477046143259,0.1653530768397284,0.32409944628330073,0.06429571469759177,3.618517735904819e-05,0.6393587732688265,4.410640882575697,6.655546428806384,0.04889555225045996,nan
506.91,192.7969970703125,-232.9661407470703,-70.74024200439453,192.95454343961333,-233.01612073768385,-70.73609781860955,0.16533611891363503,0.324145072627947,0.06431683063360093,3.691169279239018e-05,0.6263051660137209,4.510780508539978,nan,nan,nan
506.92,192.80569458007812,-232.968017578125,-70.74163818359375,192.96323065695876,-233.01777164915492,-70.7368487219285,0.1652755942238115,0.3241907806317217,0.06433800313599021,3.6140721084594795e-05,0.7972916216862909,4.4196837111959475,nan,0.2899034249852631,nan
506.93,192.81439208984375,-232.969970703125,-70.74311065673828,192.97195114666087,-233.01953990976367,-70.73833981270394,0.1652414100178505,0.32423657808191414,0.06435924291343881,3.686619902285989e-05,0.7815204962468205,4.817428412174262,nan,nan,nan
506.94,192.8230743408203,-232.97198486328125,-70.74465942382812,192.98070001218684,-233.02141867452684,-70.74048985413924,0.16524811429908998,0.3242824576051324,0.06438053980268947,3.609784084956717e-05,0.6472206223323753,4.947188591918227,nan,0.21939969613325197,nan
506.95,192.83177185058594,-232.97409057617188,-70.74629974365234,192.99490625009858,-233.03079007179517,-70.74215982484199,0.17275648768148352,0.3242192562587205,0.06437309528440097,3.679912985566488e-05,0.5960608981273978,4.2885641950499895,3.452121402752218,nan,nan
506.96000000000004,192.84046936035156,-232.9762725830078,-70.74801635742188,193.00355251116787,-233.03272469170165,-70.74237568226062,0.172669545295136,0.32426494443836507,0.06439438605349289,3.603427419204125e-05,1.0143384846254402,5.018038215776116,nan,1.5565799081234912,nan
506.97,192.84915161132812,-232.978515625,-70.74980926513672,193.01227314589494,-233.03481998384876,-70.74418686004908,0.17265696424926374,0.3243107217340937,0.06441574380523424,3.675696181560202e-05,0.9924039765701231,5.135088018263527,nan,nan,nan
506.98,192.85784912109375,-232.98085021972656,-70.75167083740234,193.02097532297765,-233.0369679563001,-70.74568509027428,0.17261282474915676,0.3243565812819683,0.06443715940047959,3.599457574201196e-05,1.1288913299686563,5.03538832542203,nan,0.0985438603255289,nan
506.99,192.86654663085938,-232.98324584960938,-70.7535400390625,193.02969576363895,-233.03920992000133,-70.74760170877904,0.17258296691191663,0.32440253011375486,0.0644586420293922,3.671641684388159e-05,1.0949438965332492,5.165726517076788,nan,nan,nan
507.0,192.87522888183594,-232.98570251464844,-70.7553939819336,193.02752887244424,-233.03354486054764,-70.75024867235715,0.15972054160646934,0.3243393022986299,0.0644511241338152,3.593432909936918e-05,0.8888248066511389,5.304629387909448,3.4756727841034643,0.21545949667522718,nan
507.01,192.88392639160156,-232.98825073242188,-70.7572250366211,193.03623621107602,-233.03590991575825,-70.75215726772433,0.15967266875148717,0.3243850594135725,0.06447259972739249,3.665448223162781e-05,0.8541639169827451,5.3719847176421425,nan,nan,nan
507.02000000000004,192.89260864257812,-232.99085998535156,-70.75902557373047,193.04490425657335,-233.0383015523685,-70.75319718439563,0.15962025700217997,0.3244308989498762,0.06449413385535828,3.5897754856368797e-05,1.101218885515138,5.563901006575762,nan,0.4755740829926381,nan
507.03000000000003,192.90130615234375,-232.9935302734375,-70.76079559326172,193.0536109822688,-233.04080689255602,-70.75504040375475,0.15957744872015953,0.32447682745215306,0.06451573477584184,3.661718502064031e-05,1.060731209233303,5.257750799885898,nan,nan,nan
507.04,192.91000366210938,-232.99627685546875,-70.76252746582031,193.06237138691046,-233.04344168200203,-70.75803824856041,0.15956377250046033,0.324522838779524,0.0645373947328129,3.58627015438022e-05,0.7194582727439804,5.293798675304258,nan,0.946437044940911,nan
507.05,192.91868591308594,-232.9990997314453,-70.76423645019531,193.068342863401,-233.04543178977553,-70.75968478820293,0.15673091601089123,0.32445959064674595,0.06452980873891448,3.655861246920013e-05,0.7184398072604288,4.669042740748301,1.0029525682153955,nan,nan
507.06,192.9273681640625,-233.00196838378906,-70.76589965820312,193.07711014178432,-233.04821595190603,-70.76293917640938,0.15674904114930283,0.32450541013051226,0.06455146120949758,3.58072301390508e-05,0.39774434066694975,4.867827669468854,nan,1.516521569573399,nan
507.07,192.93606567382812,-233.00491333007812,-70.76753234863281,193.085810055506,-233.05099234961534,-70.7646761507148,0.15669975670735256,0.3245513182713756,0.06457318026340479,3.6524479851250895e-05,0.37757719455510763,4.752468514805097,nan,nan,nan
507.08,192.9447479248047,-233.0079345703125,-70.76913452148438,193.0946003035585,-233.05393383941984,-70.76844475705069,0.15675504442142205,0.32459730939142606,0.06459495898886387,3.577519546014022e-05,0.16894335245492545,4.58414446121287,nan,2.874968477132363,nan
507.09000000000003,192.9534454345703,-233.010986328125,-70.77070617675781,193.10329959043503,-233.05683015424577,-70.77013937271332,0.15671070700543469,0.3246433893473904,0.06461680439038801,3.649188286919494e-05,0.16557215362736086,4.304952059785484,nan,nan,nan
507.1,192.96212768554688,-233.0140380859375,-70.77224731445312,193.11482786536072,-233.05556340784378,-70.7711759589426,0.15824931303873513,0.32458011432005396,0.0646091394695438,3.5722824241505257e-05,0.2502570794254242,4.56226380574044,3.902551452652306,0.1760025564046796,nan
507.11,192.97080993652344,-233.0170440673828,-70.77375793457031,193.12353992563308,-233.05843684874398,-70.77280282804172,0.15824261167816528,0.3246260020634759,0.06463097648078653,3.643810741105561e-05,0.24438597626702446,4.372640344746898,nan,nan,nan
507.12,192.97950744628906,-233.02000427246094,-70.77523803710938,193.13221892432455,-233.06123429017606,-70.77362647029756,0.15818756914549473,0.3246719729291211,0.06465287376147512,3.569371216742716e-05,0.29317959408432637,4.402674713899294,nan,0.40615088107179087,nan
507.13,192.98818969726562,-233.02291870117188,-70.77667999267578,193.14093032894996,-233.06401728959528,-70.77518733556659,0.15818034821991359,0.3247180323361534,0.06467483755520734,3.640853653943003e-05,0.2828193916372517,5.048427051846052,nan,nan,nan
507.14,192.9968719482422,-233.02577209472656,-70.77810668945312,193.14959227436984,-233.06669425448985,-70.77553293158279,0.158128888574487,0.32476417525727086,0.06469686208102278,3.566601564467971e-05,0.40846208355846736,4.24166743661818,nan,0.9574840701848794,nan
507.15000000000003,193.0055694580078,-233.02857971191406,-70.77949523925781,193.18143831628961,-233.09041199314737,-70.7770404309705,0.18643795858029288,0.3247008782961151,0.06468912138333939,3.635784992849396e-05,0.30881896104357387,4.450256189903881,18.007418666057113,nan,nan
507.16,193.01425170898438,-233.0313262939453,-70.7808609008789,193.19021754686423,-233.0931384786119,-70.77966859774874,0.18651043901286474,0.32474682885598033,0.06471113698996707,3.561803901009944e-05,0.18347465973305047,4.010359270518504,nan,0.9195356705014347,nan
507.17,193.02293395996094,-233.0340118408203,-70.78219604492188,193.19894953903548,-233.09576034589443,-70.78112013480819,0.18653557177763344,0.32479286767261034,0.0647332189748103,3.633119035742499e-05,0.17586738585831063,4.146094174751356,nan,nan,nan
507.18,193.0316162109375,-233.03665161132812,-70.78350830078125,193.2077146294824,-233.09836290646703,-70.78337929543416,0.18659837513793948,0.3248389901300158,0.06475536223937427,3.559311281215221e-05,0.14497025567650565,3.9501426981846723,nan,0.47392174011768334,nan
507.19,193.04031372070312,-233.03924560546875,-70.7847900390625,193.216446259005,-233.10087777930974,-70.78478798539649,0.18660438340309396,0.3248852010352853,0.06477757201251906,3.630593723193568e-05,0.14498533969002472,4.216990190694764,nan,nan,nan
507.2,193.0489959716797,-233.04177856445312,-70.78604888916016,193.2437121471968,-233.11494396039126,-70.78841149067915,0.20802198455145998,0.3248218766121406,0.06476974658245839,3.554794573928818e-05,0.30221435555053444,4.036857498071932,4.680575536136583,3.679610268097928,nan
507.21000000000004,193.05767822265625,-233.0442657470703,-70.78728485107422,193.2524687878026,-233.11738211005263,-70.78979228594066,0.20807607751830945,0.32486789479291,0.06479194654001134,3.625959876018149e-05,0.3189684760056157,3.930021771602505,nan,nan,nan
507.22,193.0663604736328,-233.04669189453125,-70.78849029541016,193.261159031691,-233.11970224619432,-70.78941344847482,0.20803327109645933,0.3249139967296702,0.06481420829174557,3.552567019981485e-05,0.16988812555810004,4.011990076534216,nan,2.063574407784395,nan
507.23,193.07504272460938,-233.04908752441406,-70.7896728515625,193.26991564680753,-233.12204135446422,-70.79072961673045,0.20808371843480725,0.32496018684483224,0.06483653645772323,3.623708116699805e-05,0.17714161324352543,4.055527123260437,nan,nan,nan
507.24,193.08372497558594,-233.05142211914062,-70.79083251953125,193.27862497780728,-233.12428482459686,-70.79076196968117,0.20807448111088314,0.325006461095224,0.064858926845454,3.550467330745146e-05,0.14681780269051237,3.8330716251206836,nan,1.090134541651533,nan
507.25,193.09242248535156,-233.0537109375,-70.79197692871094,193.25143324741174,-233.09931204374763,-70.79204094182136,0.1654203356291005,0.3249431131109826,0.06485101811247583,3.619350318046131e-05,0.20207425171706261,3.679657365707683,25.616433214207056,nan,nan
507.26,193.10110473632812,-233.0559539794922,-70.7930908203125,193.26017364540473,-233.10146781689247,-70.79397410815658,0.1654545479191703,0.32498919446625013,0.06487339808447104,3.546343795888083e-05,0.2248798382839618,4.1765323293371805,nan,0.33338412457453137,nan
507.27000000000004,193.1097869873047,-233.05816650390625,-70.79418182373047,193.2688884173346,-233.10355291307118,-70.7951961791873,0.1654515641855505,0.3250353637405481,0.06489584440056913,3.617358842520188e-05,0.23239562430349248,4.367471270253216,nan,nan,nan
507.28000000000003,193.11846923828125,-233.06031799316406,-70.79524993896484,193.2775799061926,-233.10557065517048,-70.79574525417348,0.16542144177531326,0.3250816172486903,0.06491835340854135,3.54449126794593e-05,0.21176172307234775,4.170550780696001,nan,0.2923818280448878,nan
507.29,193.1271514892578,-233.06243896484375,-70.79630279541016,193.28629509336662,-233.10756823122367,-70.79691907856103,0.16541982111479828,0.3251279588796813,0.0649409289241097,3.615492661554538e-05,0.21637202641982872,3.949536720876287,nan,nan,nan
507.3,193.13584899902344,-233.0644989013672,-70.79733276367188,193.25575807172797,-233.0921861479,-70.79935866179366,0.12308076048119537,0.3250645827286175,0.0649329294367388,3.5406157888536277e-05,0.2937050400121109,4.069097507824098,14.4953212148704,1.320899781100437,nan
507.31,193.14453125,-233.0665283203125,-70.79833984375,193.26440874900962,-233.09407026630925,-70.80050440897978,0.12301975004332688,0.3251107311074463,0.064955493643587,3.6115187106524965e-05,0.3084400029733641,4.3296551139210155,nan,nan,nan
507.32,193.15321350097656,-233.0685272216797,-70.79933166503906,193.27307980535045,-233.09593299829928,-70.80222058050539,0.12299330611438765,0.32515696380739106,0.0649781209833459,3.538997266768173e-05,0.4155664381987978,4.26361807007277,nan,0.2400612913442842,nan
507.33,193.16189575195312,-233.0704803466797,-70.80030059814453,193.28173082629422,-233.09773608858342,-70.8033339323942,0.12293299648885632,0.32520328438592283,0.0650008147951602,3.60989334823335e-05,0.43559695300968543,4.347398136702754,nan,nan,nan
507.34000000000003,193.1705780029297,-233.0723876953125,-70.8012466430664,193.29040046214232,-233.0995175659266,-70.80497564561931,0.12291198912774416,0.3252496896521565,0.06502357213700495,3.537491259476882e-05,0.5746942921833595,4.57114624944176,nan,0.2066976873129442,nan
507.35,193.1792755126953,-233.0742645263672,-70.80217742919922,193.30332528220637,-233.10711306005723,-70.80603161704748,0.12838312289901194,0.3251862883103411,0.0650154819641085,3.606160073922796e-05,0.5565454437290474,4.272269697817779,1.739103114146262,nan,nan
507.36,193.18795776367188,-233.0760955810547,-70.80308532714844,193.31193880800464,-233.10878122605388,-70.80589845451291,0.12824805818578727,0.3252325001325416,0.06503822733249816,3.5339587731230994e-05,0.3692056025641848,4.186409218222387,nan,0.991991491562949,nan
507.37,193.19664001464844,-233.07789611816406,-70.8039779663086,193.3205915104954,-233.11044950416405,-70.80693297716665,0.12818903366488188,0.32527879959885986,0.06506103915758737,3.604761547138286e-05,0.38822584008452443,4.083330239052093,nan,nan,nan
507.38,193.205322265625,-233.0796661376953,-70.80485534667969,193.32926617774697,-233.1121023909962,-70.80863966496838,0.12817380756304636,0.3253251838240122,0.0650839149153521,3.532667754200899e-05,0.5521419975192767,4.127558412931288,nan,0.32907768674194354,nan
507.39,193.21401977539062,-233.08139038085938,-70.80571746826172,193.3379188356696,-233.1136992459776,-70.8096472399,0.1281026268597569,0.32537165590961586,0.06510685732182603,3.603471903420838e-05,0.5759040195060914,3.8788458174468516,nan,nan,nan
507.40000000000003,193.2227020263672,-233.0830841064453,-70.80655670166016,193.32549954640913,-233.11099225734557,-70.81037657635713,0.10658699008859643,0.3253082255661406,0.0650986701953062,3.529349107270922e-05,0.5064502375022376,4.200697957363246,6.19428908481466,0.0362345725212158,nan
507.41,193.23138427734375,-233.08474731445312,-70.80738067626953,193.3341103741416,-233.11252262705324,-70.81134863524967,0.10648879589808379,0.3253545038567858,0.06512159973469474,3.6000693871601765e-05,0.5308262416397784,4.130660559921692,nan,nan,nan
507.42,193.2400665283203,-233.0863800048828,-70.80818939208984,193.34273462052536,-233.11403164484727,-70.81273983769181,0.10642394892563088,0.3254008669665838,0.06514459358432786,3.528259639170602e-05,0.6808434745736847,4.229944477507568,nan,0.13128878508986375,nan
507.43,193.24876403808594,-233.0879669189453,-70.8089828491211,193.35134586225735,-233.11549579957878,-70.81368552263264,0.10631549772926736,0.3254473177167958,0.06516765409609952,3.598986644478789e-05,0.7087780376057902,4.079360574150148,nan,nan,nan
507.44,193.2574462890625,-233.08953857421875,-70.80975341796875,193.35993751105573,-233.11691000712045,-70.81394797461772,0.10616609736747427,0.3254938536405921,0.06519077928937606,3.527266834142651e-05,0.5936172849990278,4.476869454677404,nan,0.3105161267228177,nan
507.45,193.26612854003906,-233.091064453125,-70.81051635742188,193.3265326553766,-233.10798794803085,-70.81486310400352,0.06288049010134429,0.3254303964796773,0.06518249422831651,3.5957891746934556e-05,0.5551191869132871,4.245866826548769,21.32789327391645,nan,nan
507.46000000000004,193.2748260498047,-233.09255981445312,-70.81126403808594,193.33502655229367,-233.1093224363834,-70.81448745991068,0.06257376800355953,0.3254767383965143,0.0652056058316426,3.524240426720774e-05,0.32458433541833154,4.06764491931833,nan,1.1246085132078694,nan
507.47,193.28350830078125,-233.0940399169922,-70.81199645996094,193.3435575920287,-233.1106592538858,-70.81535598585384,0.06239716461771541,0.32552316774287965,0.06522878412685577,3.594899450437385e-05,0.3438976413150143,4.1506280727202345,nan,nan,nan
507.48,193.29220581054688,-233.09547424316406,-70.81270599365234,193.3520366713387,-233.11192091248233,-70.81436514910854,0.06207235803144735,0.3255696823079763,0.06525202744849144,3.523430229885055e-05,0.10815837532595926,4.269270384537458,nan,2.3729269986153474,nan
507.49,193.30088806152344,-233.09689331054688,-70.81340789794922,193.36056816167965,-233.11319876167218,-70.81518831850494,0.061893068985232044,0.3256162845307857,0.06527533767802501,3.594102178642641e-05,0.11840679438698003,3.947511418978398,nan,nan,nan
507.5,193.3095703125,-233.09828186035156,-70.81410217285156,193.39732853824205,-233.12473517254224,-70.8163064136191,0.09168501834330177,0.3255527974130428,0.06526694932530383,3.520584027283441e-05,0.18975236016403693,3.300336636306767,7.513721126255617,0.06204223732532483,nan
507.51,193.31826782226562,-233.09963989257812,-70.81477355957031,193.4059103232884,-233.12596978498144,-70.81710670373539,0.09154187446841643,0.32559920528354785,0.06529024506675563,3.5911832225745134e-05,0.2035117289091144,3.7898015491898964,nan,nan,nan
507.52000000000004,193.3269500732422,-233.10096740722656,-70.8154296875,193.41447076820933,-233.12715861585625,-70.81708364129202,0.09137060260368636,0.32564569840791724,0.06531360615826189,3.519943392672542e-05,0.1298587574603956,3.7175142091580797,nan,0.4587827451759092,nan
507.53000000000003,193.3356475830078,-233.10226440429688,-70.81607818603516,193.4230532451133,-233.12833901929972,-70.8178511093681,0.09122926379615581,0.3256922789924363,0.06533703421067179,3.590559619656376e-05,0.13983887064870004,3.4376171982016546,nan,nan,nan
507.54,193.34432983398438,-233.10354614257812,-70.81671142578125,193.43167489326524,-233.12952554841337,-70.82009576642946,0.09118959737795233,0.3257389451739623,0.06536052796293176,3.519383933112414e-05,0.37799391120582415,3.8309061748220454,nan,1.5484370566183148,nan
507.55,193.35302734375,-233.10479736328125,-70.81733703613281,193.45525953389057,-233.13278671756032,-70.82079588919149,0.10605087608491659,0.32567542961792717,0.06535203455052332,3.587811495192467e-05,0.42063186316865886,3.4604931777948784,3.730419383894934,nan,nan
507.56,193.36170959472656,-233.1060333251953,-70.81794738769531,193.4637843467717,-233.1338128942665,-70.81802711647967,0.10578736134120134,0.32572190121643263,0.06537551303982707,3.516781092411703e-05,0.08782906329265791,3.3291111340116153,nan,8.637524699154328,nan
507.57,193.3704071044922,-233.1072235107422,-70.81854248046875,193.47239874644674,-233.13488696742567,-70.81872664943582,0.10567684600930158,0.3257684600858099,0.06539905855575699,3.587348367598836e-05,0.08887144693691865,3.2977892044294004,nan,nan,nan
507.58,193.3791046142578,-233.10841369628906,-70.81912994384766,193.48102627720138,-233.1359468126299,-70.81993159640365,0.10557812519381375,0.3258151045734559,0.06542267006787622,3.516373189975638e-05,0.10664745132636833,3.3402809931920467,nan,0.18656751111097913,nan
507.59000000000003,193.38778686523438,-233.10955810546875,-70.8197021484375,193.489641446965,-233.13697256827726,-70.82061436963785,0.1054833671159581,0.32586183657103496,0.06544634884237086,3.586962002527896e-05,0.11192082074430862,3.2470368498533486,nan,nan,nan
507.6,193.396484375,-233.11070251464844,-70.82026672363281,193.48377780790537,-233.12924175648294,-70.82110644130739,0.08924433899119531,0.32579828999383614,0.06543774569806024,3.513918861692074e-05,0.11948675688680158,3.5422913676904697,2.554795393211048,0.01126199513703882,nan
507.61,193.40516662597656,-233.11180114746094,-70.82081604003906,193.492372931706,-233.1302024832558,-70.82176616533997,0.08913165350255199,0.3258448270678109,0.0654614083034677,3.5844431221325965e-05,0.12505939016181963,3.4468861972296896,nan,nan,nan
507.62,193.4138641357422,-233.11289978027344,-70.82135772705078,193.50100432639258,-233.1311685844684,-70.82396012405837,0.08907263610944365,0.3258914497722685,0.06548513718359568,3.5136503355126837e-05,0.29319426069973525,3.7397282647314816,nan,1.670407192041034,nan
507.63,193.4225616455078,-233.11395263671875,-70.82188415527344,193.50959988830482,-233.1320847952759,-70.82461554202364,0.08894881312705118,0.32593815980932284,0.06550893340998756,3.584199209678107e-05,0.3089763011862202,3.7156499672097967,nan,nan,nan
507.64,193.43124389648438,-233.11500549316406,-70.82240295410156,193.50152827482455,-233.1538568794793,-70.8253598386453,0.0803621006662047,0.32549400396822076,0.06476294114554274,3.513256827463377e-05,0.2833010008746137,3.7066278903851817,nan,0.012106129013499297,0.5660543005866843
507.65000000000003,193.43994140625,-233.11602783203125,-70.82291412353516,193.49526478847577,-233.14985293736245,-70.8258299293256,0.06491006312562543,0.32542941191114205,0.06475541881919446,3.58162358847602e-05,0.27351253064469383,3.5742005051892756,3.7096987861746062,nan,nan
507.66,193.44863891601562,-233.11703491210938,-70.82341003417969,193.503813939546,-233.15073894738384,-70.82632123507403,0.06472032374770664,0.3254748164644868,0.06477598917125986,3.511007190797672e-05,0.2770703600738134,3.869797698160925,nan,0.01247730550268477,nan
507.67,193.45733642578125,-233.11801147460938,-70.82389831542969,193.51236280303445,-233.15161145450352,-70.8269355457584,0.06454522143868012,0.32552030607163923,0.06479662323562009,3.581516795150962e-05,0.2928584797681763,3.6423834064313017,nan,nan,nan
507.68,193.4660186767578,-233.1189727783203,-70.82437896728516,193.52091093923204,-233.1524748317797,-70.82775547121159,0.06439680771824129,0.325565880797787,0.064817314122956,3.5109346898921066e-05,0.35957246020050543,3.557952360400109,nan,0.03226835404418882,nan
507.69,193.47471618652344,-233.1199188232422,-70.82484436035156,193.52946055758585,-233.15330842765528,-70.8283543632351,0.06421940490322287,0.3256115408702703,0.06483806883008948,3.5814722453752366e-05,0.3784160572059227,3.955761363171887,nan,nan,nan
507.7,193.48341369628906,-233.120849609375,-70.82530212402344,193.53852703926268,-233.15802397142627,-70.82802303670593,0.06653433048789202,0.3255469452654316,0.06483049104708576,3.508804536708099e-05,0.26877651435202676,3.7527663979213126,2.522214078907902,0.7398468017602212,nan
507.71000000000004,193.4921112060547,-233.1217498779297,-70.82575225830078,193.54707115142634,-233.15883483756514,-70.82859704045558,0.0663625090840147,0.3255924134524939,0.06485124027580329,3.579283582555153e-05,0.2834470522421376,3.5534129334887465,nan,nan,nan
507.72,193.5008087158203,-233.12265014648438,-70.8261947631836,193.55561156125384,-233.1596604144387,-70.82986947172425,0.06623152787396769,0.32563796668292716,0.0648720469322043,3.508843729792546e-05,0.44162207684353694,3.817387611766532,nan,0.350568105350089,nan
507.73,193.50950622558594,-233.12351989746094,-70.82662963867188,193.56415637292307,-233.16043530706838,-70.83043464295297,0.06605954986248677,0.32568360519774914,0.06489291729369186,3.5793529566405424e-05,0.4608000017884408,3.625211632833877,nan,nan,nan
507.74,193.51820373535156,-233.12437438964844,-70.8270492553711,193.57269492097768,-233.1612412571718,-70.8320689850449,0.06598221667937619,0.32572932904166735,0.06491384553491927,3.5089363531305464e-05,0.7739272954364792,4.279057082256684,nan,0.8145753184166983,nan
507.75,193.52688598632812,-233.12521362304688,-70.82746887207031,193.57827999276984,-233.15942688175323,-70.83271797108196,0.06196324725087449,0.32566472951481984,0.06490621565373436,3.577274916964853e-05,0.8159830068585481,3.9446450524148977,0.6605334086984325,nan,nan
507.76,193.53558349609375,-233.1260223388672,-70.82787322998047,193.58682377877372,-233.16013607641275,-70.83311724696709,0.06178036397276307,0.3257102612797974,0.06492713802929008,3.506963299053958e-05,0.829523940987166,4.226616917657124,nan,0.01711797412015401,nan
507.77000000000004,193.54428100585938,-233.12693786621094,-70.82837677001953,193.59536676794508,-233.160888560751,-70.83371508738665,0.06157030436779012,0.325755878266037,0.06494812401863316,3.5774474075867274e-05,0.8411605557520926,4.157690414202695,nan,nan,nan
507.78000000000003,193.552978515625,-233.1279296875,-70.82897186279297,193.60391672925147,-233.16168417196602,-70.83333185847768,0.06126235705057954,0.32580158050575697,0.06496916844908628,3.507152974609367e-05,0.5858727800710073,3.8607938735864376,nan,0.8138185346136164,nan
507.79,193.56167602539062,-233.1290283203125,-70.82965850830078,193.61246001422083,-233.16261376652503,-70.83410739376605,0.0610474266507927,0.3258473682587393,0.06499027663218938,3.5776692565481687e-05,0.5962481207921653,4.1013916673690325,nan,nan,nan
507.8,193.57037353515625,-233.1302032470703,-70.83043670654297,193.65076179043422,-233.17271684115872,-70.83506857273922,0.09105565031017661,0.32578276421369284,0.06498258582243921,3.505273872722194e-05,0.646933787937522,3.7529122701054662,10.522632277598422,0.00044035408571157,nan
507.81,193.57907104492188,-233.13145446777344,-70.83130645751953,193.65936197744313,-233.17382656463147,-70.83603015928435,0.09090842532813673,0.3258283596954245,0.06500368739371261,3.5757355512888724e-05,0.6583925865036085,3.6013740221356723,nan,nan,nan
507.82,193.5877685546875,-233.13279724121094,-70.83226013183594,193.6679542537995,-233.1750704265642,-70.83830057161839,0.0908474295440289,0.3258740403549294,0.06502484793797689,3.5055509059383963e-05,1.0746781883005794,4.360608492613676,nan,1.044294165216067,nan
507.83,193.59646606445312,-233.1342315673828,-70.83331298828125,193.676554685559,-233.17634976604862,-70.83945478272251,0.0906964802429132,0.3259198064629563,0.06504607217805698,3.576046336625453e-05,1.088147300482871,3.9051129445489945,nan,nan,nan
507.84000000000003,193.60516357421875,-233.1357421875,-70.83444213867188,193.68516714216216,-233.17764308485272,-70.83891713698314,0.0904227940981935,0.3259656580352342,0.06506735581316803,3.5058698162144046e-05,0.6040027766099105,3.875180348946852,nan,2.230840356316393,nan
507.85,193.61386108398438,-233.1373291015625,-70.83566284179688,193.72647849529724,-233.19133221533363,-70.84010298101026,0.12497492734154218,0.32590104907616413,0.0650596057621875,3.574198539429643e-05,0.5971254434468977,3.2386922690280824,11.046676955933572,nan,nan
507.86,193.62255859375,-233.1389923095703,-70.83696746826172,193.73512804205387,-233.19292028847272,-70.84271528459878,0.12495257097227513,0.3259467081745679,0.06508088232677119,3.504112321853167e-05,0.9880247143158376,3.6529899545433615,nan,1.0407565293372287,nan
507.87,193.63125610351562,-233.1407470703125,-70.8383560180664,193.74378588915266,-233.1945430580874,-70.84420985132014,0.12486484020714614,0.32599245265533305,0.06510222255131716,3.5745888981986146e-05,1.003495082552891,3.781166935350648,nan,nan,nan
507.88,193.63995361328125,-233.142578125,-70.83982849121094,193.752439459998,-233.1962669847042,-70.84638100711955,0.12481384070948273,0.3260382825249841,0.06512362266303881,3.504506006093011e-05,1.2696750178681953,3.9726277472276736,nan,0.24682641450689735,nan
507.89,193.64865112304688,-233.14450073242188,-70.84137725830078,193.76109712554947,-233.19804773693943,-70.84804962456732,0.12472331635749286,0.3260841980681616,0.06514508660237281,3.5750174744205307e-05,1.2894918110726483,4.41748104219444,nan,nan,nan
507.90000000000003,193.6573486328125,-233.146484375,-70.843017578125,193.79187583501908,-233.20513104595287,-70.8480042398349,0.14683959596237728,0.32601958352082533,0.06513726989736868,3.502820552402909e-05,0.765450868253845,3.2304450686655795,7.193263078094784,2.4538748703944524,nan
507.91,193.66604614257812,-233.14854431152344,-70.8447265625,193.80057789831244,-233.20706561014347,-70.84981989041218,0.14679740352728937,0.3260653063871465,0.06515872601501521,3.573279877184072e-05,0.7815363014146942,3.8102814933056885,nan,nan,nan
507.92,193.67474365234375,-233.1506805419922,-70.84652709960938,193.80928442610553,-233.2090548481171,-70.85108981979481,0.1467296760559168,0.32611111456702857,0.06518024248522718,3.503280715401578e-05,0.6497939843628602,3.067148140510376,nan,0.2765077014875059,nan
507.93,193.68344116210938,-233.15289306640625,-70.84838104248047,193.81798624294538,-233.21114055063825,-70.85305123043996,0.14668660079264612,0.32615700835244116,0.06520182277782098,3.573776016553976e-05,0.6658470919771011,3.4888558216227263,nan,nan,nan
507.94,193.692138671875,-233.15518188476562,-70.85025024414062,193.82669951975882,-233.21324734220698,-70.85345244437222,0.14658947171406847,0.32620298773881273,0.065223463817954,3.503772901032724e-05,0.34822811880745436,3.023985105018672,nan,1.7992222845375456,nan
507.95,193.70083618164062,-233.1575469970703,-70.85210418701172,193.8162363462252,-233.20299241754313,-70.85548735639314,0.12407227757706621,0.32613836718129324,0.06521558079106486,3.5721034034943306e-05,0.3670285692356814,3.4392540231566002,5.460994398968087,nan,nan
507.96000000000004,193.70953369140625,-233.15997314453125,-70.85393524169922,193.82491402520986,-233.20526307478372,-70.85728528996388,0.12399605652714203,0.3261841536794653,0.06523721348428299,3.502178972805993e-05,0.36736934631021384,3.2109789901125088,nan,0.020363590916568867,nan
507.97,193.71823120117188,-233.1624755859375,-70.8557357788086,193.8335900011207,-233.207610774498,-70.85922517924567,0.1239234194470007,0.32623002571368576,0.06525891001280229,3.572659194007458e-05,0.3880551027576979,3.2836858126915303,nan,nan,nan
507.98,193.7269287109375,-233.16505432128906,-70.85750579833984,193.84227632849337,-233.20998488870524,-70.85970184813023,0.12380893101402773,0.3262759832739678,0.06528066771870814,3.5027271279569414e-05,0.18528153891447877,3.002675337761068,nan,1.446845215498436,nan
507.99,193.73562622070312,-233.16769409179688,-70.85923767089844,193.8509517779145,-233.21247306585022,-70.86156460368755,0.12373582860105589,0.32632202666053217,0.06530248945322717,3.573243828750605e-05,0.19946946991699052,3.137578287902704,nan,nan,nan
508.0,193.74432373046875,-233.17041015625,-70.8609390258789,193.87214974648688,-233.22418783050435,-70.86283418295893,0.13869073595461545,0.3262573993528519,0.06529453382576388,3.501186928662257e-05,0.15342294006239418,2.81715792452513,3.0982108138111495,0.18956667424160276,nan
508.01,193.7530059814453,-233.17315673828125,-70.86260986328125,193.8808388929261,-233.2268220851094,-70.86462560725593,0.13865527733055893,0.32630324963771323,0.06531634645461318,3.57165287074652e-05,0.16470466950350454,2.6026512170030416,nan,nan,nan
508.02000000000004,193.76170349121094,-233.1759033203125,-70.86424255371094,193.88953565841507,-233.22944094699687,-70.8653052805437,0.13859462410722093,0.32634918537377405,0.06533822066694663,3.5017841262339454e-05,0.08326683752615227,2.792910657756729,nan,0.8216593770343485,nan
508.03000000000003,193.77040100097656,-233.17861938476562,-70.8658447265625,193.89822396390232,-233.23207134015087,-70.8670216826652,0.13855398446560238,0.3263952068647918,0.06536015894714611,3.5722872705942046e-05,0.08985772046512211,2.7056027679321533,nan,nan,nan
508.04,193.7790985107422,-233.18128967285156,-70.8674087524414,193.90691655203722,-233.23464776674598,-70.86808077101179,0.13850988944296408,0.32644131409532773,0.06538215918207552,3.502405164973107e-05,0.06403356753949949,2.9434774621703808,nan,0.27651525822092154,nan
508.05,193.78778076171875,-233.18389892578125,-70.86894989013672,193.8918086437419,-233.2361586177718,-70.8696424662254,0.11641887865294702,0.32637667958366917,0.06537413021362228,3.570744042465913e-05,0.05927666340872825,2.315208299759801,15.70510204140037,nan,nan
508.06,193.79647827148438,-233.1864776611328,-70.8704605102539,193.90044354251066,-233.23866626682215,-70.87086125055916,0.11632965544588315,0.3264225934926788,0.0653961207563224,3.500931659469879e-05,0.050215636089388616,2.468628438659847,nan,0.11172618706942714,nan
508.07,193.80517578125,-233.18899536132812,-70.87193298339844,193.90907515493834,-233.2411350619355,-70.87244464240177,0.11624925817909659,0.3264685930838824,0.06541817542128041,3.5714216788657186e-05,0.05278534578590422,2.763320754413822,nan,nan,nan
508.08,193.81385803222656,-233.1914825439453,-70.87338256835938,193.91771181101794,-233.24353644520235,-70.87330777508272,0.11616893560397196,0.3265146783400932,0.06544029241598529,3.5015932139614197e-05,0.0453638507260083,2.598098163314547,nan,0.33740889557363024,nan
508.09000000000003,193.8225555419922,-233.1938934326172,-70.87480163574219,193.9263429800686,-233.24590613415774,-70.87482748953792,0.11609114562458837,0.3265608495678472,0.06546247374851269,3.572120482301553e-05,0.04507955347892498,2.457004381892907,nan,nan,nan
508.1,193.8312530517578,-233.19627380371094,-70.8761978149414,193.99117723017437,-233.27941865801617,-70.87667986723122,0.18024716922620454,0.32649620705932003,0.06545436604558708,3.5001585329628685e-05,0.1316242936123597,2.0877407359675666,33.20435518810533,0.09350981666794073,nan
508.11,193.83993530273438,-233.1986083984375,-70.87755584716797,193.99988979324448,-233.28175731369478,-70.87814839499279,0.18027626647935116,0.326542184741845,0.06547653691673012,3.570635660624002e-05,0.13458771400697844,2.620624783490011,nan,nan,nan
508.12,193.8486328125,-233.2008819580078,-70.87889099121094,194.00858940538706,-233.28408900723824,-70.88127070871433,0.18031968196806897,0.3265882480148135,0.06549877047196578,3.500854953141476e-05,0.2864137696829715,2.4396965659040823,nan,1.9929622866054324,nan
508.13,193.85731506347656,-233.203125,-70.88020324707031,194.01730158846047,-233.28633504057314,-70.88270339744585,0.18034924391443793,0.3266343971848453,0.06552106844131193,3.5713697995732585e-05,0.2994451840724262,2.3807302492248454,nan,nan,nan
508.14,193.8660125732422,-233.205322265625,-70.88148498535156,194.026000310504,-233.28857621565356,-70.88588133472366,0.18040682957503504,0.32668063223445526,0.06554342944575108,3.501568603116799e-05,0.6762035003171809,2.909987846546199,nan,2.211564925311569,nan
508.15000000000003,193.8747100830078,-233.2074737548828,-70.88274383544922,194.0423869701388,-233.2918573446269,-70.88736770673052,0.18776982952983481,0.32661598123779084,0.06553524144167812,3.5699188535547774e-05,0.7173016155249093,2.868339631403165,1.4116242301312178,nan,nan
508.16,193.88339233398438,-233.20957946777344,-70.88397979736328,194.05113492535725,-233.29391142479832,-70.88612884804728,0.18776068373058227,0.3266620225140255,0.06555759134207946,3.500180658705803e-05,0.2501821587273291,2.3173451699199847,nan,4.834082835629739,nan
508.17,193.89208984375,-233.21163940429688,-70.88518524169922,194.05986319508486,-233.29597985242458,-70.88745671511107,0.18779341894745055,0.3267081496115225,0.06558000574500798,3.570683064991404e-05,0.262599886793506,2.5306071475694467,nan,nan,nan
508.18,193.90077209472656,-233.2136688232422,-70.88636779785156,194.06858847330787,-233.29801502201659,-70.88916621212078,0.18784155368356853,0.32675436251421497,0.06560248351075867,3.5009224643787164e-05,0.34157456788631096,2.6594423116465298,nan,0.115693960788526,nan
508.19,193.9094696044922,-233.2156524658203,-70.88752746582031,194.07731677833925,-233.30000083416647,-70.89045217211758,0.18787196416184831,0.3268006615267648,0.06562502601338464,3.571462325286606e-05,0.3572301909816787,2.5519851592254073,nan,nan,nan
508.2,193.91815185546875,-233.21759033203125,-70.88866424560547,194.04869983958412,-233.28794867121604,-70.89275024015416,0.1483568919898242,0.32673600120821156,0.06561675298739623,3.499561539042778e-05,0.5735650503219839,2.8017698914004803,13.430642542233782,0.6364678974984033,nan
508.21000000000004,193.92684936523438,-233.21949768066406,-70.88978576660156,194.05736269296946,-233.28983655452254,-70.8940031908229,0.14832084330675702,0.32678210621391296,0.06563928360364209,3.570051358631928e-05,0.5944810473560482,2.5094081224564944,nan,nan,nan
508.22,193.935546875,-233.2213592529297,-70.89087677001953,194.0660320795326,-233.29166928814442,-70.89435241592848,0.14826317738499026,0.3268282969502426,0.06566187789276257,3.500326997684189e-05,0.4411911127640743,2.6731129269417537,nan,0.5494856502838674,nan
508.23,193.94422912597656,-233.2231903076172,-70.8919448852539,194.07469485221395,-233.29348129649026,-70.89555412464678,0.14824019511724332,0.32687457371911105,0.06568453702472611,3.5708545754806396e-05,0.46062064669494196,2.7735340941535203,nan,nan,nan
508.24,193.9529266357422,-233.2249755859375,-70.89299774169922,194.08335391898024,-233.29526537794433,-70.89723480141654,0.1482224131104005,0.32692093650839726,0.06570726016375047,3.501104491545846e-05,0.608416781896983,2.567688261869838,nan,0.176089474919898,nan
508.25,193.96160888671875,-233.22674560546875,-70.8940200805664,194.07114191252316,-233.29043721605123,-70.89839831636718,0.12678041626839343,0.3268562663348796,0.06569889993217166,3.5694666672860174e-05,0.6343404446090938,3.234000000303304,4.5805183017925,nan,nan
508.26,193.97030639648438,-233.22845458984375,-70.89502716064453,194.07976621737637,-233.2921345383823,-70.8995446016296,0.12671620065577407,0.32690243495797566,0.06572161091547671,3.6413746032727136e-05,0.6576072511345002,2.857853781680779,nan,nan,nan
508.27000000000004,193.97900390625,-233.2301483154297,-70.8960189819336,194.08839044367653,-233.29379731333373,-70.90067170879335,0.12664224165571963,0.3269486894583971,0.06574438643401537,3.714727943703509e-05,0.6796591069728273,2.7507752942774903,nan,nan,nan
508.28000000000003,193.98768615722656,-233.23179626464844,-70.89698791503906,194.09701736446576,-233.29542032252212,-70.9014127002766,0.12657374270002228,0.32699502989855483,0.06576722621512655,3.6364257499655895e-05,0.6350803882687597,2.724866543715251,nan,0.08804723969901569,nan
508.29,193.9963836669922,-233.23342895507812,-70.89793395996094,194.10564177036713,-233.2970160684305,-70.90249852852229,0.12649699373395976,0.32704145658683453,0.06579013123616329,3.709645521185171e-05,0.6580043912475246,3.0247656314061233,nan,nan,nan
508.3,194.0050811767578,-233.23501586914062,-70.89886474609375,194.1500805705639,-233.3178289906964,-70.90389451323536,0.16705728317986943,0.3269767756887222,0.06578167954546506,3.6293507339100336e-05,0.8519189923549213,2.7494395296488143,12.820721292375847,0.06468955879403095,nan
508.31,194.01376342773438,-233.236572265625,-70.89977264404297,194.15875885675553,-233.31939848224425,-70.9049477684109,0.16706477339256962,0.32702300789102656,0.06580457118823684,3.702352045204081e-05,0.878022508763014,2.975939072044318,nan,nan,nan
508.32,194.0224609375,-233.23809814453125,-70.90067291259766,194.16744316536776,-233.3209247393777,-70.9051894598439,0.16703439888352864,0.3270693259589198,0.06582752737269634,3.6246996134877884e-05,0.7172526271553501,2.3305586224971004,nan,0.41480273646963656,nan
508.33,194.03114318847656,-233.23959350585938,-70.90154266357422,194.17612209542685,-233.32243200917097,-70.90620063758678,0.16704130571001266,0.327115730194375,0.06585054891950726,3.697582303465301e-05,0.7410205773686362,2.9155334109211104,nan,nan,nan
508.34000000000003,194.0398406982422,-233.24105834960938,-70.90240478515625,194.18480640632146,-233.32389860432764,-70.90645556520406,0.16701488897612182,0.32716222058603733,0.06587363533124121,3.620195693834029e-05,0.6073177900873932,2.3041721714975196,nan,0.3604940560594373,nan
508.35,194.0485382080078,-233.24249267578125,-70.90324401855469,194.18426575533945,-233.31568780858396,-70.90740186574783,0.15426205711045904,0.32709752839697964,0.06586508961212138,3.690624480588944e-05,0.570894223376617,2.571145777995446,3.796184233909709,nan,nan
508.36,194.05723571777344,-233.243896484375,-70.90406799316406,194.19295928856164,-233.31704013600813,-70.90542216967957,0.15418403041743295,0.32714382405858855,0.06588816190821442,3.6135951053369974e-05,0.15301061411787756,2.064027622532464,nan,5.695029785372364,nan
508.37,194.06591796875,-233.2452850341797,-70.90487670898438,194.20163228440026,-233.3184033153392,-70.90633182551818,0.15416476859602782,0.32719020580625774,0.06591129969690517,3.6861692530817264e-05,0.15937814322664495,2.114991566108234,nan,nan,nan
508.38,194.07461547851562,-233.2466278076172,-70.9056625366211,194.21029831857484,-233.31975160382987,-70.90825465855615,0.15415460341882628,0.3272366736356251,0.06593450260949768,3.6093931239467234e-05,0.28791109127284087,2.4317776776020277,nan,0.7013073936711287,nan
508.39,194.08331298828125,-233.24795532226562,-70.90644073486328,194.21897172712804,-233.3210595332355,-70.9091444415719,0.15412601700231043,0.32728322783834524,0.06595777127466032,3.6818686451507174e-05,0.3000407987093251,2.13861935884437,nan,nan,nan
508.40000000000003,194.09201049804688,-233.24925231933594,-70.9072036743164,194.2054648455887,-233.31854672775313,-70.91041607741236,0.13298091422335515,0.32721852346305674,0.06594912761138289,3.6031123758848656e-05,0.41516981503515715,2.243989463343748,7.7709959353742315,0.14676474741904857,nan
508.41,194.10069274902344,-233.2505340576172,-70.90794372558594,194.21409290467273,-233.31980641095424,-70.91128000824236,0.13292623902036813,0.32726488268384074,0.06597238134229652,3.6754049118722416e-05,0.43124184531557475,2.6171798790636207,nan,nan,nan
508.42,194.10939025878906,-233.2517852783203,-70.90867614746094,194.2227248788595,-233.32103430377646,-70.91157236055092,0.1328478516326134,0.3273113279112712,0.06599570044285488,3.599210957710612e-05,0.36117660959214265,2.200247084956265,nan,0.20717134004164156,nan
508.43,194.1180877685547,-233.2530059814453,-70.90939331054688,194.23135325208565,-233.32224349473782,-70.91240261026819,0.13278538658770536,0.32735785942959256,0.0660190854373937,3.671417899429104e-05,0.374558663823827,2.1989899195796796,nan,nan,nan
508.44,194.1267852783203,-233.2541961669922,-70.91009521484375,194.2399677673722,-233.32345033589303,-70.91530840162761,0.13279153984562336,0.3274044772453882,0.06604253611309682,3.595456788960643e-05,0.8836073157383638,2.7030439723711366,nan,2.917342254046004,nan
508.45,194.13548278808594,-233.25537109375,-70.91078186035156,194.25592524055463,-233.33369884585127,-70.91612536074442,0.14377125617577616,0.3273397600688223,0.06603379160812561,3.66528299563875e-05,0.9715439065522434,2.777499206804981,3.581573457771856,nan,nan
508.46000000000004,194.1441650390625,-233.25653076171875,-70.91145324707031,194.2645510820334,-233.33487227722446,-70.91797942500054,0.14378033033867457,0.32738618265056707,0.06605722656940193,3.589642305282995e-05,1.378717848809228,3.2417374869383897,nan,0.7298416851445633,nan
508.47,194.15286254882812,-233.25765991210938,-70.91211700439453,194.27318425601845,-233.33601215767612,-70.91878801767558,0.14373896487989263,0.3274326914399361,0.06608072757106707,3.6616051825608546e-05,1.4074390435035016,3.000962957379769,nan,nan,nan
508.48,194.16156005859375,-233.25875854492188,-70.91275787353516,194.28182087326024,-233.337124683877,-70.91909861545531,0.1436806190377806,0.32747928645117924,0.06610429448367919,3.586183825051165e-05,1.3130894471737964,3.271532968790722,nan,0.1585260906252414,nan
508.49,194.17025756835938,-233.2598419189453,-70.91339874267578,194.2904545289737,-233.3382192376432,-70.91987788237651,0.14363945376689083,0.3275259679571889,0.0661279277070465,3.6580782333832095e-05,1.3393980908426055,2.7533242514931917,nan,nan,nan
508.5,194.178955078125,-233.2609100341797,-70.91401672363281,194.31919574552674,-233.34614829083944,-70.91928218697112,0.16419722986654267,0.32746123707231634,0.06611907870732092,3.5806764055876675e-05,0.9622726755962536,2.7074367193093165,3.9404170939143723,1.2069730898327053,nan
508.51,194.18765258789062,-233.26194763183594,-70.91462707519531,194.32786568629413,-233.34720740532342,-70.92002406161754,0.16418912692833665,0.32750772308420323,0.06614269537874856,3.6524181210383746e-05,0.9853082432907724,2.490389910534232,nan,nan,nan
508.52000000000004,194.19635009765625,-233.26296997070312,-70.91522216796875,194.33653590573434,-233.34824554319022,-70.920754688301,0.16417853949506991,0.3275542953020817,0.06616637827541647,3.72560012159647e-05,1.0091919143435408,2.643766131881705,nan,nan,nan
508.53000000000003,194.20504760742188,-233.2639617919922,-70.91580963134766,194.34520647673332,-233.34926328044273,-70.92147431030385,0.1641735093314941,0.3276009538704519,0.0661901275418248,3.800236857281953e-05,1.0318885465258312,2.452834249072891,nan,nan,nan
508.54,194.2137451171875,-233.2649383544922,-70.9163818359375,194.3538747156565,-233.35026407795527,-70.92260384948199,0.1641812927958926,0.32764769887051387,0.06621394323393298,3.7162807977609624e-05,1.2290712574706202,2.785372335867748,nan,0.11060860448081336,nan
508.55,194.22244262695312,-233.26589965820312,-70.91694641113281,194.38040799641985,-233.36695776663197,-70.92327320499194,0.1876321602244944,0.3275829536151291,0.06620498663407569,3.788234601944134e-05,1.3565616027953664,2.6900031119477203,8.239765973879214,nan,nan
508.56,194.23114013671875,-233.266845703125,-70.91749572753906,194.3890866484851,-233.36796801546984,-70.92568190152139,0.1877227638769238,0.3276295028614675,0.0662287849566001,3.7049398400438627e-05,2.108601692441045,3.5972432961839935,nan,1.854204108982469,nan
508.57,194.23983764648438,-233.26776123046875,-70.91802978515625,194.39777598958162,-233.3689475322098,-70.926380193276,0.18775760223250618,0.3276761384382288,0.06625264990637368,3.7790247961558054e-05,2.1451006823111087,3.7737505007715932,nan,nan,nan
508.58,194.24853515625,-233.2686767578125,-70.91856384277344,194.40646330299361,-233.36991100903052,-70.92745189798435,0.18779954919801473,0.3277228603704488,0.06627658149015922,3.6962663964647866e-05,2.4369958770978224,3.6472721716107293,nan,0.09280363163196992,nan
508.59000000000003,194.25723266601562,-233.26956176757812,-70.91908264160156,194.4151532546718,-233.37085376474863,-70.92813435477387,0.18783214454308464,0.3277696689198757,0.06630057997837668,3.770142320011586e-05,2.472994635586206,3.8089998716354896,nan,nan,nan
508.6,194.26593017578125,-233.2704315185547,-70.91958618164062,194.43952485578728,-233.37664244233542,-70.92844791435817,0.20370175149838976,0.32770490837577226,0.06629151229204998,3.685596406475819e-05,2.4214551668598396,3.9649626547168677,2.4953607993031666,0.08152806118057636,nan
508.61,194.27462768554688,-233.27127075195312,-70.92008972167969,194.4482440868096,-233.37755422324275,-70.92910832953496,0.20376497820882566,0.3277515209033072,0.06631549255149632,3.759182726143511e-05,2.4544688840174214,3.5862061872026523,nan,nan,nan
508.62,194.2833251953125,-233.27210998535156,-70.92057800292969,194.45696520826175,-233.37844735917744,-70.92948197516021,0.20380817424893083,0.32779821970923634,0.06633953964427473,3.677552723256413e-05,2.446510229418267,3.7528108614122457,nan,0.04918522248297026,nan
508.63,194.29202270507812,-233.27293395996094,-70.92105102539062,194.4656849455833,-233.37932529764143,-70.93012143931566,0.20386260794831904,0.3278450050463834,0.06636365380094988,3.750955124875099e-05,2.4839446787384607,3.97874976151225,nan,nan,nan
508.64,194.30072021484375,-233.2737274169922,-70.92152404785156,194.43049358293933,-233.38059816485494,-70.92924718375134,0.168291802069333,0.3209649076670762,0.06638720692599352,3.6696653939315556e-05,2.3646653195489304,3.460257527961751,nan,1.4130492547307345,0.27847099433716277
508.65000000000003,194.30941772460938,-233.27450561523438,-70.92198181152344,194.42530092805322,-233.37556409652177,-70.92981371400123,0.15395802082692447,0.3208949785317662,0.0663780642549078,3.7405205605074204e-05,2.3765012457597803,3.6351605896494354,1.938039988585777,nan,nan
508.66,194.31813049316406,-233.27528381347656,-70.92243194580078,194.4338445071449,-233.37642205310715,-70.93190767425078,0.1539755369426872,0.32093648720056167,0.06640213678655683,3.6599597908396404e-05,3.1896083229440824,4.390242347098887,nan,1.4420850408078805,nan
508.67,194.3268280029297,-233.27603149414062,-70.9228744506836,194.4425247597627,-233.3772570109142,-70.93251251246863,0.15402998741390994,0.3209780932578326,0.06642627020275793,3.7329329855621944e-05,3.224676807933104,4.338715331761818,nan,nan,nan
508.68,194.3355255126953,-233.2767791748047,-70.92330169677734,194.45128669221344,-233.37807261374886,-70.93220231774797,0.15407865689389805,0.3210197714919366,0.06645046457484169,3.652827317386688e-05,2.904454764649164,4.25835650941128,nan,0.5325212805210463,nan
508.69,194.34422302246094,-233.27749633789062,-70.9237289428711,194.45996765918326,-233.37887749862702,-70.93278254340373,0.15413282701892705,0.3210615469318739,0.06647472011461482,3.725650038147994e-05,2.9356898770678663,3.9324297744839747,nan,nan,nan
508.7,194.35292053222656,-233.27821350097656,-70.92414093017578,194.47785819779983,-233.37772438905014,-70.9333426547531,0.15998908981329973,0.3209917389599932,0.06646547162293388,3.797483207772739e-05,2.8155439965376785,4.125935367330704,7.190047385013155,nan,nan
508.71000000000004,194.36163330078125,-233.27890014648438,-70.92455291748047,194.48657323821632,-233.37848628260147,-70.93390762299295,0.16004654631774493,0.3210333425418586,0.06648970436891947,3.873122275396338e-05,2.8449928518628713,3.776636368899389,nan,nan,nan
508.72,194.37033081054688,-233.2795867919922,-70.9249496459961,194.49538681191868,-233.3792297278482,-70.93333165481722,0.1601186316984684,0.32107501819023276,0.06651399831548406,3.784145458122947e-05,2.441397028066058,3.6670722475462685,nan,0.7738847223264544,nan
508.73,194.3790283203125,-233.28036499023438,-70.92544555664062,194.50410228150707,-233.3800163312522,-70.9339224361642,0.16014288314504715,0.3211167910312427,0.0665383536567353,3.8594612753517445e-05,2.4445649242516505,3.51305394685871,nan,nan,nan
508.74,194.38772583007812,-233.28121948242188,-70.92603302001953,194.51289483880802,-233.38089075446243,-70.93370529622665,0.1601889729001515,0.3211586367490457,0.06656277049190373,3.771307454591547e-05,2.141862708603254,3.2314732377796886,nan,0.4941537960566313,nan
508.75,194.3964385986328,-233.2821807861328,-70.92671203613281,194.51476521515863,-233.38283894689513,-70.93459882639024,0.15554888288594892,0.3210889489559063,0.06655341346748206,3.843831280612101e-05,2.294379589210262,3.4274381348382326,3.7944356364472833,nan,nan
508.76,194.40513610839844,-233.28321838378906,-70.92748260498047,194.52345712520753,-233.38390370355242,-70.93547526740278,0.15556760359144103,0.3211306231746935,0.06657780688772877,3.7565851639734486e-05,2.3750404231337057,3.49295466999754,nan,7.078840837741558e-05,nan
508.77000000000004,194.41383361816406,-233.2843475341797,-70.92833709716797,194.53215005875003,-233.38505608660324,-70.93643267227607,0.1555844818113699,0.32117239349125637,0.06660226192600457,3.831215403431527e-05,2.383349105196822,3.731205827260145,nan,nan,nan
508.78000000000003,194.42254638671875,-233.28555297851562,-70.92929077148438,194.54077568161605,-233.38629759148552,-70.93830144861526,0.1555918876957404,0.32121423762303347,0.0666267786982221,3.744734574207483e-05,2.8395501057671146,3.8062820843555984,nan,0.4143625482289727,nan
508.79,194.43124389648438,-233.28684997558594,-70.93032836914062,194.54946892768174,-233.3876226935798,-70.93944718783081,0.1556131470917347,0.3212561776528744,0.06665135737429827,3.819096554952039e-05,2.8470250143700104,3.9774751511813147,nan,nan,nan
508.8,194.43994140625,-233.28823852539062,-70.93144989013672,194.56267773895294,-233.38027069073328,-70.93831020797029,0.1535616839703295,0.32118659850101966,0.06664188908295765,3.7310184380049464e-05,1.6873508760042615,3.0658702215321787,17.791097518390494,3.0625542206315064,nan
508.81,194.4486541748047,-233.28970336914062,-70.93266296386719,194.57140949959913,-233.38173104341448,-70.9396078432253,0.1535779735083818,0.32122836636964097,0.06666644369854559,3.8050353250627e-05,1.6917811992384117,2.8011397885804588,nan,nan,nan
508.82,194.4573516845703,-233.291259765625,-70.9339599609375,194.58009194068188,-233.38327566775433,-70.94161250662452,0.15359250688266227,0.3212702089279855,0.06669106028228994,3.720111266799818e-05,1.9963996294685344,3.247058113986564,nan,0.23995956915821512,nan
508.83,194.46604919433594,-233.2928924560547,-70.93534088134766,194.5888233000636,-233.38490076935383,-70.94308859776277,0.1536197834363542,0.32131214638388794,0.0667157389928849,3.7938936173334975e-05,2.0025394570514403,3.2444873772494116,nan,nan,nan
508.84000000000003,194.47476196289062,-233.2946014404297,-70.93680572509766,194.59753058933458,-233.3866073173385,-70.94496066606784,0.15363502233189855,0.3213541592620709,0.06674047996255941,3.709652914610152e-05,2.2113830445267366,3.3517796269872093,nan,0.06076536822978846,nan
508.85,194.48345947265625,-233.29638671875,-70.9383544921875,194.6019779085136,-233.38174383892647,-70.94664688828409,0.14629156310571392,0.32128470863695235,0.066730897688048,3.7808230813017124e-05,2.1450273498224073,3.3511825743829764,3.045046722026367,nan,nan
508.86,194.49215698242188,-233.29824829101562,-70.93997955322266,194.61076908429305,-233.3835885988929,-70.94767216748482,0.1463248959441824,0.3213265496289329,0.06675561394222099,3.6973451555834005e-05,1.925141057713152,3.2924348701485124,nan,0.31446800467566266,nan
508.87,194.50086975097656,-233.30020141601562,-70.94168853759766,194.6195064489494,-233.38551240962093,-70.94947822933663,0.1463328774855908,0.3213684845775531,0.0667803925444485,3.770611265018738e-05,1.9321439530555218,3.202070393130074,nan,nan,nan
508.88,194.5095672607422,-233.30223083496094,-70.94347381591797,194.62824629374506,-233.38751339949644,-70.95133043057879,0.14635421101621593,0.32141049573278013,0.06680523363378991,3.687765373288582e-05,1.9948522977574645,3.4311022949660357,nan,0.0007689630813677747,nan
508.89,194.5182647705078,-233.3043212890625,-70.94532775878906,194.63698344913328,-233.3895908214536,-70.95328887694603,0.14638441587506115,0.3214526007193725,0.06683013735902435,3.760841248047701e-05,2.0047161045904858,3.128847848692493,nan,nan,nan
508.90000000000003,194.52696228027344,-233.30650329589844,-70.94718933105469,194.6179434580556,-233.37922869026372,-70.95530668545413,0.11675807954339627,0.3213832586362789,0.0668204383455676,3.6763438606460715e-05,2.088644748712788,3.416065800249494,7.485616896795598,0.009034673348851902,nan
508.91,194.53567504882812,-233.30874633789062,-70.94904327392578,194.62663414864195,-233.38143500870297,-70.95730368066683,0.11672803871792979,0.32142519113620094,0.06684531668087587,3.749151645859936e-05,2.1148055624713407,3.1598537240936255,nan,nan,nan
508.92,194.54437255859375,-233.31106567382812,-70.95086669921875,194.63530726055794,-233.3837153525032,-70.95952272619523,0.11671342097601747,0.32146720056962175,0.06687025772631154,3.667597974376729e-05,2.336089160751014,3.6053088592787397,nan,0.036764908930283474,nan
508.93,194.55307006835938,-233.31346130371094,-70.9526596069336,194.64399708575067,-233.38606874554802,-70.96147844286118,0.11669333729446235,0.32150930297818253,0.0668952616273545,3.740242589554163e-05,2.370775718671197,3.6501243632317504,nan,nan,nan
508.94,194.561767578125,-233.31588745117188,-70.95442199707031,194.6526948861345,-233.38847316219386,-70.96328521947527,0.1166834071229541,0.3215514829828816,0.06692032852788841,3.6592483030398e-05,2.4368983102139046,3.6392816005377817,nan,0.009066385764739355,nan
508.95,194.57046508789062,-233.31829833984375,-70.9561538696289,194.68047137350004,-233.40243871619393,-70.96523071882184,0.1387925610297652,0.3214822649091706,0.06691051002500349,3.7294177186200214e-05,2.5643905590493183,3.592049707750993,3.9717903920659943,nan,nan
508.96000000000004,194.5791778564453,-233.32069396972656,-70.95784759521484,194.6890985702021,-233.40485843956534,-70.96833345604999,0.13883866382784085,0.3215242726164485,0.06693555084780527,3.649059000290484e-05,3.3676064510263046,4.552827777266743,nan,0.9999880459982308,nan
508.97,194.58787536621094,-233.3230438232422,-70.95951080322266,194.69781031831377,-233.4072449083309,-70.97017406578489,0.13888564213928487,0.32156637249596276,0.06696065474348105,3.721322754080325e-05,3.4092317511766828,4.47220640817756,nan,nan,nan
508.98,194.59657287597656,-233.32534790039062,-70.96114349365234,194.70661354728145,-233.40959177332354,-70.97061044203934,0.13890861233102,0.3216085506176098,0.06698582185644886,3.6414783043642474e-05,2.8143274100774014,3.7570732280312535,nan,1.2259784854253908,nan
508.99,194.6052703857422,-233.32760620117188,-70.96273803710938,194.71532482751172,-233.41189582583033,-70.97237379624245,0.13895887460805598,0.32165082085306707,0.06701105233139781,3.713614057738697e-05,2.8528369986995643,3.9438384071122004,nan,nan,nan
509.0,194.6139678955078,-233.32981872558594,-70.96430206298828,194.7022397415006,-233.39392013809413,-70.97294634574112,0.10943323766036311,0.32158171066570795,0.06700111157837955,3.632057804607e-05,2.236677006373494,3.420521173069943,15.249202157469266,0.8398133051676127,nan
509.01,194.62266540527344,-233.33200073242188,-70.96583557128906,194.71094194057684,-233.39608543822035,-70.97463647570486,0.10943971911964691,0.32162380805732227,0.06702631527237042,3.7039864611466545e-05,2.2696527500722152,3.532472401653483,nan,nan,nan
509.02000000000004,194.63136291503906,-233.33413696289062,-70.96733856201172,194.7196438696063,-233.39820734996047,-70.97629687482981,0.10944767154731877,0.3216659904904566,0.067051582397864,3.777354137216219e-05,2.3022387155882575,3.5271522632042043,nan,nan,nan
509.03000000000003,194.6400604248047,-233.3362274169922,-70.96881103515625,194.7283455569627,-233.4002864581389,-70.97792810492554,0.1094575089885198,0.321708258109611,0.06707691309936052,3.8521752828356945e-05,2.334705341319481,3.5281376554663666,nan,nan,nan
509.04,194.6487579345703,-233.33827209472656,-70.97026062011719,194.73710442185967,-233.40232443261766,-70.97861010564269,0.10944184626651944,0.32175060466878297,0.067102307519844,3.764160244462584e-05,2.02827474350833,2.9896885898617773,nan,0.5158091223722546,nan
509.05,194.65745544433594,-233.34027099609375,-70.97167205810547,194.7828991280026,-233.42229759355823,-70.98023655053663,0.15012605035125443,0.32168161411517143,0.06709224175355424,3.836238658963173e-05,2.132379137691445,3.3528712277983663,12.510529814870512,nan,nan
509.06,194.66615295410156,-233.3422393798828,-70.97306060791016,194.79154058941774,-233.42428320049885,-70.98370987199628,0.15022201708482663,0.3217237879850779,0.06711760867423873,3.7491714878364165e-05,3.244461613347683,4.35633178247801,nan,2.2955072006703086,nan
509.07,194.6748504638672,-233.34417724609375,-70.97441864013672,194.8002996740225,-233.42623169420744,-70.98524096063032,0.15029158128353007,0.3217660530148472,0.06714303938402269,3.823343765006691e-05,3.2821357395455344,4.515586261226181,nan,nan,nan
509.08,194.6835479736328,-233.34605407714844,-70.97575378417969,194.8090557433128,-233.4281414326259,-70.98679323222753,0.15037421186003613,0.3218083975897538,0.06716853402163749,3.7370794124712105e-05,3.479329803844606,4.418591399316594,nan,0.00139993196860465,nan
509.09000000000003,194.69224548339844,-233.34791564941406,-70.97705841064453,194.81781449468522,-233.4300132094304,-70.98827262537301,0.15044382529088163,0.321850833286533,0.06719409273818774,3.8110015333470895e-05,3.517300515373608,4.7047505443377915,nan,nan,nan
509.1,194.70094299316406,-233.3497314453125,-70.97834014892578,194.81703185445048,-233.424137827588,-70.9881847680439,0.13823838093555846,0.3217819490804065,0.06718389918653077,3.72319967101258e-05,2.7717207636280867,3.828427279060959,1.851820991602432,1.4396223882806225,nan
509.11,194.7096405029297,-233.35150146484375,-70.9795913696289,194.82578327302582,-233.42591769501504,-70.98959895644784,0.13830065130883745,0.3218242115451088,0.06720942967161601,3.796795584223827e-05,2.805866086477204,3.912096379986939,nan,nan,nan
509.12,194.71832275390625,-233.35325622558594,-70.98081970214844,194.83459663693742,-233.42766368199344,-70.98989319690108,0.13834165587850325,0.32186655410085785,0.06723502428937315,3.712148054512948e-05,2.384981170455824,3.67363062292526,nan,0.7517549528126508,nan
509.13,194.72702026367188,-233.35496520996094,-70.98202514648438,194.84334810990939,-233.42937242610046,-70.99124862285765,0.1383967996028068,0.3219089870967365,0.06726068319521536,3.7855275101009175e-05,2.4137714723253327,3.457136408511843,nan,nan,nan
509.14,194.7357177734375,-233.35662841796875,-70.98320770263672,194.85211160070858,-233.43104724512668,-70.9923623287579,0.13845393472845313,0.3219515007581673,0.06728640652166326,3.7015885228133537e-05,2.4299663816561363,3.346126897604917,nan,0.030089844350778456,nan
509.15000000000003,194.74441528320312,-233.3582763671875,-70.98435974121094,194.87024689775598,-233.43853969168256,-70.99368419974239,0.14954177345103947,0.32188273230204256,0.06727608242410807,3.7723986553716715e-05,2.4963952973013486,3.7283821630768825,0.9654941462083778,nan,nan
509.16,194.75311279296875,-233.35987854003906,-70.9854965209961,194.87908503612283,-233.4401631759477,-70.99356398583423,0.14959850533066274,0.3219250728005833,0.06730177677080322,3.689242286179752e-05,1.9551461650541015,2.8731794062118894,nan,1.2535903220138325,nan
509.17,194.76181030273438,-233.36146545410156,-70.98661041259766,194.88784786567203,-233.44175119872065,-70.99481454084344,0.1496615374121822,0.3219675031107636,0.0673275356114729,3.762141974971336e-05,1.9792487460094723,3.034212776629653,nan,nan,nan
509.18,194.7705078125,-233.36300659179688,-70.9876937866211,194.89663242107207,-233.44330821811698,-70.99562855094973,0.1497288501327084,0.3220100145521923,0.06735335907361543,3.6796361144435874e-05,1.900561593712388,3.0606697910438614,nan,0.10996791131870659,nan
509.19,194.77920532226562,-233.36451721191406,-70.98876190185547,194.90539526451772,-233.44483295021504,-70.99683284352713,0.14979872978061834,0.3220526158342911,0.06737924731990433,3.752363217051532e-05,1.9248216491852939,2.897217605083303,nan,nan,nan
509.2,194.78790283203125,-233.36599731445312,-70.98980712890625,194.91963056555022,-233.45460990929348,-70.99803785179257,0.15897211246510412,0.32198395224640286,0.06736878989204748,3.668242020891434e-05,2.114821531146877,3.02591943576779,3.595366261722175,0.0010230784321839704,nan
509.21000000000004,194.79660034179688,-233.36746215820312,-70.99083709716797,194.9283882468944,-233.45609743228124,-70.99920172930084,0.1590416008835896,0.3220263798787134,0.06739464839901534,3.74071897968644e-05,2.1376145523852914,2.991260494157655,nan,nan,nan
509.22,194.8052978515625,-233.36888122558594,-70.9918441772461,194.9371457106983,-233.45755576332647,-71.00034599531314,0.15912043398833622,0.322068892856365,0.06742057173630467,3.814640796822406e-05,2.1614306882388292,2.96014941014264,nan,nan,nan
509.23,194.81399536132812,-233.3702850341797,-70.99282836914062,194.9459030951908,-233.4589853590991,-71.00147102839048,0.15919200184841392,0.32211149132385775,0.0674465600484157,3.8900219223193327e-05,2.1860030179210455,3.125947169378229,nan,nan,nan
509.24,194.82269287109375,-233.37164306640625,-70.99378967285156,194.95467777807687,-233.46038775073907,-71.00221868790662,0.15926921536654184,0.32215417154848613,0.06747261346591069,3.799412353505017e-05,2.1352658402032114,3.0420899093247264,nan,0.07670572151478403,nan
509.25,194.83139038085938,-233.37298583984375,-70.99473571777344,194.92172222735732,-233.4459352349855,-71.00308397892175,0.11640940772754564,0.32208561940851627,0.06746201996003756,3.871974009441225e-05,2.074766810374234,2.804722656683051,19.831549612866123,nan,nan
509.26,194.840087890625,-233.37429809570312,-70.99566650390625,194.93043170153854,-233.44726159331043,-71.00355471243935,0.11639544659192612,0.32212812600757185,0.06748804286196279,3.7824577721801905e-05,1.9192129985131807,2.5387804710439825,nan,0.2107753839701761,nan
509.27000000000004,194.84878540039062,-233.37559509277344,-70.99657440185547,194.9391136099463,-233.4485599160773,-71.00459348566608,0.1163931122810117,0.3221707216567504,0.06751413095075348,3.857106443610657e-05,1.9405130270004032,2.729127845235519,nan,nan,nan
509.28000000000003,194.85748291015625,-233.37686157226562,-70.9974594116211,194.94778052859073,-233.44983130519864,-71.00594631116464,0.11640562393250788,0.3222133994668572,0.06754028433853008,3.768527175568199e-05,2.183835623824591,3.054248880409233,nan,0.06664107132521677,nan
509.29,194.86618041992188,-233.3780975341797,-70.99833679199219,194.95646267524197,-233.4510782159025,-71.00695415154003,0.11641015598299413,0.32225616638622123,0.06756650320337794,3.8428884612700134e-05,2.204231788756292,2.790442598363942,nan,nan,nan
509.3,194.8748779296875,-233.37930297851562,-70.99919128417969,194.95762043884494,-233.4483011672342,-71.00912108262183,0.10819276207406735,0.32218771694676807,0.06755577082462232,3.752873390037129e-05,2.88500742056436,3.608692483532395,1.3681254405571974,0.6475196362324407,nan
509.31,194.88357543945312,-233.3804931640625,-71.00003051757812,194.9662922686724,-233.44949100869502,-71.0101089224047,0.10818664725311866,0.3222303097695646,0.06758195838715936,3.826872927972257e-05,2.911152085361599,3.6405971222027107,nan,nan,nan
509.32,194.89227294921875,-233.3816680908203,-71.00084686279297,194.97495126732878,-233.450655774735,-71.0113835738637,0.10819439494540943,0.3222729851070645,0.06760821143880123,3.740161206896464e-05,3.2244230782661614,4.1630725977660115,nan,0.056487107437914574,nan
509.33,194.90098571777344,-233.38279724121094,-71.00165557861328,194.98362337298852,-233.45179787378132,-71.01234286572087,0.10818635524075561,0.3223157490578216,0.06763453016300368,3.813911916683954e-05,3.250358148477368,3.799273294453362,nan,nan,nan
509.34000000000003,194.90968322753906,-233.38392639160156,-71.00244140625,194.99233596450543,-233.45292025158295,-71.0123194142034,0.10811661613411015,0.32235859600740213,0.06766091466413927,3.728022929232584e-05,2.8720361873464033,3.72579352363237,nan,0.5806985706244989,nan
509.35,194.9183807373047,-233.38502502441406,-71.00321960449219,195.03356029628694,-233.45981746159967,-71.01320021788605,0.13769477880887868,0.322290254067265,0.06765004068635974,3.799152132192089e-05,2.7886979064363673,3.532700323290772,19.561599486408625,nan,nan
509.36,194.9270782470703,-233.38609313964844,-71.00397491455078,195.04229110829593,-233.46088659739218,-71.01450670268325,0.1377642307506715,0.32233292687165366,0.0676763930822612,3.714156552699076e-05,3.1524550633002493,3.9789930435066454,nan,0.10132628804107086,nan
509.37,194.93577575683594,-233.38714599609375,-71.00471496582031,195.0510383309388,-233.4619355714736,-71.01540039777623,0.13781552898857638,0.322375687837148,0.06770281134260675,3.7873685702984195e-05,3.180091606929618,4.048516153721444,nan,nan,nan
509.38,194.94447326660156,-233.38818359375,-71.00544738769531,195.05978849469633,-233.46296368658884,-71.01621388915459,0.13786073287635883,0.32241853208916926,0.06772929556662999,3.703126071795074e-05,3.294870871223651,4.045236757580419,nan,0.002757344447963437,nan
509.39,194.9531707763672,-233.38919067382812,-71.00615692138672,195.0685362117145,-233.4639708141383,-71.01707912050445,0.13791500096527223,0.3224614646169378,0.06775584594521178,3.776139353919897e-05,3.323112773557818,4.1562888806163425,nan,nan,nan
509.40000000000003,194.9618682861328,-233.3901824951172,-71.0068588256836,195.05347992362465,-233.4398454442398,-71.01740344092018,0.10473915003464257,0.3223932231294369,0.06774482756858734,3.6903625983323434e-05,3.056914453695221,4.09718416716302,21.820226530668812,0.19492688188720367,nan
509.41,194.9705810546875,-233.3911590576172,-71.0075454711914,195.06222148005253,-233.44074846832132,-71.01823710351158,0.10474439467931439,0.32243598108613397,0.0677713450289088,3.763100898224557e-05,3.0812540032448013,4.113530476004983,nan,nan,nan
509.42,194.97927856445312,-233.39210510253906,-71.00821685791016,195.07092753680482,-233.4416280332891,-71.02003914130174,0.10484188660924432,0.32247882257766136,0.06779792863629312,3.680368770296335e-05,3.8408346013368213,4.840503735648945,nan,0.6135599160054518,nan
509.43,194.98797607421875,-233.39305114746094,-71.00887298583984,195.07966981600455,-233.4424923990553,-71.02085700661502,0.10486084300557376,0.32252175195125393,0.06782457858642578,3.7529384486758355e-05,3.869573030464225,5.124004205613832,nan,nan,nan
509.44,194.99667358398438,-233.3939666748047,-71.009521484375,195.08840594766812,-233.44333726534495,-71.02184354503872,0.10490050017183862,0.32256476529570477,0.06785129497159448,3.670863389510935e-05,4.178589523271097,5.162421155360875,nan,0.020988000690904497,nan
509.45,195.00538635253906,-233.3948516845703,-71.0101547241211,195.1005178994932,-233.43587064120376,-71.02256319033464,0.10433856460081851,0.3224966271338606,0.0678401294941856,3.740958762547312e-05,4.14444240599762,5.182488589069559,9.241452601080843,nan,nan
509.46000000000004,195.0140838623047,-233.39573669433594,-71.01077270507812,195.10929204880557,-233.4366520103878,-71.02324088895813,0.10437488909539806,0.3225394657987549,0.06786681213275578,3.6596102944626524e-05,4.276638322783577,5.677833069428729,nan,0.006999991935592609,nan
509.47,195.0227813720703,-233.39659118652344,-71.0113754272461,195.11806290331552,-233.43741532612063,-71.02401017159781,0.10442613339157646,0.3225823919863293,0.06789356129860853,3.7317920420822786e-05,4.306628195800515,5.5713411253206155,nan,nan,nan
509.48,195.03147888183594,-233.39744567871094,-71.01197052001953,195.1269350448233,-233.43817436518958,-71.02171136495703,0.10423813608581257,0.3226254023409641,0.0679203770796436,3.65104224340267e-05,2.6278290305960272,4.032481545266335,nan,6.052717739678976,nan
509.49,195.04019165039062,-233.3982696533203,-71.01255798339844,195.13570663274885,-233.4389030864523,-71.02242830227243,0.10426701749670926,0.3226685003765832,0.06794725967790023,3.7230941129237294e-05,2.6458492875193604,3.682561550201598,nan,nan,nan
509.5,195.04888916015625,-233.39907836914062,-71.01313018798828,195.1258197772286,-233.42932072600158,-71.02407013789814,0.0833822672734906,0.3226004600461175,0.06793594430258694,3.640716245033473e-05,3.3091300428389854,4.543559119735005,4.5711536461056514,0.8092773172170561,nan
509.51,195.05758666992188,-233.39987182617188,-71.01368713378906,195.13456552158982,-233.42999636690897,-71.02477304232958,0.0834034107630201,0.32264338300921,0.06796279231593494,3.71256011536521e-05,3.3323496177151175,4.629626230577712,nan,nan,nan
509.52000000000004,195.06629943847656,-233.40065002441406,-71.01423645019531,195.14332305656126,-233.43065763022418,-71.0250919557771,0.08337227447268238,0.3226863903044261,0.06798970712133617,3.633021678205365e-05,3.2659014617823443,4.421614708105393,nan,0.09129112397071984,nan
509.53000000000003,195.0749969482422,-233.4014129638672,-71.01477813720703,195.1520695133137,-233.43130153726406,-71.02577055597412,0.08339268778948636,0.3227294849670777,0.06801668892474447,3.704758899343096e-05,3.284089824732739,4.466777405141334,nan,nan,nan
509.54,195.0836944580078,-233.40216064453125,-71.01530456542969,195.1608140989978,-233.43192982734126,-71.02651378878362,0.0834223588721843,0.32277266436002344,0.06804373780838525,3.6257384671032924e-05,3.4881925567992225,4.72457378968636,nan,0.003651779763058386,nan
509.55,195.0924072265625,-233.40289306640625,-71.01582336425781,195.15193020894125,-233.42798078875174,-71.02721900930604,0.06559146262899397,0.32270472327581745,0.06803226986089593,3.6951091561736504e-05,3.5258844783823475,4.601112845843321,4.293665322544201,nan,nan
509.56,195.10110473632812,-233.4036102294922,-71.01632690429688,195.1605979809637,-233.42856973115704,-71.02938059593602,0.06582417296127673,0.3227477274383206,0.06805928330706436,3.616676119349226e-05,4.723042384074694,5.911195145694355,nan,1.5069322843443707,nan
509.57,195.10980224609375,-233.40431213378906,-71.0168228149414,195.16930909133904,-233.4291509628603,-71.0300370497181,0.06582285364074442,0.32279081868151105,0.06808636392835854,3.68814117635382e-05,4.746172200532746,5.871163880499383,nan,nan,nan
509.58,195.11851501464844,-233.40501403808594,-71.0173110961914,195.17804890000318,-233.4297228618113,-71.02964759012227,0.06562772705060768,0.3228339947789522,0.06811351180360387,3.6101772901477004e-05,4.227289839903806,5.455678689801099,nan,0.7125417901721081,nan
509.59000000000003,195.12721252441406,-233.4056854248047,-71.01778411865234,195.1867603566834,-233.43027610466424,-71.03027598325309,0.06562539558080162,0.3228772581497402,0.06814072714369268,3.6815651821699106e-05,4.250420305446383,5.35861768428506,nan,nan,nan
509.6,195.13592529296875,-233.40634155273438,-71.01825714111328,195.16481361862915,-233.4136741186911,-71.03060270149957,0.03226011072861898,0.3228094119646484,0.06812910383688449,3.601885745904592e-05,4.240450762943468,5.426312241375736,9.001572136684356,0.0849878896239147,nan
509.61,195.14462280273438,-233.40699768066406,-71.01871490478516,195.17348172477426,-233.4141672180186,-71.03121165836612,0.03225536385232336,0.3228524997355192,0.06815628287696956,3.673116560998243e-05,4.260958903350857,5.7405211380955015,nan,nan,nan
509.62,195.15333557128906,-233.4076385498047,-71.01915740966797,195.18222177275484,-233.41466095955488,-71.02898563274341,0.03131007573676539,0.3228956724600239,0.06818352934150489,3.5961141698643464e-05,2.6956457486388254,4.185503504916964,nan,5.3387801969761215,nan
509.63,195.1620330810547,-233.40826416015625,-71.01959991455078,195.1908905209903,-233.41512843755456,-71.02955073742089,0.03128720217007536,0.32293893220694353,0.06821084344424536,3.667285445370321e-05,2.7099529013751193,4.052381558543409,nan,nan,nan
509.64,195.17074584960938,-233.40887451171875,-71.02003479003906,195.19956847910683,-233.41558530607566,-71.0297357120414,0.03114300274128497,0.32298227727594964,0.0682382252598503,3.590684671355922e-05,2.631076185077976,3.880563406424586,nan,0.09292656004122306,nan
509.65000000000003,195.179443359375,-233.4094696044922,-71.02045440673828,195.20153398837752,-233.41521754502924,-71.03022788538011,0.02483053754768065,0.32291452631570966,0.06822644394979978,3.659566630728619e-05,2.6150999492278126,3.9082652570955143,1.0182863647786233,nan,nan
509.66,195.1881561279297,-233.41006469726562,-71.02086639404297,195.17967211212778,-233.43357306861185,-71.0307740273924,0.026884628434586593,0.321629647296621,0.06779561447431949,3.583245840476172e-05,2.942594423364863,4.383466726057728,nan,0.0014080335496117035,0.7011209243022785
509.67,195.1968536376953,-233.41062927246094,-71.02127075195312,195.1883022104733,-233.43404291330918,-71.03130365791363,0.026869772744040656,0.3216708462346654,0.06782051997802552,3.6542280104826774e-05,2.955985921085974,4.1124158380241065,nan,nan,nan
509.68,195.20556640625,-233.41119384765625,-71.02167510986328,195.19698635353873,-233.4344841792549,-71.03101345730366,0.026519079611105185,0.32171212322288983,0.06784548591149303,3.5784711086563155e-05,2.636509181873068,3.858039992430577,nan,0.4455523492764826,nan
509.69,195.21426391601562,-233.41184997558594,-71.02216339111328,195.2056169997568,-233.43498288069418,-71.03157196452162,0.02642766946050763,0.3217534913707168,0.06787051370834297,3.649415931795114e-05,2.6225833246044488,3.964796509132786,nan,nan,nan
509.7,195.2229766845703,-233.41259765625,-71.02275085449219,195.20507247158773,-233.4331431491861,-71.03226035888395,0.028863624101795556,0.32168088875635875,0.06786043118348345,3.571863288237181e-05,2.7526977930682985,4.060663179013889,1.4714329100698065,0.0010118009264296708,nan
509.71000000000004,195.23167419433594,-233.41343688964844,-71.02342987060547,195.2136830670979,-233.43382352176815,-71.03300789781746,0.02882766091367056,0.32172208607772473,0.06788543198398486,3.642689196574716e-05,2.736712813238225,4.069877265873672,nan,nan,nan
509.72,195.24038696289062,-233.41436767578125,-71.02420043945312,195.22230993707268,-233.43458878112372,-71.03359538276128,0.028704301480046247,0.3217633620487639,0.0679104935024265,3.567685286395083e-05,2.6897324870717383,4.0473459709825095,nan,0.04336117162303521,nan
509.73,195.24908447265625,-233.41539001464844,-71.02505493164062,195.23092106783304,-233.43544811493337,-71.03452478189597,0.02866905519319974,0.3218047284590404,0.06793561706565039,3.638486925519212e-05,2.677738855659048,4.169357588611312,nan,nan,nan
509.74,195.25779724121094,-233.41648864746094,-71.02600860595703,195.23948290958802,-233.4364113345496,-71.03635087104983,0.028970513472786612,0.3218461741224926,0.06796080165801371,3.5637874610221145e-05,3.212026035836835,4.407519106065203,nan,0.4421652264426156,nan
509.75,195.26651000976562,-233.4176788330078,-71.02704620361328,195.2505015471084,-233.4378715431127,-71.03751635927092,0.027814395149324506,0.3217737359316409,0.06795060521055386,3.632353768733712e-05,3.216650072880946,4.532004149677835,0.24736532705309677,nan,nan
509.76,195.27520751953125,-233.41896057128906,-71.02816772460938,195.25916134592688,-233.43897793380614,-71.03801386403113,0.027479464168616498,0.3218150109537205,0.06797576220744936,3.558029879700371e-05,2.9208179439310507,4.381390185918142,nan,0.34410021987376765,nan
509.77000000000004,195.28392028808594,-233.42031860351562,-71.02938079833984,195.2677788505731,-233.44018283912698,-71.03930202192379,0.027451130009645122,0.3218563757444418,0.06800098142961081,3.6287114842663116e-05,2.906335415840959,4.165921171290512,nan,nan,nan
509.78000000000003,195.29261779785156,-233.42176818847656,-71.03067016601562,195.27646521047876,-233.44144928121833,-71.0394902287349,0.026945222150093477,0.32189782031170094,0.0680262619617442,3.554658529385199e-05,2.379772628099532,3.8881837093128615,nan,0.9631548832377069,nan
509.79,195.30133056640625,-233.4232940673828,-71.03205108642578,195.28508255079242,-233.44282116332485,-71.04093885839447,0.026912784654957042,0.32193935464711265,0.06805160498711739,3.625331747051526e-05,2.367899772994557,3.665547166040125,nan,nan,nan
509.8,195.31004333496094,-233.42489624023438,-71.03351593017578,195.29213378363616,-233.435850577785,-71.04360548356844,0.02329267325772853,0.3218670688714791,0.06804129084625647,3.549411589067947e-05,2.9614688198958317,4.394924015029928,8.772307079423353,1.0123372746121324,nan
509.81,195.31874084472656,-233.4265899658203,-71.03506469726562,195.30077203178772,-233.43735877727607,-71.04523299919549,0.023286045236105044,0.3219084321515924,0.06806660560426016,3.619993376857206e-05,2.947716692115502,4.573793158700676,nan,nan,nan
509.82,195.32745361328125,-233.42835998535156,-71.03668975830078,195.3094228298549,-233.43894291632637,-71.04671282008078,0.02318554175410566,0.32194987568386435,0.06809198194671447,3.5465221111286514e-05,2.9224271110558346,4.523126930314366,nan,0.03654512270213395,nan
509.83,195.33615112304688,-233.43020629882812,-71.03839874267578,195.31806078925177,-233.4406104775749,-71.04850287670705,0.023186216524794554,0.32199140838443996,0.06811742096302888,3.6171049700737276e-05,2.9104799665420633,4.443149189163176,nan,nan,nan
509.84000000000003,195.34486389160156,-233.43212890625,-71.0401840209961,195.32668712697367,-233.44236016051136,-71.05058995239968,0.023310013823987626,0.32203302188113314,0.06814292187252502,3.543858379445793e-05,3.1418078283858537,4.663100842946285,nan,0.03215385898112801,nan
509.85,195.3535614013672,-233.4341278076172,-71.04203033447266,195.30574586950166,-233.43390677101235,-71.05250697576953,0.048950321323021205,0.32196089654166415,0.06813248836323359,3.6122417098246984e-05,3.159368675787165,4.935206828024783,10.632067172331718,nan,nan
509.86,195.36227416992188,-233.4362030029297,-71.04389190673828,195.31434652267748,-233.43578488505895,-71.05407879373196,0.04900006999544773,0.3220023390936205,0.0681579603711506,3.5392923941740224e-05,3.0510222305300654,4.889715682154514,nan,0.11645423832117056,nan
509.87,195.3709716796875,-233.43829345703125,-71.04574584960938,195.32292544062958,-233.43771282825375,-71.05605834453705,0.04914392911664509,0.3220438702577179,0.06818349523266978,3.609801211859347e-05,3.063514276995966,4.836026827838502,nan,nan,nan
509.88,195.3796844482422,-233.44036865234375,-71.04756927490234,195.33148511213366,-233.43964764900971,-71.058394773198,0.04940533635610151,0.3220854826265768,0.06820909225443318,3.5370492599016755e-05,3.4293820346055504,5.25141845843873,nan,0.09679359525429142,nan
509.89,195.3883819580078,-233.44241333007812,-71.04936218261719,195.3400631786934,-233.4415558405733,-71.0603343629968,0.0495563160956024,0.3221271836635111,0.06823475240027296,3.607570224581877e-05,3.4519810867196776,5.193804314681074,nan,nan,nan
509.90000000000003,195.3970947265625,-233.44442749023438,-71.0511245727539,195.35037477298698,-233.4417103821281,-71.0610116447957,0.04783190286952227,0.32205520933397386,0.06822419596441881,3.5328885105086227e-05,2.8561080562552665,4.676201842936783,1.271850726721133,0.8958172150848653,nan
509.91,195.40579223632812,-233.4464111328125,-71.0528564453125,195.3589621733696,-233.44354602382134,-71.06287576737208,0.04797551939024427,0.32209673905113645,0.06824982651023587,3.603337304804543e-05,2.8738826458978686,4.752079543476039,nan,nan,nan
509.92,195.4145050048828,-233.44834899902344,-71.05455017089844,195.36761591195562,-233.44532200281307,-71.06330060386455,0.04779455846313908,0.32213835033991806,0.06827551947704014,3.531027322887132e-05,2.255404790088025,4.039481097070168,nan,1.3722182450440037,nan
509.93,195.42320251464844,-233.4502410888672,-71.05621337890625,195.3762030619019,-233.44708263849188,-71.06508564262118,0.047933719140867595,0.3221800498023645,0.06830127574784457,3.6014948751095906e-05,2.271574299853194,3.870593373477054,nan,nan,nan
509.94,195.43190002441406,-233.4521026611328,-71.0578384399414,195.3848010351332,-233.44880190583527,-71.06659926552766,0.048020431503333794,0.32222183132841914,0.06832709474577668,3.5293446146007144e-05,2.259510666282416,4.0271286052234405,nan,0.03973487534538912,nan
509.95,195.44061279296875,-233.4539337158203,-71.05944061279297,195.4049512114113,-233.46037722854896,-71.06844817993846,0.037341712887123235,0.32215001348915845,0.06831641348258455,3.597635156321285e-05,2.3838558115178117,3.9131100340340232,4.054414899094343,nan,nan
509.96000000000004,195.44931030273438,-233.4557342529297,-71.06100463867188,195.41346824248708,-233.46207617473243,-71.07182768290542,0.03797382705764353,0.322191623739235,0.06834220221232216,3.525718869440517e-05,3.4496324980050135,5.118089783010951,nan,1.9857157212211713,nan
509.97,195.4580078125,-233.45748901367188,-71.06253814697266,195.42206020375988,-233.4637136434078,-71.07350381142524,0.038094912867317546,0.32223332170639957,0.06836805442506687,3.596143993818298e-05,3.469758379794894,4.95166381354478,nan,nan,nan
509.98,195.46670532226562,-233.45919799804688,-71.06404113769531,195.43064817111065,-233.46531721268616,-71.07523811539814,0.038248336524508875,0.3222751020458614,0.06839396961832232,3.5243655015528146e-05,3.6822236285166037,4.986831013727764,nan,0.005405733497687324,nan
509.99,195.4754180908203,-233.4608917236328,-71.06551361083984,195.43923975070672,-233.4668848468191,-71.07685597449553,0.03838540129005904,0.32231697020731975,0.0684199485676397,3.5948167125010014e-05,3.702446394508758,5.32130650493298,nan,nan,nan
510.0,195.48411560058594,-233.46253967285156,-71.06695556640625,195.45445548488692,-233.4628193589648,-71.0785168949341,0.031834965131593645,0.322245303967377,0.06840913940386818,3.664417284658194e-05,3.693879074857319,5.291956247138851,10.465998828487093,nan,nan
510.01,195.49281311035156,-233.4641571044922,-71.06836700439453,195.46308184886936,-233.46429688593696,-71.0800799052634,0.03195558628689413,0.32228700051276543,0.06843508736287503,3.737660323694304e-05,3.715925150715307,5.368986813273212,nan,nan,nan
510.02000000000004,195.50152587890625,-233.4657440185547,-71.06975555419922,195.47167018465143,-233.46575503802015,-71.08255964286214,0.0324854934909998,0.3223287795115608,0.06846109852630178,3.6574375589317107e-05,4.527081628850543,6.130179126172425,nan,0.5754917301061471,nan
510.03000000000003,195.51022338867188,-233.46730041503906,-71.07111358642578,195.4802966016456,-233.46716802213172,-71.084077556064,0.03261433148754071,0.32237064612017946,0.06848717364803404,3.7305377643871736e-05,4.548826404458015,6.206417975333798,nan,nan,nan
510.04,195.5189208984375,-233.4688262939453,-71.07244873046875,195.4888788411411,-233.46856535250924,-71.08670603355658,0.033254533350691985,0.322412595647011,0.06851331227954437,3.650748834756753e-05,5.61079605598977,7.228110721797354,nan,0.8372576447838018,nan
510.05,195.52761840820312,-233.47032165527344,-71.0737533569336,195.48483331053808,-233.475690421508,-71.08821777965841,0.04548194980265334,0.32234107949458296,0.06850237252929267,3.721360705167255e-05,5.77093063579867,7.249950212143185,19.01027880770458,nan,nan
510.06,195.5363311767578,-233.47178649902344,-71.07503509521484,195.49340359556817,-233.47704045935257,-71.08975971904883,0.045685838867048564,0.32238285740256395,0.06852847946937331,3.642088952980821e-05,6.1007073477478,7.559140583802946,nan,0.005209687571472861,nan
510.07,195.54502868652344,-233.4732208251953,-71.07628631591797,195.5019771880853,-233.47835998225835,-71.09118837638226,0.04584663410948024,0.32242472251585685,0.06855465054211937,3.71483891068957e-05,6.124447456321552,7.5668810980063865,nan,nan,nan
510.08,195.55372619628906,-233.47462463378906,-71.0775146484375,195.5105715978797,-233.47964324611107,-71.09201590420572,0.045801662113585474,0.32246667080056585,0.0685808853681074,3.6359688632411025e-05,5.928839077803237,7.3117886320682866,nan,0.2173296423764558,nan
510.09000000000003,195.56243896484375,-233.47601318359375,-71.07872009277344,195.51914499909728,-233.48090564123441,-71.09339070621624,0.04597314988784754,0.32250870642283147,0.06860718460084324,3.70860297592129e-05,5.947568397828597,7.536890048186823,nan,nan,nan
510.1,195.57113647460938,-233.47735595703125,-71.07989501953125,195.53561615286074,-233.4801992465341,-71.09545194987965,0.03888181624086598,0.3224373369257614,0.06859611133860698,3.627883554639483e-05,6.756246366227767,8.113766011386478,5.063352360471595,0.4378442855717805,nan
510.11,195.579833984375,-233.4786834716797,-71.0810546875,195.5442172836965,-233.4813947795979,-71.09678709047319,0.0390308731795761,0.3224792005960313,0.0686223781290011,3.7003188758365225e-05,6.772980538510577,8.249897976348915,nan,nan,nan
510.12,195.58853149414062,-233.47998046875,-71.08219146728516,195.55273110730045,-233.4825951158607,-71.10068318429074,0.040378802300647464,0.3225211476551061,0.06864870890953607,3.622302965026108e-05,9.523080083435469,10.922182576887936,nan,4.393223575948378,nan
510.13,195.5972442626953,-233.4812469482422,-71.08329772949219,195.56133190788077,-233.4837382222853,-71.101999418013,0.04056669604753008,0.322563181700275,0.06867510427193738,3.694639270810085e-05,9.548742977225277,10.913208553630641,nan,nan,nan
510.14,195.60594177246094,-233.4824981689453,-71.08438873291016,195.56997493665565,-233.48484046578744,-71.10199657494951,0.04011403412303064,0.3226052995547056,0.06870156392668658,3.6169790832269156e-05,8.652894443237182,10.128338337196816,nan,1.1117551768521439,nan
510.15000000000003,195.61463928222656,-233.4837188720703,-71.08545684814453,195.58594753503806,-233.485974127047,-71.10316716467186,0.03379286675079542,0.3225340788257547,0.0686903549422561,3.686915254359886e-05,8.56090525542068,9.952070916651834,2.317360790510886,nan,nan
510.16,195.62335205078125,-233.4849090576172,-71.08650207519531,195.59460916929038,-233.487022327119,-71.10313695477348,0.033276693990923256,0.3225760246704363,0.06871678142368708,3.6096919093014235e-05,7.718893727015979,9.004034081626692,nan,1.0674839269992857,nan
510.17,195.63204956054688,-233.486083984375,-71.0875244140625,195.60323100832576,-233.4880607794142,-71.10434304464806,0.03342578354386814,0.3226180571809852,0.06874327266136784,3.681761650615531e-05,7.734929210165531,9.168940605359838,nan,nan,nan
510.18,195.6407470703125,-233.48724365234375,-71.08853149414062,195.61180335182928,-233.48909398339885,-71.10717634536891,0.034478878200636186,0.3226601736702063,0.06876982842072797,3.6048656089027e-05,9.694481117163742,11.24541201015187,nan,1.8030442635690906,nan
510.19,195.6494598388672,-233.4883575439453,-71.08951568603516,195.6204252473111,-233.49008597470595,-71.10835989904658,0.0346568801790278,0.3227023769980954,0.0687964492133936,3.676858036234951e-05,9.70824010453381,10.878616887608445,nan,nan,nan
510.2,195.6581573486328,-233.48947143554688,-71.0904769897461,195.6375455897484,-233.48615848329842,-71.11005062802043,0.02861726004011823,0.3226313002573824,0.06878510141067386,3.598077259087204e-05,10.65632718108762,12.418778416107388,10.521107396367816,0.2992050100368978,nan
510.21000000000004,195.66685485839844,-233.4905548095703,-71.09142303466797,195.64620442604985,-233.48708411480092,-71.11120093407014,0.028803669612192526,0.3226733312677104,0.06881168825562267,3.669908960124333e-05,10.666568910182432,12.252376519887262,nan,nan,nan
510.22,195.67556762695312,-233.49160766601562,-71.09235382080078,195.65495217774523,-233.48795480880193,-71.10912867550198,0.02682789335958394,0.3227154463973707,0.06883833984544653,3.593720103047127e-05,7.837742799871884,9.233539723640307,nan,6.870161790911852,nan
510.23,195.68426513671875,-233.49264526367188,-71.09326171875,195.6636112919081,-233.48883711837334,-71.11021145684012,0.02698845859623926,0.3227576480877318,0.06886505664317942,3.665488008218781e-05,7.844995618232979,9.367847943316734,nan,nan,nan
510.24,195.69296264648438,-233.49366760253906,-71.09415435791016,195.67222153854712,-233.4897171085323,-71.11312717784404,0.02838605040518655,0.32279993428246173,0.06889183848521443,3.589585873434902e-05,10.034971824922673,11.658627754212105,nan,2.295996314493469,nan
510.25,195.70167541503906,-233.4946746826172,-71.09502410888672,195.69267279329287,-233.4965976633773,-71.11412248441087,0.021201249986032143,0.32272900231580226,0.06888034952286957,3.6590212077027076e-05,9.975778033975942,11.521021338606236,1.4531480616419712,nan,nan
510.26,195.7103729248047,-233.4956512451172,-71.09587860107422,195.70135218998522,-233.49742862201722,-71.1150807163826,0.02128976180336764,0.3227711160861013,0.06890709665581815,3.5834856096552836e-05,10.296420712870688,11.707973389239351,nan,0.005504135807552744,nan
510.27000000000004,195.7190704345703,-233.49661254882812,-71.09671783447266,195.71002951267434,-233.49824069916622,-71.11611221217102,0.021459986685905222,0.32281331616378817,0.06893390917016982,3.6550537606828264e-05,10.297613248754637,11.787036924934267,nan,nan,nan
510.28000000000003,195.727783203125,-233.49754333496094,-71.0975341796875,195.71875006397553,-233.4990170105742,-71.11535725331673,0.020035749956008396,0.3228556008482873,0.06896078694503,3.5797800572335146e-05,8.880084847763502,10.109667041356476,nan,2.113817114250482,nan
510.29,195.73648071289062,-233.49847412109375,-71.09834289550781,195.72742759461983,-233.49979062239865,-71.11633979002349,0.020188619029523597,0.3228979720451983,0.06898773038095495,3.651301551434967e-05,8.876431210473806,10.519576936018492,nan,nan,nan
510.3,195.7451934814453,-233.49937438964844,-71.09912872314453,195.71326639559769,-233.48587416525143,-71.11569317774284,0.0384184334093773,0.3228271810403281,0.06897609728989956,3.5741064507438035e-05,7.68004554059285,9.371209434745603,5.753838669392313,1.6383488851032024,nan
510.31,195.75389099121094,-233.50025939941406,-71.09990692138672,195.7219175155988,-233.48658006161673,-71.11662894676107,0.038588256735882565,0.3228693795223805,0.06900300521933653,3.645497297741388e-05,7.6735645434159725,9.493899533525276,nan,nan,nan
510.32,195.76258850097656,-233.50112915039062,-71.10066223144531,195.73054949343478,-233.48727558680235,-71.118415713008,0.03916127342099045,0.3229116626908916,0.069029978619766,3.570802492196223e-05,8.829864152178656,10.648748046162664,nan,0.5078385762219024,nan
510.33,195.77130126953125,-233.50196838378906,-71.10140228271484,195.73920075816704,-233.48794607458697,-71.11933120334406,0.03935116491453963,0.322954032151668,0.06905701785445681,3.642157366897978e-05,8.828822280909208,10.368819067475258,nan,nan,nan
510.34000000000003,195.77999877929688,-233.5028076171875,-71.10213470458984,195.74789322931045,-233.48858333464366,-71.11829563223792,0.03865581633162099,0.32299648665604436,0.06908412285715844,3.567689074809637e-05,7.323710010615371,9.26190566846171,nan,2.5481799137323757,nan
510.35,195.78871154785156,-233.5036163330078,-71.10284423828125,195.76463313510592,-233.4936822011895,-71.11918170397676,0.03074686521720555,0.322925836415258,0.06907234320011951,3.636762214481736e-05,7.3411102711256655,8.821495873915078,0.6062232785204288,nan,nan
510.36,195.7974090576172,-233.50442504882812,-71.10354614257812,195.7733234968449,-233.49430045648396,-71.1186906399196,0.03019896368382259,0.3229681180564401,0.06909941190620468,3.562599637474463e-05,6.4396622362073614,8.3053329931152,nan,1.2353174185588065,nan
510.37,195.80612182617188,-233.5052032470703,-71.1042251586914,195.78198669390073,-233.4949132630201,-71.11951982124965,0.030369640832085123,0.3230104857888596,0.06912654661828606,3.633807159213575e-05,6.4392825996305,7.935056659411269,nan,nan,nan
510.38,195.8148193359375,-233.5059814453125,-71.10489654541016,195.79062556885748,-233.49552014255895,-71.12161311648482,0.031212513024719047,0.323052938614519,0.06915374730243047,3.559849690778516e-05,7.851640719685698,9.71204207137102,nan,1.1126788564225543,nan
510.39,195.8235321044922,-233.50672912597656,-71.10556030273438,195.7992892812691,-233.49610181045048,-71.12242934745119,0.031388198144760016,0.32309547776165165,0.06918101427447387,3.6310345000484394e-05,7.838786140351115,9.430973055431238,nan,nan,nan
510.40000000000003,195.8322296142578,-233.50746154785156,-71.106201171875,195.81065683838068,-233.49652898600002,-71.12297003299268,0.029429581561194764,0.32302496514819423,0.06916908518695937,3.555119601585751e-05,7.911494778843218,9.470256029533408,1.1338328242748221,0.11221347756603826,nan
510.41,195.8409423828125,-233.50819396972656,-71.1068344116211,195.81932874375386,-233.49707850051644,-71.12376103905483,0.029617794742332497,0.32306733115248626,0.0691963150425177,3.6261970898315945e-05,7.903176912664618,9.723062423941098,nan,nan,nan
510.42,195.84963989257812,-233.50889587402344,-71.10745239257812,195.82803185688266,-233.49760097887315,-71.12274888416223,0.028783059563833212,0.3231097822818546,0.06922361106886214,3.552707903034907e-05,6.58819842849975,8.129372396665264,nan,2.1983678811015643,nan
510.43,195.8583526611328,-233.5095977783203,-71.10806274414062,195.8367038916989,-233.4981216728338,-71.12349914791015,0.028959502352007307,0.3231523195572062,0.06925097355405328,3.6237709754764894e-05,6.577840025623496,8.376775566840022,nan,nan,nan
510.44,195.86705017089844,-233.51026916503906,-71.10865783691406,195.8453857811658,-233.49862446255176,-71.12364698436615,0.028803114759453154,0.3231949422931892,0.06927840250500385,3.5504564432256966e-05,6.330481323044214,7.833894221546687,nan,0.239664434961197,nan
510.45,195.87576293945312,-233.5109405517578,-71.10923767089844,195.88109511594726,-233.50764284852607,-71.12430632524764,0.016320885290483065,0.32312456639696885,0.06926632148440551,3.6192752258146185e-05,6.28134670069778,7.906633012383485,8.958481539729235,nan,nan
510.46000000000004,195.88446044921875,-233.5115966796875,-71.10980987548828,195.88981568494532,-233.508133513528,-71.12533939717932,0.016788034831025464,0.3231670158068068,0.06929371250158743,3.5462144442843944e-05,6.808683863680657,8.514091744764086,nan,0.07163855794622442,nan
510.47,195.89317321777344,-233.51223754882812,-71.1103744506836,195.89854113614382,-233.50860886778582,-71.12604239008554,0.016954828186715214,0.32320955120163003,0.06932117014677619,3.6171704432155704e-05,6.795074375030859,8.414579360718546,nan,nan,nan
510.48,195.90188598632812,-233.5128631591797,-71.11091613769531,195.90728214403592,-233.50906471772979,-71.12567318390376,0.01616530507766165,0.32325217206577395,0.06934869445054502,3.544266122963196e-05,6.153152188877613,7.624941002431633,nan,0.7761151616586851,nan
510.49,195.91058349609375,-233.5134735107422,-71.11145782470703,195.91600777839744,-233.5095143952504,-71.12634531470452,0.01633201740180736,0.32329487916448973,0.06937628566610991,3.615217720265689e-05,6.139964728281649,7.737615775876542,nan,nan,nan
510.5,195.91929626464844,-233.5140838623047,-71.11198425292969,195.93394580060908,-233.51351501381262,-71.12618558781146,0.020411036350304272,0.3232246372983208,0.06936404993424,3.540321958485624e-05,5.708585640492532,7.389746731447237,1.0751974785612195,0.3872655011872359,nan
510.51,195.92800903320312,-233.51467895507812,-71.11250305175781,195.9426884207602,-233.51394524850176,-71.12682958220442,0.020524917028538887,0.3232671707965882,0.0693916023742893,3.611183938660025e-05,5.696210852534132,7.346236885526562,nan,nan,nan
510.52000000000004,195.93670654296875,-233.5152587890625,-71.11300659179688,195.95143119823987,-233.5143634697395,-71.12746421929377,0.020655267182551073,0.3233097900013182,0.06941922170529821,3.683482317783626e-05,5.687625476987964,7.317701627196312,nan,nan,nan
510.53000000000003,195.94541931152344,-233.5158233642578,-71.1135025024414,195.9601741386572,-233.5147698782743,-71.12808964027099,0.020774969230399808,0.32335249505701114,0.0694469080717669,3.757231545876426e-05,5.676860234957237,7.171949731251917,nan,nan,nan
510.54,195.95413208007812,-233.51637268066406,-71.1139907836914,195.96890491536044,-233.51517023908164,-71.12971922541209,0.021611719205062194,0.32339528587806987,0.06947466157453627,3.6759155388325835e-05,6.743881646013842,8.190198540839082,nan,0.6557275357048926,nan
510.55,195.96282958984375,-233.5169219970703,-71.11446380615234,195.97856039153237,-233.5219733850325,-71.13039982868429,0.022954987611627786,0.32332517663104476,0.06946226858950309,3.7470988430580045e-05,6.7791755647812035,8.232703099146072,3.194173657544483,nan,nan
510.56,195.97154235839844,-233.5174560546875,-71.11493682861328,195.98730980237687,-233.52235727229942,-71.1294010727744,0.021951049698017283,0.3233677936409787,0.06948998247424108,3.6663446168445706e-05,5.708231668303864,7.113206748750564,nan,1.6632724834483692,nan
510.57,195.98025512695312,-233.5179901123047,-71.11539459228516,195.99604108960816,-233.52273834758114,-71.12998734264008,0.022015692542085227,0.32341049662858684,0.06951776360755102,3.739667367850751e-05,5.69635042558253,7.204884535160373,nan,nan,nan
510.58,195.98895263671875,-233.51849365234375,-71.11583709716797,196.00477505710833,-233.52310765891707,-71.13032861125471,0.021946344209675974,0.3234532853631989,0.06954561206029998,3.659356404196799e-05,5.7410103124033505,6.941829102777746,nan,0.03616589121160036,nan
510.59000000000003,195.99766540527344,-233.5189971923828,-71.11627960205078,196.01350678912908,-233.5234678880527,-71.13089633421434,0.022013301010430145,0.32349616033763473,0.06957352804665269,3.7325278380917065e-05,5.726319676140143,7.096495524685512,nan,nan,nan
510.6,196.00637817382812,-233.51950073242188,-71.11671447753906,196.04159479908878,-233.5412436672715,-71.13175140169626,0.04403492930315226,0.3234261812877436,0.06956097509991538,3.650378170303834e-05,6.20505477510491,7.430842497300201,8.27585870777663,0.07028125086302688,nan
510.61,196.01507568359375,-233.5199737548828,-71.11713409423828,196.05033947019234,-233.5416248107716,-71.13230653675086,0.04407386842753491,0.32346888217554826,0.06958885060488158,3.7233158838356504e-05,6.193389566795379,7.1382957187064955,nan,nan,nan
510.62,196.02378845214844,-233.52044677734375,-71.11754608154297,196.05908747600924,-233.5419947192165,-71.13251681786696,0.043982471855942715,0.3235116687809021,0.06961679360767059,3.643946160879016e-05,6.160920758310899,7.159303247422567,nan,0.0740648965737303,nan
510.63,196.03250122070312,-233.5209197998047,-71.11795043945312,196.06783252255468,-233.54235654890144,-71.133054073001,0.043999486914184475,0.32355454150569357,0.06964480430769467,3.716752169655425e-05,6.147677770499711,7.283644277526922,nan,nan,nan
510.64,196.0412139892578,-233.52137756347656,-71.11835479736328,196.1166502998011,-233.58756259384018,-71.1314181621882,0.10120151527109549,0.32046598289457345,0.06574452311427985,3.637584177541182e-05,5.005271959372219,6.167850092963687,nan,2.972865557023903,0.5123285967312736
510.65000000000003,196.0499267578125,-233.52182006835938,-71.11874389648438,196.1494281306678,-233.60572071744505,-71.13174579528304,0.13080096134759628,0.3204036185339063,0.06573703114798783,3.707926499419472e-05,5.030763258606532,5.785195013743192,14.476069005804986,nan,nan
510.66,196.05862426757812,-233.52235412597656,-71.11922454833984,196.15822213350805,-233.606247174714,-71.13292093142168,0.13094032775956993,0.3204488883503707,0.06575727267902591,3.6294481736768296e-05,5.636814922017115,6.424647761425987,nan,0.2622860216826444,nan
510.67,196.0673370361328,-233.5229949951172,-71.11980438232422,196.1669789960628,-233.60681723020804,-71.13356484834091,0.1309352423884053,0.32049424842455815,0.0657775837800081,3.7019213804467206e-05,5.579636496929822,6.489516554878476,nan,nan,nan
510.68,196.0760498046875,-233.52371215820312,-71.12047576904297,196.17574031310053,-233.6074852406653,-71.13437503075419,0.13095539809027484,0.3205396883521154,0.06579794603656469,3.6238120416026327e-05,5.792676338540662,6.5178363671046,nan,0.0034479093275320612,nan
510.69,196.0847625732422,-233.5245361328125,-71.12123107910156,196.18449758999367,-233.60823882945203,-71.13520636987194,0.13095237204138238,0.3205852187091492,0.06581837778856825,3.696179441389565e-05,5.7421535570895665,6.562226424731139,nan,nan,nan
510.7,196.09347534179688,-233.5254364013672,-71.12208557128906,196.21694834403522,-233.6227825245476,-71.13427415545519,0.1577035559649205,0.3205228225321127,0.06581083040781006,3.616205288050312e-05,4.656766555187044,5.42271029133186,7.027322416392777,2.114313005508337,nan
510.71000000000004,196.1021728515625,-233.52642822265625,-71.1230239868164,196.22573943818597,-233.62374630693378,-71.13526895781267,0.15776390642958635,0.320568163195475,0.06583125808928515,3.6883841994098344e-05,4.610371895905806,5.445540518340758,nan,nan,nan
510.72,196.1108856201172,-233.5275115966797,-71.12405395507812,196.23453213073327,-233.6248007215448,-71.13638334144586,0.15781523111777884,0.32061358389646283,0.06585173790824654,3.611067029539802e-05,4.751601334005194,5.527349167368632,nan,0.0005822898434330193,nan
510.73,196.11959838867188,-233.52867126464844,-71.12517547607422,196.24332314238853,-233.62594033549252,-71.1375574732187,0.15786830168974414,0.3206590947071336,0.06587228673091919,3.683156168486553e-05,4.701530090340625,5.430971810236568,nan,nan,nan
510.74,196.12831115722656,-233.52993774414062,-71.12637329101562,196.25204381073488,-233.62707557750497,-71.13757984737886,0.15770578657883602,0.3207046859645353,0.06589288831888919,3.6061665831336185e-05,4.018071230338675,4.826805215230456,nan,1.021024721731878,nan
510.75,196.13702392578125,-233.53126525878906,-71.1276626586914,196.25298155395097,-233.6262109600657,-71.13895952920483,0.15029463398623316,0.32064226780189414,0.06588529982105999,3.675879563122406e-05,4.029708636233812,4.5977623368665475,0.8937380094738776,nan,nan
510.76,196.14573669433594,-233.53269958496094,-71.12903594970703,196.26171033436398,-233.62754607987145,-71.13955070664406,0.15018755904404774,0.3206876692737334,0.06590589714960428,3.59929887770461e-05,3.6262132023530085,4.386077179778464,nan,0.4618120637712974,nan
510.77000000000004,196.15443420410156,-233.53419494628906,-71.1304931640625,196.27048568261327,-233.62902396350316,-71.14105076090163,0.1502396453056324,0.3207331605332112,0.06592656302496831,3.671139481088718e-05,3.5876827787831824,4.25312194698444,nan,nan,nan
510.78000000000003,196.16314697265625,-233.53578186035156,-71.13203430175781,196.2792936474165,-233.6306255309638,-71.14322452968497,0.15036819182968406,0.3207787324251276,0.06594728258745457,3.594860601165709e-05,4.031766410599913,4.685070579673384,nan,0.23262708642474286,nan
510.79,196.17185974121094,-233.53746032714844,-71.13365173339844,196.28806889764726,-233.63226725171438,-71.14489725245733,0.15039741581622687,0.32082439427272585,0.06596807066543098,3.666632102651727e-05,3.994128860904141,4.690127739468358,nan,nan,nan
510.8,196.18057250976562,-233.53916931152344,-71.1353530883789,196.31303779743922,-233.63772888377815,-71.14745845483348,0.16555235310463168,0.3207619441979684,0.06596042212932063,3.588457069911007e-05,4.563347019078639,5.322693612305152,4.050746019044091,0.4395019783778392,nan
510.81,196.1892852783203,-233.5408935546875,-71.13713073730469,196.32184573216105,-233.63945897766803,-71.14930224870946,0.16563683835327683,0.32080741589694134,0.06598120501962436,3.660076293832487e-05,4.525096652759276,5.33646965172037,nan,nan,nan
510.82,196.19798278808594,-233.54258728027344,-71.13897705078125,196.33066685318724,-233.64120159714483,-71.15146650836776,0.1657885133977103,0.3208529684122253,0.06600204247660119,3.5844560902890694e-05,4.827457721298291,5.666361404762906,nan,0.041399992072369336,nan
510.83,196.20669555664062,-233.54428100585938,-71.14083099365234,196.33947437449328,-233.64290860604638,-71.15342410429663,0.1658800905012241,0.32089861056088803,0.06602294804467823,3.656019116520951e-05,4.811322977835285,5.693948581522614,nan,nan,nan
510.84000000000003,196.2154083251953,-233.54592895507812,-71.1426773071289,196.34830860819983,-233.64462264324828,-71.15588690875069,0.16606451421756327,0.3209443339352583,0.06604390876349733,3.5806635421964045e-05,5.345213568828209,6.1009133481232,nan,0.17104997269104977,nan
510.85,196.22410583496094,-233.54754638671875,-71.14450073242188,196.3820686700824,-233.65887218578968,-71.1576982591576,0.1937004530978888,0.32088186047700884,0.06603621101474949,3.649913745302406e-05,5.30026992570922,6.4079414621279795,6.900267578103147,nan,nan
510.86,196.23281860351562,-233.5491485595703,-71.14628601074219,196.390853659038,-233.66044271982335,-71.15845471125957,0.19367381380214158,0.3209273935985875,0.06605716626708338,3.5749026818106464e-05,4.668501401806402,5.675409638411918,nan,0.9125700715384673,nan
510.87,196.2415313720703,-233.5507049560547,-71.14804077148438,196.39969955644747,-233.66205677661358,-71.16033114525722,0.19382325912651419,0.32097301603313366,0.06607818926055721,3.646280819484621e-05,4.667482157675099,5.567376408757329,nan,nan,nan
510.88,196.25022888183594,-233.55223083496094,-71.14976501464844,196.40848633179448,-233.66356836193333,-71.16103825283068,0.1938260851351581,0.32101871987258845,0.06609926822481908,3.571511530668773e-05,4.0814528689324865,5.165402592560886,nan,0.8765191333649893,nan
510.89,196.25894165039062,-233.55374145507812,-71.15145874023438,196.4173320215898,-233.66512073577164,-71.16283898270706,0.1939648519066116,0.3210645131947763,0.06612041494237293,3.6428498047112345e-05,4.076433487937417,5.165920312360626,nan,nan,nan
510.90000000000003,196.2676544189453,-233.55520629882812,-71.15311431884766,196.38078750998258,-233.64991259885338,-71.16525367268817,0.14803966854794415,0.3210020076274586,0.06611265219330155,3.566150525378122e-05,4.687143309114015,5.201851100023388,20.540910037231836,0.3312597769952408,nan
510.91,196.27635192871094,-233.55665588378906,-71.15473937988281,196.3895512665923,-233.65138465304983,-71.16699569546516,0.1481143041508524,0.3210476103283504,0.06613379252827621,3.6373651493378246e-05,4.682671058654151,5.445503157783555,nan,nan,nan
510.92,196.28506469726562,-233.5580596923828,-71.15633392333984,196.39837970929614,-233.6529050142324,-71.16999626025257,0.14840008921204964,0.3210932946080439,0.06615498961301368,3.5631363124588915e-05,5.789989755687989,6.328680595109013,nan,1.133249227611021,nan
510.93,196.29376220703125,-233.5594482421875,-71.15789031982422,196.40714320700152,-233.6543197910568,-71.17168826110195,0.1484797801810796,0.32113906805526493,0.06617625413228191,3.634321271924362e-05,5.787933155860462,6.47142263664001,nan,nan,nan
510.94,196.30247497558594,-233.56080627441406,-71.15941619873047,196.41581914852242,-233.65560344304188,-71.17158406349746,0.14826146381138228,0.32118492348637945,0.06619757594233089,3.560301384860816e-05,4.706308621227471,5.2723084595115015,nan,2.1260051434702136,nan
510.95,196.31118774414062,-233.5621337890625,-71.16091918945312,196.3957068954758,-233.63799275714902,-71.17316228660268,0.11422768232518304,0.3211223930570688,0.06618975601913299,3.629220953796106e-05,4.526974480337654,5.272437200469265,12.53058143569115,nan,nan
510.96000000000004,196.31988525390625,-233.5634307861328,-71.16238403320312,196.40443953380674,-233.639289538157,-71.17489484776092,0.11428253142565079,0.32116805774677526,0.06621107108129885,3.5554892064280455e-05,4.797238367331148,5.471716408670816,nan,0.015012828633348364,nan
510.97,196.32859802246094,-233.56471252441406,-71.16382598876953,196.41316490594625,-233.64055194093166,-71.17645223207157,0.11429171842294339,0.3212138112937553,0.06623245329206194,3.626539176571099e-05,4.789155681836944,5.579060911051284,nan,nan,nan
510.98,196.33729553222656,-233.5659637451172,-71.16523742675781,196.42186164491022,-233.641755545201,-71.1773865101681,0.11420781322693911,0.32125964698933845,0.06625389351543307,3.552996464186475e-05,4.545554639595702,5.329269811217066,nan,0.2426653600376073,nan
510.99,196.34600830078125,-233.5671844482422,-71.16661834716797,196.4305869086366,-233.64296705947916,-71.17888293969229,0.11422331330525645,0.32130557171774987,0.06627540094177542,3.6240293861868065e-05,4.5403091297398435,5.163246462673768,nan,nan,nan
511.0,196.35470581054688,-233.56838989257812,-71.16797637939453,196.42487202791537,-233.63600839238134,-71.18068916470453,0.09827092390823816,0.32124300886687035,0.06626751074152078,3.548522629842306e-05,4.902284815237542,5.812227115585306,2.4506114751404424,0.053777520226484875,nan
511.01,196.36341857910156,-233.56956481933594,-71.16930389404297,196.4335758721344,-233.63715380743753,-71.18213633011776,0.09825980100685933,0.32128874248410744,0.0662890105149697,3.619454065777714e-05,4.895790246206228,5.623054210514983,nan,nan,nan
511.02000000000004,196.3721160888672,-233.5707244873047,-71.17060089111328,196.4422116366679,-233.63819803841704,-71.18209353469905,0.09797013206985196,0.32133455840688724,0.0663105689840019,3.546348793219586e-05,4.06863665201879,4.922862021956799,nan,1.4736175500261741,nan
511.03000000000003,196.38082885742188,-233.5718536376953,-71.17188262939453,196.45091554007834,-233.6392963556181,-71.18347520696348,0.0979543319169248,0.3213804630613724,0.06633219441838013,3.617271085207848e-05,4.057697257347285,4.88230920881919,nan,nan,nan
511.04,196.38954162597656,-233.57296752929688,-71.17312622070312,196.45960095300606,-233.64035102034865,-71.18442533883376,0.09785966605645188,0.32142645041886975,0.06635387904835247,3.5443263350203975e-05,3.9427936969224597,4.710221413458174,nan,0.11395671300740236,nan
511.05,196.3982391357422,-233.5740509033203,-71.17435455322266,196.46748417276044,-233.6372585392404,-71.1856892730628,0.09443810811383511,0.3213638611742292,0.06634592385522656,3.6130178992649974e-05,3.830822139626431,4.78485352934436,1.8372388014900234,nan,nan
511.06,196.40695190429688,-233.5751190185547,-71.17555236816406,196.47613142187447,-233.6382065647535,-71.18562267872414,0.09416610479589325,0.32140965728205145,0.06636760038511197,3.5403127118889376e-05,3.137630066188898,4.034693904036773,nan,1.2956539814010213,nan
511.07,196.4156494140625,-233.57615661621094,-71.1767349243164,196.48484028443752,-233.63920182042762,-71.18688974849272,0.09415516327864264,0.32145554182750913,0.06638934367304797,3.6111382710890086e-05,3.1270928765790513,4.080064920841147,nan,nan,nan
511.08,196.4243621826172,-233.57717895507812,-71.17788696289062,196.49353689185943,-233.6401623918759,-71.18785225042188,0.0940816701870678,0.32150150922064835,0.06641114678610388,3.538576552165788e-05,3.0762052530076653,3.941073635094879,nan,0.05479421253881894,nan
511.09000000000003,196.4330596923828,-233.57818603515625,-71.17901611328125,196.5022461564915,-233.64111604169423,-71.1890712131852,0.09406411416057078,0.3215475652356161,0.06643301675133718,3.6094024560980566e-05,3.0691014925975795,4.074838424364322,nan,nan,nan
511.1,196.4417724609375,-233.57916259765625,-71.18012237548828,196.4952948212483,-233.63281678699676,-71.18865500783511,0.07626415214104809,0.32148494313312603,0.06642498571918996,3.534844072480883e-05,2.2859937294730637,3.208530371536364,2.833867625517757,1.775357188865707,nan
511.11,196.4504852294922,-233.58013916015625,-71.18120574951172,196.50398193615453,-233.63371043397885,-71.18981455930262,0.07619639498498955,0.3215308075303603,0.0664468466882359,3.6055852447585894e-05,2.279955136303184,3.4664386222051973,nan,nan,nan
511.12,196.4591827392578,-233.58106994628906,-71.1822738647461,196.51264021885282,-233.63455342756646,-71.19027537924369,0.07604083855702673,0.3215767549105926,0.06646876807603413,3.5333726622096844e-05,2.034934061976686,2.9739709923782076,nan,0.3183904959388107,nan
511.13,196.4678955078125,-233.58200073242188,-71.18331909179688,196.52132739981255,-233.63540852415485,-71.19138703173658,0.07597664743438548,0.32162279063029425,0.06649075615296139,3.6041201735091945e-05,2.0272653344303704,3.1476738412417458,nan,nan,nan
511.14,196.47659301757812,-233.58290100097656,-71.18434143066406,196.52996765778727,-233.63619429350442,-71.19134876731769,0.07575044562834042,0.32166890972064355,0.0665128051106956,3.532026694725822e-05,1.6098154510967706,2.584212702846168,nan,0.8848149504940802,nan
511.15000000000003,196.4853057861328,-233.58380126953125,-71.18534088134766,196.54018773392843,-233.64780310615905,-71.1923663018141,0.08460271755861486,0.3216062596604552,0.06650470141198032,3.600568062328492e-05,1.7576936638427896,2.5845366018693796,11.117285307727293,nan,nan
511.16,196.4940185546875,-233.5846710205078,-71.18631744384766,196.5488845010642,-233.64866519097308,-71.1939544405367,0.08463952766750042,0.3216521869747963,0.06652674084987735,3.5286729583176073e-05,2.038052744670014,2.6841231064040243,nan,0.20804032749648324,nan
511.17,196.50271606445312,-233.5855255126953,-71.18728637695312,196.5575590998397,-233.64948585248183,-71.19498202337385,0.08460441223631415,0.32169820235457797,0.06654884684105768,3.599352319052945e-05,2.028733628204438,2.8711224333973644,nan,nan,nan
511.18,196.5114288330078,-233.5863494873047,-71.18822479248047,196.56616431801177,-233.65021627684428,-71.19425837106121,0.08432878627848701,0.3217443012261909,0.0665710142578687,3.527561975665643e-05,1.4138721125936957,1.9370521218791092,nan,2.0867714104374993,nan
511.19,196.52012634277344,-233.58717346191406,-71.18914794921875,196.57483890131016,-233.6510029352633,-71.195232311382,0.08428929465008964,0.32179048835787183,0.06659324835849724,3.598254584772646e-05,1.4087925361342937,2.1830467247202088,nan,nan,nan
511.2,196.52883911132812,-233.58798217773438,-71.19005584716797,196.6025160954931,-233.65436710520132,-71.19636955859094,0.09937363605286749,0.3217278048768271,0.06658506300718546,3.5244375138918264e-05,1.4175538578139775,2.2893010894501247,6.719094583431289,0.024026402235538955,nan
511.21000000000004,196.5375518798828,-233.58876037597656,-71.1909408569336,196.61123125368673,-233.6551137562402,-71.19731030038201,0.0993578935283541,0.32177379986807747,0.06660728669784158,3.5950577054585986e-05,1.4134840121368797,2.061844908168892,nan,nan,nan
511.22,196.54624938964844,-233.58953857421875,-71.19181060791016,196.61986906878778,-233.65576476980254,-71.19622029980536,0.0991222049830068,0.32181987846214843,0.06662957232650334,3.5235420623590826e-05,0.8350098228239973,1.760157915645982,nan,2.82463552760411,nan
511.23,196.55496215820312,-233.59030151367188,-71.19266510009766,196.62858452937266,-233.6564800581,-71.19710755181391,0.09909383763130589,0.32186604505540833,0.06665192454253492,3.594179939551978e-05,0.830474945145703,1.6989684643034177,nan,nan,nan
511.24,196.5636749267578,-233.59103393554688,-71.1935043334961,196.63740048378403,-233.6572822211457,-71.20064228576165,0.09937425957537742,0.32191229562807155,0.0666743391244111,3.522748581662277e-05,1.7261952866191854,2.4232023184026814,nan,4.944039194159855,nan
511.25,196.57237243652344,-233.59176635742188,-71.19432067871094,196.649483831337,-233.66309354080545,-71.20129577864549,0.10527291350876086,0.3218495826088823,0.06666607357546432,3.59119710317233e-05,1.6949819719947528,2.4886429834937855,3.8202894602550437,nan,nan
511.26,196.58108520507812,-233.59246826171875,-71.19512176513672,196.6582525607993,-233.66383253729867,-71.20359065331179,0.10544848355935364,0.3218956408625651,0.06668847715321065,3.519929781033003e-05,2.376334738472932,2.929179379513121,nan,1.4335112465640738,nan
511.27000000000004,196.5897979736328,-233.59317016601562,-71.19590759277344,196.66696853765296,-233.66450367459655,-71.20445154908364,0.10543606871978438,0.32194178686348074,0.06671094724556852,3.590520213870365e-05,2.3701170856536775,3.0886310689477035,nan,nan,nan
511.28000000000003,196.59849548339844,-233.59385681152344,-71.1966781616211,196.6756845933452,-233.6651604372158,-71.20529764836579,0.10543557882894102,0.32198801880590866,0.06673348202338461,3.662544053944943e-05,2.3637193256597397,3.1372705613372593,nan,nan,nan
511.29,196.60720825195312,-233.5945281982422,-71.19743347167969,196.68440067538444,-233.66580327676672,-71.20612941082923,0.10542498001693235,0.3220343368343491,0.06675608163115913,3.736015751276737e-05,2.3575867099921224,3.040981525769036,nan,nan,nan
511.3,196.6159210205078,-233.59518432617188,-71.19817352294922,196.68304817874076,-233.65694681008583,-71.20393691083638,0.09139954284125548,0.3219715895568381,0.06674772825591407,3.6538502126809074e-05,1.1583237145662,1.965968808245133,3.563226659512947,6.122956010862181,nan
511.31,196.62461853027344,-233.5958251953125,-71.19889831542969,196.6917553951852,-233.6575376421637,-71.20471126826676,0.09137600969197822,0.3220177149066626,0.06677031597172099,3.727079767792073e-05,1.1541992162794508,1.9852502158988254,nan,nan,nan
511.32,196.63333129882812,-233.59645080566406,-71.19961547851562,196.70042556246392,-233.65807963323536,-71.20439676151268,0.09122835780468831,0.3220639242843213,0.06679296683253687,3.647683240806897e-05,0.8727791756558934,1.6663851807373664,nan,0.7504788861630017,nan
511.33,196.6420440673828,-233.59707641601562,-71.20030975341797,196.70913311423425,-233.65864514972384,-71.20513369475712,0.09118618090429417,0.3221102215101222,0.06681568446178943,3.720772946909942e-05,0.8697818909082029,1.7404604387246763,nan,nan,nan
511.34000000000003,196.6507568359375,-233.59768676757812,-71.20098876953125,196.71784179537536,-233.65919905000098,-71.20588469990898,0.09114890457878407,0.3221566031398056,0.06683846564549373,3.6417468280416824e-05,0.9009172984545248,1.7213165453213226,nan,0.0004787752319291303,nan
511.35,196.65945434570312,-233.59828186035156,-71.20166015625,196.72999607800486,-233.66178255061308,-71.20647220968382,0.09503488579500194,0.3220938248844895,0.06683002482163945,3.7123510944723844e-05,0.8744109698528317,1.7463317374645666,0.7893516345796199,nan,nan
511.36,196.6681671142578,-233.59886169433594,-71.20231628417969,196.73878837992268,-233.6623912198627,-71.20956930275757,0.09526788575514974,0.3221400136473034,0.06685279346594644,3.6337828574313424e-05,1.6968141931792742,2.4348643085361465,nan,3.770178506439775,nan
511.37,196.6768798828125,-233.59942626953125,-71.20295715332031,196.74750159243789,-233.66291310056923,-71.21027703015731,0.09524486433695924,0.32218629000753307,0.06687562883740238,3.706526315594818e-05,1.6932129954484596,2.3675923126801974,nan,nan,nan
511.38,196.6855926513672,-233.59999084472656,-71.2035903930664,196.75625381526294,-233.66346002290933,-71.2121760350169,0.0953679710909295,0.32223265086191744,0.0668985281859198,3.628304991966466e-05,2.27762502025129,3.124407251690796,nan,0.9495529850552255,nan
511.39,196.6942901611328,-233.6005401611328,-71.20420837402344,196.76496738409338,-233.66395935494472,-71.21287232056494,0.09535369924048377,0.32227909952190914,0.06692149444323338,3.700933573369471e-05,2.272604463013097,3.1138720525295165,nan,nan,nan
511.40000000000003,196.7030029296875,-233.60107421875,-71.2048110961914,196.77380669280612,-233.6583181468199,-71.21467191247017,0.09158207177343063,0.3222162862558884,0.06691295964269989,3.620812251535883e-05,2.8494155201609312,3.722505845625716,3.9415945250563458,0.9753746849547558,nan
511.41,196.7117156982422,-233.60159301757812,-71.20540618896484,196.7825293073253,-233.6587738446719,-71.2153557405688,0.09155985908477554,0.32226254168394786,0.06693591246102779,3.6932426689697347e-05,2.84305030257429,3.683642743637908,nan,nan,nan
511.42,196.72042846679688,-233.60211181640625,-71.20598602294922,196.79120042555994,-233.65917167284726,-71.21434658771277,0.09129291542827993,0.3223088816831866,0.06695892965046013,3.6157772098308255e-05,2.0944123011684135,3.0538749620887335,nan,1.8691549229193583,nan
511.43,196.72914123535156,-233.6026153564453,-71.20655822753906,196.79992349283228,-233.65960638899557,-71.21499184919281,0.09126462479739572,0.3223553092554584,0.06698201374165497,3.688108579572677e-05,2.088419602702117,3.0022096686453166,nan,nan,nan
511.44,196.7378387451172,-233.60311889648438,-71.20711517333984,196.80860465384646,-233.65999298268508,-71.21421862819899,0.09106555106285255,0.32240182175981774,0.06700516258322495,3.610955121178848e-05,1.5557674820097842,2.6621798496596716,nan,1.3133953935187639,nan
511.45,196.74655151367188,-233.60360717773438,-71.2076644897461,196.807383451136,-233.65514218839448,-71.2147664054756,0.08004260831834534,0.322338975880105,0.06699653301494034,3.680886368641013e-05,1.513845189613594,2.539798564177687,1.1544267842937068,nan,nan
511.46000000000004,196.75526428222656,-233.6040802001953,-71.20819854736328,196.81610421117824,-233.6555479519732,-71.21578973789707,0.0800503129390286,0.3223852949413858,0.06701966770775454,3.6041291289228696e-05,1.7411970518734907,2.6501135001813716,nan,0.1195364858886243,nan
511.47,196.76397705078125,-233.6045379638672,-71.20872497558594,196.82481291393162,-233.65593315516813,-71.21638364744494,0.08000701962175047,0.32243170135433824,0.06704286931460661,3.676192874941163e-05,1.7366234202794446,2.585259902273996,nan,nan,nan
511.48,196.77268981933594,-233.60499572753906,-71.20924377441406,196.83346484515414,-233.6562589943381,-71.21497216735973,0.07971411902449453,0.3224781927582062,0.06706613602898456,3.59972551390095e-05,1.0513481782049539,2.0463967237353615,nan,2.6559674003774236,nan
511.49,196.78140258789062,-233.60545349121094,-71.20974731445312,196.8421737124362,-233.6566254250255,-71.21552742390428,0.07965617398622128,0.3225247717363714,0.06708946986669917,3.671710831616263e-05,1.0482801867168658,2.1352502068271293,nan,nan,nan
511.5,196.7901153564453,-233.6058807373047,-71.21024322509766,196.8688271485052,-233.66845162204487,-71.21610398507866,0.10072244205738741,0.3224618899584135,0.06708074000722673,3.5933246131135834e-05,1.1409742991940925,1.8198407055745092,4.404194700969447,0.008480965260817002,nan
511.51,196.79881286621094,-233.6063232421875,-71.21072387695312,196.8775612947281,-233.6688254243663,-71.2166406138426,0.1007116951821185,0.3225082751369248,0.06710405879611836,3.6651480133790363e-05,1.1386368944489655,2.1844692339149403,nan,nan,nan
511.52000000000004,196.80752563476562,-233.6067352294922,-71.21119689941406,196.88629574280145,-233.66919051052693,-71.21716846227586,0.10070278850219094,0.32255474644639487,0.06712744381514071,3.738414258959107e-05,1.13609851820124,1.814726261181062,nan,nan,nan
511.53000000000003,196.8162384033203,-233.60714721679688,-71.211669921875,196.89503023063318,-233.6695471813164,-71.21768768687643,0.10068823724225144,0.32260130403132387,0.067150895208794,3.813137799873795e-05,1.1305900666399535,1.9726397226261254,nan,nan,nan
511.54,196.824951171875,-233.60755920410156,-71.21212005615234,196.90377724212087,-233.66990615251223,-71.21867745532596,0.10071589154870483,0.32264794691545196,0.06717441233696164,3.728218810881516e-05,1.3328074230533402,2.1977987799448186,nan,0.14234715544718535,nan
511.55,196.8336639404297,-233.6079559326172,-71.21257019042969,196.89851580304273,-233.6783708960751,-71.21912060796849,0.0959527963797491,0.3225850309104298,0.06716558053200358,3.800245401880932e-05,1.5094487628587143,2.005454507138275,18.704887161151944,nan,nan
511.56,196.84237670898438,-233.60833740234375,-71.21300506591797,196.9071919896743,-233.6787295319951,-71.21900223839614,0.09587511984605857,0.32263147977096884,0.06718908185300713,3.716054391524154e-05,1.346842920563795,1.7390674782336122,nan,0.2374347291594265,nan
511.57,196.85108947753906,-233.6087188720703,-71.21343994140625,196.9158840968574,-233.67909335749073,-71.21948621716315,0.09585128241878955,0.32267801588321465,0.06721265044547045,3.7902091575394055e-05,1.3419988348176926,1.8556765983460866,nan,nan,nan
511.58,196.85980224609375,-233.60910034179688,-71.21385955810547,196.92453650438503,-233.6794172697835,-71.21836989329114,0.0956835287888441,0.32272463734055445,0.0672362850878216,3.706616126583452e-05,0.9246675208360542,1.4734889851896684,nan,1.5933350694242703,nan
511.59000000000003,196.86851501464844,-233.60946655273438,-71.21427154541016,196.93322885127031,-233.67976589728968,-71.21882316846303,0.09565874642521986,0.32277134627792536,0.06725998722753666,3.780554878154106e-05,0.92232440375306,1.3906270662242541,nan,nan,nan
511.6,196.87722778320312,-233.6098175048828,-71.21467590332031,196.9242585294068,-233.66695985138767,-71.21742909899443,0.07405888831853571,0.32270839330749124,0.06725104865468486,3.6952284804198286e-05,0.4862311208738351,1.0443775750398017,5.305021425236232,2.168158675239303,nan
511.61,196.8859405517578,-233.61016845703125,-71.21507263183594,196.93292879200004,-233.66726278412577,-71.21785019862622,0.07399575518035942,0.32275490786370026,0.0672747340754871,3.768871244025436e-05,0.4843251081081922,1.1182695767702764,nan,nan,nan
511.62,196.8946533203125,-233.61062622070312,-71.21556091308594,196.9416377101304,-233.66763985051895,-71.21994252216707,0.07400868441931142,0.3228015077982426,0.06729848583998732,3.6865187578720575e-05,0.7980038813298307,1.5625143494154525,nan,1.6810141393110958,nan
511.63,196.9033660888672,-233.6111602783203,-71.21614837646484,196.95030814347214,-233.66808136061246,-71.22051900523795,0.07390986737720777,0.3228481950184505,0.06732230516663903,3.7599721967373414e-05,0.7831693955711795,1.3489997233661888,nan,nan,nan
511.64,196.91207885742188,-233.61180114746094,-71.21682739257812,196.94599071018052,-233.68401672040778,-71.22037775532452,0.07986055227204765,0.3223669328425793,0.06660036401988269,3.677945948801021e-05,1.271979456360009,1.9952360321140923,nan,0.3938440930359876,0.3185784053103163
511.65000000000003,196.92079162597656,-233.61251831054688,-71.21759033203125,196.94320955573696,-233.6780153356208,-71.22112775920331,0.06931765474448548,0.3223030278112513,0.06659243123603989,3.748843043636631e-05,1.2071502199538635,1.8551004095364823,1.549187840126285,nan,nan
511.66,196.92950439453125,-233.61334228515625,-71.21845245361328,196.951843798413,-233.67879529277363,-71.22282660818558,0.06929847328891682,0.32234834525398454,0.0666130865357819,3.667661663093073e-05,1.3901017268473093,2.2368058574080774,nan,0.46623987668700845,nan
511.67,196.93821716308594,-233.61424255371094,-71.21939849853516,196.96048315133336,-233.6796226655338,-71.22377223957356,0.06920594530295372,0.3223937475712841,0.0666338060784775,3.740675581051976e-05,1.3753454615118095,2.0500825013855146,nan,nan,nan
511.68,196.94692993164062,-233.615234375,-71.2204360961914,196.96912198371658,-233.6805446143607,-71.22491960971902,0.06912319751174456,0.32243923479439596,0.06665458232064475,3.659993055224078e-05,1.4086490149083803,2.118418085947954,nan,0.008086593944227371,nan
511.69,196.9556427001953,-233.61631774902344,-71.2215576171875,196.97776165943017,-233.68154935051015,-71.22604488551313,0.06902568918295018,0.32248480718482225,0.06667542288317403,3.732853045600119e-05,1.3942056762002215,2.1515835481484804,nan,nan,nan
511.7,196.96435546875,-233.61749267578125,-71.22277069091797,197.00345872074558,-233.69785193471466,-71.2274180938825,0.08948895556029397,0.322420893877883,0.06666743646863221,3.650403238501133e-05,1.698960097358515,2.195675768754318,11.97878897003484,0.06094652796255253,nan
511.71000000000004,196.9730682373047,-233.61874389648438,-71.22406005859375,197.01211219724647,-233.69907271959755,-71.22871787414036,0.08943626711994186,0.32246627534587574,0.06668827060214984,3.723028842627185e-05,1.6857538361523772,2.105632113774227,nan,nan,nan
511.72,196.98178100585938,-233.6200714111328,-71.2254409790039,197.02076897689867,-233.7003469169252,-71.22957622717722,0.08933822806302533,0.3225117416463875,0.06670916209166991,3.6433880227488664e-05,1.5681887617844477,2.0315808505374844,nan,0.18085079941189475,nan
511.73,196.99049377441406,-233.6214141845703,-71.2269058227539,197.02942217150292,-233.70169148567877,-71.23104151898023,0.08931387997641252,0.32255729305487446,0.0667301177304068,3.7158814203896e-05,1.5560191383382556,1.959814646307298,nan,nan,nan
511.74,196.99920654296875,-233.6227569580078,-71.22844696044922,197.03807987538246,-233.7030138973104,-71.23189299553906,0.0892422962333813,0.3226029295815877,0.0667511312003391,3.636684478809582e-05,1.4194712105412473,1.8709154726779609,nan,0.31786447173191307,nan
511.75,197.00791931152344,-233.62408447265625,-71.23007202148438,197.02943238629732,-233.68791032338078,-71.2334137777421,0.06743677736830335,0.32253900765382076,0.0667430950904743,3.706738839733541e-05,1.1078515579228114,1.8775764297141349,13.889512034167932,nan,nan
511.76,197.01663208007812,-233.62539672851562,-71.23178100585938,197.03807450191044,-233.6891771882351,-71.23480768608725,0.06735640496096362,0.3225844530597123,0.06676410177149537,3.6280656746356894e-05,1.0560843758249543,1.8868561639484709,nan,0.0636331694267417,nan
511.77000000000004,197.0253448486328,-233.62667846679688,-71.23356628417969,197.04671430743275,-233.6904359326274,-71.23659087080489,0.06731133888718537,0.3226299835127929,0.0667851724629698,3.7002329754836896e-05,1.0480831688156755,1.7983721636962653,nan,nan,nan
511.78000000000003,197.03404235839844,-233.62794494628906,-71.23541259765625,197.05536192243608,-233.6916224908024,-71.23730959235087,0.06717850902537925,0.3226755990111394,0.06680630158603465,3.621969302898757e-05,0.897025547825588,1.8008177936275798,nan,0.8500323075635906,nan
511.79,197.04275512695312,-233.62918090820312,-71.23727416992188,197.06400133497925,-233.6928334449794,-71.23919170079972,0.0671321362554012,0.32272129984859377,0.06682749483918514,3.6940326413428366e-05,0.8943851308132413,1.676940966597714,nan,nan,nan
511.8,197.0514678955078,-233.63038635253906,-71.23912048339844,197.02254892341102,-233.67733293121807,-71.24085456509953,0.05516606960936816,0.32265736866548644,0.06681939975329289,3.613960466100419e-05,1.0464539624880573,2.12634259634165,28.01870866570456,0.007395236635364488,nan
511.81,197.0601806640625,-233.63157653808594,-71.2409439086914,197.0310944061943,-233.6784801420845,-71.24271726518676,0.05521868576930412,0.32270287818467186,0.0668405854545706,3.6858386300849936e-05,1.0459005256748453,2.233472007654769,nan,nan,nan
511.82,197.0688934326172,-233.63275146484375,-71.24274444580078,197.0396407551577,-233.6795971038181,-71.24439859216658,0.055253680688838284,0.3227484726762269,0.06686183015140901,3.60843917042409e-05,1.0334733610352955,2.310467530082289,nan,0.01596731390843561,nan
511.83,197.07760620117188,-233.63388061523438,-71.24449920654297,197.04818575538184,-233.68069685685654,-71.2462030730224,0.05531931191807646,0.3227941524441833,0.06688313888482583,3.6802307845198454e-05,1.0342968757013034,2.1038068906421565,nan,nan,nan
511.84000000000003,197.08631896972656,-233.635009765625,-71.24623107910156,197.0567266522404,-233.68179409357697,-71.24850072362268,0.05540424065332401,0.32283991747119306,0.066904507050514,3.603191610390632e-05,1.0954266653646787,2.3907662036547994,nan,0.1835356471162916,nan
511.85,197.09503173828125,-233.6361083984375,-71.2479248046875,197.05900253856862,-233.6812900858828,-71.25035661046967,0.05783944840418313,0.3227759766673764,0.06689635503540732,3.672629569425165e-05,1.152747092109775,2.4338955778956084,1.097996604973294,nan,nan
511.86,197.10372924804688,-233.63717651367188,-71.24958801269531,197.06753283171773,-233.682328545763,-71.25223658221904,0.05793014308244815,0.322821550168791,0.06691771520967336,3.59602865053299e-05,1.184242453649007,2.2885954335790273,nan,0.01827537382513928,nan
511.87,197.11244201660156,-233.6382293701172,-71.25121307373047,197.07606411776464,-233.6833390706089,-71.25392050369913,0.058013505145576155,0.32286720888231607,0.06693913935383379,3.6675806080112026e-05,1.1864904733846804,2.4626122309930345,nan,nan,nan
511.88,197.12115478515625,-233.63926696777344,-71.2528076171875,197.08460665660652,-233.68427265804831,-71.25406072044278,0.05799006919614599,0.3229129527825158,0.06696062344619214,3.591309548693437e-05,1.0276238273459681,2.3677011861772383,nan,1.531581694286752,nan
511.89,197.12986755371094,-233.64027404785156,-71.2543716430664,197.09313763148293,-233.6852409421546,-71.25566688048836,0.05807569551985115,0.3229587821857305,0.06698217166395479,3.6627972522397676e-05,1.0272825709474693,2.2343808944117547,nan,nan,nan
511.90000000000003,197.13858032226562,-233.64126586914062,-71.25590515136719,197.0935375964221,-233.68082038638016,-71.25892764495524,0.06002118336852439,0.3228948310523454,0.0669739550322897,3.584672929314342e-05,1.1799996630098368,2.632671525673699,1.9024469995373807,1.596759879396196,nan
511.91,197.14727783203125,-233.64224243164062,-71.25740814208984,197.1020582013041,-233.6817356101356,-71.26049140448411,0.06011682508024656,0.32294046872161386,0.06699549449879698,3.6560142728931934e-05,1.1822020792975565,2.644846533767398,nan,nan,nan
511.92,197.15599060058594,-233.6431884765625,-71.25888061523438,197.11057422835415,-233.68265126596802,-71.26260796291523,0.06028143773247523,0.32298619150528723,0.06701709439822048,3.580450634449045e-05,1.307786542050749,2.685601789567969,nan,0.22839551987764167,nan
511.93,197.16470336914062,-233.6441192626953,-71.26032257080078,197.11909474760108,-233.68352753034446,-71.26411955165267,0.06039515693690988,0.3230319997256747,0.06703875839395587,3.651741437261432e-05,1.3120225236691838,2.7547635084671396,nan,nan,nan
511.94,197.1734161376953,-233.64503479003906,-71.26173400878906,197.12761352611037,-233.68439218683872,-71.26582390920417,0.06052777210713088,0.3230778933481917,0.06706048322678868,3.5764642974639614e-05,1.382280592515625,2.889387136917567,nan,0.03299556452733172,nan
511.95,197.18212890625,-233.64593505859375,-71.26312255859375,197.14214089249532,-233.6832567646053,-71.26732662003658,0.05486005027587375,0.3230139314931131,0.06705220253242894,3.64546507211474e-05,1.2611845713362344,2.804934685942342,3.0881182357179338,nan,nan
511.96000000000004,197.19082641601562,-233.64682006835938,-71.26448059082031,197.150697770704,-233.6839887515955,-71.26640785376426,0.05473146746168332,0.32305963316570313,0.06707391810267851,3.570551469693278e-05,0.8772603910111906,2.45214811330226,nan,3.7465732498552002,nan
511.97,197.1995391845703,-233.64767456054688,-71.26581573486328,197.1592361456281,-233.68477860195807,-71.2677902870687,0.05481736671377213,0.3231054202071304,0.06709569776203989,3.641670255521842e-05,0.8777194767174471,2.2658593049418654,nan,nan,nan
511.98,197.208251953125,-233.64852905273438,-71.26712036132812,197.1677647709917,-233.68558897810135,-71.27035728845951,0.054982976297704024,0.3231512925789139,0.06711753870237687,3.567016653165552e-05,1.061347683043823,2.7431216190902954,nan,0.9949614969945814,nan
511.99,197.2169647216797,-233.64935302734375,-71.26839447021484,197.17630280975246,-233.68634474768896,-71.27170082375638,0.05507005020351744,0.32319725060941923,0.06713944391754312,3.638102120078385e-05,1.0654390793357353,2.6038184676970886,nan,nan,nan
512.0,197.2256622314453,-233.65016174316406,-71.26964569091797,197.14811925622692,-233.6709522792769,-71.27380390420637,0.08038936580998052,0.3231332772632078,0.06713109271755446,3.561550009928475e-05,1.2647669542266133,3.355950007539007,12.272245938145906,0.40025019695562336,nan
512.01,197.234375,-233.6509552001953,-71.2708740234375,197.1565961430245,-233.6716486438863,-71.27510628662897,0.0805957893188537,0.3231790431247876,0.06715298790792522,3.63251911394312e-05,1.2697595416222902,3.4343207255220713,nan,nan,nan
512.02,197.2430877685547,-233.6517333984375,-71.27207946777344,197.16508628653506,-233.67228107933798,-71.27472627359269,0.08070591037025328,0.3232248942449962,0.0671749447965855,3.558436487923899e-05,0.9708953851625377,3.121883620275303,nan,1.877919888663485,nan
512.03,197.25180053710938,-233.65249633789062,-71.27326202392578,197.17356315876106,-233.67294600410597,-71.27596502553543,0.08091095375064321,0.3232708309541225,0.0671969659836433,3.6293828591765736e-05,0.9726905166468507,3.1157660897566615,nan,nan,nan
512.04,197.26051330566406,-233.6532440185547,-71.2744140625,197.182047972541,-233.67356731039362,-71.27615993510479,0.08107337888873195,0.32331685321057224,0.06721904924597077,3.555522603676297e-05,0.8544810299498642,3.0799516967249687,nan,0.7129087592690662,nan
512.05,197.2692108154297,-233.6539764404297,-71.27555084228516,197.19405835934106,-233.67397622005103,-71.27733412048032,0.07778857835297716,0.3232528679474434,0.06721062693511325,3.6242251871322894e-05,0.8057327797257393,2.8438295837847236,0.4878874756005908,nan,nan
512.0600000000001,197.27792358398438,-233.65469360351562,-71.27665710449219,197.20254945035268,-233.67457306576586,-71.27778193406304,0.07795972217530564,0.32329869781050624,0.06723269959667648,3.550664136122334e-05,0.7509903291654974,2.9546771081093137,nan,0.3489221050899645,nan
512.07,197.28663635253906,-233.6553955078125,-71.27774810791016,197.2110349202975,-233.67517443005727,-71.2789145786067,0.07815460943557395,0.323344613191205,0.06725483659771517,3.6214902674603944e-05,0.7503231298450367,2.858808193247448,nan,nan,nan
512.08,197.29534912109375,-233.65609741210938,-71.27881622314453,197.21953674740772,-233.67570897127104,-71.27799649189615,0.07831220349333659,0.3233906140478499,0.06727703605692185,3.548128878287868e-05,0.7287198525771268,3.0883109015614916,nan,2.8294259298193354,nan
512.09,197.30406188964844,-233.65676879882812,-71.27986145019531,197.22802229456332,-233.6762819880985,-71.2790677020248,0.07850741756273161,0.32343670071110137,0.06729930006645138,3.618945240649422e-05,0.724648278935992,2.8385878630649,nan,nan,nan
512.1,197.31275939941406,-233.6574249267578,-71.2808837890625,197.2186408775561,-233.67057037129538,-71.2777397479982,0.09508408837986455,0.32337270271447355,0.06729080115547843,3.543641817949253e-05,1.0390319875940746,3.38446219061784,3.3802863378240042,3.713631949095072,nan
512.11,197.32147216796875,-233.6580810546875,-71.28189086914062,197.2270941956068,-233.67110986953952,-71.27874723200684,0.09532488729617405,0.32341859675508594,0.0673130537949338,3.614364453990085e-05,1.030731367858892,3.6278092913774698,nan,nan,nan
512.12,197.33018493652344,-233.65872192382812,-71.28287506103516,197.2355493033641,-233.67163116236708,-71.27952111024051,0.0955709186366615,0.3234645762001887,0.06733536925302375,3.5414571007314054e-05,1.0722396876299647,3.6763590134656003,nan,0.03162634332630064,nan
512.13,197.33889770507812,-233.6593475341797,-71.2838363647461,197.24400280261867,-233.67214457215596,-71.28048799646764,0.09581241184671405,0.32351064137887253,0.06735774932720977,3.61217795555874e-05,1.0623418152597008,3.6843006575062103,nan,nan,nan
512.14,197.3476104736328,-233.6599578857422,-71.28478240966797,197.25245286590817,-233.6726552348063,-71.28187170108569,0.09604512067556842,0.32355679225156175,0.06738019257457686,3.5394381134133856e-05,0.9887609264444637,3.522853541405901,nan,0.13073256014299348,nan
512.15,197.35630798339844,-233.66055297851562,-71.28570556640625,197.28204843633003,-233.6839966240255,-71.28281309853683,0.07792593416811393,0.32349278105601303,0.06737161557789861,3.6079477382130914e-05,1.009302877730938,3.0315299134333684,4.285806865989054,nan,nan
512.16,197.36502075195312,-233.6611328125,-71.28661346435547,197.2905309348642,-233.68450391924566,-71.28417612850781,0.07810814353506061,0.32353873907323966,0.06739404682105993,3.5354525468393225e-05,0.94305683664448,2.95321989921169,nan,0.13736692762297453,nan
512.17,197.3737335205078,-233.66171264648438,-71.28750610351562,197.29901697658775,-233.68498958362562,-71.2850806874951,0.0782959793406321,0.3235847827496902,0.06741654275971547,3.606091779290852e-05,0.9354628180445734,3.0918243742782847,nan,nan,nan
512.1800000000001,197.3824462890625,-233.6622772216797,-71.28837585449219,197.30751355584684,-233.68543550603914,-71.28464266849076,0.07851851577407715,0.32363091204882904,0.06743910220331648,3.533744965827839e-05,1.1641217212935397,3.364166470128891,nan,1.2169014922121106,nan
512.19,197.3911590576172,-233.66282653808594,-71.28923034667969,197.3159997922707,-233.68589791507344,-71.2855006803458,0.07870904658604977,0.3236771272954153,0.06746172657385296,3.60439187170481e-05,1.1531660521210076,3.2676297003333117,nan,nan,nan
512.2,197.39987182617188,-233.6633758544922,-71.29006958007812,197.32635378725612,-233.6783884212091,-71.28567838570234,0.07516356692901997,0.3236131020493474,0.06745306671700457,3.530062734414655e-05,1.0967441924376422,3.6154058287179067,8.174973284241343,0.3668423420958602,nan
512.21,197.40858459472656,-233.66390991210938,-71.29088592529297,197.33485727708754,-233.67879807142972,-71.28649842224135,0.07534337951818938,0.32365912420143905,0.0674756783029155,3.600632513885563e-05,1.0824140688020647,3.662280685864993,nan,nan,nan
512.22,197.4172821044922,-233.6644287109375,-71.29169464111328,197.34337567005846,-233.67916033535812,-71.28539808017848,0.07562293625866519,0.3237052319046712,0.06749835370676294,3.528641100833935e-05,1.6685859402667396,3.9578811467405353,nan,2.520146464031626,nan
512.23,197.42599487304688,-233.66493225097656,-71.29248046875,197.3518790982809,-233.67954874629,-71.2861686537708,0.07580652355002081,0.3237514254794823,0.06752109413626128,3.5992244231665576e-05,1.6493952644130756,4.06846901380378,nan,nan,nan
512.24,197.43470764160156,-233.66543579101562,-71.29325103759766,197.36038352187694,-233.67992459840642,-71.28679416748443,0.0759979702630699,0.3237977048955824,0.06754389872005154,3.527354361352542e-05,1.7217446823235873,4.3325454052661945,nan,0.011799849138407563,nan
512.25,197.44342041015625,-233.66592407226562,-71.29401397705078,197.36575676561606,-233.67995199026802,-71.2875794711583,0.07918223937745238,0.3237336650895645,0.06753515386677678,3.595748446282726e-05,1.714474827587587,4.14427450798037,0.28996181075315425,nan,nan
512.26,197.45213317871094,-233.66641235351562,-71.29475402832031,197.37426041740022,-233.68029684501843,-71.28746200006161,0.07943626208837411,0.32377975117008595,0.06755794497951087,3.524077518808981e-05,2.0691032701935645,4.853214106830397,nan,0.4962434173593136,nan
512.27,197.46084594726562,-233.6668701171875,-71.29547882080078,197.3827577348391,-233.68064671554833,-71.28816641512672,0.0796306150868468,0.3238259230451507,0.06758080122681868,3.5946071237842635e-05,2.0454458358364844,4.522249789741053,nan,nan,nan
512.28,197.4695587158203,-233.66734313964844,-71.29619598388672,197.39126215789707,-233.68097165767827,-71.28793917453592,0.07990157937720563,0.32387218068986096,0.06760372191774977,3.52304171846595e-05,2.4901489286079688,5.2543989235615465,nan,0.5872610220599528,nan
512.29,197.478271484375,-233.66778564453125,-71.29689025878906,197.3997595497629,-233.68130244065304,-71.28860740993099,0.08009639966401519,0.32391852441678265,0.06762670799126698,3.5935914870689e-05,2.4617432776845107,5.095728475038693,nan,nan,nan
512.3,197.4869842529297,-233.66822814941406,-71.29757690429688,197.37699352396865,-233.66643328925724,-71.29062336393946,0.11022492324272705,0.3238544691744991,0.06761787388891127,3.520007663522543e-05,1.9127017457334259,5.271667808922,9.068844896009363,1.3493328589358133,nan
512.3100000000001,197.49569702148438,-233.66867065429688,-71.29824829101562,197.38544126570295,-233.6667182918193,-71.29127863142352,0.11049307470156908,0.32390061931754155,0.06764084569648354,3.5904920527757434e-05,1.8893057510666589,5.483457794451618,nan,nan,nan
512.32,197.50440979003906,-233.66909790039062,-71.29890441894531,197.393881416209,-233.66700986902478,-71.29294219081626,0.11070875963880573,0.3239468551581998,0.0676638822214442,3.519200257472501e-05,1.5439857999178725,5.075927691892286,nan,0.7278655553972139,nan
512.33,197.51312255859375,-233.6695098876953,-71.29955291748047,197.40232930170683,-233.6672775401092,-71.29358240944978,0.11097646648502135,0.3239931770027661,0.06768698425251522,3.5897089896538095e-05,1.5245277846372103,4.815085687820573,nan,nan,nan
512.34,197.52182006835938,-233.669921875,-71.30017852783203,197.4107772197875,-233.6675367255013,-71.29421056754217,0.11122868203440602,0.3240395849149771,0.06771015161266138,3.6616505956381754e-05,1.501495610929428,5.149940105380796,nan,nan,nan
512.35,197.53053283691406,-233.67031860351562,-71.3008041381836,197.3927510609174,-233.66809095094757,-71.29480784557002,0.1379301843610331,0.32397551368056704,0.06770122566041599,3.73265821239647e-05,1.7947029852353364,5.4498036052960925,19.83775383357512,nan,nan
512.36,197.53924560546875,-233.67071533203125,-71.30140686035156,197.4011354284954,-233.6683605920892,-71.29566834212196,0.13824939918595675,0.32402172767421256,0.06772437771056956,3.6528804135740166e-05,1.7305107812079576,5.8230893282556515,nan,0.042408496232385025,nan
512.37,197.54795837402344,-233.6710968017578,-71.302001953125,197.4095218409747,-233.66861879170054,-71.29626412129872,0.13857754843576728,0.3240680275987011,0.06774759541937081,3.726031444845858e-05,1.710379568547372,5.577322047080698,nan,nan,nan
512.38,197.55667114257812,-233.67147827148438,-71.30258178710938,197.41791469659609,-233.66885820725886,-71.29599371463323,0.13893746340373234,0.3241144134332085,0.06777087840245791,3.6466454771607606e-05,2.014579036458028,6.131601748515211,nan,0.4749659986797436,nan
512.39,197.5653839111328,-233.67184448242188,-71.30315399169922,197.42630147355877,-233.6691007869087,-71.29655931114488,0.1392657248508095,0.32416088548543304,0.06779422730291494,3.71965991002524e-05,1.991333206112869,5.889856543935434,nan,nan,nan
512.4,197.5740966796875,-233.67221069335938,-71.30371856689453,197.43430163109852,-233.6748682735364,-71.29603397077746,0.14003132278127958,0.32409679736069374,0.06778520560016797,3.638394987979151e-05,2.600329651080803,6.430936756091484,3.0120941929459257,0.8030485232976953,nan
512.41,197.5828094482422,-233.6725616455078,-71.30426788330078,197.44267949121212,-233.6751160654789,-71.29656818194101,0.14036458000388638,0.3241430753227392,0.06780853868906261,3.7111897048846796e-05,2.572689990277589,6.438526377768562,nan,nan,nan
512.42,197.59152221679688,-233.67291259765625,-71.30480194091797,197.45105404314327,-233.67536186577416,-71.29756276834327,0.14067591244935357,0.32418943912272685,0.06783193729801479,3.6326477404418804e-05,2.415573050463565,6.5609817820907805,nan,0.14481424351723382,nan
512.4300000000001,197.60023498535156,-233.67324829101562,-71.30532836914062,197.45943200938288,-233.6755952878494,-71.2980818691152,0.14100885858127413,0.3242358890592818,0.0678554019615744,3.7053235471496765e-05,2.3881120849356927,6.341153813299382,nan,nan,nan
512.44,197.60894775390625,-233.673583984375,-71.30584716796875,197.46780298141215,-233.67583268766694,-71.29960796526011,0.14130049935986183,0.32428242512498334,0.06787893245757386,3.627134729081722e-05,2.0419316208873894,6.031956775235612,nan,0.6783972003542279,nan
512.45,197.61766052246094,-233.6739044189453,-71.30635070800781,197.49035210101195,-233.68689423181834,-71.30003857531102,0.12812498752972096,0.3242183195177504,0.06786981212208133,3.697370658314031e-05,2.1678658882559096,5.7655120225999275,3.967193713477791,nan,nan
512.46,197.6263885498047,-233.67422485351562,-71.30684661865234,197.49873946892595,-233.68714533343174,-71.301674024093,0.12840553876264552,0.3242646612363824,0.06789332603234684,3.6196198334411425e-05,1.827616065433035,5.61309175307878,nan,0.8506504335772187,nan
512.47,197.63510131835938,-233.67454528808594,-71.30733489990234,197.5071346646356,-233.68737850856908,-71.30217584257417,0.12871197258120465,0.32431108900966754,0.06791690613995569,3.691990225910719e-05,1.8071050606931855,5.48100063071037,nan,nan,nan
512.48,197.64381408691406,-233.6748504638672,-71.30780792236328,197.5155232890261,-233.68761451143078,-71.30363522445677,0.128991709581481,0.32435760283936005,0.0679405523091547,3.6145679988799806e-05,1.5659376152786004,5.3290429641240395,nan,0.6173658911534263,nan
512.49,197.65252685546875,-233.67515563964844,-71.30827331542969,197.52391861942132,-233.68783559141104,-71.30412935816523,0.1292982286720988,0.3244042030105009,0.06796426494540654,3.686842643220182e-05,1.547882870006426,5.352017288102035,nan,nan,nan
512.5,197.66123962402344,-233.67544555664062,-71.30873107910156,197.5249761403258,-233.6886034091271,-71.30463585461412,0.1369585226814064,0.32434007900889417,0.0679550423184587,3.60752238142913e-05,1.6692440646299656,5.443845388768029,1.708720619445539,0.0006841642728959345,nan
512.51,197.66995239257812,-233.6757354736328,-71.3091812133789,197.53335408053525,-233.68882039220065,-71.30511340875071,0.13728387006995268,0.3243864845673261,0.06797873753595186,3.679618020609513e-05,1.652196519955281,5.468516980661999,nan,nan,nan
512.52,197.6786651611328,-233.676025390625,-71.30962371826172,197.5417401178533,-233.68902183224665,-71.30439107394305,0.13763994891923156,0.3244329761086914,0.06800249903317929,3.6029119916966375e-05,1.960416504904052,5.8333105835625405,nan,0.945476277708989,nan
512.53,197.6873779296875,-233.67630004882812,-71.31005096435547,197.55011847814532,-233.68922710472967,-71.30484113967114,0.1379652423082806,0.32447955390887867,0.06802632714815403,3.674926480773942e-05,1.9372809662660568,5.95480845984051,nan,nan,nan
512.54,197.6960906982422,-233.67657470703125,-71.31047821044922,197.55849395856382,-233.6894303323631,-71.3057317752864,0.13827746931277385,0.3245262179832019,0.0680502218461067,3.598513075849248e-05,1.8228340184072889,5.623463215211065,nan,0.13395964907161795,nan
512.55,197.70480346679688,-233.67684936523438,-71.3108901977539,197.57580915020864,-233.6817899844533,-71.3061554692111,0.12917569850674643,0.32446207494570306,0.06804089382908289,3.668163746609187e-05,1.4664833820207068,5.642900392784458,12.193062878924792,nan,nan
512.5600000000001,197.71351623535156,-233.67710876464844,-71.31129455566406,197.5842140767056,-233.6819505409632,-71.30736068941,0.12945256402286714,0.3245085441424864,0.06806477029532239,3.592125345196748e-05,1.2840158563719886,5.314218905233967,nan,0.40027524566116945,nan
512.57,197.72222900390625,-233.6773681640625,-71.31169128417969,197.59262410625234,-233.68210060565778,-71.30779340090474,0.1297498323442352,0.32455509951480616,0.06808871353302264,3.6639067416808924e-05,1.2656201133108012,5.378477247111354,nan,nan,nan
512.58,197.73095703125,-233.6776123046875,-71.31208038330078,197.60102174257975,-233.682257849448,-71.31020352572769,0.13003185349095694,0.32460174108698725,0.06811272355889977,3.588138477847081e-05,0.9472989585403968,5.062167400078065,nan,2.6430827877330163,nan
512.59,197.7396697998047,-233.67796325683594,-71.31256103515625,197.60943198881463,-233.6824482286637,-71.31069307269645,0.13032839931314985,0.3246484691215452,0.06813680063393138,3.6598575400617857e-05,0.9409228113720715,5.216138016566029,nan,nan,nan
512.6,197.74838256835938,-233.67840576171875,-71.31314086914062,197.6432781726135,-233.6843915681851,-71.31159584106442,0.10528604369011182,0.3245843061337998,0.06812736374442015,3.582165931666225e-05,0.6666412632001201,4.316811685727696,13.423120913796732,0.11497467572865872,nan
512.61,197.75709533691406,-233.67893981933594,-71.31381225585938,197.6517436666633,-233.68475784268435,-71.31227647367754,0.10552337393781304,0.32463083901752066,0.06815142173438694,3.653739030225172e-05,0.661266576919904,4.333847372436926,nan,nan,nan
512.62,197.76580810546875,-233.67958068847656,-71.3145751953125,197.66018728223656,-233.6852362171372,-71.3166742141325,0.1057929543243917,0.32467745802601783,0.06817554670893529,3.578570177453385e-05,0.7162732019295703,4.651024314760234,nan,8.863958101866212,nan
512.63,197.77452087402344,-233.6802978515625,-71.31542205810547,197.66865307388466,-233.68578825789544,-71.31757547570018,0.10603194271191604,0.32472416341302857,0.06819973889103942,3.650092779350017e-05,0.7170174320681517,4.669137924040122,nan,nan,nan
512.64,197.78323364257812,-233.6811065673828,-71.31636810302734,197.63828069628843,-233.6869475897017,-71.31821322340112,0.14508231680320585,0.31816382181696284,0.0682228249979198,3.575020605555003e-05,1.5932034416311638,5.179250418174943,nan,0.07656200645399285,0.22832404327723915
512.65,197.79196166992188,-233.6820068359375,-71.31739807128906,197.66459811233307,-233.700647342459,-71.31942632167612,0.12873638990079117,0.3180950093074325,0.06821332827006436,3.6442347257069245e-05,1.7950320779422173,5.386214474023244,6.255106008290398,nan,nan
512.66,197.80067443847656,-233.6829376220703,-71.31851196289062,197.67306005963337,-233.70149557664288,-71.32064720115783,0.12897436415004654,0.31813651260068293,0.06823744546434216,3.569629688783785e-05,1.8050407259401595,5.435247035683343,nan,0.001748504911445405,nan
512.67,197.80938720703125,-233.6838836669922,-71.31971740722656,197.68152650483012,-233.70236392124613,-71.32190581625512,0.1292078484409268,0.3181781120696522,0.06826162370854734,3.6409743568440005e-05,1.8042610997778208,5.355007485682487,nan,nan,nan
512.6800000000001,197.81809997558594,-233.684814453125,-71.32100677490234,197.69002958841133,-233.7032310277936,-71.32283495793833,0.12940068217281567,0.3182197844898812,0.06828586307282768,3.566586312104444e-05,1.7625341868506312,5.25155552519216,nan,0.11780697962322448,nan
512.69,197.82681274414062,-233.68572998046875,-71.32238006591797,197.69849572884638,-233.70409129114182,-71.32426212420273,0.12963771167003588,0.31826155296689584,0.0683101637700346,3.6378956163600183e-05,1.7625639953352543,5.232342822942518,nan,nan,nan
512.7,197.8355255126953,-233.68663024902344,-71.3238296508789,197.70492738660008,-233.6967507196492,-71.32389004788648,0.13098968704853362,0.31819284038296713,0.06830056364887772,3.561555527633319e-05,1.376581935762509,5.2605309672063,9.32185663218043,1.9317048785585331,nan
512.71,197.84423828125,-233.68753051757812,-71.32537078857422,197.71341030819497,-233.69755504935412,-71.32546521331781,0.13121150363839618,0.3182344374635448,0.06832484079354642,3.6327453333548766e-05,1.3721395173432744,5.163349807165001,nan,nan,nan
512.72,197.85296630859375,-233.6884002685547,-71.32698822021484,197.72187923833985,-233.6983434024888,-71.32728490856337,0.13146396435585775,0.31827610824138897,0.06834917930319735,3.558851585297442e-05,1.3705913886187977,5.263265551132324,nan,0.01779819196029122,nan
512.73,197.86167907714844,-233.6892547607422,-71.32868957519531,197.73036196042204,-233.6991142500237,-71.32902671555499,0.13168716086941723,0.3183178742118515,0.06837357936832249,3.630015439468673e-05,1.367151068665898,5.073789300162508,nan,nan,nan
512.74,197.87039184570312,-233.69009399414062,-71.33047485351562,197.73876214349883,-233.69987171429028,-71.33183435382314,0.1319993581605685,0.3183597145582044,0.06839804109161285,3.556309479921858e-05,1.4118430617586033,4.99340050601427,nan,0.6629785263554084,nan
512.75,197.8791046142578,-233.69091796875,-71.33231353759766,197.7787525427677,-233.72016485425,-71.33383490637547,0.10453818980048883,0.3182911230706876,0.06838833492639418,3.6252123938572856e-05,1.6084327266894183,5.036854351514465,11.569171494269439,nan,nan
512.76,197.8878173828125,-233.69171142578125,-71.33416748046875,197.7872169034208,-233.7209296801691,-71.33645603647219,0.1047826337323644,0.31833279226260186,0.06841277248322106,3.551774285834072e-05,1.6885700380699258,4.824563411659144,nan,0.31270330568198373,nan
512.77,197.8965301513672,-233.6925048828125,-71.33601379394531,197.7957366608833,-233.72167598705144,-71.33841001580356,0.10495724332144597,0.3183745558091832,0.06843727181713145,3.6228095791606654e-05,1.6954608993817588,4.877080050626625,nan,nan,nan
512.78,197.90524291992188,-233.6932830810547,-71.33783721923828,197.80425933300538,-233.7224063080449,-71.34030982091316,0.10512830701522727,0.3184163944356273,0.06846183304674214,3.549541525215328e-05,1.7050460614666518,4.833226825716983,nan,0.0009548936947324185,nan
512.79,197.91395568847656,-233.6940460205078,-71.3396224975586,197.81277896616663,-233.72312122356726,-71.34222052498717,0.10530359118685588,0.3184583273305951,0.06848645633939467,3.620562487199112e-05,1.715052227350963,5.202575103047543,nan,nan,nan
512.8,197.92266845703125,-233.6947784423828,-71.34138488769531,197.8397621198643,-233.72433045278547,-71.34245119393347,0.0880222646281693,0.31838983567892104,0.06847664137301888,3.545312966947864e-05,1.2548660741961006,3.99194676779561,13.685402099667668,1.6971922052016317,nan
512.8100000000001,197.93138122558594,-233.6955108642578,-71.34310150146484,197.84833373384265,-233.72500212557594,-71.34428269039846,0.08813634656758969,0.31843159687607636,0.06850123986038312,3.616234903873721e-05,1.2568387196932256,4.762319544454027,nan,nan,nan
512.82,197.94009399414062,-233.69622802734375,-71.34479522705078,197.85674187398226,-233.72566346987543,-71.34818027238347,0.08846174169568942,0.31847343382592014,0.06852590047524128,3.543369156492448e-05,1.537152068637246,4.558886264100057,nan,3.032474308866907,nan
512.83,197.9488067626953,-233.69692993164062,-71.34645080566406,197.86531305671085,-233.7263061457835,-71.34996779744952,0.08858064194623641,0.31851536424991456,0.06855062337435638,3.614284108045682e-05,1.5515785784823537,4.753650805265529,nan,nan,nan
512.84,197.95751953125,-233.69761657714844,-71.34807586669922,197.8738355578317,-233.7269357421634,-71.35236028956554,0.08877486763462059,0.31855737106824134,0.0685754086917646,3.541562828753956e-05,1.723289305296158,4.791409231730066,nan,0.27974689640393446,nan
512.85,197.9662322998047,-233.6982879638672,-71.34967041015625,197.86030203589107,-233.71763492358613,-71.35408300921259,0.1077728940578649,0.31848899646660317,0.068565482209458,3.6102492876902304e-05,1.7573746040864973,5.015926992405312,4.584753196602907,nan,nan
512.86,197.97494506835938,-233.69894409179688,-71.35122680664062,197.86893821085638,-233.71821781030457,-71.35441141483267,0.1077917983527031,0.3185308317734208,0.06859024207286775,3.537752277457039e-05,1.5005550253708684,4.997224054071893,nan,1.2982615212348054,nan
512.87,197.98365783691406,-233.6995849609375,-71.3527603149414,197.87747152765667,-233.7187894314028,-71.3560668888237,0.10795960999558525,0.31857275979110417,0.0686150644399623,3.60857410890749e-05,1.512802309114464,4.616894535284436,nan,nan,nan
512.88,197.99237060546875,-233.70021057128906,-71.35425567626953,197.88590100837135,-233.7193497171329,-71.35910625852374,0.10828485654937861,0.31861476482697193,0.06863994945100751,3.5362062653533665e-05,1.8711952151073987,5.255129361007184,nan,1.3816094849959248,nan
512.89,198.00108337402344,-233.70083618164062,-71.35572814941406,197.89443399807365,-233.71989602893873,-71.36071698008391,0.10845393308201606,0.31865686252656367,0.0686648972536992,3.607029904808044e-05,1.8914683801619605,5.161951830865101,nan,nan,nan
512.9,198.00979614257812,-233.70144653320312,-71.35716247558594,197.8979623829517,-233.72667079721722,-71.36127187944967,0.11471678380842283,0.318588587262301,0.06865485650433421,3.532651938684635e-05,1.9964151897945808,5.485236625539045,10.234370015813447,0.7548519136968,nan
512.91,198.0185089111328,-233.70204162597656,-71.35857391357422,197.9064638828721,-233.72721772667745,-71.36281605440733,0.11491701424634941,0.31863051293032657,0.06867977818523345,3.60339213187565e-05,2.014038580688724,5.190771955323269,nan,nan,nan
512.92,198.0272216796875,-233.70262145996094,-71.35995483398438,197.91497884817784,-233.72775252875314,-71.36414319042206,0.11509807198035009,0.31867251620591613,0.06870476273074759,3.5313471356153516e-05,2.0077579622467963,5.229165370220042,nan,0.024964459786730044,nan
512.9300000000001,198.0359344482422,-233.7032012939453,-71.36131286621094,197.92348058997754,-233.72827567886475,-71.36563145406356,0.1152963365364806,0.31871461143093277,0.06872981028586463,3.6020947495395366e-05,2.0246848226589598,5.208861844189887,nan,nan,nan
512.94,198.04464721679688,-233.70375061035156,-71.36264038085938,197.93198228612795,-233.72878736031032,-71.3670935721572,0.11549916174529853,0.31875679165379595,0.06875492099486535,3.674276594794541e-05,2.0433181321891523,5.094531208416156,nan,nan,nan
512.95,198.05335998535156,-233.7042999267578,-71.36394500732422,197.93864325813033,-233.7245449099241,-71.36861978615961,0.11658319091925193,0.3186886293771826,0.0687447632297086,3.745510174292018e-05,1.9402878346521368,5.12442166577958,2.209955210641327,nan,nan
512.96,198.06207275390625,-233.70484924316406,-71.36521911621094,197.94715228291892,-233.72501992573763,-71.37003251148163,0.11677645251275982,0.3187306373944923,0.06876984713539565,3.8205085802482975e-05,1.95894077340638,5.4805717305656305,nan,nan,nan
512.97,198.07078552246094,-233.7053680419922,-71.36647033691406,197.9556611801557,-233.72548401729233,-71.37142038949261,0.11697337164510094,0.31877273020158453,0.06879499426616587,3.896982711657507e-05,1.9776914609878997,5.072875278306096,nan,nan,nan
512.98,198.07949829101562,-233.7058868408203,-71.36769104003906,197.9641481544475,-233.72593725768039,-71.37311835395569,0.11720549884239281,0.3188149006982779,0.06882020476627575,3.8068149333246366e-05,2.1187127144874562,5.605147982390632,nan,0.0664060280986638,nan
512.99,198.0882110595703,-233.70639038085938,-71.368896484375,197.97265705274873,-233.72638026899293,-71.37446202178613,0.11740229694000447,0.31885716351327165,0.0688454787807636,3.8829379120520504e-05,2.1389050898417015,5.156626648910754,nan,nan,nan
513.0,198.096923828125,-233.70689392089844,-71.37007141113281,197.999814680938,-233.7395084221674,-71.37569795735341,0.1025941040351968,0.3187890986983637,0.06883520124116552,3.7911634050060085e-05,2.3216561463538627,5.358321543488473,4.608164443258288,0.0014686229944591506,nan
513.01,198.1056365966797,-233.70738220214844,-71.37122344970703,198.00834366764738,-233.739959520708,-71.37699456409602,0.10276430063746542,0.3188311891157766,0.06886044775566191,3.866857409419297e-05,2.3441362191200374,5.259864955433011,nan,nan,nan
513.02,198.11434936523438,-233.70785522460938,-71.37235260009766,198.016904618666,-233.74040126753025,-71.377759172889,0.1028783484166229,0.3188733578961451,0.06888575785059105,3.778450448666798e-05,2.252877560408212,5.0705361890526905,nan,0.156929581290573,nan
513.03,198.12306213378906,-233.7083282470703,-71.37345886230469,198.02543369169976,-233.74083284407357,-71.37900663701038,0.10304678226569355,0.31891561819332565,0.06891113167310527,3.853832383393644e-05,2.273947165626249,5.218244658780051,nan,nan,nan
513.04,198.13177490234375,-233.7087860107422,-71.37454986572266,198.03388409568686,-233.74125343244938,-71.3815193080604,0.10336980519837066,0.318957957486086,0.06893656936437156,3.7662048295623156e-05,2.761323588480819,5.333684875690317,nan,1.0065028475087974,nan
513.05,198.14048767089844,-233.709228515625,-71.3756103515625,198.06764605583086,-233.74706608793093,-71.3826990745636,0.08238830473705393,0.31889000257466676,0.06892616928917518,3.8387997913530025e-05,2.550225731295667,5.179012457365939,11.778305920609432,nan,nan
513.0600000000001,198.14920043945312,-233.7096710205078,-71.37665557861328,198.07622724002803,-233.74746849886935,-71.38398687357142,0.08250748505795458,0.31893216960790316,0.06895157876785915,3.752038277156464e-05,2.6696416435280654,5.172545526801899,nan,0.005106527548161706,nan
513.07,198.1579132080078,-233.71009826660156,-71.37767791748047,198.08481392159786,-233.7478622190343,-71.38516432373838,0.08261760136704845,0.3189744274174628,0.06897705218440041,3.826753385550327e-05,2.6978900774325982,5.166861235408241,nan,nan,nan
513.08,198.1666259765625,-233.7105255126953,-71.37867736816406,198.09326787072777,-233.74824380959342,-71.38859874139553,0.08308137733181177,0.3190167648042701,0.06900258967635892,3.740717802950103e-05,3.860578169049045,6.539669723246238,nan,3.1946635977918496,nan
513.09,198.1753387451172,-233.7109375,-71.3796615600586,198.1018546145856,-233.74862046496423,-71.38976006729014,0.08319797555701687,0.3190591929420304,0.06902819139609695,3.815172727398671e-05,3.8983106790459914,6.269029694747882,nan,nan,nan
513.1,198.18405151367188,-233.7113494873047,-71.38062286376953,198.10211024395096,-233.74507044867528,-71.38998295119669,0.08910154968280026,0.31899133452258815,0.06901766601306046,3.727496292562277e-05,3.573523789762651,6.245014881491926,0.7762724577003413,0.46096455522564067,nan
513.11,198.19276428222656,-233.7117462158203,-71.38156127929688,198.11068339969742,-233.74542379109258,-71.39109762125526,0.08923223728523688,0.31903358986711633,0.06904323879498894,3.801612899168817e-05,3.611431599779258,6.2909882418420935,nan,nan,nan
513.12,198.20147705078125,-233.71212768554688,-71.38248443603516,198.11929219355142,-233.74577051447173,-71.39155197666226,0.08926595649506744,0.31907592531425466,0.06906887585503267,3.717061200582997e-05,3.4275982252369968,5.836822288430554,nan,0.2577073900698541,nan
513.13,198.21018981933594,-233.71250915527344,-71.38339233398438,198.12786529441178,-233.74610814633667,-71.39262473653999,0.08939494874658521,0.31911835085548246,0.06909457735021543,3.790949577499623e-05,3.4602034746585524,5.834216954004084,nan,nan,nan
513.14,198.21890258789062,-233.712890625,-71.38427734375,198.1365276332803,-233.7464416463514,-71.39203056401549,0.08928279008442117,0.3191608570632726,0.06912034341136938,3.707047617948453e-05,2.8292176805153524,5.476875806448959,nan,1.7088281411538047,nan
513.15,198.2276153564453,-233.7132568359375,-71.38514709472656,198.14802955156452,-233.75475909325405,-71.39315564519127,0.0901136758846219,0.3190931041829638,0.06910968996170108,3.778322065720425e-05,3.1372261529986964,5.414152355722322,5.1498648582709805,nan,nan
513.16,198.236328125,-233.71360778808594,-71.38600158691406,198.1566028559674,-233.75509883897325,-71.39394587213232,0.09022603556447714,0.31913543765314323,0.06913542634297688,3.695151121545993e-05,3.1443829689464904,5.2246116304496315,nan,0.029939865061567875,nan
513.17,198.2450408935547,-233.71397399902344,-71.3868408203125,198.1651646314558,-233.75543081139182,-71.39493535618274,0.09035710292827262,0.3191778606112917,0.06916122736349656,3.768533129446075e-05,3.170951900970323,5.474441287942222,nan,nan,nan
513.1800000000001,198.25375366210938,-233.7143096923828,-71.38765716552734,198.17391764464645,-233.75576489601116,-71.39217797223218,0.09007086812877015,0.319220364684748,0.06918709314875582,3.6859640916621364e-05,1.9835093421607086,4.18003512218962,nan,8.843564750121445,nan
513.19,198.26246643066406,-233.7146453857422,-71.38845825195312,198.1824796676309,-233.7560826522196,-71.39309942991359,0.09020238270967754,0.3192629582846268,0.06921302386350103,3.7591599174229465e-05,1.99850852012443,4.228090250395791,nan,nan,nan
513.2,198.27117919921875,-233.71498107910156,-71.38924407958984,198.18608414800886,-233.75387069058033,-71.39174808372951,0.09359401507636417,0.3191953004181791,0.0692022395607394,3.674903318891368e-05,1.5893450793482256,3.9302870144148736,0.3371351962498502,3.113495044071413,nan
513.21,198.27989196777344,-233.71530151367188,-71.3900146484375,198.19463829058043,-233.75417037786335,-71.39261699582384,0.09373233321743371,0.31923772079934926,0.06922813984239053,3.7478340704765964e-05,1.5959542503487687,3.8122892031464617,nan,nan,nan
513.22,198.28860473632812,-233.7156219482422,-71.3907699584961,198.20315168568177,-233.7544608673914,-71.39430803807696,0.09393190891580679,0.31928022269752837,0.06925410508387579,3.666502022142094e-05,1.7529685917975284,4.052140942967379,nan,0.44957244055052104,nan
513.23,198.2973175048828,-233.7159423828125,-71.39151000976562,198.21170567390055,-233.75474707154888,-71.39515628318549,0.0940663849731369,0.3193228135856105,0.06928013545565608,3.739272390899048e-05,1.7631830478946369,4.157929116972404,nan,nan,nan
513.24,198.3060302734375,-233.71624755859375,-71.3922348022461,198.22018921540766,-233.75502248069202,-71.39748497632563,0.09433846593662158,0.31936548649734264,0.06930623107496033,3.658474319598844e-05,2.157462884286435,4.433333756518213,nan,1.4407209757685537,nan
513.25,198.3147430419922,-233.716552734375,-71.39295196533203,198.2209474278438,-233.75623426473177,-71.39838617736709,0.10198907659827416,0.3192979299709077,0.0692953131727941,3.728763515531452e-05,2.3630592997857276,4.520533351064075,3.080668205295103,nan,nan
513.26,198.32345581054688,-233.7168426513672,-71.39364624023438,198.2294587528665,-233.75650915519563,-71.39963429570106,0.10219948721404244,0.3193404296489345,0.06932137758888558,3.648577322055287e-05,2.550604721857047,4.891943649063228,nan,0.11711958030011703,nan
513.27,198.33216857910156,-233.71713256835938,-71.39433288574219,198.23798971482847,-233.75677929906888,-71.40044861505577,0.10236661504982063,0.31938301782245715,0.06934750733262003,3.720970363206502e-05,2.569550267708016,4.748431510265791,nan,nan,nan
513.28,198.34088134765625,-233.7174072265625,-71.3949966430664,198.2465585481448,-233.7570464461062,-71.40040137802133,0.10245618279851126,0.3194256883574217,0.06937370251538802,3.641275885885099e-05,2.363486504196016,4.746817461865585,nan,0.46920032887775315,nan
513.29,198.34959411621094,-233.71768188476562,-71.3956527709961,198.2550896481043,-233.75730504245465,-71.40118200743497,0.10262388402786181,0.31946844747954495,0.06939996331611122,3.713542122155273e-05,2.3812063494482514,4.608201133303849,nan,nan,nan
513.3,198.35830688476562,-233.71795654296875,-71.39630126953125,198.3032001604991,-233.78674067137158,-71.40169778478233,0.08830135761344796,0.31940098404869754,0.06938890901684336,3.6321066332332225e-05,2.7922792798030462,4.240892556862388,24.079135307049935,0.0067439478626515155,nan
513.3100000000001,198.36703491210938,-233.71823120117188,-71.39692687988281,198.3117713508862,-233.7870538757114,-71.40244997989629,0.08843713226693029,0.319443569497797,0.06941513783390368,3.704166157035292e-05,2.8110766193886763,4.664518378635806,nan,nan,nan
513.32,198.37574768066406,-233.71849060058594,-71.39754486083984,198.32030057211134,-233.7873581644513,-71.40419259954571,0.08866406052909985,0.3194862376069332,0.06944143227803755,3.625491060573496e-05,3.2036947457975895,4.75460097057308,nan,0.6600715002006662,nan
513.33,198.38446044921875,-233.71873474121094,-71.39814758300781,198.32887191873107,-233.78766091879348,-71.40493137636106,0.088808347187522,0.31952899386654426,0.0694677925339336,3.6974443113323895e-05,3.227029513469936,4.78206585831641,nan,nan,nan
513.34,198.39317321777344,-233.718994140625,-71.39874267578125,198.3374786752049,-233.78796181461198,-71.40479011104215,0.08885377651134464,0.31957183324517274,0.06949421870462462,3.619201081801015e-05,2.989647904916392,4.583289085080324,nan,0.49804587818155166,nan
513.35,198.40188598632812,-233.71923828125,-71.39932250976562,198.3677122905328,-233.7974560939418,-71.40544971354667,0.08557692640411624,0.3195044670779689,0.06948302528137473,3.6887734478306714e-05,2.9690190162727452,4.40814863496999,4.585116937358375,nan,nan
513.36,198.4105987548828,-233.719482421875,-71.39989471435547,198.3763265341344,-233.79775855463538,-71.40601585750377,0.08566916871541957,0.3195471327080531,0.06950941867155987,3.6110380729968147e-05,2.985796289752334,4.326889393318864,nan,0.011288275748770386,nan
513.37,198.4193115234375,-233.71971130371094,-71.40045166015625,198.38493592749433,-233.79805574953951,-71.40670066471854,0.08578218839977686,0.3195898860866972,0.06953587806372885,3.682716215338755e-05,3.005899696717943,4.373002188969155,nan,nan,nan
513.38,198.4280242919922,-233.71994018554688,-71.4010009765625,198.39366342972838,-233.79836052718053,-71.40428396970859,0.08568078478544447,0.31963272282987604,0.06956240355538224,3.605375812126656e-05,2.2416308260942595,3.534297146131837,nan,6.351408215352184,nan
513.39,198.43675231933594,-233.7201690673828,-71.40153503417969,198.40227326560665,-233.7986481938097,-71.40491811243714,0.08578591754647125,0.3196756474574337,0.0695889953392386,3.676974037253779e-05,2.2511590085771878,3.7169386515313896,nan,nan,nan
513.4,198.44546508789062,-233.72039794921875,-71.40206146240234,198.39392811054597,-233.7839005597432,-71.40421168687831,0.08181237707424742,0.31960837208781573,0.0695776599883911,3.597836685648173e-05,1.782816000075776,3.380938721047592,8.042874137591111,0.8793294110024652,nan
513.41,198.4541778564453,-233.72061157226562,-71.40258026123047,198.4025261000875,-233.78414302174048,-71.40481141378956,0.08190926106957895,0.31965112256018985,0.06960421818494202,3.6692739497926274e-05,1.7867607695238599,3.182983738403271,nan,nan,nan
513.42,198.462890625,-233.7208251953125,-71.40308380126953,198.41113115230797,-233.78438189259833,-71.4052001395448,0.08199375385317473,0.31969395661013605,0.06963084266233717,3.592763260688431e-05,1.7723746706029821,3.374998940812196,nan,0.027196590325846107,nan
513.4300000000001,198.4716033935547,-233.7210235595703,-71.40357971191406,198.4197288687997,-233.7846155796437,-71.40577925194906,0.08209597622257564,0.319736878190108,0.06965753361847159,3.664136676978342e-05,1.7767818521591618,3.1935801983054364,nan,nan,nan
513.44,198.48031616210938,-233.7212371826172,-71.40406036376953,198.42829989453406,-233.78484154510144,-71.40712317640215,0.08222279392429765,0.3197798837672486,0.06968429114332865,3.587968846776166e-05,1.9024950310439377,3.719132112380594,nan,0.4018770659468614,nan
513.45,198.48904418945312,-233.721435546875,-71.404541015625,198.42399848149844,-233.77097832296334,-71.40757792723957,0.08182086297528415,0.3197127016734091,0.06967281116222451,3.657035673882568e-05,1.6035163580789038,3.2182045016035894,7.359514715188886,nan,nan
513.46,198.4977569580078,-233.7216339111328,-71.4050064086914,198.4325778313334,-233.77116176946774,-71.40858633703323,0.08193987547108865,0.31975553296803727,0.06969953427746108,3.581285853023215e-05,1.705484093842669,3.5491090311072986,nan,0.13653783706361172,nan
513.47,198.5064697265625,-233.72183227539062,-71.40545654296875,198.44117233893704,-233.77134314037062,-71.40914074601694,0.08202833616426379,0.31979845146680247,0.06972632405432441,3.652463703789772e-05,1.7154250547666847,3.822521675216562,nan,nan,nan
513.48,198.5151824951172,-233.72201538085938,-71.4059066772461,198.44974339521454,-233.77151719825324,-71.41042046136218,0.08217712557890063,0.3198414541320095,0.06975318057807389,3.577024929171411e-05,1.9099547128890595,3.571554435103873,nan,0.3632565835538308,nan
513.49,198.52389526367188,-233.72219848632812,-71.4063491821289,198.458338268274,-233.7716906998073,-71.41096600473969,0.08227097842912359,0.31988454417353934,0.06978010405347594,3.648159198069429e-05,1.9210834025224506,3.58983093635217,nan,nan,nan
513.5,198.53262329101562,-233.72238159179688,-71.40677642822266,198.43396816122444,-233.76010640764795,-71.40909496061238,0.10564739446647571,0.3198174502530745,0.06976847663932657,3.570868151967905e-05,1.6111706827525039,3.8763490114211607,11.739696897989965,3.8602408818572984,nan
513.51,198.5413360595703,-233.72256469726562,-71.40719604492188,198.44250144462237,-233.760257731483,-71.40960123076347,0.10580562773006602,0.3198603656304172,0.06979536487293968,3.641876637644084e-05,1.6158292333957394,3.867939553628527,nan,nan,nan
513.52,198.550048828125,-233.7227325439453,-71.40760803222656,198.45101702339844,-233.76040262032237,-71.4106919562561,0.10599926221004322,0.31990336531678526,0.06982232002836587,3.567104189659751e-05,1.7203673433381004,3.792630647594346,nan,0.2379671117151679,nan
513.53,198.5587615966797,-233.722900390625,-71.40801239013672,198.459550338537,-233.7605468210369,-71.41118941623334,0.1061612969016004,0.31994645209239286,0.06984934231457703,3.638081427904363e-05,1.7278426527031034,3.8327955656075563,nan,nan,nan
513.54,198.56748962402344,-233.7230682373047,-71.40840911865234,198.46813981999216,-233.76069699956753,-71.4097345282516,0.10624530117182791,0.31998962356438254,0.06987643181070892,3.563575209574695e-05,1.496492314512054,3.678703941261416,nan,2.575870417866612,nan
513.55,198.57620239257812,-233.72323608398438,-71.40879821777344,198.42915494759328,-233.73647294185082,-71.41005995964319,0.14764740930776513,0.3199226189926217,0.06986465428844323,3.632299551631689e-05,1.4287129077899245,4.424858957858101,21.406848358284616,nan,nan
513.5600000000001,198.5849151611328,-233.72349548339844,-71.4092788696289,198.43758843958523,-233.73660823556787,-71.41155619038243,0.14792664851618614,0.3199656156288674,0.06989170769619732,3.5581346542538376e-05,1.5256607562311066,4.546518014739057,nan,0.6696434419708117,nan
513.57,198.5936279296875,-233.72384643554688,-71.40985870361328,198.44604961109624,-233.73684493969424,-71.41216675545373,0.14816763591145632,0.32000869909029267,0.06991882841020192,3.6289769251763306e-05,1.5219107514732277,4.30466649441321,nan,nan,nan
513.58,198.60235595703125,-233.72430419921875,-71.41053009033203,198.45456961721936,-233.73718571297513,-71.41066648809829,0.148346736519551,0.32005186735496505,0.06994601650595328,3.5550511958386204e-05,1.370666876234772,4.54812198581231,nan,3.324798607155166,nan
513.59,198.61106872558594,-233.72479248046875,-71.41128540039062,198.463030766415,-233.73758118583171,-71.41144213450785,0.1485894104771396,0.32009512264663564,0.06997327219773394,3.6258774184329895e-05,1.36675249113022,4.568520314264061,nan,nan,nan
513.6,198.61978149414062,-233.7252960205078,-71.41213989257812,198.43205810279073,-233.71412927897157,-71.41141231669658,0.18805663280805887,0.32002820334555343,0.06996134177289959,3.550046924471348e-05,1.2312244509792758,5.147950655152068,15.805109514460183,0.4870820631195144,nan
513.61,198.6284942626953,-233.72579956054688,-71.41307830810547,198.44046643519235,-233.714513219348,-71.41236134665208,0.18836761782978403,0.32007128343819613,0.06998856051981626,3.620773788812978e-05,1.2271666637082115,5.304247802947818,nan,nan,nan
513.62,198.63722229003906,-233.72630310058594,-71.41410827636719,198.44891239659307,-233.7149040738323,-71.41187712509372,0.18866778160718228,0.3201144484192646,0.0700158468171281,3.547375422430385e-05,1.3501692785474821,5.539379542263888,nan,1.5939231171908292,nan
513.63,198.64593505859375,-233.72679138183594,-71.41522216796875,198.45732084804217,-233.7152820258072,-71.41298991102248,0.18897822273813775,0.3201577001945104,0.07004320088216542,3.618095491991614e-05,1.344506229478848,5.407330419624845,nan,nan,nan
513.64,198.65464782714844,-233.72727966308594,-71.41642761230469,198.4657730429733,-233.71566170932053,-71.41233529344031,0.18927601015603918,0.3202010372194796,0.07007062278596782,3.5448982666428145e-05,1.6759379589078949,5.745942252392333,nan,2.368037000841055,nan
513.65,198.66336059570312,-233.72776794433594,-71.41770935058594,198.47612163019608,-233.70852677787084,-71.41343690519273,0.1882734885232793,0.3201342033784223,0.07005853681356397,3.613403023472544e-05,1.471588687252468,6.160642098459884,6.92753385709455,nan,nan
513.66,198.67208862304688,-233.7282257080078,-71.41908264160156,198.46969448575047,-233.7179087881836,-71.41450417285242,0.20270862838740705,0.31891512171643266,0.06961760332493554,3.540293441817053e-05,2.612118637149901,6.762221340001156,nan,0.04890202812307954,0.17498245360428125
513.67,198.68080139160156,-233.7286834716797,-71.42053985595703,198.4781111987017,-233.71825216862007,-71.41593794988519,0.203010600513373,0.31895634031139264,0.06964252608611018,3.610919294236061e-05,2.6006260924585245,6.841610056599788,nan,nan,nan
513.6800000000001,198.68951416015625,-233.72914123535156,-71.42208099365234,198.4865391634935,-233.71858275982078,-71.4172811021008,0.20330609837063035,0.3189976372204942,0.06966750943192103,3.538188188556557e-05,2.6590173182546146,7.069226402897261,nan,0.02102690037716892,nan
513.69,198.69822692871094,-233.72958374023438,-71.42369842529297,198.4949557084123,-233.718908136974,-71.4188799667887,0.20360838648991197,0.31903902465903866,0.06969255479474086,3.6088185206026165e-05,2.645239048384319,7.1619089294136495,nan,nan,nan
513.7,198.7069549560547,-233.73001098632812,-71.42539978027344,198.49247136084554,-233.71567323922397,-71.42203114209691,0.21498867721121384,0.31896770278958697,0.0696821472148549,3.534134245441905e-05,2.396613642849193,7.09096908261807,1.6286378062078746,1.5578371488429197,nan
513.71,198.71566772460938,-233.73043823242188,-71.42717742919922,198.50086536117644,-233.7159778388434,-71.42380775926217,0.2153149158658193,0.31900891974976375,0.06970716496118394,3.604684731886473e-05,2.384622181097481,7.287022261878194,nan,nan,nan
513.72,198.72438049316406,-233.73085021972656,-71.42901611328125,198.50932775777508,-233.71625125350369,-71.42453887146586,0.21559418940994873,0.3190502155694363,0.06973224357695859,3.5323637876530364e-05,2.631513896096863,7.512670469739937,nan,0.8657363110589374,nan
513.73,198.73309326171875,-233.73126220703125,-71.43087768554688,198.51772154382664,-233.71653878186518,-71.42641569913506,0.21592050722235526,0.319091601256854,0.06975738439045404,3.602925493237686e-05,2.610595979466426,7.312651582723061,nan,nan,nan
513.74,198.74180603027344,-233.73165893554688,-71.4327163696289,198.52612737470233,-233.71681391986377,-71.42809085188887,0.21623841558325602,0.3191330663811455,0.06978258638412337,3.530750893310689e-05,2.658242220896808,7.683243458646621,nan,0.028679911549407577,nan
513.75,198.7505340576172,-233.7320556640625,-71.43453979492188,198.5169880927775,-233.7075523874478,-71.43006899948254,0.23487042442508438,0.31906189610543517,0.06977206766045287,3.599122766060523e-05,2.559826008978229,8.114195474584388,3.4324677044714536,nan,nan
513.76,198.75924682617188,-233.73243713378906,-71.43632507324219,198.52531320862457,-233.70781191147717,-71.43265744925137,0.23525473525185106,0.3191031909082226,0.06979724144516039,3.527170921766097e-05,2.380084587757073,7.999299505482494,nan,0.393797251674587,nan
513.77,198.76795959472656,-233.73281860351562,-71.43807983398438,198.53368202249226,-233.70804924045643,-71.43447048227729,0.2356109709205059,0.31914457495995685,0.06982247760706133,3.5976754195935084e-05,2.3547603186911856,8.068300627224689,nan,nan,nan
513.78,198.77667236328125,-233.73318481445312,-71.43980407714844,198.54208810660032,-233.7082664150468,-71.43559102337305,0.23594162399549734,0.3191860389277637,0.06984777522710431,3.525851239125656e-05,2.490376671620582,7.94104755386276,nan,0.30360967771786607,nan
513.79,198.78538513183594,-233.73355102539062,-71.44149780273438,198.55045650896304,-233.70848858435863,-71.43733325454963,0.23629838606520864,0.3192275921669963,0.06987313549264462,3.5963746481397625e-05,2.4631973366844853,7.969296049493917,nan,nan,nan
513.8,198.79409790039062,-233.73390197753906,-71.44315338134766,198.58274912090977,-233.71698803790864,-71.4396050661371,0.212054187609449,0.31915656220839406,0.06986250185269266,3.522554427205222e-05,2.188757563877582,7.256758585061735,8.058479452731717,0.1256124234902359,nan
513.8100000000001,198.80282592773438,-233.7342529296875,-71.44477081298828,198.5911650630586,-233.7172050404778,-71.44129018107698,0.21237482656920528,0.31919794473089974,0.06988783324502038,3.593011534740097e-05,2.162649799059233,7.7356715073763045,nan,nan,nan
513.82,198.81153869628906,-233.73458862304688,-71.44636535644531,198.5995233644535,-233.71743472206134,-71.44402040025399,0.21272107575863042,0.3192394076064772,0.06991322636738412,3.5215013549913376e-05,1.9758396860310388,6.871269221213973,nan,0.808291935308831,nan
513.83,198.82025146484375,-233.73492431640625,-71.44792175292969,198.6079391571059,-233.71763802962514,-71.44565380379473,0.2130269356699471,0.31928095919671134,0.0699386823144836,3.5919821299318044e-05,1.9568343345479966,7.294699876147433,nan,nan,nan
513.84,198.82896423339844,-233.73524475097656,-71.44945526123047,198.6162852789036,-233.71785848061072,-71.44859403245606,0.21339016330949226,0.3193225916649941,0.06996420030016985,3.520573469944047e-05,1.8290507655943427,6.647504665692972,nan,1.2473549273660292,nan
513.85,198.83767700195312,-233.73556518554688,-71.4509506225586,198.64137739436578,-233.72269413389367,-71.45020891261434,0.19672252042724586,0.31925170946992254,0.06995345007373038,3.588880268051882e-05,1.6781664750908887,6.6733572510638375,4.496478211920652,nan,nan
513.86,198.8463897705078,-233.7358856201172,-71.45242309570312,198.64977461844535,-233.7228993611592,-71.4528440527634,0.19704400053570859,0.31929317131034435,0.06997893855885175,3.5176505911542134e-05,1.6615802923960568,6.491233785237573,nan,0.8108078242213982,nan
513.87,198.8551025390625,-233.73619079589844,-71.453857421875,198.65822616277993,-233.7230795403828,-71.45438419285914,0.19731317758077885,0.319334721347465,0.07000449004688342,3.588096427405226e-05,1.6583583925641197,6.688306586510384,nan,nan,nan
513.88,198.8638153076172,-233.73648071289062,-71.45526885986328,198.66677287720128,-233.72322045710933,-71.45395287409379,0.1974924950121843,0.3193763526397361,0.07003010383828893,3.516953167880825e-05,1.6943454100891364,6.259346606504461,nan,2.640492087882917,nan
513.89,198.87252807617188,-233.73678588867188,-71.45664978027344,198.67522435594805,-233.72338803653463,-71.45541797699394,0.19776192200566262,0.31941807220137014,0.07005578090317717,3.5874277441334456e-05,1.681023185797582,6.80716155825159,nan,nan,nan
513.9,198.88124084472656,-233.73707580566406,-71.4580078125,198.69149647491125,-233.72766147993337,-71.45763933680863,0.1899781334256914,0.31934732887223244,0.07004491052591161,3.514251338759033e-05,1.6508017165749238,6.253046722852971,0.9730894122909871,0.32820901251521134,nan
513.91,198.8899688720703,-233.7373504638672,-71.45933532714844,198.6999596353976,-233.72782461442225,-71.45906020576578,0.1902480683748811,0.319388877443365,0.07007055739902544,3.584668694407145e-05,1.6437398261175504,6.289407658348586,nan,nan,nan
513.92,198.898681640625,-233.73764038085938,-71.46063232421875,198.70842604541332,-233.72798089949003,-71.46038458459128,0.1905008096166491,0.31943050760892516,0.0700962668341503,3.513761449733259e-05,1.6369558931362989,6.840367638722215,nan,0.00351490027737357,nan
513.9300000000001,198.9073944091797,-233.73789978027344,-71.46190643310547,198.71688916105057,-233.7281327515114,-71.4617538835798,0.19075551810349153,0.31947222558140126,0.07012203972090848,3.584210763872184e-05,1.6304540408158263,6.168599975087833,nan,nan,nan
513.94,198.91610717773438,-233.73817443847656,-71.4631576538086,198.72535763350828,-233.72827724137906,-71.46297924135494,0.19100621708167753,0.31951402562643755,0.07014787547580363,3.5133688115338626e-05,1.624515497462393,6.469657588771785,nan,0.009955976882275518,nan
513.95,198.92481994628906,-233.73843383789062,-71.4643783569336,198.75594182420616,-233.73704206162552,-71.4642840628521,0.16888388333643115,0.3194434262503436,0.07013688305215164,3.581653230787124e-05,1.5400751445623857,6.044062586582763,5.216909949042297,nan,nan
513.96,198.93353271484375,-233.7386932373047,-71.46558380126953,198.76438132367372,-233.73721279137138,-71.46706931653303,0.16916439226538466,0.3194850553316842,0.07016268795402819,3.510955175303233e-05,1.5966195187567465,5.787235217884541,nan,1.5579094589815823,nan
513.97,198.94224548339844,-233.7389373779297,-71.46675872802734,198.7728852585433,-233.73735569555149,-71.46835600640075,0.1693751421558856,0.31952677179180466,0.07018855648467813,3.581384064843748e-05,1.59936375080173,5.866576275226464,nan,nan,nan
513.98,198.95095825195312,-233.73919677734375,-71.46791076660156,198.78137811489194,-233.73749737497872,-71.46988151296796,0.1696001022857314,0.3195685706107076,0.07021448813492101,3.510739350796382e-05,1.6323644934321833,6.289999729901227,nan,0.048018988768460606,nan
513.99,198.9596710205078,-233.7394256591797,-71.46903991699219,198.7898817568536,-233.7376299507165,-71.47112587117306,0.16981157153142687,0.3196104569255186,0.07024048368696324,3.581203266054285e-05,1.637841384096545,5.771338266725882,nan,nan,nan
514.0,198.9683837890625,-233.7396697998047,-71.47014617919922,198.8010868964575,-233.74822822667926,-71.4721276646505,0.16752738053957902,0.3195399945109772,0.07022936583780957,3.508494154512949e-05,1.992578621508074,6.260860700287757,10.245573134207092,0.048590970154201066,nan
514.01,198.97711181640625,-233.73989868164062,-71.47123718261719,198.80956975911303,-233.7483831287992,-71.47332731343803,0.16776976918527,0.3195817095270239,0.07025532981965214,3.578906528442558e-05,1.997633408247307,5.82467628688978,nan,nan,nan
514.02,198.98582458496094,-233.74012756347656,-71.47229766845703,198.81810185536978,-233.74851558202653,-71.4732469820622,0.1679350293209418,0.31962350715490334,0.0702813571664379,3.508435806415982e-05,1.895649974521377,6.131596921419618,nan,1.1139347637154609,nan
514.03,198.99453735351562,-233.7403564453125,-71.47334289550781,198.82658460114877,-233.74866125458243,-71.47439281757755,0.16816122983900197,0.3196653918991005,0.07030744859217479,3.578885266018784e-05,1.8949848653336145,5.94807320444452,nan,nan,nan
514.04,199.0032501220703,-233.74057006835938,-71.47435760498047,198.8350184714264,-233.74882039069846,-71.4768132407804,0.16845173268404773,0.3197073596923174,0.0703336036864586,3.5084511452422465e-05,2.030736668246226,6.3258115752966315,nan,1.1776336704231385,nan
514.05,199.011962890625,-233.74078369140625,-71.4753646850586,198.80959950647312,-233.73197835246089,-71.47801983671643,0.20257226628951525,0.31963703742728744,0.07032235832613128,3.5767400310631145e-05,2.0296217779075483,6.606172123000235,10.58334537711352,nan,nan
514.0600000000001,199.0206756591797,-233.74099731445312,-71.4763412475586,198.81805098723675,-233.7320730264635,-71.47855631524715,0.2028332002433815,0.31967883389273727,0.07034848115623753,3.506422257456808e-05,1.9668916112379813,7.099684849200283,nan,0.22496090421615242,nan
514.07,199.02938842773438,-233.74119567871094,-71.47730255126953,198.82648181123983,-233.73217115902565,-71.4796338981806,0.2031205852473699,0.31972071712453654,0.07037466824138401,3.5768599712703746e-05,1.9738331764745263,6.6701853801551785,nan,nan,nan
514.08,199.03810119628906,-233.74139404296875,-71.4782485961914,198.83494351218226,-233.73225386718602,-71.47981567084813,0.20336922861622117,0.31976268361244264,0.07040091923333848,3.50656957225288e-05,1.8866868751919756,6.466847031044157,nan,0.5414169639175973,nan
514.09,199.04681396484375,-233.74159240722656,-71.47917175292969,198.84337434560152,-233.7323438575368,-71.48084783993119,0.2036566316534405,0.3198047370223399,0.07042723475585665,3.577045951392923e-05,1.8898053106182804,6.718567263253811,nan,nan,nan
514.1,199.0555419921875,-233.74179077148438,-71.4800796508789,198.86458825705574,-233.74314265442396,-71.48310689500333,0.19098251426567908,0.3197345494056167,0.07041585866685969,3.504665551345065e-05,2.2568181890379595,6.675898662051273,3.952666948066431,1.2846768880507353,nan
514.11,199.0642547607422,-233.74197387695312,-71.48096466064453,198.87302780768536,-233.74324993595056,-71.484115338259,0.19125716371261248,0.3197764311749606,0.07044214118292609,3.5750935571328845e-05,2.268117156842603,6.606663566982794,nan,nan,nan
514.12,199.07296752929688,-233.74217224121094,-71.4818344116211,198.88147620730754,-233.7433500164186,-71.48484315378538,0.19151857894489763,0.3198183963790416,0.07046848783809948,3.5049288928603166e-05,2.243047907638625,6.8118272765844035,nan,0.04900667500283462,nan
514.13,199.08168029785156,-233.74234008789062,-71.48268127441406,198.88991597653114,-233.7434495525153,-71.48581563798339,0.1917931439812682,0.31986044819660564,0.07049489919982607,3.575396781248853e-05,2.254996222311149,6.581897140658699,nan,nan,nan
514.14,199.09039306640625,-233.74252319335938,-71.4835205078125,198.8983859489022,-233.74353398124381,-71.48580762945308,0.19202339906835506,0.31990258385111586,0.07052137500177294,3.505246507800911e-05,2.124136008444653,6.351239469386147,nan,0.6545746722217133,nan
514.15,199.09910583496094,-233.74270629882812,-71.48433685302734,198.9036884784178,-233.73041220643717,-71.486708021415,0.1958180542890546,0.31983253257307004,0.07050986594328461,3.5735549624277435e-05,1.672286502220104,6.588328151162401,14.91872801982238,nan,nan
514.16,199.10781860351562,-233.7428741455078,-71.48513793945312,198.91219869718495,-233.73044394101365,-71.48613112057778,0.19601694861755187,0.3198744965085167,0.07053630801336162,3.503499903250428e-05,1.5377850101910395,6.14157065049177,nan,1.5680802395943043,nan
514.17,199.1165313720703,-233.7430419921875,-71.48592376708984,198.92066403358982,-233.73048932853453,-71.48701592793975,0.19627219992535905,0.3199165467738901,0.07056281496478246,3.573960485694527e-05,1.537566199753292,6.17737339113938,nan,nan,nan
514.1800000000001,199.12525939941406,-233.7432098388672,-71.4866943359375,198.9290699449786,-233.7305539701357,-71.48993470999076,0.19662393818921214,0.31995868101590946,0.07058938658185979,3.503912898258231e-05,1.7985812882377292,6.5506630508238946,nan,2.95744113356842,nan
514.19,199.13397216796875,-233.7433624267578,-71.4874496459961,198.93753537418044,-233.73059249129827,-71.49081046247598,0.19688011655035847,0.3200009017760917,0.07061602335822749,3.574413882075443e-05,1.8098362722816372,6.236355770050268,nan,nan,nan
514.2,199.14268493652344,-233.7435302734375,-71.48818969726562,198.95323671349527,-233.73503231435794,-71.49147893298708,0.18966724437466442,0.3199309824686425,0.07060437825137805,3.502255918548893e-05,1.831530091126584,6.444218069604819,0.6320342702093132,0.014496010029845914,nan
514.21,199.15139770507812,-233.74368286132812,-71.4889144897461,198.9617110681368,-233.7350735134792,-71.49232411749594,0.1899125237204988,0.3199730312139476,0.07063098052930246,3.572709915581903e-05,1.842753058001416,6.218479354043129,nan,nan,nan
514.22,199.1601104736328,-233.74383544921875,-71.48963165283203,198.97013145906993,-233.73513257089925,-71.4951719013857,0.1902589299332974,0.32001516405172925,0.07065764769257737,3.502751441116015e-05,2.388304758992698,6.523311943154026,nan,2.865821737547781,nan
514.23,199.1688232421875,-233.7439727783203,-71.49032592773438,198.97860593661392,-233.7351678432693,-71.49601019279986,0.19050580329811775,0.3200573831586624,0.07068438018960815,3.573246470862533e-05,2.411388117700272,6.64888290847121,nan,nan,nan
514.24,199.17755126953125,-233.74412536621094,-71.49100494384766,198.98704647722914,-233.73521326504954,-71.4981588985279,0.19084727010032682,0.32009968673109995,0.07071117787074752,3.503285635102262e-05,2.962790222632952,7.660134957567321,nan,1.2346416977892634,nan
514.25,199.18626403808594,-233.7442626953125,-71.4916763305664,199.00651782986262,-233.74066418180087,-71.49901221796405,0.17993183129748275,0.3200298999297037,0.07069939435305146,3.571620397493404e-05,3.00884803035438,6.913649111542785,1.1155984334012998,nan,nan
514.26,199.19497680664062,-233.74441528320312,-71.4923324584961,199.01504228336339,-233.74068722151083,-71.49848577155777,0.18007830067119143,0.32007203136536555,0.07072615678028242,3.5017389950845554e-05,2.5776901238692584,6.900820018528499,nan,1.266652224370136,nan
514.27,199.2036895751953,-233.7445526123047,-71.49297332763672,199.02353387135324,-233.7407201748314,-71.49927364915969,0.1803065701939698,0.3201142488416446,0.07075298471433888,3.572228215379517e-05,2.6023720879279577,6.737755678908108,nan,nan,nan
514.28,199.21240234375,-233.7446746826172,-71.49360656738281,199.0320143932643,-233.74075456670533,-71.5005217139769,0.18056300629313504,0.32015655086704153,0.070779878045661,3.502339444904773e-05,2.8517673122860265,6.510194632300332,nan,0.1572438507527603,nan
514.29,199.22113037109375,-233.74481201171875,-71.49422454833984,199.04050610004776,-233.74078182487787,-71.50129058171991,0.18080735196499703,0.3201989391482202,0.07080683716401197,3.572869498412249e-05,2.878733462538857,7.021314193867564,nan,nan,nan
514.3,199.22984313964844,-233.74493408203125,-71.49482727050781,199.05833513882712,-233.74958112933896,-71.50339504875846,0.17178473802569916,0.3201292813184955,0.07079491227386317,3.5008546447754255e-05,3.729318406751636,7.4691164657770575,3.2351133945400035,1.0266767707753472,nan
514.3100000000001,199.23855590820312,-233.7450714111328,-71.49542236328125,199.06683153535528,-233.7496247222297,-71.50415625505401,0.17200660957483593,0.32017149717895427,0.07082183534816891,3.571337899800081e-05,3.7629473942631253,7.623673945967543,nan,nan,nan
514.32,199.2472686767578,-233.7451934814453,-71.49600219726562,199.07533298632546,-233.7496638059635,-71.50467291627913,0.17221221447376417,0.3202137976525794,0.07084882402742737,3.501511244776444e-05,3.7691665988694694,7.497060666580639,nan,0.03851024381645324,nan
514.33,199.25599670410156,-233.7453155517578,-71.49657440185547,199.08382945447212,-233.74970246916155,-71.50541025523097,0.1724496424877305,0.32025618418148966,0.07087587866615398,3.572035581432631e-05,3.8029365231392305,7.436996048686622,nan,nan,nan
514.34,199.26470947265625,-233.7454376220703,-71.49713134765625,199.09232729410155,-233.74973817283546,-71.50606723265207,0.17266719509161624,0.32029865567284677,0.07090299920644716,3.5021943085105725e-05,3.892166660685178,7.6468127488777915,nan,0.0034445335544098458,nan
514.35,199.27342224121094,-233.74554443359375,-71.49767303466797,199.08297090990655,-233.74933140764804,-71.5067771398066,0.19070641179172992,0.3202291264811294,0.07089093049079406,3.570556464015768e-05,4.248204838838831,8.099508197354472,9.936359842749551,nan,nan
514.36,199.28213500976562,-233.74566650390625,-71.49821472167969,199.09140315408544,-233.74938000366956,-71.50830562073621,0.19103470128609498,0.32027142539223036,0.07091801420298778,3.500783208482171e-05,4.830571124405745,8.52139018280979,nan,0.47805908349508486,nan
514.37,199.2908477783203,-233.7457733154297,-71.49874114990234,199.09985153720197,-233.74941987767846,-71.5090094354543,0.19130681960073037,0.3203138101744565,0.07094516404545843,3.57130131179642e-05,4.8698360898882145,8.464939744410932,nan,nan,nan
514.38,199.29957580566406,-233.74588012695312,-71.49925231933594,199.10832903628827,-233.74944565099972,-71.50813757444138,0.19148625934174485,0.32035627995715343,0.07097237999103628,3.501509979291311e-05,4.167939225713575,8.037394301058654,nan,1.7301817340064003,nan
514.39,199.30828857421875,-233.74600219726562,-71.499755859375,199.11677778030196,-233.74948134420785,-71.50880659955918,0.1917561069378671,0.32039883584782824,0.07099966234912064,3.572068513552966e-05,4.201300988369139,8.154733685407637,nan,nan,nan
514.4,199.31700134277344,-233.74609375,-71.50025177001953,199.12824598260755,-233.75233473760633,-71.50809661279031,0.18902136777558684,0.3203294323487713,0.0709874469446265,3.500139421712505e-05,3.721474575752041,7.023587631195995,0.40044793507041765,1.4451789890267615,nan
514.41,199.3257293701172,-233.74620056152344,-71.50074005126953,199.13669573367332,-233.75237254396887,-71.50873452569243,0.18930325062131706,0.3203718153823992,0.07101469166161542,3.570650599844275e-05,3.748728577025469,7.327892673731584,nan,nan,nan
514.42,199.33444213867188,-233.74630737304688,-71.50121307373047,199.14516972580714,-233.75239798299856,-71.50788919870756,0.18948802718360175,0.3204142834388646,0.07104200267808393,3.5009021610833684e-05,3.227163013576006,6.940653675785606,nan,1.53435188713604,nan
514.4300000000001,199.34315490722656,-233.74639892578125,-71.50167846679688,199.1536194464722,-233.75243180961107,-71.50849504238631,0.18975392558111226,0.32045683744126247,0.07106938027688581,3.571453791163132e-05,3.2508357029361217,6.6492096747172305,nan,nan,nan
514.44,199.35186767578125,-233.7465057373047,-71.50213623046875,199.16210383378743,-233.7524488754821,-71.50689472433957,0.1899165076647395,0.3204994767969598,0.0710968244698965,3.5016820918807464e-05,2.5915237318029307,6.2071979977234975,nan,3.4072844640293947,nan
514.45,199.360595703125,-233.74659729003906,-71.50257873535156,199.17766664527633,-233.75620045952283,-71.50753014169759,0.18324785808936114,0.32043019802053424,0.07108445986102938,3.5700691811863384e-05,2.6428105377476965,6.2041429051864085,0.6641097511460307,nan,nan
514.46,199.3693084716797,-233.74668884277344,-71.50302124023438,199.18613498986528,-233.75623233812618,-71.50758153938725,0.18347860657832685,0.3204726643272597,0.07111186560179181,3.500357557190809e-05,2.5457584845906798,5.713007713250574,nan,0.18292102021257794,nan
514.47,199.37802124023438,-233.7467803955078,-71.50344848632812,199.19459584978898,-233.75626569691195,-71.50812910556992,0.183730109125475,0.32051521643049874,0.07113933809283289,3.5709013921084825e-05,2.5606396373609477,5.993304197819586,nan,nan,nan
514.48,199.38674926757812,-233.7468719482422,-71.50386810302734,199.20305344923256,-233.75629865491447,-71.50889828917865,0.18400630219927375,0.32055785388891306,0.07116687736873208,3.50116426918272e-05,2.6655293757076635,6.150914001979717,nan,0.037117384609672385,nan
514.49,199.3954620361328,-233.74696350097656,-71.50428009033203,199.21151416802311,-233.75632851487094,-71.50943277766736,0.184258166315961,0.32060057739768727,0.07119448367889677,3.571747655373262e-05,2.681542405820033,6.077813149031784,nan,nan,nan
514.5,199.4041748046875,-233.74705505371094,-71.50468444824219,199.23137106933117,-233.75604523342236,-71.51076620654821,0.17314428107343124,0.3205314207931315,0.07118196708442392,3.4998644675951964e-05,2.77169327583315,6.073037274074093,4.384229183998612,0.465753492207967,nan
514.51,199.4128875732422,-233.74713134765625,-71.50508117675781,199.23986299031102,-233.75606322264233,-71.51129410157534,0.17336633215263567,0.32057397097909734,0.07120953410718185,3.5703995329535534e-05,2.791618483618466,5.833215404121935,nan,nan,nan
514.52,199.42161560058594,-233.74722290039062,-71.5054702758789,199.24835757988902,-233.7560784629212,-71.5116040650571,0.17359258651575557,0.320616606509897,0.07123716810059041,3.500692204897951e-05,2.7805343089966565,6.132138975110935,nan,0.031388332595932246,nan
514.53,199.43032836914062,-233.74729919433594,-71.50585174560547,199.25684974583723,-233.75609317952882,-71.51211593397997,0.17381428875327065,0.320659327958526,0.07126486929485955,3.571266729819531e-05,2.8001009304431883,5.855082589620947,nan,nan,nan
514.54,199.4390411376953,-233.7473602294922,-71.5063247680664,199.26537057592228,-233.75608633714347,-71.51016174423793,0.17393197339030214,0.320702135067968,0.07129263775290759,3.5015303278329895e-05,2.1176059596204238,5.284754918397937,nan,4.446695976484041,nan
514.55,199.44776916503906,-233.74742126464844,-71.50689697265625,199.26660044230326,-233.74598335297566,-71.5109440672095,0.18121962548803755,0.32063309921376054,0.07127996661953945,3.569937932836703e-05,1.9252525333001151,5.437108908248932,5.054983521682809,nan,nan
514.5600000000001,199.45648193359375,-233.7474822998047,-71.50756072998047,199.27510355195912,-233.74594175491862,-71.51091471140198,0.18141593037635745,0.3206757327807458,0.0713076949534251,3.5002563547302026e-05,1.7829137020915642,5.392761497458494,nan,0.40017607032367947,nan
514.57,199.46519470214844,-233.74752807617188,-71.50830841064453,199.2835986902949,-233.74590014831043,-71.51172370217762,0.1816354202420061,0.3207184521424321,0.07133549065263525,3.570820961063395e-05,1.7836614707035268,5.449189609536884,nan,nan,nan
514.58,199.4739227294922,-233.74757385253906,-71.5091552734375,199.29209254671414,-233.74585700224515,-71.51276409920978,0.18187409537227373,0.32076125713889664,0.07136335379612274,3.501109006058765e-05,1.8246611294814397,5.244426470329049,nan,0.01374724612797753,nan
514.59,199.48263549804688,-233.74761962890625,-71.51008605957031,199.30058801128587,-233.7458116906541,-71.5137572769477,0.18209347575834434,0.32080414819682146,0.0713912845903946,3.571712066673674e-05,1.8254050597951192,5.448700410821323,nan,nan,nan
514.6,199.49134826660156,-233.74766540527344,-71.5111083984375,199.32137824817642,-233.76314006219525,-71.51357846905577,0.17069087093090765,0.320735230786961,0.07137845620587442,3.499848470183769e-05,2.0267407901278487,5.153351160283505,11.950292020788792,1.3049984359360778,nan
514.61,199.5000762939453,-233.74771118164062,-71.51221466064453,199.32986837254685,-233.76313722269944,-71.51473919345796,0.17092417182908287,0.32077794802794257,0.07140634601937174,3.5704020816031e-05,2.026736197550962,5.388906021272398,nan,nan,nan
514.62,199.5087890625,-233.7477569580078,-71.51341247558594,199.3383503890459,-233.7631371671896,-71.51693644036212,0.1711674927403351,0.32082075086838946,0.07143430345309311,3.500711507375208e-05,2.1984797456883527,5.337709519623386,nan,0.6350972856797964,nan
514.63,199.5175018310547,-233.747802734375,-71.51469421386719,199.34684037580118,-233.7631322279208,-71.51828149159832,0.1713860969948744,0.32086363965958176,0.07146232870035206,3.571303449387705e-05,2.199568846265809,5.424325404500179,nan,nan,nan
514.64,199.52622985839844,-233.7478485107422,-71.51605987548828,199.36763800158926,-233.77709223854495,-71.5199954295506,0.16131354948597323,0.31781372037622224,0.06751008698711418,3.501396511526673e-05,3.3690658130022286,6.70118841241027,nan,0.0603385292444351,0.04899508833862393
514.65,199.53494262695312,-233.74789428710938,-71.51750183105469,199.3673666020339,-233.76672879631735,-71.52141818625701,0.16867661575601128,0.31775193629690307,0.06750220949705517,3.569815290001762e-05,3.0098694060379936,7.001267411306083,7.450478928352868,nan,nan
514.66,199.5436553955078,-233.7479248046875,-71.51903533935547,199.375836777755,-233.76668691761134,-71.5228266293178,0.16890671752599398,0.3177972475250885,0.06752243937450512,3.500153986453022e-05,2.984004158259788,6.366622623989785,nan,0.026196258952574016,nan
514.67,199.55238342285156,-233.7479705810547,-71.52064514160156,199.38431852677587,-233.76665956465553,-71.52450905982224,0.16914495932477966,0.31784264854012734,0.06754273848807833,3.5707297665629154e-05,2.9841037299756437,6.943212652148009,nan,nan,nan
514.6800000000001,199.56109619140625,-233.74801635742188,-71.5223388671875,199.3926991337951,-233.76649763136825,-71.52456099997424,0.16942273865362414,0.31788812950928474,0.06756308937974266,3.501034830183483e-05,2.6992778417602468,6.502417914623837,nan,2.069996396344545,nan
514.69,199.56980895996094,-233.748046875,-71.52411651611328,199.40118080926004,-233.7664686712851,-71.52638968745322,0.16964664186218156,0.31793370045885333,0.06758350947988989,3.5716481395592146e-05,2.6959400752217557,6.079654161484532,nan,nan,nan
514.7,199.5785369873047,-233.7480926513672,-71.52594757080078,199.41508869137817,-233.7655654167505,-71.52890189560269,0.16440611608591837,0.31787187894987445,0.06757558078727917,3.49979789103082e-05,2.6206420922329725,6.845070249634077,1.9397337892703335,0.2446583164142985,nan
514.71,199.58724975585938,-233.7481231689453,-71.52780151367188,199.4235851716623,-233.76552572925485,-71.53084899092724,0.164615407369273,0.3179172604243704,0.06759599635959429,3.570360830802511e-05,2.6240376420009457,6.133588234875445,nan,nan,nan
514.72,199.59596252441406,-233.74815368652344,-71.5296401977539,199.432066111181,-233.7654651569013,-71.53252907507306,0.1648334519734135,0.31796272199871645,0.0676164646049419,3.500681746045994e-05,2.594930743512392,6.253883795748637,nan,0.051010032159903886,nan
514.73,199.60467529296875,-233.74819946289062,-71.53145599365234,199.44056266545232,-233.76542419667035,-71.53445831944413,0.16504138851902977,0.3180082732766138,0.06763700164955423,3.57128209834956e-05,2.6007575536253515,6.512142243669132,nan,nan,nan
514.74,199.6134033203125,-233.74822998046875,-71.53323364257812,199.44903346958282,-233.76534965327951,-71.53591424825487,0.16528072081413686,0.31805390504614295,0.06765759195899772,3.501567904050556e-05,2.5464822169535473,6.5553938337515465,nan,0.14116283347241151,nan
514.75,199.6221160888672,-233.74826049804688,-71.53498840332031,199.47783331610893,-233.77070844825167,-71.53784968250217,0.14604662235657823,0.31799205543331976,0.06764962553816217,3.569997696592862e-05,2.3673372102281562,5.822341354749364,5.9820310929673175,nan,nan
514.76,199.63082885742188,-233.74830627441406,-71.53670501708984,199.4863184200586,-233.7706003704028,-71.53878134904737,0.1462347577605114,0.3180374976138877,0.06767021110275484,3.500333034935991e-05,2.252757154898732,6.220659569775313,nan,0.5801254101696819,nan
514.77,199.63954162597656,-233.7483367919922,-71.53839111328125,199.49485448081836,-233.77055682426095,-71.5405780431556,0.14639973521263827,0.3180830292129557,0.06769086507817534,3.570919390544065e-05,2.255825970386081,5.803061160033105,nan,nan,nan
514.78,199.6482696533203,-233.7483673095703,-71.5400390625,199.5033624846221,-233.77047730140487,-71.54184320976582,0.14659534176232392,0.31812864145933206,0.06771157317352512,3.5012195066254466e-05,2.2074818252752704,5.973977831192147,nan,0.17583574875260302,nan
514.79,199.656982421875,-233.74839782714844,-71.54166412353516,199.51189825487273,-233.7704324023385,-71.54357052635977,0.14676025480448893,0.3181743433069908,0.06773234967820807,3.571842301596773e-05,2.208567821403488,5.576515726008305,nan,nan,nan
514.8,199.6656951904297,-233.74842834472656,-71.54325103759766,199.53795726293575,-233.775134782955,-71.54531721201958,0.1305162098746298,0.31811246037713425,0.06772433402578065,3.6416025405266105e-05,2.0621419019001666,5.607354136442467,4.277096774047768,nan,nan
514.8100000000001,199.67440795898438,-233.7484588623047,-71.5447998046875,199.54652766601907,-233.77508956083255,-71.54698304626767,0.13064199162891993,0.3181579722816562,0.0677451049123159,3.715014725141679e-05,2.0653484322388405,5.889325530622532,nan,nan,nan
514.82,199.68312072753906,-233.7484893798828,-71.54632568359375,199.554981044408,-233.77489798444188,-71.54646517175141,0.1308327644156078,0.31820356465730715,0.06776593021629225,3.636744779102195e-05,1.929733646112748,5.4138894894048155,nan,3.0275872407854476,nan
514.83,199.6918487548828,-233.74851989746094,-71.54782104492188,199.56355118057067,-233.7748513580766,-71.54804928535864,0.13097200268084427,0.3182492466766212,0.06778682410191895,3.710022347043192e-05,1.923060127664239,5.413370896715441,nan,nan,nan
514.84,199.7005615234375,-233.74855041503906,-71.54928588867188,199.57206017059346,-233.7747284539288,-71.54846117763114,0.13114330921233144,0.3182950095898808,0.06780777300778662,3.6320220495895134e-05,1.9325244945759452,5.481221041027956,nan,0.8555305233771879,nan
514.85,199.7092742919922,-233.7485809326172,-71.55072021484375,199.5792649906052,-233.77349137057925,-71.55001666240521,0.13237614344219686,0.3182330929545138,0.06779970491487564,3.7028054818525714e-05,1.8985934912882323,5.590408134968818,0.13125671955676332,nan,nan
514.86,199.71798706054688,-233.74859619140625,-71.5521240234375,199.58778762267937,-233.773382828164,-71.55062834536311,0.13254624866693196,0.3182786658330359,0.06782064793415025,3.6251691171536246e-05,1.9397256194242931,5.425498359343523,nan,0.5048116358317529,nan
514.87,199.72669982910156,-233.74862670898438,-71.55350494384766,199.59635646916212,-233.7733303174184,-71.55208027457138,0.13267135874977995,0.3183243280109051,0.06784165912576821,3.698106114592014e-05,1.9250251419269915,5.521936612977352,nan,nan,nan
514.88,199.73541259765625,-233.7486572265625,-71.55485534667969,199.60474308663527,-233.77305545793197,-71.55000103337484,0.133016386817876,0.318370071288788,0.0678627261911014,3.620728841180946e-05,2.5130858220814427,6.249477537569528,nan,8.091186919166274,nan
514.89,199.744140625,-233.74868774414062,-71.5561752319336,199.6133119551199,-233.77300158601733,-71.55136479076027,0.13315571378532925,0.3184159040236001,0.06788386142408287,3.693552011687115e-05,2.4811759966990583,6.381738448910693,nan,nan,nan
514.9,199.7528533935547,-233.7487030029297,-71.5574722290039,199.62003522046925,-233.77094933181607,-71.55215965446928,0.13477310450850666,0.3183539493055615,0.06787573188023159,3.614180685007063e-05,2.58419663894313,6.103333114719794,0.7403530293445795,0.12111045141627763,nan
514.91,199.76156616210938,-233.7487335205078,-71.55874633789062,199.62860290686461,-233.7708885107682,-71.5534658501425,0.1348997938826424,0.3183995916200971,0.06789686029859,3.686805286827093e-05,2.551690534404813,6.296943308854464,nan,nan,nan
514.92,199.77027893066406,-233.74874877929688,-71.55998992919922,199.6370984307694,-233.77074092796377,-71.55331822264762,0.13514885061844326,0.3184453152328962,0.06791804539936465,3.6100261402567835e-05,3.0211325859336453,6.694855193356823,nan,1.3538247664233238,nan
514.9300000000001,199.77899169921875,-233.748779296875,-71.56121826171875,199.6456660233774,-233.77067895293598,-71.55456130791548,0.1352761834473477,0.3184911279672368,0.067939298315269,3.682550580036184e-05,2.9836171614245313,6.631681897659706,nan,nan,nan
514.94,199.78770446777344,-233.74879455566406,-71.56240844726562,199.6543120393867,-233.77070962825925,-71.55736108581502,0.13527485433508202,0.31853702241528786,0.0679606084688965,3.6060125709321754e-05,2.479458614303808,6.4302011428755685,nan,1.6592412194104529,nan
514.95,199.7964324951172,-233.7488250732422,-71.56358337402344,199.6897903965424,-233.78579328208124,-71.55855057634368,0.1129801518218435,0.318475037125501,0.06795242577243513,3.676122653098123e-05,2.5690413872723865,5.993570359070614,7.959964489173629,nan,nan
514.96,199.80514526367188,-233.74884033203125,-71.56473541259766,199.69843343019943,-233.78580378214053,-71.56047043182994,0.11301284045621272,0.318520741038275,0.06797372876669636,3.5999155265022795e-05,2.3781406353838217,5.548693336043255,nan,0.3563928961476982,nan
514.97,199.81385803222656,-233.74887084960938,-71.56586456298828,199.70704077397372,-233.78577190738207,-71.56164421774425,0.1130903445895267,0.31856653374453997,0.067995099259898,3.6721671613005e-05,2.3500646402423775,5.857217857984118,nan,nan,nan
514.98,199.82257080078125,-233.74888610839844,-71.56696319580078,199.7157057123961,-233.78580693252258,-71.56399424405019,0.11310220618568217,0.3186124083500034,0.06801652773730965,3.596188917881904e-05,2.1029805942881796,5.6959555622554205,nan,0.9585711153808546,nan
514.99,199.83128356933594,-233.74891662597656,-71.56804656982422,199.72431287414057,-233.78577441953257,-71.56513699565566,0.11317991075381233,0.31865837191530355,0.06803802375536477,3.668358533421681e-05,2.0808639879213695,5.685305006440052,nan,nan,nan
515.0,199.83999633789062,-233.74893188476562,-71.56910705566406,199.74161224672375,-233.78860808266145,-71.5674484893135,0.10609609284295422,0.3185963482955239,0.06802977438560291,3.5903937749504986e-05,1.8724965371821547,5.277998828602501,1.1391878843691121,0.8140957871123532,nan
515.01,199.84872436523438,-233.7489471435547,-71.57014465332031,199.75023537213153,-233.78857705967002,-71.56856269797768,0.10617492451811306,0.3186421209419394,0.06805126233180352,3.6623969906767895e-05,1.857370372014266,5.3129783783210165,nan,nan,nan
515.02,199.85743713378906,-233.7489776611328,-71.5711669921875,199.75892619684873,-233.7886234433406,-71.57111679366663,0.10618943103539641,0.3186879756630302,0.06807280896677281,3.586951221147001e-05,1.7813533721050554,5.359192697893407,nan,1.431276238095274,nan
515.03,199.86614990234375,-233.74899291992188,-71.5721664428711,199.76754906334364,-233.78859165461074,-71.57220603021402,0.1062552907277711,0.31873391902839737,0.06809442287921214,3.6588842411344216e-05,1.774231717975589,5.180899508169043,nan,nan,nan
515.04,199.87486267089844,-233.74900817871094,-71.5731430053711,199.77620066121744,-233.78859198173595,-71.57390691952413,0.10630923375252209,0.31877994487350153,0.06811609599098159,3.583647643313065e-05,1.783377242992231,5.334199718629712,nan,0.26778045319289134,nan
515.05,199.88357543945312,-233.7490234375,-71.57410430908203,199.77969767970686,-233.79090774865713,-71.5748073982646,0.11200615530143715,0.3187178891215145,0.06810778556559723,3.653231126529719e-05,1.9783437115759281,5.125972658956208,3.786231058307042,nan,nan
515.0600000000001,199.89230346679688,-233.74905395507812,-71.57504272460938,199.7882653584124,-233.7908436127558,-71.57495998124192,0.11211739531180565,0.3187637239117709,0.06812945017494826,3.57829015411955e-05,1.9577097094368674,5.52216662040245,nan,0.5269752921762675,nan
515.07,199.90101623535156,-233.7490692138672,-71.57596588134766,199.7968727971974,-233.79082356513032,-71.57596948422167,0.11220196777665763,0.3188096470398509,0.0681511818317583,3.650008670289765e-05,1.9505765437428904,5.138196835831117,nan,nan,nan
515.08,199.90972900390625,-233.74908447265625,-71.57686614990234,199.8055482517003,-233.79087876671107,-71.5785016266314,0.11226338196345508,0.3188556528078015,0.06817297333493619,3.575263974907757e-05,2.0184406325469144,5.424891263826245,nan,1.6036763496900504,nan
515.09,199.91844177246094,-233.7490997314453,-71.57775115966797,199.81415602647175,-233.79085792894048,-71.57949195342137,0.11234898414075176,0.31890174709115077,0.06819483197043663,3.646927703035374e-05,2.019795471845099,5.31903602935582,nan,nan,nan
515.1,199.92715454101562,-233.74911499023438,-71.57861328125,199.8585134406036,-233.8095275496959,-71.57875188248335,0.09144012913797543,0.31883965263050207,0.06818644934269316,3.570193071751301e-05,2.033421314468042,5.256394438314864,12.783916208146303,2.0056310838571254,nan
515.11,199.9358673095703,-233.74913024902344,-71.5794677734375,199.8671770651657,-233.80954276115247,-71.57969192419093,0.09147716404473576,0.3188855554799026,0.06820829857581114,3.6417176572574515e-05,2.02739687214777,4.827775211141961,nan,nan,nan
515.12,199.94459533691406,-233.7491455078125,-71.5802993774414,199.87586185380005,-233.809580631582,-71.58110972974706,0.09152787857740305,0.3189315411181,0.06823020826405107,3.5674370689789984e-05,2.037862509587079,5.029275960723348,nan,0.16574097561967313,nan
515.13,199.95330810546875,-233.74916076660156,-71.58111572265625,199.8845258016703,-233.8095951469015,-71.5820225124823,0.09156496003302476,0.3189776149797509,0.06825218490254845,3.6389168571004594e-05,2.035189763054551,5.043930912351384,nan,nan,nan
515.14,199.96202087402344,-233.74917602539062,-71.58191680908203,199.89318671045925,-233.80960592291123,-71.58284498490006,0.09160117956817965,0.31902377202313803,0.06827422246583903,3.564812445231591e-05,2.029904167932591,5.001176879164372,nan,0.0038035920946066287,nan
515.15,199.97073364257812,-233.7491912841797,-71.58270263671875,199.90716530940227,-233.81136332385333,-71.58371164863556,0.08892307689787318,0.3189616438566986,0.0682657710396077,3.633994266476258e-05,2.001437804677496,4.945221657863473,0.30943182116088425,nan,nan
515.16,199.97946166992188,-233.74920654296875,-71.58346557617188,199.91582689486611,-233.81136506305594,-71.58426835742728,0.08895903930220612,0.31900760930832867,0.06828779869044461,3.560150202273175e-05,1.9849618811503746,5.190334094536928,nan,0.06536337574216654,nan
515.17,199.98817443847656,-233.7492218017578,-71.58422088623047,199.92450110763932,-233.81138008924384,-71.58511727321918,0.0889873545664706,0.31905366270144814,0.06830989313884175,3.6314644135468026e-05,1.9821385200204331,4.934609591373849,nan,nan,nan
515.1800000000001,199.99688720703125,-233.74923706054688,-71.5849609375,199.93320815946277,-233.81142969460743,-71.58677393394899,0.08902938720862358,0.31909979940862815,0.06833204906888632,3.557783762750715e-05,2.045557587579657,5.018992611550704,nan,0.46130002275084503,nan
515.19,200.00559997558594,-233.74925231933594,-71.58567810058594,199.94188236997246,-233.81144391082563,-71.58760284502264,0.08905858722370351,0.31914602424741095,0.06835427192038021,3.629065927249334e-05,2.048414492797962,5.382853426314346,nan,nan,nan
515.2,200.01431274414062,-233.749267578125,-71.58638763427734,199.940497795771,-233.79787064605927,-71.5882414261295,0.08839876333787264,0.3190838568614359,0.0683457424938818,3.553384546231158e-05,1.677893998712307,5.098164108570446,9.647099728948003,0.012275738742894145,nan
515.21,200.02304077148438,-233.74928283691406,-71.58708190917969,199.94916836797017,-233.79784354844108,-71.5890412427945,0.08842575243213517,0.31912988973528833,0.06836795454166877,3.624550115678866e-05,1.680414526246936,5.061105924464947,nan,nan,nan
515.22,200.03175354003906,-233.74929809570312,-71.5877685546875,199.95777821403794,-233.79775275891046,-71.58824172845043,0.08843317893708322,0.31917600604388463,0.0683902285937381,3.5512662831918755e-05,1.5738742606892657,4.7736853421673455,nan,1.72463656421231,nan
515.23,200.04046630859375,-233.7493133544922,-71.58843231201172,199.96644903913685,-233.79772501123745,-71.5889998261926,0.08844527550424608,0.3192222102174577,0.06841256945672673,3.6224080613823164e-05,1.5695234763958679,5.179923497917958,nan,nan,nan
515.24,200.04917907714844,-233.74932861328125,-71.5890884399414,199.97504859690346,-233.79762299259772,-71.58784114452088,0.08848294141121263,0.319268498205842,0.06843497275726015,3.549268135660484e-05,1.597541978897943,4.968994737143253,nan,2.4885666095825143,nan
515.25,200.0579071044922,-233.74932861328125,-71.58972930908203,199.97218147674954,-233.81019955997593,-71.58858109642826,0.10514501317549738,0.3192062955402934,0.06842636694313137,3.618152066003472e-05,2.3350942069648943,4.922617342231602,32.56230627106479,nan,nan
515.26,200.06661987304688,-233.7493438720703,-71.5903549194336,199.9808779940122,-233.81029857911187,-71.59119781104648,0.10520388109377027,0.319252391384099,0.06844875885709827,3.545238734943114e-05,2.312217276007934,5.300874966849884,nan,2.5188372329396125,nan
515.27,200.07533264160156,-233.74935913085938,-71.59097290039062,199.98950445402622,-233.8103255970752,-71.5919084202973,0.10528182646027004,0.31929857483643037,0.06847121749673472,3.616255019441306e-05,2.309925040558062,5.096348086569621,nan,nan,nan
515.28,200.08404541015625,-233.74937438964844,-71.5915756225586,199.99810610110853,-233.81032705083953,-71.59191015927222,0.10536082602508486,0.31934484220739806,0.06849373905070916,3.5434735047624574e-05,2.2824247223135434,5.211579024001779,nan,0.3350599190873046,nan
515.29,200.0927734375,-233.7493896484375,-71.5921630859375,200.00673281074515,-233.81035359954765,-71.59259131351993,0.1054503492938319,0.31939119738996785,0.06851632748866164,3.6144762780542605e-05,2.278196503510548,5.3022258820464465,nan,nan,nan
515.3,200.1014862060547,-233.7493896484375,-71.59274291992188,200.00256900261311,-233.80614389780396,-71.59129941326445,0.11405148692289055,0.3193289548654489,0.06850763764747532,3.5396787088428773e-05,2.408652654665939,5.054364061840964,2.1899089108572136,2.3720363373337294,nan
515.3100000000001,200.11019897460938,-233.74940490722656,-71.59331512451172,200.01117253797258,-233.80616575033955,-71.59193820541373,0.11414869412340832,0.3193751175367435,0.0685302138121464,3.6105830974286045e-05,2.3959007287862115,5.1204559371238005,nan,nan,nan
515.32,200.11892700195312,-233.74942016601562,-71.5938720703125,200.01977070826956,-233.80618195749835,-71.5924087128996,0.11426291158686484,0.3194213642189932,0.06855285333793402,3.538134829042948e-05,2.397838830460311,5.268846703235752,nan,0.017181984398529995,nan
515.33,200.1276397705078,-233.74942016601562,-71.59441375732422,200.02837426829575,-233.80620323400478,-71.59302507503105,0.11436732565809975,0.31946769847167333,0.06857555969856319,3.6090323805699805e-05,2.3850413536872854,5.264678278362986,nan,nan,nan
515.34,200.1363525390625,-233.7494354248047,-71.5949478149414,200.03704859780433,-233.80629350971225,-71.59574431780699,0.11443228996037988,0.31951411710249616,0.068598329821913,3.53669768801212e-05,2.3431530261233915,5.315736119226491,nan,3.08604846505438,nan
515.35,200.1450653076172,-233.74945068359375,-71.59547424316406,200.0389826644152,-233.7971169605866,-71.59636468855119,0.1163030268052822,0.3194518377326941,0.06858955614849865,3.6053678394378266e-05,2.0782685706453674,5.195776667398788,4.099887262162842,nan,nan
515.36,200.15379333496094,-233.74945068359375,-71.59598541259766,200.04762703968962,-233.7971523015055,-71.59829486598446,0.11641331615404271,0.3194980636514142,0.06861231334971371,3.533228545663948e-05,2.2016231051471014,5.2505285824385375,nan,1.2109547967373362,nan
515.37,200.16250610351562,-233.7494659423828,-71.59648895263672,200.0562282453774,-233.79714563174636,-71.59890660981878,0.11650828714945827,0.31954437690926246,0.06863513735777967,3.6040326476033417e-05,2.20631560076585,5.43259943515929,nan,nan,nan
515.38,200.1712188720703,-233.74948120117188,-71.59698486328125,200.06485979189318,-233.79716754412217,-71.60045417898604,0.11661165204025685,0.3195907746211944,0.06865802553563614,3.531995867743102e-05,2.3783851274054815,5.490624916396284,nan,0.6189569001274092,nan
515.39,200.17994689941406,-233.74948120117188,-71.59746551513672,200.0734613140195,-233.7971604912321,-71.60105711103215,0.11672786367677025,0.319637259888062,0.06868098070831045,3.602801194036821e-05,2.3900805600846096,5.453434490996518,nan,nan,nan
515.4,200.18865966796875,-233.74949645996094,-71.59793853759766,200.10901111483068,-233.79955408116885,-71.60262025179104,0.09418904344864899,0.3195749398982555,0.06867211679254018,3.528730705478539e-05,2.251164710140386,5.707585320235315,14.752250658313685,0.687732014213973,nan
515.41,200.19737243652344,-233.74951171875,-71.59840393066406,200.11767105404252,-233.7995318998328,-71.60321543152685,0.09422037691220832,0.31962123209270943,0.06869505815669034,3.599451991697148e-05,2.266516117182455,5.633288553281487,nan,nan,nan
515.42,200.2061004638672,-233.74951171875,-71.59886169433594,200.12625683775522,-233.79944047899653,-71.60136493742004,0.09420271735147061,0.3196676088062242,0.06871806407182608,3.5276903209587247e-05,1.7951490817174847,4.742432086136253,nan,4.12809032162966,nan
515.4300000000001,200.21481323242188,-233.74952697753906,-71.59930419921875,200.13491694973433,-233.7994178190947,-71.60191958912627,0.09423031530663131,0.31971407285795006,0.06874113698389281,3.59841810934251e-05,1.800944433840649,5.365257732346722,nan,nan,nan
515.44,200.22352600097656,-233.74952697753906,-71.59974670410156,200.14357427802292,-233.79939232968184,-71.60236682330454,0.09426397176130388,0.31976062178357595,0.06876427482164496,3.526742402313734e-05,1.7994330285906477,4.7027015953713125,nan,0.006868060838402782,nan
515.45,200.2322540283203,-233.74954223632812,-71.60017395019531,200.1337147702329,-233.78851459711026,-71.60297277397721,0.10600313063260558,0.31969826339563623,0.06875531976327759,3.59526525084755e-05,1.7372780583205727,5.369620810940084,4.030893246148481,nan,nan
515.46,200.240966796875,-233.74954223632812,-71.60059356689453,200.1423828784376,-233.78850044028428,-71.60471002679324,0.10608240133057707,0.3197446190279649,0.068778443084288,3.523756930679648e-05,1.99423627197263,5.355486198581639,nan,1.0125095739256824,nan
515.47,200.2496795654297,-233.7495574951172,-71.60100555419922,200.15101625294386,-233.78845461735287,-71.60524601125631,0.10613866790640591,0.31979106179099315,0.06880163342148787,3.5944162299851496e-05,2.007050597103958,5.616478592789832,nan,nan,nan
515.48,200.25840759277344,-233.7495574951172,-71.60140991210938,200.15964658979274,-233.78840591701794,-71.60566456132783,0.10621222921068775,0.3198375894775181,0.06882488903180109,3.52298404952047e-05,2.014870280606721,5.2248579706874745,nan,0.008419078453300553,nan
515.49,200.26712036132812,-233.74957275390625,-71.60179901123047,200.1682800644154,-233.78835995810837,-71.6061846707638,0.10626893014025952,0.3198842045225821,0.06884821187124857,3.593655978864796e-05,2.0297484080659656,5.897925711023305,nan,nan,nan
515.5,200.2758331298828,-233.74957275390625,-71.60218811035156,200.20997960102608,-233.7983515851419,-71.60777826914219,0.0821420203970173,0.31982180464129617,0.06883916020623179,3.52017175610497e-05,2.199332128340825,5.443038654734346,11.665797897306698,0.8350543381370412,nan
515.51,200.28456115722656,-233.74948120117188,-71.60266876220703,200.21867437824812,-233.7982635348027,-71.60834626782892,0.08217674725071504,0.3198682260385971,0.06886246763885129,3.5907706420664295e-05,2.204972333383641,5.631254525664929,nan,nan,nan
515.52,200.29327392578125,-233.74929809570312,-71.6032485961914,200.22736128439433,-233.798070106955,-71.60871356655801,0.08217695100976899,0.31991473239884544,0.06888584067006293,3.519561860383286e-05,2.151085908708854,5.566240654278394,nan,0.06103992997615176,nan
515.53,200.30198669433594,-233.74900817871094,-71.60391235351562,200.2360560801615,-233.7977861224058,-71.60946749810401,0.08220093252461665,0.3199613259235579,0.06890928097404005,3.5901774557361724e-05,2.157633807909412,5.74634809785071,nan,nan,nan
515.54,200.3107147216797,-233.7486572265625,-71.60467529296875,200.24472009556365,-233.79739246379518,-71.60913119703238,0.08216002133242857,0.32000800475461055,0.06893278722896708,3.5190301832610975e-05,1.8573669470732772,5.188196716516138,nan,0.9775693592159188,nan
515.55,200.31942749023438,-233.74826049804688,-71.60552215576172,200.23139801933408,-233.7813112689571,-71.61008392721337,0.09414006035436244,0.31994556493745724,0.068923637234943,3.5874568518344654e-05,1.69915989409055,5.4739122805740195,7.5411766261836775,nan,nan
515.5600000000001,200.32815551757812,-233.74786376953125,-71.60646057128906,200.2400481883665,-233.7808218549987,-71.61048420347123,0.09415586266623067,0.3199920498812358,0.06894712732175184,3.5164524488682903e-05,1.5737851587224656,5.416627558043183,nan,0.26717351474074263,nan
515.57,200.3368682861328,-233.74746704101562,-71.60749053955078,200.24871413031565,-233.7803388381094,-71.61158612731478,0.09417262909754598,0.32003862180373144,0.06897068473836546,3.587018446520527e-05,1.5749248496716484,5.403759210713605,nan,nan,nan
515.58,200.3455810546875,-233.7470703125,-71.60860443115234,200.25738018076459,-233.7798565222534,-71.61277665299168,0.09418989938330082,0.32008527992847435,0.06899430898890271,3.65901532038501e-05,1.576999087949114,5.48170453845924,nan,nan,nan
515.59,200.35430908203125,-233.74667358398438,-71.60980224609375,200.26604630392316,-233.77937859017746,-71.61405501675185,0.09422325343415852,0.3201320243999648,0.06901800021786379,3.732457520481739e-05,1.5801498991876426,5.404106178495974,nan,nan,nan
515.6,200.36302185058594,-233.7462921142578,-71.61109161376953,200.26944569133556,-233.7715056204375,-71.61498313563236,0.0969915584797631,0.32006954204610716,0.06900874709683137,3.650547449401711e-05,1.3659961890298287,5.399756394958953,3.5900839582208066,0.044672842127424506,nan
515.61,200.37173461914062,-233.74591064453125,-71.61246490478516,200.27810949106663,-233.77101978945666,-71.61642881811909,0.09701467092494899,0.3201160922808949,0.06903242126015752,3.72374678500193e-05,1.3673539448537486,5.270045705646222,nan,nan,nan
515.62,200.38046264648438,-233.74554443359375,-71.6139144897461,200.2867541079099,-233.7705261793873,-71.61714505042659,0.09703511914233923,0.3201627278022796,0.0690561619106211,3.644584722034894e-05,1.2260052636161647,5.540305717391894,nan,0.4312588079006377,nan
515.63,200.38917541503906,-233.74517822265625,-71.6154556274414,200.29541760007496,-233.77005474775115,-71.61875151134313,0.09705788076366802,0.3202094504289309,0.06907997024046539,3.717643195817006e-05,1.2261288119898657,5.073134371359535,nan,nan,nan
515.64,200.39788818359375,-233.74481201171875,-71.61707305908203,200.29253990517108,-233.7830301109029,-71.62221891807596,0.11218450310383651,0.3197098987699111,0.06837162137192837,3.638625903438192e-05,2.8252758376260334,6.741301867366698,nan,2.114849219923778,0.24551817830182945
515.65,200.4066162109375,-233.7444610595703,-71.61876678466797,200.3137032182078,-233.78272562940288,-71.62400452203669,0.10062025350398192,0.3196465961864626,0.06836329779374384,3.7091953899311646e-05,2.5661916170688985,7.024459881529918,6.17349597514575,nan,nan
515.66,200.4153289794922,-233.74412536621094,-71.62055206298828,200.32237161430837,-233.78238149190778,-71.62766181142077,0.10077277121338116,0.3196919088702085,0.06838398112127028,3.6308405211268306e-05,3.2081167260495977,7.4743307745466225,nan,2.0932295094066555,nan
515.67,200.42404174804688,-233.74378967285156,-71.62239074707031,200.33105214784663,-233.78195460206953,-71.62962167699266,0.10077655439215585,0.31973730626687974,0.06840472874777898,3.703546269005066e-05,3.2173830213345447,7.715468867457717,nan,nan,nan
515.6800000000001,200.43276977539062,-233.7434539794922,-71.6242446899414,200.33973157916333,-233.78154167160554,-71.6317682163877,0.1008135987748605,0.3197827883740391,0.06842553335186405,3.625523293047863e-05,3.357128639712686,7.448707423692223,nan,0.014376267750437629,nan
515.69,200.4414825439453,-233.74313354492188,-71.62608337402344,200.3484120140384,-233.78112815901972,-71.6337696322935,0.10082059712079447,0.31982835548720895,0.06844640234118315,3.6981132419701734e-05,3.383022089444183,7.907445161983424,nan,nan,nan
515.7,200.4501953125,-233.74281311035156,-71.6279067993164,200.35078932274263,-233.78576433121268,-71.63628399973061,0.10861185782354779,0.319765039333358,0.06843802831762484,3.6181787447509553e-05,4.0857087406106976,7.649270735010054,9.953539106331807,0.11634230722729072,nan
515.71,200.4589080810547,-233.7425079345703,-71.62969207763672,200.35944463808696,-233.78539026389637,-71.63824879182815,0.1086512218669348,0.31981041599123705,0.06845889022457967,3.690569777002067e-05,4.119717762821978,8.202354008666486,nan,nan,nan
515.72,200.46763610839844,-233.74220275878906,-71.6314468383789,200.36808482943604,-233.78511374448172,-71.64215977479944,0.10893381863734641,0.31985587728816406,0.06847980974723908,3.6132762136979366e-05,5.30244721057748,9.053163315037196,nan,2.5841160948087567,nan
515.73,200.47634887695312,-233.74191284179688,-71.63317108154297,200.37673918402237,-233.7847519075409,-71.64408236879304,0.10897858812186219,0.31990142353438705,0.06850079349798865,3.685567233173744e-05,5.346195763065408,9.229614185310261,nan,nan,nan
515.74,200.4850616455078,-233.74160766601562,-71.63485717773438,200.38539761413944,-233.78437050655359,-71.645404458515,0.10896249268136855,0.3199470547051795,0.06852183533281195,3.6085741957791665e-05,5.1893888405547965,8.760489947898511,nan,0.21406505209964272,nan
515.75,200.4937744140625,-233.7413330078125,-71.63651275634766,200.41865457792383,-233.7923081303285,-71.64730243525044,0.09142138736558035,0.3198837246686416,0.06851341460479451,3.6784666651316777e-05,5.121046043496243,9.167758269148056,6.819642300663789,nan,nan
515.76,200.50250244140625,-233.7410430908203,-71.63813781738281,200.42735605434538,-233.7919607240927,-71.6488868230351,0.09140637827238896,0.3199291651813328,0.06853444899661447,3.6018592548865924e-05,5.154928594172192,8.488856976975086,nan,0.03728185179971325,nan
515.77,200.51121520996094,-233.7407684326172,-71.63973236083984,200.43605539160444,-233.79162941473749,-71.65067383203143,0.09140871725092277,0.31997469058494826,0.06855554748918152,3.6738809223574624e-05,5.195866944013189,8.73672091447079,nan,nan,nan
515.78,200.51992797851562,-233.74050903320312,-71.64128875732422,200.44476349111014,-233.79125562258068,-71.65129950686354,0.09124215915202062,0.32002030084228245,0.06857670465153501,3.597553867008695e-05,4.712738351747181,8.688206646038012,nan,0.8528987528817885,nan
515.79,200.5286407470703,-233.740234375,-71.64281463623047,200.45346265342928,-233.79093513014342,-71.65301380804259,0.09124875583407045,0.3200659962825598,0.06859792603998568,3.6694961692519074e-05,4.7526664195973005,8.217176732144528,nan,nan,nan
515.8,200.537353515625,-233.73997497558594,-71.6443099975586,200.43573701217053,-233.77947868052843,-71.6539773343902,0.1094527929287808,0.32000265169375214,0.06858944949166422,3.591244118312369e-05,4.564630805428417,8.246493838564446,6.7762602298446835,0.2751727218936376,nan
515.8100000000001,200.54608154296875,-233.73973083496094,-71.64578247070312,200.44439054058404,-233.77915195998818,-71.65562499047098,0.10950780912702941,0.3200481562741011,0.06861066268695139,3.663023785715179e-05,4.597265224726789,8.13805231829804,nan,nan,nan
515.82,200.55479431152344,-233.73947143554688,-71.647216796875,200.45304401811012,-233.7788296416725,-71.65722747447671,0.10955548487031123,0.32009374563752263,0.06863193510330441,3.587320695494197e-05,4.737092820201378,8.225181883213502,nan,0.00019006896039025617,nan
515.83,200.56350708007812,-233.73922729492188,-71.64862823486328,200.46169714046664,-233.77851288630248,-71.6588189078663,0.10960142020098361,0.320139420123324,0.06865327166064018,3.659034088563574e-05,4.772264789106329,8.248971049481549,nan,nan,nan
515.84,200.5722198486328,-233.73899841308594,-71.65000915527344,200.4703523486974,-233.77819114163967,-71.66013020802525,0.10961520525631807,0.3201851796789013,0.0686746678712917,3.583581207100215e-05,4.782684142952442,8.558793331617242,nan,0.043064055446506766,nan
515.85,200.5809326171875,-233.73875427246094,-71.65135955810547,200.48539358445532,-233.78625282630472,-71.66170582583585,0.10719545068984605,0.3201218202090015,0.06866613741862566,3.65296305246367e-05,5.098455433716532,8.206739025826607,4.375528492087943,nan,nan
515.86,200.58966064453125,-233.738525390625,-71.6526870727539,200.49405744236935,-233.7859318674684,-71.66203058605846,0.10711978132532445,0.3201673886931369,0.06868752499809828,3.577843006275826e-05,4.599222401805583,7.655954611771716,nan,0.9479927059144135,nan
515.87,200.59837341308594,-233.73831176757812,-71.65399169921875,200.50271123748362,-233.78566009696064,-71.6635029339447,0.10716146565951408,0.3202130422373404,0.06870897665865745,3.649351672639507e-05,4.628353159444059,7.845426396987991,nan,nan,nan
515.88,200.60708618164062,-233.7380828857422,-71.65526580810547,200.51135445522422,-233.7854384544618,-71.6661956708446,0.10736188909906082,0.32025878078138015,0.06873048847810004,3.574462845257241e-05,5.482810373884787,8.422837342015658,nan,1.0494471208393943,nan
515.89,200.6157989501953,-233.7378692626953,-71.6565170288086,200.52000794706802,-233.78517592616734,-71.66763055890155,0.10741204420415354,0.3203046046763085,0.06875206453790918,3.645922057648837e-05,5.51916780155668,8.564986760967225,nan,nan,nan
515.9,200.62451171875,-233.73765563964844,-71.6577377319336,200.5247878765346,-233.78974930827505,-71.66784653261855,0.11296363515960196,0.32024122958408574,0.06874347260299717,3.569087541007265e-05,5.312669640084474,8.096340336114277,6.231787871139069,0.7987897316550586,nan
515.91,200.6332244873047,-233.73745727539062,-71.658935546875,200.5334232654961,-233.78951766401497,-71.66922074269341,0.11303253156160435,0.3202868621947015,0.06876503928221712,3.640413650718143e-05,5.346166109803201,8.262374655202592,nan,nan,nan
515.92,200.64195251464844,-233.73724365234375,-71.66011047363281,200.54207126974646,-233.78923896952242,-71.66907755473385,0.11296098722635052,0.32033257973541823,0.06878666659593816,3.566049844429162e-05,4.687265931778864,7.125857514199119,nan,1.5177324685963522,nan
515.9300000000001,200.65066528320312,-233.73704528808594,-71.66126251220703,200.5507067259253,-233.78901545860984,-71.67039132855442,0.11303073513541757,0.3203783825624972,0.06880835812583155,3.637337141030575e-05,4.714769267204298,7.380742608813264,nan,nan,nan
515.94,200.6593780517578,-233.73684692382812,-71.66239166259766,200.55933815227667,-233.78881191423648,-71.67216313944782,0.11315398126522583,0.3204242706075742,0.06883011069142517,3.563176491474402e-05,5.094803022204015,7.66094571510393,nan,0.1570695285996851,nan
515.95,200.6680908203125,-233.73666381835938,-71.66349792480469,200.56610265748498,-233.7893687216441,-71.67340492799806,0.11522821225490046,0.32036087953903897,0.06882145773858872,3.6321836992120455e-05,5.194671819746953,7.895798224006998,0.4004102602150915,nan,nan
515.96,200.6768035888672,-233.73648071289062,-71.66458892822266,200.5747474581167,-233.7891052528423,-71.67289280285661,0.11512493371474099,0.32040657607981343,0.06884320041520547,3.558307307087365e-05,4.421557360301973,6.817451682313039,nan,2.1256073304012824,nan
515.97,200.68551635742188,-233.73629760742188,-71.6656494140625,200.5833774519228,-233.78890190401845,-71.67410669547408,0.11520023283763982,0.3204523578407276,0.06886500730468688,3.629442026178375e-05,4.445841493680227,7.025579907666377,nan,nan,nan
515.98,200.69424438476562,-233.73611450195312,-71.66669464111328,200.59200400868224,-233.78871477470236,-71.6757083555763,0.11533052606914959,0.32049822475052575,0.06888687566612732,3.5557514319399134e-05,4.752067452309351,7.013918383595733,nan,0.1138940670160475,nan
515.99,200.7029571533203,-233.73593139648438,-71.66770935058594,200.60063404216004,-233.78851846480467,-71.6768859419111,0.11541069560655923,0.3205441771701315,0.06890880842869448,3.626860722146797e-05,4.780777411598573,7.331169530045715,nan,nan,nan
516.0,200.711669921875,-233.7357635498047,-71.66871643066406,200.62248992352764,-233.79944432925308,-71.6771009759929,0.10990274963239671,0.32048076932771213,0.06890008808730841,3.5511997642236616e-05,4.690047035324053,6.744460091748513,4.862923886930793,0.5526677222827241,nan
516.01,200.7203826904297,-233.735595703125,-71.66969299316406,200.6311334381163,-233.79928434305987,-71.67823009169099,0.10997524242532461,0.3205265300194161,0.0689220102075806,3.622199471599019e-05,4.7142114714052825,7.002922236474017,nan,nan,nan
516.02,200.72909545898438,-233.7354278564453,-71.670654296875,200.63978967121105,-233.79908547670766,-71.67786425502896,0.10990814275503728,0.32057237579098996,0.06894399421031824,3.548943601742718e-05,4.158788925127951,6.241315061010812,nan,1.4955780351669925,nan
516.03,200.73782348632812,-233.73526000976562,-71.67160034179688,200.64843301285336,-233.79893212446933,-71.67894146146976,0.1099940315514268,0.3206183070040789,0.06896604264044676,3.6199263537613265e-05,4.175241290772004,6.019714843498132,nan,nan,nan
516.04,200.7465362548828,-233.735107421875,-71.67252349853516,200.65707730551736,-233.7987785536202,-71.67987988820512,0.11005013906515833,0.3206643235860082,0.06898815332798061,3.546830837692322e-05,4.203732719297167,6.435546136537218,nan,0.01004295096289363,nan
516.05,200.7552490234375,-233.7349395751953,-71.67342376708984,200.66642094284538,-233.8072440103118,-71.68096686482032,0.1147835247871629,0.32060089858215995,0.06897936493057466,3.615572096962893e-05,4.6904127266684155,6.468413527391753,7.929492110752795,nan,nan
516.0600000000001,200.7639617919922,-233.7347869873047,-71.67430877685547,200.6750643750377,-233.80709248702584,-71.6805283359939,0.11475852450682476,0.3206467232078445,0.0690014644036627,3.542717228319228e-05,4.200977990948485,6.063097214572025,nan,1.4747189331449568,nan
516.07,200.77267456054688,-233.73464965820312,-71.67517852783203,200.68369542113484,-233.80698297661797,-71.68152171208739,0.11484612396553562,0.3206926332051924,0.06902362834727263,3.613588540500204e-05,4.214235395433533,6.188365674153792,nan,nan,nan
516.08,200.78138732910156,-233.7344970703125,-71.67603302001953,200.69232890544305,-233.80686963517954,-71.68222651665633,0.11492410700354842,0.3207386285027847,0.06904585492534521,3.540878557102478e-05,4.176818639804068,5.8101502522537,nan,0.05105052073945002,nan
516.09,200.7901153564453,-233.73434448242188,-71.67686462402344,200.70096006085328,-233.806766396156,-71.68318444710701,0.11503712654975812,0.3207847094607088,0.06906814618654261,3.611743292197201e-05,4.192600111359343,5.891210053127009,nan,nan,nan
516.1,200.798828125,-233.7342071533203,-71.67768859863281,200.7397446963136,-233.8185508142369,-71.68352132983763,0.10314419729416492,0.320721266455978,0.06905928429065274,3.537036734168769e-05,3.9436421786933193,5.619899506466863,8.610795460395758,0.2713091810862805,nan
516.11,200.8075408935547,-233.73406982421875,-71.6784896850586,200.74842882106915,-233.81846963018162,-71.68444205807683,0.10321334751210211,0.3207671552237756,0.06908156357597672,3.6078101809711367e-05,3.9561276422253977,5.764835940809499,nan,nan,nan
516.12,200.81625366210938,-233.7339324951172,-71.67927551269531,200.75710560804336,-233.81841142660372,-71.68619864542697,0.10335914053300775,0.32081312922316163,0.06910390585093096,3.5354544751292266e-05,4.322198939708968,6.060927104262661,nan,0.5012018311766429,nan
516.13,200.82498168945312,-233.73379516601562,-71.68004608154297,200.76578957684842,-233.8183359274648,-71.68709752363223,0.10344355647672256,0.32085918881119524,0.06912631287605829,3.606227947850825e-05,4.338304781440589,5.928705452040602,nan,nan,nan
516.14,200.8336944580078,-233.73367309570312,-71.68079376220703,200.7744824550686,-233.81823938752763,-71.68693779328534,0.10341792940738227,0.3209053339206683,0.06914878324394076,3.5339945834418885e-05,4.019625344107712,6.106541734979399,nan,0.7547205684503803,nan
516.15,200.8424072265625,-233.73355102539062,-71.68153381347656,200.8010124517047,-233.82094258333814,-71.68778742489228,0.09690159669355052,0.32084187248698415,0.06913984632009935,3.6025547137578437e-05,3.7586435421174453,5.7978088238317875,5.818393264941973,nan,nan
516.16,200.8511199951172,-233.73341369628906,-71.68225860595703,200.8097425651476,-233.82084798640594,-71.68767897449919,0.09688254328961332,0.3208878251697113,0.06916230408235154,3.530523707044694e-05,3.4980120333573437,5.288325795730627,nan,0.6317443034767353,nan
516.17,200.85983276367188,-233.73329162597656,-71.68297576904297,200.81846477369132,-233.82077660121425,-71.6885017814348,0.09693022387431405,0.3209338633680211,0.06918482667502672,3.601217392078245e-05,3.505897166829717,5.3045815845554465,nan,nan,nan
516.1800000000001,200.86856079101562,-233.73316955566406,-71.68367004394531,200.82718886859234,-233.82070339615325,-71.689104826043,0.09697085155980477,0.3209799870192734,0.06920741293757768,3.5292952620958516e-05,3.4874287500651655,5.366219143905408,nan,0.029620588421258913,nan
516.19,200.8772735595703,-233.73306274414062,-71.6843490600586,200.83591129953086,-233.8206369255552,-71.6898994706643,0.0970096946902444,0.3210261964739846,0.06923006426322205,3.5999967846902556e-05,3.4978898614863927,5.739384829318527,nan,nan,nan
516.2,200.885986328125,-233.73294067382812,-71.68502044677734,200.84182780371597,-233.82461747238057,-71.68964977877242,0.1018628557695507,0.32096271574269875,0.06922104756578006,3.526052121729877e-05,3.5206751442963027,5.151671465602019,3.2142593055858595,0.8477191370548663,nan
516.21,200.8946990966797,-233.7328338623047,-71.68567657470703,200.85053765429166,-233.8245724969259,-71.69040967503891,0.10192454225899938,0.3210087325270169,0.06924368551255819,3.596676214060798e-05,3.5278765316417235,5.39188581505723,nan,nan,nan
516.22,200.90342712402344,-233.7327117919922,-71.68631744384766,200.8592462371115,-233.82453314644698,-71.69133172756399,0.10202085543370858,0.32105483469554064,0.06926638743793698,3.525038251559208e-05,3.6116903422487914,5.1954025064868885,nan,0.021166834397886566,nan
516.23,200.91213989257812,-233.73260498046875,-71.68695068359375,200.86795631450914,-233.82449261064508,-71.69206911432781,0.1020868428524421,0.3211010225929017,0.0692891545254523,3.595675208041117e-05,3.6194108779558674,5.34091153265349,nan,nan,nan
516.24,200.9208526611328,-233.7324981689453,-71.68756103515625,200.87667653951323,-233.824432164505,-71.69157979534839,0.10207614654951766,0.32114729616497734,0.06931198592692511,3.524126569116162e-05,3.3415820755876275,5.334061354565726,nan,1.0278696733600328,nan
516.25,200.9295654296875,-233.73239135742188,-71.68817138671875,200.8691785884762,-233.81329971280792,-71.69237911913173,0.10104670986634677,0.32108379566254897,0.06930288728818707,3.592570022756644e-05,3.1880255335744807,4.936344419953077,4.2998571183237155,nan,nan
516.26,200.93829345703125,-233.7322998046875,-71.68875885009766,200.87786797309883,-233.8132399230565,-71.69307213705542,0.10109968503627943,0.32112987641625684,0.06932570505803762,3.66456449773127e-05,3.1950216215102096,5.36758211871257,nan,nan,nan
516.27,200.94700622558594,-233.73219299316406,-71.68934631347656,200.88655753631866,-233.81318215683487,-71.69375420632686,0.10115689885325721,0.3211760427264739,0.0693485876715631,3.738004387883716e-05,3.199789691470535,4.868755444710185,nan,nan,nan
516.28,200.95571899414062,-233.7321014404297,-71.68991088867188,200.89522960705352,-233.81316201210703,-71.69657975204933,0.10136200456570406,0.32122229463487806,0.06937153485186114,3.6579335862699445e-05,3.8878471561074095,6.080373542222399,nan,2.9946413711014643,nan
516.29,200.96444702148438,-233.73199462890625,-71.69046783447266,200.9039191675484,-233.81310851988513,-71.69726201190434,0.10143591700577674,0.3212686324912681,0.0693945475847366,3.731218324974334e-05,3.902456182140299,5.621174002001304,nan,nan,nan
516.3,200.97315979003906,-233.73190307617188,-71.6910171508789,200.89345717209133,-233.80075741733305,-71.69642400577514,0.10546403028677516,0.32120511132325485,0.06938536273850443,3.6492700054934705e-05,3.2970873494779376,5.354727333813146,4.792098163193819,1.3757719970974893,nan
516.3100000000001,200.98187255859375,-233.7318115234375,-71.6915512084961,200.9021204823244,-233.80068041334027,-71.69707047463429,0.10551672836293821,0.3212512560115333,0.06940836062249747,3.722316782111475e-05,3.3066219013014106,5.453842777015442,nan,nan,nan
516.32,200.99058532714844,-233.73171997070312,-71.69207763671875,200.91078639239666,-233.80060074662686,-71.69740793945687,0.1055501937783809,0.3212974862297606,0.06943142334995843,3.643126452786099e-05,3.260498200949937,5.292875986173015,nan,0.05825395263894015,nan
516.33,200.9993133544922,-233.73162841796875,-71.69258880615234,200.91944997739685,-233.80052728139628,-71.69803202302757,0.1056164806866267,0.32134380231785775,0.06945455174675819,3.716037171342558e-05,3.270720202230356,5.321047273527111,nan,nan,nan
516.34,201.00802612304688,-233.73155212402344,-71.69309997558594,200.92810888665417,-233.80046412591204,-71.69924073188447,0.10570400921847924,0.32139020422731013,0.0694777453109236,3.637218097417382e-05,3.502015795585481,5.585425656818788,nan,0.23045341482379333,nan
516.35,201.01673889160156,-233.73146057128906,-71.69358825683594,200.95359980049122,-233.80876764206394,-71.69990606374,0.1000142125005713,0.32132666188619957,0.06946847169227444,3.7076585390214874e-05,3.5705465130975296,5.684507693714724,2.7701329049742305,nan,nan
516.36,201.0254669189453,-233.73138427734375,-71.69407653808594,200.96229743343997,-233.80870240082126,-71.69958064281185,0.0999938562409059,0.3213728703750528,0.06949164968161949,3.62929722682121e-05,3.3211613112748126,5.262296257649243,nan,0.5657711559744131,nan
516.37,201.0341796875,-233.73129272460938,-71.69454956054688,200.97098790474578,-233.8086511943694,-71.7001661694112,0.10004539242964683,0.321419164654762,0.06951489346533685,3.7018699717960063e-05,3.331484243139129,5.263448544533262,nan,nan,nan
516.38,201.0428924560547,-233.73121643066406,-71.69501495361328,200.9796916746654,-233.80857980032158,-71.69901806292692,0.09997727050265359,0.3214655446870567,0.06953820267243761,3.6238559110036414e-05,2.9137924956377788,5.0098968144571225,nan,1.957558732456082,nan
516.39,201.05162048339844,-233.73114013671875,-71.69547271728516,200.98838233872112,-233.80853197089,-71.69956976975617,0.10002672031796002,0.32151201079675357,0.0695615779333963,3.696317791801263e-05,2.918392637201878,4.844981884565283,nan,nan,nan
516.4,201.06033325195312,-233.73106384277344,-71.69591522216797,201.02625040946245,-233.8264308804479,-71.69996635110701,0.10135543237896816,0.3214484463725995,0.06955221161945697,3.6164138276451116e-05,3.1363743829075803,5.213902089713611,10.026485369260705,0.02220020184286304,nan
516.41,201.0690460205078,-233.73098754882812,-71.69635772705078,201.0349830006587,-233.8264247326646,-71.70050082087783,0.10141849242785142,0.3214947187997053,0.06957557049728816,3.688682013153473e-05,3.1406364411797014,4.945857192928389,nan,nan,nan
516.42,201.07777404785156,-233.7309112548828,-71.69678497314453,201.04371982851669,-233.82641361272175,-71.70046352476966,0.10145896682582235,0.3215410769099505,0.0695989950410355,3.611423074906999e-05,3.043113910040164,4.8887987562887085,nan,0.21065149839488967,nan
516.4300000000001,201.08648681640625,-233.7308349609375,-71.69720458984375,201.05245235795041,-233.82641021756334,-71.70097706781742,0.10152440904303797,0.32158752101770977,0.06962248577534415,3.683596309190268e-05,3.0476503393122383,4.980503173255031,nan,nan,nan
516.44,201.09519958496094,-233.7307586669922,-71.69761657714844,201.0611881138366,-233.82640341266588,-71.70103295276142,0.10156952872469187,0.32163405110012677,0.06964604248738102,3.606648980914946e-05,2.9778746603598387,4.876808734253602,nan,0.13466984687625394,nan
516.45,201.1039276123047,-233.73069763183594,-71.6980209350586,201.08802944930122,-233.83880709912728,-71.70156285043808,0.10932956448032784,0.32157046403230566,0.0696365805773426,3.6764360408890634e-05,3.1993534573403792,5.0829972773527965,4.705880118203075,nan,nan
516.46,201.11264038085938,-233.73062133789062,-71.69841766357422,201.0967853982061,-233.8388363757016,-71.70208792446871,0.10943192266609396,0.32161680017152044,0.06966012013711764,3.59988367044387e-05,3.225665787363914,5.0362008082427305,nan,0.0009211478390168174,nan
516.47,201.12135314941406,-233.73056030273438,-71.69880676269531,201.105541591665,-233.8388665631418,-71.70256924636374,0.10951898321866115,0.32166322222760435,0.06968372602942836,3.671797925419043e-05,3.229671783351905,5.2154325402887975,nan,nan,nan
516.48,201.1300811767578,-233.73049926757812,-71.69918823242188,201.11429849430635,-233.83889682977005,-71.70292062497809,0.10960408436143951,0.3217097301881764,0.06970739812575254,3.5955345940390704e-05,3.224660009376599,5.055349655105577,nan,0.010152715648833327,nan
516.49,201.1387939453125,-233.73033142089844,-71.69966125488281,201.12305446540492,-233.83887967758042,-71.70343852736902,0.10974845349203892,0.32175632435211227,0.06973113682478559,3.6673745765205354e-05,3.2219023296329716,5.195545268999922,nan,nan,nan
516.5,201.1475067138672,-233.73007202148438,-71.70023345947266,201.13006046865075,-233.83232546022433,-71.7036758265502,0.10378818380429067,0.3216927137300178,0.06972157566056951,3.5891999536278363e-05,2.895581010502571,4.930030129776835,3.3840836648256327,0.043024995170498334,nan
516.51,201.15623474121094,-233.72970581054688,-71.70089721679688,201.13882146328962,-233.8320931962625,-71.70437771555234,0.10391589326580564,0.3217391136807317,0.06974529638038497,3.660882512801965e-05,2.8921292935224914,4.675773915609632,nan,nan,nan
516.52,201.16494750976562,-233.72926330566406,-71.70164489746094,201.14758916909247,-233.83175788773192,-71.70423323421177,0.10398630117148515,0.3217855994649784,0.06976908351970305,3.585256871577464e-05,2.7426703932563017,5.1869518940785575,nan,0.5930660476072628,nan
516.53,201.17367553710938,-233.7287139892578,-71.7024917602539,201.1563505507089,-233.83133554501904,-71.7051106626341,0.10410666410133868,0.32183217137125475,0.0697929374113885,3.656878175510146e-05,2.738825296841014,4.610423755802061,nan,nan,nan
516.54,201.18238830566406,-233.7280731201172,-71.70342254638672,201.16512059347207,-233.8308105939102,-71.70483990638728,0.10418815342968127,0.3218788294025483,0.06981685802548082,3.581508404272388e-05,2.602410365935182,4.824972275634995,nan,1.0343663689713374,nan
516.55,201.19110107421875,-233.7273406982422,-71.7044448852539,201.1950978432639,-233.83722348081415,-71.70580177957203,0.10996381782544258,0.32181519461492347,0.06980719449409835,3.6508087029436985e-05,2.482847672691234,4.856870933291111,4.846157312458759,nan,nan
516.5600000000001,201.1998291015625,-233.72654724121094,-71.70555114746094,201.20389424109695,-233.83654645403712,-71.70748041766629,0.11009120884675311,0.321861658164453,0.06983109632120171,3.575776127199539e-05,2.5308894511399123,4.93790392047393,nan,0.20113878276786346,nan
516.57,201.2085418701172,-233.72572326660156,-71.70674896240234,201.21269424536845,-233.83581951309017,-71.70870676141298,0.11019191752607832,0.32190820775403056,0.06985506505321201,3.647202680168241e-05,2.5252816363165715,4.902210802484064,nan,nan,nan
516.58,201.21725463867188,-233.7248992919922,-71.7080307006836,201.2214851819037,-233.83508627609405,-71.71138770589734,0.11031925691149538,0.32195484339680264,0.06987910071041878,3.572405316028579e-05,2.728392950485492,5.231435774036313,nan,1.2667901712025194,nan
516.59,201.22598266601562,-233.7240753173828,-71.70938873291016,201.23028497705684,-233.83434562792834,-71.71280050846698,0.11040693583535982,0.3220015653661964,0.06990320355049771,3.643787227684785e-05,2.725517856014073,5.2491203857962825,nan,nan,nan
516.6,201.2346954345703,-233.7232666015625,-71.7108383178711,201.22820862255568,-233.83199162556534,-71.71351969041363,0.10895136223674513,0.3219379055048681,0.06989343416493007,3.567051954735713e-05,2.7538188820132987,5.081215118976171,2.112696959994372,0.4932893691815122,nan
516.61,201.243408203125,-233.72247314453125,-71.71237182617188,201.2369859375612,-233.8312753200366,-71.71509458060754,0.10902555792743336,0.321984432714917,0.06991751737043742,3.6383055774761356e-05,2.7485538217817966,5.076119570510997,nan,nan,nan
516.62,201.25213623046875,-233.7216796875,-71.71398162841797,201.24575640023207,-233.83057844176437,-71.7178268033503,0.10915322388478306,0.32203104590547377,0.06994166769527671,3.564038650530748e-05,2.9531416053910227,5.121587468529743,nan,0.7853593659794785,nan
516.63,201.26084899902344,-233.72091674804688,-71.7156753540039,201.25453361431084,-233.82989066469202,-71.71957739062273,0.109226482516031,0.32207774534012057,0.06996588536004851,3.635258078348275e-05,2.949624852289743,5.387909043391897,nan,nan,nan
516.64,201.26956176757812,-233.7201690673828,-71.71745300292969,201.24209182985638,-233.82920854555803,-71.72196503784484,0.11253694388171558,0.3153083071715463,0.0699901683659562,3.561055892434646e-05,4.7235561554364445,7.047102384471248,nan,0.21801998904433745,0.06603232658379891
516.65,201.27828979492188,-233.71942138671875,-71.71928405761719,201.2531940456775,-233.82403285092428,-71.72382999829118,0.10767553412903666,0.31524037080975503,0.06998028721117841,3.630000575529706e-05,4.344907615529811,6.9339884608373215,5.220490220236061,nan,nan
516.66,201.28700256347656,-233.7187042236328,-71.72113800048828,201.26198739065433,-233.8233858023742,-71.72572978182542,0.10772685948713871,0.3152817107482688,0.07000455640409677,3.556232067824789e-05,4.356318620360762,7.036329656572585,nan,0.0016146972644054782,nan
516.67,201.29571533203125,-233.71800231933594,-71.72297668457031,201.27077598487796,-233.82275348342122,-71.72767929670695,0.10778168663814203,0.31532314705422937,0.07002888681391752,3.627304807175523e-05,4.360866286856303,7.155940175795285,nan,nan,nan
516.6800000000001,201.30442810058594,-233.71730041503906,-71.72478485107422,201.2795341046871,-233.8221366318459,-71.72994773287188,0.10787492171323886,0.31536465573727074,0.07005327854252864,3.553722675632208e-05,4.48994635108894,7.280878732580495,nan,0.07727669992346964,nan
516.69,201.3131561279297,-233.7166290283203,-71.72657012939453,201.28832241598903,-233.8215325773551,-71.73185741477886,0.10793249388196777,0.3154062606575811,0.0700777317727826,3.6247744236008745e-05,4.499225048134453,7.119432933969669,nan,nan,nan
516.7,201.32186889648438,-233.71595764160156,-71.72832489013672,201.28724014379787,-233.81102826563566,-71.7340466656442,0.10134255168394389,0.315338418685748,0.07006774779026008,3.549225216092099e-05,4.309944214768735,7.058599843801018,4.569144840124449,0.06814559977539722,nan
516.71,201.33058166503906,-233.71530151367188,-71.73004150390625,201.2960273152245,-233.8104252426836,-71.73589741252232,0.10137464465004983,0.31537985354412645,0.07009217622510318,3.620171739365566e-05,4.322855119962332,7.244269479471783,nan,nan,nan
516.72,201.33929443359375,-233.71466064453125,-71.73172760009766,201.3047808673502,-233.80983661835614,-71.7381009743546,0.10144097864169367,0.3154213615518414,0.07011666621779493,3.547023752803635e-05,4.508814511168992,7.365498176285379,nan,0.10196580488129163,nan
516.73,201.34800720214844,-233.7140350341797,-71.7333755493164,201.31356800551993,-233.8092598497946,-71.73989090279808,0.10147055535624723,0.3154629649113772,0.07014121793582109,3.6179574885599425e-05,4.524842687651789,7.582880285096848,nan,nan,nan
516.74,201.3567352294922,-233.7134246826172,-71.73499298095703,201.3221973876802,-233.80870016941066,-71.74349111725735,0.1016980787495059,0.3155046421102732,0.07016583150342239,3.5449690993634076e-05,5.376947218209244,8.204194703175169,nan,2.335030167142361,nan
516.75,201.36544799804688,-233.7128143310547,-71.73657989501953,201.31835576148484,-233.80320963025204,-71.74535869375593,0.10230374464626511,0.3154369164210957,0.07015574203501088,3.6136681097586934e-05,5.5221533537243985,8.156668536881343,2.4227288641371096,nan,nan
516.76,201.37416076660156,-233.71221923828125,-71.7381362915039,201.32703968324645,-233.80266503446563,-71.74801601982166,0.10246193232424775,0.31547842380837154,0.07018033019514773,3.540918972801247e-05,6.1346075818311,8.782350306664402,nan,0.6107904357502986,nan
516.77,201.38287353515625,-233.71165466308594,-71.73966217041016,201.33580250201362,-233.80213029063444,-71.74971128191288,0.10248173487701859,0.31552002568826815,0.07020498030297388,3.611749220657448e-05,6.161447050202202,9.111276493852428,nan,nan,nan
516.78,201.39158630371094,-233.71107482910156,-71.74115753173828,201.344473292479,-233.80160914056182,-71.752492077858,0.10268675335535964,0.3155617021375997,0.07022969249269101,3.539143523747008e-05,6.984565193454939,9.443372257593541,nan,0.8586723494184912,nan
516.79,201.40029907226562,-233.7105255126953,-71.74262237548828,201.35323594186704,-233.80109742552722,-71.75413928786355,0.10271732525530428,0.3156034729820855,0.07025446691731914,3.6099709392699295e-05,7.01677765973802,9.800954623852013,nan,nan,nan
516.8,201.40902709960938,-233.70997619628906,-71.74405670166016,201.33533585740082,-233.78636520608208,-71.75687948622529,0.10691166353303744,0.3155358416346917,0.07024426924385424,3.535368944033552e-05,7.878828713553314,10.281577969112824,9.240463857519154,1.3011120884005758,nan
516.8100000000001,201.41773986816406,-233.70944213867188,-71.7454605102539,201.3440594108686,-233.7858481792651,-71.75847876562021,0.10694001963335852,0.3155774421077942,0.07026901762739382,3.606108688489076e-05,7.916065825833672,10.556803405504915,nan,nan,nan
516.82,201.42645263671875,-233.70892333984375,-71.74684143066406,201.35265989723655,-233.78534362382783,-71.76160135371948,0.10725336140698359,0.3156191178488583,0.07029382831979654,3.533853289289065e-05,9.369404130930434,11.93628178582574,nan,1.6650934614013588,nan
516.83,201.43516540527344,-233.70840454101562,-71.7481918334961,201.36138321938756,-233.78484811869163,-71.76316194768356,0.10729182560097729,0.3156608871698757,0.07031870146853796,3.604596512339509e-05,9.410641488500584,11.836760707187148,nan,nan,nan
516.84,201.44387817382812,-233.70790100097656,-71.74951171875,201.37021118083393,-233.78436217615263,-71.76335036685754,0.10707308414141804,0.3157027324115634,0.07034363721591078,3.5324612193026676e-05,8.603461379797524,11.189303777194656,nan,1.2556400473492928,nan
516.85,201.4525909423828,-233.70741271972656,-71.75080871582031,201.37037838738914,-233.77608658181938,-71.76482143517372,0.10803406794622308,0.31563521322685734,0.0703333286296365,3.600996025427819e-05,8.414818834174994,11.171479188521417,2.3190576130011626,nan,nan
516.86,201.4613037109375,-233.70692443847656,-71.75208282470703,201.37916802219073,-233.775601786984,-71.76536774819733,0.10788576716166946,0.3156768882909663,0.07035823768972285,3.529060452043761e-05,7.951823622852357,10.414721167611813,nan,0.5922904000002049,nan
516.87,201.47003173828125,-233.70645141601562,-71.75332641601562,201.38788705620968,-233.77512697271197,-71.76680387811916,0.10791535046018855,0.31571865615144634,0.07038320942546893,3.599730360856994e-05,7.985715733092846,10.522246195157766,nan,nan,nan
516.88,201.47874450683594,-233.70599365234375,-71.75454711914062,201.39659649070168,-233.77466172405892,-71.76834249462895,0.10795329088423826,0.3157605005812759,0.0704082439811977,3.527901050684225e-05,8.322487823954994,11.047415060663598,nan,0.011140195653058594,nan
516.89,201.48745727539062,-233.70553588867188,-71.75574493408203,201.40531536365285,-233.77420593541842,-71.76973206451376,0.10797457479344011,0.31580243774957445,0.07043334150142243,3.59858181467089e-05,8.353414322477176,10.828633170560186,nan,nan,nan
516.9,201.4961700439453,-233.70509338378906,-71.75691986083984,201.40091970774554,-233.7719580440664,-71.7694243481963,0.11704645037001184,0.31573501245121827,0.07042291927635155,3.5247282685162716e-05,7.592880912300617,9.9066516946228,4.685913347327357,1.8950504064240437,nan
516.91,201.5048828125,-233.70465087890625,-71.75807189941406,201.4096048737292,-233.77152477167482,-71.77075076948964,0.11709294127670103,0.31577677890601047,0.07044798944638257,3.5953344676358004e-05,7.6172241707233885,9.72809115439042,nan,nan,nan
516.92,201.5135955810547,-233.7042236328125,-71.75919342041016,201.41843552919,-233.77110138296587,-71.77001793578894,0.11681283777758884,0.3158186225435649,0.07047312265307842,3.523783494135045e-05,6.4601480095840955,8.857529893897052,nan,2.890254487671082,nan
516.9300000000001,201.52230834960938,-233.7038116455078,-71.76029968261719,201.42712056335978,-233.77068546163267,-71.77128068327525,0.11684778264756246,0.31586055818603576,0.07049831904169485,3.5944052882326786e-05,6.4783763515133845,8.848218885981316,nan,nan,nan
516.94,201.53102111816406,-233.70339965820312,-71.76138305664062,201.43572591575236,-233.77027693958382,-71.77366437420477,0.117066549999017,0.31590257162186414,0.07052357875551958,3.522940631947373e-05,7.3941582429865305,9.613099157132392,nan,0.9086983663510123,nan
516.95,201.5397491455078,-233.70298767089844,-71.76244354248047,201.43914679975177,-233.76516654900885,-71.77491931080924,0.11892304087132068,0.3158352543556636,0.0705130401599754,3.591372246614965e-05,7.319392527193289,9.40618697369689,0.8030087212452509,nan,nan
516.96,201.5484619140625,-233.7025909423828,-71.76348114013672,201.4479113140215,-233.7647644591964,-71.77492930912625,0.11877301854710068,0.3158770972117592,0.07053827184511294,3.5200737998270935e-05,6.697921553467278,9.06112231631683,nan,1.0088604186046946,nan
516.97,201.5571746826172,-233.70220947265625,-71.7645034790039,201.4565936468453,-233.76436903403427,-71.77610954775486,0.11880680392765672,0.3159190313735622,0.07056356692691962,3.590644503235359e-05,6.714913709447135,9.103230049763866,nan,nan,nan
516.98,201.56588745117188,-233.7018280029297,-71.7655029296875,201.46528612046643,-233.76398169614353,-71.77711799986072,0.1188217958749812,0.31596104388852336,0.07058892554583795,3.519420760468607e-05,6.786019706591613,9.057348963278711,nan,0.01618754685311909,nan
516.99,201.57460021972656,-233.7014617919922,-71.7664794921875,201.47396842808283,-233.7636018145789,-71.77825818146098,0.11885654133242089,0.31600314769440213,0.07061434785123168,3.5900123174852335e-05,6.80613501835223,9.283708449666424,nan,nan,nan
517.0,201.58331298828125,-233.7010955810547,-71.7674331665039,201.49516990899235,-233.77535843042563,-71.77708247905679,0.11566020255888743,0.31593592344486376,0.07060369014278485,3.516738700622205e-05,5.934507045691992,7.979671709939864,5.836469506024108,3.4396074299259904,nan
517.01,201.59202575683594,-233.70074462890625,-71.76837921142578,201.50385657242802,-233.77502417813983,-71.7781622002296,0.11570204571846095,0.31597785616329793,0.070629083727486,3.587265163334123e-05,5.94405449521545,7.921639767655231,nan,nan,nan
517.02,201.6007537841797,-233.7003936767578,-71.76929473876953,201.5126037811698,-233.77469901744007,-71.77827474078771,0.11563886509646483,0.3160198677580704,0.07065454105703783,3.5162591883075266e-05,5.559471897179911,7.491922477347483,nan,0.6302257561715406,nan
517.03,201.60946655273438,-233.70004272460938,-71.77020263671875,201.52129055792696,-233.7743794181275,-71.77930938480245,0.11568873291787768,0.3160619699969982,0.0706800622852069,3.586809970493171e-05,5.5683342611457745,7.2873100143721246,nan,nan,nan
517.04,201.61817932128906,-233.69970703125,-71.77108764648438,201.52990276298476,-233.7740644017889,-71.78152489340214,0.11589092036365502,0.31610415167890177,0.07070564754608546,3.5158619702832985e-05,6.344199426581675,8.289795745121678,nan,1.0043525135937312,nan
517.05,201.62689208984375,-233.6993865966797,-71.7719497680664,201.53807055313908,-233.76789429749905,-71.78262456157175,0.1126788430474725,0.31603703135441563,0.07069486798722611,3.584234619280709e-05,6.1132124840640465,8.603556197273322,3.984108906152061,nan,nan
517.0600000000001,201.63560485839844,-233.6990509033203,-71.7728042602539,201.54681734818212,-233.7675779247045,-71.78285108074441,0.11260600886352405,0.3160790420219475,0.0707204238182781,3.5134249682658324e-05,5.797081181161726,7.6809384743061555,nan,0.4165644707368236,nan
517.07,201.64431762695312,-233.69874572753906,-71.77363586425781,201.5555172111029,-233.76726623102644,-71.78382491190712,0.11262499698261814,0.31612114272177194,0.07074604375700311,3.583940445753178e-05,5.809764153026366,8.26161573973144,nan,nan,nan
517.08,201.6530303955078,-233.69842529296875,-71.77445220947266,201.56431423017452,-233.7669647976756,-71.7831401514082,0.11244421742348566,0.316163323333561,0.07077172793201926,3.513179237803727e-05,5.051617449785109,7.047150847194854,nan,1.891055134053225,nan
517.09,201.66175842285156,-233.6981201171875,-71.77525329589844,201.57301406184197,-233.76666545766776,-71.7840662408546,0.11247974622728632,0.3162055940067998,0.07079747650501483,3.583722595431759e-05,5.0603621873583355,7.082297443290447,nan,nan,nan
517.1,201.67047119140625,-233.6978302001953,-71.77603149414062,201.59760442334064,-233.77156804800254,-71.78582120723495,0.10412816415378467,0.31613856542218416,0.07078657233365061,3.510888784720026e-05,5.499982198249065,8.074777388251986,3.2169410037539046,0.5070533350847438,nan
517.11,201.67918395996094,-233.69754028320312,-71.77680206298828,201.60633628078435,-233.77128610497357,-71.78672572750207,0.10413313453169366,0.3161806646031225,0.07081229075614627,3.581373616922918e-05,5.509441223101223,7.814578877260663,nan,nan,nan
517.12,201.68789672851562,-233.69725036621094,-71.77755737304688,201.6151282775277,-233.77101318424968,-71.78654672329132,0.10400485181959537,0.3162228441289233,0.0708380736147211,3.510780199638588e-05,5.051196396567242,7.2366091858621395,nan,0.8020901383319425,nan
517.13,201.6966094970703,-233.6969757080078,-71.7782974243164,201.6238601561063,-233.77074291530164,-71.78741214324708,0.1040055074686588,0.3162651131562802,0.07086392107721941,3.5812953706206776e-05,5.058581651771608,7.438247716702596,nan,nan,nan
517.14,201.70533752441406,-233.6967010498047,-71.77901458740234,201.6326672146434,-233.77048236670367,-71.78688864607335,0.10385883421966884,0.31630746305169244,0.07088983326335907,3.510736631906385e-05,4.494841929861462,6.747766788125421,nan,1.3267751017691627,nan
517.15,201.71405029296875,-233.69642639160156,-71.77972412109375,201.61376462602064,-233.7596783519283,-71.78769848337609,0.11883440551545929,0.3162405343282298,0.0708788017485982,3.579081096085226e-05,4.626116107666471,6.679083150579447,8.21397972230657,nan,nan
517.16,201.72276306152344,-233.6961669921875,-71.7804183959961,201.62250485685095,-233.75941425293047,-71.7873918658503,0.118745748881577,0.3162827127452934,0.07090468304596577,3.508638003860448e-05,4.224969212310686,6.49332794123125,nan,0.8770578198090158,nan
517.17,201.73147583007812,-233.69590759277344,-71.7811050415039,201.63118573522303,-233.759151893917,-71.78817835622648,0.11877700339015863,0.3163249801377835,0.07093062914983185,3.5791285727290356e-05,4.226749790257112,6.296682852576871,nan,nan,nan
517.1800000000001,201.7401885986328,-233.69564819335938,-71.78176879882812,201.63985146809927,-233.75889394589652,-71.78924712135874,0.11884229165396996,0.31636732877892776,0.07095664017341696,3.508712517056363e-05,4.412957364094597,6.523954144810787,nan,0.06109595757096969,nan
517.19,201.7489013671875,-233.69540405273438,-71.78242492675781,201.64853260293583,-233.75864228398845,-71.79001153718049,0.11887186120885226,0.3164097664673163,0.07098271629397454,3.5792356597762744e-05,4.416847874547801,6.6361393166660285,nan,nan,nan
517.2,201.75762939453125,-233.69515991210938,-71.78306579589844,201.6755595136035,-233.76902403292564,-71.78899949007862,0.11057387768401168,0.3163429278180805,0.07097155465543839,3.506727470101645e-05,3.913966048281588,5.830412140068113,3.4037606870403825,2.3336877650256858,nan
517.21,201.76634216308594,-233.69491577148438,-71.78369140625,201.6842661201018,-233.7688035373628,-71.7897228519725,0.11059953488122354,0.316385193579327,0.07099759913850967,3.577196400833376e-05,3.9172064788251566,5.915483046068511,nan,nan,nan
517.22,201.77505493164062,-233.69468688964844,-71.78430938720703,201.69298135523908,-233.7685885347207,-71.79026131683743,0.11060266974196548,0.3164275409356804,0.0710237087338489,3.506907744372498e-05,3.900233827899167,6.0233571774093555,nan,0.02111438510671828,nan
517.23,201.7837677001953,-233.6944580078125,-71.784912109375,201.7016881202415,-233.7683775300989,-71.79095986465734,0.11062426752027488,0.31646997686244854,0.07104988362528163,3.577410933352283e-05,3.9025508516253735,5.982829226678711,nan,nan,nan
517.24,201.79249572753906,-233.69422912597656,-71.7854995727539,201.71050120648914,-233.76817963974375,-71.78941323519453,0.1104857308539707,0.31651249486636174,0.0710761239165162,3.507138208973247e-05,3.3075916264612117,5.2317564718291525,nan,3.5090628757155806,nan
517.25,201.80120849609375,-233.6940155029297,-71.78607940673828,201.76013232246774,-233.77835650147955,-71.79002703335092,0.09389483389417576,0.3164457520660686,0.07106482943830028,3.5754747840508124e-05,2.8742647055825037,5.631782451838831,25.855110773745977,nan,nan
517.26,201.80992126464844,-233.6938018798828,-71.78665161132812,201.76890592677654,-233.7781611750361,-71.79113241677176,0.09390860576608358,0.31648809810091555,0.07109103732602064,3.505299594666238e-05,3.0010326052782057,5.6189639320772375,nan,0.15095086034681598,nan
517.27,201.81863403320312,-233.69358825683594,-71.7872085571289,201.77770122694798,-233.77797190031976,-71.79176885058455,0.09389829706616992,0.31653053226074235,0.07111731070540395,3.575784981223163e-05,2.999912159466578,5.60503126128468,nan,nan,nan
517.28,201.82736206054688,-233.69337463378906,-71.78775024414062,201.7864835048472,-233.77778546554268,-71.79268679999446,0.09391812613721402,0.3165730487955517,0.07114364967373804,3.505619754014583e-05,3.1041067638086677,5.516321482210154,nan,0.059837698820110426,nan
517.29,201.83607482910156,-233.69317626953125,-71.78828430175781,201.79527886918882,-233.77760438570934,-71.79330616861995,0.0939022699052792,0.3166156535669792,0.0711700544241517,3.576140629689454e-05,3.103972963299975,5.869404785980174,nan,nan,nan
517.3,201.84478759765625,-233.69297790527344,-71.78881072998047,201.787016191551,-233.77401945698955,-71.79396712552607,0.09965870199312829,0.31654900150124005,0.07115862433801944,3.645804924888671e-05,3.3384259077352825,5.659980790689525,5.370099723775155,nan,nan
517.3100000000001,201.85350036621094,-233.69277954101562,-71.78932189941406,201.79577287042028,-233.7738475026838,-71.79456812663837,0.0996594254417568,0.3165914338832516,0.07118499590868368,3.7191141142048004e-05,3.3395323189975863,5.6679035107598,nan,nan,nan
517.32,201.8622283935547,-233.6925811767578,-71.78982543945312,201.8046209474389,-233.77368896750392,-71.79299057076922,0.09953446450322813,0.31663394869986483,0.07121143325202207,3.640423994161173e-05,2.8656053150587057,4.913984324379047,nan,3.0663063127527215,nan
517.33,201.87094116210938,-233.69239807128906,-71.79032135009766,201.81337766609386,-233.77352477797228,-71.79355148425488,0.09952654107054919,0.31667655155963387,0.07123793657144364,3.713598478492267e-05,2.8614192316346796,5.261410441710988,nan,nan,nan
517.34,201.87965393066406,-233.6922149658203,-71.79080200195312,201.82219643763716,-233.77337127014712,-71.79259114189352,0.09945305555209853,0.31671923731672535,0.07126450595132859,3.635219825555008e-05,2.658769337499563,5.083692211060749,nan,1.494838285082163,nan
517.35,201.88836669921875,-233.69203186035156,-71.79127502441406,201.8253512263603,-233.77272217635948,-71.79306968596079,0.10239676619453113,0.3166526744517141,0.07125293751015313,3.7059073416428446e-05,2.756161663507624,4.946429010263543,0.9001633988798724,nan,nan
517.36,201.8970947265625,-233.69186401367188,-71.79174041748047,201.83414556188737,-233.77257778273585,-71.79229333243272,0.10236022452473519,0.3166951877411523,0.07127947291817172,3.627931267816966e-05,2.66801321221089,4.900677009990146,nan,1.1007429259051071,nan
517.37,201.9058074951172,-233.69168090820312,-71.79219818115234,201.84288850568416,-233.77243091726194,-71.79279088904583,0.10237047668600475,0.3167377886664254,0.07130607449031491,3.700766811737278e-05,2.65999395256891,4.682950089256853,nan,nan,nan
517.38,201.91452026367188,-233.69151306152344,-71.79264068603516,201.85152906247896,-233.7722750353485,-71.79594742515627,0.10247595994897409,0.31678047274406707,0.07133274230573575,3.6230859057663794e-05,2.9426754061223237,5.30712833664987,nan,4.681120355163179,nan
517.39,201.92324829101562,-233.69134521484375,-71.79308319091797,201.86027191117662,-233.77213496499198,-71.79645526163877,0.10249087280136267,0.3168232445898497,0.07135947657538261,3.6958090681021185e-05,2.9394819060032162,4.93659131866818,nan,nan,nan
517.4,201.9319610595703,-233.69119262695312,-71.79351043701172,201.8719789309695,-233.77982200642373,-71.79504678188222,0.10702982300456826,0.3167567672700256,0.07134776700208453,3.6161737581976034e-05,3.010920328454433,5.253155016086332,5.101203519373662,2.8823889543062418,nan
517.41,201.940673828125,-233.69102478027344,-71.79393005371094,201.88071259898155,-233.77971092552147,-71.79552186181695,0.10706593861913041,0.31679936623279675,0.07137446649744685,3.688700340844188e-05,3.005480828095176,4.923071748197016,nan,nan,nan
517.42,201.9493865966797,-233.6908721923828,-71.79434204101562,201.8894658033701,-233.7796055932663,-71.79544747947382,0.10707632743695451,0.31684204856990256,0.07140123241568337,3.6116816840715853e-05,2.961175348697798,5.087621042094333,nan,0.19470082992819707,nan
517.4300000000001,201.95811462402344,-233.6907196044922,-71.79473876953125,201.89819936145372,-233.77950079372619,-71.7959028173232,0.10711345974182283,0.31688481831617005,0.07142806497238866,3.684110307022353e-05,2.955208771778898,5.044757920412259,nan,nan,nan
517.44,201.96682739257812,-233.69056701660156,-71.79513549804688,201.9069155985286,-233.77939668774235,-71.79684881278556,0.10715908262301814,0.3169276718594559,0.07145496424001531,3.607361387032007e-05,2.9907218467564216,5.009321469678207,nan,0.16447726942241556,nan
517.45,201.9755401611328,-233.6904296875,-71.79552459716797,201.85878921855812,-233.75036190359563,-71.79708296009692,0.13124435840535034,0.3168612826559298,0.07144311086661614,3.6773841617095434e-05,2.865199468978468,5.219793193158093,31.532240439287882,nan,nan
517.46,201.98426818847656,-233.690185546875,-71.79600524902344,201.8674247066758,-233.7501628076679,-71.79785170286314,0.1313509818894696,0.31690396318699043,0.07146997454231446,3.6009922051401296e-05,2.8874859278783123,5.042772882197633,nan,0.05312260067016364,nan
517.47,201.99298095703125,-233.68983459472656,-71.79658508300781,201.8760698268758,-233.74986835534187,-71.79843592696136,0.1314370206265345,0.3169467307973162,0.07149690503702416,3.6731534440567645e-05,2.8798585833636148,4.829129789104122,nan,nan,nan
517.48,202.00169372558594,-233.6894073486328,-71.79724884033203,201.88477686198257,-233.7494878710572,-71.79720312509752,0.131450463139228,0.3169895823818808,0.07152390241918005,3.5970146570780127e-05,2.7795114363669895,5.309711783773859,nan,2.439004372460376,nan
517.49,202.0104217529297,-233.68887329101562,-71.79801177978516,201.8934221384471,-233.74900303921686,-71.79795552485066,0.13154656807546852,0.317032521215128,0.07155096691017343,3.669096895128945e-05,2.7733216767832753,4.817214720518372,nan,nan,nan
517.5,202.01913452148438,-233.68824768066406,-71.79885864257812,201.91236351350224,-233.75862031495808,-71.7985706529101,0.12787665440200163,0.3169662149560996,0.07153896693328428,3.5909991847704816e-05,3.036928040169341,5.110248331243938,3.151375184037717,0.0401735252501749,nan
517.51,202.02784729003906,-233.68753051757812,-71.79979705810547,201.92101465628846,-233.75797456272858,-71.79950366133971,0.12796742246724688,0.3170089803874066,0.07156599500457454,3.6629183369948204e-05,3.030558843628489,5.097306287072179,nan,nan,nan
517.52,202.0365753173828,-233.68673706054688,-71.80082702636719,201.9296707220349,-233.75723814370636,-71.80036469996158,0.1280593962927633,0.31705182994279746,0.07159309013667425,3.587354495645672e-05,3.027363284635149,5.231102249952993,nan,0.017616823828126182,nan
517.53,202.0452880859375,-233.6858367919922,-71.80194091796875,201.93832174943353,-233.75641042952566,-71.80147489391368,0.12815089792196865,0.31709476645673773,0.07162025255433983,3.6592068295087e-05,3.0210003103766354,5.105863179629965,nan,nan,nan
517.54,202.0540008544922,-233.68484497070312,-71.80313873291016,201.94698522919037,-233.75549556562996,-71.80223771119802,0.12823674380761152,0.3171377874844187,0.07164748232115058,3.583870880292645e-05,3.031491288127498,5.154441446441475,nan,0.1273293061497121,nan
517.55,202.06272888183594,-233.68377685546875,-71.80442810058594,201.93313629286183,-233.74108493451502,-71.80357475699057,0.14170103470432477,0.3170715654099773,0.07163533309821787,3.65338209330598e-05,2.8958106689524636,5.269561436158561,5.153304153736626,nan,nan
517.5600000000001,202.07144165039062,-233.6826171875,-71.80580139160156,201.9417491447924,-233.73996370090234,-71.80518418556287,0.1418067330948891,0.31711441286133096,0.0716625256035887,3.5783585452316874e-05,2.8798051250866896,5.272727537575808,nan,0.03961259865627209,nan
517.57,202.0801544189453,-233.68141174316406,-71.8072509765625,201.95036869389543,-233.73877275712675,-71.80663849440818,0.14189783466967257,0.31715734700474346,0.07168978556756866,3.6500035851185626e-05,2.871517252086194,5.666875658036316,nan,nan,nan
517.58,202.08888244628906,-233.68017578125,-71.80879211425781,201.95899769488867,-233.73754844928285,-71.8078233604188,0.14199510613944277,0.31720036577505933,0.07171711305103273,3.5751918609056955e-05,2.8797126645052464,5.083411090712301,nan,0.08433738575620188,nan
517.59,202.09759521484375,-233.678955078125,-71.81040954589844,201.96761713811313,-233.73631706997335,-71.80944083989631,0.1420761659488347,0.3172434714372527,0.07174450828264083,3.6467858133742364e-05,2.8701099268825634,5.509825555032958,nan,nan,nan
517.6,202.10630798339844,-233.677734375,-71.81210327148438,201.99733054894682,-233.74297795455317,-71.81166229085402,0.1270157484585417,0.31717732942730636,0.07173220702026185,3.570002374281399e-05,2.7471443482582996,5.236834786349045,4.668327391846976,0.16957434438421506,nan
517.61,202.11502075195312,-233.67654418945312,-71.81388092041016,202.00598810142614,-233.74178343888588,-71.81344857156503,0.12706087310030553,0.31722026114257723,0.07175956413838926,3.6414609987800546e-05,2.737553418423103,5.350251049369024,nan,nan,nan
517.62,202.12374877929688,-233.67538452148438,-71.81572723388672,202.01464142985597,-233.74060806098754,-71.81545872420915,0.12711646590740144,0.3172632775756229,0.07178698894320806,3.567139949572093e-05,2.725048227197543,5.286737266270038,nan,0.015593437063555789,nan
517.63,202.13246154785156,-233.67422485351562,-71.81758117675781,202.0232979954236,-233.73945514233293,-71.81735772671159,0.12716808439149982,0.31730638066615385,0.0718144816654284,3.638557568617832e-05,2.7157094425307347,5.105312836891285,nan,nan,nan
517.64,202.14117431640625,-233.67311096191406,-71.81941986083984,202.031900098586,-233.73831207429245,-71.82154278885166,0.12726565349280883,0.31734956883735305,0.07184204236296463,3.564424190894159e-05,2.8310293118404943,5.789708378458231,nan,3.5511534306514227,nan
517.65,202.14988708496094,-233.6719970703125,-71.82124328613281,202.02728952477676,-233.73515253955077,-71.82343676739288,0.13792601791488274,0.3172835071257333,0.07182958644591636,3.6335513263614644e-05,3.0347027588857505,5.198231289939265,3.2505220448199164,nan,nan
517.66,202.15859985351562,-233.67091369628906,-71.82302856445312,202.02572367700375,-233.7401470420835,-71.823991010987,0.14983411079469083,0.3160396981281144,0.07140307658402613,3.559495846535769e-05,4.8550366375324465,7.428327099982311,nan,1.1758842210038214,0.08118390576956316
517.67,202.16732788085938,-233.66986083984375,-71.82478332519531,202.03434046552994,-233.73910118845797,-71.82582742161708,0.149936548744996,0.3160807209977094,0.07142818412819572,3.6307512176207055e-05,4.84505555177824,7.472844031208525,nan,nan,nan
517.6800000000001,202.17604064941406,-233.6688232421875,-71.82650756835938,202.0429207862959,-233.73808786841911,-71.82818634697993,0.15007099886807526,0.3161218217957281,0.07145335247622568,3.557072072284207e-05,4.8802258786283215,7.392553093961508,nan,0.20999646061208604,nan
517.69,202.18475341796875,-233.6678009033203,-71.82819366455078,202.05153706305364,-233.73708418600333,-71.82996396182945,0.15016625595871144,0.3161630131146556,0.07147858299352493,3.6282994183422486e-05,4.873765175034599,7.434664564283535,nan,nan,nan
517.7,202.19346618652344,-233.66680908203125,-71.82984924316406,202.05786633592507,-233.7432932142821,-71.83152969682246,0.15569189411450327,0.31609254591489544,0.07146776607329114,3.552630390205015e-05,5.478306039678632,7.814698746703164,10.790802059757626,0.03522230431145912,nan
517.71,202.20217895507812,-233.66583251953125,-71.83147430419922,202.06645336344755,-233.74235637723908,-71.83324176190467,0.15582188847751058,0.31613356825125716,0.07149296756782139,3.623745145826512e-05,5.472121377122232,7.6683842305399725,nan,nan,nan
517.72,202.2108917236328,-233.6648712158203,-71.83306121826172,202.0750251650967,-233.74144407673967,-71.83516435304621,0.1559729076915164,0.31617466908587494,0.07151823014534398,3.550477294176188e-05,5.497932545457898,7.812660050655812,nan,0.040163565602283055,nan
517.73,202.2196044921875,-233.66392517089844,-71.83462524414062,202.08361176906132,-233.74054612340584,-71.83681614895544,0.15610762688069435,0.3162158597602077,0.07154355507378596,3.621572184036799e-05,5.493676256909246,7.479348811986583,nan,nan,nan
517.74,202.2283172607422,-233.6630096435547,-71.83615112304688,202.0920623652951,-233.73971034071454,-71.84068837484092,0.1564256377066901,0.3162571295201506,0.07156894139445552,3.548454249625553e-05,5.928167954863386,8.334978658059322,nan,3.479036352361536,nan
517.75,202.23703002929688,-233.662109375,-71.837646484375,202.10641324447872,-233.7433546882431,-71.84228549202139,0.15389303360498865,0.31618680966143103,0.07155801351929408,3.6172976972543106e-05,6.075103886677601,8.298906350504218,0.6577059774180591,nan,nan
517.76,202.24574279785156,-233.66122436523438,-71.83911895751953,202.11491608240263,-233.74255091348408,-71.84534917025414,0.15417020618811617,0.31622791060195915,0.07158337022623192,3.5444113120198926e-05,6.563004166761817,8.53843264626163,nan,1.5065433193113746,nan
517.77,202.25445556640625,-233.6603546142578,-71.8405532836914,202.1235058006373,-233.7417371545524,-71.84691935575002,0.15430970770886993,0.31626910074601766,0.07160878946430906,3.61538836124881e-05,6.576747006065306,8.771897920994483,nan,nan,nan
517.78,202.26318359375,-233.6595001220703,-71.84196472167969,202.1321036752904,-233.7409380596423,-71.84831919117948,0.1544488976392396,0.31631037047621036,0.07163427036723809,3.542638227887206e-05,6.584240685083124,8.517255630329132,nan,0.013931463014551577,nan
517.79,202.2718963623047,-233.65867614746094,-71.84334564208984,202.14069347195655,-233.74015863731302,-71.84983232966972,0.15458224899372405,0.3163517294234415,0.07165981407100269,3.6136054667610954e-05,6.5959081901589665,8.870849995023782,nan,nan,nan
517.8,202.28060913085938,-233.65785217285156,-71.84469604492188,202.1334310616876,-233.7263957548967,-71.851658103704,0.16250562127877735,0.31628154531130565,0.07164877154610158,3.5388448828939666e-05,6.393355470889787,8.808778898032333,5.78286524749842,0.050660220162160735,nan
517.8100000000001,202.28932189941406,-233.6570587158203,-71.84602355957031,202.14201089481634,-233.72561861330513,-71.8531221815019,0.16263880856685872,0.31632273503031827,0.07167428497670407,3.609717335496399e-05,6.4064130697730075,8.954526747334127,nan,nan,nan
517.82,202.29803466796875,-233.65626525878906,-71.84732818603516,202.15063271148188,-233.72484391180075,-71.85377915094271,0.1627021308197709,0.316364004791822,0.07169986033893716,3.537307062848873e-05,6.1748773390302905,8.315822783660545,nan,0.4219497769499136,nan
517.83,202.30674743652344,-233.65550231933594,-71.84860229492188,202.15921208699115,-233.72409879868317,-71.85518462008515,0.1628357557325969,0.3164053631991194,0.07172549868171475,3.608176184913973e-05,6.186132185534786,8.73415670155907,nan,nan,nan
517.84,202.31546020507812,-233.65475463867188,-71.84984588623047,202.16784280467064,-233.7233522215111,-71.85558804555801,0.1628787821301209,0.31644680218151144,0.07175119926341096,3.5358819819388383e-05,5.90477487469553,8.599326751429512,nan,0.6606389661018098,nan
517.85,202.3241729736328,-233.6540069580078,-71.85107421875,202.19719861081174,-233.7280632024478,-71.85702789188838,0.14711309383671914,0.3163767615099524,0.07174004039163918,3.6045285461308615e-05,5.638843289709948,7.838982520109353,8.01818552564297,nan,nan
517.86,202.3328857421875,-233.65328979492188,-71.8522720336914,202.20581428403918,-233.72736892708167,-71.85855361881214,0.14722204865141003,0.3164180313566888,0.07176571007480953,3.532431513355799e-05,5.759003247304526,8.429792413175445,nan,0.02788945604997071,nan
517.87,202.3415985107422,-233.652587890625,-71.85344696044922,202.21444021945902,-233.72668586960722,-71.85985753419513,0.1473120395183513,0.3164593893185602,0.07179144291699349,3.6032138547271044e-05,5.768997233888321,8.423308908767048,nan,nan,nan
517.88,202.35031127929688,-233.65188598632812,-71.85459899902344,202.2231159101847,-233.72600061787242,-71.86013747192536,0.1473170567674123,0.31650082824933756,0.07181723825808066,3.5312207883167606e-05,5.484659914130558,7.8471257583440694,nan,0.6953380632802817,nan
517.89,202.35902404785156,-233.65121459960938,-71.85572814941406,202.23174212327442,-233.72534595211025,-71.86138671139952,0.14740476610820355,0.3165423553611204,0.07184309702992231,3.602007529495412e-05,5.491314936594338,8.17520549725602,nan,nan,nan
517.9,202.36773681640625,-233.65054321289062,-71.8568344116211,202.25325754153113,-233.73545387267305,-71.86196860591798,0.1426242772872085,0.31647244900125504,0.07183181831073668,3.527982644587811e-05,5.670713066629509,7.809473926903015,4.016020216460747,0.2210021765081947,nan
517.91,202.37644958496094,-233.64988708496094,-71.85792541503906,202.26189152387067,-233.73485207126652,-71.86316753749755,0.14272378255405654,0.3165138066033493,0.07185764549760011,3.598688367405093e-05,5.674885728184999,7.667072956713433,nan,nan,nan
517.92,202.38516235351562,-233.6492462158203,-71.8589859008789,202.2705266504371,-233.7342631616968,-71.86432051975137,0.14282045954620018,0.31655524552872993,0.07188353543741667,3.526971839311377e-05,5.705737981860492,7.969280638305743,nan,0.00043316738809259775,nan
517.9300000000001,202.3938751220703,-233.64862060546875,-71.86002349853516,202.2791606639059,-233.73368758027758,-71.86547774581493,0.14291796922873642,0.3165967721623489,0.07190948898617457,3.597686998700867e-05,5.713191825606609,8.082081121476543,nan,nan,nan
517.94,202.402587890625,-233.6479949951172,-71.86104583740234,202.28780273592926,-233.733121913157,-71.866438580979,0.1430080612999272,0.3166383806030934,0.07193550559296676,3.526056639793178e-05,5.699422524307227,7.696286992698107,nan,0.02170417627418388,nan
517.95,202.4113006591797,-233.64739990234375,-71.86204528808594,202.31394102418875,-233.7305404933646,-71.8675596132531,0.12814704125696416,0.31656861381781864,0.07192410511645614,3.59457018583936e-05,5.023021453482639,7.877980726496894,18.023810143852455,nan,nan
517.96,202.42001342773438,-233.6468048095703,-71.86302947998047,202.32275423901106,-233.72994038370493,-71.86586827483127,0.12798020250809997,0.316610052777258,0.07195008947946822,3.52310696100053e-05,4.392920278947784,6.8744831541477405,nan,5.417141250406,nan
517.97,202.42872619628906,-233.64622497558594,-71.8639907836914,202.33144548305,-233.7293938103067,-71.86691897977049,0.12802018032086807,0.3166515790078925,0.07197613762843469,3.593759084893381e-05,4.389640622882275,7.039205187741712,nan,nan,nan
517.98,202.43743896484375,-233.64566040039062,-71.86492919921875,202.34012805180691,-233.72886169797638,-71.8681537668538,0.12807133774756035,0.3166931873448651,0.07200224908259875,3.522371563391453e-05,4.432902763144191,7.275114247429867,nan,0.02855646898935318,nan
517.99,202.44615173339844,-233.64511108398438,-71.86585235595703,202.34881911290367,-233.72833781072202,-71.86917015244362,0.12810673217816593,0.3167348830651126,0.07202842459669964,3.593038878801194e-05,4.430517684872495,7.258339449272809,nan,nan,nan
518.0,202.45486450195312,-233.64456176757812,-71.86676025390625,202.37863179431946,-233.7392330945809,-71.87075113770877,0.12161419745716641,0.3166652486972321,0.07201689903598715,3.519598707291168e-05,4.66367825717569,7.139038221646311,4.081278673638337,0.2598641663125948,nan
518.01,202.4635772705078,-233.64402770996094,-71.86764526367188,202.38735398001313,-233.73875258167394,-71.87173833570488,0.12165337880037633,0.31670677459144553,0.07204304159383275,3.5901953615677533e-05,4.664815984922245,7.3665142667572505,nan,nan,nan
518.02,202.4722900390625,-233.64349365234375,-71.86851501464844,202.39608624594325,-233.7382792985892,-71.87246309042233,0.12168370524537557,0.31674838285677864,0.07206924769813475,3.5190294824407055e-05,4.6288536292809415,7.085040395700268,nan,0.04216400768692443,nan
518.03,202.4810028076172,-233.6429901123047,-71.86936950683594,202.40480886057077,-233.7378197415444,-71.8734146650185,0.12171499272060032,0.31679007811875076,0.07209551803915883,3.589645155441618e-05,4.628228483317923,7.405873602251592,nan,nan,nan
518.04,202.48971557617188,-233.64248657226562,-71.87020111083984,202.4135167157586,-233.73737558686125,-71.8747322232066,0.1217814534257654,0.3168318561932327,0.07212185222940318,3.5185396168193834e-05,4.743041222791659,7.4979218311432785,nan,0.10200992125058916,nan
518.05,202.49844360351562,-233.64199829101562,-71.87102508544922,202.4297625193601,-233.74117585270847,-71.87557398574275,0.12072270937149539,0.31676235755336174,0.0721101994947135,3.586968331711819e-05,4.777403706670192,7.177069579152303,0.827473793361466,nan,nan
518.0600000000001,202.5071563720703,-233.64151000976562,-71.871826171875,202.4385985808768,-233.74071831044262,-71.87368293925503,0.1206064063043636,0.3168039657727042,0.07213650003759267,3.516004239023064e-05,4.286173609307357,6.843891276150015,nan,5.473946138566383,nan
518.07,202.515869140625,-233.6410369873047,-71.87261199951172,202.44733148885402,-233.74030696281062,-71.87454613258546,0.12064691715073315,0.3168456606327568,0.07216286499276793,3.586574500014123e-05,4.279656927430307,6.92431392601321,nan,nan,nan
518.08,202.5245819091797,-233.64056396484375,-71.87338256835938,202.4560598941473,-233.73990674393966,-71.87551701540451,0.12070132628428315,0.3168874385225055,0.07218929403160614,3.5156619070522445e-05,4.292818826748529,6.7637388097382,nan,0.010513582880533952,nan
518.09,202.53329467773438,-233.64012145996094,-71.87413024902344,202.4647926164679,-233.73951429183396,-71.87635193039834,0.12073277638498615,0.31692930320490714,0.07221578775902271,3.586255304620938e-05,4.287419484227978,7.385917486504754,nan,nan,nan
518.1,202.54200744628906,-233.63966369628906,-71.87487030029297,202.4561935474122,-233.73385109421915,-71.87547048401397,0.12741919553108108,0.31685993467504503,0.07220400467571625,3.5132706822207204e-05,4.343991437478801,6.605149426218711,4.419878904265163,2.1848661851175786,nan
518.11,202.55072021484375,-233.6392364501953,-71.87559509277344,202.46489029688274,-233.7334727072605,-71.87626114566432,0.1274664292639467,0.31690162918116904,0.07223046401816151,3.58380096307905e-05,4.333129011810915,7.021645874551307,nan,nan,nan
518.12,202.55943298339844,-233.63880920410156,-71.87631225585938,202.47353724498782,-233.73312128970397,-71.87855071986289,0.12758470946346204,0.31694340690475575,0.07225698767293459,3.5130634288681824e-05,4.450996870852915,6.799600121705519,nan,1.6031570619282993,nan
518.13,202.56814575195312,-233.6383819580078,-71.87700653076172,202.4822342355249,-233.73276051413765,-71.87932949664066,0.12764598185067536,0.3169852711079408,0.07228357619154398,3.5836196846891415e-05,4.4471459709482595,6.8968849618195875,nan,nan,nan
518.14,202.5768585205078,-233.63796997070312,-71.877685546875,202.4909542998927,-233.7323997520667,-71.8793722892102,0.1276689618801935,0.317027218933855,0.07231022932294269,3.512920656405136e-05,4.365341808441828,6.992543118537092,nan,0.36634470956595516,nan
518.15,202.5855712890625,-233.6375732421875,-71.87835693359375,202.51585545491858,-233.7363428208787,-71.88005333228773,0.12090742315402618,0.31695798228839844,0.07229831365418184,3.581299747266505e-05,4.151758481732496,6.927010609559052,4.324704825329088,nan,nan
518.16,202.59429931640625,-233.63717651367188,-71.87901306152344,202.5246084411758,-233.7360014327163,-71.8801146302117,0.12093136966106671,0.31699975985811163,0.07232493167845293,3.510720650331178e-05,4.094108942735752,6.615210967874433,nan,0.3158559578121019,nan
518.17,202.60301208496094,-233.6367950439453,-71.87965393066406,202.53334089018765,-233.73567554908843,-71.8808278177319,0.12096614273979106,0.31704162362013366,0.07235161474048872,3.5812441199423555e-05,4.08529117547575,6.9801390467889375,nan,nan,nan
518.1800000000001,202.61172485351562,-233.63641357421875,-71.88028717041016,202.5421501941982,-233.73532899615466,-71.87891741451523,0.12094118466059132,0.31708357115248487,0.07237836263736246,3.510696236052179e-05,4.088039145035353,6.70685444820593,nan,4.786627931740033,nan
518.19,202.6204376220703,-233.6360321044922,-71.88089752197266,202.5508829303066,-233.73501841580108,-71.87958119759125,0.12098709717470306,0.31712560506270265,0.07240517585052714,3.581248475937315e-05,4.07119625029301,6.894583362028778,nan,nan,nan
518.2,202.629150390625,-233.6356658935547,-71.88150787353516,202.55564030256568,-233.74166085162994,-71.87943283438148,0.12900763532192258,0.31705649585284357,0.07239312455290765,3.5086112065854795e-05,4.699337081440696,6.8490265325699005,9.197704328187289,0.33527689240450403,nan
518.21,202.6378631591797,-233.63531494140625,-71.88209533691406,202.56434460236386,-233.74138999206502,-71.88006471683448,0.12907756577519977,0.31709835920364854,0.07241990189701848,3.579105612131114e-05,4.6796896185088555,7.305785081498732,nan,nan,nan
518.22,202.64657592773438,-233.6349639892578,-71.88268280029297,202.5730405982441,-233.74112939870042,-71.88099121461744,0.12915649541335245,0.3171403064477867,0.07244674429243787,3.5086940860189626e-05,4.634403704376623,6.806903751643412,nan,0.06565608221720659,nan
518.23,202.65528869628906,-233.63462829589844,-71.88324737548828,202.581744940153,-233.7408728858976,-71.88160427468985,0.12922575885219978,0.3171823398181016,0.07247365217756292,3.579219312740704e-05,4.616131867549699,7.2854327582111775,nan,nan,nan
518.24,202.6640167236328,-233.63427734375,-71.88380432128906,202.5904880675309,-233.74060865329832,-71.88071459293157,0.12931495303999443,0.31722445745697603,0.07250062541226965,3.508828226843839e-05,4.802540639324483,6.8751403585073625,nan,1.5641802420320134,nan
518.25,202.6727294921875,-233.6339569091797,-71.88435363769531,202.6070322324845,-233.74114516874954,-71.88130887092443,0.12575660430683816,0.3171554762745598,0.07248843613342344,3.577182426245036e-05,4.602947232931551,7.284550632184489,1.6373254972354396,nan,nan
518.26,202.6814422607422,-233.63363647460938,-71.8848876953125,202.6158125879632,-233.74088436340503,-71.87962773590635,0.12584526519959247,0.3171974232296925,0.07251537274723126,3.506893629007929e-05,5.12075206094278,7.849012172353076,nan,3.557420198886319,nan
518.27,202.69015502929688,-233.63331604003906,-71.88541412353516,202.6245372147289,-233.7406513846064,-71.88016349394232,0.12591323557588235,0.3172394560803903,0.07254237502265365,3.577394720225662e-05,5.090887813128918,7.642112360414294,nan,nan,nan
518.28,202.69886779785156,-233.6330108642578,-71.88592529296875,202.63320651220192,-233.74044611463833,-71.88302032414036,0.12594513210673214,0.3172815732895072,0.07256944285780707,3.507120495881411e-05,4.548745122420871,7.451722327413968,nan,3.8196481738287003,nan
518.29,202.70758056640625,-233.63270568847656,-71.88643646240234,202.64193113287746,-233.7402256563336,-71.88356043542456,0.12601056757988505,0.31732377660743755,0.0725965766352016,3.577654163816166e-05,4.527661688281238,7.023204630702908,nan,nan,nan
518.3,202.71630859375,-233.6324005126953,-71.88692474365234,202.6495381550041,-233.74550014027574,-71.88400985225118,0.1313709018048906,0.31725491986372717,0.07258424644336642,3.5052755182717964e-05,4.91919838753787,7.359115847726214,3.624481525079545,0.0034658531491646564,nan
518.3100000000001,202.7250213623047,-233.63211059570312,-71.88741302490234,202.65824640281417,-233.74530961427752,-71.88453069092012,0.13145805745693423,0.3172969522072483,0.07261134281437186,3.575754863625584e-05,4.897732154985232,7.2997405763774905,nan,nan,nan
518.32,202.73373413085938,-233.63182067871094,-71.88788604736328,202.66693017660938,-233.74513455212494,-71.88616913106412,0.13155132083372387,0.31733906897893754,0.07263850494992956,3.505585530994521e-05,4.738464614155758,7.2596084824226725,nan,0.8931407016315674,nan
518.33,202.74244689941406,-233.6315460205078,-71.88835144042969,202.67563847830777,-233.74495586083495,-71.88668370745026,0.13163562719504304,0.3173812716576447,0.07266573319884985,3.576098894436309e-05,4.720564911575009,7.35002103075974,nan,nan,nan
518.34,202.75115966796875,-233.6312713623047,-71.88880920410156,202.68432768637362,-233.74479049006294,-71.8881191032414,0.13173299651235174,0.3174235591153594,0.07269302750859372,3.505935379264707e-05,4.6451706377933455,7.158183099451008,nan,0.6074697287322445,nan
518.35,202.7598876953125,-233.63099670410156,-71.88925170898438,202.69323951373255,-233.74597294245507,-71.88850802678478,0.13289871540782577,0.31735482651365554,0.07268055396525824,3.5742811940237284e-05,4.728212267445628,7.158398917589696,0.7874020444987535,nan,nan
518.36,202.7686004638672,-233.6307373046875,-71.88969421386719,202.7019426857508,-233.74581618413973,-71.88915726603884,0.13299133878702385,0.31739694283420333,0.07270781008849958,3.504205812351423e-05,4.709635766293794,7.143416811720841,nan,0.016314880358593395,nan
518.37,202.77731323242188,-233.63047790527344,-71.89012145996094,202.7106491661325,-233.74566357103234,-71.88964790446045,0.13308666193637772,0.31743914487674973,0.07273513249450692,3.5747006178067716e-05,4.696695538167135,7.283403619144169,nan,nan,nan
518.38,202.78602600097656,-233.63021850585938,-71.89054107666016,202.71935135756442,-233.74551797710907,-71.89037132589739,0.1331897329373325,0.3174814317413347,0.07276252116019515,3.504626461025009e-05,4.680601481252785,7.164245930819299,nan,0.04075914355310878,nan
518.39,202.7947540283203,-233.62997436523438,-71.89095306396484,202.7280581519613,-233.7453757194419,-71.89084895922136,0.13328849655550296,0.3175238045634216,0.07278997639117053,3.5751562469091265e-05,4.669267633900145,7.164188683298171,nan,nan,nan
518.4,202.803466796875,-233.62973022460938,-71.891357421875,202.73370269732635,-233.74097500517993,-71.89075929539176,0.13131179895696937,0.31745519312314885,0.07277735665873583,3.50296503900585e-05,4.502179356477937,7.1046713978203915,1.7652034227571738,0.1168281927965028,nan
518.41,202.8121795654297,-233.62948608398438,-71.89175415039062,202.74241138341844,-233.74083151035512,-71.89121560619375,0.13139898486932683,0.3174973945250183,0.07280477289488112,3.5734426692960635e-05,4.489287272767969,7.018217672519637,nan,nan,nan
518.42,202.82089233398438,-233.62925720214844,-71.89214324951172,202.75108543292848,-233.74070721215935,-71.89374206378356,0.13151678361918803,0.3175396807758908,0.07283225558451521,3.503448389935181e-05,4.542700615706396,7.2624583529208415,nan,3.040227156989172,nan
518.4300000000001,202.82962036132812,-233.62893676757812,-71.89262390136719,202.75979450559103,-233.74052271674773,-71.89425669835484,0.13164247113869718,0.3175820528219312,0.0728598050077338,3.573961985216231e-05,4.5362591848435105,7.343455152624786,nan,nan,nan
518.44,202.8383331298828,-233.62850952148438,-71.89320373535156,202.76853507436314,-233.74022922371347,-71.89288654874453,0.1317313972742574,0.31762451004852116,0.07288742117894455,3.5039619566430543e-05,4.456695436576067,7.044014239986414,nan,2.76194815475266,nan
518.45,202.8470458984375,-233.62799072265625,-71.89387512207031,202.77583539835447,-233.74465194328363,-71.89358216742887,0.1366779482680599,0.3175560188232795,0.07287465275940021,3.572309625690308e-05,4.80166769494892,7.276601646602803,2.733674680656154,nan,nan
518.46,202.8557586669922,-233.6273651123047,-71.8946304321289,202.78452155601224,-233.74420204692242,-71.89489592787591,0.13684175444516505,0.3175983044338856,0.07290222912885186,3.5023866332815924e-05,4.794537943851852,7.3635319061594,nan,0.203084199251215,nan
518.47,202.86448669433594,-233.6266632080078,-71.8954849243164,202.79321590293586,-233.74365615044562,-71.89577009233592,0.13699253851158694,0.31764067569027127,0.0729298723982384,3.5728849475708025e-05,4.7874811615939405,7.177445222624439,nan,nan,nan
518.48,202.87319946289062,-233.62586975097656,-71.89642333984375,202.80190729095122,-233.74302016708083,-71.89694574345033,0.1371388591128296,0.3176831321331615,0.0729575826038513,3.502952722806766e-05,4.785219916725873,7.525669928648886,nan,0.03125688195642696,nan
518.49,202.8819122314453,-233.62498474121094,-71.89745330810547,202.81060161262113,-233.7422926399204,-71.89800290321186,0.13728309987576923,0.3177256744747482,0.07298535999357161,3.573487380070962e-05,4.778189185119853,7.4106751874792645,nan,nan,nan
518.5,202.890625,-233.62400817871094,-71.89856719970703,202.8393570716256,-233.75048970774742,-71.90051073739966,0.13649086052175938,0.31765730089229,0.07297244012856305,3.501427810405933e-05,4.855223001159972,7.652046244104659,4.094069606612399,1.4778261393286687,nan
518.51,202.89935302734375,-233.62294006347656,-71.89977264404297,202.84808510840801,-233.7495990421854,-71.90175709006785,0.1366558978807399,0.31769967133810334,0.0730001768860782,3.571911492983457e-05,4.850704440043509,7.264738926649906,nan,nan,nan
518.52,202.90806579589844,-233.62179565429688,-71.90105438232422,202.85682196247456,-233.74861719116993,-71.9023790790534,0.13678957379947448,0.3177421269638515,0.07302798076329384,3.5020397334849464e-05,4.782522506896285,7.894595119895001,nan,0.35679835493897627,nan
518.53,202.91677856445312,-233.6205596923828,-71.90242767333984,202.86554971318066,-233.7475526356577,-71.90379123780403,0.13694328078575682,0.3177846683562117,0.07305585198952495,3.5725604141465866e-05,4.776728072930858,7.546620352416809,nan,nan,nan
518.54,202.9254913330078,-233.61924743652344,-71.90388488769531,202.87426618405013,-233.74640737784154,-71.90622625805786,0.13710998715240852,0.31782729524521947,0.07308379062845032,3.5026739799409754e-05,4.872889114168313,7.783021500838547,nan,0.6203160449840182,nan
518.55,202.93421936035156,-233.6178436279297,-71.9054183959961,202.87980884113216,-233.75219625486082,-71.90780974509927,0.14497189905479727,0.31775903789880994,0.07307071678402435,3.571029130055381e-05,5.4272860276362325,8.015946903186194,6.348668471860956,nan,nan
518.5600000000001,202.94293212890625,-233.61634826660156,-71.90703582763672,202.8885052687181,-233.750904732742,-71.91007782234983,0.14517912874092823,0.317801492668064,0.0730986139584599,3.501211248050501e-05,5.5249577015456595,8.058769791097536,nan,0.2496944004357055,nan
518.57,202.95164489746094,-233.61477661132812,-71.90873718261719,202.89720794735015,-233.74952783366743,-71.91183903464716,0.14536469635133667,0.317844033081477,0.07312657864464348,3.5717182675218536e-05,5.5231461568840565,8.016032635377691,nan,nan,nan
518.58,202.96035766601562,-233.61317443847656,-71.91051483154297,202.90591250128776,-233.7480917167185,-71.91346320521066,0.14551852403643567,0.31788665896888707,0.07315461092181948,3.5018831685251825e-05,5.493296488440923,8.195537931488966,nan,0.03358423122408738,nan
518.59,202.9690704345703,-233.611572265625,-71.91236114501953,202.9146145638348,-233.74663866067803,-71.91537576852687,0.14566214636986627,0.3179293707665959,0.0731827109963077,3.572427151552038e-05,5.489579856284966,8.002370486165248,nan,nan,nan
518.6,202.977783203125,-233.6099853515625,-71.91421508789062,202.94483835995425,-233.75502628276024,-71.91615338553741,0.1487480803641543,0.3178612273384974,0.0731694804812059,3.500456573845798e-05,5.331113504161413,8.163796854044786,4.501592662579966,0.8591047328422594,nan
518.61,202.98651123046875,-233.60841369628906,-71.91605377197266,202.95357568028683,-233.7536151695585,-71.91809435618651,0.1489039364467262,0.31790376673620463,0.07319753823936921,3.5709500706545426e-05,5.330680698784196,8.051851888091777,nan,nan,nan
518.62,202.99522399902344,-233.60687255859375,-71.91787719726562,202.9623207207114,-233.75222526370132,-71.91907847226328,0.14903515581025586,0.3179463915757492,0.07322566376234801,3.501160766320784e-05,5.244789372773428,7.80099076790695,nan,0.6233087362733061,nan
518.63,203.00393676757812,-233.60536193847656,-71.91966247558594,202.9710572715642,-233.7508671784071,-71.92096715052841,0.1491795504822284,0.3179891022158521,0.07325385724359802,3.571691655481966e-05,5.2405636427829725,8.163878793827646,nan,nan,nan
518.64,203.0126495361328,-233.6038818359375,-71.92142486572266,202.97669514033953,-233.7459236114919,-71.92270405148132,0.1465272018968108,0.3151232411493162,0.06932741395220388,3.5016965710933636e-05,7.123121187426981,9.687155176371142,nan,0.01089341771727587,0.0033026976598692047
518.65,203.0213623046875,-233.6024169921875,-71.92314147949219,202.97392299853905,-233.7442942310249,-71.92445816101132,0.1496040518107456,0.31506186258869495,0.06931910582638501,3.5700574554842465e-05,7.574269697405913,10.160356928385111,5.199156301182559,nan,nan
518.66,203.0300750732422,-233.6009979248047,-71.92483520507812,202.9826237271329,-233.74301900959793,-71.92610195571501,0.14974385940868648,0.3151069712018558,0.06933955456725166,3.5003194864472537e-05,7.557040797631753,9.921643338243541,nan,0.015441913435518735,nan
518.67,203.03878784179688,-233.599609375,-71.9264907836914,202.9913329266911,-233.741783977295,-71.92785974280531,0.1498914959378772,0.3151521690714309,0.06936007272382712,3.5708332228409155e-05,7.548947567866749,10.13650401034866,nan,nan,nan
518.6800000000001,203.04750061035156,-233.59823608398438,-71.92811584472656,203.00001357294607,-233.74053816170678,-71.92908731578453,0.15001947807428287,0.3151974470274389,0.0693806428676181,3.5010718248943054e-05,7.5098721031675355,9.860468447527113,nan,0.17515287476343394,nan
518.69,203.05621337890625,-233.59689331054688,-71.92970275878906,203.00872249009916,-233.7393587530828,-71.9307766704305,0.1501763633960323,0.3152428144426886,0.06940128240085422,3.571622853563278e-05,7.501346609757233,10.139352308935422,nan,nan,nan
518.7,203.06492614746094,-233.5955810546875,-71.93125915527344,203.01242454720844,-233.73630652471678,-71.93102035373927,0.15020030948772337,0.31518139912698173,0.06939292284542127,3.499719528887062e-05,7.513905492458641,10.083742331621211,0.36267491479902214,1.3174382070008654,nan
518.71,203.07363891601562,-233.5942840576172,-71.93279266357422,203.02112412763051,-233.73517854327778,-71.93263386869532,0.15036317469550275,0.31522657850917346,0.06941355628018489,3.570220307583181e-05,7.4999758538063555,9.634542948643736,nan,nan,nan
518.72,203.0823516845703,-233.59303283691406,-71.93428802490234,203.02981299941902,-233.73406237025037,-71.93403067129512,0.15049820245226328,0.31527183810648407,0.06943424259200287,3.50049335842749e-05,7.4863103875075,10.202247403366018,nan,0.024734094793661163,nan
518.73,203.091064453125,-233.59178161621094,-71.93575286865234,203.03851214775761,-233.73298557659345,-71.9355838822285,0.15066629279153448,0.31531718690811367,0.06945499788424532,3.5710316983778325e-05,7.4726519651417735,9.923705770246324,nan,nan,nan
518.74,203.09976196289062,-233.590576171875,-71.93719482421875,203.04714207538365,-233.73184152851076,-71.93585495319381,0.15075327127806515,0.3153626163073196,0.06947580664408173,3.501278209698374e-05,7.508071013985694,10.112980759263317,nan,1.1088938219669155,nan
518.75,203.1084747314453,-233.58938598632812,-71.93860626220703,203.02452540771665,-233.71942721491848,-71.9373322786842,0.15478964151972677,0.3153011729020244,0.06946740913171742,3.5696501590573504e-05,7.781428471415501,10.001946175864454,10.339885177997653,nan,nan
518.76,203.1171875,-233.58822631835938,-71.93998718261719,203.03317116932445,-233.71841708481008,-71.938862996307,0.15495045428803084,0.31534641414293546,0.06948821157720057,3.499954084956831e-05,7.758429441349038,10.180474603334105,nan,0.003887314750751349,nan
518.77,203.1259002685547,-233.5870819091797,-71.94133758544922,203.04181273200533,-233.71742501524864,-71.940293348503,0.1551165030982886,0.3153917443249197,0.06950908261470992,3.57047937356641e-05,7.739943269194564,10.195456168852303,nan,nan,nan
518.78,203.13461303710938,-233.58595275878906,-71.94266510009766,203.05038352661174,-233.7163634346415,-71.94038898201958,0.15526343912352505,0.31543715524327276,0.06953000797011122,3.50075562442071e-05,7.845178663663011,10.062501029492473,nan,1.2084286278507979,nan
518.79,203.14332580566406,-233.58486938476562,-71.9439697265625,203.05902489546997,-233.7154167539911,-71.94175432244484,0.155416109482405,0.31548265529473224,0.06955100191720469,3.571317974094514e-05,7.820272917356485,10.217405905084913,nan,nan,nan
518.8,203.15203857421875,-233.5837860107422,-71.94524383544922,203.03914387195647,-233.71437930140485,-71.94111350309815,0.17267565262746573,0.31542117486124543,0.06954254821894508,3.499447714148525e-05,9.4127651495333,11.3889792335607,30.465124510573723,2.932672086495449,nan
518.8100000000001,203.16075134277344,-233.58273315429688,-71.94649505615234,203.04771567433008,-233.71350582349413,-71.94240943257707,0.17290241660951683,0.3154664864129704,0.06956353496833495,3.5699595272148785e-05,9.382251302146992,11.371869056682916,nan,nan,nan
518.82,203.16946411132812,-233.58169555664062,-71.94771575927734,203.05630710651906,-233.71267896240332,-71.94405537258447,0.1731316226265285,0.31551187884323223,0.06958457685508539,3.5002626294576186e-05,9.2873830637036,11.49023987582076,nan,0.09881178964733583,nan
518.83,203.17816162109375,-233.5806884765625,-71.94892120361328,203.06487870901472,-233.7118474406688,-71.94530729578099,0.17334575957999188,0.3155573601351087,0.06960568698011352,3.570811689381358e-05,9.258640159697094,11.25867834574283,nan,nan,nan
518.84,203.18687438964844,-233.57969665527344,-71.9500961303711,203.07344033093256,-233.71102333123233,-71.94634252744127,0.17357439624012452,0.3156029226944651,0.0696268528031083,3.501084847559703e-05,9.28470570372906,11.468951884040813,nan,0.02637114069539983,nan
518.85,203.19558715820312,-233.57872009277344,-71.95124816894531,203.07573326336902,-233.70306968153935,-71.94755066847569,0.17274677375534145,0.3155414128613222,0.06961835326807297,3.569466564926715e-05,8.868100068086724,11.145315977400472,2.8048801970879564,nan,nan
518.86,203.2042999267578,-233.57777404785156,-71.95237731933594,203.08431888409763,-233.70229789655642,-71.9490689513616,0.17295255069743348,0.3155867867897239,0.0696395116012771,3.499794016564382e-05,8.785735656183084,11.22319992798036,nan,0.08004263828700352,nan
518.87,203.2130126953125,-233.57684326171875,-71.95348358154297,203.0928871381196,-233.70152337813957,-71.95023207398651,0.17316423771380063,0.31563224930533923,0.06966073784412688,3.570329289657755e-05,8.757350603661202,11.182286707512484,nan,nan,nan
518.88,203.2217254638672,-233.575927734375,-71.9545669555664,203.1014638506439,-233.7007782632188,-71.95154131705932,0.17337723223081905,0.31567779323273476,0.06968202055884064,3.50062615689795e-05,8.711285187910715,11.15599139956272,nan,0.019810212212046933,nan
518.89,203.23043823242188,-233.5750274658203,-71.95563507080078,203.11003219236534,-233.70004099161957,-71.95266381850307,0.17359384912800196,0.31572342593548,0.0697033712145925,3.571198087971862e-05,8.685810727271503,10.848108016746474,nan,nan,nan
518.9,203.23915100097656,-233.57415771484375,-71.95667266845703,203.12497329066161,-233.69968003714592,-71.95275108115702,0.16972855321320202,0.31566187873588963,0.06969481046112586,3.4993452375884516e-05,8.645704521897713,11.457159868454749,1.1743823762021683,0.7421570414700193,nan
518.91,203.24786376953125,-233.5732879638672,-71.95769500732422,203.13355628423403,-233.6989736663488,-71.95382338068046,0.16993553629578667,0.3157073224541118,0.06971615274259349,3.5698662014600666e-05,8.614930154804844,10.99058859397546,nan,nan,nan
518.92,203.25656127929688,-233.57244873046875,-71.95869445800781,203.14220138742706,-233.6983613692095,-71.9561468780301,0.17011369029820772,0.3157528477271227,0.06973755223637279,3.5001848058486655e-05,8.367403623215596,11.115430732283658,nan,1.1399821693827483,nan
518.9300000000001,203.26527404785156,-233.57162475585938,-71.95967864990234,203.15078428587688,-233.6976894624976,-71.9571932265257,0.1703126336657496,0.3157984615000822,0.06975901938207385,3.570742575600289e-05,8.342738693622119,10.823502407475706,nan,nan,nan
518.94,203.27398681640625,-233.57080078125,-71.96063995361328,203.15942655509753,-233.6971065623194,-71.95945048103293,0.1705245397228552,0.31584415721727155,0.06978054426685096,3.501028976501435e-05,8.199385402336244,10.652626967116822,nan,1.0669678495738517,nan
518.95,203.28269958496094,-233.57000732421875,-71.96157836914062,203.10864963494825,-233.67153257673925,-71.96045213734544,0.2014994550782391,0.315782579201945,0.06977192986184028,3.569418470040534e-05,8.45175742325928,11.623306505316554,33.29543232010737,nan,nan
518.96,203.29141235351562,-233.56922912597656,-71.9625015258789,203.11719250323355,-233.6709488324727,-71.96276990239781,0.2017412375988714,0.3158280857922444,0.06979344600283159,3.499757129458744e-05,8.406865891867167,11.431108086990324,nan,1.220512057556248,nan
518.97,203.3001251220703,-233.56846618652344,-71.96340942382812,203.12567295612297,-233.6703055346351,-71.963768658286,0.2020023269096784,0.31587368060836574,0.06981502953314886,3.570300188108108e-05,8.397073683611545,11.282018856834712,nan,nan,nan
518.98,203.308837890625,-233.56771850585938,-71.96429443359375,203.13425798014904,-233.66980312877243,-71.96698739832914,0.2022539676648128,0.3159193575077194,0.06983667149496267,3.5006063798555e-05,8.5892639035442,11.694281263106998,nan,3.5331906088624567,nan
518.99,203.3175506591797,-233.56698608398438,-71.96516418457031,203.1427386437398,-233.66919060103294,-71.96797439266695,0.2025164223386224,0.31596512282251704,0.0698583809119899,3.571185623784562e-05,8.591882555319843,11.602737445738093,nan,nan,nan
519.0,203.32626342773438,-233.56626892089844,-71.96601867675781,203.14127563424327,-233.6679962184365,-71.97005558029406,0.21115213329556587,0.31590350701593506,0.0698496999813662,3.499339994050094e-05,9.212931709189697,12.169623957333531,2.8546245103295123,0.7746337957092108,nan
519.01,203.3349609375,-233.56556701660156,-71.96685028076172,203.1497335501885,-233.6674202370806,-71.97102174814934,0.21142531700900902,0.315949082843849,0.0698713997724597,3.569867791474666e-05,9.22329040282472,12.433846428767659,nan,nan,nan
519.02,203.3436737060547,-233.56488037109375,-71.9676742553711,203.15810292906818,-233.6667540960981,-71.97001135352097,0.21170789107966312,0.3159947408892451,0.06989315865352298,3.500192489566572e-05,8.881064068885644,11.724884311863251,nan,2.7145266327217814,nan
519.03,203.35238647460938,-233.56419372558594,-71.96847534179688,203.1665609102574,-233.66620590263557,-71.97092651352946,0.21199913413973384,0.3160404870803902,0.06991498476800004,3.570756613604489e-05,8.883628208836585,11.811510595737747,nan,nan,nan
519.04,203.36109924316406,-233.56353759765625,-71.9692611694336,203.17498523037756,-233.66563196533733,-71.97106752133087,0.21228506441780248,0.3160863158744632,0.0699368704641276,3.5010477109427424e-05,8.797321130393676,11.915277945167354,nan,0.4061584821985087,nan
519.05,203.36981201171875,-233.56288146972656,-71.97003173828125,203.14157395226127,-233.643269256757,-71.97197334398108,0.24198879709867346,0.3160246677644439,0.06992812816330354,3.569442742226551e-05,8.624253615117624,12.29386840804051,17.32737219046438,nan,nan
519.0600000000001,203.37852478027344,-233.562255859375,-71.97078704833984,203.14998749551233,-233.64274323185788,-71.97331219940115,0.24230947988689466,0.31607030691445187,0.0699500037879236,3.4997848711924846e-05,8.688893971047683,12.632736515459186,nan,0.15980171163167145,nan
519.07,203.38723754882812,-233.56163024902344,-71.97152709960938,203.15838062920375,-233.64220613106366,-71.97416578236555,0.24264155677296093,0.3161160339448008,0.06997194645051345,3.570333328182377e-05,8.69091141791618,12.42553077524429,nan,nan,nan
519.08,203.3959503173828,-233.56101989746094,-71.97225189208984,203.1667719197949,-233.6416795165992,-71.97495823080533,0.2429733243583135,0.3161618437039229,0.06999394930554614,3.500641868191378e-05,8.694065985994007,12.484483518231642,nan,0.0015695994129118322,nan
519.09,203.4046630859375,-233.56040954589844,-71.97296142578125,203.17516531201113,-233.64116777328093,-71.97578368031259,0.24330862016739166,0.3162077415384192,0.07001601929928945,3.571226037707395e-05,8.697915527942374,12.3251691574476,nan,nan,nan
519.1,203.4133758544922,-233.55982971191406,-71.9736557006836,203.19891597741136,-233.64387565365158,-71.97467472413543,0.2303427828451861,0.3161460551116534,0.07000720490499135,3.499381505040475e-05,8.157282685592076,11.954103968961373,3.8815791408487152,2.4245700816015816,nan
519.11,203.42208862304688,-233.5592498779297,-71.9743423461914,203.2073410702761,-233.64338526597882,-71.97545401274883,0.23064368785152053,0.3161917629398856,0.0700292639484559,3.569913763472063e-05,8.150977508676085,11.486398707527213,nan,nan,nan
519.12,203.43080139160156,-233.55868530273438,-71.97500610351562,203.2158205344598,-233.64296766317284,-71.97753895689446,0.2309257468640672,0.3162375536156219,0.07005138376231711,3.5002389587960425e-05,8.288048082839385,12.109511873219024,nan,1.2269413564122598,nan
519.13,203.43951416015625,-233.55813598632812,-71.97566223144531,203.2242455351165,-233.64250054975838,-71.97830635297547,0.23122489456793055,0.3162834321095191,0.07007357055903563,3.5708070847168055e-05,8.288662138469917,11.912334629378483,nan,nan,nan
519.14,203.44822692871094,-233.55760192871094,-71.97631072998047,203.23262439661488,-233.64199318228646,-71.97791766756936,0.23153599671475078,0.3163293938292508,0.07009581858355174,3.5010979079900174e-05,8.15436782743853,11.61211256439434,nan,0.9230462336541024,nan
519.15,203.45693969726562,-233.55706787109375,-71.97693634033203,203.20861329002204,-233.62305521838428,-71.97859782911831,0.2569495963840635,0.3162676735666055,0.07008693521464061,3.5694962922697186e-05,7.895091193337972,12.303856413458316,11.499635789304609,nan,nan
519.16,203.4656524658203,-233.55654907226562,-71.97755432128906,203.21698263145822,-233.62257497317708,-71.9791344683952,0.2572908917503993,0.3163134451057504,0.0701091717704638,3.4998374988804364e-05,7.876989598200259,12.169371811039117,nan,0.023353958179179592,nan
519.17,203.474365234375,-233.5560302734375,-71.97815704345703,203.2253591815734,-233.6221129497817,-71.97983968512376,0.257631065144764,0.31635930421210273,0.07013147517808224,3.5703890711907755e-05,7.87369236501744,12.09949246402989,nan,nan,nan
519.1800000000001,203.4830780029297,-233.55552673339844,-71.97875213623047,203.23379459977963,-233.62172497949925,-71.98203959664983,0.2579442386813618,0.31640524665175657,0.07015384034617377,3.5006961117300875e-05,8.091423569327892,12.225295585766457,nan,1.6006335744535203,nan
519.19,203.49179077148438,-233.55503845214844,-71.97933197021484,203.24217178124914,-233.6212835244411,-71.98273773626876,0.258282111520588,0.31645127686168173,0.07017627250021076,3.571282967506665e-05,8.095383770983911,12.463726204551094,nan,nan,nan
519.2,203.50050354003906,-233.5545654296875,-71.97990417480469,203.27412476855002,-233.63945999073894,-71.98268000073803,0.24178945362983778,0.3163895176485479,0.07016731123242399,3.4994363177864387e-05,8.635865971949414,12.146763969249879,12.182212490547286,0.30267334600300727,nan
519.21,203.50921630859375,-233.55409240722656,-71.98046112060547,203.28253004831635,-233.63908508064114,-71.98334833071965,0.2421130957113949,0.3164353573163751,0.07018973104158932,3.5699708512276455e-05,8.638542510455332,12.150013831104628,nan,nan,nan
519.22,203.51792907714844,-233.5536346435547,-71.98101043701172,203.29097880574014,-233.63876601403973,-71.98516602323427,0.24242740115303682,0.31648128041643747,0.07021221311329959,3.500293665284649e-05,8.887243797283517,12.363514571196585,nan,0.948984642193404,nan
519.23,203.52664184570312,-233.5531768798828,-71.9815444946289,203.2993844443419,-233.63841045099107,-71.98582610688297,0.2427530027019507,0.31652729104633376,0.07023476207651129,3.570863662420724e-05,8.896948497065154,12.393788194574654,nan,nan,nan
519.24,203.5353546142578,-233.552734375,-71.98207092285156,203.3078798102856,-233.63815851034127,-71.98892420936548,0.24308236644610046,0.3165733854777479,0.07025737372765574,3.501151767798589e-05,9.714180134429427,13.176326717000489,nan,4.228219441227228,nan
519.25,203.5440673828125,-233.55230712890625,-71.98258209228516,203.29797105730125,-233.63044091662283,-71.98966007661899,0.258299028405658,0.31651159087163533,0.07024833600341117,3.569551558405107e-05,9.89606950987815,14.004697384028217,3.401310434277505,nan,nan
519.26,203.5527801513672,-233.5518798828125,-71.98308563232422,203.3063708041555,-233.63012887205872,-71.99103040437073,0.2586572831261727,0.316557494568293,0.07027093472294811,3.499889793722893e-05,10.285696036054743,14.100909242748902,nan,0.35928298161909794,nan
519.27,203.56149291992188,-233.55145263671875,-71.98358154296875,203.31474501433505,-233.62979884900963,-71.99168522645869,0.2590141455170352,0.3166034855617075,0.07029360026182598,3.570442478095575e-05,10.311873706867416,13.85951553030304,nan,nan,nan
519.28,203.57020568847656,-233.55105590820312,-71.98406982421875,203.32306540471936,-233.6294216782748,-71.99079065924009,0.2593543587409004,0.3166495604427373,0.07031632894921493,3.500746340122296e-05,9.751348948649099,13.572507590554771,nan,1.6748645801764417,nan
519.29,203.57891845703125,-233.55064392089844,-71.98454284667969,203.33144002486668,-233.62910817322,-71.99141245575834,0.25971023238969543,0.31669572283313463,0.0703391246208157,3.571333946698581e-05,9.772861387548677,13.41113499768954,nan,nan,nan
519.3,203.58763122558594,-233.55026245117188,-71.9850082397461,203.37421999823673,-233.64623505629336,-71.99128668108145,0.23408227553171082,0.31663388853254293,0.07033000298412866,3.499483949830011e-05,9.687471416577463,12.896914814655062,11.672820777816137,0.3049884135037573,nan
519.3100000000001,203.5963592529297,-233.5498809814453,-71.98546600341797,203.38264990288758,-233.645969405461,-71.99188319890445,0.2344053154754571,0.3166798598291337,0.07035278484852253,3.570018896127644e-05,9.704432022908463,12.762086950547936,nan,nan,nan
519.32,203.60507202148438,-233.54949951171875,-71.98591613769531,203.39107260362243,-233.64570415840086,-71.99225263341384,0.23471522333770908,0.31672591509025116,0.07037563029434347,3.500338294565997e-05,9.687885383069144,12.517077538584017,nan,0.033877865343463875,nan
519.33,203.61378479003906,-233.54913330078125,-71.9863510131836,203.3995027113768,-233.64545374362976,-71.9928311101903,0.23502431491989098,0.31677205763931615,0.07039854268472867,3.5709083738830445e-05,9.705938479088333,12.915172707073424,nan,nan,nan
519.34,203.62249755859375,-233.54876708984375,-71.98677825927734,203.40790710416803,-233.64518482374038,-71.99261055850596,0.23532840511652947,0.3168182845121825,0.07042151905312866,3.501193011491698e-05,9.491326727251744,12.523549527114415,nan,0.4418564620772371,nan
519.35,203.63121032714844,-233.5484161376953,-71.98719787597656,203.41751983198793,-233.64056846837934,-71.99311330649007,0.2327889002736197,0.31675641325113785,0.07041231360208129,3.5695925969413365e-05,9.088772509738304,12.323215175050464,2.3830116810273405,nan,nan
519.36,203.63992309570312,-233.54806518554688,-71.98760986328125,203.42597572592518,-233.64033908307826,-71.99416577814394,0.23308995950108674,0.31680244881891756,0.07043527551350352,3.499927363480345e-05,9.325527388864684,12.402171484697538,nan,0.18048205689889038,nan
519.37,203.6486358642578,-233.54771423339844,-71.9880142211914,203.43441557187003,-233.64010088167532,-71.99471042886287,0.23338908639377706,0.316848571460992,0.0704583043490659,3.5704795246193464e-05,9.342934763656348,12.26810619749298,nan,nan,nan
519.38,203.6573486328125,-233.54739379882812,-71.98841094970703,203.44289602263663,-233.6399089707281,-71.99654858517758,0.2336989519744935,0.3168947784903917,0.07048139755865669,3.500779945491728e-05,9.9663277995912,13.274557003673795,nan,1.1940536283998966,nan
519.39,203.66607666015625,-233.54705810546875,-71.98880004882812,203.4513359175245,-233.63968440016933,-71.99709206314586,0.23401276571470295,0.31694107281687506,0.07050455788452824,3.571366745159824e-05,9.990022808114507,12.926705142460227,nan,nan,nan
519.4,203.67478942871094,-233.546630859375,-71.98928833007812,203.45962147543202,-233.63062991659046,-71.99678116087198,0.23110437521741647,0.31687916100958735,0.07049526233236289,3.499513437247219e-05,8.974690660095103,12.084535771043882,6.879005809221912,0.6036488025883298,nan
519.41,203.68350219726562,-233.54611206054688,-71.98986053466797,203.4680728391802,-233.63023508080616,-71.99745532196081,0.23139613578594592,0.3169252636752727,0.07051840732349907,3.570047318626893e-05,8.977997806654352,12.50447763302796,nan,nan,nan
519.42,203.6922149658203,-233.54551696777344,-71.99053192138672,203.47652775630593,-233.62975007436182,-71.99834596686408,0.23168350804568488,0.3169714507825578,0.07054161706031414,3.500363435242822e-05,9.097211680039525,12.708723058955787,nan,0.010595063612398065,nan
519.4300000000001,203.700927734375,-233.5447998046875,-71.99128723144531,203.48497901773473,-233.62916896413472,-71.99920823735037,0.23198005435588223,0.3170177249851564,0.07056489392079204,3.570932197446694e-05,9.102697867326741,12.428997286973285,nan,nan,nan
519.44,203.7096405029297,-233.5440216064453,-71.99214172363281,203.49351925193218,-233.62857929471284,-72.00323359283105,0.232339035334539,0.3170640839784167,0.07058823589846361,3.5012136715632125e-05,10.849992943112529,14.422665314640533,nan,6.655707874769764,nan
519.45,203.71835327148438,-233.5431365966797,-71.99308013916016,203.51077683907934,-233.63413865452912,-72.004461839139,0.22693367515034485,0.3170021336423982,0.07057884929488684,3.569611809795178e-05,11.14501765561387,14.418963527778988,2.27816860551525,nan,nan
519.46,203.72708129882812,-233.5421600341797,-71.99411010742188,203.5192202902277,-233.63328348410235,-72.00496351491053,0.2272168094052585,0.31704830074536205,0.07060217523064825,3.499943557473973e-05,10.874425114473485,13.974930119365107,nan,0.3138350721811033,nan
519.47,203.7357940673828,-233.5410919189453,-71.99522399902344,203.52768258152918,-233.632357112436,-72.00621393869102,0.22750935115067167,0.31709455474952086,0.07062556831338282,3.5704939539591135e-05,10.883873466418718,14.030296165791015,nan,nan,nan
519.48,203.7445068359375,-233.53994750976562,-71.99642944335938,203.536110919642,-233.63131262047074,-72.00632391065983,0.22775939468210468,0.3171408935854435,0.07064902685299057,3.500791517429481e-05,10.289223949657014,13.425872407626366,nan,1.0648122353686056,nan
519.49,203.7532196044922,-233.53871154785156,-71.99771118164062,203.5445729850593,-233.63021228709923,-72.00773676889223,0.22804891905769906,0.3171873195554877,0.07067255275516451,3.571376346268657e-05,10.29896348412812,13.680857753741652,nan,nan,nan
519.5,203.76193237304688,-233.5373992919922,-71.99908447265625,203.53220126597213,-233.61731058054264,-72.00684595140464,0.24335660284434651,0.3171253277195524,0.07066306972131325,3.49952049200461e-05,9.072754137952513,12.72277840606174,4.590030844248852,3.870740669835268,nan
519.51,203.77064514160156,-233.53599548339844,-72.00054168701172,203.54063143505698,-233.61601708133279,-72.00840534217552,0.24366287859844157,0.3171715614471275,0.07068657869861036,3.5700522220838066e-05,9.074958241389155,12.559184336916672,nan,nan,nan
519.52,203.7793731689453,-233.53451538085938,-72.0020751953125,203.54910511257918,-233.6146783424949,-72.01171790584151,0.24401323748345907,0.3172178800386838,0.07071015345148042,3.500365854106517e-05,9.990673471916672,13.893703190345489,nan,1.966689218342727,nan
519.53,203.7880859375,-233.53294372558594,-72.00370025634766,203.55753489220854,-233.61321883363783,-72.01346134327335,0.24432182930655286,0.3172642855816814,0.07073379561314556,3.570932288303387e-05,9.994145004517168,13.307506003999602,nan,nan,nan
519.54,203.7967987060547,-233.5312957763672,-72.0053939819336,203.56593188766374,-233.61164957645292,-72.01400893971271,0.24460261347686724,0.31731077632785715,0.07075750390072305,3.5012114834003895e-05,9.436933871141306,13.290293609990426,nan,1.1523617224875855,nan
519.55,203.80551147460938,-233.52957153320312,-72.0071792602539,203.58462947984825,-233.62005748748186,-72.01583963865296,0.23885469575749038,0.3172487444000459,0.07074792269374937,3.569607293278424e-05,9.830829088924926,12.93028098540447,3.6402553962481763,nan,nan
519.5600000000001,203.81422424316406,-233.5277557373047,-72.00901794433594,203.5930267376503,-233.61834656420083,-72.01611495134682,0.2391346939943159,0.3172950426569302,0.07077161329751944,3.4999369754582185e-05,9.1612150900151,12.381165366407764,nan,2.0158089076366443,nan
519.57,203.82293701171875,-233.52587890625,-72.01087188720703,203.60146556525208,-233.61659225589784,-72.01810190962992,0.23943848192929282,0.3173414276897445,0.07079537136895495,3.5704847438971565e-05,9.17711221454768,12.626710974924347,nan,nan,nan
519.58,203.83164978027344,-233.52392578125,-72.0127182006836,203.60991187066958,-233.6147729775266,-72.02041472350454,0.23975018267009052,0.31738789794553435,0.0708191958579461,3.5007804646921994e-05,9.396491323932633,12.46022680798377,nan,0.07421866049206385,nan
519.59,203.84036254882812,-233.52195739746094,-72.01453399658203,203.6183499599293,-233.61290866582559,-72.02238945802188,0.24004880987234228,0.31743445521979874,0.0708430880497726,3.5713625303963335e-05,9.421754129214083,12.650117860871864,nan,nan,nan
519.6,203.8490753173828,-233.52000427246094,-72.01632690429688,203.6362764256867,-233.61670548350227,-72.02432752762682,0.23387710981971135,0.3173723807447424,0.070833403977434,3.499505236635e-05,9.62287022728811,12.418729843411466,1.0024189507059347,9.542653705864353e-05,nan
519.61,203.8577880859375,-233.51808166503906,-72.01808166503906,203.64472784334856,-233.6148727767439,-72.02624544894158,0.2341577110511717,0.31741874518080143,0.07085727759422987,3.570034092658472e-05,9.648249214633529,12.703762588879663,nan,nan,nan
519.62,203.8665008544922,-233.5161895751953,-72.01980590820312,203.65315712331406,-233.61305146651898,-72.02717570430814,0.2344186159809692,0.31746519485140007,0.0708812179025104,3.50034633936692e-05,9.320584656775717,12.225404466820406,nan,0.6445843618853124,nan
519.63,203.8751983642578,-233.51434326171875,-72.02149200439453,203.66160789128287,-233.61128059854272,-72.02901930184682,0.23467935065343676,0.31751173137550104,0.07090522599066099,3.570909790165032e-05,9.341576823111296,12.605757614296046,nan,nan,nan
519.64,203.8839111328125,-233.51251220703125,-72.02314758300781,203.67460404396408,-233.60388662979423,-72.0276440601944,0.22842714568228917,0.31704985267790586,0.07018037065707157,3.50099376327857e-05,10.557941918269345,13.334652262915423,nan,7.2046689004999935,0.04190945363753966
519.65,203.8926239013672,-233.51072692871094,-72.02477264404297,203.69476828397885,-233.60895676004486,-72.02933671880078,0.22094518748868014,0.3169870099011778,0.07017162383839988,3.5693823421337644e-05,10.699255145916187,13.335043366030023,1.693276361285701,nan,nan
519.66,203.90133666992188,-233.50897216796875,-72.0263671875,203.70324073835312,-233.60729872396112,-72.03113572206871,0.2212077047468021,0.31703216925339783,0.07019247781617674,3.499722096929646e-05,10.74861934033377,13.25040222943754,nan,0.005014411452289329,nan
519.67,203.91004943847656,-233.50726318359375,-72.02792358398438,203.71171354729404,-233.60567148219155,-72.03282024428333,0.22146172636860662,0.31707741311981846,0.07021339603805228,3.570262508429733e-05,10.752516083872012,13.65845408530377,nan,nan,nan
519.6800000000001,203.91876220703125,-233.5055694580078,-72.02944946289062,203.72019089079234,-233.60404332256067,-72.03375888633624,0.22168951432862624,0.31712274152490794,0.07023437163955433,3.500568236304739e-05,10.59549025032177,13.159931158060054,nan,0.36121082656258285,nan
519.69,203.92745971679688,-233.50392150878906,-72.03095245361328,203.7286632230414,-233.60248379245994,-72.03537591160318,0.2219327300613384,0.31716815473701593,0.07025541159377578,3.571143091839454e-05,10.594917618508584,13.12933342940484,nan,nan,nan
519.7,203.93617248535156,-233.50230407714844,-72.03241729736328,203.74619944956024,-233.60567157766835,-72.03769153791558,0.2163386514354499,0.31710529725103337,0.07024661519452095,3.49929600384225e-05,10.887363021242713,13.531254976199014,0.8442491406053183,0.3402683180177017,nan
519.71,203.94488525390625,-233.500732421875,-72.03385925292969,203.75468550349456,-233.60418629610297,-72.03925843976228,0.21658208690447975,0.3171505212081669,0.07026764673109571,3.5698178153603384e-05,10.890785024001426,13.563131971823765,nan,nan,nan
519.72,203.95359802246094,-233.49917602539062,-72.03527069091797,203.76317905627582,-233.60268304640448,-72.03972642768029,0.21677854984353886,0.317195829635253,0.07028873624281884,3.5001399121919196e-05,10.624878902203687,13.069076029170427,nan,0.8098021639174114,nan
519.73,203.96229553222656,-233.49765014648438,-72.03665161132812,203.77166507022878,-233.60126094670818,-72.04122728246418,0.21701637664206672,0.31724122281457023,0.07030988998793837,3.570696471306161e-05,10.626780725534477,13.151870822919339,nan,nan,nan
519.74,203.97100830078125,-233.49615478515625,-72.03800201416016,203.78014257730177,-233.5999234300943,-72.04388838059477,0.21732994589200982,0.31728670074950666,0.07033110215955062,3.5009842907116965e-05,11.013657131271826,13.626452586244367,nan,0.9945810203749795,nan
519.75,203.97972106933594,-233.4947052001953,-72.0393295288086,203.77374413255112,-233.60207763738603,-72.04527704692542,0.23235901473212392,0.31722382819527917,0.07032225954564204,3.569370758852616e-05,12.135863695978356,14.645908642213,17.42461810975355,nan,nan
519.76,203.98841857910156,-233.49327087402344,-72.04063415527344,203.78217650386017,-233.60083691482063,-72.04811911727067,0.23272789129960264,0.31726911667020563,0.07034346292592009,3.4997091989706255e-05,12.730704447241258,14.88658793473055,nan,1.4034970097688737,nan
519.77,203.99713134765625,-233.4918670654297,-72.04190826416016,203.7906190109464,-233.59956338180896,-72.04954037903656,0.23303238176811317,0.3173144898410465,0.07036473044319726,3.5702472482942864e-05,12.746993028055417,15.092475009851334,nan,nan,nan
519.78,204.00584411621094,-233.490478515625,-72.04315948486328,203.7990493456689,-233.5983876407876,-72.05256333035835,0.23344568688881132,0.31735994769914044,0.07038605693997248,3.5005518783427845e-05,13.628721440411374,15.700074388795727,nan,1.86707846425897,nan
519.79,204.01455688476562,-233.4891357421875,-72.04438018798828,203.80749166391877,-233.59717045690903,-72.053951871017,0.23375012809690981,0.31740549054508693,0.07040744771311723,3.571124309943924e-05,13.65301816620712,16.15339774893183,nan,nan,nan
519.8,204.02325439453125,-233.48780822753906,-72.04557800292969,203.80939156461474,-233.59427330993998,-72.05384441937657,0.23904070245756134,0.317342602262383,0.07039855009895794,3.499276524493206e-05,13.203390931075004,15.477101526326773,0.6510569530255121,1.5185820877459937,nan
519.8100000000001,204.03196716308594,-233.4865264892578,-72.04676055908203,203.8178205187047,-233.59311015321865,-72.05517141444138,0.2393524706597634,0.31738795544396875,0.07041993135029795,3.5697958681343146e-05,13.216923128225757,15.566561100573654,nan,nan,nan
519.82,204.04067993164062,-233.48524475097656,-72.04791259765625,203.8262626302956,-233.59190363813153,-72.05474810273961,0.23957800703522097,0.3174333932445018,0.07044137210508956,3.5001172831497736e-05,12.55754224735199,14.701873090773464,nan,2.107226615835081,nan
519.83,204.04937744140625,-233.4840087890625,-72.04904174804688,203.83469147983126,-233.5907920235334,-72.05601288447762,0.23987771468933686,0.3174789159745475,0.07046287707381609,3.570671329814349e-05,12.567956388450176,15.000006287566816,nan,nan,nan
519.84,204.05809020996094,-233.4827880859375,-72.0501480102539,203.84310875106164,-233.58976350489186,-72.05874305672461,0.24028034200651432,0.3175245236102366,0.070484441967718,3.5009586722015044e-05,13.303235102246077,15.616010319633139,nan,1.5604110382778456,nan
519.85,204.06680297851562,-233.48159790039062,-72.05123138427734,203.83623378489395,-233.58324609431676,-72.05996243113523,0.2521323849786663,0.31746161922300153,0.07047549105333108,3.5693427880017935e-05,13.526423492403973,16.14207273322647,2.495023325814623,nan,nan
519.86,204.07550048828125,-233.4804229736328,-72.05229949951172,203.84464157004032,-233.58216813932975,-72.06025163299147,0.2524106877708395,0.31750703698025967,0.0704970459808912,3.4996809425053894e-05,13.183829995914765,15.427156914787627,nan,0.6065564155087486,nan
519.87,204.08421325683594,-233.47927856445312,-72.05333709716797,203.85304201873168,-233.5811487084507,-72.06143793261647,0.2527514413405112,0.3175525396070261,0.07051866508072141,3.5702164226144834e-05,13.201131537879228,15.873678919429661,nan,nan,nan
519.88,204.09292602539062,-233.4781494140625,-72.05435943603516,203.86145311867332,-233.58010263415002,-72.06124164487919,0.2530247624817459,0.3175981270716627,0.07054034459037974,3.5005209604860115e-05,12.703108624311113,15.078483360245269,nan,1.3105309441095307,nan
519.89,204.10162353515625,-233.47705078125,-72.05535888671875,203.86985322440523,-233.5791290384675,-72.06237469822233,0.2533508814929182,0.317643799696679,0.07056208844018103,3.571090801204774e-05,12.71365957960404,15.244226696651268,nan,nan,nan
519.9,204.11033630371094,-233.47596740722656,-72.05634307861328,203.8815058226631,-233.58209308466337,-72.06043450344804,0.2522752231694396,0.3175808784739985,0.07055307684905125,3.499243298026124e-05,12.093484064481387,14.273977624976329,1.0488098630890528,6.350101857968834,nan
519.91,204.11904907226562,-233.4748992919922,-72.05730438232422,203.8899069395224,-233.58117564359637,-72.06149844984562,0.2526229801716006,0.3176263610051476,0.07057480999671815,3.5697600442526666e-05,12.09590864009495,14.281994321013942,nan,nan,nan
519.92,204.1277618408203,-233.47386169433594,-72.0582504272461,203.89829757876484,-233.580323894229,-72.06383801552684,0.2530202930784947,0.317671928306493,0.07059660401235505,3.500081725940528e-05,12.48218703287203,14.704712347241658,nan,1.1823035947597305,nan
519.9300000000001,204.13645935058594,-233.4728546142578,-72.05917358398438,203.9066987421951,-233.57944873644408,-72.06487841949964,0.25334717129079853,0.31771758070610734,0.0706184623568916,3.5706331667827087e-05,12.486807231519624,14.932693565415791,nan,nan,nan
519.94,204.14517211914062,-233.4718475341797,-72.06007385253906,203.91508304944506,-233.57866326477853,-72.06799205073442,0.2537977110995997,0.3177633181637043,0.07064038196422581,3.500920949138178e-05,13.35430475630494,15.674810996753962,nan,3.0852688240708974,nan
519.95,204.1538848876953,-233.4708709716797,-72.06096649169922,203.90317994219743,-233.56936090390033,-72.06907605057913,0.26947912978773014,0.3177003797052649,0.07063131004257113,3.569302649407945e-05,13.537173065090233,16.06598359024861,4.022649968203774,nan,nan
519.96,204.16258239746094,-233.4699249267578,-72.06182861328125,203.9115569280464,-233.56849258718685,-72.06879568202014,0.2697738127099417,0.31774592684616937,0.07065321843705819,3.499641400731876e-05,13.066954431126655,16.080699424705774,nan,1.1775434185627933,nan
519.97,204.17129516601562,-233.46897888183594,-72.06268310546875,203.91992354521992,-233.56768482962747,-72.0697773246328,0.2701497433210576,0.31779155902158457,0.07067519116728889,3.570174284013755e-05,13.07774099410021,15.563736301651488,nan,nan,nan
519.98,204.1800079345703,-233.4680633544922,-72.06352233886719,203.92830068845282,-233.56685654383753,-72.06946564785572,0.27046618075243534,0.3178372761878072,0.07069722558314663,3.5004795770347606e-05,12.663965005933866,15.288762148802654,nan,1.1516957988884242,nan
519.99,204.188720703125,-233.4671630859375,-72.06433868408203,203.93666747830233,-233.56608615929895,-72.07040256700556,0.270838278799165,0.31788307867834775,0.0707193245281695,3.571046829706605e-05,12.671624117057895,15.411571629299175,nan,nan,nan
520.0,204.19741821289062,-233.46627807617188,-72.06513977050781,203.9414624510189,-233.55811094850867,-72.06982694259855,0.27197168613509354,0.3178201221966688,0.07071018602797562,3.4992004113584405e-05,11.702777730573075,14.539860199032548,3.76885336168243,1.5057326425959454,nan
520.01,204.2061309814453,-233.4654083251953,-72.06592559814453,203.94983265446143,-233.55735305257687,-72.07071759650526,0.2723336713597767,0.31786573414426894,0.07073227301665731,3.569714590728901e-05,11.704666971443283,14.537336906071001,nan,nan,nan
520.02,204.21484375,-233.46456909179688,-72.06669616699219,203.95820333966105,-233.55661111144155,-72.07153851475049,0.27268935060069077,0.317911431015526,0.07075442209019064,3.5000373116203966e-05,11.7164021478844,14.783580991576398,nan,0.002124812119220619,nan
520.03,204.22354125976562,-233.46372985839844,-72.06745147705078,203.96657373500338,-233.55588770722258,-72.07239932726733,0.2730382008146378,0.31795721314533576,0.07077663572601883,3.570586203981076e-05,11.718129569183704,14.430992223046143,nan,nan,nan
520.04,204.2322540283203,-233.46292114257812,-72.06819152832031,203.9749394947116,-233.5551970431299,-72.07382868138198,0.2734179740316088,0.3180030804875948,0.07079891181785702,3.5008751604009344e-05,11.925496885832352,14.957086013483778,nan,0.2396462980606735,nan
520.05,204.240966796875,-233.4621124267578,-72.06891632080078,203.97188516437,-233.55212630178985,-72.07464767672826,0.2837961787808344,0.31794010555068397,0.070789706012451,3.569254515636787e-05,12.263151994016912,15.164509661442247,2.1275851849131544,nan,nan
520.0600000000001,204.2496795654297,-233.46133422851562,-72.06962585449219,203.98022266338558,-233.5514854667099,-72.07666055625909,0.28422483149105543,0.3179857821185862,0.07081196957612922,3.499594558455855e-05,12.743023624970837,15.919222742940264,nan,0.9974052151281813,nan
520.07,204.25839233398438,-233.4605712890625,-72.07032775878906,203.9885698887033,-233.55082890137967,-72.0774837919751,0.2846081470541873,0.31803154387774013,0.07083429775038104,3.570124949626183e-05,12.749504684731885,15.754431936122016,nan,nan,nan
520.08,204.26708984375,-233.45982360839844,-72.07100677490234,203.99690910387406,-233.55021289780976,-72.07927242077054,0.2850196076444777,0.318077390782525,0.0708566887489182,3.50043165306789e-05,13.252314616197676,16.42408987809572,nan,0.6756199826709605,nan
520.09,204.2758026123047,-233.45907592773438,-72.0716781616211,204.0052565137821,-233.549586973857,-72.08007979746073,0.28540852892090557,0.3181233231674257,0.07087914457366991,3.5709964440105373e-05,13.264928190954468,16.0804695696963,nan,nan,nan
520.1,204.28451538085938,-233.45835876464844,-72.07233428955078,204.0008374873148,-233.54049196301918,-72.07856033955116,0.2953942674783914,0.31806032894490605,0.0708698660959659,3.49915171185513e-05,12.164976663347296,15.66962532682627,2.257050933923644,3.7148776871899214,nan
520.11,204.29322814941406,-233.45765686035156,-72.0729751586914,204.00916817508642,-233.53987631940993,-72.07931984160396,0.2957876999879044,0.318106070318808,0.07089230863866165,3.569663469700758e-05,12.170399333388477,15.75692519746658,nan,nan,nan
520.12,204.30194091796875,-233.4569549560547,-72.0736083984375,204.0174945628947,-233.53928772356974,-72.08061516336137,0.29620517935426544,0.3181518967714081,0.07091481435334608,3.49998780574026e-05,12.432346575605928,15.630573084489308,nan,0.21168003434808452,nan
520.13,204.31063842773438,-233.45628356933594,-72.07422637939453,204.02582543774105,-233.5387001139029,-72.08135680291251,0.29658349419150704,0.3181978086350217,0.07093738496444169,3.570534313331341e-05,12.4380827110203,15.938835087213043,nan,nan,nan
520.14,204.31935119628906,-233.4556121826172,-72.0748291015625,204.03415580594447,-233.538127693195,-72.08215381561621,0.29698294832480593,0.31824380586696444,0.07096001909845097,3.500824980294016e-05,12.533226566600927,15.942122864610644,nan,0.003137722876027596,nan
520.15,204.32806396484375,-233.4549560546875,-72.07542419433594,204.0390056474686,-233.53160269812778,-72.08284417158276,0.29913955749241683,0.3181807918888198,0.0709506663945068,3.5692021541318354e-05,12.123684277644418,15.686516620268437,2.177880580602507,nan,nan
520.16,204.33677673339844,-233.45431518554688,-72.07600402832031,204.0473394435537,-233.53103179981835,-72.08332124342417,0.29952116001180135,0.3182265978698627,0.07097328661870748,3.4995439859214765e-05,12.09656243147702,15.797299186582995,nan,0.03796089817052972,nan
520.17,204.34548950195312,-233.4536895751953,-72.07656860351562,204.05567139578068,-233.53047896484657,-72.08401710822045,0.2999110288914592,0.31827248919144174,0.07099597182168571,3.570072079941616e-05,12.105834685406906,15.945142055922664,nan,nan,nan
520.1800000000001,204.3542022705078,-233.4530792236328,-72.0771255493164,204.06401387542883,-233.52991184437442,-72.08340688350656,0.3002532454574804,0.3183184658145162,0.07101872086875508,3.500380652589276e-05,11.663888637123359,15.46061738183599,nan,1.1849512005834284,nan
520.19,204.36289978027344,-233.4524688720703,-72.07767486572266,204.07234604764992,-233.5293839865079,-72.08406932377328,0.30062983129451515,0.31836452806623283,0.07104153512902349,3.570943190704182e-05,11.667145756192731,15.05718349491259,nan,nan,nan
520.2,204.37161254882812,-233.45188903808594,-72.07820892333984,204.06638709054928,-233.51125040945595,-72.08556073217152,0.3110311911779184,0.3183014934713788,0.07103210350076022,3.4991005474679233e-05,11.045584068803997,15.841866706061078,14.616499882994589,0.536033137553639,nan
520.21,204.3803253173828,-233.45130920410156,-72.0787353515625,204.07471260121932,-233.51069585849248,-72.0862119072719,0.3114190197882126,0.31834736422565857,0.07105490308417912,3.569610104293939e-05,11.050790845852262,15.481625235903607,nan,nan,nan
520.22,204.3890380859375,-233.45074462890625,-72.07925415039062,204.08302951315665,-233.51017377627036,-72.08795603595063,0.3118473873292835,0.3183933202143198,0.07107776681527139,3.499936439041727e-05,11.631920935367697,16.085420384375723,nan,0.8583158721101573,nan
520.23,204.3977508544922,-233.45018005371094,-72.07975769042969,204.0913552358356,-233.50964206547974,-72.08859920660046,0.31223737505900817,0.3184393617595979,0.07110069585952748,3.570480793620797e-05,11.642382991202055,15.94562535669577,nan,nan,nan
520.24,204.40646362304688,-233.4496307373047,-72.08025360107422,204.09967807016966,-233.50912880502025,-72.08963616398117,0.31264265224496773,0.318485488829523,0.07112368938556574,3.500773518008509e-05,11.951842350687574,16.285395399327026,nan,0.11463780272192842,nan
520.25,204.41517639160156,-233.4490966796875,-72.08073425292969,204.0722788396172,-233.48511809741325,-72.09030516149137,0.3449172016332751,0.31842243310535856,0.07111417666081823,3.569148732478762e-05,11.439625470577376,17.36429127257133,17.03197714342448,nan,nan
520.26,204.42388916015625,-233.44857788085938,-72.08121490478516,204.0805630046274,-233.4845522153095,-72.09011866424089,0.3453205449170225,0.31846836842955345,0.07113715483137407,3.4994926648482926e-05,11.121225849194856,16.93719426030029,nan,0.46087173766375017,nan
520.27,204.43260192871094,-233.4480743408203,-72.08168029785156,204.08884103977982,-233.48401068813348,-72.09072339549174,0.34575243662460675,0.3185143892371421,0.07116019842436844,3.570018711298799e-05,11.128799433654073,17.20087859048191,nan,nan,nan
520.28,204.44131469726562,-233.44757080078125,-72.0821304321289,204.09712597283027,-233.48346518901826,-72.09044649455015,0.34615522822794426,0.31856049550211024,0.07118330678044996,3.5003294299065935e-05,10.797033231433709,16.73191804404547,nan,0.538177336819614,nan
520.29,204.4500274658203,-233.4470672607422,-72.08258056640625,204.1054042823484,-233.48294408600563,-72.09102562119185,0.34658852278694824,0.31860668753802773,0.0712064808088252,3.57088997240599e-05,10.802612372899302,16.23515492069516,nan,nan,nan
520.3,204.458740234375,-233.44659423828125,-72.08301544189453,204.11675660176786,-233.48296072404685,-72.09036008667684,0.3439902179787855,0.31854360980295104,0.07119688278241122,3.4990496413710074e-05,10.26829043794257,16.365073652272596,0.17113888668072064,1.0454936437985738,nan
520.3100000000001,204.46743774414062,-233.4461212158203,-72.08345031738281,204.12504158137338,-233.48245855031277,-72.09091092832745,0.3443997602662015,0.31858960983724055,0.0712200406725415,3.569557259999556e-05,10.268361058394163,15.798469209939865,nan,nan,nan
520.32,204.4761505126953,-233.44564819335938,-72.08386993408203,204.13332293569695,-233.4819731989948,-72.09194244538635,0.34484115042108743,0.3186356952611963,0.07124326359225788,3.49988580424265e-05,10.5548609969675,16.07134864469285,nan,0.16839623972095086,nan
520.33,204.48486328125,-233.44520568847656,-72.08428192138672,204.1416081784829,-233.481489893304,-72.09248296681483,0.34526492182341306,0.31868186638159024,0.07126655230707403,3.570428274129733e-05,10.558737055719938,16.636774972925394,nan,nan,nan
520.34,204.4935760498047,-233.4447479248047,-72.08468627929688,204.14989554934354,-233.48101196511757,-72.09276013400233,0.34568273625803775,0.31872812318234206,0.07128990637200107,3.5007232350496094e-05,10.521280423611492,15.921806593506227,nan,0.046274870661530264,nan
520.35,204.50228881835938,-233.44432067871094,-72.0850830078125,204.14391307301378,-233.47321816955045,-72.09325353490215,0.35963175241037154,0.318665022878662,0.07128022042687181,3.5690967422651054e-05,10.495152110732445,16.971667290466662,1.973635559250676,nan,nan
520.36,204.51100158691406,-233.4438934326172,-72.0854721069336,204.1521727659305,-233.4727539747671,-72.09425037802345,0.36009458716422915,0.3187110874212076,0.07130355762881944,3.499442924587867e-05,10.809825189057033,17.03185201156218,nan,0.16321859823058096,nan
520.37,204.51971435546875,-233.44337463378906,-72.08595275878906,204.1604362227078,-233.47224060013778,-72.0948158212545,0.36054483018025013,0.3187572375846534,0.07132696075535415,3.569967198977241e-05,10.79554452151962,17.174013328139452,nan,nan,nan
520.38,204.52842712402344,-233.4427490234375,-72.08653259277344,204.16868215028097,-233.4716635613362,-72.09787316567933,0.3610832386426924,0.31880347336035053,0.07135042948013262,3.500280183586345e-05,12.257795101163698,18.132681843087248,nan,4.055909137466084,nan
520.39,204.53713989257812,-233.44204711914062,-72.08719635009766,204.17694549395893,-233.47096394797555,-72.09865154261672,0.3615347966962019,0.3188497950441554,0.07137396439167494,3.570839008669509e-05,12.245445563429495,18.764157806045027,nan,nan,nan
520.4,204.5458526611328,-233.44125366210938,-72.08795928955078,204.16740242511548,-233.47479968781178,-72.09827909666679,0.38007422354181064,0.31878667127780114,0.07136418667356868,3.499001061925175e-05,12.777039708445809,19.071299083590905,17.645323114188628,0.9552065808514935,nan
520.41,204.55458068847656,-233.4403533935547,-72.08881378173828,204.1756181635136,-233.47394991828196,-72.0992289892486,0.3805913797598861,0.31883280043867823,0.07138770392138193,3.569507021561497e-05,12.763418181372256,18.767542329498735,nan,nan,nan
520.42,204.56329345703125,-233.4393768310547,-72.08975219726562,204.18382263883223,-233.4730282548008,-72.10185595272391,0.3811522282251163,0.3188790151431054,0.07141128700328157,3.499837841187284e-05,13.899563388218807,20.187496635901496,nan,1.7768146576340713,nan
520.4300000000001,204.57200622558594,-233.43832397460938,-72.09078216552734,204.19203846847222,-233.47200052722997,-72.10300233916877,0.3816529042025797,0.3189253156790539,0.07143493641128464,3.570378706672017e-05,13.884287767757392,20.404403597118314,nan,nan,nan
520.44,204.58071899414062,-233.43716430664062,-72.0918960571289,204.20025168651054,-233.47088929922236,-72.10461093164125,0.38217066257601223,0.31897170204947956,0.07145865196325069,3.50067594434864e-05,14.309750988034278,20.381265997983483,nan,0.0984312938851978,nan
520.45,204.5894317626953,-233.43592834472656,-72.09309387207031,204.2217057398041,-233.48271539873295,-72.10590374939757,0.37091178100881245,0.3189085542171851,0.07144877955026824,3.56904800457543e-05,14.900459566470829,20.564556586957053,6.0152658978190585,nan,nan
520.46,204.59814453125,-233.43460083007812,-72.0943832397461,204.2299270709062,-233.4814714121343,-72.10822529695812,0.3714465669678275,0.31895474779995914,0.071472476672074,3.499396453596059e-05,15.768561568298113,21.136053943618688,nan,0.5831043734523779,nan
520.47,204.6068572998047,-233.43319702148438,-72.09575653076172,204.2381544104849,-233.48013404984667,-72.10973313893352,0.3719411926638854,0.3190010271367922,0.07149624026367567,3.5699192354201264e-05,15.754957593043706,21.312753937893447,nan,nan,nan
520.48,204.61557006835938,-233.4317169189453,-72.09721374511719,204.2463843903008,-233.47870955777344,-72.11091376168184,0.37241651875484816,0.3190473922388006,0.07152007022018994,3.500234479611312e-05,15.634223933444638,21.338420692386034,nan,0.11987402850206794,nan
520.49,204.62428283691406,-233.43014526367188,-72.09874725341797,204.2546115082988,-233.47720637062096,-72.11258626592509,0.37291172850235355,0.31909384338190655,0.0715439669182126,3.57079186580242e-05,15.625290235923021,21.228149071266557,nan,nan,nan
520.5,204.63299560546875,-233.42848205566406,-72.1003646850586,204.27885698702167,-233.47792664350834,-72.11460182673034,0.35785698895743107,0.31903067058314916,0.071533996196236,3.4989562560453706e-05,15.581564229557456,20.57817045211714,4.598830318025322,0.07862078218699725,nan
520.51,204.64170837402344,-233.4267578125,-72.10206604003906,204.28711700383744,-233.47625596574417,-72.11644130348019,0.3583179526397894,0.319076928665578,0.0715578736434969,3.569460832888117e-05,15.566060592469725,20.960916821463208,nan,nan,nan
520.52,204.65040588378906,-233.42494201660156,-72.10384368896484,204.2953960700473,-233.47448281640436,-72.1154405312553,0.35863734530744185,0.3191232724431632,0.07158181766652441,3.499793879837753e-05,13.608005884118825,18.651237596356527,nan,6.02718364468296,nan
520.53,204.65911865234375,-233.4230499267578,-72.1056900024414,204.3036556773912,-233.47265347546792,-72.1174043822623,0.359098406152614,0.31916970218353863,0.07160582858139221,3.5703334150128445e-05,13.59775237772065,18.695678459082433,nan,nan,nan
520.54,204.66783142089844,-233.42108154296875,-72.1075439453125,204.31192673360172,-233.47073330183883,-72.11761434430059,0.3594924985788221,0.31921621791007204,0.07162990637382918,3.5006328619209084e-05,12.639945590612406,17.869609850714365,nan,2.269148885674195,nan
520.55,204.67654418945312,-233.41903686523438,-72.10939025878906,204.34134921746673,-233.47476645109705,-72.119500300543,0.3399465677568362,0.3191530194973182,0.07161983422622761,3.569003727540791e-05,12.253795837745502,16.942391861038317,5.522280345636004,nan,nan
520.5600000000001,204.6852569580078,-233.4169158935547,-72.1112060546875,204.3496493464329,-233.4727076476048,-72.12123405049375,0.3403612044092248,0.31919934189048543,0.07164389196375326,3.499354358467783e-05,12.251669511593331,17.042235905260156,nan,0.038499203322769515,nan
520.57,204.6939697265625,-233.41473388671875,-72.11299133300781,204.35794769835357,-233.47057517442124,-72.12317285083788,0.34078250565315027,0.31924575016738366,0.07166801674581037,3.5698759154123146e-05,12.268673727000307,17.42078302178558,nan,nan,nan
520.58,204.7026824951172,-233.41246032714844,-72.11475372314453,204.36624773376076,-233.4683664485843,-72.12476059699937,0.3411949304830099,0.31929224435965503,0.07169220860438315,3.500193317326317e-05,12.214101743357011,16.73983593449874,nan,0.07273024866939103,nan
520.59,204.7113800048828,-233.41015625,-72.11647033691406,204.3745453729927,-233.46610831013564,-72.12663418152661,0.34160138467410905,0.31933882472267394,0.07171646778632494,3.5707495288050734e-05,12.23216761192898,16.85731869694852,nan,nan,nan
520.6,204.7200927734375,-233.40786743164062,-72.1181640625,204.40894656157363,-233.48362958024398,-72.12813118799879,0.32039227816684857,0.3192755997931949,0.07170629075585165,3.49891612088857e-05,12.817405218438553,16.49842723085389,11.90862654402318,0.04172166523634105,nan
520.61,204.7288055419922,-233.40560913085938,-72.11981964111328,204.41727619134596,-233.4814252242781,-72.12993559931674,0.3207817777644318,0.31932198654200855,0.0717305290410086,3.569419574563611e-05,12.82914751662215,16.674584934111426,nan,nan,nan
520.62,204.7375030517578,-233.40338134765625,-72.12144470214844,204.42559889707363,-233.4792572588614,-72.13277616059419,0.32120049433488623,0.3193684591346008,0.0717548345933881,3.4997547173091495e-05,13.614618499948557,17.23877779903782,nan,0.8059471170137443,nan
520.63,204.7462158203125,-233.4011993408203,-72.12303161621094,204.43392754254032,-233.47712162817683,-72.13452750985168,0.321590294819295,0.31941501781819703,0.0717792076257523,3.5702931775617206e-05,13.630748994476168,17.558683406421544,nan,nan,nan
520.64,204.7549285888672,-233.3990478515625,-72.12459564208984,204.4679214451685,-233.47479869579513,-72.13540776551875,0.29703230960464383,0.313092885281027,0.07180316342326841,3.500457465760785e-05,15.843505220313705,19.385594161918913,nan,0.5124612184137312,0.1033909051375119
520.65,204.7636260986328,-233.39694213867188,-72.1261215209961,204.48676514739316,-233.47249038035,-72.13699694096132,0.2871894808334779,0.31302573671559986,0.07179290984338543,3.568824225525911e-05,15.205959737896208,18.843361791569922,6.207833623962383,nan,nan
520.66,204.7723388671875,-233.39488220214844,-72.12761688232422,204.49513336313126,-233.4704500375752,-72.13866694187304,0.28753346421972165,0.31306707853557264,0.07181725018989119,3.4991845908205744e-05,15.358073164578679,19.144206693934365,nan,0.0002812232699617211,nan
520.67,204.7810516357422,-233.3928680419922,-72.12908935546875,204.503502853882,-233.4684506773891,-72.14028803063815,0.2878740547725092,0.313108515461404,0.07184165191511485,3.569702125449369e-05,15.35803131444753,19.165719132579927,nan,nan,nan
520.6800000000001,204.7897491455078,-233.39088439941406,-72.13052368164062,204.51192930111054,-233.46648898180834,-72.14122435314785,0.28812223654317715,0.3131500256311948,0.07186611510851047,3.5000290238016086e-05,15.092897683573739,18.764097764774856,nan,0.30402568500742366,nan
520.69,204.7984619140625,-233.38893127441406,-72.1319351196289,204.52029807401814,-233.46456974863875,-72.14278237084993,0.28846830597192746,0.31319163083122165,0.07189063996477495,3.57058141407113e-05,15.095147692610933,18.512959169676698,nan,nan,nan
520.7,204.80715942382812,-233.3870391845703,-72.13331604003906,204.555610291834,-233.47473522915496,-72.14415212814264,0.2666176716727125,0.31312457075067845,0.07188028577191787,3.498757367086508e-05,15.04813296699957,18.508620799470958,7.211660203491083,0.032438578481521686,nan
520.71,204.8158721923828,-233.38516235351562,-72.13467407226562,204.56402493974218,-233.47291264505483,-72.14565489904015,0.2669227058241797,0.31316600620395935,0.07190478496443566,3.5692571997003815e-05,15.048737518058418,17.91470637040194,nan,nan,nan
520.72,204.82456970214844,-233.3833465576172,-72.13600158691406,204.5724837956934,-233.47112613664797,-72.1466041260311,0.2671422328345215,0.31320751557410736,0.07192934586343268,3.499601343099307e-05,14.857676362914052,18.327906608088725,nan,0.19646792011779735,nan
520.73,204.83328247070312,-233.3815460205078,-72.13729858398438,204.58089783122313,-233.46937837947897,-72.14804979899084,0.2674474119373792,0.3132491191925676,0.07195396864573105,3.570136370758282e-05,14.861378978858198,17.893306091055184,nan,nan,nan
520.74,204.84197998046875,-233.37979125976562,-72.1385726928711,204.58922871781803,-233.46766988410783,-72.15046975855999,0.26785703940687816,0.3132907973709306,0.07197865342678791,3.500446637338091e-05,15.643594595511889,18.85373901750008,nan,0.7053751002508709,nan
520.75,204.85069274902344,-233.37806701660156,-72.13982391357422,204.59099193665668,-233.45215776326646,-72.15194250095874,0.27033462753689613,0.31322384569419565,0.07196819597839621,3.568813390952933e-05,14.566438093585012,18.259826554602373,16.255137715355882,nan,nan
520.76,204.85939025878906,-233.3763885498047,-72.14104461669922,204.59947687190035,-233.45047248378125,-72.15267209222236,0.27051542681415974,0.3132653543295449,0.07199285449041913,3.49917454620519e-05,14.288964746788928,18.385597261444403,nan,0.30130489920743103,nan
520.77,204.86810302734375,-233.37472534179688,-72.14225006103516,204.60790855021148,-233.44882276526272,-72.15402445836814,0.270795551158007,0.31330695644785067,0.07201757510492225,3.5696920538742934e-05,14.285651373751703,17.767312917290532,nan,nan,nan
520.78,204.87680053710938,-233.37310791015625,-72.14342498779297,204.61639322669578,-233.44720482794682,-72.15468800986682,0.2709781840096031,0.313348633770874,0.07204235794967276,3.500019697857757e-05,14.000994634660701,17.91164495333612,nan,0.3128737610788097,nan
520.79,204.88551330566406,-233.37152099609375,-72.14457702636719,204.62482448503695,-233.44562115795028,-72.1559880004769,0.27125579351831425,0.3133904045219122,0.07206720318360926,3.570572074832956e-05,13.998992829601704,17.838061901075587,nan,nan,nan
520.8,204.8942108154297,-233.36996459960938,-72.14570617675781,204.61778887215033,-233.4381312125825,-72.15924843120642,0.28502485945284983,0.31332354105177834,0.07205663975735681,3.498748759788446e-05,15.740273370673052,19.796848389435674,3.1909524690022937,2.4679025275238557,nan
520.8100000000001,204.9029083251953,-233.36843872070312,-72.14681243896484,204.6261909209283,-233.43660347131149,-72.16052553597038,0.2853191267322461,0.31336514174305546,0.07208145809411061,3.5692485921632294e-05,15.742808311060195,19.7848067511469,nan,nan,nan
520.82,204.91162109375,-233.366943359375,-72.14789581298828,204.6346071059651,-233.43510621942278,-72.16159811092946,0.28560580856707596,0.3134068182605162,0.07210633888719703,3.49959339415821e-05,15.815631948627463,19.879495919754675,nan,0.023741969891191383,nan
520.83,204.92031860351562,-233.365478515625,-72.14896392822266,204.64300916660642,-233.43363925351647,-72.16283135129264,0.2858998345774501,0.3134485874719704,0.07213128228785701,3.570128433116117e-05,15.812806739858702,19.822382121614158,nan,nan,nan
520.84,204.9290313720703,-233.36404418945312,-72.1500015258789,204.6514176221056,-233.43220161715533,-72.16395789132882,0.2861985486633642,0.3134904331255782,0.0721562884350777,3.500439318004134e-05,15.967038956559072,20.12528605275705,nan,0.005248957725668276,nan
520.85,204.93772888183594,-233.36264038085938,-72.1510238647461,204.66834488570566,-233.43837223888886,-72.1651041597354,0.28018084588118974,0.31342367416145744,0.07214561633210338,3.568806119370047e-05,16.312444953263864,20.092796529343616,2.156455456944698,nan,nan
520.86,204.94644165039062,-233.36126708984375,-72.15203094482422,204.6767035419212,-233.43701159441898,-72.16692523472557,0.2805667781574924,0.31346534991230424,0.07217059494257771,3.499167851998434e-05,17.073657372767062,20.879086050377037,nan,0.298106521516376,nan
520.87,204.95513916015625,-233.3599090576172,-72.15300750732422,204.68510997434157,-233.4356783001729,-72.16808393589338,0.28086302356772563,0.31350711764735556,0.07219563637701408,3.569685391482605e-05,17.078530612408084,20.65940911437058,nan,nan,nan
520.88,204.96385192871094,-233.35858154296875,-72.15396881103516,204.693573494114,-233.43437187361283,-72.16843085933364,0.281076070251992,0.3135489624069229,0.0722207407783666,3.500013575359839e-05,16.66444052042676,20.294167848345023,nan,0.44396300541891026,nan
520.89,204.97254943847656,-233.35728454589844,-72.15491485595703,204.70197974031638,-233.43309258449352,-72.16954456686491,0.2813695945182725,0.3135908991261235,0.07224590829210228,3.570565992870551e-05,16.659492466355424,20.36452021329798,nan,nan,nan
520.9,204.98126220703125,-233.35601806640625,-72.15583801269531,204.7116665412954,-233.4257682745819,-72.17043177186648,0.27885460787094346,0.3135242277392349,0.0722351247875884,3.49874320217288e-05,16.07094355439116,20.245580023647168,6.120603425980917,0.062252566267360664,nan
520.91,204.98995971679688,-233.35476684570312,-72.15673828125,204.72009223257984,-233.4245192618583,-72.17150897539759,0.27912726846855457,0.31356599405298236,0.07226026410722995,3.5692430831858365e-05,16.072444754305117,20.027521692720086,nan,nan,nan
520.92,204.9986572265625,-233.35354614257812,-72.15763092041016,204.72855482761386,-233.4232954900384,-72.17203596139237,0.27933453527024543,0.3136078379446021,0.07228546660940308,3.4995883525353187e-05,15.864974854102332,19.885736968634806,nan,0.20072233484629093,nan
520.9300000000001,205.0073699951172,-233.3523406982422,-72.15850067138672,204.73698040786618,-233.4220962290734,-72.17307389090044,0.2796224985624471,0.31364977312641423,0.07231073243860481,3.570123447183977e-05,15.861713002437128,19.663600030845025,nan,nan,nan
520.94,205.0160675048828,-233.35118103027344,-72.15934753417969,204.74550280764257,-233.42092123858203,-72.17266265925441,0.2797253020436065,0.31369178646780055,0.0723360617392371,3.500434766105538e-05,14.952305986756187,19.449911918757312,nan,1.448929062628409,nan
520.95,205.0247802734375,-233.3500213623047,-72.16018676757812,204.7355436124949,-233.40760970237466,-72.17359094954858,0.295218453081002,0.31362521563695217,0.0723251641047493,3.568801647201669e-05,14.602941089786253,18.887084709304535,4.249302240530067,nan,nan
520.96,205.03347778320312,-233.34889221191406,-72.16100311279297,204.74398857426684,-233.40645513411593,-72.17394133214323,0.29544016250830174,0.31366705867732325,0.07235046453928164,3.499163780464898e-05,14.328178677252113,18.869237538815273,nan,0.274532042876028,nan
520.97,205.0421905517578,-233.34779357910156,-72.16180419921875,204.7523924354708,-233.40532303575702,-72.17489337863528,0.2957429850467692,0.3137089923671199,0.07237582851292274,3.569681387644656e-05,14.319577324399123,19.087552712942102,nan,nan,nan
520.98,205.05088806152344,-233.34671020507812,-72.16259002685547,204.760855411683,-233.40421390013483,-72.17491713656867,0.295935078273131,0.313751004724482,0.0724012561687188,3.5000099416043516e-05,13.837545410124939,18.41009305957352,nan,0.588686075568801,nan
520.99,205.05960083007812,-233.34564208984375,-72.16336059570312,204.7692593091419,-233.40312573633082,-72.17582999047286,0.2962398592339357,0.31379310774274866,0.0724267476531185,3.570562431696119e-05,13.827755288869575,18.21493869634604,nan,nan,nan
521.0,205.06829833984375,-233.3446044921875,-72.16411590576172,204.77008769355518,-233.40479525641652,-72.17438093637796,0.30439758295996777,0.3137266234899661,0.07241573315070063,3.498739995615873e-05,13.109278115827312,17.612985078801128,6.189057708392679,4.210764783664618,nan
521.01,205.07701110839844,-233.3435821533203,-72.16485595703125,204.77846335431062,-233.4037647093075,-72.17524260216553,0.30473034622954376,0.31376855572525614,0.07244119508264518,3.569239953523246e-05,13.097985026738801,17.46820329994231,nan,nan,nan
521.02,205.08572387695312,-233.34259033203125,-72.16558074951172,204.78683720801916,-233.40275477746653,-72.17612220062617,0.30506413022931983,0.313810567104318,0.07246672090323736,3.499585534644004e-05,13.227590467300779,17.889872094642385,nan,0.0007182149039741992,nan
521.03,205.09442138671875,-233.34161376953125,-72.16629791259766,204.79521295950258,-233.4017651223895,-72.17695654950211,0.30538086827519645,0.31385266854848304,0.07249231076205538,3.570120709818772e-05,13.211129066470033,17.698180490631916,nan,nan,nan
521.04,205.10313415527344,-233.3406524658203,-72.1669921875,204.80362924581655,-233.40079640493522,-72.17710347933179,0.3056513085585316,0.3138948496802362,0.07251796479763585,3.500432313940713e-05,12.927575431017853,17.349140868892615,nan,0.3207716082306473,nan
521.05,205.11183166503906,-233.33970642089844,-72.16767120361328,204.81367365816683,-233.40331799512595,-72.17802676122155,0.3050440411007883,0.3138284620264571,0.07250683068849283,3.568799290152933e-05,13.270271374696707,17.428293667088067,1.4835991780765596,nan,nan
521.0600000000001,205.12054443359375,-233.3387908935547,-72.16834259033203,204.82205679009095,-233.40239717410537,-72.17863467686276,0.3053629959482659,0.3138704724247546,0.07253245446882801,3.499161682332934e-05,13.270205834980066,17.740704033818936,nan,0.023663316493304096,nan
521.07,205.12924194335938,-233.337890625,-72.16899871826172,204.83042945259257,-233.401494544852,-72.1794113795302,0.30568412908342896,0.31391257232283565,0.07255814249402892,3.5696793756540265e-05,13.257523490225008,17.640562264020286,nan,nan,nan
521.08,205.13795471191406,-233.33700561523438,-72.16963958740234,204.83889654709387,-233.40061315017925,-72.17853292773167,0.3058770928814386,0.3139547523369482,0.0725838948982262,3.500008164528544e-05,12.45810038810675,16.81133186478212,nan,1.9057223141146216,nan
521.09,205.1466522216797,-233.3361358642578,-72.17027282714844,204.84726965499178,-233.3997461846474,-72.17926892498795,0.30619785086287754,0.3139970219007675,0.07260971183737919,3.570560742799901e-05,12.44261932473266,16.682525441488412,nan,nan,nan
521.1,205.15536499023438,-233.3352813720703,-72.17089080810547,204.87105673658655,-233.40337567058137,-72.18036963088774,0.2925027600952252,0.3139307194545497,0.0725984553661561,3.4987385274940724e-05,12.45211087046571,16.458077638356094,3.706554755582578,0.14572443817146102,nan
521.11,205.16407775878906,-233.33444213867188,-72.17149353027344,204.87946244676297,-233.40254651620157,-72.18108538286151,0.29280725010574327,0.31397281782692893,0.07262424133512217,3.569238575123686e-05,12.440230540146032,16.416816435666995,nan,nan,nan
521.12,205.1727752685547,-233.33363342285156,-72.17208862304688,204.8879097092633,-233.4017361503426,-72.18103010783035,0.2930295522848166,0.31401499671149546,0.07265009188146716,3.499584346000254e-05,12.123575540370052,16.47616309428588,nan,0.407546829903368,nan
521.13,205.18148803710938,-233.33282470703125,-72.17266845703125,204.8963156890082,-233.40094034894122,-72.18171584611126,0.29333404855815054,0.31405726462653355,0.07267600716643031,3.570119612038599e-05,12.110546257694146,16.02905479496959,nan,nan,nan
521.14,205.19020080566406,-233.33204650878906,-72.17323303222656,204.90464157127653,-233.40015664468785,-72.18390389139059,0.293763398318179,0.3140996135589138,0.07270198731650296,3.500431385523049e-05,13.048084773255322,17.403797705264306,nan,1.6159214827137114,nan
521.15,205.1988983154297,-233.33128356933594,-72.17379760742188,204.9064786087876,-233.38945236281506,-72.18460365896185,0.29834487446132074,0.31403340377544675,0.07269060574755794,3.5687984602726674e-05,12.437180653446973,17.22911756658898,5.068347292894351,nan,nan
521.16,205.20761108398438,-233.3305206298828,-72.1743392944336,204.91489988737007,-233.3886768335061,-72.18507858024633,0.2986257204311459,0.3140755815113512,0.07271655419538232,3.499161001918308e-05,12.439425085167032,16.82684643688945,nan,0.026845476716298992,nan
521.17,205.21632385253906,-233.3297882080078,-72.17488098144531,204.9233112049522,-233.38791590059637,-72.18573650945221,0.29891986012950295,0.31411784778874613,0.07274256758221047,3.569678787153507e-05,12.421526720758695,17.215917212391556,nan,nan,nan
521.1800000000001,205.2250213623047,-233.3290557861328,-72.17539978027344,204.93165835892506,-233.38716595158883,-72.18767058415631,0.29931457650634224,0.31416019543244755,0.07276864602873573,3.500007707372643e-05,13.399943281590325,17.84457013991048,nan,1.1676906356938273,nan
521.19,205.23373413085938,-233.32835388183594,-72.17591857910156,204.9400702904581,-233.3864342826283,-72.18832207685294,0.2996091301544368,0.3142026317058547,0.07279478970460397,3.570560377591047e-05,13.383489080773408,18.243394929915233,nan,nan,nan
521.2,205.24244689941406,-233.32765197753906,-72.17642211914062,204.94251798825076,-233.37484446437733,-72.18763432598513,0.30382593067068947,0.31413650539995563,0.07278328026561684,3.4987382815162296e-05,11.96486869306856,16.963047294458878,6.715869843941915,1.1670934306907819,nan
521.21,205.2511444091797,-233.3269805908203,-72.17691802978516,204.95093885431493,-233.3741101330761,-72.1882536603719,0.304093843156513,0.31417877004344796,0.07280939149631953,3.5692384207207156e-05,11.947261282382938,17.498646916076623,nan,nan,nan
521.22,205.25985717773438,-233.32630920410156,-72.17739868164062,204.95938157858643,-233.3733911504235,-72.1884020267299,0.3043408762488706,0.3142211163711133,0.07283556797773252,3.4995842893823436e-05,11.784080487488174,16.89095559089895,nan,0.15064645943504051,nan
521.23,205.26856994628906,-233.32565307617188,-72.1778793334961,204.96780257473557,-233.37268414169048,-72.18899874666523,0.30462530141837746,0.314263550884085,0.07286180988553628,3.57011964642698e-05,11.76483023190356,16.901445574517382,nan,nan,nan
521.24,205.2772674560547,-233.32501220703125,-72.1783447265625,204.9761867819752,-233.3719876535675,-72.19039302758952,0.30496135236956573,0.3143060675490691,0.07288811733167923,3.500431502705097e-05,12.424964805361071,17.673166861139773,nan,0.45868560111339063,nan
521.25,205.28598022460938,-233.3243865966797,-72.17880249023438,205.0016292889978,-233.37677698389422,-72.1909559511413,0.2893923182596249,0.3142400300047096,0.0728764772994649,3.56879867130764e-05,12.170789194776383,17.269268838939368,3.6947055562077185,nan,nan
521.26,205.29469299316406,-233.32376098632812,-72.17924499511719,205.01007600944502,-233.376113092646,-72.19173565726881,0.28966115911221485,0.3142823749825372,0.07290275154050585,3.499161281345627e-05,12.468383724315515,17.20904750435305,nan,0.028327845688324003,nan
521.27,205.30340576171875,-233.3231658935547,-72.1796875,205.0185318774228,-233.37546209454857,-72.19230917357281,0.28990917411499745,0.31432480772982674,0.07292909140151334,3.5696791555811204e-05,12.448742776426553,17.752524086779967,nan,nan,nan
521.28,205.31211853027344,-233.32257080078125,-72.18011474609375,205.0269608693716,-233.37482078784956,-72.19349742681985,0.2902137985400738,0.31436732290250896,0.07295549698840678,3.500008131130448e-05,13.080308693866009,18.01491563148559,nan,0.27373799572954727,nan
521.29,205.32081604003906,-233.32199096679688,-72.18053436279297,205.0354169369685,-233.3741936692262,-72.19406164860644,0.2904492341802476,0.3144099259691591,0.07298196848561583,3.5705608890664456e-05,13.064668779882986,18.167092067378192,nan,nan,nan
521.3,205.32952880859375,-233.32142639160156,-72.18094635009766,205.02613524891512,-233.35985914001495,-72.1928131619286,0.30604827957056857,0.31434396983451446,0.07297019507463458,3.4987388385348475e-05,11.550957336833783,17.38104578612063,5.410868684292335,2.07378537758822,nan
521.3100000000001,205.33824157714844,-233.32086181640625,-72.18135070800781,205.03457386112237,-233.3592238009411,-72.19334364616385,0.3063161017308033,0.31438640080372215,0.072996632596614,3.569239063861662e-05,11.533335824542835,16.98566657803195,nan,nan,nan
521.32,205.34695434570312,-233.3203125,-72.18174743652344,205.0430608212359,-233.35860441092686,-72.19268670592025,0.3064917817339826,0.31442891444296067,0.0730231360286463,3.49958496411844e-05,10.900380820876107,16.489011132975232,nan,0.9839194466078737,nan
521.33,205.3556671142578,-233.3197784423828,-72.18213653564453,205.05149980494403,-233.3579912432304,-72.19319132146751,0.306757523939342,0.31447151560157727,0.07304970556099932,3.570120405636336e-05,10.880977561850193,16.622869453678096,nan,nan,nan
521.34,205.36436462402344,-233.31915283203125,-72.1826171875,205.05991466048667,-233.35733445353105,-72.19435355640948,0.3070592106957115,0.31451419986356305,0.07307634129112174,3.5004322830572413e-05,11.373416582387788,17.221962889144518,nan,0.2655991665846381,nan
521.35,205.37307739257812,-233.3184356689453,-72.18319702148438,205.05792083262887,-233.34262614229112,-72.19504035345108,0.31630539165783833,0.3144483286284706,0.07306443179694011,3.568799535815287e-05,10.684768528956244,17.2595359930776,8.089294689057422,nan,nan
521.36,205.3817901611328,-233.317626953125,-72.18386840820312,205.06639265976534,-233.34175476816216,-72.19500444294225,0.3165150021673891,0.3144908406872611,0.07309103276532443,3.4991621571462246e-05,10.279116293016127,16.820718993156238,nan,0.4305972097056358,nan
521.37,205.3905029296875,-233.3167266845703,-72.18462371826172,205.07483481110543,-233.34078990097626,-72.19583433209975,0.31678238166849987,0.3145334399167213,0.0731177000204464,3.569680111991172e-05,10.236540040255758,16.738112961304264,nan,nan,nan
521.38,205.3992156982422,-233.31573486328125,-72.18547821044922,205.08333819142783,-233.339742887291,-72.19510309223234,0.31693472968017916,0.3145761224538075,0.07314443365426025,3.500009089958044e-05,9.343602568666045,15.727495570896005,nan,1.9293474640843413,nan
521.39,205.40792846679688,-233.31466674804688,-72.18641662597656,205.09178056818973,-233.338600226245,-72.19609918842828,0.31720034235164885,0.31461889231912693,0.07317123386501534,3.570561926448323e-05,9.302565592748296,16.12732354487095,nan,nan,nan
521.4,205.4166259765625,-233.31349182128906,-72.18744659423828,205.0755675506789,-233.32190080946216,-72.19749241989979,0.34130994647316903,0.3145531001162138,0.07315918549482098,3.498739870889936e-05,9.31842395358391,16.245078379406703,6.414835203472325,0.0755046954787347,nan
521.41,205.4253387451172,-233.31224060058594,-72.18856048583984,205.08397736298903,-233.32055292189935,-72.19867004614044,0.34161219402054943,0.3145956973884913,0.0731859501473886,3.569240172490012e-05,9.278265954329438,16.533978738337737,nan,nan,nan
521.42,205.43405151367188,-233.3109130859375,-72.18975830078125,205.0924292830972,-233.3191252781679,-72.19871256176964,0.34183821804165054,0.3146383781469801,0.07321278135632155,3.4995860594427894e-05,8.68614523264841,16.28620580955603,nan,1.0561237405666126,nan
521.4300000000001,205.44276428222656,-233.3094940185547,-72.19104766845703,205.10083876964592,-233.31760764655232,-72.20005253708165,0.34214028522196405,0.3146811459217835,0.07323967932490931,3.570121574992058e-05,8.647131195214628,15.926783189475728,nan,nan,nan
521.44,205.45147705078125,-233.30799865722656,-72.19242095947266,205.10928718574888,-233.31601190229466,-72.20031369759835,0.3423746648665926,0.31472399758535774,0.073266644137783,3.500433432329413e-05,8.135819627985105,15.68111734576224,nan,0.957698088474779,nan
521.45,205.46018981933594,-233.30641174316406,-72.19387817382812,205.1157568681534,-233.32211353270134,-72.20191210521575,0.34488425320464844,0.31465828645649024,0.07325445421013345,3.568800756912484e-05,8.800237604545051,15.508935416519497,7.204937639670152,nan,nan
521.46,205.46890258789062,-233.30474853515625,-72.1954116821289,205.1241313009402,-233.32037279558594,-72.2039123730162,0.34522980688953253,0.31470096537725023,0.07328138265297002,3.499163351942109e-05,9.03800124226446,15.935516406320595,nan,0.12187629340836614,nan
521.47,205.47760009765625,-233.30300903320312,-72.19702911376953,205.1325187460953,-233.31855377386944,-72.20558430287005,0.3455372185714155,0.3147437310250577,0.07330837803453213,3.5696813760111947e-05,9.003668687064781,16.03713542942801,nan,nan,nan
521.48,205.48631286621094,-233.30117797851562,-72.19873046875,205.14090571012105,-233.3166551855699,-72.20733828095503,0.3458608706507065,0.3147865820737803,0.07333544046752574,3.641629671466451e-05,8.969904158033168,15.528285398327624,nan,nan,nan
521.49,205.49502563476562,-233.29928588867188,-72.20050811767578,205.14929228086933,-233.31467783940616,-72.20917341587175,0.3461842739591312,0.3148295186679181,0.07336257009645104,3.715022688327878e-05,8.93711757034258,16.141944169020096,nan,nan,nan
521.5,205.5037384033203,-233.29730224609375,-72.20235443115234,205.14905335835786,-233.30717855298158,-72.2099124397131,0.35490300935771624,0.31476388381179016,0.07335023581592033,3.634452493641242e-05,8.401092867371089,15.371902535040043,0.788407341808281,0.897227202026178,nan
521.51,205.51243591308594,-233.2952423095703,-72.20420837402344,205.15742771333007,-233.3050353707764,-72.211847313943,0.3552253923142124,0.3148066472901535,0.0733773282530375,3.707617085739068e-05,8.384414379751112,15.39594797715023,nan,nan,nan
521.52,205.52114868164062,-233.29312133789062,-72.2060546875,205.16577448938025,-233.30281152115305,-72.21472754947278,0.3556120564761115,0.31484949482633073,0.0734044878779492,3.629699853474891e-05,8.863521394265891,16.380643992204387,nan,0.5841970683973111,nan
521.53,205.5298614501953,-233.29090881347656,-72.20787048339844,205.17414829991066,-233.30051713279343,-72.2166560687386,0.3559513331837646,0.31489242911355664,0.07343171490934308,3.702736362081711e-05,8.857732262691947,15.798126386891491,nan,nan,nan
521.54,205.53855895996094,-233.28863525390625,-72.20965576171875,205.18254327149447,-233.29815215256247,-72.21778762844507,0.3562356931172709,0.3149354478434187,0.07345900941686431,3.625085398713125e-05,8.577780877140015,15.99964857356427,nan,0.390385958084547,nan
521.55,205.54727172851562,-233.28628540039062,-72.21141815185547,205.16808593869277,-233.2788880858312,-72.21949201241904,0.3793438686609735,0.3148698903700103,0.07344652813315689,3.69564955957307e-05,8.130215203360576,16.381084297754075,8.187687749087642,nan,nan
521.5600000000001,205.5559844970703,-233.2838592529297,-72.213134765625,205.17644797221496,-233.27633944074836,-72.22075424467504,0.3796874737669323,0.3149127358032763,0.07347378461298808,3.618357937291236e-05,7.952338242831205,16.08862889475572,nan,0.21175289512271886,nan
521.57,205.56468200683594,-233.28135681152344,-72.21482849121094,205.18479444752845,-233.27371640073284,-72.22254482368719,0.38004272836160896,0.31495566773230094,0.07350110867067738,3.6910675209147075e-05,7.942358535015548,15.81134079582619,nan,nan,nan
521.58,205.57339477539062,-233.27879333496094,-72.21648406982422,205.1930949302383,-233.27101362086586,-72.22606741829487,0.3805001139844801,0.3149986842099288,0.07352850037315097,3.6140312373894034e-05,8.851761411090944,17.107493351225255,nan,2.058998054476063,nan
521.59,205.58209228515625,-233.27618408203125,-72.21810913085938,205.2014403167883,-233.26826166621663,-72.2278111985094,0.3808579995371169,0.3150417873875493,0.07355595994302809,3.6866335021632183e-05,8.84386288351461,17.08135412223133,nan,nan,nan
521.6,205.59080505371094,-233.27357482910156,-72.21969604492188,205.24131811984077,-233.2875371551821,-72.22850138424535,0.34987654607897267,0.31497630332779875,0.07354332886673198,3.607612551582592e-05,8.875425322545027,15.742375115244768,12.247608399068662,0.6329996104493658,nan
521.61,205.59950256347656,-233.27099609375,-72.22126007080078,205.24970032446794,-233.2848260176901,-72.23017262437925,0.35018895873931455,0.31501923284093386,0.07357074956271288,3.680023248297872e-05,8.86242040855422,15.812210257261453,nan,nan,nan
521.62,205.60821533203125,-233.26844787597656,-72.22278594970703,205.25806118431996,-233.28214361778328,-72.23268965605914,0.3505618118143609,0.3150622469871447,0.07359823806900641,3.603576091795333e-05,9.404236581434049,16.057218393469654,nan,0.5105822283138165,nan
521.63,205.61691284179688,-233.2659454345703,-72.22428131103516,205.26644236599105,-233.27950766873093,-72.23430955654025,0.35087612388832684,0.3151053476089039,0.07362579461033532,3.6758930557910285e-05,9.396002521907903,16.08983949784623,nan,nan,nan
521.64,205.6256103515625,-233.2635040283203,-72.22575378417969,205.27482733503183,-233.276918221431,-72.23571350763493,0.3511806676832767,0.31514853322282643,0.0736534192505815,3.599682761108388e-05,9.392660123825664,16.591618861839233,nan,0.02324840331219241,nan
521.65,205.6343231201172,-233.26109313964844,-72.22718811035156,205.2862316804312,-233.27510561267033,-72.23721149996416,0.3485175291462089,0.31508312272937317,0.07364063575805703,3.6696046788228405e-05,9.314853048382883,15.891299525055453,0.3004270215693664,nan,nan
521.66,205.6430206298828,-233.2587432861328,-72.22859954833984,205.28883927230228,-233.27632051217688,-72.23873479046186,0.3547620555609956,0.3139581214816252,0.07318647680461739,3.742972432841035e-05,12.520236364056515,19.584454850177043,nan,nan,0.028590287210658913
521.67,205.65171813964844,-233.2564239501953,-72.22998046875,205.29722040181454,-233.2738807112062,-72.24023840411878,0.355075498834221,0.3139992216565154,0.07321157654824445,3.818006875240448e-05,12.499950611872743,19.00057299230489,nan,nan,nan
521.6800000000001,205.66043090820312,-233.25416564941406,-72.23133850097656,205.3057763185267,-233.27142662442373,-72.23891173644165,0.35515513952671407,0.31404039951930246,0.07323673709683898,3.732978580465957e-05,11.247821656245195,18.277809424772066,nan,4.865398336741714,nan
521.69,205.66912841796875,-233.25193786621094,-72.232666015625,205.31415685051985,-233.26907798271193,-72.24033456870919,0.3554678663356242,0.3140816678171903,0.07326196008702633,3.8077517274710094e-05,11.224070687040578,17.764109461804452,nan,nan,nan
521.7,205.67782592773438,-233.24977111816406,-72.23396301269531,205.31422889495224,-233.267476714285,-72.2423583314166,0.3641246651332554,0.3140122592263559,0.07325083281144865,3.7209517663563575e-05,12.044011121018357,19.11577514583458,4.377001023361658,0.21848972129383445,nan
521.71,205.6865234375,-233.2476348876953,-72.23523712158203,205.32258172862853,-233.26522586372883,-72.24373689668323,0.36446571316224663,0.31405335849241883,0.07327602630137517,3.795383435037626e-05,12.02220087927512,18.61757927525758,nan,nan,nan
521.72,205.6952362060547,-233.24554443359375,-72.23648834228516,205.33096900134694,-233.2630059667335,-72.24450798462132,0.36477365067721607,0.31409453606333493,0.07330128088925011,3.711627089979743e-05,11.820881252193816,18.53771066410366,nan,0.21280774115782883,nan
521.73,205.7039337158203,-233.24349975585938,-72.23770904541016,205.3393215441848,-233.26084002811265,-72.24583208899566,0.36511464580823816,0.31413580334518304,0.07332659808301203,3.7858266192886224e-05,11.799307603815878,18.696149517022942,nan,nan,nan
521.74,205.71263122558594,-233.2415008544922,-72.2389144897461,205.34769942662825,-233.2587063240362,-72.24669188619295,0.36541994194106814,0.31417714953699927,0.07335197669062177,3.7026257575240766e-05,11.657999117591693,18.69673565202465,nan,0.12227285887036089,nan
521.75,205.72132873535156,-233.23953247070312,-72.2400894165039,205.34740409417205,-233.24961762695375,-72.24806262085986,0.3741455861633667,0.3141078771989323,0.07334074180352991,3.7741863023411385e-05,11.419961802396482,18.56365160664326,2.0013701259795993,nan,nan
521.76,205.7300262451172,-233.2375946044922,-72.24124145507812,205.35573825993635,-233.2475609841288,-72.2495296841977,0.37451237538395726,0.31414905453461933,0.07336609033495373,3.6916305311276075e-05,11.566190133721225,18.39126447932322,nan,0.029257037006956484,nan
521.77,205.73873901367188,-233.2357177734375,-72.24237060546875,205.36408436116045,-233.24553892209607,-72.2507618101561,0.3748772811541596,0.3141903209135683,0.07339150163684637,3.765311990545812e-05,11.543821020636763,19.215921719943402,nan,nan,nan
521.78,205.7474365234375,-233.23385620117188,-72.24347686767578,205.37241938401976,-233.24355878933034,-72.25217172410682,0.3752433818235712,0.314231666733677,0.07341697463665016,3.683278210726454e-05,11.696351420072197,18.53711668589543,nan,0.02536873441266533,nan
521.79,205.75613403320312,-233.23204040527344,-72.24456024169922,205.38076523426656,-233.24161205782607,-72.25336247839277,0.37559397108909465,0.31427310159774013,0.0734425106707075,3.756766473268072e-05,11.675482718739683,18.850297152710343,nan,nan,nan
521.8,205.76483154296875,-233.2302703857422,-72.2456283569336,205.37313282764873,-233.2316518484398,-72.25309078896402,0.3917722296364895,0.3142039539046521,0.07343116425084109,3.6729537500468545e-05,11.108960284966328,19.120282899151917,2.3554744458232033,1.3636453159357464,nan
521.8100000000001,205.77352905273438,-233.22853088378906,-72.24666595458984,205.38145334369312,-233.22976326571757,-72.25422625294571,0.3921505304046483,0.3142452194847792,0.07345666954971186,3.7461687015016294e-05,11.087680564984156,18.952583195335034,nan,nan,nan
521.82,205.78224182128906,-233.22682189941406,-72.24768829345703,205.38981510284745,-233.2278952357836,-72.25455081328639,0.3924881852695989,0.3142865649846094,0.07348223682326872,3.665232105400514e-05,10.817205044764744,18.509594951750156,nan,0.4018854263115572,nan
521.83,205.7909393310547,-233.2251434326172,-72.24869537353516,205.39813591531856,-233.22607653834274,-72.2556388100806,0.3928658873092991,0.3143279989389977,0.07350786729733262,3.7382782124937646e-05,10.79213452350213,18.308569446320142,nan,nan,nan
521.84,205.7996368408203,-233.22349548339844,-72.24967193603516,205.40645017241073,-233.2242940809896,-72.25683855847427,0.393252786958116,0.3143695133529115,0.07353356005840113,3.65781391350233e-05,10.877100554377535,18.33818965703015,nan,0.011039008578549296,nan
521.85,205.80833435058594,-233.22189331054688,-72.2506332397461,205.41387102516512,-233.21351383237825,-72.25787176547321,0.3946187109237585,0.3143004979661931,0.07352210059150202,3.7283526980849836e-05,10.055576985852401,18.6012192013243,9.813232496304094,nan,nan
521.86,205.81703186035156,-233.22032165527344,-72.25157928466797,205.42231253542948,-233.21172946095933,-72.25691010641587,0.3948488178158584,0.31434184319175507,0.07354776200501208,3.6484449093408916e-05,9.39804186785931,17.862494951982015,nan,2.580067763741964,nan
521.87,205.8257293701172,-233.21878051757812,-72.25250244140625,205.43065638909724,-233.21001231018022,-72.25790518615521,0.39520720064769227,0.3143832763298103,0.07357348678535834,3.721094760855229e-05,9.372651701143365,17.822230318927705,nan,nan,nan
521.88,205.83444213867188,-233.21725463867188,-72.25340270996094,205.43906545403206,-233.2083023014913,-72.25751539625963,0.39549940744122114,0.314424790333785,0.07359927412085379,3.6416272855526854e-05,9.023959823983477,16.911601680288395,nan,1.2174900336219976,nan
521.89,205.8431396484375,-233.2157745361328,-72.2542953491211,205.44740946510487,-233.20664642507967,-72.25846224216778,0.39585737761160766,0.3144663923117343,0.07362512509047,3.7141404223121896e-05,8.996258261477378,17.439915857035743,nan,nan,nan
521.9,205.85183715820312,-233.21432495117188,-72.25516510009766,205.44440759929202,-233.2029171760444,-72.26059651995699,0.4076254201218869,0.3143975002033006,0.07361354890667302,3.6328704124631785e-05,9.646652456848479,18.28124324470558,3.5971777201563007,0.7600061099847462,nan
521.91,205.86053466796875,-233.21290588378906,-72.25601196289062,205.45272431985816,-233.201322471453,-72.26152315122101,0.4080120447538751,0.31443893260954564,0.07363936784435753,3.7051663023677344e-05,9.624007848007183,18.360537314847164,nan,nan,nan
521.92,205.86923217773438,-233.2115020751953,-72.25685119628906,205.46102743463783,-233.19976163182773,-72.2627414112393,0.4084160194325705,0.3144804462439388,0.07366524959831468,3.626629988016056e-05,9.731911128760828,17.890854821866146,nan,0.06210184706981192,nan
521.9300000000001,205.87794494628906,-233.2101287841797,-72.2576675415039,205.46934449565066,-233.1982238927001,-72.26363956017903,0.40881746502577737,0.3145220473756269,0.07369119515410184,3.698809143979661e-05,9.711017735310111,18.0335872404812,nan,nan,nan
521.94,205.8866424560547,-233.2087860107422,-72.25846862792969,205.4777122862826,-233.19669471510716,-72.2633573223648,0.40913809711787213,0.3145637302206488,0.07371720383502547,3.620666302960468e-05,9.377525969955226,17.805905177840962,nan,0.8941986883288378,nan
521.95,205.8953399658203,-233.2074737548828,-72.2592544555664,205.4778800017555,-233.18940260345147,-72.26434773004807,0.41788195648532067,0.31449496656529213,0.07370550915569217,3.690440298126874e-05,9.250633919209843,18.22725137513333,1.705004977443404,nan,nan
521.96,205.90403747558594,-233.20619201660156,-72.26002502441406,205.4861540466404,-233.1879460667443,-72.26602017756232,0.41832453518141877,0.31453647986484495,0.07373148515729834,3.6127716228895773e-05,9.512630744400296,18.66349525930442,nan,0.45415907606229955,nan
521.97,205.91275024414062,-233.20492553710938,-72.26078033447266,205.4944630675992,-233.18650247769796,-72.26685810104102,0.4187368032828289,0.314578080224325,0.07375752512826533,3.684654020570984e-05,9.492119609091011,18.246581852718872,nan,nan,nan
521.98,205.92144775390625,-233.2036895751953,-72.26152038574219,205.50279729263673,-233.18507490576872,-72.26706809597007,0.419100813322782,0.3146197625991346,0.07378362847722574,3.607349198897113e-05,9.3135643359227,18.250955829106783,nan,0.24996737007547795,nan
521.99,205.93014526367188,-233.20248413085938,-72.26224517822266,205.51110667677216,-233.18368169495452,-72.26787158280204,0.4194979443756058,0.3146615321460491,0.07380979606617967,3.6791408555421936e-05,9.291181001674822,18.471200189388103,nan,nan,nan
522.0,205.9388427734375,-233.2012939453125,-72.2629623413086,205.55069305656548,-233.20376937770672,-72.2700247168939,0.38822185361243744,0.3145928899270402,0.07379797943763346,3.599999935300004e-05,10.323605547613289,17.77025864192664,12.484969484914227,1.0710966321794957,nan
522.01,205.9475555419922,-233.2001190185547,-72.26365661621094,205.55903726326036,-233.20247063146823,-72.27081566635268,0.38859134703563003,0.31463448957979656,0.07382411363807291,3.671619606449015e-05,10.307170212222317,17.52418668973179,nan,nan,nan
522.02,205.9562530517578,-233.19898986816406,-72.26433563232422,205.56742848607828,-233.20117747189204,-72.27036694592331,0.38887749385850895,0.31467617151312344,0.07385031146264869,3.5950927213818996e-05,9.893611981428872,17.96223384266192,nan,1.0055686869209124,nan
522.03,205.96495056152344,-233.19786071777344,-72.26500701904297,205.57577323013746,-233.19992525907767,-72.27111989093288,0.38923081172776175,0.3147179402353067,0.07387657369577544,3.6666377454942584e-05,9.873527801792683,17.02747459795551,nan,nan,nan
522.04,205.97366333007812,-233.19676208496094,-72.26566314697266,205.58421665693854,-233.19865752225883,-72.269194385529,0.3894672945804117,0.31475979167793483,0.07390289985864208,3.5904317401569905e-05,9.17438397621964,16.657967784153588,nan,4.764248984892024,nan
522.05,205.98236083984375,-233.19569396972656,-72.26630401611328,205.60954923559382,-233.2127327243297,-72.27008275816691,0.37321989538788236,0.31469127411460107,0.07389095928346011,3.659649359700812e-05,9.832824578359096,16.779333913714442,8.962027156314022,nan,nan
522.0600000000001,205.99105834960938,-233.19464111328125,-72.26693725585938,205.6179584794853,-233.21156229814963,-72.26924959666502,0.37349054406229026,0.31473295562941855,0.07391725137690286,3.583842811206381e-05,9.564287007213508,16.25025521865258,nan,1.5681759836104097,nan
522.07,205.99977111816406,-233.193603515625,-72.2675552368164,205.62631339902163,-233.21043410427228,-72.26991634614862,0.37384423432569286,0.314774723582156,0.0739436080469924,3.6551707858630905e-05,9.541320237411503,16.064997517760386,nan,nan,nan
522.08,206.0084686279297,-233.19259643554688,-72.26815795898438,205.63468265015652,-233.20932119958525,-72.27016240242061,0.3741653280375814,0.31481657447075134,0.073970028885119,3.5796583550802855e-05,9.473186426384212,16.386373238513055,nan,0.11290682172312698,nan
522.09,206.0171661376953,-233.1916046142578,-72.26875305175781,205.64303789028565,-233.2082341162392,-72.27080229819697,0.37450325133026474,0.3148585119513179,0.07399651457365979,3.650932268177509e-05,9.448652596217064,16.14492209277462,nan,nan,nan
522.1,206.02587890625,-233.1906280517578,-72.26933288574219,205.6718276662632,-233.21860067707894,-72.27001772535594,0.3551552017200999,0.31479011356680703,0.07398444678191861,3.5735449139853275e-05,9.464004727895567,15.442050799486543,3.8714724828961846,1.3132427692575779,nan
522.11,206.03457641601562,-233.18968200683594,-72.2698974609375,205.68021249953944,-233.21757484421747,-72.27062198184623,0.35546071598431617,0.3148318807970709,0.07401089766756107,3.6446826542013594e-05,9.437518006883993,15.88115165849976,nan,nan,nan
522.12,206.04327392578125,-233.18875122070312,-72.27046203613281,205.68857175173304,-233.21657843803214,-72.27201968619491,0.35579546451932414,0.31487373114831363,0.07403741295315919,3.569810013646683e-05,9.463770453736766,15.645083162817938,nan,0.4382073419859994,nan
522.13,206.05198669433594,-233.18783569335938,-72.27100372314453,205.69695684020866,-233.21559087252732,-72.27261137091452,0.35611673903880897,0.31491566778488306,0.07406399325789595,3.640906400895227e-05,9.440566148039839,15.645521967615661,nan,nan,nan
522.14,206.06068420410156,-233.1869354248047,-72.27154541015625,205.70537433884633,-233.21460890968766,-72.27214830708296,0.35638642734813336,0.3149576879451336,0.07409063826517938,3.566289327064151e-05,9.353227902908698,15.336258045229028,nan,0.7414054072063477,nan
522.15,206.06939697265625,-233.18606567382812,-72.27206420898438,205.72690945764998,-233.222368891906,-72.27301575549518,0.34440750139731474,0.3148894104440592,0.07407844108301535,3.6351161409168994e-05,9.562895828058725,15.749929228120923,6.1449031197790145,nan,nan
522.16,206.07809448242188,-233.18519592285156,-72.2725830078125,205.73534789793118,-233.22143865099324,-72.27231436091513,0.34465755278877264,0.3149312602687829,0.07410505057449789,3.560832139564811e-05,9.514221347861055,14.988521665085154,nan,1.0805515082,nan
522.17,206.08680725097656,-233.18435668945312,-72.27308654785156,205.7437490581766,-233.22054074663487,-72.27285018474512,0.344961252184681,0.31497319609840396,0.07413172525307969,3.631773988813556e-05,9.487429748754819,15.469036567776998,nan,nan,nan
522.1800000000001,206.0955047607422,-233.18353271484375,-72.2735824584961,205.7522017649573,-233.21963875385816,-72.27156821538316,0.3452023321814365,0.3150152155960638,0.07415846485874282,3.5577218924839474e-05,9.573145588052604,15.514709152117481,nan,2.2340725416939495,nan
522.19,206.10421752929688,-233.18270874023438,-72.27406311035156,205.76060282891927,-233.21877419353635,-72.2720681798825,0.3455079723899884,0.3150573212868537,0.0741852699281461,3.6286383046458055e-05,9.54421221242042,15.039274728663493,nan,nan,nan
522.2,206.1129150390625,-233.18191528320312,-72.27454376220703,205.75044299062,-233.20748707375256,-72.2725398964531,0.3633784774198451,0.31498916034527724,0.07417294024014144,3.552670673534481e-05,9.428265188281296,15.773185927786399,3.2073404633636176,1.2737050597571812e-06,nan
522.21,206.1216278076172,-233.18113708496094,-72.27500915527344,205.75881746105503,-233.20663507011326,-72.2730221503805,0.36371065836434446,0.3150310953969454,0.07419970903654458,3.623478617202241e-05,9.398514366418476,15.830178026788618,nan,nan,nan
522.22,206.1303253173828,-233.1803741455078,-72.27546691894531,205.7671708991987,-233.20580757688163,-72.27430389784976,0.3640457986245056,0.31507311423633866,0.07422654297853917,3.549944295473375e-05,9.301383382803342,15.715471173045882,nan,0.4476398707246636,nan
522.23,206.1390380859375,-233.17962646484375,-72.27590942382812,205.7755457729039,-233.20498690286666,-72.27477765892573,0.36437768090679923,0.31511521902417594,0.0742534425524355,3.620736619642192e-05,9.273147784438073,15.81144125407038,nan,nan,nan
522.24,206.14773559570312,-233.17889404296875,-72.27635192871094,205.7838668645507,-233.20420382069562,-72.27738084682527,0.3647493619343885,0.3151574079723485,0.07428040757178944,3.547400310585806e-05,9.241488587732519,15.64340417110362,nan,3.1391106517228744,nan
522.25,206.1564483642578,-233.1781768798828,-72.27677917480469,205.7903731552423,-233.2081063297817,-72.27790525881332,0.36729837828692075,0.3150893641420875,0.07426794306634478,3.615964870589758e-05,9.75032668608164,16.06004145983846,3.3381830535617176,nan,nan
522.26,206.16514587402344,-233.17747497558594,-72.2771987915039,205.7987364270175,-233.2073445257952,-72.27819461272676,0.3676262566041867,0.31513138232164106,0.0742948710693581,3.5429037691059735e-05,9.717689408651484,16.048512221620005,nan,0.023003007050092318,nan
522.27,206.17385864257812,-233.17678833007812,-72.2776107788086,205.80709541609403,-233.20659889525388,-72.27865754377956,0.36797422438810373,0.31517348622587765,0.07432186487135928,3.613589408819652e-05,9.69511401584804,16.063062429274986,nan,nan,nan
522.28,206.18255615234375,-233.17611694335938,-72.27801513671875,205.81543424274125,-233.20587584319193,-72.27999352433055,0.36833137613699823,0.3152156743772372,0.07434892433043204,3.54070582215914e-05,9.749663455649962,16.167955570091998,nan,0.5345083653783855,nan
522.29,206.19126892089844,-233.17544555664062,-72.27841186523438,205.8237936067933,-233.20515780622526,-72.28045065275116,0.3686801878411648,0.31525794846901545,0.07437604986771086,3.6113878056335755e-05,9.730534597343132,15.710497548566304,nan,nan,nan
522.3,206.19998168945312,-233.1748046875,-72.27880096435547,205.82422458330643,-233.20248765636157,-72.28219438914223,0.3767907442022845,0.3151900182656079,0.0743634475581416,3.536548797244197e-05,10.114084688857444,16.771361723565633,1.4101533724290625,1.3374425705965984,nan
522.3100000000001,206.20867919921875,-233.17405700683594,-72.27928161621094,205.8325670353458,-233.20174325909852,-72.2827006209105,0.37714530087313003,0.31523212129780565,0.07439053529872235,3.6071431913498084e-05,10.093236744208513,16.301650162032985,nan,nan,nan
522.32,206.21739196777344,-233.17323303222656,-72.27986145019531,205.84086277297507,-233.2009279465838,-72.28551513368632,0.3775886742922463,0.3152743086441044,0.07441768890232697,3.534671677994014e-05,10.653537650638079,17.255944711881742,nan,3.3906496413687752,nan
522.33,206.22608947753906,-233.17230224609375,-72.28053283691406,205.84920523216314,-233.20000256464928,-72.28623183625527,0.3779438062121736,0.3153165817354078,0.0744449087509819,3.6052698139938404e-05,10.63106269263316,16.671432015473634,nan,nan,nan
522.34,206.23480224609375,-233.17129516601562,-72.28128814697266,205.85755322862903,-233.1989858897411,-72.28677131489782,0.3783036643875297,0.31535893948945315,0.07447219476011673,3.532946585974901e-05,10.561691070793696,17.204891090226383,nan,0.05056579562149276,nan
522.35,206.24351501464844,-233.17019653320312,-72.28214263916016,205.86843307387525,-233.18851608676144,-72.28754511164377,0.37556791003184953,0.3152911226053147,0.07445945223189486,3.601346111412006e-05,9.589809970390045,16.39146457366969,11.46831771019524,nan,nan
522.36,206.25221252441406,-233.1690216064453,-72.2830810546875,205.87677318218397,-233.1873091650649,-72.29016618870821,0.37595123835216027,0.3153333091323889,0.07448669967211798,3.529248588190254e-05,10.17993332113686,17.485722594073643,nan,1.8527777848342701,nan
522.37,206.26092529296875,-233.16773986816406,-72.28411102294922,205.88514446834827,-233.18600251341275,-72.29125948937717,0.37629224405533107,0.3153755812254192,0.07451401352284857,3.599775646739051e-05,10.157796111902124,16.64408026078217,nan,nan,nan
522.38,206.26963806152344,-233.16639709472656,-72.28522491455078,205.89353623876363,-233.1846015647763,-72.29130933182218,0.3765912956330426,0.3154179380220461,0.07454139373361394,3.527809008086938e-05,9.766297471064243,17.16869809085072,nan,0.8906537689693931,nan
522.39,206.27833557128906,-233.1649627685547,-72.28642272949219,205.90190738399508,-233.18312558104245,-72.29256790759177,0.37691621238781203,0.31546038062211085,0.07456884063636429,3.5983484950473724e-05,9.745043211961104,16.940860159129237,nan,nan,nan
522.4,206.28704833984375,-233.16343688964844,-72.28771209716797,205.91184250981428,-233.17861931422667,-72.2943624768372,0.3755717620560996,0.3153926741624777,0.07455595500940547,3.524389017427482e-05,9.637914024621974,16.54690187118732,1.3504706722251882,0.1221881100170488,nan
522.41,206.29576110839844,-233.16183471679688,-72.2890853881836,205.920224658144,-233.17696787026932,-72.2957983416816,0.375901185883185,0.31543494525191335,0.0745833625403167,3.5948561645482904e-05,9.615914511769013,16.735979244221586,nan,nan,nan
522.42,206.30445861816406,-233.16015625,-72.29054260253906,205.928598803281,-233.17523873887484,-72.2977945933902,0.3762322066037018,0.3154773010701587,0.07461083662551767,3.523211766900492e-05,9.833415783333345,17.14213359796563,nan,0.1574565927360175,nan
522.4300000000001,206.31317138671875,-233.15838623046875,-72.29207611083984,205.93698044186888,-233.17342562548882,-72.29940407597017,0.37656275634023695,0.3155197425347958,0.07463837756747567,3.593696758807507e-05,9.814912775772182,16.838820937110246,nan,nan,nan
522.44,206.32186889648438,-233.1565399169922,-72.29369354248047,205.9453663536993,-233.17153091903361,-72.3008011943618,0.3768678993773407,0.3155622690581619,0.07466598535909784,3.522158513667529e-05,9.734083551894996,16.808809748594157,nan,0.060697339966226775,nan
522.45,206.33058166503906,-233.15463256835938,-72.29539489746094,205.98890986420906,-233.17680450417166,-72.30250841441301,0.3424643285708837,0.3154946720902436,0.07465295414672088,3.590464261921979e-05,8.884732752512054,16.25138987496526,21.86779883123163,nan,nan
522.46,206.33929443359375,-233.1526336669922,-72.29717254638672,205.9974079430266,-233.17473659236538,-72.30174036681123,0.3426306710232082,0.3155370269032351,0.0746805217669764,3.519110169233793e-05,8.047068206324687,14.966218764840022,nan,4.78964831743167,nan
522.47,206.34799194335938,-233.1505584716797,-72.29901885986328,206.00586732162705,-233.17260964874345,-72.30363782952051,0.34286563853217733,0.3155794672180492,0.07470815640707167,3.5895496747660625e-05,8.026690941338497,14.913910336324077,nan,nan,nan
522.48,206.35670471191406,-233.14840698242188,-72.30087280273438,206.01433342710558,-233.17040376226626,-72.30507447439717,0.34310291317575986,0.3156219925964566,0.0747358580851835,3.5182872688410024e-05,7.912941140152292,14.804081527695361,nan,0.17462112474912497,nan
522.49,206.3654022216797,-233.1461944580078,-72.30271911621094,206.02279240292114,-233.16812624166806,-72.30700756515242,0.34333785378051146,0.3156646037310028,0.0747636270665451,3.588750649619622e-05,7.900855060230424,15.28244133646302,nan,nan,nan
522.5,206.37411499023438,-233.14389038085938,-72.30453491210938,206.03084353698202,-233.16783555032487,-72.3080446681853,0.34412349548734417,0.3155971137546415,0.07475044747681502,3.515461586792584e-05,7.910400848824488,14.551961319218922,0.4475981762219837,0.5478410614645604,nan
522.51,206.3828125,-233.1415252685547,-72.30632019042969,206.03929602179932,-233.16541769557725,-72.3099258159966,0.34436524127756846,0.3156395528979827,0.07477817546193012,3.5858633357587975e-05,7.900478835161012,15.04794038683733,nan,nan,nan
522.52,206.3915252685547,-233.1390838623047,-72.3080825805664,206.04775235160932,-233.16292555816693,-72.31143736792365,0.344615001828022,0.3156820770976699,0.07480597066846557,3.514848305438974e-05,7.837040414052486,14.54004584451083,nan,0.08065729636129164,nan
522.53,206.4002227783203,-233.13656616210938,-72.30979919433594,206.05620420785777,-233.16036387895605,-72.31325308978944,0.34485799620134405,0.3157246869255526,0.07483383334021902,3.585277760586602e-05,7.828313579192561,14.706872087811567,nan,nan,nan
522.54,206.40892028808594,-233.1339874267578,-72.31149291992188,206.0646523051378,-233.15773309586376,-72.31533415044142,0.3451073107547473,0.31576738212542055,0.07486176352701503,3.514333893585425e-05,7.89351083482621,14.863482476548336,nan,0.06209417434650123,nan
522.55,206.41763305664062,-233.13133239746094,-72.31314849853516,206.10559108800678,-233.17191139881797,-72.3171185049872,0.3146944653012688,0.3156999977661525,0.07484843302783334,3.5825960951181086e-05,7.964365270326113,14.07242341345059,9.62381110042119,nan,nan
522.5600000000001,206.42633056640625,-233.1286163330078,-72.31477355957031,206.11408596848295,-233.1691726625401,-72.31939667714488,0.3149013782337577,0.3157425207474774,0.07487632139308127,3.511802185541498e-05,8.111082641257394,14.542234650010489,nan,0.21637278865146312,nan
522.57,206.43502807617188,-233.12582397460938,-72.31636047363281,206.12258619286965,-233.16636263897345,-72.32109345647237,0.3150963580818187,0.3157851292382617,0.07490427738354198,3.582203743672857e-05,8.106553263000981,14.384634597820957,nan,nan,nan
522.58,206.44374084472656,-233.1229705810547,-72.31792449951172,206.1310973065392,-233.16347935331785,-72.32160363348478,0.31527841446469423,0.3158278230782872,0.07493230106702346,3.5114692366553965e-05,7.845602898105691,14.019323902534435,nan,0.9369706911541982,nan
522.59,206.4524383544922,-233.12005615234375,-72.31945037841797,206.13959623231017,-233.16054006815762,-72.32322783500477,0.3154733111203524,0.3158706026947899,0.07496039266073723,3.581902431476766e-05,7.836826958220227,14.126497475336702,nan,nan,nan
522.6,206.4611358642578,-233.1171417236328,-72.3209457397461,206.1516984862187,-233.14819894140547,-72.3225960040402,0.3109964068534303,0.31580332169841935,0.07494690853347298,3.509111684342625e-05,6.689613421196653,13.59699780005113,10.234838998921381,3.386155260623593,nan
522.61,206.46983337402344,-233.11427307128906,-72.32241821289062,206.1602253994218,-233.14521558256718,-72.32413901569291,0.3111551029686234,0.3158459288146863,0.07497495745946019,3.5794903814476714e-05,6.66858592289298,14.045214901412535,nan,nan,nan
522.62,206.47853088378906,-233.11141967773438,-72.3238525390625,206.16874497904755,-233.14227178454288,-72.32645428349228,0.3113292924623731,0.3158886212482804,0.07500307425183007,3.5089421266831676e-05,6.754206299618642,13.318495488126516,nan,0.45039802302341625,nan
522.63,206.4872283935547,-233.108642578125,-72.32526397705078,206.1772711567607,-233.13937040373267,-72.32794877961398,0.3114881957191077,0.3159313993517571,0.07503125911291006,3.5793550562346657e-05,6.736099309747684,14.158266510403172,nan,nan,nan
522.64,206.4959259033203,-233.10589599609375,-72.32664489746094,206.18579631709255,-233.13652003777136,-72.32951568376927,0.3116511408554469,0.31597426307761994,0.07505951213256107,3.508849514526863e-05,6.74453988188407,13.415413737797579,nan,0.007009080282955542,nan
522.65,206.50462341308594,-233.10321044921875,-72.3280029296875,206.20078000233624,-233.1413688346249,-72.33100917470031,0.3062448663110741,0.31590708376874566,0.07504587182250637,3.577101792779469e-05,7.067490421321351,13.554888343493651,1.9595416769110698,nan,nan
522.66,206.51333618164062,-233.1005859375,-72.32933044433594,206.22168919636883,-233.15315481243513,-72.33330458240616,0.2963734880239365,0.31297908133862395,0.07099958324699439,3.5065329125125134e-05,10.56359086347584,17.309349930453987,nan,0.5561838901197705,0.051668223881332076
522.67,206.52203369140625,-233.09799194335938,-72.33062744140625,206.23020989744708,-233.15049412269036,-72.33470338082816,0.2965370446291607,0.313024425977986,0.07101994684601247,3.5769250987821e-05,10.541656407108922,16.759060848153315,nan,nan,nan
522.6800000000001,206.5307159423828,-233.09547424316406,-72.33190155029297,206.2386935212973,-233.14783474421782,-72.33545657532322,0.2967007830967189,0.3130698501643612,0.07104036178775336,3.50658592557025e-05,10.39842553108301,17.587058445652655,nan,0.2707967707706292,nan
522.69,206.53941345214844,-233.09298706054688,-72.3331527709961,206.24721355031014,-233.14527636287187,-72.33679944829869,0.29686402952748775,0.31311536401352896,0.07106084684837789,3.5770148796573476e-05,10.373606325111634,16.64546055532677,nan,nan,nan
522.7,206.54811096191406,-233.09056091308594,-72.3343734741211,206.25181613662957,-233.1399200179288,-72.33801753491916,0.3004001063587627,0.3130544721218966,0.07105214995827108,3.5045941259201604e-05,10.263481800242445,17.221254173928926,0.48179083235749776,0.0009312264955081717,nan
522.71,206.5568084716797,-233.0881805419922,-72.33557891845703,206.2603309781257,-233.1374532697055,-72.33931078575077,0.30056718502502383,0.31309979755029166,0.07107262910322967,3.574973198732812e-05,10.237333415662276,16.891373553883952,nan,nan,nan
522.72,206.5655059814453,-233.08584594726562,-72.33675384521484,206.26872070586563,-233.1348659754417,-72.33842108798773,0.30081097496892173,0.3131452026760209,0.0710931605237383,3.5047708556014804e-05,9.890557828942287,16.65241334702334,nan,3.284814935796188,nan
522.73,206.57420349121094,-233.08355712890625,-72.33790588378906,206.27723568963398,-233.13249386172086,-72.33964710749918,0.3009779241938297,0.31319069719203213,0.07111376160946695,3.575188343990864e-05,9.859721251855929,16.591946453692138,nan,nan,nan
522.74,206.58290100097656,-233.08131408691406,-72.33903503417969,206.28590741336637,-233.1303769898329,-72.34358709514737,0.30105328562141387,0.3132362717976939,0.07113441558187912,3.505005801644799e-05,10.329914296218913,17.08599808815356,nan,5.271209624612193,nan
522.75,206.5915985107422,-233.07911682128906,-72.34014129638672,206.29357085135385,-233.12863026795733,-72.3448603256255,0.30214952655667027,0.31317534470582903,0.07112568762390759,3.5732657156989574e-05,10.43957675596199,17.172961554870085,0.31137522691316255,nan,nan
522.76,206.6002960205078,-233.07696533203125,-72.34122467041016,206.30219048284715,-233.12653961140805,-72.34795520164943,0.30227441309254605,0.313220730770664,0.07114633550012271,3.5031835751097814e-05,11.073466278189656,17.894013197254147,nan,2.560016802703944,nan
522.77,206.60899353027344,-233.07484436035156,-72.34229278564453,206.31070200072955,-233.12434972370045,-72.34914225800136,0.3024492236219242,0.3132662059450854,0.0711670526098575,3.5735915866676155e-05,11.058670748348261,17.282642252047136,nan,nan,nan
522.78,206.61769104003906,-233.07278442382812,-72.34333038330078,206.31919001288907,-233.12217124576452,-72.34988789993778,0.3026300091118267,0.3133117613693001,0.07118782349763576,3.5035220482568556e-05,10.93685913318089,18.09591708760068,nan,0.12492780046303292,nan
522.79,206.62637329101562,-233.0707550048828,-72.34435272216797,206.327701729598,-233.12006522054213,-72.35103045265654,0.30278836016677724,0.3133574060853747,0.07120866359865642,3.5739695710726846e-05,10.92133790811899,17.671789726376872,nan,nan,nan
522.8,206.63507080078125,-233.0687713623047,-72.34535217285156,206.37821714133176,-233.138049463402,-72.35173753602956,0.26610905758196346,0.31329643420085657,0.07119988510922459,3.501797765169316e-05,10.804355609471623,17.145471202513924,16.732567184837972,0.09851500925069694,nan
522.8100000000001,206.64376831054688,-233.0668182373047,-72.3463363647461,206.38679787707997,-233.13605891906897,-72.3528370083163,0.2662148268864422,0.3133418900207967,0.07122071822198703,3.5721977487887466e-05,10.788536605107058,16.7109148790483,nan,nan,nan
522.82,206.6524658203125,-233.06491088867188,-72.34729766845703,206.39539436576308,-233.1341280279898,-72.35420749577136,0.2663165237701616,0.3133874262537615,0.07124160597195552,3.502226996692372e-05,10.933834379327669,17.164059757804985,nan,0.05924785681847345,nan
522.83,206.66116333007812,-233.06304931640625,-72.3482437133789,206.40397514187057,-233.13221528262645,-72.3552723976266,0.2664190260452687,0.31343305149001205,0.07126256254045983,3.5726674607130455e-05,10.917719041958147,17.331136401934238,nan,nan,nan
522.84,206.66986083984375,-233.0612030029297,-72.34916687011719,206.41252577806299,-233.130301478181,-72.35575547274367,0.2665320674671913,0.3134787575377344,0.07128357432581428,3.502698985602839e-05,10.740952451217574,16.480393546334913,nan,0.22402889731305542,nan
522.85,206.67855834960938,-233.05941772460938,-72.35006713867188,206.41174227323194,-233.1151741328608,-72.35680949644606,0.2726628963810546,0.3134177491380997,0.07127475676331027,3.570982135150837e-05,9.912731303098699,17.56659393465129,11.54939196666285,nan,nan
522.86,206.687255859375,-233.05764770507812,-72.35095977783203,206.42027817859676,-233.11327482146334,-72.3569907612783,0.27277798824756844,0.3134632661635388,0.07129576130133276,3.5010974185415224e-05,9.644577693591046,16.261616713791152,nan,0.4809807251014057,nan
522.87,206.69593811035156,-233.05592346191406,-72.3518295288086,206.4288579776381,-233.11146675615055,-72.35797251506467,0.27286368594047566,0.313508871901105,0.0713168342894104,3.5715315863218745e-05,9.626697021327743,16.93781224127993,nan,nan,nan
522.88,206.7046356201172,-233.05422973632812,-72.35267639160156,206.43743039694496,-233.10968429595434,-72.3587959857328,0.2729675601718773,0.3135545586149456,0.07133796330583536,3.50164377322852e-05,9.605221817322725,16.716943318216746,nan,0.014184073013885813,nan
522.89,206.7133331298828,-233.05258178710938,-72.353515625,206.44601025455708,-233.10794534264187,-72.35974366628328,0.2730667161186853,0.31360033421973577,0.07135916078538103,3.5721186632733254e-05,9.58632237541632,16.93024397421738,nan,nan,nan
522.9,206.72203063964844,-233.0509490966797,-72.35433197021484,206.45614079929234,-233.10852769725864,-72.36086968599454,0.2721312995170461,0.31353928454910185,0.07135029359144267,3.641739821717237e-05,9.799417096466522,16.49553638500473,1.976699198659353,nan,nan
522.91,206.73072814941406,-233.0493621826172,-72.35513305664062,206.46472093035618,-233.10686223442994,-72.36178987161206,0.272232271663265,0.31358487076127434,0.07137148294320522,3.715003168296917e-05,9.78409061111193,16.93682652187859,nan,nan,nan
522.92,206.7394256591797,-233.0478057861328,-72.35591888427734,206.4731693864845,-233.10506571576806,-72.36010012887532,0.2723758159193948,0.3136305378189983,0.07139272864484271,3.636596553028829e-05,9.037802819786872,16.13890993299352,nan,4.396988258386088,nan
522.9300000000001,206.7481231689453,-233.04627990722656,-72.356689453125,206.48174975942243,-233.10346362897536,-72.3609647213541,0.27247577736804657,0.31367629377019296,0.0714140429370056,3.709730362115783e-05,9.015693023766156,16.086055549939182,nan,nan,nan
522.94,206.75682067871094,-233.04476928710938,-72.3574447631836,206.4902919415679,-233.10184541154632,-72.361050075321,0.27259539610824385,0.31372213098761226,0.07143541415949162,3.6316203431907525e-05,8.848388103415989,15.376378757648672,nan,0.38321300168910555,nan
522.95,206.76551818847656,-233.04330444335938,-72.35818481445312,206.4922773130191,-233.090986856829,-72.36185390877759,0.2773943958125648,0.3136610396156706,0.07142649408540509,3.7022742204584744e-05,8.287010917997103,16.05334560117485,5.303816339326013,nan,nan
522.96,206.7742156982422,-233.0418701171875,-72.3589096069336,206.50079966100225,-233.08937703371487,-72.36151354611695,0.2775248043638645,0.31370668732808377,0.07144785686412931,3.624552135405284e-05,8.076386218696816,15.917542850185955,nan,0.876424250527073,nan
522.97,206.7829132080078,-233.0404510498047,-72.359619140625,206.50937887475288,-233.08786513712823,-72.36230279803837,0.2776262400477588,0.31375242360041533,0.07146928786328281,3.69735636049749e-05,8.051318748322942,15.409989166602555,nan,nan,nan
522.98,206.79161071777344,-233.03907775878906,-72.36032104492188,206.51795800577997,-233.08638137313596,-72.3630747294679,0.2777247225045637,0.3137982413380438,0.07149077658516848,3.6199156764978206e-05,8.031840101116142,15.928809204198867,nan,1.1267479374028715e-05,nan
522.99,206.80030822753906,-233.0377197265625,-72.36100006103516,206.52653759000165,-233.08492572568676,-72.36383768783887,0.2778251616697752,0.31384414779714265,0.07151233354591408,3.6926117027765095e-05,8.007454740214406,15.65196889594846,nan,nan,nan
523.0,206.8090057373047,-233.03639221191406,-72.3616714477539,206.55511648242376,-233.09736684149811,-72.36505520422051,0.2611304444233423,0.31378301085147103,0.07150335240643045,3.613204761755508e-05,8.45718660258636,15.464580068121865,6.502631830041363,0.17541319436960007,nan
523.01,206.8177032470703,-233.03509521484375,-72.3623275756836,206.5637230186752,-233.09599820960221,-72.36579714163996,0.2612033098452356,0.31382872741164997,0.0715249000005244,3.6857081124416304e-05,8.433744783427093,15.641298885293322,nan,nan,nan
523.02,206.82640075683594,-233.0338134765625,-72.36296844482422,206.5724461016389,-233.09479405205582,-72.36901111259834,0.2612433947826751,0.31387452562534807,0.07154650606420541,3.6089034657890455e-05,9.086819219006912,15.958248141243915,nan,4.0939323738354165,nan
523.03,206.83509826660156,-233.03256225585938,-72.36360168457031,206.5810532553411,-233.09347763677965,-72.36975338789179,0.2613185696286277,0.31392041224066214,0.07156818005518466,3.681312456675285e-05,9.07070077947613,16.002683069795154,nan,nan,nan
523.04,206.8437957763672,-233.03134155273438,-72.36421966552734,206.58963131985257,-233.09215197470033,-72.36984437739862,0.2613983851493391,0.3139663809187272,0.07158991304711439,3.604765343571533e-05,8.887679844282395,16.081159102174432,nan,0.27199126433865545,nan
523.05,206.8524932861328,-233.03013610839844,-72.36482238769531,206.59710727591406,-233.09418498575099,-72.37036928584006,0.2633534525777191,0.31390520478698036,0.07158087737958382,3.674772787491478e-05,9.17214113404047,15.711924205890664,3.214636621155095,nan,nan
523.0600000000001,206.86119079589844,-233.02896118164062,-72.36541748046875,206.6057457774242,-233.09300100512402,-72.3719091029067,0.26343006209801345,0.31395098342799255,0.07160260061060857,3.5985707317622436e-05,9.473921631776818,16.152327984857433,nan,0.4727872796053801,nan
523.07,206.86988830566406,-233.02780151367188,-72.36599731445312,206.61434643101887,-233.09179631788757,-72.37260451984321,0.2635159194941542,0.313996850160566,0.07162439149400629,3.670718751826999e-05,9.461014693005685,15.926632063646688,nan,nan,nan
523.08,206.8785858154297,-233.02667236328125,-72.36656188964844,206.6230596076072,-233.0907448966914,-72.37582294298184,0.2635995059376747,0.31404279912763994,0.07164624206270745,3.594758655133893e-05,10.62592428053994,17.458925211193197,nan,4.293258422203912,nan
523.09,206.8872833251953,-233.02557373046875,-72.36711883544922,206.631660406454,-233.0895861741291,-72.37652205427212,0.26368369318832285,0.3140888363600281,0.0716681603494515,3.6668305076277326e-05,10.61918751572109,17.63621118910623,nan,nan,nan
523.1,206.89598083496094,-233.0244903564453,-72.36766815185547,206.62033311862015,-233.07930159570935,-72.37707884748404,0.28120187884465403,0.3140276143028478,0.07165905820062547,3.588901188299403e-05,10.703691156559715,17.513435490899486,3.775746378944434,0.005337055081070747,nan
523.11,206.90467834472656,-233.02342224121094,-72.36820220947266,206.6289006045799,-233.0781723308851,-72.37775598158258,0.28132225088188845,0.3140734611096794,0.07168096582045845,3.660812554086339e-05,10.698645952217875,17.366674527252925,nan,nan,nan
523.12,206.9133758544922,-233.02236938476562,-72.36872863769531,206.6373514449184,-233.07693171669845,-72.37569017018244,0.2814515689795861,0.3141193903108787,0.07170293376856163,3.585406238573683e-05,9.526988030734442,15.904318589105152,nan,5.021848635673811,nan
523.13,206.92208862304688,-233.02134704589844,-72.36924743652344,206.64591918235348,-233.07584471933097,-72.37632098663455,0.2815840753551875,0.3141654074828015,0.07172496921247223,3.657253171098521e-05,9.513232509551605,16.034830867158686,nan,nan,nan
523.14,206.9307861328125,-233.02035522460938,-72.3697509765625,206.65447877590128,-233.07476897181905,-72.37674614982923,0.2817011604833989,0.3142115074453545,0.07174706547138755,3.5820649263380024e-05,9.47956104777311,16.645358569460782,nan,0.02596447244960664,nan
523.15,206.93948364257812,-233.01937866210938,-72.37024688720703,206.63421702822157,-233.0603211482907,-72.37739009588489,0.3080828110194364,0.31415024462021446,0.07173790095710013,3.65157307305187e-05,9.547591824201353,16.824540946738967,7.800747762105185,nan,nan
523.16,206.94818115234375,-233.01840209960938,-72.3707275390625,206.6426248028423,-233.05914692789094,-72.37525821609304,0.3082942600612239,0.31419615399649126,0.07175998607119093,3.5766877339113396e-05,8.69497507520708,15.367149592342214,nan,5.0497416680643665,nan
523.17,206.95687866210938,-233.01747131347656,-72.37120819091797,206.65114508903596,-233.05811761179353,-72.37582457613678,0.30845818239041,0.314242151059421,0.07178213849120028,3.6483315257894615e-05,8.673831976606078,16.12878743112023,nan,nan,nan
523.1800000000001,206.96559143066406,-233.01654052734375,-72.37167358398438,206.6596546576437,-233.0570953066845,-72.37611028088504,0.30864491489878404,0.31428823105534365,0.07180435231301865,3.573649059144307e-05,8.611508909167457,15.351960580573534,nan,0.05010477343096004,nan
523.19,206.9742889404297,-233.01564025878906,-72.37212371826172,206.66817544986753,-233.0561037711109,-72.37665687972796,0.3088095116515125,0.31433439892498555,0.0718266335489601,3.6452435657424005e-05,8.593850473907773,16.063093835148862,nan,nan,nan
523.2,206.9829864501953,-233.01475524902344,-72.37257385253906,206.6564932075136,-233.04515621566372,-72.37493856159706,0.3279140865202622,0.3142730896929679,0.07181739684380073,3.56858068418224e-05,8.167904508055653,15.628661727690426,4.415502643654376,3.1048547642446764,nan
523.21,206.99168395996094,-233.01388549804688,-72.37301635742188,206.66498180683726,-233.04418369309843,-72.37544541989789,0.3281130564661222,0.31431906659446746,0.07183966604130881,3.6400414744454204e-05,8.143472089364915,15.482565823862645,nan,nan,nan
523.22,207.00039672851562,-233.01303100585938,-72.37344360351562,206.67338801206793,-233.04313895404212,-72.37380836218617,0.32839202521594607,0.3143651265591421,0.07186199719056557,3.5658329284151246e-05,7.956163773147808,15.282256980599549,nan,3.1018874334400985,nan
523.23,207.00909423828125,-233.01219177246094,-72.37386322021484,206.6818770233547,-233.04220064466185,-72.37427857564292,0.3285906430122277,0.3144112741295502,0.07188439561028791,3.637254179391262e-05,7.927792487518286,15.284673830849854,nan,nan,nan
523.24,207.01779174804688,-233.01136779785156,-72.37427520751953,206.69035426176973,-233.04126614681525,-72.37442336154099,0.3287996968366392,0.3144575051458524,0.07190685642887619,3.563225559107564e-05,7.894498337987625,15.194960895269935,nan,0.06875186278024038,nan
523.25,207.02650451660156,-233.0105743408203,-72.37467956542969,206.7040287170817,-233.03592773007523,-72.37487956656416,0.32347098111442973,0.31439615357387524,0.07189754968727245,3.632357296013094e-05,7.3152250385205955,15.558152395374583,4.817874612280246,nan,nan
523.26,207.0352020263672,-233.00978088378906,-72.37507629394531,206.71250431956824,-233.03498362780317,-72.37445759286096,0.3236809711277021,0.31444219343889296,0.07191999791315322,3.55859164237466e-05,7.295855160102542,15.029135675254977,nan,0.513288379496581,nan
523.27,207.0438995361328,-233.0089111328125,-72.37556457519531,206.7210122182237,-233.03403653620614,-72.37493836096458,0.3238640117495192,0.31448832065224847,0.07194251329366837,3.629857433186592e-05,7.270147220508946,15.659186570263902,nan,nan,nan
523.28,207.0526123046875,-233.0079345703125,-72.37615203857422,206.7294751205891,-233.0329522410022,-72.374270326317,0.3241096487838785,0.3145345314241036,0.07196509157351337,3.556257410722127e-05,7.335180659417896,14.79134936787658,nan,1.0571935232932907,nan
523.29,207.06130981445312,-233.0068817138672,-72.3768310546875,206.73798325909004,-233.03182669064185,-72.37492769279217,0.3242929787333498,0.3145808297449389,0.07198773715362351,3.6274959807737105e-05,7.310226485513593,15.413442773667306,nan,nan,nan
523.3,207.07000732421875,-233.00575256347656,-72.37759399414062,206.70461913828996,-233.00394666517855,-72.37730360059612,0.36539276404084425,0.31451943115905123,0.0719783522607624,3.5518991862485e-05,6.733204493238441,17.013881011881782,22.399299538387076,1.7253598609281164,nan
523.3100000000001,207.07872009277344,-233.0045166015625,-72.37845611572266,206.71306758363352,-233.00258832748332,-72.37816257181952,0.36565771132203273,0.314565537953766,0.07200098436219571,3.623025823774159e-05,6.709308400340517,15.784480985247711,nan,nan,nan
523.32,207.08741760253906,-233.00320434570312,-72.37940216064453,206.72152354730878,-233.00115202676824,-72.37932520841254,0.36589981905915103,0.3146117284076473,0.07202367983116219,3.5498248117264207e-05,6.682007811826958,16.39333460146513,nan,0.031050184563029617,nan
523.33,207.09613037109375,-233.00181579589844,-72.38043975830078,206.72997218251047,-232.9996237571652,-72.38036706903169,0.36616475715738944,0.31465800616897144,0.07204644252414488,3.620932160565647e-05,6.656954210968704,16.528483159870845,nan,nan,nan
523.34,207.10482788085938,-233.00033569335938,-72.38156127929688,206.73846385262829,-232.99805604190666,-72.38276992419952,0.36637311420866703,0.3147043679587714,0.0720692689973781,3.547875429888263e-05,6.6730873155804415,16.37872370692953,nan,1.1117885858358292,nan
523.35,207.113525390625,-232.998779296875,-72.38276672363281,206.74470804451892,-232.99226656085668,-72.38400860827284,0.368876934487152,0.31464292547794953,0.07205980655182076,3.616731122554488e-05,6.443975256299271,16.835682942529086,0.9514830376230791,nan,nan
523.36,207.1222381591797,-232.99713134765625,-72.38406372070312,206.75312044887676,-232.99044142920712,-72.38422669118347,0.36917836560057454,0.314689095536849,0.07208261892304188,3.5439006180887254e-05,6.37817789023216,16.045845150932063,nan,0.8324753565702095,nan
523.37,207.1309356689453,-232.9954071044922,-72.38544464111328,206.76156908905537,-232.9885722284045,-72.38561941445545,0.36942985317438515,0.3147353526718421,0.07210549846534346,3.61489095328586e-05,6.353582133854333,16.320335208720884,nan,nan,nan
523.38,207.1396484375,-232.9936065673828,-72.38690185546875,206.76999459484549,-232.9866002188076,-72.38638315967603,0.369720599040588,0.31478169391902555,0.07212844221330725,3.5421916843121374e-05,6.3360169900996555,16.593872830233433,nan,0.3512151653748479,nan
523.39,207.14834594726562,-232.99172973632812,-72.3884506225586,206.77844310393826,-232.9845721853,-72.38793773433152,0.36997244099084464,0.31482812245616054,0.07215145331020499,3.61317250262174e-05,6.310747050872891,16.49697097490484,nan,nan,nan
523.4,207.15704345703125,-232.98976135253906,-72.39007568359375,206.79792093035024,-232.99630409471254,-72.39061306782752,0.3591825238325397,0.31476663223611195,0.07214190654515103,3.538457327303737e-05,6.914862942806525,15.7069266063106,8.43468779988116,0.6606281345822024,nan
523.41,207.16575622558594,-232.98773193359375,-72.39177703857422,206.80637612976903,-232.99416044833288,-72.39234344212187,0.35943803344122627,0.3148128686743283,0.07216490265698401,3.6093435433840645e-05,6.891333732511113,16.397133897354546,nan,nan,nan
523.42,207.17445373535156,-232.98562622070312,-72.39356231689453,206.81483670088934,-232.99194594719447,-72.39433278668926,0.35967338522891856,0.31485918929713586,0.07218796337212054,3.536974975115046e-05,6.874511100108175,16.3271196133437,nan,0.021873547159563873,nan
523.4300000000001,207.1831512451172,-232.98342895507812,-72.39541625976562,206.82329153527058,-232.98965067036818,-72.3962181336783,0.35991438358838007,0.31490559699357273,0.07221109141630484,3.60785799930613e-05,6.852125463960998,15.449074570689246,nan,nan,nan
523.44,207.19186401367188,-232.98117065429688,-72.39727783203125,206.83173557829275,-232.98727090994305,-72.3978000872814,0.36018047675868153,0.3149520892311424,0.07223428444727685,3.535601324398911e-05,6.818210002340891,16.034220952249377,nan,0.08093248847296788,nan
523.45,207.2005615234375,-232.97885131835938,-72.39912414550781,206.82357828433723,-232.988203303983,-72.39975699229643,0.37709975164761544,0.3148905535820405,0.0722246527555145,3.604261082918175e-05,7.695437804472731,17.03950322512054,12.835236448210873,nan,nan
523.46,207.20925903320312,-232.9764404296875,-72.40094757080078,206.83196574260285,-232.98569085062582,-72.4008331949027,0.37740669111896763,0.3149368534954914,0.07224783011609683,3.532197680967178e-05,7.661489938716966,16.186316436863137,nan,0.47631228453806584,nan
523.47,207.21795654296875,-232.97396850585938,-72.40274047851562,206.84037700458606,-232.98312964179613,-72.40270408527891,0.37769066117843686,0.31498324027570745,0.07227107480481983,3.602993975008206e-05,7.637186960077555,16.589020712102165,nan,nan,nan
523.48,207.22665405273438,-232.97142028808594,-72.40450286865234,206.84877974048518,-232.98049008307683,-72.40426677816687,0.377983217587359,0.3150297116536122,0.07229438484160795,3.5310308696316006e-05,7.615273523058884,16.277280085518317,nan,0.053567733776175526,nan
523.49,207.23536682128906,-232.9687957763672,-72.4062271118164,206.85718987181815,-232.97778756917384,-72.40607258815729,0.37828386342344034,0.3150762701245563,0.07231776241154025,3.601831514285262e-05,7.5920309323853346,16.129674889932584,nan,nan,nan
523.5,207.2440643310547,-232.9661102294922,-72.40792083740234,206.84394677674726,-232.96773326367506,-72.40781206428493,0.4001208609114347,0.31501468590212145,0.07230804006600847,3.527832402189369e-05,7.853831841028679,16.96899767038205,4.865116276835373,0.0035220783215595317,nan
523.51,207.2527618408203,-232.96336364746094,-72.40958404541016,206.85231668490445,-232.96488576193067,-72.40955279350761,0.40044804994608063,0.3150610516871151,0.07233140108094588,3.598551901441868e-05,7.82978937554234,17.137644955081175,nan,nan,nan
523.52,207.26145935058594,-232.96054077148438,-72.41121673583984,206.86070521237238,-232.9619875110344,-72.41195993878624,0.40075743873474884,0.3151075021159201,0.0723548277816909,3.526858722803436e-05,7.8224329654944365,16.69488183658398,nan,0.3394365817213905,nan
523.53,207.27015686035156,-232.9576416015625,-72.41281127929688,206.86907440493047,-232.9590049464865,-72.41364355870533,0.4010856360492184,0.31515403944468784,0.07237832204152853,3.5975875108959236e-05,7.803835792798955,16.518723454563776,nan,nan,nan
523.54,207.2788543701172,-232.95469665527344,-72.41437530517578,206.87741288545809,-232.95592897504886,-72.41415262563942,0.4014434378633049,0.31520066176202716,0.07240188234635342,3.525977511912969e-05,7.7622759889429425,17.23392663027616,nan,0.9094970451515525,nan
523.55,207.2875518798828,-232.95167541503906,-72.41590118408203,206.87457098153033,-232.95168974221056,-72.4157397677916,0.4129809301463127,0.3151390305987337,0.07239206783018817,3.594503731223948e-05,8.104426327363631,17.37433725536268,2.4143545698873647,nan,nan
523.5600000000001,207.29624938964844,-232.94859313964844,-72.41740417480469,206.88295522454052,-232.94855133353522,-72.41888932984274,0.4132968356344935,0.315185459986002,0.0724156108393847,3.523058116940071e-05,8.143575063568035,17.274005298414913,nan,1.7154443413076097,nan
523.57,207.30494689941406,-232.9454345703125,-72.41887664794922,206.89129868090916,-232.94531352081486,-72.42045606863529,0.4136512515331783,0.31523197608867376,0.07243922144856858,3.593723427211333e-05,8.128720272037688,16.78992462556435,nan,nan,nan
523.58,207.3136444091797,-232.94223022460938,-72.42031860351562,206.89969083211975,-232.94205620525383,-72.42395936300044,0.41396962373232643,0.315278577211612,0.07246289841010828,3.5223509319848054e-05,8.412771701871367,17.673608516377282,nan,2.691735001270201,nan
523.59,207.3223419189453,-232.93902587890625,-72.42173767089844,206.90803342469778,-232.93872757001344,-72.425489014418,0.4143255845009543,0.31532526528755694,0.07248664319901103,3.59303117179302e-05,8.403134840759892,17.37071096183618,nan,nan,nan
523.6,207.33102416992188,-232.93585205078125,-72.4231185913086,206.94699469632877,-232.95006027428965,-72.42542197425394,0.38429912278907563,0.31526358461892834,0.0724767315685697,3.519602926059972e-05,8.115112699083149,16.576974122661994,8.84728821740244,1.6239142719293687,nan
523.61,207.3397216796875,-232.93272399902344,-72.42447662353516,206.95538688310282,-232.94681418925336,-72.42688154736625,0.38460051090077535,0.31531007940825556,0.07250045817162461,3.5902121910516996e-05,8.099063385149723,16.27226762250869,nan,nan,nan
523.62,207.34841918945312,-232.92965698242188,-72.42581176757812,206.96372697046834,-232.94357601923696,-72.42611937281225,0.384944070683359,0.3153566592401438,0.07252425141475134,3.519056761546907e-05,7.913587587629449,16.190798432210872,nan,3.366536620662147,nan
523.63,207.35711669921875,-232.9266357421875,-72.42711639404297,206.97211847822462,-232.9404366925639,-72.42750534480118,0.3852456978119714,0.31540332585277864,0.07254811254729225,3.589684727330856e-05,7.888883093089351,15.89080821939586,nan,nan,nan
523.64,207.3657989501953,-232.92369079589844,-72.42839050292969,206.97740537514454,-232.9411282756782,-72.42911222798314,0.3887854880635864,0.31494415795353325,0.07182902758125448,3.5183928981346735e-05,11.500537070104041,20.41620058677887,nan,0.04444404928263283,0.01911545054443731
523.65,207.37449645996094,-232.92079162597656,-72.42964935302734,206.9902454203801,-232.93856194673873,-72.43038967080794,0.38466244135523225,0.31488189342635026,0.07181994173339437,3.5868285146873435e-05,11.292806052496632,19.368166794097547,0.7450982863651294,nan,nan
523.66,207.38319396972656,-232.91793823242188,-72.43087768554688,206.99864805968446,-232.93554208221965,-72.43056235354459,0.3849487652819353,0.31492717366554757,0.07184067832370132,3.5158820821578544e-05,11.242807695787814,19.08519927836375,nan,0.9098144025021628,nan
523.67,207.39187622070312,-232.9151611328125,-72.43207550048828,207.0070440229797,-232.93263765217813,-72.43184041239715,0.3852288987085343,0.314972538243335,0.07186147944803087,3.5864597043633365e-05,11.201094690770935,20.109968635322964,nan,nan,nan
523.6800000000001,207.40057373046875,-232.9124298095703,-72.43325805664062,207.015449650471,-232.92970221402138,-72.431362181142,0.38551587164932916,0.3150179872134422,0.07188233787572199,3.515562728183138e-05,11.263469335812967,19.426851410554352,nan,2.1020027780544464,nan
523.69,207.4092559814453,-232.90975952148438,-72.43441009521484,207.02384505254147,-232.9269085413098,-72.43257716489725,0.385796620815996,0.31506352081495725,0.07190326093346791,3.586163331784773e-05,11.215163908019163,19.97478028232326,nan,nan,nan
523.7,207.41795349121094,-232.90713500976562,-72.435546875,207.04560501279855,-232.94282458886346,-72.4356254770122,0.3740549981092083,0.31500123412017983,0.07189413078240334,3.513191884779802e-05,12.447563238270009,19.209907622892903,23.934773294381355,2.396063457726775,nan
523.71,207.4266357421875,-232.90457153320312,-72.43665313720703,207.0540005535116,-232.9401966386105,-72.43681464376257,0.3743342865129751,0.3150465782494311,0.07191504547467069,3.5837291827042054e-05,12.4101738281252,19.831359557624427,nan,nan,nan
523.72,207.43533325195312,-232.9020538330078,-72.437744140625,207.06239860402007,-232.9375995537597,-72.43754284960585,0.3746248662472813,0.3150920067041579,0.07193601808767912,3.5130036383927606e-05,12.374316245128899,19.322536620404875,nan,0.13544384534702877,nan
523.73,207.44403076171875,-232.8995819091797,-72.43881225585938,207.070794004241,-232.9350739770127,-72.43868558954046,0.37492049831386687,0.31513751973759835,0.07195705518676662,3.5835667157304436e-05,12.337933242276403,19.21378012488469,nan,nan,nan
523.74,207.4527130126953,-232.89715576171875,-72.43985748291016,207.0791784771346,-232.9326767229245,-72.44151011016835,0.37522329234522295,0.31518311738200927,0.07197815066852203,3.51287805167021e-05,12.379221670527619,19.265255067535858,nan,2.030256632687199,nan
523.75,207.46141052246094,-232.89479064941406,-72.44087982177734,207.08830235085787,-232.93191390893801,-72.44261757583013,0.3749544824426192,0.31512080814667315,0.07196897989978789,3.581263233754858e-05,12.520998507818067,19.745894839373797,0.25923359975207216,nan,nan
523.76,207.4700927734375,-232.89247131347656,-72.44188690185547,207.09670126791357,-232.92950706634997,-72.44297136256701,0.37522531823340416,0.31516621610846585,0.07199006666266314,3.510693029475407e-05,12.433467582382448,19.47902312197438,nan,0.3902851898048679,nan
523.77,207.47879028320312,-232.89019775390625,-72.44287109375,207.1050952662741,-232.92718058997136,-72.44404460796879,0.3755224000996752,0.31521170859493114,0.07201121779319745,3.5812228719361005e-05,12.40273554592964,19.50877143918228,nan,nan,nan
523.78,207.4874725341797,-232.88795471191406,-72.44383239746094,207.11348035511398,-232.9249571544179,-72.44640977611891,0.37582705282392154,0.3152572856255695,0.0720324278774733,3.5106824996071274e-05,12.518772300600261,19.303738912810996,nan,1.2054397041586775,nan
523.79,207.4961700439453,-232.88577270507812,-72.44477844238281,207.1218742128736,-232.92272171653113,-72.44745867196583,0.3761246897448257,0.3153029474730722,0.07205370245940439,3.5812408741678e-05,12.494567769216118,19.63116296088224,nan,nan,nan
523.8,207.50485229492188,-232.88363647460938,-72.4457015991211,207.14304294547807,-232.9361932631677,-72.44893752584535,0.36562096847729697,0.3152406150823988,0.07204448199638958,3.508609398744671e-05,13.661802577608661,19.99548369716704,14.918387582950585,0.22215213309189016,nan
523.8100000000001,207.5135498046875,-232.88153076171875,-72.44660949707031,207.15144166855217,-232.93409255175,-72.4499537508296,0.36591833523328954,0.31528608703801597,0.07206574712893563,3.5791096824141685e-05,13.64321380846367,19.45689095523267,nan,nan,nan
523.82,207.52223205566406,-232.8794708251953,-72.44750213623047,207.15983844701788,-232.93204440758146,-72.45121144317969,0.36620604597761885,0.3153316434709047,0.07208707175504182,3.508703265757785e-05,13.688996885786489,19.580976808920816,nan,0.04701394883186156,nan
523.83,207.5309295654297,-232.87745666503906,-72.44837188720703,207.16823694391744,-232.930027120242,-72.45219610217033,0.3665026808629894,0.31537728466480985,0.07210846079776285,3.579234114729234e-05,13.67197326985128,19.85407053740011,nan,nan,nan
523.84,207.53961181640625,-232.87547302246094,-72.44922637939453,207.17663531112765,-232.9280504423442,-72.45316403023828,0.3667858142840439,0.3154230106949195,0.07212991201620807,3.651196987001586e-05,13.65492816734438,19.504769424856594,nan,nan,nan
523.85,207.54830932617188,-232.87353515625,-72.45006561279297,207.20340371355917,-232.93534968689679,-72.4540402637682,0.35042362314947234,0.3153606547647409,0.07212064377275462,3.7222236318519444e-05,13.68638654235592,19.22306916847223,3.4326898589939048,nan,nan
523.86,207.55699157714844,-232.87164306640625,-72.45088958740234,207.21182082852116,-232.93352426115376,-72.45641742178938,0.35071738611638403,0.3154061906057998,0.07214208269589194,3.643292643337863e-05,14.066335545278989,19.842396914588743,nan,1.3543037561168607,nan
523.87,207.56568908691406,-232.86978149414062,-72.45169067382812,207.22024845303847,-232.93168168263,-72.45735056617166,0.35098846027858943,0.31545181115629156,0.07216358615019115,3.7164696771072404e-05,14.057035902948677,19.775984871952584,nan,nan,nan
523.88,207.57437133789062,-232.86795043945312,-72.45247650146484,207.22868838279055,-232.9298152049921,-72.45662021645332,0.35119955158829413,0.31549751639820967,0.07218514986674816,3.6378651114223976e-05,13.63453757123226,19.18886126064857,nan,1.7731413023870537,nan
523.89,207.58306884765625,-232.8661651611328,-72.45325469970703,207.23711642697953,-232.9280471707596,-72.45750701691269,0.3514691205342995,0.3155433066405967,0.07220677826061707,3.710910153073999e-05,13.617156004484807,19.10885178214817,nan,nan,nan
523.9,207.5917510986328,-232.86441040039062,-72.45401000976562,207.2729275109922,-232.94482532833905,-72.45795863034607,0.3288322251201612,0.31548092648086107,0.07219745451219431,3.6303631514061796e-05,14.165327785545752,19.05469856112324,11.322520938197076,0.1342807628456042,nan
523.91,207.60044860839844,-232.86270141601562,-72.45475006103516,207.28139191888584,-232.9431720207396,-72.4588127234839,0.3290732358815453,0.31552652639205514,0.07221907229538048,3.7031922257052165e-05,14.149295934105266,19.28497239194281,nan,nan,nan
523.92,207.60914611816406,-232.8610076904297,-72.45548248291016,207.28984682902077,-232.9415976158193,-72.46092415173482,0.3293575319941963,0.315572210928655,0.07224075083699903,3.625313007922722e-05,14.490437377089188,18.864891370037085,nan,1.0619886727577788,nan
523.9300000000001,207.61782836914062,-232.85935974121094,-72.45619201660156,207.29831129667582,-232.94001265186628,-72.46176341380057,0.32958624373660944,0.31561798040579214,0.07226249400405559,3.698026111404868e-05,14.48082634736695,19.57775811060849,nan,nan,nan
523.94,207.62652587890625,-232.8577423095703,-72.45689392089844,207.30677223456948,-232.9384781599787,-72.46309429683079,0.3298471089300531,0.31566383479592286,0.07228429834148567,3.6204466006805844e-05,14.672368529182258,19.378658928319727,nan,0.1680741187996944,nan
523.95,207.6352081298828,-232.8561553955078,-72.45757293701172,207.31395376732544,-232.9333243392873,-72.46404938704339,0.3304562841756793,0.31560143001575397,0.07227491986211489,3.690719487428067e-05,14.395828713084029,19.736935458121152,1.9611319128211928,nan,nan
523.96,207.64390563964844,-232.8546142578125,-72.45824432373047,207.32242124511745,-232.93182650697065,-72.46492268884478,0.33069403972193645,0.3156470938470567,0.07229671310403755,3.6135279835461104e-05,14.460888718520263,19.910558584465722,nan,0.00284974429000012,nan
523.97,207.65260314941406,-232.85308837890625,-72.45890808105469,207.33088930000835,-232.93035780756387,-72.46571856255652,0.3309331475733454,0.3156928425573483,0.07231857094356915,3.685939466891073e-05,14.454156998639498,19.244961080586428,nan,nan,nan
523.98,207.66128540039062,-232.85159301757812,-72.45954895019531,207.33935369429497,-232.92893592785492,-72.46700749911474,0.33117605455667676,0.31573867611502604,0.07234049040580386,3.609030076352927e-05,14.705550587180179,19.928150217644838,nan,0.16935019918937602,nan
523.99,207.66998291015625,-232.85012817382812,-72.4601821899414,207.34782236331972,-232.92752837910328,-72.46778414085577,0.33141514656447335,0.31578459484171734,0.07236247464458657,3.6813467868558906e-05,14.703152956331534,19.660613587241485,nan,nan,nan
524.0,207.67868041992188,-232.8487091064453,-72.46080017089844,207.3677959327474,-232.93725712657064,-72.46986786117007,0.32337615750192,0.31572216469039077,0.07235303480542601,3.602493321504714e-05,16.038906748345028,21.03721771880629,5.125176475782255,1.1377651236027635,nan
524.01,207.68736267089844,-232.84730529785156,-72.46141052246094,207.3762751675222,-232.93593835828077,-72.47063477702049,0.323599043617377,0.31576789262753724,0.07237500719831273,3.6746314843000436e-05,16.041168949358372,20.60544652445179,nan,nan,nan
524.02,207.69606018066406,-232.84591674804688,-72.46199798583984,207.38475752025028,-232.93463652368513,-72.47100897092622,0.32382362919069174,0.31581370534642955,0.07239704163791906,3.5983546716267924e-05,15.953611110469918,20.466539887743835,nan,0.09718688733950034,nan
524.03,207.7047576904297,-232.84457397460938,-72.46258544921875,207.3932371925604,-232.93337346359965,-72.47174999014113,0.32405919003783434,0.31585960317082135,0.07241914085984102,3.670411654934118e-05,15.954746823300592,20.539899327846904,nan,nan,nan
524.04,207.7134552001953,-232.84324645996094,-72.4631576538086,207.40173181350082,-232.93208376768166,-72.47058528438373,0.3242201516736943,0.31590558606551195,0.0724413025109828,3.5943900202904506e-05,15.172117316405219,19.54883734700184,nan,2.4014166953766667,nan
524.05,207.72213745117188,-232.84194946289062,-72.46371459960938,207.39960077118687,-232.9257094719321,-72.47132104256139,0.3333219270086499,0.3158431301255913,0.07243180084983705,3.6640800612214025e-05,15.209670087958283,20.042212856524365,1.1004918009623623,nan,nan
524.0600000000001,207.7308349609375,-232.84068298339844,-72.46426391601562,207.40805558529493,-232.92454566080008,-72.47304600052868,0.3336114491584069,0.3158889219946881,0.07245395010319224,3.588398696514292e-05,15.749809913363892,20.49874669381007,nan,0.7171657054202851,nan
524.07,207.73953247070312,-232.83944702148438,-72.46479797363281,207.41651859535565,-232.92337946714065,-72.47373746364217,0.3338600508932775,0.3159347989042496,0.07247616416381686,3.6602213229738926e-05,15.753263615712116,20.79338419043179,nan,nan,nan
524.08,207.74822998046875,-232.83822631835938,-72.46533203125,207.42498481322477,-232.9222286756177,-72.47404557004653,0.33409543536226943,0.31598076081874027,0.07249844104096068,3.584777865209401e-05,15.658537089987044,20.087468494578967,nan,0.09396452867201348,nan
524.09,207.75692749023438,-232.83702087402344,-72.4658432006836,207.43344827731818,-232.9211122437709,-72.47471433684275,0.3343484061748165,0.3160268080628099,0.07252078293145116,3.6565369969484864e-05,15.664372066603434,20.24873286595663,nan,nan,nan
524.1,207.76560974121094,-232.8358612060547,-72.46635437011719,207.435079194419,-232.91702031445473,-72.47343387390005,0.3404223297797691,0.31596432554209963,0.07251121383118124,3.579137880510113e-05,14.950465407997022,19.953998385538927,0.45377002325117555,2.4848510619766953,nan
524.11,207.77430725097656,-232.834716796875,-72.46685028076172,207.44353165421435,-232.9159469825683,-72.47406463889183,0.34068003382116896,0.31601018151974136,0.07253354256828094,3.650749624569674e-05,14.94602280410788,19.783589132619806,nan,nan,nan
524.12,207.7830047607422,-232.83358764648438,-72.46733093261719,207.45197751854963,-232.9149181251442,-72.4755623957605,0.34097131670879377,0.31605612243678805,0.07255593448546588,3.575848190626068e-05,15.386335109851787,20.195158036358134,nan,0.5186779777095479,nan
524.13,207.7917022705078,-232.83248901367188,-72.46781158447266,207.4604305115242,-232.9138905565177,-72.47618400999296,0.3412290828561761,0.316102148616593,0.07257839146780135,3.64740773694552e-05,15.38361926225162,20.108751176666924,nan,nan,nan
524.14,207.80039978027344,-232.83140563964844,-72.46827697753906,207.4688856303046,-232.91287995755485,-72.47657493349483,0.3414799440390486,0.31614826002517515,0.07260091198859304,3.572718212691008e-05,15.36009322078092,20.06224889565129,nan,0.03334399233344516,nan
524.15,207.80909729003906,-232.83033752441406,-72.46873474121094,207.4804128916353,-232.91685135473958,-72.4771888130454,0.3399846289499274,0.31608575047357307,0.07259127405107438,3.641968370619208e-05,15.78456198630096,19.984856533744527,1.4230757118438369,nan,nan
524.16,207.8177947998047,-232.8292999267578,-72.46918487548828,207.48887507020143,-232.915880677623,-72.47671220159499,0.3402074008321615,0.3161316703713886,0.07261378080654497,3.567573698263477e-05,15.381744937315585,19.791900673940145,nan,0.7783315320371877,nan
524.17,207.8264923095703,-232.8282928466797,-72.46961975097656,207.49732925589538,-232.91495472537378,-72.47728740168733,0.3404664300497445,0.31617767546376385,0.0726363526938526,3.63895442510769e-05,15.379473673599147,20.262137659761393,nan,nan,nan
524.1800000000001,207.83518981933594,-232.82728576660156,-72.47005462646484,207.50579341251495,-232.91402233011263,-72.47659650894337,0.3406875702203584,0.31622376571945643,0.07265898845279252,3.564755346668296e-05,14.93697134694581,18.991139859812765,nan,1.0766493347344859,nan
524.19,207.84388732910156,-232.82630920410156,-72.47047424316406,207.51424811052527,-232.9131367855201,-72.4771435409347,0.3409479767520733,0.3162699414580755,0.07268168957173782,3.636098291169957e-05,14.931100631932718,19.48414066587831,nan,nan,nan
524.2,207.8525848388672,-232.8253631591797,-72.47088623046875,207.5139972934994,-232.90966374749542,-72.4755578179857,0.3489554968738838,0.3162074040536051,0.0726719779340885,3.5599256604943886e-05,14.506552731123701,19.32423445227921,1.2825192015904692,2.8147790026511217,nan
524.21,207.8612823486328,-232.8244171142578,-72.4712905883789,207.52243565425997,-232.9088158302162,-72.47606801950388,0.3492320852828195,0.31625338803097836,0.0726946645223308,3.63114661121236e-05,14.494724707754951,18.777260174995735,nan,nan,nan
524.22,207.86997985839844,-232.82339477539062,-72.47179412841797,207.53088426569582,-232.90790742491384,-72.47529841649451,0.3494860354215872,0.3162994571059068,0.07271741529567718,3.5574042847763676e-05,14.188810018437703,18.682118348804995,nan,1.1970664263749948,nan
524.23,207.87867736816406,-232.82228088378906,-72.4723892211914,207.53932309234474,-232.906937110259,-72.4759343177549,0.3497721671411676,0.31634561159400393,0.0727402315166222,3.628596652489597e-05,14.167755133166343,18.629900482059174,nan,nan,nan
524.24,207.8873748779297,-232.82107543945312,-72.47307586669922,207.54778638207392,-232.90582047720162,-72.47348513897997,0.350003193477393,0.3163918514696652,0.07276311226161196,3.555025646333181e-05,13.80437571564143,18.179909099215326,nan,6.9119446563773375,nan
524.25,207.8960723876953,-232.81979370117188,-72.47384643554688,207.57707541954355,-232.9175964032554,-72.47430011369087,0.33365347300562576,0.3163292857250179,0.0727533248356502,3.623952881708428e-05,14.129619273615745,18.573355454427393,5.171022309830648,nan,nan
524.26,207.90476989746094,-232.81842041015625,-72.47471618652344,207.58554321341722,-232.9163997221922,-72.47539462265445,0.33392526359676405,0.3163753335869151,0.07277619038427625,3.550634810922373e-05,14.115281496612342,18.121202664931054,nan,0.030684828529773146,nan
524.27,207.91346740722656,-232.8169708251953,-72.47566986083984,207.59401285426452,-232.91511533707805,-72.47637018410036,0.3341916322614144,0.31642146679100525,0.07279912147922232,3.621693215772809e-05,14.093337814131909,18.48786394193079,nan,nan,nan
524.28,207.9221649169922,-232.8154296875,-72.47671508789062,207.60248462128675,-232.9137430471335,-72.47714308841437,0.33445656119919337,0.31646768531673464,0.07282211738682874,3.548531518865174e-05,14.063381268189636,18.147836426022323,nan,0.058622335057439696,nan
524.29,207.9308624267578,-232.81381225585938,-72.47785186767578,207.61095416763354,-232.91229369086966,-72.47829384943851,0.3347238901624566,0.316513989472463,0.07284517908657703,3.619572809112301e-05,14.0413818595866,18.162167980259788,nan,nan,nan
524.3,207.93955993652344,-232.81211853027344,-72.47906494140625,207.60908801403428,-232.90202981902482,-72.47944338967278,0.34248485312740656,0.31645139454579074,0.0728353115570465,3.5444161797605046e-05,13.638634552197665,18.64479746317264,4.908372274620216,0.07178846734447761,nan
524.3100000000001,207.94825744628906,-232.81033325195312,-72.4803695678711,207.61754595085196,-232.90039720004444,-72.48076946841282,0.3427561347087476,0.31649750642813795,0.07285835728146456,3.615355713814683e-05,13.616932727694014,18.11048279852952,nan,nan,nan
524.32,207.9569549560547,-232.80848693847656,-72.48175811767578,207.62600383860027,-232.89868521196908,-72.48218122430549,0.3430226664589084,0.3165437036448547,0.0728814684300674,3.6877288478641046e-05,13.593273852090174,18.64233847699761,nan,nan,nan
524.33,207.96566772460938,-232.80654907226562,-72.48322296142578,207.634461557987,-232.8968948617149,-72.48367766972567,0.3433075781854154,0.31658998634044117,0.07290464514735526,3.7615500319287686e-05,13.572042731503046,18.44168711328184,nan,nan,nan
524.34,207.974365234375,-232.80453491210938,-72.48477935791016,207.64291764573323,-232.89502988453748,-72.4854466145398,0.34358010606351175,0.3166363545754388,0.07292788724740723,3.6799518991399645e-05,13.555873237999833,18.22168277786605,nan,0.022726616020851312,nan
524.35,207.98306274414062,-232.8024444580078,-72.48641204833984,207.67333912542546,-232.89672234298175,-72.48705125884554,0.3237552287998569,0.3165737299395178,0.07291793703401199,3.751191555145085e-05,12.819567861846991,17.830342779546935,8.294510248951651,nan,nan
524.36,207.99176025390625,-232.80029296875,-72.48812103271484,207.6818377483852,-232.89470294639275,-72.48933388301778,0.3239856081877915,0.3166199056409892,0.07294116244772267,3.670163333290652e-05,12.823429471284006,18.442989014422754,nan,0.18490780928467043,nan
524.37,208.00045776367188,-232.7980499267578,-72.48992156982422,207.69034004372313,-232.8926013875203,-72.4911656595586,0.32421370532073235,0.3166661668326359,0.07296445391339065,3.743535137581355e-05,12.801175792659995,17.5203588413997,nan,nan,nan
524.38,208.0091552734375,-232.7957305908203,-72.49177551269531,207.69884459666255,-232.8904216656226,-72.49273664747875,0.3244380365305664,0.31671251349779167,0.0729878110194587,3.662958381126926e-05,12.761765923918503,17.7219465693845,nan,0.07110581928687604,nan
524.39,208.01785278320312,-232.79335021972656,-72.49363708496094,207.70734654210204,-232.88817326592346,-72.49467459969618,0.3246638450607126,0.31675894594015136,0.0730112344346635,3.7361682305044024e-05,12.740790385044216,18.224877220730693,nan,nan,nan
524.4,208.02655029296875,-232.7908935546875,-72.49549102783203,207.7158416604229,-232.8878129652121,-72.49751945063001,0.3254801698629121,0.3166962907361954,0.07300119758922519,3.653759721071966e-05,13.033601817731878,18.08056187715988,0.34297099151049193,0.5247902640005989,nan
524.41,208.03524780273438,-232.7883758544922,-72.49732208251953,207.7243404010479,-232.88542772757916,-72.49944967549969,0.3257100016042113,0.3167425303763389,0.07302460351962232,3.7267259251079006e-05,13.0176181971048,18.30540300627092,nan,nan,nan
524.42,208.0439453125,-232.78578186035156,-72.4991226196289,207.7328272686407,-232.88299073441553,-72.50297573930999,0.32597369363630435,0.31678885542340324,0.07304807533377622,3.647109063981346e-05,13.279030601386221,18.408542708809403,nan,1.7081399848606447,nan
524.4300000000001,208.05264282226562,-232.78311157226562,-72.50089263916016,207.74132498837102,-232.88046538649792,-72.5048653007623,0.3262090447651783,0.3168352661724531,0.07307161358653347,3.7199340532806097e-05,13.272780415510695,18.119552097128654,nan,nan,nan
524.44,208.0613250732422,-232.78038024902344,-72.50262451171875,207.74980544115647,-232.87789752333745,-72.50916657421948,0.3264918047152489,0.31688176261948686,0.07309521803660216,3.6407249171289096e-05,13.999072758167832,19.359084428068208,nan,3.891607593227419,nan
524.45,208.0700225830078,-232.77757263183594,-72.50432586669922,207.74538178804664,-232.8577415663413,-72.51088643511865,0.3344573887219891,0.3168190762896119,0.07308509168011362,3.711081037144445e-05,12.857772727067958,18.51146455860144,14.073490454848509,nan,nan
524.46,208.07872009277344,-232.7747039794922,-72.50598907470703,207.7538707821207,-232.85496324619317,-72.51289891100869,0.3346884676242132,0.3168653796662798,0.07310867789011749,3.632364084145568e-05,12.987218020348832,18.98692660490176,nan,0.02584942108371363,nan
524.47,208.08741760253906,-232.7717742919922,-72.50762176513672,207.76236063905563,-232.85211630662556,-72.51468233319595,0.3349130042947548,0.3169117686688856,0.0731323306742027,3.704843229653725e-05,12.992653509355229,19.053592176277107,nan,nan,nan
524.48,208.0961151123047,-232.76876831054688,-72.50922393798828,207.770846911907,-232.84920790072212,-72.51690045850509,0.3351549773235607,0.3169582433021788,0.07315604988173066,3.6265060286812264e-05,13.247408889678184,18.897007246723582,nan,0.14282915718488687,nan
524.49,208.10479736328125,-232.76571655273438,-72.51079559326172,207.7793358887892,-232.84622982103397,-72.51862566208256,0.3353637841636419,0.317004803848339,0.07317983593208316,3.698871226254038e-05,13.25282738091332,19.58237935854609,nan,nan,nan
524.5,208.11349487304688,-232.76258850097656,-72.5123291015625,207.77984058017717,-232.8313214125535,-72.52045504497444,0.3407571440785421,0.31694208552450026,0.07316961636697836,3.6186808628348684e-05,12.66059198258915,19.370778809175075,6.919365307647618,0.00025005065261442505,nan
524.51,208.1221923828125,-232.75938415527344,-72.51383972167969,207.78832599535195,-232.82818075606127,-72.52212222540172,0.34098143178745294,0.31698845272360016,0.07319338336091628,3.690850143218409e-05,12.669837432710048,18.650274983864342,nan,nan,nan
524.52,208.13087463378906,-232.75613403320312,-72.51531219482422,207.79680909850336,-232.8249793964146,-72.52402575167872,0.3411969987770971,0.3170349054853056,0.07321721699311787,3.6133274484364465e-05,12.885560541152213,19.817967092969084,nan,0.04674290062496457,nan
524.53,208.1395721435547,-232.75282287597656,-72.51676177978516,207.80529358326294,-232.8217136318429,-72.52563725810201,0.3414189013952114,0.31708144408304323,0.07324111761220113,3.6853998392973934e-05,12.895507525482419,19.48330771613128,nan,nan,nan
524.54,208.14825439453125,-232.7494354248047,-72.51818084716797,207.81378505833987,-232.81837776331557,-72.52605840800646,0.341591625858147,0.31712806853446995,0.07326508517350755,3.608215904213387e-05,12.452428527711376,18.67245997496691,nan,0.8964062813691829,nan
524.55,208.15695190429688,-232.74600219726562,-72.51956939697266,207.7926180690167,-232.80465528034833,-72.52764953398348,0.3691132838292111,0.3170653176155907,0.07325476929031638,3.6779072115292174e-05,12.893751707048482,19.752896699272135,8.869555415236226,nan,nan
524.5600000000001,208.16563415527344,-232.7425079345703,-72.52093505859375,207.80106024691105,-232.80118508344924,-72.52714121653133,0.3693178290517979,0.3171117484439821,0.07327871700047384,3.6011435509134565e-05,12.16222163516231,18.74470938355147,nan,2.7366660265524776,nan
524.57,208.17433166503906,-232.73902893066406,-72.52227020263672,207.80948903040684,-232.79770475674707,-72.52861322592369,0.36958521961291346,0.3171582650308432,0.07330273184495295,3.672954834493891e-05,12.159171938918739,19.044708682118056,nan,nan,nan
524.58,208.18301391601562,-232.73558044433594,-72.52357482910156,207.8179194396821,-232.794244479091,-72.5296900908313,0.36982812501081624,0.317204867402471,0.07332681383314155,3.5965041475376294e-05,12.073304514717801,18.907397494668093,nan,0.09104672592262614,nan
524.59,208.19171142578125,-232.732177734375,-72.52485656738281,207.8263467651195,-232.79083188088498,-72.53110700736053,0.3700955446411211,0.31725155581951947,0.07335096323276857,3.668240633912775e-05,12.069042657602052,18.454061999644097,nan,nan,nan
524.6,208.2003936767578,-232.72885131835938,-72.52611541748047,207.85112532305848,-232.79485804680803,-72.53236091167254,0.3555056642221582,0.3171887714389304,0.07334054751545767,3.589907419257973e-05,12.029529167717925,18.767189403016715,2.8716476095220234,0.03835836748983587,nan
524.61,208.20907592773438,-232.72557067871094,-72.52734375,207.85957878607147,-232.79157424521844,-72.53372813404117,0.3557323195632339,0.31723526594870005,0.07336467622739622,3.661486599987009e-05,12.025710427297376,18.354234994279658,nan,nan,nan
524.62,208.2177734375,-232.7223663330078,-72.52855682373047,207.8680286300038,-232.78835615676311,-72.53560676752382,0.3559856583028238,0.31728184617345667,0.07338887227554965,3.585716793591651e-05,12.26766158067045,18.627929686396072,nan,0.1925998870182072,nan
524.63,208.22645568847656,-232.71922302246094,-72.52973937988281,207.87648125450409,-232.78519824194,-72.53693207961433,0.35621141047009586,0.31732851236541504,0.07341313588770497,3.657234953525563e-05,12.264827861487035,18.859081664868004,nan,nan,nan
524.64,208.23513793945312,-232.71612548828125,-72.53089904785156,207.88935387451113,-232.78210343457604,-72.53897979614557,0.3521150486106488,0.3109657075472749,0.07343746436150007,3.5815971734856116e-05,16.869279141784983,22.87747520288121,nan,0.3720083559327321,0.003054579048133666
524.65,208.2438201904297,-232.71310424804688,-72.53203582763672,207.87859800185356,-232.76273922771526,-72.54031602569701,0.3686725375111823,0.3108996041040613,0.07342694735607727,3.65079811160933e-05,16.043465973407827,23.45128504384955,9.967957073341626,nan,nan
524.66,208.25250244140625,-232.71014404296875,-72.53314971923828,207.88700606110032,-232.75972435172667,-72.54195893479532,0.3689490660131784,0.31094098253235575,0.073451250476744,3.5756673602787835e-05,16.291031341485507,23.721699860057292,nan,0.09575419636436577,nan
524.67,208.26119995117188,-232.70724487304688,-72.53424072265625,207.89544756460413,-232.75676741578752,-72.54320754984367,0.3691987195391018,0.31098245646620726,0.07347561509956638,3.646989285861664e-05,16.281540306226244,23.70510851410756,nan,nan,nan
524.6800000000001,208.26988220214844,-232.7043914794922,-72.53530883789062,207.90392393771515,-232.75386735609882,-72.54403695258543,0.36939070597288376,0.31102400294760346,0.0735000413194888,3.5721105533092125e-05,16.166357695134916,23.27657614572672,nan,0.10743376966642375,nan
524.69,208.278564453125,-232.70159912109375,-72.5363540649414,207.9123652788698,-232.7510262531766,-72.54524025444681,0.36962662373678196,0.31106564481947346,0.07352452932577262,3.643389147058927e-05,16.157560826647707,23.467533361178255,nan,nan,nan
524.7,208.28724670410156,-232.69886779785156,-72.53738403320312,207.93376442194156,-232.75320635930876,-72.54491449792405,0.35771372766668336,0.3109996188018787,0.07351391485540822,3.566594187156061e-05,15.397265482058213,22.599448482189782,2.044202529063339,1.4343269426497591,nan
524.71,208.29592895507812,-232.69619750976562,-72.53839111328125,207.9422301892164,-232.75048249173568,-72.54606245556738,0.3579225135864964,0.3110410911778087,0.07353837690550337,3.637746258656385e-05,15.380231041098796,22.892013188653927,nan,nan,nan
524.72,208.3046112060547,-232.69357299804688,-72.53938293457031,207.95078517101186,-232.74780944295986,-72.54613688627339,0.35802244467984984,0.31108263684831994,0.07356290078902754,3.563427752192713e-05,14.998930641992937,22.072159801946317,nan,0.7563055564639293,nan
524.73,208.31329345703125,-232.6909942626953,-72.54034423828125,207.95925081613757,-232.74519265687795,-72.5472360270843,0.3582333795947189,0.3111242770575092,0.07358748667794653,3.634547392084474e-05,14.982867770649229,22.14394347781436,nan,nan,nan
524.74,208.32199096679688,-232.6884765625,-72.54129791259766,207.96761110809513,-232.74263107514048,-72.54958250312544,0.3585895005894784,0.311165991235629,0.07361213469241153,3.560447370690097e-05,15.56092615495766,22.62139324317391,nan,1.092629446193477,nan
524.75,208.33067321777344,-232.68600463867188,-72.54222106933594,207.96300630445307,-232.7298529405934,-72.55056512760524,0.3703663808181369,0.31110006356172676,0.07360142010765142,3.62930344555112e-05,15.084122323353391,22.951987508537968,3.7491734659798626,nan,nan
524.76,208.33935546875,-232.68357849121094,-72.54313659667969,207.97150635104177,-232.72736279687922,-72.55106512975824,0.3705305661593334,0.31114160847273964,0.07362604156768665,3.5555007284103145e-05,14.890913267424395,22.29697519916857,nan,0.2110045012823492,nan
524.77,208.34803771972656,-232.6811981201172,-72.54402923583984,207.9799610516692,-232.7249227715416,-72.55209786643776,0.3707524531410779,0.3111832470975614,0.0736507252510431,3.626481048317054e-05,14.87568819706919,22.32040388225657,nan,nan,nan
524.78,208.35671997070312,-232.6788787841797,-72.5448989868164,207.98849604302154,-232.72252846310778,-72.55211347471403,0.37087222088396227,0.31122496039529113,0.07367547128929568,3.5528763378425843e-05,14.50157511496699,22.631046455894072,nan,0.6850255529082105,nan
524.79,208.3654022216797,-232.6765899658203,-72.54576110839844,207.99695076191236,-232.72018280622717,-72.553102717687,0.3710939411609398,0.3112667673251613,0.0737002798377879,3.623837778962871e-05,14.482085059815685,21.7250366627187,nan,nan,nan
524.8,208.37408447265625,-232.6743621826172,-72.54660034179688,207.97707496428555,-232.70743597775618,-72.55252136319069,0.3984287692373474,0.3112009169838818,0.07368946241784073,3.5482820551961776e-05,14.38579716192535,22.591180045786153,10.854423839279708,1.355003977855787,nan
524.8100000000001,208.3827667236328,-232.6721649169922,-72.54742431640625,207.9854743975529,-232.70516935252823,-72.55346170500046,0.3987065778088856,0.3112425540944149,0.07371424379121923,3.6191406943424155e-05,14.363781679351188,21.987982538788252,nan,nan,nan
524.82,208.39144897460938,-232.67001342773438,-72.54823303222656,207.9938976509527,-232.70294654799415,-72.55407926431813,0.39895591708970096,0.311284266550181,0.07373908774338575,3.545990331271168e-05,14.279287220174524,21.96282890863651,nan,0.06496257805417525,nan
524.83,208.400146484375,-232.6679229736328,-72.54901885986328,208.00229720918705,-232.70076735614805,-72.55498598069478,0.3992472990032659,0.3113260718573615,0.07376399442306517,3.616838544246556e-05,14.257563669279493,22.771563835276716,nan,nan,nan
524.84,208.40882873535156,-232.6658477783203,-72.54979705810547,208.0105922123801,-232.6986318263085,-72.55726112755725,0.3996533927839001,0.31136795314689686,0.07378896397150529,3.5438567585511484e-05,14.805230198875561,22.142279861142875,nan,1.3174969923562347,nan
524.85,208.41751098632812,-232.66383361816406,-72.55055236816406,208.03128867360292,-232.70895301332953,-72.55820743018822,0.3889242016659558,0.31130219714498364,0.07377804101098095,3.612477918293552e-05,15.575093491797631,23.107934433295057,6.438151694980014,nan,nan
524.86,208.4261932373047,-232.66184997558594,-72.55130004882812,208.03960896082302,-232.7069316289573,-72.56021004521301,0.38930598034082603,0.3113439087876475,0.07380298275153419,3.539743258663374e-05,16.155820656771702,23.122719909816006,nan,0.8730634302051664,nan
524.87,208.43487548828125,-232.659912109375,-72.55203247070312,208.04801307274616,-232.70494967560822,-72.56108510450815,0.38958036539931695,0.31138571253228114,0.07382798743493603,3.610493146468438e-05,16.14237154642757,23.353039188749257,nan,nan,nan
524.88,208.4435577392578,-232.6580047607422,-72.55274200439453,208.05648227209684,-232.70300660590274,-72.56105793774778,0.3897713920919191,0.311427592882325,0.07385305520522015,3.5379093618243374e-05,15.787835935592629,22.925372758767626,nan,0.5452804644924741,nan
524.89,208.45223999023438,-232.65614318847656,-72.5534439086914,208.06488710602264,-232.70110201710676,-72.561896995294,0.39004487927937453,0.3114695652917063,0.07387818620704403,3.608659029491696e-05,15.773017815295718,23.01672324925818,nan,nan,nan
524.9,208.4609375,-232.65431213378906,-72.55413055419922,208.08466318919437,-232.71552117059235,-72.56257592596498,0.38131381756094035,0.31140389346816066,0.07386715497846208,3.678537839865026e-05,16.99272880236086,22.905430294567626,16.03039485350299,nan,nan
524.91,208.46961975097656,-232.65252685546875,-72.5548095703125,208.09305952461395,-232.71373719334204,-72.56338617184505,0.3815990928116489,0.31144569570804886,0.07389225752239825,3.752075999204059e-05,16.975678184363503,23.132351929363406,nan,nan,nan
524.92,208.47830200195312,-232.65077209472656,-72.55546569824219,208.10144424678754,-232.71198913253048,-72.56435345261912,0.38190088442395204,0.3114875745676253,0.07391742336661156,3.67097348040091e-05,17.129100837374565,23.36117852578462,nan,0.018376856610506795,nan
524.9300000000001,208.4869842529297,-232.6490478515625,-72.55611419677734,208.1098410858694,-232.71027626105698,-72.56514078037571,0.38218760550409303,0.31152954535979777,0.07394265265600884,3.7443423450855645e-05,17.116068268336857,23.06496153847848,nan,nan,nan
524.94,208.4956817626953,-232.64736938476562,-72.55674743652344,208.11831030674284,-232.7085985741847,-72.56486075057741,0.3823925408131567,0.31157159341430135,0.0739679455343136,3.6636999391740635e-05,16.698994476151576,23.033074224437946,nan,0.7162581526745128,nan
524.95,208.50436401367188,-232.6457061767578,-72.55736541748047,208.11455981645557,-232.69383977955894,-72.56563026157426,0.3928517067978211,0.31150600460309047,0.0739568033038761,3.7345396639580144e-05,15.882821917449395,22.45980053776149,7.176254777907365,nan,nan
524.96,208.51304626464844,-232.6440887451172,-72.55797576904297,208.1229090598214,-232.69219364448867,-72.56706780913584,0.39319687832793976,0.31154788263917177,0.07398206705891935,3.654443181111119e-05,16.27701942264936,23.197653511105454,nan,0.31285833255793755,nan
524.97,208.521728515625,-232.6425018310547,-72.5585708618164,208.13130500315785,-232.69058092283535,-72.56780544784634,0.3934811250019318,0.31158985185050436,0.07400739447021422,3.727412248886077e-05,16.264384884385066,23.19579142397324,nan,nan,nan
524.98,208.53042602539062,-232.6409454345703,-72.55915832519531,208.13972392514205,-232.68900081830392,-72.56818338689634,0.39374979718488673,0.31163189894389387,0.07403278567896883,3.647744982527816e-05,16.172176991187346,22.87905673959333,nan,0.07890546952423078,nan
524.99,208.5391082763672,-232.63941955566406,-72.55973052978516,208.14812036598238,-232.68745177094922,-72.56889572462799,0.39403380637806473,0.31167403717205167,0.07405824083372083,3.7205752629139045e-05,16.158965214134973,23.00789817982046,nan,nan,nan
525.0,208.5478057861328,-232.637939453125,-72.56029510498047,208.15914547714243,-232.67917483948708,-72.56793861446016,0.3909163799460117,0.3116085239288623,0.0740469848563101,3.639075644564231e-05,14.59074467473745,22.38250457455093,8.22906904465931,1.5534567000960948,nan
525.01,208.55648803710938,-232.636474609375,-72.56084442138672,208.16756640518642,-232.6776615294662,-72.56861240558577,0.39117354172122937,0.31165049159409514,0.07407241020861184,3.711685246612962e-05,14.572057026018646,21.994580305950873,nan,nan,nan
525.02,208.56517028808594,-232.63502502441406,-72.5613784790039,208.17613135298393,-232.67618140573413,-72.56697239214867,0.39124983401010893,0.31169253771308897,0.07409789956275316,3.632929762204974e-05,13.770324392822411,20.782440885046803,nan,3.4726716399019866,nan
525.03,208.57386779785156,-232.6336212158203,-72.5619125366211,208.18455334892238,-232.67472627060368,-72.56760353076521,0.39151979910105034,0.3117346742795809,0.07412345307146102,3.705419658495901e-05,13.744693324712468,21.085775414101203,nan,nan,nan
525.04,208.58255004882812,-232.6322479248047,-72.56243133544922,208.1930046866015,-232.67330029167272,-72.56774771816912,0.3917386245737775,0.31177688988457913,0.07414907086990098,3.6270483119384786e-05,13.610527072300597,21.246349706490346,nan,0.14958057021148882,nan
525.05,208.59124755859375,-232.63088989257812,-72.56293487548828,208.1904623003686,-232.66500005374186,-72.56827804136734,0.40226965548848054,0.3117114634233001,0.07413769840260229,3.697110048913932e-05,13.435060896796875,20.937391169568368,1.557682638294915,nan,nan
525.0600000000001,208.5999298095703,-232.62957763671875,-72.56343078613281,208.19898580983715,-232.66361810006734,-72.56693651006339,0.4024017074607001,0.31175350854876566,0.07416328570229622,3.619205224963264e-05,12.9625260629599,21.24553190445615,nan,2.4766622067982835,nan
525.07,208.60861206054688,-232.62828063964844,-72.56391906738281,208.20739459215514,-232.66225868289692,-72.56750471196248,0.4026696179409621,0.3117956434788297,0.07418893736211457,3.691390396954056e-05,12.932612229099146,20.726727621735797,nan,nan,nan
525.08,208.6173095703125,-232.6269989013672,-72.56439971923828,208.21593175101967,-232.66093039405072,-72.56585015229619,0.40281211969360886,0.3118378579512905,0.07421465351187287,3.6138413138878894e-05,12.60597614742843,19.888468099680097,nan,3.2425993569046936,nan
525.09,208.62600708007812,-232.62576293945312,-72.56486511230469,208.22434100312014,-232.6596224663326,-72.56637925332059,0.40309353450822233,0.31188016224348397,0.07424043431204394,3.6859316491282645e-05,12.571233205935798,20.794940599582603,nan,nan,nan
525.1,208.6346893310547,-232.62454223632812,-72.56532287597656,208.23896230162327,-232.66681025438743,-72.56857842244192,0.3979912885429277,0.31181481023517843,0.07422894258819122,3.60652106377791e-05,13.367686146690007,20.73157726181198,3.394476648891969,1.845927254858088,nan
525.11,208.6433868408203,-232.6233367919922,-72.5657730102539,208.24736998063534,-232.66557519307594,-72.56910759105016,0.39827698339969614,0.31185694354646365,0.07425469218160231,3.678434226141596e-05,13.340249660725913,20.264030250924993,nan,nan,nan
525.12,208.65206909179688,-232.62216186523438,-72.56621551513672,208.25574602589774,-232.66436267958048,-72.57021027399627,0.3985835412978233,0.31189915686071645,0.07428050646137653,3.6016497657836024e-05,13.443724156400569,20.683554189639985,nan,0.2252250189107823,nan
525.13,208.6607666015625,-232.6210174560547,-72.566650390625,208.26415450605074,-232.66317524892332,-72.5707294111681,0.39886723632603893,0.3119414594149757,0.0743063855940907,3.6734835927938616e-05,13.416406149312948,20.841777514596682,nan,nan,nan
525.14,208.66944885253906,-232.61988830566406,-72.56707000732422,208.2726212214441,-232.66201399025115,-72.57016286737567,0.39906930210888236,0.31198384250467837,0.07433232970073056,3.597013733943889e-05,13.192303914002778,20.58769022746527,nan,0.7762009961609964,nan
525.15,208.6781463623047,-232.61878967285156,-72.56748962402344,208.26636289294905,-232.67007882950497,-72.57080241690278,0.41497852694018655,0.3119185732181975,0.07432071598133289,3.6664972513226884e-05,15.057099848465494,21.69912207823863,32.482038181444885,nan,nan
525.16,208.6868438720703,-232.61770629882812,-72.5678939819336,208.27460714113457,-232.6689952636747,-72.57328076748239,0.4154499942305603,0.31196078534304617,0.07434662815553084,3.5904222258104466e-05,15.531956709209794,22.12544039287765,nan,2.653238431477558,nan
525.17,208.69552612304688,-232.6165313720703,-72.56839752197266,208.28295550030572,-232.66788538313045,-72.57383331497006,0.41578997227747305,0.31200308616777905,0.07437260538188885,3.662028146542756e-05,15.502760317055639,21.88280155695844,nan,nan,nan
525.1800000000001,208.7042236328125,-232.6152801513672,-72.5689926147461,208.29131023873796,-232.66668943817166,-72.57436145336095,0.4161360477103251,0.31204546792784327,0.07439864777488782,3.586242157486781e-05,15.47144484673142,22.216009192551784,nan,0.009558696579999196,nan
525.19,208.71292114257812,-232.6139373779297,-72.5696792602539,208.2996590270746,-232.665407765887,-72.5751013458295,0.4164903071608243,0.3120879384528003,0.07442475551053108,3.657788624927973e-05,15.44394348082148,21.99244018847497,nan,nan,nan
525.2,208.72161865234375,-232.61251831054688,-72.5704574584961,208.27411559034087,-232.6429587766055,-72.5751121594879,0.4485613433156529,0.31202274208917263,0.07441301700843844,3.580107063376141e-05,14.777706743981305,22.718493483788727,12.84008695586948,0.3218895344371281,nan
525.21,208.7303009033203,-232.6110076904297,-72.57132720947266,208.28241934361478,-232.6414664705429,-72.57602696108472,0.44894066030541646,0.312065041185443,0.07443909207540642,3.6515111141549406e-05,14.74861019860332,22.381439970854714,nan,nan,nan
525.22,208.73899841308594,-232.6094207763672,-72.57228088378906,208.29064633253543,-232.63988591025904,-72.57863461146303,0.44943084270260236,0.3121074215784734,0.0744652324982188,3.576357519120026e-05,15.24385711684545,23.240597540750098,nan,1.7341372330225366,nan
525.23,208.74769592285156,-232.60775756835938,-72.57332611083984,208.29895061918447,-232.63822967539608,-72.57974572510953,0.4498245305870964,0.31214989025226425,0.07449143845950953,3.647714486301901e-05,15.21567372146026,23.31128483561544,nan,nan,nan
525.24,208.7563934326172,-232.6060028076172,-72.57445526123047,208.3072552754359,-232.63649293974396,-72.58094010706493,0.4502185975932298,0.3121924407088945,0.07451771006415522,3.572813096127025e-05,15.234969030486301,23.01346411868035,nan,1.9421947442300964e-05,nan
525.25,208.76507568359375,-232.6041717529297,-72.57567596435547,208.28141290701603,-232.61934847711046,-72.58223161921484,0.48394523555290914,0.31212732311382335,0.0745058440530981,3.6418786112986165e-05,15.435723865989655,24.11720903605368,11.262461983235651,nan,nan
525.26,208.77377319335938,-232.60226440429688,-72.57698059082031,208.28974321512663,-232.61743668577836,-72.5817337039724,0.4842910385687281,0.31216970209716033,0.07453208223539153,3.567308465684705e-05,14.860923209125726,23.693093647897616,nan,2.380158260624039,nan
525.27,208.782470703125,-232.60028076171875,-72.578369140625,208.29798861665674,-232.61543977296185,-72.58317481951285,0.48474300642720136,0.3122121689118734,0.07455838614850083,3.638498414001182e-05,14.834101394715416,23.729029025955004,nan,nan,nan
525.28,208.79116821289062,-232.5982208251953,-72.57984161376953,208.3062675440068,-232.6133690855613,-72.583940812608,0.4851545443538719,0.31225471781742575,0.07458475589077988,3.5641578883797885e-05,14.642547643889088,23.545239924338322,nan,0.39284833317865664,nan
525.29,208.7998504638672,-232.59608459472656,-72.58139038085938,208.3145129187735,-232.6112194410317,-72.58554287246774,0.48559122668847327,0.31229735466333913,0.07461119165432262,3.6353163079513444e-05,14.616336345492522,23.644950931219174,nan,nan,nan
525.3,208.8085479736328,-232.59388732910156,-72.5830307006836,208.32119405031898,-232.6117665683208,-72.58881807062949,0.48771611354899375,0.3122323080883667,0.07459919533103634,3.5590442644697687e-05,15.472588703790983,24.652792975292158,1.4555895204477272,1.5692566193567483,nan
525.3100000000001,208.81724548339844,-232.5915985107422,-72.5847396850586,208.32942887596482,-232.60947790524472,-72.59060117394037,0.4881793443886477,0.3122747730289949,0.07462559690854648,3.630087480676046e-05,15.450807269860151,24.309933064112002,nan,nan,nan
525.32,208.82594299316406,-232.5892333984375,-72.58654022216797,208.33769934457587,-232.60711951336827,-72.59159834140458,0.48859733734870253,0.3123173203348616,0.07465206449771666,3.5562626383411126e-05,15.196992896243373,23.611833443836023,nan,0.5136732863101355,nan
525.33,208.83462524414062,-232.58680725097656,-72.58839416503906,208.3459335843561,-232.60468505649823,-72.59352549784677,0.48904548341602977,0.3123599551804799,0.07467859829687935,3.627284006949726e-05,15.174583416694153,24.199147668413843,nan,nan,nan
525.34,208.84332275390625,-232.5843048095703,-72.59026336669922,208.35415632679877,-232.6021776863759,-72.59576334304745,0.4895237306548419,0.31240267283692597,0.07470519839534175,3.5536563901670984e-05,15.272373885352797,24.0713468704553,nan,0.05097754816667532,nan
525.35,208.85202026367188,-232.5817413330078,-72.59211730957031,208.34761245776394,-232.58574889896,-72.59777503549383,0.5044554540376581,0.3123377011664049,0.07469306905212533,3.6224297845003995e-05,14.616534621490695,24.784359598225375,5.81400907991963,nan,nan
525.36,208.86070251464844,-232.5791015625,-72.59394836425781,208.35581431236102,-232.58306558696833,-72.60026716711323,0.5049433013403901,0.3123802468189247,0.0747196341841777,3.549077952695311e-05,14.828468111682417,24.64745679169385,nan,0.20053137115805014,nan
525.37,208.86940002441406,-232.57638549804688,-72.59574890136719,208.36403687335945,-232.5803154842436,-72.60219783572447,0.5054195761836846,0.3124228796405351,0.07474626571134575,3.619979540365686e-05,14.824549642355143,24.39762672849363,nan,nan,nan
525.38,208.87808227539062,-232.5736083984375,-72.59751892089844,208.37225034765507,-232.57749597080837,-72.60433140426633,0.5058927379052262,0.3124655955011042,0.07477296371712638,3.546805342643387e-05,14.954868200320465,24.69937692956967,nan,0.03737645674654367,nan
525.39,208.88677978515625,-232.57077026367188,-72.59925079345703,208.38047222013668,-232.57460996527712,-72.60620209692509,0.5063698394694998,0.31250839867786356,0.07479972840828703,3.6176969532930136e-05,14.952917123815824,25.116074997185244,nan,nan,nan
525.4,208.89547729492188,-232.56785583496094,-72.6009521484375,208.39186589665852,-232.5745683766141,-72.60765731361842,0.5037007622749097,0.3124434957942275,0.07478746323226046,3.542555655504015e-05,15.027483578404995,24.526324597291566,0.2676431781730879,0.11358004704560666,nan
525.41,208.90415954589844,-232.56488037109375,-72.60261535644531,208.40008926435937,-232.5715564343625,-72.60945907044155,0.5041609415384233,0.3124861265612737,0.07481419216678273,3.61335288989746e-05,15.025428331205559,24.790488835130528,nan,nan,nan
525.42,208.91285705566406,-232.5618438720703,-72.604248046875,208.40831134480965,-232.56847909667383,-72.61125414689394,0.5046379751709159,0.3125288405665372,0.07484098775602956,3.5405931201789314e-05,15.08687333134999,24.974574162770654,nan,0.0004493392484404811,nan
525.4300000000001,208.92153930664062,-232.55873107910156,-72.60585021972656,208.41653392219786,-232.56533731442028,-72.61299236645382,0.5050990902002772,0.31257164155905726,0.07486785021204817,3.611387794171562e-05,15.084772618849014,24.3991068075973,nan,nan,nan
525.44,208.9302215576172,-232.55557250976562,-72.607421875,208.4247161466718,-232.56212599360447,-72.61587061781445,0.5056184825544089,0.31261452620066693,0.07489477961066889,3.538777653206085e-05,15.659364355303026,25.63697749233742,nan,0.9470256738006078,nan
525.45,208.9389190673828,-232.55233764648438,-72.60896301269531,208.45985798070916,-232.56655064758579,-72.61759915665249,0.47934968149326945,0.3125496944288308,0.07488237591657768,3.6073555742773623e-05,15.106268311263761,24.013845708692713,9.932102306105987,nan,nan
525.46,208.94760131835938,-232.54904174804688,-72.61046600341797,208.46815674779543,-232.56322815048253,-72.61858118398304,0.4797230517839566,0.3125924065144751,0.07490926875270495,3.5349736525092024e-05,14.872384355292358,24.002291854921157,nan,0.31690436208224865,nan
525.47,208.956298828125,-232.54568481445312,-72.61194610595703,208.47643273526023,-232.5598407431437,-72.62020377341271,0.48014585957831507,0.31263520528376665,0.07493622863334173,3.6056843062470334e-05,14.872009296975008,23.80470092701883,nan,nan,nan
525.48,208.96498107910156,-232.54226684570312,-72.61339569091797,208.48470877560797,-232.55639256425178,-72.62177710481876,0.4805530871054034,0.312678087862029,0.07496325562964606,3.533435327537917e-05,14.939721051200635,23.869989936813337,nan,0.0002894175490152783,nan
525.49,208.97366333007812,-232.53880310058594,-72.61481475830078,208.4929837339591,-232.552884040053,-72.62334254609566,0.48096140192960496,0.31272105730348104,0.07499034996045735,3.604152215502962e-05,14.93877362724631,24.482276131744023,nan,nan,nan
525.5,208.9823455810547,-232.53526306152344,-72.61620330810547,208.49486802748078,-232.53703361512603,-72.62307373063688,0.4875291814899129,0.3126562917959381,0.07497780493354753,3.529902502074035e-05,13.366597732836508,23.06172418177331,7.337817120886416,2.38595273299971,nan
525.51,208.99102783203125,-232.5316619873047,-72.61756134033203,208.50314985836206,-232.5333727672248,-72.624567339954,0.48793127383904017,0.31269908829642235,0.07500486188608327,3.600540535948415e-05,13.363274778605556,23.032658245980464,nan,nan,nan
525.52,208.99972534179688,-232.52801513671875,-72.61890411376953,208.511444488281,-232.52965607878443,-72.62557787188821,0.48832921646004396,0.31274196874137866,0.0750319861242278,3.528619640523391e-05,13.232569028966921,23.08175344720876,nan,0.14481571737807672,nan
525.53,209.00840759277344,-232.52430725097656,-72.62020874023438,208.5197250112716,-232.52587942684465,-72.6270146859683,0.4887325015768892,0.3127849357809257,0.07505917787083775,3.599269455831823e-05,13.227282094560346,23.224226700588517,nan,nan,nan
525.54,209.01708984375,-232.5205535888672,-72.62149047851562,208.5280049866685,-232.52205069462082,-72.62842626330446,0.48913632441550875,0.31282798830708486,0.07508643723114239,3.671352606651961e-05,13.220089587988884,23.167138848333384,nan,nan,nan
525.55,209.02577209472656,-232.51681518554688,-72.62274932861328,208.5324401512912,-232.51387913527705,-72.6298028661457,0.49339110165933087,0.31276329017350035,0.07507374821122312,3.7424930965246014e-05,13.007655570077235,23.218426819035916,0.6025459063967598,nan,nan
525.5600000000001,209.03445434570312,-232.51312255859375,-72.62398529052734,208.54073268067305,-232.51005498931696,-72.63060816787517,0.4937756119997286,0.3128061683218576,0.07510096931978907,3.66206311893439e-05,12.841023968459115,23.07248350057721,nan,0.19969972063185004,nan
525.57,209.0431365966797,-232.5094757080078,-72.62519073486328,208.54900936864675,-232.50627878972597,-72.63194097217485,0.49418367382358713,0.31284913290631605,0.07512825811034586,3.735343312565051e-05,12.82873646800929,22.678582050571197,nan,nan,nan
525.58,209.05181884765625,-232.5059051513672,-72.62637329101562,208.55727574636515,-232.5025622098592,-72.63361856428693,0.4946074688855002,0.31289218183887824,0.07515561463863055,3.655336384739364e-05,13.009347057702987,23.29948476494542,nan,0.08750987929819877,nan
525.59,209.06048583984375,-232.5023956298828,-72.62753295898438,208.56555120007158,-232.4989137825768,-72.63490908941412,0.49500184667047964,0.3129353174056215,0.07518303913840729,3.72846808455821e-05,12.996778653871052,23.008814518855807,nan,nan,nan
525.6,209.0691680908203,-232.49896240234375,-72.62866973876953,208.5646769272075,-232.48415452102972,-72.6364500204614,0.5047684026319637,0.31287068269086993,0.07517020331436639,3.646605756665643e-05,12.590686628741947,23.712826327183777,4.522213086061668,0.021004679534558805,nan
525.61,209.07785034179688,-232.49559020996094,-72.6297836303711,208.57294948303024,-232.4806127949706,-72.63769960820623,0.5051849788425641,0.3129136447595364,0.07519758876544579,3.719506411900714e-05,12.5803128656438,23.40649354858034,nan,nan,nan
525.62,209.08653259277344,-232.49227905273438,-72.63087463378906,208.58121503500132,-232.4771366582914,-72.63920163167536,0.5056129598774548,0.3129566912735091,0.07522504211850187,3.6404036322646536e-05,12.765884992535824,23.347127752695506,nan,0.04887692304186926,nan
525.63,209.09521484375,-232.48904418945312,-72.63195037841797,208.58948686122963,-232.4737281793599,-72.64041156679639,0.5060305960888862,0.3129998241879905,0.07525256360921398,3.7131748918008806e-05,12.754043170864547,23.636470201538067,nan,nan,nan
525.64,209.1038818359375,-232.48587036132812,-72.63299560546875,208.59773549625905,-232.4703793934779,-72.6425840516387,0.5064741114359007,0.3130430419116908,0.07528015329056004,3.63445334581655e-05,13.32024054886736,24.271753111992172,nan,0.6319945038658167,nan
525.65,209.11256408691406,-232.48275756835938,-72.63402557373047,208.57842648002304,-232.4606258201521,-72.64366200157575,0.5346827639971159,0.3129784709438482,0.07526716803494328,3.7047694575131364e-05,13.97434445243952,25.126025151264425,11.805853525171118,nan,nan
525.66,209.12124633789062,-232.47970581054688,-72.6350326538086,208.5839778466154,-232.45919658502572,-72.6439190101456,0.5377332306800325,0.3119101878699397,0.07480276649474331,3.6263127834049297e-05,18.450944529292155,29.592770269912624,nan,0.5276731130811646,0.006468658083844957
525.67,209.1299285888672,-232.4767303466797,-72.63601684570312,208.59218767779822,-232.45604451740013,-72.64504761890126,0.5382144050792586,0.311951352113607,0.07482781061838777,3.698754984898689e-05,18.42788665025437,30.328637880838752,nan,nan,nan
525.6800000000001,209.1385955810547,-232.4738006591797,-72.6369857788086,208.60029381463914,-232.45298850917305,-72.64782673644083,0.5388130136479414,0.31199259436339855,0.0748529157195841,3.6208658895931796e-05,19.419427139579152,30.576404638342225,nan,1.8362055374079285,nan
525.69,209.14727783203125,-232.47093200683594,-72.637939453125,208.60850312597105,-232.44995561741248,-72.64893445905668,0.5392949869588366,0.3120339264107422,0.0748780833472122,3.693203985223173e-05,19.3985149051518,30.606692807395685,nan,nan,nan
525.7,209.1559600830078,-232.46810913085938,-72.63886260986328,208.58324982615284,-232.42989132115335,-72.64942479321493,0.5740811780600125,0.3119656836461044,0.07486671805821979,3.6134379610514555e-05,19.17524694339582,31.532975566010148,10.45039501511452,0.294157440604743,nan
525.71,209.1646270751953,-232.46534729003906,-72.63977813720703,208.59140639778968,-232.4269429525957,-72.65049150505074,0.5746056163930058,0.3120068467860133,0.07489185599285143,3.6855891926083926e-05,19.154125494895766,31.392318013078356,nan,nan,nan
525.72,209.17330932617188,-232.462646484375,-72.64067077636719,208.59975083689386,-232.42398411218872,-72.64835235871136,0.574911407395312,0.3120480884834105,0.07491705518992338,3.608465325252388e-05,17.627571422042084,30.307790153281275,nan,6.745530304343945,nan
525.73,209.18199157714844,-232.4600067138672,-72.64154815673828,208.60790765280026,-232.4211452389602,-72.64935339073969,0.5754506825999613,0.3120894193236963,0.07494231708237548,3.680528150706056e-05,17.599187617506306,30.5675785118166,nan,nan,nan
525.74,209.19065856933594,-232.45741271972656,-72.64240264892578,208.61610057570647,-232.41834668138472,-72.64970457633922,0.5759308652426942,0.31213082929608194,0.0749676405505944,3.603719747341697e-05,17.37513496106919,30.087702755244727,nan,0.26682431340765445,nan
525.75,209.1993408203125,-232.45486450195312,-72.64324188232422,208.62579564867275,-232.4162706568028,-72.65065849317398,0.5748900372343005,0.312062710007801,0.07495617091612777,3.67340925029842e-05,17.35909195227844,29.761098475527383,0.027385051623970737,nan,nan
525.76,209.20802307128906,-232.45237731933594,-72.6440658569336,208.63395780897875,-232.41358882895207,-72.65155599593129,0.5754229527572502,0.3121039512149807,0.0749814641197937,3.59699823510025e-05,17.373920360051336,30.204159119877875,nan,0.001551295022804792,nan
525.77,209.21669006347656,-232.44993591308594,-72.6448745727539,208.6421173881848,-232.4109581036058,-72.65248560192525,0.5759435359380727,0.31214528095713917,0.07500682018719394,3.668814924719286e-05,17.34539495236973,29.92627317348939,nan,nan,nan
525.78,209.22537231445312,-232.44754028320312,-72.64566802978516,208.6501852877084,-232.40840943973498,-72.65508772149786,0.5765935043320517,0.31218669031110274,0.07503223810762649,3.592695095291572e-05,18.189976156862027,30.67055287144065,nan,1.9068161256806198,nan
525.79,209.2340545654297,-232.4451904296875,-72.64643859863281,208.65834473735518,-232.40587623100106,-72.65600393522378,0.5771298883475325,0.31222818822682896,0.07505771915776557,3.664443651420985e-05,18.171255993046834,30.720037580182805,nan,nan,nan
525.8,209.24273681640625,-232.44288635253906,-72.64720153808594,208.6338698827202,-232.38770047730952,-72.65488823605656,0.6114110802780635,0.3121601815770308,0.07504614131870616,3.58641906470738e-05,17.42751227978549,31.186653064650976,10.482378880590757,3.0097984451777267,nan
525.8100000000001,209.25140380859375,-232.4406280517578,-72.64794921875,208.64197517644772,-232.38523522903012,-72.65575674548113,0.6119906698331159,0.3122015103210517,0.07507159145537932,3.658016285325163e-05,17.400575978773148,31.042263763093402,nan,nan,nan
525.82,209.2600860595703,-232.4384307861328,-72.64867401123047,208.65014216301017,-232.38279316068446,-72.65541046751845,0.6125132505993788,0.3122429191116602,0.07509710371582688,3.582535767589889e-05,16.954112266970636,31.615453358902208,nan,0.9705592798404435,nan
525.83,209.26876831054688,-232.43626403808594,-72.6493911743164,208.6582476730307,-232.38041792712974,-72.65623914413604,0.613107765105563,0.31228441592226197,0.07512267927491635,3.654077550198865e-05,16.92585859346524,30.787907325533347,nan,nan,nan
525.84,209.27743530273438,-232.43414306640625,-72.65009307861328,208.6663983488313,-232.37806986759466,-72.6561526334902,0.6136343217791923,0.31232599329860833,0.07514831726835003,3.5788529776254214e-05,16.6224518583218,30.53166138273753,nan,0.5487069762863653,nan
525.85,209.28611755371094,-232.4320526123047,-72.6507797241211,208.7081716319053,-232.39592839233234,-72.65677628077322,0.5791048320399992,0.31225810637060386,0.07513662964840004,3.648083924048637e-05,16.93970286330689,28.729860528863654,12.52207485459213,nan,nan
525.86,209.2947998046875,-232.43002319335938,-72.65145111083984,208.7163104119291,-232.39372608779394,-72.65780736537091,0.5796618491655925,0.3122995146465003,0.07516223612111392,3.573195632710512e-05,17.039247436565702,29.71930529908291,nan,0.04363012092109117,nan
525.87,209.30348205566406,-232.4280242919922,-72.65211486816406,208.724461805128,-232.3915605348699,-72.65857450474462,0.5802032256193382,0.31234101044132145,0.07518790606085515,3.6445538656911936e-05,17.00944910584753,29.114519371932932,nan,nan,nan
525.88,209.31216430664062,-232.4260711669922,-72.65276336669922,208.73255716437242,-232.3894562498521,-72.66053049873226,0.5808144452968663,0.31238258717409434,0.07521363869798105,3.569899775546671e-05,17.50982504145985,29.926731879800343,nan,0.9780945251240607,nan
525.89,209.32083129882812,-232.4241485595703,-72.65339660644531,208.74070932253423,-232.38737045083906,-72.66128555109182,0.581340151811845,0.3124242515049493,0.07523943507089473,3.641218663552907e-05,17.4847079886636,29.514241545639724,nan,nan,nan
525.9,209.3295135498047,-232.42227172851562,-72.65401458740234,208.74289526538544,-232.37483112195108,-72.6621106182605,0.5885891338462229,0.31235647887358586,0.07522763446246375,3.711635332391696e-05,16.628990350311497,29.952827919525824,7.576628040181182,nan,nan
525.91,209.33819580078125,-232.42042541503906,-72.65462493896484,208.7510584136997,-232.37279174524605,-72.66284416452527,0.589123784510283,0.31239797373724676,0.07525339864208541,3.7857521989484555e-05,16.603335853695906,29.496523545629252,nan,nan,nan
525.92,209.3468780517578,-232.41860961914062,-72.65522003173828,208.75924120824152,-232.37078222997428,-72.66313193856658,0.5896330361181612,0.3124395496323094,0.07527922574200728,3.702484295780527e-05,16.46624536218032,29.140795105202205,nan,0.11895898962100687,nan
525.9300000000001,209.35556030273438,-232.41683959960938,-72.65580749511719,208.76740517478103,-232.368816195406,-72.66383920056957,0.5901671036084336,0.312481212921056,0.07530511678015978,3.776391515145685e-05,16.43939531076161,29.479354279554375,nan,nan,nan
525.94,209.36424255371094,-232.4151153564453,-72.65637969970703,208.7755522797841,-232.3668922925212,-72.66493664496241,0.5907240674142026,0.3125229577339523,0.07533107104890034,3.693682335280695e-05,16.66809104641262,30.26713026507405,nan,0.10177337951320296,nan
525.95,209.3729248046875,-232.4134063720703,-72.65694427490234,208.77896927309502,-232.35791362472827,-72.6656065611369,0.5966051070177731,0.31245529807216016,0.07531915477808167,3.764989910970216e-05,16.12624288495838,29.310854400547868,2.827130744882797,nan,nan
525.96,209.38160705566406,-232.4117431640625,-72.6574935913086,208.78713190954332,-232.35603526912774,-72.66645575671443,0.5971468741625482,0.3124968734412585,0.07534507621140131,3.6829249302695135e-05,16.269423654582305,30.10396369557073,nan,0.01846729353080703,nan
525.97,209.39028930664062,-232.4101104736328,-72.65803527832031,208.79530203806289,-232.35418778728786,-72.66712631223389,0.5976787126167813,0.312538535753921,0.07537106174605382,3.7563572521655436e-05,16.244469813400283,29.872062107912555,nan,nan,nan
525.98,209.3989715576172,-232.40850830078125,-72.65856170654297,208.80348992056915,-232.35236650519911,-72.6673519455403,0.59818688515733,0.31258027990763765,0.07539711076516768,3.674812846027933e-05,16.103039616433968,29.722016542436172,nan,0.12110223718712755,nan
525.99,209.40765380859375,-232.4069366455078,-72.6590805053711,208.8116604766798,-232.3505842232016,-72.66799887958092,0.5987179507783368,0.31262211111122135,0.07542322415504742,3.7480723579913665e-05,16.078921805987733,29.549446598334978,nan,nan,nan
526.0,209.4163360595703,-232.40541076660156,-72.65958404541016,208.85493527024454,-232.36091115331453,-72.66818186055858,0.5632272936067846,0.3125545606802306,0.07541118919218,3.664758827365256e-05,15.30583491912967,28.634302912568995,15.984014717943595,0.09788535354950767,nan
526.01,209.42501831054688,-232.40390014648438,-72.66008758544922,208.86317683418906,-232.3592038804114,-72.66880461252414,0.5636839427532223,0.3125962220786911,0.07543726904286678,3.737764841359792e-05,15.277789879852884,27.65033686166381,nan,nan,nan
526.02,209.43370056152344,-232.4024200439453,-72.66057586669922,208.87149769268643,-232.3574963342491,-72.66731846951784,0.5640351656716073,0.31263796559538215,0.07546341262477821,3.657307560489208e-05,14.444137363616623,26.929846490908492,nan,2.8463136347302713,nan
526.03,209.4423828125,-232.40097045898438,-72.66104888916016,208.87973969034417,-232.3558491292448,-72.66790275372993,0.5644910918396076,0.3126797957705441,0.07548962074222798,3.730163639814249e-05,14.416611516549914,27.06634726165377,nan,nan,nan
526.04,209.45106506347656,-232.39955139160156,-72.6615219116211,208.88800301693522,-232.3542227077054,-72.66789849138935,0.5649196567730941,0.31272170850774456,0.07551589289744604,3.6501718620056224e-05,14.227410421505905,26.77636962558602,nan,0.21786983496608003,nan
526.05,209.45974731445312,-232.39816284179688,-72.66197967529297,208.8996629825536,-232.3521686834951,-72.66843758029952,0.5620067846336967,0.3126542706061699,0.07550373725679153,3.720549743456714e-05,13.978193146436428,26.80127675813822,0.7033103679468016,nan,nan
526.0600000000001,209.4684295654297,-232.3968048095703,-72.66242980957031,208.90788480783993,-232.35061549572254,-72.66989651240523,0.562494115192602,0.3126960135028597,0.07552997519954686,3.6411050569285813e-05,14.344235970603318,27.27996615708837,nan,0.5349913514217691,nan
526.07,209.4771270751953,-232.39547729492188,-72.66287231445312,208.9161387068073,-232.3490772647896,-72.67045011621006,0.5629550029464175,0.3127378427013299,0.07555627784252214,3.7136005593726726e-05,14.315818484874857,27.368360979615236,nan,nan,nan
526.08,209.48580932617188,-232.3941650390625,-72.66329956054688,208.92441436695665,-232.34755750476958,-72.67036383725333,0.5633706297727195,0.31277975468574326,0.07558264476169428,3.634586755973505e-05,14.09954220193201,26.72497147520364,nan,0.26101116725679907,nan
526.09,209.49449157714844,-232.39288330078125,-72.66372680664062,208.9326687462385,-232.34607261305237,-72.67089517902409,0.5638151464619666,0.31282175312307176,0.07560907665406943,3.7069622346416135e-05,14.06940179365385,26.738203915270475,nan,nan,nan
526.1,209.503173828125,-232.39161682128906,-72.66413879394531,208.94726926216504,-232.34998337316367,-72.67237407166407,0.5575222419393241,0.31275442229097655,0.07559679703702903,3.626143032145521e-05,14.758304606893065,26.670755839250756,0.8291950160311482,0.6047297376224365,nan
526.11,209.51187133789062,-232.39039611816406,-72.66455078125,208.95552883365957,-232.3485619845212,-72.67289989243224,0.557975612737028,0.31279625055626054,0.0756231939891781,3.6983172200368997e-05,14.729753880884289,27.475067860304577,nan,nan,nan
526.12,209.5205535888672,-232.38906860351562,-72.66505432128906,208.96380831308844,-232.34710276977378,-72.67284925124045,0.5583790775419093,0.31283816179932067,0.0756496554493084,3.620211553101458e-05,14.487748930564099,26.252207611684668,nan,0.25379525990963875,nan
526.13,209.52923583984375,-232.38768005371094,-72.66564178466797,208.97206869168343,-232.34556682716214,-72.67350775684812,0.5588118004818708,0.3128801591856453,0.07567618204840057,3.692284223061397e-05,14.447121533524001,27.52482557801858,nan,nan,nan
526.14,209.5379180908203,-232.3861846923828,-72.66633605957031,208.98038604239693,-232.3439242947601,-72.67239775649806,0.559164260656963,0.3129222399542263,0.07570277345866967,3.6145597317513296e-05,13.752479726401823,25.422074740593757,nan,2.2929827687173927,nan
526.15,209.54661560058594,-232.38462829589844,-72.6671142578125,208.99232112311608,-232.34820444981332,-72.67329061148254,0.5555242673924033,0.3128550179445899,0.07569036769267526,3.68424750538509e-05,14.19380052986766,26.541263608485004,2.0740767728808005,nan,nan
526.16,209.5552978515625,-232.3829803466797,-72.66797637939453,209.00055768149778,-232.3464457718426,-72.67492425088658,0.5559853454545621,0.31289692845232575,0.07571692345690482,3.606983356124327e-05,14.460537097070933,26.462302665384954,nan,0.33876615608041594,nan
526.17,209.56399536132812,-232.38125610351562,-72.66893768310547,209.00881534642275,-232.3445980812297,-72.67594123005621,0.5564330231197097,0.3129389248212791,0.07574354452534822,3.6787874892064725e-05,14.419865252865845,26.393607275112934,nan,nan,nan
526.1800000000001,209.5726776123047,-232.3794403076172,-72.66998291015625,209.0171041488358,-232.3426578277111,-72.6759498346264,0.5568217204154986,0.31298100472155593,0.07577023062904267,3.601873631325995e-05,14.039842065282357,25.561303519671895,nan,0.8028635369663705,nan
526.19,209.58135986328125,-232.3775634765625,-72.67111206054688,209.02536235150356,-232.34065124339162,-72.67713430623768,0.5572539937082591,0.3130231706700844,0.07579698231309259,3.673600102543492e-05,14.001533448564668,26.422848120791098,nan,nan,nan
526.2,209.59005737304688,-232.37559509277344,-72.67233276367188,209.05701066471906,-232.35466076651733,-72.67701080032661,0.5334781376044014,0.3129560532063536,0.07578444725980307,3.594839456174758e-05,14.060098174707006,24.580899800441024,6.710049522710682,1.2083146261125393,nan
526.21,209.59873962402344,-232.37355041503906,-72.67363739013672,209.06529576353833,-232.35253325047321,-72.67835538620027,0.5338785751296807,0.3129980485836046,0.07581116254645408,3.666406223463511e-05,14.0232470281598,24.62914895264324,nan,nan,nan
526.22,209.60743713378906,-232.37144470214844,-72.6750259399414,209.07352921397677,-232.3503509304026,-72.68177188732304,0.5343670291577043,0.3130401276155676,0.07583794308623394,3.590241148101754e-05,14.64773676436019,25.92238880041598,nan,2.644659372284801,nan
526.23,209.61611938476562,-232.36924743652344,-72.67649841308594,209.08181419781542,-232.34807187342187,-72.68330651007732,0.5347679753493165,0.3130822924510217,0.07586478937212918,3.661744974335282e-05,14.611091092237526,25.152394663502566,nan,nan,nan
526.24,209.6248016357422,-232.3669891357422,-72.67804718017578,209.09013365530691,-232.34570396811384,-72.68353829053602,0.5351196688187502,0.31312454131437256,0.07589170121139742,3.5858860424040984e-05,14.149903633809567,25.419615862639787,nan,1.2920826784054729,nan
526.25,209.6334991455078,-232.36465454101562,-72.6796875,209.11250772036905,-232.34302135701267,-72.68504978539922,0.5214679413184712,0.3130575289853917,0.07587903455342361,3.6550753444580246e-05,13.313374993131177,24.299785717449698,8.89700922946639,nan,nan
526.26,209.64218139648438,-232.36224365234375,-72.681396484375,209.1208653830791,-232.34049618471457,-72.68542550322164,0.5217849855773218,0.31309960714344615,0.07590590925860984,3.579600398290983e-05,12.943958681078897,24.0756968802204,nan,1.3028439769976954,nan
526.27,209.65087890625,-232.35975646972656,-72.68319702148438,209.12918981894074,-232.3379130197578,-72.68725812946522,0.5221619793915812,0.3131417708819033,0.07593284987477161,3.650908471186574e-05,12.907325825649378,23.511377841346714,nan,nan,nan
526.28,209.65956115722656,-232.35720825195312,-72.68505096435547,209.13750805979214,-232.33526131783856,-72.68941895221852,0.522532471503806,0.3131840187376602,0.07595985625507773,3.5757125567655506e-05,12.952535330460819,24.24066745517447,nan,0.04456943547891408,nan
526.29,209.66824340820312,-232.35458374023438,-72.68692016601562,209.14583175335878,-232.3325368324401,-72.69136339221578,0.5228955397778459,0.3132263523892853,0.07598692882526926,3.646976333307944e-05,12.924344830010615,23.851632038264533,nan,nan,nan
526.3,209.67694091796875,-232.35189819335938,-72.68877410888672,209.1665278448284,-232.34086571245348,-72.69191309321154,0.5105419415582799,0.31315944177276145,0.07597412755613996,3.5698904953365e-05,13.14474122382141,23.700327416637368,3.6691504530058605,1.4290406836070695,nan
526.3100000000001,209.6856231689453,-232.34913635253906,-72.69060516357422,209.1748593322959,-232.33802914672304,-72.69382737753669,0.510894753851199,0.31320160442259903,0.07600116221774923,3.6410270712040016e-05,13.118396132438976,23.35308505360803,nan,nan,nan
526.32,209.69430541992188,-232.3463134765625,-72.6924057006836,209.1831993655059,-232.33512071787996,-72.69527882023012,0.5112366687978336,0.3132438512588035,0.07602826284850636,3.5664402061812815e-05,13.028604519019646,23.547972102599815,nan,0.129289847442632,nan
526.33,209.70298767089844,-232.34341430664062,-72.69417572021484,209.19152984303747,-232.33214933602238,-72.69713150101383,0.5115904083184306,0.31328618369692474,0.07605542983397426,3.637543978447104e-05,13.002307094457535,23.042700134055103,nan,nan,nan
526.34,209.71168518066406,-232.3404541015625,-72.69590759277344,209.19993130346163,-232.32908043049238,-72.69535715231278,0.51188054681736,0.3133286006700169,0.07608266308627448,3.56319753533257e-05,12.735974876572524,23.027374481058374,nan,8.797569761572602,nan
526.35,209.72036743164062,-232.33743286132812,-72.6976089477539,209.19662840046365,-232.32026716236032,-72.69721453526418,0.5240204094884658,0.31326179149478534,0.07606972478082064,3.6320386878963976e-05,12.746390272857283,23.570581283231324,1.7445696936081125,nan,nan
526.36,209.7290496826172,-232.3343505859375,-72.69927978515625,209.20492303797684,-232.31709678971603,-72.69978879509614,0.5244108048058503,0.31330403729378625,0.07609691935863344,3.5580099948424986e-05,12.713359751410955,23.653633337183877,nan,0.49646153752649436,nan
526.37,209.73773193359375,-232.33119201660156,-72.70091247558594,209.21323343668513,-232.3138551802163,-72.7014865256759,0.5247852595955388,0.31334636851747344,0.07612418045471454,3.628974406725543e-05,12.680485862326245,23.167404514307847,nan,nan,nan
526.38,209.7464141845703,-232.32797241210938,-72.7025146484375,209.22158197688324,-232.31053306812498,-72.70100141041166,0.5251240489956748,0.31338878431854517,0.07615150801610415,3.5551627142646787e-05,12.701043177852908,23.230388389440773,nan,3.164748707496657,nan
526.39,209.75509643554688,-232.32470703125,-72.7040786743164,209.22989149025838,-232.30716571987122,-72.70261490645888,0.5254998332794381,0.3134312857819609,0.07617890237705609,3.62610855391467e-05,12.659311984138789,24.111770699083905,nan,nan,nan
526.4,209.76377868652344,-232.3213653564453,-72.70561981201172,209.20472301909962,-232.28667274712322,-72.70346910415033,0.5601351997192939,0.31336457522169,0.07616582413684014,3.550364521636345e-05,12.73337627446939,24.43952938122816,10.99857280587905,0.5051653150852532,nan
526.41,209.77247619628906,-232.31796264648438,-72.7071304321289,209.21297847515748,-232.28315284632055,-72.70501625743965,0.5605835280076389,0.3134069052225787,0.07619317902617526,3.621208013744908e-05,12.692807904538586,24.39326110927045,nan,nan,nan
526.42,209.78115844726562,-232.3144989013672,-72.70860290527344,209.2212233832167,-232.27957716913326,-72.70715689288063,0.5610248606661924,0.3134493198273835,0.07622060057393366,3.547884685004852e-05,12.59397898880031,24.474549366805885,nan,0.2665055550238045,nan
526.4300000000001,209.78982543945312,-232.3109893798828,-72.71005249023438,209.2294776432877,-232.275937202822,-72.70865198146524,0.5614448051313269,0.3134918199396456,0.07624808908426525,3.618718390125923e-05,12.552915730679782,24.94292315352263,nan,nan,nan
526.44,209.7985076904297,-232.30740356445312,-72.71147155761719,209.2377570979001,-232.27222623167202,-72.7084299381167,0.5618611244899054,0.31353440498544444,0.0762756445485267,3.545578813213413e-05,12.725922580374952,24.317909307488907,nan,1.9620569711344964,nan
526.45,209.80718994140625,-232.30377197265625,-72.71286010742188,209.25137970567067,-232.2724520260083,-72.70975176492594,0.5567006547504155,0.313467792148418,0.07626242387285953,3.6141871382893e-05,12.846040639230024,24.79338899638264,0.8508000037983433,nan,nan
526.46,209.8158721923828,-232.30007934570312,-72.71422576904297,209.25963623791498,-232.2686461723185,-72.7112585699332,0.5571313002357076,0.3135102055269645,0.0762899390719928,3.5413087083716236e-05,12.79299122116999,24.47684085193636,nan,0.008769715364506069,nan
526.47,209.82455444335938,-232.29632568359375,-72.71556091308594,209.26789372193915,-232.26478251302123,-72.71262713703214,0.5575614203150994,0.31355270427068704,0.07631752139510191,3.612045722184774e-05,12.748840183379489,24.318023240099553,nan,nan,nan
526.48,209.83323669433594,-232.2925262451172,-72.71687316894531,209.2761278020564,-232.26087360450347,-72.71564219877702,0.5580087121204299,0.31359528795391894,0.0763451708592773,3.539331144062229e-05,12.518659699817881,24.46917019788165,nan,1.9307968502028063,nan
526.49,209.84190368652344,-232.28866577148438,-72.71815490722656,209.28438382525184,-232.25689831944152,-72.71697578684633,0.5584254265758959,0.3136379572569874,0.07637288773073476,3.610068929674208e-05,12.479591701196972,24.314811019003468,nan,nan,nan
526.5,209.8505859375,-232.2847442626953,-72.71941375732422,209.28518522563223,-232.2614837861468,-72.71895689838412,0.5658791597770075,0.3135714397135657,0.07635952180968983,3.5353820567903446e-05,13.68592747566729,24.597880214947885,13.842704217928052,0.25673995773295627,nan
526.51,209.85926818847656,-232.28077697753906,-72.72064208984375,209.29340166988771,-232.25743095139134,-72.72024846168954,0.5663480455867019,0.31361393706419644,0.07638719759682734,3.6060360136803195e-05,13.65143652913819,25.088264809590644,nan,nan,nan
526.52,209.86793518066406,-232.2767791748047,-72.72185516357422,209.30160461410352,-232.253341494842,-72.72258954202691,0.5668158208576439,0.3136565193481153,0.07641494070718699,3.533707182796454e-05,13.627568136175073,24.86915798585141,nan,0.7978893239655401,nan
526.53,209.87661743164062,-232.27279663085938,-72.72303771972656,209.3098198980685,-232.24924195948495,-72.72384454848064,0.5672873324688673,0.3136991871263065,0.07644275138520948,3.604368467023996e-05,13.59452747286559,24.63675856113559,nan,nan,nan
526.54,209.8852996826172,-232.2688751220703,-72.72419738769531,209.3180292955698,-232.24518284558994,-72.72555393887093,0.5677665508083464,0.31374194015305756,0.07647062968014787,3.532175307901273e-05,13.590489702557107,25.047775859992253,nan,0.15782875179097758,nan
526.55,209.8939666748047,-232.2650146484375,-72.72533416748047,209.36899319170124,-232.26322646867916,-72.72681757637892,0.524978624374915,0.3136755165765607,0.07645711596522518,3.600637006727393e-05,13.607723057668904,23.533316233517503,16.834628007972313,nan,nan
526.5600000000001,209.9026336669922,-232.26121520996094,-72.72644805908203,209.3772689468693,-232.25933041047864,-72.72852133484433,0.5253721919661166,0.3137180974186666,0.07648495235630379,3.528657379380914e-05,13.629875755964523,23.21254360228994,nan,0.18066297036361312,nan
526.57,209.91131591796875,-232.2574920654297,-72.7275390625,209.38554961612445,-232.2555024340579,-72.72969854483185,0.5257745012379057,0.31376076363869454,0.07651285647350871,3.599253356624429e-05,13.599450423771044,23.343550778362413,nan,nan,nan
526.58,209.91998291015625,-232.25384521484375,-72.7286148071289,209.39383869636382,-232.2517422267414,-72.72996117303471,0.5261501391878274,0.31380351508552423,0.07654082838431936,3.527392788513867e-05,13.482040344564794,23.234279754924806,nan,0.5546357794972061,nan
526.59,209.9286651611328,-232.25027465820312,-72.72966003417969,209.4021185628831,-232.24805854699002,-72.7310876364199,0.5265531970517514,0.3138463521776589,0.07656886830622173,3.598003654297935e-05,13.448526894045555,23.636892942937685,nan,nan,nan
526.6,209.9373321533203,-232.24676513671875,-72.7306900024414,209.4355883562572,-232.2692817650911,-72.73183101518636,0.5022500755148314,0.3137800203848048,0.07655520406051364,3.524134453932722e-05,14.656468972096809,22.847458389814683,16.940098855187003,0.10375691063727384,nan
526.61,209.9459991455078,-232.2433319091797,-72.73169708251953,209.4438828355994,-232.26579824872636,-72.73291414851798,0.5026201411984158,0.31382268500648636,0.07658320123792367,3.5946748636498785e-05,14.62257706968418,23.140565726709372,nan,nan,nan
526.62,209.95468139648438,-232.23997497558594,-72.73268127441406,209.45216580617375,-232.26238996094628,-72.73532516554968,0.5030222065021331,0.31386543482403884,0.07661126638099999,3.52311421843312e-05,14.741790815657808,23.62483246994673,nan,1.2645909957951162,nan
526.63,209.96334838867188,-232.23666381835938,-72.73365020751953,209.46045977733232,-232.25904334186782,-72.73638337643067,0.5033937511529024,0.3139082701826519,0.07663939969217727,3.593674273101006e-05,14.71488974073528,22.68630636937345,nan,nan,nan
526.64,209.97201538085938,-232.23342895507812,-72.73460388183594,209.4687492490429,-232.2557655907185,-72.73799979920754,0.5037730212903851,0.31395119104185415,0.07666760126124346,3.52220919780439e-05,14.79713149098163,23.06155137175513,nan,0.23183562540155905,nan
526.65,209.98068237304688,-232.2302703857422,-72.73553466796875,209.44160261672158,-232.24065728470978,-72.73915362343082,0.5391919585718401,0.31388494941203576,0.07665378391188146,3.590586715887719e-05,15.476823123890501,25.020233569075227,15.398277935972889,nan,nan
526.66,209.98936462402344,-232.22715759277344,-72.73644256591797,209.44641017512163,-232.23348473582942,-72.74205609900051,0.5430203293387714,0.3109597321796631,0.0725504291550381,3.519108160877187e-05,20.87969822315102,29.896645789091785,nan,2.487755897002019,0.003904475159166267
526.67,209.99803161621094,-232.22410583496094,-72.73733520507812,209.45463643503456,-232.23037967985096,-72.74306976261758,0.5434616538501931,0.3110051624624865,0.07257071070850885,3.589620952209966e-05,20.850713681854145,29.74098536919089,nan,nan,nan
526.6800000000001,210.00669860839844,-232.22113037109375,-72.73821258544922,209.46281265850234,-232.227267486652,-72.74322795260356,0.543943696157465,0.31105067206817333,0.07259104353676107,3.5184227299031336e-05,20.597784253864564,30.029104811497632,nan,0.4911634511794617,nan
526.69,210.01536560058594,-232.21820068359375,-72.73906707763672,209.47103875504197,-232.22428383675188,-72.74419956171575,0.5443850309523662,0.3110962712620894,0.0726114468418716,3.588960554889219e-05,20.567204029656686,29.62774422611025,nan,nan,nan
526.7,210.02403259277344,-232.21533203125,-72.73990631103516,209.45764262052106,-232.20837017024795,-72.74516191581908,0.5664571383240832,0.31103589129817316,0.07260242787338171,3.5157214107877494e-05,20.280319478423174,30.35184966861163,5.73452361602372,2.6553177348785514e-05,nan
526.71,210.03271484375,-232.2125244140625,-72.74073028564453,209.46583718923432,-232.20547502386637,-72.74610134517616,0.5669469264153628,0.31108130207478785,0.07262282521690415,3.5861982789695675e-05,20.249558353147254,30.482802005267505,nan,nan,nan
526.72,210.0413818359375,-232.20977783203125,-72.74153900146484,209.47399794087013,-232.20259063820743,-72.74644302016917,0.5674506053713652,0.31112679233330925,0.07264327478723888,3.51522882755554e-05,20.078107908428176,30.45128099981277,nan,0.23706477463370507,nan
526.73,210.050048828125,-232.2070770263672,-72.7423324584961,209.4821924913795,-232.1998074319426,-72.74734533996194,0.5679249907916673,0.3111723719025635,0.07266379435793448,3.585734051911396e-05,20.045040194760794,30.021181091095478,nan,nan,nan
526.74,210.0587158203125,-232.20443725585938,-72.74311065673828,209.4903248611897,-232.19699514784358,-72.74715122689646,0.5684540382400923,0.3112180313495789,0.07268436677632027,3.514827019795047e-05,19.758130958271728,30.033767446632265,nan,0.8186404967161648,nan
526.75,210.06739807128906,-232.20184326171875,-72.74386596679688,209.50205994272014,-232.18596319465183,-72.7480208396573,0.5655763777884915,0.3111576099403553,0.07267532147279634,3.583160500543134e-05,18.370772361205802,29.527470508804747,14.204537879769065,nan,nan
526.76,210.07606506347656,-232.1992950439453,-72.74461364746094,209.5102216772874,-232.18322938994868,-72.7479053267144,0.5660809819139484,0.31120308084652426,0.07269588776525741,3.512395308339987e-05,18.147028883737423,28.834188414107956,nan,0.6507176563058862,nan
526.77,210.08473205566406,-232.19680786132812,-72.74534606933594,209.51843842620391,-232.18061929951162,-72.7487297999024,0.5665350774077282,0.31124864077835784,0.07271652360551792,3.5828730423712985e-05,18.106383601143047,29.279259067266786,nan,nan,nan
526.78,210.09339904785156,-232.19436645507812,-72.74605560302734,209.52665528832148,-232.17805945214377,-72.74954062663656,0.5669890234392121,0.31129428526076447,0.07273722101842309,3.6547836114566533e-05,18.068048859070785,29.327450915105928,nan,nan,nan
526.79,210.10208129882812,-232.19198608398438,-72.74675750732422,209.53487230052883,-232.17554892124326,-72.75033803970875,0.5674584110600722,0.3113400144382443,0.0727579801484731,3.7281414656160514e-05,18.028114421089864,29.63838241619979,nan,nan,nan
526.8,210.11074829101562,-232.18963623046875,-72.74744415283203,209.58137641926928,-232.19212925158567,-72.74969174687192,0.5293825133393534,0.311279541510403,0.07274888805735245,3.646503178095852e-05,17.81505548639054,27.445276020717955,14.363134047119887,1.1978938061281554,nan
526.8100000000001,210.11941528320312,-232.18734741210938,-72.74812316894531,209.58965621186118,-232.18974838101926,-72.75044854634541,0.5297696156829271,0.3113250817833815,0.07276964016554767,3.719628782702061e-05,17.770087819807564,27.853575386220392,nan,nan,nan
526.82,210.1280975341797,-232.18508911132812,-72.748779296875,209.59793627116363,-232.18741389282343,-72.75119281006184,0.530171853701875,0.31137070654629734,0.07279045407609015,3.7942127812076126e-05,17.729569904500348,27.420661311752145,nan,nan,nan
526.83,210.1367645263672,-232.18287658691406,-72.74942779541016,209.6062166338187,-232.1851247966044,-72.75192476661694,0.5305585317377071,0.3114164159436509,0.07281132993348009,3.870269623632508e-05,17.687523181552947,27.301287138943508,nan,nan,nan
526.84,210.1454315185547,-232.18072509765625,-72.75006103515625,209.61444472250253,-232.18281262608193,-72.75167439525303,0.5309933505115386,0.31146220528352575,0.07283225986638206,3.7819213048148254e-05,17.543516527261634,27.98080732221479,nan,0.5675680605067494,nan
526.85,210.15411376953125,-232.17860412597656,-72.75068664550781,209.6185718284525,-232.186386640193,-72.75235038019424,0.535601070009227,0.31140168994981304,0.07282313396575779,3.855125346364878e-05,18.57631430280825,27.657639659693317,7.924751672439229,nan,nan
526.86,210.16278076171875,-232.17652893066406,-72.75128936767578,209.62683092786472,-232.18425074146793,-72.75297117594826,0.5360080962535194,0.31144729030963025,0.07284405672737529,3.767634965947034e-05,18.530682980939957,28.113584909806473,nan,0.002631305184099943,nan
526.87,210.1714630126953,-232.1744842529297,-72.75189208984375,209.63509389258442,-232.18216123343635,-72.75364598908777,0.5364269243809345,0.31149297990915903,0.07286504925176468,3.8429789352482575e-05,18.489426847014432,27.273360538161295,nan,nan,nan
526.88,210.1801300048828,-232.17250061035156,-72.75247192382812,209.64323226957845,-232.17995431555474,-72.75192804043216,0.5369497478399259,0.31153874972540607,0.07288609685748834,3.756205854480787e-05,18.367304952069347,28.353000870624086,nan,3.467475499165877,nan
526.89,210.1887969970703,-232.17054748535156,-72.75304412841797,209.65149603986404,-232.1779458671157,-72.7525574198811,0.5373521113317615,0.3115846089087579,0.0729072141472379,3.831267534000887e-05,18.316974276535284,27.81673058301534,nan,nan,nan
526.9,210.19747924804688,-232.1686248779297,-72.75360870361328,209.66509928752438,-232.178689951622,-72.75428462831154,0.5324755252108383,0.31152404169880077,0.07289803625643757,3.742810176941214e-05,18.315049521877466,27.23126726286596,0.5977592502817402,0.6353459441160088,nan
526.91,210.20614624023438,-232.166748046875,-72.75415802001953,209.67337233161314,-232.1767639369151,-72.75490506138735,0.5328685708799605,0.311569711473065,0.07291914538606598,3.817510331410694e-05,18.269220026058733,27.67866164116321,nan,nan,nan
526.92,210.21482849121094,-232.16490173339844,-72.75469970703125,209.68158262095585,-232.17479669252532,-72.75427451914791,0.5333378377210485,0.3116154617218764,0.07294031053872595,3.7322136874713996e-05,18.213219583311645,27.237663097137755,nan,0.9535390408424944,nan
526.9300000000001,210.2235107421875,-232.16310119628906,-72.7552261352539,209.68985651050573,-232.17294507003865,-72.75486271475081,0.5337451385415286,0.3116613009549904,0.07296154488030439,3.806663941331947e-05,18.16442254831634,27.739904159370106,nan,nan,nan
526.94,210.232177734375,-232.1613311767578,-72.75574493408203,209.69819863172427,-232.1712134921599,-72.75679109277695,0.534071565123442,0.3117072211023195,0.07298283586136216,3.722015025345637e-05,18.142742593406215,27.46279291892403,nan,1.1345766168517524,nan
526.95,210.24085998535156,-232.15960693359375,-72.75625610351562,209.70757676302523,-232.17111803489584,-72.75726998758866,0.5334084069724221,0.3116466102810436,0.07297361643987664,3.7937946481736254e-05,18.279067699472897,27.758229446673973,0.6265687597022815,nan,nan
526.96,210.24952697753906,-232.1579132080078,-72.75675201416016,209.7159348543029,-232.1694797883425,-72.7595125732608,0.5337246110559843,0.31169234091460407,0.07299489899793954,3.7098792046907956e-05,18.409399423833932,27.94265541127291,nan,1.7512013634591357,nan
526.97,210.25820922851562,-232.15623474121094,-72.75724029541016,209.72421078824667,-232.16777456409062,-72.76009133823217,0.5341307238560135,0.3117381601643401,0.07301625030299039,3.783779424755021e-05,18.37442693641252,27.079528492080655,nan,nan,nan
526.98,210.2668914794922,-232.1546173095703,-72.75772094726562,209.7326208003352,-232.16626579108333,-72.76341655591398,0.534427998598773,0.31178406056259445,0.07303765910287571,3.700467453197598e-05,18.988301097695263,28.763722224035355,nan,4.784649762996751,nan
526.99,210.2755584716797,-232.15301513671875,-72.75818634033203,209.7408975991618,-232.16462687805097,-72.76400483368545,0.5348186010258629,0.31183004972243794,0.07305913663776356,3.774160703342579e-05,18.962132176187026,28.26652755897878,nan,nan,nan
527.0,210.28424072265625,-232.1514434814453,-72.75865173339844,209.7178214852725,-232.15318076737972,-72.76556578908063,0.566464098427052,0.31176938692477574,0.07304986028349554,3.689134493849918e-05,20.104648245133685,29.49119314699694,11.600546122095025,0.6388287163092218,nan
527.01,210.2929229736328,-232.14991760253906,-72.75910186767578,209.72603983028898,-232.1516000227407,-72.7661465959748,0.566929410898679,0.31181518615393844,0.07307132844470803,3.762541246462585e-05,20.08194279531109,30.23759870341892,nan,nan,nan
527.02,210.3015899658203,-232.14840698242188,-72.75953674316406,209.73422026553678,-232.1500044829411,-72.76590374758581,0.5674076731531258,0.31186106674989544,0.07309285490060544,3.6804763986823954e-05,19.819592030100445,29.536579645753644,nan,0.423661507202291,nan
527.03,210.31027221679688,-232.1469268798828,-72.75997161865234,209.74243940579566,-232.14848541035457,-72.76646032400595,0.5678720221704301,0.3119070357610396,0.07311444972359184,3.753702730404465e-05,19.796056264202075,29.251101857695467,nan,nan,nan
527.04,210.31895446777344,-232.14549255371094,-72.7603988647461,209.75067144061242,-232.14701106743115,-72.7672785136808,0.568326696902997,0.31195308656076626,0.07313610339641298,3.6721777994251246e-05,19.917506166968103,29.996311416218653,nan,0.04648028039026634,nan
527.05,210.32763671875,-232.14407348632812,-72.76081085205078,209.77582991213743,-232.1587248988572,-72.76781590035962,0.5520457285541426,0.31189237852122215,0.07312677729722276,3.742875272053438e-05,20.56105287405379,29.358008338582177,6.056720332349182,nan,nan
527.0600000000001,210.33631896972656,-232.142578125,-72.76132202148438,209.78402937125756,-232.1572215672313,-72.76748364536856,0.5525180509144684,0.3119382392579123,0.07314842123088194,3.661971516179731e-05,20.250537059587202,29.173459855474142,nan,0.5451550382385101,nan
527.07,210.34500122070312,-232.1409912109375,-72.76192474365234,209.7922709073247,-232.15568492103864,-72.7681573657031,0.5529607129096686,0.3119841880775851,0.07317013320875475,3.734780782667653e-05,20.21881150368831,28.85472543641637,nan,nan,nan
527.08,210.3536834716797,-232.1393280029297,-72.76261901855469,209.80055155626889,-232.1541119417702,-72.76979333635668,0.5533759585757104,0.31203021888126276,0.07319190476180441,3.6543769827363354e-05,20.551365671985177,29.417684862758218,nan,0.4876751814523575,nan
527.09,210.36236572265625,-232.13758850097656,-72.7634048461914,209.80879394801036,-232.15241314745234,-72.77066216519434,0.5538177935989782,0.312076337931061,0.0732137444046082,3.72704064880488e-05,20.51966589875883,29.554794143644052,nan,nan,nan
527.1,210.37103271484375,-232.13577270507812,-72.7642822265625,209.77885017771248,-232.12463105725308,-72.77371184063904,0.5923623985543914,0.31201557766145405,0.07320435603407083,3.6448816630584275e-05,20.637272774201435,31.65547571534602,22.486495824789618,3.154543565050587,nan
527.11,210.3797149658203,-232.1338653564453,-72.76524353027344,209.78704029015933,-232.122713679918,-72.77478248694457,0.5928563255575502,0.3120615062429533,0.07322618501530617,3.717319523316698e-05,20.609299990084757,31.24832472583442,nan,nan,nan
527.12,210.38839721679688,-232.1318817138672,-72.76629638671875,209.79525293176465,-232.1207441839336,-72.77646312071734,0.5933359503010146,0.3121075169885145,0.07324807424918853,3.63795644775195e-05,20.96634402971733,31.55218499637331,nan,0.17675811734994376,nan
527.13,210.39707946777344,-232.1298370361328,-72.76744079589844,209.80344355892805,-232.11867197380957,-72.77771707414189,0.5938298180303054,0.3121536156688638,0.07327003131276248,3.710270157694103e-05,20.932932423247166,32.06012346007587,nan,nan,nan
527.14,210.40576171875,-232.12770080566406,-72.76866912841797,209.81162575353684,-232.1165137178352,-72.77885243705752,0.5943285252019346,0.3121997969177416,0.07329204913151227,3.63134992151597e-05,20.905967051556527,31.42625985618382,nan,0.02784220534611277,nan
527.15,210.41444396972656,-232.12550354003906,-72.76997375488281,209.84234757253117,-232.12261591499603,-72.78012297081594,0.5721937020331467,0.3121389898098977,0.07328260303118742,3.701243547667284e-05,20.464476194949327,31.282629780171757,6.174873676436928,nan,nan
527.16,210.42312622070312,-232.12322998046875,-72.77136993408203,209.85051237545989,-232.1202513672156,-72.7800101592785,0.5726867742427847,0.312184980431752,0.07330460973135525,3.622844608659596e-05,19.703681677037448,30.192728294460693,nan,1.729800041616251,nan
527.17,210.4318084716797,-232.12088012695312,-72.7728500366211,209.85874404183406,-232.11788872505076,-72.78158734728659,0.5731388399308701,0.31223105869050516,0.07332668403897728,3.694848214084312e-05,19.671132171395673,30.014817774662966,nan,nan,nan
527.1800000000001,210.44049072265625,-232.1184539794922,-72.7744140625,209.86698482369573,-232.11546359605052,-72.78347176962994,0.5735852165058766,0.3122772196760858,0.07334881971526566,3.6168565849364973e-05,19.83575981862714,29.966131432832885,nan,0.03299775453598401,nan
527.19,210.4491729736328,-232.11595153808594,-72.77605438232422,209.87521649855822,-232.1129566978734,-72.78521744156241,0.5740374256113935,0.3123234684787187,0.07337102309380282,3.6887638142827834e-05,19.80663229207955,29.876862091335788,nan,nan,nan
527.2,210.45785522460938,-232.11338806152344,-72.77777099609375,209.8875053665523,-232.10819290401471,-72.78748246968571,0.5704561884725287,0.31226260874285433,0.07336150904870099,3.6089702087117955e-05,19.62586768445362,30.49034252028762,1.919599473067136,0.10161957076959922,nan
527.21,210.46653747558594,-232.1107635498047,-72.77957916259766,209.895748910341,-232.1055329732844,-72.7893951464349,0.5708969247454286,0.3123086665240652,0.07338370040598624,3.680699959548928e-05,19.59071519724795,30.484368151394314,nan,nan,nan
527.22,210.4752197265625,-232.10804748535156,-72.78144073486328,209.90394985112448,-232.10275707306184,-72.79028621211981,0.5713628457583341,0.3123548071759244,0.0734059537043481,3.603565949768517e-05,19.107183936016952,29.25568163326194,nan,0.7946660569748145,nan
527.23,210.48390197753906,-232.10528564453125,-72.78330993652344,209.91219307874468,-232.09995914732573,-72.7922967440971,0.5718043365029104,0.3124010353665974,0.07342827453555288,3.675216379229511e-05,19.093658244095575,30.32617140532883,nan,nan,nan
527.24,210.49258422851562,-232.10244750976562,-72.78517150878906,209.92048914645213,-232.09715124995154,-72.79570170204441,0.5722164959691866,0.3124473468159596,0.07345065776553054,3.5984390948455974e-05,19.938965953224127,30.609514196121978,nan,1.2964374189165813,nan
527.25,210.5012664794922,-232.0995330810547,-72.7870101928711,209.93794559265,-232.09536399422976,-72.79774053147862,0.5634384997532946,0.3123864386810039,0.0734410782059857,3.667751455457315e-05,19.58289830572769,29.774408741912072,1.7463988555223,nan,nan
527.26,210.50994873046875,-232.09657287597656,-72.788818359375,209.94616586650162,-232.09231637128548,-72.79859704635892,0.5638837276019754,0.31243255892539606,0.07346344887614654,3.59140780772885e-05,19.066035137463096,30.11718252906308,nan,0.84689612765992,nan
527.27,210.5186309814453,-232.09353637695312,-72.79058837890625,209.9544276136753,-232.0892482686462,-72.8005361677351,0.5643073511646393,0.31247876644285727,0.07348588694114717,3.6628327260199865e-05,19.066374469110613,29.773057257546654,nan,nan,nan
527.28,210.52731323242188,-232.09042358398438,-72.79232788085938,209.96266259422282,-232.08608705529093,-72.801713598397,0.5647452880665805,0.3125250573424674,0.0735083879227614,3.5868146721122484e-05,18.783285470085143,28.86909988853386,nan,0.35732650822089623,nan
527.29,210.53598022460938,-232.08726501464844,-72.79403686523438,209.97092385126933,-232.0828901636006,-72.8035804834737,0.5651538949905497,0.3125714357113105,0.07353095643582615,3.65818200157179e-05,18.776748370907566,29.579866568450733,nan,nan,nan
527.3,210.54466247558594,-232.08404541015625,-72.79570770263672,209.99034089095673,-232.08485946325268,-72.80613752139267,0.5544202945307477,0.31251047441676255,0.07352130297924335,3.5803131258353486e-05,19.278604374689294,29.90370675305188,1.1564945899217567,0.3544317560352236,nan
527.3100000000001,210.5533447265625,-232.08074951171875,-72.79734802246094,209.99861988666353,-232.08154561476564,-72.80794653069877,0.5548266487452299,0.31255666119609693,0.07354385804215971,3.651540768875845e-05,19.278642281293767,29.211757131947515,nan,nan,nan
527.32,210.56202697753906,-232.07740783691406,-72.7989501953125,210.00681524268526,-232.07808320218038,-72.80733219208422,0.5552754132027541,0.31260293146760937,0.07356647650451706,3.576220115254034e-05,18.12741026080354,28.89084236599642,nan,3.865326017560122,nan
527.33,210.57069396972656,-232.07398986816406,-72.80052185058594,210.0150933411998,-232.07464652640468,-72.80905478589361,0.5556665372364598,0.3126492889607771,0.07358916240422815,3.647403485904578e-05,18.120377917181642,28.196936936025836,nan,nan,nan
527.34,210.57937622070312,-232.07052612304688,-72.80207061767578,210.0233867492104,-232.07116583903817,-72.81121097450524,0.5560649672208062,0.31269573031887715,0.07361191212325663,3.572364255894962e-05,18.42344652268194,28.85154756760748,nan,0.1459206209559226,nan
527.35,210.5880584716797,-232.06698608398438,-72.80358123779297,210.02200797467958,-232.06667373170572,-72.8129286568949,0.5661277567491986,0.3126347190997484,0.07360218554320155,3.641270077535542e-05,18.9359966626378,28.75863808169447,2.070453600061549,nan,nan
527.36,210.5967254638672,-232.0634002685547,-72.80506134033203,210.03027763477652,-232.063077535316,-72.81496908492937,0.5665345626184464,0.3126809686616818,0.07362492120098367,3.566588559174512e-05,19.249672395131068,29.65165030427312,nan,0.11022808035755043,nan
527.37,210.60540771484375,-232.05975341796875,-72.80651092529297,210.0385334949508,-232.0594095267939,-72.81658179927395,0.5669637748067543,0.31272730520909925,0.07364772422769295,3.637612026761784e-05,19.247786469096344,29.49372095471339,nan,nan,nan
527.38,210.61407470703125,-232.05604553222656,-72.80793762207031,210.04678527149784,-232.05568017730718,-72.8180536558401,0.5673797416997407,0.3127737257127276,0.07367059151040659,3.563185053178281e-05,19.293470487643305,29.255438246203987,nan,0.008627294593998538,nan
527.39,210.6227569580078,-232.0522918701172,-72.80933380126953,210.0550400012634,-232.0518975793203,-72.8196091820115,0.567810075544429,0.31282023341279624,0.07369352633377249,3.634180873892817e-05,19.288340157162345,29.716174395323304,nan,nan,nan
527.4,210.6314239501953,-232.04847717285156,-72.81069946289062,210.08320684153114,-232.0674767542307,-72.82091354434785,0.5486413307295634,0.312759168380528,0.07368371967710707,3.5578549421615676e-05,20.42496490827124,29.286665429075942,13.79627350576464,0.016886852529078216,nan
527.41,210.64010620117188,-232.0446014404297,-72.8120346069336,210.09148042967252,-232.06363395663556,-72.82241245295025,0.5490538894446881,0.31280548390859764,0.07370663955481684,3.6287400125972076e-05,20.424850002042618,29.099545008338033,nan,nan,nan
527.42,210.64877319335938,-232.04067993164062,-72.8133544921875,210.0996854690077,-232.05966940847023,-72.82168950394403,0.5494792095110911,0.3128518834718837,0.073729624095627,3.554872184911772e-05,19.37350288513874,28.17862269557542,nan,3.2989216957206238,nan
527.4300000000001,210.65745544433594,-232.0366973876953,-72.81463623046875,210.10795777833826,-232.05571725767012,-72.82311546713892,0.5498921147327558,0.31289837001193954,0.0737526761445836,3.625739792683674e-05,19.366229471484388,28.12095198300234,nan,nan,nan
527.44,210.66612243652344,-232.0326690673828,-72.81590270996094,210.11622181801079,-232.0517040989167,-72.82426254184305,0.5502934757519758,0.3129449409459904,0.07377579324501103,3.5520884915939915e-05,19.313053120291688,28.163591525954597,nan,0.04414857644944719,nan
527.45,210.67478942871094,-232.02857971191406,-72.817138671875,210.1007377617845,-232.03421137956246,-72.82553979857545,0.5741407587964467,0.3128838244978281,0.0737659060107666,3.620722020289847e-05,19.11714609748437,28.542908504716408,6.334063761291681,nan,nan
527.46,210.68345642089844,-232.02444458007812,-72.81834411621094,210.10894781050877,-232.03005138606264,-72.82608370756832,0.5745880967785515,0.3129302030319376,0.0737890074900724,3.547363574766707e-05,18.819088588052235,28.648175984580075,nan,0.44450855524532745,nan
527.47,210.692138671875,-232.020263671875,-72.81953430175781,210.11718105083165,-232.0258622958833,-72.82740059661454,0.575038684943362,0.3129766683333747,0.07381217646557915,3.6181210080732e-05,18.803627349055745,28.648440230700043,nan,nan,nan
527.48,210.7008056640625,-232.01602172851562,-72.82069396972656,210.1254199813799,-232.02162794305994,-72.82891262982162,0.5754716846651878,0.3130232180908139,0.07383541086105015,3.5449562391489646e-05,18.962051418444247,28.55815118463897,nan,0.03268593785326695,nan
527.49,210.70947265625,-232.0117645263672,-72.82183837890625,210.13365198707746,-232.0173592129307,-72.83018650016359,0.5759083561579801,0.31306985483996547,0.07385871295353369,3.615708586669111e-05,18.945915679411755,27.985363021689093,nan,nan,nan
527.5,210.7181396484375,-232.007568359375,-72.82295227050781,210.12434635155327,-232.00241385445176,-72.83044727537921,0.5938629668902315,0.3130086838154014,0.07384873928316049,3.540599394153536e-05,18.386573369478747,29.258553974793934,3.7515303380352814,0.5824675777454996,nan
527.51,210.726806640625,-232.00341796875,-72.82405090332031,210.13255080801724,-231.99818930566428,-72.83166723102791,0.5943276385578516,0.3130551277962357,0.07387202487048933,3.611262597200902e-05,18.363644372667256,28.41336195700644,nan,nan,nan
527.52,210.7354736328125,-231.9993438720703,-72.82512664794922,210.14074410178756,-231.99402112427907,-72.83247923521992,0.5947987956080325,0.31310165628402953,0.07389537622151317,3.538539407015188e-05,18.241399059818825,28.5370717621298,nan,0.10330056574310256,nan
527.53,210.744140625,-231.99534606933594,-72.82617950439453,210.14894727744922,-231.9899358139872,-72.8336536341912,0.5952648607534756,0.31314827156881453,0.07391879528640614,3.6092051280148096e-05,18.217513497788136,28.582740299857644,nan,nan,nan
527.54,210.7528076171875,-231.99142456054688,-72.82720947265625,210.1571104276631,-231.98589072427663,-72.83331389118,0.5957541681571763,0.31319497170678295,0.07394228047751848,3.536643381342954e-05,17.679576487187713,28.06584573321632,nan,1.5427529448504345,nan
527.55,210.76145935058594,-231.98757934570312,-72.82821655273438,210.17570577757,-231.98545135746375,-72.83445233863567,0.585790629543274,0.3131337478072406,0.07393221891307512,3.6051051838129564e-05,17.504067921080754,27.74222822382778,1.1242006810794178,nan,nan
527.5600000000001,210.77012634277344,-231.9838104248047,-72.82920837402344,210.1839758991601,-231.9816420119941,-72.83746905615448,0.586212660586167,0.31318025492955137,0.07395568686657839,3.532781708455189e-05,18.313377532789918,28.44733862790139,nan,2.543848485507492,nan
527.57,210.77879333496094,-231.98011779785156,-72.8301773071289,210.1921960834609,-231.97786390765037,-72.83856954756746,0.5866616104604081,0.3132268486631336,0.0739792225668402,3.603373921864956e-05,18.292731055302678,28.560545124206413,nan,nan,nan
527.58,210.78746032714844,-231.9764862060547,-72.83113098144531,210.20040933868756,-231.97415412011333,-72.83939577704575,0.5871137952084278,0.31327352728568725,0.07400282470514852,3.531192786827234e-05,18.230536263667904,27.89608521368379,nan,0.04540531066373827,nan
527.59,210.79612731933594,-231.9729461669922,-72.83206176757812,210.20862868085825,-231.97052262716812,-72.84045739522085,0.5875636223609539,0.31332029275587464,0.07402649481472515,3.60179642390329e-05,18.209126905265258,28.789882295718037,nan,nan,nan
527.6,210.80477905273438,-231.96946716308594,-72.83297729492188,210.21651398498824,-231.96805918092878,-72.8409556902313,0.588320853901877,0.313259013419532,0.0740163403181042,3.527629386658449e-05,18.193220190226075,28.185572143511788,0.17916019878501052,0.18121099855570513,nan
527.61,210.81344604492188,-231.96604919433594,-72.83386993408203,210.22473102798463,-231.9645733686227,-72.84197613777233,0.5887726724018559,0.3133055855118445,0.07403999230167042,3.598159524197207e-05,18.173518536070613,27.884353808148965,nan,nan,nan
527.62,210.82211303710938,-231.96270751953125,-72.83474731445312,210.23292474405406,-231.9611366232065,-72.84200010743739,0.5892350256007968,0.3133522425191161,0.07406371101461147,3.5263215501072646e-05,17.79681420111456,27.79960237644421,nan,0.6669077985755204,nan
527.63,210.83078002929688,-231.95944213867188,-72.83560943603516,210.24114159453248,-231.95778687918508,-72.84297697703248,0.5896867849084992,0.3133989862011922,0.07408749775421897,3.596868629740346e-05,17.771105138087357,28.143374809396654,nan,nan,nan
527.64,210.8394317626953,-231.9562225341797,-72.83645629882812,210.2539181729883,-231.9489414884629,-72.84341772184318,0.5856002380196819,0.312943046747368,0.07337004916363912,3.5249506915440085e-05,22.615459738837366,32.12927824897692,nan,0.1945916310951689,0.041576176904417395
527.65,210.8480987548828,-231.9530792236328,-72.8372802734375,210.25531475372796,-231.94313289248862,-72.84433663078453,0.5929094312855857,0.31288133254860884,0.07336064097248671,3.5933094563121524e-05,22.728669109940302,33.03086496847334,0.5115361543124728,nan,nan
527.66,210.8567657470703,-231.9499969482422,-72.83808898925781,210.26353144402006,-231.93989825853018,-72.84402405865143,0.5933499362923409,0.31292668046780125,0.07338131441274064,3.521791169972152e-05,22.28599919441365,32.501618119856275,nan,1.0645534711654214,nan
527.67,210.86541748046875,-231.9469757080078,-72.83888244628906,210.27174155041897,-231.93678969089092,-72.84491956676804,0.5937939976867899,0.31297211257357244,0.0734020525908742,3.592286647644703e-05,22.242305204116626,32.447369626562484,nan,nan,nan
527.6800000000001,210.87408447265625,-231.9440155029297,-72.83966064453125,210.27995114882043,-231.93374875117001,-72.84593393418481,0.5942551361553144,0.3130176289253058,0.07342284816200718,3.520867806009031e-05,22.28856530310065,32.52348355711904,nan,0.012488610207260647,nan
527.69,210.88275146484375,-231.9411163330078,-72.84042358398438,210.28816161920696,-231.9307607696271,-72.84680129087441,0.5947142148734034,0.31306322975644024,0.07344370856216469,3.591386576522058e-05,22.24639519682668,32.57580927052827,nan,nan,nan
527.7,210.89141845703125,-231.93826293945312,-72.84117126464844,210.29506695864404,-231.9249780591948,-72.84726742442378,0.5965306034363631,0.31300148705143593,0.07343426017323462,3.5179448755707686e-05,21.831979150753966,31.937777385968165,0.7346311566351299,0.10652221374029042,nan
527.71,210.9000701904297,-231.93548583984375,-72.84190368652344,210.30327890606065,-231.92209600112682,-72.84810277081452,0.5969736623384262,0.3130468985084957,0.07345511207259695,3.588401262266505e-05,21.787298162106776,32.785749391969134,nan,nan,nan
527.72,210.9087371826172,-231.93275451660156,-72.84262084960938,210.31149588247467,-231.9192299686285,-72.84808303906303,0.5974193832705993,0.31309239414656753,0.07347602198915414,3.5172439369461225e-05,21.508176677487445,32.07644252677321,nan,0.49464140613706853,nan
527.73,210.9174041748047,-231.93006896972656,-72.84332275390625,210.31970793316867,-231.91645909020122,-72.84888255334053,0.5978770253624585,0.3131379742131963,0.07349699658031106,3.5877274709280127e-05,21.466434742114238,31.684140382306385,nan,nan,nan
527.74,210.9260711669922,-231.9274444580078,-72.8440170288086,210.32791240574542,-231.91380110543275,-72.85093675161801,0.5983543492693196,0.31318363874628624,0.07351802965455008,3.516647540307486e-05,21.91047346019268,32.35894189471367,nan,1.124244447872085,nan
527.75,210.93472290039062,-231.9248809814453,-72.84468841552734,210.33379490802918,-231.90514675211895,-72.85179462093733,0.6012939297598101,0.3131218671665896,0.07350854484593243,3.584959768117329e-05,21.245903836282682,32.924713730784184,3.665069558617902,nan,nan
527.76,210.94338989257812,-231.92236328125,-72.84535217285156,210.3420071897527,-231.9025457041699,-72.85328040031348,0.6017613716496089,0.3131673421091749,0.07352956907602975,3.514035799772128e-05,21.56915126667601,32.84392932764558,nan,0.35412573705418254,nan
527.77,210.95205688476562,-231.91989135742188,-72.84600067138672,210.35022424600191,-231.8999636610452,-72.85404982749715,0.6022162627148667,0.31321290142815483,0.07355065785302739,3.5844901548985915e-05,21.5318680132426,32.64393812145132,nan,nan,nan
527.78,210.96072387695312,-231.91746520996094,-72.84663391113281,210.3584505386252,-231.8973729872721,-72.85347119133276,0.6026471769400265,0.3132585451486086,0.07357180568933612,3.5136309724569136e-05,20.999488786211238,32.00334801331487,nan,1.2503237759079544,nan
527.79,210.96939086914062,-231.91510009765625,-72.84725952148438,210.36666847426028,-231.89488948744463,-72.85420340651987,0.6031011288289976,0.3133042735377136,0.07359301819911108,3.5841164090099735e-05,20.95729127593697,32.466809344695406,nan,nan,nan
527.8,210.97805786132812,-231.9127655029297,-72.84786987304688,210.37733658598398,-231.89441120768285,-72.85320434671357,0.6010252801791297,0.3132424724858813,0.07358348780310256,3.5112027974046255e-05,20.51825402328703,31.141421201927066,0.47305669931560324,1.8770919231667642,nan
527.8100000000001,210.98672485351562,-231.91049194335938,-72.84846496582031,210.3855578094779,-231.8920274414514,-72.8538957193707,0.6014750582957744,0.31328801106919674,0.07360469074113504,3.581633011920127e-05,20.47497976745806,31.83585328161689,nan,nan,nan
527.82,210.99537658691406,-231.9082489013672,-72.84905242919922,210.39378734059042,-231.8896419148954,-72.85342207074588,0.6018927936144891,0.3133336339888414,0.0736259532825341,3.5109699446297544e-05,20.140262559683485,30.78938182327777,nan,0.9342081751095723,nan
527.83,211.00404357910156,-231.90606689453125,-72.8496322631836,210.4020092469853,-231.88734869068657,-72.85407998137467,0.6023416724741458,0.3133793415232069,0.07364728040855276,3.5814338263375595e-05,20.09257969190953,31.41903375949842,nan,nan,nan
527.84,211.01271057128906,-231.90391540527344,-72.8501968383789,210.41023830366152,-231.8850606336756,-72.85375310898388,0.6027777224922145,0.31342513368015185,0.07366866757027903,3.510817801601217e-05,19.846199865970735,30.650187313018197,nan,0.6661484086037419,nan
527.85,211.02137756347656,-231.90182495117188,-72.85074615478516,210.39744064392963,-231.87512133800013,-72.8543578188713,0.6245185398750113,0.3133633027796326,0.07365909355722097,3.579117196012431e-05,20.216415202436817,32.41262529373547,4.672759323863238,nan,nan
527.86,211.03004455566406,-231.89974975585938,-72.85128784179688,210.40563424476574,-231.87290273075612,-72.8537558876229,0.6249920722403117,0.31340890490555534,0.07368047072868796,3.508627800075373e-05,19.973358817109034,30.90152192467055,nan,1.0433899838052199,nan
527.87,211.03871154785156,-231.89773559570312,-72.85181427001953,210.41381952899096,-231.8707727753633,-72.85435057819996,0.62547858618465,0.3134545915907148,0.07370191241953407,3.579073833861071e-05,19.924585776836835,31.860959297045046,nan,nan,nan
527.88,211.04737854003906,-231.895751953125,-72.85234069824219,210.4220083577461,-231.86866706886096,-72.85449771049197,0.6259601493374519,0.3135003628336029,0.07372341464678574,3.508621571482456e-05,19.824096023775148,31.139470947824183,nan,0.1346947646059453,nan
527.89,211.05606079101562,-231.89381408691406,-72.85284423828125,210.43019447935336,-231.8666176159759,-72.8550686698097,0.6264608816205852,0.3135462189270992,0.07374498155197456,3.5791035586995505e-05,19.776598785957102,31.633762594486907,nan,nan,nan
527.9,211.06472778320312,-231.8919219970703,-72.85334777832031,210.44825250180259,-231.87488303796448,-72.8546030515521,0.6167119866000427,0.3134843575134328,0.0737353562763659,3.506570474799391e-05,20.41056847162422,31.47506492838879,5.057441929719063,0.7906055460720726,nan
527.91,211.07339477539062,-231.8900604248047,-72.85383605957031,210.45644687991518,-231.87294066856242,-72.85514539980763,0.617186767645934,0.313530023350177,0.07375691246154818,3.577001609721204e-05,20.360705046642437,31.212529341351587,nan,nan,nan
527.92,211.08206176757812,-231.8882293701172,-72.85431671142578,210.4646499732187,-231.87099573413167,-72.85453264405638,0.617652304011158,0.313575773679767,0.07377852965498896,3.50669372602443e-05,20.262325154142783,30.803108683262085,nan,0.9244414835341548,nan
527.9300000000001,211.09072875976562,-231.88644409179688,-72.85478210449219,210.47284494963765,-231.86912778231275,-72.85504639295392,0.6181264654104436,0.31362160880249507,0.0738002114952255,3.5771624529356344e-05,20.2099131749103,31.312028595577882,nan,nan,nan
527.94,211.09939575195312,-231.8846893310547,-72.8552474975586,210.48103925366752,-231.8673011878422,-72.85570977702763,0.6186010994160317,0.3136675287052938,0.07382195474620909,3.5068777100855646e-05,20.161878828985785,30.86580592311653,nan,0.01760085586758066,nan
527.95,211.1080780029297,-231.88296508789062,-72.85569763183594,210.51703947197953,-231.88393315542345,-72.8562189453607,0.5910395536597021,0.3136056363883679,0.07381227872029225,3.575184953705965e-05,20.78448219044712,30.07080568685473,10.868152594163323,nan,nan
527.96,211.1167449951172,-231.88128662109375,-72.85614013671875,210.52526988177362,-231.88222953539915,-72.85721428413554,0.591476840277657,0.31365136580075065,0.07383401076320255,3.505003941126849e-05,20.75766006523258,30.534496973673832,nan,0.1792837331670284,nan
527.97,211.1254119873047,-231.87962341308594,-72.85657501220703,210.53350458229184,-231.8805433530178,-72.85770204162588,0.5919091928613982,0.31369717994718715,0.07385580744200164,3.57546138160177e-05,20.710801783000107,29.72772698005396,nan,nan,nan
527.98,211.13409423828125,-231.8780059814453,-72.85700225830078,210.5417461881348,-231.8788643851275,-72.85735640281081,0.5923487779910778,0.31374307880918534,0.07387766596503156,3.505295925426459e-05,20.62873688304745,30.153715278033935,nan,0.4798983572643596,nan
527.99,211.14276123046875,-231.8764190673828,-72.85741424560547,210.5499820452477,-231.87724429589645,-72.85782061882426,0.5927798989276051,0.3137890626956244,0.07389958931069784,3.575792034152621e-05,20.578892394304898,30.223074583405335,nan,nan,nan
528.0,211.15142822265625,-231.874755859375,-72.85792541503906,210.56766226986682,-231.8784522893967,-72.85762293210583,0.5837777340109732,0.3137271387562095,0.07388985609810333,3.5035243086693006e-05,20.321598108557286,29.980974776631367,1.1200672519251285,0.37905863521423466,nan
528.01,211.1601104736328,-231.87301635742188,-72.85852813720703,210.57591678955367,-231.87672880566822,-72.85821909752549,0.5842055616779623,0.31377293191622546,0.07391176750049698,3.5739718946784245e-05,20.278459373564356,30.136453048965546,nan,nan,nan
528.02,211.1687774658203,-231.87118530273438,-72.8592300415039,210.5841609064404,-231.87496671920374,-72.86030209561771,0.584629771660457,0.31381880972725174,0.07393374115523949,3.503910818984407e-05,20.26602252720002,29.524062526795692,nan,1.367262837983882,nan
528.03,211.17745971679688,-231.86927795410156,-72.86001586914062,210.59241603939856,-231.87308508259682,-72.8610985532573,0.5850570663585072,0.31386477250164674,0.0739557796507936,3.574398030817879e-05,20.224172644435757,29.737527308235432,nan,nan,nan
528.04,211.18612670898438,-231.86729431152344,-72.86089324951172,210.6006785345693,-231.8711006213674,-72.86109797618107,0.5854605835012018,0.31391082021525146,0.07397788077526751,3.504341716913569e-05,20.14949173311109,29.73947054236285,nan,0.5561748729264878,nan
528.05,211.19480895996094,-231.865234375,-72.86185455322266,210.58704945447755,-231.85370048680193,-72.86205380119301,0.6078689717218093,0.31384886424295,0.07396808973937598,3.572667943754727e-05,19.552957751270934,30.40435179589824,7.5444037698710895,nan,nan
528.0600000000001,211.20347595214844,-231.8631134033203,-72.8629150390625,210.59527489138398,-231.85155980088697,-72.86338029503945,0.6083109669464486,0.31389472098826654,0.073990178368723,3.5026979158066835e-05,19.512240886106007,30.786028824171538,nan,0.050469777704331524,nan
528.07,211.212158203125,-231.86090087890625,-72.86405181884766,210.60350267336884,-231.84933680967464,-72.86453051709599,0.6087655630470256,0.31394066263432074,0.07401233187384432,3.57317697811228e-05,19.469892073580326,30.289211192418374,nan,nan,nan
528.08,211.2208251953125,-231.85861206054688,-72.86528015136719,210.61173431509818,-231.8470268392384,-72.86528514825027,0.6092010487006699,0.31398668915532313,0.07403454838273851,3.503206086158458e-05,19.420193059099404,30.04153250867727,nan,0.16453639817466273,nan
528.09,211.22950744628906,-231.85626220703125,-72.86659240722656,210.61996222483816,-231.84465609704984,-72.86660461524018,0.6096557052399035,0.3140328008665137,0.0740568299783864,3.573724999065699e-05,19.376306123001047,30.567695119244775,nan,nan,nan
528.1,211.23817443847656,-231.8538360595703,-72.86798858642578,210.623679860232,-231.8406599318323,-72.86834859331857,0.614635930156307,0.31397081210002936,0.07404697561990298,3.501634922230365e-05,19.46823136049982,30.616985667825094,0.2193993731155214,0.07759427973522891,nan
528.11,211.24685668945312,-231.85133361816406,-72.86946868896484,210.63189985114445,-231.83814355789625,-72.86984127880586,0.615098390093533,0.3140167325969841,0.07406924397639666,3.5721062142186707e-05,19.425940928612626,30.34869374273191,nan,nan,nan
528.12,211.2555389404297,-231.84877014160156,-72.87103271484375,210.64012072879447,-231.83555394199837,-72.87132093452252,0.6155601727002993,0.3140627379044892,0.07409157568961522,3.5022095750905635e-05,19.38068975330931,30.714881426568024,nan,0.006583339082244496,nan
528.13,211.2642059326172,-231.84613037109375,-72.87267303466797,210.6483408811457,-231.83289652310384,-72.87297876389931,0.6160072968942363,0.31410882833769777,0.07411397254860187,3.572721209082395e-05,19.33702717805486,30.57231306782159,nan,nan,nan
528.14,211.27288818359375,-231.84341430664062,-72.87439727783203,210.6565666513904,-231.83015295297162,-72.87398616129005,0.6164643246575104,0.3141550038705214,0.07413643311893804,3.502815578172864e-05,19.297314721134565,30.105866249996787,nan,0.3777027469899508,nan
528.15,211.28155517578125,-231.84063720703125,-72.8761978149414,210.63559943872258,-231.81921012606736,-72.87582165579778,0.6463111290495817,0.3140929818727525,0.07412651391956239,3.571165212063002e-05,20.149882912696636,31.81927661234314,10.83168996844085,nan,nan
528.16,211.2902374267578,-231.83779907226562,-72.87805938720703,210.64376836719612,-231.8163307041861,-72.87702209265457,0.6468262608912612,0.3141389659414242,0.07414896064080034,3.501332946123406e-05,20.134263675831065,32.14309997677008,nan,0.3298690361225787,nan
528.17,211.2989044189453,-231.83489990234375,-72.87993621826172,210.651931860522,-231.81339950463408,-72.87893685736186,0.6473304852829604,0.31418503506987844,0.07417147258024001,3.5718372264765515e-05,20.087273942549828,32.24446377949702,nan,nan,nan
528.1800000000001,211.30758666992188,-231.83192443847656,-72.88179779052734,210.66011615519773,-231.81034440099933,-72.87812068922378,0.6478404792297783,0.31423118923366167,0.07419404855570813,3.5019919559070746e-05,20.403568063500334,32.21456776717499,nan,5.262313614260623,nan
528.19,211.31625366210938,-231.82887268066406,-72.88363647460938,210.66827910048676,-231.8072816820504,-72.8799909708795,0.6483444250000184,0.3142774287458771,0.07421668998066835,3.5725362370773295e-05,20.34800437870035,31.609201284536216,nan,nan,nan
528.2,211.32493591308594,-231.82577514648438,-72.88544464111328,210.67883792474743,-231.80341124248716,-72.8804118143279,0.6465045120357001,0.3142153727253293,0.07420670114772907,3.500558873562536e-05,20.449493885009822,32.673446615387554,0.420395137878175,1.373193978858272,nan
528.21,211.33360290527344,-231.82260131835938,-72.88721466064453,210.68700677059817,-231.80021520362322,-72.88221063814088,0.6470028900640157,0.3142614205179446,0.07422932796748341,3.571055493150016e-05,20.384662227400277,32.22993651906327,nan,nan,nan
528.22,211.34226989746094,-231.8193817138672,-72.88895416259766,210.69517074805145,-231.79696766852243,-72.88457669444502,0.6475020160761068,0.3143075532813297,0.07425201912935706,3.501262461410257e-05,20.186145481784887,32.717731694515635,nan,0.25372487518897613,nan
528.23,211.3509521484375,-231.8160858154297,-72.89066314697266,210.70333890658284,-231.7936462479932,-72.88631606995602,0.6480164676077483,0.3143537713255803,0.07427477583237352,3.571799275400291e-05,20.12621336192295,31.941100025407366,nan,nan,nan
528.24,211.359619140625,-231.81272888183594,-72.892333984375,210.71150143872603,-231.79027584593743,-72.88871514854418,0.6485166075812014,0.3144000746303628,0.07429759721402299,3.5019872830050164e-05,19.92838998048209,31.92802625708362,nan,0.33835478068378005,nan
528.25,211.36830139160156,-231.80931091308594,-72.89397430419922,210.72569169527526,-231.79340494281885,-72.89056271451022,0.6428155728099059,0.3143379841180678,0.07428753657301067,3.5703602947004614e-05,20.339409497664793,31.791874554247755,3.019289613370703,nan,nan
528.26,211.37696838378906,-231.80584716796875,-72.89558410644531,210.73386040582795,-231.78992582425337,-72.89261907804277,0.6433118620827354,0.31438409544539964,0.07431034268688574,3.500612410943321e-05,20.220803423840074,32.24578348168173,nan,0.11523975362765261,nan
528.27,211.38563537597656,-231.80230712890625,-72.89715576171875,210.74203168257569,-231.78638010928412,-72.89424405101465,0.643807317582301,0.3144302919847483,0.0743332144438074,3.571141174175134e-05,20.16556694604954,31.67559819707366,nan,nan,nan
528.28,211.39430236816406,-231.79872131347656,-72.89869689941406,210.75020179472926,-231.7827771782477,-72.89593232885835,0.6443038157558821,0.3144765737199613,0.07435615116187734,3.5013716129815975e-05,20.103343154119703,32.17202448894648,nan,0.0062336121274962145,nan
528.29,211.40298461914062,-231.79505920410156,-72.90021514892578,210.75837213315242,-231.77911444727476,-72.89749744142209,0.644815383110728,0.31452294095521854,0.07437915377086776,3.5719398839149974e-05,20.052157764383633,31.089849407413038,nan,nan,nan
528.3,211.41165161132812,-231.79136657714844,-72.90169525146484,210.75198607939325,-231.76870033244836,-72.89976140686339,0.660057658410741,0.31446081513978164,0.07436901704567395,3.500028749301221e-05,20.03243455970745,33.055885408792356,1.9830510561318548,0.3468940267574368,nan
528.3100000000001,211.42031860351562,-231.78759765625,-72.90314483642578,210.76013135340048,-231.7649123619059,-72.90127552063207,0.6605795350566117,0.3145069901331339,0.0743920036157291,3.570548748339754e-05,19.9821921877946,32.164610865201084,nan,nan,nan
528.32,211.42898559570312,-231.78378295898438,-72.90457153320312,210.76827692311633,-231.76106674678985,-72.90266882262559,0.6611018050462505,0.3145532502572595,0.07441505541391664,3.5008159207660545e-05,19.94523135805202,32.392814483637196,nan,0.0060405253778374884,nan
528.33,211.43765258789062,-231.7799072265625,-72.90596771240234,210.7764213216507,-231.75716667460128,-72.90412603320364,0.6616247516069999,0.3145995958111702,0.07443817321966821,3.57137545087641e-05,19.895022328941423,32.197938869254095,nan,nan,nan
528.34,211.44631958007812,-231.77597045898438,-72.90733337402344,210.78456027415842,-231.75322129959702,-72.90624332159918,0.6621511092178618,0.31464602678612447,0.0744613565755214,3.5016167138307255e-05,19.79305330737674,31.936651354434918,nan,0.3331068214978157,nan
528.35,211.45498657226562,-231.77198791503906,-72.90867614746094,210.81863141250523,-231.75829261432884,-72.90748626889133,0.6365036264046234,0.3145838651632791,0.07445114112117306,3.5700103608632335e-05,19.298242380684698,31.003133341864853,8.15517884520606,nan,nan
528.36,211.46365356445312,-231.76795959472656,-72.90998840332031,210.82681278833655,-231.7542546468042,-72.91006360643628,0.6369882301721279,0.31463010363065946,0.07447430772800623,3.500309370700779e-05,19.215420871465916,31.394079298111688,nan,1.0105110221571505,nan
528.37,211.47232055664062,-231.7638702392578,-72.9112777709961,210.83500217093206,-231.75014781559423,-72.91143083053733,0.637466119178581,0.31467642745644386,0.0744975404664259,3.570859301747833e-05,19.173765558399165,30.874134412804942,nan,nan,nan
528.38,211.48098754882812,-231.7597198486328,-72.91253662109375,210.84319792603637,-231.74597620830417,-72.91179476960686,0.6379381168530094,0.3147228366378477,0.0745208390026268,3.501130699320162e-05,19.14784356437052,30.64350793387308,nan,0.6752667510920599,nan
528.39,211.48965454101562,-231.7555389404297,-72.91377258300781,210.8513860929739,-231.74176516717722,-72.91310267247174,0.638417400589391,0.3147693314652496,0.07454420393145378,3.571719293372029e-05,19.101137862496245,31.46806141098004,nan,nan,nan
528.4,211.49832153320312,-231.7512969970703,-72.91498565673828,210.85206492547047,-231.72889723665674,-72.91456509026659,0.6466448245991447,0.3147071332121043,0.07453390583609489,3.4998424755452056e-05,18.503195326099412,31.04636515933436,2.964237179259727,0.03012847140940943,nan
528.41,211.50698852539062,-231.7469940185547,-72.91617584228516,210.86024594485377,-231.7245608267098,-72.91582699803116,0.6471316212859097,0.31475343525898414,0.07455725322710834,3.570381893819881e-05,18.46025995818724,30.485854464999548,nan,nan,nan
528.42,211.51564025878906,-231.74266052246094,-72.9173355102539,210.86841164726866,-231.72019731650352,-72.91913664008558,0.64762081132495,0.3147998225954926,0.07458066665078227,3.500679603960367e-05,18.505030822448326,31.72600225106329,nan,3.0261084452635254,nan
528.4300000000001,211.52430725097656,-231.73826599121094,-72.9184799194336,210.87659128526167,-231.71576131602995,-72.92037402290555,0.6481095742811878,0.31484629550543786,0.07460414660183556,3.571257631315646e-05,18.470854769282063,30.826505175612706,nan,nan,nan
528.44,211.53297424316406,-231.73382568359375,-72.91959381103516,210.8847607546419,-231.7112910144647,-72.92298707681763,0.6486139470189587,0.31489285399560535,0.07462769289617904,3.501524827801608e-05,18.656987321328135,31.45094690993729,nan,1.378016828065693,nan
528.45,211.5416259765625,-231.72933959960938,-72.92069244384766,210.91584512147895,-231.70794289962845,-72.92423541987735,0.6261565699074928,0.3148306185710214,0.07461730919360042,3.56993494775009e-05,17.452077840118477,30.17788927997453,12.294737456484764,nan,nan
528.46,211.55029296875,-231.72488403320312,-72.92176818847656,210.9240853263021,-231.70336576986628,-72.92361434264795,0.6265799672846307,0.3148769840073166,0.07464083719719976,3.500255752290994e-05,17.149755194875432,30.257621146342355,nan,2.3099853444055105,nan
528.47,211.55894470214844,-231.72047424316406,-72.92282104492188,210.9323124233765,-231.6988447923131,-72.92476331554987,0.6270084675331213,0.3149234349435144,0.07466443186778533,3.570822247769611e-05,17.108363804825494,29.871211647615915,nan,nan,nan
528.48,211.56761169433594,-231.71612548828125,-72.9238510131836,210.94053145653285,-231.69439665415163,-72.92699129850614,0.6274644438274676,0.31496997139340527,0.07468809310099774,3.5011116058489907e-05,17.23599591783238,29.573345621290514,nan,0.8525549192381116,nan
528.49,211.57626342773438,-231.7118682861328,-72.92485809326172,210.94875730510563,-231.69001284306475,-72.92811128445378,0.6278950370732315,0.3150165936305365,0.07471182127236961,3.571715777890869e-05,17.199590168012996,30.31425718515256,nan,nan,nan
528.5,211.58493041992188,-231.7076873779297,-72.92584991455078,210.99283061746738,-231.7034288902174,-72.93064507199001,0.5921345322805612,0.31495432020660646,0.07470134829675146,3.4998525535097623e-05,17.504584063601673,29.09105465908327,12.344196718786701,1.270692990650103,nan
528.51,211.5935821533203,-231.70359802246094,-72.92682647705078,211.00111325749106,-231.69923560335738,-72.9317415524106,0.5925053427534354,0.31500074910892933,0.07472505736883857,3.570406547703733e-05,17.472549771563266,29.466500227735896,nan,nan,nan
528.52,211.60223388671875,-231.6995849609375,-72.92777252197266,211.00939377242423,-231.69512501100505,-72.93304991027593,0.5928803784048181,0.31504726345772566,0.07474883321245482,3.500715652046548e-05,17.540546043358237,29.728683703832022,nan,0.03747777099681083,nan
528.53,211.61090087890625,-231.69564819335938,-72.9287109375,211.01767542285603,-231.69109280450843,-72.93411200645534,0.5932675322478345,0.3150938635192534,0.07477267614109138,3.571307255902195e-05,17.512350948420465,29.03242978038495,nan,nan,nan
528.54,211.6195526123047,-231.69178771972656,-72.92961883544922,211.02594772364378,-231.68714922001095,-72.9365378121616,0.5936633319992777,0.3151405493180077,0.07479658614333701,3.501583007260329e-05,18.01279604482933,29.96287596969074,nan,1.3464563751786394,nan
528.55,211.62820434570312,-231.68800354003906,-72.9305191040039,211.02596847788206,-231.67245242989452,-72.93745650009915,0.6024765596946501,0.3150782373168949,0.07478602072396591,3.5700049371545853e-05,17.243281510092416,29.563990496230247,5.402652646637983,nan,nan
528.5600000000001,211.63685607910156,-231.68429565429688,-72.931396484375,211.03424310765269,-231.6686228215094,-72.93859677934257,0.6028597476143603,0.3151247294999791,0.07480991083534139,3.5003318109414864e-05,17.326607297480173,29.85456384898313,nan,0.01003891575695959,nan
528.57,211.64552307128906,-231.6806640625,-72.93225860595703,211.04251806804493,-231.66486710626717,-72.93960225753392,0.6032565846985545,0.3151713073204403,0.07483386818130153,3.5709098880515314e-05,17.30688870439456,29.755521064032152,nan,nan,nan
528.58,211.6541748046875,-231.67709350585938,-72.93309783935547,211.05079631712752,-231.66118108993638,-72.93999288644015,0.6036276550200251,0.3152179708101988,0.07485789279744469,3.501203040909991e-05,17.106344358859605,29.27666314241712,nan,0.25267629525915897,nan
528.59,211.66282653808594,-231.67359924316406,-72.93392944335938,211.05907065294045,-231.65757053323856,-72.94096003041622,0.6040095343155212,0.31526472022456814,0.07488198492687292,3.571817809253555e-05,17.08385505355869,29.159865070273327,nan,nan,nan
528.6,211.67147827148438,-231.67018127441406,-72.93473815917969,211.08086966781676,-231.65430874097288,-72.94112361981347,0.5908563566143307,0.3152023688180701,0.07487132355556891,3.499955773338983e-05,16.15095638642458,28.97717749662871,4.377704743629452,0.4192155210485701,nan
528.61,211.6801300048828,-231.66683959960938,-72.93553161621094,211.0891734357587,-231.65082694354015,-72.94205203581494,0.5912094278824839,0.31524892432832985,0.07489539496422262,3.57051939374681e-05,16.126806252839962,29.310669191637476,nan,nan,nan
528.62,211.6887969970703,-231.66354370117188,-72.93630981445312,211.09748827365996,-231.6474037280591,-72.94109110090086,0.5915482785144037,0.31529556543916887,0.07491953383118914,3.5008285499165244e-05,15.542441934363758,27.540213567807413,nan,2.4791432321972815,nan
528.63,211.69744873046875,-231.6603240966797,-72.93707275390625,211.10579183481855,-231.64405562305035,-72.94197077738251,0.5919007822588495,0.31534229239845935,0.07494374036533667,3.571428823169535e-05,15.512785501848024,28.119779947908906,nan,nan,nan
528.64,211.7061004638672,-231.65716552734375,-72.93782043457031,211.1140950480088,-231.6407727533757,-72.94292989307314,0.592254372723591,0.31538910524910746,0.07496801465368136,3.501703068236053e-05,15.538749545036293,27.995583009649067,nan,0.006190097966926484,nan
528.65,211.71475219726562,-231.65408325195312,-72.93855285644531,211.15191415777113,-231.65959355541818,-72.94375491495421,0.5628890508430704,0.3153267138243627,0.07495725404391697,3.5701322608007354e-05,16.291567076447954,27.94663604683714,13.920471762718998,nan,nan
528.66,211.72341918945312,-231.6510467529297,-72.93927001953125,211.17169663251997,-231.65645849180734,-72.9441427436827,0.5517706137401637,0.30909882555075385,0.07498147297905851,3.500317021967164e-05,21.82863668335291,32.63377022598874,nan,0.14679473671186352,0.02084647792388204
528.67,211.73207092285156,-231.6480712890625,-72.93997192382812,211.18004457079462,-231.6534047469174,-72.94496326380113,0.5520746802858382,0.3091403434363923,0.07500576977746014,3.5708986621842857e-05,21.782226095245647,32.778943900164116,nan,nan,nan
528.6800000000001,211.74072265625,-231.64515686035156,-72.94065856933594,211.18840969433592,-231.65041035726492,-72.94557909195551,0.5523598633780118,0.3091819338656534,0.07503012821680734,3.5011956788944216e-05,21.71027140295705,32.83153303554148,nan,0.025862660640369437,nan
528.69,211.74937438964844,-231.64230346679688,-72.94133758544922,211.19675795690964,-231.64747540705568,-72.9463713838098,0.552663559342331,0.3092236193366917,0.0750545484757975,3.571813279808757e-05,21.662220192816537,32.72139613409649,nan,nan,nan
528.7,211.75804138183594,-231.63951110839844,-72.94200134277344,211.1997248334287,-231.64742154863993,-72.94587476865125,0.5583860194509064,0.30915849475246293,0.07504369955573087,3.499953661852982e-05,22.186800890173664,32.88055929245548,5.3744805725017955,0.9962439327111609,nan
528.71,211.76669311523438,-231.63677978515625,-72.9426498413086,211.20804987055763,-231.6446152437743,-72.94662810513357,0.5587123551683616,0.3092000108354948,0.07506809369697591,3.570519418406264e-05,22.135638540741745,33.26375468257233,nan,nan,nan
528.72,211.7753448486328,-231.6340789794922,-72.94328308105469,211.2162905098307,-231.64186674542393,-72.94835615759546,0.5591315937570046,0.30924160014355234,0.07509254971319897,3.50083025879971e-05,22.365554541776422,32.50880884494413,nan,0.6873825790482154,nan
528.73,211.78399658203125,-231.63145446777344,-72.94390869140625,211.22461625484786,-231.63916967574517,-72.94909543136929,0.5594575740351436,0.3092832837114373,0.07511706776871672,3.5714319796167883e-05,22.3185372641659,33.34599340179113,nan,nan,nan
528.74,211.79266357421875,-231.62887573242188,-72.94451904296875,211.23284208966868,-231.636528456676,-72.95101203000267,0.5599114373121674,0.3093250411491403,0.0751416479907403,3.501707032672547e-05,22.706403862583706,33.4109957361082,nan,0.9969133711190811,nan
528.75,211.8013153076172,-231.6263427734375,-72.94512176513672,211.21767240277254,-231.62214904100836,-72.95170210940087,0.5836950648222284,0.3092600051996358,0.07513070257863905,3.57013685888491e-05,22.704546395674463,33.70615155334468,5.2506105411938515,nan,nan
528.76,211.8099822998047,-231.62387084960938,-72.94570922851562,211.2259538716005,-231.6195877985784,-72.95250477065778,0.5840836659844194,0.3093015934497522,0.07515525609454302,3.5004610225226956e-05,22.748012207815034,34.25786194084572,nan,0.005249183374040986,nan
528.77,211.81863403320312,-231.62144470214844,-72.94628143310547,211.23424283759914,-231.61707628182734,-72.95321112653288,0.5844486061635825,0.30934327519196453,0.07517987186807572,3.5710460769679405e-05,22.710150579159617,34.26839997745653,nan,nan,nan
528.78,211.82728576660156,-231.6190643310547,-72.94684600830078,211.24254264111474,-231.61461329508197,-72.95377607108298,0.5848011288425283,0.30938503146072194,0.07520455003550824,3.501334747043381e-05,22.674300389533062,33.99927080128877,nan,0.012059896617035921,nan
528.79,211.83595275878906,-231.61672973632812,-72.94739532470703,211.25083210124734,-231.61219835675212,-72.95446006504162,0.585180850540168,0.30942688116375,0.07522929074797806,3.571954982444876e-05,22.638696814470993,33.93502709294867,nan,nan,nan
528.8,211.8446044921875,-231.61444091796875,-72.94793701171875,211.27302436073842,-231.61188781006953,-72.9536060645587,0.5716139459350137,0.30936191300780447,0.07521824612954651,3.5000866357154945e-05,21.42649251073226,32.83457498632644,5.3991625094828,1.7654393256432914,nan
528.8100000000001,211.853271484375,-231.61219787597656,-72.94847106933594,211.28134978261755,-231.6095608426903,-72.95425564013827,0.571957033478087,0.3094035929936678,0.07524295952623057,3.57065429336705e-05,21.383645961752766,32.610015502455326,nan,nan,nan
528.82,211.86192321777344,-231.61000061035156,-72.94898986816406,211.28964252617976,-231.60727935093294,-72.95531841804377,0.5723221520851165,0.30944534814124214,0.0752677355389535,3.500956344188245e-05,21.527646652664473,33.07457450148793,nan,0.1262105468282553,nan
528.83,211.87059020996094,-231.60784912109375,-72.94950103759766,211.2979688099415,-231.6050418299462,-72.95595307925046,0.5726646291550612,0.3094871959836868,0.0752925743141319,3.571559249977343e-05,21.48739161110668,32.935521105333734,nan,nan,nan
528.84,211.87924194335938,-231.60574340820312,-72.94999694824219,211.30631501951254,-231.60284762968888,-72.95632628895109,0.572969201751378,0.3095291196081647,0.07531747599494433,3.501825428660872e-05,21.402641619045987,33.27331783813202,nan,0.044873635916987016,nan
528.85,211.88790893554688,-231.60366821289062,-72.95049285888672,211.3182394003368,-231.60329245577745,-72.95693722381061,0.5697061087781443,0.30946423627267644,0.07530632946077409,3.57025576148285e-05,21.508668871063954,32.22059959293113,0.19318026565204577,nan,nan
528.86,211.89657592773438,-231.6016387939453,-72.95096588134766,211.32647166254344,-231.60118897273017,-72.958861483091,0.5701591146819549,0.30950599033582876,0.07533120320285681,3.5005710764976675e-05,22.065789263559665,33.39929142413847,nan,1.2292998472792571,nan
528.87,211.9052276611328,-231.5996551513672,-72.9514389038086,211.33480382354614,-231.59912598717276,-72.95947043807415,0.570480621971081,0.3095478363771213,0.07535613992272962,3.571155998278399e-05,22.029081205176084,33.45197558507783,nan,nan,nan
528.88,211.9138946533203,-231.59771728515625,-72.95189666748047,211.34302584035365,-231.5971027370574,-72.96157261637977,0.5709511391305191,0.30958975879874656,0.07538113976485336,3.501435901656659e-05,22.834855761695394,34.609041989966066,nan,1.5912406085257509,nan
528.89,211.9225616455078,-231.59580993652344,-72.95235443115234,211.3513590982542,-231.59511890824825,-72.96217972208657,0.5712874616609778,0.30963177316885276,0.07540620287376389,3.5720553863296965e-05,22.80314644196962,33.922278344895915,nan,nan,nan
528.9,211.9312286376953,-231.59393310546875,-72.95279693603516,211.35372983491723,-231.58978573637108,-72.9621543315519,0.5775894984601136,0.30956695713354715,0.07539495169577326,3.500178523321527e-05,22.533871847013945,33.73083003822019,3.9726469576651153,0.5881911866050822,nan
528.91,211.93988037109375,-231.59210205078125,-72.95323181152344,211.36205493582727,-231.5878716430165,-72.96274196890485,0.5779191752175797,0.30960880142516134,0.07541998622647408,3.5707448639949974e-05,22.503943417411392,34.17691312786974,nan,nan,nan
528.92,211.94854736328125,-231.59019470214844,-72.9537582397461,211.37036633140943,-231.58593697403322,-72.96357461284936,0.5782800316853157,0.30965072266747035,0.07544508409146009,3.501038533186871e-05,22.671322099847927,34.415834706464054,nan,0.028637056972412547,nan
528.9300000000001,211.95721435546875,-231.5882110595703,-72.95437622070312,211.3786925548557,-231.5839248100684,-72.96430228604504,0.5786228240335344,0.30969273517998397,0.07547024543668159,3.571639569851329e-05,22.62532238768083,34.466600254225696,nan,nan,nan
528.94,211.96588134765625,-231.5861358642578,-72.95509338378906,211.38699107776748,-231.58183558490472,-72.96553026625558,0.5790003156217033,0.30973482523090395,0.07549547040458862,3.501897638701698e-05,22.927187108455005,33.85885913547882,nan,0.11672295953429891,nan
528.95,211.97454833984375,-231.58399963378906,-72.95589447021484,211.39964291446935,-231.57690981953283,-72.96624849266458,0.5750423631107477,0.30967009015541885,0.07548411184641214,3.570325761077645e-05,22.13410909032134,34.28311372973609,4.991784173452881,nan,nan
528.96,211.98321533203125,-231.581787109375,-72.956787109375,211.40807935211933,-231.57465878996146,-72.96592075488579,0.5752526677967018,0.30971201023242756,0.07550930758043174,3.500633296353165e-05,21.461911637290378,33.49949236101624,nan,1.2541935174138883,nan
528.97,211.99188232421875,-231.57949829101562,-72.95777130126953,211.41642574423173,-231.57233162385555,-72.96700306734441,0.5755752444931951,0.3097540209291437,0.07553456700548161,3.571215362171e-05,21.41298331896183,33.281202910574706,nan,nan,nan
528.98,212.00054931640625,-231.57713317871094,-72.9588394165039,211.42473498865456,-231.5699302968235,-72.96873861202855,0.5759444553285032,0.3097961096905048,0.07555989026057201,3.501487848010421e-05,21.773340024430215,33.60128032495514,nan,0.22424960396722507,nan
528.99,212.00921630859375,-231.57470703125,-72.95999908447266,211.4330818511517,-231.56745755751615,-72.97000442523122,0.5762669301332014,0.3098382890766342,0.07558527749662772,3.5721040211791944e-05,21.72396358705079,33.96273053694973,nan,nan,nan
529.0,212.01788330078125,-231.57220458984375,-72.96124267578125,211.43338299975795,-231.56567866838984,-72.9716963511268,0.5846301983950006,0.3097736204611526,0.07557380880731837,3.50022037725748e-05,22.675606674756768,34.44096673770745,3.4307391742612254,0.08243580776218629,nan
529.01,212.02655029296875,-231.5696258544922,-72.96257019042969,211.44170607287649,-231.56307273480883,-72.9731391106092,0.5849764159576647,0.3098156293761227,0.07559916614037501,3.570783003256258e-05,22.63098512137008,34.14850861862021,nan,nan,nan
529.02,212.03521728515625,-231.56698608398438,-72.96398162841797,211.4500732618479,-231.56039828420427,-72.97397075652717,0.5852663579942058,0.3098577168506725,0.07562458750674862,3.5010700870195226e-05,22.30093777244042,34.23385351677908,nan,0.3422757467157294,nan
529.03,212.04388427734375,-231.56427001953125,-72.9654769897461,211.45839663499694,-231.55765314452344,-72.97557628008924,0.585612122518929,0.30989989434347964,0.0756500730622832,3.571667015525912e-05,22.25568529158841,33.82754396080419,nan,nan,nan
529.04,212.05255126953125,-231.56149291992188,-72.96704864501953,211.46672404869165,-231.55483944957484,-72.97720031220216,0.585952948359252,0.3099421509465741,0.07567562293888468,3.5019189538121686e-05,22.291014789556737,34.382516359203315,nan,0.002956333449926515,nan
529.05,212.06121826171875,-231.5586395263672,-72.96870422363281,211.4511848844846,-231.5354888777606,-72.97905669221957,0.6105602734181476,0.3098775594325322,0.07566404137301673,3.570342906267551e-05,21.77156687336064,34.457075718858775,7.643332137540796,nan,nan
529.0600000000001,212.06988525390625,-231.55572509765625,-72.97044372558594,211.45953571902558,-231.53250707198853,-72.97998354969621,0.6108654841198762,0.30991964561475427,0.07568956065985359,3.5006447853332e-05,21.317883075806346,34.159246388767386,nan,0.6066043032587629,nan
529.07,212.07855224609375,-231.55274963378906,-72.97225952148438,211.46783068799104,-231.5294570971377,-72.98190890130259,0.6112417478591702,0.30996182123884236,0.07571514434098235,3.5712220669632476e-05,21.27315858243798,34.43596842322201,nan,nan,nan
529.08,212.08721923828125,-231.54969787597656,-72.97413635253906,211.4760444809313,-231.52633827022618,-72.98528518768501,0.6117226101164535,0.3100040764208376,0.07574079254239627,3.501489387767484e-05,22.165032182506728,34.72762729243321,nan,1.3443991965133928,nan
529.09,212.09588623046875,-231.54660034179688,-72.97602844238281,211.48433914772508,-231.523158620488,-72.98733113488775,0.6121005632803131,0.3100464210875809,0.07576650542850233,3.572100471115344e-05,22.138560517358293,35.49569371807163,nan,nan,nan
529.1,212.10455322265625,-231.54342651367188,-72.97789764404297,211.53621988800208,-231.54382435823956,-72.98927266610085,0.5684472963136039,0.3099818948405652,0.07575480820959794,3.500212498522792e-05,22.462988740814932,34.039350808239895,19.123212741149334,0.002230289840035615,nan
529.11,212.11322021484375,-231.54019165039062,-72.97974395751953,211.54458002005032,-231.54056236461642,-72.9912976579239,0.5687576782398481,0.31002406861301884,0.07578048980762289,3.5707697786208056e-05,22.453314729458345,34.03282524324248,nan,nan,nan
529.12,212.12188720703125,-231.53688049316406,-72.9815673828125,211.55299406301842,-231.53724085696004,-72.99232819565935,0.568995021296317,0.3100663223587396,0.07580623612144112,3.501052707064961e-05,21.97295229570831,32.67635451006351,nan,0.660712375242993,nan
529.13,212.13055419921875,-231.5335235595703,-72.98335266113281,211.5613539137858,-231.5338547565439,-72.99428579297093,0.5693053732402032,0.3101086650586357,0.0758320473219781,3.5716440385610955e-05,21.96083745615764,33.50645955882947,nan,nan,nan
529.14,212.13922119140625,-231.5301055908203,-72.98509979248047,211.56976260639237,-231.53041072642833,-72.99530696128174,0.5695501377830431,0.3101510882441207,0.0758579235257969,3.501892338174138e-05,21.537981374139402,33.16069534108089,nan,0.5760826412331045,nan
529.15,212.14788818359375,-231.52662658691406,-72.98681640625,211.58986112698832,-231.53112297915686,-72.99713866263903,0.5581406296121763,0.31008663527295427,0.07584610791162388,3.570310848842008e-05,21.311048992608384,32.62781981946165,1.7550349551036262,nan,nan
529.16,212.1565399169922,-231.52308654785156,-72.9885025024414,211.59827800650373,-231.52756336235612,-72.99832079230735,0.5583661893293853,0.31012888755998647,0.07587195211100159,3.50060959811408e-05,21.028657783920167,32.34278127146703,nan,0.31364135087186157,nan
529.17,212.1652069091797,-231.51950073242188,-72.99015045166016,211.60665935427264,-231.52394275831892,-73.00013040266626,0.5586543673048652,0.3101712283009153,0.075897861395778,3.571180879230556e-05,21.011463236037702,32.8765485561582,nan,nan,nan
529.1800000000001,212.1738739013672,-231.51583862304688,-72.99176788330078,211.61509820754682,-231.52026816326264,-73.0007856149796,0.558866009268398,0.31021364989545247,0.07592383587572966,3.5014455870070094e-05,20.49500067463781,31.402118756943263,nan,0.8886576454569438,nan
529.19,212.1825408935547,-231.5121307373047,-72.99334716796875,211.62347867930077,-231.51653223287767,-73.00252039541736,0.559154791333841,0.31025616002497847,0.07594987573161328,3.572050493781183e-05,20.476998081561227,32.0589038822964,nan,nan,nan
529.2,212.19119262695312,-231.50836181640625,-72.99490356445312,211.61601796998238,-231.50591062976108,-73.00564339288394,0.5752801389341605,0.31019177078328763,0.07593793892209899,3.500160809457272e-05,21.555433965616544,33.069893941258044,2.5055213179867586,1.3878003526201141,nan
529.21,212.19985961914062,-231.50454711914062,-72.99642181396484,211.62436962683063,-231.50205217379306,-73.0073312080901,0.5755987933286759,0.3102341095658453,0.07596394604664622,3.570711781539975e-05,21.54177754288695,33.54829788391267,nan,nan,nan
529.22,212.20852661132812,-231.5006561279297,-72.99791717529297,211.63270391567008,-231.49813709853132,-73.00933468938688,0.5759413876186487,0.3102765295386321,0.07599001855481269,3.500993104502509e-05,21.88363926107237,32.681716509086485,nan,0.08418374880825766,nan
529.23,212.21719360351562,-231.49673461914062,-72.99938201904297,211.64105452292299,-231.49416877640346,-73.01096734925335,0.5762612633269457,0.3103190375909684,0.07601615663414754,3.5715779971089715e-05,21.86673856593725,33.824461096484335,nan,nan,nan
529.24,212.22584533691406,-231.49273681640625,-73.00080871582031,211.64940811722514,-231.49014674122742,-73.01249939039532,0.576561573992016,0.3103616273083678,0.07604236038459475,3.501825190073661e-05,21.96214399157885,33.17934108079746,nan,0.0036948114780333253,nan
529.25,212.23451232910156,-231.48870849609375,-73.00221252441406,211.68802923571263,-231.5078770445503,-73.01401501283573,0.5469465269501282,0.310297307565843,0.07603029964888916,3.570237573242117e-05,22.7506361587708,33.43853902570508,12.608666782203237,nan,nan
529.26,212.2431640625,-231.48460388183594,-73.00359344482422,211.6964901804711,-231.50380274614824,-73.01389092892647,0.5471078210574803,0.31033972587964653,0.07605646992341847,3.5005356892007085e-05,21.829794263840594,31.493195108916435,nan,1.9722274536519446,nan
529.27,212.2518310546875,-231.48046875,-73.00494384765625,211.70487376556923,-231.49966917802297,-73.01539487860381,0.5473939683662368,0.3103822318464383,0.07608270596082645,3.571100353266435e-05,21.809079201537276,32.338516452203706,nan,nan,nan
529.28,212.26048278808594,-231.4762725830078,-73.00626373291016,211.71332750471515,-231.4954907905272,-73.0152944321946,0.5475671622279666,0.31042481976985903,0.07610900785447983,3.5013649044184214e-05,21.02998080607009,31.34726007656772,nan,1.7569399062076638,nan
529.29,212.26914978027344,-231.47203063964844,-73.00756072998047,211.72171015651378,-231.49125447975806,-73.01673049205607,0.5478537963975417,0.3104674954639584,0.07613537580145674,3.5719631238650775e-05,21.005477997172807,31.316813859768885,nan,nan,nan
529.3,212.27780151367188,-231.4677276611328,-73.00882720947266,211.77033354571176,-231.5050293084264,-73.01934310146963,0.5089457096595579,0.3104032375875589,0.0761231883209781,3.5000741572132853e-05,21.505189601470985,31.08800585211731,16.09729058873758,1.1593082912503372,nan
529.3100000000001,212.2864532470703,-231.46337890625,-73.01007080078125,211.77878479112613,-231.50072059566878,-73.02074035866146,0.5091517479050427,0.31044574145340864,0.07614952203734876,3.570618410246794e-05,21.484427648458237,31.17196890995282,nan,nan,nan
529.32,212.2951202392578,-231.458984375,-73.01129150390625,211.78725276582372,-231.49636466389953,-73.02169808418901,0.5093475763010158,0.3104883275381906,0.07617592179182521,3.5009004717924086e-05,21.340786741063216,30.916930441677902,nan,0.12191747705803523,nan
529.33,212.30377197265625,-231.4545440673828,-73.01248168945312,211.79570254138946,-231.4919583247673,-73.02304378619115,0.5095546403781398,0.310531001008959,0.07620238778768317,3.571478610458948e-05,21.320986595674093,31.33250094977358,nan,nan,nan
529.34,212.3124237060547,-231.45005798339844,-73.01365661621094,211.80416339526036,-231.48750532085387,-73.02407669959908,0.5097444700524595,0.31057375713851193,0.07622892010931472,3.5017269755438785e-05,21.24803374596978,31.181288128296657,nan,0.05918010439430184,nan
529.35,212.32107543945312,-231.4455108642578,-73.01480102539062,211.78986520276447,-231.4652230041886,-73.02538441854757,0.5316811941701322,0.3105095650387878,0.07621660316996728,3.5701330175416964e-05,20.52071494104824,30.856453950662004,8.310608558699931,nan,nan
529.36,212.32974243164062,-231.44093322753906,-73.01593017578125,211.7982821226827,-231.4606331184428,-73.02683110247408,0.5319370036968913,0.3105521492344573,0.07624310048946906,3.500432703465332e-05,20.728407211506717,31.48932606270015,nan,0.020742224397605837,nan
529.37,212.33839416503906,-231.43629455566406,-73.01702880859375,211.80670492468803,-231.45599762243344,-73.02808645649849,0.5321690809529966,0.31059482045780784,0.07626966423478455,3.570990611405469e-05,20.709025247978076,31.093758443810085,nan,nan,nan
529.38,212.3470458984375,-231.43162536621094,-73.01811218261719,211.81519222028643,-231.45132452974687,-73.02760771785351,0.5323030689337205,0.31063757456102664,0.07629629448461916,3.5012571320758636e-05,19.809912570217502,30.779604768186452,nan,2.070255073386809,nan
529.39,212.35569763183594,-231.42689514160156,-73.01917266845703,211.8236131192528,-231.44659783119792,-73.02880394499195,0.5325362766947054,0.31068041584324074,0.07632299145048806,3.5718486066727245e-05,19.78339705097824,30.002404654952876,nan,nan,nan
529.4,212.36434936523438,-231.42218017578125,-73.02021026611328,211.83171111153797,-231.45072727455798,-73.02956658016113,0.5334847577596625,0.3106162834464861,0.0763105422222723,3.49996239917203e-05,20.760666268528794,30.81426557945224,7.352261881952373,0.1280304612625602,nan
529.41,212.3730010986328,-231.41749572753906,-73.02122497558594,211.8401115965464,-231.44603132398947,-73.03071857206734,0.5337374167817397,0.310658952391536,0.07633720340444125,3.570499950736498e-05,20.731451040235353,30.06883343252402,nan,nan,nan
529.42,212.3816375732422,-231.41290283203125,-73.02222442626953,211.84851972990407,-231.4413950196638,-73.03161788293333,0.5339613063412637,0.3107017044112159,0.07636393126671513,3.500784706498911e-05,20.670644375846923,31.095318056639833,nan,0.0383807952847752,nan
529.4300000000001,212.39028930664062,-231.4083709716797,-73.02320098876953,211.8569187085596,-231.43683235986646,-73.0327289852399,0.5342144028679668,0.3107445432892078,0.07639072602569474,3.57135618100048e-05,20.63788414381184,30.05437362254458,nan,nan,nan
529.44,212.39894104003906,-231.4039306640625,-73.02415466308594,211.86527727796957,-231.43234584442564,-73.0349691234946,0.5345291254694794,0.31078746565023163,0.0764175877527189,3.501607584825909e-05,21.38067970617922,31.18100038047107,nan,0.9294942475718291,nan
529.45,212.4075927734375,-231.3995819091797,-73.02509307861328,211.84765245395724,-231.41641658231515,-73.03626558653886,0.5603047318491812,0.31072339535956284,0.07640500354181873,3.5700074303515984e-05,21.730260375964182,32.11270479771219,8.6130694711143,nan,nan
529.46,212.41622924804688,-231.3953094482422,-73.02601623535156,211.85604336377,-231.41209455943007,-73.03617409689409,0.5605293453975203,0.31076614523314205,0.07643182868788616,3.500310459365851e-05,21.126463059206642,31.1859198094809,nan,0.9556132810959042,nan
529.47,212.4248809814453,-231.39111328125,-73.02691650390625,211.86439491896348,-231.40785117400196,-73.03721666988187,0.5608305240527534,0.31080898166760684,0.07645872090766624,3.570861829896179e-05,21.096733320476645,30.712491813660783,nan,nan,nan
529.48,212.43353271484375,-231.38702392578125,-73.02780151367188,211.87272098712273,-231.40368742147157,-73.03901809744781,0.5611713444124317,0.3108519017433894,0.07648568026807721,3.501131999817011e-05,21.663499966261156,32.3082574107703,nan,0.42524386238169065,nan
529.49,212.44216918945312,-231.38299560546875,-73.0286636352539,211.88107176234382,-231.39961022744433,-73.04003402173466,0.5614585060899802,0.3108949085612015,0.0765127069921256,3.57171700714866e-05,21.635971493972228,31.56070818656665,nan,nan,nan
529.5,212.45082092285156,-231.37905883789062,-73.0295181274414,211.88173685608655,-231.38993472971526,-73.04118181256216,0.569307475464169,0.31083089554089677,0.07649998496533689,3.4998351225365285e-05,21.683548977685383,32.12077439193441,0.851237021153241,0.02265399524250609,nan
529.51,212.45947265625,-231.3751983642578,-73.03034973144531,211.89007815446865,-231.38600540039442,-73.04216633499259,0.5696196299358713,0.310873729485984,0.07652697430098362,3.570366302775327e-05,21.653888711945104,32.067179634274446,nan,nan,nan
529.52,212.46810913085938,-231.3714141845703,-73.03116607666016,211.8984581695133,-231.38216069163644,-73.04183708908305,0.569852240219124,0.31091664720771217,0.07655403094675402,3.5006552409259506e-05,20.941831822488155,31.45221725907123,nan,1.1891174566635228,nan
529.53,212.4767608642578,-231.36769104003906,-73.0319595336914,211.90679891998042,-231.3783850654663,-73.0427772496267,0.5701648911344536,0.3109596514067323,0.07658115512937463,3.571220431914542e-05,20.914612449205357,30.718452852674442,nan,nan,nan
529.54,212.4853973388672,-231.3640594482422,-73.03274536132812,211.91517245496436,-231.37469011177907,-73.04256528372751,0.5704085028338497,0.31100273976342063,0.07660834691037328,3.501476266690797e-05,20.337824674712483,30.987688168500814,nan,0.9118652453813325,nan
529.55,212.49404907226562,-231.36050415039062,-73.03350830078125,211.9312750238797,-231.36697942928555,-73.0434414490529,0.5628989484872448,0.3109387852234377,0.07659548439657324,3.5698703140613066e-05,19.412367852776878,30.704040707699416,5.8677123270829625,nan,nan
529.5600000000001,212.502685546875,-231.3570098876953,-73.03426361083984,211.93958010977826,-231.3633922928375,-73.04660682779073,0.5632768621095698,0.3109817005172706,0.07662263796733697,3.500177982049811e-05,20.947967458651746,31.821493391759095,nan,3.674124628159792,nan
529.57,212.51133728027344,-231.35357666015625,-73.03500366210938,211.94794891313134,-231.35988812659988,-73.04749985766453,0.5635622784955173,0.31102470204349725,0.07664985924450547,3.5707232828257815e-05,20.91725719729852,31.20966839764748,nan,nan,nan
529.58,212.51998901367188,-231.35023498535156,-73.03572082519531,211.95631778116706,-231.3564529699182,-73.04837954651475,0.5638476433497023,0.3110677878313772,0.07667714828660226,3.5009983025775496e-05,21.067614046245517,32.59440487575226,nan,4.264632632481222e-08,nan
529.59,212.52862548828125,-231.34693908691406,-73.03643035888672,211.9646868010246,-231.35308533374274,-73.04924553412752,0.5641177608011214,0.31111096005844807,0.07670450532470828,3.571577349213222e-05,21.036968307708733,31.6167736609826,nan,nan,nan
529.6,212.5372772216797,-231.34371948242188,-73.03712463378906,211.96051382877553,-231.34245073980938,-73.04987038387819,0.5769056034113934,0.31104706011916206,0.0766914994961573,3.4997008601058034e-05,20.968446802730202,32.24068596262819,2.03095071071269,0.07872355418881115,nan
529.61,212.54591369628906,-231.34056091308594,-73.03780364990234,211.96886474827494,-231.33920050067232,-73.05070891067331,0.577194841350569,0.31109005891230107,0.07671881749178654,3.57022620867948e-05,20.939281139762986,32.2234521418103,nan,nan,nan
529.62,212.5545654296875,-231.33746337890625,-73.03846740722656,211.97721765607147,-231.3360143491869,-73.05146565177168,0.5774958924076986,0.31113314205159315,0.07674620341583381,3.500520342179762e-05,21.050205830261834,32.09710222176958,nan,0.0033676082444453726,nan
529.63,212.56321716308594,-231.3344268798828,-73.03912353515625,211.98556905624363,-231.33289007550763,-73.05227813007973,0.5777999138748516,0.3111763114127104,0.07677365750167184,3.57107982115698e-05,21.01886256656511,31.96269197084263,nan,nan,nan
529.64,212.5718536376953,-231.3314666748047,-73.03976440429688,211.99391798959982,-231.32982606855686,-73.05319966043695,0.5780941195306903,0.31121956547787755,0.07680117980450141,3.501341008048005e-05,21.275633637589713,33.19024741666846,nan,0.01039410386101194,nan
529.65,212.58050537109375,-231.32855224609375,-73.04039001464844,211.99204597535086,-231.32396880067108,-73.05387995066928,0.5886318431616434,0.3111557204283865,0.07678802801461222,3.569729818236419e-05,21.469602426236264,32.59399716315316,1.940216068834983,nan,nan
529.66,212.5891571044922,-231.32568359375,-73.04100799560547,212.0049722498324,-231.31801932276394,-73.05510971202831,0.5844052907612046,0.3100723389790062,0.07633729050800028,3.4998559781301885e-05,27.526276311979615,38.00784699360333,nan,0.14176234491364798,0.018823372020760863
529.67,212.59779357910156,-231.32289123535156,-73.04161071777344,212.01330836977758,-231.31512223571102,-73.05587861293563,0.5847109457725915,0.3101135103450289,0.07636231636748622,3.5703916011859694e-05,27.4747426400069,39.08615786915525,nan,nan,nan
529.6800000000001,212.6064453125,-231.3201446533203,-73.04219818115234,212.02174103112526,-231.31224915352283,-73.05510014779432,0.5848999028194779,0.3101547598310436,0.07638740337649215,3.500682848366722e-05,26.459681192867787,37.48531609232547,nan,1.6655924863659244,nan
529.69,212.61509704589844,-231.3174591064453,-73.04277801513672,212.03007818036502,-231.30946353008636,-73.05583155708983,0.5852191019001651,0.3101960986712417,0.07641255292640753,3.5712525687494985e-05,26.406688817020683,37.71005093984692,nan,nan,nan
529.7,212.62374877929688,-231.3148193359375,-73.04334259033203,212.02136591402373,-231.29857404396853,-73.05638868100824,0.6027430848776035,0.31012876747123697,0.07640093640042558,3.499392506782177e-05,26.550261247730063,37.898872267661,3.651825931162468,0.06581631248108129,nan
529.71,212.6324005126953,-231.31224060058594,-73.04389953613281,212.02967518696067,-231.2958823370412,-73.05709850957119,0.6030917210242173,0.3101699377384078,0.07642605588701903,3.5699088928391755e-05,26.4979918363263,38.249805955440024,nan,nan,nan
529.72,212.6410369873047,-231.30970764160156,-73.04444885253906,212.03808004723098,-231.2932102065508,-73.05619392604719,0.6032969283014931,0.31021118662154,0.07645123679654676,3.50021882928788e-05,25.49038634248334,37.07074687918433,nan,1.8170994224742048,nan
529.73,212.64968872070312,-231.30723571777344,-73.04498291015625,212.0463899319338,-231.29062140672139,-73.05686756267319,0.6036445219065038,0.31025252426357014,0.07647648042463936,3.570769687224394e-05,25.43598522011247,37.46031043789571,nan,nan,nan
529.74,212.65834045410156,-231.3048095703125,-73.04550170898438,212.05468037566447,-231.28808931410114,-73.05787674881634,0.6040183762745028,0.31029394107104,0.076501785784751,3.5010464567940315e-05,25.78635788981312,37.70066606249213,nan,0.08425835865491058,nan
529.75,212.6669921875,-231.3024139404297,-73.0460205078125,212.0316907934449,-231.2703978607844,-73.05864057766595,0.6362327850773649,0.3102267242308233,0.07649006760663218,3.569427359456168e-05,25.964595243679568,37.735728886991026,9.744720638935252,nan,nan
529.76,212.67564392089844,-231.30007934570312,-73.04651641845703,212.04002645284513,-231.26790451397295,-73.05793829823727,0.6365337735180137,0.31026797258194894,0.0765153423347891,3.499755817981183e-05,25.163543176413704,37.73453565397891,nan,1.292186286110617,nan
529.77,212.68429565429688,-231.2978057861328,-73.04701232910156,212.04828645182286,-231.26548433400814,-73.05856586882153,0.6369347424808448,0.31030930913300403,0.07654067995737877,3.570287732409093e-05,25.105990371990245,38.33381055262207,nan,nan,nan
529.78,212.6929473876953,-231.29556274414062,-73.04749298095703,212.05649322737605,-231.2631289386147,-73.06016586856876,0.6374060338661756,0.31035072528883517,0.0765660795795221,3.5005834186344276e-05,25.88883017937632,38.396009237229535,nan,0.6800352624126688,nan
529.79,212.70159912109375,-231.29336547851562,-73.04796600341797,212.0647543032189,-231.2608001269394,-73.0607854181811,0.6378057396827014,0.31039222969187624,0.0765915423657831,3.571149534022896e-05,25.83658311193223,38.39799778613599,nan,nan,nan
529.8,212.7102508544922,-231.29119873046875,-73.04843139648438,212.05012617474708,-231.24732403089288,-73.06224641561825,0.6617253484831342,0.31032511677550695,0.0765797188034036,3.499294194824644e-05,26.73756129075222,39.3051597874641,4.9070684843092645,0.4866524502738198,nan
529.8100000000001,212.7189178466797,-231.28909301757812,-73.04888916015625,212.05835088630477,-231.24506435870478,-73.06285789039768,0.6621800037495145,0.31036645233390125,0.07660515032094889,3.569807089121918e-05,26.684451500872672,40.11810141447071,nan,nan,nan
529.82,212.72756958007812,-231.28701782226562,-73.04933166503906,212.06652244970965,-231.2428659721657,-73.06449931158052,0.662693558092461,0.31040786789944796,0.07663064410010038,3.5001215118338215e-05,27.726944550341777,40.69137816605306,nan,0.761034767229732,nan
529.83,212.73622131347656,-231.28500366210938,-73.04976654052734,212.07474831436159,-231.24069028492255,-73.06510475964333,0.6631330672810055,0.31044937120678245,0.07665620121831637,3.570668982842569e-05,27.675830145893116,41.67658935528548,nan,nan,nan
529.84,212.744873046875,-231.28289794921875,-73.05030059814453,212.08303417420035,-231.238476025746,-73.06457266730817,0.6634814938085936,0.3104909550254536,0.07668182090560922,3.500950256043832e-05,26.84935937177194,40.02837117094765,nan,0.9843656331761266,nan
529.85,212.75352478027344,-231.2807159423828,-73.0509262084961,212.1006979122801,-231.24952880243958,-73.06540463696551,0.6537317356246048,0.3104239528646485,0.07666989027851095,3.569328115982395e-05,28.111075553566142,40.107670482050416,10.4620415349688,nan,nan
529.86,212.76219177246094,-231.27845764160156,-73.0516357421875,212.1089107528848,-231.24722466734903,-73.06637712395282,0.6541933181831151,0.31046536789355256,0.07669547809391239,3.499661070992935e-05,28.394854623700933,40.320594706904544,nan,0.01491652752051539,nan
529.87,212.77084350585938,-231.27613830566406,-73.05244445800781,212.11713123417516,-231.2448443386306,-73.06729817819489,0.654629421525356,0.3105068701928784,0.07672112942189413,3.5701898165822175e-05,28.309727782713626,40.8438148162587,nan,nan,nan
529.88,212.7794952392578,-231.27374267578125,-73.0533447265625,212.12535692087056,-231.24238949737037,-73.06820768230617,0.6550579125790384,0.3105484533528744,0.07674684357460113,3.500489999120116e-05,28.385602998396564,40.727058219094026,nan,0.007467254745722035,nan
529.89,212.7881622314453,-231.27127075195312,-73.05432891845703,212.13357804307535,-231.2398645526437,-73.06930927636998,0.6555083677133584,0.31059012387449253,0.07677262151135643,3.571053050443361e-05,28.305812837948718,40.39949640668259,nan,nan,nan
529.9,212.79681396484375,-231.2687225341797,-73.0553970336914,212.14119575250837,-231.23170576468553,-73.07058789699916,0.6568380652015094,0.31052322420809164,0.07676058027685613,3.499202407037471e-05,27.850604841677747,40.30983213843987,3.6122485981353325,0.0010836896848459433,nan
529.91,212.80548095703125,-231.26611328125,-73.05655670166016,212.14943041725442,-231.2290212906545,-73.07186831833754,0.6572766328670754,0.3105647255784532,0.07678632567703131,3.569712348609051e-05,27.76889827212346,40.57158410212794,nan,nan,nan
529.92,212.8141326904297,-231.263427734375,-73.05780029296875,212.1576974487684,-231.2262557522556,-73.07251580331926,0.6576515255015148,0.31060630812480033,0.07681213415186933,3.500031228719498e-05,27.33353104706063,39.87451826652402,nan,0.36619802502482995,nan
529.9300000000001,212.8227996826172,-231.26068115234375,-73.05913543701172,212.16593260548876,-231.22343308093613,-73.07396254857873,0.6580893701285924,0.3106479776107005,0.07683800658378545,3.570575850430221e-05,27.24903813627764,40.064614685872364,nan,nan,nan
529.94,212.83145141601562,-231.25787353515625,-73.060546875,212.1742297227193,-231.22051982561078,-73.07406289789537,0.6584210937014395,0.3106897287351487,0.07686394239580611,3.500861557762309e-05,26.253548263590897,39.54009947831343,nan,1.446646466895371,nan
529.95,212.84010314941406,-231.25498962402344,-73.06204223632812,212.1690453343381,-231.2065145415518,-73.07560147514943,0.6729429974021272,0.31062293624005266,0.07685178865430911,3.569236869866009e-05,25.597436236498332,39.27143697477984,3.7878691686924957,nan,nan
529.96,212.84877014160156,-231.2520294189453,-73.0636215209961,212.17724155816106,-231.2034748838175,-73.0779774992284,0.6734346853037013,0.31066451821064595,0.07687769129281503,3.4995742153524914e-05,26.28217159787743,39.36006601532288,nan,0.3380451884639331,nan
529.97,212.857421875,-231.2490234375,-73.0652847290039,212.18546668068157,-231.2003590278511,-73.07975109455825,0.673870376014812,0.31070618672949873,0.07690365806018273,3.570100321934009e-05,26.19796555068167,40.35605428407288,nan,nan,nan
529.98,212.8660888671875,-231.24594116210938,-73.06702423095703,212.19372374240623,-231.1971665024241,-73.08081803873078,0.6742730141288769,0.31074793715422644,0.07692968845092589,3.5004048585779265e-05,25.71743137283869,39.217113963756255,nan,0.43859287162323746,nan
529.99,212.87474060058594,-231.2427978515625,-73.06884002685547,212.20194897678064,-231.19392170259155,-73.08274579256516,0.6747079496498981,0.3107897742582252,0.0769557832441127,3.570965371054787e-05,25.641200263811932,39.37340952573905,nan,nan,nan
530.0,212.88340759277344,-231.23959350585938,-73.07071685791016,212.22450021959455,-231.19867935205968,-73.08479031243226,0.660326401511281,0.31072308243010804,0.07694351362451349,3.499119209963669e-05,25.962398887025326,39.16215322241808,1.926792536466846,0.001999187818789246,nan
530.01,212.89205932617188,-231.236328125,-73.0726089477539,212.23274621186692,-231.19532366989606,-73.08682489838337,0.6607399195486553,0.3107647500421668,0.07696957455273654,3.569626716998812e-05,25.90755305324372,39.242396658265534,nan,nan,nan
530.02,212.90072631835938,-231.23300170898438,-73.0744857788086,212.24104753827353,-231.19188524294051,-73.08739048637904,0.6610848569986744,0.31080649979709735,0.0769956993418289,3.499949848395811e-05,24.949235802222283,38.240959580767615,nan,1.52304064076624,nan
530.03,212.9093780517578,-231.22959899902344,-73.07633209228516,212.2492932283112,-231.18840641786358,-73.08939175648024,0.661497813840727,0.31084833588386834,0.07702188870486018,3.570492132656518e-05,24.913971734318036,37.53787295688311,nan,nan,nan
530.04,212.91802978515625,-231.2261505126953,-73.07815551757812,212.2576345500406,-231.18483071205932,-73.08874260610203,0.6617713192119132,0.310890254539064,0.07704814223195565,3.500782038282482e-05,23.283142706954163,36.62750321001599,nan,4.858090012125861,nan
530.05,212.92669677734375,-231.22264099121094,-73.07994079589844,212.299799371155,-231.19708629599756,-73.0906858092315,0.6275100442583942,0.3108236663121222,0.07703575464687931,3.569155269836576e-05,23.084188446913465,35.37858754378068,11.058868838691446,nan,nan
530.0600000000001,212.9353485107422,-231.2190704345703,-73.0816879272461,212.30820446567452,-231.1934140814297,-73.08967078692353,0.6277193861662559,0.3108654154204729,0.07706197363932614,3.499496744312845e-05,21.614825066523625,33.94572765620029,nan,5.941252060838973,nan
530.07,212.9440155029297,-231.2154541015625,-73.08341217041016,212.3165070692578,-231.1897222139486,-73.09149390147145,0.6280877954127687,0.31090725054015084,0.07708825737600318,3.57002070742215e-05,21.5672515980217,34.3688698370582,nan,nan,nan
530.08,212.95266723632812,-231.21176147460938,-73.08509063720703,212.32486679849168,-231.18595047545602,-73.09159378196246,0.6283644550073085,0.31094916842312753,0.07711460550752852,3.500329311103456e-05,20.891338465709982,32.92248334494265,nan,2.016673558449358,nan
530.09,212.96131896972656,-231.20802307128906,-73.08674621582031,212.33316877394375,-231.1821436861843,-73.09333431529467,0.6287175948628009,0.3109911724834162,0.077141018659128,3.5708877718416846e-05,20.842673173971477,33.38243869508285,nan,nan,nan
530.1,212.969970703125,-231.2042236328125,-73.08836364746094,212.34202297443957,-231.16978281555592,-73.09414977033693,0.6289181179393899,0.3109246827350459,0.0771285098890467,3.499045748419646e-05,19.43194990542785,32.62421018629285,9.79203355318637,0.8053051641499095,nan
530.11,212.9786376953125,-231.20037841796875,-73.08995056152344,212.35034628873728,-231.16583587951428,-73.09581936634605,0.6292676071507154,0.31096651692959365,0.07715488778879502,3.569551297744401e-05,19.3836879654007,32.94798818834829,nan,nan,nan
530.12,212.98728942871094,-231.19647216796875,-73.09149932861328,212.3586624945664,-231.1618364145359,-73.09767073214805,0.6296106288567613,0.3110084340560281,0.07718133030846323,3.499878350114374e-05,19.450535140733432,32.87557367034757,nan,0.03195436507697289,nan
530.13,212.99594116210938,-231.1925048828125,-73.09302520751953,212.36698494966004,-231.1577800328407,-73.09928125296649,0.6299451329193811,0.3110504370771049,0.07720783801821246,3.5704187642733466e-05,19.403107890549595,32.40427232022339,nan,nan,nan
530.14,213.0045928955078,-231.18849182128906,-73.09452056884766,212.37533175381,-231.15366024595005,-73.10004813447694,0.6302486628888753,0.3110925234236727,0.07723441064877579,3.5007125181396945e-05,19.123504460120028,32.5412795671302,nan,0.4677633172887002,nan
530.15,213.01324462890625,-231.18441772460938,-73.09598541259766,212.37454954689312,-231.13178718355636,-73.10173180564895,0.6408856393089106,0.3110261337104424,0.07722177845084535,3.569084092953524e-05,17.56371787751561,32.21367570013035,19.446102475971447,nan,nan
530.16,213.0218963623047,-231.1802978515625,-73.097412109375,212.38288898849598,-231.12752013271282,-73.10319250846005,0.641209267246242,0.3110680500896067,0.07724831512830735,3.4994293304034716e-05,17.53644190449071,32.626744794975046,nan,0.002344282999368666,nan
530.17,213.03054809570312,-231.17613220214844,-73.09882354736328,212.39122628752784,-231.12320179746504,-73.10468240238443,0.641535913515852,0.31111005210358045,0.07727491716458408,3.569951595963183e-05,17.48579344046141,32.806945807421535,nan,nan,nan
530.1800000000001,213.03921508789062,-231.17190551757812,-73.1001968383789,212.3996056675771,-231.11881528120014,-73.1046259492242,0.6418242756201623,0.31115213757566657,0.07730158434016664,3.50026388454119e-05,17.029628622973036,31.67651583313972,nan,1.6292568644986976,nan
530.19,213.04786682128906,-231.16763305664062,-73.10154724121094,212.40794179424913,-231.11439524477495,-73.10604670979019,0.6421515008639344,0.3111943088783992,0.07732831715266948,3.570820728813723e-05,16.979773401809506,31.989558372920783,nan,nan,nan
530.2,213.05650329589844,-231.16331481933594,-73.10286712646484,212.44062935874553,-231.122970054647,-73.10620310577978,0.6172029935604857,0.3111280151331226,0.07731555843849897,3.498982416555757e-05,16.759832617879194,31.503983358511768,5.4589300390805455,1.0897568000886326,nan
530.21,213.06515502929688,-231.158935546875,-73.10416412353516,212.44900147303917,-231.11847384241287,-73.10755994129475,0.6174899885789632,0.31117001616418327,0.07734225455582892,3.569486431431602e-05,16.709645146787555,30.576930119874007,nan,nan,nan
530.22,213.0738067626953,-231.15452575683594,-73.10543823242188,212.4573886561551,-231.11392226036762,-73.1082803667032,0.6177604743938726,0.3112121007637868,0.07736901602540701,3.499816997355655e-05,16.560260051025644,31.40795948687033,nan,0.2639510772040183,nan
530.23,213.08245849609375,-231.15005493164062,-73.10668182373047,212.46575943696453,-231.10932861341016,-73.10958140535257,0.6180491647927816,0.31125427096591163,0.07739584330021121,3.570355953514986e-05,16.509477276067283,30.6833660689544,nan,nan,nan
530.24,213.0911102294922,-231.14553833007812,-73.10790252685547,212.4741345846678,-231.10468520421895,-73.11066070001844,0.6183328648213035,0.31129652510336253,0.07742273622593132,3.500653137039852e-05,16.435833880171227,30.67952726166412,nan,0.02760779510066826,nan
530.25,213.09976196289062,-231.14097595214844,-73.10910034179688,212.49790778613053,-231.10451329625073,-73.11188455215164,0.6029641176604054,0.31123032781932203,0.07740984862892465,3.56902342665683e-05,16.014265901915884,30.303751774120805,3.469183386520151,nan,nan
530.26,213.1083984375,-231.13636779785156,-73.11027526855469,212.50632917365218,-231.09977256431128,-73.1122566473898,0.6031836664318891,0.3112724115422468,0.07743670412797041,3.4993720006685324e-05,15.852779865321303,30.36952564778824,nan,0.517703247419779,nan
530.27,213.11705017089844,-231.1317138671875,-73.11141967773438,212.51472952344332,-231.09499404035472,-73.11345359220415,0.6034423293417936,0.31131458065837214,0.07746362559912573,3.5698929569393305e-05,15.801057298209523,30.178465740488374,nan,nan,nan
530.28,213.12570190429688,-231.12701416015625,-73.112548828125,212.52312239157425,-231.09017263632836,-73.11492884016472,0.6037093932417394,0.3113568337903392,0.07749061292781582,3.5002084958182716e-05,15.791846242435756,30.070851931075975,nan,0.06371369292730404,nan
530.29,213.13433837890625,-231.12225341796875,-73.1136474609375,212.53152141992248,-231.08530325113776,-73.11608495218488,0.6039532616277973,0.3113991725361323,0.07751766650886924,3.5707641002660174e-05,15.742357132026415,29.43429726561715,nan,nan,nan
530.3,213.1429901123047,-231.1174774169922,-73.11473083496094,212.50645846398933,-231.05693836207104,-73.11905523821419,0.6394186554529868,0.311333068425903,0.07750464705221158,3.4989290321838645e-05,15.409804457489953,31.97949595489194,13.98519109236619,2.185673120535262,nan
530.3100000000001,213.15162658691406,-231.11264038085938,-73.11579132080078,212.5148172253315,-231.05193074928513,-73.12018808308768,0.639711774069903,0.3113752364629765,0.07753166244044965,3.569431876683296e-05,15.361984749437935,31.10962111585024,nan,nan,nan
530.32,213.1602783203125,-231.10775756835938,-73.11682891845703,212.52319564178484,-231.0468710153529,-73.12031092413416,0.639995028090473,0.31141748857813994,0.07755874388752285,3.4997655110368104e-05,15.113249881421407,30.53189164070528,nan,0.6913939141308691,nan
530.33,213.16891479492188,-231.10284423828125,-73.11785125732422,212.53155274854416,-231.04177686389468,-73.1213932556138,0.640290674716682,0.31145982612361034,0.07758589175316843,3.570303361548336e-05,15.062638171163233,31.316475159375273,nan,nan,nan
530.34,213.1775665283203,-231.097900390625,-73.11884307861328,212.53992674024045,-231.03664118786926,-73.12156169097999,0.6405814390988904,0.3115022480920465,0.07761310597425788,3.5006035254075155e-05,14.867521031529096,30.724946667181708,nan,0.5645005158098174,nan
530.35,213.1862030029297,-231.09298706054688,-73.11981964111328,212.52792365586794,-231.02197984821197,-73.12279206829241,0.6621046430096634,0.3114362368491377,0.07759995219756065,3.5689728458131656e-05,14.995652929594288,31.104864611421622,5.669055146340356,nan,nan
530.36,213.19483947753906,-231.08815002441406,-73.12078094482422,212.5362128054129,-231.0169071485274,-73.1254840038125,0.6624852899230532,0.311478487930128,0.07762712746548146,3.499324305682546e-05,15.319854132400186,31.9374813236736,nan,1.9742760112305995,nan
530.37,213.20347595214844,-231.08338928222656,-73.12171936035156,212.5445327199572,-231.01189463029016,-73.1265024463049,0.6628276898390526,0.31152082427291977,0.07765436931656103,3.569844280793891e-05,15.268348969069068,31.6518326859066,nan,nan,nan
530.38,213.21212768554688,-231.07870483398438,-73.12264251708984,212.55287353111322,-231.00695663163702,-73.12631050213935,0.6631570694733127,0.3115632450766787,0.07768167771840144,3.500162617390309e-05,14.953512286436405,30.51409113936048,nan,1.0040667528319753,nan
530.39,213.22076416015625,-231.07412719726562,-73.12354278564453,212.56119268686294,-231.00211584300231,-73.12728176826973,0.6635014269134749,0.3116057513828885,0.07770905298560991,3.5707172984866186e-05,14.899672633571694,31.694330937760913,nan,nan,nan
530.4,213.22940063476562,-231.0696258544922,-73.12442779541016,212.58518587531745,-231.0076702566252,-73.12794597379842,0.6471966702456815,0.3115398302733683,0.07769576200590404,3.4988849999185916e-05,15.057830474592446,30.361266390285923,2.707737000627624,0.07252134309994815,nan
530.41,213.238037109375,-231.06521606445312,-73.12529754638672,212.5935238620825,-231.00302844955053,-73.1288806364631,0.6475163811961077,0.31158216540372713,0.07772309753048297,3.569386978244359e-05,15.004325170752242,30.430503628794092,nan,nan,nan
530.42,213.24667358398438,-231.06089782714844,-73.12614440917969,212.6018390823034,-230.99848467097803,-73.13118687034591,0.6478675505347651,0.3116245850183872,0.07775049979609269,3.499723229351124e-05,15.311639871858866,31.021447298450642,nan,1.360889366747792,nan
530.4300000000001,213.25531005859375,-231.05667114257812,-73.1269760131836,212.61017613241043,-230.99401783518408,-73.13210266013076,0.6481894029903902,0.3116670899873555,0.07777796909067322,3.570260266952192e-05,15.261550675156505,31.257127437379573,nan,nan,nan
530.44,213.26394653320312,-231.05252075195312,-73.12779235839844,212.6185168323183,-230.98963432366187,-73.13274547887923,0.6485050000192707,0.3117096797681028,0.0778055054210622,3.5005629606080726e-05,15.167720163029847,30.677375157889045,nan,0.046717699723635965,nan
530.45,213.2725830078125,-231.04844665527344,-73.12859344482422,212.62838989802108,-230.9811436754308,-73.13374160875412,0.6477198139552977,0.3116438479009118,0.07779207471156852,3.568931572983145e-05,14.663614738301128,30.292622568565136,2.785041741393501,nan,nan
530.46,213.28121948242188,-231.04446411132812,-73.1293716430664,212.63672566991607,-230.97691903609007,-73.13556758719007,0.6480532395341914,0.3116862662961078,0.07781957051156997,3.4992854716049543e-05,14.95974360057734,31.29731076785942,nan,0.6462066627408025,nan
530.47,213.28985595703125,-231.04055786132812,-73.13014221191406,212.6450750471211,-230.97276842485084,-73.13643190953977,0.6483651669997992,0.31172876990905923,0.0778471335022959,3.569804735136132e-05,14.913239967593173,30.925931502734684,nan,nan,nan
530.48,213.29849243164062,-231.03672790527344,-73.13089752197266,212.6534378540359,-230.96869037200278,-73.13628013476549,0.6486551368353164,0.31177135833798053,0.07787476371350313,3.5001254251795574e-05,14.575689043941185,30.46608839139853,nan,0.7083743981497871,nan
530.49,213.30712890625,-231.03297424316406,-73.13162994384766,212.6617870597826,-230.96469582315902,-73.13710581663143,0.6489668917772974,0.3118140322410242,0.07790246139935851,3.5706794414652117e-05,14.530901076531,30.521101486141873,nan,nan,nan
530.5,213.31576538085938,-231.029296875,-73.13235473632812,212.62989675829886,-230.93641662945433,-73.13772880096303,0.6921498305976742,0.3117482872554056,0.07788888815566299,3.498849454557459e-05,14.173998500588814,31.69128939497567,15.983850670518391,0.0142629347314092,nan
530.51,213.32440185546875,-231.02569580078125,-73.13306427001953,212.63818943332964,-230.93252482367288,-73.13852485376701,0.6925302428401319,0.3117907894864321,0.07791654449907867,3.5693508138575534e-05,14.12780030458086,31.835172251723385,nan,nan,nan
530.52,213.33303833007812,-231.02215576171875,-73.13375854492188,212.64650215587272,-230.9286959481632,-73.13763105067785,0.692879247447385,0.3118333765261368,0.07794426824289066,3.499689246665536e-05,13.666120379862035,30.731427003774083,nan,1.9852461977892069,nan
530.53,213.3416748046875,-231.01869201660156,-73.13443756103516,212.6547951976854,-230.92494770216993,-73.13838424018788,0.6932583697871717,0.3118760489189483,0.07797205962178318,3.5702257078483506e-05,13.618798896193487,31.036680197868577,nan,nan,nan
530.54,213.35031127929688,-231.0153045654297,-73.1351089477539,212.66310439984028,-230.92126156878115,-73.13767866796067,0.6936165971580056,0.3119188064345083,0.07799991869427905,3.5005305012154125e-05,13.315684398141958,31.060896818446388,nan,1.4762733983024428,nan
530.55,213.35894775390625,-231.01197814941406,-73.13575744628906,212.67785442730178,-230.92320806897789,-73.13832060866034,0.6868586583330868,0.31185314702599737,0.07798620034758139,3.5688986154700226e-05,13.494526911807936,30.530862064056837,1.012470697113932,nan,nan
530.5600000000001,213.36758422851562,-231.0087127685547,-73.13639831542969,212.68613649965283,-230.91968580746243,-73.1406538870087,0.6872517128847659,0.3118957326332379,0.07801401726393845,3.499254529518738e-05,13.774131704381235,30.411013428364086,nan,1.884668822426282,nan
530.57,213.376220703125,-231.00552368164062,-73.13703155517578,212.69443579385506,-230.91622086350336,-73.14135817025239,0.6876222621712408,0.31193840348117347,0.07804190197372747,3.5697732968138557e-05,13.726370480980771,30.94492221746324,nan,nan,nan
530.58,213.38485717773438,-231.0023956298828,-73.13764190673828,212.70273137869214,-230.91282230561882,-73.14245922863248,0.6879986865750173,0.3119811594298636,0.07806985455183948,3.5000959230873426e-05,13.810936743293437,31.019426548022675,nan,0.11770937141813421,nan
530.59,213.39349365234375,-230.99932861328125,-73.13824462890625,212.71103123821877,-230.90948485711664,-73.14314477406886,0.688368258011424,0.31202400088757276,0.07809787520875743,3.5706494799046455e-05,13.766744689912866,30.80091365895509,nan,nan,nan
530.6,213.40213012695312,-230.99632263183594,-73.13883972167969,212.7490718103795,-230.9242307852269,-73.14149278936466,0.6570307739837077,0.3119584249294068,0.07808400902066152,3.4988213805499155e-05,13.497964888398194,29.3053935349053,8.939036333247413,4.089527536013935,nan
530.61,213.4107666015625,-230.99337768554688,-73.13941955566406,212.75741404087938,-230.92105037314528,-73.14213400498303,0.6573493568153318,0.31200109419095734,0.07811198668752883,3.569322316004881e-05,13.449700970106724,29.357118221138403,nan,nan,nan
530.62,213.41941833496094,-230.990478515625,-73.13998413085938,212.7657518165469,-230.9179320050957,-73.14335659164692,0.6576885942277508,0.3120438485225138,0.07814003239296952,3.499662528061421e-05,13.517050996915838,28.56963127232776,nan,0.24753899266457036,nan
530.63,213.4280548095703,-230.98765563964844,-73.14054107666016,212.7740949040046,-230.91486917335337,-73.14398246021658,0.6580070447069728,0.312086688262072,0.07816814633390767,3.570198598498556e-05,13.470253206252007,29.706831338390042,nan,nan,nan
530.64,213.4366912841797,-230.98487854003906,-73.1410903930664,212.782435878339,-230.9118645693368,-73.14492710997906,0.6583281069392044,0.3121296133757164,0.07819632860532594,3.500505096597439e-05,13.506807334413582,29.066255201568048,nan,0.07648455410666365,nan
530.65,213.44532775878906,-230.98216247558594,-73.1416244506836,212.8067180504846,-230.93675408377558,-73.14549598085704,0.6402337622567316,0.31206411928243544,0.07818231198614473,3.568872876636131e-05,15.429634553459797,29.015440485896164,31.863119276286575,nan,nan
530.66,213.4539794921875,-230.9794921875,-73.14214324951172,212.81546676260083,-230.93440741684213,-73.14407276781566,0.6401053549458647,0.3091965728290079,0.07406114820282297,3.49904440895363e-05,20.085071532187673,33.148729673208294,nan,2.885164886252922,5.602882236209169e-05
530.67,213.46261596679688,-230.9768829345703,-73.14266204833984,212.8237978466502,-230.9316405935192,-73.14464107111468,0.6404212493216219,0.30924200981100197,0.07408142579471262,3.569558624390972e-05,20.015772832210153,33.488151906559644,nan,nan,nan
530.6800000000001,213.47125244140625,-230.9743194580078,-73.1431655883789,212.83208138621612,-230.9288597224237,-73.14438344927413,0.6407867886726475,0.3092875260998738,0.07410175487141123,3.499893372634627e-05,19.876930322208338,33.13033474169571,nan,0.47099997596079096,nan
530.69,213.4799041748047,-230.97181701660156,-73.1436538696289,212.84041369791115,-230.92619708952094,-73.1449251999684,0.6411168879893924,0.3093331316881707,0.07412215447805923,3.570442624523485e-05,19.808176697095593,33.5460205709541,nan,nan,nan
530.7,213.48854064941406,-230.9693603515625,-73.1441421508789,212.83189281847993,-230.92383927981555,-73.14513810069315,0.6582245314173011,0.30927313589201005,0.07411280502113335,3.4986263684898196e-05,21.02331731841238,33.76169438549509,12.497783022151513,0.049484258367880965,nan
530.71,213.4971923828125,-230.96694946289062,-73.14461517333984,212.84018522424975,-230.9212973444895,-73.1456579584705,0.6585921421623835,0.3093185533946734,0.07413319824349901,3.5691232421075523e-05,20.95687982312488,33.51251439272182,nan,nan,nan
530.72,213.50582885742188,-230.96458435058594,-73.14507293701172,212.84853161564286,-230.91887681167913,-73.14709485380389,0.6588876469556393,0.3093640503554376,0.07415364388303694,3.499474843719385e-05,20.974049683820834,33.690982064762125,nan,0.6052147508078871,nan
530.73,213.5144805908203,-230.96226501464844,-73.1455307006836,212.85682521140376,-230.91643111122804,-73.14760693164523,0.6592538627215524,0.3094096363497613,0.0741741595922347,3.570007081415762e-05,20.910392787562404,33.278182893083994,nan,nan,nan
530.74,213.5231170654297,-230.9600067138672,-73.14598083496094,212.86506072725257,-230.91395270741506,-73.14708108041124,0.6596668297446987,0.3094553021939366,0.07419472833203797,3.5003246108732626e-05,20.7535993905209,34.01028722246499,nan,0.7485354888362749,nan
530.75,213.53176879882812,-230.95777893066406,-73.14641571044922,212.87694838796983,-230.91343636854197,-73.14756680828317,0.6563210786790243,0.3093952613212446,0.07418535560446707,3.568688854301849e-05,20.728923932737498,33.098511526766195,0.12583472394880507,nan,nan
530.76,213.5404052734375,-230.9554901123047,-73.14694213867188,212.88526399925428,-230.9110922281926,-73.14835325575615,0.656645454186255,0.3094407389479573,0.07420591779435406,3.499057062794282e-05,20.687681049650273,33.918214367068636,nan,0.04680963038360609,nan
530.77,213.54905700683594,-230.95310974121094,-73.14756774902344,212.89356566818282,-230.90865551379218,-73.14897931318454,0.6569985280790513,0.3094863053338412,0.07422654961429284,3.569572104749984e-05,20.629429724532187,32.69436807245811,nan,nan,nan
530.78,213.55770874023438,-230.95066833496094,-73.14828491210938,212.90188417648602,-230.9061679034913,-73.14998961472715,0.6573348102966378,0.3095319517309488,0.07424723535758289,3.499906601507778e-05,20.597888681019505,33.26151346604994,nan,0.059783688264353235,nan
530.79,213.5663604736328,-230.9481658935547,-73.14909362792969,212.91018696153338,-230.90358717960936,-73.15080409836028,0.6576882737490551,0.3095776870700042,0.07426799070784877,3.570456664271015e-05,20.53662949127513,33.7429893050103,nan,nan,nan
530.8,213.5749969482422,-230.94557189941406,-73.14998626708984,212.93490989722608,-230.91158005359637,-73.15311530577382,0.6409966219440473,0.3095175916549665,0.07425857498079277,3.49864009113833e-05,21.036942621403227,32.74498218133506,3.8406590117748443,1.2843860616993366,nan
530.8100000000001,213.58364868164062,-230.9429168701172,-73.15097045898438,212.94323646313953,-230.90888254233633,-73.15412595604678,0.6413237109562561,0.30956313841362043,0.07427932289961757,3.569137758049596e-05,20.978244440320378,32.93701237594773,nan,nan,nan
530.82,213.59230041503906,-230.94020080566406,-73.15204620361328,212.951552773208,-230.90610232646233,-73.1550340630265,0.641661261180555,0.30960876534811044,0.07430012560319789,3.499488997427595e-05,20.895499351054422,33.18404121162834,nan,0.02600267406261457,nan
530.83,213.6009521484375,-230.93740844726562,-73.15320587158203,212.95987969511992,-230.90326749614417,-73.1562202436524,0.6419879916206166,0.30965448094199866,0.07432099750986315,3.570022010781616e-05,20.837259969504647,32.80178531511197,nan,nan,nan
530.84,213.60960388183594,-230.93455505371094,-73.15444946289062,212.9682001441769,-230.90035633408755,-73.15736870430553,0.6423214375040702,0.3097002771096727,0.07434192478418329,3.500339129325454e-05,20.767679251755474,33.13215203361966,nan,0.011017514759975417,nan
530.85,213.61825561523438,-230.931640625,-73.1557846069336,213.00026265133067,-230.92028900583,-73.15879725545057,0.61810455324593,0.309640135335285,0.07433247774625597,3.5687041205287763e-05,22.32967794460347,32.91691399745535,24.00680751121746,nan,nan
530.86,213.6269073486328,-230.92864990234375,-73.15719604492188,213.00860661991416,-230.91730976524124,-73.16012355021921,0.6184116429456877,0.30968574278520994,0.07435339734553996,3.499071874414026e-05,22.264662108301273,32.587711213992044,nan,0.00995944881294614,nan
530.87,213.63555908203125,-230.92559814453125,-73.15869140625,213.01695705933346,-230.9142733904864,-73.1616517299598,0.6187127573086202,0.30973143860923624,0.07437438576972283,3.569587653551637e-05,22.20905921361148,32.70819524806168,nan,nan,nan
530.88,213.64419555664062,-230.92247009277344,-73.16027069091797,213.02515981013747,-230.9109834762244,-73.16041978475127,0.619142326155657,0.3097772151733176,0.07439543037606546,3.4999216556194473e-05,21.908672262265835,32.02079038902463,nan,5.7098976340137,nan
530.89,213.65284729003906,-230.91929626464844,-73.16193389892578,213.03351087315122,-230.9078186501294,-73.16208559511772,0.6194427785762457,0.30982308029082467,0.0744165438169418,3.5704724357996635e-05,21.851632358571795,32.58332372265604,nan,nan,nan
530.9,213.6614990234375,-230.91604614257812,-73.1636734008789,213.0632534128187,-230.918330910515,-73.16406638551723,0.5982501025709063,0.3097628837563859,0.07440704880744443,3.4986553225797394e-05,22.273342321297452,31.73254735638103,6.165407290716123,0.03358692224497001,nan
530.91,213.67015075683594,-230.91275024414062,-73.16548919677734,213.07163509547775,-230.91507143832237,-73.16589645666433,0.598520300987426,0.3098085597816635,0.07442815369077069,3.5691536858233305e-05,22.21682187000479,32.51812549079873,nan,nan,nan
530.92,213.67880249023438,-230.9093780517578,-73.16736602783203,213.08009042721878,-230.911843013782,-73.16925567954036,0.5987201192725627,0.3098543167115483,0.07444931553610906,3.4995043629494826e-05,22.25963700270732,31.889817039491952,nan,1.5031686789813623,nan
530.9300000000001,213.6874542236328,-230.90594482421875,-73.16925811767578,213.08847195045044,-230.90846129050954,-73.17120683195601,0.5989907292076068,0.3099001619090936,0.07447054587911718,3.570038051973197e-05,22.209441833094527,31.728948441043727,nan,nan,nan
530.94,213.69610595703125,-230.9024658203125,-73.17113494873047,213.09683748832546,-230.9049995387018,-73.17283873483528,0.5992762469854337,0.30994608840906196,0.07449183373173493,3.5003545797208465e-05,22.1293748346616,32.366099384970525,nan,0.07185125495820624,nan
530.95,213.7047576904297,-230.89892578125,-73.17298126220703,213.0845827964975,-230.89109113407565,-73.17471627486952,0.620226806119411,0.3098858441447216,0.07448229942549996,3.5687202152118394e-05,22.118256636561174,32.80955309465031,4.220109401464699,nan,nan
530.96,213.71340942382812,-230.8953094482422,-73.1748046875,213.09293959998055,-230.88752428376915,-73.17681330870231,0.6205219139163765,0.3099315814040754,0.07450357839700306,3.499087354055285e-05,22.095648122767567,31.79580860466692,nan,0.027024801394250973,nan
530.97,213.7220458984375,-230.8916473388672,-73.17658996582031,213.10128660255637,-230.8838875495811,-73.17868593791219,0.620811332734519,0.3099774066470082,0.07452492555733545,3.56960376588253e-05,22.04704680364177,32.60401550808211,nan,nan,nan
530.98,213.73069763183594,-230.887939453125,-73.1783447265625,213.109644864788,-230.88020763291507,-73.1807651361891,0.6211056100893044,0.31002331335208727,0.0745463309569383,3.499937131196701e-05,22.034571269917276,32.86440602038388,nan,0.040391428623290704,nan
530.99,213.73934936523438,-230.8841552734375,-73.18006134033203,213.1179913262001,-230.8764572432907,-73.18257441886031,0.6214108044638044,0.31006930822228995,0.07456780459121141,3.570488522689739e-05,21.99022268885659,32.02340747668771,nan,nan,nan
531.0,213.7480010986328,-230.8803253173828,-73.18174743652344,213.10633372458628,-230.86422064866036,-73.18347209512261,0.6418717579997724,0.31000900890743593,0.07455821704382432,3.498670744555959e-05,22.131337264380463,32.75855851099289,3.9624078582948354,0.47829451082119584,nan
531.01,213.75665283203125,-230.87644958496094,-73.18339538574219,213.11464462920085,-230.8603478852758,-73.18520642101754,0.6422126416406291,0.3100548141570465,0.07457968091776399,3.569169696924933e-05,22.082249023832503,33.30556036415161,nan,nan,nan
531.02,213.76528930664062,-230.8725128173828,-73.18501281738281,213.12293786529523,-230.85639963819938,-73.18653932599221,0.6425553197744467,0.31010070102316206,0.07460120372504798,3.4995197040104325e-05,22.000906554677893,33.007293888040586,nan,0.09642947868093119,nan
531.03,213.77394104003906,-230.86851501464844,-73.18659973144531,213.13124794132148,-230.8524181303412,-73.18820675712914,0.6428966568237563,0.31014667577557065,0.07462279450145234,3.570053960689031e-05,21.95283197772695,32.4651656180039,nan,nan,nan
531.04,213.7825927734375,-230.86447143554688,-73.18815612792969,213.13953880136748,-230.84836075305208,-73.18943090983677,0.6432570171823936,0.3101927325374595,0.0746444447217057,3.500369805645528e-05,21.872137440916333,32.71134125307692,nan,0.12012576397500466,nan
531.05,213.79122924804688,-230.86036682128906,-73.18968200683594,213.12583527532382,-230.83078338944145,-73.19091991848569,0.6660524384771074,0.31013238406960963,0.0746348099817384,3.568735977229342e-05,21.532521963486964,32.89130935194457,6.404363780830737,nan,nan
531.0600000000001,213.7998809814453,-230.85621643066406,-73.19116973876953,213.13409203181862,-230.82659186351043,-73.19206059096688,0.6664482981009746,0.31017825104758306,0.07465645003897768,3.499102424062131e-05,21.457705238080727,33.23431101188524,nan,0.13053161411450606,nan
531.07,213.80853271484375,-230.85202026367188,-73.19263458251953,213.14236747948877,-230.82237150725956,-73.19359767041678,0.666825387257153,0.3102242056378661,0.07467815782799313,3.569619360114289e-05,21.40578973906557,33.273348738435224,nan,nan,nan
531.08,213.81716918945312,-230.84776306152344,-73.1940689086914,213.1505870070419,-230.8180350010602,-73.19385006446313,0.6672447911972078,0.3102702423825546,0.07469992570459179,3.4999520258353245e-05,21.326388398019645,32.87681047046429,nan,1.11431135548989,nan
531.09,213.82582092285156,-230.8434600830078,-73.19547271728516,213.15886134041384,-230.81371313682507,-73.19531826345143,0.6676226398712767,0.31031636692741077,0.07472176139581237,3.570503920379514e-05,21.27143072772054,32.981438911903226,nan,nan,nan
531.1,213.83445739746094,-230.839111328125,-73.19685363769531,213.1630675473052,-230.81794489645895,-73.19616112163614,0.6717237738089396,0.31025596302982006,0.07471206785976164,3.498685428483352e-05,22.76890488927936,33.57910282687389,12.308623988769252,0.2951252819632734,nan
531.11,213.84310913085938,-230.83470153808594,-73.19820404052734,213.17132014860977,-230.81356105027297,-73.19756983548038,0.6721218335339044,0.31030189740972286,0.07473389251356521,3.569184862320832e-05,22.715530193926266,33.01511972648969,nan,nan,nan
531.12,213.85174560546875,-230.83026123046875,-73.19952392578125,213.17965251542626,-230.80922107710077,-73.20084164908661,0.6724236359106708,0.3103479140811271,0.07475577786397589,3.499534162412087e-05,22.699357668993816,34.034808353356375,nan,2.520604819205588,nan
531.13,213.8603973388672,-230.8257598876953,-73.20082092285156,213.1879042358229,-230.80474068216196,-73.20221773493931,0.6728229571940743,0.3103940182878882,0.0747777308341249,3.5700688798462034e-05,22.65299611588393,33.21605027302177,nan,nan,nan
531.14,213.86903381347656,-230.8212127685547,-73.20209503173828,213.1961087433398,-230.80015945655688,-73.20244636918422,0.6732544210048947,0.3104402051710581,0.07479974497479984,3.500384016826504e-05,22.549267306892727,33.18646571270261,nan,0.8891742264685762,nan
531.15,213.87767028808594,-230.81661987304688,-73.20333862304688,213.2226706516062,-230.79797888119523,-73.20373260403109,0.655264958308336,0.3103797506718908,0.07478999646160757,3.568750619652252e-05,21.585843826731736,32.65562977056434,6.985391529950263,nan,nan
531.16,213.88632202148438,-230.81198120117188,-73.20455932617188,213.23101881327298,-230.79341551007002,-73.20647401045001,0.655568948009375,0.31042574720938443,0.07481199908606109,3.499116360290604e-05,21.633613377123673,32.56385489907963,nan,1.4871241273492046,nan
531.17,213.89495849609375,-230.8072967529297,-73.20575714111328,213.23930720582658,-230.78873931314806,-73.20775549196037,0.65591690510793,0.3104718310243188,0.07483406916217188,3.569633716012136e-05,21.587176625461876,32.60593794689377,nan,nan,nan
531.1800000000001,213.90359497070312,-230.8025665283203,-73.20692443847656,213.247571222398,-230.7839912653732,-73.20842281466923,0.6562883846793899,0.31051799764037014,0.07485620096967227,3.499965678242737e-05,21.486095905815546,32.686478278453265,nan,0.24661929097783408,nan
531.19,213.9122314453125,-230.7978057861328,-73.20807647705078,213.2558582209262,-230.7792250513828,-73.20965238835836,0.6566380562315647,0.310564251730726,0.07487840034744805,3.5705179727108004e-05,21.436376183374676,33.047919267944316,nan,nan,nan
531.2,213.92088317871094,-230.79298400878906,-73.20919799804688,213.25759319013505,-230.7786398092466,-73.2096481589721,0.6634452258102153,0.3105037413248867,0.07486858722043743,3.498698773952135e-05,22.40820480126576,32.702906153335825,6.545635603250153,0.8252597361192606,nan
531.21,213.9295196533203,-230.7881317138672,-73.2103042602539,213.26585838897327,-230.77380793070984,-73.21082035740628,0.6638160218877841,0.3105498046904774,0.07489077421186552,3.569198587861174e-05,22.356769034997125,33.132593978602955,nan,nan,nan
531.22,213.9381561279297,-230.78321838378906,-73.21138763427734,213.2740949711207,-230.7689022182902,-73.21124409714629,0.6642154719516877,0.31059595097260684,0.0749130234629989,3.49954719548921e-05,22.299390636436776,32.317270315502014,nan,0.373577765327424,nan
531.23,213.94679260253906,-230.7782745361328,-73.21244812011719,213.2823585516627,-230.76398436690187,-73.21236702771493,0.6645877093932782,0.3106421844826774,0.07493534015594597,3.570082274059116e-05,22.24688988098925,32.85869407310698,nan,nan,nan
531.24,213.95542907714844,-230.77328491210938,-73.21348571777344,213.29060087988987,-230.7590021069731,-73.2129256323606,0.6649818374123562,0.3106885012841665,0.07495771954809739,3.500396725828213e-05,22.204199221237147,32.71125480798037,nan,0.2088213779740382,nan
531.25,213.9640655517578,-230.7682647705078,-73.2145004272461,213.27751417050018,-230.7392680134763,-73.21407566692893,0.687163584196973,0.31062793882244855,0.0749478437809075,3.568763663673825e-05,21.667924373258373,33.76376251662015,6.986672390328023,nan,nan
531.26,213.97268676757812,-230.76319885253906,-73.21549987792969,213.2857066976711,-230.7341494344689,-73.21406541222177,0.6875954790656785,0.3106740646997975,0.07497021023625432,3.499128728403352e-05,21.668124518985362,33.49768392915936,nan,0.8079073492424395,nan
531.27,213.9813232421875,-230.75808715820312,-73.21647644042969,213.29393768468384,-230.72903242291528,-73.21509474935458,0.6880007204774506,0.31072027756673704,0.0749926440292671,3.5696464082745504e-05,21.6110780246605,33.21174861553599,nan,nan,nan
531.28,213.98995971679688,-230.7529296875,-73.21743774414062,213.30217785274863,-230.7238857404881,-73.2163816430967,0.6883956411258912,0.3107665738265448,0.07501514100540797,3.499977704276843e-05,21.538632635788268,32.76003059183693,nan,0.05395387320141756,nan
531.29,213.99859619140625,-230.747802734375,-73.21837615966797,213.31040730166708,-230.71872030536056,-73.21737642433969,0.6888038437091742,0.3108129572833299,0.07503770547095269,3.570530305322569e-05,21.478902523699592,33.154846759007995,nan,nan,nan
531.3,214.00721740722656,-230.74273681640625,-73.21929931640625,213.32687959527323,-230.72395511539415,-73.21733780474747,0.6805998370513681,0.3107523383373243,0.07502775903913299,3.4987104448270246e-05,22.381383820298133,33.13936783158072,4.862459948399547,0.7269938631788223,nan
531.3100000000001,214.01585388183594,-230.73776245117188,-73.22019958496094,213.33511327184078,-230.71893418261016,-73.21828695377984,0.6810036269739265,0.3107985304946424,0.07505030970006706,3.569210547849166e-05,22.31406560147975,33.63280227912606,nan,nan,nan
531.32,214.0244903564453,-230.7328643798828,-73.22108459472656,213.34333066153914,-230.71398195309436,-73.218763299993,0.6814253182963846,0.31084480613634835,0.075072923998492,3.499558512385976e-05,22.307076729990772,32.970200432139976,nan,0.1465491953424499,nan
531.33,214.03311157226562,-230.72805786132812,-73.22195434570312,213.3515630553519,-230.70913680992098,-73.21967361162312,0.6818149227184672,0.31089116874936074,0.07509560571763613,3.5700938634935565e-05,22.23934342158329,32.90468290101681,nan,nan,nan
531.34,214.041748046875,-230.72335815429688,-73.2228012084961,213.3598032806526,-230.70439298354034,-73.22081835824855,0.6822113115267395,0.31093761521068364,0.07511835148260967,3.500407684695688e-05,22.145799012073603,33.56019900108115,nan,0.04446683487203657,nan
531.35,214.0503692626953,-230.71873474121094,-73.2236328125,213.3526947514974,-230.68759508581596,-73.22161921368672,0.6983720042309339,0.31087694276236605,0.07510833487145473,3.568774873030653e-05,21.563341165645706,33.10871346556363,4.970689755904685,nan,nan
531.36,214.05899047851562,-230.71421813964844,-73.22444915771484,213.3609032056486,-230.68299496425297,-73.2223912737598,0.6987882097653428,0.3109231977059067,0.07513106621508886,3.499139321140309e-05,21.509852856805356,33.75966682340358,nan,0.005866722224626093,nan
531.37,214.067626953125,-230.70977783203125,-73.22525024414062,213.36911432120922,-230.67848852217284,-73.2232379318715,0.6992159661063154,0.31096953940347877,0.07515386493192716,3.5696572416012476e-05,21.444442521971578,32.95613526782353,nan,nan,nan
531.38,214.0762481689453,-230.70542907714844,-73.22603607177734,213.3772654815065,-230.67401065921433,-73.22220353634837,0.6996989371526039,0.3110159650264047,0.07517672810929014,3.499987934916211e-05,21.691628141913174,33.455486345268824,nan,2.4579005288529943,nan
531.39,214.0848846435547,-230.701171875,-73.22679901123047,213.38547630300857,-230.66968019875378,-73.22300139817794,0.700127255835082,0.31106247762185485,0.07519965884117176,3.5705407615243504e-05,21.617354516483232,33.817012487400156,nan,nan,nan
531.4,214.093505859375,-230.69700622558594,-73.22755432128906,213.40372221254268,-230.67691631310308,-73.22252860774222,0.6900944441288637,0.3110017480127238,0.07518956531560272,3.4987203081427396e-05,22.762512477903186,34.219170636294095,5.508319350108031,1.2374332817902052,nan
531.41,214.1021270751953,-230.6929168701172,-73.2282943725586,213.41194147183296,-230.67278755190165,-73.2232861184534,0.6904972405083586,0.31104806871968693,0.07521248075784016,3.569220621947756e-05,22.685030188689986,33.85359215898189,nan,nan,nan
531.42,214.1107635498047,-230.68890380859375,-73.22901153564453,213.42021823281974,-230.66879796054803,-73.22592145242899,0.6908448657620353,0.3110944734190959,0.07523546104916448,3.499568013924809e-05,22.19878998121129,33.380460144757855,nan,2.5278100033738027,nan
531.4300000000001,214.119384765625,-230.68496704101562,-73.22972106933594,213.42843711229864,-230.6648323155762,-73.22667028559451,0.6912476937300865,0.31114096488659465,0.07525850887806859,3.570103561849277e-05,22.13005003878747,33.02083337798939,nan,nan,nan
531.44,214.12802124023438,-230.68112182617188,-73.23041534423828,213.43665310774833,-230.6609430040049,-73.22730930239948,0.6916695215037278,0.31118754069936916,0.07528162193711417,3.5004168259146e-05,22.087885750330823,33.561572990661624,nan,0.00658772250888878,nan
531.45,214.1366424560547,-230.67733764648438,-73.23109436035156,213.4614615220829,-230.66544085183457,-73.22808032559979,0.6752924638461628,0.3111267561579748,0.07527145081413712,3.56878419325597e-05,22.041951773621594,32.538153642370894,2.7292786561442357,nan,nan
531.46,214.145263671875,-230.67364501953125,-73.23176574707031,213.469736760811,-230.66175001615065,-73.2297755968231,0.6756345605244721,0.31117313984544687,0.07529454790636042,3.4991481005482566e-05,21.8428805688027,32.876625718801236,nan,0.6859897134092738,nan
531.47,214.15390014648438,-230.67001342773438,-73.232421875,213.47798363265503,-230.65810662191,-73.2304828692435,0.6760241603933135,0.31121961010480353,0.07531771253694464,3.569666191238819e-05,21.78025877705127,32.22826481554034,nan,nan,nan
531.48,214.1625213623047,-230.6664581298828,-73.23306274414062,213.48625819500276,-230.65456229486432,-73.232152092363,0.6763683993406845,0.31126616476235247,0.07534094275173049,3.4999963597768114e-05,21.642543394936663,32.4935084762716,nan,0.669980426003663,nan
531.49,214.17115783691406,-230.66297912597656,-73.23368835449219,213.4945054426181,-230.65106332161642,-73.23284518222661,0.6767578296846438,0.3113128062212634,0.07536424071177135,3.5705493442253066e-05,21.58318065340353,32.71176732195358,nan,nan,nan
531.5,214.17977905273438,-230.65956115722656,-73.23430633544922,213.51581381937027,-230.65024235927316,-73.23386501298495,0.6640307717847647,0.3112519637489776,0.07535398626177765,3.498728379057674e-05,21.042996928945524,31.765504238223013,2.5091413484953993,0.08881381918445748,nan
531.51,214.18841552734375,-230.65621948242188,-73.23490905761719,213.5240876639813,-230.6468794614002,-73.23453853635415,0.6643936207688953,0.3112984127166467,0.07537726738296578,3.569228838642312e-05,20.985701535444402,32.114383155020604,nan,nan,nan
531.52,214.19703674316406,-230.65293884277344,-73.2354965209961,213.53238340700835,-230.64360382984734,-73.23601138278855,0.6647190871427642,0.31134494612590047,0.07540061441984777,3.499575738997815e-05,20.933782198484142,32.090583351662744,nan,0.46351134761789364,nan
531.53,214.20567321777344,-230.6497344970703,-73.23607635498047,213.54065764181902,-230.64037431625417,-73.23667155682314,0.6650817119062323,0.3113915661526107,0.07542402922819072,3.5701114213517275e-05,20.880318897040297,32.27300866245081,nan,nan,nan
531.54,214.21429443359375,-230.64657592773438,-73.23664093017578,213.54893736784888,-230.63721406911796,-73.2375173325315,0.6654235023009538,0.31143827096308385,0.07544751031011178,3.5004242103016026e-05,20.83803207782333,31.70805010429767,nan,0.0271449439245378,nan
531.55,214.22293090820312,-230.64349365234375,-73.23719787597656,213.54433413437422,-230.6260623164936,-73.23821960246804,0.6788213880289392,0.31137737214986766,0.07543717096002116,3.5687916983241196e-05,20.65438501775431,32.35038373713368,2.1308705251107374,nan,nan
531.5600000000001,214.23155212402344,-230.64047241210938,-73.23774719238281,213.55261647807902,-230.62302970672945,-73.2398885962746,0.6791630473719593,0.311423884214739,0.07546063447136236,3.499155147481711e-05,20.70064711072779,32.371340310393805,nan,0.7589347586425987,nan
531.57,214.2401885986328,-230.6374969482422,-73.23828125,213.56087289755666,-230.62003446113317,-73.24052154007009,0.6795438021821776,0.3114704827208399,0.07548416579460679,3.5696733512591695e-05,20.657637316896718,31.754782801316402,nan,nan,nan
531.58,214.2488250732422,-230.6345977783203,-73.23880767822266,213.56912388826768,-230.61709371097706,-73.24090989529127,0.6799297850115897,0.31151716604078156,0.07550776369362851,3.500003078203598e-05,20.58877254835511,32.35302299086443,nan,0.03892335138109642,nan
531.59,214.2574462890625,-230.63174438476562,-73.23931884765625,213.57738112188315,-230.61421664278882,-73.24152106071023,0.6802945708234178,0.3115639360417961,0.07553142963291792,3.570556165886662e-05,20.544519986052784,32.063657674525935,nan,nan,nan
531.6,214.26608276367188,-230.6289520263672,-73.23982238769531,213.58348603335918,-230.6062941036819,-73.24002332100663,0.6829727066788183,0.31150297844193287,0.07552100041676196,3.498734773625361e-05,19.916951507482008,31.825517542982315,1.540428440149399,2.947510812362108,nan
531.61,214.27471923828125,-230.626220703125,-73.24031829833984,213.59174515263723,-230.6035146012535,-73.24059472534985,0.6833514799394055,0.3115495553358095,0.07554464790643355,3.5692353269555796e-05,19.863929112775608,31.94261951689702,nan,nan,nan
531.62,214.28335571289062,-230.62353515625,-73.24079895019531,213.60003345540434,-230.60081469941912,-73.24239866332178,0.6837017520943172,0.31159621706480584,0.07556836225498931,3.499581818987389e-05,19.882158290052995,31.77750266238763,nan,1.088718733062037,nan
531.63,214.2919921875,-230.62091064453125,-73.24127197265625,213.6082933022327,-230.5981443267629,-73.24296469278177,0.6840799194844766,0.3116429653099352,0.07559214470461556,3.5701175861937964e-05,19.83582426879888,32.02504194818273,nan,nan,nan
531.64,214.30062866210938,-230.61834716796875,-73.24173736572266,213.62775392988812,-230.58199023293443,-73.24202495858081,0.6738563012219845,0.3111822065103961,0.07488215590012019,3.500236689151962e-05,24.11144463045067,36.64069863705056,nan,1.6287894775605711,0.24864904224613768
531.65,214.3092498779297,-230.61581420898438,-73.2421875,213.61653322105374,-230.57234916560017,-73.24257045859164,0.6940790469154495,0.3111209073409202,0.0748724155987499,3.5685999157047045e-05,24.533986150702198,36.652483692167266,4.265338624434051,nan,nan
531.66,214.31788635253906,-230.61322021484375,-73.24273681640625,213.62476954893333,-230.56977275745325,-73.24380964768787,0.6944780313021328,0.31116624175873603,0.07489311006272253,3.4989739313170064e-05,24.503327179945234,36.80728893757212,nan,0.3094305128511823,nan
531.67,214.32652282714844,-230.61056518554688,-73.2433853149414,213.633010283787,-230.56709227632504,-73.24448810573172,0.6948746345805008,0.3112116602226603,0.07491386929299954,3.569488013613601e-05,24.443687646261573,36.9886927216526,nan,nan,nan
531.6800000000001,214.33517456054688,-230.6078338623047,-73.2441177368164,213.6412403867903,-230.5644341524493,-73.24708792899251,0.6952963356471347,0.31125716277528087,0.07493468616215591,3.4998280246464055e-05,24.6031630435942,37.04918794050973,nan,2.3596883896662812,nan
531.69,214.34381103515625,-230.6050262451172,-73.24494171142578,213.6494822524089,-230.56161643723706,-73.24797025301667,0.6956910535832636,0.3113027496669612,0.0749555678978274,3.5703772031074913e-05,24.549561516470078,36.704880174061174,nan,nan,nan
531.7,214.35244750976562,-230.60215759277344,-73.245849609375,213.65912004880596,-230.5595063493344,-73.24675271364687,0.6946386919003265,0.31124141855095155,0.0749457901560659,3.4985658771175724e-05,24.328590225733493,36.98750878411902,0.0567490476700719,3.310810999989908,nan
531.71,214.361083984375,-230.59922790527344,-73.24685668945312,213.66736514406216,-230.5565559840563,-73.24779425451162,0.6950306477369126,0.31128681651319845,0.07496666286115719,3.569062731094744e-05,24.2696983439577,36.78115135165809,nan,nan,nan
531.72,214.36972045898438,-230.59622192382812,-73.24794006347656,213.67561596174107,-230.55350210264402,-73.24813071812363,0.6954179121683404,0.31133229850100413,0.07498759381081739,3.499418929680246e-05,24.18744559819295,36.729350264461395,nan,0.4454891648678514,nan
531.73,214.37835693359375,-230.59317016601562,-73.2491226196289,213.68386204634507,-230.55042077222328,-73.24934157753103,0.6958093898667462,0.3113778647789474,0.07500858948742756,3.569951195591707e-05,24.126180400137237,37.08200455011155,nan,nan,nan
531.74,214.38699340820312,-230.5900421142578,-73.25038146972656,213.69210400100073,-230.54730513670958,-73.25128890063478,0.6962029595763786,0.3114235153678755,0.07502964386729843,3.500273014554479e-05,24.088647235168573,36.90267257501356,nan,0.2976248841505335,nan
531.75,214.39564514160156,-230.58685302734375,-73.25172424316406,213.74639340670427,-230.5660936792511,-73.25253550554321,0.6495840391720085,0.31136215195150085,0.07501983227389741,3.568637329647455e-05,23.865838558484345,35.58988447893495,20.74749109355367,nan,nan
531.76,214.40428161621094,-230.58358764648438,-73.25315856933594,213.7547206573143,-230.562831636751,-73.25342027659521,0.6498925447744938,0.3114076133908946,0.07504087727778604,3.4990095328696626e-05,23.791253511686627,34.74101942611825,nan,0.2442794530561371,nan
531.77,214.4129180908203,-230.5802764892578,-73.25466918945312,213.76304410294549,-230.55953380815663,-73.25497115782541,0.6502050062253395,0.3114531590700429,0.07506198689337314,3.5695246830155215e-05,23.731212359605863,35.71928423441127,nan,nan,nan
531.78,214.4215545654297,-230.576904296875,-73.25626373291016,213.77136613915215,-230.55618361087357,-73.25681340278524,0.6505187457949251,0.311498788997165,0.07508315577344192,3.499862897060641e-05,23.67667409730406,35.62480689223976,nan,0.030655702869368393,nan
531.79,214.43020629882812,-230.57347106933594,-73.25794219970703,213.77968978876996,-230.5527635937585,-73.25853148986157,0.6508462772928295,0.3115445034562672,0.075104389397909,3.5704131007796864e-05,23.618459650329047,35.30214437386118,nan,nan,nan
531.8,214.4388427734375,-230.56997680664062,-73.25969696044922,213.78036824701766,-230.54090108516095,-73.25996501588588,0.6591162047599117,0.31148310712375515,0.07509453494299832,3.498599976293329e-05,22.91247765057851,35.55120060694948,3.618976080149048,0.08382819678949237,nan
531.8100000000001,214.44747924804688,-230.56642150878906,-73.26152801513672,213.78868680509902,-230.53733759176362,-73.26184077759913,0.6594341930284668,0.3115286322141934,0.07511575847593653,3.5690978124603216e-05,22.852410779086473,35.54832440814047,nan,nan,nan
531.82,214.45611572265625,-230.56280517578125,-73.26342010498047,213.79700673060046,-230.5337071995582,-73.26358088905653,0.6597509996056078,0.3115742414895157,0.07513704180434244,3.499452254823513e-05,22.790082479825543,35.27306759923573,nan,0.029764706838079486,nan
531.83,214.4647674560547,-230.5591278076172,-73.26531982421875,213.80532496677864,-230.53002709772343,-73.26555951815439,0.6600843169111739,0.31161993524449666,0.07515838979780949,3.5699854617417075e-05,22.732142418842983,35.07421849891542,nan,nan,nan
531.84,214.47340393066406,-230.55540466308594,-73.2672119140625,213.81363757691898,-230.52631933898604,-73.26828777470412,0.6604080216716024,0.3116657134707136,0.07517979801420657,3.500305547252914e-05,22.701966372096667,35.4695383663963,nan,0.3976766197479683,nan
531.85,214.48204040527344,-230.55162048339844,-73.26907348632812,213.83519755618093,-230.52579788318167,-73.27035768231484,0.6473593494060313,0.31160428386150424,0.07516990254601673,3.568670744076944e-05,22.18961334791016,35.11447246219135,3.254262916216126,nan,nan
531.86,214.4906768798828,-230.54779052734375,-73.27090454101562,213.84353555641707,-230.52197807084008,-73.27313332346979,0.6476597431668727,0.311649872490291,0.07519130025255777,3.499041240731056e-05,22.222497545876987,35.6155288418161,nan,0.49196083268442925,nan
531.87,214.4993133544922,-230.54388427734375,-73.27269744873047,213.85187937484443,-230.51807094011656,-73.2750513667011,0.647952642799727,0.3116955455447654,0.07521276256680905,3.5695572508403826e-05,22.176099169433435,34.74534779931804,nan,nan,nan
531.88,214.50794982910156,-230.53994750976562,-73.27446746826172,213.86022297847805,-230.51410916787802,-73.27693629569559,0.648246703068403,0.31174130309003545,0.07523428755367959,3.6415035129820964e-05,22.12528134470464,35.35147225817349,nan,nan,nan
531.89,214.5166015625,-230.5359344482422,-73.27619171142578,213.86856642097115,-230.51009350779836,-73.27878791351951,0.648555347772764,0.31178714527060136,0.07525587535766959,3.7148944771761974e-05,22.080811595446878,34.55428328235651,nan,nan,nan
531.9,214.52523803710938,-230.53189086914062,-73.27788543701172,213.86144546243304,-230.49650645136242,-73.2797421135823,0.6647376072292202,0.311725681698078,0.07524593117760824,3.634332553698381e-05,21.738617065533393,35.864445634218605,2.9232781696553927,0.5357220983652027,nan
531.91,214.53387451171875,-230.52777099609375,-73.27954864501953,213.8697657047323,-230.49236469915093,-73.2815193195697,0.6650548826513254,0.3117713340515159,0.07526750775120242,3.707495242519673e-05,21.689161659929002,34.49502857949487,nan,nan,nan
531.92,214.54251098632812,-230.52362060546875,-73.28118133544922,213.87809425000037,-230.48813181021552,-73.28214461042971,0.6653645481986811,0.31181707074449466,0.07528914536287745,3.629585870664367e-05,21.54770908170435,35.32173196078098,nan,0.8219168450558726,nan
531.9300000000001,214.5511474609375,-230.5194091796875,-73.28277587890625,213.88641366167246,-230.48388630941477,-73.28384677618551,0.6656831416062191,0.31186289210459056,0.07531084785663027,3.7026206146525076e-05,21.49230028500372,35.03967111020302,nan,nan,nan
531.94,214.55978393554688,-230.51515197753906,-73.28433990478516,213.89475176432532,-230.47950753248185,-73.2830782231354,0.665987918106385,0.31190879809192823,0.07533261179954662,3.624977147460441e-05,21.443853016393994,35.20050953398788,nan,3.9125473691430304,nan
531.95,214.56842041015625,-230.51083374023438,-73.28587341308594,213.91864662035013,-230.4796854483833,-73.28469797897779,0.6505210032347835,0.31184730019523926,0.07532261964588029,3.695539697476157e-05,20.94302552557706,34.162044783321434,3.175660114668243,nan,nan
531.96,214.57705688476562,-230.5064697265625,-73.2873764038086,213.92698335217634,-230.47533779325394,-73.28775719423219,0.6508186690976163,0.311893016118684,0.0753443718835544,3.618255214651183e-05,20.84899763359305,34.25542008915428,nan,1.4308690812915617,nan
531.97,214.585693359375,-230.50205993652344,-73.28884887695312,213.93533128142047,-230.4708932265472,-73.2893290721542,0.6511086137039683,0.31193881665087775,0.07536618897394035,3.6909632899249e-05,20.7903478585023,34.38135673876888,nan,nan,nan
531.98,214.59432983398438,-230.4976043701172,-73.29029083251953,213.943680272545,-230.4663941491946,-73.29068613040246,0.6513977939413765,0.31198470174866694,0.07538806796057855,3.613933807162007e-05,20.727303340071753,34.51262541623579,nan,0.02288727783314738,nan
531.99,214.60296630859375,-230.49310302734375,-73.29170227050781,213.9520272796712,-230.4618527722651,-73.2921991532067,0.6516889171295843,0.31203067174510507,0.07541001197959196,3.686534679731593e-05,20.66839840102961,34.63941119179643,nan,nan,nan
532.0,214.61160278320312,-230.48855590820312,-73.2930908203125,213.9707608038791,-230.45713605148606,-73.29227571289378,0.6416122772049769,0.3119691387811997,0.07539996522974159,3.607520216274985e-05,19.928818874936738,34.17568431305219,3.974007880246297,1.4301158489089048,nan
532.01,214.62022399902344,-230.48394775390625,-73.29444885253906,213.97913141809428,-230.45248927301446,-73.29372078877745,0.6418643652823108,0.31201491847346885,0.07542189680509498,3.679929631805515e-05,19.86383990063319,33.71037353978473,nan,nan,nan
532.02,214.6288604736328,-230.47930908203125,-73.2957763671875,213.98748641386072,-230.44785194200517,-73.29704149900283,0.6421462736524002,0.3120607826696285,0.0754438906957729,3.6034886309792866e-05,19.83198717633724,34.444442228805244,nan,2.407000178271926,nan
532.03,214.6374969482422,-230.47462463378906,-73.29708099365234,213.99585604158952,-230.4431133658581,-73.29845339880424,0.642415672748242,0.3121067317040461,0.07546594962270053,3.675804416454656e-05,19.777246078805266,34.20099680404494,nan,nan,nan
532.04,214.64613342285156,-230.46987915039062,-73.2983627319336,214.00422625790543,-230.43832556273313,-73.29969669981519,0.6426836054961652,0.3121527655310469,0.0754880712468692,3.599599974939574e-05,19.716207613141506,33.18714502140471,nan,0.013693691014588508,nan
532.05,214.65475463867188,-230.46510314941406,-73.29961395263672,214.00512581919259,-230.4308540803592,-73.30104187281678,0.6505325824163,0.3120911971153053,0.07547796940655412,3.669520820840764e-05,19.85527433576491,34.45148263124706,0.6070860101252333,nan,nan
532.0600000000001,214.66339111328125,-230.4602813720703,-73.30084228515625,214.013463899994,-230.42603429996592,-73.30441342340015,0.6508386878078166,0.3121370403931824,0.07550007804522685,3.593641642039569e-05,20.09427882221444,34.311676043202354,nan,2.7730189395976237,nan
532.07,214.67202758789062,-230.45541381835938,-73.30204772949219,214.02181774961443,-230.4211155365667,-73.3057456582304,0.651124320389003,0.31218296844736926,0.07552225174302775,3.6656979901696355e-05,20.05267660791352,34.076430055283645,nan,nan,nan
532.08,214.68064880371094,-230.45050048828125,-73.30323028564453,214.03015817007244,-230.41619591643607,-73.30866903275859,0.6514172611092419,0.3122289812326753,0.07554448852075799,3.590042834715853e-05,20.443329835171365,34.45338973571918,nan,1.7473757868516504,nan
532.09,214.6892852783203,-230.445556640625,-73.30438232421875,214.03851078042786,-230.4111916038975,-73.30997123047136,0.6517051777679552,0.31227507908326296,0.07556679056419398,3.66202350490791e-05,20.411792164289757,35.12414239794445,nan,nan,nan
532.1,214.69790649414062,-230.44056701660156,-73.3055191040039,214.06437077397962,-230.42286104624276,-73.31042623357557,0.6338020905826244,0.3122134744373669,0.07555662801187614,3.584388044264716e-05,21.255307591591755,34.27187640667825,10.882694813117855,0.43531438917951965,nan
532.11,214.70654296875,-230.43553161621094,-73.30662536621094,214.07273946008175,-230.4178179966197,-73.31167593247045,0.634071106532028,0.31225938148866705,0.07557891632558955,3.6562090045376815e-05,21.223027400804103,34.1671078826189,nan,nan,nan
532.12,214.7151641845703,-230.43045043945312,-73.3077163696289,214.08111552275915,-230.4127095269901,-73.31190427646214,0.6343106368989818,0.3123053732094253,0.07560126807839385,3.5810753842691264e-05,20.95673465875317,33.55431962582505,nan,0.673824766964721,nan
532.13,214.72378540039062,-230.4253387451172,-73.30878448486328,214.08948293444953,-230.407584610015,-73.31310161940488,0.6345655720749629,0.31235144993170016,0.07562368514641502,3.6528323191294155e-05,20.917625878240987,34.02365687415398,nan,nan,nan
532.14,214.732421875,-230.42018127441406,-73.30982971191406,214.09784272708106,-230.402439742441,-73.3151402258925,0.6348493195152659,0.312397611612951,0.07564616601148964,3.5779026420414444e-05,21.138046043795754,33.80029667273005,nan,0.5015837049539353,nan
532.15,214.7410430908203,-230.41497802734375,-73.31085205078125,214.11903256823157,-230.4092022049883,-73.31635307704326,0.6220616622368975,0.31233597032194393,0.0756359413201704,3.647326912312526e-05,21.900099893804253,33.689064264632975,5.416337105426714,nan,nan
532.16,214.74966430664062,-230.4097442626953,-73.31185913085938,214.12740953891208,-230.40399425076995,-73.31768136122682,0.6223085705375621,0.31238194095086613,0.07565840785361504,3.572686759845876e-05,21.961464443169078,33.93454411554481,nan,0.02241212146306652,nan
532.17,214.75828552246094,-230.40447998046875,-73.3128433227539,214.13578735801661,-230.3987434446864,-73.3188103249812,0.6225531926630161,0.31242799651613945,0.07568093976655611,3.644241640088141e-05,21.930946126004123,34.39017787059741,nan,nan,nan
532.1800000000001,214.76690673828125,-230.399169921875,-73.31380462646484,214.1441490383742,-230.393496415353,-73.32188899270322,0.6228360124842307,0.31247413697874243,0.07570353580556255,3.569792341524942e-05,22.727222824485665,34.93401616662908,nan,2.6285030373762055,nan
532.19,214.77552795410156,-230.39381408691406,-73.31475067138672,214.15252541363404,-230.38816975802933,-73.32300007934165,0.6230827205188373,0.3125203626659211,0.07572619745258366,3.6412983149011146e-05,22.70912215961659,34.33939764995098,nan,nan,nan
532.2,214.78414916992188,-230.388427734375,-73.315673828125,214.13747700113487,-230.38005613090888,-73.32384118563483,0.6467779242962592,0.31245868392772197,0.07571590574685141,3.564862832311757e-05,23.944837237336348,35.46990531323673,11.757495688137784,0.03977324236736498,nan
532.21,214.7927703857422,-230.38307189941406,-73.31658172607422,214.14580144568765,-230.374698473496,-73.32491398172972,0.6470767729884933,0.3125047183030097,0.07573855230775395,3.636235781364325e-05,23.922556028611844,35.56229168452144,nan,nan,nan
532.22,214.8013916015625,-230.37777709960938,-73.31747436523438,214.15412400287093,-230.3693885358698,-73.32610707315399,0.6473795146307845,0.3125508375136265,0.07576126330418852,3.562238782842529e-05,24.042937617757044,35.34701589237236,nan,0.012889030740142521,nan
532.23,214.8100128173828,-230.37257385253906,-73.31834411621094,214.16244692007365,-230.36415107733617,-73.32714717712608,0.6476804986885253,0.3125970418820796,0.07578403999367753,3.633572593258636e-05,24.01920249862309,35.828028881281654,nan,nan,nan
532.24,214.81863403320312,-230.36744689941406,-73.31919860839844,214.170775807349,-230.3589870797383,-73.32733190664854,0.6479645051206294,0.31264333137600875,0.07580688145735752,3.559746115888769e-05,23.682317425803667,34.60429962456772,nan,0.48006732053403695,nan
532.25,214.82725524902344,-230.3624267578125,-73.32003784179688,214.1957454010309,-230.36136302520038,-73.32838984191602,0.6315659708570529,0.31258161474063934,0.0757965206216249,3.6287963632065785e-05,23.59075390713688,34.65141638787748,2.725791133536894,nan,nan
532.26,214.8358612060547,-230.35751342773438,-73.32086181640625,214.20408826667278,-230.3564338109539,-73.33025786739242,0.6318437293206112,0.31262771266164824,0.07581934634345712,3.5552238700310306e-05,24.085639085578247,35.68843889997723,nan,0.5341246843452464,nan
532.27,214.844482421875,-230.35267639160156,-73.32166290283203,214.2124373493658,-230.35158600446346,-73.33123535056433,0.6321184971054403,0.3126738956725214,0.075842237854435,3.626403386084265e-05,24.067153414561734,34.79054025272451,nan,nan,nan
532.28,214.8531036376953,-230.3479461669922,-73.32245635986328,214.22078598287325,-230.34683407639528,-73.33219766011601,0.6323936640066689,0.31272016383170054,0.07586519484098099,3.6990170504891615e-05,24.04244295913253,34.940904901606196,nan,nan,nan
532.29,214.86170959472656,-230.3433074951172,-73.32322692871094,214.2291341268352,-230.3421766959326,-73.33314504095104,0.6326542264422091,0.3127665172836857,0.0758882174475953,3.7730793132657213e-05,24.020482964465124,35.2542363880748,nan,nan,nan
532.3,214.87033081054688,-230.33877563476562,-73.32398223876953,214.24770900788107,-230.34352591521338,-73.33586963632706,0.6227533898260523,0.31270476192803476,0.07587778311572166,3.688459950429469e-05,25.319836662372314,36.68836186268755,1.4054501286778542,2.242047165737809,nan
532.3100000000001,214.8789520263672,-230.33432006835938,-73.3247299194336,214.2560717193902,-230.33906453111973,-73.33680507426685,0.6230154059980135,0.31275092353862827,0.07590078921187729,3.7622272354681485e-05,25.30239170758867,35.72596048860619,nan,nan,nan
532.32,214.88755798339844,-230.32994079589844,-73.32545471191406,214.26445770028872,-230.33464459122354,-73.33457235487815,0.6231847397963913,0.312797170143422,0.07592386060717465,3.680522187349589e-05,23.624455069823757,33.958331692458785,nan,6.339611159357238,nan
532.33,214.89617919921875,-230.32566833496094,-73.32616424560547,214.27282006925032,-230.33036053900622,-73.33544866559743,0.6234459256009247,0.3128435020627509,0.07594699817788544,3.7541004322851415e-05,23.599489230713118,34.634374799756415,nan,nan,nan
532.34,214.90480041503906,-230.32147216796875,-73.32686614990234,214.28117031756616,-230.32618658703538,-73.33796283901903,0.6237466318390377,0.31288991926729026,0.07597020137413227,3.6728702088328716e-05,24.594938807633515,34.970975344672084,nan,1.745209729249697,nan
532.35,214.9134063720703,-230.31736755371094,-73.32755279541016,214.29235501992014,-230.31547400415818,-73.3388349419278,0.6211567067717415,0.312828124717257,0.0759596910026899,3.743888253583736e-05,23.580378281913983,35.29046764533914,5.826077107570063,nan,nan
532.36,214.92202758789062,-230.31333923339844,-73.3282241821289,214.30073744462132,-230.31140857365438,-73.33904202380079,0.6213873150210582,0.3128743498119422,0.07598287698729993,3.663220881257775e-05,23.31377821861767,34.56646856702705,nan,0.2685770420102824,nan
532.37,214.93064880371094,-230.30938720703125,-73.3288803100586,214.30911518871895,-230.30743316532914,-73.33987623797135,0.621633946366064,0.3129206601499267,0.07600612926118573,3.736362183538902e-05,23.294635407351986,34.414092542024235,nan,nan,nan
532.38,214.9392547607422,-230.30552673339844,-73.32952880859375,214.31749030743887,-230.30354198291394,-73.34106540737143,0.6218746398892718,0.31296705571075906,0.07602944741455776,3.656140350093214e-05,23.63591983914037,35.37831315442657,nan,0.08713127413301668,nan
532.39,214.9478759765625,-230.30172729492188,-73.33015441894531,214.32586818756025,-230.29972401128467,-73.34187882516692,0.6221215029446037,0.3130135368018259,0.07605283211459939,3.729125592799996e-05,23.62220643200428,34.70643787611765,nan,nan,nan
532.4,214.9564971923828,-230.2980194091797,-73.33078002929688,214.3298356967555,-230.29967609035668,-73.34398628092165,0.626802823682494,0.3129517022230124,0.0760422416996565,3.647079707846331e-05,25.459562583182272,36.28541736499625,3.238963758913514,1.2146878406409882,nan
532.41,214.96510314941406,-230.29437255859375,-73.33138275146484,214.33819942287815,-230.2960264335938,-73.34478880686531,0.6270492324917819,0.3129979909269825,0.07606560839977031,3.7198277417781345e-05,25.44916962804102,36.21530359320174,nan,nan,nan
532.42,214.97372436523438,-230.29080200195312,-73.33197784423828,214.34656480674005,-230.29244811075952,-73.34540863118151,0.627305513703583,0.31304436479069414,0.07608904121919922,3.640553228465463e-05,25.513541131289557,36.07578116120077,nan,0.01917681557281202,nan
532.4300000000001,214.9823455810547,-230.2873077392578,-73.33255767822266,214.35492944051117,-230.2889437173037,-73.34618724973345,0.6275662953491496,0.31309082411244465,0.07611254071200621,3.713165890352474e-05,25.502016830399732,36.38927423252775,nan,nan,nan
532.44,214.990966796875,-230.28387451171875,-73.3331298828125,214.3633082784028,-230.28548850306643,-73.34499038086459,0.6277726437117453,0.31313736888508376,0.07613610663754318,3.634293387909603e-05,24.311650644030706,34.655962532118735,nan,2.523956912191357,nan
532.45,214.9995880126953,-230.280517578125,-73.33369445800781,214.40070568021693,-230.2866114521587,-73.34564869213114,0.5990326261306319,0.31307549376054933,0.07612543327203519,3.704456245425038e-05,22.99919265072281,34.13311962702046,14.760901361798505,nan,nan
532.46,215.00819396972656,-230.2772216796875,-73.33424377441406,214.40914715025272,-230.2832805353274,-73.34408440382329,0.5991582759509876,0.313121845869782,0.0761489804520001,3.626069362083015e-05,21.752309182704483,32.958209048578496,nan,3.4459620443153236,nan
532.47,215.01681518554688,-230.27398681640625,-73.33477783203125,214.4175733293665,-230.28003932363825,-73.34477788041033,0.5993558509015241,0.3131682833640163,0.07617259443799346,3.698348278255613e-05,21.72745923512413,32.60207432321518,nan,nan,nan
532.48,215.0254364013672,-230.2708282470703,-73.3353042602539,214.42600158537385,-230.27686087068255,-73.34522925688542,0.59954732651455,0.31321480624526155,0.07619627507949868,3.620335521433262e-05,21.684995131274626,33.0305171230251,nan,0.03560451034596512,nan
532.49,215.0340576171875,-230.26773071289062,-73.33582305908203,214.43442865619585,-230.2737484213672,-73.34590126653583,0.5997438402690924,0.3132614147983614,0.07622002279587341,3.6925062184203766e-05,21.65588312113982,32.81191788253621,nan,nan,nan
532.5,215.0426788330078,-230.2646942138672,-73.3363265991211,214.44789822058368,-230.2633926193498,-73.34604158539291,0.5948613721046053,0.31319949829630067,0.0762092627546086,3.6126462749495867e-05,20.325677190940738,32.51779690779372,8.084298683722828,0.2152560409907509,nan
532.51,215.05130004882812,-230.26171875,-73.33682250976562,214.4563468373029,-230.26037379569328,-73.34669049622876,0.5950365618708652,0.31324591390100026,0.0762329909188328,3.6846271976858975e-05,20.296937471266954,32.44156349604036,nan,nan,nan
532.52,215.05992126464844,-230.2587890625,-73.33731079101562,214.4647963803418,-230.25741470943785,-73.34729277959947,0.5952101787296836,0.31329241482799375,0.0762567859501519,3.607416937029831e-05,20.359028323483617,31.778415996355694,nan,0.000943860445766004,nan
532.53,215.06854248046875,-230.2559356689453,-73.3377914428711,214.47324632667477,-230.25451475479218,-73.34792366720075,0.5953840707382122,0.3133390013530111,0.07628064819748442,3.679306586944831e-05,20.3281115934822,32.580812429030594,nan,nan,nan
532.54,215.07717895507812,-230.2531280517578,-73.3382568359375,214.48171514692154,-230.2516509487741,-73.34573760365785,0.595512628365887,0.31338567349147334,0.07630457761582038,3.602429527542754e-05,19.034642159167678,30.63565523000498,nan,5.251149074845273,nan
532.55,215.08580017089844,-230.25038146972656,-73.33871459960938,214.51707638377812,-230.26509825577563,-73.34636336064193,0.5689655818882418,0.3133237150541657,0.0762937277602002,3.671954907288914e-05,19.3519664019235,30.865286544582247,8.011918590045042,nan,nan
532.5600000000001,215.09442138671875,-230.24757385253906,-73.33926391601562,214.52556541118216,-230.26234253475516,-73.34746782680446,0.5691067905326032,0.31337019396028,0.07631763684110678,3.595491799644171e-05,19.579300711726574,31.49997540183277,nan,0.15010220350021822,nan
532.57,215.10304260253906,-230.24468994140625,-73.33991241455078,214.53405822033886,-230.25951627414727,-73.34819729127037,0.569237811913921,0.3134167583898448,0.07634161328252356,3.667131814727449e-05,19.52898960502826,30.848891777558453,nan,nan,nan
532.58,215.11167907714844,-230.2417449951172,-73.34064483642578,214.5425522508593,-230.25662308130381,-73.34893573905596,0.5693816302946063,0.31346340836723774,0.07636565709331404,3.590976149175417e-05,19.521670246774715,31.029585821565984,nan,0.004755773055476741,nan
532.59,215.12030029296875,-230.2387237548828,-73.34147644042969,214.55104637016686,-230.2536648097715,-73.3498497113467,0.5695115235114899,0.31351014415497147,0.07638976854175718,3.662546789168325e-05,19.472382404797948,30.535756125045243,nan,nan,nan
532.6,215.12892150878906,-230.2356414794922,-73.34239196777344,214.57767850131694,-230.25562544955096,-73.34889910056617,0.5516435036537675,0.313448142956142,0.07637882532496505,3.5845128343288586e-05,18.2491505123005,29.917963402401575,3.859848437279341,2.5409402838848405,nan
532.61,215.13755798339844,-230.23251342773438,-73.34339141845703,214.5862079383349,-230.25253935982477,-73.34997484715079,0.5517528900522644,0.31349468521923085,0.07640291560886625,3.655931897314796e-05,18.202194755378155,30.58411188975275,nan,nan,nan
532.62,215.14617919921875,-230.22930908203125,-73.344482421875,214.5947493507007,-230.24937961618122,-73.34924059207748,0.5518154984787667,0.3135413129636233,0.07642707345160929,3.5804453442724576e-05,17.598494575945143,29.567276509084895,nan,2.430967947454744,nan
532.63,215.15481567382812,-230.2260284423828,-73.34566497802734,214.60327952741213,-230.24616724362113,-73.35047448721693,0.5519246538227571,0.3135880264431166,0.07645129908158788,3.6518086507213914e-05,17.551554874916395,28.433034375700398,nan,nan,nan
532.64,215.16343688964844,-230.2227020263672,-73.34693145751953,214.61179773496306,-230.2429028381543,-73.3538493342507,0.552052250060917,0.31363482569496776,0.076475592567542,3.5765920784565444e-05,18.205587820236943,30.209182494865093,nan,2.850218047888476,nan
532.65,215.1720733642578,-230.2193145751953,-73.34827423095703,214.61277423899034,-230.23854602578865,-73.35521233215964,0.559672669928755,0.3135727811392602,0.0764645527170665,3.645656044773406e-05,18.497822678785568,30.17297737279821,1.1533287785798683,nan,nan
532.66,215.18069458007812,-230.2158660888672,-73.3497085571289,214.65300174423888,-230.23523365450097,-73.35678626304846,0.5280955647567294,0.30736123543940597,0.07648878376028495,3.5706445663935755e-05,23.231643187477705,34.97884406790097,nan,0.0015214703771202684,0.1606954348261265
532.67,215.1893310546875,-230.2123565673828,-73.35122680664062,214.6615306952844,-230.23175785842727,-73.35838250707471,0.5282052948702216,0.30740270202579423,0.07651314257065568,3.6418220908527205e-05,23.168677790896947,34.543598872828134,nan,nan,nan
532.6800000000001,215.1979522705078,-230.2087860107422,-73.35282135009766,214.67018693303856,-230.22821766064357,-73.35862287274158,0.5281548050684634,0.30744424066263765,0.07653756316072198,3.567209682810242e-05,22.63937090790818,34.39392783374353,nan,1.4067382624357645,nan
532.69,215.2065887451172,-230.2051544189453,-73.35449981689453,214.67871586058445,-230.2246242315039,-73.36037026327506,0.5282644394303758,0.3074858745300985,0.07656204571371877,3.638348891622338e-05,22.57788184361533,33.826490142852755,nan,nan,nan
532.7,215.21522521972656,-230.20147705078125,-73.35625457763672,214.6870365931442,-230.23095858157384,-73.36079075960052,0.5290302097760072,0.30742141480006807,0.07655090404289717,3.561822887770012e-05,23.72998964436739,34.33046018041794,15.130063216647251,1.3639828292610199,nan
532.71,215.22384643554688,-230.19773864746094,-73.35809326171875,214.6955384721158,-230.2272857874497,-73.36268560254807,0.5291535006975743,0.307462879914483,0.0765753597583607,3.632840808023428e-05,23.66778296192041,34.25072634198543,nan,nan,nan
532.72,215.23248291015625,-230.19393920898438,-73.3599853515625,214.70405748958646,-230.22355586576452,-73.36445267728432,0.5292735856457382,0.3075044178283335,0.07659987748636998,3.5587770190944086e-05,23.584866995739937,33.855930241558035,nan,0.026518191002458776,nan
532.73,215.24110412597656,-230.19009399414062,-73.36189270019531,214.71255987233346,-230.2197705373253,-73.36644974942591,0.529396346768873,0.30754605012715147,0.07662445739454685,3.629767334037794e-05,23.530210899861714,34.39348898633585,nan,nan,nan
532.74,215.24974060058594,-230.18618774414062,-73.36377716064453,214.7210726359416,-230.21592964086713,-73.36832185981565,0.5295234192673984,0.3075877558984776,0.07664909960704584,3.555916546960873e-05,23.47497955519635,34.07455015005804,nan,0.010489174152168237,nan
532.75,215.25836181640625,-230.18222045898438,-73.36564636230469,214.72449890251647,-230.19597339446688,-73.37020437030422,0.5340594812361198,0.30752337991836365,0.07663786296478688,3.624655834596628e-05,21.432589367501055,33.396833554666934,25.934947660250444,nan,nan
532.76,215.26699829101562,-230.17820739746094,-73.36747741699219,214.73306180021626,-230.19197199447683,-73.37173476689733,0.5341308504162278,0.30756491716017437,0.0766624777559221,3.55109631306646e-05,21.30331177036526,33.53922994472243,nan,0.11892777028354766,nan
532.77,215.27561950683594,-230.17413330078125,-73.36927795410156,214.74159012257056,-230.1879183543451,-73.37364631951897,0.5342251337938341,0.3076065479664929,0.07668715494325105,3.621956950046095e-05,21.253445196983062,33.332775300741275,nan,nan,nan
532.78,215.2842559814453,-230.17001342773438,-73.37104034423828,214.75021477405338,-230.18381008931814,-73.37433386571418,0.534229544622166,0.30764825295375986,0.07671189466100597,3.548589980144876e-05,20.96623895441994,33.176252477951856,nan,0.9741322945122277,nan
532.79,215.29287719726562,-230.1658477783203,-73.37277221679688,214.75874253635362,-230.1796519504122,-73.37616735814787,0.5343237952211329,0.3076900514243006,0.07673669706215222,3.619436270973814e-05,20.911184233286054,33.60419030139017,nan,nan,nan
532.8,215.301513671875,-230.16162109375,-73.37447357177734,214.77546159000684,-230.17621445882477,-73.37819785559631,0.526267640494828,0.3076257470798056,0.0767253627410733,3.689404987541863e-05,20.453228467500885,32.674692874101176,4.621408836222103,nan,nan
532.8100000000001,215.3101348876953,-230.1573486328125,-73.37613677978516,214.7840107047554,-230.1719496971007,-73.37996930479311,0.5263407025876748,0.30766737646933995,0.07675013711540812,3.763038426911806e-05,20.400311389181446,33.30741774592786,nan,nan,nan
532.82,215.31875610351562,-230.1530303955078,-73.37776184082031,214.79252648990595,-230.1676352539626,-73.38212908261104,0.5264503594177974,0.30770907999264685,0.0767749742407982,3.68114574984308e-05,20.4603741224091,33.730614297538516,nan,0.11283893348566945,nan
532.83,215.327392578125,-230.14866638183594,-73.37936401367188,214.80107491664924,-230.1632709835333,-73.38384036879106,0.5265392795672535,0.30775087694534714,0.07679987426498107,3.754596179983267e-05,20.40906209960886,33.24149761039709,nan,nan,nan
532.84,215.3360137939453,-230.1442413330078,-73.38092803955078,214.80966361912363,-230.15885746045547,-73.3849920200016,0.5265687549157193,0.30779274872721524,0.07682483733003201,3.673209310164274e-05,20.25889969089659,32.991747085376566,nan,0.1786361822272683,nan
532.85,215.3446502685547,-230.1397705078125,-73.38246154785156,214.81845111148453,-230.15179188805473,-73.38669829343938,0.5263535090577846,0.30772851497581094,0.07681340262340083,3.744113471540776e-05,19.882042928982475,32.72655487310564,1.1408092744199703,nan,nan
532.86,215.353271484375,-230.13525390625,-73.38396453857422,214.82710273511265,-230.14727273208095,-73.38702340853747,0.5263148882181811,0.30777021789133346,0.07683833704298695,3.6633170177782144e-05,19.591354743207607,32.868720298784254,nan,1.0711359691609836,nan
532.87,215.3618927001953,-230.1306915283203,-73.38543701171875,214.835657107562,-230.14270683770843,-73.38859677577362,0.5263822287299351,0.3078120133759311,0.07686333457448519,3.7363431766176856e-05,19.536451916219676,32.88317473517388,nan,nan,nan
532.88,215.37051391601562,-230.12608337402344,-73.38688659667969,214.8442891272402,-230.1380942124752,-73.38907974198413,0.5263664108284212,0.3078538844239294,0.0768883953621675,3.656017646929362e-05,19.334238822511637,32.531812877124544,nan,0.7281230140960684,nan
532.89,215.379150390625,-230.12142944335938,-73.38829803466797,214.8528425405846,-230.13343548682556,-73.3905857057124,0.526449742646607,0.30789584794782127,0.07691351955056715,3.728894192840884e-05,19.27762091685064,32.42999937819578,nan,nan,nan
532.9,215.3877716064453,-230.11672973632812,-73.38968658447266,214.86155513770063,-230.12976143282708,-73.3919927221658,0.5263828600579807,0.3078316756930948,0.0769019817386794,3.6467738417162995e-05,19.382951510872104,32.50441093699191,0.2599543600282429,8.867446973748898e-05,nan
532.91,215.39639282226562,-230.1119842529297,-73.39104461669922,214.87010565249875,-230.12501562750506,-73.39344263811466,0.5264539412819126,0.30787346975978086,0.0769270766461621,3.719419750195221e-05,19.32603967421021,32.48173130212146,nan,nan,nan
532.92,215.40501403808594,-230.10719299316406,-73.39237976074219,214.87865973515088,-230.12022546992276,-73.39480869706458,0.5265212221747368,0.30791534007527965,0.07695223502052831,3.640084473712207e-05,19.268250883777025,32.222098907514294,nan,0.0021443212655978283,nan
532.9300000000001,215.41363525390625,-230.10235595703125,-73.39368438720703,214.8872092604834,-230.1153912101897,-73.396205646085,0.5265933925928824,0.3079573020771153,0.07697745700693669,3.712601530727834e-05,19.212565483041782,32.20311067935676,nan,nan,nan
532.94,215.42225646972656,-230.0974884033203,-73.39496612548828,214.89562672422872,-230.1105119306631,-73.39948003735252,0.5268100952980014,0.3079993409647567,0.07700274274879519,3.6336866474772336e-05,19.535714122350882,33.07422737028041,nan,2.368665912013278,nan
532.95,215.43087768554688,-230.09255981445312,-73.39622497558594,214.90786148227028,-230.10613145073148,-73.40089690525696,0.5232131163569871,0.30793524509497644,0.07699109910072241,3.703765977872284e-05,19.357178269511287,32.038463407963846,0.47541356987343325,nan,nan
532.96,215.4394989013672,-230.0876007080078,-73.39745330810547,214.91635117318893,-230.1011656658866,-73.40323458910976,0.5233554975257044,0.3079771146727035,0.07701635491045515,3.6253526409916484e-05,19.62460575535489,33.04601288001568,nan,0.6518993230889566,nan
532.97,215.4481201171875,-230.0825958251953,-73.3986587524414,214.9249076074086,-230.09615892179505,-73.40456227175103,0.5234215695963766,0.3080190751928925,0.07704167454096111,3.697548977179633e-05,19.580824831858138,32.74142484149591,nan,nan,nan
532.98,215.4567413330078,-230.0775604248047,-73.39983367919922,214.9335347267531,-230.09111207157892,-73.40478608863111,0.5234055084903614,0.30806111321432594,0.07706705813289456,3.619524289252763e-05,19.25024352415317,33.133788997805915,nan,0.7698912098128708,nan
532.99,215.46536254882812,-230.07247924804688,-73.40099334716797,214.9420897105238,-230.08602282960257,-73.40605711398611,0.5234725720062329,0.30810324214193346,0.07709250583538789,3.6916188191841576e-05,19.202465722606952,32.59042504783771,nan,nan,nan
533.0,215.47398376464844,-230.06735229492188,-73.40213012695312,214.92843785773795,-230.0711578696536,-73.40698550194634,0.545580785596554,0.3080392071633774,0.07708075360692561,3.611764058892292e-05,19.353191409990103,32.38248724283285,5.088029970609863,0.08382811720152791,nan
533.01,215.48260498046875,-230.0621795654297,-73.40324401855469,214.9369521212647,-230.06597391092518,-73.40820975366624,0.5456886459699167,0.3080811662345449,0.07710617071228115,3.683675148847372e-05,19.307344221811864,32.04122303505067,nan,nan,nan
533.02,215.49122619628906,-230.05697631835938,-73.40432739257812,214.94546127931122,-230.0607502862783,-73.40948306689182,0.5458023162421685,0.3081232033768863,0.077131651980942,3.606476566807444e-05,19.311456015592693,32.73701538250931,nan,0.0032976793296848467,nan
533.03,215.4998321533203,-230.05174255371094,-73.4053955078125,214.95397425563803,-230.05548794459384,-73.4106657773299,0.5458961880758763,0.3081653307475568,0.07715719756636673,3.67830260352068e-05,19.264178720832764,33.21839936411528,nan,nan,nan
533.04,215.50845336914062,-230.04644775390625,-73.40644073486328,214.9626074831121,-230.05019104866307,-73.40986858992754,0.5458694841628807,0.30820753677181206,0.07718280760297282,3.601446968326263e-05,18.774157298044646,31.292360869646068,nan,2.557512705681463,nan
533.05,215.51707458496094,-230.0411376953125,-73.407470703125,214.95287902951193,-230.03166072723863,-73.41083218045385,0.5642851559647086,0.30814357409893106,0.07717094405173679,3.670918368050762e-05,18.240811425388767,32.34932833429817,5.794083288951658,nan,nan
533.0600000000001,215.5256805419922,-230.03578186035156,-73.40847778320312,214.96144692727879,-230.02625792570439,-73.41064483047282,0.5643181490946257,0.3081856103431274,0.07719652280886119,3.594484722993802e-05,17.99976664001488,32.03959994336964,nan,1.1088099006888532,nan
533.07,215.5343017578125,-230.03038024902344,-73.40946197509766,214.96993644667822,-230.02081510320977,-73.41171327000677,0.5644508523821173,0.30822773617995597,0.07722216608594268,3.666073163623213e-05,17.9457814829815,31.300674647542863,nan,nan,nan
533.08,215.54290771484375,-230.0249481201172,-73.4104232788086,214.97835074137367,-230.01533249142912,-73.4140278129284,0.5646503602008763,0.30826994117564127,0.07724787401198956,3.589954114497982e-05,18.106307263417296,32.18229274513696,nan,1.0727058872217021,nan
533.09,215.55152893066406,-230.0194854736328,-73.41136932373047,214.9868385295844,-230.0098166111161,-73.41507150617323,0.56478530622594,0.3083122357804299,0.07727364674828441,3.6614789887113025e-05,18.05615589627251,31.980230826024865,nan,nan,nan
533.1,215.5601348876953,-230.0139923095703,-73.41230010986328,214.99970137492343,-230.01026766022179,-73.41569804953696,0.5604561902991385,0.3082483329629724,0.07726166910530895,3.58349013368351e-05,18.450641667365986,32.24443917734189,2.5787540278566654,0.0441247976876866,nan
533.11,215.56875610351562,-230.00845336914062,-73.4132080078125,215.0081860872467,-230.00469725599362,-73.41670049648704,0.5605934792724965,0.30829045728150695,0.07728740986796102,3.654869032373118e-05,18.40115169687746,31.46121157157292,nan,nan,nan
533.12,215.57736206054688,-230.00286865234375,-73.41410064697266,215.01667130611006,-229.99909197064682,-73.41766434814934,0.5607147986290775,0.30833266122251174,0.07731321547363335,3.579429758883107e-05,18.361810337356893,31.07822892254086,nan,0.0003032680846752645,nan
533.13,215.58596801757812,-229.997314453125,-73.41497039794922,215.02515459249605,-229.99347764708253,-73.41863217671643,0.5608385038998611,0.30837495419735883,0.07733908608971217,3.6507583706094426e-05,18.30911992711956,31.86149587882884,nan,nan,nan
533.14,215.59457397460938,-229.9918212890625,-73.41582489013672,215.03353315689253,-229.987897831161,-73.42149156610107,0.5610831523783034,0.30841732732705485,0.07736502183638568,3.575593077902512e-05,18.77238155688933,32.131404159961896,nan,2.4613498130309264,nan
533.15,215.6031951904297,-229.98641967773438,-73.41666412353516,215.05584897428525,-229.9907411227701,-73.42244073821288,0.5473937563509107,0.3083534928554724,0.07735292736055,3.64462940082645e-05,18.910925005758365,31.887571983285703,1.945097481930991,nan,nan
533.16,215.61180114746094,-229.98110961914062,-73.41748809814453,215.06440574243337,-229.985352032249,-73.42232121566457,0.5474331799765562,0.3083956957099123,0.07737883042159721,3.569816028599194e-05,18.580630116169118,31.58347759332381,nan,0.7582731367912336,nan
533.17,215.6204071044922,-229.9759063720703,-73.41829681396484,215.07290590570747,-229.98005747068544,-73.42323302067459,0.5475391862023158,0.30843798706109404,0.07740479868991623,3.64097250821317e-05,18.525572824929462,31.857373880192743,nan,nan,nan
533.1800000000001,215.62901306152344,-229.97079467773438,-73.41908264160156,215.08148539472225,-229.97486820801578,-73.42258578295494,0.5475540261572799,0.30848035897206405,0.07743083227923454,3.566408235536785e-05,18.13186156579849,31.17772363356366,nan,1.6196736296762102,nan
533.19,215.6376190185547,-229.9657745361328,-73.41985321044922,215.08998458847057,-229.96977425881997,-73.42345234309437,0.5476608627160849,0.30852281944425164,0.07745693136628906,3.637531132968035e-05,18.07662586301163,30.67846795231346,nan,nan,nan
533.2,215.64622497558594,-229.9608612060547,-73.42061614990234,215.09176471692712,-229.96764702351828,-73.42523770385829,0.5545210406392383,0.3084590433978824,0.07744471726537958,3.5610559910272436e-05,19.07872650363497,31.149570664342995,4.57203438309962,0.5382662856514528,nan
533.21,215.6548309326172,-229.9560546875,-73.42135620117188,215.10023869751456,-229.96276602441105,-73.42608495460283,0.5546529999813193,0.3085013331243706,0.07747078294411877,3.632062055362577e-05,19.02644077968312,31.776128087029264,nan,nan,nan
533.22,215.66343688964844,-229.9513397216797,-73.42208862304688,215.10875637122402,-229.95798490813132,-73.42602214209221,0.554734268451697,0.3085437037781177,0.07749691413079396,3.558049251558554e-05,18.778385159686618,31.120232618945636,nan,0.5483198021409583,nan
533.23,215.6720428466797,-229.94671630859375,-73.42279815673828,215.11722992193052,-229.9532953024046,-73.42683303935391,0.5548666010006504,0.30858616251027243,0.07752311100869658,3.629032054106101e-05,18.725484049477576,31.195187680289838,nan,nan,nan
533.24,215.68064880371094,-229.9421844482422,-73.42350006103516,215.12576217802223,-229.94870332810797,-73.42639342060217,0.5549324595772809,0.3086287026570503,0.07754937368207326,3.555232850908506e-05,18.44611754422168,30.709507828852153,nan,1.0470020041074857,nan
533.25,215.68923950195312,-229.937744140625,-73.42418670654297,215.10414289479377,-229.93086944441242,-73.42713478310742,0.5851444200475953,0.308564991104057,0.07753703722487607,3.6239690290381906e-05,18.6979937448564,31.425214514562807,9.057987110809657,nan,nan
533.26,215.69784545898438,-229.93338012695312,-73.42485809326172,215.1125315959791,-229.9264308584203,-73.42857727120766,0.5853669300907636,0.30860736045664067,0.07756326574968751,3.550461001185749e-05,18.783890936356855,30.68662527759729,nan,0.3201382584492289,nan
533.27,215.70645141601562,-229.9291229248047,-73.4255142211914,215.12095187447073,-229.9220826116927,-73.42933073931495,0.5855543057382294,0.3086498174387264,0.0775895601557435,3.621322119401832e-05,18.730502671386898,31.704551461230523,nan,nan,nan
533.28,215.71505737304688,-229.92494201660156,-73.42616271972656,215.12930133110282,-229.91781371331024,-73.43165382137379,0.5858251493227948,0.3086923561506058,0.07761592054086561,3.548006229572093e-05,19.11348844892424,31.503278784697386,nan,1.718613794450576,nan
533.29,215.72366333007812,-229.92083740234375,-73.42679595947266,215.13772196660005,-229.91363539282634,-73.43239863482388,0.5860124063078536,0.3087349825993367,0.0776423470976485,3.6188567483968535e-05,19.06764110420232,31.183937172006292,nan,nan,nan
533.3,215.73226928710938,-229.9168243408203,-73.42741394042969,215.183969046272,-229.9252796370119,-73.43135049989594,0.5483795607391196,0.30867132768475947,0.07762988547337553,3.54358988946213e-05,18.151626986841595,30.726082001957806,15.518540890288532,1.8719489385088859,nan
533.3100000000001,215.74087524414062,-229.9128875732422,-73.42802429199219,215.19245853359575,-229.92128634577853,-73.43205324829113,0.5484958160951021,0.3087137828996829,0.07765627713115761,3.614345721050618e-05,18.099426734388153,30.39020739745133,nan,nan,nan
533.32,215.74948120117188,-229.90902709960938,-73.42861938476562,215.20096823493415,-229.91737417834216,-73.4322738184384,0.5485886462001796,0.30875632012646154,0.07768273494830949,3.5414706171038085e-05,17.96394019546058,30.242541186957983,nan,0.1528957133674062,nan
533.33,215.75808715820312,-229.90524291992188,-73.42919921875,215.20945828982542,-229.9135377431373,-73.43294968622483,0.5487043879137983,0.30879894468904023,0.07770925912355281,3.6122236939194905e-05,17.913127381738775,30.262184440522816,nan,nan,nan
533.34,215.76669311523438,-229.9015350341797,-73.42977142333984,215.21794653669485,-229.90977727219328,-73.43366621000393,0.548822294836373,0.3088416517110891,0.07773584974584025,3.539510207913636e-05,17.889377504094437,30.186054748961705,nan,0.0018218288659742257,nan
533.35,215.7753143310547,-229.8979034423828,-73.43033599853516,215.22773793985408,-229.90920885211082,-73.43436233485735,0.5477078855316747,0.3087780575304253,0.07772326023900396,3.6080491134604076e-05,18.18074630526282,29.91477567617338,0.6416558279811407,nan,nan
533.36,215.78392028808594,-229.89434814453125,-73.4308853149414,215.2361837653956,-229.90560046978564,-73.4360827637144,0.5478767439728457,0.30882059321672983,0.07774981519505657,3.535574980159229e-05,18.432500045575484,30.78052319937959,nan,0.7993053845379731,nan
533.37,215.7925262451172,-229.890869140625,-73.4314193725586,215.2446726891772,-229.90206860012287,-73.43672858972201,0.5479937357634792,0.30886321586732346,0.07777643669205336,3.606244277678079e-05,18.386760635987528,31.124730686995285,nan,nan,nan
533.38,215.80113220214844,-229.88743591308594,-73.43195343017578,215.25311256478528,-229.89860103268967,-73.43865228536437,0.548174294811647,0.3089059212136729,0.07780312481325534,3.5339135736457015e-05,18.814751458704766,30.124263367916953,nan,1.1482267095815333,nan
533.39,215.8097381591797,-229.88409423828125,-73.43246459960938,215.26160258516052,-229.89520809513525,-73.43929122445354,0.5482907332120974,0.30894871366923493,0.07782987976562974,3.604589425274015e-05,18.775046342829356,31.58726859599629,nan,nan,nan
533.4,215.818359375,-229.8808135986328,-73.43297576904297,215.2518300596792,-229.8906018192062,-73.43860178073224,0.5666417972470504,0.3088851740222129,0.0778171595535708,3.5302702192169714e-05,19.340938148516777,30.618781418809814,9.115976223527804,1.1623698889962595,nan
533.41,215.82696533203125,-229.87759399414062,-73.4334716796875,215.26027565464344,-229.88735192704823,-73.43920873657873,0.5668027183547261,0.30892779472818205,0.07784387806243215,3.600867753836023e-05,19.297927231098186,30.77933255967719,nan,nan,nan
533.42,215.8355712890625,-229.8744354248047,-73.4339599609375,215.26870175514813,-229.8841641033808,-73.4403641356501,0.5669891790156875,0.30897049833746293,0.0778706633694898,3.52888393392601e-05,19.48622631804833,30.7715784664369,nan,0.21582530760219654,nan
533.4300000000001,215.8441925048828,-229.871337890625,-73.43443298339844,215.2771485613703,-229.8810425663015,-73.44095876110481,0.567164526728254,0.30901328872580225,0.07789751568686994,3.5994938359244766e-05,19.448653858007063,30.54844221476157,nan,nan,nan
533.44,215.85279846191406,-229.86819458007812,-73.43500518798828,215.2855686061158,-229.8779168160234,-73.44238768103938,0.5673612009860703,0.3090561624306384,0.07792443509036004,3.527627643095796e-05,19.75680719819869,31.861648125335037,nan,0.4350884019897237,nan
533.45,215.86141967773438,-229.86497497558594,-73.4356689453125,215.2989655915472,-229.87940926608002,-73.44328012963238,0.5626907480468142,0.3089926798357441,0.07791158147725077,3.596045560989375e-05,20.068719454445496,31.055392343153567,1.6813949491760254,nan,nan
533.46,215.87002563476562,-229.8616943359375,-73.4364242553711,215.3074654297638,-229.87617957427668,-73.44270601269535,0.5627817222125509,0.3090353816416363,0.07793846364422424,3.524375243610504e-05,19.525503067923953,30.857550164496207,nan,1.382724676816859,nan
533.47,215.87864685058594,-229.8583526611328,-73.43727111816406,215.3159184365302,-229.87288087116713,-73.44361888506876,0.5629517128645677,0.3090781699216458,0.07796541299704698,3.594928995483927e-05,19.475695879173195,30.55358756377536,nan,nan,nan
533.48,215.8872528076172,-229.85494995117188,-73.43820190429688,215.3243689640506,-229.86952053031158,-73.44471482439589,0.5631100614027297,0.30912104168639104,0.07799242960695296,3.5233611762854844e-05,19.50683832465021,31.02204220591132,nan,0.005950914987522551,nan
533.49,215.8958740234375,-229.8514862060547,-73.43922424316406,215.3328230035235,-229.86610017638847,-73.44580896245657,0.5632791294582894,0.30916400010246725,0.07801951369266986,3.5939338789968555e-05,19.45857049910844,30.594895030907825,nan,nan,nan
533.5,215.9044952392578,-229.84796142578125,-73.44033813476562,215.35951615249937,-229.8791985063347,-73.44999188354967,0.5459589316708324,0.3091005696568884,0.07800652385186026,3.520343634498305e-05,21.75350793561723,31.830503133932915,7.508886008013971,6.43613619338068,nan
533.51,215.91310119628906,-229.84437561035156,-73.4415283203125,215.36798664801725,-229.87569826411635,-73.45129188066653,0.5461010039243996,0.3091433557809078,0.07803356989793643,3.590849718132844e-05,21.71050390047168,32.25862320955946,nan,nan,nan
533.52,215.92172241210938,-229.8407440185547,-73.44281005859375,215.37646355252278,-229.87214084318913,-73.45247960172476,0.5462476403785775,0.3091862255334375,0.07806068336897236,3.519550494686348e-05,21.661497615053346,32.29775183024488,nan,0.027604092756231633,nan
533.53,215.9303436279297,-229.83705139160156,-73.44417572021484,215.38493479895965,-229.86852504795792,-73.45394994842903,0.5464036212362529,0.3092291816673596,0.07808786448759943,3.590079711377817e-05,21.61567017977344,32.097071962238054,nan,nan,nan
533.54,215.93896484375,-229.8332977294922,-73.44562530517578,215.39340650167625,-229.8648524405372,-73.45549508212073,0.5465592528649865,0.30927222181375064,0.07811511331939047,3.518861549957278e-05,21.673133601420524,31.96286936188171,nan,7.175670087979936e-05,nan
533.55,215.94757080078125,-229.82948303222656,-73.44715881347656,215.40741497479027,-229.86262473467406,-73.45714345692964,0.5412636898019304,0.30920884480062416,0.07810198457746402,3.587213171870959e-05,21.51559342082321,31.89236818552512,0.4384994923247722,nan,nan
533.5600000000001,215.95619201660156,-229.82562255859375,-73.44877624511719,215.41591310551775,-229.85884344265136,-73.45832330204875,0.5413834825662296,0.3092517124640367,0.07812919455200534,3.51615505130094e-05,21.278439787250225,31.733697149257853,nan,0.20573246556558647,nan
533.57,215.96481323242188,-229.8217010498047,-73.45046997070312,215.42439596120178,-229.85500441513696,-73.46012192336984,0.5415284861996709,0.3092946662599513,0.07815647234229332,3.586647507338338e-05,21.2342444335999,31.512590074136575,nan,nan,nan
533.58,215.9734344482422,-229.81773376464844,-73.45223999023438,215.43287872871116,-229.85111115155024,-73.46200159695228,0.5416731716079496,0.30933770521390336,0.0781838180519974,3.658572448140865e-05,21.191068613926703,31.94630711650694,nan,nan,nan
533.59,215.98204040527344,-229.81370544433594,-73.45409393310547,215.44136146205594,-229.84716438487638,-73.46396142906019,0.5418030895235817,0.3093808294703932,0.07821123182561775,3.731944323728522e-05,21.145337448719566,31.68622387039121,nan,nan,nan
533.6,215.99066162109375,-229.80963134765625,-73.45600128173828,215.46032271478748,-229.84670320173012,-73.46516649069102,0.5317120263467359,0.3093175019012099,0.078197961357015,3.650015884507939e-05,20.61230240070986,31.30592104598643,1.4407735825630177,0.37681126951909466,nan
533.61,215.99928283691406,-229.8054962158203,-73.45791625976562,215.46882541330945,-229.84265482194292,-73.46721979635991,0.5318386936462818,0.3093604532974653,0.07822533544549548,3.723151320544554e-05,20.586681525012022,30.910211785552523,nan,nan,nan
533.62,216.00790405273438,-229.8013153076172,-73.45982360839844,215.47733047165963,-229.83855525355025,-73.46917319924232,0.531961044961497,0.3094034888355376,0.07825277757083343,3.643979202189505e-05,20.611149412323186,31.002744437714377,nan,0.00624849340862076,nan
533.63,216.01651000976562,-229.7970733642578,-73.46170043945312,215.48583289010543,-229.8344040153296,-73.47120441769725,0.5320734051263522,0.30944661056210165,0.07828028796911438,3.7169801125130335e-05,20.59309169955923,30.939492682735256,nan,nan,nan
533.64,216.02513122558594,-229.7928009033203,-73.46353912353516,215.49430500591032,-229.83019548903303,-73.47446709259144,0.5322539347373845,0.30948981679707616,0.07830786669295674,3.6381721216969924e-05,21.394913515126696,32.49345310297315,nan,1.0344498019936348,nan
533.65,216.03375244140625,-229.78846740722656,-73.4653549194336,215.503822996815,-229.83069370045496,-73.47648378135641,0.5317256131242031,0.309426539167029,0.07829445185541936,3.708698102281103e-05,21.94215203141718,31.801576111655958,1.4214490964221993,nan,nan
533.66,216.0423583984375,-229.78407287597656,-73.46713256835938,215.5233702759742,-229.8192796496484,-73.47855738488177,0.5203063660987913,0.3083371736612876,0.07785133750882586,3.6301410218648625e-05,27.389826331408933,37.102200239824754,nan,0.007538568846388837,0.10790996960899557
533.67,216.0509796142578,-229.77964782714844,-73.4688720703125,215.5318752086623,-229.81492499542844,-73.48047656088175,0.5204310969877607,0.3083782731465885,0.0778764454002154,3.7028013956568335e-05,27.364224763161555,37.66216606795675,nan,nan,nan
533.6800000000001,216.05960083007812,-229.77517700195312,-73.4705810546875,215.540370491968,-229.81052529313803,-73.48250997083132,0.5205688664759187,0.3084194501533125,0.07790161454414087,3.62479706944594e-05,27.58612602556544,37.88063047673951,nan,0.014349811906589783,nan
533.69,216.06820678710938,-229.77064514160156,-73.47225952148438,215.54887467332682,-229.80607485763025,-73.48436411477697,0.5206799692349492,0.3084607168091252,0.07792684640697327,3.697347555590148e-05,27.557357140416396,37.48294682933683,nan,nan,nan
533.7,216.0768280029297,-229.7660675048828,-73.4738998413086,215.53483001836145,-229.78896546642193,-73.48687829248871,0.5426366851897466,0.3083940698976946,0.07791492901338211,3.617440903169755e-05,28.057674665264756,38.16744777111121,6.026148540017922,0.17725399897491917,nan
533.71,216.08544921875,-229.76145935058594,-73.47550201416016,215.5433003692603,-229.784397358747,-73.48867637165564,0.5427937830491681,0.3084351687212727,0.07794012999625229,3.6897981434584856e-05,28.037887248012247,39.01439284935999,nan,nan,nan
533.72,216.09405517578125,-229.7567901611328,-73.47708129882812,215.55181332035224,-229.77976865019346,-73.4897216765293,0.542875694691737,0.30847634563730464,0.07796539250980414,3.612535853768961e-05,27.690913700777564,38.021706580225754,nan,0.34469712585007684,nan
533.73,216.10267639160156,-229.7520751953125,-73.47862243652344,215.56028274174417,-229.77510888758644,-73.49145089410513,0.5430340612791381,0.3085176115359767,0.07799071791164086,3.684798639315392e-05,27.6695255684668,37.86090171925195,nan,nan,nan
533.74,216.1112823486328,-229.74732971191406,-73.48014068603516,215.56871495233153,-229.77041663208598,-73.49378123430914,0.5432296475427215,0.308558956108575,0.07801610515595257,3.6078416999688275e-05,28.292727434509068,39.225461031867724,nan,0.26443642361551,nan
533.75,216.11990356445312,-229.74252319335938,-73.48162078857422,215.58429227356802,-229.7620511539365,-73.49543666937356,0.5361451992978836,0.3084924189329087,0.07800408737952406,3.677712700543651e-05,27.201854382122683,38.034533532553766,8.197798593743705,nan,nan
533.76,216.12850952148438,-229.73768615722656,-73.48307800292969,215.59273592664746,-229.75725873362475,-73.49806054837728,0.5363402906172711,0.30853359581652834,0.07802944318209533,3.601145008984647e-05,28.176866726234156,39.76287249128549,nan,0.6362913435201888,nan
533.77,216.1371307373047,-229.73280334472656,-73.48450469970703,215.60123443928038,-229.75240413979304,-73.49968857330623,0.5364695549804079,0.3085748610640835,0.0780548620415461,3.673148893502953e-05,28.153428978437326,39.353448910749236,nan,nan,nan
533.78,216.14573669433594,-229.72787475585938,-73.48590087890625,215.6097516013765,-229.74749988333545,-73.50094282645705,0.5365551469227635,0.30861620548343066,0.0780803430143467,3.5968645458927157e-05,28.100086766381573,39.49856577110966,nan,0.07997742461754069,nan
533.79,216.15435791015625,-229.722900390625,-73.48726654052734,215.61824923985074,-229.74255955154658,-73.5025127765225,0.5366856032137453,0.3086576382870904,0.07810588731143492,3.668794033775171e-05,28.08002057892514,39.07781101864758,nan,nan,nan
533.8,216.1629638671875,-229.71788024902344,-73.48860931396484,215.64416465460047,-229.74771853590332,-73.50261901387769,0.5198453789700288,0.308591199740549,0.07809376537359328,3.5905874391164335e-05,27.37121760006763,38.10102578437145,3.2229500998513547,1.5560986282310014,nan
533.8100000000001,216.17156982421875,-229.71282958984375,-73.48992156982422,215.6526859073883,-229.74271425667257,-73.5041229628231,0.5199377770655682,0.30863246443407927,0.07811927759341346,3.6623589457628194e-05,27.344751970000786,38.643973436472876,nan,nan,nan
533.82,216.18019104003906,-229.70773315429688,-73.4912109375,215.66129219088097,-229.73763938977356,-73.50395836242153,0.5199162388501718,0.3086738087512841,0.07814485219118396,3.586702035390116e-05,26.30355028397613,36.973821183007516,nan,1.8135875756409412,nan
533.83,216.1887969970703,-229.70260620117188,-73.49247741699219,215.66981243120637,-229.73255380261256,-73.5053957481049,0.5200083861975456,0.30871524090166486,0.07817049028214867,3.658411815478425e-05,26.26730115208583,37.65115970927563,nan,nan,nan
533.84,216.19740295410156,-229.6974334716797,-73.49371337890625,215.67830268944104,-229.7274385980882,-73.50739169007842,0.5201466029668358,0.3087567532006647,0.07819619106031753,3.583005935064503e-05,26.86109901559937,38.05759068165383,nan,0.2288259994865076,nan
533.85,216.2060089111328,-229.6922149658203,-73.49492645263672,215.6715018475518,-229.71789319835275,-73.50872999143658,0.5353015134738329,0.308690420634594,0.0781839633308444,3.6523884045041574e-05,27.34468680459002,37.82751737639865,4.158212072967287,nan,nan
533.86,216.21461486816406,-229.6869659423828,-73.4961166381836,215.67998114008344,-229.7126893680245,-73.51021963890173,0.5354379632201879,0.3087317648943742,0.07820963143445099,3.577315456042145e-05,27.622288764155524,38.46292575547375,nan,0.009648607347132732,nan
533.87,216.2232208251953,-229.6816864013672,-73.49728393554688,215.68846579757846,-229.70744508317853,-73.51156799039585,0.5355655734577119,0.3087731964778574,0.07823536319943818,3.648828844249822e-05,27.587737967769428,38.770671554120696,nan,nan,nan
533.88,216.23182678222656,-229.6763458251953,-73.49842071533203,215.69702200913446,-229.7021373472258,-73.51138289367626,0.5355832017513011,0.3088147085977987,0.0782611579088545,3.57398683461237e-05,26.634183711578288,36.86438285704024,nan,1.544619338785658,nan
533.89,216.24044799804688,-229.67098999023438,-73.49954223632812,215.70550551829712,-229.69681765182233,-73.51267179432797,0.5357265254187015,0.3088563081152543,0.07828701654963771,3.645454674101176e-05,26.597005705296315,37.4133889304377,nan,nan,nan
533.9,216.24905395507812,-229.66558837890625,-73.50064086914062,215.7065522326103,-229.6834134495513,-73.51327728945203,0.5429415540758853,0.3087900728445682,0.07827467946061557,3.5686655315062635e-05,25.71537089861818,36.94724226047952,2.6260755694701814,0.31138616783684536,nan
533.91,216.2576446533203,-229.66014099121094,-73.50171661376953,215.71503314501808,-229.67799921985397,-73.51451704530061,0.5430561815500025,0.30883150393883957,0.07830050476439836,3.6400038280337725e-05,25.677555108323162,36.78121307013463,nan,nan,nan
533.92,216.26625061035156,-229.65467834472656,-73.50276947021484,215.72356812225863,-229.6725290495392,-73.51451584882507,0.5431030362237929,0.3088730159174383,0.07832639326358462,3.5656848368209754e-05,24.97932870774031,36.7987914461068,nan,1.0120470789531282,nan
533.9300000000001,216.2748565673828,-229.649169921875,-73.50379943847656,215.73204780812608,-229.66704263827947,-73.51570240179935,0.5432333418093629,0.30891461484262567,0.07835234586269745,3.636987797192767e-05,24.940445741046453,36.29635659595049,nan,nan,nan
533.94,216.28346252441406,-229.64361572265625,-73.50481414794922,215.7404234496501,-229.66155823218452,-73.51924691155796,0.5435270692744276,0.30895629512805806,0.07837836196379554,3.562870440994814e-05,26.828295764591854,37.60063753181832,nan,3.850074797048125,nan
533.95,216.2920684814453,-229.63804626464844,-73.50580596923828,215.7280859034109,-229.6457689424079,-73.5202863740547,0.5642212954167454,0.30889016215904497,0.07836591364818381,3.631895344819949e-05,26.80271875522431,38.64910277417065,4.862945118282656,nan,nan
533.96,216.30067443847656,-229.63243103027344,-73.50677490234375,215.73646859153314,-229.64018264249495,-73.52286381666487,0.5644884218309623,0.30893167402778193,0.07839189578057636,3.558060352836441e-05,28.24086110650041,39.56233989243049,nan,1.3929437273280187,nan
533.97,216.30926513671875,-229.6267852783203,-73.50772857666016,215.74491075760432,-229.63454046757718,-73.52400852090938,0.5646424043328714,0.30897327242793204,0.07841794218069768,3.629216921413201e-05,28.203653222054236,39.91125999692189,nan,nan,nan
533.98,216.31787109375,-229.62109375,-73.50865936279297,215.75337449799883,-229.62885641175475,-73.52458574066506,0.5647745701112069,0.3090149524810094,0.07844405232645807,3.5555656187971426e-05,27.972704232356378,38.84585477605662,nan,0.20633287637561443,nan
533.99,216.3264617919922,-229.61538696289062,-73.50957489013672,215.76181512238415,-229.62314730296865,-73.52568889210204,0.5649298588647212,0.3090567191853534,0.07847022701259272,3.626699611617066e-05,27.93319741657038,39.90245215950746,nan,nan,nan
534.0,216.33506774902344,-229.60963439941406,-73.5104751586914,215.7825696341808,-229.6226912663482,-73.52398593271435,0.5528175012547233,0.3089906817498595,0.07845766408753949,3.5510739857963276e-05,25.757226033047406,36.724149759342495,1.599169035690514,5.4828652132565985,nan
534.01,216.34365844726562,-229.60385131835938,-73.5113525390625,215.79103095943162,-229.6169243515615,-73.52502735995655,0.5529512141530282,0.3090322796837522,0.07848380411647331,3.622100903424789e-05,25.71594023603533,37.11000154671813,nan,nan,nan
534.02,216.35226440429688,-229.59803771972656,-73.51221466064453,215.7995074920844,-229.61111927097087,-73.52563061214414,0.5530744242290371,0.3090739595290519,0.07851000812856863,3.5488794182390034e-05,25.562315457892524,36.708380066211284,nan,0.12188443779686689,nan
534.03,216.36085510253906,-229.59226989746094,-73.51305389404297,215.80796715601667,-229.60532167653278,-73.52663475110734,0.5532087038589394,0.3091157256603158,0.078536276849134,3.619891835071451e-05,25.516321080163195,37.53496309484191,nan,nan,nan
534.04,216.3694610595703,-229.58656311035156,-73.51388549804688,215.8164887253139,-229.59955553205901,-73.52592118546254,0.5532558750220281,0.30915757413708406,0.07856260985676333,3.5468279951145267e-05,24.436345099949794,35.397693418564565,nan,1.9899613872907345,nan
534.05,216.3780517578125,-229.58096313476562,-73.51469421386719,215.81607928045008,-229.57805148158698,-73.52683465320517,0.5621111396373535,0.3090916353770901,0.07854993025605668,3.6155991461705685e-05,22.895051177377464,36.297840979640156,14.855925793245333,nan,nan
534.0600000000001,216.3866424560547,-229.57545471191406,-73.51548767089844,215.8246631738144,-229.57240243169076,-73.52459513697737,0.5620613632160182,0.3091333150330715,0.07857622794160948,3.542773126246499e-05,21.087018374494804,33.96152680876234,nan,6.961656687266016,nan
534.07,216.39523315429688,-229.57005310058594,-73.51626586914062,215.83313364905956,-229.56689868236504,-73.52548822600191,0.5621840054718932,0.3091750806398449,0.07860259050285213,3.613678293022616e-05,21.026260743561608,34.00539012919856,nan,nan,nan
534.08,216.40382385253906,-229.56475830078125,-73.51702880859375,215.84166563835586,-229.56147617514247,-73.52455937642276,0.5622182312716121,0.30921692880381957,0.0786290175815467,3.540994213668325e-05,20.201090584750265,33.27150474819036,nan,2.2523375369314778,nan
534.09,216.4124298095703,-229.55955505371094,-73.51777648925781,215.85013520717612,-229.55618160024437,-73.52540564328716,0.562356474187978,0.3092588630774442,0.07865550981120104,3.6118946957883664e-05,20.140885965359853,32.26318191735587,nan,nan,nan
534.1,216.4210205078125,-229.55447387695312,-73.51850891113281,215.884179165418,-229.56108789231718,-73.52577282123316,0.536931221380454,0.3091930177098943,0.07864271031181291,3.537208787609884e-05,19.58359174567028,33.1326465657378,7.423275206700386,0.12144076825414415,nan
534.11,216.4296112060547,-229.5494842529297,-73.51923370361328,215.8926963711172,-229.55601122961292,-73.52658629495959,0.537004843553638,0.3092347828325666,0.0786691665056165,3.608019548802179e-05,19.51827314146729,32.538004080809394,nan,nan,nan
534.12,216.43820190429688,-229.54458618164062,-73.51993560791016,215.9012610675998,-229.55101613841433,-73.52588614602884,0.5370123046644077,0.3092766306953486,0.07869568744132385,3.5356836838618534e-05,18.950735744419013,31.644523818466272,nan,1.5561911025357413,nan
534.13,216.44679260253906,-229.539794921875,-73.52062225341797,215.90977797946863,-229.54613766684514,-73.5266579202458,0.5370859941194638,0.30931856437432104,0.0787222736953115,3.606496015672228e-05,18.887841790159214,32.08237285086263,nan,nan,nan
534.14,216.45538330078125,-229.53509521484375,-73.52130126953125,215.91829352123224,-229.54135626434558,-73.5274668026913,0.5371616570791445,0.3093605811924521,0.07874892499252212,3.53427937742032e-05,18.882677816161134,31.828782959992726,nan,0.001720587867655623,nan
534.15,216.46397399902344,-229.53048706054688,-73.52196502685547,215.9233506714293,-229.52456375060638,-73.52829960956848,0.5406928840642977,0.309294830904601,0.07873600336557432,3.602877204635516e-05,17.6239907779576,31.769012450204787,11.592467594379501,nan,nan
534.16,216.47256469726562,-229.52598571777344,-73.52261352539062,215.9318719930724,-229.51993804821802,-73.52953082744477,0.5407707682026979,0.30933667847176227,0.07876261793023295,3.530859863929523e-05,17.79352996965941,32.78449194505437,nan,0.17003961481221305,nan
534.17,216.4811553955078,-229.5215606689453,-73.52325439453125,215.94040815920556,-229.5153974642372,-73.53025980185741,0.5408277307910563,0.3093786115865534,0.07878929797943582,3.6015948600945244e-05,17.731134458933834,31.940721838804816,nan,nan,nan
534.1800000000001,216.48976135253906,-229.51722717285156,-73.52387237548828,215.94894458811487,-229.51094587853893,-73.53097657868715,0.5408998955847426,0.3094206279844394,0.07881604328946742,3.5296832743912505e-05,17.729416238265223,31.873555898086057,nan,9.091097292761788e-08,nan
534.19,216.49835205078125,-229.51296997070312,-73.52449035644531,215.9574812152107,-229.50658156731015,-73.53168224009929,0.5409563713084428,0.3094627301212597,0.07884285436180916,3.6004271750931575e-05,17.667827618309385,31.514504505376323,nan,nan,nan
534.2,216.50694274902344,-229.50881958007812,-73.52508544921875,215.96159343669993,-229.51103104355562,-73.53348026027325,0.5454184044154335,0.3093970707521101,0.07882980752020799,3.5264873707285164e-05,19.517563800702643,33.29111005782524,12.70078965133099,0.7697697917923005,nan
534.21,216.51553344726562,-229.50473022460938,-73.52567291259766,215.97009834889874,-229.50686720545215,-73.53417467728545,0.5455055391289968,0.30943900332524726,0.07885658112166884,3.59715461605262e-05,19.46141039450337,32.073325873947354,nan,nan,nan
534.22,216.5241241455078,-229.500732421875,-73.52625274658203,215.97864168535918,-229.50277021734186,-73.5334024753638,0.5455331204994095,0.3094810193016071,0.07888342019587961,3.525521117199398e-05,18.833929655345035,31.946904960990338,nan,1.4743747621045502,nan
534.23,216.53271484375,-229.49681091308594,-73.52681732177734,215.98714757262985,-229.49876888447983,-73.53406115696882,0.5456188725820857,0.30952312078253275,0.07891032519848734,3.596202006550557e-05,18.775702794313354,31.761664200400592,nan,nan,nan
534.24,216.54132080078125,-229.49298095703125,-73.5273666381836,215.99566337488952,-229.4948425743834,-73.53432931994352,0.5457050219553122,0.3095653060369137,0.07893729597275789,3.524654812591972e-05,18.624233438417708,32.03634075507096,nan,0.10078032180466062,nan
534.25,216.54991149902344,-229.4892120361328,-73.52790832519531,216.01665178218704,-229.49723651963942,-73.53509912140471,0.5333685643962416,0.30949973816198356,0.07892412155939482,3.593140043185165e-05,18.628548214799537,31.475169844024375,2.2804823386647572,nan,nan
534.26,216.55850219726562,-229.4855194091797,-73.5284423828125,216.02526586003302,-229.4934426843233,-73.53212810384602,0.5333079355998619,0.30954175370957493,0.07895105413567795,3.521759434195277e-05,17.508783064870155,30.396445094940837,nan,9.02916386804661,nan
534.27,216.56710815429688,-229.48190307617188,-73.52896118164062,216.03379449301565,-229.48975829897418,-73.53271020584867,0.5333846838980039,0.30958385454749215,0.07897805280516453,3.592385227676637e-05,17.44869247150517,30.177743550174934,nan,nan,nan
534.28,216.57569885253906,-229.47836303710938,-73.52947235107422,216.04231996459995,-229.48614832453464,-73.53344353054052,0.5334504841743111,0.3096260392471322,0.07900511745175122,3.521079598326806e-05,17.43857394685583,30.72721603734723,nan,0.01802490903929902,nan
534.29,216.5843048095703,-229.47488403320312,-73.52996826171875,216.05084977604568,-229.4826081156748,-73.53400837674363,0.5335262475007294,0.309668309454863,0.07903224847160341,3.591724322945535e-05,17.380748540200422,29.918398849213034,nan,nan,nan
534.3,216.5928955078125,-229.4714813232422,-73.53046417236328,216.03317453662396,-229.47133174264582,-73.53473620709877,0.5597372939543857,0.3096028297358552,0.07901894351355006,3.51836617029863e-05,18.11280980726305,30.740590250363738,10.251405351069907,0.051773887294780316,nan
534.3100000000001,216.60150146484375,-229.46815490722656,-73.53094482421875,216.04165136226507,-229.4679251597226,-73.53528378893142,0.5598669634440405,0.3096449299359681,0.07904603557322246,3.5889437852640146e-05,18.053453978369244,30.876367446290693,nan,nan,nan
534.32,216.61009216308594,-229.46475219726562,-73.5315170288086,216.05012062125118,-229.46452568459733,-73.53626980092564,0.5599917569175273,0.3096871140667506,0.07907319381003652,3.51785708889064e-05,18.114727530062897,30.49636499750375,nan,0.10942196104107184,nan
534.33,216.6186981201172,-229.46128845214844,-73.53218078613281,216.05859874994667,-229.46106245559562,-73.53695796900863,0.5601197880954423,0.30972938351878637,0.0791004185844105,3.5884571400949835e-05,18.053470600505076,30.126413359881592,nan,nan,nan
534.34,216.62730407714844,-229.45777893066406,-73.53294372558594,216.0670810674498,-229.457537889192,-73.53755955916935,0.5602420767993549,0.30977173724852597,0.07912770983266766,3.517429067778251e-05,17.96657092251676,30.673573738022167,nan,0.022486251285138883,nan
534.35,216.6359100341797,-229.45420837402344,-73.5337905883789,216.07369077095498,-229.45769525543983,-73.53846981797757,0.5622495473298125,0.30970634543116315,0.07911427187626617,3.585846196401063e-05,18.518863700088527,30.676318645701816,2.158761903049612,nan,nan
534.36,216.64450073242188,-229.45057678222656,-73.53472900390625,216.0821537777152,-229.4540696294726,-73.5396360284987,0.5623792104444292,0.30974852897306515,0.07914152340829908,3.5149574397951666e-05,18.5369134987192,30.856094331858888,nan,0.029036244206309913,nan
534.37,216.65310668945312,-229.44688415527344,-73.53575134277344,216.09062121858605,-229.45038456687587,-73.5406903192458,0.5625180453163567,0.30979079766525064,0.07916884164065735,3.5855183934427376e-05,18.47727684774162,30.404307586505304,nan,nan,nan
534.38,216.66171264648438,-229.44313049316406,-73.536865234375,216.0990999906752,-229.44663786371007,-73.54122882315957,0.5626405095901659,0.3098331506785689,0.0791962265408648,3.514678937950989e-05,18.284377968956036,29.957867471390145,nan,0.2559069975317756,nan
534.39,216.67031860351562,-229.4393310546875,-73.5380630493164,216.1075683286131,-229.44283950680986,-73.54245372819334,0.5627783393132368,0.30987558908104523,0.07922367842350699,3.5852659662208614e-05,18.224846655744894,30.471879115263718,nan,nan,nan
534.4,216.67892456054688,-229.4354705810547,-73.53934478759766,216.12935405319325,-229.44751821493765,-73.54235062051347,0.5497107630987522,0.3098102824081214,0.07921010459088314,3.5123523597491464e-05,18.123609072147786,29.80063087557695,1.9626284613471925,1.3053195525109238,nan
534.41,216.68753051757812,-229.43154907226562,-73.54071807861328,216.13784091399205,-229.4436260327325,-73.54373331245151,0.549830523797864,0.3098525503288842,0.07923751597192308,3.582879001240655e-05,18.06633283329371,29.359059468639213,nan,nan,nan
534.42,216.69613647460938,-229.42758178710938,-73.54216766357422,216.14634469154944,-229.43967211117462,-73.5441720630617,0.5499283574007852,0.3098949025988474,0.07926499420969083,3.512209520859507e-05,17.87225151472767,29.699863590352976,nan,0.7417002492909647,nan
534.4300000000001,216.70474243164062,-229.42356872558594,-73.543701171875,216.15483224182105,-229.43567155308259,-73.5457128238183,0.5500470362108595,0.30993734010840057,0.0792925395917807,3.5827647609549084e-05,17.815222143222158,30.038621050509697,nan,nan,nan
534.44,216.7133331298828,-229.41949462890625,-73.54531860351562,216.1633522949301,-229.43160359217688,-73.54522925724785,0.5501141279675847,0.30997986229594726,0.07932015212543987,3.5121310778987754e-05,17.647050844440873,29.74903320228313,nan,3.113202970065277,nan
534.45,216.72193908691406,-229.4153594970703,-73.54701232910156,216.15923624393474,-229.4309800644895,-73.5470661197269,0.5629196163902423,0.3099146399105095,0.0793064398948583,3.5805115358250486e-05,18.840325069267635,29.407787633432076,11.356067544534698,nan,nan
534.46,216.7305450439453,-229.41119384765625,-73.54878997802734,216.16766278596566,-229.42685159442283,-73.55025589938394,0.5631019004651835,0.30995699140432725,0.07933401114342188,3.509994868114959e-05,18.846625438363755,30.351738479010994,nan,1.4177931275896587,nan
534.47,216.73915100097656,-229.40696716308594,-73.55064392089844,216.17610991233067,-229.42266279070634,-73.5521187564028,0.5632617467658452,0.3099994280003107,0.07936164969640905,3.580522054192211e-05,18.79268116812974,29.888831657333217,nan,nan,nan
534.48,216.7477569580078,-229.40267944335938,-73.55255126953125,216.18453274767452,-229.41843442168403,-73.55582844971856,0.5634540534573753,0.31004194928237266,0.07938935558419793,3.510033679602465e-05,18.985815338272296,29.654274615528742,nan,2.22003912696276,nan
534.49,216.75636291503906,-229.39834594726562,-73.55447387695312,216.19297965257724,-229.4141452919308,-73.55781128821775,0.5636146361015913,0.3100845559219038,0.07941712906029007,3.5805918079602955e-05,18.938493382156484,29.676584657043787,nan,nan,nan
534.5,216.7649688720703,-229.3939666748047,-73.55638122558594,216.17635691570496,-229.39767559628572,-73.55913724196289,0.5886300934382078,0.31001941545750994,0.07940327563279505,3.508010621255892e-05,18.948117067771538,30.055678975365787,6.029104881281787,0.3483833439980729,nan
534.51,216.77357482910156,-229.38954162597656,-73.55825805664062,216.18476184897668,-229.39326875794688,-73.56109309359984,0.5888316011482677,0.3100618511121275,0.07943100701591028,3.578512878330117e-05,18.903472648877422,30.25243224358535,nan,nan,nan
534.52,216.7821807861328,-229.38507080078125,-73.56010437011719,216.19317029575527,-229.38881183443155,-73.56271271002889,0.5890281458000676,0.31010437144896397,0.07945880591228445,3.50815475261408e-05,18.819910423077314,30.26985791987664,nan,0.06687919506270754,nan
534.53,216.79078674316406,-229.38055419921875,-73.56192016601562,216.20157483471334,-229.3843087927221,-73.56460604720291,0.5892299924395134,0.3101469770220596,0.07948667255581195,3.578689716776066e-05,18.77456594744531,30.25716606989628,nan,nan,nan
534.54,216.7993927001953,-229.3759765625,-73.5636978149414,216.20997874506187,-229.37975865079432,-73.56649986874608,0.5894327495172221,0.31018966759220484,0.07951460700582764,3.508348941481059e-05,18.745568417062252,29.637581094498223,nan,0.0007956065956620447,nan
534.55,216.80799865722656,-229.37136840820312,-73.56544494628906,216.23028953089903,-229.3812948739666,-73.56838560412227,0.577801883722412,0.3101246077681507,0.0795006098166307,3.5767139118492576e-05,18.74399047165061,30.150247604807966,1.472946795295784,nan,nan
534.5600000000001,216.8166046142578,-229.36669921875,-73.56715393066406,216.23870790937175,-229.37666430321164,-73.57060828067173,0.5779929385039809,0.31016712711421673,0.07952850136421569,3.5064722789981006e-05,18.79144790553488,29.559628693633584,nan,0.1289478046020225,nan
534.57,216.82521057128906,-229.36199951171875,-73.56883239746094,216.24713054414391,-229.3719861114104,-73.57237413167122,0.5781771301588751,0.31020973158429455,0.07955646081576717,3.576986403134914e-05,18.749153686826087,30.15868825132616,nan,nan,nan
534.58,216.83380126953125,-229.3572540283203,-73.57047271728516,216.25553848588135,-229.36727018112424,-73.57559090618729,0.5783721692207932,0.31025242103230166,0.07958448824704638,3.5067562280111504e-05,19.092124195043112,30.810173043523115,nan,1.5480438188361492,nan
534.59,216.8424072265625,-229.35244750976562,-73.57208251953125,216.26396044729296,-229.36250286137843,-73.57730689374927,0.578557759112547,0.31029519587205007,0.07961258386765555,3.577304414800024e-05,19.057848432331546,29.665494481952297,nan,nan,nan
534.6,216.85101318359375,-229.3476104736328,-73.57366180419922,216.24629181232362,-229.3421210386305,-73.57768281730647,0.6047596541717053,0.3102302145668862,0.07959844018367655,3.504965788831967e-05,18.52493648630725,30.225712983463865,6.752426230722913,1.0984006523091618,nan
534.61,216.859619140625,-229.3427276611328,-73.57520294189453,216.25467559963963,-229.33723721251124,-73.57932299081402,0.6049824853738234,0.31027281789048367,0.07962649207217196,3.5754609422493715e-05,18.487179821391617,30.200643554652874,nan,nan,nan
534.62,216.86822509765625,-229.3378143310547,-73.57672119140625,216.26307362476155,-229.33230301901656,-73.57919926461658,0.6051816426114122,0.31031550616382625,0.07965461210916225,3.505329447995758e-05,18.135117266861997,30.306859168280038,nan,2.1162977116398456,nan
534.63,216.87681579589844,-229.3328399658203,-73.57820892333984,216.27145699700907,-229.32733366177945,-73.58076275715855,0.6053892275587205,0.3103582797284964,0.07968280049068335,3.575859859168263e-05,18.091153499363713,29.57816662385985,nan,nan,nan
534.64,216.8854217529297,-229.3278350830078,-73.57965850830078,216.27984940529973,-229.32231740286366,-73.58106453504266,0.6055991165114362,0.31040113854738743,0.07971105731260371,3.5057311244989146e-05,17.913744214045582,29.9062293511963,nan,1.0693767961849818,nan
534.65,216.89402770996094,-229.32278442382812,-73.58108520507812,216.3001105416198,-229.31508214198544,-73.5824499986965,0.5939686781788734,0.31033623419414386,0.07969676454753045,3.574093977217641e-05,16.952488021622393,29.14493977161259,7.2369032607702755,nan,nan
534.66,216.90261840820312,-229.3177032470703,-73.58248901367188,216.31149928698883,-229.3135756452282,-73.58419491033936,0.5911359933598721,0.30754082475422984,0.07556237856287933,3.503863897230339e-05,23.080964303146473,35.94121499694674,nan,0.0564754284478585,0.003115110012319594
534.67,216.91122436523438,-229.31256103515625,-73.58385467529297,216.3199148471596,-229.30843009070747,-73.58563467918049,0.5913266265624333,0.3075861966929964,0.07558273750282402,3.5743735741404304e-05,23.016418957332785,34.8160425278113,nan,nan,nan
534.6800000000001,216.91983032226562,-229.30740356445312,-73.58519744873047,216.3284415662293,-229.30340128617922,-73.58896552725979,0.591414302679088,0.3076316479209333,0.07560314803248756,3.5043388288671374e-05,23.259169461549764,36.22327005764905,nan,2.590268957435553,nan
534.69,216.9284210205078,-229.30218505859375,-73.58651733398438,216.33685663925408,-229.2981764035408,-73.59037165356963,0.5915905190779432,0.3076771881718404,0.07562362927973354,3.574884609215697e-05,23.198191480009434,35.2476851911815,nan,nan,nan
534.7,216.93702697753906,-229.29693603515625,-73.58780670166016,216.32693798858332,-229.28712248524877,-73.59175100185645,0.6101806598957882,0.3076175228337669,0.07561394629305457,3.502728449380384e-05,23.742449643324694,35.83274441232543,4.378745956728646,0.00018187479647134528,nan
534.71,216.94561767578125,-229.29165649414062,-73.58907318115234,216.3353170561104,-229.28181801756267,-73.59310688789155,0.6103932443778018,0.3076628756694436,0.07563442035261103,3.573223018108085e-05,23.680936441151182,36.36771074531831,nan,nan,nan
534.72,216.9542236328125,-229.2863311767578,-73.5903091430664,216.3437224733086,-229.276512730904,-73.59491218331833,0.6105974579165604,0.3077083079374539,0.07565494693713562,3.503261828332921e-05,23.760214822073735,35.93898928011453,nan,0.1582867042182404,nan
534.73,216.9628143310547,-229.28097534179688,-73.59152221679688,216.35210039972065,-229.27113247907747,-73.59622426307416,0.610811343305915,0.30775382897431797,0.07567554377239452,3.573793268615186e-05,23.701807123474197,36.448399457947694,nan,nan,nan
534.74,216.97142028808594,-229.27557373046875,-73.59271240234375,216.36047792021998,-229.26571507359267,-73.59751281888515,0.6110407629348771,0.3077994343258755,0.07569620222115885,3.645757604447154e-05,23.64569342040875,35.687586776319165,nan,nan,nan
534.75,216.98001098632812,-229.2701416015625,-73.59387969970703,216.35294345001205,-229.25428304523135,-73.59884178857801,0.6272876622701785,0.3077397221384999,0.07568649753032407,3.716786363588383e-05,23.973128783937582,36.50931581678844,2.8845031640971275,nan,nan
534.76,216.9886016845703,-229.26466369628906,-73.59502410888672,216.3612441378374,-229.24872365959212,-73.59924567072784,0.6275742169632458,0.3077851350838207,0.07570713951728623,3.63828928437368e-05,23.731268974027298,35.7781039921031,nan,0.46065866368458885,nan
534.77,216.99720764160156,-229.2591552734375,-73.59614562988281,216.3695910254123,-229.24319213550024,-73.600459487476,0.627834411335513,0.3078306368868439,0.07572785196624245,3.71147438535325e-05,23.67416707341288,35.77401686478783,nan,nan,nan
534.78,217.00579833984375,-229.2536163330078,-73.59724426269531,216.3779346370179,-229.23762172148886,-73.60160539539963,0.6280825394821211,0.30787621833731715,0.07574861784303553,3.633273465753954e-05,23.625836414929168,36.218037868874454,nan,0.0014096286943721113,nan
534.79,217.01438903808594,-229.248046875,-73.59832000732422,216.38628004600963,-229.23201961002687,-73.60277614059855,0.6283292419372118,0.30792188880706195,0.0757694541063729,3.706331767929079e-05,23.56721561884746,36.41688747997765,nan,nan,nan
534.8,217.02297973632812,-229.242431640625,-73.59937286376953,216.42284551287477,-229.24660815936343,-73.60377278869036,0.6001648846842339,0.3078621202351542,0.0757597073798031,3.626158562017338e-05,24.43391562931052,35.4805657080128,14.587613222708319,0.0018504587494868102,nan
534.8100000000001,217.0315704345703,-229.23678588867188,-73.60040283203125,216.43122722978805,-229.2409857895373,-73.60490023999276,0.6003747407860273,0.30790760279025375,0.07578053541440279,3.699005453817245e-05,24.378594704507574,35.650289679396465,nan,nan,nan
534.82,217.04017639160156,-229.23110961914062,-73.6014175415039,216.43956210124838,-229.23526811834662,-73.60514322952493,0.6006402414451832,0.30795316519742455,0.07580141783263265,3.621473754478583e-05,24.14771274772098,35.21988056342902,nan,0.49209869019908886,nan
534.83,217.04876708984375,-229.22540283203125,-73.60240936279297,216.44794257146333,-229.22957852216618,-73.60622256495614,0.600851128638288,0.3079988163048697,0.07582237013571155,3.694208781427592e-05,24.089178438536564,35.606186646049515,nan,nan,nan
534.84,217.05735778808594,-229.2196502685547,-73.60338592529297,216.45640066624145,-229.223959290262,-73.6087665732711,0.6009966566765151,0.30804454767921735,0.0758433774472727,3.616951027336045e-05,24.4293317295513,35.251932142799426,nan,1.4530777479216381,nan
534.85,217.06594848632812,-229.21388244628906,-73.60433959960938,216.43477701213234,-229.201379212782,-73.60975863330819,0.6313185619105753,0.3079847312972058,0.07583360155558708,3.6872477706525963e-05,24.1700471870535,36.569048060494524,9.691759655699164,nan,nan
534.86,217.0745391845703,-229.20806884765625,-73.60527038574219,216.44316825756235,-229.19563705537246,-73.61194544507411,0.6315285847428983,0.3080302746327019,0.07585460043924094,3.610353528045094e-05,24.54075909624503,36.36036943720749,nan,0.8761748046238618,nan
534.87,217.08311462402344,-229.2022247314453,-73.60618591308594,216.45149885460702,-229.18978490986808,-73.61297599703518,0.6317747498724516,0.30807590635228405,0.07587566874542402,3.6827936276950045e-05,24.490443990493244,36.49577727783879,nan,nan,nan
534.88,217.09170532226562,-229.19635009765625,-73.60708618164062,216.45979135266754,-229.18385330654837,-73.61326471224072,0.632067725011793,0.30812161853694137,0.07589679294929629,3.606158467760538e-05,24.230317405712675,35.992584585690736,nan,0.3486552090553158,nan
534.89,217.1002960205078,-229.19046020507812,-73.60796356201172,216.46812016368176,-229.1779390243905,-73.61425360684827,0.6323311304875089,0.3081674192706297,0.07591798654947057,3.678506529266603e-05,24.178321135263477,36.83139542161377,nan,nan,nan
534.9,217.10888671875,-229.1845245361328,-73.60882568359375,216.4908438479014,-229.17827684615335,-73.61712293065519,0.6181301385191101,0.30810754634566456,0.07590816386152298,3.5999034382550394e-05,24.8240063034923,36.51309010044398,1.968822385270933,2.390247377546093,nan
534.91,217.11746215820312,-229.17855834960938,-73.60967254638672,216.49919571747836,-229.17231022778859,-73.61809744754139,0.6183554072798468,0.30815315864761245,0.07592934811464619,3.672075203736662e-05,24.77711087966205,36.633989056637716,nan,nan,nan
534.92,217.1260528564453,-229.1725616455078,-73.61050415039062,216.50749359008765,-229.166245935144,-73.61799107096179,0.618636814434746,0.30819885160638005,0.07595058910884264,3.596030290757141e-05,24.336964736059855,35.90852000063072,nan,0.7579785201349839,nan
534.9300000000001,217.1346435546875,-229.16661071777344,-73.61131286621094,216.5158437420644,-229.1602544701487,-73.61892370576562,0.6188792570970444,0.30824463280473263,0.07597189909553191,3.66812284982741e-05,24.28552002654837,36.27465063893867,nan,nan,nan
534.94,217.14321899414062,-229.16073608398438,-73.61210632324219,216.52424527555297,-229.15438845345233,-73.62090512564058,0.6190687971778625,0.308290495068826,0.07599326639927399,3.592313768679178e-05,24.78631300252603,36.87848076968482,nan,0.75812566674827,nan
534.95,217.1518096923828,-229.15496826171875,-73.6128921508789,216.54124045821746,-229.14761013540135,-73.62176542490326,0.6106780385146338,0.3082305728662551,0.07598340637456148,3.6620386248174786e-05,23.975565426673796,36.66885079728357,3.8091339208716217,nan,nan
534.96,217.16038513183594,-229.1492919921875,-73.61365509033203,216.549616168677,-229.14186144489008,-73.62279302098068,0.6108825101178752,0.3082762465577426,0.07600476403875049,3.5865515985296546e-05,24.077077140414033,36.47568458006589,nan,0.011393562381904167,nan
534.97,217.16897583007812,-229.1437225341797,-73.6144027709961,216.55798498449494,-229.13621131544608,-73.62367724734457,0.6111073945755053,0.30832200818517824,0.07602619032934474,3.658412665604582e-05,24.024771386094883,36.11367378864383,nan,nan,nan
534.98,217.17755126953125,-229.13827514648438,-73.6151351928711,216.5663836430976,-229.1307070402796,-73.62518443992535,0.6112970891460487,0.3083678510592643,0.07604767471625984,3.583146414706551e-05,24.413864485924456,37.461044523914076,nan,0.273165087479078,nan
534.99,217.18612670898438,-229.13291931152344,-73.61585235595703,216.57475144297365,-229.125272860249,-73.6260473077128,0.6115080712043626,0.308413782041576,0.07606922775132462,3.654945017381569e-05,24.36369039988555,36.618396758305636,nan,nan,nan
535.0,217.19471740722656,-229.127685546875,-73.61656188964844,216.56409947675704,-229.11614150506256,-73.62665315008252,0.6308043061585614,0.3083538030395495,0.07605931580668993,3.577704522087108e-05,25.17838597198533,37.444117631656766,6.41349767340972,0.03537112914949946,nan
535.01,217.2032928466797,-229.12254333496094,-73.61724853515625,216.57242730876536,-229.11092456003826,-73.62748676843444,0.6310555793900421,0.30839954505640865,0.07608085829965275,3.6493564144391864e-05,25.129908157052434,37.14820825846418,nan,nan,nan
535.02,217.2118682861328,-229.1175079345703,-73.61792755126953,216.58070766706217,-229.10575310522452,-73.62727952526662,0.631339340209547,0.30844536849207516,0.07610245962485225,3.5746010203584796e-05,24.629569524927316,36.74844779919532,nan,0.7147970902804233,nan
535.03,217.220458984375,-229.11257934570312,-73.61859130859375,216.58903505439184,-229.1007407532622,-73.62807756366607,0.6316061436224749,0.3084912797427946,0.07612412928741943,3.6462012348531375e-05,24.57672637539596,36.84836078698827,nan,nan,nan
535.04,217.22903442382812,-229.1077423095703,-73.6192398071289,216.59734980749548,-229.09581235760433,-73.62858493398319,0.6318663700982662,0.3085372728122255,0.07614585831162783,3.571643584799143e-05,24.479851591039992,36.68001428594867,nan,0.05249665666441977,nan
535.05,217.23760986328125,-229.10299682617188,-73.61988067626953,216.57677684665452,-229.0768288456425,-73.6294230386703,0.661419757604164,0.3084772430421791,0.07613590101252851,3.640932103457553e-05,24.59985923165724,36.95866287184424,8.136256704887705,nan,nan
535.0600000000001,217.24620056152344,-229.09835815429688,-73.6205062866211,216.585056595529,-229.07208467781433,-73.63018336699245,0.6617365678439059,0.3085230498868892,0.07615762331298456,3.713833528316686e-05,24.547488125354654,37.416507967210315,nan,nan,nan
535.07,217.25477600097656,-229.0937957763672,-73.6211166381836,216.5933364820021,-229.06743389800718,-73.63093206550046,0.6620374071797348,0.3085689413582004,0.07617940948323172,3.7881874417606524e-05,24.49767436737272,36.78297996553759,nan,nan,nan
535.08,217.26336669921875,-229.08934020996094,-73.62171936035156,216.60160253893397,-229.06285796054513,-73.63134561110935,0.66236378076944,0.3086149145770432,0.07620125536040231,3.704942424302866e-05,24.383220698758045,37.22532375440257,nan,0.06594036574267857,nan
535.09,217.27194213867188,-229.0849609375,-73.62230682373047,216.60988302352308,-229.05838877988947,-73.63206877808948,0.6626640530952232,0.3086609757376038,0.07622316969607816,3.7790773974117654e-05,24.332433170812592,36.77880473989236,nan,nan,nan
535.1,217.280517578125,-229.08067321777344,-73.62287902832031,216.61860671005044,-229.0492592559199,-73.63203638410536,0.6627191648349416,0.3086008885885827,0.07621315471565492,3.694039829952347e-05,23.371758266333067,36.67358139639216,3.035723964288803,0.26394399073069286,nan
535.11,217.2891082763672,-229.07647705078125,-73.62344360351562,216.6268953511957,-229.04494620920096,-73.6327298870428,0.6630281949485018,0.3086467602340812,0.0762350572392922,3.7678749340563274e-05,23.318846826621126,36.68024978095434,nan,nan,nan
535.12,217.2976837158203,-229.07235717773438,-73.6240005493164,216.63505220238142,-229.04056232008992,-73.63025938626713,0.6634234007140001,0.30869271381153796,0.07625702016101076,3.685780858638031e-05,22.021671515458067,35.15306180584512,nan,6.319470105801782,nan
535.13,217.3062744140625,-229.0683135986328,-73.62454223632812,216.64334219041842,-229.03641647996906,-73.63090138197202,0.6637296121599897,0.3087387550219336,0.07627905126096735,3.759422596439496e-05,21.965225373869462,34.691223307886744,nan,nan,nan
535.14,217.31484985351562,-229.06436157226562,-73.62507629394531,216.65162604248422,-229.03234414604182,-73.63137202102402,0.6640260350923458,0.30878487856909786,0.07630114326901938,3.677826310910828e-05,21.895709447943833,35.35616678193322,nan,0.01660198398876082,nan
535.15,217.3234405517578,-229.06048583984375,-73.62559509277344,216.66376300902365,-229.0285711138853,-73.6319837917044,0.6604799963623503,0.30872473937016265,0.07629107537452814,3.74889997062308e-05,21.64389425722646,34.969183616416714,0.40139320968561065,nan,nan
535.16,217.33203125,-229.0566864013672,-73.62610626220703,216.67203279157906,-229.02462594590423,-73.63184129455857,0.6608015802936518,0.3087706732372547,0.07631315512996652,3.667888568064392e-05,21.382287723573505,34.6279637521906,nan,0.364369841099628,nan
535.17,217.34060668945312,-229.05296325683594,-73.6266098022461,216.68033376954443,-229.02079231651177,-73.63243557208081,0.6610818691813128,0.3088166944426167,0.0763353028236292,3.741085563925638e-05,21.322329683074965,34.7769785011841,nan,nan,nan
535.1800000000001,217.3491973876953,-229.04931640625,-73.6270980834961,216.68863020386232,-229.01702770896836,-73.63288851460659,0.6613812012913924,0.30886279814635537,0.07635751204913296,3.660540038600933e-05,21.261650330452643,34.72982638277302,nan,0.011275600401122866,nan
535.19,217.3577880859375,-229.0456085205078,-73.627685546875,216.69693251214278,-229.01327757366334,-73.63351500061266,0.6616716421838613,0.3089089893684966,0.07637978930124589,3.733577617231699e-05,21.195966121383428,34.38697921476578,nan,nan,nan
535.2,217.3663787841797,-229.04183959960938,-73.62835693359375,216.68893730308275,-228.99848051735987,-73.63417970950977,0.6788526165845546,0.3088487947278168,0.07636966106977768,3.80561470570412e-05,20.82370677437985,34.64403181472148,3.844639703374478,nan,nan
535.21,217.37496948242188,-229.03802490234375,-73.6291275024414,216.69721792566878,-228.99459256734255,-73.6349915475776,0.6791670835886101,0.3088947958677368,0.07639192517389484,3.881474675825663e-05,20.75801505555307,35.01781123179825,nan,nan,nan
535.22,217.38356018066406,-229.03414916992188,-73.6299819946289,216.70558989467472,-228.9907506733284,-73.63827768131554,0.67940853439492,0.3089408794644715,0.07641425115157166,3.792015244515629e-05,21.627004694276604,35.70585819123609,nan,3.4033663869655872,nan
535.23,217.3921356201172,-229.0302276611328,-73.63093566894531,216.71387166266092,-228.98675247141256,-73.63929537959068,0.6797072699828379,0.30898705049368286,0.07643664521036041,3.867542072598957e-05,21.557287381518222,36.15593359853499,nan,nan,nan
535.24,217.40072631835938,-229.0262451171875,-73.63196563720703,216.72213723238679,-228.98268178975684,-73.63995875591745,0.6800329411467244,0.3090333043834438,0.07645910162721897,3.778921063983894e-05,21.38118698541442,35.61460046781787,nan,0.11900073167681671,nan
535.25,217.40931701660156,-229.02220153808594,-73.63308715820312,216.71776712338095,-228.9729112138161,-73.64115738483027,0.69335122372278,0.30897305380092505,0.07644890967877296,3.851633104786095e-05,21.47849101385496,35.43639955883783,1.5064266578472676,nan,nan
535.26,217.4179229736328,-229.0181121826172,-73.6343002319336,216.7260594121775,-228.96877824288023,-73.64328981875154,0.6936784831251059,0.3090191174349492,0.07647135243813627,3.7639359067847365e-05,21.87629129338739,35.94970406522446,nan,0.44294874917413274,nan
535.27,217.426513671875,-229.01397705078125,-73.63558959960938,216.734320822188,-228.96455879136883,-73.64466406731893,0.6940140138969532,0.3090652682090444,0.07649386308551133,3.838757983502875e-05,21.814403121632484,36.580677598543566,nan,nan,nan
535.28,217.4351043701172,-229.00978088378906,-73.63697052001953,216.742563338504,-228.96026662495188,-73.64558679250632,0.6943622847243516,0.309111501997735,0.07651643665306855,3.7518406718911556e-05,21.589396791598833,35.71380688833008,nan,0.1767568795691288,nan
535.29,217.44369506835938,-229.0055389404297,-73.638427734375,216.75082547068556,-228.95594408127727,-73.64712595460674,0.6946967600832964,0.3091578231097239,0.07653907822304369,3.8263856322697975e-05,21.528683518148835,36.082780627491985,nan,nan,nan
535.3,217.45228576660156,-229.00125122070312,-73.63997650146484,216.73947080274337,-228.9412981904814,-73.64863482829,0.7153841661347662,0.3090975140962067,0.0765288168653111,3.737874302762977e-05,21.528556202933192,36.70138824579274,4.991170639778186,0.0025170132159624365,nan
535.3100000000001,217.46087646484375,-228.9969024658203,-73.64159393310547,216.74770175880528,-228.9368567759774,-73.65033730463007,0.7157514182643241,0.30914364454744153,0.07655144387160367,3.81206525514325e-05,21.47034920281044,36.24375631748386,nan,nan,nan
535.32,217.46946716308594,-228.9925079345703,-73.64330291748047,216.7559238314482,-228.93235663825368,-73.65186064557629,0.716125337691256,0.3091898581489275,0.07657413431706636,3.726733732453526e-05,21.371836093293123,36.11940972892462,nan,0.04228649107335152,nan
535.33,217.47805786132812,-228.98806762695312,-73.64508819580078,216.76415485836674,-228.92781740221727,-73.65372317099214,0.7164929518247638,0.30923615880714256,0.07659689262848403,3.800681939435473e-05,21.310094591581617,36.25377033771369,nan,nan,nan
535.34,217.4866485595703,-228.98358154296875,-73.6469497680664,216.77241583670397,-228.92326173672532,-73.65656012874369,0.7168397453201523,0.30928254299792735,0.07661971481575419,3.716047242686578e-05,21.775100508434534,36.88820778449389,nan,0.4999634904594394,nan
535.35,217.49525451660156,-228.9790496826172,-73.64886474609375,216.79821167036144,-228.9258980240248,-73.65872090284022,0.6991358752999763,0.309222178989971,0.07660938524456945,3.78736517322992e-05,21.610184333627412,36.40077819894492,3.774463851800207,nan,nan
535.36,217.50384521484375,-228.97445678710938,-73.65079498291016,216.80645528434954,-228.92120717802564,-73.6602269254126,0.6994835220086748,0.30926837231578114,0.07663219228203984,3.703507216749625e-05,21.390405842926054,35.440466951997735,nan,0.18997976032667277,nan
535.37,217.51243591308594,-228.96983337402344,-73.6527099609375,216.81471681676055,-228.91648862744464,-73.66227486233034,0.6998207532670953,0.30931465244726514,0.07665506708145076,3.776923339712952e-05,21.351843813154954,36.26261200530024,nan,nan,nan
535.38,217.52102661132812,-228.9651641845703,-73.65459442138672,216.82294057844973,-228.91168539096827,-73.66312517611881,0.700183450562295,0.3093610162222522,0.07667800621995843,3.693710174373157e-05,20.84119231033203,35.81963516098283,nan,0.8780216064109548,nan
535.39,217.5296173095703,-228.96044921875,-73.65644836425781,216.83120178771995,-228.90687559050315,-73.66511403582405,0.7005208552703786,0.3094074670060977,0.07670101327822666,3.7669287462838406e-05,20.806104185077082,35.721735487423,nan,nan,nan
535.4,217.5382080078125,-228.95567321777344,-73.65826416015625,216.8326249195188,-228.8915568533354,-73.66554932301449,0.7085276820793297,0.30934704396497315,0.07669060818725153,3.6820681339759924e-05,19.41443490862327,34.49197907297771,5.307096767589383,1.3935264653037862,nan
535.41,217.5467987060547,-228.95086669921875,-73.66004943847656,216.84088325577892,-228.88662658300385,-73.66745764605159,0.7088711427395102,0.30939330349325556,0.07671359920479569,3.755011294274381e-05,19.376420386384666,35.13468794137671,nan,nan,nan
535.42,217.55538940429688,-228.94601440429688,-73.66180419921875,216.84911387245762,-228.88162461439157,-73.66842507886322,0.7092355095214397,0.30943964676050845,0.07673665499003325,3.673115616242218e-05,19.050563244553768,34.60632375570845,nan,0.526670822629607,nan
535.4300000000001,217.56398010253906,-228.94113159179688,-73.66352081298828,216.85737185474903,-228.8766073782025,-73.67025738996459,0.7095801374434229,0.3094860768069954,0.07675977863492818,3.745888849665448e-05,19.009602594244974,35.32535831525992,nan,nan,nan
535.44,217.57257080078125,-228.93618774414062,-73.66519927978516,216.8656183860884,-228.87153638559928,-73.67168140131601,0.709932062031863,0.3095325909568446,0.07678296744641798,3.664564330196279e-05,18.888025074126155,34.22745713384381,nan,0.09050583467527236,nan
535.45,217.58116149902344,-228.93121337890625,-73.6668472290039,216.85858865308168,-228.8501467817828,-73.67343517577255,0.7271359652115761,0.3094721113966468,0.07677248659925055,3.734848110188546e-05,17.934630325655412,35.363885072244905,9.751764610645589,nan,nan
535.46,217.58975219726562,-228.9261932373047,-73.66846466064453,216.8668239772878,-228.84495163853555,-73.67491099725694,0.7275073634449357,0.30951843406181473,0.07679565871353386,3.654171277961003e-05,17.852338894308794,34.97311654678125,nan,0.04206497690705594,nan
535.47,217.5983428955078,-228.92112731933594,-73.67005157470703,216.87506660173116,-228.8397225859306,-73.67660788131788,0.7278724564897738,0.30956484328940753,0.07681889865215445,3.726550671774229e-05,17.811913416230624,34.60678049589442,nan,nan,nan
535.48,217.60693359375,-228.91603088378906,-73.67160034179688,216.8833090712017,-228.8344527613346,-73.67827393538269,0.7282389556648334,0.30961133792460643,0.0768422053029135,3.8003734667789225e-05,17.772684098858885,35.285419336530374,nan,nan,nan
535.49,217.6155242919922,-228.910888671875,-73.6731185913086,216.89155139643148,-228.82914257574842,-73.67990989850131,0.7286050367598863,0.3096579181119116,0.07686557881031121,3.875654112995084e-05,17.73398357959909,34.892046539340605,nan,nan,nan
535.5,217.62411499023438,-228.90570068359375,-73.67461395263672,216.87491019358637,-228.80878866859447,-73.68078705398513,0.7554719539148035,0.30959737869258835,0.0768550160274765,3.783747667907184e-05,17.321380091021673,35.030838230184315,7.619751407531765,0.21178117031428625,nan
535.51,217.63270568847656,-228.90048217773438,-73.67607116699219,216.8831141010374,-228.80336902797643,-73.68235593476899,0.7558822726598977,0.3096437670157777,0.0768783719527582,3.858616792235687e-05,17.281319593124543,35.639206148063614,nan,nan,nan
535.52,217.64129638671875,-228.89523315429688,-73.67750549316406,216.89136096477182,-228.7979512518007,-73.6855005439377,0.7562610835424949,0.30969023948893554,0.07690179370197948,3.770117369146328e-05,17.895879977228415,36.64648040875574,nan,1.561151455463303,nan
535.53,217.64988708496094,-228.8899383544922,-73.67890930175781,216.8995643420834,-228.79245414955275,-73.68702884142189,0.7566725286517865,0.3097367986351576,0.07692528354880682,3.844691236586459e-05,17.858975471771952,36.15656592693756,nan,nan,nan
535.54,217.65847778320312,-228.8845977783203,-73.68028259277344,216.90773382335024,-228.78688797396535,-73.68725663360637,0.7571078763083978,0.30978344228877946,0.07694883959696817,3.757058552100753e-05,17.383665997972358,35.22171186940603,nan,0.9906127169539845,nan
535.55,217.6670684814453,-228.8792266845703,-73.68163299560547,216.89882773926306,-228.77359646748718,-73.68879027914923,0.7755016488812265,0.3097228449796507,0.0769381937708228,3.828915499012763e-05,17.54965873981682,36.20903013429365,2.9384141026741526,nan,nan
535.5600000000001,217.67564392089844,-228.87380981445312,-73.68295288085938,216.90695939197744,-228.76793699633492,-73.68860663522985,0.7759619343481164,0.3097692965258615,0.07696173152728306,3.7422251659119076e-05,17.01074527523695,35.31130950684662,nan,1.6182692320939314,nan
535.57,217.68423461914062,-228.86837768554688,-73.68424987792969,216.9151319037057,-228.76227887194636,-73.69000245514337,0.776407777705369,0.3098158345411643,0.07698533738264733,3.816170890318833e-05,16.967314197288776,36.35940011462614,nan,nan,nan
535.58,217.6928253173828,-228.86288452148438,-73.68551635742188,216.92330859795354,-228.75658890271708,-73.69157011815179,0.7768470815220277,0.30986245712215027,0.07700900977420871,3.73027858704189e-05,17.02908309007179,34.956788580140795,nan,0.02408955551848037,nan
535.59,217.70140075683594,-228.8573760986328,-73.68675994873047,216.93147966462,-228.75085871162014,-73.69291791982879,0.7772788190752508,0.30990916639943705,0.07703275047699373,3.803983927543141e-05,16.987185282520205,36.221667473083954,nan,nan,nan
535.6,217.70999145507812,-228.85182189941406,-73.68798065185547,216.91630940107757,-228.7405528844375,-73.69279193049648,0.8014581367348862,0.30984850844068024,0.07702201627300899,3.716561913494521e-05,17.437678013030315,35.85337361039303,8.359592455920767,1.500773673681812,nan
535.61,217.7185821533203,-228.8462371826172,-73.68917083740234,216.92443339997908,-228.73475769552604,-73.69407904010761,0.8019501287046066,0.3098950252320084,0.07704573779093267,3.789951010161693e-05,17.396511482949826,36.17335154650912,nan,nan,nan
535.62,217.72715759277344,-228.8406219482422,-73.69034576416016,216.93250240846746,-228.72888035250742,-73.69303090612317,0.8024775736113046,0.3099416266338775,0.07706952615481288,3.7056636030136184e-05,16.900411931384532,35.83708274338791,nan,3.3601187860121784,nan
535.63,217.73574829101562,-228.8349609375,-73.69149017333984,216.94062499389153,-228.72301639356874,-73.69424994114385,0.8029696475358192,0.30998831454658915,0.07709338286104496,3.7788455315811074e-05,16.854666877605933,35.11298481278953,nan,nan,nan
535.64,217.74432373046875,-228.8292694091797,-73.69261169433594,216.94873455030452,-228.71710798212249,-73.69490569889179,0.8034597636290189,0.3100350874117051,0.07711730676407043,3.695260698486419e-05,16.741801790436114,35.25889004772705,nan,0.18510691287356343,nan
535.65,217.75291442871094,-228.82354736328125,-73.69371795654297,216.9599133704432,-228.72072549810736,-73.69608781420342,0.7996428143846088,0.3099743701009299,0.07710648223753466,3.7658945113965304e-05,17.596949977352217,34.98304258412458,5.25964798163853,nan,nan
535.66,217.76148986816406,-228.8177947998047,-73.69479370117188,216.96443836407124,-228.71949355124812,-73.69799334007774,0.8030968019694359,0.3095639335533088,0.07635938809164101,3.682871846285634e-05,25.14077834592856,42.89495329317293,nan,0.3716470713081265,0.02849257359470798
535.67,217.77008056640625,-228.81201171875,-73.69585418701172,216.972549268814,-228.71353770452205,-73.69912897223499,0.8035944414539057,0.3096093439844781,0.07638013011546212,3.755587462905378e-05,25.071703220361616,42.72360921297094,nan,nan,nan
535.6800000000001,217.77865600585938,-228.8061981201172,-73.69689178466797,216.98065298622845,-228.70762236099458,-73.70163038967317,0.8040823676739032,0.3096548383612952,0.07640092908792696,3.673434964867233e-05,25.319487584593702,43.19247450602356,nan,1.2293383030938339,nan
535.69,217.7872314453125,-228.80035400390625,-73.69790649414062,216.98876290148513,-228.70160303516985,-73.70273916578036,0.8045664198954321,0.3097004169015554,0.07642179369318002,3.745986818479214e-05,25.25383918280139,43.23024586763919,nan,nan,nan
535.7,217.7958221435547,-228.79446411132812,-73.69890594482422,216.95604854967613,-228.67543574768493,-73.7033139178443,0.8481785605363046,0.3096394503787261,0.07641169980481045,3.662221864050173e-05,25.29866860879195,43.94067203333998,16.250521773187568,0.25577081374589355,nan
535.71,217.8043975830078,-228.78855895996094,-73.69988250732422,216.9640896908667,-228.6693201459086,-73.70438012616675,0.8487375783753754,0.3096848403413226,0.07643255496802727,3.734532460351359e-05,25.23267004232296,44.9194532449713,nan,nan,nan
535.72,217.81297302246094,-228.78262329101562,-73.70083618164062,216.972130489939,-228.6631708569131,-73.7053656461172,0.8492971002890475,0.3097303141888944,0.07645346778252403,3.6536831640667204e-05,25.175625732820105,44.93821440657425,nan,0.002476948485461336,nan
535.73,217.82154846191406,-228.77664184570312,-73.70177459716797,216.98017043141073,-228.65699452758682,-73.70639410193891,0.8498551704675482,0.3097758721523648,0.07647444599198358,3.7258560156505376e-05,25.112654606875417,43.84309999495276,nan,nan,nan
535.74,217.8301239013672,-228.77064514160156,-73.70269775390625,216.9882159290746,-228.6507340740216,-73.70627702441355,0.850411964353349,0.30982151428642113,0.07649548235394615,3.6455687214490015e-05,24.8151610655289,44.35117877041857,nan,0.8262567215657242,nan
535.75,217.8386993408203,-228.76461791992188,-73.70359802246094,216.98880055899394,-228.64050174196183,-73.70722653020121,0.8589213765239382,0.3097605123024026,0.07648535863256424,3.715319505885656e-05,24.767673579993925,44.71059307009898,0.5950029786134149,nan,nan
535.76,217.84727478027344,-228.75856018066406,-73.70448303222656,216.9968293352169,-228.63420668142336,-73.70769838427863,0.8594949600082941,0.30980596563659485,0.07650638525879774,3.6356656536746324e-05,24.622487469143948,44.415219913023,nan,0.15827567113479146,nan
535.77,217.85585021972656,-228.75247192382812,-73.7053451538086,217.0048545664707,-228.62790605684427,-73.70864069151555,0.8600704143537283,0.3098515030379026,0.07652747707999916,3.707507499934132e-05,24.556368005072912,44.346159659229826,nan,nan,nan
535.78,217.8644256591797,-228.74635314941406,-73.70619201660156,217.0128758134439,-228.62160199301815,-73.71011236474577,0.8606482207756619,0.30989712454888496,0.07654862769252382,3.6283658692168285e-05,24.61291417818639,44.2349852099433,nan,0.19548610523150986,nan
535.79,217.8730010986328,-228.74021911621094,-73.70702362060547,217.02089952145056,-228.61524492549069,-73.7110275462888,0.8612268444512998,0.30994283041913084,0.07656984359610805,3.700103371344201e-05,24.54683215638595,44.929853432272196,nan,nan,nan
535.8,217.88157653808594,-228.73403930664062,-73.70783996582031,217.05171812743828,-228.61896332200362,-73.7132143467838,0.8378164166054375,0.3098817923956561,0.07655967988705112,3.619268816368017e-05,24.607447474089778,43.05624516351099,5.358289011595222,1.267815602209764,nan
535.8100000000001,217.89015197753906,-228.7278594970703,-73.7086410522461,217.05977958408417,-228.61257261166097,-73.71410999071296,0.8383551079628201,0.3099273092445826,0.0765808853076936,3.6908228230219784e-05,24.543940565936467,43.78000081516712,nan,nan,nan
535.82,217.89871215820312,-228.7217254638672,-73.70941925048828,217.06784455864565,-228.60617346157693,-73.71431288401436,0.8388785256977211,0.3099729101419725,0.07660215011763104,3.612729335437558e-05,24.31591501506172,43.22693880303071,nan,0.30409583766868004,nan
535.83,217.90728759765625,-228.71568298339844,-73.71018981933594,217.07590459086057,-228.5998748412797,-73.71517220511394,0.8394248351923198,0.31001859534820675,0.07662348007096066,3.684199096465624e-05,24.244839736566245,43.143052004488894,nan,nan,nan
535.84,217.91586303710938,-228.70974731445312,-73.7109375,217.08395368727327,-228.59373899482264,-73.71762611359243,0.839985615424464,0.3100643648891802,0.07664486987068146,3.606548576760836e-05,24.728049998090647,44.024071389591334,nan,1.7198054072056377,nan
535.85,217.92442321777344,-228.70391845703125,-73.71167755126953,217.10678393848806,-228.59635629374608,-73.71834144265118,0.8247108690015161,0.31000329043563335,0.07663466897857654,3.675688182941663e-05,24.80833329894018,43.059495312489844,3.196031238240246,nan,nan
535.86,217.93299865722656,-228.69821166992188,-73.71239471435547,217.1148586643632,-228.59042369987367,-73.72005471195467,0.8252453998495237,0.31004887072420206,0.07665604791586116,3.5985517668553486e-05,25.146275954673815,44.089385885720745,nan,0.5206492129241274,nan
535.87,217.94155883789062,-228.69259643554688,-73.71310424804688,217.12293877404002,-228.5845670363591,-73.72087978881596,0.8257539700551791,0.31009453526971464,0.07667749187988651,3.669790414957449e-05,25.080966067508882,42.773515343889834,nan,nan,nan
535.88,217.95013427734375,-228.68710327148438,-73.71379852294922,217.13102292398887,-228.57879745332386,-73.72108110348739,0.8262727124996833,0.31014028408886,0.07669899623436024,3.593054925103948e-05,24.827114709849887,43.13888656486342,nan,0.24950914155861478,nan
535.89,217.9586944580078,-228.6817169189453,-73.7144775390625,217.13910298255186,-228.573161590429,-73.72187386904774,0.826782408912161,0.31018611745634295,0.07672056575262615,3.6642347303986825e-05,24.761084591002774,43.06144431206949,nan,nan,nan
535.9,217.96726989746094,-228.6764373779297,-73.71514129638672,217.13636395233314,-228.5683509225226,-73.72494724966279,0.8379639182034255,0.3101250059315573,0.07671031932849126,3.585730098760117e-05,26.835828670516783,44.65102645007644,5.3370728479164065,3.7012564897403877,nan
535.91,217.975830078125,-228.6712646484375,-73.7157974243164,217.1444168166539,-228.56294343590392,-73.72573674933425,0.8384988292279176,0.3101706498149212,0.07673187724491697,3.65677030886034e-05,26.774437023999543,44.65348015975988,nan,nan,nan
535.92,217.98440551757812,-228.66619873046875,-73.71643829345703,217.15246844798995,-228.55764583660127,-73.72667322773498,0.8390517102072107,0.31021637791064915,0.07675349606120509,3.580867769484511e-05,26.917943011660405,44.991673760883415,nan,0.017074431090678896,nan
535.9300000000001,217.9929656982422,-228.66122436523438,-73.7170639038086,217.16052118547628,-228.55244450267816,-73.72744020329155,0.8395859651773439,0.3102621905009414,0.07677517996775753,3.651864377954218e-05,26.861194566144345,44.4740974247892,nan,nan,nan
535.94,218.0015411376953,-228.65635681152344,-73.71768188476562,217.16857760691616,-228.54732443262245,-73.72766970305719,0.8401285971630227,0.310308087590731,0.07679692519432926,3.576304312888379e-05,26.623062711444902,44.54354267578261,nan,0.18674118886917165,nan
535.95,218.01010131835938,-228.65158081054688,-73.7182846069336,217.22155707237712,-228.5617396158275,-73.72845540922008,0.793710849969606,0.3102469385932493,0.07678663434462742,3.64503636970679e-05,26.06127066717035,42.54330068290944,19.32205193660256,nan,nan
535.96,218.0186767578125,-228.6468963623047,-73.7188720703125,217.22969307832267,-228.55683316088874,-73.72843470933651,0.7941650148525214,0.31029264595933564,0.07680836751308988,3.569890369927349e-05,25.706997363562074,41.934471253647,nan,0.3806426860392796,nan
535.97,218.02725219726562,-228.64231872558594,-73.71945190429688,217.23782419905413,-228.55204683456378,-73.72914501638252,0.7946316977637041,0.31033843776465486,0.07683016572352269,3.640731125488505e-05,25.646737526651524,42.57814612209531,nan,nan,nan
535.98,218.0358123779297,-228.6378173828125,-73.72001647949219,217.2459430507383,-228.54741275467106,-73.73163411311398,0.7951110112670622,0.31038431400841354,0.0768520257179102,3.5658924028521494e-05,26.773000476825015,43.01226928761904,nan,2.176680403878633,nan
535.99,218.0443878173828,-228.6334228515625,-73.72057342529297,217.2540748915288,-228.54280930016844,-73.7323409688267,0.795577659030838,0.3104302749819223,0.0768739509255477,3.63670842069098e-05,26.716741793428298,43.792007725865524,nan,nan,nan
536.0,218.05294799804688,-228.6291046142578,-73.72111511230469,217.31736593015978,-228.56956291340057,-73.73498134292988,0.738118191816038,0.31036908781854516,0.07686360871018451,3.560030299738761e-05,28.652526496149846,43.11641872869025,31.616761591680095,2.6443513150675297,nan
536.01,218.0615234375,-228.6248779296875,-73.72164916992188,217.3255833954303,-228.5651958342048,-73.73568682803857,0.7384895083128538,0.3104148588265288,0.07688552112144896,3.630739343528572e-05,28.601810360329857,43.14003387318834,nan,nan,nan
536.02,218.07009887695312,-228.6207275390625,-73.72217559814453,217.33379396556234,-228.56094589031417,-73.73740717388934,0.738884814409483,0.3104607142117425,0.07690749575129754,3.556553485345775e-05,29.6217851357861,43.6820514721214,nan,0.7176277438185333,nan
536.03,218.07867431640625,-228.6166534423828,-73.72268676757812,217.342012411553,-228.55674748779782,-73.73810325116926,0.73925445783106,0.31050665426946883,0.07692953558132833,3.627249086761961e-05,29.5763333936877,43.375901625296216,nan,nan,nan
536.04,218.08724975585938,-228.612548828125,-73.7232894897461,217.35023522879894,-228.55254918608736,-73.73834182321943,0.7396059375679449,0.31055267899244354,0.07695163801935655,3.5533216335212765e-05,29.332788626100015,44.369621641965175,nan,0.17107063899923167,nan
536.05,218.09580993652344,-228.60838317871094,-73.72399139404297,217.34787058815164,-228.54112888162587,-73.7392488343301,0.7511119748768204,0.31049145324515465,0.07694124422326491,3.621797989044939e-05,29.12000485908728,44.24720673175658,1.8870991170671019,nan,nan
536.0600000000001,218.10438537597656,-228.60415649414062,-73.72477722167969,217.356072737542,-228.53684199453104,-73.74071799629374,0.7515032634618892,0.310537287754778,0.07696333333983127,3.548201511327256e-05,29.789299540086006,44.318079405690554,nan,0.2058696957430645,nan
536.07,218.1129608154297,-228.59988403320312,-73.72566223144531,217.36427941285368,-228.5324884036373,-73.74173650701167,0.7518805728190747,0.31058320687814955,0.07698548766374964,3.618796542102693e-05,29.70230845171023,44.38815271745474,nan,nan,nan
536.08,218.1215362548828,-228.59556579589844,-73.72662353515625,217.37249821748776,-228.52804050140702,-73.74127102844906,0.7522181837210188,0.31062921060572385,0.0770077049921341,3.5454293359659105e-05,28.547732838876296,43.672480386503594,nan,1.7047162113174636,nan
536.09,218.13011169433594,-228.59120178222656,-73.7276840209961,217.38070588522933,-228.52358674410993,-73.74245380672151,0.752594848954345,0.3106752992367041,0.07702998772753569,3.616024506222202e-05,28.462680983524066,43.62756042111091,nan,nan,nan
536.1,218.13868713378906,-228.58677673339844,-73.72882080078125,217.34978384118082,-228.489569167799,-73.74253822542762,0.7949879770391615,0.31061403417182815,0.07701953649085787,3.540754746837054e-05,26.473626498736003,43.5821971027268,27.791065141298155,0.9221464598334381,nan
536.11,218.1472625732422,-228.5823211669922,-73.73004913330078,217.35794178495408,-228.48494741521696,-73.74388446063044,0.7954246479968184,0.31065993233783606,0.07704180516213031,3.611266494496025e-05,26.392107937290234,44.488659106919954,nan,nan,nan
536.12,218.15585327148438,-228.5778045654297,-73.73136901855469,217.3661032501103,-228.48026676240704,-73.74489845098748,0.7958654187868501,0.31070591504678136,0.07706413720968451,3.5384030490365893e-05,26.199963421392585,43.29925084272475,nan,0.12094285624063426,nan
536.13,218.1644287109375,-228.5732421875,-73.7327651977539,217.37426197400154,-228.4755494186585,-73.74641212107575,0.7962999358031455,0.31075198259855796,0.07708653469977711,3.608923071030973e-05,26.12146693935766,43.52558742435122,nan,nan,nan
536.14,218.17300415039062,-228.56863403320312,-73.73424530029297,217.38240936346224,-228.4708241419863,-73.74958002451146,0.7967697570220873,0.3107981349820988,0.07710899593023961,3.5362485152593e-05,27.544924379460873,44.98471281574238,nan,1.7039734608774308,nan
536.15,218.18157958984375,-228.56398010253906,-73.73580169677734,217.3957763889675,-228.46645118027013,-73.75111732312571,0.7919805108692607,0.31073683015936526,0.07709848602971092,3.604579182130122e-05,27.079033004480163,44.71547941205504,1.8269281245720879,nan,nan
536.16,218.19015502929688,-228.5592803955078,-73.7374496459961,217.40395164767517,-228.46157672237752,-73.75227628817377,0.7923897994893795,0.31078279182204743,0.07712093260923471,3.5321674003336415e-05,26.72949822834725,44.21095596205826,nan,0.26427210474212764,nan
536.17,218.19873046875,-228.55453491210938,-73.73917388916016,217.4121225012482,-228.45667177513414,-73.7541281702328,0.7928132936816443,0.3108288382655558,0.07714344468269634,3.6026261561229e-05,26.64788254569219,44.11522325752885,nan,nan,nan
536.1800000000001,218.20730590820312,-228.54974365234375,-73.74097442626953,217.4202992322434,-228.45170418039925,-73.7552622983043,0.7932183743154363,0.3108749694795879,0.0771660208365906,3.530379487682876e-05,26.157866569346233,43.5572303990785,nan,0.44210525499471764,nan
536.19,218.2158966064453,-228.544921875,-73.74285125732422,217.4284700327787,-228.44671087793287,-73.75726626084096,0.7936584915362781,0.3109211857633472,0.07718866270734676,3.60085590136704e-05,26.080457915150383,44.14816266714255,nan,nan,nan
536.2,218.22447204589844,-228.5400390625,-73.74478912353516,217.45242373063616,-228.44246115816213,-73.75879160993485,0.7783162070390617,0.3108598404196315,0.07717808909375162,3.526651275400249e-05,24.894123448526365,42.42090205373993,6.7919742460305805,0.2418072564739625,nan
536.21,218.23304748535156,-228.53512573242188,-73.7467269897461,217.46062993163488,-228.43736851799798,-73.76088961010696,0.7787078592624214,0.31090586572151996,0.0772007155618575,3.5970606410820135e-05,24.844399802891562,43.18471491710805,nan,nan,nan
536.22,218.2416229248047,-228.53016662597656,-73.7486572265625,217.46883612837817,-228.43223351841613,-73.76298450006674,0.7790992215717241,0.3109519758088548,0.07722340705400857,3.6689025770576625e-05,24.7974230475343,42.820989425568484,nan,nan,nan
536.23,218.2501983642578,-228.52516174316406,-73.75055694580078,217.47704227497007,-228.42705662521647,-73.7650593037438,0.7794903918305397,0.3109981708261363,0.07724616371470505,3.7421915333471954e-05,24.757768302886603,42.553909910346924,nan,nan,nan
536.24,218.25877380371094,-228.52012634277344,-73.75242614746094,217.48525682152336,-228.42181521535855,-73.76594456148106,0.7798566195293697,0.31104445083575816,0.07726898507104371,3.661649689497753e-05,24.062327656244655,42.49078050845666,nan,0.8683516261399454,nan
536.25,218.26734924316406,-228.51504516601562,-73.75425720214844,217.5019955469371,-228.40909640541508,-73.76790696072847,0.7727727583904225,0.31098306450372015,0.07725834577069501,3.7324243802006914e-05,22.58720829863863,42.09486179274926,13.62167804264674,nan,nan
536.26,218.2759246826172,-228.50991821289062,-73.75605773925781,217.5102353831894,-228.40374819847793,-73.76920556320047,0.7731267945770728,0.3110291532680526,0.0772811510869758,3.652434804453971e-05,22.26325948212765,41.35822896392304,nan,0.2903331794960948,nan
536.27,218.28451538085938,-228.5047607421875,-73.75782012939453,217.51847017217284,-228.3983726962054,-73.77113312526528,0.7735120645074263,0.3110753269791973,0.07730402232240123,3.7253444606763654e-05,22.223015652318228,41.7271280524002,nan,nan,nan
536.28,218.2930908203125,-228.4995574951172,-73.75955200195312,217.52669595080616,-228.3929796729617,-73.77423747879912,0.7739092914620193,0.31112158562171877,0.07732695855599435,3.645789374605311e-05,23.315984726420332,42.54386856730669,nan,0.9525215850074982,nan
536.29,218.30166625976562,-228.4943084716797,-73.76124572753906,217.53493000479085,-228.38752566441363,-73.776109373752,0.7742790069471758,0.31116792949898925,0.07734996094616518,3.7185699874213736e-05,23.27802704768746,42.07688189309283,nan,nan,nan
536.3,218.31024169921875,-228.48902893066406,-73.76290893554688,217.54011066858183,-228.3792401539964,-73.77538622632085,0.7780173922330551,0.3111065013909148,0.07733925146814348,3.637188956449744e-05,21.457772988802322,40.98260483884284,0.2704659131992319,4.351819906979369,nan
536.3100000000001,218.31881713867188,-228.4837188720703,-73.76453399658203,217.54834076085822,-228.37370218578468,-73.77716747713207,0.7783939393783351,0.3111526537525529,0.07736223704875493,3.709758120161812e-05,21.414629828510407,41.43671987392086,nan,nan,nan
536.32,218.327392578125,-228.47836303710938,-73.76612854003906,217.556568149764,-228.3681319151065,-73.77924841605933,0.778776817042521,0.3111988909840737,0.07738528791131455,3.631120562788057e-05,21.788844743890657,41.25046507357491,nan,0.07196463110759456,nan
536.33,218.33596801757812,-228.4729766845703,-73.76769256591797,217.56479777044248,-228.362518959991,-73.7809700478335,0.7791538683164603,0.3112452133832656,0.07740840502590864,3.703578991403269e-05,21.7440159370247,41.59339614503437,nan,nan,nan
536.34,218.34454345703125,-228.46754455566406,-73.76922607421875,217.57302466131114,-228.35687463278708,-73.78300660544318,0.7795376751766631,0.3112916209426588,0.07743158775271897,3.6253267887592636e-05,22.15909984846679,41.39858342628581,nan,0.07842273046763219,nan
536.35,218.3531036376953,-228.4620819091797,-73.7707290649414,217.54436785788027,-228.34480521973973,-73.78448553874718,0.8173106043669098,0.31123015057085607,0.07742080565222373,3.6953670235835056e-05,23.539763761933,42.82962443531805,24.739919355749613,nan,nan
536.36,218.36167907714844,-228.45657348632812,-73.77220153808594,217.55252867276235,-228.3390784534468,-73.78497684524275,0.8177363072182278,0.31127636634336797,0.0774439708806168,3.617581108594636e-05,22.86897822765984,41.38735161046185,nan,0.8580696713321586,nan
536.37,218.37025451660156,-228.4510498046875,-73.77364349365234,217.56068122381225,-228.33333293863788,-73.78656826738901,0.8181889920589334,0.3113226672153827,0.07746720246666135,3.689751412894566e-05,22.821343172671888,42.596592607818046,nan,nan,nan
536.38,218.3788299560547,-228.4454803466797,-73.77505493164062,217.56883899782585,-228.32754071103466,-73.78730844296187,0.8186240031957608,0.31136905318564656,0.07749049992547229,3.612320402078339e-05,22.38851946710624,41.47141890791309,nan,0.44853754562702214,nan
536.39,218.3874053955078,-228.4398651123047,-73.77644348144531,217.5769904947016,-228.32172535697094,-73.78883607678563,0.819074410330554,0.31141552454298627,0.07751386399589065,3.684403656731561e-05,22.33980606349007,40.683579201849774,nan,nan,nan
536.4,218.39598083496094,-228.43423461914062,-73.77780151367188,217.56928634130702,-228.31375265213993,-73.78895503428846,0.8355022987593808,0.3113540111046925,0.07750300518114951,3.6051095273660046e-05,22.342527163496033,41.67142418042676,4.825390146450078,1.21288772075358,nan
536.41,218.40455627441406,-228.42855834960938,-73.77912902832031,217.57740376576285,-228.30787663094907,-73.7904154715249,0.8359860845654106,0.3114002903964569,0.07752635096953434,3.677022812186341e-05,22.295810613979455,40.879539515423666,nan,nan,nan
536.42,218.41311645507812,-228.4228515625,-73.78043365478516,217.58552334769465,-228.30196237995833,-73.7914695440915,0.8364486455826309,0.3114466547238649,0.07754976287628171,3.600351968332944e-05,22.152816784319423,40.99539620374977,nan,0.09644744709823057,nan
536.4300000000001,218.42169189453125,-228.4171142578125,-73.7817153930664,217.5936399542642,-228.29601988292546,-73.79287505939146,0.8369339290301155,0.31149310436904587,0.07757324151438187,3.6721929125879834e-05,22.100931325025535,40.95190140860098,nan,nan,nan
536.44,218.43026733398438,-228.41134643554688,-73.78296661376953,217.60174638299034,-228.29006188057485,-73.79570455821187,0.8374480071857799,0.31153963934045587,0.07759678658710896,3.5958335195099694e-05,23.161321499707885,42.12708554048223,nan,1.402279199099022,nan
536.45,218.43882751464844,-228.40554809570312,-73.78419494628906,217.59148077940347,-228.27290595526827,-73.7970232440139,0.8577616174508881,0.31147808231286345,0.07758584821100836,3.665329825986149e-05,22.953063464553704,43.073434965148664,3.860108573208659,nan,nan
536.46,218.44740295410156,-228.3997039794922,-73.78539276123047,217.5995874620709,-228.26681259198406,-73.79548428346702,0.8582266997839667,0.3115244249397488,0.07760937426711145,3.589361335569106e-05,21.242069428988625,40.37925628227651,nan,5.582777694131085,nan
536.47,218.45596313476562,-228.3938446044922,-73.78657531738281,217.60767441555646,-228.260719573333,-73.79677869740902,0.8587317008371231,0.3115708528141425,0.07763296718106172,3.660986990715656e-05,21.187479483037993,41.39859589910773,nan,nan,nan
536.48,218.46453857421875,-228.38795471191406,-73.78772735595703,217.61575412214603,-228.25460602255342,-73.7990801399947,0.8592705073141965,0.3116173659515267,0.0776566267570326,3.585303291928281e-05,21.878578374737298,42.02156120197239,nan,0.7127743953117921,nan
536.49,218.47311401367188,-228.38201904296875,-73.78886413574219,217.62384008980845,-228.24845104760993,-73.80033974884653,0.8597896817447078,0.31166396462378276,0.07768035345721941,3.6568753318917445e-05,21.826920474384952,40.99326018739307,nan,nan,nan
536.5,218.48167419433594,-228.37606811523438,-73.78997039794922,217.6085190446495,-228.22846556482185,-73.80306620317764,0.885639841259859,0.3116023632017014,0.07766933173690979,3.579289571541391e-05,22.841063507896607,44.29738855446342,6.017065827419097,1.3666483260516051,nan
536.51,218.490234375,-228.3700714111328,-73.79106140136719,217.61656819500078,-228.22222308933038,-73.80429805709257,0.886186735055888,0.31164876924286705,0.07769303861938938,3.650724437487673e-05,22.79080184548883,43.18181057055327,nan,nan,nan
536.52,218.49880981445312,-228.3640594482422,-73.79212951660156,217.6246118529126,-228.21595780805887,-73.80626392258682,0.8867671358474778,0.31169526048302804,0.077716812379378,3.575663270595034e-05,23.520206381807444,44.734823000558116,nan,0.38515852248807836,nan
536.53,218.5073699951172,-228.35801696777344,-73.79317474365234,217.63265973019026,-228.20965647768267,-73.80746194720315,0.8873178724526057,0.31174183718683746,0.07774065339966935,3.647056148663627e-05,23.470858313860656,44.65130575975633,nan,nan,nan
536.54,218.5159454345703,-228.35194396972656,-73.79419708251953,217.64071246362852,-228.2033191453722,-73.80778010999256,0.8878663134015715,0.3117884993803537,0.07776456160335231,3.5722418175712666e-05,22.98098123140254,43.95026469224614,nan,0.5006008402750228,nan
536.55,218.52450561523438,-228.34584045410156,-73.79520416259766,217.654387492748,-228.19864397553042,-73.80884602868848,0.882586228588133,0.31172685300647796,0.0777534534315317,3.641345369112004e-05,22.76162975623531,43.57285233186342,0.6698036064655625,nan,nan
536.5600000000001,218.53306579589844,-228.33970642089844,-73.79618835449219,217.66245322836068,-228.19224653468987,-73.80850495701068,0.8830981596022811,0.3117733222824505,0.07777734104218316,3.566856612034119e-05,21.846155969902316,42.48146264116138,nan,1.4676714266186146,nan
536.57,218.5416259765625,-228.33355712890625,-73.79714965820312,217.67050916620042,-228.18583245695604,-73.80960028225033,0.8836413831625198,0.31181987694999497,0.07780129605324973,3.6380913643919446e-05,21.795221955598123,43.22101684457311,nan,nan,nan
536.58,218.55018615722656,-228.32736206054688,-73.798095703125,217.67856996285758,-228.17938418747417,-73.80975035495177,0.88416518372677,0.3118665170424746,0.07782531844902812,3.5638264113128144e-05,21.28900027287522,41.52181141381979,nan,0.5846911878327289,nan
536.59,218.5587615966797,-228.32115173339844,-73.79901885986328,217.68662441734145,-228.17291516044347,-73.81080010590856,0.8847237641794603,0.3119132428138105,0.07784940852069916,3.63503368028085e-05,21.23912987475849,42.13458081927511,nan,nan,nan
536.6,218.56732177734375,-228.31491088867188,-73.7999267578125,217.73156756307034,-228.19903138684603,-73.80939784848256,0.8438026233531437,0.3118515506846468,0.07783821031381069,3.558828121563126e-05,21.387584359425563,38.921873914676745,32.20370021621479,4.058474726027406,nan
536.61,218.5758819580078,-228.30865478515625,-73.80081939697266,217.7396641938241,-228.19258914266996,-73.81038834670471,0.8442884266061813,0.3118980832444606,0.0778622789714841,3.629923664326613e-05,21.331516218152654,39.54253110824691,nan,nan,nan
536.62,218.58444213867188,-228.30235290527344,-73.80168914794922,217.74776455007796,-228.18611621463492,-73.81064447493146,0.8447606485788037,0.31194470116360024,0.07788641520572091,3.5561623520947494e-05,21.00859579787986,38.045182225177776,nan,0.35181938098093957,nan
536.63,218.59300231933594,-228.29603576660156,-73.80254364013672,217.75585994723926,-228.1796213529401,-73.81159431156588,0.8452464619985786,0.31199140468870556,0.07791061926194116,3.627239439172596e-05,20.95510019096027,38.612929251297054,nan,nan,nan
536.64,218.60154724121094,-228.28970336914062,-73.80338287353516,217.7639531056482,-228.1731020690745,-73.81278040271626,0.8457234256309278,0.31203819386385917,0.07793489119312401,3.553669203972847e-05,21.123397975633182,39.508705431521726,nan,0.04366081854462489,nan
536.65,218.610107421875,-228.2833251953125,-73.80419921875,217.78915381764318,-228.16827345368677,-73.81363927362317,0.8290300586760019,0.3119764553894851,0.07792359968992035,3.622497669549704e-05,20.260033131295895,37.45077221462846,5.73041562972422,nan,nan
536.66,218.61866760253906,-228.27694702148438,-73.80500793457031,217.78071655580956,-228.16184684774362,-73.81260354933394,0.8458532379046944,0.30620864061419406,0.07794729135315215,3.5490554124364226e-05,28.136412427058776,46.83601204361474,nan,2.5587465102738265,0.047263639238856715
536.67,218.62722778320312,-228.27052307128906,-73.80579376220703,217.78883756048074,-228.1552545228769,-73.81347240698449,0.8463119787614667,0.3062502808769436,0.07797152255943426,3.620015040869457e-05,28.05766590814339,45.44684484470585,nan,nan,nan
536.6800000000001,218.6357879638672,-228.26414489746094,-73.80656433105469,217.79701881312138,-228.14866278317533,-73.81360890559102,0.8467109500845676,0.306291994018184,0.07799581558385028,3.5468940536852184e-05,27.73967520634996,45.92280627643279,nan,0.3538018220293308,nan
536.69,218.6443328857422,-228.25782775878906,-73.80732727050781,217.8051380926766,-228.1421306287953,-73.81444137435454,0.8471625210493752,0.30633380130585025,0.07802017064584428,3.617846364084258e-05,27.649330113897346,44.89104467148109,nan,nan,nan
536.7,218.65289306640625,-228.2516326904297,-73.80806732177734,217.80921968543998,-228.13270333940548,-73.81535491067166,0.8520458163960322,0.3062700769536621,0.07800881656523244,3.542748015149838e-05,27.56152350306362,46.17242865568732,0.29428308466651637,0.010125043591504899,nan
536.71,218.66143798828125,-228.24554443359375,-73.80879211425781,217.81733357931097,-228.12636131223212,-73.81615981695604,0.8525087405438249,0.3063117148312682,0.07803314496919951,3.613608089762635e-05,27.469951151167265,45.93029503800779,nan,nan,nan
536.72,218.6699981689453,-228.23956298828125,-73.80950927734375,217.82561542094507,-228.12012410449424,-73.81490797473819,0.8528053810889594,0.3063534262518177,0.07805753542778308,3.540888929125926e-05,26.698938152644413,44.526159573026106,nan,2.8783348856933455,nan
536.73,218.6785430908203,-228.23370361328125,-73.8102035522461,217.83372851267492,-228.1140109728067,-73.81566560239183,0.8532689104980524,0.3063952310607295,0.07808198813577351,3.6117485448481604e-05,26.60778431596193,44.9367695070463,nan,nan,nan
536.74,218.68710327148438,-228.2279510498047,-73.8108901977539,217.84176240678298,-228.10801721361608,-73.81738520971439,0.8538310651278689,0.30643711004499263,0.07810650319203938,3.539172779033031e-05,26.882677715587462,44.56907112218532,nan,0.6560533185482412,nan
536.75,218.69564819335938,-228.22232055664062,-73.81156158447266,217.8363616056992,-228.0931125452187,-73.81820074099548,0.8689719376064987,0.30637345859479975,0.07809505880248359,3.607813158913179e-05,26.567165978195966,45.68013402392308,2.5152776573550923,nan,nan
536.76,218.70420837402344,-228.216796875,-73.81221771240234,217.84446445278252,-228.08732277352016,-73.81884593675024,0.8694636774602673,0.30641516835070054,0.07811954662891649,3.5354596174168295e-05,26.497278133201398,45.19983747722232,nan,0.00504578202511668,nan
536.77,218.71275329589844,-228.21139526367188,-73.8128662109375,217.8525605506073,-228.08164389131656,-73.81956340493893,0.8699493261604787,0.30645697075573847,0.07814409691604478,3.6062384093799316e-05,26.404885733168634,46.01711654972342,nan,nan,nan
536.78,218.7213134765625,-228.20608520507812,-73.81349182128906,217.86053910406372,-228.07607810961284,-73.8217735459864,0.8705762184817327,0.3064988479693903,0.07816870978024726,3.5340118139642035e-05,27.012536377878195,45.51533043402957,nan,1.5675416125534583,nan
536.79,218.7298583984375,-228.20089721679688,-73.81411743164062,217.86863528362713,-228.07061460652687,-73.82248207242446,0.8710618687773483,0.3065408177885721,0.07819338539076448,3.604798188720698e-05,26.92015157478497,46.57278730595193,nan,nan,nan
536.8,218.73841857910156,-228.19580078125,-73.8147201538086,217.86819261333048,-228.06554139273746,-73.8209206293723,0.8799427172805587,0.3064772195698788,0.07818184794534931,3.5305606920554946e-05,26.780295002799292,45.2846124486028,4.789173028012904,4.008498457225949,nan
536.8100000000001,218.74696350097656,-228.19081115722656,-73.81531524658203,217.8762633923366,-228.06029386172094,-73.82158534925685,0.8804503153496532,0.30651901963786754,0.07820649572821922,3.601269107386834e-05,26.69305282888054,45.62754815723772,nan,nan,nan
536.82,218.75552368164062,-228.1859130859375,-73.81590270996094,217.88428766193954,-228.05514824721456,-73.82285885590365,0.8810221524100316,0.30656089512322965,0.07823120631110031,3.529359206741395e-05,26.885352683557468,45.224131221340315,nan,0.2666392835680595,nan
536.83,218.7640838623047,-228.18112182617188,-73.81646728515625,217.8923587846925,-228.05009985600435,-73.82350800396175,0.8815446326340171,0.3066028625079265,0.07825597985165847,3.600080307471582e-05,26.803189629473543,45.76077670299836,nan,nan,nan
536.84,218.7726287841797,-228.17642211914062,-73.81703186035156,217.90043270408626,-228.04514767591326,-73.82411328751658,0.8820482572885092,0.3066449059143673,0.07828081648320928,3.528274029515327e-05,26.759195865241484,45.5707838014678,nan,0.0007732283436326753,nan
536.85,218.78118896484375,-228.17181396484375,-73.81758117675781,217.90687900510676,-228.03341922852303,-73.82477749482298,0.8852247148211999,0.3065813769005001,0.07826918327779982,3.596796109466567e-05,25.82552905779672,45.28829173220081,4.808014271586342,nan,nan
536.86,218.7897491455078,-228.16729736328125,-73.818115234375,217.91508779724307,-228.02862926525077,-73.82367817409501,0.8856027675306845,0.3066232506899654,0.07829399147417086,3.525172795289161e-05,25.17684998672774,44.63702592200939,nan,2.053352136176659,nan
536.87,218.7982940673828,-228.16287231445312,-73.81864166259766,217.9231728375775,-228.02393253281593,-73.8242699023576,0.8860999418012224,0.30666521569714644,0.07831886283809521,3.5958371570711574e-05,25.092082181499514,44.77408799539125,nan,nan,nan
536.88,218.80685424804688,-228.15853881835938,-73.81916046142578,217.93130616786416,-228.0193240670036,-73.82418234395605,0.8865610001634572,0.30670725729536863,0.07834379750964117,3.524303903276844e-05,24.83996096294366,44.62190372060447,nan,0.31237012333137726,nan
536.89,218.81541442871094,-228.15414428710938,-73.81977081298828,217.93939275871531,-228.01473576003823,-73.82480031627153,0.8870591860892606,0.30674939009822644,0.07836879563660964,3.594986643797138e-05,24.7536331985256,43.819417591023125,nan,nan,nan
536.9,218.823974609375,-228.14971923828125,-73.82047271728516,217.95573009401812,-228.0154675343875,-73.82519686121836,0.8785751965435705,0.30668591380211285,0.07835706392452531,3.5214126569798023e-05,24.797861366925307,44.53389491672433,0.9389527221401568,0.09792923563909173,nan
536.91,218.83253479003906,-228.14523315429688,-73.8212661743164,217.96382854164182,-228.01079336777315,-73.8259980253268,0.879060289524528,0.3067278764808936,0.07838203298910325,3.592027682491878e-05,24.712681438879102,43.653339159334465,nan,nan,nan
536.92,218.84109497070312,-228.1407012939453,-73.82215118408203,217.97211330717283,-228.00607011962495,-73.82416324808739,0.8793513137832425,0.30676991629128597,0.07840706557289884,3.5207407044509024e-05,24.129413781417156,43.202378358552764,nan,5.188359223500428,nan
536.9300000000001,218.8496551513672,-228.13612365722656,-73.8231201171875,217.980212979058,-228.00130074624417,-73.82511865866397,0.8798357247142937,0.30681204666449663,0.07843216182086128,3.591377809852701e-05,24.050557042684098,43.21620111304231,nan,nan,nan
536.94,218.85821533203125,-228.13150024414062,-73.82418060302734,217.9881452463999,-227.99648521792594,-73.82868339536938,0.8804949098962223,0.3068542547401788,0.07845732187726712,3.520161646676771e-05,24.440296507377454,43.64226828759855,nan,4.432226947929089,nan
536.95,218.8667755126953,-228.1268310546875,-73.82532501220703,218.00374674645823,-227.9980296550359,-73.82986677923103,0.8725990371027259,0.3067908439350997,0.0784454889107971,3.5886131802330804e-05,24.762512748274517,43.37590823643473,1.3105547030953257,nan,nan
536.96,218.87533569335938,-228.1221160888672,-73.82655334472656,218.0119864973289,-227.9931383514226,-73.82908277919341,0.8729338400368637,0.30683288196926395,0.0784706192635863,3.517547838413026e-05,24.295343961656354,42.910757104549255,nan,2.8792481942832144,nan
536.97,218.88389587402344,-228.11737060546875,-73.82787322998047,218.02009411929973,-227.98820158918525,-73.83039446441752,0.8734096764145066,0.3068750099523049,0.078495813487087,3.588145204847038e-05,24.214398585111116,43.67757408612808,nan,nan,nan
536.98,218.8924560546875,-228.11256408691406,-73.82926940917969,218.02829719820838,-227.98322125684604,-73.8302986372408,0.8737855321712027,0.30691721613425926,0.07852107172536862,3.517139700777649e-05,23.99372703069589,42.4752464164631,nan,1.5577698717415214,nan
536.99,218.90101623535156,-228.1077117919922,-73.83075714111328,218.03640546822254,-227.97819633123635,-73.83176483729744,0.8742579989121253,0.3069595122868479,0.07854639412366368,3.5877629861730524e-05,23.918716598692427,42.21755525546914,nan,nan,nan
537.0,218.90957641601562,-228.1028289794922,-73.83232116699219,218.05350715786568,-227.9751871159266,-73.83414845933436,0.8655347243647699,0.30689615335020737,0.07853445714095222,3.514690941159732e-05,23.559724962704667,42.70581941621731,1.8317210038660359,0.4054725425148801,nan
537.01,218.91815185546875,-228.09788513183594,-73.83396911621094,218.0616362289362,-227.97007522947348,-73.8357894058355,0.8660009833081311,0.3069382789749172,0.07855974917901183,3.5852535851250784e-05,23.485899394767674,41.353191084299844,nan,nan,nan
537.02,218.9267120361328,-228.09292602539062,-73.835693359375,218.0696791515814,-227.9649195377963,-73.83892742522971,0.8665457202310258,0.306980483264248,0.07858510543378704,3.5144370744712383e-05,23.614995072019433,43.33640383640004,nan,1.403227954172311,nan
537.03,218.93527221679688,-228.08790588378906,-73.8375015258789,218.07780835828407,-227.95972364052864,-73.840744341687,0.8669979653939804,0.30702277695346897,0.07861052605308574,3.58502824615776e-05,23.537644082802927,41.99696889217704,nan,nan,nan
537.04,218.94383239746094,-228.0828399658203,-73.8393783569336,218.08583813750522,-227.95448430946252,-73.84431572303777,0.8675561666082757,0.307065149841953,0.07863601117726245,3.514255951470366e-05,23.86570471549196,42.171684594141986,nan,1.9646327062122724,nan
537.05,218.952392578125,-228.07774353027344,-73.84131622314453,218.08681059964002,-227.93586051686128,-73.84635698401841,0.8771478554058478,0.3070018527014439,0.07862396741059179,3.58267000098769e-05,22.529467349901285,42.91270989989611,11.064385433051191,nan,nan
537.0600000000001,218.96095275878906,-228.07261657714844,-73.84326171875,218.0950383660267,-227.9305056218295,-73.84683995142007,0.8775055914145022,0.3070440550914618,0.07864942150141832,3.5120226637841065e-05,22.109256122454823,43.10537125094637,nan,1.642401675800129,nan
537.07,218.9695281982422,-228.0674285888672,-73.8451919555664,218.10317730774864,-227.92510865397188,-73.84883511974341,0.8779704448173601,0.30708634633974763,0.07867494015855213,3.582585580270488e-05,22.043777206076136,41.496104864263515,nan,nan,nan
537.08,218.97808837890625,-228.06222534179688,-73.84709930419922,218.11137536912267,-227.91967451705912,-73.84976651235512,0.8783617096395279,0.3071287172072337,0.07870052351802825,3.511973755707912e-05,21.800389183146578,42.880029844770284,nan,0.7636987817117099,nan
537.09,218.9866485595703,-228.0569610595703,-73.84896850585938,218.11951409179719,-227.9141996848867,-73.8517028344855,0.8788119661536087,0.3071711769913253,0.07872617173393778,3.5825676109250844e-05,21.7342425800407,41.44489664782514,nan,nan,nan
537.1,218.99520874023438,-228.05166625976562,-73.85079956054688,218.13039724334817,-227.91460524269593,-73.85251816372019,0.8756069901180581,0.3071079305353521,0.07871401839894411,3.509867507679953e-05,22.18365411413947,41.77928582211505,2.8379051598803526,1.0143386840053459,nan
537.11,219.00376892089844,-228.0463409423828,-73.85260772705078,218.13853026196676,-227.90907161923982,-73.85437864154449,0.8760616074935362,0.3071502193577215,0.07873963489574753,3.580405362615301e-05,22.113667237913408,42.000210590628996,nan,nan,nan
537.12,219.0123291015625,-228.0409698486328,-73.8543701171875,218.1466201105311,-227.90349879055577,-73.85700404151166,0.8765599161031525,0.307192588188297,0.07876531628842515,3.5099367732686956e-05,22.15164537472732,41.63981896699637,nan,0.44824069318627086,nan
537.13,219.02088928222656,-228.0355682373047,-73.8561019897461,218.15475276950664,-227.89789087418532,-73.8588044716454,0.8770147195974194,0.3072350454376735,0.07879106273662641,3.580507346777451e-05,22.08530887836967,41.90533643645408,nan,nan,nan
537.14,219.0294647216797,-228.03013610839844,-73.85779571533203,218.1628996257266,-227.89224698770104,-73.86029824286902,0.8774706478139118,0.3072775831932407,0.07881687436830995,3.510061808837449e-05,21.987597652571704,42.116119690842986,nan,0.05235556474205045,nan
537.15,219.03802490234375,-228.024658203125,-73.85945892333984,218.1529976978109,-227.87828527570488,-73.86216779166277,0.8970538025182081,0.30721439487950675,0.07880460869371461,3.578460132169599e-05,22.168012832803367,42.32986559559092,4.065972563705778,nan,nan
537.16,219.0465850830078,-228.01913452148438,-73.86109161376953,218.16098994296476,-227.87255051826347,-73.86599722644365,0.8976578897908978,0.3072567616503017,0.07883038790291147,3.508119128507382e-05,22.579161423294018,42.048548153620125,nan,3.1827630800557065,nan
537.17,219.05514526367188,-228.0135955810547,-73.86268615722656,218.1690906270634,-227.86678641909396,-73.86768790774858,0.8981485214591476,0.3072992163708195,0.07885623236362009,3.578668749183499e-05,22.520127173841214,43.33504904838996,nan,nan,nan
537.1800000000001,219.06370544433594,-228.0080108642578,-73.8642578125,218.1771772662134,-227.86098666572715,-73.86962533491193,0.8986529562938667,0.3073417519415283,0.07888214219745115,3.508344055841259e-05,22.571855093009226,42.54692365429107,nan,0.05420557794235351,nan
537.19,219.072265625,-228.0023956298828,-73.86579132080078,218.18527763406945,-227.85515325550838,-73.87125752643212,0.8991428653281057,0.3073843755565592,0.07890811757330247,3.578927737802173e-05,22.51484472045116,42.830721617470026,nan,nan,nan
537.2,219.08082580566406,-227.9967498779297,-73.86729431152344,218.18775097069368,-227.83257962076644,-73.87320156921079,0.9080580542497266,0.3073212364205678,0.07889573675084546,3.506496939606015e-05,20.884458141941032,43.41676611062633,19.574454257293546,0.0831745694003562,nan
537.21,219.08938598632812,-227.99105834960938,-73.86876678466797,218.1958706799073,-227.82662784276783,-73.87477781132834,0.9085390067740493,0.3073636886109028,0.0789216789898174,3.577027449984522e-05,20.829545395918725,42.50334946422977,nan,nan,nan
537.22,219.0979461669922,-227.9853515625,-73.87020874023438,218.20408051867804,-227.8206492998314,-73.87440600390164,0.9089225762332696,0.3074062219656967,0.07894768678796216,3.5068101565206105e-05,20.24997491725857,43.137625283106516,nan,2.5912059145911868,nan
537.23,219.10650634765625,-227.97959899902344,-73.87162780761719,218.21219979684003,-227.81463143194105,-73.8759063888358,0.9094046466118032,0.3074488429380167,0.07897376032095868,3.577375898732701e-05,20.189361597244346,42.092657166044525,nan,nan,nan
537.24,219.1150665283203,-227.97381591796875,-73.87301635742188,218.22032849825888,-227.80858178764598,-73.87716628966304,0.9098767401133753,0.3074915455374389,0.07899989970054432,3.507165157573532e-05,20.098750433658502,42.14025324227025,nan,0.03184938402430083,nan
537.25,219.1236114501953,-227.96800231933594,-73.87437438964844,218.22532022710703,-227.79816315693054,-73.87855310606433,0.9142154692603308,0.30742846094202525,0.07898740096656823,3.575561063584489e-05,19.73927842574746,42.54150101318627,0.9587270118099427,nan,nan
537.26,219.13217163085938,-227.962158203125,-73.8757095336914,218.2333973117138,-227.79203373120802,-73.88090612064784,0.9147483901142658,0.30747099204357153,0.07901350647710528,3.5054390602274964e-05,19.951527717542643,42.603608480482734,nan,0.6177890209113392,nan
537.27,219.14073181152344,-227.95628356933594,-73.87701416015625,218.2415158600887,-227.78587635299348,-73.88230602901989,0.9152354618197109,0.307513610362947,0.07903967791196881,3.575988081460452e-05,19.89473076521211,42.641872692536964,nan,nan,nan
537.28,219.1492919921875,-227.95037841796875,-73.87828826904297,218.2496924418314,-227.7796931435741,-73.88232956762693,0.9156577668486858,0.3075563105812468,0.07906591537599157,3.50586754930287e-05,19.50815744410627,42.340868863213196,nan,1.284981751273703,nan
537.29,219.15785217285156,-227.94444274902344,-73.87954711914062,218.25781021182652,-227.77347413660098,-73.88366614901084,0.9161456022088026,0.30759909814636394,0.07909221905492272,3.576452373428142e-05,19.447660333523054,42.09058471460326,nan,nan,nan
537.3,219.16641235351562,-227.93846130371094,-73.88077545166016,218.2401912639581,-227.7501721687525,-73.88570902473698,0.9451786313855238,0.30753606091881874,0.07907959958011576,3.504211517793019e-05,19.269012204541376,42.51980862053783,9.026402794341362,0.21115060752746814,nan
537.3100000000001,219.17495727539062,-227.93246459960938,-73.8819808959961,218.24827426051525,-227.74385777994974,-73.88700645170687,0.9456950875894667,0.3075786765680756,0.07910586864765456,3.574744695290936e-05,19.21184664018786,43.53533717414989,nan,nan,nan
537.32,219.1835174560547,-227.92645263671875,-73.88316345214844,218.2562750652631,-227.73750564368527,-73.89028906271825,0.9463245699987222,0.3076213743605442,0.07913220392357423,3.504704105701007e-05,19.88461304713839,45.03295015038497,nan,2.840649604024161,nan
537.33,219.19207763671875,-227.92039489746094,-73.88431549072266,218.26435685976875,-227.7311326071874,-73.89156046977725,0.9468571931531149,0.3076641591393214,0.07915860560041357,3.575273826010625e-05,19.83685419089424,43.90189574301968,nan,nan,nan
537.34,219.20062255859375,-227.914306640625,-73.88545227050781,218.27251251886636,-227.724738721476,-73.89092078168875,0.9472877843758926,0.30770702649119247,0.07918507377310459,3.505227214841167e-05,19.15428432200286,43.057666664824154,nan,2.511294513836336,nan
537.35,219.2091827392578,-227.90818786621094,-73.88656616210938,218.27178796520758,-227.71668307700017,-73.89194525691853,0.9567716453617937,0.30764404025763203,0.07917233080883489,3.5736279149357965e-05,19.450516152354307,43.08263587075843,3.059630241681688,nan,nan
537.36,219.2177276611328,-227.9020538330078,-73.88765716552734,218.27983316550777,-227.71022440033934,-73.89352328146784,0.9573291113707407,0.30768673557382187,0.07919876361053789,3.5036581020834514e-05,19.554880660322166,44.16603228148103,nan,0.1097598248987182,nan
537.37,219.22628784179688,-227.89588928222656,-73.88872528076172,218.2878929422303,-227.70373966396548,-73.89468956282896,0.9578841453907911,0.3077295175404355,0.07922526299565671,3.574213165176858e-05,19.50147660959879,43.795875681765665,nan,nan,nan
537.38,219.23483276367188,-227.8896942138672,-73.8897705078125,218.2959364746733,-227.69722547144534,-73.8962633345077,0.9584428074242182,0.30777238228577014,0.07925182905264841,3.504233624848273e-05,19.642410533742602,43.833792452860244,nan,0.12908251567642767,nan
537.39,219.24339294433594,-227.8834686279297,-73.89079284667969,218.30399540348506,-227.69068616651498,-73.89739318277275,0.9589975920836972,0.30781533384195453,0.079278461983507,3.574825268600822e-05,19.592873371563602,43.4218389192152,nan,nan,nan
537.4,219.25193786621094,-227.87722778320312,-73.89179992675781,218.3233296155009,-227.6911032170606,-73.89822037234507,0.9470991814641269,0.3077523928887637,0.07926559268512076,3.502714397171945e-05,19.618291261951555,43.654304517801855,2.2832892505307716,0.13162180825344158,nan
537.41,219.260498046875,-227.87095642089844,-73.89278411865234,218.3314035360979,-227.6845244562269,-73.89931017759261,0.9476371018764123,0.3077951720106945,0.07929218947552995,3.573255022497258e-05,19.567809389540816,43.21366667318148,nan,nan,nan
537.42,219.26904296875,-227.86465454101562,-73.89375305175781,218.33945026010142,-227.6779158542995,-73.90114997214638,0.9481923093551807,0.30783803409227567,0.07931885311064704,3.503334896248534e-05,19.87202772882259,43.23721042381223,nan,0.4167214924248822,nan
537.4300000000001,219.277587890625,-227.8583221435547,-73.89469909667969,218.34752307881772,-227.67128496468723,-73.90220981973758,0.9487148525250715,0.30788098268390124,0.07934558379847989,3.573912553031489e-05,19.823833871112846,42.89450183013503,nan,nan,nan
537.44,219.28614807128906,-227.8519744873047,-73.89562225341797,218.3555538652922,-227.66462268614936,-73.90448363716274,0.9493075359191883,0.30792401463569674,0.07937238161870136,3.503977064319811e-05,20.421692671540345,44.090601789918104,nan,1.0694784978757723,nan
537.45,219.29469299316406,-227.84559631347656,-73.89653015136719,218.3327746321682,-227.64689130836783,-73.90550548492881,0.9822683792573085,0.3078611211818159,0.07935938325739521,3.5723855600478755e-05,21.07069617084137,45.212436885780406,11.036163738712096,nan,nan
537.46,219.30323791503906,-227.83920288085938,-73.89742279052734,218.34077067009818,-227.6401710311977,-73.90699789997296,0.9828776920272109,0.3079039805370996,0.07938614415141766,3.502518078258562e-05,21.368347713265024,46.08727545844514,nan,0.15814108182589,nan
537.47,219.31178283691406,-227.832763671875,-73.8982925415039,218.34878136621683,-227.6334285153581,-73.90800463245223,0.9834636047659533,0.30794692612326324,0.07941297227340645,3.5730816873106584e-05,21.328342427279075,44.64940029189438,nan,nan,nan
537.48,219.32032775878906,-227.82632446289062,-73.89915466308594,218.35679943005613,-227.62666281281395,-73.90873957621146,0.9840444529297684,0.3079899552163756,0.07943986769759662,3.5031962515194565e-05,21.246206246691695,46.0686561955975,nan,0.045948361501832125,nan
537.49,219.32887268066406,-227.81985473632812,-73.89999389648438,218.36480887190174,-227.61987180185213,-73.90971121805153,0.9846352765290198,0.3080330707286234,0.07946683063995036,3.573796582989214e-05,21.202201232149523,45.60133788989797,nan,nan,nan
537.5,219.33741760253906,-227.8133544921875,-73.90081024169922,218.36514896569705,-227.60853877199287,-73.90889379227443,0.9936403399698411,0.3079702202188831,0.07945370036322498,3.5017715753578294e-05,20.368415083242052,44.82261085959059,0.6955659174763495,2.094921354179233,nan
537.51,219.34596252441406,-227.8068389892578,-73.90161895751953,218.3731455222175,-227.60169213033421,-73.9098158849176,0.9942461179746679,0.30801316275223417,0.0794806255837496,3.572320936418564e-05,20.320042027991157,45.162281938969244,nan,nan,nan
537.52,219.35450744628906,-227.80029296875,-73.90240478515625,218.38112515423109,-227.59481952568467,-73.91127738105041,0.9948724266231641,0.3080561889177836,0.07950761827320431,3.502479992100877e-05,20.624772867326648,45.01827832912097,nan,0.21683537194727667,nan
537.53,219.36305236816406,-227.79371643066406,-73.90318298339844,218.38912009873073,-227.5879270875591,-73.91217505253354,0.9954768588402559,0.30809930125372886,0.07953467865233688,3.573066346024354e-05,20.579239691050887,44.27951406817833,nan,nan,nan
537.54,219.37159729003906,-227.78713989257812,-73.90393829345703,218.39716470166556,-227.58102256011813,-73.9112547607228,0.9960204589856377,0.30814249759686363,0.07956180678837599,3.5032033019092403e-05,19.78134479222075,44.97429419116847,nan,2.291966723652578,nan
537.55,219.38014221191406,-227.78060913085938,-73.90467834472656,218.3943927199417,-227.56466809439075,-73.91203444821832,1.0091514774371144,0.3080796911366819,0.07954854189037364,3.571619857968804e-05,19.351843383561995,44.89321683932281,2.562266749907864,nan,nan
537.5600000000001,219.388671875,-227.774169921875,-73.90541076660156,218.4023835046912,-227.55782453264038,-73.9125636086772,1.0097629622833528,0.3081227143007698,0.07957563149388416,3.5018185414447565e-05,19.22957214567791,44.676364677967236,nan,0.06615936033403015,nan
537.57,219.397216796875,-227.76783752441406,-73.90612030029297,218.41036548841626,-227.55107973457103,-73.9133823535326,1.0104019902403278,0.30816582340494736,0.07960278895496277,3.572390550814397e-05,19.177075555706956,44.49748394663531,nan,nan,nan
537.58,219.40576171875,-227.76162719726562,-73.90682220458984,218.41840764814444,-227.54446018129292,-73.91184616309897,1.0109672663973668,0.30820901661223,0.07963001433675614,3.502565424798502e-05,18.353076187683033,43.93347778063639,nan,3.865966338821394,nan
537.59,219.414306640625,-227.75552368164062,-73.90750885009766,218.4263886021549,-227.53794570191354,-73.91261512786225,1.0116067922218273,0.30825229597177634,0.07965730786599949,3.573173912103905e-05,18.29526946085379,43.01400065332742,nan,nan,nan
537.6,219.42283630371094,-227.7495574951172,-73.9081802368164,218.4366581573188,-227.52116442882414,-73.91406941548473,1.0122970964976559,0.30818952990123494,0.07964390549482397,3.501203284973106e-05,17.302416348158875,44.70741024506451,10.5626822025952,0.3486184009695062,nan
537.61,219.43138122558594,-227.7436981201172,-73.9088363647461,218.4446635006598,-227.514852946407,-73.91481975031412,1.012925359104371,0.30823263571198284,0.07967115967077655,3.571760508140545e-05,17.247532144452475,43.75475948287682,nan,nan,nan
537.62,219.43991088867188,-227.73794555664062,-73.90948486328125,218.4527024499074,-227.5086660639473,-73.9141515362405,1.0134946300666832,0.3082758257034738,0.07969848192822604,3.5019693809212805e-05,16.80094450181335,42.61453982040895,nan,1.3947818947102801,nan
537.63,219.44845581054688,-227.73233032226562,-73.91011810302734,218.46070762313178,-227.50258644520054,-73.91486360212764,1.0141258553810824,0.30831910164252835,0.07972587249726146,3.572563252859979e-05,16.742200788227724,44.152103907077645,nan,nan,nan
537.64,219.45700073242188,-227.726806640625,-73.91073608398438,218.46870339322857,-227.49661760577274,-73.91597270322787,1.0147640339526676,0.30836246211574764,0.07975333143610007,3.502745334992602e-05,16.83000442448974,42.76055170707865,nan,0.11772042785956838,nan
537.65,219.4655303955078,-227.72140502929688,-73.91134643554688,218.4954769362896,-227.51031562675766,-73.91662930786916,0.9927690357507859,0.3082997366809177,0.0797397889109668,3.5711685923873775e-05,17.73330241990977,42.48484760553902,10.886847198750583,nan,nan
537.66,219.4740753173828,-227.7161102294922,-73.91194152832031,218.50351600699,-227.50462126934445,-73.91638288967752,0.993344190573062,0.30834292337188596,0.07976720766201868,3.5014080787512924e-05,17.449494146527115,42.0671780521588,nan,0.6069064062930073,nan
537.67,219.4826202392578,-227.71090698242188,-73.91252136230469,218.51153509867834,-227.49902818542367,-73.91704374653717,0.9939413598552046,0.3083861958209441,0.07979469488518497,3.5719868092818435e-05,17.394831312203696,41.09659808956529,nan,nan,nan
537.6800000000001,219.49114990234375,-227.70582580566406,-73.91309356689453,218.50354829664084,-227.50590321232568,-73.91785769406135,1.007645112041817,0.3075091032951034,0.07927270213069226,3.5020107253940145e-05,26.59523160923027,51.57655046184904,nan,0.024595460090403004,0.27820508573306085
537.69,219.49969482421875,-227.70083618164062,-73.91365814208984,218.51155217041685,-227.5005475302953,-73.91849868987828,1.0082484212847955,0.30755071206835805,0.07929760905973618,3.572621232512291e-05,26.504278951439844,50.65534931458332,nan,nan,nan
537.7,219.50823974609375,-227.69593811035156,-73.9142074584961,218.53246900207893,-227.50201103066286,-73.91706507056183,0.9948589965711476,0.30748516946422577,0.07928561247510468,3.5006941049104645e-05,26.010629496497405,49.08146138602973,1.8263325696808905,2.771446142002892,nan
537.71,219.51678466796875,-227.69114685058594,-73.91474914550781,218.54049397191565,-227.4968660346691,-73.91766434760707,0.9954381231580576,0.3075266088608116,0.07931048964630837,3.571253111565742e-05,25.917235513329047,49.58336078297506,nan,nan,nan
537.72,219.52532958984375,-227.68630981445312,-73.91537475585938,218.5484885599388,-227.49176050872433,-73.91886417276135,0.9960321310558499,0.3075681272095703,0.07933542819390847,3.501502069864558e-05,25.940837345834645,49.63428051253821,nan,0.2201271010932358,nan
537.73,219.5338592529297,-227.6814422607422,-73.91609954833984,218.55651492039289,-227.48659901581794,-73.91960415426013,0.9965832211597144,0.3076097334326842,0.07936042969132473,3.572097449510758e-05,25.84776601078645,50.42363688305019,nan,nan,nan
537.74,219.5424041748047,-227.676513671875,-73.91691589355469,218.5645394788177,-227.48139537756356,-73.92047965881314,0.9971475381585019,0.3076514191246222,0.07938549287916964,3.5023161955486816e-05,25.781639760654166,49.01148712290615,nan,0.0013357863279942661,nan
537.75,219.5509490966797,-227.6715545654297,-73.91781616210938,218.59456490058497,-227.49461251712916,-73.92142635560917,0.972621330474318,0.30758596816653566,0.07937340336651831,3.5707404512815756e-05,26.778306492108662,48.965400648293894,11.070155668813024,nan,nan
537.76,219.5594940185547,-227.6665496826172,-73.91880798339844,218.60268899864542,-227.4893349256892,-73.9209374795581,0.9730803928507205,0.3076274845607749,0.07939843625360281,3.501013453369893e-05,26.457969003519217,48.35199431620114,nan,1.59408970912048,nan
537.77,219.5680389404297,-227.6614990234375,-73.91989135742188,218.61073411072576,-227.4840480488894,-73.92202579751579,0.9736148833995153,0.30766908833692225,0.0794235322542386,3.5715930930959706e-05,26.371981500354273,47.9503884498595,nan,nan,nan
537.78,219.5765838623047,-227.6564178466797,-73.92105102539062,218.6187180045822,-227.47874545090096,-73.92440034091528,0.974210295329844,0.307710771963747,0.07944869022159667,3.5018353633829396e-05,26.47921321745561,48.95028631090011,nan,1.012540682862009,nan
537.79,219.5851287841797,-227.6512908935547,-73.92230987548828,218.6267636636442,-227.47337716411477,-73.92567575065321,0.9747452633882615,0.3077525430501711,0.07947391156742702,3.572450704135392e-05,26.391621974624698,48.26401841772324,nan,nan,nan
537.8,219.59368896484375,-227.6461181640625,-73.92364501953125,218.6503827958743,-227.4850948596773,-73.925392105577,0.9569524989677451,0.3076871744967949,0.07946172510872178,3.500540591460496e-05,27.522441017320258,47.24592891413602,13.231051152545671,2.0296767279380648,nan
537.8100000000001,219.60223388671875,-227.6409149169922,-73.92506408691406,218.6584303755166,-227.4796919136434,-73.92682294021353,0.9574763799338679,0.30772877592051623,0.07948691553120366,3.5711038813950925e-05,27.438727782334556,47.84545911362523,nan,nan,nan
537.82,219.61077880859375,-227.6356658935547,-73.92656707763672,218.6664853885159,-227.47424672264054,-73.92818706208459,0.9579920857139445,0.30777045754437643,0.0795121681908351,3.501367943301868e-05,27.34514677320753,47.32563817431129,nan,0.016047445292576623,nan
537.83,219.61932373046875,-227.63038635253906,-73.92814636230469,218.67453336411236,-227.4687660117533,-73.92978363776477,0.9585158588080178,0.3078122261819101,0.07953748439235153,3.571967044980653e-05,27.262184139081867,47.883640239725196,nan,nan,nan
537.84,219.62786865234375,-227.62506103515625,-73.9298095703125,218.68253005459312,-227.4632689739829,-73.93255775357913,0.9590877373666716,0.3078540754968428,0.07956286314300862,3.5021989392734396e-05,27.321138525238588,47.40891008272182,nan,0.8460599401310114,nan
537.85,219.63641357421875,-227.6197052001953,-73.93155670166016,218.65429073133834,-227.4401885033382,-73.93431617626179,0.9983982860853059,0.3077887952715644,0.07955057826946295,3.5706262062107014e-05,27.584479334473105,49.461576867634314,12.66812787211972,nan,nan
537.86,219.64495849609375,-227.6143035888672,-73.93338012695312,218.6622481379779,-227.43457957086943,-73.9368168737027,0.9990156063954345,0.3078304749469927,0.07957592551800671,3.5009106143516505e-05,27.628300335902054,49.01737835134916,nan,0.29804542307868387,nan
537.87,219.65350341796875,-227.60887145996094,-73.9352798461914,218.67023545483096,-227.42892127606672,-73.93875339134459,0.9996049327272432,0.3078722412197476,0.07960133647088018,3.571492877545865e-05,27.547659156406556,49.389582556459025,nan,nan,nan
537.88,219.6620635986328,-227.6033935546875,-73.9372329711914,218.67821729438978,-227.42322908047566,-73.94088248606185,1.0002130308586699,0.3079140884729554,0.07962681023630476,3.501744972712657e-05,27.511957153592064,48.68137908379793,nan,0.011237701193698714,nan
537.89,219.6706085205078,-227.597900390625,-73.93919372558594,218.68620491480073,-227.41749858506782,-73.9429173522414,1.0008042444818437,0.307956022439392,0.07965234797322529,3.572362391565437e-05,27.437058003806893,49.986401851338464,nan,nan,nan
537.9,219.6791534423828,-227.5923614501953,-73.9411392211914,218.69217935284172,-227.41798869870914,-73.94453567215501,1.0022650576396825,0.3078908232027661,0.07963996090045135,3.500460620696548e-05,28.500060150715903,49.513279496756276,7.513554055448518,0.05935586974191578,nan
537.91,219.6876983642578,-227.58677673339844,-73.94305419921875,218.7001457428376,-227.41221096048915,-73.94654080792502,1.0028686581928916,0.30793258718643846,0.07966546648461033,3.571025468099369e-05,28.433265523581447,48.843998424515604,nan,nan,nan
537.92,219.6962432861328,-227.5811767578125,-73.94493865966797,218.70809867046003,-227.40640423983893,-73.94883442864737,1.0034891088287248,0.3079744324237624,0.07969103513857743,3.5012967036431946e-05,28.445776267775386,50.049873523335414,nan,0.07102765818727334,nan
537.9300000000001,219.7047882080078,-227.57553100585938,-73.94679260253906,218.71606475081623,-227.4005573774033,-73.9507815860237,1.0040944962727387,0.3080163640008358,0.07971666792669221,3.571896839131387e-05,28.379270084209328,49.17628980329417,nan,nan,nan
537.94,219.7133331298828,-227.56985473632812,-73.9486083984375,218.72406658583787,-227.39466100972146,-73.9518087174625,1.0046648093024892,0.30805837727257296,0.07974236409406879,3.502134797563681e-05,28.147377110269034,49.20561721753747,nan,0.5537019506106566,nan
537.95,219.7218780517578,-227.56414794921875,-73.95038604736328,218.7305957078215,-227.3804887810307,-73.95375241961186,1.0081580768518044,0.3079932630572429,0.07972987308301349,3.570562592259812e-05,26.986340332153187,49.31645351342951,7.119094508183677,nan,nan
537.96,219.7304229736328,-227.55841064453125,-73.9521255493164,218.7385642334127,-227.37452079089957,-73.95592134610467,1.0087683811921302,0.30803510631743775,0.0797555364837467,3.500852103426519e-05,27.000129327555666,49.55199598442795,nan,0.07768958948517686,nan
537.97,219.7389678955078,-227.55262756347656,-73.9538345336914,218.74654552195886,-227.3685146701782,-73.95772801143782,1.0093636035483857,0.30807703557065036,0.07978126418053835,3.571434410801237e-05,26.934945501084428,48.51974113583136,nan,nan,nan
537.98,219.7475128173828,-227.5468292236328,-73.95551300048828,218.75452638033553,-227.3624764568275,-73.95950909876063,1.0099623634522363,0.30811904674967555,0.07980705550650632,3.501690759639628e-05,26.88612151393531,49.49200616577053,nan,4.281343097887913e-05,nan
537.99,219.7560577392578,-227.54098510742188,-73.9571533203125,218.76250758446872,-227.356406268098,-73.96124981823183,1.0105582810025253,0.3081611440723072,0.07983291139833831,3.572307743018557e-05,26.821752978762408,48.623538741442026,nan,nan,nan
538.0,219.7646026611328,-227.53512573242188,-73.9587631225586,218.75912216338378,-227.3404386284254,-73.96115826745213,1.02415811110162,0.30809610907651364,0.07982031287528116,3.500409563438337e-05,25.936103355530197,49.81559206371251,3.440581011224406,2.5766639623377663,nan
538.01,219.7731475830078,-227.5292205810547,-73.96034240722656,218.7670938095718,-227.33428270229032,-73.96281906448846,1.0247688058548492,0.3081380360631818,0.0798461353229868,3.570973530553639e-05,25.865811958015748,48.729781685389696,nan,nan,nan
538.02,219.7816925048828,-227.52328491210938,-73.9618911743164,218.77509196743677,-227.32808403080637,-73.96369501934437,1.0253542216741627,0.30818004518014697,0.07987202164354015,3.5012476685819875e-05,25.709016491846576,48.56755448415486,nan,0.401435547610207,nan
538.03,219.7902374267578,-227.517333984375,-73.9634017944336,218.78306314794736,-227.32186694954825,-73.96528769691254,1.0259682968929777,0.3082221401321638,0.07989797269231444,3.571846479280152e-05,25.635675960470454,49.67262539272937,nan,nan,nan
538.04,219.7987823486328,-227.51133728027344,-73.96488952636719,218.7910255369259,-227.31562381033325,-73.96709716521141,1.0265877592914188,0.30826431762321055,0.0799239879205963,3.502086811074941e-05,25.59792117400227,48.37738867424023,nan,0.04281429140275746,nan
538.05,219.8073272705078,-227.5053253173828,-73.96633911132812,218.8194829564029,-227.32479635726014,-73.96865145518287,1.0042073696634901,0.3081993643488396,0.07991127991343977,3.5705129940050715e-05,26.221191410797115,48.624064147335424,6.342823035674727,nan,nan
538.0600000000001,219.81585693359375,-227.499267578125,-73.96776580810547,218.82749349357647,-227.31851667958034,-73.9695986826699,1.0047569538533505,0.30824137142770797,0.07993726104959312,3.500804444728752e-05,26.090174620482962,47.32488494371099,nan,0.222469149455575,nan
538.07,219.82440185546875,-227.49319458007812,-73.96916961669922,218.8354851646613,-227.31221681738253,-73.97107425446096,1.0053421306166757,0.30828346405648005,0.07996330707563534,3.5713846137143256e-05,26.01806402923122,47.90518146536371,nan,nan,nan
538.08,219.83294677734375,-227.48709106445312,-73.97053527832031,218.8434735476558,-227.30589000182923,-73.97261328948865,1.0059301245591263,0.3083256393917927,0.07998941751745528,3.501642544307134e-05,25.962617244697494,47.95388383632131,nan,0.005801975077464022,nan
538.09,219.84149169921875,-227.48095703125,-73.97187805175781,218.8514643044894,-227.2995338439099,-73.97403589625979,1.0065154104692575,0.3083679004581145,0.08001559312178073,3.572257002514126e-05,25.89311201183233,47.607020416881554,nan,nan,nan
538.1,219.85003662109375,-227.47479248046875,-73.97319793701172,218.85859844474518,-227.28200877783124,-73.97608312718596,1.0100116523319627,0.3083030243138384,0.08000277224190597,3.500360308677505e-05,24.440460221356535,47.26207605581047,12.540354134460658,0.2855154404406454,nan
538.11,219.8585662841797,-227.46861267089844,-73.9744873046875,218.86661170290128,-227.27556124701158,-73.977461011633,1.010569931532182,0.3083451146587883,0.08002891305080913,3.57092140353729e-05,24.370670373217564,48.20343520692612,nan,nan,nan
538.12,219.8671112060547,-227.46238708496094,-73.97574615478516,218.87463799254598,-227.26908041631643,-73.97835809583785,1.0111267823130747,0.30838728785463443,0.08005511850558664,3.5011966271690185e-05,24.242331336884774,46.84005061430749,nan,0.1466729679417692,nan
538.13,219.8756561279297,-227.45614624023438,-73.97698974609375,218.88265030690195,-227.26257908316134,-73.97968222658744,1.0116995870037284,0.3084295465293049,0.08008138928498602,3.5717922193142085e-05,24.1735918853187,47.27126798025462,nan,nan,nan
538.14,219.88418579101562,-227.44989013671875,-73.97820281982422,218.89071481727555,-227.25602655785428,-73.97913541606381,1.0122097275811646,0.3084718884356979,0.08010772501406849,3.502033482915945e-05,23.91616852885815,48.00941915696619,nan,2.4058349105619135,nan
538.15,219.89273071289062,-227.44358825683594,-73.9793930053711,218.87933316857774,-227.23866955851227,-73.98033663279661,1.033908674001123,0.3084070907119875,0.08009478909475974,3.5704563656971645e-05,23.84860925996506,47.48783382644859,3.687732594534724,nan,nan
538.16,219.90126037597656,-227.43727111816406,-73.98055267333984,218.88734551832357,-227.23205538724133,-73.98045486677805,1.034474187379154,0.3084492617782376,0.08012108934750556,3.5007486479787144e-05,23.746602801003164,48.34531519947977,nan,0.8789970691986344,nan
538.17,219.90980529785156,-227.43092346191406,-73.98169708251953,218.89532673902707,-227.22543020701775,-73.9816553197324,1.0350817483979855,0.3084915180909904,0.0801474550862159,3.571324987236707e-05,23.67117316170146,47.61188514972138,nan,nan,nan
538.1800000000001,219.9183349609375,-227.424560546875,-73.98281860351562,218.90334485781617,-227.21876205048164,-73.98140855386212,1.0356446875217624,0.3085338577481917,0.08017388599745617,3.5015836999374265e-05,23.650525971904358,48.334904268788456,nan,1.4327203429706588,nan
538.19,219.9268798828125,-227.4181671142578,-73.98391723632812,218.91132490938344,-227.21208686039733,-73.98255115621836,1.0362542358237032,0.30857628285908767,0.08020038267008002,3.572194043412402e-05,23.570760790318324,47.80540282408069,nan,nan,nan
538.2,219.93540954589844,-227.4117431640625,-73.98499298095703,218.91406795579667,-227.19528078592757,-73.98340374526755,1.0440292766438686,0.30851155989003615,0.08018732848173946,3.500298399501418e-05,22.59126786941355,47.78669455066367,7.580794654856368,0.15808017788698867,nan
538.21,219.94395446777344,-227.40530395507812,-73.98604583740234,218.92205472002627,-227.1885279403201,-73.98450414523967,1.0446402786772202,0.3085538138629034,0.0802137889497914,3.5708551352825453e-05,22.51018982321125,48.28058350659222,nan,nan,nan
538.22,219.95248413085938,-227.39883422851562,-73.9870834350586,218.93003276332072,-227.18175525217742,-73.98592903188604,1.0452422750713741,0.30859615127335377,0.08024031480723592,3.501131164894611e-05,22.40630763107834,47.642032426861384,nan,0.08370682301067067,nan
538.23,219.9610137939453,-227.392333984375,-73.98809051513672,218.93801874777714,-227.17495495195968,-73.98699338095778,1.0458363695731079,0.3086385739328102,0.08026690658767692,3.571722153244534e-05,22.32775125623525,47.367503229624525,nan,nan,nan
538.24,219.9695587158203,-227.38583374023438,-73.98908233642578,218.94597888754916,-227.16814380422687,-73.98912850201631,1.0464724435998376,0.30868108038721465,0.0802935640585661,3.5019642912183903e-05,22.2183054779082,48.63610267743453,nan,0.8380398343241209,nan
538.25,219.97808837890625,-227.37928771972656,-73.99005889892578,218.97270920774233,-227.1684674624763,-73.99031880349088,1.0272451149690192,0.3086164325272334,0.08028038927760493,3.570382664075569e-05,21.791447043040105,46.110090475610576,5.0642182380231535,nan,nan
538.26,219.9866180419922,-227.3727264404297,-73.99101257324219,218.98069784482638,-227.16162183511983,-73.99274253654305,1.027834417706543,0.3086587676871881,0.0803070098314588,3.500675911198653e-05,21.800477132703964,46.720946726788256,nan,1.3871614646847474,nan
538.27,219.99514770507812,-227.36614990234375,-73.991943359375,218.9887171799965,-227.15473855832278,-73.9937602528146,1.0283970338826218,0.30870118790781337,0.08033369646896502,3.5712472365985966e-05,21.73230101388078,47.25629878815545,nan,nan,nan
538.28,220.00367736816406,-227.3595428466797,-73.99285888671875,218.99674618323272,-227.14782790242236,-73.99427184424749,1.0289487962275408,0.30874369199015866,0.08036044900683742,3.5015070382436515e-05,21.623168868211536,46.44055919483975,nan,0.16824600529069386,nan
538.29,220.01222229003906,-227.35292053222656,-73.99375915527344,219.00476395564056,-227.1409003709007,-73.99524937007068,1.0295275931697006,0.3087862813620588,0.08038726790643827,3.5721121813189844e-05,21.55514015046692,46.614054619152625,nan,nan,nan
538.3,220.020751953125,-227.3462677001953,-73.99463653564453,218.9985973547312,-227.1267060073907,-73.99474312350425,1.0454699284655584,0.30872170562961754,0.08037396943729698,3.500218102504609e-05,21.53255543215607,46.81574420404831,3.7004844999458486,1.1256555712765486,nan
538.3100000000001,220.02928161621094,-227.339599609375,-73.99549865722656,219.00659082707853,-227.11972309832092,-73.99567006478127,1.0460603040313405,0.30876412341657006,0.08040075066744704,3.57076949023139e-05,21.45995761718901,47.08593003958168,nan,nan,nan
538.32,220.03781127929688,-227.33291625976562,-73.99634552001953,219.0146063341509,-227.11270736582023,-73.9954164465169,1.046633259514244,0.3088066251158451,0.08042759800216898,3.50104690980602e-05,21.410251193714117,47.39283316054725,nan,0.9560339213792862,nan
538.33,220.0463409423828,-227.32620239257812,-73.9971694946289,219.02259857071783,-227.1056819633613,-73.99629902567553,1.0472241693927873,0.30884921193882997,0.08045451185924125,3.571632400164072e-05,21.334732266703032,46.8189189826621,nan,nan,nan
538.34,220.0548553466797,-227.31947326660156,-73.99798583984375,219.0305848088499,-227.09863865060169,-73.99745027872599,1.047806446399156,0.308891883012312,0.08048149211939787,3.501876108739815e-05,21.248271332692173,46.923074086764295,nan,0.05698166678134609,nan
538.35,220.06338500976562,-227.31271362304688,-73.998779296875,219.06114051206544,-227.1020318056976,-73.9982058669848,1.024149007788288,0.3088273790569282,0.08046806751726317,3.570289215465503e-05,20.982795122505813,45.1651953738222,5.3710212756688955,nan,nan
538.36,220.07191467285156,-227.30593872070312,-73.99955749511719,219.06913172642842,-227.09498098101932,-74.00120781433861,1.0247338820996916,0.30886987835609253,0.0804950093654226,3.500584213396178e-05,20.979950415780444,45.45810455884113,nan,3.3074129413183937,nan
538.37,220.0804443359375,-227.2991485595703,-74.00032043457031,219.07716047489677,-227.08789060847278,-74.00205200373541,1.0252860215854374,0.3089124626261678,0.08052201789535071,3.571149813121605e-05,20.914483831810735,45.688258277925684,nan,nan,nan
538.38,220.08897399902344,-227.29234313964844,-74.00106811523438,219.08516118305474,-227.08079502531965,-74.00452332731098,1.0258677851797346,0.3089551311759241,0.08054909302603058,3.501411568200928e-05,21.09964943453282,46.14662836966879,nan,1.9010652388803797,nan
538.39,220.0974884033203,-227.2855682373047,-74.0018081665039,219.09318885266234,-227.0736961271124,-74.00535548757753,1.026411205129766,0.30899788494302305,0.08057623511897179,3.5720108867193916e-05,21.036119253409534,45.214572369473174,nan,nan,nan
538.4,220.10601806640625,-227.2788848876953,-74.00252532958984,219.13156341561267,-227.08113829721626,-74.00534044519937,0.994320625037626,0.3089334502694753,0.08056268139959745,3.500119331308985e-05,20.613994386295715,44.082555143195606,9.277597088823065,0.6267997463125817,nan
538.41,220.1145477294922,-227.27230834960938,-74.00322723388672,219.13964146166484,-227.07422570742335,-74.00613820699144,0.9948303563667856,0.3089760319754523,0.08058978430464167,3.5706648309561756e-05,20.547082541439046,43.84084523491148,nan,nan,nan
538.42,220.12306213378906,-227.26585388183594,-74.00392150878906,219.14770144712517,-227.06743682109172,-74.00809330579136,0.9953467752366807,0.30901869797727094,0.08061695400271397,3.5009446140369815e-05,20.72750514152159,44.166723798090196,nan,0.9666999883998503,nan
538.4300000000001,220.131591796875,-227.259521484375,-74.00460052490234,219.15577853085742,-227.06075917344043,-74.00887683246229,0.9958595649941298,0.30906144906137856,0.08064419082205078,3.571524148428095e-05,20.664273855292677,43.9406519828265,nan,nan,nan
538.44,220.14010620117188,-227.25331115722656,-74.00525665283203,219.163853064591,-227.05420543768605,-74.0098086813185,0.9963603741624275,0.309104284764241,0.08067149473066747,3.501770438283709e-05,20.66526973271409,44.324683954749666,nan,0.0182912148457638,nan
538.45,220.1486358642578,-227.2472381591797,-74.00591278076172,219.15528057787338,-227.0435134115053,-74.0105288284581,1.0140413234672527,0.3090399185062208,0.08065780936059683,3.570177919896198e-05,21.21754074563663,45.46383853683778,4.386794420875595,nan,nan
538.46,220.1571502685547,-227.24127197265625,-74.00654602050781,219.16330421709827,-227.03721105438103,-74.0125758529504,1.014597058561732,0.3090825819299816,0.08068507331021092,3.500475701408787e-05,21.58159138858465,45.28597890454684,nan,1.1925044719821676,nan
538.47,220.16567993164062,-227.23541259765625,-74.00717163085938,219.1713453752609,-227.03101874624105,-74.01332434338129,1.0151432964752245,0.30912533031103234,0.08071240453860995,3.57103527155646e-05,21.52811257791855,44.13149976169079,nan,nan,nan
538.48,220.1741943359375,-227.2296905517578,-74.00778198242188,219.17941598923323,-227.02492763258581,-74.01175425919877,1.015641467803625,0.30916816331003993,0.08073980304248911,3.501300027996586e-05,20.840745412976496,45.04597448164219,nan,3.7556736141700813,nan
538.49,220.18272399902344,-227.22406005859375,-74.00838470458984,219.18745756126316,-227.01896815800282,-74.01245710853912,1.0161862793277425,0.309211081526562,0.08076726910776393,3.5718932909969984e-05,20.78054192722183,43.169967688611656,nan,nan,nan
538.5,220.19125366210938,-227.21856689453125,-74.00897216796875,219.1878361949481,-227.0058094692723,-74.01382988809887,1.0257367756164595,0.30914678151716074,0.08075344919434016,3.50000532057237e-05,20.59018227607671,45.58617677539235,2.452460478366419,0.19868104677512383,nan
538.51,220.19976806640625,-227.21316528320312,-74.00955200195312,219.19587284827352,-227.00005639513478,-74.01451929223659,1.0262775848357215,0.30918952716815346,0.08078087450189549,3.570544769612156e-05,20.532264669665633,44.261527714682295,nan,nan,nan
538.52,220.2082977294922,-227.20787048339844,-74.01011657714844,219.2039073789495,-226.99441334257307,-74.01543523209095,1.0268360216329495,0.30923235742607,0.08080836726608276,3.500827963868942e-05,20.575974032744078,44.23242752453656,nan,0.039677772657027384,nan
538.53,220.21682739257812,-227.20269775390625,-74.01066589355469,219.21194511576726,-226.9888752102471,-74.01610613502112,1.0273938225688632,0.30927527279002937,0.08083592774835456,3.571401446313841e-05,20.52182660078912,45.43194991822561,nan,nan,nan
538.54,220.225341796875,-227.19747924804688,-74.01131439208984,219.21998844602842,-226.9833672518506,-74.01635136045394,1.0279127774397443,0.3093182730720478,0.08086355598157048,3.5016513543169786e-05,20.35134090905066,44.73027781933352,nan,0.1540877676459224,nan
538.55,220.23387145996094,-227.1922149658203,-74.01205444335938,219.21726463662694,-226.9811909435758,-74.01713801543902,1.03829013956533,0.3092540380797422,0.08084959893163146,3.5700531772651054e-05,21.413949057899455,44.63403278014503,7.671520839999645,nan,nan
538.5600000000001,220.24240112304688,-227.18690490722656,-74.01287841796875,219.22526462025377,-226.97562985690666,-74.0185779825827,1.0388629828994085,0.3092968655535274,0.08087718560900706,3.5003547593751095e-05,21.555232303597748,44.48765269820749,nan,0.2115227890007145,nan
538.57,220.2509307861328,-227.18157958984375,-74.0137939453125,219.23327051607296,-226.97002771601584,-74.01956693961978,1.039432512499806,0.3093397780293249,0.08090484015938658,3.570908325875e-05,21.495140769341518,45.85059730844145,nan,nan,nan
538.58,220.2594451904297,-227.1761932373047,-74.01480102539062,219.24128372208472,-226.9643837803432,-74.01989214899432,1.0399720867505293,0.30938277539907777,0.08093256263626654,3.5011770768376235e-05,21.23876932818909,44.01507601796917,nan,0.400735415504926,nan
538.59,220.26797485351562,-227.17079162597656,-74.01589965820312,219.2492904865558,-226.95870684199213,-74.0210522469451,1.0405404097183457,0.30942585804157596,0.08096035327055412,3.5717643671394624e-05,21.177005352328674,45.15247920126018,nan,nan,nan
538.6,220.27650451660156,-227.16534423828125,-74.01707458496094,219.247568381243,-226.94289800202762,-74.02312839303649,1.052724345335572,0.30936168610571174,0.0809462562666937,3.499880936127291e-05,20.914529658131773,45.69347388061864,5.238627131261307,0.25027046766888383,nan
538.61,220.2850341796875,-227.15985107421875,-74.01834106445312,219.2555699991042,-226.93712412468318,-74.02447371690519,1.0533002433207457,0.30940459565107387,0.08097400452427503,3.5704144693682683e-05,20.85860002045594,44.755724854858904,nan,nan,nan
538.62,220.29356384277344,-227.1543426513672,-74.01969146728516,219.26358312411412,-226.9313072908283,-74.02447617144082,1.0538633432540159,0.30944759005844424,0.08100182087920675,3.500702003023647e-05,20.39491122779269,45.68896344891238,nan,1.4407644490566929,nan
538.63,220.30209350585938,-227.14878845214844,-74.02112579345703,219.2715855619861,-226.92546218802934,-74.0259778801918,1.0544405082208417,0.30949066964443045,0.0810297055452158,3.571269618832493e-05,20.33725168038109,44.8637957266049,nan,nan,nan
538.64,220.3106231689453,-227.1431884765625,-74.02263641357422,219.27960401095353,-226.9195719833248,-74.02537501438115,1.054994000043783,0.30953383439477083,0.0810576586012796,3.501524034930736e-05,19.83073854053415,43.819990938279155,nan,3.3788455099466668,nan
538.65,220.31915283203125,-227.1375732421875,-74.02423858642578,219.30733063821015,-226.9318715205493,-74.02685242765676,1.0325232115356313,0.30946972403532236,0.08104341901567982,3.5699204151378757e-05,20.620442404295307,43.761114822111935,9.740943780555167,nan,nan
538.66,220.3276824951172,-227.1319122314453,-74.02590942382812,219.3353673177419,-226.9498977881718,-74.02700666283478,1.0088705926643562,0.30651991065620615,0.07678611028310191,3.5000420009106505e-05,28.461208425318222,51.21045328635176,nan,1.7078916119993117,0.13374168384094687
538.67,220.33621215820312,-227.126220703125,-74.02767181396484,219.34337832674123,-226.94397996371953,-74.02879713796062,1.009421601883204,0.30656565639712036,0.07680609424013983,3.5705856397036183e-05,28.37156708452053,50.91687449513357,nan,nan,nan
538.6800000000001,220.34474182128906,-227.12049865722656,-74.02950286865234,219.35146374703191,-226.93813232667245,-74.03190869158409,1.009883458278103,0.3066114810259793,0.07682612950712912,3.500869671215936e-05,28.410429240863213,51.49336537453756,nan,1.0872962895822822,nan
538.69,220.353271484375,-227.11474609375,-74.03141784667969,219.35947467893357,-226.93214865892884,-74.0338703515848,1.0104355142655952,0.30665739488195354,0.07684623584866813,3.5714473233878324e-05,28.322461085650968,51.34720931710563,nan,nan,nan
538.7,220.36180114746094,-227.1089630126953,-74.03338623046875,219.36211138388083,-226.9282231235338,-74.03662788537196,1.0159020815351643,0.30659803384538176,0.07683630423636155,3.4995794220367776e-05,29.221749784640988,51.77894276873622,3.6732949013533966,0.29060221000662384,nan
538.71,220.37033081054688,-227.10313415527344,-74.03535461425781,219.37010683747297,-226.92219017551184,-74.03869355409866,1.0164643961511708,0.30664375870552313,0.07685640479863133,3.570103625174005e-05,29.14589103842285,51.02347004296653,nan,nan,nan
538.72,220.3788604736328,-227.0972900390625,-74.03730773925781,219.37817663770394,-226.91622762230634,-74.04202745534765,1.0169434664576318,0.30668956262567953,0.07687655763190986,3.500406099374018e-05,29.379590013599167,52.272995632751666,nan,1.1430121415144614,nan
538.73,220.3873748779297,-227.09140014648438,-74.03923797607422,219.3861714664501,-226.91013202545233,-74.04408067934493,1.0174919432780951,0.30673545549230125,0.07689678104582146,3.570964672417923e-05,29.31093082729777,51.1810144746785,nan,nan,nan
538.74,220.39590454101562,-227.0854949951172,-74.04113006591797,219.39415195780884,-226.90398666060034,-74.04586277233771,1.0180746102180298,0.3067814278199895,0.07691705735933575,3.501233856926516e-05,29.20388407484918,52.17656252541809,nan,0.041396409924117264,nan
538.75,220.40443420410156,-227.0795440673828,-74.0429916381836,219.42272353031893,-226.90860705437356,-74.04773525037464,0.9964927552631219,0.30672201055743836,0.07690711392018741,3.5696218776970524e-05,29.144906390578377,50.01946349882655,4.8214605865910665,nan,nan
538.76,220.4129638671875,-227.07357788085938,-74.04481506347656,219.43067843935825,-226.90234123533173,-74.04841277635367,0.9971056082658476,0.30676779375482116,0.07692738432024032,3.499942665919709e-05,28.79481629637984,50.7096518948039,nan,1.1481047155632946,nan
538.77,220.42149353027344,-227.0675811767578,-74.04660034179688,219.43870613742416,-226.89614366006035,-74.05031795575307,0.9976350546810173,0.30681366561048173,0.07694772482936982,3.5704820478995037e-05,28.722856379341103,50.667154834949635,nan,nan,nan
538.78,220.43002319335938,-227.06153869628906,-74.04835510253906,219.44662794642886,-226.88977564382728,-74.05031698831394,0.9982848325364402,0.30685961710781773,0.07696811915706511,3.5007699618613875e-05,28.35948570712189,49.064710867518826,nan,2.472166545013428,nan
538.79,220.4385528564453,-227.05548095703125,-74.0500717163086,219.4546553294461,-226.8835197751476,-74.05213466685306,0.9988139203449983,0.30690565743746934,0.07698858355646546,3.571343420583678e-05,28.280412150441485,49.97438547879608,nan,nan,nan
538.8,220.44708251953125,-227.0493927001953,-74.0517578125,219.46193736820624,-226.88504137924147,-74.05382062653352,0.9987625248677456,0.3068461742285862,0.07697860791335918,3.4994797763425555e-05,29.591386805040795,49.69538893075277,9.459475806593625,1.0308690683268955e-05,nan
538.8100000000001,220.45559692382812,-227.04327392578125,-74.05340576171875,219.4699519716177,-226.87876104891822,-74.05556948219451,0.9992823125413354,0.3068920250476367,0.07699906552014112,3.569999865096277e-05,29.514093046878198,49.74672130207321,nan,nan,nan
538.82,220.46412658691406,-227.03713989257812,-74.05502319335938,219.47810581150924,-226.87263628161253,-74.05982421995328,0.9996606711314633,0.3069379556911371,0.07701957783144364,3.5003063714877e-05,29.954120042459827,50.8001423087755,nan,4.547631583803353,nan
538.83,220.47265625,-227.0309600830078,-74.05661010742188,219.48611985750475,-226.86630059816682,-74.06153481365192,1.000195507087041,0.306983974872198,0.07704015978117948,3.57086090135578e-05,29.890776909416584,49.55377042392294,nan,nan,nan
538.84,220.48118591308594,-227.02476501464844,-74.05816650390625,219.49416135774814,-226.85997365133377,-74.06372411127427,1.0007020302080625,0.3070300742834966,0.07706079703135368,3.501134189591844e-05,30.0080189725256,50.37301642503863,nan,0.18332801415403294,nan
538.85,220.48971557617188,-227.01853942871094,-74.05968475341797,219.50451174051295,-226.85327659580955,-74.0653677090982,0.998984833579023,0.3069705335907795,0.07705080137880907,3.569518527455543e-05,29.748027252880892,50.262272492536376,0.31230774542122464,nan,nan
538.86,220.49822998046875,-227.0122833251953,-74.0611801147461,219.51252654846735,-226.84685033948475,-74.06691002098694,0.999505958184333,0.30701644335083733,0.0770714316213881,3.499843466450817e-05,29.695795537141304,49.83745558532088,nan,0.004762394490373769,nan
538.87,220.5067596435547,-227.00601196289062,-74.0626449584961,219.52054575046765,-226.84040353092877,-74.06850468106295,1.000039165234703,0.3070624413519811,0.07709213109655647,3.570378968277825e-05,29.633594013083314,50.35786669451569,nan,nan,nan
538.88,220.51528930664062,-226.9997100830078,-74.06407165527344,219.52856018656846,-226.83392492631398,-74.06998215155897,1.000576837901386,0.30710851976613635,0.07711288670869137,3.5006710887915594e-05,29.58494135007294,50.32648191512727,nan,0.005569918639071184,nan
538.89,220.5238037109375,-226.99337768554688,-74.06548309326172,219.5365789642672,-226.82742666731605,-74.07151961877598,1.0010938420200104,0.30715468659343226,0.07713371155090003,3.571240747755959e-05,29.522333672412927,49.6171887576259,nan,nan,nan
538.9,220.53233337402344,-226.9870147705078,-74.06685638427734,219.54565024806848,-226.8267159674471,-74.07371271746132,0.9996430896133236,0.30709507984501416,0.07712367870929498,3.4993816135976206e-05,30.66083396604275,49.77153115919103,3.743451530382207,0.395823368010492,nan
538.91,220.54086303710938,-226.9806365966797,-74.06820678710938,219.55366320051004,-226.8201892446508,-74.07520211340643,1.0001778865506012,0.3071410566310005,0.07714449566513981,3.5698979951296226e-05,30.605249013288496,50.14930664322448,nan,nan,nan
538.92,220.54937744140625,-226.97422790527344,-74.06952667236328,219.56165401918895,-226.81361033122636,-74.07623901588359,1.0007200504861282,0.30718711400998777,0.07716536955817795,3.5002087802768374e-05,30.438586338162917,49.8361587045677,nan,0.1283000504928769,nan
538.9300000000001,220.5579071044922,-226.96780395507812,-74.0708236694336,219.56966606434642,-226.80703450867054,-74.07767221582922,1.001256246379677,0.30723325950676333,0.07718631231932353,3.570759687598657e-05,30.381836378325026,50.110573218198404,nan,nan,nan
538.94,220.56642150878906,-226.9613494873047,-74.07209777832031,219.57766530125426,-226.80041894738184,-74.07883329124182,1.0017898201483113,0.3072794860007506,0.0772073125761569,3.5010372873190276e-05,30.28107264740398,49.63891563962229,nan,0.04304992422983036,nan
538.95,220.574951171875,-226.9548797607422,-74.0733413696289,219.55607143351463,-226.78038854923653,-74.0801131213353,1.0337354404078332,0.3072198204417304,0.07719725159602214,3.5694183400639294e-05,30.604094352966005,51.53139727730141,8.74913198235774,nan,nan
538.96,220.58346557617188,-226.94837951660156,-74.0745620727539,219.56399550461404,-226.77367622448824,-74.08073709085375,1.0343493597068159,0.30726585674209034,0.07721824366877401,3.4997476004447905e-05,30.326652262184272,50.8157301216547,nan,0.3771340769470414,nan
538.97,220.5919952392578,-226.9418487548828,-74.07575988769531,219.57195524608295,-226.76698556972087,-74.08206093507827,1.034938850560396,0.3073119808675632,0.07723930427736049,3.5702796630072155e-05,30.269587835198646,50.19453819621671,nan,nan,nan
538.98,220.6005096435547,-226.935302734375,-74.0769271850586,219.57987828225248,-226.7602273995151,-74.08261473842771,1.0355540047787146,0.3073581861638161,0.07726042312923395,3.500576123062585e-05,29.99975480878019,50.64109945060461,nan,0.3939223705574053,nan
538.99,220.60903930664062,-226.92874145507812,-74.07807922363281,219.58783719912077,-226.75349154655197,-74.08388531724864,1.0361467007931333,0.3074044794608708,0.0772816105527128,3.571142431791193e-05,29.938180488020716,50.70880809189515,nan,nan,nan
539.0,220.6175537109375,-226.92214965820312,-74.0792007446289,219.60742910241652,-226.75186368678587,-74.08550823911325,1.0243968085111632,0.3073447476690543,0.07727150707933159,3.499287869885165e-05,29.940617674230705,50.14484270756827,1.2894639219697974,0.0918422499434876,nan
539.01,220.62606811523438,-226.91552734375,-74.08030700683594,219.61540736926992,-226.74509034891125,-74.08673879927592,1.0249513552345255,0.3073908503786561,0.07729268544459732,3.5698009992389955e-05,29.882724144054656,49.346042797323854,nan,nan,nan
539.02,220.6345977783203,-226.9088897705078,-74.08139038085938,219.62350058096072,-226.7384354011291,-74.09040847189665,1.02540409620533,0.30743703442624176,0.07731392276360975,3.500116124678566e-05,30.96808938352498,50.767455285108035,nan,4.274439457914226,nan
539.03,220.6431121826172,-226.90223693847656,-74.08245086669922,219.6314778099637,-226.73161879770947,-74.09162142751842,1.025962354610805,0.3074833061886968,0.07733522836766586,3.5706638702726436e-05,30.918606473409504,51.22467599390906,nan,nan,nan
539.04,220.65162658691406,-226.8955535888672,-74.08348846435547,219.63949460592042,-226.72482893639955,-74.09368333204601,1.026480389114932,0.3075296596871612,0.0773565934448698,3.50094580806846e-05,31.452500940279993,51.24843877539635,nan,0.5331443786224226,nan
539.05,220.66014099121094,-226.88885498046875,-74.08450317382812,219.6599255221359,-226.7342947072669,-74.09484354762007,1.012139706739833,0.3074698677234678,0.07734645379338143,3.569324005250731e-05,32.99382346010168,51.24674491406165,14.151518830010948,nan,nan
539.0600000000001,220.66867065429688,-226.88214111328125,-74.08550262451172,219.6679082537841,-226.7274626030095,-74.09597677095641,1.012699625537459,0.30751603046665643,0.07736780943291029,3.499657581248715e-05,33.055006170062214,51.41718558970103,nan,0.000567916440846893,nan
539.07,220.67718505859375,-226.87539672851562,-74.08647918701172,219.67589186176156,-226.72061128078178,-74.09711906556988,1.0132422256638995,0.3075622806445383,0.07738923310067657,3.570186671417129e-05,33.013551009023125,50.9529240417238,nan,nan,nan
539.08,220.68569946289062,-226.86863708496094,-74.08744049072266,219.6838315711793,-226.71368789647607,-74.09726061717195,1.0138268877563361,0.3076086127147452,0.07741071689946294,3.500487432576179e-05,32.51939997021633,50.64023544081143,nan,0.6809779333789201,nan
539.09,220.6942138671875,-226.8618621826172,-74.08837890625,219.69181446645098,-226.70679609207482,-74.09835635188598,1.01437152979293,0.3076550324029403,0.0774322688011922,3.5710508599349006e-05,32.47343764262527,50.9646468101742,nan,nan,nan
539.1,220.70272827148438,-226.8550567626953,-74.08929443359375,219.7377735637252,-226.7130899124847,-74.09813209780467,0.9753821194250114,0.3075951739454772,0.07742208104656748,3.499200766488665e-05,30.82868148836118,48.22085100798872,15.671756719257969,1.25661719322255,nan
539.11,220.71124267578125,-226.84823608398438,-74.09020233154297,219.7458249862108,-226.70616888799944,-74.09917939833132,0.9758560299750565,0.3076414024851564,0.07744362264252286,3.569711111905431e-05,30.77571484334419,48.13080324899218,nan,nan,nan
539.12,220.71975708007812,-226.84140014648438,-74.09107971191406,219.7537592965421,-226.69909290924508,-74.09748105859468,0.9764445938231683,0.307687713064751,0.0774652249912553,3.50003047919518e-05,29.61004898356961,47.52280678261066,nan,5.256248079083727,nan
539.13,220.728271484375,-226.8345489501953,-74.09194946289062,219.76180953563457,-226.69213329887282,-74.09846706796242,0.976920362813998,0.30773411099266484,0.07748689523078954,3.570575531132886e-05,29.54967437786765,47.43229976635953,nan,nan,nan
539.14,220.73678588867188,-226.82766723632812,-74.0927963256836,219.76984605756627,-226.6851396122349,-74.09912510741832,0.9774082126145867,0.3077805913492534,0.0775086267041017,3.5008616797319526e-05,29.426759332866126,46.76050440605967,nan,0.0684451425824252,nan
539.15,220.74530029296875,-226.82077026367188,-74.0936279296875,219.7624100039922,-226.6727752898106,-74.09999878965567,0.9939901510122544,0.30772067135006015,0.07749839484245769,3.569237453472037e-05,29.835006272338514,47.49072675927185,2.8498516068244744,nan,nan
539.16,220.75379943847656,-226.81385803222656,-74.09444427490234,219.7703050473512,-226.66561254245835,-74.09788463644882,0.9946103652683469,0.30776696037245627,0.07752011555198336,3.4995751920215605e-05,28.957572540989155,46.887072157869085,nan,6.556597100821139,nan
539.17,220.76231384277344,-226.8069305419922,-74.09524536132812,219.77832468563116,-226.6585743184575,-74.09877156264585,0.995116407527667,0.30781333648119347,0.07754190396836037,3.570101773200269e-05,28.89004034685382,46.86866389844136,nan,nan,nan
539.1800000000001,220.7708282470703,-226.7999725341797,-74.09603118896484,219.78635958530404,-226.65153578891068,-74.10003554769862,0.9956043633064288,0.3078597951525314,0.07756375419011155,3.500406656328142e-05,28.924354483681373,46.16496180494774,nan,0.10855997672484408,nan
539.19,220.7793426513672,-226.7930145263672,-74.09679412841797,219.7943781295065,-226.64446146002285,-74.10089658407507,0.9961124198537931,0.3079063411036453,0.07758567223091854,3.5709676627719226e-05,28.859566354800357,47.36202331122904,nan,nan,nan
539.2,220.787841796875,-226.78602600097656,-74.09754943847656,219.8160747179449,-226.6494083859317,-74.10108431060544,0.9813297731924016,0.30784635425696416,0.07757538637462082,3.499121801737157e-05,29.465434740789206,45.963940291593495,5.442839479056315,0.38415745963952014,nan
539.21,220.79635620117188,-226.77902221679688,-74.0982894897461,219.8241084319342,-226.64233036367972,-74.10191087981038,0.9818164298697709,0.3078927084841058,0.07759729278885467,3.569629818593522e-05,29.4005786663015,45.90750077703383,nan,nan,nan
539.22,220.80487060546875,-226.77203369140625,-74.09901428222656,219.83215110242648,-226.6352639905444,-74.1029714873674,0.9822956999525,0.30793914539771367,0.07761926154628206,3.4999532023908796e-05,29.403485707279376,45.70399509312836,nan,0.04342524427253256,nan
539.23,220.81336975097656,-226.76513671875,-74.09971618652344,219.84018366780472,-226.6282358561491,-74.1037727102403,0.9827764008384009,0.30798566934181937,0.07764129798037649,3.570496011569266e-05,29.332263765380844,46.742772692130174,nan,nan,nan
539.24,220.82188415527344,-226.7583465576172,-74.10041046142578,219.84824004305165,-226.62132733802005,-74.10520772951571,0.9832497839228314,0.3080322763500944,0.0776633972026536,3.500786123795033e-05,29.443497000209057,46.53615887695151,nan,0.29569132962679,nan
539.25,220.83038330078125,-226.7516632080078,-74.1010971069336,219.87760304664977,-226.6243984670195,-74.10599797943685,0.961254672557159,0.30797222660168944,0.077653059430938,3.569159887351519e-05,29.224373363099723,44.975726135060995,4.267678015270152,nan,nan
539.26,220.83889770507812,-226.74510192871094,-74.10176086425781,219.88568343222326,-226.61772875933468,-74.10712527814302,0.9617016955311626,0.30801864168134124,0.07767514649478274,3.499501522584321e-05,29.289915980686985,44.938899721491644,nan,0.0908407597042571,nan
539.27,220.84739685058594,-226.73867797851562,-74.1024169921875,219.8937501686736,-226.61117058091793,-74.10788496196065,0.9621486522663765,0.30806514355089626,0.07769730111842518,3.570026033467406e-05,29.218637069977085,45.4887361164578,nan,nan,nan
539.28,220.8559112548828,-226.7323760986328,-74.10305786132812,219.90180052124205,-226.60472110301924,-74.10818464555184,0.9626262898290734,0.30811172859343233,0.07771951902195338,3.500334753687465e-05,29.047670463483243,45.010140156055876,nan,0.14147785401069216,nan
539.29,220.86441040039062,-226.72621154785156,-74.10368347167969,219.9098671470818,-226.59841421001067,-74.10891555859946,0.9630744294861923,0.30815840063078986,0.0777418046321001,3.570893771540847e-05,28.976195099644237,45.9038213893003,nan,nan,nan
539.3,220.8729248046875,-226.72015380859375,-74.10430145263672,219.92194216368674,-226.60700098401725,-74.11189282772796,0.9577208226671295,0.3080982835856301,0.07773140672400397,3.499051810911794e-05,31.755056086397374,45.84089984781054,16.319877545645824,3.392141278837687,nan
539.3100000000001,220.8814239501953,-226.71421813964844,-74.10490417480469,219.93000078028152,-226.60098959064968,-74.11262381743023,0.9581682239771081,0.30814476330970325,0.07775367931607588,3.569557923493845e-05,31.694854974021126,46.08736857930424,nan,nan,nan
539.32,220.8899383544922,-226.70840454101562,-74.1054916381836,219.93810009862418,-226.59514028202526,-74.1145232494788,0.9585960711900938,0.3081913263049919,0.0777760156491337,3.4998850067767194e-05,32.27432059319555,46.84253281380779,nan,0.9825733159195394,nan
539.33,220.8984375,-226.7027130126953,-74.10607147216797,219.94615933156513,-226.58936504125606,-74.11524417777946,0.9590441132895322,0.308237976068138,0.07779841960906504,3.570425990130631e-05,32.21670805193718,47.17398765220954,nan,nan,nan
539.34,220.90695190429688,-226.69712829589844,-74.10663604736328,219.95426635494022,-226.58375369977014,-74.11735847869662,0.9594678345488976,0.3082847094683922,0.07782088772245553,3.5007197340692987e-05,33.063431051949365,47.62818530252752,nan,1.391038464360149,nan
539.35,220.9154510498047,-226.69149780273438,-74.1072998046875,219.9758012953759,-226.5757257330553,-74.11804798697054,0.9468159042486793,0.3082245281835467,0.07781043021286524,3.5690918673309177e-05,31.576064765894824,46.20170412105611,8.77884255550547,nan,nan
539.36,220.92396545410156,-226.68585205078125,-74.1080551147461,219.98392076367716,-226.57007516261646,-74.1197042014684,0.9472190924224938,0.30827106904673884,0.0778328847080989,3.499437055451204e-05,32.14541638622041,47.670526778224875,nan,0.4507478782039251,nan
539.37,220.93246459960938,-226.68016052246094,-74.10889434814453,219.9920145385726,-226.56436370984943,-74.1206614622976,0.9476252867513445,0.30831769645976453,0.07785540677264839,3.5699598959790895e-05,32.07526431415843,47.26100330771238,nan,nan,nan
539.38,220.94097900390625,-226.6744384765625,-74.10982513427734,220.00008174977452,-226.5585912108648,-74.12086424595927,0.948066502830358,0.3083644075927691,0.07787799341064713,3.5002720972234904e-05,31.608059638533582,46.735787879895994,nan,0.5044364046965951,nan
539.39,220.94949340820312,-226.66868591308594,-74.11084747314453,220.00817638794803,-226.5528132117639,-74.12199344425447,0.9484874528456292,0.3084112054924178,0.07790064779561892,3.570829517936382e-05,31.5352855503346,46.73314925508305,nan,nan,nan
539.4,220.9580078125,-226.66290283203125,-74.11195373535156,220.0274515507578,-226.54473253433162,-74.12341443438623,0.9380994207163736,0.3083509563679789,0.07789012379355872,3.4989910644816295e-05,30.613243505423473,46.63667911224067,6.092652363769039,0.02223451370105945,nan
539.41,220.9665069580078,-226.65708923339844,-74.11314392089844,220.03557358339134,-226.53887077694978,-74.12472228047012,0.9384810119710939,0.30839756135172436,0.0779127637008357,3.569495654490265e-05,30.542341126872934,46.89751406519133,nan,nan,nan
539.42,220.9750213623047,-226.6512451171875,-74.11441802978516,220.0436390812948,-226.53292079020972,-74.12424960658124,0.9389197301347042,0.3084442501278437,0.07793546857456154,3.4998260620367267e-05,29.476979177786333,45.725456726140685,nan,2.4619502783863347,nan
539.4300000000001,220.98353576660156,-226.64535522460938,-74.11578369140625,220.05176163838942,-226.52699631688765,-74.12571097030238,0.9393137962943248,0.3084910254661843,0.07795824116966084,3.570365592245481e-05,29.406027322655206,44.647393539920756,nan,nan,nan
539.44,220.99205017089844,-226.6394500732422,-74.11722564697266,220.0599302780026,-226.52108623310545,-74.12880575037451,0.9396763230915421,0.3085378849510138,0.07798107911527671,3.500662584084082e-05,30.405019292818935,46.70961351595663,nan,1.6932158486993505,nan
539.45,221.00054931640625,-226.63351440429688,-74.11875915527344,220.10331867411435,-226.53000229843806,-74.13054587964064,0.903258826914065,0.3084775702781456,0.07797048794456818,3.569033424895718e-05,29.92389517245774,45.7340272996276,12.110409031719264,nan,nan
539.46,221.00906372070312,-226.62753295898438,-74.120361328125,220.11152377700373,-226.5240266602377,-74.13301073781656,0.9035770647718452,0.308524236604737,0.07799331075024525,3.4993817762256926e-05,30.534422342053674,45.53025044865241,nan,0.38181280865687534,nan
539.47,221.017578125,-226.6215362548828,-74.12205505371094,220.11970775179338,-226.51800070100313,-74.13482951468816,0.9039103964733546,0.3085709892977811,0.07801620127025242,3.569903299541175e-05,30.461994205206643,45.98643689650889,nan,nan,nan
539.48,221.02609252929688,-226.61550903320312,-74.12382507324219,220.12792666634323,-226.5119789284455,-74.13796849714396,0.9042236650331924,0.30861782619482847,0.07803915749810202,3.500218585798855e-05,31.534954945608963,47.055061047602656,nan,1.0843304825476334,nan
539.49,221.03460693359375,-226.6094512939453,-74.12567138671875,220.13611062617017,-226.50589483961588,-74.13996053324975,0.9045572029427913,0.30866474968674623,0.07806218164454938,3.57077475295597e-05,31.467702315525532,46.93239021978902,nan,nan,nan
539.5,221.04310607910156,-226.60336303710938,-74.12759399414062,220.13078825733461,-226.4851920883252,-74.14137163453643,0.9200423927325404,0.308604366543407,0.0780515174487887,3.4989393828729394e-05,30.14781580931606,46.98108047413784,7.907553402765638,0.35716753006369,nan
539.51,221.05162048339844,-226.5972442626953,-74.12957000732422,220.1389580871285,-226.47901188383034,-74.143502136576,0.9203942900750572,0.30865109650405564,0.078074525592422,3.5694427834278666e-05,30.090668035754288,46.493932729746554,nan,nan,nan
539.52,221.0601348876953,-226.5911102294922,-74.13154602050781,220.14718760100735,-226.4728595527162,-74.14790546446159,0.9207190680307317,0.30869791071628583,0.07809759977797127,3.499776111228962e-05,32.22836378657627,49.49047722598707,nan,3.554357261865623,nan
539.53,221.0686492919922,-226.58493041992188,-74.13351440429688,220.15535714661812,-226.46662383414818,-74.15008311820318,0.9210719371036733,0.3087448113405028,0.07812074190161836,3.5703145116752694e-05,32.20154913501327,48.15794658524795,nan,nan,nan
539.54,221.0771484375,-226.5787353515625,-74.13545227050781,220.16349504624722,-226.4603318239133,-74.15102654332995,0.921425239876475,0.30879179655923383,0.07814395042717667,3.5006143441491835e-05,31.370294775585933,48.29267112023578,nan,1.0384550778154553,nan
539.55,221.08566284179688,-226.572509765625,-74.1373519897461,220.15308704918502,-226.44064476199648,-74.15308468398517,0.9419838139881188,0.30873134659136087,0.07813321160825756,3.5689841843185816e-05,30.89994723987754,48.39058466347782,5.427950086406515,nan,nan
539.5600000000001,221.09417724609375,-226.56626892089844,-74.13922119140625,220.16123439848465,-226.43430214577194,-74.15535544210702,0.9423682404919728,0.30877813801900283,0.07815640341271902,3.4993352906979297e-05,31.33283344362511,49.372927793860896,nan,0.025555046194883465,nan
539.57,221.10269165039062,-226.5599822998047,-74.14105224609375,220.16937680292884,-226.42792891817157,-74.15740333032115,0.9427523842710614,0.3088250156837444,0.0781796631896837,3.569855799858022e-05,31.315154976458214,48.199047870776305,nan,nan,nan
539.58,221.11119079589844,-226.55368041992188,-74.14285278320312,220.17745295321944,-226.42147070913526,-74.15672420776012,0.9431533188704483,0.3088719779767216,0.07820298967241686,3.500173761537807e-05,29.252867245871034,46.88348902368279,nan,5.116975732105661,nan
539.59,221.1197052001953,-226.54734802246094,-74.14460754394531,220.18559481470015,-226.41504544428966,-74.15867565337493,0.9435380735209399,0.30891902674605765,0.07822638435421095,3.570728968382348e-05,29.22966108964404,46.51684794330552,nan,nan,nan
539.6,221.1282196044922,-226.54100036621094,-74.1463394165039,220.20075534450774,-226.41748030648722,-74.16095083724944,0.9357674135803467,0.30885850759678235,0.07821556583916826,3.498896252599238e-05,30.4445035236331,47.210997854236865,3.3252337068907942,0.13223997022810563,nan
539.61,221.13671875,-226.5346221923828,-74.14802551269531,220.2089030675475,-226.41102953679942,-74.16283727252117,0.9361284491714126,0.3089053622073058,0.07823894293017261,3.569398746513084e-05,30.419787889058867,47.256016796622504,nan,nan,nan
539.62,221.14523315429688,-226.52821350097656,-74.14968872070312,220.21704291462416,-226.40454743444946,-74.16436391206904,0.9365072227567748,0.3089523014706745,0.07826238701118188,3.499734585958312e-05,30.359766007775747,46.440447076702576,nan,0.07539627951383397,nan
539.63,221.15374755859375,-226.52178955078125,-74.15131378173828,220.2251899742266,-226.3980473872986,-74.16618168406231,0.9368843925632729,0.3089993270472328,0.07828589934689849,3.570272129722405e-05,30.329366719965634,46.99864766784357,nan,nan,nan
539.64,221.16224670410156,-226.5153350830078,-74.15290832519531,220.23328320601107,-226.39147796433332,-74.1655826268705,0.9372696541304605,0.30904643760934986,0.07830947901280352,3.500574395204601e-05,28.65843632985622,45.12431489623184,nan,4.015980240444606,nan
539.65,221.17076110839844,-226.5088653564453,-74.15446472167969,220.26464111167704,-226.40024637488463,-74.16731653330329,0.9126974858493255,0.3089858503928204,0.07829857852540037,3.5689434800739836e-05,29.071628659151983,44.880181056260795,6.868657805503163,nan,nan
539.66,221.17926025390625,-226.5023651123047,-74.15599822998047,220.2729803801547,-226.3935376914108,-74.16958118188413,0.9128916220931942,0.30854153184209837,0.07757845729274086,3.49910320964595e-05,38.594038694207896,54.071074178816204,nan,0.2242932511487384,4.357477097945295e-05
539.67,221.18777465820312,-226.495849609375,-74.1574935913086,220.2811608595467,-226.38697526850203,-74.17125792566313,0.9132314377609744,0.3085872218889279,0.07759892684661555,3.5696185330783996e-05,38.53300315221134,54.37441298519743,nan,nan,nan
539.6800000000001,221.1962890625,-226.4893035888672,-74.15896606445312,220.28934948703485,-226.38032190142837,-74.17157785699033,0.913551016119467,0.3086329957579144,0.07761945402284044,3.499949746677838e-05,37.67585889634664,53.01061685858117,nan,1.2448394703129786,nan
539.69,221.2047882080078,-226.4827423095703,-74.16040802001953,220.29752944127046,-226.37371334250727,-74.17318377884676,0.9138758151380496,0.30867885370691883,0.07764004632180681,3.5705000400681344e-05,37.60578223481776,53.632389060252926,nan,nan,nan
539.7,221.2133026123047,-226.4761505126953,-74.16181945800781,220.29886976401576,-226.36533919321977,-74.1759206582957,0.9212303872556887,0.30861825124711134,0.07762971201871709,3.498680315733519e-05,39.0034228816787,54.245329548718615,1.0240890150688697,0.8213636233911519,nan
539.71,221.2218017578125,-226.4695281982422,-74.16320037841797,220.30703555821347,-226.35868693954475,-74.17748336480298,0.9215676796950708,0.3086639195384119,0.07765029582489774,3.5691781653866823e-05,38.94289781962271,53.97404216216445,nan,nan,nan
539.72,221.2303009033203,-226.46290588378906,-74.16455841064453,220.31519971143825,-226.3520215357451,-74.17920079249102,0.9219110203111985,0.3087096715911185,0.07767093786795452,3.4995264896126924e-05,39.25717457208321,55.49673753092263,nan,0.023328564234759028,nan
539.73,221.2388153076172,-226.4562530517578,-74.16588592529297,220.3233645856515,-226.34532559756093,-74.18071190098242,0.9222660863315223,0.30875550767895105,0.077691644881625,3.570059642599438e-05,39.19439107977465,54.75296568332037,nan,nan,nan
539.74,221.247314453125,-226.44956970214844,-74.16718292236328,220.33153900685653,-226.33854116031637,-74.18077149817167,0.9225815164428941,0.30880142781309416,0.0777124105961073,3.500374017015141e-05,38.21957712889021,53.553329528811226,nan,1.435123123135539,nan
539.75,221.25582885742188,-226.44287109375,-74.16846466064453,220.32542069610767,-226.32274036370887,-74.18220096300868,0.9382320741388733,0.3087407814035474,0.07770205338479053,3.5687390631475096e-05,37.913818724425354,53.851466734306555,2.6512244650809884,nan,nan
539.76,221.2643280029297,-226.4361572265625,-74.16971588134766,220.33357802164917,-226.31586805345566,-74.18158571420172,0.9385658771510856,0.3087865116502966,0.07772281028584795,3.499104241665854e-05,36.55850533381986,53.080302633746776,nan,2.928373966080485,nan
539.77,221.2728271484375,-226.42941284179688,-74.17093658447266,220.3417203388369,-226.30906794348394,-74.18296190406707,0.9389288544644473,0.3088323258857648,0.0777436320301614,3.569620084031603e-05,36.49030192825517,52.50992283182892,nan,nan,nan
539.78,221.28134155273438,-226.4226531982422,-74.1721420288086,220.349861926532,-226.30225042712306,-74.18438040955014,0.939308734807935,0.30887822410693805,0.0777645130447021,3.499951668263978e-05,36.62670777567247,52.646796180792265,nan,0.0030785673169768384,nan
539.79,221.2898406982422,-226.41587829589844,-74.1733169555664,220.35800378664203,-226.29540987154658,-74.18571035236171,0.9396734897667725,0.3089242066095556,0.07778545903020542,3.570502478739746e-05,36.555060644898965,53.154436583247865,nan,nan,nan
539.8,221.29833984375,-226.40908813476562,-74.17447662353516,220.37082818400518,-226.28853284950907,-74.18750712093666,0.9354043241446007,0.3088635156592903,0.07777506964030137,3.498683065053557e-05,36.63503347917293,53.66914216839542,1.1702161380906413,0.11922217185474701,nan
539.8100000000001,221.3068389892578,-226.4022674560547,-74.17560577392578,220.3789803254494,-226.28164729000596,-74.18879796601006,0.9357590279521543,0.30890930804660166,0.0777960061111569,3.569181428236976e-05,36.56516283304957,53.03797650382092,nan,nan,nan
539.82,221.3153533935547,-226.3954315185547,-74.17671203613281,220.38712934752394,-226.2747568476345,-74.19041718667816,0.9361357203861302,0.3089551843589571,0.07781700239098278,3.499529986805473e-05,36.96455351225565,53.47373377104752,nan,0.08663167621831426,nan
539.83,221.3238525390625,-226.38856506347656,-74.17779541015625,220.39528061962068,-226.26783252069254,-74.19166841322021,0.9364905854716208,0.30900114490431363,0.07783806355105716,3.570063648785751e-05,36.89708033120278,52.9913700181972,nan,nan,nan
539.84,221.3323516845703,-226.38169860839844,-74.17886352539062,220.40344063875492,-226.26084143417594,-74.19171991804456,0.9368284124806275,0.3090471896606088,0.0778591849521905,3.500378196210697e-05,36.13402640559276,53.29702419066069,nan,0.9809875962378409,nan
539.85,221.34085083007812,-226.3748016357422,-74.1799087524414,220.40901708914168,-226.25065693898804,-74.19290151650637,0.9401568158545822,0.30898645385970486,0.07784876541601696,3.5687437525285904e-05,35.78901758609519,52.60643008170118,0.5955287712370823,nan,nan
539.86,221.34934997558594,-226.36788940429688,-74.1809310913086,220.41715684775937,-226.24371084018009,-74.19521265257275,0.9405361802425913,0.30903230826291794,0.07786987690762076,3.4991090460953125e-05,36.79532407904838,53.82404480489375,nan,0.9073723449611347,nan
539.87,221.35784912109375,-226.3609619140625,-74.18193054199219,220.425305034785,-226.23670210114452,-74.19638213068839,0.940897349572036,0.30907824684894947,0.07789105321125223,3.569625384609136e-05,36.72442869880852,53.96716309333421,nan,nan,nan
539.88,221.36634826660156,-226.35401916503906,-74.18291473388672,220.43345277431328,-226.2296756390521,-74.19754134293643,0.9412593955329005,0.30912426958571987,0.07791229025298507,3.499957030554691e-05,36.8935083981147,54.273271064271476,nan,5.605179724067908e-05,nan
539.89,221.37484741210938,-226.3470458984375,-74.18387603759766,220.44160019699066,-226.22263107030466,-74.19867310082307,0.9416200757557439,0.3091703767969645,0.07793359226510277,3.570508329436612e-05,36.822804216811846,53.468338435768466,nan,nan,nan
539.9,221.3833465576172,-226.34007263183594,-74.18482208251953,220.46935482689847,-226.2176208159673,-74.20126229678021,0.9223045113608975,0.30910959549217143,0.07792313481744158,3.498688932089525e-05,37.002397698800394,55.40290901664245,10.222721702822241,1.5686232529731605,nan
539.91,221.391845703125,-226.33306884765625,-74.18574523925781,220.4775441740716,-226.21052760003417,-74.20237213519648,0.9226267376716999,0.30915551211233877,0.07794442621414371,3.5691877746736826e-05,36.93092906815556,54.537628302484244,nan,nan,nan
539.92,221.4003448486328,-226.3260498046875,-74.18665313720703,220.4857591308363,-226.20330327827438,-74.20026226757038,0.9228862082473097,0.30920151282309666,0.07796577881800162,3.4995362990528694e-05,34.38590715769892,52.09035895109616,nan,7.241615111668524,nan
539.9300000000001,221.40884399414062,-226.3190155029297,-74.18753814697266,220.49394736437483,-226.19617587369524,-74.20130511437108,0.9232090484059453,0.30924759795591394,0.07798719635690517,3.5700704310483735e-05,34.31046106202133,52.1350547110927,nan,nan,nan
539.94,221.41734313964844,-226.3119659423828,-74.18840789794922,220.50214535677236,-226.18898790914156,-74.20105367651985,0.9235098776715019,0.3092937674663669,0.07800867550613484,3.500384901898825e-05,33.47833499454512,51.36512160699438,nan,1.151976336779208,nan
539.95,221.4258270263672,-226.30490112304688,-74.18926239013672,220.5033659086308,-226.17306699604234,-74.20202984950724,0.9319215411166843,0.309232940343568,0.07799818071557653,3.568750920237629e-05,32.62512710644555,51.8181058046326,4.099153725014398,nan,nan
539.96,221.434326171875,-226.2978057861328,-74.19010162353516,220.51156245175022,-226.16580743215647,-74.20131751853825,0.9322243533247255,0.30927891901741256,0.07801964878511762,3.4991160979922884e-05,31.562786714152196,49.589906674179964,nan,2.0238052384581278,nan
539.97,221.4428253173828,-226.29071044921875,-74.19091796875,220.51974453886166,-226.15858800486467,-74.20226517465338,0.9325573564447017,0.30932498205912384,0.07804118177401713,3.569632885353053e-05,31.48266528639276,50.544300006584486,nan,nan,nan
539.98,221.45132446289062,-226.28359985351562,-74.19172668457031,220.52792986640506,-226.15133774547843,-74.20273322367981,0.9328836958294165,0.30937112941883177,0.07806277680483205,3.4999643797523994e-05,31.24505250957484,50.31985190803827,nan,0.15214470942692943,nan
539.99,221.45980834960938,-226.27647399902344,-74.19251251220703,220.53611075080127,-226.1440865732113,-74.20364551357119,0.9332028869846025,0.30941736143691223,0.07808443694083995,3.5705161162736305e-05,31.162174758463173,50.558901690337024,nan,nan,nan
540.0,221.4683074951172,-226.26931762695312,-74.19328308105469,220.54819493119516,-226.14250600409062,-74.2031378370678,0.9288624409439086,0.30935648779416786,0.07807389824704032,3.4986965353140084e-05,31.009582666362988,48.49130422115414,2.2901762140955024,1.5865657447555443,nan
540.01,221.476806640625,-226.2621612548828,-74.19403839111328,220.55637620689097,-226.13524180793414,-74.2040075055747,0.929193259015965,0.30940252872775137,0.07809554659026333,3.569195803458584e-05,30.927689016787404,49.35872357121386,nan,nan,nan
540.02,221.48529052734375,-226.25498962402344,-74.19477844238281,220.56458605529178,-226.12785831167872,-74.20137930263884,0.9294636446849867,0.3094486539197078,0.07811725738208072,3.499544113931714e-05,29.296753247050987,47.987769710746655,nan,8.569970844389452,nan
540.03,221.49378967285156,-226.24778747558594,-74.19550323486328,220.57276594223276,-226.1205636972007,-74.20218559269158,0.9297931254078671,0.3094948637136454,0.07813903329188583,3.5700786594471857e-05,29.21483061379452,46.683592771880406,nan,nan,nan
540.04,221.5022735595703,-226.2406005859375,-74.19622039794922,220.5809408874967,-226.1132771357363,-74.20348666411428,0.9301171712345881,0.3095411580541254,0.07816087202799987,3.5003928895821444e-05,29.380437068179543,47.933489324685276,nan,0.18244841894896832,nan
540.05,221.51077270507812,-226.23348999023438,-74.19691467285156,220.59067219402593,-226.10616958728383,-74.20425073834937,0.9288967936767747,0.3094802375644264,0.07815028883653612,3.568759308209428e-05,29.236539540651624,47.85807436324588,0.07808207893641875,nan,nan
540.0600000000001,221.51925659179688,-226.22647094726562,-74.19760131835938,220.59884795582983,-226.09901244538932,-74.20572300976187,0.929227468779585,0.3095263405673074,0.07817211525148447,3.499124221203886e-05,29.51577083290051,47.48815142988321,nan,0.347196273219645,nan
540.07,221.52774047851562,-226.21957397460938,-74.1982650756836,220.60702933079202,-226.09194967612257,-74.20648851719794,0.9295507539113256,0.3095725281140818,0.07819400681374826,3.569641396698125e-05,29.42634411688586,47.47217743964574,nan,nan,nan
540.08,221.53623962402344,-226.2128143310547,-74.19892883300781,220.61520176760828,-226.08503908698697,-74.20825814747039,0.9299055231875596,0.30961880014816145,0.07821596157617472,3.499972604831304e-05,29.91966157388398,48.20090638810752,nan,0.729788433423852,nan
540.09,221.5447235107422,-226.20619201660156,-74.19956970214844,220.62338242791108,-226.0782306832771,-74.20900906103802,0.9302325490084804,0.30966515701556663,0.0782379816956565,3.5705247166731104e-05,29.827278717296153,48.86213235667892,nan,nan,nan
540.1,221.55320739746094,-226.19967651367188,-74.20020294189453,220.62931302595257,-226.0776511528047,-74.21103935658492,0.9319809151924466,0.3096041889420561,0.07822734838591812,3.498704828854162e-05,31.76298154978765,48.337479740343866,5.758057547840586,1.3007721154166443,nan
540.11,221.56170654296875,-226.1933135986328,-74.20082092285156,220.63748063526086,-226.0711267812367,-74.21177867876855,0.9323321399794203,0.3096503542144428,0.07824935546102772,3.569204458964918e-05,31.6722556003762,49.4891551104867,nan,nan,nan
540.12,221.5701904296875,-226.1870574951172,-74.20142364501953,220.6456551501112,-226.06470988794308,-74.2116994269433,0.9326521387187233,0.30969660391479154,0.07827142608846148,3.49955244752681e-05,31.229129032919886,48.127731485168056,nan,0.46010939069047,nan
540.13,221.5786895751953,-226.18093872070312,-74.20201873779297,220.65382297199795,-226.0584382192761,-74.21240807578344,0.9330018997320281,0.30974293838835343,0.07829356212610745,3.570087341962475e-05,31.138653562046496,48.56393651063756,nan,nan,nan
540.14,221.58717346191406,-226.17478942871094,-74.20270538330078,220.66199740580035,-226.0521965737816,-74.21238646676312,0.9333131662324575,0.30978935757903053,0.07831576207202096,3.500401235650384e-05,30.707525215542322,48.24445817695116,nan,0.4198776398869447,nan
540.15,221.5956573486328,-226.16860961914062,-74.20348358154297,220.63968165193876,-226.03197268361353,-74.21318076871094,0.9657397269755903,0.30972834157372053,0.07830507714974266,3.568767987659612e-05,30.96601443454951,48.834498875414866,8.7246821436759,nan,nan
540.16,221.60415649414062,-226.1623992919922,-74.204345703125,220.64779247739602,-226.0256906992337,-74.21485714136494,0.966142775262406,0.30977456890881105,0.0783272634642004,3.499132551976141e-05,31.406542318355896,48.89353233333392,nan,0.39873850375450964,nan
540.17,221.61264038085938,-226.1561737060547,-74.20530700683594,220.65590997177623,-226.01936483770936,-74.21588014176116,0.9665203222408142,0.3098208809554558,0.0783495152553916,3.5696500498207323e-05,31.295687301616546,49.697469036198754,nan,nan,nan
540.1800000000001,221.6211395263672,-226.14990234375,-74.20634460449219,220.66401867956964,-226.01303572886852,-74.21807420581055,0.9669283164695639,0.3098672776600408,0.07837183127889646,3.4999808987857384e-05,32.01431442192694,49.09185871681094,nan,0.8260140793908696,nan
540.19,221.62962341308594,-226.14361572265625,-74.20748138427734,220.67213669522488,-226.00665692434373,-74.21928608818838,0.9673044393312685,0.3099137593647063,0.07839421300909141,3.570533319915926e-05,31.902886486719968,49.81771198260041,nan,nan,nan
540.2,221.63812255859375,-226.13731384277344,-74.20869445800781,220.69783853334144,-226.00732108820384,-74.2205683849597,0.9493014034154479,0.3098526946684415,0.07838347156623697,3.4987130617509385e-05,31.667148670070535,49.82016946742357,3.999854832541776,0.01277186272435836,nan
540.21,221.6466064453125,-226.1309814453125,-74.20999908447266,220.70598792968588,-226.00089891320374,-74.22195234218198,0.949646006398872,0.3098989842510354,0.07840583892870297,3.56921298781104e-05,31.556506987767733,49.64248928380754,nan,nan,nan
540.22,221.6551055908203,-226.12461853027344,-74.21138000488281,220.71413239585132,-225.9944634471004,-74.22403187997938,0.9500162994756394,0.30994535843212606,0.07842827082900011,3.4995606019140557e-05,32.045530428246984,49.60375829672087,nan,0.26293019909600973,nan
540.23,221.66358947753906,-226.11822509765625,-74.21285247802734,220.7222818358989,-225.98799084830404,-74.22559182005372,0.9503595776072035,0.3099918175498605,0.07845076852173052,3.57009577942245e-05,31.93542404251753,49.3741725075747,nan,nan,nan
540.24,221.67208862304688,-226.11181640625,-74.21440124511719,220.73044032914376,-225.9814726049794,-74.22613215193829,0.9506990218334948,0.3100383615560283,0.07847333109012904,3.500409293354803e-05,31.238995373128038,49.03762630172833,nan,0.8588815679669858,nan
540.25,221.6805877685547,-226.10537719726562,-74.21602630615234,220.77422333589558,-225.9973161573588,-74.22779732650066,0.9128593703606508,0.3099772477933427,0.07846253095680535,3.568776312654124e-05,31.69449358777368,47.72443216767077,15.21527887788986,nan,nan
540.26,221.68907165527344,-226.0989227294922,-74.21774291992188,220.78243151338629,-225.9908040416312,-74.22887287563464,0.913131903648155,0.3100235994094798,0.07848507851697875,3.4991404937456136e-05,31.269338925661096,48.04838076621284,nan,0.3662049859405195,nan
540.27,221.69757080078125,-226.09243774414062,-74.21952819824219,220.79063367934953,-225.98428110424325,-74.2307418363082,0.9134322890414088,0.31007003589745646,0.0785076919656461,3.5696582490262016e-05,31.171310524628712,47.32733065513239,nan,nan,nan
540.28,221.7060546875,-226.08592224121094,-74.22139739990234,220.79884580967436,-225.9777131784736,-74.23143707423375,0.9136946669018194,0.31011655721433457,0.07853037057191303,3.49998871240119e-05,30.448162922682414,46.43303229430477,nan,1.1091722018336612,nan
540.29,221.7145538330078,-226.0793914794922,-74.22334289550781,220.8070476772807,-225.97114359772374,-74.23345181656313,0.913995195214312,0.31016316369088215,0.07855311531325665,3.570541378584444e-05,30.350141752526003,46.53742727878501,nan,nan,nan
540.3,221.72303771972656,-226.07284545898438,-74.225341796875,220.78605860325501,-225.95302418005937,-74.23545758212099,0.9446636082215556,0.3101020000910468,0.07854225210503764,3.498720731005384e-05,30.970763453199353,48.00901984463604,8.331086255382518,0.0077284255057307365,nan
540.3100000000001,221.73153686523438,-226.06626892089844,-74.22734069824219,220.79420870431488,-225.94639590837133,-74.23756424862344,0.9450175349523623,0.31014841390252856,0.07856498108602598,3.569220889660293e-05,30.895276817980136,47.245299786480224,nan,nan,nan
540.32,221.74002075195312,-226.05967712402344,-74.22931671142578,220.80235605174778,-225.93975030285958,-74.2399896107823,0.9453631277061338,0.31019491248293873,0.07858777549098564,3.499568117613848e-05,31.140660467240885,48.19079626134936,nan,0.0742007134324051,nan
540.33,221.74850463867188,-226.0530548095703,-74.23126983642578,220.81050575325887,-225.9330777789228,-74.24207216036366,0.9457024305358945,0.31024149615670626,0.07861063614196047,3.5701035157886025e-05,31.07452236690468,47.56321100492394,nan,nan,nan
540.34,221.7570037841797,-226.04641723632812,-74.23319244384766,220.8186694445508,-225.9263569956613,-74.24230858358831,0.9460279585295104,0.31028816488990363,0.07863356254010478,3.500416644861278e-05,30.100912300141868,46.72412689579548,nan,2.3288672485448836,nan
540.35,221.76548767089844,-226.0397491455078,-74.23507690429688,220.8333858573422,-225.92530415230692,-74.244423009908,0.939147910072575,0.310226951045523,0.0786226335976066,3.568783870151507e-05,30.478772976968234,46.32246943249982,1.6178167778068755,nan,nan
540.36,221.77398681640625,-226.03306579589844,-74.23692321777344,220.84153933913515,-225.91858755897132,-74.24681587531302,0.93950062760616,0.310273426838384,0.07864554354649538,3.4991476690448824e-05,30.749955843110182,46.709214410937356,nan,0.12728756129129393,nan
540.37,221.782470703125,-226.0263671875,-74.23873901367188,220.84969588893313,-225.91184417089246,-74.24875340423581,0.9398322527674503,0.3103199876571037,0.07866851985984981,3.569665621648642e-05,30.682803549358415,47.197904824803025,nan,nan,nan
540.38,221.79095458984375,-226.01963806152344,-74.24051666259766,220.85786176639854,-225.90506404096737,-74.24943603099048,0.9401430627749464,0.3103666334749358,0.07869156216733394,3.499995706103911e-05,30.06821197742754,46.02452282015252,nan,1.0510305817034102,nan
540.39,221.79945373535156,-226.0128936767578,-74.24225616455078,220.86601803586834,-225.8982795599304,-74.25129201027349,0.9404893658908617,0.31041336460597696,0.07871467109915241,3.570548558485936e-05,30.004339175278066,46.01783216203314,nan,nan,nan
540.4,221.8079376220703,-226.00613403320312,-74.24396514892578,220.81825714530302,-225.85732121982247,-74.25248403982896,1.000842280792942,0.31035209974328615,0.07870367240904456,3.498727533597836e-05,29.133984751786144,47.867174975450006,35.16614011726751,0.28710786116426784,nan
540.41,221.81642150878906,-225.9993438720703,-74.24563598632812,220.82632844100064,-225.85042752004628,-74.25426635222074,1.0012666208349672,0.3103986376509336,0.07872676412115209,3.569227867396944e-05,29.069138632181613,47.15932907036045,nan,nan,nan
540.42,221.82492065429688,-225.99253845214844,-74.24727630615234,220.83440253335064,-225.84350935089057,-74.25560499835933,1.0017011470785409,0.3104452604967734,0.07874992206147143,3.499574725848197e-05,28.887814769249054,47.04781057437224,nan,0.11932942136759825,nan
540.4300000000001,221.83340454101562,-225.9857177734375,-74.2488784790039,220.84247332675955,-225.8365764496296,-74.25731861912008,1.0021272582957617,0.31049196858707523,0.07877314675551815,3.5701102886483834e-05,28.822794996195746,47.46609375699678,nan,nan,nan
540.44,221.84188842773438,-225.9788818359375,-74.25045776367188,220.85054608984095,-225.82962105978459,-74.25869272156592,1.002549861467895,0.3105387619064256,0.07879643798948748,3.50042305387506e-05,28.686293544013765,47.512460876654124,nan,0.06707355077023373,nan
540.45,221.85037231445312,-225.97201538085938,-74.25199890136719,220.85769728861672,-225.81807242663356,-74.26029466521811,1.0045750145076018,0.31047744558378215,0.07878536655347151,3.5687904310147373e-05,28.088714867793186,46.744685782828576,1.6081131931246586,nan,nan
540.46,221.85885620117188,-225.9651336669922,-74.25350952148438,220.8657596328808,-225.8110820644966,-74.26334436870248,1.0050220964748766,0.3105240453972632,0.0788086398350448,3.499153872682225e-05,28.847493475233687,47.71674116444289,nan,1.448087653630314,nan
540.47,221.8673553466797,-225.95823669433594,-74.25498962402344,220.87383210118875,-225.80405857115937,-74.26494742049513,1.0054643159792684,0.3105707303854382,0.07883198000476112,3.569671969625143e-05,28.78498406851486,47.66887287434911,nan,nan,nan
540.48,221.87583923339844,-225.95132446289062,-74.2564468383789,220.8818922146508,-225.79703219269595,-74.26816130703457,1.005919484598553,0.3106175005411673,0.07885538693278202,3.5000017037336545e-05,29.85065052391407,49.10161247704687,nan,1.8984904737836694,nan
540.49,221.8843231201172,-225.9443817138672,-74.25787353515625,220.88996384848983,-225.7899720802818,-74.26972366072579,1.006346422208216,0.31066435615866134,0.07887886101910872,3.570554690896204e-05,29.787355746064467,48.245691924093165,nan,nan,nan
540.5,221.89280700683594,-225.9374237060547,-74.25926208496094,220.89481086365547,-225.77285572506733,-74.2708984657633,1.0115405713699923,0.31060298760563276,0.07886771307579273,3.49873332101742e-05,28.584928303991063,48.43554336464426,6.4012539973925024,0.12086465269836959,nan
540.51,221.9012908935547,-225.9304656982422,-74.26063537597656,220.9028858113799,-225.76572750342515,-74.27240253413595,1.0119732441893852,0.31064964942669354,0.07889116841889358,3.569233780204877e-05,28.516251720668194,49.458579084336804,nan,nan,nan
540.52,221.90977478027344,-225.92347717285156,-74.26197052001953,220.91097170732533,-225.75856872358563,-74.27228632676737,1.012377790668452,0.31069639635307394,0.07891469072814519,3.499580303847946e-05,27.601639011687578,47.71439071193471,nan,1.7938464440450528,nan
540.53,221.9182586669922,-225.9164581298828,-74.26329040527344,220.9190459314942,-225.75140559232398,-74.27372186552839,1.0128066184119455,0.310743228670431,0.0789382803376191,3.5701159831454694e-05,27.53476225650627,46.75369014807624,nan,nan,nan
540.54,221.92674255371094,-225.90943908691406,-74.26457214355469,220.9271224997427,-225.7442224524705,-74.2747555401881,1.0132326929976778,0.3107901463841345,0.07896193721623242,3.500428421804792e-05,27.37332075367093,47.723881204321785,nan,0.0999542503686069,nan
540.55,221.9352264404297,-225.90240478515625,-74.26583862304688,220.93179638328357,-225.7311982103079,-74.27613435474645,1.017983090697875,0.3107287251244934,0.07895070954699986,3.5687959049361484e-05,26.838912762474976,47.89944103751155,1.6008284061003561,nan,nan
540.5600000000001,221.94371032714844,-225.89535522460938,-74.26707458496094,220.9398691869214,-225.72396647466837,-74.27743040295131,1.0184195507672076,0.31077544875222757,0.0789743469100901,3.4991590288937485e-05,26.85749656508413,48.0015459982523,nan,0.002621007725641207,nan
540.57,221.9521942138672,-225.88827514648438,-74.2682876586914,220.94794125600626,-225.71671881060394,-74.27876289328526,1.018854901491346,0.31082225769926936,0.078998051718206,3.569677225417078e-05,26.7927650169877,46.977118041602566,nan,nan,nan
540.58,221.96067810058594,-225.88119506835938,-74.26947021484375,220.9560125560742,-225.7094553754795,-74.28013457100026,1.0192944162173025,0.31086915197965853,0.07902182399080157,3.500006650683396e-05,26.892499066311878,48.15769114085925,nan,0.002751267776931536,nan
540.59,221.9691619873047,-225.87408447265625,-74.27063751220703,220.96408393240424,-225.7021755963917,-74.28142164580717,1.0197307760965744,0.3109161318663177,0.07904566398628875,3.570559729537717e-05,26.82672934425874,47.07855729930926,nan,nan,nan
540.6,221.97764587402344,-225.86695861816406,-74.27178192138672,220.9695948536434,-225.70245326520947,-74.28153240290622,1.0214322996311658,0.310854657137376,0.07903435299197459,3.4987380585010015e-05,27.42549450686857,46.588832087780766,6.181892165551631,0.9023976774298438,nan
540.61,221.98611450195312,-225.85983276367188,-74.27289581298828,220.9776511980325,-225.69517119945564,-74.28276320292636,1.021865466423453,0.31090144264048364,0.07905817265915313,3.569238601714912e-05,27.360466791451387,47.71428882338362,nan,nan,nan
540.62,221.99459838867188,-225.85267639160156,-74.27399444580078,220.98571622784826,-225.68786641652434,-74.28255775949374,1.022290992161473,0.31094831341309154,0.07908205997759944,3.499584835178739e-05,26.6556824208161,45.81498638478244,nan,1.4136421798672814,nan
540.63,222.00308227539062,-225.84552001953125,-74.27507019042969,220.99377161544973,-225.68055366752927,-74.28373181821841,1.0227399128610928,0.310995269719467,0.07910601516832841,3.570120591279756e-05,26.587673815706044,46.718358638229795,nan,nan,nan
540.64,222.01156616210938,-225.8383331298828,-74.276123046875,221.00182980848902,-225.6732234197024,-74.2843759469829,1.0231797645470624,0.3110423115863903,0.07913003830694056,3.5004327492154054e-05,26.36021968763763,45.49145797001855,nan,0.18314238369036817,nan
540.65,222.02003479003906,-225.8311309814453,-74.27715301513672,221.02302759393675,-225.66910681740546,-74.28549246482221,1.0101211438405158,0.31098078287867537,0.07911864063939224,3.568800300983994e-05,25.85364163493605,45.17490607469664,2.1853246109835975,nan,nan
540.66,222.0285186767578,-225.8239288330078,-74.27816009521484,221.02334840446503,-225.6618222700502,-74.28679751781654,1.018194686258126,0.30530574880265465,0.07914213549406582,3.499024829885983e-05,36.52956876745501,56.59715741006651,nan,0.02846352046545627,0.010516903603277358
540.67,222.03700256347656,-225.8166961669922,-74.2791519165039,221.0314238982502,-225.65445493484168,-74.28788834254418,1.0186201424024972,0.3053476542298278,0.0791661230351676,3.5695398591235514e-05,36.43221237573607,55.476586012238066,nan,nan,nan
540.6800000000001,222.04547119140625,-225.80946350097656,-74.28012084960938,221.0395149405065,-225.64707252663555,-74.28877445233651,1.0190160411455003,0.305389632701346,0.07919017247921531,3.499876800050145e-05,36.32632528516888,56.51856773747806,nan,0.024406744316515197,nan
540.69,222.053955078125,-225.80221557617188,-74.28107452392578,221.04758982117795,-225.63967685058498,-74.28982615115379,1.0194441910593495,0.30543170494728333,0.07921428402650156,3.570426867853587e-05,36.226563672118324,56.14544145242486,nan,nan,nan
540.7,222.06243896484375,-225.79493713378906,-74.2820053100586,221.06327161235598,-225.6389398598138,-74.29139497620069,1.0113153383566373,0.3053689015151395,0.07920282509642115,3.498612569350689e-05,37.03033403705189,55.21970453412142,1.6250166830794863,0.1806059702770602,nan
540.71,222.07090759277344,-225.78765869140625,-74.28292083740234,221.07135098696844,-225.63153336025496,-74.2924163895236,1.0117206594438968,0.3054108033450994,0.07922691081872134,3.569110256584024e-05,36.93170927596324,56.20623775670197,nan,nan,nan
540.72,222.0793914794922,-225.78036499023438,-74.28382110595703,221.0794533566394,-225.62411223427222,-74.29313673749522,1.01211558345433,0.30545277884920913,0.07925105867683765,3.499463608604642e-05,36.78248153852427,55.75689095002046,nan,0.05683420821564752,nan
540.73,222.08786010742188,-225.77305603027344,-74.28469848632812,221.0875320027461,-225.61667852042012,-74.29412072734316,1.0125211213687952,0.3054948474068327,0.07927526885157521,3.569996655177996e-05,36.685697753500946,55.800876399592,nan,nan,nan
540.74,222.09634399414062,-225.7657470703125,-74.28556060791016,221.09565125914364,-225.60922970329787,-74.29458324748127,1.0128993257366574,0.3055369902546646,0.0792995414547592,3.500315735089102e-05,36.4202043495526,56.192657918792456,nan,0.17980294670035868,nan
540.75,222.1048126220703,-225.75840759277344,-74.2863998413086,221.08544074574914,-225.60216554446293,-74.29554474722926,1.0313167453305065,0.3054742458214014,0.07928799784956896,3.568680768357173e-05,38.252779449423215,56.24718751091195,17.033361884379513,nan,nan
540.76,222.11328125,-225.7510528564453,-74.2872314453125,221.0935430029474,-225.59470843624106,-74.29549715347866,1.03168696423014,0.30551621841379584,0.07931224406399268,3.4990503400997904e-05,37.762838687826495,55.62225406006279,nan,0.675096555653812,nan
540.77,222.12176513671875,-225.7436981201172,-74.28804016113281,221.1015669136721,-225.58724108411488,-74.29640164871074,1.0321594512945718,0.30555828335208346,0.07933655280740504,3.569566171996774e-05,37.66906193660228,56.19038448548541,nan,nan,nan
540.78,222.13023376464844,-225.736328125,-74.28883361816406,221.10959906838377,-225.57976066351017,-74.29717688954292,1.0326074585213565,0.30560042318721586,0.07936092420515443,3.499901857753253e-05,37.598755757575056,56.14734668628321,nan,0.00919084077670739,nan
540.79,222.13870239257812,-225.72894287109375,-74.28961181640625,221.1176217086501,-225.57226790323486,-74.29805032268939,1.0330653498365028,0.30564265533848545,0.07938535841832868,3.570452697653922e-05,37.50437350529811,55.90821286256515,nan,nan,nan
540.8,222.14718627929688,-225.72154235839844,-74.29037475585938,221.09096366411424,-225.53718854200864,-74.29880033881855,1.0722236394003486,0.3055799590171857,0.07937372738143916,3.6401431374234374e-05,35.800365135484256,56.497617148473594,23.927430257611096,nan,nan
540.8100000000001,222.15565490722656,-225.71414184570312,-74.29112243652344,221.09895150038832,-225.52960607805105,-74.29964274768724,1.072729292631095,0.3056220204046581,0.07939813461830302,3.713478322329052e-05,35.70247277837651,57.35976977755153,nan,nan,nan
540.82,222.16412353515625,-225.7067108154297,-74.29185485839844,221.10690670211872,-225.52201240863934,-74.30089947306423,1.0732673192561337,0.30566415662822216,0.07942260472952972,3.635256667123475e-05,35.898826121015645,56.34840661908666,nan,0.11984846604996352,nan
540.83,222.17259216308594,-225.69927978515625,-74.29257202148438,221.11489352733818,-225.51440615670577,-74.30171855133358,1.0737729376210732,0.3057063851331575,0.07944713786844293,3.7084564909600434e-05,35.80357723368908,57.04413128866363,nan,nan,nan
540.84,222.18106079101562,-225.69186401367188,-74.29327392578125,221.12286212100153,-225.50680111497985,-74.30276415274926,1.0743010593403481,0.30574868911792846,0.0794717341721979,3.630506023942344e-05,35.92539586215779,57.298571043804465,nan,0.037716863039345204,nan
540.85,222.18954467773438,-225.6845245361328,-74.2939682006836,221.1379768176603,-225.49666640579608,-74.30341602723284,1.0682578822086375,0.3056860399376906,0.07946001295242475,3.7012162539250204e-05,34.70205654358286,56.290755856308984,6.448653815387906,nan,nan
540.86,222.19801330566406,-225.6772918701172,-74.29463958740234,221.14618288501123,-225.48918563400412,-74.30150213651646,1.0685402586967365,0.30572817331679697,0.07948458168010272,3.6236311006365325e-05,33.479728125524744,54.908169991391055,nan,4.770208560048408,nan
540.87,222.20648193359375,-225.67019653320312,-74.29530334472656,221.15419409234093,-225.48182702813247,-74.30224161994553,1.0690373758443141,0.30577039821914187,0.07950921364535045,3.696489628650243e-05,33.36936299162594,55.49797155724652,nan,nan,nan
540.88,222.21495056152344,-225.66322326660156,-74.29595184326172,221.16225918593275,-225.474597527889,-74.30220458654563,1.069475524893601,0.30581269924434146,0.07953390899021706,3.619165236926763e-05,33.03596966351892,54.46870735044081,nan,0.38508968920133446,nan
540.89,222.22341918945312,-225.65638732910156,-74.29659271240234,221.17027002663457,-225.4675020395684,-74.30291207179128,1.069972310880307,0.3058550917456999,0.07955866786088804,3.6919096839063485e-05,32.92574348128397,54.56115812009599,nan,nan,nan
540.9,222.2318878173828,-225.64968872070312,-74.29721069335938,221.16962176876018,-225.45691713714885,-74.30266629795887,1.0796294758406284,0.3057924814244228,0.07954685369112165,3.6125978046005096e-05,32.79389607094735,54.87441357489187,1.1436814280382268,0.4832544417528665,nan
540.91,222.2403564453125,-225.64312744140625,-74.29782104492188,221.17761666611318,-225.45008409701853,-74.30333999302182,1.0801444486239524,0.30583470276828845,0.0795715843673728,3.6851438239227076e-05,32.684611434082186,55.10125079116305,nan,nan,nan
540.92,222.2488250732422,-225.63668823242188,-74.29842376708984,221.1855997549832,-225.44338239686297,-74.30417805120285,1.0806703175500387,0.3058770008391328,0.07959637863325178,3.608420727181226e-05,32.665707041787066,54.52840392994193,nan,0.02043884457214427,nan
540.9300000000001,222.25729370117188,-225.63021850585938,-74.29911804199219,221.19359501848498,-225.4367338157674,-74.30488324837819,1.081168095373926,0.30591938968327914,0.07962123663331352,3.680866618417769e-05,32.55567594918256,54.00490164132334,nan,nan,nan
540.94,222.26576232910156,-225.6237335205078,-74.29989624023438,221.20161963936332,-225.43006146505317,-74.30524511670924,1.0816363250496541,0.30596185585233265,0.07964615851202309,3.604386367046354e-05,32.34980616383582,54.39963303507166,nan,0.12628481776285438,nan
540.95,222.27423095703125,-225.6172332763672,-74.30076599121094,221.1665176718487,-225.38694288993094,-74.3060497093613,1.131410757387585,0.3058992978881319,0.07963424861200681,3.674423121895119e-05,30.148635643272122,56.695075088906776,41.30792445327923,nan,nan
540.96,222.28271484375,-225.61070251464844,-74.30172729492188,221.17427095047964,-225.380134886969,-74.31016207862537,1.1322015902824951,0.3059415930023562,0.0796591416630099,3.598275181881508e-05,31.26967924240858,57.133806007375405,nan,6.5753979535737574,nan
540.97,222.2911834716797,-225.60414123535156,-74.30278015136719,221.18222867698356,-225.37330534028965,-74.31125582712544,1.132756718897811,0.30598397822394763,0.07968409865416752,3.670448965992084e-05,31.153545361067213,56.597251098023186,nan,nan,nan
540.98,222.29965209960938,-225.59756469726562,-74.30391693115234,221.19014186521548,-225.36645272944588,-74.31314205768962,1.133362609606448,0.30602644131732304,0.07970911972904599,3.5945315573692865e-05,31.46695073549962,57.45025121058186,nan,0.3316595759918567,nan
540.99,222.30812072753906,-225.59097290039062,-74.30513763427734,221.19810001102434,-225.359578132635,-74.31441828077841,1.1339204822367503,0.3060689945168155,0.07973420503349074,3.666623736231731e-05,31.35062533639062,57.87039575631634,nan,nan,nan
541.0,222.31658935546875,-225.5843505859375,-74.30644226074219,221.2047053571488,-225.3558578588421,-74.3164358996427,1.1351629067556317,0.3060064747929404,0.07972219660843076,3.5887261200338286e-05,32.35065837733252,57.73324360494999,1.7722239862247804,0.310830977902268,nan
541.01,222.3250732421875,-225.57769775390625,-74.30783081054688,221.21265358181168,-225.34895149551394,-74.31788997018225,1.1357392034317146,0.30604885641921203,0.0797472524366235,3.6606526468938074e-05,32.23919138857873,56.84923924206729,nan,nan,nan
541.02,222.3335418701172,-225.571044921875,-74.3093032836914,221.22078796940292,-225.34202735610646,-74.31636733198683,1.1360986707868674,0.30609131642585546,0.07977237254939014,3.585270592265396e-05,30.76978847101016,57.04559108107486,nan,6.298487089575802,nan
541.03,222.34201049804688,-225.56436157226562,-74.31085968017578,221.22873648845126,-225.33507830467514,-74.31795855495396,1.1366618807988516,0.3061338659274407,0.07979755709540887,3.657127552539143e-05,30.660535741393208,56.25615886539624,nan,nan,nan
541.04,222.35047912597656,-225.55764770507812,-74.31249237060547,221.23667741730227,-225.32810791033256,-74.31975606634661,1.1372315177189813,0.3061764943619357,0.0798228062141597,3.581956141826169e-05,30.661893349423515,55.60680462526551,nan,0.010346634207486143,nan
541.05,222.35894775390625,-225.55091857910156,-74.314208984375,221.25335657324047,-225.32022209488875,-74.32149368388662,1.1294271970521552,0.3061140232813342,0.07981069646271778,3.651469100820043e-05,29.734176059538797,55.488290399456034,4.04398521491184,nan,nan
541.0600000000001,222.367431640625,-225.54417419433594,-74.31600189208984,221.26128587459698,-225.3131984534069,-74.32409375274439,1.130032622010661,0.3061564801835585,0.0798359154397618,3.576594448931771e-05,30.017595459013958,55.99833043440978,nan,0.39423778931814746,nan
541.07,222.3759002685547,-225.5373992919922,-74.31787109375,221.2692592078888,-225.30615600057058,-74.3260169969101,1.1305725331518952,0.3061990260052533,0.07986119905088732,3.6482386611968575e-05,29.91234741068618,55.28912278023157,nan,nan,nan
541.08,222.38436889648438,-225.53062438964844,-74.31982421875,221.27733778349057,-225.29909722919098,-74.32615563909901,1.1310007948933734,0.3062416512131614,0.07988654743133848,3.573561598040796e-05,29.11927486249989,55.90292773144654,nan,2.349100410695126,nan
541.09,222.39283752441406,-225.5238037109375,-74.32182312011719,221.2853110527312,-225.29201545905207,-74.3282030176434,1.1315393860943748,0.3062843653838976,0.07991196073594121,3.645151925777477e-05,29.022304260582775,53.8889077927966,nan,nan,nan
541.1,222.40130615234375,-225.51698303222656,-74.32382202148438,221.29198710139406,-225.28929735205946,-74.33031985524443,1.1324626914811173,0.3062219315588096,0.0798997468373326,3.568490555151718e-05,29.81496278691516,55.42110807048705,2.7791533166170477,0.0016455631231080963,nan
541.11,222.4097900390625,-225.5101318359375,-74.3258056640625,221.29994728953628,-225.282192906088,-74.332389742901,1.1330271111103272,0.30626447371143417,0.07992512932186224,3.639942917412988e-05,29.73201155855442,54.374266078602474,nan,nan,nan
541.12,222.4182586669922,-225.50328063964844,-74.32776641845703,221.307861748326,-225.27506751162102,-74.33528625709361,1.1336309349874698,0.30630709566729636,0.07995057676849236,3.565732053374275e-05,30.03237967060287,56.13259297233586,nan,0.4896095132157056,nan
541.13,222.42672729492188,-225.49639892578125,-74.3296890258789,221.31582153025948,-225.26792543390928,-74.33731267495763,1.13418246965538,0.306349806062554,0.07997608933726176,3.6371406697127176e-05,29.9520561803918,55.214674205832004,nan,nan,nan
541.14,222.43519592285156,-225.48948669433594,-74.33157348632812,221.32390957648656,-225.260770840577,-74.33685287348803,1.1345907444126022,0.306392596770424,0.08000166715585666,3.5631070143753095e-05,29.046020596726745,53.46962236020715,nan,4.09596837307315,nan
541.15,222.44366455078125,-225.48257446289062,-74.33342742919922,221.34345982069075,-225.26102884109955,-74.33874627058616,1.1223017422787853,0.30633020797161914,0.07998934630235312,3.632223218132812e-05,29.171693624334345,54.15548423485538,1.5592130109079936,nan,nan
541.16,222.45213317871094,-225.4756317138672,-74.33524322509766,221.35141907800886,-225.25384600808175,-74.34095743459035,1.1228504276907294,0.3063728266439871,0.08001489260479622,3.558450586304882e-05,29.219842429621632,53.329205262756396,nan,0.06707216143098534,nan
541.17,222.46060180664062,-225.4686737060547,-74.33702087402344,221.35939424584433,-225.2466461164562,-74.34282324910447,1.123382397073423,0.3064155332656134,0.08004050422419687,3.629696103515112e-05,29.139137581774204,53.4422645724006,nan,nan,nan
541.1800000000001,222.4690704345703,-225.46170043945312,-74.3387680053711,221.36740384463428,-225.23943072458437,-74.34395884570326,1.1238772381147664,0.30645832056528366,0.08006618128242604,3.556087715515412e-05,28.878614288108032,53.287674641883775,nan,0.33077429936391284,nan
541.19,222.47755432128906,-225.4547119140625,-74.3404769897461,221.3753786498111,-225.23219602732618,-74.34574903934961,1.124425331071377,0.3065011958994207,0.08009192394797278,3.62730241721443e-05,28.797709538138495,53.2168161269226,nan,nan,nan
541.2,222.48602294921875,-225.4477081298828,-74.34215545654297,221.33429786532062,-225.202526494971,-74.34821033757923,1.1775488799037337,0.30643884302909813,0.08007949329309867,3.551698034140761e-05,29.676627929088212,56.13998432433677,23.796517513937786,0.3786378451092533,nan
541.21,222.49449157714844,-225.44068908691406,-74.34379577636719,221.3421867638929,-225.19522401625807,-74.34994118191446,1.1781753899880014,0.3064815458719758,0.08010520373490079,3.622797589677741e-05,29.597266632226834,56.20803443890777,nan,nan,nan
541.22,222.50296020507812,-225.4336395263672,-74.34540557861328,221.3500848019665,-225.18790536151826,-74.35144445151093,1.1787889729971566,0.3065243297249746,0.08013097980100424,3.54958712036728e-05,29.494943354128278,55.09042543865408,nan,0.026261269696183965,nan
541.23,222.5114288330078,-225.4265899658203,-74.34698486328125,221.35797348301074,-225.18056949487354,-74.35310997229895,1.1794163105206847,0.3065672011701709,0.08015682166602002,3.6206642054878805e-05,29.414355524843753,56.1814314922527,nan,nan,nan
541.24,222.5198974609375,-225.4195098876953,-74.34852600097656,221.3658052324488,-225.17321307238757,-74.3559851262481,1.180104500304352,0.3066101540951128,0.08018272944292837,3.547598162666524e-05,29.859485245806674,55.64749595651652,nan,1.0570648609682127,nan
541.25,222.5283660888672,-225.4124298095703,-74.35004425048828,221.39953992833296,-225.1745659604074,-74.3576383608132,1.15364005736481,0.3065478427283249,0.08017018618279854,3.6164227470560584e-05,29.060491765983667,55.43544675791639,8.52637021046616,nan,nan
541.26,222.5368194580078,-225.4053192138672,-74.35153198242188,221.40747039149932,-225.1671879450297,-74.35942215697816,1.1542088502850312,0.30659062309067986,0.08019606101067853,3.543583472686102e-05,29.134144869034483,54.591913884911335,nan,0.02636819862679516,nan
541.27,222.5452880859375,-225.398193359375,-74.35298156738281,221.4154091385697,-225.15979472008786,-74.36098332395063,1.1547832588962876,0.3066334906330978,0.08022200182568888,3.614537972362079e-05,29.061655902027024,54.47265092240023,nan,nan,nan
541.28,222.5537567138672,-225.3910675048828,-74.35440826416016,221.4233772216084,-225.15238843763836,-74.36182719452756,1.1553270247802998,0.3066764399405244,0.08024800873463594,3.541830828959428e-05,28.755324912624292,55.21478849736447,nan,0.3271601886498486,nan
541.29,222.56222534179688,-225.3839111328125,-74.3558120727539,221.43131524801055,-225.1449644299403,-74.36332547329778,1.155902079861882,0.3067194765513336,0.08027408192111,3.612773237853011e-05,28.67743916759506,53.9747792737049,nan,nan,nan
541.3,222.57069396972656,-225.37673950195312,-74.357177734375,221.4693856394861,-225.1568896863234,-74.36648223305812,1.1230763791413378,0.306657199472945,0.08026142318737657,3.5380538100595654e-05,29.93311630455187,53.503776612034144,10.138684944076113,1.8234895449055202,nan
541.3100000000001,222.57916259765625,-225.36956787109375,-74.3585205078125,221.47736490074277,-225.149474781798,-74.36794401412585,1.1236048840009683,0.3067000630920196,0.08028746268876286,3.608899422200589e-05,29.85892519865762,54.44312012219948,nan,nan,nan
541.32,222.58763122558594,-225.36236572265625,-74.3598403930664,221.48536689485218,-225.14204728082402,-74.3688151069421,1.1241029383950911,0.3067430087314776,0.080313568462802,3.5365256198243004e-05,29.59045462293291,53.0289501488752,nan,0.22063008647867513,nan
541.33,222.59609985351562,-225.3551483154297,-74.36112976074219,221.4933458134517,-225.13460306460448,-74.37022009679133,1.1246285230014208,0.306786041305007,0.08033974069911479,3.607365856665544e-05,29.518665033762133,52.91275387331242,nan,nan,nan
541.34,222.60455322265625,-225.34793090820312,-74.36239624023438,221.50130791471705,-225.1271428035603,-74.37202209281502,1.1251623232580903,0.3068291563329208,0.08036597949573863,3.5351056479063736e-05,29.761134052859667,54.31221732591176,nan,0.1232938724412848,nan
541.35,222.61302185058594,-225.34068298339844,-74.36363220214844,221.5350281819811,-225.1241953070093,-74.3734409108837,1.0995605823907828,0.3067669173215657,0.0803532024954351,3.60372346293273e-05,28.443557056235584,51.947548336429314,13.477994284275407,nan,nan
541.36,222.62149047851562,-225.33343505859375,-74.3648452758789,221.5430827134508,-225.11670374440828,-74.37430394440403,1.1000114711724454,0.3068098592374707,0.08037940685380601,3.5316583531596536e-05,28.220462900091672,52.69707505078908,nan,0.15568549418193625,nan
541.37,222.6299591064453,-225.326171875,-74.36603546142578,221.55111882765252,-225.1091962548902,-74.37561279224605,1.1004846623798936,0.3068528877446931,0.08040567785569495,3.602408238895594e-05,28.14733126551664,52.49276028974556,nan,nan,nan
541.38,222.63841247558594,-225.31887817382812,-74.36720275878906,221.5591243988186,-225.10167154013516,-74.37771438450338,1.1009777330389268,0.3068959989202336,0.08043201559341516,3.530445475484356e-05,28.64627289782925,51.99575916891601,nan,0.46145490044877013,nan
541.39,222.64688110351562,-225.31158447265625,-74.36834716796875,221.56715963220088,-225.09413680779377,-74.37898601178166,1.1014513732207558,0.30693919684422544,0.08045842026492103,3.601198082078632e-05,28.574583835438926,52.63616150725177,nan,nan,nan
541.4,222.6553497314453,-225.3042755126953,-74.36946868896484,221.5524981475428,-225.06744109676129,-74.37854710542713,1.1280312825150605,0.3068769902002414,0.08044552211397919,3.5272044383942224e-05,26.84741735806736,52.65634384416468,9.889078949383116,2.1018512234556743,nan
541.41,222.66380310058594,-225.2969512939453,-74.37056732177734,221.5605095193842,-225.05983534572283,-74.37975874404124,1.128523451889964,0.30692001460564367,0.08047189158359488,3.5978746256322525e-05,26.774028686786213,52.61512358873024,nan,nan,nan
541.42,222.67227172851562,-225.2896270751953,-74.37164306640625,221.56851215062636,-225.05221546585213,-74.38118911943494,1.1290441112559033,0.30696312186712943,0.08049832796137088,3.5261861607116925e-05,26.925085008498066,53.50172380636671,nan,0.03999043353700547,nan
541.4300000000001,222.6807403564453,-225.2822723388672,-74.37269592285156,221.57652261725624,-225.04458377719342,-74.38236150823438,1.1295512787966515,0.3070063155716613,0.08052483145056041,3.596864349995297e-05,26.855706838389537,52.1265490699313,nan,nan,nan
541.44,222.68919372558594,-225.27491760253906,-74.37372589111328,221.5845456005126,-225.03694103099014,-74.3831207938253,1.1300303504911686,0.3070495925351323,0.08055140213576097,3.525261424581405e-05,26.67725352456965,53.08006129500391,nan,0.10744311920866255,nan
541.45,222.69766235351562,-225.26754760742188,-74.37474060058594,221.6162872577792,-225.04473562293398,-74.38427774308036,1.1041323449647562,0.3069874205966998,0.0805383800570462,3.5937391784250257e-05,26.980430033846638,51.596673141926196,6.266647506668458,nan,nan
541.46,222.70611572265625,-225.26016235351562,-74.375732421875,221.62429631890353,-225.03709217780153,-74.38639679913148,1.1046299174706764,0.3070305238775958,0.08056491476056152,3.5223029366242014e-05,27.594600532843952,52.2182290709096,nan,0.7101681975350134,nan
541.47,222.71458435058594,-225.2527618408203,-74.376708984375,221.6323377019044,-225.0294412836777,-74.38749762499783,1.1051001197137824,0.3070737133189546,0.08059151674955302,3.5929157370078185e-05,27.523556611539146,51.65979817534274,nan,nan,nan
541.48,222.72303771972656,-225.24534606933594,-74.3776626586914,221.64041349051982,-225.0217836691888,-74.38746469203895,1.1055095876032859,0.3071169861711649,0.08061818610383788,3.521555057691303e-05,26.93019747394987,51.0496710955718,nan,0.8673732719234194,nan
541.49,222.73150634765625,-225.23793029785156,-74.37859344482422,221.64845407329503,-225.01410880271,-74.38851771753423,1.1059822701450677,0.3071603453702576,0.08064492303363868,3.5921819729421e-05,26.861408090867634,51.617740454707764,nan,nan,nan
541.5,222.73995971679688,-225.23049926757812,-74.37950897216797,221.676862679398,-225.01627971381882,-74.38877192400916,1.0845050163166217,0.30709820363051454,0.08063177413493842,3.518771221130911e-05,26.35139910042695,50.43626823371905,4.4117091619245725,0.5455918756769443,nan
541.51,222.74842834472656,-225.22305297851562,-74.38040924072266,221.6849366133973,-225.00859691242786,-74.38978280758418,1.0849395976934677,0.307141388758745,0.08065847429282647,3.5893266657540514e-05,26.27993141914431,49.8418455182238,nan,nan,nan
541.52,222.7568817138672,-225.21559143066406,-74.38128662109375,221.6929408184544,-225.00089064938922,-74.39316312060201,1.085452765279257,0.30718465742732487,0.08068524198218682,3.518187831187807e-05,27.759956260400642,51.31014484585612,nan,3.979528564690623,nan
541.53,222.7653350830078,-225.20811462402344,-74.38214874267578,221.70101389793314,-224.99318493687198,-74.39416381052554,1.0858723300983486,0.30722801219198836,0.08071207741744228,3.5887614451622446e-05,27.69303596631016,50.90635075329924,nan,nan,nan
541.54,222.7738037109375,-225.2006378173828,-74.38299560546875,221.70913136173516,-224.98547610987652,-74.39355167047243,1.0862473024322852,0.3072714508732615,0.08073898067228216,3.517683339090454e-05,26.75780298717919,50.49402202594987,nan,1.78138104948313,nan
541.55,222.78225708007812,-225.19314575195312,-74.38382720947266,221.74604963816614,-224.99816036298074,-74.39449898250716,1.0544472728999723,0.3072093405398317,0.08072570219580064,3.586071999474546e-05,27.317321411841654,49.35814489189595,10.408379681750821,nan,nan
541.5600000000001,222.79071044921875,-225.18565368652344,-74.38463592529297,221.75419441969822,-224.9904709921099,-74.3941123425491,1.0547755998957988,0.3072526049477657,0.08075256787350024,3.5151357462991244e-05,26.61438172136052,49.41729600683587,nan,1.225474413982833,nan
541.57,222.79917907714844,-225.17813110351562,-74.38542938232422,221.76230315253562,-224.98276402709334,-74.39502024376965,1.0551644242556404,0.30729595522011,0.08077950146389332,3.585662724699719e-05,26.547020579077873,47.73028856235861,nan,nan,nan
541.58,222.80763244628906,-225.1706085205078,-74.3862075805664,221.7703804028743,-224.97504020895883,-74.39711409968969,1.055584064965736,0.3073393895082232,0.08080650303709032,3.5147785938600416e-05,27.285914319623885,49.41571868593971,nan,1.0098027743410158,nan
541.59,222.8160858154297,-225.1630859375,-74.38697814941406,221.77848825384535,-224.96731206737826,-74.39800419591192,1.0559629168344757,0.3073829098719426,0.08083357281274361,3.585328179389751e-05,27.211382452016082,50.01475539714045,nan,nan,nan
541.6,222.8245391845703,-225.15553283691406,-74.38772583007812,221.78744610821155,-224.96075025379815,-74.39923524641857,1.0552889511319052,0.30732082735400196,0.0808201618664326,3.5123754083116346e-05,27.65564086928888,48.97708415099115,0.6495513140833327,0.03974143979339256,nan
541.61,222.83299255371094,-225.14797973632812,-74.38845825195312,221.79555301744503,-224.9530040150654,-74.40010152559312,1.0556665615195904,0.30736417307014097,0.0808471932491897,3.582861591893345e-05,27.5887809252253,49.598756159820255,nan,nan,nan
541.62,222.84144592285156,-225.14041137695312,-74.38917541503906,221.8036792555873,-224.9452516841007,-74.40012615397833,1.0560146211498918,0.30740760288241514,0.08087429277491884,3.5121538945899354e-05,27.14120871395886,48.80919827860786,nan,0.4806256538528171,nan
541.63,222.84991455078125,-225.13284301757812,-74.38988494873047,221.8117852531877,-224.93748475719144,-74.40095704983923,1.056408954830626,0.3074511185650101,0.08090146066621055,3.5826657190411424e-05,27.070451924130296,49.11739684084677,nan,nan,nan
541.64,222.85836791992188,-225.12525939941406,-74.39057159423828,221.81989070933633,-224.92970788233885,-74.40177456374784,1.0567879727087055,0.3074947194477973,0.08092869702844914,3.6546081918328815e-05,27.004624738948035,48.9590326061656,nan,nan,nan
541.65,222.8668212890625,-225.11773681640625,-74.39125061035156,221.84964426188074,-224.93163959417566,-74.40247141026266,1.0341214566475772,0.3074326650863542,0.08091515087646814,3.725614620040991e-05,26.64168165036932,47.7220423580661,5.067271968081056,nan,nan
541.66,222.87527465820312,-225.11032104492188,-74.39191436767578,221.85778446191802,-224.92399231433356,-74.40336290342027,1.0344736653727131,0.3074760902788048,0.08094234797344305,3.646393332932385e-05,26.772366032438402,47.78512925369529,nan,0.006706119679810274,nan
541.67,222.88372802734375,-225.10304260253906,-74.39256286621094,221.86592655113424,-224.91646242420146,-74.40414117946098,1.0348265870475466,0.3075196012090766,0.08096961359869466,3.7195443351527676e-05,26.69553633491612,48.44629635405711,nan,nan,nan
541.6800000000001,222.89218139648438,-225.09588623046875,-74.39320373535156,221.8600909949335,-224.91960496322713,-74.4061134556435,1.0471162032132695,0.306623073572757,0.08045949438237014,3.640469452564936e-05,39.27258692238574,60.17064480712685,nan,0.9805785524022909,0.2070457968001362
541.69,222.900634765625,-225.08888244628906,-74.39382934570312,221.8682190455577,-224.91236699423158,-74.40687942975889,1.0474780324908897,0.30666488803518094,0.08048421495712212,3.7134800356109696e-05,39.150786116109614,61.13980322515125,nan,nan,nan
541.7,222.90908813476562,-225.08184814453125,-74.39454650878906,221.88228256573362,-224.90098482126984,-74.40833319031823,1.0427038366112833,0.30660025421142084,0.08047210412460247,3.6326989375244414e-05,38.39764290736581,60.58867602957757,8.430839388478292,0.2331494035522086,nan
541.71,222.91754150390625,-225.07479858398438,-74.39535522460938,221.89043911641997,-224.89376924205052,-74.40923860344382,1.0430262150247622,0.3066418985889246,0.08049679550324945,3.705490467182795e-05,38.25318426806906,60.556846276759316,nan,nan,nan
541.72,222.92599487304688,-225.06773376464844,-74.39624786376953,221.89862070118812,-224.8865270856632,-74.40978737531758,1.0433201176457185,0.30668362143202116,0.08052154829347559,3.627393957013196e-05,37.99136619425211,60.43086477981815,nan,0.13164413485365853,nan
541.73,222.9344482421875,-225.06065368652344,-74.39723205566406,221.90677721136095,-224.87927856339408,-74.41086956462252,1.0436429775267462,0.3067254324264486,0.08054636416035311,3.7000667030998264e-05,37.850397945502124,60.36019690377306,nan,nan,nan
541.74,222.94290161132812,-225.05355834960938,-74.39830780029297,221.9150107889678,-224.87198281565583,-74.41062634922417,1.0438778491139953,0.3067673224343109,0.08057124175614329,3.622287896285247e-05,36.89972825758591,59.47212128941532,nan,1.3168739278945276,nan
541.75,222.95135498046875,-225.04644775390625,-74.39946746826172,221.93272446628941,-224.87556398163622,-74.41198940653248,1.0329405534591767,0.3067027682411043,0.0805590426712188,3.692520674950929e-05,37.91323733253055,59.28729068759045,6.128107620404961,nan,nan
541.76,222.95980834960938,-225.03932189941406,-74.40071105957031,221.9408823172187,-224.86829629645123,-74.41330622303201,1.0332563353277058,0.30674448826633977,0.08058389053937406,3.615146929836194e-05,37.94297912555818,59.36997476426342,nan,0.00019556410567123556,nan
541.77,222.96826171875,-225.0321807861328,-74.40203857421875,221.94903922634433,-224.86101340841162,-74.4147258043743,1.0335732804356947,0.30678629589103257,0.08060880164018909,3.687513668320087e-05,37.808224450273784,59.28221494826683,nan,nan,nan
541.78,222.97671508789062,-225.0250244140625,-74.40345001220703,221.95719600360192,-224.85371510857038,-74.41623020031848,1.0338904074345745,0.306828186998093,0.0806337754235197,3.761327502220118e-05,37.67402876119166,59.16534179739934,nan,nan,nan
541.79,222.98516845703125,-225.01785278320312,-74.40494537353516,221.96535245920947,-224.8464016287963,-74.41781841160461,1.034207852837044,0.30687016173202125,0.08065881203386606,3.836602881556286e-05,37.539796642865724,59.02887298117691,nan,nan,nan
541.8,222.99362182617188,-225.0106658935547,-74.40652465820312,222.0020126669013,-224.85845417007175,-74.41971900132383,1.0033101336104113,0.30680567696141986,0.08064652051842412,3.747894481109105e-05,38.53186480457534,58.576372272142535,10.242888723426704,0.05328614711921217,nan
541.8100000000001,223.0020751953125,-225.0034637451172,-74.4081802368164,222.01020337413925,-224.85115236771216,-74.42147374439806,1.003586161058619,0.3068474813115248,0.08067152678259856,3.8227962956213465e-05,38.39995527092593,58.450412983633534,nan,nan,nan
541.82,223.01052856445312,-224.99624633789062,-74.409912109375,222.0184225578864,-224.84382405579075,-74.42272388326646,1.0038281834540028,0.30688936522003374,0.08069659528217472,3.7372559307540536e-05,38.060029129429395,58.10788274647716,nan,0.21170147106755866,nan
541.83,223.01898193359375,-224.989013671875,-74.41172790527344,222.0266128479952,-224.8364931781638,-74.42463371800346,1.0041043088523278,0.30693133657930555,0.08072172748290708,3.811896365708265e-05,37.92873976024942,57.89675331313352,nan,nan,nan
541.84,223.02743530273438,-224.9817657470703,-74.41361999511719,222.03473472588604,-224.82917657702475,-74.42805618435456,1.004463186806718,0.30697338802048996,0.08074692223701463,3.7269985645811095e-05,39.04273196809715,58.970901169915386,nan,1.2759923352993139,nan
541.85,223.035888671875,-224.97450256347656,-74.41559600830078,222.03789048035293,-224.8116146785229,-74.43014691266639,1.0113083516731507,0.30690897980559845,0.08073453697807328,3.798945456112081e-05,37.67295080990043,58.79959021165331,7.6280108052309314,nan,nan
541.86,223.04434204101562,-224.9672393798828,-74.41761016845703,222.04605072153458,-224.80422778300058,-74.4331454722523,1.011632188561289,0.3069508609233507,0.08075970082108036,3.714778433526052e-05,38.48552296257346,60.58574096566426,nan,0.4555908149267062,nan
541.87,223.0527801513672,-224.95994567871094,-74.41963195800781,222.0542500003352,-224.7968107060969,-74.43532551290124,1.011890196352815,0.3069928289876211,0.08078492851453105,3.788846419165139e-05,38.379726570378914,59.67583245056183,nan,nan,nan
541.88,223.0612335205078,-224.95265197753906,-74.421630859375,222.0624336549222,-224.78938651663083,-74.43783858991472,1.0121854932514536,0.307034877519897,0.08081021903498976,3.7052805103591776e-05,38.8591347337109,60.74524139939822,nan,0.07234309275770275,nan
541.89,223.06968688964844,-224.94534301757812,-74.4236068725586,222.07063229933712,-224.78194272007684,-74.43999332213507,1.0124614794525983,0.30707701307594104,0.0808355736680078,3.7791308701029174e-05,38.76559631088816,60.4870096156285,nan,nan,nan
541.9,223.07814025878906,-224.93800354003906,-74.42554473876953,222.05934928705798,-224.76194487363614,-74.44071020003585,1.0340027511142085,0.30701267315070296,0.08082309071226991,3.693840302058393e-05,37.50566738570754,58.81297613941879,4.170746326215194,1.2382058304573689,nan
541.91,223.0865936279297,-224.9306640625,-74.42745208740234,222.06752140807646,-224.75444987571726,-74.4427868157854,1.0343088430418994,0.30705463799135774,0.0808484137848017,3.7673936199380765e-05,37.41345186612199,59.5845160127124,nan,nan,nan
541.92,223.0950469970703,-224.92332458496094,-74.42931365966797,222.07581271550433,-224.74689094876805,-74.44200242145646,1.0344700833640859,0.3070966836428534,0.08087379995011017,3.685074542137024e-05,35.431221905311574,58.52434821643921,nan,5.075132330849749,nan
541.9300000000001,223.10348510742188,-224.91595458984375,-74.43114471435547,222.08398430476305,-224.7393703842848,-74.44398034573105,1.034760175938215,0.307138815877629,0.08089925038008644,3.758437401146893e-05,35.33810391101369,57.49822824076401,nan,nan,nan
541.94,223.1119384765625,-224.90858459472656,-74.43294525146484,222.092199435054,-224.73181829158588,-74.44485212973031,1.0350148851358265,0.3071810293938559,0.08092476421628313,3.67665920298236e-05,34.70271004894651,57.40868884996808,nan,0.7323796598190415,nan
541.95,223.12039184570312,-224.90118408203125,-74.43470001220703,222.0953993589177,-224.7185820292592,-74.44655118366303,1.0411981357590088,0.3071167625848772,0.08091218191701632,3.7474753403443135e-05,34.055445196184664,56.10370254381612,3.001187946857954,nan,nan
541.96,223.1288299560547,-224.89378356933594,-74.4364242553711,222.10356470956546,-224.7110108448828,-74.44851939400405,1.0414993935865684,0.30715880537892865,0.0809376635901521,3.666320938601812e-05,34.1899016613108,57.425557426148856,nan,0.007641847891174131,nan
541.97,223.1372833251953,-224.88636779785156,-74.43811798095703,222.11173401171428,-224.7034255311064,-74.45034603799007,1.0418103439312192,0.3072009343537388,0.08096320968079544,3.739247470150384e-05,34.0929547458261,56.782811080120844,nan,nan,nan
541.98,223.14573669433594,-224.8789520263672,-74.43977355957031,222.11991544630826,-224.69582277165216,-74.45181405456324,1.042108694118434,0.3072431448946445,0.08098881943401384,3.6585956783733394e-05,33.94952733591976,57.466872799366925,nan,0.06838614446133354,nan
541.99,223.1541748046875,-224.8715057373047,-74.44139862060547,222.1280839671526,-224.6882137599692,-74.45357212476117,1.0424042162386182,0.30728544174221584,0.08101449387118927,3.731367537901223e-05,33.85350209549492,56.385599909116,nan,nan,nan
542.0,223.16262817382812,-224.8640594482422,-74.44298553466797,222.15201731026056,-224.69247859339526,-74.45333415723546,1.025125066174768,0.30722124167844994,0.08100180853174911,3.6489577128439666e-05,33.318617076809595,55.34097877240439,4.698987607875568,2.1483461423255683,nan
542.01,223.17108154296875,-224.85659790039062,-74.44454193115234,222.16020220873108,-224.6848730086257,-74.4550085263231,1.0254150459472233,0.30726336744657107,0.08102745013130848,3.7214949297074305e-05,33.22339980875725,54.984206343810754,nan,nan,nan
542.02,223.1795196533203,-224.84913635253906,-74.44607543945312,222.1684113715831,-224.6772453172973,-74.45597314474254,1.0256629319440582,0.3073055750301301,0.08105315564240795,3.641891915135815e-05,32.86289775284068,55.75781831437326,nan,0.30045668527616315,nan
542.03,223.18797302246094,-224.84164428710938,-74.44757080078125,222.17659578552676,-224.669617309805,-74.45758057084106,1.0259519441990181,0.3073478685694858,0.08107892599252019,3.714296577120811e-05,32.768535536625514,53.98676196793554,nan,nan,nan
542.04,223.1964111328125,-224.8341522216797,-74.44903564453125,222.18479675002962,-224.66197076295774,-74.45867469777174,1.026208081009003,0.30739024435188017,0.0811047605634737,3.6351409862321496e-05,32.52217297502553,54.81916529363522,nan,0.15314606952665277,nan
542.05,223.20486450195312,-224.82666015625,-74.45047760009766,222.21325919826018,-224.66660364820063,-74.4602206480382,1.0044869790415978,0.3073261140602622,0.08109197026327283,3.7051122453323585e-05,32.690037834520766,54.668540687377565,4.13202448865423,nan,nan
542.0600000000001,223.2133026123047,-224.8191375732422,-74.45188903808594,222.22148521517147,-224.65896082457468,-74.46133594079748,1.0047126873094854,0.3073683186993448,0.08111777135810287,3.6264835939540723e-05,32.48638867562851,53.49094208312535,nan,0.10601078727013714,nan
542.07,223.2217559814453,-224.81161499023438,-74.4532699584961,222.2296972853588,-224.65131333108772,-74.46282160179396,1.0049717967663128,0.3074106089739425,0.08114363744729607,3.698562275427074e-05,32.38968829002425,53.75379868282976,nan,nan,nan
542.08,223.23019409179688,-224.8040771484375,-74.45462036132812,222.23793780705404,-224.64364217308514,-74.4633937172397,1.0051810223546407,0.3074529816936195,0.08116956799752097,3.6203464434569516e-05,31.946269708222175,53.347267935246805,nan,0.5181434872952975,nan
542.09,223.2386474609375,-224.79652404785156,-74.45594787597656,222.24614924142392,-224.63597370995504,-74.46481748769038,1.0054391064347283,0.30749544021418457,0.08119556381250431,3.6923213353981474e-05,31.850481082206947,52.57572698985406,nan,nan,nan
542.1,223.24708557128906,-224.78897094726562,-74.4572525024414,222.24346822165714,-224.61530730886253,-74.46393743090927,1.0185536471164538,0.30743137476407134,0.08118266506981217,3.612305645546781e-05,29.817337718054823,52.899555631640915,6.746651356951813,3.5359813103684643,nan
542.11,223.25552368164062,-224.78140258789062,-74.45852661132812,222.25167729424732,-224.60758450013387,-74.46528856037479,1.0188061744360033,0.30747366180958763,0.08120862670929335,3.6840959469377016e-05,29.71902415352318,52.42037499501794,nan,nan,nan
542.12,223.26397705078125,-224.77383422851562,-74.45977783203125,222.25985315037897,-224.59986688377424,-74.46770455471236,1.0191134761781502,0.3075160314735718,0.08123465304307458,3.6067503094031074e-05,30.117799920933916,53.16098213144661,nan,0.7880609611257507,nan
542.13,223.2724151611328,-224.76625061035156,-74.46099853515625,222.26806175091988,-224.59212412789464,-74.469017866561,1.0193675069254173,0.3075584866596993,0.08126074479858282,3.6784545300421387e-05,30.02172250491656,53.05640978438667,nan,nan,nan
542.14,223.28085327148438,-224.75865173339844,-74.46220397949219,222.27624800252002,-224.58438181534825,-74.47105982811655,1.019647084447859,0.30760102485716495,0.08128690155395149,3.601472104161439e-05,30.350055405721022,52.98705460353317,nan,0.3769003274866432,nan
542.15,223.289306640625,-224.75103759765625,-74.46337890625,222.2614669547631,-224.5681431554278,-74.47240717457615,1.0440240928540374,0.30753702589432036,0.0812738922259575,3.670828856683733e-05,30.96091991340239,52.75847341811,6.589222091617947,nan,nan
542.16,223.29774475097656,-224.74342346191406,-74.46453094482422,222.26958857116617,-224.5603821333567,-74.47512436656028,1.0443761193298244,0.3075793925043256,0.08130001413309294,3.5942871700222166e-05,31.762447735486454,54.54019225479883,nan,1.4344545995201097,nan
542.17,223.30618286132812,-224.7357940673828,-74.46566009521484,222.2777510491974,-224.55259242804024,-74.4763692584579,1.044676753372854,0.30762184438214024,0.0813262016187948,3.665753313034961e-05,31.669945207237003,54.051184177451404,nan,nan,nan
542.1800000000001,223.3146209716797,-224.72816467285156,-74.46676635742188,222.2859282241689,-224.5447862226221,-74.47703797064122,1.0449602532287798,0.30766437940650515,0.08135245432948572,3.589544109695435e-05,31.380655174023367,54.40865126854418,nan,0.206135511276383,nan
542.19,223.3230743408203,-224.72052001953125,-74.46784973144531,222.29409010321484,-224.5369778066969,-74.47823438302501,1.0452770666770936,0.3077069998958107,0.08137877289268329,3.660946847003344e-05,31.289658769003687,53.56699047721971,nan,nan,nan
542.2,223.33151245117188,-224.71287536621094,-74.46891784667969,222.292603416633,-224.52601609547844,-74.47877718701417,1.0556256797260144,0.30764306356337356,0.08136564967577926,3.5828919899386384e-05,31.333909827843815,54.47132719718641,2.493581252859733,0.14442112724260237,nan
542.21,223.33995056152344,-224.70521545410156,-74.46995544433594,222.3007450873811,-224.51818737015424,-74.47992431367412,1.0559483415528834,0.30768551215146794,0.0813919326669402,3.654149552135994e-05,31.242356159204597,53.92366269407271,nan,nan,nan
542.22,223.348388671875,-224.69754028320312,-74.47097778320312,222.30886224256014,-224.51036135658177,-74.48202122875713,1.0563016167293,0.307728043998253,0.08141828110175543,3.578652249197842e-05,31.833931185407806,54.06794151337451,nan,0.6345972844210191,nan
542.23,223.35682678222656,-224.6898651123047,-74.47197723388672,222.3170032105161,-224.50251507021005,-74.48313851161721,1.0566256066734947,0.30777066108869544,0.08144469554694776,3.649860325757058e-05,31.741477743901317,54.56723190984962,nan,nan,nan
542.24,223.36526489257812,-224.6821746826172,-74.47296142578125,222.32517410481955,-224.49464564153496,-74.48297064759149,1.0569087815657103,0.30781336180292374,0.08147117573802534,3.574651666807453e-05,31.034729150801677,53.385161635671736,nan,1.0840402948167724,nan
542.25,223.3737030029297,-224.6744842529297,-74.47392272949219,222.34742761705974,-224.497871996419,-74.48411600755456,1.0414110426291667,0.30774948870373803,0.08145793631362752,3.643576057428182e-05,31.55001159658514,53.562374459751275,3.449201044024909,nan,nan
542.26,223.38214111328125,-224.66677856445312,-74.47486877441406,222.35558688540814,-224.4900230056333,-74.4849849351371,1.0417093870392216,0.3077920173630282,0.08148438022741443,3.5687326257727126e-05,31.470280171601104,53.02971434563517,nan,0.022184541269127677,nan
542.27,223.3905792236328,-224.6590576171875,-74.47579193115234,222.3637417767829,-224.4821676604395,-74.48601486069813,1.0420123355028381,0.3078346310639178,0.08151089030891043,3.639771279389559e-05,31.379677235550556,52.46083203557724,nan,nan,nan
542.28,223.39901733398438,-224.65133666992188,-74.47669219970703,222.3719717613197,-224.47426704612033,-74.48359452605266,1.0422206590316103,0.3078773284702252,0.08153746634744372,3.565189666948484e-05,29.749502071729395,51.37214411657,nan,8.012314179989444,nan
542.29,223.40745544433594,-224.64361572265625,-74.47758483886719,222.3801263278136,-224.4663953731959,-74.48455565732895,1.0425261427069568,0.3079201111405411,0.08156410883076241,3.6361963111253347e-05,29.65338356041199,51.850522521769356,nan,nan,nan
542.3,223.4158935546875,-224.63587951660156,-74.47845458984375,222.37900001894602,-224.45509831827383,-74.4854037335198,1.0525579968482113,0.30785629819861265,0.08155075004146846,3.5597225589260744e-05,29.880240492639665,51.530849448148686,1.1743550471035824,0.0008272611124198331,nan
542.3100000000001,223.42433166503906,-224.6281280517578,-74.47930145263672,222.38713598736632,-224.4472069900024,-74.48632984280172,1.0528801938672963,0.3078989085119793,0.08157735549971698,3.630614417419957e-05,29.791181669570364,50.945538192386984,nan,nan,nan
542.32,223.43276977539062,-224.62037658691406,-74.48014068603516,222.39525723718924,-224.43931519608444,-74.48796412492932,1.0532220565343124,0.30794160259401354,0.08160402712013855,3.5566066456286496e-05,30.057617895743622,51.736112597834975,nan,0.35855574472171553,nan
542.33,223.4412078857422,-224.61260986328125,-74.48095703125,222.40339274385272,-224.43140850593585,-74.48886553538291,1.0535448472070335,0.30798438176391896,0.0816307653431365,3.627477211047546e-05,29.968478700885605,51.1195043055647,nan,nan,nan
542.34,223.44964599609375,-224.60484313964844,-74.48175811767578,222.41155090007626,-224.42348240804472,-74.48854083240269,1.0538401911876656,0.30802724504566126,0.08165757002762435,3.553693145079423e-05,29.445684635872365,51.10311110009864,nan,1.0032604907793927,nan
542.35,223.4580841064453,-224.59707641601562,-74.4825439453125,222.41880450453107,-224.42518014935777,-74.48941795661798,1.0534218857975979,0.3079634920917584,0.08164408942039383,3.62232611600829e-05,30.91430001558801,51.665118646689365,9.346390761652518,nan,nan
542.36,223.46652221679688,-224.58929443359375,-74.48331451416016,222.42694512018926,-224.41726796820944,-74.4887112115314,1.0537280336625074,0.3080061828276673,0.08167085634372091,3.548842152058797e-05,30.338903122012145,50.56741365690242,nan,1.6513268087611241,nan
542.37,223.47494506835938,-224.5814971923828,-74.48406982421875,222.4350571455525,-224.4093628984636,-74.48952568681413,1.0540525952623716,0.30804895849018227,0.08169769002648529,3.619595703213814e-05,30.249193014527755,50.251952604867576,nan,nan,nan
542.38,223.48338317871094,-224.57369995117188,-74.48480987548828,222.44316383798449,-224.40145303100653,-74.49061691809969,1.0543998293207912,0.3080918183037161,0.08172459036897421,3.546312424174679e-05,30.286746105533247,50.49208218921572,nan,0.05821449217441015,nan
542.39,223.4918212890625,-224.56588745117188,-74.48554229736328,222.45127520959443,-224.39353326545591,-74.49140609354805,1.0547400120104875,0.30813476328609585,0.08175155775070235,3.617057795273765e-05,30.19700950181639,49.882161275975,nan,nan,nan
542.4,223.50025939941406,-224.55807495117188,-74.48625183105469,222.51089234319153,-224.41382201183032,-74.49139121406135,0.999841235249282,0.3080710677940434,0.08173795228718857,3.5418375558943555e-05,29.991019660956294,48.8456332253037,24.977243919077754,0.4414357856411333,nan
542.41,223.50868225097656,-224.55026245117188,-74.48694610595703,222.5190831355195,-224.4059380797876,-74.49214576357126,1.0000814816444477,0.30811383993516195,0.08176488113649716,3.612490995728037e-05,29.901123772420508,49.55073882908306,nan,nan,nan
542.42,223.51712036132812,-224.54244995117188,-74.48763275146484,222.52726896295275,-224.39805822065185,-74.4931797374699,1.0003427071569029,0.308156696252031,0.08179187683817996,3.5396630757856513e-05,29.931210680160724,48.58042048742995,nan,0.05897450425674027,nan
542.4300000000001,223.5255584716797,-224.53472900390625,-74.48829650878906,222.53545889571961,-224.39022224271346,-74.4939114607044,1.0006052678412989,0.30819963759642344,0.08181893973587148,3.610316390286886e-05,29.838096599999268,49.076321122395015,nan,nan,nan
542.44,223.5339813232422,-224.52711486816406,-74.48895263671875,222.54367503216358,-224.3824717397246,-74.49283366128708,1.0008212862975738,0.3082426634427163,0.08184606978275218,3.5376565598691365e-05,29.29160978861389,48.193646067865345,nan,2.2309990353498765,nan
542.45,223.54241943359375,-224.51950073242188,-74.48970031738281,222.56152412806537,-224.38623608986785,-74.49340190699944,0.989913514974087,0.3081790246853909,0.08183233691173622,3.6061044683966955e-05,30.135029843771537,48.234491116535416,5.750418760920592,nan,nan
542.46,223.5508575439453,-224.51187133789062,-74.49053955078125,222.56972567556627,-224.378568616228,-74.49356294489696,0.990150745928914,0.3082218774716207,0.08185942766093436,3.5336894667646284e-05,29.926005056384312,47.66028089590266,nan,0.3095260076170271,nan
542.47,223.5592803955078,-224.50424194335938,-74.49147033691406,222.57791774593295,-224.37089700725429,-74.49447651118385,0.9903850559500605,0.30826481515528475,0.08188658576161131,3.6042647005950435e-05,29.82795579859281,48.48793703963939,nan,nan,nan
542.48,223.56771850585938,-224.49658203125,-74.49248504638672,222.58610718284388,-224.36321757441706,-74.49566319865112,0.9906346291496171,0.3083078373468988,0.0819138111978157,3.531998379625814e-05,29.777731548610586,46.793640475272205,nan,0.023388046694659468,nan
542.49,223.57615661621094,-224.4889373779297,-74.49358367919922,222.59429893993737,-224.3555278004707,-74.49675629061763,0.9908847951595179,0.3083509446934585,0.08194110426762188,3.6025830069156105e-05,29.68235701717819,48.20442153885056,nan,nan,nan
542.5,223.58457946777344,-224.48126220703125,-74.4947738647461,222.63754445626438,-224.3736448398614,-74.49792655650688,0.9531352213646646,0.3082873605153216,0.0819272410472693,3.528338190884075e-05,30.67510108778022,46.809224202800294,16.373291519085683,0.004384988624304583,nan
542.51,223.593017578125,-224.47360229492188,-74.49604797363281,222.64577812362353,-224.36599207428358,-74.499193850222,0.9533375269491811,0.3083302945087464,0.08195449402520066,3.598847564550027e-05,30.580175987535874,47.77976034929041,nan,nan,nan
542.52,223.6014404296875,-224.46591186523438,-74.49739837646484,222.65400080899613,-224.35833663493275,-74.501461697922,0.9535359330468448,0.3083733130049955,0.08198181451982282,3.5269366116071166e-05,30.687352056459815,47.02536567386226,nan,0.5819903361046005,nan
542.53,223.60987854003906,-224.45822143554688,-74.49884033203125,222.66223392939557,-224.35066646817475,-74.502908051646,0.9537373461445984,0.3084164165410631,0.08200920280290502,3.597461265124069e-05,30.593443991088087,47.03530917305223,nan,nan,nan
542.54,223.61830139160156,-224.45053100585938,-74.5003662109375,222.67049178396533,-224.34297321721596,-74.50215680279015,0.9538946149573287,0.30845960489317314,0.08203665889739167,3.5256715862795395e-05,30.136457649361013,47.452831967132134,nan,3.6192648430476186,nan
542.55,223.62673950195312,-224.44281005859375,-74.50196838378906,222.69155785704044,-224.3446936302644,-74.50380434887586,0.940316389976007,0.30839607417591647,0.08202266270970292,3.5940123098107376e-05,30.48995211293333,45.67504550038369,2.284712869299679,nan,nan
542.5600000000001,223.63516235351562,-224.4351043701172,-74.50364685058594,222.6998059113275,-224.33701822180421,-74.50546311806461,0.9404870362005274,0.30843908893061356,0.08205007791951237,3.522421336613565e-05,30.40230066605099,47.34528695546587,nan,0.00012481339793061162,nan
542.57,223.6436004638672,-224.42738342285156,-74.50540924072266,222.70805338109722,-224.32933481548739,-74.50721579276386,0.9406727045661188,0.30848218861821997,0.08207756107099884,3.5928958817231305e-05,30.314531472546637,46.43278625138423,nan,nan,nan
542.58,223.6520233154297,-224.41964721679688,-74.50725555419922,222.71630398685429,-224.32164127642966,-74.50866128675551,0.940838882222075,0.3085253731025247,0.08210511220929993,3.521410126462555e-05,30.194993634358674,46.232562446452356,nan,0.10437251963474221,nan
542.59,223.66046142578125,-224.4119110107422,-74.50917053222656,222.72455044076085,-224.31394209756553,-74.51056858562075,0.9410256289730703,0.3085686427887379,0.0821327315733324,3.591906570514783e-05,30.108759804397398,46.3069627627404,nan,nan,nan
542.6,223.66888427734375,-224.40415954589844,-74.51116180419922,222.7094367451899,-224.3061363225554,-74.51326195826933,0.9644441559353284,0.3085051636115265,0.08211859955482456,3.51840509793539e-05,32.03553912697236,46.962494047799765,16.560405127603858,0.3538031997226931,nan
542.61,223.67730712890625,-224.3964080810547,-74.5132064819336,222.71762278846006,-224.29843877364343,-74.51531637470455,0.9646742818898936,0.3085482594061907,0.08214617721765084,3.588838005834876e-05,31.95047047392121,47.267173891578196,nan,nan,nan
542.62,223.6857452392578,-224.38864135742188,-74.51524353027344,222.72580888124307,-224.29073337904117,-74.51735532540229,0.9649187755183715,0.3085914399697312,0.08217382303791017,3.5176247168042764e-05,31.87202178566195,46.54967194419339,nan,0.0011514617244358233,nan
542.63,223.6941680908203,-224.38087463378906,-74.51727294921875,222.73399418815728,-224.28302057961986,-74.51942706324195,0.9651497186860326,0.3086347056391287,0.08220153723602446,3.588083682304065e-05,31.791214436017196,47.12150879162461,nan,nan,nan
542.64,223.7025909423828,-224.3730926513672,-74.5192642211914,222.74216527113126,-224.27530908288645,-74.52329066407438,0.9653990410737517,0.30867805638105694,0.08222931988456426,3.516952975947822e-05,32.04088955007116,47.02648861473128,nan,2.3035488854746817,nan
542.65,223.7110137939453,-224.3653106689453,-74.52122497558594,222.74978502418074,-224.2726290486018,-74.52543300054225,0.9656957792424323,0.30861462736161216,0.08221504937720822,3.585241431565094e-05,32.87007593645066,47.60018167402528,2.692953566029035,nan,nan
542.66,223.71945190429688,-224.35752868652344,-74.52314758300781,222.7579649923466,-224.2649060123961,-74.52652542954178,0.9659438138222163,0.3086578039459756,0.08224278950579275,3.5142716373251616e-05,32.61913765239838,47.47104261628373,nan,0.5812438277557064,nan
542.67,223.72787475585938,-224.34971618652344,-74.52503204345703,222.76613810019597,-224.25717997479583,-74.52848430466588,0.9661843837668738,0.30870106554589627,0.0822705981624058,3.5846997446362276e-05,32.5476960048622,46.45615554164576,nan,nan,nan
542.6800000000001,223.73629760742188,-224.3419189453125,-74.52688598632812,222.78580530303537,-224.26356621024019,-74.5295413972898,0.9537199919256426,0.3059337556782762,0.0780514088922085,3.513613857285444e-05,44.687745016848595,59.76992574120416,nan,0.513903079708953,0.04696465079531126
542.69,223.74472045898438,-224.3341064453125,-74.52869415283203,222.79397219639117,-224.25583934637595,-74.53141988424588,0.9539682527273581,0.3059798226627227,0.07807136921353085,3.584068147958672e-05,44.57939010943963,59.34619089923439,nan,nan,nan
542.7,223.75314331054688,-224.3262939453125,-74.53047180175781,222.79758103520598,-224.2511841840282,-74.531108069937,0.9585098555216055,0.3059205919765706,0.0780611555449894,3.51113051629107e-05,45.535323537910756,59.77059131137399,4.5983782237695285,3.4727990821255337,nan
542.71,223.76156616210938,-224.31846618652344,-74.53221893310547,222.80573261092877,-224.24346294468788,-74.53289590951519,0.9587719865251728,0.30596646937853056,0.07808111034457611,3.5815293216821654e-05,45.42456238899289,59.19903657458768,nan,nan,nan
542.72,223.76998901367188,-224.3106231689453,-74.53392028808594,222.81385889488436,-224.2356998138182,-74.5342179248199,0.9590612085700019,0.30601242587465227,0.07810111713042822,3.510844425579109e-05,45.30408588383506,58.827340270963965,nan,0.13078303652476247,nan
542.73,223.77841186523438,-224.30279541015625,-74.53559875488281,222.82200955574822,-224.22796493786598,-74.53593404599455,0.9593253304243345,0.3060584710327268,0.07812119480371825,3.581276650927338e-05,45.19006023155241,59.79879259780775,nan,nan,nan
542.74,223.78683471679688,-224.29493713378906,-74.53723907470703,222.83022282240438,-224.2203117170288,-74.53872482331111,0.9595193988496293,0.3061045956771998,0.07814132509890677,3.510642683183468e-05,45.140349257306944,58.568011583132744,nan,0.860265938194514,nan
542.75,223.79525756835938,-224.28709411621094,-74.5388412475586,222.86866734899004,-224.23040108611818,-74.5403271810759,0.9283241579806166,0.3060453050063961,0.07813110537599054,3.5789122083384484e-05,45.53842413781037,59.49248735509081,10.694663561251714,nan,nan
542.76,223.80368041992188,-224.27923583984375,-74.54042053222656,222.87689322649084,-224.22272439527106,-74.54248107627389,0.9285107921382745,0.30609123992266085,0.07815123003445693,3.5084084823110285e-05,45.486887069575516,58.89704573690437,nan,0.1928765017314414,nan
542.77,223.81210327148438,-224.2713623046875,-74.54196166992188,222.88508920027616,-224.21500049863957,-74.54408542320465,0.9287282981190078,0.3061372632325267,0.0781714250937118,3.5788227381141785e-05,45.38302561065277,58.466762135438294,nan,nan,nan
542.78,223.82052612304688,-224.2635040283203,-74.54347229003906,222.89326982142245,-224.20724972001602,-74.54539136588015,0.9289631203428284,0.3061833661929079,0.07819167370782706,3.508359639898863e-05,45.248677313118456,59.5118391402248,nan,0.05053361241064253,nan
542.79,223.82894897460938,-224.255615234375,-74.54496002197266,222.90146504430962,-224.19951323786515,-74.54693335636028,0.9291812358336143,0.3062295577293968,0.07821199267861252,3.5788098768290344e-05,45.144555807100446,58.08434424852605,nan,nan,nan
542.8,223.83737182617188,-224.24774169921875,-74.5464096069336,222.89765639672297,-224.1801283926848,-74.55103755633824,0.9421560727822624,0.3061701976562365,0.07820174594702795,3.506271111291081e-05,44.470789311012574,59.5905013464388,7.305651855366813,5.228553671946412,nan
542.8100000000001,223.84579467773438,-224.23985290527344,-74.54783630371094,222.90583797041913,-224.17234579172032,-74.55254716163206,0.9423895235992107,0.3062161990921104,0.0782220584056267,3.576670683717401e-05,44.36875936602224,58.95668914675683,nan,nan,nan
542.82,223.8542022705078,-224.23194885253906,-74.54923248291016,222.91400291981415,-224.16453496267667,-74.55372786515622,0.9426238168286954,0.3062622803456662,0.07824242531861547,3.5063582991585596e-05,44.2133657954012,58.702397585248754,nan,0.06387176609540923,nan
542.83,223.8626251220703,-224.2240447998047,-74.55059814453125,222.92218376069016,-224.15674024549926,-74.55517987025947,0.942857809765319,0.30630844989915607,0.07826286214062303,3.5767956430650226e-05,44.113229674735436,58.67670149105101,nan,nan,nan
542.84,223.8710479736328,-224.2161407470703,-74.55194091796875,222.93048013220908,-224.14909561132993,-74.55877609424836,0.9429791271187885,0.3063546996682835,0.0782833540194697,3.50650933148238e-05,44.746999810944615,59.61301406199896,nan,3.3146356670279795,nan
542.85,223.8794708251953,-224.20823669433594,-74.55325317382812,222.91311377391418,-224.12188159710956,-74.559993254738,0.9702312003169248,0.30629527841871906,0.07827309300015806,3.574787340237378e-05,43.435242348765904,59.94798432737419,15.273349961468202,nan,nan
542.86,223.8878936767578,-224.2003173828125,-74.5545425415039,222.92125192744402,-224.1140109506016,-74.56124066028293,0.9705101424264383,0.30634133793680396,0.07829357817013985,3.504607419773417e-05,43.33268578955993,59.27460847746902,nan,0.014609635485078659,nan
542.87,223.89630126953125,-224.1923828125,-74.55580139160156,222.9293974692197,-224.10614487639901,-74.56260569141318,0.9707658003740067,0.3063874854759015,0.07831413282922461,3.575034110622336e-05,43.23616052094124,59.04818498377433,nan,nan,nan
542.88,223.90472412109375,-224.18446350097656,-74.55704498291016,222.93746517385944,-224.09817025139856,-74.56244844554787,0.9711156436470589,0.3064337133993089,0.07833474339486686,3.504872321985022e-05,42.6604750878216,59.278966693891384,nan,1.5798635053137884,nan
542.89,223.91314697265625,-224.17652893066406,-74.55825805664062,222.94561064447657,-224.09029312953137,-74.56375035902649,0.9713873198317468,0.30648002952311065,0.07835542344068187,3.5753380475475996e-05,42.55948654414789,58.70561529655628,nan,nan,nan
542.9,223.9215545654297,-224.1685791015625,-74.55944061279297,222.96561003515933,-224.0816631403912,-74.56550172114059,0.9599068008377404,0.3064205387460926,0.07834513044334285,3.503078155193684e-05,41.36305010485186,58.2381540803955,6.574904896964804,0.20669239409376572,nan
542.91,223.9299774169922,-224.16064453125,-74.56060791015625,222.97378275568565,-224.07375813971979,-74.56676153148616,0.9601538118446141,0.306466664235582,0.0783658029053006,3.57349584794086e-05,41.25918491435678,58.928829384625026,nan,nan,nan
542.92,223.9384002685547,-224.15269470214844,-74.56175231933594,222.98199069677608,-224.06589413020268,-74.56870286185969,0.9603655128758136,0.3065128702763881,0.078386532087057,3.5034429868024366e-05,41.465819378522774,58.57147386269392,nan,0.3488985646060557,nan
542.9300000000001,223.94680786132812,-224.1447296142578,-74.5628662109375,222.99016289472308,-224.0579786648831,-74.5699257211234,0.9605962502697144,0.3065591642381419,0.07840733037324019,3.5739007701248274e-05,41.36932418173698,58.36787905545715,nan,nan,nan
542.94,223.95523071289062,-224.1367645263672,-74.56396484375,222.99833497788967,-224.050058073096,-74.57112692898177,0.9608427301940483,0.306605542650961,0.07842819179400697,3.645791685094444e-05,41.27064714993376,58.157481157462065,nan,nan,nan
542.95,223.96363830566406,-224.12879943847656,-74.5650405883789,223.00793999767555,-224.04108427208115,-74.57241147654462,0.9597434742160181,0.3065459894280974,0.07841787631724524,3.7167520223097996e-05,40.945144463544686,58.73389047822862,0.8440488165552891,nan,nan
542.96,223.97206115722656,-224.12083435058594,-74.56609344482422,223.0160738490118,-224.03309371180703,-74.57270522510257,0.9600280562564206,0.3065921732679068,0.0784387235822728,3.6381905657867415e-05,40.57213635627682,58.34297633599213,nan,0.491569735827443,nan
542.97,223.98046875,-224.11285400390625,-74.56712341308594,223.02424998153765,-224.02515259406863,-74.57383822942826,0.9602556738731982,0.3066384450237421,0.07845964005768566,3.711306085204822e-05,40.473293533105306,58.04800800065763,nan,nan,nan
542.98,223.9888916015625,-224.10487365722656,-74.5681381225586,223.03236750719944,-224.01713230233776,-74.57374032349081,0.9605562311026268,0.306684797639044,0.07848061416195491,3.633054673002999e-05,40.01094436608414,57.49025834293871,nan,0.9600713447340409,nan
542.99,223.99729919433594,-224.09689331054688,-74.56912994384766,223.04054289069518,-224.00918097321903,-74.57482230887778,0.9607853463159595,0.3067312383310797,0.07850165746971,3.706046983658073e-05,39.907843105006215,58.1178587075101,nan,nan,nan
543.0,224.00572204589844,-224.08889770507812,-74.57009887695312,223.0544385281235,-224.0019433164546,-74.57441016929937,0.9552591188430615,0.3066716151688751,0.07849130433927831,3.625839794275952e-05,39.0949473579612,56.5945130516456,2.263219798947823,1.8279033232833803,nan
543.01,224.01412963867188,-224.08090209960938,-74.57105255126953,223.06262554195663,-223.99397913202583,-74.57544187002891,0.9554762762510575,0.3067178646780698,0.07851233891183813,3.69862438238291e-05,38.990913823777106,57.1131741464459,nan,nan,nan
543.02,224.02255249023438,-224.07290649414062,-74.57198333740234,223.07071873171532,-223.98589317606167,-74.57444479693244,0.9558058799581872,0.3067641952418958,0.07853343190249092,3.6210657103992164e-05,38.52589654564613,56.659100653728416,nan,2.6632251866356937,nan
543.03,224.0309600830078,-224.0648956298828,-74.5728988647461,223.0789050724105,-223.97791944010544,-74.57542066199602,0.9560229914876643,0.30681061357139383,0.0785545937306902,3.6937420827657697e-05,38.419991902264236,56.256168088612284,nan,nan,nan
543.04,224.03936767578125,-224.056884765625,-74.57379150390625,223.08705659805608,-223.9698980970236,-74.57562277857717,0.9562773775633132,0.30685711336529,0.07857581453119011,3.6164674636897976e-05,38.22917623583177,56.46111929483902,nan,0.3778532480374663,nan
543.05,224.04779052734375,-224.0488739013672,-74.57467651367188,223.08884163876618,-223.96449567911984,-74.57653360346366,0.962655755748787,0.3067974266993217,0.07856543121167382,3.6867127431315775e-05,39.299474680701245,56.45011470017223,3.9348390684344396,nan,nan
543.0600000000001,224.0561981201172,-224.04086303710938,-74.57553100585938,223.0969977380481,-223.95651053630132,-74.57718480714549,0.9629036568695604,0.3068437351520788,0.07858664294202966,3.609810378527863e-05,39.170444931406536,57.178905262195435,nan,0.04672644905132801,nan
543.07,224.0646209716797,-224.0328369140625,-74.57637786865234,223.10516550719717,-223.94853575375734,-74.57808248183659,0.9631533520993767,0.30689013106923374,0.07860792318400903,3.682199155220628e-05,39.06616838334335,55.93853684805788,nan,nan,nan
543.08,224.07302856445312,-224.02481079101562,-74.57720184326172,223.11328163816472,-223.94049405656756,-74.5778003182696,0.9634437359806531,0.30693660862921257,0.07862926312018327,3.605563879192535e-05,38.88771044177297,56.49746087012981,nan,0.9002735290237862,nan
543.09,224.08143615722656,-224.01678466796875,-74.57801818847656,223.12144875219002,-223.93251071249838,-74.5786548081007,0.9636795746948061,0.30698317382692647,0.07865067161243265,3.677864230473672e-05,38.77879359683727,56.53697426571484,nan,nan,nan
543.1,224.08984375,-224.0087432861328,-74.57881164550781,223.1157716454909,-223.91072968195755,-74.57965340614054,0.9789912358888535,0.30692341704608667,0.07864024516404568,3.599270887310735e-05,37.57439962923154,55.92832438456476,7.82582943771851,0.018616029574767556,nan
543.11,224.0982666015625,-224.00070190429688,-74.57958984375,223.12392306918585,-223.90269989325532,-74.58047867784651,0.9792601816057108,0.30696979049753653,0.07866164369424333,3.6713985348043073e-05,37.468509446925495,55.748838240630015,nan,nan,nan
543.12,224.10667419433594,-223.99266052246094,-74.58035278320312,223.1320891546456,-223.89468405108624,-74.58164303309067,0.9794983681844643,0.3070162457582622,0.07868310259610838,3.5953665128183914e-05,37.38367282039268,56.288759931174454,nan,0.08373417899449437,nan
543.13,224.11508178710938,-223.98460388183594,-74.58110046386719,223.1402399384108,-223.88664616321176,-74.58244251771728,0.9797520838052198,0.3070627883709881,0.0787046297855831,3.6674184718693434e-05,37.2791733534464,55.51450240223377,nan,nan,nan
543.14,224.1234893798828,-223.9765625,-74.58183288574219,223.14837419558125,-223.87858503570195,-74.58283803053311,0.9800256203190753,0.3071094131894544,0.07872621785244302,3.591627666203982e-05,37.14774318329071,56.6168476631429,nan,0.10187213286464561,nan
543.15,224.1319122314453,-223.968505859375,-74.58255004882812,223.1710219643028,-223.878968861859,-74.58353887204545,0.9650533442171614,0.30704959151398303,0.0787157530854175,3.6613177433340085e-05,37.25634757728743,55.257561640486166,2.490563417238904,nan,nan
543.16,224.14031982421875,-223.96044921875,-74.583251953125,223.17910670661925,-223.87083246166802,-74.58214274755022,0.9653823340688634,0.30709602440645806,0.07873733076635794,3.5858534096654864e-05,37.15561872800185,55.79245708363537,nan,3.103341735764778,nan
543.17,224.1487274169922,-223.95237731933594,-74.58394622802734,223.18727899660223,-223.86279574447946,-74.5828609701139,0.9656133291379363,0.307142544375644,0.07875897650182238,3.6576807218442226e-05,37.047424711287015,54.9051208491224,nan,nan,nan
543.1800000000001,224.15713500976562,-223.94435119628906,-74.58462524414062,223.19548575155684,-223.854811452163,-74.5844312295252,0.9658088316190363,0.30718914669936304,0.07878068373166021,3.58244111596518e-05,36.90446495872665,55.94504839437085,nan,0.5036301675170277,nan
543.19,224.16554260253906,-223.9364013671875,-74.58528137207031,223.2036575747015,-223.84684707569664,-74.5851328284403,0.9660449264747938,0.30723583628672985,0.07880245910669074,3.654209268712759e-05,36.78971496640379,55.01101673711392,nan,nan,nan
543.2,224.1739501953125,-223.92845153808594,-74.5860366821289,223.21320469998864,-223.83511432787841,-74.58607746684982,0.9652687414693442,0.3071759442134444,0.07879194540013197,3.577000468286425e-05,35.96756931460892,55.00677727488805,2.119839561460817,0.01889451547549072,nan
543.21,224.18235778808594,-223.92050170898438,-74.58688354492188,223.22138362502625,-223.8271722816792,-74.58691324789433,0.9654955851538879,0.3072224414771081,0.07881370951209668,3.6486251186610075e-05,35.86026212984562,55.26369549198902,nan,nan,nan
543.22,224.19078063964844,-223.91253662109375,-74.58781433105469,223.22950882537535,-223.81916337494732,-74.58644682899052,0.9657970460058856,0.3072690212318742,0.07883553569586803,3.57390222860504e-05,35.80862334493818,54.37964728301112,nan,1.3126507730216634,nan
543.23,224.19918823242188,-223.90457153320312,-74.58883666992188,223.23768747880894,-223.81121076328745,-74.58744917164826,0.966023735582597,0.3073156879910614,0.07885742984222643,3.6454783252322837e-05,35.703108688882985,54.922386687310826,nan,nan,nan
543.24,224.2075958251953,-223.8966064453125,-74.5899429321289,223.24582454895213,-223.80320572562601,-74.58743465501841,0.9662991119205578,0.30736243762405985,0.07887938652306202,3.570955378965169e-05,35.71985334542546,55.39723451791975,nan,0.8284192716579376,nan
543.25,224.21600341796875,-223.88864135742188,-74.59114074707031,223.26391811798536,-223.79042164824097,-74.58854566907951,0.957141715811108,0.30730247929796073,0.07886882653141669,3.640224137215069e-05,33.998677016240826,55.227575303148384,9.848297053725055,nan,nan
543.26,224.2244110107422,-223.8806610107422,-74.59241485595703,223.27213006528132,-223.78243220097187,-74.58997114818746,0.9573368633163595,0.3073490364062619,0.07889077144414673,3.565984401185816e-05,33.87466911538538,54.69808585130499,nan,0.020172001678049733,nan
543.27,224.23281860351562,-223.87266540527344,-74.59378051757812,223.28033552278674,-223.7744307066099,-74.59131156816646,0.9575386001658077,0.3073956802702325,0.07891278416737338,3.6373879120466676e-05,33.770369809743,53.774232721868096,nan,nan,nan
543.28,224.24122619628906,-223.86468505859375,-74.59523010253906,223.2885708997685,-223.7664580134851,-74.59357030766458,0.9577073776986783,0.30744240712692883,0.07893485994922625,3.563332637447931e-05,33.572684286733356,54.88102335188505,nan,0.4734592853142544,nan
543.29,224.2496337890625,-223.856689453125,-74.59675598144531,223.29677609960814,-223.75844720038296,-74.59508671021749,0.9579102792237737,0.30748922093998593,0.07895700367292566,3.634701090429086e-05,33.46669360189848,54.26976439064937,nan,nan,nan
543.3,224.25804138183594,-223.84869384765625,-74.5983657836914,223.28636274889857,-223.74728538762747,-74.59730212204168,0.976956586982527,0.3074291918289536,0.0789463886418399,3.558659874561234e-05,34.498029590830875,54.77195357313049,6.061059134865663,0.27351942332966916,nan
543.3100000000001,224.26644897460938,-223.84068298339844,-74.60005187988281,223.29453002486795,-223.73927302709276,-74.59898837458562,0.9771957609138021,0.30747581272737057,0.07896851972987576,3.629908670832136e-05,34.394712083344324,54.12989944563816,nan,nan,nan
543.32,224.2748565673828,-223.8326873779297,-74.60182189941406,223.30261698223762,-223.73116846730738,-74.59842629648918,0.9775312937479047,0.307522516725475,0.0789907143660734,3.5562890817903746e-05,34.582091625944024,55.51065040905391,nan,3.707204476774543,nan
543.33,224.28326416015625,-223.82467651367188,-74.60366821289062,223.31078403253468,-223.72314679596758,-74.60024971678185,0.977771736302301,0.30756930744696054,0.07901297683534905,3.627511479310385e-05,34.476293163456724,54.81630297140719,nan,nan,nan
543.34,224.29165649414062,-223.816650390625,-74.6055908203125,223.3189140570278,-223.71508113046397,-74.60106434449139,0.9780412325424842,0.30761618163730886,0.07903530327804893,3.5540533155948245e-05,34.62766692587253,54.69825997987059,nan,0.8092253462820373,nan
543.35,224.30006408691406,-223.8086395263672,-74.60758972167969,223.32333494266496,-223.70806343322403,-74.6030698664932,0.9819041708987893,0.3075560849534393,0.07902463414588695,3.623010495620926e-05,35.079863164637004,55.63408614385254,0.8868364741785101,nan,nan
543.36,224.3084716796875,-223.8006134033203,-74.60963439941406,223.3314648533213,-223.700007988858,-74.60428985486296,0.9821875342019625,0.3076027660076497,0.07904694737444888,3.549795782904284e-05,35.21865685687938,55.118069956056544,nan,0.45182947964546366,nan
543.37,224.31687927246094,-223.79258728027344,-74.61167907714844,223.3396210181121,-223.69197684749338,-74.6063382570706,0.9824381299787972,0.307649533562312,0.0790693283529883,3.620887740046472e-05,35.09926512345412,55.363070918340256,nan,nan,nan
543.38,224.32528686523438,-223.7845458984375,-74.61370849609375,223.3477765722709,-223.68394151873073,-74.6083789638475,0.9826881590716768,0.30769638618089457,0.07909177542720355,3.693415600132846e-05,34.980168071603075,54.44918713193247,nan,nan,nan
543.39,224.3336944580078,-223.77651977539062,-74.61570739746094,223.355931695294,-223.6759021339102,-74.61039616842332,0.9829405572468325,0.30774332400789756,0.07911428874159483,3.7673938131834074e-05,34.856673109301724,55.608947239436915,nan,nan,nan
543.4,224.3420867919922,-223.7684783935547,-74.61766815185547,223.34868853454898,-223.6615320133516,-74.61248868103743,0.999151866858933,0.30768315593420004,0.07910355809569954,3.68315986144073e-05,35.11220710597211,55.56234098725337,2.7026734330495765,0.02865660406235105,nan
543.41,224.35049438476562,-223.76043701171875,-74.61959838867188,223.35681644767712,-223.65347704171788,-74.61444042723124,0.9994312794811256,0.30772990024273966,0.07912605733264534,3.7568544420922674e-05,34.99098926838483,55.20652195425983,nan,nan,nan
543.42,224.35890197753906,-223.75238037109375,-74.62149047851562,223.36498723261556,-223.6454625415703,-74.61776050847779,0.9996558683481203,0.3077767280810356,0.07914862128210755,3.675514344953269e-05,34.56246311299234,54.133677426767385,nan,1.259489343545994,nan
543.4300000000001,224.36729431152344,-223.7443389892578,-74.62334442138672,223.3731149395965,-223.63739972406057,-74.61965464519983,0.9999211191160501,0.307823642533582,0.07917125321895575,3.749030626167285e-05,34.444098791647875,55.67224408971767,nan,nan,nan
543.44,224.37570190429688,-223.7362823486328,-74.62516021728516,223.38118196606908,-223.62927116223855,-74.61948785216195,1.0002767003545658,0.30787064088142485,0.07919395027269395,3.668150205654309e-05,34.85856442923673,55.090197120344996,nan,2.6316205274308775,nan
543.45,224.3841094970703,-223.72821044921875,-74.62693786621094,223.38971284877576,-223.6206579094685,-74.62128343052362,1.0002120853044698,0.3078104040737487,0.0791831579772756,3.739119709083344e-05,34.694622603605275,54.33162290448634,0.05028380974650583,nan,nan
543.46,224.3925018310547,-223.72015380859375,-74.6286849975586,223.39787737013572,-223.61261759300706,-74.62429416303502,1.0004304750200652,0.30785720867085,0.07920584031941093,3.658786412978287e-05,34.2649528550186,55.34129002573344,nan,0.9959080984382468,nan
543.47,224.40090942382812,-223.7120819091797,-74.6303939819336,223.40600523586716,-223.6045369931957,-74.62604063255615,1.0007093503245996,0.3079040996657248,0.0792285906020136,3.731885393126013e-05,34.147812879815916,54.28250350448808,nan,nan,nan
543.48,224.40931701660156,-223.70401000976562,-74.63207244873047,223.41413388830557,-223.5964539051043,-74.62779088534596,1.0009875654971578,0.30795107463500215,0.07925140639516566,3.6519825395130106e-05,34.043656227509885,54.30573097780205,nan,0.0008945003751519052,nan
543.49,224.41770935058594,-223.69593811035156,-74.63372039794922,223.4222612723773,-223.58836637743153,-74.62947150012835,1.001252519230467,0.3079981362207823,0.07927429031579657,3.7249344502127314e-05,33.92652345063272,54.679344856514646,nan,nan,nan
543.5,224.42611694335938,-223.6878662109375,-74.63533020019531,223.45765974425387,-223.5929443142101,-74.6319115489409,0.9731038999788258,0.3079378274938261,0.07926343001797934,3.643194149299069e-05,33.448790653067014,53.94534185792189,7.033106635647309,0.4644851060054796,nan
543.51,224.43450927734375,-223.67977905273438,-74.63690948486328,223.465832713739,-223.58486921326542,-74.63353581977249,0.9733208844575839,0.30798469494478925,0.07928629835335031,3.71591720072533e-05,33.3361948136886,53.46269868252849,nan,nan,nan
543.52,224.4429168701172,-223.67169189453125,-74.6384506225586,223.47403042118125,-223.57681459015618,-74.63605231333008,0.9735237057741938,0.3080316464362129,0.0793092325642454,3.6369313401581674e-05,33.09093721655016,53.34924679337552,nan,0.5560670448634321,nan
543.53,224.45130920410156,-223.66360473632812,-74.63996887207031,223.48220290037838,-223.56873240418295,-74.63762500790128,0.9737418965115505,0.3080786843453861,0.07933223489069917,3.709526924225575e-05,32.98230877685325,53.55191350251735,nan,nan,nan
543.54,224.459716796875,-223.655517578125,-74.6414566040039,223.49038947005593,-223.56066059171025,-74.63971259209112,0.973959114114881,0.30812580664551126,0.07935530346630304,3.630928374327357e-05,32.820460667705454,53.257167569218424,nan,0.19421737965889596,nan
543.55,224.46810913085938,-223.6474151611328,-74.64291381835938,223.4966699569495,-223.5487318882057,-74.64130043419135,0.9764399930209743,0.308065427902556,0.07934437391333181,3.701082105624715e-05,32.348366997264286,52.8146638725841,0.9741844924933498,nan,nan
543.5600000000001,224.4765167236328,-223.6393280029297,-74.64434051513672,223.50485325706202,-223.54063916516512,-74.64325180931893,0.9766629737263727,0.30811235581467533,0.07936742620667527,3.622954351999478e-05,32.21273619530595,53.56342767271397,nan,0.13851527696922894,nan
543.57,224.4849090576172,-223.6312255859375,-74.64573669433594,223.5130247280673,-223.5325321509244,-74.64472124465578,0.9768830919190681,0.3081593699563869,0.07939054662315743,3.6952303603534465e-05,32.110818414893785,53.170314015578626,nan,nan,nan
543.58,224.49330139160156,-223.6231231689453,-74.64710998535156,223.5212028231944,-223.52442803946224,-74.6464390626525,0.9770961085892375,0.3082064685374911,0.07941373361697605,3.617462489203353e-05,31.9980394114089,53.125266523633066,nan,0.05006191224635278,nan
543.59,224.501708984375,-223.61500549316406,-74.64845275878906,223.52937368094325,-223.51631427953313,-74.6478577660971,0.9773311884739785,0.3082536535810199,0.0794369889488654,3.689636693375326e-05,31.90125705955757,52.00625756819474,nan,nan,nan
543.6,224.51010131835938,-223.60690307617188,-74.64977264404297,223.56286062210305,-223.51804551581228,-74.65066678464427,0.9513997068344362,0.30819320229173947,0.07942598472851525,3.610007125452771e-05,31.33953457262695,52.954544071500436,6.137421563139381,1.3395326946826722,nan
543.61,224.5185089111328,-223.59878540039062,-74.65106201171875,223.57107560689226,-223.50993633441064,-74.65204807075827,0.951590770668835,0.3082401925722471,0.07944922290362424,3.6819973737415306e-05,31.24917468596638,51.86936366670749,nan,nan,nan
543.62,224.5269012451172,-223.59066772460938,-74.65232849121094,223.57929517617166,-223.50182815811476,-74.65360142387509,0.951762234402544,0.30828726732945744,0.07947252796106495,3.605004084878821e-05,31.171694964664994,52.28562038676095,nan,0.02582790398516874,nan
543.63,224.53529357910156,-223.58255004882812,-74.653564453125,223.58750989573264,-223.49371270051353,-74.65493503445026,0.9519390019371544,0.3083344283757886,0.07949590139096026,3.6769085682454567e-05,31.08166464156131,52.60516548525524,nan,nan,nan
543.64,224.543701171875,-223.5744171142578,-74.65478515625,223.59572477448722,-223.48559463670233,-74.65626987766949,0.9521296586710737,0.3083816742365852,0.07951934205260534,3.600235094201276e-05,30.998989485471903,50.988881725949845,nan,0.0004246679172590717,nan
543.65,224.55209350585938,-223.56629943847656,-74.65597534179688,223.54484071771228,-223.4525379307038,-74.65754962946707,1.0136579000148436,0.3083211517036081,0.0795082611035714,3.6697790819263215e-05,31.97064737702787,53.80209091854587,32.594800482302034,nan,nan
543.66,224.56048583984375,-223.55816650390625,-74.65714263916016,223.551190565568,-223.44664237541372,-74.65898533609186,1.015439795085547,0.30790625875595645,0.07877608590245794,3.5933049666433146e-05,44.466113280157714,65.4576251573751,nan,0.020749385749960426,0.006750935706064938
543.67,224.56887817382812,-223.55003356933594,-74.65828704833984,223.55929979858553,-223.43848668248418,-74.66022782380314,1.0157238651982141,0.3079521203154426,0.07879640353403283,3.664964858619943e-05,44.34095902702554,65.56310982162894,nan,nan,nan
543.6800000000001,224.57728576660156,-223.54190063476562,-74.65940856933594,223.5674081308973,-223.4303351257151,-74.66158506831836,1.0160238378370725,0.30799806561189313,0.07881677845438573,3.588998702755728e-05,44.23809352785071,65.35974632814431,nan,0.012555075257684251,nan
543.69,224.58567810058594,-223.53375244140625,-74.66050720214844,223.57551696112392,-223.4221735223706,-74.66278511006679,1.0163073214913108,0.30804409486026946,0.07883721893810385,3.660593744514254e-05,44.116967772481495,64.83015121254712,nan,nan,nan
543.7,224.5940704345703,-223.52561950683594,-74.66158294677734,223.56048377552196,-223.40500005319942,-74.66519652695571,1.0406072709336676,0.30798367439877317,0.07882662297209209,3.58273469043327e-05,44.93205573988378,66.75562339286486,5.920380779667251,1.1731444689468133,nan
543.71,224.6024627685547,-223.51747131347656,-74.66263580322266,223.5685505710652,-223.39682385893644,-74.66636586133788,1.040934269653031,0.30802951333757067,0.07884705531730027,3.654182142975997e-05,44.81799118158089,65.92945971810902,nan,nan,nan
543.72,224.61087036132812,-223.5093231201172,-74.6636734008789,223.57660794090495,-223.38873031629626,-74.66924287886509,1.0412840139549038,0.3080754359552033,0.07886754561778031,3.5788599063439124e-05,45.17503994980464,65.99126433199413,nan,2.0145385709271744,nan
543.73,224.6192626953125,-223.5011749267578,-74.66468811035156,223.58467425062327,-223.38054851269624,-74.67038943246612,1.041612445551462,0.3081214424798392,0.0788881012760379,3.650255374892853e-05,45.06792362632435,66.5001081548915,nan,nan,nan
543.74,224.62765502929688,-223.49302673339844,-74.66567993164062,223.592744626354,-223.37232785126065,-74.67077111531457,1.0419374656954645,0.30816753296879945,0.07890871537678222,3.575191133836552e-05,44.77120749343074,66.52975874346022,nan,0.3758513326912274,nan
543.75,224.63604736328125,-223.48486328125,-74.66665649414062,223.60366553143405,-223.3620320098205,-74.67183507402773,1.0396761926959872,0.3081070640072349,0.07889810228159004,3.644288250323554e-05,43.987317451711164,65.2940875415231,1.8190759420140616,nan,nan
543.76,224.64443969726562,-223.47671508789062,-74.66761016845703,223.61174361575766,-223.35380806360834,-74.67245384795942,1.039995574322772,0.3081529639542315,0.0789187079547956,3.5695614319049355e-05,43.77620165398524,66.42687384895005,nan,0.14530501441057717,nan
543.77,224.65284729003906,-223.4685516357422,-74.66854095458984,223.6198188816203,-223.345603164704,-74.67351268300624,1.040331070964575,0.30819894776208295,0.0789393788120495,3.640780793767067e-05,43.669878722130605,65.33322850666808,nan,nan,nan
543.78,224.66123962402344,-223.46038818359375,-74.6694564819336,223.6278906119812,-223.3374211803632,-74.67511205730992,1.040655106221559,0.30824501547581695,0.07896010872298656,3.566289545462581e-05,43.75804103204425,65.7991617702532,nan,0.2118670437314754,nan
543.79,224.6696319580078,-223.4522247314453,-74.67035675048828,223.6359654764997,-223.3292113044507,-74.67614122256334,1.0409765407210174,0.30829116734268874,0.07898090392555146,3.6374731877044816e-05,43.65108931971921,65.78816738248217,nan,nan,nan
543.8,224.6780242919922,-223.4440460205078,-74.6712417602539,223.6555403065284,-223.32377722071573,-74.67705954563114,1.0295493826718793,0.30823064934980765,0.0789702638060001,3.561054982910902e-05,42.97232778556233,64.48982140977364,2.7088632538294,0.027371431253935558,nan
543.8100000000001,224.68641662597656,-223.43588256835938,-74.67210388183594,223.6636380299025,-223.3155600061232,-74.67805528935257,1.029849015546325,0.3082766104433565,0.07899104986643928,3.6321194707261056e-05,42.86605967878325,65.80854237290693,nan,nan,nan
543.82,224.69480895996094,-223.42770385742188,-74.6729507446289,223.67174071239708,-223.30730414591156,-74.67819156620234,1.0301418329122993,0.3083226553840024,0.07901189555542332,3.558156156751636e-05,42.53477135088903,64.54270993756859,nan,0.4854230913297818,nan
543.83,224.7032012939453,-223.41952514648438,-74.67377471923828,223.67983768576147,-223.29908215313324,-74.67914665676736,1.0304408992830452,0.3083687844300149,0.07903280640770784,3.629195056995711e-05,42.42977704861381,64.84032081753291,nan,nan,nan
543.84,224.7115936279297,-223.41134643554688,-74.67459106445312,223.68793681068047,-223.2908413978805,-74.679692685769,1.0307379735625448,0.3084149976092513,0.07905377733696874,3.5554349852736264e-05,42.23837313183043,64.50529457386098,nan,0.10583166964800293,nan
543.85,224.71998596191406,-223.40316772460938,-74.67538452148438,223.711947614726,-223.29624286881693,-74.68080976998574,1.013707880757162,0.3083544302403742,0.07904311270744423,3.6242214273951667e-05,43.311656891598936,64.76209391331943,8.883454029552027,nan,nan
543.86,224.72837829589844,-223.39498901367188,-74.67616271972656,223.72007352849153,-223.28798195951495,-74.68004295232595,1.0139743930789749,0.30840045240573594,0.07906407412416552,3.550743326132651e-05,42.79621229742734,64.40404598129673,nan,1.9261826882094983,nan
543.87,224.73678588867188,-223.38681030273438,-74.67693328857422,223.72818848709133,-223.27978621339298,-74.68092094423896,1.0142676055026512,0.30844655862720205,0.07908510060323173,3.621655633620406e-05,42.68531943443587,63.859592341118116,nan,nan,nan
543.88,224.74517822265625,-223.3786163330078,-74.67768096923828,223.73630225399143,-223.2715956076736,-74.6819768906168,1.0145455193045514,0.30849274892317313,0.07910618768542681,3.548361121397542e-05,42.64159215539986,63.642406929599076,nan,0.025376840190896123,nan
543.89,224.75357055664062,-223.37042236328125,-74.67841339111328,223.7444171512592,-223.26339524215814,-74.68282854874012,1.014822592311434,0.3085390235667922,0.07912733997415428,3.619260343038979e-05,42.53520280165568,63.71509517405565,nan,nan,nan
543.9,224.761962890625,-223.36224365234375,-74.67913818359375,223.74101341450705,-223.2505386471295,-74.6854969623282,1.0270619626110307,0.3084784062343084,0.07911664262939448,3.544004238484891e-05,43.35505397341276,65.34747605143968,2.113259545595111,2.663318431578793,nan
543.91,224.77035522460938,-223.3540496826172,-74.67984008789062,223.74910750658577,-223.24232856297397,-74.68633804535962,1.0273610531814112,0.308524489623189,0.07913778469261819,3.6148062109521844e-05,43.25768374293699,64.717423084469,nan,nan,nan
543.92,224.77874755859375,-223.34584045410156,-74.68053436279297,223.7572026371352,-223.234110673315,-74.68701367733985,1.027657312526578,0.308570657027667,0.07915898785323411,3.541938010956234e-05,43.15326029902072,63.54964071121895,nan,0.015918636910571146,nan
543.9300000000001,224.78713989257812,-223.337646484375,-74.68131256103516,223.76529660119175,-223.2258961967947,-74.68787902768067,1.0279566904348767,0.3086169087286409,0.07918025615835193,3.612734706426053e-05,43.03710497591236,64.85050525841503,nan,nan,nan
543.94,224.7955322265625,-223.32945251464844,-74.68218994140625,223.77339084995566,-223.2176771386201,-74.68876487491056,1.0282557844274869,0.30866324473219814,0.07920158597558095,3.5400218887386596e-05,42.940326633944764,64.59221515668496,nan,0.003462674103677494,nan
543.95,224.8039093017578,-223.3212432861328,-74.68314361572266,223.76509417775776,-223.20006800956833,-74.68978254221136,1.0458797181543615,0.30860257708841926,0.07919085680864983,3.608599272462399e-05,42.7549957212083,64.75640899315596,2.8750104590826164,nan,nan
543.96,224.8123016357422,-223.3130340576172,-74.68419647216797,223.77315609492442,-223.19185830009647,-74.69176209778827,1.0462142504779808,0.3086487215889074,0.07921217595553062,3.536120441507827e-05,43.03074569255192,64.45415508821125,nan,0.49344290204051866,nan
543.97,224.82069396972656,-223.30484008789062,-74.68533325195312,223.78122367429864,-223.18361765997793,-74.6929932970872,1.0465429032760716,0.3086949503331574,0.07923356020791426,3.606828280607082e-05,42.91432866696264,65.6030352539706,nan,nan,nan
543.98,224.82908630371094,-223.296630859375,-74.68655395507812,223.78929141868073,-223.17537300646572,-74.69425013714142,1.04686966764994,0.30874126332127755,0.07925500642435276,3.534487945147385e-05,42.841644993800585,64.72944036996184,nan,0.0026060591079332205,nan
543.99,224.8374786376953,-223.2884063720703,-74.68785858154297,223.7973584904032,-223.16712833492753,-74.69565385589604,1.0471958027983053,0.3087876608438177,0.07927651792209126,3.605199841103056e-05,42.7325136024204,63.813810489332454,nan,nan,nan
544.0,224.8458709716797,-223.2801971435547,-74.68924713134766,223.77643439271037,-223.14259865353512,-74.69741785763983,1.0782832195955767,0.30872694225515634,0.07926575006186967,3.530864550075753e-05,42.71595802721564,65.79855199574364,8.655515368211882,0.056858324996043666,nan
544.01,224.85426330566406,-223.27198791503906,-74.69071960449219,223.78445541143796,-223.13431917905916,-74.69899324112977,1.078661237125911,0.30877314802438155,0.07928725017330847,3.601495633730979e-05,42.60415631779651,65.78147584494648,nan,nan,nan
544.02,224.86265563964844,-223.26376342773438,-74.69226837158203,223.79247791212956,-223.126029984667,-74.70039502287374,1.0790351765711277,0.3088194379785947,0.07930881267311879,3.529494214782186e-05,42.455761821089794,64.93343524107833,nan,0.04572487609612936,nan
544.03,224.8710479736328,-223.25555419921875,-74.69390106201172,223.8004983027214,-223.1177468634185,-74.7021329687486,1.079414296726441,0.3088658124125543,0.07933044044792574,3.600135230808287e-05,42.34510850959574,65.88730259575122,nan,nan,nan
544.04,224.87942504882812,-223.24732971191406,-74.69561767578125,223.80852662995855,-223.10942866276358,-74.70283482529977,1.079764886510639,0.30891227131939086,0.07935213099701782,3.5282481464287274e-05,41.81871674861665,64.61518276756465,nan,0.8670509764705373,nan
544.05,224.8878173828125,-223.23910522460938,-74.6974105834961,223.7882486246388,-223.09083085249097,-74.70480826350749,1.1095456137754263,0.3088515014290515,0.07934132406155539,3.596692962186529e-05,42.71190622382672,65.48075697697273,8.79485695819541,nan,nan
544.0600000000001,224.89620971679688,-223.2308807373047,-74.69927978515625,223.7962169498484,-223.0825340387245,-74.706777513553,1.109976146703033,0.30889776840350397,0.07936300389186408,3.6686893904423716e-05,42.60489901581238,65.56328815246293,nan,nan,nan
544.07,224.90460205078125,-223.22265625,-74.70122528076172,223.8041850074492,-223.07423548853262,-74.70882508706387,1.1104071995200788,0.3089441197251661,0.07938474783348862,3.7421317140726684e-05,42.49820731917224,65.62719703375349,nan,nan,nan
544.08,224.91299438476562,-223.2144317626953,-74.7032470703125,223.81216543906717,-223.0658876595638,-74.70922525312425,1.1108219735549183,0.3089905554547869,0.07940655484644084,3.661734745056709e-05,41.81297916879956,65.05253367828729,nan,1.9156868497696018,nan
544.09,224.92137145996094,-223.20620727539062,-74.70531463623047,223.8201328524843,-223.05758587341143,-74.71139405966738,1.1112388362150856,0.3090370759038588,0.07942842744035832,3.735019554265945e-05,41.70707887392403,65.2685479670268,nan,nan,nan
544.1,224.9297637939453,-223.19798278808594,-74.70738220214844,223.84483495207397,-223.05626973169782,-74.71371287360432,1.0941632692044831,0.30897625403755885,0.07941757550623658,3.652769509868769e-05,41.424619840396765,64.5763011702797,3.7842459851023023,0.05487349646978545,nan
544.11,224.9381561279297,-223.1897430419922,-74.70942687988281,223.8528313088623,-223.04797337249911,-74.71589655127791,1.0945640496196551,0.30902258221807843,0.07943943547777527,3.7258143202189617e-05,41.33535437501271,63.66966389196015,nan,nan,nan
544.12,224.946533203125,-223.1815185546875,-74.7114486694336,223.86082723566977,-223.03967607879895,-74.71808071397166,1.0949523824115994,0.30906899474829397,0.07946135890149152,3.646345077041797e-05,41.298391603099546,64.83495451184932,nan,0.0003865218666867704,nan
544.13,224.95492553710938,-223.17327880859375,-74.71343231201172,223.86882307945731,-223.03137656600776,-74.72020914225264,1.0953541529555142,0.3091154919391881,0.07948334792926072,3.719252147191696e-05,41.21147944208812,63.630177369900856,nan,nan,nan
544.14,224.96331787109375,-223.1650390625,-74.71537780761719,223.87680830896466,-223.0231098796936,-74.72370609829333,1.0957720027248525,0.3091620737688116,0.07950540077789377,3.640175448779754e-05,41.76662598585242,64.35666540256348,nan,1.2838561115050549,nan
544.15,224.97169494628906,-223.1568145751953,-74.71728515625,223.86125693999435,-223.00896267347963,-74.72572619123869,1.120269611181346,0.30910119956626464,0.07949450264848955,3.710611133942433e-05,42.97451013654128,66.59626020918586,8.104525513272392,nan,nan
544.16,224.98008728027344,-223.14857482910156,-74.71915435791016,223.86920124572598,-223.00067732997837,-74.72843111523378,1.1207263315483942,0.3091475888644637,0.07951654230737762,3.6320121928933094e-05,43.30984543165866,65.75357663696212,nan,0.29497324051144264,nan
544.17,224.98846435546875,-223.1403350830078,-74.72099304199219,223.8771501433102,-222.99237469411463,-74.7304351095842,1.121160428960743,0.30919406276314726,0.07953864761137608,3.704578762421654e-05,43.23167118886078,65.82069856688429,nan,nan,nan
544.1800000000001,224.99685668945312,-223.13209533691406,-74.72278594970703,223.88509267935095,-222.9840892597908,-74.73322910026616,1.1216211804426177,0.30924062124225643,0.0795608170823858,3.6263456427841426e-05,43.718734849239915,66.44669005819675,nan,0.44795099054208687,nan
544.19,225.00523376464844,-223.12384033203125,-74.72454833984375,223.89304104616647,-222.97578371008532,-74.7351703046849,1.122054469481507,0.3092872646105569,0.07958305241773714,3.698800476335313e-05,43.64927569835,65.53538312610004,nan,nan,nan
544.2,225.0136260986328,-223.1156005859375,-74.72628021240234,223.8850811243115,-222.95903519692146,-74.73696295231838,1.1394036163869774,0.30922633736941446,0.07957210289614891,3.6186952558691805e-05,43.731127940363436,66.806719897303,2.706541230756346,0.0008636052736838244,nan
544.21,225.02200317382812,-223.10736083984375,-74.72796630859375,223.89300356545985,-222.95071211195676,-74.73883393299265,1.1398671172134085,0.30927278793790935,0.07959432430089554,3.6909557219033585e-05,43.662539087107106,67.41028896991875,nan,nan,nan
544.22,225.0303955078125,-223.09910583496094,-74.72962951660156,223.90092813267364,-222.94238076509154,-74.740342422958,1.1403394518261796,0.3093193230281305,0.07961661019669998,3.613511265747015e-05,43.52826752341408,65.76945200838392,nan,0.07178440577459229,nan
544.23,225.0387725830078,-223.0908660888672,-74.73125457763672,223.90885001388747,-222.93405469958452,-74.74214456870531,1.1408038463827779,0.30936594294573666,0.0796389620226907,3.685676330147113e-05,43.455199131682804,67.21736775095597,nan,nan,nan
544.24,225.0471649169922,-223.08261108398438,-74.73284912109375,223.91678269313587,-222.92569715072466,-74.74240077533862,1.141261227134348,0.30941264767474613,0.07966137868592307,3.608558526365681e-05,42.655416564678866,65.17539090328236,nan,1.5207966797618102,nan
544.25,225.0555419921875,-223.07435607910156,-74.73440551757812,223.94259807397205,-222.92762086815304,-74.74399158745865,1.12261626567613,0.30935166701079886,0.07965037577764678,3.6783376437913945e-05,42.72720743028381,64.94468133188832,4.108670425740042,nan,nan
544.26,225.06393432617188,-223.06610107421875,-74.7359390258789,223.95055193171348,-222.91929776058615,-74.74501480227711,1.1230556259155904,0.30939817866983,0.0796727778849029,3.60162882712937e-05,42.40583646191491,64.22889689346108,nan,0.29670558381030443,nan
544.27,225.0723114013672,-223.05784606933594,-74.73744201660156,223.9585006893539,-222.91098592071424,-74.74666908774377,1.12348891596249,0.309444775093161,0.07969524600153356,3.673534510252039e-05,42.32486386684359,64.50184081259262,nan,nan,nan
544.28,225.0806884765625,-223.04959106445312,-74.73890686035156,223.96645563197052,-222.90265654397916,-74.74738985542574,1.1239112716224002,0.30949145626895297,0.07971777925154362,3.597127740746601e-05,41.89622223443129,64.38441155978055,nan,0.5463818869563111,nan
544.29,225.08908081054688,-223.0413360595703,-74.74034881591797,223.97440373710833,-222.89434222425484,-74.74897778425786,1.1243605403805652,0.3095382224971768,0.07974037875049056,3.668959185109392e-05,41.815144723861245,63.96974590261674,nan,nan,nan
544.3,225.0974578857422,-223.0330810546875,-74.74176025390625,223.96615827648452,-222.88456924198292,-74.74877751411087,1.1410275221746977,0.30947718769653204,0.07972931787844538,3.5906537238336044e-05,42.42454736922853,64.37225659394711,6.01681410474369,2.1206245855466395,nan
544.3100000000001,225.10585021972656,-223.0248260498047,-74.74314880371094,223.9740715724683,-222.87626333892584,-74.75029257828385,1.1415098856201755,0.30952376057820846,0.07975190206850327,3.66232788369868e-05,42.33802669480094,64.03364550606801,nan,nan,nan
544.32,225.11422729492188,-223.0165557861328,-74.7445068359375,223.98197920681022,-222.86796937062297,-74.75258474965396,1.141984635884636,0.3095704181528748,0.07977455167017435,3.5865821021512044e-05,42.65660712661426,63.71809563488205,nan,0.43430695392333757,nan
544.33,225.1226043701172,-223.00830078125,-74.74583435058594,223.98989251727068,-222.85966106518512,-74.75405447498484,1.1424523960393096,0.30961716071548817,0.07979726761851048,3.658195279891935e-05,42.57438243243298,64.85389948770523,nan,nan,nan
544.34,225.13099670410156,-223.00003051757812,-74.74713897705078,223.99780000990884,-222.85136411584946,-74.75631870990397,1.1429438806116032,0.3096639882612399,0.07982004930710904,3.582715750002097e-05,42.973579788114236,64.00946429223862,nan,0.4531589006654875,nan
544.35,225.13937377929688,-222.9917755126953,-74.7484130859375,224.01023301110547,-222.85626838940703,-74.75780700360751,1.1372815397002327,0.3096028989126651,0.07980892790709966,3.652008750977133e-05,44.96479261568738,65.67102627530977,11.831886278738862,nan,nan
544.36,225.1477508544922,-222.98350524902344,-74.74966430664062,224.01813587142362,-222.84801097479763,-74.75994622603581,1.1377585096088791,0.3096495328345209,0.079831693609897,3.576876021733922e-05,45.398821563488305,65.15482686745018,nan,0.36606401876596073,nan
544.37,225.15614318847656,-222.97523498535156,-74.75089263916016,224.02604371492978,-222.83974159917332,-74.76133262406988,1.138240866905448,0.3096962516787018,0.07985452576659625,3.648295253190481e-05,45.327086212599156,64.90793417856605,nan,nan,nan
544.38,225.16452026367188,-222.9669647216797,-74.75209045410156,224.03395663321513,-222.83146061452302,-74.76194504262627,1.1386977643268028,0.30974305544610925,0.07987742391953234,3.5734066130066484e-05,44.95208317346006,64.98954712285867,nan,0.3810638230660967,nan
544.39,225.1728973388672,-222.9586944580078,-74.7532730102539,224.0418640662377,-222.82318873461418,-74.76327712031035,1.1391655485860719,0.30978994442356855,0.079900388781665,3.644781733749602e-05,44.87520434053607,64.79065149048243,nan,nan,nan
544.4,225.1812744140625,-222.95042419433594,-74.75442504882812,224.05808084717114,-222.80565175829648,-74.7635500489479,1.1325220141657821,0.30972879980893225,0.07988920270981194,3.567963766079562e-05,42.02726188647457,63.816380717333246,16.112702218871405,0.6759032373507068,nan
544.41,225.18966674804688,-222.94215393066406,-74.75555419921875,224.06601656280597,-222.79733565575168,-74.7648263838511,1.1329819261349117,0.30977549487821116,0.07991215081728562,3.6392111648857036e-05,41.95035860925197,63.583708040665385,nan,nan,nan
544.42,225.1980438232422,-222.9338836669922,-74.75666809082031,224.073948642209,-222.78902482448663,-74.76660791599164,1.1334341005980648,0.3098222748101525,0.07993516516254359,3.564868696318365e-05,42.25246460456654,64.06421245660701,nan,0.18875024659581024,nan
544.4300000000001,225.2064208984375,-222.9256134033203,-74.75775146484375,224.08188431125555,-222.78070622461476,-74.76784659190007,1.1338794194893536,0.30986913988532716,0.07995824633760483,3.636082545465317e-05,42.17684707404003,64.27041857187734,nan,nan,nan
544.44,225.2147979736328,-222.91734313964844,-74.75881958007812,224.08982108235105,-222.7723848363499,-74.76891831062487,1.1343226613145956,0.30991609011361976,0.07998139406569056,3.561952109183021e-05,42.130396259769455,64.15376686571236,nan,0.014539426886658074,nan
544.45,225.2231903076172,-222.9090576171875,-74.7598648071289,224.1083979121042,-222.7760521685585,-74.77004443853161,1.122744921767212,0.30985488979306025,0.07997014036599649,3.6308953783186496e-05,43.199174626772034,62.801658840092294,5.642823681812694,nan,nan
544.46,225.2315673828125,-222.90078735351562,-74.7608871459961,224.11633547845688,-222.7677763509246,-74.77246107454445,1.1231954785899843,0.30990164582879576,0.07999327061653314,3.5570565636136514e-05,44.00528549932343,64.99140595328537,nan,1.0543353273304308,nan
544.47,225.2399444580078,-222.8925018310547,-74.76188659667969,224.12428126045046,-222.75948577357755,-74.7736281253405,1.1236260523083073,0.3099484869399388,0.08001646782383329,3.628128195429567e-05,43.93613664937971,64.06074983490596,nan,nan,nan
544.48,225.24832153320312,-222.8842315673828,-74.76287078857422,224.13223885241234,-222.7511754677765,-74.77294301732152,1.1240311053505243,0.3099954131430174,0.0800397318081113,3.554481847064876e-05,42.884782340963106,63.97482460351015,nan,2.2989909461807296,nan
544.49,225.25669860839844,-222.87594604492188,-74.76383972167969,224.14018419660005,-222.74288276915001,-74.77405402392793,1.1244619153546573,0.31004242470898213,0.0800630630163723,3.625533075285501e-05,42.80537548741554,62.8894403403688,nan,nan,nan
544.5,225.2650909423828,-222.86766052246094,-74.76477813720703,224.15209235811733,-222.72881142788614,-74.77568956071882,1.1216790890465347,0.30998116796573155,0.08005173783652184,3.549925369073194e-05,41.923685952884014,62.99386902314734,5.051276636221494,0.19249012181866168,nan
544.51,225.27346801757812,-222.859375,-74.76570892333984,224.16005252508495,-222.7204921825233,-74.77676955296057,1.122098406309222,0.3100279850476028,0.08007505077946338,3.620871950860971e-05,41.84482319695721,63.01815197674345,nan,nan,nan
544.52,225.28184509277344,-222.85108947753906,-74.76661682128906,224.16801421989481,-222.71216997547603,-74.77760146495531,1.1225143668690705,0.31007488715946885,0.08009843071176605,3.547670459699755e-05,41.76371907935094,63.07817686243721,nan,0.0364500792861276,nan
544.53,225.29022216796875,-222.84280395507812,-74.76750183105469,224.17597437252468,-222.70384893471922,-74.77864412811482,1.1229340132522014,0.3101218745653787,0.08012187800414078,3.618604885571587e-05,41.689968617350715,63.16864515897301,nan,nan,nan
544.54,225.29859924316406,-222.8345184326172,-74.76837158203125,224.18393905656674,-222.6955210285443,-74.77893723857831,1.1233428875559064,0.3101689472919005,0.08014539259110463,3.5455676841760216e-05,41.30424166247541,62.79431992527029,nan,0.36924564763377205,nan
544.55,225.30697631835938,-222.82623291015625,-74.76922607421875,224.22418408060423,-222.70016171997875,-74.77987534372339,1.0901588792816135,0.31010763365739125,0.08013399272007293,3.614268030323617e-05,40.563091256230564,61.71070769050194,10.071378151714761,nan,nan
544.5600000000001,225.31536865234375,-222.8179473876953,-74.77006530761719,224.2322029262565,-222.6918501126865,-74.78044552890371,1.0905302663973822,0.310154511608592,0.0801574882776347,3.541474358783408e-05,40.36545879721054,61.26408481910538,nan,0.1184741870328915,nan
544.57,225.32374572753906,-222.80966186523438,-74.77088165283203,224.2402190996812,-222.68354044227124,-74.78141044496711,1.0908929471176694,0.3102014747840987,0.08018105133514324,3.612306555983568e-05,40.288157897335765,61.69608419855231,nan,nan,nan
544.58,225.33212280273438,-222.80137634277344,-74.77169036865234,224.24823531851624,-222.6752293590541,-74.78230169514458,1.0912551214982391,0.31024852321750973,0.08020468188584436,3.539660230887844e-05,40.29694502545377,61.59879501196784,nan,0.0023503856224891353,nan
544.59,225.3404998779297,-222.79307556152344,-74.77247619628906,224.25625086891938,-222.66691775024213,-74.78323543119706,1.0916169053394724,0.310295657162593,0.08022838021251516,3.6104902497189976e-05,40.22123878278937,60.70217316608053,nan,nan,nan
544.6,225.348876953125,-222.7847900390625,-74.77324676513672,224.31503972239273,-222.69179772039416,-74.78534893398948,1.0380816217766462,0.3102342859254809,0.08021690198489445,3.5358510841084056e-05,42.140666643476145,61.641039469717214,31.929970931259607,1.120495231896503,nan
544.61,225.3572540283203,-222.7764892578125,-74.77400207519531,224.3231302324441,-222.6835539789726,-74.78626433266005,1.0383637870267843,0.3102812247968994,0.08024058047330637,3.6065940449823276e-05,42.067548734932046,60.665153796095424,nan,nan,nan
544.62,225.36563110351562,-222.76820373535156,-74.77474212646484,224.33121581439758,-222.6753139883083,-74.78798469991753,1.0386620534218916,0.31032824886267213,0.08026432664426478,3.534304787036026e-05,42.75780262138442,62.40207843945998,nan,0.46431729520796056,nan
544.63,225.3740234375,-222.75990295410156,-74.77547454833984,224.33930614420274,-222.66706830830555,-74.7888804215364,1.0389599924658541,0.3103753583695129,0.08028814073676034,3.6050518719895395e-05,42.68269638241771,60.97706987782709,nan,nan,nan
544.64,225.3824005126953,-222.75161743164062,-74.77618408203125,224.34740555471885,-222.6588137031117,-74.78822586256737,1.039217060841506,0.310422553361366,0.08031202280978135,3.5328856365374986e-05,41.69972783026222,61.51224645721263,nan,1.635711761204699,nan
544.65,225.39077758789062,-222.74331665039062,-74.77698516845703,224.37098115335124,-222.64564020110663,-74.78919236267444,1.0245362229978192,0.3103611240256077,0.0803004628625532,3.601424721065707e-05,39.597008357491,59.91584869623979,13.509658263905367,nan,nan
544.66,225.39915466308594,-222.73501586914062,-74.77787780761719,224.3936546975314,-222.63721783673148,-74.79034582729813,1.0103217741828903,0.3047901792506631,0.0803237822844963,3.529320705726423e-05,52.6434164453887,73.00890570949102,nan,0.015235559711451125,0.0376595884539876
544.67,225.40753173828125,-222.72671508789062,-74.77886199951172,224.401790106649,-222.62892572652933,-74.7914354513172,1.0105627543522715,0.30483226553998893,0.08034762678736208,3.599992429105279e-05,52.48943573623242,72.94007382513718,nan,nan,nan
544.6800000000001,225.41590881347656,-222.71841430664062,-74.7799301147461,224.41006415810423,-222.62062448940046,-74.79096345462818,1.0106473438771302,0.3048744249395395,0.08037153324943186,3.5281451462889496e-05,51.407497357944784,72.01506813757264,nan,1.8923930569466159,nan
544.69,225.42428588867188,-222.71011352539062,-74.78108215332031,224.4181997787625,-222.61233060199774,-74.7922132358243,1.0108880559476157,0.30491667785112525,0.08039550188474384,3.5988284978853336e-05,51.25907373088302,71.9932366888947,nan,nan,nan
544.7,225.4326629638672,-222.70181274414062,-74.7823257446289,224.3954579493131,-222.58851553170135,-74.79395714938161,1.0434394041529924,0.3048544430973144,0.08038388348853448,3.524958631244688e-05,51.79108396656067,72.87239524705133,9.172926922567429,0.1258668425172557,nan
544.71,225.4410400390625,-222.69351196289062,-74.78364562988281,224.40354170787518,-222.58019451081995,-74.79538311116882,1.0437343534765957,0.30489652488856583,0.08040782665270656,3.595568129585211e-05,51.64469415029858,72.94085006488561,nan,nan,nan
544.72,225.4494171142578,-222.68521118164062,-74.7850570678711,224.4118200220929,-222.5718629764578,-74.7944919053583,1.0438125106769116,0.3049386804200558,0.080431832009972,3.524002752950221e-05,50.199318646590356,71.46594180524303,nan,4.017481095262291,nan
544.73,225.45779418945312,-222.67691040039062,-74.78654479980469,224.41990318007066,-222.56354019471286,-74.79606280470658,1.0441078216878177,0.30498092874488913,0.08045589975108368,3.594628569644455e-05,50.053757860178365,71.51327536440223,nan,nan,nan
544.74,225.46617126464844,-222.66860961914062,-74.78811645507812,224.4281011718707,-222.55521141523076,-74.79627489371686,1.0442773722965417,0.30502325142405534,0.08048002997869484,3.523150976286125e-05,49.28312359049268,70.79906412447035,nan,1.448124790491226,nan
544.75,225.47454833984375,-222.66030883789062,-74.7897720336914,224.4584667320575,-222.56578420490877,-74.79790963125343,1.0205013279834196,0.3049610670219941,0.08046833123473075,3.5915869443353844e-05,50.710966469514595,70.54430840216843,12.370856047705674,nan,nan
544.76,225.48292541503906,-222.65199279785156,-74.79149627685547,224.4665784640598,-222.5575049054372,-74.79958613786056,1.0207617412642458,0.30500321873606195,0.08049243543603818,3.5202768347162776e-05,50.5923020250161,69.7346491941555,nan,0.01073451688210862,nan
544.77,225.49130249023438,-222.64369201660156,-74.7933120727539,224.4746801775435,-222.54922534821165,-74.80146543189834,1.0210344535631453,0.3050454625409229,0.08051660223115806,3.590852884199175e-05,50.44738146415551,70.4349314416007,nan,nan,nan
544.78,225.4996795654297,-222.63539123535156,-74.79519653320312,224.48268996489261,-222.54094851657823,-74.80461528435215,1.021408824909528,0.3050877813029408,0.08054083173916934,3.519618577647881e-05,50.97953431410011,71.20106488137677,nan,0.9911776661677121,nan
544.79,225.508056640625,-222.6270751953125,-74.79715728759766,224.49079131198724,-222.53266778229934,-74.80666362977924,1.021680908611884,0.30513019212910447,0.0805651241268197,3.590216117070552e-05,50.842539197625634,70.18558374501443,nan,nan,nan
544.8,225.5164337158203,-222.6187744140625,-74.79920196533203,224.50065940885267,-222.53155554360256,-74.80690482240979,1.0195410281430868,0.3050680392136047,0.08055334224771535,3.5169324411243306e-05,51.336785812434144,70.44856863562426,5.452251488626841,2.3792750869596295,nan
544.8100000000001,225.52481079101562,-222.61045837402344,-74.80128479003906,224.50874853884127,-222.52329771948777,-74.80907073614611,1.0198235636371034,0.30511027855760225,0.08057760802809137,3.5874654511748736e-05,51.20812667133663,69.49375124931687,nan,nan,nan
544.82,225.53318786621094,-222.60215759277344,-74.8033676147461,224.51688998342465,-222.51503793380746,-74.81054792979573,1.0200503803530763,0.3051525934394486,0.08060193674200808,3.516450645845086e-05,50.8497310925255,70.175430011566,nan,0.35330455411915307,nan
544.83,225.54156494140625,-222.59384155273438,-74.80542755126953,224.52497855028537,-222.50677895636682,-74.81271966217642,1.0203337498975111,0.3051949997121646,0.08062632854548653,3.587008548144858e-05,50.734530605235356,69.22902426572661,nan,nan,nan
544.84,225.54994201660156,-222.58554077148438,-74.80745697021484,224.53298795083552,-222.49852128146787,-74.81595445021254,1.0207057218841922,0.3052374821120054,0.08065078357332851,3.5160523741212965e-05,51.17102686079363,70.70137120818359,nan,0.82741339423075,nan
544.85,225.55831909179688,-222.5772247314453,-74.8094482421875,224.54446729667578,-222.48633103315268,-74.81809674785386,1.0179547747861135,0.3051753760647969,0.0806389158063686,3.5844321500596095e-05,49.93185643762926,69.42561426277462,4.318584658066919,nan,nan
544.86,225.5666961669922,-222.5689239501953,-74.81140899658203,224.55259562753687,-222.4780526108993,-74.81987624568204,1.0181989976111387,0.305217687093733,0.08066334363533072,3.513614870669966e-05,49.74981438923203,70.20734653903078,nan,0.06808827149674952,nan
544.87,225.5750732421875,-222.56060791015625,-74.8133316040039,224.56070144663568,-222.46977383481408,-74.8219281018378,1.0184669207339565,0.3052600888625934,0.08068783476223076,3.5841384748413255e-05,49.63875699781238,69.20237338655892,nan,nan,nan
544.88,225.58343505859375,-222.5522918701172,-74.81521606445312,224.5686968766293,-222.4614959786782,-74.82552097144259,1.0188442780654827,0.3053025673031341,0.0807123893279706,3.5133700637380216e-05,50.46535331950807,70.48491433181034,nan,1.7438957883317732,nan
544.89,225.59181213378906,-222.54397583007812,-74.81706237792969,224.57680222823709,-222.45321613800564,-74.82751568535197,1.0191131937669096,0.3053451364844846,0.08073700747964473,3.583922021841654e-05,50.359744629189976,70.0904037082343,nan,nan,nan
544.9,225.60018920898438,-222.53567504882812,-74.8188705444336,224.59422378595946,-222.44767721245884,-74.82806121968487,1.0098487609731228,0.3052830614800127,0.08072505103024359,3.51108076235392e-05,49.21526333688969,70.14003903929124,1.4094693009254249,1.3265243455448845,nan
544.91,225.6085662841797,-222.52735900878906,-74.82064056396484,224.6023479965687,-222.43939742232874,-74.82997065793178,1.0100987742140946,0.3053254587871324,0.08074964137170251,3.581574594785269e-05,49.10788488005949,69.13340273423675,nan,nan,nan
544.92,225.616943359375,-222.51904296875,-74.82238006591797,224.61054398467277,-222.43111674405333,-74.83076956268279,1.010267838766735,0.3053679332837359,0.08077429536153298,3.5109745520740714e-05,48.550141107014895,68.57978345110716,nan,0.8120556410821405,nan
544.9300000000001,225.62530517578125,-222.51072692871094,-74.82408905029297,224.6186677420892,-222.42283585340883,-74.83259968087438,1.0105029415398892,0.30541049790686675,0.08079901314446787,3.581499130698811e-05,48.43440900979077,68.86195625042836,nan,nan,nan
544.94,225.63368225097656,-222.50241088867188,-74.82575988769531,224.626887397698,-222.4145544353709,-74.83293285618939,1.0106463696327463,0.3054531402779396,0.08082379486490678,3.510933923267203e-05,47.745923622304254,67.92180849435253,nan,1.5032755606601416,nan
544.95,225.64205932617188,-222.4940948486328,-74.827392578125,224.65688101306878,-222.41748307235017,-74.83479441751844,0.9881803783218129,0.30539110864868246,0.08081174693320249,3.579287517116139e-05,47.67544782833986,67.68688565479121,5.14175712297929,nan,nan
544.96,225.6504364013672,-222.48577880859375,-74.82899475097656,224.6651296836068,-222.40922011041206,-74.83512281589582,0.9882955608069193,0.3054335792081644,0.08083650021738006,3.508838062355754e-05,47.0837294028253,67.11463528035321,nan,1.3605142114588142,nan
544.97,225.65879821777344,-222.4774627685547,-74.83056640625,224.67328881775677,-222.40095618864382,-74.83679761246091,0.9884942398525713,0.30547613930588174,0.0808613174995979,3.5793387147831074e-05,46.96546783134617,67.45946484771989,nan,nan,nan
544.98,225.66717529296875,-222.46914672851562,-74.83210754394531,224.68145387539505,-222.39269179713938,-74.83834284707282,0.9887016479203132,0.3055187776280021,0.08088619892369218,3.5089163202838026e-05,46.857764342633196,66.99175570950825,nan,0.006860171413426398,nan
544.99,225.67555236816406,-222.46083068847656,-74.8336181640625,224.68961259817837,-222.38442691255617,-74.83995571106826,0.9889160386586833,0.3055615055215691,0.0809111446352002,3.579449856528651e-05,46.74112086229272,66.93717548845234,nan,nan,nan
545.0,225.6839141845703,-222.4525146484375,-74.83509826660156,224.664892727924,-222.35330432435464,-74.84081256156996,1.023855493063918,0.30549950418931854,0.08089900240515839,3.506934634701328e-05,45.443769966441444,67.39855685284184,14.09035820656322,0.35723812596142973,nan
545.01,225.69229125976562,-222.44418334960938,-74.8365478515625,224.67300986379774,-222.34498908616575,-74.84235993591824,1.0241131999886102,0.30554205978715737,0.08092391903874457,3.577414197410025e-05,45.328778446467325,65.97604062405198,nan,nan,nan
545.02,225.70066833496094,-222.4358673095703,-74.83797454833984,224.68119144797214,-222.3366744639145,-74.84279969284091,1.0243025069544267,0.3055846940567869,0.08094890001424324,3.5071191157087945e-05,44.917395957415046,66.57025681660794,nan,0.8194294882464056,nan
545.03,225.7090301513672,-222.42755126953125,-74.83936309814453,224.68930822226056,-222.32835802285797,-74.8442806063308,1.024546872902007,0.305627417350122,0.08097394548001308,3.577633184554112e-05,44.7969925076929,67.05155655201247,nan,nan,nan
545.04,225.7174072265625,-222.4192352294922,-74.84072875976562,224.6974680465784,-222.3200420331139,-74.84499894162185,1.024760194156407,0.3056702198397563,0.08099905557580979,3.5073539143043586e-05,44.510334385922846,66.38286870157923,nan,0.38046573100434217,nan
545.05,225.7257843017578,-222.41090393066406,-74.8420639038086,224.67985781257624,-222.29980062901706,-74.84643350912967,1.0518199740731338,0.3056082584168293,0.08098681622355727,3.5757008634342e-05,44.84929054235376,65.9510313416059,6.564048203919025,nan,nan
545.0600000000001,225.73414611816406,-222.402587890625,-74.84337615966797,224.68805416469553,-222.29146838934756,-74.84564900150261,1.0519796026947312,0.30565088862289475,0.08101189658273177,3.505519000513466e-05,44.33153357352578,66.84096990162546,nan,3.341863430247918,nan
545.07,225.74252319335938,-222.39427185058594,-74.84466552734375,224.6961259590516,-222.28313187069034,-74.84699640091998,1.052285465104291,0.30569360733244727,0.08103704163229233,3.576015634112747e-05,44.20669337917221,66.38336943170805,nan,nan,nan
545.08,225.7509002685547,-222.3859405517578,-74.8459243774414,224.70422780220935,-222.27479585217085,-74.84777854460806,1.0525587080954668,0.305736405642271,0.08106225150751888,3.50584354849756e-05,44.02658148915774,65.31546531952624,nan,0.20539686307840518,nan
545.09,225.75926208496094,-222.37762451171875,-74.84716033935547,224.71229942550517,-222.26645819710373,-74.8490709590982,1.052849661759736,0.3057792925232512,0.08108752636329092,3.576375831522297e-05,43.899956789166,66.62862100090052,nan,nan,nan
545.1,225.76763916015625,-222.36929321289062,-74.8483657836914,224.71434430511215,-222.24689843340747,-74.85100331892447,1.060385538518519,0.3057173603476099,0.08107518704489616,3.504094401058056e-05,42.41937183008154,65.23828859402634,7.443588648196311,0.2873216810135194,nan
545.11,225.77601623535156,-222.36097717285156,-74.84955596923828,224.7224222845777,-222.23852663709044,-74.85225506797462,1.0606892249615067,0.30576007448277476,0.08110043149237202,3.57457517923248e-05,42.29488420458705,66.1144606335481,nan,nan,nan
545.12,225.7843780517578,-222.35264587402344,-74.85071563720703,224.7305468679245,-222.23015644286747,-74.85260229581894,1.0609276055627814,0.3058028685926613,0.08112574095727104,3.504498153632616e-05,42.06444648791964,65.34821379397737,nan,0.5474864940349916,nan
545.13,225.79275512695312,-222.34432983398438,-74.85186004638672,224.73862475369972,-222.221783745008,-74.85380014695907,1.0612314317475668,0.3058457507950527,0.08115111560011497,3.5750156359307454e-05,41.93889123021207,65.87173919694533,nan,nan,nan
545.14,225.80113220214844,-222.33599853515625,-74.85297393798828,224.7467579341655,-222.2134133837857,-74.85390783358152,1.061476843120989,0.3058887134619393,0.08117655554797272,3.504939551063749e-05,41.732298332623905,64.77981960677839,nan,0.8035028099665182,nan
545.15,225.8094940185547,-222.32766723632812,-74.85406494140625,224.72791943014437,-222.19727759850622,-74.85506257246459,1.0894062801425408,0.30582681777983556,0.08116411343179585,3.573291536883084e-05,42.96101135149321,65.94387515639107,10.937895997450168,nan,nan
545.16,225.81787109375,-222.31935119628906,-74.85514068603516,224.73591627594394,-222.18889969933815,-74.85668688038913,1.0897918202792072,0.30586960766297017,0.0811895222816161,3.503298643535738e-05,42.87429068986747,66.5608774310219,nan,0.17711806644163547,nan
545.17,225.82623291015625,-222.31101989746094,-74.85619354248047,224.74393836852067,-222.1805227618901,-74.85779441112594,1.0901346430724854,0.30591248518731695,0.08121499650367558,3.5738023236361195e-05,42.7522294755865,65.79158678404092,nan,nan,nan
545.1800000000001,225.83460998535156,-222.3026885986328,-74.85722351074219,224.75193703408343,-222.17214384351863,-74.85935897991087,1.0905169474721843,0.3059554435076073,0.08124053621866884,3.503805826195224e-05,42.68689210330004,65.51014411055093,nan,0.16044783950920588,nan
545.19,225.84298706054688,-222.2943572998047,-74.85823059082031,224.75995887952365,-222.16376560245504,-74.86043149086164,1.0908753715563135,0.3059984895712384,0.08126614159641767,3.574346633903653e-05,42.568681909349614,65.52835025472706,nan,nan,nan
545.2,225.85134887695312,-222.28604125976562,-74.85922241210938,224.75068006892457,-222.14592954723028,-74.86089447315851,1.109552122590348,0.3059366217917015,0.08125359380992722,3.502227529817515e-05,42.45141350635083,67.24165505515768,2.8874013466399022,0.2363680279629794,nan
545.21,225.85972595214844,-222.2777099609375,-74.86019134521484,224.7586745232021,-222.13753308809146,-74.86192284666066,1.1099399997130102,0.305979494631718,0.08127916738848515,3.5727180884715055e-05,42.33256742901423,65.83849828610664,nan,nan,nan
545.22,225.8680877685547,-222.26937866210938,-74.86113739013672,224.7667608525223,-222.12914290611997,-74.86094848042758,1.1102193832401712,0.3060224485705968,0.08130480664434575,3.502791913186964e-05,42.12544391752358,66.06652132239887,nan,2.7755625270128483,nan
545.23,225.87646484375,-222.26104736328125,-74.86206817626953,224.7747552028071,-222.12074568851665,-74.8619205480498,1.1106073629696256,0.3060654898418809,0.08133051175409363,3.573320252545512e-05,42.002521918121815,65.62379984267396,nan,nan,nan
545.24,225.8848419189453,-222.25271606445312,-74.86298370361328,224.78272682625666,-222.1123463057362,-74.8633807962882,1.1110182286429648,0.3061086126680944,0.0813562828285628,3.50338367813032e-05,41.884149508105374,65.51115946455992,nan,0.18032380437605336,nan
545.25,225.89320373535156,-222.244384765625,-74.86387634277344,224.81559423235657,-222.10639913967606,-74.86428500432655,1.086408045311656,0.3060467780280612,0.08134362654350107,3.5717467016626296e-05,39.852426735516104,64.91569744740319,16.55053015503636,nan,nan
545.26,225.90158081054688,-222.23605346679688,-74.86475372314453,224.8236594411927,-222.0979887169521,-74.86497491404351,1.0867273819065744,0.30608972754471087,0.08136936509947171,3.501882578167256e-05,39.725824738100386,64.43072459173115,nan,0.03866363300848727,nan
545.27,225.90994262695312,-222.22772216796875,-74.86561584472656,224.831714450332,-222.08957699278744,-74.86588002426805,1.0870419311491388,0.30613276400875605,0.08139516969711119,3.572398728729952e-05,39.601857576857974,64.69972935380443,nan,nan,nan
545.28,225.91831970214844,-222.21939086914062,-74.866455078125,224.83977866097447,-222.08116555839098,-74.86655390948874,1.0873624160306865,0.3061758822899119,0.08142104044040108,3.502520905773428e-05,39.47736493126646,64.39757277066461,nan,0.032594010276622086,nan
545.29,225.92669677734375,-222.2110595703125,-74.86727905273438,224.84783367552973,-222.07275279780396,-74.86742468445051,1.087692225303693,0.30621908765344785,0.08144697751593366,3.573074763127484e-05,39.35513125541847,64.30068099410515,nan,nan,nan
545.3,225.93505859375,-222.20272827148438,-74.86809539794922,224.86377967479564,-222.05485200206573,-74.8690395635161,1.0814373790015868,0.306157279293634,0.08143420983455284,3.501064011433782e-05,36.94863855180231,64.08422062858125,18.64946125659342,0.553607895684477,nan
545.3100000000001,225.9434356689453,-222.19439697265625,-74.86888122558594,224.8718728205095,-222.04640022640075,-74.86988556554563,1.0817351726503224,0.3062003109289498,0.08146011366166847,3.571568041984694e-05,36.82809364567711,63.88224447021788,nan,nan,nan
545.32,225.95179748535156,-222.18605041503906,-74.86965942382812,224.8799963070848,-222.0379511097575,-74.86996122143722,1.081984870985116,0.30624342461704795,0.08148608381204535,3.501742071258985e-05,36.68064521013106,62.898713637614605,nan,0.4024653005011095,nan
545.33,225.96017456054688,-222.17771911621094,-74.87042236328125,224.88808964594799,-222.02949815782182,-74.87077002198733,1.0822826051835408,0.3062866250400581,0.08151212047898858,3.572284192521361e-05,36.55868142164601,63.575856335083806,nan,nan,nan
545.34,225.9685516357422,-222.1693878173828,-74.87117004394531,224.89621182751299,-222.0210477933892,-74.87082115843052,1.082551406979167,0.3063299079405453,0.0815382237566778,3.502439414375343e-05,36.43633050063842,63.5221933051575,nan,0.38964159977577584,nan
545.35,225.97691345214844,-222.1610565185547,-74.87190246582031,224.8987259173003,-222.00232089437358,-74.8715642256516,1.0898098334537345,0.30626812943096,0.08152534186159559,3.570815556167734e-05,35.18684598490652,63.99688929762065,5.311663227617885,nan,nan
545.36,225.98529052734375,-222.15272521972656,-74.87261962890625,224.90682363588684,-221.99383692538106,-74.87232302471695,1.0901084414051676,0.30631124047499486,0.08155141117086612,3.642739336073859e-05,35.06380847402248,63.53658018146885,nan,nan,nan
545.37,225.99365234375,-222.14437866210938,-74.87342834472656,224.91492129571697,-221.98535254964483,-74.87312085410151,1.0903898720120802,0.30635443592895417,0.08157754714977185,3.716109541338056e-05,34.94332625111014,62.67771393649761,nan,nan,nan
545.38,226.0020294189453,-222.13604736328125,-74.87432098388672,224.92307960477245,-221.9768753854303,-74.87233985690543,1.0906293343298372,0.30639771390489323,0.0816037499116527,3.6377144073365984e-05,34.927289929812474,63.603852651787044,nan,1.8199079465424426,nan
545.39,226.01039123535156,-222.12771606445312,-74.87530517578125,224.93117703102874,-221.96839027269124,-74.87330210670686,1.0909133874961912,0.30644107861087794,0.08163001966358897,3.71095125274355e-05,34.805088949807256,63.87703738487274,nan,nan,nan
545.4,226.01876831054688,-222.11936950683594,-74.87638092041016,224.930634161006,-221.96043049351954,-74.87391352763619,1.0996834205252621,0.30637932436449977,0.08161702063585893,3.630568807241075e-05,35.673423764841175,62.4566477278718,2.9144318741441078,0.12075851603188904,nan
545.41,226.0271453857422,-222.1110382080078,-74.8775405883789,224.9387082560065,-221.95195365980723,-74.87504806104744,1.1000043143351572,0.3064225148116832,0.08164325563406419,3.703587342487963e-05,35.553628340004146,63.60244636585392,nan,nan,nan
545.42,226.03550720214844,-222.10269165039062,-74.8787841796875,224.94676437659643,-221.94347398051625,-74.8767957131355,1.1003250249769,0.30646578798186513,0.08166955758673683,3.6258541731840855e-05,35.376545985083695,62.762886537863224,nan,0.18183483724479135,nan
545.4300000000001,226.04388427734375,-222.0943603515625,-74.88011169433594,224.9548384880066,-221.93499637464905,-74.87810853032177,1.100646001708412,0.30650914756555525,0.08169592670643634,3.698754340648445e-05,35.256811496101456,63.493822081719145,nan,nan,nan
545.44,226.05224609375,-222.0860137939453,-74.88152313232422,224.96288745965737,-221.92651468857443,-74.88026522276445,1.100974014508399,0.3065525902801654,0.08172236306842283,3.621292322294248e-05,35.07431147759533,62.58720432007764,nan,0.37942312527184835,nan
545.45,226.0606231689453,-222.0776824951172,-74.88301849365234,224.9871310855739,-221.91230300248154,-74.88188131401978,1.0861569512842162,0.3064908627966476,0.08170924411076615,3.691737702284497e-05,32.72023843788726,62.91640996523456,20.099167539646675,nan,nan
545.46,226.06898498535156,-222.06935119628906,-74.88459777832031,224.9952785980298,-221.9037959064981,-74.88274985288166,1.0863965090986452,0.3065341310915968,0.08173564494469544,3.6146378680906066e-05,32.65951182498856,63.24369193161415,nan,0.32963040628102674,nan
545.47,226.07736206054688,-222.06100463867188,-74.8862533569336,225.00340364161787,-221.89528522391163,-74.88439950898865,1.0866706247843365,0.30657748550871966,0.08176211311902999,3.687229949934153e-05,32.542107203975576,61.66621875157759,nan,nan,nan
545.48,226.0857391357422,-222.0526580810547,-74.88798522949219,225.01153939920965,-221.88677612366934,-74.88578513378944,1.0869345602075886,0.3066209232185097,0.08178864870416037,3.610387831400015e-05,32.467221908964724,61.71454016363735,nan,0.07882705721670402,nan
545.49,226.09410095214844,-222.04432678222656,-74.88980102539062,225.01966436160762,-221.87826510305715,-74.8875920765045,1.0871960944727104,0.30666444723284486,0.08181525191974971,3.682881562509386e-05,32.34669022169798,63.08732565843681,nan,nan,nan
545.5,226.10247802734375,-222.03598022460938,-74.89169311523438,225.04512160146072,-221.87626462479892,-74.88925104701563,1.0693538459631269,0.30660274196108694,0.08180201010045737,3.604062278615601e-05,31.884860499260565,61.11215397329679,3.5435570470840645,0.05951992210122638,nan
545.51,226.11083984375,-222.02764892578125,-74.89366149902344,225.0532786537113,-221.86776040327305,-74.89121369113737,1.0695821623743533,0.306646091161241,0.08182857700311799,3.676373217940491e-05,31.764034454142784,62.6714402726039,nan,nan,nan
545.52,226.1192169189453,-222.01930236816406,-74.89569854736328,225.0614230235933,-221.85925382695964,-74.89368898951298,1.0698352671829372,0.3066895237915979,0.08185521148202048,3.600121154999965e-05,31.598886505832276,61.14551828348308,nan,0.12633556009038757,nan
545.53,226.12757873535156,-222.01097106933594,-74.89778900146484,225.06957965000694,-221.85074932997682,-74.89579309077155,1.0700640420146856,0.306733042469738,0.08188191376103976,3.6723467689275525e-05,31.477741550341513,62.292696160494856,nan,nan,nan
545.54,226.13595581054688,-222.00262451171875,-74.89987182617188,225.07774302927717,-221.84224591856483,-74.897666951606,1.070299231549963,0.306776644957217,0.08190868390441752,3.596330951159644e-05,31.390917937696113,60.84631306402509,nan,0.04247094264156325,nan
545.55,226.14431762695312,-221.99427795410156,-74.90193939208984,225.0939342066298,-221.84454824896793,-74.8997334006583,1.0610038551710053,0.3067149632222953,0.0818953164442496,3.666174873884824e-05,32.309368446979434,60.779771380499824,4.304151697200512,nan,nan
545.5600000000001,226.15267944335938,-221.98594665527344,-74.90396881103516,225.10208219905348,-221.83606962535674,-74.90219033149414,1.061235533154285,0.30675839069441013,0.08192204947466514,3.590482636945728e-05,32.1485787502811,62.08033255279657,nan,0.09097293375948469,nan
545.57,226.1610565185547,-221.97760009765625,-74.90596771240234,225.11023986791588,-221.82759280524087,-74.90425056722505,1.0614710404081291,0.3068019039781091,0.08194885047125747,3.66246461619409e-05,32.028846412245855,60.177281163879066,nan,nan,nan
545.58,226.16941833496094,-221.96926879882812,-74.90792846679688,225.11840438645055,-221.8191174159698,-74.90600004581559,1.0616870897515636,0.3068455011762822,0.08197571949474212,3.586994528910123e-05,31.936746538369583,61.74097786248752,nan,0.05101256122225023,nan
545.59,226.17779541015625,-221.96092224121094,-74.90985107421875,225.1265617120255,-221.8106404709962,-74.90798585840957,1.0619229621655863,0.30688918439496377,0.0820026567741498,3.658908273428679e-05,31.816840266011106,60.02478432973187,nan,nan,nan
545.6,226.1861572265625,-221.95257568359375,-74.9117431640625,225.1276270787751,-221.79510424211495,-74.91038785351033,1.0701799687542781,0.30682752260122037,0.08198916074005598,3.5814590995494235e-05,31.259798619032548,60.2271864475242,2.3470911951180153,0.24562790775495524,nan
545.61,226.19451904296875,-221.94424438476562,-74.91358947753906,225.13577824868597,-221.78660965816312,-74.91230326233718,1.0704122714445745,0.3068710304263474,0.08201606009575384,3.6532202928548506e-05,31.139789563572418,61.59323457219589,nan,nan,nan
545.62,226.20289611816406,-221.93589782714844,-74.9154052734375,225.14394913659996,-221.77811919027903,-74.91334676164547,1.0706386157274996,0.3069146222512404,0.0820430276378569,3.5782656009336314e-05,31.10278551056547,59.76204776682274,nan,0.47162644411492394,nan
545.63,226.2112579345703,-221.92755126953125,-74.91717529296875,225.15210017601413,-221.76962390003482,-74.91518252888635,1.0708688914402675,0.3069582998884614,0.0820700635982284,3.6499696172748515e-05,30.982134649389454,60.431605308110335,nan,nan,nan
545.64,226.21963500976562,-221.91921997070312,-74.9189224243164,225.16021115722842,-221.7611188097213,-74.91873875256559,1.071155875754735,0.30700206188112356,0.08209716803343456,3.575215206413289e-05,30.762663508329023,60.54094591689914,nan,2.0828558957960692,nan
545.65,226.22799682617188,-221.91087341308594,-74.92062377929688,225.1754409077792,-221.7395127767851,-74.92045773651807,1.066413829893008,0.3069404204631834,0.08208354066666111,3.64459602845879e-05,28.306989006450234,60.1825036020669,21.875170626218452,nan,nan
545.66,226.23635864257812,-221.90252685546875,-74.92229461669922,225.18361054585182,-221.73096448727682,-74.92313017154311,1.066636254536839,0.3069840068266621,0.08211060635356715,3.5701266332740315e-05,28.21587517562397,59.94882112048668,nan,0.5771713746863397,nan
545.67,226.24473571777344,-221.89418029785156,-74.92393493652344,225.1918002688386,-221.72242104130854,-74.92485668990375,1.0668529193197784,0.30702767881071324,0.0821377406175175,3.6416413890520095e-05,28.111357434146427,59.30430792571133,nan,nan,nan
545.6800000000001,226.2530975341797,-221.88584899902344,-74.92554473876953,225.18742312861662,-221.7237298997777,-74.92747386048421,1.0779370401480062,0.30617842976701887,0.08161373317535531,3.567165067061222e-05,41.89892450913593,74.69647217623022,nan,0.601151777001875,0.1762919781019135
545.69,226.26145935058594,-221.87750244140625,-74.92711639404297,225.19559987168512,-221.71521036969833,-74.92914649932102,1.0781462176483372,0.30622044576052876,0.0816382919473032,3.638632534353015e-05,41.746763520538615,73.57922406565847,nan,nan,nan
545.7,226.26983642578125,-221.86915588378906,-74.92865753173828,225.21830173614322,-221.7158063907774,-74.92952064157527,1.0626579955365116,0.3061564826613426,0.08162605067863413,3.562371598073994e-05,41.84021605394905,72.55785556888186,2.413781742424702,1.0013376201032158,nan
545.71,226.2781982421875,-221.86080932617188,-74.93017578125,225.22649799199533,-221.70730470090717,-74.93111945480504,1.0628442862205674,0.30619832777949685,0.08165058071845842,3.633711910196518e-05,41.683949675225165,72.69724858306022,nan,nan,nan
545.72,226.28656005859375,-221.8524627685547,-74.93165588378906,225.23468591459581,-221.69880605880545,-74.9328407094659,1.0630385708309158,0.3062402516297175,0.08167517225412892,3.559881710239249e-05,41.53937446318248,72.8645441896498,nan,0.015755112580211162,nan
545.73,226.294921875,-221.84413146972656,-74.93310546875,225.24288202691542,-221.69030363531317,-74.93438264320046,1.0632273866735693,0.3062822631876038,0.08169982691003358,3.631188488359868e-05,41.38276411920111,74.02910610404876,nan,nan,nan
545.74,226.3032989501953,-221.83578491210938,-74.93453216552734,225.2511424339898,-221.68177415448542,-74.93469197856658,1.0633685502203998,0.3063243540006442,0.08172454337772994,3.557523034698988e-05,41.18168027432751,71.9737458249698,nan,0.9908277103632447,nan
545.75,226.31166076660156,-221.8274383544922,-74.93592834472656,225.25677035063643,-221.66850170644648,-74.9362024247145,1.0667964767972082,0.3062604602507797,0.08171221824277346,3.626552758709976e-05,40.424874895000684,72.55964475431176,1.7469463021474667,nan,nan
545.76,226.3200225830078,-221.819091796875,-74.93729400634766,225.26500677425096,-221.6599686503299,-74.93695742372336,1.0669482863668458,0.30630238026381995,0.08173690545279036,3.553135051064808e-05,40.267872391268924,72.56056488374597,nan,0.32853110846466693,nan
545.77,226.32839965820312,-221.8107452392578,-74.93863677978516,225.27320708754678,-221.65145023712827,-74.93837164289228,1.0671486912185049,0.30634438748098,0.08176165594122484,3.62429781856114e-05,40.11062654662962,71.79515865382194,nan,nan,nan
545.78,226.33676147460938,-221.80239868164062,-74.93994903564453,225.28149675867132,-221.64289415216817,-74.93799101024298,1.0672530859592393,0.3063864743493358,0.08178646851914483,3.551031627736081e-05,40.059537747292495,72.4052359881842,nan,2.145109116357947,nan
545.79,226.34512329101562,-221.79405212402344,-74.94123077392578,225.28969672910773,-221.63437523962048,-74.9393362578009,1.0674387683538098,0.3064286484948175,0.08181134463876802,3.622172399347475e-05,39.89395713388751,72.45492444345986,nan,nan,nan
545.8,226.35350036621094,-221.78570556640625,-74.94249725341797,225.33002858480103,-221.64712421060543,-74.94199072844283,1.0328114717050345,0.30636481487309575,0.08179893153284713,3.5469013356239314e-05,40.47295869416036,70.83256748557953,12.788423614485732,0.9955902826777558,nan
545.8100000000001,226.3618621826172,-221.77737426757812,-74.94373321533203,225.33827020028193,-221.63864935638594,-74.94330134472824,1.0329498215298403,0.3064068178361405,0.08182377778576892,3.617935365860717e-05,40.312703429552435,72.62767166489009,nan,nan,nan
545.82,226.37022399902344,-221.76902770996094,-74.9449462890625,225.34654141220653,-221.63016167187513,-74.94396926799612,1.0330589381327477,0.3064489008108735,0.08184868639953556,3.5450409386039765e-05,40.179778804025965,71.28256108575549,nan,0.26340039285948763,nan
545.83,226.3785858154297,-221.76068115234375,-74.94612884521484,225.35478300758007,-221.62168646829772,-74.9452265587214,1.0331952989027469,0.30649107061055014,0.08187365871364045,3.6160604282767657e-05,40.02109571569696,71.3980509251706,nan,nan,nan
545.84,226.386962890625,-221.75233459472656,-74.94729614257812,225.3630374106326,-221.61320571491387,-74.94618392646231,1.0333351202781782,0.3065333209019204,0.08189869370189173,3.543297632241967e-05,39.881406013964224,70.46777259119686,nan,0.05287668152328033,nan
545.85,226.39532470703125,-221.74398803710938,-74.94844055175781,225.33616561276574,-221.5949428435436,-74.94732905683796,1.0695951066227587,0.30646955340400134,0.0818861911509257,3.6120751231643956e-05,41.580732407651794,71.36523328567559,21.95808190393964,nan,nan
545.86,226.4036865234375,-221.7356414794922,-74.94955444335938,225.34429549697245,-221.58648070528437,-74.94928403257265,1.0698403416580164,0.3065116325295185,0.08191119570971904,3.5395259136003145e-05,41.39754775074492,71.52770526143779,nan,0.4078891950155204,nan
545.87,226.4120635986328,-221.727294921875,-74.95065307617188,225.35246023251523,-221.5780036510098,-74.95045650803604,1.070068790164117,0.3065537980598699,0.08193626412695658,3.6104374100742136e-05,41.24766032807973,70.69967876919905,nan,nan,nan
545.88,226.42042541503906,-221.7189483642578,-74.95172119140625,225.36056805664674,-221.56955114531206,-74.95290489563098,1.0703357185120776,0.30659604439246846,0.08196139548209799,3.5380076944476144e-05,41.13607636665008,71.43104208522784,nan,1.16159953027291,nan
545.89,226.4287872314453,-221.71060180664062,-74.95277404785156,225.3687329167114,-221.56107384715688,-74.95404881926801,1.0705491048501858,0.3066383772440558,0.08198659096173237,3.608913779885852e-05,40.991911509542504,71.10866739750763,nan,nan,nan
545.9,226.43714904785156,-221.70223999023438,-74.95381164550781,225.3804718592467,-221.55390684165187,-74.95663042954874,1.0670414000542447,0.3065746686065693,0.08197399510462249,3.534461035597508e-05,40.96893653159577,69.75556742104175,0.21783344199426122,1.5346152180706207,nan
545.91,226.44552612304688,-221.6938934326172,-74.95481872558594,225.38864408414082,-221.54543007182724,-74.95774860542863,1.0672626658209097,0.3066168299360053,0.08199915951751384,3.6052765858690003e-05,40.83506778709042,70.7405361469485,nan,nan,nan
545.92,226.45388793945312,-221.685546875,-74.955810546875,225.39686972374258,-221.53692968855873,-74.95755127612784,1.067416322991151,0.3066590723465866,0.08202438712560271,3.533154967852503e-05,40.534479350358815,70.74026444571405,nan,1.1639467387792386,nan
545.9300000000001,226.46224975585938,-221.6772003173828,-74.95677947998047,225.40504178640103,-221.52845269616296,-74.95861845749043,1.067622558464876,0.30670140090165526,0.08204967901703389,3.603971041631335e-05,40.39472043606956,70.73368576557131,nan,nan,nan
545.94,226.4706268310547,-221.66885375976562,-74.95773315429688,225.41317820958417,-221.51999123631734,-74.96055443407782,1.0678790182211106,0.3067438109795838,0.08207503441400939,3.531950825745635e-05,40.38047858555022,70.15315640286862,nan,0.545711678773391,nan
545.95,226.47898864746094,-221.66050720214844,-74.95866394042969,225.41649010060624,-221.512246733497,-74.96158473862329,1.0727967466837223,0.30668016529073555,0.08206234348992647,3.600551062222071e-05,40.95982428297722,70.77123788405223,1.542895799012206,nan,nan
545.96,226.4873504638672,-221.65216064453125,-74.95957946777344,225.42462125196664,-221.50378734944263,-74.96326880134313,1.0730431602244144,0.3067224038097105,0.08208766722113536,3.5287136742943265e-05,40.962763779848395,70.68666941642462,nan,0.3049493084752129,nan
545.97,226.49571228027344,-221.64381408691406,-74.96047973632812,225.43277810757615,-221.49531654761955,-74.9642792191058,1.0732637190986933,0.3067647281267736,0.08211305539409584,3.599450050869053e-05,40.832768001873525,70.44227161277529,nan,nan,nan
545.98,226.50408935546875,-221.6354522705078,-74.96135711669922,225.44095629986816,-221.48683608330722,-74.96470164695276,1.0734755939895884,0.3068071342016365,0.08213850732216571,3.527703243709117e-05,40.60833435384062,68.84214721624824,nan,0.22650565702659664,nan
545.99,226.512451171875,-221.62710571289062,-74.96221923828125,225.44911300115533,-221.4783648878089,-74.96567265594594,1.073696337168485,0.3068496262249861,0.08216402396102981,3.5984471624343853e-05,40.47817502728516,70.26487196904165,nan,nan,nan
546.0,226.52081298828125,-221.61875915527344,-74.96305847167969,225.47124357928743,-221.47489431852514,-74.96798045145431,1.059394761849023,0.30678603778732405,0.08215123432496062,3.524658168264561e-05,40.27725364813652,70.45487840449586,2.7045333039748263,1.3922051340129995,nan
546.01,226.52919006347656,-221.61041259765625,-74.9638900756836,225.47942807657114,-221.46642724113175,-74.96893177004452,1.0596024871276668,0.30682835791705065,0.08217671863355734,3.595324094278144e-05,40.1545948630019,69.54067251863204,nan,nan,nan
546.02,226.5375518798828,-221.60205078125,-74.9646987915039,225.48759184091264,-221.45796933830786,-74.97045743101557,1.059815412023978,0.3068707600119179,0.08220226694038789,3.52382856713366e-05,40.248038561730226,69.19600742075478,nan,0.24253212944986427,nan
546.03,226.54591369628906,-221.5937042236328,-74.96549224853516,225.49577629035693,-221.44950190789197,-74.97138342398699,1.0600082948501377,0.30691324774844464,0.082227880117232,3.5945066568381885e-05,40.12950503688252,70.22096850307038,nan,nan,nan
546.04,226.55429077148438,-221.58535766601562,-74.96627044677734,225.50398197015156,-221.44102462280634,-74.97166648546958,1.060193247833999,0.30695581785854753,0.0822535575995815,3.523085660594021e-05,39.849454492073605,69.45597089197794,nan,0.27472527275280145,nan
546.05,226.56265258789062,-221.57701110839844,-74.96703338623047,225.53734764041573,-221.4546663636186,-74.97261120054793,1.0325936199223282,0.30689228923162115,0.08224066724527568,3.591566851504269e-05,41.401180623557835,69.49603400718198,14.746174262292325,nan,nan
546.0600000000001,226.57101440429688,-221.5686492919922,-74.96778106689453,225.5456130671848,-221.44622313240632,-74.97165032449034,1.0326911628635702,0.30693468736345664,0.08226631176321177,3.5203016604233364e-05,40.822379308970206,67.82475962256031,nan,2.356629633678745,nan
546.07,226.57937622070312,-221.560302734375,-74.96851348876953,225.55381853558015,-221.43780737289035,-74.97249478375872,1.0328550381393529,0.3069771708541775,0.0822920213098959,3.590921694553845e-05,40.6981294624016,68.86809440936942,nan,nan,nan
546.08,226.58775329589844,-221.5519561767578,-74.9693374633789,225.56202194327508,-221.42939243289558,-74.97344311557522,1.0330360765452564,0.3070197368879336,0.08231779539756186,3.5197216344652075e-05,40.59751744123413,68.27901243813473,nan,0.0029644134573277156,nan
546.09,226.5961151123047,-221.54359436035156,-74.97024536132812,225.57022730221175,-221.42097648290098,-74.97441779171236,1.033198118437642,0.3070623884621973,0.08234363478606717,3.590359050187569e-05,40.46707185934507,67.75559764838175,nan,nan,nan
546.1,226.60447692871094,-221.53524780273438,-74.97124481201172,225.55973821817096,-221.40694690257664,-74.97542414202633,1.0525956303734998,0.3069989151721816,0.08233064025607806,3.5170979508675115e-05,41.25434987457275,69.01153493498491,5.450841031215784,0.011028493426505644,nan
546.11,226.61285400390625,-221.5269012451172,-74.97233581542969,225.5679046440803,-221.3985283011192,-74.97657750421057,1.0528137391177443,0.3070413944505029,0.0823564459893565,3.587666808227131e-05,41.12320727870907,68.31034575074828,nan,nan,nan
546.12,226.6212158203125,-221.51853942871094,-74.9735107421875,225.57603583264165,-221.39012617726027,-74.97901966724812,1.0530534260098545,0.3070839564177463,0.08238231649279856,3.516668532626583e-05,41.350345636943366,67.99793765201932,nan,1.00902904417634,nan
546.13,226.62957763671875,-221.51019287109375,-74.97476959228516,225.584202152924,-221.3817073181895,-74.9803591780067,1.0532567032270617,0.3071266036762746,0.0824082524565084,3.587258288850878e-05,41.22157472120248,69.0738528048456,nan,nan,nan
546.14,226.63795471191406,-221.50184631347656,-74.97611236572266,225.5923295369047,-221.3733065687922,-74.98315717157028,1.0535198630620508,0.3071693340038693,0.08243425349461506,3.51631122799415e-05,41.62716091640999,69.08805144975987,nan,1.318240996926596,nan
546.15,226.6463165283203,-221.4934844970703,-74.9775390625,225.57509942968824,-221.34630137751472,-74.98459501693436,1.0813041799497576,0.3071059174100267,0.08242115257850645,3.58471729150319e-05,40.67375620240704,68.65287957063126,9.198066615272724,nan,nan
546.16,226.65467834472656,-221.48513793945312,-74.97904205322266,225.58322866835556,-221.33784452103103,-74.98643999144042,1.081551889460634,0.3071484753146662,0.08244711929342836,3.513902832591202e-05,40.70658210140708,70.0849921568327,nan,0.04025055964119575,nan
546.17,226.6630401611328,-221.47677612304688,-74.98063659667969,225.5913644421687,-221.32938436734372,-74.98813012388754,1.0817898729496997,0.30719111828146617,0.08247315162741249,3.5844505871446144e-05,40.58302107739782,68.44847784766604,nan,nan,nan
546.1800000000001,226.67141723632812,-221.4684295654297,-74.98230743408203,225.59951950524314,-221.32091475041832,-74.98916272150544,1.0820223479756041,0.30723384443125523,0.08249924925757122,3.513679379473759e-05,40.22043878329354,68.95318616204744,nan,0.3826842407325271,nan
546.19,226.67977905273438,-221.46006774902344,-74.98405456542969,225.60765509883288,-221.31245436887508,-74.9910076530439,1.0822605175998852,0.3072766558511356,0.08252541278184401,3.584251754219498e-05,40.099922930054625,68.23562669171864,nan,nan,nan
546.2,226.68814086914062,-221.45172119140625,-74.98587799072266,225.64875690577873,-221.31571106381867,-74.99331126738068,1.048271449435763,0.3072132924109891,0.08251220218179381,3.511401863493579e-05,39.17332240101435,69.00591365087378,13.901882024861672,0.05545124260589251,nan
546.21,226.69651794433594,-221.44337463378906,-74.98778533935547,225.6569566005083,-221.307261321544,-74.99531908943442,1.0484614340743827,0.30725593110269683,0.08253833066654935,3.581912543965909e-05,39.05131849874425,68.16873378975296,nan,nan,nan
546.22,226.7048797607422,-221.4350128173828,-74.98976135253906,225.66513121933605,-221.29882378210178,-74.99843969067571,1.0486657218769908,0.3072986530715935,0.08256452466320119,3.511300975568091e-05,39.480278027556096,68.20972455772612,nan,0.7514620582566361,nan
546.23,226.71324157714844,-221.42666625976562,-74.9918212890625,225.67333059588896,-221.2903741897559,-75.00061257841378,1.0488411052490503,0.30734146010923225,0.08259078471319987,3.581838888680113e-05,39.35966454964104,68.92453377951874,nan,nan,nan
546.24,226.7216033935547,-221.41830444335938,-74.9939193725586,225.68156523273754,-221.2819071248469,-75.00130816791521,1.048970065707373,0.30738435078068876,0.08261711057644994,3.511258762198279e-05,38.62633763552473,67.10880441339971,nan,1.6560185897768411,nan
546.25,226.72998046875,-221.4099578857422,-74.99601745605469,225.72494968352598,-221.2964975492282,-75.00352719433496,1.0114427929343899,0.3073210409318411,0.08260378791751129,3.5796217528273186e-05,39.28027248103983,67.14069302973569,13.653244014477774,nan,nan
546.26,226.73834228515625,-221.401611328125,-74.99809265136719,225.7332074815867,-221.28808907654405,-75.00523948589012,1.0115504694252766,0.30736375871097144,0.08263007804090705,3.509154741023696e-05,39.02819848745565,67.44668434960079,nan,0.1865125235212288,nan
546.27,226.7467041015625,-221.39324951171875,-75.00013732910156,225.74145374659284,-221.27968633178025,-75.00743702372263,1.0116709729679574,0.3074065613738646,0.08265643437602432,3.579662134206813e-05,38.93217047854246,66.21444323663675,nan,nan,nan
546.28,226.75506591796875,-221.38490295410156,-75.00214385986328,225.7497208173898,-221.2712730253868,-75.00861457476996,1.0117669702600627,0.30744944773837657,0.08268285673307449,3.5092199850085044e-05,38.50546352078814,66.99554002549543,nan,0.6853291477367148,nan
546.29,226.763427734375,-221.3765411376953,-75.00411224365234,225.757966992021,-221.2628702648749,-75.01073472159959,1.0118874586419941,0.30749241921624815,0.08270934557966132,3.579757120865049e-05,38.40921764346706,65.79645287589122,nan,nan,nan
546.3000000000001,226.7718048095703,-221.36819458007812,-75.00605010986328,225.7684968053091,-221.25106381677034,-75.01015034823514,1.0101303772693853,0.30742916010368826,0.0826959076975182,3.507220422913902e-05,36.827894125028116,65.21607852022568,2.000477220831292,4.994051624782041,nan
546.3100000000001,226.78016662597656,-221.35983276367188,-75.00794219970703,225.7767554707526,-221.2426479971516,-75.01217031624616,1.0102396215263905,0.30747195839220587,0.0827223600631179,3.5777006579060355e-05,36.72037623665527,64.81063636707279,nan,nan,nan
546.32,226.7885284423828,-221.3514862060547,-75.00980377197266,225.78498441079486,-221.2342473373362,-75.01569697180683,1.0103862159978592,0.30751484043398286,0.08274887865357816,3.507383052733931e-05,37.080906617411685,66.04228135474547,nan,1.674760247552567,nan
546.33,226.79689025878906,-221.3431396484375,-75.01162719726562,225.7932429773549,-221.2258313364675,-75.01765929375934,1.0104976456061283,0.30755780742655336,0.08277546389203519,3.577894921215134e-05,36.978220127613284,65.98187799065921,nan,nan,nan
546.34,226.8052520751953,-221.33477783203125,-75.01341247558594,225.80149178659588,-221.2174202559319,-75.02011717183655,1.010619844743291,0.30760085850992225,0.0828021156540795,3.5075923636094195e-05,37.11635033860687,65.05590977662612,nan,0.19844719243593428,nan
546.35,226.81361389160156,-221.32643127441406,-75.0151596069336,225.8311597845195,-221.22714348655168,-75.02186963654046,0.9874812210054,0.3075376498809297,0.08278856004628363,3.575934744725876e-05,38.14541226078722,65.87516382909213,9.61353648700142,nan,nan
546.36,226.8219757080078,-221.3180694580078,-75.01687622070312,225.8394489142067,-221.21876385314533,-75.02317883662198,0.9875526450076431,0.30758052757850296,0.08281517459613817,3.5057292929990865e-05,37.894284430143465,64.37780841351008,nan,0.2132455052635832,nan
546.37,226.83035278320312,-221.30972290039062,-75.0185546875,225.84772837816766,-221.21038933080882,-75.02499941597391,0.98765348880175,0.30762349007726664,0.08284185595131967,3.5762184814742124e-05,37.79670345425444,64.95391885832042,nan,nan,nan
546.38,226.83871459960938,-221.30136108398438,-75.02020263671875,225.85602007366518,-221.2020083056485,-75.0260405093804,0.9877214114521174,0.3076665366971461,0.08286860402641845,3.506022782764468e-05,37.48308751613123,63.96754781269824,nan,0.39222400267435825,nan
546.39,226.84707641601562,-221.2930145263672,-75.02181243896484,225.86429910236077,-221.19363396659108,-75.02778868864071,0.9878073999805046,0.30770966836522845,0.08289541918714943,3.576545161412815e-05,37.383207461103346,65.11821993757636,nan,nan,nan
546.4,226.85543823242188,-221.28465270996094,-75.02339935302734,225.85432747119995,-221.16752970288772,-75.02971044730381,1.0079585234180912,0.3076465078536412,0.08288174279949179,3.504241130993809e-05,36.179072101597455,63.89847147970046,9.294374048162819,0.011411472130516902,nan
546.41,226.86380004882812,-221.27630615234375,-75.02494812011719,225.8625921197474,-221.1591123488659,-75.03139902359518,1.00806414428021,0.3076894658432147,0.08290851998277557,3.574709779765284e-05,36.08068931280756,65.12827973236323,nan,nan,nan
546.42,226.87216186523438,-221.26795959472656,-75.0264663696289,225.8708409644004,-221.15070335492862,-75.03409672772898,1.0081918441364466,0.3077325079712629,0.08293536407689224,3.504610050149387e-05,36.452438339849955,65.47923269009434,nan,0.7605888852851671,nan
546.4300000000001,226.88052368164062,-221.2595977783203,-75.02796173095703,225.87910528256523,-221.1422858178055,-75.03573602739756,1.0082962589297333,0.30777563501549227,0.08296227541364563,3.575113220953923e-05,36.359244478864014,64.03234920338696,nan,nan,nan
546.44,226.88888549804688,-221.25125122070312,-75.0294189453125,225.88737512627696,-221.13386519140525,-75.03696584311668,1.0083944963671176,0.3078188465206266,0.08298925395763776,3.505015252618026e-05,36.16910620696407,65.22152483161717,nan,0.10184306939860034,nan
546.45,226.8972625732422,-221.24288940429688,-75.03084564208984,225.89332310913687,-221.12862216487142,-75.03857842317083,1.0104510109338447,0.30775573337118156,0.08297545419375404,3.57335194775e-05,36.89272948265621,63.61428055939368,1.754615156137652,nan,nan
546.46,226.90562438964844,-221.2345428466797,-75.0322494506836,225.90156837892422,-221.1202205082844,-75.04068840358056,1.010578688501585,0.3077987709734699,0.08300239399978851,3.503338228962562e-05,37.128752536144795,65.29044665448644,nan,0.2201937095574872,nan
546.47,226.9139862060547,-221.22618103027344,-75.03362274169922,225.90982130159344,-221.11181473458987,-75.04221764500309,1.0106931667439194,0.3078418933698557,0.08302940120403975,3.573823742244248e-05,37.04251290058399,64.14710407247298,nan,nan,nan
546.48,226.92234802246094,-221.21783447265625,-75.03497314453125,225.91807242772666,-221.10340986480918,-75.04384917844537,1.010812170998101,0.30788510022768123,0.0830564758003318,3.503807645177052e-05,37.10148987773034,65.16470271492227,nan,0.011735595766997647,nan
546.49,226.9307098388672,-221.20947265625,-75.03629302978516,225.9263249591665,-221.09500397729593,-75.04532682372661,1.0109271360814511,0.30792839214025153,0.08308361807731694,3.5743285096279524e-05,37.01655921674214,64.0677012163115,nan,nan,nan
546.5,226.93907165527344,-221.2011260986328,-75.03759002685547,225.95557280802214,-221.09438127597483,-75.04729391878726,0.9893222959316849,0.30786532431808755,0.08306969197299227,3.502192481092915e-05,36.79416681635175,65.21214228711841,5.4232500767949245,0.12211505926311599,nan
546.51,226.9474334716797,-221.19276428222656,-75.03885650634766,225.96386519156707,-221.08598350441682,-75.04872706222403,0.9893968486035634,0.30790844203601253,0.08309679472329903,3.5726615541246876e-05,36.713320046074614,64.16089530186174,nan,nan,nan
546.52,226.95579528808594,-221.18441772460938,-75.04010009765625,225.97215787323105,-221.0775856097041,-75.05011228182862,0.9894725405535172,0.30795164420575255,0.08312396504538806,3.5027186963474754e-05,36.72704650657975,65.18549529567369,nan,0.0003919406547975843,nan
546.53,226.9641571044922,-221.17605590820312,-75.04131317138672,225.98045022380362,-221.06918790577728,-75.05149706757933,0.9895472241374804,0.30799493132150185,0.08315120320298953,3.573224033510833e-05,36.649355732907544,64.16719380617222,nan,nan,nan
546.54,226.97251892089844,-221.16770935058594,-75.04251098632812,225.98874002353458,-221.0607917162988,-75.05309904694856,0.9896284183711153,0.3080383031998707,0.08317850922679502,3.503272422870579e-05,36.826720268991174,65.15843431257228,nan,0.040753493273029996,nan
546.5500000000001,226.98089599609375,-221.1593475341797,-75.0436782836914,226.00866052792702,-221.0544409126618,-75.0542951716212,0.9779365639493156,0.307975279595993,0.08316445412147047,3.571612608460608e-05,36.0748654436526,63.42476569423281,3.5260773332120734,nan,nan
546.5600000000001,226.9892578125,-221.15098571777344,-75.0448226928711,226.01697253463874,-221.04604449337117,-75.05628859510334,0.9779993808989835,0.3080184770313695,0.08319171983034977,3.5017351668420736e-05,36.55595253456531,64.43963288519326,nan,0.324263225674813,nan
546.57,226.99761962890625,-221.14263916015625,-75.04595184326172,226.02529093951017,-221.03764391164486,-75.05758853189407,0.9780503539976818,0.3080617593113448,0.08321905352783994,3.5722257600178054e-05,36.473129993030525,65.23586408389527,nan,nan,nan
546.58,227.0059814453125,-221.13427734375,-75.04705047607422,226.0336287698083,-221.02923097979564,-75.05669322278202,0.9780579976178678,0.3081051263313712,0.0832464552656565,3.50233643486405e-05,35.2208494000116,63.07962793380681,nan,3.3313047075454136,nan
546.59,227.01434326171875,-221.1259307861328,-75.04812622070312,226.041946988381,-221.02082984884873,-75.05792869877784,0.9781087914928186,0.30814857846700705,0.08327392527639282,3.5728635855201345e-05,35.13690187322806,64.14624970588692,nan,nan,nan
546.6,227.022705078125,-221.11756896972656,-75.04918670654297,226.04156176481266,-221.00730120219654,-75.05915333773744,0.987370505712494,0.3080855972565281,0.08325973827929473,3.5008448627432676e-05,35.185831770269616,62.962108854160384,1.205261544061679,0.0061922094807008365,nan
546.61,227.03106689453125,-221.10922241210938,-75.05022430419922,226.04986680707466,-220.99889021728495,-75.06034920019073,0.9874357287228491,0.3081288746554031,0.0832871671635914,3.571321257161422e-05,35.10132852360359,64.0339917026219,nan,nan,nan
546.62,227.0394287109375,-221.10086059570312,-75.05123901367188,226.0581706845654,-220.9904799561893,-75.06169305024673,0.9875021452026657,0.3081722367639823,0.0833146642576254,3.5014875352619654e-05,35.237177811083576,63.100353620766754,nan,0.019897551105121626,nan
546.63,227.04779052734375,-221.09249877929688,-75.05223846435547,226.0664760632142,-220.98206884203017,-75.06285126584528,0.9875654307994296,0.3082156838965006,0.08334222977648652,3.5720010982729595e-05,35.154779705588425,62.87452366542339,nan,nan,nan
546.64,227.05616760253906,-221.0841522216797,-75.05321502685547,226.07477391959875,-220.9736627243794,-75.06505845546633,0.9876647997828362,0.30825921604086665,0.08336986379786498,3.502150513093762e-05,35.89170047618233,64.23616976946015,nan,0.8045238772333494,nan
546.65,227.0645294189453,-221.07579040527344,-75.05416870117188,226.07621340714218,-220.96133191182412,-75.06616754522032,0.9949940995642349,0.30819627587595083,0.08335554220993344,3.570499138543771e-05,35.85426340825222,63.6980153280402,0.4731369359048358,nan,nan
546.66,227.07289123535156,-221.0674285888672,-75.05510711669922,226.0845233929454,-220.9529031891027,-75.0649688031786,0.995029804555632,0.30823963301456386,0.08338313429044472,3.50071502110366e-05,34.486982203604015,62.21377110704956,nan,3.7696738119837456,nan
546.67,227.0812530517578,-221.05908203125,-75.05602264404297,226.09281826708943,-220.9444845371134,-75.06604018601097,0.9951061553180678,0.308283075090576,0.08341079494568779,3.571215235877598e-05,34.4038586301982,63.355273285877075,nan,nan,nan
546.6800000000001,227.08961486816406,-221.05072021484375,-75.05692291259766,226.12313406484483,-220.96327393065357,-75.06620644780136,0.9704731731630347,0.3055312200918514,0.07916787562694676,3.501227587072312e-05,47.42962687635329,75.17657557580625,nan,0.5336841424255139,0.17338975286971145
546.69,227.0979766845703,-221.04237365722656,-75.05780792236328,226.13141869956723,-220.95488028880405,-75.06723420024385,0.9705556566244977,0.3055774758848586,0.0791876851716575,3.571760696207171e-05,47.291169047184596,76.1426381801705,nan,nan,nan
546.7,227.10633850097656,-221.0340118408203,-75.05867767333984,226.11999455104868,-220.93654513907433,-75.0691200202346,0.9912028995706452,0.305518343887564,0.07917722264499073,3.49983110467391e-05,47.92384472940589,75.6627651329726,4.732748202715038,0.3729813000319393,nan
546.71,227.11471557617188,-221.02565002441406,-75.05952453613281,226.12824656758679,-220.92813453951567,-75.07012477158662,0.9913338184917807,0.305564409349854,0.07919702709272258,3.570314081344907e-05,47.79691718758077,75.18660220180985,nan,nan,nan
546.72,227.12307739257812,-221.0172882080078,-75.06035614013672,226.1364512564248,-220.91965705078863,-75.0702902819578,0.9914946608905697,0.30561055382227753,0.07921688365403519,3.5005632944593914e-05,47.30916840067116,75.20807911565014,nan,0.4783169545198037,nan
546.73,227.13143920898438,-221.00894165039062,-75.06116485595703,226.14470354331092,-220.9112463274294,-75.07125494615238,0.9916115469076956,0.3056567868739939,0.07923681114343621,3.5710839691861055e-05,47.17837757322924,76.40300244632003,nan,nan,nan
546.74,227.13980102539062,-221.00057983398438,-75.06196594238281,226.15288839265025,-220.90274143623702,-75.07102440667394,0.9917917888910012,0.30570309932944706,0.07925679137761028,3.501309947348676e-05,46.51219352057445,74.41831506513546,nan,0.9821279304878795,nan
546.75,227.14816284179688,-220.99221801757812,-75.062744140625,226.1136692261626,-220.86700530165635,-75.07205068994885,1.0420853500922425,0.3056439032734184,0.07924632800872455,3.5696654945457384e-05,46.054869713983585,75.27381398429986,25.33362227660635,nan,nan
546.76,227.15652465820312,-220.98387145996094,-75.06351470947266,226.12187720291695,-220.8585817517074,-75.07350178286232,1.0422536204587203,0.30569002524937106,0.07926630303292904,3.499951926836192e-05,46.31707015833886,76.56388744776929,nan,0.2067830348374779,nan
546.77,227.16488647460938,-220.9755096435547,-75.06426239013672,226.1300546010537,-220.85011589977154,-75.07440263044181,1.0424506808382574,0.30573623553528745,0.07928634850654728,3.570460012040339e-05,46.18945358432756,75.44377556785112,nan,nan,nan
546.78,227.1732635498047,-220.96714782714844,-75.06500244140625,226.13823539211654,-220.84165467708354,-75.07535041792327,1.042659531457189,0.30578252539220213,0.07930644764869844,3.50072164714945e-05,46.21291701914306,74.8573919391304,nan,0.0026293553527997177,nan
546.79,227.18162536621094,-220.9587860107422,-75.06572723388672,226.14641281576255,-220.83318853075085,-75.07622390407346,1.042856620859766,0.3058289037401441,0.07932661719965184,3.571267073139573e-05,46.08258106343517,75.26121376743029,nan,nan,nan
546.8000000000001,227.1899871826172,-220.950439453125,-75.06653594970703,226.14305386461552,-220.81676336504478,-75.07766458716432,1.0554915989424354,0.3057696342225714,0.07931613208949885,3.499385863467954e-05,46.07989347014859,77.21509679116531,2.587586980529115,0.1308286421046883,nan
546.8100000000001,227.19834899902344,-220.94207763671875,-75.06743621826172,226.15121461584607,-220.80827822153006,-75.07867392545157,1.0557078127966855,0.30581582171437227,0.07933629556608447,3.569881103296309e-05,45.92289146801863,75.82919528241102,nan,nan,nan
546.82,227.2067108154297,-220.9337158203125,-75.06842803955078,226.15931761251534,-220.79971482484794,-75.07870815145073,1.0559803355164097,0.305862088947592,0.07935651360318816,3.500174701512295e-05,45.249692428961296,75.10793139133067,nan,0.8006833634128594,nan
546.83,227.21507263183594,-220.92535400390625,-75.06950378417969,226.1674783794866,-220.79122941003467,-75.07988537681233,1.056196431400041,0.3059084443944811,0.07937680160686576,3.570707539826928e-05,45.09420531108494,75.07564835871095,nan,nan,nan
546.84,227.22344970703125,-220.91700744628906,-75.07067108154297,226.17562565295717,-220.78272556444932,-75.08089744742738,1.0564428288581797,0.30595487998218646,0.07939714477103206,3.500973495029213e-05,44.90743541783146,75.54230977300325,nan,0.04507023255896463,nan
546.85,227.2318115234375,-220.9086456298828,-75.07191467285156,226.19827844826025,-220.7801225734705,-75.08224394923408,1.041544760183395,0.3058955452351602,0.07938665056376866,3.5693403457121124e-05,44.47512731089075,74.6638169545997,2.095086490980168,nan,nan
546.86,227.24017333984375,-220.90028381347656,-75.07324981689453,226.2065879272898,-220.7718067313444,-75.0860072815758,1.0416179331129998,0.3059417898136527,0.07940698746049242,3.4996626665924856e-05,45.983021488622136,76.05365458443032,nan,3.830575083330661,nan
546.87,227.24853515625,-220.8919219970703,-75.07466888427734,226.21477447624108,-220.76332707685117,-75.08754981338795,1.041807907137124,0.30598812232568295,0.07942739390798535,3.570182537338384e-05,45.82693962469505,75.90683883463727,nan,nan,nan
546.88,227.25689697265625,-220.88356018066406,-75.07616424560547,226.22294137219578,-220.75482138450255,-75.08879918295034,1.0420160761727248,0.3060345351504124,0.07944785636000704,3.500476230394884e-05,45.58770937570797,75.83105913215317,nan,0.10033658051023156,nan
546.89,227.2652587890625,-220.87521362304688,-75.07774353027344,226.23112798701743,-220.74634155035392,-75.09050483281982,1.042207934004169,0.30608103608666914,0.0794683883558073,3.571033189896205e-05,45.43252336407658,76.85081355512665,nan,nan,nan
546.9,227.2736358642578,-220.86685180664062,-75.07940673828125,226.21062598605295,-220.72742453552937,-75.0904914564431,1.0721720179464604,0.3060216277879184,0.07945786738035338,3.49917982781639e-05,45.26673806147573,74.4387252648078,8.917274176457592,2.2737622650960367,nan
546.91,227.28199768066406,-220.85848999023438,-75.08114624023438,226.21876043584095,-220.71893689691328,-75.09234188045365,1.0724149602623287,0.3060679373276002,0.07947839224253349,3.569686296345561e-05,45.116505171772204,74.82963836429481,nan,nan,nan
546.92,227.2903594970703,-220.85012817382812,-75.08296203613281,226.22686582720868,-220.71041123170727,-75.09369377432463,1.0726857787609452,0.30611432735008803,0.07949897391776443,3.500005113569758e-05,44.74610057804806,74.53127402571751,nan,0.23622829140051282,nan
546.9300000000001,227.29872131347656,-220.84178161621094,-75.08485412597656,226.2350003600985,-220.70192349952475,-75.09569729367027,1.0729306285795845,0.30616080520358635,0.07951962476367401,3.5705488538938996e-05,44.596230822307234,75.63556630427455,nan,nan,nan
546.94,227.3070831298828,-220.8334197998047,-75.08683013916016,226.2430290242558,-220.69329908413178,-75.09565000133937,1.0732766393764657,0.3062073639388174,0.07954033298610484,3.500836965962326e-05,43.376694489776064,73.06758857718556,nan,3.19920036837882,nan
546.95,227.31544494628906,-220.82505798339844,-75.08887481689453,226.22729673206803,-220.67303865260598,-75.0976649973315,1.0987509637397959,0.3061478891745776,0.07952979469350645,3.569213741558244e-05,43.43525881577586,73.55999422450415,6.09524080031431,nan,nan
546.96,227.3238067626953,-220.8166961669922,-75.0909652709961,226.2353245789282,-220.664446467135,-75.09849719603345,1.0991042559192283,0.3061942563503332,0.0795504955066335,3.499555420758767e-05,42.7439518670152,72.79780108591291,nan,1.3117992719381355,nan
546.97,227.33218383789062,-220.80833435058594,-75.09304809570312,226.2434188448086,-220.65593967882506,-75.10070025573532,1.0994052490756954,0.30624071107822487,0.07957126514646098,3.5700854422228065e-05,42.61734859643298,72.40370678796498,nan,nan,nan
546.98,227.34054565429688,-220.79998779296875,-75.09512329101562,226.25155856433034,-220.64749119969593,-75.10384490608055,1.0996472887444144,0.30628724685296765,0.07959209291955015,3.5003958835383755e-05,43.00062543789636,74.15118927575227,nan,0.6387110780087161,nan
546.99,227.34890747070312,-220.7916259765625,-75.09716033935547,226.25965257168463,-220.63898467797105,-75.10602297125399,1.0999337013273358,0.3063338703603743,0.07961298954991446,3.5709625881886885e-05,42.88086935296838,72.96209376166631,nan,nan,nan
547.0,227.35726928710938,-220.78326416015625,-75.09915924072266,226.26619416230898,-220.6254839455632,-75.1087044662289,1.1024657071334238,0.30627432190194337,0.07960241913584938,3.4991230331822724e-05,42.431423682491214,73.40398230282804,2.2083888776266085,0.21293985144034142,nan
547.01,227.36563110351562,-220.77490234375,-75.10111999511719,226.2742901181788,-220.61695933036043,-75.11082060360796,1.1027534826785161,0.3063207534578207,0.07962330749377243,3.5696388146640824e-05,42.31810785749583,73.335302258376,nan,nan,nan
547.02,227.37399291992188,-220.7665557861328,-75.1030502319336,226.28224141070834,-220.60825334704026,-75.10978393377471,1.1031891781708034,0.3063672662202506,0.07964425470494027,3.499969807565354e-05,40.829457910427884,72.94831858618694,nan,6.857125493831603,nan
547.03,227.38235473632812,-220.75819396972656,-75.10494232177734,226.29033744024957,-220.599728216409,-75.11179543584782,1.1034763862818615,0.3064138664417775,0.07966527047454372,3.570522422232321e-05,40.70449303959077,71.60097570447124,nan,nan,nan
547.04,227.39071655273438,-220.7498321533203,-75.1067886352539,226.29849688094816,-220.59128190132935,-75.11516006980453,1.1036992682608837,0.3064605482636587,0.07968634562221405,3.500820693122043e-05,41.24662843173367,72.31654419055843,nan,1.3631256239606553,nan
547.0500000000001,227.39907836914062,-220.74147033691406,-75.10860443115234,226.31342031686683,-220.58836254931592,-75.11719596652804,1.0964347748818677,0.3064009320722374,0.07967574974507426,3.569205398249523e-05,41.60775166431239,71.92957314441735,1.4207956403475765,nan,nan
547.0600000000001,227.40744018554688,-220.73312377929688,-75.11038208007812,226.3214440665014,-220.57975194195419,-75.11729728225126,1.0967945619361774,0.3064474217659175,0.07969681626251376,3.499555428370154e-05,40.76034537239624,72.34174659769803,nan,2.3340080280733573,nan
547.07,227.41580200195312,-220.72476196289062,-75.11212921142578,226.3295492535978,-220.57124141821964,-75.11916346055429,1.097070221820994,0.30649399864993115,0.07971795106910484,3.570093408655098e-05,40.63734161950159,70.92918012999863,nan,nan,nan
547.08,227.42416381835938,-220.71640014648438,-75.11383819580078,226.33768382409215,-220.56276693594032,-75.12167154762193,1.097316409576441,0.30654065728442603,0.07973914592146156,3.500410527146364e-05,40.862270682708,71.23226757962232,nan,0.32252510624091835,nan
547.09,227.43252563476562,-220.70803833007812,-75.11550903320312,226.34578835398835,-220.55425613792536,-75.12347710729706,1.0975929893449814,0.3065874032963652,0.07976040913220363,3.570984725448585e-05,40.745698137332404,71.19244704053509,nan,nan,nan
547.1,227.44088745117188,-220.69969177246094,-75.11714935302734,226.34292332711757,-220.5440670184295,-75.12444114156538,1.108962331171693,0.3065277131989523,0.07974977546551833,3.499149923428092e-05,41.193806446275005,72.22437303349363,2.7249259247818807,0.5627053604998702,nan
547.11,227.44924926757812,-220.6913299560547,-75.11875915527344,226.35100536804873,-220.53556184877667,-75.12617490644992,1.109260275798253,0.30657426669038557,0.07977102918782772,3.569672726387191e-05,41.07486837704535,70.86082888725119,nan,nan,nan
547.12,227.45761108398438,-220.68296813964844,-75.1203384399414,226.35910151911125,-220.52707369753617,-75.12821177351186,1.1095441994714552,0.3066209020745446,0.07979234358754089,3.500007541310859e-05,41.16590692267378,70.92437194172798,nan,0.07893001439701193,nan
547.13,227.46597290039062,-220.67462158203125,-75.12188720703125,226.36718349589685,-220.51856856480083,-75.12988696389024,1.1098444466339858,0.3066676245765988,0.07981372612094334,3.5705667079864516e-05,41.04532747784217,72.01821243235378,nan,nan,nan
547.14,227.47433471679688,-220.666259765625,-75.12339782714844,226.37515118011117,-220.5099274349837,-75.12878106096552,1.110258179042585,0.3067144293568721,0.079835169818223,3.5008675701976455e-05,39.94220635290417,69.84768441134874,nan,5.341754855711274,nan
547.15,227.48269653320312,-220.65789794921875,-75.12488555908203,226.39848742692874,-220.5157985725264,-75.13053621228205,1.0934960214222302,0.3066546702533108,0.079824502640712,3.5692580041856766e-05,41.081909175710976,69.26364829201637,9.13927235013519,nan,nan
547.16,227.49105834960938,-220.6495361328125,-75.12633514404297,226.40648482453045,-220.50721130839685,-75.12958331686147,1.093876884102469,0.30670128232012306,0.07984593641246424,3.499609553656332e-05,40.35171661681968,68.73141626984737,nan,4.470505562977038,nan
547.17,227.49942016601562,-220.6411895751953,-75.12776184082031,226.41458459114372,-220.49874461752196,-75.13109287793486,1.0941525882080947,0.3067479812521344,0.0798674381214936,3.5701531502820294e-05,40.22150422730713,69.67228620693734,nan,nan,nan
547.1800000000001,227.50778198242188,-220.63282775878906,-75.12915802001953,226.42265869743005,-220.4902477894839,-75.1319309559045,1.094453873149494,0.30679476259209193,0.0798890015757548,3.500470808725306e-05,39.994042040041826,68.33191175151732,nan,0.29238234160592985,nan
547.19,227.51614379882812,-220.6244659423828,-75.13053131103516,226.43075853167437,-220.48178072892978,-75.13337889223472,1.0947275263787113,0.30684163099359324,0.0799106330741047,3.571050162381976e-05,39.865512074189375,68.14855027651096,nan,nan,nan
547.2,227.52450561523438,-220.61610412597656,-75.13187408447266,226.46171222001615,-220.48007391342566,-75.13394360069405,1.0714654929317653,0.3067817976928985,0.0798999221468817,3.499214762501217e-05,38.73032471342408,67.52971733875268,6.386083721405621,0.5447568253329522,nan
547.21,227.5328826904297,-220.60775756835938,-75.13318634033203,226.4698548820551,-220.47160800787586,-75.13533040478546,1.0717133111097896,0.3068284729914031,0.0799215428661197,3.5697422667187085e-05,38.59974661903886,68.21412894457298,nan,nan,nan
547.22,227.54124450683594,-220.59939575195312,-75.13447570800781,226.47794453382596,-220.4630813745317,-75.13530742989447,1.0720023945197616,0.3068752308182386,0.07994322587797613,3.5000760223188305e-05,38.35551881127914,67.18906110082676,nan,1.3530025730304223,nan
547.23,227.5496063232422,-220.59103393554688,-75.1357421875,226.4860872055567,-220.4546153747222,-75.13662983090309,1.0722330555111756,0.306922075465506,0.07996497677936902,3.5706394434358364e-05,38.22299299559225,67.02539333777749,nan,nan,nan
547.24,227.55796813964844,-220.58267211914062,-75.13697814941406,226.4942086940153,-220.44612522555022,-75.13736061424156,1.072487463144561,0.3069690030163679,0.07998679042359663,3.5009385852542324e-05,38.070702066309494,66.99662065296033,nan,0.22686934055904384,nan
547.25,227.5663299560547,-220.57431030273438,-75.13819122314453,226.49331510488867,-220.432656584953,-75.13866116296404,1.0823247513697343,0.30690909944928085,0.07997603804829592,3.569332617137991e-05,37.99185749776378,67.06958366595248,0.8832216048446567,nan,nan
547.26,227.57469177246094,-220.5659637451172,-75.1393814086914,226.50152051008433,-220.42426778830952,-75.14201164006872,1.0824884390531535,0.3069558336866036,0.07999784040142979,3.499681899859462e-05,38.04726578382899,68.32405255438069,nan,3.129217190992959,nan
547.27,227.5830535888672,-220.55760192871094,-75.14054870605469,226.5096487012398,-220.41579223030467,-75.1432551537197,1.0827351329865533,0.3070026545112203,0.08001971051537274,3.570228887486059e-05,37.921893328678856,66.98511768414483,nan,nan,nan
547.28,227.59141540527344,-220.5492401123047,-75.14169311523438,226.51778369270224,-220.40732431398305,-75.14466610233356,1.0829746011352825,0.30704955834572434,0.08004164387299204,3.500543794397724e-05,37.83682629053474,66.90936842582126,nan,0.025478589144613265,nan
547.29,227.5997772216797,-220.54087829589844,-75.14280700683594,226.52591196359933,-220.3988487652561,-75.1458670865681,1.0832212812599498,0.3070965489745809,0.08006364513318519,3.5711261222101395e-05,37.71457340502784,66.99727051112346,nan,nan,nan
547.3000000000001,227.60813903808594,-220.53253173828125,-75.14390563964844,226.53174244866221,-220.39199498491874,-75.14641531209466,1.0855351192957718,0.3070365708358275,0.0800528427864773,3.499287417248545e-05,38.07529507509407,67.89778383274006,1.277431976009645,0.3885519838579209,nan
547.3100000000001,227.6165008544922,-220.524169921875,-75.14498138427734,226.53986446112393,-220.3835278174851,-75.14756863702048,1.0857867281050164,0.3070833677662006,0.0800748319047405,3.569817494762368e-05,37.95199102683618,66.62102868650311,nan,nan,nan
547.32,227.62486267089844,-220.51580810546875,-75.14603424072266,226.54798648064,-220.37506062027384,-75.1487013983496,1.0860383499048465,0.30713024946380857,0.08009688671486216,3.641778477315947e-05,37.82941844465789,66.56166266457149,nan,nan,nan
547.33,227.6332244873047,-220.5074462890625,-75.1470718383789,226.55610842529055,-220.36659312152042,-75.14981404354597,1.0862900835157552,0.3071772160731516,0.0801190073613425,3.715184814929281e-05,37.70650242799713,66.35219707332055,nan,nan,nan
547.34,227.64158630371094,-220.49908447265625,-75.14807891845703,226.5642106166727,-220.35810407522573,-75.15031921913523,1.0865628663026772,0.30722426602424313,0.08014119198664854,3.6368952005382365e-05,37.512480547997335,66.42746625915578,nan,0.22562307861522443,nan
547.35,227.6499481201172,-220.49072265625,-75.14907836914062,226.55013560194107,-220.33598175525242,-75.15139113087601,1.1106474104977202,0.3071642163821417,0.0801303403673919,3.7077917350904065e-05,37.17893288133478,66.56311017837372,5.745046991994692,nan,nan
547.36,227.65830993652344,-220.4823760986328,-75.1500473022461,226.55821110054967,-220.3274727000213,-75.15206221841457,1.1109530015709037,0.30721107241715784,0.08015251228308673,3.629873114136171e-05,37.01527380307965,67.89057162269036,nan,0.09353630985662119,nan
547.37,227.6666717529297,-220.47401428222656,-75.1510009765625,226.56629892541898,-220.31897658592212,-75.15308873162317,1.1112431801907716,0.3072580149318928,0.08017475207966086,3.702922981221225e-05,36.89288492502126,66.47910063724575,nan,nan,nan
547.38,227.67503356933594,-220.4656524658203,-75.15193176269531,226.57436419217393,-220.3104565048828,-75.15338914516822,1.111557910356985,0.3073050408906703,0.08019705630958002,3.625270118746222e-05,36.70592910085297,66.40603806504166,nan,0.3294424711536877,nan
547.39,227.6833953857422,-220.45729064941406,-75.15284729003906,226.58245213403922,-220.30196035562818,-75.15437278526186,1.1118479530824332,0.3073521535376862,0.08021942858113429,3.698198726890042e-05,36.58286549084797,66.2011892400655,nan,nan,nan
547.4,227.69175720214844,-220.4489288330078,-75.15374755859375,226.54938480110738,-220.26978442346436,-75.15587805940392,1.1563355746342352,0.3072920287683123,0.08020852042903792,3.61855270130291e-05,36.35500725846036,67.28877486228124,17.987985511791756,0.19468400897282387,nan
547.41,227.7001190185547,-220.44056701660156,-75.15462493896484,226.55740763207302,-220.26124268616323,-75.15683246192022,1.1566984920192487,0.3073389471089601,0.08023087912611748,3.6912754433134097e-05,36.23542929182554,67.30415212657702,nan,nan,nan
547.42,227.70848083496094,-220.4322052001953,-75.15548706054688,226.56543975221524,-220.25271036446495,-75.15807292499953,1.157051424783399,0.30738594898280985,0.08025330267913112,3.6142353915579366e-05,36.16269617518171,67.18211579995179,nan,0.06069185433377883,nan
547.4300000000001,227.7168426513672,-220.42385864257812,-75.15633392333984,226.57346266083022,-220.24416847921688,-75.15899698677019,1.157416713839898,0.3074330373282074,0.0802757942161782,3.6868511062945876e-05,36.04229053434253,68.2518928266593,nan,nan,nan
547.44,227.72520446777344,-220.41549682617188,-75.15716552734375,226.58147980325447,-220.23562070439507,-75.15971262951554,1.157785824383753,0.3074802095673653,0.08029835100680124,3.610059522112421e-05,35.90484510523512,66.83967387001131,nan,0.024487302339050797,nan
547.45,227.73358154296875,-220.40713500976562,-75.15797424316406,226.60193163184218,-220.2449371521061,-75.16035749538148,1.143217103735441,0.3074200121939424,0.08028738598743425,3.680248978383284e-05,37.673548293340474,65.9515835182395,17.17587320269887,nan,nan
547.46,227.741943359375,-220.39877319335938,-75.15876770019531,226.6099340622511,-220.23641851041765,-75.16020946425068,1.1435935337923238,0.3074669898878342,0.08030992856746788,3.6037962709378234e-05,37.453559617892076,66.10238029066117,nan,0.6894569472446137,nan
547.47,227.75030517578125,-220.39041137695312,-75.1595458984375,226.61796567245258,-220.2279294119761,-75.16105440698884,1.1439385540051759,0.30751405384747454,0.08033253909675361,3.676126163016056e-05,37.33482216240926,65.97933242051239,nan,nan,nan
547.48,227.7586669921875,-220.38204956054688,-75.16030883789062,226.62602580791813,-220.21946863967997,-75.16290222698892,1.1442531773170113,0.30756120177187096,0.08035521526043844,3.599909916515928e-05,37.33717298304911,66.01939776886742,nan,0.6903332937451871,nan
547.49,227.76702880859375,-220.37368774414062,-75.16106414794922,226.63405736547847,-220.21097899852836,-75.16372822187077,1.144598411716222,0.3076084361849882,0.08037795956594558,3.6721517467340045e-05,37.221451851751596,65.75981550519181,nan,nan,nan
547.5,227.775390625,-220.36532592773438,-75.16179656982422,226.64494704027993,-220.20475871620994,-75.16307068182478,1.1417907649884387,0.3075481631840123,0.0803669314210442,3.593952597656456e-05,37.15851755789072,65.62168898154201,0.26758243572346574,1.5449902978509353,nan
547.51,227.78375244140625,-220.35696411132812,-75.16251373291016,226.65298259425953,-220.19627453011833,-75.16385481267419,1.142131072697235,0.3075952026708522,0.08038966065289216,3.666022167573561e-05,37.04107197623029,65.54525284518826,nan,nan,nan
547.52,227.7921142578125,-220.34860229492188,-75.16321563720703,226.66107977072866,-220.18785010816026,-75.1669308268455,1.1424071424652815,0.3076423261817179,0.08041245587335077,3.590354214706116e-05,37.25551187526871,65.79383309271141,nan,3.562302198029139,nan
547.53,227.80047607421875,-220.3402557373047,-75.16401672363281,226.66911536669315,-220.17936582304094,-75.16776366786365,1.1427496027720576,0.3076895359911438,0.08043531923263818,3.662348079644e-05,37.13158713475088,66.68284715014944,nan,nan,nan
547.54,227.808837890625,-220.33189392089844,-75.16490173339844,226.6771519882434,-220.17088215939043,-75.16871976379551,1.1430889494476324,0.3077368301717366,0.08045824894996045,3.58689703658285e-05,37.03464447438735,65.5682983760351,nan,0.0006948204835288753,nan
547.5500000000001,227.81719970703125,-220.3235321044922,-75.1658706665039,226.66380932252193,-220.14565867596187,-75.16977137987564,1.167031940959844,0.30767648336531883,0.08044715629082534,3.656532664606182e-05,36.17827504200963,66.32756146218416,8.451718837500367,nan,nan
547.5600000000001,227.82557678222656,-220.31517028808594,-75.16693115234375,226.671778496196,-220.13709972621783,-75.16940680239088,1.1674612364846422,0.30772358236162656,0.08047007023764624,3.581385364515629e-05,35.81539913525859,65.47553633851561,nan,1.4535688517433727,nan
547.57,227.8339385986328,-220.3068084716797,-75.16808319091797,226.67978468123337,-220.12857588622794,-75.17058447746521,1.1678374784188437,0.3077707674758028,0.08049305233811312,3.653154412309831e-05,35.69671638662237,65.60797505267874,nan,nan,nan
547.58,227.84230041503906,-220.29844665527344,-75.1693115234375,226.687822875392,-220.12008174072577,-75.17315409937936,1.1681811493432994,0.307818037004384,0.08051610111647148,3.578211102242045e-05,35.81967106063767,66.00300257360118,nan,1.149582142709662,nan
547.59,227.8506622314453,-220.2900848388672,-75.1706314086914,226.69582897797025,-220.11155763178448,-75.17451748064713,1.1685576188429019,0.30786539288654013,0.08053921826688214,3.649920609379377e-05,35.70279528887381,65.70574945106002,nan,nan,nan
547.6,227.85902404785156,-220.28172302246094,-75.17203521728516,226.69751272325846,-220.08942089141394,-75.17643571355698,1.1773308927955175,0.3078049698684295,0.08052805572340506,3.5729925411402154e-05,34.217285593961336,66.09564472545433,9.74867754004875,0.16860226215398522,nan
547.61,227.8673858642578,-220.2733612060547,-75.17351531982422,226.7055178371786,-220.08085396723413,-75.17797221565404,1.177716525004079,0.3078521301930288,0.08055115623670472,3.644558354916066e-05,34.103007618681055,66.13511259334136,nan,nan,nan
547.62,227.87574768066406,-220.26499938964844,-75.17507934570312,226.71354357681037,-220.07230583873775,-75.18048320757762,1.178082503604948,0.30789937496499,0.0805743237258504,3.5700947603460306e-05,34.259057967578414,66.21653181779554,nan,0.538879213760094,nan
547.63,227.8841094970703,-220.2566375732422,-75.17672729492188,226.72154856967293,-220.0637391240172,-75.18219373858724,1.178468329498426,0.3079467059233402,0.08059755962668204,3.6416115031824166e-05,34.14528909654279,66.00123279326401,nan,nan,nan
547.64,227.89248657226562,-220.24827575683594,-75.17845153808594,226.72960877326108,-220.05522122068098,-75.1864221822949,1.1788207499517365,0.3079941216645162,0.08062086285014643,3.567331624968536e-05,34.99093101561968,66.5803201648197,nan,4.032646722268808,nan
547.65,227.90084838867188,-220.2399139404297,-75.18025207519531,226.7795296147707,-220.05569196320806,-75.18828443000679,1.1363793593331886,0.3079336236894772,0.08060962826256082,3.6365443396204316e-05,32.89995278517428,65.86485246037809,23.849562265804657,nan,nan
547.66,227.90921020507812,-220.23155212402344,-75.18213653564453,226.78333695604894,-220.0528915834097,-75.19064688540715,1.1399923630029318,0.30755219183343535,0.07985740435842545,3.562335116515753e-05,45.919494614576344,78.68336956033113,nan,0.10747531295251611,0.042873433381302305
547.67,227.91757202148438,-220.2231903076172,-75.18408966064453,226.79141627661392,-220.04432952296187,-75.19270326294615,1.1403035280734968,0.3075982647555092,0.07987754639865507,3.6336739082133004e-05,45.76282038388582,78.76413618856539,nan,nan,nan
547.6800000000001,227.92593383789062,-220.21482849121094,-75.18612670898438,226.79949198032284,-220.0358114164431,-75.19566915444115,1.1406180034544824,0.3076444213467289,0.07989774584475583,3.5598443143621435e-05,46.114175197164585,78.86803903772297,nan,0.4726191795051801,nan
547.69,227.93429565429688,-220.2064666748047,-75.18820190429688,226.80757104262997,-220.02724991559455,-75.1978710731572,1.1409296604717412,0.3076906618022142,0.07991801089128703,3.63114769018377e-05,45.966648103503964,78.86702282654339,nan,nan,nan
547.7,227.94265747070312,-220.19810485839844,-75.19027709960938,226.8391686674891,-220.0380098289683,-75.1982014581052,1.1150698420836758,0.3076303847689687,0.07990718602937068,3.5553229874853795e-05,46.502856049023656,77.13809594071633,15.250843971696698,2.2602065496041717,nan
547.71,227.95101928710938,-220.18975830078125,-75.19233703613281,226.84727638655338,-220.02949951060774,-75.20039771322018,1.115345796096779,0.3076764340639326,0.07992744349499917,3.626506598056127e-05,46.36281030041512,78.10672569426326,nan,nan,nan
547.72,227.95938110351562,-220.181396484375,-75.1943588256836,226.85539001056867,-220.0209249909463,-75.20127644946172,1.1156143092611295,0.30772256697144795,0.0799477590212246,3.5530876534174975e-05,45.75608722436927,76.50939143400564,nan,1.1455573161438632,nan
547.73,227.96774291992188,-220.17303466796875,-75.19635009765625,226.86349736295142,-220.01241482075807,-75.20340417811053,1.1158883212302328,0.307768783698706,0.07996813995207344,3.624244500938806e-05,45.620923557335686,76.231622705351,nan,nan,nan
547.74,227.97610473632812,-220.1646728515625,-75.19830322265625,226.87160442427293,-220.00390485196942,-75.20549686447914,1.1161626393612432,0.3078150843591199,0.07998858283791978,3.696835807238144e-05,45.48697568241067,76.13319777092983,nan,nan,nan
547.75,227.98446655273438,-220.15631103515625,-75.2002182006836,226.8742549042169,-219.98640284273552,-75.20758366229319,1.1231620312226849,0.30775475380982736,0.07997774637299812,3.768452474442839e-05,44.20117873692337,76.31831858795145,6.064153908595904,nan,nan
547.76,227.99282836914062,-220.14794921875,-75.20210266113281,226.88235360637015,-219.97793157251635,-75.21107109672583,1.1234503244994718,0.30780086303575616,0.07999817772420856,3.6864150984786405e-05,44.78287960874468,76.76029658212694,nan,1.3671191102859017,nan
547.77,228.00119018554688,-220.13958740234375,-75.20394134521484,226.89045956624562,-219.96939136339614,-75.21306971245829,1.1237315192764357,0.3078470560387381,0.08001867457960157,3.760164525260705e-05,44.65698091414969,76.85782673066686,nan,nan,nan
547.78,228.00955200195312,-220.1312255859375,-75.20574951171875,226.89856335090403,-219.96086847463314,-75.21541068002341,1.1240154208483397,0.30789333287991016,0.08003923033702756,3.6786085987764004e-05,44.818797893112325,76.87633115064502,nan,0.09115712023323261,nan
547.79,228.01791381835938,-220.12286376953125,-75.20751953125,226.90666892779862,-219.95232821248197,-75.21734235147318,1.1242971452479227,0.30793969379024777,0.08005985168719452,3.7521720397905956e-05,44.69407565052988,76.8269474580751,nan,nan,nan
547.8000000000001,228.02627563476562,-220.11451721191406,-75.2092514038086,226.9166549292376,-219.9424586680561,-75.21714915170008,1.1229090021336414,0.30787930922977624,0.08004899352878152,3.66879364045334e-05,43.29444645814529,77.13803058601009,0.9284106633708302,2.5793847420106517,nan
547.8100000000001,228.03463745117188,-220.1061553955078,-75.21095275878906,226.92476587904582,-219.93391086058017,-75.21899103145111,1.1231864049450502,0.30792547850706486,0.08006960630735409,3.742089837560321e-05,43.16292748116217,75.64285482753334,nan,nan,nan
547.82,228.04299926757812,-220.09779357910156,-75.21261596679688,226.93287578862112,-219.92536932163884,-75.22094447414706,1.1234650093028542,0.3079717315650091,0.08009027859624694,3.6615560690342815e-05,43.17310556402719,75.7629747307387,nan,0.013492786707266629,nan
547.83,228.05136108398438,-220.0894317626953,-75.21424865722656,226.94098644842617,-219.91682168724364,-75.22272210460311,1.1237427947483734,0.3080180686449999,0.08011101631431866,3.7346889850964356e-05,43.04430517587635,75.55863645925383,nan,nan,nan
547.84,228.05972290039062,-220.08106994628906,-75.21585083007812,226.9491019148079,-219.90823983541696,-75.22364820627939,1.124015133312908,0.3080644897918713,0.08013181400606863,3.6545929827683656e-05,42.62910952102849,75.09415566180961,nan,0.43424037115600156,nan
547.85,228.06808471679688,-220.0727081298828,-75.21741485595703,226.9768944341252,-219.90642912868884,-75.22528638612008,1.1038147037534258,0.30800405087794364,0.0801209370600683,3.725217447241717e-05,41.8173665119852,74.74689241820722,4.691396294280593,nan,nan
547.86,228.07644653320312,-220.06434631347656,-75.21895599365234,226.9850451843165,-219.89786157662076,-75.22638248169922,1.1040512781035998,0.3080502801472089,0.08014172583068273,3.64564531305315e-05,41.511130952315746,74.24301133182918,nan,0.21728041965444464,nan
547.87,228.08480834960938,-220.05599975585938,-75.220458984375,226.99319257649486,-219.88931744897002,-75.22802124953881,1.10429397145722,0.3080965933899927,0.08016257989954562,3.718390620737514e-05,41.37802523527816,75.57395901021027,nan,nan,nan
547.88,228.09317016601562,-220.04763793945312,-75.22193908691406,227.00133869411903,-219.88078156714545,-75.2298438074757,1.1045358738450852,0.30814299064204576,0.08018349449412254,3.6392279264562335e-05,41.402298286984376,74.18344259523809,nan,0.02961938274261592,nan
547.89,228.10153198242188,-220.03927612304688,-75.22338104248047,227.00948608877525,-219.87223714243623,-75.23142654924719,1.104776441210183,0.3081894721591049,0.08020447451852869,3.7118399950364595e-05,41.27495674563407,74.27955435727435,nan,nan,nan
547.9,228.10989379882812,-220.03091430664062,-75.22480010986328,227.01569047808437,-219.8553752371954,-75.23312008688748,1.1082256512308524,0.30812897839916126,0.08019357243066554,3.7834747774927174e-05,39.915940713203995,74.4142785312807,7.745635722462717,nan,nan
547.91,228.11825561523438,-220.02255249023438,-75.22618865966797,227.0238438934326,-219.8467996809763,-75.2346498207362,1.1084663540341948,0.3081752677942535,0.080214542820308,3.858900395046199e-05,39.78780311514842,74.33914058760185,nan,nan,nan
547.92,228.12661743164062,-220.01419067382812,-75.22755432128906,227.03201361537765,-219.83812815498248,-75.23355980496913,1.1086891317921228,0.3082216411358657,0.08023557407407302,3.7708950168394816e-05,38.73584559056716,73.17653614009446,nan,4.07658908567152,nan
547.9300000000001,228.13497924804688,-220.00582885742188,-75.22888946533203,227.04016701432005,-219.82955236016826,-75.235010658849,1.1089295286951284,0.308268098697001,0.08025667084914721,3.846014810936495e-05,38.60095079018788,73.1282710523284,nan,nan,nan
547.94,228.14334106445312,-219.99746704101562,-75.23019409179688,227.04833507133617,-219.82089265988668,-75.23409876331789,1.1091581868664218,0.3083146404918334,0.08027782892898304,3.7587812330472824e-05,37.88020696644777,72.50013674164592,nan,3.3335210147714864,nan
547.95,228.15170288085938,-219.98912048339844,-75.23147583007812,227.04610960677738,-219.80069763230858,-75.23549593471685,1.1215417155636633,0.3082540914274263,0.08026689839059045,3.831137208893259e-05,36.72153484582423,74.13700277783077,6.498084237852503,nan,nan
547.96,228.16006469726562,-219.9807586669922,-75.23273468017578,227.05425697197543,-219.79206904227843,-75.23630665189903,1.1217964426615363,0.3083004408478362,0.0802880464141354,3.74476118407808e-05,36.48917789956391,72.51217586677424,nan,0.1804382923697779,nan
547.97,228.16842651367188,-219.97239685058594,-75.23397064208984,227.062400901315,-219.78345932634613,-75.23762947419844,1.122053220800018,0.30834687443550907,0.08030925986872173,3.8192272894774015e-05,36.348364120977436,72.30967672338434,nan,nan,nan
547.98,228.17678833007812,-219.9640350341797,-75.23517608642578,227.07054657588304,-219.77484091744458,-75.23866993344237,1.1223089768413892,0.3083933921995173,0.08033053512523959,3.733570095259119e-05,36.174738231161676,72.293654222625,nan,0.041361988038118046,nan
547.99,228.18515014648438,-219.95567321777344,-75.23635864257812,227.07869066485927,-219.76623107921492,-75.23994307444032,1.122565702527698,0.30843999442128694,0.08035187596707839,3.807782210622007e-05,36.0357245660636,72.13002109956581,nan,nan,nan
548.0,228.19351196289062,-219.9473114013672,-75.23751831054688,227.09628720472892,-219.7731281920453,-75.2404851347319,1.1109683894595828,0.3083793895133283,0.08034091195226471,3.720492100874633e-05,37.718819518015,71.25410277154927,15.201307856085172,0.3089201847473064,nan
548.01,228.20187377929688,-219.93894958496094,-75.23865509033203,227.10443397217284,-219.76456833935077,-75.241706099315,1.1112120669506793,0.30842579910655143,0.08036224200353022,3.794372686909186e-05,37.579872802117215,71.11986054027862,nan,nan,nan
548.02,228.21023559570312,-219.9305877685547,-75.2397689819336,227.11260135473725,-219.75591110188134,-75.23980363661747,1.1114462947087413,0.3084722928184937,0.08038363431853099,3.7101846931931084e-05,37.187412326637705,70.77404976244625,nan,6.0310577608585305,nan
548.03,228.21859741210938,-219.92222595214844,-75.24085998535156,227.12074821825573,-219.74735069801636,-75.24095122154938,1.1116898017328873,0.3085188709340951,0.08040509217334105,3.783843174106707e-05,37.040801957520195,70.68112072048763,nan,nan,nan
548.04,228.22695922851562,-219.91387939453125,-75.24192810058594,227.12888474770668,-219.738836681002,-75.24361820448806,1.1119399144804192,0.3085655334564142,0.08042661269423236,3.700298357280213e-05,36.96876413818416,71.958110301328,nan,1.4953103375986052,nan
548.0500000000001,228.23532104492188,-219.905517578125,-75.24298095703125,227.1574645594157,-219.74038028287794,-75.24465175155963,1.0904346478279174,0.30850487236329593,0.08041561521644053,3.7713635174200755e-05,36.740225618868195,69.94287183149935,4.237515642269941,nan,nan
548.0600000000001,228.24368286132812,-219.89715576171875,-75.24400329589844,227.16566037563769,-219.73177038597774,-75.24350549654429,1.0906351589635217,0.3085513419979106,0.08043712445568349,3.6885423005013575e-05,36.527614999947595,69.9929367795845,nan,3.1993868465892605,nan
548.07,228.25204467773438,-219.8887939453125,-75.24501037597656,227.1738411947049,-219.72322578249268,-75.24456326880805,1.0908417700387445,0.308597895980597,0.08045869921455012,3.761707115702311e-05,36.3813501804567,69.74693427118028,nan,nan,nan
548.08,228.26040649414062,-219.88043212890625,-75.24600219726562,227.18201134765633,-219.71472548752658,-75.24718032330897,1.0910527810052058,0.30864453431241384,0.0804803370559125,3.6794815041723376e-05,36.26944720596065,69.53700862599919,nan,1.5885124043871706,nan
548.09,228.26876831054688,-219.8720703125,-75.2469711303711,227.190192071019,-219.70618068077033,-75.2482157485078,1.0912596498834761,0.30869125728200875,0.08050204060584645,3.75246613504115e-05,36.129279950535135,69.50564998052519,nan,nan,nan
548.1,228.27713012695312,-219.86370849609375,-75.24791717529297,227.22092093408006,-219.7069112955535,-75.24987750569852,1.067786057270901,0.3086305393714795,0.08049100344321922,3.668559440538962e-05,35.62747798033282,69.22138429147259,4.920752929341978,0.269169771810576,nan
548.11,228.28549194335938,-219.8553466796875,-75.24884796142578,227.22914134725522,-219.69837683015976,-75.250882681677,1.0679514294371544,0.3086770691905767,0.08051269497854172,3.7412854584284814e-05,35.49042003687448,68.99681401219874,nan,nan,nan
548.12,228.29385375976562,-219.84698486328125,-75.249755859375,227.23738015755927,-219.68977188473787,-75.24916562701003,1.0681070831876336,0.3087236833008914,0.08053444998431425,3.660283605700326e-05,35.24686439506753,68.85342758997378,nan,4.713593820808908,nan
548.13,228.30221557617188,-219.838623046875,-75.25064849853516,227.24560041584667,-219.68123727908542,-75.25010925201263,1.0682725156618942,0.30877038199165724,0.08055627071286274,3.732855122538636e-05,35.10317051416671,68.67353312348577,nan,nan,nan
548.14,228.31057739257812,-219.83026123046875,-75.25152587890625,227.25382293847673,-219.67269424070992,-75.25070695347377,1.0684371779209392,0.30881716526238007,0.08057815528409792,3.652381213570498e-05,34.97231112773527,68.4904249531644,nan,0.07008774475295651,nan
548.15,228.31893920898438,-219.8218994140625,-75.25238037109375,227.20409221912837,-219.6450299928759,-75.25152386207097,1.128790209272559,0.3087563901789695,0.08056707731462062,3.7224897252168907e-05,36.979793594181146,69.41158232800359,38.30397710658002,nan,nan
548.16,228.32730102539062,-219.81353759765625,-75.25321960449219,227.2122096135828,-219.6364713120391,-75.25183714698716,1.1290629908816447,0.30880298003288364,0.08058894931274588,3.642620875354324e-05,36.87335865895041,69.2734366599561,nan,0.2151948466973845,nan
548.17,228.33566284179688,-219.80517578125,-75.25404357910156,227.22032312146442,-219.62792648071118,-75.25270378907209,1.129336885667916,0.30884965440853046,0.08061088706692385,3.714827113710315e-05,36.730509851466145,69.09862694369932,nan,nan,nan
548.1800000000001,228.34402465820312,-219.79681396484375,-75.25485229492188,227.22843536758816,-219.6193863764026,-75.2537582033158,1.1296110886102728,0.3088964133061174,0.0806328890154811,3.635444076880842e-05,36.576923213012876,68.94091181127729,nan,0.02704003623236757,nan
548.19,228.35238647460938,-219.7884521484375,-75.25564575195312,227.23654924094674,-219.6108415278099,-75.25459584263147,1.129884669732792,0.3089432570144514,0.08065495693625051,3.707529198013658e-05,36.436028876510086,68.80068348120105,nan,nan,nan
548.2,228.36074829101562,-219.78009033203125,-75.25641632080078,227.25883778391898,-219.61681405515958,-75.2535271234292,1.113945355796467,0.30888242410516376,0.08064383283758446,3.626410018395989e-05,37.776760263267676,68.64223468576964,8.323206900773846,2.3397525393277356,nan
548.21,228.36911010742188,-219.77174377441406,-75.2571792602539,227.26696684768433,-219.60830882394944,-75.25431650623744,1.1141987898839387,0.30892907412561293,0.08066588744636681,3.698294465277854e-05,37.62908470942591,69.52648833193541,nan,nan,nan
548.22,228.37747192382812,-219.7633819580078,-75.25791931152344,227.27509216945313,-219.5998155602217,-75.25565430555751,1.114450635780974,0.3089758086095589,0.08068800657829653,3.619918354022563e-05,37.41323247623011,68.33412331280131,nan,0.20870463164135927,nan
548.23,228.38584899902344,-219.75502014160156,-75.25865173339844,227.28322155890444,-219.59131037502874,-75.25642098835912,1.1147166167228886,0.3090226278439503,0.08071019174181306,3.6917020596653126e-05,37.272261692103555,67.5746964661144,nan,nan,nan
548.24,228.3942108154297,-219.7466583251953,-75.25936889648438,227.2913579875966,-219.5827845067102,-75.2561618284446,1.114966041424467,0.3090695318311932,0.08073244177717233,3.613752043504024e-05,37.28706262515901,68.09632667041026,nan,0.6778040805103172,nan
548.25,228.40257263183594,-219.73829650878906,-75.26007080078125,227.30280739542664,-219.57533285354245,-75.25693833145577,1.1117780985924348,0.30900864072221546,0.08072126959443787,3.68317070243411e-05,37.086798588958544,67.96844046829895,0.2222631815094792,nan,nan
548.26,228.4109344482422,-219.7299346923828,-75.26075744628906,227.3109426657072,-219.5668286214381,-75.25770057828909,1.1120228668806749,0.30905535074825197,0.08074350569998189,3.605722073830177e-05,36.945395715517144,67.89971795547,nan,0.0013143172449507723,nan
548.27,228.41929626464844,-219.72157287597656,-75.26142883300781,227.31907834533666,-219.55832347622027,-75.25840601679228,1.1122674920689686,0.3091021454631571,0.08076580791053989,3.677241878059937e-05,36.801031691037636,67.83804887020011,nan,nan,nan
548.28,228.4276580810547,-219.71319580078125,-75.26219177246094,227.32720959426027,-219.5498305087392,-75.25981033953832,1.1125110165543872,0.30914902487220336,0.08078817529279972,3.6001825193628947e-05,36.57963873599498,66.45166914061936,nan,0.2895504468591165,nan
548.29,228.43601989746094,-219.704833984375,-75.26304626464844,227.33534522477296,-219.54132549388956,-75.26065369434066,1.112755806972168,0.3091959892585741,0.08081060901743667,3.671627689551491e-05,36.44552162755725,67.47694142009921,nan,nan,nan
548.3000000000001,228.4443817138672,-219.69647216796875,-75.26399230957031,227.3604197321051,-219.54547105112326,-75.26174795783076,1.0944313374117667,0.3091350392846566,0.08079938407457948,3.592774673497898e-05,36.97450191124857,66.92601429510374,4.885020767712041,0.011388760451000578,nan
548.3100000000001,228.45274353027344,-219.6881103515625,-75.26502227783203,227.36857847862404,-219.5369954946319,-75.26277337734949,1.0946481703070023,0.3091818094308869,0.08082180311908418,3.6640644214194395e-05,36.84093111659637,66.96595447101832,nan,nan,nan
548.32,228.4611053466797,-219.67974853515625,-75.2661361694336,227.37673611798033,-219.52852201895985,-75.26401453664839,1.0948655555257083,0.3092286642120106,0.08084428761670083,3.587822779338937e-05,36.6974175196835,66.95785733913169,nan,0.010890417088427091,nan
548.33,228.46946716308594,-219.67138671875,-75.26734161376953,227.38489450067974,-219.52004634335262,-75.26521670768186,1.0950827751773744,0.30927560390747655,0.08086683854953067,3.659053776377237e-05,36.56488716491364,66.66092234526218,nan,nan,nan
548.34,228.47784423828125,-219.66302490234375,-75.26863098144531,227.3930280684256,-219.5116293202143,-75.2701893147946,1.095330622721487,0.30932262852766224,0.08088945526594334,3.583149370071149e-05,36.38061475965729,66.09979955110943,nan,9.135164025873246,nan
548.35,228.4862060546875,-219.6546630859375,-75.27000427246094,227.3796130558981,-219.48640551797592,-75.27159016991924,1.119312820089554,0.30926161929345297,0.080878175012575,3.6520874139820433e-05,35.481153371748015,66.96935442974629,8.545950154505931,nan,nan
548.36,228.49456787109375,-219.64630126953125,-75.2714614868164,227.38774116029867,-219.47789189687853,-75.27320335279825,1.1195669335166287,0.3093084493933105,0.08090077637848721,3.576594798776236e-05,35.36814244810572,66.83205219307884,nan,0.00960771412999152,nan
548.37,228.5029296875,-219.637939453125,-75.27299499511719,227.3958700630857,-219.46937645117046,-75.27478141846532,1.119820382447388,0.30935536434337463,0.08092344428244533,3.647640452916962e-05,35.242280710802994,66.9087373826752,nan,nan,nan
548.38,228.51129150390625,-219.62957763671875,-75.27461242675781,227.40399563678992,-219.4608679704473,-75.27694016790572,1.1200770094976453,0.3094023641584751,0.08094617822845115,3.572453314527491e-05,35.17839590808508,66.77634868317742,nan,0.16832004309547727,nan
548.39,228.5196533203125,-219.6212158203125,-75.27631378173828,227.41212435300648,-219.45235223382292,-75.27868678780406,1.120330734837646,0.309449449111824,0.08096897896619405,3.643460195900342e-05,35.05371101899588,66.51715743354622,nan,nan,nan
548.4,228.52801513671875,-219.61285400390625,-75.27808380126953,227.41874460145115,-219.44543847244503,-75.28288578071641,1.1218431885044866,0.30938837994687896,0.08095763917799131,3.566422641515347e-05,35.882442110545384,67.21637832388522,1.111550799385738,4.222735861091418,nan
548.41,228.536376953125,-219.6044921875,-75.27993774414062,227.42686831067786,-219.43693055589665,-75.28481428702214,1.1221007569380501,0.3094352700935468,0.08098042379927951,3.637308726090599e-05,35.76339362171716,66.8481447063944,nan,nan,nan
548.42,228.54473876953125,-219.59613037109375,-75.28186798095703,227.43499247785235,-219.4284217596417,-75.28674556130616,1.1223576974567022,0.309482245044923,0.08100327470626714,3.5627762783407296e-05,35.65153756022203,66.76835414400725,nan,0.003889002722594474,nan
548.4300000000001,228.5531005859375,-219.5877685546875,-75.28388214111328,227.44311603032543,-219.41991396016547,-75.28882924935445,1.122615407198491,0.30952930506918414,0.08102619252181219,3.633635718382451e-05,35.53199423392169,66.36980528233943,nan,nan,nan
548.44,228.56146240234375,-219.57940673828125,-75.28593444824219,227.4512368658163,-219.41141087099854,-75.29136314967619,1.1228770298572315,0.3095764501883077,0.08104917693962797,3.559364007245554e-05,35.561539878395,66.64639181328354,nan,0.10294725753748885,nan
548.45,228.56982421875,-219.571044921875,-75.2879867553711,227.47062048961843,-219.4220183441894,-75.29348715960258,1.1092736422723417,0.3095153206739308,0.08103777465522782,3.6279821330777976e-05,37.64774654388926,66.22533289046521,18.21599134679145,nan,nan
548.46,228.57818603515625,-219.56268310546875,-75.29002380371094,227.47875504850916,-219.41355631750918,-75.29453994570969,1.1095078588389957,0.30956227069947845,0.08106074223943352,3.554045756839224e-05,37.26432838934083,65.68077676410707,nan,0.8466388289790197,nan
548.47,228.58656311035156,-219.5543212890625,-75.29203033447266,227.48688253348124,-219.40510686164603,-75.29667056177496,1.1097674748362811,0.30960930573151063,0.0810837768557299,3.624779376024005e-05,37.16283409799844,65.17383294184499,nan,nan,nan
548.48,228.5949249267578,-219.54595947265625,-75.29399871826172,227.49501864516253,-219.39664313968973,-75.29740838568337,1.110000370006809,0.30965642579748376,0.08110687829985269,3.5510767375546953e-05,36.773630207197506,65.32247845163864,nan,1.271108182409151,nan
548.49,228.60328674316406,-219.53759765625,-75.29592895507812,227.50314611984342,-219.3881939454311,-75.29945978650427,1.1102447147621746,0.30970363115770855,0.08113004704211667,3.621798599852399e-05,36.668270777487955,65.26194857455398,nan,nan,nan
548.5,228.6116485595703,-219.52923583984375,-75.2978286743164,227.49427586334156,-219.3783784584434,-75.30063880436326,1.127513897311857,0.30964244062384755,0.08111857834185039,3.546191822257445e-05,37.79636451841034,65.18595075463173,6.570295831072109,0.5948259181530999,nan
548.51,228.62001037597656,-219.5208740234375,-75.29969024658203,227.50236802501968,-219.3699410526865,-75.30261051859657,1.1277915207611706,0.3096894505971623,0.08114172946577285,3.616818732342581e-05,37.68879818789228,65.11969767204633,nan,nan,nan
548.52,228.6283721923828,-219.51251220703125,-75.301513671875,227.51046506732277,-219.3614963656549,-75.30375091900731,1.1280634423122455,0.3097365455427563,0.08116494763121779,3.543632215522661e-05,37.47398781817253,64.94372634529093,nan,0.435469766330625,nan
548.53,228.63673400878906,-219.504150390625,-75.30329895019531,227.51855728441953,-219.3530590598235,-75.30564332518293,1.1283409383954977,0.30978372571513746,0.08118823322793224,3.614256406190966e-05,37.3649064748813,64.91674191434605,nan,nan,nan
548.54,228.6450958251953,-219.49578857421875,-75.3050537109375,227.52663999728253,-219.34463530180474,-75.30909385857188,1.1286306187351285,0.30983099115014734,0.08121158617235878,3.541265702450196e-05,37.55424832691821,64.9485586473324,nan,1.7493519110132902,nan
548.5500000000001,228.65345764160156,-219.4874267578125,-75.30677032470703,227.52999234510796,-219.33082755774444,-75.31089477271269,1.1343344273003324,0.30976973915429906,0.08120004782548315,3.609684275432661e-05,37.07415192624207,65.05818996667718,1.1136777262140332,nan,nan
548.5600000000001,228.6618194580078,-219.4790802001953,-75.3084487915039,227.538086200747,-219.32236745755324,-75.3116885616337,1.1346126269749137,0.30981680890897795,0.0812233823925319,3.536964566110919e-05,36.7783912772702,66.07085014512496,nan,0.7065518195445502,nan
548.57,228.67018127441406,-219.47071838378906,-75.31010437011719,227.54617401539505,-219.31391518933154,-75.31345056065689,1.1348968046085244,0.3098639638220461,0.08124678452804199,3.6075068139755546e-05,36.67360169351041,64.44200773479349,nan,nan,nan
548.58,228.6785430908203,-219.4623565673828,-75.31172180175781,227.5542637584225,-219.3054603436496,-75.3148457528141,1.1351784887623613,0.30991120393535077,0.081270254210796,3.534960325211957e-05,36.52124898779858,64.47161437145223,nan,0.07742903446610318,nan
548.59,228.6868896484375,-219.45399475097656,-75.31330108642578,227.56235157401068,-219.2970076666008,-75.31654046645826,1.1354476293864846,0.30995852949466257,0.08129379173719813,3.605510583191674e-05,36.417188454938675,65.02244029150911,nan,nan,nan
548.6,228.69525146484375,-219.4456329345703,-75.31485748291016,227.58114859315737,-219.2846773882607,-75.31630702068597,1.1256704658768661,0.30989721537136533,0.08128218002007606,3.5310108108389176e-05,34.62768928545758,63.76365266844688,7.186108390587863,2.437131121020604,nan
548.61,228.70361328125,-219.43727111816406,-75.31637573242188,227.58926322999665,-219.27620023807472,-75.31792176442019,1.1259317276620489,0.30994434495045675,0.08130569836331418,3.601484822741774e-05,34.51702480623749,63.911196589502154,nan,nan,nan
548.62,228.71197509765625,-219.4289093017578,-75.31787109375,227.59736083661159,-219.26774081814972,-75.32246698625212,1.1262155003641918,0.30999155966657327,0.08132928444385464,3.529338418278985e-05,34.932014372672924,64.08735696248273,nan,6.082345578101363,nan
548.63,228.7203369140625,-219.42054748535156,-75.31932830810547,227.60547542316192,-219.25926332779036,-75.32405250874923,1.1264772707183275,0.3100388597593766,0.08135293851129238,3.599826979152909e-05,34.83688978316362,64.28851713605823,nan,nan,nan
548.64,228.72869873046875,-219.4121856689453,-75.32076263427734,227.6135881997949,-219.25078759889323,-75.32594689163643,1.1267420774785333,0.31008624527963596,0.08137666061468536,3.527822141996393e-05,34.862539530830254,64.08450682264126,nan,0.0790228664342332,nan
548.65,228.737060546875,-219.40382385253906,-75.3221664428711,227.59994017585407,-219.22299521794332,-75.32758302893703,1.1514213271800817,0.3100248685633095,0.08136497213391805,3.5961285892478714e-05,33.745834152769305,64.74551282130572,11.69234802456373,nan,nan
548.66,228.74542236328125,-219.3954620361328,-75.32353973388672,227.60803751334123,-219.21446144679152,-75.32730835073446,1.1517029620036245,0.3100720578036086,0.08138867425742927,3.524341432868128e-05,33.217639793699306,64.27855541640015,nan,2.211528771105834,nan
548.67,228.7537841796875,-219.38710021972656,-75.32489013671875,227.6161248522566,-219.2059363245412,-75.32877155590498,1.1520000727535356,0.31011933235042777,0.08141244451303302,3.594779300911229e-05,33.11881477777775,64.00863165712204,nan,nan,nan
548.6800000000001,228.76214599609375,-219.3787384033203,-75.32621002197266,227.6188195491982,-219.1975026958598,-75.33069698968045,1.157610417501806,0.30468602892059277,0.08143478119828362,3.522975326257635e-05,47.29560326987685,78.25554265837381,nan,0.16814507099684203,0.005300789638450685
548.69,228.7705078125,-219.37037658691406,-75.32750701904297,227.62690455006506,-219.18898196710626,-75.33211291567413,1.1579091692489638,0.3047284893838488,0.08145854761105897,3.593431891545271e-05,47.149111072848555,78.02172302521961,nan,nan,nan
548.7,228.77886962890625,-219.36203002929688,-75.32878112792969,227.62868959803612,-219.1763410132135,-75.33320783423397,1.165081160192344,0.30466676268904236,0.08144681300979636,3.519778818754529e-05,46.87678397162575,79.21218476737296,0.7275178003912053,0.09615172050558358,nan
548.71,228.7872314453125,-219.35366821289062,-75.33002471923828,227.63676626749051,-219.16781137495778,-75.33457177975839,1.1653898769711113,0.3047090511126227,0.08147055457782353,3.590172321262381e-05,46.73151418554575,78.03969120333286,nan,nan,nan
548.72,228.79559326171875,-219.34530639648438,-75.33123779296875,227.64478379678545,-219.1592851095483,-75.33663790593685,1.165759625734866,0.30475141315084003,0.0814943582991029,3.5188203751988937e-05,46.82032424430654,78.37533146567836,nan,0.3682916849759678,nan
548.73,228.803955078125,-219.33694458007812,-75.33243560791016,227.65286048062572,-219.1507553271503,-75.33796150854486,1.1660684996498598,0.30479386790361973,0.08151822438114527,3.589240546380029e-05,46.67892577576549,77.94997031556404,nan,nan,nan
548.74,228.81231689453125,-219.32858276367188,-75.33361053466797,227.6609362397825,-219.14222556647738,-75.33927384531434,1.1663783649242314,0.30483639687715774,0.08154215291078333,3.517985396207583e-05,46.57692577202593,77.8398198679647,nan,9.565409605072316e-05,nan
548.75,228.8206787109375,-219.32022094726562,-75.33475494384766,227.6787807585047,-219.140978005928,-75.34063298199713,1.1558951151043388,0.30477471195366945,0.08153034310877061,3.5862380622278104e-05,46.962279704187765,77.79695811046817,1.8593306914955927,nan,nan
548.76,228.82904052734375,-219.31185913085938,-75.33588409423828,227.68690414888292,-219.13246312895737,-75.34143856129135,1.1561527946626673,0.30481706903447403,0.08155424625105329,3.5151569447268313e-05,46.7150607456047,77.32587858310917,nan,0.14327539973071415,nan
548.77,228.83740234375,-219.30349731445312,-75.33698272705078,227.69499197116872,-219.12394997726898,-75.34267040962185,1.1564476016682506,0.3048595181427628,0.08157821196219073,3.5855479989201923e-05,46.57853139467701,77.47077920174897,nan,nan,nan
548.78,228.84576416015625,-219.29513549804688,-75.33806610107422,227.70301875352118,-219.11543951615616,-75.34467095664851,1.1568065241907923,0.3049020420627303,0.0816022403492175,3.514548704215904e-05,46.75702101345905,77.45566533542794,nan,0.43705313103477983,nan
548.79,228.8541259765625,-219.28677368164062,-75.33912658691406,227.71110668810326,-219.10692619763554,-75.34586845175488,1.1571014061154552,0.3049446579903267,0.08162633159010407,3.584971202989652e-05,46.623580928132206,77.40105755181855,nan,nan,nan
548.8000000000001,228.86248779296875,-219.27841186523438,-75.34016418457031,227.70584898591844,-219.08995379669693,-75.34702841126862,1.1719116396639306,0.30488299594029905,0.08161444377041978,3.511937189018628e-05,46.364110327692075,77.76970137288924,2.121113771372232,0.0033982923989070834,nan
548.8100000000001,228.870849609375,-219.27005004882812,-75.34117889404297,227.7139188267164,-219.0814232803433,-75.34818583144333,1.1722277896483317,0.30492543946256284,0.0816385090532745,3.582305176984031e-05,46.233891562867214,77.74000000665961,nan,nan,nan
548.82,228.87921142578125,-219.26168823242188,-75.34217834472656,227.722034742219,-219.07289096658553,-75.34870583594883,1.1724951567955733,0.3049679583674803,0.08166263723435735,3.511532650255254e-05,45.91809752144702,77.28308495013361,nan,0.26774482807511446,nan
548.83,228.8875732421875,-219.25332641601562,-75.34315490722656,227.73010480457307,-219.0643601857972,-75.34981849145876,1.1728110775360898,0.30501056861883763,0.08168682847768449,3.581935107613112e-05,45.78616378768502,77.2739623129116,nan,nan,nan
548.84,228.89593505859375,-219.24496459960938,-75.34410858154297,227.73806780842435,-219.05583275430476,-75.35237835372038,1.1732415834153893,0.3050532548369947,0.08171108291074304,3.511223485365373e-05,46.33649514471022,77.96875080500712,nan,1.5070292811952846,nan
548.85,228.904296875,-219.23660278320312,-75.34504699707031,227.7160646650702,-219.03192081444465,-75.3534634271898,1.2057617216288814,0.30499163117756606,0.08169911431333766,3.5794662126133554e-05,46.48198240691193,78.63761539024523,8.679896330498702,nan,nan
548.86,228.91265869140625,-219.22824096679688,-75.3459701538086,227.72415798059225,-219.02336252134182,-75.35351952605801,1.206053941595821,0.3050341450962409,0.08172334220854933,3.508893942364317e-05,45.97118912828141,78.01575776767035,nan,0.7255807164327334,nan
548.87,228.9210205078125,-219.21987915039062,-75.34687042236328,227.7321785539493,-219.01480606299478,-75.35456428892708,1.2064242031814703,0.3050767497204403,0.08174763337305406,3.579280807339029e-05,45.84511907733305,78.06126080773203,nan,nan,nan
548.88,228.92938232421875,-219.21151733398438,-75.3477554321289,227.74020436454637,-219.00624944029178,-75.35551693608815,1.2067888667431692,0.30511943084931786,0.08177198794316896,3.508757642223429e-05,45.75299630306911,77.88376096186974,nan,0.003951587892488063,nan
548.89,228.937744140625,-219.20315551757812,-75.34862518310547,227.74822497110102,-218.9976928377657,-75.35652691237622,1.2071591464202978,0.30516220268873934,0.08179640606998832,3.579181768250886e-05,45.62592183589991,77.71248788893077,nan,nan,nan
548.9,228.94610595703125,-219.19479370117188,-75.34947204589844,227.71959960417144,-218.96957206073145,-75.3588741924363,1.2470489249775565,0.30510060150957125,0.08178435387565726,3.506592294137518e-05,46.39762803064403,79.80742101841534,13.148855335814659,1.459920880024637,nan
548.91,228.9544677734375,-219.18643188476562,-75.35030364990234,227.72756206654446,-218.96098100031156,-75.35986407724917,1.2474843152035504,0.3051432005483629,0.08180874486337533,3.576967101690635e-05,46.27874815181862,79.65008687538926,nan,nan,nan
548.92,228.96282958984375,-219.17807006835938,-75.35111999511719,227.73556303206377,-218.95238926809685,-75.36026863903358,1.2478776883724516,0.30518587660475865,0.08183319946746363,3.5066094826463826e-05,45.957589053663575,79.30366991874158,nan,0.22812171760534392,nan
548.9300000000001,228.97119140625,-219.16970825195312,-75.35192108154297,227.74352568113687,-218.94379797971652,-75.3612215327643,1.2483128943147532,0.3052286427646302,0.08185771783437723,3.5770234342279466e-05,45.83665664765802,79.1438875561921,nan,nan,nan
548.94,228.97955322265625,-219.16134643554688,-75.35269927978516,227.75150478363912,-218.93520656453282,-75.36191233011891,1.2487301910865751,0.30527148649779146,0.08188230010726343,3.50669841613288e-05,45.68719978034807,79.22441738389628,nan,0.04291675182564974,nan
548.95,228.98793029785156,-219.15298461914062,-75.35346984863281,227.76689635675726,-218.9376002563533,-75.36284064558257,1.2399202074621831,0.30520992031357685,0.08187016149902297,3.574955839728656e-05,47.011906614130766,78.32979934359162,6.598423775811058,nan,nan
548.96,228.9962615966797,-219.14462280273438,-75.35421752929688,227.77485153330852,-218.92904048813696,-75.36363817602454,1.2403253709637252,0.3052525913057173,0.08189471601783534,3.5047430691614864e-05,46.93611072613618,78.95586382335905,nan,0.008327939669134973,nan
548.97,229.00450134277344,-219.13626098632812,-75.3549575805664,227.7827404443268,-218.92048064040384,-75.36452920933155,1.240706438581482,0.30529535181860634,0.08191933450353277,3.575149205290304e-05,46.811774413867994,78.57053905239485,nan,nan,nan
548.98,229.0126190185547,-219.12789916992188,-75.35568237304688,227.79054663770455,-218.91192058451645,-75.36495633906732,1.2410453899177887,0.3053381903787893,0.08194401710057046,3.5049599761500774e-05,46.54765663844494,78.20892644781034,nan,0.1425763661012587,nan
548.99,229.02059936523438,-219.11953735351562,-75.35639190673828,227.79818858430346,-218.90336019495567,-75.36581542113287,1.2414143078935134,0.3053811184949205,0.081968763953474,3.57540658723914e-05,46.4224107225746,77.99692885993855,nan,nan,nan
549.0,229.02841186523438,-219.11117553710938,-75.35708618164062,227.7858874222065,-218.88488158261845,-75.36463651500891,1.2629857294897715,0.3053195741146539,0.08195653609336678,3.50312528208167e-05,45.67931741869993,78.22818912092109,3.8242787982400137,2.865666153523561,nan
549.01,229.0360870361328,-219.10281372070312,-75.3577651977539,227.79319908587738,-218.87630436997918,-75.3654489613934,1.2633827539899423,0.30536232900599763,0.08198125456035653,3.573525306275965e-05,45.54940184792514,77.8892091290396,nan,nan,nan
549.02,229.04360961914062,-219.09445190429688,-75.35842895507812,227.80051013358266,-218.86772819452585,-75.3637667012906,1.263617213835517,0.30540516239094584,0.08200603733957831,3.503454237610349e-05,44.55593474018847,77.05392377232971,nan,4.34098883899091,nan
549.03,229.0509796142578,-219.08607482910156,-75.35908508300781,227.80752179843847,-218.85914946443796,-75.36452921150389,1.2640063684115654,0.3054480847874802,0.0820308845768726,3.573895796665796e-05,44.42033826802737,75.68537033109402,nan,nan,nan
549.04,229.05821228027344,-219.0777130126953,-75.35972595214844,227.8144243523368,-218.8505703715721,-75.36463170207043,1.2643679272583739,0.30549108620118154,0.08205579641481431,3.5038355401524134e-05,44.12466091326419,76.59881887375985,nan,0.29564363184203796,nan
549.0500000000001,229.06544494628906,-219.06935119628906,-75.36045837402344,227.83805940303105,-218.8627158540816,-75.36543481703649,1.244667908091556,0.3054295734440988,0.08204347645431406,3.5721207720660875e-05,46.30481369954222,76.4070432320984,18.71974471881443,nan,nan
549.0600000000001,229.0727081298828,-219.06097412109375,-75.36127471923828,227.84487162165664,-218.85419039907623,-75.36638362960625,1.245137783375645,0.30547240164399503,0.08206835925804455,3.502152097729845e-05,46.2176819487943,75.10866169837595,nan,0.00372784837764369,nan
549.07,229.07997131347656,-219.0526123046875,-75.36219024658203,227.8517020541166,-218.84566401646202,-75.36735122759794,1.2455920693442017,0.30551531833740414,0.0820933067194507,3.5725894808430356e-05,46.07458183364652,76.26455562842357,nan,nan,nan
549.08,229.08726501464844,-219.0442352294922,-75.36318969726562,227.85851573188822,-218.83713596247293,-75.3689523713674,1.246093140457996,0.3055583144526716,0.08211831897781494,3.502624874874961e-05,46.13869742348904,75.02730424586379,nan,0.20837328500228247,nan
549.09,229.0945587158203,-219.03587341308594,-75.3642807006836,227.8653739023166,-218.82860785345656,-75.37010422130875,1.2465505330106332,0.3056013991294913,0.08214339618377398,3.573104093040233e-05,45.99712399773024,76.3460575820647,nan,nan,nan
549.1,229.10186767578125,-219.02749633789062,-75.36544799804688,227.89424486954854,-218.83277091279717,-75.37094206910321,1.223233836242259,0.3055399072117652,0.0821309812579491,3.501027012968996e-05,45.9932649811432,74.52329512383183,5.518882724663634,0.052481656806077026,nan
549.11,229.10919189453125,-219.0191192626953,-75.36670684814453,227.90116354354205,-218.82426491987007,-75.37226316293936,1.2236550103463106,0.30558281821160194,0.08215602876754081,3.571460649546005e-05,45.85674919554016,74.240971987356,nan,nan,nan
549.12,229.1165313720703,-219.01075744628906,-75.36804962158203,227.90812187902145,-218.81575919243312,-75.37317487009177,1.2240523232565512,0.3056258090094474,0.08218114126641116,3.5015784883478045e-05,45.601246674068356,75.21303860922444,nan,0.17286932527798157,nan
549.13,229.12387084960938,-219.00238037109375,-75.36947631835938,227.91506650328571,-218.8072517861533,-75.3746613162275,1.2244631462623634,0.3056688878907591,0.08220631890994165,3.572054454940872e-05,45.464275864369604,74.2380020491585,nan,nan,nan
549.14,229.13124084472656,-218.99400329589844,-75.37098693847656,227.92198275832692,-218.79874207161663,-75.37701658995682,1.2249360889156342,0.3057120470602264,0.08223156183051072,3.502166790895282e-05,45.612500406976245,74.02372072565826,nan,0.43472756836497234,nan
549.15,229.13861083984375,-218.98562622070312,-75.3725814819336,227.94424271442975,-218.7934294811588,-75.3786413269374,1.2097485389195133,0.30565058344284995,0.08221904907737376,3.570484824552726e-05,44.571728661886205,73.57281488076443,4.636551894678714,nan,nan
549.16,229.14599609375,-218.9772491455078,-75.3742446899414,227.95125403292428,-218.7849176298267,-75.38048487203822,1.210140051276246,0.30569356889758476,0.08224426162160946,3.500673433817196e-05,44.51717005477805,73.85909695033271,nan,0.007332023924808772,nan
549.17,229.1533966064453,-218.9688720703125,-75.3759994506836,227.95828272178292,-218.77640541312314,-75.38230837156634,1.2105289810348119,0.3057366419842052,0.08226953950457405,3.5711460285575006e-05,44.381616794838116,73.3732524740379,nan,nan,nan
549.1800000000001,229.1608123779297,-218.9604949951172,-75.37782287597656,227.96534579347951,-218.76789379070703,-75.38376187227821,1.2108967132477797,0.30577979569335895,0.08229488285291982,3.501324304451777e-05,44.137254901260576,73.38930255612739,nan,0.1427425901318583,nan
549.19,229.16822814941406,-218.95211791992188,-75.37973022460938,227.97239881761357,-218.75938055033774,-75.38573954518188,1.211276845466129,0.3058230371357639,0.08232029183038778,3.5718388424444666e-05,44.00279440875513,73.41991225405428,nan,nan,nan
549.2,229.17567443847656,-218.94374084472656,-75.3817138671875,227.97197799062542,-218.74861906921524,-75.387921105664,1.219424526429437,0.3057615931109537,0.08230767835596041,3.499889020267746e-05,44.3872442822873,73.26915941539845,1.9555706245053313,0.058627797387240464,nan
549.21,229.18312072753906,-218.93536376953125,-75.38374328613281,227.97903954702835,-218.74010385791001,-75.3900391823149,1.2198268568346655,0.3058046603970005,0.08233305626511965,3.5703578399728036e-05,44.26015809170015,73.48484604775483,nan,nan,nan
549.22,229.19058227539062,-218.92698669433594,-75.38577270507812,227.98609467373626,-218.73158698353603,-75.39256688177949,1.2202530845512407,0.30584780861206184,0.0823584998243709,3.5005924682974885e-05,44.33277846975709,73.62851534542558,nan,0.10388226346610493,nan
549.23,229.1980438232422,-218.91859436035156,-75.38778686523438,227.99317917303273,-218.7230705991142,-75.39470802879858,1.2206458409538143,0.3058910441481046,0.08238400920378618,3.571103364405846e-05,44.221633619267465,72.56056753056168,nan,nan,nan
549.24,229.2055206298828,-218.91021728515625,-75.3897705078125,228.00035408932004,-218.7145590610898,-75.39509178442651,1.2209573486087375,0.30593436107047683,0.08240958452078222,3.501320668381621e-05,43.55293358752073,73.07249456034917,nan,2.122743964074832,nan
549.25,229.2130126953125,-218.90184020996094,-75.3917236328125,228.00834145381194,-218.70464995344201,-75.3972658918065,1.2207159841663673,0.3058729420857418,0.08239686746222585,3.5696710963141995e-05,43.21233368879581,72.83410703485589,0.8312920263385819,nan,nan
549.26,229.22052001953125,-218.89346313476562,-75.39363098144531,228.01543111254534,-218.69612405910405,-75.40004857318443,1.2211564887462958,0.30591608476693727,0.08242241100079216,3.499953717864558e-05,43.393852360402626,73.24535052873318,nan,0.39110936255631723,nan
549.27,229.22802734375,-218.88507080078125,-75.3955078125,228.02256462698486,-218.68760027078147,-75.40205917591264,1.221547335182616,0.30595931438223856,0.08244802054729591,3.570460233801998e-05,43.286573716969365,72.04911963649893,nan,nan,nan
549.28,229.23556518554688,-218.87669372558594,-75.39735412597656,228.02975618802859,-218.67907991264877,-75.40293426766206,1.2219074005590018,0.306002625650365,0.0824736962125486,3.5007222427963227e-05,42.840879922615976,72.21465710813844,nan,0.8539906408054416,nan
549.29,229.2430877685547,-218.86831665039062,-75.39915466308594,228.03691092640784,-218.67055512151398,-75.40486290372667,1.2222948829338096,0.30604602398609915,0.08249943817627621,3.5712700279651405e-05,42.72840960367165,73.0200571930328,nan,nan,nan
549.3000000000001,229.25064086914062,-218.85992431640625,-75.40092468261719,228.0573582710442,-218.67254622190248,-75.40694478752432,1.2079197617734074,0.30598462307973756,0.08248661461293624,3.4993924198761556e-05,43.39347178229595,70.96025463224949,3.7730823963689133,0.0017428105339502274,nan
549.3100000000001,229.25819396972656,-218.85154724121094,-75.40265655517578,228.06454876341508,-218.66404419549164,-75.40880709714824,1.208298017821332,0.3060278467534457,0.08251232407712254,3.569893658702e-05,43.284085544580925,72.37217380253918,nan,nan,nan
549.32,229.26576232910156,-218.84317016601562,-75.40435791015625,228.07178223207853,-218.65554480105263,-75.4098280814604,1.2086445600087388,0.3060711523203157,0.08253809983785045,3.500193671815552e-05,42.94674462322915,71.84663906725527,nan,0.4601546827014844,nan
549.33,229.27333068847656,-218.83477783203125,-75.40602111816406,228.07899296303322,-218.6470417753611,-75.4116150781,1.2090156003042372,0.3061145446048502,0.08256394208146846,3.570736105824438e-05,42.83767879509219,70.97051261327815,nan,nan,nan
549.34,229.28091430664062,-218.82640075683594,-75.40765380859375,228.0861950782564,-218.63853637503172,-75.41383932413258,1.2094152807138545,0.3061580192089995,0.08258985090911157,3.501010570068529e-05,42.92173595200069,72.07150668310004,nan,0.1557297188308182,nan
549.35,229.28851318359375,-218.81800842285156,-75.40924835205078,228.06442361220527,-218.61387256982698,-75.41567513591067,1.241010889888915,0.30609664014965016,0.08257691798592368,3.569389687335136e-05,42.901847414770906,71.86268482747427,8.678411373387684,nan,nan
549.36,229.29611206054688,-218.80963134765625,-75.41082000732422,228.07164685957454,-218.60534246459173,-75.4166338961145,1.2414035514041475,0.3061399399628184,0.08260279357514912,3.499721961907821e-05,42.57877609681005,72.73256511996122,nan,0.38600014889571255,nan
549.37,229.30372619628906,-218.80123901367188,-75.412353515625,228.07885160734938,-218.59680895269173,-75.41829393494508,1.2418311870154513,0.3061833261670513,0.08262873582823718,3.570257972570974e-05,42.47316075377015,71.51630434487073,nan,nan,nan
549.38,229.3113555908203,-218.7928466796875,-75.41385650634766,228.08613133765928,-218.58828266093636,-75.41815685755064,1.2421913706519185,0.30622679489440136,0.08265474483990186,3.5005626202832244e-05,41.885753950311724,70.8316587091301,nan,2.2045190563786736,nan
549.39,229.31898498535156,-218.7844696044922,-75.41533660888672,228.09335495985448,-218.57974836748633,-75.41974001096969,1.2426178552680993,0.30627035017606663,0.08268082080588793,3.5711387979000866e-05,41.769817473767695,71.97216601164858,nan,nan,nan
549.4,229.32662963867188,-218.7760772705078,-75.41677856445312,228.08836171049632,-218.56697574577527,-75.42073172577895,1.255805134994334,0.30620898743454034,0.08266777558095685,3.4992957260438593e-05,42.07341908083491,71.19913206599979,1.8993106732022247,0.2614564179345578,nan
549.41,229.3342742919922,-218.7677001953125,-75.41819763183594,228.0955799498675,-218.55843698379923,-75.42225267473471,1.2562528440873177,0.3062523675231286,0.08269381755911036,3.5698241730554555e-05,41.95767122672327,72.34573743286848,nan,nan,nan
549.42,229.34193420410156,-218.75930786132812,-75.41958618164062,228.1027998840772,-218.5498970113725,-75.42395477123021,1.2567123185981648,0.30629583031464136,0.08271992646719219,3.5001545430329746e-05,41.916154567503305,71.05676646041849,nan,0.030696383940684697,nan
549.4300000000001,229.349609375,-218.75091552734375,-75.42094421386719,228.1100357255932,-218.5413578325955,-75.42542356889788,1.2571703640928558,0.30633937936727607,0.0827461025070038,3.57072298885274e-05,41.80768461543357,70.90939916658574,nan,nan,nan
549.44,229.35728454589844,-218.74253845214844,-75.42227935791016,228.11724495064894,-218.53281363356078,-75.42791579924727,1.2576623023646352,0.30638301152132696,0.08277234576439456,3.501022385983466e-05,42.02494099369396,72.41980403335182,nan,0.7775490804299662,nan
549.45,229.36497497558594,-218.73414611816406,-75.42359161376953,228.1389767648446,-218.54010039727936,-75.42935516659645,1.2412729647727687,0.30632166749905265,0.08275918539626131,3.569424760442281e-05,43.38848586516913,70.61386448254733,8.021323989074812,nan,nan
549.46,229.37266540527344,-218.7257537841797,-75.42487335205078,228.14620983439218,-218.53159486538652,-75.43192513101913,1.2417490409415335,0.3063651242906855,0.08278539389949754,3.499777115845206e-05,43.754411445994926,71.307699791219,nan,0.9628726225278037,nan
549.47,229.38037109375,-218.7173614501953,-75.4261245727539,228.15348927431518,-218.5230945119123,-75.43331443042814,1.242187721812986,0.3064086670709486,0.08281166970833204,3.570336628181046e-05,43.65810361954361,71.25090266576868,nan,nan,nan
549.48,229.38807678222656,-218.708984375,-75.42736053466797,228.16079984468695,-218.5145973347451,-75.43396116518275,1.2425934858829994,0.30645229309960026,0.08283801290305318,3.500656854095197e-05,43.328328258639864,72.0096991040521,nan,0.36412097694121903,nan
549.49,229.3957977294922,-218.70059204101562,-75.4285659790039,228.16809620111638,-218.5060963371434,-75.43529506983407,1.2430305315093593,0.30649600530672955,0.08286442369361366,3.571255258612214e-05,43.228813660744414,70.79318721319169,nan,nan,nan
549.5,229.40353393554688,-218.69219970703125,-75.42974853515625,228.20650016354767,-218.50978800354494,-75.43632448475827,1.2108703993361891,0.3064346756204081,0.08285114522654434,3.499422413827143e-05,42.31494241425528,69.37916812753397,11.383178793067884,0.011865886455363395,nan
549.51,229.41127014160156,-218.68380737304688,-75.430908203125,228.2138703366619,-218.50130059859075,-75.43760798219763,1.2112472508251766,0.3064782120789527,0.08287752048618367,3.569971785538127e-05,42.213523481092544,69.47432311622158,nan,nan,nan
549.52,229.41900634765625,-218.6754150390625,-75.43203735351562,228.22126346271614,-218.4928156571542,-75.43836381542009,1.2115983562295638,0.30652183191203475,0.08290396329693112,3.5003100627351744e-05,41.976143430983484,69.61675603748387,nan,0.18015655143671702,nan
549.53,229.4267578125,-218.6670379638672,-75.43315124511719,228.22864981847584,-218.48432803071276,-75.4395977122981,1.2119765847395718,0.30656553768032063,0.08293047387371418,3.5708981430567726e-05,41.87141771762894,70.33238350757733,nan,nan,nan
549.54,229.4345245361328,-218.6586456298828,-75.43424224853516,228.23606901059807,-218.47584444094718,-75.43991926952792,1.2123300499156084,0.3066093271971105,0.08295705228952359,3.5012021365700804e-05,41.506712874833504,68.68906184325532,nan,0.5601332637929204,nan
549.5500000000001,229.44229125976562,-218.65025329589844,-75.43531036376953,228.24374419493932,-218.4702378748993,-75.4409357299835,1.2120034088839329,0.3065480131613183,0.08294365289963777,3.569621730338124e-05,41.907802805350734,68.8128088155949,1.8628146821963956,nan,nan
549.5600000000001,229.45005798339844,-218.64186096191406,-75.43636322021484,228.2511023116041,-218.46174916306637,-75.44384045102507,1.2124318009655575,0.30659162672397733,0.08297019499199906,3.499975808845509e-05,42.49675185177039,69.47498980672648,nan,2.1518926268403895,nan
549.57,229.4578399658203,-218.6334686279297,-75.43738555908203,228.2585153117228,-218.45326912498024,-75.44499677897979,1.2128105447503765,0.30663532599633114,0.08299680501701442,3.5705523728738245e-05,42.40093616817673,69.4507382877164,nan,nan,nan
549.58,229.46563720703125,-218.6250762939453,-75.43839263916016,228.2659571423288,-218.4447931752908,-75.44531627363503,1.2131703084194756,0.3066791091149158,0.08302348304335097,3.5008716883027944e-05,42.02796223652226,68.77781820861762,nan,0.4713141154906138,nan
549.59,229.4734344482422,-218.61668395996094,-75.43937683105469,228.27338498156726,-218.43631291544,-75.44642551459994,1.2135493892331166,0.3067229781560906,0.08305022929229024,3.5714858722592604e-05,41.92965362160987,68.91544768120474,nan,nan,nan
549.6,229.48123168945312,-218.60829162597656,-75.44034576416016,228.27019497952017,-218.4282797424619,-75.44731740456848,1.2243621991803373,0.3066616762801558,0.0830367060185237,3.4996489054045465e-05,42.967730452681955,69.35029631035587,3.817391105053383,0.020786377675816422,nan
549.61,229.489013671875,-218.5998992919922,-75.44129180908203,228.27759156860827,-218.4198088750242,-75.44838695397935,1.2247556538542712,0.3067053689937204,0.08306341514093922,3.57021279596768e-05,42.86915714869188,69.06602526474268,nan,nan,nan
549.62,229.49668884277344,-218.5915069580078,-75.44222259521484,228.2848836412721,-218.41132796189612,-75.4512539697371,1.225160349811921,0.3067491456334381,0.08309019242395213,3.500545875190902e-05,43.66540397781075,70.12871819877485,nan,2.3267881173405724,nan
549.63,229.50425720214844,-218.58311462402344,-75.44313049316406,228.2921131845954,-218.40285649131476,-75.45230601523265,1.2255081818994447,0.30679300799500203,0.08311703809248015,3.5711472377319685e-05,43.56938948376684,69.84507071343009,nan,nan,nan
549.64,229.5116729736328,-218.57472229003906,-75.44402313232422,228.29926810616755,-218.39439704089347,-75.4510464100402,1.225761838434681,0.30683695463580657,0.08314395220983709,3.5014442592493376e-05,42.4952109198035,69.12443582253619,nan,3.714470401606961,nan
549.65,229.5189666748047,-218.5663299560547,-75.44490051269531,228.31482191609166,-218.40281280591614,-75.45201390445862,1.215217288663993,0.3067756653919856,0.08313030224872313,3.569875184248944e-05,44.54999281386026,68.73218040358698,12.612850083592445,nan,nan
549.66,229.52610778808594,-218.5579376220703,-75.44575500488281,228.32164085725984,-218.39438751061098,-75.45296378984764,1.2155415225292285,0.3068194354677284,0.08315717842201277,3.500220835793773e-05,44.49364310642877,69.1012358602027,nan,0.0005556545749596391,nan
549.67,229.53311157226562,-218.54954528808594,-75.44659423828125,228.32831854218017,-218.38596134964243,-75.45392523713872,1.215869932930093,0.30686329107934146,0.08318412314015858,3.5708082817708086e-05,44.39102275521023,68.95342255731786,nan,nan,nan
549.6800000000001,229.53997802734375,-218.54115295410156,-75.44741821289062,228.33486497197345,-218.3775366532339,-75.45448253944873,1.2161898185905384,0.30690723102617706,0.08321113646354224,3.501117873177835e-05,44.18874866765332,68.74092122414244,nan,0.10648448571738296,nan
549.69,229.54672241210938,-218.5327606201172,-75.44822692871094,228.34126586030283,-218.36910907833763,-75.4554089110028,1.2165356165315513,0.30695125674117646,0.08323821862141106,3.571741780173071e-05,44.08655224210419,68.39543307453569,nan,nan,nan
549.7,229.55331420898438,-218.52435302734375,-75.44901275634766,228.33628347539923,-218.3415314800854,-75.45656490340922,1.2307089662296204,0.30604423012865406,0.08265219552240832,3.49970791056976e-05,57.35433647110729,82.23331896736434,4.646871567071596,0.03357826081783652,0.05055914941755629
549.71,229.55978393554688,-218.51596069335938,-75.44979095458984,228.3424019858775,-218.333058518518,-75.45746387872339,1.231069003227388,0.3060862976235674,0.08267647771496535,3.570276202064252e-05,57.20465987168559,82.96877207516464,nan,nan,nan
549.72,229.5661163330078,-218.507568359375,-75.45055389404297,228.34843094653448,-218.32456675140972,-75.45760976670188,1.2313801501922836,0.30612844390995364,0.08270082127952658,3.500608199850036e-05,56.80799734119823,82.89719112823666,nan,0.3849698746467052,nan
549.73,229.57232666015625,-218.49916076660156,-75.4512939453125,228.3542920708379,-218.31609102293314,-75.4584725329454,1.2317363045486571,0.30617067762980293,0.08272522792440498,3.57121308824555e-05,56.663105792819714,81.86220259046367,nan,nan,nan
549.74,229.5784149169922,-218.49075317382812,-75.4520263671875,228.35998748410466,-218.30763177403514,-75.46008543102202,1.232137900068377,0.306212990646827,0.08274969625704144,3.5015080294402775e-05,56.909828577045225,82.04861494501134,nan,0.4117745340708207,nan
549.75,229.58438110351562,-218.48236083984375,-75.4527359008789,228.36748752766346,-218.30361390165984,-75.46098848231159,1.2299790843590395,0.3061496791361125,0.08273730259980618,3.569941324309464e-05,57.68260779771132,83.54722576371381,1.8698895042097694,nan,nan
549.76,229.59022521972656,-218.4739532470703,-75.45343780517578,228.37308089137588,-218.2951025526071,-75.45979676565489,1.2302310040494795,0.30619182031043934,0.08276174252833614,3.500284104705319e-05,56.76610613649906,81.60955202118174,nan,2.8883148068370628,nan
549.77,229.59596252441406,-218.46554565429688,-75.4541244506836,228.37845162168094,-218.2866351347652,-75.46059438208074,1.2306029547686812,0.3062340484485098,0.08278624569600851,3.570873426392743e-05,56.62036174018981,81.45423527896189,nan,nan,nan
549.78,229.60157775878906,-218.45713806152344,-75.45479583740234,228.38362499441925,-218.27820204162515,-75.46300107441182,1.2310541667073345,0.30627635625119237,0.08281081082990524,3.501179464632111e-05,57.207366039615366,82.41226294174663,nan,1.8565468633909321,nan
549.79,229.60708618164062,-218.44873046875,-75.45545959472656,228.38876739882093,-218.2697312987255,-75.4637893705937,1.2314263049840681,0.3063187511051844,0.08283543946611904,3.571804460045467e-05,57.06416060984826,82.21687065022579,nan,nan,nan
549.8000000000001,229.61248779296875,-218.4403076171875,-75.45610809326172,228.3968478850952,-218.26659248621283,-75.4660276070915,1.2280292053118889,0.30625548997491236,0.08282296348585114,3.499951903187229e-05,58.69889190451197,82.16554911790794,2.79458371547427,1.2245338123690839,nan
549.8100000000001,229.61776733398438,-218.43190002441406,-75.45674133300781,228.4017673941957,-218.2581340085651,-75.46680765336441,1.2283939973134044,0.3062977126175371,0.08284756312236861,3.570524746697632e-05,58.56262117099385,83.62172700134089,nan,nan,nan
549.82,229.62295532226562,-218.42347717285156,-75.45735931396484,228.40656462113816,-218.24968074938806,-75.4679069033808,1.2287891545096579,0.3063400152616044,0.08287222499778937,3.5008417170015506e-05,58.74485580637488,82.67889377967487,nan,0.07726054590209158,nan
549.83,229.62803649902344,-218.41506958007812,-75.45796966552734,228.41127354167153,-218.2412185572227,-75.46866713370623,1.229166672326037,0.30638240453086396,0.08289695053397544,3.5714502161453584e-05,58.60969034629007,83.7802483825406,nan,nan,nan
549.84,229.6330108642578,-218.40664672851562,-75.45856475830078,228.41591245969332,-218.23273996322789,-75.46872833075065,1.229502089307387,0.3064248742704856,0.08292173862282537,3.501730123801728e-05,58.19664017066563,82.65789981767726,nan,0.33379165296593044,nan
549.85,229.6378936767578,-218.39822387695312,-75.45915222167969,228.40405747558893,-218.22256254107046,-75.46943904247586,1.2463203821333577,0.3063616693490552,0.08290917890997904,3.570166006493735e-05,59.79095395171338,83.4355455727229,8.883497247021413,nan,nan
549.86,229.64266967773438,-218.38980102539062,-75.45972442626953,228.40841691550915,-218.21410686486885,-75.4703139188228,1.2467399313628256,0.3064039668830206,0.08293393745035288,3.5004938896174355e-05,59.87380866551046,83.95390041777658,nan,0.01682406370565153,nan
549.87,229.64735412597656,-218.38137817382812,-75.46028137207031,228.4126870652636,-218.20564595168588,-75.47102568236186,1.2471567683784786,0.3064463506439112,0.08295875980898429,3.571085077202491e-05,59.746710690185715,84.04935763625228,nan,nan,nan
549.88,229.65208435058594,-218.37294006347656,-75.4609375,228.41694795460674,-218.1971755469938,-75.4714182573,1.247623712583437,0.30648881516816,0.08298364498597825,3.5013764125679105e-05,59.50764840667513,82.80301066937277,nan,0.09191834036009863,nan
549.89,229.6568603515625,-218.36451721191406,-75.46168518066406,228.42123788819072,-218.1887099760561,-75.47226135792607,1.248111738465131,0.3065313660426746,0.08300859424664132,3.5720024551244864e-05,59.35453259536047,83.92542809993145,nan,nan,nan
549.9,229.66168212890625,-218.3560791015625,-75.46251678466797,228.38101439839033,-218.1547697701888,-75.47356216636341,1.296440235159225,0.30646821027825766,0.08299594683943659,3.500135482459142e-05,59.38563570443782,84.92912555772403,19.454969820473178,0.13881317513380478,nan
549.91,229.6665496826172,-218.34764099121094,-75.46344757080078,228.3853250818168,-218.14625312517114,-75.47459122958337,1.2970033659999622,0.30651058859924013,0.08302086592656721,3.5707086141736744e-05,59.23412783286191,84.72777847036281,nan,nan,nan
549.92,229.6714630126953,-218.33921813964844,-75.46446228027344,228.38974332215994,-218.1377050781137,-75.47415232849356,1.29750020273975,0.30655304794821175,0.0830458480916042,3.501011544693279e-05,58.2913284463148,85.12741724179455,nan,1.712803901585136,nan
549.9300000000001,229.67640686035156,-218.33078002929688,-75.46556091308594,228.39413993295483,-218.12918484632004,-75.47534450996251,1.2980542398770418,0.306595593289596,0.08307089449807248,3.5716195959039815e-05,58.144015527006786,84.27194967844713,nan,nan,nan
549.94,229.681396484375,-218.32232666015625,-75.46675109863281,228.39859824442544,-218.1206537098927,-75.47613189965982,1.298588195970374,0.30663822009381875,0.08309600429362791,3.501885885989872e-05,57.83540208836756,82.87063550458834,nan,0.1711021360975563,nan
549.95,229.68643188476562,-218.3138885498047,-75.468017578125,228.37750265089258,-218.09136346785456,-75.4774405494747,1.3277431768883023,0.30657511751123667,0.08308326748608676,3.570320734950709e-05,56.27058776880997,84.84737399907955,12.621319400882696,nan,nan
549.96,229.69149780273438,-218.30545043945312,-75.46937561035156,228.38208312267182,-218.0827507371768,-75.47671201724762,1.3282378494168277,0.3066175717183366,0.08310834652281349,3.5006355003622016e-05,55.17381780152918,83.90705535803622,nan,3.3385377781702736,nan
549.97,229.69662475585938,-218.2969970703125,-75.47081756591797,228.38662012708804,-218.07417550820736,-75.47822137315788,1.328840243333619,0.30666011158530343,0.08313348995807458,3.5712249103527424e-05,55.02947394480083,82.47635216298805,nan,nan,nan
549.98,229.70176696777344,-218.28855895996094,-75.47234344482422,228.3912302481378,-218.06558321864367,-75.47894097329605,1.3293864006041631,0.30670273313981244,0.08315869703455889,3.501503658116456e-05,54.58951856246703,83.69796645110124,nan,0.5384694985300127,nan
549.99,229.70697021484375,-218.2801055908203,-75.47394561767578,228.39584746888556,-218.05700484749673,-75.48060834601088,1.329985409164078,0.3067454405101996,0.08318396877770033,3.5721273082358835e-05,54.44673196744311,82.32707578027384,nan,nan,nan
550.0,229.7122039794922,-218.2716522216797,-75.47563171386719,228.36511782115866,-218.02925467840674,-75.48301264793403,1.3687410876956358,0.3066823855473554,0.08317113882843939,3.5002485187890097e-05,54.75916991708849,84.39452308528207,11.867549201689757,0.32645493063833564,nan
550.01,229.71746826171875,-218.26321411132812,-75.4773941040039,228.369757170258,-218.020639894128,-75.48484921365228,1.3693878251088878,0.3067249199909315,0.08319637915956347,3.5708187046818556e-05,54.61213107266259,85.77452308418538,nan,nan,nan
550.02,229.7227783203125,-218.2547607421875,-75.47923278808594,228.3744342953438,-218.01202407324743,-75.48678194745753,1.3700400322341397,0.3067675363213017,0.08322168337774241,3.5011102430035476e-05,54.54046821815015,84.5946953753153,nan,0.0001785927030038472,nan
550.03,229.72813415527344,-218.24630737304688,-75.48115539550781,228.37914990982372,-218.00340688344434,-75.48877818869764,1.3706995474197468,0.3068102381711657,0.08324705242027823,3.571714811742111e-05,54.39764826985546,84.33233802301314,nan,nan,nan
550.04,229.73350524902344,-218.23785400390625,-75.48312377929688,228.3838782244817,-217.994800546783,-75.49157015486941,1.371364076258846,0.30685302231216954,0.08327248565814648,3.5019703494466584e-05,54.6633892965867,85.11232262515807,nan,0.37636186724795306,nan
550.0500000000001,229.7389373779297,-218.22940063476562,-75.485107421875,228.41160692711114,-217.99712922368286,-75.49361267442157,1.347526798767815,0.3067900175302433,0.0832595606029135,3.570401495773083e-05,54.26296501387162,83.46745258382919,5.261543561268987,nan,nan
550.0600000000001,229.744384765625,-218.22093200683594,-75.487060546875,228.41642717531406,-217.98854730726518,-75.49709915961276,1.3481746118380737,0.3068326286557526,0.08328496180788608,3.5007061778569875e-05,54.97406372405329,83.69023202567182,nan,1.372516465445636,nan
550.07,229.7498779296875,-218.2124786376953,-75.48899841308594,228.42132901280158,-217.9799422579572,-75.49918364100817,1.3487843160892312,0.30687532502660647,0.08331042799435798,3.571291167846819e-05,54.85687222888681,84.44984082883022,nan,nan,nan
550.08,229.7554168701172,-218.2040252685547,-75.49089813232422,228.42626612632395,-217.97133632818904,-75.50124927881986,1.3494046794525254,0.30691810385258406,0.08333595861445475,3.5015605141503384e-05,54.86992891324864,84.50813078961029,nan,7.896012239824482e-05,nan
550.09,229.76097106933594,-218.195556640625,-75.49275970458984,228.43123888484456,-217.962729204511,-75.50327143373619,1.3500025162677576,0.3069609681088066,0.08336155448711421,3.572179318557324e-05,54.76211064079094,83.68035889425414,nan,nan,nan
550.1,229.76657104492188,-218.18710327148438,-75.49459075927734,228.43160919187417,-217.94760711701105,-75.5038224539389,1.3563063006881557,0.30689800912475873,0.08334853077890333,3.5002921531147026e-05,53.25063770374131,83.96858425770796,3.7208350511862003,1.0772245221861734,nan
550.11,229.77220153808594,-218.1786346435547,-75.49638366699219,228.4366518440622,-217.93898010162786,-75.50575900638847,1.3569138445980489,0.3069407000506548,0.08337409393845455,3.570857126376965e-05,53.136729845411,82.83845765028185,nan,nan,nan
550.12,229.77786254882812,-218.17018127441406,-75.49813842773438,228.44175349555087,-217.93033963904674,-75.50680648414797,1.3574927430771428,0.3069834735734629,0.08339972176364746,3.5011406631123034e-05,52.67722057990773,83.79206195475065,nan,0.5152664570154353,nan
550.13,229.7835693359375,-218.16171264648438,-75.49986267089844,228.4468637388414,-217.92171064422035,-75.5086659218392,1.358109094154789,0.307026332283715,0.08342541499920413,3.571739662643124e-05,52.56154275998545,82.29881120053807,nan,nan,nan
550.14,229.789306640625,-218.1532440185547,-75.50154876708984,228.45206552657717,-217.91305162234679,-75.5084287982277,1.358658720622816,0.30706927396872885,0.08345117320567427,3.5019879083952094e-05,51.603930184464566,81.52012499046084,nan,3.0017064895429715,nan
550.15,229.79505920410156,-218.14479064941406,-75.50320434570312,228.45930753361748,-217.91846333113685,-75.51026487825013,1.3548086327298883,0.3070063621829811,0.0834380486619926,3.570413552821412e-05,54.25245138869983,83.41207456825015,17.840559363895267,nan,nan
550.16,229.8008575439453,-218.13632202148438,-75.50482940673828,228.464472540557,-217.90988784584204,-75.51275485967085,1.3554556894211487,0.3070491304084681,0.08346377350006691,3.500711647498572e-05,54.51372661972205,82.37278686971344,nan,0.39578647867331584,nan
550.17,229.8066864013672,-218.1278533935547,-75.50641632080078,228.4696898041208,-217.90130133836024,-75.5144718241585,1.3560791370327843,0.3070919835975326,0.08348956390569583,3.571290476773327e-05,54.39967207084993,82.45858152293229,nan,nan,nan
550.1800000000001,229.8125457763672,-218.119384765625,-75.50797271728516,228.47493850728247,-217.89271404022085,-75.5161586916272,1.3567018221552727,0.3071349198728482,0.0835154195068207,3.5015539431461335e-05,54.35961299103991,82.5003969809881,nan,6.251633569700652e-07,nan
550.19,229.8184356689453,-218.1109161376953,-75.5094985961914,228.48021824767375,-217.884125923537,-75.51781419162832,1.3573241385019874,0.30717794132144943,0.08354134094953274,3.5721663256970944e-05,54.244992050401386,82.45799797687907,nan,nan,nan
550.2,229.82435607910156,-218.10244750976562,-75.51099395751953,228.47404099232375,-217.86643920187046,-75.51879234366984,1.3708069046375044,0.30711507325817067,0.08352811219067004,3.5002743937548474e-05,53.45008644960464,82.64484934290012,2.4299872787234382,0.23084355940852366,nan
550.21,229.83030700683594,-218.09397888183594,-75.51245880126953,228.4793692675137,-217.85782946835315,-75.52038175415493,1.3714452574549807,0.3071579209436028,0.08355399955868123,3.570832737393721e-05,53.334025426741235,82.60535874753981,nan,nan,nan
550.22,229.83628845214844,-218.08551025390625,-75.51390075683594,228.48474224805562,-217.84921169230822,-75.52133985662724,1.372067597539092,0.30720085180791795,0.08357995234066044,3.5011117790516e-05,53.020438325754704,82.24500660524843,nan,0.2564217842645916,nan
550.23,229.84230041503906,-218.07704162597656,-75.51530456542969,228.49013046942048,-217.8406007131145,-75.52286672464031,1.3727071986993944,0.30724386764802725,0.08360597112193327,3.571703945566576e-05,52.90477738623577,82.36999184144805,nan,nan,nan
550.24,229.8483428955078,-218.06857299804688,-75.51668548583984,228.49552909971956,-217.83199872421588,-75.52517627332152,1.37336981421092,0.307286967022496,0.08363205561951163,3.5019483783659046e-05,53.22657457937568,82.65049399908595,nan,0.4630224282554268,nan
550.25,229.8544158935547,-218.0601043701172,-75.5180435180664,228.4907212360018,-217.82565637069473,-75.52644031060852,1.3837266672274786,0.30722414318350844,0.0836187202845324,3.570367468215905e-05,54.71541131411788,83.3481355512127,8.90604167192464,nan,nan
550.26,229.86050415039062,-218.05162048339844,-75.51937103271484,228.49615438181755,-217.81706543371064,-75.52836777499422,1.3843942009814614,0.30726706862972303,0.08364477001906412,3.500662404336859e-05,54.92109866485851,82.65574033670535,nan,0.16099926666248088,nan
550.27,229.86663818359375,-218.04315185546875,-75.52066802978516,228.50162636627277,-217.8084685960435,-75.52979662710308,1.3850692491602605,0.3073100788698779,0.08367088590981892,3.571234097504196e-05,54.80969444961196,83.60012066718048,nan,nan,nan
550.28,229.87278747558594,-218.03468322753906,-75.52194213867188,228.50713187222848,-217.79986845808526,-75.5309362050949,1.3857251156582517,0.3073531727116648,0.08369706772819778,3.501495057994463e-05,54.65272821934042,83.59522042487204,nan,0.0491781263233625,nan
550.29,229.87896728515625,-218.0261993408203,-75.52318572998047,228.5126594986461,-217.79127077109757,-75.53231251449334,1.3863880043284482,0.3073963515778182,0.08372331597967565,3.572100178790913e-05,54.54413100003399,82.44432290627975,nan,nan,nan
550.3000000000001,229.8851776123047,-218.01773071289062,-75.5244140625,228.53300096169158,-217.78445141176957,-75.5331018975913,1.372179436252188,0.30733356916355953,0.08370987082984006,3.500206827829571e-05,53.07017645246113,82.21206945707563,5.558285236490135,0.1851473426775114,nan
550.3100000000001,229.8914031982422,-218.00926208496094,-75.5256118774414,228.5386182010249,-217.77584618721278,-75.53442442697946,1.3728029323421285,0.30737657380530825,0.08373608358667814,3.570757830493532e-05,52.953728741879,82.38923354046591,nan,nan,nan
550.32,229.89767456054688,-218.0007781982422,-75.52678680419922,228.54428943016373,-217.76722560255166,-75.53430835065899,1.3734098804643617,0.3074196621003315,0.0837623624766098,3.501035601153425e-05,52.265098033870025,80.31619990882906,nan,1.4139456411864697,nan
550.33,229.90396118164062,-217.9923095703125,-75.52793884277344,228.54995951098905,-217.75861945381408,-75.53557096419948,1.3740414273062334,0.3074628352594083,0.08378870795679608,3.5716203467436084e-05,52.146408484176604,81.55424163795499,nan,nan,nan
550.34,229.91026306152344,-217.98382568359375,-75.52906799316406,228.55563766199054,-217.75002283771374,-75.53778831520015,1.374681704183791,0.30750609240885707,0.08381511986967852,3.501864104889342e-05,52.555430504187214,80.98379132943721,nan,0.6732471373568124,nan
550.35,229.91661071777344,-217.97535705566406,-75.5301742553711,228.55874337832032,-217.7428792681099,-75.53919991896105,1.3776542003938494,0.30744335124340055,0.08380156240355927,3.57027619423361e-05,53.208377155836736,82.24164153191964,2.3198603732643956,nan,nan
550.36,229.9229736328125,-217.96688842773438,-75.53125762939453,228.5644810330315,-217.7342794479523,-75.54041061879474,1.3782934587198485,0.3074864344129048,0.08382793823675463,3.642236656021686e-05,53.09466446022601,82.30821291743766,nan,nan,nan
550.37,229.92935180664062,-217.95840454101562,-75.53231811523438,228.57024372448973,-217.7256794019983,-75.5416005529958,1.3789205680347656,0.30752960185839556,0.0838543806821784,3.715641898099374e-05,52.983454503528456,81.20274915626014,nan,nan,nan
550.38,229.93577575683594,-217.94992065429688,-75.53335571289062,228.57607672680555,-217.71705368678064,-75.54006144721033,1.3795120310089868,0.30757285329185063,0.08388088974864487,3.637314548619922e-05,51.773296507914594,79.79285261575531,nan,4.789634340475343,nan
550.39,229.94219970703125,-217.9414520263672,-75.53437805175781,228.5818887623284,-217.7084531455301,-75.54118406965351,1.380137915800202,0.30761618972212185,0.08390746585130432,3.7105821469718235e-05,51.65246774108372,81.11903005460023,nan,nan,nan
550.4,229.94866943359375,-217.93296813964844,-75.5353775024414,228.59881469321883,-217.70784435814116,-75.54338234369521,1.3685220548446728,0.3075534874626518,0.08389379293714566,3.63025395008881e-05,52.50659377722799,79.76824335902671,1.7614009212960957,0.8845139623827578,nan
550.41,229.9551544189453,-217.92449951171875,-75.53636169433594,228.60468853983798,-217.69926013915673,-75.54447647404847,1.3691445194847232,0.3075966491797945,0.08392033206902456,3.7032990804297474e-05,52.38907501236095,80.89441117215028,nan,nan,nan
550.42,229.96165466308594,-217.916015625,-75.53732299804688,228.61060237718826,-217.69066622716676,-75.5444691551952,1.3697356306583908,0.3076398949097584,0.08394693801697298,3.62561160791066e-05,51.891213382257824,79.43477786352423,nan,0.7701909965800833,nan
550.4300000000001,229.9681854248047,-217.9075469970703,-75.53826141357422,228.6165230613848,-217.6820814554198,-75.54551546180966,1.370357061635168,0.3076832254992484,0.08397361115526558,3.6985342141232e-05,51.775218630323955,80.47198880263414,nan,nan,nan
550.44,229.97474670410156,-217.89906311035156,-75.5391845703125,228.62247331966924,-217.67349267230077,-75.54609367526601,1.3709752238817938,0.30772664042677317,0.08400035140754164,3.621108647994449e-05,51.544489441806434,78.97718126919203,nan,0.13351344238477425,nan
550.45,229.9813232421875,-217.8905792236328,-75.54009246826172,228.65715469008163,-217.68447955476978,-75.5470991825347,1.3401300391889295,0.30766397645947935,0.08398656045759618,3.691571268673132e-05,52.25400998992995,77.97382266898927,9.56244878936294,nan,nan
550.46,229.9879150390625,-217.88211059570312,-75.54097747802734,228.66316669589034,-217.67594296555228,-75.54919079182702,1.3407202254694943,0.3077072164525914,0.08401326298988909,3.6144999477825635e-05,52.66073662800631,79.70832046104204,nan,0.8036173348861221,nan
550.47,229.99449157714844,-217.87362670898438,-75.5418472290039,228.6691936813028,-217.66739749939384,-75.55017405493734,1.3412734007842448,0.3077505411788629,0.08404003286568988,3.687106509622472e-05,52.54687898525861,78.35279957410017,nan,nan,nan
550.48,230.00100708007812,-217.8651580810547,-75.54269409179688,228.6751783619343,-217.65884805651783,-75.55062471858491,1.3418079262400364,0.30779395024977696,0.08406687004376653,3.6102858401171556e-05,52.27650585159426,79.09002527654746,nan,0.1764958328364056,nan
550.49,230.0074005126953,-217.85667419433594,-75.54352569580078,228.68106752789646,-217.65030256054658,-75.55157003193743,1.3423163372104965,0.3078374443121388,0.0840937748465122,3.68279018708558e-05,52.1592767528887,78.13841602861703,nan,nan,nan
550.5,230.01368713378906,-217.8481903076172,-75.54434967041016,228.66226296934659,-217.62968791125022,-75.55130397275869,1.3689919399975705,0.30777481660892037,0.08407986281908522,3.603985765932393e-05,52.016849061206514,78.60953660833401,6.190286225961627,0.7933376594752178,nan
550.51,230.0198516845703,-217.83970642089844,-75.54515075683594,228.66788762492183,-217.62112274822883,-75.55220508115802,1.3695383908567793,0.30781813544303127,0.08410672912106218,3.6763036749540775e-05,51.896834086838545,78.67629152020606,nan,nan,nan
550.52,230.02590942382812,-217.83123779296875,-75.54593658447266,228.67338448566682,-217.61256273086732,-75.55388378501122,1.3701115462361872,0.307861538617493,0.08413366290818883,3.600061879062232e-05,52.164419679770475,79.95769357398626,nan,0.4188237520669231,nan
550.53,230.03182983398438,-217.82275390625,-75.54670715332031,228.67877122032453,-217.60399693854677,-75.55476305366619,1.3706520785553797,0.307905026671523,0.08416066447293416,3.6722908452260715e-05,52.045472178385936,78.9579551474865,nan,nan,nan
550.54,230.0376434326172,-217.81427001953125,-75.54745483398438,228.68403997512354,-217.59543070788624,-75.55561103886879,1.3712036639894665,0.3079485993785879,0.0841877338183377,3.596280885291521e-05,51.99766288692269,78.93491378175301,nan,0.00018959195529150548,nan
550.5500000000001,230.0433349609375,-217.8057861328125,-75.5481948852539,228.7222234762149,-217.59842363975085,-75.55637763556773,1.3373113758573116,0.3078860069497109,0.08417369804377733,3.666124731049656e-05,50.6918045327324,77.18272827404725,13.1642322257835,nan,nan
550.5600000000001,230.04891967773438,-217.7973175048828,-75.54891967773438,228.7273091727903,-217.58987706959817,-75.55878913008281,1.337827816671202,0.30792940418263376,0.08420072811045683,3.59043478437595e-05,51.44466468152331,79.04054152480242,nan,1.6655163319103847,nan
550.57,230.0543975830078,-217.78883361816406,-75.54962921142578,228.7322983479877,-217.58131975008192,-75.55962634206547,1.3383229562808163,0.3079728861911545,0.08422782610630022,3.6624133954026426e-05,51.33063132630545,77.78681498466175,nan,nan,nan
550.58,230.0597686767578,-217.7803497314453,-75.55033111572266,228.73717958922913,-217.5727602063805,-75.56022696111799,1.338817849120139,0.3080164528346203,0.08425499205960713,3.586942597690507e-05,51.202418202812865,77.64437062925212,nan,0.03348598589485234,nan
550.59,230.0650177001953,-217.77186584472656,-75.55101013183594,228.74195073362887,-217.56420093956217,-75.561035512297,1.3393025868375137,0.308060104523069,0.08428222622543988,3.6588497716263605e-05,51.088517610467804,77.97126782364788,nan,nan,nan
550.6,230.07017517089844,-217.76336669921875,-75.55168151855469,228.7377711030624,-217.55448815948458,-75.56208113073919,1.348717537618997,0.3079975455747865,0.08426806374560773,3.581398037729109e-05,52.03463627654122,77.39830866439611,1.8754086523277496,0.021799567671878673,nan
550.61,230.07522583007812,-217.7548828125,-75.55233764648438,228.74231256010074,-217.5459301179329,-75.56286763046337,1.3492330763849694,0.3080410214943654,0.08429525782900837,3.653149723319138e-05,51.92139591329928,78.57871396689274,nan,nan,nan
550.62,230.08016967773438,-217.74639892578125,-75.552978515625,228.74676919021687,-217.5373597307529,-75.56158168996046,1.3497141400232389,0.30808458202257133,0.0843225200417074,3.578190172372955e-05,50.82567493410012,77.69399910474476,nan,2.8655169319610927,nan
550.63,230.08502197265625,-217.7379150390625,-75.55360412597656,228.75110922073165,-217.5287995287439,-75.56232400148697,1.3502327809054966,0.3081282275022106,0.08434985061768266,3.649881775212732e-05,50.712304997913265,77.60924655055105,nan,nan,nan
550.64,230.08978271484375,-217.7294158935547,-75.5542221069336,228.75536147160247,-217.520231188873,-75.56174882564186,1.3507386670192287,0.3081719578939557,0.08437724961651703,3.5751211742629876e-05,50.08903022517983,75.8389521537603,nan,1.1529917887333638,nan
550.65,230.0944366455078,-217.72093200683594,-75.5548324584961,228.78342145414535,-217.52599956736515,-75.56251930387731,1.3254503293345585,0.30810943118244066,0.08436295771030822,3.6444878263612246e-05,50.30520273957022,76.30578821293555,5.83849936115977,nan,nan
550.66,230.0989990234375,-217.71243286132812,-75.555419921875,228.78751743313654,-217.51745644725898,-75.56212656940272,1.3259127961003512,0.30815298553850423,0.08439031582169071,3.570011401409673e-05,49.81842521401738,74.92784279941003,nan,0.8044085105261758,nan
550.67,230.10348510742188,-217.7039337158203,-75.55599975585938,228.79151394355452,-217.5089172216839,-75.56280117139328,1.3264034179155237,0.3081966247579359,0.08441774244532692,3.641508509397457e-05,49.70502277469381,74.64758634668239,nan,nan,nan
550.6800000000001,230.1078643798828,-217.6954345703125,-75.55657196044922,228.76948947490504,-217.4689903033187,-75.56022478421362,1.357401096010339,0.3052103776510372,0.08001766036445453,3.567029022403606e-05,59.604110180242415,84.9096906982628,nan,7.222605201443359,0.22227553181991572
550.69,230.11216735839844,-217.68695068359375,-75.55712890625,228.77331913385424,-217.46041938469943,-75.56084627753873,1.3578824752507792,0.30525692127063087,0.08003712784486684,3.638476467545232e-05,59.44056236507598,85.90695703187346,nan,nan,nan
550.7,230.1163787841797,-217.67845153808594,-75.55767822265625,228.7774386480064,-217.45601918753945,-75.56121499361167,1.3572948639017763,0.30519794884203466,0.08002648762091795,3.562208941521923e-05,60.30823187517117,84.98544631811345,2.443781938960018,0.05328909540445215,nan
550.71,230.12049865722656,-217.66993713378906,-75.55821228027344,228.78109321966056,-217.4474626618408,-75.5618139670312,1.3577609469260514,0.3052443009770915,0.08004595137315584,3.633527054456014e-05,60.15212073427221,84.08184631421835,nan,nan,nan
550.72,230.1245574951172,-217.66143798828125,-75.5587387084961,228.78457475720424,-217.43877951852085,-75.56088751847696,1.3583575190078119,0.30529073160105286,0.08006546658105654,3.559689189417397e-05,59.76197309621014,84.56622517637507,nan,1.5668058771736098,nan
550.73,230.12852478027344,-217.65293884277344,-75.55924987792969,228.78806493684058,-217.4302198729652,-75.5614518718539,1.3588381729057035,0.3053372511885179,0.08008505337021508,3.630971612676548e-05,59.60141446702485,84.8306473799436,nan,nan,nan
550.74,230.1324005126953,-217.64443969726562,-75.55975341796875,228.79129646981815,-217.42141128608392,-75.55895666207832,1.3595228430723971,0.3053838496806807,0.08010469228566076,3.557298993785243e-05,59.319730788245465,84.91271022504652,nan,6.354754384469554,nan
550.75,230.1363525390625,-217.63592529296875,-75.56035614013672,228.78866938759708,-217.4107762791345,-75.55954870538251,1.3663610822638284,0.30532480663660866,0.08009406003523188,3.626304036119612e-05,59.552231908441115,83.78685331633032,0.45332764415140747,nan,nan
550.76,230.14035034179688,-217.62741088867188,-75.56104278564453,228.79216170611565,-217.40227938674437,-75.5610843522093,1.3668565368274457,0.30537121350839824,0.08011369515900497,3.552879898187269e-05,59.382873180080765,84.0603393657349,nan,0.523960411321625,nan
550.77,230.14439392089844,-217.61891174316406,-75.56182861328125,228.79565687960704,-217.3937114640196,-75.56184654465261,1.3674087803578576,0.3054177090321952,0.08013340130784542,3.6240145752299924e-05,59.226720997677276,85.19803604929517,nan,nan,nan
550.78,230.14849853515625,-217.6103973388672,-75.56269836425781,228.79922586081892,-217.38517060029466,-75.56306504049901,1.3679415074968997,0.30546428366985023,0.08015316057957268,3.550742915997267e-05,59.07884918808299,84.05881730384121,nan,0.09121774489591371,nan
550.79,230.15264892578125,-217.6018829345703,-75.56365966796875,228.80282621669306,-217.37659994332765,-75.56401280212258,1.3684932943997736,0.3055109471202352,0.08017299080090409,3.6218538808259536e-05,58.9259437758109,84.14765214100463,nan,nan,nan
550.8000000000001,230.15684509277344,-217.59336853027344,-75.56470489501953,228.8175241457564,-217.3678084638922,-75.56470233136457,1.358181851841303,0.3054518232498012,0.08016234438521729,3.546580356618354e-05,57.440295514207385,83.79133121075769,5.733119097800949,0.1468119245202026,nan
550.8100000000001,230.16110229492188,-217.58485412597656,-75.56584167480469,228.82125198039284,-217.35922000122287,-75.56582575048962,1.3587161675090544,0.3054982946748736,0.08018216992352363,3.617583138179739e-05,57.28627678057966,83.53615293318302,nan,nan,nan
550.82,230.16542053222656,-217.5763397216797,-75.56706237792969,228.8250324561973,-217.35063343137372,-75.56707909756025,1.3592584464054798,0.3055448454225647,0.08020204954107864,3.544685663640755e-05,57.13351271042078,83.3998018330517,nan,0.0012417738656390587,nan
550.83,230.16976928710938,-217.5678253173828,-75.56836700439453,228.82886025283068,-217.34204251869295,-75.56837694050648,1.3597848765496612,0.305591484668886,0.0802219996014607,3.615672467524821e-05,56.97833215989897,83.75412532106391,nan,nan,nan
550.84,230.17417907714844,-217.55929565429688,-75.56975555419922,228.8327277116514,-217.33343775511153,-75.56958703204468,1.3603321598117257,0.3056382036549628,0.08024200437015103,3.542908065703702e-05,56.82890492572427,82.43224541809474,nan,0.020656666185959845,nan
550.85,230.17861938476562,-217.55078125,-75.57122802734375,228.84972918970044,-217.33222250352674,-75.57099822492219,1.3467431562883483,0.3055790079703303,0.08023135741930765,3.611653716069012e-05,56.85791338935733,83.41879018439342,1.9624596575785587,nan,nan
550.86,230.18312072753906,-217.54225158691406,-75.57278442382812,228.85379181042137,-217.32373252426942,-75.57380568482434,1.3471699943208404,0.30562553478726556,0.08025135735052848,3.539104394812802e-05,56.735421605078486,82.0269455888716,nan,1.0945406583163984,nan
550.87,230.1876678466797,-217.5337371826172,-75.57441711425781,228.8578338590876,-217.31515151202763,-75.57544898318,1.3476791883440278,0.3056721497892529,0.08027142725171404,3.60998086427694e-05,56.581270650260315,83.28583315260559,nan,nan,nan
550.88,230.1922607421875,-217.52520751953125,-75.57613372802734,228.8620000601798,-217.30667071719245,-75.57861915068634,1.3480942079090128,0.3057188447363516,0.08029155275877099,3.537552674394044e-05,56.57561355562361,82.23018398565145,nan,1.4426808564822373,nan
550.89,230.19691467285156,-217.51669311523438,-75.57793426513672,228.86613532220215,-217.2980879798903,-75.58043949347942,1.3486171293153237,0.30576562803029966,0.08031174820311238,3.608422688217387e-05,56.422671614072286,82.94940724977637,nan,nan,nan
550.9,230.20159912109375,-217.50816345214844,-75.57980346679688,228.88535889260058,-217.29331390987352,-75.58247529439998,1.3336625523655672,0.305706351594124,0.08030108212805798,3.53397537755728e-05,55.441188306532794,81.69097209247933,3.6355623318147665,0.028075553841495942,nan
550.91,230.20632934570312,-217.4996337890625,-75.58173370361328,228.88961403282576,-217.2847268155664,-75.58444363787271,1.3341407595027905,0.3057529423081038,0.08032127185122194,3.6047540656554664e-05,55.291450054647996,81.4838876935086,nan,nan,nan
550.92,230.2111053466797,-217.49111938476562,-75.58367156982422,228.89390937733907,-217.27613317911525,-75.5863555842012,1.3346278485781302,0.3057996131678473,0.08034151803607294,3.532637363092878e-05,55.136861917183424,82.5574921271296,nan,0.005460158612491843,nan
550.9300000000001,230.21591186523438,-217.4825897216797,-75.5855941772461,228.89825359092129,-217.26754483970117,-75.58835278903037,1.33509371920846,0.3058463720649602,0.08036183373762987,3.603415771117389e-05,54.991156483516974,81.64828772188521,nan,nan,nan
550.94,230.2207794189453,-217.47406005859375,-75.58748626708984,228.90264014537766,-217.25895398426076,-75.59030257483714,1.3355784137690072,0.3058932115208186,0.08038220648578066,3.5314022620326376e-05,54.8537374541858,81.35482400276074,nan,0.0005229484096370704,nan
550.95,230.22569274902344,-217.4655303955078,-75.58934783935547,228.8926503434883,-217.24566964418307,-75.59232084837781,1.3510550113561761,0.30583386203485935,0.08037153144235902,3.599966554522552e-05,55.50896664634943,81.88132252510428,2.6749140401559344,nan,nan
550.96,230.2306365966797,-217.45700073242188,-75.59117889404297,228.897129182064,-217.23711806439235,-75.59487177702488,1.3515191637263373,0.3058805087541637,0.0803918982241538,3.528137594149624e-05,55.49944834962122,82.10286093561852,nan,0.2784792888162759,nan
550.97,230.23562622070312,-217.44847106933594,-75.59297180175781,228.901618352805,-217.22852550488247,-75.59676211974381,1.3520234500360138,0.30592724320567555,0.08041233413668532,3.598835164803352e-05,55.36220671431285,82.05356932175835,nan,nan,nan
550.98,230.2406463623047,-217.43994140625,-75.59473419189453,228.90610053362212,-217.2198711945477,-75.59763522277997,1.352572320769921,0.30597405840764486,0.08043282789189778,3.527098599235433e-05,55.050638508075046,81.92223639441438,nan,0.6718408909429863,nan
550.99,230.2457275390625,-217.43141174316406,-75.5964584350586,228.91067218100548,-217.211277656451,-75.5994477558745,1.3530856444618335,0.30602096150954894,0.0804533907894729,3.597803237848505e-05,54.91195086477625,81.54896971712017,nan,nan,nan
551.0,230.25083923339844,-217.42288208007812,-75.59814453125,228.92674874509484,-217.20772524312503,-75.60238731738778,1.3414641579028233,0.3059615312837564,0.08044269129116927,3.5240286575961313e-05,54.873894262337856,81.65078439023846,1.9612346148970077,0.7409835111035349,nan
551.01,230.25599670410156,-217.4143524169922,-75.59980010986328,228.93142059344385,-217.19913740410576,-75.60414597390543,1.341953151652882,0.30600824123761367,0.08046324734845796,3.5946550546165715e-05,54.7399499292229,81.3871431692071,nan,nan,nan
551.02,230.2611846923828,-217.40582275390625,-75.60142517089844,228.93613619858732,-217.19055421896428,-75.60595727745036,1.3424286174823459,0.30605503212587526,0.08048386200322045,3.523173265415751e-05,54.64818215905367,81.49825750806038,nan,0.005015370475773708,nan
551.03,230.26641845703125,-217.3972930908203,-75.60301208496094,228.94088700599298,-217.18196556517134,-75.60765294572168,1.3429151531583594,0.3061019106178223,0.08050454546650841,3.593811547942496e-05,54.51608357931036,81.44608021374168,nan,nan,nan
551.04,230.2716827392578,-217.38876342773438,-75.60457611083984,228.94571649173028,-217.17342597273796,-75.61017298088161,1.3433495576583343,0.3061488704490607,0.08052528806793058,3.522406051690228e-05,54.657063902697885,81.5972109135285,nan,0.5099197964034764,nan
551.0500000000001,230.27699279785156,-217.38023376464844,-75.6061019897461,228.94876761635527,-217.16757914537382,-75.6117230827734,1.345152674065853,0.30608936593054936,0.08051457127004953,3.590849754238177e-05,55.40543295732856,81.68947683755239,1.8932782562049533,nan,nan
551.0600000000001,230.28233337402344,-217.3717041015625,-75.60759735107422,228.95358394860432,-217.15895072817088,-75.61241126445223,1.3456828033393173,0.3061361324411472,0.08053530669782775,3.5196016775414316e-05,55.03655307215458,81.53397710031679,nan,0.5948990862616783,nan
551.07,230.2877197265625,-217.3631591796875,-75.60906982421875,228.9584802321117,-217.15037395163645,-75.61398428707913,1.3461721059469955,0.30618298626611506,0.0805561106338445,3.590181738419134e-05,54.90799124766268,80.00934269544695,nan,nan,nan
551.08,230.2931365966797,-217.35462951660156,-75.61050415039062,228.9634474840425,-217.14183810186972,-75.61628302750495,1.3466204802653856,0.3062299216015958,0.08057697440471748,3.519000472535987e-05,55.03754214416441,81.67996695364727,nan,0.39729353107885884,nan
551.09,230.298583984375,-217.34609985351562,-75.6119155883789,228.96841708319607,-217.13326046674663,-75.61780692294195,1.3471003293649229,0.30627694442847314,0.08059790673903855,3.589597897469219e-05,54.908329053543454,81.58122595358155,nan,nan,nan
551.1,230.3040771484375,-217.3375701904297,-75.61329650878906,228.9818220417377,-217.12657431304044,-75.61863516740748,1.338994521551452,0.3062173591047056,0.08058715980572066,3.516359605775029e-05,54.15725927663891,80.84210868707811,1.4016155080899493,0.2385782675566533,nan
551.11,230.30960083007812,-217.32904052734375,-75.61465454101562,228.9868798360014,-217.11799425100332,-75.6200972572797,1.3394629453959495,0.3062641882025023,0.08060808410212973,3.586888647398233e-05,54.026190989537085,80.75058502030005,nan,nan,nan
551.12,230.31517028808594,-217.32049560546875,-75.61598205566406,228.99198769626432,-217.10943175605985,-75.62187260961622,1.339923437534006,0.30631109897228925,0.08062906889075293,3.515912248929498e-05,54.045516388336814,79.54506532967454,nan,0.08068697074123857,nan
551.13,230.3207550048828,-217.3119659423828,-75.61727905273438,228.99711544103488,-217.10085160150655,-75.62328577889741,1.340383169346126,0.3063580969562321,0.08065012199222418,3.5864623218721354e-05,53.917827442758764,81.06736200307795,nan,nan,nan
551.14,230.32638549804688,-217.30343627929688,-75.6185531616211,229.00222400990583,-217.09220825863025,-75.62342000216823,1.3409118574789156,0.3064051770063802,0.08067123608412981,3.515538647558628e-05,53.4404103516269,80.29950644941245,nan,1.0995490143844273,nan
551.15,230.33204650878906,-217.29489135742188,-75.61980438232422,229.0050962029128,-217.07683709667057,-75.6247838763315,1.3447563237469764,0.3063455161614665,0.08066046363663412,3.5839076968515844e-05,52.27592858880591,79.06852710020046,3.5837064989058853,nan,nan
551.16,230.33775329589844,-217.28636169433594,-75.62102508544922,229.01035330648892,-217.06826304241784,-75.62672483786214,1.3452101103658263,0.3063924022919885,0.08068156927337833,3.5131179442815045e-05,52.364354071724726,80.218361238149,nan,0.264631288767496,nan
551.17,230.34347534179688,-217.27783203125,-75.62223052978516,229.01561800709985,-217.0596587692848,-75.62803358124302,1.345673938571844,0.30643937536796284,0.08070274300357369,3.5836265921725456e-05,52.2332689230527,80.31259851789866,nan,nan,nan
551.1800000000001,230.3492431640625,-217.26930236816406,-75.62340545654297,229.0209400309899,-217.0510830758552,-75.62991999273031,1.346124552947472,0.306486430656606,0.08072397832704578,3.512881462420009e-05,52.35738822841937,80.30398368105571,nan,0.25307025200714167,nan
551.19,230.35504150390625,-217.26075744628906,-75.62455749511719,229.02626972104204,-217.04247889601092,-75.63118873734179,1.3465971742956753,0.30653357307911894,0.0807452818403649,3.5834150563742195e-05,52.23547205008672,79.08459907093227,nan,nan,nan
551.2,230.36085510253906,-217.25222778320312,-75.62568664550781,229.04583856042035,-217.0470848907157,-75.6319741968962,1.3309363792782984,0.3064738312788539,0.08073447325732587,3.510594837608417e-05,53.22683386355585,80.11085250112782,7.565256760411496,0.26414333114859573,nan
551.21,230.36671447753906,-217.2436981201172,-75.62679290771484,229.05124958402624,-217.0385160169104,-75.63319602910397,1.331385962636153,0.3065207793787762,0.08075576745910888,3.5810672222251216e-05,53.10306728511366,79.71301582798381,nan,nan,nan
551.22,230.3726043701172,-217.23516845703125,-75.62787628173828,229.0566513860516,-217.0299007873532,-75.63336124547115,1.3318773056529267,0.3065678098270141,0.08077712382061623,3.5104841273283866e-05,52.67282970490968,79.35572713606159,nan,0.7525403324102645,nan
551.23,230.37852478027344,-217.22662353515625,-75.62894439697266,229.06212480412535,-217.02133184779618,-75.63453108174294,1.3323230783667162,0.30661492715426547,0.0807985481981812,3.580984177227314e-05,52.54844792126508,78.01900479664737,nan,nan,nan
551.24,230.3844757080078,-217.2180938720703,-75.6299819946289,229.06770175900436,-217.01284546321014,-75.63758426350599,1.3326958905188557,0.3066621272119421,0.08082003519441835,3.5104336693503605e-05,53.18142144503421,80.02924865215257,nan,2.54343903456438,nan
551.25,230.3904571533203,-217.20956420898438,-75.6310043334961,229.0747370220771,-217.0037657964432,-75.63871739688746,1.3317401930218982,0.30660230869183,0.08080919300478379,3.5787616103197303e-05,52.89757512296995,79.7068842427596,0.17641215917856942,nan,nan
551.26,230.39646911621094,-217.20103454589844,-75.63200378417969,229.08023997858228,-216.9951216651437,-75.6381340234902,1.3322525425148894,0.30664931421756014,0.08083067019381612,3.5083251565911314e-05,52.16558705554002,79.00921289070557,nan,2.0599141163461776,nan
551.27,230.40249633789062,-217.19248962402344,-75.63298797607422,229.0858364578511,-216.9865497135104,-75.63922649040657,1.3326827850275988,0.3066964063767542,0.08085221525310009,3.5787957890005564e-05,52.04298183393468,77.97699432033392,nan,nan,nan
551.28,230.4085693359375,-217.1839599609375,-75.63394927978516,229.09132166854852,-216.97782213539395,-75.63648132284712,1.3332819025260967,0.30674358138594676,0.08087382344782597,3.508385184074025e-05,50.99838228635155,77.80101871188705,nan,10.247737942803367,nan
551.29,230.41465759277344,-217.17543029785156,-75.6348876953125,229.09697602220592,-216.96925007217803,-75.63749872122483,1.3337172955047027,0.30679084322944794,0.08089549964682625,3.578886123990277e-05,50.86494347162928,78.09187103160541,nan,nan,nan
551.3000000000001,230.42079162597656,-217.16690063476562,-75.63581085205078,229.07432397681288,-216.95005137530336,-75.63845662647834,1.363820271038686,0.3067309435170574,0.08088461503810804,3.5063840066966036e-05,51.79306657435195,78.65263367628818,8.021900942086038,0.0023985016108192497,nan
551.3100000000001,230.42694091796875,-217.1583709716797,-75.63671875,229.07998429431677,-216.94146973814622,-75.63943788513505,1.3643114324831238,0.306778010432472,0.08090628057852993,3.576828737543262e-05,51.66137231104031,78.71148542065207,nan,nan,nan
551.32,230.43312072753906,-217.1498260498047,-75.63760375976562,229.085689131858,-216.9329065572312,-75.64088162138779,1.3647844942241814,0.3068251603062959,0.08092800973839305,3.5065442829220054e-05,51.625996389730744,77.62444578939608,nan,0.16196619696547396,nan
551.33,230.43931579589844,-217.14129638671875,-75.63847351074219,229.09139675948404,-216.92432531108437,-75.64183340671289,1.3652741355827356,0.3068723967833782,0.08094980679719968,3.5770212807143196e-05,51.496996494982874,78.50911958013856,nan,nan,nan
551.34,230.44544982910156,-217.1327667236328,-75.63932800292969,229.09702210209295,-216.91567934189712,-75.64100745304148,1.365791743578482,0.3069197165883617,0.08097166789917652,3.506752620179321e-05,51.11982905640468,78.22154525028371,nan,2.181988868001623,nan
551.35,230.4514923095703,-217.12423706054688,-75.6401596069336,229.09175311714822,-216.90911579823407,-75.64186311491454,1.3766520006331278,0.30685973899683133,0.08096074171275909,3.575062926453727e-05,52.669537574005325,78.96514205183689,5.803037969201793,nan,nan
551.36,230.45742797851562,-217.11570739746094,-75.64098358154297,229.09726328443026,-216.9005722421543,-75.64325874281643,1.3770752726136557,0.3069068636455659,0.08098259158825306,3.5048919150371246e-05,52.592883482466505,78.79203535323597,nan,0.18338858217500348,nan
551.37,230.46327209472656,-217.107177734375,-75.64178466796875,229.1026497097111,-216.89201055408935,-75.64413371100808,1.3775324707898675,0.30695407467592833,0.0810045092816113,3.575347670045047e-05,52.458360518961406,78.49219509650396,nan,nan,nan
551.38,230.468994140625,-217.09864807128906,-75.64257049560547,229.1079442810776,-216.88346876146196,-75.64557404471334,1.377957864689226,0.3070013691264338,0.08102649145804819,3.5051870012912076e-05,52.419341498183705,78.68112592465054,nan,0.23717349162563867,nan
551.39,230.474609375,-217.09011840820312,-75.64334106445312,229.11310819573092,-216.87490689414903,-75.64642509621545,1.3784088537819503,0.30704875017204175,0.08104854161972563,3.5756766594338174e-05,52.28680357201973,78.48623070954481,nan,nan,nan
551.4,230.4801025390625,-217.0815887451172,-75.64409637451172,229.13030087696595,-216.8853699462814,-75.644353870877,1.3639891532998178,0.3069886910665793,0.08103756648678065,3.503410088166253e-05,54.50342819606713,78.41983580869037,18.264713671119125,6.01690529819388,nan
551.41,230.48548889160156,-217.0730438232422,-75.64483642578125,229.13525210333316,-216.87686661370242,-75.64514738120964,1.3644137857077903,0.30703587656712,0.08105960457204818,3.57384682711887e-05,54.36800096408906,77.23764668076444,nan,nan,nan
551.42,230.49078369140625,-217.06451416015625,-75.64556121826172,229.14013672478367,-216.86840570270954,-75.64725804285978,1.3648108421105885,0.3070831455690939,0.0810817075514852,3.5037829571466354e-05,54.31019716167579,78.03915960128765,nan,1.2481042342816682,nan
551.4300000000001,230.49595642089844,-217.0559844970703,-75.64627075195312,229.14487382223987,-216.85990180705284,-75.64803743971012,1.3652383421615801,0.3071305009588291,0.0811038784698701,3.5742549677877465e-05,54.17660481814347,78.32040584954437,nan,nan,nan
551.44,230.50103759765625,-217.04745483398438,-75.64696502685547,229.14948347689779,-216.8513736614668,-75.64803243348244,1.3657040334245054,0.30717794020706596,0.08112611467546663,3.504193223682759e-05,53.984623588341684,78.01333774590911,nan,0.41888408377061626,nan
551.45,230.50601196289062,-217.03892517089844,-75.64765167236328,229.14495893125874,-216.82880043764175,-75.64875382061417,1.3771779017873116,0.3071178021078278,0.08111509010999292,3.572501416744334e-05,52.15181654361589,77.88981978130619,9.615537455316742,nan,nan
551.46,230.51087951660156,-217.03038024902344,-75.64832305908203,229.14938332751962,-216.8202521807546,-75.64948606568991,1.3776164308483787,0.3071650468008285,0.081137314851634,3.644351069670748e-05,52.01873527410496,76.93044414567859,nan,nan,nan
551.47,230.51565551757812,-217.0218505859375,-75.64897918701172,229.15370978273356,-216.81170326769046,-75.65020602463284,1.3780637086718017,0.3072123764464529,0.08115960626194811,3.71764529812326e-05,51.883799458137524,77.93370689350209,nan,nan,nan
551.48,230.5203399658203,-217.01332092285156,-75.64962005615234,229.15789841469203,-216.80311225411788,-75.6494619140294,1.3785625447039267,0.30725978992084296,0.08118196323707089,3.6390568421309095e-05,51.70637524657264,77.83524431331334,nan,1.3747475368335795,nan
551.49,230.52493286132812,-217.00477600097656,-75.6502456665039,229.16203467967355,-216.79456195446195,-75.65014341457918,1.3790146516135497,0.30730728990590933,0.08120438841643776,3.712216100093875e-05,51.57171300773871,76.72199793624944,nan,nan,nan
551.5,230.52943420410156,-216.99624633789062,-75.65086364746094,229.19375909004086,-216.80285855078117,-75.65148226786471,1.3496026190013772,0.3072470698032882,0.08119330808732826,3.6316653814549575e-05,51.91076715853516,76.82278997217158,8.737151962080702,0.309771321384539,nan
551.51,230.53384399414062,-216.98770141601562,-75.65147399902344,229.19775545476,-216.79434058813408,-75.65214728432122,1.3500079437308448,0.30729437361538425,0.08121571970419887,3.704605323234997e-05,51.77890342445453,75.61935968480635,nan,nan,nan
551.52,230.5381622314453,-216.97915649414062,-75.65206146240234,229.20162574232762,-216.78578558995565,-75.65143145076175,1.3504526982619662,0.30734176132735513,0.08123819725129276,3.626717804622932e-05,51.643855462769544,75.96756849338067,nan,1.231853114703352,nan
551.53,230.54238891601562,-216.9706268310547,-75.65264892578125,229.20544652931738,-216.77726570213534,-75.65206059967271,1.3508529963156473,0.30738923534944096,0.08126074298829793,3.6995385269808346e-05,51.50516216250817,76.81795940024146,nan,nan,nan
551.54,230.54653930664062,-216.9620819091797,-75.65321350097656,229.2091299297422,-216.76869514889165,-75.65071300764119,1.3513210325224148,0.3074367936236109,0.0812833550299387,3.621939965716437e-05,51.53534104064831,75.99775144227317,nan,2.544817055670364,nan
551.5500000000001,230.5506134033203,-216.9535369873047,-75.65377044677734,229.22174757936568,-216.7577097848759,-75.65124655757964,1.343219654897284,0.307376493546732,0.08127221760877072,3.692310528084663e-05,50.12078675579582,75.2341990097877,4.404441109067784,nan,nan
551.5600000000001,230.55459594726562,-216.9449920654297,-75.6543197631836,229.22532635366585,-216.7491570924005,-75.65133967693049,1.3436211780276193,0.30742385539093003,0.08129481540189105,3.615090666094294e-05,50.05985218438458,75.4149894118082,nan,0.15473674951790162,nan
551.57,230.55850219726562,-216.9364471435547,-75.65485382080078,229.2288373619147,-216.74061508036706,-75.65190173303627,1.3440117135513576,0.3074713033555006,0.08131748139007794,3.6876027820265606e-05,49.91695866800702,75.44742640104825,nan,nan,nan
551.58,230.5623321533203,-216.9279022216797,-75.65538024902344,229.23228635260327,-216.73208754929396,-75.65312609760036,1.344384728835169,0.30751883562524474,0.08134021401154054,3.61065627443533e-05,49.68819827511119,75.22512238491507,nan,0.2992519992626532,nan
551.59,230.5660858154297,-216.9193572998047,-75.65589904785156,229.23564123318152,-216.72354321576185,-75.65367565052381,1.3447791214317317,0.3075664542466227,0.08136301504224024,3.683070116979542e-05,49.54877971481788,75.13499250564095,nan,nan,nan
551.6,230.56976318359375,-216.9108123779297,-75.65640258789062,229.23602319058472,-216.71167723970333,-75.65400727165095,1.3485261991403992,0.3075060717265475,0.081351814999473,3.60416596974888e-05,49.23225790418629,75.38415798482919,0.9671759642477974,0.00566769488639834,nan
551.61,230.5733642578125,-216.9022674560547,-75.65689849853516,229.23922564971656,-216.70312114501402,-75.65453501441861,1.3489220380994777,0.3075534935365285,0.08137460091634144,3.676397544788766e-05,49.091923107911576,75.37193210589749,nan,nan,nan
551.62,230.576904296875,-216.8937225341797,-75.65737915039062,229.24232124592106,-216.69453281454128,-75.6535962096101,1.349371251710996,0.3076009996933416,0.08139745377187346,3.6000691594725954e-05,49.205660468742494,75.55186813927995,nan,1.4163682886388071,nan
551.63,230.5804901123047,-216.88516235351562,-75.657958984375,229.24544498554997,-216.68597414883888,-75.65414319421701,1.3498281341001914,0.3076485920273142,0.08142037506871724,3.6722159791034095e-05,49.08099004594447,74.5775688191064,nan,nan,nan
551.64,230.5841522216797,-216.87661743164062,-75.65863037109375,229.24866195454956,-216.67744505283318,-75.656299966367,1.3502626858746054,0.3076962690472114,0.0814433636543139,3.5961365679299846e-05,48.71091210170807,75.09133717858349,nan,1.5356556143120235,nan
551.65,230.5878448486328,-216.86805725097656,-75.65939331054688,229.28408544110277,-216.6820112584883,-75.65688637577948,1.3169692436674232,0.3076358054987533,0.08143209884045974,3.665907445495941e-05,47.915016939062575,73.54598431807659,10.84187272922512,nan,nan
551.66,230.59161376953125,-216.8594970703125,-75.66024780273438,229.28741576849873,-216.67344583974736,-75.65673099509662,1.317406487849509,0.3076832854323511,0.08145507157049517,3.590163221837202e-05,47.96515650983517,73.20803665874213,nan,0.6603825342122521,nan
551.67,230.59542846679688,-216.8509521484375,-75.66118621826172,229.29082467166958,-216.66489870081506,-75.65764903606018,1.3178085821888765,0.30773085137769124,0.08147811278851609,3.6620683443329496e-05,47.835665085243036,74.74310364278288,nan,nan,nan
551.6800000000001,230.59930419921875,-216.84239196777344,-75.66221618652344,229.31010421108888,-216.63102104650224,-75.65811170450064,1.3064191986210845,0.3074448372611579,0.08064741249276419,3.586357217297758e-05,57.09968260690307,82.7877599676723,nan,0.22902943094995878,0.7507938126589282
551.69,230.60324096679688,-216.83383178710938,-75.66333770751953,229.31364948289627,-216.6224216864439,-75.65920293003869,1.3068119690288962,0.3074914830909906,0.08066720144912873,3.658190714957749e-05,56.936820964018544,82.48959534162563,nan,nan,nan
551.7,230.6072235107422,-216.8252716064453,-75.66453552246094,229.27373900166944,-216.59365916283144,-75.66256912679872,1.3534508216723922,0.30743136461263143,0.08065622501774197,3.5807271068038856e-05,57.235969050535026,84.12812887804897,18.919617158235948,2.7465779137775774,nan
551.71,230.6112518310547,-216.81671142578125,-75.66582489013672,229.27731811716643,-216.58502895138142,-75.66385796140311,1.3539053847298157,0.3074778175088199,0.08067600837088769,3.652409769005429e-05,57.07288124480457,84.05318240544308,nan,nan,nan
551.72,230.61534118652344,-216.8081512451172,-75.66719818115234,229.28094943964246,-216.5764200107157,-75.66565472524847,1.3543644566354507,0.3075243539811222,0.0806958492961894,3.577444805824584e-05,56.87363820509196,83.81276756644876,nan,0.12045178382750539,nan
551.73,230.61949157714844,-216.79959106445312,-75.66865539550781,229.28463387222058,-216.5677883721717,-75.66711791838367,1.3548357628842294,0.30757097418265766,0.08071575596360817,3.649071967656242e-05,56.7131240545551,83.60059141844599,nan,nan,nan
551.74,230.62367248535156,-216.79103088378906,-75.67019653320312,229.28836915241533,-216.55918224913245,-75.66918178158332,1.355282188351785,0.30761767824756736,0.08073572070619014,3.574315614688239e-05,56.515902722990084,83.92637446256576,nan,0.18070411579844098,nan
551.75,230.6279296875,-216.782470703125,-75.67181396484375,229.2861875109962,-216.5462615203395,-75.67074908935524,1.3623758586385604,0.3075574969619535,0.08072474358528696,3.643625946070253e-05,56.211629403121,83.75664206137857,0.8353396919146574,nan,nan
551.76,230.63221740722656,-216.77391052246094,-75.67351531982422,229.2900158860856,-216.53764126480408,-75.6729470929937,1.3628383647184916,0.3076040078489118,0.08074470247443892,3.569161986708326e-05,56.02917055523283,83.97543977482293,nan,0.15795497319888663,nan
551.77,230.63656616210938,-216.76535034179688,-75.67529296875,229.2938951884381,-216.52899644834858,-75.67474813538543,1.3633153719264284,0.3076506024176491,0.08076472690017562,3.640603719132666e-05,55.86938009606386,83.84129705688122,nan,nan,nan
551.78,230.6409454345703,-216.75677490234375,-75.6771469116211,229.29782444101124,-216.52033727725046,-75.67634245466796,1.3637732220020466,0.3076972807954246,0.08078481004275578,3.5663330740009647e-05,55.721799637665676,83.13069997541261,nan,0.05583578754510707,nan
551.79,230.6453857421875,-216.7482147216797,-75.67906188964844,229.3018016765636,-216.5116913879374,-75.67828895377582,1.3642441226675248,0.3077440431459856,0.08080495881437892,3.637733836011183e-05,55.56064635032847,83.7860733450229,nan,nan,nan
551.8000000000001,230.64988708496094,-216.73965454101562,-75.68098449707031,229.2708213544049,-216.48926502237245,-75.68039989180463,1.4016124792551505,0.3076837986719066,0.08079397032271121,3.561484370104365e-05,56.657554267914485,84.93875926662254,12.588472638938162,0.022003707106942307,nan
551.8100000000001,230.6544189453125,-216.7310791015625,-75.68289184570312,229.27483202144472,-216.48060527359345,-75.68237857575224,1.402140321954427,0.30773036759941164,0.08081411253310287,3.6327599195970794e-05,56.50066405591835,84.03563040546828,nan,nan,nan
551.82,230.65899658203125,-216.72251892089844,-75.68477630615234,229.27888461445986,-216.47202006318003,-75.68598920460505,1.402661823774595,0.30777702028037235,0.08083431406430765,3.5589430884222156e-05,56.376774556335626,85.0402798564918,nan,1.8609719578522448,nan
551.83,230.6636199951172,-216.71395874023438,-75.68663024902344,229.28298887551324,-216.46335984356548,-75.68793704988924,1.4031905797713358,0.30782375688643704,0.08085458106647012,3.630186981373306e-05,56.22470851738795,84.94032344003152,nan,nan,nan
551.84,230.66830444335938,-216.70538330078125,-75.68844604492188,229.28713758643215,-216.45472009512335,-75.69032712239601,1.4037298414571737,0.3078705775326775,0.08087490785194194,3.556540460843766e-05,56.124860051928486,83.65039623873344,nan,0.15362324247218268,nan
551.85,230.6730194091797,-216.6968231201172,-75.69022369384766,229.25936253163079,-216.43114167955625,-75.69221026162349,1.4384075715009903,0.30781026951575563,0.08086391107985669,3.6255130845423524e-05,56.61259585274555,86.53511124786964,9.537560476047096,nan,nan
551.86,230.6777801513672,-216.68826293945312,-75.69197082519531,229.26355389808515,-216.42239627686686,-75.69259966168357,1.4390001296672068,0.3078568964865398,0.08088423096939143,3.552119105409652e-05,56.3589945755001,86.15630608009228,nan,1.4680883933821607,nan
551.87,230.68258666992188,-216.6796875,-75.69368743896484,229.2677845780213,-216.4137130019438,-75.69440458113803,1.4395860193664758,0.3079036073340169,0.08090461620066942,3.6232230175402604e-05,56.21002304709301,84.72742747128088,nan,nan,nan
551.88,230.68743896484375,-216.67112731933594,-75.69536590576172,229.27206049638357,-216.40501281345985,-75.69577409732966,1.4401782201653741,0.30795040216500563,0.0809250617682726,3.549985090287567e-05,56.04551677421783,85.92336956136951,nan,0.11091965312217501,nan
551.89,230.6923370361328,-216.6625518798828,-75.69700622558594,229.2763780119735,-216.39632908916016,-75.69750906133483,1.4407688174173405,0.3079972811639835,0.08094557280853278,3.6210690207267764e-05,55.89676800574995,84.79782539577914,nan,nan,nan
551.9,230.69728088378906,-216.65399169921875,-75.69862365722656,229.2762244778037,-216.3913348068596,-75.7007193875876,1.4451277951037855,0.3079369091828348,0.08093455890214332,3.54583363367864e-05,57.327978718621914,85.93750806065206,4.655761085152081,1.7226808809534429,nan
551.91,230.70225524902344,-216.6454315185547,-75.70020294189453,229.28061291652972,-216.38267137678298,-75.7024050231232,1.4457228858961195,0.307983594253811,0.08095506234077253,3.616812965202937e-05,57.185316155120454,86.23964946284357,nan,nan,nan
551.92,230.707275390625,-216.63685607910156,-75.70175170898438,229.2850437491627,-216.3740011456938,-75.7038867511708,1.4463195070241215,0.3080303632508209,0.08097562663529255,3.5439542524186536e-05,57.031225254976526,84.89231173523274,nan,0.02065190320167915,nan
551.9300000000001,230.71234130859375,-216.6282958984375,-75.7032699584961,229.28951501343747,-216.3653375221208,-75.7055098888244,1.4469232153611848,0.30807721636648333,0.08099625631452972,3.614921098727553e-05,56.89015269914825,85.86870874550581,nan,nan,nan
551.94,230.71743774414062,-216.61972045898438,-75.70475769042969,229.29403208530618,-216.35662925188757,-75.70592102391666,1.4475158051635786,0.308124153694943,0.08101694727649103,3.542197216075329e-05,56.64076754770216,84.6753335231969,nan,0.9632285275810339,nan
551.95,230.7225799560547,-216.6111602783203,-75.70621490478516,229.30934193584312,-216.35244149060495,-75.70745720517368,1.4367249758386849,0.3080637173961499,0.08100591755851425,3.610927309799695e-05,56.302157455229725,85.22849647159906,1.1285296970319891,nan,nan
551.96,230.72776794433594,-216.6025848388672,-75.7076416015625,229.31395076519425,-216.34379987644436,-75.70945524258704,1.4373071912803148,0.3081104605368043,0.08102660050642059,3.5384196013902184e-05,56.20528779335987,83.9964338010607,nan,0.155189422926073,nan
551.97,230.7329864501953,-216.59402465820312,-75.70904541015625,229.31860094663384,-216.33514094309712,-75.71095623438804,1.4378841336773924,0.3081572877456979,0.08104734877574006,3.609282676236058e-05,56.06232972303484,84.9834707180253,nan,nan,nan
551.98,230.7382354736328,-216.58546447753906,-75.71041870117188,229.3232895486492,-216.32648646294933,-75.71256093590377,1.4384527005912346,0.30820419910933683,0.081068158802652,3.536896898289659e-05,55.93900702731696,85.15826512941781,nan,0.011830928569211713,nan
551.99,230.74354553222656,-216.57688903808594,-75.71176147460938,229.32801723299366,-216.31782730953205,-75.71400960632603,1.4390407913699805,0.30825119483232094,0.08108903431547426,3.607756624266982e-05,55.803756945259614,83.67162796085098,nan,nan,nan
552.0,230.74887084960938,-216.56832885742188,-75.71308135986328,229.3490845587862,-216.3254144271677,-75.71382748921492,1.4207074424776063,0.3081906937553293,0.08107798138532231,3.533352611227367e-05,57.28994482107258,84.44038440457616,11.682938927768378,1.9730378100621162,nan
552.01,230.75424194335938,-216.55975341796875,-75.71437072753906,229.35390561407212,-216.3168010699509,-75.71520919588156,1.4212559169826697,0.30823749503029646,0.08109884817609579,3.6041239297880843e-05,57.14904449756497,83.25048198762002,nan,nan,nan
552.02,230.75965881347656,-216.5511932373047,-75.71563720703125,229.3587738606902,-216.30811868972876,-75.71446300655654,1.4218175921577383,0.30828438040138667,0.08111977717012596,3.532049901448673e-05,57.02188980976753,84.01370642702479,nan,3.0644931828344713,nan
552.03,230.76510620117188,-216.54263305664062,-75.71688079833984,229.36366870496835,-216.29950556776944,-75.7157741825541,1.4223709980903423,0.308331350080085,0.08114077162184802,3.602823776313661e-05,56.869665778662835,83.90434735438545,nan,nan,nan
552.04,230.7705841064453,-216.5340576171875,-75.71809387207031,229.36859655641908,-216.2909126994753,-75.71768943363126,1.4229155649609995,0.3083784041420489,0.0811618286728888,3.5308526128731336e-05,56.69613394556492,82.96492944569458,nan,0.2735927431644421,nan
552.0500000000001,230.77609252929688,-216.52549743652344,-75.71929168701172,229.34871109465462,-216.26760453820395,-75.7188335263226,1.450491887904316,0.30831783793512546,0.0811507524520636,3.599415180919927e-05,56.39180671424646,84.68117497335219,7.53857132277253,nan,nan
552.0600000000001,230.78164672851562,-216.51693725585938,-75.720458984375,229.353669008821,-216.2589945178518,-75.72110733563376,1.451087607415384,0.30836469728235083,0.08117180029762913,3.527627838056866e-05,56.25183305693572,84.66286737064907,nan,0.7366120937414651,nan
552.07,230.7872314453125,-216.50836181640625,-75.72160339355469,229.358667156564,-216.25035323904552,-75.72233911936796,1.4516765804998362,0.3084116408841915,0.0811929135931477,3.598326077344434e-05,56.11207314204337,83.46898379763957,nan,nan,nan
552.08,230.79286193847656,-216.4998016357422,-75.72272491455078,229.36369580260867,-216.24173473480977,-75.7243197858269,1.4522799017003578,0.3084586688103649,0.08121408989509843,3.5266302343250666e-05,56.02458673093487,84.39287653027101,nan,0.4133189400776794,nan
552.09,230.7985076904297,-216.49124145507812,-75.72382354736328,229.36876246056195,-216.2330937085186,-75.7255154627819,1.452864255173582,0.3085057812818085,0.08123533184024165,3.597337969958958e-05,55.885639328747686,84.57711653308274,nan,nan,nan
552.1,230.80419921875,-216.482666015625,-75.72489929199219,229.38529139664877,-216.22048826593067,-75.72626261864221,1.442927038597032,0.30844514945013546,0.08122422605863887,3.5236027040902096e-05,53.664950992388896,82.38531866548385,11.072859161009276,0.07919486002053631,nan
552.11,230.80992126464844,-216.47410583496094,-75.72595977783203,229.3904541111058,-216.21181910530848,-75.72741109245526,1.4434969466030485,0.3084920669389664,0.08124545808374121,3.594234420792483e-05,53.52420038433883,83.21941039610446,nan,nan,nan
552.12,230.815673828125,-216.46554565429688,-75.72699737548828,229.39564896666164,-216.20315362288167,-75.72866073659044,1.444064732653765,0.3085390686927359,0.08126675349728038,3.522790809078688e-05,53.39768505281661,83.21464721414499,nan,0.010289337647849518,nan
552.13,230.8214569091797,-216.4569854736328,-75.72801208496094,229.40087688149708,-216.19448514342824,-75.72977026951767,1.4446304474228535,0.30858615493727604,0.08128811457536293,3.5934365699210496e-05,53.25891266784283,83.19856058890545,nan,nan,nan
552.14,230.82728576660156,-216.44842529296875,-75.72900390625,229.40614272861802,-216.1857887013187,-75.72977585462068,1.4452079814292922,0.30863332573443364,0.08130953941193472,3.5220677288301836e-05,53.04553709297062,82.84102097417112,nan,0.8199185363864069,nan
552.15,230.8331298828125,-216.4398651123047,-75.72998046875,229.4217875250987,-216.18117445374384,-75.7307649082952,1.4348549483655877,0.30857262792588114,0.08129840290498493,3.59052033725112e-05,52.681333846621015,82.3836879806492,1.2829599467207786,nan,nan
552.16,230.83900451660156,-216.43128967285156,-75.7309341430664,229.42713627800086,-216.17247730696104,-75.73044594918285,1.4353940233401314,0.3086196034671311,0.08131981727357665,3.519307193042206e-05,52.52859420267442,81.19703732586665,nan,1.2906638586918024,nan
552.17,230.8449249267578,-216.4227294921875,-75.73186492919922,229.4325084036379,-216.1638148635244,-75.73145491891447,1.4359517358972382,0.308666663443335,0.08134129734458709,3.589898579301208e-05,52.38302262419956,82.11201832975922,nan,nan,nan
552.1800000000001,230.85086059570312,-216.41416931152344,-75.7327880859375,229.43791125391178,-216.15515176678272,-75.7323959593798,1.4364943733671027,0.30871380791254516,0.08136284152339601,3.518750437793738e-05,52.238057743959516,81.81498645454589,nan,0.001757753771355071,nan
552.19,230.85684204101562,-216.40560913085938,-75.73368835449219,229.4433438863499,-216.1464904598894,-75.73336921728797,1.437052407094879,0.3087610371068073,0.08138445162195185,3.5893609563721334e-05,52.09406765768417,81.55239376979958,nan,nan,nan
552.2,230.86277770996094,-216.3970489501953,-75.73456573486328,229.43097019819237,-216.12374680026167,-75.73427767950142,1.4576580184978711,0.3087002727991516,0.08137327897726804,3.516153021954409e-05,51.16604068380168,82.47672146928439,6.45970320306603,0.0012677450696512928,nan
552.21,230.86862182617188,-216.38848876953125,-75.73542785644531,229.43631740003227,-216.1150521065563,-75.73521669798818,1.4581713282004563,0.30874730646213566,0.08139487788272358,3.5866967203967916e-05,51.014610302230416,82.47906496319501,nan,nan,nan
552.22,230.8743896484375,-216.3799285888672,-75.73627471923828,229.44158667851892,-216.1063234479581,-75.73458722904128,1.4586935837805568,0.30879442455807227,0.08141654122401792,3.5157494940589986e-05,50.9456974501197,82.00245462834069,nan,1.6858525037178997,nan
552.23,230.8800506591797,-216.37136840820312,-75.73710632324219,229.44674702248432,-216.09762944333298,-75.73547861310995,1.4592103978839481,0.30884162732170106,0.0814382705463837,3.586315743862869e-05,50.789596674770884,81.83973405047126,nan,nan,nan
552.24,230.88558959960938,-216.36280822753906,-75.7379150390625,229.45180604228915,-216.08891877077303,-75.73555525441672,1.4597110304279421,0.30888891480653324,0.08146006465312763,3.5154191587748984e-05,50.72382735815942,82.2998435405304,nan,0.44685704238246865,nan
552.25,230.8910369873047,-216.35426330566406,-75.73871612548828,229.454479599781,-216.07193252643557,-75.73650362425367,1.4640398531837762,0.3088280836439638,0.08144885388588755,3.583804684948472e-05,49.26855310270281,82.9302226444633,5.733615038631588,nan,nan
552.26,230.8963623046875,-216.345703125,-75.73949432373047,229.45933008551245,-216.0631834251205,-75.736052939778,1.464544578662827,0.30887517531790426,0.08147063619321632,3.513039883093832e-05,49.31897756141603,82.32032895128796,nan,1.1663473952976136,nan
552.27,230.90159606933594,-216.33714294433594,-75.74026489257812,229.4640669373464,-216.0544603556385,-75.73686496765231,1.4650634835258214,0.30892235160087583,0.08149248455580403,3.583567310908859e-05,49.15630505079503,81.63649598566266,nan,nan,nan
552.28,230.90672302246094,-216.32858276367188,-75.74101257324219,229.4686967496857,-216.04574553566403,-75.73809210002268,1.4655800858031667,0.30896961254476285,0.08151439800354182,3.512844956688423e-05,48.92858211705567,81.81548106421174,nan,0.1292482889412242,nan
552.29,230.9117431640625,-216.3200225830078,-75.74174499511719,229.4732263261859,-216.03702243890123,-75.73887989580416,1.4660927607804648,0.3090169583872201,0.0815363777436102,3.583398502115157e-05,48.76694043194066,81.77490983652581,nan,nan,nan
552.3000000000001,230.9166717529297,-216.31146240234375,-75.74246978759766,229.4914140211104,-216.03239907282847,-75.74081292554449,1.4523218270007219,0.3089560598275624,0.08152512407379135,3.510597625178099e-05,47.909563902829326,80.59532699624427,3.263394059132329,0.7113709632505665,nan
552.3100000000001,230.92149353027344,-216.3029022216797,-75.74317169189453,229.4957688752397,-216.02367600929185,-75.74158630677417,1.4528112689202048,0.309003209576536,0.08154709127519108,3.5810909404628016e-05,47.75426680189236,81.00830758561209,nan,nan,nan
552.32,230.9262237548828,-216.29434204101562,-75.74386596679688,229.5000360577116,-216.01492321793899,-75.74066866321608,1.4533053529806517,0.30905044392565745,0.08156912384475132,3.5105262247628e-05,47.82901456839175,80.77299678788366,nan,1.9755251078858949,nan
552.33,230.93084716796875,-216.28578186035156,-75.74454498291016,229.50419842203533,-216.00619936947402,-75.74139922999187,1.4537891557031628,0.30909776311320203,0.08159122279911366,3.581048162070495e-05,47.666971587387025,80.98210332826,nan,nan,nan
552.34,230.93539428710938,-216.2772216796875,-75.74520874023438,229.50826794126343,-215.99747387868265,-75.74204280643642,1.4542896762032897,0.30914516718967466,0.08161338745279381,3.5105138210407356e-05,47.53111004020596,80.67605579297162,nan,0.003877617614344581,nan
552.35,230.93984985351562,-216.26866149902344,-75.74585723876953,229.51698019868977,-215.98567981144726,-75.74276554938848,1.4507398969735938,0.30908420087002225,0.08160208829501439,3.578863083703504e-05,46.41189176701983,80.53734826962308,2.809307038844314,nan,nan
552.36,230.9442138671875,-216.26010131835938,-75.74649810791016,229.52088289559816,-215.97693403480594,-75.74320541897451,1.451228998800984,0.3091314085672823,0.08162423975102831,3.508440628843626e-05,46.308822879809846,80.33162095020104,nan,0.04496738755951798,nan
552.37,230.948486328125,-216.25152587890625,-75.74712371826172,229.52469623771285,-215.96819157681628,-75.74388398535596,1.4517117634592487,0.3091787010415796,0.08164645769387702,3.5789346774455673e-05,46.150829032401624,79.21507105868825,nan,nan,nan
552.38,230.9526824951172,-216.2429656982422,-75.74774169921875,229.52842365023866,-215.95944762119558,-75.7445006162073,1.4522073756340717,0.3092260783437204,0.08166874159668708,3.5085358930603325e-05,46.01326290378457,80.0406424127826,nan,0.0017921160643821201,nan
552.39,230.956787109375,-216.23440551757812,-75.74833679199219,229.5320664380956,-215.95070359222728,-75.74515597061657,1.4526960766943746,0.30927354071194046,0.08169109223919692,3.579060911964334e-05,45.8524060510822,80.6205472991132,nan,nan,nan
552.4,230.9608154296875,-216.22584533691406,-75.74893188476562,229.53398614057258,-215.93320255009843,-75.74718973374573,1.456531721604986,0.3092125060773393,0.08167974326414851,3.506567007798412e-05,44.18865831438014,79.90660480403902,5.89960348653511,1.3702570135501082,nan
552.41,230.96475219726562,-216.21726989746094,-75.74950408935547,229.5374702683622,-215.92442591130862,-75.74783702850219,1.4570154713975254,0.30925977177687536,0.08170207995251196,3.577036308286124e-05,44.03820402138571,79.29382067487573,nan,nan,nan
552.42,230.96861267089844,-216.20870971679688,-75.75007629394531,229.540874029679,-215.91565034195085,-75.74862593696874,1.4575059273812987,0.30930712224262363,0.08172448284684306,3.506759460278409e-05,43.87686040941207,79.9474039289273,nan,0.016296967845259865,nan
552.4300000000001,230.972412109375,-216.20013427734375,-75.75062561035156,229.54420083054444,-215.906871747542,-75.74925369658445,1.458009688072041,0.30935455771168896,0.08174695259658206,3.577261514423292e-05,43.730490818906496,78.8150670774838,nan,nan,nan
552.44,230.9761199951172,-216.1915740966797,-75.75116729736328,229.54744534453843,-215.89810544113803,-75.7509284122977,1.4585044278499242,0.3094020782361897,0.08176948886976074,3.5069983946288215e-05,43.53664368250412,80.15816875925464,nan,0.7859016924524297,nan
552.45,230.97976684570312,-216.18299865722656,-75.75170135498047,229.55614892072668,-215.89305976669004,-75.75156533768794,1.452842928557825,0.3093409749137501,0.08175808706918146,3.5753325731781217e-05,43.613033968423,78.2423621807824,0.4263310037594248,nan,nan
552.46,230.9833221435547,-216.1744384765625,-75.75222778320312,229.5592598826391,-215.88428563234658,-75.75213960395007,1.4533210257015325,0.3093882984779026,0.08178060868172363,3.5051651450279375e-05,43.470150195096025,79.72865066790729,nan,0.0008357744405602442,nan
552.47,230.98683166503906,-216.16586303710938,-75.75273895263672,229.56229881171552,-215.87551113868506,-75.75273842154256,1.4538218856232001,0.3094357069814569,0.08180319727204126,3.575646606636972e-05,43.33288456036588,78.05400977933671,nan,nan,nan
552.48,230.99024963378906,-216.15728759765625,-75.75324249267578,229.56527644669438,-215.86671784281285,-75.75170506645425,1.4542976758724153,0.3094832004783839,0.08182585261375423,3.505487564727953e-05,43.261566535549925,78.40505060757603,nan,1.853786676600041,nan
552.49,230.9936065673828,-216.14871215820312,-75.75373077392578,229.5681760590408,-215.85794136959686,-75.75226931457368,1.4547858679140002,0.30953077920335287,0.08184857519840266,3.576003181121819e-05,43.11608134703746,78.45500317878071,nan,nan,nan
552.5,230.9969024658203,-216.14013671875,-75.75421142578125,229.54566824350485,-215.84600832090192,-75.75045867530483,1.4807452061635678,0.3094696066317121,0.08183711655129253,3.5037347875742695e-05,45.32113664825114,79.63370994303192,12.329970990280628,3.653390644167927,nan
552.51,231.0001220703125,-216.13156127929688,-75.75468444824219,229.5483832071453,-215.83724398577309,-75.75098085474309,1.481277189692055,0.3095169881003603,0.08185982369903852,3.574197588377047e-05,45.16643808602149,79.68532062785998,nan,nan,nan
552.52,231.00328063964844,-216.12298583984375,-75.7551498413086,229.55102781000417,-215.82848802386204,-75.75246887718778,1.481814574228636,0.3095644544996935,0.08188259781421232,3.5041316860187975e-05,44.8519265259594,79.3396482607117,nan,0.6687553008470593,nan
552.53,231.0065155029297,-216.11441040039062,-75.75570678710938,229.55367713802653,-215.81972168905304,-75.75303543154887,1.4824263513796627,0.30961200606190975,0.08190543930435795,3.574629873478675e-05,44.71845711276015,79.19920505379322,nan,nan,nan
552.54,231.00979614257812,-216.1058349609375,-75.75635528564453,229.5563982938426,-215.81093947408112,-75.75202630798263,1.4830196879761695,0.30965964284437136,0.08192834806894154,3.5045643367916356e-05,44.92417572302111,79.8855638504418,nan,1.9642254682415305,nan
552.5500000000001,231.01315307617188,-216.09725952148438,-75.75709533691406,229.56460158847543,-215.80272519197953,-75.7528787458323,1.4781981137198128,0.3095984006386469,0.08191682928452931,3.5728971234567245e-05,44.43243712407247,79.4524481407825,1.1765526423200798,nan,nan
552.5600000000001,231.0165557861328,-216.0886688232422,-75.75792694091797,229.56745103565257,-215.79394692713652,-75.75303160969655,1.4787797463369259,0.3096458398673647,0.08193972186288681,3.502914396388498e-05,44.49237301490086,78.60254706458707,nan,0.3249232317291395,nan
552.57,231.02001953125,-216.08009338378906,-75.75884246826172,229.57035717683036,-215.78517336035878,-75.75394759242697,1.4793656484625628,0.3096933641927466,0.08196268195242784,3.573396509076954e-05,44.349812526279656,80.11121453264488,nan,nan,nan
552.58,231.02354431152344,-216.07150268554688,-75.75985717773438,229.5733332944393,-215.77638446842352,-75.75304878120421,1.479950374307736,0.30974097367513226,0.08198570951809418,3.5034100150520517e-05,44.87653923813739,78.90947418172107,nan,2.5565332305470805,nan
552.59,231.02713012695312,-216.06292724609375,-75.76094818115234,229.5763579122363,-215.76760934262802,-75.75412459986131,1.4805401866762753,0.30978866854252757,0.08200880486938035,3.57392820239329e-05,44.728096403707944,80.67525817780714,nan,nan,nan
552.6,231.03077697753906,-216.05433654785156,-75.76213073730469,229.58829859627724,-215.77437801288102,-75.75468340787616,1.4694135307755258,0.3097273561402675,0.0819972221269143,3.50182052532247e-05,46.82788182391762,79.15099197312782,13.100712820500036,0.4492751115679798,nan
552.61,231.03448486328125,-216.04576110839844,-75.7634048461914,229.59144361520737,-215.76564879185855,-75.75593001133805,1.4699955192707403,0.30977485315183784,0.08202030049391779,3.5722875941409976e-05,46.681987350239254,79.96104347440168,nan,nan,nan
552.62,231.03823852539062,-216.03717041015625,-75.76475524902344,229.5946413274827,-215.75692427813203,-75.75810181883327,1.4705628284624461,0.30982243525646824,0.08204344652910937,3.5023715571353216e-05,46.25753720603576,79.06801908865033,nan,0.496798513425854,nan
552.63,231.04205322265625,-216.02857971191406,-75.76618957519531,229.59789984367987,-215.7481937347192,-75.75952765055013,1.471135500032678,0.3098701026787806,0.08206666049240922,3.572875525194797e-05,46.11216099859427,78.93595361318303,nan,nan,nan
552.64,231.04592895507812,-216.02000427246094,-75.76770782470703,229.60121607087743,-215.7394603676278,-75.76064424098685,1.4717167168071086,0.309917855483943,0.082089942423183,3.5029493849024025e-05,46.168890215004936,80.14116293108088,nan,0.10908025710755388,nan
552.65,231.0498504638672,-216.01141357421875,-75.7693099975586,229.62372370919496,-215.73230354753318,-75.76224144326535,1.453199880211993,0.30985647248726683,0.08207829225745074,3.571288841531962e-05,44.58253355566501,78.11550728403041,7.273860761468347,nan,nan
552.66,231.0538330078125,-216.00282287597656,-75.77099609375,229.62719423518462,-215.7235499284337,-75.76223184380429,1.4537428860949175,0.30990402713360843,0.08210155641591059,3.5014355123093354e-05,45.253970722521636,78.56150561297686,nan,1.9938301817379092,nan
552.67,231.057861328125,-215.99423217773438,-75.77275085449219,229.63070983966787,-215.71480466278638,-75.76396783725171,1.4542758502111124,0.30995166702933313,0.08212488864707357,3.571925873929861e-05,45.09614604145427,79.31140405707768,nan,nan,nan
552.6800000000001,231.0619354248047,-215.98565673828125,-75.77459716796875,229.69882118059328,-215.7029371304027,-75.76874715983135,1.3921368618229455,0.30519722469882254,0.0821369608964336,3.501921458984469e-05,52.31485806146051,87.27830217985422,nan,6.048102526175144,0.8678784784032416
552.69,231.0660858154297,-215.97706604003906,-75.7764892578125,229.7024733420353,-215.69413912620507,-75.7706623486788,1.3926667113988416,0.30524040766721267,0.08216004908293634,3.57244566758713e-05,52.12686759475915,86.14946625999546,nan,nan,nan
552.7,231.0702667236328,-215.96847534179688,-75.77839660644531,229.72879600664552,-215.70104034805271,-75.77131379004302,1.3678871761594658,0.305179510345269,0.08214839666270546,3.500456238932901e-05,53.28096337072297,85.89809449352957,7.293097691608228,1.2498230702007316,nan
552.71,231.0745086669922,-215.9598846435547,-75.78028869628906,229.7325797374828,-215.6922767455822,-75.77325001401614,1.3683701187761947,0.30522251777153203,0.08217146303053335,3.57093032263962e-05,53.073936516773486,85.63810985068923,nan,nan,nan
552.72,231.07879638671875,-215.9512939453125,-75.78215789794922,229.7363798850208,-215.68351614656635,-75.77561520602968,1.3688790378809454,0.30526560006559306,0.08219459144027695,3.501124392530498e-05,52.74764509555667,85.32352628341171,nan,0.14159349597998444,nan
552.73,231.0831298828125,-215.9427032470703,-75.78399658203125,229.74026394773068,-215.67475227874226,-75.77750952474229,1.3693533959293986,0.3053087737948382,0.08221778218136612,3.57163623982928e-05,52.54153757784921,85.23536912126666,nan,nan,nan
552.74,231.0875244140625,-215.93411254882812,-75.78579711914062,229.74413505694253,-215.66599388398538,-75.78020402059138,1.3698955675567597,0.30535202294523384,0.0822410352624946,3.5018120133291575e-05,52.09669495560538,84.89642985490156,nan,0.48770259485256096,nan
552.75,231.09194946289062,-215.92552185058594,-75.78756713867188,229.71904159559028,-215.63981267899993,-75.78214559712085,1.4023320348392256,0.30529114478608577,0.08222932009557396,3.570159429792974e-05,51.625142079477406,86.10972166652502,9.392826396026939,nan,nan
552.76,231.096435546875,-215.9169464111328,-75.78929901123047,229.72301267027606,-215.63101556521352,-75.78417524896388,1.402880286964354,0.3053342184802223,0.08225255083731642,3.500400248273706e-05,51.38874043945863,87.11986302110799,nan,0.03503782605396557,nan
552.77,231.10096740722656,-215.90835571289062,-75.79100036621094,229.7270477069403,-215.62221701505817,-75.78595097199252,1.403408776377677,0.30537738302611755,0.08227584411143839,3.570899810693291e-05,51.19319794932866,85.55835534840962,nan,nan,nan
552.78,231.1055450439453,-215.89976501464844,-75.79266357421875,229.7310579533325,-215.61342418734878,-75.78868757711663,1.4040020086142517,0.3054206234836414,0.08229919996192665,3.5011201223199664e-05,50.77139917428889,85.46523694620566,nan,0.6969153680157519,nan
552.79,231.11016845703125,-215.89117431640625,-75.79429626464844,229.73518660765677,-215.60462586069477,-75.79040786796035,1.404528470059863,0.3054639548227184,0.08232261862643121,3.5716572472468086e-05,50.58430778392023,85.15527106650356,nan,nan,nan
552.8000000000001,231.11483764648438,-215.88258361816406,-75.7958984375,229.7209808323479,-215.5788715675104,-75.79261973233639,1.4265653079808571,0.30540307940428024,0.08231083774904503,3.499739227345912e-05,48.93956482170736,85.59557097056292,10.759946686565904,0.19602016193291186,nan
552.8100000000001,231.1195526123047,-215.87399291992188,-75.7974624633789,229.72518568323264,-215.5700295393283,-75.79428213343705,1.4271170183731388,0.305446234815692,0.0823342335167956,3.570226431764432e-05,48.756551677005135,85.8258610384545,nan,nan,nan
552.82,231.1243133544922,-215.8654022216797,-75.79900360107422,229.72948349936308,-215.5611840032518,-75.79522658273389,1.427625061089378,0.30548946661525,0.08235769209049595,3.5004863793942094e-05,48.72224259505038,85.29906883836503,nan,0.3334209338629523,nan
552.83,231.12911987304688,-215.8568115234375,-75.80050659179688,229.73377795160397,-215.55234164533942,-75.79682146758397,1.4281787579100533,0.30553278872976547,0.08238121368071605,3.571011479675485e-05,48.536930635994175,85.58889635706304,nan,nan,nan
552.84,231.13397216796875,-215.8482208251953,-75.80198669433594,229.73806752960581,-215.54350251494918,-75.79910019279524,1.4287796680711689,0.3055761877713014,0.08240479837123144,3.501247216586844e-05,48.23730764399456,84.82574731165687,nan,0.35887721105263726,nan
552.85,231.13885498046875,-215.83963012695312,-75.80343627929688,229.74476507812565,-215.53469598932617,-75.80056775361717,1.4270528065018682,0.30551532857653213,0.08239294899756511,3.569607140938713e-05,47.89996234530555,84.90449117047042,0.4870045871220112,nan,nan
552.86,231.14378356933594,-215.8310546875,-75.80484771728516,229.7492853317692,-215.5258463912422,-75.80075217009801,1.4275132966764712,0.3055585517436741,0.08241651023113754,3.499902394510955e-05,47.98797762210497,86.82690797824625,nan,1.2489726602264153,nan
552.87,231.1487579345703,-215.8224639892578,-75.80624389648438,229.75375874140835,-215.5170021760072,-75.80222565950362,1.4280566566160184,0.305601864673701,0.08244013468313932,3.570415210818098e-05,47.80428948631031,84.48898907830275,nan,nan,nan
552.88,231.15377807617188,-215.81387329101562,-75.80760192871094,229.75834792301546,-215.50815400125208,-75.80255276630773,1.428535995525708,0.30564525498273365,0.0824638224574728,3.5006847668644455e-05,47.92450643276702,85.19632479953479,nan,0.8843628827947793,nan
552.89,231.15884399414062,-215.80528259277344,-75.8089370727539,229.76290480734747,-215.49930992106513,-75.8039616211615,1.4290872066377218,0.30568873510211025,0.08248757373516209,3.57123504791145e-05,47.73458061326572,84.66911232042234,nan,nan,nan
552.9,231.1639404296875,-215.79669189453125,-75.81024932861328,229.75634146012877,-215.48360956280533,-75.80834998118625,1.4419982708250378,0.30562787823321635,0.08247565292503051,3.499360658355105e-05,46.90877401176817,84.47456603284022,1.4684883415307415,6.149958522253669,nan
552.91,231.1690673828125,-215.78810119628906,-75.81153106689453,229.7609635409456,-215.47475213151316,-75.80973804218885,1.4425488833359736,0.30567118201207194,0.08249938015754302,3.569860841791037e-05,46.739961662051236,84.80373224842197,nan,nan,nan
552.92,231.17425537109375,-215.77952575683594,-75.81278228759766,229.76579552042836,-215.4658871295908,-75.80841200110925,1.442964808593953,0.3057145636024108,0.08252317092862643,3.500160677664457e-05,47.0395656734321,86.29247256869947,nan,5.106444353914209,nan
552.9300000000001,231.17947387695312,-215.77093505859375,-75.81401824951172,229.77049684134454,-215.45702989575665,-75.8097241202823,1.4435273387345273,0.30575803447662714,0.08254702540506126,3.57069854101092e-05,46.8568718427203,84.36730556278438,nan,nan,nan
552.94,231.18472290039062,-215.76234436035156,-75.81522369384766,229.77516985223147,-215.4481754543811,-75.81209871157185,1.444143920309767,0.30580158367956894,0.08257094371170755,3.5009699464630574e-05,46.46549959106877,84.54744324751276,nan,0.8326476130893279,nan
552.95,231.1900177001953,-215.75375366210938,-75.81640625,229.805958587637,-215.45362809825568,-75.81332534367125,1.4162289621095834,0.30574074006500085,0.08255894858780613,3.5693416196125346e-05,46.36904866909121,83.04069211900656,6.6885847544426165,nan,nan
552.96,231.19534301757812,-215.74517822265625,-75.81756591796875,229.81081351670096,-215.44479748716546,-75.81462435431406,1.4167424529002768,0.30578411294225605,0.08258284225182091,3.499668648210228e-05,46.19447187022861,84.24684261935862,nan,0.0015253241779603893,nan
552.97,231.20071411132812,-215.73658752441406,-75.8187026977539,229.81570890194,-215.43596735063036,-75.81585502414902,1.417257925771773,0.3058275745960215,0.08260679982174865,3.570193636650349e-05,46.022987087423836,82.56751854564331,nan,nan,nan
552.98,231.20611572265625,-215.72799682617188,-75.81981658935547,229.8207427750088,-215.4271346609184,-75.81535457711158,1.4176727958551194,0.3058711149798767,0.08263082143181832,3.500491324706082e-05,46.21309971775289,82.9016465321359,nan,2.0624480073917697,nan
552.99,231.21156311035156,-215.71942138671875,-75.82090759277344,229.8257117440702,-215.41830512370254,-75.8165249408305,1.4181939997457496,0.305914744211304,0.08265490723504161,3.571053428801914e-05,46.02915638344659,83.86331680378107,nan,nan,nan
553.0,231.217041015625,-215.71083068847656,-75.82197570800781,229.85040844183052,-215.42363348177153,-75.8190392944152,1.3964868240767876,0.30585390227895587,0.08264283485598174,3.499203121810922e-05,46.30418318692687,81.63376422823718,5.704898356013405,1.218818714508369,nan
553.01,231.22254943847656,-215.70223999023438,-75.8230209350586,229.85547442498196,-215.41483551538468,-75.82018240465189,1.396962233540963,0.30589735473041035,0.08266689539734301,3.569714733204625e-05,46.133711340827915,81.69497499192117,nan,nan,nan
553.02,231.2281036376953,-215.69366455078125,-75.82405090332031,229.8605984935481,-215.40603741526837,-75.82090609758365,1.3974296326311122,0.30594088629059035,0.08269102018373854,3.500036238710168e-05,46.03949252442971,82.2631747709967,nan,0.11264222385239582,nan
553.03,231.2336883544922,-215.68507385253906,-75.82505798339844,229.86573500640023,-215.39724015485186,-75.82200552863756,1.3979105542059391,0.30598450622182216,0.08271520936283691,3.570585118369379e-05,45.86981873800506,81.0691677034677,nan,nan,nan
553.04,231.2393035888672,-215.67649841308594,-75.82604217529297,229.87110529433556,-215.3884406323833,-75.81949418236452,1.3982084016318765,0.30602820575312856,0.08273946307675925,3.500875313937341e-05,46.68268806567006,83.36315139885183,nan,9.102972679748982,nan
553.0500000000001,231.2449493408203,-215.66790771484375,-75.82701110839844,229.89146777794141,-215.3851114945253,-75.82053571713077,1.3827248366799447,0.30596737411643465,0.08272731050754528,3.569256933064874e-05,46.00738647189953,81.19046089591745,2.8081498407388468,nan,nan
553.0600000000001,231.25064086914062,-215.65933227539062,-75.82795715332031,229.8967045085999,-215.3763204850862,-75.82212499977047,1.3832112477349991,0.3060108968411598,0.08275153832688709,3.499600137301714e-05,45.655095183279684,82.0403389058838,nan,0.2394662735127073,nan
553.07,231.25636291503906,-215.6507568359375,-75.82888793945312,229.9020060961667,-215.36752984397341,-75.82311975194371,1.3836665760905802,0.30605450748192936,0.08277583073638856,3.570135238881253e-05,45.465998217249904,81.66380408788268,nan,nan,nan
553.08,231.26206970214844,-215.6421661376953,-75.82979583740234,229.90724076817554,-215.35874016805263,-75.8255345825477,1.3841639638752934,0.30609819806690103,0.08280018788027965,3.5004466694211636e-05,44.904620672617675,80.11936347092617,nan,1.4591210278890014,nan
553.09,231.2677001953125,-215.6335906982422,-75.8306884765625,229.91251234020646,-215.34995096243148,-75.8265086886677,1.384558808062886,0.30614197666582404,0.08282460990311544,3.571018412840366e-05,44.72083574529706,81.27553126337891,nan,nan,nan
553.1,231.27325439453125,-215.62501525878906,-75.8315658569336,229.89697967464613,-215.33508859618283,-75.8301215111588,1.4064820156758366,0.30608114582954216,0.08281237418601751,3.4991790795083975e-05,45.2353249026378,81.1753874957989,7.235776274331096,4.425150811510395,nan
553.11,231.27871704101562,-215.61642456054688,-75.8324203491211,229.90204116161192,-215.32629864248642,-75.83108965360479,1.406915525542648,0.30612474718320987,0.08283676966418832,3.569699836180764e-05,45.07621919811203,79.96035446710218,nan,nan,nan
553.12,231.2840576171875,-215.60784912109375,-75.83325958251953,229.9069951523531,-215.31750906562672,-75.83218681504115,1.4073377457790572,0.3061684288011729,0.08286123007187399,3.500030858155151e-05,44.90578619964575,81.3055524512939,nan,0.014903425103697908,nan
553.13,231.289306640625,-215.59927368164062,-75.8340835571289,229.91185341847867,-215.30871990041928,-75.83312423028245,1.4077641135116796,0.306212198011237,0.08288575555409661,3.570588386450258e-05,44.74678554679758,80.76868037463157,nan,nan,nan
553.14,231.29446411132812,-215.5906982421875,-75.83489227294922,229.9166224454013,-215.29993100385877,-75.83375780110046,1.4081883859326962,0.30625604794918476,0.08291034625443905,3.500886247645754e-05,44.60765862276963,80.30155089089861,nan,0.05861561869194133,nan
553.15,231.29949951171875,-215.58212280273438,-75.83568572998047,229.92290969035673,-215.2899396742436,-75.83475552637505,1.407256686653472,0.3061952244873743,0.08289802442183271,3.569275524886942e-05,44.13335924736901,80.55070804060264,0.8668517742374564,nan,nan
553.16,231.304443359375,-215.5735321044922,-75.83645629882812,229.9275020947563,-215.2811455078718,-75.83492293345071,1.4076432500112954,0.3062388971113096,0.08292258791134852,3.4996247507680206e-05,44.028826143363645,79.45581211638442,nan,0.369099014029147,nan
553.17,231.30929565429688,-215.56495666503906,-75.83721923828125,229.93196078678926,-215.27235064311043,-75.83579145417708,1.4080737409271449,0.3062826569276822,0.08294721666839919,3.570167484980891e-05,43.86971871973241,79.9091247074366,nan,nan,nan
553.1800000000001,231.3140411376953,-215.55638122558594,-75.83795928955078,229.93631835633784,-215.26355560986437,-75.83673185126484,1.408498636882139,0.3063264977566812,0.0829719108341309,3.5004834207904745e-05,43.70611052600991,80.49724502994698,nan,0.005233712948560363,nan
553.19,231.31869506835938,-215.5478057861328,-75.83869171142578,229.94058461190716,-215.25476045485817,-75.83757311784576,1.4089234356828642,0.3063704259039301,0.08299667055713275,3.571062287465173e-05,43.54946753736005,79.83969676842635,nan,nan,nan
553.2,231.32325744628906,-215.53921508789062,-75.83940887451172,229.96596528889452,-215.25836087970518,-75.83602833276736,1.3860492469038328,0.3063096021245734,0.08298425962735187,3.499225703466574e-05,43.90691966886669,77.95707250628047,5.009603341923254,3.6262641370163817,nan
553.21,231.32772827148438,-215.5306396484375,-75.8401107788086,229.97007857880482,-215.2495885933992,-75.83681770954978,1.3864390458567513,0.3063533525362545,0.08300899145896727,3.569753072742185e-05,43.7364147196966,79.12765170450174,nan,nan,nan
553.22,231.3321075439453,-215.52206420898438,-75.8407974243164,229.9740871265038,-215.24081538126416,-75.83792721568477,1.3868412293336236,0.30639718422145173,0.0830337888858451,3.5000860471066955e-05,43.5205846910734,79.09073013087891,nan,0.07851922833403409,nan
553.23,231.33641052246094,-215.51348876953125,-75.84146881103516,229.9780220460033,-215.23204217157163,-75.83869340548486,1.3872415591207976,0.30644110285840825,0.08305865206048407,3.5706496825885865e-05,43.355170000005295,78.7944145243292,nan,nan,nan
553.24,231.3406219482422,-215.50489807128906,-75.84212493896484,229.98194504742543,-215.22327154101762,-75.8377151742905,1.3875647261984756,0.30648510320471173,0.08308358111831203,3.500948408779918e-05,43.551752189477284,78.09399786880705,nan,2.1163394450819575,nan
553.25,231.34474182128906,-215.49632263183594,-75.8427734375,229.97163240534303,-215.21454882075486,-75.83838884319132,1.401729350994001,0.30642428393142196,0.08307107810933534,3.569342959669647e-05,44.91545341706819,79.59953813509073,7.124342989247965,nan,nan
553.26,231.34878540039062,-215.48773193359375,-75.8434066772461,229.9752454680782,-215.20578547145746,-75.83987711648767,1.402183372803679,0.3064681064323055,0.08309597857783829,3.499692117548456e-05,44.59142901575855,78.143907576689,nan,0.4268645226762477,nan
553.27,231.35275268554688,-215.47915649414062,-75.84402465820312,229.9788097679094,-215.1970231278953,-75.84058390062069,1.4026154911763251,0.30651201554000024,0.0831209449816298,3.570239964296816e-05,44.423739756041186,79.35390218075798,nan,nan,nan
553.28,231.35662841796875,-215.47056579589844,-75.84463500976562,229.9824134247432,-215.1882669786145,-75.8383482323693,1.4029251560278604,0.30655600658366383,0.08314597745120514,3.5005549860159975e-05,45.07987882626137,78.8085095956309,nan,6.064177624723457,nan
553.29,231.36044311523438,-215.4619903564453,-75.84523010253906,229.9858197301377,-215.1795034764182,-75.83900318384278,1.4033627694785566,0.30660008438725284,0.08317107614630866,3.571138479250972e-05,44.8944425948914,79.78745049443634,nan,nan,nan
553.3000000000001,231.36416625976562,-215.45339965820312,-75.84581756591797,229.98370982577205,-215.16722706960977,-75.83935750529679,1.4098214245072684,0.30653926345299126,0.08315847805067365,3.499299997391161e-05,44.86193365165832,78.98430604299118,0.9588269186672608,0.11836475671304694,nan
553.3100000000001,231.36782836914062,-215.44482421875,-75.84638977050781,229.98695701136685,-215.15845556395428,-75.83998923913197,1.4102672370764988,0.30658316300649885,0.08318354744599613,3.5698315190520815e-05,44.67553673395659,80.07430395967283,nan,nan,nan
553.32,231.3714141845703,-215.4362335205078,-75.84695434570312,229.9900822995933,-215.1496800003727,-75.84187221395199,1.4107503409246827,0.30662714470000624,0.08320868308606312,3.5001622315640276e-05,44.127322056559656,78.20432721162717,nan,1.1240890877120504,nan
553.33,231.3749237060547,-215.42764282226562,-75.84750366210938,229.99318382185692,-215.14090705319,-75.84249554921979,1.4111865893796505,0.30667121283999715,0.08323388513621298,3.570729554019105e-05,43.95321479446827,78.48226454745246,nan,nan,nan
553.34,231.37835693359375,-215.4190673828125,-75.8480453491211,229.99618149861806,-215.13213070311105,-75.8440021206433,1.4116507850402893,0.30671536352943435,0.08325915371872825,3.5010254753924104e-05,43.5761750122738,79.36477812464723,nan,0.5631865283983711,nan
553.35,231.38172912597656,-215.4104766845703,-75.84857177734375,229.98521300920876,-215.11419997983845,-75.84460730104541,1.4276038901709769,0.3066545442919778,0.08324645755303535,3.56942307105162e-05,43.25254513328297,78.76441565341231,2.245185558414372,nan,nan
553.36,231.38504028320312,-215.40188598632812,-75.84909057617188,229.98811353644834,-215.10540810636064,-75.84448071216465,1.428049270842953,0.3066985165826944,0.08327169610759086,3.4997689903135905e-05,43.282887147194934,78.56851543723089,nan,0.3756712386756196,nan
553.37,231.38827514648438,-215.39329528808594,-75.84959411621094,229.99092139757593,-215.09661324587717,-75.84506701172215,1.4285090928771513,0.30674257502642355,0.08329700125356192,3.57031963366433e-05,43.11247562540307,79.04038410272722,nan,nan,nan
553.38,231.39146423339844,-215.38470458984375,-75.85009765625,229.99370234797632,-215.0878209419178,-75.84455186142925,1.4289537937193026,0.30678671619179104,0.0833223731072963,3.50063103988015e-05,43.28202298098164,78.2835164819606,nan,0.8423795274347428,nan
553.39,231.3945770263672,-215.37611389160156,-75.8505859375,229.99638120274182,-215.07902416807943,-75.84510925839831,1.4294208124411343,0.30683094368880076,0.08334781184286759,3.571216902574443e-05,43.107341410096204,78.79265559755744,nan,nan,nan
553.4,231.39761352539062,-215.36752319335938,-75.85105895996094,229.96722439365416,-215.05851589598183,-75.8453039318643,1.4633973139140164,0.30677012123834474,0.08333501457620765,3.499374385709079e-05,44.225824452195106,80.93852762500265,11.395194322972266,0.071206382383818,nan
553.41,231.40060424804688,-215.3589324951172,-75.85153198242188,229.9697195468859,-215.0497058861421,-75.8458398703107,1.4639277727589748,0.30681416994740907,0.0833604225442137,3.5699078697109964e-05,44.05275248619825,79.95560090340193,nan,nan,nan
553.42,231.40353393554688,-215.35032653808594,-75.85198974609375,229.97212069239953,-215.0408912918173,-75.84739948772435,1.4644845901418129,0.3068583015296929,0.08338589739199824,3.500234446830638e-05,43.61579666258783,78.81450498567283,nan,0.7518793484556984,nan
553.4300000000001,231.4065399169922,-215.34173583984375,-75.8525390625,229.9745589169438,-215.0320794101412,-75.84798068178827,1.4650861639475028,0.3069025191788535,0.08341143929965968,3.5708033339331754e-05,43.46929523459727,79.99779770857246,nan,nan,nan
553.44,231.4095916748047,-215.33314514160156,-75.85318756103516,229.97702168940464,-215.02326168961238,-75.84994529134137,1.4657063243360173,0.3069468200865902,0.0834370483746774,3.501094945998139e-05,43.059515563091736,79.65271997143763,nan,1.172941673375985,nan
553.45,231.4127197265625,-215.3245391845703,-75.85392761230469,229.9928781856732,-215.0206428216551,-75.85090208188662,1.4520028080077318,0.3068859965827115,0.08342414703142675,3.569493660130593e-05,42.76501821949345,77.7023186610598,3.0989146758900636,nan,nan
553.46,231.41590881347656,-215.31594848632812,-75.85475158691406,229.99555160768944,-215.01183965286006,-75.85117409055016,1.4525527780789775,0.30693011851819424,0.08344972458189073,3.499835167899636e-05,42.74738165527165,79.51761772028767,nan,0.258532659711715,nan
553.47,231.41915893554688,-215.30734252929688,-75.85566711425781,229.99826947799454,-215.0030334762455,-75.85213615286898,1.4531150395067578,0.306974326273601,0.08347536936688205,3.570386633977369e-05,42.606712199845724,78.12398120263731,nan,nan,nan
553.48,231.42247009277344,-215.2987518310547,-75.85667419433594,230.00110400895824,-214.99423388485468,-75.85135838777984,1.4536302767820204,0.3070186174105996,0.08350108148798081,3.500693562017461e-05,42.93809380667246,79.58465314520986,nan,2.3633441107312074,nan
553.49,231.42584228515625,-215.29014587402344,-75.8577651977539,230.00394566158502,-214.9854264275755,-75.85248122642378,1.4541911392660227,0.3070629945691211,0.08352686113398791,3.571279896929692e-05,42.78885177723818,78.55575671288506,nan,nan,nan
553.5,231.4292755126953,-215.2815399169922,-75.85894775390625,230.01451528496287,-214.96555436741022,-75.85362201466884,1.4496281361151209,0.30700216611245007,0.08351385266508533,3.4994328736030975e-05,40.210568239279155,78.03406721664814,20.425433241233893,0.04020296161943871,nan
553.51,231.43276977539062,-215.27293395996094,-75.86021423339844,230.01751370913814,-214.9567021684782,-75.85492111969695,1.4501656098740916,0.3070463639226791,0.08353960001866764,3.5699665037308566e-05,40.060618647037124,78.01006874729102,nan,nan,nan
553.52,231.4363250732422,-215.26434326171875,-75.86156463623047,230.02051283471445,-214.94784079260282,-75.8584259931259,1.450761165320445,0.3070906452192963,0.0835654148739016,3.5002886160828516e-05,39.43108288882237,78.74811149993016,nan,3.172650253859209,nan
553.53,231.43992614746094,-215.2557373046875,-75.86299896240234,230.0236291956906,-214.93898783281284,-75.85991718356063,1.4512879731079031,0.30713501231572155,0.08359129742519976,3.570857331548699e-05,39.29120521219392,77.61760850770847,nan,nan,nan
553.54,231.443603515625,-215.24713134765625,-75.86450958251953,230.02678774151684,-214.93013186634872,-75.86208114274831,1.4518476181165394,0.3071794632626369,0.08361724776585817,3.501144538018955e-05,39.07130286210308,77.5320176707472,nan,0.24454145434012156,nan
553.5500000000001,231.44732666015625,-215.238525390625,-75.8661117553711,230.0213026221291,-214.91042748848554,-75.86372857197675,1.463283455104536,0.3071186310569377,0.08360412920985083,3.56954281594469e-05,38.070287162591356,77.44080751676705,4.1084534788232645,nan,nan
553.5600000000001,231.45111083984375,-215.22991943359375,-75.86779022216797,230.02455986394534,-214.9015402472162,-75.86649293084776,1.4638586884830989,0.3071629024391394,0.08363004647363079,3.49988001925858e-05,37.83695419695864,77.44563106097186,nan,0.7319390157638721,nan
553.57,231.45494079589844,-215.22132873535156,-75.86954498291016,230.0278991951202,-214.8926570650074,-75.86833064596144,1.4644023599587532,0.3072072594147834,0.08365603160114637,3.5704307363676336e-05,37.70496876728598,79.17099976822253,nan,nan,nan
553.58,231.45883178710938,-215.2127227783203,-75.87138366699219,230.03128444846368,-214.8837717900971,-75.87062966638017,1.4649575847936238,0.3072517003208529,0.08368208468050208,3.5007334818969505e-05,37.558039773547165,77.19333452616218,nan,0.10244180576464942,nan
553.59,231.46278381347656,-215.20411682128906,-75.87327575683594,230.0347337543142,-214.87488819948334,-75.87262085648757,1.4655097699381543,0.3072962270419774,0.08370820591379223,3.571318799170267e-05,37.43295440390077,77.24675539826268,nan,nan,nan
553.6,231.46678161621094,-215.1955108642578,-75.87518310546875,230.05643718155338,-214.86486118352562,-75.87550922497586,1.448585773122112,0.307235387978887,0.0836949742106767,3.4994678173056866e-05,35.61676960299107,76.24325212258105,11.501837193733232,0.5367463981377211,nan
553.61,231.4708251953125,-215.18690490722656,-75.8770751953125,230.060039338145,-214.8559586404095,-75.87754233885846,1.4490832910937397,0.30727973476976805,0.08372106157194488,3.570000187043006e-05,35.498047268952945,76.31852969114098,nan,nan,nan
553.62,231.4749298095703,-215.1782989501953,-75.87893676757812,230.06372655535654,-214.84706270103916,-75.87814322026517,1.4495560379564212,0.307324165555349,0.08374721704444271,3.500318441421552e-05,35.38932469655324,76.31292643381114,nan,1.4103112500422528,nan
553.63,231.47909545898438,-215.16969299316406,-75.88077545166016,230.06743354844934,-214.83816013759937,-75.88011596755547,1.4500702806738626,0.30736868197109873,0.08377344083494338,3.570885660042776e-05,35.26411435693689,75.32248730380859,nan,nan,nan
553.64,231.48330688476562,-215.1610870361328,-75.88257598876953,230.0711922997155,-214.82925757283704,-75.88204947605317,1.4505787366558474,0.30741328272746543,0.08379973302461731,3.501169199113635e-05,35.140427919830245,75.58959836877722,nan,4.202087251409544e-05,nan
553.65,231.48756408691406,-215.15248107910156,-75.88433837890625,230.10729230891033,-214.8479015582874,-75.88406690343297,1.4134776048285678,0.30735243726746114,0.08378638523163248,3.569565871806777e-05,36.4978550945921,74.47082614951624,20.22482458027151,nan,nan
553.66,231.4918670654297,-215.1438751220703,-75.88607025146484,230.11116651777323,-214.8390571344841,-75.88699593307348,1.4139479710163991,0.3073968578487535,0.08381264273864268,3.499899617585125e-05,36.40071332450737,74.12107067259134,nan,0.7823264135055014,nan
553.67,231.49623107910156,-215.13526916503906,-75.88777160644531,230.11511267093908,-214.83021805666925,-75.88884950982626,1.4144063765264239,0.3074413638881288,0.08383896872420156,3.570448422089861e-05,36.29072511779383,73.38034209198462,nan,nan,nan
553.6800000000001,231.50064086914062,-215.12667846679688,-75.88943481445312,230.11911045472192,-214.82137969287993,-75.89054970001584,1.4148621382625683,0.3074859543113482,0.08386536326538221,3.500747931156269e-05,36.17349100156603,74.89982013606789,nan,0.01024205526870961,nan
553.69,231.50509643554688,-215.11807250976562,-75.89105987548828,230.12315431808875,-214.81254069228544,-75.89233682969942,1.4153145721391573,0.307530630431188,0.08389182657504865,3.5713311457305207e-05,36.06597430970607,73.87210734678735,nan,nan,nan
553.7,231.5095977783203,-215.10946655273438,-75.89266204833984,230.13340624148557,-214.79093443262488,-75.89418595559165,1.412575017438126,0.3068355111914056,0.08321210250931571,3.499292468510298e-05,45.52630421306981,83.21614158611165,1.0248767129545073,0.0042748660884227374,0.10068126337678104
553.71,231.51414489746094,-215.10086059570312,-75.89422607421875,230.13755740892063,-214.78206404665934,-75.89591088641437,1.4130205914564993,0.3068784751604244,0.08323554750500438,3.569818391944743e-05,45.377210737651225,83.50079076135668,nan,nan,nan
553.72,231.51873779296875,-215.09225463867188,-75.89575958251953,230.14179693512406,-214.77317157171157,-75.89675751032644,1.413428854057665,0.30692151877237533,0.0832590536066569,3.5001443968995674e-05,45.16437822432826,83.21587941868881,nan,0.5073441894210812,nan
553.73,231.52337646484375,-215.08364868164062,-75.89727020263672,230.14604110489023,-214.76430157717346,-75.89841336287873,1.41387289871657,0.30696464899800946,0.0832826229068713,3.570705225969464e-05,45.011360499538284,82.49384380065815,nan,nan,nan
553.74,231.528076171875,-215.07504272460938,-75.89874267578125,230.15030002250805,-214.75544865878393,-75.90068974989282,1.4143589628424804,0.30700785933078456,0.08330625363670816,3.500996472390135e-05,44.92410572956985,82.54867634959486,nan,0.2981177718258235,nan
553.75,231.53280639648438,-215.06643676757812,-75.90018463134766,230.18555202489355,-214.7639080198947,-75.90237248384706,1.3808051171849125,0.3069456521190568,0.08329407196482674,3.569387062928839e-05,44.91073353256432,81.81228223634137,9.535653276943126,nan,nan
553.76,231.53758239746094,-215.05784606933594,-75.90160369873047,230.19000923907214,-214.7550543565144,-75.90332307028518,1.3811731226757593,0.30698868620146513,0.0833176781782269,3.499728465077879e-05,44.69858544171182,82.40860534764353,nan,0.277401881571453,nan
553.77,231.5424041748047,-215.0492401123047,-75.90299224853516,230.1944816282022,-214.74621669367446,-75.90486666688055,1.381565017406647,0.30703180650790524,0.08334134773375719,3.570271028678697e-05,44.55380048887326,81.0616361577498,nan,nan,nan
553.78,231.54727172851562,-215.04063415527344,-75.90435028076172,230.19889819532244,-214.73743347322778,-75.90857821760358,1.3820490997279207,0.3070750072109873,0.08336507901386968,3.500578158504361e-05,44.808083130964526,81.42864720860642,nan,3.400665506957301,nan
553.79,231.5521697998047,-215.0320281982422,-75.90568542480469,230.20345717307885,-214.72859625557723,-75.91009028909401,1.3824312265529006,0.30711829426443765,0.0833888738917723,3.571155207887554e-05,44.682109576389976,81.28217114048594,nan,nan,nan
553.8000000000001,231.55712890625,-215.02342224121094,-75.90699005126953,230.21490705851554,-214.72649081368726,-75.90968560813127,1.3746763354381863,0.307056110672629,0.08337662402778041,3.499309181628532e-05,44.87276987004408,80.21064013666873,2.1387810300651595,2.3196950428566283,nan
553.8100000000001,231.56211853027344,-215.01483154296875,-75.90827178955078,230.21955498395366,-214.71767194676212,-75.9111265587875,1.3750595809752486,0.30709922113267224,0.08340039380422404,3.569833214725381e-05,44.73418330981997,81.37187532755235,nan,nan,nan
553.82,231.56715393066406,-215.0062255859375,-75.9095230102539,230.22425011284935,-214.708850349349,-75.91241158076433,1.375438489746813,0.30714241225347755,0.08342422559362245,3.500156249721352e-05,44.589104501281966,80.12768654882109,nan,0.012132400016269869,nan
553.83,231.5722198486328,-214.99761962890625,-75.91075897216797,230.2289806615492,-214.70003237258882,-75.91380218063084,1.3758121056151977,0.30718568937069946,0.08344812112515373,3.570715057117394e-05,44.45446258026454,79.57841843145755,nan,nan,nan
553.84,231.57733154296875,-214.98902893066406,-75.9119644165039,230.2336446052178,-214.69127457264022,-75.9177443945125,1.3762941736963499,0.30722904758278835,0.0834720789903787,3.5010035942922926e-05,44.99182257886069,81.58652198711334,nan,4.679930349160455,nan
553.85,231.58248901367188,-214.9804229736328,-75.91314697265625,230.21390196252514,-214.67076123073454,-75.9191197452475,1.403195134538932,0.30716689219967147,0.08345975974788523,3.569392216191311e-05,45.334445860108694,80.7717172450949,5.866393287398465,nan,nan
553.86,231.5876922607422,-214.97181701660156,-75.91429901123047,230.21872392300523,-214.66191982160188,-75.92013704451168,1.4036184181705345,0.3072100737790536,0.08348369198795608,3.499731166396835e-05,45.15757541810817,80.82879577472971,nan,0.07678387604735028,nan
553.87,231.59291076660156,-214.96322631835938,-75.91543579101562,230.22357185946373,-214.65308638382314,-75.92145864203015,1.40403422192264,0.30725334102362556,0.08350768811435536,3.570271490878237e-05,45.04349596064168,81.99530203266791,nan,nan,nan
553.88,231.5981903076172,-214.95462036132812,-75.91654968261719,230.22843534440713,-214.6442666968786,-75.92335475704765,1.4044907850583577,0.30729668959105816,0.08353174685462797,3.5005764287346045e-05,45.200155432849925,80.26859435471131,nan,0.2509295748822583,nan
553.89,231.60350036621094,-214.94602966308594,-75.91764068603516,230.23336044258988,-214.6354343047415,-75.92463927029345,1.4049205910324754,0.3073401239792383,0.08355586974007714,3.571151142617531e-05,45.09540344996392,81.58222185165911,nan,nan,nan
553.9,231.6088409423828,-214.9374237060547,-75.91870880126953,230.22705771517073,-214.6205470857465,-75.92701270270916,1.4176757860250344,0.30727799107311277,0.0835434767671229,3.499303358546759e-05,45.64919432947302,81.37686734582104,1.201423118609608,0.8811291053304535,nan
553.91,231.61422729492188,-214.9288330078125,-75.91975402832031,230.23203973017203,-214.61170474844317,-75.92826667252181,1.4181273786761956,0.3073212485014417,0.08356757341244751,3.569824979890602e-05,45.55681678906193,82.35475150219892,nan,nan,nan
553.92,231.61964416503906,-214.92022705078125,-75.9207763671875,230.23710012136738,-214.6028390504405,-75.92837135241503,1.4185277083134324,0.3073645874572009,0.08359173294483624,3.500146330441372e-05,45.02601401859893,80.75818375351163,nan,0.900675804971514,nan
553.9300000000001,231.62510681152344,-214.91163635253906,-75.92178344726562,230.24215537210276,-214.59399765316928,-75.9295747162745,1.4189819347003063,0.3074080119353964,0.08361595676808173,3.570702650852754e-05,44.92779311760023,81.28574529797937,nan,nan,nan
553.94,231.63059997558594,-214.90304565429688,-75.92276763916016,230.24719310983167,-214.58518779621235,-75.9322560344979,1.4194851897107665,0.30745151834735884,0.08364024379557004,3.500989754333091e-05,45.64909162809982,82.20289932575888,nan,1.5818110906212366,nan
553.95,231.63612365722656,-214.89443969726562,-75.92373657226562,230.26564865803664,-214.58201329483776,-75.93343027573101,1.4056692172148861,0.30738941104833706,0.08362777553265485,3.569376014497782e-05,45.30753648843894,80.17667095068478,1.8746284327611282,nan,nan
553.96,231.64163208007812,-214.88584899902344,-75.9246826171875,230.27084367729958,-214.57315954671537,-75.93352354887453,1.4060276316096934,0.3074327404192779,0.08365203575722105,3.499713770278921e-05,44.75634190687351,80.85814745550027,nan,0.8064291137423542,nan
553.97,231.64707946777344,-214.87725830078125,-75.92561340332031,230.2759588140112,-214.5643277753093,-75.9346568180261,1.4064064648226944,0.30747615503488257,0.08367636041848726,3.570251495810191e-05,44.660427198430014,80.36829315856579,nan,nan,nan
553.98,231.65243530273438,-214.86866760253906,-75.92652130126953,230.28097833901938,-214.55550832871293,-75.93637665324913,1.4067906958991065,0.3075196517560371,0.08370074854855003,3.5005554792573685e-05,44.99008617870718,81.02616139646912,nan,0.2575198971032642,nan
553.99,231.65769958496094,-214.8600616455078,-75.92741394042969,230.28592731342033,-214.5466776287321,-75.93748127781986,1.4071496218314086,0.30756323390399726,0.0837252013778516,3.571127547458047e-05,44.90272892675033,79.2878028035404,nan,nan,nan
554.0,231.66285705566406,-214.85147094726562,-75.92828369140625,230.2803768683815,-214.53882533783622,-75.93768545360945,1.417422709870579,0.30750114768270276,0.0837126537500738,3.4992792287912285e-05,45.79267979639452,80.75899443023796,6.453918471118337,0.4126384218397779,nan
554.01,231.6679229736328,-214.84288024902344,-75.92913818359375,230.28509945496242,-214.53000926784526,-75.9387465375831,1.4178086807174461,0.3075445524761392,0.0837370791329191,3.569798175152574e-05,45.70122776903592,80.27376427768861,nan,nan,nan
554.02,231.67288208007812,-214.83428955078125,-75.92997741699219,230.28967762837686,-214.5212197636995,-75.9412152140795,1.418236064579158,0.3075880395259539,0.08376156824198981,3.5001190243294336e-05,46.57144617209365,81.16491122997921,nan,1.4313658992160003,nan
554.03,231.67774963378906,-214.82569885253906,-75.93080139160156,230.29420147007335,-214.51240385732214,-75.94225834064589,1.4186227606486879,0.3076316117541179,0.08378612219794358,3.570672639777518e-05,46.48910526866926,80.77991807711116,nan,nan,nan
554.04,231.68251037597656,-214.81710815429688,-75.93161010742188,230.29860902501392,-214.5035993291683,-75.94391494353769,1.4190215437482143,0.30767526662022,0.08381074019342438,3.5009594613176225e-05,46.986990201357244,81.42025193634726,nan,0.27927231614586134,nan
554.0500000000001,231.6871795654297,-214.8085174560547,-75.9323959350586,230.3067697001538,-214.49716185188754,-75.94476373320315,1.4151419260371751,0.3076132034262379,0.08379811131694113,3.569343189141424e-05,46.9232896028161,81.2523356978788,1.4659281209702415,nan,nan
554.0600000000001,231.69175720214844,-214.7999267578125,-75.93317413330078,230.31104289021488,-214.48833235654465,-75.94471811721988,1.415484491488465,0.30765668081838454,0.08382270126506162,3.499680866266594e-05,46.29681127951592,80.1068104983934,nan,0.7724548400450452,nan
554.07,231.69625854492188,-214.79132080078125,-75.93392944335938,230.31519348127566,-214.4795211309514,-75.94569319328923,1.4158736278151882,0.30770024315837863,0.08384735620794538,3.570215858199887e-05,46.221041764461205,78.78812976843798,nan,nan,nan
554.08,231.70065307617188,-214.78273010253906,-75.9346694946289,230.31925956590302,-214.47070629568987,-75.94644781442744,1.4162434872121523,0.30774388825825844,0.08387207543906194,3.500519966339516e-05,46.15997233743201,80.32914748956124,nan,0.03001026274194059,nan
554.09,231.7049560546875,-214.77413940429688,-75.9354019165039,230.32323141826026,-214.46189494539945,-75.94739270433197,1.4166168684633338,0.3077876185115591,0.08389685993137501,3.5710892929598746e-05,46.07528862924079,79.93975573047554,nan,nan,nan
554.1,231.7091827392578,-214.7655487060547,-75.93611907958984,230.3424545631547,-214.46443118433564,-75.94604080587416,1.3995413927043578,0.3077255747644994,0.08388414597275556,3.499241478318368e-05,45.32431686240376,77.85144496256173,3.5350233423509527,3.624837211549971,nan
554.11,231.7133331298828,-214.7569580078125,-75.93681335449219,230.34627325036328,-214.45564473977643,-75.94693611168394,1.3999088791416716,0.3077691272411874,0.08390890174671495,3.569757689664438e-05,45.23686865205745,77.99546477631634,nan,nan,nan
554.12,231.71739196777344,-214.7483673095703,-75.9375,230.35002925417925,-214.44684525941784,-75.94702870117081,1.400245383281737,0.3078127625814732,0.08393372205056529,3.5000790358223066e-05,44.81536287161816,77.48642945609693,nan,0.4406427735727241,nan
554.13,231.7213592529297,-214.73976135253906,-75.93817138671875,230.35368292061213,-214.438058150468,-75.94789083556823,1.400591960496515,0.30785648286998213,0.08395860776529056,3.570629920791989e-05,44.724013326968176,76.5165939117646,nan,nan,nan
554.14,231.7252655029297,-214.73117065429688,-75.93883514404297,230.35723471538225,-214.42928438759012,-75.94960818416537,1.4009852290789122,0.3079002863821902,0.08398355831927959,3.5009174166867536e-05,45.25011031090098,77.5281321761488,nan,0.5313341274447175,nan
554.15,231.7290802001953,-214.7225799560547,-75.9394760131836,230.39671780937928,-214.44552825243136,-75.9503933322336,1.3609064533599788,0.30783826309804657,0.08397075712075733,3.569298612988838e-05,46.128618423064545,77.12337217726781,16.747151010737195,nan,nan
554.16,231.7328338623047,-214.7139892578125,-75.94010925292969,230.40022129612825,-214.43676929717725,-75.94965404117352,1.3611753234203803,0.3078818886798206,0.08399567831865817,3.499637123608938e-05,45.25068183749649,75.60614726729176,nan,1.7454960183553627,nan
554.17,231.7364959716797,-214.70538330078125,-75.94073486328125,230.4036112274647,-214.4280336025129,-75.95045928805988,1.3614694858599992,0.30792559901983124,0.08402066507723643,3.570169418494484e-05,45.15580660147702,74.56194825604435,nan,nan,nan
554.1800000000001,231.74009704589844,-214.69679260253906,-75.94133758544922,230.4069106198098,-214.41930778032562,-75.95196699391478,1.3617991252714787,0.30796939266249224,0.08404571690820767,3.500474519412192e-05,45.5931553712887,76.37385763953249,nan,0.35994478427886895,nan
554.19,231.74362182617188,-214.6881866455078,-75.94193267822266,230.4101541980566,-214.41057076381412,-75.95275658838828,1.3621026576698283,0.3080132712890285,0.08407083457014836,3.571041169471857e-05,45.50743099247399,75.04062566465502,nan,nan,nan
554.2,231.74708557128906,-214.67959594726562,-75.94252014160156,230.37594080880376,-214.37206848990175,-75.95537681282151,1.4052673733914198,0.30795126561551733,0.08405794250354309,3.499194672246484e-05,45.283927857923985,78.4050552398825,25.334933506080883,2.0324964700202224,nan
554.21,231.75045776367188,-214.67098999023438,-75.9430923461914,230.3790015215924,-214.36326197900286,-75.95616440355253,1.4056171710387406,0.3079949660167759,0.08408303011183217,3.5697082392337026e-05,45.207479427714205,77.8052327862018,nan,nan,nan
554.22,231.7537841796875,-214.6623992919922,-75.94364929199219,230.3819957452283,-214.35445392412737,-75.95686949175544,1.4059902674582123,0.30803874978416335,0.0841081830188328,3.50003086008611e-05,45.27436665190501,78.74023007239055,nan,0.0036468909059764057,nan
554.23,231.7570343017578,-214.65379333496094,-75.94419860839844,230.38492172123802,-214.34564611213165,-75.95763540598219,1.4063527978737798,0.30808261836663586,0.08413340190815884,3.5705791298941944e-05,45.1998574003112,77.54309547961762,nan,nan,nan
554.24,231.76022338867188,-214.6451873779297,-75.94474029541016,230.38783296199833,-214.33680451288143,-75.95592773716648,1.4066558333628112,0.3081265706572668,0.08415868640179339,3.500868032587366e-05,43.58163930357631,75.71385296753425,nan,4.2834696621242845,nan
554.25,231.7633514404297,-214.6365966796875,-75.94526672363281,230.38322963410522,-214.3240330200795,-75.95670425958204,1.415119450374578,0.30806458288987976,0.08414570108496315,3.569246822142161e-05,43.642539785353144,77.35403370889065,0.6559382120988356,nan,nan
554.26,231.7664031982422,-214.62799072265625,-75.94578552246094,230.3859480451729,-214.3152182732282,-75.95757941186042,1.4154935996266158,0.3081083567709104,0.08417095485186257,3.49958685321621e-05,43.8151373997417,76.52867469700419,nan,0.01855798856695853,nan
554.27,231.7694091796875,-214.619384765625,-75.94629669189453,230.38860796098126,-214.306400654096,-75.95828476350583,1.4158795052938624,0.3081522153107286,0.08419627475232239,3.570116609334366e-05,43.73098536585128,75.99126405180911,nan,nan,nan
554.28,231.77235412597656,-214.61077880859375,-75.94679260253906,230.39120388841795,-214.29758455330386,-75.95916479001119,1.416269639326371,0.3081961576014891,0.08422166047527822,3.5004233449888685e-05,43.94374252081249,76.46305982600924,nan,0.02385144737158024,nan
554.29,231.77523803710938,-214.6021728515625,-75.94728088378906,230.39374403715874,-214.28876536986928,-75.95985377655997,1.4166538035502954,0.30824018479339,0.08424711260573002,3.570987496126259e-05,43.86304364141323,76.3684155364519,nan,nan,nan
554.3000000000001,231.77806091308594,-214.59356689453125,-75.94775390625,230.34450787336317,-214.26016366297165,-75.95993282657481,1.471862887164782,0.3081782126209211,0.08423403058104945,3.499142898159507e-05,45.21561029179687,78.42812290919503,29.815963591152308,0.30768284479592706,nan
554.3100000000001,231.78082275390625,-214.5849609375,-75.9482192993164,230.3468367932512,-214.25132211702098,-75.96059897597355,1.472339585245373,0.3082220611131672,0.08425945126137001,3.569654015162834e-05,45.13683685784575,78.42194113214879,nan,nan,nan
554.32,231.78353881835938,-214.57635498046875,-75.94868469238281,230.34911365112362,-214.24247722322036,-75.96105408123805,1.4728214144848653,0.30826599338632155,0.08428493797591037,3.499978463948777e-05,45.08314611928982,77.85646363156019,nan,0.02898297619460055,nan
554.33,231.78619384765625,-214.5677490234375,-75.94912719726562,230.35133275182747,-214.23363381576405,-75.96170135910938,1.4733015461431207,0.3083100104215472,0.08431049125032175,3.570524329080438e-05,45.00756493078568,78.48434896747433,nan,nan,nan
554.34,231.78880310058594,-214.55914306640625,-75.94956970214844,230.3535051926209,-214.224785051181,-75.96193241466783,1.4737802426464488,0.30835411156490267,0.08433611086107297,3.500815148360168e-05,44.81394897200968,77.80356356991861,nan,0.11750066472339918,nan
554.35,231.79148864746094,-214.55052185058594,-75.95010375976562,230.37144059040935,-214.22262665760266,-75.96251852510115,1.4574655633379014,0.308292154741374,0.08432292956881798,3.569191738316731e-05,44.354060709721296,75.76735960083398,2.908354773033963,nan,nan
554.36,231.79421997070312,-214.5419158935547,-75.95072937011719,230.3737280981749,-214.21377782209925,-75.96222874856785,1.4579451257032991,0.3083360769739763,0.08434851702262439,3.4995337572341174e-05,43.688068673296435,76.92154979223166,nan,0.7945666419346393,nan
554.37,231.7970428466797,-214.53330993652344,-75.95145416259766,230.37606721956976,-214.20493938972237,-75.96308227065178,1.4584698014507522,0.30838008383951127,0.08437417118822503,3.5700612117774816e-05,43.57287532057495,76.11435001666467,nan,nan,nan
554.38,231.79991149902344,-214.52468872070312,-75.95226287841797,230.37848790785156,-214.19609022798292,-75.96308577046722,1.4589513802557794,0.30842417482626855,0.08439989189428972,3.500370007803736e-05,43.00861136705902,75.0745433825751,nan,0.6270460954502852,nan
554.39,231.8028564453125,-214.51608276367188,-75.95316314697266,230.3809614447794,-214.18724999931115,-75.96411379666846,1.4594643867484183,0.3084683507018561,0.08442567958938914,3.570931908904055e-05,42.89576181707817,75.98548163972468,nan,nan,nan
554.4,231.80587768554688,-214.50746154785156,-75.95414733886719,230.40691855772812,-214.18188436890608,-75.96377436848267,1.4363773252376024,0.3084064073032501,0.08441239571086337,3.499089576437675e-05,40.54095908781117,73.09886683113037,11.828183448063546,1.6526959972019162,nan
554.41,231.80894470214844,-214.49884033203125,-75.9552230834961,230.4095754880323,-214.17303366290562,-75.9649681638118,1.4368295478772501,0.3084504039799758,0.0844381505004328,3.569598501718773e-05,40.42942049033368,73.34173812826063,nan,nan,nan
554.42,231.8120880126953,-214.490234375,-75.95639038085938,230.4123146320475,-214.16416931046535,-75.96489066307466,1.437273877268329,0.3084944847806407,0.08446397202853935,3.4999251240488085e-05,39.70915788003391,73.4354818059347,nan,1.305231868980374,nan
554.4300000000001,231.81529235839844,-214.4816131591797,-75.9576416015625,230.4150990529823,-214.1553174771846,-75.96624641790048,1.4377357919607532,0.30853865035456063,0.08448986069822761,3.5704688518220664e-05,39.596720831701624,72.21087547467758,nan,nan,nan
554.44,231.8185577392578,-214.47299194335938,-75.95896911621094,230.4179632173535,-214.1464529352384,-75.96635100308616,1.4381749653177947,0.30858290036784286,0.08451581640548816,3.500761894730592e-05,38.95798988746468,71.94588702515995,nan,1.262572334866541,nan
554.45,231.82186889648438,-214.46438598632812,-75.96038818359375,230.3838519704912,-214.12079963368475,-75.96788058801269,1.478512900616559,0.30852096975325816,0.08450242724613646,3.5691365400052597e-05,39.591825406487125,74.68189579591981,13.305572561027223,nan,nan
554.46,231.82525634765625,-214.4557647705078,-75.9618911743164,230.38677377141892,-214.11191105051904,-75.96819304182988,1.4790223853690216,0.3085650403332466,0.08452834930902063,3.4994808170728734e-05,39.03362399660082,72.53330019423068,nan,1.1678837790337242,nan
554.47,231.82870483398438,-214.4471435546875,-75.96347045898438,230.38974064270454,-214.1030331562939,-75.96986185116063,1.4795508642700306,0.308609195578526,0.08455433866520563,3.570006250899613e-05,38.92314377226009,72.62957712841825,nan,nan,nan
554.48,231.83221435546875,-214.4385223388672,-75.96513366699219,230.39276639391852,-214.09415559252835,-75.97169375090888,1.480081729059615,0.3086534352524628,0.0845803952500413,3.500317341512849e-05,38.888936758119485,72.48340775510562,nan,0.00458952683997009,nan
554.49,231.83578491210938,-214.42991638183594,-75.96687316894531,230.39585219691352,-214.08527703667787,-75.97352731144795,1.4806170268285879,0.30869775985825537,0.08460651940831071,3.570877278985646e-05,38.77816127107067,73.75078151302954,nan,nan,nan
554.5,231.8394012451172,-214.42129516601562,-75.96869659423828,230.359591740967,-214.04323817443534,-75.97461410593509,1.5273500824632913,0.3086358403679114,0.08459302176079689,3.499037391551782e-05,36.818659529012066,74.16375665166103,28.92553202123614,0.42246394788994984,nan
554.51,231.8430938720703,-214.4126739501953,-75.97057342529297,230.36275019150662,-214.0342833215616,-75.97658947263061,1.527950612175751,0.3086799852517015,0.08461911150151524,3.569544415105232e-05,36.71444051821555,73.90098032989519,nan,nan,nan
554.52,231.84681701660156,-214.404052734375,-75.97246551513672,230.36596664513283,-214.0253278718093,-75.9785082774069,1.5285244058176959,0.30872421454523497,0.08464526865635282,3.4998733776852694e-05,36.6245547664653,74.09968950822929,nan,0.006057770954572604,nan
554.53,231.85061645507812,-214.3954315185547,-75.97434997558594,230.36923863111966,-214.01637327577782,-75.98051842448889,1.5291185233639928,0.3087685286729621,0.08467149353640331,3.570415261610865e-05,36.529861335730175,73.37701053018031,nan,nan,nan
554.54,231.85446166992188,-214.38681030273438,-75.9761962890625,230.3725664572232,-214.0074186441598,-75.98251023642493,1.529703016257245,0.30881292763954143,0.08469778620306359,3.642387839963073e-05,36.441147871572205,73.91231693766032,nan,nan,nan
554.5500000000001,231.85836791992188,-214.37820434570312,-75.97801971435547,230.4197333755745,-214.0348881609819,-75.9844237466622,1.479045762142227,0.3087510183548509,0.08468417727580091,3.7134224748116555e-05,38.16992520512073,72.53843885775518,34.28033264346619,nan,nan
554.5600000000001,231.86233520507812,-214.3695831298828,-75.97981262207031,230.42320618693267,-214.026027443669,-75.98799559561624,1.4795910926516793,0.3087952372130432,0.0847104346742634,3.6351954260546285e-05,38.791772888798654,71.63933145635278,nan,1.7560617328541839,nan
554.57,231.86634826660156,-214.3609619140625,-75.9815673828125,230.42674707964775,-214.01715515251874,-75.98991184083894,1.480109555655181,0.30883954082246745,0.08473675995422146,3.708384789829219e-05,38.711376212252176,71.84042653673106,nan,nan,nan
554.58,231.8704071044922,-214.3523406982422,-75.98328399658203,230.43034567672134,-214.00827915623458,-75.99123732717814,1.4806142360215313,0.3088839291105746,0.08476315311861682,3.6304300941690794e-05,38.45985905571748,71.82338205745285,nan,0.20367994537119194,nan
554.59,231.87452697753906,-214.34371948242188,-75.98497009277344,230.43399225107228,-213.99940690536368,-75.99308170051134,1.4811337708179046,0.30892840242352787,0.08478961444652164,3.703490602882517e-05,38.379072309232114,71.41716150833534,nan,nan,nan
554.6,231.87869262695312,-214.33509826660156,-75.98662567138672,230.43527279514848,-213.99485480700963,-75.99473127721939,1.483001053097386,0.30886650184625375,0.08477589111607424,3.623541847622133e-05,39.261253438341264,71.43328582550558,2.4870616535906844,0.01939060628469858,nan
554.61,231.88290405273438,-214.3264923095703,-75.98824310302734,230.43900995016992,-213.98599903313982,-75.99650946211496,1.483520873937187,0.3089107948910229,0.08480231646008496,3.696388917335502e-05,39.17948337463367,72.85407753678031,nan,nan,nan
554.62,231.88717651367188,-214.31787109375,-75.98983764648438,230.4427863705453,-213.97715306559422,-75.99989572509332,1.4840663142922204,0.30895517258064015,0.08482880986347732,3.619061627350396e-05,40.01265488407351,71.89790528848367,nan,1.7731303532254672,nan
554.63,231.89149475097656,-214.3092498779297,-75.99139404296875,230.4466243434152,-213.96829737611475,-76.00162760524037,1.4845887743537418,0.3089996352086868,0.08485537157942986,3.69179457879172e-05,39.94060291218967,72.04700171710603,nan,nan,nan
554.64,231.8958740234375,-214.30062866210938,-75.992919921875,230.45051971673814,-213.95943500831297,-76.00210410479485,1.4851082554821482,0.30904418278183104,0.08488200164938026,3.614722980801482e-05,39.325398717130554,71.12010095747908,nan,0.9919192083779269,nan
554.65,231.90028381347656,-214.29200744628906,-75.9944076538086,230.47980642090766,-213.96662037710396,-76.00379596614525,1.457299182735218,0.3089822898196336,0.08486816106951028,3.6850157953936864e-05,39.602363902823825,70.6922196461499,6.844583060937086,nan,nan
554.66,231.90475463867188,-214.2834014892578,-75.99588012695312,230.4838378785144,-213.95778810671416,-76.00379459102594,1.4577692385729206,0.30902665685305736,0.08489475435823317,3.608291058476645e-05,38.83230384853449,70.35177027004634,nan,1.768555180393763,nan
554.67,231.90927124023438,-214.2747802734375,-75.997314453125,230.48790752196786,-213.9489648266001,-76.00538110224304,1.4582508686197555,0.30907110874274046,0.08492141610716614,3.6807245596121024e-05,38.752594235370296,69.319377757887,nan,nan,nan
554.6800000000001,231.91383361816406,-214.2661590576172,-75.99871826171875,230.487716852096,-213.93504965872145,-76.00623182949754,1.4640693010230936,0.30582206741802376,0.08036036012951195,3.604051718710731e-05,48.10723730103636,78.70504990841744,nan,0.3363600938518122,0.0056441353506911564
554.69,231.91844177246094,-214.25753784179688,-76.0000991821289,230.49188249519125,-213.9262225369531,-76.00775609081619,1.464547654068854,0.30586951352115294,0.08037893974333907,3.676386469741098e-05,47.98347009591278,78.42904127376453,nan,nan,nan
554.7,231.92308044433594,-214.24893188476562,-76.00144958496094,230.493156319298,-213.90807105017535,-76.00880099042291,1.470007875858265,0.3058101570219864,0.08036813033550308,3.5979361337733744e-05,46.23469738693146,80.24299657263501,9.73254206804047,0.10069289400831113,nan
554.71,231.9277801513672,-214.2403106689453,-76.00277709960938,230.49741598067845,-213.8992078356805,-76.0102673419881,1.4704927430566406,0.30585740730058064,0.08038671037530543,3.670092604862974e-05,46.10887197919955,78.36389708220173,nan,nan,nan
554.72,231.93252563476562,-214.231689453125,-76.00407409667969,230.50181144367824,-213.89046636969366,-76.01315059039811,1.4708700391208798,0.30590473536832957,0.08040534125545697,3.5941867937261376e-05,46.72042936309409,79.07620369908226,nan,1.3917692104509534,nan
554.73,231.93731689453125,-214.22308349609375,-76.0053482055664,230.5061609257388,-213.88160395422787,-76.01458049251707,1.4713602276959556,0.30595215316773405,0.08042404429255594,3.6662619259191854e-05,46.59899980893711,80.05375189878222,nan,nan,nan
554.74,231.94215393066406,-214.21446228027344,-76.006591796875,230.51053653426692,-213.87271826451828,-76.01569864033314,1.4718696533895814,0.3059996492072527,0.08044279887548357,3.5905803205821985e-05,46.43355425795276,78.71565616309739,nan,0.05525122840702783,nan
554.75,231.947021484375,-214.2058563232422,-76.0078125,230.50042555780337,-213.8561184595935,-76.01718065053704,1.4883024256809094,0.3059402096340996,0.08043201666663456,3.660286857505947e-05,46.48906606542812,80.77223090375864,2.6080828791882973,nan,nan
554.76,231.95193481445312,-214.19723510742188,-76.0090103149414,230.50475099014713,-213.84707098376333,-76.016402374998,1.4889629200830896,0.3059875097305961,0.08045077166211713,3.584916771339663e-05,45.465658714954564,78.29768223532939,nan,3.06527451970304,nan
554.77,231.95689392089844,-214.18862915039062,-76.01018524169922,230.5092495215987,-213.83819685531137,-76.0177147612763,1.4894743347649548,0.30603489917936655,0.08046959819108856,3.6567563792476e-05,45.339765592362035,79.29001743325541,nan,nan,nan
554.78,231.96189880371094,-214.1800079345703,-76.01133728027344,230.51368933256128,-213.82919117654043,-76.01733971727506,1.4901070764519275,0.3060823671421895,0.08048847732711857,3.581597591298173e-05,44.64735092843948,77.19235482113776,nan,1.8669369673612646,nan
554.79,231.96694946289062,-214.17140197753906,-76.01246643066406,230.51827119628484,-213.82031777582802,-76.01859065402148,1.4906261580083544,0.30612992458503147,0.08050742788964851,3.653372700856651e-05,44.517971568197765,78.2407634033881,nan,nan,nan
554.8000000000001,231.97203063964844,-214.16278076171875,-76.0135726928711,230.55449664843826,-213.82370002262925,-76.01952023571818,1.457536873332422,0.3060703904479511,0.08049664953372533,3.576232583448568e-05,43.42242530166795,75.93649459162044,10.491147789638609,0.02560309592817958,nan
554.8100000000001,231.97714233398438,-214.1541748046875,-76.01465606689453,230.55921579695436,-213.81483780844968,-76.02072432388965,1.4579787670513549,0.30611775149641635,0.08051559960121313,3.647859164553332e-05,43.29076495142258,77.28444604407328,nan,nan,nan
554.82,231.98231506347656,-214.14556884765625,-76.01571655273438,230.56405769835314,-213.806083486607,-76.0233168350559,1.458342219228716,0.3061651913281982,0.08053460329048795,3.573195038799813e-05,43.74875212037608,77.22810775239356,nan,1.344380509636727,nan
554.83,231.98751831054688,-214.13694763183594,-76.01675415039062,230.5688564270444,-213.7972226106907,-76.02449356484112,1.4587921470281247,0.3062127202645166,0.08055367784174541,3.6447680262070204e-05,43.62905967933703,76.05391543581656,nan,nan,nan
554.84,231.9927520751953,-214.1283416748047,-76.01777648925781,230.57370301549736,-213.7883736531349,-76.02580224906842,1.459226816642381,0.30626032843095363,0.08057280667092431,3.570294821435711e-05,43.64012181135067,77.34302735407614,nan,0.015649374511923157,nan
554.85,231.99803161621094,-214.11973571777344,-76.0187759399414,230.57931544993826,-213.7779642722102,-76.02682575547763,1.4593245290119627,0.3062007100439081,0.08056204661753631,3.6395560892467e-05,43.173452638832615,77.06588187172828,1.0627298205516964,nan,nan
554.86,232.0032958984375,-214.1111297607422,-76.0197525024414,230.58404628841154,-213.7688942890486,-76.02515117410744,1.459939628649048,0.30624812168579396,0.08058117483817087,3.565358424727045e-05,42.06002431841379,75.92881515242301,nan,5.3002658691978874,nan
554.87,232.0084991455078,-214.10250854492188,-76.02071380615234,230.5888975183753,-213.76002819026488,-76.02622208390932,1.4603396571370428,0.3062956220614635,0.08060037339595691,3.636749446735855e-05,41.927521291694404,74.39256412373405,nan,nan,nan
554.88,232.0136260986328,-214.09390258789062,-76.02165222167969,230.5937133189202,-213.75120756599514,-76.027905562022,1.4606954796563703,0.30634320192680015,0.08061962717908942,3.562729591036371e-05,42.03867138308549,75.71709246199724,nan,0.27108018086601987,nan
554.89,232.01864624023438,-214.08529663085938,-76.02257537841797,230.5984076358189,-213.74234238564804,-76.02894641741261,1.4610735429533988,0.3063908706601509,0.08063895124236431,3.634081050269701e-05,41.904427878137355,75.85550065338754,nan,nan,nan
554.9,232.02359008789062,-214.07669067382812,-76.02347564697266,230.59319768832367,-213.72390133845894,-76.03141600183241,1.4732772248034103,0.30633115812129763,0.08062818997869094,3.5580707822186824e-05,41.70185909081318,76.68291145375959,5.076886043440774,1.1868356821701538,nan
554.91,232.02842712402344,-214.06808471679688,-76.02436065673828,230.59769170857297,-213.71500874330457,-76.03243777162344,1.4736796503537128,0.30637862987952824,0.08064751253944513,3.629298472053216e-05,41.57543515455786,76.7223107780287,nan,nan,nan
554.92,232.03317260742188,-214.05947875976562,-76.02523040771484,230.6021709540231,-213.70621738347415,-76.0349265050233,1.4739923155540406,0.30642618137825317,0.08066689122611784,3.5557040976292175e-05,42.270908253867084,77.23952843083498,nan,1.5052877439076016,nan
554.9300000000001,232.03782653808594,-214.05087280273438,-76.02608489990234,230.60647511356404,-213.6973253810807,-76.03592980058218,1.4744014385194444,0.30647382138448526,0.0806863397281881,3.6269012809824024e-05,42.149216081875586,76.97593782002461,nan,nan,nan
554.94,232.04238891601562,-214.04226684570312,-76.02691650390625,230.61057745295176,-213.6882980184123,-76.03488045476271,1.4749377685068534,0.30652154156867517,0.08070584496177627,3.5534645299316595e-05,41.112523091106006,76.06735914632621,nan,2.839469378493705,nan
554.95,232.04684448242188,-214.03366088867188,-76.0277328491211,230.62142595538054,-213.6828227635747,-76.03581938651347,1.4679818661486832,0.30646174360902456,0.0806950931984614,3.622394418296285e-05,41.00184698414912,76.05138386381805,0.4431312704190368,nan,nan
554.96,232.0512237548828,-214.02505493164062,-76.02853393554688,230.62545371589948,-213.6739202696899,-76.03650476263736,1.4683934380711094,0.3065092666717958,0.08071459671764403,3.549198129619028e-05,40.83839832554316,75.54597168705287,nan,0.04295713501889567,nan
554.97,232.05552673339844,-214.01644897460938,-76.0293197631836,230.62940652985918,-213.6650340109866,-76.03742270490793,1.468801201410671,0.30655687788976876,0.08073416962674562,3.62025748044711e-05,40.715339324762226,75.12045185615597,nan,nan,nan
554.98,232.05972290039062,-214.00784301757812,-76.03009033203125,230.63325463581884,-213.65612503295355,-76.03796768774218,1.4692104353263338,0.30660456952178433,0.08075380010135132,3.54720617160685e-05,40.503024519514796,75.43716242083566,nan,0.0881928325794675,nan
554.99,232.06385803222656,-213.99923706054688,-76.03083801269531,230.63703666607944,-213.6472385489318,-76.03885309811707,1.469621177265588,0.3066523494541648,0.08077349995901625,3.618246400657759e-05,40.38393674932153,74.97013221444296,nan,nan,nan
555.0,232.06788635253906,-213.99063110351562,-76.03157806396484,230.62398655155332,-213.63163125206205,-76.04058857950965,1.4878873337792589,0.3065924576815886,0.08076274150171554,3.543189887649798e-05,41.27018647001415,76.34175019195372,2.7253053293260194,0.5395759835468465,nan
555.01,232.0718536376953,-213.98202514648438,-76.03230285644531,230.62757514585255,-213.62273752823896,-76.04145457743516,1.4883251353857987,0.30664004004759615,0.0807824387653453,3.614126453208565e-05,41.152171986283065,75.81298130379751,nan,nan,nan
555.02,232.0757293701172,-213.97341918945312,-76.03301239013672,230.63106242648965,-213.6138172458124,-76.04187279888151,1.4887762231858206,0.30668770305234383,0.08080219438310488,3.541434170931969e-05,40.90690176247605,75.90449181499503,nan,0.13014315670615031,nan
555.03,232.0795440673828,-213.96481323242188,-76.03370666503906,230.63449319008157,-213.60492265464893,-76.04270808223431,1.48921935639796,0.30673545401962876,0.08082201901681359,3.61235896782393e-05,40.790560420423084,75.4738171437577,nan,nan,nan
555.04,232.08326721191406,-213.95619201660156,-76.03439331054688,230.6378744038117,-213.5960602373267,-76.04408478245281,1.489613773024872,0.30678328605034166,0.08084190256089471,3.5397925147487854e-05,41.06014353390295,74.67408913772621,nan,0.2120426702819659,nan
555.0500000000001,232.0869140625,-213.9475860595703,-76.0350570678711,230.61955384671538,-213.57676519147202,-76.04493274730746,1.513522926198674,0.30672330771800604,0.08083114491666961,3.6084838605562287e-05,41.31420669137417,77.05284195010852,4.417559635896112,nan,nan
555.0600000000001,232.0904998779297,-213.93898010253906,-76.03571319580078,230.622667836033,-213.5677878507375,-76.04457964658089,1.5140651257345406,0.30677094201714555,0.08085102556031701,3.53612500508836e-05,40.69370160729871,76.05550337565917,nan,0.9241777386388349,nan
555.07,232.09400939941406,-213.9303741455078,-76.0363540649414,230.62576505165876,-213.55887605279952,-76.04535895729794,1.5145406517118136,0.3068186639513839,0.0808709748900349,3.6069474410070984e-05,40.577766033294665,76.12139558092201,nan,nan,nan
555.08,232.0974578857422,-213.92176818847656,-76.03697967529297,230.62879909168822,-213.54997271303228,-76.04628829653552,1.5150172208071857,0.30686646715587473,0.080890983855261,3.534702692940859e-05,40.64157638790435,76.09383876948127,nan,0.018126181043519863,nan
555.09,232.10081481933594,-213.91314697265625,-76.03759765625,230.63175613322088,-213.54105976512705,-76.04704573461733,1.5154773437573488,0.30691435815438395,0.0809110615479252,3.6055223449417755e-05,40.52746586022994,75.08106044199697,nan,nan,nan
555.1,232.1041259765625,-213.904541015625,-76.03820037841797,230.64791007781736,-213.53329108833597,-76.04912899218404,1.5028342180257541,0.3068542862623239,0.08090029133470901,3.531254452512021e-05,40.30447809937684,76.59276638588403,5.583641099114032,0.9443991861880298,nan
555.11,232.10736083984375,-213.89593505859375,-76.0387954711914,230.65075924299504,-213.5243653506736,-76.04987887045989,1.5032880966486193,0.30690197909309963,0.08092036526030676,3.6019863606812536e-05,40.19327009637019,76.64511673561097,nan,nan,nan
555.12,232.11053466796875,-213.88731384277344,-76.03937530517578,230.65352082691203,-213.51541270484523,-76.05011921119649,1.503767010191318,0.3069497533880412,0.08094049950400031,3.530039111778155e-05,39.91684762629053,75.08817043060782,nan,0.17259163572642594,nan
555.13,232.1136474609375,-213.8787078857422,-76.03994750976562,230.65624099957296,-213.50648562608953,-76.05084272336182,1.5042279447900688,0.30699761516651886,0.08096070219983699,3.6007740719270916e-05,39.80570718360845,76.1853927054462,nan,nan,nan
555.14,232.11669921875,-213.87008666992188,-76.0405044555664,230.65888319388353,-213.49754038730342,-76.05121218270094,1.5047036088448478,0.30704555881908074,0.0809809657235522,3.528923363770918e-05,39.623365510330885,74.76003667608147,nan,0.08196732100674663,nan
555.15,232.1196746826172,-213.86148071289062,-76.04104614257812,230.63485974082812,-213.4766975591735,-76.05194847509152,1.5339010227517331,0.3069853992784727,0.08097018776048946,3.597449929249273e-05,40.09614055178074,77.64543073388964,6.612185522429705,nan,nan
555.16,232.1226043701172,-213.8528594970703,-76.04158020019531,230.63735375060975,-213.46775603285613,-76.0527116284789,1.5344047671956154,0.3070331445777845,0.0809904471216193,3.5257769964734974e-05,40.17307988141853,76.05554524097177,nan,0.0037167262182950566,nan
555.17,232.12547302246094,-213.84425354003906,-76.04210662841797,230.63978562011383,-213.45881007885257,-76.05339265018178,1.5349140345803036,0.30708097706167836,0.08101077469366662,3.596437368689215e-05,40.06473805268923,77.31118477335963,nan,nan,nan
555.1800000000001,232.1282958984375,-213.83563232421875,-76.0426254272461,230.64215717950876,-213.44986025039105,-76.05400250096679,1.53543408280881,0.30712889159411094,0.0810311637174449,3.524850456377411e-05,40.06356560915965,75.74788205235477,nan,0.00264463288785298,nan
555.19,232.13104248046875,-213.82701110839844,-76.04312896728516,230.64447472539422,-213.44091264010717,-76.05466402062213,1.5359325424964736,0.30717689348529714,0.08105162103832685,3.595520756593243e-05,39.959025419464076,76.18042318331098,nan,nan,nan
555.2,232.1337432861328,-213.81838989257812,-76.04361724853516,230.64173938498567,-213.42522942241362,-76.05398771953897,1.5429706228593942,0.30711664054686055,0.08104082427669547,3.521891545076573e-05,38.61943514533825,75.85534135789821,2.7184963979939867,1.0583305407675054,nan
555.21,232.1363983154297,-213.80978393554688,-76.04410552978516,230.64394209809166,-213.41625950217448,-76.0546167859473,1.5435017093732393,0.30716444365925627,0.08106127657855887,3.592486367055894e-05,38.508276625716256,76.7592421977452,nan,nan,nan
555.22,232.1389923095703,-213.80116271972656,-76.0445785522461,230.64612567874278,-213.40732685304562,-76.05607440431292,1.5439849811243083,0.30721232898112544,0.08108179091714889,3.521141693888427e-05,39.055117415006166,76.2868475121861,nan,0.4889418917249154,nan
555.23,232.14154052734375,-213.79254150390625,-76.0450439453125,230.64822300849855,-213.39835539857168,-76.05669457907051,1.544511455119641,0.3072603013808187,0.08110237336101844,3.591750967678752e-05,38.951298229186904,76.04124368063644,nan,nan,nan
555.24,232.14402770996094,-213.78392028808594,-76.04550170898438,230.65027644540027,-213.38939149178103,-76.05749320877601,1.5450209084532351,0.3073083563842986,0.0811230183090054,3.5204766510837384e-05,39.12651434270614,76.4352921221606,nan,0.024331968199884525,nan
555.25,232.14646911621094,-213.77529907226562,-76.04594421386719,230.66749514323539,-213.38382663452066,-76.05808408117446,1.5299549204572385,0.30724801477006786,0.08111220536036637,3.5888954559559386e-05,38.283085676973684,75.99344299798268,3.33026458585504,nan,nan
555.26,232.14886474609375,-213.7666778564453,-76.04637908935547,230.66944646753845,-213.3748227450188,-76.05806997706969,1.530478862359803,0.3072958707885959,0.08113284481107186,3.5177725891406586e-05,37.933075460212955,75.58346973323275,nan,0.2612998562253826,nan
555.27,232.1513214111328,-213.758056640625,-76.04691314697266,230.67143296104075,-213.36584412883573,-76.05870484062179,1.531025644187271,0.30734381361585755,0.08115355220542228,3.5883284025862706e-05,37.79867875635236,75.6372806103549,nan,nan,nan
555.28,232.15386962890625,-213.74942016601562,-76.04753875732422,230.67348998896563,-213.35686387486655,-76.05941537427232,1.5315891662262364,0.30739183918801255,0.08117432263595914,3.517266718514698e-05,37.81462163479849,73.94248482403931,nan,0.000247920667009061,nan
555.29,232.15646362304688,-213.7407989501953,-76.04825592041016,230.67561814786086,-213.34788357097722,-76.06023789979818,1.532132299912462,0.3074399517587696,0.08119516113676079,3.5878420592786406e-05,37.682215304842984,75.73219790512876,nan,nan,nan
555.3000000000001,232.15914916992188,-213.732177734375,-76.04906463623047,230.6632224904019,-213.33051133772614,-76.05825201030524,1.5489405839279156,0.30737951681709486,0.08118432284695952,3.514719113252826e-05,36.009939785231154,74.3265646526683,2.430324741345535,5.636308455423084,nan
555.3100000000001,232.16189575195312,-213.72354125976562,-76.04995727539062,230.66546608983595,-213.3215137821978,-76.05922877390583,1.5495205023065697,0.30742742998872963,0.08120515500052715,3.585228139078573e-05,35.88690204718773,73.15377800130962,nan,nan,nan
555.32,232.16470336914062,-213.7149200439453,-76.05094909667969,230.66778112369263,-213.31251923136156,-76.06038986285598,1.550094110353017,0.3074754260329424,0.08122605068769502,3.514360373924037e-05,35.90377472690551,74.51316833585823,nan,0.006161923234080984,nan
555.33,232.16758728027344,-213.706298828125,-76.05201721191406,230.67016013057753,-213.3035205573839,-76.06154735559086,1.5506802467517609,0.3075235088246667,0.08124701432687695,3.584892347226183e-05,35.78075430617525,74.41650289854645,nan,nan,nan
555.34,232.1705322265625,-213.69766235351562,-76.05317687988281,230.67256811343617,-213.29448148242835,-76.06172380686074,1.5512976339135596,0.3075716748677371,0.08126804192943612,3.5140721444939134e-05,35.20787614082836,72.5132356419629,nan,0.80073215867993,nan
555.35,232.1735382080078,-213.6890411376953,-76.05442810058594,230.65937243915346,-213.28409813565648,-76.06304026489015,1.5674026221250634,0.307511150290392,0.0812571791371527,3.582425928976829e-05,36.27555046152065,74.18198606447955,5.2782882236979205,nan,nan
555.36,232.17660522460938,-213.68040466308594,-76.05575561523438,230.6618820827835,-213.27507284951997,-76.06340743221213,1.5680365511602607,0.30755911670803643,0.08127819983837976,3.5117345138208224e-05,35.754747185467586,72.55993845222052,nan,0.7606810665297259,nan
555.37,232.17974853515625,-213.67178344726562,-76.05717468261719,230.6644917280911,-213.2660847274073,-76.06489105911021,1.5686472468716977,0.3076071696336236,0.0812992883993034,3.582228573464937e-05,35.63105186583661,73.41165421056617,nan,nan,nan
555.38,232.18295288085938,-213.66314697265625,-76.05867004394531,230.66708936467393,-213.25701790357454,-76.06421112941888,1.569335440268751,0.3076553059189636,0.08132044137444996,3.511576935345559e-05,34.72717714685278,71.33565588944336,nan,3.5446231179911414,nan
555.39,232.18621826171875,-213.65452575683594,-76.06024932861328,230.6698251341253,-213.2480292890184,-76.06584040153406,1.5699422778743213,0.307703528917458,0.08134166237141309,3.582097522354948e-05,34.607383861379255,72.52527837346018,nan,nan,nan
555.4,232.18954467773438,-213.64588928222656,-76.06190490722656,230.67797953161838,-213.23741919701803,-76.0676782691852,1.5657938348234905,0.3076429109954687,0.0813307674264563,3.509366821216627e-05,33.946342166771956,71.27243069770974,1.7904160139463776,0.01745476121904391,nan
555.41,232.19293212890625,-213.6372528076172,-76.06365203857422,230.6808508353395,-213.22841816815887,-76.0694722070766,1.5663873962519332,0.3076909339656656,0.0813519806744122,3.579827692787929e-05,33.82770884029681,70.94997245823143,nan,nan,nan
555.42,232.19638061523438,-213.62863159179688,-76.06546783447266,230.6838142222115,-213.219448793058,-76.07233180337992,1.5669507874069097,0.307739040391217,0.08137325875718955,3.509328757746255e-05,34.10710149005983,72.76038072239552,nan,0.6815538536436643,nan
555.4300000000001,232.1998748779297,-213.6199951171875,-76.06734466552734,230.68680616157252,-213.2104474077003,-76.07428641803251,1.5675313249478602,0.30778723330752145,0.08139460480646118,3.579818673618425e-05,33.99534048840647,71.52870232430331,nan,nan,nan
555.44,232.2034454345703,-213.6113739013672,-76.0692367553711,230.68989951292704,-213.20148849711398,-76.07764218657105,1.5680873549698837,0.30783551004312326,0.0814160160878242,3.509347945386618e-05,34.5467817171403,72.96127902684565,nan,1.3084194380065874,nan
555.45,232.2070770263672,-213.6027374267578,-76.07111358642578,230.66493025887976,-213.17236321630455,-76.07958440526649,1.6010966142825402,0.3077748015945214,0.08140508843921193,3.577667602149402e-05,33.89392708490769,73.27532748488393,12.758479120059807,nan,nan
555.46,232.21075439453125,-213.59410095214844,-76.07296752929688,230.66813963119893,-213.1633995048172,-76.08435826821488,1.6016534561874392,0.30782287805648606,0.08142649134870748,3.507306615081899e-05,35.47499207503803,74.98545180273514,nan,5.4705106073815735,nan
555.47,232.21449279785156,-213.58547973632812,-76.07478332519531,230.67132185522058,-213.15435204500133,-76.08634355176233,1.6023049907079603,0.3078710407975572,0.08144796219095354,3.577769603116906e-05,35.396902780199106,76.3243566497932,nan,nan,nan
555.48,232.21827697753906,-213.57684326171875,-76.07656860351562,230.6744979057576,-213.14524315569415,-76.08616582285505,1.603004859821068,0.30791928743545416,0.08146949864581969,3.507430391656083e-05,34.175552719650675,73.76451605307223,nan,3.1956309037357675,nan
555.49,232.22213745117188,-213.56822204589844,-76.07832336425781,230.67779231420266,-213.13619587989402,-76.08806615309726,1.60366562354105,0.3079676205720851,0.08149110322592502,3.5779247956047036e-05,34.09033431545493,74.5699470788323,nan,nan,nan
555.5,232.2260284423828,-213.55958557128906,-76.08003997802734,230.70787407376824,-213.1296253160422,-76.08912604168239,1.5778913348479395,0.3079068186809636,0.08148013638897492,3.505490495329997e-05,31.987290541730076,72.66622928373904,14.49510474160419,0.35535681080383474,nan
555.51,232.22999572753906,-213.5509490966797,-76.08172607421875,230.71132987171927,-213.1205589310773,-76.09095150793317,1.5785014364603271,0.3079549511517194,0.0815017317474839,3.5759297220620126e-05,31.90290960271894,72.00485961088461,nan,nan,nan
555.52,232.2340087890625,-213.54232788085938,-76.08338165283203,230.7148497417311,-213.11150245509685,-76.09311385456199,1.579097677258395,0.30800316758499696,0.08152339307326656,3.5057088924735434e-05,32.113130341789805,73.67406098775672,nan,0.09600157771996223,nan
555.53,232.23806762695312,-213.53369140625,-76.08499908447266,230.7184125280439,-213.1024362441705,-76.09487854766975,1.5796930835621505,0.30805147032113883,0.08154512252115327,3.576181333579531e-05,32.03118345205232,72.35851405441015,nan,nan,nan
555.54,232.2421875,-213.5250701904297,-76.08658599853516,230.72200533554866,-213.09334891803553,-76.09577741905508,1.580323242999599,0.3080998573700936,0.08156691830620456,3.505972668439004e-05,31.601271709375002,73.04141594452234,nan,0.48977151754175674,nan
555.5500000000001,232.24635314941406,-213.5164337158203,-76.08814239501953,230.73201025432576,-213.08822231631626,-76.09741659336284,1.5737488418818795,0.3080389641287895,0.08155591066980368,3.5742795305087294e-05,31.59111272422493,71.25268224985143,0.6176645017258124,nan,nan
555.5600000000001,232.25057983398438,-213.5078125,-76.08966064453125,230.73574455343416,-213.0791700000483,-76.09929543070257,1.5743421321520512,0.3080871502490057,0.08157769654858307,3.504164974885672e-05,31.724710857053957,72.64438986883063,nan,0.03289461552638488,nan
555.57,232.25485229492188,-213.49917602539062,-76.09115600585938,230.73952400603108,-213.0701125656472,-76.10093078783058,1.574932005504458,0.3081354224859087,0.08159955056367493,3.574617850818273e-05,31.64158180720538,71.05863854028853,nan,nan,nan
555.58,232.25917053222656,-213.4905548095703,-76.09262084960938,230.74332963470673,-213.06103336890928,-76.1015948544472,1.5755452476346417,0.308183779084879,0.08162147123683196,3.5045102945765215e-05,31.157916421055372,71.9796245030632,nan,0.6252953775823485,nan
555.59,232.26353454589844,-213.48191833496094,-76.09405517578125,230.74720868408548,-213.05197650233018,-76.1031633161669,1.576127233718774,0.3082322220332728,0.08164346026410735,3.574997808679212e-05,31.07398631206697,70.51102526965052,nan,nan,nan
555.6,232.2679443359375,-213.47329711914062,-76.095458984375,230.77736652633124,-213.05981109745932,-76.10484990613053,1.5468940125386301,0.30817123604707475,0.08163240693193766,3.64462946312806e-05,31.368623812692352,70.53331557897971,9.624232674618101,nan,nan
555.61,232.2724151611328,-213.46466064453125,-76.09683990478516,230.78138355195827,-213.0507901179961,-76.10636631035626,1.5474349177575195,0.3082194776836864,0.08165438519790577,3.717902370569336e-05,31.284602611066564,68.62506977138092,nan,nan,nan
555.62,232.2769317626953,-213.45603942871094,-76.09819030761719,230.78536563477442,-213.04169562029892,-76.10439921082455,1.5480597068618924,0.3082678036542497,0.08167643036732428,3.639273467804879e-05,29.796028476864745,68.5169275125621,nan,7.791611573288676,nan
555.63,232.281494140625,-213.44741821289062,-76.0995101928711,230.78947793325608,-213.03267519461986,-76.10582827854243,1.5486006755979522,0.30831621586885544,0.08169854398330326,3.712411154908112e-05,29.705426692861995,68.44212786683705,nan,nan,nan
555.64,232.28610229492188,-213.43878173828125,-76.1008071899414,230.7936344012359,-213.02365297833074,-76.10712443735348,1.549139183106665,0.3083647127614317,0.08172072485558043,3.634091201937225e-05,29.624200298754438,66.86124410994371,nan,0.007519133545249606,nan
555.65,232.29075622558594,-213.43016052246094,-76.10208129882812,230.80524480913053,-213.01242077870705,-76.10851734274767,1.543143572255107,0.3083036337975064,0.08170962201604516,3.704743897490842e-05,28.771195307717132,68.11918769975227,2.879234809012723,nan,nan
555.66,232.2954559326172,-213.42153930664062,-76.10332489013672,230.80952188362173,-213.00339465749596,-76.11031384062261,1.5436624601904565,0.30835192910552456,0.0817317913911055,3.6268241868332104e-05,28.895074446323452,68.21909811932625,nan,0.12926050914229345,nan
555.67,232.30018615722656,-213.41290283203125,-76.10454559326172,230.81383408154556,-212.9943603539807,-76.11164698172688,1.5441731536754646,0.3084003104825211,0.08175402925445663,3.6996222149104955e-05,28.80803676603985,66.9761514477852,nan,nan,nan
555.6800000000001,232.3049774169922,-213.40428161621094,-76.10574340820312,230.81509664024256,-212.99135103330823,-76.1133718750043,1.5460642252927859,0.30820167976721885,0.08084761090910936,3.6217924606976204e-05,38.851122052374734,77.88116131309987,nan,0.11847712315144268,0.03897905977935299
555.69,232.309814453125,-213.39566040039062,-76.1069107055664,230.81949159795516,-212.98232898584686,-76.11466247181279,1.5465979311929325,0.3082492988952979,0.08086644623156271,3.694473148187405e-05,38.72146701022491,77.7915142926624,nan,nan,nan
555.7,232.31468200683594,-213.3870391845703,-76.10806274414062,230.8259483545532,-212.97122818598746,-76.11486928508566,1.5457273378514191,0.3081888197327281,0.08085534263708981,3.61490503921645e-05,37.72608302130456,77.64748072039363,1.3507305085920116,0.7535499316236642,nan
555.71,232.31961059570312,-213.37841796875,-76.10919189453125,230.8304359687627,-212.96219511279924,-76.11610447019724,1.5462633407803668,0.3082362412324676,0.08087417686343083,3.687389252376907e-05,37.592689661177246,77.02659028470454,nan,nan,nan
555.72,232.32456970214844,-213.3697967529297,-76.11029052734375,230.83496699472857,-212.95319514774346,-76.11792695597357,1.5467809923963207,0.3082837463571794,0.08089306831850053,3.610433354403251e-05,37.76381232172389,77.55492227504863,nan,0.24582218183867147,nan
555.73,232.32955932617188,-213.36117553710938,-76.11137390136719,230.8395391577714,-212.9441631242821,-76.11912521520594,1.5472942634025322,0.30833133525848544,0.08091202579303623,3.682819619917673e-05,37.63156136500036,77.516246063343,nan,nan,nan
555.74,232.33460998535156,-213.35255432128906,-76.11243438720703,230.84415179456744,-212.93508089366063,-76.1193305935832,1.5478363088239355,0.30837900807534796,0.08093104101830534,3.606131775094389e-05,37.17302485543735,76.55363295819325,nan,0.6279459459611368,nan
555.75,232.3396759033203,-213.34393310546875,-76.11347198486328,230.87776089956162,-212.93967626769208,-76.1204634470114,1.5167952893014058,0.3083184512618477,0.08091995651124412,3.676114808933613e-05,36.66934944401415,75.74063658442861,7.757461855583722,nan,nan
555.76,232.3447265625,-213.33531188964844,-76.11449432373047,230.882461296315,-212.93065060348425,-76.12128996091917,1.5172398115973431,0.3083659261924382,0.0809389704256467,3.599782288754585e-05,36.47402645047124,74.92068052582636,nan,0.0603818419605362,nan
555.77,232.34970092773438,-213.32669067382812,-76.11549377441406,230.88711210410935,-212.92164073281455,-76.12239478679527,1.5176558060640173,0.30841348484570025,0.08095805011791075,3.671901470044613e-05,36.33780864249707,75.015774685189,nan,nan,nan
555.78,232.35459899902344,-213.3180694580078,-76.11647033691406,230.8916885017447,-212.91260726341585,-76.12298853051053,1.5180741751111455,0.3084611273648103,0.08097718823769791,3.595820775580806e-05,36.07262058178336,74.55547036853491,nan,0.16171338531556725,nan
555.79,232.35940551757812,-213.3094482421875,-76.117431640625,230.89617962309455,-212.90359874271337,-76.1240505874073,1.5184820199683484,0.3085088538948646,0.08099639221076516,3.667861107358101e-05,35.93597772170198,74.35154778974457,nan,nan,nan
555.8000000000001,232.36412048339844,-213.3008270263672,-76.11837005615234,230.9102806190357,-212.90181510815586,-76.12510776464329,1.5076160846849203,0.3084482191607761,0.08098531542280267,3.589822690445576e-05,36.22998477660955,73.77672988634886,2.02056519042998,0.0009720341588286304,nan
555.8100000000001,232.36874389648438,-213.29220581054688,-76.1192855834961,230.91460382572058,-212.89282535677563,-76.12613394096054,1.5080036446426224,0.30849574754160336,0.08100451737666661,3.6617002600420705e-05,36.09793659477037,73.66471104137328,nan,nan,nan
555.82,232.37327575683594,-213.28359985351562,-76.12019348144531,230.91883584679684,-212.8837824941955,-76.12599622334321,1.5084041383335585,0.30854335973628355,0.0810237783935574,3.586192100817992e-05,35.6059523178312,74.3371319309597,nan,0.8829834780562601,nan
555.83,232.37771606445312,-213.2749786376953,-76.12107849121094,230.9229773395459,-212.87479333853977,-76.12697630123178,1.508790182751718,0.308591055889422,0.0810431050750505,3.658003089670587e-05,35.47097446693645,72.90303388746456,nan,nan,nan
555.84,232.38206481933594,-213.266357421875,-76.12194061279297,230.9270300691491,-212.8657884356369,-76.12758630117418,1.5091764346107337,0.30863883614504883,0.08106249129655829,3.582721860468097e-05,35.26317818558909,72.84288843875532,nan,0.08388831439888661,nan
555.85,232.38633728027344,-213.2577362060547,-76.12279510498047,230.92756361842547,-212.85070762087426,-76.12838007989859,1.5145045584613321,0.3085781232198391,0.08105142567849398,3.652194501619968e-05,34.4459462306253,72.73553893151286,3.7796046124152785,nan,nan
555.86,232.39051818847656,-213.24913024902344,-76.12362670898438,230.93144225244689,-212.84163765708817,-76.12794470479152,1.5149163160619767,0.30862570506065806,0.08107080957563964,3.577224673625627e-05,33.965872477745066,73.871527419211,nan,1.2476422575716506,nan
555.87,232.39462280273438,-213.24050903320312,-76.12444305419922,230.9352358351992,-212.8326274311168,-76.12883922150243,1.5153207741659827,0.3086733708076516,0.08109025898081436,3.648829088989827e-05,33.830972061890094,72.1130009769131,nan,nan,nan
555.88,232.3986358642578,-213.2318878173828,-76.125244140625,230.93894687260342,-212.823619637697,-76.12977743225505,1.5157161375514816,0.30872112060269347,0.0811097685057793,3.574070306252964e-05,33.732789314632214,72.26531500803254,nan,0.002375661775084069,nan
555.89,232.40257263183594,-213.2232666015625,-76.12602233886719,230.94257701563953,-212.8146090856494,-76.13064169462747,1.5161165862401975,0.30876895459372167,0.08112934365674201,3.645623991668528e-05,33.600596759162485,72.13469473583838,nan,nan,nan
555.9,232.40643310546875,-213.21466064453125,-76.12679290771484,230.92752187969333,-212.78779802756273,-76.12949476640563,1.539284706456266,0.3087081631980632,0.08111827981488651,3.568895102018018e-05,31.963838907091585,74.38468108086613,14.154493821909341,2.552270960245399,nan
555.91,232.41021728515625,-213.20603942871094,-76.12754821777344,230.930971945444,-212.77873656068198,-76.13030941886733,1.5397279436048512,0.30875579850665774,0.08113785193783102,3.6403139685912465e-05,31.828208672363065,72.81048985080486,nan,nan,nan
555.92,232.41392517089844,-213.19741821289062,-76.12828063964844,230.93434604282382,-212.76967459262568,-76.13109885602992,1.5401710759701295,0.3088035178072964,0.08115748472408048,3.566044380601429e-05,31.70156299710468,72.7894721265871,nan,8.434098361480153e-05,nan
555.9300000000001,232.4175567626953,-213.1887969970703,-76.1290054321289,230.9376454376646,-212.76061309039906,-76.13188552137454,1.5406126322993972,0.308851321251923,0.08117718302534424,3.6374226693331974e-05,31.56754952850612,72.58212133080632,nan,nan,nan
555.94,232.42111206054688,-213.18017578125,-76.12971496582031,230.94087060855625,-212.75157388190578,-76.13324189456246,1.5410473008766234,0.308899208976251,0.08119694242768297,3.563340166445891e-05,31.549609112956297,72.69209196901882,nan,0.23165310745934095,nan
555.95,232.4246063232422,-213.17156982421875,-76.13040924072266,230.98640224414268,-212.75649560146812,-76.13415823177222,1.4969073580099708,0.30883833883310063,0.0811858818995166,3.632430801063579e-05,30.001763779395777,72.88903478028548,21.221627474769402,nan,nan
555.96,232.4280242919922,-213.16294860839844,-76.13108825683594,230.98956418259567,-212.74741611851834,-76.1343518618546,1.4972793285117858,0.3088860276027556,0.0812056378860085,3.558618009799312e-05,29.77640065732886,71.4453673436406,nan,0.21545972904061414,nan
555.97,232.43136596679688,-213.15432739257812,-76.13175964355469,230.99265619975134,-212.73835724283413,-76.13508900257126,1.4976408260666945,0.30893380046398844,0.08122545930369872,3.629839437630364e-05,29.644759146818235,71.46538576306105,nan,nan,nan
555.98,232.43466186523438,-213.1457061767578,-76.13241577148438,230.99568315729618,-212.72925990359488,-76.13476545782788,1.4980296196526532,0.30898165754737916,0.08124534231754117,3.556198773638976e-05,29.35936927457718,70.5934955861181,nan,0.7511618567013141,nan
555.99,232.43788146972656,-213.1370849609375,-76.133056640625,230.99864151902736,-212.72020015411422,-76.13546758539715,1.4984026129526804,0.30902959901286225,0.0812652909173524,3.6273924661108494e-05,29.22884412392162,70.80761653406307,nan,nan,nan
556.0,232.44102478027344,-213.1284637451172,-76.13368225097656,231.0199575784915,-212.7163990858085,-76.1361565081555,1.4796065008576187,0.30896864982281613,0.08125422587214552,3.551763882001165e-05,28.407780957841066,70.8973041413392,4.443529474918133,0.0020929429600645088,nan
556.01,232.44412231445312,-213.11984252929688,-76.1343002319336,231.02282156277803,-212.70733717296218,-76.13683557217816,1.4799536897035475,0.309016392060739,0.08127417035184734,3.622845406245865e-05,28.279067468790775,70.1715556327717,nan,nan,nan
556.02,232.44715881347656,-213.11122131347656,-76.13490295410156,231.0256230053223,-212.69827774741955,-76.13759592328512,1.4803018930933276,0.3090642184621888,0.08129417689138214,3.549615680738055e-05,28.172861281811567,70.11188672280556,nan,0.005900329797841735,nan
556.03,232.4501190185547,-213.10260009765625,-76.13549041748047,231.02836368954593,-212.68921456224925,-76.13825304039473,1.4806361634560699,0.30911212919284237,0.08131424897152448,3.6206776968857096e-05,28.04562858234543,70.55358151872682,nan,nan,nan
556.04,232.45303344726562,-213.09396362304688,-76.13607025146484,231.03105279110926,-212.68005789518847,-76.1360608534347,1.480995252566734,0.309160124374349,0.08133438351571869,3.547597797037093e-05,27.705062748639474,68.32166275578197,nan,5.533657830960893,nan
556.0500000000001,232.4558868408203,-213.08534240722656,-76.13664245605469,231.01741287706338,-212.67010474835988,-76.13667599934426,1.4972072865414543,0.30909909586318124,0.08132331397826711,3.616410882607882e-05,28.816466722234182,69.58580134927406,7.361068277645596,nan,nan
556.0600000000001,232.45867919921875,-213.07672119140625,-76.13719940185547,231.0199417221285,-212.66108455718754,-76.13818905310328,1.4975714737862398,0.3091468915389478,0.08134344393934584,3.543562330255774e-05,28.712474915021367,69.69281223514221,nan,0.5777046953363026,nan
556.07,232.46142578125,-213.06809997558594,-76.13774108886719,231.02241696955804,-212.6520349687617,-76.13878509695877,1.497951114016627,0.3091947714902258,0.08136363941811892,3.614507404849603e-05,28.584857204892373,69.38395070081724,nan,nan,nan
556.08,232.464111328125,-213.05946350097656,-76.13827514648438,231.02483517010998,-212.64300159286194,-76.13992348151284,1.4983187567901954,0.3092427358327676,0.0813838977831632,3.541795026673982e-05,28.503603830276234,68.03163342478472,nan,0.21019489969873684,nan
556.09,232.46673583984375,-213.05084228515625,-76.13880157470703,231.02720102063665,-212.63395088166587,-76.14050532248434,1.4986867053424737,0.30929078474149213,0.08140422185192489,3.612730736596057e-05,28.37728695855425,69.48862207073358,nan,nan,nan
556.1,232.4693145751953,-213.04220581054688,-76.13931274414062,231.03300745356015,-212.62971763669552,-76.14067263368658,1.4943649121037015,0.3092296765864283,0.08139314120232893,3.538009763810579e-05,28.68425110331612,67.52722194105792,2.302625181055178,0.21552308142638124,nan
556.11,232.4718475341797,-213.03358459472656,-76.13981628417969,231.03527132338465,-212.62068098097058,-76.14123325923731,1.4947383086993185,0.30927752571096706,0.08141345997813654,3.6088512436105394e-05,28.559627807372088,68.61924812718563,nan,nan,nan
556.12,232.4743194580078,-213.02496337890625,-76.14031219482422,231.03748586634214,-212.61163181520416,-76.14136550567478,1.495103628901704,0.3093254591663864,0.0814338420356248,3.5364784501238354e-05,28.407106665464124,68.75123107113532,nan,0.12161419123696615,nan
556.13,232.47674560546875,-213.01632690429688,-76.14079284667969,231.03964903566074,-212.60259365064186,-76.14190403644224,1.495467482386891,0.3093734771333445,0.08145428980562192,3.6073170925694326e-05,28.284709011764225,67.30129636533732,nan,nan,nan
556.14,232.4791259765625,-213.0076904296875,-76.14126586914062,231.04175959520828,-212.59358169214124,-76.14343849832659,1.495831835828169,0.3094215797185819,0.0814748012333489,3.535060280389736e-05,28.259503463526634,67.21542606785728,nan,0.6985272368322926,nan
556.15,232.48146057128906,-212.9990692138672,-76.14173126220703,231.03675459489966,-212.5798840199908,-76.14399097718585,1.5042927545169593,0.3093603916518764,0.08146370832568016,3.6036788202592027e-05,28.101669631417387,68.82300505223223,0.707475445447337,nan,nan
556.16,232.48374938964844,-212.9904327392578,-76.1421890258789,231.03876499646574,-212.57082133415884,-76.14405686444223,1.5046784097113883,0.30940829416932775,0.08148421392938111,3.531618965531119e-05,27.935759987077343,67.2404145032407,nan,0.14503379544561332,nan
556.17,232.48599243164062,-212.98179626464844,-76.14263153076172,231.04072761816622,-212.56176959008317,-76.14456742414258,1.5050636319095467,0.3094562811426415,0.0815047852724296,3.602371955409343e-05,27.818485221875857,67.32794718271262,nan,nan,nan
556.1800000000001,232.48818969726562,-212.97315979003906,-76.14307403564453,231.04264863550983,-212.5526956979182,-76.14421866239434,1.5054502064683064,0.309504352673235,0.08152542063366831,3.53041595610399e-05,27.629507490790317,67.01608296536129,nan,0.5028113866852993,nan
556.19,232.49034118652344,-212.96453857421875,-76.14350128173828,231.04452217189046,-212.543642343155,-76.14470509149251,1.5058378762522406,0.30955250895018976,0.08154612194631289,3.601173897019855e-05,27.508834883248873,68.5028359929871,nan,nan,nan
556.2,232.49244689941406,-212.95590209960938,-76.1439208984375,231.0413522917839,-212.53804908976625,-76.14641725194546,1.5100605716027113,0.3094912406269093,0.08153501107606681,3.527187700669959e-05,28.443980063483785,66.9801909361854,3.833175965724241,0.9394362700291294,nan
556.21,232.49462890625,-212.947265625,-76.1444320678711,231.04318534561827,-212.52901370551254,-76.14695286729722,1.5105063496337934,0.30953919655199447,0.08155570584474507,3.597865263697387e-05,28.32776058231652,66.93816218159948,nan,nan,nan
556.22,232.49688720703125,-212.93862915039062,-76.1450424194336,231.04509604178668,-212.51996077381554,-76.14684839547058,1.510954684487809,0.30958723697272666,0.08157646496949117,3.526185423863675e-05,28.128087401903457,66.58343947169624,nan,0.3754479440690277,nan
556.23,232.4992218017578,-212.92999267578125,-76.14574432373047,231.04707744774464,-212.5109239332226,-76.14756509290896,1.5114050254919784,0.30963536208293185,0.08159729009794986,3.596873003130521e-05,28.01283880081032,66.44022524199441,nan,nan,nan
556.24,232.50161743164062,-212.92135620117188,-76.14653015136719,231.0491352995999,-212.50186785577628,-76.14752244654127,1.5118451641851505,0.3096835719764809,0.08161817993534369,3.525279172059289e-05,27.833205020039024,66.78919806975401,nan,0.5050039095939141,nan
556.25,232.5041046142578,-212.91270446777344,-76.14740753173828,231.09442385903924,-212.51348889253325,-76.14853436301571,1.4651191681555098,0.30962222313557003,0.08160704907261254,3.5937674654882455e-05,27.261680277997396,63.42316149266022,17.792853640632792,nan,nan
556.26,232.50665283203125,-212.90406799316406,-76.14838409423828,231.0966879532717,-212.50450482732464,-76.15061036281598,1.4654885325729585,0.3096702323886083,0.0816279317735365,3.522340482069443e-05,27.252827858865,64.7896715598242,nan,0.8293533039057286,nan
556.27,232.50926208496094,-212.8954315185547,-76.1494369506836,231.09902707178045,-212.4954974679327,-76.15169580052721,1.4658496306407718,0.309718326273087,0.08164888054451445,3.592966288181637e-05,27.139670901321107,65.30001410489155,nan,nan,nan
556.28,232.51194763183594,-212.8867950439453,-76.15058135986328,231.1014406230152,-212.48646752298376,-76.15176387492515,1.4662174273665887,0.3097665048788321,0.08166989433330114,3.5216148083787674e-05,26.923926112550006,64.7430574199387,nan,0.8525644852441205,nan
556.29,232.5146942138672,-212.87815856933594,-76.15180969238281,231.10391808998452,-212.47745904485834,-76.1530140383965,1.4665779321547516,0.30981476840617156,0.08169097442544389,3.5922564168303484e-05,26.810997359491626,64.95995386274645,nan,nan,nan
556.3000000000001,232.51751708984375,-212.8695068359375,-76.15312957763672,231.0856024555278,-212.4400534613055,-76.15526994896973,1.494929530827599,0.30975333868433896,0.08167981853836256,3.518853611577475e-05,24.695963561685918,65.35836521738182,39.79953088985794,0.518474968292335,nan
556.3100000000001,232.52041625976562,-212.86087036132812,-76.15452575683594,231.08819475344941,-212.43095737145973,-76.15670134536745,1.4953555948996609,0.3098014012815234,0.08170089075999686,3.589425239515237e-05,24.58789626518577,66.57296426292211,nan,nan,nan
556.32,232.5233612060547,-212.85223388671875,-76.156005859375,231.09085889204403,-212.4218388771295,-76.1569996519403,1.4957619234185986,0.30984954853733265,0.08172202828954336,3.5182948370335676e-05,24.373442429075848,66.94640026943759,nan,1.0354480208057206,nan
556.33,232.52638244628906,-212.8435821533203,-76.1575698852539,231.0935832419654,-212.4127419912608,-76.1585867497767,1.496174401320729,0.3098977806553809,0.08174323220862013,3.58888610645271e-05,24.266685163481526,65.02799297024796,nan,nan,nan
556.34,232.5294647216797,-212.83494567871094,-76.15921783447266,231.09637288115903,-212.4036435524257,-76.16017706109287,1.4965876745519338,0.3099460977201485,0.08176450176981401,3.517815780730221e-05,24.154932532866397,66.31997182470892,nan,0.0044015862673335735,nan
556.35,232.53260803222656,-212.82630920410156,-76.16094207763672,231.1052321187168,-212.39755492334842,-76.16178146272242,1.4903801314762941,0.3098845868613822,0.08175331818046068,3.586222239526045e-05,24.032339729759435,66.16691738502344,1.304784540228082,nan,nan
556.36,232.53582763671875,-212.81765747070312,-76.16275024414062,231.10815586481206,-212.38847206417955,-76.16420306279544,1.4907880171754904,0.3099327027025981,0.08177457922330347,3.515292976900012e-05,23.967210114832564,64.15115640719549,nan,0.24645199004689122,nan
556.37,232.53909301757812,-212.80902099609375,-76.16461181640625,231.1111450229286,-212.37937935158473,-76.16610823422198,1.4911839783830372,0.309980903345522,0.08179590675230657,3.5858401489376184e-05,23.861574098258036,66.14458111785943,nan,nan,nan
556.38,232.5424346923828,-212.80038452148438,-76.16648864746094,231.11419544111132,-212.37028897503322,-76.16821399082592,1.4915939510333898,0.31002918887213404,0.08181730018983668,3.514962079280984e-05,23.77729419730404,65.48198061087501,nan,0.018681970802112376,nan
556.39,232.5458221435547,-212.79173278808594,-76.1683578491211,231.1173077865876,-212.3611957508835,-76.17015834079606,1.4919848022799875,0.3100775594901995,0.08183876036376975,3.585533019211921e-05,23.677807083685888,64.23481085293368,nan,nan,nan
556.4,232.54928588867188,-212.78309631347656,-76.17019653320312,231.12590670103097,-212.34981203173055,-76.1727487640393,1.487867633393401,0.3100159671178761,0.08182754451801932,3.5125839310424614e-05,23.066125953895508,65.59270750372997,2.3319691307918435,0.3000535029540672,nan
556.41,232.55279541015625,-212.77444458007812,-76.17200469970703,231.12915191446862,-212.34070404540836,-76.17465516526475,1.4882535668349586,0.31006413621737045,0.08184899542205115,3.583092438246093e-05,22.973174824353624,64.41032079782836,nan,nan,nan
556.42,232.55636596679688,-212.76580810546875,-76.17378234863281,231.13245605554533,-212.33159640752228,-76.1765446943081,1.4886459836198656,0.31011239013696607,0.08187051248561525,3.51238865751417e-05,22.889753342921257,65.5200160826097,nan,0.00013588548695181912,nan
556.4300000000001,232.55999755859375,-212.75717163085938,-76.17552185058594,231.1358186218983,-212.32248862222468,-76.17838797647386,1.4890410257613154,0.31016072908615044,0.0818920963970649,3.58292376951796e-05,22.79794637198883,65.40271395998363,nan,nan,nan
556.44,232.56369018554688,-212.74851989746094,-76.17723083496094,231.13923585471431,-212.3133892705794,-76.18083870928274,1.4894367458321571,0.31020915314394343,0.08191374678759371,3.5122581249694826e-05,22.838045370191914,63.73354100699247,nan,0.2872975489211878,nan
556.45,232.5674285888672,-212.73988342285156,-76.17890167236328,231.15064715101096,-212.30414912673282,-76.18247818811518,1.4822775755346844,0.3101474790047006,0.08190249554978435,3.5806180056367056e-05,22.224238336846646,65.56712028666291,2.7206469595689504,nan,nan
556.46,232.5712432861328,-212.7312469482422,-76.1805419921875,231.15420309810557,-212.29501802455763,-76.18303219536047,1.48266812519023,0.31019570124599616,0.0819241359727449,3.510071815785161e-05,21.94271582578484,64.51938640101336,nan,1.002947741282747,nan
556.47,232.57508850097656,-212.72259521484375,-76.1821517944336,231.1578090792099,-212.28590161230815,-76.18473770258166,1.4830336977896765,0.31024400845386096,0.08194584336240839,3.580575442092578e-05,21.852495136732827,63.605545970117795,nan,nan,nan
556.48,232.57901000976562,-212.71395874023438,-76.18373107910156,231.16146576932437,-212.27679601683934,-76.18732327815985,1.4834270538952778,0.3102924007063388,0.08196761746310309,3.510060056856134e-05,21.93334551920782,64.2865917623439,nan,0.5833622701134982,nan
556.49,232.58297729492188,-212.705322265625,-76.18527221679688,231.16518131500885,-212.26768028595768,-76.18897559964691,1.4838091717162265,0.3103408782147301,0.08198945879390553,3.580593073997727e-05,21.848812919634348,64.5673550629001,nan,nan,nan
556.5,232.5869903564453,-212.69668579101562,-76.1867904663086,231.19203728058446,-212.25131967822645,-76.19204921725192,1.464333538759555,0.3102791219239357,0.08197816793527687,3.5079890143985744e-05,19.97472299099756,66.08529594529419,31.53029024367281,1.39062639968655,nan
556.51,232.591064453125,-212.6880340576172,-76.18827056884766,231.19591154613678,-212.24215270890323,-76.19365694476792,1.4646811339176173,0.31032739731569164,0.08199999852664622,3.578464855860226e-05,19.902268884777893,64.38357529936677,nan,nan,nan
556.52,232.59518432617188,-212.6793975830078,-76.18972778320312,231.19984574503076,-212.23297074284582,-76.1937129590765,1.4650196453511024,0.3103757576874814,0.08202189604849966,3.5080848751926166e-05,19.44799102712818,65.29271984002143,nan,1.6299423791836962,nan
556.53,232.599365234375,-212.67076110839844,-76.19115447998047,231.20382463617608,-212.22380436527695,-76.19524851735838,1.4653738951493647,0.31042420325088266,0.08204386092982914,3.5785921467034895e-05,19.368576289859256,64.80482555870856,nan,nan,nan
556.54,232.6035919189453,-212.66212463378906,-76.19255065917969,231.2078526594,-212.21464240568275,-76.19717741753664,1.465725019231086,0.31047273408320053,0.08206589304999941,3.5082321450729486e-05,19.41565760556927,64.92820183396333,nan,0.12457811255571286,nan
556.5500000000001,232.6078643798828,-212.6534881591797,-76.19392395019531,231.219991986652,-212.20999740287866,-76.19865001160663,1.4570161860710997,0.3104108953877272,0.08205455912720094,3.5765700915432534e-05,19.34999236617714,64.44129926578073,0.6721487069730944,nan,nan
556.5600000000001,232.6121826171875,-212.6448516845703,-76.19525909423828,231.22413720273815,-212.20083779378655,-76.19974971461669,1.4573395532456366,0.31045922380114666,0.08207657976537182,3.506311825481718e-05,19.206398834553006,64.66534666999414,nan,0.09017968443702197,nan
556.57,232.61656188964844,-212.63621520996094,-76.19657897949219,231.22833021075806,-212.1916815565814,-76.20117788361217,1.4576757229167512,0.31050763734077147,0.08209866789706348,3.576796197554946e-05,19.129680825196317,63.683666968831325,nan,nan,nan
556.58,232.62098693847656,-212.6275634765625,-76.19786834716797,231.23257516259707,-212.18252060954336,-76.20193656798814,1.4580010162225872,0.3105561360842637,0.0821208234719587,3.506552013266558e-05,18.919419811339186,62.109785380847924,nan,0.2917791594576841,nan
556.59,232.62545776367188,-212.61892700195312,-76.19912719726562,231.23686531322193,-212.17336513076174,-76.20330790466251,1.4583318733472508,0.31060472024295444,0.08214304681370027,3.577069548528035e-05,18.844059996891193,63.58933622897994,nan,nan,nan
556.6,232.62998962402344,-212.61029052734375,-76.20037078857422,231.2654001021577,-212.1840990537055,-76.20379837319125,1.4295997634736726,0.3105427987551929,0.08213166580790253,3.504721386956745e-05,19.203665927170007,60.99538506272217,12.2830061680008,0.5261904493985965,nan
556.61,232.63455200195312,-212.60165405273438,-76.20158386230469,231.2698193049097,-212.17499283654865,-76.20511287173126,1.4298767715030636,0.3105911801900274,0.0821538768732753,3.575185212228315e-05,19.124277986653915,61.54662155354766,nan,nan,nan
556.62,232.63916015625,-212.593017578125,-76.20277404785156,231.27427484965838,-212.16590122810868,-76.20854443391858,1.4301655757136367,0.31063964676304995,0.08217615557616618,3.505044826318317e-05,19.63395736713464,61.92181341495265,nan,3.225977482263215,nan
556.63,232.64382934570312,-212.5843963623047,-76.20393371582031,231.27878672852174,-212.15679593096888,-76.20983379592589,1.4304608650869237,0.3106881986846674,0.08219850218687232,3.575543237292492e-05,19.565623255784676,62.77996775783504,nan,nan,nan
556.64,232.64852905273438,-212.5757598876953,-76.205078125,231.28334226630523,-212.14769376367877,-76.21150000013363,1.4307399515116368,0.310736836033665,0.08222091673519488,3.505408139802739e-05,19.677872173234103,61.601687823194744,nan,0.11220873069442316,nan
556.65,232.6532745361328,-212.56712341308594,-76.2061996459961,231.29578201253582,-212.13479889716518,-76.21286104133053,1.424687619401403,0.3106748314987234,0.08220948501078905,3.5737404692319844e-05,18.87128014688519,62.030506066650304,5.286442679373357,nan,nan
556.66,232.65806579589844,-212.55848693847656,-76.20729064941406,231.30044983930915,-212.12567055878807,-76.21350031827079,1.4249525129279925,0.3107232658174436,0.0822318864996235,3.503692900260343e-05,18.64186258043169,61.84821528798521,nan,0.2457337097082322,nan
556.67,232.6628875732422,-212.5498504638672,-76.20836639404297,231.30514730358357,-212.11654603042192,-76.21470323090301,1.425219817220271,0.3107717854171158,0.08225435603971111,3.5741738897515726e-05,18.577013885209908,61.0581072820186,nan,nan,nan
556.6800000000001,232.66766357421875,-212.54122924804688,-76.20942687988281,231.26983715961737,-212.10950650371353,-76.21533146657883,1.46298943177185,0.30608009429504,0.08226399074200842,3.503989288520272e-05,28.0628588340662,71.95983511245522,nan,0.1997240060409647,0.33756368851058594
556.69,232.67237854003906,-212.5325927734375,-76.21045684814453,231.2744555254545,-212.1004157882284,-76.21648796855759,1.463216346157692,0.3061241858251666,0.08228618940609145,3.574502578574534e-05,27.943928468526167,70.41166940099619,nan,nan,nan
556.7,232.677001953125,-212.52395629882812,-76.21147155761719,231.29188747720124,-212.10680840622229,-76.21748880849911,1.4465789584489377,0.30606411469537376,0.08227473741676282,3.502346663869041e-05,29.092880546174907,69.2698215268001,13.31147088807833,0.006621948140336035,nan
556.71,232.68154907226562,-212.5153350830078,-76.21246337890625,231.29635701081176,-212.09776406952142,-76.21860471225007,1.4467758341892847,0.3061080263623204,0.08229691847067187,3.5728085170649587e-05,28.97071557603861,70.25575614970374,nan,nan,nan
556.72,232.68600463867188,-212.50669860839844,-76.21343231201172,231.30065692988384,-212.08872850157277,-76.22081677590973,1.4470458924136331,0.3061520131132283,0.08231916149009169,3.502847864440557e-05,29.330417894372278,69.41418542417014,nan,0.876550665000361,nan
556.73,232.6903839111328,-212.49806213378906,-76.21438598632812,231.30495355195924,-212.07968484760582,-76.22190636652907,1.4472433761576613,0.30619609115515894,0.08234146678220715,3.573346352306367e-05,29.21679414434924,68.7094851044996,nan,nan,nan
556.74,232.69467163085938,-212.48944091796875,-76.21531677246094,231.30915025496296,-212.07064282056146,-76.22315682830943,1.4474539011428218,0.3062402448231145,0.08236383433893836,3.5033791738026406e-05,29.247016518258473,70.34550517438214,nan,0.022590211549979644,nan
556.75,232.69886779785156,-212.48080444335938,-76.21623229980469,231.33942862710822,-212.07609355779027,-76.22422295119597,1.4184250457317553,0.30618016755158706,0.08235233465603309,3.571713177047332e-05,29.135622513189958,68.30602072223921,6.7785422497282735,nan,nan
556.76,232.70298767089844,-212.47218322753906,-76.21713256835938,231.34353071144056,-212.06707527940787,-76.22497872756159,1.418554629357549,0.30622414141726045,0.08237468410010701,3.501822190609227e-05,28.965739044272965,69.06446682403482,nan,0.0561443947456292,nan
556.77,232.70703125,-212.4635467529297,-76.21800994873047,231.34752939611315,-212.05805901557005,-76.22599676985874,1.4187069412611493,0.3062682060098569,0.08239709601684819,3.57230671399123e-05,28.85674448644946,67.46664738807505,nan,nan,nan
556.78,232.7109832763672,-212.45492553710938,-76.2188720703125,231.35135018611763,-212.04905104400254,-76.22834793096054,1.4189524432451281,0.30631234669939145,0.08241957043699827,3.502405709254072e-05,29.49577156068418,69.77638137861616,nan,1.284506275838157,nan
556.79,232.71485900878906,-212.4462890625,-76.21971893310547,231.355187975022,-212.04003500343788,-76.22934658344107,1.4190984364097552,0.3063565781562025,0.08244210761062315,3.5729271935872755e-05,29.390643198877985,68.08843687993622,nan,nan,nan
556.8000000000001,232.71865844726562,-212.4376678466797,-76.22054290771484,231.37692514536556,-212.03766723147612,-76.23063619018458,1.4001252158081767,0.3062964787677677,0.0824305571571407,3.500898717598907e-05,29.091666450383364,69.6209770630012,4.062725671480655,0.09450271934382724,nan
556.8100000000001,232.72238159179688,-212.4290313720703,-76.22135162353516,231.38064278032553,-212.02865664557967,-76.23160538071681,1.4002385865834905,0.3063405299437474,0.08245307567647531,3.571369852472158e-05,28.99144397661119,68.12599255993867,nan,nan,nan
556.82,232.72604370117188,-212.42041015625,-76.22215270996094,231.3843141707702,-212.01964370528387,-76.23214360269763,1.400339851218102,0.30638465767487616,0.08247565693100498,3.501527677604108e-05,28.76364704039453,68.45938479245024,nan,0.1218305170817513,nan
556.83,232.7296142578125,-212.41177368164062,-76.22293090820312,231.3878834456116,-212.0106328329151,-76.23307820498216,1.4004493994991147,0.3064288756240415,0.08249830114084847,3.572036392790777e-05,28.66240567129787,67.87670983006493,nan,nan,nan
556.84,232.73312377929688,-212.40313720703125,-76.22369384765625,231.3912645107374,-212.0016298456235,-76.23571314604756,1.4006923007632437,0.306473170657803,0.0825210083808732,3.502178752988733e-05,29.77317838101584,68.57132957821321,nan,2.0740171036983313,nan
556.85,232.73655700683594,-212.39451599121094,-76.22444152832031,231.4004500600873,-211.98634261131906,-76.23642585196235,1.3971152082829317,0.30641306247614825,0.0825094042798347,3.570523126957745e-05,28.24544570968013,70.78238033829233,13.18653328957475,nan,nan
556.86,232.73992919921875,-212.38587951660156,-76.22517395019531,231.4038929578273,-211.97729649929502,-76.23642739440072,1.3971612506611997,0.3064571772603206,0.08253209232177097,3.500733199368321e-05,27.711046871742045,68.50925797244892,nan,0.5753417046054042,nan
556.87,232.74322509765625,-212.37725830078125,-76.22589111328125,231.40720792665604,-211.96825376410135,-76.23730896553504,1.3972676764250394,0.3065013817265519,0.08255484352049143,3.571229386798041e-05,27.612510280818828,70.1743488853434,nan,nan,nan
556.88,232.7464599609375,-212.36862182617188,-76.22660064697266,231.410572970284,-211.9592034976844,-76.23638883774464,1.3972520274371938,0.3065456637130546,0.0825776579732846,3.501421456133188e-05,26.570026541485344,67.3513274132532,nan,2.2559110145345818,nan
556.89,232.7496337890625,-212.3599853515625,-76.22728729248047,231.41375606785022,-211.95015967321504,-76.23722572756874,1.397363640988374,0.3065900354377728,0.08260053586726254,3.571955136290278e-05,26.471609091687323,67.28949704089217,nan,nan,nan
556.9,232.7527313232422,-212.3513641357422,-76.22796630859375,231.40927598513628,-211.934924880238,-76.23644418911537,1.4065439109634303,0.30652990493344223,0.08258887506427103,3.500011462711871e-05,25.431058658311322,68.6027331697372,1.2412326008764647,1.7807458521337258,nan
556.91,232.7557830810547,-212.3427276611328,-76.22863006591797,231.41232371409808,-211.9258653118711,-76.23723949014348,1.4066738822772484,0.3065740959354645,0.08261173318642881,3.5704951873086424e-05,25.328103444319254,66.44094897593934,nan,nan,nan
556.92,232.75877380371094,-212.33409118652344,-76.22927856445312,231.415281196515,-211.9168066662928,-76.23848078203306,1.406834545077223,0.30661836487518385,0.08263465478055385,3.500731444677175e-05,25.54640500382601,66.69601626413035,nan,0.14836487241234061,nan
556.9300000000001,232.76168823242188,-212.32545471191406,-76.22991180419922,231.4182073994531,-211.90774599064517,-76.23925590513026,1.4069501187322715,0.30666272304077585,0.08265764001771826,3.571253055314124e-05,25.447079984006884,67.32880955711678,nan,nan,nan
556.94,232.76455688476562,-212.31683349609375,-76.23053741455078,231.42116650262741,-211.8986807286857,-76.2385272774626,1.4069873111090287,0.3067071596537026,0.08268068901887614,3.5014671648649275e-05,24.699834804461048,67.31853122574836,nan,1.5700379180660464,nan
556.95,232.76736450195312,-212.30819702148438,-76.23114776611328,231.39812478695117,-211.87045872392045,-76.23921747465738,1.4375316812122019,0.30664701769115843,0.08266896853161339,3.5698238533578444e-05,24.06719795940997,67.177656255841,11.02599155885141,nan,nan
556.96,232.77012634277344,-212.299560546875,-76.23175048828125,231.4009723557192,-211.8613475962245,-76.23782739307384,1.437584835464041,0.3066912735771099,0.08269199717815164,3.500099402601199e-05,23.177382216043128,65.78814910193893,nan,3.1570670750902465,nan
556.97,232.7728271484375,-212.29092407226562,-76.23233795166016,231.40363738455878,-211.85224059509954,-76.23851979677757,1.4377628517449774,0.3067356181944647,0.082715089668316,3.570608787291048e-05,23.072035969109617,65.9911307604555,nan,nan,nan
556.98,232.7754669189453,-212.28228759765625,-76.23291015625,231.40621816729865,-211.84313402284613,-76.2397096953086,1.4379653124765805,0.3067800416473845,0.08273824613380049,3.5008604389976544e-05,23.202027822086233,66.45325743844398,nan,0.18226659229181352,nan
556.99,232.77806091308594,-212.27365112304688,-76.23347473144531,231.40877553811532,-211.83402599001627,-76.24038587608885,1.4381447978631636,0.3068245539096892,0.08276146672985037,3.571407348457275e-05,23.099669228382968,65.96311118039928,nan,nan,nan
557.0,232.7805938720703,-212.2650146484375,-76.2340316772461,231.40414090612725,-211.8244892592287,-76.23960176604204,1.4452392230631597,0.3067643892223767,0.08274968349950382,3.499516953829071e-05,23.02954426612638,65.48790706590572,2.5672747190616314,1.210361477104768,nan
557.01,232.7830810546875,-212.25637817382812,-76.23457336425781,231.40657734726668,-211.81538575925367,-76.24024156429192,1.4454303493240708,0.3068087202965666,0.0827728831349288,3.570013846299987e-05,22.924469167473042,65.25862662353067,nan,nan,nan
557.02,232.7855224609375,-212.24774169921875,-76.235107421875,231.40897698625602,-211.80628126710482,-76.24063087455362,1.4456124188446104,0.30685313057300245,0.08279614695181489,3.5002990092126715e-05,22.778631441046684,64.89651565785701,nan,0.040832596211458703,nan
557.03,232.7879180908203,-212.23910522460938,-76.23562622070312,231.4113138886801,-211.7971763867447,-76.24124861820317,1.4458118267742075,0.3068976291933516,0.08281947509905749,3.570833676352848e-05,22.67566655079849,64.77564680652272,nan,nan,nan
557.04,232.79026794433594,-212.23045349121094,-76.23613739013672,231.41371033496617,-211.7880690641957,-76.23990284778844,1.4459007614116344,0.3069422075013761,0.08284286771775139,3.5010918593625365e-05,22.081420890378705,62.62959496163154,nan,2.6942640300001686,nan
557.0500000000001,232.7925567626953,-212.22181701660156,-76.23663330078125,231.40833709360788,-211.77720573630796,-76.2402978600225,1.4538764431158713,0.3068820287169985,0.08283101869329164,3.569460653760595e-05,22.296671302033488,64.43704440213376,2.581479523835493,nan,nan
557.0600000000001,232.79481506347656,-212.2131805419922,-76.23712921142578,231.41060678885532,-211.7680996604034,-76.23918003222848,1.4540061019650954,0.3069264257939821,0.08285438973165175,3.499775795835801e-05,21.926006574342505,63.28543697090148,nan,2.002998493207792,nan
557.07,232.79701232910156,-212.2045440673828,-76.23760986328125,231.41274039432184,-211.75899385583176,-76.239720669288,1.4542105198127162,0.3069709107697965,0.08287782529818508,3.570297820082317e-05,21.81544358381686,63.89320339649216,nan,nan,nan
557.08,232.79917907714844,-212.19589233398438,-76.23807525634766,231.41485733156145,-211.74988707424185,-76.23972249524292,1.4543968166972092,0.307015475767203,0.08290132553679694,3.5005848666939114e-05,21.656379709119573,61.9542697882776,nan,0.19836290810497412,nan
557.09,232.80130004882812,-212.187255859375,-76.23854064941406,231.41690291391816,-211.7407796434442,-76.24024055820969,1.4546131197774574,0.3070601287666548,0.08292489059222607,3.571144138803528e-05,21.546606960484468,63.1802919240938,nan,nan,nan
557.1,232.80337524414062,-212.17860412597656,-76.2389907836914,231.4676932035483,-211.75386485614976,-76.24066972046681,1.4015893762877183,0.3069999266477242,0.0829129726937778,3.499284521228708e-05,20.741342554150936,61.279754610135136,23.2246721030937,0.005054251267747242,nan
557.11,232.80540466308594,-212.1699676513672,-76.23943328857422,231.46973925183698,-211.7447870700079,-76.24117049163571,1.401707400082604,0.30704439797078764,0.08293651553070748,3.5697934424035104e-05,20.63242206080577,62.6946289225693,nan,nan,nan
557.12,232.80740356445312,-212.16131591796875,-76.2398681640625,231.4716717088433,-211.73570825869072,-76.24311385948758,1.4019029938857301,0.30708894962637645,0.08296012323579732,3.500106507385697e-05,20.739069572444837,60.9894650318795,nan,1.4855862286739943,nan
557.13,232.80935668945312,-212.15267944335938,-76.24029541015625,231.47363688748695,-211.72662927247734,-76.24361325930553,1.4020260859185734,0.30713358887043574,0.08298379595380719,3.5706528454412486e-05,20.635068786458202,62.48511889357418,nan,nan,nan
557.14,232.811279296875,-212.14402770996094,-76.24071502685547,231.47557104866056,-211.71754979067563,-76.2439355449003,1.4021448968357373,0.30717830890617615,0.08300753382865371,3.500935576072154e-05,20.514687462994143,60.611808301139014,nan,0.020290971997967266,nan
557.15,232.81326293945312,-212.13539123535156,-76.24122619628906,231.5004024392924,-211.7137538035539,-76.24432132936137,1.3789091328379544,0.30711809010349583,0.08299554396372508,3.569314968669329e-05,19.501163771192264,62.95154225234656,9.944131037130541,nan,nan
557.16,232.81533813476562,-212.12673950195312,-76.24182891845703,231.5023749495009,-211.7046675771248,-76.24697813532164,1.3791459495002985,0.3071626283803919,0.08301925896535443,3.4996515932748965e-05,19.88758478415719,61.309136773918055,nan,2.9126806406870784,nan
557.17,232.81748962402344,-212.1180877685547,-76.24252319335938,231.5045200545342,-211.69558260475347,-76.24771812141584,1.3792848477094817,0.3072072538533874,0.0830430391734914,3.570184467210471e-05,19.783703127048195,61.1724733241781,nan,nan,nan
557.1800000000001,232.8197021484375,-212.10943603515625,-76.24331665039062,231.506708012245,-211.68649648074188,-76.24924124750328,1.3794442972498115,0.3072519603951631,0.08306688472985335,3.5004901377582646e-05,19.92808658393539,61.68193025780915,nan,0.33657771368000927,nan
557.19,232.82199096679688,-212.1007843017578,-76.24419403076172,231.50900206305394,-211.67741067441486,-76.2501721763872,1.379572697579479,0.3072967542627585,0.08309079578242647,3.57105981657666e-05,19.82440124040944,61.57804132889127,nan,nan,nan
557.2,232.82435607910156,-212.09214782714844,-76.24515533447266,231.5218907628845,-211.6743397813129,-76.25052206210071,1.3678480415889487,0.3072365113077351,0.08307873084155391,3.4992156004321155e-05,19.563737503921676,62.44471251370868,1.316640395104661,0.25651338595614653,nan
557.21,232.82679748535156,-212.08349609375,-76.2462158203125,231.52434702034256,-211.6652642375724,-76.2516257686182,1.3679635838956417,0.30728112298854626,0.08310261835094537,3.5697344569118566e-05,19.460101607286045,60.519554883167096,nan,nan,nan
557.22,232.82931518554688,-212.07484436035156,-76.24735260009766,231.526776772877,-211.65618464218838,-76.25504835790703,1.3681891319482327,0.3073258159922812,0.08312657139589873,3.5000611387072165e-05,20.232720452696967,61.30413827923543,nan,3.5120127833418167,nan
557.23,232.83189392089844,-212.06619262695312,-76.24858093261719,231.52937556108662,-211.64710836159855,-76.25635063452908,1.3683004302354203,0.30737059596122807,0.08315059012824196,3.570616933606106e-05,20.131751968900158,61.41003454293954,nan,nan,nan
557.24,232.83453369140625,-212.0575408935547,-76.24989318847656,231.53204461405574,-211.63803184783475,-76.25772668965512,1.3684030838166654,0.307415457685758,0.08317467468406078,3.500911072725128e-05,20.094328811209838,61.70895734990723,nan,0.00011175852843359462,nan
557.25,232.83726501464844,-212.04888916015625,-76.25128936767578,231.52798258196003,-211.6245811650939,-76.25931609865603,1.3763437766889963,0.3073551955272354,0.08316253155318862,3.569298889604884e-05,20.0383946155541,60.894108358236124,1.1389911508471136,nan,nan
557.26,232.8400421142578,-212.0402374267578,-76.25276947021484,231.53080602660503,-211.615496486152,-76.26022025944526,1.3764299888113485,0.30739987494384163,0.08318659187783661,3.4996449433698064e-05,19.72140207425666,61.458787473538976,nan,0.30489214067769776,nan
557.27,232.8428955078125,-212.03158569335938,-76.25433349609375,231.5336696015418,-211.60641019389953,-76.26185868168201,1.3765548690151903,0.30744464098577,0.08321071807813822,3.570186276623588e-05,19.624186311705333,60.874858235869624,nan,nan,nan
557.28,232.8458251953125,-212.02293395996094,-76.2559814453125,231.53664718399284,-211.59732640714114,-76.26241524532522,1.3766372972292877,0.307489489004424,0.08323491028518185,3.5004995438846456e-05,19.12465165083529,59.836652255732346,nan,0.9575841105596377,nan
557.29,232.8488006591797,-212.0142822265625,-76.25769805908203,231.53964356325676,-211.58823988357818,-76.26420671145029,1.3767522443695417,0.3075344238042525,0.08325916865815614,3.571077175385521e-05,19.031814177172606,60.81439430339832,nan,nan,nan
557.3000000000001,232.8518524169922,-212.00563049316406,-76.25950622558594,231.57604355400898,-211.59853816562307,-76.26588972196896,1.33919870334291,0.3074741364758307,0.08324694419590253,3.4992384501837135e-05,18.92780480454936,59.287027194360064,11.528456806886828,0.04824106786850083,nan
557.3100000000001,232.85496520996094,-211.99697875976562,-76.26136779785156,231.57922110111483,-211.58948805747963,-76.26783192976319,1.3392585593179784,0.3075188885571152,0.08327117763651598,3.5697647457105156e-05,18.83805193429881,59.43292609326084,nan,nan,nan
557.32,232.85813903808594,-211.9883270263672,-76.26324462890625,231.5824292090842,-211.58043562603888,-76.2706798206731,1.3393529200139949,0.30756372281441385,0.08329547726345833,3.500095898465241e-05,19.151586351801868,59.69568626419103,nan,0.5326529385336216,nan
557.33,232.86138916015625,-211.97967529296875,-76.26510620117188,231.58573355233395,-211.57138571268646,-76.27266826890256,1.3394233072497783,0.30760864354334455,0.08331984324167951,3.5706586215794345e-05,19.07969490285466,58.95353535219099,nan,nan,nan
557.34,232.86468505859375,-211.9710235595703,-76.2669448852539,231.58921319123212,-211.56234466470008,-76.27158860093698,1.33935375746614,0.30765364685559476,0.08334427569378743,3.500955884300746e-05,17.999776929516262,58.44928178319651,nan,6.566969704319973,nan
557.35,232.86805725097656,-211.96237182617188,-76.26875305175781,231.57789976677662,-211.54871346459936,-76.27349066781079,1.3548586712797155,0.30759333787683635,0.08333196677880479,3.5693497336295395e-05,18.368190148623384,57.47775136767842,2.753628399205874,nan,nan
557.36,232.87147521972656,-211.95372009277344,-76.27052307128906,231.58141842032677,-211.53966674065978,-76.27374582749933,1.354879002063203,0.30763815831281177,0.08335637357889157,3.499697737291395e-05,17.942592048294873,57.74559885495283,nan,1.871311601740631,nan
557.37,232.8749542236328,-211.945068359375,-76.27226257324219,231.58493840668217,-211.5306151305357,-76.2755803219242,1.3549624697143745,0.3076830649301825,0.0833808469124085,3.570244981758234e-05,17.861205148362195,57.423854139427725,nan,nan,nan
557.38,232.8784942626953,-211.93641662597656,-76.27397155761719,231.588459294277,-211.52155831519073,-76.27905141781255,1.3551101220010675,0.30772805429934175,0.08340538689578694,3.5005591265374885e-05,18.19784116564137,57.50258290874999,nan,1.9674663213451555,nan
557.39,232.88209533691406,-211.92776489257812,-76.27564239501953,231.59209731790583,-211.51250714286112,-76.28083693401891,1.3551977239431223,0.3077731300303224,0.08342999370309294,3.571142168342558e-05,18.12481626638908,57.33032840476075,nan,nan,nan
557.4,232.88575744628906,-211.9191131591797,-76.27728271484375,231.6323110548924,-211.53538039381127,-76.28314756061106,1.3108825606203216,0.3077127946787542,0.08341759716431885,3.499303077385471e-05,19.381227143480185,55.755558912495545,29.823176809923137,0.1825983883245371,nan
557.41,232.8894805908203,-211.91046142578125,-76.27889251708984,231.63610573830786,-211.5264065731385,-76.28487506169103,1.3109090134669745,0.30775768713884555,0.08344217758793866,3.569834290438802e-05,19.308866851407476,55.343019889167365,nan,nan,nan
557.42,232.89324951171875,-211.9018096923828,-76.28046417236328,231.63996641559743,-211.51743401211635,-76.28628657861344,1.3109145979118135,0.307802662499166,0.08346682483398629,3.500164569088352e-05,19.182692224617245,55.773283528523926,nan,0.05722320546759042,nan
557.4300000000001,232.89707946777344,-211.89315795898438,-76.28201293945312,231.6438738862976,-211.50846048599513,-76.28794926699959,1.310935397016667,0.30784772395886,0.0834915390828465,3.57073172466991e-05,19.10979589384335,55.18931860312126,nan,nan,nan
557.44,232.9009552001953,-211.88450622558594,-76.28352355957031,231.64782823868455,-211.49948618761954,-76.28985223420824,1.3109567740484456,0.30789286870280996,0.08351632044162471,3.5010273890333914e-05,19.175574550622315,55.748493743685636,nan,0.05157860024150743,nan
557.45,232.90489196777344,-211.87586975097656,-76.28500366210938,231.6505005731147,-211.4908746211729,-76.29155112684263,1.3121592472946508,0.30783250932651507,0.08350383316050641,3.5694249599111616e-05,19.2931458906603,56.560530338416754,0.5010207892496893,nan,nan
557.46,232.9088897705078,-211.86721801757812,-76.28646087646484,231.65451890876832,-211.48189826394497,-76.29475375623599,1.3122447725847037,0.3078774706081613,0.0835285873857544,3.499770766205741e-05,19.967636333728876,55.396291180158684,nan,1.8625390223916576,nan
557.47,232.91293334960938,-211.8585662841797,-76.28788757324219,231.65864052997432,-211.4729284363291,-76.2963202559249,1.3122645073384045,0.30792251774403034,0.08355340878931815,3.570321506903213e-05,19.904896521284044,55.592321514215094,nan,nan,nan
557.48,232.91702270507812,-211.84991455078125,-76.28927612304688,231.66285103111272,-211.46396378243296,-76.29664509563095,1.3122343102978076,0.30796764828481943,0.08357829747207837,3.500632922721962e-05,19.37510973059704,55.50258293017164,nan,1.040314445369582,nan
557.49,232.92117309570312,-211.8412628173828,-76.2906494140625,231.66707770414905,-211.4549946878734,-76.2981448159977,1.3122555010523027,0.3080128648824961,0.08360325362362761,3.571219008901207e-05,19.308865969738914,54.63084480368692,nan,nan,nan
557.5,232.9253692626953,-211.83262634277344,-76.2919921875,231.68002360726365,-211.45170848406624,-76.29964456248088,1.3023220705445482,0.30795247776357937,0.08359067240487345,3.499376585765073e-05,19.414863602223093,55.984282416941696,1.0204383487889235,0.004941521959847898,nan
557.51,232.92962646484375,-211.823974609375,-76.29330444335938,231.6843654797847,-211.44275185456476,-76.30109179616163,1.3023311224719325,0.30799751051822966,0.08361560066164835,3.5699104093315054e-05,19.353026576861417,54.196413883719835,nan,nan,nan
557.52,232.93392944335938,-211.81532287597656,-76.29459381103516,231.68874115898305,-211.43379328878314,-76.3031084591475,1.302356014569181,0.3080426267806867,0.08364059636367963,3.5002371684620806e-05,19.63871137686681,54.48474486072249,nan,0.24961080679638462,nan
557.53,232.9382781982422,-211.8066864013672,-76.29585266113281,231.69318298176137,-211.42483770683438,-76.30451158796757,1.3023615091954146,0.30808782887942254,0.08366565970651273,3.570806509968181e-05,19.579106025125167,55.82125288132958,nan,nan,nan
557.54,232.9426727294922,-211.79803466796875,-76.29708862304688,231.697720672006,-211.4158903726643,-76.30414349362593,1.302301677443329,0.3081331148493518,0.08369079078221697,3.501098361201802e-05,18.814826525523817,53.7589439907837,nan,2.1532538550045373,nan
557.5500000000001,232.94712829589844,-211.78939819335938,-76.29830169677734,231.69383309121565,-211.40060144013302,-76.30548346585884,1.3122360165790925,0.3080727013989602,0.08367811251715494,3.569497605691658e-05,18.64693561488369,54.44094129908157,1.061833288520444,nan,nan
557.5600000000001,232.9516143798828,-211.78074645996094,-76.29949188232422,231.69843681631065,-211.39163836005454,-76.30572483419122,1.3122110992300022,0.3081178033041273,0.08370321491945311,3.4998393898772126e-05,18.226938272823745,53.37197018851312,nan,0.8125764280478879,nan
557.57,232.95616149902344,-211.77210998535156,-76.30065155029297,231.70306022155717,-211.38267112328822,-76.30700530151327,1.3122369485071523,0.308162990839931,0.08372838513107694,3.570391517905065e-05,18.162334697849275,53.985898973085725,nan,nan,nan
557.58,232.96075439453125,-211.76345825195312,-76.30179595947266,231.7077390072833,-211.37370626751346,-76.30792544607831,1.3122468291677654,0.3082082623255393,0.0837536232385615,3.500698745561868e-05,18.02162867977117,52.31577242100002,nan,0.08059775516829372,nan
557.59,232.96533203125,-211.75482177734375,-76.30290985107422,231.7124265165002,-211.3647406016175,-76.30915819440577,1.3122402959598694,0.3082536196639187,0.08377892944566324,3.571285839802405e-05,17.95558494271423,53.67660372209306,nan,nan,nan
557.6,232.9698486328125,-211.7461700439453,-76.30400848388672,231.73261442069713,-211.35789719869857,-76.30910985455539,1.2967383398232035,0.30819317695488835,0.08376615092233283,3.499439077904467e-05,16.881421727464428,52.56727341910485,5.274923479170473,0.9170679651179113,nan
557.61,232.97430419921875,-211.73753356933594,-76.30508422851562,231.73724264289274,-211.34892633463755,-76.31028654799903,1.2966741846461147,0.3082383498591165,0.08379142766621774,3.5699735538997146e-05,16.809854141531847,53.201065115588065,nan,nan,nan
557.62,232.9786834716797,-211.72889709472656,-76.30613708496094,231.741813200395,-211.33995957408382,-76.3107115913092,1.296588365311022,0.30828360677641997,0.08381677246586071,3.500295969280082e-05,16.564071495129273,52.758666261521284,nan,0.3772058403617608,nan
557.63,232.9829864501953,-211.7202606201172,-76.30716705322266,231.7462864476584,-211.3309898263767,-76.31183993458916,1.2965263140231258,0.3083289493618276,0.08384218553003063,3.570865616280642e-05,16.493007490944464,52.34858614833039,nan,nan,nan
557.64,232.98719787597656,-211.71160888671875,-76.30818176269531,231.7506778682448,-211.3220205793963,-76.31291199171845,1.2964502126151822,0.3083743763059566,0.08386766693781449,3.501153109907114e-05,16.43733934215694,51.23516007204361,nan,0.000936996788819384,nan
557.65,232.99131774902344,-211.70297241210938,-76.30917358398438,231.748272149561,-211.31229716901618,-76.3140619528246,1.3030016899677472,0.30831390501897,0.08385478506246047,3.5695523372180036e-05,16.71066646938423,52.570529188729665,1.0855191684827936,nan,nan
557.66,232.995361328125,-211.6943359375,-76.31014251708984,231.75250373620037,-211.3033365790917,-76.31415779531041,1.3029165800386389,0.30835914728042013,0.08388023620093195,3.4998898018367905e-05,16.417812756433136,52.006922020093484,nan,0.6712242642809609,nan
557.67,232.99932861328125,-211.68569946289062,-76.31109619140625,231.75663336258958,-211.29437128090908,-76.31520031970298,1.3028607277731905,0.3084044750378393,0.08390575576530498,3.5704415994119627e-05,16.345627538457467,51.58929118635483,nan,nan,nan
557.6800000000001,233.0032196044922,-211.6770477294922,-76.31202697753906,231.76068194609138,-211.2854056809473,-76.31629084383766,1.3028052453411498,0.3084498871966155,0.08393134383025389,3.5007445714086284e-05,16.3120054862227,50.23339685965577,nan,0.00308538015517011,nan
557.69,233.0070343017578,-211.6684112548828,-76.31294250488281,231.76465356469984,-211.27644042788674,-76.31729800852825,1.3027547717973238,0.3084953850900348,0.0839570006111244,3.571331037663319e-05,16.2418847920917,51.16936086010233,nan,nan,nan
557.7,233.01077270507812,-211.65977478027344,-76.31383514404297,231.77340504519526,-211.30688750654184,-76.31660722849975,1.2867073630542216,0.3077678800320285,0.08329473363426211,3.4992961511280744e-05,25.755301395422094,60.43766938011773,8.490990777365596,1.671782644535711,0.7955128947738228
557.71,233.01443481445312,-211.65113830566406,-76.31471252441406,231.77724035021663,-211.29800561272785,-76.31756191335808,1.2866083165342765,0.3078116221983566,0.08331741294630113,3.5698255660529716e-05,25.631758012590524,60.30826483103741,nan,nan,nan
557.72,233.0180206298828,-211.6425018310547,-76.3155746459961,231.78100361985415,-211.28912298461108,-76.31846850727621,1.286505369847783,0.3078554439085959,0.08334015334455931,3.500154421634525e-05,25.51266927217482,60.272400878543344,nan,0.0006905889027394916,nan
557.73,233.0215301513672,-211.63385009765625,-76.31642150878906,231.78469328778937,-211.2802411562799,-76.31938948010368,1.2863955532339342,0.3078993523859399,0.08336295683885953,3.570718959625305e-05,25.391758364815345,59.12162958142485,nan,nan,nan
557.74,233.0249786376953,-211.62521362304688,-76.31724548339844,231.78829121631375,-211.27137024248623,-76.32072626054176,1.2863176248421235,0.3079433408752708,0.08338582174199048,3.5010127542092907e-05,25.36194131309378,59.98314045086489,nan,0.1316619367981704,nan
557.75,233.02835083007812,-211.6165771484375,-76.31805419921875,231.82798312966466,-211.28428146102343,-76.32157220663834,1.2455181317211357,0.30788192765542627,0.08337386046777082,3.569407005345577e-05,25.486902894938016,60.05704930884369,13.975815804846444,nan,nan
557.76,233.0316619873047,-211.60794067382812,-76.31884765625,231.83151037788966,-211.2754462417499,-76.32261355239731,1.2453636476621193,0.3079257361705561,0.08339670450495809,3.499750647711479e-05,25.41698293578992,59.66032404052253,nan,0.019002034498069427,nan
557.77,233.034912109375,-211.59930419921875,-76.31962585449219,231.83497859979207,-211.26660682458808,-76.32347768561598,1.2452079372976879,0.3079696310532859,0.08341961178517424,3.5702972818516957e-05,25.299993507979117,59.28020080214559,nan,nan,nan
557.78,233.0380859375,-211.5906524658203,-76.32038879394531,231.8384516672538,-211.25773018792486,-76.32280250588875,1.2449760846994575,0.30801360624655494,0.0834425807671236,3.500606332822168e-05,24.925468821518514,58.30217877782552,nan,1.6410973518915692,nan
557.79,233.04119873046875,-211.58201599121094,-76.32113647460938,231.8417902665674,-211.24888995853348,-76.32362243576523,1.2448131574370982,0.30805766792997197,0.08346561324880379,3.5711876139533506e-05,24.805267143422927,59.225199097704326,nan,nan,nan
557.8000000000001,233.0442657470703,-211.57337951660156,-76.3218765258789,231.86122546162056,-211.2449319702952,-76.3255156793516,1.2277928779357263,0.30799625574726275,0.0834535963707385,3.499342925264909e-05,24.316169371761056,58.80581636627581,4.477777476924108,0.6994444018404193,nan
557.8100000000001,233.04725646972656,-211.5647430419922,-76.32259368896484,231.8644729306256,-211.23609192331247,-76.3263193177417,1.2276002356172064,0.3080401370944014,0.08347660741754974,3.569871317919136e-05,24.20101321408742,59.62151000570773,nan,nan,nan
557.82,233.05018615722656,-211.55609130859375,-76.32329559326172,231.86764776202148,-211.22725822313114,-76.3273946484751,1.227413971112729,0.30808409902487366,0.0834996804524795,3.5001956308140037e-05,24.169392701420445,58.51120383003839,nan,0.05741876347082133,nan
557.83,233.0530548095703,-211.54745483398438,-76.32398223876953,231.87077600234025,-211.21841762453408,-76.32817437705127,1.2272189035585899,0.3081281470821498,0.08352281713482192,3.5707589245222496e-05,24.056967293720337,59.715387017917074,nan,nan,nan
557.84,233.05587768554688,-211.53880310058594,-76.32466125488281,231.87392294577893,-211.2095357098058,-76.32713603362376,1.2269637916503016,0.30817227616053644,0.08354601612498223,3.501048412874439e-05,23.618892226569745,57.406175396229045,nan,2.2992910054775804,nan
557.85,233.0586395263672,-211.53016662597656,-76.32532501220703,231.87402346776378,-211.19642887827806,-76.32776838787439,1.2307323269600918,0.30811086992614833,0.08353394229841903,3.569441342864084e-05,23.165138721558545,58.93289205040665,1.5564087504631123,nan,nan
557.86,233.06134033203125,-211.5215301513672,-76.32597351074219,231.87700833892356,-211.18755999123647,-76.32785363791163,1.2305209761049771,0.3081548186211641,0.08355711934222015,3.4997809282594576e-05,22.976348223699276,59.10995968630474,nan,0.28567979421472633,nan
557.87,233.06399536132812,-211.51287841796875,-76.32660675048828,231.879912546819,-211.17870463845446,-76.32855645660337,1.2303365506578339,0.30819885310277606,0.08358036018087857,3.570325928691672e-05,22.862567708172588,57.47552936610125,nan,nan,nan
557.88,233.06658935546875,-211.50424194335938,-76.32723236083984,231.88269032040884,-211.16988823757347,-76.33106833165765,1.2302130061337604,0.3082429688416313,0.08360366360564993,3.500631179844073e-05,23.055136396838602,59.13057627916294,nan,2.3402412821807412,nan
557.89,233.0691375732422,-211.49559020996094,-76.32784271240234,231.88548839290186,-211.16103204645256,-76.33176614596343,1.2300284306557017,0.3082871705191024,0.08362703108514172,3.5712106495073664e-05,22.947711629759226,57.6144838370506,nan,nan,nan
557.9,233.07164001464844,-211.48695373535156,-76.32844543457031,231.8712886103097,-211.13524186740094,-76.3317209523384,1.2508219141716121,0.30822576441654526,0.08361489593526185,3.499362574054516e-05,21.77734313432534,58.905598186768415,12.153560101120952,0.5386760151616887,nan
557.91,233.07408142089844,-211.47830200195312,-76.32903289794922,231.87397193212428,-211.12633980885346,-76.33239083267192,1.2506604040037825,0.30826978536645583,0.08363824086805503,3.569889001447305e-05,21.669870413086144,58.20706168757911,nan,nan,nan
557.92,233.07647705078125,-211.4696502685547,-76.32960510253906,231.87661200288258,-211.11743393376156,-76.33288820448941,1.2504972044840386,0.30831388778588187,0.08366164865836419,3.500210047653756e-05,21.546051884774037,58.011738516577275,nan,0.01842910760432818,nan
557.9300000000001,233.07882690429688,-211.4610137939453,-76.33016967773438,231.87919758262916,-211.10853068065435,-76.33353478166984,1.2503464233902235,0.30835807583720726,0.08368512065219685,3.570771226059283e-05,21.43813444637701,58.95002081487591,nan,nan,nan
557.94,233.0811309814453,-211.45236206054688,-76.33071899414062,231.88171387552543,-211.09963903802674,-76.33477600878327,1.250212535514169,0.30840234576773407,0.08370865581973816,3.501057720958353e-05,21.47663847440595,57.81762872146411,nan,0.2583117576343955,nan
557.95,233.08338928222656,-211.44371032714844,-76.33126068115234,231.87027779179408,-211.08160492461423,-76.33538557407074,1.266008224896414,0.30834094321919714,0.08369645763417896,3.5694485713298474e-05,21.254018322174645,57.774514908967994,2.351356521817301,nan,nan
557.96,233.08560180664062,-211.43507385253906,-76.33179473876953,231.87272233839934,-211.07267127913897,-76.33552415813917,1.2658697161466104,0.30838503233381037,0.08371996970330513,3.499785435169949e-05,21.059788085298912,58.79850579105557,nan,0.16498634317123786,nan
557.97,233.0877685546875,-211.42642211914062,-76.33231353759766,231.87510533132257,-211.06374634069647,-76.33613174963052,1.2657410447303268,0.30842920679459845,0.08374354612480901,3.570328069502057e-05,20.958077102630714,57.67770575504143,nan,nan,nan
557.98,233.08990478515625,-211.4177703857422,-76.33282470703125,231.8774829457988,-211.05479937499823,-76.3356148037427,1.2655917413728177,0.3084734633134649,0.08376718598292528,3.500630874287443e-05,20.660982584341895,56.71944463713323,nan,0.8777915604822232,nan
557.99,233.09197998046875,-211.40911865234375,-76.33332824707031,231.87977955689342,-211.0458730969026,-76.336192530775,1.265458574819852,0.3085178053574638,0.08379089045690667,3.571207866265801e-05,20.556443617859646,57.43230966992435,nan,nan,nan
558.0,233.09402465820312,-211.4004669189453,-76.33381652832031,231.87713293805834,-211.0350915019504,-76.33636616840026,1.2705633217457832,0.3084564017985919,0.08377862511941836,3.499357797684654e-05,20.55437432381467,56.814944834345305,0.3300291460222353,0.09183011446748764,nan
558.01,233.0960235595703,-211.39181518554688,-76.33429718017578,231.87933719273818,-211.02616245320382,-76.33692139301222,1.2704465838429144,0.3085005626981239,0.0838023058646168,3.569881657636471e-05,20.45115868647682,56.88155391322585,nan,nan,nan
558.02,233.09799194335938,-211.38316345214844,-76.33476257324219,231.88150656481818,-211.01722965539014,-76.33729006396597,1.27033484090763,0.30854480581320154,0.08382605030231828,3.5002007988100214e-05,20.331646467040805,56.457178001570576,nan,0.022347917680184765,nan
558.03,233.09991455078125,-211.37451171875,-76.3352279663086,231.88363063720246,-211.00829953453336,-76.33782643965746,1.27022229328689,0.30858913419762907,0.08384985950638553,3.570759321567622e-05,20.229273568561364,56.43436327816728,nan,nan,nan
558.04,233.10179138183594,-211.36585998535156,-76.33567810058594,231.88576867465378,-210.99933875330666,-76.33665303438727,1.2700590491856139,0.30863354518211783,0.08387373271535543,3.501044180008119e-05,19.9584077943176,56.660138631872044,nan,2.0428610468741377,nan
558.0500000000001,233.1036376953125,-211.35720825195312,-76.33612060546875,231.9003804307803,-210.9958813582745,-76.33725234054285,1.2563385091484056,0.3085721428284128,0.08386139819399065,3.569432493259884e-05,19.68476826907534,56.40196381944942,2.010135360012607,nan,nan
558.0600000000001,233.10543823242188,-211.3485565185547,-76.33655548095703,231.90241951422075,-210.9869527090548,-76.33753251691407,1.2561895979454532,0.30861637254241764,0.08388524708326389,3.49976797847973e-05,19.568123178157965,56.6672269185066,nan,0.03316758718203885,nan
558.07,233.1072235107422,-211.33990478515625,-76.33698272705078,231.90441557130544,-210.97802729682186,-76.33801972751364,1.2560666109348062,0.3086606872884033,0.08390916088951658,3.57030782304408e-05,19.464937534565774,55.548640584348384,nan,nan,nan
558.08,233.10894775390625,-211.33123779296875,-76.33739471435547,231.9063899124021,-210.96909312555724,-76.33801406486964,1.255903860131339,0.308705084762409,0.08393313894799599,3.5006095079435315e-05,19.340332770928587,55.64932568003331,nan,0.1663302974732424,nan
558.09,233.11065673828125,-211.3225860595703,-76.33780670166016,231.9083153591787,-210.9601664699924,-76.33848142525619,1.2557759378424187,0.3087495674711912,0.08395718219074509,3.5711836535710085e-05,19.236768184950765,55.58833426618272,nan,nan,nan
558.1,233.11231994628906,-211.31393432617188,-76.33820343017578,231.91421161504368,-210.9517619571222,-76.33907540550238,1.2516521715890643,0.30868816275148975,0.08394477459382091,3.499332910719635e-05,18.965453710814323,56.4305125972013,0.6727433857961225,0.03210334078244383,nan
558.11,233.11407470703125,-211.30526733398438,-76.33869934082031,231.91613520804592,-210.9428320226724,-76.33957995201588,1.2515666876323917,0.30873246387403047,0.0839687928575984,3.5698538867870365e-05,18.866958215997762,54.45028056509497,nan,nan,nan
558.12,233.11590576171875,-211.29661560058594,-76.33928680419922,231.91814404255013,-210.9338982214176,-76.33996844884962,1.2514781251368168,0.3087768478338703,0.08399287561399603,3.500172399238271e-05,18.75852320155476,55.75337437363066,nan,0.03142276136186832,nan
558.13,233.11781311035156,-211.2879638671875,-76.3399658203125,231.92022582158978,-210.92496723096278,-76.34065962533512,1.2513921661412404,0.3088213168170495,0.0840170237069073,3.570728000204285e-05,18.659085626433672,55.76891692183142,nan,nan,nan
558.14,233.1197967529297,-211.279296875,-76.34074401855469,231.9223665089071,-210.91604679313383,-76.34216899705224,1.2513160439471385,0.3088658690001638,0.0840412366010116,3.5010124684745715e-05,18.60612885300186,54.36267148705377,nan,0.3713799315332289,nan
558.15,233.12185668945312,-211.27064514160156,-76.34160614013672,231.93333001746674,-210.91686717447212,-76.34299820722748,1.240063078194029,0.30880446317470583,0.0840287536265732,3.5693980342132436e-05,19.076675923150585,55.236985827560844,3.839365040031295,nan,nan
558.16,233.12399291992188,-211.26197814941406,-76.3425521850586,231.9356378471066,-210.90796650248632,-76.34436142879318,1.2399658457430207,0.3088488336117856,0.08405294091289438,3.499733351475917e-05,19.018786852842425,54.10405268988388,nan,0.1078284183492206,nan
558.17,233.12619018554688,-211.25331115722656,-76.34359741210938,231.93803035109042,-210.89905946327846,-76.34542741244373,1.2398473308363076,0.30889328887641854,0.08407719368797194,3.5702702331102806e-05,18.92151409640454,54.38427986113679,nan,nan,nan
558.1800000000001,233.12847900390625,-211.24465942382812,-76.34471893310547,231.94049472709293,-210.89015332043115,-76.34668312130768,1.239752022517679,0.308937827424897,0.08410151149626932,3.500571972237886e-05,18.84021232277943,54.94319909055104,nan,0.007219745979940692,nan
558.19,233.13084411621094,-211.23599243164062,-76.34593200683594,231.9430349628616,-210.88124531468728,-76.34792631279873,1.2396532091772612,0.3089824510242096,0.08412589506436688,3.571143141652278e-05,18.746086146172622,53.35753823546589,nan,nan,nan
558.2,233.13327026367188,-211.2273406982422,-76.34722900390625,231.94195846719413,-210.87386762004525,-76.34929769989294,1.2426468898847116,0.3089210420377783,0.08411333328322897,3.640852980875811e-05,19.10300214858051,54.72255503572512,1.374336152708723,nan,nan
558.21,233.13577270507812,-211.2186737060547,-76.3486099243164,231.9446315521136,-210.86496810501362,-76.35071395017884,1.2425495263442417,0.30896548358624676,0.0841376905576948,3.7142090842428616e-05,19.00959638006218,53.220358876212984,nan,nan,nan
558.22,233.13833618164062,-211.2100067138672,-76.3500747680664,231.94741950405057,-210.85604197708676,-76.35024177947483,1.2424063730273511,0.3090100084294182,0.08416211306967017,3.635949136258699e-05,18.795956875875973,53.432328150834856,nan,2.543271317480896,nan
558.23,233.14097595214844,-211.20135498046875,-76.35162353515625,231.95023404984826,-210.84714209594526,-76.35180680003077,1.2423095745593793,0.30905461820650326,0.08418660151601208,3.7091690573792514e-05,18.699994113463678,54.139113661150304,nan,nan,nan
558.24,233.14369201660156,-211.19268798828125,-76.35325622558594,231.9530954043056,-210.8382556878305,-76.35450800857133,1.2422335190188993,0.30909931162789867,0.08421115550654078,3.631181040503224e-05,18.648815711497004,52.476642184145675,nan,0.7267917189415621,nan
558.25,233.14646911621094,-211.18402099609375,-76.35496520996094,231.93860951742633,-210.82380102093478,-76.35607601661155,1.2604302736649335,0.30903789850502816,0.08419851185001806,3.7019093791366335e-05,19.086151583988908,52.41723707996505,5.167244539796994,nan,nan
558.26,233.14930725097656,-211.1753692626953,-76.35675048828125,231.94157947173298,-210.81490772646015,-76.35866700972096,1.2603739845443023,0.3090824096895845,0.08422303888194989,3.624287523633926e-05,19.058993805657884,53.932697986715525,nan,0.39328703725281516,nan
558.27,233.1522216796875,-211.1667022705078,-76.35860443115234,231.9446321127728,-210.806004754037,-76.36056429478,1.2603091293705961,0.3091270056365144,0.08424763199811557,3.6971645202154354e-05,18.969219236298418,51.99396687158907,nan,nan,nan
558.28,233.1551971435547,-211.1580352783203,-76.36046600341797,231.94781233916487,-210.79706356077722,-76.35935348501772,1.26019041594302,0.30917168528400374,0.08427229087907344,3.619804195244356e-05,18.80728628401169,52.1562145960385,nan,6.526199007984794,nan
558.29,233.15823364257812,-211.14938354492188,-76.36231994628906,231.95099653415073,-210.78816064646216,-76.36125861941386,1.2601208452963968,0.30921644992979475,0.08429701611736805,3.6925663453413596e-05,18.70980044837216,53.200314104822525,nan,nan,nan
558.3000000000001,233.16134643554688,-211.14071655273438,-76.36414337158203,231.9630782354556,-210.78548759038733,-76.36311165694771,1.2498141299710122,0.3091550311502777,0.08428428729943811,3.613218312383413e-05,18.776588962734508,51.48167372700545,1.0489625205275495,0.0001736864701235519,nan
558.3100000000001,233.16452026367188,-211.13206481933594,-76.3659439086914,231.9664026015494,-210.7765983422309,-76.36497255751817,1.2497372892565932,0.30919961325475953,0.08430898486291825,3.685781252516321e-05,18.68024384925548,52.34455904345761,nan,nan,nan
558.32,233.16775512695312,-211.12339782714844,-76.36770629882812,231.96974771767225,-210.76773606179262,-76.36916107830568,1.2496876251332663,0.30924427910115043,0.0843337484049049,3.609023872331722e-05,18.622881995976208,51.33218186030666,nan,3.6878894144433283,nan
558.33,233.17103576660156,-211.11473083496094,-76.36943817138672,231.97319708072501,-210.75884730984217,-76.37098285691067,1.2495891272281399,0.30928902979476025,0.08435857845589144,3.6814859582908186e-05,18.538185661761574,51.834818738376136,nan,nan,nan
558.34,233.1743927001953,-211.1060791015625,-76.37113189697266,231.97671153935408,-210.74995654883796,-76.37256683964044,1.2495061002866272,0.30933386456255485,0.0843834747880603,3.604972218303652e-05,18.439394260719677,52.26536714244993,nan,0.027949375736635543,nan
558.35,233.1778106689453,-211.097412109375,-76.37279510498047,231.9618565385463,-210.73220201084396,-76.3742169492979,1.2696160383929984,0.3092724401705784,0.08437065813898582,3.675023517137955e-05,18.579668627040473,50.704287279493826,3.677923484901802,nan,nan
558.36,233.18128967285156,-211.08876037597656,-76.37442779541016,231.96546055478404,-210.72329864791598,-76.37574492434219,1.2695686093498404,0.3093170921843804,0.08439552609749988,3.5988429624712144e-05,18.483005920442103,51.570690887230676,nan,0.024629324700821072,nan
558.37,233.18482971191406,-211.08009338378906,-76.37602233886719,231.9691209831557,-210.71439753136204,-76.37743146111471,1.2695208368857513,0.30936182890601005,0.08442046071656036,3.671031515881695e-05,18.40127226790651,50.38934503873951,nan,nan,nan
558.38,233.18841552734375,-211.07144165039062,-76.3775863647461,231.97280674277147,-210.7055183694854,-76.38124400446098,1.269495152793439,0.30940664972379384,0.08444546182242647,3.595082295182428e-05,18.629731607568406,52.23714049866347,nan,3.1109676348825777,nan
558.39,233.1920623779297,-211.06277465820312,-76.3791275024414,231.976584012963,-210.69661761745172,-76.38289017302228,1.2694379826851772,0.309451555501005,0.08447052986567147,3.667188576216979e-05,18.55649288298965,50.52079924388436,nan,nan,nan
558.4,233.19577026367188,-211.0541229248047,-76.38063049316406,231.97112942919924,-210.67865382209945,-76.3844124308898,1.280912379359758,0.3093901236199372,0.08445762194447924,3.5892591636987965e-05,18.12895697745231,51.91080002730857,2.5368107121052907,0.005575844895553396,nan
558.41,233.1995391845703,-211.0454559326172,-76.3821029663086,231.9750124373527,-210.66973129678993,-76.38599846725988,1.2808785779872183,0.30943484634426527,0.08448266087195444,3.6611991176268325e-05,18.059684117533866,50.407909799924084,nan,nan,nan
558.42,233.20335388183594,-211.03680419921875,-76.383544921875,231.9789795192337,-210.66079033585763,-76.38555123504682,1.280813425339523,0.3094796531749779,0.0845077664855584,3.5857869276783685e-05,17.670508570005243,51.57885072289271,nan,2.7006783826545124,nan
558.4300000000001,233.2072296142578,-211.02813720703125,-76.38496398925781,231.98297400678163,-210.65186838916352,-76.38706077313631,1.2807749264562767,0.30952454484140846,0.08453293918909306,3.6576566879332914e-05,17.593889945460006,49.82743159837993,nan,nan,nan
558.44,233.21116638183594,-211.0194854736328,-76.3863525390625,231.98700431668314,-210.6429596745366,-76.38998289309968,1.2807644664865736,0.3095695209330468,0.08455817887803956,3.582455946140462e-05,17.756313017495117,50.86570185847888,nan,1.3963827588779816,nan
558.45,233.21514892578125,-211.01083374023438,-76.38771057128906,231.95820734907025,-210.6250414223757,-76.39156799221904,1.3148204133948274,0.309508081172248,0.08454517687058259,3.651980358552836e-05,18.806056859329892,50.72815413167864,15.600459345057958,nan,nan
558.46,233.2191925048828,-211.00216674804688,-76.38904571533203,231.96229021563718,-210.61612589647356,-76.39372897866727,1.3148584854461798,0.30955287397452574,0.084570386711442,3.5770772376167e-05,18.928729862153187,49.17980994206011,nan,0.3461893803229879,nan
558.47,233.22328186035156,-210.99351501464844,-76.39035034179688,231.9664350436863,-210.60720469053746,-76.39515529826353,1.3148850423831766,0.3095977514975792,0.08459566379414146,3.648733030020779e-05,18.863771457389905,50.567840598550674,nan,nan,nan
558.48,233.2274169921875,-210.98486328125,-76.39163208007812,231.97063073192155,-210.5982848851692,-76.39666761853239,1.3149068092291627,0.3096427134410059,0.08462100805430513,3.5740282958945134e-05,18.856046850428534,50.61940536342884,nan,0.008391522403997017,nan
558.49,233.2316131591797,-210.9761962890625,-76.39288330078125,231.97487936732836,-210.58936457088336,-76.39804494500805,1.314931650064586,0.30968776036886964,0.08464641983627533,3.645629635211126e-05,18.79559705025875,49.11065421337925,nan,nan,nan
558.5,233.23585510253906,-210.96754455566406,-76.39411926269531,231.99906026995873,-210.5975184272081,-76.39767443635029,1.2909660851072895,0.30962631116357,0.08463332041173383,3.568940776172212e-05,18.941503292750657,49.06883681899163,10.042741327588416,1.5355151394599578,nan
558.51,233.2401580810547,-210.95889282226562,-76.39531707763672,232.00343286448694,-210.58863888493147,-76.39898453280091,1.2909650226219804,0.3096711745053403,0.08465870157802713,3.64040357973105e-05,18.873892895133192,48.90842553239691,nan,nan,nan
558.52,233.24447631835938,-210.9502410888672,-76.39649963378906,232.00786101454668,-210.57974770242856,-76.39865838374057,1.2909250246315178,0.30971612225354384,0.08468415010809326,3.5661666804644855e-05,18.551239183918195,48.68712656103983,nan,1.7680983679081594,nan
558.53,233.24876403808594,-210.94158935546875,-76.39765930175781,232.0122707333932,-210.57086916485304,-76.3999064016608,1.2908734259167731,0.3097611548829391,0.08470966631213782,3.63758520824607e-05,18.474197057665823,48.5474959613386,nan,nan,nan
558.54,233.25299072265625,-210.9329376220703,-76.39879608154297,232.01661926965886,-210.56200414313255,-76.40293116196212,1.2908226502791993,0.3098062722273774,0.08473525017642741,3.5635262993454204e-05,18.729477412552054,48.88635828822687,nan,2.2025426313436447,nan
558.5500000000001,233.2571563720703,-210.92428588867188,-76.39990234375,232.02080986348705,-210.553486160846,-76.40408690120258,1.2907604882250026,0.3097448128840222,0.08472205041735473,3.6326513356994986e-05,18.7257605519211,48.56947941681336,0.20966640085967037,nan,nan
558.5600000000001,233.26124572753906,-210.91563415527344,-76.40099334716797,232.02504504835838,-210.54460598834396,-76.40462621788454,1.2906847863097615,0.30978974638570345,0.08474760290206441,3.558854272313865e-05,18.52976809046659,48.08101695579266,nan,0.2972905032752842,nan
558.57,233.2652587890625,-210.906982421875,-76.40206146240234,232.0291972763535,-210.53573065287733,-76.40579791982854,1.2906160933052306,0.30983476467168164,0.08477322321180002,3.630108679047343e-05,18.45922069899396,47.91600098611943,nan,nan,nan
558.58,233.26919555664062,-210.89833068847656,-76.40310668945312,232.03327162182035,-210.52685551960238,-76.4069490831144,1.2905489288441527,0.3098798677588298,0.08479891142323763,3.702797893228775e-05,18.389623248067164,47.770976536897024,nan,nan,nan
558.59,233.27305603027344,-210.88967895507812,-76.40413665771484,232.03726824341155,-210.517980628615,-76.40808010618724,1.2904831075370027,0.30992505579164814,0.08482466768087744,3.7769363648781596e-05,18.31946370677682,47.4049643133188,nan,nan,nan
558.6,233.27682495117188,-210.8810272216797,-76.40514373779297,232.02574712058728,-210.5006300952258,-76.40950429657195,1.3076378422435957,0.3098635849404308,0.08481136433710329,3.6920732007044395e-05,18.432437859491372,48.1138594578267,2.2822149915610286,0.062083576544028955,nan
558.61,233.28053283691406,-210.87237548828125,-76.4061279296875,232.02956669851994,-210.49174088514266,-76.4105994474855,1.3076004645864054,0.3099085888331402,0.08483708842257048,3.765911620117434e-05,18.366322659143943,47.52919134498144,nan,nan,nan
558.62,233.28416442871094,-210.8637237548828,-76.40708923339844,232.03332586639323,-210.48284093102464,-76.40984035059114,1.3075459468550314,0.3099536773757024,0.08486288051842869,3.683977235509055e-05,17.959121975301397,47.275699610775625,nan,2.142507255125486,nan
558.63,233.2877197265625,-210.85508728027344,-76.40803527832031,232.0369979911633,-210.47395176244243,-76.41087996293858,1.3075080246724562,0.30999885089417817,0.08488874087669068,3.7576219140761283e-05,17.886020120392576,48.28752183996131,nan,nan,nan
558.64,233.29119873046875,-210.846435546875,-76.40896606445312,232.04059626255574,-210.46506442504585,-76.4122086416676,1.3074635672256152,0.31004410936448107,0.08491466953998311,3.676171626067313e-05,17.875384823920562,47.19517811006538,nan,0.0603422574763175,nan
558.65,233.29461669921875,-210.83778381347656,-76.40987396240234,232.0588625027729,-210.4699138431595,-76.41324390734906,1.2893518160779547,0.30998262612574434,0.08490125963497124,3.747247645895179e-05,18.3548448399993,46.526256057951706,5.224565206633724,nan,nan
558.66,233.2979736328125,-210.82913208007812,-76.4107666015625,232.0623381777095,-210.461058512698,-76.41439962373542,1.2892968346201819,0.31002770018292425,0.08492715533285333,3.6663696167894875e-05,18.33162733387502,46.11243850225441,nan,0.01766127084889203,nan
558.67,233.30125427246094,-210.8204803466797,-76.41163635253906,232.0657474997126,-210.45220208763212,-76.4153742734063,1.2892322652053687,0.3100728591302111,0.08495311944136623,3.739568523356946e-05,18.264980139597192,46.55886424972718,nan,nan,nan
558.6800000000001,233.30447387695312,-210.81182861328125,-76.4124984741211,232.069087783929,-210.44334811263911,-76.41684994459395,1.289176331417138,0.3101181029898769,0.08497915202443565,3.659144789339521e-05,18.32925898948247,46.12504238187365,nan,0.17272425857934146,nan
558.69,233.3076171875,-210.8031768798828,-76.41333770751953,232.07236653324026,-210.43449142658667,-76.41779697267336,1.2891055144428698,0.31016343201828395,0.08500525330238065,3.732183601111621e-05,18.264737815551907,46.6912745855421,nan,nan,nan
558.7,233.3107147216797,-210.79452514648438,-76.41415405273438,232.13398538641306,-210.48813366853534,-76.41741958129847,1.215968062867458,0.30691383342787676,0.08045246213129303,3.649744531332548e-05,26.40065168714808,55.57042716953482,5.660649077332345,1.1621966593957893,1.140171035775194
558.71,233.31373596191406,-210.78587341308594,-76.41496276855469,232.13712062350348,-210.47931184942695,-76.41832278642241,1.215900874502593,0.30696175684413674,0.08047036132943668,3.722537808934638e-05,26.2889722057825,55.788149888956255,nan,nan,nan
558.72,233.31671142578125,-210.77723693847656,-76.4157485961914,232.14011302844162,-210.47037829704698,-76.41789871044986,1.215956675804498,0.30700975798008273,0.08048831075577884,3.6430903391412955e-05,25.989229592084698,56.23122222470017,nan,1.1202787059263326,nan
558.73,233.31961059570312,-210.76858520507812,-76.4165267944336,232.14312755654316,-210.46155599149012,-76.41875900416001,1.215888260568295,0.30705784893608984,0.08050633272857041,3.7157448602500094e-05,25.874571252985472,55.454953122777425,nan,nan,nan
558.74,233.3224639892578,-210.7599334716797,-76.41728210449219,232.14621653231174,-210.45291357094973,-76.42176373182237,1.2156641741862182,0.30710601806814825,0.08052440565982952,3.636707000718643e-05,26.172417210373904,55.50244252313247,nan,3.0441426493800536,nan
558.75,233.32525634765625,-210.75128173828125,-76.41802978515625,232.1455984752804,-210.44120246963325,-76.42264419455034,1.219738964482837,0.30704599053992787,0.08051348123656485,3.706905885687068e-05,25.976034880167354,55.426774685513244,0.39646725830349056,nan,nan
558.76,233.3280029296875,-210.7426300048828,-76.41875457763672,232.14832967869836,-210.43222933460814,-76.42174383070112,1.2198305172605481,0.3070939603705201,0.08053155773677667,3.628361279132553e-05,25.529226021905636,54.85493300956499,nan,1.985444913104085,nan
558.77,233.3306884765625,-210.73397827148438,-76.41947174072266,232.15111153199942,-210.4233978706776,-76.42255218925136,1.2197833589097722,0.30714201963328813,0.08054970611279468,3.700675756573371e-05,25.42070288723302,54.802309865717504,nan,nan,nan
558.78,233.33331298828125,-210.72532653808594,-76.420166015625,232.15389034995434,-210.4146342142844,-76.42419798093853,1.2196654199457733,0.3071901573530823,0.08056790655500663,3.6225124014321286e-05,25.49424286688624,55.47872715049135,nan,0.4766359911692493,nan
558.79,233.3358917236328,-210.7166748046875,-76.42085266113281,232.15656518377895,-210.40580195026502,-76.42498807104181,1.219618842440366,0.3072383846284503,0.08058617874437289,3.694715798216347e-05,25.390664784334106,54.91774465848305,nan,nan,nan
558.8000000000001,233.3384246826172,-210.70802307128906,-76.42152404785156,232.16772952182922,-210.40016409373678,-76.42635177868257,1.2105071732694896,0.30717825569848145,0.08057527214801254,3.61471016700692e-05,25.273115857263534,54.922090753131975,0.8272877090766029,0.19295401849345778,nan
558.8100000000001,233.3408966064453,-210.69935607910156,-76.42218780517578,232.17031680788998,-210.39133306171448,-76.42712300976513,1.2104377721594937,0.3072262832103692,0.08059354699203462,3.686721038629703e-05,25.174096637893697,54.007562915156235,nan,nan,nan
558.82,233.34332275390625,-210.69070434570312,-76.4228286743164,232.17294190795994,-210.38261706109253,-76.42938176425433,1.2102694090509218,0.3072743894539003,0.08061187495798953,3.609373974705462e-05,25.586841213840327,55.70495493617299,nan,1.4915792438777709,nan
558.83,233.345703125,-210.6820526123047,-76.4234619140625,232.17543041968685,-210.3737850205426,-76.43014343328313,1.2102114507931454,0.30732258487178576,0.08063027406792786,3.681291029209075e-05,25.494192432767743,55.34882716701206,nan,nan,nan
558.84,233.3480224609375,-210.67340087890625,-76.42408752441406,232.17802299906117,-210.3651518199335,-76.43353617032587,1.2099609498070845,0.30737085947116827,0.08064872697392478,3.604283613509457e-05,26.642362085005797,56.91018455967186,nan,4.645315785904272,nan
558.85,233.35031127929688,-210.6647491455078,-76.42469024658203,232.17688898573343,-210.35603109372576,-76.43429188618714,1.2133914891785396,0.3073106396444694,0.08063785340406185,3.673832298699421e-05,26.84079606360717,56.393085971729356,0.3510983967660175,nan,nan
558.86,233.35255432128906,-210.6560821533203,-76.42528533935547,232.17918303877252,-210.34714132978917,-76.43423260020549,1.2133938571442222,0.30735871434409373,0.08065630888474047,3.597245253097141e-05,26.445251641313565,54.78081976936112,nan,0.44037648303731247,nan
558.87,233.35475158691406,-210.64743041992188,-76.42587280273438,232.18147816040235,-210.3383109228296,-76.43496648642744,1.213345825362342,0.3074068778429291,0.08067483495051615,3.668907982797737e-05,26.36046453541324,55.72076446337541,nan,nan,nan
558.88,233.35690307617188,-210.63877868652344,-76.42644500732422,232.18369060369153,-210.32943030488934,-76.43500125779704,1.2133413106893003,0.30745512078619763,0.080693415794159,3.5926343884988466e-05,26.031289768373252,55.569678386698506,nan,0.31706085837905496,nan
558.89,233.3590087890625,-210.630126953125,-76.427001953125,232.1858982081545,-210.320599017422,-76.43570691117739,1.2132896415586663,0.3075034526604753,0.08071206714994533,3.664225624773339e-05,25.948792922769545,55.72645937307789,nan,nan,nan
558.9,233.36106872558594,-210.6214599609375,-76.42755126953125,232.1944968493443,-210.32125928708348,-76.43554303066014,1.2046054355125198,0.30744313198588424,0.08070120628454301,3.58607829860139e-05,26.439678724321276,53.97593897485231,6.244497437053769,0.465383638979502,nan
558.91,233.36309814453125,-210.61280822753906,-76.42809295654297,232.19662717051438,-210.31245947942108,-76.43621995824921,1.204545537485673,0.30749126350194866,0.08071985931942027,3.657515941121611e-05,26.353214038307303,54.453704385109745,nan,nan,nan
558.92,233.36508178710938,-210.60414123535156,-76.42861938476562,232.19873821841065,-210.30368644112804,-76.4372810859947,1.2044523355803467,0.3075394747157596,0.08073856806355177,3.581923009170968e-05,26.532836102852567,53.92996551283875,nan,0.10451964924681087,nan
558.9300000000001,233.3670196533203,-210.59548950195312,-76.42913818359375,232.20078807254615,-210.294885790278,-76.43794260179969,1.2043820860706227,0.30758777449722186,0.08075734682658046,3.653303032887388e-05,26.448884327427987,55.09659072710888,nan,nan,nan
558.94,233.36892700195312,-210.58682250976562,-76.42964172363281,232.2027789381834,-210.28605922624598,-76.43821778348598,1.2043394073723577,0.30763615441559605,0.08077618191801643,3.577985470742625e-05,26.274580606854023,53.7001636066906,nan,0.09603367935329708,nan
558.95,233.37078857421875,-210.5781707763672,-76.43013763427734,232.19576471692406,-210.2743425964713,-76.43891239902187,1.2137007969869893,0.307575741798323,0.08076534503825863,3.647063380726474e-05,26.554023374567038,54.88436445921539,1.0319999033755876,nan,nan
558.96,233.37261962890625,-210.5695037841797,-76.43062591552734,232.19770596712092,-210.26556803896565,-76.43996680033814,1.2136252724781484,0.3076239212062415,0.08078418162503445,3.5721001902289096e-05,26.77836620180685,53.7173583725627,nan,0.12087120567952317,nan
558.97,233.37442016601562,-210.56085205078125,-76.43110656738281,232.19958808733557,-210.2567651310582,-76.44059415930523,1.2135853007691073,0.3076721888273306,0.08080308777971704,3.6432943626869114e-05,26.698192447200498,54.41124350737418,nan,nan,nan
558.98,233.3761749267578,-210.55218505859375,-76.43157196044922,232.20146344045347,-210.24799876407076,-76.44178601087924,1.2134993632702007,0.30772053682291234,0.08082205112328848,3.568582934898417e-05,27.044528021871365,54.23754970333394,nan,0.22288500884355447,nan
558.99,233.37789916992188,-210.54351806640625,-76.4320297241211,232.203273892288,-210.23919516560974,-76.4424020856296,1.213451505701374,0.30776897317544216,0.08084108401569563,3.639737098173842e-05,26.97129784915527,53.951358192969565,nan,nan,nan
559.0,233.3795928955078,-210.5348663330078,-76.43247985839844,232.24089904857348,-210.24525535105653,-76.4423261614081,1.1749872967806292,0.3077084601942583,0.08083025426100023,3.563116367372173e-05,25.9899722878305,54.713837077260536,12.225314222726222,0.3935870723051594,nan
559.01,233.38124084472656,-210.5261993408203,-76.43292236328125,232.24270232901574,-210.23646714336127,-76.44291988234787,1.1748679280621004,0.3077566955853494,0.08084928777038518,3.634147640569221e-05,25.913680542693108,54.07070773899977,nan,nan,nan
559.02,233.3828582763672,-210.5175323486328,-76.433349609375,232.2444587489913,-210.2276617943845,-76.44323628817824,1.174766431495066,0.30780501157674234,0.0808683792814373,3.559994867696941e-05,25.803969608930203,54.04499657278103,nan,0.04955700462473785,nan
559.03,233.38446044921875,-210.5088653564453,-76.43377685546875,232.24619572840652,-210.21887242052162,-76.44381196056979,1.1746672638946642,0.3078534155857961,0.08088753995233963,3.630997057534343e-05,25.728394745267714,53.00246191747582,nan,nan,nan
559.04,233.38601684570312,-210.5001983642578,-76.43418884277344,232.24788263406802,-210.21006039346807,-76.44400936390515,1.1745748032473498,0.30790190062086953,0.08090675919178765,3.5570619690773075e-05,25.562287055947525,53.6354770676461,nan,0.09394941544153884,nan
559.0500000000001,233.38754272460938,-210.49154663085938,-76.4345932006836,232.23904834481363,-210.19262117484493,-76.44462646362872,1.18680092477264,0.3078412946966678,0.08089594450197751,3.625811147532361e-05,25.19052260539634,54.78812887532673,3.0470337779338164,nan,nan
559.0600000000001,233.3890380859375,-210.48287963867188,-76.43499755859375,232.24062205043938,-210.1837418585906,-76.44405201718367,1.1867707382984813,0.30788957859986443,0.08091516407618125,3.552171918475381e-05,24.619227870188336,52.92261121655086,nan,0.8686542856912082,nan
559.07,233.39060974121094,-210.47421264648438,-76.43548583984375,232.24227557166108,-210.17492748929536,-76.44463663559799,1.1867294162244177,0.30793795019207276,0.08093445246046335,3.6230417571323694e-05,24.523834814084605,53.3802557365958,nan,nan,nan
559.08,233.39227294921875,-210.46554565429688,-76.43607330322266,232.24394772912015,-210.1660367814902,-76.44398027526921,1.1867682571637017,0.30798640301786473,0.08095380015969975,3.549599403867171e-05,23.876399155280424,52.14091524607481,nan,1.224406061073564,nan
559.09,233.39401245117188,-210.45687866210938,-76.43675231933594,232.2457635201328,-210.15722150632928,-76.44474037503204,1.1867324162069446,0.30803494369068357,0.08097321670065136,3.620453704448097e-05,23.780038426525145,52.23490571084198,nan,nan,nan
559.1,233.3958282470703,-210.44821166992188,-76.4375228881836,232.29989338166374,-210.16830175123957,-76.44395231355882,1.1311340014786586,0.30797423780662475,0.08096240313656677,3.545065343652513e-05,21.962974771433384,52.35352985175334,26.5063530255412,1.6789521763680202,nan
559.11,233.39772033691406,-210.4395294189453,-76.4383773803711,232.30195824437044,-210.1595025526627,-76.44488009698154,1.1309959746254425,0.30802257690663937,0.08098181914840845,3.615820407608226e-05,21.870786956847656,51.48158772315561,nan,nan,nan
559.12,233.3997039794922,-210.4308624267578,-76.4393310546875,232.30405974833937,-210.15065413681273,-76.44499512132778,1.1309222115880917,0.30807099743481314,0.08100129517746554,3.542829230771347e-05,21.51074663115821,51.287222782999194,nan,0.5624645919094964,nan
559.13,233.40174865722656,-210.4221954345703,-76.44036865234375,232.3062791007473,-210.1418537679749,-76.44609448837757,1.1307863566565697,0.3081195054985366,0.08102083975551405,3.613577169706958e-05,21.41561382890553,52.012644058941,nan,nan,nan
559.14,233.4038848876953,-210.4135284423828,-76.44149017333984,232.3085612433056,-210.13303756520975,-76.44698302304673,1.1306808522011729,0.3081680954011113,0.08104044486920826,3.540752991897241e-05,21.26507648980778,51.21119529942246,nan,0.06178205620867879,nan
559.15,233.4060821533203,-210.4048614501953,-76.44270324707031,232.33293372551447,-210.13677990066117,-76.4481174117433,1.1061394932294464,0.30810729563398515,0.08102963757263376,3.6092832486202104e-05,21.208898385853736,51.72201502724148,6.161953751985873,nan,nan
559.16,233.40835571289062,-210.3961944580078,-76.44400024414062,232.33538383094003,-210.12796766317993,-76.44877246378604,1.1060004733274669,0.308155683774006,0.08104924178278783,3.536704066292943e-05,20.945079418004305,51.38725026739892,nan,0.34005522467689026,nan
559.17,233.41070556640625,-210.38751220703125,-76.44538116455078,232.3379379874303,-210.11919068398186,-76.45020771199357,1.1058254897558057,0.30820415914963684,0.08106891428466233,3.607360418207886e-05,20.85379067094559,50.12963777882793,nan,nan,nan
559.1800000000001,233.4131317138672,-210.37884521484375,-76.44683837890625,232.3406161030898,-210.11047298924169,-76.45293144658649,1.1055996166377697,0.3082527165392096,0.0810886479636815,3.534930273393655e-05,21.163883939264533,51.47085574755274,nan,1.0027026368803915,nan
559.19,233.41561889648438,-210.37017822265625,-76.4483871459961,232.34331459733625,-210.10169571623967,-76.45454700615639,1.10542177927725,0.3083013613378096,0.08110845001260701,3.605589614552433e-05,21.071400513942645,51.59503943184425,nan,nan,nan
559.2,233.41818237304688,-210.36151123046875,-76.45001220703125,232.36411906004196,-210.0975559040268,-76.4551858544226,1.0866225880255358,0.3082404619304982,0.08109763746429743,3.531177770649202e-05,20.07423957898187,51.49702289948792,5.036494591830858,0.5815075152328271,nan
559.21,233.42080688476562,-210.35284423828125,-76.45172119140625,232.36699116823516,-210.0887753864522,-76.45695395022372,1.0864102837684175,0.3082889045371511,0.08111743775669727,3.601755609260245e-05,19.98251266773213,51.71825151815742,nan,nan,nan
559.22,233.4235076904297,-210.3441619873047,-76.45350646972656,232.3698538443547,-210.07990488190234,-76.45686972103941,1.0862916535459615,0.3083374293193934,0.08113729982771298,3.5296838201227437e-05,19.451507964405174,49.86114810337895,nan,2.594134335436013,nan
559.23,233.42628479003906,-210.3354949951172,-76.45536041259766,232.3728641938329,-210.0711244847679,-76.45877159912115,1.086093161495458,0.30838604122870195,0.08115723006254943,3.600270964844393e-05,19.362101589587805,50.20715522251674,nan,nan,nan
559.24,233.4291229248047,-210.3268280029297,-76.45722198486328,232.3759768952467,-210.06238329576252,-76.46157735953894,1.085848300643802,0.30843473570865393,0.08117722255059179,3.528322527913683e-05,19.484326159093367,50.75034089984298,nan,0.5202800818797872,nan
559.25,233.43202209472656,-210.3181610107422,-76.45906829833984,232.3827101957956,-210.06458738990264,-76.4635364049845,1.0795253616292564,0.30837374154750635,0.08116640759382435,3.596716470216925e-05,20.522110341383186,50.66431286795777,9.314665352511684,nan,nan
559.26,233.43499755859375,-210.3094940185547,-76.46089172363281,232.38598368867486,-210.0559166545491,-76.4670546651692,1.0792449030070153,0.30842223362624344,0.08118639786558464,3.524969655612203e-05,20.95308711908556,50.50816051298823,nan,1.7495446205846765,nan
559.27,233.43801879882812,-210.30081176757812,-76.46268463134766,232.3892608333927,-210.04717664298428,-76.46897694766109,1.0790104910224692,0.3084708125618252,0.08120645612631418,3.5954953701542545e-05,20.886294545842627,50.37067546644553,nan,nan,nan
559.28,233.4411163330078,-210.29214477539062,-76.46444702148438,232.39260377188333,-210.0384377208835,-76.47089050279835,1.0787897750692406,0.30851947421000053,0.08122657718724893,3.5238567239425485e-05,20.872210206128095,50.67045391975125,nan,0.0003245663373866959,nan
559.29,233.4442901611328,-210.28347778320312,-76.46617889404297,232.39600988370503,-210.02969794581995,-76.4727505692093,1.0785819082576826,0.30856822290412,0.08124676635707485,3.5943990250577234e-05,20.805669711640906,49.87856604456681,nan,nan,nan
559.3000000000001,233.447509765625,-210.27481079101562,-76.4678726196289,232.42364489385523,-210.0331338732112,-76.47413990186635,1.0520200982254224,0.3085071293381635,0.081235939437842,3.520745475115351e-05,20.523280784210304,51.085723467643895,5.970435063714055,0.1985382140849015,nan
559.3100000000001,233.45079040527344,-210.26614379882812,-76.46953582763672,232.4272165011283,-210.02441480011262,-76.4759312946165,1.0517496603587801,0.30855567521378796,0.08125612554510535,3.591219142968501e-05,20.456239092515638,50.93500143662376,nan,nan,nan
559.32,233.4541473388672,-210.25747680664062,-76.4711685180664,232.4308858077054,-210.0157350910893,-76.47867457790566,1.0514559235305834,0.30860430393066374,0.08127637496398454,3.519860246921392e-05,20.829017210212413,50.45150191987359,nan,0.6760108481074201,nan
559.33,233.45755004882812,-210.24880981445312,-76.47276306152344,232.4345803263534,-210.00701650360602,-76.48041181144671,1.05118483705094,0.30865301944111473,0.0812966923616917,3.5903551083987476e-05,20.768352470050083,51.2390136088454,nan,nan,nan
559.34,233.46102905273438,-210.24014282226562,-76.47432708740234,232.438246446579,-209.99820231576416,-76.47962426136009,1.0510221349677196,0.30870181817238634,0.08131707350684458,3.519082723013416e-05,19.848292540433615,49.40377054302365,nan,4.3425108361907645,nan
559.35,233.4645538330078,-210.23147583007812,-76.47586059570312,232.45771911751953,-210.0049434383016,-76.48123909561393,1.0320184092823383,0.30864062905546535,0.08130623561895266,3.587400505657143e-05,20.611534293574667,50.075271808225985,9.526595102272944,nan,nan
559.36,233.4681396484375,-210.22280883789062,-76.47736358642578,232.46157990562722,-209.9962322583682,-76.48188068440126,1.0317557203178012,0.3086892247399664,0.08132661316365915,3.516293470062855e-05,20.29714671868516,49.58363848262598,nan,0.6699810096894341,nan
559.37,233.47178649902344,-210.21414184570312,-76.47883605957031,232.46553289204635,-209.9875576619723,-76.48346182697227,1.0314592147028478,0.30873790697707104,0.08134705858392101,3.586748418675827e-05,20.225764627925162,49.3141227612886,nan,nan,nan
559.38,233.47547912597656,-210.20547485351562,-76.48027801513672,232.46952735487275,-209.97886637466328,-76.48453762438838,1.0311685181121661,0.3087866725445425,0.08136756821519218,3.515715331848761e-05,20.05726057246504,49.70198036292627,nan,0.1588560561791455,nan
559.39,233.47923278808594,-210.19680786132812,-76.481689453125,232.47359492435396,-209.97019260546412,-76.48605726842943,1.0308642320753278,0.30883552486898896,0.08138814587850521,3.5861964681975816e-05,19.985838636735338,49.41224890236228,nan,nan,nan
559.4,233.48304748535156,-210.18814086914062,-76.48307800292969,232.4691167687289,-209.94657865698755,-76.48743879904744,1.0423180018564493,0.30877423650198493,0.08137728903047055,3.51311869085632e-05,18.77836313911331,48.98404624593305,12.518254504060929,0.006040188941837067,nan
559.41,233.48692321777344,-210.17947387695312,-76.48443603515625,232.4732882560205,-209.9378573550142,-76.48890296575222,1.0420433449865112,0.3088228853743656,0.08139786224931785,3.5835401566482356e-05,18.70862414042202,48.62442173661654,nan,nan,nan
559.42,233.4908447265625,-210.1708221435547,-76.48577117919922,232.47759896726356,-209.92922403358415,-76.49295627412202,1.0416756890067422,0.3088716176739767,0.08141850011169031,3.5127215720802906e-05,19.534452076526,50.71950210469959,nan,4.794430400986945,nan
559.4300000000001,233.4948272705078,-210.1621551513672,-76.48707580566406,232.4818796461431,-209.9205039123535,-76.49439441219269,1.0413989499824075,0.3089204365066066,0.08143920594101993,3.583172471760782e-05,19.47523764398058,49.3328180853595,nan,nan,nan
559.44,233.4988555908203,-210.1534881591797,-76.48835754394531,232.4861522973625,-209.9117211218901,-76.4938459489047,1.0411769222802918,0.30896933913128594,0.0814599768162208,3.5124099307446257e-05,18.753645678930464,48.82941436307948,nan,2.697027616148298,nan
559.45,233.5029296875,-210.1448211669922,-76.48960876464844,232.47567360571568,-209.89913615365336,-76.49505334120798,1.0562413676599103,0.30890795449052255,0.08144910054722326,3.5806936100393295e-05,19.171113010741337,48.44520570122331,3.803057978688311,nan,nan
559.46,233.5070037841797,-210.13616943359375,-76.49083709716797,232.4800312559153,-209.89040253847466,-76.495863904188,1.0559825800339024,0.30895665341690215,0.08146986636919572,3.510066692102902e-05,18.9765154656776,48.29127075858257,nan,0.19768430426629013,nan
559.47,233.51101684570312,-210.12750244140625,-76.4920425415039,232.48437232672285,-209.88168571309168,-76.49717607220487,1.0556757008707638,0.3090054386629966,0.08149070011536833,3.580492329068832e-05,18.906419256724508,47.73480338279095,nan,nan,nan
559.48,233.51495361328125,-210.11883544921875,-76.49321746826172,232.48872542482275,-209.87303756861226,-76.50075612018782,1.0552808745401987,0.3090543077800666,0.08151159929873458,3.5099112981330235e-05,19.702552988986415,49.2706845170841,nan,3.6852315500465824,nan
559.49,233.5188446044922,-210.1101837158203,-76.49437713623047,232.4929431841582,-209.86432168969426,-76.50204516967429,1.0549789850376068,0.3091032634355733,0.08153256659408323,3.580369565542678e-05,19.638832587509093,48.664852097819725,nan,nan,nan
559.5,233.52264404296875,-210.1015167236328,-76.49551391601562,232.47881200530892,-209.84248919682383,-76.50352190577792,1.0755206694387014,0.3090417796250982,0.08152166412672192,3.507717971574542e-05,19.46292751608244,48.37017529459465,5.533908936982719,0.046180497842503845,nan
559.51,233.52638244628906,-210.09286499023438,-76.49662017822266,232.48285616571223,-209.83374433924735,-76.50476842945626,1.0752474152587466,0.30909053118833574,0.08154262552262755,3.578122473862518e-05,19.404417692897987,48.80912532670229,nan,nan,nan
559.52,233.53004455566406,-210.08419799804688,-76.49771118164062,232.48686095007324,-209.82503360757198,-76.50721108856555,1.0749364932382202,0.3091393666897279,0.08156365272045706,3.507702907973191e-05,20.037841162351462,48.31362137627448,nan,1.0419677237331244,nan
559.53,233.53363037109375,-210.07554626464844,-76.498779296875,232.49075841584298,-209.81628979963665,-76.50842741437457,1.074657580753175,0.3091882885319232,0.0815847480191826,3.578142233066262e-05,19.981305441751978,49.398013991828634,nan,nan,nan
559.54,233.53713989257812,-210.06687927246094,-76.49982452392578,232.49463774291158,-209.8075980757072,-76.51158830961535,1.0743257688909675,0.309237294663488,0.08160590949392833,3.50775405062393e-05,21.241558510682527,49.87005041845299,nan,2.7145664394199063,nan
559.5500000000001,233.54058837890625,-210.0582275390625,-76.50084686279297,232.51436251568188,-209.8099151022713,-76.51277232433908,1.0559075741980781,0.30917571392871407,0.08159497925237041,3.5760314692400234e-05,21.45101215579938,50.57220164631588,3.8147479940951343,nan,nan
559.5600000000001,233.54396057128906,-210.049560546875,-76.5018539428711,232.5180790307303,-209.80120234532646,-76.51417688808041,1.055588265619837,0.3092245157052431,0.08161613415510287,3.505755065856959e-05,21.722996175856537,50.05720709468213,nan,0.03693201498803061,nan
559.57,233.54727172851562,-210.04090881347656,-76.50283813476562,232.52172153109925,-209.79248402016253,-76.51533560317417,1.0552839769799005,0.30927340363457356,0.08163735716566381,3.576178467801935e-05,21.67539384803463,50.68015717770492,nan,nan,nan
559.58,233.55052185058594,-210.03224182128906,-76.50379943847656,232.5252729281228,-209.78374282735936,-76.51553300020925,1.0549998954819033,0.3093223759040872,0.08165864668220671,3.505925440969266e-05,21.153870656884617,48.96675431530571,nan,0.6251827953775118,nan
559.59,233.55369567871094,-210.02359008789062,-76.50474548339844,232.52878316017942,-209.77502429466816,-76.51664523820509,1.0546905841844807,0.30937143455820304,0.08168000452051187,3.576385490034194e-05,21.103390107033597,50.3148756425,nan,nan,nan
559.6,233.5568084716797,-210.01492309570312,-76.50567626953125,232.52144398516674,-209.76506658876687,-76.51832730053627,1.0651609937357331,0.309309754667855,0.08166904064712285,3.504040098674543e-05,22.176659346838242,49.31072354242196,2.520150527634473,0.34062280316994065,nan
559.61,233.5598602294922,-210.0062713623047,-76.50658416748047,232.52480703551728,-209.75635457964276,-76.51940876305324,1.0648746324640017,0.3093586085832639,0.08169039106075264,3.5744499651521975e-05,22.128286598851467,50.20838322768463,nan,nan,nan
559.62,233.5628662109375,-209.99761962890625,-76.5074691772461,232.52807127229582,-209.74760872345354,-76.51894623896322,1.0646303305980835,0.3094075468790655,0.08171180828795171,3.5043162471674694e-05,21.205123764491354,48.61321791144371,nan,1.641800146591846,nan
559.63,233.5657958984375,-209.98895263671875,-76.50834655761719,232.53131241841749,-209.73889659399302,-76.51997839743665,1.0643398868009968,0.30945657138546545,0.08173329386931755,3.5747641627822076e-05,21.151359935929744,48.15008687443713,nan,nan,nan
559.64,233.56866455078125,-209.9803009033203,-76.50920104980469,232.53447644751608,-209.73016809719468,-76.52022685607766,1.0640643881079068,0.309505680611278,0.08175484661509475,3.504642323164393e-05,20.75419341147653,48.9059958124967,nan,0.41462163589271833,nan
559.65,233.5714874267578,-209.9716339111328,-76.51004028320312,232.5180044358491,-209.71272188598599,-76.52127908032301,1.0848908514041005,0.3094439032143098,0.08174384670464528,3.5729304865518826e-05,21.0198441759024,46.97797030835881,3.6359306792000243,nan,nan
559.66,233.57424926757812,-209.96298217773438,-76.51085662841797,232.52104978593113,-209.70400672163754,-76.52271252881091,1.0846372653455156,0.30949280742377466,0.08176539129608144,3.5029017414750726e-05,21.417501051960272,48.66011739107595,nan,0.14680923463429466,nan
559.67,233.5769500732422,-209.95431518554688,-76.51166534423828,232.52402907871627,-209.6952822156151,-76.52367852729284,1.0843823203982224,0.30954179767828255,0.08178700428808981,3.573339095726507e-05,21.36525701212411,47.695941509403426,nan,nan,nan
559.6800000000001,233.57960510253906,-209.94566345214844,-76.512451171875,232.516592261117,-209.70368966731814,-76.52469115992194,1.090274016420032,0.30927530564525463,0.0809464684874264,3.5031278648950414e-05,30.67609006071471,57.69928692254197,nan,0.005365317983206988,0.3403482416748421
559.69,233.5821990966797,-209.93699645996094,-76.51322937011719,232.51944630280664,-209.69499850212475,-76.52562754923044,1.0900276268641882,0.3093234124095236,0.0809648177885336,3.573599769862381e-05,30.584007613391254,56.86219858058102,nan,nan,nan
559.7,233.58474731445312,-209.9283447265625,-76.51398468017578,232.51769707753004,-209.68158773378653,-76.52687959209915,1.095286035862301,0.3092625582151096,0.08095361438210436,3.5014773223010475e-05,30.606121692117224,58.041682605272975,1.5140739420074931,0.11793459282780427,nan
559.71,233.58724975585938,-209.919677734375,-76.51472473144531,232.52044156276375,-209.67288135972518,-76.52778974537328,1.0950611243146127,0.30931046494720743,0.08097196483064333,3.571901149815643e-05,30.521092977507454,56.74321251232133,nan,nan,nan
559.72,233.58969116210938,-209.9110107421875,-76.51545715332031,232.52313575551523,-209.66415627350634,-76.52833784430526,1.0948257743784247,0.309358455313775,0.08099037285038703,3.501975132292248e-05,30.364515556798764,56.99639925210462,nan,0.08551678689065749,nan
559.73,233.5920867919922,-209.90235900878906,-76.51616668701172,232.52578048427995,-209.65544897823688,-76.52921706716472,1.0945976509550563,0.30940652945997643,0.08100884644837932,3.572438867263869e-05,30.27709758969496,57.92425486312526,nan,nan,nan
559.74,233.5944366455078,-209.89369201660156,-76.5168685913086,232.52837882971528,-209.64663704252288,-76.52805040525087,1.0943676072474013,0.3094546875289277,0.0810273781123779,3.502509392955781e-05,28.965383021786227,55.42860876683738,nan,2.912370343127847,nan
559.75,233.59674072265625,-209.88502502441406,-76.5175552368164,232.52961875598132,-209.63518658905906,-76.52894360673686,1.0960375132769207,0.3093937503367752,0.08101620352396682,3.570813733394933e-05,28.650858394911356,55.45271163272395,0.8603648404812368,nan,nan
559.76,233.5989990234375,-209.87637329101562,-76.51822662353516,232.5321217309782,-209.6264429013638,-76.52927043103755,1.0958167376532342,0.3094417081076917,0.0810347361044897,3.5009627841775764e-05,28.386982499786864,56.21880943137825,nan,0.17216933085968517,nan
559.77,233.60121154785156,-209.86770629882812,-76.51888275146484,232.53457860822684,-209.61772344220068,-76.5300737215296,1.0955923029626886,0.30948974960826886,0.08105333407621833,3.5714188640336056e-05,28.29700215281159,55.19665216793549,nan,nan,nan
559.78,233.60337829589844,-209.85903930664062,-76.51952362060547,232.5369964565878,-209.60882265560005,-76.52712841633456,1.095370454498207,0.3095378749781063,0.08107199074079757,3.501559918054066e-05,26.329432569176618,53.34045628435776,nan,9.848791295694499,nan
559.79,233.6055145263672,-209.8503875732422,-76.52015686035156,232.53936528870912,-209.60010253961957,-76.5278704274662,1.0951603965319343,0.3095860843678309,0.08109071289542102,3.5720559819470684e-05,26.230133514415563,53.59171075110218,nan,nan,nan
559.8000000000001,233.6075897216797,-209.8417205810547,-76.5207748413086,232.55161883053026,-209.59872563049476,-76.53020723511683,1.0836097263339304,0.30952506395384505,0.08107955641996212,3.500072469098132e-05,27.31210268575481,54.37723436404735,2.0793412585500186,1.6989505981575244,nan
559.8100000000001,233.60963439941406,-209.8330535888672,-76.5213851928711,232.55391777821313,-209.59002302434862,-76.53094278468542,1.0833710293022456,0.30957307277849005,0.08109827882011661,3.570521100788286e-05,27.217843075052752,53.71862397915463,nan,nan,nan
559.82,233.61163330078125,-209.8243865966797,-76.52198028564453,232.55617358318366,-209.58136526280026,-76.53265771640034,1.0831290743578328,0.3096211654172636,0.08111706050561424,3.500723507475124e-05,27.80545046029247,54.61567398930659,nan,0.6923053659414938,nan
559.83,233.61358642578125,-209.8157196044922,-76.5225601196289,232.55839108819637,-209.5726616509453,-76.53338113049831,1.082881093896972,0.30966934202638163,0.08113590753640704,3.5712125491841534e-05,27.71686106178618,54.88652617694271,nan,nan,nan
559.84,233.61550903320312,-209.8070526123047,-76.52313232421875,232.56057067239604,-209.56392980578744,-76.5334708457282,1.082640535532531,0.30971760273679405,0.08115481431067366,3.5014002316511065e-05,27.38103754990313,54.118119001288775,nan,0.27379273527816017,nan
559.85,233.61740112304688,-209.79840087890625,-76.52369689941406,232.54298472255942,-209.54588233647064,-76.53421948987997,1.1037422438324664,0.3096564988853495,0.0811436787620142,3.569728658923433e-05,27.57342455361288,54.37713923837893,3.696799769455951,nan,nan
559.86,233.61924743652344,-209.78973388671875,-76.52424621582031,232.54505514698621,-209.53712786878987,-76.53408140732478,1.1035377683555,0.309704558758648,0.08116258546799683,3.499984300384313e-05,27.126795393808806,53.36947150956039,nan,0.4804799813936178,nan
559.87,233.6210479736328,-209.78106689453125,-76.5247802734375,232.54708627296046,-209.5284085688406,-76.5347498998471,1.1033264963294445,0.30975270255238097,0.0811815574006545,3.5704661458601605e-05,27.037894725188004,53.756930797258995,nan,nan,nan
559.88,233.62281799316406,-209.77239990234375,-76.52530670166016,232.5490805625623,-209.5196942499518,-76.53554098518913,1.1031214607582753,0.3098009303906729,0.08120058962212735,3.500703848607612e-05,27.13807545384056,53.60057983808347,nan,0.012359905197150148,nan
559.89,233.6245574951172,-209.76373291015625,-76.52582550048828,232.5510395959441,-209.51097365433185,-76.536191589694,1.1029212923211322,0.309849242440419,0.08121968720447269,3.5712257058280376e-05,27.047770830734027,53.2958773694641,nan,nan,nan
559.9,233.6262664794922,-209.7550506591797,-76.52632904052734,232.55842605780262,-209.50133343989643,-76.53508914488803,1.0976029942485546,0.3097880549053553,0.08120856362588134,3.499328002267274e-05,25.62509887629464,51.50440812707652,2.8785273266893587,2.5652085081461076,nan
559.91,233.6279296875,-209.7463836669922,-76.52682495117188,232.56032726385524,-209.49260084280158,-76.53570515215749,1.0973875864050342,0.30983616584626267,0.08122766046453633,3.5698022836260365e-05,25.533966515697884,52.926002508873125,nan,nan,nan
559.92,233.6295623779297,-209.7377166748047,-76.52731323242188,232.56218949904874,-209.48393143728467,-76.5379423229682,1.0971803803019504,0.3098843607739049,0.08124681810588306,3.500083338833971e-05,26.446244259188667,53.69363698757354,nan,1.8765831814626666,nan
559.9300000000001,233.6311798095703,-209.7290496826172,-76.52779388427734,232.56402398713766,-209.4751978899662,-76.53855671771889,1.096985925419154,0.3099326398626315,0.08126604102770242,3.570597808382134e-05,26.357925134823578,52.8002488834344,nan,nan,nan
559.94,233.6327362060547,-209.7203826904297,-76.52825927734375,232.56582098982614,-209.46651824617123,-76.54059724593239,1.096771380073151,0.3099810032249044,0.08128532517690426,3.500855986540055e-05,27.355408509374136,55.20201736130837,nan,1.4530593760425536,nan
559.95,233.63427734375,-209.7117156982422,-76.52871704101562,232.5718600417963,-209.4546745935369,-76.54123392629093,1.0931410363789695,0.3099197317995835,0.08127421464392429,3.569207990312315e-05,26.5860859717642,54.65847495183802,3.4007175875707465,nan,nan
559.96,233.6357879638672,-209.70303344726562,-76.52916717529297,232.5736105628131,-209.44591823274695,-76.54174999947269,1.0929260690052947,0.3099678937755873,0.08129349765787088,3.499526579040799e-05,26.618533584818117,53.63814870506226,nan,0.005437267912766498,nan
559.97,233.63726806640625,-209.69436645507812,-76.52960205078125,232.57533040697408,-209.43716473999166,-76.54234472574677,1.0927152833785125,0.3100161398614773,0.08131284589494382,3.570033061510448e-05,26.538657294535575,54.69038949379996,nan,nan,nan
559.98,233.6387176513672,-209.68569946289062,-76.53003692626953,232.57702299436286,-209.42838835780069,-76.54229832639886,1.0924993782365584,0.31006447016216837,0.08133225583073513,3.50032662867747e-05,26.181920312972515,54.267562967464144,nan,0.2831069037639682,nan
559.99,233.64013671875,-209.67701721191406,-76.53045654296875,232.57868392169124,-209.41963392374888,-76.54287116573727,1.092283076985577,0.31011288486391286,0.08135173115569999,3.570872611904326e-05,26.101751634718404,53.338729953128855,nan,nan,nan
560.0,233.6415252685547,-209.66835021972656,-76.53087615966797,232.55293726653562,-209.39581153650633,-76.5437306679702,1.1222595111537133,0.31005152927619395,0.0813406261162639,3.49902278975268e-05,26.44879782789017,54.409072847831084,7.716704343587724,0.059728881798562505,nan
560.01,233.6428985595703,-209.65968322753906,-76.53128051757812,232.55449687279042,-209.38702798848547,-76.5442918493083,1.1221089100092163,0.31009974231486265,0.0813600996234309,3.569520578423869e-05,26.367820594042698,53.873049851219776,nan,nan,nan
560.02,233.64422607421875,-209.6510009765625,-76.53167724609375,232.55603714036135,-209.3781797867074,-76.54290072324558,1.1219235819979139,0.31014803950884295,0.08137963527253969,3.499844869441197e-05,25.12397131964944,52.416891757365335,nan,2.6725853329666065,nan
560.03,233.64566040039062,-209.642333984375,-76.53216552734375,232.55759759245336,-209.36939517899495,-76.54347994881083,1.1218307722788428,0.31019642105165823,0.08139923628687859,3.570382193456377e-05,25.014257508006786,52.38898195121347,nan,nan,nan
560.04,233.64715576171875,-209.63365173339844,-76.53275299072266,232.55924278218802,-209.3605995803679,-76.5438215707104,1.12171058779392,0.3102448870367241,0.08141889983825652,3.500677950360158e-05,24.833224914984523,52.06061619832562,nan,0.07802290992657586,nan
560.0500000000001,233.64874267578125,-209.62498474121094,-76.53343200683594,232.548876985766,-209.3504917483148,-76.54462084044104,1.1336560894818486,0.3101834470923621,0.08140779997527246,3.569050753379172e-05,25.487263807601014,52.29173700629067,3.375683085195864,nan,nan
560.0600000000001,233.65040588378906,-209.61630249023438,-76.5342025756836,232.55065272473175,-209.34177309997307,-76.54734769663536,1.1335767248751294,0.3102317111320721,0.08142746124522514,3.499401764736304e-05,26.823351095757697,52.81274632802723,nan,2.4679644216820313,nan
560.07,233.65216064453125,-209.60763549804688,-76.53506469726562,232.5525171926381,-209.33299687245676,-76.54831566355226,1.1334979859113228,0.31028005946729836,0.08144718787609723,3.569929602561644e-05,26.70922504419207,53.21876998769444,nan,nan,nan
560.08,233.6539764404297,-209.5989532470703,-76.5360107421875,232.55446305442516,-209.32420795806138,-76.54895896510227,1.133394157525264,0.31032849218476877,0.08146697744980284,3.500250775062274e-05,26.48668737166495,52.82598862360214,nan,0.12176049114722029,nan
560.09,233.6558837890625,-209.59027099609375,-76.53704833984375,232.5564856126558,-209.31543086514986,-76.55010320952597,1.1333066123013968,0.31037700948867636,0.08148683257834033,3.570817310415472e-05,26.377135720645505,52.1213717471972,nan,nan,nan
560.1,233.65786743164062,-209.58160400390625,-76.53816986083984,232.56353417719995,-209.3066980920165,-76.54856657533492,1.1283823039373406,0.3103154848909438,0.08147573143917793,3.498989489199524e-05,24.305068906441907,51.57463245707707,0.878057971075666,5.183502013027337,nan
560.11,233.65992736816406,-209.5729217529297,-76.53938293457031,232.56572107319744,-209.29791470474802,-76.54985890855858,1.1282845556530425,0.31036379996745267,0.08149558359344816,3.569506969508352e-05,24.198321177419363,50.38553224025075,nan,nan,nan
560.12,233.6620635986328,-209.56423950195312,-76.54067993164062,232.56799226873127,-209.28908389467273,-76.5495067429532,1.1281757822823146,0.31041219936564307,0.0815154990717848,3.499850446156143e-05,23.258282587147846,49.41383331654096,nan,2.116270684482604,nan
560.13,233.6642608642578,-209.55557250976562,-76.54205322265625,232.5703301935333,-209.2803002962343,-76.55095420778672,1.1280684072477736,0.3104606832956213,0.08153548012888794,3.5704065953950006e-05,23.15686472907584,51.021273845065245,nan,nan,nan
560.14,233.6665496826172,-209.54689025878906,-76.54351806640625,232.57273894928366,-209.27153474150893,-76.55317445336449,1.1279786465449264,0.3105092518346181,0.08155552487969456,3.5007178239517206e-05,23.51080657939952,49.460755061485465,nan,0.3341350233181669,nan
560.15,233.6688995361328,-209.5382080078125,-76.5450668334961,232.57044250863683,-209.26919131849192,-76.55476272561634,1.1309605787614005,0.3104476424009888,0.0815444210590385,3.5691074750843984e-05,24.59150264203343,49.487728870509855,8.342985358301489,nan,nan
560.16,233.67132568359375,-209.529541015625,-76.54669189453125,232.57298668941692,-209.26043961117287,-76.55646776161676,1.1308667824216734,0.31049600846137676,0.08156446320324152,3.641045439309571e-05,24.489795287651067,50.241923324728894,nan,nan,nan
560.17,233.673828125,-209.52085876464844,-76.54840087890625,232.57560251120705,-209.25168784946038,-76.55825467247031,1.1307738843914272,0.3105444589624091,0.08158457007159073,3.7144295909375564e-05,24.389373324137587,48.90076754726772,nan,nan,nan
560.1800000000001,233.6763916015625,-209.51217651367188,-76.55018615722656,232.5782917890179,-209.2429238130652,-76.55962142379816,1.130667607809544,0.3105929940086885,0.08160474091418915,3.636180111781713e-05,24.133496694761888,49.083098409065094,nan,0.1639570277226358,nan
560.19,233.6790313720703,-209.50350952148438,-76.55203247070312,232.58104876241111,-209.23417180843057,-76.56155608958728,1.1305747715669783,0.31064161382421357,0.08162497766152702,3.709431161099177e-05,24.039008415169533,49.716507029708815,nan,nan,nan
560.2,233.68174743652344,-209.4948272705078,-76.55389404296875,232.5573250734029,-209.2164204154518,-76.56305996078002,1.158412725101502,0.3105799192347849,0.08161386548148646,3.629180849781251e-05,24.598613977551747,47.85630309277819,7.549057635356096,0.09710947233035132,nan
560.21,233.6845245361328,-209.48614501953125,-76.55574798583984,232.56017325052437,-209.2076643750719,-76.56502871223456,1.1583623848650604,0.3106283362488899,0.08163409801812264,3.702213687149312e-05,24.52170881046927,47.973370887161096,nan,nan,nan
560.22,233.68736267089844,-209.47747802734375,-76.55757141113281,232.56309252827077,-209.19889372304243,-76.5663068087872,1.1583043103516715,0.31067683774715515,0.08165439486962521,3.62460188490452e-05,24.209972338090417,48.92272101671186,nan,0.2980263094652512,nan
560.23,233.69027709960938,-209.4687957763672,-76.55936431884766,232.5660750579023,-209.19013829579143,-76.56822525123681,1.1582567669484898,0.310725423957054,0.08167475767643947,3.6975163140876565e-05,24.140723305220856,47.453135780386354,nan,nan,nan
560.24,233.69325256347656,-209.46011352539062,-76.56112670898438,232.56912818816238,-209.1813652660546,-76.56927318631307,1.1581979832270608,0.31077409493908265,0.0816951851517845,3.620164791156388e-05,23.763004793927756,47.2160897567639,nan,0.4653118948248182,nan
560.25,233.6962890625,-209.45144653320312,-76.56285858154297,232.58073172460016,-209.18195904932352,-76.57111248911146,1.1476758275314918,0.3107123150260563,0.08168406250319588,3.6906233525909624e-05,24.32351078440601,48.11626933283735,3.843364300714787,nan,nan
560.26,233.6993865966797,-209.44276428222656,-76.5645523071289,232.5839216624603,-209.17322858674885,-76.57278057857071,1.147597148419518,0.31076078291587067,0.08170448518270147,3.613623944872399e-05,24.263911253180225,47.264580190091394,nan,0.014226509282481224,nan
560.27,233.7025604248047,-209.43409729003906,-76.56620788574219,232.58717473695685,-209.1645014699172,-76.5745612194422,1.1475351485104333,0.31080933545843475,0.08172497388304047,3.6862298455959085e-05,24.195341341686575,47.64830038724555,nan,nan,nan
560.28,233.70578002929688,-209.4254150390625,-76.56784057617188,232.5904837828556,-209.1558000204358,-76.57761547722052,1.147463953370889,0.31085797271178883,0.08174552756222356,3.609478808787816e-05,24.862797113615883,47.89821481038605,nan,1.130837554396483,nan
560.29,233.70907592773438,-209.416748046875,-76.5694351196289,232.59386217227075,-209.14707348032204,-76.57934512835344,1.1473989282258108,0.31090669490771555,0.08176614749512572,3.681985983913361e-05,24.795595980348352,48.24887854219811,nan,nan,nan
560.3000000000001,233.71243286132812,-209.40806579589844,-76.57099914550781,232.594256518032,-209.13016479475405,-76.57847776347171,1.1522166596915573,0.31084482933521157,0.08175500927843339,3.6032482966349005e-05,22.836521574504495,46.202552200572,5.0364773904233795,4.714539463213211,nan
560.3100000000001,233.71585083007812,-209.39939880371094,-76.5725326538086,232.5977573369206,-209.12141051626136,-76.58012137833275,1.1521580343599693,0.31089334814647385,0.08177562368737516,3.675572222616777e-05,22.764547451979542,47.044591742851566,nan,nan,nan
560.32,233.7193145751953,-209.39071655273438,-76.57403564453125,232.6013121503675,-209.11267756879397,-76.58292192795513,1.1520911702398207,0.31094195160670224,0.08179630336610609,3.5993946319625504e-05,23.306348830420443,47.14210860389526,nan,0.9394459171648333,nan
560.33,233.7228546142578,-209.38204956054688,-76.57550811767578,232.6049332028494,-209.10392422986786,-76.58451811617003,1.152034357874611,0.3109906399491557,0.0818170493848748,3.6716326985291835e-05,23.23793766369312,47.33444903992364,nan,nan,nan
560.34,233.7264404296875,-209.37338256835938,-76.57695007324219,232.60862277568398,-209.0951430245231,-76.58439014493383,1.15195004493377,0.3110394132290735,0.08183786100767174,3.5956839808717786e-05,22.48036984994964,47.069545466324215,nan,1.921132541099009,nan
560.35,233.7301025390625,-209.3647003173828,-76.578369140625,232.61417595950115,-209.0872032260687,-76.58589616095989,1.1499362689707617,0.3109774618327494,0.08182670445583562,3.6655390027970926e-05,22.42336168000745,45.20586766194599,0.041650209320653026,nan,nan
560.36,233.73379516601562,-209.3560333251953,-76.57975006103516,232.617974112308,-209.0784553936051,-76.58758359731635,1.149855424083297,0.31102603143317625,0.08184750991276761,3.589907110426525e-05,22.50120575366889,47.37319497637659,nan,0.024921233398156557,nan
560.37,233.73756408691406,-209.3473663330078,-76.58110809326172,232.6218301030196,-209.06970506789673,-76.58905305475669,1.1497918174057733,0.3110746858542542,0.08186838180693194,3.661900299257583e-05,22.431515755183035,46.391908660612465,nan,nan,nan
560.38,233.7413787841797,-209.3386993408203,-76.58244323730469,232.6257436553278,-209.0609514920983,-76.59024604115221,1.1497158309538789,0.311123425150662,0.08188931957178523,3.5864843123686306e-05,22.32098586804902,46.59275458704723,nan,0.04201020123074518,nan
560.39,233.7451934814453,-209.33001708984375,-76.58374786376953,232.62968124734903,-209.05220218250588,-76.59166067780806,1.1496135349688805,0.3111722495570396,0.08191032402424454,3.6584085700880414e-05,22.25105942203588,45.342142317041144,nan,nan,nan
560.4,233.7489776611328,-209.32135009765625,-76.58502960205078,232.62732726818803,-209.04853372156245,-76.59193808577386,1.1543726028477548,0.31111021199434186,0.08189914451399673,3.5810071370441435e-05,22.866542265436873,45.16584530444611,6.41165380814262,0.9626567235539543,nan
560.41,233.752685546875,-209.31268310546875,-76.5862808227539,232.63117767520734,-209.03981202427826,-76.59329244572217,1.1542476753362942,0.31115883242399356,0.0819201420548054,3.652778120253171e-05,22.79236105476296,45.85236847542406,nan,nan,nan
560.42,233.75633239746094,-209.30401611328125,-76.58750915527344,232.634962857541,-209.03110100325642,-76.59538377101578,1.1541292440247657,0.31120753766630416,0.08194120571732663,3.577866583747119e-05,23.092735109045734,45.93324503431683,nan,0.39114537680080996,nan
560.4300000000001,233.75991821289062,-209.29534912109375,-76.58871459960938,232.63868572222938,-209.02238004945082,-76.59669770753946,1.1540095936344035,0.3112563279556335,0.08196233617988848,3.649579628421479e-05,23.019763464390465,45.538639955033375,nan,nan,nan
560.44,233.76344299316406,-209.28668212890625,-76.58988952636719,232.64234396264848,-209.01365021698527,-76.59726512120963,1.153890748966071,0.3113052033465813,0.08198353308343898,3.5748635724885674e-05,22.710095137754877,44.948931652327104,nan,0.3537272169189085,nan
560.45,233.76687622070312,-209.27801513671875,-76.59104919433594,232.62096387741008,-208.99215223346732,-76.59846210490387,1.181053618262011,0.31124307945345403,0.08197232738665367,3.644252121742021e-05,22.796221257436574,45.484916041006976,6.087824503386963,nan,nan
560.46,233.770263671875,-209.26934814453125,-76.5921859741211,232.62444651713636,-208.98339631143676,-76.5984704101317,1.1809762474662284,0.31129175056895964,0.08199351668583002,3.5698167401234404e-05,22.310560589728375,44.1316671311872,nan,1.0241890751146023,nan
560.47,233.77357482910156,-209.26068115234375,-76.59329223632812,232.62785483235322,-208.97465515088035,-76.599673436622,1.1809004632818754,0.31134050666737856,0.08201477290494595,3.641338953833034e-05,22.238135798752218,44.4613753855038,nan,nan,nan
560.48,233.7768096923828,-209.25201416015625,-76.5943832397461,232.63118572273817,-208.96593640033174,-76.60284723764676,1.1808329279584933,0.31138934780433947,0.08203609579684285,3.567085918471386e-05,23.043606831958538,45.55071867356042,nan,2.6963729979571966,nan
560.49,233.77999877929688,-209.24334716796875,-76.59545135498047,232.63446227329166,-208.95719563248667,-76.60402747374832,1.1807667583661496,0.3114382742131063,0.0820574858723974,3.638564378941948e-05,22.97379480303516,44.76110279540383,nan,nan,nan
560.5,233.78311157226562,-209.23468017578125,-76.59649658203125,232.62042153070715,-208.93764049997878,-76.60475366314449,1.2000620322002518,0.31137606364600334,0.0820462496855569,3.5623181012995304e-05,22.696288664640022,45.082499181864506,3.720467414921761,0.09961816800458886,nan
560.51,233.78616333007812,-209.22601318359375,-76.59751892089844,232.62354467658685,-208.92887773309226,-76.605888614911,1.2000173586946397,0.3114247854776141,0.08206763139009363,3.633668370996915e-05,22.627593653667482,44.96453758140373,nan,nan,nan
560.52,233.78915405273438,-209.21734619140625,-76.59852600097656,232.6266078222124,-208.9201121732113,-76.60671520399839,1.1999703591002948,0.311473592284087,0.08208907998667074,3.55985041627195e-05,22.501376734455587,44.77468220570812,nan,0.05679432600478381,nan
560.53,233.79209899902344,-209.20867919921875,-76.5995101928711,232.62960895244373,-208.91134922681948,-76.6078082145168,1.1999404477085802,0.3115224842969982,0.08211059589742371,3.631166114346331e-05,22.432834672330298,44.22527883646958,nan,nan,nan
560.54,233.7949676513672,-209.20001220703125,-76.60047149658203,232.63255229260366,-208.90258391854834,-76.60863689643404,1.199891547946708,0.31157146157410065,0.08213217900825044,3.55751029999775e-05,22.328992124361264,44.78200760502476,nan,0.04120499799932783,nan
560.5500000000001,233.79779052734375,-209.19134521484375,-76.6014175415039,232.6233798915761,-208.87886433750967,-76.60976376322266,1.215300086201202,0.3115091641664114,0.08212090879489313,3.626547580773995e-05,21.421228745775522,44.55892894226788,9.562896133130561,nan,nan
560.5600000000001,233.80055236816406,-209.18267822265625,-76.60234832763672,232.6261954597574,-208.87005411697797,-76.61035947613455,1.2152827482828128,0.3115579365638864,0.08214248279632139,3.553137242245802e-05,21.226588962074164,44.481971497119545,nan,0.13330366945214983,nan
560.57,233.80325317382812,-209.17401123046875,-76.60325622558594,232.62895305897314,-208.86124742888487,-76.61137424092419,1.2152645216176887,0.3116067941013601,0.08216412424710165,3.624306910778588e-05,21.15861451004654,44.66003896479552,nan,nan,nan
560.58,233.805908203125,-209.16534423828125,-76.60414123535156,232.6316523143359,-208.8524462651493,-76.6130932596124,1.2152621826932417,0.3116557368388318,0.08218583310215467,3.551046049969224e-05,21.517874157936948,44.74373765762552,nan,0.35700360230708794,nan
560.59,233.80850219726562,-209.15667724609375,-76.60501861572266,232.63430196685394,-208.84363955659674,-76.61408091008255,1.2152452021396938,0.311704765004864,0.0822076096801912,3.622192733809239e-05,21.449164378033387,44.84308265938338,nan,nan,nan
560.6,233.81105041503906,-209.14801025390625,-76.60587310791016,232.6821400358241,-208.85397317155937,-76.61323239702499,1.1665978781185187,0.3116423804168459,0.08219630134012483,3.546925022424898e-05,19.974876320052726,43.96812488881548,18.381945070058308,2.2334892029047784,nan
560.61,233.8135528564453,-209.13934326171875,-76.60670471191406,232.6847626043625,-208.84518972494334,-76.61416915325584,1.1665116605843244,0.31169120339737943,0.0822180680188757,3.617964016868177e-05,19.909860545768396,43.748289073198045,nan,nan,nan
560.62,233.8159942626953,-209.13067626953125,-76.60752868652344,232.68734089593508,-208.83639851325597,-76.61392213125755,1.1664041736350177,0.31174011151304554,0.08223990229610544,3.5450716162958825e-05,19.44446992296312,43.60555559748366,nan,0.938224439254793,nan
560.63,233.8184051513672,-209.12200927734375,-76.60833740234375,232.68986375105783,-208.82761474646452,-76.61481589251673,1.1663257704684113,0.31178910498969264,0.0822618044383395,3.616095129669853e-05,19.375158818676404,42.79992880536315,nan,nan,nan
560.64,233.8207550048828,-209.11334228515625,-76.60912322998047,232.6923413128134,-208.81882743731725,-76.61513125265081,1.1662300598011373,0.31183818389107226,0.08228377447889122,3.543333023447152e-05,19.155833970016015,43.153888388801974,nan,0.21849538023151524,nan
560.65,233.82305908203125,-209.10467529296875,-76.60989379882812,232.69416435460252,-208.80252427682913,-76.61601494316709,1.168647085556032,0.3117757119515999,0.08227242428323557,3.612113552488406e-05,18.393225604451263,43.30971698754318,4.266204892687778,nan,nan
560.66,233.8253173828125,-209.09600830078125,-76.61065673828125,232.69654667289876,-208.79371479312834,-76.61729105533469,1.1685669405263126,0.3118245853613939,0.08229438364492067,3.539563922881484e-05,18.523258391148016,43.33518833308725,nan,0.1286610264412522,nan
560.67,233.82752990722656,-209.08734130859375,-76.61139678955078,232.69888573906138,-208.78490274259866,-76.61812528441716,1.1684827842880725,0.3118735440635994,0.08231641101602295,3.6104776669612655e-05,18.457872160539235,43.36385880239367,nan,nan,nan
560.6800000000001,233.82969665527344,-209.0786590576172,-76.61212158203125,232.7011802638267,-208.7760902769748,-76.61892941922424,1.1683935379103372,0.3119225881250534,0.08233850646797188,3.5380465746220884e-05,18.43989170243129,42.3920574721898,nan,0.00017728616957410023,nan
560.69,233.83181762695312,-209.0699920654297,-76.61283874511719,232.70343101901062,-208.76727763401018,-76.61973579673567,1.1683064380951804,0.31197171776724736,0.08236067021009212,3.608954054822298e-05,18.372721129807765,43.34707413230115,nan,nan,nan
560.7,233.8339080810547,-209.0613250732422,-76.61353302001953,232.68291680089268,-208.76698544783633,-76.6215710345622,1.1880578065779517,0.3071815950431809,0.08233495228587558,3.53435857145665e-05,28.530356322509835,52.575797696324955,1.8814580332497435,0.7529683753454284,0.17053476620561622
560.71,233.8359375,-209.0526580810547,-76.61421966552734,232.6850758200021,-208.75821535039256,-76.62236158899924,1.1879585089745992,0.3072259358201441,0.08235667436799972,3.605171457596881e-05,28.426398565244188,53.18555120736178,nan,nan,nan
560.72,233.8379364013672,-209.0439910888672,-76.6148910522461,232.68718393932411,-208.74944597175295,-76.62326455400375,1.1878796952746185,0.30727035118041507,0.08237845827386124,3.533055088827524e-05,28.458826263340438,52.84397100283416,nan,0.010850074465483575,nan
560.73,233.83990478515625,-209.03530883789062,-76.61554718017578,232.689261351682,-208.74067545026207,-76.62403111900308,1.1877967508462453,0.30731485831199773,0.08240030431855938,3.6038678784764856e-05,28.361731688140445,51.43198453374903,nan,nan,nan
560.74,233.84182739257812,-209.02664184570312,-76.61619567871094,232.69139993955477,-208.73189501023168,-76.62345629840287,1.1876075691441779,0.30735944058894094,0.0824222124862479,3.5318521878899616e-05,27.74489990068357,52.04843606220457,nan,1.2248905025239192,nan
560.75,233.8437042236328,-209.01797485351562,-76.61682891845703,232.67007305335093,-208.71234070947145,-76.62422844315194,1.2127972241180887,0.30729954026116657,0.08241079269614544,3.600448756178486e-05,28.035087359443565,52.22823708531642,5.400315617146691,nan,nan
560.76,233.84555053710938,-209.00930786132812,-76.61744689941406,232.67203689890042,-208.70354968765977,-76.62436850221314,1.2127119313393195,0.30734394058324593,0.08243268485017169,3.528615304647767e-05,27.760960517637752,51.74147705147093,nan,0.23243733318546592,nan
560.77,233.8473663330078,-209.00062561035156,-76.61805725097656,232.6739203736749,-208.69476214786852,-76.62506980735415,1.2126735146377328,0.3073884320712783,0.08245463934404866,3.5993472725579126e-05,27.661678893237983,50.38434731991913,nan,nan,nan
560.78,233.84913635253906,-208.99195861816406,-76.61865234375,232.67570348153478,-208.6859797678242,-76.6266347733276,1.2126959548009622,0.30743299921531625,0.08247665620141471,3.527603920203482e-05,27.9911687240364,52.14374851019405,nan,0.5317897747485253,nan
560.79,233.8508758544922,-208.9832763671875,-76.61923217773438,232.67751493291232,-208.6771916056839,-76.62732270674648,1.2126537800110855,0.3074776575473062,0.08249873567927565,3.598342897959374e-05,27.896501640442622,50.93128489177794,nan,nan,nan
560.8000000000001,233.8525848388672,-208.974609375,-76.61980438232422,232.66011603210063,-208.6619016358081,-76.62769646171701,1.2328139641401294,0.30741772493722314,0.08248727321691429,3.524557261783238e-05,28.41126116739222,51.50449816885148,6.547000747763439,0.007892826629155119,nan
560.8100000000001,233.854248046875,-208.9659423828125,-76.620361328125,232.66182105212295,-208.65310928015927,-76.62835811883382,1.2328060011983646,0.3074622008105016,0.08250933615257823,3.595217774807691e-05,28.31369976339687,51.897087698704574,nan,nan,nan
560.82,233.8558807373047,-208.95726013183594,-76.62091064453125,232.6636373690354,-208.64430541755948,-76.62695531285176,1.2326481413546457,0.30750675283450185,0.08253146168525508,3.5237250466319216e-05,27.465740910038473,49.95562543824723,nan,2.939415199250315,nan
560.83,233.85748291015625,-208.94859313964844,-76.62145233154297,232.6652758230674,-208.63551193761333,-76.62757662188795,1.232645563211454,0.3075513954607962,0.08255365004125101,3.594397251557633e-05,27.364360409431498,50.79168224539026,nan,nan,nan
560.84,233.8590545654297,-208.93991088867188,-76.62197875976562,232.66684661232745,-208.62672052313388,-76.62869854332104,1.2326772343144357,0.3075961147835194,0.0825759012894334,3.522978858062215e-05,27.49741825061178,49.9469061831096,nan,0.18152836499863284,nan
560.85,233.860595703125,-208.93124389648438,-76.62249755859375,232.67164620904043,-208.62357623288733,-76.62939378531134,1.2281318531208913,0.30753616409542167,0.08256439324487289,3.5914540893494635e-05,28.053743522275994,50.72194290894165,2.5766615556313095,nan,nan
560.86,233.8621063232422,-208.9225616455078,-76.62300109863281,232.6731824630674,-208.61479996590347,-76.63008304941339,1.2281316504156417,0.30758070100429585,0.08258662742012098,3.520191377912536e-05,28.05021161153206,49.829239218034914,nan,0.005651008339630224,nan
560.87,233.86358642578125,-208.91387939453125,-76.62349700927734,232.6746944298509,-208.60602280752659,-76.63067395103549,1.2281251420936063,0.30762532794600506,0.08260892462110991,3.590804705356369e-05,27.956160167083805,49.75397579307918,nan,nan,nan
560.88,233.8650360107422,-208.90521240234375,-76.62398529052734,232.6762494675935,-208.5972406297954,-76.6301622153135,1.2280465024818092,0.3076700320521094,0.0826312849399518,3.519607072786445e-05,27.500006606813706,50.33049036993112,nan,0.8352078185667041,nan
560.89,233.866455078125,-208.8965301513672,-76.62445831298828,232.677702248162,-208.58846237144041,-76.6307246021639,1.2280384009281098,0.3077148262322397,0.08265370856873797,3.590237400568393e-05,27.406334278790197,49.40862682823101,nan,nan,nan
560.9,233.8678436279297,-208.88784790039062,-76.62492370605469,232.6916674734604,-208.58627702298728,-76.63068013069594,1.2142357583536407,0.30765484325249376,0.08264215183995123,3.5169791461904785e-05,27.141313605535007,49.21388887829413,2.4040186147336007,0.14455214871100772,nan
560.91,233.8692169189453,-208.87918090820312,-76.62538146972656,232.6930839540081,-208.5775090845387,-76.63121838321781,1.2142193829634425,0.3076994545250574,0.0826645578342621,3.5875405952189146e-05,27.044685668154557,49.670177655409496,nan,nan,nan
560.92,233.87054443359375,-208.87049865722656,-76.6258316040039,232.69453458578212,-208.56873736237787,-76.63078553419541,1.2141184384741988,0.30774414340918105,0.08268702716611037,3.516544809354915e-05,26.68987646920219,49.029104083572214,nan,0.6486053271893132,nan
560.9300000000001,233.87185668945312,-208.86181640625,-76.62627410888672,232.6958961259073,-208.55996824349214,-76.63129806654396,1.21409258317719,0.3077889218253374,0.08270956001067399,3.587126834884801e-05,26.59387562670894,48.527807091339824,nan,nan,nan
560.94,233.87315368652344,-208.85313415527344,-76.62670135498047,232.69721957709274,-208.55119928156998,-76.63198728370227,1.2140896337269942,0.30783377837600273,0.08273215648501085,3.516182372260915e-05,26.584343559488747,48.23498946024159,nan,0.02384057795475821,nan
560.95,233.87440490722656,-208.84446716308594,-76.62712860107422,232.70687021146605,-208.54558887812365,-76.63264560451633,1.205195391774114,0.3077737746916333,0.08272054804967685,3.584580889426039e-05,26.362205107634075,49.878280782520996,1.9474338505212494,nan,nan
560.96,233.87564086914062,-208.83578491210938,-76.6275405883789,232.70814868935636,-208.53682242602883,-76.63347998305622,1.205177096675006,0.30781844834149763,0.08274312631895941,3.51376916483316e-05,26.416277700786477,48.69007458492204,nan,0.08106837418813738,nan
560.97,233.87684631347656,-208.8271026611328,-76.62794494628906,232.70942330428926,-208.52805468812068,-76.6339702102904,1.2051317257249892,0.30786321100159786,0.08276576830244488,3.584308660761986e-05,26.324316959295132,48.84626644315556,nan,nan,nan
560.98,233.87803649902344,-208.81842041015625,-76.62834167480469,232.71069374040798,-208.5192857931795,-76.63411856500784,1.2050742747342167,0.30790805221084283,0.08278847412882988,3.513540370455233e-05,26.161482779383874,48.37466851612624,nan,0.0785291992616359,nan
560.99,233.8791961669922,-208.8097381591797,-76.62873077392578,232.7119201350723,-208.51051728847978,-76.63459133664034,1.2050314561671847,0.3079529824960185,0.08281124395614603,3.584104248556921e-05,26.069954498661886,48.55747832961065,nan,nan,nan
561.0,233.88034057617188,-208.80105590820312,-76.62911224365234,232.71179286904038,-208.49864313374772,-76.6338901603622,1.2070542897832623,0.3078929463092039,0.08279958070504849,3.5112579808991284e-05,25.379447083469984,47.95509827681181,0.7342558667664847,1.0008089428385636,nan
561.01,233.88156127929688,-208.79237365722656,-76.62959289550781,232.71302834977106,-208.4898635538098,-76.63438889508608,1.2070644438750318,0.3079376932156583,0.08282233173262062,3.5817599843664214e-05,25.27651682387979,48.18828786089146,nan,nan,nan
561.02,233.88287353515625,-208.78369140625,-76.63016510009766,232.71443472575734,-208.48108141695434,-76.63350213306876,1.2069934518132672,0.30798251906231733,0.08284514681102807,3.5111517662210274e-05,24.8572952843202,47.575851392293856,nan,1.5379668702647264,nan
561.03,233.88426208496094,-208.77500915527344,-76.63082885742188,232.71583999648462,-208.4723010665083,-76.63417531856366,1.2070018900753152,0.308027433495148,0.08286802609105118,3.581680816951745e-05,24.75824029018663,47.80858860209435,nan,nan,nan
561.04,233.8857421875,-208.76632690429688,-76.63157653808594,232.7174292884831,-208.46351813647235,-76.63315982262284,1.2069178458663345,0.30807242736458246,0.0828909697121105,3.5111042976050585e-05,24.423287273936847,47.316347996443724,nan,2.227084599768258,nan
561.0500000000001,233.88729858398438,-208.7576446533203,-76.6324234008789,232.73213762701747,-208.4637158547351,-76.63422955558629,1.191970736777238,0.308012367896981,0.08287924854723933,3.5794588105852235e-05,24.617334527523248,47.35529486212717,4.7036702180764305,nan,nan
561.0600000000001,233.88893127441406,-208.74896240234375,-76.63336181640625,232.73381563672316,-208.4549535846809,-76.6350444018467,1.1919463714426568,0.308057178353876,0.08290217276020936,3.508995658430979e-05,24.51286252289389,47.45401962961261,nan,0.010369950585530793,nan
561.07,233.89065551757812,-208.7402801513672,-76.63438415527344,232.73556757594042,-208.4461911602764,-76.63606962233882,1.1919393140579109,0.30810207692942826,0.08292516137350754,3.579493923543165e-05,24.41866471763804,47.01759663404766,nan,nan,nan
561.08,233.8924560546875,-208.73158264160156,-76.63549041748047,232.73748172673035,-208.4374276006739,-76.63565537171644,1.1918443327688033,0.3081470552972131,0.08294821453024659,3.509055918156912e-05,24.249316177735246,46.13217237780179,nan,1.6407597433341035,nan
561.09,233.8943328857422,-208.722900390625,-76.63668823242188,232.73939260056886,-208.42866455304767,-76.63684215769163,1.1918312859310516,0.30819212187672307,0.08297133237575374,3.579583813507223e-05,24.15639877556841,47.01076067266922,nan,nan,nan
561.1,233.8962860107422,-208.71421813964844,-76.63796997070312,232.72915214809825,-208.41386620496962,-76.6374556785798,1.2051609861308366,0.3081320294854392,0.0829595501643821,3.507052089635811e-05,24.230053869711767,46.97318997281366,1.7343788037150278,0.23372249751174384,nan
561.11,233.89833068847656,-208.70553588867188,-76.63933563232422,232.7311975613365,-208.40509351168942,-76.63880760332653,1.2051828231306787,0.3081769121934446,0.08298264797410913,3.577523023753533e-05,24.139304187511694,46.37594043027003,nan,nan,nan
561.12,233.9004364013672,-208.6968536376953,-76.64078521728516,232.73330958305175,-208.39632076107654,-76.6404345835762,1.2051992129535563,0.3082218750246918,0.0830058105251144,3.507210130362537e-05,24.04318052504004,46.84853808030436,nan,0.025367515652705938,nan
561.13,233.90261840820312,-208.68817138671875,-76.64231872558594,232.7355067619449,-208.3875479124632,-76.64195770345354,1.2052071184829891,0.30826692563410807,0.08302903796190299,3.577712629489271e-05,23.951893572353445,46.707774301557116,nan,nan,nan
561.14,233.90487670898438,-208.6794891357422,-76.64392852783203,232.7377813740454,-208.37877513116283,-76.6435056962965,1.2052139279700465,0.30831205683499835,0.08305233042883939,3.507415084132232e-05,23.862392022040332,46.664193626736335,nan,0.0023932397100239777,nan
561.15,233.90721130371094,-208.67079162597656,-76.64562225341797,232.74870236489477,-208.37694064639388,-76.64505136397251,1.1951952499208778,0.3082519386595714,0.0830404840248098,3.57574862162851e-05,24.109453636362645,45.375073011893775,2.3921835742646724,nan,nan
561.16,233.90960693359375,-208.662109375,-76.64739990234375,232.7511509044315,-208.36818499437513,-76.64641120705289,1.195162286280166,0.3082968859141424,0.08306375581174466,3.5055484572541275e-05,24.037344778122176,46.59849973653739,nan,0.11608934408631959,nan
561.17,233.91207885742188,-208.65342712402344,-76.64923095703125,232.7536515538267,-208.3594292494061,-76.64824584427826,1.1951525168117385,0.30834192053604187,0.08308709267897942,3.576028229070958e-05,23.946329738502985,46.56874437258633,nan,nan,nan
561.1800000000001,233.9146270751953,-208.64474487304688,-76.65108489990234,232.7561809986373,-208.35067286774634,-76.65100518981349,1.1951885470283967,0.30838703604441225,0.08311049476946754,3.50583811518574e-05,23.829806315086937,46.03139212857622,nan,0.5514021966111462,nan
561.19,233.91725158691406,-208.6360626220703,-76.65292358398438,232.75882281160065,-208.34191721887095,-76.65288998611582,1.1951898371498406,0.3084322390414317,0.08313396222977858,3.576351067803921e-05,23.74085849265096,45.80057180125354,nan,nan,nan
561.2,233.91993713378906,-208.62738037109375,-76.65473937988281,232.75206696552118,-208.33411525819733,-76.6541904207257,1.2041285054878312,0.30837208731193805,0.08312204846845106,3.50405346377472e-05,24.548812758493415,45.850501835190066,4.142998558525661,0.24860640848748997,nan
561.21,233.9226837158203,-208.6186981201172,-76.65652465820312,232.7548225641497,-208.32537306382636,-76.65602713217326,1.20413433875195,0.3084171059237428,0.08314549458846107,3.574512722324081e-05,24.458204793000704,46.02442142867599,nan,nan,nan
561.22,233.92550659179688,-208.61001586914062,-76.65827178955078,232.75768311361415,-208.3166321961192,-76.65701370128225,1.2041126353362597,0.308462205692709,0.08316900612074522,3.504419130101438e-05,24.40848992914638,45.81368118743486,nan,0.4736891306344502,nan
561.23,233.9283905029297,-208.60133361816406,-76.65999603271484,232.7605736414554,-208.30789030608926,-76.65878043972106,1.2041207069938586,0.3085073925732678,0.08319258321499362,3.5749129356977976e-05,24.316593159780286,45.678149698778356,nan,nan,nan
561.24,233.9313507080078,-208.5926513671875,-76.66168212890625,232.76352083661828,-208.2991482675039,-76.66073353900707,1.2041476561686095,0.30855266105115536,0.08321622600959201,3.504821383094497e-05,24.213956190970315,45.31392158318582,nan,0.03366950986838319,nan
561.25,233.9343719482422,-208.58396911621094,-76.663330078125,232.74015145326302,-208.2677663235308,-76.66237225372957,1.2353735120013591,0.3084924811188724,0.08320424171704308,3.57314932505049e-05,23.157111562099487,45.74824337316256,16.004160108734727,nan,nan
561.26,233.9374542236328,-208.57528686523438,-76.66495513916016,232.74317082408675,-208.25896823480133,-76.66491336257994,1.2354636037276163,0.3085375650969224,0.083227862492978,3.50314226259356e-05,23.04468444820367,45.49463705020783,nan,0.5334373194146184,nan
561.27,233.9405975341797,-208.5666046142578,-76.66654205322266,232.7462914284879,-208.25017207622327,-76.66656175518816,1.2355147209191202,0.30858273583148554,0.08325154902012877,3.573618533599018e-05,22.95803675543239,45.621095481637305,nan,nan,nan
561.28,233.9438018798828,-208.55792236328125,-76.6680908203125,232.74940924154308,-208.24137320762222,-76.66976183582753,1.2356293678775412,0.3086279883992468,0.08327530143252816,3.503609350594638e-05,22.951355337827263,45.818677129390295,nan,1.764768543179121,nan
561.29,233.94708251953125,-208.5492401123047,-76.66961669921875,232.75265544020613,-208.23257805934577,-76.67136479468434,1.2356916927158887,0.3086733278724356,0.08329911988627427,3.5741210425788565e-05,22.87227161471754,45.00302327070854,nan,nan,nan
561.3000000000001,233.95040893554688,-208.54055786132812,-76.67111206054688,232.78183479624926,-208.22910807595687,-76.67341391090108,1.2093683418867973,0.3086131135558096,0.08328706186359004,3.501992707692402e-05,21.730830112260826,45.71182260576441,11.691293433979425,0.1920363439104237,nan
561.3100000000001,233.95379638671875,-208.53187561035156,-76.67257690429688,232.78525772042588,-208.220307304501,-76.67496231010722,1.2093647563878307,0.30865826810987296,0.0833108576063627,3.5724527158876845e-05,21.65326130892801,45.59223422832251,nan,nan,nan
561.32,233.95726013183594,-208.523193359375,-76.67401123046875,232.7887670522359,-208.2115086267666,-76.67582256222224,1.2093497139111895,0.3087035047100114,0.0833347194155633,3.5025172221538e-05,21.503630100254476,44.84706685334824,nan,0.3068606537746193,nan
561.33,233.9607696533203,-208.5145263671875,-76.67542266845703,232.79231023065793,-208.20270875570168,-76.67730811236599,1.2093515618462478,0.3087488278925486,0.08335864745248941,3.573013589289707e-05,21.423009767251816,46.09525217810588,nan,nan,nan
561.34,233.96429443359375,-208.50584411621094,-76.67679595947266,232.79592145728319,-208.19391168267904,-76.67787452364826,1.2092966625946742,0.3087942335346443,0.0833826418435253,3.503069562097744e-05,21.27126025500317,44.913089489601745,nan,0.5606390243104604,nan
561.35,233.96778869628906,-208.49716186523438,-76.67815399169922,232.78693552525337,-208.17966174351287,-76.6793511544396,1.2227926938107094,0.3087339886850177,0.08337050690389772,3.571401428967276e-05,21.43598647049171,44.4774486856879,1.6678004856967918,nan,nan
561.36,233.97122192382812,-208.4884796142578,-76.67947387695312,232.79036986181902,-208.17085076188977,-76.68262428718884,1.222828526528744,0.3087792092559019,0.083394477873063,3.501531746630647e-05,21.59203915602292,45.30353583533885,nan,2.481922538213175,nan
561.37,233.974609375,-208.4798126220703,-76.68077087402344,232.79381954609178,-208.16204536813177,-76.68401484399423,1.2228046332386504,0.3088245161065308,0.08341851525316457,3.572013615828991e-05,21.515162586037906,45.626499341315174,nan,nan,nan
561.38,233.97793579101562,-208.47113037109375,-76.68204498291016,232.79719144488624,-208.1532388156066,-76.68586578343887,1.222794688606074,0.30886990559722577,0.0834426191648858,3.502132240284142e-05,21.551584231148095,44.52551547080035,nan,0.16612603691539837,nan
561.39,233.98118591308594,-208.46246337890625,-76.68328857421875,232.80051795368615,-208.14443392915143,-76.68721169463923,1.2227571108517161,0.3089153815424018,0.08346678977793381,3.5726507930682645e-05,21.47740562061153,46.01627751489048,nan,nan,nan
561.4,233.984375,-208.4537811279297,-76.68450927734375,232.8050445456847,-208.13747408563802,-76.68648355423105,1.221013662187314,0.30885510129328575,0.0834545746902894,3.500640695047737e-05,21.251503346053536,44.37664145834566,0.36374713034829953,2.7699068054522087,nan
561.41,233.98751831054688,-208.44509887695312,-76.68570709228516,232.8082443634431,-208.12867478943227,-76.68776067772518,1.2209895424180737,0.30890039176597023,0.08347872115791588,3.5711086482819845e-05,21.174020465621737,43.62627696366564,nan,nan,nan
561.42,233.99058532714844,-208.43643188476562,-76.68688201904297,232.81139557870736,-208.11987704678467,-76.68860134748762,1.220941597443538,0.30894576503822685,0.08350293433122198,3.5012831817765556e-05,21.05379457692426,44.943128309299915,nan,0.1205351367298059,nan
561.4300000000001,233.99359130859375,-208.42774963378906,-76.68803405761719,232.81447120466942,-208.11107820879192,-76.68982863907088,1.2209046774465413,0.30899122449155697,0.08352721438584443,3.571788446181787e-05,20.975218983125725,43.83293048253939,nan,nan,nan
561.44,233.9965362548828,-208.41908264160156,-76.68916320800781,232.81750835390716,-208.10228188956424,-76.69036083143774,1.220848451722142,0.30903676713351874,0.08355156143372057,3.5019462607064246e-05,20.840274304191208,44.70815963564108,nan,0.31950544674095444,nan
561.45,233.99942016601562,-208.410400390625,-76.69026947021484,232.8260416261296,-208.08940037491274,-76.69152862902921,1.2164948801508493,0.30897645410733665,0.08353926300912574,3.570287240149382e-05,19.963029141127688,43.94407735306993,4.340315252700382,nan,nan
561.46,234.00225830078125,-208.4017333984375,-76.69134521484375,232.82902121811318,-208.0805896692322,-76.69067308909925,1.2163959054141755,0.3090218110903618,0.08356358516964862,3.5005116220852584e-05,19.847427443866703,44.59292212476769,nan,2.8544066646938395,nan
561.47,234.00503540039062,-208.39305114746094,-76.69241333007812,232.83188017065933,-208.07177185439616,-76.6917874128573,1.2163527321342493,0.3090672539992669,0.08358797438812368,3.571003864709434e-05,19.763237152306548,43.28474773546148,nan,nan,nan
561.48,234.00775146484375,-208.38438415527344,-76.69345092773438,232.83473472488893,-208.0629603155367,-76.69120427536012,1.2162592669378594,0.30911278022720073,0.08361243077056763,3.50120922349089e-05,19.812487419426144,44.78700012973869,nan,1.9845133766495484,nan
561.49,234.0104217529297,-208.37570190429688,-76.69446563720703,232.83748316282697,-208.05414245195405,-76.69226121434917,1.2162196664350169,0.30915839257906863,0.08363695450136956,3.571738712307633e-05,19.723064576003466,43.42444916440568,nan,nan,nan
561.5,234.01303100585938,-208.36703491210938,-76.69546508789062,232.8429701716232,-208.05691133269974,-76.69363436026127,1.2104636887915994,0.3090980429721965,0.08362456948188418,3.499807739245273e-05,20.77447964875226,44.12906761733899,9.309781503171678,0.04104095568842324,nan
561.51,234.01559448242188,-208.3583526611328,-76.69644927978516,232.84560388570222,-208.04813103552107,-76.69465690376636,1.210420863179996,0.3091434692795112,0.08364906757145119,3.570287059564852e-05,20.687788117908035,42.73497644599704,nan,nan,nan
561.52,234.01809692382812,-208.3496856689453,-76.69740295410156,232.84823087112872,-208.03935685186048,-76.69409700520941,1.2103311469469165,0.3091889790176384,0.0836736329924441,3.500534858781237e-05,20.82705677505462,44.534166644813126,nan,1.7261208722322174,nan
561.53,234.0205535888672,-208.34100341796875,-76.69834899902344,232.85076277462562,-208.030576394729,-76.69506684129335,1.2102835446294413,0.3092345746503032,0.08369826593498254,3.571051838665866e-05,20.7359224578746,42.980773101526594,nan,nan,nan
561.54,234.02296447753906,-208.3323211669922,-76.69926452636719,232.85321678803214,-208.02179175139008,-76.69704572861859,1.2102657138514714,0.3092802540812078,0.08372296649660756,3.501276760351632e-05,20.4948740204677,42.96880461581153,nan,0.7443351381686287,nan
561.5500000000001,234.02532958984375,-208.3236541748047,-76.7001724243164,232.87454581203502,-208.01661891107437,-76.69799293748186,1.1910410180193332,0.309219869532992,0.08371049169893872,3.5696289709827646e-05,19.639631294719777,43.633811962809176,5.915680004009823,nan,nan
561.5600000000001,234.02764892578125,-208.31497192382812,-76.70105743408203,232.87695064187733,-208.0078301565121,-76.69967535375521,1.1909846833420914,0.3092653627020631,0.08373516584777665,3.499914670615084e-05,19.482118880931946,42.609345379569724,nan,0.40265259553000626,nan
561.57,234.0299072265625,-208.30630493164062,-76.7019271850586,232.87932904142426,-207.99904438718661,-76.70059348584914,1.1908992321131837,0.30931094155202926,0.08375990768788327,3.570419029409487e-05,19.396102878787886,44.012048292010476,nan,nan,nan
561.58,234.03213500976562,-208.29762268066406,-76.70277404785156,232.88162851064087,-207.99025278173974,-76.70278656399572,1.190857447157178,0.3093566042865975,0.0837847173114108,3.500680259415706e-05,19.268008461158473,42.51647567076934,nan,1.1770913625683843,nan
561.59,234.03431701660156,-208.28895568847656,-76.70360565185547,232.88391629696315,-207.9814665806974,-76.70368503932113,1.1907860317663168,0.30940235292051876,0.08380959491646721,3.571221951526209e-05,19.188543505732582,43.414598494311186,nan,nan,nan
561.6,234.0364532470703,-208.2802734375,-76.70442199707031,232.86323477570792,-207.9630565968172,-76.70489456770474,1.2153469993716512,0.30934193046527625,0.08379702706322038,3.49934100092541e-05,19.541338959677613,42.339835219572855,5.226600937525059,0.0542713575166529,nan
561.61,234.03854370117188,-208.27159118652344,-76.7052230834961,232.8653951403246,-207.9542579691912,-76.7057657151271,1.2153099238834246,0.30938749246465685,0.08382187747230072,3.569832520643033e-05,19.465802744810304,42.35841841638129,nan,nan,nan
561.62,234.04058837890625,-208.26292419433594,-76.70600891113281,232.86750049092984,-207.94545654769811,-76.70716150504377,1.2152868912530201,0.3094331384189461,0.08384679582600857,3.500126304433834e-05,19.416533435373374,43.43031976679018,nan,0.20559443767828128,nan
561.63,234.0426025390625,-208.25424194335938,-76.70677947998047,232.86957739869916,-207.93665722664372,-76.70800835516131,1.215256986135031,0.3094788700809984,0.08387178232739001,3.5706554326138444e-05,19.34456051520999,41.99812052557012,nan,nan,nan
561.64,234.04457092285156,-208.24557495117188,-76.70753479003906,232.87155973702357,-207.92784676564287,-76.71119528929488,1.2152859092460258,0.3095246860467904,0.08389683706126752,3.5009218551197644e-05,19.60704336484218,43.425253622596,nan,3.9126626491862915,nan
561.65,234.0465087890625,-208.2368927001953,-76.70826721191406,232.88622213730255,-207.92594512840716,-76.71197620723737,1.2012357234529623,0.3094642265569555,0.08388417298047439,3.569285360830121e-05,19.533448114634357,42.26596748818414,1.721077112875421,nan,nan
561.66,234.04840087890625,-208.22821044921875,-76.70899200439453,232.88817641483433,-207.91715233965542,-76.71387773587254,1.2012084852048606,0.30950985564376104,0.08390919971854877,3.499608396932374e-05,19.754504141347958,42.497414719121885,nan,0.8166255749315432,nan
561.67,234.0502471923828,-208.2195281982422,-76.70970153808594,232.8901163909269,-207.90836439133886,-76.71470093427307,1.2011458634052576,0.3095555702599426,0.08393429476692554,3.5701246119749915e-05,19.696755943771077,42.75650503218484,nan,nan,nan
561.6800000000001,234.05206298828125,-208.2108612060547,-76.71039581298828,232.89202283308646,-207.89957700244628,-76.71534094535055,1.2010892853633155,0.3096013692285578,0.0839594582060244,3.5004192714479e-05,19.618628548624994,43.43990264018717,nan,0.02036842330373514,nan
561.69,234.05384826660156,-208.20217895507812,-76.7110824584961,232.89388929174595,-207.89078861204038,-76.71613623391708,1.2010388460542203,0.3096472539623491,0.083984690245445,3.57097260728008e-05,19.560906401118615,42.00642443864389,nan,nan,nan
561.7,234.05560302734375,-208.19349670410156,-76.71174621582031,232.86195172741193,-207.87474705712737,-76.7165623203124,1.2354869315931947,0.30899914414071883,0.08328625886132343,3.4989383707214494e-05,27.518784329226094,51.1189545080812,11.268946683622353,0.08053564041082613,0.23886449237060733
561.71,234.05731201171875,-208.184814453125,-76.71240234375,232.86370732504977,-207.86593790172242,-76.71732885009227,1.2354750800956242,0.3090433809355381,0.0833084381857208,3.5694371337500036e-05,27.424960624526484,51.25658414715388,nan,nan,nan
561.72,234.05899047851562,-208.1761474609375,-76.71304321289062,232.86550033129606,-207.85708915492853,-76.71660608726636,1.2354066651177278,0.30908769749546744,0.08333067843435411,3.4997677228406455e-05,26.995214960426733,51.79474342195889,nan,1.540726314457221,nan
561.73,234.0606231689453,-208.16746520996094,-76.71366882324219,232.8671879682992,-207.84827942418858,-76.71733372609371,1.2353868120929892,0.3091321006510667,0.08335298175147904,3.570304016203631e-05,26.897870043879248,51.23807212936917,nan,nan,nan
561.74,234.06224060058594,-208.15878295898438,-76.71428680419922,232.86872562265944,-207.83953401698417,-76.72052110685412,1.2354904920851184,0.3091765840324962,0.08337534631780144,3.500603819208137e-05,27.52306937478748,51.11052198743778,nan,4.310878329444359,nan
561.75,234.06381225585938,-208.1501007080078,-76.71488952636719,232.879842118299,-207.84267292520252,-76.72118803984355,1.2232484619027049,0.30911543233386807,0.0833635114177852,3.5689737855917814e-05,28.482613784525324,51.31820676268339,8.245401975757103,nan,nan
561.76,234.06536865234375,-208.14141845703125,-76.71548461914062,232.88144225553413,-207.83389435765432,-76.72175981396508,1.2232302166110436,0.309159733249158,0.08338585750078534,3.499327032564267e-05,28.3891485707739,50.541727799372225,nan,0.014896499598178256,nan
561.77,234.06687927246094,-208.1327362060547,-76.716064453125,232.88300450224716,-207.82511911059737,-76.72246442528285,1.2232042791823203,0.30920412037428857,0.08340826679557165,3.5698501320474346e-05,28.303071805829564,51.11192817644185,nan,nan,nan
561.78,234.06837463378906,-208.12405395507812,-76.71662902832031,232.88460308943553,-207.81630606420293,-76.72166568643426,1.2231309012056863,0.3092485880095801,0.08343073763813738,3.500172031031143e-05,27.773937634226808,50.20152527427254,nan,1.5732128138713442,nan
561.79,234.06982421875,-208.11537170410156,-76.7171859741211,232.88610483574553,-207.8075299015852,-76.72233440076971,1.2231045169461032,0.3092931419844186,0.0834532719469072,3.5707320651057907e-05,27.68395510155396,50.594454425889225,nan,nan,nan
561.8000000000001,234.07125854492188,-208.106689453125,-76.71773529052734,232.91997908472953,-207.81041546736273,-76.72269883098657,1.1888007851755993,0.3092319796538289,0.08344138984197275,3.498904172369291e-05,26.617332361166024,50.08477761294484,13.252456704302995,0.09894188530952447,nan
561.8100000000001,234.07264709472656,-208.09800720214844,-76.71826934814453,232.9214843223164,-207.8016468272155,-76.72334550490183,1.1887097912362339,0.3092763508010184,0.08346390510717461,3.5694135440829356e-05,26.52733311210151,50.842269257637824,nan,nan,nan
561.82,234.0740203857422,-208.08932495117188,-76.71879577636719,232.9230227040293,-207.79284296112715,-76.7225314231149,1.1885752768697189,0.3093208027173252,0.08348648221208316,3.4997557100108616e-05,26.09789097752791,49.82917329554887,nan,1.4868821755150259,nan
561.83,234.0753631591797,-208.0806427001953,-76.71930694580078,232.92447196167092,-207.7840735778335,-76.7231443542166,1.188494223185359,0.30936534062294524,0.08350912292736881,3.5703021593360916e-05,26.005385073452853,50.03728241217925,nan,nan,nan
561.84,234.07667541503906,-208.07196044921875,-76.71981048583984,232.92586851503023,-207.77531858180484,-76.72437318924294,1.1884333119166144,0.309409959728666,0.08353182580424809,3.500611455897928e-05,26.081529352344813,50.201874605749566,nan,0.27592996533049746,nan
561.85,234.07797241210938,-208.0632781982422,-76.72030639648438,232.92056377563617,-207.76414357204885,-76.7248520675746,1.1954484261130862,0.3093487914035147,0.08351989521268784,3.568990550919571e-05,26.20169688790094,49.492140046691745,1.2287396475325691,nan,nan
561.86,234.07923889160156,-208.05459594726562,-76.72078704833984,232.92195358391533,-207.75535242017136,-76.72460940961595,1.195353747783462,0.3093932276225321,0.0835425785472997,3.4993514252006974e-05,25.935646680794715,49.61460986419028,nan,0.48874213877621286,nan
561.87,234.08047485351562,-208.04591369628906,-76.72126007080078,232.923284606479,-207.74657978683607,-76.72518140378347,1.1952846665282122,0.30943774950331826,0.08356532563637008,3.569883728472331e-05,25.844188831797002,49.67468718129061,nan,nan,nan
561.88,234.08169555664062,-208.0372314453125,-76.72172546386719,232.92457849390289,-207.73781400534162,-76.72605883157354,1.1952361600592618,0.3094823528072314,0.08358813517063297,3.5002115234940576e-05,25.846448501970904,49.27913406953512,nan,0.06960194564078093,nan
561.89,234.0828857421875,-208.02853393554688,-76.72218322753906,232.9258602274691,-207.7290410431592,-76.72661719679991,1.1951668060917444,0.3095270419314464,0.08361100871711842,3.570780276759479e-05,25.759186852450053,48.45151809250857,nan,nan,nan
561.9,234.08404541015625,-208.0198516845703,-76.72262573242188,232.91773728830108,-207.7148325058556,-76.72646974993064,1.2055397591783215,0.30946586216538746,0.08359902510370432,3.498956241920766e-05,25.54710813261885,49.63982082817248,1.0426154537282106,0.2882926935815625,nan
561.91,234.08518981933594,-208.01116943359375,-76.72306823730469,232.91895702959823,-207.70604855826744,-76.72700431702539,1.2054929121080937,0.3095103680596003,0.08362187851554784,3.569473837165578e-05,25.456218772496115,48.99388215087158,nan,nan,nan
561.92,234.08631896972656,-208.0024871826172,-76.72349548339844,232.92018937570452,-207.69724338481493,-76.72655185022379,1.2054216471960852,0.3095549555766429,0.0836447946491104,3.499818945514701e-05,25.187442488003093,48.64761613477812,nan,0.6768946406602596,nan
561.9300000000001,234.08741760253906,-207.99378967285156,-76.72391510009766,232.92136342048394,-207.68845863047144,-76.72706089923966,1.2053710204668964,0.3095996286191324,0.08366777494058475,3.5703731267340085e-05,25.097921931195465,47.905572061678285,nan,nan,nan
561.94,234.08848571777344,-207.985107421875,-76.72432708740234,232.9225264788437,-207.6796668244598,-76.72724887632945,1.2053063686239662,0.3096443836880799,0.08369081827194381,3.5006840902842045e-05,24.962313938061403,49.08363296388456,nan,0.06945839237143693,nan
561.95,234.08953857421875,-207.97642517089844,-76.7247314453125,232.90753362279494,-207.66514556537032,-76.72764586145631,1.2223089592364085,0.309583195700346,0.08367877996086004,3.569070009816461e-05,25.36885307289927,48.61585200851419,3.560391401787342,nan,nan
561.96,234.090576171875,-207.9677276611328,-76.7251205444336,232.90856159401937,-207.65638588126347,-76.72960911421374,1.222338870123212,0.3096277674403946,0.08370180261753665,3.499431442077932e-05,25.60849360826888,47.961165929010484,nan,1.548897530320112,nan
561.97,234.0915985107422,-207.95904541015625,-76.72550964355469,232.9096194349007,-207.64759576057398,-76.73009953664112,1.2223323963106696,0.30967242443145954,0.08372488957804607,3.5699704914216704e-05,25.523470643318387,48.42481552399162,nan,nan,nan
561.98,234.09259033203125,-207.95034790039062,-76.72589111328125,232.9106531723872,-207.63880770953548,-76.73069892527938,1.2223157754531677,0.3097171636161855,0.08374803984617898,3.500297828355795e-05,25.49601802286405,47.81693394962961,nan,0.009454428906558798,nan
561.99,234.0936737060547,-207.94166564941406,-76.72636413574219,232.91172453809014,-207.63001692760858,-76.73122815580281,1.2223552757468776,0.30976198823662005,0.08377125467976124,3.570872841416659e-05,25.403486326600294,48.70127817296106,nan,nan,nan
562.0,234.09483337402344,-207.9329833984375,-76.72693634033203,232.9120177104738,-207.6220470077622,-76.73274947169159,1.2230159955948003,0.30970078777759874,0.08375915741018407,3.499047123238593e-05,25.83430819326264,49.09525939624194,0.27450640645636165,0.6276459636017858,nan
562.01,234.09608459472656,-207.92428588867188,-76.72759246826172,232.9132591823931,-207.61325966879963,-76.73347645253419,1.2230486036052635,0.309745428741594,0.08378235094602915,3.569570495870558e-05,25.746220660942413,48.12945975872145,nan,nan,nan
562.02,234.09742736816406,-207.9156036376953,-76.72834777832031,232.91460248058965,-207.60446199181266,-76.73376188880417,1.2230752842978723,0.309790152045659,0.08380560805001788,3.4999134885231194e-05,25.520311933778633,48.41653798432989,nan,0.2017799295269027,nan
562.03,234.09884643554688,-207.9069061279297,-76.72918701171875,232.91601335931358,-207.5956739648738,-76.7346683723805,1.223106532917988,0.3098349605400204,0.08382892986731233,3.5704729735947534e-05,25.43251641754298,47.8575322340793,nan,nan,nan
562.04,234.10035705566406,-207.89822387695312,-76.7301254272461,232.91749234001983,-207.5868948489078,-76.7361689825836,1.2231644303939122,0.3098798517537274,0.08385231556687783,3.500781134926623e-05,25.541463282522074,48.35304188929919,nan,0.17875907264361907,nan
562.0500000000001,234.10194396972656,-207.8895263671875,-76.73114013671875,232.93461340773985,-207.58830333105993,-76.73731210219975,1.2055845269411978,0.3098186408993391,0.08384015731951641,3.569171620520971e-05,25.72170355771413,47.875602052848755,3.0367786326000767,nan,nan
562.0600000000001,234.10360717773438,-207.88082885742188,-76.73224639892578,232.93631772897686,-207.57952099946624,-76.73764033956859,1.2055621829843925,0.3098633483215404,0.0838635211409788,3.499529685684361e-05,25.39480566412337,47.58730065518544,nan,0.5152028989077112,nan
562.07,234.10536193847656,-207.8721466064453,-76.73344421386719,232.9380778013141,-207.57075369400175,-76.73890182406068,1.2055785872564804,0.309908140706418,0.0838869498239152,3.570073118355513e-05,25.305802276706732,47.878864971713135,nan,nan,nan
562.08,234.107177734375,-207.8634490966797,-76.73472595214844,232.93987837948507,-207.56201057477978,-76.74165388599256,1.2056122770936801,0.309953015928504,0.08391044264076238,3.500396584789962e-05,25.751712936419032,48.10284676836646,nan,1.3912488948680948,nan
562.09,234.1090850830078,-207.85476684570312,-76.73609161376953,232.94179668003528,-207.55324325953174,-76.7431020107094,1.2056234214700166,0.30999797632096593,0.08393400058475388,3.57097553623828e-05,25.66514917180842,48.48378914480527,nan,nan,nan
562.1,234.11106872558594,-207.8460693359375,-76.73753356933594,232.93680880280832,-207.53864484010515,-76.74305833542081,1.2138478940624213,0.30993675176651336,0.08392177733709089,3.4991453310021706e-05,24.863776539609464,47.261135799346114,1.034870297811598,1.7558430623688441,nan
562.11,234.11312866210938,-207.83738708496094,-76.73906707763672,232.938873613176,-207.5298637217699,-76.74465968334012,1.2138685332820691,0.3099815280527359,0.08394531275040772,3.569672210928756e-05,24.776560806565136,47.861438112214636,nan,nan,nan
562.12,234.11526489257812,-207.8286895751953,-76.74067687988281,232.94101455654754,-207.52108264688843,-76.74634420110692,1.2138854939985841,0.31002638821990214,0.08396891292027006,3.641629960179251e-05,24.693639078221427,46.97342749628377,nan,nan,nan
562.13,234.1174774169922,-207.8199920654297,-76.74237060546875,232.943230549531,-207.51230161891425,-76.74811062982343,1.2139036471231501,0.3100713324125124,0.08399257799117811,3.715033028773657e-05,24.610272705154696,46.70705332998912,nan,nan,nan
562.14,234.1197509765625,-207.81130981445312,-76.744140625,232.94554062419652,-207.50350796790855,-76.74915721661463,1.2138933620920362,0.3101163598281746,0.08401630772124596,3.636752390583101e-05,24.32442938910718,47.96126210308834,nan,0.4187295467575719,nan
562.15,234.12210083007812,-207.8026123046875,-76.74597930908203,232.9788643451863,-207.5123655312144,-76.75114811120028,1.1795166664420935,0.31005512275018554,0.08400401716221192,3.70764601209178e-05,24.33644956521203,46.72604552177517,9.758994679464372,nan,nan
562.16,234.12454223632812,-207.79393005371094,-76.7478256225586,232.9813857734314,-207.50359322398236,-76.75153978342486,1.1794557933005805,0.31009996589896455,0.08402772374466379,3.6297360421857685e-05,23.906948487546828,46.663064708011476,nan,1.5982406159823301,nan
562.17,234.1270294189453,-207.7852325439453,-76.74966430664062,232.98394149077555,-207.49484507007148,-76.75347898304683,1.1794021571399436,0.31014489389311767,0.08405149578123207,3.7027830062156227e-05,23.83129800186745,46.46736621726158,nan,nan,nan
562.1800000000001,234.12960815429688,-207.77655029296875,-76.75147247314453,232.98657354497274,-207.4860936124877,-76.75516743066592,1.1793671413346754,0.3101899051986687,0.08407533271755963,3.6251384910102776e-05,23.726157628036596,46.70740465774068,nan,0.03594197130293421,nan
562.19,234.1322479248047,-207.76785278320312,-76.75325775146484,232.9892703093525,-207.4773458636176,-76.7570616714494,1.1793246243334004,0.3102350015708578,0.08409923537550322,3.698064364996566e-05,23.65379833270803,45.77640606330544,nan,nan,nan
562.2,234.13494873046875,-207.75917053222656,-76.75501251220703,232.98449889786562,-207.45530829029656,-76.76209074289471,1.1899231827126346,0.31017374933606967,0.08408687366256032,3.618426526010128e-05,23.42041263655546,48.12474188541928,10.156347207794447,6.332668638737758,nan
562.21,234.13772583007812,-207.75048828125,-76.75672912597656,232.9873355320441,-207.44652090995308,-76.76395530400914,1.1898933642444185,0.3102186611295052,0.08411075248918033,3.691146700245277e-05,23.36219945726958,47.850094354046234,nan,nan,nan
562.22,234.14056396484375,-207.74179077148438,-76.75841522216797,232.9902701953285,-207.4377136189753,-76.76434916538783,1.1898209455820605,0.31026365630513864,0.08413469644848988,3.614114391259369e-05,22.8354207074664,46.44816577321214,nan,1.3679686017640635,nan
562.23,234.1434783935547,-207.7331085205078,-76.76006317138672,232.9932412194715,-207.428926650985,-76.76613456235573,1.1897936914345837,0.31030873637000955,0.08415870627739747,3.686727692675354e-05,22.77368820553102,47.11545179469184,nan,nan,nan
562.24,234.14645385742188,-207.7244110107422,-76.76168060302734,232.99627596496768,-207.4201414341849,-76.76800597985047,1.1897601312452357,0.3103539001621868,0.0841827815468152,3.6099435647979525e-05,22.796820807275417,46.24571601563811,nan,0.009220033634476247,nan
562.25,234.1494903564453,-207.71572875976562,-76.76326751708984,233.01966268087074,-207.42631960646992,-76.76964757232791,1.166322828212852,0.3102926333627179,0.08417034617458584,3.680130880378925e-05,23.18958186106894,47.11052623580908,6.485880465981825,nan,nan
562.26,234.15260314941406,-207.70704650878906,-76.76482391357422,233.0228596622019,-207.41756436778022,-76.77115897245407,1.166259143515005,0.3103376123846222,0.08419439695750154,3.603685336909464e-05,23.111097082092577,46.47924482166772,nan,0.021381577066196304,nan
562.27,234.15576171875,-207.6983642578125,-76.76634216308594,233.0261170184283,-207.40881191069678,-76.77281744510226,1.166181649642253,0.31038267613254894,0.08421851375859486,3.676013108198864e-05,23.05108269759722,47.295814642145295,nan,nan,nan
562.28,234.15899658203125,-207.68966674804688,-76.76783752441406,233.02940651740875,-207.40008105753762,-76.77610502735544,1.1661483344096852,0.31042782365553356,0.08424269622392842,3.599803751730482e-05,23.725554807376735,46.208535693975726,nan,1.8345679423360808,nan
562.29,234.1622314453125,-207.6809844970703,-76.76930236816406,233.03276267739773,-207.391329569612,-76.77772141248168,1.1660491220368971,0.3104730561444933,0.08426694497948509,3.672043595565958e-05,23.669414999906223,47.42275763002667,nan,nan,nan
562.3000000000001,234.1654510498047,-207.67230224609375,-76.77073669433594,233.06908406696527,-207.3961806509541,-76.77743985219637,1.1306231152281296,0.3104117726560431,0.08425443225668575,3.593851167415197e-05,22.32779065461145,46.5558807443678,11.549349963555755,2.6572796253186968,nan
562.3100000000001,234.16860961914062,-207.6636199951172,-76.77214050292969,233.07245282211318,-207.38744588672242,-76.77898267570127,1.130432960040247,0.3104568200720199,0.08427865581514316,3.665918882394136e-05,22.26529375076383,47.16289941015135,nan,nan,nan
562.32,234.17172241210938,-207.65493774414062,-76.77352142333984,233.0757699053236,-207.37871274723344,-76.78060626625042,1.1302487960822942,0.3105019512967774,0.08430294525450932,3.590257280252459e-05,22.29778611397885,46.64433862812167,nan,0.007804299784999215,nan
562.33,234.17478942871094,-207.64625549316406,-76.77487182617188,233.07903312187327,-207.36997866524106,-76.78209635672879,1.1300721054266825,0.3105471673434211,0.08432730113471482,3.662249412153278e-05,22.23744275930862,46.140007236730675,nan,nan,nan
562.34,234.1777801513672,-207.63755798339844,-76.77619171142578,233.08225321797613,-207.36123428524476,-76.78264148691001,1.129856472101803,0.310592467527727,0.08435172319944273,3.586804465055397e-05,21.88561024549496,45.68555130370288,nan,0.5670362144087648,nan
562.35,234.18072509765625,-207.62887573242188,-76.7774887084961,233.11975221161995,-207.36545540918138,-76.7839863169488,1.0932044413173228,0.3105311673845811,0.08433913041360727,3.656438564591119e-05,21.062872327498074,46.41502424338634,12.92983079824973,nan,nan
562.36,234.18359375,-207.6201934814453,-76.77876281738281,233.12290975293942,-207.35673035247373,-76.78501365090807,1.092932950764896,0.310576282278053,0.08436352658961506,3.58129710328526e-05,20.911194648852586,46.9821794567896,nan,0.09479124748318565,nan
562.37,234.18641662597656,-207.61151123046875,-76.7800064086914,233.12600404926098,-207.34800969866805,-76.78638763875364,1.092679555137275,0.3106214818602276,0.08438798935711657,3.653064647103255e-05,20.84798855693146,46.48894982913992,nan,nan,nan
562.38,234.18919372558594,-207.6028289794922,-76.7812271118164,233.12903752260377,-207.33929248371982,-76.78801731701287,1.0924416534589685,0.31066676559557754,0.0844125185174712,3.578126934261789e-05,20.93619711233039,45.98992467952435,nan,0.05287108883238867,nan
562.39,234.19189453125,-207.59414672851562,-76.78242492675781,233.13201944564304,-207.3305726577135,-76.78934633439954,1.0921787370999807,0.31071213427424604,0.0844371145452955,3.6498350421371135e-05,20.87357195671841,46.79943198484317,nan,nan,nan
562.4,234.19454956054688,-207.58546447753906,-76.78359985351562,233.1404001147772,-207.33184842999248,-76.79006376080827,1.084248096925762,0.31065081577474896,0.08442443815268398,3.5729124046089945e-05,21.501840466939033,45.98907241572396,5.562147895333841,0.1568824527451199,nan
562.41,234.19715881347656,-207.5767822265625,-76.78474426269531,233.14327275720012,-207.32315841675504,-76.79134014947678,1.0839946320151195,0.3106959988651226,0.0844490075546822,3.644476920771237e-05,21.441227148533482,45.81155577516418,nan,nan,nan
562.42,234.19970703125,-207.56809997558594,-76.78587341308594,233.1461191483353,-207.3144493780063,-76.79064365072858,1.0837014385172634,0.31074126611313857,0.08447364355140259,3.570018452219781e-05,20.7997305511919,45.32832172905765,nan,2.5806632985966718,nan
562.4300000000001,234.20220947265625,-207.55941772460938,-76.78697204589844,233.14888803051267,-207.30575935731585,-76.79185687104031,1.0834447329209385,0.3107866181859131,0.08449834656747972,3.641533991562034e-05,20.733135484827034,45.22976888882257,nan,nan,nan
562.44,234.2046661376953,-207.5507354736328,-76.78805541992188,233.15161523330426,-207.29706273606624,-76.79235624622828,1.0831826079337967,0.31083205473263614,0.08452311647830694,3.56725901743768e-05,20.51261601688962,44.63467062317751,nan,0.3258635929130069,nan
562.45,234.20706176757812,-207.54205322265625,-76.78911590576172,233.17559215280258,-207.2838208234094,-76.79352459096528,1.0633122658613607,0.31077071751229157,0.08451035360962736,3.636470678428297e-05,18.593066883632147,46.09387584827858,24.077746994822608,nan,nan
562.46,234.2094268798828,-207.5333709716797,-76.79015350341797,233.1782878934032,-207.27508116873545,-76.79315971643061,1.0630005969235683,0.31081596823056873,0.08453509616853415,3.562463541611904e-05,18.229801055011144,44.91523630480946,nan,1.550903443172797,nan
562.47,234.21173095703125,-207.52468872070312,-76.79117584228516,233.180918358318,-207.26635501520727,-76.79426909633032,1.0626949163714772,0.31086130366319004,0.08455990589818528,3.633805789565928e-05,18.156478036138537,45.360988709824625,nan,nan,nan
562.48,234.2139892578125,-207.51600646972656,-76.79217529296875,233.18349580378634,-207.25763381980767,-76.79594198187702,1.0623969940479896,0.31090672356008797,0.08458478271695638,3.559969196667924e-05,18.209184453986026,45.431010622851794,nan,0.23178751339654222,nan
562.49,234.21621704101562,-207.50732421875,-76.79315185546875,233.18603412596278,-207.24890762273623,-76.79701852943865,1.0621068339530249,0.31095222843721076,0.0846097269857674,3.6312758715391567e-05,18.141199693155198,44.723217616363584,nan,nan,nan
562.5,234.2183837890625,-207.49864196777344,-76.79411315917969,233.20727102576203,-207.25226670140708,-76.79746989043859,1.0407021954579314,0.31089087108264263,0.08459687421219868,3.5554442892727496e-05,18.161663274212238,45.4587021320615,5.9823551912648245,0.1038645025359543,nan
562.51,234.22052001953125,-207.48995971679688,-76.79505157470703,233.20974794244776,-207.24356493453791,-76.79850159320681,1.0403761258140043,0.31093618983587573,0.08462179036590277,3.626631042277365e-05,18.09209740726246,44.842204204980376,nan,nan,nan
562.52,234.22259521484375,-207.4812774658203,-76.79596710205078,233.2121968057784,-207.23485150902147,-76.7980445256549,1.040016832995908,0.31098159303515344,0.08464677379720606,3.553205399260153e-05,17.803737270592798,45.57889840877973,nan,1.481259086514156,nan
562.53,234.22463989257812,-207.47259521484375,-76.796875,233.2145890734379,-207.22614944938627,-76.79902613478255,1.0396839904214177,0.3110270811151067,0.08467182483040514,3.6243652403725205e-05,17.729383346928813,44.64361865580419,nan,nan,nan
562.54,234.22665405273438,-207.4639129638672,-76.79776000976562,233.21694891734515,-207.21744041948278,-76.79906441100782,1.0393531050751215,0.31107265394788614,0.08469694343824628,3.551090273027675e-05,17.570069056527096,44.09776559658045,nan,0.5879317584425082,nan
562.5500000000001,234.22860717773438,-207.45523071289062,-76.79862213134766,233.22186110610866,-207.21223725577283,-76.80006205297977,1.0356570601845805,0.3110112758191018,0.08468399777695006,3.61998842389113e-05,17.75396383045036,45.20389007581806,0.6235603347636502,nan,nan
562.5600000000001,234.2305450439453,-207.44654846191406,-76.79947662353516,233.22413030151122,-207.20354712743412,-76.8013690393892,1.0353375602118713,0.31105666226895445,0.0847090875110453,3.546946846626017e-05,17.71888616828107,43.73620524984565,nan,0.10135815300743413,nan
562.57,234.232421875,-207.4378662109375,-76.80030822753906,233.2263640870048,-207.19485401868792,-76.80227960653725,1.0349932776124078,0.3111021335057976,0.08473424499789428,3.617975527580816e-05,17.645557423385238,44.905577363285964,nan,nan,nan
562.58,234.23428344726562,-207.42918395996094,-76.8011245727539,233.2285500708881,-207.18616882720946,-76.80436907314134,1.0346818380007987,0.3111476894664625,0.08475947024115403,3.54507224369057e-05,17.75703792243679,43.88305206872555,nan,0.9818154416842755,nan
562.59,234.236083984375,-207.42050170898438,-76.80192565917969,233.2307084653769,-207.17747536769537,-76.8052603563685,1.0343369165636396,0.31119333048844344,0.0847847635192005,3.6160848495640197e-05,17.688523643592685,44.935663815150036,nan,nan,nan
562.6,234.2378692626953,-207.4118194580078,-76.80270385742188,233.1961677651098,-207.15220834185607,-76.80647705615931,1.0735707609329508,0.31113193035858977,0.08477172163004824,3.5411713872316936e-05,18.195138833696436,43.34592352012078,12.751923459612662,0.06564348235821156,nan
562.61,234.23960876464844,-207.40313720703125,-76.80347442626953,233.19819087892373,-207.1434911033545,-76.80734198794192,1.0733043696431752,0.31117738470161005,0.08479698524557641,3.612083232163364e-05,18.129647744798465,43.52962174207551,nan,nan,nan
562.62,234.24131774902344,-207.3944549560547,-76.80422973632812,233.2001671310218,-207.13478365645767,-76.80986294600376,1.0730589574906146,0.3112229237329254,0.08482231679392196,3.539525812927289e-05,18.535104664214586,43.73390567453531,nan,1.9252516345669262,nan
562.63,234.24298095703125,-207.38575744628906,-76.80496215820312,233.2021206105779,-207.12606563312409,-76.81071620517378,1.0727829266447275,0.3112685477396532,0.08484771652767732,3.610428596591097e-05,18.479928087887412,43.5356963775167,nan,nan,nan
562.64,234.24462890625,-207.3770751953125,-76.8056869506836,233.20404649449392,-207.1173419406699,-76.81062928726752,1.0725192520016813,0.3113142567344379,0.08487318448886899,3.537990751968555e-05,18.177434205184714,43.103213027302345,nan,0.5929589829564252,nan
562.65,234.24623107910156,-207.36839294433594,-76.806396484375,233.17501028442777,-207.09577670438625,-76.81139443759416,1.1053771233213736,0.3112528337815591,0.08486004331211623,3.606663898325262e-05,18.645995932870154,43.03675048924235,9.448722921799117,nan,nan
562.66,234.247802734375,-207.35971069335938,-76.80709075927734,233.17681082762087,-207.08704183762327,-76.8121304312188,1.1051684792440293,0.31129835582231863,0.0848854808214767,3.5344273800928584e-05,18.596231447869418,42.94376460417643,nan,0.0030702678480552564,nan
562.67,234.2493438720703,-207.3510284423828,-76.80776977539062,233.1785795057048,-207.07830711283646,-76.81291927321966,1.1049614333521258,0.311343962756598,0.08491098666542397,3.6052327595003614e-05,18.53777297528515,42.88112367632028,nan,nan,nan
562.6800000000001,234.2508544921875,-207.3423309326172,-76.80844116210938,233.18030984166532,-207.06957925968103,-76.81505999596133,1.1047638357643168,0.31138965463537166,0.08493656090722547,3.5331044094917826e-05,18.96877380250808,42.207406932346565,nan,1.2899530421224747,nan
562.69,234.25233459472656,-207.33364868164062,-76.80908966064453,233.18201700993777,-207.06084417708843,-76.81583717403879,1.104557630433604,0.3114354316881366,0.08496220376784645,3.603909248289247e-05,18.917460429339506,43.329932559646814,nan,nan,nan
562.7,234.25379943847656,-207.32496643066406,-76.80973052978516,233.21880175376654,-207.08741412562472,-76.81622374017564,1.0619291251141878,0.3081398569091318,0.08040387761078222,3.529569197357549e-05,25.810287828194934,50.954548899936476,12.76752353407276,0.10984772387874865,0.6018179009252683
562.71,234.25521850585938,-207.3162841796875,-76.81036376953125,233.22043207711621,-207.0786762455442,-76.81697359623122,1.0617363953862937,0.3081882235525069,0.08042133570263318,3.600284247812981e-05,25.71861921821488,51.469750898860546,nan,nan,nan
562.72,234.25660705566406,-207.30758666992188,-76.81097412109375,233.22198664114643,-207.0698747638715,-76.81696784894392,1.061594214937273,0.30823666815122774,0.08043884465047772,3.528452420324483e-05,25.415082212457268,50.60526062163773,nan,0.3843801326839531,nan
562.73,234.2579803466797,-207.2989044189453,-76.81157684326172,233.22356025946743,-207.0611362147117,-76.81768713818254,1.0614122533100445,0.30828520240913276,0.08045642543924618,3.5991727009911326e-05,25.325279094494537,50.80315207448607,nan,nan,nan
562.74,234.2593231201172,-207.29022216796875,-76.81217193603516,233.22516786787054,-207.0524794740847,-76.81937895244597,1.0611553210205018,0.3083338150565531,0.08047405776152981,3.527431653598261e-05,25.651615264410818,51.18054263070819,nan,0.672319080076593,nan
562.75,234.26063537597656,-207.28152465820312,-76.81275177001953,233.21899408668634,-207.04167691056162,-76.82019912711992,1.0689242165517103,0.3082732983337526,0.0804630621647843,3.595946238339351e-05,25.97330481627242,50.35989111099099,1.398158884802709,nan,nan
562.76,234.2619171142578,-207.27284240722656,-76.81331634521484,233.22051493049548,-207.03299492565267,-76.82157763289153,1.0686971374699021,0.30832170941367226,0.08048070014569654,3.52437725411493e-05,26.258944335343404,51.88016338282376,nan,0.32170432014837785,nan
562.77,234.26318359375,-207.26414489746094,-76.81387329101562,233.22196769317472,-207.02425724501816,-76.82227264872164,1.068525707044605,0.30837020980816715,0.0804984094014719,3.595026893151723e-05,26.180039476806726,50.29055548656007,nan,nan,nan
562.78,234.26441955566406,-207.25546264648438,-76.81442260742188,233.22336913662008,-207.01548517494277,-76.82253349632616,1.0683823980008165,0.30841878883253937,0.08051617120249768,3.523538508236226e-05,25.977585838456335,51.20647464036142,nan,0.12525102721408024,nan
562.79,234.265625,-207.2467803955078,-76.81495666503906,233.2247714202998,-207.00674672558344,-76.82320433640457,1.0682042693956342,0.30846745731355935,0.08053400419456061,3.594199849186868e-05,25.895945005808944,51.488712843248244,nan,nan,nan
562.8000000000001,234.26681518554688,-207.2380828857422,-76.81547546386719,233.20711674167,-206.98886035365334,-76.8230863011237,1.088637031934694,0.30840683572007954,0.08052303606679231,3.5206642568337834e-05,25.773363251876013,49.77177570668788,3.3606669848155772,0.4038747312444928,nan
562.8100000000001,234.26797485351562,-207.22940063476562,-76.81599426269531,233.20843919060061,-206.98010731928653,-76.82373001944069,1.0884956683715985,0.3084553021878133,0.08054087386216391,3.591251767432851e-05,25.688377704256318,50.676112731394184,nan,nan,nan
562.82,234.2691192626953,-207.220703125,-76.81649780273438,233.2098300176387,-206.9714730530688,-76.82591125968365,1.0882545412812168,0.30850384752605836,0.08055876517707453,3.519995193117865e-05,26.436656625775264,50.27882132871893,nan,1.6700340135324974,nan
562.83,234.27023315429688,-207.21202087402344,-76.81698608398438,233.21110602884556,-206.96271933449287,-76.82655196253306,1.0881144386099635,0.30855248197282453,0.08057672716210351,3.590598685802242e-05,26.36248679269307,51.64354329284675,nan,nan,nan
562.84,234.27133178710938,-207.2033233642578,-76.81747436523438,233.2124186326419,-206.95404196218826,-76.82819861217416,1.0879123565776883,0.3086011957258581,0.0805947433056484,3.519407556034658e-05,26.979884609520063,50.72684063688476,nan,0.7189836379287998,nan
562.85,234.27239990234375,-207.1946258544922,-76.81794738769531,233.22214298315834,-206.95442132441113,-76.82876336337874,1.077429718310334,0.3085404795721479,0.08058381684216939,3.587822168390143e-05,27.567139762155517,51.08623502124518,4.844548005796331,nan,nan
562.86,234.27345275878906,-207.18594360351562,-76.81841278076172,233.2233375783435,-206.94566161424714,-76.82893126909323,1.0773058828233686,0.3085889911570755,0.08060183768201402,3.5167776746504875e-05,27.349157516492667,51.502701189308354,nan,0.14498084416808463,nan
562.87,234.2744903564453,-207.17724609375,-76.81886291503906,233.22453709511058,-206.9369350339685,-76.8295417114204,1.077156113631126,0.3086375915026354,0.08061992870278789,3.587330425281852e-05,27.28163662852025,50.44399222496011,nan,nan,nan
562.88,234.27549743652344,-207.16856384277344,-76.8193130493164,233.2256766226105,-206.92815815413582,-76.8294543560861,1.0770429344075072,0.3086862713918407,0.08063807480047373,3.516342542876834e-05,26.92460718928323,51.20906624680365,nan,0.3326743571034442,nan
562.89,234.2764892578125,-207.1598663330078,-76.81974792480469,233.22683495016406,-206.91943078284996,-76.83004192882396,1.0768887527796833,0.30873504018500597,0.08065629103575878,3.5869160254158805e-05,26.85402543796339,50.162257297561936,nan,nan,nan
562.9,234.2774658203125,-207.1511688232422,-76.82017517089844,233.2034316710069,-206.8889545815073,-76.83274614884863,1.1056508001759886,0.3086742197339976,0.08064538664148264,3.513862446750564e-05,27.155904966137598,51.51443080255804,21.61586124751405,3.02239588294364,nan
562.91,234.27841186523438,-207.14247131347656,-76.82059478759766,233.2045149129731,-206.88016472495735,-76.83334012804157,1.1055414303225592,0.30872278590956975,0.08066360671845314,3.584370709597529e-05,27.090741519301204,51.867190388775455,nan,nan,nan
562.92,234.2793426513672,-207.1337890625,-76.82100677490234,233.2055935560727,-206.8713928506957,-76.83419063790423,1.1054242198625035,0.3087714318612952,0.0806818827503445,3.5135680505071017e-05,27.404432750197728,53.01057409500146,nan,0.04873660418862162,nan
562.9300000000001,234.28025817871094,-207.12509155273438,-76.8214111328125,233.20663911456404,-206.8626025829673,-76.83477278687401,1.1053220743060814,0.3088201663735381,0.08070022848081058,3.58410027238547e-05,27.34029546652758,51.79395292757948,nan,nan,nan
562.94,234.28115844726562,-207.11639404296875,-76.82180786132812,233.2076335492412,-206.85377120943886,-76.83474208499305,1.1052573245681057,0.30886898109280964,0.08071863076237666,3.5133411017979624e-05,27.02286876950165,51.33880453225191,nan,0.2570513946440783,nan
562.95,234.2820281982422,-207.10769653320312,-76.82218933105469,233.2065932646807,-206.8439072466859,-76.83530861646291,1.1073920713348615,0.3088080651894039,0.08070775904181529,3.5816959081847954e-05,27.017023349459272,51.963077344978124,0.042677821716242674,nan,nan
562.96,234.2828826904297,-207.09901428222656,-76.82257080078125,233.20743253022593,-206.8349301409126,-76.83306951438671,1.107449187892243,0.30885667712657033,0.08072616496549168,3.511061577335975e-05,25.251066225729588,50.915681665714295,nan,5.4793609215456485,nan
562.97,234.28384399414062,-207.09031677246094,-76.82304382324219,233.20845620327822,-206.826136668264,-76.83364193630536,1.1074124562194192,0.30890537728559925,0.080744640182417,3.581557632345526e-05,25.15587884912996,49.18961490958466,nan,nan,nan
562.98,234.28488159179688,-207.0816192626953,-76.82361602783203,233.20953671178077,-206.8173039343237,-76.83370307359395,1.107398280783048,0.30895415787430397,0.08076317276980344,3.510959328614975e-05,24.82535003471807,49.22184772978463,nan,0.25804876355890666,nan
562.99,234.28599548339844,-207.0729217529297,-76.82427215576172,233.2107364916364,-206.80850990698116,-76.8344585319686,1.1073388306671352,0.30900302683517156,0.08078177465061091,3.581482668327848e-05,24.731493317955476,49.75299769096803,nan,nan,nan
563.0,234.28721618652344,-207.06422424316406,-76.82502746582031,233.21313849559795,-206.7968594242054,-76.83626612473397,1.1069115321536838,0.3089420071701725,0.08077091919075777,3.5088014448090355e-05,24.92057540291105,49.48299175085315,1.8514665358148097,0.7857411636589368,nan
563.01,234.28851318359375,-207.05552673339844,-76.82586669921875,233.2145142353019,-206.78805116518976,-76.83721470637829,1.1068629986529808,0.30899067290195087,0.08078952386372204,3.579265735269868e-05,24.827199240439107,49.90049910219048,nan,nan,nan
563.02,234.28988647460938,-207.04684448242188,-76.82679748535156,233.21587195295223,-206.77911791038312,-76.83621587188213,1.1069206909760487,0.3090394192774994,0.08080818668551787,3.508813080607882e-05,23.663664300790266,50.03602003289407,nan,2.918663669882349,nan
563.03,234.29135131835938,-207.03814697265625,-76.82781982421875,233.21741642196037,-206.77030916160288,-76.8373250315861,1.1068710872095757,0.3090882536967547,0.08082691844702225,3.579307024768598e-05,23.56890954605428,48.50962086346852,nan,nan,nan
563.04,234.2928924560547,-207.02944946289062,-76.82892608642578,233.21903651389496,-206.76149182341,-76.83837973218992,1.1068230447935232,0.30913716918113554,0.08084570890942035,3.508879290840913e-05,23.500756259672208,48.755022533323555,nan,0.014433567004952448,nan
563.0500000000001,234.29452514648438,-207.020751953125,-76.83012390136719,233.20749456140516,-206.75522558584132,-76.83961542817534,1.1190307563698547,0.309076053194211,0.0808348771857738,3.577203176912163e-05,24.71385507717116,47.73677070004899,10.146954664378189,nan,nan
563.0600000000001,234.29623413085938,-207.01205444335938,-76.8313980102539,233.20918890126103,-206.74636291755158,-76.83957682696035,1.1190738184415325,0.3091247652712105,0.08085367014950964,3.5068820353951135e-05,24.013346599345198,47.380033323778655,nan,1.3962976287565536,nan
563.07,234.2980194091797,-207.00335693359375,-76.832763671875,233.2110317403501,-206.73758222239664,-76.84101923825206,1.1190382226160445,0.3091735650713982,0.08087253173279255,3.577350055092273e-05,23.921575520420415,47.241985048682295,nan,nan,nan
563.08,234.2998809814453,-206.99465942382812,-76.83421325683594,233.2129311742789,-206.72877496964907,-76.8420744734908,1.119024675778187,0.3092224461364159,0.08089145273705686,3.5070476988271554e-05,23.68925995259384,47.08420920875175,nan,0.1567934176860518,nan
563.09,234.3018341064453,-206.9859619140625,-76.83573913574219,233.21493138714195,-206.71999427170675,-76.84368119787803,1.118999278087479,0.3092714150858572,0.08091044240487458,3.5775475523226504e-05,23.602237720977033,46.635581923638256,nan,nan,nan
563.1,234.30384826660156,-206.97726440429688,-76.83735656738281,233.22774484502918,-206.72439696477616,-76.84398644099973,1.1054340645708949,0.30921019581597436,0.0808996207431476,3.5051468666476715e-05,24.016365330816825,46.3055741107564,9.721461545366099,1.5024215882556256,nan
563.11,234.3059539794922,-206.96856689453125,-76.83904266357422,233.22991264867923,-206.7156581300233,-76.84574561401655,1.1053835163993055,0.3092589609179789,0.08091861206824666,3.5755918877572155e-05,23.93165090475575,45.90292842498404,nan,nan,nan
563.12,234.30812072753906,-206.95986938476562,-76.8408203125,233.23219634866726,-206.7069664246795,-76.8484653102923,1.1052744556273078,0.3093078074735763,0.08093766349463705,3.5054023528940264e-05,24.254450885803504,46.49753849185111,nan,0.5442977751935117,nan
563.13,234.31036376953125,-206.95118713378906,-76.8426513671875,233.23451440344093,-206.69822785093623,-76.85038711337214,1.1052149560458373,0.3093567416070594,0.080956783314681,3.5758808971882076e-05,24.171095664557786,47.49039097884366,nan,nan,nan
563.14,234.31268310546875,-206.94248962402344,-76.84449768066406,233.2369206276024,-206.68950610042438,-76.8526657738104,1.1051390363856566,0.30940575760295386,0.08097596374494381,3.505700952755813e-05,24.31370467367996,46.529212939261456,nan,0.07075746338016285,nan
563.15,234.31507873535156,-206.9337921142578,-76.8463363647461,233.2217083956788,-206.6777857204987,-76.85467013462556,1.122972584278922,0.30934444118772375,0.08096515695820193,3.57401374129654e-05,25.211879583415296,46.06727201588171,5.424944325787916,nan,nan
563.16,234.31753540039062,-206.9250946044922,-76.84815216064453,233.22416544422902,-206.669002613879,-76.85553637876521,1.122985082434454,0.30939325314158705,0.08098433866716699,3.503925468955982e-05,24.738249540939627,45.94509882056623,nan,0.8285464854275406,nan
563.17,234.32008361816406,-206.91639709472656,-76.84993743896484,233.2267415600374,-206.66027465003495,-76.85745050704674,1.1229657202851142,0.30944215237667017,0.08100358853168392,3.5743849042476895e-05,24.676540919993926,45.116919568466784,nan,nan,nan
563.1800000000001,234.3226776123047,-206.90769958496094,-76.8516845703125,233.22932451497363,-206.65147453100718,-76.8578604965888,1.1229917256072728,0.30949113364580366,0.0810228996311711,3.504301317878734e-05,24.09958606534812,45.52985128635661,nan,1.530197797467518,nan
563.19,234.3253631591797,-206.89901733398438,-76.85340118408203,233.23204068135541,-206.64274730616253,-76.85969776301108,1.1229728467696027,0.3095402023707637,0.08104227897233203,3.5747955618866206e-05,24.0339461247787,45.454617358241634,nan,nan,nan
563.2,234.32809448242188,-206.89031982421875,-76.85508728027344,233.22790428667747,-206.635062169589,-76.86130844748415,1.1294306707278041,0.30947878308252774,0.08103147568736209,3.5026003339839364e-05,24.63853864418507,45.12262827360741,2.2783156212993765,0.037091755711281434,nan
563.21,234.33090209960938,-206.88162231445312,-76.85673522949219,233.23074351533404,-206.62634843936056,-76.86307947036704,1.12940422845488,0.309527647335194,0.08105085546823014,3.573042444106894e-05,24.575707907382874,44.8518261082519,nan,nan,nan
563.22,234.3337860107422,-206.87294006347656,-76.85835266113281,233.23359474630018,-206.61757288746986,-76.8634789201348,1.1294509690409258,0.3095765937813115,0.08107029707157598,3.503045093230459e-05,24.11403996753628,44.87807967619599,nan,1.2651430981075964,nan
563.23,234.33673095703125,-206.86424255371094,-76.85993957519531,233.23656673824286,-206.6088597045704,-76.86517332928216,1.1294286609251862,0.3096256274026811,0.08108980672534487,3.573523179742728e-05,24.04708684756932,43.95503968812024,nan,nan,nan
563.24,234.3396759033203,-206.8555450439453,-76.86149597167969,233.23961123397575,-206.6001908072852,-76.86781066972767,1.129330747979468,0.30967474361213587,0.08110937867006285,3.503523066495878e-05,24.33334221640484,44.26547549026391,nan,0.6682926919290503,nan
563.25,234.34259033203125,-206.84686279296875,-76.86302185058594,233.22654758594484,-206.57998785332765,-76.86951361770689,1.1475259419903678,0.3096132264167966,0.08109858148731065,3.571837512319364e-05,23.99058035356009,45.201150558297805,4.636092129822626,nan,nan
563.26,234.345458984375,-206.83816528320312,-76.86450958251953,233.22953970767617,-206.57131475462717,-76.87264448805666,1.1474106559542716,0.30966213794184927,0.0811181534104178,3.501917163953867e-05,24.613877777701568,45.16584133015378,nan,1.6228106209621684,nan
563.27,234.34828186035156,-206.82948303222656,-76.86597442626953,233.2324258442166,-206.56257583658876,-76.874244551328,1.1473632793480413,0.3097111363723793,0.08113779322161457,3.5723803295286954e-05,24.55063090041407,45.71479641439608,nan,nan,nan
563.28,234.35104370117188,-206.82078552246094,-76.8674087524414,233.23523361819406,-206.5538070499836,-76.87510545806772,1.1473312012312737,0.30976021753201716,0.0811574958600852,3.502453419292051e-05,24.240989097668155,44.79890776338459,nan,0.3562399550292939,nan
563.29,234.35377502441406,-206.81210327148438,-76.86881256103516,233.23801597735047,-206.54506853365712,-76.87664226992337,1.1472955620292444,0.3098093857862829,0.08117726651169895,3.5729531709750206e-05,24.17894965206812,44.857712056839624,nan,nan,nan
563.3000000000001,234.35643005371094,-206.80340576171875,-76.87019348144531,233.2345015995051,-206.54104221305587,-76.87696931463883,1.1522169934257716,0.3097477660540971,0.0811664659455714,3.500903486014078e-05,24.79721777124294,44.053045395036285,6.227389462279433,1.1169574717672817,nan
563.3100000000001,234.35903930664062,-206.7947235107422,-76.87154388427734,233.23716360099672,-206.53233094159756,-76.87844088453913,1.1521729591814456,0.3097967292050504,0.08118623573933925,3.571352660846661e-05,24.731095505730188,44.68913681615107,nan,nan,nan
563.32,234.36160278320312,-206.78602600097656,-76.87286376953125,233.2397522151643,-206.52359722002313,-76.8793135998258,1.1521541400318767,0.3098457752134772,0.08120606886286819,3.501490987064394e-05,24.503382618222854,43.42855160155284,nan,0.2314060393597183,nan
563.33,234.36410522460938,-206.77734375,-76.87416076660156,233.24231062163037,-206.51488614128073,-76.88072758520437,1.1521068747099952,0.3098949080636097,0.08122596987926428,3.57197752924422e-05,24.43636759588179,44.52304763231439,nan,nan,nan
563.34,234.3665771484375,-206.76864624023438,-76.87543487548828,233.24494945862912,-206.50631420618774,-76.88575953813839,1.1519433012482698,0.30994412415111866,0.08124593465725855,3.502103390711537e-05,26.19048399320607,44.653288508244444,nan,9.360017369565554,nan
563.35,234.36898803710938,-206.7599639892578,-76.87667846679688,233.2144500401375,-206.49363741691286,-76.8872621324505,1.1849049934773217,0.3098824058206716,0.0812351315130967,3.570426916260321e-05,28.127089176609033,46.057231164306394,20.60959264033649,nan,nan
563.36,234.371337890625,-206.75128173828125,-76.87789916992188,233.21680705022317,-206.48495847726608,-76.88887178357972,1.1849008140123811,0.30993141657507794,0.08125509489518887,3.500623282362233e-05,28.344540985720045,46.61708759533556,nan,0.037630092260872536,nan
563.37,234.3736572265625,-206.74258422851562,-76.87909698486328,233.2191085168201,-206.47627115109694,-76.8902292612541,1.1849174257937392,0.30998051392920406,0.081275126075205,3.571097148090138e-05,28.29450647715945,45.15673784482057,nan,nan,nan
563.38,234.3759307861328,-206.73390197753906,-76.8802719116211,233.2214210202503,-206.46764384839864,-76.89324675088172,1.184885875223988,0.310029694630598,0.08129522147352373,3.501278212232897e-05,29.549668527666576,47.218059344403166,nan,1.9990383817008617,nan
563.39,234.37814331054688,-206.72520446777344,-76.88141632080078,233.22363029964927,-206.45895678336876,-76.89457509597513,1.1848887184654886,0.31007896213558334,0.08131538482962636,3.57178956399175e-05,29.507901754340633,46.94151473915832,nan,nan,nan
563.4,234.3803253173828,-206.71652221679688,-76.8825454711914,233.25904514424937,-206.45669880979486,-76.89518734550772,1.1510591846097784,0.3100171415307086,0.08130457113295039,3.4998388337301016e-05,27.64107963883295,46.80941316767391,16.01865841842244,0.28169081443468685,nan
563.41,234.38246154785156,-206.7078399658203,-76.8836441040039,233.26122596469588,-206.44799859815922,-76.8964642497537,1.151021774520141,0.31006620329555523,0.08132473225645179,3.570300340783964e-05,27.595526225538173,46.98566352187327,nan,nan,nan
563.42,234.38455200195312,-206.6991424560547,-76.88472747802734,233.26334849806278,-206.43928290117546,-76.89725414558963,1.150991399967101,0.31011534850515343,0.08134495802501376,3.5005304965333945e-05,27.394272774833773,45.86455311441558,nan,0.15320923910627682,nan
563.4300000000001,234.38661193847656,-206.69046020507812,-76.88578796386719,233.26544414120494,-206.43058263942206,-76.89848449614867,1.150962545308146,0.3101645802929374,0.08136525169288564,3.571029996811308e-05,27.34442555921973,46.32412377963351,nan,nan,nan
563.44,234.3886260986328,-206.6817626953125,-76.88682556152344,233.2675085142008,-206.4218923397312,-76.90000882798132,1.1509174767754202,0.3102138958909376,0.08138561040550608,3.5012402758912426e-05,27.714741623338764,46.01063073611465,nan,0.06974328910929933,nan
563.45,234.39059448242188,-206.67308044433594,-76.88784790039062,233.2668609066139,-206.41081938386156,-76.9011189154565,1.1540078565937788,0.3101519760708849,0.08137478554166724,3.5695764348243e-05,27.540682208743114,46.85699796550058,0.5160414116486964,nan,nan
563.46,234.39251708984375,-206.66439819335938,-76.88884735107422,233.26885387558082,-206.4021350388038,-76.90302452987062,1.1539505941433412,0.31020108568189225,0.08139514141339635,3.499850218772227e-05,28.268128083882118,47.84672668045292,nan,0.3801343987998975,nan
563.47,234.3944091796875,-206.65570068359375,-76.88982391357422,233.27078508862476,-206.39342799571324,-76.90418475813054,1.1539169357804753,0.3102502816561648,0.08141556514736537,3.570337910726466e-05,28.222842421535404,46.66700848376264,nan,nan,nan
563.48,234.39627075195312,-206.6470184326172,-76.89078521728516,233.27269860692715,-206.38474116818963,-76.90601326933943,1.153878512705405,0.3102995615204217,0.08143605431295253,3.500589795412286e-05,28.991164021248863,47.99526679888471,nan,0.3331488047204481,nan
563.49,234.39808654785156,-206.63832092285156,-76.8917236328125,233.2745541636966,-206.3760337993028,-76.90714327499559,1.153844581730784,0.31034892796597463,0.0814566115308269,3.571115259571587e-05,28.946590079580282,47.42422870249345,nan,nan,nan
563.5,234.39987182617188,-206.629638671875,-76.89263916015625,233.28904797915953,-206.39093770074555,-76.90833202809675,1.1362895928475434,0.3102869060640988,0.08144576870461771,3.4992282787823424e-05,31.395567188706032,48.52771603982436,31.289304875684397,0.011539311133925855,nan
563.51,234.401611328125,-206.62094116210938,-76.89354705810547,233.29084337374684,-206.38230755118465,-76.90942669474913,1.1362233986308994,0.3103360661272395,0.0814663222407526,3.569704063413864e-05,31.344446156567763,47.84959788126723,nan,nan,nan
563.52,234.4033203125,-206.6122589111328,-76.8944320678711,233.29264548129117,-206.37371770148602,-76.91198037787687,1.1361375060108567,0.31038531014845056,0.0814869415694863,3.499992995831951e-05,33.000103993003954,50.22293302740235,nan,1.5387441732121305,nan
563.53,234.40499877929688,-206.6035614013672,-76.89529418945312,233.29437127346205,-206.3650874410537,-76.91305585209362,1.1360804386680732,0.31043464055160425,0.08150762894401004,3.570506876317991e-05,32.961112612920765,49.33617094373224,nan,nan,nan
563.54,234.40664672851562,-206.59487915039062,-76.8961410522461,233.2961176953498,-206.35650876851435,-76.91609246351227,1.1359987813688721,0.31048405526474476,0.08152838248342226,3.500770444680847e-05,35.41836899050066,52.45266717581542,nan,2.7605555877939225,nan
563.5500000000001,234.40826416015625,-206.586181640625,-76.89698028564453,233.28956750478474,-206.34986496856325,-76.91707207636088,1.1435608668925006,0.31042193360465614,0.08151751998747528,3.5691201185872094e-05,36.18044510801366,51.39004055049889,3.5336677884918544,nan,nan
563.5600000000001,234.4098358154297,-206.57749938964844,-76.89779663085938,233.29118129299738,-206.3412552188187,-76.91827767971344,1.1435115750054512,0.31047114167263606,0.08153826917324677,3.4994420703272475e-05,36.77944439673054,53.280779728987426,nan,0.018231231145834536,nan
563.57,234.411376953125,-206.5688018798828,-76.89859008789062,233.2927589695758,-206.33264127345618,-76.91930867529139,1.1434628481115414,0.31052043593283474,0.08155908641573087,3.5699440903656715e-05,36.741653056615384,52.498565414791905,nan,nan,nan
563.58,234.41290283203125,-206.56011962890625,-76.89937591552734,233.29428725763086,-206.32401037216675,-76.91962608931829,1.1434414956383927,0.31056981455473304,0.0815799701501604,3.500239326186331e-05,36.357033589981334,52.295387463880076,nan,0.3443808990341244,nan
563.59,234.4143829345703,-206.55142211914062,-76.900146484375,233.29580328515388,-206.31539621436957,-76.9206202317858,1.143393123184071,0.3106192795999687,0.08160092215678656,3.570779001398017e-05,36.305865957068534,51.97056755539001,nan,nan,nan
563.6,234.4158477783203,-206.54273986816406,-76.90089416503906,233.31980045182473,-206.32356057908905,-76.92198113289707,1.1179463148519169,0.31055705598747063,0.0815900340914881,3.498930024180387e-05,37.820473642507544,53.46018156736397,9.998592270876859,0.20281618676207797,nan
563.61,234.41726684570312,-206.53404235839844,-76.9016342163086,233.32129179985142,-206.3149856388923,-76.92294894636717,1.117855744364139,0.3106063140029394,0.08161098089570365,3.569419821610735e-05,37.76585556308544,53.16430110686276,nan,nan,nan
563.62,234.41867065429688,-206.52536010742188,-76.90235900878906,233.32269713315233,-206.30635922749116,-76.92156701383013,1.1178051225137837,0.3106556564211718,0.08163199449700989,3.4997434317872306e-05,35.50489776126645,51.22258867761766,nan,3.8527243308669803,nan
563.63,234.4200439453125,-206.51666259765625,-76.90306854248047,233.3241316491684,-206.29778389439747,-76.92248378222016,1.1177247421052343,0.31070508508708694,0.0816530764061844,3.570271094998077e-05,35.44774632981179,50.521840368786435,nan,nan,nan
563.64,234.42138671875,-206.50796508789062,-76.90376281738281,233.32551159093734,-206.28918441383658,-76.92225022157656,1.1176533734623548,0.3107545984954116,0.0816742254620459,3.500565426477766e-05,34.580234839703515,49.78138371025467,nan,0.9123829361694604,nan
563.65,234.42269897460938,-206.49928283691406,-76.9044418334961,233.30492998725092,-206.2753695954361,-76.92319027264105,1.1401298841710514,0.3106922746523605,0.0816633093050916,3.5689277725909344e-05,35.540402982383384,50.701102743989246,5.816599564055049,nan,nan
563.66,234.4239959716797,-206.49058532714844,-76.90510559082031,233.30628476261361,-206.26683233542815,-76.92582026596185,1.1400758071031687,0.3107415807537952,0.0816844524294775,3.499276884228943e-05,37.88222439190457,51.97028456416599,nan,2.194660799334756,nan
563.67,234.42526245117188,-206.4818878173828,-76.90576171875,233.30757293768556,-206.2582595685397,-76.92669282419675,1.1400340141474412,0.31079097293578384,0.08170566391100141,3.569792069419654e-05,37.82075949785851,52.055061565187586,nan,nan,nan
563.6800000000001,234.42649841308594,-206.47320556640625,-76.90640258789062,233.30883234938833,-206.24968381456546,-76.92740361961887,1.1399914240120155,0.3108404498865683,0.08172694281614964,3.500111087376465e-05,38.07496096507698,53.258364859156444,nan,0.015805784947866112,nan
563.69,234.42771911621094,-206.46450805664062,-76.90702819824219,233.31084536797016,-206.23961269321111,-76.92825278141866,1.139489085920752,0.31064171111866445,0.08082100288542951,3.570467684835973e-05,46.43514355800292,60.56947932777495,nan,nan,0.0024202956869714986
563.7,234.4289093017578,-206.455810546875,-76.90764617919922,233.3123891997304,-206.2320913878538,-76.92714865303265,1.1388800405793686,0.310580337825895,0.0808097375899988,3.498649499450932e-05,44.82713342818545,59.00321152529582,0.16287099266887017,2.688810554324237,nan
563.71,234.43006896972656,-206.44712829589844,-76.90824890136719,233.3135799946928,-206.22351992425607,-76.92795362493771,1.1388312479781686,0.3106287696980133,0.08082755371513407,3.569147504403211e-05,44.73271971792178,59.930401853827526,nan,nan,nan
563.72,234.43121337890625,-206.4384307861328,-76.90884399414062,233.31474659747158,-206.2149201643871,-76.92822980145225,1.1387848267365346,0.31067728524780563,0.08084542711222034,3.499499426805077e-05,44.49485705807245,58.75297894120866,nan,0.18923208763840185,nan
563.73,234.4323272705078,-206.4297332763672,-76.90941619873047,233.3158914466865,-206.20634804585066,-76.92900758255131,1.1387333894483493,0.31072588462962725,0.08086336620309037,3.570035097314379e-05,44.408290229453236,58.97169866165479,nan,nan,nan
563.74,234.4334259033203,-206.42103576660156,-76.90998840332031,233.31701255985405,-206.19773324128462,-76.92897160340488,1.1386848260901228,0.3107745679800577,0.08088136306765972,3.500354784604875e-05,43.85419917079588,58.24302573501487,nan,0.45565466176681024,nan
563.75,234.43450927734375,-206.41233825683594,-76.9105453491211,233.33880542244916,-206.19430958355224,-76.92969425973814,1.1173495964927647,0.3107131068002457,0.08087013764585169,3.5687242692230427e-05,42.7398506739587,57.895672874618064,6.521804082629987,nan,nan
563.76,234.43556213378906,-206.40365600585938,-76.91108703613281,233.33992065167868,-206.1857070231948,-76.92998162224845,1.1172685539967722,0.3107615871822481,0.08088813801398619,3.4990960248226605e-05,42.5661827644754,58.83308703078096,nan,0.14354665208520537,nan
563.77,234.4365997314453,-206.39495849609375,-76.91162109375,233.34101501775893,-206.17712729655779,-76.93070515878472,1.1171931336580931,0.3108101513410336,0.0809062038760169,3.569618718430712e-05,42.46806384293211,57.81404490222636,nan,nan,nan
563.78,234.43760681152344,-206.38626098632812,-76.91214752197266,233.34208774461027,-206.16849609434973,-76.93039217871245,1.1171018045139014,0.3108587994185357,0.08092432815351057,3.4999578402499874e-05,41.67702477916039,57.42249550926312,nan,0.7445661361296171,nan
563.79,234.4385986328125,-206.3775634765625,-76.91265869140625,233.3431407197237,-206.15991586926037,-76.93108632794721,1.1170219774479428,0.31090753156077544,0.0809425180168307,3.5705175492557116e-05,41.5788225098933,57.16075144466816,nan,nan,nan
563.8000000000001,234.4395751953125,-206.36886596679688,-76.91316223144531,233.36508935659108,-206.15916921975972,-76.93151120188152,1.0949106027648545,0.3108459823177961,0.08093132131159593,3.498705677499607e-05,41.065248163853234,57.17603700152744,4.468163252817522,0.0711171594215514,nan
563.8100000000001,234.44053649902344,-206.36016845703125,-76.91365814208984,233.36613870507298,-206.15059419393955,-76.93218505562747,1.094803744020479,0.3108945112163428,0.08094951401133427,3.5692147934783655e-05,40.96158062823757,56.978320949851714,nan,nan,nan
563.82,234.44146728515625,-206.35147094726562,-76.91413879394531,233.3671689040443,-206.14205149207302,-76.93354248457783,1.0946917479743346,0.3109431239813893,0.08096776573378738,3.499571828766482e-05,42.004968529539404,58.46196907318517,nan,0.3387653633733214,nan
563.83,234.4423828125,-206.3427734375,-76.91461181640625,233.36818014063562,-206.13347585796936,-76.93420554052126,1.094577896297318,0.3109918207574493,0.08098608288464773,3.5701180741199414e-05,41.90223148785907,58.29149768242882,nan,nan,nan
563.84,234.4432830810547,-206.33407592773438,-76.91507720947266,233.36917383106896,-206.12476307735642,-76.93186573282141,1.0944425086565632,0.311040601688895,0.08100445952309283,3.500441173083931e-05,39.103432197922416,55.44525694028882,nan,6.3295942755854435,nan
563.85,234.4441680908203,-206.32537841796875,-76.91553497314453,233.34752199795506,-206.10647218334375,-76.93255688984038,1.1184106304047396,0.31097896421145504,0.08099329464668963,3.568820110090005e-05,39.5504006191311,55.22782341205922,4.910671090350189,nan,nan
563.86,234.4450225830078,-206.31668090820312,-76.91597747802734,233.34844155573748,-206.09785560861116,-76.93252111915209,1.1183238140952005,0.3110275416225306,0.08101167382476379,3.4991937812370876e-05,39.15586706338816,55.29739893767848,nan,0.2943320639266635,nan
563.87,234.4458770751953,-206.3079833984375,-76.91641235351562,233.34934362852485,-206.0892674259828,-76.93311646531133,1.1182581560734066,0.3110762029911645,0.08103011830023288,3.569725951126999e-05,39.0552537510556,54.654730581026655,nan,nan,nan
563.88,234.4467010498047,-206.29928588867188,-76.9168472290039,233.35022788445545,-206.08071203603575,-76.93447418419798,1.1181854233250361,0.3111249484604291,0.08104862282290737,3.5000656061776056e-05,40.01950914610737,56.19865849279201,nan,0.41876088690687296,nan
563.89,234.447509765625,-206.29058837890625,-76.91726684570312,233.3510959919223,-206.07212315117548,-76.93506179909316,1.1181086169324486,0.3111737781768552,0.0810671927706341,3.5706342436610325e-05,39.91452984773426,56.04979581333992,nan,nan,nan
563.9,234.44830322265625,-206.28189086914062,-76.91767120361328,233.35675595884334,-206.06253864114464,-76.93678058597656,1.1135331147112626,0.3111120522884809,0.08105605037629057,3.498821193079666e-05,40.84382884107415,57.45013228629914,1.565394612482813,0.9333537518960033,nan
563.91,234.44908142089844,-206.273193359375,-76.91807556152344,233.3576017427878,-206.0539382642709,-76.93736458536397,1.113450830031715,0.3111606782061887,0.08107462219140602,3.5693386844179145e-05,40.73484295331433,57.40479522847425,nan,nan,nan
563.92,234.44984436035156,-206.26449584960938,-76.91847229003906,233.35843347912464,-206.04528683103217,-76.93668623164511,1.1133562112616664,0.3112093881681514,0.08109325458144229,3.4996939537110555e-05,39.69441236854027,56.417106647758935,nan,1.112677742930095,nan
563.9300000000001,234.4506072998047,-206.25579833984375,-76.91886138916016,233.35924813245222,-206.03668563482333,-76.93724357966637,1.113289322051298,0.3112581823242209,0.08111195230435252,3.57024803124939e-05,39.58526225513089,55.82517712935933,nan,nan,nan
563.94,234.4513397216797,-206.24710083007812,-76.91924285888672,233.36004888802836,-206.02805637851597,-76.93708326391204,1.1132000877753487,0.3113070608123428,0.08113071103306563,3.500568391404499e-05,39.117599864025024,55.94442921593827,nan,0.3567138600607789,nan
563.95,234.45205688476562,-206.2384033203125,-76.91960906982422,233.38517459301718,-206.03466339620329,-76.93768262081645,1.0863123097746359,0.31124524633961514,0.08111959242242137,3.5689542053964116e-05,39.47384646288475,56.24381091023749,7.919195750940761,nan,nan
563.96,234.45286560058594,-206.22970581054688,-76.92007446289062,233.38603971178313,-206.02601491988167,-76.93617862899616,1.0862167371781029,0.31129392074715606,0.08113835264247272,3.4993243193610597e-05,37.6427307232308,54.46767474155865,nan,3.0748859848813432,nan
563.97,234.45376586914062,-206.2209930419922,-76.92063903808594,233.38699141507539,-206.01744491260976,-76.93683553528894,1.0861408303451818,0.31134267929541076,0.08115717812677195,3.569863248006966e-05,37.492767753117064,53.600606492055626,nan,nan,nan
563.98,234.4547576904297,-206.21229553222656,-76.9212875366211,233.38803074785662,-206.00890570279034,-76.93843570449496,1.0860791188448535,0.3113915221177076,0.08117606510125897,3.5001986035486354e-05,38.456365353247634,55.18258410747932,nan,0.5090291484437083,nan
563.99,234.45582580566406,-206.20359802246094,-76.92203521728516,233.3891602830982,-206.0003351608503,-76.93928838691046,1.0859966849871046,0.3114404493711295,0.08119501750013652,3.570773476899772e-05,38.301406555243005,55.571942481527294,nan,nan,nan
564.0,234.45700073242188,-206.1949005126953,-76.92286682128906,233.38469978321882,-205.9920091695645,-76.94171841299703,1.0914896267437064,0.31137854612555405,0.08118391478909012,3.4989551665778834e-05,40.61851356828705,56.55960789273371,1.2014022276764698,1.564041318616444,nan
564.01,234.45823669433594,-206.18618774414062,-76.92379760742188,233.38599159692674,-205.98344654102357,-76.94276908053173,1.0914089339708384,0.3114272690163674,0.0812028679995839,3.5694783791318606e-05,40.457847251191815,56.70212818116523,nan,nan,nan
564.02,234.45957946777344,-206.177490234375,-76.9248046875,233.38737073345655,-205.9748562259433,-76.94310684353114,1.0913418713830714,0.3114760761220739,0.08122188315594847,3.4998281999138694e-05,39.858135604477354,55.96385689811087,nan,0.45520869811052506,nan
564.03,234.46099853515625,-206.16879272460938,-76.92591094970703,233.388831952078,-205.96629331223846,-76.94432848709843,1.0912774164087853,0.31152496760513976,0.08124096370233033,3.5703874969399946e-05,39.699681178444415,56.20525899592746,nan,nan,nan
564.04,234.46249389648438,-206.16009521484375,-76.92709350585938,233.39037342321413,-205.95776661902786,-76.9467401841951,1.0912218664688091,0.31157394359047275,0.08126010659514427,3.500701955916352e-05,41.13681737422821,57.824058853676114,nan,0.8570953954741721,nan
564.0500000000001,234.46408081054688,-206.15139770507812,-76.9283676147461,233.38300704587917,-205.93722252341257,-76.94822665976213,1.1022639768962923,0.3115119514062804,0.08124901962654023,3.569092235171389e-05,40.00994404715398,57.22386663918817,8.61611241483092,nan,nan
564.0600000000001,234.4657440185547,-206.14268493652344,-76.92972564697266,233.38470867297917,-205.9285841609383,-76.94858230953677,1.1021942361547656,0.3115607227426449,0.08126816288119444,3.499456105689038e-05,39.034611574608356,55.652591330556156,nan,0.9175320582764656,nan
564.07,234.4674835205078,-206.1339874267578,-76.93116760253906,233.38648774308427,-205.91998199210823,-76.950151481755,1.102139094913687,0.31160957840186226,0.0812873715117324,3.5699992880563836e-05,38.87988574372573,56.45976807325688,nan,nan,nan
564.08,234.4693145751953,-206.1252899169922,-76.93268585205078,233.38835334389887,-205.9113119822453,-76.94958653330681,1.1020659568062963,0.3116585185031641,0.08130664290601845,3.500328106105474e-05,36.85758233045528,53.93968535889727,nan,3.474114648254636,nan
564.09,234.47120666503906,-206.11659240722656,-76.93429565429688,233.39029068821026,-205.9027100393463,-76.95130090639954,1.102004625604139,0.31170754321796984,0.08132597986496168,3.570906770584978e-05,36.70677222112252,54.521040356569124,nan,nan,nan
564.1,234.4731903076172,-206.10787963867188,-76.93598175048828,233.37826060220306,-205.89072935403976,-76.95346349240928,1.1163919191819134,0.3116454618900824,0.0813149019058422,3.4990815149596405e-05,37.96886373425513,53.711405290060505,2.7047436680064014,0.08556478769019167,nan
564.11,234.47525024414062,-206.09918212890625,-76.937744140625,233.3803271288262,-205.8821313152362,-76.95534515333127,1.116367985842023,0.31169428166988045,0.08133423853644092,3.56960807302747e-05,37.82696958842807,54.339053812359765,nan,nan,nan
564.12,234.4773712158203,-206.09048461914062,-76.9395751953125,233.38247185000301,-205.87351514050673,-76.95665574311562,1.116320796652576,0.3117431858307486,0.08135363832289258,3.4999509972288805e-05,37.39636689106585,54.47678790387664,nan,0.29303383942855393,nan
564.13,234.47958374023438,-206.081787109375,-76.94142150878906,233.38468960756143,-205.86491764198718,-76.95864420528021,1.1162984139203782,0.31179217454974545,0.08137310368906198,3.570513207291425e-05,37.28214403538702,53.784415176638745,nan,nan,nan
564.14,234.4818572998047,-206.07308959960938,-76.94325256347656,233.38699048077,-205.8562526590646,-76.95815417172628,1.1162319060734451,0.31184124793719287,0.08139263258538745,3.5008206693467816e-05,35.23066151068585,52.175782711013234,nan,4.342537184156756,nan
564.15,234.4842071533203,-206.06439208984375,-76.94506072998047,233.39717486818603,-205.84437265744774,-76.96015452598498,1.1091778767330132,0.31177907731147736,0.08138156233197733,3.5692133129938405e-05,34.104192281061756,51.94950075332155,5.713532170397023,nan,nan
564.16,234.48663330078125,-206.05567932128906,-76.94683837890625,233.39963986957036,-205.83568242357325,-76.95941368878601,1.1091039143915997,0.31182794547355785,0.08140109038229747,3.4995701599101854e-05,32.15539787440208,49.03972887861946,nan,5.017805539358597,nan
564.17,234.4891357421875,-206.04698181152344,-76.9485855102539,233.4021666915551,-205.82706229358593,-76.96128189375841,1.1090660528375542,0.31187689813740715,0.08142068404414855,3.570115441686669e-05,32.06552817417652,49.58213602977035,nan,nan,nan
564.1800000000001,234.49169921875,-206.0382843017578,-76.9502944946289,233.40476415405203,-205.81844341242586,-76.96315074062225,1.1090189964798978,0.31192593540802577,0.08144034159510403,3.500437237880733e-05,32.18531869937337,49.99035210247661,nan,0.0007405730904797846,nan
564.19,234.4943084716797,-206.0295867919922,-76.95197296142578,233.407422096726,-205.80982406980905,-76.96495525737618,1.1089572517141646,0.31197505747094845,0.08146006497087697,3.571017617507132e-05,32.09557357144349,50.08954438035254,nan,nan,nan
564.2,234.49693298339844,-206.02088928222656,-76.95362091064453,233.38910518318733,-205.7919648163688,-76.96576911466825,1.13129855690258,0.3119127973258509,0.08144899657077284,3.499185317437731e-05,31.890545106756917,48.832689023038114,4.94082733371511,0.8688490721387949,nan
564.21,234.49951171875,-206.01219177246094,-76.95523834228516,233.39173887281862,-205.7833343979021,-76.96750152993802,1.1312324084131764,0.3119617138732295,0.08146871839668436,3.569713228279023e-05,31.795884655308914,49.41860507017822,nan,nan,nan
564.22,234.50205993652344,-206.0034942626953,-76.95681762695312,233.39434465433004,-205.7746781147968,-76.96806756921302,1.131157167304683,0.3120107149650402,0.08148850444896896,3.50004927851677e-05,31.10953558289198,48.39112511663245,nan,0.9095902891825205,nan
564.23,234.50457763671875,-205.9947967529297,-76.95836639404297,233.39690438129503,-205.766048394596,-76.96972652433026,1.131103401454298,0.3120598007916413,0.08150835638191879,3.5706124906320076e-05,31.01951986366307,47.81880634489009,nan,nan,nan
564.24,234.5070343017578,-205.98611450195312,-76.95988464355469,233.3994240010451,-205.75738945949297,-76.97001757808155,1.1310253753366541,0.31210897145031147,0.08152827289343921,3.500913199900813e-05,30.24661502784376,48.372960964235794,nan,1.2629157864828722,nan
564.25,234.5094451904297,-205.9774169921875,-76.96138000488281,233.39425738891242,-205.7478186653244,-76.97159084438823,1.138623504761191,0.31204662164366564,0.08151720416568238,3.569306488211034e-05,30.673921366164002,47.48512580256864,1.13122506004008,nan,nan
564.26,234.51181030273438,-205.96871948242188,-76.96283721923828,233.39665699113246,-205.73922423304123,-76.97452550185943,1.1385831519110214,0.31209558649279157,0.08153711854764041,3.499656747737382e-05,31.56851417183795,48.2324763896649,nan,1.3415410401458436,nan
564.27,234.51412963867188,-205.96002197265625,-76.96426391601562,233.3990153997376,-205.7306009743155,-76.97606736779599,1.1385311070970114,0.3121446360180839,0.08155709887942257,3.570202386827342e-05,31.479561542017677,48.09660890468354,nan,nan,nan
564.28,234.51638793945312,-205.95132446289062,-76.96566772460938,233.401325791017,-205.72198514044106,-76.97794206524186,1.1384686113962785,0.31219377031263484,0.08157714409902249,3.5005177759683026e-05,31.792685707385345,48.98009567972096,nan,0.0916728105214955,nan
564.29,234.51861572265625,-205.942626953125,-76.967041015625,233.40359208481124,-205.71336218141053,-76.97943290851593,1.1384171500429159,0.312242989573576,0.0815972555021398,3.57109821252222e-05,31.701864193748733,48.36764484555654,nan,nan,nan
564.3000000000001,234.5207977294922,-205.93392944335938,-76.96839141845703,233.40463823569024,-205.71691634420674,-76.98034050150176,1.1371233360518356,0.3121805498702537,0.08158618124679194,3.499259732889187e-05,33.33946947929312,48.502801146784996,16.51601989362522,0.16422079434565118,nan
564.3100000000001,234.52294921875,-205.9252471923828,-76.96971130371094,233.40680657773592,-205.70834378623175,-76.98177188179692,1.1370870416259187,0.31222956302736266,0.08160628979966943,3.569787424151797e-05,33.24747455766066,48.7234642520101,nan,nan,nan
564.32,234.52503967285156,-205.9165496826172,-76.97100067138672,233.4089297193596,-205.69978072105795,-76.98368465292968,1.1370361007316663,0.31227866089034517,0.08162646353131967,3.5001175077812856e-05,33.68398218541016,48.96246266615131,nan,0.18153799918769623,nan
564.33,234.527099609375,-205.90785217285156,-76.9722671508789,233.41101296570358,-205.6912084597382,-76.98507026412807,1.1369906834808108,0.31232784365980826,0.08164670353470525,3.5706802330798466e-05,33.59407851202849,48.55163209803573,nan,nan,nan
564.34,234.5290985107422,-205.89915466308594,-76.9735107421875,233.41305774363244,-205.68262460218207,-76.9857615384119,1.1369179139823973,0.31237711142315794,0.08166700905096676,3.5009752201345e-05,33.20478339327987,48.86137331130522,nan,0.31650637274889437,nan
564.35,234.5310821533203,-205.8904571533203,-76.9747314453125,233.40522456360165,-205.67044103010448,-76.9871232017377,1.1472209736704353,0.3123145816912385,0.08165592643640868,3.569367830143802e-05,33.45852855607212,48.01890461098692,0.9523719653466993,nan,nan
564.36,234.53302001953125,-205.88177490234375,-76.97592163085938,233.40716471788815,-205.66188108223045,-76.9893400157955,1.147206827654102,0.31236364305337583,0.08167622846631581,3.499712633449715e-05,34.215888179631214,49.69924474586174,nan,0.5841098776357838,nan
564.37,234.534912109375,-205.87307739257812,-76.97708892822266,233.40907009975703,-205.65330606486611,-76.99063347760554,1.1471717926809881,0.3124127892609309,0.08169659686625212,3.570257307509308e-05,34.12608317899883,49.09983884634835,nan,nan,nan
564.38,234.53675842285156,-205.8643798828125,-76.97824096679688,233.41094166463287,-205.64471583147238,-76.99093948841015,1.1471167861156757,0.31246202039858695,0.08171703104682337,3.5005675126908535e-05,33.51032179668904,48.86051540814198,nan,0.6573305800997582,nan
564.39,234.53858947753906,-205.85568237304688,-76.97936248779297,233.41277124980465,-205.63614069413833,-76.99217876353401,1.1470961108821296,0.3125113366714915,0.08173753184763077,3.571146764776202e-05,33.421558345552846,47.995052459967866,nan,nan,nan
564.4,234.54037475585938,-205.84698486328125,-76.98046112060547,233.42165152631847,-205.62817436771456,-76.99359152777679,1.1399965372215193,0.3124487166665829,0.08172643613982689,3.4993034735630254e-05,33.2561110909468,48.506290771172566,1.4187364352924061,0.059581752248110686,nan
564.41,234.5421142578125,-205.8383026123047,-76.9815444946289,233.42342185940225,-205.61959344576422,-76.99478876055676,1.1399481533691176,0.31249782624001265,0.08174693271389885,3.569829784679119e-05,33.15755034446886,49.64587336617983,nan,nan,nan
564.42,234.54383850097656,-205.82960510253906,-76.98259735107422,233.4251584765584,-205.611008166719,-76.99564910135966,1.139912262223563,0.3125470206792009,0.0817674953211879,3.5001552613617415e-05,33.02936484277083,47.9796921242095,nan,0.07052228222903635,nan
564.4300000000001,234.54551696777344,-205.82090759277344,-76.98363494873047,233.42685898979784,-205.60242729175752,-76.99680196553169,1.1398695907655008,0.31259630019126255,0.08178812466147443,3.570716417387534e-05,32.93582196711927,48.356235996517505,nan,nan,nan
564.44,234.5471649169922,-205.8122100830078,-76.98464965820312,233.4285299553133,-205.59383446865752,-76.99702862417764,1.1398181105912353,0.3126456648575014,0.0818088203546946,3.501007094332281e-05,32.37594789031822,47.68095241274143,nan,0.5794926458645019,nan
564.45,234.54876708984375,-205.8035125732422,-76.98564910888672,233.4300890978643,-205.59561895684692,-76.99795730329517,1.1378979291336497,0.3125829544553026,0.08179770825696743,3.569398079007792e-05,33.72749481502113,48.35882101992256,11.32536034522001,nan,nan
564.46,234.55035400390625,-205.79481506347656,-76.98661804199219,233.4316771891309,-205.58709636983676,-77.00048235930936,1.1378827228225241,0.31263211212150455,0.08181839903618104,3.499738874073992e-05,34.89603623855108,48.85949037594849,nan,1.4718240828752382,nan
564.47,234.55189514160156,-205.7861328125,-76.98757934570312,233.43324029763826,-205.5785559271092,-77.00155943224044,1.137836660549611,0.3126813547970635,0.08183915666830718,3.570281652625039e-05,34.79509491233976,50.1509269140021,nan,nan,nan
564.48,234.5534210205078,-205.77743530273438,-76.98851776123047,233.43477020976678,-205.57002003299235,-77.00300353528228,1.1378095482740525,0.31273068256205044,0.08185998088711434,3.500588152580687e-05,35.23627999283676,49.2844026546541,nan,0.10469433897859347,nan
564.49,234.55490112304688,-205.76873779296875,-76.98943328857422,233.4362712473234,-205.56147956871666,-77.00404861747151,1.1377620042082808,0.312780095625827,0.08188087222201162,3.5711653624653585e-05,35.14338179514216,49.656218845319025,nan,nan,nan
564.5,234.55636596679688,-205.76004028320312,-76.9903335571289,233.42347957304392,-205.5428253988769,-77.00430334780602,1.1536069704084657,0.3127172945774366,0.08186973931840186,3.4993188047604745e-05,34.394134313616945,48.61826680866771,3.3380458511743094,0.48405403277538367,nan
564.51,234.55780029296875,-205.7513427734375,-76.9912109375,233.42489965166882,-205.53426146537456,-77.00530650462034,1.1535973484628625,0.3127665003391479,0.08189062497673331,3.569842949198994e-05,34.304123989502585,48.54979656521667,nan,nan,nan
564.52,234.5592041015625,-205.74264526367188,-76.99208068847656,233.42629788218042,-205.52568273466213,-77.00485276031876,1.1535650682679512,0.31281579112495994,0.08191157744308036,3.500165326390352e-05,33.32033083758544,47.796116449168665,nan,1.4638390005538853,nan
564.53,234.56057739257812,-205.73394775390625,-76.99292755126953,233.4276609951743,-205.5171187618861,-77.00580793452438,1.1535511603564481,0.31286516714477275,0.08193259715581822,3.5707241951462516e-05,33.22737656225647,47.70700331638358,nan,nan,nan
564.54,234.56192016601562,-205.7252655029297,-76.99375915527344,233.42900589454058,-205.50853593310055,-77.00476429100434,1.153510973490331,0.3129146284774829,0.08195368398520356,3.501012073614996e-05,31.959663079978473,47.34787305738972,nan,2.773972219266148,nan
564.5500000000001,234.563232421875,-205.71656799316406,-76.99456787109375,233.41116399260446,-205.48905527576528,-77.0056518457697,1.1743707067168738,0.3128517366634594,0.08194252666213409,3.569400818944613e-05,31.869552817380708,46.46513210772479,3.899326764637267,nan,nan
564.5600000000001,234.5645294189453,-205.70787048339844,-76.99536895751953,233.4124064441309,-205.48048591974597,-77.00833564879727,1.1744186749048675,0.3129009903905222,0.08196360708132273,3.499739110158426e-05,33.15422803510577,47.57587169904663,nan,2.2788912636172856,nan
564.57,234.5657958984375,-205.6991729736328,-76.99614715576172,233.41363155529342,-205.47190053719865,-77.00922590586798,1.1744387969067143,0.31295032928570043,0.08198475488180879,3.57027940580529e-05,33.0632721519114,47.55154297302111,nan,nan,nan
564.58,234.56703186035156,-205.6904754638672,-76.99691772460938,233.41482904787085,-205.46331845728244,-77.01054037636584,1.1744603881655087,0.3129997534279892,0.0820059700052512,3.5005836950660335e-05,33.49553924667572,48.29047257302181,nan,0.13596628746942405,nan
564.59,234.56825256347656,-205.68177795410156,-76.99766540527344,233.4160037103542,-205.4547327009938,-77.01140594729338,1.1744853208855215,0.31304926302746977,0.08202725278302696,3.571158337077614e-05,33.40405329486883,47.81707481311722,nan,nan,nan
564.6,234.56944274902344,-205.67308044433594,-76.99840545654297,233.43746374664016,-205.44647488375472,-77.01135176879426,1.1545103502887584,0.3129862801989738,0.0820160668295475,3.499310017979963e-05,31.416652500465066,47.35092586318598,9.5383554041354,0.5473043117250619,nan
564.61,234.57061767578125,-205.6643829345703,-76.9991226196289,233.43862852896572,-205.4378680660109,-77.01217984719993,1.1545037485337466,0.3130355818872655,0.08203734241040271,3.5698315293770655e-05,31.325504625771206,46.88033027172985,nan,nan,nan
564.62,234.57176208496094,-205.6556854248047,-76.99983215332031,233.4397684532289,-205.42926295141817,-77.01326999949966,1.1544943890925932,0.3130849687562608,0.08205868551048477,3.500152260787687e-05,31.631065151747976,47.53705540213085,nan,0.05362300952141866,nan
564.63,234.5728759765625,-205.64698791503906,-77.00051879882812,233.44088665084604,-205.42065589236014,-77.01407414396294,1.1544738045567176,0.31313444101536747,0.08208009640668451,3.570708432835857e-05,31.539995844132747,47.57043159933259,nan,nan,nan
564.64,234.573974609375,-205.63829040527344,-77.0011978149414,233.44199127272552,-205.41203681021796,-77.0129440550776,1.1544327342400529,0.3131839987442925,0.08210157512250194,3.500994940226507e-05,30.257850556473393,46.157993630110695,nan,2.604795615426974,nan
564.65,234.57505798339844,-205.6295928955078,-77.00186920166016,233.42648284257913,-205.40031093216268,-77.01385402743648,1.1712978736736315,0.31312092478432096,0.08209035672322479,3.569381111134539e-05,31.128220049754432,46.14612931096749,4.736732731321163,nan,nan
564.66,234.57611083984375,-205.6208953857422,-77.00251770019531,233.42750456877388,-205.39170881528526,-77.01448761711328,1.1713095786041605,0.3131702742955999,0.08211182746642649,3.499718292348938e-05,31.12171317714362,46.26809917217539,nan,0.009610911131021745,nan
564.67,234.5771484375,-205.61219787597656,-77.00315856933594,233.4285042616289,-205.3831071291789,-77.015224775625,1.1713289915156813,0.3132197091288742,0.08213336614998701,3.570255802016523e-05,31.029904098834272,46.0939623285173,nan,nan,nan
564.6800000000001,234.5781707763672,-205.60350036621094,-77.0037841796875,233.4294764030864,-205.37451223001597,-77.01733676908086,1.1713744074395083,0.31326922936502527,0.08215497283763312,3.500559239972051e-05,32.123751464766976,47.00896111767943,nan,1.3576122966716686,nan
564.69,234.57916259765625,-205.5948028564453,-77.00439453125,233.4304347143943,-205.3659101059676,-77.01806404383979,1.171389984838178,0.3133188352119585,0.08217664774588614,3.57113106071032e-05,32.033525540427675,47.22184409234016,nan,nan,nan
564.7,234.58013916015625,-205.5861053466797,-77.00499725341797,233.45110125557554,-205.3518978664593,-77.01780208870763,1.1531451329203912,0.30873388829838533,0.08214445940056458,3.499144698022843e-05,39.157218668181066,54.429262731904444,0.5420212977323479,0.6557380713441232,0.12221311889895592
564.71,234.58108520507812,-205.577392578125,-77.0055923461914,233.45202646110522,-205.34326524736284,-77.01849672781555,1.1531503706874446,0.30877883283220575,0.08216560517203851,3.569660161419589e-05,39.03511318634594,53.98470556493118,nan,nan,nan
564.72,234.58203125,-205.56869506835938,-77.00616455078125,233.45294182243114,-205.33463123430997,-77.01905565707021,1.1531673748762719,0.3088238526107413,0.08218681264752241,3.4999882677412276e-05,39.016134264327704,54.066719957226624,nan,0.010964833663297764,nan
564.73,234.58294677734375,-205.55999755859375,-77.00672912597656,233.45382904318717,-205.3259981860679,-77.01972732306125,1.1531832105337108,0.30886896363041333,0.08220808219036066,3.570538534656894e-05,38.89699909167294,54.38484033836295,nan,nan,nan
564.74,234.58384704589844,-205.55130004882812,-77.00728607177734,233.45467275936235,-205.3173678247684,-77.02072625940883,1.1532300262616169,0.30891415042629977,0.08222941373829669,3.5008324444156444e-05,39.222597348213654,54.72564556681175,nan,0.08044530833023303,nan
564.75,234.58473205566406,-205.5426025390625,-77.00782775878906,233.45323325002445,-205.30444524054332,-77.02135844251963,1.1563699777337848,0.3088543035305118,0.08221812216820316,3.5692130918917474e-05,38.60799337186407,54.431461830712244,1.488273369580599,nan,nan
564.76,234.58558654785156,-205.53390502929688,-77.00836181640625,233.45427915961235,-205.29577438007615,-77.01907342229127,1.1561476338614958,0.3088993052541414,0.08223944052546786,3.499557677183619e-05,36.653743699447716,52.97245726001077,nan,6.0602909637843165,nan
564.77,234.58644104003906,-205.5251922607422,-77.0088882446289,233.4550955253283,-205.28712603496768,-77.01967853907593,1.1561724058136633,0.30894439767193593,0.08226082114855131,3.570089586058227e-05,36.53738473786021,51.60527631821948,nan,nan,nan
564.78,234.58726501464844,-205.51649475097656,-77.0093994140625,233.45586054115557,-205.278481071142,-77.02075473974693,1.1562246917660293,0.3089895663191316,0.0822822640218777,3.500400433742065e-05,36.85699935207461,53.10529946452112,nan,0.163057017434545,nan
564.79,234.58807373046875,-205.50779724121094,-77.00990295410156,233.45664315942167,-205.26983240143994,-77.02134585982941,1.1562410398176692,0.3090348257103404,0.08230376943999453,3.570966802471318e-05,36.73771014108728,53.03514292293379,nan,nan,nan
564.8000000000001,234.58888244628906,-205.4990997314453,-77.01039123535156,233.4680861192412,-205.25872646098483,-77.02094968211287,1.146331189784978,0.30897493518342,0.08229244512617054,3.4991256746311797e-05,34.79487843750662,51.780910446500705,9.751377359544168,0.5203980027206109,nan
564.8100000000001,234.58966064453125,-205.49038696289062,-77.01087188720703,233.46886538532993,-205.2500551965814,-77.02151189987936,1.1463221976456375,0.30902000902006527,0.08231393683402179,3.569639055215684e-05,34.67972988935554,51.37056742787463,nan,nan,nan
564.82,234.59042358398438,-205.481689453125,-77.01134490966797,233.46958505023733,-205.24138761556813,-77.02270351350235,1.1463651293311858,0.30906515952840624,0.08233549102996718,3.499966794720081e-05,35.091541373939776,52.696642425285674,nan,0.2875616716756279,nan
564.83,234.59117126464844,-205.47299194335938,-77.01181030273438,233.47033316391403,-205.23271566047765,-77.02325463780679,1.1463602021086614,0.3091104002457992,0.08235710797143438,3.5705149676125184e-05,34.97074864299371,52.649123684777514,nan,nan,nan
564.84,234.59190368652344,-205.46429443359375,-77.01226043701172,233.47105519506724,-205.2240444997394,-77.02396072095722,1.1463674228453413,0.30915571815633125,0.08237878769761874,3.500808689884598e-05,35.11047145869263,52.73768649563013,nan,0.01886120413517515,nan
564.85,234.59263610839844,-205.45558166503906,-77.01271057128906,233.482788556307,-205.22361234771066,-77.02448992109878,1.133891576010278,0.30909579730679937,0.08236742769728556,3.569187400398044e-05,35.41661465540989,51.536001516149895,2.2022570351836053,nan,nan
564.86,234.5933380126953,-205.44688415527344,-77.01314544677734,233.48356979785908,-205.21495429750237,-77.02406223583381,1.1337972154974703,0.3091409296782205,0.08238909319420532,3.499531962009733e-05,34.832893055936445,52.228153480277655,nan,0.6453747240445908,nan
564.87,234.59402465820312,-205.4381866455078,-77.0135726928711,233.48427328923725,-205.20630110395777,-77.02457301118473,1.1337724693714295,0.30918615173534675,0.08241082163727381,3.570061777142168e-05,34.71533453537711,52.19912247850544,nan,nan,nan
564.88,234.59471130371094,-205.42947387695312,-77.01399230957031,233.48500892855597,-205.197644208674,-77.02436796311153,1.1337071979595916,0.30923145140792,0.0824326130945888,3.500372764135536e-05,34.30384579815819,50.568737208965395,nan,0.3538001256317226,nan
564.89,234.59536743164062,-205.4207763671875,-77.01439666748047,233.48568510943934,-205.18899057667699,-77.02485623205112,1.133679368860357,0.30927684082947937,0.08245446778096213,3.570937043401395e-05,34.19058156772998,51.7883704763264,nan,nan,nan
564.9,234.5960235595703,-205.4120635986328,-77.01480102539062,233.49813542570882,-205.1820339632721,-77.02371186913004,1.121762626741592,0.30921687636517187,0.0824430688950847,3.499096361342201e-05,32.58264098360665,49.772437696160104,3.4261447500664506,1.7798612689996456,nan
564.91,234.59666442871094,-205.4033660888672,-77.01519775390625,233.49881117452523,-205.17337310339948,-77.02416929624056,1.1217214581447355,0.3092620797703869,0.08246490879897612,3.5696076673676555e-05,32.46755906982429,50.621646789859845,nan,nan,nan
564.92,234.5972900390625,-205.39466857910156,-77.01557922363281,233.49946583131018,-205.1647126138934,-77.02475444775241,1.1216870872928313,0.30930736119658453,0.0824868119403599,3.499935839774345e-05,32.517355448685976,50.67244464597131,nan,0.012814551005903809,nan
564.9300000000001,234.597900390625,-205.38595581054688,-77.01596069335938,233.50011653068123,-205.15605147793278,-77.02519949862902,1.1216375354055323,0.309352731869726,0.08250877851221056,3.57048195100539e-05,32.404469251880094,49.96201846438156,nan,nan,nan
564.94,234.59849548339844,-205.37725830078125,-77.0163345336914,233.50079019338676,-205.14738807509383,-77.02506492675587,1.1215495727520297,0.3093981810675918,0.08253080861487885,3.500776244470668e-05,32.09046683762746,50.61398367439938,nan,0.23188303878645367,nan
564.95,234.59909057617188,-205.36854553222656,-77.01669311523438,233.54195541930775,-205.1616429819,-77.0254629917613,1.0772280705329125,0.309338183916353,0.08251936776891583,3.5691530631206686e-05,32.147031349825454,49.45818401240304,16.739517851162013,nan,nan
564.96,234.5997772216797,-205.35984802246094,-77.01715087890625,233.54265324739035,-205.15302617665375,-77.02647261271078,1.0772062326414111,0.30938344708096666,0.08254138252890464,3.499498318176369e-05,32.38099646000329,50.600009963017975,nan,0.2049475944332154,nan
564.97,234.6005401611328,-205.35113525390625,-77.01770782470703,233.5434751171267,-205.14440725261287,-77.0270442600764,1.0771305133565898,0.30942879900701636,0.08256346091975593,3.570026114532202e-05,32.246736157181,50.33522555234596,nan,nan,nan
564.98,234.60140991210938,-205.34243774414062,-77.01834869384766,233.5444178345901,-205.13578650150998,-77.02720004566915,1.0770400802423212,0.3094742298362094,0.08258560305769196,3.500337916947645e-05,31.94947714994152,50.133890828396254,nan,0.18368438947739985,nan
564.99,234.60235595703125,-205.33372497558594,-77.01908874511719,233.54542027735508,-205.12716709780588,-77.02795410584777,1.0769669365706716,0.30951974950999855,0.08260780911226709,3.5709002010809955e-05,31.819881248467393,49.7864208793028,nan,nan,nan
565.0,234.6033935546875,-205.3250274658203,-77.01991271972656,233.53160888594226,-205.10551233405687,-77.02897767223601,1.0940710409267125,0.3094597085955643,0.08259632310713359,3.499060588026649e-05,31.155798762247443,50.29051708983002,6.078157181747532,0.0337153552062686,nan
565.01,234.60452270507812,-205.31631469726562,-77.02082824707031,233.53277056487008,-205.09685929718728,-77.02991631415422,1.0940273833992453,0.3095050417708054,0.08261851323203782,3.56956993089205e-05,31.029322340833595,49.207420497125256,nan,nan,nan
565.02,234.60574340820312,-205.3076171875,-77.02183532714844,233.53406971144648,-205.0882041559389,-77.03004012545352,1.093935057237912,0.3095504542072571,0.0826407673148382,3.4998991309451294e-05,30.545415166212514,49.39764885376526,nan,0.5782550392728559,nan
565.03,234.60704040527344,-205.2989044189453,-77.0229263305664,233.5354035068944,-205.07955096456558,-77.03114900550496,1.0938871935894094,0.3095959550299034,0.08266308551424888,3.570443308351955e-05,30.423865387932807,48.74201921229797,nan,nan,nan
565.04,234.60842895507812,-205.2902069091797,-77.02410888671875,233.53679684093058,-205.07089853873515,-77.0328046243396,1.0938771253080264,0.30964153559501295,0.08268546796253277,3.500738727838254e-05,30.59688016859325,49.5603306489213,nan,0.14844190095177193,nan
565.0500000000001,234.60989379882812,-205.281494140625,-77.02537536621094,233.51741084710747,-205.0500918479782,-77.03426723683364,1.1167565026475748,0.30958145966781053,0.08267393363248547,3.5691137830530166e-05,30.50888738677107,48.77224694651138,5.936976458900178,nan,nan
565.0600000000001,234.61143493652344,-205.27279663085938,-77.02672576904297,233.51893569495078,-205.04141600838514,-77.03616558868544,1.1167724457060486,0.3096268536816276,0.08269629955184288,3.499460247150637e-05,30.746146651588333,50.09100585783792,nan,0.19121587449647326,nan
565.07,234.61306762695312,-205.2640838623047,-77.02815246582031,233.5205703889168,-205.0327393830329,-77.03763405305588,1.116763351701256,0.30967233564254903,0.08271872978603989,3.569986180512538e-05,30.62750822104937,48.702771180455315,nan,nan,nan
565.08,234.61477661132812,-205.25537109375,-77.02967071533203,233.52230854407543,-205.02406239114308,-77.03875881999645,1.1167241322345152,0.30971789767291563,0.08274122447403136,3.500299275381803e-05,30.378345826426507,48.662941466096974,nan,0.12930486326647156,nan
565.09,234.61656188964844,-205.24667358398438,-77.0312728881836,233.52410426799722,-205.01538618874852,-77.04039048888193,1.1167097406852515,0.3097635477571994,0.08276378376464172,3.570859732596153e-05,30.253883621743615,49.54411754856824,nan,nan,nan
565.1,234.61843872070312,-205.2379608154297,-77.03295135498047,233.50768186482202,-204.99867692370327,-77.04078820397574,1.1362653695016827,0.30970342773910575,0.08275219789123982,3.499021612351208e-05,29.960106892779216,47.469400828639245,3.4748595397524378,1.1033054276383936,nan
565.11,234.62037658691406,-205.22926330566406,-77.03470611572266,233.5096027384641,-204.989990812765,-77.04256981292737,1.1362797657232906,0.30974889082283735,0.08277474003227783,3.569529170648154e-05,29.844928222433857,48.762011899556,nan,nan,nan
565.12,234.62240600585938,-205.22056579589844,-77.03652954101562,233.51165449764667,-204.98130438028127,-77.04335864696432,1.1362489052527083,0.3097944342809718,0.08279734682724232,3.499859800988689e-05,29.35423885651291,47.784055093889826,nan,0.8028497933541069,nan
565.13,234.62451171875,-205.21185302734375,-77.03836822509766,233.51372924727534,-204.97261890892034,-77.04524351308014,1.1362737046759606,0.30984006538392456,0.08282001842167167,3.570402233183047e-05,29.25724730195686,46.821806141763275,nan,nan,nan
565.14,234.62667846679688,-205.20315551757812,-77.04019165039062,233.51582549426846,-204.9639340085751,-77.04823216382935,1.136347617061463,0.3098857773176423,0.08284275495941426,3.500699145398625e-05,29.688445019976257,48.5675937649409,nan,0.856251775442561,nan
565.15,234.62892150878906,-205.19444274902344,-77.04199981689453,233.4986557476892,-204.9480209246593,-77.05018313698861,1.1568454403961401,0.30982562002583214,0.08283111431664543,3.569072617643988e-05,30.202852468062304,47.62382217727681,4.2819214233759215,nan,nan
565.16,234.63121032714844,-205.1857452392578,-77.04376983642578,233.50082884430861,-204.93932971687954,-77.05346647133076,1.1569688548723316,0.3098711448692307,0.08285383306846618,3.499420623007688e-05,30.922547736276606,48.644570404290405,nan,1.4363262721404984,nan
565.17,234.6334686279297,-205.1770477294922,-77.0455093383789,233.50308075892676,-204.93063864652925,-77.05530809238189,1.1569745831847973,0.3099167569686982,0.08287661681428508,3.569944897886663e-05,30.83133132977474,49.288412936474224,nan,nan,nan
565.1800000000001,234.63571166992188,-205.1683349609375,-77.0472183227539,233.505320786682,-204.92194800580864,-77.05700520656046,1.156972715177036,0.3099624501713886,0.08289946569852442,3.500259583599466e-05,30.78711007925453,48.01747327078632,nan,0.009003689991881083,nan
565.19,234.63792419433594,-205.15963745117188,-77.04888916015625,233.50752468737656,-204.91325774811745,-77.05878193681696,1.1569804970012472,0.31000823076220435,0.08292237986586028,3.5708184251970016e-05,30.698372604959108,48.60189286461186,nan,nan,nan
565.2,234.6400909423828,-205.15093994140625,-77.050537109375,233.5015194559941,-204.9056448905796,-77.06072135871796,1.1647396320689591,0.30994802886932926,0.08291068120505145,3.498982046413582e-05,31.715446899890416,49.05807217153024,3.2486676569519637,0.027746291510480244,nan
565.21,234.64222717285156,-205.14222717285156,-77.0521469116211,233.50362550015222,-204.89696781409688,-77.06243621419452,1.1647625474224064,0.30999362193844243,0.08293357693252344,3.569488036475278e-05,31.627851522229136,47.74860870343799,nan,nan,nan
565.22,234.64430236816406,-205.13352966308594,-77.05371856689453,233.50569048350204,-204.88829100049733,-77.06411984242193,1.1647691668542983,0.31003929912813866,0.08295653799009711,3.6414239954724534e-05,31.539939095497665,49.10202442448382,nan,nan,nan
565.23,234.6463623046875,-205.1248321533203,-77.05526733398438,233.50771447688965,-204.87961444995796,-77.06577275003968,1.1648008248441342,0.3100850605829181,0.08297956452227266,3.714804373425109e-05,31.44938019012879,48.26051216776167,nan,nan,nan
565.24,234.6483612060547,-205.1161346435547,-77.05677795410156,233.50969785085326,-204.87093819419272,-77.06739557143192,1.1648125467456423,0.31013090644728103,0.08300265667355028,3.789643620353244e-05,31.361386526991083,48.76547872145629,nan,nan,nan
565.25,234.65032958984375,-205.107421875,-77.05826568603516,233.51467327274113,-204.86956586668373,-77.06902667620044,1.1603475988584468,0.31007066509420994,0.0829908967316198,3.863382484397417e-05,32.19018675978778,47.72618208197201,3.5385540041759684,nan,nan
565.26,234.65225219726562,-205.09872436523438,-77.05972290039062,233.51666366485483,-204.86091592865694,-77.06847295892199,1.160254597480487,0.31011632026510716,0.08301396976964123,3.775743406295562e-05,31.130150148446642,47.70176466980113,nan,2.715112190907738,nan
565.27,234.65414428710938,-205.09002685546875,-77.06114959716797,233.51852660335553,-204.8522634891507,-77.06998858379441,1.1602745665151586,0.31016206254998163,0.08303710847307902,3.851636203626806e-05,31.04123035006894,47.36555590069613,nan,nan,nan
565.28,234.65599060058594,-205.08132934570312,-77.06254577636719,233.52039127310127,-204.8436125575184,-77.07050789773676,1.1602407075021948,0.3102078864516346,0.08306031298043426,3.76466211958684e-05,30.606797723371173,47.18981728031096,nan,0.5710395836693793,nan
565.29,234.65780639648438,-205.0726318359375,-77.06391143798828,233.52217919830647,-204.83496020981457,-77.07195935341281,1.160259326205994,0.31025379758796306,0.08308358344309147,3.840249340229259e-05,30.520234707713968,46.903866976079186,nan,nan,nan
565.3000000000001,234.65957641601562,-205.06393432617188,-77.06525421142578,233.52893152722496,-204.83587184422137,-77.07447906984837,1.1534537087524603,0.31019351059628975,0.08307175893665329,3.751512658014635e-05,32.0836569557423,47.862708633890065,5.271767035324633,0.8116272530062544,nan
565.3100000000001,234.6613311767578,-205.0552215576172,-77.06657409667969,233.53064647725802,-204.82724931927496,-77.07588826393916,1.153475610860259,0.3102392336710019,0.08309500960115886,3.826714201537681e-05,31.997729425959328,46.407134930988505,nan,nan,nan
565.32,234.66302490234375,-205.04652404785156,-77.06786346435547,233.53236997829276,-204.81862895380968,-77.07613829496056,1.15342325448668,0.31028503862437323,0.08311832625225145,3.741132362025105e-05,31.47211780058836,47.46175441646109,nan,0.7918617018403361,nan
565.33,234.66470336914062,-205.03782653808594,-77.06912231445312,233.53401515658538,-204.81000645345244,-77.07748556398356,1.1534417059030284,0.3103309304389236,0.08314170904558411,3.81606078307795e-05,31.38769340205885,46.78702343700722,nan,nan,nan
565.34,234.6663360595703,-205.0291290283203,-77.07036590576172,233.53556811088367,-204.80138087201746,-77.08036654287397,1.1535186991197797,0.31037690456656175,0.08316515811338297,3.731091397207405e-05,32.14757645960238,47.998478476887506,nan,1.5045753842267062,nan
565.35,234.66795349121094,-205.0204315185547,-77.07157897949219,233.5345276086214,-204.78238096625313,-77.08181195900379,1.1581999009862796,0.3103165763775816,0.0831532657599859,3.803296447054982e-05,30.887382759250976,47.247772126999244,8.546701484358593,nan,nan
565.36,234.66952514648438,-205.01173400878906,-77.07276916503906,233.53612690990383,-204.77372662338195,-77.0818380619729,1.1581542743019262,0.3103623623090367,0.08317669432443194,3.719032347570176e-05,30.258029280044248,47.07418676235552,nan,1.0018808858852248,nan
565.37,234.6710662841797,-205.00302124023438,-77.07393646240234,233.53764820834198,-204.76506934734292,-77.08309578517535,1.1581629985282493,0.31040823475767904,0.08320018921494779,3.793364087155723e-05,30.17308634282318,46.14291773384382,nan,nan,nan
565.38,234.67257690429688,-204.99432373046875,-77.0750732421875,233.53915173371516,-204.75641298332022,-77.08395296007413,1.1581593112809276,0.31045418973590766,0.0832237505588208,3.709677429898919e-05,30.000049518979466,46.77480421193809,nan,0.08965779638439829,nan
565.39,234.674072265625,-204.98562622070312,-77.0761947631836,233.54061145079396,-204.74775576278958,-77.08516267005675,1.1581865984629285,0.31050023138902066,0.08324737851898928,3.783779616364468e-05,29.914539453074468,46.267169910626485,nan,nan,nan
565.4,234.67552185058594,-204.9769287109375,-77.0772933959961,233.54328757956446,-204.7414107073144,-77.08659969848894,1.1565075796432236,0.3104398568386548,0.08323541500136089,3.698332441001429e-05,30.333527169932765,46.924396671239634,0.3680299972378996,0.05526551170242928,nan
565.41,234.67694091796875,-204.96823120117188,-77.078369140625,233.54468797318535,-204.73276044952456,-77.08776878902634,1.1565169947917353,0.3104857098728782,0.0832590217394722,3.772125318162802e-05,30.247887971292947,46.90860672475288,nan,nan,nan
565.42,234.6783447265625,-204.95953369140625,-77.07942199707031,233.5459821619822,-204.72410356125653,-77.09124290989818,1.1566382571163953,0.3105316456252933,0.08328269510630934,3.68964772314086e-05,31.607954480556767,47.88065970523991,nan,3.42902413932258,nan
565.4300000000001,234.67970275878906,-204.95082092285156,-77.08045196533203,233.5473258427628,-204.7154528213638,-77.09239423232438,1.156640929972655,0.3105776677486366,0.08330643527013554,3.763238335995079e-05,31.526737100887804,47.55127371486925,nan,nan,nan
565.44,234.68104553222656,-204.94212341308594,-77.08146667480469,233.54868038024824,-204.7068052919834,-77.09234336903805,1.1566087315992235,0.3106237729917104,0.08333024235038466,3.6812859270342894e-05,30.86582783148344,47.400082893737185,nan,0.8903414787263181,nan
565.45,234.68235778808594,-204.9334259033203,-77.08245849609375,233.55842572487146,-204.69276889819346,-77.09348337763022,1.1494610149331213,0.3105633551030698,0.08331820437834904,3.752304312037586e-05,29.468136529569357,47.364091520262136,8.574223857057104,nan,nan
565.46,234.68365478515625,-204.9247283935547,-77.08343505859375,233.55974825832496,-204.68409358519142,-77.09348558465976,1.1494224659037278,0.3106092715511348,0.08334198949933169,3.6709633414072024e-05,28.896125211304604,46.46707989826445,nan,0.7469289417194818,nan
565.47,234.68490600585938,-204.91603088378906,-77.08438873291016,233.56101079547003,-204.6754147027126,-77.09453833033821,1.149408371667743,0.31065527409006116,0.08336584159469485,3.7440940705563726e-05,28.810160605259664,47.04065633490782,nan,nan,nan
565.48,234.68614196777344,-204.90733337402344,-77.08531951904297,233.56221319829115,-204.66673200579697,-77.09671248675987,1.149449736602615,0.3107013599001599,0.0833897607784071,3.663244356440252e-05,29.517432085726185,47.404974392509835,nan,0.8356851675384458,nan
565.49,234.68736267089844,-204.89862060546875,-77.08623504638672,233.5634253251803,-204.65805293415036,-77.09774044305777,1.1494521894085166,0.31074753198909427,0.08341374722681165,3.7362090357697235e-05,29.435592521188926,46.194652420666976,nan,nan,nan
565.5,234.6885528564453,-204.88992309570312,-77.0871353149414,233.58019166485786,-204.65838235214954,-77.09899316273038,1.1323498821021178,0.3106870668200238,0.08340163145418736,3.6535806029668196e-05,29.75881852367112,47.52658971901765,2.8563470716327575,0.07386468236964447,nan
565.51,234.68971252441406,-204.8812255859375,-77.0880126953125,233.58137977387753,-204.64971988259396,-77.09998814574116,1.1323161166412123,0.3107330497156925,0.08342559519349006,3.7262992164755745e-05,29.67485756048806,47.662480778287346,nan,nan,nan
565.52,234.69085693359375,-204.87252807617188,-77.08887481689453,233.58259931550577,-204.64106395084107,-77.09903990451087,1.1322163743611176,0.31077911601118235,0.08344962618974335,3.6464821560927445e-05,28.576672333264824,46.323299357714575,nan,2.4107630780994533,nan
565.53,234.6919708251953,-204.8638153076172,-77.0897216796875,233.58374118570612,-204.63240123504542,-77.09998317307009,1.1321796257984171,0.31082526833781904,0.0834737246247085,3.71905726474e-05,28.492794623358943,45.67095762009592,nan,nan,nan
565.54,234.6930694580078,-204.85511779785156,-77.09054565429688,233.58485827779546,-204.6237381813933,-77.10099180716895,1.1321562034321297,0.31087150443903566,0.08349789060434026,3.6396815866906825e-05,28.57682425095528,46.34235543071175,nan,0.004307511153519498,nan
565.5500000000001,234.6941375732422,-204.84642028808594,-77.09135437011719,233.58620895065067,-204.6055581001999,-77.10189371243781,1.1338569151561144,0.3108109939185403,0.08348569374206717,3.7098025167286294e-05,27.283675561442305,46.5531390041983,7.686466779553441,nan,nan
565.5600000000001,234.6951904296875,-204.8377227783203,-77.09215545654297,233.58733145787545,-204.59686619014278,-77.10146835879151,1.1337769302827017,0.3108570406155027,0.08350983624482466,3.630950085257322e-05,26.595386634105118,45.72531673503583,nan,1.1454527962071142,nan
565.57,234.69622802734375,-204.82901000976562,-77.09293365478516,233.5883978674168,-204.58816914632754,-77.10233738590593,1.1337461862799625,0.31090317311507293,0.08353404635689543,3.703177858890778e-05,26.514538084392314,44.5355536905154,nan,nan,nan
565.58,234.69723510742188,-204.8203125,-77.09369659423828,233.5894928796732,-204.57947931127197,-77.1012669357112,1.1336449082497226,0.3109493894876556,0.0835583241790219,3.624735041123072e-05,25.625114521881624,44.8755906455551,nan,2.435938011080735,nan
565.59,234.69822692871094,-204.81161499023438,-77.09444427490234,233.59051811082048,-204.57078191612328,-77.10208813987468,1.13361273082556,0.31099569187539,0.08358266990069262,3.696848843974799e-05,25.542576318542736,44.61764597315974,nan,nan,nan
565.6,234.69920349121094,-204.8029022216797,-77.09517669677734,233.58758295050774,-204.5659469595417,-77.10122084888944,1.1366109952586747,0.31093513299477826,0.08357038858067949,3.6165962823351277e-05,25.72199510673465,42.960759400622315,2.8129584747033647,1.8858066131042777,nan
565.61,234.7001495361328,-204.79420471191406,-77.09589385986328,233.58855517164338,-204.55726651785196,-77.10199786290826,1.1365821562136433,0.31098124559850715,0.08359471004554872,3.688515461198105e-05,25.64037359428435,44.105362834797454,nan,nan,nan
565.62,234.70108032226562,-204.78550720214844,-77.09660339355469,233.5894682426481,-204.54857927725328,-77.1044318177839,1.1366079101311122,0.31102744215518585,0.08361909938267464,3.6109408067208e-05,26.246361352739008,44.61825786332346,nan,1.8492845410804837,nan
565.63,234.70199584960938,-204.77679443359375,-77.0972900390625,233.5904021757042,-204.53989866366058,-77.1051980961757,1.1365837580422793,0.3110737245243941,0.08364355678643551,3.682764309780997e-05,26.168733156583382,43.5380378723835,nan,nan,nan
565.64,234.70289611816406,-204.76809692382812,-77.09796905517578,233.5913548996892,-204.53122446339418,-77.10433229438279,1.1365178985364908,0.3111200911997044,0.08366808235031638,3.605553061738942e-05,25.513592078593472,43.692511254629544,nan,1.7421417589954884,nan
565.65,234.70376586914062,-204.7593994140625,-77.0986328125,233.5914183331773,-204.52463094199388,-77.10509742156337,1.1368707346974214,0.3110594850571638,0.08365571329130145,3.6750129565968406e-05,25.826423991560183,44.06915100405118,0.5586978241739204,nan,nan
565.66,234.7046356201172,-204.7506866455078,-77.09928131103516,233.5923264801065,-204.51596350392703,-77.10433352752817,1.1368166523394951,0.31110566170828097,0.0836802138014231,3.598244234374418e-05,25.32143695015538,42.13310692966044,nan,1.4561791472907075,nan
565.67,234.70547485351562,-204.7419891357422,-77.09992218017578,233.59318449994933,-204.50728957328792,-77.1050202565637,1.136793607316523,0.3111519239844676,0.08370478254179363,3.669811290308292e-05,25.240437791726045,43.36738049852443,nan,nan,nan
565.6800000000001,234.706298828125,-204.7332763671875,-77.10054016113281,233.5940254458934,-204.4986155090727,-77.10569513896725,1.1367692681228487,0.31119827129811156,0.0837294196296326,3.7428141415633735e-05,25.1646613678362,42.36915044706225,nan,nan,nan
565.69,234.7071075439453,-204.72457885742188,-77.10115814208984,233.59484977915574,-204.48994138214002,-77.10635847495546,1.1367493671004438,0.311244703793713,0.08375412520944021,3.8172672381596615e-05,25.084001234425386,43.13478257341252,nan,nan,nan
565.7,234.70790100097656,-204.71588134765625,-77.10175323486328,233.63551464039918,-204.5019526014137,-77.10667797844508,1.0935274426920698,0.31118404802852384,0.08374166502735869,3.729417766993625e-05,24.805333275056668,43.14014734954251,15.186433016525513,0.04777729092285984,nan
565.71,234.70867919921875,-204.70716857910156,-77.10234069824219,233.63764105537246,-204.49192241800586,-77.1073177735618,1.0924643640498723,0.31065042402059323,0.08307115169886732,3.8033133866240114e-05,33.064106729074055,50.542341331321985,nan,nan,0.0027796865685452096
565.72,234.70944213867188,-204.69847106933594,-77.10292053222656,233.6384695272533,-204.48328704178704,-77.10823263243766,1.0923894536883478,0.31069529796018275,0.0830928412993245,3.7186116819114176e-05,33.06207389799398,51.41243987616436,nan,0.051855775890343576,nan
565.73,234.71018981933594,-204.68975830078125,-77.10348510742188,233.63929672858592,-204.47464355568906,-77.10885143905014,1.09229811081378,0.31074025900996893,0.08311459403525825,3.7924839185841136e-05,32.95588575032522,50.51459279668424,nan,nan,nan
565.74,234.71092224121094,-204.68106079101562,-77.10403442382812,233.64005837549573,-204.4660283888191,-77.11052299460331,1.0922593347917144,0.3107852999159135,0.08313640770542151,3.708441550252946e-05,33.22266826063891,51.663085840382294,nan,0.7092181713283019,nan
565.75,234.71163940429688,-204.67234802246094,-77.10457611083984,233.63885950275116,-204.4592933084926,-77.11110143878021,1.0937511637522028,0.310724256504936,0.08312473125068989,3.77969687501673e-05,33.68631170008959,50.80464764578438,1.283823264868739,nan,nan
565.76,234.71234130859375,-204.6636505126953,-77.10511016845703,233.63962157592053,-204.45066609771257,-77.11197289049969,1.093680521379933,0.31076911209925434,0.0831465291300247,3.696395027578306e-05,33.72583940508255,51.761025182324985,nan,0.047079624617848884,nan
565.77,234.71304321289062,-204.65493774414062,-77.10562896728516,233.64038224679052,-204.44203141394811,-77.11256434590727,1.0936081350774045,0.31081405434454457,0.08316839026373628,3.7697529686579166e-05,33.62376250922512,50.383748489157846,nan,nan,nan
565.78,234.71371459960938,-204.646240234375,-77.10614013671875,233.64114049769657,-204.43338989382542,-77.11289167840526,1.0935108846652053,0.3108590767962433,0.08319031265599555,3.6870621912044654e-05,33.47626493515465,51.69530314588837,nan,0.04112798574628708,nan
565.79,234.71437072753906,-204.6375274658203,-77.10664367675781,233.64187359376442,-204.42475463483595,-77.11346186320574,1.0934207183085438,0.31090418599774916,0.08321229854584712,3.760230403106031e-05,33.37112994257113,50.875158400144464,nan,nan,nan
565.8000000000001,234.71502685546875,-204.6288299560547,-77.10713195800781,233.66218004369236,-204.42473822920695,-77.11471523869118,1.0724725395931236,0.3108431201106514,0.08320058388528595,3.675862752574824e-05,33.28881146448725,51.629389214166906,3.8274975441598262,0.32193512806455493,nan
565.8100000000001,234.7156524658203,-204.6201171875,-77.10761260986328,233.66292154700727,-204.41611374205706,-77.11527417396688,1.0723425258479915,0.31088804359760286,0.08322255342278861,3.748762800958544e-05,33.184866148886144,51.39637941356031,nan,nan,nan
565.82,234.71627807617188,-204.61141967773438,-77.10808563232422,233.6636762036449,-204.4074739755393,-77.11521641210942,1.0722011935786406,0.31093304760484464,0.08324458453330477,3.66732669058075e-05,32.899022845899744,51.503569681867816,nan,0.23719553451907474,nan
565.83,234.71688842773438,-204.6027069091797,-77.1085433959961,233.66439225780994,-204.39884883768227,-77.11575187987157,1.0720812764245273,0.31097813795537477,0.08326667926602277,3.740063409348443e-05,32.797847235894245,50.72747028711116,nan,nan,nan
565.84,234.71749877929688,-204.593994140625,-77.10899353027344,233.66508664081707,-204.39022873747717,-77.11650019253518,1.0719832082257417,0.3110233092807951,0.08328883590280367,3.659169712812212e-05,32.845849103059614,50.36013763850266,nan,0.03154905113252253,nan
565.85,234.71807861328125,-204.58529663085938,-77.10943603515625,233.71382925888977,-204.4114807388499,-77.1170040573843,1.0192085189357445,0.31096222627742276,0.08327708199516112,3.729424839019156e-05,33.42737987933481,52.53231242617723,26.381024063279394,nan,nan
565.86,234.71865844726562,-204.5765838623047,-77.10987091064453,233.71448319698075,-204.40297240410635,-77.11989716100442,1.0191218756354516,0.31100721184675195,0.08329922180124533,3.649151201705876e-05,34.54433026857115,52.43711452953197,nan,3.6731842300048365,nan
565.87,234.71922302246094,-204.56788635253906,-77.11029815673828,233.71522144118555,-204.39440762302837,-77.12042598186042,1.0189291524133708,0.31105228338471297,0.08332142535679757,3.7215056794649924e-05,34.441095950048656,53.28894881571142,nan,nan,nan
565.88,234.7197723388672,-204.55917358398438,-77.1107177734375,233.7159662937997,-204.38583190902443,-77.12048527714848,1.0187096330754282,0.3110974361624422,0.08334369111857326,3.641731665074714e-05,34.20242601724302,52.46961051344961,nan,0.1390381676089951,nan
565.89,234.72030639648438,-204.5504608154297,-77.11112976074219,233.71668185890454,-204.3772665606741,-77.1209948502764,1.0185066432302792,0.31114267504765547,0.08336602087965377,3.713957191265007e-05,34.10069164044124,52.58859546714995,nan,nan,nan
565.9,234.72084045410156,-204.54176330566406,-77.11152648925781,233.69658856287546,-204.3507395419934,-77.11888385305099,1.0419386477951267,0.3110815690066452,0.08335422287395587,3.632452297799882e-05,31.832416092862275,51.34693840719524,12.271717793541885,3.949653751299243,nan
565.91,234.7213592529297,-204.53305053710938,-77.11192321777344,233.6972595375189,-204.34212798763141,-77.11935202657673,1.041771008525314,0.31112662176471617,0.08337653521351489,3.704469361531304e-05,31.729645355483594,50.65198098946497,nan,nan,nan
565.92,234.7218780517578,-204.5243377685547,-77.1123046875,233.69787190355004,-204.33354497287556,-77.12111929545287,1.0416660596197538,0.3111717559971443,0.0833989100521281,3.6257296968437216e-05,32.28161417439271,50.850913708018524,nan,1.1210603620165966,nan
565.9300000000001,234.7223663330078,-204.515625,-77.11267852783203,233.69852246303313,-204.32493301975708,-77.12158641251146,1.041488863033669,0.3112169760059533,0.08342134902233451,3.6976388111719154e-05,32.18191213222763,51.5725524904527,nan,nan,nan
565.94,234.7228546142578,-204.50692749023438,-77.11305236816406,233.6992051884961,-204.3162954904754,-77.12086592912168,1.0412779446090326,0.311262277907857,0.08344385081624466,3.61933810416881e-05,31.618781081908477,51.45477436423485,nan,0.9200791605621638,nan
565.95,234.7233428955078,-204.4982147216797,-77.11341094970703,233.68400885387356,-204.30120562607726,-77.12119848532626,1.0578697838396216,0.3112011525545085,0.08343200718382479,3.6888677044945264e-05,31.884063596827755,49.94312002612511,3.1252862984329326,nan,nan
565.96,234.72390747070312,-204.489501953125,-77.1138687133789,233.68462105171474,-204.29260510189587,-77.12258252015847,1.0578093217334739,0.3112462682405546,0.08345449103281279,3.61108159679938e-05,32.24650714149206,50.99133912347022,nan,0.5350102996720165,nan
565.97,234.72457885742188,-204.48080444335938,-77.11442565917969,233.6853574710426,-204.28398548923832,-77.12317194887422,1.057731198458651,0.31129146939808183,0.08347703914783976,3.682713044679974e-05,32.12379651578298,51.19075542177218,nan,nan,nan
565.98,234.725341796875,-204.4720916748047,-77.11506652832031,233.6862254691971,-204.2753414146349,-77.12268003706059,1.0576064357023476,0.3113367526425797,0.08349965036782044,3.605328443218905e-05,31.55972524149179,49.83061915808227,nan,0.9183267594305623,nan
565.99,234.72618103027344,-204.46337890625,-77.11579895019531,233.68714480873837,-204.26672137768026,-77.1234450709247,1.0575107169042044,0.31138212153060413,0.08352232610983867,3.676878915495294e-05,31.44623091436054,50.281635805194995,nan,nan,nan
566.0,234.7271270751953,-204.4546661376953,-77.11663055419922,233.67357637747438,-204.25790252438398,-77.12436457124066,1.0717951330413855,0.3113209739228026,0.08351043294607627,3.747511453695751e-05,32.67622256904854,49.53445625991158,7.990031746296508,nan,nan
566.01,234.7281494140625,-204.4459686279297,-77.11754608154297,233.6746395760263,-204.249297314675,-77.12531443514285,1.0717382757063625,0.3113661562513496,0.08353309012653384,3.821857585563514e-05,32.563028020805866,50.69793917900035,nan,nan,nan
566.02,234.72926330566406,-204.437255859375,-77.11854553222656,233.67578476547158,-204.2406956036409,-77.12653642768666,1.071688771607973,0.3114114207098479,0.08355581063639149,3.7358770303104896e-05,32.60018729147012,49.81555000585975,nan,0.020457366247541037,nan
566.03,234.73045349121094,-204.4285430908203,-77.11963653564453,233.6770224348199,-204.232090295996,-77.12766725361882,1.0716226871406886,0.3114567706683262,0.08357859585482519,3.80997356702476e-05,32.48995139486282,50.08466801852584,nan,nan,nan
566.04,234.73175048828125,-204.41983032226562,-77.12081909179688,233.67837483694672,-204.22346691791503,-77.12794225484215,1.071545420803233,0.3115022031574235,0.08360144472532613,3.7247262798805074e-05,32.06780363401471,48.9089853975924,nan,0.5540376178699583,nan
566.0500000000001,234.7331085205078,-204.41111755371094,-77.12208557128906,233.65952087658977,-204.2090103299861,-77.129219706759,1.0924690636096566,0.3114410325527023,0.08358949888661271,3.796176833498275e-05,32.86301026590357,49.56094351903799,5.856414546303861,nan,nan
566.0600000000001,234.73455810546875,-204.4024200439453,-77.12342834472656,233.66092261661552,-204.2004366467467,-77.13231104226188,1.0925059990611041,0.3114862783609419,0.08361232862948767,3.7117412301851816e-05,33.55386950250443,50.83864146368755,nan,1.8287657020518586,nan
566.07,234.73609924316406,-204.39370727539062,-77.12486267089844,233.66245787619795,-204.19183156086896,-77.13379556598343,1.0924922817068772,0.3115316093991946,0.08363522321354756,3.785292985375668e-05,33.44562202450561,49.589984355083594,nan,nan,nan
566.08,234.7377166748047,-204.38499450683594,-77.12638092041016,233.66406548148862,-204.18323293691515,-77.13570703201788,1.0924841382663808,0.3115770231234099,0.08365818171851487,3.7015341101161955e-05,33.596447076244644,49.93867448906559,nan,0.07402434973339428,nan
566.09,234.73941040039062,-204.37628173828125,-77.12797546386719,233.66576407902957,-204.17462847845587,-77.13736223409165,1.0924598720436236,0.3116225222675387,0.08368120532304989,3.7748828007087535e-05,33.489833281810306,50.01418842321781,nan,nan,nan
566.1,234.74119567871094,-204.36758422851562,-77.12965393066406,233.67772269041978,-204.1685449691946,-77.13777795902155,1.0819692340416731,0.3115613267067265,0.08366920315897435,3.689498624643328e-05,32.42955760535801,49.79832343023693,1.9356562516491533,1.2561621385676014,nan
566.11,234.7430419921875,-204.35887145996094,-77.13140869140625,233.67960100144026,-204.1599393534301,-77.13958452725836,1.0819184664761687,0.3116066388316707,0.08369220698362657,3.762566398579453e-05,32.32568252285045,49.56383466643798,nan,nan,nan
566.12,234.74496459960938,-204.35015869140625,-77.13323211669922,233.68157424266678,-204.15131730733606,-77.14049399697012,1.081845498286382,0.31165203377357503,0.08371527498860906,3.680183661493183e-05,31.891331914464814,48.522897166037204,nan,0.6003680202580601,nan
566.13,234.74688720703125,-204.34146118164062,-77.13507080078125,233.68355676431455,-204.14271201483524,-77.14240498002087,1.0817701474430956,0.31169751390026335,0.08373840823115371,3.753076720417057e-05,31.795533388100463,49.621465072183504,nan,nan,nan
566.14,234.74879455566406,-204.33274841308594,-77.13689422607422,233.68555553505186,-204.13409544121947,-77.14362120231567,1.0816586663051908,0.31174307721578254,0.08376160596991043,3.6712913943053586e-05,31.500269537243057,48.58674534862749,nan,0.31130338277978603,nan
566.15,234.7506866455078,-204.32403564453125,-77.1386947631836,233.6862288844554,-204.1208175721952,-77.14551593634009,1.0837040363456816,0.31168185832593887,0.08374954526844285,3.7416830534442505e-05,30.856456091006176,48.03502296281523,1.7572167104223688,nan,nan
566.16,234.75253295898438,-204.31533813476562,-77.14047241210938,233.68820232319456,-204.11217279031038,-77.14585637022203,1.0835611872309423,0.31172723446503847,0.08377272262200051,3.6605706352508066e-05,30.30698144983372,48.79419314516533,nan,1.4966618299635552,nan
566.17,234.7543487548828,-204.30662536621094,-77.1422119140625,233.69010537671863,-204.10355282163286,-77.14767616314974,1.0834584829820684,0.3117726955740264,0.08379596535322795,3.7330608653314174e-05,30.21990610054061,47.78646395245799,nan,nan,nan
566.1800000000001,234.75613403320312,-204.2979278564453,-77.14391326904297,233.69201711018687,-204.09490506156973,-77.1476606294037,1.0833176467677208,0.3118182399710242,0.08381927282863993,3.652496910441565e-05,29.70780022295604,47.97820210330083,nan,2.1058412411624494,nan
566.19,234.7578887939453,-204.28921508789062,-77.14559173583984,233.69385117987105,-204.08628571952568,-77.14939900771549,1.0832224462357622,0.3118638695538557,0.0838426459464119,3.7248492391680055e-05,29.618740268745807,46.86167662757507,nan,nan,nan
566.2,234.75961303710938,-204.280517578125,-77.14723205566406,233.70369170278653,-204.0863055576355,-77.15205543444328,1.07364399973343,0.3118026245388507,0.08383052266789798,3.6425932690198604e-05,30.478256851875543,47.86486287907088,2.855041491208406,0.6033131559463765,nan
566.21,234.76129150390625,-204.2718048095703,-77.14884185791016,233.70546385670573,-204.0777098365498,-77.15373927797532,1.0735310260388897,0.3118480666246889,0.08385387472138162,3.714728569535137e-05,30.39199533260887,47.41014683119551,nan,nan,nan
566.22,234.762939453125,-204.2631072998047,-77.1504135131836,233.7072004067764,-204.06911556836192,-77.15547794549472,1.0734259985336014,0.31189359207854345,0.08387729175857646,3.635289224284167e-05,30.356816445446093,48.11939820881383,nan,0.004847795574312558,nan
566.23,234.76455688476562,-204.25439453125,-77.15196228027344,233.70890560538717,-204.06052017552847,-77.15710077948833,1.0733188219881284,0.3119392025303131,0.08390077458225569,3.707308985391116e-05,30.271348089202846,47.1041585919082,nan,nan,nan
566.24,234.76614379882812,-204.24569702148438,-77.15347290039062,233.71057607778928,-204.05192625793651,-77.15880435579469,1.073218871862482,0.3119848966994799,0.08392432269977759,3.62834947605996e-05,30.248412429610134,47.9180733813487,nan,0.008030435950004626,nan
566.25,234.76768493652344,-204.2369842529297,-77.15496063232422,233.71063286948169,-204.04470905049573,-77.16033573707995,1.074410404668252,0.3119236263725087,0.08391213433250223,3.697976200168454e-05,30.558263175068532,47.53310306489179,0.5366295487506384,nan,nan
566.26,234.7692108154297,-204.22828674316406,-77.15641784667969,233.71223720937735,-204.03612020521524,-77.1618708929203,1.0743141616453828,0.31196913348102195,0.08393566102695653,3.77124016437134e-05,30.47240814512251,47.69912503224699,nan,nan,nan
566.27,234.7707061767578,-204.21957397460938,-77.1578369140625,233.7138109450834,-204.02753131664576,-77.16337791422963,1.0742153489392623,0.312014724790408,0.08395925336786424,3.845958831176075e-05,30.391727849198777,46.940471466450994,nan,nan,nan
566.28,234.7721710205078,-204.21087646484375,-77.15924072265625,233.7153648003808,-204.0189355269278,-77.16433964686816,1.0741074013222889,0.31206039982304895,0.08398291120915656,3.758359568456204e-05,30.192606256131093,47.47807259691183,nan,0.16369006293223043,nan
566.29,234.77359008789062,-204.20216369628906,-77.16060638427734,233.71687909473223,-204.01034668652647,-77.16578706133821,1.0739919588669464,0.3121061599665879,0.08400663527505624,3.8328027716554776e-05,30.109696538401117,47.28646427301629,nan,nan,nan
566.3000000000001,234.77499389648438,-204.19346618652344,-77.16194915771484,233.729754721062,-204.0021560236991,-77.16694801349405,1.0626144647973883,0.31204486213888266,0.08399437796753201,3.743683118050224e-05,29.167725842876752,47.498931386657766,3.7959325884076143,0.04034448625300732,nan
566.3100000000001,234.77638244628906,-204.18475341796875,-77.16326141357422,233.73123799735285,-203.99355699929666,-77.16834020596274,1.062501192369844,0.31209043428721056,0.0840180796174738,3.81777469765597e-05,29.086572232600883,46.18038251675214,nan,nan,nan
566.32,234.77772521972656,-204.17605590820312,-77.16455078125,233.73267019295216,-203.98497439093245,-77.17101441200452,1.062400081773081,0.3121360902083138,0.08404184699362312,3.731890020879517e-05,29.437705758604054,47.99963451224156,nan,1.059045789531506,nan
566.33,234.77903747558594,-204.16734313964844,-77.16581726074219,233.73409865948605,-203.97637572825798,-77.17236889077896,1.0622657885207185,0.31218183107915987,0.08406568073855394,3.805741830020737e-05,29.35568131860336,47.22753721194575,nan,nan,nan
566.34,234.78033447265625,-204.1586456298828,-77.16705322265625,233.73546717667162,-203.96780057822048,-77.17564692630543,1.0621880020526702,0.31222765605872116,0.08408958051666374,3.7206106638976176e-05,30.12129478226439,48.44243432164431,nan,2.3648599030499278,nan
566.35,234.78160095214844,-204.14993286132812,-77.16826629638672,233.71607915927177,-203.9435566884975,-77.1769462985144,1.085358539029504,0.31216633103698804,0.08407725156578158,3.7918416401631e-05,29.48321385751338,47.455405717537204,6.875785126982118,nan,nan
566.36,234.78285217285156,-204.1412353515625,-77.1694564819336,233.7174144022736,-203.9349140414682,-77.17749635760808,1.0852606901450212,0.3122119678087968,0.08410112824603584,3.7075389184040457e-05,29.14921412252338,47.585943835119984,nan,0.35429229023633835,nan
566.37,234.78407287597656,-204.1325225830078,-77.17062377929688,233.7187121919892,-203.9262800257644,-77.17876723899366,1.0851708138998926,0.31225768938280757,0.08412507144044665,3.78086611239952e-05,29.071264215719296,46.88264160228653,nan,nan,nan
566.38,234.78526306152344,-204.1238250732422,-77.17176055908203,233.719974932577,-203.9176534018447,-77.18068827409091,1.0850922817236852,0.31230349509300465,0.08414908088383208,3.6972557545631894e-05,29.382155891357133,48.34770797900774,nan,0.2856097764318861,nan
566.39,234.78643798828125,-204.11512756347656,-77.17288208007812,233.72122414445207,-203.90901925666878,-77.18192154539157,1.0850082392100384,0.3123493858541126,0.0841731571145062,3.770389741058787e-05,29.30373987784505,47.89188012656534,nan,nan,nan
566.4,234.78758239746094,-204.10641479492188,-77.17398071289062,233.73451276905652,-203.89605344548653,-77.18182644299796,1.0739036712317311,0.3122880318856373,0.08416075281917883,3.6851805099357865e-05,27.244560003057096,46.77770436258797,10.760131821096852,1.089992985891084,nan
566.41,234.78871154785156,-204.09771728515625,-77.17505645751953,233.73574871742397,-203.8873920629085,-77.18300424260796,1.0737926190207563,0.3123337341338584,0.08418480521761994,3.758043723305051e-05,27.165146844183806,47.293193706553105,nan,nan,nan
566.42,234.78981018066406,-204.08900451660156,-77.17610931396484,233.73693092463287,-203.87875322350055,-77.18635450013402,1.073715650380062,0.31237952053268053,0.08420892407344181,3.67583378103467e-05,28.25166750479353,47.834409943749414,nan,3.073281658267187,nan
566.4300000000001,234.7908935546875,-204.08030700683594,-77.17713928222656,233.73812191555416,-203.87009182833114,-77.18751263398212,1.0736042808520965,0.3124253918526577,0.08423310986456238,3.748531985620672e-05,28.177492498101227,48.3799085624818,nan,nan,nan
566.44,234.7919464111328,-204.07159423828125,-77.17815399169922,233.73928413105574,-203.86143554051122,-77.18917199995866,1.0734924082877622,0.3124713476441222,0.08425736241534262,3.666929401105799e-05,28.529869753163965,48.180549645978154,nan,0.17429813282402637,nan
566.45,234.79298400878906,-204.06289672851562,-77.17914581298828,233.75789926275704,-203.84963399123828,-77.19023878646938,1.0568843269913053,0.31240996457554243,0.08424487987960985,3.737147656862843e-05,26.777552032797697,48.97692219554001,14.868396927233508,nan,nan
566.46,234.79400634765625,-204.05418395996094,-77.18011474609375,233.75909378513006,-203.8409272972784,-77.18952039205668,1.0566981037311436,0.3124557316176674,0.08426910787980549,3.656225406071637e-05,25.817785575884464,46.91647072500032,nan,2.145028721309089,nan
566.47,234.7949981689453,-204.0454864501953,-77.18106842041016,233.76024459491725,-203.83223780724427,-77.19058775803592,1.0565417930555974,0.3125015834610071,0.08429340296357443,3.728540131925197e-05,25.739505718480196,48.124395112107976,nan,nan,nan
566.48,234.7959747314453,-204.03677368164062,-77.1820068359375,233.7613755135569,-203.8235479529191,-77.19161364628404,1.0563867870477843,0.3125475197737448,0.08431776500678924,3.648173206352451e-05,25.752485663090127,47.020410350345685,nan,0.0003512276115198833,nan
566.49,234.79693603515625,-204.028076171875,-77.18292236328125,233.7624862495627,-203.81485837722803,-77.19264490876715,1.0562398945123146,0.312593541149712,0.08434219441096327,3.7203593417343804e-05,25.675825860258755,47.66424146012041,nan,nan,nan
566.5,234.79786682128906,-204.0193634033203,-77.1838150024414,233.7709912827829,-203.79627818415528,-77.19369900699243,1.050874911746503,0.3125321275751144,0.08432963007169958,3.638315627125764e-05,24.033595962162067,47.6107394530228,16.125536987651515,0.005765839435416676,nan
566.51,234.79879760742188,-204.0106658935547,-77.1846923828125,233.772093338725,-203.78754701331655,-77.19469588115498,1.0507158322106844,0.31257795990169307,0.08435403416503846,3.710294107483084e-05,23.95897936505905,47.660947804925215,nan,nan,nan
566.52,234.79969787597656,-204.001953125,-77.18555450439453,233.77318898113768,-203.778806185483,-77.19453891392071,1.0505216739380874,0.31262387668576525,0.08437850541109702,3.631060704035935e-05,23.399737482654995,46.63560300680376,nan,0.8472335542403305,nan
566.53,234.8005828857422,-203.99325561523438,-77.1864013671875,233.77425407040556,-203.77007472838258,-77.19549161403089,1.050353834683298,0.3126698784259663,0.08440304416778781,3.70293259093968e-05,23.32175152896139,47.364146339906824,nan,nan,nan
566.54,234.8014373779297,-203.9845428466797,-77.18722534179688,233.77528473418573,-203.76135626063757,-77.19806385945552,1.050199492437928,0.3127159649334729,0.0844276503757532,3.6241821149030073e-05,24.246408232071843,47.91839648090864,nan,1.7592328678036466,nan
566.5500000000001,234.8022918701172,-203.975830078125,-77.18804168701172,233.77751740619345,-203.7585224647612,-77.19895193899971,1.0476184106507906,0.31265452038499586,0.08441500119874319,3.693678503407543e-05,24.8208971088235,46.933514168891165,2.4551353722217293,nan,nan
566.5600000000001,234.80311584472656,-203.96713256835938,-77.18883514404297,233.77855792675052,-203.74978419653016,-77.19644736803056,1.0473858830336824,0.3127004175870149,0.08443958134338375,3.615483140688226e-05,23.114957722447805,46.748825189894966,nan,7.754637130911753,nan
566.57,234.80393981933594,-203.9584197998047,-77.18961334228516,233.77954926583786,-203.74107190284616,-77.19731980188969,1.0472227575487623,0.3127463996449882,0.08446422914784116,3.6870811418966385e-05,23.04017615677188,45.05798500630162,nan,nan,nan
566.58,234.8047332763672,-203.94972229003906,-77.19037628173828,233.78053572870922,-203.73235016271772,-77.196896086864,1.0470309289718553,0.3127924664460877,0.08448894458937904,3.609324638226599e-05,22.521863685499888,46.04960579933051,nan,1.089148795431915,nan
566.59,234.80551147460938,-203.94100952148438,-77.19112396240234,233.7814946991474,-203.72363753556562,-77.19772710556836,1.0468545926677086,0.3128386183748947,0.08451372797148539,3.6808440747920024e-05,22.445584720723026,45.02389981943808,nan,nan,nan
566.6,234.80628967285156,-203.93231201171875,-77.19185638427734,233.7841211342788,-203.70900681568824,-77.19642282772942,1.0462860910038037,0.31277714167250137,0.08450099049684479,3.6013360104660706e-05,20.994622212029302,44.737807780377686,3.949803398416895,2.7582519379529713,nan
566.61,234.80703735351562,-203.92359924316406,-77.19257354736328,233.78505988077194,-203.7002721903534,-77.1972045519145,1.046104379837799,0.3128231039973631,0.08452574702966074,3.672696322214716e-05,20.917147419843882,44.3624246644287,nan,nan,nan
566.62,234.80776977539062,-203.91488647460938,-77.19328308105469,233.78598789607278,-203.6915339272059,-77.19741791243351,1.0459166631067938,0.312869151033838,0.08455057137957535,3.5958475602193394e-05,20.72662032352215,44.13215566530724,nan,0.20583006941066523,nan
566.63,234.80848693847656,-203.90618896484375,-77.1939697265625,233.78689678957434,-203.68279913640364,-77.19816765487498,1.0457375724275553,0.3129152831069053,0.08457546381963565,3.6671461937294495e-05,20.6481768911779,45.07683991525668,nan,nan,nan
566.64,234.8092041015625,-203.89747619628906,-77.19464874267578,233.7877897362022,-203.67406522764668,-77.19909005745403,1.045571371046029,0.3129615001933733,0.08460042437242299,3.590674975993117e-05,20.636466815673728,43.46707335601311,nan,0.023042799432766412,nan
566.65,234.8098907470703,-203.88876342773438,-77.1953125,233.78485295896036,-203.6729896585633,-77.199717109525,1.0475114257614146,0.312899990662414,0.08458759547164928,3.659674012608571e-05,21.723549439217184,43.850123490155895,7.601348184039634,nan,nan
566.66,234.81057739257812,-203.88006591796875,-77.19596099853516,233.78569846292336,-203.6642859197662,-77.20080916670672,1.0473592186108838,0.31294601787254306,0.0846125283906453,3.5836525871398755e-05,21.767419299499018,44.26727826991251,nan,0.09724367423461704,nan
566.67,234.8112335205078,-203.87135314941406,-77.19659423828125,233.7865329098426,-203.6555797189185,-77.20151258610233,1.0471837016258247,0.31299213003286275,0.08463752954826367,3.654760982010875e-05,21.692509177708637,43.99225925167028,nan,nan,nan
566.6800000000001,234.8118896484375,-203.86264038085938,-77.19721984863281,233.78734602149137,-203.64688066776347,-77.2034870270811,1.0470344668810354,0.31303832716604235,0.08466259899211565,3.579080047119984e-05,22.048360127787607,43.74151511445647,nan,1.1105308879206572,nan
566.69,234.81253051757812,-203.85394287109375,-77.19783020019531,233.7881538054631,-203.63817450912418,-77.20417976765076,1.0468734170650564,0.31308460952816436,0.08468773695797219,3.650147897185994e-05,21.974223751343704,44.681051343083325,nan,nan,nan
566.7,234.8131561279297,-203.84523010253906,-77.19843292236328,233.84814074380563,-203.6655365482308,-77.20352535596447,0.9816162172336121,0.30974557062174624,0.08013406755447865,3.572459732382585e-05,28.24797829677139,51.8114616044233,17.29079860846239,1.1395437109894917,0.11606067426289682
566.71,234.8137664794922,-203.83651733398438,-77.19902038574219,233.8489882895808,-203.65685949759916,-77.20418242456921,0.9813768595948033,0.30979443240001675,0.080151045487312,3.643400869832632e-05,28.141007810085785,51.87929664869701,nan,nan,nan
566.72,234.8143768310547,-203.82781982421875,-77.19959259033203,233.84976158208497,-203.64809837918315,-77.20384252095684,0.9812239490865051,0.30984337217428415,0.08016807399078024,3.568448820971496e-05,27.80228741809892,51.962121141359624,nan,0.6602174334377454,nan
566.73,234.81497192382812,-203.81910705566406,-77.20015716552734,233.85058457452405,-203.63942073696737,-77.20446878948361,0.9809937424497938,0.30989240169318544,0.08018517447868131,3.639362345220688e-05,27.69599607396783,51.08882323613385,nan,nan,nan
566.74,234.81553649902344,-203.81039428710938,-77.20071411132812,233.85132458782303,-203.63064724719143,-77.20393832008268,0.9808282232797438,0.30994150964724776,0.08020232623618705,3.564698928791147e-05,27.364648672896546,51.59172897291547,nan,0.8940281985667285,nan
566.75,234.8161163330078,-203.8016815185547,-77.20125579833984,233.85432409764232,-203.63227241826482,-77.20464662984202,0.976603934565416,0.30988031874940175,0.0801912851045244,3.633366848425241e-05,28.81625689515049,50.440554284750796,13.715782380066718,nan,nan
566.76,234.81666564941406,-203.79298400878906,-77.2017822265625,233.85503641627346,-203.62353767154968,-77.20400530763663,0.9764465091974467,0.3099292225429995,0.08020844491892314,3.559064974421685e-05,28.526422322932167,51.94515114959219,nan,1.0296732621397908,nan
566.77,234.8172149658203,-203.78427124023438,-77.20230865478516,233.8558129011264,-203.6149031377042,-77.20457057401946,0.9762093015491164,0.3099782157277862,0.08022567611204261,3.6298511589589035e-05,28.42014027061996,50.41368147098448,nan,nan,nan
566.78,234.8177490234375,-203.7755584716797,-77.20281982421875,233.85658941752527,-203.606282847381,-77.2053054868502,0.9759550212677713,0.31002728759407333,0.08024295962434512,3.555807076492035e-05,28.344466899739427,50.60887558017396,nan,0.02196946830544097,nan
566.79,234.81826782226562,-203.766845703125,-77.20331573486328,233.8573444399125,-203.59764795933995,-77.20585356449917,0.975709005715415,0.3100764489898581,0.08026031441376347,3.62658114636755e-05,28.239696884493195,50.802978119698615,nan,nan,nan
566.8000000000001,234.8187713623047,-203.75814819335938,-77.20380401611328,233.86339953262623,-203.59011597049567,-77.20644811299894,0.9700397683146895,0.3100151504983933,0.08024931032168005,3.5506520438061816e-05,27.91748591730013,51.92488567496606,0.5054305229804041,0.0006927497737866777,nan
566.8100000000001,234.81927490234375,-203.7494354248047,-77.20428466796875,233.8641432526464,-203.58147794906563,-77.20697923976167,0.9697904117011014,0.31006410728034817,0.08026667230173674,3.621330717010707e-05,27.81349636118845,50.48565144794978,nan,nan,nan
566.82,234.8197784423828,-203.74072265625,-77.20475769042969,233.864838535787,-203.57278959987275,-77.20684985277143,0.9695958507423147,0.31011314298841164,0.08028408760670845,3.5478460140128916e-05,27.629993698573557,49.874332524225395,nan,0.2919168635670489,nan
566.83,234.82025146484375,-203.7320098876953,-77.20521545410156,233.86556242884612,-203.5641511796187,-77.20735748053676,0.9693360044940476,0.31016226787227325,0.08030157363821801,3.618521891737791e-05,27.525516113261293,50.80085724810362,nan,nan,nan
566.84,234.8207244873047,-203.72329711914062,-77.20567321777344,233.86624920376875,-203.5554768252075,-77.20738495320786,0.9691179742296664,0.3102114721202907,0.08031911364706279,3.545252161615904e-05,27.374661066384018,50.150787977147964,nan,0.1531798538113842,nan
566.85,234.82119750976562,-203.71458435058594,-77.20611572265625,233.8861864925591,-203.55690171859501,-77.2078733713589,0.9482154312486929,0.3101500764051387,0.08030816101089247,3.613719054795395e-05,27.28780258965051,50.13357409768117,3.701325899238272,nan,nan
566.86,234.82164001464844,-203.7058868408203,-77.20655059814453,233.8868983668376,-203.54826066822818,-77.20808696344184,0.9479400396947406,0.31019907588119594,0.08032570812292539,3.5407382822483324e-05,27.159460867678504,51.888913295407036,nan,0.048455581387416014,nan
566.87,234.8220977783203,-203.69717407226562,-77.20697021484375,233.8876164355192,-203.53963889428482,-77.20855545074103,0.9476683097569948,0.310248164181205,0.08034332544796705,3.611332139819496e-05,27.057603572828608,49.9309813028668,nan,nan,nan
566.88,234.82252502441406,-203.68846130371094,-77.20738983154297,233.88836943976173,-203.5310731698309,-77.20979521399003,0.9473243725821128,0.3102973320844041,0.08036099769250792,3.538540984244188e-05,27.04531076615051,50.817118438814305,nan,0.4186523762962413,nan
566.89,234.8229522705078,-203.67974853515625,-77.20780181884766,233.88906966538784,-203.52245109770828,-77.21025654671257,0.9470402471184951,0.3103465889533078,0.08037874009563772,3.6091430455088326e-05,26.943649718925773,50.322312909727806,nan,nan,nan
566.9,234.82337951660156,-203.67103576660156,-77.20819854736328,233.85344221661296,-203.49481023577755,-77.21060181059035,0.9858192427101029,0.31028508631377666,0.08036781903927624,3.534410587177069e-05,26.95631472935188,49.254591248573,13.192582271778717,0.0060183954666943795,nan
566.91,234.82379150390625,-203.66232299804688,-77.2085952758789,233.85406549202716,-203.48615406631083,-77.211047275649,0.9856013610617708,0.3103341379565402,0.0803855676865344,3.604936429280001e-05,26.855554101880145,49.35949430120786,nan,nan,nan
566.92,234.82418823242188,-203.6536102294922,-77.20897674560547,233.85463003856214,-203.47743415233103,-77.2105658889585,0.9854357547912762,0.310383269435569,0.08040337215100464,3.532574706893674e-05,26.655838521062883,49.600868862542,nan,0.5863433978540143,nan
566.9300000000001,234.8245849609375,-203.6448974609375,-77.20935821533203,233.85523673560803,-203.46877746098684,-77.2109886457607,0.985219211462806,0.31043248953473107,0.08042124631706286,3.6031153916081026e-05,26.554723800788537,49.06494448369925,nan,nan,nan
566.94,234.82496643066406,-203.63619995117188,-77.20972442626953,233.85589151464438,-203.46019081179978,-77.21244517434327,0.9849328974458793,0.3104817899017899,0.08043917690484029,3.530908136238795e-05,26.584534159950195,50.44909098205763,nan,0.7506759841298953,nan
566.95,234.82534790039062,-203.6274871826172,-77.2100830078125,233.84901411440956,-203.4448652712937,-77.21284071303788,0.9932703705848065,0.31042018922918235,0.08042829812733832,3.599263628871969e-05,26.130852175538394,49.01951792624967,2.037518728997047,nan,nan
566.96,234.82582092285156,-203.6187744140625,-77.21054077148438,233.8496608045559,-203.43621828045315,-77.21374322572352,0.9930889054775307,0.3104692842018946,0.08044623477375597,3.527286141395087e-05,26.112059742812573,49.099931287993684,nan,0.13349324617368394,nan
566.97,234.82638549804688,-203.6100616455078,-77.21109771728516,233.8503784039278,-203.42754256030392,-77.21430712151825,0.9929317018355022,0.31051846745479006,0.080464240701809,3.5977765805463434e-05,26.009525897725304,49.00842839514428,nan,nan,nan
566.98,234.82704162597656,-203.60134887695312,-77.21173858642578,233.85121400601793,-203.41889792158256,-77.21544954926185,0.992744512064882,0.31056773119761055,0.08048230388580412,3.5259330277561765e-05,26.01589144123114,49.22211601850143,nan,0.1630971836683233,nan
566.99,234.8278045654297,-203.59263610839844,-77.21247100830078,233.8521164073539,-203.41022199864224,-77.2162059232044,0.9926007449306217,0.31061708337052524,0.08050043634476382,3.596445763804091e-05,25.916790100322473,48.51234366445984,nan,nan,nan
567.0,234.82864379882812,-203.58392333984375,-77.21330261230469,233.8536454204842,-203.4017579819605,-77.21543959016785,0.9918722811231209,0.310555376403273,0.08048958324531572,3.522612151101231e-05,25.6087548349322,48.66468874591562,0.014892477963080313,1.8538792813465919,nan
567.01,234.82957458496094,-203.57521057128906,-77.21421813964844,233.85473004214595,-203.39308240180424,-77.21636338353508,0.991714250602157,0.3106045227319878,0.08050772091231817,3.593061792879815e-05,25.51037120204413,48.596466957977285,nan,nan,nan
567.02,234.83059692382812,-203.56649780273438,-77.21521759033203,233.8559826156009,-203.38450277646723,-77.21894776195926,0.9914681808144749,0.3106537497636141,0.08052591662595195,3.521542252793811e-05,25.68106772766005,48.75795152214685,nan,1.7199986110141698,nan
567.03,234.83169555664062,-203.5577850341797,-77.21630859375,233.8572441196999,-203.37582714509236,-77.2200663431663,0.9913013653968249,0.31070306489645916,0.08054418125019959,3.5920187429844894e-05,25.582206349572505,49.079301243306055,nan,nan,nan
567.04,234.8328857421875,-203.549072265625,-77.21749114990234,233.85861370719556,-203.3671770562548,-77.22169905427492,0.9911153171141964,0.31075246115356975,0.08056250447824599,3.520604710937767e-05,25.595903665579456,48.798377025311574,nan,0.12660031348021114,nan
567.0500000000001,234.83416748046875,-203.5403594970703,-77.21875,233.86436629736676,-203.35183044896687,-77.222994686152,0.9879653607719987,0.31069065537717755,0.08055168454755833,3.5889103651634023e-05,24.254528623434826,48.77646964919168,9.044847121670433,nan,nan
567.0600000000001,234.83554077148438,-203.53164672851562,-77.22010040283203,233.86584751133756,-203.34306176280785,-77.22336284282213,0.9878663632191577,0.31073984560836815,0.08057001270322614,3.517678568285081e-05,23.960071896057322,48.0427740627732,nan,0.7217273758500297,nan
567.07,234.83697509765625,-203.52293395996094,-77.2215347290039,233.86746190078915,-203.33435200398188,-77.22482218430152,0.9876891213244591,0.3107891236201786,0.08058840944079158,3.5881260524685725e-05,23.862275409521587,48.935253815534054,nan,nan,nan
567.08,234.8385009765625,-203.51422119140625,-77.2230453491211,233.86919240078132,-203.32568334523577,-77.22708905190902,0.9874826510140758,0.31083848295437855,0.08060686551153867,3.5169834343723486e-05,23.930691529061736,48.61546756481608,nan,0.36601625377579844,nan
567.09,234.84005737304688,-203.50550842285156,-77.22464752197266,233.87094055011232,-203.31697399617315,-77.22872272307026,0.9872939044690314,0.3108879302305836,0.08062539020401407,3.5874624904424955e-05,23.8322024986615,48.04289608201609,nan,nan,nan
567.1,234.84161376953125,-203.49679565429688,-77.22632598876953,233.8857961587274,-203.32038887066608,-77.2317255779505,0.9719752126453955,0.310826018733501,0.08061458963540441,3.5142885929583936e-05,24.853767794897806,48.48082468661372,8.60108402362938,0.7854868166209206,nan
567.11,234.8431396484375,-203.4880828857422,-77.22808074951172,233.8875638949636,-203.31171416302234,-77.23353788443623,0.971730789520761,0.3108752595419983,0.08063311841287377,3.584713037175158e-05,24.7570324526529,49.07213083189448,nan,nan,nan
567.12,234.8446502685547,-203.47938537597656,-77.22990417480469,233.88921059451022,-203.30292184380588,-77.23322319629281,0.9716045310865923,0.31092458185993616,0.08065170721154728,3.513810322477376e-05,24.140536544658048,48.88735339137806,nan,3.39180989284329,nan
567.13,234.84613037109375,-203.47067260742188,-77.23174285888672,233.8909327682561,-203.2942474402664,-77.23512788860144,0.9713597472094416,0.31097399181355856,0.08067036435597645,3.58426930458302e-05,24.049459350446384,48.034527636514085,nan,nan,nan
567.14,234.8475799560547,-203.4619598388672,-77.23356628417969,233.89260017289382,-203.28554117372846,-77.2364190681069,0.9711426620386109,0.31102348368515503,0.0806890820336227,3.513433171060319e-05,23.864233486829033,48.060937144858826,nan,0.2659679692587955,nan
567.15,234.8489990234375,-203.4532470703125,-77.23536682128906,233.8955707132379,-203.28159004948782,-77.23831245658337,0.9687622785058023,0.31096147265581625,0.08067830560567607,3.581728949284181e-05,24.389978727040937,48.08008107420013,1.98317585349116,nan,nan
567.16,234.85040283203125,-203.4445343017578,-77.23713684082031,233.8972534601977,-203.27298452704798,-77.24115728037424,0.9684726192122757,0.31101075786231663,0.08069702699756881,3.511037557241612e-05,24.512665801549527,47.639339295896235,nan,0.681013615310379,nan
567.17,234.85177612304688,-203.43582153320312,-77.23887634277344,233.89886496724003,-203.2643295818417,-77.24299698601712,0.9682283511360457,0.3110601304081097,0.08071581649233485,3.581480780934186e-05,24.43120774822262,47.623667016753195,nan,nan,nan
567.1800000000001,234.85311889648438,-203.4271240234375,-77.24058532714844,233.90050581162566,-203.25573975588168,-77.24612624938551,0.9679230126559207,0.3111095850417366,0.08073466715089425,3.51084325652888e-05,24.734457563833992,48.887205813601746,nan,1.2246367733766903,nan
567.19,234.85443115234375,-203.4184112548828,-77.24225616455078,233.90206258841798,-203.24708526579533,-77.24791539710847,0.9676727251524582,0.31115912718957356,0.08075358599594655,3.5813236954903375e-05,24.659420624989167,48.17189450497332,nan,nan,nan
567.2,234.855712890625,-203.40969848632812,-77.24390411376953,233.89412062389894,-203.23028869788928,-77.24830320384672,0.9781957429924425,0.31109701094781556,0.08074282223493207,3.508620917796007e-05,23.86020480441408,47.57550452719612,4.363344970217339,1.7337308658799357,nan
567.21,234.8569793701172,-203.40098571777344,-77.2455062866211,233.89561044845078,-203.2216124206038,-77.25001694420801,0.9779700043024835,0.3111463459992956,0.0807617439576617,3.5790517645270094e-05,23.78346173581636,47.352825856403044,nan,nan,nan
567.22,234.85821533203125,-203.3922882080078,-77.24708557128906,233.8971198463957,-203.21298674104725,-77.25279129881109,0.9776942793582292,0.3111957632962866,0.08078072743652724,3.508588322246424e-05,24.047159881153704,48.50899988453526,nan,0.8377192722105481,nan
567.23,234.85943603515625,-203.38357543945312,-77.24862670898438,233.89855932664454,-203.20431070235404,-77.25445390956887,0.9774731971742989,0.31124526782717404,0.08079977890740277,3.579058182787723e-05,23.975524618757042,47.27587264625423,nan,nan,nan
567.24,234.86062622070312,-203.37486267089844,-77.2501449584961,233.89999219386536,-203.19565444943552,-77.25652619453639,0.9772277320726452,0.31129485499789594,0.08081889260469857,3.508630991548863e-05,24.0947819414607,47.4769690374695,nan,0.13581575711701896,nan
567.25,234.86178588867188,-203.36614990234375,-77.25162506103516,233.87330402959915,-203.17588483219365,-77.25819815137528,1.006648095489037,0.31123263856686456,0.0808081440454899,3.576940690068737e-05,24.654548117270558,47.496647780859966,7.326247084944706,nan,nan
567.26,234.86293029785156,-203.35745239257812,-77.25308227539062,233.87459053242023,-203.16716124529148,-77.25893509555547,1.0065090502188312,0.3112820184271328,0.08082726016510665,3.506629273159036e-05,24.33005899490841,47.543721209311364,nan,0.49977580939094257,nan
567.27,234.8640594482422,-203.34873962402344,-77.25450897216797,233.87588733973254,-203.15847429497003,-77.2604782408724,1.0063402226111515,0.31133148525170357,0.08084644411197443,3.57709074547133e-05,24.25878504653702,46.30771780887749,nan,nan,nan
567.28,234.8651580810547,-203.34002685546875,-77.25590515136719,233.87714150772743,-203.14976523405957,-77.26146813757359,1.0061844664702981,0.31138103485553564,0.0808656908252322,3.506805927399391e-05,24.05437591105972,46.47728286131143,nan,0.1942954073744968,nan
567.29,234.86622619628906,-203.33132934570312,-77.25727081298828,233.87839392955993,-203.14107841042818,-77.26295134268892,1.0060021242432244,0.3114306716130982,0.08088500548935115,3.577307610235116e-05,23.980857798009406,47.73344022773748,nan,nan,nan
567.3000000000001,234.86727905273438,-203.32261657714844,-77.25861358642578,233.84021478324036,-203.1175850906153,-77.26444799029434,1.0473456757010886,0.3113683504078497,0.08087426256312741,3.5049302836743044e-05,24.897369322149828,46.02157930006667,14.415840714768619,0.00019425567527456167,nan
567.3100000000001,234.86831665039062,-203.31390380859375,-77.25993347167969,233.8413570791486,-203.10888593139154,-77.26587959556676,1.0472409690837143,0.31141777943557747,0.08089357881610298,3.5753849003207616e-05,24.826080533367232,45.63358385640798,nan,nan,nan
567.32,234.86932373046875,-203.30519104003906,-77.26122283935547,233.8425450364448,-203.10025795594836,-77.26908932770242,1.0470596626245263,0.311467291369469,0.08091295834097299,3.505223793465393e-05,25.513260880282733,46.790061112326924,nan,2.290402181806311,nan
567.33,234.8703155517578,-203.29649353027344,-77.26248168945312,233.84364623204493,-203.09155884774984,-77.27048820099434,1.046953781390476,0.31151689020420004,0.08093240569497927,3.5757195929055454e-05,25.449982614608395,47.56715836713195,nan,nan,nan
567.34,234.8712921142578,-203.28778076171875,-77.26371765136719,233.84469391168912,-203.08282404408254,-77.27092844778558,1.0468825727876387,0.311566572324779,0.08095191675371828,3.5055716515019804e-05,25.05252885149534,46.01802769570026,nan,0.6142311682149801,nan
567.35,234.8722381591797,-203.27906799316406,-77.26493835449219,233.840854678822,-203.08053148816057,-77.27223956467085,1.0503437223327345,0.311504150346868,0.080941180180929,3.573907382501522e-05,26.24738052734194,46.110772867536966,7.441666841280337,nan,nan
567.36,234.87318420410156,-203.27037048339844,-77.26612091064453,233.84187212362536,-203.07185024586326,-77.27318267302303,1.050268899156334,0.31155362450668717,0.080960692294991,3.503853369242774e-05,26.090691837339747,46.448476189347005,nan,0.09846150145264085,nan
567.37,234.8740997314453,-203.26165771484375,-77.26728820800781,233.84288367681913,-203.06318260600077,-77.27447306029921,1.0501669116152341,0.3116031853252642,0.08098027214230677,3.574343996251069e-05,26.024860731687863,45.73696720493024,nan,nan,nan
567.38,234.87498474121094,-203.25294494628906,-77.2684326171875,233.8438935913224,-203.05453247891182,-77.27623426870856,1.0500368242855338,0.31165282953831147,0.08099991615331503,3.504296040450627e-05,26.230105500593872,46.398858597173124,nan,0.1712918601350924,nan
567.39,234.87586975097656,-203.24423217773438,-77.2695541381836,233.8448684738604,-203.04586486415315,-77.2774853204234,1.0499410117546175,0.31170256061415486,0.08101962805667345,3.574828022875579e-05,26.167108208026065,45.65122575941277,nan,nan,nan
567.4,234.87673950195312,-203.23553466796875,-77.27064514160156,233.85045650360343,-203.03463910281957,-77.2789239752772,1.0457936507195327,0.31164003423031056,0.0810088897878183,3.502666331540999e-05,25.65295791179435,46.73332411499261,2.386631071944261,0.05546655333171056,nan
567.41,234.87757873535156,-203.22682189941406,-77.27172088623047,233.85140569053442,-203.02595583986837,-77.28013363865365,1.0456811493902096,0.31168955693833117,0.08102860191252707,3.57315205901585e-05,25.590891226308997,46.12066521888366,nan,nan,nan
567.42,234.87840270996094,-203.21810913085938,-77.27277374267578,233.85233527004652,-203.01726999773638,-77.2812450771072,1.045572815328117,0.3117391631371817,0.08104837862953737,3.50319025910597e-05,25.573097218319077,46.064761474305385,nan,0.004251618023889397,nan
567.4300000000001,234.87921142578125,-203.2093963623047,-77.27381134033203,233.853250659773,-203.00858675379754,-77.28241310048433,1.0454635252053146,0.31178885597314515,0.0810682231801081,3.5737177597386355e-05,25.50983536258167,45.81361101558326,nan,nan,nan
567.44,234.8800048828125,-203.20069885253906,-77.27481842041016,233.8542025742625,-202.9999567465564,-77.28523128865216,1.045311531155133,0.31183863266530865,0.08108813272314436,3.5037520280183245e-05,26.44730477837349,47.80302676416896,nan,1.9653504580026957,nan
567.45,234.88079833984375,-203.19198608398438,-77.27581024169922,233.85329978059022,-202.99484068297267,-77.2863094697495,1.0462933776899288,0.31177600500192243,0.08107739204694618,3.572117833606388e-05,27.002607258881703,46.11148536801302,1.9837731925929347,nan,nan
567.46,234.88156127929688,-203.1832733154297,-77.27678680419922,233.85414981930828,-202.98616142153432,-77.28703098826401,1.046199001212521,0.3118255730791063,0.08109730120639937,3.502230016137093e-05,26.829333932381637,46.38947615102494,nan,0.11490636801953985,nan
567.47,234.88230895996094,-203.17457580566406,-77.27774047851562,233.8549969935126,-202.9774945452761,-77.28813363012456,1.0460969922547447,0.31187522757808095,0.08111727816235172,3.57275277602658e-05,26.77074044669592,47.268401729408,nan,nan,nan
567.48,234.88304138183594,-203.16586303710938,-77.27867126464844,233.85584761210484,-202.96884567577723,-77.28983112933464,1.0459767797711768,0.31192496601208913,0.08113732049899675,3.502855989137651e-05,27.219597583322695,46.934311878226715,nan,0.26495553885054646,nan
567.49,234.88375854492188,-203.1571502685547,-77.27958679199219,233.85666509639097,-202.96017868041525,-77.29090380720127,1.0458713273546232,0.31197479108596304,0.08115743082186623,3.573420029759946e-05,27.16529275976573,46.82444907624374,nan,nan,nan
567.5,234.88446044921875,-203.1484375,-77.28048706054688,233.84417303544512,-202.94486719955574,-77.29093249301101,1.060069751260806,0.3119120593186732,0.08114668087061373,3.501393522229635e-05,26.74933771944856,46.12646178915829,1.8462686678923241,0.6517471834624636,nan
567.51,234.88514709472656,-203.1397247314453,-77.28136444091797,233.8449401231069,-202.93618933068288,-77.29195953800523,1.0599855938888716,0.31196167538255076,0.08116678997150203,3.5719110137475245e-05,26.69358072071784,46.213167201221935,nan,nan,nan
567.52,234.88583374023438,-203.1310272216797,-77.2822265625,233.84572814355417,-202.92754468668417,-77.29419596950108,1.0598905891636392,0.3120113754487385,0.0811869648151593,3.5020732379376356e-05,27.55864683274423,47.393254159997085,nan,1.0601530633270855,nan
567.53,234.88648986816406,-203.122314453125,-77.28306579589844,233.84646758218892,-202.9188667391427,-77.29520225297067,1.0598040485107862,0.31206116195487643,0.0812072076389517,3.5726320836877e-05,27.508589488199007,47.186353701477074,nan,nan,nan
567.54,234.88714599609375,-203.1136016845703,-77.28389739990234,233.84720164795863,-202.91019630331178,-77.29648260281712,1.0597246735239871,0.31211103281526,0.08122751657793752,3.5027781222821475e-05,27.826777748621275,46.84683114240727,nan,0.059263032138724865,nan
567.5500000000001,234.8877716064453,-203.10488891601562,-77.28470611572266,233.82816210697396,-202.89598330093563,-77.29732086816423,1.0800800800686212,0.31204819933731187,0.08121675554087365,3.5711728120102505e-05,28.409494979466743,47.30742561392994,5.00542599476818,nan,nan
567.5600000000001,234.88839721679688,-203.09619140625,-77.2854995727539,233.8288316234948,-202.88730978674093,-77.29842275677554,1.0800360115123722,0.31209786092542546,0.08123706258834956,3.501385423537876e-05,28.641168091151506,47.941461560184564,nan,0.014247434562883823,nan
567.57,234.88900756835938,-203.0874786376953,-77.2862777709961,233.82948468550916,-202.87863272288732,-77.29936924462793,1.0799892323986737,0.31214760876310493,0.08125743762749535,3.5719382350027874e-05,28.58950213680487,47.09408986386008,nan,nan,nan
567.58,234.88961791992188,-203.07876586914062,-77.28704071044922,233.83009143471324,-202.86992466574407,-77.29900694735669,1.0799788016069642,0.31219744100608554,0.08127787910966904,3.502131268865446e-05,27.80116211129757,45.86147483568377,nan,1.1810992700869711,nan
567.59,234.89019775390625,-203.07005310058594,-77.28778839111328,233.83071966474193,-202.86124751598896,-77.29991135601229,1.0799261825958733,0.31224735972969264,0.08129838879896024,3.572724550740303e-05,27.746146275546003,46.43016696970316,nan,nan,nan
567.6,234.89077758789062,-203.06134033203125,-77.28852081298828,233.84716450557025,-202.85681607559107,-77.30185283573584,1.0635488610746513,0.3121844223898019,0.081287610702928,3.5007762994491175e-05,28.125558928326676,46.952468546919214,2.7614846414858136,0.8402126553615407,nan
567.61,234.89134216308594,-203.05262756347656,-77.28924560546875,233.84779684782944,-202.848137629523,-77.30273951656883,1.0634778059362067,0.3122341314573834,0.08130811765397226,3.5713220947647434e-05,28.067943873614876,46.92531041873981,nan,nan,nan
567.62,234.8918914794922,-203.04393005371094,-77.28994750976562,233.84839264595956,-202.83943689250987,-77.30259124974027,1.0634223679810861,0.31228392497076635,0.08132869135380039,3.501555255688801e-05,27.4540946332534,47.42633566636359,nan,0.7360432725718087,nan
567.63,234.89244079589844,-203.03521728515625,-77.29063415527344,233.84900237466098,-202.8307585282422,-77.30344107899998,1.0633584247508863,0.3123338047883428,0.08134933329727939,3.5721414079130785e-05,27.402270835265007,46.10685507753273,nan,nan,nan
567.64,234.89297485351562,-203.02650451660156,-77.29131317138672,233.8495989320531,-202.82207825422677,-77.30418379780266,1.0632916172248397,0.31238376939147017,0.08137004233905609,3.502349952791811e-05,27.462590394738328,46.22187034158496,nan,0.006259144620090861,nan
567.65,234.89349365234375,-203.01779174804688,-77.29197692871094,233.82875327648958,-202.8010124171219,-77.30484216141902,1.0866604163688813,0.31232072998217875,0.08135924455489596,3.570769262693871e-05,27.26768639374328,46.10888885112689,6.297966438383209,nan,nan
567.66,234.8939971923828,-203.0090789794922,-77.2926254272461,233.8292712599928,-202.7922888831956,-77.30458625125786,1.0866380806262592,0.3123704846533448,0.0813799501308775,3.5010366907155894e-05,26.64089990447733,45.662320849382965,nan,0.7980446898424339,nan
567.67,234.89450073242188,-203.0003662109375,-77.29326629638672,233.82980351852234,-202.78358644502254,-77.30537104316394,1.0866094740476544,0.3124203254607319,0.08140072400076384,3.57161458051031e-05,26.58030068657926,45.17839331885655,nan,nan,nan
567.6800000000001,234.89498901367188,-202.9916534423828,-77.29388427734375,233.83034041407356,-202.77489644517604,-77.30681019520983,1.0865667562637047,0.3124702510795983,0.08142156524629818,3.501855274073887e-05,27.172074756510497,46.07067254197235,nan,0.31302762881612894,nan
567.69,234.89547729492188,-202.98294067382812,-77.29450225830078,233.83085233819304,-202.7661937662726,-77.30757828445678,1.08654337367856,0.31252026307737873,0.08144247502219484,3.5724724464016195e-05,27.11108355694437,45.51869193756139,nan,nan,nan
567.7,234.89593505859375,-202.9742431640625,-77.29509735107422,233.8235294435057,-202.75331609578726,-77.30738887006089,1.0949948192608454,0.3122438873827485,0.08046885505181912,3.5003753760122756e-05,34.31355533367706,54.21237494117218,1.1084119825727907,0.4967296049212394,0.0007477945825244781
567.71,234.8964080810547,-202.9655303955078,-77.29568481445312,233.8240089949624,-202.7446079967362,-77.30812425859621,1.0949891533257958,0.3122928350773595,0.08048615396920003,3.57093949625958e-05,34.2259542546335,52.364389758740174,nan,nan,nan
567.72,234.8968505859375,-202.95681762695312,-77.2962646484375,233.8244744277653,-202.73581489607264,-77.3073033322889,1.0949678918644055,0.3123418665046002,0.08050350990421404,3.5012184925530173e-05,33.26660198150025,52.10871551255051,nan,1.6855996643172464,nan
567.73,234.8972930908203,-202.94810485839844,-77.29682922363281,233.824935664338,-202.727106557032,-77.30800189020965,1.0949500115608304,0.3123909818371101,0.08052093155976205,3.571821929451993e-05,33.175848607341386,51.773377989380975,nan,nan,nan
567.74,234.89773559570312,-202.93939208984375,-77.29737854003906,233.82538445062968,-202.71832806565186,-77.30738239857783,1.094945824375752,0.312440181194895,0.08053841074009307,3.50207052546569e-05,32.43448018779181,50.80236038489729,nan,1.20591665516157,nan
567.75,234.89816284179688,-202.93067932128906,-77.29792022705078,233.78092306405367,-202.68738648506496,-77.30809470281282,1.143468252767296,0.3123780662557352,0.08052716330437591,3.570504892893139e-05,32.74437442341525,51.07660011147913,18.94356323526962,nan,nan
567.76,234.89857482910156,-202.92196655273438,-77.29845428466797,233.78128549365667,-202.67867112608795,-77.30931504163175,1.1435235370414494,0.3124270599429416,0.08054464853359962,3.500807155093961e-05,33.110136436491366,51.648414862191466,nan,0.22473116943036178,nan
567.77,234.89898681640625,-202.9132537841797,-77.2989730834961,233.78163827513222,-202.66992634021446,-77.3099672015866,1.1435894710543788,0.3124761374763288,0.08056219927421537,3.571400159490831e-05,33.021854207264255,51.37995824707363,nan,nan,nan
567.78,234.89938354492188,-202.904541015625,-77.29948425292969,233.78198429424387,-202.66121665633315,-77.31130468158395,1.1436466026592857,0.3125252989870437,0.08057980819308075,3.501670857869486e-05,33.5240055882821,52.10285345503248,nan,0.34057372105675165,nan
567.79,234.8997802734375,-202.8958282470703,-77.29998016357422,233.7823208002501,-202.652471546454,-77.31194503296473,1.1437138261167759,0.3125745446303849,0.08059748271005199,3.572302032710468e-05,33.43866418879479,51.857905611064396,nan,nan,nan
567.8000000000001,234.90016174316406,-202.88711547851562,-77.30046844482422,233.79355963479458,-202.64477691431742,-77.31257821105072,1.1328913683065562,0.3125123382889842,0.08058627404020101,3.5004181740776344e-05,32.78455719529543,52.14396531553722,3.1931318386601144,0.0008860573813083324,nan
567.8100000000001,234.90054321289062,-202.87840270996094,-77.30094909667969,233.79390051930338,-202.6360205878103,-77.31320014650252,1.1329418487416065,0.31256137798041306,0.08060395394393986,3.5709995007346176e-05,32.69560258775613,51.80953097435804,nan,nan,nan
567.82,234.90090942382812,-202.86968994140625,-77.30142211914062,233.7942341859452,-202.62727595308687,-77.3140593270461,1.1329846966750332,0.31261050159854686,0.08062169264451927,3.501289521182434e-05,32.950905974062394,52.321224683745214,nan,0.04270398848353241,nan
567.83,234.90127563476562,-202.86097717285156,-77.30188751220703,233.79456009440605,-202.61851940433044,-77.31466630171504,1.1330350189870186,0.31265970929231734,0.08063949677705005,3.571908818143394e-05,32.85959173958198,52.00402295744795,nan,nan,nan
567.84,234.90162658691406,-202.85226440429688,-77.30233764648438,233.79487778985518,-202.60971786123488,-77.31429877684862,1.1330775763301468,0.31270900120288714,0.08065736017621525,3.502165129750853e-05,32.270748777090795,51.72381825414671,nan,0.658331036516024,nan
567.85,234.9019775390625,-202.8435516357422,-77.30278015136719,233.78660353642678,-202.59819032654505,-77.31462247420846,1.1421040138344813,0.31264670334225053,0.08064619356661809,3.5706131709255766e-05,32.36264122305551,51.26896646770707,3.8213360136038563,nan,nan
567.86,234.90231323242188,-202.8348388671875,-77.30321502685547,233.78689375762565,-202.58948193633003,-77.31626898001369,1.1421606865794074,0.31269578902071243,0.08066406207022374,3.500920277142921e-05,33.201061787035194,52.37967837367904,nan,0.8210392231667051,nan
567.87,234.90264892578125,-202.8261260986328,-77.30364227294922,233.78717645805264,-202.5807247747049,-77.31683997684037,1.1422236275940567,0.31274495871843655,0.08068199586641753,3.571526485779585e-05,33.110046382295614,52.10034385443568,nan,nan,nan
567.88,234.90298461914062,-202.81741333007812,-77.3040542602539,233.78745248960175,-202.57200577242847,-77.31827927362494,1.1422955626240165,0.31279421257929685,0.08069998949958335,3.501799417995027e-05,33.91202348889851,52.758644541469145,nan,0.5410433779759152,nan
567.89,234.90330505371094,-202.80870056152344,-77.3044662475586,233.78772149349967,-202.56324841848016,-77.3188442170718,1.1423572822657098,0.3128435507479831,0.08071804854829939,3.572442493694353e-05,33.820303334259975,52.89087554082135,nan,nan,nan
567.9,234.9036102294922,-202.79998779296875,-77.30486297607422,233.75982296741682,-202.54133009650343,-77.318342081595,1.1727466866771543,0.312781161238868,0.08070691437665622,3.5005579533731355e-05,33.51066946435676,52.715812930386015,7.347145474355962,0.8963737004928861,nan
567.91,234.9039306640625,-202.79127502441406,-77.30525970458984,233.7600319261196,-202.53255366217184,-77.31888300700383,1.1728711183742548,0.31283029289219794,0.08072497786213442,3.571149910180851e-05,33.41975192827532,51.980045582348595,nan,nan,nan
567.92,234.9042205810547,-202.78256225585938,-77.3056411743164,233.7602347309045,-202.52377053948203,-77.31925858873781,1.1729715306796256,0.3128795086530894,0.0807431017225692,3.501437934126421e-05,33.41906961086891,52.74908354045398,nan,0.017699942993050565,nan
567.9300000000001,234.90452575683594,-202.7738494873047,-77.30602264404297,233.76043138851404,-202.51499375249492,-77.31978406955508,1.1730931727283744,0.312928808666316,0.08076129089867178,3.5720666087152045e-05,33.327325893262504,52.02177350158642,nan,nan,nan
567.94,234.90481567382812,-202.76512145996094,-77.30638885498047,233.76062242432977,-202.50618823103878,-77.31958683455201,1.1732002369171417,0.31297819307569363,0.08077954088496538,3.5023191934029156e-05,32.90360400926919,51.000146208314455,nan,0.3615427615327197,nan
567.95,234.9051055908203,-202.75640869140625,-77.30675506591797,233.77017721112665,-202.49680173809688,-77.32002035796393,1.1643170381016161,0.31291571179124467,0.08076844058177479,3.570774928116904e-05,31.943163139358717,51.59781462100819,3.9045932920317084,nan,nan
567.96,234.9054718017578,-202.74769592285156,-77.30720520019531,233.7704249053067,-202.48802721735117,-77.3210388385605,1.1644529459406998,0.3129648894003104,0.0807866946417981,3.501076886879363e-05,32.38661516897318,52.705647434707814,nan,0.15584149114214493,nan
567.97,234.9059600830078,-202.73898315429688,-77.3077621459961,233.77076815063708,-202.47923440590364,-77.32168733718298,1.1646132605122772,0.31301415120616694,0.08080501394160937,3.571690075125644e-05,32.25772787914795,51.72366168192691,nan,nan,nan
567.98,234.90652465820312,-202.7302703857422,-77.30840301513672,233.77120732886368,-202.47037622677638,-77.32068282439738,1.1647494176338826,0.3130634973505586,0.08082339454555326,3.501956613405549e-05,31.04140222211216,51.0572319520271,nan,2.1531558186171567,nan
567.99,234.9071807861328,-202.7215576171875,-77.30913543701172,233.77173759913583,-202.46158313492853,-77.32150110608143,1.1648909271237455,0.3131129279814961,0.08084184054532673,3.5726055146625584e-05,30.922406725870328,50.985876610060075,nan,nan,nan
568.0,234.90794372558594,-202.7128448486328,-77.30996704101562,233.77271757115227,-202.44818250878498,-77.32015039615577,1.165713634031056,0.31305035479133736,0.08083076599046798,3.500713279579042e-05,28.866902165635935,49.215127134067046,2.739430091570969,3.60939960420263,nan
568.01,234.90878295898438,-202.70413208007812,-77.31088256835938,233.77343412361267,-202.43936922958733,-77.3211294320226,1.165856484819132,0.3130995783361184,0.0808492153884661,3.571309963863986e-05,28.75178635715852,49.54293574465471,nan,nan,nan
568.02,234.9097137451172,-202.69541931152344,-77.31188201904297,233.77424310458497,-202.43049875509595,-77.3205566579407,1.1659981672749324,0.31314888616045033,0.0808677265553468,3.501589777308413e-05,27.86828731680547,48.6262576051034,nan,1.9024169787323806,nan
568.03,234.91073608398438,-202.6866912841797,-77.31297302246094,233.77513836358892,-202.4216855490018,-77.32169883224188,1.1661416560610678,0.3131982784157989,0.08088630307714206,3.572222102747413e-05,27.760991120906837,47.436723430006644,nan,nan,nan
568.04,234.91183471679688,-202.677978515625,-77.31415557861328,233.77611848558806,-202.412930219092,-77.3246474491612,1.166281285399795,0.3132477552385337,0.08090494177211807,3.502465824442714e-05,28.679928585263585,49.66526481831084,nan,2.082403104340397,nan
568.0500000000001,234.91297912597656,-202.6692657470703,-77.31542205810547,233.76384836421028,-202.40883157823325,-77.32582421722383,1.1783190013106566,0.3131850900192655,0.08089389289000191,3.570924049253219e-05,30.280801851798454,49.10391571787682,16.1509493770444,nan,nan
568.0600000000001,234.9141387939453,-202.66055297851562,-77.31676483154297,233.7648857303055,-202.4000766521357,-77.32787655728163,1.1784540684043412,0.3132343594668698,0.08091253454496758,3.501216697015342e-05,30.68458096134012,49.31564048636358,nan,0.28488973757904545,nan
568.07,234.915283203125,-202.65184020996094,-77.31819915771484,233.7659236700534,-202.3913012522665,-77.32938477355624,1.1785724427207702,0.313283713289445,0.08093124153464906,3.571831528109907e-05,30.567643879425095,49.36087563628407,nan,nan,nan
568.08,234.91641235351562,-202.64312744140625,-77.31971740722656,233.7669534778646,-202.38247449692398,-77.32933370820759,1.1786806766570608,0.31333315161907443,0.08095001112314978,3.5020884186890974e-05,29.61194683821422,48.408113305866166,nan,1.9048800523457865,nan
568.09,234.91751098632812,-202.63441467285156,-77.3213119506836,233.76796253005844,-202.37369918262524,-77.33099299191693,1.1787823983735612,0.3133826746139685,0.08096884623165848,3.572738011845105e-05,29.500560084244864,48.66044882450971,nan,nan,nan
568.1,234.91860961914062,-202.62570190429688,-77.32299041748047,233.78294552072146,-202.37113037628907,-77.33283536687743,1.163888538623472,0.31331991722599206,0.08095781608726188,3.50083595284368e-05,29.39886913845213,47.977853037299646,1.7899966922175583,0.012535357643850182,nan
568.11,234.919677734375,-202.6169891357422,-77.32474517822266,233.78393798591046,-202.36236376719515,-77.33465939603892,1.163974718911425,0.3133692325568955,0.08097665346951072,3.5714324465656915e-05,29.289666302407337,48.1722545316426,nan,nan,nan
568.12,234.92071533203125,-202.6082763671875,-77.32656860351562,233.78491281763928,-202.35356390204473,-77.33539887701549,1.1640462900281543,0.3134186323335177,0.0809955538505102,3.501702367563314e-05,28.670996875645738,47.81387098356804,nan,0.9460117047644854,nan
568.13,234.92173767089844,-202.5995635986328,-77.32840728759766,233.78586410000844,-202.3447978817071,-77.33732551843413,1.1641279458926828,0.3134681167187877,0.08101451976123647,3.5723336394816865e-05,28.57806791147037,47.55794398720947,nan,nan,nan
568.14,234.92274475097656,-202.59085083007812,-77.33023071289062,233.78680230225353,-202.3359570383454,-77.33656761814176,1.1642062739235308,0.3135176858373673,0.08103354904813637,3.502567505356568e-05,27.406223332462027,46.24185966210219,nan,5.090669215532392,nan
568.15,234.92373657226562,-202.58213806152344,-77.33203125,233.77947011455328,-202.32707562520562,-77.33837485940622,1.1723663309931085,0.31345483616747705,0.08102253637834021,3.571024005019386e-05,27.9830330187,46.017526823798256,2.244463604202123,nan,nan
568.16,234.92469787597656,-202.57342529296875,-77.33380889892578,233.780347953831,-202.31829441486767,-77.33926922337474,1.1724582399464158,0.3135041973296199,0.08104156743139546,3.501306954087628e-05,27.616366254518606,45.93077919519806,nan,0.6566108070330737,nan
568.17,234.92564392089844,-202.56471252441406,-77.3355484008789,233.7812035567586,-202.3095392726323,-77.34108892758749,1.1725561107825873,0.3135536430429777,0.08106066404111929,3.5719191656314864e-05,27.533519638920545,45.75557482475583,nan,nan,nan
568.1800000000001,234.92657470703125,-202.55599975585938,-77.33724975585938,233.7820414462191,-202.3007715321271,-77.34238157847896,1.172656883703938,0.31360317342741295,0.08107982439306179,3.502166582467496e-05,27.335990833947314,45.48065051559248,nan,0.17305642719915662,nan
568.19,234.927490234375,-202.5472869873047,-77.33892822265625,233.78285914345918,-202.2920166531504,-77.34413250049549,1.172761852337557,0.3136527886534638,0.08109905051208514,3.572812825888556e-05,27.252598336805182,45.2622525581146,nan,nan,nan
568.2,234.92837524414062,-202.53857421875,-77.34056854248047,233.74487072742392,-202.26631780638323,-77.34658275856087,1.214431005021998,0.31358984655017996,0.0810880492906277,3.5009018471751557e-05,28.10009573257053,46.24953124956751,13.839557679025635,0.2761345992563349,nan
568.21,234.9292449951172,-202.5298614501953,-77.34217834472656,233.7455872108949,-202.25754151141953,-77.34827847239191,1.21459503982289,0.3136392535277083,0.08110727647562474,3.5714943338291187e-05,28.019841369764634,46.0916163064816,nan,nan,nan
568.22,234.93011474609375,-202.52114868164062,-77.34375,233.7462876851545,-202.24875271429852,-77.34941159311711,1.214774928483845,0.31368874511330536,0.081126567746731,3.5017554710331136e-05,27.80599730151261,45.47876212042827,nan,0.19909864046540776,nan
568.23,234.9309539794922,-202.51243591308594,-77.34529876708984,233.74696910404398,-202.23997656679174,-77.35103989189057,1.2149433078078735,0.3137383214821485,0.08114592483658795,3.572382093235017e-05,27.725271853485445,45.68747200091742,nan,nan,nan
568.24,234.9317626953125,-202.50372314453125,-77.34680938720703,233.74763530892815,-202.2311889411932,-77.3521285099005,1.2150970546589077,0.3137879827467273,0.0811653463672851,3.5026076092270715e-05,27.52160150862434,45.89232399297139,nan,0.183027981687835,nan
568.25,234.9325714111328,-202.49501037597656,-77.34829711914062,233.76153583930602,-202.2241587772039,-77.35375206697404,1.2019628344908457,0.3137249481093922,0.08115435441932252,3.5710592102133825e-05,26.738297415657847,45.21907849226267,3.3908481401378867,nan,nan
568.26,234.93336486816406,-202.48629760742188,-77.3497543334961,233.76219165307836,-202.21537388007332,-77.35528795679441,1.2021135498618356,0.31377440082992863,0.08117377644494968,3.5013342996802264e-05,26.692416546761283,45.14959255203713,nan,3.268476536759047e-08,nan
568.27,234.93414306640625,-202.4775848388672,-77.3511734008789,233.7628316737316,-202.20658915423923,-77.3567951878664,1.2022647978649903,0.31382393827435134,0.0811932643547492,3.571940734227769e-05,26.615841563931465,45.13419892204376,nan,nan,nan
568.28,234.9348907470703,-202.4688720703125,-77.35256958007812,233.7634483663355,-202.19784983675058,-77.36046636743824,1.2024111866234277,0.3138735605508711,0.08121281702057644,3.5021808207735995e-05,27.42397352589437,46.326473901249535,nan,3.3874582233548245,nan
568.29,234.93563842773438,-202.4601593017578,-77.35394287109375,233.76405782882532,-202.18906527762908,-77.3619406083474,1.2025626941908671,0.31392326784152264,0.08123243580196148,3.57282077100732e-05,27.347595680538817,45.78964384088521,nan,nan,nan
568.3000000000001,234.93637084960938,-202.45144653320312,-77.35528564453125,233.79534357376758,-202.19046005755146,-77.36184672102888,1.1705128074535653,0.31386014050759836,0.08122144777632713,3.500903440532141e-05,25.852504268842257,44.894737888152335,9.294567945726355,1.6064631792518982,nan
568.3100000000001,234.9370880126953,-202.44273376464844,-77.35659790039062,233.79597647240243,-202.18168001675696,-77.36325260194324,1.1706104782251605,0.3139096389588467,0.08124106633536719,3.571489189190876e-05,25.776772319290387,44.866723691972226,nan,nan,nan
568.32,234.9377899169922,-202.4340362548828,-77.3578872680664,233.79659606260878,-202.17289480546452,-77.3643588118321,1.1707092511659087,0.31395922217790156,0.08126074994689508,3.501744157176686e-05,25.644945721732988,45.69362706038469,nan,0.05297283863711752,nan
568.33,234.9384765625,-202.42532348632812,-77.3591537475586,233.7972005220379,-202.1641146836124,-77.36571122344215,1.1708048683017007,0.31400889035059154,0.0812804997590965,3.572363605242369e-05,25.567054951599008,44.693358911340816,nan,nan,nan
568.34,234.93914794921875,-202.41661071777344,-77.36038970947266,233.79779562255334,-202.15531414072342,-77.36590813374494,1.1708934570527993,0.3140586435790099,0.08130031495988853,3.502583572984457e-05,25.147381530376034,44.3740322753879,nan,0.9020907511638534,nan
568.35,234.93980407714844,-202.40789794921875,-77.36160278320312,233.79644664845014,-202.14497264432794,-77.3670478764915,1.1732116495979839,0.3139954234600473,0.08128932800257847,3.5710280919536794e-05,25.0082520692196,44.298473598675805,1.1489481378942905,nan,nan
568.36,234.94044494628906,-202.39918518066406,-77.36279296875,233.7970012997126,-202.13621484952466,-77.36986417420312,1.1733144377796572,0.3140449675507601,0.08130914235221873,3.50129826389069e-05,25.52105252494025,44.85069610253468,nan,1.6945722065422146,nan
568.37,234.9410858154297,-202.39047241210938,-77.36396026611328,233.79754897104337,-202.12743081516135,-77.3711233294443,1.1734217935892752,0.31409459653353805,0.0813290229981198,3.571896797459699e-05,25.445738693280042,44.39156966957782,nan,nan,nan
568.38,234.9416961669922,-202.3817596435547,-77.36509704589844,233.79808558679744,-202.11864005867704,-77.3719446673768,1.173509252200194,0.3141443105072569,0.08134896930526388,3.502132618291136e-05,25.263470670154632,44.79320755757178,nan,0.12165127725526573,nan
568.39,234.9423065185547,-202.373046875,-77.36621856689453,233.79860792960108,-202.10985596589083,-77.37315517463313,1.1736115343413736,0.31419410966299466,0.08136898215707587,3.5727643434135615e-05,25.187872581804115,44.29008309710541,nan,nan,nan
568.4,234.94290161132812,-202.3643341064453,-77.36731719970703,233.76498532332013,-202.09401586728725,-77.37368080219497,1.2085525339895924,0.31413079658822357,0.08135799140030854,3.500843922814762e-05,26.517491225755055,44.4171333650329,16.136146549244582,0.40825252198108847,nan
568.41,234.94349670410156,-202.35562133789062,-77.36839294433594,233.76542235299902,-202.0852435587145,-77.37484290640872,1.2087203655968661,0.31418038630768835,0.08137800266368593,3.571421188267575e-05,26.44415052782088,44.03722138451878,nan,nan,nan
568.42,234.94406127929688,-202.34690856933594,-77.36944580078125,233.76585183897907,-202.0764558047557,-77.37491627981363,1.2088639746737087,0.31423006095270734,0.08139807984539728,3.501673201419866e-05,26.051362964199363,44.14894035507053,nan,0.8046909314542896,nan
568.4300000000001,234.9446258544922,-202.33819580078125,-77.37047576904297,233.76626542806338,-202.06768342956505,-77.3760268329489,1.2090248350902415,0.31427982071695615,0.08141822368239084,3.572283910760871e-05,25.97786340419663,43.80807619971401,nan,nan,nan
568.44,234.94517517089844,-202.32948303222656,-77.37149047851562,233.7666623971207,-202.0589293057818,-77.37846385014123,1.2091899374218478,0.31432966569501364,0.08143843375896573,3.502501587892215e-05,26.42213267405392,44.34545569519642,nan,1.2780513639837434,nan
568.45,234.94570922851562,-202.32078552246094,-77.37248229980469,233.77249748954907,-202.05513262713023,-77.37951950328667,1.2029325697973958,0.3142662595864129,0.08142743586068481,3.5709377167026174e-05,26.654192046203462,45.25123561124261,0.9580428107789561,nan,nan
568.46,234.9462432861328,-202.31207275390625,-77.37345123291016,233.77288371956624,-202.046380965313,-77.3811876800635,1.2030896274150706,0.31431589482733074,0.081447643667595,3.501206240173148e-05,26.896482152298557,44.316877221152495,nan,0.2566613818447264,nan
568.47,234.94676208496094,-202.30335998535156,-77.37440490722656,233.77326193674156,-202.03762159335258,-77.38224018589607,1.2032376666498301,0.3143656151235959,0.08146791824789781,3.5717956506794455e-05,26.825373038789976,44.3391156249427,nan,nan,nan
568.48,234.947265625,-202.29464721679688,-77.3753433227539,233.7736231923378,-202.02888043408663,-77.38477663080337,1.203394170601707,0.31441542056782723,0.08148825930550742,3.502030476089033e-05,27.5671340430662,45.18720310004853,nan,1.5911228952818623,nan
568.49,234.94775390625,-202.2859344482422,-77.37625885009766,233.77398057324032,-202.02012122167477,-77.38580823908666,1.2035330072469517,0.31446531135701955,0.0815086673983275,3.572652916048738e-05,27.498088932865265,45.27577930471414,nan,nan,nan
568.5,234.9482421875,-202.2772216796875,-77.37715148925781,233.80495453075235,-202.0250880298391,-77.38437475005867,1.1707818835948862,0.3144018120393441,0.08149765782175247,3.500732711715939e-05,26.007412212761103,43.62100969233025,8.32137283632997,4.183554909196457,nan
568.51,234.94873046875,-202.2685089111328,-77.3780288696289,233.8053432306565,-202.0163476948517,-77.38534716494354,1.170885653118094,0.31445149278977275,0.0815180628850983,3.571300588298924e-05,25.937727856305855,43.247534226727694,nan,nan,nan
568.52,234.94918823242188,-202.25979614257812,-77.37889099121094,233.8057203056104,-202.00761194425314,-77.38672870442416,1.1709727577017937,0.31450125862173156,0.08153853465073439,3.5015528581529616e-05,26.11229722985484,44.002259365793186,nan,0.12791114823135835,nan
568.53,234.94964599609375,-202.25108337402344,-77.3797378540039,233.80608975373724,-201.99887165591525,-77.38767253411172,1.1710655785787736,0.3145511097335468,0.08155907358055345,3.5721540720259264e-05,26.041282610780936,43.66202162854073,nan,nan,nan
568.54,234.95010375976562,-202.24237060546875,-77.38056182861328,233.80644755387505,-201.99013643716464,-77.38912728369483,1.1711724723339672,0.31460104621548823,0.08157967952242694,3.502372621784804e-05,26.295313829179207,43.69977924587319,nan,0.19569600205278143,nan
568.5500000000001,234.95054626464844,-202.23365783691406,-77.38137817382812,233.79633329232564,-201.9697479097276,-77.39004459147698,1.1840317318132358,0.3145374536188023,0.08156865459045858,3.570799780435944e-05,25.534551051855242,43.9112354172461,5.535262790091375,nan,nan
568.5600000000001,234.9509735107422,-202.22494506835938,-77.38217163085938,233.79666542866192,-201.9609649565124,-77.39000157641787,1.184134264285093,0.3145871797587214,0.08158925677408996,3.501069750539633e-05,25.10364523015852,43.691098785197575,nan,0.630222086384988,nan
568.57,234.95140075683594,-202.2162322998047,-77.38294982910156,233.79698463455694,-201.95219054647762,-77.39087914939178,1.1842539866928814,0.3146369911123195,0.08160992625576913,3.571649557593833e-05,25.035078829438532,43.38917600771177,nan,nan,nan
568.58,234.95181274414062,-202.20751953125,-77.38371276855469,233.79729581538984,-201.94341531685455,-77.3916646730202,1.184366331680447,0.314686887769135,0.08163066295901399,3.5018864096166394e-05,25.00236982176937,43.553735413848244,nan,0.004215005215810993,nan
568.59,234.95220947265625,-202.1988067626953,-77.38446044921875,233.7975984398976,-201.9346405846869,-77.3925123569331,1.1844725576345867,0.31473686992891176,0.08165146723235232,3.5724992130953075e-05,24.933248929529135,43.69930092134319,nan,nan,nan
568.6,234.95262145996094,-202.19009399414062,-77.38519287109375,233.80909135762133,-201.93059021021062,-77.39338766234881,1.1726339852803784,0.3146731838774532,0.08164042262225694,3.500582176508186e-05,24.83186554714047,42.97021306355816,1.1285041965916598,0.0030786289406938318,nan
568.61,234.9530029296875,-202.18138122558594,-77.38591003417969,233.8093965189934,-201.92182093126056,-77.39420791867086,1.172721631018189,0.31472295539073014,0.08166122235298165,3.571140433245222e-05,24.76384969335655,43.56280144933321,nan,nan,nan
568.62,234.95338439941406,-202.17266845703125,-77.3866195678711,233.80968454575805,-201.91306650289272,-77.39709384968475,1.1728393924254295,0.3147728121396996,0.08168208950447141,3.501395800716723e-05,25.892191774946983,44.41803650350122,nan,3.0498191826599106,nan
568.63,234.95376586914062,-202.16395568847656,-77.3873062133789,233.80997388441725,-201.90429702090017,-77.3979081564435,1.172942935168517,0.3148227543242766,0.08170302436718982,3.5719874040205e-05,25.829544918522245,44.190391459345896,nan,nan,nan
568.64,234.95413208007812,-202.15524291992188,-77.38798522949219,233.8102580974506,-201.89552357046844,-77.39813418822993,1.1730323226476462,0.3148727820334509,0.08172402695186784,3.5022095670906375e-05,25.547545825769326,44.09433505528445,nan,0.23337183993119184,nan
568.65,234.95448303222656,-202.1465301513672,-77.3886489868164,233.81722208855336,-201.88685626662414,-77.39889849955428,1.1665753438734094,0.31480900246303956,0.08171295877074207,3.570627747199281e-05,25.090466600417134,44.243258259381854,1.010996401439569,nan,nan
568.66,234.95484924316406,-202.1378173828125,-77.38929748535156,233.81750629984037,-201.87807313944197,-77.3985950871541,1.1666629710810228,0.3148588192202102,0.08173395604088533,3.500901793869696e-05,24.542695348363864,43.03849128389228,nan,0.8133768848949591,nan
568.67,234.95518493652344,-202.1291046142578,-77.38993072509766,233.8177786152308,-201.86929633395064,-77.39934251853737,1.1667399299279966,0.31490872134460524,0.0817550211660809,3.57147209232536e-05,24.477565631429698,43.679891100762035,nan,nan,nan
568.6800000000001,234.9555206298828,-202.12039184570312,-77.39055633544922,233.81804238465045,-201.86052136273256,-77.40042665197285,1.1668276862692792,0.3149587089255503,0.08177615420026814,3.5017134885922575e-05,24.70405128092085,43.655880576384114,nan,0.08566526940719492,nan
568.69,234.9558563232422,-202.11167907714844,-77.39116668701172,233.8183008447675,-201.85174453383644,-77.40115419773966,1.1669182421168807,0.3150087821627137,0.08179735536906642,3.57231684716544e-05,24.63955207612958,43.39581554313437,nan,nan,nan
568.7,234.95619201660156,-202.1029510498047,-77.39176940917969,233.7981278071896,-201.82543467664098,-77.4002235535013,1.1908818258127596,0.3106203743963044,0.08175716119416872,3.500268001946921e-05,31.324885766616898,49.03319245047257,10.304276782875553,1.7959884560389472,0.03674042030520472
568.71,234.9564971923828,-202.09423828125,-77.3923568725586,233.79832523161986,-201.8166199120202,-77.40091138134942,1.1910110953521704,0.31066591649157266,0.08177774212594016,3.570813713365365e-05,31.22723947037486,50.55957620331118,nan,nan,nan
568.72,234.95681762695312,-202.0855255126953,-77.39292907714844,233.7984015455446,-201.8078207655468,-77.4031612717051,1.1912818482878544,0.31071153431252363,0.0817983846173667,3.501082185050231e-05,32.06542439464686,50.849946706356,nan,1.7460676271678695,nan
568.73,234.95712280273438,-202.07681274414062,-77.39349365234375,233.7985860410245,-201.7990059488176,-77.40384340779161,1.1914240056330474,0.3107572430612523,0.08181908909204201,3.5716614982505196e-05,31.97079972079878,50.998194276179646,nan,nan,nan
568.74,234.95742797851562,-202.06809997558594,-77.39405059814453,233.7988245820897,-201.79018311501815,-77.40367468374096,1.191508386299103,0.3108030280525225,0.0818398554297229,3.501896954228582e-05,31.514269121451257,50.380155941501876,nan,0.49839501765003286,nan
568.75,234.9577178955078,-202.05938720703125,-77.39459228515625,233.78017416011292,-201.76822561587855,-77.40428073917796,1.2130450062020197,0.31074304884246806,0.08182870301324363,3.570303735310029e-05,30.98887696446019,50.90213900542523,5.729785111045081,nan,nan
568.76,234.9580078125,-202.05067443847656,-77.3951187133789,233.78040932763528,-201.7593680005518,-77.40358062546804,1.2131237514319357,0.31078864561111175,0.08184945897675748,3.500591199425664e-05,30.302955155309256,50.111307868467634,nan,1.2728280518543904,nan
568.77,234.95828247070312,-202.04196166992188,-77.39564514160156,233.78054383315398,-201.7505220223718,-77.40420021188676,1.21329244445344,0.3108343327879277,0.0818702771188302,3.571149769352679e-05,30.204155238834417,50.241493394107636,nan,nan,nan
568.78,234.9585723876953,-202.0332489013672,-77.39615631103516,233.78069135123314,-201.7416736102057,-77.40453933622877,1.2134620560958997,0.31088009663136934,0.0818911573747127,3.501404718588081e-05,30.061085194499004,49.58231083537917,nan,0.05173116291146377,nan
568.79,234.95883178710938,-202.0245361328125,-77.39665222167969,233.7808145497944,-201.7328273212629,-77.40513715049278,1.2136270581046915,0.31092595094701764,0.08191210008608991,3.5719966255968915e-05,29.96699145918165,50.21091345902939,nan,nan,nan
568.8000000000001,234.9591064453125,-202.01580810546875,-77.39714050292969,233.7838069668333,-201.72636139779334,-77.40558563509536,1.2104460256264566,0.3108659185899535,0.0819009245341934,3.500099369372073e-05,30.06565831782173,48.58777171001467,0.3213710864480923,0.025610776731891105,nan
568.8100000000001,234.95936584472656,-202.00709533691406,-77.39762115478516,233.7839230599152,-201.71752103964576,-77.406164734366,1.2106163747263563,0.31091158420871867,0.08192185635962837,3.570637141341472e-05,29.971425643574843,49.7209629414874,nan,nan,nan
568.82,234.95962524414062,-201.99838256835938,-77.3980941772461,233.7840084716393,-201.70868331970098,-77.40711429264913,1.2108186540277321,0.31095732690823985,0.08194285054194911,3.500911594653231e-05,30.15117105351908,49.7783578144075,nan,0.10142944470310183,nan
568.83,234.95986938476562,-201.9896697998047,-77.39855194091797,233.7841140428238,-201.69984258635498,-77.40768010936718,1.2109846246835652,0.3110031595710141,0.08196390737796948,3.571483093005911e-05,30.059533807578557,50.0219593554674,nan,nan,nan
568.84,234.96011352539062,-201.98095703125,-77.39900970458984,233.78432906540993,-201.6909896735245,-77.40649922788816,1.2110352009077274,0.3110490698225718,0.08198502686924146,3.501724794619266e-05,29.228564140149043,49.03175218971501,nan,2.1319832114479076,nan
568.85,234.96035766601562,-201.9722442626953,-77.39945220947266,233.77961312880976,-201.6873984786905,-77.4069635678889,1.2146403596588031,0.31098899700875765,0.08197382521677497,3.570124405219527e-05,30.393429413153562,48.779804110491284,8.086100317962183,nan,nan
568.86,234.96058654785156,-201.96353149414062,-77.39988708496094,233.7797111585406,-201.67858197529742,-77.40709072008325,1.214790025365804,0.31103471856092124,0.0819949333144278,3.50041832775638e-05,30.19690370769403,48.8524668534612,nan,0.11063032934733993,nan
568.87,234.96083068847656,-201.95480346679688,-77.40030670166016,233.77977854745828,-201.6697678784165,-77.40760228910241,1.2149825809629302,0.3110805295779802,0.08201610426426958,3.5709693763396476e-05,30.110718543159525,47.4157568684075,nan,nan,nan
568.88,234.96104431152344,-201.9460906982422,-77.40072631835938,233.7798469596867,-201.66095296013037,-77.40801187976847,1.215147642505512,0.31112641857957685,0.08203733810351699,3.5012310037083615e-05,30.037695722866133,48.892861080391874,nan,0.006298297484352417,nan
568.89,234.96127319335938,-201.9373779296875,-77.40113830566406,233.779904760853,-201.65213836848244,-77.40850750347197,1.2153383420576302,0.3111723971221877,0.08205863507631694,3.5718155369354656e-05,29.945511002431466,48.32537246596494,nan,nan,nan
568.9,234.96148681640625,-201.9286651611328,-77.40153503417969,233.75317515896472,-201.62594804724026,-77.41086873804663,1.2456892993762145,0.3111122712427962,0.08204740402135577,3.499925617491881e-05,30.44870010045939,50.06707165238114,9.36473127567349,2.5872171822568455,nan
568.91,234.96170043945312,-201.91995239257812,-77.40193176269531,233.75318546465115,-201.61709539212396,-77.41136817586079,1.2459212868147551,0.311158060616553,0.0820686890546803,3.570456187327158e-05,30.356999449644984,49.8682909085974,nan,nan,nan
568.92,234.9619140625,-201.91122436523438,-77.40231323242188,233.75325694989087,-201.6082371286895,-77.41078922281292,1.2460839152251564,0.31120392835498606,0.08209003720490425,3.50073766565329e-05,29.82165101487783,48.32093999286575,nan,0.8102479395466988,nan
568.9300000000001,234.9621124267578,-201.9025115966797,-77.40269470214844,233.75325884205498,-201.5993841855765,-77.41126426343877,1.2463092128327262,0.311249885155678,0.0821114486884935,3.5713021205339576e-05,29.729235698166693,49.43689499530127,nan,nan,nan
568.94,234.96231079101562,-201.893798828125,-77.40306091308594,233.75337851479148,-201.5905217920066,-77.40969569564552,1.2464101369424399,0.3112959208128614,0.08213292358360268,3.5015510036547104e-05,28.834185223887825,48.48145020037956,nan,2.927419438881561,nan
568.95,234.96250915527344,-201.8850860595703,-77.4034194946289,233.76770497193408,-201.58232534508818,-77.41009772830658,1.232584960789322,0.31123575231237005,0.08212166000724067,3.569944188684153e-05,27.69414200615666,48.16692472696963,6.83084251641002,nan,nan
568.96,234.96270751953125,-201.87635803222656,-77.40377807617188,233.76773237355738,-201.57345777222315,-77.41044135468375,1.232784882404848,0.3112815987681438,0.08214312241258083,3.5002454016798496e-05,27.62024249332988,46.99293472938251,nan,0.005831095155047241,nan
568.97,234.96299743652344,-201.86764526367188,-77.40422821044922,233.76780092844075,-201.56459041710448,-77.4109198552055,1.2330375951570092,0.31132753382276657,0.08216464835041631,3.570789753881026e-05,27.514690387074154,48.04498314451321,nan,nan,nan
568.98,234.96337890625,-201.8589324951172,-77.40476989746094,233.76806587292583,-201.55571609428998,-77.40975244674182,1.2331821678740613,0.3113735480887488,0.0821862379197747,3.501058788826603e-05,26.87852184077272,47.57766097790976,nan,2.139856957117455,nan
568.99,234.9638671875,-201.8502197265625,-77.40541076660156,233.76832613366972,-201.54684818930414,-77.4104034404333,1.233441375908929,0.31141965104802494,0.08220789130627561,3.571636796104064e-05,26.777277113680437,47.13543299044408,nan,nan,nan
569.0,234.9644317626953,-201.84149169921875,-77.40613555908203,233.75520741204966,-201.53265414220004,-77.41073496302572,1.2480486053581112,0.3113594294170832,0.08219659191617813,3.4997547857182794e-05,26.95522406145055,46.70055736629163,2.1289454745651355,0.08022157991009242,nan
569.01,234.96510314941406,-201.83277893066406,-77.4069595336914,233.75563047898225,-201.52378079200076,-77.41156706733109,1.248328970898726,0.31140534271688186,0.08221823223276731,3.5702790177834715e-05,26.855942527041133,47.195256493586626,nan,nan,nan
569.02,234.96580505371094,-201.82406616210938,-77.40786743164062,233.75603802573693,-201.51491187153582,-77.4139816814266,1.248659289559628,0.31145133556381843,0.08223993639510888,3.500568055759387e-05,27.23719077696112,47.88837490373357,nan,1.5695963067862293,nan
569.03,234.96652221679688,-201.8153533935547,-77.40885925292969,233.75655429735184,-201.50603839419844,-77.41501025386377,1.2488938985059503,0.3114974166658724,0.08226170457375206,3.571126347798102e-05,27.13605193195415,47.78660303723589,nan,nan,nan
569.04,234.9672393798828,-201.80662536621094,-77.40995025634766,233.75706111177755,-201.49716578288115,-77.41641636235711,1.2491350947098683,0.31154357778600306,0.08228353689004556,3.5013828533802816e-05,27.18013943066924,46.72962395100842,nan,0.058637568027669895,nan
569.0500000000001,234.96795654296875,-201.79791259765625,-77.41111755371094,233.74545691754648,-201.48774112678012,-77.41749032699467,1.2612502875093365,0.31148331141143004,0.08227219845881209,3.5697704451753055e-05,27.972977855445308,47.63275585805469,5.422190150286176,nan,nan
569.0600000000001,234.96865844726562,-201.78919982910156,-77.4123764038086,233.7459424121533,-201.47887915385738,-77.41871245354481,1.261496559460644,0.31152928280610115,0.08229401711451638,3.50007930146441e-05,27.890653674667384,47.60697560209768,nan,0.003574588641256396,nan
569.07,234.96934509277344,-201.78048706054688,-77.4137191772461,233.74641279617015,-201.4700173976134,-77.42009132176935,1.2617430078677883,0.3115753420357686,0.0823158999842113,3.570617858563138e-05,27.789202664422632,47.598660450065836,nan,nan,nan
569.08,234.9700164794922,-201.7717742919922,-77.41514587402344,233.7469337802975,-201.46115323524174,-77.42032979631566,1.2619206009161072,0.311621481590135,0.08233784719947088,3.5008945670024324e-05,27.328076642267384,47.204886938144305,nan,1.060310193751212,nan
569.09,234.97068786621094,-201.76304626464844,-77.41665649414062,233.74737896814983,-201.45229157440755,-77.42186595118314,1.2621728392042282,0.3116677090959674,0.08235985891571523,3.571466957181082e-05,27.232299117406196,45.83566882788161,nan,nan,nan
569.1,234.97132873535156,-201.75433349609375,-77.41824340820312,233.76751220513256,-201.45803023168202,-77.42172830078573,1.2397507843941364,0.3116073893651085,0.08234847813758793,3.4995929788379325e-05,27.31580778937489,46.33502709823297,6.626558553089869,2.1976563819301393,nan
569.11,234.9719696044922,-201.74562072753906,-77.41991424560547,233.76795812574315,-201.44920296874707,-77.42341268214061,1.2399674865676527,0.31165342670277046,0.08237047557887918,3.570111784233394e-05,27.22173141604764,45.92253361605049,nan,nan,nan
569.12,234.97259521484375,-201.73690795898438,-77.42166900634766,233.76851904606013,-201.4403723405733,-77.42257193949949,1.2400538732278295,0.31169954465100663,0.08239253756859938,3.500408487076333e-05,26.81244612390558,45.53348192747023,nan,4.796149590676151,nan
569.13,234.97320556640625,-201.72817993164062,-77.4234848022461,233.76893976449503,-201.43154523868486,-77.42438526177983,1.240261695588961,0.31174575015867406,0.08241466425597785,3.5709615299645436e-05,26.724267526495005,44.63631960372288,nan,nan,nan
569.14,234.9738006591797,-201.71946716308594,-77.4253158569336,233.76931027515874,-201.42271910530965,-77.42703359071791,1.2405077370183022,0.311792036724588,0.08243685578178893,3.501225687030265e-05,26.696018179406575,45.61657356115198,nan,0.4451050732295804,nan
569.15,234.97438049316406,-201.71075439453125,-77.42713928222656,233.76513870772948,-201.4087057261532,-77.42891277908484,1.2463956992067533,0.31173167019457526,0.08242542935577495,3.569608537758374e-05,26.283109126312393,45.699363344592925,1.1759796261671085,nan,nan
569.16,234.97496032714844,-201.70204162597656,-77.4289321899414,233.76558728153663,-201.399863460412,-77.4293070017779,1.2465532269743893,0.3117777664917098,0.08244760597762621,3.499924996625263e-05,26.110381169269214,45.34331366395536,nan,1.4935279322182298,nan
569.17,234.97552490234375,-201.69332885742188,-77.43070220947266,233.76595662747846,-201.39102231910644,-77.43111565238458,1.2467737668093188,0.31182394997534896,0.0824698474917129,3.5704586682036755e-05,26.02252139469714,45.262590596836276,nan,nan,nan
569.1800000000001,234.97607421875,-201.6846160888672,-77.43243408203125,233.7663918986016,-201.3821807275898,-77.43120202424862,1.246916188601699,0.3118702147725049,0.08249215404172901,3.5007429406156844e-05,25.97245253478387,45.39880308497261,nan,2.0219409334160545,nan
569.19,234.97662353515625,-201.6759033203125,-77.43414306640625,233.76673909446745,-201.3733398104432,-77.43293251745592,1.2471433368919649,0.3119165668962758,0.08251452577256979,3.5713106194923306e-05,25.882638742197578,44.92964957001898,nan,nan,nan
569.2,234.97715759277344,-201.66717529296875,-77.43580627441406,233.79290673828774,-201.38718399257132,-77.43413137467702,1.2169009901949601,0.3118561466192862,0.08250305036561886,3.4994444405302065e-05,27.070032168707854,43.768576469455375,17.975404867482958,0.10708124484326462,nan
569.21,234.97767639160156,-201.65846252441406,-77.43744659423828,233.7932632568169,-201.3784006866539,-77.4357916337042,1.2170751191748077,0.3119023080487363,0.08252540654422229,3.5699587169597264e-05,26.979388030387188,44.57612108502279,nan,nan,nan
569.22,234.97817993164062,-201.64974975585938,-77.43904876708984,233.79370226342544,-201.36961779543205,-77.4352713377313,1.2171587943756093,0.3119485510259967,0.0825478279517805,3.5002628515077116e-05,27.223002245767983,45.04193739080533,nan,3.2605754170974572,nan
569.23,234.9786834716797,-201.6410369873047,-77.44062042236328,233.79403823727577,-201.3608346349099,-77.43684758391285,1.2173380483634988,0.3119948809856838,0.08257031473290233,3.570811535645115e-05,27.12769672193974,44.67854734636568,nan,nan,nan
569.24,234.9791717529297,-201.63232421875,-77.4421615600586,233.79435451045094,-201.35205150383686,-77.43862266875746,1.2175209306419978,0.31204129291699884,0.08259286703174464,3.501083053238074e-05,27.000389789801595,44.69767438623968,nan,0.03713395607537508,nan
569.25,234.97964477539062,-201.6236114501953,-77.44367218017578,233.76657915246534,-201.33013904211126,-77.44005760052181,1.248065432986524,0.31198082386656173,0.08258133929577022,3.5694619854858814e-05,27.322927877709002,45.23087899144806,7.69820967559274,nan,nan
569.26,234.98011779785156,-201.61489868164062,-77.44515228271484,233.7668379117735,-201.3213366600596,-77.44154428140139,1.2482947408964773,0.3120270473453904,0.08260387537766446,3.641386509846938e-05,27.229386398331748,44.93726289837692,nan,nan,nan
569.27,234.98057556152344,-201.60618591308594,-77.44660186767578,233.76708717768562,-201.31253432189106,-77.44300199686121,1.2485184314980975,0.31207335510666784,0.08262647702249622,3.714755151557248e-05,27.13557027340927,45.01569469806125,nan,nan,nan
569.28,234.9810333251953,-201.59747314453125,-77.44802856445312,233.7672859958637,-201.30373110428656,-77.44546301855686,1.2487888323061322,0.3121197448601358,0.08264914437338533,3.6364637081533245e-05,26.883576476879004,44.46911392411189,nan,0.6950302515184085,nan
569.29,234.98147583007812,-201.58876037597656,-77.44941711425781,233.76751671560865,-201.29492896656043,-77.44687493417284,1.2490156489982678,0.31216622161787966,0.08267187757766885,3.709695628978083e-05,26.792463030270525,44.70167459735559,nan,nan,nan
569.3000000000001,234.98190307617188,-201.5800323486328,-77.4507827758789,233.74798633654316,-201.28436446592696,-77.44832530318837,1.268848318898574,0.31210569809949645,0.08266029414561886,3.62940626027815e-05,28.05694963042464,44.19679602963534,9.670541769818604,0.017330516316500354,nan
569.3100000000001,234.98233032226562,-201.57131958007812,-77.4521255493164,233.74815704633238,-201.27557643703807,-77.44968328784195,1.2691153006421902,0.31215198361980556,0.08268301045056249,3.702416733897053e-05,27.96906280835993,44.76360272388243,nan,nan,nan
569.32,234.98275756835938,-201.56260681152344,-77.45343780517578,233.74835722276262,-201.26678997750977,-77.45000326155142,1.269355587920564,0.3121983513464419,0.08270579264594725,3.624766435675126e-05,28.051746245661658,44.75040020388464,nan,0.6732750215448285,nan
569.33,234.983154296875,-201.55389404296875,-77.45471954345703,233.74851091277677,-201.25800218623226,-77.45129955183735,1.2696093781644753,0.31224480574964375,0.08272864088241984,3.6976553334145376e-05,27.95945667714078,45.22013351036788,nan,nan,nan
569.34,234.9835662841797,-201.54518127441406,-77.45597839355469,233.74861382063656,-201.24921244885707,-77.45373514260535,1.2699252596462676,0.3122913427729798,0.08275155529737757,3.6202674797357e-05,27.70105140100525,44.46749230171788,nan,0.8933387736123609,nan
569.35,234.98394775390625,-201.53646850585938,-77.45721435546875,233.74917646434358,-201.23365249221524,-77.45502375375108,1.271362448078232,0.3122307687620315,0.08273991279406316,3.690699450845681e-05,26.690145669935955,44.83310969749904,4.6291433919078795,nan,nan
569.36,234.98434448242188,-201.5277557373047,-77.45842742919922,233.74934592170197,-201.22484067715308,-77.45537746168495,1.2716085407658748,0.31227711439308065,0.08276280960957491,3.6136661368380554e-05,26.736576561765176,44.36265559723744,nan,0.5141102281376255,nan
569.37,234.98471069335938,-201.51904296875,-77.45960998535156,233.74947617642405,-201.21602741458796,-77.4565804163767,1.2718615947424237,0.31232354639553034,0.0827857726509029,3.686240985321109e-05,26.645690117613505,44.88734537113975,nan,nan,nan
569.38,234.98507690429688,-201.5103302001953,-77.46077728271484,233.749638281509,-201.2072167629744,-77.45662253274705,1.2720863211461644,0.3123700611969221,0.08280880205108795,3.60945865680736e-05,26.79339588389803,44.710301518995585,nan,0.8584427817514484,nan
569.39,234.98544311523438,-201.50161743164062,-77.4619140625,233.74975374561225,-201.19840408129775,-77.45776868825864,1.2723536215026339,0.3124166625449534,0.08283189796722007,3.681932256010904e-05,26.701129117297185,44.613891002792755,nan,nan,nan
569.4,234.9857940673828,-201.49290466308594,-77.46302795410156,233.73799456206152,-201.17988745488591,-77.45806163029106,1.2864711588223032,0.31235603342876117,0.08282019299063544,3.603168247861181e-05,26.480916269124315,45.240483894563994,2.850683454246619,0.44917230818199677,nan
569.41,234.98614501953125,-201.48419189453125,-77.46412658691406,233.7380805682011,-201.17105181352352,-77.45915603115341,1.2867580547376145,0.3124024429802722,0.08284327059295268,3.675456442735167e-05,26.388337466617216,44.86659596320448,nan,nan,nan
569.42,234.9864959716797,-201.47547912597656,-77.46519470214844,233.73813748586412,-201.16221449696766,-77.46090690265017,1.2870711022007948,0.31244893548714814,0.0828664147308433,3.59925324827133e-05,26.147460507310864,44.70904658989923,nan,0.30622547138258166,nan
569.4300000000001,234.98681640625,-201.46676635742188,-77.46624755859375,233.73820954226684,-201.1533786659213,-77.46196628860125,1.2873419418486503,0.312495514266987,0.0828896255664507,3.6714534633862295e-05,26.05493718930114,45.00306466376153,nan,nan,nan
569.44,234.98715209960938,-201.45803833007812,-77.46727752685547,233.73821179750087,-201.14453760065888,-77.46500603974134,1.2876877514486968,0.3125421763899435,0.0829129032253455,3.5954821724844895e-05,25.622154115010968,43.239208895374325,nan,2.6752418747619595,nan
569.45,234.9874725341797,-201.44932556152344,-77.4682846069336,233.74700770697893,-201.14703600991916,-77.46600070552408,1.2767682549064874,0.3124814949186513,0.08290113238751767,3.665299993134732e-05,26.45035465500244,44.121509175399616,5.416249055139761,nan,nan
569.46,234.98777770996094,-201.44061279296875,-77.46927642822266,233.74705682234742,-201.13823181186078,-77.46734236833422,1.2770381040845857,0.31252796505588876,0.08292439099947194,3.589648582608166e-05,26.332835876832593,44.09238951190288,nan,0.06987750321776946,nan
569.47,234.98809814453125,-201.43190002441406,-77.47024536132812,233.74710954701348,-201.12942848513688,-77.46834541094391,1.2773195923704022,0.3125745212116339,0.08294771648770126,3.6616004159785204e-05,26.249671940947295,43.66480841561631,nan,nan,nan
569.48,234.98838806152344,-201.42318725585938,-77.47119903564453,233.74719800037795,-201.1206292658344,-77.46791597156746,1.2775386036140084,0.3126211608365088,0.08297110897233571,3.586168070650531e-05,26.37253691056936,44.22006774697193,nan,1.343298454383132,nan
569.49,234.9886932373047,-201.4144744873047,-77.47212982177734,233.7472386460505,-201.11182568916837,-77.46886821744562,1.2778170585894773,0.31266788667958345,0.08299456862358483,3.658049412338328e-05,26.285444048137368,43.82791635419141,nan,nan,nan
569.5,234.98898315429688,-201.40576171875,-77.47303771972656,233.76045193472615,-201.1042174293584,-77.46856365333926,1.2650051119243158,0.3126071493059982,0.08298272849090182,3.5806374989408674e-05,25.721125068737333,44.10548189563911,3.7413907049698945,1.02161972751706,nan
569.51,234.98927307128906,-201.3970489501953,-77.47393798828125,233.7605086842382,-201.0954045651026,-77.46946841830176,1.2652554014894528,0.31265368277794453,0.08300616834899727,3.6523643421262005e-05,25.631432788656408,43.67118273529621,nan,nan,nan
569.52,234.9895477294922,-201.38833618164062,-77.47481536865234,233.76051125572155,-201.08658574480225,-77.47211218711783,1.2655399192364947,0.31270029982592956,0.08302967537320412,3.5774427602300404e-05,25.210639193351838,43.62193009298241,nan,2.08233819467284,nan
569.53,234.9898223876953,-201.37962341308594,-77.47566986083984,233.7605568149799,-201.07777249042672,-77.47300074471906,1.2657862979011973,0.3127470028643118,0.08305324973931862,3.6491104445934106e-05,25.12422144690357,43.59018001612811,nan,nan,nan
569.54,234.99008178710938,-201.3708953857422,-77.47651672363281,233.76066480387365,-201.068967712569,-77.47132892097603,1.265959458984612,0.31279378984429485,0.08307689155918649,3.57438753593865e-05,25.606078388671392,43.1415050797144,nan,4.378583358209072,nan
569.5500000000001,234.99034118652344,-201.3621826171875,-77.47734069824219,233.7543866731385,-201.0497414488471,-77.47224918064093,1.2748446832387073,0.31273299835615903,0.08306497874144257,3.6437326328623395e-05,24.672770427420996,44.22290816128991,5.35693247356029,nan,nan
569.5600000000001,234.9906005859375,-201.3534698486328,-77.4781494140625,233.75441973877082,-201.04089798672842,-77.4728118753958,1.2750971512301024,0.3127795927459954,0.08308860000353535,3.569293463201767e-05,24.682787809728342,44.10273564548145,nan,0.04401114695814507,nan
569.57,234.99085998535156,-201.34475708007812,-77.47894287109375,233.75444078859684,-201.03205354608428,-77.47361145761595,1.2753604801174865,0.3128262729144573,0.08311228877945918,3.6407685104401635e-05,24.58926087660815,43.89247870665148,nan,nan,nan
569.58,234.99110412597656,-201.33604431152344,-77.4797134399414,233.75442658480426,-201.02320459439167,-77.47560140560644,1.275639815261901,0.3128730371057356,0.08313604517553547,3.566514810961575e-05,24.206143146188033,43.98418280335026,nan,0.9873306778258097,nan
569.59,234.99134826660156,-201.32733154296875,-77.48047637939453,233.75443757312416,-201.0143600260545,-77.47638314219566,1.2758981105986122,0.31291988729599396,0.08315986937577295,3.637945345511043e-05,24.11674917046708,43.557358024835224,nan,nan,nan
569.6,234.9915771484375,-201.31861877441406,-77.4812240600586,233.73791203347213,-200.99348592047133,-77.47665659222845,1.2951480436446121,0.31285903897619144,0.08314788041393661,3.561704407845843e-05,23.88872826803022,44.28438956410524,4.037460353751023,0.16648033162641535,nan
569.61,234.9918212890625,-201.30990600585938,-77.4819564819336,233.73789002051106,-200.98461478671763,-77.477404990145,1.2954453749885597,0.31290569620587433,0.08317168327934725,3.633006287572964e-05,23.798769190466757,43.79450773568471,nan,nan,nan
569.62,234.99203491210938,-201.30117797851562,-77.48267364501953,233.7378582847088,-200.97574289944276,-77.47835369563172,1.2957182044610378,0.3129524375235657,0.0831955539280702,3.559193624821453e-05,23.678801695236046,43.2901689908988,nan,0.031249403789108614,nan
569.63,234.9922637939453,-201.29246520996094,-77.4833755493164,233.7378268387913,-200.96687191644463,-77.47907697769989,1.2960098552699324,0.31299926465055283,0.08321949254941924,3.630460445883617e-05,23.589168681159762,43.779862788302204,nan,nan,nan
569.64,234.9924774169922,-201.28375244140625,-77.48406219482422,233.73778890333946,-200.958000586931,-77.47987394157487,1.2962928212604672,0.3130461762125822,0.08324349924182209,3.5568128520188865e-05,23.49867985191698,43.97792820340902,nan,0.005165258236982224,nan
569.65,234.99269104003906,-201.27503967285156,-77.48473358154297,233.7024984266739,-200.93195693565508,-77.48050297206366,1.3350358205684192,0.3129852721066359,0.08323143075127683,3.6258040153891386e-05,23.81364789321472,44.811584806192165,11.771772294062277,nan,nan
569.66,234.99290466308594,-201.26632690429688,-77.48539733886719,233.70236135960752,-200.92305250864692,-77.4827460018067,1.335419918396469,0.3130319904634753,0.08325541531417902,3.552404606685292e-05,23.44486114264712,44.16859438770192,nan,1.6655369718422892,nan
569.67,234.9931182861328,-201.2576141357422,-77.48604583740234,233.7022535199147,-200.91415453746362,-77.48343278253677,1.3357781134487625,0.3130787944530027,0.08327946801471293,3.623524947660865e-05,23.36298381084397,44.09580449424339,nan,nan,nan
569.6800000000001,234.99331665039062,-201.24888610839844,-77.48667907714844,233.7021129592653,-200.90525058988825,-77.48548611620835,1.3361488557467127,0.31312568292143816,0.08330358894635113,3.550277764766277e-05,23.143517727273903,43.189553936428275,nan,1.3037481556450905,nan
569.69,234.99351501464844,-201.24017333984375,-77.4873046875,233.70199680961642,-200.89635232330644,-77.48616251338596,1.3365004563798633,0.31317265726003524,0.08332777830580063,3.621374994046279e-05,23.067112077105957,43.87448719107732,nan,nan,nan
569.7,234.99371337890625,-201.23146057128906,-77.4879150390625,233.6971505148005,-200.88268964006812,-77.48678815497112,1.342653228838538,0.3131116958582951,0.08331562683731163,3.691580036110183e-05,22.801156321781807,44.03101735023323,0.7769334051192234,nan,nan
569.71,234.993896484375,-201.22274780273438,-77.48851013183594,233.69702127935358,-200.87377898039418,-77.48744126350408,1.3430062095330648,0.3131584766330313,0.08333979326037189,3.7654666452613496e-05,22.724852202487444,44.28353066779599,nan,nan,nan
569.72,234.99407958984375,-201.2140350341797,-77.48909759521484,233.69675991403506,-200.86507332543468,-77.48657948212936,1.3434355050779785,0.3127290949032335,0.08260119556628585,3.683412091368325e-05,30.377779397453523,51.71835902549742,nan,1.4381113795108789,5.163562193481146e-05
569.73,234.9942626953125,-201.20530700683594,-77.48966979980469,233.6966225821399,-200.8561629188155,-77.48719585522005,1.343792237630521,0.31277474213046363,0.0826222779532623,3.7571011936055676e-05,30.269296016466786,50.71446864796332,nan,nan,nan
569.74,234.99444580078125,-201.19659423828125,-77.490234375,233.69656528480616,-200.84719832945865,-77.48592039976282,1.3440944703524735,0.3128204698005345,0.08264342096936816,3.675734506768357e-05,30.51161534428421,51.793773205081834,nan,2.260935553912852,nan
569.75,234.99461364746094,-201.18788146972656,-77.49078369140625,233.71249827206063,-200.84643616597512,-77.48642919706212,1.3268095918076503,0.3127593822595436,0.0826319400579048,3.7468526125255966e-05,30.337689632818723,51.620199065136134,2.619419286568122,nan,nan
569.76,234.9947967529297,-201.17916870117188,-77.49132537841797,233.71240138512027,-200.83752246283194,-77.48641740240065,1.32713379874806,0.3128049209987873,0.08265307060609738,3.666048612968229e-05,30.38868370507614,51.23541555222796,nan,0.21378681072868544,nan
569.77,234.99496459960938,-201.1704559326172,-77.49185943603516,233.712275876337,-200.82862468265787,-77.4869669383106,1.3274648397576634,0.3128505460127727,0.08267426437728706,3.7392931701609964e-05,30.270993676653607,51.306992638344795,nan,nan,nan
569.78,234.99513244628906,-201.16172790527344,-77.49237823486328,233.71203324101666,-200.81980105631715,-77.49019926658765,1.327878868161779,0.31289625176133196,0.08269551911298902,3.6589343776245445e-05,29.662872182666582,49.848774768501585,nan,4.675226290545934,nan
569.79,234.9952850341797,-201.15301513671875,-77.49288177490234,233.71190093905764,-200.81090340921543,-77.49075637424758,1.3282016740824723,0.3129420439115094,0.08271683731042696,3.732019233324005e-05,29.553236180970778,51.188594391225934,nan,nan,nan
569.8000000000001,234.99545288085938,-201.14430236816406,-77.4933853149414,233.68748203009028,-200.77504281816564,-77.49227196828693,1.3590958764073409,0.31288092186686467,0.08270532918629807,3.649830273063827e-05,27.31246938302549,51.453708712029176,37.17217441361494,0.6544733082998899,nan
569.8100000000001,234.99560546875,-201.13558959960938,-77.4938735961914,233.6873252675674,-200.7660659906583,-77.4928202020946,1.3594652963638947,0.3129265247056315,0.08272663436278734,3.722674102058741e-05,27.207484994958634,51.80698260264855,nan,nan,nan
569.82,234.99575805664062,-201.12686157226562,-77.49435424804688,233.68718057032294,-200.7570790357656,-77.4929805462044,1.3598220652183373,0.31297220854041113,0.08274800082928134,3.6432633287635216e-05,27.13157816801199,50.55735670656368,nan,0.09352652549950602,nan
569.83,234.9958953857422,-201.11814880371094,-77.49481964111328,233.6870176092727,-200.7481019506648,-77.49350766591574,1.3601828658176889,0.31301797842030593,0.08276943087488864,3.7159682242672446e-05,27.0251983795795,52.00215042977693,nan,nan,nan
569.84,234.9960479736328,-201.10943603515625,-77.49527740478516,233.68679636981344,-200.73916144508505,-77.4954427246723,1.360603932629431,0.31306382972704816,0.08279092254597746,3.636959990582732e-05,26.880646263617752,51.4420430434582,nan,1.30978694138837,nan
569.85,234.99618530273438,-201.10072326660156,-77.4957275390625,233.68280892751426,-200.72892501936192,-77.49591159981475,1.3649877191810773,0.313002677792636,0.08277938634447894,3.707205770549217e-05,26.9558350688299,51.66214502976872,0.3198676221143303,nan,nan
569.86,234.996337890625,-201.0919952392578,-77.49617004394531,233.68255641762556,-200.7199962580922,-77.49836592031035,1.3654339320003106,0.31304833971798607,0.0828008645334164,3.6286843512257795e-05,26.99251229592293,50.27212648316497,nan,2.4660616424544735,nan
569.87,234.99647521972656,-201.08328247070312,-77.4966049194336,233.68237429782727,-200.7110184766705,-77.49889265864428,1.365813657839314,0.3130940873584472,0.08282240642162313,3.701048334711345e-05,26.902869730635352,51.44354780141258,nan,nan,nan
569.88,234.99659729003906,-201.07456970214844,-77.49703216552734,233.68215093484426,-200.70206671483132,-77.50046249855988,1.3662135497168062,0.31313991664606694,0.08284401024825254,3.622902039823372e-05,26.98743341941767,51.75567632236546,nan,0.726480018620005,nan
569.89,234.99673461914062,-201.0658416748047,-77.49744415283203,233.68196325905325,-200.6930889438532,-77.5009846044907,1.366594622606039,0.31318583180891274,0.08286567801967043,3.69515439716041e-05,26.90712168392941,50.51809724685837,nan,nan,nan
569.9,234.9968719482422,-201.05712890625,-77.49785614013672,233.69177378993737,-200.69310299217852,-77.50167559522053,1.354920904393807,0.31312464485625524,0.08285410858739761,3.615157209326035e-05,27.419493148833666,50.75224899074278,3.1244658084737207,0.026184439990189105,nan
569.91,234.9969940185547,-201.0484161376953,-77.49825286865234,233.69159157297514,-200.6841489378568,-77.50218451784775,1.35527915783747,0.3131703702829362,0.08287576229325617,3.687216282002048e-05,27.33836667213374,51.17443815198387,nan,nan,nan
569.92,234.9971160888672,-201.03970336914062,-77.49864196777344,233.69141312264554,-200.67519046193812,-77.50249999610328,1.3556344565921234,0.31321617755134823,0.08289747824087762,3.60987547614514e-05,27.235223739222693,51.01166370721123,nan,0.023033066699996864,nan
569.9300000000001,234.9972381591797,-201.03097534179688,-77.49903106689453,233.69122582403034,-200.66623641688972,-77.50299316548869,1.3559935107256047,0.3132620704015386,0.0829192582588086,3.6818399964099064e-05,27.155880101223453,49.55585393218417,nan,nan,nan
569.94,234.9973602294922,-201.0222625732422,-77.49940490722656,233.6910168190045,-200.65729557081656,-77.5040585578489,1.3563759344106252,0.31330804549416075,0.08294110084727181,3.604833966934469e-05,27.235117183221757,50.93039270244245,nan,0.22293262461142122,nan
569.95,234.9974822998047,-201.0135498046875,-77.49977111816406,233.6730088236716,-200.63180129888428,-77.50459142772755,1.3783994871035457,0.31324682673334364,0.08292949678143395,3.674426375553895e-05,26.276231339399267,51.71761452010593,10.735982051425417,nan,nan
569.96,234.99758911132812,-201.00482177734375,-77.50013732910156,233.67285504969948,-200.62276143539165,-77.50323930183389,1.3787313230526521,0.3132926119790462,0.08295132479655386,3.5978363834689834e-05,25.818099167741785,50.14962282062485,nan,2.24022912382111,nan
569.97,234.99771118164062,-200.99610900878906,-77.50048828125,233.67263946566652,-200.61376281037755,-77.50369506236267,1.3791352186639991,0.31333848253523294,0.0829732170099666,3.6695447685149145e-05,25.73720102889726,51.110340420678625,nan,nan,nan
569.98,234.99790954589844,-200.98739624023438,-77.50093841552734,233.67250231916134,-200.60473844721741,-77.50302973937049,1.3795418358567293,0.313384435493681,0.0829951720851667,3.593264096330469e-05,25.488383505062824,50.90776168205169,nan,0.9098591731669241,nan
569.99,234.99813842773438,-200.97866821289062,-77.50148010253906,233.67239189919835,-200.59573940348346,-77.5036143181906,1.379943073418526,0.31343047395078943,0.08301719161072155,3.6649000352654315e-05,25.400465190811985,50.073625228210844,nan,nan,nan
570.0,234.99839782714844,-200.96995544433594,-77.50211334228516,233.66451590045637,-200.58425241158378,-77.50332345217811,1.3885277412410322,0.31336921944839013,0.08300554813919785,3.5867392082090625e-05,25.538048727372637,51.09740249902548,1.0143013782449275,0.7320408200160672,nan
570.01,234.9986572265625,-200.96124267578125,-77.50284576416016,233.66443197032092,-200.57525213178428,-77.50408669486934,1.3889374623635913,0.31341506772419386,0.08302755247824357,3.658220449274753e-05,25.44673311848455,50.848404406306685,nan,nan,nan
570.02,234.99893188476562,-200.9525146484375,-77.503662109375,233.66436028927262,-200.5662454126605,-77.5046385369311,1.389347407747704,0.3134609985404284,0.08304961996113944,3.582613346771895e-05,25.34203167448051,49.69776194866226,nan,0.0620733924921006,nan
570.03,234.9991912841797,-200.9438018798828,-77.50457000732422,233.6642786563908,-200.55724488331597,-77.50558242265478,1.3897550361160167,0.3135070146144987,0.08307175202723306,3.6540359131331525e-05,25.25136252989875,50.873999388686215,nan,nan,nan
570.04,234.99945068359375,-200.93508911132812,-77.50556945800781,233.66422361578066,-200.54822329005574,-77.50558015343287,1.3901426136925292,0.31355311360443494,0.08309394755957183,3.578701026209093e-05,25.13182385585534,50.5792098316105,nan,0.7247921140327414,nan
570.0500000000001,234.99969482421875,-200.92636108398438,-77.50665283203125,233.67492673602027,-200.5367410490099,-77.50677338222665,1.3808744597880465,0.3134918254662817,0.08308226282212149,3.647817798769976e-05,23.926946002081152,49.81472286028576,8.264119063859521,nan,nan
570.0600000000001,234.99993896484375,-200.9176483154297,-77.50782012939453,233.67488431944193,-200.52770305140965,-77.50717062865874,1.3812413055233363,0.31353773412882635,0.08310444261533342,3.5728345783159525e-05,23.846674786172645,50.862719266278766,nan,0.43926539200835013,nan
570.07,235.00018310546875,-200.908935546875,-77.50907897949219,233.67481498510247,-200.51868113067496,-77.50845249279367,1.3816293122007999,0.3135837278266578,0.08312668712663195,3.644068975631722e-05,23.754732624088426,50.42915709158055,nan,nan,nan
570.08,235.00042724609375,-200.90020751953125,-77.51042175292969,233.6747336274336,-200.5096646779626,-77.5100907904336,1.3820229343947006,0.31362980454948636,0.0831489953747784,3.5693349338071923e-05,23.658911951011994,49.172607814570824,nan,0.04950612167668643,nan
570.09,235.0006561279297,-200.89149475097656,-77.51184844970703,233.67465476284872,-200.50064319386902,-77.51154693050313,1.3824053858415817,0.3136759665191921,0.08317136859923435,3.6405281597510495e-05,23.56784051067135,50.40326188229833,nan,nan,nan
570.1,235.0009002685547,-200.88278198242188,-77.51335144042969,233.67034286686754,-200.49427731870847,-77.5146947453595,1.386117122533174,0.3136146417374762,0.08315963814344086,3.563880218023754e-05,24.226386799677105,50.27419190701373,2.7885620209524524,1.606289446302112,nan
570.11,235.00111389160156,-200.87405395507812,-77.51494598388672,233.670241459392,-200.48527049826674,-77.51633507704727,1.386497723288937,0.31366061306100473,0.08318199498637145,3.6349492905036266e-05,24.140906174249313,49.1913171640798,nan,nan,nan
570.12,235.0013427734375,-200.86534118652344,-77.51661682128906,233.67010025776437,-200.4762896184916,-77.5194807823557,1.386930409356122,0.31370666750062887,0.08320441582805779,3.56076965951221e-05,24.2300579055426,50.18660596671501,nan,1.3804103796093372,nan
570.13,235.00155639648438,-200.85662841796875,-77.51836395263672,233.66998955831988,-200.46728287309833,-77.52129890187607,1.387324335451831,0.31375280698962915,0.08322690178516162,3.6318084459925545e-05,24.148385701424246,50.465871477421196,nan,nan,nan
570.14,235.00177001953125,-200.847900390625,-77.52017974853516,233.66988278751472,-200.4582701023281,-77.5228416926775,1.387711225836841,0.31379902994924364,0.08324945205749823,3.557844660293371e-05,24.02456475056332,49.02925417401592,nan,0.08325129073643986,nan
570.15,235.00196838378906,-200.8391876220703,-77.52201080322266,233.67916314564528,-200.46066056511972,-77.52477001739854,1.3759011752910095,0.31373766977604556,0.08323767364159272,3.62662702518069e-05,24.790431863904633,49.64366989658717,5.88946630249744,nan,nan
570.16,235.00218200683594,-200.83047485351562,-77.52383422851562,233.67898710409597,-200.45173196938248,-77.52929847595098,1.3763432642035813,0.31378370191292554,0.08326020693682515,3.552957624765255e-05,25.334421758479944,49.64784632653591,nan,4.616030490233421,nan
570.17,235.00238037109375,-200.82176208496094,-77.52562713623047,233.67886648513567,-200.442759090191,-77.53123994767937,1.3767221143065849,0.3138298189165197,0.08328280548814045,3.6238615492647376e-05,25.27651602717273,50.055888694441705,nan,nan,nan
570.1800000000001,235.00257873535156,-200.8130340576172,-77.52739715576172,233.67874459880372,-200.43378423346172,-77.53302942379275,1.3770980257971843,0.31387601945784904,0.0833054686058784,3.550387614125473e-05,25.21649631579232,48.57230253959091,nan,0.011002207793488154,nan
570.19,235.0027618408203,-200.8043212890625,-77.52912902832031,233.67861591879276,-200.4248115506065,-77.53491473984792,1.3774699774815493,0.3139223050967583,0.08332819724359189,3.62127477103989e-05,25.160701534200786,50.00759687361634,nan,nan,nan
570.2,235.00294494628906,-200.7956085205078,-77.53083038330078,233.6488553952427,-200.39728507083575,-77.53509929509377,1.4114667216833388,0.3138609072267281,0.08331636667831367,3.5458517180809326e-05,24.487427467310283,50.45232341113565,10.076043837782867,1.841282504536401,nan
570.21,235.0031280517578,-200.78689575195312,-77.53250122070312,233.64867508174154,-200.38827508725524,-77.53690411717754,1.4118996663387382,0.31390700173552316,0.08333907766775928,3.616638347094598e-05,24.424493691889122,50.15943275943826,nan,nan,nan
570.22,235.00331115722656,-200.77816772460938,-77.53414154052734,233.64848309596522,-200.37927126593348,-77.5390630366956,1.4123390816124413,0.3139531798343433,0.08336185346668198,3.543613479395849e-05,24.489619077138478,48.96074645847135,nan,0.10267566071293324,nan
570.23,235.0034942626953,-200.7694549560547,-77.5357437133789,233.64829519123205,-200.3702615386571,-77.5408078643171,1.4127793718104644,0.31399944286833703,0.08338469492972869,3.61439175735743e-05,24.431953838731882,50.095547873155375,nan,nan,nan
570.24,235.003662109375,-200.7607421875,-77.53731536865234,233.64809471202068,-200.3612590695993,-77.542986619201,1.4132168599830734,0.3140457898298121,0.08340760151335826,3.541533030709506e-05,24.546427660402518,50.314209017333454,nan,0.14919779319399806,nan
570.25,235.0038299560547,-200.7520294189453,-77.53885650634766,233.6434990203874,-200.35525796885355,-77.54467649577083,1.4170256562314802,0.31398435486817594,0.08339571624552813,3.6100906066647454e-05,25.241121117637128,50.155330146647685,2.827935714447271,nan,nan
570.26,235.00399780273438,-200.74331665039062,-77.54036712646484,233.6432870103127,-200.3462643305927,-77.54633406480582,1.4174695797874908,0.31403051100301993,0.08341860485510766,3.6822065094674294e-05,25.187061967167775,50.01100045617816,nan,nan,nan
570.27,235.00416564941406,-200.73458862304688,-77.5418472290039,233.64307169751874,-200.3372707852847,-77.54796222624994,1.4179124102995144,0.3140767514172144,0.08344155896462531,3.755767739559541e-05,25.1355772567577,48.82022259499339,nan,nan,nan
570.28,235.0043182373047,-200.7258758544922,-77.54329681396484,233.64286282503278,-200.3282697368772,-77.54902573748542,1.4183385649886449,0.31412307575273807,0.08346457840368045,3.674390803175077e-05,24.95051783895757,49.9030716319164,nan,0.18355089700648433,nan
570.29,235.00448608398438,-200.7171630859375,-77.54471588134766,233.64264119473148,-200.31927628136876,-77.55059140654751,1.4187917160142016,0.31416948515817833,0.08348766394512121,3.747777881083251e-05,24.8974222772205,49.57042991686001,nan,nan,nan
570.3000000000001,235.004638671875,-200.7084503173828,-77.54610443115234,233.63369053108633,-200.31018719653812,-77.55011030729793,1.4276303321240256,0.31410801128509785,0.08347571997566809,3.66459905283326e-05,25.005295336877055,49.463988559563376,2.6826297670565893,2.4021651593004982,nan
570.3100000000001,235.00479125976562,-200.69973754882812,-77.54747009277344,233.63344270278128,-200.30120269529652,-77.5516006140015,1.4280910179075117,0.31415422905803386,0.08349878653266453,3.737730661888187e-05,24.943138070960583,49.137634186120984,nan,nan,nan
570.32,235.0049285888672,-200.69102478027344,-77.54881286621094,233.63319080369092,-200.29221906909106,-77.55312489838124,1.4285409130204858,0.31420053078042837,0.08352191864899403,3.657393217179164e-05,24.913803767328428,49.11092234547767,nan,0.002352722281582196,nan
570.33,235.0050811767578,-200.6822967529297,-77.55012512207031,233.63293696910824,-200.2832346807522,-77.55456339770234,1.4290031358704005,0.3142469174308282,0.08354511701141057,3.7303728668487363e-05,24.855797527902826,47.85274967157838,nan,nan,nan
570.34,235.00521850585938,-200.673583984375,-77.55140686035156,233.6326802954892,-200.27425017715882,-77.5559764096539,1.4294577675792923,0.31429338873710944,0.08356838149390515,3.804805931743234e-05,24.796326374305657,49.19046287536162,nan,nan,nan
570.35,235.00535583496094,-200.6648712158203,-77.55266571044922,233.62287406575985,-200.2490863580471,-77.55731868125501,1.4436601193716605,0.31423187614935294,0.08355637606582685,3.878160754643229e-05,23.44592722811586,49.74138563629329,13.660449726911773,nan,nan
570.36,235.0054931640625,-200.65615844726562,-77.55390167236328,233.6226041408062,-200.24005772539226,-77.55909951797288,1.4441429565611812,0.31427815519226254,0.08357962061843086,3.788923696498002e-05,23.52160551705995,49.64607033379251,nan,0.10477304685719406,nan
570.37,235.00563049316406,-200.64744567871094,-77.55510711669922,233.62233777471616,-200.23102406622687,-77.56044306225529,1.4446225031369981,0.3143245190617005,0.08360293158200773,3.86440119192097e-05,23.46674334283579,49.7558807679287,nan,nan,nan
570.38,235.00575256347656,-200.63873291015625,-77.5562973022461,233.62204816780005,-200.2220076998447,-77.56320705025142,1.4451108954475465,0.3143709671912517,0.08362630861453846,3.775994091422704e-05,23.915315784387648,50.01284537070195,nan,1.260624995738236,nan
570.39,235.00588989257812,-200.6300048828125,-77.55745697021484,233.62177659348438,-200.21297420113754,-77.56451855173428,1.445591256240849,0.31441750040055444,0.08364975232820664,3.8511639238884134e-05,23.870079560118135,48.83929880817228,nan,nan,nan
570.4,235.00601196289062,-200.6212921142578,-77.55859375,233.65054719915463,-200.20829780836868,-77.56498561290114,1.4170003099287123,0.31435594760738345,0.08363768158130833,3.7611737625824e-05,22.183513783707394,49.16945889457045,16.085229234440362,0.4415791156896059,nan
570.41,235.00613403320312,-200.61257934570312,-77.5597152709961,233.65033068918132,-200.19925078745817,-77.56624492849726,1.417422252241249,0.3144022886641493,0.08366110490754224,3.835958866854922e-05,22.13099354786667,48.77249739582832,nan,nan,nan
570.42,235.00625610351562,-200.60386657714844,-77.56080627441406,233.6501252383302,-200.19019231114095,-77.5664521064857,1.4178325702582844,0.3144487139862958,0.08368459451833941,3.749237124942634e-05,21.792417585946698,48.65709967909264,nan,0.6519017658274673,nan
570.4300000000001,235.00637817382812,-200.59515380859375,-77.56188201904297,233.6499041101163,-200.18114514308698,-77.56765892748702,1.4182589443781948,0.31449522426550514,0.08370815095454148,3.8237512003928865e-05,21.738245177905466,48.28485980755704,nan,nan,nan
570.44,235.00648498535156,-200.58644104003906,-77.56292724609375,233.64967555093088,-200.17210231323162,-77.56925594235636,1.4186784252471631,0.31454181912725465,0.08373177398001078,3.7377724857024316e-05,21.859773471642413,48.95377087834512,nan,0.10416981045679218,nan
570.45,235.00660705566406,-200.5777130126953,-77.56395721435547,233.6837816945341,-200.17897745626706,-77.57043455221995,1.3816290876767758,0.3144802260008031,0.0837196349821818,3.809593937256486e-05,21.418106088185,46.155065594073506,10.905591291673975,nan,nan
570.46,235.0067138671875,-200.56900024414062,-77.56497192382812,233.683624309908,-200.16994214369342,-77.57048260470157,1.3819709518359242,0.31452662846972207,0.0837432369101177,3.724439881835621e-05,21.055495115556358,46.9298247514385,nan,0.7563800029203757,nan
570.47,235.00682067871094,-200.56028747558594,-77.56595611572266,233.68345164121084,-200.1609180826032,-77.57160349369659,1.3823289819515945,0.31457311578184644,0.08376690580868726,3.79836733163339e-05,21.003613910528163,47.18187131256832,nan,nan,nan
570.48,235.00692749023438,-200.55157470703125,-77.56692504882812,233.68326415566318,-200.15190507806682,-77.57384414938579,1.382703261570329,0.314619687666763,0.08379064150247,3.713901815864848e-05,21.377349341933595,47.31540361231063,nan,0.8109087101873473,nan
570.49,235.0070343017578,-200.54286193847656,-77.56787872314453,233.68308735121045,-200.1428808943566,-77.57493893174961,1.383065511848411,0.31466634466014404,0.08381444444216975,3.787606540078942e-05,21.329203178103562,47.03321697975225,nan,nan,nan
570.5,235.00714111328125,-200.5341339111328,-77.56880950927734,233.68511556966936,-200.1429518023605,-77.57713994235002,1.3787111286636642,0.3146047099783865,0.08380223346715862,3.701507359546949e-05,22.720477566383412,46.08868663469251,6.242369808279424,0.9858510763877303,nan
570.51,235.00723266601562,-200.52542114257812,-77.56971740722656,233.68492916581528,-200.13395778916637,-77.57820836191861,1.379058446918784,0.31465117428226297,0.08382601455212768,3.7749114974858634e-05,22.680142310566513,47.509484040081816,nan,nan,nan
570.52,235.00733947753906,-200.51670837402344,-77.57061767578125,233.68474498144212,-200.12495987784672,-77.57883515932798,1.3794167653028142,0.31469772314027333,0.08384986263114123,3.691850127799491e-05,22.525398854445182,46.59490871841254,nan,0.1139908083702638,nan
570.53,235.00743103027344,-200.50799560546875,-77.57148742675781,233.68455464897414,-200.11596582664023,-77.57986485864262,1.37976789680469,0.31474435700436965,0.0838737781035856,3.765061110186142e-05,22.48585033218597,47.203666583629385,nan,nan,nan
570.54,235.0075225830078,-200.49928283691406,-77.57234954833984,233.6843562414687,-200.1069772103718,-77.5815164900601,1.380129307282196,0.31479107572982173,0.08389776087033747,3.682611261282197e-05,22.82972001998402,47.132248952304614,nan,0.25970970494349077,nan
570.5500000000001,235.0076141357422,-200.4905548095703,-77.57318878173828,233.67412216060632,-200.09826966398984,-77.58241811195394,1.3900264974924361,0.3147293990892303,0.08388547482071979,3.7532838195648244e-05,23.4642955867757,46.23940281615705,3.4923796468641215,nan,nan
570.5600000000001,235.00770568847656,-200.48184204101562,-77.57401275634766,233.67390300840304,-200.08928605534476,-77.58340324250449,1.3904020902197993,0.31477592498618107,0.08390943509214997,3.827671952123289e-05,23.425543467401564,47.116916718732654,nan,nan,nan
570.57,235.00779724121094,-200.47312927246094,-77.57482147216797,233.6736818469504,-200.0803024265399,-77.58437284891181,1.3907796536033143,0.3148225356742029,0.08393346279960814,3.903523973723222e-05,23.38625900545669,46.96722617287611,nan,nan,nan
570.58,235.0078887939453,-200.46441650390625,-77.57561492919922,233.6734702466325,-200.07130780665858,-77.58392496783918,1.3911421077684407,0.31486923118459137,0.08395755798358788,3.812232742850624e-05,22.788478921470475,46.25699776866298,nan,1.1660607568600692,nan
570.59,235.00796508789062,-200.45570373535156,-77.5763931274414,233.67324524469942,-200.0623241219115,-77.58485066674668,1.391508573473307,0.31491601188801616,0.08398172099615692,3.887732571864403e-05,22.744206542581402,46.44080320598772,nan,nan,nan
570.6,235.008056640625,-200.4469757080078,-77.57715606689453,233.66986418183308,-200.0509041648721,-77.58491157004853,1.3955973172368359,0.31485429225949135,0.0839693562570694,3.7950200895127134e-05,22.394247347321215,44.87336052895003,0.16939773192222157,0.4194964984615428,nan
570.61,235.0081329345703,-200.43826293945312,-77.5779037475586,233.66963149244432,-200.04191450473408,-77.5857997060088,1.3959729719580656,0.3149008797201245,0.08399349588567187,3.8700937872718464e-05,22.348445689264132,46.11040202284135,nan,nan,nan
570.62,235.00820922851562,-200.42955017089844,-77.57862854003906,233.66940295254633,-200.03291900717977,-77.58586327935438,1.396341958855546,0.3149475519689632,0.08401770317686341,3.780841547248463e-05,22.0504091001351,45.998313600652736,nan,0.3961157372504689,nan
570.63,235.00830078125,-200.42083740234375,-77.579345703125,233.6691667519729,-200.02392946270345,-77.58671564373246,1.3967355429507626,0.31499430932039196,0.0840419784435168,3.855606623410642e-05,22.004742723349462,45.34785171120597,nan,nan,nan
570.64,235.0083770751953,-200.41212463378906,-77.58004760742188,233.6689440123381,-200.01492449519571,-77.58527231554778,1.3970956221922048,0.315041151761024,0.08406632167027331,3.767257982928093e-05,21.250022718452456,44.86325447594897,nan,3.165277047438972,nan
570.65,235.00845336914062,-200.4033966064453,-77.58074188232422,233.69838754020319,-200.0120512024157,-77.58600030246832,1.3672788129664881,0.31497938857796276,0.08405387504521884,3.8392818406552855e-05,20.036392371927448,42.9260884019135,13.21980292543788,nan,nan
570.66,235.00852966308594,-200.39468383789062,-77.58141326904297,233.6981941227937,-200.00306634909072,-77.58855367978965,1.3676236584501393,0.3150260375040076,0.08407819410917511,3.751911833493742e-05,20.605116143267058,44.764093783452005,nan,1.9065678106004258,nan
570.67,235.0085906982422,-200.38597106933594,-77.58207702636719,233.6980100872152,-199.99407019469922,-77.58934756050017,1.3679403109081372,0.31507277144674345,0.08410258129505879,3.826023941087603e-05,20.557378262827488,44.79431131316298,nan,nan,nan
570.6800000000001,235.0086669921875,-200.37725830078125,-77.58271789550781,233.69783613006243,-199.9850615289012,-77.58808779154026,1.3682560771858765,0.3151195904357942,0.08412703661957269,3.7394853887580646e-05,19.877789432663516,44.02424899051478,nan,2.5703830241885424,nan
570.69,235.0087432861328,-200.3685302734375,-77.58335876464844,233.69764927307693,-199.97606510136484,-77.58883737671079,1.3685855609172275,0.31516649472096614,0.08415156034781969,3.813345928180318e-05,19.826607839356157,42.489980529382144,nan,nan,nan
570.7,235.00880432128906,-200.3598175048828,-77.58397674560547,233.72968406651356,-200.01655790296348,-77.58951447567004,1.3243890844238486,0.31155639993835144,0.07948345516601749,3.725099849001479e-05,28.762653756852004,50.38935012963867,27.771205457398302,0.01742057129914754,0.15322615005075257
570.71,235.0088653564453,-200.35110473632812,-77.58458709716797,233.72947961080234,-200.00765504751726,-77.590241647871,1.3246952664074665,0.3116059414114933,0.07949973308020171,3.798628853076853e-05,28.68100833227866,50.13484041673184,nan,nan,nan
570.72,235.00894165039062,-200.34239196777344,-77.5851821899414,233.72922549443342,-199.99868870659836,-77.5902215481722,1.325077645533138,0.31165555992077204,0.07951606021557824,3.713770829730515e-05,28.42471159531834,49.63724309546635,nan,0.3389404596034963,nan
570.73,235.00900268554688,-200.3336639404297,-77.58576965332031,233.72901830144212,-199.98978570526944,-77.59091930948205,1.3253825044595722,0.3117052693557765,0.07953246046561566,3.787083010308377e-05,28.344309733433263,48.740441731888815,nan,nan,nan
570.74,235.00906372070312,-200.324951171875,-77.58634185791016,233.7289187446276,-199.9810249090827,-77.59328869310878,1.3255582569351496,0.3117550563305479,0.0795489107261092,3.702956028936676e-05,28.848471113423894,50.363390601559644,nan,1.7809467516030693,nan
570.75,235.00912475585938,-200.3162384033203,-77.58690643310547,233.70280084986982,-199.96301560103097,-77.59401562601545,1.3532549782065386,0.3116928754510873,0.07953784251944658,3.773703037545725e-05,29.62100127510127,50.75837125588845,6.734450648578116,nan,nan
570.76,235.00918579101562,-200.30751037597656,-77.58745574951172,233.7025237165217,-199.95408033552457,-77.59435531093978,1.3536344315813407,0.3117424548179337,0.07955430447465532,3.69037938338882e-05,29.476974346192335,49.73586034565162,nan,0.07496900423847361,nan
570.77,235.00924682617188,-200.29879760742188,-77.58799743652344,233.7022674064842,-199.94517365906117,-77.59502556434995,1.3539920586628647,0.31179212463175854,0.0795708387645658,3.7632121601080044e-05,29.40297295168421,50.52202089462718,nan,nan,nan
570.78,235.00930786132812,-200.2900848388672,-77.58853149414062,233.70190574435816,-199.93613248598936,-77.59403307685758,1.354478804181776,0.3118418723472501,0.0795874242793672,3.6805583236939956e-05,28.81661166773746,49.825068990576376,nan,1.7409552139452589,nan
570.79,235.00936889648438,-200.2813720703125,-77.58905029296875,233.70164700874773,-199.92722580967128,-77.5946678465882,1.3548386127138259,0.3118917105903753,0.07960408194956865,3.7532190467734e-05,28.73926487998909,49.87075027849521,nan,nan,nan
570.8000000000001,235.00941467285156,-200.27264404296875,-77.58955383300781,233.70738045305401,-199.91863426206547,-77.59515972891752,1.3493136998370507,0.3118294177430702,0.07959306361680572,3.668971679164464e-05,28.255460887988814,49.144395080258086,1.3960419768621013,0.001317280852448353,nan
570.8100000000001,235.0094757080078,-200.26393127441406,-77.59005737304688,233.70712971288822,-199.90972034472227,-77.59577347362013,1.3496677915409154,0.31187904785688153,0.07960973204036598,3.7413831532030646e-05,28.177122272572888,49.431659304105644,nan,nan,nan
570.82,235.009521484375,-200.25521850585938,-77.59054565429688,233.70698287164979,-199.90094039952527,-77.59809135600314,1.3498802731657529,0.31192875621990573,0.0796264528365713,3.6600823065503924e-05,28.763474864898445,50.46304407149099,nan,1.8915747518016974,nan
570.83,235.00958251953125,-200.24649047851562,-77.59102630615234,233.7067298818351,-199.89202647320406,-77.59870404254158,1.3502328222382356,0.3119785546510974,0.07964324509854642,3.732348721634699e-05,28.695273982697284,49.03650935921495,nan,nan,nan
570.84,235.00962829589844,-200.23777770996094,-77.59149169921875,233.70653566735984,-199.88318832176344,-77.600300132569,1.350504210016385,0.31202843181806184,0.079660090447832,3.651632735785436e-05,29.14552720999927,50.94063994675568,nan,0.6371827365844367,nan
570.85,235.0096893310547,-200.22906494140625,-77.59194946289062,233.70833607867894,-199.88588091619934,-77.60090391008028,1.3458735990986022,0.31196603911163284,0.07964913814471347,3.721464746910375e-05,30.72927996395642,50.10785698028577,16.447084378083336,nan,nan
570.86,235.00973510742188,-200.2203369140625,-77.59239959716797,233.7079927409769,-199.87690623033282,-77.60002578627706,1.346304565053966,0.31201570802749595,0.07966599422834089,3.641404593123612e-05,30.08106798162637,48.73509051947595,nan,1.417304283616394,nan
570.87,235.00978088378906,-200.2116241455078,-77.59284210205078,233.70773636822088,-199.8680421091297,-77.60060026329208,1.346636077531254,0.312065466565323,0.0796829211448467,3.713326526772985e-05,30.012028685997905,49.54336411436612,nan,nan,nan
570.88,235.00982666015625,-200.20291137695312,-77.59327697753906,233.70747555578018,-199.85917360697528,-77.60110398027065,1.3469726484048143,0.31211530416422273,0.07969990220437836,3.633799385555967e-05,29.98465404312589,49.46949079371847,nan,0.0025864804740322973,nan
570.89,235.00987243652344,-200.19418334960938,-77.59370422363281,233.70721763314043,-199.8503097575237,-77.60166236903699,1.347301716835916,0.312165231483595,0.07971695398892913,3.705610934754896e-05,29.918193806874186,48.41979336327239,nan,nan,nan
570.9,235.00991821289062,-200.1854705810547,-77.5941162109375,233.65750658953897,-199.8190219623369,-77.60146629785244,1.4011979920462672,0.3121027278433342,0.0797060462136744,3.6244065622756605e-05,30.38319688679167,50.764013448612914,21.91048196552585,0.3938063896638575,nan
570.91,235.0099639892578,-200.1767578125,-77.59452819824219,233.65716416801294,-199.8101274855838,-77.60200289674731,1.4016208560422418,0.31215244640546574,0.07972310782406171,3.696028822044265e-05,30.313987379659263,50.43395524467462,nan,nan,nan
570.92,235.010009765625,-200.16802978515625,-77.59492492675781,233.6568784498449,-199.80130437858705,-77.6035486508079,1.4019722715462788,0.31220224433833615,0.07974022457288005,3.617589072328691e-05,30.770450244794606,50.118856205527116,nan,0.6816985820855741,nan
570.9300000000001,235.0100555419922,-200.15931701660156,-77.5953140258789,233.65653406233463,-199.79240995566698,-77.60408103967843,1.402397250349914,0.3122521315667702,0.07975741149485406,3.689121792358121e-05,30.70856467186534,51.008440351958605,nan,nan,nan
570.94,235.01010131835938,-200.15060424804688,-77.595703125,233.65611112310668,-199.78342012092713,-77.60321766799026,1.4029148585732,0.31230209863381087,0.07977465420245794,3.611143058483109e-05,30.09966577488867,50.18259699085405,nan,1.2778739117482194,nan
570.95,235.0101318359375,-200.14187622070312,-77.59607696533203,233.67943826253006,-199.7824832941206,-77.6037136355844,1.378392897804531,0.3122394942385959,0.07976380280287396,3.680337048568058e-05,29.325462947956417,48.949834308118426,5.6039517732916195,nan,nan
570.96,235.0101776123047,-200.13316345214844,-77.59644317626953,233.67908450170822,-199.77353329345686,-77.60335318544053,1.3788366358436575,0.3122892524062438,0.07978105519938213,3.602890038306853e-05,28.976942471961888,49.329289222717016,nan,0.49103760334737906,nan
570.97,235.01022338867188,-200.1244354248047,-77.5968017578125,233.6787772227378,-199.76464060264723,-77.60383702158593,1.3792210489142795,0.3123390994588662,0.07979837726782738,3.674181952688111e-05,28.912149910804796,48.294388257257744,nan,nan,nan
570.98,235.01025390625,-200.11572265625,-77.59716033935547,233.67848238450648,-199.75576401028803,-77.60456041847847,1.3795797817092164,0.31238902663601564,0.07981575603415568,3.597152276341904e-05,28.99768413211725,49.398842287594015,nan,0.040364333348234964,nan
570.99,235.01019287109375,-200.1070098876953,-77.59761047363281,233.6781240775409,-199.74687137765744,-77.60508516728372,1.3799140872586295,0.31243904281582724,0.07983320442913111,3.668381026291507e-05,28.905898279209335,49.269474364118885,nan,nan,nan
571.0,235.0100555419922,-200.09828186035156,-77.59815216064453,233.71587825022408,-199.75200807445515,-77.60547708423594,1.3397216322180105,0.31237632842885443,0.07982239166370209,3.589595159377649e-05,27.82407544360538,47.198331140147765,14.711755104511937,0.0028889655758103715,nan
571.01,235.00987243652344,-200.08956909179688,-77.59878540039062,233.71543537657436,-199.74312481697874,-77.60618783011851,1.3400170647009497,0.31242613521994694,0.07983984886494232,3.660680192719288e-05,27.735790187677306,48.28313384261099,nan,nan,nan
571.02,235.00967407226562,-200.0808563232422,-77.5995101928711,233.71488498793303,-199.73414652593945,-77.60546258565982,1.3404185493466019,0.3124760224051302,0.07985736362190662,3.5845143699305046e-05,27.138238055691556,47.64137607774052,nan,1.5728124616842767,nan
571.03,235.0094757080078,-200.07212829589844,-77.60033416748047,233.71440219696768,-199.72526339385817,-77.60634375890446,1.3407336702172792,0.3125259982048486,0.07987494757873549,3.655552047651967e-05,27.052072765565594,46.23664511132398,nan,nan,nan
571.04,235.00927734375,-200.06341552734375,-77.60124206542969,233.71388731167687,-199.71634685103592,-77.60676538603765,1.3410900448288434,0.3125760548469307,0.0798925896776898,3.579742917316151e-05,26.8290610069221,47.13268140096894,nan,0.20461420745597936,nan
571.0500000000001,235.00906372070312,-200.0546875,-77.60223388671875,233.7123627276773,-199.72214774786394,-77.60793122554738,1.3386741992488802,0.31251323890546084,0.07988182377984523,3.648510218854924e-05,29.045102951603354,46.401637842733955,28.792160102208186,nan,nan
571.0600000000001,235.0088653564453,-200.0459747314453,-77.60331726074219,233.71178305763178,-199.7132250636364,-77.60730186776433,1.3390895072456759,0.3125630859956449,0.07989947443928436,3.573128982166289e-05,28.514253574751738,46.45150095260287,nan,2.1402726059090194,nan
571.07,235.0086669921875,-200.03726196289062,-77.6044921875,233.71129560576517,-199.70440721467332,-77.60852129096126,1.3393957710075448,0.31261302132706886,0.0799171939147239,3.6440039890120595e-05,28.429825439965782,46.32558917297397,nan,nan,nan
571.08,235.00848388671875,-200.02853393554688,-77.60575103759766,233.71080502028985,-199.69558159168008,-77.60969396145843,1.3397176009559433,0.31266303774599513,0.07993497231538847,3.5689429328316425e-05,28.33781024192321,45.181660115040636,nan,0.012153279353550685,nan
571.09,235.00828552246094,-200.0198211669922,-77.60708618164062,233.71032481058808,-199.6867638368064,-77.61108551119366,1.3400168616076693,0.312713142543652,0.07995281954679709,3.6397901849879177e-05,28.25595229162408,46.654648658961065,nan,nan,nan
571.1,235.0081024169922,-200.01109313964844,-77.60851287841797,233.67971273861875,-199.66292615008314,-77.61277579351787,1.3732652921694357,0.31265021745783056,0.07994208589917116,3.562900328605852e-05,28.52389338755875,46.083605440513196,8.96957868732052,0.06106368532219688,nan
571.11,235.00791931152344,-200.00238037109375,-77.61002349853516,233.67918980081967,-199.65408372654804,-77.61433800967444,1.3736270528142798,0.31270011223197197,0.07995994082795181,3.633637749021547e-05,28.442130276560338,46.96715352683189,nan,nan,nan
571.12,235.00775146484375,-199.99366760253906,-77.61161041259766,233.67866159948034,-199.64523130696722,-77.61579791153505,1.3740106467676731,0.31275008832220086,0.07997785541629476,3.55925378367547e-05,28.339671812073373,46.850254143694784,nan,0.02350912665549041,nan
571.13,235.007568359375,-199.9849395751953,-77.61328125,233.67814570562348,-199.6363890066356,-77.61752408067083,1.3743617037603821,0.31280015244069664,0.0799958385157248,3.6299751722683266e-05,28.26107051136657,46.10726737055583,nan,nan,nan
571.14,235.0074005126953,-199.97622680664062,-77.61503601074219,233.677666723916,-199.62758492998287,-77.62005192278379,1.3746884252638698,0.31285029830372546,0.0800138818067803,3.5558607528367736e-05,28.389842735594424,46.86191205877127,nan,0.3545204578500623,nan
571.15,235.00723266601562,-199.96751403808594,-77.61685180664062,233.66090880975838,-199.62027561924174,-77.62190030839618,1.39039128766645,0.3127872709651267,0.08000318565137989,3.6243590570832856e-05,29.889375809038626,47.366088385369466,10.539578897578421,nan,nan
571.16,235.00706481933594,-199.9587860107422,-77.61868286132812,233.66041019316756,-199.6115026584927,-77.62462703063868,1.3907263361564408,0.31283720662041586,0.08002123629392999,3.550586402307247e-05,30.1017659457969,46.70598942299032,nan,0.43675416323625427,nan
571.17,235.00689697265625,-199.9500732421875,-77.62049865722656,233.65987868686264,-199.60268870355293,-77.62656642862424,1.391104272797134,0.31288722996834323,0.08003935516730032,3.621202565234147e-05,30.041520713075347,47.753751464428476,nan,nan,nan
571.1800000000001,235.00674438476562,-199.9413604736328,-77.62229919433594,233.65927524245566,-199.5937898597191,-77.6267976106384,1.3915813511552717,0.312937335265045,0.08005753490005602,3.547669262534684e-05,29.514534273860118,46.801617750356755,nan,1.9666777033413203,nan
571.19,235.006591796875,-199.93263244628906,-77.62406158447266,233.6587502362514,-199.5849756590623,-77.62867874726614,1.3919638761265933,0.3129875284116564,0.08007578293002117,3.6182835270118005e-05,29.454771480396147,46.1644521973394,nan,nan,nan
571.2,235.00643920898438,-199.92391967773438,-77.62580108642578,233.6636800177363,-199.5687806688688,-77.62926820556507,1.388934117305171,0.31292439268196337,0.08006511220668186,3.542856239515226e-05,27.69339629044006,46.503064939050226,11.481555297088999,1.3491033905501129,nan
571.21,235.00628662109375,-199.9152069091797,-77.62750244140625,233.66317303005854,-199.55992881469794,-77.63107693323614,1.3893125709623118,0.31297437516718873,0.08008336673859608,3.613385166540676e-05,27.626077837183225,46.63374747359307,nan,nan,nan
571.22,235.0061492919922,-199.906494140625,-77.6291732788086,233.66268286370885,-199.5510924875598,-77.6331763147312,1.3896864406125784,0.3130244397891592,0.08010168275439486,3.5403744753860754e-05,27.64473513771862,46.34667136968363,nan,0.0718838762409686,nan
571.23,235.00599670410156,-199.89776611328125,-77.63080596923828,233.66218169951705,-199.5422412280416,-77.63492408120035,1.390055275669738,0.3130745919478833,0.08012006684331806,3.610909955812344e-05,27.582458113469496,45.807050600770204,nan,nan,nan
571.24,235.005859375,-199.88905334472656,-77.63240814208984,233.66166220604228,-199.53336710193224,-77.63613787155137,1.3904649018328172,0.3131248266523429,0.08013851290020906,3.538096810494602e-05,27.425788705728092,46.30276563970108,nan,0.17425832635573313,nan
571.25,235.00572204589844,-199.88034057617188,-77.63397979736328,233.67224802211604,-199.53511332646494,-77.63786887833069,1.3774432659799147,0.3130615880745699,0.08012787041432068,3.6064405040419565e-05,28.053114616100697,45.88986621498313,5.03296566114294,nan,nan
571.26,235.00558471679688,-199.8716278076172,-77.6355209350586,233.67176553727026,-199.52628580245135,-77.63936324267853,1.3778060340747729,0.3131116119129398,0.08014632253572589,3.533898475722915e-05,27.971726924035416,45.83697339430094,nan,0.01680397643322394,nan
571.27,235.00546264648438,-199.86289978027344,-77.63703155517578,233.6712920341383,-199.51746524038458,-77.64098185605832,1.3781697461028444,0.31316172298929135,0.08016484254017102,3.604369637265564e-05,27.910521660556153,44.657786968830166,nan,nan,nan
571.28,235.0053253173828,-199.85418701171875,-77.63851165771484,233.6707591239471,-199.5085779197389,-77.64101154036229,1.378593057625726,0.31321191677576127,0.08018342507849485,3.532000521567801e-05,27.574873451384583,45.533436318126014,nan,1.6860664793828766,nan
571.29,235.0052032470703,-199.84547424316406,-77.63996124267578,233.67029073294034,-199.49975764984748,-77.64255685111591,1.3789554454217834,0.313262197976669,0.08020207561159266,3.602488025144033e-05,27.50650629249388,45.290858293354866,nan,nan,nan
571.3000000000001,235.0050811767578,-199.83676147460938,-77.64138793945312,233.69151296226903,-199.50376731058108,-77.64458510333168,1.3551224259265342,0.31319885167033346,0.08019145136033135,3.5281677723149834e-05,27.70445226911141,44.56808498632311,6.234975066468835,0.2754685757749187,nan
571.3100000000001,235.0049591064453,-199.8280487060547,-77.64277648925781,233.69108465400208,-199.49497349680797,-77.64607857649341,1.3554394400259464,0.3132489215691637,0.0802101071162704,3.598587003505678e-05,27.63942463249462,44.84357609941431,nan,nan,nan
571.32,235.0048370361328,-199.81932067871094,-77.6441421508789,233.69056344711194,-199.48607849420472,-77.64502741078722,1.3558636376927378,0.3132990743269217,0.08022882593410104,3.526614336600673e-05,27.282523431028277,43.505588977935915,nan,4.406620052578148,nan
571.33,235.0047149658203,-199.81060791015625,-77.6454849243164,233.6901400035963,-199.47728464892307,-77.64644217757495,1.3561757423428538,0.3133493142218279,0.08024761260495979,3.59705578913228e-05,27.20751616170058,44.23792379735159,nan,nan,nan
571.34,235.00460815429688,-199.80189514160156,-77.64678955078125,233.68982602842408,-199.46860341666812,-77.65073151476295,1.3563741930248205,0.31339963736608856,0.08026646278007195,3.5252219881889925e-05,27.545767203815245,44.722728403435426,nan,5.854788541783621,nan
571.35,235.00448608398438,-199.79318237304688,-77.64807891845703,233.66185255271841,-199.4490713873405,-77.65213491648821,1.3860352163215577,0.3133361877181162,0.08025585762037106,3.5934910578188384e-05,28.16374658340053,45.38350160461488,6.725546413282103,nan,nan
571.36,235.00437927246094,-199.78445434570312,-77.64933776855469,233.66133981079665,-199.4402153713771,-77.65212371483126,1.3864570777810616,0.3133862993361825,0.0802747124976596,3.521871226733631e-05,27.85224731340113,44.107631911286916,nan,1.3246104556838005,nan
571.37,235.0042724609375,-199.77574157714844,-77.65057373046875,233.6608790485121,-199.4314111023729,-77.65345284675466,1.386822853041332,0.3134364978276577,0.08029363511499815,3.592276278349299e-05,27.786447999261913,44.916944022787185,nan,nan,nan
571.38,235.00416564941406,-199.76702880859375,-77.65177917480469,233.66049851967807,-199.42268722874667,-77.65697502405254,1.3870975005362625,0.313486779695028,0.08031262171378985,3.520775544819736e-05,28.246356562519814,45.5985691436418,nan,3.4284361105871186,nan
571.39,235.00405883789062,-199.75831604003906,-77.65296936035156,233.66004205747151,-199.41388304681846,-77.65827903875898,1.3874593275306664,0.31353714863037324,0.08033167620352848,3.591209222315506e-05,28.18867166822591,45.319342060051525,nan,nan,nan
571.4,235.00396728515625,-199.74960327148438,-77.65412902832031,233.63521626033074,-199.391596476923,-77.66006520893019,1.4148086341103623,0.3134735918315266,0.08032108175550538,3.517708425822986e-05,28.39296488823185,46.24769190769925,6.377628550037724,0.16294262411923632,nan
571.41,235.0038604736328,-199.74087524414062,-77.65526580810547,233.63472365945947,-199.38276679536403,-77.66132921022505,1.415208126692034,0.31352374882154277,0.08034014010818383,3.5880851348688326e-05,28.342463068032966,45.539459452151306,nan,nan,nan
571.42,235.00376892089844,-199.73216247558594,-77.65638732910156,233.63418526995736,-199.3738887301664,-77.66113565721557,1.4156772231698556,0.313573989299452,0.08035926288679106,3.516879385922733e-05,27.88468263361992,45.5732252120875,nan,1.44117853787125,nan
571.4300000000001,235.00367736816406,-199.72344970703125,-77.65747833251953,233.6336970361167,-199.36505914433727,-77.6623419839993,1.41609094366514,0.3136243166015776,0.0803784534841151,3.587288621903189e-05,27.828781046976218,45.781739893630885,nan,nan,nan
571.44,235.00357055664062,-199.71473693847656,-77.6585464477539,233.63325814019808,-199.356276979052,-77.66498402514509,1.4164360570000762,0.313674727764766,0.08039770891409795,3.516174687907087e-05,28.272727175842224,46.511182381645966,nan,1.4843659645453966,nan
571.45,235.00347900390625,-199.70602416992188,-77.65959930419922,233.63457473109867,-199.3469699422462,-77.66618831036695,1.4152251628362569,0.31361106722871823,0.08038712450932804,3.5844223470708685e-05,28.091080769731466,46.08550702510803,0.19865497806189109,nan,nan
571.46,235.00338745117188,-199.69729614257812,-77.66062927246094,233.63407675885037,-199.33811808636025,-77.66675594224486,1.4156476200866832,0.31366126620451223,0.08040638320639978,3.5134769208021706e-05,27.876355257448672,45.022522399013766,nan,0.24579267089612,nan
571.47,235.00331115722656,-199.68858337402344,-77.66163635253906,233.63359927803296,-199.32928486788484,-77.66789021677783,1.4160667919753698,0.3137115517731838,0.08042570967371482,3.583867698848823e-05,27.826652956460038,45.75043055502408,nan,nan,nan
571.48,235.0032196044922,-199.67987060546875,-77.66262817382812,233.63313167269118,-199.32045959223362,-77.66926685228013,1.416460832269308,0.31376192129439956,0.08044510137480787,3.512998531764945e-05,27.916225212041088,45.931751984726674,nan,0.04803898317873117,nan
571.49,235.0031280517578,-199.67115783691406,-77.6635971069336,233.6326578186682,-199.311626517874,-77.67036528805001,1.4168617566407058,0.31381237761972347,0.08046456103022884,3.5834256706867903e-05,27.86647513393556,45.99547877840407,nan,nan,nan
571.5,235.0030517578125,-199.66244506835938,-77.66455078125,233.61483344712215,-199.29903198764276,-77.67295540840573,1.43502257234147,0.31374861043345653,0.08045397954081457,3.510515581270635e-05,29.36512375088991,46.902927257412784,3.7593706275037975,1.6922044510923158,nan
571.51,235.0029754638672,-199.65371704101562,-77.66548156738281,233.6143328404117,-199.2902040027141,-77.67403164338086,1.435459218679565,0.3137988541679074,0.08047344162140807,3.580892699260123e-05,29.32489502866525,46.09097981729265,nan,nan,nan
571.52,235.0028839111328,-199.64500427246094,-77.66638946533203,233.61373251218004,-199.28127932933228,-77.67160737325426,1.4359890911944588,0.31384918193311595,0.08049296930907963,3.5102383830755174e-05,27.986388281231047,46.00046565349819,nan,8.513002971084676,nan
571.53,235.0028076171875,-199.63629150390625,-77.66728210449219,233.6132350812257,-199.27245107692863,-77.67261367515783,1.4364261605276956,0.3138995962891959,0.08051256493613482,3.580654283884324e-05,27.93311205323818,45.67016208898759,nan,nan,nan
571.54,235.0027313232422,-199.62757873535156,-77.66815948486328,233.61276397811574,-199.26364608687373,-77.67448265037514,1.4368354726857386,0.3139500950335546,0.08053222654718084,3.51005476880084e-05,28.206916651958043,45.90416297449773,nan,0.5432768629797712,nan
571.5500000000001,235.00265502929688,-199.61886596679688,-77.66902160644531,233.60463146570353,-199.25688838017942,-77.67539697386094,1.4441392948345761,0.31388622380675274,0.08052164613969137,3.578313915061793e-05,29.02993229107558,46.03682242359806,3.1359795205230423,nan,nan
571.5600000000001,235.00259399414062,-199.61013793945312,-77.66986083984375,233.60412426549462,-199.24807686444254,-77.67636061300779,1.4445926938165787,0.313936510775709,0.08054131043542913,3.6501146117441865e-05,28.983989439291896,45.10617681588515,nan,nan,nan
571.57,235.0025177001953,-199.60142517089844,-77.67068481445312,233.60361854386835,-199.23926541688758,-77.67730829246835,1.4450337046098656,0.31398688305915995,0.08056104175300723,3.723363242583441e-05,28.93427089826036,46.08430578205564,nan,nan,nan
571.58,235.00244140625,-199.59271240234375,-77.67149353027344,233.60310651641825,-199.23044677527116,-77.67794401150299,1.445481278732735,0.31403733970787395,0.08058083932119448,3.6442825280740266e-05,28.82732059579817,45.97340065479866,nan,0.05711042367745252,nan
571.59,235.00238037109375,-199.58399963378906,-77.67228698730469,233.60260399130544,-199.22163520035355,-77.67885783842966,1.4459339791694528,0.3140878830542984,0.08060070511472921,3.7174001821861394e-05,28.77776230033035,45.73770313454867,nan,nan,nan
571.6,235.00230407714844,-199.5752716064453,-77.67306518554688,233.61030633937926,-199.2216835752374,-77.67928878562113,1.4362175778641182,0.3140239055345701,0.08059011953967907,3.636406287307417e-05,29.24238702885988,44.674748484445324,3.2735336510432065,0.15999558291845342,nan
571.61,235.0022430419922,-199.56655883789062,-77.673828125,233.6098189392921,-199.21289721864542,-77.68016865038351,1.4366494440083246,0.31407423564259446,0.08060998624561928,3.7093087662131174e-05,29.192229802619497,45.316608115946515,nan,nan,nan
571.62,235.00218200683594,-199.55784606933594,-77.67456817626953,233.60931244770472,-199.20409274343183,-77.68022221971377,1.4371008985279594,0.31412465017783986,0.08062991952918477,3.631018244460083e-05,28.920087121601284,45.27780689979355,nan,0.4320952779837012,nan
571.63,235.00210571289062,-199.54913330078125,-77.67530059814453,233.608827683888,-199.19530648148393,-77.68106602017528,1.4375153300910248,0.314175151210565,0.08064992105570386,3.703806063664023e-05,28.867354161487434,45.24168496818183,nan,nan,nan
571.64,235.00204467773438,-199.5404052734375,-77.67601776123047,233.6083479937345,-199.1865233909861,-77.68205122969405,1.4379357553316818,0.3142257370203011,0.08066998951803382,3.625843617161234e-05,28.907320159943247,44.275570670607685,nan,0.015798367507823517,nan
571.65,235.00198364257812,-199.5316925048828,-77.67671966552734,233.6105829847884,-199.16887645896077,-77.6828798375015,1.4379392272954081,0.31416165531727636,0.08065939620443117,3.696187729338954e-05,27.57973079973277,45.1079624724475,8.458269060688531,nan,nan
571.66,235.00192260742188,-199.52297973632812,-77.67740631103516,233.61012811813148,-199.16006852168402,-77.68448412623447,1.4383485480235834,0.3142120276216654,0.08067946486062982,3.6186395920860606e-05,27.868485339037612,45.445374670137326,nan,0.4212531591026834,nan
571.67,235.00186157226562,-199.51426696777344,-77.67808532714844,233.60965554747906,-199.15124410105764,-77.68528426821544,1.4387755356423866,0.3142624862352704,0.08069960179460381,3.691128290127831e-05,27.81933803178684,45.27156652852702,nan,nan,nan
571.6800000000001,235.00181579589844,-199.5055389404297,-77.67874145507812,233.60921276105827,-199.14244347559907,-77.68731875043409,1.4391855680287458,0.3143130296682271,0.08071980595795339,3.613886087910905e-05,28.385325634853576,45.02693904183464,nan,1.0284162980582667,nan
571.69,235.0017547607422,-199.496826171875,-77.67938995361328,233.60874274854322,-199.1336183397768,-77.68810644352708,1.439610493371211,0.3143636596446145,0.08074007862839405,3.686281525627081e-05,28.342023401051318,45.96271398849039,nan,nan,nan
571.7,235.00169372558594,-199.4881134033203,-77.6800308227539,233.58687534779037,-199.1104225702591,-77.68709139775879,1.4643808450147,0.3141415012865751,0.07970584908742216,3.606913494368729e-05,35.524224526061765,52.84469000603623,7.086598073525787,2.416559660666397,0.06900857956171187
571.71,235.00164794921875,-199.47938537597656,-77.68064880371094,233.5863729107095,-199.10158618028512,-77.6878385860584,1.464850627150298,0.3141911912585148,0.07972239640195421,3.679127017120151e-05,35.457892300575566,52.01862245700587,nan,nan,nan
571.72,235.0015869140625,-199.47067260742188,-77.68125915527344,233.58586957672816,-199.09273107293663,-77.68824677789459,1.4653136898248096,0.31424096504836013,0.079739000117497,3.602571102545961e-05,35.314947221718526,52.85910190120429,nan,0.07131981222327471,nan
571.73,235.0015411376953,-199.4619598388672,-77.68185424804688,233.58536939076907,-199.08389411552534,-77.68896765614919,1.4657853555459404,0.3142908229121027,0.07975566995776238,3.674705212560622e-05,35.2448214142112,52.74159304039779,nan,nan,nan
571.74,235.00148010253906,-199.4532470703125,-77.68244171142578,233.5848665504853,-199.07501929477223,-77.68899428213804,1.466251391213489,0.3143407648918043,0.07977239674212688,3.598422261271066e-05,34.9678968778202,52.5757327287937,nan,0.3113710610849618,nan
571.75,235.00143432617188,-199.44451904296875,-77.68301391601562,233.58864601844704,-199.06581960551665,-77.68967675139461,1.4626785223506347,0.3142776205029212,0.07976114761643295,3.66818595111426e-05,34.49355669366751,51.440873782573924,0.9207528252594306,nan,nan
571.76,235.0013885498047,-199.43580627441406,-77.68357849121094,233.58814812466795,-199.05688323092147,-77.68865915077924,1.4631667660359142,0.3143273529798511,0.07977788433433618,3.592259707002736e-05,33.91001138865308,51.69001931446833,nan,1.9324027321390016,nan
571.77,235.0013427734375,-199.42709350585938,-77.68412780761719,233.58766007407135,-199.0480377796256,-77.68931315891858,1.46362867761803,0.3143771694604352,0.07979468689957928,3.664162517458977e-05,33.83340194444694,51.751893685893705,nan,nan,nan
571.78,235.0012969970703,-199.41836547851562,-77.6846694946289,233.58716456084625,-199.039098435284,-77.68815767494047,1.4641127704738333,0.3144270700162334,0.07981154712889188,3.588488868691689e-05,33.34954788205693,50.31598588483333,nan,2.172617620206296,nan
571.79,235.00125122070312,-199.40965270996094,-77.6852035522461,233.5866785096373,-199.03025270326995,-77.68877366765935,1.4645726563381265,0.3144770548574586,0.07982847326106356,3.6603298041915754e-05,33.26708859773549,51.10150017807428,nan,nan,nan
571.8000000000001,235.00120544433594,-199.40093994140625,-77.68572235107422,233.57358920729808,-199.01487072292798,-77.6891973183409,1.4789014967563068,0.314413814660793,0.07981727703829328,3.5827087104373466e-05,33.28092249656139,51.66370933019421,1.5758544314583731,0.026604178806205418,nan
571.8100000000001,235.00115966796875,-199.3922119140625,-77.68622589111328,233.57308425029348,-199.0060136002563,-77.6897925573059,1.4793786727078677,0.31446358970436095,0.07983421241805276,3.654403450509016e-05,33.20339865533661,50.83864169948585,nan,nan,nan
571.82,235.00111389160156,-199.3834991455078,-77.68672943115234,233.5725902084895,-198.99728447844302,-77.69297420304916,1.479824543465914,0.3145134487784588,0.07985120613843624,3.579297455420702e-05,33.85390468537947,52.175034677335844,nan,4.5448867301162315,nan
571.83,235.00106811523438,-199.37478637695312,-77.68721771240234,233.57208700264977,-198.988427589591,-77.69357690223913,1.4803042160281985,0.31456339207189177,0.07986826554043121,3.650941456045032e-05,33.78131110449466,52.26559633204278,nan,nan,nan
571.84,235.0010223388672,-199.36605834960938,-77.68769836425781,233.57158609972547,-198.97958951318677,-77.69456396821056,1.4807745472606935,0.31461341968960044,0.0798853837782259,3.5760582568670946e-05,33.903745608875006,51.451362507587504,nan,0.10441493121495336,nan
571.85,235.00099182128906,-199.3573455810547,-77.68816375732422,233.56514019024644,-198.96811771017911,-77.69497156647098,1.4876876648340784,0.3145500836908881,0.07987424441705801,3.6453886523330655e-05,33.932182526983176,52.45712741461791,1.7695016016946379,nan,nan
571.86,235.00094604492188,-199.3486328125,-77.6886215209961,233.56463188559061,-198.95929123842058,-77.69627575757823,1.4881679384195066,0.31459990122465126,0.0798913716532179,3.570810390710225e-05,34.21153568611353,52.89061105601953,nan,0.3583591263771699,nan
571.87,235.00091552734375,-199.33990478515625,-77.68907165527344,233.56412212183196,-198.95043097104255,-77.69685179680663,1.4886657356857262,0.31464980291342964,0.07990856438391224,3.642277850399469e-05,34.14675511164022,51.717747120316375,nan,nan,nan
571.88,235.00086975097656,-199.33119201660156,-77.68951416015625,233.56360951089624,-198.94151043864088,-77.69608410513258,1.489164831069638,0.31469978887707123,0.07992581656797279,3.567904019166405e-05,33.605023247824604,52.25218425424659,nan,1.2113495036956952,nan
571.89,235.00083923339844,-199.32247924804688,-77.68994903564453,233.56310119486713,-198.9326501881127,-77.69663110130853,1.489665067527114,0.3147498592811898,0.07994313434750441,3.63933484672687e-05,33.53398103373573,52.00269712627335,nan,nan,nan
571.9,235.00079345703125,-199.31375122070312,-77.69037628173828,233.54576375671007,-198.92034502636275,-77.698308244948,1.5072965131660288,0.31468642739695074,0.07993204148444083,3.562989993789745e-05,34.98093836570375,52.38821216415029,4.643350602435772,0.7731340805209483,nan
571.91,235.00076293945312,-199.30503845214844,-77.69078826904297,233.54522727253905,-198.91149291411523,-77.69885217892666,1.5078220036885843,0.314736287422936,0.07994936757958211,3.634299530484413e-05,34.91774292936582,53.28406062767117,nan,nan,nan
571.92,235.00071716308594,-199.29632568359375,-77.69120025634766,233.54468963489427,-198.90259893064504,-77.69840533323065,1.5083397601244768,0.3147862316715233,0.07996675370727745,3.5603977794743744e-05,34.498751115437564,52.84221741845329,nan,0.6594548370037451,nan
571.9300000000001,235.0006866455078,-199.28759765625,-77.69159698486328,233.54415469299627,-198.89374656245806,-77.69892493079294,1.508859738862341,0.3148362602986858,0.0799842052921279,3.631679653485764e-05,34.43540367499089,51.91096093330026,nan,nan,nan
571.94,235.0006561279297,-199.2788848876953,-77.69198608398438,233.5436231571667,-198.88496411234087,-77.70113833848718,1.5093715311044955,0.31488637343938025,0.08000171736267911,3.557955588431234e-05,35.22479419561663,53.63134221368692,nan,1.9754947809717567,nan
571.95,235.00062561035156,-199.27017211914062,-77.69237518310547,233.54147687644343,-198.8789267467812,-77.70183530345818,1.5107208421596225,0.3148228456373227,0.07999067284708634,3.626967328437576e-05,35.91460538162187,53.62512106433748,2.9752319195981514,nan,nan
571.96,235.00059509277344,-199.26144409179688,-77.6927490234375,233.54094062018504,-198.870110120597,-77.70288437992335,1.5112366399123203,0.31487274810896765,0.08000819289499059,3.553502165097405e-05,36.25532935560346,53.27092596309811,nan,0.19197943386273209,nan
571.97,235.00054931640625,-199.2527313232422,-77.693115234375,233.54040432101817,-198.86127246750274,-77.70340256306153,1.5117437853105888,0.3149227348980938,0.08002577829093178,3.624651230348611e-05,36.19788551642954,54.26804203318386,nan,nan,nan
571.98,235.00051879882812,-199.24400329589844,-77.69347381591797,233.53986941584338,-198.85246617924568,-77.70473188940325,1.5122581386618683,0.3149728061452029,0.08004342470014561,3.551347505767641e-05,36.76472205142621,53.83291890700834,nan,0.45810416376809465,nan
571.99,235.00048828125,-199.23529052734375,-77.69383239746094,233.53933416176187,-198.84362824671254,-77.705245612897,1.5127792186743436,0.3150229619976139,0.08006113659789516,3.622480011542979e-05,36.707113443542326,54.509415576250845,nan,nan,nan
572.0,235.0003662109375,-199.22657775878906,-77.69428253173828,233.55188400457553,-198.85350594956904,-77.70821840128062,1.495820004359432,0.3149593382215082,0.08005013176430871,3.547180311113282e-05,40.4411434318283,55.90072874752394,23.04528675990695,4.118790708687314,nan
572.01,235.00013732910156,-199.2178497314453,-77.69482421875,233.55121925733016,-198.84473204284023,-77.7088961473718,1.4962547936200208,0.31500928311030496,0.08006785095464743,3.618211181206028e-05,40.35510281167786,55.132525575454906,nan,nan,nan
572.02,234.99981689453125,-199.20913696289062,-77.6954574584961,233.5504572350764,-198.8359266332264,-77.70879445385822,1.496698783345677,0.3150593123994837,0.08008563165238733,3.545294989134307e-05,39.81369757098622,55.43427171685382,nan,0.5252505957339964,nan
572.03,234.9993896484375,-199.20040893554688,-77.69618225097656,233.5495996116202,-198.82715250447563,-77.70965112625429,1.4971282259018321,0.31510942623401855,0.08010347777105283,3.6163163946505344e-05,39.728813350386496,54.64162444334245,nan,nan,nan
572.04,234.99888610839844,-199.1916961669922,-77.69700622558594,233.5486472732083,-198.81836962405356,-77.71035192841195,1.4975792114409394,0.3151596247581463,0.08012138581404762,3.5435380599195066e-05,39.653862017207814,55.06977462068641,nan,0.042364356810222666,nan
572.0500000000001,234.99827575683594,-199.1829833984375,-77.69791412353516,233.5439990967107,-198.81126456661963,-77.71136719833268,1.5010917624630908,0.31509590496240114,0.08011042083112452,3.6123218962282814e-05,40.22196729345019,55.497895105638776,1.401776905254313,nan,nan
572.0600000000001,234.9976348876953,-199.17425537109375,-77.69890594482422,233.54288474176437,-198.80247987710075,-77.71182853312857,1.5015598550535127,0.31514589222837025,0.0801283357470543,3.539762217672196e-05,39.84982883606154,54.36191569672563,nan,0.3059513381699835,nan
572.07,234.99697875976562,-199.16554260253906,-77.69998931884766,233.54174515498767,-198.79371746248918,-77.71303823557776,1.5020416284098101,0.3151959639798632,0.0801463160406808,3.610685022777875e-05,39.76697608890634,55.05602441506342,nan,nan,nan
572.08,234.996337890625,-199.1568145751953,-77.70116424560547,233.5405997391993,-198.78493544631382,-77.71372856578803,1.5025396880467399,0.3152461203610997,0.08016435870829505,3.5382490927434475e-05,39.43629212246918,53.67071008250975,nan,0.2548978473524068,nan
572.09,234.9956817626953,-199.14810180664062,-77.70242309570312,233.5394573529307,-198.77617322907022,-77.71510762012028,1.5030240502292485,0.31529636151707163,0.08018246692794727,3.609170960451257e-05,39.35222984896775,54.66114438952618,nan,nan,nan
572.1,234.99505615234375,-199.13938903808594,-77.7037582397461,233.53146185421272,-198.76670994579243,-77.71426098014044,1.5103338316114625,0.3152325456542736,0.08017153445161881,3.534714293784675e-05,38.5201855448706,53.5682175144089,2.84932676999208,3.0741516040091414,nan
572.11,234.9944305419922,-199.1306610107422,-77.70518493652344,233.53032557740576,-198.7579542328103,-77.71578662679661,1.5108362206009067,0.31528257525641346,0.08018964885246889,3.6055497049333536e-05,38.44093218520694,52.60026015966648,nan,nan,nan
572.12,234.99380493164062,-199.1219482421875,-77.70669555664062,233.52920161809197,-198.7491642399243,-77.71625365633088,1.511331246176938,0.3153326894269603,0.08020782604824005,3.5334277990902295e-05,37.829881005037564,52.916723247035364,nan,0.904626402962036,nan
572.13,234.9932098388672,-199.1132354736328,-77.70828247070312,233.52808829168305,-198.74040849402004,-77.71793551290764,1.511844663308446,0.3153828883126561,0.08022606878737322,3.604267778789606e-05,37.75216666302618,52.820135665371616,nan,nan,nan
572.14,234.99261474609375,-199.10450744628906,-77.70995330810547,233.52698861117202,-198.73160416335384,-77.71802207925813,1.5123431921549442,0.31543317205503324,0.08024437470772551,3.532249181927116e-05,36.934092496974195,51.2343884480471,nan,1.9503321552959345,nan
572.15,234.99203491210938,-199.09579467773438,-77.71170806884766,233.52499225083662,-198.72638261374203,-77.71987000276513,1.5128602249324319,0.31536926008131094,0.08023347359464461,3.6008753940161704e-05,37.59390065513205,52.05495417491697,1.782352771779876,nan,nan
572.16,234.99147033691406,-199.08706665039062,-77.7135238647461,233.52391101852112,-198.71764351660659,-77.72177820359265,1.5133644435120628,0.3154193319724274,0.08025178520248369,3.529040857824508e-05,37.60041003768225,51.31949450112257,nan,1.9654259870422817e-05,nan
572.17,234.9909210205078,-199.07835388183594,-77.7153549194336,233.52284108061727,-198.70890469675072,-77.72372210790195,1.5138762895666265,0.315469488518738,0.08027016236483545,3.599808386047294e-05,37.53835445911974,52.01068859768844,nan,nan,nan
572.1800000000001,234.99037170410156,-199.06964111328125,-77.71717071533203,233.52178264808,-198.70015985070162,-77.72543162520552,1.5143772520398144,0.3155197298588694,0.08028860309163137,3.5280651331209766e-05,37.45070099956983,52.12197742104941,nan,0.03906224846847014,nan
572.19,234.98983764648438,-199.06092834472656,-77.7189712524414,233.52073482860686,-198.6914215922474,-77.72735988183813,1.514882404256682,0.3155700561441161,0.08030710957567681,3.5988435939651865e-05,37.395203748114724,51.858506278838625,nan,nan,nan
572.2,234.98931884765625,-199.0522003173828,-77.72073364257812,233.52741962545923,-198.69320002124368,-77.72741116416626,1.5053488425553696,0.3155060480106701,0.08029623348479545,3.525056158641014e-05,37.74428901935755,50.422259233416646,6.627834312952489,2.56433594931208,nan
572.21,234.98880004882812,-199.04348754882812,-77.72247314453125,233.52640354918194,-198.68449694117373,-77.7292667543746,1.5058299810058902,0.31555616214741156,0.0803147449530196,3.5957596020753315e-05,37.68737481534417,51.0523224662288,nan,nan,nan
572.22,234.98829650878906,-199.03477478027344,-77.72417449951172,233.52539758748443,-198.67579606675145,-77.73117345958235,1.5063160213441997,0.3156063610140105,0.0803333203445953,3.524267555018183e-05,37.71880864531443,51.15262831604806,nan,0.004749497703147779,nan
572.23,234.98780822753906,-199.0260467529297,-77.72584533691406,233.52440179521,-198.6670933115627,-77.73296616754362,1.5068034594731148,0.3156566447654008,0.08035196153261133,3.594986118276044e-05,37.667499511469934,50.23479090113082,nan,nan,nan
572.24,234.98731994628906,-199.017333984375,-77.72747802734375,233.52341603366935,-198.65839071766916,-77.73472666229956,1.507284802817797,0.3157070135409137,0.08037066779855508,3.6671392030330584e-05,37.614693253191376,51.165097941234045,nan,nan,nan
572.25,234.98684692382812,-199.0086212158203,-77.72908020019531,233.53075588936036,-198.66215604585585,-77.73646521516281,1.4967610875159625,0.3156429092135598,0.08035981458677599,3.738346165080285e-05,38.95193339753076,51.105694196057804,9.233278321309399,nan,nan
572.26,234.98638916015625,-198.99990844726562,-77.73065185546875,233.5298023535171,-198.65347658898253,-77.73734410783891,1.4972324281655356,0.3156930655339755,0.0803785244240976,3.6583130186411366e-05,38.645028300277446,50.74740263206619,nan,0.43260070985532556,nan
572.27,234.98593139648438,-198.99119567871094,-77.73219299316406,233.5288561756831,-198.64481559955968,-77.73900326803056,1.4976961434649105,0.31574330667870115,0.08039730017315046,3.731666697484978e-05,38.5906608485772,50.77411360873963,nan,nan,nan
572.28,234.98548889160156,-198.9824676513672,-77.73370361328125,233.52791624351673,-198.63617964198528,-77.74178549571303,1.498165119975219,0.31579363277560496,0.08041614047921408,3.6520208987438814e-05,39.066508222843105,50.469481683810415,nan,0.8604368557248993,nan
572.29,234.9850616455078,-198.9737548828125,-77.73518371582031,233.52698802451448,-198.62751886216725,-77.7433971262906,1.4986412266918383,0.31584404398700333,0.0804350469171441,3.7252280290468144e-05,39.01727092864606,51.152333405880626,nan,nan,nan
572.3000000000001,234.98463439941406,-198.9650421142578,-77.73663330078125,233.51995639352333,-198.61897872706172,-77.74423889039109,1.5050247087310564,0.3157798434107412,0.08042421093295928,3.6436886072076485e-05,39.376291458420575,51.37043268843433,1.307085131644149,0.432770945815491,nan
572.3100000000001,234.9842071533203,-198.95632934570312,-77.73805236816406,233.51903450868997,-198.61032600443767,-77.74578668778514,1.5054929459947446,0.3158300418747896,0.08044312107507062,3.7166659420150906e-05,39.32606714697403,51.43048544507502,nan,nan,nan
572.32,234.98379516601562,-198.94761657714844,-77.73944854736328,233.51811989720346,-198.60168160324938,-77.74772696819997,1.5059692998284193,0.3158803252251743,0.08046209609170839,3.63785974684049e-05,39.52897880265178,51.48976233715035,nan,0.11529920178741447,nan
572.33,234.9833984375,-198.9388885498047,-77.74081420898438,233.5172146699709,-198.5930289299306,-77.74922393041194,1.5064476227999868,0.3159306936282602,0.0804811373067761,3.710708608594073e-05,39.48283686922356,50.72222978868906,nan,nan,nan
572.34,234.98300170898438,-198.93017578125,-77.74214935302734,233.5163203967962,-198.58435694277821,-77.74965974956368,1.5069177637217386,0.3159811472055094,0.08050024374109019,3.6322544954124634e-05,39.05844642849884,51.18098190679287,nan,0.7006919291566737,nan
572.35,234.9826202392578,-198.9214630126953,-77.74346160888672,233.50616311652394,-198.56728929293538,-77.75097674269661,1.5183613325807401,0.3159168503608378,0.08048942219702443,3.702643669042095e-05,38.493715805213135,51.160735589976454,3.4047543620071954,nan,nan
572.36,234.98223876953125,-198.91275024414062,-77.74474334716797,233.50526807860533,-198.5586117679439,-77.75227628507305,1.5188526022398063,0.3159670908890669,0.08050853171806727,3.624628293022922e-05,38.46227556833511,51.28446045586563,nan,0.007488761405844269,nan
572.37,234.9818572998047,-198.90403747558594,-77.74600982666016,233.50438042126217,-198.549936362083,-77.75365662853133,1.5193366969801718,0.3160174164073042,0.080527707517841,3.697152998024359e-05,38.40614080582782,51.1212556111938,nan,nan,nan
572.38,234.98150634765625,-198.8953094482422,-77.74723815917969,233.50350276623558,-198.54124627536223,-77.75414091980929,1.519836492911803,0.31606782703314684,0.08054694882583528,3.619466972538427e-05,38.07339737672732,50.109992135633284,nan,0.5010230010984842,nan
572.39,234.98114013671875,-198.8865966796875,-77.74845123291016,233.50262968001385,-198.5325709311657,-77.75546459846784,1.5203212122767285,0.3161183229391186,0.08056625665379938,3.6918870333092116e-05,38.01731260931481,50.832791368057826,nan,nan,nan
572.4,234.9807891845703,-198.8778839111328,-77.7496337890625,233.510256818233,-198.52759860992683,-77.75626945224326,1.5116908628130505,0.31605392976367724,0.08055544439649859,3.61229605634897e-05,37.76001140735452,50.42799262057214,0.7670030295374891,0.12697285824022173,nan
572.41,234.98045349121094,-198.86917114257812,-77.75080108642578,233.50941203302324,-198.51892816461452,-77.75754137866316,1.5121767578094996,0.3161042123196042,0.08057475456888648,3.684528249298185e-05,37.703754348416034,50.18771522603741,nan,nan,nan
572.42,234.98011779785156,-198.86045837402344,-77.75193786621094,233.50857301017814,-198.51026361383276,-77.75918168890134,1.512657563746995,0.31615457991588136,0.08059413052035744,3.6075630020463794e-05,37.854351112659415,50.54273580825705,nan,0.10135990763439193,nan
572.4300000000001,234.9797821044922,-198.85174560546875,-77.7530517578125,233.5077422191463,-198.50159310983892,-77.76041318479646,1.5131299960188964,0.31620503272857875,0.08061357309107099,3.679705646852385e-05,37.80113177208881,50.58151312784463,nan,nan,nan
572.44,234.97946166992188,-198.843017578125,-77.75414276123047,233.5069239286339,-198.49289766955982,-77.759884853301,1.5135997890831303,0.3162555708696228,0.08063308176756989,3.603035943237668e-05,37.17543974042399,49.13854583335314,nan,2.0111470618826703,nan
572.45,234.97914123535156,-198.8343048095703,-77.75521850585938,233.53527050311536,-198.4992486303778,-77.7611803087419,1.4822485883673557,0.316191081357718,0.08062227543703948,3.67279903744648e-05,37.08238363990619,49.001881345064014,8.86319372511248,nan,nan
572.46,234.9788360595703,-198.82559204101562,-77.75627136230469,233.5345110016303,-198.4905898255041,-77.76126627614097,1.4826753881262316,0.31624140584541277,0.08064178578406103,3.596508515454775e-05,36.73806242300989,48.604296653750964,nan,0.7617691562837932,nan
572.47,234.97853088378906,-198.81687927246094,-77.7573013305664,233.53375421858067,-198.48194548420278,-77.76238947952888,1.4831001800645536,0.3162918154848275,0.08066136285920741,3.668401871931334e-05,36.67931504550035,48.68480314965603,nan,nan,nan
572.48,234.97824096679688,-198.80816650390625,-77.75830841064453,233.53300372937537,-198.4733006117612,-77.76346158088376,1.4835337519973606,0.31634231038476524,0.08068100628855972,3.5923855106572297e-05,36.64286158843255,48.62892800745856,nan,0.0006660675906571944,nan
572.49,234.9779510498047,-198.79945373535156,-77.75929260253906,233.53225909450668,-198.46465600276076,-77.76454575800756,1.4839617067174202,0.3163928907263322,0.08070071670334102,3.664208912207169e-05,36.58640788928995,48.72881650893434,nan,nan,nan
572.5,234.9776611328125,-198.7907257080078,-77.76026153564453,233.51900275087598,-198.44648320387236,-77.76515773855513,1.4987365177542191,0.31632830481066154,0.08068991153718966,3.5862677345475407e-05,36.09979865375368,48.1210031578383,3.332717126933222,0.18757830212888602,nan
572.51,234.97738647460938,-198.78201293945312,-77.76121520996094,233.51825033853837,-198.43781537708074,-77.76620070011077,1.4991914756439095,0.3163786711959375,0.08070962285952576,3.6579376898931576e-05,36.04081278920244,48.65899515210835,nan,nan,nan
572.52,234.97711181640625,-198.77330017089844,-77.76214599609375,233.51750377918592,-198.42914678511661,-77.76714405808777,1.499640675590985,0.3164291227732796,0.08072940077008668,3.582530734080947e-05,35.98826160688617,48.758212071156365,nan,0.0044524901275455565,nan
572.53,234.97683715820312,-198.76458740234375,-77.7630615234375,233.51676241502997,-198.4204791103936,-77.76814999961553,1.500084885875069,0.3164796597264375,0.080749245788378,3.654143109854805e-05,35.92885697507205,48.71112397811752,nan,nan,nan
572.54,234.97657775878906,-198.75587463378906,-77.76395416259766,233.51602446405676,-198.41181723411697,-77.76969312653075,1.5005413545549309,0.3165302821599183,0.08076915770805568,3.5789788340017166e-05,36.07075868528824,48.86510035282605,nan,0.20763578084208528,nan
572.5500000000001,234.976318359375,-198.7471466064453,-77.76483154296875,233.51924600041585,-198.39733773845208,-77.77070145913788,1.498486089119725,0.3164655998473447,0.08075834995655959,3.648273916410022e-05,34.89627497621522,47.738937108471895,5.103531034733444,nan,nan
572.5600000000001,234.97605895996094,-198.73843383789062,-77.76568603515625,233.5185289327808,-198.38864406547626,-77.77183665839463,1.4989277818439477,0.3165160080198024,0.08077826205939838,3.573434012463037e-05,34.939095878939305,48.755852989498855,nan,0.020657549573638325,nan
572.57,234.97581481933594,-198.72972106933594,-77.76653289794922,233.5178176485874,-198.37994871175286,-77.77278239688756,1.4993783739526712,0.3165665015012395,0.08079824139853078,3.644858091313171e-05,34.88160840178362,48.419366140577125,nan,nan,nan
572.58,234.97557067871094,-198.72100830078125,-77.7673568725586,233.5171087589266,-198.37125987237332,-77.77443593360114,1.4998284060985272,0.3166170803940341,0.08081828785558942,3.570241284658542e-05,35.14300840488026,48.88040552177961,nan,0.3550676003722323,nan
572.59,234.97532653808594,-198.71229553222656,-77.7681655883789,233.51640755807006,-198.36256424468849,-77.77535747168741,1.5002694047800686,0.3166677448854429,0.08083840181820362,3.641623553737053e-05,35.08875446245568,48.88357974443182,nan,nan,nan
572.6,234.97509765625,-198.7035675048828,-77.76895141601562,233.5107695743801,-198.35295382828974,-77.7743613106026,1.5057277139397798,0.3166029661064711,0.08082758696920858,3.565057068298015e-05,34.7687879843367,47.7183324711137,0.40173682409977635,2.574549998468145,nan
572.61,234.97486877441406,-198.69485473632812,-77.76972961425781,233.51006917804568,-198.34426019072322,-77.77523423981386,1.5061821582502533,0.31665341603210717,0.08084770032832428,3.636313594191164e-05,34.711250628834264,48.34590301012132,nan,nan,nan
572.62,234.97463989257812,-198.68614196777344,-77.77049255371094,233.5093702711173,-198.33557283038007,-77.7769147516131,1.506636992873399,0.3167039512995213,0.08086788101050686,3.5622044051540246e-05,34.965657548316265,48.67683315208726,nan,0.4605705200076741,nan
572.63,234.97442626953125,-198.67742919921875,-77.771240234375,233.50867912070134,-198.3268790901911,-77.77776687621187,1.5070974355681026,0.31675457209757835,0.08088812933574242,3.633429075284718e-05,34.91107117602708,48.51894791755381,nan,nan,nan
572.64,234.97421264648438,-198.668701171875,-77.77197265625,233.50798887056786,-198.31819185852615,-77.77950562436605,1.5075561964370723,0.31680527852595564,0.08090844528729184,3.559514367924743e-05,35.265812594044405,48.14449804630128,nan,0.5533614488135593,nan
572.65,234.9739990234375,-198.6599884033203,-77.7726821899414,233.48349239285488,-198.29684524150434,-77.78033870238608,1.5341256773704217,0.31674040329805364,0.08089761934009163,3.628469129621101e-05,35.37086708730419,49.96143529492752,5.622256264358015,nan,nan
572.66,234.97378540039062,-198.65127563476562,-77.77338409423828,233.4827751750318,-198.28812983004357,-77.78125351109462,1.5346166607115428,0.3167908948546609,0.08091793391833936,3.554829469999305e-05,35.427980473890344,49.93346743291715,nan,0.006163173946138297,nan
572.67,234.9735870361328,-198.64256286621094,-77.77407836914062,233.48206244735513,-198.27941373439765,-77.78206119233455,1.535117785816878,0.31684147187292394,0.08093831628071714,3.6259145149637596e-05,35.375110054071634,49.68044471183108,nan,nan,nan
572.6800000000001,234.973388671875,-198.63385009765625,-77.77474975585938,233.481356106817,-198.27069400779675,-77.78227367132338,1.5356106700917056,0.31689213445142345,0.08095876646106386,3.552451816608382e-05,35.14260151370363,49.68166459045926,nan,0.23223782741233207,nan
572.69,234.9731903076172,-198.6251220703125,-77.7754135131836,233.48065160679974,-198.26197753674424,-77.78304999048237,1.5361002706476814,0.31694288278093147,0.08097928470344941,3.623517408003611e-05,35.091887190964904,48.750352272532766,nan,nan,nan
572.7,234.97300720214844,-198.6164093017578,-77.77606201171875,233.53424817258986,-198.25256031030443,-77.78393511868961,1.4840739939542673,0.31270567960173157,0.08093043819465173,3.5479372489494744e-05,42.06699583599946,55.775189821443185,3.30212048871829,0.012825126368079158,0.7967863227862133
572.71,234.97280883789062,-198.60769653320312,-77.77669525146484,233.5335727944752,-198.24381508487315,-77.78468775404559,1.4845450404761513,0.3127520032197101,0.08095024993104091,3.6188956601214284e-05,41.995034653357216,55.95037738191536,nan,nan,nan
572.72,234.97262573242188,-198.59898376464844,-77.77731323242188,233.53290741283666,-198.23506886074802,-77.78534082818538,1.4850209895229962,0.3127984028517423,0.08097012305091301,3.545857645781467e-05,41.95846506878374,55.88831816407165,nan,0.005285779008802378,nan
572.73,234.9724578857422,-198.5902557373047,-77.77792358398438,233.5322395365583,-198.2263236088995,-77.78606909907288,1.485510631677718,0.3128448933871251,0.08099005806120439,3.616804619500363e-05,41.89099970147728,54.882314544317985,nan,nan,nan
572.74,234.97227478027344,-198.58154296875,-77.77852630615234,233.53172389714328,-198.21755567468978,-77.7846687494449,1.485836911216693,0.3128914604519043,0.08101005476191242,3.543917871462158e-05,41.0318333161979,54.94604867085591,nan,3.0858517806416232,nan
572.75,234.97210693359375,-198.5728302001953,-77.77910614013672,233.53170563132852,-198.20787846182657,-77.78533619132799,1.485928832900009,0.31283126511505677,0.08099911967229113,3.612630371458997e-05,40.7779882427604,54.97025316310162,0.2377651271482341,nan,nan
572.76,234.97193908691406,-198.56410217285156,-77.7796859741211,233.53100283809582,-198.19913508180548,-77.78671082537187,1.486454708102516,0.31287763993845125,0.08101910993326791,3.539974937980919e-05,41.011969098892536,54.248249225886035,nan,0.3387784421272627,nan
572.77,234.97177124023438,-198.55538940429688,-77.78024291992188,233.53035197340913,-198.1903847546847,-77.78738097309412,1.4869326981463036,0.3129241051459774,0.08103916227466222,3.610820589324095e-05,40.940141614650905,55.25135202899548,nan,nan,nan
572.78,234.9716033935547,-198.5466766357422,-77.78079986572266,233.5296183685749,-198.1816463555135,-77.78930714052386,1.4874946357800347,0.3129706473019286,0.0810592765655247,3.538301083611504e-05,41.48545954308693,55.662225620660365,nan,1.1080321700199196,nan
572.79,234.97145080566406,-198.5379638671875,-77.78133392333984,233.52897386270917,-198.17289599855434,-77.78996884445684,1.487981465451624,0.3130172799089229,0.08107945321063827,3.609144783336678e-05,41.41820564435143,55.71398543065684,nan,nan,nan
572.8000000000001,234.97128295898438,-198.52923583984375,-77.78186798095703,233.55351040390465,-198.174825987712,-77.7912037958842,1.4614282461570525,0.31295701869631504,0.0810685076782509,3.534620809777473e-05,41.22385491889146,54.353130770585096,6.1773453886101075,0.22528116867372674,nan
572.8100000000001,234.97113037109375,-198.52052307128906,-77.78238677978516,233.55291603015715,-198.1660881422559,-77.7918518773444,1.4618637500905458,0.3130034585778617,0.08108867737936466,3.6053775370219834e-05,41.154062254817525,55.05965256108271,nan,nan,nan
572.82,234.9709930419922,-198.51181030273438,-77.78289031982422,233.55219686746602,-198.15736672740516,-77.7944375900971,1.4624452715889882,0.3130499758145193,0.08110890928039238,3.5331944581348676e-05,42.35560653054217,56.249819298081306,nan,2.6258012274314755,nan
572.83,234.97084045410156,-198.50308227539062,-77.78339385986328,233.5516087305246,-198.14862892110224,-77.79508618234236,1.4628713463522547,0.31309658299742577,0.08112920372986746,3.603955280791417e-05,42.288738977826206,55.44008672211148,nan,nan,nan
572.84,234.970703125,-198.49436950683594,-77.78388214111328,233.55092703189368,-198.13990287411397,-77.79722414498578,1.4634168091616389,0.31314326803918674,0.0811495606801415,3.531885924462764e-05,43.4476097988122,57.38766766903816,nan,1.5563091434284373,nan
572.85,234.97055053710938,-198.48565673828125,-77.78436279296875,233.57752116348667,-198.14044021537407,-77.79792532206181,1.4352314188517485,0.31308295343358705,0.0811386017063419,3.6004376774391806e-05,42.483454105671086,56.65190293348303,8.75737093427836,nan,nan
572.86,234.9704132080078,-198.47694396972656,-77.78482818603516,233.57709405538074,-198.13169463645264,-77.79695185042182,1.435507696406283,0.3131294457343721,0.08115895121765071,3.528562028030665e-05,41.45061580528681,55.5542034609091,nan,1.8041640871071938,nan
572.87,234.97027587890625,-198.4682159423828,-77.78528594970703,233.57656766197,-198.12296089829218,-77.7975658411289,1.4358880301607824,0.31317602748902196,0.08117936347263702,3.599250378021356e-05,41.38781744010921,54.72183182266489,nan,nan,nan
572.88,234.97015380859375,-198.45950317382812,-77.78573608398438,233.57616152736855,-198.11421391868535,-77.79628710884121,1.4361582343035897,0.31322268748842014,0.08119983846881287,3.5274753011651034e-05,40.26576473196904,54.26367489845007,nan,2.4686851203987676,nan
572.89,234.9700164794922,-198.45079040527344,-77.78617858886719,233.575640901812,-198.10547987318313,-77.7968666128967,1.436536407147804,0.31326943702271615,0.08122037648787221,3.598174792597998e-05,40.19463583317053,54.43845797239186,nan,nan,nan
572.9,234.9698944091797,-198.4420623779297,-77.78661346435547,233.56333611843752,-198.09661833736737,-77.79793668465426,1.4484011964001835,0.3132090567864781,0.08120940063126833,3.524368960365598e-05,41.76382066085751,54.44562236919428,5.135118215904035,0.19701833994304646,nan
572.91,234.9697723388672,-198.433349609375,-77.78704071044922,233.56279472548445,-198.08789811652963,-77.79850527078983,1.4488112971029314,0.3132556131045812,0.08122993067276112,3.5949940356272306e-05,41.6949930214675,55.234144844918966,nan,nan,nan
572.92,234.96963500976562,-198.4246368408203,-77.7874526977539,233.56234165735722,-198.07916916411895,-77.79763603072439,1.4491122094747193,0.3133022480366693,0.08125052368850931,3.5234869153941054e-05,40.89336095238185,54.795180237706106,nan,1.424751796409842,nan
572.9300000000001,234.9695281982422,-198.41590881347656,-77.7878646850586,233.56180535399724,-198.0704486062239,-77.79817547600169,1.4495284313920873,0.313348972032574,0.08127117992467166,3.594127691203666e-05,40.825140901207696,53.489485331125564,nan,nan,nan
572.94,234.9694061279297,-198.40719604492188,-77.78826141357422,233.56136508469925,-198.06171914172972,-77.79711301185334,1.4498317905373714,0.31339577512885236,0.08129189943142788,3.5227021433430124e-05,40.00392152108267,53.81305402755258,nan,1.7722107287977364,nan
572.95,234.9692840576172,-198.3984832763672,-77.78865051269531,233.55513762089484,-198.0534721000889,-77.79752108579991,1.4556515872002638,0.313335339546409,0.08128090350911603,3.5911515659362116e-05,40.59315214656693,54.06433330983491,2.019087061151007,nan,nan
572.96,234.96917724609375,-198.38975524902344,-77.7890396118164,233.5545951962594,-198.04476012668806,-77.7980217457925,1.456071663373572,0.31338195413270525,0.08130161453547642,3.663153244967922e-05,40.52209877012254,52.993974901202385,nan,nan,nan
572.97,234.9690704345703,-198.38104248046875,-77.78941345214844,233.5540550256322,-198.03604798334558,-77.79851585094882,1.4564932764147784,0.3134286525805904,0.08132238894357523,3.736601165765065e-05,40.451730686342614,53.87737570964517,nan,nan,nan
572.98,234.96896362304688,-198.372314453125,-77.78977966308594,233.55357016868885,-198.0273314894647,-77.79806113388709,1.4568529296445871,0.31347543010052303,0.08134322684424308,3.656650243256855e-05,40.027282161456256,52.706139892057415,nan,0.5734109280577212,nan
572.99,234.96885681152344,-198.3636016845703,-77.7901382446289,233.5530341160892,-198.0186194197494,-77.79853298532704,1.4572704414826383,0.3135222967003772,0.08136412844863722,3.729945363668144e-05,39.95560708134596,53.488862504193655,nan,nan,nan
573.0,234.96875,-198.35488891601562,-77.79049682617188,233.56320603903185,-198.0171853727357,-77.79601433395517,1.4455545483481356,0.3134617952467363,0.08135310903996826,3.648107737786072e-05,39.15495590927356,52.12493862923925,2.3417466505318387,6.280006355821343,nan
573.01,234.96853637695312,-198.34616088867188,-77.79094696044922,233.5626395497423,-198.0084899394058,-77.79649655333091,1.4458901606695005,0.31350846812313093,0.08137400155376763,3.72116696422944e-05,39.06038936956174,51.4462892694125,nan,nan,nan
573.02,234.96824645996094,-198.3374481201172,-77.79148864746094,233.56195150083985,-197.99979624338874,-77.7975251555206,1.4462747807167093,0.31355522045317863,0.08139495777924628,3.6420800307405226e-05,39.144954990967264,52.13428577160081,nan,0.13244618016897264,nan
573.03,234.9678497314453,-198.3287353515625,-77.79212188720703,233.56119174704116,-197.99110066785158,-77.79820143297005,1.4466239406318413,0.3136020613760351,0.08141597790595966,3.715005129182575e-05,39.05013232169552,52.256819677553054,nan,nan,nan
573.04,234.9673614501953,-198.32000732421875,-77.7928466796875,233.5602820771766,-197.9824084965353,-77.80000807952602,1.4470302747612556,0.3136489822431435,0.08143706203763598,3.636281750106522e-05,39.379494063098505,51.813992248075735,nan,0.70243738751359,nan
573.0500000000001,234.96678161621094,-198.31129455566406,-77.79367065429688,233.56479900865907,-197.9733960904094,-77.80088495611675,1.4421451559569674,0.3135884238934163,0.08142601583333499,3.706737220719976e-05,38.778126353339346,52.13385394092426,1.241066359538024,nan,nan
573.0600000000001,234.9661102294922,-198.3025665283203,-77.7945785522461,233.5637561703894,-197.96469360317212,-77.8021121132379,1.4425019151361451,0.31363515098331307,0.08144709029287604,3.628464205152238e-05,38.8521684075569,51.512931347375506,nan,0.04559800410940928,nan
573.07,234.96533203125,-198.29385375976562,-77.79557037353516,233.56263510255457,-197.95599049417496,-77.80316838295222,1.442833320156662,0.31368196620531297,0.08146822885023264,3.7010545501086854e-05,38.75793625764668,52.53543910824636,nan,nan,nan
573.08,234.9644775390625,-198.28514099121094,-77.7966537475586,233.5615278838307,-197.94728195093626,-77.8022484716268,1.4430688712420263,0.31372886171212544,0.08148943162452503,3.623121744507962e-05,37.973714334772524,51.50710822424446,nan,2.806389355194088,nan
573.09,234.96353149414062,-198.2764129638672,-77.7978286743164,233.56022618842542,-197.9385792011508,-77.80346146300604,1.4434088681271133,0.313775845451428,0.08151069878249559,3.6956026061646375e-05,37.88260781874614,50.596378302562414,nan,nan,nan
573.1,234.96249389648438,-198.2677001953125,-77.79908752441406,233.55603010470492,-197.9335445107418,-77.80470553153656,1.4456251177679487,0.31371522131604007,0.08149962235434192,3.6157719086509026e-05,38.77719407956658,51.74948519262626,2.9037879784421254,0.0053343436266898745,nan
573.11,234.96142578125,-198.2589874267578,-77.80042266845703,233.5545681759157,-197.92485980150983,-77.80609178388971,1.4460019815029976,0.31376201080945415,0.08152087923168974,3.68806022143863e-05,38.69157312517943,51.806477034676746,nan,nan,nan
573.12,234.96035766601562,-198.25025939941406,-77.80184936523438,233.5529930253097,-197.91617909821807,-77.80947541106293,1.4464933584816537,0.3138088809010079,0.08154220053243336,3.610869399839124e-05,39.3513566418316,51.480678709137216,nan,2.4227459307164203,nan
573.13,234.95928955078125,-198.24154663085938,-77.80335998535156,233.5515107151754,-197.9074947745094,-77.81104982262404,1.4468901224031914,0.31385583880249684,0.08156358641309185,3.683063826179184e-05,39.26448407226945,52.27433261796162,nan,nan,nan
573.14,234.95823669433594,-198.2328338623047,-77.80494689941406,233.54999196300142,-197.8988122044464,-77.81370416863001,1.4473425237358164,0.31390287776164016,0.08158503700798914,3.606178505311688e-05,39.704243377839866,52.828501659916235,nan,0.6601346632096287,nan
573.15,234.9571990966797,-198.22410583496094,-77.8066177368164,233.54549642636093,-197.88594490742784,-77.81553146869321,1.4516668684347434,0.31384219479775244,0.08157392695448641,3.6759862339993803e-05,39.303925040316834,52.00317343528316,1.181697525154292,nan,nan
573.16,234.9561767578125,-198.21539306640625,-77.8083724975586,233.54409474912146,-197.8772471960094,-77.8165361992131,1.4520278492370888,0.31388903941611734,0.08159536664715228,3.599490080701338e-05,38.912436366959376,52.399222538446,nan,0.4571831349543408,nan
573.17,234.95518493652344,-198.20668029785156,-77.81018829345703,233.54267411219072,-197.8685508159957,-77.81843443918706,1.4524415218096056,0.31393597144642393,0.08161687111423956,3.671427162161473e-05,38.8325635177514,52.280861431553284,nan,nan,nan
573.1800000000001,234.95420837402344,-198.1979522705078,-77.81201934814453,233.54130815755178,-197.85985398318783,-77.81959457435495,1.4528092984443943,0.3139829848093937,0.0816384404960904,3.5952145265322656e-05,38.49836532391735,51.20276844334157,nan,0.4059849931488085,nan
573.19,234.9532470703125,-198.18923950195312,-77.81383514404297,233.53992652550383,-197.85115819110618,-77.82152929144412,1.4532147587423185,0.31403008571486934,0.08166007494028683,3.667077993951014e-05,38.435508387761345,52.09757925500245,nan,nan,nan
573.2,234.95230102539062,-198.18052673339844,-77.81563568115234,233.53249623302165,-197.8383373842708,-77.82489815279254,1.4604879295876425,0.31396933685260686,0.08164892781055394,3.588947342496328e-05,39.064860369199955,52.875010499512406,0.6123799523447625,1.3219297202613605,nan
573.21,234.95138549804688,-198.17181396484375,-77.81739807128906,233.53114400918244,-197.82963258998674,-77.82680630043149,1.4609115287266685,0.3140162429746413,0.08167055070945083,3.6606538561898984e-05,39.012346084664166,52.866053086604516,nan,nan,nan
573.22,234.9504852294922,-198.1630859375,-77.81913757324219,233.52986053077325,-197.82092743230857,-77.82751183890235,1.4612724268973463,0.3140632306792631,0.08169223871884172,3.585068742004774e-05,38.472849960124194,51.39094133026492,nan,0.9249449292821612,nan
573.23,234.94960021972656,-198.1543731689453,-77.82083892822266,233.5285450962535,-197.8122229231858,-77.82934713280244,1.4616897222623824,0.3141103055635522,0.08171399198370312,3.6567144296857046e-05,38.416041994850744,52.28239923337212,nan,nan,nan
573.24,234.94873046875,-198.14566040039062,-77.82250213623047,233.52733431053926,-197.80351821810277,-77.82906835459937,1.462009379826483,0.31415746246113696,0.08173581064828785,3.581380483578433e-05,37.55986289896129,51.56593965819118,nan,2.920369926480536,nan
573.25,234.9478759765625,-198.13694763183594,-77.82414245605469,233.54247382116367,-197.79962738025108,-77.83093914039989,1.4453326141227985,0.3140966529680736,0.0817246229805014,3.6507039056721556e-05,36.9183391175383,50.85284443518765,3.9370200728827163,nan,nan
573.26,234.94705200195312,-198.12823486328125,-77.82574462890625,233.5412886402612,-197.79092372439985,-77.83148960670563,1.4456771556121257,0.31414361494949955,0.08174642944020252,3.575702764507482e-05,36.49618970498174,50.357604707542265,nan,0.9265296019002857,nan
573.27,234.94622802734375,-198.11952209472656,-77.82731628417969,233.54007262152248,-197.78221999137378,-77.83316797763952,1.4460566989447303,0.3141906637700401,0.08176830134616599,3.647154188584132e-05,36.43087004141209,50.51281762116652,nan,nan,nan
573.28,234.9454345703125,-198.1107940673828,-77.828857421875,233.5388639528327,-197.77351645202728,-77.83504814539913,1.4464561579374382,0.3142377948188461,0.08179023884256727,3.5723840658476184e-05,36.48755263258476,49.547235529313966,nan,0.03663814666112893,nan
573.29,234.94464111328125,-198.10208129882812,-77.83036804199219,233.5376806785697,-197.76481319788857,-77.83666788278754,1.4468334820390125,0.31428501286502986,0.08181224207448205,3.643790988856154e-05,36.42296088795366,50.54002944790058,nan,nan,nan
573.3000000000001,234.94387817382812,-198.09336853027344,-77.83184814453125,233.5358148586933,-197.75957157727962,-77.83796355069288,1.4471005851180336,0.3142241371885199,0.08180101038453984,3.5670774708324085e-05,36.99718461233642,50.41733856866655,1.4819119550584476,0.07574783439497616,nan
573.3100000000001,234.94313049316406,-198.08465576171875,-77.83329772949219,233.53465744799703,-197.75088242851447,-77.8395226174698,1.4474942853602941,0.31427115989918153,0.08182300073431023,3.6383560975723495e-05,36.9352559518775,50.404569318246885,nan,nan,nan
573.32,234.9423828125,-198.07594299316406,-77.834716796875,233.53357574244265,-197.7421948269146,-77.83943907242949,1.4478078253017066,0.3143182650304533,0.08184505686098738,3.5641088053240195e-05,36.41616680004849,50.14947442390062,nan,1.7735859403338612,nan
573.33,234.94166564941406,-198.06723022460938,-77.83611297607422,233.53244849563563,-197.73350577358465,-77.84092634886832,1.4482017001346121,0.31436545685019257,0.08186717891181208,3.635353218741561e-05,36.349563927663134,49.77486881718803,nan,nan,nan
573.34,234.94094848632812,-198.0585174560547,-77.83747863769531,233.53134672316142,-197.72481720260475,-77.84208436993637,1.4485697092804026,0.31441273149517707,0.08188936702778325,3.561307518437967e-05,36.22852702190601,49.93119999630106,nan,0.06227810904902028,nan
573.35,234.9402618408203,-198.04978942871094,-77.83881378173828,233.50680277942936,-197.70658695732754,-77.84356497142572,1.4739794404437712,0.31435179350659376,0.08187808781733409,3.630278713802551e-05,36.799775584035466,49.773953770434375,5.338452813174477,nan,nan
573.36,234.9395751953125,-198.04107666015625,-77.84012603759766,233.50567788515775,-197.69788721549492,-77.84495996718005,1.4744028818037438,0.31439887264912947,0.08190026235550381,3.556515063365723e-05,36.7569479662875,50.64563571366562,nan,8.057860972578501e-05,nan
573.37,234.93890380859375,-198.03236389160156,-77.8414077758789,233.50456645004695,-197.68918754025705,-77.84634030334843,1.4748281242478314,0.3144460381909922,0.08192250300367838,3.627615572514127e-05,36.69286184651986,50.667899571900264,nan,nan,nan
573.38,234.93824768066406,-198.02365112304688,-77.84266662597656,233.50348644166792,-197.68048880038938,-77.84717157503013,1.4752357395289113,0.31449328671921356,0.0819448098991472,3.554035472158917e-05,36.51577086390521,50.43583197968225,nan,0.18811957516915195,nan
573.39,234.93760681152344,-198.0149383544922,-77.84390258789062,233.50240166032117,-197.6717891182539,-77.84849780285492,1.4756647113653583,0.314540621829879,0.08196718319464837,3.6251146150700736e-05,36.45009558385802,50.34245935356496,nan,nan,nan
573.4,234.93698120117188,-198.0062255859375,-77.8451156616211,233.4844320618325,-197.65825914306893,-77.85076581633518,1.493657113197817,0.31447961721940615,0.08195585294275348,3.549563290664078e-05,37.484083480281534,51.263694163254556,3.5189253365155677,0.7061225573595368,nan
573.41,234.93637084960938,-197.9975128173828,-77.84629821777344,233.48334164031158,-197.64955895829235,-77.8520537344038,1.4941214465699262,0.31452675642854616,0.08197821194962326,3.620536724816731e-05,37.42420342536739,51.32899920414555,nan,nan,nan
573.42,234.93576049804688,-197.98880004882812,-77.84745788574219,233.4822986225146,-197.64086094425213,-77.85224300325719,1.4945353597250766,0.3145739787651434,0.08200063738210324,3.547385793719831e-05,37.078284730378996,51.124622883071275,nan,0.7949825589030294,nan
573.4300000000001,234.9351806640625,-197.98008728027344,-77.84860229492188,233.481233027713,-197.63216066570553,-77.85347498611843,1.4950051509912985,0.31462128742290674,0.08202312939774761,3.618345974566925e-05,37.01428771256972,50.74352700893555,nan,nan,nan
573.44,234.93460083007812,-197.97137451171875,-77.84971618652344,233.4802005194524,-197.6234619031279,-77.8540126754248,1.495440372125065,0.3146686795896696,0.08204568812671474,3.545352393428633e-05,36.80310863604462,50.83006458608221,nan,0.3109746685367353,nan
573.45,234.93402099609375,-197.962646484375,-77.8508071899414,233.49572474532866,-197.6284843643838,-77.85519890347953,1.4766108879964714,0.3146076110958817,0.0820343033159904,3.614075817808868e-05,37.54469317664737,49.902770413585735,5.885780173926415,nan,nan
573.46,234.9334716796875,-197.9539337158203,-77.85188293457031,233.49471072893556,-197.6198170986757,-77.85652413660503,1.477054003080835,0.3146548071637237,0.08205684702634707,3.541319502810466e-05,37.54533467787434,50.368672348614815,nan,0.01860352451235689,nan
573.47,234.93292236328125,-197.94522094726562,-77.8529281616211,233.4937128350418,-197.61115017193,-77.8576662006132,1.4774808960260832,0.31470208930861,0.0820794574999071,3.6121750954700844e-05,37.48369357853864,50.64370391644178,nan,nan,nan
573.48,234.93238830566406,-197.93650817871094,-77.85395812988281,233.4927301298179,-197.60248370018127,-77.85864401011193,1.4779072951343328,0.3147494550762319,0.08210213486130058,3.5395603204780276e-05,37.408221595670156,50.41191111798467,nan,0.014319179302882026,nan
573.49,234.93186950683594,-197.92779541015625,-77.85497283935547,233.49175400871246,-197.5938169661159,-77.85974482777542,1.4783426601747387,0.31479690712584646,0.08212487927629745,3.610412511490601e-05,37.344806425420536,50.23322538496467,nan,nan,nan
573.5,234.9313507080078,-197.91908264160156,-77.85595703125,233.45148623332096,-197.56721321941765,-77.86071140469177,1.5211290404745568,0.314735771438145,0.08211343635045786,3.535798323630734e-05,37.967271117372086,51.95004395026209,14.24593556019442,0.013763793540043735,nan
573.51,234.93084716796875,-197.91036987304688,-77.85692596435547,233.45046482692607,-197.5585204577671,-77.86177322706294,1.5216285297862622,0.31478302700692096,0.08213616500325722,3.6065621963448485e-05,37.906380061785875,51.78394145789951,nan,nan,nan
573.52,234.93035888671875,-197.9016571044922,-77.85787963867188,233.44948385909387,-197.54983088205037,-77.86171346804502,1.5220996145089576,0.3148303662947907,0.08215896071487483,3.534294482078387e-05,37.59824946727006,51.390002398088654,nan,0.8424246024438622,nan
573.53,234.92987060546875,-197.8929443359375,-77.85881042480469,233.44848227342965,-197.54113770079474,-77.86272788515859,1.5225947081635658,0.31487779164454,0.08218182365700942,3.605061215802426e-05,37.534714210617,51.52247877237424,nan,nan,nan
573.54,234.9293975830078,-197.8842315673828,-77.8597183227539,233.4475060414473,-197.53244615734312,-77.86313808222354,1.523078202332443,0.3149253010748965,0.08220475394548102,3.532912172563666e-05,37.36724339962034,51.43538953354962,nan,0.2382403304803514,nan
573.5500000000001,234.92892456054688,-197.87550354003906,-77.8606185913086,233.43322487413778,-197.5093498454316,-77.86403574329503,1.5398693960614562,0.3148641000307096,0.08219324938088883,3.601468498793302e-05,36.28020326911022,50.64512110299347,7.737268510572863,nan,nan
573.5600000000001,234.92848205566406,-197.86679077148438,-77.86149597167969,233.43221185350643,-197.50061388347285,-77.86597952763864,1.5404318009742208,0.31491141275608087,0.08221616314449152,3.529517963191194e-05,36.453148901090366,51.595670582043724,nan,0.6787195685033093,nan
573.57,234.9280242919922,-197.8580780029297,-77.86235046386719,233.43123345398564,-197.49188137806263,-77.86692769443414,1.5409424816793222,0.31495881133777753,0.0822391443122179,3.600210045857074e-05,36.391261069759025,51.85752124353886,nan,nan,nan
573.58,234.92759704589844,-197.849365234375,-77.86318969726562,233.43029447393994,-197.48315336005425,-77.86663443310262,1.5414402340318112,0.31500629407292363,0.08226219299383379,3.528364612900456e-05,36.07335364867183,51.32927092517518,nan,1.0425770619622294,nan
573.59,234.9271697998047,-197.8406524658203,-77.86402130126953,233.4293337824323,-197.47442102707518,-77.86753821950019,1.5419632195279882,0.315053862888122,0.08228530937005937,3.5990668850332134e-05,36.007803905186016,51.18122789656606,nan,nan,nan
573.6,234.92674255371094,-197.83193969726562,-77.86483001708984,233.44508484553194,-197.47412045032772,-77.86748034009379,1.5242543101128119,0.3149925939642403,0.08227373958020393,3.525194988331806e-05,35.733973494035745,50.55417102805831,4.51240929006674,0.37788629585828093,nan
573.61,234.92633056640625,-197.82322692871094,-77.86561584472656,233.44416870039913,-197.46540220988948,-77.86834168443521,1.5247458006656316,0.31503996570659504,0.08229683865617939,3.595821977686831e-05,35.668429541432694,50.59069141672709,nan,nan,nan
573.62,234.92593383789062,-197.81451416015625,-77.86639404296875,233.44329823684427,-197.45669012579307,-77.86757196753288,1.5252041675016177,0.3150874216604286,0.08232000541029115,3.524253015019729e-05,35.42897787612271,50.13305084538829,nan,1.8182639474976359,nan
573.63,234.925537109375,-197.8057861328125,-77.86715698242188,233.44239838915087,-197.44797178942522,-77.86838753255788,1.5256910178720275,0.315134963508994,0.0823432400292278,3.59489491698444e-05,35.36123990949306,49.34588125619846,nan,nan,nan
573.64,234.92514038085938,-197.7970733642578,-77.86790466308594,233.44150495487617,-197.4392531508433,-77.8692517008794,1.5261753493197276,0.31518258991354214,0.08236654261385588,3.523411472998226e-05,35.29730246878261,50.21123443340379,nan,0.002758537004757222,nan
573.65,234.9247589111328,-197.78836059570312,-77.8686294555664,233.47287832592178,-197.45609164291466,-77.87011084032642,1.4894166929374306,0.31512125424589543,0.08235490407817672,3.591861353395299e-05,36.463991761291965,49.6206102120716,19.26036854620129,nan,nan
573.66,234.9243927001953,-197.77964782714844,-77.86934661865234,233.47206108241156,-197.4474363195365,-77.87018554198568,1.4898430513300829,0.3151686833302827,0.0823781885687235,3.5205435047488525e-05,36.352069939620755,49.29906939176598,nan,0.34285830487592606,nan
573.67,234.9240264892578,-197.77093505859375,-77.87004852294922,233.47123637896186,-197.43877816321748,-77.8709410051444,1.4902778614218868,0.31521619813614754,0.0824015410908715,3.591132900928163e-05,36.282894142831985,49.36861588311082,nan,nan,nan
573.6800000000001,234.92367553710938,-197.76222229003906,-77.87074279785156,233.47038585213443,-197.43011324457458,-77.87329838236438,1.4907561361759043,0.3152637975362011,0.08242496173978504,3.5198891675299675e-05,36.375676182614654,49.27374736640592,nan,1.820720855303086,nan
573.69,234.92332458496094,-197.7534942626953,-77.87141418457031,233.46957602244734,-197.42145511572812,-77.87404372684615,1.491188047370829,0.3153114828972727,0.08244845071067873,3.590498727092049e-05,36.3139785170759,48.73395241816231,nan,nan,nan
573.7,234.9229736328125,-197.74478149414062,-77.87207794189453,233.46461519444134,-197.40078269870057,-77.87476809593149,1.498383042803586,0.3152500785696418,0.08243673982001665,3.517203628318636e-05,34.885264799237326,49.20753336169163,8.085352860958583,1.311904388804062e-07,nan
573.71,234.92263793945312,-197.73606872558594,-77.87272644042969,233.46382169928452,-197.39208577001634,-77.87548827472646,1.498825114558312,0.3152975662537934,0.08246020989073598,3.58774737161894e-05,34.82032093214175,49.10525434329584,nan,nan,nan
573.72,234.9223175048828,-197.72735595703125,-77.87335968017578,233.47844060556966,-197.36443126763953,-77.87571217915625,1.488791578694511,0.3148496073288631,0.08173225855964973,3.5165371436135606e-05,41.19007610039535,55.44579391066747,nan,0.18445376738495595,0.47834683503882885
573.73,234.92198181152344,-197.71864318847656,-77.87397766113281,233.47768084407758,-197.355693839137,-77.87640326532508,1.4892089840941565,0.31489594408177995,0.08175266253064346,3.5871003827551824e-05,41.10033680299923,55.72378431034195,nan,nan,nan
573.74,234.9216766357422,-197.70993041992188,-77.87458801269531,233.47696804107662,-197.34693087102542,-77.87618523671327,1.4896154359847913,0.3149423616081053,0.08177312713730998,3.516141758467881e-05,40.91516523741604,55.18728955201641,nan,0.5634396942188569,nan
573.75,234.92135620117188,-197.70120239257812,-77.87519073486328,233.46919473318712,-197.33655312046244,-77.87700239158335,1.497245905940036,0.31488113795737965,0.08176189260745087,3.584525532851778e-05,41.329324573248186,54.90219575721579,2.00812822124855,nan,nan
573.76,234.92105102539062,-197.69248962402344,-77.87577056884766,233.4684967758953,-197.32778156104501,-77.87636932233613,1.4976402029306541,0.31492736295975515,0.08178234823436305,3.513704775234904e-05,41.1538238690847,55.749218023968304,nan,1.156040134132846,nan
573.77,234.92076110839844,-197.68377685546875,-77.87635040283203,233.46774884576453,-197.319045429086,-77.87699729577581,1.4980901398868407,0.31497367417518546,0.08180286683216688,3.584231758620264e-05,41.06223772660377,55.34924498416571,nan,nan,nan
573.78,234.92047119140625,-197.67506408691406,-77.87690734863281,233.46705152436277,-197.31028053102565,-77.87657022693928,1.498497876156786,0.3150200664133773,0.08182344638556494,3.513458978853982e-05,40.9600441664974,55.64389615518398,nan,0.7642635842467294,nan
573.79,234.92018127441406,-197.66635131835938,-77.8774642944336,233.4663155877035,-197.30154376741888,-77.87716683887261,1.4989363137563303,0.31506654501119197,0.08184408915618521,3.5840133794505296e-05,40.86504097768007,55.415736338176146,nan,nan,nan
573.8000000000001,234.91990661621094,-197.65762329101562,-77.87799835205078,233.46022650649292,-197.2927525686673,-77.8790912440932,1.5045922574393416,0.31500527517749244,0.08183283816386014,3.511166859328442e-05,41.41057242016905,55.10325674140737,1.1127392991010827,1.2862673165781986,nan
573.8100000000001,234.91961669921875,-197.64891052246094,-77.87853240966797,233.45948992311367,-197.2840219171174,-77.87968081956286,1.5050299716131461,0.3150515608830571,0.08185347142013312,3.581662252429598e-05,41.319190714592935,55.84136153078148,nan,nan,nan
573.82,234.9193572998047,-197.64019775390625,-77.8790512084961,233.45882324711735,-197.2752494132794,-77.87866370948078,1.5054391919108108,0.3150979278376524,0.08187416594425423,3.511056594513995e-05,41.195104828310036,55.60193051614235,nan,1.7892898726147788,nan
573.83,234.91908264160156,-197.63148498535156,-77.87955474853516,233.45809750478267,-197.26651836765222,-77.8792180374689,1.5058812421352992,0.3151443808273663,0.08189492381931239,3.581581869233953e-05,41.100292563929195,55.91194945581115,nan,nan,nan
573.84,234.91883850097656,-197.6227569580078,-77.88005828857422,233.4574335817743,-197.2577504981172,-77.87832255880046,1.506299129120214,0.3151909154821898,0.08191574329149061,3.5110106238705686e-05,41.09493003053354,54.62446342722005,nan,1.4561440332046487,nan
573.85,234.9185791015625,-197.61404418945312,-77.88054656982422,233.49183172536667,-197.26293701734386,-77.8788208794775,1.469315248609173,0.3151296038634172,0.0819044746742468,3.579364042888982e-05,40.080186593420855,54.52511265052028,12.56160910388004,nan,nan
573.86,234.9183349609375,-197.60533142089844,-77.88102722167969,233.49125037602954,-197.25417623339487,-77.8775926604586,1.469657162199187,0.31517594553502615,0.08192528417273029,3.5089082858796e-05,40.240011784086285,54.526346332789984,nan,2.1284938227869676,nan
573.87,234.9180908203125,-197.59661865234375,-77.8814926147461,233.49060762410318,-197.24545878165202,-77.87807914167938,1.4700452993165196,0.3152223729377047,0.08194615715668405,3.5794080399907445e-05,40.13571126290137,54.7133150753629,nan,nan,nan
573.88,234.9178466796875,-197.587890625,-77.88195037841797,233.4899740609905,-197.23673815647618,-77.87843451835897,1.4704219233427327,0.3152688821993939,0.08196709204022451,3.5089791654833615e-05,40.07128092754533,53.91013261132669,nan,0.010562592377753532,nan
573.89,234.91761779785156,-197.5791778564453,-77.88240051269531,233.48934060909943,-197.22802043360738,-77.8789030887806,1.470815928489324,0.31531547736432475,0.08198809066011019,3.579511052475697e-05,39.96790312951412,54.50261238018493,nan,nan,nan
573.9,234.91738891601562,-197.57046508789062,-77.88284301757812,233.4822549759132,-197.21744018884917,-77.88135208537625,1.4779168543108072,0.31525411914294665,0.08197679937370117,3.506989357284212e-05,39.957806398310154,54.52952226154653,1.8547866026116941,2.3160362855295373,nan
573.91,234.9171600341797,-197.56175231933594,-77.8832778930664,233.4816184609837,-197.20872261023482,-77.88182640967632,1.4783137998023541,0.3153005209750296,0.08199778745110366,3.577466583183268e-05,39.860535926138084,54.51914275914534,nan,nan,nan
573.92,234.91693115234375,-197.5530242919922,-77.88370513916016,233.48090103137625,-197.20006212999286,-77.88475024575163,1.4787717499252429,0.31534700483896,0.08201883772253803,3.50716499353163e-05,39.742463649494916,53.67404972152215,nan,4.245910806223276,nan
573.9300000000001,234.91671752929688,-197.5443115234375,-77.88411712646484,233.48027381398913,-197.191344697861,-77.88523362737908,1.479174558251647,0.3153935743313333,0.08203995186779878,3.577676052324756e-05,39.65428845131265,54.490673245339444,nan,nan,nan
573.94,234.91650390625,-197.5355987548828,-77.88452911376953,233.47970122609303,-197.182593545638,-77.88422362342087,1.4795319235435838,0.3154402262474004,0.08206112853148874,3.507390381573014e-05,39.529996986811085,54.23295817650355,nan,1.5524544397111448,nan
573.95,234.9163055419922,-197.52687072753906,-77.88492584228516,233.49174215634108,-197.18180606612435,-77.88475069563621,1.4657593564331615,0.31537882455626637,0.08204981293104921,3.5757338729252136e-05,39.692944684778894,53.19624613441759,2.171357611785727,nan,nan
573.96,234.9160919189453,-197.51815795898438,-77.88531494140625,233.4911705367392,-197.1730889875704,-77.88446530129096,1.4661085438633912,0.31542528301417666,0.08207097854722435,3.505545805535298e-05,39.6202709565222,54.2386100135938,nan,0.3788384975630551,nan
573.97,234.9158935546875,-197.5094451904297,-77.88570404052734,233.49057910956418,-197.1643880999501,-77.88489931219111,1.4664877465410813,0.31547182684402775,0.08209220817578332,3.5760382247522903e-05,39.52664270349528,53.80236642833735,nan,nan,nan
573.98,234.91571044921875,-197.500732421875,-77.88607788085938,233.49005516329123,-197.1556438371232,-77.88332749983032,1.4668287869464813,0.3155184532412638,0.08211350060706986,3.5058601829742124e-05,39.634304029494906,54.051815772150334,nan,2.8123127740612186,nan
573.99,234.91551208496094,-197.49200439453125,-77.88644409179688,233.48947182389648,-197.14694234083888,-77.88372820050846,1.4671966545561215,0.3155651652057531,0.0821348573065819,3.5763876936557377e-05,39.53562559057206,53.47743594580358,nan,nan,nan
574.0,234.9153289794922,-197.48329162597656,-77.88680267333984,233.49571002146303,-197.14735805404356,-77.88415078809466,1.4588270573453246,0.31550371765951535,0.0821235132971131,3.646058167348304e-05,40.48175450743505,54.20292037113692,4.621688494833776,nan,nan
574.01,234.91514587402344,-197.47457885742188,-77.88716125488281,233.49513858982786,-197.1386844705675,-77.88453905480537,1.4591958752073055,0.31555023583479636,0.08214485835071426,3.719374044724368e-05,40.384313610154244,53.99070656984575,nan,nan,nan
574.02,234.91485595703125,-197.46585083007812,-77.88761138916016,233.49448581992723,-197.13003484272116,-77.88614244023753,1.4595293287742974,0.3155968365995784,0.08216626643456255,3.640669508850125e-05,40.16650050805672,53.303524251694334,nan,0.8923284258719429,nan
574.03,234.91448974609375,-197.45713806152344,-77.88815307617188,233.4937715099388,-197.1213613234561,-77.88668261168739,1.4598590639634281,0.31564352280365093,0.08218773897681694,3.713850264352058e-05,40.072603085687156,53.863469076714054,nan,nan,nan
574.04,234.9140167236328,-197.44842529296875,-77.88878631591797,233.49298814612416,-197.11266940105097,-77.8864050634401,1.4601574940454638,0.31569029197667237,0.0822092748724768,3.6354574810730485e-05,40.07644705143199,54.16850645591552,nan,0.5435581573201815,nan
574.0500000000001,234.9134521484375,-197.439697265625,-77.88951110839844,233.49500936031117,-197.104549461196,-77.88717322043718,1.457501101104657,0.31562879801525745,0.08219789913706362,3.706150428914449e-05,39.86259088632127,53.23967566651744,0.2650366900213701,nan,nan
574.0600000000001,234.9127960205078,-197.4309844970703,-77.89033508300781,233.49404210504153,-197.0958578493024,-77.88712925748312,1.457800679109582,0.3156753732488112,0.08221942283770543,3.6281605675782464e-05,39.905097699886056,53.82921079305392,nan,0.48036062383416445,nan
574.07,234.9120330810547,-197.42227172851562,-77.89124298095703,233.49295904773177,-197.0871828332107,-77.88802349222549,1.4581035782535234,0.3157220336892337,0.08224101113190253,3.70100158247194e-05,39.807241614437224,54.227548020523415,nan,nan,nan
574.08,234.91119384765625,-197.41354370117188,-77.8922348022461,233.49173670722675,-197.07854170887072,-77.89080345207572,1.4584536184347276,0.3157687772141751,0.0822626630526919,3.623307209404245e-05,39.49335933367755,53.149169745414305,nan,2.121307989855488,nan
574.09,234.9102783203125,-197.4048309326172,-77.89331817626953,233.490472417711,-197.06986682235924,-77.89189478056583,1.4587843508477436,0.3158156061540556,0.0822843798246931,3.696035468988227e-05,39.40012993717392,53.56813593976931,nan,nan,nan
574.1,234.9092559814453,-197.3961181640625,-77.89449310302734,233.47912253119392,-197.0586655864066,-77.89545770050236,1.4694069749878182,0.3157540641921649,0.08227296851181834,3.616386682558211e-05,39.86413124579482,54.0306841271192,1.6213339927848904,3.534548764619169,nan
574.11,234.9081573486328,-197.38739013671875,-77.895751953125,233.47766197934004,-197.04999196621526,-77.89674841311883,1.4697467536823081,0.3158006988639746,0.08229467245182892,3.688917995794221e-05,39.777171910717456,53.11868636713834,nan,nan,nan
574.12,234.90695190429688,-197.37867736816406,-77.89708709716797,233.47607507223327,-197.04134640052297,-77.89970479358016,1.4701046026050515,0.3158474167168695,0.08231644028256938,3.611886586736008e-05,39.84723586722605,54.65542511920852,nan,1.6522231897310504,nan
574.13,234.9056854248047,-197.36996459960938,-77.89851379394531,233.4744417242232,-197.0326727458875,-77.90118241342722,1.4704528032450646,0.31589421977881643,0.08233827310440509,3.6843195954444693e-05,39.76074519152543,53.95645411462227,nan,nan,nan
574.14,234.90432739257812,-197.36123657226562,-77.9000244140625,233.47271890920013,-197.0240023342772,-77.902934582564,1.47079510810724,0.31594110637927825,0.08236017013377124,3.607558279789885e-05,39.714320583325204,53.23192940693986,nan,0.024058309175472227,nan
574.15,234.9028778076172,-197.35252380371094,-77.901611328125,233.4669915035284,-197.01715013236046,-77.90450924480055,1.4745349692787701,0.3158795178673053,0.08234872089223316,3.6775848085270033e-05,40.3962052690624,54.61188621277395,1.8411914958048607,nan,nan
574.16,234.9014129638672,-197.34381103515625,-77.90328216552734,233.46513237175319,-197.00848322560083,-77.90595174315143,1.4749080668940955,0.31592621002137755,0.08237060449954509,3.601180849701529e-05,40.279413598221765,54.265592607508594,nan,0.05419597700387247,nan
574.17,234.8999481201172,-197.33509826660156,-77.90503692626953,233.4632544001383,-196.99982143330539,-77.90775796176838,1.4752988863298315,0.3159729871943358,0.08239255323966849,3.673345821315251e-05,40.19811165561306,54.08006976919389,nan,nan,nan
574.1800000000001,234.8984832763672,-197.3263702392578,-77.90685272216797,233.4613532703605,-196.99118309869954,-77.91105281127518,1.4757068523622674,0.3160198479771842,0.08241456644030133,3.597195402694263e-05,40.4039817618824,53.91280530131559,nan,1.3367416774759664,nan
574.19,234.89706420898438,-197.31765747070312,-77.90868377685547,233.4595023247151,-196.982522348445,-77.91298793240327,1.4761159327877356,0.3160667940072355,0.08243664503745116,3.669281070503789e-05,40.33557539656523,54.274619920796496,nan,nan,nan
574.2,234.89566040039062,-197.30894470214844,-77.9104995727539,233.4858002040726,-196.98782313586926,-77.91386004850574,1.4459723808872558,0.3160051566525734,0.08242515359847787,3.59117187461346e-05,39.88772105101025,53.65251096045492,7.652579703769526,0.8927617603880291,nan
574.21,234.89427185058594,-197.30023193359375,-77.91230010986328,233.48404465044345,-196.97918562772617,-77.91577194038383,1.446313776516044,0.316051907921306,0.08244721810718132,3.663094163307144e-05,39.81762942453226,53.43629074853097,nan,nan,nan
574.22,234.89292907714844,-197.29151916503906,-77.9140625,233.48233085498362,-196.9705373530515,-77.91691614503534,1.446659880998766,0.3160987428557727,0.0824693473209983,3.5875194691828764e-05,39.63288674475784,53.281030684896926,nan,0.3697945208807558,nan
574.23,234.8916015625,-197.28280639648438,-77.91580200195312,233.48062829974546,-196.96190084490962,-77.91876548265367,1.4470088816097664,0.3161456628686196,0.08249154207687422,3.659374663732192e-05,39.56233815107233,53.05223020361878,nan,nan,nan
574.24,234.8903045654297,-197.2740936279297,-77.9175033569336,233.47893998608782,-196.9532735846793,-77.92119560785436,1.4473731753383035,0.3161926668867659,0.08251380184899436,3.584028242417738e-05,39.61968717797161,53.25086245265207,nan,0.2522145820181408,nan
574.25,234.88902282714844,-197.265380859375,-77.9191665649414,233.49375699802303,-196.9552539039179,-77.92297549780992,1.429321507008025,0.3161309814691431,0.08250226554325409,3.653541859360695e-05,39.906659745733265,53.35576120513962,3.3411770234996903,nan,nan
574.26,234.88778686523438,-197.25665283203125,-77.92080688476562,233.49219561139037,-196.94661079887882,-77.92269072087139,1.4296169273499952,0.31617779052162187,0.0825245105945946,3.578508241226207e-05,39.529986816657484,51.536217681351,nan,2.8193952518338303,nan
574.27,234.8865509033203,-197.24794006347656,-77.92240905761719,233.4906206650299,-196.93799695264224,-77.924397846799,1.429926542662109,0.31622468449611174,0.08254682133472717,3.650155626544481e-05,39.4553953228612,52.85062863415279,nan,nan,nan
574.28,234.88536071777344,-197.23922729492188,-77.92398071289062,233.48906472681472,-196.92938769303854,-77.92638796537285,1.430261818034423,0.3162716625113572,0.08256919732552798,3.5753342127370076e-05,39.42749234639041,52.4338163739287,nan,0.06674282003169066,nan
574.29,234.88418579101562,-197.2305145263672,-77.92552185058594,233.48753865365848,-196.9207743829358,-77.92803654382543,1.4305832748997531,0.3163187256932481,0.08259163927417378,3.6469302733500316e-05,39.356528148473664,52.49591820000874,nan,nan,nan
574.3000000000001,234.88302612304688,-197.2218017578125,-77.92703247070312,233.48613343297885,-196.9206081522811,-77.92919336328947,1.4289966567614054,0.3162569904704262,0.08258005404160328,3.5701373831894554e-05,40.769498964241784,53.044362453106636,6.965131047074138,0.15137505316439906,nan
574.3100000000001,234.88189697265625,-197.2130889892578,-77.92851257324219,233.48464486386987,-196.91202691727014,-77.93077828443711,1.429320453972692,0.3163038583813864,0.08260248057398323,3.6415978892837485e-05,40.69954852774583,52.8864155951368,nan,nan,nan
574.32,234.88079833984375,-197.20437622070312,-77.92996215820312,233.48319995692847,-196.90342974459963,-77.9310783470627,1.429633263212659,0.31635081035603757,0.08262497258377179,3.5672679233889565e-05,40.514246806231114,52.645998186555374,nan,1.071755056814133,nan
574.33,234.8797149658203,-197.19566345214844,-77.93138122558594,233.48175615060796,-196.89484859061537,-77.93259387513883,1.429958006540056,0.3163978473577971,0.08264753070102526,3.638687211108818e-05,40.43983859504165,52.775936676308696,nan,nan,nan
574.34,234.87864685058594,-197.18695068359375,-77.93277740478516,233.48032568527086,-196.88627393252,-77.9346051424062,1.4302838636540673,0.3164449687485664,0.08267015460187285,3.5645452898068646e-05,40.41274709168245,52.67947005945783,nan,0.18633729168625104,nan
574.35,234.8776092529297,-197.17823791503906,-77.93414306640625,233.4879453287262,-196.8833952732983,-77.93593777120482,1.4205988971509953,0.31638318400570076,0.08265851752154037,3.633673780271171e-05,40.54464777940414,52.455365367778406,1.750179144839599,nan,nan
574.36,234.8765869140625,-197.16952514648438,-77.93547821044922,233.48658376243685,-196.87482213502386,-77.93705158919225,1.4209015103144205,0.3164301098992079,0.08268112533366928,3.559802628731995e-05,40.446022134616854,52.60813684895024,nan,0.0713322313430385,nan
574.37,234.87559509277344,-197.1608123779297,-77.9367904663086,233.48523793754424,-196.86625286868838,-77.9384596969033,1.4212181781529123,0.31647712068992684,0.08270379940343227,3.6310636025854925e-05,40.3747187801799,52.26620302284518,nan,nan,nan
574.38,234.87460327148438,-197.152099609375,-77.93807220458984,233.4839117384514,-196.85768405401825,-77.93987347796075,1.4215156361684367,0.31652421587634094,0.08272653947433686,3.557365445337573e-05,40.3088847277551,52.72281749202901,nan,0.0006586814691115748,nan
574.39,234.87364196777344,-197.1433868408203,-77.9393310546875,233.48260556166653,-196.8491149467469,-77.94123163011452,1.4218234218577637,0.31657139621751823,0.08274934607655247,3.628597984392166e-05,40.23806883286908,52.3951976585224,nan,nan,nan
574.4,234.87271118164062,-197.13467407226562,-77.94056701660156,233.44993951577413,-196.83869800518778,-77.9426188365155,1.4532326914298137,0.3165095608870946,0.08273765342892944,3.698932448889025e-05,42.93394390333082,53.802064356715846,24.23789830530967,nan,nan
574.41,234.8717803955078,-197.12596130371094,-77.94178009033203,233.44860536538494,-196.83015435078195,-77.94392977345423,1.4535933203285947,0.3165565454325315,0.08276044321901083,3.772960021332241e-05,42.866482785453684,53.955877875984406,nan,nan,nan
574.42,234.87088012695312,-197.11724853515625,-77.94296264648438,233.44729983504763,-196.82160273032116,-77.94445278973068,1.45395650208155,0.31660361434909806,0.08278329920696854,3.690637802658251e-05,42.72925092366397,53.91286102234041,nan,0.3703258057645439,nan
574.4300000000001,234.8699951171875,-197.10853576660156,-77.94412231445312,233.44600233298638,-196.81305926744287,-77.9457098640721,1.4543260746220994,0.31665076832476496,0.08280622189211657,3.764466415051617e-05,42.66087647732008,53.90040741717495,nan,nan,nan
574.44,234.86912536621094,-197.09982299804688,-77.94526672363281,233.44474689913662,-196.80449586475848,-77.94499434618858,1.4546725429837475,0.31669800698799266,0.08282921107840066,3.682640898599538e-05,42.52060955283774,53.547078529849884,nan,2.421413422501085,nan
574.45,234.86827087402344,-197.0911102294922,-77.94638061523438,233.46371607510412,-196.80552555236375,-77.94612531246449,1.433294406658086,0.3166361204450782,0.08281745939376653,3.7538840940647425e-05,42.27220832570185,53.365718969164845,3.915028325921611,nan,nan
574.46,234.86744689941406,-197.0823974609375,-77.94747161865234,233.46251358115538,-196.79698860522302,-77.94650517658481,1.433630628050293,0.31668316306923405,0.08284043105784955,3.6726436478544755e-05,42.22148536196763,53.19811213623936,nan,0.40088095573105664,nan
574.47,234.8666229248047,-197.07369995117188,-77.94854736328125,233.46131842099354,-196.78845934529568,-77.94764766451513,1.4339608645742037,0.31673029063851443,0.08286346956865973,3.746015907752759e-05,42.13902728095407,53.85633554520743,nan,nan,nan
574.48,234.86582946777344,-197.0649871826172,-77.94959259033203,233.46014507188664,-196.7799255584013,-77.94829248237563,1.4342978912070277,0.3167775028832212,0.0828865747852195,3.665241166061359e-05,42.08892099694604,53.292818955497104,nan,0.14620407863789114,nan
574.49,234.8650360107422,-197.0562744140625,-77.95062255859375,233.45898247249974,-196.7713962924426,-77.94938930930024,1.434623162187758,0.3168248003388151,0.08290974712503767,3.738448438678919e-05,42.00740602307346,53.25214142333082,nan,nan,nan
574.5,234.86427307128906,-197.0475616455078,-77.9516372680664,233.49287151959822,-196.7707913925086,-77.95009495076711,1.3990519531696919,0.31676286177891555,0.08289793279940415,3.655855811060267e-05,40.12439517416739,51.5548501037785,17.24258686426151,0.09147108411252285,nan
574.51,234.86351013183594,-197.03884887695312,-77.95262145996094,233.49180761683547,-196.76225585451257,-77.95114922333484,1.3993118513048053,0.316809962897809,0.08292108686322167,3.728816735534044e-05,40.03926243523877,52.199601349661094,nan,nan,nan
574.52,234.86277770996094,-197.03013610839844,-77.9535903930664,233.49075229455184,-196.75372582582682,-77.95281864610337,1.3995917191928526,0.31685714867144527,0.08294430783063383,3.6490284354969304e-05,39.920812897493455,51.65965435594893,nan,0.26058425187341944,nan
574.53,234.86204528808594,-197.02142333984375,-77.95454406738281,233.4897181299459,-196.74519055793917,-77.95384201045734,1.3998524463854558,0.31690441955291804,0.08296759607256189,3.7218456731243695e-05,39.839881508487856,51.72509596448303,nan,nan,nan
574.54,234.86134338378906,-197.01271057128906,-77.95547485351562,233.48869889934323,-196.73665524929635,-77.95482475231627,1.400128509856015,0.31695177539609004,0.08299095151732468,3.642477322149544e-05,39.761943245758346,51.54740455052797,nan,0.0003282959818413469,nan
574.5500000000001,234.8606414794922,-197.00399780273438,-77.95638275146484,233.4637934001712,-196.71607792187055,-77.95581788697999,1.426212723814811,0.31688978453177824,0.0829790713121099,3.712824124653678e-05,39.948774768715865,52.358891972871966,5.303049219893422,nan,nan
574.5600000000001,234.85995483398438,-196.9952850341797,-77.95728302001953,233.46276921116595,-196.70751811646375,-77.95614137418998,1.4265127994159212,0.31693694377909576,0.08300240773531867,3.633959639830592e-05,39.89924593454895,51.91721770884237,nan,0.2732001660278459,nan
574.57,234.8592987060547,-196.986572265625,-77.9581527709961,233.4617530693151,-196.6989632912145,-77.95708772302252,1.4268335092989914,0.31698418803706957,0.08302581158399361,3.706426883138651e-05,39.81874013569446,52.103010722164115,nan,nan,nan
574.58,234.858642578125,-196.9778594970703,-77.95901489257812,233.460752340786,-196.6904066707152,-77.95778289039615,1.4271397131523618,0.317031517225393,0.08304928282554036,3.627953147527172e-05,39.7536061282476,51.89844930263263,nan,0.03606269418380926,nan
574.59,234.85800170898438,-196.96914672851562,-77.95985412597656,233.45976300144574,-196.68185161309196,-77.95869393180223,1.42744923295231,0.31707893169847895,0.08307282177272234,3.700304686768555e-05,39.67199741284193,52.0775495071683,nan,nan,nan
574.6,234.85736083984375,-196.96043395996094,-77.96067810058594,233.4521600004644,-196.6686574753306,-77.96054074114313,1.4351734859741776,0.31701688762455676,0.08306087199431283,3.619989142700373e-05,39.4824769786662,52.17395638609819,2.029770746437247,0.8516223977932578,nan
574.61,234.85675048828125,-196.95172119140625,-77.96148681640625,233.45118698058644,-196.66009204905026,-77.96142802299586,1.4354986361161357,0.31706410520612427,0.08308439113874819,3.692143268352396e-05,39.40657648772603,51.77980001365746,nan,nan,nan
574.62,234.85614013671875,-196.94300842285156,-77.9622802734375,233.45022165489019,-196.65153093453188,-77.96294888963308,1.4358155699085815,0.31711140768026636,0.08310797786009426,3.6145043741326046e-05,39.3423579799862,51.94139527792851,nan,0.2783184113042112,nan
574.63,234.85556030273438,-196.93429565429688,-77.96305847167969,233.44927311182062,-196.64296538263872,-77.96381271010344,1.4361467750157446,0.31715879534969527,0.0831316324386723,3.686560258510743e-05,39.27069042193759,51.591561819986275,nan,nan,nan
574.64,234.85498046875,-196.9255828857422,-77.96382141113281,233.44833856347063,-196.63439796128725,-77.96435909936773,1.436464548475335,0.3172062682117678,0.0831553548902388,3.60926946032718e-05,39.1875770092144,51.723417925308134,nan,0.060868863726346506,nan
574.65,234.85440063476562,-196.9168701171875,-77.96456909179688,233.4572543316955,-196.63116981631384,-77.96510624422552,1.4260584639609002,0.3171441704672946,0.08314333219256623,3.678944220907608e-05,39.18556347259779,51.71745515593567,1.2504857611159403,nan,nan
574.66,234.85385131835938,-196.9081573486328,-77.96529388427734,233.45635605535054,-196.62261406465095,-77.96598172578624,1.4263689741035537,0.3171914461651846,0.0831670340616939,3.60208253505506e-05,39.116122272785056,51.681160347643655,nan,0.002326860778742584,nan
574.67,234.85330200195312,-196.89944458007812,-77.96601104736328,233.45546929172548,-196.61405782161086,-77.96678502448967,1.4266683169999308,0.3172388069728565,0.08319080393868407,3.6738751949237075e-05,39.04366040147995,51.55852309626665,nan,nan,nan
574.6800000000001,234.85276794433594,-196.89073181152344,-77.96671295166016,233.45459957259163,-196.60549555360086,-77.96650642375577,1.4269669096491235,0.3172862529275176,0.0832146418659212,3.597334814408396e-05,38.953400593458994,51.44873224186692,nan,0.7623368298966718,nan
574.69,234.85223388671875,-196.88201904296875,-77.9674072265625,233.45373450854314,-196.5969393448061,-77.96727270552404,1.4272599493988487,0.31733378427207576,0.0832385480840315,3.669051835116399e-05,38.87669285545739,51.368001385127386,nan,nan,nan
574.7,234.8517303466797,-196.873291015625,-77.96807861328125,233.4179460369205,-196.56873259433507,-77.96745042873208,1.4657740867903335,0.31727163207732023,0.08322644884928725,3.590638017958098e-05,38.84728489563825,51.23729226007308,12.575061639981563,0.14988581985227986,nan
574.71,234.85122680664062,-196.8645782470703,-77.96874237060547,233.41704715061508,-196.56014032229973,-77.96818450358228,1.466135753268365,0.3173189659617719,0.08325033367673462,3.662197090090693e-05,38.77009778308119,51.86035593096279,nan,nan,nan
574.72,234.85072326660156,-196.85586547851562,-77.9693832397461,233.38268376488205,-196.5130601292252,-77.96893194968233,1.5075329813220448,0.3138834295760437,0.07866999367391535,3.734990858022254e-05,45.37932071961281,59.066081852767674,nan,nan,0.321726608676995
574.73,234.85025024414062,-196.84715270996094,-77.97002410888672,233.38181849518332,-196.50443365394744,-77.96964222495434,1.5078953208150472,0.31393373240150935,0.07868578922507018,3.809435971864409e-05,45.2814233655846,58.18620771174749,nan,nan,nan
574.74,234.8497772216797,-196.83843994140625,-77.97064208984375,233.38096291188572,-196.49580721563987,-77.9703407992681,1.5082482395804897,0.3139841195220883,0.07870164598316846,3.8853480084179945e-05,45.182557620498436,58.70421019696644,nan,nan,nan
574.75,234.84930419921875,-196.82972717285156,-77.97125244140625,233.38320393587017,-196.49310074307698,-77.97094321454281,1.5042497901062872,0.31392086061147634,0.0786905803827666,3.960094573597126e-05,46.04080647247287,58.77272670220194,3.7110420337502963,nan,nan
574.76,234.84884643554688,-196.82101440429688,-77.97185516357422,233.38232418466458,-196.4844363622929,-77.97088396318253,1.5046505354806767,0.31397102941812366,0.07870643920121925,3.865415341970467e-05,45.96698526628519,58.48867904553923,nan,0.3102604848418567,nan
574.77,234.84840393066406,-196.8123016357422,-77.9724349975586,233.38150125540713,-196.47583323604587,-77.97154005024333,1.5049967586678854,0.3140212896054925,0.07872237145386324,3.942277652575212e-05,45.86763441156072,58.81976478280036,nan,nan,nan
574.78,234.84796142578125,-196.8035888671875,-77.97301483154297,233.38073398659384,-196.4672899222801,-77.97291441795946,1.5052751737583314,0.3140716270155212,0.07873835354373922,3.848693879266654e-05,45.75146760538468,58.41756869641178,nan,0.3091757278453618,nan
574.79,234.8475341796875,-196.7948760986328,-77.97357177734375,233.3799288217639,-196.45868684927618,-77.97355622544576,1.5056190415343664,0.3141220558322606,0.07875440880033863,3.925149661477342e-05,45.65579785742646,58.733892904366655,nan,nan,nan
574.8000000000001,234.8471221923828,-196.78616333007812,-77.97412109375,233.38056328929432,-196.45867617388228,-77.97332482721103,1.5026787706432065,0.3140586835641466,0.07874340348649705,3.830159496896434e-05,47.27767931118077,58.949331357053644,9.870857558072943,0.39254242736306055,nan
574.8100000000001,234.84671020507812,-196.77745056152344,-77.97466278076172,233.37977695243703,-196.45011166220283,-77.97393740071978,1.50301179266459,0.31410890103677647,0.07875947252502952,3.906135187037745e-05,47.182065870054835,58.8923516931069,nan,nan,nan
574.82,234.84629821777344,-196.76873779296875,-77.9751968383789,233.37895431165026,-196.4414901979328,-77.97382026222552,1.5033931695519753,0.31415919617584154,0.07877559271159709,3.814741258894184e-05,47.12483381600203,58.91747542787519,nan,0.30686412306843147,nan
574.83,234.8459014892578,-196.760009765625,-77.97571563720703,233.37818460982524,-196.4329251959875,-77.97440622582589,1.5037216725260019,0.3142095821631936,0.0787917852168088,3.890358320325906e-05,47.02959752667547,58.275262763082985,nan,nan,nan
574.84,234.84552001953125,-196.7512969970703,-77.9762191772461,233.37760724809587,-196.4245930612524,-77.97799299589205,1.5038306130194967,0.31426004634823995,0.0788080296551689,3.799938740097976e-05,46.976300002034506,59.08102433245331,nan,5.409627547186167,nan
574.85,234.8451385498047,-196.74258422851562,-77.97672271728516,233.36259125305475,-196.40783562136167,-77.97862734165024,1.5198706341942547,0.31419657433728687,0.07879710295550613,3.872713495436406e-05,46.86416607502134,59.01921152255935,2.526267515326574,nan,nan
574.86,234.84475708007812,-196.73387145996094,-77.97721099853516,233.3618205467432,-196.39925250880685,-77.97919663375531,1.5202218743058937,0.3142468270933534,0.07881336123646489,3.783346733016233e-05,46.7812926717302,59.308170482214294,nan,0.00021370104882745562,nan
574.87,234.84439086914062,-196.72515869140625,-77.97769165039062,233.36105835459296,-196.39067063735106,-77.97977564865836,1.5205794783794486,0.31429717016491393,0.07882969106747577,3.8582153625955027e-05,46.69711308028015,59.08073079318004,nan,nan,nan
574.88,234.8440399169922,-196.71644592285156,-77.97815704345703,233.36025888142564,-196.38203286899562,-77.97959648609638,1.5209997778077793,0.31434759183772926,0.07884607401761738,3.769748081349803e-05,46.54777808628259,59.10739422705215,nan,0.34072131778276443,nan
574.89,234.84368896484375,-196.70773315429688,-77.9786148071289,233.35951108414457,-196.3734505392685,-77.98015087542623,1.5213583429858741,0.3143981038854528,0.07886252834958049,3.844321095170186e-05,46.46169387396944,59.10288066661177,nan,nan,nan
574.9,234.84335327148438,-196.69900512695312,-77.97906494140625,233.33976226469707,-196.35876302367066,-77.97727477063233,1.541607540604654,0.3143345198567856,0.07885165679950074,3.754371174020326e-05,47.33690214296093,58.87402336476257,4.7082998645308844,6.514055869571102,nan
574.91,234.84300231933594,-196.69029235839844,-77.97950744628906,233.33899718509272,-196.35018070779464,-77.97777804263782,1.541982610000315,0.31438481992569717,0.07886812400947525,3.8285736919528434e-05,47.23714490875817,59.79456622695048,nan,nan,nan
574.92,234.84268188476562,-196.68157958984375,-77.97994232177734,233.3383093845906,-196.34168504971478,-77.97949558936438,1.542292163392599,0.3144351989736178,0.0788846454460771,3.741910650253156e-05,47.07441771951603,59.345215435070386,nan,0.9200979216385207,nan
574.9300000000001,234.8423614501953,-196.67286682128906,-77.9803695678711,233.33755782190153,-196.33310251403714,-77.97999538707451,1.5426839871534908,0.31448566790081117,0.07890123760497748,3.8158557633556135e-05,46.98214660298849,59.36895638820563,nan,nan,nan
574.94,234.842041015625,-196.66415405273438,-77.98078155517578,233.3368618045665,-196.32458016312702,-77.9813568451165,1.5430084947479328,0.3145362163067035,0.078917884685933,3.729988184653869e-05,46.89600524211857,59.71623694321339,nan,0.4683259397344917,nan
574.95,234.8417205810547,-196.6554412841797,-77.98119354248047,233.4210227169485,-196.35293081875528,-77.9818826005707,1.4525479260830696,0.3144725315321888,0.07890708163333894,3.801291025518334e-05,45.20601648330628,57.48877342962874,63.320073858876384,nan,nan
574.96,234.84141540527344,-196.64671325683594,-77.9815902709961,233.42041834499085,-196.34437826077013,-77.98212893285623,1.4528039734714622,0.3145228678430132,0.07892374151246746,3.7162933402000786e-05,45.1111525819971,56.8776157599278,nan,0.0362067311379993,nan
574.97,234.84112548828125,-196.63800048828125,-77.98197937011719,233.4198336992864,-196.3358419079768,-77.98260670792872,1.453055591045488,0.314573293560752,0.0789404715205056,3.7896820831149556e-05,45.0214997632109,57.36310572962123,nan,nan,nan
574.98,234.84083557128906,-196.62928771972656,-77.98236846923828,233.41926453902897,-196.32731712251885,-77.9832524005699,1.453289793081063,0.31462379909819854,0.0789572574526226,3.705415781087203e-05,44.939465102153385,57.12065942909347,nan,0.01917261474435083,nan
574.99,234.84054565429688,-196.62057495117188,-77.98274230957031,233.41869157845173,-196.31878069010497,-77.9837185041157,1.4535300966839884,0.3146743941324788,0.07897411342898175,3.778597033503637e-05,44.85026551739575,57.526961207703835,nan,nan,nan
575.0,234.84027099609375,-196.61184692382812,-77.98310852050781,233.40969301844044,-196.3062005416341,-77.98357447513524,1.4628647504840147,0.31461059853131823,0.07896335972377817,3.692767211634662e-05,44.9241053429072,56.75342782395549,0.8376977789435103,0.2856635051042476,nan
575.01,234.83998107910156,-196.60313415527344,-77.98346710205078,233.40911726559278,-196.29765768001417,-77.98402216929168,1.4631088263848846,0.3146609809502613,0.0789802275798524,3.765664538392656e-05,44.832368443117765,57.84239800429126,nan,nan,nan
575.02,234.8397216796875,-196.59442138671875,-77.98382568359375,233.40851968224922,-196.28908218924855,-77.98394634061421,1.4634108095614113,0.3147114435062771,0.07899715229532822,3.682873230104216e-05,44.733287094164325,56.98887010613702,nan,0.1702274924031532,nan
575.03,234.83935546875,-196.58570861816406,-77.9842758178711,233.4079042610607,-196.28053937480863,-77.98442767031608,1.463619093256312,0.3147619951206378,0.07901414655308135,3.7555932557466736e-05,44.63618605320479,57.34025074211657,nan,nan,nan
575.04,234.83889770507812,-196.57699584960938,-77.98481750488281,233.40730827892327,-196.2721328361217,-77.98721708031508,1.4636924198865815,0.31481262734289317,0.07903119828980518,3.673444175975251e-05,44.69543180060414,57.52571070536724,nan,3.131133169397786,nan
575.0500000000001,234.8383331298828,-196.56826782226562,-77.9854507446289,233.3920702269861,-196.2596647771728,-77.98786619051288,1.4788232004247825,0.3147487301526279,0.07902050320402937,3.743672229747281e-05,45.4244858092405,57.53549882431957,2.454765690820513,nan,nan
575.0600000000001,234.8376922607422,-196.55955505371094,-77.98617553710938,233.39112680734667,-196.25109975104883,-77.98824444284999,1.4790877475892799,0.31479914961462935,0.07903756661624586,3.662237557029383e-05,45.29056402221332,57.8935497859884,nan,0.10689366464654687,nan
575.07,234.83694458007812,-196.55084228515625,-77.98699951171875,233.39011203458665,-196.24255936697588,-77.98911850019984,1.4793131049400348,0.31484965771770074,0.07905469912410856,3.734552391892549e-05,45.19759238328951,57.75430206715831,nan,nan,nan
575.08,234.83612060546875,-196.54212951660156,-77.98790740966797,233.3888780570673,-196.2338690710671,-77.98752315948633,1.4797079589678603,0.31490024671235656,0.07907188995650913,3.653705264147247e-05,44.98670793481409,57.586420459798276,nan,4.240938199513527,nan
575.09,234.835205078125,-196.5334014892578,-77.98889923095703,233.3876818003319,-196.22532871138102,-77.98855360642237,1.4799434434051548,0.31495092446590844,0.07908914987073501,3.7258818518051035e-05,44.89391451203185,57.1150720294474,nan,nan,nan
575.1,234.83419799804688,-196.52468872070312,-77.98998260498047,233.4221157264919,-196.2427621987547,-77.9881523107257,1.439952171217791,0.3148869175052484,0.07907849775693777,3.643389907351805e-05,46.321799439641396,57.99599970176443,27.452530480676582,1.827579774341529,nan
575.11,234.83309936523438,-196.51597595214844,-77.99115753173828,233.42080042651548,-196.23428810486027,-77.98934716851501,1.4401179163635691,0.31493738200528587,0.07909576846104997,3.715350158902864e-05,46.22478794101166,57.83458979492336,nan,nan,nan
575.12,234.83192443847656,-196.50726318359375,-77.99241638183594,233.41934307219444,-196.22575048544508,-77.98948580277401,1.4403624904447012,0.31498792765890754,0.07911309827828313,3.635697585868221e-05,46.280697863321734,57.832582697987355,nan,0.8541169913205667,nan
575.13,234.83065795898438,-196.49853515625,-77.9937515258789,233.41785452349373,-196.2172764808885,-77.99084261581895,1.4405306145854764,0.3150385616850561,0.07913049680762937,3.7075431388671516e-05,46.1829811786385,57.668792588250234,nan,nan,nan
575.14,234.8292999267578,-196.4898223876953,-77.99517822265625,233.41625028596619,-196.2087674420086,-77.99163653729424,1.4407337413177752,0.31508927730921005,0.07914795500523382,3.628401984021697e-05,46.207207308577594,58.19771527829037,nan,0.27547284613486195,nan
575.15,234.82786560058594,-196.48110961914062,-77.99668884277344,233.40026220732986,-196.1863197761513,-77.99307000612905,1.4577261731699138,0.31502516806336595,0.07913735182469547,3.6978667964930727e-05,45.00745529119092,57.631219873740804,9.735172491000968,nan,nan
575.16,234.8263397216797,-196.47239685058594,-77.99827575683594,233.39842323139595,-196.1777179163489,-77.99303805238434,1.4580152986355157,0.3150756702629109,0.07915482049717795,3.6193082900098885e-05,45.31668981590582,58.47330800648197,nan,1.7592092075465706,nan
575.17,234.8247528076172,-196.46368408203125,-77.99994659423828,233.39657746467276,-196.1692020763388,-77.9947058215971,1.4582290381037417,0.3151262604679288,0.07917235755838975,3.690866057505891e-05,45.210465538870224,57.88759822512684,nan,nan,nan
575.1800000000001,234.82305908203125,-196.4549560546875,-78.00170135498047,233.39467460887062,-196.16071371955385,-77.99698637452482,1.458383689565945,0.31517693250212414,0.07918995499985239,3.612772539421209e-05,44.98969849646686,57.37841228924721,nan,0.186792780996595,nan
575.19,234.82130432128906,-196.4462432861328,-78.0035171508789,233.39266744098475,-196.15219846666903,-77.99881489053016,1.4585910334536907,0.3152276926851112,0.07920762087642849,3.6842456753510296e-05,44.88171566557312,57.904696277413024,nan,nan,nan
575.2,234.81947326660156,-196.43753051757812,-78.0053482055664,233.40517442766253,-196.14959133890252,-78.00195590757778,1.4433162107197153,0.31516347460313854,0.07919705379931967,3.6044286685488645e-05,44.23697290348735,57.5039562306483,1.8959230520031123,1.1389845542063448,nan
575.21,234.81764221191406,-196.42881774902344,-78.00716400146484,233.40307950957995,-196.1410829608041,-78.0038403659063,1.4435338561113569,0.31521402089296974,0.07921472928730058,3.675737435179813e-05,44.12896362362773,57.35932101437533,nan,nan,nan
575.22,234.81581115722656,-196.42010498046875,-78.00896453857422,233.40098583970297,-196.13257808038446,-78.00577174374202,1.4437494904991857,0.3152646492233089,0.0792324658187913,3.598600682858902e-05,44.022772929066214,57.11165287867894,nan,0.0026541114110310193,nan
575.23,234.8140106201172,-196.41139221191406,-78.01072692871094,233.3989067510498,-196.1240705417635,-78.0076153162988,1.4439814349635594,0.3153153653634972,0.07925027052664785,3.6698428899731574e-05,43.91580411121159,57.34393591283815,nan,nan,nan
575.24,234.81222534179688,-196.40267944335938,-78.01246643066406,233.39687942402625,-196.11559151217148,-78.01002783687736,1.4441708672879985,0.3153661639645608,0.0792681367784487,3.593106505789743e-05,43.72905346812404,57.02602900856339,nan,0.2397760802145032,nan
575.25,234.81048583984375,-196.3939666748047,-78.01416778564453,233.3992850673306,-196.11954933156457,-78.01179020152318,1.437636307109327,0.3153018430371098,0.07925760910525949,3.662048604355571e-05,45.61145601568214,57.65312387105521,12.711485427602783,nan,nan
575.26,234.80877685546875,-196.38525390625,-78.01583862304688,233.39737353931284,-196.11116959990264,-78.01528671006507,1.437769742500432,0.3153524275501126,0.07927548455447311,3.5857838169228155e-05,45.381444549441674,57.388510498836254,nan,2.0371178201219613,nan
575.27,234.80709838867188,-196.3765411376953,-78.01747131347656,233.3954231450278,-196.10271104378106,-78.01702727651795,1.4379882165788054,0.3154030995515154,0.07929342795991585,3.6568278427176964e-05,45.29408135142186,57.65613284805297,nan,nan,nan
575.28,234.8054656982422,-196.36782836914062,-78.01907348632812,233.3934724056551,-196.09421622711974,-78.01790765020567,1.438259372208655,0.3154538541970436,0.07931143350730337,3.5809242938010456e-05,45.243760778595096,57.25464518907626,nan,0.4624199969393315,nan
575.29,234.80384826660156,-196.35911560058594,-78.02064514160156,233.39158801309878,-196.0857582935709,-78.01957701359315,1.4384729339892663,0.3155046964974554,0.07932950710834989,3.6519244336237976e-05,45.152488178075195,57.485136999353905,nan,nan,nan
575.3000000000001,234.80227661132812,-196.35040283203125,-78.02218627929688,233.41508270126567,-196.0910434263357,-78.02080492577609,1.4112321402145906,0.31544026755845445,0.07931900824833116,3.5742235458821465e-05,45.22696075035515,57.00697219236014,7.1523369079287145,0.06992570197329975,nan
575.3100000000001,234.80072021484375,-196.34170532226562,-78.02369689941406,233.41330394286308,-196.0826120465356,-78.02240889381457,1.4114017487036368,0.3154908953248058,0.07933709019656608,3.6450984943140196e-05,45.13191356020218,57.976794922380364,nan,nan,nan
575.32,234.79920959472656,-196.33299255371094,-78.02517700195312,233.4116577260288,-196.0742893803967,-78.02660691646358,1.411463625059109,0.3155416059004989,0.07935523484318799,3.5699514685012625e-05,45.06090515078033,56.94138974080535,nan,4.668143566037122,nan
575.33,234.79771423339844,-196.32427978515625,-78.02662658691406,233.4099405948857,-196.06585835403283,-78.02817815882038,1.41163016232656,0.3155924038350122,0.07937344737730725,3.640796121400213e-05,44.98565808804194,57.28984568784021,nan,nan,nan
575.34,234.7962646484375,-196.31556701660156,-78.02804565429688,233.40814255358555,-196.05731003682027,-78.02678697607458,1.411942350839011,0.3156432849774807,0.07939172306403469,3.565955929502585e-05,44.88154702906445,56.90414070066046,nan,5.852152172391609,nan
575.35,234.79483032226562,-196.30685424804688,-78.0294418334961,233.4340313735336,-196.05638046273384,-78.02821836124785,1.3836590594808995,0.3155787527576737,0.07938125420852023,3.6345573229317846e-05,43.56527419533446,56.307514523648905,8.129815339920548,nan,nan
575.36,234.79344177246094,-196.2981414794922,-78.03080749511719,233.43250061276805,-196.04800126970966,-78.03107768013838,1.3837380668667782,0.3156294191496949,0.07939953773993336,3.560095863890127e-05,43.442623750630936,55.908547057300105,nan,1.338628993013512,nan
575.37,234.7920684814453,-196.2894287109375,-78.03214263916016,233.43094624125652,-196.03956795417224,-78.03252310044537,1.383865707089619,0.31568017262017006,0.07941788902453996,3.630809228327541e-05,43.35994681748947,56.331410917814495,nan,nan,nan
575.38,234.7907257080078,-196.28073120117188,-78.03345489501953,233.42944148288834,-196.0311578497464,-78.03455911471482,1.383973561381147,0.31573100943845206,0.07943630396289302,3.556621953698442e-05,43.30327838155111,56.70487228034505,nan,0.2598063580867507,nan
575.39,234.78939819335938,-196.2720184326172,-78.03474426269531,233.42794163187173,-196.02272489122703,-78.03595922670846,1.3840927406551036,0.31578193352253886,0.07945478679486036,3.627321672886198e-05,43.2245133247144,56.114665997459774,nan,nan,nan
575.4,234.78811645507812,-196.2633056640625,-78.03600311279297,233.39940198852779,-196.00046668933936,-78.03596833757148,1.4133690945570523,0.3157172940181607,0.07944433910540574,3.551269566368031e-05,43.32085705298687,55.842719779515214,7.258059901591775,1.17220112119409,nan
575.41,234.78684997558594,-196.2545928955078,-78.0372314453125,233.39791006807366,-195.99201019299872,-78.03730519096334,1.4135429769821728,0.31576800292623125,0.07946282893756326,3.621872902129547e-05,43.237150593693926,56.318616252758204,nan,nan,nan
575.42,234.7855987548828,-196.24588012695312,-78.03844451904297,233.39647419643399,-195.98358503238302,-78.03951536648547,1.413671426547002,0.3158187953057258,0.07948138288938823,3.548275096673446e-05,43.18463871852313,56.07421822299113,nan,0.552518926734294,nan
575.4300000000001,234.78439331054688,-196.2371826171875,-78.03962707519531,233.39503253731127,-195.97512865922278,-78.04081402130642,1.4138589193876088,0.3158696746933379,0.0795000046450881,3.6188747531623265e-05,43.10597363897972,56.53178074493163,nan,nan,nan
575.44,234.783203125,-196.2284698486328,-78.0407943725586,233.39359029823967,-195.96664694253735,-78.04133745720758,1.4140634134981485,0.3159206379315195,0.07951869093599294,3.545505810068774e-05,42.99203660588377,55.58593650090505,nan,0.3894833468868082,nan
575.45,234.7820281982422,-196.21975708007812,-78.04193115234375,233.4070339757171,-195.96554050402244,-78.04265601025033,1.3982974307842497,0.31585589482535786,0.07950826396049919,3.613900803350176e-05,42.90394477556445,56.09858271662997,2.315821092915049,nan,nan
575.46,234.7808837890625,-196.21104431152344,-78.04304504394531,233.40564912041134,-195.95705615151428,-78.04264898658907,1.3984922367129298,0.31590664265197843,0.0795269566700074,3.540833744494169e-05,42.8104977650345,55.882036487702145,nan,1.048341141425861,nan
575.47,234.77976989746094,-196.20233154296875,-78.04414367675781,233.40432722463262,-195.94861164436247,-78.04384137838349,1.3986480703058157,0.31595747724293693,0.07954571711952728,3.6113506665162345e-05,42.72600594903909,55.30503976441664,nan,nan,nan
575.48,234.77867126464844,-196.19363403320312,-78.04521179199219,233.4030770771758,-195.94021596388777,-78.0465767190142,1.3987429890761993,0.3160083957854248,0.0795645425237151,3.538485569400986e-05,42.690230096574446,56.59411585879115,nan,1.6891805373078181,nan
575.49,234.777587890625,-196.18492126464844,-78.0462646484375,233.40179975327092,-195.93177160526116,-78.04774293181991,1.3988852469927104,0.3160594012981811,0.0795834358441526,3.609010622726149e-05,42.61447736667765,55.71936355969333,nan,nan,nan
575.5,234.7765350341797,-196.17620849609375,-78.04729461669922,233.41449412762708,-195.92368077454492,-78.04809169119405,1.3852531597513296,0.3159945515488397,0.07957302209028799,3.534220539124871e-05,41.34678887263643,54.97059788654742,4.2977134512540935,0.41419542427456896,nan
575.51,234.77549743652344,-196.16749572753906,-78.04830169677734,233.41328415081617,-195.91522140589794,-78.04921004359296,1.3853765532196736,0.31604534124279343,0.07959192098411902,3.604669722304339e-05,41.26732042212195,55.19111652353682,nan,nan,nan
575.52,234.7744903564453,-196.15878295898438,-78.0492935180664,233.41215595058782,-195.9068209493403,-78.0523559575756,1.3854419028680793,0.3160962149747949,0.07961088522250594,3.532256373912129e-05,41.42655997390084,54.89164951608934,nan,2.9036174661274137,nan
575.53,234.77349853515625,-196.15008544921875,-78.05026245117188,233.41098719195676,-195.89836122754647,-78.0534561564611,1.385572965915998,0.31614717545326876,0.07962991734947278,3.602720769261802e-05,41.35783420956946,55.84617874469843,nan,nan,nan
575.54,234.77252197265625,-196.14137268066406,-78.05120849609375,233.40982064088604,-195.88988425221993,-78.05391606002827,1.3857159449728742,0.316198220331742,0.0796490152045754,3.5304721120624456e-05,41.1983075550021,55.28858602579991,nan,0.2681565719122874,nan
575.5500000000001,234.7715606689453,-196.13265991210938,-78.05213928222656,233.38305269074235,-195.87008232310546,-78.05492485347217,1.4131203611821466,0.3161332667634106,0.07963861296638793,3.598756683004423e-05,41.63345992832485,55.34407720671447,5.87476992293018,nan,nan
575.5600000000001,234.7706298828125,-196.1239471435547,-78.05305480957031,233.38187167577107,-195.86157966959414,-78.05493718727247,1.4133257205482368,0.31618409557069654,0.07965771574275068,3.526747136571427e-05,41.43578082771766,54.728789839669524,nan,0.7320281027229779,nan
575.57,234.76971435546875,-196.115234375,-78.05394744873047,233.38073845829447,-195.8531042733401,-78.05594800428864,1.413495750028932,0.3162350109127893,0.07967688640058472,3.59716277467565e-05,41.36376208943019,54.985687613688235,nan,nan,nan
575.58,234.76881408691406,-196.10653686523438,-78.05482482910156,233.37964110867162,-195.84464491838708,-78.05757119215824,1.4136465250593884,0.3162860107214295,0.07969612313786527,3.525296093480024e-05,41.38086670628884,55.703298872526304,nan,0.2757556357573575,nan
575.59,234.76792907714844,-196.0978240966797,-78.0556869506836,233.3785447635491,-195.83616956291215,-78.05855427906994,1.4138104849975908,0.3163370972871185,0.07971542796226137,3.5957349348943316e-05,41.31244936653761,54.87850981923793,nan,nan,nan
575.6,234.76707458496094,-196.089111328125,-78.05652618408203,233.40051652503521,-195.84625543657597,-78.0596004033653,1.3879731143045348,0.31627203764332523,0.07970503075882215,3.521890954768382e-05,42.41830717925032,55.27596654714376,12.409254361070774,0.0012643567319373123,nan
575.61,234.7662353515625,-196.0803985595703,-78.0573501586914,233.3994917979584,-195.83782744099898,-78.06055254163041,1.38810624382278,0.31632290774682215,0.07972433965302389,3.592267922281913e-05,42.35477315023613,55.214985027565255,nan,nan,nan
575.62,234.76539611816406,-196.07168579101562,-78.05815887451172,233.398427384385,-195.82934805501867,-78.05928684360795,1.3882839658124486,0.3163738623707432,0.07974371495342063,3.520741077075298e-05,42.02328755654675,55.29572432048899,nan,3.3842636767594656,nan
575.63,234.76458740234375,-196.06297302246094,-78.05895233154297,233.39743624507454,-195.8209199970176,-78.0601868785006,1.38841401536249,0.31642490355737035,0.0797631583625788,3.5911460781364286e-05,41.948735533759496,54.86279221062907,nan,nan,nan
575.64,234.7637939453125,-196.0542755126953,-78.05973052978516,233.3964283481449,-195.81246252294483,-78.05974713672576,1.388582802214323,0.31647602961141863,0.07978266853555248,3.5197319134249784e-05,41.82287433541636,55.44848148346555,nan,1.2255876475330376,nan
575.65,234.7630157470703,-196.04556274414062,-78.06048583984375,233.37535027795602,-195.79088279251417,-78.0606665977773,1.4108427852195597,0.3164108660246568,0.07977227372878773,3.587971810125613e-05,41.447906994629946,54.9884968325608,5.947805333167445,nan,nan
575.66,234.7622528076172,-196.03684997558594,-78.06123352050781,233.37438663385205,-195.78243609448512,-78.06200509787064,1.4109923934982347,0.3164617753495767,0.0797917872566148,3.516746274231441e-05,41.38295178527351,54.60736707599707,nan,0.17076843542848288,nan
575.67,234.76148986816406,-196.02813720703125,-78.06196594238281,233.3734264134431,-195.77397864883653,-78.06284031708216,1.411140493206339,0.3165127710532478,0.07981136893071107,3.5871251396916064e-05,41.30506071337042,54.96029899027869,nan,nan,nan
575.6800000000001,234.76075744628906,-196.01942443847656,-78.06268310546875,233.37249513293156,-195.76553295654904,-78.0642597747926,1.411288638503914,0.3165638516608766,0.0798310176637775,3.5159948967852067e-05,41.27362719007263,54.614132031158,nan,0.2502723284753441,nan
575.69,234.76004028320312,-196.01071166992188,-78.06338500976562,233.37156449129486,-195.75707500659337,-78.06507341499491,1.4114529508318423,0.3166150188835908,0.07985073477246142,3.586406839861539e-05,41.2017507773396,54.58173559885438,nan,nan,nan
575.7,234.75933837890625,-196.0019989013672,-78.06407165527344,233.37544091917266,-195.70660143847937,-78.06325876433142,1.415073319983571,0.3163671850725696,0.07885210542202574,3.5130681911245824e-05,45.80463748227731,59.4825269112866,2.3893517271302542,4.831017791319778,1.1599792499745216
575.71,234.75865173339844,-195.99330139160156,-78.06475067138672,233.3745544990276,-195.69805973289746,-78.06402016385343,1.415236137493887,0.3164173611184813,0.07886816889474153,3.583422980709176e-05,45.69461468610206,59.87411787028638,nan,nan,nan
575.72,234.75796508789062,-195.98458862304688,-78.0654067993164,233.37368218740488,-195.68952042068014,-78.06481425727867,1.4153814834634606,0.31646762109871274,0.07888428888054128,3.5125537982622216e-05,45.58521526696024,59.879057690283304,nan,0.0014280436923253968,nan
575.73,234.75730895996094,-195.9758758544922,-78.06605529785156,233.37282326100322,-195.68097844222055,-78.06555120262762,1.4155442022398823,0.3165179652452901,0.07890047460849361,3.582945003562942e-05,45.479789931817265,59.14338347309077,nan,nan,nan
575.74,234.75665283203125,-195.9671630859375,-78.06668853759766,233.37197994835924,-195.67246051104863,-78.06671676999235,1.4156866190014517,0.31656839362291134,0.07891671737290093,3.512146796516206e-05,45.36874416846886,59.51689480601513,nan,0.13633822581451427,nan
575.75,234.75601196289062,-195.9584503173828,-78.06731414794922,233.32171150792723,-195.64506846441557,-78.06737907370032,1.4681369095192471,0.316504389005645,0.0789055373574098,3.5803806993496485e-05,46.878736557555925,60.057380357138925,22.33934187295044,nan,nan
575.76,234.75538635253906,-195.94973754882812,-78.06792449951172,233.32080719605148,-195.63648920235715,-78.0676588864195,1.4683807249299303,0.3165546052013458,0.0789217925568947,3.5097309534248296e-05,46.7799632229044,60.085371481190286,nan,0.12653345362505164,nan
575.77,234.75477600097656,-195.94102478027344,-78.06851959228516,233.3199174102449,-195.62793243395774,-78.06834756918813,1.4686204486898153,0.31660490549426595,0.07893811326163946,3.580110440517505e-05,46.6783882004837,60.149688006055165,nan,nan,nan
575.78,234.75418090820312,-195.93231201171875,-78.06910705566406,233.31903976024586,-195.61937396809364,-78.0689961529209,1.4688636240330255,0.3166552899738999,0.0789544916884798,3.509518115982959e-05,46.577922054874044,59.85258892318634,nan,0.0006005404247190044,nan
575.79,234.7535858154297,-195.92359924316406,-78.0696792602539,233.31817429957957,-195.6108169895827,-78.0696629397856,1.4690946049376574,0.3167057588336743,0.07897093569275462,3.5799368296522546e-05,46.47628348225366,60.21333938672719,nan,nan,nan
575.8000000000001,234.7530059814453,-195.91488647460938,-78.07024383544922,233.29669149523144,-195.59736920945275,-78.07108588606422,1.4905266872747192,0.3166416576200112,0.07895981738929221,3.507285900446794e-05,47.73370822811931,60.55848654551872,6.211914426484434,0.4966630417641767,nan
575.8100000000001,234.75244140625,-195.9061737060547,-78.07079315185547,233.29581415117127,-195.5888198102836,-78.07173813320524,1.490797554461713,0.31669191400127994,0.07897627316897718,3.5776571771255496e-05,47.64036990084298,60.64972939882759,nan,nan,nan
575.82,234.75189208984375,-195.8974609375,-78.07133483886719,233.29494658427598,-195.58024659645713,-78.07189913317754,1.4910786239449167,0.3167422545213332,0.07899278731853136,3.5072446590109544e-05,47.52688842153573,60.34808360354216,nan,0.16271988807568702,nan
575.83,234.75135803222656,-195.88876342773438,-78.07186126708984,233.29409173859943,-195.57169676923888,-78.07252639583533,1.4913607071622523,0.31679267935604805,0.07900936685619182,3.577657003889625e-05,47.42980494845742,61.191154654873614,nan,nan,nan
575.84,234.75082397460938,-195.8800506591797,-78.0723876953125,233.29324480383318,-195.5630937340853,-78.0720383911425,1.4916430046962732,0.3168431886223808,0.07902600524591603,3.5072831822447e-05,47.32257737373827,60.12350181606392,nan,0.859249225615848,nan
575.85,234.75030517578125,-195.871337890625,-78.07289123535156,233.33657571455925,-195.5755219449909,-78.07256117314857,1.4443469708347492,0.3167789908439361,0.07901495220775448,3.5755407786193246e-05,46.80098113684325,59.92757006172248,17.923628150533577,nan,nan
575.86,234.74978637695312,-195.8626251220703,-78.07339477539062,233.3358276959818,-195.56702994817869,-78.07371492464395,1.4445261371182312,0.3168292873422705,0.07903160211771483,3.5052846219485356e-05,46.701406854489996,59.65221492452479,nan,0.22661069995410604,nan
575.87,234.74928283691406,-195.85391235351562,-78.07388305664062,233.33508854066122,-195.5585115719357,-78.07429799070161,1.4447170316302036,0.3168796680912921,0.07904831725586264,3.575692819407605e-05,46.60440430004,59.743357687278156,nan,nan,nan
575.88,234.74879455566406,-195.84519958496094,-78.07435607910156,233.33435472961028,-195.5498946361079,-78.07268195033049,1.4449386966412407,0.3169301332196927,0.0790650918416595,3.505465065225246e-05,46.581240545328484,59.92115317674709,nan,3.376724952049121,nan
575.89,234.74832153320312,-195.83648681640625,-78.0748291015625,233.33363550473368,-195.54137596693045,-78.07322579949673,1.4451399735674402,0.31698068288503234,0.07908193176748239,3.575915541210385e-05,46.47547321765846,59.323133592492795,nan,nan,nan
575.9,234.7478485107422,-195.82777404785156,-78.07528686523438,233.34288561319394,-195.52899245147438,-78.07428173132396,1.4363816331724084,0.3169163885104639,0.07907093386557813,3.503599665426224e-05,44.576561593267634,59.08862253206992,10.023157392366487,0.1702876683283139,nan
575.91,234.74737548828125,-195.81906127929688,-78.07573699951172,233.34220385368118,-195.5204414631095,-78.0748145421872,1.436552111213483,0.31696672511221974,0.07908778464781316,3.5740052265787855e-05,44.46939937515861,59.18296726642787,nan,nan,nan
575.92,234.74693298339844,-195.8103485107422,-78.07617950439453,233.3415312618697,-195.5118886802731,-78.07529772358876,1.4367439043952652,0.3170171460385032,0.07910469543863598,3.503903714552001e-05,44.368007281829556,58.57363585875363,nan,0.0012159963432178751,nan
575.9300000000001,234.74649047851562,-195.8016357421875,-78.07661437988281,233.34086787382634,-195.50333747432492,-78.07581414298545,1.4369263738279685,0.317067651439831,0.07912167145253214,3.574352503157646e-05,44.26308210631882,58.69413325835217,nan,nan,nan
575.94,234.7460479736328,-195.79290771484375,-78.07703399658203,233.34021249015305,-195.49474955653986,-78.07543137877947,1.4371062112306687,0.3171182414559897,0.07913870791972223,3.504265130117771e-05,44.21989470028047,58.49094715654722,nan,0.5597039886055877,nan
575.95,234.74562072753906,-195.78419494628906,-78.07745361328125,233.31529233398638,-195.47344754952695,-78.07601946285476,1.4636957726197335,0.3170538504883974,0.07912776671603611,3.572558595763954e-05,44.22271114839208,58.92294532217653,6.370941177288203,nan,nan
575.96,234.74520874023438,-195.77548217773438,-78.0778579711914,233.31461546887715,-195.46487739025437,-78.07663502993206,1.4639241570666792,0.31710422714778214,0.0791448136990937,3.5025656843526975e-05,44.10803506003435,59.0659265745548,nan,0.011718171870307553,nan
575.97,234.7447967529297,-195.7667694091797,-78.07826232910156,233.31394670909964,-195.45630203172328,-78.0771157371873,1.4641458790250812,0.31715468822094317,0.07916192581429561,3.573013410498258e-05,44.00164574420195,58.791357274559104,nan,nan,nan
575.98,234.74440002441406,-195.758056640625,-78.07865142822266,233.31328617843872,-195.44772706892286,-78.07759855157222,1.4643744028643846,0.3172052338510915,0.07917909889662438,3.5030270613640513e-05,43.89682375078517,58.931333200497264,nan,6.057569718101974e-05,nan
575.99,234.74400329589844,-195.7493438720703,-78.07903289794922,233.31263385224182,-195.43915176206426,-78.07806530106652,1.4645950176030236,0.31725586418337703,0.07919633725866551,3.5735181191709134e-05,43.790990998195866,59.05796326660537,nan,nan,nan
576.0,234.74362182617188,-195.74063110351562,-78.07941436767578,233.33172705709114,-195.44166156601287,-78.07895923794379,1.4432012439210333,0.31719137661328095,0.07918544421630348,3.5014206155185324e-05,43.86172555604511,58.2832710745124,4.441592975796096,0.16035094652426557,nan
576.01,234.7432403564453,-195.73191833496094,-78.07978057861328,233.3311226970483,-195.43310806548422,-78.07941645150147,1.4433862940024744,0.31724179329323826,0.07920269242320384,3.571867431888179e-05,43.75969182361874,58.79433975016357,nan,nan,nan
576.02,234.7428741455078,-195.72320556640625,-78.08013916015625,233.3305261302129,-195.4245371334194,-78.07938270042285,1.4435824608943073,0.3172922944704582,0.07922000208006197,3.501967445344148e-05,43.67337554080152,58.60225888581661,nan,0.16562900012637405,nan
576.03,234.74240112304688,-195.71449279785156,-78.08059692382812,233.32988597204985,-195.41598333988156,-78.07987349773688,1.4437130849441646,0.31734288028946006,0.0792373769633993,3.5724579442418484e-05,43.566721776753404,58.650176800807664,nan,nan,nan
576.04,234.74185180664062,-195.70578002929688,-78.08114624023438,233.32915159829298,-195.40743168605016,-78.08053041869398,1.443860793781626,0.31739355089451327,0.07925481370815798,3.5025539396434085e-05,43.45983899857121,58.353653738513614,nan,0.003520250803632783,nan
576.0500000000001,234.74119567871094,-195.6970672607422,-78.081787109375,233.32886477142307,-195.39587622635176,-78.08105355396775,1.4440897371636157,0.31732896671844074,0.07924396878368564,3.570886740707614e-05,42.822325890791326,58.457050030605416,2.423126641840176,nan,nan
576.0600000000001,234.74044799804688,-195.68833923339844,-78.08252716064453,233.32794676274676,-195.3873078630592,-78.08182486950572,1.4442230156265725,0.31737942337572345,0.07926141652967054,3.642766274835768e-05,42.71903980445447,57.293859444923605,nan,nan,nan
576.07,234.7396240234375,-195.67962646484375,-78.0833511352539,233.32693783366685,-195.37873940983923,-78.0826884259075,1.444373819280071,0.3174299646139261,0.07927892789965879,3.716094126052816e-05,42.614251908273765,58.04118433578384,nan,nan,nan
576.08,234.7386932373047,-195.67091369628906,-78.08426666259766,233.32583931062803,-195.3701588918912,-78.08326933287684,1.4445105278815462,0.3174805905763601,0.07929650145138971,3.637662955456196e-05,42.52518842135552,58.33343368284888,nan,0.09120586988906508,nan
576.09,234.73768615722656,-195.66220092773438,-78.08526611328125,233.32465153800544,-195.3615905597083,-78.08431035529496,1.4446571710809037,0.31753130140984137,0.07931414049822015,3.710862886578908e-05,42.41929290462336,58.223660200372514,nan,nan,nan
576.1,234.73658752441406,-195.6534881591797,-78.08635711669922,233.3472953376264,-195.36751413178172,-78.0851946060648,1.4184199928252628,0.3174666206237283,0.07930333629737214,3.630457206225274e-05,42.738462770384594,58.0354725411736,7.40037541894879,0.034129101681806724,nan
576.11,234.7353973388672,-195.644775390625,-78.08753204345703,233.34597121833406,-195.35897715254922,-78.08640990446389,1.4185157159872739,0.3175171172127047,0.07932098408729758,3.703444072295367e-05,42.63217696738035,58.24726663375361,nan,nan,nan
576.12,234.734130859375,-195.6360626220703,-78.08879852294922,233.3445619650617,-195.35041827721005,-78.0869786610954,1.4186252907977144,0.3175676984627775,0.07933869449430266,3.6256948375855515e-05,42.58763778914772,57.73520105941902,nan,0.35354417340341254,nan
576.13,234.73277282714844,-195.62734985351562,-78.09014892578125,233.34306668768085,-195.34188134578412,-78.08835995578383,1.418724294355328,0.3176183645236259,0.0793564703764262,3.698568530699828e-05,42.48042492755196,57.923280964290484,nan,nan,nan
576.14,234.73133850097656,-195.61863708496094,-78.0915756225586,233.34148703298777,-195.3333498975372,-78.09001808516993,1.41882990816428,0.3176691155335633,0.07937430926744526,3.621098590782224e-05,42.3593777281248,58.07940875032462,nan,0.02419039347117208,nan
576.15,234.7298126220703,-195.6099090576172,-78.09309387207031,233.29373232255907,-195.30561801481582,-78.09161850026027,1.4679652046610072,0.3176043381405985,0.07936354470057111,3.691523814909713e-05,43.34831814008944,57.70595871229478,18.470515298961185,nan,nan
576.16,234.72821044921875,-195.6011962890625,-78.09468841552734,233.29191229471257,-195.2970418921354,-78.09262597679113,1.4681507209620774,0.31765487460795017,0.07938139185047116,3.614422818476772e-05,43.30708706336096,58.65391765646215,nan,0.26167824194119965,nan
576.17,234.7265167236328,-195.5924835205078,-78.09636688232422,233.2900100742075,-195.28848340681515,-78.09433866892694,1.4683226949883714,0.3177054958253333,0.07939930447765946,3.686998279155777e-05,43.200171237324334,58.69649402768275,nan,nan,nan
576.1800000000001,234.72476196289062,-195.58377075195312,-78.0981216430664,233.28802654540706,-195.2799419399253,-78.09675788831548,1.468510288250282,0.31775620192733267,0.07941728050799954,3.610160900389809e-05,43.04141556972449,58.35626700321371,nan,0.25903709287726917,nan
576.19,234.72291564941406,-195.57505798339844,-78.09994506835938,233.2859649244857,-195.27138438388508,-78.09863148579744,1.4686887915459361,0.3178069930695114,0.07943532221387514,3.6826427457320946e-05,42.93709559826045,58.36357498567483,nan,nan,nan
576.2,234.7209930419922,-195.56634521484375,-78.10177612304688,233.2836697574989,-195.26547429751452,-78.0996473308448,1.4684774648585348,0.31774211906249256,0.07942459077432079,3.60383360198291e-05,43.514485490150285,58.95584376805947,1.424321228397118,0.688595438556442,nan
576.21,234.718994140625,-195.55763244628906,-78.10359954833984,233.28145167691363,-195.25692917001984,-78.10155643609828,1.468657539945926,0.3177926953648195,0.07944264003487386,3.6761371037686716e-05,43.40392776570932,58.66529299831643,nan,nan,nan
576.22,234.7169189453125,-195.54891967773438,-78.10540008544922,233.2791557379195,-195.24839905962452,-78.10404573043792,1.4688354287392604,0.3178433564862981,0.07946075306672623,3.59989855041819e-05,43.24319856848686,58.485260908637365,nan,0.237230963942471,nan
576.23,234.7147674560547,-195.54022216796875,-78.107177734375,233.27678539003313,-195.23985478569097,-78.1059188143983,1.469018233860817,0.3178941025867009,0.07947893180709323,3.6721211100957505e-05,43.13469581966444,58.83304280947785,nan,nan,nan
576.24,234.71258544921875,-195.53150939941406,-78.10891723632812,233.27435853034004,-195.23130199377317,-78.10738053216464,1.469225482371128,0.3179449337939782,0.07949717468297506,3.5961220067253405e-05,43.06214562603619,58.125166383638685,nan,0.09726421771796175,nan
576.25,234.7104034423828,-195.52279663085938,-78.1106185913086,233.29764958304088,-195.22724647879343,-78.10900714341967,1.4433384759771448,0.3178799631890857,0.07948647422752057,3.665966914973692e-05,41.383500512466036,57.54618737369069,11.243866655836882,nan,nan
576.26,234.70823669433594,-195.5140838623047,-78.11229705810547,233.295260350107,-195.21868715905717,-78.11067355564147,1.4435248516739732,0.3179305792568311,0.0795047241039381,3.590293730894233e-05,41.29178994688975,57.08961973772251,nan,0.007478918046047379,nan
576.27,234.7061004638672,-195.50537109375,-78.11393737792969,233.29289847511507,-195.21013053623557,-78.11241225533688,1.4437136744567138,0.31798128024148636,0.07952303973891425,3.6622807403387905e-05,41.18806665146382,57.3151873233625,nan,nan,nan
576.28,234.70401000976562,-195.4966583251953,-78.11553955078125,233.29056496028556,-195.20162644123673,-78.11655090022447,1.4439084954662256,0.3180320662666487,0.07954141984399074,3.586831503471473e-05,41.06047801902553,57.30154485063626,nan,3.972458481493979,nan
576.29,234.7019500732422,-195.4879608154297,-78.11711883544922,233.28827628467263,-195.19307077580348,-78.1182504059506,1.4441035269021203,0.3180829374990044,0.07955986593102825,3.658754099574283e-05,40.97133317981497,57.71333864524823,nan,nan,nan
576.3000000000001,234.69993591308594,-195.479248046875,-78.11865997314453,233.30596060496845,-195.19823022225242,-78.1204249498691,1.4220201449134595,0.31801787028252554,0.07954919072892701,3.5813262344469e-05,41.55594121223243,57.136702956853675,6.659324536446678,0.19826017890690203,nan
576.3100000000001,234.69796752929688,-195.4705352783203,-78.12017822265625,233.30378258263266,-195.18970795809335,-78.12206864758133,1.4221881812887291,0.318068526076768,0.0795676430978836,3.653099770049652e-05,41.47632305296036,56.506122348679554,nan,nan,nan
576.32,234.69602966308594,-195.4618377685547,-78.12165832519531,233.30164498003603,-195.1811781823684,-78.12328777037989,1.4223505555010192,0.3181192668443753,0.079586160250135,3.5781676813913394e-05,41.358848606876045,57.81915608299923,nan,0.1055043062876134,nan
576.33,234.69412231445312,-195.453125,-78.12311553955078,233.2995450309312,-195.1726564166191,-78.12486949377161,1.4225018461620669,0.31817009275630065,0.07960474345816623,3.649887474475224e-05,41.27721701970635,56.816607410540165,nan,nan,nan
576.34,234.6922607421875,-195.4444122314453,-78.1245346069336,233.29748629889403,-195.16411688728212,-78.12545184573028,1.422660208535821,0.31822100392935404,0.07962339179177268,3.5751558271648674e-05,41.125634308103734,56.97585911527392,nan,0.6377637864659073,nan
576.35,234.69044494628906,-195.4357147216797,-78.12593078613281,233.3148531327368,-195.16256433624557,-78.12705325342287,1.4024497247700636,0.31815584013277104,0.07961273892410384,3.64455439701477e-05,40.53454701319525,56.94150466033861,3.6588647333572566,nan,nan
576.36,234.68865966796875,-195.427001953125,-78.12730407714844,233.31289853259835,-195.15404393321128,-78.12830425185814,1.4025782625509027,0.3182065355667773,0.07963139292282122,3.5701074459205365e-05,40.43727482521979,55.98418443182616,nan,0.039011603127477305,nan
576.37,234.68690490722656,-195.4182891845703,-78.12864685058594,233.31097904999396,-195.1455280271255,-78.12976616739442,1.4027016313108163,0.3182573160813016,0.07965011306382143,3.6416441229646724e-05,40.35261530488339,56.215056136500394,nan,nan,nan
576.38,234.6851806640625,-195.4095916748047,-78.12995910644531,233.30909267892815,-195.13702330985214,-78.13185835921664,1.4028240315752731,0.31830818178916487,0.07966889861651513,3.567382849400914e-05,40.32536922136232,57.314642943335535,nan,0.29249833322002156,nan
576.39,234.68350219726562,-195.40087890625,-78.1312484741211,233.30724332465007,-195.12850763883262,-78.1332753395739,1.4029535630059693,0.31835913286771234,0.07968775055472901,3.638879440190783e-05,40.24706972563066,55.98880347049054,nan,nan,nan
576.4,234.68185424804688,-195.39218139648438,-78.13250732421875,233.32549820327785,-195.13565952279333,-78.13490647861467,1.380402458634895,0.31829387247089075,0.07967711483746691,3.5626262847927134e-05,41.14750901216077,57.29872587788899,9.652436608775018,0.0913242132924321,nan
576.41,234.68023681640625,-195.3834686279297,-78.13374328613281,233.32374793245015,-195.12718405706087,-78.13627511480364,1.3804891465412925,0.3183446075104169,0.07969597170339879,3.633998000391981e-05,41.07305030693993,56.45468784296896,nan,nan,nan
576.42,234.67864990234375,-195.374755859375,-78.13495635986328,233.3220346228775,-195.11869050562584,-78.13642597722308,1.380571128789507,0.31839542767483864,0.07971489424978781,3.560176367691144e-05,40.86795245620346,56.24667356226409,nan,0.972182737457336,nan
576.4300000000001,234.67709350585938,-195.36605834960938,-78.13614654541016,233.32034908467514,-195.1102147534743,-78.13773558259791,1.3806570519636807,0.3184463331450917,0.07973388328595467,3.631516807220666e-05,40.784735991969335,56.89631727647881,nan,nan,nan
576.44,234.6755828857422,-195.3573455810547,-78.13731384277344,233.31869474024268,-195.10173919914342,-78.13903849286748,1.3807545170264028,0.3184973240282173,0.07975293832778173,3.5578587223653517e-05,40.710859536836075,55.63567778133358,nan,0.00018170627997055746,nan
576.45,234.67408752441406,-195.34864807128906,-78.1384506225586,233.2880827645617,-195.0758096009294,-78.14023031473339,1.4126051084948898,0.3184319670775816,0.0797423162888425,3.6269220427207345e-05,40.383207816442024,56.98244222521393,10.507545445677753,nan,nan
576.46,234.67262268066406,-195.33993530273438,-78.13957214355469,233.28643901126588,-195.06730975695842,-78.14236927509243,1.4127411926678837,0.3184827416197435,0.0797613755853204,3.5535103123748586e-05,40.42699649213319,55.863842896540355,nan,0.5520635233869724,nan
576.47,234.6711883544922,-195.3312225341797,-78.14067077636719,233.28482799149003,-195.0587980625332,-78.14359762354577,1.4128760438515944,0.31853360140187853,0.07978050148480395,3.6247105784444986e-05,40.354420715508724,55.785277114803044,nan,nan,nan
576.48,234.66978454589844,-195.32252502441406,-78.1417465209961,233.28324253160474,-195.05029669415188,-78.14563286034698,1.4130187984710265,0.31858454652792684,0.07979969363714501,3.551448756283097e-05,40.45233950957416,56.69200939709019,nan,0.4698505489808828,nan
576.49,234.6684112548828,-195.31381225585938,-78.1427993774414,233.28168841879474,-195.04178469022096,-78.14682770451347,1.4131579699433097,0.3186355771838638,0.07981895265103049,3.62262877116082e-05,40.386937374628175,55.867140983908214,nan,nan,nan
576.5,234.6670684814453,-195.30511474609375,-78.14382934570312,233.2653301976179,-195.02504563414027,-78.14891440164097,1.429452616077806,0.3185701236548747,0.07980833947579197,3.547357985534693e-05,40.622846432854494,56.954523662039044,2.643300728013572,0.47192288934317483,nan
576.51,234.66574096679688,-195.29640197753906,-78.14484405517578,233.26380664866784,-195.01651787268548,-78.15007895057616,1.4296091593954865,0.3186209376685109,0.07982760198468415,3.618432682094966e-05,40.562931862217646,56.13980759984442,nan,nan,nan
576.52,234.66444396972656,-195.28770446777344,-78.14583587646484,233.26230614805482,-195.00800007268785,-78.15213555301904,1.429777851806799,0.3186718369565014,0.07984693097967761,3.545539010369252e-05,40.83449803515616,57.23921114814937,nan,0.5714257629259023,nan
576.53,234.66317749023438,-195.27899169921875,-78.14680480957031,233.26083535357333,-194.9994719578383,-78.15327075433869,1.429942852885463,0.31872282170738697,0.07986632696212749,3.616600589692562e-05,40.783901518146074,56.45832766958993,nan,nan,nan
576.54,234.6619415283203,-195.27029418945312,-78.14775848388672,233.25938594360122,-194.99095450274663,-78.15542731572653,1.430122945686067,0.3187738920208957,0.07988578974290442,3.5438365439350223e-05,41.19818168544338,57.31548195495263,nan,0.7442576461018299,nan
576.5500000000001,234.6607208251953,-195.26158142089844,-78.14868927001953,233.22406702279193,-194.97125083909455,-78.15649322999904,1.4657171952604116,0.31870834197316605,0.07987518158043978,3.61265475301018e-05,42.412577113269194,57.507093654437405,10.504223279879984,nan,nan
576.5600000000001,234.65953063964844,-195.25286865234375,-78.14960479736328,233.22262553743772,-194.96268976490188,-78.15474994198573,1.4659217346056963,0.3187591953416018,0.07989464713251115,3.540102286795415e-05,41.38927235259153,56.17270413157449,nan,5.538814430991082,nan
576.57,234.65835571289062,-195.24417114257812,-78.15050506591797,233.22119680409182,-194.95415583705622,-78.15579450480683,1.4661386649087804,0.31881013410491066,0.07991417980382415,3.61105810585727e-05,41.32764836121307,56.962154976089614,nan,nan,nan
576.58,234.65721130371094,-195.23545837402344,-78.15138244628906,233.2198004715443,-194.94560232514823,-78.15464237330055,1.4663482044261122,0.31886115836081474,0.07993377948974861,3.538622990161616e-05,40.76784747918187,55.705101481425714,nan,3.280230242812543,nan
576.59,234.6560821533203,-195.2267608642578,-78.1522445678711,233.2184183872049,-194.93706801038252,-78.1556316116573,1.4665641909078362,0.3189122683012054,0.07995344656495355,3.609574375279279e-05,40.69681747662838,56.526176323678754,nan,nan,nan
576.6,234.6549835205078,-195.21804809570312,-78.15308380126953,233.15636976877474,-194.90380458403794,-78.15533356655304,1.5312077660954369,0.31884662170873473,0.0799428388365841,3.535111376174518e-05,41.879486732388415,56.82752967118542,31.544205759971607,1.0938061624777906,nan
576.61,234.65390014648438,-195.20933532714844,-78.15391540527344,233.1549315299688,-194.89524164303154,-78.15627786025051,1.531524513971058,0.31889751440145475,0.0799625078985328,3.605972910516455e-05,41.807118434412295,56.4612504954736,nan,nan,nan
576.62,234.65284729003906,-195.2006378173828,-78.15472412109375,233.15351382587852,-194.88668042479713,-78.15746470500247,1.5318542985254873,0.31894849251615404,0.07998224418024302,3.533841601272192e-05,41.7792532808027,57.388102606097334,nan,0.04624012406850314,nan
576.63,234.6518096923828,-195.19192504882812,-78.155517578125,233.15211843459545,-194.8781171675897,-78.15838034900905,1.5321740927415288,0.31899955624617227,0.08000204799150533,3.60470436570624e-05,41.71058821599294,56.60700649662914,nan,nan,nan
576.64,234.65078735351562,-195.1832275390625,-78.15629577636719,233.15074297562484,-194.86955562856758,-78.15952895484163,1.5324926285363791,0.319050705686746,0.08002191932517994,3.5326722477629385e-05,41.69274936308992,57.49278189898209,nan,0.04256999566549579,nan
576.65,234.64979553222656,-195.1745147705078,-78.15705871582031,233.1664426184775,-194.87092816932542,-78.16043818441649,1.5141043926867426,0.31898496261999887,0.08001130793490784,3.601316856359277e-05,41.84520150003057,56.251941392280116,3.323205870128395,nan,nan
576.66,234.64881896972656,-195.16580200195312,-78.15780639648438,233.16513908507525,-194.86238019768464,-78.16066805758427,1.5143906300980317,0.3190358945094357,0.08003118048585757,3.5294654797864243e-05,41.677129039911165,56.20386652973217,nan,0.2884614562304252,nan
576.67,234.64785766601562,-195.1571044921875,-78.15853881835938,233.16385260930326,-194.85383596375343,-78.16152201920383,1.5146787475150332,0.3190869119440094,0.08005112070996921,3.600249432827857e-05,41.60646371396144,57.061811638406276,nan,nan,nan
576.6800000000001,234.64691162109375,-195.1483917236328,-78.15925598144531,233.1625891936311,-194.8452866297933,-78.16150859210013,1.5149557224007641,0.3191380150180473,0.08007112864846898,3.528486460360882e-05,41.41949312302089,56.23330678574447,nan,0.506200421285805,nan
576.69,234.64599609375,-195.13967895507812,-78.15996551513672,233.16134118130174,-194.83674181787435,-78.16232715019866,1.51524806400607,0.3191892039265351,0.0800912045385382,3.599278296600852e-05,41.348145492629314,55.67209068523752,nan,nan,nan
576.7,234.6450958251953,-195.1309814453125,-78.16065216064453,233.23891045977962,-194.80977592813477,-78.16295695258283,1.4424061765815355,0.31490946986434365,0.08004244968782866,3.525329189199786e-05,44.3380838429908,60.83479632379811,6.429360237636194,0.014729800532497207,1.6632574227669836
576.71,234.6442108154297,-195.1222686767578,-78.16133117675781,233.237734956906,-194.80112225065926,-78.16374713685654,1.442676403241221,0.314956242068336,0.0800618192491503,3.5960398805535675e-05,44.242975871175226,59.726807667172146,nan,nan,nan
576.72,234.64334106445312,-195.11355590820312,-78.1619873046875,233.2366508670287,-194.79245710056887,-78.16349931538716,1.442873536374725,0.3150030903729239,0.0800812500731535,3.524531973501965e-05,44.038519812544955,60.05898237049382,nan,0.7317675332035967,nan
576.73,234.6425018310547,-195.1048583984375,-78.16264343261719,233.23551067984712,-194.783803036716,-78.16425418031363,1.4431573855178281,0.3150500297181621,0.0801007426527634,3.595255119335965e-05,43.93735012791728,59.96531887121124,nan,nan,nan
576.74,234.64166259765625,-195.0961456298828,-78.16327667236328,233.23418798866737,-194.77517855195197,-78.16782178911679,1.4436153567173502,0.31509704567635155,0.08012029680138467,3.523819481671254e-05,44.34421108514262,60.380445914483104,nan,5.557176653523061,nan
576.75,234.64085388183594,-195.08743286132812,-78.16390228271484,233.20607996395825,-194.7507148384536,-78.1685682955871,1.4737628689944502,0.3150365202069978,0.08010956597317154,3.592343005456723e-05,44.07321351636553,60.28411942974621,8.269067510086925,nan,nan
576.76,234.6400604248047,-195.0787353515625,-78.16451263427734,233.20497017495057,-194.7420253013448,-78.1689953452236,1.4740684440830343,0.3150833414589584,0.08012911604277642,3.521061104236435e-05,43.92924340122033,61.17704643187762,nan,0.07148494375528958,nan
576.77,234.63926696777344,-195.0700225830078,-78.16510772705078,233.20385401420765,-194.73333891784964,-78.16972813294059,1.4743770161662815,0.31513025323559657,0.08014872806080711,3.591726330592578e-05,43.84577342437297,60.69960167980272,nan,nan,nan
576.78,234.6385040283203,-195.06130981445312,-78.16569519042969,233.20285039381596,-194.7246391595648,-78.16903364306478,1.474604907558117,0.3151772420389857,0.0801684019072904,3.5205074331493244e-05,43.46261801730215,59.86985113060484,nan,1.3993174492837548,nan
576.79,234.63775634765625,-195.0526123046875,-78.16627502441406,233.20176545296925,-194.71595236440047,-78.16973023035546,1.4749310843107633,0.31522432143607587,0.08018813797654083,3.591190033522726e-05,43.37017460100911,60.503204124986176,nan,nan,nan
576.8000000000001,234.63702392578125,-195.0438995361328,-78.16683959960938,233.1868232845688,-194.69804783090603,-78.17125576268543,1.490877192889347,0.31516372474830484,0.08017740327714051,3.517905288090987e-05,43.212570273129636,60.13503629007747,4.5422156928240724,0.7513628339304804,nan
576.8100000000001,234.63629150390625,-195.03518676757812,-78.16738891601562,233.1857480813081,-194.68933968230638,-78.17193767786223,1.4912099511698669,0.31521060895338443,0.08019713476918357,3.588519104542955e-05,43.12798836788051,60.512906048102565,nan,nan,nan
576.82,234.63558959960938,-195.02647399902344,-78.16793060302734,233.18490615270863,-194.68060406321197,-78.1693012952634,1.4913451493223306,0.3152575705881449,0.0802169283406823,3.517498109497801e-05,42.499900842955626,59.47381501904254,nan,7.6492708079002725,nan
576.83,234.6348876953125,-195.0177764892578,-78.16846466064453,233.18385982880272,-194.67189557431539,-78.16993023811101,1.4916828163609823,0.3153046223127476,0.08023678433167923,3.5881326466379e-05,42.39704608578757,60.43412810277322,nan,nan,nan
576.84,234.63421630859375,-195.00906372070312,-78.16898345947266,233.18275041950736,-194.66319614780238,-78.17173819095986,1.4921076347607,0.3153517519697057,0.08025670270261599,3.517160984811467e-05,42.44840413669934,59.53543615236109,nan,0.9882930908699837,nan
576.85,234.633544921875,-195.00035095214844,-78.16949462890625,233.15996470181963,-194.64479402380334,-78.17235657073448,1.5158718893572944,0.31529109666008637,0.08024596107441798,3.585608731056638e-05,42.82866508238733,60.240075217367895,4.417995885440864,nan,nan
576.86,234.63290405273438,-194.99163818359375,-78.16999053955078,233.15887548221468,-194.63607737872724,-78.17370677971394,1.5163104969321426,0.31533803110634767,0.08026587437780909,3.5147680232322876e-05,42.89011199151709,60.309075426188606,nan,0.3815243979484348,nan
576.87,234.63226318359375,-194.98292541503906,-78.17048645019531,233.15784627306326,-194.62735517849038,-78.17431714967616,1.5166905068062126,0.3153850551498262,0.08028585029829634,3.5853598502545935e-05,42.80232105882882,60.0366760856959,nan,nan,nan
576.88,234.63162231445312,-194.97422790527344,-78.17095947265625,233.15678197722974,-194.6186379446187,-78.17568065235551,1.5171092676394033,0.3154321575095396,0.08030588883987405,3.5145606978773785e-05,42.91890154983798,61.87212523915215,nan,0.4066927861464339,nan
576.89,234.63101196289062,-194.96551513671875,-78.17143249511719,233.15577802369094,-194.6099153597073,-78.17628082712868,1.517494607272299,0.3154793495480323,0.08032599027809041,3.5851767482772396e-05,42.837046843683694,60.19870579362356,nan,nan,nan
576.9,234.6304168701172,-194.95680236816406,-78.1718978881836,233.17179485501325,-194.60983810352914,-78.17677767221092,1.4993285817897577,0.3154186233576312,0.08031523823578768,3.5122946785694116e-05,42.72623539525728,59.61725672338981,2.824178953232849,0.012888027597486185,nan
576.91,234.62982177734375,-194.94808959960938,-78.17234802246094,233.17084349525757,-194.60112987592356,-78.17736050974311,1.4996745655268102,0.3154656197075613,0.0803353340730029,3.582848459351308e-05,42.64550831961811,60.0472345185262,nan,nan,nan
576.92,234.62924194335938,-194.9393768310547,-78.17279052734375,233.16986336183118,-194.59242540581963,-78.1786116129736,1.5000650055026978,0.3155126947418117,0.08035549276524338,3.512205990487509e-05,42.80550278554203,60.1200277354021,nan,0.3207304732968059,nan
576.9300000000001,234.62867736816406,-194.9306640625,-78.17322540283203,233.16893585686032,-194.583716731952,-78.1791851803212,1.5004176914930905,0.3155598589821498,0.08037571455382371,3.5827864872892136e-05,42.72910276626099,59.976935023777386,nan,nan,nan
576.94,234.6281280517578,-194.92196655273438,-78.17364501953125,233.16802408153242,-194.57500736560874,-78.17968228095799,1.500773377270653,0.31560710239328377,0.08039599949350351,3.512174058400065e-05,42.67008264038408,61.07644048656071,nan,0.0033263376555356244,nan
576.95,234.62757873535156,-194.9132537841797,-78.17406463623047,233.1507709630608,-194.55587267169153,-78.18018899652606,1.5194472559620766,0.31554631572886827,0.08038523379556924,3.580576395064023e-05,42.35956113995549,60.29982824365085,3.616033952566136,nan,nan
576.96,234.62704467773438,-194.904541015625,-78.17447662353516,233.14985223554487,-194.54714072396433,-78.18074233439636,1.5198262199585584,0.3155933634043077,0.08040551259870633,3.510075925020298e-05,42.3275966490458,60.18892359600446,nan,1.0924569880381069e-05,nan
576.97,234.62652587890625,-194.8958282470703,-78.17487335205078,233.14894435088354,-194.5384086848084,-78.18128461520475,1.5202095315240802,0.31564049982851095,0.08042585469764438,3.580624603717839e-05,42.25480802943013,60.35997726534732,nan,nan,nan
576.98,234.62600708007812,-194.88711547851562,-78.1752700805664,233.14801048558863,-194.5296794196791,-78.18245730851287,1.5206203095199975,0.31568771576651444,0.08044626017340234,3.510147794906851e-05,42.47539245366972,60.43720464441893,nan,0.28530473544010987,nan
576.99,234.62550354003906,-194.87840270996094,-78.17565155029297,233.14712309634965,-194.52094716171268,-78.18299174599464,1.520998712599625,0.31573502055290875,0.08046672922838281,3.580725552470048e-05,42.40604079637582,60.60565959162537,nan,nan,nan
577.0,234.62501525878906,-194.86968994140625,-78.176025390625,233.1196407469275,-194.49957215413156,-78.18296015310463,1.5502218190795138,0.31567416321887604,0.08045594640566102,3.508150665441268e-05,42.583056654100766,61.22023476748194,7.054561894709563,0.31078415908901647,nan
577.01,234.62452697753906,-194.86097717285156,-78.17639923095703,233.1187293593816,-194.49082018129772,-78.18347663612742,1.5506426909216748,0.31572127180529835,0.08047640875503319,3.578670717071584e-05,42.51004538937993,60.99668983305385,nan,nan,nan
577.02,234.62405395507812,-194.85226440429688,-78.1767578125,233.1178601718163,-194.48206604660123,-78.1833893472466,1.5510353039277498,0.3157684602297118,0.08049693470073946,3.508316493055168e-05,42.26275866889575,60.994591133529305,nan,0.25073459203719345,nan
577.03,234.62359619140625,-194.84356689453125,-78.17711639404297,233.11696788661266,-194.47331391327154,-78.1838871159035,1.5514709025990256,0.315815737070055,0.08051752442574975,3.5788674387729366e-05,42.18704702593538,61.50013025829718,nan,nan,nan
577.04,234.62303161621094,-194.83485412597656,-78.17756652832031,233.11597937719375,-194.46456498745974,-78.18544329197533,1.551896433605,0.3158630942145211,0.08053817803993753,3.508527357868437e-05,42.568217660144214,61.32195861826149,nan,0.7216343972148238,nan
577.0500000000001,234.6223907470703,-194.82614135742188,-78.17810821533203,233.11895194669725,-194.45991292199372,-78.18601491773131,1.5474217296284083,0.3158021746158075,0.08052737471917344,3.576905621952471e-05,42.86870078691358,61.011774733639754,1.0162850308598665,nan,nan
577.0600000000001,234.62164306640625,-194.8174285888672,-78.17874908447266,233.1179164482493,-194.45116798591732,-78.18522244742712,1.5477023214607082,0.315849335481845,0.08054802104942892,3.506661981359756e-05,42.21092474085579,60.360810934091226,nan,1.6546038502071287,nan
577.07,234.62081909179688,-194.8087158203125,-78.17947387695312,233.11671012769628,-194.44242756472266,-78.18604163794411,1.5480807464584159,0.3158965843490692,0.08056873135793002,3.577188580494558e-05,42.11835810724858,60.378162943637356,nan,nan,nan
577.08,234.61988830566406,-194.8000030517578,-78.18029022216797,233.11545889396118,-194.43368505554668,-78.18607203108331,1.5483959953639672,0.3159439138161323,0.08058950576825093,3.506953979811695e-05,41.76089275393372,60.281423759701944,nan,0.5457931373752947,nan
577.09,234.61888122558594,-194.79129028320312,-78.18119812011719,233.11407391175965,-194.42494469005237,-78.18706579686334,1.548770020047028,0.31599133140536984,0.08061034444303831,3.5775129432343345e-05,41.666633882597026,59.96425411137855,nan,nan,nan
577.1,234.61778259277344,-194.78257751464844,-78.18219757080078,233.13698068554334,-194.4241730270998,-78.18653269394184,1.5235638675303211,0.3159303412082394,0.08059951714333757,3.505167220725151e-05,40.274729254404335,58.60107606128211,6.789796524963731,1.6913065995944805,nan
577.11,234.61660766601562,-194.77386474609375,-78.18328094482422,233.1354648020097,-194.41543578461628,-78.18768898715906,1.523901222146219,0.3159775620717404,0.08062034792947974,3.5756715206956424e-05,40.17864871255203,58.503092485107466,nan,nan,nan
577.12,234.61532592773438,-194.76515197753906,-78.18445587158203,233.13385716777677,-194.40669877953155,-78.18904808630244,1.5242242191778022,0.3160248638105639,0.08064124302470102,3.505531877382354e-05,40.131745404783054,58.66988704465609,nan,0.009267199669600516,nan
577.13,234.61398315429688,-194.75643920898438,-78.18571472167969,233.13216996092677,-194.3979616403392,-78.19038080615458,1.5245649476528662,0.31607225328416416,0.08066220258275336,3.576069834472399e-05,40.03650846275362,58.26364196910934,nan,nan,nan
577.14,234.61253356933594,-194.7477264404297,-78.18705749511719,233.1304557370276,-194.38922278364453,-78.19059914065596,1.5248252739908355,0.316119724076741,0.0806832267404525,3.5059315106826e-05,39.68101495445752,58.37871412188264,nan,1.0142662995245881,nan
577.15,234.61102294921875,-194.739013671875,-78.18848419189453,233.14164753968294,-194.38704774417428,-78.19202485080443,1.510945612745967,0.31605866990715736,0.0806723719971797,3.574299974377275e-05,39.55170990349443,57.54825451596621,1.8035586498668297,nan,nan
577.16,234.6094207763672,-194.7303009033203,-78.18998718261719,233.13978119895407,-194.37832061296518,-78.1925463535745,1.5112038782551747,0.3161059438632587,0.0806933876473443,3.5042456771780726e-05,39.285071527581024,57.762076413403584,nan,0.7817998028727461,nan
577.17,234.60772705078125,-194.72158813476562,-78.19158172607422,233.1377848537519,-194.3695948561965,-78.19419416142138,1.5115012919557067,0.3161533051853393,0.08071446795684668,3.5747641244149734e-05,39.185586213639986,57.489501804054235,nan,nan,nan
577.1800000000001,234.60597229003906,-194.71287536621094,-78.19325256347656,233.13568682033537,-194.36086974081945,-78.19639835748741,1.511839018794339,0.3162007480721765,0.080735613067467,3.5047071748032617e-05,39.17560727389421,57.341702646215495,nan,0.1582902118978279,nan
577.19,234.6041259765625,-194.70416259765625,-78.19499969482422,233.13353079758986,-194.352144532463,-78.19821463625233,1.5121432585864238,0.3162482784687834,0.08075682312557697,3.575260070864021e-05,39.08006068203993,57.65491159747342,nan,nan,nan
577.2,234.60220336914062,-194.69546508789062,-78.19682312011719,233.14261150732844,-194.35290293177846,-78.2013184809943,1.4992589643347123,0.31618715362803973,0.08074593742869682,3.503081108259318e-05,39.907464970472994,58.15708275149454,3.3165838254645137,0.9301389511706458,nan
577.21,234.60020446777344,-194.68675231933594,-78.19865417480469,233.140314641266,-194.34420290081266,-78.20326218424034,1.49954647924681,0.31623448675931737,0.0807671383391454,3.5735812319127954e-05,39.82397879918468,57.4216731162515,nan,nan,nan
577.22,234.59814453125,-194.67803955078125,-78.20046997070312,233.13801678272964,-194.33550281038885,-78.20345158850189,1.4997710993890025,0.31628190168075715,0.08078840424746044,3.503597336878073e-05,39.38439683874138,56.874626920102244,nan,2.1747707918696637,nan
577.23,234.5959930419922,-194.66932678222656,-78.2022705078125,233.13556781041783,-194.32680324936038,-78.20536380258386,1.5000579309009043,0.3163294037710289,0.08080973529824718,3.574132812028925e-05,39.29794859137251,56.7507753718379,nan,nan,nan
577.24,234.59376525878906,-194.66061401367188,-78.20403289794922,233.13306522545457,-194.31810411973032,-78.20674351965728,1.5003216196206994,0.31637698807212544,0.08083113163595212,3.5041401195887146e-05,39.139611696992056,56.977829764703976,nan,0.18106074604334552,nan
577.25,234.5914764404297,-194.65191650390625,-78.20577239990234,233.1222839564203,-194.31124416978477,-78.20859055936683,1.5081751013487286,0.31631579764573414,0.08082021146018407,3.572507690893715e-05,40.21599619169426,57.57345597534644,3.7958319138226093,nan,nan
577.26,234.58909606933594,-194.64320373535156,-78.20747375488281,233.1195383209749,-194.3025617262809,-78.21177480110458,1.508527577842136,0.3163631845390288,0.08084159799281102,3.5025893142034707e-05,40.42287953839577,57.43022736165435,nan,1.311862392060358,nan
577.27,234.58665466308594,-194.63449096679688,-78.20914459228516,233.11677599406863,-194.2938802666692,-78.21357637389576,1.5088335200948444,0.3164106582785551,0.0808630498604749,3.573108150461388e-05,40.34687397376317,57.040302746002276,nan,nan,nan
577.28,234.5841522216797,-194.62579345703125,-78.21077728271484,233.11393136994852,-194.28519884017697,-78.21566374325877,1.5091646442293454,0.31645821442506283,0.0808845672068756,3.5031779822147365e-05,40.37967386389617,58.06293398452138,nan,0.07118803991980158,nan
577.29,234.58163452148438,-194.61708068847656,-78.21238708496094,233.11106112627954,-194.27651782938105,-78.21740497641552,1.5095013583678036,0.31650585758437605,0.08090615017771181,3.57373246348419e-05,40.30861082521706,56.853281461121455,nan,nan,nan
577.3000000000001,234.57913208007812,-194.60836791992188,-78.21395874023438,233.0604196589276,-194.2549218235387,-78.21867812278482,1.559305561388484,0.31644459627367344,0.080895191974815,3.501671452908408e-05,42.516116043254186,58.78956050182387,28.92213157468753,0.09220910831141324,nan
577.3100000000001,234.57667541503906,-194.59967041015625,-78.21549987792969,233.05749434707272,-194.24624404429952,-78.22035261958194,1.5597579499562106,0.3164920416147829,0.08091676446550208,3.572174211052215e-05,42.44845537832788,59.39573997927995,nan,nan,nan
577.32,234.57424926757812,-194.59095764160156,-78.21700286865234,233.05462773260598,-194.2375672139067,-78.22145264360445,1.5601776195147115,0.31653956953947276,0.08093840262254118,3.502300131881669e-05,42.26584954212619,58.80515225956643,nan,0.20898068237977402,nan
577.33,234.57188415527344,-194.58226013183594,-78.2184829711914,233.05178375773326,-194.22889006143194,-78.22306220004387,1.5606398029641597,0.3165871841812489,0.0809601065943258,3.5728391571945435e-05,42.19794111037129,59.07414504565537,nan,nan,nan
577.34,234.56954956054688,-194.57354736328125,-78.21994018554688,233.04896691765487,-194.2202124815605,-78.22513012721213,1.5611034712662533,0.3166348818049946,0.08098187652058865,3.50294848749683e-05,42.29201379144071,58.278016731101786,nan,0.16730202560470203,nan
577.35,234.5672607421875,-194.56484985351562,-78.22135925292969,233.05354356789084,-194.21243203326654,-78.22657282048311,1.5542088614714602,0.3165735533939969,0.0809708767277051,3.571320139892586e-05,41.74107142526983,59.016503562318974,1.6505912852269096,nan,nan
577.36,234.5650177001953,-194.55613708496094,-78.2227554321289,233.05080743579032,-194.20374968056544,-78.22930253541965,1.5546872586367781,0.31662105302698906,0.08099263547975699,3.5014963711346246e-05,42.116314676686486,58.28037021464869,nan,1.0203091696247961,nan
577.37,234.5628204345703,-194.5474395751953,-78.22411346435547,233.0481586605666,-194.1950699628612,-78.23081443879549,1.5551236402238298,0.31666863909858667,0.0810144602340261,3.572020216650388e-05,42.05914594437213,59.44008543613658,nan,nan,nan
577.38,234.5606689453125,-194.5387420654297,-78.22545623779297,233.04559838944922,-194.1863931270651,-78.23100860680155,1.5555125818880802,0.3167163083011839,0.08103635112612272,3.502177687582152e-05,41.592716437590326,58.48648562069832,nan,1.175649024128356,nan
577.39,234.55856323242188,-194.530029296875,-78.22676849365234,233.04303704575162,-194.17771412485558,-78.23245513612859,1.5559492089464282,0.31676406413064223,0.08105830831055617,3.572737743132768e-05,41.530930037751375,57.649696704965976,nan,nan,nan
577.4,234.55650329589844,-194.52133178710938,-78.2280502319336,233.06705724525682,-194.19172946620208,-78.23352923687041,1.5254891829228054,0.31670266449088447,0.08104726333864387,3.500757429165758e-05,42.890967447981616,58.18442579885354,17.104649882841397,0.08174188165746615,nan
577.41,234.55447387695312,-194.5126190185547,-78.22930908203125,233.0646150105785,-194.1831085196217,-78.23492196555351,1.5258729026637718,0.316750221936544,0.08106920863952465,3.571266221262148e-05,42.83014211782752,57.366485507674504,nan,nan,nan
577.42,234.552490234375,-194.50392150878906,-78.23054504394531,233.06224228470688,-194.17448987547914,-78.23540128596171,1.5262331851987072,0.31679786264415905,0.08109122025777707,3.5014669706190854e-05,42.53402760233271,57.73368865174734,nan,0.5575824673462756,nan
577.4300000000001,234.550537109375,-194.49522399902344,-78.23175811767578,233.05988083528968,-194.165869451458,-78.23673690369355,1.526615647038305,0.3168455897250044,0.08111329835303883,3.572012402712918e-05,42.46626298006106,57.76366999777868,nan,nan,nan
577.44,234.5486297607422,-194.48651123046875,-78.23294067382812,233.0575736480456,-194.15725050966205,-78.2375658397276,1.526984723445389,0.3168934004455102,0.08113544305331835,3.502190714688108e-05,42.29834909102563,56.87987280613881,nan,0.16465545339093104,nan
577.45,234.54676818847656,-194.47781372070312,-78.2341079711914,233.02339706668437,-194.14472731003985,-78.2388603240412,1.5593680503769982,0.31683193228754714,0.08112434931902371,3.570568655276632e-05,44.67746450609599,58.837241107930346,19.20792145051512,nan,nan
577.46,234.54493713378906,-194.4691162109375,-78.23524475097656,233.02108447852066,-194.13612555905664,-78.24021708592167,1.5598187116852391,0.3168795444240304,0.0811464814067914,3.500808357141348e-05,44.66696951798241,59.189056774836374,nan,0.006353271789173094,nan
577.47,234.5431365966797,-194.4604034423828,-78.23635864257812,233.01881174673926,-194.12752411292644,-78.24145793747506,1.5602566772597637,0.31692724269569394,0.08116868015309851,3.571339102256749e-05,44.606805275458974,58.43113851369296,nan,nan,nan
577.48,234.5413818359375,-194.4517059326172,-78.23745727539062,233.01655126340867,-194.11892031186912,-78.24348755429948,1.5607340928418871,0.31697502471289957,0.08119094568020062,3.5015548750025e-05,44.83356043955707,59.114600356516604,nan,0.46319819003398843,nan
577.49,234.53965759277344,-194.44300842285156,-78.238525390625,233.01435003916026,-194.1103188637979,-78.24469386494415,1.561180170860546,0.3170228930733827,0.08121327815629216,3.5721219695321186e-05,44.776230605810845,59.43178232583577,nan,nan,nan
577.5,234.5379638671875,-194.43429565429688,-78.23957824707031,233.04717705117972,-194.1194778807577,-78.24505592327282,1.5236750198960962,0.31696135322382474,0.08120213203203491,3.500194676462125e-05,44.35091075979138,57.33435403088257,11.596373403417122,0.43584326914664256,nan
577.51,234.53631591796875,-194.42559814453125,-78.24060821533203,233.04510172171715,-194.1109062593809,-78.24621335905027,1.5240676426320139,0.31700902262276526,0.08122445115284939,3.5707105769440944e-05,44.29020071850355,57.97235377616397,nan,nan,nan
577.52,234.53468322753906,-194.41690063476562,-78.24161529541016,233.04301142968328,-194.1023289362104,-78.24910681329766,1.5244986811704677,0.31705677585695013,0.08124683722672764,3.5009602291802054e-05,44.928430034322595,58.980100253358295,nan,2.1756725623220445,nan
577.53,234.53309631347656,-194.40818786621094,-78.24260711669922,233.04100208103165,-194.09375737951316,-78.25024275100357,1.5248836127297067,0.31710461521851624,0.08126929042793987,3.5715127858347146e-05,44.876935612404054,57.79713497295927,nan,nan,nan
577.54,234.5315399169922,-194.3994903564453,-78.24357604980469,233.0390014591068,-194.08518287637528,-78.2522356504378,1.525298406534927,0.3171525387744917,0.08129181086970516,3.501735743922209e-05,45.302404212344044,59.1508879016045,nan,0.5408406549168021,nan
577.5500000000001,234.53001403808594,-194.3907928466797,-78.2445297241211,233.0092639787014,-194.0501742352511,-78.25316069961222,1.5584531675053805,0.3170909290797386,0.08128060876416753,3.570120339988436e-05,43.348760829098175,58.97720490962317,25.156420583252423,nan,nan
577.5600000000001,234.5285186767578,-194.38209533691406,-78.2454605102539,233.0073201258396,-194.04153430062547,-78.25401746629184,1.558877824670755,0.3171386534491136,0.08130311508843364,3.500400717068661e-05,43.269003450253145,59.040630254262176,nan,0.037006580377690085,nan
577.57,234.52703857421875,-194.37338256835938,-78.24636840820312,233.00540026335784,-194.03289337194377,-78.25508311925496,1.5592921432958282,0.3171864637435756,0.0813256887150301,3.570938460902043e-05,43.22032982357602,58.51071902131141,nan,nan,nan
577.58,234.52560424804688,-194.36468505859375,-78.24726104736328,233.00354819086078,-194.02425810860493,-78.25458255498752,1.5596790547960357,0.3172343583000342,0.08134832975104314,3.5011911958546725e-05,42.54001958497276,58.35016782507074,nan,1.6928697319218105,nan
577.59,234.52420043945312,-194.35598754882812,-78.24813842773438,233.0016866437492,-194.0156170387204,-78.2555984818441,1.560114096682388,0.3172823390072361,0.08137103837988902,3.5717651619733585e-05,42.48278035856747,58.201361400443986,nan,nan,nan
577.6,234.52281188964844,-194.34727478027344,-78.2490005493164,233.0046784698308,-194.00917866014282,-78.25703394376937,1.5553464573017255,0.3172206570548433,0.08135977663270846,3.499870964143393e-05,42.70175821205371,57.5717477092829,0.26348815734782105,0.15609534747066536,nan
577.61,234.52146911621094,-194.3385772705078,-78.24983978271484,233.00288124854396,-194.00054073132995,-78.25802092605238,1.5557778584203474,0.3172684382111887,0.08138247036885811,3.570393567946849e-05,42.64891320829421,58.28434328540804,nan,nan,nan
577.62,234.5201416015625,-194.3298797607422,-78.25067138671875,233.00114919593463,-193.99190937372725,-78.25734550662217,1.5561511670562898,0.3173163036830346,0.08140523167999253,3.5006735153409946e-05,41.96230039111554,57.51339866155596,nan,1.9137113169398992,nan
577.63,234.51882934570312,-194.3211669921875,-78.25148010253906,232.99940597609105,-193.98327142332394,-78.25828481393958,1.556556165282246,0.3173642551224442,0.08142806075551488,3.5712325770616815e-05,41.90355611080044,56.99040580228718,nan,nan,nan
577.64,234.51756286621094,-194.31246948242188,-78.25226593017578,232.99771546665644,-193.97463821373938,-78.25802508186904,1.556951910580543,0.31741229122041353,0.08145095769357688,3.501482839782631e-05,41.47069050407166,57.34927926896534,nan,0.9885945180844381,nan
577.65,234.5163116455078,-194.3037567138672,-78.25304412841797,233.01365615859712,-193.9738209287185,-78.25890664906093,1.5384620579698376,0.3173505381784641,0.08143963271465578,3.569873330441018e-05,41.19155904526383,55.85130901024237,2.8404732906982963,nan,nan
577.66,234.5150909423828,-194.29505920410156,-78.2538070678711,233.01203704829337,-193.96519715574138,-78.2589746457202,1.5388328964987246,0.3173983744787096,0.0814625139660767,3.500178255632799e-05,40.90780521869924,56.315659289717104,nan,0.4680499038492158,nan
577.67,234.51388549804688,-194.28636169433594,-78.25455474853516,233.01042518351397,-193.95656988773354,-78.25983427418767,1.5392151982320608,0.317446296574834,0.08148546314996727,3.5707220220907735e-05,40.8408493222436,56.43599973294174,nan,nan,nan
577.6800000000001,234.51271057128906,-194.27764892578125,-78.25528717041016,233.0088624100274,-193.94794751942175,-78.2594724487159,1.5395713124243389,0.3174943033640478,0.08150848035881034,3.500996739207244e-05,40.479049242155476,55.17095775621338,nan,1.0285553156218386,nan
577.69,234.5115509033203,-194.26895141601562,-78.2560043334961,233.00729866627404,-193.93931958091355,-78.26029206612905,1.5399514031366746,0.317542396189873,0.08153156579049241,3.5715764532283286e-05,40.408791984480835,56.14680926657066,nan,nan,nan
577.7,234.5104217529297,-194.26025390625,-78.25670623779297,233.02711650055062,-193.94322085459842,-78.25927587978215,1.5168094905540366,0.317480570237205,0.08152017389479828,3.4997015350942086e-05,40.21966563299446,55.20586617642772,5.726975556019088,1.9963960093680977,nan
577.71,234.5093231201172,-194.2515411376953,-78.25739288330078,233.02563228822638,-193.93461703280462,-78.26004948162159,1.5171639431558641,0.31752846291187287,0.08154324283331939,3.570229593411689e-05,40.14810820938604,54.24371167752562,nan,nan,nan
577.72,234.50823974609375,-194.2428436279297,-78.25806427001953,233.04822645614433,-193.89640717181607,-78.2602178109257,1.5005537853379054,0.3170810194121201,0.08081510314046438,3.500344864549654e-05,44.96410413447774,60.08043785911039,nan,0.28784777267670114,1.166925499260951
577.73,234.50717163085938,-194.234130859375,-78.25872802734375,233.04681796282915,-193.8877399647124,-78.26096017493124,1.5008745684158047,0.3171277730271146,0.08083510124794721,3.570904951207101e-05,44.866788542164635,59.16229981378669,nan,nan,nan
577.74,234.50613403320312,-194.22543334960938,-78.2593765258789,233.0454297143906,-193.87907324620778,-78.26171659397403,1.5012088143042042,0.3171746075659073,0.08085515988819453,3.5011810091417565e-05,44.7772461925028,59.866643910543786,nan,0.0004894302174981632,nan
577.75,234.50511169433594,-194.21673583984375,-78.260009765625,233.05320229283427,-193.8830946053794,-78.2624014342454,1.489752698800245,0.3171131069460537,0.0808441547818501,3.5695722080845125e-05,46.339051011284695,60.23156381241315,11.044701567803704,nan,nan
577.76,234.5041046142578,-194.20802307128906,-78.26063537597656,233.05180075324853,-193.8745069885696,-78.26450320165857,1.4901122247033982,0.3171597466468549,0.08086420664927135,3.499900805365925e-05,46.50466427133257,59.607796694414816,nan,1.3760418437913249,nan
577.77,234.5031280517578,-194.19932556152344,-78.26124572753906,233.05048036443196,-193.86588074734792,-78.26521137562885,1.4904316401494104,0.3172064726447749,0.08088432135292539,3.570445373938603e-05,46.41420445323879,60.24974673227904,nan,nan,nan
577.78,234.50216674804688,-194.19061279296875,-78.2618408203125,233.04914304210206,-193.85727782978734,-78.2667686194129,1.4907764322395005,0.3172532798092912,0.08090449690789889,3.5007417875537455e-05,46.566613650223864,59.84329722025817,nan,0.5223507962654258,nan
577.79,234.501220703125,-194.18191528320312,-78.2624282836914,233.0478616587796,-193.84865143865366,-78.26746326664286,1.4910877415222077,0.3173001734201261,0.08092473554668397,3.571322166533503e-05,46.47858437108906,60.545200087879074,nan,nan,nan
577.8000000000001,234.50030517578125,-194.17320251464844,-78.26300048828125,233.0185150000054,-193.83183213698624,-78.26708497344318,1.5206092669683664,0.3172386214299175,0.08091371961093992,3.499466946178598e-05,47.65679927783738,60.41761484717535,11.1960930821316,0.6952657512477257,nan
577.8100000000001,234.4993896484375,-194.1645050048828,-78.26356506347656,233.01721798067547,-193.82320663347835,-78.2677471971781,1.52096512822685,0.3172853198339077,0.0809339509480496,3.5699955273680815e-05,47.56762643922693,61.336706785158555,nan,nan,nan
577.82,234.49850463867188,-194.15579223632812,-78.26411437988281,233.01593772552792,-193.8145820991141,-78.26843649626294,1.5213308944397401,0.3173320996250608,0.08095424344776497,3.5003111074421345e-05,47.51356036512419,60.47635915891004,nan,0.000976964694599128,nan
577.83,234.4976348876953,-194.1470947265625,-78.26465606689453,233.0146766317576,-193.8059566057328,-78.26907881989537,1.52169641094443,0.3173789655408078,0.08097459916893555,3.5708756796356036e-05,47.42654038335407,61.145145947022584,nan,nan,nan
577.84,234.49679565429688,-194.1383819580078,-78.26518249511719,233.01342603560335,-193.79733551832092,-78.26988496554208,1.5220775975337755,0.31742591325776504,0.0809950163809888,3.501158007620466e-05,47.41384175881782,60.340831294342415,nan,0.0213023571219639,nan
577.85,234.49595642089844,-194.1296844482422,-78.26570129394531,233.02141518346852,-193.79209994478944,-78.27044032735027,1.5126987857106262,0.3173643142857699,0.08098398838078427,3.569553098742223e-05,47.07166249240383,60.961563539636266,1.118267884008233,nan,nan
577.86,234.49513244628906,-194.1209716796875,-78.2662124633789,233.02023483978334,-193.7834683162772,-78.27071644034883,1.5130273480007257,0.31741106670070357,0.08100439783453275,3.499886838141368e-05,46.92342478849338,60.02648269204976,nan,0.08058833843498381,nan
577.87,234.4943389892578,-194.11227416992188,-78.26671600341797,233.0190581539736,-193.77484499560205,-78.2713178841198,1.5133846728261349,0.31745790493829423,0.08102487064783029,3.5704351343666226e-05,46.8367781717984,60.482221704117435,nan,nan,nan
577.88,234.49354553222656,-194.1035614013672,-78.26720428466797,233.01790379612228,-193.76621763787358,-78.27174230891599,1.513717259518751,0.3175048251663014,0.08104540525399863,3.50073566030623e-05,46.73312824950963,60.02942542842609,nan,0.019900261395525372,nan
577.89,234.49278259277344,-194.0948486328125,-78.2676773071289,233.01675914138633,-193.75759433745773,-78.27232395549375,1.5140697738614872,0.3175518313908536,0.08106600347143518,3.5713193899550064e-05,46.65226835055193,59.92889909804345,nan,nan,nan
577.9,234.4920196533203,-194.08615112304688,-78.26815032958984,233.05791324908287,-193.770132613994,-78.27135516630953,1.4685159678114625,0.31749018070846535,0.08105495833655194,3.4994672106303064e-05,46.01098684846973,59.50701530942008,16.91313510213976,1.5100103890284493,nan
577.91,234.4912872314453,-194.0774383544922,-78.26860809326172,233.0568684126558,-193.76154405564233,-78.27190398026639,1.4687945460868523,0.31753699128051377,0.08107554823149977,3.569998774448874e-05,45.924380410516285,58.572654079540335,nan,nan,nan
577.92,234.4905548095703,-194.06874084472656,-78.26905822753906,233.05587786975224,-193.75292915840947,-78.27131107438389,1.469026894981541,0.31758388401163595,0.08109620021355754,3.500316745410886e-05,45.66314418425413,59.37422644876528,nan,0.9069886733081333,nan
577.9300000000001,234.48985290527344,-194.06002807617188,-78.26950073242188,233.0548625567209,-193.74434041297707,-78.2718321292459,1.4693064474586186,0.31763086246582045,0.08111691594748051,3.570883933529876e-05,45.573215720308575,58.21277487194065,nan,nan,nan
577.94,234.48915100097656,-194.0513153076172,-78.26993560791016,233.0538454622373,-193.73576220476258,-78.27282168386299,1.469586363468036,0.3176779234695777,0.08113769409224071,3.5011679295922336e-05,45.56027431448536,58.511081374476994,nan,0.16015555753958222,nan
577.95,234.48846435546875,-194.04261779785156,-78.2703628540039,233.05217301075857,-193.72244281826934,-78.2733654437881,1.4715481167754172,0.31761622422090185,0.08112663011206579,3.5695651721824304e-05,44.6975311352824,59.00718138555566,2.5046365918880684,nan,nan
577.96,234.48779296875,-194.03390502929688,-78.2707748413086,233.05119727859622,-193.71383948674477,-78.27406793602668,1.4718219909249923,0.3176630894437801,0.08114739943175212,3.49989996004323e-05,44.65556130102222,58.3951942521574,nan,0.027940281576625575,nan
577.97,234.48715209960938,-194.0251922607422,-78.27118682861328,233.0502414605918,-193.7052316507804,-78.27456616912227,1.4721067883789243,0.31771004013414034,0.08116823264471772,3.57045016636733e-05,44.568262759851635,57.77888459757484,nan,nan,nan
577.98,234.4864959716797,-194.01649475097656,-78.2715835571289,233.04934937701992,-193.69658908521396,-78.27345573441657,1.4723224764218508,0.3177570735141994,0.08118912855294654,3.5007511885434483e-05,44.245322088694216,59.09719178503212,nan,1.8100816161237503,nan
577.99,234.48587036132812,-194.00778198242188,-78.27197265625,233.04841943195743,-193.68798070089971,-78.27392364188515,1.4725969714612506,0.31780419255820563,0.08121008861086294,3.571336485401736e-05,44.15340931384746,57.87197633989679,nan,nan,nan
578.0,234.48526000976562,-193.9990692138672,-78.2723617553711,233.04385317688792,-193.68148145949777,-78.27440701527755,1.4759809696198738,0.3177424424233602,0.08119900164817544,3.641060195492566e-05,44.9365939551079,57.88833175013031,1.9097192137978103,nan,nan
578.01,234.48464965820312,-193.99037170410156,-78.27273559570312,233.04293778487283,-193.6728856162898,-78.27486153859732,1.4762571121890498,0.3177893653546164,0.08121995228623295,3.71443185180491e-05,44.84255592183317,59.09175971154788,nan,nan,nan
578.02,234.4840545654297,-193.98165893554688,-78.27310180664062,233.04204595885145,-193.66428165886288,-78.27492243371418,1.476523102387502,0.31783637099548445,0.08124096584781916,3.636169274935655e-05,44.71457769018046,58.179286742064086,nan,0.09780429555257643,nan
578.03,234.4834747314453,-193.9729461669922,-78.27346801757812,233.04115466271517,-193.6556851974412,-78.27536000488598,1.476802384572198,0.3178834621717377,0.08126204375138645,3.709405373534799e-05,44.62287320906688,57.877360301387945,nan,nan,nan
578.04,234.48280334472656,-193.9642333984375,-78.27391815185547,233.04024206843033,-193.64707533272193,-78.27518263204381,1.4770151906558049,0.31793063643601704,0.08128318490114463,3.6314142436509214e-05,44.46834459128477,58.12180983404065,nan,0.2850901818824061,nan
578.0500000000001,234.48204040527344,-193.95553588867188,-78.27446746826172,233.02151606057856,-193.621132289223,-78.27569402422421,1.4983186020370591,0.31786883490438245,0.081272071587006,3.702158191121567e-05,42.96663064880615,58.621634128663715,12.669236611198324,nan,nan
578.0600000000001,234.48118591308594,-193.9468231201172,-78.27511596679688,233.02037793631897,-193.61249061965586,-78.27653228875232,1.4985793845567945,0.3179158129034605,0.08129320276984837,3.6245327164308695e-05,42.87795956088869,57.59104171107859,nan,0.019895956561124,nan
578.07,234.48023986816406,-193.9381103515625,-78.27584838867188,233.01915496897527,-193.6038455453425,-78.27729165014132,1.4988342557863046,0.3179628762059047,0.0813143984322816,3.697426891773048e-05,42.77549426543699,57.84037266408779,nan,nan,nan
578.08,234.4792022705078,-193.9293975830078,-78.27667236328125,233.0178023014185,-193.5952292678741,-78.27967520459126,1.499122193001455,0.3180100227089096,0.08133565761454298,3.620062356279937e-05,42.86466445448342,58.022440577814024,nan,1.5470139083481784,nan
578.09,234.47808837890625,-193.9207000732422,-78.277587890625,233.0164027898517,-193.58658436822253,-78.28063331892541,1.499388988963195,0.3180572547242369,0.08135698153446504,3.692842132527254e-05,42.761756904561516,58.53782502646415,nan,nan,nan
578.1,234.4768829345703,-193.9119873046875,-78.27859497070312,233.04793274539463,-193.59289546147897,-78.28196712682475,1.464148086425801,0.31799540027002565,0.0813458379669052,3.6134881235103745e-05,42.259980749810815,57.05058304191042,10.016446364886681,0.05852891363884865,nan
578.11,234.4755859375,-193.9032745361328,-78.27967834472656,233.04641657380031,-193.58427160731125,-78.28310707504797,1.4643427518604086,0.3180424356911244,0.0813671512857661,3.68606901632309e-05,42.1607534859353,57.520652981644524,nan,nan,nan
578.12,234.47421264648438,-193.89456176757812,-78.2808609008789,233.0448244059738,-193.57564156485574,-78.28398278134269,1.464537669010953,0.3180895544065565,0.08138852838918781,3.609306178798415e-05,42.00948569844342,56.814085122696355,nan,0.08229774889530225,nan
578.13,234.47276306152344,-193.8858642578125,-78.28211975097656,233.04313962961268,-193.56701786440166,-78.28529445421186,1.4647512616140725,0.3181367584284688,0.08140997037236207,3.6817865564448244e-05,41.90893208150421,57.75815613488526,nan,nan,nan
578.14,234.47122192382812,-193.8771514892578,-78.2834701538086,233.04136458299024,-193.55839962182412,-78.28699999928575,1.464959804209502,0.3181840461014353,0.08143147645657929,3.605266676497728e-05,41.87869538752115,56.89607142017244,nan,0.06291428731690954,nan
578.15,234.46958923339844,-193.86843872070312,-78.28490447998047,233.04119974566012,-193.55358978015153,-78.2883936599192,1.4626819744648645,0.3181221402099739,0.08142030022374926,3.6753353288220115e-05,42.37278968199298,57.13874049542999,1.4053629103698237,nan,nan
578.16,234.4678955078125,-193.85972595214844,-78.28641510009766,233.03930859567083,-193.54495053755443,-78.28823153875818,1.4628559145126714,0.3181692311089777,0.08144179511846576,3.599147987483405e-05,42.03332879457838,56.636251678229705,nan,1.997428902009602,nan
578.17,234.4661102294922,-193.8510284423828,-78.28800964355469,233.0372974640675,-193.53634048721327,-78.28986583615615,1.4630577135643992,0.31821640712416377,0.08146335503671133,3.671355294847906e-05,41.93185194846372,57.56776312943992,nan,nan,nan
578.1800000000001,234.46424865722656,-193.84231567382812,-78.28968811035156,233.03519712064332,-193.5277381849258,-78.29203847354765,1.463267854817491,0.318263666859285,0.08148497930974963,3.595398582891603e-05,41.891310031607084,56.58270539681065,nan,0.1390965734871926,nan
578.19,234.46231079101562,-193.83360290527344,-78.29144287109375,233.03302877725713,-193.51912889100947,-78.2938407438759,1.463470782180058,0.3183110119395178,0.08150666887028533,3.6675238090449866e-05,41.79452850813255,56.60642759487357,nan,nan,nan
578.2,234.4602813720703,-193.82489013671875,-78.29326629638672,233.02061459072593,-193.50397229828144,-78.2949363086178,1.4750021997524716,0.31824905238574674,0.08149545565179517,3.589585012849457e-05,41.51465939110485,56.77804868699487,1.5336022431078198,0.4906649299451858,nan
578.21,234.45819091796875,-193.81619262695312,-78.29510498046875,233.01827744216462,-193.49534987677657,-78.2968456518953,1.4752267344649796,0.3182962003769993,0.08151713335847548,3.661543996652281e-05,41.41754014080869,57.181392989676716,nan,nan,nan
578.22,234.45602416992188,-193.80747985839844,-78.29692840576172,233.0158622253577,-193.4867298490778,-78.29889075696066,1.4754493708264977,0.3183434321416994,0.08153887566541715,3.5861229598225456e-05,41.34281822847345,56.45076421502184,nan,0.011983692704540094,nan
578.23,234.4537811279297,-193.7987823486328,-78.2987289428711,233.01337520282078,-193.47810825472587,-78.3007871513608,1.4756711489400571,0.31839074908232745,0.0815606834072835,3.65801185346406e-05,41.24925782509567,57.21931834313968,nan,nan,nan
578.24,234.45147705078125,-193.79006958007812,-78.30049896240234,233.01082316853353,-193.4694805966269,-78.3022185397281,1.4758942583030399,0.31843815013547544,0.08158255606034326,3.582801569030295e-05,41.11819461636909,56.050688253907225,nan,0.13002513892158032,nan
578.25,234.44908142089844,-193.78135681152344,-78.30223846435547,233.0264523688903,-193.47205645243395,-78.30410610381159,1.4558652478260574,0.3183761377426383,0.08157130312689419,3.652343932366154e-05,41.34185537288451,56.19155232041404,3.931694294557949,nan,nan
578.26,234.44662475585938,-193.7726593017578,-78.30394744873047,233.0237950922843,-193.46344336586455,-78.30482552955206,1.4560424161354055,0.31842334150176516,0.08159316329493685,3.577430643845136e-05,41.167479014824714,56.509220107188,nan,0.797527180949074,nan
578.27,234.444091796875,-193.76394653320312,-78.30561828613281,233.0210457857078,-193.45484628902113,-78.30658888612012,1.4562293270349231,0.31847063027997524,0.0816150890464172,3.649105597141068e-05,41.07378305000594,55.90465978115616,nan,nan,nan
578.28,234.44149780273438,-193.7552490234375,-78.30725860595703,233.0182295447434,-193.4462468259976,-78.30810724874841,1.4564256288674406,0.31851800320403806,0.08163707994449512,3.5743900282223445e-05,40.96868987663988,56.326065652811906,nan,0.03070756700417024,nan
578.29,234.43882751464844,-193.74655151367188,-78.30886840820312,233.01533950125665,-193.43765082008434,-78.30980486967051,1.4566189068280841,0.3185654613922445,0.08165913669522448,3.646010515547203e-05,40.87285111183267,56.319826007391065,nan,nan,nan
578.3000000000001,234.4360809326172,-193.7378387451172,-78.3104476928711,233.03259213445858,-193.43470206927182,-78.31373142087354,1.4358563415846513,0.3185033944829114,0.08164783993016568,3.569308999590033e-05,40.19606623253528,55.365660032017225,5.1383082211400914,3.537529091685003,nan
578.3100000000001,234.4332733154297,-193.72914123535156,-78.3119888305664,233.02960268073997,-193.4261065990669,-78.3153893074818,1.436012814957324,0.318550655072148,0.08166988350171588,3.6407908477066685e-05,40.11161013100573,56.173308269839154,nan,nan,nan
578.32,234.43045043945312,-193.72042846679688,-78.3134994506836,233.02656517872666,-193.41751246921135,-78.31707366380057,1.4361980023233798,0.31859799982816794,0.08169199244764427,3.566541900188168e-05,40.0581859700706,55.02117700979257,nan,0.00217033867720514,nan
578.33,234.42762756347656,-193.71173095703125,-78.31498718261719,233.02352299991082,-193.40891826020135,-78.3186725284921,1.4363908717900393,0.31864542970816245,0.08171416739749982,3.637979392875535e-05,39.97754277455314,55.84708323227938,nan,nan,nan
578.34,234.4248504638672,-193.70303344726562,-78.31643676757812,233.02049296450608,-193.4003349364733,-78.32106625439526,1.4366167918397263,0.31869294407991855,0.0817364080278024,3.5639078339998404e-05,40.11198420167524,56.015849205366365,nan,0.46198049757480225,nan
578.35,234.422119140625,-193.6943359375,-78.31786346435547,233.00689155995136,-193.38220518005377,-78.32258874684307,1.449247060765665,0.3186308229892966,0.0817250644499084,3.6330505169832194e-05,39.47438028516645,55.66626491891164,3.1330429557166437,nan,nan
578.36,234.41941833496094,-193.6856231689453,-78.31925964355469,233.003984217063,-193.37356021655728,-78.32177906433657,1.4494286377203072,0.3186781395357217,0.08174729122927069,3.55924029093e-05,38.94629377406572,54.8091931223967,nan,3.7076248302811954,nan
578.37,234.4167938232422,-193.6769256591797,-78.32063293457031,233.00109157072356,-193.36494332505924,-78.3232500555342,1.4496733059250613,0.3187255410755139,0.08176958416430835,3.63051336014986e-05,38.86478533690114,54.80957597136207,nan,nan,nan
578.38,234.41419982910156,-193.66822814941406,-78.32196807861328,232.998278743423,-193.35630387316453,-78.32270064257,1.449872343219547,0.31877302711190264,0.08179194299845616,3.556867596713494e-05,38.59771832998868,55.41852495358239,nan,2.7160416407491175,nan
578.39,234.4116668701172,-193.65953063964844,-78.32328796386719,232.99548822707987,-193.34768761754515,-78.32409906815941,1.4501064365486038,0.3188205983995015,0.08181436826204698,3.628109210448049e-05,38.5083879600058,54.70003256818504,nan,nan,nan
578.4,234.4091796875,-193.6508331298828,-78.32457733154297,232.98270954684833,-193.33233981677606,-78.32310564722458,1.4615940676259112,0.31875842184567094,0.081802973913724,3.552466110671665e-05,38.337409602278,55.02321203743779,1.3279567839051871,3.848424837480798,nan
578.41,234.40675354003906,-193.6421356201172,-78.32583618164062,232.98000490547136,-193.32370958677373,-78.32443027702669,1.4618511488928796,0.31880579500968337,0.08182538460281151,3.623591866024077e-05,38.23956357512859,54.84598613614984,nan,nan,nan
578.42,234.40435791015625,-193.63343811035156,-78.32707214355469,232.9773582500435,-193.31507258136494,-78.32503582343081,1.4620837139536493,0.31885325266526976,0.08184786140270688,3.550344626995833e-05,38.209026753664105,55.14931576410966,nan,0.33096773815078273,nan
578.4300000000001,234.4020233154297,-193.62472534179688,-78.32828521728516,232.97475040381278,-193.30644330130897,-78.32630528036411,1.4623321584656357,0.3189007954543183,0.08187040478566317,3.6214472606036895e-05,38.111633282942094,53.86242207088963,nan,nan,nan
578.44,234.3997344970703,-193.61602783203125,-78.32947540283203,232.9721826158288,-193.29781990895427,-78.32811164474687,1.4625876096088137,0.31894842304888743,0.08189301458133412,3.5483447300799175e-05,37.964552419864006,54.572483368952405,nan,0.21543009382856743,nan
578.45,234.39749145507812,-193.60733032226562,-78.33064270019531,232.99027212263377,-193.3028343852408,-78.32946134974185,1.439786588650783,0.3188861910175874,0.08188156628718611,3.617192649866281e-05,38.333813808729545,54.34767692391875,6.110318258563443,nan,nan
578.46,234.39527893066406,-193.5986328125,-78.33177947998047,232.98784819461545,-193.29422248579144,-78.32936955607079,1.4399766426975116,0.31893362024433325,0.08190416079811769,3.544317291617262e-05,38.36736509733264,55.041113105387105,nan,1.1640777492067809,nan
578.47,234.39312744140625,-193.58993530273438,-78.33290100097656,232.98545346190497,-193.2856234015978,-78.33054341559965,1.4401935022583396,0.31898113449399174,0.08192682204560212,3.6152959663503444e-05,38.26719101175298,54.274921584009974,nan,nan,nan
578.48,234.39100646972656,-193.58123779296875,-78.33399963378906,232.98308702172977,-193.27703744494517,-78.33308272182484,1.4404082284244302,0.3190287335315293,0.0819495499093139,3.5425530634732084e-05,38.04615967010331,54.414126879578596,nan,1.3255378244354545,nan
578.49,234.38893127441406,-193.57254028320312,-78.33507537841797,232.98077866402662,-193.2684386447518,-78.33422734950575,1.4406152504408658,0.319076417859741,0.08197234478720737,3.613518988419641e-05,37.951847618217805,54.29586697155922,nan,nan,nan
578.5,234.38690185546875,-193.5638427734375,-78.33612823486328,232.9652972472352,-193.2609577217343,-78.33467357967487,1.4535133754863774,0.31901412934528783,0.08196083871138007,3.5387627740144423e-05,39.357153418696306,54.68695885471252,7.073461882173619,0.1905390022817633,nan
578.51,234.38491821289062,-193.55514526367188,-78.337158203125,232.96304226601083,-193.25237657584185,-78.33576907177562,1.4537544553092627,0.31906161501128616,0.08198361755201528,3.609631188519212e-05,39.262973286775114,54.57313798197896,nan,nan,nan
578.52,234.38296508789062,-193.54644775390625,-78.33817291259766,232.96082655052862,-193.24379618508576,-78.33693056085704,1.453986772634981,0.31910918543980943,0.08200646320605953,3.537222433673639e-05,39.16462109750724,54.542339343366514,nan,0.005085141355189461,nan
578.53,234.3810577392578,-193.53775024414062,-78.33916473388672,232.95865099065702,-193.23521504078798,-78.33798766868193,1.4542248427307252,0.3191568410580938,0.08202937602878647,3.6080848159985496e-05,39.0716044178725,54.41740832306881,nan,nan,nan
578.54,234.37918090820312,-193.529052734375,-78.34013366699219,232.95650588127918,-193.22664096260675,-78.33989571854944,1.4544611265195462,0.31920458174440947,0.0820523559633519,3.535790041253916e-05,38.946463464513734,54.651212488251275,nan,0.5233448985479644,nan
578.5500000000001,234.37733459472656,-193.52035522460938,-78.3410873413086,232.92719659844667,-193.1997045527774,-78.34102413251632,1.4851656694107584,0.3191422364912605,0.08204078878627256,3.6044280063687176e-05,38.37569244163579,54.851907134478395,10.196319363799752,nan,nan
578.5600000000001,234.3755340576172,-193.51165771484375,-78.3420181274414,232.9250905751354,-193.19108688533254,-78.34243327504042,1.4854467762107435,0.31918977825618766,0.08206375193696266,3.532328826310048e-05,38.292525075341416,54.757052924914824,nan,0.1090185780392502,nan
578.57,234.373779296875,-193.50296020507812,-78.34293365478516,232.92302415607074,-193.18246598940294,-78.34343208904473,1.485734589113397,0.31923740511518595,0.0820867824101476,3.603099501701096e-05,38.20763795577348,54.38302589251678,nan,nan,nan
578.58,234.37203979492188,-193.4942626953125,-78.34383392333984,232.9209967495335,-193.1738420640357,-78.34400852633902,1.4859997749003975,0.31928511700715123,0.08210988018505462,3.531103092598089e-05,38.11308638370821,54.62972667521188,nan,0.11374451685581423,nan
578.59,234.37034606933594,-193.48556518554688,-78.34471130371094,232.9190010307863,-193.16522113582602,-78.34496861958621,1.4862781695650702,0.3193329142684612,0.08213304556327988,3.601875842185691e-05,38.02665835879594,54.51426667124052,nan,nan,nan
578.6,234.3686981201172,-193.47686767578125,-78.34557342529297,232.91053833145637,-193.14971640966726,-78.3459506053053,1.494408934144908,0.31927051145577034,0.08212141354068637,3.527847825928659e-05,37.49937825251694,54.15189820053227,1.6784262275680253,0.000185973884804765,nan
578.61,234.3670654296875,-193.46817016601562,-78.3464126586914,232.90860287020735,-193.14107678126214,-78.3468782995742,1.4946917195784295,0.31931810950285044,0.08214456135406853,3.598537469725726e-05,37.41351470896308,54.689994328308295,nan,nan,nan
578.62,234.36546325683594,-193.45947265625,-78.34724426269531,232.9066971079986,-193.13243987119407,-78.34821554918867,1.494974937212186,0.3193657925418979,0.08216777665331891,3.526816346339457e-05,37.34639207456797,54.35105199915918,nan,0.12591428912570202,nan
578.63,234.36390686035156,-193.45077514648438,-78.34805297851562,232.9048264596684,-193.12379991319122,-78.34911576586042,1.4952690555086572,0.31941356086156225,0.08219105970990723,3.597513357871993e-05,37.26454503167785,54.24401844739051,nan,nan,nan
578.64,234.36236572265625,-193.44207763671875,-78.34884643554688,232.90299602699855,-193.11515128268093,-78.34863082905318,1.4955403023839478,0.31946141447241433,0.08221441054796122,3.525878250626825e-05,37.146791145991244,54.458405185089006,nan,1.3053811363729397,nan
578.65,234.36087036132812,-193.43338012695312,-78.34962463378906,232.90947728612625,-193.10898784894903,-78.3494821365348,1.4872028204243426,0.31939895368597593,0.08220271025862913,3.5943730665167704e-05,36.81770780324548,53.84221126030698,0.7535494277823566,nan,nan
578.66,234.35940551757812,-193.4246826171875,-78.35038757324219,232.90770189088585,-193.10036032687282,-78.35228780891443,1.4874918415379919,0.31944660781095774,0.08222604275088216,3.522905213529562e-05,36.83347009456961,53.87360659031883,nan,2.6876113263725854,nan
578.67,234.3579559326172,-193.41598510742188,-78.35113525390625,232.90596814515135,-193.09172089881073,-78.35313462059061,1.4877566364843715,0.3194943471314305,0.08224944315329129,3.593535548334259e-05,36.75504308946205,54.15417180370394,nan,nan,nan
578.6800000000001,234.35653686523438,-193.40728759765625,-78.35186767578125,232.90426093589488,-193.08308367512666,-78.35441685119919,1.4880255564397313,0.31954217169477095,0.08227291151483354,3.5221437640397954e-05,36.74141522669735,54.13696784506177,nan,0.14090842006198753,nan
578.69,234.35516357421875,-193.39859008789062,-78.35259246826172,232.90258466756802,-193.07444382847885,-78.35524018153795,1.4883088684553571,0.319590081734402,0.08229644806992914,3.5927876027750324e-05,36.66683802811501,53.43223354334659,nan,nan,nan
578.7,234.3538055419922,-193.389892578125,-78.3532943725586,232.88768182101077,-193.06396770512364,-78.3570395373621,1.5019187109576684,0.3195275622700495,0.08228467583777391,3.519345287354633e-05,37.706540286400475,54.656670417640534,3.2784718730389164,0.5633680325322427,nan
578.71,234.3524627685547,-193.38119506835938,-78.3539810180664,232.8860349729878,-193.05533364458609,-78.35784706153648,1.5022020814147563,0.3195752725306685,0.08230819323823575,3.589917017037103e-05,37.638222280025914,54.915964186641176,nan,nan,nan
578.72,234.35116577148438,-193.37249755859375,-78.35466003417969,232.84802338713163,-193.00529317050663,-78.35760967771598,1.5473476631530072,0.31607622263808655,0.07774246820306907,3.518567621948478e-05,43.14666863297416,59.7871199947539,nan,0.7818281681183012,0.373486244954774
578.73,234.34988403320312,-193.36378479003906,-78.3553237915039,232.84644378358823,-192.9966215965995,-78.35838138504116,1.5476274563528114,0.31612689216778134,0.07775790519184463,3.5891528409824806e-05,43.052777397033246,59.18688969516979,nan,nan,nan
578.74,234.3486328125,-193.35508728027344,-78.35597229003906,232.84469999644904,-192.9877062887751,-78.35628120046705,1.5481546445801022,0.31617763979255065,0.07777339290591832,3.5180556369907975e-05,42.685516403818205,59.70246262317184,nan,5.713510020366882,nan
578.75,234.347412109375,-193.3463897705078,-78.35660552978516,232.86680124771334,-192.98319626899323,-78.35688986544895,1.52450586225822,0.316113649126284,0.0777624576824114,3.5864546693036226e-05,41.01207454666169,58.99383237736651,10.614120737228895,nan,nan
578.76,234.34620666503906,-193.3376922607422,-78.35723114013672,232.8653352507768,-192.97450522382067,-78.35757006097346,1.524757385367997,0.3161641837997578,0.07777796201512373,3.5154996333693367e-05,40.90140797634568,58.961739826657066,nan,0.00042455581188262343,nan
578.77,234.34503173828125,-193.32899475097656,-78.35784149169922,232.86389498862954,-192.96581591743666,-78.35826306727178,1.525013152083025,0.31621480884701364,0.07779353749380925,3.586037456288739e-05,40.79220906067144,58.87096502516416,nan,nan,nan
578.78,234.3438720703125,-193.32029724121094,-78.35844421386719,232.86258545434526,-192.9572618347565,-78.36059737627627,1.525126021380383,0.31626551225940647,0.0778091647259891,3.515134809531356e-05,40.80763161042181,58.94620813805087,nan,1.9118715638667596,nan
578.79,234.34274291992188,-193.31158447265625,-78.3590316772461,232.86119215575619,-192.94857231039438,-78.36128422482217,1.5253771896552526,0.3163163061678057,0.07782486301356753,3.585694879112825e-05,40.709596665704346,57.974299199882836,nan,nan,nan
578.8000000000001,234.3416290283203,-193.30288696289062,-78.35960388183594,232.83972853337002,-192.92892413701904,-78.35949372446906,1.5477575081389328,0.31625220312135527,0.07781399562848582,3.512723121988407e-05,40.50737782971421,59.34610493380676,4.365046442056272,4.222210291692183,nan
578.8100000000001,234.34054565429688,-193.294189453125,-78.36016845703125,232.83834738670558,-192.92021305826512,-78.36013435140015,1.5480497344174315,0.316302783598931,0.07782970970826822,3.583219408357296e-05,40.39705675605259,58.94863382972388,nan,nan,nan
578.82,234.3394775390625,-193.28549194335938,-78.36072540283203,232.8369417155274,-192.91144396685348,-78.36002889956903,1.5483947412889534,0.31635344271275967,0.07784547653403727,3.512493810499732e-05,40.300407663092095,58.91270555628273,nan,0.3795309308997989,nan
578.83,234.3384246826172,-193.27679443359375,-78.36126708984375,232.83560372514802,-192.90273253746207,-78.36064179035068,1.5486747635787288,0.3164041919341142,0.07786131388740077,3.5830153868421335e-05,40.18662233909613,59.14581925705803,nan,nan,nan
578.84,234.33740234375,-193.26808166503906,-78.3617935180664,232.83430035593364,-192.89403780609683,-78.36146351516582,1.5489430277101273,0.31645502024735783,0.07787720463344117,3.5123294265326714e-05,40.071893531688474,58.15632377248713,nan,0.03356973869799427,nan
578.85,234.33639526367188,-193.25938415527344,-78.36231994628906,232.8400433349578,-192.89245172228718,-78.36219524668329,1.5406844324823639,0.31639081659381113,0.07786641967468444,3.5806753768177794e-05,40.66016288600024,58.668641214631,3.8364938987515846,nan,nan
578.86,234.33541870117188,-193.2506866455078,-78.36282348632812,232.8387092365582,-192.88367777704093,-78.36165275767648,1.5410503241630575,0.31644143132000174,0.0778823261432583,3.510110448075574e-05,40.590868871062874,58.91144033067675,nan,0.898348766249935,nan
578.87,234.33445739746094,-193.2419891357422,-78.36332702636719,232.83746405508558,-192.87498893459704,-78.36222076500998,1.5413239239598289,0.31649213576515856,0.07789830264189603,3.580598274938622e-05,40.47789116168947,58.52430169825744,nan,nan,nan
578.88,234.33351135253906,-193.2332763671875,-78.36381530761719,232.83634161575412,-192.86642652396046,-78.36449542027617,1.541459208274297,0.31654291957035585,0.07791433347163369,3.5100657716979946e-05,40.35135710994467,57.88753943507162,nan,2.066180937864196,nan
578.89,234.33258056640625,-193.22457885742188,-78.36429595947266,232.8351348081066,-192.8577375140544,-78.3650629929073,1.5417253187885145,0.31659379321808184,0.07793043427994588,3.5805819664606764e-05,40.246152124107795,58.72130879439786,nan,nan,nan
578.9,234.33168029785156,-193.21588134765625,-78.3647689819336,232.821718540082,-192.84315679729596,-78.36441351361736,1.5552839698027952,0.31652947824026073,0.07791971128235335,3.507963403631122e-05,40.33034756562378,58.571078253226084,1.3845621105165784,1.0630383519378366,nan
578.91,234.33078002929688,-193.20716857910156,-78.36522674560547,232.8205282644256,-192.83445810841187,-78.3649521028806,1.5555621375204365,0.31658013781981564,0.07793582698164982,3.578421562248317e-05,40.223263181032905,58.27258868692239,nan,nan,nan
578.92,234.3299102783203,-193.19847106933594,-78.36567687988281,232.81936348470896,-192.82576839851683,-78.3656127811995,1.5558466828816653,0.3166308770226281,0.07795199791094677,3.508027805967e-05,40.114311943583374,58.76238540893071,nan,0.011950789300063488,nan
578.9300000000001,234.3290557861328,-193.1897735595703,-78.36611938476562,232.81820867399688,-192.8170693411952,-78.3661362165284,1.5561386284413734,0.31668170568413817,0.07796823837002886,3.5785165528982486e-05,40.00723615875757,58.70078974347162,nan,nan,nan
578.94,234.32821655273438,-193.18106079101562,-78.3665542602539,232.81717707880483,-192.80849758252407,-78.36849884435968,1.556292844390842,0.316732614419023,0.07798453466384608,3.508144480995203e-05,40.010871113660315,57.827787501151164,nan,2.397869126639374,nan
578.95,234.32740783691406,-193.17236328125,-78.36698150634766,232.78959008000706,-192.78927842092116,-78.36905351672416,1.5848160009599384,0.31666819824936276,0.07797388453060988,3.576464273134522e-05,40.664297925966416,59.05070959391784,6.128900658630001,nan,nan
578.96,234.32659912109375,-193.16366577148438,-78.36740112304688,232.78838304726725,-192.78049886942392,-78.36853375358636,1.5852213875243952,0.31671889275330417,0.07799019555078625,3.5061956255790354e-05,40.47512510362466,59.18075987684565,nan,0.759509309060472,nan
578.97,234.3258056640625,-193.1549530029297,-78.36780548095703,232.7872508996473,-192.7717892335764,-78.3690352106713,1.5855493525856963,0.31676967633734143,0.07800657568499,3.576660115885859e-05,40.377930187240004,58.52237188935359,nan,nan,nan
578.98,234.32504272460938,-193.14625549316406,-78.36820983886719,232.7861775613665,-192.76313059069582,-78.3703051348364,1.5858420702576468,0.31682054024732026,0.07802301249487664,3.506407256337151e-05,40.35689836908774,58.80250976048867,nan,0.423426273062307,nan
578.99,234.32427978515625,-193.13754272460938,-78.36859893798828,232.78507665504242,-192.75442069698704,-78.37079980789406,1.5861694763265408,0.31687149336889087,0.07803951841029919,3.576904317485449e-05,40.26457782095124,58.470573564186964,nan,nan,nan
579.0,234.3235321044922,-193.12884521484375,-78.36898803710938,232.77107435520935,-192.7405830690695,-78.36993690642991,1.6002729321908042,0.3168069669048149,0.07802892391406105,3.504550350907242e-05,40.463064008909946,59.22190779550166,1.5290551818721845,1.1986378355473355,nan
579.01,234.32281494140625,-193.12013244628906,-78.3693618774414,232.7699825521652,-192.7318678329726,-78.3704039237952,1.600637037210637,0.31685770531992213,0.07804544372429369,3.574993256755572e-05,40.36758448748653,58.29111125655792,nan,nan,nan
579.02,234.3220977783203,-193.11143493652344,-78.36973571777344,232.76895789416082,-192.72321386024095,-78.37184561655984,1.600925843226283,0.3169085243042911,0.07806202101036623,3.504847531303789e-05,40.36011909041596,59.18447380717553,nan,0.6781499424265581,nan
579.03,234.32139587402344,-193.10272216796875,-78.3700942993164,232.76789514221414,-192.71449844758286,-78.37230912014384,1.601276705080535,0.3169594321330827,0.07807866703740678,3.575324580798527e-05,40.26923994216087,58.51815930143157,nan,nan,nan
579.04,234.32061767578125,-193.09402465820312,-78.37055206298828,232.7668099927613,-192.7058015559783,-78.37312107939026,1.6015748789108117,0.31701042097038057,0.07809537110098781,3.5051857921691236e-05,40.21341842949692,58.97531681711339,nan,0.06493147531411081,nan
579.0500000000001,234.31973266601562,-193.08531188964844,-78.37110137939453,232.80929469637286,-192.71418020216052,-78.37380444357575,1.555367768777583,0.3169457927680171,0.07808483991458062,3.573497686195525e-05,39.06639763908675,57.42871212222487,16.842279470691683,nan,nan
579.0600000000001,234.31875610351562,-193.0766143798828,-78.37174224853516,232.80801763429577,-192.70540142883195,-78.3731787766558,1.5556772933425804,0.3169965667245985,0.07810155761395488,3.5034479974902444e-05,38.81151696182757,58.27644084924818,nan,1.2432901660413198,nan
579.07,234.3177032470703,-193.06790161132812,-78.37248229980469,232.80672060463687,-192.69670140485928,-78.37396133695705,1.555911413470758,0.3170474291673583,0.07811834372319502,3.573907018471962e-05,38.70855623073187,56.715505556514096,nan,nan,nan
579.08,234.31655883789062,-193.0592041015625,-78.37330627441406,232.80536809163624,-192.68803816578466,-78.37547035748949,1.5561061360660082,0.31709837284600206,0.07813518861072068,3.5038595825040116e-05,38.672915604183814,58.03840039807872,nan,0.28345620922793313,nan
579.09,234.31533813476562,-193.0504913330078,-78.37422180175781,232.80389695928577,-192.6793381197061,-78.37644244108867,1.556346383656017,0.3171494051548261,0.07815210194361241,3.574353879931397e-05,38.57304054490531,56.76748210255603,nan,nan,nan
579.1,234.31402587890625,-193.0417938232422,-78.37522888183594,232.8079512075514,-192.66781415969135,-78.376075429106,1.55181262434885,0.31708466763761356,0.07814161964034298,3.502192428142362e-05,37.42387596762035,57.33316808843534,4.009767014891032,1.2166148445991534,nan
579.11,234.3126220703125,-193.0330810546875,-78.3763198852539,232.8063200983368,-192.6590936726985,-78.37721124141409,1.5520351114522617,0.3171354846009378,0.07815854577960864,3.572635010257786e-05,37.319895539306046,56.67359986442589,nan,nan,nan
579.12,234.31114196777344,-193.02438354492188,-78.37749481201172,232.80465057133975,-192.6504242481558,-78.37936474020078,1.552213058764145,0.3171863830154624,0.07817553139885675,3.5026692383814636e-05,37.29007190123421,57.58728741351649,nan,0.6092483027986526,nan
579.13,234.3095703125,-193.0156707763672,-78.3787612915039,232.80285326082327,-192.6417038421012,-78.3806850350049,1.5524339736448607,0.3172373697177807,0.07819258518291711,3.573148176108242e-05,37.18853596953322,56.54738103561062,nan,nan,nan
579.14,234.3079376220703,-193.00697326660156,-78.38011169433594,232.80090836048026,-192.6329093056841,-78.3807051018784,1.5527592840741324,0.3172884382961918,0.0782096989640793,3.5031775202923016e-05,36.98929767694905,56.906405778845375,nan,1.3547194708131667,nan
579.15,234.3061981201172,-192.99826049804688,-78.38153839111328,232.78656575185263,-192.61097324096608,-78.38207752348467,1.568207334773759,0.3172235985582776,0.07819927045314004,3.571493064283019e-05,35.86898559950441,57.05442815003887,9.76212831245909,nan,nan
579.16,234.3043975830078,-192.98956298828125,-78.383056640625,232.78453898072453,-192.60224698270272,-78.38433574787456,1.568434090176295,0.3172744516023301,0.07821639669024101,3.501600137123463e-05,35.8010921365817,57.21245091727237,nan,0.3441166357127475,nan
579.17,234.30252075195312,-192.98085021972656,-78.38465118408203,232.78240084800166,-192.59348442745048,-78.38598567276632,1.5686996399168156,0.31732539260299963,0.07823359084371216,3.572064789070825e-05,35.70077431831577,56.35904653784857,nan,nan,nan
579.1800000000001,234.30055236816406,-192.97215270996094,-78.3863296508789,232.78024352821066,-192.58478727852253,-78.3890091624912,1.5688843571456768,0.31737641567592517,0.07825084563973678,3.502163374840438e-05,35.749160532580596,57.5520122829543,nan,1.1762288517381279,nan
579.19,234.29852294921875,-192.96343994140625,-78.3880844116211,232.77794993781018,-192.57602541876807,-78.39083538616352,1.569152593993343,0.3174275268647823,0.07826816843035032,3.5726648781389014e-05,35.65355161122258,56.30595552070206,nan,nan,nan
579.2,234.29640197753906,-192.95474243164062,-78.38990783691406,232.77051580674654,-192.56299521837903,-78.39450535828459,1.575377930058953,0.3173625787260926,0.07825778164787796,3.500638724235891e-05,35.757479042885834,57.85345180611143,2.1382874030033046,2.6677860381410836,nan
579.21,234.29421997070312,-192.94602966308594,-78.3917465209961,232.76806220072052,-192.55422164358131,-78.3964616700685,1.5756564649875884,0.3174134739298685,0.07827511606695856,3.571089877324757e-05,35.674359843271425,56.41036301102264,nan,nan,nan
579.22,234.29196166992188,-192.9373321533203,-78.39356994628906,232.7655066269907,-192.54541844151737,-78.39778948528479,1.575969276381513,0.3174644513884572,0.07829251173622515,3.5012501198564465e-05,35.45612169576022,57.38113777830327,nan,0.28088853344983833,nan
579.23,234.2896270751953,-192.92861938476562,-78.39537048339844,232.7629050456511,-192.53664564202748,-78.39972553347525,1.5762431718973093,0.31751551665014277,0.07830997519923845,3.5717388408775774e-05,35.376992941978294,56.31866622302349,nan,nan,nan
579.24,234.28721618652344,-192.919921875,-78.39714813232422,232.76025310498605,-192.527897518866,-78.40216100519413,1.5764911915627169,0.3175666645752889,0.07832750038831951,3.501884967221471e-05,35.459608282876836,57.150208386260246,nan,0.19446757253889385,nan
579.25,234.28472900390625,-192.91122436523438,-78.39888763427734,232.73553371687296,-192.50196414501087,-78.40407154012829,1.6023504105230553,0.3175016138141363,0.07831715793507542,3.570210684108492e-05,34.64414166601276,58.10924336215187,11.834933668416612,nan,nan
579.26,234.2821807861328,-192.9025115966797,-78.40058898925781,232.73255891124154,-192.4930170390513,-78.40301256116513,1.6028161533905267,0.31755254554913703,0.07833469431549078,3.5004257463331375e-05,33.95881604906564,56.38030157870295,nan,5.993700735187811,nan
579.27,234.27957153320312,-192.89381408691406,-78.40226745605469,232.72963556313775,-192.48420072111017,-78.40480622442917,1.6031503566704384,0.31760356478672336,0.07835229831828883,3.570902101174396e-05,33.86985548300185,56.6299418495228,nan,nan,nan
579.28,234.27688598632812,-192.88511657714844,-78.4039077758789,232.72667457761594,-192.47541875198542,-78.40734935886329,1.6034399159738324,0.31765466684968297,0.07836996460257949,3.501100379743267e-05,33.92584100272822,57.02880713752693,nan,0.4310435945419025,nan
579.29,234.2741241455078,-192.8764190673828,-78.405517578125,232.72361285063135,-192.46660340607198,-78.40908695653509,1.6037602352774982,0.3177058565911978,0.07838769862727316,3.571614339670319e-05,33.84226045138216,56.97124319325549,nan,nan,nan
579.3000000000001,234.27130126953125,-192.8677215576172,-78.40708923339844,232.6868206322387,-192.44134308637734,-78.41028655655188,1.6408496925578535,0.3176406982702347,0.07837739038428802,3.499679249211112e-05,34.04789052746188,57.98853186754507,10.626178156704219,0.1850006057390664,nan
579.3100000000001,234.26840209960938,-192.8590087890625,-78.40863800048828,232.6835680967141,-192.43250154566098,-78.4119571952907,1.6412246227927245,0.31769167138674104,0.07839513477294274,3.570143454585811e-05,33.96588787970569,56.65774823531265,nan,nan,nan
579.32,234.2654571533203,-192.85031127929688,-78.41014862060547,232.68024714985768,-192.4236581181599,-78.41354392775452,1.6416257804678942,0.31774272747640486,0.07841294196392946,3.500388100382379e-05,33.88790335373065,57.52433498805762,nan,0.00203804009983759,nan
579.33,234.26242065429688,-192.84161376953125,-78.41163635253906,232.67686277083752,-192.4148174032413,-78.4151543796804,1.6419991828845082,0.31779387096336864,0.07843081676702458,3.570890373013016e-05,33.80471009092044,57.57006789621213,nan,nan,nan
579.34,234.25933837890625,-192.83291625976562,-78.4130859375,232.67340464742753,-192.405967910769,-78.41649981283908,1.642401396704774,0.31784509781527587,0.07844875481073811,3.50111389391726e-05,33.692519092907986,57.4322719425188,nan,0.03932630160656744,nan
579.35,234.25621032714844,-192.82421875,-78.41451263427734,232.6661213297539,-192.40143014983724,-78.41807569870477,1.6453406685215213,0.317779836559695,0.0784384814965656,3.5694526947149205e-05,34.65344340521929,57.204013484321294,3.6793972561198016,nan,nan
579.36,234.2530975341797,-192.81552124023438,-78.41590881347656,232.66259908466265,-192.39261509032704,-78.4196332638977,1.6457669340087313,0.31783084656494337,0.07845642938627685,3.499738547961455e-05,34.600097062399335,57.13630738443478,nan,0.0008116998698187469,nan
579.37,234.25001525878906,-192.80682373046875,-78.41727447509766,232.65909913419839,-192.38379911543748,-78.42113017729874,1.646201326340261,0.3178819436987498,0.07847444478582402,3.570229096665641e-05,34.527034258957535,57.25396514800126,nan,nan,nan
579.38,234.2469940185547,-192.79812622070312,-78.41861724853516,232.6556305220214,-192.37497265323807,-78.42229786949927,1.6466664102749349,0.31793312432449683,0.07849252389985387,3.50049194499204e-05,34.40648699219682,56.66341435909089,nan,0.06468393924341452,nan
579.39,234.24400329589844,-192.7894287109375,-78.41993713378906,232.65222394730455,-192.36615775487186,-78.4237391853372,1.6470987379190953,0.317984392271617,0.0785106706775444,3.5710202847276027e-05,34.33179105737527,56.83576093901676,nan,nan,nan
579.4,234.2410888671875,-192.78073120117188,-78.42122650146484,232.6419583224446,-192.3592052628443,-78.42796401616843,1.653767822252282,0.31791902422250634,0.07850042373456048,3.4991430478313346e-05,36.05572111104139,57.66843785775783,2.95846273588898,5.183726561518122,nan
579.41,234.23822021484375,-192.7720489501953,-78.4224853515625,232.6386507923288,-192.35040723474032,-78.42938396820179,1.6542223745821378,0.31797007490454565,0.07851857952804192,3.569621706449233e-05,35.99911625256058,58.99044990883151,nan,nan,nan
579.42,234.23541259765625,-192.7633514404297,-78.42372131347656,232.63537819279432,-192.34158816249146,-78.43015055055835,1.6547010891543283,0.31802120919165117,0.07853679947910353,3.499919595100865e-05,35.75744196296399,57.50055250200044,nan,0.2794094738326534,nan
579.4300000000001,234.232666015625,-192.75465393066406,-78.42493438720703,232.63218297165233,-192.3327910803043,-78.43151598587934,1.655160885231033,0.31807243055035594,0.078555087029146,3.570436339030444e-05,35.700920686397914,57.23131632249012,nan,nan,nan
579.44,234.22996520996094,-192.74595642089844,-78.4261245727539,232.62900506651386,-192.32395718800402,-78.43172185464955,1.6556533643955194,0.318123735889404,0.07857343914188189,3.5007079514925235e-05,35.29349829341839,56.8715553937878,nan,0.9111290494095485,nan
579.45,234.22732543945312,-192.7372589111328,-78.42729187011719,232.60627619135204,-192.30179154442817,-78.43306735457872,1.6785308601436382,0.31805826468596243,0.07856321779202582,3.569060283231098e-05,34.93305427306224,57.401243117543274,6.406668353701596,nan,nan
579.46,234.2247314453125,-192.72857666015625,-78.42843627929688,232.60319873542778,-192.2929518130835,-78.43395206865331,1.6790377483980088,0.31810935252223166,0.07858157832825587,3.499389433127652e-05,34.77711915522094,58.353576886742935,nan,0.11354192054675144,nan
579.47,234.22218322753906,-192.71987915039062,-78.42955017089844,232.60018632297326,-192.28412497326488,-78.43521166196308,1.6795200843647753,0.3181605271923446,0.07860000642092065,3.5698942539547546e-05,34.716861871650934,57.63539100954783,nan,nan,nan
579.48,234.21969604492188,-192.711181640625,-78.43064880371094,232.59715682888597,-192.27523270268355,-78.43429420324948,1.6800887693822835,0.31821178593599025,0.07861849947825397,3.500195892188452e-05,34.11111449210076,56.536913410810826,nan,3.280205492743248,nan
579.49,234.21725463867188,-192.70249938964844,-78.43172454833984,232.59424551898672,-192.26640641089648,-78.43548956243254,1.6805802164815107,0.31826313172247617,0.07863706027705787,3.570738323100587e-05,34.03853798923021,57.5740961276691,nan,nan,nan
579.5,234.21487426757812,-192.6938018798828,-78.43277740478516,232.57792617927174,-192.24800218577755,-78.43684039217719,1.696570929534281,0.3181975544200614,0.0786268571839477,3.4988948385658307e-05,33.785176463534,57.02249332315136,3.291546293020219,0.01698848949797395,nan
579.51,234.2125244140625,-192.6851043701172,-78.43380737304688,232.57509044122398,-192.23915318264818,-78.43799698559954,1.697079853708748,0.3182486823014524,0.07864542556969177,3.569387333298392e-05,33.71771089507492,57.24573833483532,nan,nan,nan
579.52,234.21022033691406,-192.67642211914062,-78.43482208251953,232.57226881539546,-192.23027304561612,-78.4380212113248,1.6976290575614548,0.31829989433650546,0.07866405929536985,3.4997159227808094e-05,33.42896157991799,57.80240774670111,nan,0.8741951323392749,nan
579.53,234.20797729492188,-192.667724609375,-78.4358139038086,232.56952673936422,-192.22142418946154,-78.43912757915834,1.6981505434638107,0.3183511931944621,0.07868276075167117,3.570246220891577e-05,33.35826928057491,56.56825346060042,nan,nan,nan
579.54,234.2057647705078,-192.65902709960938,-78.4367904663086,232.56683519335675,-192.21258002531914,-78.4403910564028,1.6986518516905955,0.3184025765658902,0.0787015279246171,3.5005448918158914e-05,33.33434590921994,56.58432051022661,nan,0.021868207053405794,nan
579.5500000000001,234.20361328125,-192.6503448486328,-78.43773651123047,232.56742424431664,-192.20025526034794,-78.44137488031907,1.696970370923718,0.3183368959800915,0.07869134115194089,3.56890964024834e-05,32.57071435697095,57.72514376965583,2.5112049958415237,nan,nan
579.5600000000001,234.2014923095703,-192.6416473388672,-78.43867492675781,232.5647938844768,-192.1913630050003,-78.44144039537386,1.6975115209759675,0.3183880611938644,0.07871011525190307,3.499262507036234e-05,32.33226456427565,56.132724151443384,nan,0.6853988438845132,nan
579.57,234.1994171142578,-192.63294982910156,-78.43959045410156,232.56223384671566,-192.182496398561,-78.44246323421022,1.698024027353949,0.3184393130216556,0.0787289570897693,3.569780178034719e-05,32.25933266185535,56.15624868974756,nan,nan,nan
579.58,234.19737243652344,-192.624267578125,-78.44048309326172,232.55972145157574,-192.1736352088717,-78.44368468808902,1.6985230439792225,0.31849064942464,0.07874786498443326,3.500102403572553e-05,32.23273693559349,57.52993643319823,nan,0.03300714189492274,nan
579.59,234.19537353515625,-192.61557006835938,-78.44136047363281,232.55724404510136,-192.1647685952159,-78.44467482007222,1.699029481577104,0.31854207266557155,0.07876684082845274,3.570657290656183e-05,32.16207148188236,56.19622237553334,nan,nan,nan
579.6,234.19342041015625,-192.60687255859375,-78.44222259521484,232.5577713668434,-192.15209284497746,-78.44381055677769,1.697696940690253,0.3184762866097594,0.07875666396888797,3.498830776606534e-05,31.162648867389517,55.728743504025545,2.4243327302453377,2.2326664189852172,nan
579.61,234.19151306152344,-192.5981903076172,-78.44306945800781,232.5553789225158,-192.14320738896743,-78.44474862695255,1.6982188306274366,0.3185274913058463,0.07877564589333534,3.5693352903997764e-05,31.08330359355135,56.55070984244561,nan,nan,nan
579.62,234.18963623046875,-192.58949279785156,-78.44389343261719,232.5530275051885,-192.1343240631223,-78.44576178248884,1.6987260483873459,0.31857878062695844,0.07879469419204878,3.499678949687906e-05,31.019544575307975,55.74684926140093,nan,0.005860506119495472,nan
579.63,234.1877899169922,-192.58079528808594,-78.44470977783203,232.55071153550085,-192.12543869271772,-78.44666908525195,1.6992289707326638,0.3186301565932397,0.07881381047320302,3.570220821660797e-05,30.94259033172797,55.43826289975634,nan,nan,nan
579.64,234.1859893798828,-192.57211303710938,-78.44550323486328,232.54848202742556,-192.1165961839955,-78.44954089533324,1.6996888643291086,0.31868161753037283,0.07883299348171038,3.500532110949321e-05,31.21493159256463,56.9033698744386,nan,2.7673164219186215,nan
579.65,234.18421936035156,-192.56341552734375,-78.44628143310547,232.5892573079869,-192.11735057850586,-78.45040740930304,1.656168744646688,0.3186157281477545,0.07882282372936361,3.5689072855230465e-05,29.312827270231168,54.58794536974691,20.253189725576842,nan,nan
579.66,234.18247985839844,-192.55471801757812,-78.4470443725586,232.5871107676183,-192.10844364220668,-78.45079358818741,1.6566162532547033,0.3186669702742163,0.07884201209733939,3.499270563313624e-05,29.152721849986918,54.5005525293567,nan,0.17300292612626372,nan
579.67,234.1807861328125,-192.5460205078125,-78.44779205322266,232.58501103888656,-192.09954665957306,-78.45165525694925,1.6570612456693012,0.3187182988628648,0.07886126849508664,3.5697988494476594e-05,29.085352006886115,54.22576300725997,nan,nan,nan
579.6800000000001,234.1791229248047,-192.53733825683594,-78.44852447509766,232.582970649833,-192.09067055872956,-78.45357593031736,1.6574799047435915,0.3187697124557265,0.0788805919083595,3.500129430269818e-05,29.310638068611425,55.62946063469449,nan,0.8130142405602768,nan
579.69,234.177490234375,-192.5286407470703,-78.4492416381836,232.5809387629403,-192.0817729751299,-78.45442050985953,1.657918643133963,0.3188212127480297,0.07889998358457603,3.570694438612484e-05,29.249117386210393,54.54721233917573,nan,nan,nan
579.7,234.17588806152344,-192.5199432373047,-78.449951171875,232.56531587794615,-192.04712080659405,-78.45513558052924,1.6785501742840836,0.3186284704840766,0.07783261531169686,3.498688149064406e-05,34.555246257311595,59.9978750404635,5.087912618472685,0.0024386812170378667,0.26377860863081176
579.71,234.17433166503906,-192.51126098632812,-78.45063781738281,232.56333131793852,-192.0381789737263,-78.45595054853067,1.6790345243971931,0.3186791157687776,0.07784821929719618,3.569198017780312e-05,34.46599909897872,61.102826834661975,nan,nan,nan
579.72,234.17279052734375,-192.5025634765625,-78.4513168334961,232.5613812618214,-192.0292580305793,-78.4571205723162,1.6794914556474911,0.3187298450736717,0.07786387957398715,3.4995570062763636e-05,34.527388235058346,60.1308744351726,nan,0.09565932836399914,nan
579.73,234.17129516601562,-192.49386596679688,-78.45198059082031,232.55945909758992,-192.02031592113605,-78.45791355904434,1.6799703441832978,0.3187806587350221,0.07787960558380677,3.570103941847315e-05,34.44224803341443,59.83770028335179,nan,nan,nan
579.74,234.16981506347656,-192.48516845703125,-78.45262908935547,232.55757411041455,-192.0114237967343,-78.45958976800097,1.680417610279475,0.3188315567181273,0.07789538840831585,3.500428734420939e-05,34.730812949623704,60.474328825579796,nan,0.5661830046938929,nan
579.75,234.16836547851562,-192.47647094726562,-78.45326232910156,232.52088740403664,-191.9999241131439,-78.46030959961658,1.715030773782831,0.3187666693445039,0.0778843336354956,3.568808218203854e-05,37.45418993123488,61.11257888507351,33.598787654864786,nan,nan
579.76,234.1669464111328,-192.46778869628906,-78.45388793945312,232.5190025361783,-191.99107530877885,-78.46204105443827,1.7155294057857189,0.3188173525310094,0.07790013142137266,3.499183352872356e-05,37.85361020218792,62.37980509010229,nan,0.6606616832550309,nan
579.77,234.16555786132812,-192.45909118652344,-78.45449829101562,232.51713913054581,-191.98217379706114,-78.46280362238804,1.7160429734988298,0.3188681199944483,0.07791599470444169,3.569716086564071e-05,37.780742778077375,61.33394554326425,nan,nan,nan
579.78,234.16419982910156,-192.4503936767578,-78.4551010131836,232.51529877737784,-191.97323457469545,-78.46284670774577,1.716570849933325,0.31891897174179545,0.07793191549064328,3.5000569920058585e-05,37.45761524567292,60.82544568302775,nan,0.35419580502664205,nan
579.79,234.16287231445312,-192.4416961669922,-78.4556884765625,232.51349033134503,-191.96433255332528,-78.46357996286903,1.717090335832936,0.318969908044603,0.07794790184532098,3.5706261302974545e-05,37.383197632984135,60.83478280614914,nan,nan,nan
579.8000000000001,234.16156005859375,-192.43299865722656,-78.45626068115234,232.52023390876573,-191.95194491993195,-78.46245383915296,1.7103808299558325,0.3189049235391031,0.07793691642976469,3.498814074024811e-05,35.339780622799076,60.42619309606832,7.976688891596957,2.353336062218116,nan
579.8100000000001,234.1602783203125,-192.42430114746094,-78.45682525634766,232.51849379750982,-191.94301342108471,-78.46314693524519,1.7108869800483326,0.31895564474165217,0.07795291708944584,3.5693320038374144e-05,35.25755035248538,60.150546431240734,nan,nan,nan
579.82,234.15902709960938,-192.41561889648438,-78.45738220214844,232.5167884478858,-191.93415963821536,-78.46538788111044,1.7113780697097445,0.319006450185861,0.07796897590425159,3.4996881642077244e-05,35.861859689983966,61.68881611533397,nan,1.7145337686979831,nan
579.83,234.1577911376953,-192.40692138671875,-78.45792388916016,232.5150992456234,-191.9252277153303,-78.46607624324297,1.7118796412749395,0.3190573401109427,0.0779851000969628,3.570242618475338e-05,35.78663302033913,60.817103580918484,nan,nan,nan
579.84,234.15658569335938,-192.39822387695312,-78.45845031738281,232.51343108494763,-191.91626085547674,-78.4660396799545,1.7123968639423695,0.3191083145742409,0.07800128292878981,3.5005637157954864e-05,35.46590299719971,60.56289766198692,nan,0.3608704449148344,nan
579.85,234.15541076660156,-192.3895263671875,-78.45897674560547,232.4831870771287,-191.88899748368164,-78.46663238400063,1.7455428495620295,0.31904323308236004,0.0779903705709547,3.568949792594978e-05,34.97990579912115,61.53375132987236,13.158515721203225,nan,nan
579.86,234.1542510986328,-192.38082885742188,-78.45948791503906,232.48152597185094,-191.88003899082543,-78.46765416804048,1.7461003773956398,0.3190939921558872,0.0780065674579788,3.4993205114431206e-05,35.13937143410224,61.97138003559279,nan,0.09732553053069065,nan
579.87,234.1531219482422,-192.37213134765625,-78.4599838256836,232.47988640833034,-191.87106260402658,-78.46829911510092,1.7466700323486375,0.3191448356380055,0.07802282956066176,3.5698596969549656e-05,35.06736431224019,61.986103241666946,nan,nan,nan
579.88,234.15200805664062,-192.36343383789062,-78.4604721069336,232.4782733642948,-191.86212417881265,-78.46977070285597,1.7472222693558346,0.3191957636106069,0.07803915090373705,3.500195536517719e-05,35.497257674136904,62.437927859625695,nan,0.49318554125011455,nan
579.89,234.15090942382812,-192.354736328125,-78.46095275878906,232.47667891084325,-191.85314730469787,-78.47040592014346,1.7477782242869888,0.31924677627472625,0.07805553757209698,3.570770608497844e-05,35.42590624497569,62.38922329270988,nan,nan,nan
579.9,234.14984130859375,-192.34603881835938,-78.46142578125,232.4605534096107,-191.83698864295525,-78.47111646200688,1.7643467901813077,0.31918159775484745,0.07804468788292651,3.4989526373362405e-05,35.68844461492473,63.01243309334493,2.2544165025951317,0.01818318333167956,nan
579.91,234.1488037109375,-192.33734130859375,-78.46188354492188,232.45897834244323,-191.82799930059522,-78.4717346643136,1.764946486914556,0.3192323947281705,0.07806108794366841,3.569475992666479e-05,35.62207353905802,63.01140109648086,nan,nan,nan
579.92,234.1477813720703,-192.32864379882812,-78.46234130859375,232.45742548912537,-191.81902290165036,-78.47265020400044,1.765537522447868,0.3192832761409242,0.07807754781207453,3.4998261030250386e-05,35.838582160671976,63.03132586096182,nan,0.06592519912531461,nan
579.9300000000001,234.1467742919922,-192.3199462890625,-78.46278381347656,232.45589230014707,-191.81003304430294,-78.47325514955934,1.7661265742881205,0.3193342421761399,0.07809407288540053,3.5703854878347955e-05,35.77165949763152,63.21504772213563,nan,nan,nan
579.94,234.14578247070312,-192.31124877929688,-78.46321868896484,232.45437361609427,-191.80096866451706,-78.47207563987574,1.766728092992346,0.3193852929438275,0.07811065821370552,3.500700156772424e-05,34.839894400589635,62.3035535956967,nan,2.227106287214558,nan
579.95,234.1448211669922,-192.30255126953125,-78.46363830566406,232.44202095948873,-191.77479778055195,-78.4727121786632,1.782732348664501,0.31932001748126493,0.07809987287872885,3.569090442019273e-05,33.16303536719936,63.78211788691322,22.94774494280703,nan,nan
579.96,234.1438751220703,-192.29385375976562,-78.46405792236328,232.4405248119899,-191.76566268156992,-78.47126031608319,1.7833788067631378,0.3193708522648091,0.07811647126424383,3.499454457850822e-05,32.23771132059998,62.63838398384692,nan,2.8729219996723208,nan
579.97,234.1429443359375,-192.28514099121094,-78.46446990966797,232.43905364787017,-191.7566087266141,-78.4717977239785,1.7839965046112043,0.3194217716030806,0.07813313475988032,3.569997624618197e-05,32.16094521481114,61.415472854874764,nan,nan,nan
579.98,234.14202880859375,-192.2764434814453,-78.4648666381836,232.43760054200456,-191.7475434008091,-78.4720428564768,1.784618309150229,0.3194727756187708,0.07814985903124086,3.500326530774731e-05,32.02734286405777,62.706154266270325,nan,0.05740301921838766,nan
579.99,234.14114379882812,-192.2677459716797,-78.46526336669922,232.43616672191374,-191.73848921860764,-78.47256336945685,1.7852486755396746,0.3195238644751505,0.07816664855753284,3.570905130356756e-05,31.949155290276533,62.22484122420142,nan,nan,nan
580.0,234.14027404785156,-192.25904846191406,-78.46564483642578,232.45651279640117,-191.7342113973966,-78.4712210628495,1.7636714519655392,0.31945849207933213,0.07815591879945612,3.499079898498045e-05,30.25308925199176,61.22454916755988,6.7873815300797204,2.7106969885452865,nan
580.01,234.13941955566406,-192.25035095214844,-78.46601867675781,232.45515145445728,-191.72514824609135,-78.47171042913551,1.7642645253015539,0.31950936465207447,0.07817272071156421,3.5696063457828834e-05,30.172482617235186,61.185331735169484,nan,nan,nan
580.02,234.13858032226562,-192.2416534423828,-78.46639251708984,232.45380581143738,-191.71605697831913,-78.47143157100535,1.764863220602994,0.31956032184471006,0.07818958388932447,3.499949275191295e-05,29.891198087000717,60.69816992322296,nan,0.40970444109329784,nan
580.03,234.1376495361328,-192.23294067382812,-78.46685791015625,232.45242527633894,-191.70699331961706,-78.47195147702469,1.765397227148288,0.31961136381218413,0.07820651226454885,3.5705113293892054e-05,29.791536513923774,59.53858754945883,nan,nan,nan
580.04,234.13662719726562,-192.2242431640625,-78.46741485595703,232.45095555631804,-191.69792406630157,-78.47241905588938,1.7659347994135526,0.3196624906902482,0.07822350231974436,3.5008187666431705e-05,29.67745222523599,60.75877648070775,nan,0.015369554658329797,nan
580.0500000000001,234.13552856445312,-192.21554565429688,-78.46806335449219,232.46898062267624,-191.6890992027713,-78.47304111421873,1.7477278640155993,0.3195970214171471,0.07821282818835823,3.569211203494867e-05,28.131826061242666,60.40889742927829,11.309463677851847,nan,nan
580.0600000000001,234.13433837890625,-192.20684814453125,-78.46881103515625,232.46736943945928,-191.67999857479546,-78.47353892044366,1.7482500585188165,0.3196479317154255,0.07822983021443049,3.4995680051529086e-05,27.97479618631404,60.10704505813534,nan,0.06419162347005367,nan
580.07,234.133056640625,-192.19815063476562,-78.46964263916016,232.465672743954,-191.6709080727116,-78.47442744390145,1.7487643273109927,0.31969892672325506,0.07824689740272202,3.570113048949647e-05,27.875796853168982,60.310446016509964,nan,nan,nan
580.08,234.13169860839844,-192.18943786621094,-78.47056579589844,232.4638921923406,-191.66185312938208,-78.47649306520724,1.7492738574905566,0.319750006581291,0.07826402671942277,3.5004347841083064e-05,28.13979102102403,59.151380824051046,nan,0.8324073234457755,nan
580.09,234.1302490234375,-192.1807403564453,-78.47157287597656,232.46202657682,-191.65276237968905,-78.4775738378068,1.7497893835776408,0.31980117143681724,0.07828122137441246,3.571014887255583e-05,28.04404560299112,60.55331617561211,nan,nan,nan
580.1,234.12872314453125,-192.1720428466797,-78.47267150878906,232.47444204850638,-191.65017983045936,-78.47765107579754,1.7346503245471188,0.31973560532221496,0.07827059536801131,3.499182517111731e-05,27.493540838825396,59.34861435451389,1.8347088782952874,0.8738820324963735,nan
580.11,234.1271209716797,-192.163330078125,-78.4738540649414,232.47243519790908,-191.64109840642885,-78.47889820254723,1.735147363241975,0.31978655329916883,0.07828780131101316,3.5697101168749993e-05,27.40078306567764,58.011221747932794,nan,nan,nan
580.12,234.12542724609375,-192.15463256835938,-78.47512817382812,232.4703470067262,-191.63200237061506,-78.47975066047535,1.7356423277052262,0.3198375860641136,0.078305069803627,3.5000460938210035e-05,27.199342295895207,58.98663003860101,nan,0.1637366326594611,nan
580.13,234.1236572265625,-192.14593505859375,-78.47648620605469,232.46817867884945,-191.6229212376866,-78.48116577145429,1.7361378335634305,0.3198887037621277,0.07832240363142516,3.570608960824596e-05,27.10376404907983,58.80963543111992,nan,nan,nan
580.14,234.12181091308594,-192.13723754882812,-78.47792053222656,232.46593103525083,-191.61384386566485,-78.48278765903534,1.7366354845844292,0.3199399065373735,0.07833980039436114,3.50090959759486e-05,27.06942662776435,58.938559176414955,nan,0.010449232598546198,nan
580.15,234.11988830566406,-192.12852478027344,-78.47943878173828,232.48964508781683,-191.61579820928497,-78.48449152269927,1.7089783544930348,0.3198742436283026,0.07832922126635322,3.5693025171106605e-05,26.597866540894046,56.66004055319944,6.455874267570188,nan,nan
580.16,234.11788940429688,-192.1198272705078,-78.48104858398438,232.487284659353,-191.6067331978129,-78.48623339207985,1.7094338957394903,0.3199252292268279,0.07834662882863026,3.499652710252427e-05,26.55394351870195,57.48013381580295,nan,0.003541708860190918,nan
580.17,234.1157989501953,-192.1111297607422,-78.48272705078125,232.48484759900794,-191.59766634093842,-78.48798751369081,1.7098756287772916,0.31997629969400393,0.07836410174159862,3.5701979445607e-05,26.463488259350413,58.040533420818896,nan,nan,nan
580.1800000000001,234.1136474609375,-192.10243225097656,-78.48448944091797,232.48233442137013,-191.58862155823263,-78.49062487296504,1.7103278354066938,0.32002745517418607,0.0783816379748329,3.500513276273801e-05,26.667939679217007,57.78041349977593,nan,0.4537840129035753,nan
580.19,234.11141967773438,-192.09373474121094,-78.48632049560547,232.47974661059803,-191.57955537037157,-78.4925418390629,1.7107823147698606,0.3200786958121431,0.07839923976179142,3.571093280590721e-05,26.581019875255254,57.545776061883245,nan,nan,nan
580.2,234.10911560058594,-192.08502197265625,-78.4881591796875,232.47620635809102,-191.5741811251014,-78.49294869442323,1.7109570144241744,0.3200129361551489,0.07838870099162089,3.499254769790735e-05,26.644668373214223,55.77842375092186,1.961047998821131,1.7755820874300388,nan
580.21,234.10675048828125,-192.07632446289062,-78.489990234375,232.47346932984613,-191.56513288795733,-78.49489278182581,1.7114170163211158,0.3200639593177233,0.07840631288034082,3.5697820053526015e-05,26.568401551098898,56.49334655919512,nan,nan,nan
580.22,234.1042938232422,-192.067626953125,-78.4917984008789,232.4706602371689,-191.55607414190035,-78.49639611412869,1.711860423979035,0.32011506742771173,0.07842398845091467,3.500112059657506e-05,26.404135540308044,56.62751007569154,nan,0.12697115413583296,nan
580.23,234.10177612304688,-192.05892944335938,-78.49357604980469,232.46777929710058,-191.5470261748589,-78.49829357694172,1.7123121323422124,0.32016626063118225,0.07844172961745681,3.5706743060389504e-05,26.329742676755636,56.328360177338645,nan,nan,nan
580.24,234.0991973876953,-192.05023193359375,-78.49532318115234,232.46482639733625,-191.53801035435166,-78.50148959604974,1.7127689584533008,0.32021753907050005,0.07845953482696327,3.500969281553853e-05,26.700048357166786,56.42671975847828,nan,1.2452609961777263,nan
580.25,234.09654235839844,-192.04153442382812,-78.49703216552734,232.4585030006386,-191.5221110201664,-78.50329503058347,1.718433249597015,0.32015168271622807,0.07844903416685882,3.569361411404703e-05,26.045583141010585,57.16278670941409,3.5205923965228556,nan,nan
580.26,234.09381103515625,-192.0328369140625,-78.49871063232422,232.45540996314466,-191.5130003831451,-78.50342484645066,1.7188979944894287,0.3202027433806232,0.07846684892185421,3.4997062231138297e-05,25.489501388935235,56.56456470373474,nan,2.008210811053485,nan
580.27,234.0910186767578,-192.02413940429688,-78.50035858154297,232.45224687652063,-191.50392888658104,-78.50519203087858,1.7193648124314012,0.32025388907381214,0.07848472933004794,3.5702503798292314e-05,25.417612290716058,56.21549276771435,nan,nan,nan
580.28,234.08815002441406,-192.01544189453125,-78.50196838378906,232.4490144650245,-191.49488974809432,-78.50838031151454,1.7198200580387963,0.3203051199358498,0.07850267411214397,3.5005606150432684e-05,25.846378228022346,56.90978447356943,nan,1.490021049390607,nan
580.29,234.08523559570312,-192.00674438476562,-78.50354766845703,232.4457174208345,-191.4858193314446,-78.51009888198055,1.7202981355859985,0.32035643611642217,0.07852068477307926,3.571139332576729e-05,25.784395225860163,56.33317608609267,nan,nan,nan
580.3000000000001,234.0822296142578,-191.998046875,-78.50509643554688,232.41811262347827,-191.46435825434048,-78.51059882067325,1.7476095613908484,0.32029048311330244,0.07851021643350808,3.499296117670845e-05,25.56744844284408,57.39198797895736,5.905898802221347,0.8882621948036485,nan
580.3100000000001,234.0791778564453,-191.98934936523438,-78.5066146850586,232.41464482675772,-191.45526701129222,-78.51224377116814,1.7481263839676373,0.3203415812200339,0.07852823592436756,3.569821880834605e-05,25.501496010939224,56.91507977926398,nan,nan,nan
580.32,234.0760498046875,-191.98065185546875,-78.50810241699219,232.41111389304317,-191.44616117091329,-78.51311228915061,1.7486328890246132,0.32039276442757225,0.07854632010012265,3.500147434507149e-05,25.24226244652497,56.792141286306965,nan,0.3936518138594671,nan
580.33,234.0728759765625,-191.9719696044922,-78.50955963134766,232.40751819052076,-191.43707061452872,-78.51469095429199,1.7491597455546866,0.32044403288856915,0.07856447023339673,3.570708029099474e-05,25.173763322811595,57.60950083117431,nan,nan,nan
580.34,234.0696258544922,-191.96327209472656,-78.510986328125,232.40386039841016,-191.42797162436838,-78.51576519404605,1.7496696790541197,0.32049538673844996,0.07858268539254794,3.500998808105596e-05,25.00129173213629,56.36042068682799,nan,0.15987699099690542,nan
580.35,234.06631469726562,-191.95457458496094,-78.51239013671875,232.37813128194804,-191.41531667180942,-78.51726800855022,1.7722263214057812,0.3204293371476263,0.07857224637461252,3.5693892473710195e-05,26.042467922699856,56.53220647386548,7.022181933669757,nan,nan
580.36,234.0629425048828,-191.9458770751953,-78.51376342773438,232.37431040379803,-191.40625004612122,-78.51929447955446,1.7727679757530497,0.32048047262318663,0.07859046974578147,3.49973016948518e-05,26.16374887378695,56.645065202431795,nan,0.20303892791536546,nan
580.37,234.0595245361328,-191.93719482421875,-78.51510620117188,232.37043702207424,-191.3971741322825,-78.5207636022425,1.7733220192775918,0.3205316932864672,0.07860875916468164,3.570272366798632e-05,26.099002450771348,57.83347516588963,nan,nan,nan
580.38,234.05612182617188,-191.92849731445312,-78.51642608642578,232.3665460005747,-191.3880984417893,-78.52219483227258,1.7739026722025613,0.3205829992695915,0.07862711389496367,3.500579019802448e-05,26.07067373160655,56.30709320783703,nan,9.779052640443565e-05,nan
580.39,234.05274963378906,-191.91981506347656,-78.51771545410156,232.36267999262492,-191.3790235251383,-78.52361221822372,1.7744930689495704,0.3206343907304059,0.07864553491704607,3.571155640091183e-05,26.010202606876746,57.64708855292916,nan,nan,nan
580.4,234.0494384765625,-191.91111755371094,-78.51898193359375,232.36043611079256,-191.37064321512688,-78.52327612384262,1.773375296521923,0.32056824459804584,0.07863511995608975,3.4993092905236715e-05,25.50959863661847,55.594609721704835,0.1455837777212234,1.9825125414938058,nan
580.41,234.0461883544922,-191.90243530273438,-78.52022552490234,232.3566741865477,-191.36157007437671,-78.52462636094481,1.7739821550087214,0.32061941738514715,0.07865354845358791,3.56983284045585e-05,25.44386887570121,56.59445074156319,nan,nan,nan
580.42,234.04299926757812,-191.89373779296875,-78.52143859863281,232.35297308522132,-191.35249237125933,-78.52563674001502,1.7745852270217912,0.32067067542222044,0.07867204253137222,3.500155422031915e-05,25.325853716705883,55.3706632535012,nan,0.07045888819895015,nan
580.4300000000001,234.03985595703125,-191.8850555419922,-78.52263641357422,232.3493328569892,-191.34342006260323,-78.52693621652661,1.7751776904338605,0.3207220188705231,0.07869060300768262,3.570713690995043e-05,25.258685833674427,56.40626514337596,nan,nan,nan
580.44,234.0367889404297,-191.87635803222656,-78.5238037109375,232.34575591462007,-191.3343384737642,-78.52754964826889,1.7757792453402104,0.3207734478568145,0.07870922938913659,3.5010017997671894e-05,25.063483130679867,54.920923725777094,nan,0.31019021998679536,nan
580.45,234.03378295898438,-191.86767578125,-78.52494812011719,232.343411116679,-191.32357121317102,-78.52871786339922,1.7757874189293363,0.32070720525754737,0.07869883494155193,3.5693899735991866e-05,24.75405275827856,56.14763995469229,0.747735584314835,nan,nan
580.46,234.03082275390625,-191.85897827148438,-78.52606964111328,232.3399611117363,-191.31446537265973,-78.52805895031373,1.7763759025890817,0.3207584152690389,0.07871746812450553,3.49972851946739e-05,24.390654505425648,54.72472556600918,nan,2.502898883396852,nan
580.47,234.02793884277344,-191.8502960205078,-78.52716827392578,232.33656519402135,-191.30538562147842,-78.52924230134029,1.7769852177924965,0.32080971062447194,0.07873616782109004,3.570268210821079e-05,24.319460561724767,55.574008501951354,nan,nan,nan
580.48,234.0251007080078,-191.84161376953125,-78.52824401855469,232.33322736265364,-191.29630674339566,-78.53045359499657,1.777582642720387,0.32086109144728087,0.07875493367094659,3.5005727797571546e-05,24.259446321673096,55.67350724449175,nan,0.0016881175023204873,nan
580.49,234.02232360839844,-191.83291625976562,-78.52930450439453,232.32994673916554,-191.28722757700598,-78.53159586608497,1.7781790844414163,0.32091255790398326,0.0787737662930892,3.5711468162929014e-05,24.19042641262113,54.08312251101647,nan,nan,nan
580.5,234.0196075439453,-191.82423400878906,-78.53034210205078,232.33502051693262,-191.28144594369627,-78.5320641274226,1.7698743742305654,0.32084621888072135,0.0787633874544706,3.4992988329841205e-05,23.932032281409203,54.787519985672894,0.903616894797356,0.22799794740299795,nan
580.51,234.01693725585938,-191.8155517578125,-78.53135681152344,232.3318646187819,-191.2723708734585,-78.53315907218064,1.7704571481677502,0.32089746606266484,0.07878222611780726,3.5698197407155593e-05,23.860392367755686,54.84944418020355,nan,nan,nan
580.52,234.0143280029297,-191.80686950683594,-78.5323486328125,232.32876863658183,-191.26327222299633,-78.53214777598248,1.7710472678119744,0.3209487986406675,0.07880113116893986,3.5001407984866694e-05,23.69354565652972,54.60687083752071,nan,3.074794951993629,nan
580.53,234.0117645263672,-191.7981719970703,-78.5333251953125,232.32571897818184,-191.25419742704352,-78.5331834449497,1.7716257910418405,0.3210002167843552,0.07882010311954499,3.570696368063926e-05,23.617556213322143,53.246448365534775,nan,nan,nan
580.54,234.00924682617188,-191.78948974609375,-78.5342788696289,232.32271831169135,-191.2451315734291,-78.53503842537617,1.77220338201563,0.3210517206122361,0.07883914177027865,3.500983224652373e-05,23.556384393514477,54.562932644943274,nan,0.49546222138548124,nan
580.5500000000001,234.0067901611328,-191.7808074951172,-78.53521728515625,232.34216598776857,-191.2444946033349,-78.53611241969327,1.748887062593323,0.32098528525356484,0.07882877461836013,3.569368829188485e-05,23.0427320690771,53.410324677723374,4.470052789345818,nan,nan
580.5600000000001,234.00437927246094,-191.77210998535156,-78.5361328125,232.3392997855989,-191.23544529285564,-78.53886223521366,1.7494302328154725,0.32103656950523546,0.0788478185855302,3.4997063799912135e-05,23.15868725088666,52.478203136426465,nan,2.185736704576101,nan
580.57,234.00201416015625,-191.763427734375,-78.53703308105469,232.33648751831117,-191.22637878313148,-78.53985286833539,1.7499738632127655,0.32108793925346624,0.07886692958496239,3.5702432944853265e-05,23.092688105631105,53.482198479651295,nan,nan,nan
580.58,233.99969482421875,-191.75474548339844,-78.53791046142578,232.33372610213866,-191.2173028431284,-78.53978148353775,1.7505141745365411,0.32113939461397795,0.07888610750242439,3.500547122957042e-05,22.894439031490602,53.423956368955714,nan,0.7707059979389421,nan
580.59,233.99742126464844,-191.74606323242188,-78.53877258300781,232.33100792962756,-191.2082365066262,-78.54072794127207,1.7510553427980031,0.3211909357608424,0.07890535272198496,3.571118352795715e-05,22.82626267643846,53.259301955300394,nan,nan,nan
580.6,233.9951934814453,-191.73736572265625,-78.53961944580078,232.34391399814766,-191.2061829528079,-78.54078358696658,1.734612470313817,0.3211244041073676,0.07889499258562388,3.499270047764748e-05,22.518473931363708,51.27863964027581,2.150516717814097,0.5728063190264359,nan
580.61,233.99301147460938,-191.7286834716797,-78.54045104980469,232.34131186657987,-191.19712676122984,-78.54168978870564,1.7351269884544884,0.3211757253774984,0.0789142423354331,3.569788135418924e-05,22.44805601861294,52.29190983795572,nan,nan,nan
580.62,233.99087524414062,-191.72000122070312,-78.54126739501953,232.33875952780858,-191.1880564704662,-78.54077567233357,1.7356416102546022,0.32122713218736115,0.0789335592101647,3.500108927039056e-05,22.33781575726381,52.06861126113532,nan,2.3001902768100537,nan
580.63,233.98878479003906,-191.7113037109375,-78.54206085205078,232.33624416723114,-191.17900034782824,-78.54163321560293,1.7361559732007805,0.32127862471343255,0.07895294352802304,3.570661662513357e-05,22.26397356143605,50.94673432380293,nan,nan,nan
580.64,233.98672485351562,-191.70262145996094,-78.5428466796875,232.33376946475323,-191.1699474649652,-78.54293822095491,1.7366643632444259,0.32133020306757837,0.07897239527373703,3.5009484792163285e-05,22.18508168950454,51.97188053813836,nan,0.15100568588003524,nan
580.65,233.98472595214844,-191.69393920898438,-78.54360961914062,232.3289840488505,-191.1547538731508,-78.54395506656742,1.741321967945216,0.32126357522083654,0.07896203798207489,3.569331424194931e-05,21.663062194238833,52.34263351557925,3.9327245488019242,nan,nan
580.66,233.9827423095703,-191.6852569580078,-78.54435729980469,232.32658435354932,-191.14568664922172,-78.54639354672382,1.741837948753174,0.3213149333966118,0.07898149348709305,3.499669143383569e-05,21.704973417583766,52.77328479194267,nan,1.8470412346960663,nan
580.67,233.98081970214844,-191.6765594482422,-78.54508972167969,232.3242300813305,-191.13660894864313,-78.54721686380611,1.7423662756586449,0.32136637721749983,0.07900101657950627,3.570203225000589e-05,21.643253656311764,51.10441487203181,nan,nan,nan
580.6800000000001,233.97891235351562,-191.66787719726562,-78.54581451416016,232.32191685159572,-191.12752756838992,-78.54742700466335,1.7428753297165411,0.32141790679338433,0.07902060729358876,3.5005074278773055e-05,21.518229816021137,52.333652189549134,nan,0.25361522500537576,nan
580.69,233.97706604003906,-191.65919494628906,-78.54651641845703,232.31963978084553,-191.1184496602658,-78.54821699995118,1.7434076290409077,0.32146952230394904,0.07904026587316569,3.5710758312329104e-05,21.454063327684675,52.09348716150773,nan,nan,nan
580.7,233.97525024414062,-191.65049743652344,-78.54721069335938,232.33112240102201,-191.1138158096362,-78.5491254887655,1.7295049001369223,0.32140279830423396,0.0790299068942568,3.499228267554391e-05,21.094196884502683,50.35676684253007,1.7871424383388472,0.024307690758803145,nan
580.71,233.9734649658203,-191.64181518554688,-78.54788970947266,232.32894219411696,-191.10473982050985,-78.54989014461123,1.7300026289347852,0.3214541933354094,0.07904956841942484,3.569743548614305e-05,21.030534065320285,51.60738892978585,nan,nan,nan
580.72,233.97171020507812,-191.6331329345703,-78.54855346679688,232.34306104796292,-191.09377333286824,-78.55011546508966,1.715636703022804,0.3174733387467774,0.07901495200991038,3.499927087222465e-05,26.16214275185733,56.8606784120772,nan,0.20291194739041854,0.06557691354454598
580.73,233.97000122070312,-191.6244354248047,-78.54920959472656,232.34096002526965,-191.08468211940624,-78.55084964771086,1.7161327270586213,0.3175208155758153,0.07903389672327107,3.570473819902289e-05,26.07033441332131,55.20491134823138,nan,nan,nan
580.74,233.96832275390625,-191.61575317382812,-78.54984283447266,232.3389928821633,-191.07557357214995,-78.55014964142299,1.7165401035669416,0.31756836938359384,0.07905290272395774,3.500769328130377e-05,25.898189936573104,56.62075212936202,nan,1.4271430190783283,nan
580.75,233.9666748046875,-191.6070556640625,-78.55046844482422,232.35237583346634,-191.07542356535657,-78.55082002166198,1.699586414533382,0.3175073660678346,0.07904239374686531,3.569146688142917e-05,25.87983504143505,54.54608286199494,2.7386623591738326,nan,nan
580.76,233.96505737304688,-191.59837341308594,-78.55108642578125,232.35042485904327,-191.06634584172,-78.55114946921502,1.700026910359249,0.31755472215519626,0.07906139850087947,3.4994930424701386e-05,25.77719883352861,55.51373774329209,nan,0.0885702036074342,nan
580.77,233.96348571777344,-191.5896759033203,-78.55168151855469,232.34848198508828,-191.05727200063785,-78.5518181180714,1.7004972775155862,0.3176021686677171,0.0790804650125482,3.5700215019348925e-05,25.681813186169695,54.344661605878755,nan,nan,nan
580.78,233.96192932128906,-191.58099365234375,-78.55227661132812,232.34648497892059,-191.0482115921505,-78.55374262218116,1.7010347721730767,0.3176496925334484,0.07909959307907588,3.5003342881434464e-05,25.64402430506409,55.41961218831899,nan,1.1333082381788828,nan
580.79,233.96041870117188,-191.5723114013672,-78.55284881591797,232.34460519312725,-191.03913732380192,-78.55440185831326,1.7015082432088675,0.31769730691202847,0.07911878317502673,3.5708972531319566e-05,25.55300107846611,55.40993921922265,nan,nan,nan
580.8000000000001,233.95892333984375,-191.56361389160156,-78.55341339111328,232.34482859243028,-191.03355576499524,-78.55494194804807,1.6989013531383965,0.31763622704865596,0.07910827875573777,3.4990584163759786e-05,25.812292009327212,54.04158172075297,1.2648920011398772,0.0005017578799118923,nan
580.8100000000001,233.9574737548828,-191.554931640625,-78.55397033691406,232.34301067547946,-191.0244935526364,-78.55557817185091,1.6993699376765345,0.31768364323721365,0.07912746711481618,3.5695684516879604e-05,25.72172983581111,54.66620867484212,nan,nan,nan
580.82,233.95603942871094,-191.54623413085938,-78.55451202392578,232.34125457016913,-191.01542646853585,-78.55571084879735,1.6997906785655499,0.3177311371469547,0.07914671728753088,3.499898422571416e-05,25.595562141363338,53.79344632653816,nan,0.1718656275835886,nan
580.83,233.9546356201172,-191.53753662109375,-78.55504608154297,232.3394949267482,-191.00636391397924,-78.55632206685885,1.7002427862803515,0.3177787210973764,0.07916602968396268,3.570443304429417e-05,25.50583493972051,53.566480506906686,nan,nan,nan
580.84,233.95327758789062,-191.5288543701172,-78.55557250976562,232.33779089201076,-190.99729721601778,-78.55649923209559,1.7006913686655145,0.31782638325609397,0.07918540419687378,3.5007393927945336e-05,25.3901990926582,54.19080687803492,nan,0.12712665134956033,nan
580.85,233.95191955566406,-191.52015686035156,-78.55608367919922,232.35331275846949,-190.9948334146638,-78.55723906088569,1.6827090507668943,0.3177652391248164,0.07917490130187646,3.569115066119532e-05,24.93271480179482,53.261303673169756,4.009069581463045,nan,nan
580.86,233.9506072998047,-191.511474609375,-78.55657958984375,232.3516988895662,-190.98577159004512,-78.5573103567211,1.683113871039084,0.3178127030585767,0.07919427360035074,3.499462106282807e-05,24.815773854873903,54.13256935053702,nan,0.1838201235747815,nan
580.87,233.94931030273438,-191.50277709960938,-78.55707550048828,232.35007933315538,-190.97671367272832,-78.55787776563932,1.6835329122983569,0.3178602565681528,0.07921370831800463,3.5699887573793174e-05,24.725349719890577,52.780012365234576,nan,nan,nan
580.88,233.9480438232422,-191.4940948486328,-78.55755615234375,232.34852808103517,-190.9676499907211,-78.5577567005467,1.6839224561152846,0.3179078886407616,0.07923320540056472,3.5003023354586884e-05,24.613988110141886,53.90912034385167,nan,0.32607582458005346,nan
580.89,233.94680786132812,-191.4853973388672,-78.55802917480469,232.34695987971088,-190.9585917750297,-78.55829971262382,1.6843508362468949,0.3179556103844558,0.07925276517965729,3.570863514964737e-05,24.523229682984205,52.46394900470731,nan,nan,nan
580.9,233.94558715820312,-191.47669982910156,-78.55848693847656,232.3445757216098,-190.95549524593892,-78.55802443768417,1.6837137676931162,0.3178943900853731,0.07924226020668905,3.4990257027423625e-05,25.326168006277225,52.41111003208691,5.417133208959215,0.43734885029973186,nan
580.91,233.94439697265625,-191.468017578125,-78.55894470214844,232.34304964591473,-190.9464625850324,-78.55854216401366,1.6841416311340833,0.3179419131380203,0.0792618172453258,3.569533983004484e-05,25.23147884311003,53.025169247196885,nan,nan,nan
580.92,233.9432373046875,-191.45932006835938,-78.55938720703125,232.34152313006243,-190.93743245525815,-78.55946199620465,1.6845934178598692,0.31798951509606177,0.07928143688972554,3.499864928898108e-05,25.136819988563495,51.90727538526969,nan,0.11888914920730058,nan
580.9300000000001,233.9420928955078,-191.45062255859375,-78.55982208251953,232.34004482248005,-190.92839887863568,-78.55996758969987,1.6850150211120525,0.3180372062750339,0.07930111942869995,3.570408083447249e-05,25.046710393607682,51.970731810113705,nan,nan,nan
580.94,233.9409637451172,-191.44192504882812,-78.56024932861328,232.33848279137632,-190.91937707041322,-78.5622819836389,1.685528323266682,0.31808497683460835,0.0793208648714684,3.500705231770046e-05,25.073383067766017,52.12208012284326,nan,2.3294333704970787,nan
580.95,233.9398651123047,-191.43324279785156,-78.5606689453125,232.31356149201923,-190.89665414162585,-78.56271075283335,1.7125405164029406,0.3180236906043758,0.07931035457459476,3.569079339950625e-05,24.964935906566787,54.03520001880201,6.507754721991656,nan,nan
580.96,233.93878173828125,-191.42454528808594,-78.56108093261719,232.3121420354802,-190.88758883260155,-78.56273652648984,1.7129745178507743,0.3180712624143124,0.0793300967527624,3.499427510814865e-05,24.83697476581631,52.8617252487739,nan,0.1581417748290091,nan
580.97,233.93772888183594,-191.4158477783203,-78.56147766113281,232.3107172832445,-190.87852601092072,-78.5632233707176,1.7134422870859944,0.3181189230073461,0.0793499020236262,3.5699525008142664e-05,24.75547662238147,52.88798899546161,nan,nan,nan
580.98,233.9366912841797,-191.4071502685547,-78.56187438964844,232.30937730993256,-190.86945633503566,-78.56258042754418,1.7138453942560452,0.31816666330278065,0.07936977043040631,3.500267281232973e-05,24.59578749298148,52.55454895333856,nan,0.8899027513601138,nan
580.99,233.93568420410156,-191.39846801757812,-78.562255859375,232.30799474793687,-190.86039294118333,-78.56304204164636,1.714321548493608,0.31821449249076733,0.079389702211519,3.570826833090219e-05,24.509381837193477,53.699418298481454,nan,nan,nan
581.0,233.9346923828125,-191.3897705078125,-78.56263732910156,232.27104449798782,-190.8344314844322,-78.56425448045489,1.7538894864697512,0.3181531303729821,0.07937918302091515,3.4989904066552916e-05,24.93621299621099,53.89121844637247,13.335831821425645,0.22192602319968938,nan
581.01,233.9337158203125,-191.38107299804688,-78.56300354003906,232.26964351268808,-190.82534125174473,-78.56471208927204,1.7544165235174294,0.318200760355575,0.07939911097528973,3.5694970983793844e-05,24.85640140580957,54.19001424224562,nan,nan,nan
581.02,233.93264770507812,-191.37237548828125,-78.56346893310547,232.2682397427439,-190.81624801228227,-78.56464039017666,1.7548598254431107,0.31824847034618636,0.07941910229114407,3.499829363649882e-05,24.723489323523808,53.94765730538781,nan,0.2326894384973744,nan
581.03,233.93150329589844,-191.36367797851562,-78.56403350830078,232.2667173661651,-190.8071572770162,-78.56523233419679,1.7553429637022673,0.31829626881235057,0.07943915718054974,3.570370965845386e-05,24.635399750201195,53.53199447695992,nan,nan,nan
581.04,233.93026733398438,-191.35498046875,-78.56468200683594,232.26512444568226,-190.79806485018332,-78.56561655829778,1.7558065719358285,0.31834414774472614,0.07945927572583597,3.500669486589968e-05,24.53096052967538,53.863040341891804,nan,0.06442928581462026,nan
581.0500000000001,233.928955078125,-191.34628295898438,-78.5654296875,232.28972670086162,-190.8072119836053,-78.56631965069633,1.725592066902305,0.3182827180800946,0.07944874423973965,3.569042195050078e-05,24.889721138157913,51.9230657281181,11.392777432425191,nan,nan
581.0600000000001,233.92755126953125,-191.33758544921875,-78.5662612915039,232.2879665303835,-190.79816496307612,-78.56756742511133,1.7260400585448619,0.3183303977209772,0.07946885839000366,3.4993917785995635e-05,24.82754574338998,52.24631335691026,nan,0.10226993217875409,nan
581.07,233.92605590820312,-191.32888793945312,-78.56718444824219,232.28614263522132,-190.78911649204176,-78.5685294251909,1.7264618638433453,0.3183781654358045,0.0794890363122041,3.569915295636588e-05,24.740601110262716,52.21176119141735,nan,nan,nan
581.08,233.9244842529297,-191.3201904296875,-78.56819915771484,232.2843058864872,-190.78006299961632,-78.56820934292116,1.7268244596845888,0.31842601389744857,0.07950927810847823,3.500231530423213e-05,24.601948349808108,51.8625979066135,nan,1.329164630429821,nan
581.09,233.92283630371094,-191.31149291992188,-78.56929779052734,232.28231783412855,-190.77101448101251,-78.56933664045347,1.7272573037842858,0.3184739505608614,0.07952958396151333,3.570789648378252e-05,24.514736006489418,51.832585087593195,nan,nan,nan
581.1,233.92111206054688,-191.3028106689453,-78.57048034667969,232.27353426473888,-190.7564096889989,-78.5706877712085,1.7358187310750077,0.3184124486607975,0.07951903662617126,3.640487032108194e-05,24.25238706348177,53.46934022412672,1.9595482099505184,nan,nan
581.11,233.91929626464844,-191.2941131591797,-78.5717544555664,232.27137695753945,-190.74734670725798,-78.57199280281041,1.7362579452659241,0.31846018559473344,0.07953933748626513,3.7138296357104814e-05,24.165962560231204,52.18643299414674,nan,nan,nan
581.12,233.9174041748047,-191.28541564941406,-78.57311248779297,232.26919965230516,-190.73828007334876,-78.57217278009787,1.736645147874128,0.3185080032671591,0.07955970243180636,3.635587074262097e-05,24.102528344094576,52.126894813169784,nan,0.9583394698258253,nan
581.13,233.91543579101562,-191.27671813964844,-78.57454681396484,232.26688559182205,-190.72921689044455,-78.57363687389243,1.7370884275510976,0.3185559090344892,0.07958013163344835,3.7087938857265036e-05,24.01483353132294,52.33727480124217,nan,nan,nan
581.14,233.9134063720703,-191.2680206298828,-78.5760726928711,232.2644402254543,-190.72015682299315,-78.57632720702826,1.7375972399732704,0.3186038960003746,0.07960062521245544,3.6308232467182445e-05,23.910138276505982,51.58126108341766,nan,0.8544321439801917,nan
581.15,233.91128540039062,-191.2593231201172,-78.57767486572266,232.2588328671922,-190.71764612855767,-78.577919037226,1.7389690616220121,0.31854232151595435,0.07959005848437188,3.701539678733002e-05,24.88663450439124,51.64145980674138,7.257826820385593,nan,nan
581.16,233.90908813476562,-191.25062561035156,-78.57936096191406,232.25621881062898,-190.70861605924586,-78.58091919522549,1.739469397331495,0.3185901086545461,0.07961054646005175,3.6239351098556766e-05,24.86748619195812,51.493424263096834,nan,1.0716293349653543,nan
581.17,233.90682983398438,-191.24192810058594,-78.58112335205078,232.25358931092623,-190.69958340644502,-78.58273676055195,1.7399266069094323,0.31863798348490585,0.07963109888818073,3.696799806208759e-05,24.78775385361229,51.33057268323866,nan,nan,nan
581.1800000000001,233.90447998046875,-191.2332305908203,-78.58295440673828,232.2509007116042,-190.69055044273884,-78.58430690645199,1.7403528293986297,0.3186859397885832,0.07965171590021129,3.619456706105023e-05,24.683881331453204,51.332781103756915,nan,0.06782722679598596,nan
581.19,233.90206909179688,-191.2245330810547,-78.58479309082031,232.24812501108457,-190.68151831772946,-78.58623500674476,1.7408038759245594,0.31873398391381663,0.07967239765166809,3.692206943914105e-05,24.606767502297203,51.32673820920098,nan,nan,nan
581.2,233.8995819091797,-191.21583557128906,-78.58662414550781,232.24625217444319,-190.67224439404603,-78.58939029354754,1.7404017442289907,0.318672333548876,0.07966180795617286,3.612876755039975e-05,24.618839504897753,51.27914110387093,0.19106582047303983,1.0858756447839095,nan
581.21,233.89703369140625,-191.20713806152344,-78.58843231201172,232.2433361035939,-190.66321072865554,-78.59131555738811,1.7408563893903197,0.3187201774017317,0.07968248346991941,3.685428195045576e-05,24.550943195358492,50.9717670056694,nan,nan,nan
581.22,233.8944091796875,-191.19845581054688,-78.5902099609375,232.24034977529874,-190.65417744324319,-78.5932157510197,1.7413099922574644,0.3187681029778391,0.07970322376903892,3.6086877926814485e-05,24.492222531552347,52.100484578597865,nan,2.7630926789393444e-07,nan
581.23,233.89170837402344,-191.18975830078125,-78.59195709228516,232.23729389772015,-190.64514470450177,-78.59508532794572,1.7417522827637382,0.31881611600709875,0.07972402900287627,3.6811387607493435e-05,24.42602487987198,50.877709228515585,nan,nan,nan
581.24,233.88894653320312,-191.18106079101562,-78.59366607666016,232.23418315894793,-190.63611214567507,-78.59659437317639,1.7421881143422588,0.3188642111913447,0.07974489931210328,3.604641867837071e-05,24.317353025918646,50.80388806622748,nan,0.07186824941716298,nan
581.25,233.88612365722656,-191.17236328125,-78.59534454345703,232.24515109369204,-190.64153479177855,-78.59834480417751,1.7246967388709171,0.31880249047546905,0.07973428306089352,3.674683107194992e-05,25.05309861670565,49.548806274565464,8.817867764561447,nan,nan
581.26,233.8832244873047,-191.16368103027344,-78.59699249267578,232.2418918014544,-190.63254436688007,-78.60052130683276,1.7251352391538926,0.318850385256533,0.07975514648258888,3.598519200897279e-05,25.071961663475232,50.62635744975826,nan,0.11080369721408531,nan
581.27,233.88026428222656,-191.1549835205078,-78.59860229492188,232.2385829321572,-190.62355409011735,-78.60226245468957,1.725557385722151,0.3188983671445263,0.0797760750321483,3.670697413529513e-05,25.011301667712296,49.59428386563343,nan,nan,nan
581.28,233.8772430419922,-191.1462860107422,-78.60018920898438,232.23517869450728,-190.61456451006563,-78.60472062806917,1.7260137917530303,0.31894643140274337,0.07979706885319639,3.5947646719067235e-05,25.13871226121774,49.20132311852847,nan,0.37458380453232126,nan
581.29,233.8741455078125,-191.13760375976562,-78.60173797607422,232.2317394060483,-190.60557525628363,-78.60640691951853,1.7264338767130596,0.3189945829250356,0.07981812809067881,3.666860981959991e-05,25.080960721024546,50.60225250725483,nan,nan,nan
581.3000000000001,233.87100219726562,-191.12890625,-78.60325622558594,232.24581497960554,-190.60401834903917,-78.60801185001712,1.7078534530177134,0.3189327863057173,0.07980748166130472,3.5889484455486864e-05,24.76768388798702,48.56906480528896,2.908083461779201,0.0061570270642725645,nan
581.3100000000001,233.86778259277344,-191.12022399902344,-78.60474395751953,232.24227844533357,-190.59503963179233,-78.60963822641311,1.7082465591348799,0.3189807370042268,0.07982853334142544,3.660878814303168e-05,24.711765643191452,49.74863353904034,nan,nan,nan
581.32,233.864501953125,-191.1115264892578,-78.606201171875,232.2387077693057,-190.58606163134786,-78.61048346518989,1.7086071470864823,0.3190287702656441,0.07984965048465673,3.585482669435095e-05,24.49116597189561,48.40102027968704,nan,0.3803573934436249,nan
581.33,233.8611602783203,-191.10284423828125,-78.60762786865234,232.2350468443801,-190.57708409342897,-78.61204513442502,1.709002089581184,0.31907689047645144,0.0798708332355764,3.657343203135443e-05,24.434145525517643,49.38722724942987,nan,nan,nan
581.34,233.85775756835938,-191.09414672851562,-78.6090316772461,232.23135951447705,-190.5681075059717,-78.6126351735188,1.7093568610773502,0.3191250936560265,0.07989208173839497,3.582158288677378e-05,24.186298990814063,47.77577321009482,nan,0.5998833007678597,nan
581.35,233.8542938232422,-191.08546447753906,-78.61040496826172,232.2204153917761,-190.54634670973655,-78.61409073603201,1.7205290701567633,0.31906322525752245,0.07988140149172283,3.651674384733329e-05,23.16045586093012,49.59173177233564,9.53093041441531,nan,nan
581.36,233.85076904296875,-191.07676696777344,-78.61174774169922,232.2166022627408,-190.5373298659634,-78.61464858486075,1.7209014693761189,0.319111227449521,0.07990264174951016,3.5767868190248045e-05,22.947828950637977,48.351103176683,nan,0.5614476741201275,nan
581.37,233.84719848632812,-191.06808471679688,-78.61306762695312,232.2126976325558,-190.52831302696305,-78.61608289044092,1.7213237957869576,0.31915931629601846,0.07992394780361259,3.6484341027767445e-05,22.885456857790093,48.918492254725805,nan,nan,nan
581.38,233.8435516357422,-191.0594024658203,-78.61436462402344,232.20871439590172,-190.51929617946004,-78.61808192524249,1.7217495229165667,0.31920748827280304,0.07994531979661454,3.573744680347225e-05,22.945883173737727,49.12553646719431,nan,0.23570746589976443,nan
581.39,233.83987426757812,-191.05072021484375,-78.61563110351562,232.20469911887403,-190.51028017677814,-78.61947161295548,1.722175354369168,0.3192557470859491,0.07996675787549759,3.645337850608342e-05,22.88863207078864,48.89413983757612,nan,nan,nan
581.4,233.83619689941406,-191.04202270507812,-78.61687469482422,232.21301309683383,-190.5083783373871,-78.61911886231245,1.7086564910522233,0.31919380261756564,0.0799560401520984,3.5686645221162994e-05,22.592983789033166,47.05559025199533,1.7166882672214492,1.90041818785494,nan
581.41,233.8325653076172,-191.03334045410156,-78.61808776855469,232.20902809975075,-190.49937751677993,-78.62044259291295,1.7090918725913014,0.319241860044139,0.07997746928128165,3.640119505905773e-05,22.531775888704455,48.174460599842156,nan,nan,nan
581.42,233.82899475097656,-191.024658203125,-78.61927795410156,232.20502022608397,-190.49037433644818,-78.62396611762817,1.7096123790404918,0.31929000074250263,0.07999896453233747,3.565897360852159e-05,22.924517512819154,48.362767839286555,nan,3.3599786765280886,nan
581.4300000000001,233.8254852294922,-191.01597595214844,-78.62045288085938,232.20114529288432,-190.4813746939077,-78.6252654173493,1.7100590327469114,0.31933822801022804,0.08002052605538729,3.6373083939807395e-05,22.874136805186165,47.97331224402171,nan,nan,nan
581.44,233.82205200195312,-191.00729370117188,-78.62159729003906,232.19730922492843,-190.47237418569563,-78.62735973656909,1.710544119665221,0.3193865389325815,0.08004215398837623,3.56326396496179e-05,23.099607103825104,48.205221203587705,nan,0.45512406162402075,nan
581.45,233.81866455078125,-190.9986114501953,-78.62271881103516,232.14648111734513,-190.43742171496146,-78.628614638292,1.763849799378929,0.3193245213753898,0.08003139511863795,3.6323822728603646e-05,23.245035312654334,50.460884114296576,22.51926513767337,nan,nan
581.46,233.8153533935547,-190.98992919921875,-78.62381744384766,232.14273671693837,-190.42837577586386,-78.62959561679968,1.7643758617310739,0.31937263071803484,0.08005301337823953,3.5585993728348394e-05,23.157665765584586,50.13800203629714,nan,0.04620544053135458,nan
581.47,233.81211853027344,-190.9812469482422,-78.62489318847656,232.13904981375188,-190.4193300006403,-78.63081320136193,1.7649205740649878,0.31942082638027125,0.08007469809296987,3.629846927562684e-05,23.117419571212373,49.88707179027252,nan,nan,nan
581.48,233.80892944335938,-190.97256469726562,-78.6259536743164,232.1354328983606,-190.41028494964578,-78.63183625680877,1.7654415327285913,0.3194691058112662,0.08009644939655768,3.556228747349354e-05,23.056637494284367,49.812522073847866,nan,0.02066957692250598,nan
581.49,233.80581665039062,-190.96388244628906,-78.62699127197266,232.13187478564552,-190.40123977004018,-78.6330111165542,1.7659797241790764,0.31951747176550277,0.08011826744539023,3.62744531467242e-05,23.015343141533084,49.57221336258936,nan,nan,nan
581.5,233.80276489257812,-190.9552001953125,-78.62800598144531,232.15399669006914,-190.39718284837164,-78.63183235535338,1.7406420040401538,0.31945537784691397,0.08010746373276198,3.551831512843017e-05,21.360788375925708,48.43915867353984,9.475732419850376,3.871263032324519,nan
581.51,233.79977416992188,-190.94651794433594,-78.62899780273438,232.1506110663975,-190.38813006505708,-78.6329449665691,1.7411351314168761,0.31950354184094065,0.08012927136950271,3.6229327695327194e-05,21.311739026604982,48.423637344571084,nan,nan,nan
581.52,233.7968292236328,-190.93783569335938,-78.62997436523438,232.14722965838197,-190.37907274499818,-78.63603748688247,1.7416749178825441,0.31955178970044995,0.0801511457703298,3.549713425801152e-05,21.849949800056287,48.96925242918189,nan,2.7417716960662295,nan
581.53,233.79396057128906,-190.9291534423828,-78.63092803955078,232.14396310342664,-190.3700203656105,-78.63713217075323,1.7421710400351806,0.31960012385752173,0.08017308709657395,3.6207920600906875e-05,21.811470607014854,48.69710843642405,nan,nan,nan
581.54,233.7911376953125,-190.92047119140625,-78.63186645507812,232.1407507969912,-190.36096778239508,-78.63833871016604,1.7426597111690076,0.31964854224289535,0.08019509547462168,3.5477175733508264e-05,21.862891595764893,48.73123299493811,nan,0.011633170192886356,nan
581.5500000000001,233.7883758544922,-190.91180419921875,-78.63278198242188,232.10848664748403,-190.34772168546385,-78.63937412720873,1.7720779572353573,0.3195863740321034,0.08018424323420864,3.616543490572383e-05,23.173504156847024,50.44575458301766,14.038858605721682,nan,nan
581.5600000000001,233.78567504882812,-190.9031219482422,-78.63368225097656,232.10532661994458,-190.33868336582174,-78.64070378765861,1.7726282909153832,0.31963459023845736,0.08020624044216469,3.543696197529963e-05,23.298267667687448,49.2080901656023,nan,0.05706823393663246,nan
581.57,233.78302001953125,-190.89443969726562,-78.63456726074219,232.10222827353064,-190.32964583489272,-78.64173129523836,1.7731622384283237,0.3196828925313445,0.08022830475248731,3.6146519677920484e-05,23.261804485237644,49.138525598133015,nan,nan,nan
581.58,233.78042602539062,-190.88575744628906,-78.63542938232422,232.0991233205636,-190.32060150043392,-78.64510607535915,1.7737738488269033,0.3197312791256981,0.0802504362862059,3.541937206613236e-05,24.42134913766951,50.316989440605255,nan,3.851573949412189,nan
581.59,233.7778778076172,-190.8770751953125,-78.63627624511719,232.0961306152029,-190.31156409036225,-78.64612375551904,1.7743092747535638,0.31977975202901826,0.08027263521263336,3.6128807608422964e-05,24.397437294004447,50.2544181816138,nan,nan,nan
581.6,233.77537536621094,-190.86839294433594,-78.6371078491211,232.09943550521794,-190.29129586298401,-78.64907929577144,1.7725571286999573,0.31971750705898094,0.08026173071466096,3.538154050802142e-05,24.25067282568183,52.14142045483684,16.708216538993373,2.628813711438183,nan
581.61,233.77293395996094,-190.85971069335938,-78.6379165649414,232.0965659164994,-190.2822109176173,-78.65008441288927,1.7730944319592465,0.3197657774181487,0.0802839176992154,3.609000689623512e-05,24.239808787758417,52.08952097999838,nan,nan,nan
581.62,233.77052307128906,-190.85104370117188,-78.63871765136719,232.09372084587906,-190.27312269346902,-78.6521271730112,1.7736510957781224,0.3198141321370938,0.08030617207531766,3.536620036375468e-05,25.156869321135133,54.087256636634905,nan,0.766545190971487,nan
581.63,233.76817321777344,-190.8423614501953,-78.63949584960938,232.09094874789054,-190.2640379618827,-78.65311238407276,1.7741830202994369,0.319862572974319,0.08032849401780666,3.607461190660088e-05,25.149787512600643,52.85222166902319,nan,nan,nan
581.64,233.765869140625,-190.83367919921875,-78.64026641845703,232.08826074575157,-190.25495875936258,-78.652462860177,1.774665046494058,0.3199110985171052,0.08035088363947603,3.535194489567262e-05,24.15587886989279,51.53781357842288,nan,1.8158492174989758,nan
581.65,233.76361083984375,-190.8249969482422,-78.6410140991211,232.07307918611608,-190.24572616223412,-78.65335475909087,1.7870658095509857,0.3198487781448377,0.08033992319511846,3.6038130790796484e-05,24.844285380940047,51.878593856789934,3.8024933946939883,nan,nan
581.66,233.7613983154297,-190.81631469726562,-78.6417465209961,232.07039196512613,-190.23664887474072,-78.6555977589155,1.787653993188367,0.31989710090252876,0.08036230008420801,3.531741828259935e-05,25.98918695532828,52.94955950908255,nan,1.2042025801279834,nan
581.67,233.7592315673828,-190.80763244628906,-78.64247131347656,232.06777832142205,-190.22757630550666,-78.65652205421897,1.7882048632765688,0.3199455095999809,0.08038474470998014,3.60249243374868e-05,25.97585072100858,52.61330731541676,nan,nan,nan
581.6800000000001,233.75711059570312,-190.7989501953125,-78.64317321777344,232.06521219588407,-190.21850442772762,-78.65725880028572,1.7887526067212811,0.3199940030414158,0.08040725717974755,3.530523860683121e-05,26.054583444199043,52.8441991980451,nan,0.020976673439555976,nan
581.69,233.75502014160156,-190.79026794433594,-78.64386749267578,232.06268533821543,-190.20943171067972,-78.65815428241565,1.7892936956913987,0.32004258266089575,0.08042983767654047,3.60127709907016e-05,26.041549622469176,52.758592330790876,nan,nan,nan
581.7,233.7529754638672,-190.78158569335938,-78.64454650878906,232.06928276815185,-190.20767161634228,-78.65853585323559,1.7788744090468005,0.3199801850434876,0.08041881752951266,3.527277938273915e-05,26.078332540657016,52.01274447872504,1.6779518651539622,0.1969716479286162,nan
581.71,233.7509765625,-190.7729034423828,-78.64521026611328,232.06685168193178,-190.1986160556708,-78.65940112985122,1.7794055177218735,0.3200285615251113,0.08044138448995133,3.5979486749718665e-05,26.066760440051375,51.92637253615236,nan,nan,nan
581.72,233.7490234375,-190.76422119140625,-78.64586639404297,232.06418062942586,-190.18992133004187,-78.66076758068638,1.7800948469240825,0.31964101108623844,0.07967756263025351,3.5260721571177e-05,31.8855407383018,57.45394505031615,nan,0.18388064230126877,0.0001676285923682147
581.73,233.74710083007812,-190.7555389404297,-78.64649963378906,232.06182919071495,-190.18086598672613,-78.66161328907388,1.780622903575121,0.31968834763532755,0.07969698240532017,3.596746701418154e-05,31.852476726755683,57.814090964462,nan,nan,nan
581.74,233.74520874023438,-190.74685668945312,-78.64712524414062,232.059441034644,-190.17186141502864,-78.66417523018248,1.7812139188895633,0.31973576536356685,0.07971646240256061,3.525149405076312e-05,33.66130773853069,59.573231607142056,nan,2.0780206314207055,nan
581.75,233.7433624267578,-190.73817443847656,-78.64774322509766,232.0577377020496,-190.1628279191832,-78.66485745265004,1.7811926416295802,0.3196738406388074,0.07970571684474924,3.5936237213533704e-05,33.47589058390912,59.12116334797181,1.1296862049631344,nan,nan
581.76,233.74156188964844,-190.7294921875,-78.64834594726562,232.05552892435642,-190.15375273549913,-78.66504062607677,1.7817019360550344,0.319721060310422,0.07972519312882094,3.522193075222364e-05,33.15363467246511,58.73166388955423,nan,0.2873573246257781,nan
581.77,233.7397918701172,-190.72080993652344,-78.64893341064453,232.05332928283994,-190.14469574944803,-78.66584848487537,1.7822316725307228,0.3197683663154412,0.07974473216833428,3.5928025267893625e-05,33.119338890727484,58.84003235573468,nan,nan,nan
581.78,233.73805236816406,-190.71212768554688,-78.6495132446289,232.0512281738561,-190.13559573887545,-78.66513476848345,1.7826971083285639,0.3198157537330527,0.07976433176239349,3.521447405087677e-05,32.00056177993943,57.66019549191745,nan,1.5914715910838115,nan
581.79,233.73634338378906,-190.7034454345703,-78.65007781982422,232.04909957017517,-190.12653832059937,-78.66590607078658,1.783217327825511,0.31986322763736286,0.07978399435395508,3.592071114118521e-05,31.96033598866316,57.7429390830927,nan,nan,nan
581.8000000000001,233.73468017578125,-190.69476318359375,-78.650634765625,232.0570221752189,-190.12120029700833,-78.66420854934913,1.7730468125020518,0.3198012447228082,0.07977324656101606,3.518665923606695e-05,29.932443997091,55.30009238981767,2.6017808409134275,3.584945039786913,nan
581.8100000000001,233.7330322265625,-190.6860809326172,-78.65117645263672,232.0549791500498,-190.11214583899056,-78.66493281061061,1.7735424597890634,0.3198485202010016,0.07979290491317503,3.589218305934936e-05,29.883585918272203,55.596036539408544,nan,nan,nan
581.82,233.73143005371094,-190.67739868164062,-78.6517105102539,232.05300796961814,-190.1030643363453,-78.66465227857817,1.7740146904475107,0.3198958773027074,0.07981262414403952,3.5180849181541794e-05,29.288427245522485,54.688964368395304,nan,0.6915015426796983,nan
581.83,233.7298583984375,-190.66871643066406,-78.65222930908203,232.05102996770935,-190.09400959036108,-78.66534693778547,1.7745210408149477,0.31994332057535724,0.07983240650178842,3.588655607152313e-05,29.239126764720325,54.75164932928512,nan,nan,nan
581.84,233.7283172607422,-190.6600341796875,-78.65274047851562,232.04902242805713,-190.0849971794228,-78.66763408535438,1.7750832392541014,0.319990845881386,0.07985225007141511,3.517582882386812e-05,30.66717124842978,56.1199631523129,nan,1.7933524068658753,nan
581.85,233.72682189941406,-190.65133666992188,-78.65324401855469,232.04864748024855,-190.07851553131087,-78.66830510174388,1.7733077212395918,0.3199288090285995,0.07984149894589367,3.585968804425267e-05,30.859796936353508,54.536176271843466,0.5184617640666642,nan,nan
581.86,233.725341796875,-190.6426544189453,-78.65373229980469,232.04684661357476,-190.0694100741417,-78.66672403317061,1.7737316438366004,0.31997613580599105,0.07986133783240167,3.515037853850497e-05,29.25358435072972,54.36558632897367,nan,3.586474230384434,nan
581.87,233.72389221191406,-190.63397216796875,-78.65421295166016,232.04499181103262,-190.06036269722978,-78.66737515822793,1.7742343770435338,0.3200235484584749,0.07988123997646304,3.585562176721287e-05,29.20146525594663,54.2448852715784,nan,nan,nan
581.88,233.7224578857422,-190.6252899169922,-78.6546859741211,232.0432187905025,-190.05127809041994,-78.6665614538789,1.7746758980291897,0.3200710433238625,0.07990120364598925,3.514683268305361e-05,28.299586464523312,53.521969080505166,nan,1.4845483663020076,nan
581.89,233.7210693359375,-190.61660766601562,-78.6551513671875,232.04142215297742,-190.04223017014345,-78.6671810493918,1.7751813654508826,0.3201186242423642,0.07992123082030542,3.585230326671e-05,28.242337898582853,53.134500187354284,nan,nan,nan
581.9,233.71971130371094,-190.60791015625,-78.65560150146484,232.017241216666,-190.02480690011205,-78.6648985301655,1.799583351596726,0.3200565289636959,0.07991047105148547,3.512282734725656e-05,27.19966744859849,51.312383725624365,5.214741012177742,5.98933768558367,nan
581.91,233.71836853027344,-190.59922790527344,-78.65605163574219,232.0154605430636,-190.01575164901598,-78.6654732654415,1.8001191409530308,0.32010391100361485,0.07993049298128227,3.5827665193776514e-05,27.135613725798073,52.34459698689209,nan,nan,nan
581.92,233.71705627441406,-190.59054565429688,-78.65648651123047,232.0136820544668,-190.00671388815306,-78.66677359442156,1.8006801738287925,0.3201513754155692,0.07995057674159149,3.512063860438971e-05,27.59097205754979,52.847458172757186,nan,0.3772768390178523,nan
581.9300000000001,233.7157745361328,-190.58184814453125,-78.65691375732422,232.0119548887491,-189.9976581489745,-78.66733975130708,1.8012184884321734,0.32019892561307567,0.07997072414100699,3.5825734077269494e-05,27.534368821026856,51.621912144170224,nan,nan,nan
581.94,233.7145233154297,-190.5731658935547,-78.65733337402344,232.01025344730414,-189.98860225024023,-78.66790577665807,1.8017664144342396,0.32024655856917644,0.07999093369862033,3.511909995405587e-05,27.60407269095984,52.703146956105144,nan,3.959060032322444e-05,nan
581.95,233.71328735351562,-190.56448364257812,-78.6577377319336,231.99658739480913,-189.97326294602922,-78.6684802450332,1.8156861132470998,0.32018440791561137,0.07998016366109795,3.580245135237337e-05,27.67453604805817,53.551188531175505,1.4096663381530476,nan,nan
581.96,233.71206665039062,-190.5557861328125,-78.65814208984375,231.99484245466112,-189.96424931209597,-78.67137969323652,1.8163011817443244,0.3202318418584513,0.08000036748261277,3.509702296966163e-05,29.366599732166453,54.101365711410395,nan,3.8943102715817735,nan
581.97,233.7108917236328,-190.54710388183594,-78.65853881835938,231.99319657505976,-189.95518142045262,-78.67194029579815,1.8168732546105262,0.3202793613369491,0.08002063507906375,3.58017903948034e-05,29.312804900508972,54.84627657316157,nan,nan,nan
581.98,233.70973205566406,-190.5384063720703,-78.65892028808594,231.9915616481296,-189.94612253695595,-78.6729101235679,1.8174447463848138,0.3203269637050934,0.08004096512787676,3.509668212889673e-05,29.796884750493682,54.468220041550104,nan,0.12162438907469045,nan
581.99,233.70858764648438,-190.52972412109375,-78.6593017578125,231.98996294487822,-189.93705389655997,-78.67346114570273,1.8180014709249288,0.3203746518091169,0.0800613592044217,3.5801737691748824e-05,29.742406178467498,55.48826083686872,nan,nan,nan
582.0,233.70736694335938,-190.52102661132812,-78.65977478027344,232.0032486067373,-189.92445844147295,-78.6719345321792,1.8055638305145554,0.3203124423429954,0.08005057393747234,3.507577101322082e-05,26.878292604293303,52.9653232837061,15.190965134903594,3.3532366769825606,nan
582.01,233.7060546875,-190.51234436035156,-78.66033935546875,232.00156845406008,-189.91535714760695,-78.67260478047284,1.806050246481897,0.3203599311007068,0.08007096168277306,3.5780250799555196e-05,26.786729847539707,54.13014821080415,nan,nan,nan
582.02,233.7046661376953,-190.50364685058594,-78.66099548339844,231.99978908410264,-189.90626637328316,-78.6738733424581,1.8065533597940782,0.3204075028610948,0.08009141216601907,3.5076520938327375e-05,27.23208989122132,53.314670714117725,nan,0.17882025338339116,nan
582.03,233.70318603515625,-190.49496459960938,-78.66175079345703,231.9979406019256,-189.89716474936355,-78.6747355508441,1.8070404678457928,0.3204551601323277,0.08011192681664528,3.578131086652158e-05,27.13638986386723,54.34018232629493,nan,nan,nan
582.04,233.70162963867188,-190.48626708984375,-78.66259002685547,231.99604602043115,-189.88803576560068,-78.67437839249395,1.8074941664307427,0.3205029007722006,0.08013250452723358,3.5077793446004594e-05,26.30865135046044,52.36963611250382,nan,1.208789151753198,nan
582.0500000000001,233.69998168945312,-190.47756958007812,-78.66352081298828,231.9314850724658,-189.85278221579838,-78.67525028846893,1.8756537834723988,0.32044063458016014,0.08012170194688308,3.5760904062448476e-05,27.325143549613973,54.953872697367025,37.4350137328424,nan,nan
582.0600000000001,233.69825744628906,-190.46888732910156,-78.66454315185547,231.92926666065904,-189.84366160231212,-78.67701449071167,1.8762705410937346,0.320488175710283,0.08014227278802373,3.505841595977684e-05,27.836716483016076,56.51783263691402,nan,0.2932153482550207,nan
582.07,233.6964569091797,-190.46018981933594,-78.6656494140625,231.92698584522657,-189.83452778604646,-78.67822848742667,1.876869483782504,0.32053580214147587,0.08016290793767657,3.576297173070557e-05,27.749524885442803,55.28309193120038,nan,nan,nan
582.08,233.694580078125,-190.45150756835938,-78.66683959960938,231.9246761942894,-189.82535613922056,-78.6776044616876,1.8774294267653633,0.320583512029826,0.08018360642206696,3.5060636987104414e-05,26.553749935780026,55.2205243609781,nan,2.6102841626721847,nan
582.09,233.692626953125,-190.44281005859375,-78.66812133789062,231.9222384872338,-189.81622211086315,-78.6789742725899,1.8780323646288375,0.3206313074388836,0.08020436947338502,3.576552241449564e-05,26.46758873745118,53.8525671136791,nan,nan,nan
582.1,233.6905975341797,-190.4341278076172,-78.66947937011719,231.88818398009673,-189.7946660282192,-78.67864315266334,1.9125088136171682,0.3205689819153795,0.08019354491775932,3.504217714729433e-05,26.223485795963708,55.75299463618989,9.974205002745485,2.514840186519265,nan
582.11,233.68849182128906,-190.42543029785156,-78.67092895507812,231.8855380062136,-189.78551911318326,-78.68016704835834,1.913168608859707,0.3206165774956527,0.08021430047186427,3.574652503509604e-05,26.141558893414135,54.36211664091323,nan,nan,nan
582.12,233.68630981445312,-190.41673278808594,-78.67245483398438,231.88284123471223,-189.77635350588298,-78.6807570076392,1.913806016626243,0.32066425660603265,0.08023511962709087,3.50452520454676e-05,25.64822488198738,53.93017253666445,nan,0.7298243676370834,nan
582.13,233.68405151367188,-190.40805053710938,-78.67406463623047,231.88004525633713,-189.76720679810293,-78.68243775856351,1.9144684336661932,0.32071202104861785,0.08025600349402061,3.5749945099574914e-05,25.568395039746918,54.93541074006532,nan,nan,nan
582.14,233.6817169189453,-190.39935302734375,-78.6757583618164,231.8771591817883,-189.7580727383226,-78.68490185185968,1.9151377598570973,0.3207598693695314,0.08027695127852517,3.5048736848573125e-05,25.92043624238785,54.074187972330066,nan,0.3463244120211707,nan
582.15,233.67930603027344,-190.3906707763672,-78.67752838134766,231.8986680166638,-189.76702049562996,-78.68670560022568,1.8867155666717783,0.320697485844069,0.0802661022748372,3.573178676581147e-05,26.28520844235197,53.49281412957649,10.908492721359911,nan,nan
582.16,233.6768341064453,-190.38197326660156,-78.67935943603516,231.89566822403322,-189.75793269219906,-78.68949516817226,1.8873476818634718,0.32074513414745215,0.08028704197884892,3.503146449145475e-05,26.789164730653383,52.80331278217879,nan,0.5292823574300681,nan
582.17,233.67428588867188,-190.373291015625,-78.68120574951172,231.89261694828483,-189.74883017769602,-78.69146644574117,1.8879620846653644,0.32079286760736214,0.08030804654059168,3.5735984546216475e-05,26.729300921445265,53.80725534454305,nan,nan,nan
582.1800000000001,233.6716766357422,-190.36459350585938,-78.68304443359375,231.88949572693323,-189.73972777831543,-78.69342557687096,1.8885798202135589,0.3208406849976403,0.08032911527586545,3.5035680147556025e-05,26.788500244776447,52.566003508922655,nan,0.00014040453109691187,nan
582.19,233.6689910888672,-190.3559112548828,-78.68486022949219,231.88630478553478,-189.73062597852956,-78.6953819884404,1.8891963477427398,0.3208885877806423,0.08035024913270684,3.5740556370059046e-05,26.737611743172792,53.602975574152175,nan,nan,nan
582.2,233.66624450683594,-190.3472137451172,-78.68663787841797,231.88696715534502,-189.73412899315593,-78.69621313686068,1.8819650613627699,0.3208261442913022,0.08033937126755694,3.501911114623811e-05,27.420553816690862,51.27330660798599,12.75832492992807,0.8750577349472919,nan
582.21,233.66342163085938,-190.33853149414062,-78.68839263916016,231.88363599142696,-189.72507310854888,-78.69810288404905,1.8825680338406074,0.32087384674884173,0.08036049638441459,3.572347364023793e-05,27.369840359040374,52.1485974627296,nan,nan,nan
582.22,233.6605224609375,-190.329833984375,-78.69010925292969,231.8802213835991,-189.71603079544195,-78.70078732538813,1.8831729346897752,0.3209216331756325,0.08038168592273229,3.50239762454283e-05,27.91551063525257,51.70298167192171,nan,0.4816756813473786,nan
582.23,233.65757751464844,-190.32115173339844,-78.69178771972656,231.87675687683586,-189.7069760164372,-78.70262112603169,1.8837864311158576,0.32096950483719133,0.08040294073185011,3.572870547809337e-05,27.874397154033353,52.57983432090101,nan,nan,nan
582.24,233.65455627441406,-190.3124542236328,-78.69344329833984,231.8732497597853,-189.69790309759674,-78.7032141097631,1.8843623468767794,0.3210174608013158,0.08042426027364351,3.502915461434983e-05,27.24599380080377,50.78533992542616,nan,1.0296870991673825,nan
582.25,233.65147399902344,-190.30377197265625,-78.69506072998047,231.87402913371417,-189.69294216986108,-78.70508803706724,1.8795009561275726,0.3209549580978289,0.08041335075282195,3.571225668591957e-05,27.48381687769442,51.605709117924896,1.2480674312827924,nan,nan
582.26,233.64833068847656,-190.2950897216797,-78.69664001464844,231.87039586783496,-189.6838827609745,-78.7056713025165,1.8800818438102391,0.3210027135257926,0.08043466092805414,3.5013478198511264e-05,26.9282027973001,51.06328752675507,nan,0.9251059013867282,nan
582.27,233.64512634277344,-190.28640747070312,-78.69819641113281,231.8666782034321,-189.67484054857226,-78.70735742090581,1.8806849307290647,0.32105055404104293,0.08045603652419402,3.5718070728851045e-05,26.879190621464417,50.82232152799823,nan,nan,nan
582.28,233.641845703125,-190.2777099609375,-78.69972229003906,231.8628669793805,-189.66582373467466,-78.71077324217899,1.881300660970753,0.3210984788803048,0.08047747709111233,3.501920279646082e-05,27.948958590598007,50.895771408079405,nan,2.1844739078823348,nan
582.29,233.63851928710938,-190.26902770996094,-78.70121002197266,231.85902460040032,-189.65678226180225,-78.7124171776072,1.88190632847499,0.32114648905682536,0.08049898334780357,3.572416670089603e-05,27.909244508697956,51.84498431550377,nan,nan,nan
582.3000000000001,233.63511657714844,-190.26034545898438,-78.70267486572266,231.8648864308624,-189.65261812725262,-78.71431488432238,1.8716791313114107,0.3210839256618685,0.08048803795911107,3.5004049867937645e-05,28.13964000797283,51.68488531185358,1.4280439054214011,0.020676944327908113,nan
582.3100000000001,233.6316680908203,-190.2516632080078,-78.70410919189453,231.86093854582103,-189.6435856109688,-78.7159053983332,1.8722661766000153,0.3211317350025933,0.08050953415875482,3.5708513122135355e-05,28.098096987660707,51.47880608453007,nan,nan,nan
582.32,233.62815856933594,-190.24298095703125,-78.70551300048828,231.8569397778096,-189.63454632250642,-78.71691781651167,1.872842433781845,0.32117962867789107,0.0805310955597371,3.501025244931578e-05,27.84902132926189,51.200532973029404,nan,0.21365470816925733,nan
582.33,233.62457275390625,-190.2342987060547,-78.7068862915039,231.8528731787731,-189.62551490295502,-78.71844767478025,1.87341153221248,0.32122760755732377,0.08055272280318185,3.571509403172374e-05,27.808175513253957,51.27882826789622,nan,nan,nan
582.34,233.62094116210938,-190.22561645507812,-78.70823669433594,231.84876426968142,-189.6164705772027,-78.71889788595858,1.8739752665376932,0.3212756710924314,0.08057441555442525,3.501668774699371e-05,27.244538946896235,50.478472891227085,nan,0.782211473042791,nan
582.35,233.6172637939453,-190.21693420410156,-78.70956420898438,231.83985182063495,-189.59856529315078,-78.72031113146245,1.881937546583373,0.32121304732412975,0.08056343124519293,3.569990462433407e-05,26.53093148010982,50.80635233335653,4.746105630435303,nan,nan
582.36,233.61351013183594,-190.208251953125,-78.71086120605469,231.83562307545466,-189.58949593866691,-78.72087467983884,1.8825094051115268,0.3212609097939386,0.08058511327144835,3.5002183061316405e-05,26.09382071106106,50.51115259776187,nan,0.5421739662242099,nan
582.37,233.60971069335938,-190.19956970214844,-78.71212768554688,231.83132517193405,-189.58043806121452,-78.72228081933659,1.883104388435884,0.321308857343053,0.08060686129325959,3.5706906057231846e-05,26.050629892730452,50.34587768245468,nan,nan,nan
582.38,233.60586547851562,-190.19088745117188,-78.71337127685547,231.8270016034015,-189.57135530123404,-78.72149245625575,1.8836779779324009,0.32135688954418656,0.08062867504434938,3.500901232086179e-05,24.983023844729434,49.08925157823705,nan,3.323266990666259,nan
582.39,233.60194396972656,-190.1822052001953,-78.71459197998047,231.8225927443765,-189.56229883509764,-78.72282842062783,1.884261798051944,0.3214050070857666,0.0806505550643653,3.571411371376576e-05,24.933117888626043,49.11306837006902,nan,nan,nan
582.4,233.59799194335938,-190.17352294921875,-78.71578979492188,231.84283434328674,-189.56833253009998,-78.72575358318187,1.8565917487596395,0.3213423218205813,0.08063952778109387,3.499488426585614e-05,25.899590685028976,48.515511363100856,7.258339362984043,2.0171300443259614,nan
582.41,233.5940704345703,-190.1648406982422,-78.71695709228516,231.8384060392391,-189.5593085395659,-78.72705809509014,1.8571829997290452,0.3213902380029378,0.08066139635526896,3.569949043177711e-05,25.859158249053014,48.374116355425755,nan,nan,nan
582.42,233.59019470214844,-190.1561737060547,-78.71810913085938,231.83400757879122,-189.5502892692788,-78.72869279593789,1.857794707964105,0.3214382388248408,0.08068333087321451,3.500205167088217e-05,26.139248391784257,49.5390137069383,nan,0.08787972692981055,nan
582.4300000000001,233.58636474609375,-190.14749145507812,-78.71923065185547,231.82966910356998,-189.54126709672744,-78.72995615079367,1.8583870935429905,0.3214863248736432,0.08070533181502897,3.57070406607245e-05,26.100020410098658,48.623803538456215,nan,nan,nan
582.44,233.58261108398438,-190.13880920410156,-78.7203369140625,231.82538872091055,-189.5322521403553,-78.73181998265737,1.8589980542570759,0.3215344958733497,0.08072739900289758,3.5009386511886586e-05,26.5851432442945,48.884943505412245,nan,0.27319450967955805,nan
582.45,233.5789337158203,-190.13014221191406,-78.72142028808594,231.80562634177724,-189.52762492479158,-78.73291073625484,1.8729063389598768,0.32147174911857507,0.08071632549159465,3.569274488945537e-05,27.9689782264826,50.014414417726904,14.800658279755213,nan,nan
582.46,233.57533264160156,-190.1214599609375,-78.72248077392578,231.80145700799602,-189.5186377696784,-78.73420140262317,1.873543896179361,0.32151971851361505,0.08073838052634297,3.49957098130309e-05,28.137458940348775,49.10378221555933,nan,0.005418076365098574,nan
582.47,233.57179260253906,-190.11279296875,-78.72351837158203,231.79735989988043,-189.509650196748,-78.7353850629424,1.8741754021559742,0.3215677730283461,0.08076050213978811,3.5700585647766855e-05,28.096534595847842,50.111845520930146,nan,nan,nan
582.48,233.56832885742188,-190.10411071777344,-78.72453308105469,231.79332451436073,-189.50067099388505,-78.73738186921533,1.8748186604601529,0.32161591247017884,0.08078269020552044,3.500331653585345e-05,28.81096927745,49.7548499735854,nan,0.48979250341019237,nan
582.49,233.56492614746094,-190.09544372558594,-78.72553253173828,231.78936757453602,-189.49168424634573,-78.73853480699003,1.8754473636498885,0.3216641373016573,0.08080494512722672,3.570857215824163e-05,28.76943992350213,50.6808666256941,nan,nan,nan
582.5,233.5615997314453,-190.08676147460938,-78.72650909423828,231.7847598212397,-189.4854021922163,-78.73904797682128,1.8758865308424773,0.3216013281827527,0.08079382145641668,3.498989991378665e-05,28.857293327513908,49.29653495793377,0.938772066068586,0.22844006412043946,nan
582.51,233.55833435058594,-190.07809448242188,-78.72747039794922,231.78093409723596,-189.4764269661847,-78.74015660255405,1.8765170930452137,0.3216493511190537,0.08081606347436697,3.5694660564509546e-05,28.81396412894848,50.209973975195005,nan,nan,nan
582.52,233.5551300048828,-190.0694122314453,-78.72840881347656,231.77716620622323,-189.4674593877357,-78.7420919442524,1.8771493609891443,0.3216974589516593,0.0808383721444322,3.4997733960455256e-05,29.597799389585756,50.027644105450925,nan,0.5042884131203281,nan
582.53,233.552001953125,-190.0607452392578,-78.72932434082031,231.7734707795297,-189.4584846913757,-78.74317287299017,1.8777866451833087,0.3217456520752642,0.08086074782637015,3.5702877168568796e-05,29.561960886204606,50.89154014578722,nan,nan,nan
582.54,233.54891967773438,-190.05206298828125,-78.73023223876953,231.76985293710635,-189.4494968952374,-78.74263468241789,1.8783817995028111,0.3217939303989742,0.08088319045915383,3.5005684061310026e-05,28.52759037168383,48.88591750475715,nan,1.8109316095014019,nan
582.5500000000001,233.54591369628906,-190.04339599609375,-78.73110961914062,231.78448899375007,-189.45835619290702,-78.74353235054187,1.8560826701100361,0.3217310587083504,0.08087201322402322,3.5689186228753315e-05,29.235656600831568,48.63212858477603,11.912766755004329,nan,nan
582.5600000000001,233.54296875,-190.03472900390625,-78.73197937011719,231.7810186126619,-189.44941310368924,-78.74248410118386,1.8566564945857238,0.3217791348780388,0.0808944422084895,3.4992564700275486e-05,28.00773030203915,47.30193540364868,nan,2.9954098497483006,nan
582.57,233.54006958007812,-190.0260467529297,-78.73282623291016,231.7775905717959,-189.440486433968,-78.74345797352267,1.857236165835248,0.3218272962447179,0.08091693836008526,3.569759188265101e-05,27.964326686740083,46.42347231409538,nan,nan,nan
582.58,233.5372314453125,-190.0173797607422,-78.73365783691406,231.77424172209157,-189.43153960190432,-78.74170530475003,1.8577960645959897,0.32187554277188635,0.08093950165493462,3.5000691672015084e-05,26.590584366321544,45.9332255769042,nan,5.187204931654889,nan
582.59,233.53445434570312,-190.00869750976562,-78.7344741821289,231.77092912705496,-189.42261313638636,-78.74262028796316,1.858381674621148,0.3219238747727523,0.08096213239747274,3.5706096419514564e-05,26.54324890259433,44.89530146171423,nan,nan,nan
582.6,233.53173828125,-190.00003051757812,-78.73527526855469,231.7868210463803,-189.4210091222457,-78.74344063541348,1.838496289366377,0.32186093980330255,0.08095089775822091,3.498774264052983e-05,26.149566556493454,45.031374559997076,3.9037699387343276,0.024406915348658437,nan
582.61,233.52906799316406,-189.99136352539062,-78.7360610961914,231.7836524698533,-189.41209022001408,-78.74432544488131,1.8390489963008847,0.32190906936108393,0.08097351407260824,3.569264944880237e-05,26.10006803844435,45.034140289577834,nan,nan,nan
582.62,233.5264434814453,-189.98268127441406,-78.73682403564453,231.7805369026479,-189.40317194611922,-78.74527786827714,1.8395902562133302,0.3219572840343037,0.08099619771682785,3.49960117651489e-05,26.172636009308814,44.27990320205238,nan,0.004794981178073279,nan
582.63,233.5238800048828,-189.97401428222656,-78.73757934570312,231.77747463709093,-189.39425312301006,-78.74613418681287,1.8401434443256772,0.3220055840934392,0.0810189489642915,3.5701297922370214e-05,26.1234698496441,45.01721731606899,nan,nan,nan
582.64,233.52137756347656,-189.96533203125,-78.73831939697266,231.7744614939975,-189.3853367139249,-78.74739330026935,1.8407043917055914,0.3220539695661371,0.08104176783739094,3.500435775702311e-05,26.37117857198109,44.25591854042343,nan,0.12276137474197268,nan
582.65,233.51890563964844,-189.9566650390625,-78.7390365600586,231.75326894855718,-189.37242321810177,-78.74826346631122,1.8598108952488135,0.3219909709695338,0.08103047228195621,3.568799066596116e-05,27.119357261847448,46.15126438837016,4.387591522816816,nan,nan
582.66,233.51649475097656,-189.947998046875,-78.73974609375,231.75032959149564,-189.3635016213684,-78.74816116376893,1.8603887377098538,0.3220391537290989,0.08105327594710601,3.499158915119297e-05,26.701687927134437,45.56273607922302,nan,0.6003775762469281,nan
582.67,233.51412963867188,-189.93931579589844,-78.74044036865234,231.74743366623113,-189.3545855646126,-78.74895823366413,1.8609665919737255,0.32208742179000077,0.08107614736990798,3.569675148665077e-05,26.65630374813468,44.60291008197359,nan,nan,nan
582.6800000000001,233.51181030273438,-189.93064880371094,-78.74111938476562,231.7445910597365,-189.34566333656866,-78.74866969246271,1.8615393782394032,0.32213577521271536,0.08109908659831602,3.5000040448317856e-05,26.19679660685729,45.0949305799822,nan,0.81242293066539,nan
582.69,233.50953674316406,-189.92196655273438,-78.74179077148438,231.74178968428075,-189.33674712688244,-78.74943026324193,1.8621143365592223,0.3221842142184739,0.08112209386760495,3.570557605575984e-05,26.148556202691353,44.07032341697956,nan,nan,nan
582.7,233.50730895996094,-189.91329956054688,-78.74243927001953,231.7167150844061,-189.30414993953175,-78.75044187434898,1.8913893648938065,0.3221211513935709,0.08111073362389096,3.498737536463679e-05,25.22392616498039,46.642265374251636,19.518691683727525,0.044267797983422535,nan
582.71,233.505126953125,-189.9046173095703,-78.74308013916016,231.71397871043482,-189.2951699048199,-78.75118016848671,1.892010511842959,0.32216938739696127,0.08113372487682208,3.569240830915999e-05,25.178429946333267,45.56364188440687,nan,nan,nan
582.72,233.50299072265625,-189.8959503173828,-78.74371337890625,231.73036119478164,-189.30730875133648,-78.7509219726121,1.8678239478584893,0.318419740581765,0.07649696455905067,3.4994119425385214e-05,29.927233420725177,51.24768970760764,nan,0.6666682006235384,0.09575972585578629
582.73,233.5009002685547,-189.88726806640625,-78.74432373046875,231.7277049192094,-189.29834692295105,-78.75162679128704,1.868449409228316,0.3184709725501887,0.07651181597414751,3.569948627566706e-05,29.86090157191897,50.26597820513886,nan,nan,nan
582.74,233.49884033203125,-189.87860107421875,-78.74492645263672,231.72507315419963,-189.28936266469373,-78.75206266067961,1.869091445028184,0.31852228230311763,0.0765267179228164,3.5002758356693456e-05,29.743545509773128,51.20587246822968,nan,0.04673343067434389,nan
582.75,233.496826171875,-189.8699188232422,-78.74552154541016,231.73360309878467,-189.2866407266246,-78.75269915314502,1.8572077055420437,0.31845713838960976,0.07651589244253408,3.56864626886602e-05,29.709685113433803,49.56553558696131,1.6048341575208271,nan,nan
582.76,233.49485778808594,-189.8612518310547,-78.74610137939453,231.73109390981048,-189.27769601002225,-78.75342798470173,1.8578089497349934,0.31850823212865637,0.07653081417486933,3.4990248956120275e-05,29.723052527635055,50.57200456061796,nan,0.002629760495457776,nan
582.77,233.492919921875,-189.85256958007812,-78.74666595458984,231.72862010783163,-189.26874585344723,-78.75408568500492,1.8584022788433312,0.3185594168525631,0.0765458069607141,3.569548594560345e-05,29.655744918959158,49.623013488687995,nan,nan,nan
582.78,233.49102783203125,-189.84388732910156,-78.74722290039062,231.72606166419422,-189.2596444939583,-78.7529022202123,1.8591604338246923,0.31861067965308176,0.07656085130568135,3.499893979960434e-05,28.960390852872784,48.865719642975506,nan,2.366635930427979,nan
582.79,233.48916625976562,-189.83522033691406,-78.74776458740234,231.72366485951093,-189.25069378506143,-78.75352101490826,1.859757946771471,0.31866203354805367,0.07657596661512624,3.5704546790506084e-05,28.889617774779463,49.886761449546036,nan,nan,nan
582.8000000000001,233.4873504638672,-189.8265380859375,-78.74829864501953,231.69200072848534,-189.2215537429268,-78.7541768494172,1.8945504165660778,0.31859677699214267,0.0765652191812167,3.4986484416825636e-05,28.393158031378047,50.78672025103968,17.873570832999633,0.0007074179154333613,nan
582.8100000000001,233.48556518554688,-189.81785583496094,-78.74882507324219,231.6896288697913,-189.21254999618577,-78.75477655140524,1.8952091781113023,0.31864791437718304,0.07658035345647153,3.569158525814658e-05,28.323529893693664,50.739481722364204,nan,nan,nan
582.82,233.48382568359375,-189.80918884277344,-78.74933624267578,231.68707331731872,-189.20328044083837,-78.75201398554863,1.8961675104160283,0.3186991301330233,0.07659554028301918,3.4995207317543185e-05,27.460513460794882,50.899235624934526,nan,7.939248588193685,nan
582.83,233.4821014404297,-189.80050659179688,-78.74983978271484,231.6847727343734,-189.19427577099327,-78.75256117723761,1.8968167259106212,0.3187504365678778,0.07661079755020767,3.5700679182110265e-05,27.388257185452947,49.92406783564312,nan,nan,nan
582.84,233.4804229736328,-189.7918243408203,-78.75033569335938,231.68253507224927,-189.18530486280136,-78.7535394545901,1.897439603055586,0.3188018218423246,0.07662610801530707,3.500395697007286e-05,27.400318722729644,49.87168198347632,nan,0.1368521860112568,nan
582.85,233.47877502441406,-189.78314208984375,-78.75081634521484,231.7134306517928,-189.18395570273665,-78.75408706379827,1.8642627974725148,0.3187364653335135,0.07661545324857569,3.5687754842138725e-05,25.927258332169163,48.935518312389235,14.493833567929219,nan,nan
582.86,233.4771728515625,-189.77447509765625,-78.75128936767578,231.71133764620055,-189.17499865481668,-78.75543140902428,1.8648225477298934,0.31878763394953374,0.07663078261475796,3.499153381874989e-05,26.042262379103835,49.997571018494845,nan,0.47401545994322436,nan
582.87,233.4755859375,-189.7657928466797,-78.75175476074219,231.70922489086612,-189.16597897377312,-78.75595633787913,1.865429088024289,0.3188388928284785,0.07664618192617073,3.5696864245435246e-05,25.971948895180294,49.04084383612068,nan,nan,nan
582.88,233.47402954101562,-189.75711059570312,-78.75221252441406,231.70711264009776,-189.1569218632884,-78.75597379106708,1.8660750243207296,0.31889023083896545,0.0766616353761271,3.500029883983615e-05,25.807256767267166,48.87518971427827,nan,0.17594724870436407,nan
582.89,233.47251892089844,-189.74842834472656,-78.75265502929688,231.70506279256477,-189.1479014692946,-78.75647716117246,1.866694485552571,0.3189416592226627,0.07667715871917449,3.5705993543937183e-05,25.739114312876577,48.75345911110544,nan,nan,nan
582.9,233.4710235595703,-189.73974609375,-78.75308990478516,231.7021985333943,-189.13232594834366,-78.75809371293705,1.870220907905819,0.31887619130066824,0.07666657597268474,3.498789666244464e-05,25.244238096100084,49.755076951502254,6.606348100341312,1.1389804685224616,nan
582.91,233.46957397460938,-189.73106384277344,-78.7535171508789,231.70020706754352,-189.12327513778558,-78.75859104036152,1.8708533096117124,0.31892740252808877,0.07668211739024837,3.569307947587635e-05,25.177336583488817,49.532476559239235,nan,nan,nan
582.92,233.4681396484375,-189.72238159179688,-78.75393676757812,231.69824762743553,-189.1142270197322,-78.75912248659408,1.8714691130796959,0.3189786931741409,0.07669771384866049,3.4996662730484e-05,25.1512208683827,49.635849901938016,nan,0.001231803700929329,nan
582.9300000000001,233.46673583984375,-189.7136993408203,-78.75434875488281,231.6963146115324,-189.10517562776494,-78.75960497712849,1.872089758232365,0.31903007378188514,0.07671337975155153,3.570221095053517e-05,25.083811459872077,49.54639386769956,nan,nan,nan
582.94,233.46536254882812,-189.70501708984375,-78.75475311279297,231.6944299340099,-189.09614748177725,-78.7604185960472,1.8726870062972374,0.31908153427151803,0.0767291013013934,3.500544179415981e-05,25.154520880568448,49.58712884282243,nan,0.08089389402213164,nan
582.95,233.46401977539062,-189.6963348388672,-78.7551498413086,231.66744720420402,-189.0781632698955,-78.76087621899448,1.8999583899723587,0.3190159658571389,0.07671860150559681,3.568930644671974e-05,25.777367146824545,50.60294057904957,5.593785972903314,nan,nan
582.96,233.46270751953125,-189.68765258789062,-78.75553894042969,231.66545070419693,-189.0689847842708,-78.75955242037261,1.9007624837213846,0.3190672090362621,0.07673434097074203,3.499303180467886e-05,25.248066186823262,50.04206743621927,nan,2.257490192469037,nan
582.97,233.46141052246094,-189.67897033691406,-78.75591278076172,231.66358559731555,-189.0599270240049,-78.7599915396269,1.9014220260124939,0.31911854177104754,0.0767501494638906,3.569842756808926e-05,25.18235758081481,50.140669913888125,nan,nan,nan
582.98,233.4600372314453,-189.6702880859375,-78.75638580322266,231.6616256940658,-189.05079297040325,-78.759327157245,1.9021216857798564,0.31916995466369164,0.07676601444951205,3.50018025444595e-05,24.88931009880918,49.75748527915573,nan,0.9304806083289897,nan
582.99,233.4585723876953,-189.66160583496094,-78.7569580078125,231.6596479139434,-189.04173441497,-78.75989466078293,1.9027292144485235,0.3192214572305985,0.07678194845296618,3.570755724830763e-05,24.809204636502706,49.699526404236,nan,nan,nan
583.0,233.45703125,-189.65292358398438,-78.75761413574219,231.63152904244674,-189.01758238683075,-78.7597166663424,1.932904852085931,0.31915577860695044,0.07677151420054602,3.4989392642943075e-05,24.641623207974327,51.325040779125274,8.924617117422077,0.3975388594309592,nan
583.01,233.45541381835938,-189.6442413330078,-78.75836944580078,231.62934287611776,-189.0084912396395,-78.76046213868847,1.9335763875990268,0.3192070633719917,0.07678746529047889,3.569463022830601e-05,24.56549824636155,51.12514743490621,nan,nan,nan
583.02,233.45370483398438,-189.63555908203125,-78.75920867919922,231.62710644617542,-188.99943480868058,-78.76185244548398,1.934198219157585,0.31925842856103553,0.0768034736780867,3.4998144991903947e-05,24.569626657374616,51.25951389715427,nan,0.21572488463123585,nan
583.03,233.45191955566406,-189.62686157226562,-78.76013946533203,231.62475945872288,-188.99034338399218,-78.76278676488009,1.9348582459839074,0.319309883030607,0.07681955071742827,3.5703742900768063e-05,24.495683061294123,50.06490711461828,nan,nan,nan
583.04,233.45005798339844,-189.61817932128906,-78.76116180419922,231.62237845608374,-188.98130247516997,-78.76463809359663,1.9354680716239845,0.31936141837574405,0.07683568561706768,3.500690192429701e-05,24.57278476412307,51.17517397440503,nan,0.48272972561664734,nan
583.0500000000001,233.4481201171875,-189.6094970703125,-78.76226806640625,231.64612335106938,-188.98119332052536,-78.76585306441598,1.9083948226998202,0.31929563876043243,0.07682532458980358,3.569080883824599e-05,23.845226927102992,50.101546279793936,6.577472991505012,nan,nan
583.0600000000001,233.44610595703125,-189.60081481933594,-78.76346588134766,231.64360679325912,-188.9721303164245,-78.7674773156319,1.9089954246161032,0.31934695613802005,0.07684147632196492,3.499446007866361e-05,23.87365899939574,50.0496037538333,nan,0.12050690507709487,nan
583.07,233.44400024414062,-189.59213256835938,-78.76473999023438,231.640991680737,-188.96304263681463,-78.76877959468983,1.909609996853276,0.3193983624121278,0.07685769637292192,3.569989580080262e-05,23.798964400666268,50.20282792299982,nan,nan,nan
583.08,233.44183349609375,-189.58343505859375,-78.76610565185547,231.63832742934474,-188.9539842468406,-78.77067053993298,1.9101998051042548,0.3194498498107609,0.07687397503130065,3.500319477876225e-05,23.868270174508808,48.9536599137715,nan,0.1784975935452129,nan
583.09,233.43959045410156,-189.5747528076172,-78.7675552368164,231.63556226823744,-188.94489654530554,-78.77214865042052,1.9108264458118507,0.31950142623807115,0.07689032204198801,3.570898480116394e-05,23.79341242342564,49.95972576003354,nan,nan,nan
583.1,233.43727111816406,-189.56607055664062,-78.76908111572266,231.6438773811819,-188.95186121902475,-78.77378471820363,1.8956625042811934,0.319435537563879,0.07688001964429428,3.4990741274554294e-05,24.90927949060649,48.60103790088397,18.244468123470284,0.00019994984293437998,nan
583.11,233.4348907470703,-189.55738830566406,-78.77069091796875,231.6409845035598,-188.94283056476993,-78.77543148919493,1.8962603461588468,0.31948689554465537,0.0768963826594051,3.569600972680486e-05,24.837070816233453,48.394400826942416,nan,nan,nan
583.12,233.43243408203125,-189.5487060546875,-78.77238464355469,231.63799755531193,-188.933776088988,-78.77672628650797,1.896881693992336,0.31953833488588074,0.07691280498906088,3.4999446824009895e-05,24.676643963232735,48.17953999311037,nan,0.13303818250193855,nan
583.13,233.42990112304688,-189.54000854492188,-78.77415466308594,231.63496103067337,-188.92474576558863,-78.7785318820415,1.8974660426180172,0.31958986288912,0.0769292953884895,3.570507128805209e-05,24.607012910080652,47.15468656982499,nan,nan,nan
583.14,233.4272918701172,-189.5313262939453,-78.77599334716797,231.63190704619726,-188.91577353752584,-78.78148909435747,1.897983684106581,0.3196414726887145,0.07694584562154282,3.50081525143396e-05,24.863634363325218,48.387075961202854,nan,0.8213528384949372,nan
583.15,233.42462158203125,-189.52264404296875,-78.77783966064453,231.66048694351508,-188.91323346472439,-78.78341006338549,1.866435990082542,0.3195754825930165,0.07693560674877938,3.5692080683964585e-05,23.50712309737403,47.51205876487036,13.122525473527023,nan,nan
583.16,233.42189025878906,-189.5139617919922,-78.77967834472656,231.65729868843965,-188.90419548899172,-78.78544901009826,1.8669846424118997,0.3196268737653502,0.07695217264006586,3.499565466982336e-05,23.521146048975822,47.34178425642497,nan,0.00827281729526083,nan
583.17,233.41908264160156,-189.50527954101562,-78.78148651123047,231.65403682648707,-188.89515194256361,-78.78736399941354,1.8675323185191026,0.31967835324535454,0.07696880635072613,3.570110887521945e-05,23.46883072603465,47.46995313079205,nan,nan,nan
583.1800000000001,233.41619873046875,-189.49659729003906,-78.78327178955078,231.6507235272005,-188.88612597049038,-78.78959875052632,1.8680519146377381,0.3197299147368161,0.07698550054576198,3.50043313763476e-05,23.576247844442456,47.512437789263466,nan,0.0842176756889068,nan
583.19,233.41326904296875,-189.4879150390625,-78.78501892089844,231.64732713710197,-188.877082873677,-78.79146142939014,1.8686113172839327,0.3197815646848424,0.07700226263649632,3.571013608436699e-05,23.52811000827896,47.2831500240742,nan,nan,nan
583.2,233.41026306152344,-189.47923278808594,-78.7867431640625,231.67595855638638,-188.88688154459305,-78.79394364592221,1.8326876327255786,0.31971546660949157,0.07699207506976126,3.499181671305719e-05,23.851387420086485,45.75623629530028,13.129895455093461,0.3228009425684614,nan
583.21,233.4071807861328,-189.47055053710938,-78.78842163085938,231.67248469476678,-188.87787944737676,-78.79574825245567,1.8331620848657808,0.3197668974673969,0.07700885199167606,3.569709628416488e-05,23.805311949671186,46.031246542111454,nan,nan,nan
583.22,233.404052734375,-189.4618682861328,-78.79007720947266,231.66891985029937,-188.8688493980558,-78.7969278061667,1.8336860302930154,0.31981841053708726,0.07702569001072827,3.500045974252031e-05,23.575842388840137,45.3345327757122,nan,0.2480453980668246,nan
583.23,233.40086364746094,-189.45318603515625,-78.79169464111328,231.6653183636364,-188.85984809901083,-78.79866223724228,1.8341798946860985,0.31987001172914,0.07704259572288129,3.5706091879056406e-05,23.528533933409868,45.29996811967411,nan,nan,nan
583.24,233.39759826660156,-189.4445037841797,-78.79328155517578,231.66162797475693,-188.85081976277164,-78.79977103839343,1.8346922588910717,0.3199216955511036,0.0770595630097889,3.500910128843539e-05,23.30525307336478,45.16017544457581,nan,0.24925555943558103,nan
583.25,233.39427185058594,-189.43582153320312,-78.79483032226562,231.69648296139863,-188.8588521991076,-78.80143729164361,1.7931604436800632,0.31985549571241195,0.07704942931347457,3.569303376929408e-05,22.735076099191936,43.775956520187606,12.993702042681418,nan,nan
583.26,233.39089965820312,-189.42713928222656,-78.79635620117188,231.69275727796156,-188.84987395817848,-78.80302288511855,1.7935906006097566,0.31990696024665555,0.07706641099763809,3.499653814965509e-05,22.71666254427518,43.3487475866519,nan,0.0017838335203218245,nan
583.27,233.387451171875,-189.41845703125,-78.7978515625,231.68897332696534,-188.8408983311268,-78.8046285070946,1.7940030570528611,0.31995851258262037,0.07708346020196498,3.570199372370698e-05,22.667064604151737,43.487959872981186,nan,nan,nan
583.28,233.3839569091797,-189.40977478027344,-78.79930877685547,231.6851336178995,-188.83192750423862,-78.8063056694378,1.794423864621367,0.3200101477263452,0.07710057154126006,3.50051489441937e-05,22.71440883151889,43.42805907908341,nan,0.00714733484873543,nan
583.29,233.38038635253906,-189.40109252929688,-78.80074310302734,231.68123022575233,-188.8229527890928,-78.80785475507624,1.794833607328266,0.32006187083891474,0.07711775051712629,3.5710952094976117e-05,22.666652743972804,43.45980695557237,nan,nan,nan
583.3000000000001,233.37677001953125,-189.39242553710938,-78.80215454101562,231.6747740717335,-188.80882509500307,-78.80950497400296,1.7992870007899526,0.31999556401978435,0.0771076604303329,3.4992568326328096e-05,22.377272211008307,44.65162794318373,2.209751075843575,0.002097803764646376,nan
583.3100000000001,233.3730926513672,-189.3837432861328,-78.80352783203125,231.67075004817016,-188.79983213148563,-78.81100090430111,1.7997162059586447,0.32004706739988553,0.07712485297586276,3.569784365972111e-05,22.333734290579585,43.73479148682551,nan,nan,nan
583.32,233.36935424804688,-189.37506103515625,-78.80487823486328,231.66660681150688,-188.79077663328854,-78.8109212665277,1.800214879713286,0.3200986537502526,0.07714210818173174,3.500114515639983e-05,21.7488396117502,43.05854649870915,nan,1.693812465967736,nan
583.33,233.36557006835938,-189.36639404296875,-78.80619812011719,231.66246927247877,-188.7817849127294,-78.8123489756789,1.8006548778465288,0.32015032776996316,0.07715943089464883,3.5706770468253345e-05,21.700656972513993,43.87759663983815,nan,nan,nan
583.34,233.36172485351562,-189.3577117919922,-78.8074951171875,231.65829050741496,-188.7728086368709,-78.81412575405274,1.8010675272436252,0.3202020851596194,0.07717681670759978,3.500972076456082e-05,21.83417061745259,42.93470108451427,nan,0.09899778455966876,nan
583.35,233.3578338623047,-189.34902954101562,-78.80876922607422,231.62839308453312,-188.75491465330083,-78.81556173041889,1.8286563487267846,0.32013567633303985,0.07716677089256153,3.5693644713340574e-05,22.458227960583557,43.520462204021165,5.83300662771677,nan,nan
583.36,233.35386657714844,-189.34036254882812,-78.81001281738281,231.62408414190543,-188.74595587816847,-78.81787774849464,1.829078571451025,0.32018721377531634,0.07718416975931337,3.499709300289021e-05,22.869098654380707,45.262878353742,nan,0.6488159611460298,nan
583.37,233.34986877441406,-189.33168029785156,-78.81123352050781,231.61968479016164,-188.73696120487298,-78.8192207988153,1.8295603885992953,0.32023883860118846,0.07720163602984628,3.57025371506198e-05,22.82784060966008,43.80056148799118,nan,nan,nan
583.38,233.34580993652344,-189.32301330566406,-78.81243133544922,231.61522426743093,-188.7279592551283,-78.82032575236038,1.8300487433250905,0.32029054693690506,0.07721916587840424,3.500563933972333e-05,22.758972302934314,44.749984524024136,nan,0.03247938116609049,nan
583.39,233.34169006347656,-189.3143310546875,-78.81360626220703,231.61071924610164,-188.7189658489164,-78.82161990375722,1.8305146591320591,0.3203423428417539,0.07723676328329512,3.571142896169435e-05,22.715998419573758,43.71913231251135,nan,nan,nan
583.4,233.3375244140625,-189.3056640625,-78.81475067138672,231.61093263760475,-188.70914005753374,-78.82158611533042,1.8267475945861886,0.3202758279519802,0.07722675305120659,3.499299629149878e-05,21.866886245758796,44.2309175224929,2.2282146564329794,0.90532363479349,nan
583.41,233.33334350585938,-189.2969970703125,-78.81587982177734,231.6063444105018,-188.70013846158227,-78.82282066954903,1.8272422525623253,0.32032740348341165,0.07724436267895014,3.5698256233716465e-05,21.821267989379326,43.83496250415112,nan,nan,nan
583.42,233.3291778564453,-189.288330078125,-78.81697845458984,231.6017690692323,-188.69114934994022,-78.82438224348297,1.8277365117396012,0.32037906264955135,0.07726203633167363,3.500151104411061e-05,21.979129727749545,44.234622175497144,nan,0.08586013072314219,nan
583.4300000000001,233.32505798339844,-189.27964782714844,-78.81806182861328,231.59722321265812,-188.6821488420715,-78.82557729911066,1.828243559935052,0.32043080911985894,0.0772797774754256,3.5707119166978764e-05,21.938208726809723,43.11697652731608,nan,nan,nan
583.44,233.32102966308594,-189.27098083496094,-78.81912231445312,231.59268540939982,-188.67309719562746,-78.82518632820045,1.828845394694475,0.3204826396065338,0.07729758305034204,3.5010025994244875e-05,21.350626728892706,43.20360434622407,nan,1.7289531494569668,nan
583.45,233.3170623779297,-189.26231384277344,-78.82015991210938,231.58225507791957,-188.66462355649747,-78.82643964597617,1.834892226136041,0.32041602256568286,0.0772876075503256,3.569393237689863e-05,21.781128144144645,43.397333964228324,1.7180017597736335,nan,nan
583.46,233.31317138671875,-189.25364685058594,-78.82118225097656,231.57791527232007,-188.65564278263847,-78.82782756042664,1.8354200630856736,0.3204676324473085,0.0773054247568052,3.499734043237044e-05,21.88218622590646,43.34432348018011,nan,0.05058093738591403,nan
583.47,233.30935668945312,-189.24497985839844,-78.82217407226562,231.57364211913412,-188.64665407549808,-78.82893095904322,1.8359587325481856,0.3205193293813167,0.07732330941137028,3.570276431669817e-05,21.84355707783256,43.40076380116245,nan,nan,nan
583.48,233.3056182861328,-189.23631286621094,-78.82315826416016,231.56944815816513,-188.63766942139262,-78.83013083928155,1.8364937528004524,0.32057111043492975,0.07734125890254472,3.500582950064793e-05,21.898406876127773,43.195065594622285,nan,0.009417174894374191,nan
583.49,233.30194091796875,-189.22764587402344,-78.82411193847656,231.5653250346396,-188.62868169647476,-78.83119769323005,1.837020146905861,0.32062297874410456,0.07735927602589399,3.5711597484998344e-05,21.859842557205265,43.43637899253862,nan,nan,nan
583.5,233.29835510253906,-189.21897888183594,-78.8250503540039,231.53935580554895,-188.6033932025057,-78.8323464666936,1.8636194591891717,0.3205562564784807,0.07734932779831703,3.4993132444745785e-05,21.63461153164313,44.59881937974008,10.655888705441097,0.0003716432145358271,nan
583.51,233.29483032226562,-189.21031188964844,-78.82597351074219,231.5353422998754,-188.59436487025218,-78.83337925022909,1.8642005462436608,0.3206079037748475,0.07736735571544387,3.569836959684077e-05,21.59565680023513,44.58696424528842,nan,nan,nan
583.52,233.2913818359375,-189.20164489746094,-78.82687377929688,231.5313816961002,-188.58532006054142,-78.83380677439318,1.864806923853566,0.32065963527994323,0.07738544884767105,3.5001593784162504e-05,21.379104404778467,44.32822221608536,nan,0.2438774721230774,nan
583.53,233.28799438476562,-189.19297790527344,-78.8277587890625,231.52750860127244,-188.57629200251407,-78.83479884168831,1.865385016259301,0.32071145380828836,0.07740360960116317,3.570717800139897e-05,21.340204552021792,44.28917023806003,nan,nan,nan
583.54,233.28468322753906,-189.18431091308594,-78.82862854003906,231.52372192553466,-188.56728069492124,-78.83638935191041,1.8659504890233087,0.320763356910187,0.07742183594723696,3.5010057350822996e-05,21.619625210691648,44.399939627062,nan,0.26723021660556984,nan
583.5500000000001,233.28143310546875,-189.17564392089844,-78.82947540283203,231.52670860060826,-188.55760897132274,-78.83747821951096,1.8604003149671122,0.3206965324479219,0.07741191296995802,3.569394045684031e-05,21.248521075876575,44.597725572220014,2.057417959717421,nan,nan
583.5600000000001,233.2782440185547,-189.16697692871094,-78.83030700683594,231.52303654512593,-188.5485612327675,-78.83807423257159,1.8609813479895465,0.32074821428996475,0.07743014944985564,3.499732409182358e-05,21.125256597239076,44.455602192538834,nan,0.08915855193387758,nan
583.57,233.27513122558594,-189.15830993652344,-78.83112335205078,231.51943869134976,-188.5395226226228,-78.83900622622089,1.8615628257789727,0.3207999829350316,0.07744845355843098,3.5702722290323205e-05,21.090002680631567,44.21918268100562,nan,nan,nan
583.58,233.27206420898438,-189.14964294433594,-78.83192443847656,231.51589820939728,-188.5304790651289,-78.83973186057867,1.8621342280459625,0.32085183622287244,0.07746682360263289,3.500576608499753e-05,21.03829273822025,44.324764639593944,nan,0.02572846010190595,nan
583.59,233.26907348632812,-189.14097595214844,-78.83271026611328,231.5124247121487,-188.52144010191637,-78.84063139367981,1.862713700441059,0.32090377653314645,0.07748526148629771,3.5711507618964506e-05,21.00246392086721,44.06801713747899,nan,nan,nan
583.6,233.26612854003906,-189.13230895996094,-78.8334732055664,231.54561376069833,-188.52735460266135,-78.84090479886515,1.8237862015391515,0.3208368476123537,0.0774753572340177,3.499302581113546e-05,20.190557503591,42.828969510329266,12.19772275947071,0.39737401412574413,nan
583.61,233.2632598876953,-189.12364196777344,-78.834228515625,231.54232052838543,-188.51833373015734,-78.84177049715214,1.82430458598151,0.3208885662721495,0.0774938044031873,3.569823594386832e-05,20.154346133192725,42.364513914108805,nan,nan,nan
583.62,233.26043701171875,-189.114990234375,-78.83496856689453,231.53908750472385,-188.50931477249765,-78.84270439189584,1.8248141640562674,0.3209403696311366,0.07751231782813975,3.5001444539075465e-05,20.217647526022507,43.62051961263676,nan,0.004763115508945081,nan
583.63,233.25765991210938,-189.1063232421875,-78.835693359375,231.53590910940295,-188.50029395893839,-78.84354316353634,1.8253106415624225,0.3209922598098833,0.07753089912604628,3.570700118086561e-05,20.181628518153204,42.64760921677233,nan,nan,nan
583.64,233.2549591064453,-189.09765625,-78.83639526367188,231.53278017880757,-188.49126781110755,-78.84411833667473,1.8258331915809056,0.3210442350374775,0.07754954703334718,3.500986774082467e-05,20.108972703082063,42.380667561088586,nan,0.04407224092588312,nan
583.65,233.25230407714844,-189.0889892578125,-78.83708953857422,231.51449980321152,-188.47413452697472,-78.84502873396058,1.8433863038903135,0.320977203966558,0.07753965860443722,3.569372460702593e-05,20.240455063772536,43.127029075885,2.882286627429684,nan,nan
583.66,233.24969482421875,-189.080322265625,-78.83777618408203,231.51148638570737,-188.46511978878024,-78.8468644774307,1.8438886247016333,0.32102895728295755,0.07755831507528886,3.499709810235543e-05,20.78398094358541,43.6622514409636,nan,0.7600506731889073,nan
583.67,233.2471466064453,-189.0716552734375,-78.83843994140625,231.50849964004848,-188.456083127795,-78.84766030540275,1.8444260232831295,0.3210807972271287,0.07757703946698387,3.5702467985756346e-05,20.755076595113877,43.63811601863327,nan,nan,nan
583.6800000000001,233.24464416503906,-189.06298828125,-78.83909606933594,231.5055642308509,-188.4470462690742,-78.84844351083338,1.8449582527855852,0.3211327230734777,0.07759583131355816,3.642214371164841e-05,20.722776834118942,43.540148951728696,nan,nan,nan
583.69,233.2421875,-189.0543212890625,-78.83973693847656,231.50267920701967,-188.43800924039448,-78.84921453589368,1.8454862414912563,0.3211847349665048,0.07761469075951191,3.71562697802316e-05,20.691310196981906,43.57599787390999,nan,nan,nan
583.7,233.2397918701172,-189.045654296875,-78.84036254882812,231.47670312700058,-188.43200686273244,-78.85208240125208,1.8668643347804104,0.3211176000775636,0.07760481227570441,3.635026078791552e-05,23.50232528736757,44.84735404226788,16.723941459172014,2.674876146613704,nan
583.71,233.23744201660156,-189.0369873046875,-78.84098052978516,231.47387731909052,-188.42300750971393,-78.85285203704112,1.8674240449419992,0.32116938968434877,0.07762367942272876,3.708209542723124e-05,23.47474490339751,44.74534421375194,nan,nan,nan
583.72,233.23512268066406,-189.0283203125,-78.84158325195312,231.46957295674503,-188.41861473552166,-78.85278174899766,1.867895105343214,0.3211057510447975,0.07655699401184125,3.630062361522899e-05,27.9770065968286,49.46043688636027,nan,0.443270744604147,0.019674557594355505
583.73,233.2328643798828,-189.0196533203125,-78.84217071533203,231.46683713631904,-188.4096231800052,-78.85352083608117,1.8684533235630465,0.32115710881974757,0.0765721197856636,3.7031125130472077e-05,27.928928543483,49.293900476143335,nan,nan,nan
583.74,233.23065185546875,-189.010986328125,-78.8427505493164,231.46414118845243,-188.40059369687665,-78.85358803829922,1.8690255621933516,0.32120855102563267,0.07658730159496295,3.625444634134293e-05,27.61780244249589,48.90493944607947,nan,0.287223824238178,nan
583.75,233.22848510742188,-189.00230407714844,-78.84332275390625,231.45719605572,-188.38783573863364,-78.8544693151848,1.874876126453261,0.32114258100817245,0.0765763747151681,3.696020995215638e-05,27.535612698905265,48.309811752646105,2.0403930062300626,nan,nan
583.76,233.22634887695312,-188.99363708496094,-78.8438720703125,231.4545787296236,-188.37877746527096,-78.8541997164002,1.8754542028978305,0.32119380544186993,0.07659157464862627,3.6187124655647164e-05,27.049215212254268,49.180812414978384,nan,0.6258856501427004,nan
583.77,233.22425842285156,-188.98497009277344,-78.84442138671875,231.4520122310658,-188.36977303943334,-78.85488445362698,1.8760153129723178,0.3212451143166142,0.07660684036108557,3.6914348396735174e-05,26.99571400209944,48.89962112714887,nan,nan,nan
583.78,233.2222137451172,-188.97630310058594,-78.84495544433594,231.44946141673944,-188.36057961615364,-78.85207923673111,1.8766504670471442,0.3212965075885784,0.07662216286825893,3.6143816217698745e-05,25.362914749972365,47.2944793792328,nan,8.008100632424593,nan
583.79,233.22021484375,-188.96763610839844,-78.8454818725586,231.4469781761513,-188.35157422714306,-78.85270970329816,1.8772194230802213,0.321347985576943,0.07663755119337853,3.6869962685499834e-05,25.30510946124836,47.15529255479303,nan,nan,nan
583.8000000000001,233.21824645996094,-188.95896911621094,-78.84599304199219,231.37973506780645,-188.31808130126353,-78.85245933150954,1.9470241763599165,0.32128191833460235,0.07662670339992854,3.6079574986472366e-05,26.542888324579998,49.65875790077301,36.699495998198984,0.4142399405888987,nan
583.8100000000001,233.21632385253906,-188.95028686523438,-78.84649658203125,231.37722511548267,-188.30905620060528,-78.85306132337573,1.9476919740379874,0.3213331782398546,0.0766421091678129,3.680380141262916e-05,26.487927120355767,48.516246838973444,nan,nan,nan
583.82,233.21444702148438,-188.94161987304688,-78.84698486328125,231.37475927697972,-188.30007329437552,-78.85448135954435,1.948355513591341,0.32138452250326066,0.07665757244454417,3.603916155973604e-05,26.80809008212524,49.906850904838585,nan,0.4552382539939907,nan
583.83,233.21258544921875,-188.93295288085938,-78.84747314453125,231.37232596681554,-188.29104766017514,-78.85507338241725,1.9490138630939853,0.3214359514017181,0.07667310129198551,3.676244662458362e-05,26.75050386137031,49.83416421772684,nan,nan,nan
583.84,233.21078491210938,-188.9242706298828,-78.84794616699219,231.3699199434669,-188.28193856363538,-78.85399255156192,1.9497207171467237,0.32148746495728137,0.07668868815878131,3.600017603446373e-05,26.129031642987727,48.15344250895703,nan,1.845945378851234,nan
583.85,233.20899963378906,-188.9156036376953,-78.8484115600586,231.34994379259817,-188.27180785720967,-78.8545399515329,1.96738384277679,0.32142130073029984,0.07667792399342326,3.669949816125312e-05,27.22724814951748,49.637793386751646,8.175407820286967,nan,nan
583.86,233.20726013183594,-188.9069366455078,-78.84886169433594,231.3475841707341,-188.26274013923884,-78.85381780180836,1.968097655603104,0.32147259591091,0.07669352808866564,3.5940484645026955e-05,26.820019016425196,49.29937924713019,nan,1.0819488400055501,nan
583.87,233.20556640625,-188.89825439453125,-78.84931182861328,231.3452667885794,-188.25373361694778,-78.8543466255121,1.9687932977897797,0.3215239756483764,0.07670919754317831,3.666116522999806e-05,26.76368561082811,48.09902838766313,nan,nan,nan
583.88,233.20388793945312,-188.88958740234375,-78.84974670410156,231.3429917080223,-188.24479870364172,-78.85639643666337,1.9694495345325322,0.3215754399971842,0.07672492566960389,3.590439589932974e-05,27.236315038584948,49.75427737214696,nan,1.5672058203932198,nan
583.89,233.20225524902344,-188.8809051513672,-78.85017395019531,231.3407422978199,-188.2357913117591,-78.8569245846011,1.970139057177759,0.32162698918377497,0.07674071924179811,3.662431494535284e-05,27.1845688238496,48.66686548705045,nan,nan,nan
583.9,233.2006378173828,-188.8722381591797,-78.85059356689453,231.33722110365142,-188.22802443464195,-78.85827232298426,1.9716470615177009,0.3215607279509672,0.07673002748643487,3.58477393747617e-05,27.802717890569784,50.0711664056003,0.4465295537927179,0.46044436575166564,nan
583.91,233.19906616210938,-188.86355590820312,-78.85100555419922,231.33503512107873,-188.21902389738213,-78.85879335465175,1.9723320929130128,0.3216120584561806,0.0767458376083767,3.656605642662886e-05,27.75238802990847,48.9771714993313,nan,nan,nan
583.92,233.19752502441406,-188.85488891601562,-78.85140991210938,231.3328828060087,-188.21004388683207,-78.85977652657044,1.9730143726186866,0.3216634735230214,0.0767617070146844,3.581451127676802e-05,27.98234051027097,50.19096755192762,nan,0.14860831952287246,nan
583.9300000000001,233.19601440429688,-188.84620666503906,-78.851806640625,231.33075952653863,-188.20104269885582,-78.86028746235712,1.973698109286089,0.32171497335375165,0.07677764170656377,3.653218353644952e-05,27.932787027596092,49.164390382812535,nan,nan,nan
583.94,233.1945343017578,-188.83753967285156,-78.85218811035156,231.32866660394842,-188.1920398071065,-78.86076605139148,1.9743874805817336,0.3217665580406248,0.07679363614915238,3.5782682095338074e-05,27.95473493555554,50.337364008349006,nan,0.0004346001576314136,nan
583.95,233.19297790527344,-188.828857421875,-78.85267639160156,231.32261847565763,-188.18584747818787,-78.86134348463037,1.9778223636451409,0.32170019996257276,0.07678301907305134,3.6477016442883117e-05,28.56356295850258,49.07880693387382,2.8446966619033667,nan,nan
583.96,233.1913299560547,-188.82017517089844,-78.8532485961914,231.3204117744626,-188.1768692618848,-78.8621272915478,1.9784479184489383,0.321751565672529,0.07679902975747202,3.573041512313812e-05,28.64359208180297,49.35275107601059,nan,0.01329195926210431,nan
583.97,233.18960571289062,-188.81150817871094,-78.85391998291016,231.3181237282627,-188.1678848149479,-78.86286624624596,1.979084608801811,0.32180301607437706,0.07681510559806536,3.6446057882456365e-05,28.565060913540442,50.1402896117396,nan,nan,nan
583.98,233.18780517578125,-188.80282592773438,-78.85467529296875,231.31575571441203,-188.15890001861376,-78.86369810065382,1.979719973457887,0.3218545512929819,0.07683124416654097,3.717607715550276e-05,28.49303175188851,49.22549402128491,nan,nan,nan
583.99,233.1859130859375,-188.7941436767578,-78.85552215576172,231.31330867664585,-188.14991496489534,-78.86462196566083,1.9803435846909794,0.3219061714728438,0.07684744560739906,3.792061744247732e-05,28.42026157729317,49.188786298990266,nan,nan,nan
584.0,233.1839599609375,-188.7854766845703,-78.85646057128906,231.30736611853894,-188.14521741916113,-78.86507259670088,1.9828289243533357,0.3218397165958792,0.0768368936265339,3.706253954373858e-05,28.998160719649476,49.684448175963816,5.815037435995791,0.08932994275435847,nan
584.01,233.18191528320312,-188.77679443359375,-78.85749053955078,231.30475829767343,-188.13625640987695,-78.86616996075054,1.9834522027269315,0.32189111749545024,0.0768531106275187,3.780387729208693e-05,28.924246929374142,48.66927219105965,nan,nan,nan
584.02,233.1798095703125,-188.7681121826172,-78.85860443115234,231.3020682949445,-188.12720479055184,-78.86497584310764,1.9841157167148753,0.321942603138333,0.07686938828827045,3.697564402500376e-05,27.965193815313615,47.73097839351533,nan,3.5766134636849602,nan
584.03,233.1776123046875,-188.75942993164062,-78.85980987548828,231.29930893019565,-188.11824348834267,-78.86622620780729,1.9847379653286674,0.3219941736893909,0.0768857313198276,3.771485709095371e-05,27.893727551896575,47.611247899744754,nan,nan,nan
584.04,233.17535400390625,-188.75076293945312,-78.86109161376953,231.29647268179573,-188.1092434371221,-78.86650511582387,1.9853895336813112,0.3220458292754972,0.0769021354546532,3.689180667487377e-05,27.53059947575912,48.29165748967939,nan,0.7099473412884617,nan
584.0500000000001,233.1730194091797,-188.74208068847656,-78.86246490478516,231.29978108642848,-188.1066162621987,-78.86789952485871,1.9780966573915773,0.3219792777207531,0.0768916493930598,3.76049863594254e-05,27.85311566334879,46.73000181953958,2.2302886398079904,nan,nan
584.0600000000001,233.1706085205078,-188.7333984375,-78.8639144897461,231.2968101474469,-188.09765875918526,-78.86893445004598,1.978714350650654,0.3220307137286861,0.07690806870881622,3.6788008122730306e-05,27.68885423952869,46.707342803112816,nan,0.13596428253183648,nan
584.07,233.1681365966797,-188.72471618652344,-78.8654556274414,231.2937682071872,-188.0887177209599,-78.87051045480837,1.9793373787728827,0.3220822345760524,0.07692455330598956,3.752241020918058e-05,27.621978818917572,46.449225179363886,nan,nan,nan
584.08,233.16558837890625,-188.71604919433594,-78.86707305908203,231.29065367467334,-188.07974381417597,-78.87120853316696,1.9799701472758093,0.3221338403979216,0.076941099510018,3.671029979989269e-05,27.341987132217323,47.19316522246062,nan,0.5915709661103646,nan
584.09,233.1629638671875,-188.70736694335938,-78.86876678466797,231.28747020178278,-188.07080301870067,-78.87294025069754,1.9805826256354002,0.3221855313463438,0.07695771114668297,3.7442939029461575e-05,27.27809767182576,46.309277609797746,nan,nan,nan
584.1,233.1602783203125,-188.6986846923828,-78.87054443359375,231.26772408599362,-188.0587575877807,-78.87405055198583,1.9978189412228915,0.32211888319594234,0.07694728272656051,3.6612827616964376e-05,27.920893862287322,46.740810938197264,3.878777435775381,0.2954900553440851,nan
584.11,233.1575164794922,-188.69000244140625,-78.87239074707031,231.26437546086322,-188.04982566391226,-78.87592878027871,1.998454838253068,0.3221703542646336,0.07696390884123876,3.734289788262813e-05,27.8582976320244,46.590241317970026,nan,nan,nan
584.12,233.15469360351562,-188.68133544921875,-78.8742446899414,231.260958322991,-188.04087634856154,-78.8772987124148,1.999107425670663,0.32222191024512015,0.07698059703144673,3.654107009910471e-05,27.714965670674157,47.43844077960548,nan,0.19374475927261503,nan
584.13,233.1518096923828,-188.6726531982422,-78.87608337402344,231.25747463896258,-188.03194464759895,-78.87921200561959,1.999755617524219,0.32227355128488094,0.07699735060891044,3.726960410811218e-05,27.661486528199866,46.521949642787135,nan,nan,nan
584.14,233.1488494873047,-188.66397094726562,-78.87789916992188,231.25392521007092,-188.02302989612207,-78.8816462947068,2.000389334213489,0.32232527752621315,0.07701416666716744,3.647217626367178e-05,27.72246617645826,46.54076686748512,nan,0.18795864351884656,nan
584.15,233.1458282470703,-188.65528869628906,-78.87969207763672,231.239991999165,-188.01102760616894,-78.88364613692347,2.011790195486949,0.32225853288504563,0.07700379513861466,3.7175895942706874e-05,28.093135020043345,46.9402168750318,1.6850502886390513,nan,nan
584.16,233.1427459716797,-188.64662170410156,-78.8814468383789,231.23629524514158,-188.0021273330528,-78.88650449488019,2.0124494892842657,0.32231003894719085,0.07702062521197638,3.638370782952417e-05,28.313860870979962,48.15464778752041,nan,0.6658416805542977,nan
584.17,233.13958740234375,-188.637939453125,-78.88317108154297,231.23253399804017,-187.99319738037977,-78.88833047121243,2.013100009074427,0.32236163000163975,0.0770375206522628,3.7108563044565586e-05,28.26769258282012,47.11795349355375,nan,nan,nan
584.1800000000001,233.13638305664062,-188.6292724609375,-78.88485717773438,231.22870951662534,-187.9842678335347,-78.89012072240365,2.0137718365167294,0.32241330619253517,0.07705447899663101,3.632047427021169e-05,28.25229763528,48.0472456058387,nan,6.609821817389594e-06,nan
584.19,233.1331024169922,-188.62059020996094,-78.88651275634766,231.22482253055608,-187.97533882870937,-78.89188174855721,2.014425549892822,0.3224650676644577,0.07707150289407919,3.704409158666319e-05,28.208010542158302,47.024614803843384,nan,nan,nan
584.2,233.1297607421875,-188.61190795898438,-78.88813781738281,231.23251790678705,-187.974941110486,-78.89414855889149,2.0013228803913137,0.32239822663229956,0.07706118118479442,3.623776946989253e-05,28.645772406378402,46.46053943362427,2.9370190493318247,0.16762449962599782,nan
584.21,233.12637329101562,-188.60324096679688,-78.88972473144531,231.22852684797127,-187.96603468410004,-78.89585167872217,2.001971655035949,0.322449767624733,0.07707821838763664,3.6959338719683456e-05,28.604596374934136,47.38756045374546,nan,nan,nan
584.22,233.12290954589844,-188.5945587158203,-78.89128112792969,231.22447565703692,-187.9571000500479,-78.89644501008753,2.002606163634067,0.32250139368692743,0.07709531888923989,3.617997175179754e-05,28.267078563236606,46.11970667812705,nan,0.7679283146379723,nan
584.23,233.11940002441406,-188.5858917236328,-78.89280700683594,231.22036439891704,-187.94819438461147,-78.8980761485566,2.0032528464864927,0.3225531049636748,0.07711248495815005,3.690048895580769e-05,28.22292501035678,46.90850623013286,nan,nan,nan
584.24,233.11581420898438,-188.57720947265625,-78.8943099975586,231.21619418914523,-187.93928063611827,-78.89934925337269,2.0038799401060796,0.3226049015988431,0.0771297147004331,3.6124780594142915e-05,28.114889655369055,45.780504813376716,nan,0.07141448962191298,nan
584.25,233.1121826171875,-188.56854248046875,-78.8957748413086,231.22077482209525,-187.9358674992283,-78.90098164820778,1.994424275338981,0.3225379642803517,0.07711944086873959,3.682142911730156e-05,28.19253717504601,46.345155848390625,1.2751143270423306,nan,nan
584.26,233.10848999023438,-188.55987548828125,-78.89720916748047,231.21650162339705,-187.92700935176654,-78.90393045289807,1.9950400253309415,0.3225895401357277,0.07713668337901168,3.6050186908288274e-05,28.64998766414053,46.80405554205233,nan,1.3156642556031424,nan
584.27,233.10475158691406,-188.5511932373047,-78.89862060546875,231.21217234874493,-187.91811733543827,-78.90545826566625,1.9956673129231275,0.32264120113897987,0.07715399149005012,3.676794954344518e-05,28.61201105543233,45.71863225697018,nan,nan,nan
584.28,233.10093688964844,-188.5425262451172,-78.9000015258789,231.20778749071783,-187.90920431196855,-78.90604743049073,1.9962835145943088,0.3226929474323201,0.07717136363232616,3.600008774206415e-05,28.296329605152394,46.34708944485989,nan,0.5535474183582911,nan
584.29,233.09707641601562,-188.5338592529297,-78.90135955810547,231.2033460679606,-187.9003130072415,-78.90751198675389,1.9969059389336419,0.3227447791631323,0.07718880158940432,3.671703945990305e-05,28.253377237931506,46.14211535736866,nan,nan,nan
584.3000000000001,233.09317016601562,-188.5251922607422,-78.9026870727539,231.16789829925818,-187.88754678614822,-78.9094599085481,2.0281295282852483,0.3226777456633445,0.07717856944527836,3.593062115127713e-05,30.191069368908398,47.75295709170415,16.226248653448902,0.1004744244457558,nan
584.3100000000001,233.08920288085938,-188.51651000976562,-78.90398406982422,231.1632959741917,-187.87867955577823,-78.910878295127,2.0287909284907966,0.32272935631477373,0.0771960194475677,3.6645945008470496e-05,30.156920853759164,46.92492108891801,nan,nan,nan
584.32,233.08517456054688,-188.50784301757812,-78.90525817871094,231.1586397508264,-187.86981547134576,-78.91239282911384,2.0294497840676753,0.3227810521868043,0.07721353381563789,3.588536522526397e-05,30.22170220834917,47.72489460720575,nan,0.009873235949247496,nan
584.33,233.0811004638672,-188.49917602539062,-78.90650939941406,231.15393063770918,-187.86094943095026,-78.9137625711598,2.030115596020386,0.3228328334294737,0.07723111405860593,3.660002776339118e-05,30.18468371324491,47.58922369129824,nan,nan,nan
584.34,233.0769805908203,-188.49050903320312,-78.90773010253906,231.1491715228107,-187.852050788366,-78.91348582333569,2.030790452366398,0.3228847001808616,0.0772487590176895,3.584242428286255e-05,29.616362781719868,47.10553491138151,nan,1.770168182351717,nan
584.35,233.0727996826172,-188.48184204101562,-78.90892791748047,231.12571621933756,-187.83619759052425,-78.91493309298183,2.0513475647876183,0.32281757061355465,0.07723856573646627,3.653393733923884e-05,30.129658399004498,48.134899248685365,3.8136848340081952,nan,nan
584.36,233.06857299804688,-188.47317504882812,-78.91010284423828,231.1208211310238,-187.82731840839747,-78.91577857910792,2.052047842874659,0.3228692159849262,0.0772562221368284,3.578009847703161e-05,29.988489246555652,47.94169464072096,nan,0.13068159273182134,nan
584.37,233.06430053710938,-188.46450805664062,-78.9112548828125,231.1158746511237,-187.81844850469568,-78.91703711388658,2.0527517658096275,0.32292094665956345,0.0772739444865515,3.649274613052097e-05,29.950515418124464,47.85245579300379,nan,nan,nan
584.38,233.05996704101562,-188.45584106445312,-78.91238403320312,231.110876998359,-187.8095911844288,-78.91890954843137,2.0534442977991008,0.3229727627722976,0.0772917318573047,3.5741632417472275e-05,30.17135912723434,48.006294386389584,nan,0.27364217396003504,nan
584.39,233.0555877685547,-188.44717407226562,-78.91349029541016,231.10583107828424,-187.8007227470468,-78.92013046649527,2.0541408323198285,0.3230246644782756,0.07730958541341246,3.645380943276111e-05,30.135661435585366,47.93376832723913,nan,nan,nan
584.4,233.05116271972656,-188.43850708007812,-78.91458129882812,231.093026353002,-187.8002110156353,-78.92210861465671,2.0595573692072966,0.3229574389474266,0.07729942543285126,3.568376891487378e-05,32.11241241030105,48.354732254693346,13.671686388687784,0.4103282299002198,nan
584.41,233.04673767089844,-188.4298553466797,-78.91564178466797,231.08789241847575,-187.79138918480487,-78.92329465855151,2.0602845262916363,0.3230091189741823,0.07731728968940647,3.6394650166008424e-05,32.08192885541452,49.26617335219807,nan,nan,nan
584.42,233.04234313964844,-188.4211883544922,-78.91667938232422,231.08278040665826,-187.78254761208672,-78.92323546582726,2.0610170025050856,0.3230608843675247,0.07733521925300973,3.564952119379935e-05,31.629563520498127,47.96462928389226,nan,1.0202512083197863,nan
584.4300000000001,233.03802490234375,-188.4125213623047,-78.9177017211914,231.07771885852947,-187.77372714961984,-78.92436913512017,2.061771637690013,0.3231127352861581,0.07735321509644569,3.636004982575994e-05,31.599481220661527,47.831864487749904,nan,nan,nan
584.44,233.0337677001953,-188.40386962890625,-78.918701171875,231.07272645218876,-187.7649090485978,-78.9255940625936,2.0625229481180765,0.3231646718593265,0.07737127657832783,3.561728376658573e-05,31.661446677075823,48.674578375095734,nan,0.008369097407891055,nan
584.45,233.02960205078125,-188.39520263671875,-78.91968536376953,231.0855039235125,-187.7619690500187,-78.9265905386636,2.044639328883009,0.3230973504922601,0.07736114643647336,3.630519716323952e-05,31.120227286833646,46.83431344809342,3.1667122414814646,nan,nan
584.46,233.0255126953125,-188.38653564453125,-78.92064666748047,231.08070490040888,-187.75310602878386,-78.92453096033015,2.0453668436138113,0.32314906508560903,0.0773792179552506,3.556557278266217e-05,30.184344720138675,45.91492742229833,nan,6.714935267047079,nan
584.47,233.02149963378906,-188.3778839111328,-78.92158508300781,231.07597815366242,-187.74429075912118,-78.92555655605761,2.046096254947059,0.32320086513554486,0.07739735585865382,3.6274665823772485e-05,30.146090776820753,46.73713897658001,nan,nan,nan
584.48,233.01756286621094,-188.3692169189453,-78.9225082397461,231.0713288711499,-187.73548796512574,-78.92740336733449,2.0468178015433245,0.32325275076769655,0.07741555966289428,3.553718253731293e-05,30.3385685939205,46.019291796426884,nan,0.48195520694533356,nan
584.49,233.0137176513672,-188.36056518554688,-78.92341613769531,231.06676044062547,-187.72667367748875,-78.92840180987058,2.047556026431122,0.3233047221464817,0.07743383010475843,3.624607008815007e-05,30.30228654890816,46.73346238516039,nan,nan,nan
584.5,233.0099334716797,-188.35189819335938,-78.92430114746094,231.0502279381583,-187.71366862683178,-78.93048943627615,2.06102427269134,0.3232373050437936,0.07742372467012212,3.5489274843727216e-05,31.035391547980492,47.061236093415296,1.3639665020069676,0.7587236516363632,nan
584.51,233.00624084472656,-188.34324645996094,-78.9251708984375,231.04579287660061,-187.7048519911876,-78.93146542956865,2.0617815972143356,0.3232890541437679,0.07744200438610559,3.61971231342692e-05,31.003911186560725,47.81961376102273,nan,nan,nan
584.52,233.0026092529297,-188.3345947265625,-78.926025390625,231.0414366746975,-187.69601490465854,-78.93078917525415,2.0625238820912455,0.323340888752914,0.07746035025010532,3.546447979800898e-05,30.501408453356397,47.22811107645163,nan,1.8390875039702725,nan
584.53,232.99905395507812,-188.325927734375,-78.9268569946289,231.0371487089199,-187.6871987712275,-78.93171631252751,2.063266947400931,0.323392809039152,0.0774787628710316,3.61722136654631e-05,30.468710895996413,46.501830670170484,nan,nan,nan
584.54,232.99557495117188,-188.31727600097656,-78.92767333984375,231.032935806248,-187.67836867535075,-78.93143757727614,2.0640177211955626,0.32344481512257134,0.07749724195688687,3.5441393273427246e-05,30.16871354910344,46.99435683594185,nan,0.9749518560325451,nan
584.5500000000001,232.99215698242188,-188.30860900878906,-78.92847442626953,231.0343496716225,-187.67001139153706,-78.9323189973982,2.059327842696885,0.3233773024263819,0.07748715732312905,3.6126897474056293e-05,29.855154480656815,45.91047465146353,0.5250962238777285,nan,nan
584.5600000000001,232.9888153076172,-188.29995727539062,-78.92926025390625,231.03028555103796,-187.66117587651544,-78.9318322751902,2.0600696828623772,0.3234290859306877,0.07750564496592748,3.5398676286559945e-05,29.5858027466311,46.45246530456097,nan,1.268141517360877,nan
584.57,232.98553466796875,-188.2913055419922,-78.9300308227539,231.0262846959084,-187.6523554372679,-78.93267299591628,2.0608068008488063,0.32348095504167224,0.07752419949191885,3.6105417225600396e-05,29.544824385253992,46.398048318362,nan,nan,nan
584.58,232.98231506347656,-188.2826385498047,-78.9307861328125,231.02234629108202,-187.6435466842151,-78.93462345993039,2.0615360114497103,0.3235329098761769,0.07754282071137115,3.537882708845619e-05,29.721846294381177,45.75360362674666,nan,0.8729888383775603,nan
584.59,232.9791717529297,-188.27398681640625,-78.93152618408203,231.0184761374409,-187.63472629452795,-78.93544682880226,2.0622794870928858,0.32358495060728826,0.07756150907990197,3.6085563900409614e-05,29.684884714876677,46.56648477658494,nan,nan,nan
584.6,232.97607421875,-188.2653350830078,-78.9322509765625,231.04724595715035,-187.6292934617373,-78.93529210459951,2.0309940066858125,0.3235173424149872,0.07755144039707404,3.5339285097099264e-05,27.724427861265266,44.97516746456368,16.429432653233278,0.6661058864111021,nan
584.61,232.97305297851562,-188.2566680908203,-78.9329605102539,231.04355572283964,-187.62044842394417,-78.93607860308964,2.031685223326703,0.3235691602681511,0.07757013653487446,3.604517557311593e-05,27.686015628268876,44.10807851700871,nan,nan,nan
584.62,232.97007751464844,-188.24801635742188,-78.93366241455078,231.03992840311307,-187.61159799183704,-78.93627253643464,2.032365799149036,0.32362106377054045,0.0775888995824984,3.5322434797012825e-05,27.560093535559414,44.715057459277965,nan,0.2324184597178349,nan
584.63,232.96717834472656,-188.23934936523438,-78.93434143066406,231.03635878699814,-187.602752578701,-78.937026725993,2.033058494963246,0.32367305309814653,0.07760772991543922,3.602838968291073e-05,27.52123686803986,44.01313453219249,nan,nan,nan
584.64,232.96432495117188,-188.23069763183594,-78.93501281738281,231.03284777160283,-187.59390656343112,-78.93773758243077,2.0337439328343927,0.3237251283631758,0.07762662746430862,3.5307005904772134e-05,27.48278816614005,44.728266454311544,nan,0.000648356536043047,nan
584.65,232.96153259277344,-188.22203063964844,-78.9356689453125,231.03102452034952,-187.5732019740518,-78.93836169297573,2.0366264522203843,0.32365742483100773,0.0776165705306642,3.59909993625555e-05,26.06411936970979,44.180448075165685,14.1806053832072,nan,nan
584.66,232.95880126953125,-188.21337890625,-78.93630981445312,231.02763230941642,-187.56430389205204,-78.93875937736185,2.0373310793598396,0.32370927691826423,0.07763547508320648,3.5271751279121875e-05,25.984474937548146,45.03464284518442,nan,0.06963080707802108,nan
584.67,232.95611572265625,-188.20472717285156,-78.93694305419922,231.02429418278587,-187.5554079735566,-78.93945857913421,2.0380275298302317,0.32376121475841885,0.07765444706152605,3.59770418711355e-05,25.941501041912765,44.91758906666265,nan,nan,nan
584.6800000000001,232.9534912109375,-188.19606018066406,-78.93755340576172,231.0210144457535,-187.54650343582938,-78.93894136064606,2.038723212982816,0.32381323846118315,0.07767348645757895,3.525898816100816e-05,25.77370545424558,44.07706592854283,nan,1.0096517370064293,nan
584.69,232.95091247558594,-188.18740844726562,-78.93816375732422,231.01778335544344,-187.5376070982258,-78.9396055081481,2.0394195416839342,0.32386534820655843,0.07769259355479678,3.5964422966621115e-05,25.72838420492948,44.671105858959564,nan,nan,nan
584.7,232.94839477539062,-188.17874145507812,-78.93875122070312,231.00609238037902,-187.5250501918513,-78.93852561152191,2.0493537791670837,0.32379754943030564,0.07768254369219435,3.522632844486988e-05,25.815932399538873,44.41262096242911,0.7437971607472945,1.9652444554921502,nan
584.71,232.94590759277344,-188.1700897216797,-78.93933868408203,231.00294997252666,-187.5161486129445,-78.93915003945963,2.05005446838751,0.3238494356992526,0.07770165697837265,3.593105746794763e-05,25.7667957559137,45.05202116761039,nan,nan,nan
584.72,232.94349670410156,-188.1614227294922,-78.93990325927734,231.0347891567105,-187.50268145440245,-78.93978544229229,2.0191841379268243,0.32001773581257564,0.07765450646902045,3.664859401255926e-05,29.991481066064637,48.62083030472043,nan,nan,0.3141953719739915
584.73,232.9411163330078,-188.1527557373047,-78.94046020507812,231.03176292413661,-187.4937467648508,-78.94038891838697,2.019881994281985,0.3200658357212128,0.07767281204118341,3.7382040462079605e-05,29.92687473415276,48.51752254794958,nan,nan,nan
584.74,232.93878173828125,-188.14410400390625,-78.94100952148438,231.02885253304822,-187.4847979626364,-78.93998469506273,2.020523465670758,0.32011401245625803,0.07769117860943696,3.658029104285751e-05,29.888898440720933,49.34313258262433,nan,0.6418865240593241,nan
584.75,232.93650817871094,-188.13543701171875,-78.94154357910156,231.05456408332617,-187.47680539270758,-78.94061091834277,1.9938681143874495,0.32005243963540503,0.07768093300135095,3.728852513777924e-05,27.742784931010885,47.46103911378245,28.88139090299061,nan,nan
584.76,232.93426513671875,-188.12677001953125,-78.94207000732422,231.0516552522609,-187.46785096267396,-78.94238245522156,1.9945912859961514,0.32010041529130984,0.0776993017265615,3.649192785372541e-05,27.655655433854243,47.38403926742601,nan,0.9449227166531105,nan
584.77,232.93206787109375,-188.1181182861328,-78.94258880615234,231.04887269886964,-187.45888054097546,-78.94294923278488,1.995249004820123,0.32014848181185374,0.07771773208832668,3.722150790347139e-05,27.588231141586093,48.23321523252459,nan,nan,nan
584.78,232.92991638183594,-188.1094512939453,-78.9430923461914,231.04623563161653,-187.4498906480748,-78.9419787056383,1.995814283575393,0.3201966255990042,0.077736223729644,3.642891491020482e-05,27.552859819954918,47.39484493701668,nan,1.5195307572184922,nan
584.79,232.9278106689453,-188.1007843017578,-78.9435806274414,231.04354048559463,-187.44091929812205,-78.94251211265968,1.996471158973117,0.3202448603076164,0.0777547772729776,3.715716409191313e-05,27.48390094876924,47.50302077538542,nan,nan,nan
584.8000000000001,232.92575073242188,-188.09213256835938,-78.9440689086914,231.063601184222,-187.4408445145271,-78.943074730998,1.9727589962575098,0.32018321075739276,0.07774454614123572,3.7875555895594766e-05,26.91615985361864,47.161808239518614,4.982059384597509,nan,nan
584.8100000000001,232.92373657226562,-188.08346557617188,-78.94454193115234,231.0610292508843,-187.43188116239898,-78.94359110837854,1.9733833174179043,0.3202312438818756,0.07776310135529305,3.863205299911662e-05,26.848158339825428,46.292546747124376,nan,nan,nan
584.82,232.9217529296875,-188.07479858398438,-78.94500732421875,231.05856678570936,-187.4229052668582,-78.94302904295431,1.973938048071076,0.32027935416832454,0.07778171810468802,3.7750577017608535e-05,26.86253871926821,46.356201985747994,nan,0.6924373597510906,nan
584.83,232.9197998046875,-188.06613159179688,-78.94546508789062,231.0560755230266,-187.413941142433,-78.94351788028344,1.9745440921669302,0.3203275553720912,0.07780039695815194,3.850400017566935e-05,26.790937394013824,46.329046721406804,nan,nan,nan
584.84,232.9178924560547,-188.05746459960938,-78.94591522216797,231.0535158314754,-187.40499526959093,-78.94570253665582,1.9752509891473224,0.32037583428986927,0.07781913765663656,3.7630171966484086e-05,26.627967087389685,46.12065679401565,nan,1.767935033454688,nan
584.85,232.91603088378906,-188.04879760742188,-78.94635009765625,231.0413226072337,-187.38822138432886,-78.94619375819492,1.9876851091516123,0.3203141077662387,0.07780891760217519,3.83557913522812e-05,26.314879137147557,46.91364704736247,2.5318644295881705,nan,nan
584.86,232.91419982910156,-188.04013061523438,-78.94677734375,231.03889309663774,-187.37924198811731,-78.94732228253456,1.988353443237672,0.3203621851157158,0.07782765950615042,3.749048102576591e-05,26.256840156911316,46.89295744091998,nan,0.2565048628503502,nan
584.87,232.91241455078125,-188.03146362304688,-78.94720458984375,231.0365405427511,-187.37025550233648,-78.94780314803539,1.988994678516848,0.32041035278747493,0.07784646369864023,3.823732026243465e-05,26.19385785118019,46.60170675129058,nan,nan,nan
584.88,232.91065979003906,-188.02279663085938,-78.94761657714844,231.03418430094007,-187.36127485106982,-78.94893177975887,1.9896665690721023,0.32045859864379994,0.07786532999951443,3.737913665279143e-05,26.166047648314958,46.82464408685065,nan,0.26497091757138025,nan
584.89,232.908935546875,-188.01412963867188,-78.9480209350586,231.0319036354677,-187.35228732108303,-78.94940445201982,1.990297958576028,0.3205069348632477,0.07788425886044426,3.812341155249356e-05,26.10509305405893,46.81033434098683,nan,nan,nan
584.9,232.90724182128906,-188.00546264648438,-78.94841766357422,231.05026844743907,-187.35303747097956,-78.95033763683566,1.9682511036749488,0.3204451253555864,0.07787404630280076,3.724870776117994e-05,25.86133825234603,45.95180915615115,4.7367063895703,0.06470922292096212,nan
584.91,232.9055938720703,-187.99679565429688,-78.94879913330078,231.04809123565397,-187.3440642767832,-78.9508020873856,1.9688520277841164,0.32049325947284507,0.07789297584423968,3.798963450890759e-05,25.803567273161534,46.06926972694611,nan,nan,nan
584.92,232.9038543701172,-187.98812866210938,-78.94928741455078,231.04591450512592,-187.3350871511304,-78.95090863850557,1.9693670011840267,0.3205414722135114,0.07791196774802468,3.714604079084789e-05,25.69997465029356,45.713207659388324,nan,0.10114824435814739,nan
584.9300000000001,232.90203857421875,-187.97946166992188,-78.94985961914062,231.04363444397936,-187.32611318266822,-78.95150847791801,1.969906819071079,0.32058977476675427,0.0779310224016517,3.788471739330381e-05,25.632642951271528,45.949292875440925,nan,nan,nan
584.94,232.900146484375,-187.97079467773438,-78.95053100585938,231.04134023539453,-187.31712953467203,-78.95108216311877,1.9703905943436404,0.3206381564601951,0.07795013972029705,3.7047506719073134e-05,25.50116848969543,45.642559387390406,nan,0.7890540427518227,nan
584.95,232.89817810058594,-187.96212768554688,-78.9512939453125,231.04375363185738,-187.3164562188274,-78.95201004742333,1.9636145920106343,0.3205762752429243,0.07793993144815646,3.776008461439065e-05,26.15909735080965,45.229427173182536,6.05819957441542,nan,nan
584.96,232.89613342285156,-187.9534454345703,-78.95214080810547,231.041285044108,-187.30750445520334,-78.9521411163222,1.9641034231814898,0.32062445481180846,0.07795904893483653,3.6930073367927063e-05,26.080318768065503,44.48609972935613,nan,0.3463135303679077,nan
584.97,232.89401245117188,-187.9447784423828,-78.95307922363281,231.0386985418651,-187.29855809926775,-78.95309556774306,1.9646349366205562,0.3206727236716623,0.07797822936274168,3.7663743557659815e-05,26.013397155925297,45.30528972039988,nan,nan,nan
584.98,232.89181518554688,-187.9361114501953,-78.95410919189453,231.03606665602285,-187.2896075680379,-78.95360332664391,1.965138705123593,0.3207210720662299,0.07799747269865248,3.683964797816209e-05,25.953558991664185,45.186227104646754,nan,0.18308064457076828,nan
584.99,232.88955688476562,-187.9274444580078,-78.9552230834961,231.03333058706102,-187.28066060176778,-78.95473120924731,1.9656819851957654,0.3207695098268447,0.07801677925348044,3.75714815932055e-05,25.887400836870825,45.19580950644349,nan,nan,nan
585.0,232.88720703125,-187.91876220703125,-78.95642852783203,231.0480155739349,-187.27359832533435,-78.95526302769521,1.9490672151820883,0.3207075462436102,0.07800657153308901,3.673041798368642e-05,24.899074925600004,43.83592716335252,9.456844538003471,0.550845425224435,nan
585.01,232.88479614257812,-187.91009521484375,-78.95771026611328,231.04516749220932,-187.26463722135037,-78.95656127533051,1.9495771112736435,0.32075578138003225,0.07802587769594008,3.745962410825943e-05,24.831027619187875,44.97294726581729,nan,nan,nan
585.02,232.88230895996094,-187.90142822265625,-78.9590835571289,231.04225234056884,-187.25567532793568,-78.95785623270554,1.9500786317310197,0.32080409641641244,0.0780452470019692,3.664770516488491e-05,24.77054546448926,44.721054072033496,nan,0.0051035776924802274,nan
585.03,232.87974548339844,-187.8927459716797,-78.96054077148438,231.03926129881899,-187.24671394158503,-78.95932435373756,1.9505745044133669,0.3208525003383379,0.07806467972126882,3.7375328734798945e-05,24.704404701112804,43.77007988195882,nan,nan,nan
585.04,232.8771209716797,-187.8840789794922,-78.96207427978516,231.03615133422767,-187.23775803154547,-78.96180600471295,1.951127890669005,0.3209009846441298,0.07808417588128816,3.6568660788836666e-05,24.601213952433294,44.780966155166,nan,0.5580606218863414,nan
585.0500000000001,232.87442016601562,-187.8754119873047,-78.96369171142578,231.02795709032736,-187.2352710188698,-78.96361857003689,1.9542789858918723,0.3208389476864358,0.07807396529632629,3.727149550464144e-05,25.694771970403536,44.694947938597245,10.575642378749063,nan,nan
585.0600000000001,232.8716583251953,-187.86672973632812,-78.96539306640625,231.02471542127742,-187.22634555488395,-78.96587215383829,1.9548120676170766,0.32088722930354047,0.07809346050524951,3.6470860914959766e-05,25.638326953035776,43.56015993891836,nan,0.17847924424528297,nan
585.07,232.8688201904297,-187.85806274414062,-78.96717071533203,231.02143278055942,-187.21741733180644,-78.96768746718966,1.9553176349443793,0.32093559935217736,0.07811301932200192,3.719474842238968e-05,25.574414355956705,44.605426549167895,nan,nan,nan
585.08,232.8659210205078,-187.84939575195312,-78.9690170288086,231.0181648153485,-187.20848086123638,-78.96793987420348,1.9557545988976213,0.3209840501091085,0.0781326418057231,3.639895099641702e-05,25.53498231230999,44.309433434479544,nan,1.7426787372533428,nan
585.09,232.8629608154297,-187.84072875976562,-78.97087097167969,231.01474862250691,-187.1995529308347,-78.96985041855214,1.9562708900360277,0.3210325894044387,0.07815232817944076,3.7121586627602776e-05,25.467517362618132,44.40337108516713,nan,nan,nan
585.1,232.85992431640625,-187.83204650878906,-78.97270965576172,231.04724259853307,-187.20220803150062,-78.97363765456865,1.9189873316326138,0.32097047051331623,0.07814211102868221,3.630830359349095e-05,24.346717582815927,42.47556684399979,14.371241492827904,2.0493327229875415,nan
585.11,232.85684204101562,-187.82337951660156,-78.97453308105469,231.04376024727384,-187.19328482238012,-78.97555228325554,1.9194493880425905,0.32101880665132737,0.07816179585558528,3.702888669250727e-05,24.287608745905366,42.756152754962294,nan,nan,nan
585.12,232.8536834716797,-187.81471252441406,-78.976318359375,231.0402588082143,-187.18435777710016,-78.97649844026344,1.9198583671601503,0.32106722379529645,0.07818154456911067,3.6243134335698014e-05,24.1964349389321,43.09328516850686,nan,0.5839118306984687,nan
585.13,232.8504638671875,-187.80604553222656,-78.97807312011719,231.0366489584439,-187.1754349471787,-78.97834727094092,1.9203109926034552,0.3211157290612231,0.07820135736835686,3.6962667966406785e-05,24.133980136720364,42.91070791068784,nan,nan,nan
585.14,232.84718322753906,-187.79736328125,-78.97979736328125,231.03294273989232,-187.1665151467553,-78.98088766639464,1.9207912704333623,0.32116431578671034,0.07822123434807247,3.618116602012636e-05,24.103360020502265,41.828197339024435,nan,0.34541845595139004,nan
585.15,232.8438262939453,-187.7886962890625,-78.98149108886719,231.04095881393786,-187.16349779663935,-78.98266319123319,1.9081943504843921,0.32110212201204313,0.07821100706950139,3.687690158354946e-05,23.978155857420155,42.283658831157815,1.3204465531302976,nan,nan
585.16,232.84042358398438,-187.780029296875,-78.98314666748047,231.03729184415695,-187.15457771124755,-78.98203948042588,1.9085269144028651,0.3211505054773089,0.07823088189937218,3.6100412953306245e-05,23.91212533833569,42.19819479204896,nan,3.7626407597760565,nan
585.17,232.8369598388672,-187.7713623046875,-78.98477172851562,231.03345550556,-187.14566630019834,-78.98374286818722,1.9089589908756752,0.32119897667207464,0.0782508210098329,3.6817218038919985e-05,23.844404544126714,42.02256776888525,nan,nan,nan
585.1800000000001,232.83343505859375,-187.7626953125,-78.98635864257812,231.02955209026683,-187.13675587039637,-78.98558294138083,1.909396383759349,0.32124752958687064,0.07827082451307228,3.604461790633927e-05,23.770025716237576,42.1850042282478,nan,0.018830533051674817,nan
585.19,232.82986450195312,-187.7540283203125,-78.9879150390625,231.0255974378279,-187.12784542430452,-78.98722538654977,1.9098390334163082,0.32129617036719554,0.07829089258226085,3.6760633376201435e-05,23.705122998224024,41.89323856466961,nan,nan,nan
585.2,232.8262176513672,-187.745361328125,-78.98944854736328,231.01148692803181,-187.1096871400618,-78.99033255039221,1.9228442612568748,0.3212338949234328,0.07828065147435026,3.597000304077701e-05,23.30547298140868,42.27920457493071,3.5208623503160013,1.547066077336422,nan
585.21,232.82252502441406,-187.7366943359375,-78.9909439086914,231.00740353675326,-187.10075181238972,-78.99192925040306,1.9233018169602454,0.32128233200266443,0.07830071676207238,3.668441723414678e-05,23.249414271290405,42.37052153422439,nan,nan,nan
585.22,232.8187713623047,-187.72802734375,-78.9924087524414,231.00332172993154,-187.09181357274286,-78.99212235369887,1.9237009674393646,0.3213308510381778,0.07832084664923047,3.5920001136835514e-05,23.16446846248765,42.32556907215164,nan,1.2650159709543383,nan
585.23,232.81495666503906,-187.7193603515625,-78.99385070800781,230.99912536915588,-187.0828788983543,-78.99364770817253,1.9241496762455281,0.3213794575807042,0.07834104129699265,3.663378431986208e-05,23.10251464119654,42.0384848171861,nan,nan,nan
585.24,232.81109619140625,-187.710693359375,-78.9952621459961,230.99486452513753,-187.07394512346573,-78.99535979123246,1.9246157515268878,0.32142814650553114,0.0783613008354463,3.5872745015330364e-05,23.04179251620905,41.89108442541654,nan,0.030982742953341743,nan
585.25,232.8071746826172,-187.7020263671875,-78.99664306640625,231.02424631707999,-187.07555024691095,-78.99698433554626,1.8897899360454178,0.3213657948127096,0.07835104223557982,3.656346511395439e-05,22.038211189828818,41.05045960656384,13.078630005972133,nan,nan
585.26,232.80319213867188,-187.693359375,-78.99799346923828,231.01991704045162,-187.06662229637672,-78.9991330827838,1.8902038885720098,0.3214142798988364,0.07837129834804815,3.58065567869528e-05,22.01068140337936,41.19240630754663,nan,0.3309443986394313,nan
585.27,232.79916381835938,-187.6846923828125,-78.99932098388672,231.01556245306213,-187.0576937946578,-79.00056167377333,1.8905984764485462,0.3214628521549093,0.07839161941411144,3.6518396342112516e-05,21.956803401564116,40.806563618713895,nan,nan,nan
585.28,232.7950897216797,-187.67604064941406,-79.00062561035156,231.01116469231857,-187.04876542821157,-79.00171392208398,1.8909954780321712,0.32151150699603326,0.0784120055714,3.576455232144296e-05,21.887191001751678,41.38255391320754,nan,0.042423162809250764,nan
585.29,232.79095458984375,-187.66737365722656,-79.00189971923828,231.00670467075616,-187.03983785181669,-79.00308902389128,1.8913884781506514,0.32156024916953896,0.0784324569698484,3.6475960900864756e-05,21.83364440068931,40.66744568717944,nan,nan,nan
585.3000000000001,232.78677368164062,-187.65870666503906,-79.0031509399414,230.99730026106147,-187.02739446077652,-79.00447927310711,1.8975700215483737,0.3214978159214631,0.07842217715566373,3.570354622026844e-05,21.752273373311315,40.58125526782743,1.0948697639884357,0.018696564179173873,nan
585.3100000000001,232.78253173828125,-187.65005493164062,-79.0043716430664,230.99273013161942,-187.01845951742484,-79.0058043841225,1.8979738173153466,0.3215463538399345,0.07844262446077314,3.641370089133045e-05,21.698968183990495,41.795011734075196,nan,nan,nan
585.32,232.77825927734375,-187.64138793945312,-79.00557708740234,230.98813847822103,-187.00952446192233,-79.00633068361516,1.8983636368189123,0.3215949745245508,0.07846313705272144,3.566643551535502e-05,21.601380223577355,40.06864406161836,nan,0.40812726723552567,nan
585.33,232.77391052246094,-187.63272094726562,-79.00675201416016,230.98346777350892,-187.0005905447,-79.00760125219956,1.898756120287142,0.3216436822347387,0.07848371507755282,3.637628110215931e-05,21.546857505998506,40.592186218974184,nan,nan,nan
585.34,232.76953125,-187.6240692138672,-79.00790405273438,230.9788043649714,-186.9916566437263,-79.00728643614235,1.8991179049987055,0.321692473112326,0.07850435867873448,3.5631639406187514e-05,21.479246610559684,41.11419893244597,nan,1.6627525690000875,nan
585.35,232.76510620117188,-187.6154022216797,-79.009033203125,230.95551227049256,-186.97572449704057,-79.00833986371235,1.9193275557002822,0.321629962380675,0.0784940539211264,3.6318953875998805e-05,21.857664765809563,40.6234977872827,4.296112745800444,nan,nan
585.36,232.7606201171875,-187.60675048828125,-79.01013946533203,230.95073346109697,-186.9667854038958,-79.00752867425409,1.9197009749846616,0.3216785488345839,0.0785146927451454,3.5577689098945185e-05,21.97790118240907,41.7997922453526,nan,2.722728211456955,nan
585.37,232.75608825683594,-187.59808349609375,-79.01122283935547,230.94583632490537,-186.95784725255456,-79.00867316756009,1.9201356737027164,0.32172722202616416,0.07853539719149395,3.628618973901501e-05,21.90929975290348,40.76374995721938,nan,nan,nan
585.38,232.75152587890625,-187.5894317626953,-79.01229095458984,230.94084653182446,-186.94890955524036,-79.01112372679268,1.920632645409377,0.3217759785364558,0.0785561674046253,3.5547282522500136e-05,21.71208122204462,41.00428936960793,nan,1.204807787382291,nan
585.39,232.7469024658203,-187.58078002929688,-79.0133285522461,230.93585610051932,-186.93997277253587,-79.01223991289649,1.9210736744651804,0.3218248219704259,0.07857700352910038,3.6255624277253316e-05,21.649521210114383,41.460776302957704,nan,nan,nan
585.4,232.7422332763672,-187.57211303710938,-79.01435089111328,230.94378236956064,-186.937455209089,-79.01361590216793,1.9071488570821105,0.3217622296647483,0.07856667007371207,3.549763239193422e-05,21.48441977645739,39.73556841824295,1.5768800613905467,0.0499527766556746,nan
585.41,232.7375946044922,-187.56346130371094,-79.01535034179688,230.93875578160586,-186.92853064764577,-79.01469551980674,1.9076054302518215,0.3218108682800622,0.07858750071839697,3.620498149827179e-05,21.427053527712523,40.56826192204432,nan,nan,nan
585.42,232.73300170898438,-187.5548095703125,-79.0163345336914,230.9337198489183,-186.9196057644452,-79.0172846620747,1.908114249644166,0.32185959034628875,0.07860839731594207,3.54712859513084e-05,21.38731474168792,40.4328414920478,nan,1.6056720349526332,nan
585.4300000000001,232.72848510742188,-187.54615783691406,-79.01729583740234,230.92879902990083,-186.9106827858217,-79.01834144581225,1.9085857621497822,0.3219083990748596,0.07862936001221338,3.617856774222429e-05,21.339727457065262,40.42108938448628,nan,nan,nan
585.44,232.72406005859375,-187.53750610351562,-79.01823425292969,230.9239368433599,-186.90176004375022,-79.01997330786848,1.909088700622142,0.32195729163370074,0.07865038894975902,3.544685547789789e-05,21.3436061575556,40.39162693108015,nan,0.24229806253257422,nan
585.45,232.71971130371094,-187.5288543701172,-79.01915740966797,230.90327382930627,-186.88519901284323,-79.02082590295316,1.9271066657657816,0.3218946207281356,0.07864002302661265,3.6131979194088325e-05,21.494676592900905,40.76638333983242,3.6888770122500834,nan,nan
585.46,232.7154541015625,-187.52020263671875,-79.02006530761719,230.8985270880062,-186.87626417882836,-79.02326577269503,1.9276645852215994,0.32194330827223716,0.0786610457632357,3.540300794810158e-05,21.65672080465046,40.68147882656283,nan,1.4199282229386674,nan
585.47,232.71127319335938,-187.5115509033203,-79.02095031738281,230.8939082791526,-186.86733151550123,-79.02426797938662,1.9281713766968211,0.3219920822337493,0.0786821347832341,3.610938991392159e-05,21.62182690690844,40.886092509868924,nan,nan,nan
585.48,232.70716857910156,-187.50289916992188,-79.02182006835938,230.88935299672977,-186.8583983240725,-79.02591743968468,1.928691686160861,0.3220409401316409,0.07870329022612463,3.538217872884319e-05,21.740975070078484,40.939419497192965,nan,0.3045581731433549,nan
585.49,232.70315551757812,-187.49424743652344,-79.02267456054688,230.88489946287623,-186.84946634696314,-79.02689284797391,1.929200748461255,0.32208988465365984,0.07872451224227976,3.608860272151381e-05,21.709849897526166,40.664575304597605,nan,nan,nan
585.5,232.69921875,-187.485595703125,-79.02350616455078,230.90304756384256,-186.8582718283144,-79.02849703084513,1.9025748559875293,0.3220271320404863,0.0787141100609602,3.534183458114881e-05,22.33040217144125,40.03371413480631,10.420906910831926,0.30508481397421544,nan
585.51,232.69537353515625,-187.47694396972656,-79.02433013916016,230.89878603229707,-186.84938427995573,-79.02944699602871,1.9030459799698145,0.32207587117103625,0.07873532513897791,3.6047456926742315e-05,22.302810133845252,39.454857689613895,nan,nan,nan
585.52,232.69158935546875,-187.46829223632812,-79.02513122558594,230.89460736645233,-186.8404973048869,-79.03019225276047,1.9034958257870582,0.32212469432745644,0.07875660681758219,3.532430995931913e-05,22.25171696700702,39.821544925317156,nan,0.024832347378273993,nan
585.53,232.68788146972656,-187.45965576171875,-79.02591705322266,230.89049946149206,-186.83161020788384,-79.03110993586397,1.9039564772460094,0.3221736038859998,0.07877795525144594,3.603004129099352e-05,22.223915010448994,40.629947206603745,nan,nan,nan
585.54,232.6842498779297,-187.4510040283203,-79.02668762207031,230.88639730520777,-186.82271798808497,-79.0345701883468,1.904489263936276,0.3222225978307317,0.07879937057369937,3.530834115155813e-05,23.185966802537326,40.59684577416894,nan,4.536072099112216,nan
585.5500000000001,232.68069458007812,-187.44235229492188,-79.0274429321289,230.9126132060188,-186.82086141326363,-79.03556766914204,1.8741474522116512,0.32215976560675175,0.07878892834243896,3.599216523080649e-05,22.198318463107203,39.85187445656924,11.484053160490149,nan,nan
585.5600000000001,232.6772003173828,-187.43370056152344,-79.02818298339844,230.90880328546302,-186.8119721136407,-79.0355586288053,1.8745209322796477,0.32220855393997655,0.07881033596995893,3.527267773197715e-05,21.8568562775388,39.64262669542869,nan,0.5758053188248236,nan
585.57,232.6737823486328,-187.425048828125,-79.0289077758789,230.90504000235566,-186.8030807806147,-79.03643692579152,1.8749267792999784,0.32225742846728234,0.0788318105316698,3.5977829907010326e-05,21.841077917600145,39.49541315912173,nan,nan,nan
585.58,232.67044067382812,-187.41639709472656,-79.02961730957031,230.9013439920785,-186.79418950700293,-79.03735888359053,1.8753413778741004,0.32230638744777046,0.07885335215554849,3.525960512894554e-05,21.916685982478327,39.415986322526,nan,0.002286273337782408,nan
585.59,232.6671600341797,-187.4077606201172,-79.03031158447266,230.89771676450994,-186.78529832417718,-79.03821075129908,1.875753499605702,0.32235543284693746,0.07887496100395489,3.5964942762460746e-05,21.901849999584307,40.42835023891813,nan,nan,nan
585.6,232.6639404296875,-187.39910888671875,-79.03099822998047,230.93400176612363,-186.79570468883009,-79.039075186561,1.8321707461234118,0.3222925195324926,0.07886447490778893,3.666170945520351e-05,21.51621105966855,38.25470589245811,14.650006006802561,nan,nan
585.61,232.66078186035156,-187.3904571533203,-79.03166961669922,230.93057089836608,-186.7868444601516,-79.03990164674418,1.8324972094515615,0.3223413589592161,0.07888607529043003,3.739493622156293e-05,21.499549687140135,38.320889030914536,nan,nan,nan
585.62,232.65769958496094,-187.38180541992188,-79.0323257446289,230.92724267110862,-186.77798897905623,-79.03904593207594,1.8327903824164613,0.3223902828265145,0.0789077429045539,3.65919680695966e-05,20.873062637182308,37.48471179384072,nan,1.7976604678080614,nan
585.63,232.6546630859375,-187.37315368652344,-79.03296661376953,230.9239373020358,-186.76912865843641,-79.03983118760227,1.833113497847747,0.322439292989202,0.07892947791993249,3.7323690945198566e-05,20.852221226187957,37.81374330872149,nan,nan,nan
585.64,232.65170288085938,-187.364501953125,-79.0335922241211,230.9206717961717,-186.76026533760427,-79.0415330526488,1.8334758139797438,0.32248838794257967,0.07895128045436074,3.652499532069858e-05,21.267923744621722,38.018684190420565,nan,0.5580387522210909,nan
585.65,232.64878845214844,-187.35585021972656,-79.03421020507812,230.9461633115269,-186.75973616696038,-79.04236574030958,1.8039819417435243,0.32242539325043923,0.0789407466732092,3.723172100478329e-05,20.519819693406333,37.63533043361094,8.722006003662516,nan,nan
585.66,232.64593505859375,-187.34719848632812,-79.03482055664062,230.9431489905001,-186.75088593951747,-79.04034616693053,1.804189452232413,0.32247428199574496,0.07896253995166848,3.643814850550684e-05,19.522566453260634,36.38944557749913,nan,5.0261657943371345,nan
585.67,232.6431427001953,-187.3385467529297,-79.03540802001953,230.94013122377706,-186.74202666519267,-79.0410678746199,1.8044712072627151,0.3225232568477882,0.07898440080390064,3.7166224407969044e-05,19.498171299632684,36.66111633525558,nan,nan,nan
585.6800000000001,232.64041137695312,-187.32989501953125,-79.03599548339844,230.93720716953877,-186.73317309209995,-79.03999807183686,1.804715393502674,0.3225723165348359,0.07900632934190323,3.637662747870154e-05,19.02875887478264,35.63061533554703,nan,2.069062601452775,nan
585.69,232.63772583007812,-187.3212432861328,-79.03656005859375,230.93430058859542,-186.72431322725572,-79.04068035350856,1.8049930817988213,0.3226214625633817,0.07902832574412022,3.710347603591183e-05,18.997650100441557,36.18901348060513,nan,nan,nan
585.7,232.6350860595703,-187.31259155273438,-79.03711700439453,230.92313132637128,-186.71798876165053,-79.04156592789326,1.812280684829913,0.32255838557724753,0.07901774043251905,3.62953270156828e-05,19.731130227499243,36.25777598159052,4.273386476115967,0.004343502104728679,nan
585.71,232.63250732421875,-187.30393981933594,-79.03766632080078,230.92031356053707,-186.70914604699766,-79.04223094960129,1.8125694336601095,0.3226073250430693,0.07903972677510955,3.7020121651795965e-05,19.700741453590986,35.918317044434495,nan,nan,nan
585.72,232.62998962402344,-187.2952880859375,-79.03820037841797,230.9175746039697,-186.7003079755608,-79.04152434079968,1.8128368876916043,0.3226563493743636,0.0790617809668533,3.623901769198335e-05,19.395571534971243,35.59021076653272,nan,1.2193148649663632,nan
585.73,232.62750244140625,-187.28663635253906,-79.03872680664062,230.91337239727534,-186.6933542087081,-79.04215305435979,1.8139011134993968,0.32223012078017393,0.07831715001553327,3.696074876013018e-05,24.249563268837626,40.730957117281385,nan,nan,0.004656422506706361
585.74,232.6250762939453,-187.27798461914062,-79.03924560546875,230.91063608854873,-186.68456047171526,-79.04432355380088,1.8142445320813485,0.3222780580331551,0.07833608316717222,3.618330632425974e-05,24.575899117866133,40.7483485283437,nan,1.5814035064994636,nan
585.75,232.62269592285156,-187.2693328857422,-79.03974914550781,230.93569968249108,-186.68762846980863,-79.04484436701536,1.7844781600762805,0.3222156888437415,0.07832563549951324,3.688292370965315e-05,24.059803524621504,40.40654624904552,7.4970707160472845,nan,nan
585.76,232.62037658691406,-187.26068115234375,-79.04024505615234,230.93317079021176,-186.67880773718903,-79.045602992319,1.784732130928792,0.3222634251633368,0.07834456787545757,3.610984405604106e-05,24.08285380951458,40.044357125612095,nan,0.013326125853850864,nan
585.77,232.6180877685547,-187.25201416015625,-79.04072570800781,230.93069492204714,-186.6699825901816,-79.04621197063035,1.7849609144094907,0.3223112482647277,0.0783635628610212,3.683075951313942e-05,24.03795276591703,39.70877542569779,nan,nan,nan
585.78,232.6158447265625,-187.2433624267578,-79.04120635986328,230.92829841962163,-186.6611347646122,-79.0460310427916,1.7851680218407135,0.3223591526381907,0.07838261812326622,3.6060951382012156e-05,23.797447102105608,39.99067395651076,nan,0.40520320581021874,nan
585.79,232.6136474609375,-187.23471069335938,-79.04167175292969,230.92591373676214,-186.65230860116122,-79.04661461457549,1.7854024063490173,0.3224071439291631,0.07840173623150645,3.678103961135353e-05,23.747605222786213,40.130131315157364,nan,nan,nan
585.8000000000001,232.6114959716797,-187.22605895996094,-79.04212951660156,230.94225372285734,-186.6580151700778,-79.04698897937541,1.763254674417945,0.32234471062311476,0.07839129388452504,3.599238037567298e-05,24.204057029988007,39.50086692455534,8.54281726386126,0.038497866169875175,nan
585.8100000000001,232.60939025878906,-187.21739196777344,-79.04257202148438,230.93998157804015,-186.64922646921124,-79.0475541858331,1.763451785300029,0.32239250058718744,0.07841041069242076,3.671081071769741e-05,24.15829055101328,38.83719572259879,nan,nan,nan
585.82,232.60733032226562,-187.208740234375,-79.04301452636719,230.93763262200935,-186.64051735681775,-79.0510536684441,1.763755163458318,0.322440372065938,0.07842958811405483,3.5948092222452306e-05,25.212674027785745,40.32464692894138,nan,5.788067510905374,nan
585.83,232.6053009033203,-187.2000732421875,-79.04344177246094,230.9354443920825,-186.63172796696938,-79.05163228172805,1.763945635338042,0.3224883301110617,0.07844882850327452,3.666583555430778e-05,25.178558434076088,39.96554109471418,nan,nan,nan
585.84,232.6033172607422,-187.19142150878906,-79.04386138916016,230.93333520165672,-186.62291232962616,-79.0512365653569,1.7641137031619463,0.32253637009531877,0.07846812984395853,3.590599992304609e-05,24.796514376040008,40.27332962743146,nan,0.626509186167333,nan
585.85,232.60137939453125,-187.18276977539062,-79.04427337646484,230.9429425319152,-186.60705082588993,-79.05167261940107,1.7555397702398992,0.32247387751751605,0.07845769178334416,3.660036933355772e-05,23.085741204486638,40.26554346630086,23.03984611377461,nan,nan
585.86,232.59947204589844,-187.17410278320312,-79.044677734375,230.94092355301905,-186.59820349689466,-79.05176795038905,1.7557030963025122,0.32252171608420677,0.07847699139175378,3.584422091648747e-05,22.926229731196702,39.432984193219674,nan,0.1356919661092825,nan
585.87,232.59759521484375,-187.1654510498047,-79.04507446289062,230.93892578939383,-186.58936736099696,-79.05230079901018,1.7558783839908683,0.32256964089004864,0.07849635409209628,3.6559877190531035e-05,22.883846234465025,40.44541872629521,nan,nan,nan
585.88,232.5956573486328,-187.1567840576172,-79.04557037353516,230.93688197273858,-186.58054854631254,-79.05358152776348,1.7560316884252583,0.32261764784054003,0.0785157780682102,3.5806371688110014e-05,23.17922654172324,39.34973851907404,nan,0.3337371684845225,nan
585.89,232.5936279296875,-187.1481170654297,-79.04615020751953,230.93478712189426,-186.57171129109685,-79.05426055962289,1.756149828487197,0.32266574119534736,0.07853526537962058,3.652151979092983e-05,23.118505509358084,40.0015978543018,nan,nan,nan
585.9,232.59153747558594,-187.13946533203125,-79.04682922363281,230.92563032982628,-186.56590236374834,-79.05502863552748,1.7618990684014866,0.3226031844510014,0.07852482614555996,3.57488327794996e-05,23.977314284138657,40.19184449028393,5.667223816535876,0.002322877253403599,nan
585.91,232.58935546875,-187.13079833984375,-79.04759979248047,230.9233659563019,-186.5570856141772,-79.05589519060241,1.7620261521353273,0.32265107602060783,0.07854431116600984,3.6462636472172456e-05,23.91528367729303,39.69020412476538,nan,nan,nan
585.92,232.5871124267578,-187.12213134765625,-79.04845428466797,230.92105867129263,-186.54824644441578,-79.05594799874096,1.7621393684999995,0.32269904991675313,0.07856385777676009,3.5714978918548826e-05,23.532841187388176,39.24316619909979,nan,0.5555937900763562,nan
585.9300000000001,232.5847930908203,-187.1134796142578,-79.04940032958984,230.91864562238206,-186.53942865833196,-79.0569880365859,1.7622824574624947,0.3227471099232594,0.07858346785265115,3.6428386128425015e-05,23.471691233118918,40.02701767674194,nan,nan,nan
585.94,232.5823974609375,-187.1048126220703,-79.0504379272461,230.91605462755817,-186.53068312016936,-79.06118927716888,1.7625092098576,0.3227952526536081,0.07860313984959362,3.568302655173608e-05,25.06318670825818,40.78355909991531,nan,6.403059234799308,nan
585.95,232.57992553710938,-187.0961456298828,-79.05155944824219,230.92779105258322,-186.52826953130034,-79.06259719799944,1.747041341875306,0.322732635247819,0.07859269783251169,3.6373592690354246e-05,24.93485957545469,40.94213815303066,2.9653714284565456,nan,nan
585.96,232.577392578125,-187.0874786376953,-79.05277252197266,230.92517564876064,-186.51946638986914,-79.06421247352802,1.747166153475484,0.32278057606693933,0.07861236705635556,3.563132596552173e-05,25.19171310063179,40.76059241690317,nan,0.05150425817109856,nan
585.97,232.5747833251953,-187.07882690429688,-79.05406188964844,230.92249873555147,-186.5106568052033,-79.06564203990158,1.747282383176345,0.32282860272297975,0.07863209987772911,3.634319445622575e-05,25.140029891625396,42.00364576145625,nan,nan,nan
585.98,232.57211303710938,-187.07015991210938,-79.0554428100586,230.9197374048669,-186.50185753656126,-79.0676170738662,1.7474155295125373,0.3228767122526435,0.07865189492225882,3.560301544367474e-05,25.547221672906886,41.08762098931173,nan,0.1441884982934434,nan
585.99,232.56936645507812,-187.06149291992188,-79.0569076538086,230.9169219349867,-186.493047910938,-79.06922158882735,1.74752804075199,0.32292490780993216,0.07867175381452707,3.631462696820049e-05,25.493725637085074,41.19425872027931,nan,nan,nan
586.0,232.56655883789062,-187.05282592773438,-79.0584487915039,230.87380098411415,-186.46713258220737,-79.0709337046136,1.7912626048605755,0.32286222602503734,0.07866130393569612,3.555492662400336e-05,26.341484943778084,41.944204010442235,14.741128777709578,2.8084188325246447e-05,nan
586.01,232.5636749267578,-187.04415893554688,-79.06007385253906,230.87078179191346,-186.45830090802718,-79.07270523901977,1.7914453232897822,0.32291021932505115,0.07868115946298733,3.6265438679962635e-05,26.292036735087216,41.98797657695103,nan,nan,nan
586.02,232.56072998046875,-187.03550720214844,-79.06178283691406,230.86769620868557,-186.44946935258247,-79.07455625223957,1.7916380420334226,0.3229582956281486,0.07870107750608986,3.5530019974472414e-05,26.418570541740504,42.71050085190379,nan,4.568548369820198e-06,nan
586.03,232.55772399902344,-187.02684020996094,-79.06356811523438,230.86454495315255,-186.44063799800443,-79.07649091717691,1.7918301575453537,0.32300645771383574,0.07872105953442522,3.6240362380591685e-05,26.370713097484813,41.81498956887217,nan,nan,nan
586.04,232.55465698242188,-187.01817321777344,-79.06541442871094,230.86134867114134,-186.43179256417386,-79.07781377580191,1.7920069898791902,0.32305470317658014,0.07874110440261166,3.5506730113677926e-05,26.02932701532703,41.40806456012373,nan,0.3206346904673438,nan
586.0500000000001,232.551513671875,-187.00950622558594,-79.06727600097656,230.84501192659047,-186.41399080668046,-79.0799726853598,1.8074700624374476,0.3229919594513589,0.0787306445609704,3.619462547949198e-05,25.957024016874733,42.008756378662255,3.370799797120416,nan,nan
586.0600000000001,232.54830932617188,-187.0008544921875,-79.06912231445312,230.84167963266404,-186.40511686375655,-79.08093840062924,1.8076581127480125,0.32304000249995246,0.07875068553353888,3.546357111495064e-05,25.37510446897311,42.30862580205052,nan,0.7961595136641837,nan
586.07,232.5450439453125,-186.9921875,-79.0709457397461,230.83825445766718,-186.39626495132427,-79.08295229520144,1.80787117807953,0.3230881311034044,0.07877079063102467,3.6172799398654956e-05,25.360377373274847,41.275788050741006,nan,nan,nan
586.08,232.54171752929688,-186.9835205078125,-79.07273864746094,230.83476153443686,-186.38741764995646,-79.08515434236169,1.808090577104071,0.3231363431859765,0.07879095884913799,3.544335030498663e-05,25.661698718678995,41.52987981349155,nan,0.031651310816038704,nan
586.09,232.538330078125,-186.974853515625,-79.07450103759766,230.83121318215984,-186.3785664580264,-79.08711386749184,1.8083045747404534,0.3231846410359176,0.07881119144889145,3.6152515132511126e-05,25.650587641569622,41.40563622384069,nan,nan,nan
586.1,232.53488159179688,-186.96620178222656,-79.07622528076172,230.8410992593563,-186.379484767408,-79.08755137122682,1.792557872284928,0.32312183257956795,0.07880071688393481,3.540321381828742e-05,25.064956127608447,41.14595292064261,3.6884897480412127,1.3436994299684888,nan
586.11,232.53138732910156,-186.95753479003906,-79.07791900634766,230.83744962010357,-186.37065795137244,-79.08943078251815,1.792758184117228,0.3231699276868823,0.07882094496370065,3.611146635152931e-05,25.05033580725025,39.86237144127126,nan,nan,nan
586.12,232.52781677246094,-186.94886779785156,-79.07958221435547,230.83376222608317,-186.3618159032148,-79.09043315101631,1.7929217707212541,0.323218106358153,0.07884123643587863,3.538583985075094e-05,24.646193614235333,39.68606131822266,nan,0.49269016113210723,nan
586.13,232.52420043945312,-186.94021606445312,-79.08120727539062,230.82999499903286,-186.35298993942945,-79.09223971764581,1.793122503077258,0.3232663705929007,0.07886159243390153,3.609409580674265e-05,24.62859719784776,40.345014726995586,nan,nan,nan
586.14,232.5205078125,-186.93154907226562,-79.08280944824219,230.82613786319752,-186.34418788963623,-79.09532583592556,1.7933319112533914,0.3233147187458582,0.07888201214209549,3.5369815606852915e-05,25.62413850544304,40.590350810924775,nan,1.1883615022870155,nan
586.15,232.5167694091797,-186.9228973388672,-79.0843734741211,230.8125015292896,-186.33458784065476,-79.09711811464452,1.8029973649382052,0.3232518471645669,0.07887152034113584,3.605590817214934e-05,26.199925920153493,41.412998139474155,2.3382502159531087,nan,nan
586.16,232.5129852294922,-186.9142303466797,-79.08589935302734,230.8085283498045,-186.3257823163986,-79.09947463986039,1.8032272811459353,0.32329999239138185,0.07889193495208666,3.533376666083241e-05,26.85150745617842,41.18340293925551,nan,0.2743203365204667,nan
586.17,232.50914001464844,-186.90557861328125,-79.08740234375,230.80451406953915,-186.31696642690972,-79.10117812723654,1.8034421784175587,0.3233482229921029,0.07891241423481321,3.604122949524097e-05,26.84041555033737,41.803930283603684,nan,nan,nan
586.1800000000001,232.50523376464844,-186.89691162109375,-79.08887481689453,230.80048369263176,-186.30812185368686,-79.10112037428544,1.8036064293297893,0.32339653757285514,0.07893295748833323,3.532028088020572e-05,25.761281479137384,39.97604526639672,nan,2.078803485223178,nan
586.19,232.5012664794922,-186.8882598876953,-79.09031677246094,230.79635943316873,-186.2993067882782,-79.10274854751464,1.8038093965126676,0.32344493775832783,0.07895356567638424,3.602782562959029e-05,25.74438742902685,40.91522657904283,nan,nan,nan
586.2,232.4972686767578,-186.8795928955078,-79.09173583984375,230.81201679058435,-186.30659474331884,-79.10435971713348,1.7800449894710555,0.3233820016601119,0.07894305252207175,3.672667542231558e-05,26.28193488286287,38.960155950254844,9.311028129561828,nan,nan
586.21,232.49319458007812,-186.87094116210938,-79.0931167602539,230.80781204274325,-186.29782181894794,-79.105932786034,1.7802090689511532,0.32343019860605127,0.07896365495843838,3.7462139941989984e-05,26.26658804205738,40.45046536532747,nan,nan,nan
586.22,232.48907470703125,-186.86228942871094,-79.09447479248047,230.80354517276612,-186.28905644971286,-79.10793805124149,1.7803895973711765,0.3234784795267984,0.07898432158797311,3.665588879563295e-05,26.76710346874184,40.63788933791067,nan,0.1354398926413013,nan
586.23,232.4849090576172,-186.85362243652344,-79.09580993652344,230.7992358839647,-186.2802841736974,-79.10946227181527,1.7805609223643293,0.3235268459348909,0.07900505333143695,3.738973716311963e-05,26.74962055934737,39.56491323911405,nan,nan,nan
586.24,232.48069763183594,-186.844970703125,-79.09711456298828,230.79485800290703,-186.27152540094283,-79.11181372222413,1.780761307515462,0.32357529666067686,0.07902584958267227,3.658775568318298e-05,27.61144543887451,41.13653120142757,nan,0.4696307300920793,nan
586.25,232.47642517089844,-186.83631896972656,-79.098388671875,230.78919210144906,-186.26384472491137,-79.11310340907978,1.7817684235363758,0.32351229564756667,0.07901531145829112,3.729636715293489e-05,27.686100846706545,41.20569534804267,1.8503759152513113,nan,nan
586.26,232.47210693359375,-186.82765197753906,-79.09963989257812,230.78470449228107,-186.25509688621307,-79.11571057621893,1.7819664975593703,0.3235605429309007,0.07903610133653097,3.649952677141842e-05,28.899918152145077,41.43448590906597,nan,0.8642216545521119,nan
586.27,232.46774291992188,-186.81900024414062,-79.10086822509766,230.78018961469604,-186.24633254160565,-79.11715016747439,1.7821474566244166,0.32360887553356654,0.07905695647456848,3.722950775876854e-05,28.887064343986253,42.03176680719402,nan,nan,nan
586.28,232.46331787109375,-186.8103485107422,-79.1020736694336,230.77564044067734,-186.23755745106573,-79.1177708146027,1.7822993877428939,0.32365729249113095,0.07907787636687205,3.643665972740225e-05,28.470597464123912,41.774451977263865,nan,0.41137725024412203,nan
586.29,232.45884704589844,-186.80169677734375,-79.10325622558594,230.7710281024193,-186.2287945081305,-79.11915563679986,1.7824709218704353,0.3237057950098309,0.07909886178503799,3.7165308889858625e-05,28.452288357229513,41.62818156806427,nan,nan,nan
586.3000000000001,232.454345703125,-186.7930450439453,-79.10440826416016,230.7649470787885,-186.2192768488547,-79.12165037839742,1.7842575330122465,0.3236427281941854,0.07908829476005735,3.635382832754629e-05,29.810485396682648,42.73323506082027,0.10452050556075757,0.906802691957083,nan
586.3100000000001,232.4497833251953,-186.78439331054688,-79.10554504394531,230.76023761055393,-186.2105136019909,-79.12300127437105,1.7844347457209058,0.3236910269616914,0.07910927311512957,3.7080319113335824e-05,29.79380086525685,42.788770484313005,nan,nan,nan
586.32,232.44517517089844,-186.77574157714844,-79.10665130615234,230.75551287005294,-186.20172645290225,-79.12247929220129,1.7845735005609138,0.3237394101078969,0.07913031646236131,3.629603191542241e-05,28.421753088118997,41.489775455851714,nan,2.2465158539095396,nan
586.33,232.44052124023438,-186.76708984375,-79.10774230957031,230.75071036448819,-186.19296453459603,-79.12376868185086,1.7847513863308027,0.3237878786655229,0.07915142548548898,3.702136986824629e-05,28.401025418308315,41.28918231357589,nan,nan,nan
586.34,232.43582153320312,-186.75843811035156,-79.10880279541016,230.7458872242215,-186.18418381554247,-79.12351314158028,1.7848984167353525,0.32383643192944384,0.07917259980936123,3.624066744415432e-05,27.37838447307393,40.3757770680891,nan,1.527582397467643,nan
586.35,232.4310760498047,-186.74978637695312,-79.10984802246094,230.71516898325794,-186.14746994621967,-79.12477159416356,1.8186106941148552,0.3237732998778956,0.07916200080544594,3.6941732091973345e-05,26.09210225226205,41.091876773270414,33.06125800135812,nan,nan
586.36,232.42628479003906,-186.74114990234375,-79.11087799072266,230.7101822912368,-186.13864625057113,-79.12728234011907,1.8188698522637117,0.32382164916790096,0.07918316740348659,3.616545108160317e-05,27.44755118595641,43.18210507493088,nan,1.1111771044791368,nan
586.37,232.4214630126953,-186.7324981689453,-79.11187744140625,230.70517190472225,-186.12980723773714,-79.12848917229185,1.8191117270445472,0.3238700837300742,0.07920439982870749,3.688781291561645e-05,27.43341021027001,42.15512858689932,nan,nan,nan
586.38,232.4165802001953,-186.72384643554688,-79.11286163330078,230.7001430057164,-186.12094905904618,-79.1280123376658,1.8193052061226063,0.32391860300506525,0.07922569778222238,3.611485909571624e-05,26.25381150656436,41.18483915108418,nan,1.8351474454327574,nan
586.39,232.4116973876953,-186.7152099609375,-79.11383056640625,230.69506360278805,-186.11211139256903,-79.12916473021755,1.819558894686541,0.3239672078078053,0.079247061834544,3.683630174134767e-05,26.22668407346334,41.71383261547265,nan,nan,nan
586.4,232.4068603515625,-186.70655822753906,-79.1147689819336,230.71436881880584,-186.11090937921657,-79.13055410680698,1.7943172264480387,0.32390400932221475,0.07923642668597293,3.604448075131666e-05,26.087608651606864,41.11074752742256,6.357928864321709,0.025483325557105672,nan
586.41,232.402099609375,-186.69790649414062,-79.1156997680664,230.70940767869848,-186.10207628848912,-79.13167326897268,1.7945681260056185,0.3239524098516794,0.07925778229239394,3.676417485511828e-05,26.06493606359572,40.71070226913287,nan,nan,nan
586.42,232.3974151611328,-186.68927001953125,-79.11660766601562,230.70456937235056,-186.09320550677722,-79.12928494527766,1.7947647426256126,0.3240008950899937,0.07927920364698192,3.599844366659739e-05,23.537918917141823,39.15795559392796,nan,8.120119534540935,nan
586.4300000000001,232.39280700683594,-186.68063354492188,-79.11749267578125,230.6997678861936,-186.08437344464986,-79.13033453161883,1.7950132268212224,0.3240494657307187,0.07930069125452531,3.671736516653879e-05,23.51343514625014,39.3797553104713,nan,nan,nan
586.44,232.3883056640625,-186.67198181152344,-79.11837005615234,230.69507095776285,-186.075527941424,-79.13003775875401,1.7952540558534433,0.32409812139609023,0.0793222449138283,3.5954585600391355e-05,22.759669049471686,37.18589745347696,nan,1.1811733040957995,nan
586.45,232.38388061523438,-186.66334533691406,-79.11922454833984,230.683261008409,-186.0651891733406,-79.13095791656,1.8027854878131204,0.32403485667291887,0.07931157031788989,3.664998296372064e-05,22.96630608384102,38.30735186667311,1.0099745763110923,nan,nan
586.46,232.37954711914062,-186.65469360351562,-79.12005615234375,230.67872370863526,-186.05634863816724,-79.13078535863723,1.8030341336615212,0.32408330782501116,0.07933311482762752,3.589096909002239e-05,22.36875431465553,36.80840783041839,nan,0.8985539128997234,nan
586.47,232.3752899169922,-186.64605712890625,-79.12088012695312,230.6742588794686,-186.04752027855395,-79.13174283041612,1.8032944712871406,0.3241318442619725,0.07935472574488814,3.660764034743126e-05,22.334424368977317,37.66382641135461,nan,nan,nan
586.48,232.37112426757812,-186.63742065429688,-79.1216812133789,230.66987686113137,-186.03869435852113,-79.13289074196466,1.8035635749056007,0.32418046570623504,0.07937640292470825,3.585134415132355e-05,22.566270174254793,37.78508833308249,nan,0.028524164142030108,nan
586.49,232.36703491210938,-186.6287841796875,-79.12247467041016,230.66558092415133,-186.0298666412684,-79.13381951034445,1.8038227729900385,0.32422917270151047,0.07939814678826236,3.656743108127712e-05,22.531270613799986,37.78152524668787,nan,nan,nan
586.5,232.363037109375,-186.62013244628906,-79.12324523925781,230.6522999144989,-186.0227633597764,-79.1330391134771,1.812061669873765,0.32416584084545097,0.07938742871400906,3.579197845531433e-05,22.341557802855156,35.91756550516044,4.08105657251295,2.1727665091101493,nan
586.51,232.35911560058594,-186.6114959716797,-79.1240005493164,230.64814682615867,-186.01395176467324,-79.13392243317956,1.8123387294243651,0.3242143430341591,0.07940916267812805,3.650664686700967e-05,22.309185688870784,36.76499169433286,nan,nan,nan
586.52,232.3552703857422,-186.6028594970703,-79.12474822998047,230.64405201761542,-186.00515777765665,-79.13678595526962,1.8126391134571207,0.32426293020470265,0.07943096310875788,3.575636046151513e-05,23.616230303948587,38.01126036250595,nan,2.6894715665182445,nan
586.53,232.35150146484375,-186.59422302246094,-79.12547302246094,230.64005522366728,-185.99634632187525,-79.13766053754551,1.8129129380817623,0.3243116028190616,0.07945283037939667,3.647056247595587e-05,23.587587253242766,38.059977858488104,nan,nan,nan
586.54,232.34780883789062,-186.5855712890625,-79.12618255615234,230.63614941978219,-185.98752182678732,-79.13695565450483,1.8131622052577292,0.3243603607221057,0.0794747644160679,3.572265472753923e-05,22.716639518077187,36.32086192662497,nan,1.660922867654483,nan
586.5500000000001,232.3441925048828,-186.57693481445312,-79.12688446044922,230.620124558807,-185.97199045574445,-79.13770318705942,1.8271521569549203,0.32429696167468053,0.07946399939481434,3.6413904238537886e-05,22.712371013922255,37.20937307602896,1.8150210734897965,nan,nan
586.5600000000001,232.3406524658203,-186.56829833984375,-79.12757110595703,230.61633052422087,-185.96316734410533,-79.13862888557708,1.827455048633144,0.32434551451703925,0.07948592278982677,3.5669175982159035e-05,22.878449753573722,37.302123228845545,nan,0.007952326357200994,nan
586.57,232.33717346191406,-186.55966186523438,-79.12824249267578,230.61260888775791,-185.9543431945219,-79.13943474585321,1.827746954607963,0.32439415270165234,0.07950791318080969,3.638170775958485e-05,22.84552987168111,37.470815288768186,nan,nan,nan
586.58,232.33377075195312,-186.55101013183594,-79.12889862060547,230.60894305554538,-185.94553154406074,-79.14188483562066,1.8280600494321593,0.32444287613927386,0.07952997053383644,3.5639149912085575e-05,24.08824348623955,37.759548697218044,nan,1.8673488664063054,nan
586.59,232.33042907714844,-186.54237365722656,-79.1295394897461,230.60536029943262,-185.9367072853842,-79.14268289542018,1.8283508391289047,0.32449168519323857,0.07955209516275481,3.6351363806893714e-05,24.060842988966208,38.71732022353189,nan,nan,nan
586.6,232.32716369628906,-186.5337371826172,-79.13017272949219,230.59499841526926,-185.91556587794904,-79.14436407313644,1.839220953806249,0.32442821826379464,0.0795412792620062,3.558933538321889e-05,24.215869475160797,39.81008621418832,8.048890020230946,0.4586821378602392,nan
586.61,232.32395935058594,-186.52508544921875,-79.13079071044922,230.59154481826712,-185.90670238168678,-79.1451481496874,1.83952816397606,0.3244768219672277,0.0795633924699153,3.630039131245607e-05,24.190209683755,39.0208294293196,nan,nan,nan
586.62,232.32081604003906,-186.51644897460938,-79.13140106201172,230.5881399886526,-185.89785291767748,-79.14800762291188,1.839864983786786,0.32452551088178627,0.07958557282976524,3.556276468153788e-05,26.219510515955022,41.91673828656261,nan,2.9762798093384264,nan
586.63,232.31773376464844,-186.5078125,-79.13199615478516,230.58481417205738,-185.88898906776643,-79.14878981296599,1.8401724869213736,0.3245742853185864,0.07960782062215849,3.627359583082525e-05,26.193199683575344,41.935276886715215,nan,nan,nan
586.64,232.31471252441406,-186.49916076660156,-79.13257598876953,230.58155553672162,-185.880120293434,-79.14883790088737,1.8404642624056498,0.3246231452667248,0.07963013586276153,3.553783925367854e-05,25.814385002653847,40.72374453010776,nan,0.35789644476640753,nan
586.65,232.31175231933594,-186.4905242919922,-79.13314819335938,230.59287235830723,-185.8841717754103,-79.14962284352609,1.8227679799934364,0.3245596102290063,0.0796192654965237,3.6226144631076696e-05,26.210869690112343,41.05136333420779,5.526174887989041,nan,nan
586.66,232.30885314941406,-186.4818878173828,-79.13370513916016,230.5897332731069,-185.87535380209584,-79.15267613479601,1.823078868148577,0.32460826456097863,0.07964156853758603,3.549305270452138e-05,28.812151006424163,43.646597537826274,nan,3.6615840357206424,nan
586.67,232.30601501464844,-186.47323608398438,-79.1342544555664,230.5866676594583,-185.8665214463775,-79.15343218748323,1.8233556330807306,0.32465700432499345,0.07966393916689389,3.6202667492646696e-05,28.786477402195555,42.685991880772484,nan,nan,nan
586.6800000000001,232.30322265625,-186.464599609375,-79.13479614257812,230.58365864052715,-185.85768925106544,-79.15426686656834,1.8236281683185986,0.32470582955079874,0.07968637742736744,3.547126374109035e-05,29.268657836621244,44.207032995540345,nan,0.0053897514373722555,nan
586.69,232.3004913330078,-186.45594787597656,-79.13532257080078,230.58070618223286,-185.84885605948622,-79.15500394488377,1.8238993379464128,0.3247547404885678,0.07970888355894525,3.618076811219094e-05,29.242248049704727,43.26481755708837,nan,nan,nan
586.7,232.29782104492188,-186.4473114013672,-79.13583374023438,230.59208956874528,-185.83769062330057,-79.15416921642097,1.811489318642845,0.32469113678367545,0.07969795486553609,3.542957690302019e-05,27.081630123858126,42.78369223914761,7.575578950578769,1.7485747818076702,nan
586.71,232.29519653320312,-186.43865966796875,-79.13634490966797,230.589276195585,-185.8288340997542,-79.15487209058365,1.8117380269729983,0.32473984181681503,0.0797204479892025,3.6138124541499304e-05,27.046572952479288,41.991815216649144,nan,nan,nan
586.72,232.29263305664062,-186.43002319335938,-79.1368408203125,230.62370528579493,-185.86110978803595,-79.15490330506019,1.7633231752608347,0.32108432698715256,0.07521008680278835,3.5408888199643165e-05,31.17934249131366,46.817629338695944,nan,0.2793260500325919,0.37330311641352226
586.73,232.2901153564453,-186.42137145996094,-79.1373291015625,230.62098267923776,-185.85228947529015,-79.15558149930176,1.7635734601717452,0.3211359536169602,0.07522456469227892,3.611735615864935e-05,31.124567700031335,46.02789131362579,nan,nan,nan
586.74,232.2876434326172,-186.4127197265625,-79.13780212402344,230.61823924907685,-185.84337885392313,-79.15518974963588,1.7639052374785271,0.3211876583743316,0.07523909302353161,3.539147340312694e-05,30.377749197702062,45.438291062280584,nan,0.7773476173890835,nan
586.75,232.2852325439453,-186.40408325195312,-79.13826751708984,230.6234358395693,-185.83779542747965,-79.15582342034484,1.755721617045522,0.32112156513232065,0.07522845049822809,3.607772888087101e-05,30.209175197649806,45.90004349311434,0.5326250416249836,nan,nan
586.76,232.28285217285156,-186.3954315185547,-79.13872528076172,230.62077804910882,-185.82885577452976,-79.15500631174416,1.7560647876722701,0.3211730514979368,0.07524300073809731,3.535406313276116e-05,29.098526532542756,44.3449396795469,nan,1.472564146995905,nan
586.77,232.28053283691406,-186.38677978515625,-79.13917541503906,230.61826522216802,-185.82003653655974,-79.1556254798915,1.756303543666889,0.3212246287909618,0.07525762181717255,3.60616659754165e-05,29.04055634874346,44.0034254715552,nan,nan,nan
586.78,232.27825927734375,-186.37814331054688,-79.13961791992188,230.6155859620289,-185.81095276888914,-79.15299093227839,1.7568057665734136,0.32127628449732654,0.07527229438298505,3.533926801306401e-05,26.531263563052747,42.39581841281131,nan,7.293534333618354,nan
586.79,232.27603149414062,-186.36949157714844,-79.14004516601562,230.61316601062978,-185.80213231978217,-79.153562002008,1.7570432117697588,0.3213280312427515,0.07528703769072698,3.6046920087683573e-05,26.47516772074214,41.51739058621191,nan,nan,nan
586.8000000000001,232.27383422851562,-186.36083984375,-79.14046478271484,230.6268745281051,-185.7992697713882,-79.15607587557543,1.740138186228051,0.3212618274071317,0.07527647878567585,3.530442849322603e-05,27.910007703377996,43.465753406800715,2.569968303341422,2.401464543161477,nan
586.8100000000001,232.27169799804688,-186.35218811035156,-79.14088439941406,230.6245698397647,-185.7904521283116,-79.15665196188596,1.7403525790341325,0.3213133552678928,0.07529124317807152,3.60112773803632e-05,27.847194806392974,43.02223827348548,nan,nan,nan
586.82,232.26959228515625,-186.34353637695312,-79.14128875732422,230.62228131869296,-185.7816008738073,-79.15679881709977,1.740587685777489,0.32136496182763163,0.07530606006333111,3.529205378922612e-05,27.695350319449595,43.19214062811703,nan,0.12357975644323375,nan
586.83,232.2674102783203,-186.3348846435547,-79.14178466796875,230.62000340392458,-185.7727818627236,-79.15740738421111,1.7407334704908521,0.32141665901597344,0.07532094715644537,3.5999006229236194e-05,27.591146406893316,43.149639842799026,nan,nan,nan
586.84,232.26516723632812,-186.32623291015625,-79.14237976074219,230.617682610257,-185.7640009926778,-79.15861546956778,1.7408543650786232,0.3214684353684479,0.07533588739361441,3.528082695473347e-05,28.216051444528837,43.477769167704075,nan,0.1770849618016918,nan
586.85,232.26284790039062,-186.3175811767578,-79.14306640625,230.61544445611793,-185.75936830546618,-79.15928819021262,1.7394835049956991,0.3214021332700809,0.07532542652284525,3.596578493174541e-05,28.49811885023226,43.156236087856655,3.3479491207672734,nan,nan
586.86,232.2604522705078,-186.30892944335938,-79.14384460449219,230.61296108150339,-185.75058611276827,-79.16042447583284,1.7396118488894168,0.3214536905854641,0.07534038778590187,3.5249445790177844e-05,28.913604362559326,43.68799088839538,nan,0.041356862294141594,nan
586.87,232.2579803466797,-186.30027770996094,-79.14470672607422,230.6103903955893,-185.74178515452385,-79.16141120084939,1.7397544714384876,0.321505338120083,0.07535541875558328,3.595579045579986e-05,28.80926011771202,43.72001001039253,nan,nan,nan
586.88,232.2554473876953,-186.2916259765625,-79.14566802978516,230.60769155579118,-185.73291575472203,-79.16156191422274,1.7399738530005648,0.321557065099799,0.07537050381754815,3.5240364639282834e-05,28.151430999268083,42.85739097308563,nan,0.5978443858161013,nan
586.89,232.25283813476562,-186.28297424316406,-79.14671325683594,230.60497891303592,-185.72411371247586,-79.16271958812867,1.740121061892586,0.3216088824134054,0.07538565853134006,3.59468745742529e-05,28.044579266777475,42.91401744565559,nan,nan,nan
586.9,232.25015258789062,-186.27432250976562,-79.14784240722656,230.5913098899648,-185.70593938698082,-79.16444895379855,1.7535946647151595,0.3215424709836618,0.07537527518402681,3.52110754544035e-05,28.34724051251771,44.1018508097467,4.909101689775082,0.1256584998220182,nan
586.91,232.24740600585938,-186.26565551757812,-79.14905548095703,230.5884400155898,-185.69710837607028,-79.16578808654954,1.7537656596814004,0.32159406876833974,0.0753904500966102,3.591689265840544e-05,28.246989385477654,42.980543686910586,nan,nan,nan
586.92,232.24459838867188,-186.2570037841797,-79.15036010742188,230.585430854855,-185.68819286864664,-79.1660106216115,1.7540318416425476,0.32164574627317705,0.07540568000816732,3.520396000443104e-05,27.345130589020876,42.79607042628782,nan,1.0103290875959505,nan
586.9300000000001,232.24171447753906,-186.24835205078125,-79.15174865722656,230.58242569287933,-185.6793614750193,-79.16751026110957,1.7542057958975221,0.3216975137089187,0.07542097912218206,3.5909982525329784e-05,27.240858482681404,42.889949795673594,nan,nan,nan
586.94,232.23876953125,-186.2397003173828,-79.15321350097656,230.57941580743665,-185.6706027950254,-79.17015524178305,1.7543129120165981,0.3217493613229746,0.07543633384179692,3.519777548441321e-05,28.413291550232334,43.941441747480276,nan,0.7851444899264317,nan
586.95,232.23574829101562,-186.23104858398438,-79.15476989746094,230.59861621420907,-185.66965166971914,-79.17185563665092,1.7307974620790048,0.32168285116721845,0.07542603870386128,3.5881950825580926e-05,27.843277010793194,43.89343748213405,4.370034961712865,nan,nan
586.96,232.23268127441406,-186.22238159179688,-79.15640258789062,230.59542786157382,-185.6607985122914,-79.17322231783707,1.7309700160197283,0.3217344790936446,0.07544141346487238,3.51712699536429e-05,27.68966797628255,42.43643965833279,nan,0.10917247810312433,nan
586.97,232.2295379638672,-186.21372985839844,-79.15811157226562,230.5921981682041,-185.65197159852576,-79.17506209769417,1.731109837448075,0.32178619655418733,0.0754568570135925,3.587686986813589e-05,27.59087756676724,43.4950617806697,nan,nan,nan
586.98,232.22633361816406,-186.205078125,-79.15990447998047,230.5888222743498,-185.64304849891752,-79.17551016132941,1.7313475211537215,0.32183799445605016,0.07547235701425101,3.516680671330541e-05,26.444290620755936,42.289807166260154,nan,1.5163131013660307,nan
586.99,232.2230682373047,-186.19642639160156,-79.1617660522461,230.58546673274526,-185.63422146161295,-79.17748772019898,1.7314907570882434,0.32188988201599616,0.07548792579297763,3.587265459773611e-05,26.34638749559338,42.17081827420005,nan,nan,nan
587.0,232.21974182128906,-186.18777465820312,-79.16362762451172,230.58147900699072,-185.62584032298454,-79.17946272737576,1.7320294444070492,0.3218232637603025,0.0754777016070648,3.51419692265177e-05,26.641230936725336,42.286770800670205,0.7203319428418965,0.018730260351865227,nan
587.01,232.2163543701172,-186.17910766601562,-79.16548156738281,230.57799959191516,-185.61701659699938,-79.18148015032116,1.7321687861698933,0.3218749311487686,0.07549328960079348,3.5847202195754766e-05,26.585248106944576,41.35543676903303,nan,nan,nan
587.02,232.21290588378906,-186.1704559326172,-79.16731262207031,230.57452356683723,-185.60826614395216,-79.18465481905511,1.7322398005980413,0.3219266792315112,0.07550893485078554,3.5139068620029374e-05,27.941847374106416,43.56445290983885,nan,0.9667067898670505,nan
587.03,232.2093963623047,-186.16180419921875,-79.16911315917969,230.5709238068497,-185.59944304072695,-79.18663998401357,1.7323826301219423,0.32197851658836496,0.0755246485171709,3.5844578261569384e-05,27.891125690544445,43.521528398215175,nan,nan,nan
587.04,232.20582580566406,-186.1531524658203,-79.17088317871094,230.56715546417144,-185.5904958716997,-79.18654429786342,1.732647743093816,0.32203043508553947,0.07554042000080664,3.513690754155814e-05,26.239842434074134,41.91842224928768,nan,2.945702484082805,nan
587.0500000000001,232.20220947265625,-186.14450073242188,-79.17261505126953,230.5413223713274,-185.5772429829899,-79.18850264453617,1.7551580365514086,0.32196371768679805,0.07553027420272797,3.582066407453471e-05,27.135579752252056,41.700998551820646,6.646286372791473,nan,nan
587.0600000000001,232.19851684570312,-186.13584899902344,-79.17431640625,230.53765847619238,-185.56859711145177,-79.19318716990588,1.7551584923443473,0.32201541584271787,0.07554606464685792,3.5114262812954494e-05,30.169066803483602,45.14310296518978,nan,5.554312166890577,nan
587.07,232.1947784423828,-186.127197265625,-79.17597961425781,230.53379008693238,-185.55978561896657,-79.1950531603707,1.7553353223435304,0.32206720289852575,0.07556192318008219,3.581947772011308e-05,30.124072724235514,44.81179668857971,nan,nan,nan
587.08,232.1909942626953,-186.11854553222656,-79.1776123046875,230.52979637500397,-185.5508973687896,-79.19554559645614,1.7555980355642895,0.3221190713304831,0.0755778402750583,3.511345235013162e-05,29.06735678779617,43.513252527688614,nan,1.262140215653364,nan
587.09,232.1871337890625,-186.10989379882812,-79.17921447753906,230.52581586952863,-185.54208656944436,-79.1973344225028,1.7557649648829148,0.32217102879996307,0.07559382549477496,3.581897160814737e-05,29.01468602292821,43.9059677637472,nan,nan,nan
587.1,232.1832275390625,-186.1012420654297,-79.1807861328125,230.49226327451913,-185.5262263480926,-79.19800113839189,1.7861409730378184,0.32210420447833965,0.07558374362554973,3.5092109109777185e-05,29.307928499662587,43.20029208509219,9.930460603410662,0.8435604906274784,nan
587.11,232.1792755126953,-186.09259033203125,-79.18231964111328,230.48812509361125,-185.51742501595731,-79.19971753918743,1.7863671424542171,0.32215594113563784,0.0755997469813224,3.57970657375406e-05,29.260428924837747,42.92985825459265,nan,nan,nan
587.12,232.17526245117188,-186.0839385986328,-79.18383026123047,230.483806327557,-185.50848429077007,-79.19883732132281,1.7867279284783808,0.3222077593921666,0.07561580960261337,3.509251262591929e-05,27.16428977780317,41.000757457805896,nan,4.627321141838229,nan
587.13,232.1711883544922,-186.07528686523438,-79.185302734375,230.47956100723664,-185.49968360725097,-79.20046907980672,1.7869393416167496,0.32225966632904157,0.07563194007293783,3.5797793523634974e-05,27.11367046714821,41.04410105429747,nan,nan,nan
587.14,232.16708374023438,-186.06663513183594,-79.18675231933594,230.47526003441746,-185.49087998091088,-79.20201059744214,1.7871749383962352,0.32231165529578204,0.07564813032526707,3.509349089939943e-05,27.26552336642914,40.79023914809898,nan,0.002663328693169872,nan
587.15,232.16290283203125,-186.0579833984375,-79.18817138671875,230.4518576301059,-185.46403473641718,-79.20355500001078,1.8112667809313443,0.32224473148463956,0.07563811705168236,3.57770739282471e-05,26.479472960484344,41.97376648130374,16.883445405960416,nan,nan
587.16,232.15869140625,-186.04933166503906,-79.18955993652344,230.44737036051743,-185.45512208646133,-79.20397836547102,1.8116049889349712,0.32229649945530764,0.07565432509206688,3.507383498928902e-05,25.73587397557433,40.78226758984736,nan,0.8862162332408355,nan
587.17,232.1544189453125,-186.04067993164062,-79.19092559814453,230.44288548379967,-185.44626772692888,-79.20548626580438,1.811873249438565,0.32234835576107707,0.0756706007383486,3.5778904718612515e-05,25.677867859119992,40.927200314213685,nan,nan,nan
587.1800000000001,232.1501007080078,-186.03204345703125,-79.1922607421875,230.4382499896499,-185.4373052276355,-79.20479666710797,1.8122647689730338,0.32240029429961314,0.07568693681340082,3.5075847832506247e-05,24.17509102493607,40.1625106366727,nan,3.3137408186876547,nan
587.19,232.14572143554688,-186.0233917236328,-79.19356536865234,230.43366561520548,-185.42845176548764,-79.20623058980613,1.8125256118437305,0.32245232132719875,0.07570334057342872,3.578125807369208e-05,24.121550169962248,39.390040651579596,nan,nan,nan
587.2,232.1413116455078,-186.01473999023438,-79.1948471069336,230.41749131066535,-185.41921143052042,-79.20795900785103,1.8238373650621946,0.3223852917010237,0.07569338378685575,3.505718377987675e-05,25.151234717524407,39.483109426444145,3.0998255997187303,0.07425054284711191,nan
587.21,232.1368408203125,-186.00608825683594,-79.19610595703125,230.4127910024456,-185.41037270917408,-79.2093457400995,1.8241162463145388,0.3224370972777093,0.07570980451170513,3.576206425943681e-05,25.093617012961932,39.625580291019475,nan,nan,nan
587.22,232.13232421875,-185.99745178222656,-79.19733428955078,230.40809194747953,-185.40158666193344,-79.211812016896,1.824346943829911,0.3224889852758529,0.0757262862739318,3.5060116128015596e-05,26.11410484468386,41.39498045269069,nan,0.8573904799729649,nan
587.23,232.1277618408203,-185.98880004882812,-79.19854736328125,230.40329673834074,-185.39274915031413,-79.2131616694369,1.8246287680604032,0.3225409614371921,0.07574283552609215,3.576535044148677e-05,26.052963909525097,40.50531513460402,nan,nan,nan
587.24,232.12315368652344,-185.98016357421875,-79.1997299194336,230.3983975014218,-185.38385188048065,-79.21316576006296,1.8249800152189435,0.3225930204334574,0.07575944629041097,3.506348476310594e-05,25.174204296335123,40.35008967821112,nan,1.2299312963059408,nan
587.25,232.11849975585938,-185.9715118408203,-79.20088958740234,230.38282845692984,-185.36588593457958,-79.21445858887907,1.838347549849786,0.3225258910573701,0.07574954835193189,3.574704916593219e-05,24.863045570248445,39.87056421120375,3.8194861609386344,nan,nan
587.26,232.11380004882812,-185.96287536621094,-79.2020263671875,230.37786957256603,-185.357017530758,-79.21556515123504,1.8386684404396503,0.3225777284031744,0.07576617564472404,3.504608572146375e-05,24.888084032297037,40.720285231663155,nan,0.018305780166628427,nan
587.27,232.1090545654297,-185.9542236328125,-79.20314025878906,230.3728722193765,-185.34815691498292,-79.2168093715962,1.838976032973904,0.3226296535992913,0.07578287026205774,3.5751159191796915e-05,24.83129366993124,39.76304357095516,nan,nan,nan
587.28,232.10426330566406,-185.94558715820312,-79.20423126220703,230.36774557599458,-185.33920915552366,-79.21598772460013,1.8393820489495931,0.3226816617974721,0.07579962694761193,3.50502257954267e-05,23.49428564606901,39.26449383732091,nan,2.9429224740597464,nan
587.29,232.0994415283203,-185.93695068359375,-79.2052993774414,230.362659855695,-185.33034980867853,-79.21716931394162,1.839705437076165,0.3227337580174472,0.07581645107692424,3.5755660889291764e-05,23.438410434433592,38.932540266198956,nan,nan,nan
587.3000000000001,232.0945587158203,-185.9282989501953,-79.20634460449219,230.36365900950344,-185.3201824550954,-79.2181847791821,1.8346551868613208,0.3226665238575473,0.07580660180529189,3.503356313095037e-05,23.01362014106754,38.3865743325197,1.8418356021047482,0.00950957424707933,nan
587.3100000000001,232.0896453857422,-185.91966247558594,-79.2073745727539,230.35849668563108,-185.3113105596066,-79.21932426189107,1.8349688473220964,0.3227183979900203,0.07582344163885073,3.573848704559069e-05,22.954877454387876,39.00029008237604,nan,nan,nan
587.32,232.08468627929688,-185.91102600097656,-79.20838165283203,230.35331363944485,-185.30246166650085,-79.22099742753936,1.8352550027163828,0.3227703552770259,0.07584034406198187,3.5038379876416224e-05,23.449132291225222,39.46053613875309,nan,0.21572260834580317,nan
587.33,232.07968139648438,-185.9023895263672,-79.20936584472656,230.34806667280927,-185.2935912882204,-79.22210353546936,1.8355617926903234,0.3228224002931406,0.07585731380669888,3.574367395790394e-05,23.3935387847135,39.40203467173276,nan,nan,nan
587.34,232.0746307373047,-185.8937530517578,-79.21033477783203,230.34272086889158,-185.28466377867457,-79.22170280319986,1.8359277673406869,0.32287452885957896,0.07587434657799233,3.504351932586756e-05,22.489717498232924,38.54951749798789,nan,1.5595648663929804,nan
587.35,232.06954956054688,-185.88511657714844,-79.2112808227539,230.3405651254406,-185.27833003532874,-79.22270770533885,1.8324048837030722,0.32280719478351283,0.07586454645886226,3.5727153224370114e-05,22.498176161912,38.09198603368147,0.38050090164692973,nan,nan
587.36,232.06443786621094,-185.87648010253906,-79.21221160888672,230.33519557432388,-185.26945939706786,-79.22349655936411,1.8327248541526486,0.3228591010468619,0.07588159441584572,3.502777709082995e-05,22.428147823752173,37.97690800178802,nan,0.04265382648445766,nan
587.37,232.05935668945312,-185.8678436279297,-79.21312713623047,230.32983667875718,-185.2605988222686,-79.22451138585488,1.833061734514033,0.3229110947597368,0.07589870959826225,3.5732936602464594e-05,22.370317594459486,37.9579937415116,nan,nan,nan
587.38,232.05433654785156,-185.8592071533203,-79.21401977539062,230.3245374761494,-185.25174766558575,-79.22574361405668,1.833398294450351,0.32296317215380244,0.07591588828154948,3.5033474152195854e-05,22.61847904302188,38.20526809275431,nan,0.03880122317447691,nan
587.39,232.04940795898438,-185.85057067871094,-79.21488952636719,230.31930477741668,-185.24288875233347,-79.22672664605216,1.833759651622573,0.32301533718649994,0.07593313434539246,3.573900561997187e-05,22.568639382846662,37.90762319100538,nan,nan,nan
587.4,232.04457092285156,-185.84193420410156,-79.21574401855469,230.3121700237622,-185.22951817741998,-79.22831929295056,1.8375049394296066,0.32294789927972317,0.07592337473959311,3.5018262527259374e-05,22.845565362429788,38.66873427056211,1.5107290179726724,0.27153005787653933,nan
587.41,232.03982543945312,-185.8332977294922,-79.21659088134766,230.30711084075867,-185.2206435012078,-79.22927573375301,1.8378808420145671,0.3229998415905654,0.0759406351607789,3.572329130583262e-05,22.78786413068888,38.670126082930814,nan,nan,nan
587.42,232.03517150878906,-185.82467651367188,-79.21741485595703,230.30210030727832,-185.2117272991748,-79.22896459822543,1.8383078973895837,0.32305186769910726,0.07595795952636432,3.5024440876744165e-05,22.045139463900767,38.70041976347013,nan,1.1047971935266732,nan
587.4300000000001,232.0305938720703,-185.8160400390625,-79.21821594238281,230.2972254067145,-185.2028540713569,-79.2298771146112,1.838667792348249,0.3231039811865167,0.07597535121389119,3.572984684795321e-05,21.995942486911908,37.9212622474506,nan,nan,nan
587.44,232.026123046875,-185.80740356445312,-79.21900939941406,230.2924586776259,-185.19399777507246,-79.23128004098972,1.8390240281992827,0.32315617885018344,0.07599280724963986,3.503085106440926e-05,22.442947389975355,38.12303706758193,nan,0.18025933974431751,nan
587.45,232.02174377441406,-185.7987823486328,-79.21978759765625,230.31937298761753,-185.2020366092653,-79.23213817291703,1.8039745868223356,0.32308864095719436,0.07598308715453185,3.571459524294963e-05,22.243473416308092,37.96815247326274,10.790415981372773,nan,nan
587.46,232.01744079589844,-185.79014587402344,-79.22054290771484,230.31471792601914,-185.19310090987685,-79.22993516750057,1.8043880057700088,0.32314061566794894,0.07600055695352621,3.501628559645126e-05,20.44583490220483,35.424788473359605,nan,6.668991730348753,nan
587.47,232.0132293701172,-185.78150939941406,-79.2212905883789,230.3102508900009,-185.18426164380125,-79.23076177163748,1.8046967303777206,0.32319267751036046,0.07601809403787939,3.572156664679957e-05,20.392312284437057,35.309134090684076,nan,nan,nan
587.48,232.0091094970703,-185.77288818359375,-79.22201538085938,230.30586625118084,-185.17542035106544,-79.23149814132842,1.8050194703438185,0.3232448236248727,0.07603569587292439,3.5023083981693066e-05,20.402432728031783,35.92104762431857,nan,0.004103019439974075,nan
587.49,232.0050506591797,-185.76425170898438,-79.22273254394531,230.30156714869858,-185.16658150786031,-79.23229634047888,1.8053136032271082,0.32329705707702117,0.07605336517962466,3.572873997236992e-05,20.349128265222674,35.469817755375345,nan,nan,nan
587.5,232.00108337402344,-185.75563049316406,-79.22343444824219,230.32558468296068,-185.1692899736269,-79.23317437596434,1.7751580027693779,0.3232294162313071,0.0760436771582371,3.500888757502678e-05,20.037939762054755,35.70627103582196,6.730229810296937,0.008738993328827827,nan
587.51,231.99720764160156,-185.7469940185547,-79.22412109375,230.32149351310457,-185.1604653549275,-79.23394676698926,1.7754239655798614,0.32328142632963,0.07606135939210838,3.571404260823287e-05,19.98677871479121,34.51379705450888,nan,nan,nan
587.52,231.99339294433594,-185.73837280273438,-79.22479248046875,230.3174370909312,-185.1516007163693,-79.23326831638397,1.7757255823164964,0.323333520782402,0.0760791067525017,3.5016014076205186e-05,19.28855254182259,34.99131931246699,nan,1.4581464485917577,nan
587.53,231.98965454101562,-185.729736328125,-79.22545623779297,230.3135011307372,-185.142776037882,-79.23400069294934,1.7759745619867688,0.3233857023441844,0.07609692157949892,3.572154713647567e-05,19.23558714462816,34.12301211750125,nan,nan,nan
587.54,231.9860076904297,-185.72109985351562,-79.2260971069336,230.3096449425752,-185.13395543134783,-79.2348784534415,1.7762341475502268,0.32343796862286545,0.07611480190852708,3.502330163199485e-05,19.34939306956881,33.768369398282644,nan,0.017503924140885294,nan
587.5500000000001,231.982421875,-185.7124786376953,-79.22673797607422,230.29364957243084,-185.11973139722605,-79.23553211974637,1.7897984573609418,0.3233702278146194,0.07610514380834542,3.570716502753996e-05,19.451769477659077,35.15296427719481,1.4434844085249796,nan,nan
587.5600000000001,231.97889709472656,-185.70384216308594,-79.22735595703125,230.28990162205906,-185.11088715019545,-79.23578538453684,1.7900760903524016,0.32342227049415145,0.07612303640171908,3.500953878907922e-05,19.270761301702585,34.20578142310878,nan,0.13873760278473438,nan
587.57,231.9754638671875,-185.69520568847656,-79.22796630859375,230.28623716613203,-185.10205402772897,-79.23646612879526,1.7903597367986828,0.3234744000656028,0.07614099647462032,3.5714945784227625e-05,19.220525854533403,33.75811005055699,nan,nan,nan
587.58,231.97207641601562,-185.68658447265625,-79.22856140136719,230.2826176032062,-185.0931992219594,-79.23625512160868,1.7906524870155958,0.3235266144172473,0.07615902239040967,3.501708392574631e-05,18.842296381193783,34.66000425535442,nan,0.5467562722174759,nan
587.59,231.96878051757812,-185.67794799804688,-79.2291488647461,230.27909049978078,-185.0843659179298,-79.23690453497375,1.7909361218370656,0.32357891588233145,0.07617711599832507,3.57228641711903e-05,18.792558763669334,33.28902141474593,nan,nan,nan
587.6,231.9655303955078,-185.6693115234375,-79.22972106933594,230.25066069397033,-185.06226792670154,-79.23577574025879,1.8191527370260494,0.32351107293039055,0.07616748129375256,3.5003566788653456e-05,18.277654945831365,33.61497515839487,6.953137749117529,1.9706833995152622,nan
587.61,231.9623565673828,-185.6606903076172,-79.23027801513672,230.24722458500307,-185.05340873693459,-79.23638517830267,1.819479574085551,0.32356315041219774,0.07618558631849595,3.570884361998596e-05,18.23072555311814,34.19621734293058,nan,nan,nan
587.62,231.95924377441406,-185.6520538330078,-79.23082733154297,230.2438560123206,-185.0445522354147,-79.23712292628113,1.8197947686294984,0.32361531272522037,0.07620375750440166,3.5011323315219094e-05,18.27544807190617,33.43296962880401,nan,0.013555685815412975,nan
587.63,231.95619201660156,-185.64341735839844,-79.23136901855469,230.24054647235997,-185.03569212600078,-79.23771336040085,1.8201125905400157,0.3236675619513804,0.07622199642093873,3.5716975213974836e-05,18.227588771578585,33.44866090610235,nan,nan,nan
587.64,231.9532012939453,-185.63478088378906,-79.23189544677734,230.2372530901132,-185.02679321730605,-79.23650489715875,1.8204802904351731,0.32371989635666276,0.07624030185066323,3.501918734560052e-05,17.664776469901334,32.83873335061179,nan,2.2576481317623553,nan
587.65,231.95025634765625,-185.6261444091797,-79.23241424560547,230.1988088577277,-184.99772696768372,-79.2370453800894,1.8607789331782463,0.3236519535538945,0.07623068752722784,3.570315902766117e-05,17.730211751750215,34.20528036765295,14.756512799353445,nan,nan
587.66,231.9473876953125,-185.61752319335938,-79.23292541503906,230.1955847149498,-184.9887929613166,-79.23608365273101,1.8612160973829774,0.3237040637179264,0.07624900364888396,3.5005943753941784e-05,17.371814046355773,34.50434893531703,nan,1.5992211294981251,nan
587.67,231.944580078125,-185.60888671875,-79.2334213256836,230.19245539669723,-184.97988902218395,-79.23660300757685,1.8616092835644744,0.32375626060501905,0.07626738755374803,3.5711462079734675e-05,17.32921624764302,33.44976354509814,nan,nan,nan
587.6800000000001,231.9418182373047,-185.60025024414062,-79.2339096069336,230.18935932455668,-184.97096526443454,-79.23612550713919,1.8620195317899733,0.32380854270522313,0.07628583826094923,3.501396767348757e-05,17.14449439597,33.461341240184645,nan,0.6884115375477567,nan
587.69,231.93910217285156,-185.59161376953125,-79.23439025878906,230.18634219844677,-184.96205997967854,-79.23661700428615,1.8623937447781864,0.323860911763863,0.07630435698552751,3.571985489986264e-05,17.101268082052208,33.59550026780166,nan,nan,nan
587.7,231.93646240234375,-185.58297729492188,-79.23485565185547,230.1910833775814,-184.95676556562674,-79.23732865489103,1.854317983985262,0.32379286756562814,0.0762947571874878,3.500087850472409e-05,17.040293450239844,32.99366290601365,0.550898055150785,0.032024663762305484,nan
587.71,231.93385314941406,-185.5743408203125,-79.23531341552734,230.18818688418398,-184.9478649830071,-79.23780566477714,1.8546775718696191,0.32384501201419574,0.07631328574150131,3.570625758364342e-05,16.9978652938428,33.325674890801224,nan,nan,nan
587.72,231.93130493164062,-185.56570434570312,-79.23576354980469,230.18211029741374,-184.94923706104348,-79.23818566346698,1.8546481197516549,0.32378930236657916,0.07524017174683144,3.5007157538314464e-05,21.47787789552433,37.68198737522349,nan,0.004014028725813743,0.09670000484888625
587.73,231.92881774902344,-185.5570526123047,-79.2362060546875,230.17930883211613,-184.9403532658438,-79.23864564597498,1.8550216941774793,0.3238410429542144,0.07525494109024908,3.57128638927215e-05,21.417749530308008,36.61959113196746,nan,nan,nan
587.74,231.92637634277344,-185.5484161376953,-79.23664093017578,230.17654070877808,-184.93135859415474,-79.23715995347672,1.855447392793838,0.3238928681258697,0.07526976670980533,3.5015438170559436e-05,21.197727038694804,37.37828332279746,nan,2.648895912226409,nan
587.75,231.92398071289062,-185.53977966308594,-79.237060546875,230.1737695643797,-184.92817546125315,-79.23752277769486,1.8539954093062765,0.32382600375504206,0.07525905319010659,3.569945649619211e-05,21.826810410778837,37.028578211496416,5.516985958352542,nan,nan
587.76,231.921630859375,-185.53114318847656,-79.23748016357422,230.1711289013343,-184.9193972526809,-79.2393753251978,1.8543176067503664,0.3238776088337288,0.07527389897836215,3.500256928760731e-05,21.86255736669395,37.16188014915024,nan,1.4566535537161092,nan
587.77,231.91920471191406,-185.5225067138672,-79.23799133300781,230.16846389540567,-184.910538927384,-79.23984975646776,1.8546162492600364,0.323929298500553,0.07528881006028704,3.570813581468099e-05,21.79208208824724,37.172227212893,nan,nan,nan
587.78,231.9167022705078,-185.51385498046875,-79.23859405517578,230.16571448060736,-184.90159294215755,-79.23880751103296,1.8549455758864866,0.32398107271431087,0.07530377811997506,3.501093777256194e-05,21.633711425472544,36.262334017141534,nan,1.8322048706005414,nan
587.79,231.9141387939453,-185.50521850585938,-79.23928833007812,230.16290677671478,-184.8927330294217,-79.23945410055127,1.8552498657863516,0.32403293179226295,0.075318811540135,3.57168697036465e-05,21.569242484412765,36.940445824683245,nan,nan,nan
587.8000000000001,231.91151428222656,-185.49656677246094,-79.24007415771484,230.1419253504714,-184.8626519221559,-79.23980584660339,1.8797055878031703,0.3239659716914393,0.07530818231075549,3.4998156469457426e-05,20.327995552957354,37.32528786143706,32.93534141984727,0.11282099158969161,nan
587.8100000000001,231.9088134765625,-185.48793029785156,-79.24095153808594,230.13894714442256,-184.85371557317393,-79.24063302925481,1.8800678849680639,0.32401761036690546,0.07532323525114343,3.570357663262321e-05,20.26561974712512,38.343189093468055,nan,nan,nan
587.82,231.90603637695312,-185.4792938232422,-79.24191284179688,230.13589549461452,-184.8447412081748,-79.24081782362654,1.8804406301928678,0.32406933354736,0.07533834583470263,3.500658719110778e-05,20.233598691865566,38.462492838874795,nan,0.37908467112557326,nan
587.83,231.9031982421875,-185.47064208984375,-79.24296569824219,230.13278110133,-184.83580366585653,-79.24181779614545,1.8807971700563053,0.3241211415098057,0.07535352158360388,3.5712373629210964e-05,20.175082583056994,37.38470977493675,nan,nan,nan
587.84,231.90029907226562,-185.46200561523438,-79.24410247802734,230.12959376777593,-184.82681837526752,-79.24195527885816,1.8811870496122722,0.32417303427583144,0.07536875546428708,3.5015057720047345e-05,20.20765425997091,38.29494184305058,nan,0.6381894077727779,nan
587.85,231.89732360839844,-185.45335388183594,-79.24533081054688,230.13817444835396,-184.82459821198506,-79.24305055783313,1.8681393575446226,0.32410597871188324,0.07535821443445949,3.5699145887779015e-05,20.182562519541985,37.03915111435634,1.9919687319514094,nan,nan
587.86,231.894287109375,-185.44471740722656,-79.24664306640625,230.13486993102376,-184.81558297124477,-79.24241939561648,1.8685226210593548,0.32415765078415315,0.07537346760145051,3.5002349085838505e-05,20.484324919359484,38.231119723339056,nan,2.5018074597307605,nan
587.87,231.8911895751953,-185.43606567382812,-79.24803924560547,230.13151178882632,-184.8066580073607,-79.24373726464478,1.8688601952764243,0.32420940755901356,0.07538878576677961,3.57079834612093e-05,20.43273625937087,37.19927097768821,nan,nan,nan
587.88,231.88803100585938,-185.4274139404297,-79.24951934814453,230.1280820131721,-184.79766668069774,-79.24372405260456,1.8692339750419757,0.3242612490893507,0.07540416267873447,3.501085804471992e-05,20.813969831451498,37.52846357871548,nan,1.4142764643939612,nan
587.89,231.88479614257812,-185.4187774658203,-79.2510757446289,230.12459689441224,-184.7887416668241,-79.2451960307204,1.8695670815181236,0.32431317560341416,0.0754196046940219,3.571685171463307e-05,20.76068790845236,38.660925536296354,nan,nan,nan
587.9,231.8815155029297,-185.41012573242188,-79.25271606445312,230.1349225450412,-184.78380526930886,-79.24687644026687,1.8555048866199129,0.32424602458210483,0.07540914108514249,3.49981920867788e-05,20.325455099074702,37.20994580760613,1.969839054185172,0.011059988181675057,nan
587.91,231.87815856933594,-185.4014892578125,-79.25444030761719,230.13133580511126,-184.77487840114256,-79.2485141054873,1.8558195104001507,0.32429773009735446,0.07542460172996952,3.570366798043241e-05,20.27338667138369,38.32660090689703,nan,nan,nan
587.92,231.874755859375,-185.39283752441406,-79.25624084472656,230.12767664864688,-184.7658419862338,-79.24774915232882,1.8562007656221138,0.32434952031628617,0.07544012170224183,3.50067212961996e-05,21.290968201998506,38.171982627455584,nan,4.35312418386123,nan
587.9300000000001,231.8712921142578,-185.3842010498047,-79.25810241699219,230.12396863772955,-184.75691524981949,-79.24951409132453,1.8565291718224286,0.3244013954434633,0.07545570665264283,3.571255748109057e-05,21.23648112858395,39.04359765194003,nan,nan,nan
587.94,231.8677520751953,-185.37554931640625,-79.25997161865234,230.1202046057291,-184.74802564561494,-79.25217773512335,1.8568168622838443,0.3244533555687992,0.07547135138240482,3.501527170367354e-05,20.84670239328022,38.07405082634446,nan,0.5232770211654779,nan
587.95,231.86416625976562,-185.36691284179688,-79.26183319091797,230.13211255530507,-184.7553546299109,-79.25394001881573,1.8368657500826073,0.32438610928056555,0.07546096703431546,3.5699401405606736e-05,21.561421843926468,37.618429332222156,16.12922983056955,nan,nan
587.96,231.8605194091797,-185.35826110839844,-79.263671875,230.12825458125715,-184.74648192905684,-79.25573275509885,1.8371385979174708,0.3244378481333966,0.07547663250561258,3.6419025482246296e-05,21.488422283313245,36.699052036605835,nan,nan,nan
587.97,231.85682678222656,-185.349609375,-79.2654800415039,230.12433922180333,-184.73760956891113,-79.25749902477963,1.8374222721797062,0.3244896717998758,0.0754923604295992,3.715310692344431e-05,21.414664451546276,36.414325480927566,nan,nan,nan
587.98,231.85305786132812,-185.34097290039062,-79.26725006103516,230.1203644391359,-184.72870660972168,-79.25846617168288,1.8377088079208495,0.32454158040674325,0.07550814847957434,3.637013124595632e-05,21.761682610521635,38.072626669280254,nan,0.3855297801087576,nan
587.99,231.8492431640625,-185.33233642578125,-79.26898956298828,230.1163362783561,-184.71983463974104,-79.26016174141053,1.8379887493847478,0.32459357413429185,0.07552400173533655,3.7102856134804683e-05,21.681553193510766,37.75936280826028,nan,nan,nan
588.0,231.8453826904297,-185.3236846923828,-79.27069854736328,230.17123748970204,-184.72894564920688,-79.26373546158128,1.7766612415316714,0.3245262326510811,0.07551368734927566,3.629985788355114e-05,19.29382263589281,35.13941700599681,33.20450455028361,2.4307452558522535,nan
588.01,231.84144592285156,-185.31504821777344,-79.27236938476562,230.16719522150981,-184.7200734826391,-79.26538448457997,1.7768396481455833,0.3245780047837623,0.07552955824639901,3.7030376118093725e-05,19.21604291654171,36.49247643719642,nan,nan,nan
588.02,231.8374786376953,-185.306396484375,-79.27400970458984,230.16309811226864,-184.71119238508248,-79.26675848423781,1.7770398543474768,0.3246298617981514,0.07554548980410129,3.625377815762894e-05,19.29231597769654,35.1161159799827,nan,0.03867561983609485,nan
588.03,231.83343505859375,-185.29776000976562,-79.2756118774414,230.15894823628463,-184.70232059228755,-79.26834060340593,1.7772189199419481,0.32468180386149736,0.07556148647410858,3.6983088705393e-05,19.212604301105625,36.5273414121875,nan,nan,nan
588.04,231.82936096191406,-185.2891082763672,-79.27719116210938,230.1547530219148,-184.69356673162875,-79.2731162365917,1.7773570517023416,0.3247338310984009,0.07557754423694057,3.620909719175686e-05,18.185664870666375,33.91851085662153,nan,6.852460693176366,nan
588.0500000000001,231.82522583007812,-185.2804718017578,-79.27873229980469,230.1126409505748,-184.66728700188372,-79.27472389306652,1.8190543245391748,0.3246663945718037,0.07556730030318556,3.691381697642608e-05,18.56053517238904,35.81271460721178,12.898126005146844,nan,nan
588.0600000000001,231.82102966308594,-185.27183532714844,-79.28024291992188,230.1082725877894,-184.658402214015,-79.27659674076655,1.8192993920433616,0.32471819991781814,0.07558337531790103,3.614335382731362e-05,18.435984221565594,35.85186036701381,nan,0.08107408187360311,nan
588.07,231.81678771972656,-185.26318359375,-79.28172302246094,230.1038523753082,-184.6495055995172,-79.27809348262481,1.8195497652778407,0.324770090242063,0.07559951537902482,3.6869534937035785e-05,18.370417391261416,34.757775000492614,nan,nan,nan
588.08,231.8125,-185.25454711914062,-79.2831802368164,230.0993778500606,-184.64053824083038,-79.27746615588204,1.8198425904395552,0.3248220656777654,0.07561571701823434,3.610156341870328e-05,18.861673693207745,35.89692937079937,nan,2.910170151429133,nan
588.09,231.80816650390625,-185.24591064453125,-79.28459930419922,230.0948570570865,-184.6316425959773,-79.27888514459094,1.820106356138593,0.32487412637867946,0.07563198386442514,3.682673659727034e-05,18.78852730342343,35.9097001216999,nan,nan,nan
588.1,231.80377197265625,-185.23727416992188,-79.28599548339844,230.0833872862565,-184.6273041294512,-79.28105794315225,1.8253249844272132,0.3248065949169053,0.07562180228667176,3.603890269906232e-05,19.35999068546476,35.43559477183052,7.039274464740982,0.37243906983354,nan
588.11,231.79934692382812,-185.22862243652344,-79.28736114501953,230.07875739218332,-184.61843925651243,-79.28243012689134,1.8255892650083736,0.3248584334272776,0.0756380856925254,3.676222390889294e-05,19.29184725385909,34.212966145148314,nan,nan,nan
588.12,231.79486083984375,-185.21998596191406,-79.28870391845703,230.07408087388237,-184.60961596848006,-79.28507278861505,1.8258281423076541,0.32491035698489706,0.07565443113013169,3.600000890202082e-05,18.941737217598167,34.8468180716088,nan,1.1214343257264285,nan
588.13,231.7903289794922,-185.2113494873047,-79.2900161743164,230.06935528769304,-184.60075221338244,-79.2864053849862,1.8260866673259655,0.32496236573842013,0.07567084174761332,3.6722452802566104e-05,18.87599961851086,34.81582764168262,nan,nan,nan
588.14,231.78575134277344,-185.2027130126953,-79.29129791259766,230.06458268297155,-184.591885795274,-79.28760937800556,1.8263474615511481,0.32501445982912475,0.07568731479496045,3.5962539182789026e-05,18.84512493680848,34.85375467383382,nan,0.007095359225684659,nan
588.15,231.7811279296875,-185.19407653808594,-79.29256439208984,230.04050383175172,-184.57318222309885,-79.28886821441357,1.8480518559898254,0.32494683356666393,0.07567719459233173,3.666113184097607e-05,18.942833886405285,35.049383261480834,3.7528341639125027,nan,nan
588.16,231.7764434814453,-185.18544006347656,-79.2938003540039,230.035607625513,-184.5643185909913,-79.29070062020443,1.8483265320909894,0.3249987051697073,0.07569368372955372,3.590440112438706e-05,18.78378765734496,35.27421706452131,nan,0.22271211734355292,nan
588.17,231.771728515625,-185.1768035888672,-79.29501342773438,230.0306656662886,-184.55543847184074,-79.29193843635291,1.848622165172935,0.3250506618996563,0.07571023804181803,3.662436197542995e-05,18.721484702812894,34.878268086221446,nan,nan,nan
588.1800000000001,231.7669677734375,-185.1681671142578,-79.29619598388672,230.0256784102611,-184.54652304398755,-79.29188449173667,1.8489317416762676,0.3251027039001936,0.0757268551961598,3.586980513803822e-05,18.928920522268072,35.236621636120255,nan,1.0803907853174923,nan
588.19,231.76217651367188,-185.15953063964844,-79.29736328125,230.02064728255868,-184.53764408219385,-79.29306324613546,1.8492391525885463,0.3251548313162005,0.07574353771765407,3.658906081706368e-05,18.864474832733805,34.68660451137541,nan,nan,nan
588.2,231.75732421875,-185.15089416503906,-79.29850006103516,229.98363295135326,-184.52390687523794,-79.29472979234102,1.8812517079162066,0.3250871103803039,0.07573347191151376,3.5814664889194896e-05,20.034929008794162,35.35365993982626,15.484246079869203,0.1305455135672623,nan
588.21,231.75242614746094,-185.1422576904297,-79.29962158203125,229.9784625835392,-184.51504976021462,-79.2958698645641,1.8815819379528862,0.32513901501066067,0.0757501698195307,3.6532373220043726e-05,19.971511321350345,35.10414055149497,nan,nan,nan
588.22,231.74749755859375,-185.13363647460938,-79.30071258544922,229.9732494630091,-184.50617774561044,-79.29639281014578,1.8819350205948648,0.32519100484346547,0.07576693095530573,3.578289355874675e-05,20.055418712747265,36.069030678437926,nan,0.23952332951518368,nan
588.23,231.74252319335938,-185.125,-79.30178833007812,229.96799404271715,-184.497321854568,-79.29748459288477,1.882273115912188,0.32524308002325725,0.07578375748467381,3.650000847745587e-05,19.990649466736905,35.002321434361534,nan,nan,nan
588.24,231.7375030517578,-185.11636352539062,-79.30284118652344,229.96269703565716,-184.48845496786902,-79.29809468272978,1.8826120366910986,0.3252952406943095,0.07580064761184135,3.5752500567384654e-05,20.062664913393405,35.149015110496904,nan,0.14373513136022104,nan
588.25,231.73245239257812,-185.1077423095703,-79.30387115478516,229.95521680895888,-184.47581346644117,-79.29914950471263,1.8862456564404289,0.32522742521790615,0.0757906340941986,3.644635911128445e-05,19.783414388275656,36.04699835439685,1.0326159260971097,nan,nan
588.26,231.72735595703125,-185.09910583496094,-79.30487823486328,229.94983309958224,-184.4669822796067,-79.30169283247128,1.8865783431322944,0.3252793628057673,0.07580753906557011,3.5701675752371685e-05,19.406266634701392,34.920978343693015,nan,1.5597717166001757,nan
588.27,231.7222137451172,-185.09046936035156,-79.30587005615234,229.94440989017824,-184.45811533135878,-79.3027152258662,1.8869202732424424,0.3253313856719594,0.0758245094744558,3.641685731436232e-05,19.34573737361338,34.76959350495348,nan,nan,nan
588.28,231.71702575683594,-185.08184814453125,-79.30684661865234,229.9389463317379,-184.44925953125846,-79.3041740594696,1.8872577826497252,0.3253834939596207,0.07584154383247325,3.567401510845775e-05,19.221600959212257,35.438114638170745,nan,0.1408698185261056,nan
588.29,231.71182250976562,-185.07322692871094,-79.30779266357422,229.93344363881906,-184.4403939768813,-79.30516317537084,1.8876217491221114,0.32543568781506566,0.07585864384585825,3.638874770410851e-05,19.16195590738414,35.31040464288886,nan,nan,nan
588.3000000000001,231.70655822753906,-185.06459045410156,-79.30872344970703,229.9033878296244,-184.4238723780681,-79.30512607620125,1.913623807849368,0.3253677779321107,0.07584867646382397,3.562599448699509e-05,19.943593028114776,35.33820941620944,5.456288700738608,0.7514455502942267,nan
588.3100000000001,231.70126342773438,-185.05596923828125,-79.30963897705078,229.89776764183287,-184.41500650129524,-79.306069379098,1.9140122836592837,0.3254197484075232,0.07586579060209828,3.63394349623208e-05,19.881664654853733,35.88808577313728,nan,nan,nan
588.32,231.69593811035156,-185.04734802246094,-79.31053924560547,229.8921103845589,-184.40612527697314,-79.30622437443625,1.9144136678843673,0.3254718042334576,0.07588296901882005,3.560097978198251e-05,20.00540226065588,35.79104193089333,nan,0.4053378799175279,nan
588.33,231.6906280517578,-185.03871154785156,-79.31141662597656,229.88644535733133,-184.39726117961365,-79.30712563839062,1.9148243215384104,0.32552394555840924,0.07590021315938986,3.6314064724666624e-05,19.943778970661967,35.10269343058373,nan,nan,nan
588.34,231.6853790283203,-185.03009033203125,-79.31227111816406,229.88082424017426,-184.3883979517581,-79.30801032091072,1.9152559225113222,0.32557617252490506,0.07591752251882233,3.704151016791878e-05,19.88095646431353,36.084842473592765,nan,nan,nan
588.35,231.6802215576172,-185.02146911621094,-79.31311798095703,229.88492074281197,-184.38113736514316,-79.30874924126442,1.9060820687872546,0.3255081683759977,0.07590759832299912,3.775912564022434e-05,19.509413058577856,35.45626605530771,1.9347570910357463,nan,nan
588.36,231.67515563964844,-185.01284790039062,-79.3139419555664,229.87947606010306,-184.3722878818767,-79.31052055174138,1.9065135708195102,0.32556017166202117,0.07592492056267716,3.693419595458551e-05,19.27656774000468,35.386697465284854,nan,0.5372653427941291,nan
588.37,231.67018127441406,-185.0042266845703,-79.31475067138672,229.87412683874425,-184.36342133755963,-79.31136363720421,1.9069490031585163,0.3256122603780324,0.07594230865341843,3.7673143018561576e-05,19.219960941471644,35.325856841918345,nan,nan,nan
588.38,231.66529846191406,-184.99560546875,-79.31554412841797,229.86887655472935,-184.35452254227204,-79.31041200597052,1.9073922842235445,0.3256644346604522,0.07595976163028914,3.685320317791756e-05,19.585965719510803,35.7185154966863,nan,2.012102733522094,nan
588.39,231.6605224609375,-184.9869842529297,-79.31632232666016,229.86371915833413,-184.34565674767532,-79.31120712050966,1.907833651704496,0.3257166946627402,0.07597728069203494,3.759020202311354e-05,19.52395166708056,35.46373179351538,nan,nan,nan
588.4,231.6558380126953,-184.97836303710938,-79.31708526611328,229.8741055063282,-184.34571809465783,-79.31224288816777,1.8907230881540935,0.32564859638189686,0.07596739408301428,3.6752129169382794e-05,19.432444188287647,34.794158947793555,4.240471505112358,0.12265223062890226,nan
588.41,231.6512451171875,-184.96974182128906,-79.31783294677734,229.86916257567827,-184.33687202946507,-79.31300975188968,1.8911281345705397,0.3257006324106573,0.07598492592240708,3.748636888898859e-05,19.3715014400305,34.749813183950415,nan,nan,nan
588.42,231.64674377441406,-184.96112060546875,-79.31856536865234,229.8643126330264,-184.32801979820354,-79.31337432993384,1.891534919802264,0.3257527539328322,0.07600252293914461,3.667699523765644e-05,19.442318093495295,34.83208460660534,nan,0.0967009039904426,nan
588.4300000000001,231.642333984375,-184.95249938964844,-79.31928253173828,229.85955227301446,-184.319174101102,-79.31410935329667,1.8919403566839121,0.32580496110508184,0.07602018613315761,3.740952193757393e-05,19.379926639879546,34.76709602325821,nan,nan,nan
588.44,231.6380157470703,-184.94387817382812,-79.31998443603516,229.85488244260864,-184.3103148148144,-79.31396298588676,1.892353869979671,0.3258572540587859,0.07603791483740238,3.6604687300730635e-05,19.61237306289529,34.98734421934353,nan,0.48521360310052297,nan
588.45,231.63377380371094,-184.9352569580078,-79.3206787109375,229.82729765567774,-184.29061985382648,-79.3147827649076,1.918058349393922,0.32578906179971023,0.07602806232687093,3.7311982148263e-05,19.786273823429216,35.588957291548205,5.418270947170527,nan,nan
588.46,231.62962341308594,-184.9266357421875,-79.32135009765625,229.82276252026352,-184.2817446677595,-79.31464841690398,1.9185087167935415,0.3258411304828495,0.0760458031450391,3.651254974857011e-05,20.042520530775022,36.10372526219085,nan,0.43922669616163557,nan
588.47,231.62554931640625,-184.9180145263672,-79.32201385498047,229.81830903506273,-184.27288179991973,-79.31531672885782,1.918947242824162,0.3258932847455448,0.07606361024401057,3.724104926070178e-05,19.974485436212312,35.90099006572492,nan,nan,nan
588.48,231.62156677246094,-184.90939331054688,-79.32266235351562,229.81393730201464,-184.264019670154,-79.31601617530333,1.9193945946117377,0.32594552471589433,0.07608148311961471,3.644586337263552e-05,19.940481476381137,35.83183005245504,nan,0.0012307800409596524,nan
588.49,231.61764526367188,-184.90078735351562,-79.32329559326172,229.809645922826,-184.25515685858926,-79.31666054007965,1.9198292570977984,0.32599785055576025,0.07609942252787408,3.7172961389161595e-05,19.869047746623348,36.987507049302344,nan,nan,nan
588.5,231.6138153076172,-184.8921661376953,-79.32392120361328,229.7968364213501,-184.23370096349842,-79.31679801129913,1.9326250020734226,0.3259295644495435,0.07608959890280324,3.6359488092255946e-05,19.44271955345522,36.76149973662451,9.285433234419179,0.21675880130500683,nan
588.51,231.6100616455078,-184.883544921875,-79.32453155517578,229.79268699999858,-184.2247959094201,-79.31741499770158,1.9330937662049417,0.3259816657234573,0.07610754965917056,3.708437212068994e-05,19.371885401839606,36.83541283984994,nan,nan,nan
588.52,231.60638427734375,-184.8749237060547,-79.32513427734375,229.78861021185082,-184.21590607871383,-79.31925272791354,1.933556665564358,0.3260338526305044,0.07612556644278336,3.629822911835934e-05,18.918424433133367,36.23463656338765,nan,0.9947407467173652,nan
588.53,231.60276794433594,-184.86630249023438,-79.32571411132812,229.7846107245005,-184.20700055507152,-79.31985982013113,1.9340136996605273,0.32608612533574766,0.07614364987796779,3.7021906642904683e-05,18.849912079269345,36.78850334460584,nan,nan,nan
588.54,231.5992431640625,-184.85768127441406,-79.3262939453125,229.78068101732563,-184.19810666570203,-79.32146472313707,1.9344844965490553,0.3261384839622082,0.07616179965809783,3.623957798932541e-05,18.527597048056467,35.77491546668308,nan,0.6690783616946147,nan
588.5500000000001,231.5957794189453,-184.84906005859375,-79.32685852050781,229.75861981544537,-184.16591312711049,-79.32196392813987,1.9600686456758372,0.3260701041764136,0.07615200097097247,3.6939045934452246e-05,17.577989179507608,37.73974320110379,28.36835379916892,nan,nan
588.5600000000001,231.59237670898438,-184.84043884277344,-79.32740783691406,229.7548060380135,-184.15692448807673,-79.32185133657717,1.9605837698463215,0.32612223794055895,0.07617016138079598,3.616135642023046e-05,17.743796604838806,38.17237089294553,nan,0.3201402835046456,nan
588.57,231.58905029296875,-184.83181762695312,-79.32794952392578,229.75105872008595,-184.1479432898046,-79.32241787465087,1.9611037020367434,0.3261744574307414,0.07618838856847523,3.688197804897663e-05,17.680765491079192,37.88586301483173,nan,nan,nan
588.58,231.58578491210938,-184.8231964111328,-79.32848358154297,229.74737474570125,-184.13897519006636,-79.3242756683806,1.9616137045411348,0.3262267627669957,0.07620668233245924,3.610782794252682e-05,17.30254410820116,37.4632479640514,nan,1.1219042703857944,nan
588.59,231.5825958251953,-184.81455993652344,-79.3290023803711,229.74376020763904,-184.12999317562094,-79.32483528557945,1.9621328811283634,0.3262791541191493,0.07622504313956721,3.6827497747367755e-05,17.246532658128032,36.553135193275715,nan,nan,nan
588.6,231.57945251464844,-184.80593872070312,-79.32951354980469,229.72156204016105,-184.11966798845154,-79.32519768269526,1.9805916186445447,0.326210680782291,0.07621526446773465,3.603479360756551e-05,18.0372751959713,37.85600429691829,5.937340606583941,0.013002515799837048,nan
588.61,231.57638549804688,-184.7973175048828,-79.33000946044922,229.71804414870815,-184.1107007068718,-79.32573620913085,1.9811343868223128,0.3262628469773072,0.07623363511400123,3.675269407630139e-05,17.97886119001616,37.9138154854358,nan,nan,nan
588.62,231.57337951660156,-184.7886962890625,-79.33049774169922,229.71459521982953,-184.10171184700167,-79.32392885790303,1.9816835861948923,0.3263150989426149,0.0762520725554762,3.598616077093349e-05,18.642861856156387,38.514034255013044,nan,3.643401938864225,nan
588.63,231.5704345703125,-184.7800750732422,-79.33097839355469,229.711199905351,-184.09274335556773,-79.32442646334843,1.9822263637902735,0.32636743685073033,0.07627057717675087,3.6703268110467297e-05,18.575296547937832,38.38080900637485,nan,nan,nan
588.64,231.56753540039062,-184.7714385986328,-79.33145141601562,229.70785786043817,-184.0837907894034,-79.32690944124103,1.9827457455953588,0.3264198608173859,0.0762891488997865,3.593987240901553e-05,17.942301665125907,36.92746731679952,nan,2.65959390740652,nan
588.65,231.56471252441406,-184.7628173828125,-79.3319091796875,229.68176870200355,-184.06488478581477,-79.32742843003714,2.0081353105364514,0.32635129411033775,0.07627938599190201,3.663355713535889e-05,18.22042707504394,38.90005919705888,4.47691128514692,nan,nan
588.66,231.5619354248047,-184.75418090820312,-79.33235931396484,229.67850729362056,-184.05590944975518,-79.32908521559139,2.0087048749726617,0.3264034926243308,0.07629796678653619,3.587409960562831e-05,17.934814726430353,37.72221520600459,nan,0.9103068890937819,nan
588.67,231.5592041015625,-184.7455596923828,-79.33280181884766,229.675305421261,-184.04692460604377,-79.32958094566654,2.009272404511093,0.32645577700714795,0.07631661490204741,3.658893733249057e-05,17.881739767941404,38.64889774699527,nan,nan,nan
588.6800000000001,231.55654907226562,-184.7369384765625,-79.33323669433594,229.67215904562195,-184.03793727565247,-79.32978179352955,2.0098607881461312,0.3265081473721935,0.07633533032337625,3.583236596735061e-05,17.894718311751987,38.441586371292914,nan,0.05543055274858904,nan
588.69,231.55392456054688,-184.72830200195312,-79.33366394042969,229.6690651987258,-184.02895141632166,-79.33025889440827,2.0104222565933796,0.326560603895735,0.07635411334059959,3.654661445163313e-05,17.84247175134189,37.60483570791117,nan,nan,nan
588.7,231.55123901367188,-184.71966552734375,-79.33418273925781,229.64751707004083,-184.005554790034,-79.33074725009172,2.0332543339162505,0.3264919439457677,0.0763443614502098,3.577115801163854e-05,17.641007844150554,38.968093364430246,8.06149371297506,0.002894243470849781,nan
588.71,231.54849243164062,-184.71104431152344,-79.33479309082031,229.64431622068955,-183.99653061214192,-79.33136118584162,2.03382119345031,0.3265441747224032,0.07636315272132904,3.648399275220879e-05,17.595507664715605,39.95805906469512,nan,nan,nan
588.72,231.54566955566406,-184.70240783691406,-79.33550262451172,229.6346212038127,-183.9884007802022,-79.33206460051922,2.040079336731067,0.3227658181696606,0.07630770536348092,3.720962892985273e-05,22.02110599808937,43.20317035549722,nan,nan,0.010780391622677422
588.73,231.54278564453125,-184.69378662109375,-79.33629608154297,229.6312819174591,-183.97938145559334,-79.33286461821372,2.040645244535414,0.32281433380302976,0.07632563036372984,3.7951268606512e-05,21.95395491412529,44.43364265643985,nan,nan,nan
588.74,231.5398406982422,-184.68515014648438,-79.3371810913086,229.62789087214517,-183.97035869792197,-79.33354070688728,2.041198717628709,0.3228629263364348,0.07634361617185358,3.711144173903632e-05,21.943252731935637,43.40802674632087,nan,0.029104127444999316,nan
588.75,231.5368194580078,-184.676513671875,-79.3381576538086,229.63000488979432,-183.96950477619458,-79.33470347931049,2.0336704028538914,0.32280076951171344,0.0763336441791367,3.782668410285218e-05,22.395459760381435,42.783308493923656,6.5654705103853885,nan,nan
588.76,231.5337371826172,-184.66787719726562,-79.33921813964844,229.62655165036819,-183.9604973103633,-79.3346098431165,2.0341495016863362,0.3228491585035806,0.07635163434221696,3.699395897800404e-05,22.596544373854666,43.210277570188765,nan,0.8581594526351558,nan
588.77,231.5305938720703,-184.6592559814453,-79.34036254882812,229.6229565503855,-183.95150528158533,-79.33575971560106,2.0347020396880677,0.32289763859170817,0.07636968602318195,3.7730361695118436e-05,22.525174866246005,44.281512515389245,nan,nan,nan
588.78,231.5273895263672,-184.65061950683594,-79.34159851074219,229.61923519399298,-183.94252524238448,-79.33795211666232,2.035304335891148,0.32294619604473807,0.07638779880203789,3.690345889139288e-05,22.26717250749959,42.84508980204332,nan,0.5781561714190584,nan
588.79,231.52410888671875,-184.64198303222656,-79.3429183959961,229.61551383100726,-183.93353240705434,-79.3392852031982,2.0358414906576465,0.32299484463872763,0.07640597336207383,3.763791357578497e-05,22.2001838854369,42.96182861319836,nan,nan,nan
588.8000000000001,231.52078247070312,-184.6333465576172,-79.34432220458984,229.6354770311328,-183.93210081727,-79.34026970680733,2.011501581298603,0.3229326024047137,0.07639602040667592,3.6793808512237424e-05,21.597008754817164,42.15728542938931,6.294589765185137,0.10033788453058125,nan
588.8100000000001,231.51739501953125,-184.6247100830078,-79.34580993652344,229.6316747695949,-183.9231093898645,-79.3417681359832,2.012014097811152,0.3229810469303989,0.07641419883305729,3.752552050668725e-05,21.52959666968989,42.0829587362351,nan,nan,nan
588.82,231.51393127441406,-184.61607360839844,-79.34738159179688,229.62777155116936,-183.914125346334,-79.34398680880638,2.01254599668116,0.32302956926260806,0.07643243863628667,3.6710667812235896e-05,21.351079437487247,41.98380097184917,nan,0.2598047659811291,nan
588.83,231.5104217529297,-184.60743713378906,-79.34902954101562,229.62384912339553,-183.90513371635447,-79.34565738761746,2.01305681689968,0.3230781821819439,0.07645074040359515,3.744068824256886e-05,21.284861061172595,42.06103749011116,nan,nan,nan
588.84,231.50685119628906,-184.59881591796875,-79.35076141357422,229.6198943286553,-183.8961373482518,-79.34698722003857,2.013548518706833,0.3231268734268112,0.07646910385758518,3.663103871803699e-05,21.312594116951942,42.868362627378566,nan,0.11469503934182271,nan
588.85,231.5032196044922,-184.59017944335938,-79.35256958007812,229.63575392909195,-183.89647415638325,-79.34855743488605,1.992152396601662,0.3230645587001997,0.07645916698381038,3.73360157732136e-05,21.082894707182028,41.21516724287494,6.453946167839931,nan,nan
588.86,231.49952697753906,-184.58154296875,-79.35443878173828,229.6316461927888,-183.88750493934052,-79.35115996024116,1.9926560573707377,0.3231130458681249,0.07647753384372989,3.6532375791947956e-05,20.88992444057022,41.055136850661974,nan,0.3244240082954209,nan
588.87,231.49578857421875,-184.57290649414062,-79.35631561279297,229.62752488864786,-183.87852809833646,-79.35309821610082,1.9931334393421791,0.32316162309113605,0.07649596285371948,3.725844269086744e-05,20.81820782161941,41.07348513623088,nan,nan,nan
588.88,231.4919891357422,-184.56427001953125,-79.35818481445312,229.62340479165712,-183.8695414987334,-79.35408366343277,1.993557620940377,0.32321027904741956,0.0765144538161135,3.64596166962875e-05,20.946392737181366,40.961636260304516,nan,0.5899661819839722,nan
588.89,231.48812866210938,-184.55563354492188,-79.36002349853516,229.61917136555914,-183.86056478095148,-79.35599474530503,1.994025625168415,0.3232590251284118,0.07653300719984521,3.718432778833616e-05,20.866177137527092,41.22398927620032,nan,nan,nan
588.9,231.48422241210938,-184.5469970703125,-79.3618392944336,229.60439557792736,-183.84827936467175,-79.35722972252078,2.005486625943901,0.32319662572944463,0.07652308252773614,3.636788169936076e-05,21.276580382005573,41.25494137326059,1.8848822700066659,0.3936750457011435,nan
588.91,231.48025512695312,-184.5383758544922,-79.36361694335938,229.60003404827484,-183.8393021118827,-79.35907801856233,2.005980060755968,0.3232451672317766,0.07654163879400747,3.709043487386852e-05,21.191747845196975,42.42356662303964,nan,nan,nan
588.92,231.4762420654297,-184.5297393798828,-79.36536407470703,229.59559279069725,-183.83032921165375,-79.361338817441,2.0064975655778645,0.3232937878513457,0.07656025726917437,3.630164955829406e-05,21.028934773709302,41.06164886131931,nan,0.12976145704165232,nan
588.9300000000001,231.47216796875,-184.52110290527344,-79.36707305908203,229.591124168019,-183.82135258243886,-79.36312613006558,2.0069857679675387,0.32334249809596627,0.0765789383566888,3.702305361536232e-05,20.949507641209724,41.24932657434922,nan,nan,nan
588.94,231.46804809570312,-184.51246643066406,-79.3687515258789,229.58660468348853,-183.81237604712305,-79.3648517262561,2.007478783681011,0.3233912879511767,0.07659768195614607,3.62385256199523e-05,20.89526382503072,40.96802442541427,nan,0.0005561511135535108,nan
588.95,231.46388244628906,-184.50384521484375,-79.37039947509766,229.5776803387962,-183.7987550753147,-79.3665674891337,2.0136844785834893,0.3233288144600131,0.07658776624269278,3.6935921701169426e-05,20.641727377940082,42.018961321425905,1.1615462696080134,nan,nan
588.96,231.45965576171875,-184.49520874023438,-79.37200927734375,229.57310445746006,-183.789756886161,-79.36730040264709,2.0141400933193867,0.32337739969214535,0.0766065122141162,3.615643136052749e-05,20.80477847366682,41.612913631490926,nan,0.6051458962030354,nan
588.97,231.45538330078125,-184.486572265625,-79.37358856201172,229.56842420211876,-183.7807666721297,-79.36894956296175,2.014645799178258,0.3234260740716831,0.07662532099035814,3.6874911542674634e-05,20.72301258714843,41.395510750363464,nan,nan,nan
588.98,231.4510498046875,-184.47793579101562,-79.37513732910156,229.5637800595412,-183.77176459051913,-79.36900206626656,2.0150688565915926,0.3234748284115016,0.0766441925241963,3.6099332493539945e-05,21.12969958284005,41.826257947671685,nan,1.6255658009553884,nan
588.99,231.44667053222656,-184.4693145751953,-79.37665557861328,229.55900024804595,-183.7627748483175,-79.37057476836507,2.015572986445389,0.32352367199414134,0.07666312714013336,3.681693053217511e-05,21.0379001715052,42.60179543514038,nan,nan,nan
589.0,231.4422607421875,-184.46067810058594,-79.37814331054688,229.55675051073794,-183.76330606991297,-79.3694760202173,2.0103610879609564,0.32346111441473363,0.07665321658734613,3.602325929845679e-05,22.881794186273286,41.94584418208686,9.180352699628507,4.535562234251773,nan
589.01,231.4377899169922,-184.45205688476562,-79.37959289550781,229.55187141506798,-183.7543543445297,-79.37096357282572,2.010858497200055,0.32350975289789935,0.07667215301606986,3.673916365944714e-05,22.770511035607242,43.316814734641554,nan,nan,nan
589.02,231.43325805664062,-184.44342041015625,-79.38102722167969,229.54693612917993,-183.74540402323044,-79.37258387198095,2.011344968072397,0.3235584716674948,0.07669115244025355,3.597184250037244e-05,22.673777854978894,41.66527006250551,nan,0.017363764155122103,nan
589.03,231.42869567871094,-184.43478393554688,-79.3824234008789,229.54196208552762,-183.73645284799517,-79.3740167085353,2.011840110934207,0.32360727923461236,0.07671021514188202,3.668702853424247e-05,22.567813526259187,41.96757429050659,nan,nan,nan
589.04,231.42408752441406,-184.42616271972656,-79.38379669189453,229.536996280559,-183.7274952275414,-79.37435780693052,2.0122968766611167,0.3236561675555948,0.07672934113693726,3.592312581020863e-05,23.069915096529698,43.085810368022535,nan,0.7590765021155422,nan
589.0500000000001,231.41943359375,-184.4175262451172,-79.38513946533203,229.49720653882935,-183.70734671780008,-79.3756506650583,2.0492442140994127,0.3235935344088596,0.07671943229054955,3.661508114924637e-05,23.954075268133042,43.579203321717706,12.852373515985274,nan,nan
589.0600000000001,231.41473388671875,-184.40890502929688,-79.38645935058594,229.4920282914142,-183.69839253156172,-79.37707899826097,2.0498079926332275,0.3236422175511731,0.0767385595406552,3.585536328918833e-05,23.898700843707545,44.19821872218419,nan,0.005112599462231965,nan
589.07,231.40997314453125,-184.40028381347656,-79.38774871826172,229.4868094937096,-183.6894382233605,-79.37839543899298,2.050352985381358,0.3236909890672416,0.07675775026373222,3.6568437036118815e-05,23.785883900018323,44.433435697185125,nan,nan,nan
589.08,231.40518188476562,-184.3916473388672,-79.3890151977539,229.48144757006355,-183.6804953077953,-79.38167526145658,2.0509862992045513,0.32373984162970987,0.07677700450915739,3.581183462706177e-05,22.84947422749001,42.349177940529486,nan,2.664055860795149,nan
589.09,231.4003448486328,-184.38302612304688,-79.3902587890625,229.47614027646677,-183.67154210788894,-79.3829618195809,2.051542343002843,0.3237887826870565,0.07679632250930449,3.6524398116051395e-05,22.753164547678246,43.015702551572055,nan,nan,nan
589.1,231.39547729492188,-184.3743896484375,-79.39147186279297,229.4662419493362,-183.66500199413673,-79.38469816715643,2.0555353914939114,0.32372606588707403,0.07678641160565283,3.574921429465193e-05,23.064634055542992,42.212534554196786,2.475081704701094,0.1745447467918589,nan
589.11,231.3905487060547,-184.3657684326172,-79.39266204833984,229.46083745043154,-183.6560649393458,-79.38594141552797,2.0560908893688645,0.3237748013140973,0.07680573026537987,3.6460445761479615e-05,22.970556972740397,42.984337389405745,nan,nan,nan
589.12,231.38558959960938,-184.35714721679688,-79.39382934570312,229.45541950802982,-183.64712562967597,-79.3865515026754,2.05663322048562,0.3238236180573592,0.0768251126697328,3.5710542237265704e-05,23.16658467771085,43.021553683944255,nan,0.2521843509696471,nan
589.13,231.38058471679688,-184.34852600097656,-79.39497375488281,229.44993075955728,-183.638189901945,-79.38774306127176,2.0571957512892163,0.3238725229030793,0.07684455902552052,3.642139085573978e-05,23.0704944767613,42.91276627750022,nan,nan,nan
589.14,231.3755340576172,-184.33990478515625,-79.3960952758789,229.4443751748496,-183.62925711243273,-79.38945981384394,2.0577752002091843,0.3239215095071312,0.0768640694201682,3.567417282430308e-05,22.820875605649068,42.666001583636984,nan,0.20335923315226695,nan
589.15,231.37045288085938,-184.33126831054688,-79.3971939086914,229.47060271376293,-183.64186258758673,-79.39077942164707,2.0210769539803866,0.3238587157902709,0.07685415285288359,3.6362361034884485e-05,22.970414992895478,40.10120222069548,17.294298390264956,nan,nan
589.16,231.36532592773438,-184.32264709472656,-79.39826965332031,229.46499016825385,-183.63298393225892,-79.39299490672445,2.0216179410009563,0.3239074966517205,0.07687366330487513,3.561858991535399e-05,22.57201769892795,40.57945726529304,nan,0.7951974303871362,nan
589.17,231.3601531982422,-184.31402587890625,-79.39933013916016,229.4593865384546,-183.62410198751292,-79.3941198849257,2.022111771793189,0.3239563652437034,0.07689323790418758,3.6327953019181014e-05,22.490146427729194,40.131928599323246,nan,nan,nan
589.1800000000001,231.35494995117188,-184.30540466308594,-79.40036010742188,229.453684401433,-183.61522524491187,-79.39655759546702,2.0226647717780857,0.324005315831744,0.07691287675720132,3.5586606149022876e-05,22.10195507923314,40.23132891774332,nan,1.2130867362266176,nan
589.19,231.34970092773438,-184.29678344726562,-79.40137481689453,229.44800219065047,-183.60634460482635,-79.39765537491498,2.023160328798498,0.32405435429629553,0.07693258004253678,3.6295744775581374e-05,22.0294863214253,39.82939230220503,nan,nan,nan
589.2,231.34442138671875,-184.2881622314453,-79.4023666381836,229.48214676924408,-183.60849056400156,-79.3975348338199,1.9824337751232968,0.3239914772195444,0.07692265404956382,3.553533708945801e-05,21.061672675660652,38.94143299870021,18.2913535636373,1.0696433798421514,nan
589.21,231.33909606933594,-184.27955627441406,-79.4033432006836,229.47645890246983,-183.5996099722796,-79.39858314419845,1.9828683383712244,0.32404030951332197,0.07694235676037947,3.624341927319822e-05,20.980847590130615,39.49239231211938,nan,nan,nan
589.22,231.333740234375,-184.27093505859375,-79.404296875,229.47078339061343,-183.59072689132816,-79.398428278346,1.9832614030832034,0.3240892240195145,0.07696212393400706,3.550742767617158e-05,21.278764980623958,39.06134250709962,nan,0.9624635497175067,nan
589.23,231.32833862304688,-184.26231384277344,-79.40523529052734,229.46502095566484,-183.5818475944955,-79.39942822867118,1.983688676831841,0.32413822605987713,0.07698195573569858,3.621538235492707e-05,21.19285879891514,38.800105132973954,nan,nan,nan
589.24,231.32290649414062,-184.25369262695312,-79.4061508178711,229.45928940213176,-183.57296520430248,-79.39876425933872,1.98406477989584,0.3241873107306499,0.07700185229176953,3.5481445493825994e-05,21.752971158037433,39.52936584466367,nan,1.8606021945055735,nan
589.25,231.31744384765625,-184.24508666992188,-79.40705108642578,229.48779487053818,-183.5798631606422,-79.39973006892367,1.9468413633536863,0.32412435551035995,0.07699191316036967,3.616714627107029e-05,21.240370556133847,38.88480571603988,10.658596305337424,nan,nan
589.26,231.3119354248047,-184.23646545410156,-79.40792846679688,229.48192975355792,-183.571012755779,-79.40192336985203,1.9472503977889983,0.32417323386722213,0.07701180849758756,3.543602691112976e-05,20.72928591149801,37.96838373867867,nan,1.095661362025481,nan
589.27,231.306396484375,-184.22784423828125,-79.4087905883789,229.476079776088,-183.5621606394268,-79.4028508937537,1.9476214176247455,0.32422219943494,0.07703176865699493,3.6142968602198076e-05,20.641554738742432,37.647324091941435,nan,nan,nan
589.28,231.30087280273438,-184.21923828125,-79.40963745117188,229.4702267742922,-183.55330894486488,-79.40358243874162,1.9480152529395047,0.3242712478194664,0.07705179377365202,3.541368232655276e-05,20.65476823733423,38.322337306192075,nan,0.022209370391289347,nan
589.29,231.29541015625,-184.21063232421875,-79.41046905517578,229.46440523608004,-183.54445834384896,-79.40447573332892,1.9484359650024663,0.3243203835842216,0.0770718839997858,3.61206136442858e-05,20.569500518878662,38.13352846927615,nan,nan,nan
589.3000000000001,231.2900390625,-184.20201110839844,-79.4112777709961,229.4819929210854,-183.54566925736873,-79.40602906794976,1.923497601709181,0.3242573451661661,0.07706192794853375,3.537181596517313e-05,19.985476094881815,36.623017837519484,5.5233820535228775,0.44118063513148553,nan
589.3100000000001,231.28475952148438,-184.1934051513672,-79.41207885742188,229.4763736331404,-183.53683428680208,-79.40689685475422,1.923894922938623,0.3243062742105396,0.07708201628777467,3.6077895350413426e-05,19.90777817087329,36.81552548427115,nan,nan,nan
589.32,231.27957153320312,-184.18478393554688,-79.41285705566406,229.47081148365544,-183.52800105943564,-79.40882692501539,1.9243162175551454,0.3243552862384409,0.07710216978212994,3.535282386857124e-05,19.581048335239053,36.197067234533115,nan,0.8032404209897969,nan
589.33,231.2744903564453,-184.17617797851562,-79.41361999511719,229.4653887073156,-183.51916731561815,-79.40967537987524,1.9247148744773066,0.3244043853504969,0.07712238857890233,3.605896484968439e-05,19.510565458190516,36.80017059107509,nan,nan,nan
589.34,231.26950073242188,-184.16757202148438,-79.41436767578125,229.46009295468158,-183.5103335097651,-79.40975365274215,1.9250818831007224,0.32445356784173435,0.07714267282052985,3.5335413810708735e-05,19.638757067913733,37.02620568674801,nan,0.3956219641221676,nan
589.35,231.26461791992188,-184.15896606445312,-79.41510772705078,229.47005005224912,-183.50856200329,-79.41071880163884,1.9088002873866345,0.3243904501706669,0.07713269606537876,3.601957998586845e-05,19.37554745358904,36.032689963365996,3.14493680900261,nan,nan
589.36,231.25982666015625,-184.15036010742188,-79.41582489013672,229.46494762341604,-183.49974042900297,-79.41156189257451,1.9091660209692631,0.3244394257701427,0.07715297773587555,3.529831783561215e-05,19.31306869621721,36.60481640936711,nan,0.0011686339197727266,nan
589.37,231.25514221191406,-184.14173889160156,-79.41653442382812,229.45994267188718,-183.49091905899047,-79.41235117895546,1.9095353734797205,0.32448848817494197,0.07717332489950106,3.6003791845421394e-05,19.24387706953897,35.131873601985106,nan,nan,nan
589.38,231.2505340576172,-184.1331329345703,-79.41722106933594,229.455054891975,-183.48209774918394,-79.41245226725191,1.909873029376435,0.32453763409831254,0.07719373770054955,3.528386530711673e-05,19.359841155048926,36.899384980999145,nan,0.3166672074279882,nan
589.39,231.24603271484375,-184.12452697753906,-79.41790008544922,229.45023653822935,-183.47327657107044,-79.41320909620374,1.910244226597361,0.32458686701786393,0.07721421628354418,3.598948446104601e-05,19.28518547763158,36.17841433194948,nan,nan,nan
589.4,231.24160766601562,-184.1159210205078,-79.41856384277344,229.43348047633492,-183.45533618818112,-79.41533564790936,1.9250212144298053,0.32452366619250356,0.0772042150119141,3.524963732307744e-05,18.786854085025823,36.62713477140204,2.855848214157437,1.3390094497445395,nan
589.41,231.23728942871094,-184.10731506347656,-79.41921997070312,229.42882435569365,-183.4464922887786,-79.41608117143352,1.9254200871352238,0.32457269183335985,0.07722469032003977,3.5954551450053544e-05,18.724503803481884,35.944569259636715,nan,nan,nan
589.42,231.23304748535156,-184.09869384765625,-79.41985321044922,229.42426203169998,-183.4376483706995,-79.41661551594873,1.9257976068663656,0.3246218011144352,0.07724523145372153,3.5237887275818866e-05,18.708144958782235,35.91005236476477,nan,0.027624635447991527,nan
589.4300000000001,231.2288818359375,-184.090087890625,-79.42047882080078,229.41977876031396,-183.42880420193927,-79.41733512313596,1.926177545811227,0.32467099713735076,0.07726583855807218,3.5942998384172524e-05,18.644195257784244,36.430414206790545,nan,nan,nan
589.44,231.2248077392578,-184.08148193359375,-79.42109680175781,229.41541940082297,-183.4199606114819,-79.41674930444873,1.9265293975450903,0.32472027717591706,0.07728651177654693,3.5227409650344516e-05,18.864929217399617,36.24745499515661,nan,1.166609326721669,nan
589.45,231.22080993652344,-184.0728759765625,-79.42169189453125,229.42949665540962,-183.42053552543175,-79.41747237510282,1.9064021453041924,0.32465699609728943,0.07727648215969418,3.591072799958037e-05,18.665507728412667,36.488858165185704,3.328621779642769,nan,nan
589.46,231.21690368652344,-184.06427001953125,-79.42227935791016,229.42522692471607,-183.41170524158952,-79.42021161267832,1.9068168983363398,0.3247060686604,0.07729715138117685,3.519699155393017e-05,18.25058854969481,35.58405259133946,nan,2.978314155771794,nan
589.47,231.2130584716797,-184.05564880371094,-79.42285919189453,229.42109822999197,-183.40287693197578,-79.42089491018285,1.9071540270048368,0.32475522772626714,0.07731788675935755,3.590167998763172e-05,18.19660392392654,34.71072497024777,nan,nan,nan
589.48,231.2093048095703,-184.0470428466797,-79.42342376708984,229.4171418559657,-183.39405220014092,-79.41831801433051,1.9074252031078918,0.3248044709050384,0.07733868843523348,3.518886774581824e-05,18.789575045677633,36.136913209228034,nan,7.3751005782825665,nan
589.49,231.2056121826172,-184.03843688964844,-79.42398071289062,229.41316612318275,-183.38522298315388,-79.41894809658018,1.9077674414998433,0.32485380079668974,0.07735955655757039,3.589380994080701e-05,18.713325445717388,36.067643400827485,nan,nan,nan
589.5,231.20199584960938,-184.02981567382812,-79.42452239990234,229.40533322373247,-183.39036105945658,-79.41955995655937,1.9070719495886592,0.32479043650260736,0.07734949474708692,3.516071665127877e-05,20.10811049855645,35.162944388485364,22.309286298450633,0.00020037118631944235,nan
589.51,231.19845581054688,-184.02120971679688,-79.42505645751953,229.40148738157035,-183.38158892472788,-79.42016989737444,1.9074155737162755,0.3248395585490015,0.07737035813368807,3.5865055016038264e-05,20.033034489029607,35.595992517113494,nan,nan,nan
589.52,231.1949920654297,-184.01260375976562,-79.42557525634766,229.3976741081294,-183.3728138368644,-79.42217539739197,1.907798349962852,0.32488876478988565,0.07739128799756352,3.51547236385237e-05,19.65594936218723,35.479683877688885,nan,1.3821332326117801,nan
589.53,231.19158935546875,-184.0039825439453,-79.42608642578125,229.3939692663103,-183.3640405162033,-79.42277999282183,1.9081338308188698,0.3249380575260673,0.07741228449133442,3.585935176067299e-05,19.592943157424234,34.63717245366008,nan,nan,nan
589.54,231.18826293945312,-183.99537658691406,-79.42658996582031,229.39030328631335,-183.35526436606992,-79.42448804533753,1.9085091007543618,0.32498743481429165,0.07743334775027433,3.514973189041406e-05,19.373851795281404,34.91083095706111,nan,0.8666940824340843,nan
589.5500000000001,231.18499755859375,-183.98675537109375,-79.42707824707031,229.40795328001028,-183.34710743434826,-79.42494328654887,1.8886610095740983,0.3249239893663759,0.07742324989271045,3.583267729348459e-05,18.318897634933773,34.200515534437976,10.946873513757428,nan,nan
589.5600000000001,231.18179321289062,-183.9781494140625,-79.42755889892578,229.40447022866627,-183.33831050315624,-79.4263239307922,1.8889871220599075,0.3249731585901804,0.07744430765778046,3.512455562754652e-05,18.194563901776554,34.80390412361305,nan,0.443439363541763,nan
589.57,231.17864990234375,-183.9695281982422,-79.42803192138672,229.4010721500768,-183.3295144990924,-79.42690852296485,1.8892859663052162,0.3250224141048747,0.07746543223314524,3.5828925437443545e-05,18.147052267819156,33.92828225527784,nan,nan,nan
589.58,231.1755828857422,-183.96092224121094,-79.42849731445312,229.3977108608596,-183.320715335851,-79.42855283879253,1.8896279585181863,0.32507175423188417,0.07748662374925697,3.5121394102599945e-05,18.072100407435563,34.303653901546234,nan,0.7999991994808686,nan
589.59,231.1725616455078,-183.95230102539062,-79.42894744873047,229.3944381303951,-183.3119180372402,-79.42913133735543,1.889924241953719,0.3251211808767856,0.07750788236593019,3.58260896354856e-05,18.03373471514551,34.15724440434069,nan,nan,nan
589.6,231.16961669921875,-183.9436798095703,-79.42939758300781,229.41062279695578,-183.314865828778,-79.42962906977327,1.8680114090187732,0.32505765206238985,0.07749774457776192,3.5097968701344575e-05,18.026359832925205,32.74750353479176,4.882174648274463,0.0004710142749529418,nan
589.61,231.16671752929688,-183.93507385253906,-79.4298324584961,229.40750060994736,-183.30609154787427,-79.43018973485961,1.8682780940088703,0.32510687028768387,0.07751899692768784,3.580212621740509e-05,17.98786668911055,34.12377236255534,nan,nan,nan
589.62,231.16375732421875,-183.92645263671875,-79.43035888671875,229.4044136223562,-183.2973210737828,-79.4291228878599,1.86844810269347,0.32515617317201095,0.07754031639028257,3.509644671986447e-05,17.985851017711415,33.477059946782006,nan,1.9609993393269052,nan
589.63,231.16073608398438,-183.91783142089844,-79.43097686767578,229.40122232882183,-183.28854533628652,-79.42980500066533,1.8686602163487849,0.32520556238824727,0.07756170313080299,3.580095382003249e-05,17.939018701479796,33.4864094121774,nan,nan,nan
589.64,231.1576385498047,-183.90921020507812,-79.43169403076172,229.39794970781716,-183.27976679930555,-79.43131316422699,1.868877729212186,0.3252550366056255,0.07758315727158419,3.5095694064504026e-05,17.862699476135962,33.182621142563775,nan,0.37703319757804693,nan
589.65,231.15447998046875,-183.9005889892578,-79.43250274658203,229.40455343016555,-183.28244063969365,-79.43209499817631,1.8558961392771216,0.32519142582610494,0.07757297568954669,3.577857680325633e-05,18.306890478454704,32.70413863003315,5.709496446968025,nan,nan
589.66,231.15127563476562,-183.8919677734375,-79.43339538574219,229.4011542183222,-183.27369230294133,-79.43433137877943,1.8561224113172472,0.32524069138528594,0.07759442277118761,3.507453380239103e-05,18.286199792710473,32.78022674441246,nan,1.1375316816442553,nan
589.67,231.1479949951172,-183.8833465576172,-79.43437957763672,229.39771963265198,-183.2649475911394,-79.43539870875881,1.8563087471705106,0.3252900431014854,0.07761593730484473,3.5778885797301586e-05,18.248720035237397,32.82208275344905,nan,nan,nan
589.6800000000001,231.1446533203125,-183.87472534179688,-79.4354476928711,229.39420587409762,-183.25619984288147,-79.4373935073988,1.8565138946323327,0.32533947984731554,0.07763751940709956,3.507516772388798e-05,18.286283602551343,33.138735052567384,nan,0.4938628842340457,nan
589.69,231.14125061035156,-183.86610412597656,-79.43660736083984,229.39064842309438,-183.24745444998166,-79.43864692863794,1.856701268237582,0.32538900299161155,0.0776591692518184,3.5779889548746896e-05,18.253415522531366,32.811314229573625,nan,nan,nan
589.7,231.13778686523438,-183.85748291015625,-79.43785095214844,229.39219497090318,-183.24707919505656,-79.43956754083955,1.8492394933158398,0.3253253086196236,0.07764893996192972,3.505532506623311e-05,18.655238519027556,32.83348497417993,4.600371949499803,0.24370693871664822,nan
589.71,231.13426208496094,-183.84886169433594,-79.43917846679688,229.38852178703874,-183.2383590903117,-79.44099202365315,1.8494123137630338,0.3253746227626362,0.07767058194151658,3.575954808806988e-05,18.622034858259752,32.88497048041248,nan,nan,nan
589.72,231.1306915283203,-183.84024047851562,-79.44058990478516,229.38480484988074,-183.22964146600592,-79.44170654540551,1.8495817621605377,0.3254240219522774,0.07769229165462979,3.5057186183989924e-05,18.525317643360562,32.55795855764004,nan,0.44495759895578324,nan
589.73,231.12704467773438,-183.8316192626953,-79.44208526611328,229.38101420406983,-183.2209207911601,-79.44329258806826,1.849750387410959,0.32547350738089004,0.07771406928095945,3.576179389407449e-05,18.489417665219904,32.78118403405061,nan,nan,nan
589.74,231.12335205078125,-183.822998046875,-79.44366455078125,229.37402698896935,-183.21638200615,-79.4450786094424,1.851519157964608,0.3250768618199999,0.07694251232681124,3.505780529543094e-05,23.358725923822007,37.284012229954534,nan,0.010650794783307613,0.02204648215866877
589.75,231.11959838867188,-183.8143768310547,-79.44532012939453,229.3835761060355,-183.20401058332632,-79.44688911947372,1.8401963981884957,0.32501395594415844,0.07693236175612102,3.5740771201291324e-05,21.982417143499816,37.65207792746703,15.954317092243505,nan,nan
589.76,231.1157989501953,-183.80575561523438,-79.44705963134766,229.37957138229683,-183.1953139628656,-79.45036191154608,1.840417366667651,0.3250621173130176,0.07695088103325902,3.503970168245888e-05,22.1654275196028,37.37066622649607,nan,1.889011889033553,nan
589.77,231.1119384765625,-183.797119140625,-79.4488754272461,229.37558124719334,-183.18656849832405,-79.45229400732777,1.8405760515356135,0.32511036533323195,0.07696946271870944,3.574417322723018e-05,22.12350096746568,36.891292109181364,nan,nan,nan
589.78,231.10801696777344,-183.7884979248047,-79.45075225830078,229.3715845133412,-183.1777890606092,-79.45314169277269,1.8406978826004108,0.3251586950424149,0.07698810446726122,3.504321954127334e-05,21.899773180232053,37.4433443331133,nan,0.9393840284085831,nan
589.79,231.1040496826172,-183.77987670898438,-79.45264434814453,229.36748539943036,-183.16904343540443,-79.45516921214973,1.8408637029098045,0.32520711155952736,0.077006808863884,3.574808662743841e-05,21.856103704835792,36.94433163931682,nan,nan,nan
589.8000000000001,231.1000213623047,-183.77125549316406,-79.45451354980469,229.3097443158089,-183.1353921465078,-79.45691517804444,1.8998473271946854,0.32514413901219374,0.07699666880430917,3.502607659463386e-05,22.45716096272778,38.63601134440616,25.93790273140964,0.053878525731242376,nan
589.8100000000001,231.095947265625,-183.76263427734375,-79.45636749267578,229.30545018154626,-183.12660832952898,-79.45892154822438,1.900109296221637,0.32519235166139043,0.07701537422825849,3.573046683719358e-05,22.417321940939303,37.79211383571387,nan,nan,nan
589.82,231.09181213378906,-183.75401306152344,-79.45818328857422,229.3010928590955,-183.11783218683237,-79.46117446727298,1.9003711672280676,0.32524064620244525,0.07703414004909268,3.503048199631468e-05,22.432021325704024,38.41444680123379,nan,0.05269958775081645,nan
589.83,231.08763122558594,-183.74539184570312,-79.45996856689453,229.29669448221674,-183.10904839286695,-79.46312576272629,1.900630783872255,0.32528902723601677,0.07705296864772833,3.573527607528522e-05,22.39804972162407,38.056924551886695,nan,nan,nan
589.84,231.08340454101562,-183.7367706298828,-79.46172332763672,229.2922782134381,-183.1002410095604,-79.4641760762001,1.9008707201871167,0.32533749056915673,0.07707185797875696,3.503530417306836e-05,22.23396977105707,37.54219319892961,nan,0.5315508562335692,nan
589.85,231.07911682128906,-183.7281494140625,-79.46343994140625,229.28577104369276,-183.0926606128569,-79.4661000730251,1.9026145618018522,0.32527445574708086,0.07706172737689714,3.5718499085331276e-05,22.500722005494588,37.93880536464302,0.746580717000371,nan,nan
589.86,231.0747833251953,-183.7195281982422,-79.46512603759766,229.28118697469864,-183.08390573079384,-79.46870726987815,1.9028969007449517,0.3253227151059598,0.07708061730611816,3.5019356420486086e-05,22.61226646825967,37.71264103627811,nan,0.409754315203289,nan
589.87,231.07040405273438,-183.71090698242188,-79.4667739868164,229.27658205540243,-183.0751305587964,-79.4705271445893,1.9031613450107838,0.325371060660637,0.07709957014409488,3.572408258968948e-05,22.584227739982587,37.898951856568544,nan,nan,nan
589.88,231.06597900390625,-183.70228576660156,-79.46839141845703,229.27198617276125,-183.0663138641804,-79.47072825737366,1.903385404925918,0.3254194886882641,0.0771185840376455,3.502489973210111e-05,22.29016414268282,37.36969972325653,nan,1.7753186541252313,nan
589.89,231.06149291992188,-183.69366455078125,-79.46997833251953,229.2672843252072,-183.05753899060426,-79.47246878671976,1.903640305315207,0.32546800309126434,0.07713766108487628,3.573003032681812e-05,22.25155619742077,37.37659875861506,nan,nan,nan
589.9,231.05697631835938,-183.68504333496094,-79.47152709960938,229.29831494640842,-183.06571853331894,-79.47347758847786,1.8645259010075779,0.3254049015487717,0.07712753440694582,3.500962808024788e-05,21.770842387930543,36.537800254490435,12.166843152826107,0.2448884521494178,nan
589.91,231.05239868164062,-183.67642211914062,-79.47305297851562,229.2935770103081,-183.0569715675266,-79.47514866398264,1.8647190269157004,0.32545321162597646,0.0771466115001167,3.571428802130461e-05,21.729015771219512,36.21330932498914,nan,nan,nan
589.92,231.04779052734375,-183.6678009033203,-79.47454071044922,229.28877677236733,-183.04823637111934,-79.47724645116631,1.8649388517564014,0.32550160433010894,0.07716574996340826,3.50157885498575e-05,21.760233888031365,36.40232789426971,nan,0.14687254273633632,nan
589.9300000000001,231.04312133789062,-183.6591796875,-79.47600555419922,229.2839461597367,-183.03949006357655,-79.47886367520863,1.8651328923931887,0.3255500831396764,0.07718495171501247,3.572085687642911e-05,21.724284953605256,36.200345292508274,nan,nan,nan
589.94,231.0384063720703,-183.6505584716797,-79.4774398803711,229.27905325039796,-183.03075634296582,-79.48095888123925,1.8653392369388446,0.32559864496191887,0.07720421516667639,3.502224023156348e-05,21.79383634253763,36.324358181976315,nan,0.18071932701343993,nan
589.95,231.03366088867188,-183.64193725585938,-79.47884368896484,229.2690578064574,-183.01720293998642,-79.48260705422457,1.8719324683620842,0.32553547991511983,0.07719409080029127,3.5705695221957936e-05,21.60224253659374,36.31784060836161,1.4040147698070424,nan,nan
589.96,231.0288543701172,-183.63333129882812,-79.48021697998047,229.26407610222262,-183.00845158274157,-79.4844664700112,1.8721471770603113,0.3255838372753801,0.07721335381926986,3.500778596592747e-05,21.66479535068521,37.534515113150036,nan,0.07180880658295916,nan
589.97,231.02401733398438,-183.6247100830078,-79.4815673828125,229.2590608027732,-182.99969312611307,-79.48598336913474,1.8723614112681668,0.3256322804880605,0.0772326802627671,3.57127895254935e-05,21.641198238632814,36.17130503213671,nan,nan,nan
589.98,231.01913452148438,-183.6160888671875,-79.48289489746094,229.25403975715437,-182.99090713484162,-79.48626978611887,1.8725445563183887,0.3256808068405176,0.07725206870978087,3.501472560155081e-05,21.366755410991754,35.639663856966195,nan,1.0231908064258999,nan
589.99,231.0142059326172,-183.6074676513672,-79.48418426513672,229.24893817628,-182.98214955302066,-79.48772268043439,1.8727534530915273,0.32572941924604526,0.07727152083193115,3.572013291733094e-05,21.338308970320142,36.314041230360765,nan,nan,nan
590.0,231.0092315673828,-183.59886169433594,-79.48545837402344,229.22784286146018,-182.97660111565597,-79.48951560741507,1.8869473788398696,0.3256661872958343,0.07726139360843001,3.5000726089943863e-05,22.791184046803657,36.604474293499344,15.429921223223218,0.09026912937252546,nan
590.01,231.0042266845703,-183.59024047851562,-79.48670196533203,229.22262131111225,-182.96787738232024,-79.49092245573254,1.8871860911896776,0.3257145949050604,0.07728084471045633,3.5705660275434864e-05,22.768108641820632,35.941884564908975,nan,nan,nan
590.02,230.99917602539062,-183.5816192626953,-79.48792266845703,229.21735328289617,-182.95915823266984,-79.4924855522094,1.8874243930496863,0.3257630857637517,0.07730035811068298,3.500807290049315e-05,22.81227773913044,35.88698818025348,nan,0.022945375767629617,nan
590.03,230.99407958984375,-183.57301330566406,-79.48912048339844,229.21204980259645,-182.95043569398234,-79.49384667486972,1.8876587038153327,0.3258116624464468,0.07731993532624948,3.5713412090078426e-05,22.78956648561227,36.53340065602315,nan,nan,nan
590.04,230.98895263671875,-183.56439208984375,-79.49028778076172,229.2067583579086,-182.94167398646866,-79.49333679092629,1.8878568749133753,0.3258603227446039,0.07733957516409101,3.501561407694102e-05,22.378713452631775,35.59840220367938,nan,2.4093659732453125,nan
590.0500000000001,230.98377990722656,-183.5557861328125,-79.49143981933594,229.21524012401318,-182.93886604509981,-79.49478831644316,1.8730548768962296,0.32579702615087563,0.07732944298291806,3.569931918625397e-05,22.18071980306208,35.713591978727095,2.8052450006706406,nan,nan
590.0600000000001,230.9785614013672,-183.5471649169922,-79.49256134033203,229.20981634448552,-182.9301713384303,-79.49695133452619,1.8732750530231685,0.3258454814896379,0.07734908127366619,3.500214212061324e-05,22.365760841359794,35.69915585912831,nan,0.5529650680070299,nan
590.07,230.9733123779297,-183.53855895996094,-79.49366760253906,229.20437797735838,-182.92145883651955,-79.49821651251987,1.8734893030006803,0.3258940224381813,0.07736878352158025,3.5707406100508184e-05,22.342346531879087,35.7623402852678,nan,nan,nan
590.08,230.968017578125,-183.5299530029297,-79.49474334716797,229.19893140345553,-182.91272389903762,-79.49831756479718,1.8736729797725435,0.3259426470880804,0.07738854867532688,3.5009993407263564e-05,22.075197435109903,36.060655831567196,nan,0.9219764694673397,nan
590.09,230.9626922607422,-183.52133178710938,-79.49580383300781,229.19341649843582,-182.90401281659416,-79.49952959821479,1.8738818841562848,0.32599135756713865,0.07740837804270387,3.571565466203465e-05,22.048823656136257,34.78688309197579,nan,nan,nan
590.1,230.95733642578125,-183.51272583007812,-79.49684143066406,229.17172704861267,-182.89286195063264,-79.50138106606002,1.8901462073509332,0.3259279937682296,0.07739823604810685,3.499680916920127e-05,22.975257686304914,35.850440688544914,4.812612831542714,0.31134045068112476,nan
590.11,230.95193481445312,-183.50411987304688,-79.49786376953125,229.16610670253783,-182.8841612942144,-79.50255949001377,1.890384282246804,0.32597649896830594,0.077418063247031,3.570198972826156e-05,22.953283736034933,35.60386830936102,nan,nan,nan
590.12,230.94650268554688,-183.49549865722656,-79.49885559082031,229.16042889893703,-182.87547761655014,-79.50456731767514,1.8906396499386058,0.3260250879404095,0.07743795362670519,3.5004909517318744e-05,23.21921663081765,35.621029130482654,nan,0.5086597426186343,nan
590.13,230.94102478027344,-183.4868927001953,-79.49983978271484,229.15473591442145,-182.8667784525441,-79.50571565811862,1.8908739033363786,0.3260737625482277,0.07745790836574568,3.571048710821765e-05,23.203650953186315,35.68366685783417,nan,nan,nan
590.14,230.93551635742188,-183.47828674316406,-79.50079345703125,229.14902359664504,-182.8580670759288,-79.50615416336906,1.8910995629807297,0.32612252127682023,0.07747792660378598,3.5013131891908946e-05,23.007692741128125,35.95009753267185,nan,0.3369383812944261,nan
590.15,230.92996215820312,-183.4696807861328,-79.5017318725586,229.14511576712962,-182.8450794799993,-79.50720136878635,1.8909873999423623,0.32605909177634546,0.07746777227931337,3.569705284382137e-05,22.429017823304534,35.779180272872104,3.1251094654561777,nan,nan
590.16,230.9243927001953,-183.46107482910156,-79.50265502929688,229.13934718395055,-182.83634485442042,-79.50727648466813,1.8912155863836333,0.32610764503908424,0.07748778777509714,3.500025995461951e-05,22.152144969568944,34.927196311265924,nan,0.7203153007533202,nan
590.17,230.9187774658203,-183.4524688720703,-79.50355529785156,229.13352103409284,-182.8276290582898,-79.5083341775962,1.8914513363026806,0.3261562837567252,0.0775078677774164,3.5705744447671976e-05,22.131997113864816,35.30635116601398,nan,nan,nan
590.1800000000001,230.9131317138672,-183.44386291503906,-79.50444030761719,229.12763948106942,-182.818930969316,-79.51034801277088,1.8917075226224964,0.326205006645289,0.07752801154284907,3.500866129186017e-05,22.440250640394332,35.3364125967777,nan,0.6684186526074916,nan
590.19,230.90745544433594,-183.4352569580078,-79.50530242919922,229.1217456539146,-182.8102168121701,-79.51138147522178,1.8919491521486618,0.32625381522430774,0.07754822007697808,3.571453355236948e-05,22.429471131206622,35.486410145337835,nan,nan,nan
590.2,230.9017333984375,-183.42666625976562,-79.50615692138672,229.15148600253258,-182.81898160868727,-79.51211074140032,1.8527498562949447,0.3261903181144709,0.07753804882749757,3.4995955378728e-05,22.06221595819564,35.157373356596224,11.845815963329605,0.08118326765181755,nan
590.21,230.89599609375,-183.41806030273438,-79.50698852539062,229.1455840535688,-182.810298429075,-79.51310913007615,1.8529312635084407,0.3262389209201217,0.07755825396507648,3.57013369169031e-05,22.05033471862199,34.36994462909249,nan,nan,nan
590.22,230.8902587890625,-183.40945434570312,-79.50780487060547,229.13967773599379,-182.8016122660909,-79.51385976852764,1.8531170170551376,0.32628760793385764,0.07757852312158249,3.50044909303718e-05,22.000898223032696,34.450271054499474,nan,0.03801646319430205,nan
590.23,230.88458251953125,-183.40084838867188,-79.50859832763672,229.1338059484167,-182.7929306678674,-79.51482487898929,1.85332709664902,0.3263363804747447,0.07759885719746346,3.5710259383122195e-05,21.9932951846836,34.81012492792765,nan,nan,nan
590.24,230.87901306152344,-183.3922576904297,-79.50938415527344,229.12803796989778,-182.7842270568247,-79.51434137067068,1.8535478404616557,0.32638523755780874,0.0776192556049953,3.501309647989074e-05,21.564054401574822,34.22250558048323,nan,1.4505129566413426,nan
590.25,230.87351989746094,-183.38365173339844,-79.5101547241211,229.10922575191353,-182.77005146167068,-79.51519193264764,1.867957306510775,0.3263216737591646,0.07760906456867521,3.569718700406307e-05,21.775296625591594,33.98071740963886,1.7585733248250037,nan,nan
590.26,230.86814880371094,-183.37506103515625,-79.51090240478516,229.10361917687902,-182.7613496974846,-79.51512359809097,1.8682141816256577,0.3263703248613437,0.07762945896080138,3.500054903854268e-05,21.529162635518464,34.4394955239336,nan,0.6690975762986933,nan
590.27,230.8628692626953,-183.366455078125,-79.51164245605469,229.09809768384525,-182.75266337055564,-79.5160050273182,1.8684694318681996,0.3264190613377992,0.07764991842404992,3.5706203482732786e-05,21.509736364442183,33.52726910596264,nan,nan,nan
590.28,230.85769653320312,-183.3578643798828,-79.51235961914062,229.09266992836916,-182.74398574157166,-79.51742772603946,1.8687406411950258,0.3264678823763254,0.07767044246454516,3.500924067580317e-05,21.66584131314437,34.6951357367336,nan,0.21747505142219675,nan
590.29,230.85263061523438,-183.34925842285156,-79.51306915283203,229.08735491229692,-182.73530029392484,-79.51828726767896,1.8690024398537044,0.3265167890382752,0.07769103184364189,3.5715272337662166e-05,21.652002148705925,33.52343881576104,nan,nan,nan
590.3000000000001,230.84765625,-183.34066772460938,-79.51376342773438,229.1059139183073,-182.7304783520138,-79.5167727165828,1.8455369073140504,0.3264531571401667,0.07768081663636926,3.4996774336385446e-05,20.144262831498683,33.58442683271247,9.190441430532877,3.936474218234856,nan
590.3100000000001,230.84278869628906,-183.33206176757812,-79.51444244384766,229.10084454320702,-182.7217824668372,-79.51758232703007,1.8457573286420828,0.3265018575231378,0.07770140131361736,3.570230462714471e-05,20.11852085831852,32.72075440401487,nan,nan,nan
590.32,230.8380126953125,-183.32347106933594,-79.5151138305664,229.09584656399625,-182.71310862729482,-79.5199712537196,1.8459980320464948,0.32655064247724797,0.0777220508058923,3.500552038601084e-05,20.471627882444693,33.58176757067406,nan,1.7891545385925933,nan
590.33,230.83334350585938,-183.31488037109375,-79.51576232910156,229.09097078233827,-182.7044131670844,-79.52077160022203,1.8462280486544702,0.32659951291623207,0.07774276579140516,3.571142703380244e-05,20.45630776304145,33.77714546964476,nan,nan,nan
590.34,230.82875061035156,-183.3062744140625,-79.51640319824219,229.08617410653815,-182.69573049482236,-79.52251739092402,1.8464490603089578,0.3266484682483276,0.07776354589962627,3.5014300744612266e-05,20.778011253433633,33.43532288177564,nan,0.6469382893590729,nan
590.35,230.8242645263672,-183.2976837158203,-79.51703643798828,229.06104609840799,-182.68001207116308,-79.52322977136724,1.8682868737661351,0.3265847687343752,0.07775330338050516,3.569851124313499e-05,21.24920078391715,33.819915306648575,4.278565238280315,nan,nan
590.36,230.81985473632812,-183.28907775878906,-79.51764678955078,229.05639239826564,-182.6713279735249,-79.52531150075627,1.8685483570827286,0.32663351756232745,0.07777407812493915,3.5001888168413035e-05,21.81060374782102,34.39709300790024,nan,1.2093940612858518,nan
590.37,230.81553649902344,-183.28048706054688,-79.51824951171875,229.0518470089969,-182.66262719683647,-79.5260861600701,1.8687998398629235,0.3266823517449441,0.07779491851783762,3.570765989113112e-05,21.808415014660447,34.77197869300274,nan,nan,nan
590.38,230.81130981445312,-183.2718963623047,-79.51884460449219,229.04739137132717,-182.65392378690763,-79.52665223882545,1.8690530589302883,0.32673127081555514,0.07781582426176602,3.501069217921173e-05,21.786442852815856,34.4238322019684,nan,0.02750827679954164,nan
590.39,230.80715942382812,-183.26329040527344,-79.51942443847656,229.04301830368865,-182.6452224915675,-79.52740280919302,1.8692954534045845,0.32678027550109867,0.07783679592642272,3.5716830858897065e-05,21.785316112391648,34.00099993880587,nan,nan,nan
590.4,230.8031005859375,-183.25469970703125,-79.51998901367188,229.02893839161794,-182.62219190204556,-79.52845520103149,1.8835576156436036,0.3267165073275629,0.07782652187744128,3.49983047125347e-05,21.231809263084074,35.28277447709203,10.842917468287402,0.09518325516632681,nan
590.41,230.7991180419922,-183.24609375,-79.52054595947266,229.02472218159508,-182.61344500281754,-79.5291872434062,1.8838258354991158,0.32676530521778235,0.07784748746037545,3.570393195578186e-05,21.23341939881117,34.425414555030706,nan,nan,nan
590.42,230.7952117919922,-183.2375030517578,-79.52108764648438,229.02057779348766,-182.6047051450817,-79.53056560694894,1.8841042569551163,0.32681418798205364,0.07786851861541606,3.5007110859351374e-05,21.664802697430964,35.85796931142447,nan,0.3040699499838662,nan
590.4300000000001,230.79139709472656,-183.22889709472656,-79.52162170410156,229.01652053389265,-182.59595736519807,-79.53128431006124,1.8843812972344955,0.3268631562424094,0.07788961584854592,3.571310457201359e-05,21.671979967546523,34.69515556869096,nan,nan,nan
590.44,230.7876434326172,-183.2202911376953,-79.52214813232422,229.012552133081,-182.58719852208955,-79.53102458736426,1.884631044283665,0.3269122096890375,0.07791077895702035,3.501592836467749e-05,21.266014925270024,34.40399850842332,nan,0.661987943922961,nan
590.45,230.78396606445312,-183.21170043945312,-79.52265930175781,228.9796063099116,-182.57870404614434,-79.53150482107154,1.9121916224487168,0.32684837302268294,0.07790047001865953,3.5700211630759e-05,22.818035710800793,35.4795514830689,24.616199788293002,nan,nan
590.46,230.78036499023438,-183.20309448242188,-79.52316284179688,228.97571107872756,-182.5699918846731,-79.53270214763522,1.9125076831084846,0.3268972194339383,0.07792162634246874,3.500352801482044e-05,23.185510199717374,34.9542685561926,nan,0.19166280433906538,nan
590.47,230.77684020996094,-183.19448852539062,-79.5236587524414,228.97189438241688,-182.5612737557112,-79.5333744232591,1.912821157131089,0.32694615122886805,0.07794284890177929,3.570936778338113e-05,23.189007141346902,34.778501960577096,nan,nan,nan
590.48,230.77337646484375,-183.18589782714844,-79.52413940429688,228.9681482276729,-182.55255526750292,-79.53407082955836,1.9131310512730126,0.3269951681847482,0.07796413754890553,3.501233017757219e-05,23.320543301283397,36.00242664446815,nan,0.0007743056790359669,nan
590.49,230.76998901367188,-183.1772918701172,-79.52461242675781,228.96447204925508,-182.54383574617256,-79.53472579750928,1.9134420425055336,0.3270442707934192,0.07798549270795808,3.571852775057865e-05,23.326712925739304,35.09120491727655,nan,nan,nan
590.5,230.76666259765625,-183.16868591308594,-79.52507781982422,228.9565954322291,-182.5366945900297,-79.53569309084865,1.917255554107159,0.3269803648521572,0.07797514478934485,3.499992096382812e-05,24.064126146932768,35.47154420964343,1.6357790894247357,0.12421376405123714,nan
590.51,230.76341247558594,-183.1600799560547,-79.5255355834961,228.9530444682537,-182.52798395611717,-79.53633363002372,1.917575102288811,0.32702926013892086,0.07799649241489894,3.570559833273162e-05,24.07040053052922,35.27322192325704,nan,nan,nan
590.52,230.76022338867188,-183.15147399902344,-79.5259780883789,228.94957506887883,-182.51925792939156,-79.53534059784712,1.9178717770627172,0.3270782405542723,0.07801790633410245,3.500869389166658e-05,23.268817643430964,34.77191166147405,nan,1.8647775643313966,nan
590.53,230.75709533691406,-183.1428680419922,-79.52641296386719,228.94615393018003,-182.51054600332566,-79.5359488544353,1.918184264458489,0.32712730651870925,0.0780393869239637,3.571472916230983e-05,23.271026318404633,34.75827133989847,nan,nan,nan
590.54,230.75390625,-183.13426208496094,-79.52694702148438,228.94272188357456,-182.50184354612696,-79.53778311615957,1.9184523549967611,0.32717645791633,0.07806093410692393,3.501746482003611e-05,24.03482046087222,35.3029284470925,nan,0.9864464948218266,nan
590.5500000000001,230.75064086914062,-183.1256561279297,-79.52757263183594,228.97389140022005,-182.50536197411904,-79.53858628196049,1.8819470803001508,0.3271124826461429,0.0780505436834974,3.570177946221803e-05,23.2960347320045,34.97675765357542,11.277352078589534,nan,nan
590.5600000000001,230.74732971191406,-183.11705017089844,-79.52828979492188,228.97040900160417,-182.49665464537,-79.53897211543061,1.8821402526898408,0.32716142646939367,0.07807208259113574,3.500500455268012e-05,23.114747664022982,34.53029432708642,nan,0.1534647080441386,nan
590.57,230.74395751953125,-183.1084442138672,-79.52909088134766,228.9668610065207,-182.48795050478864,-79.5399117793025,1.8823393826281294,0.32721045574279,0.07809368832766,3.571086981135897e-05,23.090314139781505,34.79464323100312,nan,nan,nan
590.58,230.7405242919922,-183.09983825683594,-79.52999114990234,228.96324778519784,-182.47925008617077,-79.54149726788674,1.8825445147256803,0.3272595704080951,0.07811536085539199,3.501373855185158e-05,23.549189441950386,34.89726192015765,nan,0.2170305040843137,nan
590.59,230.73703002929688,-183.0912322998047,-79.53097534179688,228.95957916133958,-182.4705448069283,-79.54262390579169,1.8827427442055034,0.32730877079949666,0.07813710049193763,3.5719954002406784e-05,23.52349070176911,35.08543591416684,nan,nan,nan
590.6,230.7334747314453,-183.08261108398438,-79.53204345703125,228.9712868584264,-182.47128295151148,-79.54469833657656,1.865258247895994,0.3272447255972722,0.07812666356759833,3.500125158257797e-05,24.317547193427057,35.05909340842934,2.8239851158025315,0.5459288112826522,nan
590.61,230.7298583984375,-183.07400512695312,-79.533203125,228.9675242012526,-182.46259639565915,-79.54601083989141,1.865423945603423,0.32729371813044633,0.07814839414967804,3.5706939707165834e-05,24.29264084058335,35.57436933410716,nan,nan,nan
590.62,230.72618103027344,-183.06539916992188,-79.53445434570312,228.96371510598976,-182.45389828245604,-79.54582307108133,1.8655692743903503,0.32734279600875515,0.07817019171504223,3.5009940251856994e-05,23.34687445555526,34.47633000032427,nan,1.778626580714742,nan
590.63,230.7224578857422,-183.05677795410156,-79.53578186035156,228.95983760858599,-182.44521102772453,-79.5472932065866,1.8657376176656262,0.3273919595206223,0.07819205654795197,3.571597933845283e-05,23.323837904326414,33.876686446522456,nan,nan,nan
590.64,230.7186737060547,-183.0481719970703,-79.53719329833984,228.95590562499788,-182.43652160030263,-79.54855146710715,1.865903674752935,0.3274412086764438,0.07821398866046884,3.501862050109384e-05,23.25475920777473,34.553654787747526,nan,0.062242474191262796,nan
590.65,230.71482849121094,-183.03956604003906,-79.53868865966797,228.9471391384746,-182.4192849296881,-79.55002223594701,1.8733933792951531,0.32737709334212006,0.07820350159193765,3.570293265070605e-05,22.646869784160877,34.56295499200992,4.967733438533033,nan,nan
590.66,230.7109375,-183.03094482421875,-79.54026794433594,228.94310243954988,-182.4105586838666,-79.54988964067597,1.873556068319862,0.3274261343769862,0.07822542387140127,3.5006064748837067e-05,21.652713170011587,32.604842000942,nan,2.413766677663656,nan
590.67,230.7069854736328,-183.0223388671875,-79.54193115234375,228.93899979116154,-182.4018439144213,-79.55167010613349,1.8737348283715782,0.327475260956214,0.07824741357610422,3.571192113956018e-05,21.621445998777343,33.28356467784796,nan,nan,nan
590.6800000000001,230.70298767089844,-183.01373291015625,-79.54367065429688,228.93485323558647,-182.39311875389117,-79.55178421462539,1.8739069192875553,0.32752447312581046,0.07826947074562236,3.501469886270029e-05,20.80361864297263,32.45227261094579,nan,2.155368335640117,nan
590.69,230.6989288330078,-183.00511169433594,-79.54548645019531,228.93064342591893,-182.38440378201128,-79.55370923966804,1.8740808967631697,0.32757377112082664,0.07829159562316093,3.572089952461623e-05,20.77545662494167,31.950824825219314,nan,nan,nan
590.7,230.69482421875,-182.9965057373047,-79.54736328125,228.88168943428408,-182.3600458758387,-79.5558382652925,1.9216166962357755,0.32750958516735573,0.07828105448346359,3.500210985966923e-05,21.89251722948321,33.4000137349161,19.008650987636383,0.04340869145601782,nan
590.71,230.69065856933594,-182.98788452148438,-79.54925537109375,228.8772973151485,-182.35131714556104,-79.5578702833669,1.921866613215299,0.32755867475859124,0.0783031687191153,3.570777780773957e-05,21.87898690572614,32.6267522954576,nan,nan,nan
590.72,230.6864471435547,-182.97927856445312,-79.55113220214844,228.90598904014152,-182.37840422671468,-79.56001858972463,1.8791380991418336,0.323702092155777,0.07376257179304144,3.500891102024695e-05,26.594353060582822,37.999695817361896,nan,0.013645572994964538,0.28112525990102444
590.73,230.68218994140625,-182.97067260742188,-79.552978515625,228.9014824704497,-182.36970794724357,-79.56203313037439,1.8794040560645635,0.3237541174182622,0.07377664095344526,3.571488405075497e-05,26.575484802344253,38.074173926274874,nan,nan,nan
590.74,230.67787170410156,-182.96205139160156,-79.55480194091797,228.89687510847364,-182.36095019043933,-79.56329579116762,1.8797190410188989,0.3238062206689481,0.07379076050666421,3.5017544783123215e-05,26.282805475365198,36.96008916194212,nan,0.3707765374113052,nan
590.75,230.6735076904297,-182.9534454345703,-79.55658721923828,228.9020685598261,-182.3532169827018,-79.56522236396671,1.8703864182544114,0.323739165550014,0.07378034618315625,3.570179080312598e-05,25.729273237796026,37.61665956499608,2.2245049873471996,nan,nan
590.76,230.66909790039062,-182.94483947753906,-79.55833435058594,228.89745816381614,-182.34454651297486,-79.56757089778817,1.8705999875225092,0.3237910480624375,0.07379448998129264,3.500494368135579e-05,26.018943931486312,37.96781061931224,nan,0.13177030196497905,nan
590.77,230.66464233398438,-182.93621826171875,-79.56005859375,228.8927694556877,-182.33584033752882,-79.56945872999253,1.870848874511069,0.323843021959968,0.07380870435017564,3.571072889314799e-05,25.999581836147403,36.810591949932146,nan,nan,nan
590.78,230.66014099121094,-182.9276123046875,-79.56173706054688,228.88798925738087,-182.32708171988344,-79.57067133265572,1.871159686456544,0.3238950741390638,0.0738229701306043,3.5013528951645185e-05,25.746731787276502,37.626858089329644,nan,0.2911462809595096,nan
590.79,230.65557861328125,-182.91900634765625,-79.56339263916016,228.88320531479246,-182.31837562226474,-79.57248738860572,1.8714024398690505,0.3239472178095225,0.07383730639756257,3.571965612585838e-05,25.723807573845267,37.467270710459246,nan,nan,nan
590.8000000000001,230.65098571777344,-182.91038513183594,-79.56501007080078,228.86529200309513,-182.29975310943635,-79.57370410985042,1.8872331853102835,0.3238800533561409,0.07382698150650152,3.500089376998327e-05,25.23007117590305,36.83445293520861,5.01773222221089,0.22944802346577273,nan
590.8100000000001,230.64634704589844,-182.9017791748047,-79.56659698486328,228.8603920756996,-182.2910188130607,-79.57545099340486,1.887522653777393,0.32393197578998273,0.07384134121228268,3.570648642258062e-05,25.208668626948157,37.47575055040363,nan,nan,nan
590.82,230.6416473388672,-182.89317321777344,-79.56815338134766,228.85541273923857,-182.2822446534829,-79.57665812582567,1.8878400584411597,0.3239839768010014,0.07385575331508575,3.500942801060927e-05,25.021066087193514,37.471532412359345,nan,0.18270183550218416,nan
590.83,230.6369171142578,-182.8845672607422,-79.56967163085938,228.85042160628691,-182.27351046926486,-79.57833879740555,1.888129159296762,0.32403606887892156,0.07387023539508802,3.5715364553475785e-05,25.00134602924916,37.44959609490887,nan,nan,nan
590.84,230.63214111328125,-182.87594604492188,-79.5711669921875,228.84538574942664,-182.2647766302589,-79.57998992582976,1.888412197546067,0.3240882459930264,0.07388477888713553,3.643562021634901e-05,24.979577414313344,36.43375141484401,nan,nan,nan
590.85,230.62730407714844,-182.86734008789062,-79.5726318359375,228.87064627984128,-182.27265559694374,-79.58142748767409,1.8546087522985168,0.32402098514535826,0.07387455763552468,3.71464721122981e-05,24.867293614603714,36.58463325959634,12.610795726630851,nan,nan
590.86,230.62245178222656,-182.85873413085938,-79.57406616210938,228.86563530808832,-182.26402995054084,-79.58398195635958,1.854771012515424,0.3240729344172172,0.07388911549400914,3.6363741048586085e-05,25.43272696571185,36.67695140509453,nan,0.6075225116798266,nan
590.87,230.61753845214844,-182.85012817382812,-79.57546997070312,228.8605194987768,-182.2553323367621,-79.58555359506633,1.854993091571648,0.32412497479844227,0.07390374349699705,3.7096166860769666e-05,25.413128655063527,36.9844651378498,nan,nan,nan
590.88,230.61257934570312,-182.84152221679688,-79.57684326171875,228.85534430116905,-182.24661549024938,-79.58682994632098,1.8552328018066773,0.3241770940908075,0.0739184248743737,3.631614681991467e-05,25.361759046215973,37.02357330334667,nan,0.04698638198113728,nan
590.89,230.6075897216797,-182.83291625976562,-79.57819366455078,228.8501438732037,-182.2379189438604,-79.5883445853504,1.8554624106817614,0.3242293045638837,0.07393317629794242,3.7047275156839146e-05,25.341217514144514,36.62984737045373,nan,nan,nan
590.9,230.60255432128906,-182.82431030273438,-79.57952117919922,228.8686203733504,-182.24021304930508,-79.58841460607528,1.8296927693794287,0.3241619353525006,0.07392303769346316,3.6247270313941716e-05,24.466744942402094,35.46008052480196,6.870138412234439,0.9739612059556606,nan
590.91,230.59747314453125,-182.81570434570312,-79.58081817626953,228.86337687262875,-182.2315353020144,-79.5898613221761,1.8298702495855363,0.3242139239434261,0.07393781167332214,3.697625352350778e-05,24.440306364833482,35.603010721016275,nan,nan,nan
590.92,230.5923614501953,-182.80709838867188,-79.58208465576172,228.8580657143698,-182.22282683885135,-79.5908391744235,1.8300905947054327,0.32426599179825116,0.07395264001615669,3.6202488144177345e-05,24.290519990632998,35.364044598702705,nan,0.12972295195897687,nan
590.9300000000001,230.5872039794922,-182.79849243164062,-79.58332824707031,228.85274146005275,-182.21414995379482,-79.59223160222453,1.8302720105187003,0.32431815034908734,0.07396753787813251,3.6930320405618473e-05,24.26467615297803,35.36052442582013,nan,nan,nan
590.94,230.58200073242188,-182.78988647460938,-79.58454895019531,228.8474030792488,-182.2055027335026,-79.59402664834167,1.8304161281046465,0.3243703886590986,0.07398249074508416,3.6159102947818e-05,24.546973536039477,35.67875610171098,nan,0.12040366890330242,nan
590.95,230.57676696777344,-182.78128051757812,-79.58574676513672,228.86498176789576,-182.20892782653507,-79.5953232432073,1.8049620168847686,0.32430292302377317,0.07397244645232054,3.686249110890815e-05,24.44978833336255,35.05801529334187,5.971922784100413,nan,nan
590.96,230.57150268554688,-182.77267456054688,-79.58692169189453,228.85951853961913,-182.2002081360389,-79.59563380728743,1.805182379719987,0.32435493932713055,0.07398742175393495,3.60947363834655e-05,24.010706284741374,34.404954651174336,nan,0.6817387635896045,nan
590.97,230.56619262695312,-182.76406860351562,-79.58806610107422,228.85407705342053,-182.1915570748772,-79.59692552480212,1.8053220424471499,0.3244070458559331,0.07400246609288218,3.681955232091129e-05,23.98527392266882,34.68997617358719,nan,nan,nan
590.98,230.5608367919922,-182.75546264648438,-79.58919525146484,228.8484892356958,-182.18278345029697,-79.59631948756208,1.8055875415055362,0.3244592324729613,0.07401756634957228,3.6054230136902676e-05,23.206690729098028,33.86305740403059,nan,2.337978069865594,nan
590.99,230.55545043945312,-182.7468719482422,-79.59030151367188,228.84297257130143,-182.17413307965114,-79.59754871427658,1.8057305398150985,0.3245115094060239,0.07403273560341991,3.677809126021121e-05,23.17132815001956,34.396152167712884,nan,nan,nan
591.0,230.55003356933594,-182.73826599121094,-79.59137725830078,228.81891041295788,-182.15869871704578,-79.59765176218191,1.8255752455679621,0.3244439368845005,0.07402276744990116,3.599292477669549e-05,23.226751912174862,33.61686149825106,2.8738317272720457,0.7895527094305473,nan
591.01,230.54457092285156,-182.7296600341797,-79.59243774414062,228.8132904114642,-182.150044155724,-79.59882779286511,1.825740290509664,0.32449599129221907,0.07403795827986358,3.671498862029927e-05,23.191819893265915,33.575906326647846,nan,nan,nan
591.02,230.53907775878906,-182.7210693359375,-79.5934829711914,228.80761048591236,-182.14136333615758,-79.59955188906288,1.8259449046967544,0.32454812610011763,0.07405320588938877,3.595529808797776e-05,23.049639976723963,33.881785355217175,nan,0.12450308928074383,nan
591.03,230.53355407714844,-182.71246337890625,-79.59449768066406,228.80191921193676,-182.13271017698366,-79.60068337000651,1.8261192032035547,0.32460035077715765,0.07406852208099111,3.667653517282427e-05,23.016377481135272,33.25603478955599,nan,nan,nan
591.04,230.52798461914062,-182.703857421875,-79.59549713134766,228.7962689828063,-182.12414241101408,-79.60318814542083,1.82618939068206,0.3246526563286612,0.07408389563760855,3.591908659763482e-05,23.567380025914137,33.868786408590566,nan,1.2993772233957288,nan
591.0500000000001,230.5223846435547,-182.6952667236328,-79.59647369384766,228.7701665228931,-182.1025408957398,-79.60430675934911,1.8497712308124536,0.32458498686156545,0.07407401170113317,3.661659516656291e-05,23.405320660127355,34.92524924724657,6.934919635891909,nan,nan
591.0600000000001,230.51675415039062,-182.68666076660156,-79.5974349975586,228.76439461101415,-182.09392223869762,-79.60647458961387,1.8499147634228936,0.32463706974426315,0.07408940660385195,3.5862264514334505e-05,23.956861937636646,34.55229032452281,nan,0.7828753254005355,nan
591.07,230.51107788085938,-182.67807006835938,-79.59837341308594,228.7585308176289,-182.08524036903407,-79.60755553496767,1.8501223128761421,0.3246892420654797,0.07410486971574373,3.658111834249499e-05,23.929593910418916,35.515905128821785,nan,nan,nan
591.08,230.50538635253906,-182.6694793701172,-79.59928894042969,228.75268836783454,-182.0766190504442,-79.60965738894159,1.85028135399852,0.3247414955464531,0.07412039098330887,3.5828902346343136e-05,24.573180083654375,35.921128496105176,nan,0.726412307586216,nan
591.09,230.49964904785156,-182.66087341308594,-79.6001968383789,228.74675811465124,-182.0679383055924,-79.61071321016213,1.8504889244385483,0.3247938385783832,0.07413598047474734,3.654709770797956e-05,24.54781010093296,35.11181851537301,nan,nan,nan
591.1,230.49388122558594,-182.65228271484375,-79.60108184814453,228.76110316937556,-182.06416760293132,-79.6135220668225,1.8299054445475433,0.32472606360561035,0.07412616566037805,3.577504543691035e-05,25.119160700776142,36.86541713028605,4.523716116869856,2.0801862984389197,nan
591.11,230.4880828857422,-182.64369201660156,-79.60194396972656,228.75514038942413,-182.05548244503473,-79.61456152675132,1.8300927294465663,0.3247781834719684,0.07414177565130173,3.649174106545513e-05,25.10372847321804,36.89303955718007,nan,nan,nan
591.12,230.4822540283203,-182.63510131835938,-79.60279083251953,228.74913104317466,-182.04678216461338,-79.61529549400498,1.8302980836091869,0.32483038476498377,0.0741574445414098,3.574447930730775e-05,25.06370441912363,36.72832546863428,nan,0.05651182773049568,nan
591.13,230.4763946533203,-182.62649536132812,-79.60363006591797,228.74310478792032,-182.03809850926055,-79.61629947315005,1.8304822115773158,0.32488267520412545,0.07417318134391797,3.6460625602424594e-05,25.04162308695045,35.72531122073394,nan,nan,nan
591.14,230.4705047607422,-182.61790466308594,-79.60443878173828,228.73699795530555,-182.02936241736623,-79.61628978584307,1.8307288892105815,0.3249350475216613,0.07418897757870241,3.5715277100354164e-05,24.520371435190984,36.171192583525716,nan,0.6747806474230237,nan
591.15,230.46458435058594,-182.60931396484375,-79.60523986816406,228.71666986401212,-182.01835005977665,-79.6172127225262,1.845152226432375,0.32486717519453057,0.07417923696282502,3.640826814213717e-05,25.113223378864134,36.040162350606586,2.9575246782634133,nan,nan
591.16,230.45867919921875,-182.60072326660156,-79.60602569580078,228.71052859970487,-182.00965625985182,-79.61775054141609,1.8454073255120476,0.32491932418273867,0.07419505336541739,3.566568149447232e-05,24.981671321691056,35.74869625379232,nan,0.11377602681402565,nan
591.17,230.45281982421875,-182.59213256835938,-79.60679626464844,228.7044434444954,-182.00098455116796,-79.61867871552106,1.8456481614984401,0.3249715619293332,0.07421093740701502,3.6379980685664205e-05,24.96035747357169,35.975068040261014,nan,nan,nan
591.1800000000001,230.4470672607422,-182.58355712890625,-79.6075439453125,228.69835374240216,-181.99222810123925,-79.6178941573216,1.8460162824513182,0.3250238817935297,0.07422688155939952,3.563917753968456e-05,24.037724007216767,35.58178043022592,nan,1.9626871211863985,nan
591.19,230.44140625,-182.57496643066406,-79.60828399658203,228.69243962595962,-181.9835578008549,-79.61877702920516,1.8462823519585463,0.325076290551346,0.07424289341572883,3.635306799368971e-05,24.01475217372652,34.8088673110111,nan,nan,nan
591.2,230.43585205078125,-182.56637573242188,-79.6090087890625,228.6807862297184,-181.97166728652834,-79.61780838122807,1.8531086327310708,0.32500831399565333,0.07423321444382364,3.559234535758843e-05,23.164657282363848,34.012884492583794,0.8549713366849803,2.5762875520691346,nan
591.21,230.43040466308594,-182.5577850341797,-79.6097183227539,228.67507225694544,-181.9629918518805,-79.61864681734478,1.8533889240448793,0.32506049895073,0.07424924562948648,3.6304984344259955e-05,23.13980269932583,33.978837456573146,nan,nan,nan
591.22,230.42506408691406,-182.5491943359375,-79.61041259765625,228.66934662588594,-181.95419287490068,-79.61685864777183,1.853810155640833,0.32511276624402813,0.07426533756183958,3.5568450271183385e-05,22.0673180968614,32.91261929910026,nan,4.66667162790544,nan
591.23,230.41983032226562,-182.54061889648438,-79.61109161376953,228.6638458424219,-181.94551831815022,-79.61764513492957,1.8540952349934197,0.3251651220694137,0.07428149697967765,3.628077139087814e-05,22.03657452790999,33.594645929652536,nan,nan,nan
591.24,230.41470336914062,-182.5320281982422,-79.61175537109375,228.65836428811576,-181.93675580318327,-79.6165005405308,1.854480711274026,0.32521756066203744,0.0742977176301255,3.554582073172911e-05,21.44184061847609,32.23183517213156,nan,2.5178232908196243,nan
591.25,230.40966796875,-182.5234375,-79.61241149902344,228.64284280795326,-181.92363684734846,-79.61728701075693,1.8658659497295909,0.3251494864627977,0.07428810291503525,3.623543568256664e-05,21.595617272093975,32.47219226207114,0.9936254444231675,nan,nan
591.26,230.4047393798828,-182.51486206054688,-79.61305236816406,228.6376911447727,-181.91501598640772,-79.6193429407168,1.8660960182072486,0.32520170106859136,0.07430434246900403,3.55028988062988e-05,22.0084346511607,33.55794029912624,nan,1.2044561219317005,nan
591.27,230.39990234375,-182.5062713623047,-79.61367797851562,228.63258114253085,-181.90633592755586,-79.62007496341319,1.8663835821078514,0.32525400386187975,0.07432064932341371,3.6213815803978394e-05,21.97936335379632,32.96343900661689,nan,nan,nan
591.28,230.39517211914062,-182.4976806640625,-79.61429595947266,228.62754760370078,-181.89763433143824,-79.62030227109476,1.8667051466846833,0.3253063896157134,0.07433701798831753,3.548273687883778e-05,21.82229739924635,32.554316601972964,nan,0.16686259755445118,nan
591.29,230.39053344726562,-182.48910522460938,-79.61489868164062,228.62263028158804,-181.88895377644604,-79.62100613617325,1.8670031239786993,0.32535886371479994,0.07435345406341887,3.619345041763054e-05,21.790738967420246,33.36652451433928,nan,nan,nan
591.3000000000001,230.385986328125,-182.4805145263672,-79.61548614501953,228.62935806518823,-181.8868821539686,-79.62204165336306,1.8542344033043607,0.32529068646079423,0.07434389310536449,3.5442310413067426e-05,21.964458757346108,32.64908111849125,1.6778941949251691,0.07419305263641882,nan
591.3100000000001,230.38153076171875,-182.471923828125,-79.6160659790039,228.6246451098617,-181.87821527261866,-79.62272681105942,1.854503008697022,0.3253429361231296,0.07436034724912866,3.615197465080342e-05,21.935323911280136,32.51997380813165,nan,nan,nan
591.32,230.37716674804688,-182.4633331298828,-79.61663818359375,228.61999570555298,-181.86952227646418,-79.62275881297668,1.8548042657706192,0.32539526892133136,0.07437686374355476,3.542450492985225e-05,21.722043238463698,32.19069062753937,nan,0.2843830041230604,nan
591.33,230.3728790283203,-182.4547576904297,-79.61719512939453,228.615459976638,-181.8608550879742,-79.62341649044107,1.855068928571839,0.32544768974557914,0.0743934475109775,3.6134039691181924e-05,21.690020585594784,33.16215554270956,nan,nan,nan
591.34,230.36868286132812,-182.4461669921875,-79.61773681640625,228.6109512044529,-181.85212869656758,-79.62256600115573,1.8554043751348879,0.32550019411281195,0.07441009407350503,3.540783761498651e-05,21.233799184688113,31.96621110306592,nan,1.5472469694734838,nan
591.35,230.3645782470703,-182.4375762939453,-79.61827087402344,228.60490752668156,-181.8426728584036,-79.62304038228702,1.8575182071844907,0.32543191904591245,0.07440058750362691,3.609500951151113e-05,21.214296774882435,31.732487350258488,1.0118703338322206,nan,nan
591.36,230.36053466796875,-182.42898559570312,-79.6187973022461,228.60060804213794,-181.83398893869438,-79.62327539341733,1.8577897629872877,0.32548419877286494,0.0744172516227412,3.5370894339995685e-05,21.106716700199048,31.96443037275426,nan,0.0970961166503304,nan
591.37,230.35659790039062,-182.42039489746094,-79.61930847167969,228.59640396997256,-181.82531887003597,-79.62387205458558,1.8580686148216992,0.32553656622275184,0.07443398290618371,3.607938205385447e-05,21.07428791092361,31.57737005782676,nan,nan,nan
591.38,230.35272216796875,-182.41180419921875,-79.61981201171875,228.59225511942614,-181.81662477898166,-79.62381626960774,1.8583591701711808,0.32558901736501544,0.07445077747417708,3.5356417924185566e-05,20.906895570003602,31.697801615871203,nan,0.28619069692481325,nan
591.39,230.3489227294922,-182.40321350097656,-79.62030792236328,228.5882083359461,-181.80795366698754,-79.62438835052828,1.8586194057673664,0.3256415564093622,0.07446763935530117,3.6064866740357226e-05,20.871396695695015,31.6682933443269,nan,nan,nan
591.4,230.34519958496094,-182.39462280273438,-79.62078857421875,228.62731399501348,-181.81931093921793,-79.62525672022066,1.8116662509360226,0.32557317936292096,0.07445817830044774,3.5321667178762327e-05,20.511110384376217,31.233833825991216,17.307301767311873,0.03198943734774451,nan
591.41,230.34156799316406,-182.3860321044922,-79.62126159667969,228.62348943927705,-181.81067103949755,-79.62581491793763,1.8118650626282096,0.32562549333975893,0.07447505690210464,3.6029227256773265e-05,20.47817355543444,30.842730119862853,nan,nan,nan
591.42,230.33799743652344,-182.37744140625,-79.6217269897461,228.61973832152637,-181.80203053659935,-79.62636449244178,1.8120523065336385,0.3256778929676941,0.07449200092592072,3.6751097812477276e-05,20.44415402119985,31.03577957581242,nan,nan,nan
591.4300000000001,230.33448791503906,-182.3688507080078,-79.62218475341797,228.6160591546256,-181.79338936531576,-79.62690552837172,1.8122294135305526,0.32573037839122676,0.0745090105163962,3.748742334607435e-05,20.409157366449083,31.216453446318454,nan,nan,nan
591.44,230.3309326171875,-182.36026000976562,-79.62273406982422,228.61234285257783,-181.78470623757255,-79.62624096317913,1.8124086796326646,0.3257829478844032,0.07452608412709433,3.66799263558403e-05,20.102926182925547,30.736442173981317,nan,1.0007570711270024,nan
591.45,230.3273162841797,-182.35166931152344,-79.62337493896484,228.61222740086848,-181.78460660304802,-79.6270005479823,1.8064061387301364,0.32571447297160966,0.07451666765865055,3.739067968333417e-05,20.74297025639044,30.780388396369307,5.755350963705593,nan,nan
591.46,230.32363891601562,-182.34307861328125,-79.62410736083984,228.6083931356493,-181.775946599935,-79.62623968682446,1.8065744807344044,0.3257668171882533,0.07453375741155205,3.6588433577069e-05,20.468581540856203,30.61966148971473,nan,1.493966197079797,nan
591.47,230.3199005126953,-182.33447265625,-79.62493133544922,228.6045529938521,-181.76733433256683,-79.62707795095176,1.8066730740645358,0.32581924889270647,0.0745509144824371,3.7320519041913774e-05,20.42205303047306,30.02743275835056,nan,nan,nan
591.48,230.3161163330078,-182.3258819580078,-79.62584686279297,228.60066360354276,-181.75872833787926,-79.62822930866935,1.8067780638203426,0.3258717647991311,0.0745681360100541,3.652237205881227e-05,20.40746669710846,30.45690495590345,nan,0.0318832466481802,nan
591.49,230.31227111816406,-182.31727600097656,-79.62684631347656,228.5967108757916,-181.75011506750656,-79.6292509480088,1.8068824676582897,0.3259243683808713,0.07458542502675683,3.7252951174408986e-05,20.362069961628634,30.002341902275315,nan,nan,nan
591.5,230.30838012695312,-182.30868530273438,-79.62793731689453,228.5774362906528,-181.73917443152632,-79.63110601853079,1.8222291945637097,0.32585579236515094,0.07457604543344613,3.643617850542884e-05,21.103294373423974,30.659510470506525,4.0721701872392755,0.5328623074768147,nan
591.51,230.30442810058594,-182.3000946044922,-79.62911224365234,228.57334917043215,-181.7305689005093,-79.63231059143253,1.8223622086040148,0.3259081702520338,0.07459334973804643,3.716443019798502e-05,21.05704191412302,30.830170800811885,nan,nan,nan
591.52,230.3004150390625,-182.29148864746094,-79.63037109375,228.56923750804168,-181.72198973339124,-79.63454474672028,1.8224494715675987,0.3259606324540722,0.07461071890379277,3.63750992754479e-05,21.21596537016223,30.549099781085673,nan,0.5801772457441869,nan
591.53,230.29635620117188,-182.28289794921875,-79.63172149658203,228.56504353449193,-181.71338353774595,-79.63593120933295,1.8225827652984807,0.32601318206844004,0.07462815552863897,3.7102037784199683e-05,21.169054998432216,30.89213041494649,nan,nan,nan
591.54,230.292236328125,-182.2742919921875,-79.63314819335938,228.560773620804,-181.70475578919869,-79.636624131292,1.822730554827769,0.3260658163749181,0.07464565740169408,3.631642512465363e-05,20.97954893050686,30.41615235616186,nan,0.3968452683619524,nan
591.5500000000001,230.28807067871094,-182.2657012939453,-79.63465881347656,228.53158215076684,-181.6797434160525,-79.63825551887126,1.851651025369946,0.32599714265429325,0.07463631274932045,3.701884555335693e-05,20.77897319660598,31.314676098936108,10.42413901542663,nan,nan
591.5600000000001,230.2838592529297,-182.25709533691406,-79.6362533569336,228.52715349039244,-181.67106444435817,-79.63862476809156,1.8518782267612326,0.32604955103642974,0.07465382925662627,3.623780465148524e-05,20.541349678060065,30.270886513527056,nan,1.049740200019245,nan
591.57,230.27960205078125,-182.24850463867188,-79.63793182373047,228.52271094902443,-181.6624181603696,-79.64032689007671,1.8520716616329536,0.3261020465843397,0.07467141321551535,3.6961466208867715e-05,20.496923837710753,30.773416389271713,nan,nan,nan
591.58,230.27528381347656,-182.23989868164062,-79.63968658447266,228.5182076886905,-181.6537624818934,-79.64173550945635,1.8522624951774305,0.32615462691145486,0.07468906278557243,3.618389771884103e-05,20.414310657277504,30.302846463408407,nan,0.09264597449974898,nan
591.59,230.2709197998047,-182.23130798339844,-79.64151763916016,228.51366556434755,-181.64511623737792,-79.64359560040562,1.8524490624731296,0.3262072946135332,0.07470678001021437,3.69065003736477e-05,20.37075063051342,30.96962528478023,nan,nan,nan
591.6,230.26649475097656,-182.2227020263672,-79.6434097290039,228.50939975482333,-181.62909341059162,-79.64709741436035,1.8546610507726156,0.3261385207336453,0.0746974634772893,3.611015063053973e-05,19.91643944937443,30.7106664913554,5.656091797975979,1.845570956537097,nan
591.61,230.2620391845703,-182.214111328125,-79.64530944824219,228.50475974629865,-181.62041639882352,-79.6490773291217,1.854863577241462,0.3261909621168982,0.0747151944761838,3.6830871452219466e-05,19.881426595492652,31.126725972781003,nan,nan,nan
591.62,230.2575225830078,-182.20550537109375,-79.64720153808594,228.50002731786734,-181.61170133093253,-79.64938812109176,1.8551004356228862,0.3262434883503271,0.07473299142318529,3.606083731151706e-05,19.585544471735954,30.1935001188051,nan,1.8489596412806528,nan
591.63,230.2529754638672,-182.19691467285156,-79.64906311035156,228.49529235628427,-181.60302470673403,-79.65133196440009,1.855305998005754,0.32629610173502344,0.07475085604817058,3.678065917846775e-05,19.549547706012994,30.69579186060955,nan,nan,nan
591.64,230.2483673095703,-182.1883087158203,-79.65089416503906,228.49052418032178,-181.59435951705404,-79.65376698662847,1.8554773970235348,0.32634880032742736,0.07476878698059654,3.601373271743874e-05,19.59618089909987,30.27753850665883,nan,0.17909776154375304,nan
591.65,230.2437286376953,-182.17971801757812,-79.6526870727539,228.50566142587755,-181.60457387624163,-79.65556795349954,1.8307585082646867,0.3262799288545917,0.07475949566242082,3.6709862037097206e-05,20.25838818676276,30.36700193616831,15.793249047833879,nan,nan
591.66,230.23902893066406,-182.17111206054688,-79.65445709228516,228.50079347492613,-181.59592825878698,-79.65629623127631,1.8309293508553683,0.3263324008820174,0.07477743964891487,3.594686636059396e-05,20.083979941447673,29.530882244269037,nan,0.8499633362941257,nan
591.67,230.23428344726562,-182.1625213623047,-79.65618133544922,228.49590869090963,-181.58730640235177,-79.65810737054284,1.8310714768409728,0.3263849598505705,0.0747954513536699,3.6664204710269095e-05,20.04731724854082,30.45631058709675,nan,nan,nan
591.6800000000001,230.22950744628906,-182.15391540527344,-79.65787506103516,228.4909381731187,-181.57865104706764,-79.65819765755376,1.8312706800204452,0.32643760407600075,0.07481352966961619,3.590408589080255e-05,19.90764727898679,29.287344683463775,nan,1.9088744562983733,nan
591.69,230.22467041015625,-182.14532470703125,-79.65953826904297,228.48596453393597,-181.57002956968864,-79.65992585534569,1.8314100494635608,0.32649033546978207,0.07483167593190808,3.662073253602876e-05,19.86527320544726,30.15032358929773,nan,nan,nan
591.7,230.2198028564453,-182.13671875,-79.66117095947266,228.51612918238914,-181.56775879885112,-79.66169168771974,1.7961680558459217,0.32642136469701355,0.07482240376250561,3.584158858287017e-05,18.594727938316975,28.764323771087085,14.323398759106958,0.02201885531426059,nan
591.71,230.2148895263672,-182.1281280517578,-79.66276550292969,228.51112634339802,-181.55912330409163,-79.66335547917117,1.796267166815632,0.32647386915157256,0.0748405622073193,3.6556715997671566e-05,18.553464872223017,29.6101145860914,nan,nan,nan
591.72,230.20994567871094,-182.11952209472656,-79.6643295288086,228.505351620882,-181.5530558146431,-79.6653329617293,1.796253310458998,0.32643431007807117,0.07374654395338372,3.580098410079025e-05,22.981995131085668,33.07128319064472,nan,0.08180071074403794,0.005899584757823616
591.73,230.20494079589844,-182.11093139648438,-79.66586303710938,228.50026211001972,-181.54442516493367,-79.66693824844046,1.7963462607622123,0.3264864624149362,0.07376089809663003,3.651550559149742e-05,22.92419198012421,34.090885076247865,nan,nan,nan
591.74,230.1999053955078,-182.1023406982422,-79.66736602783203,228.49510902562278,-181.53567034390997,-79.66635604286692,1.796509664132595,0.32653869945789604,0.07377530801011516,3.576437427247759e-05,22.86069872647697,33.79409636636903,nan,3.1452092012607635,nan
591.75,230.19482421875,-182.09373474121094,-79.66883850097656,228.49167120975136,-181.53427049029926,-79.66783302399689,1.7926883251399948,0.3264708729499627,0.07376484084597712,3.645584028044258e-05,23.62790237065053,33.17752472039905,7.169745561548748,nan,nan
591.76,230.189697265625,-182.08514404296875,-79.67028045654297,228.48644808939667,-181.52558617424796,-79.66776887000691,1.7928103839605427,0.3265228874759594,0.07377927336963967,3.570804768795637e-05,23.716898586621667,34.079595302456944,nan,1.6480432922389257,nan
591.77,230.18453979492188,-182.07655334472656,-79.67169189453125,228.48120025310308,-181.5169898624088,-79.66922067199543,1.792897931397062,0.32657498680117475,0.07379377135031447,3.642073073077126e-05,23.648829361633084,33.87112092009971,nan,nan,nan
591.78,230.17935180664062,-182.06796264648438,-79.67308044433594,228.47589879471334,-181.5083103563065,-79.66911817947248,1.7930361260410512,0.3266271708013442,0.07380832585413719,3.567526202718168e-05,23.86301088063502,33.76705297471714,nan,1.5832383909976797,nan
591.79,230.17410278320312,-182.05935668945312,-79.6744384765625,228.47057236757647,-181.49971485171721,-79.67050044864634,1.7931063469781798,0.3266794398725309,0.07382294585836174,3.638755063470795e-05,23.791500788385175,33.616742541327135,nan,nan,nan
591.8000000000001,230.16883850097656,-182.05076599121094,-79.67577362060547,228.4900611065898,-181.49458881653598,-79.67398173350644,1.7685106164207292,0.3266115188863997,0.07381256841168138,3.562276091228093e-05,22.169829206550904,33.06288241714847,12.224297568459336,3.4213374066587257,nan
591.8100000000001,230.16351318359375,-182.04217529296875,-79.67707824707031,228.48469698177723,-181.48597304717813,-79.67533182523282,1.7685552939315734,0.32666356512590716,0.07382721035389582,3.6333821394173875e-05,22.10357549220735,33.65903743641577,nan,nan,nan
591.82,230.15817260742188,-182.03358459472656,-79.67835235595703,228.47929263372623,-181.47734163705817,-79.67634915331708,1.7686289059191522,0.3267156960032921,0.07384190952896062,3.5593588569155926e-05,22.074000015407293,33.24048218005065,nan,0.06446547892313947,nan
591.83,230.1527862548828,-182.02499389648438,-79.67961120605469,228.47385367985265,-181.46872665603468,-79.6776461178646,1.7686864323182114,0.32676791186039694,0.0738566739691246,3.6304357852579136e-05,22.008981032337783,33.10292131099434,nan,nan,nan
591.84,230.14735412597656,-182.0164031982422,-79.68083953857422,228.46836491478012,-181.46002541083735,-79.67720034563013,1.7687776167050586,0.3268202126573616,0.07387149614946198,3.556614232836877e-05,22.215961362072736,33.68934168008985,nan,2.0184463623428233,nan
591.85,230.1418914794922,-182.0078125,-79.68203735351562,228.43207908360526,-181.44329741726892,-79.67840683103627,1.8005968145181601,0.32675219756881374,0.07386121282937122,3.625433118287351e-05,23.242986399931315,33.89269767774096,10.312899902319172,nan,nan
591.86,230.1363983154297,-181.9992218017578,-79.68321990966797,228.42647823880844,-181.43466645333334,-79.67913113648487,1.8007126722309779,0.3268042752443768,0.07387605673306759,3.5518927089201545e-05,23.293259767457652,33.58473186614512,nan,0.16053220991748476,nan
591.87,230.130859375,-181.99063110351562,-79.68437957763672,228.4208451708545,-181.4260596909507,-79.68031200531846,1.8008070422478566,0.32685643781215057,0.07389096570060988,3.622836281086078e-05,23.221967310861647,33.727583925758786,nan,nan,nan
591.88,230.1252899169922,-181.98204040527344,-79.68550872802734,228.4151723728686,-181.41742196997222,-79.68080963670332,1.8009214512744758,0.3269086852751333,0.07390593305886636,3.549478836998849e-05,23.330596053057775,33.97071436348232,nan,0.299785527470043,nan
591.89,230.11968994140625,-181.97344970703125,-79.6866226196289,228.40946917436864,-181.40881630655363,-79.6819399559013,1.8010241187394522,0.32696101790853616,0.07392096556990815,3.6204061117443816e-05,23.25791065054563,33.60400666275468,nan,nan,nan
591.9,230.1140594482422,-181.96485900878906,-79.68770599365234,228.3869551828504,-181.38933124672005,-79.68410512098674,1.8204763977406238,0.32689290870392823,0.07391076508247346,3.545085291440304e-05,22.797515171520487,33.69883072227348,5.198704015112738,0.8308836794410251,nan
591.91,230.10838317871094,-181.95626831054688,-79.68877410888672,228.3811556719419,-181.38069919487393,-79.68520363870233,1.8206063317789003,0.3269450179074692,0.07392581864388166,3.615912222504947e-05,22.728057806310684,33.69263502500237,nan,nan,nan
591.92,230.10269165039062,-181.94769287109375,-79.6898193359375,228.37531552488844,-181.37201190563655,-79.68504223313299,1.8207854551417884,0.3269972119571053,0.07394093120779076,3.5429811585975944e-05,22.96295857272887,34.31580646422402,nan,1.0583629711258344,nan
591.9300000000001,230.09695434570312,-181.93910217285156,-79.69084930419922,228.36944958816315,-181.36338092459923,-79.68608806923402,1.820920182866583,0.32704949109485926,0.07395610877232013,3.6137998328108065e-05,22.89071567701283,33.63429654606749,nan,nan,nan
591.94,230.0911865234375,-181.93051147460938,-79.69184875488281,228.36355900843395,-181.3548156810593,-79.68860339790437,1.8210252633202244,0.32710185537548286,0.07397134580414025,3.5410245844367096e-05,22.505775933775276,33.52458911019895,nan,1.5294897014725843,nan
591.95,230.08538818359375,-181.9219207763672,-79.69283294677734,228.33381652463012,-181.3334070762966,-79.68966747913812,1.847799142721077,0.32703365232466236,0.0739612303107247,3.6096199027705356e-05,22.515819023870353,33.618451582289346,6.511167340768879,nan,nan
591.96,230.0795440673828,-181.91334533691406,-79.69380187988281,228.32781510426872,-181.32475896765567,-79.69082390079333,1.8479710881528963,0.32708579288243245,0.07397648808523208,3.537079516908115e-05,22.432218307414143,34.37826082147024,nan,0.016185517981861658,nan
591.97,230.0736846923828,-181.90475463867188,-79.69474792480469,228.3217815209874,-181.3161049144545,-79.69181023751548,1.848156338022595,0.32713801844847135,0.07399181073778306,3.607803743455914e-05,22.366985242183638,33.41428743479351,nan,nan,nan
591.98,230.0677947998047,-181.89617919921875,-79.69567108154297,228.31571687840014,-181.30745143761948,-79.69277606570813,1.8483467751121971,0.32719032910270335,0.07400719341689584,3.535402824938578e-05,22.30966040616141,34.1855237860184,nan,3.831783523341139e-06,nan
591.99,230.06187438964844,-181.88758850097656,-79.69657897949219,228.3096215991632,-181.2987988436457,-79.6937266524469,1.8485321847651701,0.3272427250479664,0.07402264110326955,3.606128484693869e-05,22.24505625350739,33.30315846767406,nan,nan,nan
592.0,230.05592346191406,-181.87901306152344,-79.69747161865234,228.30066316907514,-181.2839857915537,-79.69429396647651,1.8533769840747396,0.3271744282288016,0.07401260110407334,3.53173309846583e-05,21.77299669627727,34.010663281891375,5.016170837468116,0.02260624531029352,nan
592.01,230.0499267578125,-181.87042236328125,-79.6983413696289,228.29450188787735,-181.2753099052747,-79.69520493599202,1.85356012820664,0.32722660014743365,0.07402806885492676,3.6023754668701944e-05,21.706360321520044,33.6609651229596,nan,nan,nan
592.02,230.04391479492188,-181.86184692382812,-79.6991958618164,228.28831092879378,-181.26663461561319,-79.69609913815448,1.8537616395620877,0.3272788571160696,0.07404359927592112,3.674449168606511e-05,21.639940059076125,33.98647215885254,nan,nan,nan
592.03,230.03787231445312,-181.853271484375,-79.70003509521484,228.28209076779285,-181.2579599338463,-79.69697704460351,1.853961713051043,0.3273311992792095,0.07405919251155664,3.747968653694781e-05,21.57433494023157,33.87398620457837,nan,nan,nan
592.04,230.03179931640625,-181.84469604492188,-79.70085144042969,228.27584387883996,-181.24931058119495,-79.69849968144217,1.8541490986180882,0.3273836267643143,0.0740748465620997,3.6671769483217685e-05,21.421671898313292,33.959348790676614,nan,0.28010380096788157,nan
592.0500000000001,230.02569580078125,-181.8361053466797,-79.70166015625,228.2992028626957,-181.26271671109788,-79.69928903253962,1.819219067320182,0.3273152363867971,0.07406488240738025,3.7381519199348547e-05,22.016397155404537,32.402782894044904,22.288199449888168,nan,nan
592.0600000000001,230.0195770263672,-181.82752990722656,-79.70244598388672,228.29295244239407,-181.25416872469154,-79.7018985490187,1.8193338889008923,0.3273674395505331,0.07408055614343348,3.6579020762882e-05,21.821491460425836,32.85315737178997,nan,2.0280177881132366,nan
592.07,230.01341247558594,-181.81895446777344,-79.7032241821289,228.28666884575782,-181.24555821095532,-79.70273795436488,1.8194579046799788,0.3274197278550227,0.07409629490047683,3.731009470771724e-05,21.76616949711064,32.85724598319297,nan,nan,nan
592.08,230.00729370117188,-181.8103790283203,-79.7039794921875,228.28039285050053,-181.2369992011842,-79.70502102834305,1.8196021705344279,0.32747210141988337,0.07411209497998508,3.651184962797084e-05,21.738950158990484,32.84921496444173,nan,1.3775063023979088,nan
592.09,230.00125122070312,-181.8018035888672,-79.70471954345703,228.27416942146155,-181.22839053876788,-79.70584582739635,1.8197844201474012,0.3275245604111479,0.0741279602313548,3.724147640937262e-05,21.69422972988097,32.81308779008454,nan,nan,nan
592.1,229.9953155517578,-181.79322814941406,-79.70545196533203,228.23790084769027,-181.20399890021434,-79.70745928236589,1.8535645603827633,0.32745607660517473,0.07411806370730943,3.642479824721972e-05,21.871944505183112,32.836642969457905,10.100971378563154,0.5220044817732639,nan
592.11,229.98947143554688,-181.78465270996094,-79.70616149902344,228.2318184724735,-181.19536065351875,-79.70826364588766,1.8538105311514301,0.327508310974583,0.07413394794146148,3.715215732016462e-05,21.832505213257818,33.370016122723385,nan,nan,nan
592.12,229.98374938964844,-181.7760772705078,-79.70686340332031,228.22584762286684,-181.18676395385523,-79.71032646128113,1.8540552310026728,0.3275606305402251,0.07414989397102406,3.636298197656197e-05,21.996633109731196,33.07928525073296,nan,1.0564274123846626,nan
592.13,229.97813415527344,-181.76751708984375,-79.7075424194336,228.21998510252027,-181.17812669961157,-79.71111696867479,1.8543144019278892,0.3276130354589134,0.07416590512988239,3.708908630250124e-05,21.962884060658183,34.14497255856466,nan,nan,nan
592.14,229.97262573242188,-181.75894165039062,-79.70821380615234,228.21423407491474,-181.16950222926062,-79.71229621602325,1.8545610581598861,0.32766552586474207,0.0741819784899424,3.6303735681766016e-05,22.03062589029213,33.34863369305489,nan,0.10562472282728452,nan
592.15,229.9672393798828,-181.7503662109375,-79.70887756347656,228.20918804353593,-181.1624028968131,-79.71306516438787,1.8537699145224589,0.3275969488122131,0.07417214875900079,3.700542837021636e-05,22.16546705677397,32.85930063505395,0.21338329158361752,nan,nan
592.16,229.96194458007812,-181.74179077148438,-79.70951843261719,228.20365457424822,-181.1537607477511,-79.71342579958586,1.8540168070785403,0.32764921430038735,0.07418824063905717,3.622473823139095e-05,22.06646094052163,33.381082696631616,nan,0.1034724248771273,nan
592.17,229.95675659179688,-181.73321533203125,-79.71015167236328,228.198227748607,-181.14513074618756,-79.71416712745177,1.8542608490493575,0.32770156506897224,0.07420439763063646,3.694768080617057e-05,22.03502483339066,33.12095311159103,nan,nan,nan
592.1800000000001,229.95169067382812,-181.7246551513672,-79.71076965332031,228.19290444847968,-181.13648407348745,-79.71431330996906,1.854531412738022,0.3277540012576154,0.07422061725122509,3.6170543410869573e-05,21.899030888316076,33.446510195323576,nan,0.22479114781191925,nan
592.19,229.9467010498047,-181.71607971191406,-79.71138000488281,228.18768410710496,-181.12785419471103,-79.71502587668459,1.8547676825345736,0.3278065230144479,0.07423690216890139,3.6892483004965835e-05,21.865602187291028,33.020357189081395,nan,nan,nan
592.2,229.9418182373047,-181.70750427246094,-79.71197509765625,228.16806569167179,-181.117488058584,-79.71301962977375,1.8693095829274027,0.32773785287379237,0.07422713202545136,3.60966706330959e-05,22.227539431627072,32.81658903245738,3.518244483746328,4.857618050909997,nan
592.21,229.93704223632812,-181.6989288330078,-79.71255493164062,228.16302072462932,-181.10886946996794,-79.71368294283803,1.8695784680751952,0.32779014941518236,0.07424343475216823,3.681678338741644e-05,22.186996183033564,32.76691825299022,nan,nan,nan
592.22,229.93235778808594,-181.6903533935547,-79.71312713623047,228.15807080861333,-181.10018313716466,-79.71181012993546,1.869865490231603,0.32784253130771,0.07425980050714798,3.60473034672876e-05,22.155481917464197,32.69226208294212,nan,4.2403959097352155,nan
592.23,229.92776489257812,-181.68179321289062,-79.71369171142578,228.15321678569023,-181.09156375988957,-79.71242720318459,1.8701319177615305,0.3278949986968294,0.07427623157580973,3.6766570736074476e-05,22.103989487161737,33.268806399162244,nan,nan,nan
592.24,229.9232635498047,-181.6732177734375,-79.71424102783203,228.14845521615916,-181.08295382295964,-79.71341251258424,1.8703894885421186,0.3279475517264375,0.074292726047962,3.600024675588321e-05,22.03440687568712,32.683195733409306,nan,0.09549810362005305,nan
592.25,229.91885375976562,-181.66464233398438,-79.71477508544922,228.1144537939098,-181.05417919904548,-79.71382111391564,1.9048688631928457,0.3278787886697488,0.07428301345335063,3.669590461202122e-05,21.651311576208997,33.39886364414284,17.98185491938173,nan,nan
592.26,229.91452026367188,-181.65606689453125,-79.71530151367188,228.1098226167259,-181.04552097912787,-79.71493318574511,1.9051771695497444,0.3279311161878959,0.07429952519631214,3.593354749327577e-05,21.58481881634686,33.432844173056615,nan,0.18457573883223605,nan
592.27,229.9102783203125,-181.64749145507812,-79.7158203125,228.1052786797388,-181.03684934563387,-79.71551538965898,1.9054940517555148,0.3279835291311513,0.07431610228871888,3.665043396876946e-05,21.538483664949368,33.240165906849334,nan,nan,nan
592.28,229.9061279296875,-181.638916015625,-79.71632385253906,228.10082020030728,-181.0281813573999,-79.71626397132026,1.9058155273013866,0.32803602764394674,0.0743327431470337,3.5890984784337326e-05,21.491394575006726,33.30656634281407,nan,0.0207377119113566,nan
592.29,229.9020538330078,-181.63034057617188,-79.7168197631836,228.09644534381135,-181.01950878652409,-79.71682941981219,1.9061315514926798,0.3280886118708915,0.07434944956822734,3.660722863490556e-05,21.446331322047428,33.30794345770878,nan,nan,nan
592.3000000000001,229.8980712890625,-181.62176513671875,-79.7173080444336,228.10252745610057,-181.01320957629108,-79.7173137571524,1.8958685413940704,0.3280197560695715,0.0743397889554837,3.7314272631319676e-05,21.076005959849677,32.862907480572886,1.3728205673832818,nan,nan
592.3100000000001,229.89414978027344,-181.61318969726562,-79.71778869628906,228.0983318142171,-181.00453315146208,-79.717860024119,1.8961605847205856,0.32807211448929713,0.0743565119245469,3.8058528037821225e-05,21.030605939831784,33.098493325166764,nan,nan,nan
592.32,229.89031982421875,-181.6046142578125,-79.71825408935547,228.09421448568955,-180.99587242051416,-79.71915356316785,1.8964603398498994,0.32812455840623744,0.07437329893978588,3.721246501651452e-05,21.00750193017068,33.08950770586527,nan,0.3559898907091268,nan
592.33,229.88644409179688,-181.5960235595703,-79.71881103515625,228.0901089270329,-180.9871947908556,-79.71974159233388,1.896705923362647,0.32817708796612277,0.07439015163890675,3.795437159427303e-05,20.962343543931706,32.30835670816204,nan,nan,nan
592.34,229.8824920654297,-181.5874481201172,-79.71946716308594,228.08594781157117,-180.97853573855187,-79.72135713898192,1.89693150021409,0.3282297033117011,0.07440706874100744,3.7114552105735835e-05,20.986884126557037,33.230230080554705,nan,0.5457211750753632,nan
592.35,229.8784942626953,-181.57887268066406,-79.72021484375,228.08588863461011,-180.9687072926076,-79.72196869582092,1.8936049785057871,0.32816075494063157,0.07439745566928216,3.783005707497478e-05,20.608383809604018,33.011468720054786,2.1663986407074294,nan,nan
592.36,229.87445068359375,-181.57028198242188,-79.7210464477539,228.08162785644598,-180.96000566717677,-79.72224411858609,1.893845903157566,0.32821314418331743,0.07441438871649532,3.699732900229355e-05,20.519526451248435,32.36230629908203,nan,0.22513142599226035,nan
592.37,229.87034606933594,-181.56170654296875,-79.72196960449219,228.07731377178104,-180.95131510655358,-79.72320207007806,1.8940813194515713,0.3282656189974196,0.0744313875130816,3.773402216318515e-05,20.472826971341348,33.16075152450783,nan,nan,nan
592.38,229.86619567871094,-181.55313110351562,-79.72298431396484,228.0729484011824,-180.9426086811134,-79.7234371608786,1.8943266961349927,0.3283181795235208,0.07444845103211399,3.690710463772377e-05,20.390442723973596,32.9096031744781,nan,0.4185949929976164,nan
592.39,229.8619842529297,-181.54454040527344,-79.72409057617188,228.0685303769995,-180.93391693610323,-79.7245658536523,1.8945548427214212,0.3283708259107455,0.0744655805312358,3.764186039988707e-05,20.34427807486949,32.1814734191658,nan,nan,nan
592.4,229.85772705078125,-181.5359649658203,-79.72527313232422,228.07841341476393,-180.92886926835448,-79.7245512443352,1.8800326386318347,0.32830178514430924,0.0744560100237539,3.6797709911022756e-05,19.897681542013103,32.98841063764359,2.1147724154211,0.8838448689619327,nan
592.41,229.85342407226562,-181.52737426757812,-79.72654724121094,228.0739171975064,-180.92017443411848,-79.72584171409517,1.8802491464795996,0.32835420513442637,0.07447315471845076,3.7529731322402084e-05,19.850730046919935,31.927893588512774,nan,nan,nan
592.42,229.8490753173828,-181.518798828125,-79.7279052734375,228.06936707391478,-180.9115251150648,-79.7299158434321,1.8804645268746016,0.32840671076184996,0.07449036443407918,3.671483851060888e-05,19.900423337029903,32.72368370842222,nan,4.661171389678738,nan
592.4300000000001,229.84466552734375,-181.5102081298828,-79.72933959960938,228.06477190289453,-180.90282964984587,-79.7314035468736,1.8806738665290323,0.32845930217856545,0.0745076402184846,3.74451768136498e-05,19.85794379489587,32.44224823138111,nan,nan,nan
592.44,229.8402099609375,-181.5016326904297,-79.73086547851562,228.06012869777882,-180.89412876365057,-79.73265026823181,1.880891679490069,0.3285119795206879,0.07452498135913288,3.663547332873755e-05,19.78388937123324,32.7308397134474,nan,0.06781602822919852,nan
592.45,229.83570861816406,-181.4930419921875,-79.73246765136719,228.04727537360142,-180.8851188048339,-79.73424745126732,1.8889328309039217,0.3284428465447442,0.07451544991516419,3.734075553238822e-05,20.18419884223839,32.223425598118524,1.4303869147841748,nan,nan
592.46,229.83116149902344,-181.4844512939453,-79.7341537475586,228.0425262103066,-180.87640582252462,-79.73431479921463,1.889162649772658,0.3284952971949022,0.07453280558806978,3.6537048103409927e-05,20.054942422616044,31.957408559910867,nan,1.79287132666313,nan
592.47,229.82656860351562,-181.4758758544922,-79.73591613769531,228.03772712459553,-180.86771822807182,-79.736111646156,1.889393969901944,0.3285478335619316,0.07455022743039041,3.7263445559825145e-05,20.00886067984623,32.78795625230731,nan,nan,nan
592.48,229.82192993164062,-181.46728515625,-79.73776245117188,228.032877454769,-180.85906127468436,-79.74010861298936,1.889616511248397,0.3286004557787169,0.07456771490138564,3.64645376880657e-05,20.11403707584895,31.975628345564413,nan,2.9188758893617535,nan
592.49,229.81724548339844,-181.45870971679688,-79.73966217041016,228.027986199803,-180.85037360872226,-79.74207554924436,1.8898485200452533,0.32865316400232725,0.07458526879160442,3.718958480866199e-05,20.073712423884015,32.84131814395814,nan,nan,nan
592.5,229.81251525878906,-181.4501190185547,-79.74156951904297,228.01490036457977,-180.83275110598376,-79.74160475681148,1.9006742089576945,0.3285839389891402,0.07457577108964712,3.637302231100901e-05,19.51993596654478,32.18499104742067,5.583025714957123,3.3676198126898544,nan
592.51,229.8077392578125,-181.4415283203125,-79.74346923828125,228.0099053224905,-180.82403618367823,-79.74357869703995,1.900921726369007,0.32863642022784256,0.0745933387419999,3.709591494003698e-05,19.476042295311267,31.922103377055677,nan,nan,nan
592.52,229.80291748046875,-181.43295288085938,-79.7453384399414,228.0048668477046,-180.81531710581964,-79.74520610355678,1.9011733340506962,0.32868898723986467,0.07461097227897286,3.630701947927918e-05,19.430726089841254,32.838751951846284,nan,0.07034427881373387,nan
592.53,229.79806518554688,-181.4243621826172,-79.74717712402344,227.99978398439663,-180.80660228585683,-79.7471303682577,1.9014317160081888,0.32874164018564844,0.07462867235223021,3.702876667737728e-05,19.387081457957652,31.801683208275175,nan,nan,nan
592.54,229.79315185546875,-181.41578674316406,-79.74898529052734,227.99465814386141,-180.79788754162954,-79.74902308050652,1.9016779578509653,0.32879437920175536,0.07464643885308611,3.77649555789846e-05,19.341708354838048,32.676192745018696,nan,nan,nan
592.5500000000001,229.7882080078125,-181.40719604492188,-79.7507553100586,227.95200971529604,-180.76432015031617,-79.75093518775559,1.945485445245332,0.32872506235033155,0.07463697090954176,3.849081677104408e-05,19.07922692353679,33.01937101298231,23.032450771201407,nan,nan
592.5600000000001,229.78321838378906,-181.39862060546875,-79.75248718261719,227.94673706510494,-180.755548287222,-79.75289258645608,1.9458175157818054,0.3287775740780819,0.07465475021296686,3.761470263276847e-05,19.03904557871123,33.96135369289879,nan,0.010311639499528485,nan
592.57,229.77818298339844,-181.39002990722656,-79.75419616699219,227.94142312324817,-180.74677521375688,-79.75468784573629,1.9461407005347773,0.328830171666528,0.074672596194869,3.836166620740819e-05,18.998605526630925,32.714416556160515,nan,nan,nan
592.58,229.7731170654297,-181.38145446777344,-79.755859375,227.93606638801376,-180.73800924584756,-79.75708504236944,1.9464784733651865,0.32888285523843774,0.07469050860129253,3.749345970935335e-05,18.98943718528933,33.807229815577095,nan,0.24732050815324452,nan
592.59,229.76800537109375,-181.37286376953125,-79.75749969482422,227.93067078629093,-180.72923682014044,-79.75882105033388,1.9468065575385354,0.3289356249609817,0.07470848794810558,3.823773986241002e-05,18.953378366709824,32.607618723368525,nan,nan,nan
592.6,229.76284790039062,-181.36428833007812,-79.75910186767578,227.90661851951046,-180.71167892002038,-79.76047016317197,1.967609826355635,0.3288662164398818,0.07469904473470299,3.7353754030293004e-05,19.137230173993295,34.225996456799884,3.196257439218267,0.0038977898070446954,nan
592.61,229.75765991210938,-181.35569763183594,-79.76067352294922,227.90111267800842,-180.70289253504788,-79.76214286286786,1.9679746659447066,0.32891875859192243,0.07471703632973314,3.8094580769515167e-05,19.103050915194906,33.194121783368026,nan,nan,nan
592.62,229.75244140625,-181.3471221923828,-79.76220703125,227.89556963341985,-180.6940999256152,-79.76308834688452,1.9683525188199706,0.3289713866496907,0.0747350945756086,3.724239249509115e-05,19.025851879935804,34.07802526561481,nan,0.30194225743670594,nan
592.63,229.74716186523438,-181.33853149414062,-79.76371765136719,227.88998577424593,-180.6853141288128,-79.76469392169659,1.968704374051299,0.329024100783377,0.07475321989453859,3.7980875434857776e-05,18.989095393151587,33.165345181185614,nan,nan,nan
592.64,229.7418670654297,-181.3299560546875,-79.76519775390625,227.88436361512896,-180.67652857546227,-79.76625182892207,1.9690829463381876,0.3290769011109432,0.07477141217328073,3.7135716593356556e-05,18.953022075395914,33.64163277964014,nan,0.00021275879885482708,nan
592.65,229.73651123046875,-181.32138061523438,-79.76664733886719,227.9040819712739,-180.6691421761429,-79.76775282915219,1.9450483781876955,0.32900740113453303,0.0747619894127936,3.784803727655926e-05,17.824957141950627,33.631206786095035,10.975490807835012,nan,nan
592.66,229.73114013671875,-181.3127899169922,-79.76806640625,227.89842152361018,-180.6603452670966,-79.77064292973803,1.945391522158265,0.32905997359913514,0.0747801931715311,3.701068816351127e-05,17.93272116147985,32.62214655930853,nan,1.1859995093070546,nan
592.67,229.72572326660156,-181.30421447753906,-79.76945495605469,227.8927282987174,-180.6515378732752,-79.77214670585604,1.9457298238858998,0.32911263206408486,0.0747984641415139,3.774401124235828e-05,17.90464442210231,33.57383109467585,nan,nan,nan
592.6800000000001,229.7202606201172,-181.29563903808594,-79.77082061767578,227.88699914070594,-180.64272976143383,-79.77345562894307,1.946058868255501,0.3291653766446394,0.07481680228113656,3.691314630904009e-05,17.859912372509342,33.43377503452968,nan,0.017843801029934957,nan
592.69,229.7147674560547,-181.28704833984375,-79.77216339111328,227.88123344610491,-180.63392334563002,-79.7749043969495,1.9463881259456366,0.3292182075153172,0.07483520790509744,3.764457049414694e-05,17.832213118355515,32.29265767644309,nan,nan,nan
592.7,229.70924377441406,-181.27847290039062,-79.77346801757812,227.89123673693769,-180.6291985922027,-79.77560115614314,1.9304691828326819,0.3291486162486708,0.07482580074936829,3.679730008557264e-05,17.32372902850167,33.12427772842238,2.806515058992609,0.44871472556683717,nan
592.71,229.7036895751953,-181.2698974609375,-79.7747573852539,227.88542592432415,-180.62039195374828,-79.7769927821409,1.930788726129217,0.3292012189656126,0.07484421703039555,3.752604435472444e-05,17.293694470214252,32.53541725531653,nan,nan,nan
592.72,229.69808959960938,-181.26132202148438,-79.77601623535156,227.8857241650201,-180.61065397827826,-79.77676078367858,1.925626631851532,0.32549623192937904,0.0747779284661176,3.670688408187085e-05,20.961219555997815,36.51639824500719,nan,1.645472349394173,0.010028289574029035
592.73,229.6924591064453,-181.25274658203125,-79.7772445678711,227.87984725071544,-180.6018423893637,-79.7780873484513,1.9259383992858619,0.3255452034644378,0.07479540620279487,3.743396599814969e-05,20.907012575202767,36.59796730452043,nan,nan,nan
592.74,229.68679809570312,-181.24417114257812,-79.77845764160156,227.87403377373118,-180.59300911407865,-79.77793740011013,1.926168929514009,0.3255942524229445,0.07481294454051361,3.662212145548555e-05,20.837927466702762,36.0808806288485,nan,1.3584443518183713,nan
592.75,229.6811065673828,-181.23558044433594,-79.7796401977539,227.8522064179669,-180.57539924568624,-79.77919456663997,1.944406122745759,0.325531497218677,0.07480328431690407,3.732441462051807e-05,20.83511471805351,35.91357728397056,2.846996976561922,nan,nan
592.76,229.6753692626953,-181.2270050048828,-79.78079986572266,227.84621618185565,-180.56656824564593,-79.7802429081188,1.9447308338940674,0.32558033997317787,0.0748208295811515,3.651903863411899e-05,20.781051124033194,36.824760034293604,nan,0.024348605273133886,nan
592.77,229.66961669921875,-181.2184295654297,-79.78193664550781,227.84018046222022,-180.55774065802402,-79.78146078434769,1.9450827756309221,0.32562927367744127,0.07483843622401358,3.724232061960133e-05,20.722788704439846,36.46575214826237,nan,nan,nan
592.78,229.663818359375,-181.20985412597656,-79.7830581665039,227.834063101122,-180.54892431987403,-79.78341455657002,1.9454646336320442,0.3256782852239503,0.07485610376476347,3.644218775434973e-05,20.663881908976663,36.27407120735314,nan,0.3736006542262472,nan
592.79,229.65798950195312,-181.20127868652344,-79.78414916992188,227.82796316069545,-180.5400979913376,-79.78459625572245,1.9458048517950355,0.3257273877860566,0.07487383294517423,3.7164195015957625e-05,20.609827237787282,36.50446539284948,nan,nan,nan
592.8000000000001,229.6521453857422,-181.1927032470703,-79.78521728515625,227.83434212304692,-180.53107392458264,-79.7850953501186,1.9344668715460585,0.32566454443324927,0.07486419741493233,3.634699495253784e-05,19.80856191193987,36.19110049370725,6.163719767906993,0.2212920157976936,nan
592.8100000000001,229.64625549316406,-181.18414306640625,-79.78627014160156,227.8282041934221,-180.5222311099161,-79.78622835438752,1.934796621969409,0.32571344028489324,0.07488193303367205,3.706693364548936e-05,19.751161354208925,36.98793761816795,nan,nan,nan
592.82,229.6403350830078,-181.17556762695312,-79.78730010986328,227.82212842700147,-180.51337004618912,-79.78586704940135,1.9350408609581704,0.3257624143789417,0.07489972983562673,3.627757910090738e-05,19.75257886707703,36.14465953690604,nan,1.4267298213396369,nan
592.83,229.63438415527344,-181.1669921875,-79.7883071899414,227.815929187214,-180.50452837282117,-79.78694618023809,1.9353652443314808,0.3258114789717523,0.0749175884581064,3.699645636267096e-05,19.691188283595647,36.16127417602575,nan,nan,nan
592.84,229.62840270996094,-181.15841674804688,-79.78929138183594,227.80978542039944,-180.49567065707006,-79.78662816969225,1.935615746912591,0.32586062230803137,0.0749355085755683,3.6211682449007214e-05,19.782434106700926,36.32767207287362,nan,1.2505745445949168,nan
592.85,229.62240600585938,-181.14984130859375,-79.7902603149414,227.7935839825637,-180.4892695389005,-79.78767746927139,1.9444669518659274,0.325797703207875,0.07492589478486593,3.6906795569066045e-05,20.573925039699823,35.80821645934048,7.261582601526484,nan,nan
592.86,229.61636352539062,-181.1412811279297,-79.79121398925781,227.78733851516225,-180.48044137740297,-79.78763871757282,1.944750484377046,0.32584663980599293,0.07494382088455438,3.612734189609826e-05,20.69161763173759,36.8036033250482,nan,0.727723672469069,nan
592.87,229.61029052734375,-181.13270568847656,-79.79214477539062,227.7810000407053,-180.47162597120635,-79.78862000425099,1.9450816181085073,0.32589566640360607,0.07496180898912182,3.6843481476802254e-05,20.62140950563308,36.04952388611083,nan,nan,nan
592.88,229.6042022705078,-181.1241455078125,-79.79305267333984,227.77461716772197,-180.46281402190635,-79.7898452290706,1.9454437206677173,0.32594477211720047,0.07497985886012275,3.60682027094374e-05,20.515336814892546,36.773080218288946,nan,0.0454586541151474,nan
592.89,229.59808349609375,-181.11557006835938,-79.7939453125,227.76822165103002,-180.45399980382686,-79.79079422496571,1.9457850642571795,0.32599396791587665,0.07499797100554399,3.6783553585074506e-05,20.447711598471603,35.7588685767042,nan,nan,nan
592.9,229.59193420410156,-181.10699462890625,-79.7948226928711,227.76933566737236,-180.4471718966866,-79.78946777306535,1.9383653265593057,0.32593096141376454,0.07498837497558473,3.599055088999362e-05,20.717451874602386,36.01497048862394,0.6804664008041765,3.353284947067513,nan
592.91,229.58575439453125,-181.0984344482422,-79.79568481445312,227.76289790666135,-180.43835818914928,-79.79036075710063,1.9386940936553547,0.32597994998793506,0.07500649258011428,3.670430585525964e-05,20.639235240458028,36.70745280191574,nan,nan,nan
592.92,229.5795440673828,-181.08987426757812,-79.79652404785156,227.75654226600767,-180.429526426509,-79.78934544353645,1.9389291816313405,0.3260290180305984,0.07502467221288815,3.593772368197945e-05,21.24726656454849,37.591885337160775,nan,2.39459224313298,nan
592.9300000000001,229.5733184814453,-181.081298828125,-79.79734802246094,227.75005034837525,-180.42071393724981,-79.7901873706095,1.9392602605262386,0.3260781756857702,0.07504291431002288,3.665085513752237e-05,21.161178916459626,36.42386360846156,nan,nan,nan
592.94,229.5670623779297,-181.07273864746094,-79.79815673828125,227.74360188716182,-180.41189062132273,-79.78978094043767,1.9395356220063846,0.3261274132894431,0.07506121873989997,3.588787934436906e-05,21.66438156656938,37.74337622045398,nan,1.0194047110949402,nan
592.95,229.56077575683594,-181.06417846679688,-79.7989501953125,227.7346727645085,-180.39445443472425,-79.79068167854821,1.945058041831221,0.3260643296222065,0.0750516372080537,3.657799757060322e-05,20.84808744090963,38.20294349425864,8.181314773659357,nan,nan
592.96,229.55445861816406,-181.05560302734375,-79.79972839355469,227.7281492094137,-180.38560239078828,-79.79063602099302,1.9453507603292741,0.3261133599431069,0.0750699465896381,3.5819363899353397e-05,21.236112432122574,37.751941613393505,nan,0.46562638221840985,nan
592.97,229.54812622070312,-181.0470428466797,-79.80048370361328,227.7215537475729,-180.3767584160891,-79.79139893817354,1.9456954413402712,0.32616247942255344,0.0750883186273296,3.653057565194057e-05,21.13592875655874,38.69830792088784,nan,nan,nan
592.98,229.54177856445312,-181.03848266601562,-79.80123138427734,227.71478774758384,-180.36793796585434,-79.79487884242235,1.9461670007034602,0.32621167917375954,0.07510675324817605,3.5775203113225866e-05,19.95387760879083,37.1382873367025,nan,5.03672992798622,nan
592.99,229.5354766845703,-181.02992248535156,-79.80196380615234,227.70818969590425,-180.35909559484332,-79.79564055088181,1.9465421751234793,0.3262609681906856,0.07512525080113788,3.6485998837445006e-05,19.872805071113806,37.183218524809426,nan,nan,nan
593.0,229.52926635742188,-181.0213623046875,-79.80268096923828,227.7151561691666,-180.3550527633635,-79.79663606409264,1.9326149955097776,0.32619779774143054,0.0751156798836629,3.5712273440868424e-05,19.485028941502986,36.800643155250825,2.043736846742291,0.0180233973649064,nan
593.01,229.52316284179688,-181.01280212402344,-79.80338287353516,227.70875071024554,-180.34621568611453,-79.7973735967509,1.9329937852285541,0.32624687901068283,0.07513418182923487,3.6421832855957766e-05,19.40636791410246,36.72622221189242,nan,nan,nan
593.02,229.5171661376953,-181.00424194335938,-79.80406951904297,227.70246396624063,-180.33737790282407,-79.79790960854767,1.933362243382942,0.32629604085439184,0.0751527466002322,3.567338680669406e-05,19.43180035349946,36.89604355197632,nan,0.024131682472318707,nan
593.03,229.51129150390625,-180.9956817626953,-79.80474090576172,227.69628075122768,-180.3285419564901,-79.79861952342685,1.933746887440041,0.3263452915376968,0.07517137449844963,3.638265563407501e-05,19.352027106417548,36.77660499838235,nan,nan,nan
593.04,229.5055389404297,-180.98712158203125,-79.80540466308594,227.69020176859775,-180.31970758844122,-79.79952016651168,1.9341471282129807,0.326394623253205,0.07519006552109815,3.563698774013277e-05,19.248397672121374,36.28464669174158,nan,0.028128237550169202,nan
593.0500000000001,229.4998779296875,-180.9785614013672,-79.8060531616211,227.6820847092989,-180.30593132378772,-79.80019291495832,1.938256370000187,0.32633137432697173,0.07518050172753066,3.632377954881462e-05,18.871819302477736,37.00622025237353,2.041586549741456,nan,nan
593.0600000000001,229.49435424804688,-180.97000122070312,-79.80668640136719,227.67630737391113,-180.29706929639178,-79.79956755637153,1.9386032315216528,0.3263804982059566,0.07519919658717027,3.558162867556785e-05,19.305972604162886,37.14908321966647,nan,1.1540903093394377,nan
593.07,229.48892211914062,-180.96145629882812,-79.80730438232422,227.67057536848733,-180.28821549131536,-79.80021776446026,1.93899157055016,0.32642971051730363,0.07521795476960241,3.62895942262278e-05,19.21875930768976,38.42353576835056,nan,nan,nan
593.08,229.4835968017578,-180.95289611816406,-79.80791473388672,227.664895768904,-180.27936839311795,-79.80200407305553,1.9394194954214572,0.32647900413384373,0.07523677630932014,3.5549931119695034e-05,18.77227400243585,36.87616441250748,nan,0.9008690268124887,nan
593.09,229.4783935546875,-180.9443359375,-79.80850982666016,227.65937967296142,-180.27051446953837,-79.80264275841286,1.9398147579312728,0.3265283863123294,0.07525566145269055,3.6257759917820126e-05,18.694609342620733,36.708433842934724,nan,nan,nan
593.1,229.47328186035156,-180.93577575683594,-79.80909729003906,227.67074384588162,-180.27463478821474,-79.80414078116328,1.91996751039669,0.32646505109605156,0.07524610094257264,3.549916081918214e-05,18.67623704560734,35.66224363289803,6.622323983332999,0.5444649450174409,nan
593.11,229.46827697753906,-180.92721557617188,-79.8096694946289,227.66545988641178,-180.26581463999693,-79.80476573103292,1.920318908236631,0.32651422499495475,0.07526498932730173,3.620602039870338e-05,18.603573350241437,35.722513717612,nan,nan,nan
593.12,229.46336364746094,-180.9186553955078,-79.81023406982422,227.66031350056485,-180.25699042844582,-79.80460172550262,1.920630647511826,0.3265634804516269,0.07528394129523353,3.547179501552686e-05,18.788677989919883,35.868307098323776,nan,0.4163588560134268,nan
593.13,229.45855712890625,-180.91009521484375,-79.81078338623047,227.6552291968737,-180.24817007954852,-79.80519816923183,1.920980923859816,0.32661282409090037,0.07530295706397247,3.6178610855615485e-05,18.71214811182559,35.86529472453797,nan,nan,nan
593.14,229.45384216308594,-180.9015350341797,-79.81132507324219,227.65029907569397,-180.2393439445737,-79.80453944201557,1.921278416061574,0.32666224972316044,0.07532203671084842,3.544646778265633e-05,19.104418364757546,36.177538405845596,nan,1.06680236584405,nan
593.15,229.44921875,-180.89297485351562,-79.81185913085938,227.6648548210979,-180.24059303644626,-79.80516375881497,1.8998951271100513,0.3265988348295791,0.0753124758292352,3.6131176610673064e-05,18.896951653106328,35.55590177358471,3.920393418315382,nan,nan
593.16,229.4447021484375,-180.88441467285156,-79.8123779296875,227.6600673998482,-180.231792382479,-79.8061415865727,1.9002304943713961,0.32664805206363784,0.07533155811638535,3.540186262352365e-05,18.710887166084984,35.38761310789272,nan,0.12277137498732112,nan
593.17,229.4402618408203,-180.8758544921875,-79.81288146972656,227.65539011002593,-180.22298932904206,-79.80669208307745,1.9005363256578205,0.3266973571194578,0.07535070440089858,3.610782746695218e-05,18.62869037468704,35.884239491747735,nan,nan,nan
593.1800000000001,229.4359130859375,-180.86729431152344,-79.81338500976562,227.65077392350344,-180.2141879866499,-79.80787433953716,1.9008682406552986,0.32674674439168144,0.07536991478164413,3.538035487250423e-05,18.381800586958445,35.09265070764147,nan,0.28382952146669715,nan
593.19,229.43165588378906,-180.85873413085938,-79.81387329101562,227.64627352422352,-180.2053836296212,-79.80841276732961,1.901180387189743,0.32679621963759425,0.07538918944417178,3.6086386355436935e-05,18.305871922859975,35.240549873449666,nan,nan,nan
593.2,229.42747497558594,-180.8501739501953,-79.8143539428711,227.61592379732403,-180.19006030648345,-79.81083876381602,1.9280767750689944,0.3267327188210085,0.07537962435776227,3.533945229824076e-05,18.57392603064257,35.19472149282676,8.046674047437518,2.3894493131376855,nan
593.21,229.42324829101562,-180.8415985107422,-79.81492614746094,227.61148001791025,-180.1812577607284,-79.81143021706994,1.9283584736996575,0.32678198524708685,0.07539890102823714,3.604470705641407e-05,18.517826475419103,34.416321922528645,nan,nan,nan
593.22,229.41896057128906,-180.83303833007812,-79.81558990478516,227.6069932364583,-180.17245381302305,-79.81192986878868,1.9286292859256533,0.3268313340933199,0.07541824200707314,3.532143609684686e-05,18.51077947703973,35.53654210064097,nan,0.023933925784888985,nan
593.23,229.4146270751953,-180.82447814941406,-79.81634521484375,227.60244854701406,-180.1636497567202,-79.81270641551764,1.9289112015466292,0.3268807705794079,0.07543764746441228,3.60268244926253e-05,18.452208580160583,35.4515969708427,nan,nan,nan
593.24,229.41026306152344,-180.81590270996094,-79.81719207763672,227.59786156724198,-180.154844669324,-79.81339848570329,1.9291996529400899,0.32693028989887635,0.07545711752211329,3.530505918329722e-05,18.447949780084343,34.32164824167924,nan,0.02154722800814108,nan
593.25,229.40582275390625,-180.80734252929688,-79.81812286376953,227.61478937299643,-180.16116539784676,-79.81445945020295,1.9040375199405428,0.32686670831737835,0.07544754446067949,3.598858420617853e-05,18.59479188322976,35.2312103646028,8.595355134279517,nan,nan
593.26,229.40135192871094,-180.79876708984375,-79.81915283203125,227.6101957824922,-180.15239289073912,-79.8138626677388,1.904223708297821,0.326916018670129,0.07546701588226909,3.5269082247313185e-05,18.970411012408654,33.932843701327,nan,1.8834151944025448,nan
593.27,229.39683532714844,-180.7902069091797,-79.82025909423828,227.605488702644,-180.1436235995271,-79.8149843115534,1.9044738193992243,0.326965416346465,0.07548655197763818,3.597394042972623e-05,18.904251837140713,35.319233895794895,nan,nan,nan
593.28,229.3922576904297,-180.78163146972656,-79.82145690917969,227.60081600900338,-180.13484982563622,-79.81409293766743,1.904637503873151,0.3270148970321541,0.07550615287895615,3.525574741722819e-05,19.623672031497392,35.250079338016114,nan,3.070347331927762,nan
593.29,229.3876495361328,-180.7730712890625,-79.82273864746094,227.59601504008756,-180.12607955123795,-79.8153682629084,1.9048902327433441,0.3270644652148913,0.07552581874099777,3.5960815056640616e-05,19.550477558110103,35.833255739551404,nan,nan,nan
593.3000000000001,229.3829803466797,-180.76449584960938,-79.82410430908203,227.60912665969724,-180.1245159274556,-79.81608883580532,1.8857877535377683,0.3270007979591728,0.07551623385472848,3.5222699526117515e-05,19.547785008651676,35.36818255552835,2.85456151702313,0.2983619290117352,nan
593.3100000000001,229.37828063964844,-180.7559356689453,-79.82555389404297,227.60426411574147,-180.11575368033954,-79.81752821156762,1.8860095485467174,0.32705015677388716,0.07553590041179964,3.5927123871750615e-05,19.47101224509091,35.83215965157106,nan,nan,nan
593.32,229.37351989746094,-180.7473602294922,-79.82708740234375,227.5992824390003,-180.10699349374934,-79.8210620649094,1.8862726260914775,0.32709959875549127,0.07555563197521908,3.5212121440440245e-05,18.664313474642604,34.51999292131943,nan,2.819996874183658,nan
593.33,229.3687286376953,-180.73880004882812,-79.82870483398438,227.59433036067546,-180.09823057425342,-79.82268804401683,1.8864926978415417,0.3271491279432381,0.07557542869368168,3.5916801790092564e-05,18.595967852049593,34.90158742666014,nan,nan,nan
593.34,229.3638916015625,-180.730224609375,-79.83039855957031,227.58940389369482,-180.0894655430285,-79.82245588520816,1.8866483224371076,0.3271987406902989,0.07559529070846578,3.520283458979666e-05,19.33623940787279,35.201668992338114,nan,2.626638172724909,nan
593.35,229.3590087890625,-180.72164916992188,-79.83216857910156,227.57296411719804,-180.07524886083138,-79.82425162720007,1.8994345494423133,0.327134991692218,0.07558569014966357,3.5885801358335754e-05,19.383648413325133,35.69256478005113,1.2277411677525822,nan,nan
593.36,229.3540802001953,-180.7130889892578,-79.83402252197266,227.56790134744384,-180.0664756339112,-79.82500382874176,1.899638139793146,0.32718439489815365,0.07560555217472036,3.517363960912388e-05,19.904625518184137,36.77153457892798,nan,0.8429236948038866,nan
593.37,229.34912109375,-180.7045135498047,-79.83592987060547,227.56275786983045,-180.05770286810645,-79.82691187167316,1.8998786671879704,0.327233885035521,0.0756254795470319,3.587800729429306e-05,19.816040012058757,35.963977493935054,nan,nan,nan
593.38,229.34410095214844,-180.69595336914062,-79.83785247802734,227.55754992539562,-180.04893024451727,-79.82952225107796,1.9001244400485857,0.3272834588639867,0.07564547241054188,3.516672311443363e-05,19.477705835595327,36.43455482518503,nan,0.3122356575858035,nan
593.39,229.33905029296875,-180.6873779296875,-79.83975219726562,227.55232326597178,-180.04015749410516,-79.8314694666445,1.9003569046006519,0.32733311981748137,0.0756655309099567,3.5871395745290483e-05,19.374057373701618,35.89935277271762,nan,nan,nan
593.4,229.33396911621094,-180.67880249023438,-79.84162902832031,227.53591936675977,-180.02421236689466,-79.83566804472625,1.9135063795035323,0.3272692852852668,0.07565591079850444,3.5139794893039923e-05,18.4102134213285,34.95000326993109,1.7446656042360904,3.5564898490872063,nan
593.41,229.32882690429688,-180.6702423095703,-79.84347534179688,227.53059435534828,-180.01542341774726,-79.83759113685127,1.9137561770127247,0.32731873631502895,0.0756759686032302,3.5843911928081465e-05,18.321057610231385,35.98103740004709,nan,nan,nan
593.42,229.32366943359375,-180.6616668701172,-79.84529113769531,227.5251994782508,-180.00663412283095,-79.84041824336146,1.9140495880169301,0.3273682711508235,0.07569609208946179,3.513500538927659e-05,17.989664258519635,34.20765430207779,nan,0.6132982695235475,nan
593.4300000000001,229.31845092773438,-180.65310668945312,-79.8470687866211,227.51979513646776,-179.9978451847208,-79.84228567363644,1.9143022679845554,0.3274178928600902,0.07571628140197817,3.583945823005912e-05,17.908874998511827,35.51116756033311,nan,nan,nan
593.44,229.31320190429688,-180.64453125,-79.84881591796875,227.5143474547902,-179.98905623484632,-79.84425737018853,1.9145614658084391,0.32746759874869574,0.0757365366846582,3.5131209988528776e-05,17.820587648805322,34.18055574529911,nan,0.013357383346796564,nan
593.45,229.30792236328125,-180.63597106933594,-79.85052490234375,227.51582409057244,-179.9841149460447,-79.84616716937214,1.9069744660993309,0.3274036816012743,0.07572689312409915,3.5814031437237646e-05,17.712634066766586,34.87405994564843,1.0507432452136027,nan,nan
593.46,229.30259704589844,-180.6273956298828,-79.8521957397461,227.51037823727097,-179.97533582926354,-79.84584723812172,1.9071629571315019,0.32745317736925356,0.07574714698872939,3.510722471543295e-05,18.289278981702985,35.061431127702654,nan,3.066275445917715,nan
593.47,229.29722595214844,-180.6188201904297,-79.85383605957031,227.50483184113554,-179.96655509614305,-79.84756436976386,1.9073976346088644,0.3275027597736691,0.07576746686740801,3.5811503356173264e-05,18.198286183346628,34.92372208724739,nan,nan,nan
593.48,229.29183959960938,-180.61026000976562,-79.8554458618164,227.49929764666496,-179.9577764540056,-79.84756750715626,1.907617234162868,0.32755242644908444,0.07578785290183478,3.510523123882332e-05,18.82670437785481,35.80605091622502,nan,1.985342242296358,nan
593.49,229.28639221191406,-180.6016845703125,-79.85702514648438,227.4936777871465,-179.94899611466664,-79.84920431629757,1.9078491539657543,0.32760217997283925,0.07580830524002702,3.580987428074739e-05,18.725631238137748,35.23504077828643,nan,nan,nan
593.5,229.2809295654297,-180.59312438964844,-79.85857391357422,227.49540347389367,-179.94600292669716,-79.85095379031027,1.8991913220227785,0.32753817733431345,0.07579863431385897,3.5082957256643805e-05,18.75981031867214,35.258869338898556,1.1742975911322946,0.016210182116154794,nan
593.51,229.27542114257812,-180.58456420898438,-79.8600845336914,227.48972231356598,-179.93723750935246,-79.85253079350626,1.899423392238416,0.3275877203715254,0.0758190844935907,3.5787097937460647e-05,18.657561838747675,35.83563996031501,nan,nan,nan
593.52,229.26988220214844,-180.57598876953125,-79.861572265625,227.48400044336975,-179.9284719349957,-79.85426880661409,1.8996591925550486,0.32763734775636116,0.07583960101056762,3.508256243930561e-05,18.54372314984793,34.38016964367501,nan,0.025477079980142207,nan
593.53,229.26429748535156,-180.5674285888672,-79.86302185058594,227.47824878001404,-179.919706959587,-79.8557895143457,1.8998856790772232,0.32768706177306844,0.07586018401657661,3.578708670381431e-05,18.443535684371692,35.82973717323828,nan,nan,nan
593.54,229.25869750976562,-180.55885314941406,-79.86444854736328,227.47244652152114,-179.91094122916647,-79.85788458257257,1.900138293661047,0.32773686049360423,0.07588083364772104,3.508291355884811e-05,18.17102006960394,34.017205805496815,nan,0.2552081794875216,nan
593.5500000000001,229.2530517578125,-180.55029296875,-79.86585235595703,227.51720800285167,-179.9297055306671,-79.85930388146245,1.8434546895600692,0.3276727744638753,0.07587113143224816,3.576584184954424e-05,17.893297437240605,33.51898715667454,26.65816237244325,nan,nan
593.5600000000001,229.24737548828125,-180.54173278808594,-79.86721801757812,227.51137013254333,-179.92098955195297,-79.86324947864672,1.84365194916416,0.3277223624798364,0.07589177814490712,3.506282692689917e-05,17.102381541858282,33.34878471553354,nan,4.4089951394238085,nan
593.57,229.2416534423828,-180.5331573486328,-79.86856079101562,227.50556316510068,-179.9122791266775,-79.86468996232175,1.8437771559184444,0.32777203692386986,0.07591249152887126,3.5767256658713296e-05,17.031903580579087,32.462595151383574,nan,nan,nan
593.58,229.2359161376953,-180.52459716796875,-79.869873046875,227.4997083381426,-179.90356778657,-79.86670716963363,1.8439373738191092,0.32782179612782864,0.07593327171535849,3.506450944574093e-05,16.85846837851856,32.88636590431055,nan,0.25562382464934785,nan
593.59,229.23013305664062,-180.5160369873047,-79.87116241455078,227.4938358795967,-179.89485821859674,-79.86810209569387,1.844071667602896,0.3278716419879697,0.075954118863449,3.576933645845866e-05,16.793716841880048,32.83694864985613,nan,nan,nan
593.6,229.22433471679688,-180.50747680664062,-79.87242889404297,227.48545252059785,-179.89082022892552,-79.87168205561383,1.8449870419233037,0.32780747042603536,0.07594438140560288,3.504567836371025e-05,17.017879694357628,31.97197841952587,4.603907122154159,2.8405206400382093,nan
593.61,229.21849060058594,-180.4989013671875,-79.87366485595703,227.47950877150802,-179.88213196997208,-79.87305125260076,1.8451186053242548,0.32785710523014683,0.07596522486019093,3.5750031137565435e-05,16.97346097435656,31.833384141289194,nan,nan,nan
593.62,229.21261596679688,-180.49034118652344,-79.8748779296875,227.47353797874445,-179.8734447163615,-79.87420677616313,1.8452517318441428,0.3279068248371663,0.07598613529096943,3.504852620574166e-05,16.935787726746096,32.307609061108614,nan,0.025372799315413946,nan
593.63,229.2067108154297,-180.48178100585938,-79.87606811523438,227.46753168047545,-179.86475746658647,-79.87552679639336,1.8453894994019924,0.327956630914355,0.07600711286263961,3.5753287069980574e-05,16.8913854830815,32.112575011623186,nan,nan,nan
593.64,229.20077514648438,-180.4732208251953,-79.87723541259766,227.46149810522803,-179.85607114076018,-79.87667797287419,1.8455239554063911,0.32800652213575077,0.07602815769803188,3.5051917465487046e-05,16.85253133201087,31.97208851664379,nan,0.014988389164831252,nan
593.65,229.19482421875,-180.46466064453125,-79.87837982177734,227.46196159051104,-179.85099102858737,-79.87802665159282,1.8383153730002717,0.32794226649428965,0.0760183810628273,3.5735087183491006e-05,16.809068373217933,31.511895853480794,0.7077365213790574,nan,nan
593.66,229.18882751464844,-180.4561004638672,-79.87950134277344,227.45586720873365,-179.8423111851586,-79.87964125524616,1.8384473666954377,0.3279919464232209,0.07603942140983536,3.503466047386382e-05,16.76688579151751,31.735955442050834,nan,0.0923816429711207,nan
593.67,229.18280029296875,-180.44754028320312,-79.88059997558594,227.44975112509303,-179.83363307083138,-79.88087571542496,1.838570520733221,0.32804171264705995,0.07606052907376393,3.573936436889011e-05,16.72938777906227,31.69596254985565,nan,nan,nan
593.6800000000001,229.1767578125,-180.43898010253906,-79.88167572021484,227.44359413061582,-179.82495362602486,-79.88265816152587,1.8387185285556058,0.3280915640404036,0.07608170417142943,3.5039002707391245e-05,16.716602454881652,31.42427232710017,nan,0.2281389557052054,nan
593.69,229.17066955566406,-180.430419921875,-79.88272857666016,227.43742009921314,-179.81627646601464,-79.88385673317514,1.8388385289091147,0.3281415019707484,0.07610294687653751,3.57441179342157e-05,16.685883133965664,31.795749903094453,nan,nan,nan
593.7,229.16456604003906,-180.42185974121094,-79.88375854492188,227.4270295927125,-179.7999408703787,-79.88541801992024,1.845486044797613,0.3280771606853317,0.07609312707851675,3.502263610009896e-05,16.323615597245176,31.652598453149533,4.311248180801359,0.2157341320257278,nan
593.71,229.15843200683594,-180.41329956054688,-79.88477325439453,227.42079528805687,-179.79124049396455,-79.88657875919415,1.8456278358905822,0.32812688698390985,0.07611436448661826,3.572728768444999e-05,16.298645306580212,31.25083137621384,nan,nan,nan
593.72,229.1522674560547,-180.4047393798828,-79.8857650756836,227.41454935453035,-179.78254367072122,-79.8868817445172,1.845749968932336,0.328176698466104,0.07613566949502243,3.50277967440174e-05,16.20551249539085,31.31808105137445,nan,0.49544348175335506,nan
593.73,229.1460723876953,-180.39617919921875,-79.88673400878906,227.4082598877707,-179.77384440066962,-79.8879956370964,1.845885824769619,0.3282265963250065,0.07615704228357478,3.573286475452148e-05,16.177027503986675,31.498857298498105,nan,nan,nan
593.74,229.13986206054688,-180.38763427734375,-79.88768768310547,227.39974279029332,-179.76835227336028,-79.8885311368516,1.8470316690787363,0.3278819504488838,0.07534932046121885,3.503151679283546e-05,19.79726947866039,35.26826187044729,nan,0.21710935337588091,0.012385432336412887
593.75,229.1336212158203,-180.3790740966797,-79.88862609863281,227.39388032975378,-179.76475226627224,-79.88955243165567,1.845017756028265,0.3278184718097846,0.07533950525638315,3.571493965820534e-05,20.299265638375775,34.113304439319634,3.7734540326903634,nan,nan
593.76,229.12734985351562,-180.37051391601562,-79.88954162597656,227.3875081085704,-179.75608052023242,-79.8905170657517,1.8451500336803321,0.3278671319921289,0.07535753654967753,3.501630183844949e-05,20.249121512831074,34.39053678003582,nan,0.005460260202586792,nan
593.77,229.1210479736328,-180.36195373535156,-79.89043426513672,227.38110617936886,-179.74741206689563,-79.89155152675816,1.8452805092908233,0.32791587883610396,0.07537563013994539,3.57212826069254e-05,20.20356606467771,34.70868119427669,nan,nan,nan
593.78,229.11473083496094,-180.35340881347656,-79.89131927490234,227.3747711960449,-179.7386752246938,-79.89027659469458,1.845361215972803,0.3279647077185678,0.07539378355070074,3.50225574081297e-05,20.145662323847063,34.4049855369584,nan,3.7052904100170414,nan
593.79,229.10838317871094,-180.3448486328125,-79.89218139648438,227.36831791303032,-179.73000799069658,-79.89125412809511,1.8454964112271603,0.3280136234277319,0.07541199949528311,3.572795299030064e-05,20.086257145307144,34.04673638311024,nan,nan,nan
593.8000000000001,229.1020050048828,-180.3363037109375,-79.89302062988281,227.35560285364915,-179.71548463977325,-79.89084564354208,1.8534674325491678,0.3279500741686255,0.07540220100482607,3.500794602541998e-05,19.925848964012363,35.45435260800424,1.7650406654401658,1.358997757495674,nan
593.8100000000001,229.09561157226562,-180.32774353027344,-79.89385223388672,227.3490917467296,-179.70680108094473,-79.89177743936705,1.8536195216767053,0.32799878313450975,0.07542042077194594,3.571287907831442e-05,19.859575425722724,33.867136010540726,nan,nan,nan
593.82,229.0891876220703,-180.31919860839844,-79.89466094970703,227.34257947710068,-179.69810033906288,-79.8920799627213,1.853755575511425,0.328047574323439,0.07543870070126442,3.50147477716561e-05,19.875853963486087,35.09001401764826,nan,0.2656061696785006,nan
593.83,229.08274841308594,-180.31063842773438,-79.89545440673828,227.33601946648574,-179.6894178554929,-79.89297444567232,1.853910235818863,0.3280964520373432,0.07545704329074507,3.572009695161249e-05,19.8067775638039,34.03745469573702,nan,nan,nan
593.84,229.07627868652344,-180.30209350585938,-79.89623260498047,227.32950782859638,-179.68068108483936,-79.89191012864076,1.8540173976807497,0.3281454123743624,0.07547544638064771,3.502180590463163e-05,20.115360557733023,35.127013880207485,nan,2.66448794271189,nan
593.85,229.0697784423828,-180.29354858398438,-79.89700317382812,227.3099656320885,-179.6725693357308,-79.89268297322724,1.8661658603057643,0.3280817966290031,0.07546566361730096,3.570552992416249e-05,20.921153815266205,34.64963498749865,7.162001605429005,nan,nan
593.86,229.06326293945312,-180.28500366210938,-79.89775085449219,227.30332779333077,-179.66389285793758,-79.8929645075377,1.8663261394335204,0.32813055010657427,0.07548407010626829,3.500790585444197e-05,21.001288544538127,35.03932238634853,nan,0.21192903772067853,nan
593.87,229.05673217773438,-180.2764434814453,-79.89848327636719,227.29664704124662,-179.65523226452808,-79.89377449145137,1.8665007999902672,0.3281793898249934,0.07550253938321289,3.57132012540969e-05,20.918585532717525,34.13581303522193,nan,nan,nan
593.88,229.05020141601562,-180.2678985595703,-79.89920043945312,227.28996998955932,-179.64656552879117,-79.89431834744778,1.8666797381029034,0.3282283123232663,0.07552106949124397,3.5015383229821374e-05,20.928194234506403,35.10320243635409,nan,0.04492791563898731,nan
593.89,229.0437469482422,-180.2593536376953,-79.89990234375,227.28332577179455,-179.63790608781156,-79.89509862063204,1.866896582968,0.3282773212490443,0.07553966262961251,3.572108665245543e-05,20.845584366710106,34.9851719133142,nan,nan,nan
593.9,229.03738403320312,-180.2508087158203,-79.90059661865234,227.27771419830881,-179.64162702979925,-79.89479354681329,1.8621422958687128,0.3282136349024097,0.0755298898919558,3.5001869907739436e-05,22.443867544403155,34.849570877109954,19.913704172712514,0.9189314858665053,nan
593.91,229.03114318847656,-180.2422637939453,-79.90127563476562,227.27125183260213,-179.63302077803118,-79.89553775540594,1.862371488232472,0.3282624366222626,0.07554848587708363,3.5707102573302556e-05,22.35882434934506,34.699509471025486,nan,nan,nan
593.92,229.02500915527344,-180.2337188720703,-79.90193939208984,227.26489242259777,-179.62442364524426,-79.89660486839335,1.8626003444703185,0.3283113212603826,0.07556714301500785,3.500968816769033e-05,22.204370791424928,34.848909257089375,nan,0.0793951275475425,nan
593.9300000000001,229.0189971923828,-180.2251739501953,-79.902587890625,227.258661710186,-179.61581844820617,-79.89732754565753,1.8628265643678925,0.3283602920670793,0.07558586331518183,3.571532811242501e-05,22.12151662191573,34.84111222237369,nan,nan,nan
593.94,229.0131072998047,-180.2166290283203,-79.9032211303711,227.25257257853536,-179.60719532779476,-79.89730868660408,1.8630423766308768,0.3284093461714847,0.07560464510043956,3.5017668773549066e-05,22.30062734680302,35.1370565253523,nan,0.3754472611482644,nan
593.95,229.00733947753906,-180.2080841064453,-79.90384674072266,227.2466570984497,-179.60547495008504,-79.89806766393464,1.860960406105818,0.32834559225259136,0.07559488081227667,3.570165684381593e-05,22.99292479811049,34.68391020210221,6.371013858814375,nan,nan
593.96,229.00167846679688,-180.1995391845703,-79.90445709228516,227.2407716907491,-179.5968996603303,-79.89874919930323,1.8611823258749889,0.3283944403793341,0.0756136658152833,3.642115028037101e-05,22.9084581855745,34.93448954020087,nan,nan,nan
593.97,228.99612426757812,-180.1909942626953,-79.90505981445312,227.23499969717517,-179.58832429357884,-79.89941940907977,1.8613980386592832,0.328443373061921,0.07563251327332148,3.7155121843405685e-05,22.826340418109634,34.700903241429145,nan,nan,nan
593.98,228.99069213867188,-180.1824493408203,-79.90564727783203,227.22935542794403,-179.57973596817354,-79.8995376354119,1.8616142849299748,0.3284923890495793,0.07565142246089324,3.637190454270824e-05,22.95330098227859,34.853424267355756,nan,0.1909515796735758,nan
593.99,228.9853515625,-180.1739044189453,-79.9062271118164,227.2238041405777,-179.5711605028922,-79.90018039794504,1.8618233296338234,0.3285414912747881,0.07567039525830568,3.7104562801584534e-05,22.868337597885542,34.83877644471933,nan,nan,nan
594.0,228.98013305664062,-180.1653594970703,-79.90679168701172,227.21195131995108,-179.55804667510048,-79.90174945250574,1.8695777442567647,0.3284776665527304,0.0756606340443279,3.6301389633504406e-05,22.462983857163916,34.601110286021644,0.8087679267595735,0.6097383201449991,nan
594.01,228.97500610351562,-180.1568145751953,-79.90734100341797,227.20660322337656,-179.5494595491538,-79.90238057455791,1.8698003850669473,0.3285265610980104,0.07567960862627801,3.7031881760071756e-05,22.383256253707685,35.05972502838854,nan,nan,nan
594.02,228.96998596191406,-180.1482696533203,-79.90788269042969,227.20132781361167,-179.54089638549172,-79.9040744612881,1.870045035457282,0.32857553906297854,0.07569864524906246,3.625516005370344e-05,22.075343266467794,34.46583064864854,nan,0.7563516519397314,nan
594.03,228.96507263183594,-180.1397247314453,-79.90841674804688,227.19618360365894,-179.53230861623416,-79.90469619963443,1.870277138154575,0.3286246030270706,0.0757177456096771,3.6984484736814324e-05,22.006611833237248,34.10135976602468,nan,nan,nan
594.04,228.9602508544922,-180.1311798095703,-79.908935546875,227.19116218017862,-179.52370116103808,-79.90443881893087,1.8704879755211694,0.3286737507794191,0.0757369083415688,3.6210415329777705e-05,22.147336660336112,34.72200352817405,nan,0.49804016339496987,nan
594.0500000000001,228.95553588867188,-180.1226348876953,-79.9094467163086,227.19066317303603,-179.51881678733787,-79.90487369784854,1.8653130871821368,0.3286098575846884,0.07572714823202777,3.691518390925519e-05,22.27558777838199,34.21680180093815,1.6587781681998819,nan,nan
594.0600000000001,228.95089721679688,-180.1140899658203,-79.90995025634766,227.18577227534155,-179.51027312076346,-79.90712314743395,1.865547864265855,0.32865879749542287,0.07574631222929541,3.61446796222917e-05,21.886470812280873,34.00895677931185,nan,1.8392370884758935,nan
594.07,228.9463653564453,-180.1055450439453,-79.91043853759766,227.18101866563381,-179.50169305075383,-79.90771217922585,1.865768903554351,0.32870782318380604,0.0757655400958232,3.687094912085968e-05,21.824100226719658,34.08717993544679,nan,nan,nan
594.08,228.9417724609375,-180.09698486328125,-79.91102600097656,227.17622914675675,-179.49315962314512,-79.91062849714784,1.8659443380988312,0.32875693274835427,0.07578483063111648,3.610296688439212e-05,21.580773572713767,33.18654138644384,nan,3.459098058527946,nan
594.09,228.93714904785156,-180.08843994140625,-79.91169738769531,227.17145141786514,-179.4845777540529,-79.91137702201235,1.866102292075382,0.3288061283082086,0.07580418528660515,3.6828263741331435e-05,21.532457800389796,34.11857451168312,nan,nan,nan
594.1,228.93246459960938,-180.07989501953125,-79.91246795654297,227.20167613700664,-179.4939157987073,-79.91405889627073,1.8272938681573356,0.32874216413692003,0.07579442119767466,3.604043370251102e-05,21.37312134556185,33.55969925828044,11.90674648437719,2.346429352106325,nan
594.11,228.92774963378906,-180.0713348388672,-79.91332244873047,227.19686352229746,-179.48536502191573,-79.91501003171656,1.827383431376397,0.3287911515323473,0.07581377649218884,3.6763910684660204e-05,21.335065057139712,33.093817104798795,nan,nan,nan
594.12,228.92298889160156,-180.0627899169922,-79.91426849365234,227.19198267192135,-179.47683287350563,-79.9170297077574,1.827494408660781,0.3288402228751704,0.07583319474275975,3.6001725770807395e-05,21.42243687594195,33.66855478007713,nan,0.6374749596125621,nan
594.13,228.9181671142578,-180.0542449951172,-79.9153060913086,227.18708072145438,-179.46828091548608,-79.91817089154766,1.8275727643646775,0.3288893800149417,0.07585267725118537,3.672435724971779e-05,21.38629289022381,33.77406149657198,nan,nan,nan
594.14,228.91331481933594,-180.04568481445312,-79.91642761230469,227.18214256732372,-179.45972206926996,-79.91906277225618,1.8276533174942138,0.3289386214516604,0.07587222303843112,3.5964486001888544e-05,21.310603665666882,33.07269821999094,nan,0.076322882606422,nan
594.15,228.90841674804688,-180.03713989257812,-79.91763305664062,227.1697350957588,-179.44480030711563,-79.92041776073226,1.8368145870190509,0.3288745878545107,0.07586245252059981,3.666328193464311e-05,21.080743019193015,33.95282293149288,1.735599702255621,nan,nan
594.16,228.9034881591797,-180.02857971191406,-79.91893005371094,227.16466471042818,-179.43625332129236,-79.92309607596818,1.8369471670944868,0.3289236209403249,0.07588199837830857,3.590660073505197e-05,21.308031237529605,32.93007676943021,nan,1.0923760713263684,nan
594.17,228.89849853515625,-180.02003479003906,-79.92030334472656,227.15958035933036,-179.42768236830332,-79.92459611417883,1.8370455197472373,0.3289727396385237,0.0759016086342859,3.66268059773437e-05,21.280602066937387,34.43049582854491,nan,nan,nan
594.1800000000001,228.8934783935547,-180.011474609375,-79.92176818847656,227.15444068608548,-179.41912259816078,-79.92681968085571,1.8371604640761634,0.3290219426828135,0.07592128244360605,3.587230176603559e-05,21.444041793714625,33.20271333839301,nan,0.27401036261965356,nan
594.19,228.88841247558594,-180.00291442871094,-79.92330932617188,227.14927333071657,-179.41055107050303,-79.92849442513763,1.8372605146292111,0.32907123157468166,0.07594102090945143,3.659182837168061e-05,21.422490346172804,33.653256166583986,nan,nan,nan
594.2,228.88331604003906,-179.99436950683594,-79.92493438720703,227.1648851893789,-179.41703433318992,-79.93016693129937,1.8128286931608137,0.32900712671892035,0.07593123918848065,3.581746664973378e-05,21.783232954415503,33.7892592269795,8.594199670535772,0.02621326546827178,nan
594.21,228.87815856933594,-179.98580932617188,-79.9266357421875,227.15966695611934,-179.40849986090515,-79.93200625286592,1.8128785082755232,0.32905620695151705,0.0759509770666354,3.653546913112604e-05,21.763036207987234,33.88064240352128,nan,nan,nan
594.22,228.87298583984375,-179.97726440429688,-79.92842102050781,227.1544223288595,-179.39995389002502,-79.93324823546087,1.8129454688929603,0.32910537156563546,0.07597077876322658,3.578603720594917e-05,21.57952050236346,33.460403610419206,nan,0.3103892898342773,nan
594.23,228.8677520751953,-179.9687042236328,-79.93028259277344,227.14912497679816,-179.39141929665098,-79.93524162558487,1.812997954293344,0.32915462186148703,0.07599064526193937,3.650346934307822e-05,21.557259341262032,33.43763619873606,nan,nan,nan
594.24,228.8625030517578,-179.96014404296875,-79.93219757080078,227.1437756165659,-179.38289595365126,-79.93798739188077,1.8130838025668286,0.3292039568728677,0.07601057589498202,3.575600200520071e-05,21.77780537337475,33.34205777633598,nan,0.31630664919416906,nan
594.25,228.85719299316406,-179.95159912109375,-79.93412017822266,227.10328414384117,-179.35760473415192,-79.94010673937488,1.8517725082649865,0.32913978172136393,0.07600078013036314,3.6450177322331364e-05,22.141721575020828,34.7112610793588,11.237523038383227,nan,nan
594.26,228.8518524169922,-179.9430389404297,-79.93603515625,227.09778894067546,-179.34906471168483,-79.94358738678362,1.851918221614392,0.32918890786617816,0.07602070956008014,3.5705525104247076e-05,22.712529419551018,34.000566998557396,nan,1.292079530600099,nan
594.27,228.8464813232422,-179.9344940185547,-79.93791961669922,227.09228154315016,-179.34050322570312,-79.94568166901352,1.8520535035261452,0.32923811953787063,0.07604070393952546,3.642106336407824e-05,22.724988495887803,34.71139496549549,nan,nan,nan
594.28,228.84107971191406,-179.92593383789062,-79.93977355957031,227.08674946016905,-179.33193124032388,-79.9470577885688,1.8521789271276885,0.3292874159425422,0.07606076270676228,3.5678240310053764e-05,22.515630697688138,33.66559703059208,nan,0.32351176953973143,nan
594.29,228.83563232421875,-179.91738891601562,-79.94159698486328,227.08116887672782,-179.3233697034425,-79.94908544145387,1.8523112293753137,0.32933679812351724,0.07608088668847275,3.639334766511364e-05,22.525001684651787,34.14563731899681,nan,nan,nan
594.3000000000001,228.83013916015625,-179.90882873535156,-79.9433822631836,227.089720043801,-179.3174490875486,-79.95319549178151,1.838174335547593,0.3292725513455418,0.07607107235082637,3.5630576226025374e-05,23.11312861848921,34.760787233136924,3.3494583510183378,3.3268884739810276,nan
594.3100000000001,228.8246307373047,-179.9002685546875,-79.94512939453125,227.0840940216498,-179.30888262877934,-79.95517578670935,1.838288960392444,0.32932172436250884,0.07609119443954399,3.634440633147915e-05,23.145264958044944,34.534387331245135,nan,nan,nan
594.32,228.81907653808594,-179.8917236328125,-79.94684600830078,227.07844913329578,-179.3003019052766,-79.95610812213943,1.8383822259967704,0.3293709821187947,0.0761113811608894,3.560594143012372e-05,22.7333730658575,34.59095515920631,nan,0.7012410380165847,nan
594.33,228.8134765625,-179.88316345214844,-79.94853210449219,227.07275322095035,-179.29173565525215,-79.95801106727788,1.8384761193697556,0.32942032551137307,0.07613163324839194,3.6319430907803914e-05,22.754803617230458,33.92214679849418,nan,nan,nan
594.34,228.807861328125,-179.87461853027344,-79.95018005371094,227.06702731190114,-179.2831658448077,-79.95960453118315,1.8385886358732688,0.32946975396480316,0.07615195027841286,3.5582588604680376e-05,22.733664215103616,34.36998760220914,nan,0.052298533078657776,nan
594.35,228.8022003173828,-179.86605834960938,-79.95178985595703,227.04999261968027,-179.2718982144535,-79.9613492921646,1.850229570868736,0.32940543608935274,0.0761421142156444,3.627327668991296e-05,23.122317834948564,34.30826246182872,1.9090107449875109,nan,nan
594.36,228.7965087890625,-179.85751342773438,-79.95337677001953,227.04414659663715,-179.26335987494465,-79.96507303284436,1.8503860408840367,0.32945465515415523,0.07616242869234234,3.553889014510852e-05,24.409190946984552,35.500789676886924,nan,2.5268602275690655,nan
594.37,228.79078674316406,-179.8489532470703,-79.95492553710938,227.03829551217015,-179.25479668218054,-79.96686352965247,1.8505107548939366,0.3295039597237887,0.07618280868813308,3.6250926127440464e-05,24.44987276995649,35.19593867567765,nan,nan,nan
594.38,228.7850341796875,-179.8404083251953,-79.95645141601562,227.0324385546508,-179.2462094838796,-79.96670183606304,1.8506130765316222,0.3295533493462105,0.07620325386081049,3.551803347001225e-05,23.43422435196004,34.19740366593669,nan,2.531417475187939,nan
594.39,228.7792510986328,-179.8318634033203,-79.95793914794922,227.02652253690778,-179.23764695836758,-79.96841341929459,1.8507458779905996,0.3296028247342217,0.07622376482294438,3.622984251746757e-05,23.461841017660188,34.5600543253855,nan,nan,nan
594.4,228.77342224121094,-179.82330322265625,-79.95940399169922,227.01632200521115,-179.2275241299416,-79.96773371298059,1.8553768757109759,0.32953843479659456,0.07621390269482846,3.547685882207575e-05,22.472037128984482,32.62830682248148,1.0090006561543345,3.3919560108330957,nan
594.41,228.767578125,-179.81475830078125,-79.96083068847656,227.01033504403463,-179.21896062962512,-79.96936292134642,1.8555190404718225,0.32958770050642805,0.07623441038275444,3.6187592089818226e-05,22.486214944525383,33.384757712647826,nan,nan,nan
594.42,228.76170349121094,-179.8061981201172,-79.96223449707031,227.0043357750407,-179.2103798604608,-79.96946420136271,1.8556381535745528,0.3296370512521197,0.07625498347411146,3.545838092854291e-05,21.90853797104085,31.81804262912282,nan,1.5471056210430492,nan
594.4300000000001,228.7557830810547,-179.7976531982422,-79.96360778808594,226.99828674268184,-179.2018168791305,-79.97102330318098,1.8557664962032971,0.32968648764343444,0.07627562251083042,3.6168960967215324e-05,21.91252601905328,32.78565786942459,nan,nan,nan
594.44,228.74984741210938,-179.7891082763672,-79.96495819091797,226.99219083684093,-179.19326944019386,-79.97390755133364,1.855925819187993,0.3297360093823276,0.07629632725574599,3.544104980135743e-05,22.610760939213186,32.88350208915569,nan,1.2582121768995973,nan
594.45,228.74386596679688,-179.78054809570312,-79.96627807617188,227.01080755019458,-179.19062471099343,-79.97525638223175,1.8307325542424489,0.3296715476006179,0.07628643566843055,3.612917900080041e-05,21.76871868186262,32.30595509299353,8.52175765782453,nan,nan
594.46,228.7378692626953,-179.77200317382812,-79.96757507324219,227.00470390666746,-179.18206729170169,-79.97747700989093,1.8308425778053268,0.32972085942241214,0.07630713643649023,3.5403390259928106e-05,22.265492893086694,32.88023300376163,nan,0.3677338495373437,nan
594.47,228.73184204101562,-179.76345825195312,-79.96884155273438,226.9985792257024,-179.17350248020503,-79.9789495274691,1.8309423723098588,0.3297702567763256,0.0763279033063306,3.6112872822817855e-05,22.283857259938667,33.0873693734794,nan,nan,nan
594.48,228.7257843017578,-179.75491333007812,-79.97008514404297,226.99242446789063,-179.16493900116802,-79.98049229700597,1.8310418704305456,0.3298197394495458,0.07634873610158628,3.538826573360566e-05,22.47393183067087,33.124048297710544,nan,0.006218124680862075,nan
594.49,228.7196807861328,-179.74636840820312,-79.97130584716797,226.98624202239148,-179.1563750165638,-79.98191711313537,1.831123903176567,0.3298693079244818,0.07636963527373883,3.609768542235813e-05,22.49060603296707,33.33211787066636,nan,nan,nan
594.5,228.7135772705078,-179.73780822753906,-79.97250366210938,226.98516992176027,-179.14476238312437,-79.983295699076,1.8273510349256694,0.329804773592798,0.07635971002958956,3.53528159076252e-05,22.098275723975263,32.13258470990535,2.839978229644587,0.00432726193915971,nan
594.51,228.70742797851562,-179.72926330566406,-79.97367095947266,226.9789436193576,-179.13618229226398,-79.9846741470865,1.8274365484052335,0.3298541318664158,0.0763806044731247,3.6061320460653584e-05,22.119869746422147,33.39322452748666,nan,nan,nan
594.52,228.7012481689453,-179.72071838378906,-79.97481536865234,226.9726855531086,-179.12760664793532,-79.9864499971912,1.8275244492638023,0.32990357542410276,0.07640156505224106,3.5339773299796595e-05,22.551651679948737,33.78270702163445,nan,0.12214806777497292,nan
594.53,228.69505310058594,-179.71217346191406,-79.97594451904297,226.96640423287226,-179.1190276057902,-79.98778783262834,1.8276184444684735,0.32995310467865363,0.07642259216657776,3.604827391519582e-05,22.571893196881962,33.12439803990989,nan,nan,nan
594.54,228.68882751464844,-179.70362854003906,-79.97704315185547,226.9601042389586,-179.1104409165201,-79.98820040888997,1.8276980617685268,0.3300027195214477,0.0764436857169891,3.532773159838566e-05,22.16418036596852,33.08781226866304,nan,0.5655180300420463,nan
594.5500000000001,228.6825714111328,-179.69508361816406,-79.9781265258789,226.9553423489874,-179.10510242220127,-79.98934424475493,1.82524625240712,0.3299381126432758,0.07643372324068892,3.601404458734405e-05,22.33404310964665,32.65351674074412,1.5235020280205496,nan,nan
594.5600000000001,228.67630004882812,-179.68653869628906,-79.97917938232422,226.94899887217312,-179.09651873106853,-79.98865090770077,1.8253171297135087,0.329987517034109,0.07645481131985667,3.529532388488604e-05,21.341991522620816,31.787531035208115,nan,2.6543353975119484,nan
594.57,228.6699981689453,-179.67799377441406,-79.98021697998047,226.94261268342728,-179.08795211641106,-79.98987321325193,1.825404891140121,0.3300370070216638,0.07647596609238634,3.6003008024319884e-05,21.350443739201033,31.547853072302672,nan,nan,nan
594.58,228.66366577148438,-179.66944885253906,-79.98123931884766,226.93621284006755,-179.07937373213252,-79.9895593200531,1.8254729525258424,0.3300865825534569,0.07649718750291504,3.528518640157981e-05,20.68260396473767,30.708766787163103,nan,1.5968266329764516,nan
594.59,228.6573028564453,-179.66090393066406,-79.98223114013672,226.92977562863595,-179.07080818102304,-79.99072739864388,1.8255507396333077,0.3301362439582971,0.0765184758858447,3.599293642343137e-05,20.686471992206005,31.225841545959526,nan,nan,nan
594.6,228.6509246826172,-179.65235900878906,-79.98320770263672,226.92658287391197,-179.06481705771523,-79.99042448652405,1.821705876229779,0.33007156400389315,0.07650847208466309,3.5254669814285815e-05,20.2103460987068,30.177442889165505,0.25112315653165834,1.4162304607115743,nan
594.61,228.64451599121094,-179.64382934570312,-79.98416900634766,226.92010071418935,-179.05625885944448,-79.99154022736222,1.8217852394963892,0.3301210146757687,0.07652975421412525,3.596162965835687e-05,20.20321586870598,30.70211155602321,nan,nan,nan
594.62,228.63809204101562,-179.63528442382812,-79.985107421875,226.91358795482472,-179.04770764535263,-79.99351313055925,1.8218758107596829,0.33017055084249386,0.0765511031771781,3.5246311949824846e-05,20.65823487742042,30.448474497929915,nan,0.533483163974999,nan
594.63,228.6316375732422,-179.62673950195312,-79.98602294921875,226.907057168398,-179.03915079333066,-79.99460146857437,1.8219527036307632,0.3302201727884052,0.07657251927168711,3.5953383811609386e-05,20.661631796982753,30.71353918123733,nan,nan,nan
594.64,228.6251678466797,-179.61819458007812,-79.98692321777344,226.9005083811706,-179.0305883235589,-79.99475869632352,1.8220298514005606,0.3302698805276889,0.07659400249680913,3.523880793841547e-05,20.318865204982085,30.010244472687358,nan,0.5814155308937403,nan
594.65,228.61865234375,-179.6096649169922,-79.98780822753906,226.9207956899417,-179.03671361487312,-79.99571114833992,1.7919410893325127,0.3302051273596638,0.07658395366510296,3.592388418893377e-05,20.218447244445873,30.749734142750484,7.745317512290119,nan,nan
594.66,228.6121368408203,-179.6011199951172,-79.9886703491211,226.91424015933137,-179.02818287448608,-79.9961231684817,1.7919725527263664,0.3302546241057899,0.07660542985642721,3.521086500824204e-05,20.019295656009056,29.582078473099127,nan,0.2630388919975703,nan
594.67,228.6055908203125,-179.59259033203125,-79.9895248413086,226.90765802560423,-179.01965676529002,-79.99712663515047,1.7920062596191617,0.3303042065405061,0.07662697333744731,3.591733649157304e-05,20.01107830406957,29.919937390380166,nan,nan,nan
594.6800000000001,228.59901428222656,-179.58404541015625,-79.9903564453125,226.90105117930614,-179.01113354897245,-79.99850106465865,1.792030422283209,0.3303538747125635,0.07664858413742992,3.5204967036596156e-05,20.247909564150554,29.932443967575765,nan,0.10457540222697327,nan
594.69,228.59242248535156,-179.5755157470703,-79.99116516113281,226.89442404042018,-179.00260864805523,-79.99947648571941,1.79206315212597,0.3304036288545152,0.0766702625093004,3.591160277134997e-05,20.247926032332455,30.561908133472183,nan,nan,nan
594.7,228.5858154296875,-179.5669708251953,-79.9919662475586,226.89699697361996,-178.99177984049385,-79.99809008999877,1.7840935928034751,0.3303388020571873,0.0766601646298783,3.5178607484610387e-05,18.718747132172442,28.444549972113872,3.9674594557400775,3.620880595988607,nan
594.71,228.5791778564453,-179.55844116210938,-79.99275207519531,226.89034490151434,-178.98323875449609,-79.99901117658064,1.7841114695374725,0.33038834492648755,0.07668183515577098,3.588454760941311e-05,18.705231798155314,29.1884026599386,nan,nan,nan
594.72,228.57252502441406,-179.54989624023438,-79.99351501464844,226.9015331513368,-178.99368285262577,-80.00005689281186,1.7611445053189791,0.3264138157547274,0.07215833701069733,3.517239748375212e-05,22.150747370561024,32.11555968332997,nan,0.01602696049463255,0.07928872661414046
594.73,228.5658416748047,-179.54136657714844,-79.99427032470703,226.89483221049468,-178.98515994465325,-80.00094998971724,1.761159579870573,0.3264662819831518,0.07217196832022683,3.587849630957682e-05,22.12402534856872,32.601912012861554,nan,nan,nan
594.74,228.55914306640625,-179.5328369140625,-79.99500274658203,226.88809103520518,-178.97661455081982,-80.00155754692273,1.7612044667669928,0.3265188260791055,0.07218564975790127,3.516876098640798e-05,22.04914457901708,32.66630775782503,nan,0.05154832493129322,nan
594.75,228.55242919921875,-179.52430725097656,-79.9957275390625,226.84616835712882,-178.95733833214456,-80.00246918323289,1.7980059137658853,0.3264506461967906,0.07217548099572352,3.585300235381203e-05,23.073793627660145,32.46057225731386,11.671241771942748,nan,nan
594.76,228.54568481445312,-179.51576232910156,-79.99642944335938,226.83934894633552,-178.94881816560707,-80.003320557788,1.7980698726143003,0.3265029669631162,0.0721891892498923,3.5144592610323594e-05,23.107415950170594,32.40288932087325,nan,9.55484756012652e-07,nan
594.77,228.5389862060547,-179.50723266601562,-79.99712371826172,226.83254450458045,-178.9402985832626,-80.00415764862436,1.7981676815285146,0.3265553795825966,0.07220296801829604,3.5850256667664896e-05,23.086818542289183,32.812221178252926,nan,nan,nan
594.78,228.5323944091797,-179.4987030029297,-79.997802734375,226.82573469725898,-178.93168934792172,-80.00387939359157,1.7983961696595117,0.32660787038705436,0.07221679795557401,3.514227875845068e-05,22.710547248753826,32.132935950055874,nan,0.8512873734165352,nan
594.79,228.52590942382812,-179.49017333984375,-79.99847412109375,226.8191016072247,-178.92317068910464,-80.00468010893114,1.798533692497526,0.3266604531374705,0.07223069831320413,3.5848181933152076e-05,22.687808355408563,31.96385126826802,nan,nan,nan
594.8000000000001,228.51953125,-179.4816436767578,-79.9991226196289,226.79257233501446,-178.90177524545348,-80.00589415971298,1.8217245525672945,0.3265921659454171,0.07222062509429102,3.5119405698550025e-05,22.679787626194873,32.89232619038379,7.81586202499416,0.10123183331248657,nan
594.8100000000001,228.51329040527344,-179.47311401367188,-79.99976348876953,226.78613894877836,-178.89322401488806,-80.00667497433972,1.8219144691766818,0.32664452485360534,0.07223455145353874,3.582468454934638e-05,22.662046456944797,32.35013908490632,nan,nan,nan
594.82,228.5071563720703,-179.46458435058594,-80.0003890991211,226.77988194821222,-178.88473712225928,-80.00826056763741,1.8220213235659481,0.32669696226447537,0.07224852998591015,3.511830437408055e-05,23.046677457985705,33.106221881278216,nan,0.4677389174518802,nan
594.83,228.5011444091797,-179.4560546875,-80.00100708007812,226.77369132982858,-178.87618628871627,-80.00902593286818,1.8221980691647384,0.3267494911702543,0.07226257841458392,3.582384863215487e-05,23.031261715296274,32.88157023984779,nan,nan,nan
594.84,228.49525451660156,-179.44752502441406,-80.0016098022461,226.7675854229211,-178.86759484280728,-80.00924988185322,1.8224208854196102,0.3268020990627039,0.07227667966569759,3.5117783970617776e-05,22.85269190134075,32.73577867694782,nan,0.1971180964802982,nan
594.85,228.48948669433594,-179.43899536132812,-80.002197265625,226.76246476708425,-178.85585443162162,-80.01006391483507,1.8228329504584009,0.3267337180649119,0.07226671630246578,3.5801561348726086e-05,22.49301683285781,32.822100840581875,2.199540419100516,nan,nan
594.86,228.4838409423828,-179.4304656982422,-80.00277709960938,226.75657508853595,-178.84722596331397,-80.00998498209177,1.8230929410851031,0.3267861019781668,0.07228084349778977,3.509663021951972e-05,22.19961583265207,32.20673945955734,nan,0.4573112093788431,nan
594.87,228.47828674316406,-179.42193603515625,-80.00334167480469,226.7508517624516,-178.83865822069976,-80.0106942649002,1.823265938366469,0.32683857693647395,0.07229504009623765,3.580185541465818e-05,22.18288202330834,32.75170399036262,nan,nan,nan
594.88,228.4728546142578,-179.4134063720703,-80.00389862060547,226.74516206313183,-178.83000044028537,-80.01017402868236,1.823546931999446,0.3268911311942322,0.07230929046614694,3.509717498844712e-05,21.749271966728475,31.9609537131216,nan,1.0434235790594906,nan
594.89,228.467529296875,-179.40487670898438,-80.00444793701172,226.7396600516242,-178.821431797467,-80.01085034105888,1.8237272505055753,0.32694377659309004,0.07232361018548113,3.580269101328572e-05,21.72636615005625,31.881652815659102,nan,nan,nan
594.9,228.46231079101562,-179.39634704589844,-80.0049819946289,226.74427864035735,-178.82409422936922,-80.01195963032326,1.8108441247443132,0.32687528978686764,0.07231373604789862,3.5077058467825236e-05,22.591059986909624,32.12020347543281,9.081636302657133,0.15845114564412005,nan
594.91,228.4571990966797,-179.3878173828125,-80.00550079345703,226.73900772517786,-178.81556402809179,-80.01262047887204,1.8109959086129555,0.3269277106958761,0.07232808088937301,3.578199873167557e-05,22.574639503332335,32.23933723268787,nan,nan,nan
594.92,228.45217895507812,-179.37928771972656,-80.00601196289062,226.73381314936537,-178.8070030873921,-80.01284323125675,1.811170176674877,0.3269802112106704,0.07234248041111234,3.507856990254741e-05,22.44266314469132,32.24185548478914,nan,0.12916544286181625,nan
594.9300000000001,228.447265625,-179.37075805664062,-80.00651550292969,226.728746110386,-178.79847174381015,-80.01348103025957,1.8113170524602322,0.3270328024239397,0.07235694883879036,3.578382017021445e-05,22.422964932166607,32.00921754365812,nan,nan,nan
594.94,228.44232177734375,-179.36221313476562,-80.00711059570312,226.72375289756718,-178.78999056277644,-80.0148995443137,1.811347104823057,0.3270854737191034,0.07237147255308463,3.5080545111500666e-05,22.749519705265627,31.586525187118422,nan,0.3831572118806336,nan
594.95,228.43731689453125,-179.3536834716797,-80.00780487060547,226.67754872365018,-178.76531727663146,-80.0155640336575,1.8555373882875312,0.32701689270081824,0.0723616982370983,3.576408576647631e-05,23.426475026315792,32.67321718114102,14.599247519614028,nan,nan
594.96,228.43228149414062,-179.34515380859375,-80.00858306884766,226.67244420230463,-178.75686108094754,-80.01784111745498,1.8555865214540845,0.32706933936325877,0.07237624691784061,3.506178605135962e-05,24.13955646132464,33.46110783901933,nan,1.3904774115994492,nan
594.97,228.4272003173828,-179.33660888671875,-80.00945281982422,226.6672144295115,-178.74830988941957,-80.01881796887227,1.855729975439886,0.3271218762886566,0.07239086409457274,3.5766797037914085e-05,24.10053825279981,32.8825071292005,nan,nan,nan
594.98,228.4220733642578,-179.3280792236328,-80.01040649414062,226.66197979818375,-178.7397977001795,-80.02049126352524,1.8558303302687422,0.3271744935888236,0.07240553740776959,3.506459878963848e-05,24.500205576930018,34.20237544451319,nan,0.25830946667612087,nan
594.99,228.4169158935547,-179.31954956054688,-80.0114517211914,226.6566693683196,-178.7312452581134,-80.02165407434123,1.855983262282754,0.3272272012585349,0.07242027920719873,3.576993578481993e-05,24.46180758207255,33.89670834101045,nan,nan,nan
595.0,228.41171264648438,-179.31100463867188,-80.01258850097656,226.64285306737955,-178.72005830364952,-80.02141369131913,1.8649824839530902,0.3271585158967923,0.07241058731988169,3.504665133465513e-05,23.996611267368788,32.62876517262365,0.6330982982408003,1.5613239911913783,nan
595.01,228.40647888183594,-179.30247497558594,-80.01380157470703,226.63745022614884,-178.71150499472768,-80.02273717118463,1.8651508646225143,0.32721099843306534,0.07242535326159227,3.575144508620237e-05,23.960343827181013,33.405064626043426,nan,nan,nan
595.02,228.4011993408203,-179.29393005371094,-80.01510620117188,226.6320045911788,-178.70294676012068,-80.02407230176637,1.865312763699899,0.3272635616257701,0.07244017614823624,3.5050215802920074e-05,23.974675153494115,32.71116244711592,nan,0.003915262803604382,nan
595.03,228.39588928222656,-179.285400390625,-80.01649475097656,226.62652493580723,-178.69439297574382,-80.02556668659125,1.8654817755315263,0.3273162147671351,0.07245506716313563,3.575534920200091e-05,23.935802407640644,33.18066089164716,nan,nan,nan
595.04,228.39053344726562,-179.27685546875,-80.0179672241211,226.6211814839077,-178.68602908488234,-80.03027070958252,1.8654311999822502,0.3273689490272959,0.07247001568444689,3.505414222130933e-05,25.906667484380566,34.65097115144368,nan,6.874901544637567,nan
595.0500000000001,228.38514709472656,-179.26832580566406,-80.01951599121094,226.63946517773562,-178.688325352165,-80.03195242953747,1.8395544423491639,0.32730016909714765,0.07246041356883498,3.573759890858112e-05,25.64156037251485,35.025550922664166,5.15905011570606,nan,nan
595.0600000000001,228.3797149658203,-179.25978088378906,-80.02115631103516,226.63386185503546,-178.6797326929372,-80.0327881051154,1.8397266880657,0.3273526780695449,0.07247538597918927,3.503723983902945e-05,25.129467473762155,33.73244972031499,nan,0.6221599312266489,nan
595.07,228.374267578125,-179.25125122070312,-80.02286529541016,226.62827351175343,-178.67119551163955,-80.03463545165813,1.8398637020170978,0.32740527658088125,0.07249042619368194,3.574218582785441e-05,25.09770969432332,34.28564085179058,nan,nan,nan
595.08,228.36875915527344,-179.24270629882812,-80.024658203125,226.62261236061036,-178.66261830318865,-80.03587119000332,1.8400153375099597,0.3274579564734348,0.07250552466382369,3.504180802828293e-05,24.76382412364783,33.66271275722439,nan,0.33757328710531725,nan
595.09,228.3632354736328,-179.2341766357422,-80.02652740478516,226.6169527814731,-178.6540810102708,-80.03787208418758,1.8401475151135023,0.32751072602702086,0.07252069097310476,3.57471024489341e-05,24.729897681899693,33.918982791301865,nan,nan,nan
595.1,228.357666015625,-179.2256317138672,-80.02845764160156,226.64068203998733,-178.65113599826617,-80.03940604629804,1.8105797876387213,0.3274418431547338,0.07251116402968323,3.502552519940822e-05,23.396039380968,32.86289426749797,11.20892493117644,0.2659637315072609,nan
595.11,228.35206604003906,-179.21710205078125,-80.03038787841797,226.63499896832792,-178.64258410018283,-80.04150344217268,1.8106666617773879,0.32749438693540844,0.07252635340382844,3.573029664604427e-05,23.3845006113418,33.64994598010576,nan,nan,nan
595.12,228.34642028808594,-179.20855712890625,-80.03231048583984,226.62920803221746,-178.6339539707879,-80.04216809992396,1.8108240923899563,0.3275470123454602,0.07254160174234028,3.503066224356506e-05,22.654215952855235,32.28254657377124,nan,1.441997569060083,nan
595.13,228.34075927734375,-179.20001220703125,-80.0342025756836,226.62345668355496,-178.6254017427806,-80.04422905373046,1.8109130057852187,0.32759972702624346,0.07255691764701831,3.573579159108547e-05,22.64839962035876,32.00590180273442,nan,nan,nan
595.14,228.33505249023438,-179.1914825439453,-80.03606414794922,226.61764490097937,-178.61682067598898,-80.04571994689663,1.811026870194659,0.3276525237813065,0.07257229303330272,3.503607509248559e-05,22.449152259651644,32.65721767039038,nan,0.20694057110458194,nan
595.15,228.32931518554688,-179.1829376220703,-80.03789520263672,226.58634956625534,-178.59805522774124,-80.04776186940069,1.8385086119845824,0.3275835460618484,0.07256284582664346,3.571954350844858e-05,22.91665135767818,32.117288779572874,5.489251288047472,nan,nan
595.16,228.32354736328125,-179.17440795898438,-80.03968811035156,226.5804801235103,-178.58951403957838,-80.05017485493389,1.8386120501978445,0.32763611687475624,0.07257824393017165,3.502057463510423e-05,23.285267140120332,33.15825830861035,nan,0.14294876930325162,nan
595.17,228.3177490234375,-179.16586303710938,-80.04144287109375,226.57455641887424,-178.58094977680486,-80.05210807204784,1.8387380795522514,0.3276887765816993,0.07259370935928146,3.572554744137522e-05,23.284636158634523,32.56385659285736,nan,nan,nan
595.1800000000001,228.31192016601562,-179.15733337402344,-80.04316711425781,226.5686042099651,-178.57238893225755,-80.0540728338693,1.83886635112328,0.32774151858843814,0.07260923492183864,3.5026465309304535e-05,23.450660344553413,33.2049072163309,nan,0.0030120841686930924,nan
595.19,228.30604553222656,-179.1488037109375,-80.04485321044922,226.5626174321469,-178.56382489223762,-80.05593935265473,1.8389846821069127,0.32779434962976284,0.07262482788828317,3.573179945236083e-05,23.448381942982415,33.575032050822216,nan,nan,nan
595.2,228.30015563964844,-179.1402587890625,-80.0465087890625,226.53704184605417,-178.54254544361848,-80.05840474536826,1.8617123854829716,0.3277252702888929,0.07261544816941978,3.5011425103531174e-05,23.86810079923277,33.35625554441182,6.806785162988277,0.26455493252189854,nan
595.21,228.2942352294922,-179.13172912597656,-80.04813385009766,226.5309594798794,-178.5339500286095,-80.06021241652341,1.861888049853797,0.32777787492202576,0.07263106302867886,3.5716247512260546e-05,23.866129736424334,33.91784740529078,nan,nan,nan
595.22,228.2882843017578,-179.12318420410156,-80.04972076416016,226.52478867985047,-178.52529530435794,-80.06072824429745,1.862124890962463,0.32783056206460603,0.07264673863505171,3.5017733062422166e-05,23.19835938627359,32.72091747819912,nan,1.1200691156800167,nan
595.23,228.28228759765625,-179.11465454101562,-80.05128479003906,226.51864621909337,-178.51670025735697,-80.06246061070614,1.8622849235529162,0.3278833378870717,0.07266248145273825,3.572292325207976e-05,23.189249447627777,33.42127957982283,nan,nan,nan
595.24,228.27627563476562,-179.10610961914062,-80.05281066894531,226.5123523289557,-178.50798133509733,-80.06145222597202,1.8625943061922638,0.3279361966445117,0.0726782854930589,3.5024245839191474e-05,21.782176631477288,31.23868788582124,nan,5.180103347339806,nan
595.25,228.27023315429688,-179.0975799560547,-80.05430603027344,226.53897254054232,-178.51246058019342,-80.06313948055949,1.8274862589333036,0.32786702227246284,0.0726689755094562,3.570777946745917e-05,21.28574013390157,31.557327129502944,9.006443144535758,nan,nan
595.26,228.26416015625,-179.08905029296875,-80.05577087402344,226.53282327147818,-178.50390845189068,-80.06535642136318,1.8275694967550287,0.32791965443581755,0.07268480100550061,3.500977272230002e-05,21.680242121311366,31.98613801038081,nan,0.25394351052067693,nan
595.27,228.25807189941406,-179.08050537109375,-80.05721282958984,226.52661921770758,-178.4953299493652,-80.06695091329867,1.827690754328552,0.32797237493907394,0.07270069354992817,3.5714822022429865e-05,21.668612134608672,30.88135310846817,nan,nan,nan
595.28,228.25193786621094,-179.0719757080078,-80.0586166381836,226.5203273142469,-178.48669190808948,-80.06712582341902,1.827868878326168,0.32802517856285834,0.07271664787799474,3.501662956550442e-05,21.036559466503462,31.467525935112533,nan,1.3659125342239935,nan
595.29,228.24578857421875,-179.06344604492188,-80.05999755859375,226.51406755589468,-178.47811410701752,-80.06865107230482,1.8279896187166267,0.3280780706868453,0.07273266937296811,3.572204628269671e-05,21.021321087423097,31.043071876288497,nan,nan,nan
595.3000000000001,228.23959350585938,-179.05490112304688,-80.06135559082031,226.50662169024247,-178.4725226865304,-80.06988321339982,1.8282310240745816,0.3280087959252289,0.07272341880478621,3.5002487945974934e-05,21.340398046078448,30.563234463033112,1.4542421848483102,0.03285392301511241,nan
595.3100000000001,228.23338317871094,-179.04637145996094,-80.06267547607422,226.50030667405883,-178.46396034875585,-80.07135239044932,1.8283413691855723,0.3280614610100102,0.07273946092890221,3.5707397786626286e-05,21.327684872655503,31.212678139326417,nan,nan,nan
595.32,228.22715759277344,-179.037841796875,-80.06398010253906,226.4940619280026,-178.4554936518397,-80.07516380059626,1.828353089634433,0.3281142093845613,0.07275556536282674,3.500963970938578e-05,22.748968585671506,32.10505284396672,nan,3.9578662718029256,nan
595.33,228.22088623046875,-179.02931213378906,-80.06525421142578,226.48769364736782,-178.44693200965278,-80.07660553803639,1.8284561771398522,0.3281670459421293,0.07277173684403943,3.571492131829503e-05,22.740574324699754,32.56682207984035,nan,nan,nan
595.34,228.214599609375,-179.02078247070312,-80.06649780273438,226.48126678220984,-178.43833916813253,-80.07721224740739,1.828605394764641,0.3282199661951393,0.07278797107266251,3.5016939330227565e-05,22.36832113248304,32.071985126604154,nan,0.4634688883882149,nan
595.35,228.20828247070312,-179.0122528076172,-80.0677261352539,226.48045061845568,-178.42907417103166,-80.0786242263916,1.823627977467183,0.3281505963215917,0.07277878028109881,3.5700561703045676e-05,22.03865603890464,31.906353974922695,1.126634182390248,nan,nan
595.36,228.2019500732422,-179.0037078857422,-80.06892395019531,226.47395054893678,-178.42044287208216,-80.07837720070796,1.823806403131863,0.3282032893324979,0.072795034618351,3.50031929612842e-05,21.224027829386028,30.331892229611316,nan,1.8273309028715112,nan
595.37,228.19557189941406,-178.99517822265625,-80.07009887695312,226.46748781801998,-178.41187243265838,-80.07969967773221,1.8239003296200917,0.3282560702240251,0.07281135590936108,3.570833881698357e-05,21.20913947666718,31.346233611928962,nan,nan,nan
595.38,228.18919372558594,-178.9866485595703,-80.07125091552734,226.46096666097858,-178.40327015500077,-80.08011794660638,1.8240553100165604,0.32830893495619723,0.07282774042667774,3.50107304029155e-05,20.831807380369057,30.416992926131105,nan,0.5482064797333049,nan
595.39,228.18276977539062,-178.97811889648438,-80.07238006591797,226.45445423232394,-178.39470016725238,-80.08138656248427,1.824152720307421,0.32836188774904357,0.07284419205234709,3.5716245106066535e-05,20.814588718183145,30.81282661583001,nan,nan,nan
595.4,228.17633056640625,-178.96958923339844,-80.073486328125,226.4535055267302,-178.38512883596536,-80.08366088443533,1.819292058768612,0.3282924186274248,0.07283505226108641,3.4997214231550547e-05,21.106536802611263,31.236733838096338,1.262261020975775,0.7703169848463941,nan
595.41,228.1698760986328,-178.9610595703125,-80.07456970214844,226.44695309500344,-178.37654829073918,-80.08489662309704,1.819402032998751,0.3283451437543905,0.07285152316368083,3.570222264868417e-05,21.094232321994678,31.02435000394261,nan,nan,nan
595.42,228.16339111328125,-178.95252990722656,-80.07563781738281,226.44041825648213,-178.36800713899558,-80.08726229965107,1.819460760894537,0.3283979528513156,0.07286805774055106,3.50049504697933e-05,21.92590206201849,31.83915392533681,nan,0.9349066336421952,nan
595.4300000000001,228.15687561035156,-178.94400024414062,-80.07667541503906,226.433818481728,-178.35942760632713,-80.08846817914983,1.8195576678594405,0.3284508497287755,0.072884659369935,3.571033072801905e-05,21.91834412377199,32.13363938965987,nan,nan,nan
595.44,228.1503448486328,-178.9354705810547,-80.07769775390625,226.4271954269173,-178.35084862542425,-80.08965418060063,1.8196619786935526,0.32850383269779065,0.0729013265806773,3.6430031270387404e-05,21.907066139547272,31.802006392970785,nan,nan,nan
595.45,228.14378356933594,-178.9269561767578,-80.07869720458984,226.40101767751077,-178.32623464299365,-80.09088421820674,1.8434337086366976,0.32843426848889534,0.07289223665357572,3.7140366015341354e-05,21.554540681471774,33.06516410391345,11.558105767388643,nan,nan
595.46,228.13720703125,-178.91842651367188,-80.07967376708984,226.39430611643593,-178.31760326907872,-80.09176661827928,1.843593883465952,0.3284870217029836,0.07290892092857046,3.635760993179729e-05,21.537453287793163,32.198057116507265,nan,0.04621072016789003,nan
595.47,228.130615234375,-178.90989685058594,-80.08063507080078,226.38758130526682,-178.30898094680956,-80.09289338042765,1.8437509234136242,0.3285398625654527,0.07292567233697383,3.708951240817264e-05,21.526995254660832,31.906845056946512,nan,nan,nan
595.48,228.12399291992188,-178.9013671875,-80.08158111572266,226.3808192804478,-178.3003453630222,-80.09354500493659,1.8439155906659663,0.32859278776847395,0.07294248812648005,3.630953803633639e-05,21.377693590460904,31.828236882420278,nan,0.13668530783631488,nan
595.49,228.11734008789062,-178.89285278320312,-80.08250427246094,226.3740506188962,-178.291724002755,-80.09463101098805,1.844061018832406,0.3286458008071723,0.07295937122466795,3.704017300815599e-05,21.36441287306471,32.73494535994523,nan,nan,nan
595.5,228.1106719970703,-178.8843231201172,-80.08340454101562,226.36520143869157,-178.28816173636744,-80.09648958249437,1.8445181170028957,0.3285761382933632,0.07295032349381035,3.624030659353285e-05,22.639575046808304,32.56477932861397,3.7974147987289006,0.5207760586993858,nan
595.51,228.10398864746094,-178.87579345703125,-80.08429718017578,226.35838773935367,-178.27956537312065,-80.09754745085232,1.8446642047000354,0.3286289230439702,0.07296722443114219,3.696882672304846e-05,22.62505804251162,32.223304220778594,nan,nan,nan
595.52,228.0972900390625,-178.86727905273438,-80.08516693115234,226.35158778143588,-178.27100052377747,-80.09969715971354,1.8447860536982925,0.32868179224701793,0.07298419014817556,3.6195222392588416e-05,23.66900117776204,33.87421391454299,nan,0.8106743112680755,nan
595.53,228.09056091308594,-178.85874938964844,-80.08601379394531,226.344732398165,-178.26240526312947,-80.10073231980455,1.84492822509391,0.32873474902015326,0.07300122315316071,3.692262110701063e-05,23.66434438491928,33.43642375306268,nan,nan,nan
595.54,228.08380126953125,-178.8502197265625,-80.08685302734375,226.3377816310594,-178.25374435026956,-80.09928613026472,1.8451346927802783,0.32878779062315255,0.07301832132161623,3.61516129648362e-05,22.033803558759445,31.820788691474682,nan,4.016504780667789,nan
595.5500000000001,228.07704162597656,-178.84170532226562,-80.0876693725586,226.2988212616927,-178.23286930276325,-80.10024228981547,1.8796028944555547,0.32871803325882154,0.07300931368215025,3.6854623322094226e-05,22.580759279530547,32.56622661151115,8.443437715143316,nan,nan
595.5600000000001,228.07025146484375,-178.83319091796875,-80.08847045898438,226.29186148479226,-178.2242700384375,-80.1015051105744,1.8797939942500872,0.32877084634767173,0.07302642902998968,3.6087117546477314e-05,22.96048728212366,33.07260398171655,nan,0.059727079235075975,nan
595.57,228.06344604492188,-178.8246612548828,-80.0892562866211,226.28487316965484,-178.21566358772856,-80.10245582261614,1.8799930475896565,0.32882374675718656,0.07304361166640574,3.681155816660475e-05,22.94792826403833,32.261647627911806,nan,nan,nan
595.58,228.05661010742188,-178.81614685058594,-80.09002685546875,226.27787756176932,-178.20706812658955,-80.10381769642267,1.8801746057967383,0.32887673208275864,0.0730608598249789,3.604652088186503e-05,23.452054911861076,33.59356782277688,nan,0.12068856397103007,nan
595.59,228.0497589111328,-178.8076171875,-80.09078216552734,226.27085035759106,-178.19846269515074,-80.10474319018451,1.8803669183493898,0.32892980493762797,0.0730781754779546,3.677003489373603e-05,23.439318680154184,32.788957264609884,nan,nan,nan
595.6,228.04290771484375,-178.79910278320312,-80.09152221679688,226.28506990193182,-178.2049293644053,-80.10577453916308,1.8555966578978635,0.3288599502844567,0.07306920111525664,3.598520446074978e-05,24.007365881528045,33.00733471489848,8.922670016391706,0.009169009712071685,nan
595.61,228.0360107421875,-178.79058837890625,-80.09224700927734,226.2780406661412,-178.1963633620857,-80.10667317321585,1.855739818265367,0.32891279423343217,0.07308653308754684,3.6706948983840095e-05,23.993244846158166,33.460940169916775,nan,nan,nan
595.62,228.02911376953125,-178.78207397460938,-80.09295654296875,226.27099514892785,-178.18779994996495,-80.10764880979985,1.8558983170378993,0.3289657231686697,0.07310393091547085,3.594759726669463e-05,24.290729957216513,33.38842927087463,nan,0.005481598357128325,nan
595.63,228.02218627929688,-178.77354431152344,-80.0936508178711,226.2639287624585,-178.1792351412173,-80.10852143175251,1.856042569712722,0.32901873940645565,0.0731213962680256,3.666854197482383e-05,24.27953271754545,32.92495354306537,nan,nan,nan
595.64,228.01528930664062,-178.76502990722656,-80.09432983398438,226.25686725807446,-178.17067519025022,-80.10957219613564,1.8562160327072892,0.32907184098864134,0.07313892783327237,3.591145300052957e-05,24.681880103515898,33.72068957419216,nan,0.024506260111222002,nan
595.65,228.0084686279297,-178.7565155029297,-80.09500122070312,226.21687223611698,-178.15532052441623,-80.11050087356486,1.8898394832855339,0.3290018916637829,0.07312998370152494,3.6608712778161274e-05,25.842256082967918,34.12955060795994,11.350311109608326,nan,nan
595.66,228.00173950195312,-178.7480010986328,-80.09565734863281,226.2098971486394,-178.14677240292275,-80.11155161215967,1.8900866623747983,0.3290547640979545,0.07314753086025358,3.585475653348126e-05,26.291771710449872,34.78097592295797,nan,0.03048213729382702,nan
595.67,227.99514770507812,-178.73948669433594,-80.09629821777344,226.20302868221816,-178.13822044650567,-80.11237921062562,1.8903624761424864,0.3291077236214645,0.07316514559000759,3.657336978542663e-05,26.28404627091073,34.481799617706194,nan,nan,nan
595.6800000000001,227.98866271972656,-178.73097229003906,-80.09693145751953,226.19626414397575,-178.12965496578073,-80.11249504488468,1.8906394167208094,0.3291607685378277,0.07318282683371485,3.5821540852205844e-05,25.94222720175809,34.34080952271407,nan,0.32985275744979975,nan
595.69,227.98231506347656,-178.7224578857422,-80.09754943847656,226.1896410424741,-178.12110329400147,-80.11329220616858,1.8909138862781025,0.329213900770155,0.07320057587850635,3.653952034780332e-05,25.930493555702874,34.15289894593566,nan,nan,nan
595.7,227.97608947753906,-178.7139434814453,-80.09815216064453,226.2169424688976,-178.11967678624683,-80.1117595624546,1.8568619400532602,0.32914385508733335,0.07319165589080917,3.576787673365547e-05,23.254235143706182,32.156070068694056,11.960278963089713,4.010476914836635,nan
595.71,227.969970703125,-178.70542907714844,-80.09873962402344,226.21062244364674,-178.11111609192074,-80.1125125401659,1.8570686351770922,0.3291967578005295,0.07320941965599963,3.6484380338374204e-05,23.24293288553767,32.47644476144904,nan,nan,nan
595.72,227.9639892578125,-178.69691467285156,-80.09932708740234,226.2053395469429,-178.09794122321202,-80.11202586140159,1.8578964604562669,0.32919959606095783,0.07203899220510383,3.573556781077343e-05,25.4792429866943,34.28848892362548,nan,1.0315864758975302,0.017747744583098923
595.73,227.9581298828125,-178.6884002685547,-80.09989166259766,226.19926506468985,-178.0893726430494,-80.11274506158391,1.8581186061211556,0.3292522920703196,0.07205280523215034,3.645150079476609e-05,25.45400061514171,34.31745483503186,nan,nan,nan
595.74,227.95237731933594,-178.6798858642578,-80.10044860839844,226.19330087687595,-178.0807713063123,-80.1128977908432,1.858344200115648,0.3293050728756666,0.07206667368610721,3.5706669581710715e-05,25.21656622244412,34.22874058196806,nan,0.20950179147792755,nan
595.75,227.94674682617188,-178.67137145996094,-80.10099792480469,226.17054449528894,-178.06704303656923,-80.11353876241625,1.876236881675949,0.32923590206674763,0.07205643509889123,3.6399482250798257e-05,25.654666189288648,34.22308121031729,2.783023575068838,nan,nan
595.76,227.94122314453125,-178.66285705566406,-80.10153198242188,226.1647859124644,-178.0584560409112,-80.11390271805543,1.8764815110220883,0.3292884572261165,0.07207032926208232,3.5657408275003263e-05,25.5809813710137,34.302594321286044,nan,0.06875906453590883,nan
595.77,227.93580627441406,-178.6543426513672,-80.10205841064453,226.1591424328377,-178.04988679389146,-80.11457179812611,1.8767146491855968,0.3293410974839607,0.07208428888680635,3.637154216370492e-05,25.549375910657194,34.32951543980716,nan,nan,nan
595.78,227.93035888671875,-178.6458282470703,-80.10267639160156,226.15350402826314,-178.04117231277053,-80.11269443011624,1.8769449507103089,0.3293938225187982,0.07209830470586454,3.563124607432156e-05,24.012092022084516,32.740333252454164,nan,4.562419262066213,nan
595.79,227.9248809814453,-178.63731384277344,-80.10338592529297,226.14786126439103,-178.03260174545613,-80.11347353964548,1.8771194835185414,0.3294466329161593,0.07211238602365638,3.634499381813219e-05,23.94685901001688,32.61858773698268,nan,nan,nan
595.8000000000001,227.9193572998047,-178.62879943847656,-80.10418701171875,226.14647654583874,-178.01883531091406,-80.11461189580626,1.874905619732418,0.32937736995533656,0.07210224535654816,3.558477694938315e-05,23.343811347051993,33.103511007282655,8.35548319782343,0.014471884798564597,nan
595.8100000000001,227.91380310058594,-178.62026977539062,-80.1050796508789,226.1407674944518,-178.0102317421336,-80.11557850076933,1.8750765020362572,0.32942995438246225,0.07211635170792215,3.629729466458494e-05,23.279100127651343,32.30393860446242,nan,nan,nan
595.82,227.90821838378906,-178.61175537109375,-80.1060562133789,226.1350260829341,-178.0016392754223,-80.11685155020429,1.8752517498474328,0.32948262356031244,0.07213051497784129,3.5561249158469925e-05,23.47079214348089,33.15893900375632,nan,0.03196882951960943,nan
595.83,227.902587890625,-178.60324096679688,-80.10712432861328,226.12924780665395,-177.9930350510752,-80.11799956128898,1.8754211750126777,0.32953537799363264,0.07214474350102328,3.627346963063697e-05,23.404963147655717,33.28410138101074,nan,nan,nan
595.84,227.8969268798828,-178.5947265625,-80.1082763671875,226.12341958512746,-177.9843522530468,-80.11771653905157,1.8756263058071339,0.32958821748629985,0.07215902945619657,3.5538996237529765e-05,22.603129025100248,32.466007285492424,nan,1.5795197152545355,nan
595.85,227.8912353515625,-178.58619689941406,-80.1095199584961,226.12589977740174,-177.98323565896544,-80.1190165642112,1.865492463774899,0.3295188629732205,0.07214899136180104,3.622853408089e-05,22.875138775137838,31.462089166583382,3.4290191362263323,nan,nan
595.86,227.88551330566406,-178.5776824951172,-80.11083984375,226.1200165691023,-177.97456039303793,-80.11852366074372,1.865688622967498,0.3295714762090285,0.07216330214422538,3.549646081827918e-05,22.00094370548211,31.292712755668802,nan,2.4426335382379305,nan
595.87,227.8797607421875,-178.5691680908203,-80.11225128173828,226.11411938742808,-177.96597927946556,-80.1199841277064,1.8658472425916928,0.3296241745983591,0.0721776779686478,3.620731525130064e-05,21.94130550665679,31.135552073755125,nan,nan,nan
595.88,227.8739776611328,-178.56063842773438,-80.11373901367188,226.1081798246136,-177.95734610381123,-80.1204665704055,1.8660248893249443,0.32967695801125635,0.07219211188975834,3.54766859203581e-05,21.519530842116765,30.13323965254169,nan,0.7750299786011655,nan
595.89,227.86814880371094,-178.5521240234375,-80.11531066894531,226.1022182182804,-177.94876419081234,-80.12208377272204,1.8661724987576245,0.3297298268499021,0.07220661093584214,3.61873546070527e-05,21.46309072937357,30.974459073944647,nan,nan,nan
595.9,227.8623046875,-178.54360961914062,-80.1169662475586,226.11402870961246,-177.95831274784842,-80.12546970928875,1.8436685253224037,0.32966038067266273,0.07219666376219874,3.5436650081291665e-05,23.116009564336892,31.108018514468725,21.506108658119143,1.9956705257857519,nan
595.91,227.85641479492188,-178.5350799560547,-80.11869812011719,226.10803687185836,-177.94979193147765,-80.12726715340267,1.8437626913192031,0.32971302293879423,0.07221118695835917,3.614628592466396e-05,23.061147303949355,30.793132118860342,nan,nan,nan
595.92,227.85049438476562,-178.5265655517578,-80.1205062866211,226.10202521355126,-177.94133155490525,-80.13046389681122,1.8438390460557512,0.329765750187093,0.0722257688767389,3.5419233926181656e-05,23.781817681592052,32.15861688261933,nan,1.1988524839882866,nan
595.9300000000001,227.8445587158203,-178.51805114746094,-80.12239837646484,226.09597197444677,-177.9328106538891,-80.13243417979675,1.8439530213028923,0.3298185627662705,0.07224041575843289,3.6128756107339524e-05,23.723877572363023,31.75925556243421,nan,nan,nan
595.94,227.8385772705078,-178.509521484375,-80.12434387207031,226.08987891341624,-177.92423336671476,-80.13320395950632,1.844067955884055,0.3298714606294207,0.07225512183277363,3.540295491116805e-05,23.108060719468757,30.867657434562265,nan,1.1082625312276078,nan
595.95,227.83258056640625,-178.50100708007812,-80.12628936767578,226.0918606714314,-177.92435560873005,-80.13529038874678,1.8337703483668562,0.3298019232222145,0.07224526792031667,3.609012804658127e-05,23.58754119190914,31.2380670404193,5.022290460032613,nan,nan
595.96,227.82655334472656,-178.49249267578125,-80.12822723388672,226.0857400577579,-177.91590173786324,-80.13820400425521,1.8338450168219746,0.32985459422239527,0.07225999784401614,3.536639577613159e-05,24.111229640821843,31.695394342473243,nan,0.510714663703039,nan
595.97,227.8204803466797,-178.4839630126953,-80.13013458251953,226.07958407145645,-177.90741104364778,-80.14024649325575,1.833912283844965,0.32990735046216546,0.07227479259942197,3.607489944209848e-05,24.086173182128974,31.472079800997395,nan,nan,nan
595.98,227.81439208984375,-178.47544860839844,-80.13201141357422,226.07339361251698,-177.898884939212,-80.14140525920376,1.8340091621951005,0.3299601919373035,0.07228964711971068,3.5352300238886876e-05,23.702143955975735,31.3714032907055,nan,0.5058766408457493,nan
595.99,227.8082733154297,-178.46693420410156,-80.13385772705078,226.0671808082355,-177.89039482782783,-80.14337817669858,1.8340914399133343,0.3300131189303164,0.07230456659556427,3.60607781054618e-05,23.67375852527629,31.348526424256512,nan,nan,nan
596.0,227.80213928222656,-178.45840454101562,-80.13565826416016,226.02053418753144,-177.86451698327224,-80.14458973396053,1.8780039711988947,0.3299434903244506,0.07229479614012774,3.531792209372446e-05,23.955563714528246,30.82393351720234,14.392356688151466,0.4815736071686737,nan
596.01,227.79595947265625,-178.44989013671875,-80.13743591308594,226.01419986128187,-177.85600251572384,-80.14648824177993,1.8781511557248969,0.329996190145632,0.07230973878270136,3.6025523072920225e-05,23.926442490852047,31.53362806022108,nan,nan,nan
596.02,227.78976440429688,-178.44137573242188,-80.13916778564453,226.00784005415687,-177.84750055703418,-80.1486656647072,1.8783057054884127,0.330048975149295,0.07232474172756173,3.5305883350931825e-05,24.162661090062194,31.682384686207733,nan,0.06800345847746592,nan
596.03,227.78353881835938,-178.432861328125,-80.140869140625,226.00145125829607,-177.83898648890084,-80.15049940281753,1.8784611090852512,0.33010184558450456,0.07233980953966491,3.601351570874583e-05,24.13848567874151,31.67415761405015,nan,nan,nan
596.04,227.77728271484375,-178.42433166503906,-80.14253997802734,225.99502603082766,-177.83040544117472,-80.15052861852311,1.8786301034239707,0.330154801499039,0.07235493808657,3.529483323559563e-05,23.328742010059592,30.31714499758106,nan,2.1786991161685703,nan
596.0500000000001,227.77099609375,-178.4158172607422,-80.14417266845703,225.98902153523954,-177.82890305842528,-80.15231142961089,1.8761577352378827,0.3300850820233534,0.07234525155707566,3.598036389836619e-05,24.103911192761903,31.088109134985707,6.305860472848488,nan,nan
596.0600000000001,227.7646942138672,-178.4073028564453,-80.1457748413086,225.98256086023963,-177.8204531785918,-80.15488651140166,1.876292849488175,0.3301378104732915,0.07236040288261628,3.5263451966822317e-05,24.57423598163834,31.349135181317113,nan,0.508946057291127,nan
596.07,227.75836181640625,-178.39878845214844,-80.14734649658203,225.97607003371257,-177.81197237563612,-80.15658322634772,1.876433431669634,0.33019062427080836,0.07237561901278768,3.597033768692065e-05,24.548605837495245,31.389088675574946,nan,nan,nan
596.08,227.7519989013672,-178.39027404785156,-80.14888763427734,225.9695628871057,-177.80355884944225,-80.16014649886374,1.8765499276631687,0.3302435234894027,0.07239089636835729,3.5254278043785456e-05,25.72902417059521,32.664972370696375,nan,2.5040822906191433,nan
596.09,227.74562072753906,-178.3817596435547,-80.150390625,225.96302164362965,-177.79507840642336,-80.16180152664352,1.876695120852868,0.33029650833821933,0.07240623868813134,3.596126232993206e-05,25.711578050585125,32.56533833787456,nan,nan,nan
596.1,227.7392120361328,-178.3732452392578,-80.15187072753906,225.963800536239,-177.7995970245982,-80.16319997816107,1.8658206291219404,0.33022669811572813,0.07239662773929029,3.522475497852136e-05,26.74607624855441,32.70987118015222,14.142632667674274,0.05659341164246865,nan
596.11,227.7327880859375,-178.36471557617188,-80.1533203125,225.95722454423915,-177.79116719798878,-80.16479509192982,1.8659355035176841,0.33027945519644,0.07241199214543281,3.5930982495522754e-05,26.72750328934864,32.0533254461386,nan,nan,nan
596.12,227.72633361816406,-178.356201171875,-80.15473937988281,225.95062499686932,-177.78274332411195,-80.16653429778543,1.8660477300942298,0.33033229763675936,0.07242741823713851,3.5217330931902824e-05,26.971912052772275,32.9221432159931,nan,0.020659442652226467,nan
596.13,227.71986389160156,-178.34768676757812,-80.1561279296875,225.94400089934985,-177.77431408146205,-80.16807566240375,1.86616943302323,0.33038522562661665,0.07244290926726617,3.5923701350310085e-05,26.95451649376038,32.79193652467709,nan,nan,nan
596.14,227.71336364746094,-178.33917236328125,-80.1574935913086,225.9373550175434,-177.7659006342998,-80.17007853011214,1.866281197857276,0.3304382392694329,0.07245846238278644,3.5210746155685e-05,27.437908397561564,33.34238054200615,nan,0.16643048877683358,nan
596.15,227.7068328857422,-178.33065795898438,-80.15882873535156,225.9212057522969,-177.75040906912994,-80.17151283542286,1.8775819343687523,0.3303683385670993,0.07244892599939701,3.5895192387399e-05,27.208933895692052,33.44605263775686,2.4311207843465175,nan,nan
596.16,227.70028686523438,-178.3221435546875,-80.16014099121094,225.91449912060867,-177.74199499071437,-80.17407342128196,1.8777125279826876,0.33042112414794317,0.07246450073290803,3.518374571690695e-05,28.20312822994046,34.27697474191708,nan,0.8376761743231023,nan
596.17,227.69371032714844,-178.31362915039062,-80.16142272949219,225.90776601649787,-177.73354773021157,-80.17552447056102,1.8778419512523516,0.33047399519904574,0.07248014040044051,3.588957631736416e-05,28.185745470818283,34.42597120792981,nan,nan,nan
596.1800000000001,227.68711853027344,-178.3051300048828,-80.16268157958984,225.90100519810454,-177.72504832143375,-80.17517066253784,1.8779913663319805,0.33052695183772096,0.07249584257318498,3.517873494162862e-05,27.036468448379487,33.67632399551894,nan,2.2144577090078394,nan
596.19,227.68051147460938,-178.29661560058594,-80.1639175415039,225.89422726311577,-177.7166016689694,-80.17655517799192,1.8781339555411463,0.33057999423231854,0.07251160987004517,3.588475803536289e-05,27.013231844102204,32.97563661012901,nan,nan,nan
596.2,227.6738739013672,-178.28810119628906,-80.16512298583984,225.88065534037923,-177.71071000094537,-80.17588037634559,1.8839132467772013,0.33051000322819435,0.07250214083006076,3.515328174627974e-05,26.56600664239149,32.18264291850516,4.098098148010807,2.588829837735731,nan
596.21,227.66722106933594,-178.2795867919922,-80.16631317138672,225.873823791816,-177.70228481020098,-80.17719628812542,1.8840567442160416,0.3305628172615451,0.07251792903888271,3.585863785846515e-05,26.53800173961961,32.00201995762294,nan,nan,nan
596.22,227.66053771972656,-178.2710723876953,-80.16747283935547,225.86696612331457,-177.69380263781682,-80.17637499767517,1.8842023999569149,0.33061571681467933,0.07253378014659866,3.514972464590569e-05,25.449968759671236,31.090355279301267,nan,3.129378847497025,nan
596.23,227.65383911132812,-178.26255798339844,-80.16860961914062,225.86009217179935,-177.68537844729897,-80.17762469165953,1.8843422118854514,0.33066870204643983,0.07254969640453368,3.585530681475224e-05,25.42287836715761,30.964861746965223,nan,nan,nan
596.24,227.64712524414062,-178.25405883789062,-80.16972351074219,225.85319555122265,-177.67693050641793,-80.17791892959058,1.8844967548423424,0.33072177308898343,0.07256567593363411,3.514686385752031e-05,25.02682373987312,30.994710436014618,nan,0.6102588471676946,nan
596.25,227.640380859375,-178.24554443359375,-80.17081451416016,225.87837355470313,-177.6791299636491,-80.1790828752973,1.850827776773299,0.33065169201851924,0.07255627207130873,3.583064411728099e-05,24.237676048563962,30.215535420983006,8.588457826228717,nan,nan
596.26,227.6336212158203,-178.23703002929688,-80.17189025878906,225.8714877832735,-177.67068226362352,-80.17902858369027,1.850922737843163,0.3307045344057854,0.07257227197061264,3.512348499713636e-05,23.740878813003906,29.585926813891607,nan,1.0605400909409903,nan
596.27,227.6268310546875,-178.228515625,-80.17293548583984,225.86458390495977,-177.66226587070892,-80.18017161569244,1.851001394524988,0.3307574623950566,0.0725883370634636,3.582867968440316e-05,23.711496306282935,29.801153775222947,nan,nan,nan
596.28,227.6200408935547,-178.2200164794922,-80.17396545410156,225.85766014578573,-177.65384974431225,-80.1812946720381,1.8511035599248733,0.33081047612697184,0.0726044666051566,3.6548182845664157e-05,23.67940976820743,29.90260507710985,nan,nan,nan
596.29,227.61322021484375,-178.2115020751953,-80.17497253417969,225.85071674874834,-177.64543404634006,-80.1823980304849,1.8511905950727459,0.33086357574603137,0.07262066074019186,3.7282138981119365e-05,23.649296031621663,29.550995903334098,nan,nan,nan
596.3000000000001,227.60638427734375,-178.2030029296875,-80.17596435546875,225.84740260981738,-177.64126418667854,-80.1856025775554,1.8465264193658666,0.3307934048172279,0.07261131561240759,3.646600799500025e-05,24.95492611734831,31.045968783041594,1.081123616799594,2.8188112554425104,nan
596.3100000000001,227.59951782226562,-178.19448852539062,-80.17693328857422,225.84042699055303,-177.63286359037517,-80.18668909928898,1.8465964089884774,0.33084627548512524,0.07262752939376706,3.719758769763659e-05,24.92704141621952,30.73552927549903,nan,nan,nan
596.32,227.59263610839844,-178.1859893798828,-80.1778793334961,225.83343159943277,-177.62444445807765,-80.18689288776334,1.8466765953276252,0.3308992318207106,0.07264380708701555,3.640874923830299e-05,24.559412911107906,30.829434495840403,nan,0.48643097279600617,nan
596.33,227.5857391357422,-178.17747497558594,-80.1788101196289,225.82641820730075,-177.61604472750562,-80.18793402859902,1.8467531774512984,0.330952273970453,0.07266015031336637,3.713896843461791e-05,24.53101052401646,30.206196757856812,nan,nan,nan
596.34,227.57882690429688,-178.16897583007812,-80.17972564697266,225.81938730701307,-177.6076818283405,-80.19068073951723,1.8468347697965508,0.3310054020774363,0.0726765578066912,3.635350807539596e-05,25.55111169257861,31.63914836598795,nan,1.9407102703024766,nan
596.35,227.5718994140625,-178.16046142578125,-80.18061828613281,225.82217555079933,-177.60124697815007,-80.19177060055115,1.8369482219782143,0.33093514151461195,0.07266726850204877,3.7058948593964775e-05,25.23283276361974,31.00667607218692,1.2715072952054132,nan,nan
596.36,227.56495666503906,-178.15196228027344,-80.1814956665039,225.81512332269105,-177.59284794321604,-80.19292046621999,1.8370237053300367,0.3309880403769832,0.07268369503826227,3.6277757578647606e-05,25.435283274756223,31.641096890973905,nan,0.013316974256241463,nan
596.37,227.5579833984375,-178.14344787597656,-80.1823501586914,225.80805312072832,-177.58444638871214,-80.1939126388167,1.8370825595366758,0.33104102497795007,0.072700187178215,3.7004580769552635e-05,25.41174731176288,31.391645595294978,nan,nan,nan
596.38,227.55099487304688,-178.13494873046875,-80.18318939208984,225.80096531570442,-177.57604497242383,-80.19488891672758,1.837148263261766,0.3310940954618482,0.07271674390380814,3.6226573516768996e-05,25.537551765828795,31.977805378885954,nan,1.5567330924005507e-07,nan
596.39,227.5439910888672,-178.12644958496094,-80.18401336669922,225.79386025797578,-177.56764383828263,-80.19584892281387,1.83721579248217,0.3311472519731896,0.07273336646504512,3.695227480961553e-05,25.510449392673475,31.89685572288028,nan,nan,nan
596.4,227.53697204589844,-178.11795043945312,-80.18482208251953,225.7800437136555,-177.55144820459634,-80.19510055636313,1.8460302255814445,0.3310769019978759,0.07272412711004668,3.6155034728800885e-05,24.21746469507555,30.857802357150973,3.5552863465481903,2.0510911663823417,nan
596.41,227.52993774414062,-178.10943603515625,-80.18561553955078,225.77289276627985,-177.54302277414948,-80.19601363125126,1.8461146109548834,0.33112982897145404,0.07274076796425011,3.687878031994662e-05,24.189483193586753,30.26504206385556,nan,nan,nan
596.42,227.52288818359375,-178.10093688964844,-80.18639373779297,225.7657253584977,-177.53458849333992,-80.1963666064687,1.8462045276757433,0.33118284175231316,0.07275747370261976,3.610781173597074e-05,23.973131791900457,30.531171548521762,nan,0.1968285051712145,nan
596.4300000000001,227.5158233642578,-178.09243774414062,-80.18714904785156,225.75854104367477,-177.5261642581944,-80.19724449862522,1.8462959495286082,0.331235940485358,0.0727742453690641,3.683058788444739e-05,23.94704096917736,30.513154776698602,nan,nan,nan
596.44,227.50872802734375,-178.0839385986328,-80.18789672851562,225.75134061776873,-177.51773320247716,-80.1976629760378,1.8463733202034827,0.33128912531435745,0.07279108225433284,3.606250628114172e-05,23.78518471126953,30.57530661136115,nan,0.13169305192230282,nan
596.45,227.5016326904297,-178.075439453125,-80.18862915039062,225.74346145208227,-177.51876492459783,-80.19850126317479,1.844220727753013,0.33121868615211153,0.07278188925102906,3.6761333170948874e-05,24.814341827628883,30.523455503920054,9.64820136769709,nan,nan
596.46,227.4945068359375,-178.0669403076172,-80.18934631347656,225.7362305069876,-177.51036664227843,-80.19825146785807,1.844285551553428,0.3312716411509777,0.0727987437631377,3.599699309013803e-05,24.327896431366046,30.31836815043937,nan,0.7798099273898335,nan
596.47,227.4873809814453,-178.05844116210938,-80.19004821777344,225.72898304475163,-177.50198549170545,-80.19905893817946,1.8443663979739802,0.3313246820265221,0.07281566430704851,3.6717129824065575e-05,24.298870467358487,30.00026782795703,nan,nan,nan
596.48,227.480224609375,-178.04994201660156,-80.19073486328125,225.72172150630192,-177.49358193384577,-80.19829443746306,1.844431308659527,0.3313778089209661,0.07283265034311298,3.595548551366344e-05,23.638862585485068,29.619486725051694,nan,1.623978272747734,nan
596.49,227.4730987548828,-178.04144287109375,-80.19140625,225.7144573744667,-177.48520181078962,-80.19906035082882,1.8445276379983269,0.3314310219816193,0.0728497026611943,3.6674852246433264e-05,23.610758583178857,29.277318805558533,nan,nan,nan
596.5,227.46603393554688,-178.03294372558594,-80.19207000732422,225.6850902480951,-177.46925698416936,-80.19948674530133,1.8680359119474674,0.33136049385815997,0.07284055059804936,3.589385849254793e-05,24.050107613765217,29.661174036595607,3.984947520555087,0.06818963830690482,nan
596.51,227.45909118652344,-178.02444458007812,-80.19271850585938,225.67792811068622,-177.4608725428466,-80.20022409522718,1.8682108226179748,0.33141347679786937,0.07285761977083899,3.6611620379899564e-05,24.023665214708615,29.398906727388294,nan,nan,nan
596.52,227.45225524902344,-178.01596069335938,-80.19335174560547,225.67087991079308,-177.45249735198644,-80.20161874729605,1.8683836265722955,0.3314665456784115,0.07287475469299319,3.5856013571797234e-05,24.356429861440116,30.508585304944823,nan,0.30114777225903455,nan
596.53,227.445556640625,-178.00746154785156,-80.1939697265625,225.66395734207404,-177.44411382433387,-80.2023389418628,1.8685627530148878,0.33151970064943787,0.07289195601666332,3.657313230195544e-05,24.33340788143371,29.830798370849585,nan,nan,nan
596.54,227.43898010253906,-177.99896240234375,-80.194580078125,225.65716194480584,-177.43574215787177,-80.20398938763083,1.868737950092597,0.3315729418495486,0.07290922340880089,3.5819934255100966e-05,24.857465219899364,30.45919879442753,nan,0.5972259304483322,nan
596.5500000000001,227.4325408935547,-177.99046325683594,-80.19517517089844,225.6492364085885,-177.41008464743177,-80.20465898955334,1.87539440096495,0.33150232499874316,0.0729001082076949,3.6513756076679286e-05,23.18513270264762,29.886160640785434,27.359685734086113,nan,nan
596.5600000000001,227.4262237548828,-177.9819793701172,-80.19576263427734,225.64269443236958,-177.40162990219383,-80.20528116091018,1.8755993579473973,0.33155533578701274,0.07291739173217489,3.5763796599963e-05,23.220376030797052,30.56473387569352,nan,0.0036130254138312637,nan
596.57,227.4200439453125,-177.97348022460938,-80.19633483886719,225.63627845903142,-177.39317588935333,-80.20596501155377,1.875810537285289,0.3316084325895219,0.07293474178531492,3.647890167100945e-05,23.196631269341033,29.79908835546297,nan,nan,nan
596.58,227.41397094726562,-177.96498107910156,-80.1968994140625,225.62998668830429,-177.38472116946608,-80.20660543673353,1.8760052254266548,0.33166161554205775,0.07295215814435634,3.5731169958592394e-05,23.257286095558104,30.143286731559133,nan,0.0007310802671976795,nan
596.59,227.40802001953125,-177.95648193359375,-80.19744873046875,225.62381661128953,-177.3762664098293,-80.20726806794391,1.8762004891234538,0.3317148847986561,0.07296964129609051,3.644579484677333e-05,23.232760025689934,30.129780192376717,nan,nan,nan
596.6,227.40219116210938,-177.94798278808594,-80.19799041748047,225.62759216007814,-177.3745424656764,-80.20774296414866,1.8649746736998696,0.33164417944521785,0.07296055784688506,3.567852412151536e-05,23.370814058590742,29.988468496129357,1.8029272066563615,0.013293205019005952,nan
596.61,227.396484375,-177.93948364257812,-80.19852447509766,225.62167481705694,-177.36610377408257,-80.20838342769375,1.865157001302652,0.3316972180012136,0.07297805633332485,3.639183063671931e-05,23.342954261663458,29.8761816165372,nan,nan,nan
596.62,227.3907470703125,-177.93099975585938,-80.19914245605469,225.61579894704664,-177.35766476943795,-80.20909372913925,1.8652755492891273,0.3317503426273829,0.07299562135027643,3.564919206770744e-05,23.41161596699493,30.53052443384734,nan,0.0005294336380175067,nan
596.63,227.3849639892578,-177.92250061035156,-80.19985961914062,225.60989042052745,-177.34922494691395,-80.20986967406186,1.8653770026175696,0.33180355348081336,0.07301325329791099,3.636212183151985e-05,23.351958572172457,30.138274096231704,nan,nan,nan
596.64,227.379150390625,-177.91400146484375,-80.2006607055664,225.6039488004803,-177.3407878949906,-80.21112573603483,1.8654822430617597,0.33185685069254606,0.07303095208359794,3.562144257736488e-05,23.633435736596986,30.459533508622428,nan,0.1024313771575101,nan
596.65,227.37330627441406,-177.90550231933594,-80.2015609741211,225.5358072493983,-177.31219374025088,-80.21230671933392,1.9309410161861578,0.33178605708197745,0.07302189598759232,3.6311578036007336e-05,25.196228941153148,31.409778057031858,33.59664959952558,nan,nan
596.66,227.36744689941406,-177.89700317382812,-80.2025375366211,225.52970569513863,-177.30372909264838,-80.21192237884068,1.931153785837593,0.3318391233039541,0.07303960933493414,3.557367245918593e-05,24.457251216029825,30.582473067099286,nan,1.4211868067954723,nan
596.67,227.36154174804688,-177.8885040283203,-80.20361328125,225.52356960690804,-177.295275550087,-80.21305539623292,1.9313598247154309,0.33189227567570145,0.07305738975563263,3.6285095065758565e-05,24.402812726924044,30.646995219891217,nan,nan,nan
596.6800000000001,227.35560607910156,-177.87998962402344,-80.20476531982422,225.51740567280206,-177.28681286716855,-80.21308715718558,1.9315560182323532,0.33194551432517166,0.07307523722362852,3.5548982647626116e-05,23.85980194349067,29.674023751271502,nan,0.9675920819033351,nan
596.69,227.34963989257812,-177.87149047851562,-80.20600891113281,225.51120857021158,-177.2783583677601,-80.21438355613711,1.9317622945245279,0.33199883941427727,0.07309315203916872,3.626015857071378e-05,23.810334047839465,30.143543896806815,nan,nan,nan
596.7,227.34364318847656,-177.8629913330078,-80.20733642578125,225.5051103417699,-177.25844113250415,-80.21577205561711,1.9353953428690178,0.3319279577776927,0.07308411843484454,3.6962413901906024e-05,22.708548728390554,30.01297820295376,11.688966214486282,nan,nan
596.71,227.33761596679688,-177.8544921875,-80.20874786376953,225.49885242968037,-177.24993912844147,-80.21723953634165,1.9356156269128706,0.3319810515902015,0.07310204698674722,3.770151371197597e-05,22.659962488768905,29.995665456660692,nan,nan,nan
596.72,227.33157348632812,-177.8459930419922,-80.21024322509766,225.52990075618598,-177.23500676437334,-80.21901493402653,1.9024736005668823,0.3284649229840037,0.07301413056118508,3.687791573228612e-05,25.233203769955463,32.381379313250825,nan,0.02521627044904062,0.3905443737396307
596.73,227.3254852294922,-177.83749389648438,-80.2118148803711,225.52360373617034,-177.22646825547645,-80.22065180294115,1.9026842463071518,0.32851453866939967,0.07303098821852863,3.7615034136251393e-05,25.17538775811247,32.60604942683231,nan,nan,nan
596.74,227.3193817138672,-177.82899475097656,-80.2134780883789,225.5173482042448,-177.2179121890686,-80.22129464543032,1.9028420233519414,0.328564232307129,0.07304790622158806,3.679806641145625e-05,24.713314235603473,31.903063424369638,nan,0.7381393539899508,nan
596.75,227.31324768066406,-177.8204803466797,-80.2152099609375,225.51265501645443,-177.20987751054565,-80.22311577806909,1.901323819827907,0.3285005957438588,0.07303855736015938,3.7509447322343144e-05,24.655614666912367,31.408044778571913,0.07262394711122261,nan,nan
596.76,227.3070831298828,-177.81198120117188,-80.21702575683594,225.5063250826459,-177.20132666765616,-80.22422290675,1.9014942290100891,0.32855007952802,0.07305548574644129,3.6698349519652824e-05,24.35418315427614,31.708203685677727,nan,0.37341238098867846,nan
596.77,227.30088806152344,-177.80348205566406,-80.21891784667969,225.49991854122126,-177.19278769728996,-80.22616533714796,1.901707479746949,0.3285996541668042,0.07307247537271021,3.7430996822116426e-05,24.299250423872028,31.72783702527022,nan,nan,nan
596.78,227.294677734375,-177.79498291015625,-80.22086334228516,225.49344584867194,-177.18425811893837,-80.2287925522144,1.9019684406034778,0.32864930714809726,0.07308952565114732,3.662457491901918e-05,24.566727264187872,31.86242628049938,nan,0.2456161915384604,nan
596.79,227.28842163085938,-177.78648376464844,-80.22281646728516,225.48698569934882,-177.17571937187157,-80.23083984033008,1.902174790427109,0.32869905106295283,0.07310663742720097,3.735561676599819e-05,24.526157097149127,32.09659825011848,nan,nan,nan
596.8000000000001,227.2821502685547,-177.77798461914062,-80.2247543334961,225.48816117880222,-177.16310600772607,-80.23182845675159,1.8964500004339229,0.32863532280218477,0.07309732225504363,3.653109001194596e-05,23.1912370878435,31.441009284825434,9.193951647767896,0.9314721017317421,nan
596.8100000000001,227.27586364746094,-177.7694854736328,-80.22666931152344,225.4816651425277,-177.15453877839985,-80.23384299434761,1.8966705498867886,0.32868485636575046,0.07311444392756296,3.725971412220251e-05,23.15595387177507,31.210742965854266,nan,nan,nan
596.82,227.26953125,-177.76097106933594,-80.22854614257812,225.47523506588547,-177.1459510113655,-80.23433534130555,1.8967820072047894,0.3287344686452245,0.07313162654655528,3.646317448671747e-05,22.647922713206604,30.452485218706467,nan,1.448601780333306,nan
596.83,227.26318359375,-177.75247192382812,-80.23039245605469,225.46868815253174,-177.1373838102603,-80.23627396203308,1.896992848726139,0.32878417136290977,0.07314887084002503,3.719040487046834e-05,22.61192936351662,30.852959888313546,nan,nan,nan
596.84,227.25682067871094,-177.7439727783203,-80.2322006225586,225.4621862793781,-177.1288015903171,-80.2370170593904,1.8971482324483164,0.328833953285806,0.07316617639472751,3.639806925553269e-05,22.272921170362967,30.394051849517805,nan,0.8794966044263597,nan
596.85,227.2504119873047,-177.7354736328125,-80.23397064208984,225.4824404749586,-177.13414792012614,-80.23892643799253,1.8674422189503275,0.3287701452338576,0.07315689197970189,3.710069417565874e-05,22.166378700858488,30.335137028183077,7.527690143894613,nan,nan
596.86,227.24400329589844,-177.7269744873047,-80.23571014404297,225.47599826737638,-177.12557955491675,-80.23846577126358,1.8674916971870414,0.3288197167633721,0.07317420698232176,3.63133933870137e-05,21.667593661530145,29.387652353778204,nan,3.4234193090585823,nan
596.87,227.237548828125,-177.71847534179688,-80.23741912841797,225.46939626192847,-177.11703994153407,-80.24023500051226,1.8676444969994463,0.3288693782517328,0.07319158384032057,3.7037209538076e-05,21.625417990450007,29.673019345413437,nan,nan,nan
596.88,227.2310791015625,-177.70997619628906,-80.23908996582031,225.46274264223945,-177.10850614180237,-80.24244524413719,1.8678306448144602,0.32891911929345896,0.07320902223910532,3.625381305951368e-05,21.675377125531483,29.631096581860643,nan,0.14785341389365672,nan
596.89,227.22459411621094,-177.70147705078125,-80.24072265625,225.4560930415893,-177.09996685538434,-80.24415310121876,1.8679995540837284,0.3289689503906021,0.07322652276010302,3.69765129600013e-05,21.63727931615244,29.520491087203983,nan,nan,nan
596.9,227.21807861328125,-177.69297790527344,-80.24232482910156,225.40720610941798,-177.07382178636811,-80.24585051691822,1.9137988283256149,0.32890505145923976,0.07321726496304767,3.617473875318639e-05,22.306421664315124,30.311665705171816,15.704413722310308,0.00010845596409723586,nan
596.91,227.21153259277344,-177.68447875976562,-80.24390411376953,225.40043977105813,-177.0652595196369,-80.2474958305098,1.9140278411359253,0.32895467168425024,0.07323477441006203,3.689550581738251e-05,22.2669841621172,30.291614931135744,nan,nan,nan
596.92,227.20497131347656,-177.6759796142578,-80.24544525146484,225.39355689999869,-177.05671550954045,-80.25077615576527,1.9143507064504806,0.3290043717921649,0.07325234566722005,3.6120437543863486e-05,22.659224056662378,30.656076966015846,nan,1.836871901135773,nan
596.9300000000001,227.19839477539062,-177.66748046875,-80.24695587158203,225.3867451519117,-177.04815374726456,-80.25237708538722,1.9145937782611648,0.3290541615007245,0.07326997923385706,3.684026112894032e-05,22.625979885430137,30.52005321170361,nan,nan,nan
596.94,227.19178771972656,-177.6589813232422,-80.2484359741211,225.37991266800313,-177.03959192843564,-80.25392042627038,1.9148275391460172,0.32910403156223306,0.07328767491747379,3.6068661292087876e-05,22.61757381689814,30.631899525511717,nan,0.0005200734138257033,nan
596.95,227.18515014648438,-177.65048217773438,-80.24988555908203,225.38485733621036,-177.03264551519197,-80.25558411511845,1.9033677568580243,0.3290400516077257,0.0732784404638882,3.6764754940642934e-05,22.104104716067365,30.59587496193825,3.311638002869183,nan,nan
596.96,227.17849731445312,-177.64198303222656,-80.25130462646484,225.377983494671,-177.02407977835284,-80.25742709794592,1.9035997297307898,0.3290897107269551,0.0732961445720704,3.599742761751943e-05,22.217241979904543,30.634858245369497,nan,0.0711281980404758,nan
596.97,227.1718292236328,-177.63348388671875,-80.25270080566406,225.37110579578305,-177.0155110487008,-80.25891906306846,1.9038208841327737,0.329139459009448,0.07331391117927544,3.6714695095222335e-05,22.184770326352762,30.443026401855846,nan,nan,nan
596.98,227.16514587402344,-177.62498474121094,-80.25406646728516,225.3641762808499,-177.00694777479325,-80.26095757511972,1.9040768510650017,0.32918928794706165,0.07333174016066338,3.59505634479091e-05,22.408686498342615,30.62082496170681,nan,0.21991086128678372,nan
596.99,227.15843200683594,-177.61648559570312,-80.25540161132812,225.3572564023918,-176.9983794459014,-80.26240163349748,1.9042945598771575,0.3292392061644535,0.07334963191498706,3.666711048316636e-05,22.379893123599523,30.77183123677457,nan,nan,nan
597.0,227.1516876220703,-177.6079864501953,-80.2567138671875,225.3247436615202,-176.9827053716388,-80.26434634252831,1.9309994606087326,0.32917513603601,0.0733404167818426,3.5884260351285585e-05,23.433065943913803,31.567326200925,7.273478198718418,0.20714164419511516,nan
597.01,227.1449432373047,-177.5994873046875,-80.25800323486328,225.31773816688133,-176.97413886946555,-80.26574351040956,1.9312687401500896,0.32922484285316655,0.0733583164025542,3.65992637934578e-05,23.40429433319503,31.243107952241854,nan,nan,nan
597.02,227.13816833496094,-177.59100341796875,-80.25926208496094,225.31079931039775,-176.965558712466,-80.2654185259578,1.931449334914115,0.329274630608205,0.07337627864603652,3.584204958492531e-05,22.78030100905842,31.442018689059935,nan,1.9380026200180005,nan
597.03,227.13137817382812,-177.58250427246094,-80.260498046875,225.30375352849927,-176.9569927129521,-80.26674988382565,1.931713136249239,0.3293245072317643,0.07339430385601324,3.655647104396541e-05,22.7496071931306,30.678654022153253,nan,nan,nan
597.04,227.1245574951172,-177.57400512695312,-80.26170349121094,225.29664025327634,-176.9484345101523,-80.26900921716043,1.9320127880672178,0.32937446524246994,0.07341239198955107,3.5802058553033726e-05,23.128307983434684,31.263482921508732,nan,0.6108164185825056,nan
597.0500000000001,227.1177215576172,-177.5655059814453,-80.26289367675781,225.3079345289844,-176.94304077475368,-80.27038993198762,1.9138568954839996,0.32931031296194774,0.07340319264766149,3.64934142611834e-05,22.40296045612232,30.77215565636166,5.70483355947651,nan,nan
597.0600000000001,227.11087036132812,-177.5570068359375,-80.26405334472656,225.30078275374956,-176.93447904068861,-80.27330418058293,1.9141691620468075,0.3293600594739364,0.07342128809643848,3.574259211072784e-05,23.214702276195617,31.595926931576756,nan,1.8235760860607366,nan
597.07,227.10400390625,-177.54852294921875,-80.26519775390625,225.29369264936258,-176.92590597240684,-80.27457045644547,1.9144102470945439,0.32940989446103186,0.07343944670612773,3.645514097557053e-05,23.18633613585447,32.062502995061394,nan,nan,nan
597.08,227.09710693359375,-177.54002380371094,-80.26631164550781,225.2866153153123,-176.9173287179509,-80.27515995215579,1.9146037089245378,0.32945981108996497,0.07345766847791449,3.5706877414294425e-05,22.92644344055001,31.410918813407605,nan,0.29074486079074013,nan
597.09,227.0902099609375,-177.53152465820312,-80.26741027832031,225.27948796940413,-176.9087561509289,-80.27637638439504,1.9148459821440706,0.3295098163315241,0.07347595368989011,3.6419019782556816e-05,22.89965898259855,31.028352135395313,nan,nan,nan
597.1,227.08328247070312,-177.52304077148438,-80.26847839355469,225.23959774280436,-176.89283424404465,-80.27467625841236,1.9484280989155234,0.3294455744668172,0.07346676617502373,3.565166566090404e-05,22.93499945796521,31.425670177093973,14.239804036189648,5.420115609031818,nan
597.11,227.0763397216797,-177.51454162597656,-80.26953125,225.23237617257539,-176.88427110935416,-80.27582195707365,1.9487129258934706,0.3294953677731188,0.07348505810714949,3.636257069768175e-05,22.905201162409604,30.64595765447139,nan,nan,nan
597.12,227.0693817138672,-177.50604248046875,-80.27056121826172,225.2252269710202,-176.87569698958026,-80.27499073353835,1.9489129724167018,0.32954524295657417,0.07350341343257648,3.561996883361529e-05,22.32742040805032,30.053387889333703,nan,2.608295141626757,nan
597.13,227.06239318847656,-177.49755859375,-80.27156829833984,225.21797002037312,-176.86713462535002,-80.2760770626266,1.949192533313559,0.3295952063856032,0.07352183239473162,3.633057619048076e-05,22.293544410564756,30.823930151879292,nan,nan,nan
597.14,227.05540466308594,-177.4890594482422,-80.2725601196289,225.21073839517538,-176.85856759370856,-80.27619222088497,1.9494426923507766,0.3296452521198442,0.07354031504645003,3.559018365950848e-05,22.06490073538557,29.692192791995907,nan,0.6182510409302299,nan
597.15,227.0483856201172,-177.48057556152344,-80.27352905273438,225.19004419024364,-176.84516908645304,-80.27722832195396,1.9639724904230729,0.32958092708363546,0.07353113564378598,3.627821765262639e-05,22.350076700975073,30.80619442172014,1.6174616849535783,nan,nan
597.16,227.04135131835938,-177.47207641601562,-80.27448272705078,225.1827365330215,-176.83660092632124,-80.2776998885006,1.9642526233676325,0.32963076075647907,0.07354962441768033,3.5540816001246955e-05,22.224353568579023,29.96116368705275,nan,0.20589994671097242,nan
597.17,227.03431701660156,-177.46359252929688,-80.2754135131836,225.17538776906645,-176.82803603519372,-80.27869632067781,1.964576489058955,0.3296806823253872,0.07356817702456064,3.625008374065528e-05,22.190249768419346,30.42481379050121,nan,nan,nan
597.1800000000001,227.02725219726562,-177.45509338378906,-80.27632904052734,225.16811539172517,-176.81946193611495,-80.27751314650976,1.9647947478284977,0.32973068640717434,0.07358679354386137,3.551467886321261e-05,21.89321621125643,29.583850489411237,nan,3.2030856989801952,nan
597.19,227.02017211914062,-177.4466094970703,-80.2772216796875,225.16073359790786,-176.81089803604326,-80.27845304776805,1.9651061529069573,0.32978077854360976,0.07360547417940318,3.622378367163075e-05,21.85494251478945,30.224669280072103,nan,nan,nan
597.2,227.01307678222656,-177.43812561035156,-80.2780990600586,225.15842740251333,-176.80493319159487,-80.27977152340584,1.9597601276623866,0.32971636439913676,0.07359629894279097,3.546891181468614e-05,21.852268260880372,30.056871168414677,0.3542088125663181,0.13476638611223415,nan
597.21,227.00596618652344,-177.42962646484375,-80.2789535522461,225.1510216241338,-176.7963749788515,-80.28068112991214,1.960058611005013,0.3297662440587252,0.07361498506827736,3.6177014879022354e-05,21.817244813564457,29.462449489030664,nan,nan,nan
597.22,226.9988250732422,-177.421142578125,-80.27980041503906,225.14361088925088,-176.787816185865,-80.2813094849637,1.9603377935722262,0.3298162064201677,0.07363373532274907,3.5446174252995096e-05,21.75806477176788,30.05872224213581,nan,0.04827769651653138,nan
597.23,226.99168395996094,-177.41265869140625,-80.28062438964844,225.13617377437896,-176.77925884592912,-80.28218416648865,1.9606416923937697,0.3298662565123331,0.07365254989031955,3.6154198082536837e-05,21.721236980338748,29.917463549497818,nan,nan,nan
597.24,226.98452758789062,-177.4041748046875,-80.28143310546875,225.1286511512753,-176.7707078944457,-80.28479498035296,1.9610122326385406,0.3299163897136459,0.07367142887983281,3.542505019679397e-05,21.933300245484787,30.107589563987084,nan,2.11384608657514,nan
597.25,226.97735595703125,-177.3956756591797,-80.2822265625,225.1021985441313,-176.76013113074836,-80.2855846081081,1.979935212890283,0.3298518914891449,0.07366225396276392,3.611085556077285e-05,22.831570173995246,29.949300076918554,6.9005616270454615,nan,nan
597.26,226.9701690673828,-177.38719177246094,-80.28300476074219,225.09468846053406,-176.75158831324512,-80.28624158321571,1.9802600185462025,0.32990181206122454,0.07368113780002261,3.538418095194716e-05,22.77693288159403,30.493394854709628,nan,0.024418579037989042,nan
597.27,226.9629669189453,-177.3787078857422,-80.28376770019531,225.08715599103937,-176.74304647838102,-80.28707043540555,1.9805915707484003,0.32995182005676477,0.07370008614604491,3.609127079766189e-05,22.74474730615067,30.455017577224123,nan,nan,nan
597.28,226.95574951171875,-177.37022399902344,-80.28451538085938,225.07958626444494,-176.73450665411818,-80.28848092191383,1.9809444208635056,0.33000191132406603,0.07371909912360526,3.5366106596376115e-05,22.84894106051495,30.564968808671264,nan,0.24539389604404896,nan
597.29,226.94851684570312,-177.3617401123047,-80.28524780273438,225.07202493021393,-176.72596573409223,-80.28928745910775,1.9812741576347708,0.3300520901937534,0.07373817689604814,3.6073217735351875e-05,22.81855321475432,30.542066336673606,nan,nan,nan
597.3000000000001,226.94126892089844,-177.35325622558594,-80.28596496582031,225.04268619452523,-176.7033135618392,-80.29153416181138,2.006756799162498,0.3299875032288711,0.0737289983430879,3.5328225117901315e-05,23.059875836114962,31.55359192278825,7.140571437774072,1.534906282320877,nan
597.3100000000001,226.9340057373047,-177.3447723388672,-80.28666687011719,225.03506254159612,-176.69474046260478,-80.29232741691722,2.0071269871323953,0.3300374690739157,0.07374808029400497,3.6034511042927215e-05,23.033379989837094,31.541500493831144,nan,nan,nan
597.32,226.92674255371094,-177.33628845214844,-80.287353515625,225.0274294854795,-176.68616760329746,-80.2929833187099,2.007505652283001,0.3300875183358129,0.0737672270806024,3.531296905113634e-05,23.004918510334015,31.41758818449785,nan,0.010711987795147546,nan
597.33,226.91944885253906,-177.3278045654297,-80.28802490234375,225.0197783156177,-176.677595560315,-80.29374953447018,2.0078726729034,0.33013765491686864,0.07378643885713422,3.601933910037434e-05,22.979592925882187,31.525602581700646,nan,nan,nan
597.34,226.9121551513672,-177.31932067871094,-80.28868865966797,225.01205559574714,-176.66902659215117,-80.29615202003649,2.0083118338619843,0.3301878753024104,0.07380571575997968,3.529904754874918e-05,23.61110308789665,31.9454295921066,nan,1.886440470303397,nan
597.35,226.9049072265625,-177.3108367919922,-80.28933715820312,225.01027551828727,-176.6605005231906,-80.29683032331435,2.003153194352362,0.33012320345727286,0.07379652963465165,3.598344599840668e-05,23.260290578484117,31.80636456410775,1.1333250599191744,nan,nan
597.36,226.8977508544922,-177.30235290527344,-80.28997039794922,225.00272635972095,-176.6519236259918,-80.29731080941463,2.0035543328720307,0.3301732106414897,0.07381581003192154,3.5265188624430916e-05,23.193666122399847,31.80601179319355,nan,0.04841882923083855,nan
597.37,226.89071655273438,-177.2938690185547,-80.29059600830078,224.99527665853458,-176.64334755515833,-80.29804066108748,2.0039775422191215,0.3302233048769944,0.07383515561226542,3.597092471808823e-05,23.173306979278177,31.66722738739187,nan,nan,nan
597.38,226.88381958007812,-177.28538513183594,-80.29120635986328,224.98793301478017,-176.63477228697448,-80.29928685416236,2.0044321482065985,0.33027348303763976,0.07385456651719847,3.5253764386748284e-05,23.452324736227975,31.912837109260206,nan,0.19381633504419046,nan
597.39,226.87704467773438,-177.27691650390625,-80.29180145263672,224.9807368580466,-176.62619681091945,-80.29999931080124,2.0048657488042125,0.33032374844752954,0.07387404289329931,3.595965697833786e-05,23.43494032481292,32.6694020760601,nan,nan,nan
597.4,226.8704071044922,-177.2684326171875,-80.29238891601562,224.95233478005716,-176.60827794672892,-80.3004453702001,2.0285143670050516,0.3302589881305499,0.07386484521416978,3.522233491066882e-05,23.698699433098934,32.51940533894798,4.167202609865354,0.06893118326797544,nan
597.41,226.8638916015625,-177.25994873046875,-80.29296875,224.9453663548283,-176.59968901710974,-80.30113406800075,2.0289772507003287,0.3303090399621628,0.07388432437876492,3.59275304642586e-05,23.679543830678135,32.50047082732687,nan,nan,nan
597.42,226.85751342773438,-177.25146484375,-80.29352569580078,224.93852964250866,-176.59110004713938,-80.30175183827401,2.029445269521159,0.33035917582356045,0.0739038690614416,3.521319827424865e-05,23.71384591241452,32.665043142410646,nan,0.0025388984888024273,nan
597.4300000000001,226.8511199951172,-177.24298095703125,-80.29418182373047,224.93174323679855,-176.58251101854697,-80.30247089878992,2.029851321841214,0.3304093986882672,0.07392347940686012,3.5918596195902086e-05,23.66979008698993,32.45876255159492,nan,nan,nan
597.44,226.8446807861328,-177.2344970703125,-80.29492950439453,224.92494803671795,-176.5739219107984,-80.30277184856205,2.030220400081006,0.33045970595231655,0.07394315555944486,3.520514275020896e-05,23.467500788558883,32.41288797729362,nan,0.18233923665064852,nan
597.45,226.83822631835938,-177.2260284423828,-80.29576873779297,224.92721533618771,-176.55815566282655,-80.30367214175203,2.024371380811101,0.33039486005755764,0.07393394233195502,3.5888732875614294e-05,22.28550668218122,32.84716631243376,11.932144306388007,nan,nan
597.46,226.83175659179688,-177.21754455566406,-80.29669189453125,224.92035341043675,-176.54952781086644,-80.30545469454086,2.0247926510405074,0.33044495354466286,0.07395362054931637,3.517694783704939e-05,22.692126086686148,32.57147330526659,nan,0.43918255076965074,nan
597.47,226.82525634765625,-177.2090606689453,-80.2977066040039,224.913491234291,-176.54090009809278,-80.30654209873181,2.025182081465643,0.33049513380290646,0.07397336461852484,3.588192610948544e-05,22.64890482449056,32.54109336713849,nan,nan,nan
597.48,226.8187255859375,-177.20057678222656,-80.29881286621094,224.90659466680907,-176.53227190330796,-80.30809738027612,2.025577020326497,0.33054539854305265,0.07399317468339602,3.5170893368217074e-05,22.887969724002083,32.77821914630274,nan,0.10051596132386333,nan
597.49,226.8121795654297,-177.1920928955078,-80.30000305175781,224.89968590035517,-176.5236437838917,-80.309364955403,2.0259673933729507,0.33059575026960314,0.07401305088948476,3.587612373741198e-05,22.844297218670626,32.71573460586305,nan,nan,nan
597.5,226.8056182861328,-177.18360900878906,-80.30127716064453,224.87179184334514,-176.50918710697368,-80.31062472329178,2.0480764120023833,0.3305308160828956,0.07400381809787221,3.514463216743472e-05,23.468520050943457,33.38926088528351,4.921729782264057,0.028804656185085296,nan
597.51,226.7990264892578,-177.1751251220703,-80.30262756347656,224.86480136053115,-176.5005582629542,-80.31206453062937,2.04850100130913,0.3305809536720692,0.07402369562676478,3.584925495938119e-05,23.431515158064,33.54793614214159,nan,nan,nan
597.52,226.7924041748047,-177.16664123535156,-80.30406951904297,224.857775598093,-176.49192896080524,-80.31406145030603,2.0489324590974873,0.3306311758114169,0.0740436393355595,3.51403935436161e-05,23.75318564347146,33.751651039827955,nan,0.15638563214818998,nan
597.53,226.78578186035156,-177.1581573486328,-80.30559539794922,224.85074047229602,-176.48330034535172,-80.31567432031491,2.049370325988324,0.3306814847244831,0.07406364937238004,3.584530083948644e-05,23.712072589037927,33.549817793668346,nan,nan,nan
597.54,226.77911376953125,-177.14968872070312,-80.30719757080078,224.8436998945147,-176.4746726520658,-80.31674998955906,2.0497718919990193,0.3307318785411028,0.07408372587724071,3.513701180208557e-05,23.438546678079717,34.20227045406758,nan,0.2692257234832123,nan
597.5500000000001,226.77244567871094,-177.14120483398438,-80.30888366699219,224.83011120583757,-176.46494581041026,-80.3184696153459,2.05671615977595,0.33066685817409214,0.07407446949293386,3.58202128848724e-05,23.650536911366306,33.46630063818624,0.6881870095911987,nan,nan
597.5600000000001,226.7657470703125,-177.13272094726562,-80.3106460571289,224.82304942000601,-176.45632319848144,-80.31838403519036,2.0570969717957217,0.3307170376351965,0.07409454655923157,3.5113293363681e-05,22.756426099007086,32.6617139089181,nan,2.629978484882036,nan
597.57,226.75901794433594,-177.12423706054688,-80.31248474121094,224.8159177647184,-176.4476975574684,-80.32029538257893,2.057524000679944,0.3307673036693431,0.07411469013747662,3.5817927362696495e-05,22.719975275927656,32.72417397451503,nan,nan,nan
597.58,226.75228881835938,-177.11575317382812,-80.31440734863281,224.80875874411817,-176.43907155437915,-80.32256223507048,2.057978052786991,0.3308176546558266,0.0741349003636795,3.511147825703839e-05,22.87755065133671,32.641822800500684,nan,0.05368368180942001,nan
597.59,226.7455291748047,-177.10726928710938,-80.31637573242188,224.8015861014836,-176.430446197041,-80.3246207759793,2.058414960183208,0.3308680924459546,0.07415517739194047,3.581642872809241e-05,22.847906680974663,32.7709859849031,nan,nan,nan
597.6,226.73873901367188,-177.09878540039062,-80.318359375,224.8157424930263,-176.42367528688578,-80.32562671883848,2.0380731336382296,0.33080298389013946,0.07414589336298522,3.508926401215313e-05,21.509760154924642,31.684983317232867,7.7558125547768615,0.8488746694362994,nan
597.61,226.73194885253906,-177.09031677246094,-80.32032012939453,224.80856867718475,-176.41503531603118,-80.32770048587501,2.0384922894153052,0.3308532069786997,0.07416617017548256,3.579366613735357e-05,21.491583959529105,32.298055821304175,nan,nan,nan
597.62,226.72512817382812,-177.0818328857422,-80.32225036621094,224.80138719687687,-176.40639688921783,-80.32922514678164,2.038882482971055,0.33090351505590965,0.07418651381200297,3.508885581666009e-05,21.322332572755496,31.537122261427022,nan,0.19591502099222802,nan
597.63,226.71827697753906,-177.07334899902344,-80.32415008544922,224.79417429162322,-176.39775759133826,-80.3312433937945,2.039275658440975,0.33095390975294736,0.07420692443166224,3.579359641789901e-05,21.30731244074257,31.53530498030831,nan,nan,nan
597.64,226.71142578125,-177.0648651123047,-80.32601165771484,224.78698349006442,-176.3891232618381,-80.33136264565549,2.0396406089425563,0.3310043897778978,0.07422740216299031,3.5089111089165254e-05,20.684433228219433,30.79900906474639,nan,2.44572609658231,nan
597.65,226.7045440673828,-177.056396484375,-80.32784271240234,224.81503496775295,-176.38887220589547,-80.33350053336856,2.0039624025619243,0.33093919452524706,0.0742180864447673,3.577220192324656e-05,19.706254659022353,30.68835513661339,15.319921405665804,nan,nan
597.66,226.69766235351562,-177.04791259765625,-80.32963562011719,224.80779978825635,-176.38022650765114,-80.33669463462229,2.004354025625331,0.3309894596135997,0.07423856316319469,3.506884684335392e-05,20.199051183330678,30.293057741945272,nan,1.1745885400740614,nan
597.67,226.6907501220703,-177.0394287109375,-80.3313980102539,224.80057375139432,-176.37158467975155,-80.33857453366646,2.0047029367816176,0.33103981114816333,0.07425910704265462,3.577340805589499e-05,20.184181047616338,30.276310673019356,nan,nan,nan
597.6800000000001,226.68380737304688,-177.0309600830078,-80.33312225341797,224.7933658408462,-176.36294825052767,-80.33865183619784,2.0050036337344666,0.33109024803014286,0.07427971820603474,3.507029772634313e-05,19.581048204149322,30.56029029389161,nan,2.1993852266649427,nan
597.69,226.67686462402344,-177.02247619628906,-80.33480834960938,224.78610381933905,-176.3543071720433,-80.3404466284459,2.005357338650782,0.3311407716021859,0.07430039682089908,3.5775215849180295e-05,19.56472059819304,29.682703757619866,nan,nan,nan
597.7,226.66989135742188,-177.0139923095703,-80.33646392822266,224.79041290292656,-176.3530776125543,-80.3420673774198,1.9923049205095995,0.3310754881995171,0.07429104532823796,3.5051174374621635e-05,19.602803615098086,29.381749920119855,1.8376067128350093,0.017261238887414904,nan
597.71,226.6629180908203,-177.00552368164062,-80.33808898925781,224.78313371777367,-176.3444536859787,-80.34379579474769,1.992645326179183,0.33112579650108664,0.07431172211875443,3.5755580452039826e-05,19.583897919672292,29.80771579997887,nan,nan,nan
597.72,226.65591430664062,-176.99703979492188,-80.33968353271484,224.7758143598418,-176.3358261831996,-80.34669300722196,1.9929948276432163,0.331176190158922,0.07433246636189254,3.505368631306928e-05,20.04149379491997,29.65495295888402,nan,1.0148050671240085,nan
597.73,226.64889526367188,-176.98855590820312,-80.34123992919922,224.76850067795613,-176.32720292855103,-80.3483702927307,1.9933194434831303,0.33122667034741193,0.07435327823118242,3.575846351359598e-05,20.02874173621619,29.703778437174208,nan,nan,nan
597.74,226.64186096191406,-176.98008728027344,-80.34276580810547,224.7632477308359,-176.3151120339097,-80.35003692448304,1.9928453576210587,0.3309589390620189,0.0734875309548289,3.505486848169286e-05,23.148969908106015,33.46484022347482,nan,0.00015256342327391598,0.013565102283000492
597.75,226.6348114013672,-176.9716033935547,-80.3442611694336,224.77116529072194,-176.3130075868584,-80.35142613274392,1.9766073456861246,0.3308946070609728,0.07347805720415067,3.5737980371786045e-05,22.83277649765481,32.22900055893154,4.403336705652219,nan,nan
597.76,226.62774658203125,-176.963134765625,-80.34573364257812,224.76383065991263,-176.30438716199887,-80.35299969748193,1.9769126853668424,0.33094397863181985,0.07349540018235606,3.5037263003733995e-05,22.85575894577311,32.80823033789622,nan,7.054049088072246e-05,nan
597.77,226.62066650390625,-176.95465087890625,-80.34716796875,224.7564795490662,-176.2957673397496,-80.35455462626815,1.9772139700792886,0.3309934367960227,0.07351280538998935,3.574187627807361e-05,22.829981292227686,32.22305614436133,nan,nan,nan
597.78,226.61355590820312,-176.94618225097656,-80.34857940673828,224.74918211549044,-176.28708972554855,-80.35424538508472,1.977454095381121,0.33104297749260564,0.07353027007850883,3.504122417135872e-05,22.17171850214566,32.31846256976093,nan,2.374941045128067,nan
597.79,226.6064453125,-176.93771362304688,-80.34996032714844,224.74179892999027,-176.2784704642865,-80.35572655411042,1.9777615942151288,0.3310926049615102,0.07354779722741027,3.574621911811464e-05,22.13901687208471,32.11067455670062,nan,nan,nan
597.8000000000001,226.5993194580078,-176.92922973632812,-80.35131072998047,224.76746680995257,-176.27831387950567,-80.35613200889792,1.944067596967843,0.33102819718131077,0.07353835015160731,3.5024457900910035e-05,20.7736724957212,30.56918964688298,13.981684663052478,0.7824713356884242,nan
597.8100000000001,226.5921630859375,-176.92076110839844,-80.3526382446289,224.7601110116318,-176.26968978020054,-80.35754979552875,1.9443077947437781,0.3310776139111285,0.07355588494401341,3.5728962351250684e-05,20.737047993567376,31.382854681177445,nan,nan,nan
597.82,226.5850067138672,-176.9122772216797,-80.35394287109375,224.75276123562995,-176.26104809324372,-80.35834855985327,1.9445416633072523,0.3311271133287025,0.0735734795731574,3.502919295227074e-05,20.57058108060083,30.21855145311945,nan,0.24819345882365856,nan
597.83,226.5778350830078,-176.90380859375,-80.35521697998047,224.74537508016823,-176.25242462305084,-80.35970951909883,1.944795856175751,0.33117669924050663,0.07359113678016824,3.5734087524386936e-05,20.534449343570532,30.94761272669969,nan,nan,nan
597.84,226.5706329345703,-176.8953399658203,-80.3564682006836,224.73796583453043,-176.24380847024113,-80.36128323786679,1.9450411753696415,0.3312263682275028,0.07360885416760014,3.503429421630206e-05,20.58388366830882,31.192032496888412,nan,0.039783435166114836,nan
597.85,226.5634307861328,-176.88685607910156,-80.3576889038086,224.72565038035944,-176.24150159468232,-80.3625881077096,1.947804721373124,0.33116188835127114,0.07359943295194053,3.571757083967457e-05,21.52753520569399,30.245708065893677,10.299628359932855,nan,nan
597.86,226.55621337890625,-176.87838745117188,-80.35888671875,224.71814709691043,-176.2329640645848,-80.36562056765771,1.9481027564491036,0.3312113464662471,0.0736171575704717,3.501857449557018e-05,22.104799563229093,31.46069106565924,nan,2.140110671618109,nan
597.87,226.54898071289062,-176.8699188232422,-80.36006164550781,224.71068838925933,-176.22437669589854,-80.36690549675596,1.9483557538593936,0.3312608908132978,0.07363494488643622,3.572337448702682e-05,22.07565300982678,31.408387106199648,nan,nan,nan
597.88,226.54173278808594,-176.8614501953125,-80.36121368408203,224.70323507917152,-176.21577301299473,-80.36757227775898,1.9485926411548729,0.33131051836566355,0.0736527927266615,3.502430878665038e-05,21.873647956540374,31.190717156859556,nan,0.24999716960849225,nan
597.89,226.5344696044922,-176.8529815673828,-80.36235046386719,224.6957482156952,-176.20718663772627,-80.3688063419053,1.9488430196275057,0.3313602323485343,0.07367070350154543,3.5729500120422184e-05,21.840657030375503,31.05473220089079,nan,nan,nan
597.9,226.52719116210938,-176.84449768066406,-80.36345672607422,224.70351414706758,-176.2203213438908,-80.37002605523854,1.9275469152954814,0.33129567679458677,0.07366130213213747,3.5009186238073706e-05,23.32794655735231,30.25464470453677,34.77840144876987,0.0043776064715320825,nan
597.91,226.5198974609375,-176.83602905273438,-80.36454010009766,224.69601525110397,-176.21181143325182,-80.37121791441719,1.927754793801271,0.33134517956690535,0.07367921958551323,3.5713894409082416e-05,23.30001716038532,30.852375663425416,nan,nan,nan
597.92,226.51258850097656,-176.8275604248047,-80.3656005859375,224.6884322819048,-176.20336278412898,-80.37465557205381,1.9280172714415416,0.3313947656580332,0.07369719789737846,3.501546437550687e-05,24.349192954365442,31.950244061745295,nan,3.6246220160970477,nan
597.9300000000001,226.50527954101562,-176.819091796875,-80.36664581298828,224.6809062914322,-176.1948534858892,-80.37582876138546,1.9282363831333704,0.33144443794021955,0.07371523926847755,3.5720568488142415e-05,24.325561894468937,31.634448765731054,nan,nan,nan
597.94,226.49794006347656,-176.8106231689453,-80.36766815185547,224.67344976668588,-176.1862723510435,-80.37423638767359,1.928372870743568,0.33149419391012175,0.07373334183504283,3.502200173317201e-05,23.153008470972132,30.725898548756412,nan,5.315872543578942,nan
597.95,226.4906005859375,-176.80215454101562,-80.36866760253906,224.62975872443687,-176.1629939536931,-80.37527531514664,1.9675625407507407,0.33142956538216206,0.07372395884942212,3.5705479116762646e-05,23.73745094588001,31.244304678808135,11.636053769779974,nan,nan
597.96,226.48324584960938,-176.79368591308594,-80.36964416503906,224.62213877785192,-176.15446200453974,-80.37616835921057,1.9678336573278474,0.3314791099838661,0.07374206762959717,3.5007603349335485e-05,23.688600705433572,31.26669989286554,nan,0.02612991350860311,nan
597.97,226.4758758544922,-176.78521728515625,-80.37060546875,224.6145005898295,-176.14593536097672,-80.37723311926017,1.9681064961612316,0.33152874055150144,0.07376023959603618,3.571261924343476e-05,23.660805769968977,31.19235897371842,nan,nan,nan
597.98,226.468505859375,-176.77674865722656,-80.37155151367188,224.60688100425133,-176.13738143721903,-80.37717959716106,1.9683671452648572,0.3315784548974782,0.07377847307964325,3.501457451386519e-05,23.294492342279508,30.638560293646428,nan,0.8536545647387074,nan
597.99,226.4611053466797,-176.76828002929688,-80.37247467041016,224.5992180176107,-176.12885498307847,-80.3781971173012,1.9686344409964731,0.3316282554255547,0.07379676999357092,3.5719982893069494e-05,23.26458288925889,30.886511292688727,nan,nan,nan
598.0,226.45370483398438,-176.7598114013672,-80.37338256835938,224.59407385936376,-176.1237615539461,-80.37731172989832,1.9654012843394582,0.33156355121664177,0.07378739980867127,3.5000583708753225e-05,23.010545671479306,30.141772962609334,0.9015440203918881,2.399158390580713,nan
598.01,226.4462890625,-176.7513427734375,-80.374267578125,224.58638906088217,-176.11524743873386,-80.37827495725475,1.9656707124890558,0.3316131400536259,0.07380570234780066,3.5705508472143376e-05,22.97825658902696,30.217796383253138,nan,nan,nan
598.02,226.43885803222656,-176.74288940429688,-80.37513732910156,224.57870451008034,-176.10672270749382,-80.37875415766176,1.965932927015349,0.3316628127447351,0.07382406671605832,3.500791879782634e-05,22.85946870988331,30.695883241336396,nan,0.15405761123264605,nan
598.03,226.43141174316406,-176.7344207763672,-80.37598419189453,224.57099576979826,-176.09820952680948,-80.37967948579269,1.9661958201601892,0.3317125714129888,0.07384249464699141,3.571323818324357e-05,22.827067608177146,30.193120324759374,nan,nan,nan
598.04,226.42396545410156,-176.7259521484375,-80.37682342529297,224.56329730561563,-176.08967678141667,-80.37972990000605,1.9664538512415695,0.331762414287699,0.07386098473703417,3.5015429982679984e-05,22.64576627862039,29.74060216619531,nan,0.5204277864287052,nan
598.0500000000001,226.41648864746094,-176.7174835205078,-80.37763977050781,224.50483454429775,-176.06986635300856,-80.38061228046791,2.0183751488749215,0.3316976363124104,0.07385162532556683,3.569910735831224e-05,24.57174092611291,31.365166179686078,34.417770437368475,nan,nan
598.0600000000001,226.4090118408203,-176.7090301513672,-80.3784408569336,224.49700376202523,-176.06136468484553,-80.38134756771217,2.0187258107206962,0.33174726731629717,0.0738701205246649,3.50019142069351e-05,24.525826419821776,31.788957948509296,nan,0.012674219794869379,nan
598.07,226.4015350341797,-176.7005615234375,-80.37922668457031,224.48915844556845,-176.0528666611546,-80.382200152373,2.019084369907999,0.331796984104843,0.07388867942127197,3.570713939293512e-05,24.494894090528035,31.0824534494052,nan,nan,nan
598.08,226.39402770996094,-176.6920928955078,-80.37999725341797,224.48128627736065,-176.04438367909992,-80.38370277126792,2.0194357498737237,0.3318467851554862,0.07390730077642992,3.5009706108090736e-05,24.601198948540045,31.321771746556564,nan,0.3120198147714829,nan
598.09,226.3865203857422,-176.6836395263672,-80.38075256347656,224.47341915668213,-176.0358865775714,-80.38453260698076,2.0197907030268363,0.3318966722226379,0.07392598608010942,3.571531960104422e-05,24.5698652139429,31.788475154056304,nan,nan,nan
598.1,226.37901306152344,-176.6751708984375,-80.3814926147461,224.45339229508227,-176.02417722694028,-80.3858222405317,2.0326895587222245,0.33183181847147836,0.07391663222679425,3.4996453716526435e-05,25.113396490331542,31.6460402839487,2.7351620402355437,0.27963195360442744,nan
598.11,226.37147521972656,-176.6667022705078,-80.38221740722656,224.44548247959014,-176.01568184673664,-80.3866269397961,2.0330506809233464,0.3318814933582929,0.07393532201660606,3.5701578429303406e-05,25.085186806441026,31.73107358738008,nan,nan,nan
598.12,226.3639373779297,-176.6582489013672,-80.3829345703125,224.43756211366795,-176.00718687729082,-80.38741806451368,2.03342654641719,0.3319312532466577,0.0739540751539876,3.642102728163335e-05,25.0543624080037,32.114572262280475,nan,nan,nan
598.13,226.35638427734375,-176.6497802734375,-80.38362884521484,224.42963140242202,-175.99869219630253,-80.38819606300675,2.0337928077080107,0.3319810982810728,0.07397289178343905,3.7154944773716275e-05,25.027225945763757,31.6867522761917,nan,nan,nan
598.14,226.34881591796875,-176.64132690429688,-80.38430786132812,224.42171021544695,-175.99017961858522,-80.38804141584393,2.034144320300559,0.3320310279048388,0.0739917714380533,3.6371682971341016e-05,24.810477405716302,32.08909234855846,nan,0.5522085603187704,nan
598.15,226.34124755859375,-176.6328582763672,-80.38497924804688,224.43869918320328,-175.99269714411292,-80.38889827861628,2.007364429980408,0.33196609967049373,0.07398242063492748,3.708054179453242e-05,24.504066428350043,30.700721587890285,6.013337326634399,nan,nan
598.16,226.3336944580078,-176.62440490722656,-80.38563537597656,224.4307626642008,-175.98424448150362,-80.39086593900171,2.0077305948091886,0.3320158169198567,0.07400130421373873,3.6301057303839845e-05,24.80646850798942,31.532168775582825,nan,0.9991573511598417,nan
598.17,226.32620239257812,-176.61595153808594,-80.38627624511719,224.42289504725454,-175.9757685531083,-80.39159902021885,2.008093981105554,0.33206561989426847,0.07402025206542118,3.703147424522315e-05,24.782093543612973,31.682945892339216,nan,nan,nan
598.1800000000001,226.31883239746094,-176.60748291015625,-80.38690948486328,224.4150858296086,-175.9673288847598,-80.39421896423815,2.0085073062673935,0.3321155074930062,0.07403926322763318,3.6254707187846086e-05,25.458417808463082,31.637371053262896,nan,2.3689035608717415,nan
598.19,226.31158447265625,-176.59902954101562,-80.38752746582031,224.4074349619462,-175.95885390698925,-80.39494766408629,2.008896528166826,0.33216548105769744,0.07405833891695547,3.698394270925048e-05,25.439660319367675,32.28567865881301,nan,nan,nan
598.2,226.30447387695312,-176.590576171875,-80.38813018798828,224.3923994862061,-175.94638641459267,-80.39438397646072,2.0176838278105738,0.3321004768351824,0.07404898621852087,3.6187297268597024e-05,25.063721503281794,32.05653748700934,1.579398271564829,0.8338296037302977,nan
598.21,226.29751586914062,-176.5821075439453,-80.38872528076172,224.38500434883392,-175.93790415892883,-80.39507572397856,2.018102733931457,0.33215023772188756,0.07406806517155025,3.691450338021427e-05,25.045010574026612,31.297514597492565,nan,nan,nan
598.22,226.29067993164062,-176.5736541748047,-80.3893051147461,224.37773964801607,-175.92942761723987,-80.39608742704937,2.0185178686218195,0.33220008325524675,0.07408720771012617,3.614395963648281e-05,25.192214353555944,32.18585520113387,nan,0.07246367847439346,nan
598.23,226.2839813232422,-176.56520080566406,-80.38987731933594,224.37061676392264,-175.920945118644,-80.39676070024166,2.018929594624456,0.3322500145967045,0.0741064149163556,3.687012459047212e-05,25.171766533927162,32.09733372231714,nan,nan,nan
598.24,226.27725219726562,-176.55673217773438,-80.39053344726562,224.36352571057319,-175.9124867311013,-80.39890431996615,2.019274952275052,0.3323000309138857,0.074125686027428,3.6102103149612605e-05,25.791173518517407,32.40983012035308,nan,1.3533969378679527,nan
598.25,226.2705078125,-176.54827880859375,-80.39128875732422,224.3404467181028,-175.90006453241483,-80.39964768739333,2.036022457552896,0.332234951601047,0.0741163285975775,3.680403055855153e-05,26.30805455039853,33.24356678525389,3.2440528228963736,nan,nan
598.26,226.2637481689453,-176.53981018066406,-80.39213562011719,224.33332856499416,-175.89156626547842,-80.39952657370726,2.0363680038463343,0.33228475502773125,0.07413560236152,3.603942864974759e-05,25.890447675794167,32.23862857617403,nan,0.7097666212648198,nan
598.27,226.25697326660156,-176.53135681152344,-80.39306640625,224.3261728911148,-175.88308478160306,-80.40051888819282,2.0367381408134038,0.33233464411467784,0.07415494093646098,3.676278923531286e-05,25.849205244158657,32.84192299357331,nan,nan,nan
598.28,226.2501678466797,-176.5229034423828,-80.39408874511719,224.31898857366866,-175.874611711029,-80.40214301924367,2.0371058943463973,0.3323846181832064,0.07417434367840942,3.6000577798518145e-05,26.103524049736492,33.13291427865289,nan,0.19591760607727524,nan
598.29,226.24334716796875,-176.51443481445312,-80.39519500732422,224.31179329600374,-175.86612984302744,-80.40331904217263,2.037465507983017,0.3324346781658687,0.07419381149308339,3.6723083431225145e-05,26.063942154459703,32.57254586468028,nan,nan,nan
598.3000000000001,226.23651123046875,-176.5059814453125,-80.3963851928711,224.29463874950056,-175.85260956917654,-80.40412907935632,2.0488590748621203,0.33236952264309555,0.07418444460963568,3.594105705267868e-05,26.000189287201078,33.303896265478336,1.3334268066378445,0.08571565106545379,nan
598.3100000000001,226.22964477539062,-176.4975128173828,-80.39766693115234,224.28738899168417,-175.8441183472597,-80.40547366151429,2.049229808481128,0.3324193694423092,0.07420391438527718,3.666186346207487e-05,25.95904986987471,32.65265373945498,nan,nan,nan
598.32,226.2227783203125,-176.4890594482422,-80.39903259277344,224.28014728453084,-175.8356002322336,-80.40509887455448,2.0496002263718016,0.3324693012188052,0.07422344858072644,3.590517139460454e-05,25.286159384183755,32.4729472322001,nan,2.1833299358087506,nan
598.33,226.21588134765625,-176.4805908203125,-80.40047454833984,224.27286015998172,-175.82710886423973,-80.40659555732425,2.049977431440606,0.3325193187750556,0.07424304799738406,3.6625243963571644e-05,25.249696439521667,32.06368098647918,nan,nan,nan
598.34,226.20896911621094,-176.47213745117188,-80.40200805664062,224.26555017324134,-175.81862205424991,-80.40849160162996,2.05036621076889,0.3325694216263556,0.07426271214626727,3.587073294121868e-05,25.36270326288073,32.58486190779199,nan,0.06698170672697898,nan
598.35,226.2020263671875,-176.4636688232422,-80.40361785888672,224.26199525998922,-175.7975614977911,-80.41025858108331,2.051210317131787,0.3325041904069058,0.07425333262516685,3.656723467908394e-05,23.85540002231304,31.930115147811463,20.84041732868077,nan,nan
598.36,226.19508361816406,-176.45521545410156,-80.40530395507812,224.25468042045046,-175.78900329153598,-80.41108139550366,2.0515936717745493,0.33255407984699087,0.07427299807765401,3.5815769091322124e-05,23.54480342997449,32.210167745767414,nan,0.5787389238465172,nan
598.37,226.1881103515625,-176.44676208496094,-80.40707397460938,224.2473352204313,-175.78045791330695,-80.41290260496746,2.0519754705436184,0.33260405494015105,0.07429272890170581,3.6533635050972486e-05,23.505531768797557,32.178451918203386,nan,nan,nan
598.38,226.18112182617188,-176.43829345703125,-80.40892028808594,224.2399711903556,-175.77191416483163,-80.41492049550713,2.0523555136699723,0.33265411531098055,0.07431252469934545,3.5784214214784876e-05,23.54625687314948,31.63105461998274,nan,0.009197774802732688,nan
598.39,226.1741180419922,-176.42984008789062,-80.41084289550781,224.23259160822587,-175.76336889889012,-80.41690174886627,2.052740959908264,0.3327042615989844,0.07433238613668912,3.650150422764098e-05,23.50906789397086,32.24507120278573,nan,nan,nan
598.4,226.16709899902344,-176.42137145996094,-80.4128189086914,224.21669000268085,-175.73936176462757,-80.42034341671882,2.066225809480625,0.33263895389077763,0.07432298946931278,3.5732224834532505e-05,23.056339460556536,32.42233303009296,14.935503378817339,1.3965926554906287,nan
598.41,226.16006469726562,-176.4129180908203,-80.41480255126953,224.2092698428831,-175.7307647526995,-80.42243346737853,2.0666378423602407,0.3326888864823291,0.07434285148704503,3.644809498161517e-05,23.03267294728537,33.011478391148856,nan,nan,nan
598.42,226.15301513671875,-176.40444946289062,-80.41676330566406,224.201820922998,-175.72218092624618,-80.42557184824962,2.0670575236733937,0.33273890432612263,0.07436277871131958,3.5703472349090905e-05,23.573050875027096,32.98459232589955,nan,0.751495655069758,nan
598.4300000000001,226.1459503173828,-176.39599609375,-80.418701171875,224.19436784083598,-175.71358430489195,-80.42764674309417,2.0674718947500943,0.3327890079707173,0.07438277172945248,3.6418868762145986e-05,23.560779512508336,33.529926846052476,nan,nan,nan
598.44,226.13885498046875,-176.38754272460938,-80.42060852050781,224.18689701559975,-175.70498952323268,-80.42983322345226,2.0678742380690114,0.3328391971765112,0.07440283026073218,3.567608011370509e-05,23.711667744781955,33.72048425532526,nan,0.013450047276074602,nan
598.45,226.1317596435547,-176.3790740966797,-80.42247772216797,224.17213273108356,-175.70405200468568,-80.43173636876402,2.0726500387904045,0.3327738132196215,0.07439341299371045,3.6368436153008615e-05,24.81723198237335,33.12988235123936,11.776031582960863,nan,nan
598.46,226.12464904785156,-176.37062072753906,-80.42430877685547,224.16460439934426,-175.69550344303443,-80.43456756132777,2.073080706252869,0.33282378848877314,0.07441347140408498,3.5628323102639836e-05,25.378928189082515,34.366874916988635,nan,0.4965175963689504,nan
598.47,226.1175079345703,-176.36216735839844,-80.42610931396484,224.15706951234196,-175.6869453245566,-80.43651841147587,2.073487871111302,0.3328738494481019,0.07443359576346383,3.6342013992410595e-05,25.37055555827329,34.3295530483772,nan,nan,nan
598.48,226.11036682128906,-176.35369873046875,-80.42787170410156,224.14954361442622,-175.6783611271413,-80.43599054842824,2.073879081015366,0.33292399593297684,0.07445378585885823,3.560360145706701e-05,24.20718630698984,32.46209817400433,nan,4.072944599117056,nan
598.49,226.1031951904297,-176.34524536132812,-80.42959594726562,224.1419780532541,-175.66980352183307,-80.4378480901104,2.0742860062086965,0.33297422838003493,0.07447404217676916,3.6316949187430846e-05,24.195269605797115,33.22553991250261,nan,nan,nan
598.5,226.0960235595703,-176.3367919921875,-80.43128967285156,224.12881362499454,-175.67020701718272,-80.44010912369102,2.0770961071430634,0.3329087676128783,0.07446459996127527,3.555856270951981e-05,25.712682275825067,33.61519725661059,12.186776200306596,0.08720512801668,nan
598.51,226.08883666992188,-176.32833862304688,-80.43295288085938,224.12120240369993,-175.6616908048498,-80.44190516617434,2.0775187273596534,0.332958785843348,0.07448485540393353,3.627072150171083e-05,25.701211499752127,33.53703157600775,nan,nan,nan
598.52,226.0816192626953,-176.3198699951172,-80.43457794189453,224.11354918132926,-175.65320565349123,-80.4467760504072,2.077953315985476,0.3330088895574256,0.07450517679796725,3.553640448519873e-05,27.64580639192271,35.036012969095935,nan,6.608952446964227,nan
598.53,226.07440185546875,-176.31141662597656,-80.43617248535156,224.1059091268691,-175.64469016263038,-80.44853876423834,2.0783745389917754,0.3330590791307339,0.07452556457220363,3.624830453223362e-05,27.644136631677718,35.50637864589143,nan,nan,nan
598.54,226.06716918945312,-176.30296325683594,-80.43773651123047,224.09826481648628,-175.63616351464216,-80.4490640580506,2.078782008627797,0.33310935448988765,0.07454601859961488,3.551548518421017e-05,27.00485386006614,34.840778143413,nan,0.9973704897152254,nan
598.5500000000001,226.05992126464844,-176.2945098876953,-80.43926239013672,224.07148934489834,-175.6186138561984,-80.45079052914288,2.100197572340105,0.33304381696577556,0.07453654778021611,3.620475787637091e-05,27.26434135372385,35.666075581316974,3.3698249766379975,nan,nan
598.5600000000001,226.0526580810547,-176.2860565185547,-80.44076538085938,224.06377574422484,-175.61008379927424,-80.45243324166145,2.1006494724110576,0.3330938778581087,0.07455700018967516,3.54742630048402e-05,27.39840809101269,35.66546195467506,nan,0.00021363845391479243,nan
598.57,226.04537963867188,-176.277587890625,-80.4422378540039,224.0560481855005,-175.60155400018556,-80.45406428827629,2.1010952658428588,0.3331440245108548,0.0745775191372028,3.618486788202205e-05,27.394648930860477,35.06225520298068,nan,nan,nan
598.58,226.0380859375,-176.26913452148438,-80.44367980957031,224.04830180656663,-175.59303050711125,-80.45638265202103,2.1015515430681346,0.3331942568996484,0.07459810454443523,3.5455745107618195e-05,28.047583033048674,36.32824197323083,nan,0.35246005665011326,nan
598.59,226.03077697753906,-176.26068115234375,-80.4450912475586,224.0405472814302,-175.5845012046815,-80.45796436917492,2.1019988777718783,0.3332445753268335,0.07461875676764894,3.6166196519931336e-05,28.04575262826377,36.34320657645717,nan,nan,nan
598.6,226.02346801757812,-176.25222778320312,-80.44647216796875,224.00381744924434,-175.56280302448667,-80.45850700258325,2.1341133412605884,0.3331789606404935,0.07460925311210286,3.541694062615719e-05,27.916457955947536,36.94998031027633,7.8880619304399655,0.856329284284367,nan
598.61,226.01612854003906,-176.2437744140625,-80.44783020019531,223.9959894013504,-175.55425363087616,-80.46002563513228,2.1346076404671934,0.33322906432423216,0.0746299029321728,3.612638960632022e-05,27.91162416671941,36.87461216832576,nan,nan,nan
598.62,226.0087890625,-176.23532104492188,-80.44915771484375,223.98814065218326,-175.54571388825318,-80.46273720333167,2.1351258583867705,0.3332792536893814,0.07465061941179207,3.54007028169204e-05,28.972328214795688,37.94565646075846,nan,1.0256204982912085,nan
598.63,226.00143432617188,-176.22686767578125,-80.4504623413086,223.98028701461442,-175.53716524230816,-80.46421582715624,2.1356298977415524,0.3333295289996099,0.07467140286665123,3.6110066579036634e-05,28.970319007581416,37.859361981112386,nan,nan,nan
598.64,225.9940643310547,-176.21841430664062,-80.45174407958984,223.97242389171308,-175.52861310508624,-80.46513850166524,2.136126207458246,0.33337989028849085,0.07469225327898131,3.53855632427389e-05,28.770678701326922,37.60515643271708,nan,0.19447703599486874,nan
598.65,225.98667907714844,-176.2099609375,-80.45299530029297,223.93343073937547,-175.5102441626754,-80.46653504289485,2.169243099831857,0.3333141983720757,0.07468271298636575,3.607261364335501e-05,29.601839762598896,38.97954177201442,8.961425594664986,nan,nan
598.66,225.9792938232422,-176.20150756835938,-80.4542236328125,223.92549186356726,-175.50168362224093,-80.46691590166908,2.1697965662278325,0.3333643446592137,0.0747035602138752,3.5350111930712046e-05,29.047181632503758,38.39438670007075,nan,0.7165851512693966,nan
598.67,225.9718780517578,-176.19305419921875,-80.4554214477539,223.91753537260706,-175.49313028026302,-80.46828069249514,2.170341608107339,0.3334145768009401,0.07472447457533556,3.605850867120788e-05,29.045332416228234,38.440659497423304,nan,nan,nan
598.6800000000001,225.96446228027344,-176.18460083007812,-80.45660400390625,223.90957520221892,-175.48456652712127,-80.46799053795054,2.170884285729958,0.3334648948607509,0.07474545608641865,3.5337076038367155e-05,28.098623204370707,37.37628038083642,nan,1.8437856469052831,nan
598.69,225.95703125,-176.1761474609375,-80.45775604248047,223.90159477093925,-175.47601356701057,-80.46929330968793,2.171437242338248,0.33351529905751665,0.07476650501288062,3.604547018651368e-05,28.09238182581032,37.43502977380385,nan,nan,nan
598.7,225.9495849609375,-176.16769409179688,-80.4588851928711,223.88504113967596,-175.46777666361476,-80.46969626471721,2.1799868062574883,0.3334495296067623,0.07475692393401291,3.530372311470542e-05,28.24166196373741,37.47560154608068,1.997378441322696,0.6237550504144506,nan
598.71,225.942138671875,-176.15924072265625,-80.45999908447266,223.8770208175465,-175.45923411404277,-80.47094703586042,2.1805597588712042,0.33349971852691174,0.0747779688600293,3.601126184542984e-05,28.230557546077556,37.37286243901287,nan,nan,nan
598.72,225.93467712402344,-176.15078735351562,-80.4610824584961,223.86898500604187,-175.4506974322468,-80.47311988747511,2.181136108510833,0.3335499933009056,0.07479908112187204,3.529266467691581e-05,28.978995327490892,38.18914289552105,nan,0.6181049513138119,nan
598.73,225.9272003173828,-176.142333984375,-80.46215057373047,223.86094160022978,-175.44215583282406,-80.47433761209814,2.1817018710227964,0.3336003541251192,0.07482026095817772,3.600025481597856e-05,28.9700163695586,38.067681229222174,nan,nan,nan
598.74,225.91970825195312,-176.13388061523438,-80.46319580078125,223.85575373190647,-175.43654793291185,-80.47532483315254,2.1786069503428993,0.32915427393920443,0.07012824367882527,3.5280735259867985e-05,32.09120324868246,41.18735665460286,nan,0.030128563118010213,0.0018270137330331643
598.75,225.91221618652344,-176.1254425048828,-80.46421813964844,223.82233512128326,-175.41678059591507,-80.47643197184144,2.2067971691499113,0.3290841234237684,0.07011822363288563,3.596620388192844e-05,32.41115535652588,43.03832426335969,5.953249101619394,nan,nan
598.76,225.9047088623047,-176.1169891357422,-80.46521759033203,223.81412333021413,-175.4081201481626,-80.47637775134197,2.2075252337702147,0.3291371710095899,0.0701311067296887,3.525032246382084e-05,31.75803406816857,41.745937976338155,nan,1.0163591223818143,nan
598.77,225.89718627929688,-176.10853576660156,-80.46620178222656,223.80599295406012,-175.39956471905973,-80.47750079800007,2.2081343114776315,0.3291903120253785,0.0701440609174223,3.595716239141797e-05,31.736417142747,41.648676617410366,nan,nan,nan
598.78,225.8896484375,-176.10008239746094,-80.46717071533203,223.79785194872454,-175.39100948118607,-80.47860496281842,2.2087389372815096,0.32924353824719577,0.07015707555921845,3.667831976129222e-05,31.711309397521298,41.56700280648279,nan,nan,nan
598.79,225.88211059570312,-176.0916290283203,-80.46810913085938,223.7897004559804,-175.38245435174073,-80.47969065888105,2.209353535880463,0.3292968498195418,0.07017015079957732,3.74139390736436e-05,31.693454897316673,41.70318827207133,nan,nan,nan
598.8000000000001,225.8745574951172,-176.08319091796875,-80.46903991699219,223.77059106139157,-175.36079542935465,-80.48088036595104,2.224560674031086,0.3292265944855596,0.0701602390671017,3.65887633435791e-05,31.05041153370728,43.30883297109219,14.74577487512271,0.003323983194654986,nan
598.8100000000001,225.86700439453125,-176.07473754882812,-80.4699478149414,223.76239573340936,-175.35219119327547,-80.48193247214861,2.2252178509979768,0.3292796782345194,0.07017334474605567,3.7321849719029186e-05,31.02843585285843,42.67635219066224,nan,nan,nan
598.82,225.85943603515625,-176.0662841796875,-80.47083282470703,223.7540222474601,-175.343399416537,-80.48066733058096,2.2260786858783574,0.3293328388780445,0.0701865008068864,3.652453952972767e-05,29.78896231754205,41.43852598735182,nan,3.424105371416882,nan
598.83,225.8518524169922,-176.05784606933594,-80.4717025756836,223.7458068680854,-175.3347959132116,-80.48166265531934,2.2267304698880594,0.32938609305139616,0.07019972800443271,3.725612153900235e-05,29.76255036151202,42.02642954312797,nan,nan,nan
598.84,225.84425354003906,-176.0493927001953,-80.4725570678711,223.7375996836148,-175.32621276974905,-80.48289159037851,2.2273496548460736,0.32943942469146237,0.07021300631961938,3.6462635142136046e-05,29.989404174008445,41.5170551687101,nan,0.04063567756505679,nan
598.85,225.83665466308594,-176.04095458984375,-80.47339630126953,223.76552354576106,-175.33158595999578,-80.4836787534797,2.1892678426787473,0.3293690819359004,0.07020322034720147,3.7169224234501284e-05,29.169851650308754,40.438279286668205,11.965599788195783,nan,nan
598.86,225.82904052734375,-176.03250122070312,-80.47421264648438,223.75731033648196,-175.32296780791148,-80.48423539111673,2.189886778581471,0.3294221856902733,0.0702165291383882,3.638044463202587e-05,29.046626570204296,39.66338672616014,nan,0.098794237640797,nan
598.87,225.82142639160156,-176.0240478515625,-80.47502136230469,223.74911510430556,-175.3143804992345,-80.4851616452081,2.190480460481679,0.3294753823515396,0.07022990840618443,3.710836914484511e-05,29.01718855427532,39.572631211002516,nan,nan,nan
598.88,225.8137969970703,-176.01560974121094,-80.4758071899414,223.74090063240945,-175.30578274542563,-80.48593302995174,2.1910856293640673,0.3295286569525581,0.07024333990496102,3.6323182443772395e-05,29.02777801672779,40.29045592191999,nan,0.012765411019152472,nan
598.89,225.80615234375,-176.0071563720703,-80.47657775878906,223.7326865373634,-175.29719605580001,-80.48682779961797,2.1916681236606106,0.3295820244755894,0.07025684174990288,3.704986841578904e-05,29.001037407810347,39.556776304847624,nan,nan,nan
598.9,225.7985076904297,-175.99871826171875,-80.47733306884766,223.71274996651402,-175.28265300168164,-80.487934802271,2.2052771109902363,0.3295115789609367,0.07024715801195305,3.6245785492014805e-05,29.328326853152575,41.13370888121517,2.1058534823730826,0.00785491368687263,nan
598.91,225.7908477783203,-175.99026489257812,-80.47808074951172,223.70449767910515,-175.2740549302012,-80.48880416072654,2.205884955805985,0.3295647179986492,0.07026068943683256,3.6970405941631635e-05,29.29878889096531,40.326683447626365,nan,nan,nan
598.92,225.78318786621094,-175.98182678222656,-80.47880554199219,223.69620969391255,-175.26542826419143,-80.48926437896402,2.206538944946057,0.32961793542910156,0.07027427414785128,3.6193033089259445e-05,29.17071100698836,40.94954592252806,nan,0.10292063916844646,nan
598.9300000000001,225.7755126953125,-175.97337341308594,-80.4795150756836,223.68793952504643,-175.25683076712176,-80.4901021409293,2.207149109292481,0.329671245186825,0.0702879286220361,3.69165834439336e-05,29.146017073653205,40.228293211168236,nan,nan,nan
598.94,225.767822265625,-175.96493530273438,-80.48021697998047,223.67961318900254,-175.24818230487915,-80.49021107584186,2.2078160905236137,0.3297246338842506,0.0703016370532451,3.6142456302767076e-05,28.832789005635043,40.507081558799776,nan,0.3383770124796114,nan
598.95,225.7601318359375,-175.9564971923828,-80.48090362548828,223.6658971346685,-175.23605829235873,-80.49113331294868,2.2147134891837923,0.3296541002656326,0.07029206844022419,3.684192002101631e-05,28.84998194815572,40.940014922701934,1.2044021807063734,nan,nan
598.96,225.75244140625,-175.9480438232422,-80.4815673828125,223.65743866430725,-175.22728832293498,-80.48958392791926,2.2155336253296136,0.3297072603944667,0.07030580636754412,3.607188396128102e-05,27.753742792062926,39.257218152821196,nan,3.644498127991687,nan
598.97,225.74472045898438,-175.93960571289062,-80.48223114013672,223.6491243269396,-175.21868295092975,-80.49034202350563,2.2161494903961896,0.3297605122756271,0.07031961352444002,3.6792614269079995e-05,27.719765873914152,39.7209487966037,nan,nan,nan
598.98,225.7370147705078,-175.93116760253906,-80.48287200927734,223.64080152943586,-175.21007812608588,-80.49108790410331,2.216787650187698,0.32981384965979327,0.07033348266165736,3.7527780232307726e-05,27.691645563366677,39.80036504282286,nan,nan,nan
598.99,225.72935485839844,-175.92271423339844,-80.48350524902344,223.63250504342278,-175.20147376066237,-80.49182167905103,2.21743909253093,0.32986727269146543,0.07034741392369633,3.8277526351164226e-05,27.664207736084983,38.97631342068572,nan,nan,nan
599.0,225.7218017578125,-175.91427612304688,-80.48412322998047,223.6408841849979,-175.20134508740443,-80.49072252649464,2.199666374054322,0.3297966377671782,0.07033794029939966,3.739504585227927e-05,26.93748583695676,38.23127034945787,3.155362616803874,2.0710236689671198,nan
599.01,225.71438598632812,-175.9058380126953,-80.48472595214844,223.6328157630341,-175.19275847913414,-80.49141530994991,2.200332193828,0.3298498316583733,0.07035190017842274,3.8141192390740356e-05,26.911558932093367,38.249748162251514,nan,nan,nan
599.02,225.70709228515625,-175.89739990234375,-80.48532104492188,223.62491056082683,-175.18420586231758,-80.49261488112563,2.2009497204404362,0.329903104857943,0.07036591539262751,3.7290169423785647e-05,27.129998755312673,38.40303330602778,nan,0.16651677267480822,nan
599.03,225.69979858398438,-175.88894653320312,-80.48600769042969,223.61703446721467,-175.17561970857787,-80.49334245792164,2.2015438500396987,0.32995646975951076,0.0703799998205709,3.8033829504276316e-05,27.080998325814047,37.69631078514145,nan,nan,nan
599.04,225.69247436523438,-175.88050842285156,-80.48678588867188,223.60901674877582,-175.16689848293913,-80.49204143071628,2.2022857232074102,0.33000991452568273,0.0703941402367591,3.7189199342782874e-05,26.36964520615347,37.64498020870402,nan,2.8064958038600722,nan
599.0500000000001,225.68515014648438,-175.8720703125,-80.48765563964844,223.61407446581163,-175.17152695247063,-80.49281670693273,2.1863536106885464,0.3299391914363944,0.07038477173803609,3.790622026537277e-05,27.013116151479334,36.832072790724936,11.983173887592713,nan,nan
599.0600000000001,225.6778106689453,-175.86363220214844,-80.48860931396484,223.60618390418736,-175.16298566067215,-80.49379517253249,2.1869087593389134,0.32999241259213213,0.07039894676125712,3.8661205599776375e-05,26.96788298909356,36.83206951764694,nan,nan,nan
599.07,225.6704559326172,-175.85519409179688,-80.48965454101562,223.59828027659614,-175.1544445846558,-80.49486295488752,2.187461759377695,0.3300457192505302,0.07041318436141045,3.943094639987429e-05,26.92207072288952,36.75255959331919,nan,nan,nan
599.08,225.6630859375,-175.84674072265625,-80.49078369140625,223.59045190343898,-175.14599559949144,-80.49753571292544,2.1878987994379298,0.3300991057439808,0.07042747836639045,3.849545672645262e-05,27.38189449738048,36.60742934035491,nan,1.337356517364706,nan
599.09,225.6557159423828,-175.8383026123047,-80.49199676513672,223.58252273790865,-175.13745493492877,-80.4987940707702,2.1884614991644136,0.33015258384482876,0.07044184154308407,3.926109295215505e-05,27.337111461144662,37.23769384420913,nan,nan,nan
599.1,225.6483154296875,-175.82986450195312,-80.49330139160156,223.57684831653123,-175.11533877266507,-80.50050179369399,2.191249612548262,0.33008176100999703,0.0704325605435352,3.831132009574572e-05,25.867002491537903,37.694742681714565,27.89525378086164,0.06934974911338278,nan
599.11,225.6409149169922,-175.82142639160156,-80.49468994140625,223.56889120307756,-175.1067310779206,-80.50193544768024,2.191831234329701,0.33013500932144996,0.07044695127455741,3.9072113353224025e-05,25.81861285822185,37.63889464696047,nan,nan,nan
599.12,225.6334991455078,-175.81297302246094,-80.49615478515625,223.5608850953376,-175.0980855652616,-80.50279298168061,2.1924500320593396,0.3301883379407118,0.070461399353512,3.815823744739101e-05,25.59265527557419,36.77776604232381,nan,0.25815612371892527,nan
599.13,225.62606811523438,-175.80453491210938,-80.4977035522461,223.5529037330808,-175.08947818019092,-80.50438792491492,2.193025619123065,0.3302417575471735,0.07047591610357908,3.891540349167573e-05,25.54713091001335,37.414486650198576,nan,nan,nan
599.14,225.61863708496094,-175.7960968017578,-80.49933624267578,223.54490196079223,-175.0808620247739,-80.50590764496197,2.1936228788801064,0.33029525800947507,0.0704904908200421,3.80111488993884e-05,25.49701827305183,37.32976036991511,nan,0.014810734464205517,nan
599.15,225.61117553710938,-175.78765869140625,-80.50104522705078,223.54148365694869,-175.06768957043815,-80.50767789912085,2.1913520954628587,0.3302243468471672,0.07048130471872911,3.87397882698475e-05,24.748282878599294,37.47201243782375,5.180534213117828,nan,nan
599.16,225.6037139892578,-175.7792205810547,-80.5028305053711,223.5333719629705,-175.05895298061387,-80.50764675485141,2.192059469611914,0.3302776174414376,0.07049590674456561,3.784595758908634e-05,24.186978881810465,36.93662500377029,nan,2.102357422656836,nan
599.17,225.59625244140625,-175.77078247070312,-80.50469970703125,223.52534900911908,-175.0503184809219,-80.5095455848886,2.1926542976407517,0.33033097844578085,0.0705105770073575,3.8595554701609914e-05,24.144649318877896,36.796626904229115,nan,nan,nan
599.1800000000001,225.58876037597656,-175.76234436035156,-80.50664520263672,223.51726744638205,-175.04163614275487,-80.51061898400836,2.193289557539052,0.3303844207133759,0.07052530607374212,3.771062248008641e-05,23.916139938336183,36.594261195688055,nan,0.4953332679943207,nan
599.19,225.58126831054688,-175.75390625,-80.50863647460938,223.50922222676718,-175.0330018381684,-80.51265193785555,2.1938765389716304,0.3304379534417242,0.07054010336916479,3.845722166904548e-05,23.878566459248894,36.59953763108512,nan,nan,nan
599.2,225.57376098632812,-175.74546813964844,-80.51063537597656,223.4856168572205,-175.02435258164837,-80.51384352777679,2.2091545541574025,0.3303669444680655,0.0705309973348275,3.7557326175455047e-05,24.638543822311807,36.829177216102764,6.523327586724658,0.3327752544296011,nan
599.21,225.5662384033203,-175.7370147705078,-80.51261901855469,223.4775277746596,-175.01574005721056,-80.51589012373735,2.209742066950667,0.3304202467642106,0.07054582102563434,3.830017748320469e-05,24.607776553729906,36.0498801820136,nan,nan,nan
599.22,225.5587158203125,-175.72857666015625,-80.51457214355469,223.4694045642382,-175.0071041571833,-80.51744456814244,2.2103738028052655,0.33047363069134666,0.07056070429231222,3.743313233757277e-05,24.511872204370526,36.69325539502204,nan,0.13616530047948233,nan
599.23,225.55117797851562,-175.7201385498047,-80.51648712158203,223.46129452174813,-174.99849204044668,-80.51943497913108,2.2109715595645243,0.33052710456130086,0.07057565544334869,3.817336818511485e-05,24.48198445620196,36.72452241274786,nan,nan,nan
599.24,225.5436248779297,-175.7117156982422,-80.51837158203125,223.45315654886346,-174.98986261178604,-80.52103092774257,2.211591459871109,0.33058066056078966,0.07059066671405198,3.7314212838062274e-05,24.405055854766704,37.286903205999614,nan,0.08083719255597828,nan
599.25,225.53607177734375,-175.70327758789062,-80.52022552490234,223.46289763975332,-174.99326028901126,-80.52278371897357,2.1913881705071487,0.3305095627291437,0.0705816448705648,3.802793750776475e-05,24.57555960585669,35.502787424239,7.577356703042273,nan,nan
599.26,225.52850341796875,-175.69483947753906,-80.52203369140625,223.45481201654684,-174.98470347280193,-80.52515790469432,2.1919167261243895,0.33056288817454194,0.07059668216957468,3.7177428832122576e-05,24.62924823714663,35.692108666262826,nan,0.1518911439833362,nan
599.27,225.52093505859375,-175.6864013671875,-80.52381134033203,223.44669279214645,-174.9761234862115,-80.52700886512348,2.1924839502913107,0.3306163030802803,0.0706117870604808,3.7912018351685804e-05,24.600357444397456,35.57884193051844,nan,nan,nan
599.28,225.51333618164062,-175.67796325683594,-80.52555847167969,223.43851486882164,-174.96749576921627,-80.52778046413013,2.193091988116992,0.33066980042915156,0.07062695275814243,3.706877562207737e-05,24.42676157329551,35.34686572641756,nan,0.6856559465379258,nan
599.29,225.5057373046875,-175.66952514648438,-80.52725982666016,223.43037604738439,-174.95891620470215,-80.52955296285752,2.1936487127453295,0.3307233873349823,0.07064218610789982,3.78012502646055e-05,24.396236890139576,35.47003129285715,nan,nan,nan
599.3000000000001,225.49813842773438,-175.6610870361328,-80.52893829345703,223.43381404042273,-174.94260734046242,-80.53153074552517,2.1857847492257654,0.330652193396436,0.07063323634203969,3.694229346684031e-05,23.0109127365202,35.31797242314219,17.515899869399675,0.03129624965339361,nan
599.3100000000001,225.4905242919922,-175.65264892578125,-80.53057861328125,223.42566981986204,-174.93397808530895,-80.53323991215483,2.1863482912227727,0.33070554923377826,0.0706484948338317,3.767188878470833e-05,22.980329140057517,35.3405452075527,nan,nan,nan
599.32,225.48289489746094,-175.64422607421875,-80.53218078613281,223.4175672890311,-174.92539861056792,-80.53606278625492,2.186848445266875,0.33075898779482454,0.07066381476691048,3.684332532974095e-05,23.163065974768937,36.35348187542943,nan,0.8346919974850437,nan
599.33,225.4752655029297,-175.6357879638672,-80.53376007080078,223.4094043812681,-174.91677014106574,-80.53771978803398,2.187415023003078,0.33081251547930335,0.07067920213040679,3.757110914503704e-05,23.135269141166454,35.39584623571186,nan,nan,nan
599.34,225.46762084960938,-175.62734985351562,-80.5353012084961,223.4012369778043,-174.90814645097012,-80.53945574333653,2.187970086643986,0.3308661263449843,0.07069465141920638,3.674894064323984e-05,23.151337071761148,35.517671210934466,nan,0.0076785535869084405,nan
599.35,225.4599609375,-175.61891174316406,-80.53681182861328,223.40661569067575,-174.9046704819155,-80.5409373174822,2.1740249082253134,0.33079484325877145,0.07068577532176008,3.745173290597625e-05,22.878079870747367,34.939106614592546,2.061295162184769,nan,nan
599.36,225.45230102539062,-175.61048889160156,-80.53829956054688,223.39846884422212,-174.8960682366547,-80.54299465913066,2.174544905162633,0.3308482228987035,0.07070124928009273,3.663668982704155e-05,22.987815759748937,35.6528859969782,nan,0.15548040369872967,nan
599.37,225.4446258544922,-175.60205078125,-80.53974914550781,223.39029231850392,-174.88744631407366,-80.54453633173073,2.17507901896606,0.33090169125790075,0.070716790488203,3.736034672196468e-05,22.96326173447642,35.014912804305254,nan,nan,nan
599.38,225.43695068359375,-175.59361267089844,-80.54117584228516,223.382144856563,-174.878860375505,-80.54696422355273,2.1755760928837637,0.3309552430337351,0.07073239418729593,3.655116266697644e-05,23.230889166239695,35.147815776215545,nan,0.5404019896023008,nan
599.39,225.42926025390625,-175.58518981933594,-80.54257202148438,223.37395111460881,-174.87023907471624,-80.54845906273971,2.176116927595245,0.33100888366362813,0.07074806525095524,3.727340128334893e-05,23.2068002065899,35.892142534266235,nan,nan,nan
599.4,225.42156982421875,-175.57675170898438,-80.54393768310547,223.40306353200998,-174.86982674073786,-80.54993204596899,2.138725436984108,0.3309375059829708,0.07073925278462775,3.644773068655831e-05,22.030907746484882,34.035788435338915,13.770580063159862,2.8863158764609327e-05,nan
599.41,225.4138641357422,-175.5683135986328,-80.54528045654297,223.39491112863683,-174.8611952980921,-80.55137345547308,2.139211223908311,0.33099091491459165,0.07075494764580921,3.716777072274382e-05,22.00772491537964,33.96974567725603,nan,nan,nan
599.42,225.40614318847656,-175.5598907470703,-80.54659271240234,223.38679102700502,-174.85260195960873,-80.55382766437182,2.1396478508013117,0.3310444074706586,0.07077070552094028,3.6370515846784165e-05,22.41038863885591,35.21138849076757,nan,0.7043420128179924,nan
599.4300000000001,225.39842224121094,-175.55145263671875,-80.54788208007812,223.3786219139058,-174.84397097145734,-80.55522800810706,2.1401349563804737,0.3310979885172617,0.07078653063593136,3.708937514672607e-05,22.390396739311324,34.311268281861985,nan,nan,nan
599.44,225.3907012939453,-175.54302978515625,-80.54914093017578,223.3704706438761,-174.8353641148675,-80.55728289630619,2.1406047911739217,0.3311516536116396,0.07080241920098142,3.6297231061256535e-05,22.725328420256595,35.42120434294398,nan,0.30255366030399256,nan
599.45,225.38296508789062,-175.5345916748047,-80.55037689208984,223.3753686201584,-174.83016121657653,-80.55854684268725,2.1276119467194103,0.33108018669415007,0.07079367001751512,3.6992227390971254e-05,22.32983510587909,34.213702780411865,1.8934532412603173,nan,nan
599.46,225.37521362304688,-175.5261688232422,-80.55158996582031,223.36725558854718,-174.82158442509933,-80.56148090976987,2.128011389346969,0.33113361990404594,0.07080958181581594,3.620591221652136e-05,23.190485678003082,35.816084015451,nan,1.6904337050626987,nan
599.47,225.36746215820312,-175.51773071289062,-80.55278015136719,223.359075092089,-174.81295374636292,-80.56280535781887,2.1284806047147558,0.33118714126531384,0.07082556076134823,3.692182911126524e-05,23.175425091505996,34.92601254782612,nan,nan,nan
599.48,225.3596954345703,-175.50930786132812,-80.55394744873047,223.35082828299838,-174.80427041553938,-80.56248921304544,2.129013385201387,0.33124074684443877,0.07084160362419768,3.614016717384161e-05,22.43559665328128,34.959344243535604,nan,1.7303706673948553,nan
599.49,225.3519287109375,-175.50086975097656,-80.55508422851562,223.3426322782373,-174.7956402703704,-80.56375218975903,2.129482544734741,0.3312944407415215,0.0708577137927836,3.685520726572416e-05,22.420593912345627,34.215481475586465,nan,nan,nan
599.5,225.3441619873047,-175.49244689941406,-80.55620574951172,223.32694948704452,-174.77770721907532,-80.56448413426337,2.140109252704336,0.3312228805827273,0.07084901941970204,3.6056299784981475e-05,21.87297752987061,35.25648462190165,5.289352980226506,0.12591361199375817,nan
599.51,225.3363800048828,-175.4840087890625,-80.55730438232422,223.318724075274,-174.76904647528772,-80.56569806116701,2.140602021452922,0.33127634215824564,0.07086515195339053,3.676966669825753e-05,21.854187306387544,34.46398828938514,nan,nan,nan
599.52,225.32858276367188,-175.4755859375,-80.5583724975586,223.3103817367088,-174.76028866922286,-80.5636824414127,2.141217822348609,0.33132988809857095,0.0708813488369302,3.599758947391518e-05,20.68571679409093,34.23390145493913,nan,6.864209025415236,nan
599.53,225.32078552246094,-175.4671630859375,-80.5594253540039,223.30214175918857,-174.75162840591315,-80.56482342580797,2.1417146543120924,0.3313835220514408,0.07089761297749136,3.6710262579128084e-05,20.661059237798302,34.043098620600645,nan,nan,nan
599.54,225.31298828125,-175.45872497558594,-80.56046295166016,223.29384939541762,-174.7429286213888,-80.5645828199819,2.142265911197135,0.3314372407640012,0.07091394186575033,3.594220021393988e-05,20.30614086593908,32.77431639550016,nan,1.2398005123899638,nan
599.5500000000001,225.30517578125,-175.45030212402344,-80.56147003173828,223.25326226805055,-174.71616886045007,-80.56573691769962,2.1792932158503153,0.3313655914468145,0.07090530049299605,3.663183156636512e-05,20.432313801312393,35.33717231973294,13.301544392271914,nan,nan
599.5600000000001,225.29734802246094,-175.44187927246094,-80.56246185302734,223.24486834458142,-174.7074027085883,-80.56438481084822,2.179938611235041,0.33141907762801376,0.07092165110171403,3.586850003744442e-05,20.00409126094309,34.83382756003192,nan,3.93901566399991,nan
599.57,225.28953552246094,-175.43344116210938,-80.56343841552734,223.23654563664647,-174.69870462668555,-80.56541174222592,2.180506625021205,0.33147265153650973,0.07093806894351323,3.6579138299603774e-05,19.975536425588523,33.8432588417057,nan,nan,nan
599.58,225.2816925048828,-175.42501831054688,-80.56438446044922,223.22818341357325,-174.68997846518832,-80.56537078229175,2.181097002699912,0.3315263103201479,0.07095455192058588,3.581943418950498e-05,19.862170280089444,34.77054152972875,nan,0.7416542596043317,nan
599.59,225.2738494873047,-175.41659545898438,-80.56532287597656,223.21984737614753,-174.6812806646092,-80.56635090263097,2.1816538626243793,0.33158005702410565,0.07097110232407103,3.6529608788836294e-05,19.830354175932502,34.52149476513424,nan,nan,nan
599.6,225.26600646972656,-175.40817260742188,-80.56623840332031,223.22412064627306,-174.672200382596,-80.5666440983348,2.1704729890795598,0.33150831568672773,0.07096250663828796,3.575193891484816e-05,19.187835453229887,34.33973104287395,3.5821171393110327,0.25118003138811834,nan
599.61,225.25816345214844,-175.3997344970703,-80.56713104248047,223.21578996669626,-174.66348661399718,-80.56758190692689,2.1710252422960177,0.33156182945231805,0.07097907788981862,3.6460838018095855e-05,19.157348778255162,33.50500946901776,nan,nan,nan
599.62,225.25030517578125,-175.3913116455078,-80.56800842285156,223.20744545242374,-174.6547670674225,-80.56825710546532,2.1715832534503976,0.33161542818918277,0.0709957146360484,3.5708735172640664e-05,19.120706017184503,34.26324178696534,nan,0.0409315771362461,nan
599.63,225.242431640625,-175.3828887939453,-80.5688705444336,223.19910171649812,-174.64605384277257,-80.5691589670445,2.172124077323783,0.3316691145890343,0.07101241881879344,3.641730877984029e-05,19.08824829964172,34.2041086667668,nan,nan,nan
599.64,225.23455810546875,-175.3744659423828,-80.56971740722656,223.19074591205418,-174.63733603845282,-80.56984217134223,2.172677793135465,0.33172288633145325,0.07102918886376877,3.566829351126901e-05,19.053864218686826,34.09270144019402,nan,0.027787362547249787,nan
599.65,225.2266845703125,-175.3660430908203,-80.57054138183594,223.19650409797333,-174.62759157820653,-80.57066565965164,2.1603109503480837,0.3316510560542519,0.07102063597525518,3.635440685112505e-05,18.348747257652715,34.036805893882075,4.912341765224942,nan,nan
599.66,225.2187957763672,-175.3576202392578,-80.57135009765625,223.18815016505235,-174.618848297697,-80.57107590054852,2.160857620384504,0.3317045946294847,0.07103742615292821,3.560920026203395e-05,18.318292856594713,33.99904202638493,nan,0.13237424033343187,nan
599.67,225.21090698242188,-175.34918212890625,-80.5721435546875,223.1798020505295,-174.6101153197136,-80.57190726988766,2.161390073225615,0.33175822062695903,0.07105428379597278,3.631641937961067e-05,18.287112035903125,33.045376301477134,nan,nan,nan
599.6800000000001,225.20301818847656,-175.34075927734375,-80.57292938232422,223.17140745830056,-174.60135007951217,-80.57120852776794,2.1619831364154054,0.3318119320369593,0.07107120762460876,3.5573975726904126e-05,18.33761415436974,33.734456924897856,nan,1.5679308361563828,nan
599.69,225.1951141357422,-175.33233642578125,-80.57369232177734,223.16304728060385,-174.5926178036792,-80.57199527490094,2.1625175660799827,0.3318657310840925,0.07108819913941734,3.628103912971312e-05,18.302320406023,33.83879062735306,nan,nan,nan
599.7,225.1872100830078,-175.32391357421875,-80.5744400024414,223.16152190017016,-174.58794626732404,-80.57204918599648,2.1552415657900723,0.33179380989898394,0.07107968257439069,3.551996605665521e-05,18.363533337649102,33.50872368608597,1.1220739660725987,0.25856738370444804,nan
599.71,225.17929077148438,-175.31549072265625,-80.5751724243164,223.15316158488938,-174.57922352862695,-80.57279969900465,2.1557584492705333,0.33184737539743914,0.07109669333883102,3.622604766236779e-05,18.326603247083312,33.5223576988217,nan,nan,nan
599.72,225.17137145996094,-175.30706787109375,-80.57588958740234,223.14478831609776,-174.57030311795302,-80.57238077503054,2.156356615271497,0.33188159658052696,0.06985085027559321,3.548763721953445e-05,20.89066020294139,36.02714957591416,nan,0.9173038403387542,2.4364971613524556e-05
599.73,225.1634521484375,-175.29864501953125,-80.57659149169922,223.1364163242075,-174.5615807246552,-80.5730929584902,2.1568843842977783,0.3319351048468073,0.06986377964963492,3.619362157384944e-05,20.837834037552863,35.96168527802704,nan,nan,nan
599.74,225.155517578125,-175.29022216796875,-80.57727813720703,223.1280048909642,-174.55274753521343,-80.57198990094201,2.1574764184107265,0.3319886979117561,0.06987676379691456,3.5459539284702134e-05,21.243967122196445,36.424556593354225,nan,2.2328929912996576,nan
599.75,225.1475830078125,-175.28179931640625,-80.57795715332031,223.1024115620177,-174.54606847475557,-80.57258967321991,2.173489112899594,0.3319173575694557,0.06986668214997713,3.6143463249290954e-05,22.398836849372994,36.16619418926212,14.878312047277085,nan,nan
599.76,225.1396484375,-175.27337646484375,-80.57862091064453,223.09397033752103,-174.53728480865573,-80.57158689844381,2.1740927515565756,0.3319707205763707,0.06987969684518391,3.541242013042567e-05,22.956113980652006,36.73916165747178,nan,1.8925912125742932,nan
599.77,225.13169860839844,-175.2649688720703,-80.57926940917969,223.08555352729502,-174.52860080311277,-80.5722122360635,2.1746258136967773,0.332024169145442,0.0698927771728899,3.611755064026083e-05,22.893147349364426,37.57679866779629,nan,nan,nan
599.78,225.12374877929688,-175.2565460205078,-80.57991027832031,223.07716747529753,-174.5200286751681,-80.57472948573364,2.1750815328345143,0.3320777025229349,0.06990591308656993,3.538854713080914e-05,22.229828365743376,35.99286883059817,nan,2.5026473191093164,nan
599.79,225.1158905029297,-175.2481231689453,-80.58052825927734,223.06878899639418,-174.51134560581383,-80.57534959110089,2.1756591125904836,0.3321313217100225,0.0699191146490456,3.60937468774579e-05,22.17464979217105,36.11718272422127,nan,nan,nan
599.8000000000001,225.10813903808594,-175.2397003173828,-80.58113861083984,223.05073596442477,-174.4956568065892,-80.5756734167412,2.187815810759902,0.33205989380663536,0.06990914607708379,3.534551583797013e-05,22.128120407286637,36.809891884249176,2.663984870731017,0.06513777805449525,nan
599.8100000000001,225.1003875732422,-175.2312774658203,-80.58184814453125,223.04249232854318,-174.48695368200717,-80.57632025986815,2.1883741203947666,0.33211328258782846,0.06992237749855797,3.604994605053053e-05,22.08921572602307,36.60980099709394,nan,nan,nan
599.82,225.09262084960938,-175.2228546142578,-80.5826416015625,223.03425956932418,-174.47831671553715,-80.57825172291481,2.188882617648384,0.33216675617674696,0.06993566527246571,3.5325500700120055e-05,21.745326402769873,36.46993337466228,nan,0.9850969452530919,nan
599.83,225.0848388671875,-175.2144317626953,-80.58352661132812,223.0260000658112,-174.46961384785513,-80.57909375832959,2.189426999583505,0.33222031543658886,0.06994901841334975,3.603007266352051e-05,21.70321900813637,36.42569244701759,nan,nan,nan
599.84,225.07705688476562,-175.20602416992188,-80.5844955444336,223.0177650774764,-174.46102697981718,-80.58217150472947,2.1899107200963503,0.33227395982683494,0.06996242843881112,3.530729435089811e-05,21.26799655464855,36.91724862406594,nan,3.1934216964517455,nan
599.85,225.06927490234375,-175.19760131835938,-80.58555603027344,223.01513819150244,-174.45598744548943,-80.58311452124467,2.183912709845665,0.3322024454269123,0.06995257820423127,3.599006242499956e-05,21.305862511818695,35.614315402323975,1.1055339094219285,nan,nan
599.86,225.0614776611328,-175.18917846679688,-80.58670043945312,223.00684938328854,-174.44723433786766,-80.58308002428299,2.1844888550816335,0.33225585912844313,0.06996601790754839,3.526969544090708e-05,21.47086971170548,35.898832944669365,nan,0.9397693832222233,nan
599.87,225.05368041992188,-175.18075561523438,-80.58793640136719,222.99857001163394,-174.43854237015793,-80.58428376321491,2.185033783076536,0.332309358370338,0.06997952273306164,3.59737619016092e-05,21.429714297387203,35.67082920718749,nan,nan,nan
599.88,225.04586791992188,-175.17233276367188,-80.58924865722656,222.99028101655372,-174.42984137487508,-80.58538904759571,2.1855767834424307,0.33236294272798,0.06999308514581103,3.525484337264404e-05,21.44070929590691,35.958246068937164,nan,0.023679212576044543,nan
599.89,225.03805541992188,-175.16392517089844,-80.59065246582031,222.9819875409205,-174.4211500557457,-80.58676194616123,2.1861255981518073,0.3324166128856402,0.07000671274645176,3.595913384985869e-05,21.397597854806776,36.470467430128004,nan,nan,nan
599.9,225.0302276611328,-175.15550231933594,-80.59213256835938,222.97461180251884,-174.4091729337004,-80.58772332365,2.1869118755650154,0.332345011632175,0.06999696845577526,3.522046704460889e-05,21.161638621583798,36.29539670847099,1.9984484871313508,0.171681481408938,nan
599.91,225.02239990234375,-175.14707946777344,-80.59369659423828,222.96630400396836,-174.40046455516054,-80.58925850120856,2.187460597981551,0.33239845076680963,0.07001062504609527,3.592413191712246e-05,21.118169467572763,36.16284305988389,nan,nan,nan
599.92,225.0145721435547,-175.138671875,-80.5953369140625,222.9579999831578,-174.39179718476248,-80.59172046665645,2.187995414192802,0.3324519749942979,0.07002433988444975,3.520865063953604e-05,20.900755112788882,36.886418565619834,nan,0.49761334175404565,nan
599.9300000000001,225.00672912597656,-175.1302490234375,-80.59706115722656,222.9496787709433,-174.38308966781787,-80.59342745252937,2.188542087701812,0.3325055849025042,0.07003811971954409,3.591258926414074e-05,20.85754782070128,35.931247078433806,nan,nan,nan
599.94,224.99888610839844,-175.121826171875,-80.59886932373047,222.94134675881128,-174.37436532349594,-80.59484816753006,2.189105311458608,0.3325592802158382,0.0700519582884302,3.519825368610794e-05,20.910425152355604,35.799538761864596,nan,0.09370930393562128,nan
599.95,224.99102783203125,-175.11341857910156,-80.60074615478516,222.9356809823836,-174.36823347561196,-80.59665149001827,2.186268116471293,0.33248759288032853,0.07004232270479649,3.58805417764282e-05,20.995852173511143,36.74795414081283,0.5990300312336121,nan,nan
599.96,224.983154296875,-175.10499572753906,-80.60270690917969,222.92736110048983,-174.35959823383513,-80.59998107829938,2.1867579930293237,0.332541056882266,0.0700561899832196,3.5168110942365015e-05,20.700434042276864,35.43313971935633,nan,1.3504076666397755,nan
599.97,224.9752960205078,-175.09657287597656,-80.6047134399414,222.91901944670366,-174.35090081258696,-80.60199880620091,2.187306001302015,0.3325946064516764,0.07007012209980554,3.587177746668479e-05,20.65649279799485,35.41586595162614,nan,nan,nan
599.98,224.96742248535156,-175.08816528320312,-80.60671997070312,222.91065766091137,-174.3421458219631,-80.60271615538883,2.18788541979246,0.33264824139247295,0.07008411355385481,3.516031760136855e-05,20.867176629946464,36.606938925261325,nan,1.2341866679474125,nan
599.99,224.95953369140625,-175.07974243164062,-80.60871887207031,222.9023038452384,-174.333449310244,-80.60474303167402,2.1884158357849985,0.3327019621697713,0.07009816995586432,3.586431025682445e-05,20.813276543053792,35.43715103083824,nan,nan,nan
600.0,224.95166015625,-175.0713348388672,-80.61067962646484,222.91543081973276,-174.32141419415166,-80.6075428346674,2.169935649674148,0.33263018864698024,0.07008863268846864,3.513265818497006e-05,19.267293329819577,36.54110851345262,21.592865208790343,0.40601198781815645,nan
